Date,Country/Region,Province/State,Admin2,Confirmed,Deaths,Recovered,Latitude,Longitude,FIPS,Incidence_Rate,Case-Fatality_Ratio,Active Cases,Previous Confirmed,Previous Deaths,Previous Recovered,Previous Active,Prev2 Confirmed,Population,Daily Confirmed,Daily Deaths,Daily Recovered,Daily Active,Previous Daily Confirmed
2020-07-21,US,Alabama,Autauga,845,20,0,32.53952745,-86.64408227,1001.0,1512.466663086864,2.366863905325444,825,838,20,0,818,823,55601,7,0,0,7,15
2020-07-21,US,Alabama,Baldwin,2077,15,0,30.72774991,-87.72207058,1003.0,930.4138258509007,0.7221954742416947,2062,1990,14,0,1976,1914,218022,87,1,0,86,76
2020-07-21,US,Alabama,Barbour,484,4,0,31.868263,-85.3871286,1005.0,1960.625455723892,0.8264462809917356,480,479,4,0,475,472,24881,5,0,0,5,7
2020-07-21,US,Alabama,Bibb,278,2,0,32.99642064,-87.12511459999996,1007.0,1241.4039474859335,0.7194244604316546,276,274,2,0,272,265,22400,4,0,0,4,9
2020-07-21,US,Alabama,Blount,479,1,0,33.98210918,-86.56790593,1009.0,828.3471102964064,0.20876826722338204,478,465,1,0,464,441,57840,14,0,0,14,24
2020-07-21,US,Alabama,Bullock,396,10,0,32.10030533,-85.71265535,1011.0,3920.4039204039204,2.525252525252525,386,395,10,0,385,393,10138,1,0,0,1,2
2020-07-21,US,Alabama,Butler,688,33,0,31.75300095,-86.68057478,1013.0,3537.638831756479,4.796511627906976,655,682,32,0,650,679,19680,6,1,0,5,3
2020-07-21,US,Alabama,Calhoun,849,6,0,33.77483727,-85.82630386,1015.0,747.3262620483254,0.7067137809187279,843,814,6,0,808,768,114277,35,0,0,35,46
2020-07-21,US,Alabama,Chambers,743,33,0,32.91360079,-85.39072749,1017.0,2234.3176760690444,4.441453566621804,710,739,33,0,706,734,33615,4,0,0,4,5
2020-07-21,US,Alabama,Cherokee,172,7,0,34.17805983,-85.60638968,1019.0,656.5887921820125,4.069767441860465,165,172,7,0,165,166,26032,0,0,0,0,6
2020-07-21,US,Alabama,Chilton,491,3,0,32.85044126,-86.7173256,1021.0,1105.1589087962545,0.6109979633401222,488,477,3,0,474,463,44153,14,0,0,14,14
2020-07-21,US,Alabama,Choctaw,238,12,0,32.02227341,-88.26564429999998,1023.0,1890.5393597585198,5.042016806722689,226,238,12,0,226,237,12841,0,0,0,0,1
2020-07-21,US,Alabama,Clarke,398,7,0,31.68099859,-87.83548597,1025.0,1684.8700364067395,1.7587939698492463,391,387,7,0,380,383,23920,11,0,0,11,4
2020-07-21,US,Alabama,Clay,132,2,0,33.26984193,-85.85836077,1027.0,997.3554967888176,1.5151515151515151,130,124,2,0,122,117,13275,8,0,0,8,7
2020-07-21,US,Alabama,Cleburne,80,1,0,33.67679204,-85.52005899,1029.0,536.5526492287056,1.25,79,80,1,0,79,79,14987,0,0,0,0,1
2020-07-21,US,Alabama,Coffee,554,4,0,31.39932826,-85.98901039,1031.0,1058.423445798785,0.7220216606498195,550,546,4,0,542,531,51909,8,0,0,8,15
2020-07-21,US,Alabama,Colbert,785,9,0,34.69847452,-87.80168544,1033.0,1421.0459622381927,1.1464968152866242,776,757,9,0,748,728,54762,28,0,0,28,29
2020-07-21,US,Alabama,Conecuh,297,9,0,31.43401703,-86.99320044,1035.0,2461.2579762989967,3.0303030303030303,288,290,9,0,281,284,12277,7,0,0,7,6
2020-07-21,US,Alabama,Coosa,73,1,0,32.93690146,-86.24847739,1037.0,684.6103348025882,1.3698630136986298,72,73,1,0,72,71,10715,0,0,0,0,2
2020-07-21,US,Alabama,Covington,569,16,0,31.247785399999998,-86.45050893,1039.0,1535.8039353288889,2.81195079086116,553,553,16,0,537,535,36986,16,0,0,16,18
2020-07-21,US,Alabama,Crenshaw,200,3,0,31.72941803,-86.31593104,1041.0,1452.2218995062449,1.5,197,172,3,0,169,156,13824,28,0,0,28,16
2020-07-21,US,Alabama,Cullman,839,7,0,34.13020303,-86.86888037,1043.0,1001.5757807277244,0.834326579261025,832,826,7,0,819,808,83442,13,0,0,13,18
2020-07-21,US,Alabama,Dale,557,4,0,31.43037123,-85.61095742,1045.0,1132.7584804360206,0.7181328545780971,553,538,4,0,534,512,48956,19,0,0,19,26
2020-07-21,US,Alabama,Dallas,1150,13,0,32.32688101,-87.10866709999998,1047.0,3091.730293579955,1.1304347826086956,1137,1141,13,0,1128,1117,38310,9,0,0,9,24
2020-07-21,US,Alabama,DeKalb,1342,8,0,34.45946862,-85.80782906,1049.0,1876.581880217583,0.5961251862891207,1334,1325,7,0,1318,1292,71385,17,1,0,16,33
2020-07-21,US,Alabama,Elmore,1290,27,0,32.59785413,-86.14415284,1051.0,1588.4938861456244,2.0930232558139537,1263,1268,27,0,1241,1245,81887,22,0,0,22,23
2020-07-21,US,Alabama,Escambia,676,13,0,31.1256789,-87.15918694,1053.0,1845.3307127453388,1.9230769230769231,663,640,12,0,628,613,36748,36,1,0,35,27
2020-07-21,US,Alabama,Etowah,1422,15,0,34.04567266,-86.04051873,1055.0,1390.464270348496,1.0548523206751057,1407,1356,15,0,1341,1307,102501,66,0,0,66,49
2020-07-21,US,Alabama,Fayette,122,5,0,33.72076938,-87.73886638,1057.0,748.3744325849588,4.0983606557377055,117,121,5,0,116,119,16433,1,0,0,1,2
2020-07-21,US,Alabama,Franklin,1038,16,0,34.44235334,-87.84289505,1059.0,3309.7378993686625,1.5414258188824663,1022,1027,16,0,1011,1020,31363,11,0,0,11,7
2020-07-21,US,Alabama,Geneva,150,0,0,31.09389027,-85.83572839,1061.0,570.9717939933768,0.0,150,146,0,0,146,143,26314,4,0,0,4,3
2020-07-21,US,Alabama,Greene,224,9,0,32.85504247,-87.95684022,1063.0,2761.681666872149,4.017857142857143,215,220,9,0,211,220,8233,4,0,0,4,0
2020-07-21,US,Alabama,Hale,402,22,0,32.76039258,-87.63284988,1065.0,2743.8400109207564,5.472636815920398,380,401,23,0,378,397,14726,1,-1,0,2,4
2020-07-21,US,Alabama,Henry,194,3,0,31.51148016,-85.24267944,1067.0,1127.579192095321,1.5463917525773196,191,192,3,0,189,189,17209,2,0,0,2,3
2020-07-21,US,Alabama,Houston,925,8,0,31.15197924,-85.29939599,1069.0,873.6140231578551,0.8648648648648649,917,892,8,0,884,834,104722,33,0,0,33,58
2020-07-21,US,Alabama,Jackson,582,3,0,34.78144169,-85.99750489,1071.0,1127.3389377445474,0.5154639175257731,579,576,3,0,573,561,51736,6,0,0,6,15
2020-07-21,US,Alabama,Jefferson,9088,188,0,33.55554728,-86.89506300000002,1073.0,1379.9533233217887,2.068661971830986,8900,8901,185,0,8716,8640,659300,187,3,0,184,261
2020-07-21,US,Alabama,Lamar,140,1,0,33.77995024,-88.09668032,1075.0,1014.1253169141617,0.7142857142857143,139,134,1,0,133,129,13844,6,0,0,6,5
2020-07-21,US,Alabama,Lauderdale,798,8,0,34.90171875,-87.65624729,1077.0,860.5722050275534,1.0025062656641603,790,773,8,0,765,748,92387,25,0,0,25,25
2020-07-21,US,Alabama,Lawrence,205,0,0,34.52041498,-87.31069453,1079.0,622.6460940347467,0.0,205,185,0,0,185,184,32957,20,0,0,20,1
2020-07-21,US,Alabama,Lee,2088,38,0,32.60154883,-85.35132246,1081.0,1268.9769177474445,1.8199233716475096,2050,2043,38,0,2005,1993,163941,45,0,0,45,50
2020-07-21,US,Alabama,Limestone,904,6,0,34.81185586,-86.98310072,1083.0,913.9159884749533,0.6637168141592921,898,879,5,0,874,844,96174,25,1,0,24,35
2020-07-21,US,Alabama,Lowndes,521,24,0,32.1597283,-86.65158371,1085.0,5356.775652889163,4.606525911708253,497,515,23,0,492,512,9974,6,1,0,5,3
2020-07-21,US,Alabama,Macon,264,10,0,32.38759944,-85.69267724,1087.0,1461.1467788355105,3.787878787878788,254,261,10,0,251,254,18439,3,0,0,3,7
2020-07-21,US,Alabama,Madison,3658,14,0,34.76327133,-86.55069633,1089.0,980.9363678538195,0.3827227993439038,3644,3588,14,0,3574,3462,366519,70,0,0,70,126
2020-07-21,US,Alabama,Marengo,433,11,0,32.24767634,-87.78796182,1091.0,2295.499125271696,2.540415704387991,422,428,11,0,417,419,19066,5,0,0,5,9
2020-07-21,US,Alabama,Marion,436,17,0,34.13697363,-87.88704173,1093.0,1467.5687502103742,3.8990825688073394,419,430,16,0,414,418,29763,6,1,0,5,12
2020-07-21,US,Alabama,Marshall,2426,20,0,34.36975964,-86.30486727,1095.0,2506.871680410028,0.8244023083264633,2406,2400,19,0,2381,2335,96109,26,1,0,25,65
2020-07-21,US,Alabama,Mobile,6279,161,0,30.78472347,-88.20842409,1097.0,1519.5663222090466,2.5641025641025643,6118,6150,161,0,5989,6017,413757,129,0,0,129,133
2020-07-21,US,Alabama,Monroe,323,3,0,31.56729412,-87.36995001,1099.0,1557.9028601746008,0.9287925696594428,320,318,3,0,315,312,21067,5,0,0,5,6
2020-07-21,US,Alabama,Montgomery,5244,125,0,32.2206831,-86.20969272,1101.0,2315.374901759932,2.383676582761251,5119,5178,124,0,5054,5057,225763,66,1,0,65,121
2020-07-21,US,Alabama,Morgan,1744,10,0,34.45500589,-86.85475946,1103.0,1457.2314274016328,0.5733944954128439,1734,1722,10,0,1712,1664,119089,22,0,0,22,58
2020-07-21,US,Alabama,Perry,339,3,0,32.64048341,-87.29770589,1105.0,3799.1706825058836,0.8849557522123894,336,335,3,0,332,320,9140,4,0,0,4,15
2020-07-21,US,Alabama,Pickens,310,7,0,33.28094866,-88.08818103,1107.0,1555.4440541896638,2.2580645161290325,303,308,7,0,301,302,19938,2,0,0,2,6
2020-07-21,US,Alabama,Pike,552,6,0,31.80396383,-85.9408295,1109.0,1666.9686537416198,1.0869565217391304,546,546,6,0,540,537,33338,6,0,0,6,9
2020-07-21,US,Alabama,Randolph,337,10,0,33.29526734,-85.45708831,1111.0,1483.1440894287475,2.967359050445104,327,328,10,0,318,317,22725,9,0,0,9,11
2020-07-21,US,Alabama,Russell,950,0,0,32.28725256,-85.18415324,1113.0,1639.033142975449,0.0,950,936,0,0,936,909,57781,14,0,0,14,27
2020-07-21,US,Alabama,Shelby,2339,27,0,33.26879845,-86.66232561,1117.0,1074.4044611441327,1.1543394613082514,2312,2287,27,0,2260,2208,215707,52,0,0,52,79
2020-07-21,US,Alabama,St. Clair,857,4,0,33.71902176,-86.31029372,1115.0,957.413531146662,0.4667444574095682,853,828,4,0,824,790,88690,29,0,0,29,38
2020-07-21,US,Alabama,Sumter,325,13,0,32.59117397,-88.19916205,1119.0,2615.273195461495,4.0,312,323,13,0,310,317,12691,2,0,0,2,6
2020-07-21,US,Alabama,Talladega,616,8,0,33.37823223,-86.16886178,1121.0,770.2118082472681,1.2987012987012987,608,602,8,0,594,580,79828,14,0,0,14,22
2020-07-21,US,Alabama,Tallapoosa,717,72,0,32.86698258,-85.79833053,1123.0,1776.2033344068177,10.0418410041841,645,707,72,0,635,696,40497,10,0,0,10,11
2020-07-21,US,Alabama,Tuscaloosa,3248,55,0,33.28726072,-87.52556818,1125.0,1551.4317785579512,1.6933497536945812,3193,3215,55,0,3160,3152,208911,33,0,0,33,63
2020-07-21,US,Alabama,Unassigned,1283,35,0,0.0,0.0,90001.0,0.0,2.7279812938425567,1248,1180,34,0,1146,1146,,103,1,0,102,34
2020-07-21,US,Alabama,Walker,1258,50,0,33.80270512,-87.30027177,1127.0,1980.4474110923943,3.97456279809221,1208,1257,50,0,1207,1237,63711,1,0,0,1,20
2020-07-21,US,Alabama,Washington,225,9,0,31.4092794,-88.20689944,1129.0,1378.1697905181918,4.0,216,219,9,0,210,208,16378,6,0,0,6,11
2020-07-21,US,Alabama,Wilcox,358,9,0,31.98773215,-87.30891118,1131.0,3451.26771425817,2.5139664804469275,349,351,9,0,342,345,10627,7,0,0,7,6
2020-07-21,US,Alabama,Winston,352,8,0,34.15030532,-87.37325922,1133.0,1489.6948664776335,2.272727272727273,344,350,8,0,342,343,23660,2,0,0,2,7
2020-07-21,US,Alaska,Aleutians East,1,0,0,55.32222414,-161.9722021,2013.0,29.96703626011388,0.0,1,,,,,,3515,,,,,
2020-07-21,US,Alaska,Aleutians West,1,0,0,52.3233,-174.1596,2016.0,17.749378771742986,0.0,1,1,0,0,1,1,5723,0,0,0,0,0
2020-07-21,US,Alaska,Anchorage,1027,9,0,61.14998174,-149.14269860000005,2020.0,356.59722222222223,0.8763388510223953,1018,962,9,0,953,910,291538,65,0,0,65,52
2020-07-21,US,Alaska,Bethel,17,0,0,60.90980451,-159.8561831,2050.0,92.46165560752745,0.0,17,16,0,0,16,16,18216,1,0,0,1,0
2020-07-21,US,Alaska,Bristol Bay,6,0,0,58.74513976,-156.701064,2060.0,717.7033492822967,0.0,6,6,0,0,6,5,877,0,0,0,0,1
2020-07-21,US,Alaska,Denali,1,0,0,63.67264044,-150.0076108,2068.0,47.687172150691474,0.0,1,1,0,0,1,,2059,0,0,0,0,
2020-07-21,US,Alaska,Dillingham,1,0,0,59.79603738,-158.23819419999995,2070.0,20.34174125305126,0.0,1,1,0,0,1,1,5000,0,0,0,0,0
2020-07-21,US,Alaska,Fairbanks North Star,321,2,0,64.80726247,-146.5692662,2090.0,331.44379394727883,0.6230529595015576,319,316,2,0,314,308,98971,5,0,0,5,8
2020-07-21,US,Alaska,Haines,3,0,0,59.09893571,-135.4679843,2100.0,118.57707509881423,0.0,3,3,0,0,3,3,2474,0,0,0,0,0
2020-07-21,US,Alaska,Juneau,64,2,0,58.45031811,-134.200436,2110.0,200.16263213861262,3.125,62,63,2,0,61,62,32113,1,0,0,1,1
2020-07-21,US,Alaska,Kenai Peninsula,252,2,0,60.24429722,-151.53888840000005,2122.0,429.24303331743545,0.7936507936507936,250,245,2,0,243,240,58533,7,0,0,7,5
2020-07-21,US,Alaska,Ketchikan Gateway,25,0,0,55.57445008,-130.975561,2130.0,179.84317674987412,0.0,25,25,0,0,25,25,13918,0,0,0,0,0
2020-07-21,US,Alaska,Kodiak Island,5,0,0,57.65529415,-153.7493579,2150.0,38.46745653177412,0.0,5,5,0,0,5,5,13345,0,0,0,0,0
2020-07-21,US,Alaska,Kusilvak,3,0,0,62.15429159999999,-163.39678830000003,2158.0,36.0837142169834,0.0,3,3,0,0,3,3,8303,0,0,0,0,0
2020-07-21,US,Alaska,Matanuska-Susitna,197,2,0,62.31305045,-149.5741743,2170.0,181.87357478512143,1.0152284263959392,195,190,2,0,188,183,107610,7,0,0,7,7
2020-07-21,US,Alaska,Nome,16,0,0,64.90320724,-164.0353804,2180.0,159.93602558976409,0.0,16,16,0,0,16,16,10008,0,0,0,0,0
2020-07-21,US,Alaska,North Slope,7,0,0,69.31479216,-153.4836093,2185.0,71.19609438567943,0.0,7,6,0,0,6,6,9872,1,0,0,1,0
2020-07-21,US,Alaska,Northwest Arctic,9,0,0,67.04919196,-159.7503946,2188.0,118.09473822333028,0.0,9,8,0,0,8,8,7671,1,0,0,1,0
2020-07-21,US,Alaska,Petersburg,6,1,0,57.13978948,-132.9540995,2195.0,183.71096142069808,16.666666666666668,5,6,1,0,5,6,3221,0,0,0,0,0
2020-07-21,US,Alaska,Prince of Wales-Hyder,2,0,0,55.76261984,-133.0511621,2198.0,32.24246332419797,0.0,2,2,0,0,2,2,6422,0,0,0,0,0
2020-07-21,US,Alaska,Sitka,16,0,0,57.24124555,-135.3206587,2220.0,188.39043918521136,0.0,16,15,0,0,15,15,8647,1,0,0,1,0
2020-07-21,US,Alaska,Southeast Fairbanks,12,0,0,63.87692095,-143.2127643,2240.0,174.08965617292907,0.0,12,11,0,0,11,11,6918,1,0,0,1,0
2020-07-21,US,Alaska,Valdez-Cordova,18,0,0,61.47502768,-144.7126799,2261.0,195.6096500760704,0.0,18,17,0,0,17,17,9164,1,0,0,1,0
2020-07-21,US,Alaska,Wrangell,3,0,0,56.3202004,-132.05837309999998,2275.0,119.90407673860909,0.0,3,3,0,0,3,3,2503,0,0,0,0,0
2020-07-21,US,Alaska,Yukon-Koyukuk,29,0,0,65.50815459,-151.39073869999999,2290.0,554.4933078393882,0.0,29,29,0,0,29,29,5327,0,0,0,0,0
2020-07-21,US,Arizona,Apache,2779,115,0,35.39465006,-109.4892383,4001.0,3865.789363862729,4.138179201151494,2664,2740,110,0,2630,2741,71818,39,5,0,34,-1
2020-07-21,US,Arizona,Cochise,1287,30,0,31.87934684,-109.7516088,4003.0,1022.0612760280172,2.331002331002331,1257,1260,29,0,1231,1258,126770,27,1,0,26,2
2020-07-21,US,Arizona,Coconino,2745,107,0,35.83883429,-111.77071780000001,4005.0,1913.211965764309,3.8979963570127514,2638,2675,106,0,2569,2664,142854,70,1,0,69,11
2020-07-21,US,Arizona,Gila,596,19,0,33.80190085,-110.8132779,4007.0,1103.3359250620165,3.1879194630872485,577,573,16,0,557,570,53889,23,3,0,20,3
2020-07-21,US,Arizona,Graham,311,4,0,32.93166885,-109.8882178,4009.0,800.7827587094781,1.2861736334405145,307,298,4,0,294,292,38072,13,0,0,13,6
2020-07-21,US,Arizona,Greenlee,39,1,0,33.21498827,-109.2405279,4011.0,410.612760581175,2.5641025641025643,38,40,1,0,39,40,9483,-1,0,0,-1,0
2020-07-21,US,Arizona,La Paz,445,9,0,33.72854224,-113.98100290000001,4012.0,2108.205419746068,2.02247191011236,436,435,8,0,427,435,21098,10,1,0,9,0
2020-07-21,US,Arizona,Maricopa,98988,1556,0,33.34835867,-112.49181540000001,4013.0,2206.886588395185,1.571907705984564,97432,96711,1485,0,95226,95471,4410824,2277,71,0,2206,1240
2020-07-21,US,Arizona,Mohave,2403,123,0,35.70471703,-113.7577902,4015.0,1132.5236472634213,5.118601747815232,2280,2281,116,0,2165,2269,209550,122,7,0,115,12
2020-07-21,US,Arizona,Navajo,4877,162,0,35.3997715,-110.3218983,4017.0,4396.70404961956,3.321714168546237,4715,4817,157,0,4660,4801,110445,60,5,0,55,16
2020-07-21,US,Arizona,Pima,13848,391,0,32.0971334,-111.7890033,4019.0,1322.2837467379752,2.823512420566147,13457,13594,382,0,13212,13449,1039073,254,9,0,245,145
2020-07-21,US,Arizona,Pinal,6874,109,0,32.90525627,-111.3449483,4021.0,1485.3421321595804,1.5856851905731744,6765,6651,104,0,6547,6654,447138,223,5,0,218,-3
2020-07-21,US,Arizona,Santa Cruz,2374,42,0,31.52508998,-110.8479088,4023.0,5105.595939610306,1.7691659646166806,2332,2340,39,0,2301,2305,46511,34,3,0,31,35
2020-07-21,US,Arizona,Yavapai,1448,49,0,34.59933926,-112.5538588,4025.0,615.9107439844491,3.383977900552486,1399,1394,44,0,1350,1375,231993,54,5,0,49,19
2020-07-21,US,Arizona,Yuma,9669,201,0,32.76895712,-113.90666740000002,4027.0,4522.725890723011,2.0788085634502016,9468,9374,183,0,9191,9300,212128,295,18,0,277,74
2020-07-21,US,Arkansas,Arkansas,144,1,0,34.29145151,-91.37277296,5001.0,823.5159556216403,0.6944444444444444,143,134,1,0,133,113,17769,10,0,0,10,21
2020-07-21,US,Arkansas,Ashley,138,4,0,33.19153461,-91.7698471,5003.0,702.0399857557104,2.898550724637681,134,137,3,0,134,134,20046,1,1,0,0,3
2020-07-21,US,Arkansas,Baxter,46,0,0,36.28784385,-92.33782872,5005.0,109.70142134885052,0.0,46,44,0,0,44,44,41619,2,0,0,2,0
2020-07-21,US,Arkansas,Benton,3939,28,0,36.33644656,-94.25680817,5007.0,1411.114812943996,0.7108403148007109,3911,3887,27,0,3860,3832,272608,52,1,0,51,55
2020-07-21,US,Arkansas,Boone,81,1,0,36.3084504,-93.09374925,5009.0,216.39239153665315,1.2345679012345678,80,79,1,0,78,76,37480,2,0,0,2,3
2020-07-21,US,Arkansas,Bradley,103,2,0,33.46755808,-92.15980837,5011.0,956.9822540183962,1.9417475728155342,101,101,2,0,99,97,10897,2,0,0,2,4
2020-07-21,US,Arkansas,Calhoun,7,0,0,33.55598792,-92.49974403,5013.0,134.90075158990172,0.0,7,6,0,0,6,5,5277,1,0,0,1,1
2020-07-21,US,Arkansas,Carroll,291,6,0,36.34038560000001,-93.54270261,5015.0,1025.369978858351,2.061855670103093,285,286,6,0,280,270,28223,5,0,0,5,16
2020-07-21,US,Arkansas,Chicot,264,3,0,33.26458973,-91.29539209,5017.0,2609.211306582329,1.1363636363636365,261,260,3,0,257,257,10438,4,0,0,4,3
2020-07-21,US,Arkansas,Clark,105,0,0,34.04613432,-93.17484713,5019.0,470.4301075268817,0.0,105,103,0,0,103,97,22061,2,0,0,2,6
2020-07-21,US,Arkansas,Clay,92,3,0,36.36826212,-90.4148172,5021.0,632.2589512748265,3.260869565217391,89,90,3,0,87,89,14847,2,0,0,2,1
2020-07-21,US,Arkansas,Cleburne,159,5,0,35.53864922,-92.02640019,5023.0,638.0673381756892,3.1446540880503147,154,156,5,0,151,154,24965,3,0,0,3,2
2020-07-21,US,Arkansas,Cleveland,46,0,0,33.89723187,-92.18537045,5025.0,578.1799899446959,0.0,46,43,0,0,43,41,8018,3,0,0,3,2
2020-07-21,US,Arkansas,Columbia,141,5,0,33.21230701,-93.22642793,5027.0,601.0998848957668,3.5460992907801416,136,139,5,0,134,134,23537,2,0,0,2,5
2020-07-21,US,Arkansas,Conway,115,3,0,35.26205537,-92.70506566,5029.0,551.6645879305382,2.608695652173913,112,114,3,0,111,113,20891,1,0,0,1,1
2020-07-21,US,Arkansas,Craighead,795,8,0,35.83018283,-90.63235729,5031.0,720.552514229779,1.0062893081761006,787,739,8,0,731,710,108558,56,0,0,56,29
2020-07-21,US,Arkansas,Crawford,370,3,0,35.58928601,-94.2446814,5033.0,584.9155034225462,0.8108108108108109,367,360,3,0,357,353,63406,10,0,0,10,7
2020-07-21,US,Arkansas,Crittenden,972,15,0,35.21247318,-90.30839406,5035.0,2026.9002189552705,1.5432098765432098,957,957,15,0,942,944,48342,15,0,0,15,13
2020-07-21,US,Arkansas,Cross,121,1,0,35.29631396,-90.77185818,5037.0,736.9510932456302,0.8264462809917356,120,117,1,0,116,115,16676,4,0,0,4,2
2020-07-21,US,Arkansas,Dallas,21,0,0,33.97042763,-92.65167437,5039.0,299.6147809958625,0.0,21,21,0,0,21,20,7182,0,0,0,0,1
2020-07-21,US,Arkansas,Desha,116,1,0,33.83011025,-91.25500948,5041.0,1021.036880556289,0.8620689655172413,115,110,1,0,109,102,11512,6,0,0,6,8
2020-07-21,US,Arkansas,Drew,116,2,0,33.59035001,-91.71777921,5043.0,636.6979526867556,1.7241379310344829,114,116,2,0,114,113,18328,0,0,0,0,3
2020-07-21,US,Arkansas,Faulkner,940,4,0,35.14719007,-92.33717519,5045.0,745.9903021260724,0.425531914893617,936,926,4,0,922,905,124806,14,0,0,14,21
2020-07-21,US,Arkansas,Franklin,59,1,0,35.51202821,-93.89299569,5047.0,333.0510866497319,1.6949152542372878,58,44,1,0,43,41,17810,15,0,0,15,3
2020-07-21,US,Arkansas,Fulton,21,0,0,36.38177105,-91.81729127,5049.0,168.30968982928587,0.0,21,20,0,0,20,20,12269,1,0,0,1,0
2020-07-21,US,Arkansas,Garland,519,5,0,34.57692074,-93.14921604,5051.0,522.2063469703984,0.9633911368015414,514,499,5,0,494,473,99154,20,0,0,20,26
2020-07-21,US,Arkansas,Grant,90,0,0,34.29017991,-92.42320562,5053.0,492.74568847522585,0.0,90,83,0,0,83,79,18188,7,0,0,7,4
2020-07-21,US,Arkansas,Greene,185,0,0,36.11735460000001,-90.55832668,5055.0,408.1632653061225,0.0,185,175,0,0,175,171,45325,10,0,0,10,4
2020-07-21,US,Arkansas,Hempstead,134,2,0,33.73325583,-93.66935133,5057.0,622.32955600966,1.492537313432836,132,131,1,0,130,122,21741,3,1,0,2,9
2020-07-21,US,Arkansas,Hot Spring,1362,2,0,34.31709259,-92.95396325,5059.0,4033.046104645997,0.14684287812041116,1360,1354,2,0,1352,1349,33701,8,0,0,8,5
2020-07-21,US,Arkansas,Howard,196,1,0,34.09007427,-93.9934871,5061.0,1484.6235418875929,0.5102040816326531,195,178,1,0,177,169,13341,18,0,0,18,9
2020-07-21,US,Arkansas,Independence,125,0,0,35.74242707,-91.57001641,5063.0,330.4692663582287,0.0,125,114,0,0,114,110,37678,11,0,0,11,4
2020-07-21,US,Arkansas,Izard,29,1,0,36.09604046,-91.90847954,5065.0,212.7815687137721,3.4482758620689653,28,28,1,0,27,28,13593,1,0,0,1,0
2020-07-21,US,Arkansas,Jackson,47,0,0,35.59802983,-91.21494602,5067.0,281.1172917040493,0.0,47,48,0,0,48,46,16811,-1,0,0,-1,2
2020-07-21,US,Arkansas,Jefferson,1063,32,0,34.26767081,-91.92619839,5069.0,1590.7458398180295,3.0103480714957667,1031,1029,30,0,999,1023,68114,34,2,0,32,6
2020-07-21,US,Arkansas,Johnson,506,0,0,35.56759135,-93.46036368,5071.0,1903.830235533148,0.0,506,500,0,0,500,485,26742,6,0,0,6,15
2020-07-21,US,Arkansas,Lafayette,38,2,0,33.24116713,-93.60677071,5073.0,573.671497584541,5.2631578947368425,36,38,2,0,36,37,6682,0,0,0,0,1
2020-07-21,US,Arkansas,Lawrence,144,9,0,36.04188196,-91.10867198,5075.0,877.7276606119713,6.25,135,142,9,0,133,135,16434,2,0,0,2,7
2020-07-21,US,Arkansas,Lee,866,6,0,34.78498904,-90.78383866,5077.0,9777.57705769448,0.6928406466512702,860,865,5,0,860,861,8985,1,1,0,0,4
2020-07-21,US,Arkansas,Lincoln,1132,11,0,33.95317155,-91.74002806,5079.0,8691.646191646192,0.9717314487632508,1121,1121,11,0,1110,1119,13383,11,0,0,11,2
2020-07-21,US,Arkansas,Little River,67,1,0,33.70375665,-94.23468591,5081.0,546.5372379476303,1.492537313432836,66,65,1,0,64,63,12326,2,0,0,2,2
2020-07-21,US,Arkansas,Logan,112,0,0,35.21413234,-93.71951016,5083.0,521.7553340165844,0.0,112,110,0,0,110,103,21737,2,0,0,2,7
2020-07-21,US,Arkansas,Lonoke,266,2,0,34.75392199,-91.88742357,5085.0,362.8476721821332,0.7518796992481203,264,261,2,0,259,257,73657,5,0,0,5,4
2020-07-21,US,Arkansas,Madison,236,1,0,36.01038185,-93.72524943,5087.0,1423.7451737451736,0.42372881355932196,235,231,1,0,230,229,16481,5,0,0,5,2
2020-07-21,US,Arkansas,Marion,16,0,0,36.26844485,-92.68451899,5089.0,95.8428177788427,0.0,16,15,0,0,15,15,16722,1,0,0,1,0
2020-07-21,US,Arkansas,Miller,363,2,0,33.31403423,-93.89285258,5091.0,839.1705388723213,0.5509641873278237,361,360,2,0,358,336,43592,3,0,0,3,24
2020-07-21,US,Arkansas,Mississippi,475,7,0,35.76271485,-90.05194370000002,5093.0,1168.4829401490738,1.4736842105263157,468,450,6,0,444,421,41239,25,1,0,24,29
2020-07-21,US,Arkansas,Monroe,35,0,0,34.6815935,-91.20540287,5095.0,522.310102969706,0.0,35,35,0,0,35,33,6900,0,0,0,0,2
2020-07-21,US,Arkansas,Montgomery,15,0,0,34.53704874,-93.65824478,5097.0,166.92632984642773,0.0,15,15,0,0,15,14,8924,0,0,0,0,1
2020-07-21,US,Arkansas,Nevada,117,7,0,33.66340119,-93.30632432,5099.0,1417.8380998545804,5.982905982905983,110,117,6,0,111,117,8326,0,1,0,-1,0
2020-07-21,US,Arkansas,Newton,17,0,0,35.91947491,-93.21612969,5101.0,219.2699600154779,0.0,17,17,0,0,17,16,7805,0,0,0,0,1
2020-07-21,US,Arkansas,Ouachita,55,1,0,33.58839816,-92.87795984,5103.0,235.22367633222137,1.818181818181818,54,52,1,0,51,49,23606,3,0,0,3,3
2020-07-21,US,Arkansas,Perry,39,0,0,34.9459153,-92.94372564,5105.0,373.02725968436147,0.0,39,39,0,0,39,40,10352,0,0,0,0,-1
2020-07-21,US,Arkansas,Phillips,217,6,0,34.43268455,-90.84800154,5107.0,1220.3351703970309,2.7649769585253456,211,214,6,0,208,208,18029,3,0,0,3,6
2020-07-21,US,Arkansas,Pike,39,0,0,34.16250414,-93.65789349,5109.0,363.8738570628849,0.0,39,35,0,0,35,32,10673,4,0,0,4,3
2020-07-21,US,Arkansas,Poinsett,102,3,0,35.57433534,-90.66268713,5111.0,433.5260115606936,2.9411764705882355,99,96,3,0,93,92,23974,6,0,0,6,4
2020-07-21,US,Arkansas,Polk,106,0,0,34.48254879,-94.22728802,5113.0,530.9557202965336,0.0,106,104,0,0,104,103,20049,2,0,0,2,1
2020-07-21,US,Arkansas,Pope,913,5,0,35.44871474,-93.03212219,5115.0,1424.9594206517663,0.547645125958379,908,875,4,0,871,849,64000,38,1,0,37,26
2020-07-21,US,Arkansas,Prairie,52,0,0,34.83624419,-91.55162157,5117.0,645.0012403870007,0.0,52,49,0,0,49,45,8074,3,0,0,3,4
2020-07-21,US,Arkansas,Pulaski,3843,69,0,34.77054088,-92.31355101,5119.0,980.5797744896164,1.795472287275566,3774,3717,69,0,3648,3652,392680,126,0,0,126,65
2020-07-21,US,Arkansas,Randolph,106,2,0,36.3415714,-91.02455531,5121.0,590.2661766343691,1.8867924528301887,104,98,2,0,96,97,17948,8,0,0,8,1
2020-07-21,US,Arkansas,Saline,625,3,0,34.64916145,-92.67583224,5125.0,510.4666073164158,0.48,622,594,3,0,591,584,121421,31,0,0,31,10
2020-07-21,US,Arkansas,Scott,21,0,0,34.85588887,-94.0632176,5127.0,204.2602859644004,0.0,21,21,0,0,21,20,10319,0,0,0,0,1
2020-07-21,US,Arkansas,Searcy,20,0,0,35.9109364,-92.69936482,5129.0,253.7749016622256,0.0,20,20,0,0,20,19,7958,0,0,0,0,1
2020-07-21,US,Arkansas,Sebastian,1197,10,0,35.19605503,-94.27162713,5131.0,936.4218827008375,0.835421888053467,1187,1166,9,0,1157,1144,127753,31,1,0,30,22
2020-07-21,US,Arkansas,Sevier,869,9,0,33.99780401,-94.2424869,5133.0,5109.660727935556,1.0356731875719218,860,861,9,0,852,857,17139,8,0,0,8,4
2020-07-21,US,Arkansas,Sharp,81,5,0,36.16258158,-91.47819342,5135.0,464.39628482972137,6.172839506172839,76,81,5,0,76,80,17366,0,0,0,0,1
2020-07-21,US,Arkansas,St. Francis,964,3,0,35.02201976,-90.74828138,5123.0,3856.925662158918,0.3112033195020747,961,960,3,0,957,953,25439,4,0,0,4,7
2020-07-21,US,Arkansas,Stone,37,1,0,35.86251946,-92.15684085,5137.0,295.8579881656805,2.702702702702702,36,32,1,0,31,29,12457,5,0,0,5,3
2020-07-21,US,Arkansas,Unassigned,1207,0,0,0.0,0.0,90005.0,0.0,0.0,1207,1255,0,0,1255,1203,,-48,0,0,-48,52
2020-07-21,US,Arkansas,Union,333,14,0,33.16887091,-92.59746952,5139.0,860.8655188459749,4.2042042042042045,319,313,14,0,299,306,39126,20,0,0,20,7
2020-07-21,US,Arkansas,Van Buren,39,2,0,35.58095779,-92.51295036,5141.0,235.7207615593835,5.128205128205129,37,38,2,0,36,38,16603,1,0,0,1,0
2020-07-21,US,Arkansas,Washington,5312,39,0,35.976844,-94.21800746,5143.0,2220.8564846751706,0.7341867469879518,5273,5234,38,0,5196,5139,236961,78,1,0,77,95
2020-07-21,US,Arkansas,White,177,2,0,35.25688493,-91.74908296,5145.0,224.7533427298008,1.1299435028248588,175,169,2,0,167,169,78727,8,0,0,8,0
2020-07-21,US,Arkansas,Woodruff,17,0,0,35.18902527,-91.2439489,5147.0,268.9873417721519,0.0,17,18,0,0,18,18,6490,-1,0,0,-1,0
2020-07-21,US,Arkansas,Yell,927,13,0,35.00292371,-93.41171338,5149.0,4343.751464317511,1.4023732470334411,914,916,13,0,903,912,21535,11,0,0,11,4
2020-07-21,US,California,Alameda,9383,166,0,37.64629437,-121.8929271,6001.0,561.4095130282548,1.7691569860385803,9217,9256,162,0,9094,9237,1666753,127,4,0,123,19
2020-07-21,US,California,Alpine,2,0,0,38.59678594,-119.82235940000001,6003.0,177.14791851195747,0.0,2,2,0,0,2,2,1101,0,0,0,0,0
2020-07-21,US,California,Amador,62,0,0,38.44583082,-120.65696000000001,6005.0,155.96699537130206,0.0,62,57,0,0,57,54,39383,5,0,0,5,3
2020-07-21,US,California,Butte,658,5,0,39.66727762,-121.6005252,6007.0,300.20165521520534,0.7598784194528876,653,640,5,0,635,522,231256,18,0,0,18,118
2020-07-21,US,California,Calaveras,94,1,0,38.20537103,-120.55291299999999,6009.0,204.77072214355732,1.0638297872340423,93,87,0,0,87,87,45602,7,1,0,6,0
2020-07-21,US,California,Colusa,234,0,0,39.17881957,-122.2331726,6011.0,1085.9980507727294,0.0,234,223,0,0,223,173,21627,11,0,0,11,50
2020-07-21,US,California,Contra Costa,5931,102,0,37.91923498,-121.9289527,6013.0,514.1626630002271,1.719777440566515,5829,5731,99,0,5632,5606,1150215,200,3,0,197,125
2020-07-21,US,California,Del Norte,68,0,0,41.74228275,-123.89740630000001,6015.0,244.49877750611248,0.0,68,66,0,0,66,66,27828,2,0,0,2,0
2020-07-21,US,California,El Dorado,464,1,0,38.77965956,-120.5233166,6017.0,240.6102373433311,0.21551724137931036,463,443,0,0,443,394,190678,21,1,0,20,49
2020-07-21,US,California,Fresno,10970,104,0,36.75733899,-119.6466953,6019.0,1097.9870903942644,0.9480401093892434,10866,10639,100,0,10539,9954,994400,331,4,0,327,685
2020-07-21,US,California,Glenn,237,1,0,39.59875897,-122.3938452,6021.0,834.7127813193393,0.4219409282700422,236,219,1,0,218,214,28047,18,0,0,18,5
2020-07-21,US,California,Humboldt,195,4,0,40.69923009,-123.876044,6023.0,143.84986500243437,2.051282051282051,191,189,4,0,185,181,136373,6,0,0,6,8
2020-07-21,US,California,Imperial,8606,163,0,33.0393082,-115.36690420000001,6025.0,4749.05498992909,1.8940274227283287,8443,8606,163,0,8443,8531,181827,0,0,0,0,75
2020-07-21,US,California,Inyo,40,1,0,36.51112084,-117.41119779999998,6027.0,221.741781695216,2.5,39,40,1,0,39,37,17987,0,0,0,0,3
2020-07-21,US,California,Kern,10068,105,0,35.34329425,-118.72777959999999,6029.0,1118.4156444886814,1.0429082240762813,9963,9234,105,0,9129,8447,896764,834,0,0,834,787
2020-07-21,US,California,Kings,3398,42,0,36.07409056,-119.8159973,6031.0,2221.786321433242,1.2360211889346675,3356,3398,42,0,3356,3247,151366,0,0,0,0,151
2020-07-21,US,California,Lake,156,1,0,39.10124298,-122.75362439999999,6033.0,242.288696300438,0.6410256410256411,155,151,1,0,150,140,64382,5,0,0,5,11
2020-07-21,US,California,Lassen,515,0,0,40.67311306,-120.59350990000002,6035.0,1684.4928531710987,0.0,515,512,0,0,512,508,30802,3,0,0,3,4
2020-07-21,US,California,Los Angeles,162025,4155,0,34.30828379,-118.22824109999999,6037.0,1613.9383712117026,2.5644190711309984,157870,159045,4104,0,154941,155917,10105518,2980,51,0,2929,3128
2020-07-21,US,California,Madera,1451,13,0,37.21513971,-119.76655890000002,6039.0,922.2828885061052,0.8959338387319091,1438,1179,11,0,1168,1179,157672,272,2,0,270,0
2020-07-21,US,California,Marin,4427,47,0,38.07122463,-122.72106310000001,6041.0,1710.4154914884905,1.0616670431443416,4380,4376,43,0,4333,4314,259666,51,4,0,47,62
2020-07-21,US,California,Mariposa,41,1,0,37.57978556,-119.9073334,6043.0,238.33052374585827,2.4390243902439024,40,38,1,0,37,37,17471,3,0,0,3,1
2020-07-21,US,California,Mendocino,207,3,0,39.4381191,-123.39113130000001,6045.0,238.61946535406747,1.4492753623188406,204,199,3,0,196,194,87606,8,0,0,8,5
2020-07-21,US,California,Merced,2813,22,0,37.18922369,-120.72090349999999,6047.0,1013.0365888792855,0.782083185211518,2791,2694,22,0,2672,2403,274765,119,0,0,119,291
2020-07-21,US,California,Mono,84,1,0,37.93899289,-118.8872409,6051.0,581.5563555801717,1.1904761904761905,83,83,1,0,82,76,14250,1,0,0,1,7
2020-07-21,US,California,Monterey,3379,21,0,36.21862405,-121.24133970000001,6053.0,778.462013403646,0.6214856466410179,3358,3353,19,0,3334,3228,435594,26,2,0,24,125
2020-07-21,US,California,Napa,661,7,0,38.50735751,-122.33283899999999,6055.0,479.8757114647462,1.059001512859304,654,632,7,0,625,583,139417,29,0,0,29,49
2020-07-21,US,California,Nevada,231,1,0,39.30394768,-120.76272809999999,6057.0,231.56733998295826,0.4329004329004329,230,228,1,0,227,204,99696,3,0,0,3,24
2020-07-21,US,California,Orange,30976,513,0,33.70147516,-117.76459979999998,6059.0,975.4094540654446,1.656120867768595,30463,29986,494,0,29492,29426,3185968,990,19,0,971,560
2020-07-21,US,California,Placer,1442,12,0,39.06167234,-120.72405690000001,6061.0,362.01230641002786,0.8321775312066574,1430,1403,11,0,1392,1363,393149,39,1,0,38,40
2020-07-21,US,California,Plumas,25,0,0,40.00355989,-120.8395236,6063.0,132.92922847875792,0.0,25,24,0,0,24,23,18804,1,0,0,1,1
2020-07-21,US,California,Riverside,30890,589,0,33.74314981,-115.9933578,6065.0,1250.3308985139315,1.9067659436710909,30301,29983,588,0,29395,28695,2450758,907,1,0,906,1288
2020-07-21,US,California,Sacramento,7686,96,0,38.45106826,-121.34253740000001,6067.0,495.2134520746003,1.249024199843872,7590,7326,96,0,7230,6935,1540975,360,0,0,360,391
2020-07-21,US,California,San Benito,486,2,0,36.60308176,-121.069975,6069.0,773.7867787542987,0.41152263374485604,484,458,2,0,456,448,61537,28,0,0,28,10
2020-07-21,US,California,San Bernardino,25067,333,0,34.84060306,-116.1774685,6071.0,1149.8175529853195,1.328439781385886,24734,24099,329,0,23770,23772,2171603,968,4,0,964,327
2020-07-21,US,California,San Diego,24520,487,0,33.03484597,-116.73653259999999,6073.0,734.4989860199561,1.9861337683523652,24033,24135,478,0,23657,23682,3343364,385,9,0,376,453
2020-07-21,US,California,San Francisco,5363,53,0,37.75215114,-122.43856720000001,6075.0,608.360964620231,0.9882528435577104,5310,5305,52,0,5253,5202,883305,58,1,0,57,103
2020-07-21,US,California,San Joaquin,8799,95,0,37.93433732,-121.2730061,6077.0,1154.5001758188698,1.0796681441072848,8704,8321,94,0,8227,7819,752660,478,1,0,477,502
2020-07-21,US,California,San Luis Obispo,1369,7,0,35.38822029,-120.4039028,6079.0,483.5559197629199,0.5113221329437546,1362,1306,6,0,1300,1213,284010,63,1,0,62,93
2020-07-21,US,California,San Mateo,4674,114,0,37.422880799999994,-122.32755459999998,6081.0,609.7266666057898,2.4390243902439024,4560,4551,114,0,4437,4465,769545,123,0,0,123,86
2020-07-21,US,California,Santa Barbara,5124,32,0,34.65329488,-120.0188492,6083.0,1147.594955419833,0.624512099921936,5092,4991,32,0,4959,4759,446527,133,0,0,133,232
2020-07-21,US,California,Santa Clara,8046,178,0,37.23104908,-121.6970462,6085.0,417.35568912966346,2.2122793934874467,7868,7795,178,0,7617,7456,1937570,251,0,0,251,339
2020-07-21,US,California,Santa Cruz,830,3,0,37.05580291,-122.0066524,6087.0,303.7922792839287,0.3614457831325301,827,772,3,0,769,772,274255,58,0,0,58,0
2020-07-21,US,California,Shasta,255,7,0,40.76391419,-122.0396884,6089.0,141.6037316748112,2.7450980392156863,248,242,7,0,235,242,180040,13,0,0,13,0
2020-07-21,US,California,Sierra,1,0,0,39.57713498,-120.52007009999998,6091.0,33.277870216306155,0.0,1,1,0,0,1,1,2987,0,0,0,0,0
2020-07-21,US,California,Siskiyou,53,0,0,41.59198861,-122.54074340000001,6093.0,121.72994326925286,0.0,53,50,0,0,50,44,43724,3,0,0,3,6
2020-07-21,US,California,Solano,2857,35,0,38.26827353,-121.9357113,6095.0,638.2318052555273,1.2250612530626532,2822,2759,34,0,2725,2554,446610,98,1,0,97,205
2020-07-21,US,California,Sonoma,2212,20,0,38.52746429,-122.88625060000001,6097.0,447.4689280165717,0.9041591320072332,2192,2169,20,0,2149,2121,499942,43,0,0,43,48
2020-07-21,US,California,Stanislaus,6835,73,0,37.55862499,-120.9970722,6099.0,1241.237787382414,1.0680321872713971,6762,6508,71,0,6437,6344,549815,327,2,0,325,164
2020-07-21,US,California,Sutter,553,4,0,39.03417539,-121.6945899,6101.0,570.2735869486754,0.7233273056057866,549,539,4,0,535,520,96807,14,0,0,14,19
2020-07-21,US,California,Tehama,151,1,0,40.12570935,-122.23701709999999,6103.0,232.00786675680658,0.6622516556291391,150,151,1,0,150,134,63916,0,0,0,0,17
2020-07-21,US,California,Trinity,3,0,0,40.64917670000001,-123.114713,6105.0,24.420024420024422,0.0,3,2,0,0,2,2,12535,1,0,0,1,0
2020-07-21,US,California,Tulare,7120,168,0,36.22026558,-118.8020203,6107.0,1527.257907098961,2.359550561797753,6952,6896,167,0,6729,6683,465861,224,1,0,223,213
2020-07-21,US,California,Tuolumne,104,0,0,38.02644018,-119.95250929999999,6109.0,190.9027497338375,0.0,104,101,0,0,101,85,54539,3,0,0,3,16
2020-07-21,US,California,Ventura,5955,62,0,34.44465746,-119.09106129999999,6111.0,703.895717051652,1.0411418975650717,5893,5192,57,0,5135,5192,850967,763,5,0,758,0
2020-07-21,US,California,Yolo,1200,34,0,38.68278902,-121.90182879999999,6113.0,544.2176870748299,2.833333333333333,1166,1196,34,0,1162,1162,220408,4,0,0,4,34
2020-07-21,US,California,Yuba,309,3,0,39.26255932,-121.35356440000001,6115.0,392.7899527126658,0.9708737864077671,306,289,3,0,286,257,78041,20,0,0,20,32
2020-07-21,US,Colorado,Adams,5184,163,0,39.87432092,-104.3362578,8001.0,1001.892076278311,3.14429012345679,5021,5133,163,0,4970,5094,511868,51,0,0,51,39
2020-07-21,US,Colorado,Alamosa,208,7,0,37.57250606,-105.7885451,8003.0,1281.3404792706215,3.3653846153846154,201,207,7,0,200,207,16683,1,0,0,1,0
2020-07-21,US,Colorado,Arapahoe,6140,352,0,39.64977461,-104.3353617,8005.0,935.1345588571254,5.732899022801303,5788,6075,352,0,5723,6032,651215,65,0,0,65,43
2020-07-21,US,Colorado,Archuleta,22,0,0,37.19474156,-107.0476867,8007.0,156.81801981609524,0.0,22,19,0,0,19,18,13765,3,0,0,3,1
2020-07-21,US,Colorado,Baca,14,0,0,37.31940883,-102.5603223,8009.0,390.9522479754258,0.0,14,14,0,0,14,14,3585,0,0,0,0,0
2020-07-21,US,Colorado,Bent,5,0,0,37.95474293,-103.0720195,8011.0,89.65393580778195,0.0,5,5,0,0,5,5,5882,0,0,0,0,0
2020-07-21,US,Colorado,Boulder,1662,74,0,40.09313619,-105.3546767,8013.0,509.50961998307764,4.452466907340553,1588,1650,74,0,1576,1642,326078,12,0,0,12,8
2020-07-21,US,Colorado,Broomfield,364,31,0,39.95998787,-105.0566324,8014.0,516.5685091889591,8.516483516483516,333,362,31,0,331,359,69267,2,0,0,2,3
2020-07-21,US,Colorado,Chaffee,215,19,0,38.74745778,-106.19265729999998,8015.0,1056.1996462959323,8.837209302325583,196,215,19,0,196,210,20027,0,0,0,0,5
2020-07-21,US,Colorado,Cheyenne,8,0,0,38.82777431,-102.6032558,8017.0,436.9197160021846,0.0,8,9,0,0,9,7,1876,-1,0,0,-1,2
2020-07-21,US,Colorado,Clear Creek,24,1,0,39.68864463,-105.6463118,8019.0,247.42268041237114,4.166666666666667,23,24,1,0,23,23,9605,0,0,0,0,1
2020-07-21,US,Colorado,Conejos,21,0,0,37.201606,-106.19174879999998,8021.0,255.94149908592323,0.0,21,21,0,0,21,21,8200,0,0,0,0,0
2020-07-21,US,Colorado,Costilla,22,0,0,37.27732493,-105.4276548,8023.0,565.9891947517366,0.0,22,22,0,0,22,22,3828,0,0,0,0,0
2020-07-21,US,Colorado,Crowley,72,1,0,38.32608609,-103.7844965,8025.0,1187.922785018974,1.3888888888888888,71,72,1,0,71,72,5858,0,0,0,0,0
2020-07-21,US,Colorado,Custer,10,0,0,38.10883162,-105.3683478,8027.0,197.3164956590371,0.0,10,9,0,0,9,8,4954,1,0,0,1,1
2020-07-21,US,Colorado,Delta,90,1,0,38.86246243,-107.8631342,8029.0,288.813298247866,1.1111111111111112,89,88,1,0,87,88,30953,2,0,0,2,0
2020-07-21,US,Colorado,Denver,8532,399,0,39.76018276,-104.8725695,8031.0,1173.249579558065,4.676511954992968,8133,8429,398,0,8031,8371,716492,103,1,0,102,58
2020-07-21,US,Colorado,Dolores,2,0,0,37.75208676,-108.5211585,8033.0,97.32360097323601,0.0,2,2,0,0,2,2,2074,0,0,0,0,0
2020-07-21,US,Colorado,Douglas,1377,54,0,39.33133796,-104.930001,8035.0,392.1356441902983,3.92156862745098,1323,1357,54,0,1303,1331,342776,20,0,0,20,26
2020-07-21,US,Colorado,Eagle,855,9,0,39.62754308,-106.6933637,8037.0,1550.9641373555605,1.0526315789473684,846,850,9,0,841,847,54993,5,0,0,5,3
2020-07-21,US,Colorado,El Paso,3686,122,0,38.83240149,-104.5251411,8041.0,511.6580580591697,3.30982094411286,3564,3604,121,0,3483,3517,713856,82,1,0,81,87
2020-07-21,US,Colorado,Elbert,73,2,0,39.28656773,-104.1358721,8039.0,273.1116016311871,2.7397260273972597,71,70,2,0,68,69,26282,3,0,0,3,1
2020-07-21,US,Colorado,Fremont,78,0,0,38.47362326,-105.4399667,8043.0,163.04688643157257,0.0,78,77,0,0,77,74,48021,1,0,0,1,3
2020-07-21,US,Colorado,Garfield,537,4,0,39.59921777,-107.902708,8045.0,894.091007475733,0.74487895716946,533,528,4,0,524,519,59770,9,0,0,9,9
2020-07-21,US,Colorado,Gilpin,13,0,0,39.85646523,-105.5252597,8047.0,208.23322120775268,0.0,13,12,0,0,12,12,6121,1,0,0,1,0
2020-07-21,US,Colorado,Grand,37,1,0,40.10603347,-106.1178042,8049.0,235.15952713868057,2.702702702702702,36,37,1,0,36,35,15525,0,0,0,0,2
2020-07-21,US,Colorado,Gunnison,210,6,0,38.66611652,-107.0320729,8051.0,1202.6113847211086,2.8571428571428568,204,202,6,0,196,200,17246,8,0,0,8,2
2020-07-21,US,Colorado,Hinsdale,3,0,0,37.82247444,-107.3004345,8053.0,365.8536585365854,0.0,3,3,0,0,3,3,811,0,0,0,0,0
2020-07-21,US,Colorado,Huerfano,5,1,0,37.68473101,-104.9612585,8055.0,72.4952878062926,20.0,4,5,1,0,4,5,6889,0,0,0,0,0
2020-07-21,US,Colorado,Jackson,8,0,0,40.66593870000001,-106.3408905,8057.0,574.7126436781608,0.0,8,8,0,0,8,8,1399,0,0,0,0,0
2020-07-21,US,Colorado,Jefferson,3348,218,0,39.58635604,-105.2517692,8059.0,574.3882542062616,6.511350059737158,3130,3306,218,0,3088,3282,580233,42,0,0,42,24
2020-07-21,US,Colorado,Kit Carson,36,3,0,39.30497777,-102.6022199,8063.0,507.25658729040435,8.333333333333334,33,36,3,0,33,36,7163,0,0,0,0,0
2020-07-21,US,Colorado,La Plata,170,2,0,37.28632032,-107.8429014,8067.0,302.3781149392576,1.1764705882352942,168,165,2,0,163,159,56310,5,0,0,5,6
2020-07-21,US,Colorado,Lake,60,0,0,39.20278823,-106.3555697,8065.0,738.2798080472501,0.0,60,61,0,0,61,60,7824,-1,0,0,-1,1
2020-07-21,US,Colorado,Larimer,1131,32,0,40.66671597,-105.4625784,8069.0,316.8963768461105,2.8293545534924847,1099,1112,31,0,1081,1079,350518,19,1,0,18,33
2020-07-21,US,Colorado,Las Animas,11,0,0,37.3153406,-104.0376458,8071.0,75.83069074865574,0.0,11,11,0,0,11,11,14503,0,0,0,0,0
2020-07-21,US,Colorado,Lincoln,7,0,0,38.98749519,-103.5136649,8073.0,122.78547623223996,0.0,7,6,0,0,6,6,5610,1,0,0,1,0
2020-07-21,US,Colorado,Logan,643,5,0,40.7249637,-103.110817,8075.0,2869.3828372528887,0.7776049766718507,638,643,5,0,638,642,21528,0,0,0,0,1
2020-07-21,US,Colorado,Mesa,191,0,0,39.01787888,-108.469799,8077.0,123.85707801050516,0.0,191,189,0,0,189,185,153207,2,0,0,2,4
2020-07-21,US,Colorado,Mineral,17,0,0,37.66954283,-106.9281698,8079.0,2210.663198959688,0.0,17,17,0,0,17,17,776,0,0,0,0,0
2020-07-21,US,Colorado,Moffat,18,1,0,40.61810999,-108.2070876,8081.0,135.51155612436952,5.5555555555555545,17,18,1,0,17,18,13188,0,0,0,0,0
2020-07-21,US,Colorado,Montezuma,91,4,0,37.33859579,-108.5958857,8083.0,347.553756254058,4.395604395604397,87,92,3,0,89,90,26158,-1,1,0,-2,2
2020-07-21,US,Colorado,Montrose,236,12,0,38.40214114,-108.26390220000002,8085.0,551.9434959539734,5.084745762711863,224,235,12,0,223,234,42214,1,0,0,1,1
2020-07-21,US,Colorado,Morgan,665,46,0,40.26279810000001,-103.8093302,8087.0,2287.739094536948,6.917293233082707,619,665,46,0,619,665,28558,0,0,0,0,0
2020-07-21,US,Colorado,Otero,26,1,0,37.9014485,-103.7173385,8089.0,142.2475106685633,3.8461538461538463,25,24,1,0,23,24,18432,2,0,0,2,0
2020-07-21,US,Colorado,Ouray,12,1,0,38.14717457,-107.7675136,8091.0,242.3263327948304,8.333333333333334,11,12,1,0,11,12,4833,0,0,0,0,0
2020-07-21,US,Colorado,Park,35,1,0,39.120926,-105.7182065,8093.0,185.72565667285755,2.8571428571428568,34,35,1,0,34,35,18556,0,0,0,0,0
2020-07-21,US,Colorado,Phillips,17,0,0,40.59414277,-102.3577703,8095.0,398.59320046893316,0.0,17,16,0,0,16,16,4286,1,0,0,1,0
2020-07-21,US,Colorado,Pitkin,160,2,0,39.21720112,-106.9310027,8097.0,900.5459559858164,1.25,158,154,2,0,152,155,17950,6,0,0,6,-1
2020-07-21,US,Colorado,Prowers,45,0,0,37.95544985,-102.3926052,8099.0,369.7009530069011,0.0,45,45,0,0,45,45,12164,0,0,0,0,0
2020-07-21,US,Colorado,Pueblo,524,33,0,38.17359144,-104.5127437,8101.0,311.11955540778035,6.297709923664121,491,502,32,0,470,483,167529,22,1,0,21,19
2020-07-21,US,Colorado,Rio Blanco,6,0,0,39.97913541,-108.2179009,8103.0,94.87666034155598,0.0,6,6,0,0,6,6,6336,0,0,0,0,0
2020-07-21,US,Colorado,Rio Grande,84,2,0,37.5836865,-106.3847838,8105.0,745.5400727789117,2.380952380952381,82,84,2,0,82,84,11250,0,0,0,0,0
2020-07-21,US,Colorado,Routt,91,6,0,40.48596505,-106.9905548,8107.0,354.9418831422108,6.593406593406592,85,87,6,0,81,87,25733,4,0,0,4,0
2020-07-21,US,Colorado,Saguache,106,2,0,38.08054629,-106.282466,8109.0,1553.3411488862835,1.8867924528301887,104,106,2,0,104,106,6843,0,0,0,0,0
2020-07-21,US,Colorado,San Juan,2,0,0,37.76248981,-107.67632890000002,8111.0,274.72527472527474,0.0,2,2,0,0,2,2,762,0,0,0,0,0
2020-07-21,US,Colorado,San Miguel,68,0,0,38.00450883,-108.4020725,8113.0,831.3974813546887,0.0,68,67,0,0,67,66,8191,1,0,0,1,1
2020-07-21,US,Colorado,Sedgwick,11,0,0,40.87595412,-102.3519227,8115.0,489.32384341637015,0.0,11,10,0,0,10,8,2303,1,0,0,1,2
2020-07-21,US,Colorado,Summit,308,4,0,39.63803232,-106.1150762,8117.0,993.1959627229048,1.2987012987012987,304,306,4,0,302,306,31007,2,0,0,2,0
2020-07-21,US,Colorado,Teller,85,2,0,38.88133511,-105.1614893,8119.0,334.80384433590666,2.3529411764705883,83,81,2,0,79,78,25083,4,0,0,4,3
2020-07-21,US,Colorado,Washington,46,0,0,39.97015535,-103.202587,8121.0,937.2453137734312,0.0,46,46,0,0,46,46,4909,0,0,0,0,0
2020-07-21,US,Colorado,Weld,3258,139,0,40.55499405,-104.3929621,8123.0,1004.0309160164197,4.266421117249847,3119,3244,139,0,3105,3210,314305,14,0,0,14,34
2020-07-21,US,Colorado,Yuma,56,0,0,40.00346839,-102.4258673,8125.0,558.9380177662441,0.0,56,56,0,0,56,56,10020,0,0,0,0,0
2020-07-21,US,Connecticut,Fairfield,17123,1399,0,41.26809896,-73.3881171,9001.0,1815.1615762001081,8.170297260993985,15724,17112,1399,0,15713,17069,943823,11,0,0,11,43
2020-07-21,US,Connecticut,Hartford,12101,1406,0,41.80283011,-72.73103891,9003.0,1357.0403265599064,11.618874473184034,10695,12082,1406,0,10676,12046,892697,19,0,0,19,36
2020-07-21,US,Connecticut,Litchfield,1525,138,0,41.7937534,-73.2451475,9005.0,845.6577553747787,9.049180327868852,1387,1524,138,0,1386,1523,181111,1,0,0,1,1
2020-07-21,US,Connecticut,Middlesex,1361,189,0,41.45949668,-72.53714864,9007.0,837.8684528060282,13.886847905951507,1172,1359,189,0,1170,1357,162682,2,0,0,2,2
2020-07-21,US,Connecticut,New Haven,12794,1092,0,41.408032500000004,-72.93620426,9009.0,1496.7996752293345,8.53525089885884,11702,12788,1092,0,11696,12733,857620,6,0,0,6,55
2020-07-21,US,Connecticut,New London,1357,102,0,41.48896435,-72.10430976,9011.0,511.6777146821717,7.516580692704495,1255,1356,102,0,1254,1347,266784,1,0,0,1,9
2020-07-21,US,Connecticut,Tolland,946,65,0,41.85853803,-72.3308481,9013.0,627.649763470253,6.871035940803383,881,948,65,0,883,939,150921,-2,0,0,-2,9
2020-07-21,US,Connecticut,Unassigned,236,0,0,0.0,0.0,90009.0,0.0,0.0,236,234,0,0,234,228,,2,0,0,2,6
2020-07-21,US,Connecticut,Windham,653,15,0,41.82972709,-71.98182316,9015.0,559.1615146169786,2.2970903522205206,638,652,15,0,637,651,117027,1,0,0,1,1
2020-07-21,US,Delaware,Kent,2017,87,0,39.08646628,-75.56884914,10001.0,1115.6837365725223,4.313336638572137,1930,2013,86,0,1927,2000,178550,4,1,0,3,13
2020-07-21,US,Delaware,New Castle,6206,251,0,39.57992638,-75.64054974,10003.0,1110.6875488811693,4.044473090557525,5955,6125,250,0,5875,6070,559335,81,1,0,80,55
2020-07-21,US,Delaware,Sussex,5365,178,0,38.66143781,-75.39031349,10005.0,2290.5326075354888,3.3178005591798696,5187,5333,178,0,5155,5304,229286,32,0,0,32,29
2020-07-21,US,Delaware,Unassigned,158,9,0,0.0,0.0,90010.0,0.0,5.69620253164557,149,153,9,0,144,145,,5,0,0,5,8
2020-07-21,US,District of Columbia,District of Columbia,11427,580,0,38.90417773,-77.01655992,11001.0,1619.1308808088995,5.0756979084624145,10847,11339,579,0,10760,11261,702455,88,1,0,87,78
2020-07-21,US,Florida,Alachua,2737,14,0,29.67866525,-82.35928158,12001.0,1017.3095007117821,0.5115089514066496,2723,2683,14,0,2669,2619,269956,54,0,0,54,64
2020-07-21,US,Florida,Baker,245,4,0,30.33060121,-82.28467476,12003.0,838.7538514207463,1.6326530612244898,241,238,4,0,234,232,28355,7,0,0,7,6
2020-07-21,US,Florida,Bay,2195,11,0,30.26548745,-85.62122584,12005.0,1256.4036518702956,0.5011389521640092,2184,2105,9,0,2096,2000,185287,90,2,0,88,105
2020-07-21,US,Florida,Bradford,198,2,0,29.95079741,-82.16611613,12007.0,702.1027623133931,1.0101010101010102,196,195,2,0,193,190,27732,3,0,0,3,5
2020-07-21,US,Florida,Brevard,4413,53,0,28.29409504,-80.73091022,12009.0,733.1271119144369,1.2009970541581692,4360,4303,50,0,4253,4222,596849,110,3,0,107,81
2020-07-21,US,Florida,Broward,42577,517,0,26.15184651,-80.48725556,12011.0,2180.329766107566,1.2142706155905771,42060,40976,512,0,40464,39281,1951260,1601,5,0,1596,1695
2020-07-21,US,Florida,Calhoun,229,7,0,30.40666734,-85.19394153,12013.0,1623.5377525700103,3.056768558951965,222,229,7,0,222,222,14587,0,0,0,0,7
2020-07-21,US,Florida,Charlotte,1500,82,0,26.90131002,-81.92949121,12015.0,794.0289026520566,5.466666666666668,1418,1470,82,0,1388,1431,184998,30,0,0,30,39
2020-07-21,US,Florida,Citrus,874,17,0,28.84804315,-82.47614748,12017.0,584.0020847671676,1.9450800915331807,857,855,17,0,838,796,147929,19,0,0,19,59
2020-07-21,US,Florida,Clay,2197,43,0,29.98319144,-81.85609986,12019.0,1002.0433108934012,1.9572143832498865,2154,2137,43,0,2094,2083,216072,60,0,0,60,54
2020-07-21,US,Florida,Collier,8076,109,0,26.11091986,-81.34687065,12021.0,2098.1964240248167,1.3496780584447747,7967,7934,107,0,7827,7815,378488,142,2,0,140,119
2020-07-21,US,Florida,Columbia,1456,5,0,30.22509788,-82.62160164,12023.0,2031.0799877242416,0.3434065934065934,1451,1372,5,0,1367,1245,70503,84,0,0,84,127
2020-07-21,US,Florida,DeSoto,1099,14,0,27.18677893,-81.80941373,12027.0,2892.029157127444,1.2738853503184713,1085,1086,13,0,1073,1067,37489,13,1,0,12,19
2020-07-21,US,Florida,Dixie,199,4,0,29.60631086,-83.15724673,12029.0,1182.693450612148,2.010050251256281,195,190,4,0,186,179,16700,9,0,0,9,11
2020-07-21,US,Florida,Duval,17544,105,0,30.33225875,-81.66976468,12031.0,1831.7837025126469,0.5984952120383037,17439,17245,98,0,17147,16546,950181,299,7,0,292,699
2020-07-21,US,Florida,Escambia,6074,62,0,30.67652764,-87.37284571,12033.0,1908.166727402958,1.0207441554165295,6012,5900,61,0,5839,5765,315534,174,1,0,173,135
2020-07-21,US,Florida,Flagler,683,7,0,29.45933576,-81.31508595,12035.0,593.4950165535579,1.0248901903367496,676,659,7,0,652,650,112067,24,0,0,24,9
2020-07-21,US,Florida,Franklin,80,0,0,29.83791238,-84.82731662,12037.0,659.7938144329897,0.0,80,77,0,0,77,56,11736,3,0,0,3,21
2020-07-21,US,Florida,Gadsden,912,12,0,30.57796289,-84.61915825,12039.0,1997.3718791064387,1.3157894736842106,900,854,10,0,844,808,45894,58,2,0,56,46
2020-07-21,US,Florida,Gilchrist,266,0,0,29.72856978,-82.79880657,12041.0,1431.4928425357873,0.0,266,230,0,0,230,217,18256,36,0,0,36,13
2020-07-21,US,Florida,Glades,287,2,0,26.95635849,-81.18996211,12043.0,2078.053725291434,0.6968641114982579,285,286,1,0,285,281,13724,1,1,0,0,5
2020-07-21,US,Florida,Gulf,192,0,0,29.93543004,-85.24270990000002,12045.0,1407.7278392844046,0.0,192,178,0,0,178,141,16164,14,0,0,14,37
2020-07-21,US,Florida,Hamilton,519,2,0,30.49673973,-82.94998918,12047.0,3597.172165234267,0.3853564547206166,517,516,2,0,514,509,14310,3,0,0,3,7
2020-07-21,US,Florida,Hardee,717,4,0,27.49293939,-81.80956574,12049.0,2661.766343690834,0.5578800557880056,713,710,4,0,706,706,27245,7,0,0,7,4
2020-07-21,US,Florida,Hendry,1409,31,0,26.55386945,-81.16469006,12051.0,3353.0055685117322,2.2001419446415897,1378,1389,30,0,1359,1355,41556,20,1,0,19,34
2020-07-21,US,Florida,Hernando,1229,14,0,28.55364461,-82.42700204,12053.0,633.766501650165,1.1391375101708707,1215,1207,14,0,1193,1179,190865,22,0,0,22,28
2020-07-21,US,Florida,Highlands,809,16,0,27.34254618,-81.34071957,12055.0,761.6196420670112,1.9777503090234856,793,778,15,0,763,765,105424,31,1,0,30,13
2020-07-21,US,Florida,Hillsborough,24550,244,0,27.9276559,-82.32013172,12057.0,1667.8351703297901,0.9938900203665988,24306,24135,243,0,23892,23706,1436888,415,1,0,414,429
2020-07-21,US,Florida,Holmes,323,1,0,30.86747479,-85.81319222,12059.0,1646.5310699903146,0.30959752321981426,322,313,1,0,312,303,19477,10,0,0,10,10
2020-07-21,US,Florida,Indian River,1685,27,0,27.69308961,-80.60556721,12061.0,1053.6320604290815,1.602373887240356,1658,1649,25,0,1624,1585,157413,36,2,0,34,64
2020-07-21,US,Florida,Jackson,887,15,0,30.795459700000002,-85.21500423,12063.0,1911.061317705865,1.6910935738444195,872,857,12,0,845,831,48305,30,3,0,27,26
2020-07-21,US,Florida,Jefferson,118,5,0,30.43669112,-83.89442308,12065.0,828.3026814544434,4.2372881355932215,113,113,5,0,108,113,14288,5,0,0,5,0
2020-07-21,US,Florida,Lafayette,74,0,0,29.98484137,-83.18166636,12067.0,878.6511517454286,0.0,74,73,0,0,73,73,8732,1,0,0,1,0
2020-07-21,US,Florida,Lake,3473,36,0,28.76202069,-81.7125123,12069.0,946.0173568171539,1.0365678088108263,3437,3391,36,0,3355,3343,356495,82,0,0,82,48
2020-07-21,US,Florida,Lee,13125,244,0,26.58410348,-81.88399313,12071.0,1703.2691087328067,1.859047619047619,12881,12906,232,0,12674,12711,754610,219,12,0,207,195
2020-07-21,US,Florida,Leon,3265,11,0,30.45955727,-84.27491114,12073.0,1112.1254027835494,0.33690658499234305,3254,3140,11,0,3129,3005,292502,125,0,0,125,135
2020-07-21,US,Florida,Levy,398,2,0,29.31829741,-82.74007147,12075.0,958.9668216755417,0.5025125628140703,396,375,2,0,373,358,40770,23,0,0,23,17
2020-07-21,US,Florida,Liberty,316,2,0,30.23766008,-84.8829258,12077.0,3782.619104620541,0.6329113924050633,314,311,2,0,309,303,8457,5,0,0,5,8
2020-07-21,US,Florida,Madison,477,4,0,30.44396917,-83.47398594,12079.0,2579.354350294706,0.8385744234800838,473,451,4,0,447,444,18529,26,0,0,26,7
2020-07-21,US,Florida,Manatee,6871,149,0,27.47196942,-82.31831044,12081.0,1703.8930894500477,2.1685344200261967,6722,6738,144,0,6594,6569,394855,133,5,0,128,169
2020-07-21,US,Florida,Marion,2721,33,0,29.21227113,-82.05803627,12083.0,744.2987698965202,1.2127894156560088,2688,2550,30,0,2520,2423,359977,171,3,0,168,127
2020-07-21,US,Florida,Martin,3193,54,0,27.0772071,-80.43109784,12085.0,1983.2298136645968,1.691199498903852,3139,3152,51,0,3101,3108,160912,41,3,0,38,44
2020-07-21,US,Florida,Miami-Dade,89557,1325,0,25.6112362,-80.55170587,12086.0,3296.245040376305,1.4795046730015515,88232,87035,1309,0,85726,84238,2761581,2522,16,0,2506,2797
2020-07-21,US,Florida,Monroe,935,6,0,25.20904673,-81.07812416,12087.0,1259.6324836988738,0.6417112299465241,929,894,6,0,888,859,75027,41,0,0,41,35
2020-07-21,US,Florida,Nassau,811,5,0,30.61037141,-81.80297522,12089.0,915.0916784203102,0.6165228113440198,806,784,4,0,780,745,85832,27,1,0,26,39
2020-07-21,US,Florida,Okaloosa,2062,16,0,30.69143028,-86.59267105,12091.0,978.4661522838786,0.7759456838021338,2046,1973,15,0,1958,1813,207269,89,1,0,88,160
2020-07-21,US,Florida,Okeechobee,684,2,0,27.386336199999995,-80.88944347,12093.0,1622.0830961866818,0.29239766081871343,682,662,2,0,660,651,41537,22,0,0,22,11
2020-07-21,US,Florida,Orange,24011,124,0,28.51367621,-81.31799498,12095.0,1723.1307572847863,0.516429969597268,23887,23584,119,0,23465,23259,1380645,427,5,0,422,325
2020-07-21,US,Florida,Osceola,6479,43,0,28.06312234,-81.14882926,12097.0,1724.2801749030607,0.6636826670782529,6436,6268,38,0,6230,6010,367990,211,5,0,206,258
2020-07-21,US,Florida,Palm Beach,26951,701,0,26.64676272,-80.46536002,12099.0,1800.610648262592,2.6010166598641984,26250,26426,685,0,25741,25785,1485941,525,16,0,509,641
2020-07-21,US,Florida,Pasco,5161,58,0,28.30810945,-82.40227529,12101.0,931.677579262998,1.1238132144933153,5103,5050,56,0,4994,4943,539630,111,2,0,109,107
2020-07-21,US,Florida,Pinellas,13925,334,0,27.93130349,-82.72239666,12103.0,1428.2109875322565,2.3985637342908444,13591,13705,323,0,13382,13482,975280,220,11,0,209,223
2020-07-21,US,Florida,Polk,10072,186,0,27.95027105,-81.69732947,12105.0,1389.6688222722305,1.846703733121525,9886,9877,176,0,9701,9524,708009,195,10,0,185,353
2020-07-21,US,Florida,Putnam,1006,8,0,29.60779729,-81.74230285,12107.0,1349.95504622858,0.7952286282306164,998,984,8,0,976,962,74163,22,0,0,22,22
2020-07-21,US,Florida,Santa Rosa,2018,17,0,30.69341450000001,-87.02458128,12113.0,1094.8766500463885,0.8424182358771061,2001,1976,15,0,1961,1909,179349,42,2,0,40,67
2020-07-21,US,Florida,Sarasota,4432,108,0,27.18546175,-82.33174248,12115.0,1021.8055894979044,2.436823104693141,4324,4338,107,0,4231,4245,426718,94,1,0,93,93
2020-07-21,US,Florida,Seminole,5519,46,0,28.7158582,-81.24060348,12117.0,1169.710867989471,0.8334843268708101,5473,5411,45,0,5366,5329,467832,108,1,0,107,82
2020-07-21,US,Florida,St. Johns,2612,16,0,29.90096506,-81.43589967,12109.0,986.8818764357393,0.6125574272588055,2596,2541,16,0,2525,2431,254261,71,0,0,71,110
2020-07-21,US,Florida,St. Lucie,3807,83,0,27.37763908,-80.47106649,12111.0,1159.6207092967647,2.1801943787759392,3724,3706,81,0,3625,3627,321128,101,2,0,99,79
2020-07-21,US,Florida,Sumter,859,22,0,28.70181754,-82.0794267,12119.0,648.6935508231385,2.561117578579744,837,843,21,0,822,827,128754,16,1,0,15,16
2020-07-21,US,Florida,Suwannee,926,26,0,30.19746066,-82.99099670000003,12121.0,2084.787356192449,2.8077753779697625,900,895,22,0,873,882,44191,31,4,0,27,13
2020-07-21,US,Florida,Taylor,221,2,0,30.04848048,-83.60445406,12123.0,1024.6186656775928,0.9049773755656108,219,214,2,0,212,206,21623,7,0,0,7,8
2020-07-21,US,Florida,Unassigned,411,0,0,0.0,0.0,90012.0,0.0,0.0,411,404,0,0,404,388,,7,0,0,7,16
2020-07-21,US,Florida,Union,145,3,0,30.04412971,-82.37497443,12125.0,951.6308984708277,2.0689655172413794,142,142,3,0,139,142,14940,3,0,0,3,0
2020-07-21,US,Florida,Volusia,5530,86,0,29.05858895,-81.18263252,12127.0,999.4867012239647,1.5551537070524413,5444,5297,85,0,5212,5188,547538,233,1,0,232,109
2020-07-21,US,Florida,Wakulla,309,1,0,30.16548905,-84.39895211,12129.0,915.8540561368152,0.32362459546925565,308,297,1,0,296,279,32461,12,0,0,12,18
2020-07-21,US,Florida,Walton,866,11,0,30.64204028,-86.16935664,12131.0,1169.148519663566,1.2702078521939957,855,822,11,0,811,791,71375,44,0,0,44,31
2020-07-21,US,Florida,Washington,333,13,0,30.61359259,-85.66002461,12133.0,1307.266517489106,3.903903903903904,320,310,13,0,297,297,24880,23,0,0,23,13
2020-07-21,US,Georgia,Appling,449,15,0,31.74847232,-82.28909114,13001.0,2442.075492222343,3.3407572383073503,434,437,15,0,422,417,18507,12,0,0,12,20
2020-07-21,US,Georgia,Atkinson,226,2,0,31.29633502,-82.87545866,13003.0,2767.911818738518,0.8849557522123894,224,228,2,0,226,227,8297,-2,0,0,-2,1
2020-07-21,US,Georgia,Bacon,348,5,0,31.55456473,-82.45936528,13005.0,3117.162307416697,1.4367816091954022,343,345,5,0,340,345,11185,3,0,0,3,0
2020-07-21,US,Georgia,Baker,45,3,0,31.32669878,-84.44218806,13007.0,1481.2376563528635,6.666666666666668,42,45,3,0,42,45,3092,0,0,0,0,0
2020-07-21,US,Georgia,Baldwin,755,35,0,33.06882326,-83.24701748,13009.0,1681.889062151927,4.635761589403972,720,745,35,0,710,738,44823,10,0,0,10,7
2020-07-21,US,Georgia,Banks,191,3,0,34.35607081,-83.49644388,13011.0,993.0331704273683,1.5706806282722514,188,188,3,0,185,185,18988,3,0,0,3,3
2020-07-21,US,Georgia,Barrow,798,30,0,33.99148694,-83.71436292,13013.0,958.6737145603076,3.7593984962406015,768,771,30,0,741,760,80809,27,0,0,27,11
2020-07-21,US,Georgia,Bartow,1172,49,0,34.23732119,-84.83887523,13015.0,1087.824166032412,4.180887372013652,1123,1142,46,0,1096,1138,106408,30,3,0,27,4
2020-07-21,US,Georgia,Ben Hill,276,1,0,31.76095874,-83.22145359,13017.0,1652.6946107784433,0.3623188405797101,275,266,1,0,265,266,16787,10,0,0,10,0
2020-07-21,US,Georgia,Berrien,201,0,0,31.27590016,-83.22529920000002,13019.0,1036.2427179460742,0.0,201,202,0,0,202,201,19252,-1,0,0,-1,1
2020-07-21,US,Georgia,Bibb,2328,44,0,32.80904227,-83.70489165,13021.0,1519.9890310069927,1.8900343642611683,2284,2248,44,0,2204,2201,153095,80,0,0,80,47
2020-07-21,US,Georgia,Bleckley,103,1,0,32.43829035,-83.33035166,13023.0,800.1242911520236,0.9708737864077671,102,103,1,0,102,103,12838,0,0,0,0,0
2020-07-21,US,Georgia,Brantley,179,3,0,31.19576557,-81.97743999,13025.0,936.7313831179024,1.675977653631285,176,174,3,0,171,171,18897,5,0,0,5,3
2020-07-21,US,Georgia,Brooks,289,12,0,30.83922642,-83.58303423,13027.0,1869.7030471630976,4.1522491349480966,277,282,12,0,270,271,15513,7,0,0,7,11
2020-07-21,US,Georgia,Bryan,384,5,0,32.00979311,-81.44002948,13029.0,969.0362631539102,1.3020833333333333,379,372,5,0,367,363,38109,12,0,0,12,9
2020-07-21,US,Georgia,Bulloch,824,8,0,32.39577406,-81.74811421,13031.0,1035.0718520751684,0.9708737864077671,816,803,7,0,796,791,77296,21,1,0,20,12
2020-07-21,US,Georgia,Burke,263,7,0,33.05917989,-81.99928721,13033.0,1174.9988830809095,2.661596958174905,256,252,7,0,245,245,22423,11,0,0,11,7
2020-07-21,US,Georgia,Butts,378,35,0,33.283094500000004,-83.95435040000002,13035.0,1515.8806544754568,9.25925925925926,343,375,35,0,340,364,24193,3,0,0,3,11
2020-07-21,US,Georgia,Calhoun,178,6,0,31.53169785,-84.62725131,13037.0,2876.0704475682664,3.3707865168539324,172,177,6,0,171,177,6352,1,0,0,1,0
2020-07-21,US,Georgia,Camden,410,3,0,30.92951916,-81.66601818,13039.0,750.0091464530055,0.7317073170731707,407,394,3,0,391,379,53677,16,0,0,16,15
2020-07-21,US,Georgia,Candler,143,0,0,32.40209349,-82.07702563,13043.0,1323.7063778580025,0.0,143,139,0,0,139,127,10836,4,0,0,4,12
2020-07-21,US,Georgia,Carroll,1392,42,0,33.58138199,-85.07976677,13045.0,1160.0773384892327,3.0172413793103448,1350,1373,42,0,1331,1359,118121,19,0,0,19,14
2020-07-21,US,Georgia,Catoosa,407,8,0,34.89872298,-85.13757014,13047.0,602.2491861497484,1.9656019656019657,399,395,8,0,387,390,67420,12,0,0,12,5
2020-07-21,US,Georgia,Charlton,204,2,0,30.78371028,-82.13951596,13049.0,1523.2974910394266,0.9803921568627452,202,194,2,0,192,186,12968,10,0,0,10,8
2020-07-21,US,Georgia,Chatham,3603,41,0,32.00043026,-81.12489526,13051.0,1244.8605880523787,1.1379406050513459,3562,3483,40,0,3443,3392,289195,120,1,0,119,91
2020-07-21,US,Georgia,Chattahoochee,504,1,0,32.34341231,-84.78809239,13053.0,4620.885669753369,0.1984126984126984,503,502,1,0,501,495,10684,2,0,0,2,7
2020-07-21,US,Georgia,Chattooga,98,2,0,34.47197698,-85.34535662,13055.0,395.33664125216836,2.0408163265306123,96,93,2,0,91,93,24790,5,0,0,5,0
2020-07-21,US,Georgia,Cherokee,2202,50,0,34.24393976,-84.47431861,13057.0,850.9388537444015,2.270663033605813,2152,2125,49,0,2076,2110,254149,77,1,0,76,15
2020-07-21,US,Georgia,Clarke,1286,15,0,33.95436462,-83.37124007,13059.0,1002.0961420077768,1.1664074650077758,1271,1255,15,0,1240,1238,127330,31,0,0,31,17
2020-07-21,US,Georgia,Clay,67,2,0,31.62221166,-84.97713865,13061.0,2364.149611856034,2.985074626865672,65,65,2,0,63,65,2887,2,0,0,2,0
2020-07-21,US,Georgia,Clayton,3542,86,0,33.54187245,-84.35594188,13063.0,1211.9511661009524,2.4280067758328627,3456,3455,85,0,3370,3411,289615,87,1,0,86,44
2020-07-21,US,Georgia,Clinch,132,4,0,30.91395822,-82.70432472,13065.0,1994.5602901178604,3.0303030303030303,128,132,4,0,128,131,6648,0,0,0,0,1
2020-07-21,US,Georgia,Cobb,8759,267,0,33.94243204,-84.5761255,13067.0,1152.2862205827605,3.048293184153442,8492,8510,264,0,8246,8370,756865,249,3,0,246,140
2020-07-21,US,Georgia,Coffee,1071,19,0,31.54892966,-82.85492059999999,13069.0,2474.984401358815,1.7740429505135389,1052,1055,18,0,1037,1049,43093,16,1,0,15,6
2020-07-21,US,Georgia,Colquitt,1361,20,0,31.18810588,-83.7677946,13071.0,2984.649122807017,1.4695077149155034,1341,1360,20,0,1340,1360,45592,1,0,0,1,0
2020-07-21,US,Georgia,Columbia,1300,15,0,33.54534185,-82.263524,13073.0,829.53660808862,1.1538461538461535,1285,1242,14,0,1228,1205,154291,58,1,0,57,37
2020-07-21,US,Georgia,Cook,298,5,0,31.16068491,-83.42947229,13075.0,1725.5356108859296,1.6778523489932886,293,295,4,0,291,289,17162,3,1,0,2,6
2020-07-21,US,Georgia,Coweta,1042,17,0,33.35334302,-84.76129976,13077.0,701.6409779878661,1.6314779270633395,1025,1019,16,0,1003,1010,145864,23,1,0,22,9
2020-07-21,US,Georgia,Crawford,67,0,0,32.71391813,-83.98061238,13079.0,540.1483392454047,0.0,67,68,0,0,68,67,12318,-1,0,0,-1,1
2020-07-21,US,Georgia,Crisp,340,13,0,31.92289565,-83.76811843,13081.0,1519.756838905775,3.8235294117647056,327,339,13,0,326,337,22601,1,0,0,1,2
2020-07-21,US,Georgia,Dade,88,1,0,34.854916700000004,-85.50490424,13083.0,546.0412012906428,1.1363636363636365,87,87,1,0,86,87,16226,1,0,0,1,0
2020-07-21,US,Georgia,Dawson,205,3,0,34.44244079,-84.16964071,13085.0,785.1999387161023,1.4634146341463414,202,202,3,0,199,202,25083,3,0,0,3,0
2020-07-21,US,Georgia,DeKalb,9950,190,0,33.76944049,-84.22396017,13089.0,1310.4226672830264,1.9095477386934676,9760,9800,188,0,9612,9732,756558,150,2,0,148,68
2020-07-21,US,Georgia,Decatur,398,8,0,30.87967778,-84.57619536,13087.0,1507.347371610362,2.010050251256281,390,383,8,0,375,377,26575,15,0,0,15,6
2020-07-21,US,Georgia,Dodge,174,2,0,32.17265114,-83.16948926,13091.0,844.4552293132733,1.1494252873563218,172,168,2,0,166,167,20705,6,0,0,6,1
2020-07-21,US,Georgia,Dooly,226,14,0,32.15630737,-83.79746561,13093.0,1687.8267363704254,6.1946902654867255,212,224,14,0,210,224,13706,2,0,0,2,0
2020-07-21,US,Georgia,Dougherty,2343,158,0,31.53328528,-84.21722377,13095.0,2663.831915957979,6.743491250533505,2185,2317,158,0,2159,2305,91243,26,0,0,26,12
2020-07-21,US,Georgia,Douglas,1805,41,0,33.70291126,-84.77026156,13097.0,1233.4037159276495,2.2714681440443214,1764,1750,41,0,1709,1733,145331,55,0,0,55,17
2020-07-21,US,Georgia,Early,336,31,0,31.32155345,-84.90255207,13099.0,3297.350343473994,9.226190476190476,305,327,31,0,296,327,10247,9,0,0,9,0
2020-07-21,US,Georgia,Echols,211,0,0,30.71101099,-82.89687287,13101.0,5267.09935097354,0.0,211,209,0,0,209,208,4000,2,0,0,2,1
2020-07-21,US,Georgia,Effingham,435,1,0,32.36616021,-81.34280942,13103.0,676.5584173198955,0.2298850574712644,434,419,1,0,418,400,62190,16,0,0,16,19
2020-07-21,US,Georgia,Elbert,246,1,0,34.11302332,-82.83936148,13105.0,1281.6505157861834,0.4065040650406504,245,235,0,0,235,235,19120,11,1,0,10,0
2020-07-21,US,Georgia,Emanuel,267,5,0,32.59221302,-82.30239915,13107.0,1179.016161794577,1.8726591760299625,262,260,3,0,257,259,22612,7,2,0,5,1
2020-07-21,US,Georgia,Evans,112,0,0,32.15328841,-81.8870105,13109.0,1051.2483574244418,0.0,112,100,0,0,100,93,10721,12,0,0,12,7
2020-07-21,US,Georgia,Fannin,199,2,0,34.86430205,-84.316964,13111.0,759.8900259660913,1.0050251256281406,197,193,2,0,191,190,25964,6,0,0,6,3
2020-07-21,US,Georgia,Fayette,693,21,0,33.41357794,-84.49089434,13113.0,605.6580522806129,3.0303030303030303,672,669,20,0,649,654,113459,24,1,0,23,15
2020-07-21,US,Georgia,Floyd,889,15,0,34.26268279,-85.21577392,13115.0,902.5563970842047,1.687289088863892,874,867,15,0,852,860,97927,22,0,0,22,7
2020-07-21,US,Georgia,Forsyth,1414,16,0,34.22604035,-84.12315129999998,13117.0,578.9103057497994,1.1315417256011315,1398,1383,16,0,1367,1372,236612,31,0,0,31,11
2020-07-21,US,Georgia,Franklin,300,3,0,34.37525597,-83.23159927,13119.0,1284.8515996402416,1.0,297,294,3,0,291,292,23023,6,0,0,6,2
2020-07-21,US,Georgia,Fulton,13779,348,0,33.79216944,-84.46319413,13121.0,1295.0954802774975,2.5255824080121925,13431,13379,340,0,13039,13117,1050114,400,8,0,392,262
2020-07-21,US,Georgia,Gilmer,367,2,0,34.69316688,-84.45802506,13123.0,1169.9448500111575,0.5449591280653951,365,360,2,0,358,354,30816,7,0,0,7,6
2020-07-21,US,Georgia,Glascock,17,0,0,33.22879932,-82.61297636,13125.0,572.1979131605519,0.0,17,17,0,0,17,17,2995,0,0,0,0,0
2020-07-21,US,Georgia,Glynn,1914,12,0,31.23279254,-81.53811412,13127.0,2244.0557144867043,0.6269592476489029,1902,1858,12,0,1846,1834,85219,56,0,0,56,24
2020-07-21,US,Georgia,Gordon,711,20,0,34.50487351,-84.87296253,13129.0,1226.6445836136845,2.8129395218002813,691,685,19,0,666,679,57685,26,1,0,25,6
2020-07-21,US,Georgia,Grady,301,4,0,30.87454847,-84.23418364,13131.0,1221.9380505825518,1.32890365448505,297,289,4,0,285,286,24748,12,0,0,12,3
2020-07-21,US,Georgia,Greene,166,10,0,33.5769205,-83.17139104,13133.0,905.9157389216327,6.024096385542169,156,165,10,0,155,161,17698,1,0,0,1,4
2020-07-21,US,Georgia,Gwinnett,13878,204,0,33.96044201,-84.02137802,13135.0,1482.2963951935917,1.4699524427150887,13674,13614,199,0,13415,13444,927781,264,5,0,259,170
2020-07-21,US,Georgia,Habersham,876,42,0,34.63331566,-83.53094677,13137.0,1932.5803035651247,4.794520547945205,834,855,41,0,814,854,45388,21,1,0,20,1
2020-07-21,US,Georgia,Hall,4528,68,0,34.32207823,-83.81896936,13139.0,2214.819923596539,1.5017667844522968,4460,4420,66,0,4354,4394,202148,108,2,0,106,26
2020-07-21,US,Georgia,Hancock,244,33,0,33.2721566,-82.99766919,13141.0,2885.1838713491784,13.524590163934429,211,244,33,0,211,242,8348,0,0,0,0,2
2020-07-21,US,Georgia,Haralson,136,6,0,33.79602175,-85.21005667,13143.0,456.49838882921586,4.411764705882354,130,135,6,0,129,134,29533,1,0,0,1,1
2020-07-21,US,Georgia,Harris,522,14,0,32.73709786,-84.90538572,13145.0,1481.4394369394934,2.681992337164751,508,511,13,0,498,504,34475,11,1,0,10,7
2020-07-21,US,Georgia,Hart,165,0,0,34.34626973,-82.96567682,13147.0,629.6508299942759,0.0,165,158,0,0,158,152,26099,7,0,0,7,6
2020-07-21,US,Georgia,Heard,104,3,0,33.29686567,-85.12886832,13149.0,872.2636920238194,2.8846153846153846,101,102,3,0,99,101,11879,2,0,0,2,1
2020-07-21,US,Georgia,Henry,2260,35,0,33.4533428,-84.14814659999998,13151.0,963.5020314545044,1.5486725663716814,2225,2213,34,0,2179,2163,230220,47,1,0,46,50
2020-07-21,US,Georgia,Houston,1255,34,0,32.45802497,-83.66879087,13153.0,794.9931269518506,2.7091633466135456,1221,1239,33,0,1206,1217,155469,16,1,0,15,22
2020-07-21,US,Georgia,Irwin,112,1,0,31.60213036,-83.27501387,13155.0,1189.4647408666099,0.8928571428571429,111,109,1,0,108,109,9398,3,0,0,3,0
2020-07-21,US,Georgia,Jackson,647,13,0,34.13794553,-83.56814788,13157.0,886.5807035093248,2.009273570324575,634,631,12,0,619,618,70422,16,1,0,15,13
2020-07-21,US,Georgia,Jasper,103,1,0,33.31535543,-83.68844964,13159.0,724.3828679935298,0.9708737864077671,102,103,1,0,102,102,14040,0,0,0,0,1
2020-07-21,US,Georgia,Jeff Davis,231,4,0,31.80405727,-82.63724870000001,13161.0,1528.2831624214355,1.7316017316017316,227,216,3,0,213,210,15029,15,1,0,14,6
2020-07-21,US,Georgia,Jefferson,312,5,0,33.05867328,-82.41609057,13163.0,2030.9855487566724,1.6025641025641026,307,295,5,0,290,284,15430,17,0,0,17,11
2020-07-21,US,Georgia,Jenkins,194,14,0,32.79248718,-81.96040187,13165.0,2236.053480866759,7.216494845360825,180,193,14,0,179,189,8683,1,0,0,1,4
2020-07-21,US,Georgia,Johnson,157,2,0,32.70211082,-82.66166794,13167.0,1628.1240277921809,1.2738853503184713,155,155,2,0,153,153,9708,2,0,0,2,2
2020-07-21,US,Georgia,Jones,191,1,0,33.02512137,-83.56019163,13169.0,664.6946232817122,0.5235602094240838,190,187,1,0,186,184,28616,4,0,0,4,3
2020-07-21,US,Georgia,Lamar,168,7,0,33.07841647,-84.14263877,13171.0,880.6416103160874,4.166666666666667,161,166,7,0,159,165,19000,2,0,0,2,1
2020-07-21,US,Georgia,Lanier,184,3,0,31.03828570000001,-83.06472457,13173.0,1765.3266813777225,1.6304347826086956,181,184,3,0,181,181,10340,0,0,0,0,3
2020-07-21,US,Georgia,Laurens,513,1,0,32.46325233,-82.92221316,13175.0,1078.9551171497076,0.1949317738791423,512,492,1,0,491,477,47325,21,0,0,21,15
2020-07-21,US,Georgia,Lee,454,22,0,31.779330600000005,-84.14324253,13177.0,1513.7369965324087,4.845814977973569,432,449,22,0,427,448,29764,5,0,0,5,1
2020-07-21,US,Georgia,Liberty,398,2,0,31.82588896,-81.49251135,13179.0,647.8391796207374,0.5025125628140703,396,377,2,0,375,363,61497,21,0,0,21,14
2020-07-21,US,Georgia,Lincoln,92,2,0,33.79201475,-82.45024131,13181.0,1161.469511425325,2.1739130434782608,90,88,2,0,86,86,7915,4,0,0,4,2
2020-07-21,US,Georgia,Long,88,1,0,31.75218791,-81.74952375,13183.0,449.92075259471335,1.1363636363636365,87,83,1,0,82,81,18998,5,0,0,5,2
2020-07-21,US,Georgia,Lowndes,2285,22,0,30.83568832,-83.27056716,13185.0,1946.237841336899,0.9628008752735229,2263,2248,19,0,2229,2211,116321,37,3,0,34,37
2020-07-21,US,Georgia,Lumpkin,211,5,0,34.57286511,-84.00425681,13187.0,627.7893484082117,2.3696682464454977,206,204,4,0,200,204,32955,7,1,0,6,0
2020-07-21,US,Georgia,Macon,151,10,0,32.35207048,-84.04234127,13193.0,1166.293349810767,6.622516556291392,141,150,10,0,140,150,13143,1,0,0,1,0
2020-07-21,US,Georgia,Madison,235,4,0,34.12920917,-83.21218732,13195.0,786.479250334672,1.702127659574468,231,228,4,0,224,225,29650,7,0,0,7,3
2020-07-21,US,Georgia,Marion,114,3,0,32.3483402,-84.52733571,13197.0,1363.7994975475535,2.631578947368421,111,111,3,0,108,111,8351,3,0,0,3,0
2020-07-21,US,Georgia,McDuffie,206,8,0,33.47851918,-82.48252774,13189.0,966.5915915915916,3.8834951456310685,198,201,8,0,193,197,21531,5,0,0,5,4
2020-07-21,US,Georgia,McIntosh,110,1,0,31.49683595,-81.40163426,13191.0,765.0577270830438,0.9090909090909092,109,103,1,0,102,102,14340,7,0,0,7,1
2020-07-21,US,Georgia,Meriwether,290,4,0,33.04163534,-84.68859732,13199.0,1370.057164454103,1.3793103448275863,286,282,4,0,278,282,21068,8,0,0,8,0
2020-07-21,US,Georgia,Miller,74,0,0,31.16568912,-84.73151117,13201.0,1294.1587967820915,0.0,74,72,0,0,72,72,5686,2,0,0,2,0
2020-07-21,US,Georgia,Mitchell,525,41,0,31.22483255,-84.19381821,13205.0,2401.317294058455,7.809523809523809,484,522,41,0,481,522,22192,3,0,0,3,0
2020-07-21,US,Georgia,Monroe,315,20,0,33.014289,-83.92097166,13207.0,1142.2148089056495,6.349206349206349,295,306,20,0,286,300,27520,9,0,0,9,6
2020-07-21,US,Georgia,Montgomery,91,0,0,32.17201038,-82.53527476,13209.0,992.1500218054947,0.0,91,86,0,0,86,78,9193,5,0,0,5,8
2020-07-21,US,Georgia,Morgan,112,0,0,33.59232073,-83.49129491,13211.0,581.0334094210417,0.0,112,115,0,0,115,107,18853,-3,0,0,-3,8
2020-07-21,US,Georgia,Murray,399,2,0,34.78897608,-84.74993177,13213.0,995.1117318435754,0.5012531328320802,397,391,2,0,389,382,39921,8,0,0,8,9
2020-07-21,US,Georgia,Muscogee,3520,67,0,32.50931999,-84.87142262,13215.0,1798.0374829518466,1.9034090909090908,3453,3435,64,0,3371,3382,194160,85,3,0,82,53
2020-07-21,US,Georgia,Newton,1239,21,0,33.55514538,-83.84547140000002,13217.0,1108.7843642611683,1.6949152542372878,1218,1202,19,0,1183,1177,109541,37,2,0,35,25
2020-07-21,US,Georgia,Oconee,304,15,0,33.83749973,-83.43679568,13219.0,754.7169811320755,4.934210526315789,289,294,14,0,280,289,39272,10,1,0,9,5
2020-07-21,US,Georgia,Oglethorpe,145,8,0,33.878629600000004,-83.08278123,13221.0,950.2588636214692,5.517241379310344,137,140,8,0,132,137,15054,5,0,0,5,3
2020-07-21,US,Georgia,Out of GA,13123,68,0,0.0,0.0,80013.0,0.0,0.5181741979730244,13055,12787,63,0,12724,12329,,336,5,0,331,458
2020-07-21,US,Georgia,Paulding,1080,17,0,33.91969522,-84.86848792,13223.0,640.3149400890513,1.5740740740740742,1063,1057,16,0,1041,1043,164044,23,1,0,22,14
2020-07-21,US,Georgia,Peach,204,10,0,32.56934316,-83.82937,13225.0,740.5793944674363,4.901960784313727,194,201,10,0,191,195,27297,3,0,0,3,6
2020-07-21,US,Georgia,Pickens,176,5,0,34.46589159,-84.46406611,13227.0,540.026387653033,2.8409090909090913,171,166,5,0,161,166,31980,10,0,0,10,0
2020-07-21,US,Georgia,Pierce,322,5,0,31.35928155,-82.21598442,13229.0,1654.2512201387106,1.5527950310559009,317,314,5,0,309,312,19389,8,0,0,8,2
2020-07-21,US,Georgia,Pike,141,3,0,33.09310242,-84.38790389,13231.0,743.5924480540027,2.127659574468085,138,141,3,0,138,140,18634,0,0,0,0,1
2020-07-21,US,Georgia,Polk,431,2,0,34.00267074,-85.18677781,13233.0,1011.4284373313308,0.4640371229698376,429,417,2,0,415,415,42470,14,0,0,14,2
2020-07-21,US,Georgia,Pulaski,70,2,0,32.23334561,-83.47549959999998,13235.0,628.5355122564425,2.8571428571428568,68,70,2,0,68,70,11069,0,0,0,0,0
2020-07-21,US,Georgia,Putnam,276,16,0,33.32056115,-83.37552891,13237.0,1247.7960124779602,5.797101449275362,260,274,13,0,261,272,21809,2,3,0,-1,2
2020-07-21,US,Georgia,Quitman,25,1,0,31.86728114,-85.01773177,13239.0,1087.4293170943888,4.0,24,24,1,0,23,24,2279,1,0,0,1,0
2020-07-21,US,Georgia,Rabun,125,3,0,34.88389445,-83.40304637,13241.0,729.4158837602847,2.4,122,118,3,0,115,118,16867,7,0,0,7,0
2020-07-21,US,Georgia,Randolph,228,26,0,31.76622818,-84.75732369,13243.0,3363.8241369135435,11.403508771929824,202,223,25,0,198,223,6833,5,1,0,4,0
2020-07-21,US,Georgia,Richmond,2390,69,0,33.35777107,-82.07026432,13245.0,1180.1420120680632,2.8870292887029287,2321,2305,63,0,2242,2208,201554,85,6,0,79,97
2020-07-21,US,Georgia,Rockdale,914,11,0,33.65145002,-84.02202167,13247.0,1005.5447984509767,1.2035010940919038,903,895,11,0,884,865,90594,19,0,0,19,30
2020-07-21,US,Georgia,Schley,31,1,0,32.2654021,-84.31258912,13249.0,589.6899372265551,3.2258064516129035,30,31,1,0,30,31,5236,0,0,0,0,0
2020-07-21,US,Georgia,Screven,136,8,0,32.74976524,-81.60779441,13251.0,973.7934984963484,5.882352941176472,128,136,8,0,128,135,13938,0,0,0,0,1
2020-07-21,US,Georgia,Seminole,79,2,0,30.93464824,-84.86823924,13253.0,976.5142150803464,2.5316455696202533,77,71,2,0,69,71,8315,8,0,0,8,0
2020-07-21,US,Georgia,Spalding,664,33,0,33.26310031,-84.28013991,13255.0,995.4574756757567,4.96987951807229,631,659,33,0,626,652,66100,5,0,0,5,7
2020-07-21,US,Georgia,Stephens,412,6,0,34.55151201,-83.29405315,13257.0,1589.1996142719386,1.4563106796116505,406,403,6,0,397,402,26035,9,0,0,9,1
2020-07-21,US,Georgia,Stewart,234,4,0,32.07996777,-84.83208037,13259.0,3534.2093339374715,1.709401709401709,230,233,4,0,229,233,6199,1,0,0,1,0
2020-07-21,US,Georgia,Sumter,675,53,0,32.03650571,-84.19821492,13261.0,2286.275572415662,7.851851851851853,622,668,52,0,616,665,29733,7,1,0,6,3
2020-07-21,US,Georgia,Talbot,107,3,0,32.69642758,-84.53351366,13263.0,1727.1993543179983,2.803738317757009,104,106,3,0,103,106,6272,1,0,0,1,0
2020-07-21,US,Georgia,Taliaferro,3,0,0,33.56543317,-82.88136816,13265.0,195.1854261548471,0.0,3,2,0,0,2,2,1608,1,0,0,1,0
2020-07-21,US,Georgia,Tattnall,277,0,0,32.04785085,-82.05539188,13267.0,1095.467847820929,0.0,277,267,0,0,267,263,25391,10,0,0,10,4
2020-07-21,US,Georgia,Taylor,54,2,0,32.55792548,-84.25077141,13269.0,673.3167082294265,3.703703703703704,52,52,2,0,50,52,8039,2,0,0,2,0
2020-07-21,US,Georgia,Telfair,219,5,0,31.92829517,-82.93491155,13271.0,1380.832282471627,2.2831050228310503,214,216,3,0,213,201,15876,3,2,0,1,15
2020-07-21,US,Georgia,Terrell,265,29,0,31.77527543,-84.44069698,13273.0,3106.318133864729,10.943396226415095,236,260,29,0,231,260,8611,5,0,0,5,0
2020-07-21,US,Georgia,Thomas,714,34,0,30.86392347,-83.91847289,13275.0,1606.263076196261,4.761904761904762,680,696,33,0,663,692,44448,18,1,0,17,4
2020-07-21,US,Georgia,Tift,1088,29,0,31.45743864,-83.5236119,13277.0,2676.9018797362464,2.6654411764705883,1059,1109,29,0,1080,1108,40571,-21,0,0,-21,1
2020-07-21,US,Georgia,Toombs,426,6,0,32.12059861,-82.32957247,13279.0,1587.77487886694,1.4084507042253518,420,412,6,0,406,402,26887,14,0,0,14,10
2020-07-21,US,Georgia,Towns,84,1,0,34.91369188,-83.74107459999998,13281.0,697.8483010716956,1.1904761904761905,83,84,1,0,83,84,11852,0,0,0,0,0
2020-07-21,US,Georgia,Treutlen,62,2,0,32.40422134,-82.56904553,13283.0,898.4205187653963,3.2258064516129035,60,59,2,0,57,57,6809,3,0,0,3,2
2020-07-21,US,Georgia,Troup,1939,45,0,33.03349196,-85.02812115,13285.0,2773.0900145876835,2.3207839092315625,1894,1874,43,0,1831,1866,70034,65,2,0,63,8
2020-07-21,US,Georgia,Turner,204,18,0,31.71612656,-83.62069378,13287.0,2554.7902316844084,8.823529411764708,186,214,18,0,196,214,7912,-10,0,0,-10,0
2020-07-21,US,Georgia,Twiggs,58,1,0,32.67435595,-83.43078662,13289.0,714.2857142857142,1.7241379310344829,57,56,1,0,55,55,8188,2,0,0,2,1
2020-07-21,US,Georgia,Unassigned,1680,7,0,0.0,0.0,90013.0,0.0,0.4166666666666667,1673,1821,6,0,1815,1754,,-141,1,0,-142,67
2020-07-21,US,Georgia,Union,144,5,0,34.82995757,-83.98967069,13291.0,587.4913304230754,3.4722222222222223,139,137,4,0,133,136,24001,7,1,0,6,1
2020-07-21,US,Georgia,Upson,426,45,0,32.87920671,-84.30024826,13293.0,1618.541033434651,10.56338028169014,381,419,45,0,374,416,26215,7,0,0,7,3
2020-07-21,US,Georgia,Walker,414,14,0,34.73376362,-85.30165174,13295.0,593.4547956594657,3.3816425120772946,400,411,14,0,397,410,69410,3,0,0,3,1
2020-07-21,US,Georgia,Walton,669,32,0,33.78017694,-83.73552314,13297.0,707.2404934826044,4.783258594917788,637,649,32,0,617,645,93503,20,0,0,20,4
2020-07-21,US,Georgia,Ware,896,17,0,31.05449097,-82.42224148,13299.0,2507.4159064196565,1.8973214285714288,879,851,17,0,834,844,35680,45,0,0,45,7
2020-07-21,US,Georgia,Warren,44,0,0,33.41146451,-82.67795848,13301.0,837.4571754853447,0.0,44,45,0,0,45,45,5251,-1,0,0,-1,0
2020-07-21,US,Georgia,Washington,250,1,0,32.96711864,-82.79357039,13303.0,1227.054088544223,0.4,249,244,1,0,243,226,20386,6,0,0,6,18
2020-07-21,US,Georgia,Wayne,429,0,0,31.5521809,-81.91894878,13305.0,1433.488154509306,0.0,429,381,0,0,381,336,29808,48,0,0,48,45
2020-07-21,US,Georgia,Webster,35,2,0,32.04066113,-84.54742852,13307.0,1342.5393172228614,5.7142857142857135,33,35,2,0,33,35,2611,0,0,0,0,0
2020-07-21,US,Georgia,Wheeler,77,0,0,32.12009104,-82.72574721,13309.0,980.2673456397197,0.0,77,77,0,0,77,76,7879,0,0,0,0,1
2020-07-21,US,Georgia,White,228,5,0,34.64624278,-83.74905525,13311.0,740.3078121955971,2.1929824561403506,223,218,5,0,213,213,29970,10,0,0,10,5
2020-07-21,US,Georgia,Whitfield,2347,23,0,34.80987459,-84.96093476,13313.0,2243.185380586459,0.97997443544951,2324,2298,23,0,2275,2246,104062,49,0,0,49,52
2020-07-21,US,Georgia,Wilcox,148,16,0,31.97496928,-83.43438555,13315.0,1713.9548349739432,10.810810810810812,132,147,15,0,132,146,8812,1,1,0,0,1
2020-07-21,US,Georgia,Wilkes,149,3,0,33.78290391,-82.74286107,13317.0,1523.984862432239,2.0134228187919465,146,144,3,0,141,144,9876,5,0,0,5,0
2020-07-21,US,Georgia,Wilkinson,140,9,0,32.80291082,-83.17140684,13319.0,1563.5470180924726,6.428571428571429,131,134,9,0,125,133,9036,6,0,0,6,1
2020-07-21,US,Georgia,Worth,377,22,0,31.55162306,-83.85090513,13321.0,1862.004247542845,5.835543766578248,355,374,22,0,352,374,20299,3,0,0,3,0
2020-07-21,US,Hawaii,Hawaii,114,0,0,19.60121157,-155.5210167,15001.0,56.572032573580856,0.0,114,114,0,0,114,113,200983,0,0,0,0,1
2020-07-21,US,Hawaii,Honolulu,1100,17,0,21.45803166,-157.97121819999995,15003.0,112.87110222735727,1.5454545454545454,1083,1079,17,0,1062,1065,980080,21,0,0,21,14
2020-07-21,US,Hawaii,Kauai,43,0,0,22.03935037,-159.5966786,15007.0,59.480170970910045,0.0,43,43,0,0,43,43,72133,0,0,0,0,0
2020-07-21,US,Hawaii,Maui,139,6,0,20.86399628,-156.56890969999995,15009.0,83.0262159756775,4.316546762589929,133,135,6,0,129,135,167207,4,0,0,4,0
2020-07-21,US,Hawaii,Out of HI,22,1,0,0.0,0.0,80015.0,0.0,4.545454545454546,21,22,1,0,21,22,,0,0,0,0,0
2020-07-21,US,Idaho,Ada,6195,35,0,43.4526575,-116.24155159999998,16001.0,1286.3719327971894,0.5649717514124294,6160,5979,33,0,5946,5900,469966,216,2,0,214,79
2020-07-21,US,Idaho,Adams,15,0,0,44.89333571,-116.4545247,16003.0,349.32463903120635,0.0,15,15,0,0,15,15,4250,0,0,0,0,0
2020-07-21,US,Idaho,Bannock,213,1,0,42.67002716,-112.2233311,16005.0,242.5747084548105,0.4694835680751174,212,199,1,0,198,189,87138,14,0,0,14,10
2020-07-21,US,Idaho,Bear Lake,3,0,0,42.28269683,-111.32892379999998,16007.0,48.979591836734684,0.0,3,3,0,0,3,3,6050,0,0,0,0,0
2020-07-21,US,Idaho,Benewah,37,0,0,47.21754179,-116.6586851,16009.0,397.935039793504,0.0,37,36,0,0,36,36,9226,1,0,0,1,0
2020-07-21,US,Idaho,Bingham,121,2,0,43.21672879999999,-112.3978437,16011.0,258.48625323107814,1.6528925619834711,119,113,2,0,111,107,46236,8,0,0,8,6
2020-07-21,US,Idaho,Blaine,561,5,0,43.4085812,-113.9752658,16013.0,2436.9054341688025,0.8912655971479501,556,558,5,0,553,556,22601,3,0,0,3,2
2020-07-21,US,Idaho,Boise,22,0,0,43.98829931,-115.7309284,16015.0,280.9347465202401,0.0,22,20,0,0,20,20,7634,2,0,0,2,0
2020-07-21,US,Idaho,Bonner,101,0,0,48.29996017,-116.6017932,16017.0,220.81812020376483,0.0,101,99,0,0,99,95,44727,2,0,0,2,4
2020-07-21,US,Idaho,Bonneville,370,1,0,43.38713372,-111.6161537,16019.0,310.7624598948447,0.2702702702702703,369,358,1,0,357,330,116854,12,0,0,12,28
2020-07-21,US,Idaho,Boundary,19,0,0,48.76684761,-116.4630179,16021.0,155.1653736218865,0.0,19,13,0,0,13,11,11948,6,0,0,6,2
2020-07-21,US,Idaho,Camas,1,0,0,43.46665742,-114.8065892,16025.0,90.41591320072331,0.0,1,1,0,0,1,1,1127,0,0,0,0,0
2020-07-21,US,Idaho,Canyon,3493,20,0,43.61970148,-116.70954990000001,16027.0,1519.6933639041283,0.5725737188663039,3473,3317,19,0,3298,3163,223499,176,1,0,175,154
2020-07-21,US,Idaho,Caribou,21,0,0,42.77149116,-111.5597683,16029.0,293.5010482180293,0.0,21,21,0,0,21,21,7060,0,0,0,0,0
2020-07-21,US,Idaho,Cassia,381,1,0,42.28347888,-113.6012409,16031.0,1585.518102372035,0.2624671916010499,380,382,1,0,381,360,23864,-1,0,0,-1,22
2020-07-21,US,Idaho,Clark,1,0,0,44.28496071,-112.35057040000001,16033.0,118.3431952662722,0.0,1,1,0,0,1,1,852,0,0,0,0,0
2020-07-21,US,Idaho,Clearwater,8,0,0,46.67459924,-115.6622393,16035.0,91.36592051164915,0.0,8,8,0,0,8,7,8758,0,0,0,0,1
2020-07-21,US,Idaho,Custer,7,0,0,44.24186819,-114.2855494,16037.0,162.22479721900348,0.0,7,6,0,0,6,6,4280,1,0,0,1,0
2020-07-21,US,Idaho,Elmore,128,2,0,43.3507101,-115.4701578,16039.0,465.26843807931374,1.5625,126,125,2,0,123,124,27259,3,0,0,3,1
2020-07-21,US,Idaho,Franklin,36,0,0,42.18332217,-111.81496659999999,16041.0,259.4407610262324,0.0,36,35,0,0,35,35,13726,1,0,0,1,0
2020-07-21,US,Idaho,Fremont,29,0,0,44.22800938,-111.48099429999999,16043.0,221.39094587373089,0.0,29,26,0,0,26,24,13168,3,0,0,3,2
2020-07-21,US,Idaho,Gem,102,0,0,44.06482372,-116.398376,16045.0,563.1625441696114,0.0,102,101,0,0,101,99,17634,1,0,0,1,2
2020-07-21,US,Idaho,Gooding,97,1,0,42.96927962,-114.81083059999999,16047.0,639.0407800250347,1.0309278350515465,96,95,1,0,94,95,15196,2,0,0,2,0
2020-07-21,US,Idaho,Idaho,18,0,0,45.84721541,-115.4634436,16049.0,107.99784004319912,0.0,18,17,0,0,17,16,16513,1,0,0,1,1
2020-07-21,US,Idaho,Jefferson,59,1,0,43.82078483,-112.3131749,16051.0,197.5159854039034,1.6949152542372878,58,54,0,0,54,53,29439,5,1,0,4,1
2020-07-21,US,Idaho,Jerome,360,6,0,42.68891267,-114.2655033,16053.0,1474.6845813534326,1.6666666666666667,354,356,6,0,350,351,24015,4,0,0,4,5
2020-07-21,US,Idaho,Kootenai,1116,1,0,47.67282258,-116.7020872,16055.0,673.5185308122658,0.08960573476702509,1115,1067,1,0,1066,1048,161505,49,0,0,49,19
2020-07-21,US,Idaho,Latah,50,0,0,46.81587887,-116.71136979999999,16057.0,124.66340879625014,0.0,50,47,0,0,47,40,40134,3,0,0,3,7
2020-07-21,US,Idaho,Lemhi,7,0,0,44.9438088,-113.9309747,16059.0,87.20568082720817,0.0,7,6,0,0,6,6,7961,1,0,0,1,0
2020-07-21,US,Idaho,Lewis,1,0,0,46.23315327,-116.434146,16061.0,26.055237102657642,0.0,1,1,0,0,1,1,3861,0,0,0,0,0
2020-07-21,US,Idaho,Lincoln,44,0,0,43.0012336,-114.1358773,16063.0,819.9776369735373,0.0,44,46,0,0,46,46,5360,-2,0,0,-2,0
2020-07-21,US,Idaho,Madison,104,0,0,43.78141028,-111.65384740000002,16065.0,260.6059087378154,0.0,104,100,0,0,100,97,39304,4,0,0,4,3
2020-07-21,US,Idaho,Minidoka,325,1,0,42.85518524,-113.6357257,16067.0,1544.7502257711872,0.3076923076923077,324,317,1,0,316,308,20825,8,0,0,8,9
2020-07-21,US,Idaho,Nez Perce,118,19,0,46.32638236,-116.75009750000001,16069.0,292.02138190457333,16.10169491525424,99,116,19,0,97,116,40408,2,0,0,2,0
2020-07-21,US,Idaho,Oneida,7,0,0,42.19494279999999,-112.5407838,16071.0,154.4912822776429,0.0,7,7,0,0,7,7,4488,0,0,0,0,0
2020-07-21,US,Idaho,Owyhee,156,0,0,42.58016894,-116.16938710000001,16073.0,1319.4620654656176,0.0,156,147,0,0,147,143,11693,9,0,0,9,4
2020-07-21,US,Idaho,Payette,252,2,0,44.00545243,-116.7647695,16075.0,1052.1481357772118,0.7936507936507936,250,244,2,0,242,241,23551,8,0,0,8,3
2020-07-21,US,Idaho,Power,24,0,0,42.69254894,-112.83957420000002,16077.0,312.4593151933342,0.0,24,24,0,0,24,22,7768,0,0,0,0,2
2020-07-21,US,Idaho,Shoshone,31,0,0,47.35364087,-115.89167490000001,16079.0,240.6458624437199,0.0,31,28,0,0,28,25,12796,3,0,0,3,3
2020-07-21,US,Idaho,Teton,49,0,0,43.75303583,-111.2056773,16081.0,403.55789820457915,0.0,49,48,0,0,48,45,11640,1,0,0,1,3
2020-07-21,US,Idaho,Twin Falls,951,25,0,42.35440512,-114.6685381,16083.0,1094.638458528051,2.6288117770767614,926,946,25,0,921,927,86081,5,0,0,5,19
2020-07-21,US,Idaho,Valley,38,1,0,44.76728382,-115.5676773,16085.0,333.5674157303372,2.631578947368421,37,37,1,0,36,37,11041,1,0,0,1,0
2020-07-21,US,Idaho,Washington,152,2,0,44.45275475,-116.78476880000001,16087.0,1491.0731803021383,1.3157894736842106,150,149,2,0,147,147,10161,3,0,0,3,2
2020-07-21,US,Illinois,Adams,289,1,0,39.98815591,-91.18786813,17001.0,441.65966226025824,0.3460207612456747,288,285,1,0,284,252,65691,4,0,0,4,33
2020-07-21,US,Illinois,Alexander,32,0,0,37.18049267,-89.32910838,17003.0,555.4591216802638,0.0,32,32,0,0,32,32,6060,0,0,0,0,0
2020-07-21,US,Illinois,Bond,28,1,0,38.88829622,-89.43534887,17005.0,170.46146353342263,3.571428571428572,27,25,1,0,24,26,16630,3,0,0,3,-1
2020-07-21,US,Illinois,Boone,659,21,0,42.32359279,-88.82345779,17007.0,1230.7634842372631,3.1866464339908958,638,656,21,0,635,649,53577,3,0,0,3,7
2020-07-21,US,Illinois,Brown,11,0,0,39.96209138,-90.75068024,17009.0,167.22408026755855,0.0,11,11,0,0,11,11,6556,0,0,0,0,0
2020-07-21,US,Illinois,Bureau,57,2,0,41.40385234,-89.5283051,17011.0,174.6965796248621,3.5087719298245608,55,53,2,0,51,53,32993,4,0,0,4,0
2020-07-21,US,Illinois,Calhoun,4,0,0,39.16840183,-90.66330078,17013.0,84.40599282549061,0.0,4,2,0,0,2,2,4802,2,0,0,2,0
2020-07-21,US,Illinois,Carroll,24,2,0,42.06823429,-89.93395545,17015.0,167.77350576721423,8.333333333333334,22,23,2,0,21,23,14312,1,0,0,1,0
2020-07-21,US,Illinois,Cass,157,11,0,39.96991073,-90.24734436,17017.0,1292.5002058121347,7.0063694267515935,146,156,11,0,145,152,12260,1,0,0,1,4
2020-07-21,US,Illinois,Champaign,1263,17,0,40.13919438,-88.20046615,17019.0,602.3205795249155,1.3460015835312746,1246,1249,17,0,1232,1209,209983,14,0,0,14,40
2020-07-21,US,Illinois,Christian,56,4,0,39.54581621,-89.27780482,17021.0,173.3531451213472,7.142857142857142,52,55,4,0,51,55,32661,1,0,0,1,0
2020-07-21,US,Illinois,Clark,50,0,0,39.33425789,-87.78705622,17023.0,323.8132245320898,0.0,50,50,0,0,50,49,15596,0,0,0,0,1
2020-07-21,US,Illinois,Clay,9,0,0,38.75388572,-88.48914513,17025.0,68.26456310679612,0.0,9,8,0,0,8,8,13253,1,0,0,1,0
2020-07-21,US,Illinois,Clinton,273,17,0,38.60704876,-89.42385254,17027.0,726.7983600447261,6.227106227106228,256,271,17,0,254,268,37639,2,0,0,2,3
2020-07-21,US,Illinois,Coles,255,17,0,39.51949084,-88.22358557,17029.0,503.74350565970633,6.666666666666668,238,249,17,0,232,235,50885,6,0,0,6,14
2020-07-21,US,Illinois,Cook,99464,4788,0,41.84144849,-87.81658794,17031.0,1931.2524307152703,4.8138019786053245,94676,99052,4777,0,94275,98670,5180493,412,11,0,401,382
2020-07-21,US,Illinois,Crawford,26,0,0,39.0032229,-87.75954624,17033.0,139.2832270852306,0.0,26,26,0,0,26,24,18807,0,0,0,0,2
2020-07-21,US,Illinois,Cumberland,37,1,0,39.27432424,-88.2401158,17035.0,343.67453093070776,2.702702702702702,36,36,1,0,35,36,10808,1,0,0,1,0
2020-07-21,US,Illinois,De Witt,24,0,0,40.17514519,-88.90959682,17039.0,153.47231103721703,0.0,24,21,0,0,21,20,15769,3,0,0,3,1
2020-07-21,US,Illinois,DeKalb,717,23,0,41.89373302,-88.76958483,17037.0,683.5276509337731,3.207810320781032,694,710,23,0,687,699,104143,7,0,0,7,11
2020-07-21,US,Illinois,Douglas,84,0,0,39.76768052,-88.21854195,17041.0,431.5437965579245,0.0,84,80,0,0,80,76,19479,4,0,0,4,4
2020-07-21,US,Illinois,DuPage,10414,500,0,41.85116968,-88.08642662,17043.0,1128.373934497102,4.801229114653351,9914,10317,498,0,9819,10196,928589,97,2,0,95,121
2020-07-21,US,Illinois,Edgar,18,0,0,39.6809186,-87.74759563,17045.0,104.88899248295557,0.0,18,23,0,0,23,21,17360,-5,0,0,-5,2
2020-07-21,US,Illinois,Edwards,6,0,0,38.41353228,-88.05720863,17047.0,93.82329945269743,0.0,6,5,0,0,5,5,6392,1,0,0,1,0
2020-07-21,US,Illinois,Effingham,46,1,0,39.05935711,-88.58969584,17049.0,135.26229122559394,2.1739130434782608,45,42,1,0,41,42,34208,4,0,0,4,0
2020-07-21,US,Illinois,Fayette,39,3,0,39.00072038,-89.02452658,17051.0,182.7896512935883,7.6923076923076925,36,38,3,0,35,35,21416,1,0,0,1,3
2020-07-21,US,Illinois,Ford,33,1,0,40.59706922,-88.22350769,17053.0,254.60998379754648,3.0303030303030303,32,33,1,0,32,32,13264,0,0,0,0,1
2020-07-21,US,Illinois,Franklin,79,0,0,37.99189086,-88.92567818,17055.0,205.36016012893498,0.0,79,78,0,0,78,71,38701,1,0,0,1,7
2020-07-21,US,Illinois,Fulton,21,0,0,40.47289135,-90.20862357,17057.0,61.153174140943506,0.0,21,20,0,0,20,18,34844,1,0,0,1,2
2020-07-21,US,Illinois,Gallatin,21,0,0,37.76430935,-88.22953869,17059.0,434.9627174813588,0.0,21,21,0,0,21,15,5058,0,0,0,0,6
2020-07-21,US,Illinois,Greene,13,0,0,39.35907414,-90.388865,17061.0,100.23903153674142,0.0,13,13,0,0,13,13,13044,0,0,0,0,0
2020-07-21,US,Illinois,Grundy,215,5,0,41.28569601,-88.41905692,17063.0,421.12273279272927,2.3255813953488373,210,213,5,0,208,214,50972,2,0,0,2,-1
2020-07-21,US,Illinois,Hamilton,11,0,0,38.08163641,-88.53883373,17065.0,135.53474618038442,0.0,11,11,0,0,11,9,8163,0,0,0,0,2
2020-07-21,US,Illinois,Hancock,22,1,0,40.40423981,-91.16313899,17067.0,124.23763270838042,4.545454545454546,21,22,1,0,21,22,17844,0,0,0,0,0
2020-07-21,US,Illinois,Hardin,7,0,0,37.51810645,-88.26873022,17069.0,183.19811567652448,0.0,7,6,0,0,6,5,3910,1,0,0,1,1
2020-07-21,US,Illinois,Henderson,8,0,0,40.81908672,-90.92491462,17071.0,120.37315678603672,0.0,8,8,0,0,8,8,6709,0,0,0,0,0
2020-07-21,US,Illinois,Henry,146,1,0,41.3533994,-90.13296166,17073.0,298.48915421258147,0.6849315068493149,145,146,1,0,145,143,49090,0,0,0,0,3
2020-07-21,US,Illinois,Iroquois,181,5,0,40.74717633,-87.82466784,17075.0,667.5518182488751,2.7624309392265194,176,181,5,0,176,181,27604,0,0,0,0,0
2020-07-21,US,Illinois,Jackson,420,19,0,37.78595185,-89.38232563,17077.0,740.0881057268723,4.523809523809524,401,420,19,0,401,400,57419,0,0,0,0,20
2020-07-21,US,Illinois,Jasper,49,7,0,39.01054275,-88.15437049,17079.0,509.88553590010406,14.285714285714285,42,49,7,0,42,49,9611,0,0,0,0,0
2020-07-21,US,Illinois,Jefferson,137,17,0,38.29980057,-88.9240025,17081.0,363.549517036408,12.408759124087592,120,136,17,0,119,130,37820,1,0,0,1,6
2020-07-21,US,Illinois,Jersey,54,1,0,39.08869046,-90.35393073,17083.0,248.0135948192716,1.851851851851852,53,54,1,0,53,52,21847,0,0,0,0,2
2020-07-21,US,Illinois,Jo Daviess,70,1,0,42.36542373,-90.21094405,17085.0,329.64445490934776,1.4285714285714286,69,66,1,0,65,64,21366,4,0,0,4,2
2020-07-21,US,Illinois,Johnson,42,0,0,37.45939802,-88.88165419,17087.0,338.24595312877506,0.0,42,42,0,0,42,38,12456,0,0,0,0,4
2020-07-21,US,Illinois,Kane,8433,291,0,41.93842729,-88.42861412,17089.0,1583.9505036598214,3.450729277837069,8142,8406,289,0,8117,8361,534216,27,2,0,25,45
2020-07-21,US,Illinois,Kankakee,1517,66,0,41.13746989,-87.86205334,17091.0,1380.8232145782888,4.350692155570203,1451,1516,66,0,1450,1504,110024,1,0,0,1,12
2020-07-21,US,Illinois,Kendall,1132,21,0,41.59081014,-88.42869583,17093.0,877.5874098767348,1.8551236749116609,1111,1126,21,0,1105,1125,127915,6,0,0,6,1
2020-07-21,US,Illinois,Knox,196,0,0,40.93148779,-90.21330340000002,17095.0,394.3741322763033,0.0,196,193,0,0,193,190,50112,3,0,0,3,3
2020-07-21,US,Illinois,LaSalle,350,18,0,41.34426129999999,-88.88633881,17099.0,322.07897376436705,5.142857142857143,332,343,18,0,325,328,109430,7,0,0,7,15
2020-07-21,US,Illinois,Lake,10963,434,0,42.3224907,-88.00367925,17097.0,1573.9338295993741,3.9587704095594267,10529,10896,433,0,10463,10818,700832,67,1,0,66,78
2020-07-21,US,Illinois,Lawrence,28,0,0,38.71987914,-87.72884035,17101.0,178.59420844495472,0.0,28,27,0,0,27,23,15765,1,0,0,1,4
2020-07-21,US,Illinois,Lee,119,2,0,41.74583951,-89.29977132,17103.0,349.0145471609574,1.680672268907563,117,117,2,0,115,117,34223,2,0,0,2,0
2020-07-21,US,Illinois,Livingston,61,2,0,40.89188292,-88.55784752,17105.0,171.11759425493716,3.278688524590164,59,60,2,0,58,60,35761,1,0,0,1,0
2020-07-21,US,Illinois,Logan,55,0,0,40.12581572,-89.36638784,17107.0,192.18673562093792,0.0,55,51,0,0,51,43,28925,4,0,0,4,8
2020-07-21,US,Illinois,Macon,282,22,0,39.86064913,-88.96342505,17115.0,271.1303829476295,7.801418439716313,260,282,22,0,260,275,104712,0,0,0,0,7
2020-07-21,US,Illinois,Macoupin,95,3,0,39.26119767,-89.92424028,17117.0,211.45884343142052,3.1578947368421053,92,89,3,0,86,86,45313,6,0,0,6,3
2020-07-21,US,Illinois,Madison,1540,71,0,38.83042506,-89.90422563,17119.0,585.6270392370117,4.6103896103896105,1469,1534,71,0,1463,1478,264461,6,0,0,6,56
2020-07-21,US,Illinois,Marion,96,0,0,38.64963204,-88.91899208,17121.0,258.02983469963715,0.0,96,93,0,0,93,89,37620,3,0,0,3,4
2020-07-21,US,Illinois,Marshall,15,0,0,41.0327901,-89.34510444,17123.0,131.14180800839307,0.0,15,15,0,0,15,15,11534,0,0,0,0,0
2020-07-21,US,Illinois,Mason,36,0,0,40.23917274,-89.91824452,17125.0,269.48124859645185,0.0,36,36,0,0,36,36,13565,0,0,0,0,0
2020-07-21,US,Illinois,Massac,22,0,0,37.22078441,-88.71036614,17127.0,159.7444089456869,0.0,22,22,0,0,22,19,14080,0,0,0,0,3
2020-07-21,US,Illinois,McDonough,118,15,0,40.45674722,-90.67775541,17109.0,397.5473350852369,12.711864406779661,103,118,15,0,103,115,29955,0,0,0,0,3
2020-07-21,US,Illinois,McHenry,2510,109,0,42.32451172,-88.45248227,17111.0,815.5334758621586,4.342629482071713,2401,2480,107,0,2373,2463,308570,30,2,0,28,17
2020-07-21,US,Illinois,McLean,408,15,0,40.48996987,-88.84621113,17113.0,237.8772949620154,3.6764705882352944,393,404,15,0,389,386,172828,4,0,0,4,18
2020-07-21,US,Illinois,Menard,35,0,0,40.02742725,-89.80246001,17129.0,286.9793374877009,0.0,35,35,0,0,35,34,12288,0,0,0,0,1
2020-07-21,US,Illinois,Mercer,38,0,0,41.20596782,-90.74290052,17131.0,246.1618190062836,0.0,38,34,0,0,34,34,15601,4,0,0,4,0
2020-07-21,US,Illinois,Monroe,199,13,0,38.27594376,-90.17761038,17133.0,574.5301267430782,6.532663316582915,186,198,13,0,185,192,34335,1,0,0,1,6
2020-07-21,US,Illinois,Montgomery,107,2,0,39.23198845,-89.47809254,17135.0,376.5749278524671,1.8691588785046729,105,106,2,0,104,106,28601,1,0,0,1,0
2020-07-21,US,Illinois,Morgan,145,5,0,39.71654544,-90.20255104,17137.0,430.80396933864165,3.4482758620689653,140,145,5,0,140,145,33976,0,0,0,0,0
2020-07-21,US,Illinois,Moultrie,33,0,0,39.64187451,-88.62099969,17139.0,227.5705123784567,0.0,33,30,0,0,30,29,14717,3,0,0,3,1
2020-07-21,US,Illinois,Ogle,344,5,0,42.04165196,-89.32184679,17141.0,679.264656517189,1.4534883720930232,339,339,5,0,334,338,50923,5,0,0,5,1
2020-07-21,US,Illinois,Out of IL,2,0,0,0.0,0.0,80017.0,0.0,0.0,2,3,0,0,3,1,,-1,0,0,-1,2
2020-07-21,US,Illinois,Peoria,852,32,0,40.78702156,-89.76078901,17143.0,475.5021514798052,3.755868544600939,820,838,32,0,806,824,180621,14,0,0,14,14
2020-07-21,US,Illinois,Perry,70,1,0,38.08510853,-89.36856219,17145.0,334.6720214190093,1.4285714285714286,69,68,1,0,67,67,21174,2,0,0,2,1
2020-07-21,US,Illinois,Piatt,31,0,0,40.01360584,-88.59319339,17147.0,189.67205090553108,0.0,31,30,0,0,30,26,16396,1,0,0,1,4
2020-07-21,US,Illinois,Pike,9,0,0,39.62265059,-90.8877017,17149.0,57.83689994216311,0.0,9,9,0,0,9,9,15611,0,0,0,0,0
2020-07-21,US,Illinois,Pope,2,0,0,37.41391284,-88.56152109,17151.0,47.8812544888676,0.0,2,2,0,0,2,2,4212,0,0,0,0,0
2020-07-21,US,Illinois,Pulaski,88,0,0,37.22631423,-89.13085001,17153.0,1649.4845360824743,0.0,88,88,0,0,88,87,5463,0,0,0,0,1
2020-07-21,US,Illinois,Putnam,3,0,0,41.2013541,-89.2869272,17155.0,52.27391531625719,0.0,3,2,0,0,2,2,5740,1,0,0,1,0
2020-07-21,US,Illinois,Randolph,369,7,0,38.05095369,-89.82512254,17157.0,1161.0345478572776,1.897018970189702,362,370,7,0,363,363,32106,-1,0,0,-1,7
2020-07-21,US,Illinois,Richland,9,0,0,38.71240969,-88.08475366,17159.0,58.015857667762525,0.0,9,10,0,0,10,10,15763,-1,0,0,-1,0
2020-07-21,US,Illinois,Rock Island,1355,30,0,41.46613806,-90.57042164,17161.0,955.0391530811467,2.2140221402214024,1325,1344,30,0,1314,1344,143477,11,0,0,11,0
2020-07-21,US,Illinois,Saline,59,0,0,37.75332999,-88.54119706,17165.0,251.1600187305777,0.0,59,56,0,0,56,45,23906,3,0,0,3,11
2020-07-21,US,Illinois,Sangamon,692,33,0,39.75836914,-89.65872023,17167.0,355.46971315854364,4.76878612716763,659,671,33,0,638,656,195348,21,0,0,21,15
2020-07-21,US,Illinois,Schuyler,14,0,0,40.1571798,-90.61114163,17169.0,206.85579196217486,0.0,14,14,0,0,14,14,6907,0,0,0,0,0
2020-07-21,US,Illinois,Scott,2,0,0,39.6429169,-90.47814431,17171.0,40.395879620278734,0.0,2,1,0,0,1,1,4926,1,0,0,1,0
2020-07-21,US,Illinois,Shelby,29,1,0,39.39133527,-88.80611122,17173.0,134.04825737265415,3.4482758620689653,28,29,1,0,28,29,21741,0,0,0,0,0
2020-07-21,US,Illinois,St. Clair,2794,151,0,38.46996033,-89.93063427,17163.0,1075.91475859307,5.404438081603437,2643,2767,150,0,2617,2722,261059,27,1,0,26,45
2020-07-21,US,Illinois,Stark,6,0,0,41.09309773,-89.79745866,17175.0,112.31748408835642,0.0,6,6,0,0,6,7,5427,0,0,0,0,-1
2020-07-21,US,Illinois,Stephenson,290,6,0,42.35129217,-89.662598,17177.0,651.7146838060137,2.0689655172413794,284,289,6,0,283,289,44753,1,0,0,1,0
2020-07-21,US,Illinois,Tazewell,235,8,0,40.50716185,-89.51404662,17179.0,178.2963968953665,3.404255319148936,227,226,8,0,218,221,132328,9,0,0,9,5
2020-07-21,US,Illinois,Unassigned,1212,193,0,0.0,0.0,90017.0,0.0,15.924092409240926,1019,1213,193,0,1020,1207,,-1,0,0,-1,6
2020-07-21,US,Illinois,Union,241,21,0,37.47119609,-89.25548938,17181.0,1447.1866930883325,8.71369294605809,220,237,21,0,216,231,16841,4,0,0,4,6
2020-07-21,US,Illinois,Vermilion,137,2,0,40.18417171,-87.73384359,17183.0,180.8389873016711,1.45985401459854,135,130,2,0,128,121,76806,7,0,0,7,9
2020-07-21,US,Illinois,Wabash,24,0,0,38.44272901,-87.84922065,17185.0,208.33333333333331,0.0,24,23,0,0,23,23,11549,1,0,0,1,0
2020-07-21,US,Illinois,Warren,154,0,0,40.84925021,-90.6147432,17187.0,914.2721443837568,0.0,154,153,0,0,153,152,17032,1,0,0,1,1
2020-07-21,US,Illinois,Washington,35,0,0,38.35309213,-89.40982703,17189.0,252.03427666162602,0.0,35,35,0,0,35,31,13995,0,0,0,0,4
2020-07-21,US,Illinois,Wayne,27,1,0,38.42955355,-88.42586459,17191.0,166.51248843663274,3.703703703703704,26,27,1,0,26,25,16332,0,0,0,0,2
2020-07-21,US,Illinois,White,32,0,0,38.08706198,-88.17657461,17193.0,236.3891556474847,0.0,32,31,0,0,31,28,13665,1,0,0,1,3
2020-07-21,US,Illinois,Whiteside,241,16,0,41.75509713,-89.91556058,17195.0,436.79202537381065,6.639004149377594,225,234,16,0,218,233,55626,7,0,0,7,1
2020-07-21,US,Illinois,Will,7762,336,0,41.44619267,-87.97862712,17197.0,1123.7175041947582,4.328781241947952,7426,7687,335,0,7352,7652,692310,75,1,0,74,35
2020-07-21,US,Illinois,Williamson,211,4,0,37.73033511,-88.92994027,17199.0,316.83108848746934,1.895734597156398,207,213,4,0,209,201,67056,-2,0,0,-2,12
2020-07-21,US,Illinois,Winnebago,3365,111,0,42.33641854,-89.16085327,17201.0,1190.8469345865833,3.298662704309064,3254,3362,108,0,3254,3342,284081,3,3,0,0,20
2020-07-21,US,Illinois,Woodford,64,3,0,40.78579374,-89.20973757,17203.0,166.41098312488626,4.6875,61,65,3,0,62,64,38463,-1,0,0,-1,1
2020-07-21,US,Indiana,Adams,58,1,0,40.7457653,-84.93671406,18001.0,162.1153254884423,1.7241379310344829,57,57,1,0,56,57,35636,1,0,0,1,0
2020-07-21,US,Indiana,Allen,3203,144,0,41.09194313,-85.06800636,18003.0,844.452529534747,4.495785201373712,3059,3168,143,0,3025,3136,375351,35,1,0,34,32
2020-07-21,US,Indiana,Bartholomew,641,45,0,39.20744865,-85.89558181,18005.0,765.1082013392378,7.02028081123245,596,638,45,0,593,635,82753,3,0,0,3,3
2020-07-21,US,Indiana,Benton,54,0,0,40.60626947,-87.31093999,18007.0,617.2839506172841,0.0,54,53,0,0,53,53,8653,1,0,0,1,0
2020-07-21,US,Indiana,Blackford,45,2,0,40.47388153,-85.32499702,18009.0,382.71814934512673,4.4444444444444455,43,45,2,0,43,45,11930,0,0,0,0,0
2020-07-21,US,Indiana,Boone,547,45,0,40.0509304,-86.46841646,18011.0,806.2733074893505,8.226691042047532,502,534,45,0,489,530,66999,13,0,0,13,4
2020-07-21,US,Indiana,Brown,55,1,0,39.19605589,-86.22868909,18013.0,364.43148688046654,1.818181818181818,54,54,1,0,53,54,15234,1,0,0,1,0
2020-07-21,US,Indiana,Carroll,120,2,0,40.580783200000006,-86.56198812,18015.0,592.3878165572395,1.6666666666666667,118,120,2,0,118,119,20127,0,0,0,0,1
2020-07-21,US,Indiana,Cass,1674,9,0,40.76135835,-86.34830753,18017.0,4441.614264108891,0.5376344086021505,1665,1671,9,0,1662,1666,37955,3,0,0,3,5
2020-07-21,US,Indiana,Clark,806,45,0,38.48015445,-85.70510334,18019.0,681.3071630234484,5.583126550868486,761,782,44,0,738,773,117360,24,1,0,23,9
2020-07-21,US,Indiana,Clay,73,5,0,39.39561833,-87.11723506,18021.0,278.36034318398475,6.849315068493151,68,73,5,0,68,71,26170,0,0,0,0,2
2020-07-21,US,Indiana,Clinton,311,3,0,40.30319754,-86.47277257,18023.0,959.9061699435167,0.964630225080386,308,310,3,0,307,308,32250,1,0,0,1,2
2020-07-21,US,Indiana,Crawford,37,0,0,38.28814402,-86.44518825,18025.0,349.8156377044532,0.0,37,37,0,0,37,36,10558,0,0,0,0,1
2020-07-21,US,Indiana,Daviess,174,17,0,38.70186039,-87.07185406,18027.0,521.7234865521274,9.770114942528737,157,173,17,0,156,166,33147,1,0,0,1,7
2020-07-21,US,Indiana,DeKalb,179,4,0,41.39804622,-84.99906934,18033.0,411.73087981598616,2.23463687150838,175,176,4,0,172,175,43226,3,0,0,3,1
2020-07-21,US,Indiana,Dearborn,346,25,0,39.14647946,-84.97333539,18029.0,699.5834849771524,7.22543352601156,321,334,25,0,309,323,49568,12,0,0,12,11
2020-07-21,US,Indiana,Decatur,266,32,0,39.30712658,-85.50087166,18031.0,1001.5437328212655,12.030075187969926,234,266,32,0,234,264,26794,0,0,0,0,2
2020-07-21,US,Indiana,Delaware,516,52,0,40.22787247,-85.39732772,18035.0,452.0962018662111,10.077519379844961,464,513,52,0,461,512,114772,3,0,0,3,1
2020-07-21,US,Indiana,Dubois,446,7,0,38.36597551,-86.87924170000002,18037.0,1043.6166229876449,1.5695067264573992,439,435,7,0,428,426,42565,11,0,0,11,9
2020-07-21,US,Indiana,Elkhart,4080,68,0,41.59761169,-85.85875695,18039.0,1977.3094053048114,1.6666666666666667,4012,4046,64,0,3982,3999,205560,34,4,0,30,47
2020-07-21,US,Indiana,Fayette,120,7,0,39.63684962,-85.17797541,18041.0,519.4355467059129,5.833333333333332,113,119,7,0,112,116,23047,1,0,0,1,3
2020-07-21,US,Indiana,Floyd,501,44,0,38.32117957,-85.90385377,18043.0,638.037747382899,8.782435129740517,457,492,44,0,448,479,77781,9,0,0,9,13
2020-07-21,US,Indiana,Fountain,43,2,0,40.12361933,-87.24217689,18045.0,263.0612994004649,4.651162790697675,41,43,2,0,41,43,16351,0,0,0,0,0
2020-07-21,US,Indiana,Franklin,150,8,0,39.4142482,-85.06062647,18047.0,659.1088847877669,5.333333333333333,142,147,8,0,139,144,22736,3,0,0,3,3
2020-07-21,US,Indiana,Fulton,99,2,0,41.0469907,-86.26252745,18049.0,495.6443376389306,2.0202020202020203,97,91,1,0,90,89,20092,8,1,0,7,2
2020-07-21,US,Indiana,Gibson,162,2,0,38.30393723,-87.58054938,18051.0,481.297721263258,1.2345679012345678,160,159,2,0,157,158,33452,3,0,0,3,1
2020-07-21,US,Indiana,Grant,413,28,0,40.51587228,-85.65468702,18053.0,627.9554197266191,6.779661016949151,385,403,27,0,376,393,65936,10,1,0,9,10
2020-07-21,US,Indiana,Greene,208,33,0,39.03630547,-86.96223202,18055.0,651.5882463504793,15.865384615384615,175,207,33,0,174,207,32006,1,0,0,1,0
2020-07-21,US,Indiana,Hamilton,1991,102,0,40.07306535,-86.05244729,18057.0,589.0340846895515,5.123053741838271,1889,1953,101,0,1852,1933,330086,38,1,0,37,20
2020-07-21,US,Indiana,Hancock,519,36,0,39.82304555,-85.77566351,18059.0,663.9545594105005,6.9364161849710975,483,511,36,0,475,506,76351,8,0,0,8,5
2020-07-21,US,Indiana,Harrison,236,22,0,38.19467379,-86.10948271,18061.0,582.5003085277058,9.322033898305083,214,233,22,0,211,229,40350,3,0,0,3,4
2020-07-21,US,Indiana,Hendricks,1573,106,0,39.76719009,-86.51037283,18063.0,923.604464773268,6.738715829624921,1467,1560,103,0,1457,1551,167009,13,3,0,10,9
2020-07-21,US,Indiana,Henry,324,18,0,39.93029017,-85.39625719,18065.0,675.3939798215625,5.5555555555555545,306,323,18,0,305,322,48271,1,0,0,1,1
2020-07-21,US,Indiana,Howard,683,60,0,40.48527731,-86.11351892,18067.0,827.4374878852492,8.784773060029282,623,673,59,0,614,666,82366,10,1,0,9,7
2020-07-21,US,Indiana,Huntington,111,2,0,40.82907273,-85.48822092,18069.0,303.94304490690035,1.8018018018018016,109,110,2,0,108,109,36240,1,0,0,1,1
2020-07-21,US,Indiana,Jackson,508,3,0,38.90915820000001,-86.03851889,18071.0,1148.515746874364,0.5905511811023622,505,506,3,0,503,502,44111,2,0,0,2,4
2020-07-21,US,Indiana,Jasper,162,2,0,41.02078733,-87.11553319,18073.0,482.6887551397414,1.2345679012345678,160,159,2,0,157,157,33370,3,0,0,3,2
2020-07-21,US,Indiana,Jay,73,0,0,40.43781032,-85.00576229,18075.0,357.2127617929145,0.0,73,73,0,0,73,73,20764,0,0,0,0,0
2020-07-21,US,Indiana,Jefferson,133,2,0,38.78576239,-85.43633383,18077.0,411.6627460690852,1.5037593984962403,131,125,2,0,123,124,32208,8,0,0,8,1
2020-07-21,US,Indiana,Jennings,188,12,0,38.99588883,-85.62710784,18079.0,677.8438795745448,6.382978723404255,176,187,12,0,175,187,27611,1,0,0,1,0
2020-07-21,US,Indiana,Johnson,1464,118,0,39.48994426,-86.10149107,18081.0,925.60395025511,8.060109289617486,1346,1444,118,0,1326,1432,156225,20,0,0,20,12
2020-07-21,US,Indiana,Knox,90,0,0,38.68861576,-87.4194665,18083.0,245.94195769798333,0.0,90,87,0,0,87,83,36895,3,0,0,3,4
2020-07-21,US,Indiana,Kosciusko,689,8,0,41.24521668,-85.86312322,18085.0,867.1465968586388,1.161103047895501,681,679,8,0,671,657,79344,10,0,0,10,22
2020-07-21,US,Indiana,LaGrange,500,10,0,41.64232188,-85.42674232,18087.0,1262.180037360529,2.0,490,499,10,0,489,498,39330,1,0,0,1,1
2020-07-21,US,Indiana,LaPorte,699,28,0,41.54366008,-86.74072188,18091.0,636.1022131624927,4.005722460658083,671,695,28,0,667,688,110007,4,0,0,4,7
2020-07-21,US,Indiana,Lake,6277,256,0,41.41874274,-87.38277575,18089.0,1292.9125651657182,4.078381392384897,6021,6223,254,0,5969,6145,484411,54,2,0,52,78
2020-07-21,US,Indiana,Lawrence,281,26,0,38.84112637,-86.48361629,18093.0,619.3519947101609,9.252669039145909,255,278,26,0,252,277,45668,3,0,0,3,1
2020-07-21,US,Indiana,Madison,716,64,0,40.16143691,-85.71964711,18095.0,552.6013166729696,8.938547486033519,652,715,64,0,651,714,129641,1,0,0,1,1
2020-07-21,US,Indiana,Marion,12991,709,0,39.78163624,-86.13826325,18097.0,1346.8009977378802,5.457624509275654,12282,12843,706,0,12137,12750,954670,148,3,0,145,93
2020-07-21,US,Indiana,Marshall,671,14,0,41.32467367,-86.26185087,18099.0,1450.5599031518873,2.0864381520119224,657,663,13,0,650,659,46248,8,1,0,7,4
2020-07-21,US,Indiana,Martin,35,0,0,38.7099921,-86.80373186,18101.0,341.29692832764505,0.0,35,35,0,0,35,34,10217,0,0,0,0,1
2020-07-21,US,Indiana,Miami,214,2,0,40.76940965,-86.04525048,18103.0,602.5453316814958,0.9345794392523364,212,209,2,0,207,207,35567,5,0,0,5,2
2020-07-21,US,Indiana,Monroe,490,28,0,39.16130004,-86.52414358,18105.0,330.11971892663934,5.7142857142857135,462,484,28,0,456,472,146917,6,0,0,6,12
2020-07-21,US,Indiana,Montgomery,306,20,0,40.04034823,-86.89335024,18107.0,798.1637018102144,6.5359477124183005,286,306,20,0,286,306,38346,0,0,0,0,0
2020-07-21,US,Indiana,Morgan,367,31,0,39.47899078,-86.44573375,18109.0,520.6486118401452,8.446866485013624,336,369,31,0,338,368,70116,-2,0,0,-2,1
2020-07-21,US,Indiana,Newton,101,10,0,40.95610449,-87.39635768,18111.0,722.254004576659,9.900990099009901,91,101,10,0,91,101,14011,0,0,0,0,0
2020-07-21,US,Indiana,Noble,574,28,0,41.39672484,-85.41966713,18113.0,1202.245308310992,4.878048780487805,546,566,28,0,538,556,47532,8,0,0,8,10
2020-07-21,US,Indiana,Ohio,33,2,0,38.955304999999996,-84.96515993,18115.0,561.7021276595743,6.0606060606060606,31,32,2,0,30,31,5844,1,0,0,1,1
2020-07-21,US,Indiana,Orange,154,24,0,38.54118920000001,-86.49523093,18117.0,783.8745800671892,15.584415584415586,130,149,24,0,125,146,19489,5,0,0,5,3
2020-07-21,US,Indiana,Owen,58,1,0,39.31145587,-86.83900724,18119.0,278.85956055579595,1.7241379310344829,57,56,1,0,55,56,20845,2,0,0,2,0
2020-07-21,US,Indiana,Parke,33,0,0,39.77202286,-87.20375833,18121.0,194.83970006494656,0.0,33,32,0,0,32,32,16927,1,0,0,1,0
2020-07-21,US,Indiana,Perry,161,12,0,38.07809328,-86.63741946,18123.0,839.8977515780687,7.453416149068322,149,160,12,0,148,159,19102,1,0,0,1,1
2020-07-21,US,Indiana,Pike,21,0,0,38.40112197,-87.23574907,18125.0,169.50520623133426,0.0,21,20,0,0,20,19,12410,1,0,0,1,1
2020-07-21,US,Indiana,Porter,942,38,0,41.45986947,-87.06848888,18127.0,552.8525902493707,4.0339702760084934,904,921,38,0,883,910,169594,21,0,0,21,11
2020-07-21,US,Indiana,Posey,115,0,0,38.02097333,-87.86480429,18129.0,452.2751405985763,0.0,115,111,0,0,111,102,25540,4,0,0,4,9
2020-07-21,US,Indiana,Pulaski,67,1,0,41.04166107,-86.69890683,18131.0,542.3783696268113,1.492537313432836,66,68,1,0,67,68,12469,-1,0,0,-1,0
2020-07-21,US,Indiana,Putnam,196,8,0,39.66437981,-86.84517605,18133.0,521.6095380029807,4.081632653061225,188,194,8,0,186,190,37779,2,0,0,2,4
2020-07-21,US,Indiana,Randolph,83,4,0,40.15734772,-85.01139319,18135.0,336.50922359618886,4.819277108433735,79,82,4,0,78,82,24851,1,0,0,1,0
2020-07-21,US,Indiana,Ripley,163,7,0,39.10235626,-85.26212744,18137.0,575.4836887445276,4.294478527607362,156,157,7,0,150,155,28523,6,0,0,6,2
2020-07-21,US,Indiana,Rush,71,3,0,39.62002287,-85.4655599,18139.0,428.2009528978952,4.225352112676056,68,71,3,0,68,69,16663,0,0,0,0,2
2020-07-21,US,Indiana,Scott,200,9,0,38.68672078,-85.74627859,18143.0,837.7665144724167,4.5,191,198,9,0,189,193,23878,2,0,0,2,5
2020-07-21,US,Indiana,Shelby,476,25,0,39.52305623,-85.79158570000001,18145.0,1064.18654564153,5.2521008403361344,451,475,25,0,450,474,44593,1,0,0,1,1
2020-07-21,US,Indiana,Spencer,93,1,0,38.01519732,-87.0079644,18147.0,458.64772895398727,1.075268817204301,92,91,1,0,90,89,20327,2,0,0,2,2
2020-07-21,US,Indiana,St. Joseph,2553,74,0,41.61756781,-86.29040834,18141.0,939.2037553434918,2.898550724637681,2479,2524,74,0,2450,2491,270771,29,0,0,29,33
2020-07-21,US,Indiana,Starke,141,4,0,41.27890281,-86.64686895,18149.0,613.1767775603392,2.8368794326241136,137,138,4,0,134,134,22935,3,0,0,3,4
2020-07-21,US,Indiana,Steuben,162,3,0,41.64423868,-85.00101094,18151.0,468.2892987223218,1.851851851851852,159,154,3,0,151,152,34586,8,0,0,8,2
2020-07-21,US,Indiana,Sullivan,65,1,0,39.08952258,-87.41414469,18153.0,314.4806231554502,1.5384615384615383,64,65,1,0,64,64,20690,0,0,0,0,1
2020-07-21,US,Indiana,Switzerland,36,0,0,38.82767338,-85.03022429,18155.0,334.85257185378106,0.0,36,36,0,0,36,35,10717,0,0,0,0,1
2020-07-21,US,Indiana,Tippecanoe,889,10,0,40.38872739,-86.89413959,18157.0,454.1924672511393,1.124859392575928,879,886,10,0,876,875,193048,3,0,0,3,11
2020-07-21,US,Indiana,Tipton,47,2,0,40.31123252,-86.05234925,18159.0,310.27198310007924,4.25531914893617,45,47,2,0,45,43,15128,0,0,0,0,4
2020-07-21,US,Indiana,Unassigned,0,194,0,0.0,0.0,90018.0,0.0,0.0,-194,0,193,0,-193,0,,0,1,0,-1,0
2020-07-21,US,Indiana,Union,18,0,0,39.62550777,-84.92497066,18161.0,255.17436915225403,0.0,18,17,0,0,17,17,7037,1,0,0,1,0
2020-07-21,US,Indiana,Vanderburgh,1191,6,0,38.02658833,-87.58763124,18163.0,656.3755504240812,0.5037783375314862,1185,1153,6,0,1147,1114,180974,38,0,0,38,39
2020-07-21,US,Indiana,Vermillion,20,0,0,39.8523352,-87.46160542,18165.0,129.0489095367144,0.0,20,20,0,0,20,20,15479,0,0,0,0,0
2020-07-21,US,Indiana,Vigo,310,9,0,39.42944561,-87.39169027,18167.0,289.61677161381937,2.9032258064516134,301,301,9,0,292,294,107386,9,0,0,9,7
2020-07-21,US,Indiana,Wabash,131,3,0,40.84704239,-85.79328272,18169.0,422.6351787327397,2.2900763358778624,128,129,3,0,126,128,31280,2,0,0,2,1
2020-07-21,US,Indiana,Warren,17,1,0,40.34728141,-87.35602659,18171.0,205.686630369026,5.882352941176472,16,16,1,0,15,16,8263,1,0,0,1,0
2020-07-21,US,Indiana,Warrick,358,29,0,38.08922676,-87.2716085,18173.0,568.2720086351948,8.100558659217876,329,352,29,0,323,343,62567,6,0,0,6,9
2020-07-21,US,Indiana,Washington,77,1,0,38.60219804,-86.1049363,18175.0,274.6468825795406,1.2987012987012987,76,77,1,0,76,78,27943,0,0,0,0,-1
2020-07-21,US,Indiana,Wayne,215,7,0,39.863344399999995,-85.01044989,18177.0,326.3311274360998,3.255813953488372,208,207,6,0,201,199,65936,8,1,0,7,8
2020-07-21,US,Indiana,Wells,101,1,0,40.72934187,-85.22132966,18179.0,356.9409103760249,0.99009900990099,100,94,1,0,93,94,28206,7,0,0,7,0
2020-07-21,US,Indiana,White,306,10,0,40.74911165,-86.86492015,18181.0,1269.6041822255415,3.2679738562091503,296,302,10,0,292,300,24133,4,0,0,4,2
2020-07-21,US,Indiana,Whitley,120,6,0,41.13863784,-85.50791236,18183.0,353.31527499705567,5.0,114,116,6,0,110,116,34074,4,0,0,4,0
2020-07-21,US,Iowa,Adair,20,0,0,41.33075609,-94.47105874,19001.0,279.6420581655481,0.0,20,20,0,0,20,20,7063,0,0,0,0,0
2020-07-21,US,Iowa,Adams,12,0,0,41.02903567,-94.69932645,19003.0,333.14825097168233,0.0,12,12,0,0,12,12,3645,0,0,0,0,0
2020-07-21,US,Iowa,Allamakee,143,4,0,43.28383218,-91.37860922,19005.0,1044.787024183532,2.797202797202797,139,141,4,0,137,139,13832,2,0,0,2,2
2020-07-21,US,Iowa,Appanoose,34,3,0,40.74324454,-92.86865906,19007.0,273.61982938998875,8.823529411764708,31,34,3,0,31,34,12437,0,0,0,0,0
2020-07-21,US,Iowa,Audubon,22,1,0,41.6844628,-94.90581859,19009.0,400.2911208151383,4.545454545454546,21,21,1,0,20,21,5506,1,0,0,1,0
2020-07-21,US,Iowa,Benton,97,1,0,42.08011739,-92.06463573,19011.0,378.241372587249,1.0309278350515465,96,94,1,0,93,93,25642,3,0,0,3,1
2020-07-21,US,Iowa,Black Hawk,2717,61,0,42.4704581,-92.30524729,19013.0,2070.4422836589747,2.2451232977548767,2656,2707,61,0,2646,2692,132408,10,0,0,10,15
2020-07-21,US,Iowa,Boone,189,1,0,42.03657094,-93.9313999,19015.0,720.4391247998781,0.5291005291005291,188,188,1,0,187,185,26346,1,0,0,1,3
2020-07-21,US,Iowa,Bremer,141,7,0,42.77461496,-92.31795937,19017.0,562.6047402441944,4.964539007092198,134,139,7,0,132,135,24947,2,0,0,2,4
2020-07-21,US,Iowa,Buchanan,77,1,0,42.4709188,-91.83510825,19019.0,363.6363636363636,1.2987012987012987,76,76,1,0,75,74,21199,1,0,0,1,2
2020-07-21,US,Iowa,Buena Vista,1758,12,0,42.73545875,-95.15100162,19021.0,8960.244648318043,0.6825938566552902,1746,1757,12,0,1745,1754,19874,1,0,0,1,3
2020-07-21,US,Iowa,Butler,85,2,0,42.73172833,-92.79015971,19023.0,588.6834268301128,2.3529411764705883,83,84,2,0,82,81,14539,1,0,0,1,3
2020-07-21,US,Iowa,Calhoun,71,2,0,42.38521079,-94.64046046,19025.0,734.3814646255687,2.8169014084507036,69,70,2,0,68,68,9699,1,0,0,1,2
2020-07-21,US,Iowa,Carroll,145,1,0,42.03617207,-94.86032705,19027.0,719.0676915447557,0.6896551724137931,144,135,1,0,134,132,20154,10,0,0,10,3
2020-07-21,US,Iowa,Cass,30,0,0,41.33149454,-94.92792482,19029.0,233.71766905578065,0.0,30,30,0,0,30,30,12930,0,0,0,0,0
2020-07-21,US,Iowa,Cedar,103,1,0,41.77233777,-91.13246684,19031.0,552.9607558919847,0.9708737864077671,102,103,1,0,102,103,18627,0,0,0,0,0
2020-07-21,US,Iowa,Cerro Gordo,457,14,0,43.08177563,-93.2612239,19033.0,1076.560659599529,3.063457330415755,443,450,13,0,437,434,42647,7,1,0,6,16
2020-07-21,US,Iowa,Cherokee,89,1,0,42.73538914,-95.62389402,19035.0,792.167334223409,1.1235955056179776,88,89,1,0,88,88,11321,0,0,0,0,1
2020-07-21,US,Iowa,Chickasaw,39,0,0,43.06001295,-92.31773347,19037.0,326.824771641666,0.0,39,41,0,0,41,38,11964,-2,0,0,-2,3
2020-07-21,US,Iowa,Clarke,152,3,0,41.02868181,-93.78499767,19039.0,1617.8818520489624,1.973684210526316,149,152,3,0,149,152,9423,0,0,0,0,0
2020-07-21,US,Iowa,Clay,161,1,0,43.08247182,-95.15096481,19041.0,1005.2447552447552,0.6211180124223602,160,161,1,0,160,159,16134,0,0,0,0,2
2020-07-21,US,Iowa,Clayton,62,3,0,42.84443388,-91.34133693,19043.0,353.29648413014985,4.838709677419356,59,60,3,0,57,57,17556,2,0,0,2,3
2020-07-21,US,Iowa,Clinton,184,2,0,41.89981633,-90.53275096,19045.0,396.3040341166082,1.0869565217391304,182,178,2,0,176,175,46518,6,0,0,6,3
2020-07-21,US,Iowa,Crawford,688,3,0,42.03718237,-95.3819718,19047.0,4090.368608799049,0.43604651162790703,685,690,3,0,687,688,17158,-2,0,0,-2,2
2020-07-21,US,Iowa,Dallas,1581,34,0,41.68560356,-94.04127625,19049.0,1691.7594940772367,2.150537634408602,1547,1571,34,0,1537,1544,90180,10,0,0,10,27
2020-07-21,US,Iowa,Davis,46,1,0,40.74773536,-92.41005468,19051.0,511.1111111111112,2.1739130434782608,45,46,1,0,45,45,9017,0,0,0,0,1
2020-07-21,US,Iowa,Decatur,15,0,0,40.73742757,-93.78645949,19053.0,190.5972045743329,0.0,15,16,0,0,16,15,7890,-1,0,0,-1,1
2020-07-21,US,Iowa,Delaware,67,1,0,42.47104597,-91.3664492,19055.0,393.8627946622772,1.492537313432836,66,66,1,0,65,63,17069,1,0,0,1,3
2020-07-21,US,Iowa,Des Moines,117,2,0,40.92012606,-91.18326592,19057.0,300.2540611286473,1.709401709401709,115,115,2,0,113,116,39138,2,0,0,2,-1
2020-07-21,US,Iowa,Dickinson,345,4,0,43.37787725,-95.1510206,19059.0,1999.072893730444,1.1594202898550725,341,344,3,0,341,333,17153,1,1,0,0,11
2020-07-21,US,Iowa,Dubuque,1237,24,0,42.46815349,-90.88181925,19061.0,1271.1820863006235,1.9401778496362168,1213,1215,23,0,1192,1189,96854,22,1,0,21,26
2020-07-21,US,Iowa,Emmet,120,0,0,43.37782951,-94.67858943,19063.0,1303.2145960034752,0.0,120,120,0,0,120,115,9253,0,0,0,0,5
2020-07-21,US,Iowa,Fayette,65,0,0,42.86271799,-91.8441231,19065.0,330.7888040712468,0.0,65,65,0,0,65,65,19660,0,0,0,0,0
2020-07-21,US,Iowa,Floyd,95,2,0,43.06000529999999,-92.78940097,19067.0,607.3392149341516,2.1052631578947367,93,95,2,0,93,94,15761,0,0,0,0,1
2020-07-21,US,Iowa,Franklin,145,1,0,42.73270384,-93.26256925,19069.0,1439.9205561072492,0.6896551724137931,144,144,0,0,144,134,10124,1,1,0,0,10
2020-07-21,US,Iowa,Fremont,14,0,0,40.74542720000001,-95.60129045,19071.0,201.1494252873563,0.0,14,14,0,0,14,14,6993,0,0,0,0,0
2020-07-21,US,Iowa,Greene,37,0,0,42.03614551,-94.39658081,19073.0,416.2916291629163,0.0,37,37,0,0,37,37,8981,0,0,0,0,0
2020-07-21,US,Iowa,Grundy,58,1,0,42.40183723,-92.78829551,19075.0,474.16612164813597,1.7241379310344829,57,58,0,0,58,57,12304,0,1,0,-1,1
2020-07-21,US,Iowa,Guthrie,108,5,0,41.68378965,-94.50111014,19077.0,1010.3845074375528,4.62962962962963,103,107,5,0,102,100,10720,1,0,0,1,7
2020-07-21,US,Iowa,Hamilton,214,1,0,42.38382428,-93.70197703,19079.0,1448.5886414404654,0.4672897196261682,213,212,1,0,211,212,14952,2,0,0,2,0
2020-07-21,US,Iowa,Hancock,85,2,0,43.08178477,-93.73454884,19081.0,799.6237064910629,2.3529411764705883,83,81,2,0,79,76,10712,4,0,0,4,5
2020-07-21,US,Iowa,Hardin,109,0,0,42.38353877,-93.23654611,19083.0,647.0378724919863,0.0,109,109,0,0,109,105,16868,0,0,0,0,4
2020-07-21,US,Iowa,Harrison,71,0,0,41.68330137,-95.81558439,19085.0,505.37404797494486,0.0,71,71,0,0,71,69,14134,0,0,0,0,2
2020-07-21,US,Iowa,Henry,100,3,0,40.98767962,-91.54436349,19087.0,501.1526510975243,3.0,97,100,3,0,97,100,20067,0,0,0,0,0
2020-07-21,US,Iowa,Howard,42,0,0,43.35671042,-92.31702714,19089.0,458.61541821358384,0.0,42,42,0,0,42,42,9187,0,0,0,0,0
2020-07-21,US,Iowa,Humboldt,70,1,0,42.7764426,-94.20722537,19091.0,732.370788867964,1.4285714285714286,69,70,1,0,69,70,9547,0,0,0,0,0
2020-07-21,US,Iowa,Ida,26,0,0,42.38696136,-95.51355387,19093.0,379.0087463556851,0.0,26,25,0,0,25,24,6841,1,0,0,1,1
2020-07-21,US,Iowa,Iowa,68,1,0,41.68630265,-92.0643373,19095.0,420.16806722689074,1.4705882352941178,67,66,1,0,65,65,16141,2,0,0,2,1
2020-07-21,US,Iowa,Jackson,100,0,0,42.17178824,-90.57354837,19097.0,514.429754617007,0.0,100,97,0,0,97,94,19432,3,0,0,3,3
2020-07-21,US,Iowa,Jasper,414,18,0,41.68576082,-93.05567785,19099.0,1113.3521581282776,4.3478260869565215,396,413,17,0,396,393,37147,1,1,0,0,20
2020-07-21,US,Iowa,Jefferson,68,0,0,41.03192394,-91.94849466,19101.0,371.68625307461053,0.0,68,67,0,0,67,66,18381,1,0,0,1,1
2020-07-21,US,Iowa,Johnson,1651,10,0,41.67169354,-91.58754744,19103.0,1092.3646949847823,0.6056935190793459,1641,1636,10,0,1626,1628,151260,15,0,0,15,8
2020-07-21,US,Iowa,Jones,100,1,0,42.12118609,-91.13139641,19105.0,483.5356123978531,1.0,99,97,1,0,96,93,20744,3,0,0,3,4
2020-07-21,US,Iowa,Keokuk,24,1,0,41.33649833,-92.1785067,19107.0,234.2377513175873,4.166666666666667,23,24,1,0,23,24,10225,0,0,0,0,0
2020-07-21,US,Iowa,Kossuth,71,0,0,43.20405458,-94.20691791,19109.0,479.30871531762637,0.0,71,71,0,0,71,68,14908,0,0,0,0,3
2020-07-21,US,Iowa,Lee,63,2,0,40.64181461,-91.48183025,19111.0,187.1824583296194,3.1746031746031744,61,62,2,0,60,58,34055,1,0,0,1,4
2020-07-21,US,Iowa,Linn,1638,87,0,42.07923082,-91.59809485,19113.0,722.5216800614011,5.311355311355311,1551,1604,87,0,1517,1577,225909,34,0,0,34,27
2020-07-21,US,Iowa,Louisa,372,13,0,41.21842119,-91.26102611,19115.0,3371.091980063435,3.4946236559139785,359,371,13,0,358,370,11169,1,0,0,1,1
2020-07-21,US,Iowa,Lucas,38,4,0,41.02958964,-93.32780803,19117.0,441.86046511627904,10.526315789473683,34,38,4,0,34,37,8645,0,0,0,0,1
2020-07-21,US,Iowa,Lyon,79,0,0,43.38107862,-96.20926845,19119.0,672.0544449170567,0.0,79,75,0,0,75,69,11811,4,0,0,4,6
2020-07-21,US,Iowa,Madison,77,2,0,41.33081904,-94.01554631,19121.0,471.29391602399323,2.5974025974025974,75,73,2,0,71,72,16249,4,0,0,4,1
2020-07-21,US,Iowa,Mahaska,129,17,0,41.33521503,-92.64083907,19123.0,583.8424983027834,13.178294573643413,112,129,17,0,112,128,22000,0,0,0,0,1
2020-07-21,US,Iowa,Marion,110,0,0,41.33445101,-93.09934783,19125.0,330.7972213033412,0.0,110,105,0,0,105,101,33407,5,0,0,5,4
2020-07-21,US,Iowa,Marshall,1206,21,0,42.03586837,-92.9990819,19127.0,3063.323935075821,1.7412935323383083,1185,1197,21,0,1176,1184,39981,9,0,0,9,13
2020-07-21,US,Iowa,Mills,60,0,0,41.03299766,-95.61920963,19129.0,397.1143027334701,0.0,60,60,0,0,60,58,15063,0,0,0,0,2
2020-07-21,US,Iowa,Mitchell,68,0,0,43.35638371,-92.78887719,19131.0,642.3578310976761,0.0,68,68,0,0,68,68,10569,0,0,0,0,0
2020-07-21,US,Iowa,Monona,81,0,0,42.05220391,-95.95743843,19133.0,940.2205455600696,0.0,81,81,0,0,81,81,8679,0,0,0,0,0
2020-07-21,US,Iowa,Monroe,61,7,0,41.02988815,-92.8690667,19135.0,791.4882574283121,11.475409836065571,54,61,7,0,54,59,7790,0,0,0,0,2
2020-07-21,US,Iowa,Montgomery,23,2,0,41.03018714,-95.15642896,19137.0,231.924977311687,8.695652173913043,21,21,2,0,19,19,10003,2,0,0,2,2
2020-07-21,US,Iowa,Muscatine,739,45,0,41.48370744,-91.1121697,19139.0,1732.139508719295,6.089309878213802,694,732,45,0,687,731,42929,7,0,0,7,1
2020-07-21,US,Iowa,O'Brien,108,1,0,43.08310673,-95.62474482,19141.0,785.2832109357959,0.925925925925926,107,107,1,0,106,106,13840,1,0,0,1,1
2020-07-21,US,Iowa,Osceola,71,0,0,43.37824276,-95.62422844,19143.0,1191.6750587445454,0.0,71,71,0,0,71,71,6040,0,0,0,0,0
2020-07-21,US,Iowa,Page,38,0,0,40.7393172,-95.1497813,19145.0,251.53902164559474,0.0,38,32,0,0,32,31,15249,6,0,0,6,1
2020-07-21,US,Iowa,Palo Alto,62,0,0,43.08193849,-94.67824621,19147.0,697.7267611973891,0.0,62,63,0,0,63,61,8929,-1,0,0,-1,2
2020-07-21,US,Iowa,Plymouth,386,6,0,42.737633,-96.21366621,19149.0,1533.1453310561224,1.5544041450777202,380,380,6,0,374,377,25095,6,0,0,6,3
2020-07-21,US,Iowa,Pocahontas,109,1,0,42.73420133,-94.67862564,19151.0,1646.774437226167,0.9174311926605504,108,110,1,0,109,109,6740,-1,0,0,-1,1
2020-07-21,US,Iowa,Polk,8557,189,0,41.68679484,-93.57767461,19153.0,1745.75292607939,2.2087180086478906,8368,8465,189,0,8276,8354,487204,92,0,0,92,111
2020-07-21,US,Iowa,Pottawattamie,944,16,0,41.33640314,-95.53907776,19155.0,1012.8103340986631,1.6949152542372878,928,925,15,0,910,919,93533,19,1,0,18,6
2020-07-21,US,Iowa,Poweshiek,114,8,0,41.68625425,-92.53155731,19157.0,616.0830090791179,7.0175438596491215,106,114,8,0,106,114,18699,0,0,0,0,0
2020-07-21,US,Iowa,Ringgold,18,1,0,40.73518949,-94.24368535,19159.0,367.7973028197793,5.5555555555555545,17,17,1,0,16,17,4968,1,0,0,1,0
2020-07-21,US,Iowa,Sac,75,0,0,42.38624071,-95.10547892,19161.0,771.5255632136611,0.0,75,75,0,0,75,73,9719,0,0,0,0,2
2020-07-21,US,Iowa,Scott,1335,11,0,41.63935978,-90.61959493,19163.0,771.9306361055377,0.8239700374531835,1324,1318,11,0,1307,1289,173283,17,0,0,17,29
2020-07-21,US,Iowa,Shelby,126,0,0,41.6850066,-95.31015553,19165.0,1100.0523834468308,0.0,126,127,0,0,127,125,11578,-1,0,0,-1,2
2020-07-21,US,Iowa,Sioux,538,0,0,43.08221074,-96.1767568,19167.0,1543.537512552001,0.0,538,535,0,0,535,535,34909,3,0,0,3,0
2020-07-21,US,Iowa,Story,970,10,0,42.03621213,-93.46499005,19169.0,998.7952675638662,1.0309278350515465,960,947,9,0,938,934,98105,23,1,0,22,13
2020-07-21,US,Iowa,Tama,511,29,0,42.07991767,-92.53266945,19171.0,3031.9212056485107,5.675146771037183,482,510,29,0,481,509,16904,1,0,0,1,1
2020-07-21,US,Iowa,Taylor,83,0,0,40.73710579,-94.69778563,19173.0,1355.987583728149,0.0,83,81,0,0,81,81,6191,2,0,0,2,0
2020-07-21,US,Iowa,Unassigned,16,0,0,0.0,0.0,90019.0,0.0,0.0,16,22,0,0,22,29,,-6,0,0,-6,-7
2020-07-21,US,Iowa,Union,56,1,0,41.0277278,-94.24234847,19175.0,457.47896413691694,1.7857142857142858,55,56,1,0,55,56,12359,0,0,0,0,0
2020-07-21,US,Iowa,Van Buren,22,1,0,40.75326764,-91.95017958,19177.0,312.32254400908573,4.545454545454546,21,22,1,0,21,22,7020,0,0,0,0,0
2020-07-21,US,Iowa,Wapello,757,31,0,41.03064984,-92.40954728,19179.0,2164.774514570048,4.095112285336857,726,746,31,0,715,738,35205,11,0,0,11,8
2020-07-21,US,Iowa,Warren,419,1,0,41.33559454,-93.56007641,19181.0,814.1297167061749,0.2386634844868735,418,415,1,0,414,404,51056,4,0,0,4,11
2020-07-21,US,Iowa,Washington,269,9,0,41.33577126,-91.71725711,19183.0,1224.6756203050304,3.3457249070631967,260,267,9,0,258,263,22141,2,0,0,2,4
2020-07-21,US,Iowa,Wayne,11,1,0,40.73969028,-93.32752197,19185.0,170.78093463747862,9.090909090909092,10,11,1,0,10,11,6401,0,0,0,0,0
2020-07-21,US,Iowa,Webster,565,5,0,42.42853483,-94.17987389,19187.0,1573.6408199643495,0.8849557522123894,560,565,5,0,560,530,36277,0,0,0,0,35
2020-07-21,US,Iowa,Winnebago,59,0,0,43.37751174,-93.73407298,19189.0,569.828085763956,0.0,59,58,0,0,58,57,10518,1,0,0,1,1
2020-07-21,US,Iowa,Winneshiek,62,1,0,43.29094334,-91.84422722,19191.0,310.13956280326147,1.6129032258064515,61,58,1,0,57,57,20029,4,0,0,4,1
2020-07-21,US,Iowa,Woodbury,3492,46,0,42.38979414,-96.0459439,19193.0,3386.7729640082634,1.3172966781214204,3446,3482,46,0,3436,3461,102539,10,0,0,10,21
2020-07-21,US,Iowa,Worth,46,0,0,43.37750768,-93.26087602,19195.0,623.2217856658989,0.0,46,44,0,0,44,39,7453,2,0,0,2,5
2020-07-21,US,Iowa,Wright,419,1,0,42.73305373,-93.73515113,19197.0,3335.4561375577136,0.2386634844868735,418,417,1,0,416,415,12690,2,0,0,2,2
2020-07-21,US,Kansas,Allen,10,0,0,37.88582951,-95.30030847,20001.0,80.84727948904519,0.0,10,10,0,0,10,10,12444,0,0,0,0,0
2020-07-21,US,Kansas,Anderson,24,0,0,38.21413251,-95.29272815,20003.0,305.4212267752609,0.0,24,24,0,0,24,22,7878,0,0,0,0,2
2020-07-21,US,Kansas,Atchison,49,0,0,39.53185661,-95.30870026,20005.0,304.85908044546755,0.0,49,49,0,0,49,49,16193,0,0,0,0,0
2020-07-21,US,Kansas,Barber,3,0,0,37.2288586,-98.68460053,20007.0,67.7659814772984,0.0,3,3,0,0,3,3,4472,0,0,0,0,0
2020-07-21,US,Kansas,Barton,79,3,0,38.47889676,-98.75636726,20009.0,306.45098723767416,3.79746835443038,76,75,3,0,72,75,26111,4,0,0,4,0
2020-07-21,US,Kansas,Bourbon,59,1,0,37.85508555,-94.84865997,20011.0,405.9446814366314,1.6949152542372878,58,59,1,0,58,56,14653,0,0,0,0,3
2020-07-21,US,Kansas,Brown,27,0,0,39.82652589,-95.56421698,20013.0,282.3086574654956,0.0,27,23,0,0,23,23,9598,4,0,0,4,0
2020-07-21,US,Kansas,Butler,133,0,0,37.78134351,-96.83878537,20015.0,198.7715024435444,0.0,133,132,0,0,132,115,66765,1,0,0,1,17
2020-07-21,US,Kansas,Chase,6,0,0,38.30292938,-96.59563862,20017.0,226.5861027190332,0.0,6,6,0,0,6,6,2629,0,0,0,0,0
2020-07-21,US,Kansas,Chautauqua,5,0,0,37.14994405,-96.2454192,20019.0,153.84615384615384,0.0,5,5,0,0,5,5,3309,0,0,0,0,0
2020-07-21,US,Kansas,Cherokee,63,1,0,37.16928494,-94.8462897,20021.0,315.9636892522193,1.5873015873015872,62,62,1,0,61,61,20015,1,0,0,1,1
2020-07-21,US,Kansas,Cheyenne,2,0,0,39.78580976,-101.7318201,20023.0,75.27286413248024,0.0,2,2,0,0,2,2,2660,0,0,0,0,0
2020-07-21,US,Kansas,Clark,38,1,0,37.23577007,-99.81883015,20025.0,1905.7171514543631,2.631578947368421,37,38,1,0,37,36,2005,0,0,0,0,2
2020-07-21,US,Kansas,Clay,13,2,0,39.34948772,-97.16518128,20027.0,162.45938515371157,15.384615384615385,11,13,2,0,11,12,7997,0,0,0,0,1
2020-07-21,US,Kansas,Cloud,26,0,0,39.48028352,-97.64925343,20029.0,295.92533576143865,0.0,26,26,0,0,26,26,8729,0,0,0,0,0
2020-07-21,US,Kansas,Coffey,60,8,0,38.2365018,-95.73379515,20031.0,733.5860129600197,13.333333333333336,52,60,8,0,52,60,8233,0,0,0,0,0
2020-07-21,US,Kansas,Comanche,3,0,0,37.19114520000001,-99.27113247,20033.0,176.47058823529412,0.0,3,3,0,0,3,3,1748,0,0,0,0,0
2020-07-21,US,Kansas,Cowley,118,2,0,37.23781842,-96.83776647,20035.0,338.0313968144838,1.6949152542372878,116,118,1,0,117,97,35218,0,1,0,-1,21
2020-07-21,US,Kansas,Crawford,341,1,0,37.50675523,-94.85245778,20037.0,878.4584471121643,0.2932551319648094,340,341,1,0,340,326,39019,0,0,0,0,15
2020-07-21,US,Kansas,Decatur,4,0,0,39.78468441,-100.45940809999999,20039.0,141.49274849663954,0.0,4,4,0,0,4,3,2871,0,0,0,0,1
2020-07-21,US,Kansas,Dickinson,34,1,0,38.86600962,-97.15532383,20041.0,184.12217047546844,2.9411764705882355,33,34,1,0,33,31,18717,0,0,0,0,3
2020-07-21,US,Kansas,Doniphan,36,0,0,39.79067154,-95.14056866,20043.0,473.68421052631584,0.0,36,36,0,0,36,31,7682,0,0,0,0,5
2020-07-21,US,Kansas,Douglas,536,0,0,38.88503636,-95.2925121,20045.0,438.4135319281198,0.0,536,526,0,0,526,494,121436,10,0,0,10,32
2020-07-21,US,Kansas,Edwards,8,0,0,37.88735543,-99.31263309,20047.0,285.91851322373117,0.0,8,8,0,0,8,8,2849,0,0,0,0,0
2020-07-21,US,Kansas,Elk,1,0,0,37.45338105,-96.24369667,20049.0,39.52569169960474,0.0,1,1,0,0,1,1,2508,0,0,0,0,0
2020-07-21,US,Kansas,Ellis,88,0,0,38.91458712,-99.31751551,20051.0,308.19878821840086,0.0,88,88,0,0,88,78,28710,0,0,0,0,10
2020-07-21,US,Kansas,Ellsworth,15,0,0,38.69677695,-98.20462799,20053.0,245.8210422812193,0.0,15,14,0,0,14,14,6196,1,0,0,1,0
2020-07-21,US,Kansas,Finney,1646,10,0,38.04340344,-100.73819379999999,20055.0,4513.669893328214,0.6075334143377886,1636,1628,10,0,1618,1624,36611,18,0,0,18,4
2020-07-21,US,Kansas,Ford,1990,8,0,37.69200114,-99.88825298,20057.0,5919.271840328386,0.4020100502512563,1982,1990,8,0,1982,1982,33888,0,0,0,0,8
2020-07-21,US,Kansas,Franklin,117,1,0,38.56443815,-95.28644341,20059.0,458.03319761979327,0.8547008547008547,116,117,1,0,116,113,25631,0,0,0,0,4
2020-07-21,US,Kansas,Geary,96,1,0,38.99871131,-96.7577178,20061.0,303.12598673823805,1.0416666666666667,95,90,1,0,89,89,32594,6,0,0,6,1
2020-07-21,US,Kansas,Gove,2,0,0,38.91588178,-100.4829321,20063.0,75.87253414264036,0.0,2,2,0,0,2,2,2612,0,0,0,0,0
2020-07-21,US,Kansas,Graham,9,0,0,39.34987223,-99.88332493,20065.0,362.61079774375503,0.0,9,9,0,0,9,8,2492,0,0,0,0,1
2020-07-21,US,Kansas,Grant,78,2,0,37.56227336,-101.3079758,20067.0,1090.909090909091,2.5641025641025643,76,78,2,0,76,76,7336,0,0,0,0,2
2020-07-21,US,Kansas,Gray,50,0,0,37.73836671,-100.4369088,20069.0,835.00334001336,0.0,50,46,0,0,46,46,6033,4,0,0,4,0
2020-07-21,US,Kansas,Greeley,3,0,0,38.4808095,-101.8061079,20071.0,243.50649350649346,0.0,3,3,0,0,3,3,1227,0,0,0,0,0
2020-07-21,US,Kansas,Greenwood,11,0,0,37.8774388,-96.23250453,20073.0,183.884988298228,0.0,11,11,0,0,11,11,6055,0,0,0,0,0
2020-07-21,US,Kansas,Hamilton,35,0,0,37.99978709,-101.7921066,20075.0,1378.4954706577396,0.0,35,35,0,0,35,35,2607,0,0,0,0,0
2020-07-21,US,Kansas,Harper,6,0,0,37.19175361,-98.07578384,20077.0,110.37527593818984,0.0,6,6,0,0,6,4,5506,0,0,0,0,2
2020-07-21,US,Kansas,Harvey,114,1,0,38.04293782,-97.42747573,20079.0,331.11621017165766,0.8771929824561403,113,117,1,0,116,106,34210,-3,0,0,-3,11
2020-07-21,US,Kansas,Haskell,33,0,0,37.562039399999996,-100.8710738,20081.0,831.6532258064516,0.0,33,33,0,0,33,33,3997,0,0,0,0,0
2020-07-21,US,Kansas,Hodgeman,10,0,0,38.08780079,-99.89829881,20083.0,557.4136008918617,0.0,10,10,0,0,10,10,1818,0,0,0,0,0
2020-07-21,US,Kansas,Jackson,130,1,0,39.41673394,-95.79356799,20085.0,987.016931136588,0.7692307692307693,129,130,1,0,129,124,13280,0,0,0,0,6
2020-07-21,US,Kansas,Jefferson,42,0,0,39.2347941,-95.38289232,20087.0,220.5534842199233,0.0,42,42,0,0,42,40,18975,0,0,0,0,2
2020-07-21,US,Kansas,Jewell,7,0,0,39.78470589,-98.21820662,20089.0,243.1399791594304,0.0,7,5,0,0,5,5,2841,2,0,0,2,0
2020-07-21,US,Kansas,Johnson,3886,95,0,38.88548175,-94.82250877,20091.0,645.0852505224925,2.4446731857951622,3791,3828,96,0,3732,3744,597555,58,-1,0,59,84
2020-07-21,US,Kansas,Kearny,52,1,0,38.00017981,-101.32168100000001,20093.0,1354.872329338197,1.9230769230769231,51,52,1,0,51,52,3943,0,0,0,0,0
2020-07-21,US,Kansas,Kingman,5,0,0,37.55909527,-98.13638678,20095.0,69.91051454138703,0.0,5,5,0,0,5,5,7310,0,0,0,0,0
2020-07-21,US,Kansas,Kiowa,6,0,0,37.55848695,-99.2856537,20097.0,242.42424242424244,0.0,6,6,0,0,6,5,2516,0,0,0,0,1
2020-07-21,US,Kansas,Labette,89,0,0,37.19113093,-95.29849679,20099.0,453.6650015292078,0.0,89,92,0,0,92,86,19964,-3,0,0,-3,6
2020-07-21,US,Kansas,Lane,5,0,0,38.48119447,-100.46607540000001,20101.0,325.73289902280135,0.0,5,5,0,0,5,5,1560,0,0,0,0,0
2020-07-21,US,Kansas,Leavenworth,1285,7,0,39.20183497,-95.03620809,20103.0,1571.7116367817216,0.5447470817120622,1278,1285,7,0,1278,1252,81352,0,0,0,0,33
2020-07-21,US,Kansas,Lincoln,5,0,0,39.04549684,-98.20756994,20105.0,168.8048615800135,0.0,5,5,0,0,5,5,3023,0,0,0,0,0
2020-07-21,US,Kansas,Linn,22,0,0,38.21267844,-94.84254089,20107.0,226.73399979387818,0.0,22,22,0,0,22,20,9750,0,0,0,0,2
2020-07-21,US,Kansas,Logan,2,0,0,38.91735806,-101.148475,20109.0,71.58196134574086,0.0,2,2,0,0,2,2,2844,0,0,0,0,0
2020-07-21,US,Kansas,Lyon,576,7,0,38.45576156,-96.15275715,20111.0,1735.2010845006778,1.2152777777777777,569,570,7,0,563,550,33406,6,0,0,6,20
2020-07-21,US,Kansas,Marion,34,1,0,38.35855394,-97.09852509999999,20115.0,286.09895658027597,2.9411764705882355,33,29,1,0,28,23,11950,5,0,0,5,6
2020-07-21,US,Kansas,Marshall,7,0,0,39.78359669,-96.52278974,20117.0,72.11290821056969,0.0,7,7,0,0,7,7,9722,0,0,0,0,0
2020-07-21,US,Kansas,McPherson,105,0,0,38.39184858,-97.64769869,20113.0,367.87891528274116,0.0,105,102,0,0,102,94,28537,3,0,0,3,8
2020-07-21,US,Kansas,Meade,33,0,0,37.23859987,-100.36483100000001,20119.0,818.2494421026532,0.0,33,33,0,0,33,31,4146,0,0,0,0,2
2020-07-21,US,Kansas,Miami,79,0,0,38.56383358,-94.83832189,20121.0,230.74451616672025,0.0,79,79,0,0,79,69,33680,0,0,0,0,10
2020-07-21,US,Kansas,Mitchell,21,0,0,39.39331582,-98.20906732,20123.0,351.22930255895636,0.0,21,21,0,0,21,19,6150,0,0,0,0,2
2020-07-21,US,Kansas,Montgomery,112,3,0,37.19236568,-95.74329258,20125.0,351.8803606773697,2.6785714285714284,109,108,3,0,105,78,32120,4,0,0,4,30
2020-07-21,US,Kansas,Morris,6,0,0,38.68827511,-96.65128437,20127.0,106.76156583629893,0.0,6,6,0,0,6,6,5521,0,0,0,0,0
2020-07-21,US,Kansas,Morton,9,2,0,37.19141121,-101.79925190000002,20129.0,347.89331271743333,22.222222222222218,7,9,2,0,7,7,2667,0,0,0,0,2
2020-07-21,US,Kansas,Nemaha,37,0,0,39.78345387,-96.01392079,20131.0,361.6459779102727,0.0,37,37,0,0,37,37,10155,0,0,0,0,0
2020-07-21,US,Kansas,Neosho,49,0,0,37.55862897,-95.30670046,20133.0,306.11607421752984,0.0,49,49,0,0,49,48,15951,0,0,0,0,1
2020-07-21,US,Kansas,Ness,5,0,0,38.47974157,-99.91547333,20135.0,181.8181818181818,0.0,5,5,0,0,5,5,2840,0,0,0,0,0
2020-07-21,US,Kansas,Norton,22,0,0,39.78443827,-99.90286639,20137.0,410.37119940309645,0.0,22,22,0,0,22,22,5430,0,0,0,0,0
2020-07-21,US,Kansas,Osage,34,0,0,38.65235984,-95.72707998,20139.0,213.17950968712773,0.0,34,34,0,0,34,33,15941,0,0,0,0,1
2020-07-21,US,Kansas,Osborne,3,0,0,39.3503437,-98.76753828,20141.0,87.69365682548961,0.0,3,3,0,0,3,3,3475,0,0,0,0,0
2020-07-21,US,Kansas,Ottawa,26,0,0,39.13237408,-97.65020313,20143.0,455.82047685834505,0.0,26,26,0,0,26,22,5802,0,0,0,0,4
2020-07-21,US,Kansas,Pawnee,6,0,0,38.18108732,-99.23692334,20145.0,93.54536950420956,0.0,6,6,0,0,6,7,6562,0,0,0,0,-1
2020-07-21,US,Kansas,Phillips,40,7,0,39.78465501,-99.34668865,20147.0,764.2338555598012,17.5,33,39,6,0,33,38,5317,1,1,0,0,1
2020-07-21,US,Kansas,Pottawatomie,96,0,0,39.37925655,-96.34564657,20149.0,393.7169339293769,0.0,96,96,0,0,96,92,24277,0,0,0,0,4
2020-07-21,US,Kansas,Pratt,28,0,0,37.64780729,-98.73922153,20151.0,305.54343081623745,0.0,28,28,0,0,28,24,9378,0,0,0,0,4
2020-07-21,US,Kansas,Reno,166,0,0,37.95230263,-98.08607292,20155.0,267.7505725991161,0.0,166,165,0,0,165,161,62342,1,0,0,1,4
2020-07-21,US,Kansas,Republic,21,0,0,39.82799632,-97.65036709,20157.0,452.97670405522,0.0,21,21,0,0,21,21,4664,0,0,0,0,0
2020-07-21,US,Kansas,Rice,16,0,0,38.34616184,-98.19992118,20159.0,167.76764181608473,0.0,16,16,0,0,16,12,9531,0,0,0,0,4
2020-07-21,US,Kansas,Riley,405,3,0,39.28935726,-96.73420026,20161.0,545.5868089233753,0.7407407407407407,402,398,3,0,395,382,73703,7,0,0,7,16
2020-07-21,US,Kansas,Rooks,11,0,0,39.35022773,-99.32484567,20163.0,223.57723577235768,0.0,11,11,0,0,11,9,5013,0,0,0,0,2
2020-07-21,US,Kansas,Rush,4,0,0,38.52275276,-99.30863983,20165.0,131.75230566534916,0.0,4,4,0,0,4,4,3093,0,0,0,0,0
2020-07-21,US,Kansas,Russell,5,0,0,38.91462787,-98.76254297,20167.0,72.92882147024504,0.0,5,5,0,0,5,4,6907,0,0,0,0,1
2020-07-21,US,Kansas,Saline,296,3,0,38.78369175,-97.65185177,20169.0,545.8837415166715,1.0135135135135136,293,296,3,0,293,263,54401,0,0,0,0,33
2020-07-21,US,Kansas,Scott,20,0,0,38.48222076,-100.90665390000001,20171.0,414.6796599626789,0.0,20,20,0,0,20,19,4897,0,0,0,0,1
2020-07-21,US,Kansas,Sedgwick,2827,33,0,37.6842718,-97.4608198,20173.0,547.8236267590622,1.1673151750972763,2794,2766,32,0,2734,2637,513607,61,1,0,60,129
2020-07-21,US,Kansas,Seward,1121,4,0,37.19324632,-100.85072009999999,20175.0,5231.472839275714,0.3568242640499554,1117,1105,2,0,1103,1105,21780,16,2,0,14,0
2020-07-21,US,Kansas,Shawnee,1204,14,0,39.04100763,-95.75572640000001,20177.0,680.7067137809187,1.162790697674419,1190,1191,14,0,1177,1159,177499,13,0,0,13,32
2020-07-21,US,Kansas,Sheridan,7,0,0,39.35018161,-100.44182590000001,20179.0,277.66759222530743,0.0,7,7,0,0,7,7,2533,0,0,0,0,0
2020-07-21,US,Kansas,Sherman,9,0,0,39.35147699,-101.71976240000001,20181.0,152.1041068108839,0.0,9,9,0,0,9,9,5899,0,0,0,0,0
2020-07-21,US,Kansas,Smith,3,0,0,39.78516566,-98.78566062,20183.0,83.72871895060004,0.0,3,3,0,0,3,3,3603,0,0,0,0,0
2020-07-21,US,Kansas,Stafford,2,0,0,38.03100851,-98.71762001,20185.0,48.12319538017324,0.0,2,2,0,0,2,2,4178,0,0,0,0,0
2020-07-21,US,Kansas,Stanton,14,0,0,37.56304714,-101.78435340000001,20187.0,697.9062811565303,0.0,14,14,0,0,14,12,1987,0,0,0,0,2
2020-07-21,US,Kansas,Stevens,40,0,0,37.1923008,-101.3118967,20189.0,729.2616226071103,0.0,40,40,0,0,40,39,5559,0,0,0,0,1
2020-07-21,US,Kansas,Sumner,76,2,0,37.23682549,-97.47721621,20191.0,332.8078472587144,2.631578947368421,74,72,2,0,70,62,22996,4,0,0,4,10
2020-07-21,US,Kansas,Thomas,23,0,0,39.35107575,-101.0553705,20193.0,295.74386010029576,0.0,23,23,0,0,23,21,7711,0,0,0,0,2
2020-07-21,US,Kansas,Trego,5,0,0,38.91467218,-99.87284448,20195.0,178.38030681412772,0.0,5,5,0,0,5,5,2793,0,0,0,0,0
2020-07-21,US,Kansas,Unassigned,0,1,0,0.0,0.0,90020.0,0.0,0.0,-1,0,1,0,-1,0,,0,0,0,0,0
2020-07-21,US,Kansas,Wabaunsee,40,0,0,38.95471985,-96.20350509,20197.0,577.1172990910403,0.0,40,40,0,0,40,39,6899,0,0,0,0,1
2020-07-21,US,Kansas,Washington,2,0,0,39.78420784,-97.08753229999999,20201.0,36.99593044765076,0.0,2,2,0,0,2,2,5420,0,0,0,0,0
2020-07-21,US,Kansas,Wichita,1,0,0,38.48178252,-101.3471509,20203.0,47.19207173194904,0.0,1,,,,,,2105,,,,,
2020-07-21,US,Kansas,Wilson,6,0,0,37.55937174,-95.74323255,20205.0,70.38123167155425,0.0,6,6,0,0,6,5,8665,0,0,0,0,1
2020-07-21,US,Kansas,Woodson,11,0,0,37.8865336,-95.74006277,20207.0,350.54174633524536,0.0,11,11,0,0,11,10,3183,0,0,0,0,1
2020-07-21,US,Kansas,Wyandotte,3749,89,0,39.11727348,-94.76378225,20209.0,2266.22901667785,2.37396639103761,3660,3701,89,0,3612,3655,165324,48,0,0,48,46
2020-07-21,US,Kentucky,Adair,169,19,0,37.10459774,-85.28129668,21001.0,880.1166545151548,11.242603550295858,150,164,19,0,145,163,19215,5,0,0,5,1
2020-07-21,US,Kentucky,Allen,204,7,0,36.75197631,-86.19457544,21003.0,957.0724841660804,3.431372549019608,197,199,7,0,192,199,21122,5,0,0,5,0
2020-07-21,US,Kentucky,Anderson,41,1,0,38.00671029,-84.99171713,21005.0,180.24354859981537,2.4390243902439024,40,36,1,0,35,35,22663,5,0,0,5,1
2020-07-21,US,Kentucky,Ballard,25,0,0,37.05842757,-88.99427697,21007.0,316.9371196754564,0.0,25,25,0,0,25,25,7979,0,0,0,0,0
2020-07-21,US,Kentucky,Barren,194,2,0,36.96469836,-85.93338945,21009.0,438.4279870731542,1.0309278350515465,192,172,2,0,170,171,44176,22,0,0,22,1
2020-07-21,US,Kentucky,Bath,23,1,0,38.14735938,-83.74588932,21011.0,184.0,4.3478260869565215,22,23,1,0,22,23,12383,0,0,0,0,0
2020-07-21,US,Kentucky,Bell,166,1,0,36.73355174,-83.67766671,21013.0,637.6767055931161,0.6024096385542169,165,160,1,0,159,159,26569,6,0,0,6,1
2020-07-21,US,Kentucky,Boone,851,23,0,38.97065142,-84.72615357,21015.0,637.0666487000398,2.702702702702702,828,839,23,0,816,837,131533,12,0,0,12,2
2020-07-21,US,Kentucky,Bourbon,55,1,0,38.2054607,-84.21827874,21017.0,277.9462300384071,1.818181818181818,54,55,1,0,54,54,20184,0,0,0,0,1
2020-07-21,US,Kentucky,Boyd,126,3,0,38.36176608,-82.68652187,21019.0,269.7033263410249,2.380952380952381,123,122,3,0,119,116,47240,4,0,0,4,6
2020-07-21,US,Kentucky,Boyle,62,0,0,37.62680923,-84.8633779,21021.0,206.25415834996673,0.0,62,60,0,0,60,58,30100,2,0,0,2,2
2020-07-21,US,Kentucky,Bracken,24,0,0,38.69158994,-84.08532444,21023.0,289.0521498253643,0.0,24,24,0,0,24,24,8239,0,0,0,0,0
2020-07-21,US,Kentucky,Breathitt,18,0,0,37.52333168,-83.31959161,21025.0,142.51781472684087,0.0,18,16,0,0,16,16,12726,2,0,0,2,0
2020-07-21,US,Kentucky,Breckinridge,38,2,0,37.77377239,-86.42885017,21027.0,185.57405870000488,5.2631578947368425,36,38,2,0,36,37,20388,0,0,0,0,1
2020-07-21,US,Kentucky,Bullitt,211,4,0,37.97162523,-85.68955617,21029.0,258.3378226161908,1.895734597156398,207,198,4,0,194,197,81069,13,0,0,13,1
2020-07-21,US,Kentucky,Butler,281,14,0,37.20946153,-86.68748787,21031.0,2181.8464166472554,4.98220640569395,267,280,14,0,266,280,12772,1,0,0,1,0
2020-07-21,US,Kentucky,Caldwell,41,0,0,37.14749129,-87.86948214,21033.0,321.6443084647368,0.0,41,41,0,0,41,41,12715,0,0,0,0,0
2020-07-21,US,Kentucky,Calloway,135,2,0,36.62093411,-88.2731593,21035.0,346.1449706417784,1.4814814814814814,133,133,1,0,132,133,39135,2,1,0,1,0
2020-07-21,US,Kentucky,Campbell,409,13,0,38.94384345,-84.37875208,21037.0,437.0405197469652,3.1784841075794623,396,396,13,0,383,391,93152,13,0,0,13,5
2020-07-21,US,Kentucky,Carlisle,15,1,0,36.85372876,-88.96692220000001,21039.0,315.1260504201681,6.666666666666668,14,14,1,0,13,14,4771,1,0,0,1,0
2020-07-21,US,Kentucky,Carroll,125,2,0,38.66599534,-85.12601074,21041.0,1175.8066033298844,1.6,123,125,2,0,123,126,10737,0,0,0,0,-1
2020-07-21,US,Kentucky,Carter,72,1,0,38.31690743,-83.05092385,21043.0,268.68679329775716,1.3888888888888888,71,70,1,0,69,69,27004,2,0,0,2,1
2020-07-21,US,Kentucky,Casey,115,7,0,37.32533118,-84.92726209,21045.0,711.6777028281455,6.086956521739131,108,103,6,0,97,100,15888,12,1,0,11,3
2020-07-21,US,Kentucky,Christian,366,4,0,36.89267803,-87.49055367,21047.0,519.4362839017327,1.0928961748633879,362,366,4,0,362,361,71671,0,0,0,0,5
2020-07-21,US,Kentucky,Clark,122,7,0,37.9689263,-84.14615986,21049.0,336.4310729945123,5.737704918032787,115,121,7,0,114,121,36249,1,0,0,1,0
2020-07-21,US,Kentucky,Clay,119,4,0,37.16451126,-83.712575,21051.0,597.9599015124867,3.361344537815126,115,115,4,0,111,114,20105,4,0,0,4,1
2020-07-21,US,Kentucky,Clinton,14,0,0,36.72581156,-85.13377529,21053.0,137.01311411235076,0.0,14,12,0,0,12,12,10206,2,0,0,2,0
2020-07-21,US,Kentucky,Crittenden,21,1,0,37.35839237,-88.08826090000002,21055.0,238.4737678855326,4.761904761904762,20,20,1,0,19,19,8915,1,0,0,1,1
2020-07-21,US,Kentucky,Cumberland,20,0,0,36.78926125,-85.39050034,21057.0,302.3888720895071,0.0,20,16,0,0,16,15,6659,4,0,0,4,1
2020-07-21,US,Kentucky,Daviess,586,7,0,37.73028906,-87.09019479999998,21059.0,577.2773394016413,1.1945392491467577,579,575,8,0,567,570,101104,11,-1,0,12,5
2020-07-21,US,Kentucky,Edmonson,84,12,0,37.21218923,-86.23955613,21061.0,691.3580246913582,14.285714285714285,72,82,12,0,70,82,12274,2,0,0,2,0
2020-07-21,US,Kentucky,Elliott,7,0,0,38.11624059,-83.09771563,21063.0,93.1222562192364,0.0,7,7,0,0,7,7,7508,0,0,0,0,0
2020-07-21,US,Kentucky,Estill,8,0,0,37.69241417,-83.95956369,21065.0,56.713455267262155,0.0,8,8,0,0,8,8,14198,0,0,0,0,0
2020-07-21,US,Kentucky,Fayette,2173,41,0,38.0368225,-84.45576892,21067.0,672.4389760855572,1.8867924528301887,2132,2147,41,0,2106,2111,323780,26,0,0,26,36
2020-07-21,US,Kentucky,Fleming,40,0,0,38.36758311,-83.69657514,21069.0,274.329607022838,0.0,40,41,0,0,41,41,14432,-1,0,0,-1,0
2020-07-21,US,Kentucky,Floyd,61,1,0,37.56213922,-82.74750924,21071.0,171.40127567506815,1.639344262295082,60,57,1,0,56,57,35845,4,0,0,4,0
2020-07-21,US,Kentucky,Franklin,190,5,0,38.2379395,-84.87962551,21073.0,372.6147751564001,2.631578947368421,185,187,5,0,182,186,50815,3,0,0,3,1
2020-07-21,US,Kentucky,Fulton,35,1,0,36.55238827,-89.20140068,21075.0,586.3628748534093,2.8571428571428568,34,31,1,0,30,31,6120,4,0,0,4,0
2020-07-21,US,Kentucky,Gallatin,73,8,0,38.75398691,-84.8558382,21077.0,823.0916676062691,10.958904109589039,65,72,8,0,64,72,8832,1,0,0,1,0
2020-07-21,US,Kentucky,Garrard,46,0,0,37.638866799999995,-84.53289319,21079.0,260.3871844220537,0.0,46,45,0,0,45,45,17560,1,0,0,1,0
2020-07-21,US,Kentucky,Grant,79,5,0,38.64962758,-84.62415957,21081.0,315.1302405361203,6.329113924050633,74,79,5,0,74,77,25121,0,0,0,0,2
2020-07-21,US,Kentucky,Graves,390,21,0,36.72292505,-88.65143315,21083.0,1046.530349380132,5.384615384615384,369,387,21,0,366,382,37317,3,0,0,3,5
2020-07-21,US,Kentucky,Grayson,162,11,0,37.46231118,-86.34248968,21085.0,613.0094221818595,6.790123456790122,151,159,11,0,148,158,26321,3,0,0,3,1
2020-07-21,US,Kentucky,Green,22,1,0,37.26484328,-85.5540745,21087.0,201.07851201901107,4.545454545454546,21,17,1,0,16,14,11049,5,0,0,5,3
2020-07-21,US,Kentucky,Greenup,59,0,0,38.54332505,-82.9215658,21089.0,168.100746481281,0.0,59,57,0,0,57,53,35268,2,0,0,2,4
2020-07-21,US,Kentucky,Hancock,36,0,0,37.83766422,-86.78280584,21091.0,412.74936941068563,0.0,36,35,0,0,35,35,8758,1,0,0,1,0
2020-07-21,US,Kentucky,Hardin,379,7,0,37.6976111,-85.96319251,21093.0,341.57068440310746,1.8469656992084436,372,360,7,0,353,355,110356,19,0,0,19,5
2020-07-21,US,Kentucky,Harlan,105,2,0,36.85699301,-83.21899516,21095.0,403.69088811995385,1.9047619047619049,103,83,2,0,81,78,26409,22,0,0,22,5
2020-07-21,US,Kentucky,Harrison,99,0,0,38.44188174,-84.32869741,21097.0,524.1978184898867,0.0,99,95,0,0,95,91,18778,4,0,0,4,4
2020-07-21,US,Kentucky,Hart,59,0,0,37.29943898,-85.88461055,21099.0,309.9553454163384,0.0,59,57,0,0,57,57,18906,2,0,0,2,0
2020-07-21,US,Kentucky,Henderson,246,4,0,37.79344553,-87.57392021,21101.0,544.127405441274,1.6260162601626016,242,233,3,0,230,232,45591,13,1,0,12,1
2020-07-21,US,Kentucky,Henry,62,2,0,38.44942688,-85.11587507,21103.0,384.4722807887883,3.2258064516129035,60,61,2,0,59,61,16106,1,0,0,1,0
2020-07-21,US,Kentucky,Hickman,16,0,0,36.67948079999999,-88.97875928,21105.0,365.296803652968,0.0,16,14,0,0,14,14,4421,2,0,0,2,0
2020-07-21,US,Kentucky,Hopkins,357,33,0,37.30939025,-87.54670406,21107.0,798.9079353712573,9.243697478991596,324,353,33,0,320,353,45068,4,0,0,4,0
2020-07-21,US,Kentucky,Jackson,122,14,0,37.41866422,-83.99825483,21109.0,915.2974716782954,11.475409836065571,108,118,14,0,104,118,13442,4,0,0,4,0
2020-07-21,US,Kentucky,Jefferson,5441,215,0,38.18664655,-85.65931031,21111.0,709.6120413638222,3.951479507443485,5226,5263,215,0,5048,5170,770517,178,0,0,178,93
2020-07-21,US,Kentucky,Jessamine,186,0,0,37.87119786,-84.58252003,21113.0,343.7124641966183,0.0,186,179,0,0,179,180,53920,7,0,0,7,-1
2020-07-21,US,Kentucky,Johnson,17,0,0,37.85106355,-82.8264322,21115.0,76.61799170722914,0.0,17,16,0,0,16,16,22386,1,0,0,1,0
2020-07-21,US,Kentucky,Kenton,1078,37,0,38.93950319,-84.53241199,21117.0,645.5167127750033,3.4322820037105752,1041,1061,37,0,1024,1053,166051,17,0,0,17,8
2020-07-21,US,Kentucky,Knott,28,0,0,37.35388197,-82.94981134,21119.0,189.11252195056062,0.0,28,26,0,0,26,26,15126,2,0,0,2,0
2020-07-21,US,Kentucky,Knox,142,7,0,36.89225732,-83.85403396,21121.0,455.93193128913146,4.929577464788731,135,142,7,0,135,140,31304,0,0,0,0,2
2020-07-21,US,Kentucky,Larue,28,1,0,37.54567114,-85.70138352,21123.0,194.4714543686623,3.571428571428572,27,27,1,0,26,27,14307,1,0,0,1,0
2020-07-21,US,Kentucky,Laurel,263,4,0,37.10975748,-84.11321779,21125.0,432.4733198493743,1.520912547528517,259,253,4,0,249,251,60669,10,0,0,10,2
2020-07-21,US,Kentucky,Lawrence,20,0,0,38.07136018,-82.72882223,21127.0,130.57387216817915,0.0,20,16,0,0,16,15,15571,4,0,0,4,1
2020-07-21,US,Kentucky,Lee,3,0,0,37.59645942,-83.71513901,21129.0,40.52411184654871,0.0,3,3,0,0,3,2,7033,0,0,0,0,1
2020-07-21,US,Kentucky,Leslie,13,0,0,37.09246661,-83.37999606,21131.0,131.61891262529107,0.0,13,13,0,0,13,13,10143,0,0,0,0,0
2020-07-21,US,Kentucky,Letcher,26,0,0,37.12306748,-82.85346474,21133.0,120.63285853477474,0.0,26,26,0,0,26,26,21899,0,0,0,0,0
2020-07-21,US,Kentucky,Lewis,26,0,0,38.53184419,-83.37735618,21135.0,195.8568738229756,0.0,26,26,0,0,26,26,13257,0,0,0,0,0
2020-07-21,US,Kentucky,Lincoln,75,1,0,37.45475628,-84.6565327,21137.0,305.5114261273372,1.3333333333333333,74,73,1,0,72,73,24644,2,0,0,2,0
2020-07-21,US,Kentucky,Livingston,27,0,0,37.21137452,-88.34797529,21139.0,293.66978464215794,0.0,27,26,0,0,26,25,9242,1,0,0,1,1
2020-07-21,US,Kentucky,Logan,275,19,0,36.85949479,-86.877635,21141.0,1014.6852630802156,6.909090909090909,256,270,19,0,251,269,26989,5,0,0,5,1
2020-07-21,US,Kentucky,Lyon,25,3,0,37.02080035,-88.07886257,21143.0,304.50669914738125,12.0,22,25,3,0,22,25,8009,0,0,0,0,0
2020-07-21,US,Kentucky,Madison,280,1,0,37.71659336,-84.27220275,21151.0,301.1173604912515,0.35714285714285715,279,258,1,0,257,258,92368,22,0,0,22,0
2020-07-21,US,Kentucky,Magoffin,7,0,0,37.70820545,-83.0657714,21153.0,57.561055834224156,0.0,7,7,0,0,7,7,12362,0,0,0,0,0
2020-07-21,US,Kentucky,Marion,84,0,0,37.55218078,-85.26898542,21155.0,435.8428890157216,0.0,84,81,0,0,81,79,19404,3,0,0,3,2
2020-07-21,US,Kentucky,Marshall,94,2,0,36.88007070000001,-88.32803576,21157.0,302.2508038585209,2.127659574468085,92,92,2,0,90,92,31191,2,0,0,2,0
2020-07-21,US,Kentucky,Martin,18,0,0,37.79990579,-82.51247478,21159.0,160.786065207682,0.0,18,15,0,0,15,15,11323,3,0,0,3,0
2020-07-21,US,Kentucky,Mason,44,1,0,38.59471935,-83.82151043,21161.0,257.7621558289397,2.272727272727273,43,44,1,0,43,43,17150,0,0,0,0,1
2020-07-21,US,Kentucky,McCracken,259,3,0,37.05350953,-88.70445755,21145.0,395.91549726375,1.1583011583011582,256,245,3,0,242,243,65346,14,0,0,14,2
2020-07-21,US,Kentucky,McCreary,20,0,0,36.73874143,-84.48102924,21147.0,116.06987406418665,0.0,20,20,0,0,20,19,17408,0,0,0,0,1
2020-07-21,US,Kentucky,McLean,35,1,0,37.5301951,-87.26803443,21149.0,380.145541435864,2.8571428571428568,34,35,1,0,34,35,9252,0,0,0,0,0
2020-07-21,US,Kentucky,Meade,51,2,0,37.96163597,-86.21028219,21163.0,178.49643007139858,3.92156862745098,49,50,2,0,48,49,28715,1,0,0,1,1
2020-07-21,US,Kentucky,Menifee,19,0,0,37.94090733,-83.59985712,21165.0,292.8032054245646,0.0,19,19,0,0,19,19,6451,0,0,0,0,0
2020-07-21,US,Kentucky,Mercer,33,0,0,37.81474237,-84.87488475,21167.0,150.45821365066342,0.0,33,32,0,0,32,32,21774,1,0,0,1,0
2020-07-21,US,Kentucky,Metcalfe,19,2,0,36.99459295,-85.63123699,21169.0,188.6605103763281,10.526315789473683,17,18,2,0,16,18,10030,1,0,0,1,0
2020-07-21,US,Kentucky,Monroe,63,2,0,36.71225341,-85.71596443,21171.0,591.5492957746479,3.1746031746031744,61,61,2,0,59,61,10718,2,0,0,2,0
2020-07-21,US,Kentucky,Montgomery,89,0,0,38.03253032,-83.9145241,21173.0,316.08481017153815,0.0,89,89,0,0,89,89,28203,0,0,0,0,0
2020-07-21,US,Kentucky,Morgan,24,0,0,37.92465657,-83.25558245,21175.0,180.32910060861067,0.0,24,23,0,0,23,23,13345,1,0,0,1,0
2020-07-21,US,Kentucky,Muhlenberg,580,9,0,37.21425819,-87.14632053,21177.0,1894.0630918947165,1.5517241379310345,571,574,9,0,565,571,30774,6,0,0,6,3
2020-07-21,US,Kentucky,Nelson,151,2,0,37.80335779,-85.4657193,21179.0,326.60653645664354,1.3245033112582782,149,147,2,0,145,145,45851,4,0,0,4,2
2020-07-21,US,Kentucky,Nicholas,16,0,0,38.33342292,-84.01889177,21181.0,220.11280781400467,0.0,16,17,0,0,17,17,7166,-1,0,0,-1,0
2020-07-21,US,Kentucky,Ohio,294,1,0,37.47751843,-86.85368087,21183.0,1225.3063265816454,0.3401360544217687,293,292,1,0,291,291,24087,2,0,0,2,1
2020-07-21,US,Kentucky,Oldham,409,8,0,38.39791089,-85.448222,21185.0,612.2846150391473,1.9559902200489,401,398,8,0,390,396,66470,11,0,0,11,2
2020-07-21,US,Kentucky,Owen,23,0,0,38.51679143,-84.82404619,21187.0,210.98981744794057,0.0,23,22,0,0,22,22,10880,1,0,0,1,0
2020-07-21,US,Kentucky,Owsley,4,0,0,37.42823949,-83.68811419,21189.0,90.60022650056624,0.0,4,4,0,0,4,4,4472,0,0,0,0,0
2020-07-21,US,Kentucky,Pendleton,28,0,0,38.69607718,-84.35599463,21191.0,191.91226867717614,0.0,28,28,0,0,28,28,14529,0,0,0,0,0
2020-07-21,US,Kentucky,Perry,128,2,0,37.25023553,-83.22922731,21193.0,496.93299169190146,1.5625,126,123,2,0,121,122,26092,5,0,0,5,1
2020-07-21,US,Kentucky,Pike,160,3,0,37.47088263,-82.39487445,21195.0,276.4531066417859,1.875,157,156,3,0,153,156,58402,4,0,0,4,0
2020-07-21,US,Kentucky,Powell,33,0,0,37.83218794,-83.82553961,21197.0,267.0118941661947,0.0,33,30,0,0,30,29,12442,3,0,0,3,1
2020-07-21,US,Kentucky,Pulaski,162,2,0,37.10466131,-84.57629079,21199.0,249.31131596361905,1.2345679012345678,160,156,2,0,154,153,64623,6,0,0,6,3
2020-07-21,US,Kentucky,Robertson,2,0,0,38.51923469,-84.05055616,21201.0,94.87666034155598,0.0,2,2,0,0,2,2,2135,0,0,0,0,0
2020-07-21,US,Kentucky,Rockcastle,44,0,0,37.36642393,-84.31176452,21203.0,263.5519616651692,0.0,44,40,0,0,40,40,16750,4,0,0,4,0
2020-07-21,US,Kentucky,Rowan,46,0,0,38.19484205,-83.42088935,21205.0,188.0621422730989,0.0,46,44,0,0,44,44,24583,2,0,0,2,0
2020-07-21,US,Kentucky,Russell,78,5,0,36.99308373,-85.06070117,21207.0,435.19500083691344,6.410256410256411,73,76,5,0,71,75,17821,2,0,0,2,1
2020-07-21,US,Kentucky,Scott,174,0,0,38.29622293,-84.5816631,21209.0,305.2417374219353,0.0,174,169,0,0,169,168,56031,5,0,0,5,1
2020-07-21,US,Kentucky,Shelby,628,22,0,38.21476019,-85.194223,21211.0,1281.0052219321146,3.5031847133757963,606,620,21,0,599,613,48518,8,1,0,7,7
2020-07-21,US,Kentucky,Simpson,113,4,0,36.74058474,-86.58047435,21213.0,608.4428171440877,3.5398230088495577,109,108,4,0,104,108,18529,5,0,0,5,0
2020-07-21,US,Kentucky,Spencer,63,0,0,38.03223971,-85.32749335,21215.0,325.5645703064441,0.0,63,62,0,0,62,62,18794,1,0,0,1,0
2020-07-21,US,Kentucky,Taylor,73,1,0,37.3677562,-85.3329931,21217.0,283.28611898017004,1.3698630136986298,72,72,1,0,71,69,25549,1,0,0,1,3
2020-07-21,US,Kentucky,Todd,30,0,0,36.8381152,-87.17878374,21219.0,244.0214738897023,0.0,30,28,0,0,28,28,12311,2,0,0,2,0
2020-07-21,US,Kentucky,Trigg,38,0,0,36.80767017,-87.87333656,21221.0,259.3679612313153,0.0,38,37,0,0,37,37,14643,1,0,0,1,0
2020-07-21,US,Kentucky,Trimble,25,0,0,38.61056487,-85.33775972,21223.0,295.12454255695906,0.0,25,25,0,0,25,25,8515,0,0,0,0,0
2020-07-21,US,Kentucky,Unassigned,4,0,0,0.0,0.0,90021.0,0.0,0.0,4,4,0,0,4,6,,0,0,0,0,-2
2020-07-21,US,Kentucky,Union,40,0,0,37.66166713,-87.94300009,21225.0,278.1447743550518,0.0,40,37,0,0,37,37,14505,3,0,0,3,0
2020-07-21,US,Kentucky,Warren,2013,19,0,36.99903045,-86.42672751,21227.0,1514.7182759451,0.9438648782911078,1994,1992,19,0,1973,1985,131264,21,0,0,21,7
2020-07-21,US,Kentucky,Washington,42,0,0,37.75599461,-85.17407732,21229.0,347.25093013642,0.0,42,39,0,0,39,39,12084,3,0,0,3,0
2020-07-21,US,Kentucky,Wayne,41,0,0,36.80310688,-84.8251971,21231.0,201.64264987950625,0.0,41,36,0,0,36,35,20468,5,0,0,5,1
2020-07-21,US,Kentucky,Webster,66,0,0,37.52168356,-87.67989953,21233.0,509.9675475197033,0.0,66,63,0,0,63,63,13111,3,0,0,3,0
2020-07-21,US,Kentucky,Whitley,75,0,0,36.75700531,-84.14541217,21235.0,206.81667769688943,0.0,75,72,0,0,72,71,36242,3,0,0,3,1
2020-07-21,US,Kentucky,Wolfe,7,0,0,37.73941626,-83.49303612,21237.0,97.80634343998881,0.0,7,6,0,0,6,6,7177,1,0,0,1,0
2020-07-21,US,Kentucky,Woodford,100,0,0,38.04178222,-84.7417556,21239.0,374.05550983766,0.0,100,98,0,0,98,97,26533,2,0,0,2,1
2020-07-21,US,Louisiana,Acadia,1920,53,0,30.2950649,-92.41419698,22001.0,3094.528165041503,2.7604166666666665,1867,1844,53,0,1791,1696,62190,76,0,0,76,148
2020-07-21,US,Louisiana,Allen,753,14,0,30.65385745,-92.82442028,22003.0,2938.307254067975,1.8592297476759627,739,727,14,0,713,628,25605,26,0,0,26,99
2020-07-21,US,Louisiana,Ascension,2022,65,0,30.20406249,-90.91328409999998,22005.0,1597.1059366212755,3.214638971315529,1957,1976,65,0,1911,1896,124672,46,0,0,46,80
2020-07-21,US,Louisiana,Assumption,462,17,0,29.89946234,-91.06461642,22007.0,2110.456351925449,3.67965367965368,445,452,17,0,435,449,22300,10,0,0,10,3
2020-07-21,US,Louisiana,Avoyelles,699,20,0,31.07796211,-92.00079449,22009.0,1741.2315663610998,2.861230329041488,679,655,20,0,635,619,40462,44,0,0,44,36
2020-07-21,US,Louisiana,Beauregard,497,9,0,30.64836518,-93.34173616,22011.0,1325.4393684828121,1.8108651911468812,488,493,9,0,484,471,37253,4,0,0,4,22
2020-07-21,US,Louisiana,Bienville,317,28,0,32.34569994,-93.05398492,22013.0,2394.078997054603,8.832807570977918,289,317,28,0,289,297,13308,0,0,0,0,20
2020-07-21,US,Louisiana,Bossier,1655,52,0,32.67932307,-93.60460152,22015.0,1302.7495493509864,3.1419939577039275,1603,1602,47,0,1555,1564,127185,53,5,0,48,38
2020-07-21,US,Louisiana,Caddo,5093,261,0,32.57991587,-93.88375652,22017.0,2120.2810944030907,5.12468093461614,4832,5041,258,0,4783,4965,242922,52,3,0,49,76
2020-07-21,US,Louisiana,Calcasieu,4578,91,0,30.22931235,-93.35400434,22019.0,2250.3391730077274,1.9877675840978597,4487,4481,84,0,4397,4231,203112,97,7,0,90,250
2020-07-21,US,Louisiana,Caldwell,158,1,0,32.0902519,-92.11752148,22021.0,1593.0631175640247,0.6329113924050633,157,161,1,0,160,142,9960,-3,0,0,-3,19
2020-07-21,US,Louisiana,Cameron,145,0,0,29.87592238,-93.19310676,22023.0,2079.4493044600604,0.0,145,125,0,0,125,123,6968,20,0,0,20,2
2020-07-21,US,Louisiana,Catahoula,233,3,0,31.66778967,-91.84526385,22025.0,2454.181588371603,1.2875536480686696,230,235,3,0,232,222,9608,-2,0,0,-2,13
2020-07-21,US,Louisiana,Claiborne,178,10,0,32.82308512,-92.99526883,22027.0,1135.9285258455648,5.617977528089888,168,170,10,0,160,165,15944,8,0,0,8,5
2020-07-21,US,Louisiana,Concordia,204,7,0,31.44817835,-91.63814433,22029.0,1059.2450282984578,3.431372549019608,197,192,7,0,185,178,19572,12,0,0,12,14
2020-07-21,US,Louisiana,De Soto,519,23,0,32.05457447,-93.74130302,22031.0,1889.8153879765507,4.431599229287091,496,502,22,0,480,491,27436,17,1,0,16,11
2020-07-21,US,Louisiana,East Baton Rouge,8700,290,0,30.53842039,-91.09777565,22033.0,1977.007628522539,3.333333333333333,8410,8578,289,0,8289,8366,440956,122,1,0,121,212
2020-07-21,US,Louisiana,East Carroll,483,1,0,32.73926954,-91.23425694,22035.0,7039.790118058592,0.2070393374741201,482,484,1,0,483,483,7037,-1,0,0,-1,1
2020-07-21,US,Louisiana,East Feliciana,403,34,0,30.84425359,-91.04976723,22037.0,2106.088319832767,8.436724565756824,369,407,34,0,373,396,19305,-4,0,0,-4,11
2020-07-21,US,Louisiana,Evangeline,520,2,0,30.72985248,-92.39915924,22039.0,1557.1193292409046,0.38461538461538464,518,494,2,0,492,441,33443,26,0,0,26,53
2020-07-21,US,Louisiana,Franklin,641,15,0,32.13675181,-91.67589857,22041.0,3202.598051461404,2.3400936037441498,626,634,14,0,620,628,20156,7,1,0,6,6
2020-07-21,US,Louisiana,Grant,179,3,0,31.59882456,-92.56124347,22043.0,799.4997543436508,1.675977653631285,176,173,3,0,170,154,22482,6,0,0,6,19
2020-07-21,US,Louisiana,Iberia,1715,53,0,29.86803617,-91.75871777,22045.0,2455.9644851782896,3.090379008746356,1662,1671,54,0,1617,1607,70941,44,-1,0,45,64
2020-07-21,US,Louisiana,Iberville,933,44,0,30.25734305,-91.3499598,22047.0,2869.7979145519976,4.715969989281887,889,921,44,0,877,910,32721,12,0,0,12,11
2020-07-21,US,Louisiana,Jackson,320,18,0,32.30251776,-92.55692092,22049.0,2032.520325203252,5.625,302,318,18,0,300,276,15902,2,0,0,2,42
2020-07-21,US,Louisiana,Jefferson,12637,504,0,29.74075478,-90.11115756,22051.0,2921.8970018011855,3.9882883595790135,12133,12486,501,0,11985,12254,434051,151,3,0,148,232
2020-07-21,US,Louisiana,Jefferson Davis,825,17,0,30.26896765,-92.81210004,22053.0,2630.0688599846976,2.060606060606061,808,801,17,0,784,753,31582,24,0,0,24,48
2020-07-21,US,Louisiana,LaSalle,165,1,0,31.67884782,-92.15907765,22059.0,1107.9774375503623,0.6060606060606061,164,163,1,0,162,144,14917,2,0,0,2,19
2020-07-21,US,Louisiana,Lafayette,5125,61,0,30.2049055,-92.06959876,22055.0,2097.0579810957893,1.1902439024390243,5064,5001,59,0,4942,4848,242782,124,2,0,122,153
2020-07-21,US,Louisiana,Lafourche,2095,92,0,29.52470226,-90.40976986,22057.0,2146.2085356608677,4.391408114558471,2003,2045,92,0,1953,1928,98115,50,0,0,50,117
2020-07-21,US,Louisiana,Lincoln,556,20,0,32.6003154,-92.6659741,22061.0,1189.508365067819,3.5971223021582728,536,558,20,0,538,505,47196,-2,0,0,-2,53
2020-07-21,US,Louisiana,Livingston,2043,44,0,30.44143993,-90.73061664,22063.0,1451.1076859697846,2.1536955457660305,1999,1990,43,0,1947,1892,139567,53,1,0,52,98
2020-07-21,US,Louisiana,Madison,497,6,0,32.36918118,-91.23973355,22065.0,4538.398319788147,1.2072434607645874,491,486,6,0,480,478,11161,11,0,0,11,8
2020-07-21,US,Louisiana,Morehouse,345,11,0,32.81686191,-91.80421614,22067.0,1386.9904317761518,3.188405797101449,334,339,10,0,329,335,25398,6,1,0,5,4
2020-07-21,US,Louisiana,Natchitoches,493,15,0,31.72321584,-93.09816516,22069.0,1291.996435871901,3.042596348884381,478,491,14,0,477,483,38659,2,1,0,1,8
2020-07-21,US,Louisiana,Orleans,9451,546,0,30.06971951,-89.92660315,22071.0,2422.4388943569547,5.7771664374140315,8905,9379,546,0,8833,9265,391006,72,0,0,72,114
2020-07-21,US,Louisiana,Ouachita,3669,98,0,32.47645559,-92.15704172,22073.0,2393.6742802340827,2.671027527936768,3571,3643,95,0,3548,3569,154475,26,3,0,23,74
2020-07-21,US,Louisiana,Plaquemines,344,18,0,29.42245447,-89.60322085,22075.0,1482.9503815148514,5.232558139534883,326,344,18,0,326,341,23410,0,0,0,0,3
2020-07-21,US,Louisiana,Pointe Coupee,539,28,0,30.71409502,-91.60209535,22077.0,2480.441785549931,5.194805194805196,511,520,28,0,492,499,21940,19,0,0,19,21
2020-07-21,US,Louisiana,Rapides,2429,92,0,31.19778499,-92.52997303,22079.0,1873.534493397507,3.787566899958831,2337,2371,90,0,2281,2278,130562,58,2,0,56,93
2020-07-21,US,Louisiana,Red River,130,9,0,32.09530039,-93.34213308,22081.0,1539.9194503672115,6.9230769230769225,121,131,9,0,122,129,8477,-1,0,0,-1,2
2020-07-21,US,Louisiana,Richland,387,5,0,32.41391005,-91.76634876,22083.0,1923.2680648046914,1.2919896640826871,382,382,5,0,377,372,20192,5,0,0,5,10
2020-07-21,US,Louisiana,Sabine,388,3,0,31.56388699,-93.55433981,22085.0,1624.5185061128784,0.7731958762886598,385,379,3,0,376,304,24032,9,0,0,9,75
2020-07-21,US,Louisiana,St. Bernard,839,24,0,29.87761636,-89.51887093,22087.0,1775.8868851071036,2.8605482717520863,815,830,24,0,806,816,46721,9,0,0,9,14
2020-07-21,US,Louisiana,St. Charles,1068,50,0,29.90709658,-90.35555967,22089.0,2011.2994350282488,4.681647940074907,1018,1032,50,0,982,1012,52879,36,0,0,36,20
2020-07-21,US,Louisiana,St. Helena,198,1,0,30.82210324,-90.71013176,22091.0,1954.2045005921832,0.5050505050505051,197,169,1,0,168,164,10262,29,0,0,29,5
2020-07-21,US,Louisiana,St. James,519,30,0,30.02531716,-90.80212061,22093.0,2460.182025028441,5.780346820809249,489,518,30,0,488,510,21037,1,0,0,1,8
2020-07-21,US,Louisiana,St. John the Baptist,1175,88,0,30.12597499,-90.4753503,22095.0,2742.955855918949,7.489361702127661,1087,1163,88,0,1075,1143,43184,12,0,0,12,20
2020-07-21,US,Louisiana,St. Landry,1552,66,0,30.59724262,-92.00135806,22097.0,1889.8251424674881,4.252577319587629,1486,1527,65,0,1462,1437,82764,25,1,0,24,90
2020-07-21,US,Louisiana,St. Martin,1287,31,0,30.13112107,-91.61403569,22099.0,2408.714042409837,2.4087024087024087,1256,1254,30,0,1224,1210,53621,33,1,0,32,44
2020-07-21,US,Louisiana,St. Mary,1137,39,0,29.69262097,-91.44702164,22101.0,2304.044743454649,3.430079155672823,1098,1106,39,0,1067,1040,49774,31,0,0,31,66
2020-07-21,US,Louisiana,St. Tammany,3859,189,0,30.40942847,-89.95642711,22103.0,1481.8427226892047,4.897641876133713,3670,3790,189,0,3601,3699,258111,69,0,0,69,91
2020-07-21,US,Louisiana,Tangipahoa,2464,47,0,30.62888673,-90.40664996,22105.0,1828.4628741892875,1.9074675324675323,2417,2447,47,0,2400,2300,133777,17,0,0,17,147
2020-07-21,US,Louisiana,Tensas,43,0,0,32.00760749,-91.32915234,22107.0,992.1550530687587,0.0,43,43,0,0,43,40,4462,0,0,0,0,3
2020-07-21,US,Louisiana,Terrebonne,2136,69,0,29.37343766,-90.82626855,22109.0,1933.7141615592834,3.230337078651685,2067,2124,68,0,2056,2071,111021,12,1,0,11,53
2020-07-21,US,Louisiana,Unassigned,6,0,0,0.0,0.0,90022.0,0.0,0.0,6,8,0,0,8,5,,-2,0,0,-2,3
2020-07-21,US,Louisiana,Union,511,30,0,32.83121059,-92.3749373,22111.0,2311.380495748145,5.8708414872798445,481,506,30,0,476,499,22330,5,0,0,5,7
2020-07-21,US,Louisiana,Vermilion,878,12,0,29.83517605,-92.30292538,22113.0,1475.3574969333401,1.366742596810934,866,810,12,0,798,764,59830,68,0,0,68,46
2020-07-21,US,Louisiana,Vernon,445,15,0,31.10884837,-93.18153838,22115.0,938.2445339349343,3.3707865168539324,430,429,13,0,416,386,48860,16,2,0,14,43
2020-07-21,US,Louisiana,Washington,1008,54,0,30.85288548,-90.03866652,22117.0,2182.10157163268,5.357142857142857,954,1000,54,0,946,942,46582,8,0,0,8,58
2020-07-21,US,Louisiana,Webster,682,12,0,32.70847669,-93.33121835,22119.0,1778.8210745957224,1.7595307917888563,670,674,12,0,662,628,38798,8,0,0,8,46
2020-07-21,US,Louisiana,West Baton Rouge,484,33,0,30.46058217,-91.30989571,22121.0,1828.8305308898543,6.8181818181818175,451,479,32,0,447,467,26427,5,1,0,4,12
2020-07-21,US,Louisiana,West Carroll,206,5,0,32.78550125,-91.461201,22123.0,1902.1237303785776,2.4271844660194173,201,205,5,0,200,198,10982,1,0,0,1,7
2020-07-21,US,Louisiana,West Feliciana,307,14,0,30.87882871,-91.4148538,22125.0,1971.993833504625,4.5602605863192185,293,289,14,0,275,283,15460,18,0,0,18,6
2020-07-21,US,Louisiana,Winn,334,5,0,31.94449367,-92.63789413,22127.0,2402.186421173763,1.497005988023952,329,327,5,0,322,317,14134,7,0,0,7,10
2020-07-21,US,Maine,Androscoggin,513,5,0,44.1664747,-70.20380627,23001.0,473.7848296498796,0.9746588693957114,508,512,5,0,507,511,107679,1,0,0,1,1
2020-07-21,US,Maine,Aroostook,30,1,0,46.65926321,-68.59841248,23003.0,44.73939303556781,3.333333333333333,29,28,1,0,27,27,67111,2,0,0,2,1
2020-07-21,US,Maine,Cumberland,1963,68,0,43.8370751,-70.37226999,23005.0,665.4169618614047,3.464085583290881,1895,1959,67,0,1892,1950,293557,4,1,0,3,9
2020-07-21,US,Maine,Franklin,44,1,0,44.97330019,-70.44381045,23007.0,145.70018874797182,2.272727272727273,43,44,1,0,43,43,29897,0,0,0,0,1
2020-07-21,US,Maine,Hancock,19,1,0,44.59816444,-68.38401854,23009.0,34.553621765144484,5.2631578947368425,18,19,1,0,18,19,54811,0,0,0,0,0
2020-07-21,US,Maine,Kennebec,150,10,0,44.40759555,-69.76738544,23011.0,122.647217543458,6.666666666666668,140,149,10,0,139,147,122083,1,0,0,1,2
2020-07-21,US,Maine,Knox,25,1,0,44.11486325,-69.10529169,23013.0,62.858292265915715,4.0,24,25,1,0,24,25,39771,0,0,0,0,0
2020-07-21,US,Maine,Lincoln,31,0,0,44.05996956,-69.54227124,23015.0,89.50742045388924,0.0,31,31,0,0,31,30,34342,0,0,0,0,1
2020-07-21,US,Maine,Oxford,49,0,0,44.49952995,-70.75682123,23017.0,84.51918930573521,0.0,49,49,0,0,49,48,57618,0,0,0,0,1
2020-07-21,US,Maine,Penobscot,136,5,0,45.40194593,-68.65020455,23019.0,89.38664984094434,3.6764705882352944,131,134,5,0,129,131,151096,2,0,0,2,3
2020-07-21,US,Maine,Piscataquis,4,0,0,45.83839062,-69.2860223,23021.0,23.83080131069407,0.0,4,4,0,0,4,4,16800,0,0,0,0,0
2020-07-21,US,Maine,Sagadahoc,36,0,0,43.95415864,-69.85074999,23023.0,100.4016064257028,0.0,36,35,0,0,35,34,35634,1,0,0,1,1
2020-07-21,US,Maine,Somerset,33,0,0,45.51229767,-69.95995554,23025.0,65.36724506774425,0.0,33,33,0,0,33,32,50592,0,0,0,0,1
2020-07-21,US,Maine,Unassigned,23,0,0,0.0,0.0,90023.0,0.0,0.0,23,24,0,0,24,26,,-1,0,0,-1,-2
2020-07-21,US,Maine,Waldo,60,14,0,44.4858305,-69.12061935,23027.0,151.07641948885808,23.33333333333333,46,60,14,0,46,60,39694,0,0,0,0,0
2020-07-21,US,Maine,Washington,6,0,0,45.01607142,-67.62813524,23029.0,19.12106823034513,0.0,6,6,0,0,6,6,31490,0,0,0,0,0
2020-07-21,US,Maine,York,601,12,0,43.47808377,-70.71052375,23031.0,289.4418732331283,1.9966722129783692,589,599,12,0,587,594,206229,2,0,0,2,5
2020-07-21,US,Maryland,Allegany,240,18,0,39.62357628,-78.69280486,24001.0,340.83162917518746,7.5,222,239,18,0,221,237,70975,1,0,0,1,2
2020-07-21,US,Maryland,Anne Arundel,6062,213,0,39.00670238,-76.60329337,24003.0,1046.554587610534,3.5136918508742987,5849,6003,213,0,5790,5955,576031,59,0,0,59,48
2020-07-21,US,Maryland,Baltimore,9994,517,0,39.45784712,-76.62911955,24005.0,1207.9239034531106,5.17310386231739,9477,9828,512,0,9316,9723,828431,166,5,0,161,105
2020-07-21,US,Maryland,Baltimore City,9644,389,0,39.30211911,-76.61151012,24510.0,1624.964194847428,4.033596018249689,9255,9505,384,0,9121,9428,621342,139,5,0,134,77
2020-07-21,US,Maryland,Calvert,495,27,0,38.53961642,-76.56820632,24009.0,534.9905430964603,5.454545454545454,468,494,27,0,467,490,92003,1,0,0,1,4
2020-07-21,US,Maryland,Caroline,367,3,0,38.87172293,-75.82904158,24011.0,1098.605041010597,0.8174386920980926,364,365,3,0,362,360,33304,2,0,0,2,5
2020-07-21,US,Maryland,Carroll,1296,116,0,39.56453592,-77.02373735,24013.0,769.3814671677145,8.950617283950617,1180,1276,116,0,1160,1269,168429,20,0,0,20,7
2020-07-21,US,Maryland,Cecil,566,30,0,39.56647682,-75.94627411,24015.0,550.289242136989,5.300353356890461,536,559,29,0,530,553,102826,7,1,0,6,6
2020-07-21,US,Maryland,Charles,1642,90,0,38.51092331,-76.98580666,24017.0,1005.7761688625908,5.481120584652864,1552,1619,90,0,1529,1609,161503,23,0,0,23,10
2020-07-21,US,Maryland,Dorchester,246,5,0,38.45413522,-76.02752426,24019.0,770.4594569200414,2.0325203252032518,241,246,5,0,241,245,31998,0,0,0,0,1
2020-07-21,US,Maryland,Frederick,2785,120,0,39.47296601,-77.39999394,24021.0,1073.023383048157,4.308797127468582,2665,2739,120,0,2619,2722,255648,46,0,0,46,17
2020-07-21,US,Maryland,Garrett,34,0,0,39.52786077,-79.27355126,24023.0,117.1848073343903,0.0,34,34,0,0,34,34,29163,0,0,0,0,0
2020-07-21,US,Maryland,Harford,1452,66,0,39.55010644,-76.30775940000002,24025.0,568.4287173946234,4.545454545454546,1386,1427,66,0,1361,1412,253956,25,0,0,25,15
2020-07-21,US,Maryland,Howard,3177,99,0,39.25305293,-76.93126208,24027.0,975.4674690656759,3.1161473087818696,3078,3128,98,0,3030,3097,323196,49,1,0,48,31
2020-07-21,US,Maryland,Kent,224,23,0,39.24976208,-76.04741541,24029.0,1153.3312738132015,10.267857142857142,201,223,23,0,200,221,19383,1,0,0,1,2
2020-07-21,US,Maryland,Montgomery,16520,774,0,39.13676329,-77.20358245,24031.0,1572.303100444661,4.685230024213075,15746,16433,772,0,15661,16372,1052567,87,2,0,85,61
2020-07-21,US,Maryland,Prince George's,20867,725,0,38.83070039,-76.8496441,24033.0,2294.7740471799475,3.4743853932045816,20142,20690,723,0,19967,20589,909308,177,2,0,175,101
2020-07-21,US,Maryland,Queen Anne's,335,23,0,39.06198912,-76.03530977,24035.0,664.9332089478178,6.865671641791044,312,331,23,0,308,318,50251,4,0,0,4,13
2020-07-21,US,Maryland,Somerset,110,3,0,38.1163542,-75.75118623,24039.0,429.419113054341,2.727272727272727,107,108,3,0,105,108,25675,2,0,0,2,0
2020-07-21,US,Maryland,St. Mary's,785,52,0,38.30058422,-76.60629279999998,24037.0,691.5690247555283,6.62420382165605,733,779,52,0,727,773,112664,6,0,0,6,6
2020-07-21,US,Maryland,Talbot,265,4,0,38.76618159,-76.10882561,24041.0,712.7296199671875,1.509433962264151,261,257,4,0,253,243,36968,8,0,0,8,14
2020-07-21,US,Maryland,Unassigned,0,16,0,0.0,0.0,90024.0,0.0,0.0,-16,0,12,0,-12,0,,0,4,0,-4,0
2020-07-21,US,Maryland,Washington,816,29,0,39.60835778,-77.82002295,24043.0,540.2220471502625,3.5539215686274512,787,796,29,0,767,784,150926,20,0,0,20,12
2020-07-21,US,Maryland,Wicomico,1195,42,0,38.37301947,-75.62705831,24045.0,1153.3747068304874,3.514644351464435,1153,1189,42,0,1147,1181,103195,6,0,0,6,8
2020-07-21,US,Maryland,Worcester,428,18,0,38.21274277,-75.33200012,24047.0,818.7313489938022,4.205607476635514,410,417,18,0,399,408,51823,11,0,0,11,9
2020-07-21,US,Massachusetts,Barnstable,1639,154,0,41.72980578,-70.28854339,25001.0,769.5196957603644,9.395973154362416,1485,1635,154,0,1481,1622,213413,4,0,0,4,13
2020-07-21,US,Massachusetts,Berkshire,625,45,0,42.37428441,-73.20524838,25003.0,500.22410039697786,7.2,580,624,45,0,579,623,126348,1,0,0,1,1
2020-07-21,US,Massachusetts,Bristol,8745,613,0,41.79228404,-71.10872211,25005.0,1547.1933788261856,7.009719839908519,8132,8719,610,0,8109,8681,564022,26,3,0,23,38
2020-07-21,US,Massachusetts,Dukes and Nantucket,93,1,0,41.40674725,-70.68763497,0.0,323.6921791792837,1.075268817204301,92,88,1,0,87,86,26707,5,0,0,5,2
2020-07-21,US,Massachusetts,Essex,16784,1146,0,42.6687626,-70.94687179,25009.0,2127.158018539125,6.82793136320305,15638,16757,1143,0,15614,16733,790638,27,3,0,24,24
2020-07-21,US,Massachusetts,Franklin,390,57,0,42.58119713,-72.58602547,25011.0,555.7138785978912,14.615384615384615,333,390,57,0,333,391,70963,0,0,0,0,-1
2020-07-21,US,Massachusetts,Hampden,7152,679,0,42.13440424,-72.63235561,25013.0,1533.5397493846115,9.493847874720355,6473,7141,678,0,6463,7140,470406,11,1,0,10,1
2020-07-21,US,Massachusetts,Hampshire,1057,125,0,42.33997957,-72.65898478,25015.0,657.2156935895044,11.825922421948912,932,1049,123,0,926,1039,161355,8,2,0,6,10
2020-07-21,US,Massachusetts,Middlesex,25011,1946,0,42.48607732,-71.39049229,25017.0,1551.8406352550946,7.780576546319621,23065,24958,1948,0,23010,24886,1614714,53,-2,0,55,72
2020-07-21,US,Massachusetts,Norfolk,9779,970,0,42.16073095,-71.20530408,25021.0,1383.6086449011354,9.919214643624093,8809,9737,968,0,8769,9699,705388,42,2,0,40,38
2020-07-21,US,Massachusetts,Plymouth,8903,699,0,41.94070556,-70.80802823,25023.0,1708.1668911477698,7.851286083342693,8204,8894,696,0,8198,8889,518132,9,3,0,6,5
2020-07-21,US,Massachusetts,Suffolk,20650,1039,0,42.327951399999996,-71.07850442,25025.0,2568.705086533641,5.031476997578691,19611,20621,1035,0,19586,20601,807252,29,4,0,25,20
2020-07-21,US,Massachusetts,Unassigned,311,6,0,0.0,0.0,90025.0,0.0,1.929260450160772,305,317,6,0,311,314,,-6,0,0,-6,3
2020-07-21,US,Massachusetts,Worcester,12894,970,0,42.35026951,-71.90493363,25027.0,1552.3306630452842,7.522878858383744,11924,12859,969,0,11890,12830,830839,35,1,0,34,29
2020-07-21,US,Michigan,Alcona,27,1,0,44.6846864,-83.59507875,26001.0,259.4906295050457,3.703703703703704,26,26,1,0,25,25,10362,1,0,0,1,1
2020-07-21,US,Michigan,Alger,4,0,0,46.41292944,-86.60260122,26003.0,43.917435221783045,0.0,4,4,0,0,4,4,9097,0,0,0,0,0
2020-07-21,US,Michigan,Allegan,440,7,0,42.59147037,-85.89102866,26005.0,372.62557058290497,1.5909090909090908,433,435,7,0,428,424,117327,5,0,0,5,11
2020-07-21,US,Michigan,Alpena,125,13,0,45.03477666,-83.62212411,26007.0,440.06336912515405,10.4,112,125,13,0,112,125,28360,0,0,0,0,0
2020-07-21,US,Michigan,Antrim,29,0,0,44.99690221,-85.15503082,26009.0,124.33544846510031,0.0,29,29,0,0,29,29,23365,0,0,0,0,0
2020-07-21,US,Michigan,Arenac,39,2,0,44.0636262,-83.89277559,26011.0,262.0439427534771,5.128205128205129,37,39,3,0,36,39,15041,0,-1,0,1,0
2020-07-21,US,Michigan,Baraga,5,0,0,46.6720582,-88.36363591,26013.0,60.9087586794981,0.0,5,5,0,0,5,5,8320,0,0,0,0,0
2020-07-21,US,Michigan,Barry,156,2,0,42.59513984,-85.30834519,26015.0,253.45247766043857,1.2820512820512822,154,155,2,0,153,153,61157,1,0,0,1,2
2020-07-21,US,Michigan,Bay,484,31,0,43.70639106,-83.98731479,26017.0,469.32878226635376,6.404958677685951,453,480,31,0,449,478,103923,4,0,0,4,2
2020-07-21,US,Michigan,Benzie,24,1,0,44.63899297,-86.01608482,26019.0,135.08949679162444,4.166666666666667,23,22,1,0,21,22,17753,2,0,0,2,0
2020-07-21,US,Michigan,Berrien,1149,61,0,41.95447397,-86.41313079999998,26021.0,749.0172815040319,5.308964316797215,1088,1130,61,0,1069,1114,154141,19,0,0,19,16
2020-07-21,US,Michigan,Branch,296,2,0,41.91600556,-85.05929476,26023.0,680.193947193051,0.6756756756756757,294,295,2,0,293,293,43622,1,0,0,1,2
2020-07-21,US,Michigan,Calhoun,670,39,0,42.24633834,-85.00493569,26025.0,499.4074195544093,5.82089552238806,631,665,39,0,626,652,134487,5,0,0,5,13
2020-07-21,US,Michigan,Cass,230,8,0,41.91522292,-85.99405727,26027.0,444.12690443547615,3.4782608695652173,222,229,7,0,222,217,51653,1,1,0,0,12
2020-07-21,US,Michigan,Charlevoix,41,2,0,45.37790017,-85.19614053,26029.0,156.829744099759,4.878048780487805,39,40,2,0,38,40,26244,1,0,0,1,0
2020-07-21,US,Michigan,Cheboygan,31,2,0,45.44787015,-84.50122149,26031.0,122.6459882892863,6.451612903225807,29,30,2,0,28,30,25413,1,0,0,1,0
2020-07-21,US,Michigan,Chippewa,25,0,0,46.29552653,-84.54353449,26033.0,66.93619641757476,0.0,25,25,0,0,25,24,37517,0,0,0,0,1
2020-07-21,US,Michigan,Clare,39,3,0,43.98794227,-84.84819859999998,26035.0,126.0096930533118,7.6923076923076925,36,39,3,0,36,38,30757,0,0,0,0,1
2020-07-21,US,Michigan,Clinton,332,12,0,42.94400871,-84.60145248,26037.0,417.11162761480006,3.614457831325301,320,331,12,0,319,326,79332,1,0,0,1,5
2020-07-21,US,Michigan,Crawford,87,5,0,44.68255561,-84.61006219,26039.0,620.1439874545584,5.747126436781608,82,86,5,0,81,86,13901,1,0,0,1,0
2020-07-21,US,Michigan,Delta,52,3,0,45.90484910000001,-86.9080745,26041.0,145.31634249944108,5.769230769230768,49,50,3,0,47,47,35857,2,0,0,2,3
2020-07-21,US,Michigan,Dickinson,35,2,0,46.00999672,-87.86961634,26043.0,138.67427394112286,5.7142857142857135,33,33,2,0,31,33,25383,2,0,0,2,0
2020-07-21,US,Michigan,Eaton,389,7,0,42.59599185,-84.83740035,26045.0,352.77687089636163,1.7994858611825193,382,381,7,0,374,375,109826,8,0,0,8,6
2020-07-21,US,Michigan,Emmet,46,2,0,45.52625509,-84.89083249,26047.0,137.66272632051474,4.3478260869565215,44,46,2,0,44,45,33308,0,0,0,0,1
2020-07-21,US,Michigan,Federal Correctional Institution (FCI),188,5,0,0.0,0.0,0.0,0.0,2.6595744680851063,183,188,5,0,183,187,,0,0,0,0,1
2020-07-21,US,Michigan,Genesee,3154,293,0,43.02244215,-83.70589709,26049.0,777.2052644937446,9.289790741915027,2861,3116,292,0,2824,3087,406892,38,1,0,37,29
2020-07-21,US,Michigan,Gladwin,30,2,0,43.98901072,-84.38774817,26051.0,117.88282447247437,6.666666666666668,28,30,1,0,29,30,25337,0,1,0,-1,0
2020-07-21,US,Michigan,Gogebic,45,1,0,46.40862701,-89.69377193,26053.0,322.0035778175313,2.2222222222222223,44,37,1,0,36,36,15096,8,0,0,8,1
2020-07-21,US,Michigan,Grand Traverse,134,5,0,44.69565625,-85.55585247,26055.0,143.9498109315916,3.7313432835820897,129,130,5,0,125,123,92573,4,0,0,4,7
2020-07-21,US,Michigan,Gratiot,120,15,0,43.29265605,-84.60505416,26057.0,294.7606298052124,12.5,105,119,14,0,105,115,40599,1,1,0,0,4
2020-07-21,US,Michigan,Hillsdale,218,25,0,41.88753639,-84.59312019,26059.0,478.0177612103936,11.46788990825688,193,218,25,0,193,217,45749,0,0,0,0,1
2020-07-21,US,Michigan,Houghton,37,0,0,46.89988536,-88.68495385,26061.0,103.68792736240331,0.0,37,33,0,0,33,33,36219,4,0,0,4,0
2020-07-21,US,Michigan,Huron,103,3,0,43.83353985,-83.04078453,26063.0,332.4618314450792,2.9126213592233015,100,100,3,0,97,96,31166,3,0,0,3,4
2020-07-21,US,Michigan,Ingham,1301,29,0,42.59716886,-84.37472069,26065.0,444.9293106160612,2.2290545734050733,1272,1286,29,0,1257,1287,292735,15,0,0,15,-1
2020-07-21,US,Michigan,Ionia,240,5,0,42.94502238,-85.07413319,26067.0,370.9600136018672,2.083333333333333,235,235,5,0,230,233,64210,5,0,0,5,2
2020-07-21,US,Michigan,Iosco,123,11,0,44.35486835,-83.63484895,26069.0,489.5132725753174,8.943089430894311,112,123,11,0,112,122,25081,0,0,0,0,1
2020-07-21,US,Michigan,Iron,10,1,0,46.20974132,-88.53136251,26071.0,90.36688957166096,10.0,9,10,1,0,9,9,11117,0,0,0,0,1
2020-07-21,US,Michigan,Isabella,185,8,0,43.64060976,-84.84664923,26073.0,264.76986489580946,4.3243243243243255,177,184,8,0,176,183,70562,1,0,0,1,1
2020-07-21,US,Michigan,Jackson,591,32,0,42.24807035,-84.42258681,26075.0,372.84713898176767,5.4145516074450075,559,582,32,0,550,580,158823,9,0,0,9,2
2020-07-21,US,Michigan,Kalamazoo,1351,74,0,42.24542231,-85.53038622,26077.0,509.6843804939147,5.477424130273872,1277,1348,74,0,1274,1327,264870,3,0,0,3,21
2020-07-21,US,Michigan,Kalkaska,45,4,0,44.68512729,-85.09085699,26079.0,249.47333407251358,8.888888888888891,41,45,4,0,41,45,17824,0,0,0,0,0
2020-07-21,US,Michigan,Kent,6424,149,0,43.03197711,-85.54934642,26081.0,977.844753445822,2.319427148194272,6275,6357,148,0,6209,6335,653786,67,1,0,66,22
2020-07-21,US,Michigan,Keweenaw,2,0,0,47.63197653,-88.41434263,26083.0,94.5179584120983,0.0,2,2,0,0,2,2,2113,0,0,0,0,0
2020-07-21,US,Michigan,Lake,14,0,0,43.99050893,-85.802173,26085.0,118.11355774909306,0.0,14,14,0,0,14,13,11881,0,0,0,0,1
2020-07-21,US,Michigan,Lapeer,341,32,0,43.09052506,-83.22153148,26087.0,389.23830287534105,9.384164222873899,309,341,32,0,309,339,88028,0,0,0,0,2
2020-07-21,US,Michigan,Leelanau,55,0,0,44.94430054,-85.80150326,26089.0,252.7457377877855,0.0,55,56,0,0,56,54,21764,-1,0,0,-1,2
2020-07-21,US,Michigan,Lenawee,328,11,0,41.89475156,-84.06603727,26091.0,333.160658601741,3.3536585365853657,317,321,11,0,310,312,98266,7,0,0,7,9
2020-07-21,US,Michigan,Livingston,676,28,0,42.60302282,-83.91297209,26093.0,352.09250240891686,4.142011834319527,648,671,28,0,643,669,191224,5,0,0,5,2
2020-07-21,US,Michigan,Luce,3,0,0,46.47227431,-85.54471223,26095.0,48.16182372772515,0.0,3,3,0,0,3,3,6283,0,0,0,0,0
2020-07-21,US,Michigan,Mackinac,10,0,0,46.07028979,-85.04980537,26097.0,92.60116677470137,0.0,10,10,0,0,10,9,10787,0,0,0,0,1
2020-07-21,US,Michigan,Macomb,8504,936,0,42.69158356,-82.92752801,26099.0,973.0288842205472,11.006585136406395,7568,8418,934,0,7484,8353,874759,86,2,0,84,65
2020-07-21,US,Michigan,Manistee,31,0,0,44.33352407,-86.05626916,26101.0,126.23177783207102,0.0,31,30,0,0,30,29,24528,1,0,0,1,1
2020-07-21,US,Michigan,Marquette,107,11,0,46.4338914,-87.64043701,26103.0,160.42219523531088,10.280373831775703,96,106,11,0,95,105,66516,1,0,0,1,1
2020-07-21,US,Michigan,Mason,92,0,0,43.99509218,-86.24988902,26105.0,315.673895141367,0.0,92,89,0,0,89,82,29100,3,0,0,3,7
2020-07-21,US,Michigan,Mecosta,46,2,0,43.64064262,-85.32463223,26107.0,105.86150553471569,4.3478260869565215,44,45,2,0,43,46,43545,1,0,0,1,-1
2020-07-21,US,Michigan,Menominee,58,0,0,45.58038692,-87.55370409,26109.0,254.60930640913082,0.0,58,56,0,0,56,55,22983,2,0,0,2,1
2020-07-21,US,Michigan,Michigan Department of Corrections (MDOC),4130,68,0,0.0,0.0,0.0,0.0,1.6464891041162228,4062,4123,68,0,4055,4122,,7,0,0,7,1
2020-07-21,US,Michigan,Midland,236,9,0,43.64330771,-84.38804374,26111.0,283.80393477319734,3.8135593220338975,227,230,9,0,221,225,83209,6,0,0,6,5
2020-07-21,US,Michigan,Missaukee,40,1,0,44.33772443,-85.09256478,26113.0,264.58526260087314,2.5,39,40,1,0,39,39,15113,0,0,0,0,1
2020-07-21,US,Michigan,Monroe,747,21,0,41.92734151,-83.53749864,26115.0,496.3455149501661,2.8112449799196786,726,743,22,0,721,740,150439,4,-1,0,5,3
2020-07-21,US,Michigan,Montcalm,157,1,0,43.31082541,-85.15252824,26117.0,245.74254946155773,0.6369426751592356,156,155,1,0,154,151,63968,2,0,0,2,4
2020-07-21,US,Michigan,Montmorency,7,0,0,45.0275929,-84.12696227,26119.0,75.04288164665523,0.0,7,7,0,0,7,7,9265,0,0,0,0,0
2020-07-21,US,Michigan,Muskegon,1046,55,0,43.29123859,-86.15176712,26121.0,602.65259324983,5.258126195028682,991,1036,55,0,981,1030,173588,10,0,0,10,6
2020-07-21,US,Michigan,Newaygo,230,0,0,43.554373999999996,-85.80070107,26123.0,469.57942017149855,0.0,230,226,0,0,226,219,48892,4,0,0,4,7
2020-07-21,US,Michigan,Oakland,13492,1119,0,42.66090111,-83.38595416,26125.0,1072.8507996284939,8.293803735546991,12373,13442,1117,0,12325,13398,1259201,50,2,0,48,44
2020-07-21,US,Michigan,Oceana,442,5,0,43.64124435,-86.26726673,26127.0,1670.0041561189405,1.1312217194570136,437,437,5,0,432,436,26625,5,0,0,5,1
2020-07-21,US,Michigan,Ogemaw,47,2,0,44.33481032,-84.12725175,26129.0,223.8415011668333,4.25531914893617,45,47,2,0,45,47,20952,0,0,0,0,0
2020-07-21,US,Michigan,Ontonagon,1,0,0,46.665226200000006,-89.31390481,26131.0,17.482517482517483,0.0,1,1,0,0,1,1,5795,0,0,0,0,0
2020-07-21,US,Michigan,Osceola,63,0,0,43.98992088,-85.32566756,26133.0,268.542199488491,0.0,63,62,0,0,62,61,23341,1,0,0,1,1
2020-07-21,US,Michigan,Oscoda,23,1,0,44.68192279,-84.12939244,26135.0,279.09234316223757,4.3478260869565215,22,23,1,0,22,23,8276,0,0,0,0,0
2020-07-21,US,Michigan,Otsego,128,10,0,45.02085831,-84.59898295,26137.0,518.8908707637426,7.8125,118,127,10,0,117,127,24665,1,0,0,1,0
2020-07-21,US,Michigan,Ottawa,1511,53,0,42.95996803,-85.9969107,26139.0,517.7671932289346,3.5076108537392456,1458,1478,53,0,1425,1460,290494,33,0,0,33,18
2020-07-21,US,Michigan,Out of MI,81,0,0,0.0,0.0,80026.0,0.0,0.0,81,119,0,0,119,107,,-38,0,0,-38,12
2020-07-21,US,Michigan,Presque Isle,14,0,0,45.34018577,-83.91498656,26141.0,111.18170266836088,0.0,14,14,0,0,14,14,12738,0,0,0,0,0
2020-07-21,US,Michigan,Roscommon,44,0,0,44.33473082,-84.61067651,26143.0,183.18830925517287,0.0,44,44,0,0,44,44,23884,0,0,0,0,0
2020-07-21,US,Michigan,Saginaw,1602,125,0,43.33433923,-84.05131209999998,26145.0,840.7727551839781,7.8027465667915115,1477,1584,125,0,1459,1563,190800,18,0,0,18,21
2020-07-21,US,Michigan,Sanilac,81,6,0,43.42406072,-82.82055898,26151.0,196.7452028175856,7.407407407407407,75,81,6,0,75,75,41182,0,0,0,0,6
2020-07-21,US,Michigan,Schoolcraft,8,0,0,46.19235734,-86.19972234,26153.0,98.838645910551,0.0,8,7,0,0,7,7,8068,1,0,0,1,0
2020-07-21,US,Michigan,Shiawassee,296,28,0,42.95392800000001,-84.14585902,26155.0,434.5145474296116,9.459459459459461,268,296,28,0,268,295,68192,0,0,0,0,1
2020-07-21,US,Michigan,St. Clair,661,53,0,42.92655373,-82.67937954,26147.0,415.3888693378915,8.018154311649017,608,651,53,0,598,645,159337,10,0,0,10,6
2020-07-21,US,Michigan,St. Joseph,453,6,0,41.91441767,-85.52797979,26149.0,743.0614789055836,1.3245033112582782,447,450,6,0,444,442,61043,3,0,0,3,8
2020-07-21,US,Michigan,Tuscola,254,27,0,43.46606813,-83.41897025,26157.0,486.1709254474112,10.62992125984252,227,251,27,0,224,251,52516,3,0,0,3,0
2020-07-21,US,Michigan,Unassigned,29,0,0,0.0,0.0,90026.0,0.0,0.0,29,7,0,0,7,6,,22,0,0,22,1
2020-07-21,US,Michigan,Van Buren,313,9,0,42.25190229,-86.01939087,26159.0,413.5999048588078,2.8753993610223643,304,311,9,0,302,301,75448,2,0,0,2,10
2020-07-21,US,Michigan,Washtenaw,2139,110,0,42.253105,-83.83853204,26161.0,581.8808980389064,5.1425899953249194,2029,2120,109,0,2011,2103,370963,19,1,0,18,17
2020-07-21,US,Michigan,Wayne,25410,2782,0,42.28098405,-83.281255,26163.0,1452.5453270170572,10.948445493900039,22628,25227,2781,0,22446,25136,1753893,183,1,0,182,91
2020-07-21,US,Michigan,Wexford,53,4,0,44.33853602,-85.57712739,26165.0,157.59269721388006,7.547169811320754,49,53,4,0,49,53,33466,0,0,0,0,0
2020-07-21,US,Minnesota,Aitkin,21,0,0,46.60962049,-93.41168259999999,27001.0,132.19186705275084,0.0,21,19,0,0,19,19,15902,2,0,0,2,0
2020-07-21,US,Minnesota,Anoka,2752,110,0,45.27476015,-93.24604565,27003.0,771.0389694077961,3.9970930232558137,2642,2678,110,0,2568,2667,353813,74,0,0,74,11
2020-07-21,US,Minnesota,Becker,83,0,0,46.93479392,-95.67158144,27005.0,241.1178572466084,0.0,83,80,0,0,80,80,34371,3,0,0,3,0
2020-07-21,US,Minnesota,Beltrami,113,0,0,47.97373527,-94.93732139,27007.0,239.4676612698144,0.0,113,101,0,0,101,100,46847,12,0,0,12,1
2020-07-21,US,Minnesota,Benton,272,3,0,45.69804958,-93.99514135,27009.0,665.2155836533053,1.1029411764705883,269,269,3,0,266,266,40545,3,0,0,3,3
2020-07-21,US,Minnesota,Big Stone,21,0,0,45.42712824,-96.41403739,27011.0,420.75736325385697,0.0,21,19,0,0,19,19,4989,2,0,0,2,0
2020-07-21,US,Minnesota,Blue Earth,701,2,0,44.03554215,-94.06699781,27013.0,1036.1698668203924,0.28530670470756064,699,679,2,0,677,669,67427,22,0,0,22,10
2020-07-21,US,Minnesota,Brown,60,2,0,44.24205652,-94.72562874,27015.0,239.9232245681382,3.333333333333333,58,56,2,0,54,55,25111,4,0,0,4,1
2020-07-21,US,Minnesota,Carlton,105,0,0,46.59180601,-92.67601019,27017.0,292.71556410470856,0.0,105,103,0,0,103,102,35837,2,0,0,2,1
2020-07-21,US,Minnesota,Carver,596,2,0,44.82017001,-93.80099179999999,27019.0,567.1383303675932,0.3355704697986577,594,568,2,0,566,559,103551,28,0,0,28,9
2020-07-21,US,Minnesota,Cass,34,2,0,46.95043611,-94.32603968,27021.0,114.17441821417778,5.882352941176472,32,32,2,0,30,33,29519,2,0,0,2,-1
2020-07-21,US,Minnesota,Chippewa,87,1,0,45.02343421,-95.56403693,27023.0,737.2881355932202,1.1494252873563218,86,86,1,0,85,86,11924,1,0,0,1,0
2020-07-21,US,Minnesota,Chisago,128,1,0,45.5021011,-92.90861945,27025.0,226.23234769083942,0.78125,127,126,1,0,125,124,55922,2,0,0,2,2
2020-07-21,US,Minnesota,Clay,678,39,0,46.89289518,-96.48761922,27027.0,1055.7129955466974,5.7522123893805315,639,669,39,0,630,668,63955,9,0,0,9,1
2020-07-21,US,Minnesota,Clearwater,14,0,0,47.57992111,-95.37790562,27029.0,158.76616012701294,0.0,14,14,0,0,14,14,8810,0,0,0,0,0
2020-07-21,US,Minnesota,Cook,2,0,0,47.90504893,-90.52629546,27031.0,36.60992128866923,0.0,2,1,0,0,1,1,5393,1,0,0,1,0
2020-07-21,US,Minnesota,Cottonwood,150,0,0,44.00715262,-95.18138802,27033.0,1339.7642015005358,0.0,150,148,0,0,148,147,11277,2,0,0,2,1
2020-07-21,US,Minnesota,Crow Wing,136,12,0,46.48096553,-94.06755609,27035.0,209.05387748827914,8.823529411764708,124,128,12,0,116,128,64889,8,0,0,8,0
2020-07-21,US,Minnesota,Dakota,3138,100,0,44.67172617,-93.06299363,27037.0,731.4327270693042,3.1867431485022313,3038,3059,100,0,2959,3046,425423,79,0,0,79,13
2020-07-21,US,Minnesota,Dodge,113,0,0,44.02238415,-92.86244324,27039.0,539.7917263781409,0.0,113,112,0,0,112,112,20822,1,0,0,1,0
2020-07-21,US,Minnesota,Douglas,104,0,0,45.93348491,-95.45335469,27041.0,272.6724522167746,0.0,104,101,0,0,101,100,37964,3,0,0,3,1
2020-07-21,US,Minnesota,Faribault,72,0,0,43.67381499,-93.94787458,27043.0,527.3566249176006,0.0,72,70,0,0,70,70,13758,2,0,0,2,0
2020-07-21,US,Minnesota,Fillmore,48,0,0,43.67394126,-92.08980382,27045.0,227.84449613139031,0.0,48,45,0,0,45,45,21058,3,0,0,3,0
2020-07-21,US,Minnesota,Freeborn,329,1,0,43.67385583,-93.34884422,27047.0,1086.4898781414088,0.30395136778115506,328,327,1,0,326,325,30444,2,0,0,2,2
2020-07-21,US,Minnesota,Goodhue,151,8,0,44.40849741,-92.72341949999999,27049.0,325.8523953388002,5.298013245033113,143,148,8,0,140,147,46403,3,0,0,3,1
2020-07-21,US,Minnesota,Grant,33,1,0,45.93424769,-96.01139609,27051.0,552.5787006028131,3.0303030303030303,32,33,1,0,32,33,6021,0,0,0,0,0
2020-07-21,US,Minnesota,Hennepin,15125,802,0,45.00761521,-93.47694895,27053.0,1194.8559181509872,5.302479338842975,14323,14835,802,0,14033,14734,1259428,290,0,0,290,101
2020-07-21,US,Minnesota,Houston,33,0,0,43.67129565,-91.49143057,27055.0,177.41935483870967,0.0,33,33,0,0,33,33,18578,0,0,0,0,0
2020-07-21,US,Minnesota,Hubbard,12,0,0,47.10778564,-94.91693868,27057.0,55.837327253268825,0.0,12,12,0,0,12,12,21332,0,0,0,0,0
2020-07-21,US,Minnesota,Isanti,93,0,0,45.56181234,-93.29487636,27059.0,229.08660951817916,0.0,93,93,0,0,93,93,39966,0,0,0,0,0
2020-07-21,US,Minnesota,Itasca,103,12,0,47.51009045,-93.63092229,27061.0,228.2295590516286,11.650485436893206,91,96,12,0,84,98,45108,7,0,0,7,-2
2020-07-21,US,Minnesota,Jackson,60,0,0,43.67423373,-95.15398258,27063.0,609.3845216331505,0.0,60,60,0,0,60,61,9911,0,0,0,0,-1
2020-07-21,US,Minnesota,Kanabec,19,1,0,45.9459309,-93.29275192,27065.0,116.3004223541654,5.2631578947368425,18,19,1,0,18,19,16207,0,0,0,0,0
2020-07-21,US,Minnesota,Kandiyohi,622,1,0,45.1526059,-95.00586446,27067.0,1439.8481446329777,0.1607717041800643,621,613,1,0,612,611,42855,9,0,0,9,2
2020-07-21,US,Minnesota,Kittson,2,0,0,48.77754106,-96.78317184,27069.0,46.533271288971605,0.0,2,2,0,0,2,2,4248,0,0,0,0,0
2020-07-21,US,Minnesota,Koochiching,46,3,0,48.24539665,-93.78352843,27071.0,376.1550412952817,6.521739130434782,43,37,2,0,35,36,12440,9,1,0,8,1
2020-07-21,US,Minnesota,Lac qui Parle,6,0,0,44.9973857,-96.17488219,27073.0,90.59338668277216,0.0,6,6,0,0,6,6,6658,0,0,0,0,0
2020-07-21,US,Minnesota,Lake,14,0,0,47.64270764,-91.44557998,27075.0,131.56658208814957,0.0,14,12,0,0,12,12,10658,2,0,0,2,0
2020-07-21,US,Minnesota,Le Sueur,160,1,0,44.37136597,-93.72844721,27079.0,553.8823692318344,0.625,159,153,1,0,152,153,28494,7,0,0,7,0
2020-07-21,US,Minnesota,Lincoln,51,0,0,44.41311883,-96.26688165,27081.0,904.4156765383932,0.0,51,47,0,0,47,47,5673,4,0,0,4,0
2020-07-21,US,Minnesota,Lyon,383,3,0,44.41327865,-95.83806103,27083.0,1503.4937583418387,0.783289817232376,380,378,3,0,375,377,25629,5,0,0,5,1
2020-07-21,US,Minnesota,Mahnomen,18,1,0,47.32557075,-95.80921485,27087.0,325.67396417586394,5.5555555555555545,17,18,1,0,17,17,5519,0,0,0,0,1
2020-07-21,US,Minnesota,Marshall,23,0,0,48.35825983,-96.37017407,27089.0,246.35818337617823,0.0,23,22,0,0,22,21,9390,1,0,0,1,1
2020-07-21,US,Minnesota,Martin,190,5,0,43.67429718,-94.55099908,27091.0,965.3000050805264,2.631578947368421,185,186,5,0,181,184,19785,4,0,0,4,2
2020-07-21,US,Minnesota,McLeod,112,0,0,44.82367677,-94.27287017,27085.0,312.03855905051125,0.0,112,111,0,0,111,111,35873,1,0,0,1,0
2020-07-21,US,Minnesota,Meeker,76,2,0,45.12328869,-94.52839455,27093.0,327.2758590991301,2.631578947368421,74,72,1,0,71,72,23141,4,1,0,3,0
2020-07-21,US,Minnesota,Mille Lacs,47,2,0,45.93705297,-93.63236823,27095.0,178.8636450127488,4.25531914893617,45,45,2,0,43,45,26139,2,0,0,2,0
2020-07-21,US,Minnesota,Morrison,74,1,0,46.01265363,-94.27341528,27097.0,221.64979332654408,1.351351351351351,73,73,1,0,72,73,33169,1,0,0,1,0
2020-07-21,US,Minnesota,Mower,1019,2,0,43.67142874,-92.75234549,27099.0,2543.5574858968603,0.19627085377821396,1017,1008,2,0,1006,1006,40011,11,0,0,11,2
2020-07-21,US,Minnesota,Murray,103,0,0,44.02216709,-95.76328482,27101.0,1257.0173297534782,0.0,103,96,0,0,96,94,8276,7,0,0,7,2
2020-07-21,US,Minnesota,Nicollet,238,13,0,44.35291112,-94.24710352,27103.0,694.4039213397908,5.46218487394958,225,226,13,0,213,225,34220,12,0,0,12,1
2020-07-21,US,Minnesota,Nobles,1711,6,0,43.67434621,-95.75329576,27105.0,7910.67548199177,0.3506721215663355,1705,1706,6,0,1700,1706,21924,5,0,0,5,0
2020-07-21,US,Minnesota,Norman,23,0,0,47.32628443,-96.45620947,27107.0,360.78431372549016,0.0,23,22,0,0,22,22,6475,1,0,0,1,0
2020-07-21,US,Minnesota,Olmsted,1436,21,0,44.00374114,-92.40209944,27109.0,907.1784601972294,1.4623955431754874,1415,1403,21,0,1382,1400,156277,33,0,0,33,3
2020-07-21,US,Minnesota,Otter Tail,132,1,0,46.40846929,-95.70835255,27111.0,224.69614952507405,0.7575757575757576,131,130,1,0,129,130,58812,2,0,0,2,0
2020-07-21,US,Minnesota,Pennington,60,0,0,48.06642577,-96.0370814,27113.0,424.9592747361711,0.0,60,59,0,0,59,60,14178,1,0,0,1,-1
2020-07-21,US,Minnesota,Pine,118,0,0,46.12105238,-92.74070188,27115.0,398.93167449879996,0.0,118,117,0,0,117,117,29483,1,0,0,1,0
2020-07-21,US,Minnesota,Pipestone,122,5,0,44.02301619,-96.25841142,27117.0,1336.83979837826,4.0983606557377055,117,113,5,0,108,111,9047,9,0,0,9,2
2020-07-21,US,Minnesota,Polk,95,3,0,47.77372465,-96.40134647,27119.0,302.89503889809976,3.1578947368421053,92,95,3,0,92,95,31529,0,0,0,0,0
2020-07-21,US,Minnesota,Pope,27,0,0,45.58606667,-95.44451209,27121.0,240.0213352297982,0.0,27,24,0,0,24,24,11097,3,0,0,3,0
2020-07-21,US,Minnesota,Ramsey,5825,250,0,45.01625271,-93.09872295,27123.0,1058.4731456731618,4.291845493562231,5575,5719,249,0,5470,5687,550210,106,1,0,105,32
2020-07-21,US,Minnesota,Red Lake,5,0,0,47.87197525,-96.09561104,27125.0,123.30456226880396,0.0,5,5,0,0,5,5,3999,0,0,0,0,0
2020-07-21,US,Minnesota,Redwood,27,0,0,44.40555844,-95.25207021,27127.0,177.98286090969017,0.0,27,27,0,0,27,27,15249,0,0,0,0,0
2020-07-21,US,Minnesota,Renville,44,4,0,44.72836381,-94.94553734,27129.0,302.4470717624416,9.090909090909092,40,44,4,0,40,44,14612,0,0,0,0,0
2020-07-21,US,Minnesota,Rice,919,8,0,44.3543376,-93.29658715,27131.0,1372.215254136057,0.8705114254624592,911,915,8,0,907,915,66523,4,0,0,4,0
2020-07-21,US,Minnesota,Rock,44,0,0,43.67482683,-96.25296832,27133.0,472.3564143853998,0.0,44,42,0,0,42,42,9414,2,0,0,2,0
2020-07-21,US,Minnesota,Roseau,32,0,0,48.77501878,-95.81079919,27135.0,211.0121991427629,0.0,32,32,0,0,32,31,15150,0,0,0,0,1
2020-07-21,US,Minnesota,Scott,1046,8,0,44.6490231,-93.53340251,27139.0,701.9521786689752,0.7648183556405354,1038,1022,8,0,1014,1010,147381,24,0,0,24,12
2020-07-21,US,Minnesota,Sherburne,457,5,0,45.44447208,-93.77617511,27141.0,469.98087167568235,1.0940919037199124,452,429,5,0,424,423,96036,28,0,0,28,6
2020-07-21,US,Minnesota,Sibley,70,2,0,44.5796592,-94.23164924,27143.0,470.90480995627314,2.8571428571428568,68,66,2,0,64,66,15028,4,0,0,4,0
2020-07-21,US,Minnesota,St. Louis,294,16,0,47.604840700000004,-92.46879855,27137.0,147.68674335660822,5.442176870748299,278,284,16,0,268,285,199754,10,0,0,10,-1
2020-07-21,US,Minnesota,Stearns,2659,19,0,45.55192576,-94.61078221,27145.0,1650.7837963681516,0.7145543437382474,2640,2643,19,0,2624,2643,159256,16,0,0,16,0
2020-07-21,US,Minnesota,Steele,290,1,0,44.02240351,-93.22627088,27147.0,791.2903489863298,0.3448275862068966,289,278,1,0,277,279,36803,12,0,0,12,-1
2020-07-21,US,Minnesota,Stevens,14,0,0,45.58613007,-96.00163705,27149.0,142.78429372768994,0.0,14,13,0,0,13,13,9753,1,0,0,1,0
2020-07-21,US,Minnesota,Swift,46,1,0,45.2829032,-95.68264092,27151.0,496.4385927045111,2.1739130434782608,45,46,1,0,45,46,9345,0,0,0,0,0
2020-07-21,US,Minnesota,Todd,405,2,0,46.06996226,-94.89785296,27153.0,1642.0694129095034,0.4938271604938271,403,404,2,0,402,406,24582,1,0,0,1,-2
2020-07-21,US,Minnesota,Traverse,9,0,0,45.77298854,-96.47062949,27155.0,276.15833077631174,0.0,9,9,0,0,9,9,3308,0,0,0,0,0
2020-07-21,US,Minnesota,Unassigned,111,40,0,0.0,0.0,90027.0,0.0,36.03603603603604,71,759,40,0,719,93,,-648,0,0,-648,666
2020-07-21,US,Minnesota,Wabasha,56,0,0,44.28424356,-92.23121312,27157.0,258.9355897720442,0.0,56,55,0,0,55,56,21645,1,0,0,1,-1
2020-07-21,US,Minnesota,Wadena,20,0,0,46.58589171,-94.96968506,27159.0,146.177459435755,0.0,20,19,0,0,19,19,13773,1,0,0,1,0
2020-07-21,US,Minnesota,Waseca,95,0,0,44.02211116,-93.58720034,27161.0,510.4233827638082,0.0,95,92,0,0,92,89,18691,3,0,0,3,3
2020-07-21,US,Minnesota,Washington,1515,40,0,45.03864533,-92.88429635,27163.0,577.2748056698674,2.64026402640264,1475,1465,40,0,1425,1458,259201,50,0,0,50,7
2020-07-21,US,Minnesota,Watonwan,280,0,0,43.97823903,-94.61413846,27165.0,2569.5145452876936,0.0,280,279,0,0,279,278,10980,1,0,0,1,1
2020-07-21,US,Minnesota,Wilkin,23,3,0,46.35721532,-96.4684375,27167.0,370.54937973256006,13.043478260869565,20,23,3,0,20,23,6254,0,0,0,0,0
2020-07-21,US,Minnesota,Winona,193,16,0,43.98772283,-91.78081305,27169.0,382.2993423658982,8.290155440414507,177,186,16,0,170,186,50825,7,0,0,7,0
2020-07-21,US,Minnesota,Wright,647,4,0,45.17297924,-93.96234781,27171.0,467.56325111832166,0.6182380216383307,643,623,4,0,619,614,136349,24,0,0,24,9
2020-07-21,US,Minnesota,Yellow Medicine,37,0,0,44.71710183,-95.86842453,27173.0,381.0897105778144,0.0,37,35,0,0,35,35,9795,2,0,0,2,0
2020-07-21,US,Mississippi,Adams,449,22,0,31.47669768,-91.35326037,28001.0,1462.8742710064184,4.89977728285078,427,429,22,0,407,408,31192,20,0,0,20,21
2020-07-21,US,Mississippi,Alcorn,179,2,0,34.88084463,-88.57996173,28003.0,484.3991015614429,1.11731843575419,177,161,2,0,159,148,36925,18,0,0,18,13
2020-07-21,US,Mississippi,Amite,145,4,0,31.17467303,-90.80501621,28005.0,1179.1493860291127,2.7586206896551726,141,143,4,0,139,136,12326,2,0,0,2,7
2020-07-21,US,Mississippi,Attala,423,23,0,33.08658803,-89.57838564,28007.0,2327.5008253549026,5.4373522458628845,400,406,23,0,383,404,18365,17,0,0,17,2
2020-07-21,US,Mississippi,Benton,80,0,0,34.81681228,-89.18945516,28009.0,968.640271219276,0.0,80,77,0,0,77,77,8271,3,0,0,3,0
2020-07-21,US,Mississippi,Bolivar,605,22,0,33.79696941,-90.87372121,28011.0,1975.3167036698446,3.636363636363636,583,570,18,0,552,550,31333,35,4,0,31,20
2020-07-21,US,Mississippi,Calhoun,270,5,0,33.93683395,-89.33686647,28013.0,1880.0919156047628,1.851851851851852,265,249,5,0,244,241,14436,21,0,0,21,8
2020-07-21,US,Mississippi,Carroll,221,11,0,33.44834567,-89.91994479,28015.0,2221.775409671258,4.977375565610861,210,220,11,0,209,218,9911,1,0,0,1,2
2020-07-21,US,Mississippi,Chickasaw,348,19,0,33.91983202,-88.9481545,28017.0,2034.730748991405,5.459770114942528,329,342,19,0,323,330,17171,6,0,0,6,12
2020-07-21,US,Mississippi,Choctaw,95,4,0,33.34598242,-89.24809382,28019.0,1157.1254567600486,4.2105263157894735,91,91,4,0,87,89,8278,4,0,0,4,2
2020-07-21,US,Mississippi,Claiborne,354,11,0,31.97061673,-90.90702196,28021.0,3938.584779706275,3.1073446327683616,343,344,11,0,333,336,9002,10,0,0,10,8
2020-07-21,US,Mississippi,Clarke,257,25,0,32.04158545,-88.68896219999998,28023.0,1653.690238723377,9.727626459143966,232,253,25,0,228,250,15604,4,0,0,4,3
2020-07-21,US,Mississippi,Clay,309,13,0,33.65358105,-88.77784255,28025.0,1599.7100849037067,4.207119741100324,296,299,12,0,287,294,19386,10,1,0,9,5
2020-07-21,US,Mississippi,Coahoma,443,7,0,34.22772299,-90.60415045,28027.0,2002.350388718134,1.580135440180587,436,422,7,0,415,410,22628,21,0,0,21,12
2020-07-21,US,Mississippi,Copiah,777,20,0,31.86977774,-90.44565118,28029.0,2768.5729556386964,2.574002574002574,757,755,20,0,735,731,28543,22,0,0,22,24
2020-07-21,US,Mississippi,Covington,476,7,0,31.63225413,-89.55389939,28031.0,2554.1961794376475,1.4705882352941178,469,469,6,0,463,463,18853,7,1,0,6,6
2020-07-21,US,Mississippi,DeSoto,2474,20,0,34.87625235,-89.99091418,28033.0,1337.694990402552,0.8084074373484236,2454,2394,20,0,2374,2347,182001,80,0,0,80,47
2020-07-21,US,Mississippi,Forrest,1232,45,0,31.18961454,-89.25832496,28035.0,1644.9256979585293,3.6525974025974026,1187,1197,45,0,1152,1161,75036,35,0,0,35,36
2020-07-21,US,Mississippi,Franklin,74,2,0,31.47786634,-90.89672989,28037.0,959.4191624530014,2.702702702702702,72,72,2,0,70,63,7788,2,0,0,2,9
2020-07-21,US,Mississippi,George,192,3,0,30.86259065,-88.64436789,28039.0,783.6734693877553,1.5625,189,179,3,0,176,163,24250,13,0,0,13,16
2020-07-21,US,Mississippi,Greene,165,10,0,31.21444233,-88.63922281,28041.0,1214.4854997791845,6.0606060606060606,155,157,10,0,147,154,13586,8,0,0,8,3
2020-07-21,US,Mississippi,Grenada,721,16,0,33.77036166,-89.80245083,28043.0,3473.3596685615184,2.219140083217753,705,711,15,0,696,695,21055,10,1,0,9,16
2020-07-21,US,Mississippi,Hancock,212,14,0,30.41830223,-89.48851033,28045.0,445.0789385287202,6.60377358490566,198,204,14,0,190,190,47334,8,0,0,8,14
2020-07-21,US,Mississippi,Harrison,1521,20,0,30.51359752,-89.12467576,28047.0,730.9688581314879,1.314924391847469,1501,1456,18,0,1438,1387,206650,65,2,0,63,69
2020-07-21,US,Mississippi,Hinds,3835,75,0,32.2656285,-90.44435448,28049.0,1654.1580400276052,1.9556714471968708,3760,3691,70,0,3621,3579,237085,144,5,0,139,112
2020-07-21,US,Mississippi,Holmes,675,43,0,33.12345854,-90.08923538,28051.0,3968.2539682539677,6.37037037037037,632,640,43,0,597,631,17622,35,0,0,35,9
2020-07-21,US,Mississippi,Humphreys,222,10,0,33.12825718,-90.52252707,28053.0,2752.976190476191,4.504504504504505,212,209,10,0,199,203,8257,13,0,0,13,6
2020-07-21,US,Mississippi,Issaquena,16,1,0,32.72531359,-90.97392828,28055.0,1205.7272042200452,6.25,15,15,1,0,14,14,1308,1,0,0,1,1
2020-07-21,US,Mississippi,Itawamba,208,8,0,34.27993475,-88.3606733,28057.0,889.2689183411716,3.8461538461538463,200,191,8,0,183,184,23517,17,0,0,17,7
2020-07-21,US,Mississippi,Jackson,1183,23,0,30.54020656,-88.64184064,28059.0,823.7186405509098,1.9442096365173291,1160,1115,22,0,1093,1081,143277,68,1,0,67,34
2020-07-21,US,Mississippi,Jasper,304,6,0,32.01922104,-89.11786866,28061.0,1855.582005737655,1.973684210526316,298,291,6,0,285,287,16428,13,0,0,13,4
2020-07-21,US,Mississippi,Jefferson,145,3,0,31.73397872,-91.03764977,28063.0,2074.3919885550786,2.0689655172413794,142,142,3,0,139,141,7106,3,0,0,3,1
2020-07-21,US,Mississippi,Jefferson Davis,153,4,0,31.56884708,-89.82670990000004,28065.0,1374.9101365923796,2.6143790849673203,149,153,4,0,149,150,11234,0,0,0,0,3
2020-07-21,US,Mississippi,Jones,1422,53,0,31.62257767,-89.16896899999998,28067.0,2088.167053364269,3.727144866385373,1369,1382,53,0,1329,1346,68461,40,0,0,40,36
2020-07-21,US,Mississippi,Kemper,201,15,0,32.75462946,-88.64105766,28069.0,2063.23136932868,7.462686567164179,186,198,15,0,183,194,10027,3,0,0,3,4
2020-07-21,US,Mississippi,Lafayette,613,4,0,34.35687874,-89.48490961,28071.0,1134.785908661767,0.6525285481239804,609,596,4,0,592,586,54793,17,0,0,17,10
2020-07-21,US,Mississippi,Lamar,832,8,0,31.20572971,-89.5077704,28073.0,1313.483731430466,0.9615384615384616,824,807,8,0,799,772,62447,25,0,0,25,35
2020-07-21,US,Mississippi,Lauderdale,1115,83,0,32.40419769,-88.66229662,28075.0,1504.2158516020236,7.443946188340808,1032,1090,83,0,1007,1075,75317,25,0,0,25,15
2020-07-21,US,Mississippi,Lawrence,214,3,0,31.55147224,-90.10841127,28077.0,1700.3019227713332,1.4018691588785046,211,208,2,0,206,207,12455,6,1,0,5,1
2020-07-21,US,Mississippi,Leake,693,23,0,32.7536828,-89.52402044,28079.0,3041.3411744053365,3.3189033189033186,670,683,21,0,662,677,22763,10,2,0,8,6
2020-07-21,US,Mississippi,Lee,863,25,0,34.291877500000005,-88.68149954,28081.0,1010.1128329977997,2.8968713789107765,838,820,24,0,796,768,85202,43,1,0,42,52
2020-07-21,US,Mississippi,Leflore,663,56,0,33.55545125,-90.29900733,28083.0,2352.481992690629,8.446455505279035,607,648,56,0,592,632,28919,15,0,0,15,16
2020-07-21,US,Mississippi,Lincoln,618,36,0,31.53288662,-90.45391915,28085.0,1809.5042895206866,5.825242718446603,582,602,36,0,566,593,34205,16,0,0,16,9
2020-07-21,US,Mississippi,Lowndes,671,18,0,33.47386518,-88.44191529999998,28087.0,1145.148903490059,2.6825633383010428,653,650,17,0,633,639,58930,21,1,0,20,11
2020-07-21,US,Mississippi,Madison,1804,47,0,32.63389156,-90.03513564,28089.0,1697.5308641975312,2.6053215077605323,1757,1740,45,0,1695,1691,105630,64,2,0,62,49
2020-07-21,US,Mississippi,Marion,433,12,0,31.23132643,-89.8209217,28091.0,1762.0966101005167,2.771362586605081,421,414,12,0,402,398,24715,19,0,0,19,16
2020-07-21,US,Mississippi,Marshall,392,4,0,34.76216286,-89.50299462,28093.0,1110.6703689012295,1.020408163265306,388,384,4,0,380,375,35451,8,0,0,8,9
2020-07-21,US,Mississippi,Monroe,525,44,0,33.89236763,-88.4808438,28095.0,1489.2772041302621,8.380952380952381,481,518,44,0,474,511,35564,7,0,0,7,7
2020-07-21,US,Mississippi,Montgomery,229,3,0,33.49419589,-89.61729103,28097.0,2342.710997442455,1.310043668122271,226,224,3,0,221,219,10023,5,0,0,5,5
2020-07-21,US,Mississippi,Neshoba,1113,82,0,32.75339664,-89.11726492,28099.0,3822.3779105707813,7.3674752920035935,1031,1086,81,0,1005,1074,29125,27,1,0,26,12
2020-07-21,US,Mississippi,Newton,442,10,0,32.40021118,-89.11843336,28101.0,2102.9593681606243,2.262443438914027,432,435,10,0,425,435,21443,7,0,0,7,0
2020-07-21,US,Mississippi,Noxubee,328,10,0,33.11009499,-88.56949061,28103.0,3148.699241624269,3.0487804878048776,318,312,10,0,302,306,10535,16,0,0,16,6
2020-07-21,US,Mississippi,Oktibbeha,705,27,0,33.42491685,-88.87905132,28105.0,1421.7436021537906,3.8297872340425534,678,697,27,0,670,688,49599,8,0,0,8,9
2020-07-21,US,Mississippi,Panola,596,7,0,34.36398677,-89.95064249,28107.0,1743.0978006551238,1.174496644295302,589,576,6,0,570,565,34178,20,1,0,19,11
2020-07-21,US,Mississippi,Pearl River,383,32,0,30.77090935,-89.58677275,28109.0,689.6551724137931,8.355091383812011,351,371,32,0,339,363,55387,12,0,0,12,8
2020-07-21,US,Mississippi,Perry,127,5,0,31.17161885,-88.99281835,28111.0,1060.7199532280963,3.9370078740157477,122,117,5,0,112,110,11931,10,0,0,10,7
2020-07-21,US,Mississippi,Pike,624,25,0,31.17507789,-90.40392572,28113.0,1588.2712278558338,4.006410256410256,599,596,25,0,571,582,39563,28,0,0,28,14
2020-07-21,US,Mississippi,Pontotoc,533,6,0,34.226046000000004,-89.03636807,28115.0,1656.6171442779885,1.125703564727955,527,495,6,0,489,478,31833,38,0,0,38,17
2020-07-21,US,Mississippi,Prentiss,203,6,0,34.61810501,-88.51986294,28117.0,807.9280426649685,2.955665024630542,197,192,6,0,186,178,25315,11,0,0,11,14
2020-07-21,US,Mississippi,Quitman,139,1,0,34.25157572,-90.28908,28119.0,2046.5253239104834,0.7194244604316546,138,129,1,0,128,123,7051,10,0,0,10,6
2020-07-21,US,Mississippi,Rankin,1537,23,0,32.26469147,-89.94537876,28121.0,989.8822059495976,1.4964216005204944,1514,1459,22,0,1437,1415,153902,78,1,0,77,44
2020-07-21,US,Mississippi,Scott,901,16,0,32.406704100000006,-89.53789439,28123.0,3203.6694638031568,1.7758046614872365,885,886,16,0,870,873,28287,15,0,0,15,13
2020-07-21,US,Mississippi,Sharkey,79,0,0,32.88149103,-90.8159538,28125.0,1828.2804906271688,0.0,79,65,0,0,65,64,4377,14,0,0,14,1
2020-07-21,US,Mississippi,Simpson,548,5,0,31.91282117,-89.91716179,28127.0,2055.668092129942,0.9124087591240876,543,537,5,0,532,522,26758,11,0,0,11,15
2020-07-21,US,Mississippi,Smith,318,12,0,32.01744532,-89.50644846,28129.0,1997.9894445840664,3.7735849056603774,306,307,12,0,295,301,16002,11,0,0,11,6
2020-07-21,US,Mississippi,Stone,109,2,0,30.79187949,-89.11547539,28131.0,594.4589877835951,1.834862385321101,107,104,2,0,102,100,18717,5,0,0,5,4
2020-07-21,US,Mississippi,Sunflower,688,13,0,33.60192578,-90.58882684,28133.0,2739.944245320589,1.8895348837209305,675,656,11,0,645,633,25735,32,2,0,30,23
2020-07-21,US,Mississippi,Tallahatchie,301,4,0,33.95339918,-90.1729398,28135.0,2179.737852125425,1.32890365448505,297,293,4,0,289,290,13987,8,0,0,8,3
2020-07-21,US,Mississippi,Tate,493,18,0,34.65133709,-89.94485778,28137.0,1740.7577416051695,3.6511156186612577,475,486,18,0,468,460,28759,7,0,0,7,26
2020-07-21,US,Mississippi,Tippah,203,11,0,34.76872156,-88.90988194,28139.0,922.0985691573927,5.41871921182266,192,193,11,0,182,190,21995,10,0,0,10,3
2020-07-21,US,Mississippi,Tishomingo,178,2,0,34.74023475,-88.23917219,28141.0,918.3304957952844,1.1235955056179776,176,165,1,0,164,155,19454,13,1,0,12,10
2020-07-21,US,Mississippi,Tunica,155,3,0,34.64967704,-90.37481167,28143.0,1609.2192691029902,1.935483870967742,152,147,3,0,144,146,9944,8,0,0,8,1
2020-07-21,US,Mississippi,Union,338,11,0,34.49162015,-89.00776006,28145.0,1173.0001735207354,3.2544378698224854,327,325,11,0,314,323,28606,13,0,0,13,2
2020-07-21,US,Mississippi,Walthall,358,13,0,31.14971548,-90.10446654,28147.0,2505.94988100238,3.6312849162011163,345,353,12,0,341,345,14465,5,1,0,4,8
2020-07-21,US,Mississippi,Warren,748,22,0,32.35810271,-90.83352619,28149.0,1648.266895837465,2.9411764705882355,726,727,22,0,705,690,46176,21,0,0,21,37
2020-07-21,US,Mississippi,Washington,1105,19,0,33.28392041,-90.94196237,28151.0,2516.5683572843836,1.7194570135746607,1086,1056,18,0,1038,953,45063,49,1,0,48,103
2020-07-21,US,Mississippi,Wayne,650,21,0,31.64135687,-88.69573913,28153.0,3220.532131001338,3.2307692307692313,629,636,20,0,616,622,20298,14,1,0,13,14
2020-07-21,US,Mississippi,Webster,146,11,0,33.61300486,-89.28392912,28155.0,1506.8634534007638,7.534246575342466,135,144,11,0,133,141,9788,2,0,0,2,3
2020-07-21,US,Mississippi,Wilkinson,129,11,0,31.16078225,-91.31018819,28157.0,1494.7856315179606,8.527131782945737,118,129,11,0,118,121,8792,0,0,0,0,8
2020-07-21,US,Mississippi,Winston,411,13,0,33.08747908,-89.03391385,28159.0,2289.0559732665,3.1630170316301705,398,348,13,0,335,348,18165,63,0,0,63,0
2020-07-21,US,Mississippi,Yalobusha,245,9,0,34.02824175,-89.70762049999998,28161.0,2023.455566567559,3.673469387755102,236,237,9,0,228,236,12392,8,0,0,8,1
2020-07-21,US,Mississippi,Yazoo,640,7,0,32.77890365,-90.39656148,28163.0,2155.607948804311,1.09375,633,619,7,0,612,610,28248,21,0,0,21,9
2020-07-21,US,Missouri,Adair,114,0,0,40.19058551,-92.60078167,29001.0,449.8283549698141,0.0,114,110,0,0,110,107,25339,4,0,0,4,3
2020-07-21,US,Missouri,Andrew,68,1,0,39.98492163,-94.80163024,29003.0,383.92050587172537,1.4705882352941178,67,66,1,0,65,65,17607,2,0,0,2,1
2020-07-21,US,Missouri,Atchison,6,0,0,40.43238737,-95.42970639,29005.0,116.663426015944,0.0,6,6,0,0,6,6,5171,0,0,0,0,0
2020-07-21,US,Missouri,Audrain,163,1,0,39.215877,-91.84242683,29007.0,642.0356073735624,0.6134969325153374,162,158,1,0,157,157,25473,5,0,0,5,1
2020-07-21,US,Missouri,Barry,172,0,0,36.70978521,-93.82919888,29009.0,480.5945961049485,0.0,172,160,0,0,160,156,35886,12,0,0,12,4
2020-07-21,US,Missouri,Barton,51,0,0,37.50207671,-94.34757022,29011.0,433.89484430832056,0.0,51,51,0,0,51,48,11798,0,0,0,0,3
2020-07-21,US,Missouri,Bates,20,1,0,38.25271289,-94.34113157,29013.0,123.67054167697256,5.0,19,19,1,0,18,18,16320,1,0,0,1,1
2020-07-21,US,Missouri,Benton,33,0,0,38.29503305,-93.28756116,29015.0,169.72689399783985,0.0,33,32,0,0,32,32,19278,1,0,0,1,0
2020-07-21,US,Missouri,Bollinger,46,0,0,37.32449052,-90.02725304,29017.0,379.1312948157917,0.0,46,43,0,0,43,40,12169,3,0,0,3,3
2020-07-21,US,Missouri,Boone,758,2,0,38.99186229,-92.30723575,29019.0,420.03069881360716,0.2638522427440633,756,750,2,0,748,742,180005,8,0,0,8,8
2020-07-21,US,Missouri,Buchanan,991,9,0,39.65816401,-94.80138942,29021.0,1134.334508493201,0.9081735620585268,982,975,6,0,969,974,88571,16,3,0,13,1
2020-07-21,US,Missouri,Butler,151,0,0,36.71462476,-90.40421163,29023.0,355.47812985545465,0.0,151,146,0,0,146,145,42639,5,0,0,5,1
2020-07-21,US,Missouri,Caldwell,24,1,0,39.65620858,-93.98308093,29025.0,266.0753880266075,4.166666666666667,23,23,1,0,22,19,9108,1,0,0,1,4
2020-07-21,US,Missouri,Callaway,81,1,0,38.83674754,-91.92186505,29027.0,181.03390474487628,1.2345679012345678,80,81,1,0,80,80,44889,0,0,0,0,1
2020-07-21,US,Missouri,Camden,114,2,0,38.02199522,-92.76083747,29029.0,246.19371558147068,1.7543859649122806,112,108,2,0,106,102,45815,6,0,0,6,6
2020-07-21,US,Missouri,Cape Girardeau,473,3,0,37.38489388,-89.6843587,29031.0,599.7134561499158,0.6342494714587738,470,445,3,0,442,429,78753,28,0,0,28,16
2020-07-21,US,Missouri,Carroll,49,0,0,39.42762566,-93.50626255,29033.0,564.5811729461918,0.0,49,48,0,0,48,48,8743,1,0,0,1,0
2020-07-21,US,Missouri,Carter,9,1,0,36.94160441,-90.96051322,29035.0,150.45135406218657,11.111111111111109,8,9,1,0,8,8,6054,0,0,0,0,1
2020-07-21,US,Missouri,Cass,314,8,0,38.64789422,-94.353399,29037.0,296.84250330875403,2.5477707006369426,306,285,8,0,277,268,104954,29,0,0,29,17
2020-07-21,US,Missouri,Cedar,29,0,0,37.72391475,-93.85445441,29039.0,202.10467628406158,0.0,29,25,0,0,25,25,14165,4,0,0,4,0
2020-07-21,US,Missouri,Chariton,12,0,0,39.51499357,-92.9629191,29041.0,161.59439806086726,0.0,12,13,0,0,13,13,7451,-1,0,0,-1,0
2020-07-21,US,Missouri,Christian,126,1,0,36.9711783,-93.18537118,29043.0,142.22021558778712,0.7936507936507936,125,122,1,0,121,118,86983,4,0,0,4,4
2020-07-21,US,Missouri,Clark,2,0,0,40.41040752,-91.73661677,29045.0,29.424746211563924,0.0,2,2,0,0,2,2,6842,0,0,0,0,0
2020-07-21,US,Missouri,Clay,646,13,0,39.31132056,-94.41850862,29047.0,258.4537583817434,2.0123839009287927,633,630,13,0,617,625,246365,16,0,0,16,5
2020-07-21,US,Missouri,Clinton,42,0,0,39.6013098,-94.40465394,29049.0,206.01363614067787,0.0,42,38,0,0,38,36,20470,4,0,0,4,2
2020-07-21,US,Missouri,Cole,167,2,0,38.50455671,-92.27860244,29051.0,217.60375268747143,1.1976047904191616,165,161,2,0,159,159,76796,6,0,0,6,2
2020-07-21,US,Missouri,Cooper,34,0,0,38.844478,-92.80896081,29053.0,191.99277203681743,0.0,34,35,0,0,35,33,17603,-1,0,0,-1,2
2020-07-21,US,Missouri,Crawford,30,0,0,37.97663738,-91.30528104,29055.0,125.41806020066888,0.0,30,28,0,0,28,28,23957,2,0,0,2,0
2020-07-21,US,Missouri,Dade,4,0,0,37.431814,-93.8503345,29057.0,52.903055151435005,0.0,4,4,0,0,4,4,7569,0,0,0,0,0
2020-07-21,US,Missouri,Dallas,31,1,0,37.6811355,-93.02127031,29059.0,183.67105107240195,3.2258064516129035,30,28,1,0,27,28,16762,3,0,0,3,0
2020-07-21,US,Missouri,Daviess,14,0,0,39.96145298,-93.98519678,29061.0,169.12297656438753,0.0,14,13,0,0,13,13,8313,1,0,0,1,0
2020-07-21,US,Missouri,DeKalb,21,1,0,39.89201062,-94.40476508,29063.0,167.3706862198135,4.761904761904762,20,20,1,0,19,20,12630,1,0,0,1,0
2020-07-21,US,Missouri,Dent,10,0,0,37.60663134,-91.50790473,29065.0,64.21370320426381,0.0,10,10,0,0,10,10,15441,0,0,0,0,0
2020-07-21,US,Missouri,Douglas,31,1,0,36.9325593,-92.49905109,29067.0,235.1156617368221,3.2258064516129035,30,28,1,0,27,26,13373,3,0,0,3,2
2020-07-21,US,Missouri,Dunklin,160,3,0,36.27167174,-90.09122243,29069.0,549.2430743881089,1.875,157,149,3,0,146,147,29423,11,0,0,11,2
2020-07-21,US,Missouri,Franklin,382,18,0,38.41127108,-91.07522826,29071.0,367.42427885771446,4.712041884816754,364,360,18,0,342,354,103670,22,0,0,22,6
2020-07-21,US,Missouri,Gasconade,14,0,0,38.43947277,-91.50847147,29073.0,95.19923840609276,0.0,14,19,0,0,19,18,14705,-5,0,0,-5,1
2020-07-21,US,Missouri,Gentry,70,9,0,40.21097916,-94.40944419,29075.0,1065.286866534774,12.857142857142858,61,70,9,0,61,70,6628,0,0,0,0,0
2020-07-21,US,Missouri,Greene,668,9,0,37.2575872,-93.34230916,29077.0,227.91945026374512,1.3473053892215572,659,650,9,0,641,625,291923,18,0,0,18,25
2020-07-21,US,Missouri,Grundy,22,1,0,40.11406587,-93.56509276,29079.0,223.35025380710653,4.545454545454546,21,22,1,0,21,22,9914,0,0,0,0,0
2020-07-21,US,Missouri,Harrison,37,1,0,40.35570088,-93.99222144,29081.0,443.0076628352491,2.702702702702702,36,35,1,0,34,35,8414,2,0,0,2,0
2020-07-21,US,Missouri,Henry,42,3,0,38.38482826,-93.79293734,29083.0,192.4486803519061,7.142857142857142,39,41,3,0,38,41,21792,1,0,0,1,0
2020-07-21,US,Missouri,Hickory,2,0,0,37.94163617,-93.3203037,29085.0,20.955574182732608,0.0,2,2,0,0,2,2,9509,0,0,0,0,0
2020-07-21,US,Missouri,Holt,2,0,0,40.09799248,-95.2163888,29087.0,45.42357483533954,0.0,2,2,0,0,2,1,4404,0,0,0,0,1
2020-07-21,US,Missouri,Howard,24,0,0,39.1435761,-92.69756691,29089.0,239.97600239976,0.0,24,17,0,0,17,15,10137,7,0,0,7,2
2020-07-21,US,Missouri,Howell,65,0,0,36.77383887,-91.88683935,29091.0,162.0260737343271,0.0,65,63,0,0,63,63,40076,2,0,0,2,0
2020-07-21,US,Missouri,Iron,4,0,0,37.55487945,-90.7735296,29093.0,39.50617283950617,0.0,4,4,0,0,4,4,10177,0,0,0,0,0
2020-07-21,US,Missouri,Jackson,1988,48,0,39.01002188,-94.34724536,29095.0,282.78362642974287,2.414486921529175,1940,1954,47,0,1907,1912,700307,34,1,0,33,42
2020-07-21,US,Missouri,Jasper,1290,20,0,37.20351921,-94.34050458,29097.0,1063.2335487274163,1.5503875968992251,1270,1256,18,0,1238,1239,120636,34,2,0,32,17
2020-07-21,US,Missouri,Jefferson,763,23,0,38.25926778,-90.53870896,29099.0,338.9890750440952,3.0144167758846656,740,728,23,0,705,711,224347,35,0,0,35,17
2020-07-21,US,Missouri,Johnson,381,1,0,38.74719601,-93.80691168,29101.0,704.746402278865,0.2624671916010499,380,355,1,0,354,354,53652,26,0,0,26,1
2020-07-21,US,Missouri,Kansas City,3924,41,0,39.0997,-94.5786,0.0,802.5475362158777,1.0448521916411824,3883,3809,38,0,3771,3715,491918,115,3,0,112,94
2020-07-21,US,Missouri,Knox,3,0,0,40.12699751,-92.14780832,29103.0,75.77671129072998,0.0,3,3,0,0,3,2,3947,0,0,0,0,1
2020-07-21,US,Missouri,Laclede,148,1,0,37.65896829,-92.5888493,29105.0,414.2989110657,0.6756756756756757,147,145,1,0,144,138,35713,3,0,0,3,7
2020-07-21,US,Missouri,Lafayette,120,2,0,39.06986886,-93.78076396,29107.0,366.8827198238963,1.6666666666666667,118,119,2,0,117,117,32598,1,0,0,1,2
2020-07-21,US,Missouri,Lawrence,106,2,0,37.10626634,-93.83293097,29109.0,276.36553252509447,1.8867924528301887,104,104,2,0,102,94,38359,2,0,0,2,10
2020-07-21,US,Missouri,Lewis,12,1,0,40.09673161,-91.72070156,29111.0,122.74959083469723,8.333333333333334,11,12,1,0,11,12,9855,0,0,0,0,0
2020-07-21,US,Missouri,Lincoln,160,1,0,39.05345619,-90.95588181,29113.0,271.1267008964127,0.625,159,153,1,0,152,153,57686,7,0,0,7,0
2020-07-21,US,Missouri,Linn,24,1,0,39.87001769,-93.10704106,29115.0,201.34228187919464,4.166666666666667,23,23,1,0,22,22,12037,1,0,0,1,1
2020-07-21,US,Missouri,Livingston,30,0,0,39.78110272,-93.54645978,29117.0,197.01845406186385,0.0,30,30,0,0,30,30,15146,0,0,0,0,0
2020-07-21,US,Missouri,Macon,36,0,0,39.83049768,-92.56453089,29121.0,238.14248858900575,0.0,36,36,0,0,36,36,15153,0,0,0,0,0
2020-07-21,US,Missouri,Madison,12,0,0,37.47865134,-90.3467143,29123.0,99.27200529450695,0.0,12,11,0,0,11,9,12188,1,0,0,1,2
2020-07-21,US,Missouri,Maries,8,0,0,38.16193985,-91.92249662,29125.0,91.98574220995742,0.0,8,7,0,0,7,7,8769,1,0,0,1,0
2020-07-21,US,Missouri,Marion,53,0,0,39.80601912,-91.62203062,29127.0,185.76936558009118,0.0,53,50,0,0,50,48,28592,3,0,0,3,2
2020-07-21,US,Missouri,McDonald,822,1,0,36.62869595,-94.34867205,29119.0,3599.421990629242,0.12165450121654503,821,819,1,0,818,817,23078,3,0,0,3,2
2020-07-21,US,Missouri,Mercer,8,0,0,40.42212303,-93.5682959,29129.0,221.1777716339508,0.0,8,8,0,0,8,8,3641,0,0,0,0,0
2020-07-21,US,Missouri,Miller,44,0,0,38.21450288,-92.42610898,29131.0,171.74753112924003,0.0,44,42,0,0,42,42,25336,2,0,0,2,0
2020-07-21,US,Missouri,Mississippi,104,0,0,36.82516239,-89.29505753,29133.0,789.0743550834597,0.0,104,100,0,0,100,100,13336,4,0,0,4,0
2020-07-21,US,Missouri,Moniteau,71,2,0,38.63571781,-92.57976951,29135.0,440.1190181006695,2.8169014084507036,69,71,2,0,69,71,16121,0,0,0,0,0
2020-07-21,US,Missouri,Monroe,8,0,0,39.49593978,-92.00043978,29137.0,92.5497454881999,0.0,8,7,0,0,7,7,8664,1,0,0,1,0
2020-07-21,US,Missouri,Montgomery,24,0,0,38.94022054,-91.47000721,29139.0,207.7742186823652,0.0,24,24,0,0,24,24,11534,0,0,0,0,0
2020-07-21,US,Missouri,Morgan,34,0,0,38.4181765,-92.88791859,29141.0,164.8325010908033,0.0,34,34,0,0,34,31,20358,0,0,0,0,3
2020-07-21,US,Missouri,New Madrid,109,1,0,36.59666326,-89.66070007,29143.0,638.322792223003,0.9174311926605504,108,101,1,0,100,101,17296,8,0,0,8,0
2020-07-21,US,Missouri,Newton,678,3,0,36.90519407,-94.3394104,29145.0,1164.2283123840925,0.4424778761061947,675,659,3,0,656,651,58266,19,0,0,19,8
2020-07-21,US,Missouri,Nodaway,45,0,0,40.36079813,-94.88133008,29147.0,203.69364475828357,0.0,45,33,0,0,33,29,22304,12,0,0,12,4
2020-07-21,US,Missouri,Oregon,11,0,0,36.68710164,-91.4033755,29149.0,104.47335929338018,0.0,11,12,0,0,12,10,10541,-1,0,0,-1,2
2020-07-21,US,Missouri,Osage,28,0,0,38.46036182,-91.8613635,29151.0,205.6555269922879,0.0,28,22,0,0,22,17,13714,6,0,0,6,5
2020-07-21,US,Missouri,Ozark,3,0,0,36.64916339,-92.44459066,29153.0,32.701111837802486,0.0,3,3,0,0,3,3,9017,0,0,0,0,0
2020-07-21,US,Missouri,Pemiscot,165,6,0,36.2130572,-89.78742322,29155.0,1043.9734261309711,3.636363636363636,159,161,6,0,155,160,16272,4,0,0,4,1
2020-07-21,US,Missouri,Perry,183,3,0,37.70660776,-89.82741088,29157.0,956.3127090301005,1.639344262295082,180,182,3,0,179,179,19150,1,0,0,1,3
2020-07-21,US,Missouri,Pettis,204,2,0,38.72798918,-93.28471706,29159.0,481.82526748388017,0.9803921568627452,202,199,2,0,197,197,42542,5,0,0,5,2
2020-07-21,US,Missouri,Phelps,59,0,0,37.87736118,-91.79351727,29161.0,132.36712808202276,0.0,59,57,0,0,57,57,44732,2,0,0,2,0
2020-07-21,US,Missouri,Pike,50,1,0,39.34310674,-91.16980779,29163.0,273.19418642771285,2.0,49,47,1,0,46,47,18504,3,0,0,3,0
2020-07-21,US,Missouri,Platte,213,6,0,39.38154439,-94.77068479,29165.0,203.9878181922657,2.8169014084507036,207,208,6,0,202,207,102985,5,0,0,5,1
2020-07-21,US,Missouri,Polk,114,0,0,37.6162296,-93.39828174,29167.0,354.5988988771035,0.0,114,93,0,0,93,85,32201,21,0,0,21,8
2020-07-21,US,Missouri,Pulaski,157,1,0,37.82462075,-92.20783203,29169.0,298.4393711863441,0.6369426751592356,156,155,1,0,154,155,52014,2,0,0,2,0
2020-07-21,US,Missouri,Putnam,4,0,0,40.47942497,-93.02042674,29171.0,85.17887563884156,0.0,4,4,0,0,4,4,4757,0,0,0,0,0
2020-07-21,US,Missouri,Ralls,14,0,0,39.52817427,-91.51838643,29173.0,135.80366669900087,0.0,14,11,0,0,11,11,10212,3,0,0,3,0
2020-07-21,US,Missouri,Randolph,21,1,0,39.44007257,-92.4971374,29175.0,84.85534184580573,4.761904761904762,20,21,1,0,20,21,24763,0,0,0,0,0
2020-07-21,US,Missouri,Ray,38,0,0,39.3537468,-93.98905745,29177.0,165.08819184985663,0.0,38,37,0,0,37,37,22883,1,0,0,1,0
2020-07-21,US,Missouri,Reynolds,10,0,0,37.36085952,-90.97009925,29179.0,159.48963317384369,0.0,10,10,0,0,10,10,6254,0,0,0,0,0
2020-07-21,US,Missouri,Ripley,30,0,0,36.65460667,-90.85990261,29181.0,225.76760987357014,0.0,30,30,0,0,30,27,13401,0,0,0,0,3
2020-07-21,US,Missouri,Saline,349,6,0,39.13734288,-93.20259964,29195.0,1533.324546373182,1.7191977077363896,343,348,5,0,343,346,22895,1,1,0,0,2
2020-07-21,US,Missouri,Schuyler,7,0,0,40.46921489,-92.52311943,29197.0,150.21459227467813,0.0,7,6,0,0,6,6,4599,1,0,0,1,0
2020-07-21,US,Missouri,Scotland,11,1,0,40.45214695,-92.14709064,29199.0,224.3982048143615,9.090909090909092,10,11,1,0,10,11,4966,0,0,0,0,0
2020-07-21,US,Missouri,Scott,250,13,0,37.05588075,-89.56474493,29201.0,653.0825496342737,5.2,237,244,13,0,231,244,38458,6,0,0,6,0
2020-07-21,US,Missouri,Shannon,35,0,0,37.15772072,-91.40190382,29203.0,428.60641685035523,0.0,35,33,0,0,33,31,8189,2,0,0,2,2
2020-07-21,US,Missouri,Shelby,8,0,0,39.79742518,-92.07634971,29205.0,134.90725126475547,0.0,8,7,0,0,7,7,6050,1,0,0,1,0
2020-07-21,US,Missouri,St. Charles,1909,79,0,38.77875681,-90.66662425,29183.0,474.8496350945968,4.138292299633316,1830,1774,79,0,1695,1746,399182,135,0,0,135,28
2020-07-21,US,Missouri,St. Clair,10,0,0,38.03699437,-93.77631447,29185.0,106.41694157709908,0.0,10,11,0,0,11,10,9395,-1,0,0,-1,1
2020-07-21,US,Missouri,St. Francois,207,2,0,37.81214171,-90.47598685,29187.0,307.966971658112,0.966183574879227,205,191,2,0,189,189,66692,16,0,0,16,2
2020-07-21,US,Missouri,St. Louis,9361,610,0,38.63770039999999,-90.4458375,29189.0,941.5563188678392,6.516397820745647,8751,9114,610,0,8504,8990,996945,247,0,0,247,124
2020-07-21,US,Missouri,St. Louis City,3518,161,0,38.63555736,-90.24349225,29510.0,1170.4194613009688,4.576463899943151,3357,3447,161,0,3286,3403,302838,71,0,0,71,44
2020-07-21,US,Missouri,Ste. Genevieve,30,1,0,37.89090059,-90.1949941,29186.0,167.65396222197384,3.333333333333333,29,30,1,0,29,29,17888,0,0,0,0,1
2020-07-21,US,Missouri,Stoddard,176,9,0,36.85571651,-89.9444155,29207.0,606.3738156761412,5.113636363636363,167,171,9,0,162,169,29206,5,0,0,5,2
2020-07-21,US,Missouri,Stone,41,0,0,36.75000327,-93.45256475,29209.0,128.3174762143215,0.0,41,38,0,0,38,38,31749,3,0,0,3,0
2020-07-21,US,Missouri,Sullivan,125,0,0,40.2099105,-93.11150106,29211.0,2052.882246674331,0.0,125,122,0,0,122,122,6221,3,0,0,3,0
2020-07-21,US,Missouri,Taney,184,3,0,36.65465345,-93.04075153,29213.0,328.9944213989415,1.6304347826086956,181,178,3,0,175,174,55852,6,0,0,6,4
2020-07-21,US,Missouri,Texas,16,0,0,37.31728859,-91.96564727,29215.0,62.9970863847547,0.0,16,16,0,0,16,16,25571,0,0,0,0,0
2020-07-21,US,Missouri,Vernon,41,0,0,37.8457799,-94.34127305,29217.0,199.38724894227497,0.0,41,42,0,0,42,41,20528,-1,0,0,-1,1
2020-07-21,US,Missouri,Warren,97,0,0,38.76529479,-91.16124662,29219.0,272.0973940362984,0.0,97,89,0,0,89,85,34711,8,0,0,8,4
2020-07-21,US,Missouri,Washington,41,1,0,37.96130078,-90.87948158,29221.0,165.79053780832996,2.4390243902439024,40,40,1,0,39,40,24943,1,0,0,1,0
2020-07-21,US,Missouri,Wayne,5,0,0,37.11303869,-90.46001416,29223.0,38.84098500737978,0.0,5,5,0,0,5,5,13122,0,0,0,0,0
2020-07-21,US,Missouri,Webster,80,1,0,37.2813734,-92.876329,29225.0,202.0610224287735,1.25,79,78,1,0,77,76,39109,2,0,0,2,2
2020-07-21,US,Missouri,Worth,5,0,0,40.47945588,-94.42328751,29227.0,248.38549428713364,0.0,5,5,0,0,5,4,2040,0,0,0,0,1
2020-07-21,US,Missouri,Wright,51,0,0,37.27029221,-92.46914488,29229.0,278.8561430367981,0.0,51,51,0,0,51,51,18378,0,0,0,0,0
2020-07-21,US,Montana,Beaverhead,12,0,0,45.13434354,-112.89846940000001,30001.0,126.9438273563948,0.0,12,9,0,0,9,9,9404,3,0,0,3,0
2020-07-21,US,Montana,Big Horn,158,5,0,45.42335905,-107.492347,30003.0,1186.275245889331,3.1645569620253164,153,146,5,0,141,142,13338,12,0,0,12,4
2020-07-21,US,Montana,Blaine,6,0,0,48.43175214,-108.9582723,30005.0,89.8069151324652,0.0,6,4,0,0,4,4,6807,2,0,0,2,0
2020-07-21,US,Montana,Broadwater,9,0,0,46.33277565,-111.49558130000001,30007.0,144.3001443001443,0.0,9,9,0,0,9,9,6085,0,0,0,0,0
2020-07-21,US,Montana,Carbon,41,0,0,45.22850116,-109.0274047,30009.0,382.28438228438233,0.0,41,41,0,0,41,41,10714,0,0,0,0,0
2020-07-21,US,Montana,Cascade,81,2,0,47.30797024,-111.3467922,30013.0,99.55018066514269,2.469135802469136,79,80,2,0,78,72,81643,1,0,0,1,8
2020-07-21,US,Montana,Chouteau,3,0,0,47.88084126,-110.4353362,30015.0,53.23868677905946,0.0,3,,,,,,5745,,,,,
2020-07-21,US,Montana,Custer,41,0,0,46.25319932,-105.57375259999998,30017.0,359.5860375372741,0.0,41,41,0,0,41,41,11586,0,0,0,0,0
2020-07-21,US,Montana,Dawson,8,0,0,47.26584855,-104.89444170000002,30021.0,92.88285150354116,0.0,8,8,0,0,8,8,8680,0,0,0,0,0
2020-07-21,US,Montana,Deer Lodge,8,0,0,46.05953325,-113.073353,30023.0,87.527352297593,0.0,8,8,0,0,8,8,9131,0,0,0,0,0
2020-07-21,US,Montana,Fallon,1,0,0,46.33478338,-104.41835649999999,30025.0,35.137034434293746,0.0,1,1,0,0,1,1,2920,0,0,0,0,0
2020-07-21,US,Montana,Fergus,4,0,0,47.26331584,-109.2245206,30027.0,36.199095022624434,0.0,4,4,0,0,4,4,11113,0,0,0,0,0
2020-07-21,US,Montana,Flathead,142,2,0,48.29575866,-114.05205690000001,30029.0,136.79363427932876,1.4084507042253518,140,132,2,0,130,120,102106,10,0,0,10,12
2020-07-21,US,Montana,Gallatin,630,1,0,45.54486106,-111.1692571,30031.0,550.535679955258,0.15873015873015872,629,615,1,0,614,581,111876,15,0,0,15,34
2020-07-21,US,Montana,Garfield,11,0,0,47.27545948,-107.0002351,30033.0,874.4038155802863,0.0,11,11,0,0,11,11,1268,0,0,0,0,0
2020-07-21,US,Montana,Glacier,35,0,0,48.70513576,-112.9934235,30035.0,254.48992946993386,0.0,35,34,0,0,34,34,13747,1,0,0,1,0
2020-07-21,US,Montana,Golden Valley,3,0,0,46.3816474,-109.17685220000001,30037.0,365.4080389768576,0.0,3,3,0,0,3,3,826,0,0,0,0,0
2020-07-21,US,Montana,Granite,6,0,0,46.40605220000001,-113.4414186,30039.0,177.56732761171943,0.0,6,6,0,0,6,6,3378,0,0,0,0,0
2020-07-21,US,Montana,Hill,34,0,0,48.62879827,-110.1129252,30041.0,206.2606163552536,0.0,34,35,0,0,35,35,16347,-1,0,0,-1,0
2020-07-21,US,Montana,Jefferson,16,0,0,46.14907081,-112.094396,30043.0,130.92218312740366,0.0,16,14,0,0,14,14,12097,2,0,0,2,0
2020-07-21,US,Montana,Lake,117,0,0,47.64514965,-114.0898013,30047.0,384.1355308950029,0.0,117,105,0,0,105,102,30250,12,0,0,12,3
2020-07-21,US,Montana,Lewis and Clark,83,1,0,47.12610041,-112.39469799999999,30049.0,119.54142182279064,1.2048192771084338,82,83,1,0,82,80,68700,0,0,0,0,3
2020-07-21,US,Montana,Liberty,1,0,0,48.56084317,-111.02430700000001,30051.0,42.78990158322636,0.0,1,1,0,0,1,1,2430,0,0,0,0,0
2020-07-21,US,Montana,Lincoln,48,1,0,48.54265777,-115.4046155,30053.0,240.24024024024024,2.083333333333333,47,48,1,0,47,45,19794,0,0,0,0,3
2020-07-21,US,Montana,Madison,47,1,0,45.30080065,-111.9173017,30057.0,546.5116279069767,2.127659574468085,46,45,1,0,44,44,8768,2,0,0,2,1
2020-07-21,US,Montana,Meagher,4,0,0,46.59907074,-110.8898557,30059.0,214.8227712137487,0.0,4,4,0,0,4,4,1866,0,0,0,0,0
2020-07-21,US,Montana,Missoula,169,1,0,47.03728583,-113.92135079999998,30063.0,141.30434782608697,0.591715976331361,168,164,1,0,163,160,118791,5,0,0,5,4
2020-07-21,US,Montana,Musselshell,1,0,0,46.49684637,-108.39498,30065.0,21.58428663932657,0.0,1,1,0,0,1,1,4651,0,0,0,0,0
2020-07-21,US,Montana,Park,32,0,0,45.48965095,-110.52643940000002,30067.0,192.70143321690955,0.0,32,30,0,0,30,30,16736,2,0,0,2,0
2020-07-21,US,Montana,Pondera,7,0,0,48.22773388,-112.22527029999999,30073.0,118.42327863305701,0.0,7,5,0,0,5,5,5972,2,0,0,2,0
2020-07-21,US,Montana,Ravalli,51,1,0,46.08520862,-114.11891640000002,30081.0,116.42240788933023,1.96078431372549,50,50,1,0,49,50,43172,1,0,0,1,0
2020-07-21,US,Montana,Richland,34,0,0,47.78668011,-104.5610786,30083.0,314.7273905396649,0.0,34,34,0,0,34,34,10913,0,0,0,0,0
2020-07-21,US,Montana,Roosevelt,11,0,0,48.29607488,-105.00792679999999,30085.0,99.9636495819702,0.0,11,9,0,0,9,9,11059,2,0,0,2,0
2020-07-21,US,Montana,Rosebud,16,1,0,46.23397237,-106.72928799999998,30087.0,179.03099474096456,6.25,15,16,1,0,15,16,9063,0,0,0,0,0
2020-07-21,US,Montana,Sanders,5,0,0,47.67657534,-115.1329916,30089.0,41.2779658218443,0.0,5,4,0,0,4,4,11844,1,0,0,1,0
2020-07-21,US,Montana,Sheridan,2,0,0,48.72085833,-104.50382900000001,30091.0,60.44122091266244,0.0,2,2,0,0,2,2,3424,0,0,0,0,0
2020-07-21,US,Montana,Silver Bow,30,0,0,45.90018933,-112.6620092,30093.0,85.92295574967777,0.0,30,30,0,0,30,30,34993,0,0,0,0,0
2020-07-21,US,Montana,Stillwater,14,0,0,45.67071407,-109.3950061,30095.0,145.19809168222358,0.0,14,13,0,0,13,13,9534,1,0,0,1,0
2020-07-21,US,Montana,Sweet Grass,3,0,0,45.81367654,-109.9425686,30097.0,80.27829810008028,0.0,3,2,0,0,2,2,3710,1,0,0,1,0
2020-07-21,US,Montana,Teton,15,0,0,47.83741052,-112.24106880000001,30099.0,244.0214738897023,0.0,15,15,0,0,15,15,6162,0,0,0,0,0
2020-07-21,US,Montana,Toole,31,6,0,48.65577551,-111.69424140000001,30101.0,654.5608108108107,19.354838709677423,25,31,6,0,25,31,4853,0,0,0,0,0
2020-07-21,US,Montana,Treasure,2,0,0,46.20973220000001,-107.26665159999999,30103.0,287.3563218390805,0.0,2,2,0,0,2,2,679,0,0,0,0,0
2020-07-21,US,Montana,Valley,5,0,0,48.36435097,-106.6669635,30105.0,67.60411032990805,0.0,5,5,0,0,5,5,7437,0,0,0,0,0
2020-07-21,US,Montana,Wheatland,2,0,0,46.46652491,-109.84646359999999,30107.0,94.07337723424273,0.0,2,2,0,0,2,2,2236,0,0,0,0,0
2020-07-21,US,Montana,Wibaux,1,0,0,46.95925154,-104.2510927,30109.0,103.19917440660471,0.0,1,1,0,0,1,1,1034,0,0,0,0,0
2020-07-21,US,Montana,Yellowstone,731,18,0,45.93955949,-108.26914860000001,30111.0,453.19280843149414,2.4623803009575917,713,717,17,0,700,702,160137,14,1,0,13,15
2020-07-21,US,Nebraska,Adams,320,11,0,40.52449420000001,-98.50117804,31001.0,1020.3105570257947,3.4375,309,320,10,0,310,316,31511,0,1,0,-1,4
2020-07-21,US,Nebraska,Antelope,17,1,0,42.17695516,-98.06662829999999,31003.0,269.92696093998103,5.882352941176472,16,16,1,0,15,16,6336,1,0,0,1,0
2020-07-21,US,Nebraska,Banner,2,0,0,41.54634427,-103.7114332,31007.0,268.4563758389262,0.0,2,2,0,0,2,2,730,0,0,0,0,0
2020-07-21,US,Nebraska,Boone,7,0,0,41.70759415,-98.06737183,31011.0,134.82280431432974,0.0,7,7,0,0,7,7,5239,0,0,0,0,0
2020-07-21,US,Nebraska,Box Butte,7,0,0,42.22079243,-103.08788340000001,31013.0,64.91699897987573,0.0,7,7,0,0,7,4,10772,0,0,0,0,3
2020-07-21,US,Nebraska,Boyd,1,0,0,42.899727399999996,-98.76486568,31015.0,52.110474205315285,0.0,1,1,0,0,1,1,1955,0,0,0,0,0
2020-07-21,US,Nebraska,Buffalo,242,1,0,40.85486962,-99.07500296,31019.0,487.32354658772834,0.4132231404958678,241,237,1,0,236,233,49615,5,0,0,5,4
2020-07-21,US,Nebraska,Burt,17,0,0,41.85056773,-96.32605633,31021.0,263.1986375599938,0.0,17,17,0,0,17,17,6488,0,0,0,0,0
2020-07-21,US,Nebraska,Butler,53,0,0,41.22703692,-97.13106306,31023.0,661.1776447105789,0.0,53,53,0,0,53,53,8058,0,0,0,0,0
2020-07-21,US,Nebraska,Cass,115,1,0,40.90899107,-96.13971217,31025.0,438.128619323377,0.8695652173913043,114,110,1,0,109,110,26159,5,0,0,5,0
2020-07-21,US,Nebraska,Cedar,20,0,0,42.598885100000004,-97.25311951,31027.0,238.0385622470841,0.0,20,19,0,0,19,19,8446,1,0,0,1,0
2020-07-21,US,Nebraska,Chase,4,0,0,40.523719799999995,-101.69780259999999,31029.0,101.9367991845056,0.0,4,4,0,0,4,1,3977,0,0,0,0,3
2020-07-21,US,Nebraska,Cherry,3,0,0,42.54502621,-101.1244332,31031.0,52.73334505185446,0.0,3,3,0,0,3,3,5761,0,0,0,0,0
2020-07-21,US,Nebraska,Cheyenne,21,0,0,41.21999357,-102.9941693,31033.0,235.69023569023568,0.0,21,21,0,0,21,22,9310,0,0,0,0,-1
2020-07-21,US,Nebraska,Clay,39,0,0,40.52439441,-98.05126296,31035.0,628.7280348218603,0.0,39,40,0,0,40,36,6214,-1,0,0,-1,4
2020-07-21,US,Nebraska,Colfax,687,4,0,41.57486951,-97.0868542,31037.0,6415.164814641888,0.5822416302765647,683,685,4,0,681,684,10881,2,0,0,2,1
2020-07-21,US,Nebraska,Cuming,42,0,0,41.91637624,-96.78730772,31039.0,474.79086592810313,0.0,42,41,0,0,41,40,8940,1,0,0,1,1
2020-07-21,US,Nebraska,Custer,40,4,0,41.39374521,-99.72805369,31041.0,371.16080541894775,10.0,36,40,4,0,36,40,10840,0,0,0,0,0
2020-07-21,US,Nebraska,Dakota,1873,37,0,42.39040144,-96.56656425,31043.0,9352.841306301807,1.97544046983449,1836,1873,37,0,1836,1872,20083,0,0,0,0,1
2020-07-21,US,Nebraska,Dawes,4,0,0,42.71985036,-103.1313774,31045.0,46.57119571545,0.0,4,4,0,0,4,4,8716,0,0,0,0,0
2020-07-21,US,Nebraska,Dawson,887,8,0,40.87028216,-99.82014609999999,31047.0,3759.2710319983053,0.9019165727170236,879,883,7,0,876,883,23709,4,1,0,3,0
2020-07-21,US,Nebraska,Deuel,1,0,0,41.11168186,-102.33333309999999,31049.0,55.74136008918617,0.0,1,1,0,0,1,2,1825,0,0,0,0,-1
2020-07-21,US,Nebraska,Dixon,56,2,0,42.49188363,-96.86782408,31051.0,993.61249112846,3.571428571428572,54,56,2,0,54,58,5709,0,0,0,0,-2
2020-07-21,US,Nebraska,Dodge,724,8,0,41.58071748,-96.65598179,31053.0,1980.0355531245727,1.1049723756906078,716,723,8,0,715,725,36791,1,0,0,1,-2
2020-07-21,US,Nebraska,Douglas,8900,117,0,41.29518299,-96.15085305,31055.0,1557.7768948430582,1.3146067415730338,8783,8715,116,0,8599,8610,566880,185,1,0,184,105
2020-07-21,US,Nebraska,Dundy,1,0,0,40.17638677,-101.6876522,31057.0,59.06674542232722,0.0,1,2,0,0,2,1,1770,-1,0,0,-1,1
2020-07-21,US,Nebraska,Fillmore,20,1,0,40.52458567,-97.59646937,31059.0,366.16623947272063,5.0,19,20,1,0,19,20,5527,0,0,0,0,0
2020-07-21,US,Nebraska,Franklin,8,0,0,40.17636348,-98.95299073,31061.0,268.5464921114468,0.0,8,8,0,0,8,8,3023,0,0,0,0,0
2020-07-21,US,Nebraska,Frontier,3,0,0,40.52993007,-100.3924658,31063.0,114.19870574800152,0.0,3,2,0,0,2,2,2608,1,0,0,1,0
2020-07-21,US,Nebraska,Furnas,12,1,0,40.17642064,-99.91247454,31065.0,256.6295979469632,8.333333333333334,11,12,1,0,11,10,4715,0,0,0,0,2
2020-07-21,US,Nebraska,Gage,70,4,0,40.26186809,-96.68946704,31067.0,325.3846511411705,5.7142857142857135,66,70,4,0,66,70,21493,0,0,0,0,0
2020-07-21,US,Nebraska,Garden,4,0,0,41.61703149,-102.3313973,31069.0,217.74632553075668,0.0,4,4,0,0,4,4,1897,0,0,0,0,0
2020-07-21,US,Nebraska,Garfield,3,0,0,41.91428955,-98.99111827,31071.0,152.36160487557137,0.0,3,3,0,0,3,3,1987,0,0,0,0,0
2020-07-21,US,Nebraska,Gosper,13,0,0,40.51481965,-99.83020279,31073.0,653.2663316582915,0.0,13,13,0,0,13,13,1996,0,0,0,0,0
2020-07-21,US,Nebraska,Greeley,6,0,0,41.56742671,-98.52150266,31077.0,254.6689303904924,0.0,6,6,0,0,6,6,2356,0,0,0,0,0
2020-07-21,US,Nebraska,Hall,1657,47,0,40.87257079,-98.50218293,31079.0,2700.764428797288,2.836451418225709,1610,1651,47,0,1604,1646,61607,6,0,0,6,5
2020-07-21,US,Nebraska,Hamilton,80,12,0,40.87349452,-98.02099117,31081.0,858.000858000858,15.0,68,80,12,0,68,78,9280,0,0,0,0,2
2020-07-21,US,Nebraska,Harlan,1,0,0,40.17658508,-99.40438879,31083.0,29.58579881656805,0.0,1,1,0,0,1,1,3401,0,0,0,0,0
2020-07-21,US,Nebraska,Hitchcock,1,0,0,40.17609175,-101.04164770000001,31087.0,36.205648081100655,0.0,1,1,0,0,1,1,2806,0,0,0,0,0
2020-07-21,US,Nebraska,Holt,4,0,0,42.45522056,-98.78402558,31089.0,39.73378364954803,0.0,4,4,0,0,4,4,10178,0,0,0,0,0
2020-07-21,US,Nebraska,Hooker,4,0,0,41.91586243,-101.1354293,31091.0,586.5102639296188,0.0,4,3,0,0,3,2,682,1,0,0,1,1
2020-07-21,US,Nebraska,Howard,51,4,0,41.2200529,-98.5166499,31093.0,791.311093871218,7.84313725490196,47,51,4,0,47,50,6468,0,0,0,0,1
2020-07-21,US,Nebraska,Jefferson,12,0,0,40.17584531,-97.142601,31095.0,170.3093954016463,0.0,12,12,0,0,12,12,7097,0,0,0,0,0
2020-07-21,US,Nebraska,Johnson,9,0,0,40.39257596,-96.26522753,31097.0,177.47978702425556,0.0,9,9,0,0,9,9,5134,0,0,0,0,0
2020-07-21,US,Nebraska,Kearney,20,0,0,40.50663314,-98.94877182,31099.0,307.92917628945344,0.0,20,18,0,0,18,18,6544,2,0,0,2,0
2020-07-21,US,Nebraska,Keith,10,0,0,41.19930341,-101.66201640000001,31101.0,124.47099825740602,0.0,10,8,0,0,8,7,8021,2,0,0,2,1
2020-07-21,US,Nebraska,Kimball,15,0,0,41.19774275,-103.7148131,31105.0,412.9955947136564,0.0,15,15,0,0,15,14,3618,0,0,0,0,1
2020-07-21,US,Nebraska,Knox,26,0,0,42.63758421,-97.89178836,31107.0,312.04992798847815,0.0,26,26,0,0,26,26,8419,0,0,0,0,0
2020-07-21,US,Nebraska,Lancaster,2541,14,0,40.78416049,-96.68777155,31109.0,796.3270550628349,0.5509641873278237,2527,2481,14,0,2467,2414,317272,60,0,0,60,67
2020-07-21,US,Nebraska,Lincoln,68,2,0,41.04658298,-100.74753740000001,31111.0,194.76427794008134,2.9411764705882355,66,67,2,0,65,65,35185,1,0,0,1,2
2020-07-21,US,Nebraska,Madison,393,5,0,41.91676024,-97.6005481,31119.0,1119.6900196586798,1.272264631043257,388,391,4,0,387,391,35392,2,1,0,1,0
2020-07-21,US,Nebraska,McPherson,4,0,0,41.56797682,-101.05993620000001,31117.0,809.7165991902832,0.0,4,3,0,0,3,3,492,1,0,0,1,0
2020-07-21,US,Nebraska,Merrick,41,0,0,41.16624273,-98.0374887,31121.0,528.6911669890393,0.0,41,41,0,0,41,41,7733,0,0,0,0,0
2020-07-21,US,Nebraska,Morrill,55,0,0,41.71711774,-103.0061405,31123.0,1184.8341232227488,0.0,55,53,0,0,53,53,4686,2,0,0,2,0
2020-07-21,US,Nebraska,Nance,6,0,0,41.39750195,-97.99327291,31125.0,170.50298380221653,0.0,6,6,0,0,6,6,3532,0,0,0,0,0
2020-07-21,US,Nebraska,Nemaha,10,0,0,40.38514847,-95.85433992,31127.0,143.4308663224326,0.0,10,7,0,0,7,6,6958,3,0,0,3,1
2020-07-21,US,Nebraska,Nuckolls,5,0,0,40.17637905,-98.04743961,31129.0,120.54001928640308,0.0,5,3,0,0,3,3,4195,2,0,0,2,0
2020-07-21,US,Nebraska,Otoe,35,0,0,40.64843556,-96.13374142,31131.0,218.58606045465905,0.0,35,35,0,0,35,31,15985,0,0,0,0,4
2020-07-21,US,Nebraska,Pawnee,1,0,0,40.13141096,-96.23705437,31133.0,38.270187523918864,0.0,1,1,0,0,1,1,2632,0,0,0,0,0
2020-07-21,US,Nebraska,Perkins,8,0,0,40.85082525,-101.6502942,31135.0,276.7208578346593,0.0,8,7,0,0,7,,2929,1,0,0,1,
2020-07-21,US,Nebraska,Phelps,32,0,0,40.51156033,-99.41461667,31137.0,354.21740092982066,0.0,32,30,0,0,30,28,8996,2,0,0,2,2
2020-07-21,US,Nebraska,Pierce,16,0,0,42.26434853,-97.60122773,31139.0,223.8388360380526,0.0,16,16,0,0,16,15,7142,0,0,0,0,1
2020-07-21,US,Nebraska,Platte,715,3,0,41.57246836,-97.52144359,31141.0,2136.2414102181056,0.4195804195804196,712,711,3,0,708,710,33363,4,0,0,4,1
2020-07-21,US,Nebraska,Polk,16,0,0,41.18813488,-97.56630712,31143.0,306.924995204297,0.0,16,15,0,0,15,14,5278,1,0,0,1,1
2020-07-21,US,Nebraska,Red Willow,11,0,0,40.17556879999999,-100.476998,31145.0,102.57366654233496,0.0,11,10,0,0,10,9,10726,1,0,0,1,1
2020-07-21,US,Nebraska,Richardson,11,1,0,40.1247415,-95.71755036,31147.0,139.86013986013987,9.090909090909092,10,10,1,0,9,10,7937,1,0,0,1,0
2020-07-21,US,Nebraska,Rock,2,0,0,42.42252217,-99.44832069,31149.0,147.38393515106853,0.0,2,2,0,0,2,2,1360,0,0,0,0,0
2020-07-21,US,Nebraska,Saline,559,2,0,40.52418865,-97.14085859,31151.0,3929.977502812149,0.35778175313059035,557,559,2,0,557,559,14350,0,0,0,0,0
2020-07-21,US,Nebraska,Sarpy,1569,8,0,41.11314181,-96.11156432,31153.0,838.1589350199789,0.5098789037603569,1561,1527,8,0,1519,1502,184459,42,0,0,42,25
2020-07-21,US,Nebraska,Saunders,105,2,0,41.227810299999994,-96.63773905,31155.0,486.60672907591066,1.9047619047619049,103,103,2,0,101,101,21303,2,0,0,2,2
2020-07-21,US,Nebraska,Scotts Bluff,258,5,0,41.85070896,-103.70809859999999,31157.0,724.3528552978831,1.937984496124031,253,258,5,0,253,250,35989,0,0,0,0,8
2020-07-21,US,Nebraska,Seward,59,1,0,40.87241834,-97.139673,31159.0,341.356167553807,1.6949152542372878,58,56,1,0,55,56,17318,3,0,0,3,0
2020-07-21,US,Nebraska,Sheridan,8,0,0,42.50284406,-102.4126613,31161.0,152.49714067861228,0.0,8,8,0,0,8,8,5190,0,0,0,0,0
2020-07-21,US,Nebraska,Sherman,5,0,0,41.22045983,-98.97588642,31163.0,166.61112962345885,0.0,5,5,0,0,5,5,3038,0,0,0,0,0
2020-07-21,US,Nebraska,Sioux,6,0,0,42.48932059,-103.7576544,31165.0,514.5797598627787,0.0,6,6,0,0,6,6,1187,0,0,0,0,0
2020-07-21,US,Nebraska,Stanton,23,0,0,41.9169835,-97.19394708,31167.0,388.5135135135135,0.0,23,23,0,0,23,22,5970,0,0,0,0,1
2020-07-21,US,Nebraska,Thayer,21,0,0,40.17626377,-97.59504381,31169.0,419.7481511093344,0.0,21,19,0,0,19,19,5039,2,0,0,2,0
2020-07-21,US,Nebraska,Thomas,1,0,0,41.91358968,-100.5556632,31171.0,138.50415512465375,0.0,1,1,0,0,1,1,720,0,0,0,0,0
2020-07-21,US,Nebraska,Thurston,183,1,0,42.15725356,-96.54157099,31173.0,2533.2225913621264,0.5464480874316939,182,183,1,0,182,182,7303,0,0,0,0,1
2020-07-21,US,Nebraska,Unassigned,120,2,0,0.0,0.0,90031.0,0.0,1.6666666666666667,118,125,9,0,116,120,,-5,-7,0,2,5
2020-07-21,US,Nebraska,Valley,9,0,0,41.56730777,-98.98197724,31175.0,216.4502164502165,0.0,9,9,0,0,9,9,4190,0,0,0,0,0
2020-07-21,US,Nebraska,Washington,78,1,0,41.52815707,-96.22019892,31177.0,376.2844324376478,1.2820512820512822,77,76,1,0,75,75,20667,2,0,0,2,1
2020-07-21,US,Nebraska,Wayne,35,0,0,42.20934475,-97.11926964,31179.0,372.9355354288759,0.0,35,35,0,0,35,35,9403,0,0,0,0,0
2020-07-21,US,Nebraska,Webster,9,0,0,40.17642643,-98.50019851,31181.0,258.1015199311729,0.0,9,9,0,0,9,9,3533,0,0,0,0,0
2020-07-21,US,Nebraska,York,60,0,0,40.87272618,-97.59710186,31185.0,438.6285547189122,0.0,60,59,0,0,59,59,13772,1,0,0,1,0
2020-07-21,US,Nevada,Carson City,258,6,0,39.15509045,-119.7480219,32510.0,461.4063953072466,2.3255813953488373,252,252,6,0,246,251,55414,6,0,0,6,1
2020-07-21,US,Nevada,Churchill,35,1,0,39.58105744,-118.3394607,32001.0,140.51146172066322,2.8571428571428568,34,33,1,0,32,33,24440,2,0,0,2,0
2020-07-21,US,Nevada,Clark,32025,553,0,36.21458855,-115.0130241,32003.0,1412.8375203764035,1.7267759562841531,31472,31312,527,0,30785,30432,2231647,713,26,0,687,880
2020-07-21,US,Nevada,Douglas,106,0,0,38.912862,-119.61713329999999,32005.0,216.7467539106431,0.0,106,103,0,0,103,101,48467,3,0,0,3,2
2020-07-21,US,Nevada,Elko,341,2,0,41.14531606,-115.3577619,32007.0,646.1025427261359,0.5865102639296188,339,332,1,0,331,325,52460,9,1,0,8,7
2020-07-21,US,Nevada,Eureka,2,0,0,39.98100864,-116.26832040000001,32011.0,98.57072449482504,0.0,2,2,0,0,2,2,2003,0,0,0,0,0
2020-07-21,US,Nevada,Humboldt,92,4,0,41.40692186,-118.11094270000001,32013.0,546.6104212465094,4.3478260869565215,88,92,4,0,88,91,16786,0,0,0,0,1
2020-07-21,US,Nevada,Lander,47,0,0,39.933223299999995,-117.03970749999999,32015.0,849.6023138105568,0.0,47,47,0,0,47,47,5575,0,0,0,0,0
2020-07-21,US,Nevada,Lincoln,3,0,0,37.64268459,-114.8790388,32017.0,57.88153579008296,0.0,3,3,0,0,3,3,5201,0,0,0,0,0
2020-07-21,US,Nevada,Lyon,159,2,0,39.01777974,-119.18704790000001,32019.0,276.4736567553469,1.2578616352201255,157,156,2,0,154,154,55808,3,0,0,3,2
2020-07-21,US,Nevada,Mineral,10,0,0,38.53841696,-118.4344506,32021.0,221.97558268590458,0.0,10,10,0,0,10,10,4514,0,0,0,0,0
2020-07-21,US,Nevada,Nye,251,5,0,38.04264256,-116.47227020000001,32023.0,539.5180878275262,1.99203187250996,246,237,4,0,233,236,45346,14,1,0,13,1
2020-07-21,US,Nevada,Pershing,13,0,0,40.44003782,-118.40056409999998,32027.0,193.3085501858736,0.0,13,13,0,0,13,13,6666,0,0,0,0,0
2020-07-21,US,Nevada,Storey,2,0,0,39.44875482,-119.5250207,32029.0,48.508367693427104,0.0,2,2,0,0,2,3,4029,0,0,0,0,-1
2020-07-21,US,Nevada,Washoe,4173,102,0,40.66562265,-119.6631594,32031.0,885.0120567781997,2.4442846872753416,4071,4108,102,0,4006,4054,465735,65,0,0,65,54
2020-07-21,US,Nevada,White Pine,11,1,0,39.44157041,-114.89996599999999,32033.0,114.82254697286012,9.090909090909092,10,11,1,0,10,10,9475,0,0,0,0,1
2020-07-21,US,New Hampshire,Belknap,97,4,0,43.51637314,-71.41684235,33001.0,158.23042917964864,4.123711340206185,93,96,4,0,92,96,61022,1,0,0,1,0
2020-07-21,US,New Hampshire,Carroll,73,0,0,43.87498583,-71.20430216,33003.0,149.2537313432836,0.0,73,71,0,0,71,71,48779,2,0,0,2,0
2020-07-21,US,New Hampshire,Cheshire,80,2,0,42.92015988,-72.25311043,33005.0,105.14556088585137,2.5,78,80,2,0,78,80,76493,0,0,0,0,0
2020-07-21,US,New Hampshire,Coos,14,0,0,44.69063265,-71.30633239,33007.0,44.355732978487474,0.0,14,13,0,0,13,13,31589,1,0,0,1,0
2020-07-21,US,New Hampshire,Grafton,99,1,0,43.93779815,-71.82057197,33009.0,110.13951004605828,1.0101010101010102,98,99,1,0,98,99,89786,0,0,0,0,0
2020-07-21,US,New Hampshire,Hillsborough,3557,267,0,42.91537785,-71.7200253,33011.0,852.9464660392063,7.5063255552431825,3290,3549,265,0,3284,3510,415247,8,2,0,6,39
2020-07-21,US,New Hampshire,Merrimack,441,20,0,43.29662971,-71.6811573,33013.0,291.29869014670624,4.5351473922902485,421,440,20,0,420,439,151132,1,0,0,1,1
2020-07-21,US,New Hampshire,Rockingham,1556,92,0,42.98499744,-71.12883377,33015.0,502.309785679006,5.912596401028278,1464,1557,92,0,1465,1551,309176,-1,0,0,-1,6
2020-07-21,US,New Hampshire,Strafford,307,13,0,43.291833000000004,-71.02336013,33017.0,235.0095305167913,4.234527687296417,294,306,13,0,293,306,130090,1,0,0,1,0
2020-07-21,US,New Hampshire,Sullivan,38,1,0,43.36094111,-72.22203125,33019.0,88.07305428081398,2.631578947368421,37,38,1,0,37,38,43144,0,0,0,0,0
2020-07-21,US,New Jersey,Atlantic,3148,238,0,39.47538693,-74.65848483,34001.0,1193.9166382220199,7.560355781448539,2910,3126,237,0,2889,3116,265429,22,1,0,21,10
2020-07-21,US,New Jersey,Bergen,20052,2032,0,40.96010917,-74.07164325,34003.0,2151.035934271757,10.133652503490923,18020,20034,2033,0,18001,19980,936692,18,-1,0,19,54
2020-07-21,US,New Jersey,Burlington,5478,466,0,39.87681124,-74.66927768,34005.0,1230.046547763664,8.506754289886821,5012,5450,462,0,4988,5442,445384,28,4,0,24,8
2020-07-21,US,New Jersey,Camden,7867,560,0,39.80343818,-74.96388753,34007.0,1553.2972272844845,7.118342443116817,7307,7845,560,0,7285,7829,507078,22,0,0,22,16
2020-07-21,US,New Jersey,Cape May,760,82,0,39.15008829,-74.80170244,34009.0,825.7369158726193,10.789473684210524,678,757,82,0,675,754,92560,3,0,0,3,3
2020-07-21,US,New Jersey,Cumberland,3088,154,0,39.37199394,-75.10712559,34011.0,2065.1788640178697,4.987046632124352,2934,3079,154,0,2925,3076,150972,9,0,0,9,3
2020-07-21,US,New Jersey,Essex,19153,2095,0,40.78681335,-74.24657979,34013.0,2397.196407897619,10.938234219182371,17058,19121,2093,0,17028,19105,799767,32,2,0,30,16
2020-07-21,US,New Jersey,Gloucester,2855,198,0,39.71581067,-75.13995546,34015.0,978.9600735163012,6.9352014010507865,2657,2829,198,0,2631,2824,291408,26,0,0,26,5
2020-07-21,US,New Jersey,Hudson,19267,1500,0,40.73766234,-74.07515667,34017.0,2865.445849215709,7.7853324336949195,17767,19263,1498,0,17765,19248,676061,4,2,0,2,15
2020-07-21,US,New Jersey,Hunterdon,1101,126,0,40.56335249,-74.91284156,34019.0,885.2546011530019,11.444141689373295,975,1100,126,0,974,1100,124714,1,0,0,1,0
2020-07-21,US,New Jersey,Mercer,7839,608,0,40.28047017,-74.70479631,34021.0,2133.4675992706093,7.75609133818089,7231,7828,608,0,7220,7825,369811,11,0,0,11,3
2020-07-21,US,New Jersey,Middlesex,17155,1400,0,40.43629879,-74.41426991,34023.0,2079.237681531812,8.160886039055669,15755,17168,1397,0,15771,17158,829685,-13,3,0,-16,10
2020-07-21,US,New Jersey,Monmouth,9683,851,0,40.26549699,-74.22240686,34025.0,1564.815488166517,8.788598574821853,8832,9672,849,0,8823,9659,621354,11,2,0,9,13
2020-07-21,US,New Jersey,Morris,6990,827,0,40.86095313,-74.54553709999998,34027.0,1421.1794366111276,11.831187410586553,6163,6967,826,0,6141,6958,494228,23,1,0,22,9
2020-07-21,US,New Jersey,Ocean,9988,1013,0,39.8895449,-74.28089251,34029.0,1644.9654636305845,10.142170604725669,8975,9956,1010,0,8946,9947,601651,32,3,0,29,9
2020-07-21,US,New Jersey,Passaic,17181,1240,0,41.03238628,-74.29954144,34031.0,3423.696659798416,7.2172748966882025,15941,17172,1239,0,15933,17162,503310,9,1,0,8,10
2020-07-21,US,New Jersey,Salem,837,81,0,39.58719656,-75.34696629999998,34033.0,1341.6686703534506,9.677419354838712,756,831,80,0,751,831,62607,6,1,0,5,0
2020-07-21,US,New Jersey,Somerset,5072,553,0,40.56465737,-74.61683016,34035.0,1541.9506648750205,10.902996845425868,4519,5068,553,0,4515,5065,331164,4,0,0,4,3
2020-07-21,US,New Jersey,Sussex,1253,195,0,41.13891592,-74.69118243,34037.0,891.8911223734411,15.562649640861931,1058,1250,195,0,1055,1246,140799,3,0,0,3,4
2020-07-21,US,New Jersey,Unassigned,688,0,0,0.0,0.0,90034.0,0.0,0.0,688,650,0,0,650,674,,38,0,0,38,-24
2020-07-21,US,New Jersey,Union,16515,1346,0,40.65835409,-74.30680092,34039.0,2968.5031302744183,8.150166515289131,15169,16517,1344,0,15173,16508,558067,-2,2,0,-4,9
2020-07-21,US,New Jersey,Warren,1286,172,0,40.85951833,-74.99556527,34041.0,1221.6554095775505,13.374805598755831,1114,1280,171,0,1109,1276,105779,6,1,0,5,4
2020-07-21,US,New Mexico,Bernalillo,3920,103,0,35.05163625,-106.6703554,35001.0,577.2167257381233,2.627551020408163,3817,3861,102,0,3759,3775,678701,59,1,0,58,86
2020-07-21,US,New Mexico,Catron,4,1,0,33.91514144,-108.4046587,35003.0,113.41083073433514,25.0,3,4,1,0,3,4,3578,0,0,0,0,0
2020-07-21,US,New Mexico,Chaves,223,4,0,33.36406072,-104.4665365,35005.0,345.12110191132086,1.7937219730941705,219,212,4,0,208,197,64689,11,0,0,11,15
2020-07-21,US,New Mexico,Cibola,271,17,0,34.91131525,-107.998876,35006.0,1015.9325210871602,6.2730627306273075,254,267,16,0,251,262,26746,4,1,0,3,5
2020-07-21,US,New Mexico,Colfax,11,1,0,36.60569702,-104.64726740000002,35007.0,92.11958797420652,9.090909090909092,10,11,1,0,10,11,12110,0,0,0,0,0
2020-07-21,US,New Mexico,Curry,327,1,0,34.57421077,-103.34688759999999,35009.0,667.9740164235814,0.3058103975535168,326,316,1,0,315,302,49437,11,0,0,11,14
2020-07-21,US,New Mexico,Dona Ana,1786,14,0,32.35275771,-106.83293870000001,35013.0,818.5338802447353,0.7838745800671892,1772,1737,14,0,1723,1717,217522,49,0,0,49,20
2020-07-21,US,New Mexico,Eddy,196,2,0,32.47167456,-104.3053527,35015.0,335.2719808416012,1.020408163265306,194,187,2,0,185,181,57900,9,0,0,9,6
2020-07-21,US,New Mexico,Grant,55,1,0,32.73911281,-108.3827845,35017.0,203.71879398473962,1.818181818181818,54,53,0,0,53,49,27346,2,1,0,1,4
2020-07-21,US,New Mexico,Guadalupe,26,0,0,34.86319296,-104.790669,35019.0,604.6511627906976,0.0,26,24,0,0,24,24,4341,2,0,0,2,0
2020-07-21,US,New Mexico,Harding,1,0,0,35.85751555,-103.82209379999999,35021.0,160.0,0.0,1,1,0,0,1,1,655,0,0,0,0,0
2020-07-21,US,New Mexico,Hidalgo,80,0,0,31.91383467,-108.7151824,35023.0,1905.669366364936,0.0,80,78,0,0,78,78,4240,2,0,0,2,0
2020-07-21,US,New Mexico,Lea,411,1,0,32.79215361,-103.4123733,35025.0,578.3030814689743,0.24330900243309006,410,379,0,0,379,378,69611,32,1,0,31,1
2020-07-21,US,New Mexico,Lincoln,41,1,0,33.74526079,-105.4586166,35027.0,209.48293480482326,2.4390243902439024,40,38,0,0,38,36,19556,3,1,0,2,2
2020-07-21,US,New Mexico,Los Alamos,16,0,0,35.86631386,-106.31349850000001,35028.0,82.60622644431824,0.0,16,14,0,0,14,14,19101,2,0,0,2,0
2020-07-21,US,New Mexico,Luna,165,3,0,32.18179341,-107.75088259999998,35029.0,695.9382512969759,1.818181818181818,162,155,3,0,152,145,23963,10,0,0,10,10
2020-07-21,US,New Mexico,McKinley,3783,206,0,35.58007720000001,-108.262245,35031.0,5300.769263104797,5.4454136928363726,3577,3767,202,0,3565,3754,72290,16,4,0,12,13
2020-07-21,US,New Mexico,Mora,3,0,0,36.01095101,-104.9497716,35033.0,66.35700066356999,0.0,3,3,0,0,3,3,4506,0,0,0,0,0
2020-07-21,US,New Mexico,Otero,113,10,0,32.61348406,-105.7417604,35035.0,167.43221217958217,8.849557522123892,103,106,10,0,96,102,66781,7,0,0,7,4
2020-07-21,US,New Mexico,Quay,26,1,0,35.10403332,-103.54817270000001,35037.0,315.0369562583303,3.8461538461538463,25,24,1,0,23,22,8253,2,0,0,2,2
2020-07-21,US,New Mexico,Rio Arriba,251,1,0,36.51072137,-106.69316740000001,35039.0,644.8960715295085,0.398406374501992,250,205,1,0,204,199,39006,46,0,0,46,6
2020-07-21,US,New Mexico,Roosevelt,92,1,0,34.02097406,-103.4799493,35041.0,497.2972972972973,1.0869565217391304,91,92,1,0,91,89,18743,0,0,0,0,3
2020-07-21,US,New Mexico,San Juan,2861,176,0,36.50838318,-108.32043700000001,35045.0,2308.0398199390115,6.1516952114645225,2685,2842,176,0,2666,2834,125043,19,0,0,19,8
2020-07-21,US,New Mexico,San Miguel,34,0,0,35.48014807,-104.8163562,35047.0,124.64713861495031,0.0,34,34,0,0,34,32,27591,0,0,0,0,2
2020-07-21,US,New Mexico,Sandoval,942,32,0,35.68862401,-106.86878030000001,35043.0,641.9167552539046,3.397027600849257,910,933,31,0,902,919,145179,9,1,0,8,14
2020-07-21,US,New Mexico,Santa Fe,436,3,0,35.50708973,-105.9774716,35049.0,289.9745939690605,0.6880733944954128,433,433,3,0,430,417,150056,3,0,0,3,16
2020-07-21,US,New Mexico,Sierra,21,0,0,33.13028233,-107.1925893,35051.0,194.60661662496528,0.0,21,21,0,0,21,20,10968,0,0,0,0,1
2020-07-21,US,New Mexico,Socorro,67,5,0,34.00715494,-106.9298354,35053.0,402.71683596802313,7.462686567164179,62,67,5,0,62,65,16735,0,0,0,0,2
2020-07-21,US,New Mexico,Taos,71,1,0,36.58006022,-105.63101979999999,35055.0,216.9727714451609,1.4084507042253518,70,71,1,0,70,69,32835,0,0,0,0,2
2020-07-21,US,New Mexico,Torrance,51,1,0,34.64048375,-105.8508949,35057.0,329.86223400814947,1.96078431372549,50,51,1,0,50,51,15591,0,0,0,0,0
2020-07-21,US,New Mexico,Unassigned,955,0,0,0.0,0.0,90035.0,0.0,0.0,955,955,0,0,955,955,,0,0,0,0,0
2020-07-21,US,New Mexico,Union,14,0,0,36.48126404,-103.4709624,35059.0,344.91254003449126,0.0,14,14,0,0,14,14,4118,0,0,0,0,0
2020-07-21,US,New Mexico,Valencia,264,2,0,34.71669834,-106.8103733,35061.0,344.2520342165658,0.7575757575757576,262,260,2,0,258,252,76456,4,0,0,4,8
2020-07-21,US,New York,Albany,2351,121,0,42.60060306,-73.97723916,36001.0,769.5429876990959,5.146746065504041,2230,2322,121,0,2201,2318,307117,29,0,0,29,4
2020-07-21,US,New York,Allegany,72,1,0,42.25748406,-78.02750466,36003.0,156.21270963962596,1.3888888888888888,71,71,1,0,70,71,46430,1,0,0,1,0
2020-07-21,US,New York,Broome,917,60,0,42.15903158,-75.81326086,36007.0,481.395153500483,6.543075245365323,857,902,60,0,842,883,191659,15,0,0,15,19
2020-07-21,US,New York,Cattaraugus,147,6,0,42.24778241,-78.67923096,36009.0,193.12374371034062,4.081632653061225,141,145,6,0,139,145,76840,2,0,0,2,0
2020-07-21,US,New York,Cayuga,131,2,0,42.91261714,-76.55731592,36011.0,171.07187630589218,1.5267175572519085,129,131,2,0,129,129,77145,0,0,0,0,2
2020-07-21,US,New York,Chautauqua,206,7,0,42.22769210000001,-79.36691763,36013.0,162.32870775316582,3.3980582524271843,199,194,7,0,187,194,127939,12,0,0,12,0
2020-07-21,US,New York,Chemung,155,2,0,42.13891056,-76.7638805,36015.0,185.72661042944787,1.2903225806451613,153,155,2,0,153,154,84254,0,0,0,0,1
2020-07-21,US,New York,Chenango,188,6,0,42.49430041,-75.60887553,36017.0,398.24602283559636,3.191489361702128,182,184,6,0,178,182,47536,4,0,0,4,2
2020-07-21,US,New York,Clinton,114,4,0,44.74530905,-73.67875352,36019.0,141.6412996210474,3.5087719298245608,110,113,4,0,109,113,80695,1,0,0,1,0
2020-07-21,US,New York,Columbia,495,37,0,42.24819348,-73.63089095,36021.0,832.4784312406451,7.474747474747474,458,492,37,0,455,492,59916,3,0,0,3,0
2020-07-21,US,New York,Cortland,73,0,0,42.59509207,-76.07048931,36023.0,153.4225846451314,0.0,73,69,0,0,69,69,47823,4,0,0,4,0
2020-07-21,US,New York,Delaware,93,4,0,42.19837623,-74.96709306,36025.0,210.71711793361285,4.301075268817204,89,93,4,0,89,93,44527,0,0,0,0,0
2020-07-21,US,New York,Dutchess,4380,152,0,41.76486060000001,-73.74356679,36027.0,1488.6920582697187,3.470319634703196,4228,4376,152,0,4224,4376,293718,4,0,0,4,0
2020-07-21,US,New York,Erie,8106,657,0,42.76249024,-78.73063652,36029.0,882.3318116211784,8.105107327905255,7449,8046,657,0,7389,8035,919719,60,0,0,60,11
2020-07-21,US,New York,Essex,51,0,0,44.11630765,-73.77297842,36031.0,138.2675884505897,0.0,51,51,0,0,51,51,37300,0,0,0,0,0
2020-07-21,US,New York,Franklin,42,0,0,44.59040891,-74.29926032,36033.0,83.96305625524771,0.0,42,40,0,0,40,40,50293,2,0,0,2,0
2020-07-21,US,New York,Fulton,267,24,0,43.11363907,-74.41798804,36035.0,500.15922672011686,8.98876404494382,243,267,24,0,243,267,53591,0,0,0,0,0
2020-07-21,US,New York,Genesee,258,5,0,43.0022601,-78.19135193,36037.0,450.4189944134078,1.937984496124031,253,258,5,0,253,257,57511,0,0,0,0,1
2020-07-21,US,New York,Greene,272,18,0,42.275797,-74.12384884,36039.0,576.417733322031,6.617647058823528,254,272,18,0,254,272,47491,0,0,0,0,0
2020-07-21,US,New York,Hamilton,6,0,0,43.66146647,-74.49721957,36041.0,135.8695652173913,0.0,6,6,0,0,6,6,4434,0,0,0,0,0
2020-07-21,US,New York,Herkimer,208,4,0,43.42034246,-74.96145307,36043.0,339.2097066162201,1.9230769230769231,204,206,4,0,202,206,61833,2,0,0,2,0
2020-07-21,US,New York,Jefferson,112,0,0,44.04200959,-75.94653457,36045.0,101.97206693737823,0.0,112,106,0,0,106,105,111755,6,0,0,6,1
2020-07-21,US,New York,Lewis,33,0,0,43.784415700000004,-75.44903992,36049.0,125.4943717675692,0.0,33,33,0,0,33,33,26447,0,0,0,0,0
2020-07-21,US,New York,Livingston,160,8,0,42.72596275,-77.77966158,36051.0,254.31541469307308,5.0,152,159,8,0,151,158,63227,1,0,0,1,1
2020-07-21,US,New York,Madison,387,17,0,42.91653905,-75.67266639,36053.0,545.523745083943,4.3927648578811365,370,384,17,0,367,383,70795,3,0,0,3,1
2020-07-21,US,New York,Monroe,4452,277,0,43.14638895,-77.69322942,36055.0,600.1860414953422,6.221922731356694,4175,4422,277,0,4145,4401,742474,30,0,0,30,21
2020-07-21,US,New York,Montgomery,144,4,0,42.90123494,-74.44011632,36057.0,292.55805448893767,2.7777777777777777,140,143,4,0,139,143,49455,1,0,0,1,0
2020-07-21,US,New York,Nassau,42729,2193,0,40.74066522,-73.58941873,36059.0,3148.9604428840526,5.1323457136839155,40536,42678,2193,0,40485,42622,1358343,51,0,0,51,56
2020-07-21,US,New York,New York City,222094,23424,0,40.76727260000001,-73.97152637,36061.0,2664.014335447209,10.54688555296406,198670,221703,23411,0,198292,221419,1628701,391,13,0,378,284
2020-07-21,US,New York,Niagara,1388,94,0,43.19898042,-78.74777412,36063.0,663.2231306234203,6.772334293948128,1294,1384,94,0,1290,1382,210433,4,0,0,4,2
2020-07-21,US,New York,Oneida,1962,104,0,43.24375382,-75.43710392,36065.0,858.0012332127817,5.3007135575942925,1858,1942,104,0,1838,1940,229577,20,0,0,20,2
2020-07-21,US,New York,Onondaga,3312,191,0,43.00491923,-76.19971155,36067.0,719.1745127332106,5.766908212560387,3121,3290,191,0,3099,3278,461809,22,0,0,22,12
2020-07-21,US,New York,Ontario,329,33,0,42.85145728,-77.30874425,36069.0,299.6984796450987,10.030395136778118,296,326,33,0,293,324,109864,3,0,0,3,2
2020-07-21,US,New York,Orange,10953,484,0,41.40337468,-74.30240757,36071.0,2845.37850054554,4.41888067196202,10469,10938,484,0,10454,10931,381951,15,0,0,15,7
2020-07-21,US,New York,Orleans,288,54,0,43.2516977,-78.2320066,36073.0,713.7192704203012,18.75,234,288,54,0,234,288,40612,0,0,0,0,0
2020-07-21,US,New York,Oswego,231,3,0,43.42778894,-76.14635194,36075.0,197.2268706669854,1.2987012987012987,228,229,3,0,226,229,117898,2,0,0,2,0
2020-07-21,US,New York,Otsego,100,5,0,42.63492579,-75.03151402,36077.0,168.0870018321483,5.0,95,98,5,0,93,98,59749,2,0,0,2,0
2020-07-21,US,New York,Putnam,1393,63,0,41.42630093,-73.74965532,36079.0,1416.8022782750204,4.522613065326633,1330,1392,63,0,1329,1391,98892,1,0,0,1,1
2020-07-21,US,New York,Rensselaer,658,30,0,42.71348136,-73.51089874,36083.0,414.58220446841483,4.5592705167173255,628,653,30,0,623,651,159442,5,0,0,5,2
2020-07-21,US,New York,Rockland,13806,672,0,41.15027894,-74.02560498,36087.0,4237.712138838328,4.8674489352455454,13134,13798,672,0,13126,13793,325695,8,0,0,8,5
2020-07-21,US,New York,Saratoga,646,17,0,43.10904162,-73.86653895,36091.0,281.0369654968394,2.631578947368421,629,639,17,0,622,637,230163,7,0,0,7,2
2020-07-21,US,New York,Schenectady,926,37,0,42.81668777,-74.05278291,36093.0,596.2691324477297,3.9956803455723535,889,915,37,0,878,915,155350,11,0,0,11,0
2020-07-21,US,New York,Schoharie,64,0,0,42.58831742,-74.44339029999998,36095.0,206.45827284751118,0.0,64,62,0,0,62,62,31097,2,0,0,2,0
2020-07-21,US,New York,Schuyler,20,0,0,42.39184015,-76.8773299,36097.0,112.31538159150897,0.0,20,20,0,0,20,16,17912,0,0,0,0,4
2020-07-21,US,New York,Seneca,80,0,0,42.78081007,-76.82497064,36099.0,235.1834430856068,0.0,80,80,0,0,80,80,34300,0,0,0,0,0
2020-07-21,US,New York,St. Lawrence,247,2,0,44.4976179,-75.06550039,36089.0,229.255615370336,0.8097165991902834,245,246,2,0,244,242,108047,1,0,0,1,4
2020-07-21,US,New York,Steuben,283,41,0,42.2689144,-77.3829924,36101.0,296.71101605175136,14.48763250883392,242,282,41,0,241,281,95796,1,0,0,1,1
2020-07-21,US,New York,Suffolk,42575,1995,0,40.88320119,-72.8012172,36103.0,2883.311063719989,4.685848502642397,40580,42496,1994,0,40502,42466,1481093,79,1,0,78,30
2020-07-21,US,New York,Sullivan,1473,48,0,41.71579493,-74.76394559,36105.0,1952.752147629653,3.2586558044806515,1425,1473,48,0,1425,1473,75498,0,0,0,0,0
2020-07-21,US,New York,Tioga,174,24,0,42.16852837,-76.30835812,36107.0,360.97338339937346,13.79310344827586,150,173,24,0,149,170,48560,1,0,0,1,3
2020-07-21,US,New York,Tompkins,209,0,0,42.44945765,-76.47229843,36109.0,204.54100606772363,0.0,209,209,0,0,209,208,102793,0,0,0,0,1
2020-07-21,US,New York,Ulster,1906,88,0,41.89027881,-74.26252104,36111.0,1073.361378137442,4.616998950682056,1818,1901,88,0,1813,1901,178599,5,0,0,5,0
2020-07-21,US,New York,Warren,288,33,0,43.56173026,-73.8433699,36113.0,450.3940948329789,11.458333333333336,255,287,33,0,254,287,64265,1,0,0,1,0
2020-07-21,US,New York,Washington,250,14,0,43.31153794,-73.43043448,36115.0,408.4700346382589,5.6,236,250,14,0,236,250,61197,0,0,0,0,0
2020-07-21,US,New York,Wayne,232,3,0,43.15494365,-77.02976528,36117.0,258.0128561578327,1.293103448275862,229,228,3,0,225,227,90064,4,0,0,4,1
2020-07-21,US,New York,Westchester,35587,1440,0,41.16278376,-73.75741653,36119.0,3678.2200833896636,4.046421446033664,34147,35551,1440,0,34111,35515,967612,36,0,0,36,36
2020-07-21,US,New York,Wyoming,107,5,0,42.70145109,-78.22199579,36121.0,268.44627311272234,4.672897196261682,102,104,5,0,99,104,40085,3,0,0,3,0
2020-07-21,US,New York,Yates,51,7,0,42.63505484,-77.10369919,36123.0,204.71239914903862,13.725490196078429,44,51,7,0,44,51,24841,0,0,0,0,0
2020-07-21,US,North Carolina,Alamance,1772,40,0,36.0434701,-79.39976137,37001.0,1045.3722221238988,2.2573363431151243,1732,1718,40,0,1678,1684,166436,54,0,0,54,34
2020-07-21,US,North Carolina,Alexander,221,2,0,35.922379600000006,-81.17751948,37003.0,589.3804837720352,0.9049773755656108,219,216,1,0,215,213,37353,5,1,0,4,3
2020-07-21,US,North Carolina,Alleghany,54,0,0,36.49360862,-81.12857041,37005.0,484.8702523121128,0.0,54,54,0,0,54,53,11161,0,0,0,0,1
2020-07-21,US,North Carolina,Anson,267,2,0,34.97403241,-80.09953279,37007.0,1092.2032234312362,0.7490636704119851,265,267,2,0,265,260,24877,0,0,0,0,7
2020-07-21,US,North Carolina,Ashe,79,1,0,36.43296207,-81.49862729,37009.0,290.409146050068,1.2658227848101269,78,76,1,0,75,73,27109,3,0,0,3,3
2020-07-21,US,North Carolina,Avery,56,0,0,36.07569796,-81.92308483,37011.0,318.961098137495,0.0,56,56,0,0,56,51,17505,0,0,0,0,5
2020-07-21,US,North Carolina,Beaufort,209,0,0,35.48531943,-76.84325809,37013.0,444.7376260799252,0.0,209,207,0,0,207,197,47079,2,0,0,2,10
2020-07-21,US,North Carolina,Bertie,181,4,0,36.0688473,-76.96545943,37015.0,955.2963529846413,2.209944751381216,177,178,4,0,174,178,19026,3,0,0,3,0
2020-07-21,US,North Carolina,Bladen,493,5,0,34.61296243,-78.56180059,37017.0,1506.631623983864,1.0141987829614605,488,487,5,0,482,485,33190,6,0,0,6,2
2020-07-21,US,North Carolina,Brunswick,987,11,0,34.070565,-78.22814204,37019.0,691.0796807169864,1.1144883485309016,976,947,11,0,936,940,136744,40,0,0,40,7
2020-07-21,US,North Carolina,Buncombe,1223,42,0,35.61113393,-82.53305,37021.0,468.2397172950064,3.434178250204416,1181,1174,42,0,1132,1140,259103,49,0,0,49,34
2020-07-21,US,North Carolina,Burke,1337,22,0,35.74989637,-81.70755735,37023.0,1477.592971210698,1.6454749439042633,1315,1325,22,0,1303,1315,90382,12,0,0,12,10
2020-07-21,US,North Carolina,Cabarrus,1989,35,0,35.3877799,-80.55267168,37025.0,918.9061828664884,1.7596782302664655,1954,1970,34,0,1936,1949,211342,19,1,0,18,21
2020-07-21,US,North Carolina,Caldwell,809,9,0,35.95204977,-81.54799522,37027.0,984.4483925138112,1.112484548825711,800,789,9,0,780,771,82029,20,0,0,20,18
2020-07-21,US,North Carolina,Camden,47,2,0,36.33804939,-76.15568396,37029.0,432.5020704886354,4.25531914893617,45,46,2,0,44,45,10710,1,0,0,1,1
2020-07-21,US,North Carolina,Carteret,188,5,0,34.8932941,-76.54120135,37031.0,270.6087256919954,2.6595744680851063,183,178,5,0,173,176,69524,10,0,0,10,2
2020-07-21,US,North Carolina,Caswell,168,2,0,36.39312665,-79.33353281,37033.0,743.2312864979649,1.1904761904761905,166,168,2,0,166,167,22698,0,0,0,0,1
2020-07-21,US,North Carolina,Catawba,1568,17,0,35.66211129,-81.2132617,37035.0,982.75786425657,1.0841836734693877,1551,1530,16,0,1514,1469,158652,38,1,0,37,61
2020-07-21,US,North Carolina,Chatham,1116,47,0,35.70394416,-79.25541492,37037.0,1498.5900362562106,4.211469534050178,1069,1109,47,0,1062,1106,73139,7,0,0,7,3
2020-07-21,US,North Carolina,Cherokee,155,2,0,35.1349263,-84.05970864,37039.0,541.7307423458689,1.2903225806451613,153,142,2,0,140,119,28383,13,0,0,13,23
2020-07-21,US,North Carolina,Chowan,65,0,0,36.12908077,-76.60118385,37041.0,466.1837481173349,0.0,65,61,0,0,61,51,14029,4,0,0,4,10
2020-07-21,US,North Carolina,Clay,41,0,0,35.05704275,-83.74353633,37043.0,365.0609918974269,0.0,41,39,0,0,39,31,11139,2,0,0,2,8
2020-07-21,US,North Carolina,Cleveland,708,11,0,35.33553364,-81.55204486,37045.0,722.8399032129622,1.5536723163841808,697,690,10,0,680,671,97645,18,1,0,17,19
2020-07-21,US,North Carolina,Columbus,713,40,0,34.26744084,-78.65801424,37047.0,1284.4995315990489,5.6100981767180915,673,713,39,0,674,713,55655,0,1,0,-1,0
2020-07-21,US,North Carolina,Craven,529,8,0,35.11833364,-77.08398081,37049.0,517.9216557828058,1.5122873345935728,521,514,8,0,506,509,102912,15,0,0,15,5
2020-07-21,US,North Carolina,Cumberland,2032,47,0,35.04762133,-78.82623165,37051.0,605.6469424069101,2.3129921259842523,1985,1935,47,0,1888,1917,332330,97,0,0,97,18
2020-07-21,US,North Carolina,Currituck,52,0,0,36.36123664,-75.95876401,37053.0,187.29964341029427,0.0,52,51,0,0,51,48,27072,1,0,0,1,3
2020-07-21,US,North Carolina,Dare,162,1,0,35.66520691,-75.71767334,37055.0,437.7313626415197,0.6172839506172839,161,150,1,0,149,140,36501,12,0,0,12,10
2020-07-21,US,North Carolina,Davidson,1447,16,0,35.79115496,-80.21256572,37057.0,863.318795530073,1.10573600552868,1431,1421,16,0,1405,1414,166614,26,0,0,26,7
2020-07-21,US,North Carolina,Davie,294,4,0,35.93099927,-80.54496571,37059.0,686.1784063856602,1.3605442176870748,290,285,4,0,281,275,42733,9,0,0,9,10
2020-07-21,US,North Carolina,Duplin,1787,35,0,34.93449805,-77.93140529,37061.0,3042.168161931189,1.95858981533296,1752,1768,35,0,1733,1766,58856,19,0,0,19,2
2020-07-21,US,North Carolina,Durham,5169,73,0,36.03638492,-78.87608331,37063.0,1607.8360623102576,1.412265428516154,5096,5110,73,0,5037,5049,316739,59,0,0,59,61
2020-07-21,US,North Carolina,Edgecombe,463,10,0,35.91230639,-77.59436892,37065.0,899.5181846440784,2.159827213822894,453,454,10,0,444,440,52005,9,0,0,9,14
2020-07-21,US,North Carolina,Forsyth,4297,41,0,36.12859861,-80.25459052,37067.0,1124.0010986280229,0.9541540609727716,4256,4220,41,0,4179,4196,379099,77,0,0,77,24
2020-07-21,US,North Carolina,Franklin,611,23,0,36.081519,-78.28708884,37069.0,876.8027552557941,3.7643207855973815,588,598,23,0,575,591,67560,13,0,0,13,7
2020-07-21,US,North Carolina,Gaston,2359,22,0,35.29373559,-81.17477045,37071.0,1050.6437921159404,0.9325985587113184,2337,2320,19,0,2301,2267,222846,39,3,0,36,53
2020-07-21,US,North Carolina,Gates,33,2,0,36.44667547,-76.69749701,37073.0,285.41774779449923,6.0606060606060606,31,32,2,0,30,32,11573,1,0,0,1,0
2020-07-21,US,North Carolina,Graham,12,0,0,35.3506925,-83.83369267,37075.0,142.16325079966828,0.0,12,10,0,0,10,10,8484,2,0,0,2,0
2020-07-21,US,North Carolina,Granville,1038,25,0,36.30337451,-78.65184241,37077.0,1717.3204506725344,2.4084778420038537,1013,1033,25,0,1008,1030,60115,5,0,0,5,3
2020-07-21,US,North Carolina,Greene,260,3,0,35.48544173,-77.67578087,37079.0,1234.0405334852153,1.1538461538461535,257,254,3,0,251,252,21012,6,0,0,6,2
2020-07-21,US,North Carolina,Guilford,4314,134,0,36.07959451,-79.78824948,37081.0,803.0917356387317,3.1061659712563747,4180,4198,132,0,4066,4127,533670,116,2,0,114,71
2020-07-21,US,North Carolina,Halifax,493,5,0,36.25669272,-77.6556109,37083.0,985.8028394321136,1.0141987829614605,488,480,5,0,475,474,50574,13,0,0,13,6
2020-07-21,US,North Carolina,Harnett,902,33,0,35.36731853,-78.87243571,37085.0,663.3523562981702,3.6585365853658534,869,888,32,0,856,880,134214,14,1,0,13,8
2020-07-21,US,North Carolina,Haywood,192,0,0,35.55269063,-82.98196486,37087.0,308.10212301619134,0.0,192,185,0,0,185,171,61971,7,0,0,7,14
2020-07-21,US,North Carolina,Henderson,1137,52,0,35.33788927,-82.4766782,37089.0,968.343595901786,4.5734388742304315,1085,1126,52,0,1074,1098,116748,11,0,0,11,28
2020-07-21,US,North Carolina,Hertford,205,11,0,36.3607755,-76.98104134,37091.0,865.8191493854796,5.365853658536587,194,200,11,0,189,195,23659,5,0,0,5,5
2020-07-21,US,North Carolina,Hoke,555,6,0,35.01888303,-79.23651674,37093.0,1004.8158742803346,1.0810810810810811,549,547,5,0,542,540,54764,8,1,0,7,7
2020-07-21,US,North Carolina,Hyde,34,0,0,35.42017674,-76.15180542,37095.0,688.6773344136116,0.0,34,33,0,0,33,33,5230,1,0,0,1,0
2020-07-21,US,North Carolina,Iredell,1385,11,0,35.80950511,-80.8743128,37097.0,761.8010406697249,0.7942238267148014,1374,1353,11,0,1342,1334,178435,32,0,0,32,19
2020-07-21,US,North Carolina,Jackson,293,3,0,35.28814273,-83.14093385,37099.0,666.8487414083481,1.023890784982935,290,285,3,0,282,279,43327,8,0,0,8,6
2020-07-21,US,North Carolina,Johnston,2437,41,0,35.51745004,-78.36622717,37101.0,1164.1404611658602,1.6823963890028724,2396,2406,38,0,2368,2386,202675,31,3,0,28,20
2020-07-21,US,North Carolina,Jones,43,3,0,35.02254606,-77.35870791,37103.0,456.52404713876206,6.9767441860465125,40,43,3,0,40,43,9637,0,0,0,0,0
2020-07-21,US,North Carolina,Lee,1006,8,0,35.47623147,-79.17569362,37105.0,1628.3850499360626,0.7952286282306164,998,1000,8,0,992,990,61452,6,0,0,6,10
2020-07-21,US,North Carolina,Lenoir,459,11,0,35.24032589999999,-77.64245615,37107.0,820.3899980339238,2.396514161220044,448,453,11,0,442,451,55976,6,0,0,6,2
2020-07-21,US,North Carolina,Lincoln,576,2,0,35.48508185,-81.21740317,37109.0,668.9040889085018,0.3472222222222222,574,562,2,0,560,547,83770,14,0,0,14,15
2020-07-21,US,North Carolina,Macon,401,3,0,35.14867843,-83.41696617,37113.0,1118.2999609571086,0.7481296758104738,398,382,3,0,379,381,35285,19,0,0,19,1
2020-07-21,US,North Carolina,Madison,24,0,0,35.85402722,-82.71346418,37115.0,110.31946678924385,0.0,24,24,0,0,24,22,21763,0,0,0,0,2
2020-07-21,US,North Carolina,Martin,190,6,0,35.84326734,-77.10860251,37117.0,846.7023172905526,3.1578947368421053,184,186,6,0,180,184,22671,4,0,0,4,2
2020-07-21,US,North Carolina,McDowell,411,4,0,35.67736232,-82.0482425,37111.0,898.2428533962759,0.97323600973236,407,389,3,0,386,373,45507,22,1,0,21,16
2020-07-21,US,North Carolina,Mecklenburg,17800,179,0,35.24469268,-80.8317671,37119.0,1603.089459596742,1.0056179775280898,17621,17571,179,0,17392,17379,1093901,229,0,0,229,192
2020-07-21,US,North Carolina,Mitchell,60,1,0,36.01059309,-82.1582442,37121.0,400.962309542903,1.6666666666666667,59,60,1,0,59,60,15000,0,0,0,0,0
2020-07-21,US,North Carolina,Montgomery,472,11,0,35.33155144,-79.90416657,37123.0,1737.0183638170242,2.3305084745762707,461,472,11,0,461,459,27271,0,0,0,0,13
2020-07-21,US,North Carolina,Moore,720,14,0,35.30885257,-79.48474178,37125.0,713.7192704203012,1.9444444444444444,706,716,14,0,702,708,98682,4,0,0,4,8
2020-07-21,US,North Carolina,Nash,776,10,0,35.96575634,-77.98422508,37127.0,822.9230736600987,1.2886597938144329,766,760,10,0,750,755,94016,16,0,0,16,5
2020-07-21,US,North Carolina,New Hanover,1889,14,0,34.25758282,-77.87075626,37129.0,805.6364698707314,0.741132874536792,1875,1835,12,0,1823,1779,232274,54,2,0,52,56
2020-07-21,US,North Carolina,Northampton,272,16,0,36.41736238,-77.39769443,37131.0,1396.0888980136526,5.882352941176472,256,251,16,0,235,233,19676,21,0,0,21,18
2020-07-21,US,North Carolina,Onslow,628,8,0,34.72607366,-77.42908179,37133.0,317.271064676818,1.2738853503184713,620,585,7,0,578,558,197683,43,1,0,42,27
2020-07-21,US,North Carolina,Orange,1112,45,0,36.06092947,-79.12167935,37135.0,748.9425900482232,4.046762589928059,1067,1112,45,0,1067,1102,146027,0,0,0,0,10
2020-07-21,US,North Carolina,Pamlico,47,1,0,35.15253315,-76.66559823,37137.0,369.3226465503693,2.127659574468085,46,44,1,0,43,43,12670,3,0,0,3,1
2020-07-21,US,North Carolina,Pasquotank,271,17,0,36.26723798,-76.25134778,37139.0,680.4941743672157,6.2730627306273075,254,267,17,0,250,267,39639,4,0,0,4,0
2020-07-21,US,North Carolina,Pender,501,2,0,34.52265624,-77.90352133,37141.0,794.4814462416748,0.3992015968063872,499,484,2,0,482,473,62162,17,0,0,17,11
2020-07-21,US,North Carolina,Perquimans,48,2,0,36.17847453,-76.40603143,37143.0,356.5327193047612,4.166666666666667,46,45,2,0,43,44,13422,3,0,0,3,1
2020-07-21,US,North Carolina,Person,151,1,0,36.38989032,-78.97217358,37145.0,382.3752848822488,0.6622516556291391,150,144,1,0,143,143,39507,7,0,0,7,1
2020-07-21,US,North Carolina,Pitt,1239,10,0,35.59535426,-77.37353178,37147.0,685.5075190049905,0.8071025020177562,1229,1215,10,0,1205,1173,179914,24,0,0,24,42
2020-07-21,US,North Carolina,Polk,117,5,0,35.27820615,-82.16812354,37149.0,564.5628257093225,4.2735042735042725,112,114,5,0,109,114,20611,3,0,0,3,0
2020-07-21,US,North Carolina,Randolph,1768,34,0,35.71015088,-79.80570339,37151.0,1230.6235948408473,1.9230769230769231,1734,1747,34,0,1713,1719,143351,21,0,0,21,28
2020-07-21,US,North Carolina,Richmond,406,8,0,35.00417719,-79.74491009,37153.0,905.6637444511363,1.9704433497536944,398,403,7,0,396,400,44887,3,1,0,2,3
2020-07-21,US,North Carolina,Robeson,1994,49,0,34.64244496,-79.10250529999998,37155.0,1526.5071770334928,2.4573721163490467,1945,1957,46,0,1911,1942,131831,37,3,0,34,15
2020-07-21,US,North Carolina,Rockingham,363,4,0,36.39593137,-79.77504841,37157.0,398.8572684320404,1.1019283746556474,359,359,4,0,355,356,90690,4,0,0,4,3
2020-07-21,US,North Carolina,Rowan,1744,45,0,35.64003916,-80.52446628,37159.0,1227.4083666460222,2.5802752293577984,1699,1712,45,0,1667,1700,141262,32,0,0,32,12
2020-07-21,US,North Carolina,Rutherford,473,11,0,35.40114178,-81.92112099,37161.0,705.6647122887108,2.3255813953488373,462,464,11,0,453,459,66826,9,0,0,9,5
2020-07-21,US,North Carolina,Sampson,1328,8,0,34.98820368,-78.36914061,37163.0,2090.3181124175603,0.6024096385542169,1320,1305,8,0,1297,1303,63626,23,0,0,23,2
2020-07-21,US,North Carolina,Scotland,200,2,0,34.8386299,-79.4757978,37165.0,574.3330557390229,1.0,198,194,2,0,192,188,34810,6,0,0,6,6
2020-07-21,US,North Carolina,Stanly,685,6,0,35.31647813,-80.25093221,37167.0,1090.6601280132472,0.8759124087591241,679,662,6,0,656,657,62075,23,0,0,23,5
2020-07-21,US,North Carolina,Stokes,200,1,0,36.4017975,-80.23893369,37169.0,438.68307341361236,0.5,199,199,1,0,198,198,45467,1,0,0,1,1
2020-07-21,US,North Carolina,Surry,688,4,0,36.41689489,-80.69102283,37171.0,958.4441998801944,0.5813953488372093,684,675,4,0,671,671,71948,13,0,0,13,4
2020-07-21,US,North Carolina,Swain,84,2,0,35.48665845,-83.48748932,37173.0,588.606264452386,2.380952380952381,82,80,2,0,78,80,14245,4,0,0,4,0
2020-07-21,US,North Carolina,Transylvania,98,1,0,35.20383864,-82.79638423,37175.0,285.00799767340413,1.020408163265306,97,90,1,0,89,84,34215,8,0,0,8,6
2020-07-21,US,North Carolina,Tyrrell,78,1,0,35.87147226,-76.17055253,37177.0,1942.231075697211,1.2820512820512822,77,66,1,0,65,65,4131,12,0,0,12,1
2020-07-21,US,North Carolina,Union,2251,32,0,34.98960527,-80.52955873,37179.0,938.4680166264347,1.4215904042647711,2219,2215,32,0,2183,2190,235908,36,0,0,36,25
2020-07-21,US,North Carolina,Vance,638,40,0,36.36880673,-78.40670845,37181.0,1432.5811159761984,6.269592476489028,598,637,40,0,597,623,44582,1,0,0,1,14
2020-07-21,US,North Carolina,Wake,9093,93,0,35.78879266,-78.65249174,37183.0,817.8916151942727,1.022764764104256,9000,8897,89,0,8808,8768,1092305,196,4,0,192,129
2020-07-21,US,North Carolina,Warren,208,6,0,36.39728256,-78.10652228,37185.0,1054.1787035629213,2.8846153846153846,202,208,6,0,202,207,19807,0,0,0,0,1
2020-07-21,US,North Carolina,Washington,80,3,0,35.83810081,-76.57299037,37187.0,690.846286701209,3.75,77,75,3,0,72,67,11859,5,0,0,5,8
2020-07-21,US,North Carolina,Watauga,193,0,0,36.23103603,-81.70033724,37189.0,343.5569717144026,0.0,193,180,0,0,180,176,55945,13,0,0,13,4
2020-07-21,US,North Carolina,Wayne,2152,35,0,35.36438125,-78.00027268,37191.0,1747.7320902128629,1.6263940520446096,2117,2103,34,0,2069,2100,123248,49,1,0,48,3
2020-07-21,US,North Carolina,Wilkes,665,7,0,36.2084135,-81.16232895,37193.0,972.0516868385664,1.0526315789473684,658,663,7,0,656,657,68557,2,0,0,2,6
2020-07-21,US,North Carolina,Wilson,1174,29,0,35.70625477,-77.917978,37195.0,1435.190278847447,2.4701873935264054,1145,1136,29,0,1107,1128,81455,38,0,0,38,8
2020-07-21,US,North Carolina,Yadkin,415,6,0,36.16222629,-80.66239436,37197.0,1101.7601614145008,1.4457831325301205,409,407,6,0,401,407,37543,8,0,0,8,0
2020-07-21,US,North Carolina,Yancey,87,0,0,35.90079156,-82.31237181,37199.0,481.48763074879633,0.0,87,87,0,0,87,67,17903,0,0,0,0,20
2020-07-21,US,North Dakota,Barnes,27,0,0,46.93579637,-98.06605978,38003.0,259.24147863658186,0.0,27,26,0,0,26,26,10542,1,0,0,1,0
2020-07-21,US,North Dakota,Benson,27,1,0,48.0683985,-99.35916363,38005.0,395.1990632318501,3.703703703703704,26,23,1,0,22,23,6962,4,0,0,4,0
2020-07-21,US,North Dakota,Billings,1,0,0,47.02366884,-103.3762965,38007.0,107.75862068965515,0.0,1,1,0,0,1,1,919,0,0,0,0,0
2020-07-21,US,North Dakota,Bottineau,7,0,0,48.79106111,-100.8378166,38009.0,111.42948105698822,0.0,7,7,0,0,7,7,6411,0,0,0,0,0
2020-07-21,US,North Dakota,Bowman,1,0,0,46.11285362,-103.5203343,38011.0,33.06878306878307,0.0,1,1,0,0,1,1,3076,0,0,0,0,0
2020-07-21,US,North Dakota,Burke,8,0,0,48.79094471,-102.51821170000001,38013.0,378.25059101654847,0.0,8,8,0,0,8,8,2100,0,0,0,0,0
2020-07-21,US,North Dakota,Burleigh,595,1,0,46.97847375,-100.46452140000001,38015.0,622.2157153912116,0.16806722689075632,594,580,1,0,579,564,95273,15,0,0,15,16
2020-07-21,US,North Dakota,Cass,2673,74,0,46.93201724,-97.24447190000001,38017.0,1469.3029468511404,2.7684249906472127,2599,2663,73,0,2590,2639,181516,10,1,0,9,24
2020-07-21,US,North Dakota,Cavalier,24,0,0,48.77286211,-98.46685243,38019.0,637.9585326953749,0.0,24,25,0,0,25,25,3829,-1,0,0,-1,0
2020-07-21,US,North Dakota,Dickey,8,0,0,46.11017712,-98.50490079999999,38021.0,164.20361247947451,0.0,8,8,0,0,8,8,4903,0,0,0,0,0
2020-07-21,US,North Dakota,Divide,1,0,0,48.814938700000006,-103.48736109999999,38023.0,44.16961130742049,0.0,1,1,0,0,1,1,2283,0,0,0,0,0
2020-07-21,US,North Dakota,Dunn,27,0,0,47.35423935,-102.61604679999999,38025.0,610.3074141048825,0.0,27,27,0,0,27,27,4332,0,0,0,0,0
2020-07-21,US,North Dakota,Eddy,5,0,0,47.71701474,-98.90432337,38027.0,218.62702229995628,0.0,5,5,0,0,5,5,2313,0,0,0,0,0
2020-07-21,US,North Dakota,Emmons,9,1,0,46.28398398,-100.2389766,38029.0,277.6920703486578,11.111111111111109,8,9,1,0,8,8,3295,0,0,0,0,1
2020-07-21,US,North Dakota,Foster,3,0,0,47.457108399999996,-98.88279923,38031.0,93.45794392523364,0.0,3,3,0,0,3,3,3216,0,0,0,0,0
2020-07-21,US,North Dakota,Golden Valley,2,0,0,46.94022281,-103.8465421,38033.0,113.57183418512207,0.0,2,2,0,0,2,2,1769,0,0,0,0,0
2020-07-21,US,North Dakota,Grand Forks,549,4,0,47.92093639,-97.45450447,38035.0,790.4853781802997,0.7285974499089253,545,533,4,0,529,509,70770,16,0,0,16,24
2020-07-21,US,North Dakota,Grant,4,0,0,46.35821257,-101.63900129999999,38037.0,175.9014951627089,0.0,4,4,0,0,4,4,2374,0,0,0,0,0
2020-07-21,US,North Dakota,Griggs,4,0,0,47.45785838,-98.23850925,38039.0,179.2917974002689,0.0,4,3,0,0,3,3,2232,1,0,0,1,0
2020-07-21,US,North Dakota,Hettinger,6,0,0,46.43375068,-102.4632417,38041.0,240.09603841536614,0.0,6,6,0,0,6,6,2514,0,0,0,0,0
2020-07-21,US,North Dakota,Kidder,4,0,0,46.97830064,-99.77507857,38043.0,161.29032258064515,0.0,4,4,0,0,4,4,2450,0,0,0,0,0
2020-07-21,US,North Dakota,LaMoure,14,0,0,46.45681054,-98.53542355,38045.0,346.02076124567475,0.0,14,14,0,0,14,14,4062,0,0,0,0,0
2020-07-21,US,North Dakota,Logan,1,0,0,46.45729487,-99.47719806,38047.0,54.05405405405406,0.0,1,1,0,0,1,1,1903,0,0,0,0,0
2020-07-21,US,North Dakota,McHenry,11,1,0,48.23104458,-100.6324822,38049.0,191.4708442123585,9.090909090909092,10,11,1,0,10,11,5816,0,0,0,0,0
2020-07-21,US,North Dakota,McIntosh,11,0,0,46.11182017,-99.44145858,38051.0,440.5286343612335,0.0,11,10,0,0,10,9,2585,1,0,0,1,1
2020-07-21,US,North Dakota,McKenzie,56,0,0,47.74133370000001,-103.395905,38053.0,372.7369542066028,0.0,56,52,0,0,52,52,13632,4,0,0,4,0
2020-07-21,US,North Dakota,McLean,14,0,0,47.60766714,-101.3182418,38055.0,148.14814814814815,0.0,14,14,0,0,14,14,9541,0,0,0,0,0
2020-07-21,US,North Dakota,Mercer,13,0,0,47.31213126,-101.8318399,38057.0,158.7883229510199,0.0,13,12,0,0,12,12,8267,1,0,0,1,0
2020-07-21,US,North Dakota,Morton,175,3,0,46.71681782,-101.2822377,38059.0,557.9645453386048,1.7142857142857142,172,172,3,0,169,168,31095,3,0,0,3,4
2020-07-21,US,North Dakota,Mountrail,93,1,0,48.20197971,-102.3555315,38061.0,881.9345661450925,1.075268817204301,92,91,1,0,90,90,10218,2,0,0,2,1
2020-07-21,US,North Dakota,Nelson,3,0,0,47.9226426,-98.19038437,38063.0,104.20284821118445,0.0,3,3,0,0,3,3,2869,0,0,0,0,0
2020-07-21,US,North Dakota,Oliver,3,0,0,47.11530482,-101.3406158,38065.0,153.13935681470142,0.0,3,3,0,0,3,3,1952,0,0,0,0,0
2020-07-21,US,North Dakota,Pembina,21,0,0,48.76623521,-97.5523809,38067.0,308.77812086457874,0.0,21,20,0,0,20,20,6947,1,0,0,1,0
2020-07-21,US,North Dakota,Pierce,8,0,0,48.24977025,-99.96407787,38069.0,201.2578616352201,0.0,8,8,0,0,8,8,4081,0,0,0,0,0
2020-07-21,US,North Dakota,Ramsey,26,1,0,48.26886249,-98.72223879,38071.0,225.71403767688167,3.8461538461538463,25,25,1,0,24,25,11481,1,0,0,1,0
2020-07-21,US,North Dakota,Ransom,23,0,0,46.45621782,-97.65742504,38073.0,440.78190877730935,0.0,23,23,0,0,23,23,5237,0,0,0,0,0
2020-07-21,US,North Dakota,Renville,8,0,0,48.71982533,-101.6603912,38075.0,343.79028792436617,0.0,8,8,0,0,8,8,2374,0,0,0,0,0
2020-07-21,US,North Dakota,Richland,53,0,0,46.26440649,-96.94852979,38077.0,327.62564134264704,0.0,53,52,0,0,52,51,16239,1,0,0,1,1
2020-07-21,US,North Dakota,Rolette,13,0,0,48.77245354,-99.84097493,38079.0,91.70428893905192,0.0,13,13,0,0,13,13,14301,0,0,0,0,0
2020-07-21,US,North Dakota,Sargent,8,0,0,46.10830372,-97.63217159,38081.0,205.2334530528476,0.0,8,8,0,0,8,8,3870,0,0,0,0,0
2020-07-21,US,North Dakota,Sheridan,4,0,0,47.57700669,-100.3426391,38083.0,304.18250950570336,0.0,4,4,0,0,4,4,1349,0,0,0,0,0
2020-07-21,US,North Dakota,Sioux,46,0,0,46.11323337,-101.04401490000001,38085.0,1087.4704491725768,0.0,46,46,0,0,46,46,4358,0,0,0,0,0
2020-07-21,US,North Dakota,Slope,3,0,0,46.44737738,-103.4601547,38087.0,400.0,0.0,3,3,0,0,3,3,763,0,0,0,0,0
2020-07-21,US,North Dakota,Stark,122,3,0,46.80851182,-102.65763259999999,38089.0,387.43688272095017,2.459016393442623,119,121,3,0,118,120,30997,1,0,0,1,1
2020-07-21,US,North Dakota,Steele,6,0,0,47.45611548,-97.72728747,38091.0,317.46031746031747,0.0,6,6,0,0,6,6,1903,0,0,0,0,0
2020-07-21,US,North Dakota,Stutsman,76,2,0,46.97962541,-98.95637318,38093.0,367.0788253477589,2.631578947368421,74,75,2,0,73,74,20917,1,0,0,1,1
2020-07-21,US,North Dakota,Towner,4,0,0,48.68565745,-99.24564265,38095.0,182.7318410232983,0.0,4,4,0,0,4,4,2192,0,0,0,0,0
2020-07-21,US,North Dakota,Traill,33,0,0,47.45367788,-97.16323288,38097.0,410.6520657043306,0.0,33,31,0,0,31,30,8037,2,0,0,2,1
2020-07-21,US,North Dakota,Walsh,83,0,0,48.36876964,-97.72574783,38099.0,780.0018795226014,0.0,83,79,0,0,79,77,10667,4,0,0,4,2
2020-07-21,US,North Dakota,Ward,114,1,0,48.22390169,-101.54367629999999,38101.0,168.53683416862557,0.8771929824561403,113,110,1,0,109,102,67744,4,0,0,4,8
2020-07-21,US,North Dakota,Wells,11,0,0,47.58614526,-99.65904998,38103.0,286.906624934794,0.0,11,11,0,0,11,11,3957,0,0,0,0,0
2020-07-21,US,North Dakota,Williams,166,1,0,48.34522353,-103.4793387,38105.0,441.6185586208731,0.6024096385542169,165,157,1,0,156,135,35350,9,0,0,9,22
2020-07-21,US,Ohio,Adams,37,2,0,38.84541072,-83.4718964,39001.0,133.58365224925987,5.405405405405406,35,35,2,0,33,34,27724,2,0,0,2,1
2020-07-21,US,Ohio,Allen,479,41,0,40.77285242,-84.10802343,39003.0,467.9973815595353,8.559498956158665,438,471,41,0,430,451,102663,8,0,0,8,20
2020-07-21,US,Ohio,Ashland,103,4,0,40.84772277,-82.27280781,39005.0,192.58095879141425,3.8834951456310685,99,102,4,0,98,101,53745,1,0,0,1,1
2020-07-21,US,Ohio,Ashtabula,480,44,0,41.70860332,-80.74830218,39007.0,493.61894674057237,9.166666666666666,436,478,44,0,434,473,97493,2,0,0,2,5
2020-07-21,US,Ohio,Athens,284,1,0,39.33425634,-82.04278644,39009.0,434.7360203285013,0.35211267605633795,283,274,1,0,273,268,65818,10,0,0,10,6
2020-07-21,US,Ohio,Auglaize,138,5,0,40.55998859,-84.22421429999999,39011.0,302.26038198703344,3.6231884057971016,133,135,5,0,130,126,45804,3,0,0,3,9
2020-07-21,US,Ohio,Belmont,577,25,0,40.01625942,-80.9924051,39013.0,861.116914903143,4.332755632582321,552,575,25,0,550,575,67505,2,0,0,2,0
2020-07-21,US,Ohio,Brown,73,1,0,38.93416837,-83.86788395,39015.0,168.07883588137778,1.3698630136986298,72,68,1,0,67,68,43602,5,0,0,5,0
2020-07-21,US,Ohio,Butler,2182,51,0,39.44012838,-84.57388716,39017.0,569.5135383442869,2.3373052245646195,2131,2143,51,0,2092,2114,382378,39,0,0,39,29
2020-07-21,US,Ohio,Carroll,88,4,0,40.5789686,-81.09178213,39019.0,326.9673775730103,4.545454545454546,84,86,4,0,82,86,27081,2,0,0,2,0
2020-07-21,US,Ohio,Champaign,71,1,0,40.13923427,-83.76875242,39021.0,182.58968754018258,1.4084507042253518,70,69,1,0,68,68,38754,2,0,0,2,1
2020-07-21,US,Ohio,Clark,924,11,0,39.91592258,-83.78498252,39023.0,689.1253924807768,1.1904761904761905,913,907,11,0,896,895,134585,17,0,0,17,12
2020-07-21,US,Ohio,Clermont,643,9,0,39.04847534,-84.15375786,39025.0,311.4887515259557,1.3996889580093312,634,630,9,0,621,618,205466,13,0,0,13,12
2020-07-21,US,Ohio,Clinton,111,3,0,39.41485808,-83.80852286,39027.0,264.4872283644682,2.702702702702702,108,106,2,0,104,105,42057,5,1,0,4,1
2020-07-21,US,Ohio,Columbiana,1469,62,0,40.76932373,-80.78094576,39029.0,1441.8499651561106,4.220558202859088,1407,1467,62,0,1405,1458,102665,2,0,0,2,9
2020-07-21,US,Ohio,Coshocton,166,4,0,40.30096166,-81.91729018,39031.0,453.55191256830597,2.409638554216868,162,165,4,0,161,164,36629,1,0,0,1,1
2020-07-21,US,Ohio,Crawford,152,5,0,40.85065156,-82.91989099,39033.0,366.3180218826818,3.2894736842105265,147,152,5,0,147,153,41550,0,0,0,0,-1
2020-07-21,US,Ohio,Cuyahoga,10828,431,0,41.424119,-81.65918339,39035.0,876.7100217639132,3.9804211304026604,10397,10713,424,0,10289,10553,1243857,115,7,0,108,160
2020-07-21,US,Ohio,Darke,266,26,0,40.13412966,-84.6194517,39037.0,520.4155498601139,9.774436090225564,240,266,26,0,240,265,51323,0,0,0,0,1
2020-07-21,US,Ohio,Defiance,80,4,0,41.32398837,-84.49076944,39039.0,210.04542232257725,5.0,76,77,3,0,74,75,38165,3,1,0,2,2
2020-07-21,US,Ohio,Delaware,959,15,0,40.27942393,-83.00457058,39041.0,458.4634065886786,1.5641293013555788,944,940,15,0,925,916,204826,19,0,0,19,24
2020-07-21,US,Ohio,Erie,380,22,0,41.36796058,-82.62904521,39043.0,511.6742520130342,5.789473684210527,358,377,22,0,355,363,74615,3,0,0,3,14
2020-07-21,US,Ohio,Fairfield,934,18,0,39.75107189,-82.63088163,39045.0,592.7373805323214,1.9271948608137044,916,916,18,0,898,897,155782,18,0,0,18,19
2020-07-21,US,Ohio,Fayette,64,0,0,39.56021306,-83.4562016,39047.0,224.364592462752,0.0,64,61,0,0,61,59,28666,3,0,0,3,2
2020-07-21,US,Ohio,Franklin,14432,475,0,39.96995815,-83.01115755,39049.0,1096.0269024785157,3.29129711751663,13957,14246,468,0,13778,14001,1310300,186,7,0,179,245
2020-07-21,US,Ohio,Fulton,96,0,0,41.60213491,-84.12571393,39051.0,227.88776527560177,0.0,96,91,0,0,91,86,42276,5,0,0,5,5
2020-07-21,US,Ohio,Gallia,33,1,0,38.82708533,-82.31647569,39053.0,110.37527593818984,3.0303030303030303,32,30,1,0,29,29,29979,3,0,0,3,1
2020-07-21,US,Ohio,Geauga,468,43,0,41.49952319,-81.17935342,39055.0,499.7383848199127,9.188034188034187,425,466,43,0,423,465,94031,2,0,0,2,1
2020-07-21,US,Ohio,Greene,485,10,0,39.69116283,-83.89032084,39057.0,287.089269964543,2.061855670103093,475,472,10,0,462,461,167995,13,0,0,13,11
2020-07-21,US,Ohio,Guernsey,89,6,0,40.05026529,-81.49248905,39059.0,228.93890675241158,6.741573033707866,83,89,6,0,83,89,39022,0,0,0,0,0
2020-07-21,US,Ohio,Hamilton,8020,219,0,39.19673558,-84.54502924,39061.0,981.0721577348731,2.7306733167082293,7801,7923,219,0,7704,7828,816684,97,0,0,97,95
2020-07-21,US,Ohio,Hancock,140,2,0,41.00250487,-83.66838948,39063.0,184.7380019265534,1.4285714285714286,138,133,2,0,131,116,75930,7,0,0,7,17
2020-07-21,US,Ohio,Hardin,140,12,0,40.66015414,-83.65929931,39065.0,446.357404750518,8.571428571428571,128,137,12,0,125,136,31480,3,0,0,3,1
2020-07-21,US,Ohio,Harrison,14,1,0,40.29380509,-81.09068544,39067.0,93.08510638297872,7.142857142857142,13,16,1,0,15,16,15174,-2,0,0,-2,0
2020-07-21,US,Ohio,Henry,73,0,0,41.3339642,-84.06830637,39069.0,270.3103014145005,0.0,73,66,0,0,66,59,27086,7,0,0,7,7
2020-07-21,US,Ohio,Highland,77,1,0,39.1839264,-83.60331456,39071.0,178.401797919418,1.2987012987012987,76,74,1,0,73,69,43058,3,0,0,3,5
2020-07-21,US,Ohio,Hocking,95,9,0,39.49537927,-82.47991446,39073.0,336.1166147749788,9.473684210526317,86,94,9,0,85,92,28385,1,0,0,1,2
2020-07-21,US,Ohio,Holmes,297,5,0,40.56163713,-81.92635677,39075.0,675.614194722475,1.6835016835016836,292,297,5,0,292,293,43892,0,0,0,0,4
2020-07-21,US,Ohio,Huron,309,3,0,41.14651175,-82.59867951,39077.0,530.3264339408918,0.9708737864077671,306,303,3,0,300,290,58504,6,0,0,6,13
2020-07-21,US,Ohio,Jackson,44,0,0,39.01914254,-82.61818559999998,39079.0,135.7480023447382,0.0,44,41,0,0,41,39,32384,3,0,0,3,2
2020-07-21,US,Ohio,Jefferson,162,2,0,40.38614126,-80.76259514,39081.0,247.99081515499427,1.2345679012345678,160,159,2,0,157,153,65767,3,0,0,3,6
2020-07-21,US,Ohio,Knox,89,2,0,40.39830217,-82.42027563,39083.0,142.80671352010523,2.247191011235955,87,80,2,0,78,74,61893,9,0,0,9,6
2020-07-21,US,Ohio,Lake,823,25,0,41.69710807,-81.23676539,39085.0,357.5944279575406,3.0376670716889427,798,812,24,0,788,789,230514,11,1,0,10,23
2020-07-21,US,Ohio,Lawrence,152,0,0,38.59743452,-82.53466552,39087.0,255.6211425592385,0.0,152,146,0,0,146,138,59866,6,0,0,6,8
2020-07-21,US,Ohio,Licking,766,16,0,40.09136236,-82.48185785,39089.0,433.1060374755458,2.0887728459530033,750,733,15,0,718,705,175769,33,1,0,32,28
2020-07-21,US,Ohio,Logan,89,1,0,40.38996525,-83.76784341,39091.0,194.8677526712209,1.1235955056179776,88,88,1,0,87,82,45358,1,0,0,1,6
2020-07-21,US,Ohio,Lorain,1351,75,0,41.29553751,-82.15083537,39093.0,436.04135130860817,5.5514433752775725,1276,1344,73,0,1271,1322,309461,7,2,0,5,22
2020-07-21,US,Ohio,Lucas,3629,307,0,41.62101218,-83.65468618,39095.0,847.2083446169937,8.459630752273354,3322,3567,307,0,3260,3486,429899,62,0,0,62,81
2020-07-21,US,Ohio,Madison,257,9,0,39.89381073,-83.40178317,39097.0,574.5456171335318,3.5019455252918283,248,253,9,0,244,245,44413,4,0,0,4,8
2020-07-21,US,Ohio,Mahoning,2148,247,0,41.01631101,-80.77287029,39099.0,939.2915083324953,11.499068901303536,1901,2119,243,0,1876,2089,229642,29,4,0,25,30
2020-07-21,US,Ohio,Marion,2794,40,0,40.58610662,-83.15736305,39101.0,4292.320218763923,1.4316392269148177,2754,2780,39,0,2741,2777,65256,14,1,0,13,3
2020-07-21,US,Ohio,Medina,698,32,0,41.11770589,-81.89986209999998,39103.0,388.32574855629616,4.584527220630372,666,691,32,0,659,681,179146,7,0,0,7,10
2020-07-21,US,Ohio,Meigs,21,0,0,39.09224872,-82.0305041,39105.0,91.67503383245294,0.0,21,20,0,0,20,19,23106,1,0,0,1,1
2020-07-21,US,Ohio,Mercer,368,11,0,40.54043046,-84.62912742,39107.0,893.8113280870494,2.989130434782609,357,352,11,0,341,345,40959,16,0,0,16,7
2020-07-21,US,Ohio,Miami,588,32,0,40.0543329,-84.22871271,39109.0,549.5994840494641,5.442176870748299,556,576,31,0,545,574,106222,12,1,0,11,2
2020-07-21,US,Ohio,Monroe,89,17,0,39.72984936,-81.08464734,39111.0,651.8236414237588,19.101123595505623,72,89,17,0,72,89,13790,0,0,0,0,0
2020-07-21,US,Ohio,Montgomery,3083,49,0,39.75394919,-84.29050975,39113.0,579.8524319759557,1.5893610120012975,3034,3018,46,0,2972,2987,532331,65,3,0,62,31
2020-07-21,US,Ohio,Morgan,15,0,0,39.62081738,-81.85308173,39115.0,103.39123242349052,0.0,15,14,0,0,14,14,14604,1,0,0,1,0
2020-07-21,US,Ohio,Morrow,136,1,0,40.52363560000001,-82.7892599,39117.0,384.963768115942,0.7352941176470589,135,136,1,0,135,133,35112,0,0,0,0,3
2020-07-21,US,Ohio,Muskingum,120,1,0,39.96575964,-81.94363275,39119.0,139.1869164298556,0.8333333333333334,119,119,1,0,118,119,86183,1,0,0,1,0
2020-07-21,US,Ohio,Noble,16,0,0,39.76818851,-81.45937183,39121.0,110.92623405435387,0.0,16,16,0,0,16,16,14354,0,0,0,0,0
2020-07-21,US,Ohio,Ottawa,271,24,0,41.53781826,-83.0940185,39123.0,668.7230104873535,8.85608856088561,247,267,24,0,243,264,40769,4,0,0,4,3
2020-07-21,US,Ohio,Paulding,45,0,0,41.11676341,-84.5801017,39125.0,241.0025706940874,0.0,45,43,1,0,42,41,18760,2,-1,0,3,2
2020-07-21,US,Ohio,Perry,62,1,0,39.73508655,-82.23804971,39127.0,171.5835501190015,1.6129032258064515,61,62,1,0,61,59,36033,0,0,0,0,3
2020-07-21,US,Ohio,Pickaway,2283,42,0,39.64170392,-83.0243386,39129.0,3905.434764014575,1.8396846254927728,2241,2275,42,0,2233,2268,58086,8,0,0,8,7
2020-07-21,US,Ohio,Pike,40,0,0,39.07634001,-83.06769584,39131.0,144.02995823131212,0.0,40,40,0,0,40,37,28067,0,0,0,0,3
2020-07-21,US,Ohio,Portage,577,59,0,41.16793482,-81.19735782,39133.0,355.1512316423128,10.225303292894283,518,574,59,0,515,561,162927,3,0,0,3,13
2020-07-21,US,Ohio,Preble,110,1,0,39.7420247,-84.64787018,39135.0,269.06707108262805,0.9090909090909092,109,108,1,0,107,107,40997,2,0,0,2,1
2020-07-21,US,Ohio,Putnam,163,16,0,41.02094889,-84.1336111,39137.0,481.3797584241458,9.8159509202454,147,161,16,0,145,161,33780,2,0,0,2,0
2020-07-21,US,Ohio,Richland,450,8,0,40.77180308,-82.53799609999999,39139.0,371.4280997738416,1.7777777777777777,442,441,8,0,433,428,121099,9,0,0,9,13
2020-07-21,US,Ohio,Ross,201,5,0,39.33705391,-83.06000914,39141.0,262.17619283645945,2.487562189054726,196,194,4,0,190,182,76931,7,1,0,6,12
2020-07-21,US,Ohio,Sandusky,234,15,0,41.35624126,-83.137872,39143.0,399.8769609350969,6.410256410256411,219,230,15,0,215,221,58799,4,0,0,4,9
2020-07-21,US,Ohio,Scioto,106,0,0,38.80270163,-82.98907345,39145.0,140.74408476511672,0.0,106,104,0,0,104,100,75502,2,0,0,2,4
2020-07-21,US,Ohio,Seneca,81,2,0,41.12351311,-83.12783209,39147.0,146.79763673928014,2.469135802469136,79,69,2,0,67,66,55207,12,0,0,12,3
2020-07-21,US,Ohio,Shelby,91,4,0,40.33163494,-84.20258189,39149.0,187.28133360773828,4.395604395604397,87,84,4,0,80,82,48627,7,0,0,7,2
2020-07-21,US,Ohio,Stark,1391,121,0,40.81482476,-81.36437305,39151.0,375.33121428147416,8.698777857656362,1270,1379,120,0,1259,1358,371574,12,1,0,11,21
2020-07-21,US,Ohio,Summit,2667,211,0,41.12464734,-81.53123079,39153.0,492.9641247068,7.911511061117361,2456,2638,211,0,2427,2597,541918,29,0,0,29,41
2020-07-21,US,Ohio,Trumbull,1179,84,0,41.31735028,-80.76109643,39155.0,595.5327467243172,7.124681933842238,1095,1171,84,0,1087,1159,198627,8,0,0,8,12
2020-07-21,US,Ohio,Tuscarawas,691,11,0,40.44214695,-81.47226262,39157.0,751.1931033733027,1.5918958031837915,680,685,11,0,674,682,92176,6,0,0,6,3
2020-07-21,US,Ohio,Union,152,1,0,40.30016061,-83.37239023,39159.0,257.67952803960134,0.6578947368421053,151,150,1,0,149,142,57835,2,0,0,2,8
2020-07-21,US,Ohio,Van Wert,56,1,0,40.8554138,-84.59111700000003,39161.0,198.05481874447392,1.7857142857142858,55,56,1,0,55,53,28281,0,0,0,0,3
2020-07-21,US,Ohio,Vinton,25,2,0,39.25208988,-82.4831444,39163.0,191.05846388995042,8.0,23,25,2,0,23,25,13139,0,0,0,0,0
2020-07-21,US,Ohio,Warren,1272,28,0,39.42581994,-84.16557457,39165.0,542.1948661989242,2.2012578616352205,1244,1256,28,0,1228,1228,232173,16,0,0,16,28
2020-07-21,US,Ohio,Washington,168,21,0,39.45690571,-81.49121382,39167.0,280.4159503263174,12.5,147,166,21,0,145,165,60155,2,0,0,2,1
2020-07-21,US,Ohio,Wayne,412,57,0,40.82925852,-81.88844833,39169.0,356.06257021865014,13.83495145631068,355,405,57,0,348,400,115967,7,0,0,7,5
2020-07-21,US,Ohio,Williams,95,3,0,41.56052014,-84.58429552,39171.0,258.912024419492,3.1578947368421053,92,94,3,0,91,90,36804,1,0,0,1,4
2020-07-21,US,Ohio,Wood,626,54,0,41.36224827,-83.62285108,39173.0,478.5310777651223,8.626198083067093,572,616,54,0,562,593,130696,10,0,0,10,23
2020-07-21,US,Ohio,Wyandot,73,5,0,40.84339621,-83.30734173,39175.0,335.2930369281646,6.849315068493151,68,72,5,0,67,72,21935,1,0,0,1,0
2020-07-21,US,Oklahoma,Adair,196,4,0,35.88494195,-94.65859267,40001.0,883.1215643867713,2.0408163265306123,192,172,4,0,168,170,22082,24,0,0,24,2
2020-07-21,US,Oklahoma,Alfalfa,1,0,0,36.73090616,-98.32408495,40003.0,17.5377060680463,0.0,1,1,0,0,1,1,5754,0,0,0,0,0
2020-07-21,US,Oklahoma,Atoka,47,0,0,34.37366573,-96.03802487,40005.0,341.6194214275331,0.0,47,47,0,0,47,45,13838,0,0,0,0,2
2020-07-21,US,Oklahoma,Beaver,33,0,0,36.7496847,-100.4758872,40007.0,621.3519111278479,0.0,33,32,0,0,32,32,5319,1,0,0,1,0
2020-07-21,US,Oklahoma,Beckham,27,0,0,35.26862449,-99.68128023,40009.0,123.51891669335285,0.0,27,27,0,0,27,27,21709,0,0,0,0,0
2020-07-21,US,Oklahoma,Blaine,23,0,0,35.87518314,-98.43307003,40011.0,243.9283062891081,0.0,23,23,0,0,23,23,9485,0,0,0,0,0
2020-07-21,US,Oklahoma,Bryan,252,1,0,33.96472458,-96.25903472,40013.0,525.054693197208,0.3968253968253968,251,240,1,0,239,239,47192,12,0,0,12,1
2020-07-21,US,Oklahoma,Caddo,232,11,0,35.17364557,-98.37534464,40015.0,806.6198456296503,4.741379310344827,221,226,11,0,215,225,28977,6,0,0,6,1
2020-07-21,US,Oklahoma,Canadian,686,4,0,35.5426055,-97.98465569,40017.0,462.5571453616172,0.5830903790087464,682,674,4,0,670,667,144447,12,0,0,12,7
2020-07-21,US,Oklahoma,Carter,224,3,0,34.25103751,-97.28552485,40019.0,465.589989815219,1.3392857142857142,221,216,3,0,213,213,48177,8,0,0,8,3
2020-07-21,US,Oklahoma,Cherokee,169,1,0,35.90692775,-94.99980896,40021.0,347.32926403189674,0.591715976331361,168,150,1,0,149,149,48675,19,0,0,19,1
2020-07-21,US,Oklahoma,Choctaw,147,1,0,34.02807439,-95.54771129,40023.0,1001.9083969465648,0.6802721088435374,146,143,1,0,142,141,14668,4,0,0,4,2
2020-07-21,US,Oklahoma,Cimarron,1,0,0,36.74817177,-102.5173885,40025.0,46.79457182966776,0.0,1,1,0,0,1,1,2153,0,0,0,0,0
2020-07-21,US,Oklahoma,Cleveland,1760,40,0,35.20413532,-97.32519562,40027.0,619.6877618708938,2.272727272727273,1720,1693,40,0,1653,1678,281669,67,0,0,67,15
2020-07-21,US,Oklahoma,Coal,19,0,0,34.58840127,-96.29798747,40029.0,345.76888080072786,0.0,19,18,0,0,18,16,5520,1,0,0,1,2
2020-07-21,US,Oklahoma,Comanche,607,9,0,34.65973764,-98.47195055,40031.0,502.6956744983395,1.4827018121911038,598,594,9,0,585,591,120422,13,0,0,13,3
2020-07-21,US,Oklahoma,Cotton,12,2,0,34.28845626,-98.37053567,40033.0,211.7896223085069,16.666666666666668,10,12,2,0,10,12,5776,0,0,0,0,0
2020-07-21,US,Oklahoma,Craig,41,0,0,36.76268118,-95.20916602,40035.0,289.9165605996323,0.0,41,37,0,0,37,37,14306,4,0,0,4,0
2020-07-21,US,Oklahoma,Creek,287,9,0,35.90230551,-96.37086028,40037.0,401.27513212717764,3.1358885017421603,278,272,9,0,263,269,71604,15,0,0,15,3
2020-07-21,US,Oklahoma,Custer,121,0,0,35.63853802,-99.00170785,40039.0,417.1982208737027,0.0,121,112,0,0,112,111,29036,9,0,0,9,1
2020-07-21,US,Oklahoma,Delaware,300,19,0,36.40823634,-94.80325046,40041.0,697.5284242832895,6.333333333333332,281,293,19,0,274,290,42733,7,0,0,7,3
2020-07-21,US,Oklahoma,Dewey,6,0,0,35.98772922,-99.00730714,40043.0,122.67429973420569,0.0,6,7,0,0,7,7,4894,-1,0,0,-1,0
2020-07-21,US,Oklahoma,Ellis,1,0,0,36.218019399999996,-99.75324573,40045.0,25.91344908007256,0.0,1,1,0,0,1,1,3952,0,0,0,0,0
2020-07-21,US,Oklahoma,Garfield,183,2,0,36.3791334,-97.78265517,40047.0,299.7248427672956,1.0928961748633879,181,176,2,0,174,173,60913,7,0,0,7,3
2020-07-21,US,Oklahoma,Garvin,151,3,0,34.70418038,-97.30811132,40049.0,544.90996355238,1.9867549668874167,148,146,3,0,143,145,27811,5,0,0,5,1
2020-07-21,US,Oklahoma,Grady,309,5,0,35.0167709,-97.88339847,40051.0,553.4262277465343,1.6181229773462784,304,304,5,0,299,304,55551,5,0,0,5,0
2020-07-21,US,Oklahoma,Grant,5,0,0,36.796296999999996,-97.78638765,40053.0,115.39349180706208,0.0,5,5,0,0,5,4,4326,0,0,0,0,1
2020-07-21,US,Oklahoma,Greer,71,7,0,34.93535801,-99.56056120000001,40055.0,1242.9971988795521,9.859154929577462,64,71,7,0,64,71,5821,0,0,0,0,0
2020-07-21,US,Oklahoma,Harmon,4,0,0,34.7440135,-99.84741652,40057.0,150.77271013946475,0.0,4,4,0,0,4,4,2664,0,0,0,0,0
2020-07-21,US,Oklahoma,Harper,2,0,0,36.78836519,-99.6679804,40059.0,54.2299349240781,0.0,2,2,0,0,2,2,3797,0,0,0,0,0
2020-07-21,US,Oklahoma,Haskell,22,0,0,35.22257600000001,-95.11513306,40061.0,174.22982497822127,0.0,22,21,0,0,21,21,12668,1,0,0,1,0
2020-07-21,US,Oklahoma,Hughes,22,1,0,35.04912569,-96.24921145,40063.0,165.6751261390165,4.545454545454546,21,22,1,0,21,22,13335,0,0,0,0,0
2020-07-21,US,Oklahoma,Jackson,219,3,0,34.58781741,-99.41138784,40065.0,892.784345699144,1.3698630136986298,216,215,3,0,212,211,24949,4,0,0,4,4
2020-07-21,US,Oklahoma,Jefferson,22,0,0,34.11130184,-97.83182974,40067.0,366.54448517160944,0.0,22,20,0,0,20,20,6123,2,0,0,2,0
2020-07-21,US,Oklahoma,Johnston,23,0,0,34.31440473,-96.66011537,40069.0,207.4875958502481,0.0,23,23,0,0,23,23,10949,0,0,0,0,0
2020-07-21,US,Oklahoma,Kay,153,9,0,36.81799745,-97.14421435,40071.0,351.4171528320088,5.882352941176472,144,147,9,0,138,146,44161,6,0,0,6,1
2020-07-21,US,Oklahoma,Kingfisher,68,0,0,35.94530008,-97.94193268,40073.0,431.3352362829052,0.0,68,63,0,0,63,62,15816,5,0,0,5,1
2020-07-21,US,Oklahoma,Kiowa,18,1,0,34.91671958,-98.97720696,40075.0,206.70647680293985,5.5555555555555545,17,18,1,0,17,18,8729,0,0,0,0,0
2020-07-21,US,Oklahoma,Latimer,27,1,0,34.87844729,-95.25215049,40077.0,268.04328402660576,3.703703703703704,26,25,1,0,24,25,10231,2,0,0,2,0
2020-07-21,US,Oklahoma,Le Flore,100,1,0,34.89851864,-94.70392124,40079.0,200.58973381742317,1.0,99,89,1,0,88,87,49980,11,0,0,11,2
2020-07-21,US,Oklahoma,Lincoln,60,2,0,35.70270942,-96.8812462,40081.0,172.0331450526135,3.333333333333333,58,58,2,0,56,58,34920,2,0,0,2,0
2020-07-21,US,Oklahoma,Logan,123,1,0,35.91899576,-97.44352845,40083.0,256.19128949615714,0.8130081300813008,122,120,1,0,119,120,47291,3,0,0,3,0
2020-07-21,US,Oklahoma,Love,56,0,0,33.95273467,-97.23906784,40085.0,546.1816053837902,0.0,56,55,0,0,55,55,10134,1,0,0,1,0
2020-07-21,US,Oklahoma,Major,17,1,0,36.31149996,-98.53467076,40093.0,222.83392318783592,5.882352941176472,16,16,1,0,15,16,7644,1,0,0,1,0
2020-07-21,US,Oklahoma,Marshall,51,0,0,34.02311222,-96.76855464,40095.0,301.2226094146831,0.0,51,51,0,0,51,50,16806,0,0,0,0,1
2020-07-21,US,Oklahoma,Mayes,192,5,0,36.30179091,-95.23175116,40097.0,467.15328467153284,2.6041666666666665,187,178,5,0,173,178,41107,14,0,0,14,0
2020-07-21,US,Oklahoma,McClain,302,4,0,35.01123903,-97.44572302,40087.0,746.1580273755992,1.3245033112582782,298,289,4,0,285,288,39985,13,0,0,13,1
2020-07-21,US,Oklahoma,McCurtain,708,14,0,34.11664328,-94.77222373,40089.0,2156.432748538012,1.9774011299435028,694,695,13,0,682,681,32703,13,1,0,12,14
2020-07-21,US,Oklahoma,McIntosh,102,1,0,35.37235506,-95.66599306,40091.0,520.514390691978,0.9803921568627452,101,100,1,0,99,99,19815,2,0,0,2,1
2020-07-21,US,Oklahoma,Murray,31,0,0,34.48116015,-97.06826283,40099.0,220.279968734456,0.0,31,29,0,0,29,29,13953,2,0,0,2,0
2020-07-21,US,Oklahoma,Muskogee,276,14,0,35.61318461,-95.37802952,40101.0,405.90026030560165,5.0724637681159415,262,247,14,0,233,246,68362,29,0,0,29,1
2020-07-21,US,Oklahoma,Noble,61,2,0,36.38953329,-97.22928674,40103.0,548.019045907825,3.278688524590164,59,59,1,0,58,59,11289,2,1,0,1,0
2020-07-21,US,Oklahoma,Nowata,42,1,0,36.79843529,-95.61902331,40105.0,416.8320762207225,2.380952380952381,41,41,1,0,40,41,10218,1,0,0,1,0
2020-07-21,US,Oklahoma,Okfuskee,24,0,0,35.46485198,-96.32639984,40107.0,200.11673476194446,0.0,24,23,0,0,23,23,12098,1,0,0,1,0
2020-07-21,US,Oklahoma,Oklahoma,6492,82,0,35.55140095,-97.40716948,40109.0,814.1112618724559,1.2630930375847196,6410,6301,77,0,6224,6271,792582,191,5,0,186,30
2020-07-21,US,Oklahoma,Okmulgee,233,0,0,35.64661916,-95.96432828,40111.0,605.7454829065384,0.0,233,219,0,0,219,218,38335,14,0,0,14,1
2020-07-21,US,Oklahoma,Osage,252,9,0,36.62888819,-96.39635704,40113.0,536.5926367565957,3.571428571428572,243,246,9,0,237,246,47014,6,0,0,6,0
2020-07-21,US,Oklahoma,Ottawa,224,2,0,36.83532655,-94.81011909,40115.0,719.6324734153627,0.8928571428571429,222,219,2,0,217,219,31175,5,0,0,5,0
2020-07-21,US,Oklahoma,Pawnee,84,3,0,36.31743373,-96.70331759999999,40117.0,512.9457743038594,3.571428571428572,81,85,3,0,82,84,16390,-1,0,0,-1,1
2020-07-21,US,Oklahoma,Payne,551,2,0,36.07695283,-96.97584944,40119.0,673.7259121588575,0.3629764065335753,549,528,2,0,526,526,82040,23,0,0,23,2
2020-07-21,US,Oklahoma,Pittsburg,89,3,0,34.92065823,-95.75134320000001,40121.0,203.87593347688642,3.3707865168539324,86,87,3,0,84,87,43877,2,0,0,2,0
2020-07-21,US,Oklahoma,Pontotoc,106,2,0,34.72959848,-96.68337199,40123.0,276.87806916727607,1.8867924528301887,104,103,2,0,101,100,38247,3,0,0,3,3
2020-07-21,US,Oklahoma,Pottawatomie,216,6,0,35.20614018,-96.94923008,40125.0,297.55344941591363,2.7777777777777777,210,211,5,0,206,204,72679,5,1,0,4,7
2020-07-21,US,Oklahoma,Pushmataha,40,0,0,34.41635232,-95.37603505,40127.0,360.4902667627975,0.0,40,39,0,0,39,39,11179,1,0,0,1,0
2020-07-21,US,Oklahoma,Roger Mills,3,0,0,35.68711719,-99.69666167,40129.0,83.72871895060004,0.0,3,3,0,0,3,3,3656,0,0,0,0,0
2020-07-21,US,Oklahoma,Rogers,465,10,0,36.37004357,-95.60406759,40131.0,502.92562108610304,2.150537634408602,455,439,10,0,429,435,91984,26,0,0,26,4
2020-07-21,US,Oklahoma,Seminole,89,4,0,35.16478725,-96.61686741,40133.0,366.88927364168524,4.49438202247191,85,84,4,0,80,84,24578,5,0,0,5,0
2020-07-21,US,Oklahoma,Sequoyah,102,3,0,35.49447108,-94.75463785,40135.0,245.3751593735716,2.9411764705882355,99,86,3,0,83,83,41179,16,0,0,16,3
2020-07-21,US,Oklahoma,Stephens,130,1,0,34.48556989,-97.85141892,40137.0,301.32350555130614,0.7692307692307693,129,126,1,0,125,125,43265,4,0,0,4,1
2020-07-21,US,Oklahoma,Texas,1008,7,0,36.74777635,-101.4889765,40139.0,5044.287644497823,0.6944444444444444,1001,1007,7,0,1000,1007,20455,1,0,0,1,0
2020-07-21,US,Oklahoma,Tillman,35,1,0,34.37288446,-98.92426619,40141.0,482.7586206896552,2.8571428571428568,34,32,1,0,31,32,7348,3,0,0,3,0
2020-07-21,US,Oklahoma,Tulsa,6536,86,0,36.11939621,-95.94013939,40143.0,1003.1432640832963,1.3157894736842106,6450,6316,85,0,6231,6285,648360,220,1,0,219,31
2020-07-21,US,Oklahoma,Wagoner,488,19,0,35.96024096,-95.51911308,40145.0,600.3272275461625,3.89344262295082,469,464,19,0,445,460,80110,24,0,0,24,4
2020-07-21,US,Oklahoma,Washington,502,39,0,36.71380786,-95.90514104,40147.0,974.2465115376403,7.768924302788846,463,496,39,0,457,490,51843,6,0,0,6,6
2020-07-21,US,Oklahoma,Washita,12,0,0,35.29071824,-98.99180434,40149.0,109.93037742762917,0.0,12,12,0,0,12,12,11127,0,0,0,0,0
2020-07-21,US,Oklahoma,Woods,12,0,0,36.76705782,-98.86573064,40151.0,136.4721937905152,0.0,12,12,0,0,12,12,8897,0,0,0,0,0
2020-07-21,US,Oklahoma,Woodward,21,0,0,36.42316318,-99.26283045,40153.0,103.9038147543417,0.0,21,18,0,0,18,18,20222,3,0,0,3,0
2020-07-21,US,Oregon,Baker,15,0,0,44.70915557,-117.6749883,41001.0,93.02902505581741,0.0,15,13,0,0,13,13,16006,2,0,0,2,0
2020-07-21,US,Oregon,Benton,129,6,0,44.49167306,-123.4316987,41003.0,138.63067284235865,4.651162790697675,123,128,6,0,122,128,92101,1,0,0,1,0
2020-07-21,US,Oregon,Clackamas,1156,33,0,45.18787398,-122.2179634,41005.0,276.43135726361646,2.8546712802768166,1123,1141,30,0,1111,1130,416075,15,3,0,12,11
2020-07-21,US,Oregon,Clatsop,67,0,0,45.99712889,-123.660711,41007.0,166.56722354813047,0.0,67,64,0,0,64,62,39764,3,0,0,3,2
2020-07-21,US,Oregon,Columbia,63,0,0,45.94464254,-123.08908980000001,41009.0,120.3346449172938,0.0,63,62,0,0,62,61,52377,1,0,0,1,1
2020-07-21,US,Oregon,Coos,70,0,0,43.17406868,-124.0594514,41011.0,108.5490098779599,0.0,70,69,0,0,69,69,64389,1,0,0,1,0
2020-07-21,US,Oregon,Crook,30,1,0,44.14230227,-120.356297,41013.0,122.93066710375349,3.333333333333333,29,28,1,0,27,27,23867,2,0,0,2,1
2020-07-21,US,Oregon,Curry,10,0,0,42.45911325,-124.15728200000001,41015.0,43.62050163576881,0.0,10,10,0,0,10,10,22813,0,0,0,0,0
2020-07-21,US,Oregon,Deschutes,378,1,0,43.91570171,-121.2289121,41017.0,191.20652327863544,0.2645502645502645,377,371,1,0,370,352,191996,7,0,0,7,19
2020-07-21,US,Oregon,Douglas,90,1,0,43.27941273,-123.16729099999999,41019.0,81.09569291764281,1.1111111111111112,89,87,1,0,86,85,110283,3,0,0,3,2
2020-07-21,US,Oregon,Gilliam,2,0,0,45.37160076,-120.20488689999999,41021.0,104.60251046025104,0.0,2,2,0,0,2,2,1894,0,0,0,0,0
2020-07-21,US,Oregon,Grant,1,0,0,44.49024544,-119.0068631,41023.0,13.890818169190164,0.0,1,1,0,0,1,1,7176,0,0,0,0,0
2020-07-21,US,Oregon,Harney,5,0,0,43.06422669,-118.96663059999999,41025.0,67.63154335181929,0.0,5,3,0,0,3,2,7329,2,0,0,2,1
2020-07-21,US,Oregon,Hood River,135,0,0,45.51872811,-121.65520359999998,41027.0,577.3672055427252,0.0,135,132,0,0,132,130,23428,3,0,0,3,2
2020-07-21,US,Oregon,Jackson,247,0,0,42.43201126,-122.72893090000001,41029.0,111.79303352885799,0.0,247,242,0,0,242,238,219564,5,0,0,5,4
2020-07-21,US,Oregon,Jefferson,214,0,0,44.62806839,-121.17832,41031.0,867.8724957417471,0.0,214,206,0,0,206,199,24192,8,0,0,8,7
2020-07-21,US,Oregon,Josephine,74,1,0,42.3665549,-123.5561938,41033.0,84.58399533644999,1.351351351351351,73,72,1,0,71,70,87393,2,0,0,2,2
2020-07-21,US,Oregon,Klamath,156,1,0,42.68762984,-121.64964609999998,41035.0,228.611624021806,0.6410256410256411,155,155,1,0,154,150,67653,1,0,0,1,5
2020-07-21,US,Oregon,Lake,30,0,0,42.79246693,-120.38501629999999,41037.0,381.2428516965307,0.0,30,29,0,0,29,28,7879,1,0,0,1,1
2020-07-21,US,Oregon,Lane,401,3,0,43.93727035,-122.847753,41039.0,104.95541357929369,0.7481296758104738,398,398,3,0,395,394,379611,3,0,0,3,4
2020-07-21,US,Oregon,Lincoln,371,8,0,44.64252874,-123.86991200000001,41041.0,742.5643489051679,2.1563342318059298,363,371,8,0,363,369,49388,0,0,0,0,2
2020-07-21,US,Oregon,Linn,198,10,0,44.48899494,-122.53731540000001,41043.0,152.6023321952385,5.05050505050505,188,199,10,0,189,200,127335,-1,0,0,-1,-1
2020-07-21,US,Oregon,Malheur,517,6,0,43.1937027,-117.62273950000001,41045.0,1691.1452029701352,1.1605415860735009,511,499,5,0,494,489,30725,18,1,0,17,10
2020-07-21,US,Oregon,Marion,2210,62,0,44.90287942,-122.58151170000001,41047.0,635.3897728122179,2.805429864253393,2148,2170,62,0,2108,2140,346868,40,0,0,40,30
2020-07-21,US,Oregon,Morrow,205,1,0,45.41846568,-119.584546,41049.0,1766.7844522968198,0.4878048780487805,204,195,1,0,194,194,11372,10,0,0,10,1
2020-07-21,US,Oregon,Multnomah,3631,76,0,45.54747959,-122.4169351,41051.0,446.6971354054537,2.093087303773065,3555,3566,75,0,3491,3486,811880,65,1,0,64,80
2020-07-21,US,Oregon,Polk,207,12,0,44.90322804,-123.4128888,41053.0,240.46001045478303,5.797101449275362,195,204,12,0,192,205,85234,3,0,0,3,-1
2020-07-21,US,Oregon,Sherman,8,0,0,45.41501554,-120.6827834,41055.0,449.438202247191,0.0,8,8,0,0,8,8,1708,0,0,0,0,0
2020-07-21,US,Oregon,Tillamook,23,0,0,45.46248721,-123.712066,41057.0,85.07175617694925,0.0,23,23,0,0,23,23,26787,0,0,0,0,0
2020-07-21,US,Oregon,Umatilla,1438,10,0,45.59073056,-118.7353826,41059.0,1844.7722899294424,0.6954102920723226,1428,1381,9,0,1372,1340,77516,57,1,0,56,41
2020-07-21,US,Oregon,Union,385,2,0,45.30915495,-118.0068979,41061.0,1434.6934972983045,0.5194805194805194,383,383,2,0,381,383,26461,2,0,0,2,0
2020-07-21,US,Oregon,Wallowa,18,1,0,45.57894064,-117.18353799999998,41063.0,249.7225305216426,5.5555555555555545,17,18,1,0,17,18,7081,0,0,0,0,0
2020-07-21,US,Oregon,Wasco,131,3,0,45.16292781,-121.16709540000001,41065.0,490.9676935761937,2.2900763358778624,128,130,3,0,127,130,26505,1,0,0,1,0
2020-07-21,US,Oregon,Washington,2276,22,0,45.55972701,-123.0955257,41067.0,378.3294990624875,0.9666080843585236,2254,2246,21,0,2225,2208,597695,30,1,0,29,38
2020-07-21,US,Oregon,Yamhill,248,9,0,45.23330449,-123.3086963,41071.0,231.55929038281985,3.629032258064516,239,241,9,0,232,235,107002,7,0,0,7,6
2020-07-21,US,Pennsylvania,Adams,421,15,0,39.87140411,-77.21610347,42001.0,408.7021522391248,3.5629453681710213,406,414,15,0,399,413,102811,7,0,0,7,1
2020-07-21,US,Pennsylvania,Allegheny,6574,211,0,40.46809875,-79.98167747,42003.0,540.604994058608,3.209613629449346,6363,6435,208,0,6227,6263,1218452,139,3,0,136,172
2020-07-21,US,Pennsylvania,Armstrong,122,6,0,40.81665618,-79.46290811,42005.0,188.46064725419015,4.918032786885246,116,119,6,0,113,114,65263,3,0,0,3,5
2020-07-21,US,Pennsylvania,Beaver,1011,81,0,40.6825484,-80.34921611,42007.0,616.730413776696,8.011869436201781,930,968,81,0,887,958,164742,43,0,0,43,10
2020-07-21,US,Pennsylvania,Bedford,106,4,0,40.00522157,-78.48998442,42009.0,221.3498162378884,3.7735849056603774,102,105,4,0,101,105,48176,1,0,0,1,0
2020-07-21,US,Pennsylvania,Berks,4865,361,0,40.41570541,-75.92457766,42011.0,1155.1319675945713,7.420349434737925,4504,4845,360,0,4485,4821,420152,20,1,0,19,24
2020-07-21,US,Pennsylvania,Blair,149,1,0,40.47961444,-78.34917412,42013.0,122.3025716372949,0.6711409395973155,148,142,1,0,141,135,122492,7,0,0,7,7
2020-07-21,US,Pennsylvania,Bradford,68,3,0,41.78869215,-76.51570822,42015.0,112.7264890671883,4.411764705882354,65,67,3,0,64,64,60833,1,0,0,1,3
2020-07-21,US,Pennsylvania,Bucks,6467,573,0,40.33682119,-75.10836643,42017.0,1029.3345217820365,8.860368022266892,5894,6387,573,0,5814,6353,628195,80,0,0,80,34
2020-07-21,US,Pennsylvania,Butler,508,14,0,40.91152759,-79.91351055,42019.0,270.42421467849863,2.755905511811024,494,481,13,0,468,479,187888,27,1,0,26,2
2020-07-21,US,Pennsylvania,Cambria,181,3,0,40.49527404,-78.71377428,42021.0,139.0254393511122,1.6574585635359116,178,172,3,0,169,167,131730,9,0,0,9,5
2020-07-21,US,Pennsylvania,Cameron,5,0,0,41.43625568,-78.20376845,42023.0,112.4353496739375,0.0,5,5,0,0,5,5,4492,0,0,0,0,0
2020-07-21,US,Pennsylvania,Carbon,330,28,0,40.91545395,-75.7068525,42025.0,514.1628493970272,8.484848484848484,302,324,28,0,296,321,64227,6,0,0,6,3
2020-07-21,US,Pennsylvania,Centre,294,9,0,40.92058903,-77.82200624,42027.0,181.05120546848545,3.0612244897959178,285,288,9,0,279,279,162805,6,0,0,6,9
2020-07-21,US,Pennsylvania,Chester,4422,341,0,39.97291773,-75.74768357,42029.0,842.3033625466437,7.711442786069652,4081,4326,334,0,3992,4295,522046,96,7,0,89,31
2020-07-21,US,Pennsylvania,Clarion,69,2,0,41.19265812,-79.42413524,42031.0,179.50986003434105,2.898550724637681,67,68,2,0,66,67,38779,1,0,0,1,1
2020-07-21,US,Pennsylvania,Clearfield,104,0,0,41.00110782,-78.47592663,42033.0,131.22200492082519,0.0,104,99,0,0,99,99,79388,5,0,0,5,0
2020-07-21,US,Pennsylvania,Clinton,104,5,0,41.23255967,-77.63785995,42035.0,269.2068751294264,4.807692307692308,99,104,5,0,99,103,38684,0,0,0,0,1
2020-07-21,US,Pennsylvania,Columbia,436,35,0,41.04821986,-76.40565017,42037.0,671.1409395973154,8.027522935779816,401,433,35,0,398,430,65456,3,0,0,3,3
2020-07-21,US,Pennsylvania,Crawford,112,1,0,41.68447709,-80.10760592,42039.0,132.34234127781258,0.8928571428571429,111,109,1,0,108,107,85063,3,0,0,3,2
2020-07-21,US,Pennsylvania,Cumberland,1046,69,0,40.1625372,-77.26130755,42041.0,412.8349844101512,6.596558317399618,977,1024,68,0,956,1016,251423,22,1,0,21,8
2020-07-21,US,Pennsylvania,Dauphin,2446,151,0,40.41377078,-76.77993242,42043.0,878.910811752827,6.173344235486509,2295,2420,150,0,2270,2404,277097,26,1,0,25,16
2020-07-21,US,Pennsylvania,Delaware,7962,675,0,39.91680171,-75.40243663,42045.0,1404.8596640123376,8.477769404672193,7287,7903,674,0,7229,7863,564751,59,1,0,58,40
2020-07-21,US,Pennsylvania,Elk,38,2,0,41.42822061,-78.64524744,42047.0,127.04781009695749,5.2631578947368425,36,37,2,0,35,37,30169,1,0,0,1,0
2020-07-21,US,Pennsylvania,Erie,805,13,0,41.99253829,-80.03301954,42049.0,298.44880768774465,1.6149068322981366,792,787,13,0,774,781,272061,18,0,0,18,6
2020-07-21,US,Pennsylvania,Fayette,279,4,0,39.92041012,-79.64291195,42051.0,215.8206599935021,1.4336917562724014,275,272,4,0,268,262,130441,7,0,0,7,10
2020-07-21,US,Pennsylvania,Forest,7,0,0,41.51095103,-79.23229292,42053.0,96.59169311439214,0.0,7,7,0,0,7,7,7279,0,0,0,0,0
2020-07-21,US,Pennsylvania,Franklin,1096,46,0,39.92956518,-77.72157791,42055.0,706.9736239493767,4.197080291970803,1050,1074,46,0,1028,1061,154835,22,0,0,22,13
2020-07-21,US,Pennsylvania,Fulton,19,1,0,39.92913544,-78.11163677,42057.0,130.76393668272544,5.2631578947368425,18,19,1,0,18,19,14523,0,0,0,0,0
2020-07-21,US,Pennsylvania,Greene,91,0,0,39.85746531,-80.22357106,42059.0,251.1522645102531,0.0,91,87,0,0,87,84,36506,4,0,0,4,3
2020-07-21,US,Pennsylvania,Huntingdon,271,4,0,40.42162652,-77.97673273,42061.0,600.301258195995,1.4760147601476017,267,269,4,0,265,267,45168,2,0,0,2,2
2020-07-21,US,Pennsylvania,Indiana,181,6,0,40.65241041,-79.08963285,42063.0,215.28909400164142,3.3149171270718236,175,180,6,0,174,179,84501,1,0,0,1,1
2020-07-21,US,Pennsylvania,Jefferson,48,1,0,41.12913106,-78.9986361,42065.0,110.53540587219344,2.083333333333333,47,47,1,0,46,47,43641,1,0,0,1,0
2020-07-21,US,Pennsylvania,Juniata,120,6,0,40.53358749,-77.39975129999998,42067.0,484.5939506521827,5.0,114,120,6,0,114,118,24704,0,0,0,0,2
2020-07-21,US,Pennsylvania,Lackawanna,1817,212,0,41.43564672,-75.60379201,42069.0,866.5833627440694,11.667583929554212,1605,1808,212,0,1596,1805,210793,9,0,0,9,3
2020-07-21,US,Pennsylvania,Lancaster,5122,392,0,40.03904563,-76.24770128,42071.0,938.5696799114572,7.653260445138618,4730,5084,392,0,4692,5052,543557,38,0,0,38,32
2020-07-21,US,Pennsylvania,Lawrence,243,9,0,40.99206278,-80.33393706,42073.0,284.1706427168117,3.703703703703704,234,235,9,0,226,226,86184,8,0,0,8,9
2020-07-21,US,Pennsylvania,Lebanon,1509,52,0,40.36680311,-76.45651841,42075.0,1064.227430127016,3.4459907223326707,1457,1500,51,0,1449,1498,141314,9,1,0,8,2
2020-07-21,US,Pennsylvania,Lehigh,4585,333,0,40.6154815,-75.59435245,42077.0,1241.4775342658631,7.262813522355508,4252,4564,332,0,4232,4546,368100,21,1,0,20,18
2020-07-21,US,Pennsylvania,Luzerne,3083,182,0,41.17823008,-75.98447579,42079.0,971.2775308190803,5.903340901719106,2901,3071,181,0,2890,3068,317646,12,1,0,11,3
2020-07-21,US,Pennsylvania,Lycoming,276,20,0,41.34310539,-77.06629984,42081.0,243.60320920749518,7.246376811594202,256,274,20,0,254,268,113664,2,0,0,2,6
2020-07-21,US,Pennsylvania,McKean,25,1,0,41.80938602,-78.56478358,42083.0,61.53846153846154,4.0,24,25,1,0,24,25,40968,0,0,0,0,0
2020-07-21,US,Pennsylvania,Mercer,259,8,0,41.30248872,-80.25816981,42085.0,236.6939611054248,3.088803088803089,251,245,8,0,237,231,110683,14,0,0,14,14
2020-07-21,US,Pennsylvania,Mifflin,83,1,0,40.61116939,-77.61070738,42087.0,179.89509731674542,1.2048192771084338,82,82,1,0,81,81,46222,1,0,0,1,1
2020-07-21,US,Pennsylvania,Monroe,1530,119,0,41.05934058,-75.34031025,42089.0,898.5675775675247,7.777777777777778,1411,1503,117,0,1386,1499,169507,27,2,0,25,4
2020-07-21,US,Pennsylvania,Montgomery,9222,837,0,40.21053671,-75.36652296,42091.0,1109.8608160882882,9.076122316200392,8385,9182,837,0,8345,9148,828604,40,0,0,40,34
2020-07-21,US,Pennsylvania,Montour,87,3,0,41.03023987,-76.66345939,42093.0,477.2353263850795,3.4482758620689653,84,86,2,0,84,84,18240,1,1,0,0,2
2020-07-21,US,Pennsylvania,Northampton,3657,287,0,40.75182733,-75.30471829,42095.0,1197.8970470216354,7.847962811047306,3370,3649,285,0,3364,3643,304807,8,2,0,6,6
2020-07-21,US,Pennsylvania,Northumberland,365,11,0,40.84785433,-76.70798222,42097.0,401.7921028587783,3.0136986301369864,354,364,11,0,353,363,91083,1,0,0,1,1
2020-07-21,US,Pennsylvania,Perry,97,5,0,40.40206612,-77.26297447,42099.0,209.63001383125862,5.154639175257731,92,96,5,0,91,96,46139,1,0,0,1,0
2020-07-21,US,Pennsylvania,Philadelphia,28742,1666,0,40.00338507,-75.1379271,42101.0,1814.446891034705,5.7963955187530445,27076,28592,1665,0,26927,28196,1584138,150,1,0,149,396
2020-07-21,US,Pennsylvania,Pike,515,21,0,41.33155042,-75.03208106,42103.0,922.7902309663316,4.077669902912621,494,514,21,0,493,513,55933,1,0,0,1,1
2020-07-21,US,Pennsylvania,Potter,19,0,0,41.74471626,-77.89559864,42105.0,114.97034975190607,0.0,19,19,0,0,19,19,16622,0,0,0,0,0
2020-07-21,US,Pennsylvania,Schuylkill,826,48,0,40.70497338,-76.2150785,42107.0,584.3278461222844,5.811138014527844,778,824,48,0,776,818,142067,2,0,0,2,6
2020-07-21,US,Pennsylvania,Snyder,82,2,0,40.77129231,-77.06840691,42109.0,203.11106707619143,2.4390243902439024,80,81,2,0,79,79,40540,1,0,0,1,2
2020-07-21,US,Pennsylvania,Somerset,97,1,0,39.97172723,-79.02699593,42111.0,132.068021838877,1.0309278350515465,96,94,1,0,93,94,73952,3,0,0,3,0
2020-07-21,US,Pennsylvania,Sullivan,10,0,0,41.44634738,-76.51246591,42113.0,164.85328058028355,0.0,10,10,0,0,10,10,6071,0,0,0,0,0
2020-07-21,US,Pennsylvania,Susquehanna,201,26,0,41.82147784,-75.80071959,42115.0,498.4130132910137,12.935323383084578,175,195,26,0,169,195,40589,6,0,0,6,0
2020-07-21,US,Pennsylvania,Tioga,33,2,0,41.77255149,-77.25433032,42117.0,81.29881008105245,6.0606060606060606,31,32,2,0,30,32,40763,1,0,0,1,0
2020-07-21,US,Pennsylvania,Union,113,2,0,40.96188846,-77.05996014,42119.0,251.5415266122031,1.7699115044247788,111,114,2,0,112,111,44785,-1,0,0,-1,3
2020-07-21,US,Pennsylvania,Venango,53,0,0,41.40323442,-79.75845449,42121.0,104.60251046025104,0.0,53,51,0,0,51,51,51266,2,0,0,2,0
2020-07-21,US,Pennsylvania,Warren,14,1,0,41.81304978,-79.26969577,42123.0,35.72248730575897,7.142857142857142,13,13,1,0,12,13,39498,1,0,0,1,0
2020-07-21,US,Pennsylvania,Washington,592,10,0,40.19208869,-80.24582867,42125.0,286.17697532206995,1.6891891891891893,582,580,10,0,570,559,207346,12,0,0,12,21
2020-07-21,US,Pennsylvania,Wayne,149,8,0,41.64938475,-75.29956506,42127.0,290.1033858375032,5.369127516778524,141,149,8,0,141,148,51276,0,0,0,0,1
2020-07-21,US,Pennsylvania,Westmoreland,1193,40,0,40.31377979999999,-79.46615476,42129.0,341.9327656427792,3.3528918692372165,1153,1174,40,0,1134,1153,350611,19,0,0,19,21
2020-07-21,US,Pennsylvania,Wyoming,52,7,0,41.51955538,-76.01074915,42131.0,194.0732999925356,13.461538461538463,45,52,7,0,45,52,27046,0,0,0,0,0
2020-07-21,US,Pennsylvania,York,2052,74,0,39.9210089,-76.73040131,42133.0,456.9565624039656,3.606237816764133,1978,2006,72,0,1934,1985,448273,46,2,0,44,21
2020-07-21,US,Puerto Rico,Adjuntas,72,0,0,18.180117000000006,-66.754367,72001.0,369.5529435918492,0.0,72,72,0,0,72,72,,0,0,0,0,0
2020-07-21,US,Puerto Rico,Aguada,75,0,0,18.360255,-67.17513100000001,72003.0,178.74591863485782,0.0,75,71,0,0,71,70,,4,0,0,4,1
2020-07-21,US,Puerto Rico,Aguadilla,120,0,0,18.459681,-67.12081500000001,72005.0,196.88592101593136,0.0,120,112,0,0,112,110,,8,0,0,8,2
2020-07-21,US,Puerto Rico,Aguas Buenas,82,0,0,18.251619,-66.126806,72007.0,286.12303290414883,0.0,82,81,0,0,81,80,,1,0,0,1,1
2020-07-21,US,Puerto Rico,Aibonito,62,0,0,18.131361,-66.264131,72009.0,239.38223938223945,0.0,62,60,0,0,60,56,,2,0,0,2,4
2020-07-21,US,Puerto Rico,Anasco,92,0,0,18.287985,-67.120611,72011.0,314.41167424216536,0.0,92,89,0,0,89,88,,3,0,0,3,1
2020-07-21,US,Puerto Rico,Arecibo,189,0,0,18.406631,-66.675077,72013.0,195.97677312318544,0.0,189,186,0,0,186,182,,3,0,0,3,4
2020-07-21,US,Puerto Rico,Arroyo,65,0,0,17.998457000000005,-66.056546,72015.0,332.05619412515966,0.0,65,65,0,0,65,63,,0,0,0,0,2
2020-07-21,US,Puerto Rico,Barceloneta,40,0,0,18.445533,-66.56053100000001,72017.0,161.18633139909736,0.0,40,38,0,0,38,36,,2,0,0,2,2
2020-07-21,US,Puerto Rico,Barranquitas,135,0,0,18.201592,-66.30963,72019.0,445.2800316643578,0.0,135,131,0,0,131,129,,4,0,0,4,2
2020-07-21,US,Puerto Rico,Bayamon,785,0,0,18.34946,-66.168435,72021.0,377.1934882469392,0.0,785,758,0,0,758,727,,27,0,0,27,31
2020-07-21,US,Puerto Rico,Cabo Rojo,140,0,0,18.040993,-67.154391,72023.0,274.9572834220398,0.0,140,135,0,0,135,130,,5,0,0,5,5
2020-07-21,US,Puerto Rico,Caguas,432,0,0,18.211615,-66.050779,72025.0,302.3241166467217,0.0,432,415,0,0,415,403,,17,0,0,17,12
2020-07-21,US,Puerto Rico,Camuy,69,0,0,18.418578,-66.860206,72027.0,196.251315452658,0.0,69,69,0,0,69,68,,0,0,0,0,1
2020-07-21,US,Puerto Rico,Canovanas,225,0,0,18.328802,-65.887612,72029.0,472.2128945601074,0.0,225,219,0,0,219,213,,6,0,0,6,6
2020-07-21,US,Puerto Rico,Carolina,636,0,0,18.374986,-65.95683100000001,72031.0,359.8058406218531,0.0,636,614,0,0,614,583,,22,0,0,22,31
2020-07-21,US,Puerto Rico,Catano,101,0,0,18.437269,-66.14330600000001,72033.0,358.91968727789634,0.0,101,96,0,0,96,94,,5,0,0,5,2
2020-07-21,US,Puerto Rico,Cayey,137,0,0,18.102851,-66.14914,72035.0,284.71082108938265,0.0,137,136,0,0,136,135,,1,0,0,1,1
2020-07-21,US,Puerto Rico,Ceiba,41,0,0,18.251818,-65.666416,72037.0,300.7849754236666,0.0,41,40,0,0,40,40,,1,0,0,1,0
2020-07-21,US,Puerto Rico,Ciales,82,0,0,18.28885,-66.516475,72039.0,436.58822276647857,0.0,82,81,0,0,81,78,,1,0,0,1,3
2020-07-21,US,Puerto Rico,Cidra,102,0,0,18.173559,-66.161179,72041.0,234.5906163753449,0.0,102,100,0,0,100,99,,2,0,0,2,1
2020-07-21,US,Puerto Rico,Coamo,75,0,0,18.097597,-66.36014,72043.0,185.13033175355446,0.0,75,67,0,0,67,65,,8,0,0,8,2
2020-07-21,US,Puerto Rico,Comerio,84,0,0,18.224687,-66.221622,72045.0,404.2737510828761,0.0,84,84,0,0,84,82,,0,0,0,0,2
2020-07-21,US,Puerto Rico,Corozal,89,0,0,18.304264,-66.327738,72047.0,239.6209143287922,0.0,89,84,0,0,84,77,,5,0,0,5,7
2020-07-21,US,Puerto Rico,Culebra,11,0,0,18.31586,-65.28813000000001,72049.0,605.0605060506051,0.0,11,11,0,0,11,11,,0,0,0,0,0
2020-07-21,US,Puerto Rico,Dorado,185,0,0,18.436115,-66.278669,72051.0,484.7373247740076,0.0,185,181,0,0,181,173,,4,0,0,4,8
2020-07-21,US,Puerto Rico,Fajardo,133,0,0,18.318373,-65.666866,72053.0,359.527478171546,0.0,133,128,0,0,128,124,,5,0,0,5,4
2020-07-21,US,Puerto Rico,Florida,85,0,0,18.373715,-66.560488,72054.0,670.3470031545743,0.0,85,64,0,0,64,64,,21,0,0,21,0
2020-07-21,US,Puerto Rico,Guanica,51,0,0,17.982429,-66.91964300000001,72055.0,262.52123333504915,0.0,51,50,0,0,50,49,,1,0,0,1,1
2020-07-21,US,Puerto Rico,Guayama,103,0,0,18.007516,-66.13390799999999,72057.0,227.06229884043915,0.0,103,101,0,0,101,98,,2,0,0,2,3
2020-07-21,US,Puerto Rico,Guayanilla,93,0,0,18.039942,-66.79186,72059.0,430.934618414346,0.0,93,91,0,0,91,89,,2,0,0,2,2
2020-07-21,US,Puerto Rico,Guaynabo,552,0,0,18.345114,-66.11452299999999,72061.0,563.7024631346759,0.0,552,542,0,0,542,534,,10,0,0,10,8
2020-07-21,US,Puerto Rico,Gurabo,156,0,0,18.266461,-65.97970500000001,72063.0,343.8471202803677,0.0,156,152,0,0,152,147,,4,0,0,4,5
2020-07-21,US,Puerto Rico,Hatillo,64,0,0,18.410928,-66.79632600000001,72065.0,152.55166495840584,0.0,64,62,0,0,62,59,,2,0,0,2,3
2020-07-21,US,Puerto Rico,Hormigueros,67,0,0,18.134532,-67.113972,72067.0,388.40579710144925,0.0,67,63,0,0,63,61,,4,0,0,4,2
2020-07-21,US,Puerto Rico,Humacao,123,0,0,18.145211,-65.810174,72069.0,210.37868162692848,0.0,123,121,0,0,121,121,,2,0,0,2,0
2020-07-21,US,Puerto Rico,Isabela,83,0,0,18.44981,-67.005093,72071.0,181.8938879270671,0.0,83,80,0,0,80,80,,3,0,0,3,0
2020-07-21,US,Puerto Rico,Jayuya,169,0,0,18.211446,-66.58878,72073.0,1015.5029443576492,0.0,169,168,0,0,168,164,,1,0,0,1,4
2020-07-21,US,Puerto Rico,Juana Diaz,135,0,0,18.050764,-66.49458100000001,72075.0,168.96754571510817,0.0,135,133,0,0,133,131,,2,0,0,2,2
2020-07-21,US,Puerto Rico,Juncos,74,0,0,18.223793,-65.909109,72077.0,183.6684040704889,0.0,74,71,0,0,71,69,,3,0,0,3,2
2020-07-21,US,Puerto Rico,Lajas,60,0,0,18.011661,-67.040585,72079.0,232.9825651380421,0.0,60,60,0,0,60,57,,0,0,0,0,3
2020-07-21,US,Puerto Rico,Lares,103,0,0,18.269035,-66.867236,72081.0,334.92667382044027,0.0,103,102,0,0,102,101,,1,0,0,1,1
2020-07-21,US,Puerto Rico,Las Marias,34,0,0,18.23679,-66.98362,72083.0,344.0947272543265,0.0,34,34,0,0,34,33,,0,0,0,0,1
2020-07-21,US,Puerto Rico,Las Piedras,107,0,0,18.187527,-65.86946800000001,72085.0,276.6645119586296,0.0,107,106,0,0,106,103,,1,0,0,1,3
2020-07-21,US,Puerto Rico,Loiza,65,0,0,18.425688,-65.89943000000001,72087.0,216.23419827012643,0.0,65,64,0,0,64,63,,1,0,0,1,1
2020-07-21,US,Puerto Rico,Luquillo,73,0,0,18.342114,-65.72509699999999,72089.0,363.763205102651,0.0,73,72,0,0,72,72,,1,0,0,1,0
2020-07-21,US,Puerto Rico,Manati,97,0,0,18.420473,-66.490461,72091.0,219.8898283952576,0.0,97,84,0,0,84,81,,13,0,0,13,3
2020-07-21,US,Puerto Rico,Maricao,36,0,0,18.171795,-66.942126,72093.0,573.6137667304015,0.0,36,36,0,0,36,36,,0,0,0,0,0
2020-07-21,US,Puerto Rico,Maunabo,39,0,0,18.017889,-65.922235,72095.0,319.0184049079755,0.0,39,36,0,0,36,34,,3,0,0,3,2
2020-07-21,US,Puerto Rico,Mayaguez,332,0,0,18.2013,-67.1452,72097.0,372.69869779973055,0.0,332,318,0,0,318,304,,14,0,0,14,14
2020-07-21,US,Puerto Rico,Moca,98,0,0,18.377805,-67.080952,72099.0,244.33418933406463,0.0,98,94,0,0,94,93,,4,0,0,4,1
2020-07-21,US,Puerto Rico,Morovis,133,0,0,18.316963,-66.420383,72101.0,407.85035265256056,0.0,133,120,0,0,120,117,,13,0,0,13,3
2020-07-21,US,Puerto Rico,Naguabo,64,0,0,18.230637,-65.753897,72103.0,239.5209580838324,0.0,64,61,0,0,61,61,,3,0,0,3,0
2020-07-21,US,Puerto Rico,Naranjito,124,0,0,18.288019,-66.252703,72105.0,407.86790342740613,0.0,124,116,0,0,116,113,,8,0,0,8,3
2020-07-21,US,Puerto Rico,Orocovis,119,0,0,18.215046,-66.433604,72107.0,508.04764547666815,0.0,119,116,0,0,116,113,,3,0,0,3,3
2020-07-21,US,Puerto Rico,Out of PR,466,0,0,0.0,0.0,72888.0,0.0,0.0,466,466,0,0,466,466,,0,0,0,0,0
2020-07-21,US,Puerto Rico,Patillas,75,0,0,18.03174,-66.012242,72109.0,389.06468848887283,0.0,75,70,0,0,70,70,,5,0,0,5,0
2020-07-21,US,Puerto Rico,Penuelas,47,0,0,18.059645,-66.721572,72111.0,193.55901490816242,0.0,47,45,0,0,45,40,,2,0,0,2,5
2020-07-21,US,Puerto Rico,Ponce,323,0,0,18.059498,-66.613748,72113.0,194.1957709812598,0.0,323,315,0,0,315,310,,8,0,0,8,5
2020-07-21,US,Puerto Rico,Quebradillas,54,0,0,18.439692,-66.926113,72115.0,208.34137119487642,0.0,54,52,0,0,52,51,,2,0,0,2,1
2020-07-21,US,Puerto Rico,Rincon,68,0,0,18.335443,-67.23174,72117.0,447.3684210526316,0.0,68,60,0,0,60,60,,8,0,0,8,0
2020-07-21,US,Puerto Rico,Rio Grande,172,0,0,18.346329,-65.813742,72119.0,316.73541543901,0.0,172,168,0,0,168,163,,4,0,0,4,5
2020-07-21,US,Puerto Rico,Sabana Grande,94,0,0,18.08282,-66.943758,72121.0,372.0562042351079,0.0,94,92,0,0,92,91,,2,0,0,2,1
2020-07-21,US,Puerto Rico,Salinas,124,0,0,18.010386999999994,-66.256592,72123.0,398.9960743934616,0.0,124,123,0,0,123,122,,1,0,0,1,1
2020-07-21,US,Puerto Rico,San German,112,0,0,18.111484,-67.03858100000001,72125.0,315.25318771638473,0.0,112,111,0,0,111,107,,1,0,0,1,4
2020-07-21,US,Puerto Rico,San Juan,1701,0,0,18.386933,-66.061128,72127.0,430.2777960468069,0.0,1701,1625,0,0,1625,1569,,76,0,0,76,56
2020-07-21,US,Puerto Rico,San Lorenzo,96,0,0,18.147987,-65.976392,72129.0,233.81557796288175,0.0,96,93,0,0,93,87,,3,0,0,3,6
2020-07-21,US,Puerto Rico,San Sebastian,139,0,0,18.328646,-66.971214,72131.0,327.59839736035826,0.0,139,135,0,0,135,129,,4,0,0,4,6
2020-07-21,US,Puerto Rico,Santa Isabel,73,0,0,17.994525,-66.388913,72133.0,313.65472200739015,0.0,73,71,0,0,71,70,,2,0,0,2,1
2020-07-21,US,Puerto Rico,Toa Alta,288,0,0,18.362406,-66.246616,72135.0,388.84238381983636,0.0,288,279,0,0,279,267,,9,0,0,9,12
2020-07-21,US,Puerto Rico,Toa Baja,287,0,0,18.431446,-66.213553,72137.0,320.28032898481183,0.0,287,276,0,0,276,266,,11,0,0,11,10
2020-07-21,US,Puerto Rico,Trujillo Alto,275,0,0,18.336159,-65.99888399999999,72139.0,367.44074182945405,0.0,275,263,0,0,263,258,,12,0,0,12,5
2020-07-21,US,Puerto Rico,Unassigned,361,180,0,0.0,0.0,72999.0,0.0,49.86149584487536,181,324,180,0,144,276,,37,0,0,37,48
2020-07-21,US,Puerto Rico,Utuado,41,0,0,18.271214,-66.702984,72141.0,123.68397236719058,0.0,41,41,0,0,41,39,,0,0,0,0,2
2020-07-21,US,Puerto Rico,Vega Alta,129,0,0,18.409346,-66.33725,72143.0,322.8955470451303,0.0,129,124,0,0,124,117,,5,0,0,5,7
2020-07-21,US,Puerto Rico,Vega Baja,210,0,0,18.428262,-66.397924,72145.0,351.9828366464416,0.0,210,191,0,0,191,181,,19,0,0,19,10
2020-07-21,US,Puerto Rico,Vieques,30,0,0,18.123276,-65.44097099999999,72147.0,322.54596279969894,0.0,30,28,0,0,28,27,,2,0,0,2,1
2020-07-21,US,Puerto Rico,Villalba,64,0,0,18.127951,-66.473115,72149.0,245.4646569247881,0.0,64,64,0,0,64,63,,0,0,0,0,1
2020-07-21,US,Puerto Rico,Yabucoa,64,0,0,18.070399,-65.896289,72151.0,168.6829551145199,0.0,64,60,0,0,60,58,,4,0,0,4,2
2020-07-21,US,Puerto Rico,Yauco,149,0,0,18.080374,-66.858814,72153.0,354.3990676212449,0.0,149,145,0,0,145,141,,4,0,0,4,4
2020-07-21,US,Rhode Island,Bristol,283,0,0,41.71018079,-71.28652315,44001.0,583.7579157985932,0.0,283,283,0,0,283,283,48649,0,0,0,0,0
2020-07-21,US,Rhode Island,Kent,1316,0,0,41.67106337,-71.57641596,44003.0,801.0128308134297,0.0,1316,1316,0,0,1316,1316,163861,0,0,0,0,0
2020-07-21,US,Rhode Island,Newport,365,0,0,41.5642026,-71.26569799,44005.0,444.6772739455666,0.0,365,365,0,0,365,365,82542,0,0,0,0,0
2020-07-21,US,Rhode Island,Providence,13674,0,0,41.87064746,-71.57753536,44007.0,2140.1371979133896,0.0,13674,13674,0,0,13674,13674,636084,0,0,0,0,0
2020-07-21,US,Rhode Island,Unassigned,1784,996,0,0.0,0.0,90044.0,0.0,55.829596412556064,788,1702,995,0,707,1591,,82,1,0,81,111
2020-07-21,US,Rhode Island,Washington,564,0,0,41.45961631,-71.61435303,44009.0,449.1268305501804,0.0,564,564,0,0,564,564,126179,0,0,0,0,0
2020-07-21,US,South Carolina,Abbeville,246,2,0,34.22333378,-82.46170658,45001.0,1002.9763118196272,0.8130081300813008,244,242,2,0,240,190,24541,4,0,0,4,52
2020-07-21,US,South Carolina,Aiken,1061,18,0,33.54338026,-81.63645384,45003.0,620.9326279320193,1.6965127238454287,1043,1049,15,0,1034,1027,169401,12,3,0,9,22
2020-07-21,US,South Carolina,Allendale,129,3,0,32.98837386,-81.35321066,45005.0,1484.8066298342542,2.3255813953488373,126,125,3,0,122,122,8903,4,0,0,4,3
2020-07-21,US,South Carolina,Anderson,1487,26,0,34.51828081,-82.63959517,45007.0,734.1107238420599,1.7484868863483525,1461,1424,26,0,1398,1383,200482,63,0,0,63,41
2020-07-21,US,South Carolina,Bamberg,320,3,0,33.21927586,-81.05659969,45009.0,2274.989335987488,0.9375,317,311,3,0,308,303,14275,9,0,0,9,8
2020-07-21,US,South Carolina,Barnwell,225,1,0,33.26679302,-81.43584352,45011.0,1078.309211156906,0.4444444444444444,224,214,1,0,213,207,21112,11,0,0,11,7
2020-07-21,US,South Carolina,Beaufort,2584,29,0,32.39226291,-80.72619758,45013.0,1344.9787114437704,1.1222910216718267,2555,2521,26,0,2495,2488,188715,63,3,0,60,33
2020-07-21,US,South Carolina,Berkeley,3092,37,0,33.20222596,-79.94654523,45015.0,1356.6937391128838,1.1966364812419146,3055,2989,36,0,2953,2954,221091,103,1,0,102,35
2020-07-21,US,South Carolina,Calhoun,231,2,0,33.66926881,-80.77722168,45017.0,1587.3015873015872,0.8658008658008658,229,226,2,0,224,218,14520,5,0,0,5,8
2020-07-21,US,South Carolina,Charleston,9785,103,0,32.82487866,-79.96512315,45019.0,2378.4290943739275,1.0526315789473684,9682,9623,88,0,9535,9437,405905,162,15,0,147,186
2020-07-21,US,South Carolina,Cherokee,360,11,0,35.05122251,-81.61828622,45021.0,628.2722513089005,3.055555555555556,349,347,10,0,337,330,57078,13,1,0,12,17
2020-07-21,US,South Carolina,Chester,379,6,0,34.69249168,-81.1583216,45023.0,1175.4124798412108,1.5831134564643798,373,368,6,0,362,358,32251,11,0,0,11,10
2020-07-21,US,South Carolina,Chesterfield,551,17,0,34.64137396,-80.15640140000002,45025.0,1207.0098576122673,3.0852994555353903,534,535,17,0,518,523,45754,16,0,0,16,12
2020-07-21,US,South Carolina,Clarendon,593,47,0,33.66610974,-80.21647898,45027.0,1757.297377389243,7.925801011804385,546,579,47,0,532,574,33700,14,0,0,14,5
2020-07-21,US,South Carolina,Colleton,593,29,0,32.87582989,-80.67641292,45029.0,1573.9045040741034,4.8903878583473865,564,573,28,0,545,568,37660,20,1,0,19,5
2020-07-21,US,South Carolina,Darlington,751,21,0,34.33358335,-79.96027485,45031.0,1127.3229457503978,2.796271637816245,730,714,20,0,694,693,66802,37,1,0,36,21
2020-07-21,US,South Carolina,Dillon,455,19,0,34.39007791,-79.37741872,45033.0,1492.8311296302372,4.175824175824176,436,441,18,0,423,436,30599,14,1,0,13,5
2020-07-21,US,South Carolina,Dorchester,2165,18,0,33.0794369,-80.40502652,45035.0,1329.7790662678353,0.8314087759815243,2147,2154,13,0,2141,2081,160647,11,5,0,6,73
2020-07-21,US,South Carolina,Edgefield,176,4,0,33.77221995,-81.96231108,45037.0,645.6346294937638,2.272727272727273,172,171,4,0,167,168,27052,5,0,0,5,3
2020-07-21,US,South Carolina,Fairfield,457,23,0,34.39287073,-81.1195624,45039.0,2045.0172282633014,5.032822757111598,434,438,23,0,415,429,22402,19,0,0,19,9
2020-07-21,US,South Carolina,Florence,2148,66,0,34.02361754,-79.70189312,45041.0,1553.2239520438488,3.0726256983240225,2082,2080,64,0,2016,2004,138159,68,2,0,66,76
2020-07-21,US,South Carolina,Georgetown,1021,12,0,33.43443342,-79.33202141,45043.0,1628.9087428206765,1.1753183153770812,1009,986,11,0,975,966,62249,35,1,0,34,20
2020-07-21,US,South Carolina,Greenville,8728,136,0,34.89502264,-82.37295012,45045.0,1667.105981946052,1.5582034830430798,8592,8583,133,0,8450,8408,514213,145,3,0,142,175
2020-07-21,US,South Carolina,Greenwood,1046,11,0,34.15272415,-82.12715789,45047.0,1477.1716258773356,1.051625239005736,1035,1013,10,0,1003,989,70741,33,1,0,32,24
2020-07-21,US,South Carolina,Hampton,201,4,0,32.77419582,-81.13845571,45049.0,1045.676828633857,1.9900497512437807,197,175,4,0,171,172,19351,26,0,0,26,3
2020-07-21,US,South Carolina,Horry,6974,90,0,33.9212828,-78.99555293,45051.0,1969.6058246559405,1.2905075996558646,6884,6784,87,0,6697,6720,344147,190,3,0,187,64
2020-07-21,US,South Carolina,Jasper,361,4,0,32.43171982,-81.02487495,45053.0,1200.4123299970072,1.10803324099723,357,339,3,0,336,335,28971,22,1,0,21,4
2020-07-21,US,South Carolina,Kershaw,1045,19,0,34.33988254,-80.58763164,45055.0,1570.2243392285613,1.818181818181818,1026,1009,19,0,990,993,65592,36,0,0,36,16
2020-07-21,US,South Carolina,Lancaster,797,18,0,34.68270843,-80.70513032,45057.0,813.1657348079827,2.258469259723965,779,775,18,0,757,762,95380,22,0,0,22,13
2020-07-21,US,South Carolina,Laurens,961,17,0,34.48244419,-82.00490796,45059.0,1423.8513623635047,1.7689906347554631,944,939,15,0,924,920,66994,22,2,0,20,19
2020-07-21,US,South Carolina,Lee,399,24,0,34.16393091,-80.25690731,45061.0,2371.048252911813,6.015037593984963,375,393,24,0,369,379,17142,6,0,0,6,14
2020-07-21,US,South Carolina,Lexington,3763,73,0,33.89665987,-81.27146426,45063.0,1259.581589958159,1.939941536008504,3690,3653,71,0,3582,3605,295032,110,2,0,108,48
2020-07-21,US,South Carolina,Marion,411,11,0,34.07859748,-79.36400756,45067.0,1340.6399843428908,2.67639902676399,400,398,11,0,387,386,31039,13,0,0,13,12
2020-07-21,US,South Carolina,Marlboro,368,4,0,34.59905577,-79.67561152,45069.0,1408.9899686040278,1.0869565217391304,364,361,4,0,357,358,26398,7,0,0,7,3
2020-07-21,US,South Carolina,McCormick,85,2,0,33.90161443,-82.30794338,45065.0,898.2352319560392,2.3529411764705883,83,79,2,0,77,78,9410,6,0,0,6,1
2020-07-21,US,South Carolina,Newberry,562,6,0,34.28629098,-81.59935761,45071.0,1462.0187304890744,1.0676156583629892,556,549,5,0,544,537,38520,13,1,0,12,12
2020-07-21,US,South Carolina,Oconee,577,2,0,34.75225169,-83.06742317,45073.0,725.3664546300254,0.3466204506065858,575,570,2,0,568,561,78374,7,0,0,7,9
2020-07-21,US,South Carolina,Orangeburg,1638,37,0,33.4391073,-80.79886287,45075.0,1900.7832898172323,2.2588522588522593,1601,1595,36,0,1559,1565,86934,43,1,0,42,30
2020-07-21,US,South Carolina,Pickens,1470,15,0,34.88807695,-82.72791551,45077.0,1158.5385076132532,1.020408163265306,1455,1431,14,0,1417,1403,124937,39,1,0,38,28
2020-07-21,US,South Carolina,Richland,6408,112,0,34.01791263,-80.90267209,45079.0,1541.2775189472748,1.7478152309612984,6296,6216,109,0,6107,6050,414576,192,3,0,189,166
2020-07-21,US,South Carolina,Saluda,361,4,0,34.00795823,-81.72713237,45081.0,1763.2980022468616,1.10803324099723,357,350,4,0,346,343,20544,11,0,0,11,7
2020-07-21,US,South Carolina,Spartanburg,3166,67,0,34.92960077,-81.99225984,45083.0,990.0401832481198,2.1162349968414405,3099,3117,64,0,3053,3041,313888,49,3,0,46,76
2020-07-21,US,South Carolina,Sumter,1810,34,0,33.91826534,-80.37942316,45085.0,1696.011094348816,1.8784530386740328,1776,1715,34,0,1681,1707,106512,95,0,0,95,8
2020-07-21,US,South Carolina,Union,224,0,0,34.68835752,-81.61730349,45087.0,820.0322155513252,0.0,224,203,0,0,203,198,27410,21,0,0,21,5
2020-07-21,US,South Carolina,Williamsburg,659,18,0,33.62190129,-79.72767442,45089.0,2170.04741833509,2.731411229135053,641,650,18,0,632,627,30606,9,0,0,9,23
2020-07-21,US,South Carolina,York,2514,16,0,34.97281497,-81.18085944,45091.0,894.7287875606363,0.6364359586316627,2498,2438,14,0,2424,2390,274118,76,2,0,74,48
2020-07-21,US,South Dakota,Aurora,35,0,0,43.71757685,-98.56050467,46003.0,1272.264631043257,0.0,35,35,0,0,35,35,2801,0,0,0,0,0
2020-07-21,US,South Dakota,Beadle,571,9,0,44.41464384,-98.27858469,46005.0,3094.347802525336,1.5761821366024518,562,571,9,0,562,571,18883,0,0,0,0,0
2020-07-21,US,South Dakota,Bennett,5,0,0,43.19486375,-101.6665572,46007.0,148.5884101040119,0.0,5,5,0,0,5,5,3468,0,0,0,0,0
2020-07-21,US,South Dakota,Bon Homme,13,0,0,42.98914167,-97.88592746,46009.0,188.37849587016373,0.0,13,13,0,0,13,13,6980,0,0,0,0,0
2020-07-21,US,South Dakota,Brookings,105,0,0,44.36974375,-96.79079945,46011.0,299.34144881261227,0.0,105,104,0,0,104,104,35232,1,0,0,1,0
2020-07-21,US,South Dakota,Brown,368,2,0,45.58994323,-98.35165355,46013.0,947.5012229975024,0.5434782608695652,366,366,2,0,364,366,39316,2,0,0,2,0
2020-07-21,US,South Dakota,Brule,38,0,0,43.71756379,-99.08118954,46015.0,717.3872003020577,0.0,38,37,0,0,37,37,5229,1,0,0,1,0
2020-07-21,US,South Dakota,Buffalo,104,3,0,44.07657829,-99.20814467,46017.0,5300.713557594291,2.8846153846153846,101,104,3,0,101,104,2036,0,0,0,0,0
2020-07-21,US,South Dakota,Butte,7,1,0,44.90608745,-103.5079318,46019.0,67.12052929331671,14.285714285714285,6,5,1,0,4,5,10222,2,0,0,2,0
2020-07-21,US,South Dakota,Campbell,1,0,0,45.77074915,-100.0510181,46021.0,72.67441860465118,0.0,1,1,0,0,1,1,1377,0,0,0,0,0
2020-07-21,US,South Dakota,Charles Mix,98,0,0,43.20660134,-98.58856175,46023.0,1054.6706844597504,0.0,98,98,0,0,98,98,9338,0,0,0,0,0
2020-07-21,US,South Dakota,Clark,16,0,0,44.85834507,-97.72925109,46025.0,428.2655246252677,0.0,16,16,0,0,16,16,3739,0,0,0,0,0
2020-07-21,US,South Dakota,Clay,99,0,0,42.91296147,-96.97656917,46027.0,703.6247334754797,0.0,99,97,0,0,97,97,14041,2,0,0,2,0
2020-07-21,US,South Dakota,Codington,107,0,0,44.97788119,-97.18827677,46029.0,382.0200649791138,0.0,107,103,0,0,103,103,28015,4,0,0,4,0
2020-07-21,US,South Dakota,Corson,23,0,0,45.70889983,-101.1970473,46031.0,562.8976994615762,0.0,23,22,0,0,22,22,4165,1,0,0,1,0
2020-07-21,US,South Dakota,Custer,11,0,0,43.67741105,-103.45345209999999,46033.0,122.60365581810076,0.0,11,11,0,0,11,11,8726,0,0,0,0,0
2020-07-21,US,South Dakota,Davison,71,0,0,43.67490933,-98.14458906,46035.0,359.039190897598,0.0,71,69,0,0,69,67,19790,2,0,0,2,2
2020-07-21,US,South Dakota,Day,19,0,0,45.367281,-97.60737498,46037.0,350.29498525073745,0.0,19,19,0,0,19,19,5505,0,0,0,0,0
2020-07-21,US,South Dakota,Deuel,5,0,0,44.75994309,-96.66943645,46039.0,114.91611123879568,0.0,5,5,0,0,5,5,4337,0,0,0,0,0
2020-07-21,US,South Dakota,Dewey,45,0,0,45.15639647,-100.8709139,46041.0,763.7474541751527,0.0,45,45,0,0,45,45,5904,0,0,0,0,0
2020-07-21,US,South Dakota,Douglas,15,0,0,43.38520741,-98.36978007,46043.0,513.5227661759671,0.0,15,15,0,0,15,14,2935,0,0,0,0,1
2020-07-21,US,South Dakota,Edmunds,10,0,0,45.41846445,-99.21545423,46045.0,261.1647949856359,0.0,10,10,0,0,10,10,3875,0,0,0,0,0
2020-07-21,US,South Dakota,Fall River,14,0,0,43.23929297,-103.5275691,46047.0,208.5505735140772,0.0,14,14,0,0,14,14,6758,0,0,0,0,0
2020-07-21,US,South Dakota,Faulk,24,1,0,45.07082625,-99.14535601,46049.0,1043.9321444106133,4.166666666666667,23,24,1,0,23,24,2330,0,0,0,0,0
2020-07-21,US,South Dakota,Grant,17,0,0,45.1723937,-96.77002276,46051.0,241.0663641520136,0.0,17,17,0,0,17,17,7147,0,0,0,0,0
2020-07-21,US,South Dakota,Gregory,6,0,0,43.19419064,-99.18883902,46053.0,143.36917562724008,0.0,6,6,0,0,6,6,4212,0,0,0,0,0
2020-07-21,US,South Dakota,Haakon,1,0,0,44.29299053,-101.539099,46055.0,52.6592943654555,0.0,1,1,0,0,1,1,1918,0,0,0,0,0
2020-07-21,US,South Dakota,Hamlin,13,0,0,44.67385954,-97.18829593,46057.0,210.90201168072682,0.0,13,13,0,0,13,13,6111,0,0,0,0,0
2020-07-21,US,South Dakota,Hand,7,0,0,44.54708407,-99.00386459,46059.0,219.36696960200558,0.0,7,7,0,0,7,7,3262,0,0,0,0,0
2020-07-21,US,South Dakota,Hanson,15,0,0,43.6746384,-97.78715148,46061.0,434.40486533449183,0.0,15,14,0,0,14,14,3376,1,0,0,1,0
2020-07-21,US,South Dakota,Hughes,78,2,0,44.39091534,-99.99661148,46065.0,445.05306401917153,2.5641025641025643,76,78,2,0,76,78,17650,0,0,0,0,0
2020-07-21,US,South Dakota,Hutchinson,21,0,0,43.33449012,-97.75536441,46067.0,288.0263338362365,0.0,21,21,0,0,21,20,7380,0,0,0,0,1
2020-07-21,US,South Dakota,Hyde,3,0,0,44.54747703,-99.48572582,46069.0,230.59185242121444,0.0,3,3,0,0,3,3,1282,0,0,0,0,0
2020-07-21,US,South Dakota,Jackson,7,1,0,43.69318385,-101.6255063,46071.0,209.33014354066987,14.285714285714285,6,7,1,0,6,7,3307,0,0,0,0,0
2020-07-21,US,South Dakota,Jerauld,39,1,0,44.06637798,-98.62965972,46073.0,1937.4068554396426,2.5641025641025643,38,39,1,0,38,39,2043,0,0,0,0,0
2020-07-21,US,South Dakota,Jones,1,0,0,43.96278565,-100.6940008,46075.0,110.74197120708747,0.0,1,1,0,0,1,1,928,0,0,0,0,0
2020-07-21,US,South Dakota,Kingsbury,8,0,0,44.36956169,-97.4913945,46077.0,161.97610852399268,0.0,8,8,0,0,8,8,4919,0,0,0,0,0
2020-07-21,US,South Dakota,Lake,48,1,0,44.02193107,-97.12926365,46079.0,375.08791122919433,2.083333333333333,47,48,1,0,47,48,13057,0,0,0,0,0
2020-07-21,US,South Dakota,Lawrence,24,0,0,44.35919441,-103.79294279999999,46081.0,92.86488159727594,0.0,24,23,0,0,23,22,25741,1,0,0,1,1
2020-07-21,US,South Dakota,Lincoln,422,1,0,43.27841182,-96.72039050000001,46083.0,690.3546656196833,0.23696682464454974,421,418,1,0,417,413,58807,4,0,0,4,5
2020-07-21,US,South Dakota,Lyman,84,1,0,43.89522709,-99.85201878,46085.0,2221.6344882306266,1.1904761904761905,83,84,1,0,83,84,3821,0,0,0,0,0
2020-07-21,US,South Dakota,Marshall,5,0,0,45.75870838,-97.59855639,46091.0,101.31712259371834,0.0,5,5,0,0,5,5,5112,0,0,0,0,0
2020-07-21,US,South Dakota,McCook,21,1,0,43.6742571,-97.36863144,46087.0,375.93984962406023,4.761904761904762,20,21,1,0,20,21,5546,0,0,0,0,0
2020-07-21,US,South Dakota,McPherson,6,0,0,45.76626028,-99.22118798,46089.0,252.20680958385879,0.0,6,6,0,0,6,6,2407,0,0,0,0,0
2020-07-21,US,South Dakota,Meade,59,1,0,44.56676791,-102.71627409999999,46093.0,208.2450938867712,1.6949152542372878,58,58,1,0,57,58,28294,1,0,0,1,0
2020-07-21,US,South Dakota,Mellette,17,0,0,43.58078848,-100.7563186,46095.0,824.8423095584668,0.0,17,14,0,0,14,14,2042,3,0,0,3,0
2020-07-21,US,South Dakota,Miner,11,0,0,44.02197882,-97.60992207,46097.0,496.38989169675085,0.0,11,11,0,0,11,10,2213,0,0,0,0,1
2020-07-21,US,South Dakota,Minnehaha,3889,62,0,43.67441641,-96.7910885,46099.0,2013.6278438804147,1.5942401645667266,3827,3869,62,0,3807,3854,192876,20,0,0,20,15
2020-07-21,US,South Dakota,Moody,26,0,0,44.02266214,-96.67081159,46101.0,395.37712895377126,0.0,26,26,0,0,26,26,6579,0,0,0,0,0
2020-07-21,US,South Dakota,Oglala Lakota,132,1,0,43.33749164,-102.55554980000001,46102.0,931.085561120124,0.7575757575757576,131,129,1,0,128,127,14309,3,0,0,3,2
2020-07-21,US,South Dakota,Pennington,750,23,0,44.0025835,-102.8240777,46103.0,659.1957811470006,3.066666666666667,727,725,23,0,702,720,111729,25,0,0,25,5
2020-07-21,US,South Dakota,Perkins,4,0,0,45.49049506,-102.47555859999999,46105.0,139.61605584642234,0.0,4,4,0,0,4,4,2922,0,0,0,0,0
2020-07-21,US,South Dakota,Roberts,62,0,0,45.62975048,-96.94672673,46109.0,596.4979796036175,0.0,62,62,0,0,62,62,10447,0,0,0,0,0
2020-07-21,US,South Dakota,Sanborn,12,0,0,44.02351092,-98.09098159999999,46111.0,511.9453924914676,0.0,12,12,0,0,12,12,2429,0,0,0,0,0
2020-07-21,US,South Dakota,Spink,17,0,0,44.93837606,-98.34626602,46115.0,266.624843161857,0.0,17,16,0,0,16,16,6495,1,0,0,1,0
2020-07-21,US,South Dakota,Stanley,14,0,0,44.41381872,-100.7349153,46117.0,451.9044544867656,0.0,14,14,0,0,14,14,3022,0,0,0,0,0
2020-07-21,US,South Dakota,Sully,1,0,0,44.71571812,-100.1278092,46119.0,71.89072609633357,0.0,1,1,0,0,1,1,1392,0,0,0,0,0
2020-07-21,US,South Dakota,Todd,65,3,0,43.19338568,-100.71955030000001,46121.0,638.6950967868722,4.615384615384615,62,65,3,0,62,65,10283,0,0,0,0,0
2020-07-21,US,South Dakota,Tripp,19,0,0,43.34459388,-99.8854891,46123.0,349.2005146112847,0.0,19,19,0,0,19,19,5478,0,0,0,0,0
2020-07-21,US,South Dakota,Turner,33,0,0,43.3109081,-97.14865776,46125.0,393.6068702290077,0.0,33,33,0,0,33,33,8424,0,0,0,0,0
2020-07-21,US,South Dakota,Union,166,2,0,42.83112163,-96.6557828,46127.0,1041.928194828019,1.2048192771084338,164,164,2,0,162,161,15619,2,0,0,2,3
2020-07-21,US,South Dakota,Walworth,18,0,0,45.43019636,-100.03075140000001,46129.0,331.1867525298988,0.0,18,18,0,0,18,18,5587,0,0,0,0,0
2020-07-21,US,South Dakota,Yankton,91,2,0,43.00924485,-97.39467635,46135.0,398.8778820022793,2.1978021978021984,89,91,2,0,89,90,22869,0,0,0,0,1
2020-07-21,US,South Dakota,Ziebach,3,0,0,44.97881876,-101.6654622,46137.0,108.8534107402032,0.0,3,3,0,0,3,3,2742,0,0,0,0,0
2020-07-21,US,Tennessee,Anderson,327,3,0,36.12684348,-84.19965764,47001.0,424.796695159656,0.9174311926605504,324,300,3,0,297,289,76482,27,0,0,27,11
2020-07-21,US,Tennessee,Bedford,695,10,0,35.51123746,-86.45549096,47003.0,1398.0246615573392,1.4388489208633093,685,688,10,0,678,679,49038,7,0,0,7,9
2020-07-21,US,Tennessee,Benton,32,1,0,36.07110411,-88.06849355,47005.0,198.01980198019803,3.125,31,30,1,0,29,28,16184,2,0,0,2,2
2020-07-21,US,Tennessee,Bledsoe,643,1,0,35.59942968,-85.20611967,47007.0,4268.454593733404,0.15552099533437014,642,641,1,0,640,642,14755,2,0,0,2,-1
2020-07-21,US,Tennessee,Blount,592,6,0,35.68938198,-83.92847788,47009.0,444.8184659773984,1.0135135135135136,586,538,7,0,531,518,131349,54,-1,0,55,20
2020-07-21,US,Tennessee,Bradley,1271,8,0,35.15739424,-84.857186,47011.0,1175.654426047544,0.6294256490952006,1263,1239,7,0,1232,1205,106727,32,1,0,31,34
2020-07-21,US,Tennessee,Campbell,102,1,0,36.40355516,-84.15108559999999,47013.0,256.011244415441,0.9803921568627452,101,100,1,0,99,96,39583,2,0,0,2,4
2020-07-21,US,Tennessee,Cannon,72,0,0,35.80990797,-86.05738983,47015.0,490.5300449652542,0.0,72,71,0,0,71,70,14462,1,0,0,1,1
2020-07-21,US,Tennessee,Carroll,85,2,0,35.97366108,-88.45189331,47017.0,306.11877408434475,2.3529411764705883,83,80,2,0,78,77,28020,5,0,0,5,3
2020-07-21,US,Tennessee,Carter,220,2,0,36.28969086,-82.12588974,47019.0,390.1331772800624,0.9090909090909092,218,205,2,0,203,179,56351,15,0,0,15,26
2020-07-21,US,Tennessee,Cheatham,375,4,0,36.26136216,-87.08903581,47021.0,922.1235891509086,1.0666666666666669,371,371,4,0,367,364,40439,4,0,0,4,7
2020-07-21,US,Tennessee,Chester,125,0,0,35.42527478,-88.6095842,47023.0,722.6686708677803,0.0,125,120,0,0,120,115,17276,5,0,0,5,5
2020-07-21,US,Tennessee,Claiborne,124,0,0,36.48319149,-83.65947309,47025.0,387.9971213116806,0.0,124,118,0,0,118,113,31756,6,0,0,6,5
2020-07-21,US,Tennessee,Clay,35,0,0,36.55151008,-85.53930419,47027.0,459.6191726854892,0.0,35,34,0,0,34,33,7717,1,0,0,1,1
2020-07-21,US,Tennessee,Cocke,231,1,0,35.9278914,-83.11828725,47029.0,641.595378291301,0.4329004329004329,230,217,1,0,216,210,35774,14,0,0,14,7
2020-07-21,US,Tennessee,Coffee,220,0,0,35.49090731,-86.07311784,47031.0,389.242745930644,0.0,220,205,0,0,205,190,55700,15,0,0,15,15
2020-07-21,US,Tennessee,Crockett,113,3,0,35.81830662,-89.14916269,47033.0,794.0969782150388,2.6548672566371683,110,105,3,0,102,98,14328,8,0,0,8,7
2020-07-21,US,Tennessee,Cumberland,273,6,0,35.95271721,-84.99840585,47035.0,451.0905485789822,2.1978021978021984,267,255,6,0,249,253,59673,18,0,0,18,2
2020-07-21,US,Tennessee,Davidson,16545,172,0,36.17007426,-86.78646056,47037.0,2383.511202286557,1.0395889996977938,16373,16223,166,0,16057,16044,692587,322,6,0,316,179
2020-07-21,US,Tennessee,DeKalb,180,1,0,35.97616272,-85.83689361,47041.0,878.4773060029283,0.5555555555555556,179,145,1,0,144,138,20138,35,0,0,35,7
2020-07-21,US,Tennessee,Decatur,69,0,0,35.60048904,-88.11043779,47039.0,591.6145074166168,0.0,69,59,0,0,59,57,11706,10,0,0,10,2
2020-07-21,US,Tennessee,Dickson,398,0,0,36.14669837,-87.35891709,47043.0,737.7474605175354,0.0,398,390,0,0,390,376,53446,8,0,0,8,14
2020-07-21,US,Tennessee,Dyer,383,5,0,36.05931946,-89.41542855,47045.0,1030.705885518986,1.3054830287206267,378,373,4,0,369,365,37320,10,1,0,9,8
2020-07-21,US,Tennessee,Fayette,495,7,0,35.19615831,-89.41399032,47047.0,1203.41331777405,1.414141414141414,488,473,7,0,466,465,40507,22,0,0,22,8
2020-07-21,US,Tennessee,Fentress,45,0,0,36.38128818,-84.92870012,47049.0,242.9412082276089,0.0,45,41,0,0,41,40,18217,4,0,0,4,1
2020-07-21,US,Tennessee,Franklin,166,3,0,35.15634626,-86.09201039,47051.0,393.29037149355565,1.8072289156626504,163,164,3,0,161,158,41890,2,0,0,2,6
2020-07-21,US,Tennessee,Gibson,327,1,0,35.99438059,-88.93358327,47053.0,665.5404717806771,0.3058103975535168,326,312,1,0,311,306,49045,15,0,0,15,6
2020-07-21,US,Tennessee,Giles,213,2,0,35.20222469,-87.03992678,47055.0,722.9161010046158,0.9389671361502347,211,207,2,0,205,197,29503,6,0,0,6,10
2020-07-21,US,Tennessee,Grainger,92,0,0,36.27469206,-83.51254721,47057.0,394.51114922813036,0.0,92,74,0,0,74,73,23145,18,0,0,18,1
2020-07-21,US,Tennessee,Greene,238,4,0,36.17470125,-82.84691273,47059.0,344.58295327860543,1.680672268907563,234,223,3,0,220,209,69087,15,1,0,14,14
2020-07-21,US,Tennessee,Grundy,73,2,0,35.38433717,-85.72142731,47061.0,543.6806434795561,2.7397260273972597,71,72,2,0,70,73,13346,1,0,0,1,-1
2020-07-21,US,Tennessee,Hamblen,738,6,0,36.21990035,-83.26586179,47063.0,1136.5386392336834,0.8130081300813008,732,660,6,0,654,648,64569,78,0,0,78,12
2020-07-21,US,Tennessee,Hamilton,4424,40,0,35.17670231,-85.16652245,47065.0,1202.8145425280854,0.9041591320072332,4384,4341,40,0,4301,4233,364286,83,0,0,83,108
2020-07-21,US,Tennessee,Hancock,37,0,0,36.52692871,-83.22375847,47067.0,558.9123867069486,0.0,37,30,0,0,30,28,6549,7,0,0,7,2
2020-07-21,US,Tennessee,Hardeman,577,7,0,35.20772017,-88.99161161,47069.0,2303.393213572854,1.2131715771230502,570,556,7,0,549,547,25220,21,0,0,21,9
2020-07-21,US,Tennessee,Hardin,231,7,0,35.19732531,-88.18593755,47071.0,900.5145797598628,3.0303030303030303,224,203,7,0,196,194,25776,28,0,0,28,9
2020-07-21,US,Tennessee,Hawkins,153,2,0,36.44355426,-82.94885298,47073.0,269.4326066283943,1.30718954248366,151,145,2,0,143,139,56530,8,0,0,8,6
2020-07-21,US,Tennessee,Haywood,203,4,0,35.58332824,-89.28536625,47075.0,1173.1391585760518,1.9704433497536944,199,192,4,0,188,181,17335,11,0,0,11,11
2020-07-21,US,Tennessee,Henderson,206,0,0,35.65581134,-88.38600175,47077.0,732.6528434754774,0.0,206,175,0,0,175,161,27847,31,0,0,31,14
2020-07-21,US,Tennessee,Henry,69,0,0,36.33160906,-88.30121797,47079.0,213.32508888545368,0.0,69,63,0,0,63,62,32358,6,0,0,6,1
2020-07-21,US,Tennessee,Hickman,150,0,0,35.80609681,-87.47643507,47081.0,595.7582016045752,0.0,150,143,0,0,143,142,25063,7,0,0,7,1
2020-07-21,US,Tennessee,Houston,31,0,0,36.28872054,-87.71878828,47083.0,378.0026825996828,0.0,31,30,0,0,30,29,8263,1,0,0,1,1
2020-07-21,US,Tennessee,Humphreys,62,2,0,36.03958805,-87.77992872,47085.0,333.6562264557098,3.2258064516129035,60,62,2,0,60,62,18486,0,0,0,0,0
2020-07-21,US,Tennessee,Jackson,87,0,0,36.36380466,-85.67239905,47087.0,738.1639232988292,0.0,87,72,0,0,72,72,11758,15,0,0,15,0
2020-07-21,US,Tennessee,Jefferson,284,1,0,36.04818632,-83.45148924,47089.0,521.1487292412148,0.35211267605633795,283,264,1,0,263,261,54012,20,0,0,20,3
2020-07-21,US,Tennessee,Johnson,52,0,0,36.45523950000001,-81.84886538,47091.0,292.33190915223753,0.0,52,52,0,0,52,52,17778,0,0,0,0,0
2020-07-21,US,Tennessee,Knox,2539,18,0,35.99508821,-83.94635435,47093.0,539.8532466676446,0.7089405277668374,2521,2413,18,0,2395,2322,465289,126,0,0,126,91
2020-07-21,US,Tennessee,Lake,702,0,0,36.34180170000001,-89.48921915,47095.0,10005.70125427594,0.0,702,702,0,0,702,700,7411,0,0,0,0,2
2020-07-21,US,Tennessee,Lauderdale,267,5,0,35.75893438,-89.63015909999999,47097.0,1041.6260289470604,1.8726591760299625,262,254,5,0,249,247,25825,13,0,0,13,7
2020-07-21,US,Tennessee,Lawrence,321,6,0,35.21675201,-87.39787695,47099.0,727.198586380318,1.8691588785046729,315,302,6,0,296,296,43734,19,0,0,19,6
2020-07-21,US,Tennessee,Lewis,21,0,0,35.52853208,-87.49022694,47101.0,171.17704597326374,0.0,21,19,0,0,19,15,12086,2,0,0,2,4
2020-07-21,US,Tennessee,Lincoln,148,0,0,35.13738622,-86.58910106,47103.0,430.65820869464005,0.0,148,143,0,0,143,138,34117,5,0,0,5,5
2020-07-21,US,Tennessee,Loudon,437,3,0,35.73939663,-84.31145275,47105.0,808.2414736997855,0.6864988558352403,434,408,3,0,405,398,53054,29,0,0,29,10
2020-07-21,US,Tennessee,Macon,729,9,0,36.53157855,-86.00778595,47111.0,2963.173725713357,1.2345679012345678,720,703,8,0,695,701,24265,26,1,0,25,2
2020-07-21,US,Tennessee,Madison,522,3,0,35.61181957,-88.84076036,47113.0,532.7400391900718,0.5747126436781609,519,500,2,0,498,486,97605,22,1,0,21,14
2020-07-21,US,Tennessee,Marion,134,4,0,35.12997174,-85.62265895,47115.0,463.5555401805792,2.985074626865672,130,132,4,0,128,126,28575,2,0,0,2,6
2020-07-21,US,Tennessee,Marshall,173,2,0,35.45798777,-86.76420988,47117.0,503.27272727272725,1.1560693641618498,171,166,2,0,164,161,33683,7,0,0,7,5
2020-07-21,US,Tennessee,Maury,689,4,0,35.618741299999996,-87.07462444,47119.0,714.8266882463402,0.5805515239477503,685,665,4,0,661,629,94340,24,0,0,24,36
2020-07-21,US,Tennessee,McMinn,382,19,0,35.42812616,-84.61520715,47107.0,710.1163698553743,4.973821989528796,363,371,19,0,352,363,53285,11,0,0,11,8
2020-07-21,US,Tennessee,McNairy,178,1,0,35.17468549,-88.5647812,47109.0,692.7687397836072,0.5617977528089888,177,162,1,0,161,160,25832,16,0,0,16,2
2020-07-21,US,Tennessee,Meigs,60,0,0,35.51558739,-84.81482914,47121.0,483.01400740621483,0.0,60,53,0,0,53,51,12306,7,0,0,7,2
2020-07-21,US,Tennessee,Monroe,213,7,0,35.44550387,-84.24902965,47123.0,457.6216564614889,3.286384976525821,206,185,7,0,178,182,46357,28,0,0,28,3
2020-07-21,US,Tennessee,Montgomery,1196,9,0,36.49609412,-87.38550661,47125.0,572.2679706975832,0.7525083612040134,1187,1173,8,0,1165,1157,205950,23,1,0,22,16
2020-07-21,US,Tennessee,Moore,32,0,0,35.27724699,-86.36230578,47127.0,493.2182490752159,0.0,32,32,0,0,32,28,6411,0,0,0,0,4
2020-07-21,US,Tennessee,Morgan,45,1,0,36.13248031,-84.64880098,47129.0,210.25089940662525,2.2222222222222223,44,42,1,0,41,41,21579,3,0,0,3,1
2020-07-21,US,Tennessee,Obion,191,3,0,36.35732446,-89.14921589,47131.0,635.2056935714522,1.5706806282722514,188,175,3,0,172,168,30267,16,0,0,16,7
2020-07-21,US,Tennessee,Out of TN,2179,10,0,0.0,0.0,80047.0,0.0,0.4589261128958238,2169,2184,9,0,2175,2084,,-5,1,0,-6,100
2020-07-21,US,Tennessee,Overton,98,1,0,36.34117832,-85.28989535,47133.0,440.6276696191719,1.020408163265306,97,91,1,0,90,91,22068,7,0,0,7,0
2020-07-21,US,Tennessee,Perry,52,0,0,35.63708728,-87.86139634,47135.0,643.8831104507183,0.0,52,49,0,0,49,49,8064,3,0,0,3,0
2020-07-21,US,Tennessee,Pickett,13,1,0,36.55606529,-85.07763299999998,47137.0,257.52773375594296,7.6923076923076925,12,10,1,0,9,10,5082,3,0,0,3,0
2020-07-21,US,Tennessee,Polk,75,0,0,35.12245443,-84.52075859,47139.0,445.57984790874525,0.0,75,70,0,0,70,67,16898,5,0,0,5,3
2020-07-21,US,Tennessee,Putnam,1267,8,0,36.14005459,-85.50646123,47141.0,1578.9145741167677,0.6314127861089187,1259,1214,7,0,1207,1212,78843,53,1,0,52,2
2020-07-21,US,Tennessee,Rhea,409,0,0,35.60536161,-84.93076643,47143.0,1233.1534356438628,0.0,409,401,0,0,401,394,33044,8,0,0,8,7
2020-07-21,US,Tennessee,Roane,147,0,0,35.84923189,-84.52458689,47145.0,275.3737214791504,0.0,147,125,0,0,125,122,53140,22,0,0,22,3
2020-07-21,US,Tennessee,Robertson,1160,15,0,36.52454807,-86.87346725,47147.0,1615.3064208430228,1.293103448275862,1145,1143,14,0,1129,1130,71012,17,1,0,16,13
2020-07-21,US,Tennessee,Rutherford,4716,43,0,35.84591405,-86.4107263,47149.0,1419.2635839715906,0.9117896522476676,4673,4618,41,0,4577,4503,324890,98,2,0,96,115
2020-07-21,US,Tennessee,Scott,38,0,0,36.42325673,-84.50360494,47151.0,172.19503353271702,0.0,38,36,0,0,36,35,22039,2,0,0,2,1
2020-07-21,US,Tennessee,Sequatchie,64,0,0,35.36979721,-85.41022136,47153.0,425.9283907892985,0.0,64,61,0,0,61,63,14876,3,0,0,3,-2
2020-07-21,US,Tennessee,Sevier,1156,4,0,35.78077323,-83.52244332,47155.0,1176.590330788804,0.3460207612456747,1152,1112,4,0,1108,1087,97892,44,0,0,44,25
2020-07-21,US,Tennessee,Shelby,16904,252,0,35.1864775,-89.89692423,47157.0,1803.735944325765,1.4907714150496925,16652,16702,245,0,16457,16468,935764,202,7,0,195,234
2020-07-21,US,Tennessee,Smith,259,2,0,36.25359775,-85.95411046,47159.0,1284.9134295778142,0.7722007722007722,257,219,2,0,217,214,19942,40,0,0,40,5
2020-07-21,US,Tennessee,Stewart,47,0,0,36.50235092,-87.83920548,47161.0,342.69048487057967,0.0,47,47,0,0,47,44,13561,0,0,0,0,3
2020-07-21,US,Tennessee,Sullivan,444,6,0,36.51240691,-82.30412917,47163.0,280.39507919266424,1.351351351351351,438,427,6,0,421,387,157668,17,0,0,17,40
2020-07-21,US,Tennessee,Sumner,2571,62,0,36.46824103,-86.45917204,47165.0,1344.0818054923855,2.411513029949436,2509,2505,61,0,2444,2458,187149,66,1,0,65,47
2020-07-21,US,Tennessee,Tipton,835,8,0,35.501942,-89.73694895,47167.0,1355.5414860630856,0.9580838323353292,827,809,8,0,801,798,61581,26,0,0,26,11
2020-07-21,US,Tennessee,Trousdale,1547,6,0,36.39026213,-86.16087954,47169.0,13709.677419354839,0.3878474466709761,1541,1543,6,0,1537,1543,11012,4,0,0,4,0
2020-07-21,US,Tennessee,Unassigned,1381,1,0,0.0,0.0,90047.0,0.0,0.07241129616220131,1380,1337,1,0,1336,1256,,44,0,0,44,81
2020-07-21,US,Tennessee,Unicoi,70,0,0,36.10890856,-82.43709629,47171.0,391.43320471956605,0.0,70,69,0,0,69,66,17761,1,0,0,1,3
2020-07-21,US,Tennessee,Union,56,0,0,36.28590426,-83.83651902,47173.0,280.39254956939715,0.0,56,50,0,0,50,46,19688,6,0,0,6,4
2020-07-21,US,Tennessee,Van Buren,15,0,0,35.69864497,-85.45221699,47175.0,255.44959128065395,0.0,15,14,0,0,14,14,5765,1,0,0,1,0
2020-07-21,US,Tennessee,Warren,248,3,0,35.672829899999996,-85.77969117,47177.0,600.8188579596385,1.2096774193548387,245,222,3,0,219,215,40878,26,0,0,26,7
2020-07-21,US,Tennessee,Washington,490,0,0,36.29472368,-82.49454720000001,47179.0,378.74396135265687,0.0,490,470,0,0,470,430,128607,20,0,0,20,40
2020-07-21,US,Tennessee,Wayne,157,0,0,35.23868267,-87.78644456,47181.0,941.6421759731302,0.0,157,150,0,0,150,147,16558,7,0,0,7,3
2020-07-21,US,Tennessee,Weakley,109,1,0,36.29896232,-88.71990865,47183.0,327.05232837253965,0.9174311926605504,108,101,1,0,100,101,33415,8,0,0,8,0
2020-07-21,US,Tennessee,White,132,3,0,35.92929884,-85.45591799,47185.0,482.7207899067472,2.272727272727273,129,124,3,0,121,123,27107,8,0,0,8,1
2020-07-21,US,Tennessee,Williamson,2599,18,0,35.89099229,-86.89281867,47187.0,1090.1296914584836,0.6925740669488265,2581,2562,18,0,2544,2517,231729,37,0,0,37,45
2020-07-21,US,Tennessee,Wilson,1664,19,0,36.15496772,-86.29775884,47189.0,1150.3072785969568,1.1418269230769231,1645,1628,19,0,1609,1601,140625,36,0,0,36,27
2020-07-21,US,Texas,Anderson,2051,4,0,31.81534745,-95.65354823,48001.0,3552.4378626483067,0.19502681618722573,2047,2015,4,0,2011,2017,58057,36,0,0,36,-2
2020-07-21,US,Texas,Andrews,198,3,0,32.30468633,-102.63765479999999,48003.0,1058.540497193264,1.5151515151515151,195,189,2,0,187,189,18128,9,1,0,8,0
2020-07-21,US,Texas,Angelina,1000,12,0,31.25457347,-94.60901487,48005.0,1153.203021391916,1.2,988,1000,12,0,988,1000,87092,0,0,0,0,0
2020-07-21,US,Texas,Aransas,106,0,0,28.10556197,-96.9995047,48007.0,450.87196937473396,0.0,106,92,0,0,92,91,23792,14,0,0,14,1
2020-07-21,US,Texas,Archer,13,0,0,33.61569967,-98.68754589,48009.0,151.9934525897346,0.0,13,12,0,0,12,12,8786,1,0,0,1,0
2020-07-21,US,Texas,Armstrong,3,0,0,34.96507426,-101.35748740000001,48011.0,158.9825119236884,0.0,3,3,0,0,3,3,1892,0,0,0,0,0
2020-07-21,US,Texas,Atascosa,370,2,0,28.89333001,-98.52730485,48013.0,723.3202353723143,0.5405405405405406,368,355,2,0,353,355,50310,15,0,0,15,0
2020-07-21,US,Texas,Austin,165,0,0,29.88548725,-96.27736949,48015.0,549.413958444326,0.0,165,160,0,0,160,157,29989,5,0,0,5,3
2020-07-21,US,Texas,Bailey,126,1,0,34.06854817,-102.8299707,48017.0,1800.0,0.7936507936507936,125,125,1,0,124,120,7027,1,0,0,1,5
2020-07-21,US,Texas,Bandera,51,0,0,29.74619598,-99.24598147,48019.0,220.6645898234684,0.0,51,48,0,0,48,48,22824,3,0,0,3,0
2020-07-21,US,Texas,Bastrop,1046,12,0,30.10370699,-97.31206354,48021.0,1178.950215840312,1.147227533460803,1034,1034,12,0,1022,1001,86976,12,0,0,12,33
2020-07-21,US,Texas,Baylor,2,0,0,33.61640794,-99.21352901,48023.0,56.99629524080935,0.0,2,1,0,0,1,1,3582,1,0,0,1,0
2020-07-21,US,Texas,Bee,268,1,0,28.41761668,-97.74215593,48025.0,822.9694457239368,0.373134328358209,267,232,1,0,231,220,32587,36,0,0,36,12
2020-07-21,US,Texas,Bell,2788,18,0,31.03736027,-97.4785025,48027.0,768.2049134254004,0.6456241032998565,2770,2640,17,0,2623,2640,355642,148,1,0,147,0
2020-07-21,US,Texas,Bexar,31316,262,0,29.44928723,-98.52019748,48029.0,1563.0225090015044,0.8366330310384468,31054,31316,262,0,31054,30835,1986049,0,0,0,0,481
2020-07-21,US,Texas,Blanco,76,1,0,30.26640707,-98.3999852,48031.0,636.9960606822563,1.3157894736842106,75,76,1,0,75,73,11702,0,0,0,0,3
2020-07-21,US,Texas,Bosque,76,0,0,31.89978581,-97.63613524,48035.0,406.7433770404068,0.0,76,75,0,0,75,64,18691,1,0,0,1,11
2020-07-21,US,Texas,Bowie,630,17,0,33.44626922,-94.41834132,48037.0,675.6394444742348,2.6984126984126986,613,626,17,0,609,610,94324,4,0,0,4,16
2020-07-21,US,Texas,Brazoria,4896,34,0,29.18757369,-95.44563172,48039.0,1308.167496740269,0.6944444444444444,4862,4767,34,0,4733,4675,370200,129,0,0,129,92
2020-07-21,US,Texas,Brazos,3407,42,0,30.663644800000004,-96.30205577,48041.0,1486.4033576050015,1.232756090402113,3365,3397,40,0,3357,3373,226758,10,2,0,8,24
2020-07-21,US,Texas,Brewster,162,1,0,29.81008251,-103.25203259999999,48043.0,1760.2955557970224,0.6172839506172839,161,161,1,0,160,161,9267,1,0,0,1,0
2020-07-21,US,Texas,Briscoe,9,1,0,34.53026962,-101.2084947,48045.0,582.1474773609315,11.111111111111109,8,9,1,0,8,9,1516,0,0,0,0,0
2020-07-21,US,Texas,Brooks,56,0,0,27.03103197,-98.21808402,48047.0,789.5107852812632,0.0,56,56,0,0,56,56,7114,0,0,0,0,0
2020-07-21,US,Texas,Brown,289,13,0,31.77430356,-98.99907113,48049.0,763.2579759137967,4.498269896193771,276,273,13,0,260,273,37924,16,0,0,16,0
2020-07-21,US,Texas,Burleson,197,0,0,30.49273808,-96.62158484,48051.0,1068.155939923006,0.0,197,196,0,0,196,184,18389,1,0,0,1,12
2020-07-21,US,Texas,Burnet,345,6,0,30.78801353,-98.181887,48053.0,716.4365071124494,1.7391304347826086,339,331,6,0,325,328,47542,14,0,0,14,3
2020-07-21,US,Texas,Caldwell,870,7,0,29.83668859,-97.61814775,48055.0,1992.4880908757789,0.8045977011494253,863,841,7,0,834,835,43247,29,0,0,29,6
2020-07-21,US,Texas,Calhoun,258,3,0,28.47048236,-96.61633945,48057.0,1211.836542977924,1.162790697674419,255,217,3,0,214,217,21561,41,0,0,41,0
2020-07-21,US,Texas,Callahan,36,2,0,32.29760619,-99.37326312,48059.0,258.1940758803701,5.5555555555555545,34,32,2,0,30,32,13994,4,0,0,4,0
2020-07-21,US,Texas,Cameron,6213,111,0,26.14524221,-97.48140372,48061.0,1468.2285549540009,1.7865765330758088,6102,5891,96,0,5795,5891,423908,322,15,0,307,0
2020-07-21,US,Texas,Camp,170,2,0,32.97195142,-94.97790104,48063.0,1298.3045669772416,1.1764705882352942,168,167,2,0,165,164,13033,3,0,0,3,3
2020-07-21,US,Texas,Carson,10,0,0,35.40365929,-101.35426690000001,48065.0,168.74789065136684,0.0,10,10,0,0,10,10,6005,0,0,0,0,0
2020-07-21,US,Texas,Cass,92,3,0,33.07499881,-94.34646905,48067.0,306.4011190301738,3.260869565217391,89,90,3,0,87,88,30119,2,0,0,2,2
2020-07-21,US,Texas,Castro,146,1,0,34.53016752,-102.2617243,48069.0,1938.911022576361,0.6849315068493149,145,145,1,0,144,142,7665,1,0,0,1,3
2020-07-21,US,Texas,Chambers,735,5,0,29.70972016,-94.67154501,48071.0,1676.6658302347332,0.6802721088435374,730,698,5,0,693,698,42454,37,0,0,37,0
2020-07-21,US,Texas,Cherokee,516,2,0,31.837258000000002,-95.16559897,48073.0,980.1314439843485,0.3875968992248062,514,516,2,0,514,489,52592,0,0,0,0,27
2020-07-21,US,Texas,Childress,9,0,0,34.529304100000004,-100.2077916,48075.0,123.18642211880646,0.0,9,9,0,0,9,9,7291,0,0,0,0,0
2020-07-21,US,Texas,Clay,19,0,0,33.78686685,-98.20771198,48077.0,181.45353834399768,0.0,19,19,0,0,19,19,10456,0,0,0,0,0
2020-07-21,US,Texas,Cochran,9,0,0,33.60425307,-102.82844990000001,48079.0,315.4574132492114,0.0,9,9,0,0,9,9,2836,0,0,0,0,0
2020-07-21,US,Texas,Coke,10,1,0,31.88911733,-100.5297533,48081.0,295.24653085326247,10.0,9,9,1,0,8,9,3370,1,0,0,1,0
2020-07-21,US,Texas,Coleman,7,0,0,31.76736834,-99.45240766,48083.0,85.62691131498471,0.0,7,7,0,0,7,7,8397,0,0,0,0,0
2020-07-21,US,Texas,Collin,5456,65,0,33.18820114,-96.57264368,48085.0,527.2873116658452,1.1913489736070382,5391,5374,64,0,5310,5291,1005146,82,1,0,81,83
2020-07-21,US,Texas,Collingsworth,6,0,0,34.96489496,-100.27001109999999,48087.0,205.4794520547945,0.0,6,6,0,0,6,6,2962,0,0,0,0,0
2020-07-21,US,Texas,Colorado,215,0,0,29.622097999999998,-96.5273805,48089.0,1000.3256874331177,0.0,215,197,0,0,197,193,21217,18,0,0,18,4
2020-07-21,US,Texas,Comal,1380,37,0,29.80811278,-98.27647225,48091.0,883.4318125076019,2.681159420289855,1343,1300,37,0,1263,1300,148373,80,0,0,80,0
2020-07-21,US,Texas,Comanche,187,2,0,31.94854689,-98.55876441,48093.0,1371.4704803813715,1.0695187165775402,185,187,2,0,185,178,13534,0,0,0,0,9
2020-07-21,US,Texas,Concho,19,0,0,31.32635934,-99.86473038,48095.0,696.9919295671314,0.0,19,17,0,0,17,17,4276,2,0,0,2,0
2020-07-21,US,Texas,Cooke,153,0,0,33.63979567,-97.21240912,48097.0,370.84615943961023,0.0,153,120,0,0,120,120,40574,33,0,0,33,0
2020-07-21,US,Texas,Coryell,445,3,0,31.39078397,-97.79936155,48099.0,585.9040697291675,0.6741573033707865,442,436,3,0,433,436,74808,9,0,0,9,0
2020-07-21,US,Texas,Cottle,6,1,0,34.07783319,-100.27850620000001,48101.0,429.1845493562232,16.666666666666668,5,6,1,0,5,6,1389,0,0,0,0,0
2020-07-21,US,Texas,Crane,65,10,0,31.43052248,-102.5143314,48103.0,1355.0135501355016,15.384615384615385,55,65,10,0,55,65,4794,0,0,0,0,0
2020-07-21,US,Texas,Crockett,115,1,0,30.72367027,-101.4134238,48105.0,3319.861431870669,0.8695652173913043,114,103,1,0,102,96,3499,12,0,0,12,7
2020-07-21,US,Texas,Crosby,36,3,0,33.61431553,-101.30003640000001,48107.0,627.5056649816978,8.333333333333334,33,36,2,0,34,36,5779,0,1,0,-1,0
2020-07-21,US,Texas,Culberson,13,1,0,31.44506775,-104.5185739,48109.0,598.8023952095807,7.6923076923076925,12,13,1,0,12,13,2204,0,0,0,0,0
2020-07-21,US,Texas,Dallam,150,1,0,36.27787176,-102.60207249999999,48111.0,2058.460271716756,0.6666666666666666,149,149,1,0,148,146,7200,1,0,0,1,3
2020-07-21,US,Texas,Dallas,43026,537,0,32.76670599,-96.77796049999999,48113.0,1632.545581206868,1.2480825547343466,42489,42292,526,0,41766,40222,2637772,734,11,0,723,2070
2020-07-21,US,Texas,Dawson,106,1,0,32.74255572,-101.94772420000001,48115.0,832.8095537397862,0.9433962264150944,105,106,1,0,105,106,12619,0,0,0,0,0
2020-07-21,US,Texas,DeWitt,307,7,0,29.08101855,-97.35681170000001,48123.0,1522.8174603174602,2.280130293159609,300,306,7,0,299,306,20187,1,0,0,1,0
2020-07-21,US,Texas,Deaf Smith,468,17,0,34.96522957,-102.6054267,48117.0,2523.4551924943385,3.632478632478633,451,447,17,0,430,439,18760,21,0,0,21,8
2020-07-21,US,Texas,Delta,11,0,0,33.38570922,-95.66921122,48119.0,206.34027386981805,0.0,11,11,0,0,11,10,5349,0,0,0,0,1
2020-07-21,US,Texas,Denton,5098,45,0,33.20521901,-97.11691153,48121.0,574.6122381811685,0.8826990976853668,5053,4968,42,0,4926,4887,859064,130,3,0,127,81
2020-07-21,US,Texas,Dickens,4,0,0,33.61616822,-100.7788855,48125.0,180.91361374943463,0.0,4,4,0,0,4,4,2249,0,0,0,0,0
2020-07-21,US,Texas,Dimmit,60,0,0,28.42270064,-99.75645095,48127.0,592.6511260371393,0.0,60,56,0,0,56,56,10308,4,0,0,4,0
2020-07-21,US,Texas,Donley,35,0,0,34.96517499,-100.8140093,48129.0,1067.7242220866383,0.0,35,35,0,0,35,35,3319,0,0,0,0,0
2020-07-21,US,Texas,Duval,106,0,0,27.68184592,-98.50864568,48131.0,950.0761853544859,0.0,106,105,0,0,105,105,11212,1,0,0,1,0
2020-07-21,US,Texas,Eastland,34,0,0,32.32743996,-98.83243566,48133.0,185.1851851851852,0.0,34,29,0,0,29,29,18322,5,0,0,5,0
2020-07-21,US,Texas,Ector,2403,33,0,31.86898877,-102.54294279999999,48135.0,1445.648315816704,1.373283395755306,2370,2403,33,0,2370,1575,162124,0,0,0,0,828
2020-07-21,US,Texas,Edwards,15,0,0,29.98202582,-100.304252,48137.0,776.3975155279503,0.0,15,14,0,0,14,14,1928,1,0,0,1,0
2020-07-21,US,Texas,El Paso,12041,187,0,31.76980765,-106.23632749999999,48141.0,1434.7539077115189,1.5530271572128558,11854,11769,184,0,11585,11573,840758,272,3,0,269,196
2020-07-21,US,Texas,Ellis,2090,21,0,32.34894117,-96.79371841,48139.0,1130.7932866588035,1.0047846889952152,2069,1972,21,0,1951,1972,179436,118,0,0,118,0
2020-07-21,US,Texas,Erath,350,2,0,32.23602653,-98.21773417,48143.0,819.7105250831421,0.5714285714285714,348,339,2,0,337,339,42446,11,0,0,11,0
2020-07-21,US,Texas,Falls,75,0,0,31.25350609,-96.93630086,48145.0,433.6012025206683,0.0,75,68,0,0,68,68,17335,7,0,0,7,0
2020-07-21,US,Texas,Fannin,175,8,0,33.59564294,-96.10751083,48147.0,492.7634172439038,4.571428571428571,167,165,8,0,157,165,35286,10,0,0,10,0
2020-07-21,US,Texas,Fayette,247,5,0,29.87788372,-96.92076062,48149.0,974.5127436281861,2.0242914979757085,242,247,5,0,242,217,25349,0,0,0,0,30
2020-07-21,US,Texas,Fisher,22,1,0,32.74281316,-100.40193020000001,48151.0,574.4125326370757,4.545454545454546,21,22,1,0,21,22,3839,0,0,0,0,0
2020-07-21,US,Texas,Floyd,63,4,0,34.07227468,-101.3031546,48153.0,1102.9411764705883,6.349206349206349,59,62,3,0,59,61,5837,1,1,0,0,1
2020-07-21,US,Texas,Foard,2,0,0,33.97308618,-99.7767797,48155.0,173.16017316017312,0.0,2,1,0,0,1,1,1200,1,0,0,1,0
2020-07-21,US,Texas,Fort Bend,5995,72,0,29.52704478,-95.77219463,48157.0,738.5842836163649,1.201000834028357,5923,5995,72,0,5923,5979,787858,0,0,0,0,16
2020-07-21,US,Texas,Franklin,68,1,0,33.17653242,-95.21917243,48159.0,634.0326340326343,1.4705882352941178,67,67,1,0,66,67,10766,1,0,0,1,0
2020-07-21,US,Texas,Freestone,106,0,0,31.70422788,-96.15072516,48161.0,537.607141045798,0.0,106,96,0,0,96,95,19808,10,0,0,10,1
2020-07-21,US,Texas,Frio,380,1,0,28.86751206,-99.10804207,48163.0,1871.3680685511672,0.2631578947368421,379,376,1,0,375,376,19816,4,0,0,4,0
2020-07-21,US,Texas,Gaines,60,0,0,32.74055318,-102.6353295,48165.0,279.17364600781684,0.0,60,57,0,0,57,57,20901,3,0,0,3,0
2020-07-21,US,Texas,Galveston,7354,66,0,29.40167322,-94.90469073,48167.0,2149.4188034687654,0.8974707642099538,7288,7354,66,0,7288,7125,337890,0,0,0,0,229
2020-07-21,US,Texas,Garza,82,1,0,33.17969345,-101.2984114,48169.0,1316.4231818911542,1.2195121951219512,81,60,1,0,59,60,6578,22,0,0,22,0
2020-07-21,US,Texas,Gillespie,124,0,0,30.31824095,-98.94676915,48171.0,459.46346524381204,0.0,124,123,0,0,123,123,26804,1,0,0,1,0
2020-07-21,US,Texas,Glasscock,6,0,0,31.86942909,-101.5207776,48173.0,425.83392476934,0.0,6,6,0,0,6,6,1388,0,0,0,0,0
2020-07-21,US,Texas,Goliad,34,0,0,28.65696592,-97.42760647,48175.0,443.98015147558107,0.0,34,31,0,0,31,31,7584,3,0,0,3,0
2020-07-21,US,Texas,Gonzales,476,4,0,29.45634206,-97.49424032,48177.0,2284.397945961511,0.8403361344537815,472,433,4,0,429,433,20826,43,0,0,43,0
2020-07-21,US,Texas,Gray,140,4,0,35.40081878,-100.8129222,48179.0,639.678333181029,2.8571428571428568,136,140,4,0,136,139,21895,0,0,0,0,1
2020-07-21,US,Texas,Grayson,862,8,0,33.62744998,-96.67753461,48181.0,632.8370481308549,0.9280742459396752,854,849,8,0,841,848,133991,13,0,0,13,1
2020-07-21,US,Texas,Gregg,1093,15,0,32.47940482,-94.81591935,48183.0,881.8427528339183,1.372369624885636,1078,1008,15,0,993,1008,123707,85,0,0,85,0
2020-07-21,US,Texas,Grimes,739,2,0,30.54579585,-95.98902499,48185.0,2558.8642659279776,0.2706359945872801,737,726,2,0,724,722,28360,13,0,0,13,4
2020-07-21,US,Texas,Guadalupe,1364,4,0,29.58165339,-97.94786822,48187.0,817.5154482849557,0.2932551319648094,1360,1296,4,0,1292,1296,163694,68,0,0,68,0
2020-07-21,US,Texas,Hale,934,19,0,34.07044901,-101.82681140000001,48189.0,2795.904927258576,2.034261241970021,915,934,19,0,915,934,33830,0,0,0,0,0
2020-07-21,US,Texas,Hall,2,1,0,34.5307555,-100.68138520000001,48191.0,67.47638326585695,50.0,1,2,1,0,1,2,3028,0,0,0,0,0
2020-07-21,US,Texas,Hamilton,47,1,0,31.70470573,-98.11083887,48193.0,555.489894811488,2.127659574468085,46,45,1,0,44,45,8484,2,0,0,2,0
2020-07-21,US,Texas,Hansford,44,2,0,36.27743284,-101.3545796,48195.0,814.9657343952582,4.545454545454546,42,43,2,0,41,43,5463,1,0,0,1,0
2020-07-21,US,Texas,Hardeman,8,0,0,34.28944521,-99.74632408,48197.0,203.40706839562682,0.0,8,6,0,0,6,6,3922,2,0,0,2,0
2020-07-21,US,Texas,Hardin,568,5,0,30.33364686,-94.38931817,48199.0,986.076872330822,0.8802816901408451,563,524,5,0,519,524,57207,44,0,0,44,0
2020-07-21,US,Texas,Harris,58457,561,0,29.86,-95.39,48201.0,1240.2497175560775,0.9596797646133056,57896,57071,545,0,56526,55743,4698619,1386,16,0,1370,1328
2020-07-21,US,Texas,Harrison,519,33,0,32.54935988,-94.36934071,48203.0,779.8296094841705,6.3583815028901745,486,513,33,0,480,505,66726,6,0,0,6,8
2020-07-21,US,Texas,Hartley,71,2,0,35.84008013,-102.6029022,48205.0,1273.3142037302725,2.8169014084507036,69,70,2,0,68,67,5619,1,0,0,1,3
2020-07-21,US,Texas,Haskell,25,0,0,33.17823584,-99.73037358,48207.0,441.85224460940265,0.0,25,24,0,0,24,24,5813,1,0,0,1,0
2020-07-21,US,Texas,Hays,4004,21,0,30.05669873,-98.02944344,48209.0,1739.4250861241314,0.5244755244755245,3983,3979,17,0,3962,3865,222631,25,4,0,21,114
2020-07-21,US,Texas,Hemphill,23,0,0,35.83764858,-100.2703577,48211.0,602.2518984027232,0.0,23,23,0,0,23,23,3825,0,0,0,0,0
2020-07-21,US,Texas,Henderson,430,5,0,32.21128872,-95.85846587,48213.0,519.7191099508079,1.162790697674419,425,380,5,0,375,380,82299,50,0,0,50,0
2020-07-21,US,Texas,Hidalgo,12787,318,0,26.39418217,-98.18299696,48215.0,1471.9577487000797,2.486900758582936,12469,12787,318,0,12469,12263,865939,0,0,0,0,524
2020-07-21,US,Texas,Hill,210,2,0,31.99045053,-97.13423143,48217.0,573.0033561625147,0.9523809523809524,208,204,2,0,202,202,36354,6,0,0,6,2
2020-07-21,US,Texas,Hockley,131,3,0,33.60771256,-102.3431676,48219.0,569.0456539681162,2.2900763358778624,128,129,3,0,126,128,22980,2,0,0,2,1
2020-07-21,US,Texas,Hood,288,5,0,32.42990927,-97.83242024,48221.0,467.2063332414062,1.7361111111111112,283,288,5,0,283,246,60537,0,0,0,0,42
2020-07-21,US,Texas,Hopkins,136,1,0,33.14875072,-95.56351139,48223.0,366.73498004530256,0.7352941176470589,135,129,1,0,128,124,36810,7,0,0,7,5
2020-07-21,US,Texas,Houston,217,0,0,31.31925973,-95.42226208,48225.0,944.7927551375827,0.0,217,217,0,0,217,209,23169,0,0,0,0,8
2020-07-21,US,Texas,Howard,98,2,0,32.30621324,-101.4356444,48227.0,267.29216670303293,2.0408163265306123,96,90,2,0,88,90,36459,8,0,0,8,0
2020-07-21,US,Texas,Hudspeth,18,0,0,31.45628381,-105.388178,48229.0,368.3995088006549,0.0,18,18,0,0,18,18,4795,0,0,0,0,0
2020-07-21,US,Texas,Hunt,850,8,0,33.12351514,-96.08551032,48231.0,862.1214272673793,0.9411764705882352,842,850,8,0,842,850,96493,0,0,0,0,0
2020-07-21,US,Texas,Hutchinson,95,1,0,35.84006574,-101.3546643,48233.0,453.7205081669691,1.0526315789473684,94,91,1,0,90,91,21198,4,0,0,4,0
2020-07-21,US,Texas,Irion,4,0,0,31.30375559,-100.982439,48235.0,260.4166666666667,0.0,4,4,0,0,4,4,1522,0,0,0,0,0
2020-07-21,US,Texas,Jack,19,0,0,33.23377248,-98.17283469,48237.0,212.64689423615002,0.0,19,14,0,0,14,14,8843,5,0,0,5,0
2020-07-21,US,Texas,Jackson,150,1,0,28.95472367,-96.57749563,48239.0,1016.260162601626,0.6666666666666666,149,147,1,0,146,147,14874,3,0,0,3,0
2020-07-21,US,Texas,Jasper,95,1,0,30.74685667,-94.02667579,48241.0,267.3872048185989,1.0526315789473684,94,93,1,0,92,92,35872,2,0,0,2,1
2020-07-21,US,Texas,Jeff Davis,7,0,0,30.71490589,-104.1399973,48243.0,307.82761653474057,0.0,7,6,0,0,6,6,2252,1,0,0,1,0
2020-07-21,US,Texas,Jefferson,4493,48,0,29.8832777,-94.16434171,48245.0,1786.0195178184565,1.0683285110171377,4445,4260,47,0,4213,4260,255001,233,1,0,232,0
2020-07-21,US,Texas,Jim Hogg,43,0,0,27.04453923,-98.69681870000001,48247.0,826.9230769230769,0.0,43,42,0,0,42,42,5248,1,0,0,1,0
2020-07-21,US,Texas,Jim Wells,433,0,0,27.73103938,-98.0904705,48249.0,1069.6111852181216,0.0,433,402,0,0,402,400,40822,31,0,0,31,2
2020-07-21,US,Texas,Johnson,1057,7,0,32.37877812,-97.36615819,48251.0,601.1932862009929,0.6622516556291391,1050,973,7,0,966,973,171361,84,0,0,84,0
2020-07-21,US,Texas,Jones,659,0,0,32.73997145,-99.87861576,48253.0,3281.382263606035,0.0,659,641,0,0,641,641,19817,18,0,0,18,0
2020-07-21,US,Texas,Karnes,170,0,0,28.90705334,-97.85960149,48255.0,1089.6737388628937,0.0,170,153,0,0,153,153,15650,17,0,0,17,0
2020-07-21,US,Texas,Kaufman,1279,5,0,32.599141700000004,-96.28734728,48257.0,939.3774696299776,0.3909304143862393,1274,1222,5,0,1217,1222,128622,57,0,0,57,0
2020-07-21,US,Texas,Kendall,122,0,0,29.94414155,-98.7113588,48259.0,257.2157449769138,0.0,122,117,0,0,117,117,45641,5,0,0,5,0
2020-07-21,US,Texas,Kenedy,3,0,0,26.92601662,-97.66413984,48261.0,742.5742574257425,0.0,3,3,0,0,3,3,442,0,0,0,0,0
2020-07-21,US,Texas,Kent,2,0,0,33.18104136,-100.7780939,48263.0,262.46719160104993,0.0,2,2,0,0,2,2,726,0,0,0,0,0
2020-07-21,US,Texas,Kerr,274,1,0,30.06040006,-99.34930144,48265.0,520.9125475285172,0.36496350364963503,273,255,1,0,254,255,52405,19,0,0,19,0
2020-07-21,US,Texas,Kimble,12,0,0,30.48678918,-99.74856473,48267.0,276.688955499193,0.0,12,11,0,0,11,11,4362,1,0,0,1,0
2020-07-21,US,Texas,Kinney,6,0,0,29.34967888,-100.41866379999999,48271.0,163.6214889555495,0.0,6,4,0,0,4,4,3767,2,0,0,2,0
2020-07-21,US,Texas,Kleberg,279,2,0,27.42435506,-97.69894948,48273.0,909.387222946545,0.7168458781362007,277,268,2,0,266,265,31129,11,0,0,11,3
2020-07-21,US,Texas,Knox,17,0,0,33.60519951,-99.74229059999999,48275.0,463.97379912663763,0.0,17,17,0,0,17,17,3653,0,0,0,0,0
2020-07-21,US,Texas,La Salle,335,0,0,28.34453111,-99.09908775,48283.0,4454.787234042553,0.0,335,311,0,0,311,311,7531,24,0,0,24,0
2020-07-21,US,Texas,Lamar,483,15,0,33.66981763,-95.57404777,48277.0,968.7318237429553,3.1055900621118013,468,470,15,0,455,465,49728,13,0,0,13,5
2020-07-21,US,Texas,Lamb,131,1,0,34.06859623,-102.35162890000001,48279.0,1016.0552237648337,0.7633587786259542,130,119,1,0,118,118,13158,12,0,0,12,1
2020-07-21,US,Texas,Lampasas,50,0,0,31.19531316,-98.24206613,48281.0,233.3395557214859,0.0,50,48,0,0,48,47,21229,2,0,0,2,1
2020-07-21,US,Texas,Lavaca,495,1,0,29.38508402,-96.93186692,48285.0,2456.0881214647216,0.202020202020202,494,464,1,0,463,464,20110,31,0,0,31,0
2020-07-21,US,Texas,Lee,121,3,0,30.31120597,-96.97045773,48287.0,701.8968617669236,2.479338842975207,118,118,3,0,115,119,17144,3,0,0,3,-1
2020-07-21,US,Texas,Leon,120,0,0,31.29872538,-95.9936328,48289.0,689.4966674327742,0.0,120,119,0,0,119,118,17270,1,0,0,1,1
2020-07-21,US,Texas,Liberty,669,3,0,30.15152688,-94.81205615,48291.0,758.3400401274102,0.4484304932735426,666,650,3,0,647,639,86323,19,0,0,19,11
2020-07-21,US,Texas,Limestone,121,1,0,31.5454767,-96.58095444,48293.0,516.2776805905194,0.8264462809917356,120,118,1,0,117,119,23519,3,0,0,3,-1
2020-07-21,US,Texas,Lipscomb,12,0,0,36.27783108,-100.27331509999999,48295.0,371.17228580266,0.0,12,12,0,0,12,12,3355,0,0,0,0,0
2020-07-21,US,Texas,Live Oak,106,1,0,28.35101362,-98.1246786,48297.0,868.3542229868109,0.9433962264150944,105,101,1,0,100,101,12166,5,0,0,5,0
2020-07-21,US,Texas,Llano,62,0,0,30.70645047,-98.68475262,48299.0,284.46891488873587,0.0,62,60,0,0,60,60,21646,2,0,0,2,0
2020-07-21,US,Texas,Lubbock,4556,66,0,33.61008596,-101.82047890000001,48303.0,1466.9847924293795,1.4486391571553994,4490,4482,65,0,4417,4445,307412,74,1,0,73,37
2020-07-21,US,Texas,Lynn,55,3,0,33.17657705,-101.8162849,48305.0,924.2144177449167,5.454545454545454,52,55,3,0,52,55,5877,0,0,0,0,0
2020-07-21,US,Texas,Madison,188,0,0,30.96694679,-95.93003775,48313.0,1316.1579389526746,0.0,188,184,0,0,184,183,14422,4,0,0,4,1
2020-07-21,US,Texas,Marion,111,2,0,32.79868409,-94.35661230000001,48315.0,1126.4461132535014,1.8018018018018016,109,108,2,0,106,71,9928,3,0,0,3,37
2020-07-21,US,Texas,Martin,34,1,0,32.30600051,-101.9513518,48317.0,589.152659850979,2.9411764705882355,33,32,1,0,31,32,5753,2,0,0,2,0
2020-07-21,US,Texas,Mason,38,0,0,30.71780434,-99.22629416,48319.0,889.0968647636874,0.0,38,38,0,0,38,38,4280,0,0,0,0,0
2020-07-21,US,Texas,Matagorda,487,5,0,28.81955746,-96.01230294,48321.0,1329.0396528668505,1.026694045174538,482,475,5,0,470,461,36552,12,0,0,12,14
2020-07-21,US,Texas,Maverick,1283,19,0,28.7429195,-100.3157686,48323.0,2184.8710874970197,1.480904130943102,1264,1283,19,0,1264,1169,58485,0,0,0,0,114
2020-07-21,US,Texas,McCulloch,30,0,0,31.1925468,-99.34682807,48307.0,375.75150300601194,0.0,30,30,0,0,30,30,7987,0,0,0,0,0
2020-07-21,US,Texas,McLennan,3472,24,0,31.55255453,-97.20217694,48309.0,1352.957451202737,0.6912442396313364,3448,3413,24,0,3389,3291,254607,59,0,0,59,122
2020-07-21,US,Texas,McMullen,4,0,0,28.35251708,-98.56769164,48311.0,538.3580080753701,0.0,4,4,0,0,4,4,749,0,0,0,0,0
2020-07-21,US,Texas,Medina,524,4,0,29.355730100000002,-99.11030298,48325.0,1015.8188585607941,0.7633587786259542,520,492,4,0,488,492,50921,32,0,0,32,0
2020-07-21,US,Texas,Menard,15,0,0,30.88990665,-99.82047940000001,48327.0,701.5902712815715,0.0,15,15,0,0,15,15,2139,0,0,0,0,0
2020-07-21,US,Texas,Midland,1522,29,0,31.86904128,-102.03156820000001,48329.0,860.7039449873326,1.9053876478318004,1493,1522,28,0,1494,1387,172578,0,1,0,-1,135
2020-07-21,US,Texas,Milam,240,2,0,30.78581830000001,-96.97718698,48331.0,966.845264472465,0.8333333333333334,238,217,2,0,215,217,25131,23,0,0,23,0
2020-07-21,US,Texas,Mills,8,0,0,31.49557106,-98.59272068,48333.0,164.16991586291812,0.0,8,8,0,0,8,7,4921,0,0,0,0,1
2020-07-21,US,Texas,Mitchell,31,0,0,32.30623474,-100.9212058,48335.0,362.7852545348157,0.0,31,31,0,0,31,31,8145,0,0,0,0,0
2020-07-21,US,Texas,Montague,37,1,0,33.67521893,-97.72500958,48337.0,186.6989605409224,2.702702702702702,36,35,1,0,34,35,19596,2,0,0,2,0
2020-07-21,US,Texas,Montgomery,5169,49,0,30.30079133,-95.50572772,48339.0,851.0168902733168,0.9479589862642678,5120,5067,49,0,5018,4721,590925,102,0,0,102,346
2020-07-21,US,Texas,Moore,951,15,0,35.83769242,-101.8930281,48341.0,4541.547277936963,1.5772870662460567,936,942,15,0,927,940,21485,9,0,0,9,2
2020-07-21,US,Texas,Morris,65,0,0,33.11304005,-94.73255695,48343.0,524.7013238618017,0.0,65,64,0,0,64,63,12339,1,0,0,1,1
2020-07-21,US,Texas,Motley,2,0,0,34.07408766,-100.77972199999999,48345.0,166.66666666666666,0.0,2,2,0,0,2,2,1234,0,0,0,0,0
2020-07-21,US,Texas,Nacogdoches,743,35,0,31.62017125,-94.61803994,48347.0,1139.5006441322619,4.710632570659488,708,669,35,0,634,665,65711,74,0,0,74,4
2020-07-21,US,Texas,Navarro,596,10,0,32.04620681,-96.47428766,48349.0,1189.3121545307606,1.6778523489932886,586,562,9,0,553,562,49565,34,1,0,33,0
2020-07-21,US,Texas,Newton,30,0,0,30.78548982,-93.74408813,48351.0,220.6693637366679,0.0,30,29,0,0,29,29,13746,1,0,0,1,0
2020-07-21,US,Texas,Nolan,90,1,0,32.30365282,-100.4060208,48353.0,611.6623623759684,1.1111111111111112,89,90,1,0,89,90,14751,0,0,0,0,0
2020-07-21,US,Texas,Nueces,9105,108,0,27.736286,-97.5433285,48355.0,2513.152301721806,1.186161449752883,8997,8816,103,0,8713,8579,362265,289,5,0,284,237
2020-07-21,US,Texas,Ochiltree,62,2,0,36.27829105,-100.8158184,48357.0,630.3375355835708,3.2258064516129035,60,62,2,0,60,62,9947,0,0,0,0,0
2020-07-21,US,Texas,Oldham,12,1,0,35.40425596,-102.6027606,48359.0,568.1818181818181,8.333333333333334,11,9,1,0,8,7,2131,3,0,0,3,2
2020-07-21,US,Texas,Orange,766,7,0,30.11879481,-93.89412775,48361.0,918.5092810206723,0.9138381201044388,759,720,7,0,713,720,83572,46,0,0,46,0
2020-07-21,US,Texas,Palo Pinto,95,2,0,32.75310985,-98.31319001,48363.0,325.465072458803,2.1052631578947367,93,84,2,0,82,84,28875,11,0,0,11,0
2020-07-21,US,Texas,Panola,250,24,0,32.163959600000005,-94.30552481,48365.0,1077.8649650771754,9.6,226,248,24,0,224,241,23148,2,0,0,2,7
2020-07-21,US,Texas,Parker,743,1,0,32.77757172,-97.80500621,48367.0,520.0240764848332,0.13458950201884254,742,697,1,0,696,697,138371,46,0,0,46,0
2020-07-21,US,Texas,Parmer,269,8,0,34.52993409,-102.78446679999999,48369.0,2800.6246746486204,2.9739776951672865,261,261,8,0,253,257,9864,8,0,0,8,4
2020-07-21,US,Texas,Pecos,178,1,0,30.78097267,-102.72412609999999,48371.0,1124.9447007520696,0.5617977528089888,177,166,1,0,165,166,15673,12,0,0,12,0
2020-07-21,US,Texas,Polk,414,1,0,30.79472531,-94.82766240000001,48373.0,806.1846435456546,0.24154589371980675,413,414,1,0,413,414,50031,0,0,0,0,0
2020-07-21,US,Texas,Potter,3212,41,0,35.40133773,-101.893964,48375.0,2735.595963037091,1.2764632627646326,3171,3159,39,0,3120,3159,119648,53,2,0,51,0
2020-07-21,US,Texas,Presidio,28,0,0,29.99954402,-104.24080790000001,48377.0,417.6610978520287,0.0,28,28,0,0,28,28,6948,0,0,0,0,0
2020-07-21,US,Texas,Rains,28,1,0,32.87109387,-95.79232691,48379.0,223.74940067124817,3.571428571428572,27,25,1,0,24,25,12159,3,0,0,3,0
2020-07-21,US,Texas,Randall,1307,13,0,34.96585996,-101.8971322,48381.0,949.075250702548,0.9946442234123948,1294,1260,7,0,1253,1260,136271,47,6,0,41,0
2020-07-21,US,Texas,Reagan,51,1,0,31.36607041,-101.52326590000001,48383.0,1325.0194855806706,1.96078431372549,50,49,1,0,48,47,3741,2,0,0,2,2
2020-07-21,US,Texas,Real,10,0,0,29.83321503,-99.82018052,48385.0,289.6871378910776,0.0,10,8,0,0,8,8,3478,2,0,0,2,0
2020-07-21,US,Texas,Red River,130,12,0,33.61886692,-95.04841765,48387.0,1081.2609165765616,9.23076923076923,118,130,12,0,118,129,12175,0,0,0,0,1
2020-07-21,US,Texas,Reeves,92,2,0,31.32323325,-103.69038959999999,48389.0,575.8637956935403,2.1739130434782608,90,90,2,0,88,89,15695,2,0,0,2,1
2020-07-21,US,Texas,Refugio,106,0,0,28.323897600000002,-97.15766311,48391.0,1525.6188831318366,0.0,106,89,0,0,89,79,7032,17,0,0,17,10
2020-07-21,US,Texas,Roberts,6,0,0,35.83809685,-100.813175,48393.0,702.5761124121782,0.0,6,6,0,0,6,6,903,0,0,0,0,0
2020-07-21,US,Texas,Robertson,164,0,0,31.02539637,-96.51272246,48395.0,960.5247745109523,0.0,164,155,0,0,155,155,17284,9,0,0,9,0
2020-07-21,US,Texas,Rockwall,565,17,0,32.89779518,-96.40771592,48397.0,538.5311919172664,3.008849557522124,548,537,17,0,520,537,100657,28,0,0,28,0
2020-07-21,US,Texas,Runnels,44,0,0,31.8314342,-99.97616148,48399.0,428.68277474668747,0.0,44,35,0,0,35,35,10234,9,0,0,9,0
2020-07-21,US,Texas,Rusk,265,3,0,32.10773545,-94.76176432,48401.0,487.0786310333419,1.1320754716981132,262,260,3,0,257,271,54450,5,0,0,5,-11
2020-07-21,US,Texas,Sabine,39,1,0,31.34318809,-93.85440451,48403.0,369.94877632327825,2.5641025641025643,38,36,1,0,35,35,10589,3,0,0,3,1
2020-07-21,US,Texas,San Augustine,139,12,0,31.39457611,-94.17000399,48405.0,1687.5075877139734,8.633093525179858,127,139,12,0,127,139,8232,0,0,0,0,0
2020-07-21,US,Texas,San Jacinto,124,2,0,30.57933681,-95.16260304,48407.0,429.675317925084,1.6129032258064515,122,125,2,0,123,130,28719,-1,0,0,-1,-5
2020-07-21,US,Texas,San Patricio,440,0,0,28.00880118,-97.51763891,48409.0,659.3735950846695,0.0,440,402,0,0,402,402,66893,38,0,0,38,0
2020-07-21,US,Texas,San Saba,12,0,0,31.1577796,-98.81758731,48411.0,198.1833195706028,0.0,12,11,0,0,11,11,6054,1,0,0,1,0
2020-07-21,US,Texas,Schleicher,31,1,0,30.89740592,-100.5384842,48413.0,1109.9176512710346,3.2258064516129035,30,30,1,0,29,30,2895,1,0,0,1,0
2020-07-21,US,Texas,Scurry,371,1,0,32.74613808,-100.91626640000001,48415.0,2221.157875830689,0.2695417789757412,370,367,1,0,366,367,16866,4,0,0,4,0
2020-07-21,US,Texas,Shackelford,18,0,0,32.73587756,-99.35401337,48417.0,551.3016845329249,0.0,18,13,0,0,13,13,3253,5,0,0,5,0
2020-07-21,US,Texas,Shelby,327,14,0,31.79211404,-94.14550696,48419.0,1293.8197356967635,4.281345565749237,313,322,14,0,308,321,25418,5,0,0,5,1
2020-07-21,US,Texas,Sherman,34,0,0,36.27751473,-101.8933156,48421.0,1125.0827266710787,0.0,34,34,0,0,34,34,3079,0,0,0,0,0
2020-07-21,US,Texas,Smith,1907,10,0,32.37474036,-95.27175679999999,48423.0,819.330529192141,0.5243838489774515,1897,1762,10,0,1752,1762,230221,145,0,0,145,0
2020-07-21,US,Texas,Somervell,39,0,0,32.22236802,-97.77403489,48425.0,427.2567922874672,0.0,39,35,0,0,35,35,9016,4,0,0,4,0
2020-07-21,US,Texas,Starr,1432,15,0,26.56150059,-98.73892358,48427.0,2215.586465118438,1.047486033519553,1417,1362,15,0,1347,1362,64525,70,0,0,70,0
2020-07-21,US,Texas,Stephens,18,0,0,32.73553157,-98.83631615,48429.0,192.18449711723247,0.0,18,16,0,0,16,16,9433,2,0,0,2,0
2020-07-21,US,Texas,Sterling,1,0,0,31.82781912,-101.05007459999999,48431.0,77.45933384972889,0.0,1,1,0,0,1,1,1311,0,0,0,0,0
2020-07-21,US,Texas,Stonewall,4,0,0,33.17906744,-100.25384009999999,48433.0,296.2962962962963,0.0,4,4,0,0,4,4,1362,0,0,0,0,0
2020-07-21,US,Texas,Sutton,46,0,0,30.49856623,-100.5382014,48435.0,1218.2203389830506,0.0,46,39,0,0,39,39,3758,7,0,0,7,0
2020-07-21,US,Texas,Swisher,67,1,0,34.53028891,-101.73491740000001,48437.0,905.7726105177776,1.492537313432836,66,65,1,0,64,64,7462,2,0,0,2,1
2020-07-21,US,Texas,Tarrant,22002,299,0,32.77143818,-97.29101614,48439.0,1046.4610240592813,1.3589673666030362,21703,22002,299,0,21703,21617,2084931,0,0,0,0,385
2020-07-21,US,Texas,Taylor,947,11,0,32.30163422,-99.89007449,48441.0,686.0628540794298,1.1615628299894405,936,921,11,0,910,904,137640,26,0,0,26,17
2020-07-21,US,Texas,Terrell,2,0,0,30.22429013,-102.0766732,48443.0,257.73195876288656,0.0,2,2,0,0,2,2,823,0,0,0,0,0
2020-07-21,US,Texas,Terry,63,0,0,33.17402785,-102.3354521,48445.0,510.6589932722704,0.0,63,64,0,0,64,64,12287,-1,0,0,-1,0
2020-07-21,US,Texas,Throckmorton,2,0,0,33.17751417,-99.21226795,48447.0,133.24450366422386,0.0,2,2,0,0,2,2,1515,0,0,0,0,0
2020-07-21,US,Texas,Titus,1087,6,0,33.21339719,-94.96797273,48449.0,3319.083969465649,0.5519779208831647,1081,1087,6,0,1081,1071,33033,0,0,0,0,16
2020-07-21,US,Texas,Tom Green,1635,13,0,31.40464436,-100.46244300000001,48451.0,1371.6442953020135,0.7951070336391437,1622,1560,13,0,1547,1497,118189,75,0,0,75,63
2020-07-21,US,Texas,Travis,17791,209,0,30.33432034,-97.78535620000001,48453.0,1396.5182416319585,1.1747512787364398,17582,17646,203,0,17443,17454,1248743,145,6,0,139,192
2020-07-21,US,Texas,Trinity,104,0,0,31.0879489,-95.1367187,48455.0,709.849157054126,0.0,104,102,0,0,102,97,14740,2,0,0,2,5
2020-07-21,US,Texas,Tyler,49,0,0,30.77031716,-94.37690895,48457.0,226.09819121447032,0.0,49,49,0,0,49,49,21696,0,0,0,0,0
2020-07-21,US,Texas,Upshur,136,0,0,32.73706798,-94.93999853,48459.0,325.7250975977774,0.0,136,130,0,0,130,123,41260,6,0,0,6,7
2020-07-21,US,Texas,Upton,13,0,0,31.36868194,-102.0423217,48461.0,355.48263604047025,0.0,13,13,0,0,13,11,3671,0,0,0,0,2
2020-07-21,US,Texas,Uvalde,337,5,0,29.35739637,-99.76229172,48463.0,1260.2370891140945,1.483679525222552,332,325,4,0,321,315,26846,12,1,0,11,10
2020-07-21,US,Texas,Val Verde,964,8,0,29.89149232,-101.1525205,48465.0,1966.3437021927589,0.8298755186721992,956,964,8,0,956,875,49208,0,0,0,0,89
2020-07-21,US,Texas,Van Zandt,264,3,0,32.56483801,-95.83766469,48467.0,466.51351828945036,1.1363636363636365,261,244,3,0,241,244,56019,20,0,0,20,0
2020-07-21,US,Texas,Victoria,2578,24,0,28.79780988,-96.96813006,48469.0,2799.617740324052,0.930954228083786,2554,2188,18,0,2170,2188,92035,390,6,0,384,0
2020-07-21,US,Texas,Walker,2635,28,0,30.73872995,-95.57440968,48471.0,3611.023557303585,1.0626185958254268,2607,2606,28,0,2578,2586,72480,29,0,0,29,20
2020-07-21,US,Texas,Waller,307,0,0,30.01058447,-95.99011759,48473.0,555.6963400065164,0.0,307,298,0,0,298,288,53126,9,0,0,9,10
2020-07-21,US,Texas,Ward,67,1,0,31.50999644,-103.09279090000001,48475.0,558.4264044007333,1.492537313432836,66,67,1,0,66,67,11720,0,0,0,0,0
2020-07-21,US,Texas,Washington,396,34,0,30.21498498,-96.40946246,48477.0,1103.6174126302878,8.585858585858588,362,388,34,0,354,387,35108,8,0,0,8,1
2020-07-21,US,Texas,Webb,4131,66,0,27.7610369,-99.33237355,48479.0,1493.2116883304654,1.5976761074800292,4065,3950,65,0,3885,3829,275910,181,1,0,180,121
2020-07-21,US,Texas,Wharton,439,1,0,29.27765923,-96.22319248,48481.0,1056.4058138415633,0.2277904328018223,438,420,1,0,419,403,41619,19,0,0,19,17
2020-07-21,US,Texas,Wheeler,27,0,0,35.40114335,-100.26995140000001,48483.0,534.0189873417721,0.0,27,27,0,0,27,26,5191,0,0,0,0,1
2020-07-21,US,Texas,Wichita,751,9,0,33.98842886,-98.70410340000001,48485.0,567.94978446646,1.1984021304926764,742,751,9,0,742,709,132064,0,0,0,0,42
2020-07-21,US,Texas,Wilbarger,27,0,0,34.07945812,-99.24178437,48487.0,211.4496045109249,0.0,27,23,0,0,23,23,12820,4,0,0,4,0
2020-07-21,US,Texas,Willacy,497,3,0,26.47411727,-97.61535848,48489.0,2326.996909823017,0.6036217303822937,494,474,3,0,471,473,21515,23,0,0,23,1
2020-07-21,US,Texas,Williamson,4981,77,0,30.64655664,-97.60048540000001,48491.0,843.4495919912082,1.5458743224252158,4904,4888,74,0,4814,4792,566719,93,3,0,90,96
2020-07-21,US,Texas,Wilson,364,5,0,29.1732598,-98.08693082,48493.0,712.7472097121597,1.3736263736263736,359,352,5,0,347,352,50224,12,0,0,12,0
2020-07-21,US,Texas,Winkler,56,0,0,31.85008651,-103.04851629999999,48495.0,699.1260923845192,0.0,56,55,0,0,55,55,7720,1,0,0,1,0
2020-07-21,US,Texas,Wise,242,5,0,33.21570665,-97.65460265,48497.0,345.79332418838584,2.066115702479338,237,219,5,0,214,219,68305,23,0,0,23,0
2020-07-21,US,Texas,Wood,193,5,0,32.78722382,-95.38236368,48499.0,423.81255627044953,2.5906735751295336,188,174,5,0,169,174,45129,19,0,0,19,0
2020-07-21,US,Texas,Yoakum,55,0,0,33.17320212,-102.82764329999999,48501.0,631.240674853667,0.0,55,56,0,0,56,56,8591,-1,0,0,-1,0
2020-07-21,US,Texas,Young,73,1,0,33.17659707,-98.68790885,48503.0,405.33037201554686,1.3698630136986298,72,71,1,0,70,71,18045,2,0,0,2,0
2020-07-21,US,Texas,Zapata,115,1,0,27.00156391,-99.16987152,48505.0,811.058607800268,0.8695652173913043,114,113,1,0,112,113,14190,2,0,0,2,0
2020-07-21,US,Texas,Zavala,105,0,0,28.86617238,-99.76050829,48507.0,886.8243243243244,0.0,105,95,0,0,95,95,11983,10,0,0,10,0
2020-07-21,US,Utah,Bear River,1959,5,0,41.52106798,-113.0832816,0.0,1048.6141592351914,0.2552322613578356,1954,1945,4,0,1941,1933,,14,1,0,13,12
2020-07-21,US,Utah,Central Utah,309,0,0,39.37231946,-111.5758676,0.0,377.04077897357047,0.0,309,306,0,0,306,306,,3,0,0,3,0
2020-07-21,US,Utah,Davis,2415,8,0,40.99001837,-112.1139997,49011.0,679.36120355237,0.3312629399585921,2407,2360,7,0,2353,2325,351713,55,1,0,54,35
2020-07-21,US,Utah,Salt Lake,16871,139,0,40.66616532,-111.9216011,49035.0,1453.8488517687729,0.8238989982810742,16732,16693,138,0,16555,16523,1152633,178,1,0,177,170
2020-07-21,US,Utah,San Juan,545,19,0,37.62762978,-109.80337140000002,49037.0,3560.229945126732,3.486238532110092,526,536,19,0,517,533,15449,9,0,0,9,3
2020-07-21,US,Utah,Southeast Utah,63,0,0,38.99617072,-110.7013958,0.0,156.60344527579608,0.0,63,60,0,0,60,58,,3,0,0,3,2
2020-07-21,US,Utah,Southwest Utah,2526,21,0,37.85447192,-111.4418764,0.0,1002.2139167281643,0.831353919239905,2505,2497,21,0,2476,2437,,29,0,0,29,60
2020-07-21,US,Utah,Summit,643,1,0,40.86688146,-110.9535882,49043.0,1525.6851346541696,0.15552099533437014,642,637,1,0,636,635,41933,6,0,0,6,2
2020-07-21,US,Utah,Tooele,443,0,0,40.44862644,-113.1295715,49045.0,613.0724200445618,0.0,443,441,0,0,441,434,69907,2,0,0,2,7
2020-07-21,US,Utah,TriCounty,115,0,0,40.12491499,-109.5174415,0.0,203.10126805835185,0.0,115,109,0,0,109,103,,6,0,0,6,6
2020-07-21,US,Utah,Utah,6516,31,0,40.1166722,-111.6657662,49049.0,1024.1498817260915,0.4757519950890117,6485,6380,31,0,6349,6287,622213,136,0,0,136,93
2020-07-21,US,Utah,Wasatch,495,4,0,40.33110236,-111.1691419,49051.0,1451.9961280103253,0.8080808080808081,491,491,4,0,487,489,33240,4,0,0,4,2
2020-07-21,US,Utah,Weber-Morgan,2112,23,0,41.27116049,-111.9145117,0.0,775.5097544586303,1.0890151515151516,2089,2071,22,0,2049,2054,,41,1,0,40,17
2020-07-21,US,Vermont,Addison,71,2,0,44.03217337,-73.14130877,50001.0,193.0554422601081,2.8169014084507036,69,71,2,0,69,70,36973,0,0,0,0,1
2020-07-21,US,Vermont,Bennington,80,1,0,43.03519828,-73.09048868,50003.0,225.5427121511136,1.25,79,79,1,0,78,79,35631,1,0,0,1,0
2020-07-21,US,Vermont,Caledonia,25,0,0,44.46548598,-72.10314651,50005.0,83.3527823158737,0.0,25,25,0,0,25,24,30302,0,0,0,0,1
2020-07-21,US,Vermont,Chittenden,696,39,0,44.46322849,-73.08359212,50007.0,424.9758813975356,5.603448275862068,657,688,39,0,649,683,164572,8,0,0,8,5
2020-07-21,US,Vermont,Essex,4,0,0,44.72736416,-71.73579864,50009.0,64.9034561090378,0.0,4,5,0,0,5,5,6250,-1,0,0,-1,0
2020-07-21,US,Vermont,Franklin,111,6,0,44.85627605,-72.91249563,50011.0,224.6872596251164,5.405405405405406,105,110,6,0,104,110,49421,1,0,0,1,0
2020-07-21,US,Vermont,Grand Isle,13,0,0,44.797582399999996,-73.29679772,50013.0,179.68210089841045,0.0,13,13,0,0,13,13,7090,0,0,0,0,0
2020-07-21,US,Vermont,Lamoille,42,1,0,44.60353043,-72.64356694,50015.0,165.60208185474332,2.380952380952381,41,42,1,0,41,42,25300,0,0,0,0,0
2020-07-21,US,Vermont,Orange,11,0,0,44.00470222,-72.37640104,50017.0,38.07282292676173,0.0,11,11,0,0,11,11,28999,0,0,0,0,0
2020-07-21,US,Vermont,Orleans,14,0,0,44.82964024,-72.24562697,50019.0,51.78089285053815,0.0,14,14,0,0,14,14,26907,0,0,0,0,0
2020-07-21,US,Vermont,Rutland,80,1,0,43.57723578,-73.03741676,50021.0,137.47830420511764,1.25,79,80,1,0,79,80,58672,0,0,0,0,0
2020-07-21,US,Vermont,Unassigned,7,0,0,0.0,0.0,90050.0,0.0,0.0,7,10,0,0,10,9,,-3,0,0,-3,1
2020-07-21,US,Vermont,Washington,45,1,0,44.27343241,-72.61604978,50023.0,77.04292146758205,2.2222222222222223,44,45,1,0,44,45,58140,0,0,0,0,0
2020-07-21,US,Vermont,Windham,100,3,0,42.986982,-72.71268875,50025.0,236.84335180711483,3.0,97,100,3,0,97,100,42756,0,0,0,0,0
2020-07-21,US,Vermont,Windsor,67,2,0,43.58010937,-72.58595157,50027.0,121.68101412952672,2.985074626865672,65,67,2,0,65,65,55286,0,0,0,0,2
2020-07-21,US,Virginia,Accomack,1057,15,0,37.76707161,-75.63234615,51001.0,3270.8255972273796,1.4191106906338695,1042,1053,15,0,1038,1052,32412,4,0,0,4,1
2020-07-21,US,Virginia,Albemarle,638,10,0,38.02080697,-78.55481085,51003.0,583.5543766578251,1.567398119122257,628,628,10,0,618,616,108718,10,0,0,10,12
2020-07-21,US,Virginia,Alexandria,2582,56,0,38.814003,-77.08183073,51510.0,1619.539854981559,2.1688613477924092,2526,2559,56,0,2503,2547,160530,23,0,0,23,12
2020-07-21,US,Virginia,Alleghany,55,2,0,37.78636074,-80.00222498,51005.0,370.12113055181686,3.636363636363636,53,55,2,0,53,55,14910,0,0,0,0,0
2020-07-21,US,Virginia,Amelia,60,1,0,37.34081025,-77.98584649,51007.0,456.44731837200464,1.6666666666666667,59,60,1,0,59,60,13013,0,0,0,0,0
2020-07-21,US,Virginia,Amherst,61,0,0,37.60308293,-79.14548696,51009.0,193.00743553235247,0.0,61,60,0,0,60,52,31666,1,0,0,1,8
2020-07-21,US,Virginia,Appomattox,54,0,0,37.37569884,-78.81340003,51011.0,339.38784488718494,0.0,54,54,0,0,54,49,15841,0,0,0,0,5
2020-07-21,US,Virginia,Arlington,2750,135,0,38.8767675,-77.10139853,51013.0,1161.1116271607232,4.909090909090909,2615,2737,135,0,2602,2733,237521,13,0,0,13,4
2020-07-21,US,Virginia,Augusta,227,2,0,38.16404586,-79.12461614,51015.0,300.4314566293443,0.8810572687224669,225,229,2,0,227,226,75457,-2,0,0,-2,3
2020-07-21,US,Virginia,Bath,2,0,0,38.05852573,-79.73912095,51017.0,48.22763443453098,0.0,2,2,0,0,2,2,4292,0,0,0,0,0
2020-07-21,US,Virginia,Bedford,201,4,0,37.3080028,-79.5281964,51019.0,254.4400420269124,1.9900497512437807,197,191,4,0,187,181,78747,10,0,0,10,10
2020-07-21,US,Virginia,Bland,7,0,0,37.13128068,-81.13599391,51021.0,111.46496815286623,0.0,7,5,0,0,5,5,6293,2,0,0,2,0
2020-07-21,US,Virginia,Botetourt,166,4,0,37.55531756,-79.80982182,51023.0,496.7234208085221,2.409638554216868,162,166,4,0,162,165,33277,0,0,0,0,1
2020-07-21,US,Virginia,Bristol,25,0,0,36.616302399999995,-82.16359122,51520.0,149.1468798472736,0.0,25,23,0,0,23,21,16482,2,0,0,2,2
2020-07-21,US,Virginia,Brunswick,161,1,0,36.76366949,-77.8593436,51025.0,991.92902470581,0.6211180124223602,160,157,1,0,156,154,16384,4,0,0,4,3
2020-07-21,US,Virginia,Buchanan,54,0,0,37.26818323,-82.03749726,51027.0,257.09388687868983,0.0,54,54,0,0,54,53,21221,0,0,0,0,1
2020-07-21,US,Virginia,Buckingham,587,6,0,37.57242268,-78.52518834,51029.0,3423.139724749242,1.0221465076660987,581,584,6,0,578,582,16999,3,0,0,3,2
2020-07-21,US,Virginia,Buena Vista,31,0,0,37.73484642,-79.35296097,51530.0,478.5427601111454,0.0,31,29,0,0,29,29,6237,2,0,0,2,0
2020-07-21,US,Virginia,Campbell,84,1,0,37.20553386,-79.09678609,51031.0,153.04728067778083,1.1904761904761905,83,80,1,0,79,77,54973,4,0,0,4,3
2020-07-21,US,Virginia,Caroline,161,4,0,38.02679129,-77.34901405,51033.0,524.0032546786005,2.4844720496894412,157,157,4,0,153,157,30772,4,0,0,4,0
2020-07-21,US,Virginia,Carroll,280,10,0,36.73066666,-80.73455942,51035.0,939.8811721660904,3.571428571428572,270,279,10,0,269,279,29636,1,0,0,1,0
2020-07-21,US,Virginia,Charles City,45,3,0,37.35358063,-77.05634116,51036.0,646.2731581214994,6.666666666666668,42,43,3,0,40,43,6941,2,0,0,2,0
2020-07-21,US,Virginia,Charlotte,40,0,0,37.01909701,-78.66314092,51037.0,336.7003367003366,0.0,40,39,0,0,39,39,11938,1,0,0,1,0
2020-07-21,US,Virginia,Charlottesville,367,8,0,38.03527919,-78.48569588,51540.0,776.4566496001354,2.1798365122615806,359,361,7,0,354,343,48117,6,1,0,5,18
2020-07-21,US,Virginia,Chesapeake,1790,24,0,36.67670048,-76.30545744,51550.0,731.104621479772,1.340782122905028,1766,1758,24,0,1734,1685,242634,32,0,0,32,73
2020-07-21,US,Virginia,Chesterfield,3538,65,0,37.37373208,-77.58680140000001,51041.0,1002.8287821497612,1.8371961560203505,3473,3472,65,0,3407,3447,348556,66,0,0,66,25
2020-07-21,US,Virginia,Clarke,64,0,0,39.11271747,-77.99199425,51043.0,437.78644230111496,0.0,64,64,0,0,64,61,14523,0,0,0,0,3
2020-07-21,US,Virginia,Colonial Heights,167,20,0,37.26420587,-77.39609676,51570.0,961.4277489925156,11.976047904191615,147,164,20,0,144,163,17833,3,0,0,3,1
2020-07-21,US,Virginia,Covington,7,0,0,37.7824656,-79.98631446,51580.0,126.39942217407007,0.0,7,7,0,0,7,7,5460,0,0,0,0,0
2020-07-21,US,Virginia,Craig,11,0,0,37.48133648,-80.21072274,51045.0,214.38316117715846,0.0,11,11,0,0,11,11,5064,0,0,0,0,0
2020-07-21,US,Virginia,Culpeper,909,12,0,38.48199985,-77.95630870000002,51047.0,1727.972626176219,1.32013201320132,897,900,12,0,888,895,51859,9,0,0,9,5
2020-07-21,US,Virginia,Cumberland,60,0,0,37.51328851,-78.24398086,51049.0,604.1079339508659,0.0,60,60,0,0,60,60,9809,0,0,0,0,0
2020-07-21,US,Virginia,Danville,196,3,0,36.58022376,-79.40395668,51590.0,489.46159224852653,1.5306122448979589,193,196,3,0,193,188,40693,0,0,0,0,8
2020-07-21,US,Virginia,Dickenson,10,0,0,37.12560977,-82.35124171,51051.0,69.8421567257997,0.0,10,10,0,0,10,10,14523,0,0,0,0,0
2020-07-21,US,Virginia,Dinwiddie,169,2,0,37.07544585,-77.63451754,51053.0,592.0683856502242,1.183431952662722,167,168,2,0,166,167,28529,1,0,0,1,1
2020-07-21,US,Virginia,Emporia,152,15,0,36.69455571,-77.53406129,51595.0,2843.2472876917327,9.868421052631579,137,151,15,0,136,151,5121,1,0,0,1,0
2020-07-21,US,Virginia,Essex,71,0,0,37.93357639,-76.94230311,51057.0,648.2242308043459,0.0,71,71,0,0,71,69,10919,0,0,0,0,2
2020-07-21,US,Virginia,Fairfax,14994,510,0,38.83677558,-77.27565836,51059.0,1306.6302290480792,3.4013605442176873,14484,14934,508,0,14426,14878,1150795,60,2,0,58,56
2020-07-21,US,Virginia,Fairfax,14994,510,0,38.83677558,-77.27565836,51059.0,1306.6302290480792,3.4013605442176873,14484,14934,508,0,14426,14878,24574,60,2,0,58,56
2020-07-21,US,Virginia,Fairfax City,73,7,0,38.85157547,-77.29779640000002,51600.0,303.9260585369916,9.58904109589041,66,73,7,0,66,73,24574,0,0,0,0,0
2020-07-21,US,Virginia,Falls Church,54,6,0,38.88485255,-77.17560759,51610.0,369.43285215844566,11.111111111111109,48,55,7,0,48,54,14772,-1,-1,0,0,1
2020-07-21,US,Virginia,Fauquier,536,8,0,38.73564842,-77.80647472,51061.0,752.5764510965712,1.492537313432836,528,530,8,0,522,528,70675,6,0,0,6,2
2020-07-21,US,Virginia,Floyd,28,1,0,36.9302126,-80.36738849,51063.0,177.7890659724427,3.571428571428572,27,28,1,0,27,28,15795,0,0,0,0,0
2020-07-21,US,Virginia,Fluvanna,151,8,0,37.84157909,-78.27715475,51065.0,553.7220388705538,5.298013245033113,143,146,8,0,138,145,26783,5,0,0,5,1
2020-07-21,US,Virginia,Franklin,125,1,0,36.99536167,-79.88023649,51067.0,223.04700046393776,0.8,124,117,1,0,116,117,56195,8,0,0,8,0
2020-07-21,US,Virginia,Franklin,125,1,0,36.99536167,-79.88023649,51067.0,223.04700046393776,0.8,124,117,1,0,116,117,8013,8,0,0,8,0
2020-07-21,US,Virginia,Franklin City,96,4,0,36.6831435,-76.93859681,51620.0,1204.9705033262208,4.166666666666667,92,93,4,0,89,89,8013,3,0,0,3,4
2020-07-21,US,Virginia,Frederick,597,7,0,39.20172582,-78.25974949,51069.0,668.4357260421215,1.1725293132328307,590,597,7,0,590,588,88355,0,0,0,0,9
2020-07-21,US,Virginia,Fredericksburg,300,0,0,38.2977863,-77.4922454,51630.0,1033.2001653120265,0.0,300,296,0,0,296,296,29144,4,0,0,4,0
2020-07-21,US,Virginia,Galax,305,16,0,36.66601852,-80.91703124,51640.0,4805.419883409485,5.245901639344262,289,304,16,0,288,300,6423,1,0,0,1,4
2020-07-21,US,Virginia,Giles,18,0,0,37.31234791,-80.70636931,51071.0,107.65550239234449,0.0,18,18,0,0,18,18,16844,0,0,0,0,0
2020-07-21,US,Virginia,Gloucester,109,1,0,37.40809042,-76.53524337,51073.0,291.8496305023026,0.9174311926605504,108,99,1,0,98,93,37349,10,0,0,10,6
2020-07-21,US,Virginia,Goochland,141,6,0,37.71714806,-77.90381514,51075.0,593.6092283080033,4.25531914893617,135,139,6,0,133,139,23244,2,0,0,2,0
2020-07-21,US,Virginia,Grayson,107,4,0,36.65677234,-81.23215889,51077.0,688.1028938906752,3.7383177570093458,103,104,4,0,100,103,15631,3,0,0,3,1
2020-07-21,US,Virginia,Greene,100,2,0,38.29545894,-78.46525378,51079.0,504.5663252434532,2.0,98,96,2,0,94,93,19779,4,0,0,4,3
2020-07-21,US,Virginia,Greensville,389,9,0,36.67878901,-77.56351439,51081.0,3431.545518701482,2.3136246786632397,380,388,9,0,379,387,11627,1,0,0,1,1
2020-07-21,US,Virginia,Halifax,108,1,0,36.76654925,-78.93512622,51083.0,318.4807289670019,0.925925925925926,107,105,1,0,104,102,34120,3,0,0,3,3
2020-07-21,US,Virginia,Hampton,751,4,0,37.03513786,-76.35879121,51650.0,558.3228012787154,0.5326231691078562,747,723,4,0,719,701,134313,28,0,0,28,22
2020-07-21,US,Virginia,Hanover,532,30,0,37.7583355,-77.49464673,51085.0,493.66219401295405,5.639097744360902,502,518,30,0,488,514,107239,14,0,0,14,4
2020-07-21,US,Virginia,Harrisonburg,1010,29,0,38.43542574,-78.87536254,51660.0,1905.085257280821,2.871287128712871,981,1009,29,0,980,1006,54033,1,0,0,1,3
2020-07-21,US,Virginia,Henrico,3097,177,0,37.53460572,-77.39326555,51087.0,936.1642957759253,5.715208266063932,2920,3058,175,0,2883,3037,329261,39,2,0,37,21
2020-07-21,US,Virginia,Henry,410,5,0,36.68542395,-79.87634026,51089.0,810.9658405364243,1.2195121951219512,405,393,5,0,388,393,50953,17,0,0,17,0
2020-07-21,US,Virginia,Highland,3,0,0,38.35799465,-79.56124594,51091.0,136.98630136986299,0.0,3,3,0,0,3,3,2210,0,0,0,0,0
2020-07-21,US,Virginia,Hopewell,234,5,0,37.29186313,-77.29754684,51670.0,1038.6612810155802,2.1367521367521367,229,231,5,0,226,228,22596,3,0,0,3,3
2020-07-21,US,Virginia,Isle of Wight,283,9,0,36.90579348,-76.70842863,51093.0,762.6182327737207,3.180212014134276,274,277,9,0,268,265,36953,6,0,0,6,12
2020-07-21,US,Virginia,James City,456,16,0,37.31156958,-76.76950618,51095.0,595.8992721142663,3.5087719298245608,440,452,16,0,436,437,76397,4,0,0,4,15
2020-07-21,US,Virginia,King George,108,4,0,38.26818502,-77.15852768,51099.0,402.4444775674466,3.703703703703704,104,108,4,0,104,108,26575,0,0,0,0,0
2020-07-21,US,Virginia,King William,66,2,0,37.70965316,-77.09384941,51101.0,384.88453463960815,3.0303030303030303,64,63,2,0,61,62,16939,3,0,0,3,1
2020-07-21,US,Virginia,King and Queen,32,1,0,37.71044922,-76.88689628,51097.0,455.5160142348754,3.125,31,32,1,0,31,32,7042,0,0,0,0,0
2020-07-21,US,Virginia,Lancaster,23,0,0,37.71889653,-76.46400482,51103.0,216.9197396963124,0.0,23,23,0,0,23,23,10783,0,0,0,0,0
2020-07-21,US,Virginia,Lee,44,0,0,36.70586667,-83.12606515,51105.0,187.84954958801185,0.0,44,35,0,0,35,32,23541,9,0,0,9,3
2020-07-21,US,Virginia,Lexington,23,0,0,37.78258621,-79.44262866,51678.0,308.890679559495,0.0,23,23,0,0,23,23,7136,0,0,0,0,0
2020-07-21,US,Virginia,Loudoun,4695,106,0,39.08990083,-77.63481877,51107.0,1135.324927818,2.257720979765708,4589,4670,103,0,4567,4647,406850,25,3,0,22,23
2020-07-21,US,Virginia,Louisa,155,2,0,37.97850256,-77.96274807,51109.0,412.3327392194941,1.2903225806451613,153,155,2,0,153,151,36778,0,0,0,0,4
2020-07-21,US,Virginia,Lunenburg,44,0,0,36.94618528,-78.24133319,51111.0,360.77402427025254,0.0,44,43,0,0,43,42,12086,1,0,0,1,1
2020-07-21,US,Virginia,Lynchburg,270,1,0,37.40021399,-79.19888138,51680.0,328.59507350793496,0.3703703703703704,269,251,1,0,250,236,82126,19,0,0,19,15
2020-07-21,US,Virginia,Madison,51,1,0,38.41531222,-78.28220331,51113.0,384.5863811175628,1.96078431372549,50,51,1,0,50,51,13295,0,0,0,0,0
2020-07-21,US,Virginia,Manassas,1531,20,0,38.7464321,-77.48509905,51683.0,3726.4208348545703,1.3063357282821686,1511,1530,20,0,1510,1527,41641,1,0,0,1,3
2020-07-21,US,Virginia,Manassas Park,477,7,0,38.77058531,-77.44399307,51685.0,2729.145211122554,1.4675052410901468,470,473,7,0,466,472,17307,4,0,0,4,1
2020-07-21,US,Virginia,Martinsville,143,1,0,36.68212094,-79.86352771,51690.0,1139.0791779512504,0.6993006993006993,142,132,1,0,131,132,12902,11,0,0,11,0
2020-07-21,US,Virginia,Mathews,9,0,0,37.44164146,-76.34098896,51115.0,101.87910346388952,0.0,9,10,0,0,10,8,8802,-1,0,0,-1,2
2020-07-21,US,Virginia,Mecklenburg,281,30,0,36.67882005,-78.36131056,51117.0,918.6909471344037,10.676156583629894,251,280,30,0,250,277,30650,1,0,0,1,3
2020-07-21,US,Virginia,Middlesex,20,1,0,37.63191998,-76.55064617,51119.0,189.000189000189,5.0,19,20,1,0,19,18,10769,0,0,0,0,2
2020-07-21,US,Virginia,Montgomery,220,3,0,37.17746986,-80.37868691,51121.0,223.2709189628051,1.3636363636363635,217,220,3,0,217,216,98985,0,0,0,0,4
2020-07-21,US,Virginia,Nelson,29,0,0,37.78790447,-78.88498513,51125.0,194.2397856664434,0.0,29,28,0,0,28,28,14836,1,0,0,1,0
2020-07-21,US,Virginia,New Kent,94,1,0,37.50694406,-76.99828634,51127.0,407.0850114763328,1.0638297872340423,93,90,1,0,89,88,22391,4,0,0,4,2
2020-07-21,US,Virginia,Newport News,1237,14,0,37.08166899,-76.51754109,51700.0,690.1938903612778,1.131770412287793,1223,1206,14,0,1192,1151,178626,31,0,0,31,55
2020-07-21,US,Virginia,Norfolk,2329,21,0,36.89934014,-76.26420872,51710.0,959.4548944970379,0.90167453842851,2308,2214,20,0,2194,2155,244076,115,1,0,114,59
2020-07-21,US,Virginia,Northampton,281,28,0,37.34062933,-75.87751591,51131.0,2399.658411614005,9.9644128113879,253,279,28,0,251,278,11735,2,0,0,2,1
2020-07-21,US,Virginia,Northumberland,55,1,0,37.89202088,-76.41949732,51133.0,454.733360892931,1.818181818181818,54,55,1,0,54,52,12147,0,0,0,0,3
2020-07-21,US,Virginia,Norton,5,0,0,36.93357076,-82.62750411,51720.0,125.59658377292138,0.0,5,5,0,0,5,4,3968,0,0,0,0,1
2020-07-21,US,Virginia,Nottoway,152,6,0,37.1435975,-78.05065922,51135.0,997.8991596638657,3.947368421052632,146,150,6,0,144,142,15420,2,0,0,2,8
2020-07-21,US,Virginia,Orange,185,3,0,38.24530219,-78.01560400000002,51137.0,499.31175946668105,1.6216216216216215,182,179,3,0,176,176,36644,6,0,0,6,3
2020-07-21,US,Virginia,Page,317,23,0,38.61807452,-78.48797204,51139.0,1326.2488494686638,7.255520504731861,294,317,23,0,294,316,23933,0,0,0,0,1
2020-07-21,US,Virginia,Patrick,57,2,0,36.680163799999995,-80.2865648,51141.0,323.71649250340755,3.5087719298245608,55,57,1,0,56,57,17673,0,1,0,-1,0
2020-07-21,US,Virginia,Petersburg,371,9,0,37.20530399,-77.39368102,51730.0,1183.5640911121034,2.4258760107816717,362,370,9,0,361,369,31567,1,0,0,1,1
2020-07-21,US,Virginia,Pittsylvania,232,2,0,36.81980341,-79.39731264,51143.0,384.3987142525765,0.8620689655172413,230,232,2,0,230,217,60949,0,0,0,0,15
2020-07-21,US,Virginia,Poquoson,28,0,0,37.14259351,-76.35798148,51735.0,228.18026240730168,0.0,28,27,0,0,27,26,12190,1,0,0,1,1
2020-07-21,US,Virginia,Portsmouth,1046,21,0,36.85914825,-76.35971629,51740.0,1108.0743236085511,2.0076481835564053,1025,1009,20,0,989,966,94632,37,1,0,36,43
2020-07-21,US,Virginia,Powhatan,105,3,0,37.55016038,-77.91267882,51145.0,354.10764872521247,2.8571428571428568,102,103,3,0,100,103,29189,2,0,0,2,0
2020-07-21,US,Virginia,Prince Edward,242,6,0,37.22554789,-78.43597949,51147.0,1061.310411367424,2.479338842975207,236,241,6,0,235,239,22950,1,0,0,1,2
2020-07-21,US,Virginia,Prince George,293,2,0,37.18497668,-77.22922187,51149.0,763.9558835032461,0.6825938566552902,291,291,2,0,289,288,38082,2,0,0,2,3
2020-07-21,US,Virginia,Prince William,8240,164,0,38.70916224,-77.48713689,51153.0,1751.942764199985,1.9902912621359223,8076,8190,162,0,8028,8152,468011,50,2,0,48,38
2020-07-21,US,Virginia,Pulaski,61,2,0,37.06474963,-80.71229738,51155.0,179.2694037088194,3.278688524590164,59,61,2,0,59,60,34066,0,0,0,0,1
2020-07-21,US,Virginia,Radford,21,0,0,37.12222899,-80.56027320000003,51750.0,115.0747986191024,0.0,21,21,0,0,21,21,18339,0,0,0,0,0
2020-07-21,US,Virginia,Rappahannock,34,1,0,38.68295619,-78.15826963,51157.0,461.3297150610583,2.9411764705882355,33,34,1,0,33,36,7252,0,0,0,0,-2
2020-07-21,US,Virginia,Richmond,314,4,0,37.937575,-76.72920628,51159.0,3479.9955668846283,1.2738853503184713,310,313,4,0,309,311,9038,1,0,0,1,2
2020-07-21,US,Virginia,Richmond City,2623,35,0,37.53255773,-77.47966921,51760.0,1138.2770053290285,1.3343499809378574,2588,2588,36,0,2552,2563,228783,35,-1,0,36,25
2020-07-21,US,Virginia,Roanoke,365,6,0,37.26865804,-80.06396753,51161.0,387.5310555708916,1.643835616438356,359,363,6,0,357,355,94073,2,0,0,2,8
2020-07-21,US,Virginia,Roanoke City,665,10,0,37.27791025,-79.96189766,51770.0,670.7483130427765,1.5037593984962403,655,659,10,0,649,637,99920,6,0,0,6,22
2020-07-21,US,Virginia,Rockbridge,47,0,0,37.81204314,-79.44605905,51163.0,208.21335223497098,0.0,47,47,0,0,47,46,22752,0,0,0,0,1
2020-07-21,US,Virginia,Rockingham,833,16,0,38.51006137,-78.87260325,51165.0,1016.4982671938304,1.9207683073229287,817,829,16,0,813,817,81244,4,0,0,4,12
2020-07-21,US,Virginia,Russell,31,0,0,36.93028320000001,-82.10095486,51167.0,116.60272323779431,0.0,31,30,0,0,30,29,26748,1,0,0,1,1
2020-07-21,US,Virginia,Salem,113,3,0,37.2836193,-80.06219455,51775.0,446.6226631358445,2.6548672566371683,110,113,3,0,110,111,25643,0,0,0,0,2
2020-07-21,US,Virginia,Scott,30,2,0,36.71466456,-82.60171704,51169.0,139.10785495687657,6.666666666666668,28,25,2,0,23,25,21534,5,0,0,5,0
2020-07-21,US,Virginia,Shenandoah,654,40,0,38.85905135,-78.56813762,51171.0,1499.4497432134995,6.116207951070336,614,650,38,0,612,645,43497,4,2,0,2,5
2020-07-21,US,Virginia,Smyth,73,1,0,36.84455636,-81.53344948,51173.0,242.49269200106298,1.3698630136986298,72,73,1,0,72,69,30472,0,0,0,0,4
2020-07-21,US,Virginia,Southampton,204,11,0,36.72231125,-77.10642712,51175.0,1157.0529181555216,5.3921568627450975,193,204,11,0,193,201,17586,0,0,0,0,3
2020-07-21,US,Virginia,Spotsylvania,1168,33,0,38.18574462,-77.655399,51177.0,857.4679734243657,2.8253424657534247,1135,1154,32,0,1122,1148,134238,14,1,0,13,6
2020-07-21,US,Virginia,Stafford,1140,6,0,38.41758738,-77.45917053,51179.0,745.6731335278189,0.5263157894736842,1134,1128,6,0,1122,1119,149960,12,0,0,12,9
2020-07-21,US,Virginia,Staunton,118,0,0,38.15965544,-79.05979937,51790.0,473.2873415690679,0.0,118,117,0,0,117,116,24922,1,0,0,1,1
2020-07-21,US,Virginia,Suffolk,780,45,0,36.70155394,-76.63603554,51800.0,846.8319798497416,5.769230769230768,735,757,44,0,713,725,91185,23,1,0,22,32
2020-07-21,US,Virginia,Surry,29,1,0,37.11781893,-76.88450012,51181.0,451.57271877919646,3.4482758620689653,28,26,1,0,25,25,6474,3,0,0,3,1
2020-07-21,US,Virginia,Sussex,236,7,0,36.92432914,-77.25791182,51183.0,2114.8848463123936,2.9661016949152543,229,235,7,0,228,234,11237,1,0,0,1,1
2020-07-21,US,Virginia,Tazewell,48,0,0,37.12191123,-81.56685568,51185.0,118.2411627047666,0.0,48,45,0,0,45,43,40855,3,0,0,3,2
2020-07-21,US,Virginia,Virginia Beach,2829,38,0,36.73285734,-76.04566934,51810.0,628.702991728411,1.3432308236125838,2791,2720,37,0,2683,2610,450189,109,1,0,108,110
2020-07-21,US,Virginia,Warren,334,8,0,38.90847745,-78.20280433,51187.0,831.5904790359526,2.395209580838323,326,334,8,0,326,326,40003,0,0,0,0,8
2020-07-21,US,Virginia,Washington,114,4,0,36.72341572,-81.95666289,51191.0,212.13248976553777,3.5087719298245608,110,112,4,0,108,111,54402,2,0,0,2,1
2020-07-21,US,Virginia,Waynesboro,149,2,0,38.06451466,-78.90293905,51820.0,658.4180291648255,1.342281879194631,147,142,1,0,141,142,22628,7,1,0,6,0
2020-07-21,US,Virginia,Westmoreland,187,2,0,38.11021557,-76.80213247,51193.0,1038.0238689980572,1.0695187165775402,185,187,2,0,185,187,17830,0,0,0,0,0
2020-07-21,US,Virginia,Williamsburg,96,6,0,37.28131268,-76.70905141,51830.0,641.9687040256788,6.25,90,94,6,0,88,94,14896,2,0,0,2,0
2020-07-21,US,Virginia,Winchester,378,4,0,39.17054517,-78.17325058,51840.0,1346.249732886958,1.058201058201058,374,377,4,0,373,374,28108,1,0,0,1,3
2020-07-21,US,Virginia,Wise,54,3,0,36.9746148,-82.62410519,51195.0,144.45068614075916,5.5555555555555545,51,54,3,0,51,52,38012,0,0,0,0,2
2020-07-21,US,Virginia,Wythe,73,1,0,36.91582035,-81.07834059,51197.0,254.4972807139869,1.3698630136986298,72,72,1,0,71,69,28754,1,0,0,1,3
2020-07-21,US,Virginia,York,234,3,0,37.24374789,-76.54412815,51199.0,342.7065026362039,1.2820512820512822,231,226,3,0,223,216,67846,8,0,0,8,10
2020-07-21,US,Washington,Adams,314,0,0,46.98299757,-118.56017340000001,53001.0,1571.3356352899966,0.0,314,307,0,0,307,296,19759,7,0,0,7,11
2020-07-21,US,Washington,Asotin,21,2,0,46.18894415,-117.2022851,53003.0,92.99442033477993,9.523809523809524,19,21,2,0,19,21,22610,0,0,0,0,0
2020-07-21,US,Washington,Benton,2946,103,0,46.23946995,-119.51208340000001,53005.0,1441.3621018640833,3.496266123557366,2843,2884,100,0,2784,2840,201877,62,3,0,59,44
2020-07-21,US,Washington,Chelan,778,6,0,47.87046092,-120.6173956,53007.0,1007.7720207253886,0.7712082262210797,772,766,6,0,760,731,77036,12,0,0,12,35
2020-07-21,US,Washington,Clallam,72,0,0,48.04754642,-123.92263190000001,53009.0,93.10625751639057,0.0,72,68,0,0,68,68,76737,4,0,0,4,0
2020-07-21,US,Washington,Clark,1260,32,0,45.77568046,-122.48292040000001,53011.0,258.0692731663257,2.5396825396825395,1228,1201,30,0,1171,1193,481857,59,2,0,57,8
2020-07-21,US,Washington,Columbia,10,0,0,46.29442881,-117.9051983,53013.0,250.94102885821832,0.0,10,9,0,0,9,9,4059,1,0,0,1,0
2020-07-21,US,Washington,Cowlitz,365,2,0,46.19074721,-122.6782231,53015.0,330.0389717251544,0.547945205479452,363,347,2,0,345,344,108987,18,0,0,18,3
2020-07-21,US,Washington,Douglas,544,4,0,47.7361335,-119.69293700000001,53017.0,1252.6192175735107,0.7352941176470589,540,530,4,0,526,491,42907,14,0,0,14,39
2020-07-21,US,Washington,Ferry,6,0,0,48.471143100000006,-118.5154041,53019.0,78.66789038940605,0.0,6,6,0,0,6,6,7649,0,0,0,0,0
2020-07-21,US,Washington,Franklin,2846,43,0,46.53351425,-118.9018212,53021.0,2988.805108063263,1.5108924806746309,2803,2794,42,0,2752,2753,94347,52,1,0,51,41
2020-07-21,US,Washington,Garfield,2,0,0,46.43197502,-117.54540320000001,53023.0,89.88764044943821,0.0,2,2,0,0,2,2,2247,0,0,0,0,0
2020-07-21,US,Washington,Grant,992,8,0,47.20753737,-119.4500749,53025.0,1015.0102831182917,0.8064516129032258,984,972,8,0,964,950,97331,20,0,0,20,22
2020-07-21,US,Washington,Grays Harbor,66,2,0,47.14003705,-123.7820567,53027.0,87.92848483233637,3.0303030303030303,64,66,1,0,65,65,73901,0,1,0,-1,1
2020-07-21,US,Washington,Island,217,11,0,48.14713305,-122.5216407,53029.0,254.87133108608074,5.0691244239631335,206,216,11,0,205,215,84460,1,0,0,1,1
2020-07-21,US,Washington,Jefferson,50,0,0,47.75003077,-123.56097040000002,53031.0,155.1782998665467,0.0,50,50,0,0,50,50,31729,0,0,0,0,0
2020-07-21,US,Washington,King,13450,638,0,47.49137892,-121.8346131,53033.0,597.0395715164627,4.743494423791821,12812,13319,636,0,12683,13153,2233163,131,2,0,129,166
2020-07-21,US,Washington,Kitsap,407,3,0,47.63479026,-122.6436061,53035.0,149.92282842124263,0.7371007371007371,404,399,3,0,396,389,269805,8,0,0,8,10
2020-07-21,US,Washington,Kittitas,303,2,0,47.12521214,-120.67943899999999,53037.0,632.1059768436425,0.6600660066006601,301,297,0,0,297,280,47364,6,2,0,4,17
2020-07-21,US,Washington,Klickitat,83,3,0,45.87325839,-120.7913598,53039.0,370.1226309921962,3.614457831325301,80,83,3,0,80,82,22107,0,0,0,0,1
2020-07-21,US,Washington,Lewis,132,3,0,46.57756476,-122.39257690000001,53041.0,163.55458634319203,2.272727272727273,129,129,3,0,126,127,79604,3,0,0,3,2
2020-07-21,US,Washington,Lincoln,6,0,0,47.57705241,-118.41943880000001,53043.0,54.849620623457355,0.0,6,6,0,0,6,5,10740,0,0,0,0,1
2020-07-21,US,Washington,Mason,84,1,0,47.35007586,-123.1863685,53045.0,125.80877066858378,1.1904761904761905,83,81,1,0,80,77,65507,3,0,0,3,4
2020-07-21,US,Washington,Okanogan,482,2,0,48.54855019,-119.73872240000001,53047.0,1141.017446677556,0.4149377593360996,480,454,2,0,452,383,42132,28,0,0,28,71
2020-07-21,US,Washington,Pacific,25,1,0,46.55418369,-123.7285716,53049.0,111.2545058074852,4.0,24,19,1,0,18,19,22036,6,0,0,6,0
2020-07-21,US,Washington,Pend Oreille,26,0,0,48.53234021,-117.2741804,53051.0,189.4491401923637,0.0,26,25,0,0,25,23,13602,1,0,0,1,2
2020-07-21,US,Washington,Pierce,3913,115,0,47.03892768,-122.14059579999999,53053.0,432.3852460827864,2.9389215435727065,3798,3834,114,0,3720,3749,891299,79,1,0,78,85
2020-07-21,US,Washington,San Juan,24,0,0,48.60182783,-122.96745,53055.0,136.50324195199636,0.0,24,24,0,0,24,24,17128,0,0,0,0,0
2020-07-21,US,Washington,Skagit,707,17,0,48.48171488,-121.766131,53057.0,547.1924461127667,2.4045261669024045,690,707,17,0,690,686,128206,0,0,0,0,21
2020-07-21,US,Washington,Skamania,45,1,0,46.02408726,-121.91644029999999,53059.0,372.42406687081024,2.2222222222222223,44,41,0,0,41,40,11924,4,1,0,3,1
2020-07-21,US,Washington,Snohomish,4454,181,0,48.04615983,-121.7170703,53061.0,541.7944416804629,4.0637629097440495,4273,4386,182,0,4204,4349,814901,68,-1,0,69,37
2020-07-21,US,Washington,Spokane,2820,44,0,47.62113146,-117.4046494,53063.0,539.4052769903479,1.5602836879432624,2776,2742,44,0,2698,2663,514631,78,0,0,78,79
2020-07-21,US,Washington,Stevens,46,1,0,48.40035475,-117.8542701,53065.0,100.60582201517836,2.1739130434782608,45,44,1,0,43,44,45260,2,0,0,2,0
2020-07-21,US,Washington,Thurston,475,5,0,46.9291895,-122.82906559999999,53067.0,163.49092711402375,1.0526315789473684,470,469,5,0,464,457,286419,6,0,0,6,12
2020-07-21,US,Washington,Unassigned,179,1,0,0.0,0.0,90053.0,0.0,0.5586592178770949,178,114,0,0,114,115,,65,1,0,64,-1
2020-07-21,US,Washington,Wahkiakum,6,0,0,46.29180039999999,-123.4250831,53069.0,133.6898395721925,0.0,6,5,0,0,5,5,4426,1,0,0,1,0
2020-07-21,US,Washington,Walla Walla,300,3,0,46.23040051,-118.4775539,53071.0,493.7458854509546,1.0,297,297,3,0,294,281,60922,3,0,0,3,16
2020-07-21,US,Washington,Whatcom,802,37,0,48.82227976,-121.74900179999999,53073.0,349.84100119085525,4.613466334164588,765,788,37,0,751,780,225685,14,0,0,14,8
2020-07-21,US,Washington,Whitman,56,0,0,46.90022523,-117.52417630000001,53075.0,111.76752355101392,0.0,56,56,0,0,56,56,49791,0,0,0,0,0
2020-07-21,US,Washington,Yakima,9261,194,0,46.45738486,-120.73801259999999,53077.0,3691.509249700047,2.094806176438829,9067,9185,195,0,8990,9125,251446,76,-1,0,77,60
2020-07-21,US,West Virginia,Barbour,26,1,0,39.1307219,-80.00350858,54001.0,158.14123228514083,3.8461538461538463,25,25,1,0,24,25,16535,1,0,0,1,0
2020-07-21,US,West Virginia,Berkeley,568,10,0,39.46704621,-78.02414609,54003.0,476.6260247879098,1.7605633802816902,558,568,10,0,558,566,117123,0,0,0,0,2
2020-07-21,US,West Virginia,Boone,61,0,0,38.01974191,-81.69888019,54005.0,284.2895092510603,0.0,61,61,0,0,61,57,21951,0,0,0,0,4
2020-07-21,US,West Virginia,Braxton,7,0,0,38.70036159,-80.72011184,54007.0,50.15404456545103,0.0,7,7,0,0,7,7,14089,0,0,0,0,0
2020-07-21,US,West Virginia,Brooke,39,0,0,40.27367263,-80.57915332,54009.0,177.76562286339401,0.0,39,39,0,0,39,40,22203,0,0,0,0,-1
2020-07-21,US,West Virginia,Cabell,229,2,0,38.42424062,-82.23855912,54011.0,249.06193920278423,0.8733624454148472,227,229,1,0,228,233,93224,0,1,0,-1,-4
2020-07-21,US,West Virginia,Calhoun,5,0,0,38.84315422,-81.11934872,54013.0,70.33338022225348,0.0,5,5,0,0,5,5,7254,0,0,0,0,0
2020-07-21,US,West Virginia,Clay,17,1,0,38.46231092,-81.07652217,54015.0,199.8119417019276,5.882352941176472,16,16,1,0,15,15,8632,1,0,0,1,1
2020-07-21,US,West Virginia,Fayette,102,4,0,38.02974928,-81.08286634,54019.0,240.53200018865255,3.92156862745098,98,102,4,0,98,101,43018,0,0,0,0,1
2020-07-21,US,West Virginia,Gilmer,13,0,0,38.9251277,-80.85952723,54021.0,166.17665857088068,0.0,13,13,0,0,13,13,8026,0,0,0,0,0
2020-07-21,US,West Virginia,Grant,26,0,0,39.10314817,-79.19440518,54023.0,224.75795297372062,0.0,26,24,0,0,24,22,11626,2,0,0,2,2
2020-07-21,US,West Virginia,Greenbrier,80,3,0,37.9463652,-80.45335881,54025.0,230.80030004039008,3.75,77,80,3,0,77,76,34786,0,0,0,0,4
2020-07-21,US,West Virginia,Hampshire,51,1,0,39.32103553,-78.60826476,54027.0,220.06472491909386,1.96078431372549,50,50,1,0,49,48,23347,1,0,0,1,2
2020-07-21,US,West Virginia,Hancock,65,0,0,40.51943859,-80.57461608,54029.0,225.61610551891704,0.0,65,62,0,0,62,59,29094,3,0,0,3,3
2020-07-21,US,West Virginia,Hardy,50,0,0,39.00683177,-78.85855301,54031.0,362.95005807200926,0.0,50,49,0,0,49,49,13775,1,0,0,1,0
2020-07-21,US,West Virginia,Harrison,142,1,0,39.2853852,-80.37919577,54033.0,211.13357916022358,0.7042253521126759,141,141,1,0,140,138,67554,1,0,0,1,3
2020-07-21,US,West Virginia,Jackson,149,19,0,38.84263974,-81.68148753,54035.0,521.4165733482644,12.751677852348996,130,149,19,0,130,149,28706,0,0,0,0,0
2020-07-21,US,West Virginia,Jefferson,274,4,0,39.30776166,-77.86014147,54037.0,479.4736289504077,1.45985401459854,270,274,4,0,270,272,56811,0,0,0,0,2
2020-07-21,US,West Virginia,Kanawha,546,20,0,38.33860077,-81.52857054,54039.0,306.5280366486268,3.663003663003663,526,536,20,0,516,521,180454,10,0,0,10,15
2020-07-21,US,West Virginia,Lewis,25,2,0,38.9947249,-80.49988181,54041.0,157.16351291884075,8.0,23,25,2,0,23,25,16024,0,0,0,0,0
2020-07-21,US,West Virginia,Lincoln,30,0,0,38.172154,-82.07017953,54043.0,146.99397324709687,0.0,30,21,0,0,21,20,20599,9,0,0,9,1
2020-07-21,US,West Virginia,Logan,47,1,0,37.8299889,-81.93528571,54045.0,146.78784471719916,2.127659574468085,46,46,1,0,45,43,32607,1,0,0,1,3
2020-07-21,US,West Virginia,Marion,140,2,0,39.50984542,-80.24244659,54049.0,249.67898416321881,1.4285714285714286,138,139,2,0,137,135,56097,1,0,0,1,4
2020-07-21,US,West Virginia,Marshall,83,0,0,39.86064362,-80.66591062,54051.0,271.85483606825846,0.0,83,83,0,0,83,81,30785,0,0,0,0,2
2020-07-21,US,West Virginia,Mason,30,0,0,38.77071799,-82.02524219,54053.0,113.13923668728313,0.0,30,28,0,0,28,27,26718,2,0,0,2,1
2020-07-21,US,West Virginia,McDowell,12,0,0,37.38002939,-81.65083669,54047.0,68.08896958692692,0.0,12,12,0,0,12,12,18223,0,0,0,0,0
2020-07-21,US,West Virginia,Mercer,74,0,0,37.40481169,-81.11023142,54055.0,125.94029749140543,0.0,74,72,0,0,72,72,59131,2,0,0,2,0
2020-07-21,US,West Virginia,Mineral,78,3,0,39.41561583,-78.94104895,54057.0,290.30817329164813,3.8461538461538463,75,73,3,0,70,73,26940,5,0,0,5,0
2020-07-21,US,West Virginia,Mingo,62,2,0,37.73048351,-82.13338365,54059.0,264.68579234972685,3.2258064516129035,60,55,2,0,53,53,23785,7,0,0,7,2
2020-07-21,US,West Virginia,Monongalia,763,5,0,39.63218457,-80.04766838,54061.0,722.4557815399768,0.6553079947575361,758,754,5,0,749,727,106420,9,0,0,9,27
2020-07-21,US,West Virginia,Monroe,17,0,0,37.56274716,-80.54577965,54063.0,128.06026365348401,0.0,17,17,0,0,17,17,13280,0,0,0,0,0
2020-07-21,US,West Virginia,Morgan,22,0,0,39.55439028,-78.26311676,54065.0,123.01498546186536,0.0,22,21,0,0,21,21,17787,1,0,0,1,0
2020-07-21,US,West Virginia,Nicholas,23,1,0,38.29617706,-80.79759588,54067.0,93.89288047028086,4.3478260869565215,22,21,1,0,20,20,24842,2,0,0,2,1
2020-07-21,US,West Virginia,Ohio,179,3,0,40.0955451,-80.62203992,54069.0,432.2523001134964,1.675977653631285,176,178,3,0,175,177,41755,1,0,0,1,1
2020-07-21,US,West Virginia,Pendleton,20,1,0,38.68314479,-79.35084086,54071.0,286.9852202611565,5.0,19,20,1,0,19,20,6997,0,0,0,0,0
2020-07-21,US,West Virginia,Pleasants,6,0,0,39.37091679,-81.16771771,54073.0,80.42895442359249,0.0,6,6,0,0,6,5,7507,0,0,0,0,1
2020-07-21,US,West Virginia,Pocahontas,39,0,0,38.32758728,-80.00993811,54075.0,472.8992360858494,0.0,39,38,0,0,38,38,8414,1,0,0,1,0
2020-07-21,US,West Virginia,Preston,114,2,0,39.46770987,-79.66712803,54077.0,340.99066762383364,1.7543859649122806,112,113,2,0,111,115,33839,1,0,0,1,-2
2020-07-21,US,West Virginia,Putnam,116,0,0,38.50782345,-81.9082131,54079.0,205.49158547387069,0.0,116,116,0,0,116,112,56682,0,0,0,0,4
2020-07-21,US,West Virginia,Raleigh,111,0,0,37.76936795,-81.2456041,54081.0,151.3065525279099,0.0,111,101,0,0,101,95,74254,10,0,0,10,6
2020-07-21,US,West Virginia,Randolph,202,0,0,38.769899,-79.87919615,54083.0,703.9553929255968,0.0,202,199,0,0,199,198,28823,3,0,0,3,1
2020-07-21,US,West Virginia,Ritchie,3,0,0,39.18094587,-81.06356878,54085.0,31.400460540087924,0.0,3,3,0,0,3,3,9721,0,0,0,0,0
2020-07-21,US,West Virginia,Roane,12,1,0,38.71622686,-81.35243568,54087.0,87.66803039158388,8.333333333333334,11,12,1,0,11,12,13932,0,0,0,0,0
2020-07-21,US,West Virginia,Summers,2,0,0,37.65390597,-80.86009693,54089.0,15.90710252127575,0.0,2,2,0,0,2,2,12760,0,0,0,0,0
2020-07-21,US,West Virginia,Taylor,30,0,0,39.33602617,-80.0421439,54091.0,179.69451931716083,0.0,30,30,0,0,30,30,16862,0,0,0,0,0
2020-07-21,US,West Virginia,Tucker,7,0,0,39.11240885,-79.57053576,54093.0,102.35414534288635,0.0,7,7,0,0,7,7,6955,0,0,0,0,0
2020-07-21,US,West Virginia,Tyler,10,0,0,39.46811972,-80.88772676,54095.0,116.40088464672331,0.0,10,10,0,0,10,10,8746,0,0,0,0,0
2020-07-21,US,West Virginia,Upshur,33,0,0,38.89285061,-80.23689136,54097.0,136.49900727994705,0.0,33,33,0,0,33,33,24415,0,0,0,0,0
2020-07-21,US,West Virginia,Wayne,162,9,0,38.14901357,-82.42287994,54099.0,411.1466423024212,5.5555555555555545,153,153,9,0,144,151,39944,9,0,0,9,2
2020-07-21,US,West Virginia,Webster,2,0,0,38.49370949,-80.4202023,54101.0,24.648755237860488,0.0,2,2,0,0,2,2,8285,0,0,0,0,0
2020-07-21,US,West Virginia,Wetzel,42,0,0,39.6065771,-80.64016540000001,54103.0,278.7919017590441,0.0,42,42,0,0,42,40,15270,0,0,0,0,2
2020-07-21,US,West Virginia,Wirt,6,0,0,39.02775007,-81.37473928,54105.0,103.07507301151009,0.0,6,6,0,0,6,6,5830,0,0,0,0,0
2020-07-21,US,West Virginia,Wood,212,3,0,39.20967886,-81.5162836,54107.0,253.83749610862333,1.4150943396226414,209,208,3,0,205,205,84203,4,0,0,4,3
2020-07-21,US,West Virginia,Wyoming,8,0,0,37.612327,-81.54511071,54109.0,39.22722369324311,0.0,8,8,0,0,8,7,20786,0,0,0,0,1
2020-07-21,US,Wisconsin,Adams,54,2,0,43.96974651,-89.76782777,55001.0,267.06231454005933,3.703703703703704,52,52,2,0,50,51,20348,2,0,0,2,1
2020-07-21,US,Wisconsin,Ashland,11,0,0,46.31956891,-90.67837132,55003.0,70.68500192777277,0.0,11,10,0,0,10,10,15600,1,0,0,1,0
2020-07-21,US,Wisconsin,Barron,78,1,0,45.42372701,-91.84833627,55005.0,172.39855008398902,1.2820512820512822,77,74,1,0,73,70,45164,4,0,0,4,4
2020-07-21,US,Wisconsin,Bayfield,13,1,0,46.52868768,-91.19716729,55007.0,86.45916467145517,7.6923076923076925,12,13,1,0,12,13,15042,0,0,0,0,0
2020-07-21,US,Wisconsin,Brown,3596,46,0,44.452655299999996,-88.00411844,55009.0,1359.3304654837418,1.2791991101223579,3550,3510,46,0,3464,3507,263378,86,0,0,86,3
2020-07-21,US,Wisconsin,Buffalo,29,2,0,44.37835084,-91.75332578,55011.0,222.54623589901004,6.896551724137932,27,25,2,0,23,22,13125,4,0,0,4,3
2020-07-21,US,Wisconsin,Burnett,5,1,0,45.86303537,-92.36711412,55013.0,32.4380433372259,20.0,4,5,1,0,4,5,15392,0,0,0,0,0
2020-07-21,US,Wisconsin,Calumet,190,2,0,44.0816316,-88.21780273,55015.0,379.3248018527022,1.0526315789473684,188,188,2,0,186,186,50159,2,0,0,2,2
2020-07-21,US,Wisconsin,Chippewa,165,0,0,45.06939744,-91.28068855,55017.0,255.18883974140863,0.0,165,161,0,0,161,154,64135,4,0,0,4,7
2020-07-21,US,Wisconsin,Clark,142,7,0,44.73483377,-90.61207486,55019.0,408.3510668890551,4.929577464788731,135,141,7,0,134,139,34709,1,0,0,1,2
2020-07-21,US,Wisconsin,Columbia,166,1,0,43.46492199,-89.33589004,55021.0,288.5350761315442,0.6024096385542169,165,159,1,0,158,154,57358,7,0,0,7,5
2020-07-21,US,Wisconsin,Crawford,48,0,0,43.23870316,-90.93073686,55023.0,297.56369722893805,0.0,48,48,0,0,48,48,16291,0,0,0,0,0
2020-07-21,US,Wisconsin,Dane,3586,33,0,43.06601594,-89.41733797,55025.0,655.9416127822642,0.9202453987730062,3553,3549,33,0,3516,3494,542364,37,0,0,37,55
2020-07-21,US,Wisconsin,Dodge,577,5,0,43.41576662,-88.70928178,55027.0,656.8836166167648,0.8665511265164645,572,570,6,0,564,564,87847,7,-1,0,8,6
2020-07-21,US,Wisconsin,Door,74,3,0,44.95856458,-87.30002707,55029.0,267.4569900245771,4.0540540540540535,71,74,3,0,71,73,27610,0,0,0,0,1
2020-07-21,US,Wisconsin,Douglas,75,0,0,46.43222285,-91.91595768,55031.0,173.81228273464657,0.0,75,75,0,0,75,75,43208,0,0,0,0,0
2020-07-21,US,Wisconsin,Dunn,71,0,0,44.94562799,-91.8962481,55033.0,156.4979721389526,0.0,71,68,0,0,68,65,45131,3,0,0,3,3
2020-07-21,US,Wisconsin,Eau Claire,407,2,0,44.726614,-91.28609183,55035.0,388.9302983391625,0.4914004914004914,405,402,2,0,400,397,104534,5,0,0,5,5
2020-07-21,US,Wisconsin,Florence,5,0,0,45.84963535,-88.39804137,55037.0,116.41443538998837,0.0,5,5,0,0,5,5,4321,0,0,0,0,0
2020-07-21,US,Wisconsin,Fond du Lac,451,6,0,43.75354908,-88.48885325,55039.0,436.1575582913456,1.3303769401330376,445,441,6,0,435,433,103066,10,0,0,10,8
2020-07-21,US,Wisconsin,Forest,50,4,0,45.66678019,-88.77084892,55041.0,555.3087516659263,8.0,46,50,3,0,47,50,8991,0,1,0,-1,0
2020-07-21,US,Wisconsin,Grant,252,14,0,42.8671731,-90.7063218,55043.0,489.9006590330294,5.5555555555555545,238,250,14,0,236,248,51554,2,0,0,2,2
2020-07-21,US,Wisconsin,Green,118,1,0,42.6794956,-89.60243287,55045.0,319.26406926406935,0.8474576271186439,117,117,1,0,116,116,36929,1,0,0,1,1
2020-07-21,US,Wisconsin,Green Lake,48,0,0,43.80025981,-89.04679553,55047.0,253.7936868820388,0.0,48,47,0,0,47,47,18918,1,0,0,1,0
2020-07-21,US,Wisconsin,Iowa,51,0,0,43.00050278,-90.13469017,55049.0,215.38981332882844,0.0,51,50,0,0,50,50,23771,1,0,0,1,0
2020-07-21,US,Wisconsin,Iron,33,1,0,46.26302338,-90.24295041,55051.0,580.2707930367504,3.0303030303030303,32,28,1,0,27,26,5676,5,0,0,5,2
2020-07-21,US,Wisconsin,Jackson,36,1,0,44.31864893,-90.80566792,55053.0,174.39325679407062,2.7777777777777777,35,37,1,0,36,36,20478,-1,0,0,-1,1
2020-07-21,US,Wisconsin,Jefferson,441,4,0,43.02054068,-88.77529134,55055.0,520.2373509183782,0.90702947845805,437,427,4,0,423,418,85129,14,0,0,14,9
2020-07-21,US,Wisconsin,Juneau,77,1,0,43.92456975,-90.11120239,55057.0,288.52999587814287,1.2987012987012987,76,76,1,0,75,74,26617,1,0,0,1,2
2020-07-21,US,Wisconsin,Kenosha,2082,47,0,42.57639354,-88.04051686,55059.0,1227.8766933433985,2.2574447646493754,2035,2027,47,0,1980,1986,169290,55,0,0,55,41
2020-07-21,US,Wisconsin,Kewaunee,91,1,0,44.51727459,-87.61468386,55061.0,445.3362043652736,1.0989010989010992,90,92,1,0,91,91,20383,-1,0,0,-1,1
2020-07-21,US,Wisconsin,La Crosse,685,1,0,43.90632465,-91.11451093,55063.0,580.4297722342732,0.145985401459854,684,674,1,0,673,667,118230,11,0,0,11,7
2020-07-21,US,Wisconsin,Lafayette,87,0,0,42.66005229,-90.1317729,55065.0,522.0522052205222,0.0,87,86,0,0,86,86,16665,1,0,0,1,0
2020-07-21,US,Wisconsin,Langlade,13,1,0,45.26271619,-89.07483625,55067.0,67.74714680285581,7.6923076923076925,12,11,1,0,10,11,19268,2,0,0,2,0
2020-07-21,US,Wisconsin,Lincoln,40,0,0,45.33737523,-89.73411273,55069.0,144.9643025404994,0.0,40,37,0,0,37,35,27689,3,0,0,3,2
2020-07-21,US,Wisconsin,Manitowoc,207,1,0,44.11946801,-87.80928853,55071.0,262.08835036274553,0.4830917874396135,206,202,1,0,201,199,79074,5,0,0,5,3
2020-07-21,US,Wisconsin,Marathon,388,3,0,44.89792533,-89.75863384,55073.0,285.94169147775847,0.7731958762886598,385,383,3,0,380,375,135428,5,0,0,5,8
2020-07-21,US,Wisconsin,Marinette,189,3,0,45.38553432,-88.03324599999998,55075.0,468.40148698884764,1.5873015873015872,186,177,3,0,174,159,40434,12,0,0,12,18
2020-07-21,US,Wisconsin,Marquette,58,1,0,43.81911946,-89.40073763,55077.0,372.41556440220876,1.7241379310344829,57,58,1,0,57,57,15434,0,0,0,0,1
2020-07-21,US,Wisconsin,Menominee,10,0,0,45.00422544,-88.70950714,55078.0,219.4907813871817,0.0,10,10,0,0,10,10,4658,0,0,0,0,0
2020-07-21,US,Wisconsin,Milwaukee,16570,416,0,43.00486062,-87.96733172,55079.0,1752.0931009615892,2.510561255280628,16154,16275,411,0,15864,15985,948201,295,5,0,290,290
2020-07-21,US,Wisconsin,Monroe,163,1,0,43.94641218,-90.61881899999999,55081.0,352.4095734330746,0.6134969325153374,162,165,1,0,164,161,46051,-2,0,0,-2,4
2020-07-21,US,Wisconsin,Oconto,125,0,0,45.02715345,-88.26807503,55083.0,329.55444239388345,0.0,125,121,0,0,121,120,37830,4,0,0,4,1
2020-07-21,US,Wisconsin,Oneida,52,0,0,45.70677897,-89.51944105,55085.0,146.08793369855317,0.0,52,52,0,0,52,51,35470,0,0,0,0,1
2020-07-21,US,Wisconsin,Outagamie,840,10,0,44.41578887,-88.46565023,55087.0,447.08199164382484,1.1904761904761905,830,814,10,0,804,792,187365,26,0,0,26,22
2020-07-21,US,Wisconsin,Ozaukee,409,16,0,43.38352225,-87.94625009,55089.0,458.4122572040216,3.9119804400977993,393,385,16,0,369,383,89147,24,0,0,24,2
2020-07-21,US,Wisconsin,Pepin,27,0,0,44.58307413,-91.99949611,55091.0,370.52284890901603,0.0,27,22,0,0,22,22,7289,5,0,0,5,0
2020-07-21,US,Wisconsin,Pierce,133,0,0,44.71850291,-92.4224416,55093.0,311.0820040230154,0.0,133,128,0,0,128,128,42555,5,0,0,5,0
2020-07-21,US,Wisconsin,Polk,84,2,0,45.46130348,-92.44182875,55095.0,191.85528629833496,2.380952380952381,82,81,2,0,79,79,43598,3,0,0,3,2
2020-07-21,US,Wisconsin,Portage,296,0,0,44.47558711,-89.50152965,55097.0,418.24450347595086,0.0,296,292,0,0,292,287,70942,4,0,0,4,5
2020-07-21,US,Wisconsin,Price,14,0,0,45.68051754,-90.36098879999999,55099.0,104.86105909669688,0.0,14,13,0,0,13,12,13397,1,0,0,1,1
2020-07-21,US,Wisconsin,Racine,2715,69,0,42.74753117,-88.05941254,55101.0,1383.0096122988525,2.541436464088398,2646,2624,66,0,2558,2589,196584,91,3,0,88,35
2020-07-21,US,Wisconsin,Richland,19,4,0,43.3762778,-90.43012729,55103.0,110.13215859030836,21.05263157894737,15,18,4,0,14,18,17377,1,0,0,1,0
2020-07-21,US,Wisconsin,Rock,1200,25,0,42.67151616,-89.07147900000002,55105.0,734.6009280458389,2.083333333333333,1175,1171,24,0,1147,1171,163129,29,1,0,28,0
2020-07-21,US,Wisconsin,Rusk,13,1,0,45.47498854,-91.1333012,55107.0,91.69135280011284,7.6923076923076925,12,13,1,0,12,13,14147,0,0,0,0,0
2020-07-21,US,Wisconsin,Sauk,232,3,0,43.42574087,-89.94966132,55111.0,360.01365569038825,1.293103448275862,229,230,3,0,227,218,64249,2,0,0,2,12
2020-07-21,US,Wisconsin,Sawyer,19,0,0,45.87931905,-91.14504927,55113.0,114.74815799009542,0.0,19,19,0,0,19,19,16489,0,0,0,0,0
2020-07-21,US,Wisconsin,Shawano,116,0,0,44.78902246,-88.76443896,55115.0,283.6255165162962,0.0,116,113,0,0,113,110,40796,3,0,0,3,3
2020-07-21,US,Wisconsin,Sheboygan,410,5,0,43.72099677,-87.94579284,55117.0,355.4707820357205,1.2195121951219512,405,398,4,0,394,386,115456,12,1,0,11,12
2020-07-21,US,Wisconsin,St. Croix,337,2,0,45.03437474,-92.45000068,55109.0,371.6078379481072,0.5934718100890207,335,333,2,0,331,329,89694,4,0,0,4,4
2020-07-21,US,Wisconsin,Taylor,34,0,0,45.21179252,-90.5004405,55119.0,167.13365776925727,0.0,34,33,0,0,33,32,20412,1,0,0,1,1
2020-07-21,US,Wisconsin,Trempealeau,238,1,0,44.30360275,-91.35893614,55121.0,802.7252183884785,0.4201680672268908,237,228,1,0,227,227,29442,10,0,0,10,1
2020-07-21,US,Wisconsin,Vernon,46,0,0,43.59422667,-90.8324691,55123.0,149.24404646032056,0.0,46,45,0,0,45,45,30785,1,0,0,1,0
2020-07-21,US,Wisconsin,Vilas,21,0,0,46.05467334,-89.51719204,55125.0,94.6159044829917,0.0,21,21,0,0,21,21,21938,0,0,0,0,0
2020-07-21,US,Wisconsin,Walworth,964,18,0,42.66858202,-88.54163073,55127.0,928.1010513343859,1.867219917012448,946,942,18,0,924,902,103718,22,0,0,22,40
2020-07-21,US,Wisconsin,Washburn,8,0,0,45.89838588,-91.79050449,55129.0,50.89058524173028,0.0,8,7,0,0,7,7,15878,1,0,0,1,0
2020-07-21,US,Wisconsin,Washington,591,19,0,43.36863664,-88.22974712,55131.0,434.4502109766676,3.2148900169204735,572,570,19,0,551,570,135693,21,0,0,21,0
2020-07-21,US,Wisconsin,Waukesha,2449,42,0,43.01833055,-88.30431188,55133.0,605.8911721483036,1.7149857084524296,2407,2221,40,0,2181,2185,403072,228,2,0,226,36
2020-07-21,US,Wisconsin,Waupaca,239,14,0,44.47068056,-88.96534501,55135.0,468.719356736615,5.857740585774058,225,224,13,0,211,215,51128,15,1,0,14,9
2020-07-21,US,Wisconsin,Waushara,56,0,0,44.11324419,-89.24317107,55137.0,229.10444708096387,0.0,56,52,0,0,52,52,24263,4,0,0,4,0
2020-07-21,US,Wisconsin,Winnebago,876,14,0,44.06886922,-88.64477096,55139.0,509.5778531415242,1.5981735159817352,862,864,14,0,850,847,171020,12,0,0,12,17
2020-07-21,US,Wisconsin,Wood,140,1,0,44.45537896,-90.04158336,55141.0,191.7834490883437,0.7142857142857143,139,135,1,0,134,133,73055,5,0,0,5,2
2020-07-21,US,Wyoming,Albany,73,0,0,41.65498705,-105.72354150000001,56001.0,187.75720164609046,0.0,73,67,0,0,67,59,38601,6,0,0,6,8
2020-07-21,US,Wyoming,Big Horn,32,0,0,44.52405055,-107.9960365,56003.0,271.4164546225615,0.0,32,31,0,0,31,31,11881,1,0,0,1,0
2020-07-21,US,Wyoming,Campbell,97,0,0,44.24886082,-105.54744040000001,56005.0,209.31788265251075,0.0,97,96,0,0,96,93,46140,1,0,0,1,3
2020-07-21,US,Wyoming,Carbon,42,0,0,41.69357844,-106.9326084,56007.0,283.7837837837838,0.0,42,35,0,0,35,33,14971,7,0,0,7,2
2020-07-21,US,Wyoming,Converse,30,0,0,42.97272268,-105.5081848,56009.0,217.04529011720444,0.0,30,29,0,0,29,29,13640,1,0,0,1,0
2020-07-21,US,Wyoming,Crook,9,0,0,44.58855102,-104.56977049999999,56011.0,118.67088607594937,0.0,9,9,0,0,9,9,7450,0,0,0,0,0
2020-07-21,US,Wyoming,Fremont,431,0,0,43.04183996,-108.6296893,56013.0,1097.7815134611956,0.0,431,426,0,0,426,421,39531,5,0,0,5,5
2020-07-21,US,Wyoming,Goshen,11,0,0,42.08798185,-104.3534743,56015.0,83.2639467110741,0.0,11,11,0,0,11,11,13376,0,0,0,0,0
2020-07-21,US,Wyoming,Hot Springs,14,0,0,43.71930657,-108.44231740000001,56017.0,317.2445048719692,0.0,14,14,0,0,14,14,4555,0,0,0,0,0
2020-07-21,US,Wyoming,Johnson,22,1,0,44.04057166,-106.58451740000001,56019.0,260.5091770278271,4.545454545454546,21,22,1,0,21,22,8460,0,0,0,0,0
2020-07-21,US,Wyoming,Laramie,388,0,0,41.30702520000001,-104.6887497,56021.0,389.94974874371866,0.0,388,383,0,0,383,373,98976,5,0,0,5,10
2020-07-21,US,Wyoming,Lincoln,64,0,0,42.26376367,-110.6563997,56023.0,322.7433182047403,0.0,64,60,0,0,60,55,19434,4,0,0,4,5
2020-07-21,US,Wyoming,Natrona,181,0,0,42.96180148,-106.79788500000001,56025.0,226.65230784642742,0.0,181,178,0,0,178,175,79115,3,0,0,3,3
2020-07-21,US,Wyoming,Niobrara,2,0,0,43.05607708,-104.47588959999999,56027.0,84.88964346349746,0.0,2,2,0,0,2,2,2388,0,0,0,0,0
2020-07-21,US,Wyoming,Park,89,0,0,44.52157546,-109.58528249999999,56029.0,304.85716243063644,0.0,89,89,0,0,89,89,29324,0,0,0,0,0
2020-07-21,US,Wyoming,Platte,4,0,0,42.13299116,-104.96633100000001,56031.0,47.658763255093525,0.0,4,4,0,0,4,4,8566,0,0,0,0,0
2020-07-21,US,Wyoming,Sheridan,40,0,0,44.79048913,-106.8862389,56033.0,131.21207151057897,0.0,40,40,0,0,40,39,30233,0,0,0,0,1
2020-07-21,US,Wyoming,Sublette,18,0,0,42.76558279,-109.91309220000001,56035.0,183.094293561184,0.0,18,17,0,0,17,17,9813,1,0,0,1,0
2020-07-21,US,Wyoming,Sweetwater,194,0,0,41.65943896,-108.8827882,56037.0,458.1630966157333,0.0,194,181,0,0,181,173,43051,13,0,0,13,8
2020-07-21,US,Wyoming,Teton,226,0,0,43.93522482,-110.5890801,56039.0,963.1776338220253,0.0,226,223,0,0,223,208,23081,3,0,0,3,15
2020-07-21,US,Wyoming,Uinta,223,0,0,41.2878183,-110.54757820000002,56041.0,1102.5412834964898,0.0,223,222,0,0,222,221,20299,1,0,0,1,1
2020-07-21,US,Wyoming,Unassigned,0,24,0,0.0,0.0,90056.0,0.0,0.0,-24,0,23,0,-23,0,,0,1,0,-1,0
2020-07-21,US,Wyoming,Washakie,44,0,0,43.90451606,-107.68018700000002,56043.0,563.7411915438821,0.0,44,44,0,0,44,44,7885,0,0,0,0,0
2020-07-21,US,Wyoming,Weston,4,0,0,43.83961191,-104.56748809999999,56045.0,57.74505557961599,0.0,4,4,0,0,4,4,6967,0,0,0,0,0
