Date,Country/Region,Province/State,Admin2,Confirmed,Deaths,Recovered,Latitude,Longitude,FIPS,Incidence_Rate,Case-Fatality_Ratio,Active Cases,Previous Confirmed,Previous Deaths,Previous Recovered,Previous Active,Prev2 Confirmed,Population,Daily Confirmed,Daily Deaths,Daily Recovered,Daily Active,Previous Daily Confirmed
2020-11-08,US,Alabama,Autauga,2283,30,0,32.53952745,-86.64408227,1001.0,4086.344842399184,1.314060446780552,2253,2267,30,0,2237,2242,55601,16,0,0,16,25
2020-11-08,US,Alabama,Baldwin,7226,83,0,30.72774991,-87.72207058,1003.0,3236.9621115063123,1.1486299474121229,7143,7188,83,0,7105,7134,218022,38,0,0,38,54
2020-11-08,US,Alabama,Barbour,1095,9,0,31.868263,-85.3871286,1005.0,4435.7125496232675,0.821917808219178,1086,1092,9,0,1083,1090,24881,3,0,0,3,2
2020-11-08,US,Alabama,Bibb,926,16,0,32.99642064,-87.12511459999996,1007.0,4135.036170402786,1.7278617710583153,910,924,16,0,908,917,22400,2,0,0,2,7
2020-11-08,US,Alabama,Blount,2297,26,0,33.98210918,-86.56790593,1009.0,3972.2616124234773,1.131911188506748,2271,2286,26,0,2260,2253,57840,11,0,0,11,33
2020-11-08,US,Alabama,Bullock,664,17,0,32.10030533,-85.71265535,1011.0,6573.606573606574,2.560240963855421,647,663,17,0,646,662,10138,1,0,0,1,1
2020-11-08,US,Alabama,Butler,1052,41,0,31.75300095,-86.68057478,1013.0,5409.296585767174,3.897338403041825,1011,1046,41,0,1005,1044,19680,6,0,0,6,2
2020-11-08,US,Alabama,Calhoun,5181,67,0,33.77483727,-85.82630386,1015.0,4560.538708683596,1.2931866435051151,5114,5153,67,0,5086,5077,114277,28,0,0,28,76
2020-11-08,US,Alabama,Chambers,1485,48,0,32.91360079,-85.39072749,1017.0,4465.628195104348,3.2323232323232323,1437,1483,48,0,1435,1469,33615,2,0,0,2,14
2020-11-08,US,Alabama,Cherokee,840,15,0,34.17805983,-85.60638968,1019.0,3206.596426935411,1.7857142857142858,825,836,15,0,821,832,26032,4,0,0,4,4
2020-11-08,US,Alabama,Chilton,2011,35,0,32.85044126,-86.7173256,1021.0,4526.424777167552,1.74042764793635,1976,2001,35,0,1966,1992,44153,10,0,0,10,9
2020-11-08,US,Alabama,Choctaw,407,12,0,32.02227341,-88.26564429999998,1023.0,3232.981174040829,2.9484029484029484,395,407,12,0,395,403,12841,0,0,0,0,4
2020-11-08,US,Alabama,Clarke,1443,18,0,31.68099859,-87.83548597,1025.0,6108.712217424435,1.2474012474012477,1425,1435,18,0,1417,1436,23920,8,0,0,8,-1
2020-11-08,US,Alabama,Clay,816,13,0,33.26984193,-85.85836077,1027.0,6165.470343785418,1.593137254901961,803,812,13,0,799,806,13275,4,0,0,4,6
2020-11-08,US,Alabama,Cleburne,627,11,0,33.67679204,-85.52005899,1029.0,4205.23138832998,1.7543859649122806,616,622,11,0,611,616,14987,5,0,0,5,6
2020-11-08,US,Alabama,Coffee,1985,12,0,31.39932826,-85.98901039,1031.0,3792.365595506477,0.6045340050377834,1973,1970,12,0,1958,1947,51909,15,0,0,15,23
2020-11-08,US,Alabama,Colbert,2461,33,0,34.69847452,-87.80168544,1033.0,4455.024347857569,1.3409183258837871,2428,2450,33,0,2417,2425,54762,11,0,0,11,25
2020-11-08,US,Alabama,Conecuh,605,13,0,31.43401703,-86.99320044,1035.0,5013.673655423883,2.1487603305785123,592,604,13,0,591,596,12277,1,0,0,1,8
2020-11-08,US,Alabama,Coosa,235,3,0,32.93690146,-86.24847739,1037.0,2203.8825846384693,1.2765957446808511,232,235,3,0,232,233,10715,0,0,0,0,2
2020-11-08,US,Alabama,Covington,1941,32,0,31.247785399999998,-86.45050893,1039.0,5239.0078004804445,1.648634724368882,1909,1941,32,0,1909,1934,36986,0,0,0,0,7
2020-11-08,US,Alabama,Crenshaw,644,30,0,31.72941803,-86.31593104,1041.0,4676.154516410107,4.658385093167702,614,641,30,0,611,641,13824,3,0,0,3,0
2020-11-08,US,Alabama,Cullman,3195,27,0,34.13020303,-86.86888037,1043.0,3814.105625059689,0.8450704225352113,3168,3140,27,0,3113,3089,83442,55,0,0,55,51
2020-11-08,US,Alabama,Dale,2043,55,0,31.43037123,-85.61095742,1045.0,4154.803546733913,2.6921194322075377,1988,2027,55,0,1972,2000,48956,16,0,0,16,27
2020-11-08,US,Alabama,Dallas,1986,27,0,32.32688101,-87.10866709999998,1047.0,5339.28379395634,1.3595166163141994,1959,1981,27,0,1954,1970,38310,5,0,0,5,11
2020-11-08,US,Alabama,DeKalb,3896,32,0,34.45946862,-85.80782906,1049.0,5447.960510676378,0.8213552361396304,3864,3857,32,0,3825,3820,71385,39,0,0,39,37
2020-11-08,US,Alabama,Elmore,3454,59,0,32.59785413,-86.14415284,1051.0,4253.223164920144,1.7081644470179502,3395,3438,59,0,3379,3403,81887,16,0,0,16,35
2020-11-08,US,Alabama,Escambia,1829,31,0,31.1256789,-87.15918694,1053.0,4992.766085223705,1.6949152542372878,1798,1823,31,0,1792,1817,36748,6,0,0,6,6
2020-11-08,US,Alabama,Etowah,4887,58,0,34.04567266,-86.04051873,1055.0,4778.620878476161,1.1868221812973194,4829,4853,58,0,4795,4792,102501,34,0,0,34,61
2020-11-08,US,Alabama,Fayette,664,15,0,33.72076938,-87.73886638,1057.0,4073.1198625935467,2.2590361445783134,649,658,15,0,643,644,16433,6,0,0,6,14
2020-11-08,US,Alabama,Franklin,2250,34,0,34.44235334,-87.84289505,1059.0,7174.287354122824,1.5111111111111108,2216,2245,33,0,2212,2232,31363,5,1,0,4,13
2020-11-08,US,Alabama,Geneva,1025,8,0,31.09389027,-85.83572839,1061.0,3901.6405922880745,0.7804878048780488,1017,1016,8,0,1008,1012,26314,9,0,0,9,4
2020-11-08,US,Alabama,Greene,361,17,0,32.85504247,-87.95684022,1063.0,4450.745900628775,4.709141274238228,344,358,17,0,341,356,8233,3,0,0,3,2
2020-11-08,US,Alabama,Hale,825,30,0,32.76039258,-87.63284988,1065.0,5631.0149477851355,3.636363636363636,795,823,30,0,793,820,14726,2,0,0,2,3
2020-11-08,US,Alabama,Henry,777,6,0,31.51148016,-85.24267944,1067.0,4516.129032258064,0.7722007722007722,771,776,6,0,770,770,17209,1,0,0,1,6
2020-11-08,US,Alabama,Houston,4485,36,0,31.15197924,-85.29939599,1069.0,4235.8474528248435,0.802675585284281,4449,4472,36,0,4436,4436,104722,13,0,0,13,36
2020-11-08,US,Alabama,Jackson,2476,22,0,34.78144169,-85.99750489,1071.0,4796.033006624569,0.8885298869143781,2454,2465,22,0,2443,2439,51736,11,0,0,11,26
2020-11-08,US,Alabama,Jefferson,25827,403,0,33.55554728,-86.89506300000002,1073.0,3921.660924453325,1.5603825453982267,25424,25627,403,0,25224,25370,659300,200,0,0,200,257
2020-11-08,US,Alabama,Lamar,554,7,0,33.77995024,-88.09668032,1075.0,4013.0387540746106,1.263537906137184,547,553,7,0,546,544,13844,1,0,0,1,9
2020-11-08,US,Alabama,Lauderdale,2937,47,0,34.90171875,-87.65624729,1077.0,3167.2939425638147,1.6002723867892408,2890,2911,47,0,2864,2874,92387,26,0,0,26,37
2020-11-08,US,Alabama,Lawrence,1003,35,0,34.52041498,-87.31069453,1079.0,3046.409913740736,3.489531405782652,968,995,35,0,960,983,32957,8,0,0,8,12
2020-11-08,US,Alabama,Lee,6903,65,0,32.60154883,-85.35132246,1081.0,4195.281447897801,0.9416195856873822,6838,6878,65,0,6813,6851,163941,25,0,0,25,27
2020-11-08,US,Alabama,Limestone,3350,37,0,34.81185586,-86.98310072,1083.0,3386.746196229085,1.1044776119402986,3313,3311,37,0,3274,3271,96174,39,0,0,39,40
2020-11-08,US,Alabama,Lowndes,745,29,0,32.1597283,-86.65158371,1085.0,7659.8807320584,3.8926174496644297,716,745,29,0,716,743,9974,0,0,0,0,2
2020-11-08,US,Alabama,Macon,610,20,0,32.38759944,-85.69267724,1087.0,3376.134602612353,3.278688524590164,590,598,20,0,578,596,18439,12,0,0,12,2
2020-11-08,US,Alabama,Madison,10358,105,0,34.76327133,-86.55069633,1089.0,2777.6213499808264,1.0137092102722534,10253,10284,105,0,10179,10150,366519,74,0,0,74,134
2020-11-08,US,Alabama,Marengo,1095,24,0,32.24767634,-87.78796182,1091.0,5805.015108943434,2.191780821917808,1071,1090,24,0,1066,1080,19066,5,0,0,5,10
2020-11-08,US,Alabama,Marion,1211,31,0,34.13697363,-87.88704173,1093.0,4076.205863543034,2.559867877786953,1180,1203,31,0,1172,1197,29763,8,0,0,8,6
2020-11-08,US,Alabama,Marshall,4852,53,0,34.36975964,-86.30486727,1095.0,5013.743360820055,1.0923330585325641,4799,4809,53,0,4756,4769,96109,43,0,0,43,40
2020-11-08,US,Alabama,Mobile,17782,328,0,30.78472347,-88.20842409,1097.0,4303.380847510951,1.8445619165448208,17454,17729,327,0,17402,17667,413757,53,1,0,52,62
2020-11-08,US,Alabama,Monroe,692,10,0,31.56729412,-87.36995001,1099.0,3337.674239135677,1.4450867052023122,682,691,10,0,681,688,21067,1,0,0,1,3
2020-11-08,US,Alabama,Montgomery,11119,219,0,32.2206831,-86.20969272,1101.0,4909.354220569925,1.9696015828761582,10900,11080,219,0,10861,11002,225763,39,0,0,39,78
2020-11-08,US,Alabama,Morgan,4877,40,0,34.45500589,-86.85475946,1103.0,4075.06747215468,0.8201763379126512,4837,4818,40,0,4778,4753,119089,59,0,0,59,65
2020-11-08,US,Alabama,Perry,618,6,0,32.64048341,-87.29770589,1105.0,6925.921775187719,0.9708737864077671,612,618,6,0,612,615,9140,0,0,0,0,3
2020-11-08,US,Alabama,Pickens,994,18,0,33.28094866,-88.08818103,1107.0,4987.4560963371805,1.8108651911468812,976,991,18,0,973,979,19938,3,0,0,3,12
2020-11-08,US,Alabama,Pike,1429,14,0,31.80396383,-85.9408295,1109.0,4315.395301081114,0.979706088173548,1415,1425,14,0,1411,1419,33338,4,0,0,4,6
2020-11-08,US,Alabama,Randolph,890,18,0,33.29526734,-85.45708831,1111.0,3916.908722823695,2.02247191011236,872,888,18,0,870,883,22725,2,0,0,2,5
2020-11-08,US,Alabama,Russell,2022,3,0,32.28725256,-85.18415324,1113.0,3488.5526474698504,0.14836795252225518,2019,2022,3,0,2019,2018,57781,0,0,0,0,4
2020-11-08,US,Alabama,Shelby,8251,71,0,33.26879845,-86.66232561,1117.0,3790.04327015829,0.8605017573627439,8180,8182,71,0,8111,8090,215707,69,0,0,69,92
2020-11-08,US,Alabama,St. Clair,3477,52,0,33.71902176,-86.31029372,1115.0,3884.3953883278223,1.4955421340235835,3425,3447,52,0,3395,3417,88690,30,0,0,30,30
2020-11-08,US,Alabama,Sumter,509,21,0,32.59117397,-88.19916205,1119.0,4095.92017381508,4.12573673870334,488,506,21,0,485,502,12691,3,0,0,3,4
2020-11-08,US,Alabama,Talladega,2941,40,0,33.37823223,-86.16886178,1121.0,3677.261246842882,1.3600816048962938,2901,2935,40,0,2895,2910,79828,6,0,0,6,25
2020-11-08,US,Alabama,Tallapoosa,1476,87,0,32.86698258,-85.79833053,1123.0,3656.4520524190552,5.894308943089431,1389,1467,87,0,1380,1454,40497,9,0,0,9,13
2020-11-08,US,Alabama,Tuscaloosa,11205,146,0,33.28726072,-87.52556818,1125.0,5352.15304148456,1.3029897367246766,11059,11141,146,0,10995,11025,208911,64,0,0,64,116
2020-11-08,US,Alabama,Walker,3141,96,0,33.80270512,-87.30027177,1127.0,4944.821397648022,3.0563514804202483,3045,3129,96,0,3033,3109,63711,12,0,0,12,20
2020-11-08,US,Alabama,Washington,812,12,0,31.4092794,-88.20689944,1129.0,4973.66164400343,1.477832512315271,800,806,12,0,794,801,16378,6,0,0,6,5
2020-11-08,US,Alabama,Wilcox,591,12,0,31.98773215,-87.30891118,1131.0,5697.483852308879,2.0304568527918785,579,589,12,0,577,586,10627,2,0,0,2,3
2020-11-08,US,Alabama,Winston,1039,14,0,34.15030532,-87.37325922,1133.0,4397.139108722333,1.3474494706448508,1025,1026,14,0,1012,1019,23660,13,0,0,13,7
2020-11-08,US,Alaska,Aleutians East,19,0,0,55.32222414,-161.9722021,2013.0,569.3736889421638,0.0,19,19,0,0,19,19,3515,0,0,0,0,0
2020-11-08,US,Alaska,Aleutians West,103,0,0,52.3233,-174.1596,2016.0,1828.1860134895278,0.0,103,103,0,0,103,102,5723,0,0,0,0,1
2020-11-08,US,Alaska,Anchorage,10209,51,0,61.14998174,-149.14269860000005,2020.0,3544.791666666666,0.4995592124595945,10158,9914,51,0,9863,9574,291538,295,0,0,295,340
2020-11-08,US,Alaska,Bethel,672,1,0,60.90980451,-159.8561831,2050.0,3654.954856956379,0.1488095238095238,671,644,1,0,643,617,18216,28,0,0,28,27
2020-11-08,US,Alaska,Bristol Bay plus Lake and Peninsula,117,0,0,58.62403337,-156.21405890000003,2164.0,2910.4477611940297,0.0,117,116,0,0,116,116,,1,0,0,1,0
2020-11-08,US,Alaska,Denali,33,0,0,63.67264044,-150.0076108,2068.0,1573.6766809728185,0.0,33,33,0,0,33,33,2059,0,0,0,0,0
2020-11-08,US,Alaska,Dillingham,70,0,0,59.79603738,-158.23819419999995,2070.0,1423.9218877135886,0.0,70,67,0,0,67,63,5000,3,0,0,3,4
2020-11-08,US,Alaska,Fairbanks North Star,2533,16,0,64.80726247,-146.5692662,2090.0,2615.4116201509564,0.6316620607974733,2517,2505,16,0,2489,2476,98971,28,0,0,28,29
2020-11-08,US,Alaska,Haines,15,0,0,59.09893571,-135.4679843,2100.0,592.8853754940711,0.0,15,15,0,0,15,15,2474,0,0,0,0,0
2020-11-08,US,Alaska,Juneau,655,3,0,58.45031811,-134.200436,2110.0,2048.539438293614,0.4580152671755725,652,652,3,0,649,642,32113,3,0,0,3,10
2020-11-08,US,Alaska,Kenai Peninsula,1362,4,0,60.24429722,-151.53888840000005,2122.0,2319.9563943585204,0.2936857562408223,1358,1305,4,0,1301,1255,58533,57,0,0,57,50
2020-11-08,US,Alaska,Ketchikan Gateway,134,0,0,55.57445008,-130.975561,2130.0,963.9594273793252,0.0,134,117,0,0,117,105,13918,17,0,0,17,12
2020-11-08,US,Alaska,Kodiak Island,143,0,0,57.65529415,-153.7493579,2150.0,1100.1692568087399,0.0,143,137,0,0,137,131,13345,6,0,0,6,6
2020-11-08,US,Alaska,Kusilvak,327,0,0,62.15429159999999,-163.39678830000003,2158.0,3933.1248496511907,0.0,327,318,0,0,318,296,8303,9,0,0,9,22
2020-11-08,US,Alaska,Matanuska-Susitna,1946,3,0,62.31305045,-149.5741743,2170.0,1796.578561075362,0.15416238437821173,1943,1897,3,0,1894,1823,107610,49,0,0,49,74
2020-11-08,US,Alaska,Nome,153,0,0,64.90320724,-164.0353804,2180.0,1529.3882447021192,0.0,153,151,0,0,151,148,10008,2,0,0,2,3
2020-11-08,US,Alaska,North Slope,319,0,0,69.31479216,-153.4836093,2185.0,3244.507729861676,0.0,319,312,0,0,312,305,9872,7,0,0,7,7
2020-11-08,US,Alaska,Northwest Arctic,284,0,0,67.04919196,-159.7503946,2188.0,3726.545072825089,0.0,284,282,0,0,282,279,7671,2,0,0,2,3
2020-11-08,US,Alaska,Petersburg,21,1,0,57.13978948,-132.9540995,2195.0,642.9883649724434,4.761904761904762,20,21,1,0,20,20,3221,0,0,0,0,1
2020-11-08,US,Alaska,Prince of Wales-Hyder,40,1,0,55.76261984,-133.0511621,2198.0,644.8492664839594,2.5,39,38,1,0,37,36,6422,2,0,0,2,2
2020-11-08,US,Alaska,Sitka,98,0,0,57.24124555,-135.3206587,2220.0,1153.8914400094195,0.0,98,97,0,0,97,93,8647,1,0,0,1,4
2020-11-08,US,Alaska,Skagway,7,0,0,59.56149996,-135.33377480000001,2230.0,591.7159763313608,0.0,7,7,0,0,7,7,1148,0,0,0,0,0
2020-11-08,US,Alaska,Southeast Fairbanks,105,1,0,63.87692095,-143.2127643,2240.0,1523.2844915131293,0.9523809523809524,104,101,1,0,100,97,6918,4,0,0,4,4
2020-11-08,US,Alaska,Unassigned,81,0,0,0.0,0.0,90002.0,0.0,0.0,81,80,0,0,80,79,,1,0,0,1,1
2020-11-08,US,Alaska,Valdez-Cordova,196,1,0,61.47502768,-144.7126799,2261.0,2129.971745272767,0.5102040816326531,195,192,1,0,191,185,9164,4,0,0,4,7
2020-11-08,US,Alaska,Wrangell,19,0,0,56.3202004,-132.05837309999998,2275.0,759.3924860111911,0.0,19,19,0,0,19,19,2503,0,0,0,0,0
2020-11-08,US,Alaska,Yakutat,38,0,0,59.890980799999994,-140.36014509999998,2282.0,6563.039723661485,0.0,38,37,0,0,37,37,604,1,0,0,1,0
2020-11-08,US,Alaska,Yukon-Koyukuk,127,2,0,65.50815459,-151.39073869999999,2290.0,2428.2982791587,1.5748031496062993,125,127,2,0,125,127,5327,0,0,0,0,0
2020-11-08,US,Arizona,Apache,4127,184,0,35.39465006,-109.4892383,4001.0,5740.954553674516,4.458444390598498,3943,4127,183,0,3944,4111,71818,0,1,0,-1,16
2020-11-08,US,Arizona,Cochise,2384,76,0,31.87934684,-109.7516088,4003.0,1893.235494988961,3.1879194630872485,2308,2381,76,0,2305,2331,126770,3,0,0,3,50
2020-11-08,US,Arizona,Coconino,5846,151,0,35.83883429,-111.77071780000001,4005.0,4074.549053500237,2.5829627095449883,5695,5773,151,0,5622,5668,142854,73,0,0,73,105
2020-11-08,US,Arizona,Gila,2168,75,0,33.80190085,-110.8132779,4007.0,4013.4769891517653,3.4594095940959413,2093,2142,74,0,2068,2092,53889,26,1,0,25,50
2020-11-08,US,Arizona,Graham,1434,31,0,32.93166885,-109.8882178,4009.0,3692.355228261709,2.1617852161785223,1403,1408,31,0,1377,1364,38072,26,0,0,26,44
2020-11-08,US,Arizona,Greenlee,116,2,0,33.21498827,-109.2405279,4011.0,1221.3097494209308,1.7241379310344829,114,109,2,0,107,107,9483,7,0,0,7,2
2020-11-08,US,Arizona,La Paz,646,18,0,33.72854224,-113.98100290000001,4012.0,3060.4510138336177,2.7863777089783284,628,639,18,0,621,636,21098,7,0,0,7,3
2020-11-08,US,Arizona,Maricopa,166850,3709,0,33.34835867,-112.49181540000001,4013.0,3719.835002967396,2.2229547497752478,163141,165702,3699,0,162003,164269,4410824,1148,10,0,1138,1433
2020-11-08,US,Arizona,Mohave,4740,240,0,35.70471703,-113.7577902,4015.0,2233.9417761251007,5.063291139240507,4500,4722,240,0,4482,4647,209550,18,0,0,18,75
2020-11-08,US,Arizona,Navajo,6803,258,0,35.3997715,-110.3218983,4017.0,6133.028019184307,3.7924445097750987,6545,6784,256,0,6528,6739,110445,19,2,0,17,45
2020-11-08,US,Arizona,Pima,30419,659,0,32.0971334,-111.7890033,4019.0,2904.5746166971753,2.1664091521746283,29760,30066,658,0,29408,29764,1039073,353,1,0,352,302
2020-11-08,US,Arizona,Pinal,12805,231,0,32.90525627,-111.3449483,4021.0,2766.919697745625,1.8039828192112457,12574,12768,231,0,12537,12524,447138,37,0,0,37,244
2020-11-08,US,Arizona,Santa Cruz,3130,66,0,31.52508998,-110.8479088,4023.0,6731.472321390167,2.108626198083067,3064,3110,66,0,3044,3103,46511,20,0,0,20,7
2020-11-08,US,Arizona,Yavapai,3284,101,0,34.59933926,-112.5538588,4025.0,1396.858344782411,3.07551766138855,3183,3276,99,0,3177,3138,231993,8,2,0,6,138
2020-11-08,US,Arizona,Yuma,14512,363,0,32.76895712,-113.90666740000002,4027.0,6788.064756042229,2.5013781697905184,14149,14377,363,0,14014,14270,212128,135,0,0,135,107
2020-11-08,US,Arkansas,Arkansas,778,20,0,34.29145151,-91.37277296,5001.0,4449.273704678029,2.570694087403599,758,772,20,0,752,766,17769,6,0,0,6,6
2020-11-08,US,Arkansas,Ashley,617,13,0,33.19153461,-91.76984709999999,5003.0,3138.830950806329,2.1069692058346843,604,617,13,0,604,605,20046,0,0,0,0,12
2020-11-08,US,Arkansas,Baxter,916,13,0,36.28784385,-92.33782872,5005.0,2184.4891729466754,1.4192139737991267,903,906,13,0,893,880,41619,10,0,0,10,26
2020-11-08,US,Arkansas,Benton,9508,130,0,36.33644656,-94.25680817,5007.0,3406.163909995307,1.3672696676482965,9378,9430,129,0,9301,9226,272608,78,1,0,77,204
2020-11-08,US,Arkansas,Boone,1197,38,0,36.3084504,-93.09374925,5009.0,3197.798674930541,3.1746031746031744,1159,1191,38,0,1153,1165,37480,6,0,0,6,26
2020-11-08,US,Arkansas,Bradley,383,8,0,33.46755808,-92.15980837,5011.0,3558.4874105732597,2.0887728459530033,375,383,8,0,375,382,10897,0,0,0,0,1
2020-11-08,US,Arkansas,Calhoun,79,0,0,33.55598792,-92.49974403,5013.0,1522.451339371748,0.0,79,76,0,0,76,74,5277,3,0,0,3,2
2020-11-08,US,Arkansas,Carroll,1094,20,0,36.34038560000001,-93.54270261,5015.0,3854.827343199436,1.828153564899452,1074,1093,20,0,1073,1087,28223,1,0,0,1,6
2020-11-08,US,Arkansas,Chicot,1065,23,0,33.26458973,-91.29539209,5017.0,10525.795611780984,2.15962441314554,1042,1062,23,0,1039,1059,10438,3,0,0,3,3
2020-11-08,US,Arkansas,Clark,602,6,0,34.04613432,-93.17484713,5019.0,2697.1326164874554,0.9966777408637874,596,595,6,0,589,581,22061,7,0,0,7,14
2020-11-08,US,Arkansas,Clay,577,16,0,36.36826212,-90.4148172,5021.0,3965.363205277988,2.7729636048526864,561,568,15,0,553,557,14847,9,1,0,8,11
2020-11-08,US,Arkansas,Cleburne,547,18,0,35.53864922,-92.02640019,5023.0,2195.1121634094466,3.2906764168190135,529,544,18,0,526,540,24965,3,0,0,3,4
2020-11-08,US,Arkansas,Cleveland,281,13,0,33.89723187,-92.18537045,5025.0,3531.925590749121,4.6263345195729535,268,281,13,0,268,275,8018,0,0,0,0,6
2020-11-08,US,Arkansas,Columbia,805,22,0,33.21230701,-93.22642793,5027.0,3431.8113995822137,2.732919254658385,783,798,22,0,776,790,23537,7,0,0,7,8
2020-11-08,US,Arkansas,Conway,402,4,0,35.26205537,-92.70506566,5029.0,1928.4275160702289,0.9950248756218906,398,401,4,0,397,390,20891,1,0,0,1,11
2020-11-08,US,Arkansas,Craighead,5509,55,0,35.83018283,-90.63235729,5031.0,4993.111699235036,0.9983663096750772,5454,5452,54,0,5398,5328,108558,57,1,0,56,124
2020-11-08,US,Arkansas,Crawford,2376,33,0,35.58928601,-94.2446814,5033.0,3756.1060435999184,1.3888888888888888,2343,2357,32,0,2325,2334,63406,19,1,0,18,23
2020-11-08,US,Arkansas,Crittenden,2705,53,0,35.21247318,-90.30839406,5035.0,5640.704827442394,1.959334565619224,2652,2688,53,0,2635,2658,48342,17,0,0,17,30
2020-11-08,US,Arkansas,Cross,639,23,0,35.29631396,-90.77185818,5037.0,3891.8326329252704,3.5993740219092327,616,639,23,0,616,635,16676,0,0,0,0,4
2020-11-08,US,Arkansas,Dallas,198,6,0,33.97042763,-92.65167437,5039.0,2824.939363675275,3.0303030303030303,192,197,6,0,191,196,7182,1,0,0,1,1
2020-11-08,US,Arkansas,Desha,458,8,0,33.83011025,-91.25500948,5041.0,4031.335269782589,1.7467248908296944,450,456,8,0,448,454,11512,2,0,0,2,2
2020-11-08,US,Arkansas,Drew,473,7,0,33.59035001,-91.71777921,5043.0,2596.190789834788,1.4799154334038056,466,472,7,0,465,465,18328,1,0,0,1,7
2020-11-08,US,Arkansas,Faulkner,3748,44,0,35.14719007,-92.33717519,5045.0,2974.4379280516164,1.1739594450373532,3704,3719,44,0,3675,3683,124806,29,0,0,29,36
2020-11-08,US,Arkansas,Franklin,622,3,0,35.51202821,-93.89299569,5047.0,3511.1487440022584,0.482315112540193,619,621,3,0,618,602,17810,1,0,0,1,19
2020-11-08,US,Arkansas,Fulton,383,11,0,36.38177105,-91.81729127,5049.0,3069.6481526007856,2.8720626631853787,372,382,11,0,371,377,12269,1,0,0,1,5
2020-11-08,US,Arkansas,Garland,2838,78,0,34.57692074,-93.14921604,5051.0,2855.5329724508483,2.748414376321353,2760,2818,76,0,2742,2789,99154,20,2,0,18,29
2020-11-08,US,Arkansas,Grant,410,4,0,34.29017991,-92.42320562,5053.0,2244.7303586093617,0.975609756097561,406,408,4,0,404,404,18188,2,0,0,2,4
2020-11-08,US,Arkansas,Greene,1917,23,0,36.11735460000001,-90.55832668,5055.0,4229.453943739658,1.1997913406364111,1894,1906,23,0,1883,1858,45325,11,0,0,11,48
2020-11-08,US,Arkansas,Hempstead,670,5,0,33.73325583,-93.66935133,5057.0,3111.647780048301,0.746268656716418,665,665,5,0,660,651,21741,5,0,0,5,14
2020-11-08,US,Arkansas,Hot Spring,2418,39,0,34.31709259,-92.95396325,5059.0,7159.9893399662415,1.6129032258064515,2379,2387,38,0,2349,2379,33701,31,1,0,30,8
2020-11-08,US,Arkansas,Howard,687,15,0,34.09007427,-93.9934871,5061.0,5203.757006514165,2.183406113537118,672,676,15,0,661,668,13341,11,0,0,11,8
2020-11-08,US,Arkansas,Independence,1613,66,0,35.74242707,-91.57001641,5063.0,4264.375413086584,4.091754494730316,1547,1599,66,0,1533,1591,37678,14,0,0,14,8
2020-11-08,US,Arkansas,Izard,835,2,0,36.09604046,-91.90847954,5065.0,6126.641719862059,0.23952095808383236,833,796,2,0,794,787,13593,39,0,0,39,9
2020-11-08,US,Arkansas,Jackson,1029,6,0,35.59802983,-91.21494602,5067.0,6154.674322626951,0.5830903790087464,1023,983,6,0,977,977,16811,46,0,0,46,6
2020-11-08,US,Arkansas,Jefferson,4547,102,0,34.26767081,-91.92619839,5069.0,6804.441518017478,2.243237299318232,4445,4525,102,0,4423,4460,68114,22,0,0,22,65
2020-11-08,US,Arkansas,Johnson,1090,11,0,35.56759135,-93.46036368,5071.0,4101.1362781247635,1.0091743119266054,1079,1089,11,0,1078,1084,26742,1,0,0,1,5
2020-11-08,US,Arkansas,Lafayette,220,3,0,33.24116713,-93.60677071,5073.0,3321.2560386473438,1.3636363636363635,217,220,3,0,217,218,6682,0,0,0,0,2
2020-11-08,US,Arkansas,Lawrence,955,23,0,36.04188196,-91.10867198,5075.0,5821.041082530783,2.408376963350785,932,943,22,0,921,938,16434,12,1,0,11,5
2020-11-08,US,Arkansas,Lee,1118,18,0,34.78498904,-90.78383866,5077.0,12622.784238455459,1.6100178890876566,1100,1118,18,0,1100,1117,8985,0,0,0,0,1
2020-11-08,US,Arkansas,Lincoln,2355,18,0,33.95317155,-91.74002806,5079.0,18082.00245700245,0.7643312101910829,2337,2355,18,0,2337,2354,13383,0,0,0,0,1
2020-11-08,US,Arkansas,Little River,517,37,0,33.70375665,-94.23468591,5081.0,4217.309731625745,7.156673114119923,480,515,37,0,478,512,12326,2,0,0,2,3
2020-11-08,US,Arkansas,Logan,650,5,0,35.21413234,-93.71951016,5083.0,3028.044349203392,0.7692307692307693,645,647,5,0,642,637,21737,3,0,0,3,10
2020-11-08,US,Arkansas,Lonoke,2054,34,0,34.75392199,-91.88742357,5085.0,2801.838791962788,1.6553067185978578,2020,2041,34,0,2007,2005,73657,13,0,0,13,36
2020-11-08,US,Arkansas,Madison,473,6,0,36.01038185,-93.72524943,5087.0,2853.5231660231652,1.2684989429175475,467,471,6,0,465,460,16481,2,0,0,2,11
2020-11-08,US,Arkansas,Marion,219,2,0,36.26844485,-92.68451899,5089.0,1311.8485683479093,0.9132420091324199,217,216,2,0,214,210,16722,3,0,0,3,6
2020-11-08,US,Arkansas,Miller,1783,22,0,33.31403423,-93.89285258,5091.0,4121.8762281249265,1.2338754907459335,1761,1777,22,0,1755,1758,43592,6,0,0,6,19
2020-11-08,US,Arkansas,Mississippi,2622,71,0,35.76271485,-90.05194370000002,5093.0,6450.025829622889,2.7078565980167806,2551,2599,70,0,2529,2543,41239,23,1,0,22,56
2020-11-08,US,Arkansas,Monroe,249,2,0,34.6815935,-91.20540287,5095.0,3715.86330398448,0.8032128514056225,247,248,2,0,246,246,6900,1,0,0,1,2
2020-11-08,US,Arkansas,Montgomery,198,9,0,34.53704874,-93.65824478,5097.0,2203.4275539728465,4.545454545454546,189,198,9,0,189,196,8924,0,0,0,0,2
2020-11-08,US,Arkansas,Nevada,366,14,0,33.66340119,-93.30632432,5099.0,4435.288414929713,3.8251366120218577,352,361,14,0,347,354,8326,5,0,0,5,7
2020-11-08,US,Arkansas,Newton,345,21,0,35.91947491,-93.21612969,5101.0,4449.890365019994,6.086956521739131,324,344,21,0,323,342,7805,1,0,0,1,2
2020-11-08,US,Arkansas,Ouachita,434,9,0,33.58839816,-92.87795984,5103.0,1856.1286459669836,2.0737327188940093,425,434,9,0,425,426,23606,0,0,0,0,8
2020-11-08,US,Arkansas,Perry,180,2,0,34.945915299999996,-92.94372564,5105.0,1721.6642754662842,1.1111111111111112,178,175,2,0,173,172,10352,5,0,0,5,3
2020-11-08,US,Arkansas,Phillips,807,16,0,34.43268455,-90.84800154,5107.0,4538.297154425824,1.982651796778191,791,807,16,0,791,801,18029,0,0,0,0,6
2020-11-08,US,Arkansas,Pike,288,1,0,34.16250414,-93.65789349,5109.0,2687.068482925919,0.3472222222222222,287,288,1,0,287,288,10673,0,0,0,0,0
2020-11-08,US,Arkansas,Poinsett,1332,31,0,35.57433534,-90.66268713,5111.0,5661.339680380823,2.3273273273273274,1301,1324,29,0,1295,1305,23974,8,2,0,6,19
2020-11-08,US,Arkansas,Polk,435,5,0,34.48254879,-94.22728802,5113.0,2178.9220597074736,1.1494252873563218,430,431,5,0,426,422,20049,4,0,0,4,9
2020-11-08,US,Arkansas,Pope,2981,38,0,35.44871474,-93.03212219,5115.0,4652.578349356973,1.2747400201274741,2943,2973,38,0,2935,2944,64000,8,0,0,8,29
2020-11-08,US,Arkansas,Prairie,275,5,0,34.83624419,-91.55162157,5117.0,3411.064252046639,1.818181818181818,270,271,5,0,266,267,8074,4,0,0,4,4
2020-11-08,US,Arkansas,Pulaski,13223,230,0,34.77054088,-92.31355101,5119.0,3373.980316959718,1.7393934810557363,12993,13126,228,0,12898,12992,392680,97,2,0,95,134
2020-11-08,US,Arkansas,Randolph,754,26,0,36.3415714,-91.02455531,5121.0,4198.685822474663,3.4482758620689653,728,749,26,0,723,730,17948,5,0,0,5,19
2020-11-08,US,Arkansas,Saline,3382,41,0,34.64916145,-92.67583224,5125.0,2762.236905510589,1.212300413956239,3341,3351,40,0,3311,3287,121421,31,1,0,30,64
2020-11-08,US,Arkansas,Scott,265,2,0,34.85588887,-94.0632176,5127.0,2577.570275265053,0.7547169811320755,263,262,2,0,260,257,10319,3,0,0,3,5
2020-11-08,US,Arkansas,Searcy,227,1,0,35.9109364,-92.69936482,5129.0,2880.3451338662608,0.4405286343612335,226,227,1,0,226,226,7958,0,0,0,0,1
2020-11-08,US,Arkansas,Sebastian,5562,106,0,35.19605503,-94.27162713,5131.0,4351.193409842991,1.9057892844300608,5456,5461,105,0,5356,5389,127753,101,1,0,100,72
2020-11-08,US,Arkansas,Sevier,1498,16,0,33.99780401,-94.2424869,5133.0,8808.137825601223,1.068090787716956,1482,1497,16,0,1481,1486,17139,1,0,0,1,11
2020-11-08,US,Arkansas,Sharp,446,12,0,36.16258158,-91.47819342,5135.0,2557.046210296984,2.690582959641256,434,436,12,0,424,420,17366,10,0,0,10,16
2020-11-08,US,Arkansas,St. Francis,1843,10,0,35.02201976,-90.74828138,5123.0,7373.769704729135,0.5425935973955507,1833,1841,10,0,1831,1830,25439,2,0,0,2,11
2020-11-08,US,Arkansas,Stone,416,22,0,35.86251946,-92.15684085,5137.0,3326.4033264033264,5.288461538461538,394,415,22,0,393,413,12457,1,0,0,1,2
2020-11-08,US,Arkansas,Unassigned,1868,0,0,0.0,0.0,90005.0,0.0,0.0,1868,1755,0,0,1755,1711,,113,0,0,113,44
2020-11-08,US,Arkansas,Union,1261,53,0,33.16887091,-92.59746952,5139.0,3259.914171966289,4.203013481363997,1208,1252,53,0,1199,1244,39126,9,0,0,9,8
2020-11-08,US,Arkansas,Van Buren,246,3,0,35.58095779,-92.51295036,5141.0,1486.8540344514959,1.2195121951219512,243,245,3,0,242,242,16603,1,0,0,1,3
2020-11-08,US,Arkansas,Washington,12523,162,0,35.976844,-94.21800746,5143.0,5235.652439304812,1.2936197396789906,12361,12445,161,0,12284,12325,236961,78,1,0,77,120
2020-11-08,US,Arkansas,White,1917,39,0,35.25688493,-91.74908296,5145.0,2434.1929831244524,2.0344287949921758,1878,1902,38,0,1864,1860,78727,15,1,0,14,42
2020-11-08,US,Arkansas,Woodruff,152,0,0,35.18902527,-91.2439489,5147.0,2405.0632911392404,0.0,152,152,0,0,152,150,6490,0,0,0,0,2
2020-11-08,US,Arkansas,Yell,1411,32,0,35.00292371,-93.41171338,5149.0,6611.686425190947,2.2678951098511693,1379,1404,32,0,1372,1396,21535,7,0,0,7,8
2020-11-08,US,California,Alameda,24664,475,0,37.64629437,-121.8929271,6001.0,1475.711843688466,1.9258838793383068,24189,24664,475,0,24189,24418,1666753,0,0,0,0,246
2020-11-08,US,California,Alpine,23,0,0,38.59678594,-119.82235940000001,6003.0,2037.2010628875116,0.0,23,23,0,0,23,22,1101,0,0,0,0,1
2020-11-08,US,California,Amador,375,16,0,38.44583082,-120.65696000000001,6005.0,943.348762326424,4.266666666666667,359,369,16,0,353,363,39383,6,0,0,6,6
2020-11-08,US,California,Butte,3277,54,0,39.66727762,-121.6005252,6007.0,1495.077240334693,1.6478486420506562,3223,3254,54,0,3200,3239,231256,23,0,0,23,15
2020-11-08,US,California,Calaveras,366,21,0,38.20537103,-120.55291299999999,6009.0,797.2987691972553,5.737704918032787,345,366,21,0,345,361,45602,0,0,0,0,5
2020-11-08,US,California,Colusa,583,6,0,39.17881957,-122.2331726,6011.0,2705.713092309835,1.0291595197255574,577,581,6,0,575,576,21627,2,0,0,2,5
2020-11-08,US,California,Contra Costa,19943,251,0,37.91923498,-121.9289527,6013.0,1728.8730379722697,1.258586972872687,19692,19785,250,0,19535,19685,1150215,158,1,0,157,100
2020-11-08,US,California,Del Norte,203,1,0,41.74228275,-123.89740630000001,6015.0,729.9007622608946,0.4926108374384237,202,203,1,0,202,201,27828,0,0,0,0,2
2020-11-08,US,California,El Dorado,1495,4,0,38.77965956,-120.5233166,6017.0,775.2420362678447,0.26755852842809363,1491,1487,4,0,1483,1469,190678,8,0,0,8,18
2020-11-08,US,California,Fresno,32497,454,0,36.75733899,-119.6466953,6019.0,3252.6241090740577,1.3970520355725145,32043,32278,454,0,31824,32056,994400,219,0,0,219,222
2020-11-08,US,California,Glenn,716,3,0,39.59875897,-122.3938452,6021.0,2521.7483182474552,0.4189944134078212,713,716,3,0,713,714,28047,0,0,0,0,2
2020-11-08,US,California,Humboldt,605,10,0,40.69923009,-123.876044,6023.0,446.30342731524513,1.6528925619834711,595,605,10,0,595,605,136373,0,0,0,0,0
2020-11-08,US,California,Imperial,13398,341,0,33.0393082,-115.36690420000001,6025.0,7393.4276963827515,2.5451559934318557,13057,13398,341,0,13057,13398,181827,0,0,0,0,0
2020-11-08,US,California,Inyo,252,15,0,36.51112084,-117.41119779999998,6027.0,1396.9732246798606,5.9523809523809526,237,250,15,0,235,247,17987,2,0,0,2,3
2020-11-08,US,California,Kern,35063,429,0,35.34329425,-118.72777959999999,6029.0,3895.0146744841713,1.2235119641787642,34634,35063,429,0,34634,34973,896764,0,0,0,0,90
2020-11-08,US,California,Kings,9005,87,0,36.07409056,-119.8159973,6031.0,5887.929907153132,0.966129927817879,8918,8883,86,0,8797,8846,151366,122,1,0,121,37
2020-11-08,US,California,Lake,751,17,0,39.10124298,-122.75362439999999,6033.0,1166.402634113006,2.2636484687083893,734,746,17,0,729,740,64382,5,0,0,5,6
2020-11-08,US,California,Lassen,799,1,0,40.67311306,-120.59350990000002,6035.0,2613.4170673470057,0.1251564455569462,798,794,1,0,793,782,30802,5,0,0,5,12
2020-11-08,US,California,Los Angeles,319977,7170,0,34.30828379,-118.22824109999999,6037.0,3187.3054047536302,2.2407860564978113,312807,319977,7170,0,312807,317656,10105518,0,0,0,0,2321
2020-11-08,US,California,Madera,5249,76,0,37.21513971,-119.76655890000002,6039.0,3336.363116311885,1.4478948371118308,5173,5249,76,0,5173,5249,157672,0,0,0,0,0
2020-11-08,US,California,Marin,7232,127,0,38.07122463,-122.72106310000001,6041.0,2794.1551467008726,1.7560840707964602,7105,7232,127,0,7105,7205,259666,0,0,0,0,27
2020-11-08,US,California,Mariposa,89,2,0,37.57978556,-119.9073334,6043.0,517.3516247166192,2.247191011235955,87,89,2,0,87,81,17471,0,0,0,0,8
2020-11-08,US,California,Mendocino,1216,21,0,39.4381191,-123.39113130000001,6045.0,1401.7452650751015,1.7269736842105263,1195,1216,21,0,1195,1213,87606,0,0,0,0,3
2020-11-08,US,California,Merced,9982,164,0,37.18922369,-120.72090349999999,6047.0,3594.7853644482857,1.6429573231817272,9818,9982,164,0,9818,9916,274765,0,0,0,0,66
2020-11-08,US,California,Modoc,73,0,0,41.58965602,-120.7244817,6049.0,825.6984504015383,0.0,73,73,0,0,73,68,8777,0,0,0,0,5
2020-11-08,US,California,Mono,352,2,0,37.93899289,-118.8872409,6051.0,2436.998061478814,0.5681818181818182,350,335,2,0,333,336,14250,17,0,0,17,-1
2020-11-08,US,California,Monterey,12136,101,0,36.21862405,-121.24133970000001,6053.0,2795.9203890697386,0.8322346736980883,12035,12136,99,0,12037,11998,435594,0,2,0,-2,138
2020-11-08,US,California,Napa,2260,16,0,38.50735751,-122.33283899999999,6055.0,1640.724822859798,0.7079646017699115,2244,2189,16,0,2173,2158,139417,71,0,0,71,31
2020-11-08,US,California,Nevada,710,9,0,39.30394768,-120.76272809999999,6057.0,711.7437722419929,1.2676056338028172,701,699,9,0,690,688,99696,11,0,0,11,11
2020-11-08,US,California,Orange,62255,1509,0,33.70147516,-117.76459979999998,6059.0,1960.3601356806641,2.4239016946430008,60746,61743,1506,0,60237,61421,3185968,512,3,0,509,322
2020-11-08,US,California,Placer,4745,60,0,39.06167234,-120.72405690000001,6061.0,1191.2263480690585,1.2644889357218123,4685,4692,60,0,4632,4692,393149,53,0,0,53,0
2020-11-08,US,California,Plumas,99,0,0,40.00355989,-120.8395236,6063.0,526.3997447758813,0.0,99,99,0,0,99,94,18804,0,0,0,0,5
2020-11-08,US,California,Riverside,71153,1333,0,33.74314981,-115.9933578,6065.0,2880.051616120485,1.873427684004891,69820,70696,1333,0,69363,70696,2450758,457,0,0,457,0
2020-11-08,US,California,Sacramento,27773,508,0,38.45106826,-121.34253740000001,6067.0,1789.4305496315217,1.8291146077125269,27265,27530,508,0,27022,27278,1540975,243,0,0,243,252
2020-11-08,US,California,San Benito,1509,15,0,36.60308176,-121.069975,6069.0,2402.560183416125,0.9940357852882704,1494,1509,15,0,1494,1499,61537,0,0,0,0,10
2020-11-08,US,California,San Bernardino,68721,1096,0,34.84060306,-116.1774685,6071.0,3152.2165420155634,1.594854556831245,67625,68242,1093,0,67149,67777,2171603,479,3,0,476,465
2020-11-08,US,California,San Diego,59682,908,0,33.03484597,-116.73653259999999,6073.0,1787.780117603712,1.5213967360343152,58774,59656,908,0,58748,59116,3343364,26,0,0,26,540
2020-11-08,US,California,San Francisco,12980,151,0,37.75215114,-122.43856720000001,6075.0,1472.4082268824536,1.1633281972265024,12829,12860,151,0,12709,12753,883305,120,0,0,120,107
2020-11-08,US,California,San Joaquin,22635,494,0,37.93433732,-121.2730061,6077.0,2969.8956108262437,2.1824607908106914,22141,22635,494,0,22141,22556,752660,0,0,0,0,79
2020-11-08,US,California,San Luis Obispo,4668,33,0,35.38822029,-120.4039028,6079.0,1648.8232530703506,0.7069408740359897,4635,4568,33,0,4535,4496,284010,100,0,0,100,72
2020-11-08,US,California,San Mateo,11810,162,0,37.422880799999994,-122.32755459999998,6081.0,1540.6230065499308,1.371718882303133,11648,11810,162,0,11648,11710,769545,0,0,0,0,100
2020-11-08,US,California,Santa Barbara,10157,131,0,34.65329488,-120.0188492,6083.0,2274.8091261122645,1.289750910701979,10026,10128,131,0,9997,10089,446527,29,0,0,29,39
2020-11-08,US,California,Santa Clara,26490,430,0,37.23104908,-121.6970462,6085.0,1374.068133860898,1.6232540581351451,26060,26137,430,0,25707,25883,1937570,353,0,0,353,254
2020-11-08,US,California,Santa Cruz,3130,26,0,37.05580291,-122.0066524,6087.0,1145.6263062152973,0.8306709265175719,3104,3074,26,0,3048,3031,274255,56,0,0,56,43
2020-11-08,US,California,Shasta,2547,34,0,40.76391419,-122.0396884,6089.0,1414.3713904931146,1.3349038084020417,2513,2475,34,0,2441,2452,180040,72,0,0,72,23
2020-11-08,US,California,Sierra,7,0,0,39.57713498,-120.52007009999998,6091.0,232.94509151414314,0.0,7,7,0,0,7,7,2987,0,0,0,0,0
2020-11-08,US,California,Siskiyou,292,0,0,41.59198861,-122.54074340000001,6093.0,670.66308367211,0.0,292,292,0,0,292,287,43724,0,0,0,0,5
2020-11-08,US,California,Solano,8132,79,0,38.26827353,-121.9357113,6095.0,1816.626195428053,0.971470732907034,8053,8132,79,0,8053,8132,446610,0,0,0,0,0
2020-11-08,US,California,Sonoma,10248,146,0,38.52746429,-122.88625060000001,6097.0,2073.0838943552562,1.4246682279469165,10102,10248,146,0,10102,10170,499942,0,0,0,0,78
2020-11-08,US,California,Stanislaus,18386,407,0,37.55862499,-120.9970722,6099.0,3338.9024080194677,2.2136408136625687,17979,18368,407,0,17961,18286,549815,18,0,0,18,82
2020-11-08,US,California,Sutter,1992,12,0,39.03417539,-121.6945899,6101.0,2054.2223963865486,0.6024096385542169,1980,1992,12,0,1980,1977,96807,0,0,0,0,15
2020-11-08,US,California,Tehama,1043,19,0,40.12570935,-122.23701709999999,6103.0,1602.5444041546314,1.8216682646212847,1024,1024,17,0,1007,1015,63916,19,2,0,17,9
2020-11-08,US,California,Trinity,43,0,0,40.64917670000001,-123.114713,6105.0,350.02035002035,0.0,43,43,0,0,43,41,12535,0,0,0,0,2
2020-11-08,US,California,Tulare,18312,297,0,36.22026558,-118.8020203,6107.0,3927.9700554489,1.6218872870249017,18015,18312,297,0,18015,18208,465861,0,0,0,0,104
2020-11-08,US,California,Tuolumne,329,8,0,38.02644018,-119.95250929999999,6109.0,603.9135063695437,2.4316109422492405,321,329,8,0,321,318,54539,0,0,0,0,11
2020-11-08,US,California,Ventura,15364,169,0,34.44465746,-119.09106129999999,6111.0,1816.0627702404001,1.099973965113252,15195,15222,169,0,15053,15113,850967,142,0,0,142,109
2020-11-08,US,California,Yolo,3486,63,0,38.68278902,-121.90182879999999,6113.0,1580.952380952381,1.8072289156626504,3423,3463,63,0,3400,3423,220408,23,0,0,23,40
2020-11-08,US,California,Yuba,1434,10,0,39.26255932,-121.35356440000001,6115.0,1822.850460161692,0.6973500697350071,1424,1434,10,0,1424,1428,78041,0,0,0,0,6
2020-11-08,US,Colorado,Adams,18226,272,0,39.87432092,-104.3362578,8001.0,3522.4700968843554,1.492373532316471,17954,17894,272,0,17622,17503,511868,332,0,0,332,391
2020-11-08,US,Colorado,Alamosa,393,9,0,37.57250606,-105.7885451,8003.0,2420.994270929588,2.2900763358778624,384,389,9,0,380,381,16683,4,0,0,4,8
2020-11-08,US,Colorado,Arapahoe,16332,391,0,39.64977461,-104.3353617,8005.0,2487.3970057417873,2.394072985549841,15941,15965,390,0,15575,15581,651215,367,1,0,366,384
2020-11-08,US,Colorado,Archuleta,73,0,0,37.19474156,-107.04768670000001,8007.0,520.3507021170433,0.0,73,73,0,0,73,71,13765,0,0,0,0,2
2020-11-08,US,Colorado,Baca,39,0,0,37.31940883,-102.5603223,8009.0,1089.0812622172577,0.0,39,39,0,0,39,39,3585,0,0,0,0,0
2020-11-08,US,Colorado,Bent,24,0,0,37.95474293,-103.0720195,8011.0,430.33889187735343,0.0,24,24,0,0,24,23,5882,0,0,0,0,1
2020-11-08,US,Colorado,Boulder,6863,97,0,40.09313619,-105.3546767,8013.0,2103.9497725293995,1.4133760746029431,6766,6754,96,0,6658,6593,326078,109,1,0,108,161
2020-11-08,US,Colorado,Broomfield,1269,43,0,39.95998787,-105.0566324,8014.0,1800.8940608812884,3.38849487785658,1226,1242,43,0,1199,1209,69267,27,0,0,27,33
2020-11-08,US,Colorado,Chaffee,466,20,0,38.74745778,-106.19265729999998,8015.0,2289.251326390253,4.291845493562231,446,461,20,0,441,454,20027,5,0,0,5,7
2020-11-08,US,Colorado,Cheyenne,16,0,0,38.82777431,-102.6032558,8017.0,873.8394320043692,0.0,16,16,0,0,16,16,1876,0,0,0,0,0
2020-11-08,US,Colorado,Clear Creek,108,1,0,39.68864463,-105.6463118,8019.0,1113.4020618556701,0.925925925925926,107,100,1,0,99,98,9605,8,0,0,8,2
2020-11-08,US,Colorado,Conejos,103,1,0,37.201606,-106.19174879999998,8021.0,1255.33211456429,0.9708737864077671,102,102,1,0,101,99,8200,1,0,0,1,3
2020-11-08,US,Colorado,Costilla,48,1,0,37.27732493,-105.4276548,8023.0,1234.8855158219708,2.083333333333333,47,47,1,0,46,47,3828,1,0,0,1,0
2020-11-08,US,Colorado,Crowley,203,1,0,38.32608609,-103.7844965,8025.0,3349.282296650718,0.4926108374384237,202,202,1,0,201,201,5858,1,0,0,1,1
2020-11-08,US,Colorado,Custer,32,0,0,38.10883162,-105.3683478,8027.0,631.4127861089188,0.0,32,32,0,0,32,32,4954,0,0,0,0,0
2020-11-08,US,Colorado,Delta,267,3,0,38.86246243,-107.86313419999999,8029.0,856.8127848020024,1.1235955056179776,264,261,3,0,258,248,30953,6,0,0,6,13
2020-11-08,US,Colorado,Denver,23218,458,0,39.76018276,-104.87256950000001,8031.0,3192.745984315419,1.97260745972952,22760,22637,458,0,22179,22103,716492,581,0,0,581,534
2020-11-08,US,Colorado,Dolores,3,0,0,37.75208676,-108.5211585,8033.0,145.98540145985402,0.0,3,3,0,0,3,3,2074,0,0,0,0,0
2020-11-08,US,Colorado,Douglas,5532,68,0,39.33133796,-104.930001,8035.0,1575.3771849388015,1.2292118582791034,5464,5341,69,0,5272,5182,342776,191,-1,0,192,159
2020-11-08,US,Colorado,Eagle,1675,10,0,39.62754308,-106.6933637,8037.0,3038.4385147024145,0.5970149253731343,1665,1659,10,0,1649,1626,54993,16,0,0,16,33
2020-11-08,US,Colorado,El Paso,14062,209,0,38.83240149,-104.5251411,8041.0,1951.9629984883456,1.4862750675579577,13853,13755,209,0,13546,13304,713856,307,0,0,307,451
2020-11-08,US,Colorado,Elbert,304,3,0,39.28656773,-104.13587209999999,8039.0,1137.3414643271353,0.986842105263158,301,292,3,0,289,282,26282,12,0,0,12,10
2020-11-08,US,Colorado,Fremont,1107,2,0,38.47362326,-105.43996670000001,8043.0,2314.0115805096257,0.18066847335140016,1105,1084,2,0,1082,1038,48021,23,0,0,23,46
2020-11-08,US,Colorado,Garfield,1390,5,0,39.59921777,-107.902708,8045.0,2314.3137809893274,0.3597122302158273,1385,1383,5,0,1378,1347,59770,7,0,0,7,36
2020-11-08,US,Colorado,Gilpin,45,0,0,39.85646523,-105.5252597,8047.0,720.8073041806822,0.0,45,44,0,0,44,41,6121,1,0,0,1,3
2020-11-08,US,Colorado,Grand,174,1,0,40.10603347,-106.11780420000001,8049.0,1105.8853438413626,0.5747126436781609,173,172,1,0,171,167,15525,2,0,0,2,5
2020-11-08,US,Colorado,Gunnison,347,7,0,38.66611652,-107.0320729,8051.0,1987.172145229641,2.0172910662824206,340,344,7,0,337,332,17246,3,0,0,3,12
2020-11-08,US,Colorado,Hinsdale,4,0,0,37.82247444,-107.3004345,8053.0,487.8048780487805,0.0,4,4,0,0,4,4,811,0,0,0,0,0
2020-11-08,US,Colorado,Huerfano,50,3,0,37.68473101,-104.9612585,8055.0,724.9528780629262,6.0,47,49,2,0,47,49,6889,1,1,0,0,0
2020-11-08,US,Colorado,Jackson,9,0,0,40.66593870000001,-106.3408905,8057.0,646.5517241379309,0.0,9,9,0,0,9,9,1399,0,0,0,0,0
2020-11-08,US,Colorado,Jefferson,11562,346,0,39.58635604,-105.2517692,8059.0,1983.5952793108715,2.9925618405120216,11216,11268,345,0,10923,10944,580233,294,1,0,293,324
2020-11-08,US,Colorado,Kiowa,8,0,0,38.43260896,-102.7392145,8061.0,568.9900426742532,0.0,8,6,0,0,6,6,1383,2,0,0,2,0
2020-11-08,US,Colorado,Kit Carson,191,3,0,39.30497777,-102.60221990000001,8063.0,2691.278004790757,1.5706806282722514,188,191,3,0,188,184,7163,0,0,0,0,7
2020-11-08,US,Colorado,La Plata,472,2,0,37.28632032,-107.8429014,8067.0,839.5439426548799,0.42372881355932196,470,454,2,0,452,431,56310,18,0,0,18,23
2020-11-08,US,Colorado,Lake,163,0,0,39.20278823,-106.35556969999999,8065.0,2005.660145195029,0.0,163,162,0,0,162,160,7824,1,0,0,1,2
2020-11-08,US,Colorado,Larimer,5425,61,0,40.66671597,-105.4625784,8069.0,1520.037881865738,1.1244239631336406,5364,5294,60,0,5234,5142,350518,131,1,0,130,152
2020-11-08,US,Colorado,Las Animas,96,0,0,37.3153406,-104.03764579999999,8071.0,661.7951192609954,0.0,96,96,0,0,96,96,14503,0,0,0,0,0
2020-11-08,US,Colorado,Lincoln,30,0,0,38.98749519,-103.51366490000001,8073.0,526.2234695667427,0.0,30,27,0,0,27,26,5610,3,0,0,3,1
2020-11-08,US,Colorado,Logan,1529,14,0,40.7249637,-103.110817,8075.0,6823.151412378955,0.9156311314584696,1515,1503,14,0,1489,1466,21528,26,0,0,26,37
2020-11-08,US,Colorado,Mesa,2405,26,0,39.01787888,-108.469799,8077.0,1559.5616367291354,1.0810810810810811,2379,2238,26,0,2212,2115,153207,167,0,0,167,123
2020-11-08,US,Colorado,Mineral,21,0,0,37.66954283,-106.92816979999999,8079.0,2730.8192457737327,0.0,21,21,0,0,21,21,776,0,0,0,0,0
2020-11-08,US,Colorado,Moffat,100,1,0,40.61810999,-108.2070876,8081.0,752.8419784687192,1.0,99,96,1,0,95,85,13188,4,0,0,4,11
2020-11-08,US,Colorado,Montezuma,295,5,0,37.33859579,-108.59588570000001,8083.0,1126.6852537906275,1.6949152542372878,290,287,5,0,282,267,26158,8,0,0,8,20
2020-11-08,US,Colorado,Montrose,541,14,0,38.40214114,-108.26390220000002,8085.0,1265.2603021656766,2.587800369685767,527,533,14,0,519,524,42214,8,0,0,8,9
2020-11-08,US,Colorado,Morgan,1057,50,0,40.26279810000001,-103.8093302,8087.0,3636.301087106096,4.7303689687795645,1007,1033,50,0,983,1011,28558,24,0,0,24,22
2020-11-08,US,Colorado,Otero,225,7,0,37.9014485,-103.7173385,8089.0,1230.9880730933362,3.111111111111111,218,218,7,0,211,211,18432,7,0,0,7,7
2020-11-08,US,Colorado,Ouray,52,2,0,38.14717457,-107.7675136,8091.0,1050.0807754442646,3.8461538461538463,50,52,2,0,50,52,4833,0,0,0,0,0
2020-11-08,US,Colorado,Park,125,1,0,39.120926000000004,-105.7182065,8093.0,663.3059166887767,0.8,124,122,1,0,121,118,18556,3,0,0,3,4
2020-11-08,US,Colorado,Phillips,93,1,0,40.59414277,-102.3577703,8095.0,2180.5392731535762,1.075268817204301,92,92,1,0,91,84,4286,1,0,0,1,8
2020-11-08,US,Colorado,Pitkin,324,2,0,39.21720112,-106.9310027,8097.0,1823.6055608712784,0.6172839506172839,322,323,2,0,321,319,17950,1,0,0,1,4
2020-11-08,US,Colorado,Prowers,265,11,0,37.95544985,-102.3926052,8099.0,2177.127834373973,4.150943396226415,254,251,11,0,240,240,12164,14,0,0,14,11
2020-11-08,US,Colorado,Pueblo,3160,54,0,38.17359144,-104.5127437,8101.0,1876.2171661995915,1.7088607594936709,3106,3081,54,0,3027,2964,167529,79,0,0,79,117
2020-11-08,US,Colorado,Rio Blanco,38,0,0,39.97913541,-108.2179009,8103.0,600.8855154965212,0.0,38,36,0,0,36,33,6336,2,0,0,2,3
2020-11-08,US,Colorado,Rio Grande,144,3,0,37.5836865,-106.3847838,8105.0,1278.0686961924202,2.083333333333333,141,143,3,0,140,142,11250,1,0,0,1,1
2020-11-08,US,Colorado,Routt,286,9,0,40.48596505,-106.9905548,8107.0,1115.5316327326623,3.1468531468531467,277,278,9,0,269,261,25733,8,0,0,8,17
2020-11-08,US,Colorado,Saguache,168,2,0,38.08054629,-106.28246599999999,8109.0,2461.89917936694,1.1904761904761905,166,165,2,0,163,159,6843,3,0,0,3,6
2020-11-08,US,Colorado,San Juan,12,0,0,37.76248981,-107.67632890000002,8111.0,1648.3516483516485,0.0,12,12,0,0,12,12,762,0,0,0,0,0
2020-11-08,US,Colorado,San Miguel,118,0,0,38.00450883,-108.4020725,8113.0,1442.7191588213718,0.0,118,116,0,0,116,114,8191,2,0,0,2,2
2020-11-08,US,Colorado,Sedgwick,60,1,0,40.87595412,-102.3519227,8115.0,2669.039145907473,1.6666666666666667,59,59,1,0,58,57,2303,1,0,0,1,2
2020-11-08,US,Colorado,Summit,961,4,0,39.63803232,-106.1150762,8117.0,3098.9003901841284,0.4162330905306972,957,937,4,0,933,904,31007,24,0,0,24,33
2020-11-08,US,Colorado,Teller,317,4,0,38.88133511,-105.16148929999999,8119.0,1248.6213959350873,1.2618296529968454,313,311,4,0,307,302,25083,6,0,0,6,9
2020-11-08,US,Colorado,Unassigned,23,0,0,0.0,0.0,90008.0,0.0,0.0,23,23,0,0,23,23,,0,0,0,0,0
2020-11-08,US,Colorado,Washington,127,1,0,39.97015535,-103.202587,8121.0,2587.6120619396897,0.7874015748031497,126,126,1,0,125,127,4909,1,0,0,1,-1
2020-11-08,US,Colorado,Weld,7961,164,0,40.55499405,-104.39296209999999,8123.0,2453.373272684689,2.060042708202487,7797,7790,163,0,7627,7544,314305,171,1,0,170,246
2020-11-08,US,Colorado,Yuma,248,1,0,40.00346839,-102.4258673,8125.0,2475.2969358219384,0.4032258064516129,247,246,1,0,245,243,10020,2,0,0,2,3
2020-11-08,US,Connecticut,Fairfield,26435,1447,0,41.26809896,-73.3881171,9001.0,2802.3007806371447,5.473803669377719,24988,26435,1447,0,24988,26435,943823,0,0,0,0,0
2020-11-08,US,Connecticut,Hartford,19769,1505,0,41.80283011,-72.73103891,9003.0,2216.951509442426,7.612929333805453,18264,19769,1505,0,18264,19769,892697,0,0,0,0,0
2020-11-08,US,Connecticut,Litchfield,2559,146,0,41.7937534,-73.2451475,9005.0,1419.0414400026618,5.705353653771003,2413,2559,146,0,2413,2559,181111,0,0,0,0,0
2020-11-08,US,Connecticut,Middlesex,2231,198,0,41.45949668,-72.53714864,9007.0,1373.4640104410353,8.874943971313312,2033,2231,198,0,2033,2231,162682,0,0,0,0,0
2020-11-08,US,Connecticut,New Haven,19154,1137,0,41.408032500000004,-72.93620426,9009.0,2240.8707971973317,5.9360968988200895,18017,19154,1137,0,18017,19154,857620,0,0,0,0,0
2020-11-08,US,Connecticut,New London,4220,149,0,41.48896435,-72.10430976,9011.0,1591.2158850101432,3.530805687203792,4071,4220,149,0,4071,4220,266784,0,0,0,0,0
2020-11-08,US,Connecticut,Tolland,1940,68,0,41.85853803,-72.3308481,9013.0,1287.146449399885,3.5051546391752577,1872,1940,68,0,1872,1940,150921,0,0,0,0,0
2020-11-08,US,Connecticut,Unassigned,207,0,0,0.0,0.0,90009.0,0.0,0.0,207,207,0,0,207,207,,0,0,0,0,0
2020-11-08,US,Connecticut,Windham,1610,21,0,41.82972709,-71.98182316,9015.0,1378.6371187340515,1.3043478260869563,1589,1610,21,0,1589,1610,117027,0,0,0,0,0
2020-11-08,US,Delaware,Kent,3778,122,0,39.08646628,-75.56884914,10001.0,2089.7635878884425,3.2292218104817363,3656,3741,122,0,3619,3717,178550,37,0,0,37,24
2020-11-08,US,Delaware,New Castle,14204,355,0,39.57992638,-75.64054974,10003.0,2542.089259476012,2.4992959729653617,13849,13964,354,0,13610,13818,559335,240,1,0,239,146
2020-11-08,US,Delaware,Sussex,8528,241,0,38.66143781,-75.39031349,10005.0,3640.9435371971394,2.8259849906191365,8287,8461,240,0,8221,8408,229286,67,1,0,66,53
2020-11-08,US,Delaware,Unassigned,93,0,0,0.0,0.0,90010.0,0.0,0.0,93,92,0,0,92,92,,1,0,0,1,0
2020-11-08,US,District of Columbia,District of Columbia,18001,654,0,38.90417773,-77.01655992,11001.0,2550.6235219603573,3.6331314926948495,17347,17891,654,0,17237,17792,702455,110,0,0,110,99
2020-11-08,US,Florida,Alachua,11123,78,0,29.67866525,-82.35928158,12001.0,4134.283367342767,0.7012496628607391,11045,11082,78,0,11004,11047,269956,41,0,0,41,35
2020-11-08,US,Florida,Baker,1852,27,0,30.33060121,-82.28467476,12003.0,6340.294419719275,1.4578833693304536,1825,1847,26,0,1821,1844,28355,5,1,0,4,3
2020-11-08,US,Florida,Bay,7139,141,0,30.26548745,-85.62122584,12005.0,4086.31693426061,1.9750665359294017,6998,7108,141,0,6967,7087,185287,31,0,0,31,21
2020-11-08,US,Florida,Bradford,1267,15,0,29.95079741,-82.16611613,12007.0,4492.748484096309,1.1838989739542225,1252,1259,15,0,1244,1258,27732,8,0,0,8,1
2020-11-08,US,Florida,Brevard,12680,392,0,28.29409504,-80.73091022,12009.0,2106.5152456548967,3.091482649842271,12288,12572,391,0,12181,12429,596849,108,1,0,107,143
2020-11-08,US,Florida,Broward,90997,1548,0,26.15184651,-80.48725556,12011.0,4659.874291906197,1.7011549831313117,89449,90172,1545,0,88627,89751,1951260,825,3,0,822,421
2020-11-08,US,Florida,Calhoun,757,15,0,30.40666734,-85.19394153,12013.0,5366.891173342786,1.9815059445178336,742,754,15,0,739,752,14587,3,0,0,3,2
2020-11-08,US,Florida,Charlotte,4005,165,0,26.90131002,-81.92949121,12015.0,2120.057170080991,4.119850187265918,3840,3962,165,0,3797,3922,184998,43,0,0,43,40
2020-11-08,US,Florida,Citrus,3584,142,0,28.84804315,-82.47614748,12017.0,2394.809464308385,3.962053571428572,3442,3493,142,0,3351,3440,147929,91,0,0,91,53
2020-11-08,US,Florida,Clay,6510,127,0,29.98319144,-81.85609986,12019.0,2969.1861419736188,1.9508448540706604,6383,6465,127,0,6338,6433,216072,45,0,0,45,32
2020-11-08,US,Florida,Collier,15263,259,0,26.11091986,-81.34687065,12021.0,3965.424965315847,1.6969141060079933,15004,15173,259,0,14914,15091,378488,90,0,0,90,82
2020-11-08,US,Florida,Columbia,4386,79,0,30.22509788,-82.62160164,12023.0,6118.34946851547,1.8011855905152758,4307,4377,79,0,4298,4360,70503,9,0,0,9,17
2020-11-08,US,Florida,DeSoto,1725,30,0,27.18677893,-81.80941373,12027.0,4539.354227520328,1.7391304347826086,1695,1717,30,0,1687,1710,37489,8,0,0,8,7
2020-11-08,US,Florida,Dixie,921,11,0,29.60631086,-83.15724673,12029.0,5473.6716985617495,1.1943539630836049,910,921,11,0,910,919,16700,0,0,0,0,2
2020-11-08,US,Florida,Duval,36716,534,0,30.33225875,-81.66976468,12031.0,3833.548245636932,1.4544067981261577,36182,36520,534,0,35986,36438,950181,196,0,0,196,82
2020-11-08,US,Florida,Escambia,14334,279,0,30.67652764,-87.37284571,12033.0,4503.0724186028965,1.9464210966931765,14055,14205,279,0,13926,14139,315534,129,0,0,129,66
2020-11-08,US,Florida,Flagler,2286,40,0,29.45933576,-81.31508595,12035.0,1986.4269514515865,1.7497812773403325,2246,2262,40,0,2222,2254,112067,24,0,0,24,8
2020-11-08,US,Florida,Franklin,794,4,0,29.83791238,-84.82731662,12037.0,6548.4536082474215,0.5037783375314862,790,791,4,0,787,791,11736,3,0,0,3,0
2020-11-08,US,Florida,Gadsden,3097,56,0,30.57796289,-84.61915825,12039.0,6782.742006132282,1.8082014853083632,3041,3094,56,0,3038,3092,45894,3,0,0,3,2
2020-11-08,US,Florida,Gilchrist,628,19,0,29.72856978,-82.79880657,12041.0,3379.614680873964,3.0254777070063694,609,624,19,0,605,624,18256,4,0,0,4,0
2020-11-08,US,Florida,Glades,626,6,0,26.95635849,-81.18996211,12043.0,4532.618926942292,0.9584664536741214,620,626,6,0,620,624,13724,0,0,0,0,2
2020-11-08,US,Florida,Gulf,992,15,0,29.93543004,-85.24270990000002,12045.0,7273.260502969426,1.5120967741935485,977,981,15,0,966,979,16164,11,0,0,11,2
2020-11-08,US,Florida,Hamilton,926,10,0,30.49673973,-82.94998918,12047.0,6418.075963404493,1.079913606911447,916,923,10,0,913,922,14310,3,0,0,3,1
2020-11-08,US,Florida,Hardee,1654,17,0,27.49293939,-81.80956574,12049.0,6140.253183353751,1.0278113663845223,1637,1645,17,0,1628,1641,27245,9,0,0,9,4
2020-11-08,US,Florida,Hendry,2294,44,0,26.55386945,-81.16469006,12051.0,5459.045262005616,1.9180470793374016,2250,2288,44,0,2244,2281,41556,6,0,0,6,7
2020-11-08,US,Florida,Hernando,4022,178,0,28.55364461,-82.42700204,12053.0,2074.0511551155114,4.4256588761810045,3844,3972,178,0,3794,3946,190865,50,0,0,50,26
2020-11-08,US,Florida,Highlands,2952,123,0,27.34254618,-81.34071957,12055.0,2779.111475132036,4.166666666666667,2829,2913,123,0,2790,2870,105424,39,0,0,39,43
2020-11-08,US,Florida,Hillsborough,50790,842,0,27.9276559,-82.32013172,12057.0,3450.482619187373,1.6578066548533177,49948,50380,836,0,49544,50127,1436888,410,6,0,404,253
2020-11-08,US,Florida,Holmes,987,13,0,30.86747479,-85.81319222,12059.0,5031.350359382169,1.3171225937183384,974,980,13,0,967,976,19477,7,0,0,7,4
2020-11-08,US,Florida,Indian River,4159,126,0,27.69308961,-80.60556721,12061.0,2600.626551527923,3.0295744169271464,4033,4128,126,0,4002,4080,157413,31,0,0,31,48
2020-11-08,US,Florida,Jackson,3341,84,0,30.795459700000002,-85.21500423,12063.0,7198.259145947342,2.514217300209518,3257,3313,83,0,3230,3299,48305,28,1,0,27,14
2020-11-08,US,Florida,Jefferson,705,11,0,30.43669112,-83.89442308,12065.0,4948.757545977818,1.5602836879432624,694,702,11,0,691,700,14288,3,0,0,3,2
2020-11-08,US,Florida,Lafayette,1291,17,0,29.98484137,-83.18166636,12067.0,15328.900498693896,1.3168086754453912,1274,1290,17,0,1273,1290,8732,1,0,0,1,0
2020-11-08,US,Florida,Lake,9195,235,0,28.76202069,-81.7125123,12069.0,2504.644283309454,2.55573681348559,8960,9132,235,0,8897,9103,356495,63,0,0,63,29
2020-11-08,US,Florida,Lee,24842,531,0,26.58410348,-81.88399313,12071.0,3223.8179961249816,2.137509057241768,24311,24655,531,0,24124,24508,754610,187,0,0,187,147
2020-11-08,US,Florida,Leon,12988,119,0,30.45955727,-84.27491114,12073.0,4423.976946815539,0.9162303664921466,12869,12864,119,0,12745,12825,292502,124,0,0,124,39
2020-11-08,US,Florida,Levy,1209,12,0,29.31829741,-82.74007147,12075.0,2913.0424306676628,0.9925558312655088,1197,1194,12,0,1182,1189,40770,15,0,0,15,5
2020-11-08,US,Florida,Liberty,549,12,0,30.23766008,-84.8829258,12077.0,6571.702178597079,2.1857923497267757,537,549,12,0,537,545,8457,0,0,0,0,4
2020-11-08,US,Florida,Madison,1121,25,0,30.44396917,-83.47398594,12079.0,6061.753095765966,2.2301516503122207,1096,1106,25,0,1081,1100,18529,15,0,0,15,6
2020-11-08,US,Florida,Manatee,14114,334,0,27.47196942,-82.31831044,12081.0,3500.035957575021,2.3664446648717585,13780,13989,334,0,13655,13944,394855,125,0,0,125,45
2020-11-08,US,Florida,Marion,11313,362,0,29.21227113,-82.05803627,12083.0,3094.5431767141986,3.1998585697869713,10951,11280,361,0,10919,11205,359977,33,1,0,32,75
2020-11-08,US,Florida,Martin,5566,169,0,27.0772071,-80.43109784,12085.0,3457.142857142857,3.0362917714696365,5397,5548,169,0,5379,5524,160912,18,0,0,18,24
2020-11-08,US,Florida,Miami-Dade,194356,3683,0,25.6112362,-80.55170587,12086.0,7153.488851428445,1.894976229187676,190673,192646,3682,0,188964,191838,2761581,1710,1,0,1709,808
2020-11-08,US,Florida,Monroe,2568,25,0,25.20904673,-81.07812416,12087.0,3459.6109284905965,0.973520249221184,2543,2539,25,0,2514,2522,75027,29,0,0,29,17
2020-11-08,US,Florida,Nassau,2609,52,0,30.61037141,-81.80297522,12089.0,2943.864598025388,1.9931008049060943,2557,2591,52,0,2539,2576,85832,18,0,0,18,15
2020-11-08,US,Florida,Okaloosa,7062,138,0,30.69143028,-86.59267105,12091.0,3351.080488568744,1.954120645709431,6924,6968,138,0,6830,6901,207269,94,0,0,94,67
2020-11-08,US,Florida,Okeechobee,1806,42,0,27.386336199999995,-80.88944347,12093.0,4282.868525896414,2.3255813953488373,1764,1802,42,0,1760,1788,41537,4,0,0,4,14
2020-11-08,US,Florida,Orange,48729,591,0,28.51367621,-81.31799498,12095.0,3496.9988201961737,1.212830142215108,48138,48596,591,0,48005,48322,1380645,133,0,0,133,274
2020-11-08,US,Florida,Osceola,15106,211,0,28.06312234,-81.14882926,12097.0,4020.215515061836,1.3967959751092278,14895,14935,211,0,14724,14869,367990,171,0,0,171,66
2020-11-08,US,Florida,Palm Beach,55449,1609,0,26.64676272,-80.46536002,12099.0,3704.5771895481603,2.9017655863947054,53840,55002,1609,0,53393,54624,1485941,447,0,0,447,378
2020-11-08,US,Florida,Pasco,11788,250,0,28.30810945,-82.40227529,12101.0,2128.0014152978533,2.120800814387513,11538,11671,249,0,11422,11558,539630,117,1,0,116,113
2020-11-08,US,Florida,Pinellas,27675,831,0,27.93130349,-82.72239666,12103.0,2838.473183479727,3.002710027100272,26844,27372,831,0,26541,27192,975280,303,0,0,303,180
2020-11-08,US,Florida,Polk,24129,638,0,27.95027105,-81.69732947,12105.0,3329.161935326314,2.6441211819801897,23491,23966,638,0,23328,23879,708009,163,0,0,163,87
2020-11-08,US,Florida,Putnam,2485,54,0,29.60779729,-81.74230285,12107.0,3334.630506836999,2.1730382293762576,2431,2468,51,0,2417,2461,74163,17,3,0,14,7
2020-11-08,US,Florida,Santa Rosa,6233,89,0,30.69341450000001,-87.02458128,12113.0,3381.747353686392,1.4278838440558317,6144,6199,89,0,6110,6175,179349,34,0,0,34,24
2020-11-08,US,Florida,Sarasota,10429,351,0,27.18546175,-82.33174248,12115.0,2404.4247501971217,3.365615111707738,10078,10312,351,0,9961,10247,426718,117,0,0,117,65
2020-11-08,US,Florida,Seminole,10938,250,0,28.7158582,-81.24060348,12117.0,2318.2274821650353,2.2856098006948256,10688,10860,250,0,10610,10801,467832,78,0,0,78,59
2020-11-08,US,Florida,St. Johns,7047,88,0,29.90096506,-81.43589967,12109.0,2662.5408052230687,1.2487583368809425,6959,6992,87,0,6905,6965,254261,55,1,0,54,27
2020-11-08,US,Florida,St. Lucie,9521,341,0,27.37763908,-80.47106649,12111.0,2900.117881065012,3.58155655918496,9180,9491,339,0,9152,9445,321128,30,2,0,28,46
2020-11-08,US,Florida,Sumter,3086,88,0,28.70181754,-82.0794267,12119.0,2330.4636761818456,2.851587815942968,2998,3070,88,0,2982,3047,128754,16,0,0,16,23
2020-11-08,US,Florida,Suwannee,3069,81,0,30.19746066,-82.99099670000003,12121.0,6909.516626516875,2.6392961876832843,2988,3062,81,0,2981,3059,44191,7,0,0,7,3
2020-11-08,US,Florida,Taylor,1531,18,0,30.04848048,-83.60445406,12123.0,7098.1501228615125,1.1757021554539515,1513,1530,18,0,1512,1525,21623,1,0,0,1,5
2020-11-08,US,Florida,Unassigned,2038,0,0,0.0,0.0,90012.0,0.0,0.0,2038,1789,0,0,1789,1784,,249,0,0,249,5
2020-11-08,US,Florida,Union,1177,49,0,30.04412971,-82.37497443,12125.0,7724.617706897683,4.163126593033135,1128,1175,49,0,1126,1174,14940,2,0,0,2,1
2020-11-08,US,Florida,Volusia,13653,329,0,29.05858895,-81.18263252,12127.0,2467.62964408875,2.4097267999707026,13324,13557,329,0,13228,13439,547538,96,0,0,96,118
2020-11-08,US,Florida,Wakulla,1386,11,0,30.16548905,-84.39895211,12129.0,4108.00557218649,0.7936507936507936,1375,1374,11,0,1363,1369,32461,12,0,0,12,5
2020-11-08,US,Florida,Walton,3027,32,0,30.64204028,-86.16935664,12131.0,4086.619594713181,1.057152296002643,2995,2958,32,0,2926,2721,71375,69,0,0,69,237
2020-11-08,US,Florida,Washington,1300,24,0,30.61359259,-85.66002461,12133.0,5103.442861068583,1.8461538461538465,1276,1296,24,0,1272,1285,24880,4,0,0,4,11
2020-11-08,US,Georgia,Appling,1194,38,0,31.74847232,-82.28909114,13001.0,6494.071576199282,3.1825795644891124,1156,1278,38,0,1240,1277,18507,-84,0,0,-84,1
2020-11-08,US,Georgia,Atkinson,492,7,0,31.29633502,-82.87545866,13003.0,6025.719534598898,1.4227642276422765,485,545,7,0,538,545,8297,-53,0,0,-53,0
2020-11-08,US,Georgia,Bacon,644,17,0,31.55456473,-82.45936528,13005.0,5768.541741311357,2.6397515527950306,627,720,17,0,703,717,11185,-76,0,0,-76,3
2020-11-08,US,Georgia,Baker,99,6,0,31.32669878,-84.44218806,13007.0,3258.722843976301,6.0606060606060606,93,113,6,0,107,113,3092,-14,0,0,-14,0
2020-11-08,US,Georgia,Baldwin,2373,66,0,33.06882326,-83.24701748,13009.0,5286.2552907106265,2.781289506953224,2307,2463,66,0,2397,2454,44823,-90,0,0,-90,9
2020-11-08,US,Georgia,Banks,596,9,0,34.35607081,-83.49644388,13011.0,3098.679421857128,1.5100671140939597,587,608,9,0,599,605,18988,-12,0,0,-12,3
2020-11-08,US,Georgia,Barrow,2759,55,0,33.99148694,-83.71436292,13013.0,3314.512253724171,1.9934758970641535,2704,2930,55,0,2875,2916,80809,-171,0,0,-171,14
2020-11-08,US,Georgia,Bartow,3854,96,0,34.23732119,-84.83887523,13015.0,3577.1965323284253,2.4909185262065385,3758,4227,96,0,4131,4203,106408,-373,0,0,-373,24
2020-11-08,US,Georgia,Ben Hill,901,34,0,31.76095874,-83.22145359,13017.0,5395.209580838324,3.7735849056603774,867,953,34,0,919,949,16787,-52,0,0,-52,4
2020-11-08,US,Georgia,Berrien,507,15,0,31.27590016,-83.22529920000002,13019.0,2613.806258699799,2.9585798816568047,492,604,15,0,589,605,19252,-97,0,0,-97,-1
2020-11-08,US,Georgia,Bibb,6824,204,0,32.80904227,-83.70489165,13021.0,4455.500492951769,2.9894490035169987,6620,6993,204,0,6789,6978,153095,-169,0,0,-169,15
2020-11-08,US,Georgia,Bleckley,517,27,0,32.43829035,-83.33035166,13023.0,4016.15784976307,5.222437137330754,490,656,27,0,629,656,12838,-139,0,0,-139,0
2020-11-08,US,Georgia,Brantley,490,13,0,31.19576557,-81.97743999,13025.0,2564.2367470825266,2.653061224489796,477,699,13,0,686,696,18897,-209,0,0,-209,3
2020-11-08,US,Georgia,Brooks,554,26,0,30.83922642,-83.58303423,13027.0,3584.1366371223394,4.693140794223827,528,607,26,0,581,607,15513,-53,0,0,-53,0
2020-11-08,US,Georgia,Bryan,1338,16,0,32.00979311,-81.44002948,13029.0,3376.485729426907,1.195814648729447,1322,1373,16,0,1357,1369,38109,-35,0,0,-35,4
2020-11-08,US,Georgia,Bulloch,3162,33,0,32.39577406,-81.74811421,13031.0,3971.96261682243,1.0436432637571158,3129,3538,33,0,3505,3534,77296,-376,0,0,-376,4
2020-11-08,US,Georgia,Burke,917,12,0,33.05917989,-81.99928721,13033.0,4096.859223517849,1.3086150490730644,905,1114,12,0,1102,1111,22423,-197,0,0,-197,3
2020-11-08,US,Georgia,Butts,777,44,0,33.283094500000004,-83.95435040000002,13035.0,3115.976900866217,5.662805662805662,733,913,44,0,869,912,24193,-136,0,0,-136,1
2020-11-08,US,Georgia,Calhoun,278,10,0,31.53169785,-84.62725131,13037.0,4491.840361932461,3.5971223021582728,268,297,10,0,287,305,6352,-19,0,0,-19,-8
2020-11-08,US,Georgia,Camden,1499,18,0,30.92951916,-81.66601818,13039.0,2742.1066110562324,1.2008005336891259,1481,1539,18,0,1521,1535,53677,-40,0,0,-40,4
2020-11-08,US,Georgia,Candler,565,25,0,32.40209349,-82.07702563,13043.0,5230.028695732667,4.424778761061948,540,589,25,0,564,587,10836,-24,0,0,-24,2
2020-11-08,US,Georgia,Carroll,3558,80,0,33.58138199,-85.07976677,13045.0,2965.197679845323,2.2484541877459248,3478,4499,80,0,4419,4485,118121,-941,0,0,-941,14
2020-11-08,US,Georgia,Catoosa,1616,25,0,34.89872298,-85.13757014,13047.0,2391.240011837822,1.5470297029702968,1591,1625,25,0,1600,1601,67420,-9,0,0,-9,24
2020-11-08,US,Georgia,Charlton,656,10,0,30.78371028,-82.13951596,13049.0,4898.446833930705,1.5243902439024388,646,741,10,0,731,739,12968,-85,0,0,-85,2
2020-11-08,US,Georgia,Chatham,9732,194,0,32.00043026,-81.12489526,13051.0,3362.471063815085,1.9934237566789967,9538,9859,194,0,9665,9830,289195,-127,0,0,-127,29
2020-11-08,US,Georgia,Chattahoochee,1839,1,0,32.34341231,-84.78809239,13053.0,16860.731640231046,0.05437737901033169,1838,1855,1,0,1854,1845,10684,-16,0,0,-16,10
2020-11-08,US,Georgia,Chattooga,1028,29,0,34.47197698,-85.34535662,13055.0,4147.000685788051,2.8210116731517516,999,1080,29,0,1051,1070,24790,-52,0,0,-52,10
2020-11-08,US,Georgia,Cherokee,7701,104,0,34.24393976,-84.47431861,13057.0,2975.967353626537,1.350473964420205,7597,8409,104,0,8305,8340,254149,-708,0,0,-708,69
2020-11-08,US,Georgia,Clarke,6040,50,0,33.95436462,-83.37124007,13059.0,4706.579080658609,0.8278145695364238,5990,7118,50,0,7068,7085,127330,-1078,0,0,-1078,33
2020-11-08,US,Georgia,Clay,124,3,0,31.62221166,-84.97713865,13061.0,4375.441072688779,2.419354838709677,121,132,3,0,129,132,2887,-8,0,0,-8,0
2020-11-08,US,Georgia,Clayton,8759,183,0,33.54187245,-84.35594188,13063.0,2997.0300010949304,2.0892795981276397,8576,9222,183,0,9039,9168,289615,-463,0,0,-463,54
2020-11-08,US,Georgia,Clinch,471,13,0,30.91395822,-82.70432472,13065.0,7116.953762466002,2.760084925690021,458,509,13,0,496,507,6648,-38,0,0,-38,2
2020-11-08,US,Georgia,Cobb,23090,468,0,33.94243204,-84.5761255,13067.0,3037.594341049884,2.026851450844521,22622,25338,468,0,24870,25225,756865,-2248,0,0,-2248,113
2020-11-08,US,Georgia,Coffee,2370,65,0,31.54892966,-82.85492059999999,13069.0,5476.856238301019,2.7426160337552736,2305,2614,65,0,2549,2598,43093,-244,0,0,-244,16
2020-11-08,US,Georgia,Colquitt,2169,40,0,31.18810588,-83.7677946,13071.0,4756.578947368421,1.8441678192715536,2129,2500,40,0,2460,2498,45592,-331,0,0,-331,2
2020-11-08,US,Georgia,Columbia,4618,68,0,33.54534185,-82.263524,13073.0,2946.769273964036,1.472498917280208,4550,5257,68,0,5189,5236,154291,-639,0,0,-639,21
2020-11-08,US,Georgia,Cook,654,16,0,31.16068491,-83.42947229,13075.0,3786.913723219456,2.4464831804281344,638,717,16,0,701,712,17162,-63,0,0,-63,5
2020-11-08,US,Georgia,Coweta,3092,63,0,33.35334302,-84.76129976,13077.0,2082.028698597391,2.03751617076326,3029,4179,63,0,4116,4162,145864,-1087,0,0,-1087,17
2020-11-08,US,Georgia,Crawford,203,6,0,32.71391813,-83.98061238,13079.0,1636.568848758465,2.955665024630542,197,221,6,0,215,217,12318,-18,0,0,-18,4
2020-11-08,US,Georgia,Crisp,683,24,0,31.92289565,-83.76811843,13081.0,3052.9232969783657,3.5139092240117127,659,859,24,0,835,857,22601,-176,0,0,-176,2
2020-11-08,US,Georgia,Dade,410,6,0,34.854916700000004,-85.50490424,13083.0,2544.055596922313,1.4634146341463414,404,420,6,0,414,413,16226,-10,0,0,-10,7
2020-11-08,US,Georgia,Dawson,949,11,0,34.44244079,-84.16964071,13085.0,3634.9011797150292,1.1591148577449948,938,976,11,0,965,973,25083,-27,0,0,-27,3
2020-11-08,US,Georgia,DeKalb,22575,408,0,33.76944049,-84.22396017,13089.0,2973.1448958707856,1.807308970099668,22167,23470,408,0,23062,23404,756558,-895,0,0,-895,66
2020-11-08,US,Georgia,Decatur,1340,36,0,30.87967778,-84.57619536,13087.0,5074.988638085138,2.6865671641791047,1304,2362,36,0,2326,1462,26575,-1022,0,0,-1022,900
2020-11-08,US,Georgia,Dodge,666,29,0,32.17265114,-83.16948926,13091.0,3232.2251880611493,4.354354354354355,637,975,29,0,946,972,20705,-309,0,0,-309,3
2020-11-08,US,Georgia,Dooly,387,18,0,32.15630737,-83.79746561,13093.0,2890.216579536968,4.651162790697675,369,439,18,0,421,436,13706,-52,0,0,-52,3
2020-11-08,US,Georgia,Dougherty,3344,193,0,31.53328528,-84.21722377,13095.0,3801.9009504752376,5.7715311004784695,3151,3535,193,0,3342,3527,91243,-191,0,0,-191,8
2020-11-08,US,Georgia,Douglas,4366,77,0,33.70291126,-84.77026156,13097.0,2983.402007612253,1.7636280348144755,4289,4795,77,0,4718,4773,145331,-429,0,0,-429,22
2020-11-08,US,Georgia,Early,569,35,0,31.32155345,-84.90255207,13099.0,5583.905789990185,6.151142355008787,534,610,35,0,575,607,10247,-41,0,0,-41,3
2020-11-08,US,Georgia,Echols,246,2,0,30.71101099,-82.89687287,13101.0,6140.788816774838,0.8130081300813008,244,258,2,0,256,258,4000,-12,0,0,-12,0
2020-11-08,US,Georgia,Effingham,1912,29,0,32.36616021,-81.34280942,13103.0,2973.746422794575,1.5167364016736402,1883,1952,29,0,1923,1947,62190,-40,0,0,-40,5
2020-11-08,US,Georgia,Elbert,816,14,0,34.11302332,-82.83936148,13105.0,4251.328540168803,1.7156862745098038,802,929,14,0,915,917,19120,-113,0,0,-113,12
2020-11-08,US,Georgia,Emanuel,1253,38,0,32.59221302,-82.30239915,13107.0,5532.985957785039,3.0327214684756583,1215,1358,38,0,1320,1351,22612,-105,0,0,-105,7
2020-11-08,US,Georgia,Evans,492,7,0,32.15328841,-81.8870105,13109.0,4617.983855828797,1.4227642276422765,485,524,7,0,517,524,10721,-32,0,0,-32,0
2020-11-08,US,Georgia,Fannin,863,29,0,34.86430205,-84.316964,13111.0,3295.4024744157628,3.3603707995365006,834,881,29,0,852,876,25964,-18,0,0,-18,5
2020-11-08,US,Georgia,Fayette,2270,58,0,33.41357794,-84.49089434,13113.0,1983.9015565324546,2.555066079295154,2212,2618,58,0,2560,2611,113459,-348,0,0,-348,7
2020-11-08,US,Georgia,Floyd,4339,65,0,34.26268279,-85.21577392,13115.0,4405.16558711852,1.4980410232772527,4274,4583,65,0,4518,4556,97927,-244,0,0,-244,27
2020-11-08,US,Georgia,Forsyth,5088,55,0,34.22604035,-84.12315129999998,13117.0,2083.094508949773,1.0809748427672956,5033,5513,55,0,5458,5477,236612,-425,0,0,-425,36
2020-11-08,US,Georgia,Franklin,1011,18,0,34.37525597,-83.23159927,13119.0,4329.949890787614,1.7804154302670625,993,1040,18,0,1022,1029,23023,-29,0,0,-29,11
2020-11-08,US,Georgia,Fulton,32694,636,0,33.79216944,-84.46319413,13121.0,3072.926310486429,1.9453110662506885,32058,34644,636,0,34008,34525,1050114,-1950,0,0,-1950,119
2020-11-08,US,Georgia,Gilmer,1091,24,0,34.69316688,-84.45802506,13123.0,3477.9559437661387,2.1998166819431715,1067,1129,24,0,1105,1129,30816,-38,0,0,-38,0
2020-11-08,US,Georgia,Glascock,54,2,0,33.22879932,-82.61297636,13125.0,1817.5698418041065,3.703703703703704,52,64,2,0,62,64,2995,-10,0,0,-10,0
2020-11-08,US,Georgia,Glynn,3869,105,0,31.23279254,-81.53811412,13127.0,4536.181587956667,2.7138795554406823,3764,3929,105,0,3824,3923,85219,-60,0,0,-60,6
2020-11-08,US,Georgia,Gordon,2612,50,0,34.50487351,-84.87296253,13129.0,4506.322999154633,1.9142419601837672,2562,2804,50,0,2754,2765,57685,-192,0,0,-192,39
2020-11-08,US,Georgia,Grady,888,25,0,30.87454847,-84.23418364,13131.0,3604.92022896115,2.815315315315315,863,936,25,0,911,937,24748,-48,0,0,-48,-1
2020-11-08,US,Georgia,Greene,597,25,0,33.5769205,-83.17139104,13133.0,3258.0222658808116,4.1876046901172534,572,658,25,0,633,657,17698,-61,0,0,-61,1
2020-11-08,US,Georgia,Gwinnett,32167,459,0,33.96044201,-84.02137802,13135.0,3435.727636849132,1.4269282183604317,31708,34224,459,0,33765,34112,927781,-2057,0,0,-2057,112
2020-11-08,US,Georgia,Habersham,1941,76,0,34.63331566,-83.53094677,13137.0,4282.121426050124,3.9155074703760953,1865,1960,76,0,1884,1955,45388,-19,0,0,-19,5
2020-11-08,US,Georgia,Hall,11172,184,0,34.32207823,-83.81896936,13139.0,5464.657284986866,1.6469745793054065,10988,11323,184,0,11139,11275,202148,-151,0,0,-151,48
2020-11-08,US,Georgia,Hancock,422,45,0,33.2721566,-82.99766919,13141.0,4989.94915454653,10.66350710900474,377,431,45,0,386,429,8348,-9,0,0,-9,2
2020-11-08,US,Georgia,Haralson,733,15,0,33.79602175,-85.21005667,13143.0,2460.392051557465,2.046384720327421,718,948,15,0,933,939,29533,-215,0,0,-215,9
2020-11-08,US,Georgia,Harris,878,26,0,32.73709786,-84.90538572,13145.0,2491.769780905892,2.9612756264236904,852,925,26,0,899,924,34475,-47,0,0,-47,1
2020-11-08,US,Georgia,Hart,623,19,0,34.34626973,-82.96567682,13147.0,2377.408891432933,3.0497592295345104,604,644,19,0,625,642,26099,-21,0,0,-21,2
2020-11-08,US,Georgia,Heard,254,6,0,33.29686567,-85.12886832,13149.0,2130.3363247504817,2.3622047244094486,248,309,6,0,303,309,11879,-55,0,0,-55,0
2020-11-08,US,Georgia,Henry,6652,122,0,33.4533428,-84.14814659999998,13151.0,2835.936067803258,1.8340348767288035,6530,7315,122,0,7193,7275,230220,-663,0,0,-663,40
2020-11-08,US,Georgia,Houston,3856,97,0,32.45802497,-83.66879087,13153.0,2442.6243008177976,2.515560165975104,3759,4199,97,0,4102,4176,155469,-343,0,0,-343,23
2020-11-08,US,Georgia,Irwin,370,10,0,31.60213036,-83.27501387,13155.0,3929.4817332200514,2.702702702702702,360,388,10,0,378,388,9398,-18,0,0,-18,0
2020-11-08,US,Georgia,Jackson,2617,44,0,34.13794553,-83.56814788,13157.0,3586.061361798923,1.6813144822315629,2573,2757,44,0,2713,2732,70422,-140,0,0,-140,25
2020-11-08,US,Georgia,Jasper,253,4,0,33.31535543,-83.68844964,13159.0,1779.3093747802234,1.5810276679841897,249,381,4,0,377,380,14040,-128,0,0,-128,1
2020-11-08,US,Georgia,Jeff Davis,818,27,0,31.80405727,-82.63724870000001,13161.0,5411.84254052266,3.3007334963325183,791,921,27,0,894,919,15029,-103,0,0,-103,2
2020-11-08,US,Georgia,Jefferson,870,35,0,33.05867328,-82.41609057,13163.0,5663.325087879182,4.022988505747127,835,903,35,0,868,901,15430,-33,0,0,-33,2
2020-11-08,US,Georgia,Jenkins,477,33,0,32.79248718,-81.96040187,13165.0,5497.925311203319,6.918238993710692,444,485,33,0,452,485,8683,-8,0,0,-8,0
2020-11-08,US,Georgia,Johnson,442,24,0,32.70211082,-82.66166794,13167.0,4583.635797988178,5.429864253393665,418,498,24,0,474,497,9708,-56,0,0,-56,1
2020-11-08,US,Georgia,Jones,676,17,0,33.02512137,-83.56019163,13169.0,2352.5317556986247,2.514792899408284,659,710,17,0,693,707,28616,-34,0,0,-34,3
2020-11-08,US,Georgia,Lamar,453,20,0,33.07841647,-84.14263877,13171.0,2374.5871992451644,4.415011037527594,433,561,20,0,541,557,19000,-108,0,0,-108,4
2020-11-08,US,Georgia,Lanier,324,7,0,31.03828570000001,-83.06472457,13173.0,3108.5100259042492,2.1604938271604937,317,366,7,0,359,366,10340,-42,0,0,-42,0
2020-11-08,US,Georgia,Laurens,2107,94,0,32.46325233,-82.92221316,13175.0,4431.497917805914,4.4613194114855235,2013,2433,94,0,2339,2429,47325,-326,0,0,-326,4
2020-11-08,US,Georgia,Lee,764,31,0,31.779330600000005,-84.14324253,13177.0,2547.3459589223794,4.057591623036648,733,848,31,0,817,845,29764,-84,0,0,-84,3
2020-11-08,US,Georgia,Liberty,1345,26,0,31.82588896,-81.49251135,13179.0,2189.305770326361,1.933085501858736,1319,1371,26,0,1345,1364,61497,-26,0,0,-26,7
2020-11-08,US,Georgia,Lincoln,251,8,0,33.79201475,-82.45024131,13181.0,3168.7918192147467,3.187250996015936,243,268,8,0,260,266,7915,-17,0,0,-17,2
2020-11-08,US,Georgia,Long,289,4,0,31.75218791,-81.74952375,13183.0,1477.5806534076385,1.3840830449826989,285,305,4,0,301,306,18998,-16,0,0,-16,-1
2020-11-08,US,Georgia,Lowndes,4657,90,0,30.83568832,-83.27056716,13185.0,3966.5775173330153,1.9325746188533393,4567,5457,90,0,5367,5432,116321,-800,0,0,-800,25
2020-11-08,US,Georgia,Lumpkin,1088,18,0,34.57286511,-84.00425681,13187.0,3237.131806010116,1.6544117647058822,1070,1102,18,0,1084,1098,32955,-14,0,0,-14,4
2020-11-08,US,Georgia,Macon,263,11,0,32.35207048,-84.04234127,13193.0,2031.3586158955748,4.182509505703422,252,300,11,0,289,300,13143,-37,0,0,-37,0
2020-11-08,US,Georgia,Madison,853,12,0,34.12920917,-83.21218732,13195.0,2854.7523427041497,1.4067995310668229,841,947,11,0,936,942,29650,-94,1,0,-95,5
2020-11-08,US,Georgia,Marion,208,10,0,32.3483402,-84.52733571,13197.0,2488.335925349922,4.807692307692308,198,233,10,0,223,232,8351,-25,0,0,-25,1
2020-11-08,US,Georgia,McDuffie,727,17,0,33.47851918,-82.48252774,13189.0,3411.2237237237237,2.3383768913342498,710,826,17,0,809,825,21531,-99,0,0,-99,1
2020-11-08,US,Georgia,McIntosh,326,7,0,31.49683595,-81.40163426,13191.0,2267.352900264293,2.147239263803681,319,337,7,0,330,336,14340,-11,0,0,-11,1
2020-11-08,US,Georgia,Meriwether,611,19,0,33.04163534,-84.68859732,13199.0,2886.5687154533002,3.1096563011456633,592,716,19,0,697,714,21068,-105,0,0,-105,2
2020-11-08,US,Georgia,Miller,332,2,0,31.16568912,-84.73151117,13201.0,5806.225953130465,0.6024096385542169,330,372,2,0,370,366,5686,-40,0,0,-40,6
2020-11-08,US,Georgia,Mitchell,866,46,0,31.22483255,-84.19381821,13205.0,3961.0300507707093,5.311778290993073,820,920,46,0,874,913,22192,-54,0,0,-54,7
2020-11-08,US,Georgia,Monroe,803,55,0,33.014289,-83.92097166,13207.0,2911.741243019799,6.849315068493151,748,910,55,0,855,904,27520,-107,0,0,-107,6
2020-11-08,US,Georgia,Montgomery,372,9,0,32.17201038,-82.53527476,13209.0,4055.822067160925,2.419354838709677,363,401,9,0,392,402,9193,-29,0,0,-29,-1
2020-11-08,US,Georgia,Morgan,553,6,0,33.59232073,-83.49129491,13211.0,2868.852459016393,1.08499095840868,547,723,6,0,717,722,18853,-170,0,0,-170,1
2020-11-08,US,Georgia,Murray,1218,11,0,34.78897608,-84.74993177,13213.0,3037.709497206705,0.90311986863711,1207,1216,11,0,1205,1197,39921,2,0,0,2,19
2020-11-08,US,Georgia,Muscogee,6530,178,0,32.50931999,-84.87142262,13215.0,3335.5638533169194,2.7258805513016844,6352,6767,178,0,6589,6752,194160,-237,0,0,-237,15
2020-11-08,US,Georgia,Newton,3031,99,0,33.55514538,-83.84547140000002,13217.0,2712.449885452463,3.26624876278456,2932,3319,99,0,3220,3307,109541,-288,0,0,-288,12
2020-11-08,US,Georgia,Oconee,910,32,0,33.83749973,-83.43679568,13219.0,2259.185700099305,3.5164835164835164,878,16049,32,0,16017,1178,39272,-15139,0,0,-15139,14871
2020-11-08,US,Georgia,Oglethorpe,446,13,0,33.878629600000004,-83.08278123,13221.0,2922.865194311553,2.914798206278027,433,1182,13,0,1169,490,15054,-736,0,0,-736,692
2020-11-08,US,Georgia,Out of GA,15242,193,0,0.0,0.0,80013.0,0.0,1.2662380265057078,15049,490,193,0,297,15929,,14752,0,0,14752,-15439
2020-11-08,US,Georgia,Paulding,3396,68,0,33.91969522,-84.86848792,13223.0,2013.4347560577944,2.0023557126030624,3328,4021,68,0,3953,4000,164044,-625,0,0,-625,21
2020-11-08,US,Georgia,Peach,831,26,0,32.56934316,-83.82937,13225.0,3016.771945109999,3.128760529482552,805,918,26,0,892,911,27297,-87,0,0,-87,7
2020-11-08,US,Georgia,Pickens,865,12,0,34.46589159,-84.46406611,13227.0,2654.106962044736,1.3872832369942196,853,914,12,0,902,906,31980,-49,0,0,-49,8
2020-11-08,US,Georgia,Pierce,712,25,0,31.35928155,-82.21598442,13229.0,3657.84741844336,3.51123595505618,687,1141,25,0,1116,1138,19389,-429,0,0,-429,3
2020-11-08,US,Georgia,Pike,406,12,0,33.09310242,-84.38790389,13231.0,2141.1243539711,2.955665024630542,394,642,12,0,630,641,18634,-236,0,0,-236,1
2020-11-08,US,Georgia,Polk,1805,29,0,34.00267074,-85.18677781,13233.0,4235.796587895713,1.6066481994459834,1776,2027,29,0,1998,2018,42470,-222,0,0,-222,9
2020-11-08,US,Georgia,Pulaski,347,23,0,32.23334561,-83.47549959999998,13235.0,3115.740325042651,6.628242074927955,324,413,23,0,390,412,11069,-66,0,0,-66,1
2020-11-08,US,Georgia,Putnam,851,28,0,33.32056115,-83.37552891,13237.0,3847.371038473711,3.290246768507638,823,919,28,0,891,917,21809,-68,0,0,-68,2
2020-11-08,US,Georgia,Quitman,42,1,0,31.86728114,-85.01773177,13239.0,1826.8812527185733,2.380952380952381,41,59,1,0,58,58,2279,-17,0,0,-17,1
2020-11-08,US,Georgia,Rabun,454,11,0,34.88389445,-83.40304637,13241.0,2649.238489817354,2.4229074889867843,443,457,11,0,446,450,16867,-3,0,0,-3,7
2020-11-08,US,Georgia,Randolph,341,30,0,31.76622818,-84.75732369,13243.0,5030.98259073473,8.797653958944279,311,357,30,0,327,357,6833,-16,0,0,-16,0
2020-11-08,US,Georgia,Richmond,8386,189,0,33.35777107,-82.07026432,13245.0,4140.866490879823,2.2537562604340566,8197,8814,189,0,8625,8793,201554,-428,0,0,-428,21
2020-11-08,US,Georgia,Rockdale,2267,42,0,33.65145002,-84.02202167,13247.0,2494.0591445168106,1.8526687251874725,2225,2373,42,0,2331,2363,90594,-106,0,0,-106,10
2020-11-08,US,Georgia,Schley,115,2,0,32.2654021,-84.31258912,13249.0,2187.5594445501238,1.7391304347826086,113,151,2,0,149,148,5236,-36,0,0,-36,3
2020-11-08,US,Georgia,Screven,459,11,0,32.74976524,-81.60779441,13251.0,3286.553057425175,2.396514161220044,448,484,11,0,473,482,13938,-25,0,0,-25,2
2020-11-08,US,Georgia,Seminole,409,11,0,30.93464824,-84.86823924,13253.0,5055.624227441284,2.6894865525672373,398,434,11,0,423,433,8315,-25,0,0,-25,1
2020-11-08,US,Georgia,Spalding,1700,66,0,33.26310031,-84.28013991,13255.0,2548.611007001184,3.882352941176471,1634,2019,66,0,1953,2009,66100,-319,0,0,-319,10
2020-11-08,US,Georgia,Stephens,1321,43,0,34.55151201,-83.29405315,13257.0,5095.467695274831,3.2551097653292964,1278,1330,43,0,1287,1322,26035,-9,0,0,-9,8
2020-11-08,US,Georgia,Stewart,572,17,0,32.07996777,-84.83208037,13259.0,8639.178371847152,2.9720279720279716,555,616,17,0,599,616,6199,-44,0,0,-44,0
2020-11-08,US,Georgia,Sumter,976,68,0,32.03650571,-84.19821492,13261.0,3305.785123966942,6.967213114754099,908,1162,68,0,1094,1162,29733,-186,0,0,-186,0
2020-11-08,US,Georgia,Talbot,190,8,0,32.69642758,-84.53351366,13263.0,3066.989507667474,4.2105263157894735,182,211,8,0,203,206,6272,-21,0,0,-21,5
2020-11-08,US,Georgia,Taliaferro,31,0,0,33.56543317,-82.88136816,13265.0,2016.9160702667525,0.0,31,33,0,0,33,33,1608,-2,0,0,-2,0
2020-11-08,US,Georgia,Tattnall,971,18,0,32.04785085,-82.05539188,13267.0,3840.069603733291,1.8537590113285276,953,1027,18,0,1009,1027,25391,-56,0,0,-56,0
2020-11-08,US,Georgia,Taylor,245,13,0,32.55792548,-84.25077141,13269.0,3054.8628428927677,5.306122448979592,232,307,13,0,294,307,8039,-62,0,0,-62,0
2020-11-08,US,Georgia,Telfair,506,24,0,31.92829517,-82.93491155,13271.0,3190.416141235813,4.743083003952568,482,626,24,0,602,626,15876,-120,0,0,-120,0
2020-11-08,US,Georgia,Terrell,346,32,0,31.77527543,-84.44069698,13273.0,4055.796506857344,9.248554913294797,314,383,32,0,351,382,8611,-37,0,0,-37,1
2020-11-08,US,Georgia,Thomas,1649,73,0,30.86392347,-83.91847289,13275.0,3709.702818834222,4.426925409338994,1576,1782,73,0,1709,1782,44448,-133,0,0,-133,0
2020-11-08,US,Georgia,Tift,2016,66,0,31.45743864,-83.5236119,13277.0,4960.141718334809,3.273809523809524,1950,2167,66,0,2101,2161,40571,-151,0,0,-151,6
2020-11-08,US,Georgia,Toombs,1545,59,0,32.12059861,-82.32957247,13279.0,5758.479314200523,3.8187702265372168,1486,1594,59,0,1535,1589,26887,-49,0,0,-49,5
2020-11-08,US,Georgia,Towns,482,15,0,34.91369188,-83.74107459999998,13281.0,4004.3200132923494,3.1120331950207474,467,486,15,0,471,481,11852,-4,0,0,-4,5
2020-11-08,US,Georgia,Treutlen,317,12,0,32.40422134,-82.56904553,13283.0,4593.537168526302,3.785488958990536,305,363,12,0,351,361,6809,-46,0,0,-46,2
2020-11-08,US,Georgia,Troup,3114,113,0,33.03349196,-85.02812115,13285.0,4453.5339378164235,3.6287732819524727,3001,3566,113,0,3453,3556,70034,-452,0,0,-452,10
2020-11-08,US,Georgia,Turner,351,25,0,31.71612656,-83.62069378,13287.0,4395.7420162805265,7.1225071225071215,326,393,25,0,368,390,7912,-42,0,0,-42,3
2020-11-08,US,Georgia,Twiggs,230,11,0,32.67435595,-83.43078662,13289.0,2832.512315270936,4.782608695652174,219,236,11,0,225,236,8188,-6,0,0,-6,0
2020-11-08,US,Georgia,Unassigned,1940,6,0,0.0,0.0,90013.0,0.0,0.30927835051546393,1934,956,6,0,950,951,,984,0,0,984,5
2020-11-08,US,Georgia,Union,950,29,0,34.82995757,-83.98967069,13291.0,3875.810860430011,3.0526315789473686,921,2444,29,0,2415,2436,24001,-1494,0,0,-1494,8
2020-11-08,US,Georgia,Upson,854,70,0,32.87920671,-84.30024826,13293.0,3244.68085106383,8.196721311475411,784,1330,70,0,1260,1328,26215,-476,0,0,-476,2
2020-11-08,US,Georgia,Walker,2089,46,0,34.73376362,-85.30165174,13295.0,2994.5098264073054,2.202010531354716,2043,2095,46,0,2049,2079,69410,-6,0,0,-6,16
2020-11-08,US,Georgia,Walton,2457,71,0,33.78017694,-83.73552314,13297.0,2597.4437854809553,2.88970288970289,2386,2776,71,0,2705,2766,93503,-319,0,0,-319,10
2020-11-08,US,Georgia,Ware,1794,67,0,31.05449097,-82.42224148,13299.0,5020.428723344714,3.7346711259754737,1727,2407,67,0,2340,2400,35680,-613,0,0,-613,7
2020-11-08,US,Georgia,Warren,171,6,0,33.41146451,-82.67795848,13301.0,3254.6631138180433,3.5087719298245608,165,191,6,0,185,192,5251,-20,0,0,-20,-1
2020-11-08,US,Georgia,Washington,866,14,0,32.96711864,-82.79357039,13303.0,4250.5153627171885,1.6166281755196306,852,943,14,0,929,938,20386,-77,0,0,-77,5
2020-11-08,US,Georgia,Wayne,1296,36,0,31.5521809,-81.91894878,13305.0,4330.5376415945475,2.7777777777777777,1260,1437,36,0,1401,1433,29808,-141,0,0,-141,4
2020-11-08,US,Georgia,Webster,44,2,0,32.04066113,-84.54742852,13307.0,1687.7637130801688,4.545454545454546,42,55,2,0,53,55,2611,-11,0,0,-11,0
2020-11-08,US,Georgia,Wheeler,369,18,0,32.12009104,-82.72574721,13309.0,4697.644812221515,4.878048780487805,351,416,18,0,398,416,7879,-47,0,0,-47,0
2020-11-08,US,Georgia,White,1055,26,0,34.64624278,-83.74905525,13311.0,3425.5471134489253,2.4644549763033177,1029,1065,26,0,1039,1059,29970,-10,0,0,-10,6
2020-11-08,US,Georgia,Whitfield,6122,67,0,34.80987459,-84.96093476,13313.0,5851.206178078525,1.0944135903299574,6055,6100,67,0,6033,6030,104062,22,0,0,22,70
2020-11-08,US,Georgia,Wilcox,262,25,0,31.97496928,-83.43438555,13315.0,3034.163288940359,9.541984732824428,237,327,25,0,302,327,8812,-65,0,0,-65,0
2020-11-08,US,Georgia,Wilkes,330,7,0,33.78290391,-82.74286107,13317.0,3375.268487266033,2.121212121212121,323,358,7,0,351,358,9876,-28,0,0,-28,0
2020-11-08,US,Georgia,Wilkinson,383,17,0,32.80291082,-83.17140684,13319.0,4277.41791378155,4.438642297650131,366,397,17,0,380,394,9036,-14,0,0,-14,3
2020-11-08,US,Georgia,Worth,614,35,0,31.55162306,-83.85090513,13321.0,3032.548031807181,5.700325732899022,579,680,35,0,645,681,20299,-66,0,0,-66,-1
2020-11-08,US,Hawaii,Hawaii,1405,31,0,19.60121157,-155.5210167,15001.0,697.2254891743956,2.2064056939501784,1374,1386,31,0,1355,1375,200983,19,0,0,19,11
2020-11-08,US,Hawaii,Honolulu,13810,172,0,21.45803166,-157.97121819999995,15003.0,1417.0453834180034,1.2454742939898624,13638,13704,171,0,13533,13596,980080,106,1,0,105,108
2020-11-08,US,Hawaii,Kauai,71,0,0,22.03935037,-159.5966786,15007.0,98.21144509150265,0.0,71,71,0,0,71,69,72133,0,0,0,0,2
2020-11-08,US,Hawaii,Maui,548,17,0,20.86399628,-156.56890969999995,15009.0,327.32637665231135,3.102189781021898,531,546,17,0,529,544,167207,2,0,0,2,2
2020-11-08,US,Hawaii,Out of HI,113,1,0,0.0,0.0,80015.0,0.0,0.8849557522123894,112,112,1,0,111,107,,1,0,0,1,5
2020-11-08,US,Idaho,Ada,19325,193,0,43.4526575,-116.24155159999998,16001.0,4012.7744312034997,0.998706338939198,19132,19065,191,0,18874,18618,469966,260,2,0,258,447
2020-11-08,US,Idaho,Adams,80,2,0,44.89333571,-116.4545247,16003.0,1863.0647414997675,2.5,78,80,2,0,78,79,4250,0,0,0,0,1
2020-11-08,US,Idaho,Bannock,3074,17,0,42.67002716,-112.2233311,16005.0,3500.819970845481,0.5530253741054001,3057,3071,17,0,3054,3024,87138,3,0,0,3,47
2020-11-08,US,Idaho,Bear Lake,114,1,0,42.28269683,-111.32892379999998,16007.0,1861.2244897959185,0.8771929824561403,113,109,1,0,108,93,6050,5,0,0,5,16
2020-11-08,US,Idaho,Benewah,203,3,0,47.21754179,-116.6586851,16009.0,2183.265218326522,1.477832512315271,200,201,3,0,198,199,9226,2,0,0,2,2
2020-11-08,US,Idaho,Bingham,1875,25,0,43.21672879999999,-112.3978437,16011.0,4005.46880006836,1.3333333333333333,1850,1873,25,0,1848,1829,46236,2,0,0,2,44
2020-11-08,US,Idaho,Blaine,996,7,0,43.4085812,-113.9752658,16013.0,4326.484514139264,0.7028112449799196,989,994,7,0,987,979,22601,2,0,0,2,15
2020-11-08,US,Idaho,Boise,103,2,0,43.98829931,-115.7309284,16015.0,1315.285404162942,1.9417475728155342,101,101,2,0,99,100,7634,2,0,0,2,1
2020-11-08,US,Idaho,Bonner,598,2,0,48.29996017,-116.6017932,16017.0,1307.4181770480334,0.33444816053511706,596,588,2,0,586,575,44727,10,0,0,10,13
2020-11-08,US,Idaho,Bonneville,5294,40,0,43.38713372,-111.6161537,16019.0,4446.4228721170475,0.7555723460521345,5254,5250,40,0,5210,5157,116854,44,0,0,44,93
2020-11-08,US,Idaho,Boundary,252,1,0,48.76684761,-116.4630179,16021.0,2057.982850142916,0.3968253968253968,251,251,1,0,250,244,11948,1,0,0,1,7
2020-11-08,US,Idaho,Butte,111,0,0,43.72592209,-113.1735463,16023.0,4274.162495186754,0.0,111,111,0,0,111,110,2611,0,0,0,0,1
2020-11-08,US,Idaho,Camas,50,0,0,43.46665742,-114.8065892,16025.0,4520.795660036167,0.0,50,50,0,0,50,50,1127,0,0,0,0,0
2020-11-08,US,Idaho,Canyon,11385,120,0,43.61970148,-116.70954990000001,16027.0,4953.251917563271,1.0540184453227932,11265,11301,119,0,11182,11101,223499,84,1,0,83,200
2020-11-08,US,Idaho,Caribou,349,5,0,42.77149116,-111.5597683,16029.0,4877.707896575821,1.4326647564469914,344,349,5,0,344,346,7060,0,0,0,0,3
2020-11-08,US,Idaho,Cassia,1646,11,0,42.28347888,-113.6012409,16031.0,6849.771119434041,0.6682867557715675,1635,1639,11,0,1628,1607,23864,7,0,0,7,32
2020-11-08,US,Idaho,Clark,43,0,0,44.28496071,-112.35057040000001,16033.0,5088.757396449704,0.0,43,43,0,0,43,41,852,0,0,0,0,2
2020-11-08,US,Idaho,Clearwater,188,0,0,46.67459924,-115.6622393,16035.0,2147.099132023755,0.0,188,188,0,0,188,188,8758,0,0,0,0,0
2020-11-08,US,Idaho,Custer,103,1,0,44.24186819,-114.2855494,16037.0,2387.02201622248,0.9708737864077671,102,103,1,0,102,103,4280,0,0,0,0,0
2020-11-08,US,Idaho,Elmore,659,4,0,43.3507101,-115.4701578,16039.0,2395.405474173967,0.6069802731411229,655,641,4,0,637,633,27259,18,0,0,18,8
2020-11-08,US,Idaho,Franklin,421,3,0,42.18332217,-111.81496659999999,16041.0,3034.015566445661,0.7125890736342043,418,421,3,0,418,416,13726,0,0,0,0,5
2020-11-08,US,Idaho,Fremont,552,5,0,44.22800938,-111.48099429999999,16043.0,4214.0621421482565,0.9057971014492754,547,546,5,0,541,538,13168,6,0,0,6,8
2020-11-08,US,Idaho,Gem,501,6,0,44.06482372,-116.398376,16045.0,2766.1219081272084,1.1976047904191616,495,497,6,0,491,491,17634,4,0,0,4,6
2020-11-08,US,Idaho,Gooding,748,9,0,42.96927962,-114.81083059999999,16047.0,4927.860860399236,1.2032085561497323,739,746,9,0,737,723,15196,2,0,0,2,23
2020-11-08,US,Idaho,Idaho,450,1,0,45.84721541,-115.4634436,16049.0,2699.9460010799785,0.2222222222222222,449,450,1,0,449,450,16513,0,0,0,0,0
2020-11-08,US,Idaho,Jefferson,1138,5,0,43.82078483,-112.3131749,16051.0,3809.715108299019,0.4393673110720562,1133,1119,5,0,1114,1101,29439,19,0,0,19,18
2020-11-08,US,Idaho,Jerome,1418,9,0,42.68891267,-114.2655033,16053.0,5808.618712108799,0.6346967559943583,1409,1416,9,0,1407,1373,24015,2,0,0,2,43
2020-11-08,US,Idaho,Kootenai,5118,55,0,47.67282258,-116.7020872,16055.0,3088.7704665745305,1.074638530676045,5063,5055,55,0,5000,4939,161505,63,0,0,63,116
2020-11-08,US,Idaho,Latah,1114,1,0,46.81587887,-116.71136979999999,16057.0,2777.500747980453,0.08976660682226212,1113,1114,1,0,1113,1114,40134,0,0,0,0,0
2020-11-08,US,Idaho,Lemhi,350,4,0,44.9438088,-113.9309747,16059.0,4360.284041360409,1.1428571428571428,346,347,4,0,343,335,7961,3,0,0,3,12
2020-11-08,US,Idaho,Lewis,111,3,0,46.23315327,-116.434146,16061.0,2892.131318394997,2.702702702702702,108,111,3,0,108,111,3861,0,0,0,0,0
2020-11-08,US,Idaho,Lincoln,281,6,0,43.0012336,-114.1358773,16063.0,5236.675363399179,2.1352313167259784,275,279,6,0,273,275,5360,2,0,0,2,4
2020-11-08,US,Idaho,Madison,3035,7,0,43.78141028,-111.65384740000002,16065.0,7605.18204826221,0.2306425041186161,3028,3002,7,0,2995,2956,39304,33,0,0,33,46
2020-11-08,US,Idaho,Minidoka,1361,10,0,42.85518524,-113.6357257,16067.0,6468.938637767957,0.7347538574577517,1351,1358,10,0,1348,1340,20825,3,0,0,3,18
2020-11-08,US,Idaho,Nez Perce,1251,25,0,46.32638236,-116.75009750000001,16069.0,3095.9215996832313,1.9984012789768184,1226,1251,25,0,1226,1251,40408,0,0,0,0,0
2020-11-08,US,Idaho,Oneida,81,0,0,42.19494279999999,-112.5407838,16071.0,1787.6848377841534,0.0,81,81,0,0,81,76,4488,0,0,0,0,5
2020-11-08,US,Idaho,Owyhee,439,5,0,42.58016894,-116.16938710000001,16073.0,3713.1015816628606,1.1389521640091116,434,433,5,0,428,426,11693,6,0,0,6,7
2020-11-08,US,Idaho,Payette,1242,11,0,44.00545243,-116.7647695,16075.0,5185.587240616258,0.8856682769726248,1231,1238,11,0,1227,1233,23551,4,0,0,4,5
2020-11-08,US,Idaho,Power,396,2,0,42.69254894,-112.83957420000002,16077.0,5155.5787006900155,0.5050505050505051,394,396,2,0,394,395,7768,0,0,0,0,1
2020-11-08,US,Idaho,Shoshone,317,20,0,47.35364087,-115.89167490000001,16079.0,2460.7980127309424,6.309148264984227,297,316,20,0,296,312,12796,1,0,0,1,4
2020-11-08,US,Idaho,Teton,363,2,0,43.75303583,-111.2056773,16081.0,2989.622796903311,0.5509641873278237,361,354,2,0,352,345,11640,9,0,0,9,9
2020-11-08,US,Idaho,Twin Falls,5114,54,0,42.35440512,-114.6685381,16083.0,5886.4154331361215,1.0559249120062573,5060,5076,54,0,5022,4953,86081,38,0,0,38,123
2020-11-08,US,Idaho,Unassigned,4,0,0,0.0,0.0,90016.0,0.0,0.0,4,4,0,0,4,3,,0,0,0,0,1
2020-11-08,US,Idaho,Valley,169,1,0,44.76728382,-115.5676773,16085.0,1483.497191011236,0.591715976331361,168,165,1,0,164,153,11041,4,0,0,4,12
2020-11-08,US,Idaho,Washington,539,8,0,44.45275475,-116.78476880000001,16087.0,5287.423974887189,1.4842300556586268,531,529,8,0,521,524,10161,10,0,0,10,5
2020-11-08,US,Illinois,Adams,2806,29,0,39.98815591,-91.18786813,17001.0,4288.224956063269,1.0334996436208126,2777,2733,29,0,2704,2640,65691,73,0,0,73,93
2020-11-08,US,Illinois,Alexander,182,2,0,37.18049267,-89.32910838,17003.0,3159.173754556501,1.0989010989010992,180,178,2,0,176,170,6060,4,0,0,4,8
2020-11-08,US,Illinois,Bond,657,9,0,38.88829622,-89.43534887,17005.0,3999.756483623524,1.3698630136986298,648,644,9,0,635,627,16630,13,0,0,13,17
2020-11-08,US,Illinois,Boone,2581,26,0,42.32359279,-88.82345779,17007.0,4820.334678021814,1.0073614877954282,2555,2494,26,0,2468,2442,53577,87,0,0,87,52
2020-11-08,US,Illinois,Brown,179,0,0,39.96209138,-90.75068024,17009.0,2721.1918516266337,0.0,179,171,0,0,171,161,6556,8,0,0,8,10
2020-11-08,US,Illinois,Bureau,1290,19,0,41.40385234,-89.5283051,17011.0,3953.6594336153003,1.4728682170542635,1271,1226,19,0,1207,1184,32993,64,0,0,64,42
2020-11-08,US,Illinois,Calhoun,121,0,0,39.16840183,-90.66330078,17013.0,2553.281282971091,0.0,121,117,0,0,117,114,4802,4,0,0,4,3
2020-11-08,US,Illinois,Carroll,679,17,0,42.06823429,-89.93395545,17015.0,4746.592100664104,2.503681885125184,662,670,17,0,653,641,14312,9,0,0,9,29
2020-11-08,US,Illinois,Cass,570,11,0,39.96991073,-90.24734436,17017.0,4692.516670782909,1.9298245614035088,559,564,11,0,553,533,12260,6,0,0,6,31
2020-11-08,US,Illinois,Champaign,7866,33,0,40.13919438,-88.20046615,17019.0,3751.269737563725,0.41952707856598015,7833,7744,31,0,7713,7572,209983,122,2,0,120,172
2020-11-08,US,Illinois,Christian,1182,31,0,39.54581621,-89.27780482,17021.0,3658.9895988112926,2.622673434856176,1151,1129,31,0,1098,1083,32661,53,0,0,53,46
2020-11-08,US,Illinois,Clark,495,19,0,39.33425789,-87.78705622,17023.0,3205.75092286769,3.8383838383838382,476,472,19,0,453,466,15596,23,0,0,23,6
2020-11-08,US,Illinois,Clay,430,16,0,38.75388572,-88.48914513,17025.0,3261.529126213592,3.72093023255814,414,422,16,0,406,399,13253,8,0,0,8,23
2020-11-08,US,Illinois,Clinton,2164,36,0,38.60704876,-89.42385254,17027.0,5761.141579255631,1.6635859519408502,2128,2142,36,0,2106,2100,37639,22,0,0,22,42
2020-11-08,US,Illinois,Coles,2473,47,0,39.51949084,-88.22358557,17029.0,4885.324272535114,1.900525677315002,2426,2451,47,0,2404,2386,50885,22,0,0,22,65
2020-11-08,US,Illinois,Cook,218662,5798,0,41.84144849,-87.81658794,17031.0,4245.6719919273555,2.651580978862354,212864,214924,5770,0,209154,210266,5180493,3738,28,0,3710,4658
2020-11-08,US,Illinois,Crawford,744,6,0,39.0032229,-87.75954624,17033.0,3985.6431135158296,0.8064516129032258,738,739,6,0,733,730,18807,5,0,0,5,9
2020-11-08,US,Illinois,Cumberland,415,6,0,39.27432424,-88.2401158,17035.0,3854.727846925506,1.4457831325301205,409,410,6,0,404,398,10808,5,0,0,5,12
2020-11-08,US,Illinois,De Witt,419,9,0,40.17514519,-88.90959682,17039.0,2679.3707635247474,2.1479713603818618,410,412,9,0,403,398,15769,7,0,0,7,14
2020-11-08,US,Illinois,DeKalb,3348,43,0,41.89373302,-88.76958483,17037.0,3191.7023365777864,1.2843488649940262,3305,3251,43,0,3208,3153,104143,97,0,0,97,98
2020-11-08,US,Illinois,Douglas,983,10,0,39.76768052,-88.21854195,17041.0,5050.0899049576155,1.017293997965412,973,966,10,0,956,947,19479,17,0,0,17,19
2020-11-08,US,Illinois,DuPage,30244,680,0,41.85116968,-88.08642662,17043.0,3276.9868710322985,2.2483798439359868,29564,29541,679,0,28862,28834,928589,703,1,0,702,707
2020-11-08,US,Illinois,Edgar,492,14,0,39.6809186,-87.74759563,17045.0,2866.965794534119,2.845528455284553,478,481,14,0,467,464,17360,11,0,0,11,17
2020-11-08,US,Illinois,Edwards,135,0,0,38.41353228,-88.05720863,17047.0,2111.0242376856922,0.0,135,135,0,0,135,129,6392,0,0,0,0,6
2020-11-08,US,Illinois,Effingham,1677,5,0,39.05935711,-88.58969584,17049.0,4931.192660550459,0.2981514609421586,1672,1647,5,0,1642,1593,34208,30,0,0,30,54
2020-11-08,US,Illinois,Fayette,959,26,0,39.00072038,-89.02452658,17051.0,4494.750656167979,2.711157455683003,933,938,26,0,912,906,21416,21,0,0,21,32
2020-11-08,US,Illinois,Ford,397,19,0,40.59706922,-88.22350769,17053.0,3063.035259625029,4.785894206549118,378,375,19,0,356,359,13264,22,0,0,22,16
2020-11-08,US,Illinois,Franklin,1293,13,0,37.99189086,-88.92567818,17055.0,3361.147937300165,1.0054137664346479,1280,1265,12,0,1253,1231,38701,28,1,0,27,34
2020-11-08,US,Illinois,Fulton,837,4,0,40.47289135,-90.20862357,17057.0,2437.39079790332,0.4778972520908005,833,819,4,0,815,788,34844,18,0,0,18,31
2020-11-08,US,Illinois,Gallatin,134,3,0,37.76430935,-88.22953869,17059.0,2775.476387738194,2.238805970149253,131,132,3,0,129,132,5058,2,0,0,2,0
2020-11-08,US,Illinois,Greene,495,19,0,39.35907414,-90.388865,17061.0,3816.7938931297713,3.8383838383838382,476,485,19,0,466,457,13044,10,0,0,10,28
2020-11-08,US,Illinois,Grundy,1512,8,0,41.28569601,-88.41905692,17063.0,2961.570102244682,0.5291005291005291,1504,1476,8,0,1468,1405,50972,36,0,0,36,71
2020-11-08,US,Illinois,Hamilton,192,2,0,38.08163641,-88.53883373,17065.0,2365.6973878758013,1.0416666666666667,190,186,2,0,184,174,8163,6,0,0,6,12
2020-11-08,US,Illinois,Hancock,554,5,0,40.40423981,-91.16313899,17067.0,3128.5294782019428,0.9025270758122744,549,518,4,0,514,482,17844,36,1,0,35,36
2020-11-08,US,Illinois,Hardin,70,0,0,37.51810645,-88.26873022,17069.0,1831.9811567652448,0.0,70,68,0,0,68,66,3910,2,0,0,2,2
2020-11-08,US,Illinois,Henderson,172,0,0,40.81908672,-90.92491462,17071.0,2588.0228708997893,0.0,172,169,0,0,169,162,6709,3,0,0,3,7
2020-11-08,US,Illinois,Henry,1339,9,0,41.3533994,-90.13296166,17073.0,2737.513544456484,0.6721433905899925,1330,1304,9,0,1295,1230,49090,35,0,0,35,74
2020-11-08,US,Illinois,Iroquois,860,20,0,40.74717633,-87.82466784,17075.0,3171.7931695802918,2.3255813953488373,840,820,20,0,800,780,27604,40,0,0,40,40
2020-11-08,US,Illinois,Jackson,1856,29,0,37.78595185,-89.38232563,17077.0,3270.484581497797,1.5625,1827,1818,29,0,1789,1780,57419,38,0,0,38,38
2020-11-08,US,Illinois,Jasper,418,10,0,39.01054275,-88.15437049,17079.0,4349.635796045785,2.392344497607656,408,415,10,0,405,408,9611,3,0,0,3,7
2020-11-08,US,Illinois,Jefferson,1215,55,0,38.29980057,-88.9240025,17081.0,3224.1800233520858,4.526748971193416,1160,1177,55,0,1122,1150,37820,38,0,0,38,27
2020-11-08,US,Illinois,Jersey,747,22,0,39.08869046,-90.35393073,17083.0,3430.854728333257,2.9451137884872827,725,724,22,0,702,707,21847,23,0,0,23,17
2020-11-08,US,Illinois,Jo Daviess,689,11,0,42.36542373,-90.21094405,17085.0,3244.6432776077227,1.5965166908563135,678,676,11,0,665,649,21366,13,0,0,13,27
2020-11-08,US,Illinois,Johnson,488,0,0,37.45939802,-88.88165419,17087.0,3930.0958363533855,0.0,488,478,0,0,478,454,12456,10,0,0,10,24
2020-11-08,US,Illinois,Kane,22192,380,0,41.93842729,-88.42861412,17089.0,4168.2710277740725,1.7123287671232876,21812,21780,379,0,21401,21195,534216,412,1,0,411,585
2020-11-08,US,Illinois,Kankakee,4949,86,0,41.13746989,-87.86205334,17091.0,4504.742313083687,1.737724792887452,4863,4784,86,0,4698,4552,110024,165,0,0,165,232
2020-11-08,US,Illinois,Kendall,3903,32,0,41.59081014,-88.42869583,17093.0,3025.8159547251726,0.8198821419420959,3871,3801,32,0,3769,3619,127915,102,0,0,102,182
2020-11-08,US,Illinois,Knox,1750,31,0,40.93148779,-90.21330340000002,17095.0,3521.1976096098515,1.7714285714285714,1719,1727,31,0,1696,1682,50112,23,0,0,23,45
2020-11-08,US,Illinois,LaSalle,3606,81,0,41.34426129999999,-88.88633881,17099.0,3318.333655412307,2.2462562396006653,3525,3490,80,0,3410,3356,109430,116,1,0,115,134
2020-11-08,US,Illinois,Lake,26144,549,0,42.3224907,-88.00367925,17097.0,3753.436654295907,2.099908200734394,25595,25758,548,0,25210,25124,700832,386,1,0,385,634
2020-11-08,US,Illinois,Lawrence,454,8,0,38.71987914,-87.72884035,17101.0,2895.777522643194,1.7621145374449338,446,437,8,0,429,418,15765,17,0,0,17,19
2020-11-08,US,Illinois,Lee,1150,7,0,41.74583951,-89.29977132,17103.0,3372.829657437823,0.6086956521739131,1143,1103,6,0,1097,1056,34223,47,1,0,46,47
2020-11-08,US,Illinois,Livingston,1099,12,0,40.89188292,-88.55784752,17105.0,3082.9219030520644,1.0919017288444042,1087,1060,12,0,1048,964,35761,39,0,0,39,96
2020-11-08,US,Illinois,Logan,878,6,0,40.12581572,-89.36638784,17107.0,3067.999161366972,0.683371298405467,872,842,6,0,836,805,28925,36,0,0,36,37
2020-11-08,US,Illinois,Macon,4470,76,0,39.86064913,-88.96342505,17115.0,4297.705006297531,1.7002237136465324,4394,4322,74,0,4248,4210,104712,148,2,0,146,112
2020-11-08,US,Illinois,Macoupin,1101,12,0,39.26119767,-89.92424028,17117.0,2450.696701242043,1.0899182561307903,1089,1054,12,0,1042,1021,45313,47,0,0,47,33
2020-11-08,US,Illinois,Madison,9154,169,0,38.83042506,-89.90422563,17119.0,3481.0583877763665,1.8461874590343017,8985,8976,168,0,8808,8763,264461,178,1,0,177,213
2020-11-08,US,Illinois,Marion,1399,29,0,38.64963204,-88.91899208,17121.0,3760.247278591587,2.0729092208720514,1370,1376,29,0,1347,1331,37620,23,0,0,23,45
2020-11-08,US,Illinois,Marshall,211,4,0,41.0327901,-89.34510444,17123.0,1844.7280993180625,1.895734597156398,207,205,4,0,201,198,11534,6,0,0,6,7
2020-11-08,US,Illinois,Mason,405,13,0,40.23917274,-89.91824452,17125.0,3031.664046710084,3.2098765432098766,392,400,13,0,387,389,13565,5,0,0,5,11
2020-11-08,US,Illinois,Massac,226,2,0,37.22078441,-88.71036614,17127.0,1641.0107464420566,0.8849557522123894,224,221,2,0,219,204,14080,5,0,0,5,17
2020-11-08,US,Illinois,McDonough,1043,25,0,40.45674722,-90.67775541,17109.0,3513.9141567279835,2.3969319271332696,1018,1001,25,0,976,962,29955,42,0,0,42,39
2020-11-08,US,Illinois,McHenry,9204,126,0,42.32451172,-88.45248227,17111.0,2990.506020651517,1.3689700130378095,9078,8895,126,0,8769,8532,308570,309,0,0,309,363
2020-11-08,US,Illinois,McLean,5525,40,0,40.48996987,-88.84621113,17113.0,3221.255035943959,0.7239819004524887,5485,5348,40,0,5308,5205,172828,177,0,0,177,143
2020-11-08,US,Illinois,Menard,234,1,0,40.02742725,-89.80246001,17129.0,1918.661856346343,0.4273504273504273,233,218,1,0,217,209,12288,16,0,0,16,9
2020-11-08,US,Illinois,Mercer,449,7,0,41.20596782,-90.74290052,17131.0,2908.5962298374047,1.55902004454343,442,433,7,0,426,419,15601,16,0,0,16,14
2020-11-08,US,Illinois,Monroe,1265,40,0,38.27594376,-90.17761038,17133.0,3652.1638710049947,3.1620553359683794,1225,1241,40,0,1201,1180,34335,24,0,0,24,61
2020-11-08,US,Illinois,Montgomery,780,17,0,39.23198845,-89.47809254,17135.0,2745.1256422890124,2.1794871794871797,763,767,17,0,750,752,28601,13,0,0,13,15
2020-11-08,US,Illinois,Morgan,1259,27,0,39.71654544,-90.20255104,17137.0,3740.5668786024125,2.1445591739475773,1232,1243,27,0,1216,1201,33976,16,0,0,16,42
2020-11-08,US,Illinois,Moultrie,594,8,0,39.64187451,-88.62099969,17139.0,4096.269222812221,1.3468013468013469,586,588,7,0,581,565,14717,6,1,0,5,23
2020-11-08,US,Illinois,Ogle,1792,8,0,42.04165196,-89.32184679,17141.0,3538.4949548802397,0.44642857142857145,1784,1755,8,0,1747,1718,50923,37,0,0,37,37
2020-11-08,US,Illinois,Out of IL,1,0,0,0.0,0.0,80017.0,0.0,0.0,1,3,0,0,3,1,,-2,0,0,-2,2
2020-11-08,US,Illinois,Peoria,5855,92,0,40.78702156,-89.76078901,17143.0,3267.6820386317595,1.5713065755764304,5763,5729,92,0,5637,5598,180621,126,0,0,126,131
2020-11-08,US,Illinois,Perry,626,16,0,38.08510853,-89.36856219,17145.0,2992.9240772614257,2.5559105431309903,610,606,16,0,590,585,21174,20,0,0,20,21
2020-11-08,US,Illinois,Piatt,423,4,0,40.01360584,-88.59319339,17147.0,2588.1057268722466,0.9456264775413712,419,400,4,0,396,379,16396,23,0,0,23,21
2020-11-08,US,Illinois,Pike,622,12,0,39.62265059,-90.8877017,17149.0,3997.17241822505,1.929260450160772,610,601,12,0,589,584,15611,21,0,0,21,17
2020-11-08,US,Illinois,Pope,52,1,0,37.41391284,-88.56152109,17151.0,1244.9126167105578,1.9230769230769231,51,52,1,0,51,50,4212,0,0,0,0,2
2020-11-08,US,Illinois,Pulaski,280,1,0,37.22631423,-89.13085001,17153.0,5248.359887535145,0.35714285714285715,279,276,1,0,275,269,5463,4,0,0,4,7
2020-11-08,US,Illinois,Putnam,135,0,0,41.2013541,-89.2869272,17155.0,2352.3261892315736,0.0,135,128,0,0,128,124,5740,7,0,0,7,4
2020-11-08,US,Illinois,Randolph,1557,19,0,38.05095369,-89.82512254,17157.0,4898.999433641684,1.2202954399486192,1538,1534,19,0,1515,1499,32106,23,0,0,23,35
2020-11-08,US,Illinois,Richland,416,19,0,38.71240969,-88.08475366,17159.0,2681.6218655321345,4.5673076923076925,397,407,19,0,388,399,15763,9,0,0,9,8
2020-11-08,US,Illinois,Rock Island,5503,104,0,41.46613806,-90.57042164,17161.0,3878.657165612952,1.8898782482282392,5399,5366,104,0,5262,5212,143477,137,0,0,137,154
2020-11-08,US,Illinois,Saline,751,14,0,37.75332999,-88.54119706,17165.0,3196.969051977353,1.8641810918774968,737,740,14,0,726,722,23906,11,0,0,11,18
2020-11-08,US,Illinois,Sangamon,5943,69,0,39.75836914,-89.65872023,17167.0,3052.8273197994567,1.16102978293791,5874,5683,69,0,5614,5511,195348,260,0,0,260,172
2020-11-08,US,Illinois,Schuyler,127,1,0,40.157179799999994,-90.61114163,17169.0,1876.4775413711584,0.7874015748031497,126,126,1,0,125,119,6907,1,0,0,1,7
2020-11-08,US,Illinois,Scott,148,0,0,39.642916899999996,-90.47814431,17171.0,2989.295091900626,0.0,148,146,0,0,146,126,4926,2,0,0,2,20
2020-11-08,US,Illinois,Shelby,903,22,0,39.39133527,-88.80611122,17173.0,4173.9853933623,2.4363233665559245,881,893,22,0,871,868,21741,10,0,0,10,25
2020-11-08,US,Illinois,St. Clair,9258,241,0,38.46996033,-89.93063427,17163.0,3565.0747441140447,2.603154028947937,9017,9099,240,0,8859,8918,261059,159,1,0,158,181
2020-11-08,US,Illinois,Stark,129,3,0,41.09309773,-89.79745866,17175.0,2414.825907899663,2.3255813953488373,126,127,3,0,124,127,5427,2,0,0,2,0
2020-11-08,US,Illinois,Stephenson,1618,13,0,42.35129217,-89.662598,17177.0,3636.118477234933,0.8034610630407911,1605,1582,13,0,1569,1504,44753,36,0,0,36,78
2020-11-08,US,Illinois,Tazewell,3714,64,0,40.50716185,-89.51404662,17179.0,2817.8417790186872,1.7232094776521272,3650,3597,64,0,3533,3479,132328,117,0,0,117,118
2020-11-08,US,Illinois,Unassigned,122,0,0,0.0,0.0,90017.0,0.0,0.0,122,125,0,0,125,105,,-3,0,0,-3,20
2020-11-08,US,Illinois,Union,878,26,0,37.47119609,-89.25548938,17181.0,5272.323305110191,2.9612756264236904,852,872,26,0,846,858,16841,6,0,0,6,14
2020-11-08,US,Illinois,Vermilion,2350,22,0,40.18417171,-87.73384359,17183.0,3101.982628897277,0.9361702127659576,2328,2269,20,0,2249,2208,76806,81,2,0,79,61
2020-11-08,US,Illinois,Wabash,326,6,0,38.44272901,-87.84922065,17185.0,2829.8611111111113,1.8404907975460123,320,318,6,0,312,307,11549,8,0,0,8,11
2020-11-08,US,Illinois,Warren,690,11,0,40.84925021,-90.6147432,17187.0,4096.414153407742,1.5942028985507246,679,678,11,0,667,653,17032,12,0,0,12,25
2020-11-08,US,Illinois,Washington,411,2,0,38.35309213,-89.40982703,17189.0,2959.602505940808,0.4866180048661801,409,402,2,0,400,396,13995,9,0,0,9,6
2020-11-08,US,Illinois,Wayne,636,22,0,38.42955355,-88.42586459,17191.0,3922.294172062905,3.459119496855346,614,633,22,0,611,622,16332,3,0,0,3,11
2020-11-08,US,Illinois,White,353,6,0,38.08706198,-88.17657461,17193.0,2607.667873236315,1.69971671388102,347,348,6,0,342,333,13665,5,0,0,5,15
2020-11-08,US,Illinois,Whiteside,2330,56,0,41.75509713,-89.91556058,17195.0,4222.927050294517,2.40343347639485,2274,2212,54,0,2158,2112,55626,118,2,0,116,100
2020-11-08,US,Illinois,Will,24580,476,0,41.44619267,-87.97862712,17197.0,3558.487020498217,1.9365337672904799,24104,24010,475,0,23535,23279,692310,570,1,0,569,731
2020-11-08,US,Illinois,Williamson,2405,66,0,37.73033511,-88.92994027,17199.0,3611.2737811012507,2.7442827442827444,2339,2353,66,0,2287,2295,67056,52,0,0,52,58
2020-11-08,US,Illinois,Winnebago,13600,215,0,42.33641854,-89.16085327,17201.0,4812.932633098821,1.5808823529411764,13385,13378,212,0,13166,13015,284081,222,3,0,219,363
2020-11-08,US,Illinois,Woodford,988,18,0,40.78579374,-89.20973757,17203.0,2568.969551990431,1.8218623481781375,970,954,18,0,936,903,38463,34,0,0,34,51
2020-11-08,US,Indiana,Adams,926,11,0,40.7457653,-84.93671406,18001.0,2588.255024177545,1.1879049676025921,915,869,10,0,859,822,35636,57,1,0,56,47
2020-11-08,US,Indiana,Allen,11441,250,0,41.09194313,-85.06800636,18003.0,3016.353852765233,2.1851236780001746,11191,11106,244,0,10862,10789,375351,335,6,0,329,317
2020-11-08,US,Indiana,Bartholomew,1858,60,0,39.20744865,-85.89558181,18005.0,2217.739528998914,3.229278794402584,1798,1820,59,0,1761,1754,82753,38,1,0,37,66
2020-11-08,US,Indiana,Benton,152,1,0,40.60626947,-87.31093999,18007.0,1737.5400091449476,0.6578947368421053,151,142,1,0,141,135,8653,10,0,0,10,7
2020-11-08,US,Indiana,Blackford,322,7,0,40.47388153,-85.32499702,18009.0,2738.5609797584625,2.1739130434782608,315,314,6,0,308,314,11930,8,1,0,7,0
2020-11-08,US,Indiana,Boone,1634,51,0,40.0509304,-86.46841646,18011.0,2408.501982518462,3.121175030599755,1583,1601,51,0,1550,1556,66999,33,0,0,33,45
2020-11-08,US,Indiana,Brown,186,3,0,39.19605589,-86.22868909,18013.0,1232.4410283593954,1.6129032258064515,183,184,3,0,181,179,15234,2,0,0,2,5
2020-11-08,US,Indiana,Carroll,469,13,0,40.580783200000006,-86.56198812,18015.0,2315.249049711211,2.771855010660981,456,455,13,0,442,442,20127,14,0,0,14,13
2020-11-08,US,Indiana,Cass,2564,26,0,40.76135835,-86.34830753,18017.0,6803.04598158614,1.0140405616224648,2538,2542,26,0,2516,2527,37955,22,0,0,22,15
2020-11-08,US,Indiana,Clark,3689,68,0,38.48015445,-85.70510334,18019.0,3118.290476915014,1.8433179723502304,3621,3627,68,0,3559,3539,117360,62,0,0,62,88
2020-11-08,US,Indiana,Clay,662,18,0,39.39561833,-87.11723506,18021.0,2524.3088655862725,2.7190332326283992,644,644,17,0,627,628,26170,18,1,0,17,16
2020-11-08,US,Indiana,Clinton,1259,17,0,40.30319754,-86.47277257,18023.0,3885.9224050125,1.3502779984114377,1242,1207,17,0,1190,1187,32250,52,0,0,52,20
2020-11-08,US,Indiana,Crawford,197,1,0,38.28814402,-86.44518825,18025.0,1862.5319088588446,0.5076142131979695,196,196,1,0,195,194,10558,1,0,0,1,2
2020-11-08,US,Indiana,Daviess,1115,37,0,38.70186039,-87.07185406,18027.0,3343.2280891127702,3.3183856502242146,1078,1104,37,0,1067,1089,33147,11,0,0,11,15
2020-11-08,US,Indiana,DeKalb,1096,14,0,41.39804622,-84.99906934,18033.0,2520.9890741805634,1.2773722627737227,1082,1072,14,0,1058,1052,43226,24,0,0,24,20
2020-11-08,US,Indiana,Dearborn,1348,28,0,39.14647946,-84.97333539,18029.0,2725.5449067895997,2.0771513353115734,1320,1323,28,0,1295,1268,49568,25,0,0,25,55
2020-11-08,US,Indiana,Decatur,799,39,0,39.30712658,-85.50087166,18031.0,3008.3964004668846,4.881101376720901,760,758,39,0,719,728,26794,41,0,0,41,30
2020-11-08,US,Indiana,Delaware,3729,91,0,40.22787247,-85.39732772,18035.0,3267.183598370351,2.440332528828104,3638,3672,88,0,3584,3606,114772,57,3,0,54,66
2020-11-08,US,Indiana,Dubois,1848,29,0,38.36597551,-86.87924170000002,18037.0,4324.223137401722,1.5692640692640694,1819,1824,29,0,1795,1802,42565,24,0,0,24,22
2020-11-08,US,Indiana,Elkhart,12133,169,0,41.59761169,-85.85875695,18039.0,5880.072307490998,1.392895409214539,11964,11802,167,0,11635,11448,205560,331,2,0,329,354
2020-11-08,US,Indiana,Fayette,1100,26,0,39.63684962,-85.17797541,18041.0,4761.492511470869,2.363636363636364,1074,1081,26,0,1055,1058,23047,19,0,0,19,23
2020-11-08,US,Indiana,Floyd,2269,72,0,38.32117957,-85.90385377,18043.0,2889.636025572451,3.1732040546496254,2197,2231,72,0,2159,2186,77781,38,0,0,38,45
2020-11-08,US,Indiana,Fountain,472,4,0,40.12361933,-87.24217689,18045.0,2887.5565887678945,0.8474576271186439,468,467,4,0,463,457,16351,5,0,0,5,10
2020-11-08,US,Indiana,Franklin,459,25,0,39.4142482,-85.06062647,18047.0,2016.8731874505668,5.446623093681917,434,448,25,0,423,433,22736,11,0,0,11,15
2020-11-08,US,Indiana,Fulton,521,13,0,41.0469907,-86.26252745,18049.0,2608.390908180635,2.4952015355086368,508,509,13,0,496,498,20092,12,0,0,12,11
2020-11-08,US,Indiana,Gibson,1203,13,0,38.30393723,-87.58054938,18051.0,3574.0812264178967,1.0806317539484622,1190,1178,12,0,1166,1150,33452,25,1,0,24,28
2020-11-08,US,Indiana,Grant,1691,44,0,40.51587228,-85.65468702,18053.0,2571.1201325852608,2.6020106445890008,1647,1637,43,0,1594,1609,65936,54,1,0,53,28
2020-11-08,US,Indiana,Greene,719,46,0,39.03630547,-86.96223202,18055.0,2252.3651400288204,6.397774687065367,673,714,46,0,668,694,32006,5,0,0,5,20
2020-11-08,US,Indiana,Hamilton,8418,136,0,40.07306535,-86.05244729,18057.0,2490.451494182142,1.615585649798052,8282,8187,136,0,8051,7922,330086,231,0,0,231,265
2020-11-08,US,Indiana,Hancock,1613,45,0,39.82304555,-85.77566351,18059.0,2063.5042472623068,2.7898326100433968,1568,1586,45,0,1541,1549,76351,27,0,0,27,37
2020-11-08,US,Indiana,Harrison,988,24,0,38.19467379,-86.10948271,18061.0,2438.6029865481923,2.42914979757085,964,959,24,0,935,948,40350,29,0,0,29,11
2020-11-08,US,Indiana,Hendricks,4082,145,0,39.76719009,-86.51037283,18063.0,2396.791751560381,3.5521803037726603,3937,3997,145,0,3852,3930,167009,85,0,0,85,67
2020-11-08,US,Indiana,Henry,1746,30,0,39.93029017,-85.39625719,18065.0,3639.623113482865,1.718213058419244,1716,1731,30,0,1701,1712,48271,15,0,0,15,19
2020-11-08,US,Indiana,Howard,2074,71,0,40.48527731,-86.11351892,18067.0,2512.59934095755,3.4233365477338475,2003,2040,71,0,1969,1994,82366,34,0,0,34,46
2020-11-08,US,Indiana,Huntington,676,7,0,40.82907273,-85.48822092,18069.0,1851.0405257393206,1.0355029585798816,669,656,6,0,650,634,36240,20,1,0,19,22
2020-11-08,US,Indiana,Jackson,1462,24,0,38.90915820000001,-86.03851889,18071.0,3305.374058917953,1.6415868673050615,1438,1445,22,0,1423,1413,44111,17,2,0,15,32
2020-11-08,US,Indiana,Jasper,971,7,0,41.02078733,-87.11553319,18073.0,2893.152970621536,0.7209062821833162,964,954,6,0,948,925,33370,17,1,0,16,29
2020-11-08,US,Indiana,Jay,555,7,0,40.43781032,-85.00576229,18075.0,2715.7956547269523,1.2612612612612613,548,535,8,0,527,512,20764,20,-1,0,21,23
2020-11-08,US,Indiana,Jefferson,590,6,0,38.78576239,-85.43633383,18077.0,1826.173084065866,1.0169491525423728,584,546,6,0,540,522,32208,44,0,0,44,24
2020-11-08,US,Indiana,Jennings,538,13,0,38.99588883,-85.62710784,18079.0,1939.7872723994956,2.41635687732342,525,517,13,0,504,484,27611,21,0,0,21,33
2020-11-08,US,Indiana,Johnson,4131,154,0,39.48994426,-86.10149107,18081.0,2611.796392420669,3.727910917453401,3977,4052,154,0,3898,3957,156225,79,0,0,79,95
2020-11-08,US,Indiana,Knox,1146,12,0,38.68861576,-87.4194665,18083.0,3131.660928020987,1.0471204188481675,1134,1126,12,0,1114,1095,36895,20,0,0,20,31
2020-11-08,US,Indiana,Kosciusko,2826,34,0,41.24521668,-85.86312322,18085.0,3556.6854611357235,1.2031139419674453,2792,2787,33,0,2754,2696,79344,39,1,0,38,91
2020-11-08,US,Indiana,LaGrange,1012,18,0,41.64232188,-85.42674232,18087.0,2554.6523956177107,1.7786561264822134,994,1001,18,0,983,976,39330,11,0,0,11,25
2020-11-08,US,Indiana,LaPorte,3127,73,0,41.54366008,-86.74072188,18091.0,2845.624635993011,2.3345059162136232,3054,3047,73,0,2974,2951,110007,80,0,0,80,96
2020-11-08,US,Indiana,Lake,18802,392,0,41.41874274,-87.38277575,18089.0,3872.7643858922784,2.084884586746091,18410,18391,391,0,18000,17926,484411,411,1,0,410,465
2020-11-08,US,Indiana,Lawrence,1274,42,0,38.84112637,-86.48361629,18093.0,2808.022922636103,3.2967032967032965,1232,1246,42,0,1204,1219,45668,28,0,0,28,27
2020-11-08,US,Indiana,Madison,3276,107,0,40.16143691,-85.71964711,18095.0,2528.382560643364,3.2661782661782666,3169,3229,107,0,3122,3131,129641,47,0,0,47,98
2020-11-08,US,Indiana,Marion,30427,804,0,39.78163624,-86.13826325,18097.0,3154.4233668055176,2.64238998258126,29623,30001,803,0,29198,29451,954670,426,1,0,425,550
2020-11-08,US,Indiana,Marshall,1961,33,0,41.32467367,-86.26185087,18099.0,4239.266721431968,1.68281489036206,1928,1911,33,0,1878,1872,46248,50,0,0,50,39
2020-11-08,US,Indiana,Martin,243,0,0,38.7099921,-86.80373186,18101.0,2369.5758166747933,0.0,243,242,0,0,242,236,10217,1,0,0,1,6
2020-11-08,US,Indiana,Miami,951,5,0,40.76940965,-86.04525048,18103.0,2677.66640387431,0.5257623554153522,946,920,5,0,915,895,35567,31,0,0,31,25
2020-11-08,US,Indiana,Monroe,3932,42,0,39.16130004,-86.52414358,18105.0,2649.0423159582565,1.0681586978636826,3890,3861,42,0,3819,3794,146917,71,0,0,71,67
2020-11-08,US,Indiana,Montgomery,861,22,0,40.04034823,-86.89335024,18107.0,2245.813553132662,2.5551684088269453,839,841,22,0,819,820,38346,20,0,0,20,21
2020-11-08,US,Indiana,Morgan,1314,41,0,39.47899078,-86.44573375,18109.0,1864.120642937196,3.1202435312024352,1273,1292,41,0,1251,1247,70116,22,0,0,22,45
2020-11-08,US,Indiana,Newton,353,12,0,40.95610449,-87.39635768,18111.0,2524.3135011441645,3.39943342776204,341,348,12,0,336,333,14011,5,0,0,5,15
2020-11-08,US,Indiana,Noble,1613,39,0,41.39672484,-85.41966713,18113.0,3378.4349865951745,2.4178549287042777,1574,1572,38,0,1534,1544,47532,41,1,0,40,28
2020-11-08,US,Indiana,Ohio,168,7,0,38.955304999999996,-84.96515993,18115.0,2859.574468085106,4.166666666666667,161,161,7,0,154,159,5844,7,0,0,7,2
2020-11-08,US,Indiana,Orange,504,27,0,38.54118920000001,-86.49523093,18117.0,2565.4077165835283,5.357142857142857,477,496,27,0,469,492,19489,8,0,0,8,4
2020-11-08,US,Indiana,Owen,364,1,0,39.31145587,-86.83900724,18119.0,1750.0841386605123,0.27472527472527475,363,322,1,0,321,302,20845,42,0,0,42,20
2020-11-08,US,Indiana,Parke,350,6,0,39.77202286,-87.20375833,18121.0,2066.4816673554933,1.7142857142857142,344,338,6,0,332,322,16927,12,0,0,12,16
2020-11-08,US,Indiana,Perry,639,18,0,38.07809328,-86.63741946,18123.0,3333.507225207365,2.8169014084507036,621,615,17,0,598,595,19102,24,1,0,23,20
2020-11-08,US,Indiana,Pike,409,18,0,38.40112197,-87.23574907,18125.0,3301.3156832674144,4.400977995110026,391,403,18,0,385,408,12410,6,0,0,6,-5
2020-11-08,US,Indiana,Porter,4994,64,0,41.45986947,-87.06848888,18127.0,2930.9403776065355,1.2815378454144974,4930,4850,61,0,4789,4715,169594,144,3,0,141,135
2020-11-08,US,Indiana,Posey,944,11,0,38.02097333,-87.86480429,18129.0,3712.588980217879,1.1652542372881356,933,922,11,0,911,919,25540,22,0,0,22,3
2020-11-08,US,Indiana,Pulaski,253,10,0,41.04166107,-86.69890683,18131.0,2048.0854853072133,3.9525691699604737,243,245,8,0,237,234,12469,8,2,0,6,11
2020-11-08,US,Indiana,Putnam,909,21,0,39.66437981,-86.84517605,18133.0,2419.0972961464763,2.31023102310231,888,898,21,0,877,891,37779,11,0,0,11,7
2020-11-08,US,Indiana,Randolph,683,13,0,40.15734772,-85.01139319,18135.0,2769.1060206770726,1.9033674963396776,670,658,12,0,646,634,24851,25,1,0,24,24
2020-11-08,US,Indiana,Ripley,707,12,0,39.10235626,-85.26212744,18137.0,2496.116367744669,1.6973125884016973,695,691,11,0,680,672,28523,16,1,0,15,19
2020-11-08,US,Indiana,Rush,365,6,0,39.62002287,-85.4655599,18139.0,2201.3147578553767,1.643835616438356,359,360,5,0,355,348,16663,5,1,0,4,12
2020-11-08,US,Indiana,Scott,669,17,0,38.68672078,-85.74627859,18143.0,2802.328990910233,2.5411061285500747,652,657,17,0,640,649,23878,12,0,0,12,8
2020-11-08,US,Indiana,Shelby,1223,47,0,39.52305623,-85.79158570000001,18145.0,2734.2440027722505,3.8430089942763694,1176,1207,47,0,1160,1174,44593,16,0,0,16,33
2020-11-08,US,Indiana,Spencer,544,6,0,38.01519732,-87.0079644,18147.0,2682.8426295803133,1.1029411764705883,538,534,6,0,528,527,20327,10,0,0,10,7
2020-11-08,US,Indiana,St. Joseph,12089,186,0,41.61756781,-86.29040834,18141.0,4447.330277456903,1.5385887997352965,11903,11793,185,0,11608,11522,270771,296,1,0,295,271
2020-11-08,US,Indiana,Starke,628,12,0,41.27890281,-86.64686895,18149.0,2731.028484453142,1.9108280254777068,616,620,12,0,608,608,22935,8,0,0,8,12
2020-11-08,US,Indiana,Steuben,892,10,0,41.64423868,-85.00101094,18151.0,2578.481817656241,1.1210762331838564,882,861,10,0,851,845,34586,31,0,0,31,16
2020-11-08,US,Indiana,Sullivan,547,14,0,39.08952258,-87.41414469,18153.0,2646.4753979389425,2.5594149908592323,533,534,14,0,520,526,20690,13,0,0,13,8
2020-11-08,US,Indiana,Switzerland,154,0,0,38.82767338,-85.03022429,18155.0,1432.4248907078409,0.0,154,153,0,0,153,134,10717,1,0,0,1,19
2020-11-08,US,Indiana,Tippecanoe,5446,22,0,40.38872739,-86.89413959,18157.0,2782.3759017432,0.4039662137348513,5424,5294,22,0,5272,5137,193048,152,0,0,152,157
2020-11-08,US,Indiana,Tipton,360,23,0,40.31123252,-86.05234925,18159.0,2376.551359915501,6.388888888888888,337,350,23,0,327,335,15128,10,0,0,10,15
2020-11-08,US,Indiana,Unassigned,0,246,0,0.0,0.0,90018.0,0.0,0.0,-246,0,244,0,-244,0,,0,2,0,-2,0
2020-11-08,US,Indiana,Union,168,0,0,39.62550777,-84.92497066,18161.0,2381.627445421038,0.0,168,163,0,0,163,158,7037,5,0,0,5,5
2020-11-08,US,Indiana,Vanderburgh,7383,88,0,38.02658833,-87.58763124,18163.0,4068.867077062127,1.1919274007855885,7295,7241,88,0,7153,7158,180974,142,0,0,142,83
2020-11-08,US,Indiana,Vermillion,362,2,0,39.8523352,-87.46160542,18165.0,2335.785262614531,0.5524861878453039,360,348,2,0,346,342,15479,14,0,0,14,6
2020-11-08,US,Indiana,Vigo,3646,56,0,39.42944561,-87.39169027,18167.0,3406.2669332386627,1.5359297860669228,3590,3509,56,0,3453,3428,107386,137,0,0,137,81
2020-11-08,US,Indiana,Wabash,793,14,0,40.84704239,-85.79328272,18169.0,2558.3946315653634,1.7654476670870114,779,757,13,0,744,719,31280,36,1,0,35,38
2020-11-08,US,Indiana,Warren,146,1,0,40.34728141,-87.35602659,18171.0,1766.4851784634,0.6849315068493149,145,143,1,0,142,138,8263,3,0,0,3,5
2020-11-08,US,Indiana,Warrick,2461,67,0,38.08922676,-87.2716085,18173.0,3906.4732213721063,2.7224705404307192,2394,2423,67,0,2356,2397,62567,38,0,0,38,26
2020-11-08,US,Indiana,Washington,479,4,0,38.60219804,-86.1049363,18175.0,1708.5176202025964,0.8350730688935282,475,471,4,0,467,462,27943,8,0,0,8,9
2020-11-08,US,Indiana,Wayne,2037,41,0,39.863344399999995,-85.01044989,18177.0,3091.7977050573736,2.0127638684339715,1996,1976,41,0,1935,1939,65936,61,0,0,61,37
2020-11-08,US,Indiana,Wells,696,15,0,40.72934187,-85.22132966,18179.0,2459.7116200169635,2.155172413793104,681,677,15,0,662,643,28206,19,0,0,19,34
2020-11-08,US,Indiana,White,801,17,0,40.74911165,-86.86492015,18181.0,3323.3756534727413,2.1223470661672907,784,789,17,0,772,767,24133,12,0,0,12,22
2020-11-08,US,Indiana,Whitley,738,6,0,41.13863784,-85.50791236,18183.0,2172.8889412318927,0.8130081300813008,732,716,6,0,710,692,34074,22,0,0,22,24
2020-11-08,US,Iowa,Adair,282,3,0,41.33075609,-94.47105874,19001.0,3942.9530201342277,1.0638297872340423,279,266,3,0,263,261,7063,16,0,0,16,5
2020-11-08,US,Iowa,Adams,104,1,0,41.02903567,-94.69932645,19003.0,2887.2848417545815,0.9615384615384616,103,96,1,0,95,93,3645,8,0,0,8,3
2020-11-08,US,Iowa,Allamakee,495,9,0,43.28383218,-91.37860922,19005.0,3616.5704683276094,1.818181818181818,486,487,9,0,478,480,13832,8,0,0,8,7
2020-11-08,US,Iowa,Appanoose,415,3,0,40.74324454,-92.86865906,19007.0,3339.771446966038,0.7228915662650602,412,377,3,0,374,361,12437,38,0,0,38,16
2020-11-08,US,Iowa,Audubon,228,1,0,41.6844628,-94.90581859,19009.0,4148.471615720524,0.43859649122807015,227,225,1,0,224,220,5506,3,0,0,3,5
2020-11-08,US,Iowa,Benton,988,6,0,42.08011739,-92.06463573,19011.0,3852.602846558783,0.6072874493927125,982,928,6,0,922,885,25642,60,0,0,60,43
2020-11-08,US,Iowa,Black Hawk,7627,108,0,42.4704581,-92.30524729,19013.0,5812.0218246106015,1.4160220270093091,7519,7428,108,0,7320,7236,132408,199,0,0,199,192
2020-11-08,US,Iowa,Boone,927,10,0,42.03657094,-93.9313999,19015.0,3533.582374018449,1.0787486515641855,917,895,10,0,885,877,26346,32,0,0,32,18
2020-11-08,US,Iowa,Bremer,1102,11,0,42.77461496,-92.31795937,19017.0,4397.095203894342,0.998185117967332,1091,1040,11,0,1029,994,24947,62,0,0,62,46
2020-11-08,US,Iowa,Buchanan,701,5,0,42.4709188,-91.83510825,19019.0,3310.507674144038,0.7132667617689016,696,672,5,0,667,642,21199,29,0,0,29,30
2020-11-08,US,Iowa,Buena Vista,2522,13,0,42.73545875,-95.15100162,19021.0,12854.230377166155,0.5154639175257731,2509,2494,13,0,2481,2454,19874,28,0,0,28,40
2020-11-08,US,Iowa,Butler,582,3,0,42.73172833,-92.79015971,19023.0,4030.750051942655,0.5154639175257731,579,548,3,0,545,531,14539,34,0,0,34,17
2020-11-08,US,Iowa,Calhoun,654,5,0,42.38521079,-94.64046046,19025.0,6764.584195283411,0.764525993883792,649,631,5,0,626,468,9699,23,0,0,23,163
2020-11-08,US,Iowa,Carroll,1471,14,0,42.03617207,-94.86032705,19027.0,7294.81775353335,0.9517335146159076,1457,1433,14,0,1419,1399,20154,38,0,0,38,34
2020-11-08,US,Iowa,Cass,583,10,0,41.33149454,-94.92792482,19029.0,4541.91336865067,1.7152658662092624,573,570,10,0,560,560,12930,13,0,0,13,10
2020-11-08,US,Iowa,Cedar,672,9,0,41.77233777,-91.13246684,19031.0,3607.666290868095,1.3392857142857142,663,640,9,0,631,626,18627,32,0,0,32,14
2020-11-08,US,Iowa,Cerro Gordo,2035,30,0,43.08177563,-93.2612239,19033.0,4793.875147232036,1.4742014742014742,2005,1985,30,0,1955,1886,42647,50,0,0,50,99
2020-11-08,US,Iowa,Cherokee,527,3,0,42.73538914,-95.62389402,19035.0,4690.698709390298,0.5692599620493358,524,513,3,0,510,506,11321,14,0,0,14,7
2020-11-08,US,Iowa,Chickasaw,479,1,0,43.06001295,-92.31773347,19037.0,4014.078605547641,0.20876826722338204,478,460,1,0,459,447,11964,19,0,0,19,13
2020-11-08,US,Iowa,Clarke,398,3,0,41.02868181,-93.78499767,19039.0,4236.295902075573,0.7537688442211056,395,393,3,0,390,389,9423,5,0,0,5,4
2020-11-08,US,Iowa,Clay,717,4,0,43.08247182,-95.15096481,19041.0,4476.773226773227,0.5578800557880056,713,697,4,0,693,679,16134,20,0,0,20,18
2020-11-08,US,Iowa,Clayton,682,4,0,42.84443388,-91.34133693,19043.0,3886.261325431648,0.5865102639296188,678,667,4,0,663,659,17556,15,0,0,15,8
2020-11-08,US,Iowa,Clinton,2038,30,0,41.89981633,-90.53275096,19045.0,4389.49794309591,1.4720314033366044,2008,1917,30,0,1887,1845,46518,121,0,0,121,72
2020-11-08,US,Iowa,Crawford,1500,15,0,42.03718237,-95.3819718,19047.0,8917.9548156956,1.0,1485,1492,15,0,1477,1484,17158,8,0,0,8,8
2020-11-08,US,Iowa,Dallas,4414,51,0,41.68560356,-94.04127625,19049.0,4723.229858859534,1.1554145899410966,4363,4294,51,0,4243,4150,90180,120,0,0,120,144
2020-11-08,US,Iowa,Davis,263,4,0,40.74773536,-92.41005468,19051.0,2922.222222222222,1.520912547528517,259,255,4,0,251,244,9017,8,0,0,8,11
2020-11-08,US,Iowa,Decatur,218,0,0,40.73742757,-93.78645949,19053.0,2770.012706480305,0.0,218,218,0,0,218,212,7890,0,0,0,0,6
2020-11-08,US,Iowa,Delaware,1034,16,0,42.47104597,-91.3664492,19055.0,6078.419845982012,1.5473887814313343,1018,1000,16,0,984,975,17069,34,0,0,34,25
2020-11-08,US,Iowa,Des Moines,2001,13,0,40.92012606,-91.18326592,19057.0,5135.114327507891,0.6496751624187906,1988,1943,13,0,1930,1891,39138,58,0,0,58,52
2020-11-08,US,Iowa,Dickinson,950,9,0,43.37787725,-95.1510206,19059.0,5504.6934754896265,0.9473684210526316,941,936,9,0,927,916,17153,14,0,0,14,20
2020-11-08,US,Iowa,Dubuque,6842,69,0,42.46815349,-90.88181925,19061.0,7031.065347185827,1.0084770534931309,6773,6649,69,0,6580,6457,96854,193,0,0,193,192
2020-11-08,US,Iowa,Emmet,515,21,0,43.37782951,-94.67858943,19063.0,5592.962641181582,4.077669902912621,494,511,21,0,490,498,9253,4,0,0,4,13
2020-11-08,US,Iowa,Fayette,590,6,0,42.86271799,-91.84412309999999,19065.0,3002.5445292620866,1.0169491525423728,584,560,6,0,554,544,19660,30,0,0,30,16
2020-11-08,US,Iowa,Floyd,582,11,0,43.06000529999999,-92.78940097,19067.0,3720.7518220176453,1.8900343642611683,571,560,11,0,549,550,15761,22,0,0,22,10
2020-11-08,US,Iowa,Franklin,470,19,0,42.73270384,-93.26256925,19069.0,4667.328699106256,4.042553191489361,451,465,19,0,446,450,10124,5,0,0,5,15
2020-11-08,US,Iowa,Fremont,255,2,0,40.74542720000001,-95.60129045,19071.0,3663.793103448276,0.7843137254901961,253,249,2,0,247,243,6993,6,0,0,6,6
2020-11-08,US,Iowa,Greene,285,0,0,42.03614551,-94.39658081,19073.0,3206.5706570657067,0.0,285,262,0,0,262,252,8981,23,0,0,23,10
2020-11-08,US,Iowa,Grundy,482,6,0,42.40183723,-92.78829551,19075.0,3940.4839764552003,1.2448132780082988,476,463,6,0,457,444,12304,19,0,0,19,19
2020-11-08,US,Iowa,Guthrie,505,15,0,41.68378965,-94.50111014,19077.0,4724.483113481148,2.9702970297029703,490,500,15,0,485,489,10720,5,0,0,5,11
2020-11-08,US,Iowa,Hamilton,583,6,0,42.38382428,-93.70197703,19079.0,3946.3886820551006,1.0291595197255574,577,572,6,0,566,552,14952,11,0,0,11,20
2020-11-08,US,Iowa,Hancock,531,6,0,43.08178477,-93.73454884,19081.0,4995.296331138288,1.1299435028248588,525,525,6,0,519,497,10712,6,0,0,6,28
2020-11-08,US,Iowa,Hardin,687,8,0,42.38353877,-93.23654611,19083.0,4078.119434880685,1.1644832605531297,679,668,8,0,660,640,16868,19,0,0,19,28
2020-11-08,US,Iowa,Harrison,823,21,0,41.68330137,-95.81558439,19085.0,5858.068189906755,2.5516403402187118,802,803,21,0,782,797,14134,20,0,0,20,6
2020-11-08,US,Iowa,Henry,1322,7,0,40.98767962,-91.54436349,19087.0,6625.238047509271,0.529500756429652,1315,1297,6,0,1291,1263,20067,25,1,0,24,34
2020-11-08,US,Iowa,Howard,326,9,0,43.35671042,-92.31702714,19089.0,3559.7291985149595,2.7607361963190185,317,324,9,0,315,321,9187,2,0,0,2,3
2020-11-08,US,Iowa,Humboldt,468,3,0,42.7764426,-94.20722537,19091.0,4896.421845574388,0.6410256410256411,465,458,3,0,455,447,9547,10,0,0,10,11
2020-11-08,US,Iowa,Ida,311,3,0,42.38696136,-95.51355387,19093.0,4533.527696793003,0.964630225080386,308,306,3,0,303,295,6841,5,0,0,5,11
2020-11-08,US,Iowa,Iowa,599,11,0,41.68630265,-92.0643373,19095.0,3701.1863568957,1.8363939899833053,588,582,11,0,571,558,16141,17,0,0,17,24
2020-11-08,US,Iowa,Jackson,1003,5,0,42.17178824,-90.57354837,19097.0,5159.7304388085795,0.4985044865403789,998,961,5,0,956,915,19432,42,0,0,42,46
2020-11-08,US,Iowa,Jasper,1556,34,0,41.68576082,-93.05567785,19099.0,4184.48299045314,2.185089974293059,1522,1511,34,0,1477,1463,37147,45,0,0,45,48
2020-11-08,US,Iowa,Jefferson,354,1,0,41.03192394,-91.94849466,19101.0,1934.9549057119434,0.2824858757062147,353,346,1,0,345,336,18381,8,0,0,8,10
2020-11-08,US,Iowa,Johnson,7051,33,0,41.67169354,-91.58754744,19103.0,4665.2110625909745,0.4680187207488299,7018,6868,33,0,6835,6720,151260,183,0,0,183,148
2020-11-08,US,Iowa,Jones,1375,4,0,42.12118609,-91.13139641,19105.0,6648.61467047048,0.2909090909090909,1371,1311,4,0,1307,1262,20744,64,0,0,64,49
2020-11-08,US,Iowa,Keokuk,314,1,0,41.33649833,-92.1785067,19107.0,3064.6105797384344,0.3184713375796178,313,291,1,0,290,271,10225,23,0,0,23,20
2020-11-08,US,Iowa,Kossuth,633,1,0,43.20405458,-94.20691791,19109.0,4273.27347600081,0.1579778830963665,632,599,1,0,598,572,14908,34,0,0,34,27
2020-11-08,US,Iowa,Lee,1344,14,0,40.64181461,-91.48183025,19111.0,3993.2257776985466,1.0416666666666667,1330,1282,14,0,1268,1237,34055,62,0,0,62,45
2020-11-08,US,Iowa,Linn,8816,140,0,42.07923082,-91.59809485,19113.0,3888.736954469665,1.5880217785843918,8676,8375,140,0,8235,8014,225909,441,0,0,441,361
2020-11-08,US,Iowa,Louisa,632,15,0,41.21842119,-91.26102611,19115.0,5727.231536021749,2.373417721518988,617,617,15,0,602,611,11169,15,0,0,15,6
2020-11-08,US,Iowa,Lucas,250,6,0,41.02958964,-93.32780803,19117.0,2906.9767441860467,2.4,244,245,6,0,239,242,8645,5,0,0,5,3
2020-11-08,US,Iowa,Lyon,649,8,0,43.38107862,-96.20926845,19119.0,5521.054870267973,1.2326656394453004,641,634,8,0,626,627,11811,15,0,0,15,7
2020-11-08,US,Iowa,Madison,460,4,0,41.33081904,-94.01554631,19121.0,2815.52209572775,0.8695652173913043,456,446,4,0,442,434,16249,14,0,0,14,12
2020-11-08,US,Iowa,Mahaska,923,26,0,41.33521503,-92.64083907,19123.0,4177.4157049106125,2.8169014084507036,897,898,25,0,873,869,22000,25,1,0,24,29
2020-11-08,US,Iowa,Marion,1377,13,0,41.33445101,-93.09934783,19125.0,4140.979761224551,0.944081336238199,1364,1331,13,0,1318,1292,33407,46,0,0,46,39
2020-11-08,US,Iowa,Marshall,2588,37,0,42.03586837,-92.99908190000001,19127.0,6573.700119383271,1.42967542503864,2551,2533,37,0,2496,2473,39981,55,0,0,55,60
2020-11-08,US,Iowa,Mills,612,3,0,41.03299766,-95.61920963,19129.0,4050.565887881395,0.4901960784313725,609,587,3,0,584,556,15063,25,0,0,25,31
2020-11-08,US,Iowa,Mitchell,422,2,0,43.35638371,-92.78887719,19131.0,3986.397128282637,0.4739336492890995,420,412,2,0,410,397,10569,10,0,0,10,15
2020-11-08,US,Iowa,Monona,298,2,0,42.05220391,-95.95743843,19133.0,3459.082994776553,0.6711409395973155,296,291,2,0,289,287,8679,7,0,0,7,4
2020-11-08,US,Iowa,Monroe,321,12,0,41.02988815,-92.8690667,19135.0,4165.044764499806,3.7383177570093458,309,313,12,0,301,304,7790,8,0,0,8,9
2020-11-08,US,Iowa,Montgomery,268,7,0,41.03018714,-95.15642896,19137.0,2702.4301704144395,2.611940298507463,261,261,7,0,254,246,10003,7,0,0,7,15
2020-11-08,US,Iowa,Muscatine,1890,60,0,41.48370744,-91.11216970000001,19139.0,4429.964372773297,3.1746031746031744,1830,1810,60,0,1750,1776,42929,80,0,0,80,34
2020-11-08,US,Iowa,O'Brien,952,19,0,43.08310673,-95.62474482,19141.0,6922.126081582201,1.9957983193277309,933,937,18,0,919,908,13840,15,1,0,14,29
2020-11-08,US,Iowa,Osceola,356,0,0,43.37824276,-95.62422844,19143.0,5975.159449479691,0.0,356,350,0,0,350,342,6040,6,0,0,6,8
2020-11-08,US,Iowa,Page,682,1,0,40.7393172,-95.1497813,19145.0,4514.463493744623,0.1466275659824047,681,652,1,0,651,602,15249,30,0,0,30,50
2020-11-08,US,Iowa,Palo Alto,409,2,0,43.08193849,-94.67824621,19147.0,4602.745892415035,0.4889975550122249,407,400,2,0,398,391,8929,9,0,0,9,9
2020-11-08,US,Iowa,Plymouth,2118,34,0,42.737633,-96.21366621,19149.0,8412.439925328674,1.6052880075542966,2084,2059,34,0,2025,2011,25095,59,0,0,59,48
2020-11-08,US,Iowa,Pocahontas,354,2,0,42.73420133,-94.67862564,19151.0,5348.239915395076,0.5649717514124294,352,337,2,0,335,321,6740,17,0,0,17,16
2020-11-08,US,Iowa,Polk,23562,297,0,41.68679484,-93.57767461,19153.0,4806.9919883466855,1.2605042016806722,23265,22879,297,0,22582,22359,487204,683,0,0,683,520
2020-11-08,US,Iowa,Pottawattamie,4084,49,0,41.33640314,-95.53907776,19155.0,4381.692165740403,1.1998041136141038,4035,3989,49,0,3940,3875,93533,95,0,0,95,114
2020-11-08,US,Iowa,Poweshiek,651,11,0,41.68625425,-92.53155731,19157.0,3518.158236057069,1.6897081413210446,640,621,11,0,610,598,18699,30,0,0,30,23
2020-11-08,US,Iowa,Ringgold,124,2,0,40.73518949,-94.24368535,19159.0,2533.71475275848,1.6129032258064515,122,122,2,0,120,118,4968,2,0,0,2,4
2020-11-08,US,Iowa,Sac,537,5,0,42.38624071,-95.10547892,19161.0,5524.123032609815,0.931098696461825,532,512,5,0,507,498,9719,25,0,0,25,14
2020-11-08,US,Iowa,Scott,6585,51,0,41.63935978,-90.61959493,19163.0,3807.6129129250676,0.7744874715261959,6534,6258,51,0,6207,6043,173283,327,0,0,327,215
2020-11-08,US,Iowa,Shelby,529,2,0,41.6850066,-95.31015553,19165.0,4618.4738955823295,0.3780718336483932,527,491,2,0,489,480,11578,38,0,0,38,11
2020-11-08,US,Iowa,Sioux,2908,20,0,43.08221074,-96.17675679999999,19167.0,8343.135848515278,0.687757909215956,2888,2870,20,0,2850,2836,34909,38,0,0,38,34
2020-11-08,US,Iowa,Story,4818,18,0,42.03621213,-93.46499005,19169.0,4961.026390848152,0.37359900373599,4800,4753,18,0,4735,4658,98105,65,0,0,65,95
2020-11-08,US,Iowa,Tama,1170,38,0,42.07991767,-92.53266945,19171.0,6941.97223211107,3.247863247863248,1132,1153,38,0,1115,1127,16904,17,0,0,17,26
2020-11-08,US,Iowa,Taylor,322,2,0,40.73710579,-94.69778563,19173.0,5260.57833687306,0.6211180124223602,320,312,2,0,310,304,6191,10,0,0,10,8
2020-11-08,US,Iowa,Unassigned,236,0,0,0.0,0.0,90019.0,0.0,0.0,236,270,0,0,270,112,,-34,0,0,-34,158
2020-11-08,US,Iowa,Union,374,6,0,41.0277278,-94.24234847,19175.0,3055.305939057266,1.60427807486631,368,349,6,0,343,334,12359,25,0,0,25,15
2020-11-08,US,Iowa,Van Buren,238,2,0,40.75326764,-91.95017958,19177.0,3378.762067007382,0.8403361344537815,236,234,2,0,232,230,7020,4,0,0,4,4
2020-11-08,US,Iowa,Wapello,1858,64,0,41.03064984,-92.40954728,19179.0,5313.277474334411,3.444564047362756,1794,1822,64,0,1758,1781,35205,36,0,0,36,41
2020-11-08,US,Iowa,Warren,1708,9,0,41.33559454,-93.56007641,19181.0,3318.695838028991,0.5269320843091335,1699,1637,9,0,1628,1575,51056,71,0,0,71,62
2020-11-08,US,Iowa,Washington,864,12,0,41.33577126,-91.71725711,19183.0,3933.5306168905076,1.3888888888888888,852,848,12,0,836,826,22141,16,0,0,16,22
2020-11-08,US,Iowa,Wayne,230,4,0,40.73969028,-93.32752197,19185.0,3570.8740878745534,1.7391304347826086,226,220,4,0,216,217,6401,10,0,0,10,3
2020-11-08,US,Iowa,Webster,2406,18,0,42.42853483,-94.17987389,19187.0,6701.20320855615,0.7481296758104738,2388,2379,18,0,2361,2300,36277,27,0,0,27,79
2020-11-08,US,Iowa,Winnebago,626,20,0,43.37751174,-93.73407298,19189.0,6045.972570987058,3.194888178913738,606,613,20,0,593,596,10518,13,0,0,13,17
2020-11-08,US,Iowa,Winneshiek,633,9,0,43.29094334,-91.84422722,19191.0,3166.424891201041,1.4218009478672986,624,613,9,0,604,594,20029,20,0,0,20,19
2020-11-08,US,Iowa,Woodbury,8399,102,0,42.38979414,-96.0459439,19193.0,8145.9066794689015,1.214430289320157,8297,8287,102,0,8185,8181,102539,112,0,0,112,106
2020-11-08,US,Iowa,Worth,207,0,0,43.37750768,-93.26087602,19195.0,2804.4980354965446,0.0,207,204,0,0,204,194,7453,3,0,0,3,10
2020-11-08,US,Iowa,Wright,917,1,0,42.73305373,-93.73515113,19197.0,7299.793026588122,0.10905125408942204,916,907,1,0,906,884,12690,10,0,0,10,23
2020-11-08,US,Kansas,Allen,189,1,0,37.88582951,-95.30030847,20001.0,1414.827391058291,0.5714285714285714,188,175,1,0,174,175,12444,14,0,0,14,0
2020-11-08,US,Kansas,Anderson,284,0,0,38.21413251,-95.29272815,20003.0,3346.9076100789007,0.0,284,263,0,0,263,263,7878,21,0,0,21,0
2020-11-08,US,Kansas,Atchison,620,7,0,39.53185661,-95.30870026,20005.0,3857.400609718161,1.1290322580645162,613,620,7,0,613,620,16193,0,0,0,0,0
2020-11-08,US,Kansas,Barber,120,0,0,37.2288586,-98.68460053,20007.0,2349.220691213011,0.0,120,104,0,0,104,104,4472,16,0,0,16,0
2020-11-08,US,Kansas,Barton,1010,7,0,38.47889676,-98.75636726,20009.0,3623.104076961869,0.7494646680942184,1003,934,7,0,927,934,26111,76,0,0,76,0
2020-11-08,US,Kansas,Bourbon,343,3,0,37.85508555,-94.84865997,20011.0,2318.700977019403,0.8902077151335311,340,337,3,0,334,337,14653,6,0,0,6,0
2020-11-08,US,Kansas,Brown,361,6,0,39.82652589,-95.56421698,20013.0,3408.615641990799,1.8404907975460123,355,332,6,0,326,332,9598,29,0,0,29,0
2020-11-08,US,Kansas,Butler,1954,3,0,37.78134351,-96.83878537,20015.0,1775.4928188190286,0.2525252525252525,1951,1826,3,0,1823,1826,66765,128,0,0,128,0
2020-11-08,US,Kansas,Chase,120,3,0,38.30292938,-96.59563862,20017.0,4456.19335347432,2.5423728813559316,117,118,3,0,115,118,2629,2,0,0,2,0
2020-11-08,US,Kansas,Chautauqua,33,0,0,37.14994405,-96.2454192,20019.0,738.4615384615387,0.0,33,33,0,0,33,33,3309,0,0,0,0,0
2020-11-08,US,Kansas,Cherokee,815,7,0,37.16928494,-94.8462897,20021.0,4087.466773659662,0.8588957055214724,808,815,7,0,808,785,20015,0,0,0,0,30
2020-11-08,US,Kansas,Cheyenne,158,6,0,39.78580976,-101.7318201,20023.0,5043.281896876176,4.477611940298506,152,156,6,0,150,156,2660,2,0,0,2,0
2020-11-08,US,Kansas,Clark,82,4,0,37.23577007,-99.81883015,20025.0,3861.584754262789,5.194805194805196,78,80,4,0,76,80,2005,2,0,0,2,0
2020-11-08,US,Kansas,Clay,203,3,0,39.34948772,-97.16518128,20027.0,2161.959510122469,1.7341040462427746,200,173,3,0,170,173,7997,30,0,0,30,0
2020-11-08,US,Kansas,Cloud,329,1,0,39.48028352,-97.64925343,20029.0,3073.0707944457095,0.3703703703703704,328,270,1,0,269,270,8729,59,0,0,59,0
2020-11-08,US,Kansas,Coffey,217,9,0,38.2365018,-95.73379515,20031.0,2420.833842768065,4.545454545454546,208,201,9,0,192,201,8233,16,0,0,16,0
2020-11-08,US,Kansas,Comanche,23,0,0,37.19114520000001,-99.27113247,20033.0,1352.9411764705885,0.0,23,23,0,0,23,23,1748,0,0,0,0,0
2020-11-08,US,Kansas,Cowley,793,10,0,37.23781842,-96.83776647,20035.0,2036.782399449983,1.4064697609001406,783,711,10,0,701,711,35218,82,0,0,82,0
2020-11-08,US,Kansas,Crawford,1718,14,0,37.50675523,-94.85245778,20037.0,4142.408161162347,0.8706467661691543,1704,1656,14,0,1642,1656,39019,62,0,0,62,0
2020-11-08,US,Kansas,Decatur,175,1,0,39.78468441,-100.45940809999999,20039.0,5447.470817120623,0.6493506493506493,174,168,1,0,167,168,2871,7,0,0,7,0
2020-11-08,US,Kansas,Dickinson,483,5,0,38.86600962,-97.15532383,20041.0,2420.6650059568938,1.1185682326621924,478,447,5,0,442,447,18717,36,0,0,36,0
2020-11-08,US,Kansas,Doniphan,270,1,0,39.79067154,-95.14056866,20043.0,2986.842105263158,0.4405286343612335,269,245,1,0,244,245,7682,25,0,0,25,0
2020-11-08,US,Kansas,Douglas,3278,19,0,38.88503636,-95.2925121,20045.0,2681.193204590255,0.5796217205613179,3259,3278,19,0,3259,3278,121436,0,0,0,0,0
2020-11-08,US,Kansas,Edwards,98,0,0,37.88735543,-99.31263309,20047.0,3502.501786990708,0.0,98,98,0,0,98,98,2849,0,0,0,0,0
2020-11-08,US,Kansas,Elk,23,0,0,37.45338105,-96.24369667,20049.0,790.5138339920949,0.0,23,20,0,0,20,20,2508,3,0,0,3,0
2020-11-08,US,Kansas,Ellis,1634,18,0,38.91458712,-99.31751551,20051.0,5554.582705845271,1.1349306431273645,1616,1586,18,0,1568,1586,28710,48,0,0,48,0
2020-11-08,US,Kansas,Ellsworth,448,3,0,38.69677695,-98.20462799,20053.0,7276.30285152409,0.6756756756756757,445,444,3,0,441,444,6196,4,0,0,4,0
2020-11-08,US,Kansas,Finney,3485,20,0,38.04340344,-100.73819379999999,20055.0,9556.585405983493,0.5738880918220947,3465,3485,20,0,3465,3485,36611,0,0,0,0,0
2020-11-08,US,Kansas,Ford,3915,13,0,37.69200114,-99.88825298,20057.0,11558.939885183974,0.33453422542460115,3902,3886,13,0,3873,3886,33888,29,0,0,29,0
2020-11-08,US,Kansas,Franklin,761,5,0,38.56443815,-95.28644341,20059.0,2650.328844347009,0.7385524372230429,756,677,5,0,672,677,25631,84,0,0,84,0
2020-11-08,US,Kansas,Geary,654,4,0,38.99871131,-96.7577178,20061.0,1386.169876855068,0.9111617312072892,650,630,4,0,626,630,32594,24,0,0,24,0
2020-11-08,US,Kansas,Gove,233,19,0,38.91588178,-100.4829321,20063.0,8345.978755690441,8.636363636363637,214,226,19,0,207,226,2612,7,0,0,7,0
2020-11-08,US,Kansas,Graham,76,1,0,39.34987223,-99.88332493,20065.0,2820.3062046736504,1.4285714285714286,75,73,1,0,72,73,2492,3,0,0,3,0
2020-11-08,US,Kansas,Grant,537,8,0,37.56227336,-101.3079758,20067.0,7510.4895104895095,1.48975791433892,529,531,8,0,523,512,7336,6,0,0,6,19
2020-11-08,US,Kansas,Gray,263,2,0,37.73836671,-100.4369088,20069.0,3523.714094856379,0.9478672985781992,261,252,2,0,250,252,6033,11,0,0,11,0
2020-11-08,US,Kansas,Greeley,54,0,0,38.4808095,-101.8061079,20071.0,4139.61038961039,0.0,54,52,0,0,52,52,1227,2,0,0,2,0
2020-11-08,US,Kansas,Greenwood,142,0,0,37.8774388,-96.23250453,20073.0,2373.7880307589435,0.0,142,142,0,0,142,142,6055,0,0,0,0,0
2020-11-08,US,Kansas,Hamilton,75,0,0,37.99978709,-101.7921066,20075.0,2520.677432059866,0.0,75,70,0,0,70,70,2607,5,0,0,5,0
2020-11-08,US,Kansas,Harper,196,3,0,37.19175361,-98.07578384,20077.0,3513.612950699044,1.5706806282722514,193,191,3,0,188,191,5506,5,0,0,5,0
2020-11-08,US,Kansas,Harvey,1048,8,0,38.04293782,-97.42747573,20079.0,2300.3863022452,1.0101010101010102,1040,946,8,0,938,946,34210,102,0,0,102,0
2020-11-08,US,Kansas,Haskell,190,1,0,37.562039399999996,-100.8710738,20081.0,4637.096774193548,0.5434782608695652,189,184,1,0,183,184,3997,6,0,0,6,0
2020-11-08,US,Kansas,Hodgeman,89,0,0,38.08780079,-99.89829881,20083.0,4626.532887402453,0.0,89,85,0,0,85,85,1818,4,0,0,4,0
2020-11-08,US,Kansas,Jackson,422,4,0,39.41673394,-95.79356799,20085.0,3067.3449244552417,0.99009900990099,418,404,4,0,400,398,13280,18,0,0,18,6
2020-11-08,US,Kansas,Jefferson,398,6,0,39.2347941,-95.38289232,20087.0,1864.202069001733,1.6901408450704225,392,366,6,0,360,366,18975,32,0,0,32,0
2020-11-08,US,Kansas,Jewell,33,1,0,39.78470589,-98.21820662,20089.0,1111.4970475859673,3.125,32,32,1,0,31,32,2841,1,0,0,1,0
2020-11-08,US,Kansas,Johnson,18783,233,0,38.88548175,-94.82250877,20091.0,2813.2423418951826,1.3748746090753523,18550,17858,233,0,17625,17858,597555,925,0,0,925,0
2020-11-08,US,Kansas,Kearny,190,6,0,38.00017981,-101.32168100000001,20093.0,4507.55601875977,3.4682080924855487,184,181,6,0,175,181,3943,9,0,0,9,0
2020-11-08,US,Kansas,Kingman,188,3,0,37.55909527,-98.13638678,20095.0,2153.2438478747204,1.9480519480519483,185,179,3,0,176,179,7310,9,0,0,9,0
2020-11-08,US,Kansas,Kiowa,83,0,0,37.55848695,-99.2856537,20097.0,2787.878787878788,0.0,83,79,0,0,79,79,2516,4,0,0,4,0
2020-11-08,US,Kansas,Labette,499,6,0,37.19113093,-95.29849679,20099.0,2304.0065246202466,1.327433628318584,493,461,6,0,455,461,19964,38,0,0,38,0
2020-11-08,US,Kansas,Lane,43,0,0,38.48119447,-100.46607540000001,20101.0,2605.863192182411,0.0,43,41,0,0,41,41,1560,2,0,0,2,0
2020-11-08,US,Kansas,Leavenworth,2913,21,0,39.20183497,-95.03620809,20103.0,3362.362093006189,0.7639141506002183,2892,2830,21,0,2809,2830,81352,83,0,0,83,0
2020-11-08,US,Kansas,Lincoln,26,1,0,39.04549684,-98.20756994,20105.0,776.5023632680621,4.3478260869565215,25,25,1,0,24,25,3023,1,0,0,1,0
2020-11-08,US,Kansas,Linn,166,1,0,38.21267844,-94.84254089,20107.0,1494.3831804596514,0.6896551724137931,165,158,1,0,157,158,9750,8,0,0,8,0
2020-11-08,US,Kansas,Logan,161,0,0,38.91735806,-101.148475,20109.0,5082.319255547602,0.0,161,153,0,0,153,153,2844,8,0,0,8,0
2020-11-08,US,Kansas,Lyon,1607,41,0,38.45576156,-96.15275715,20111.0,4645.277903298689,2.658884565499352,1566,1542,41,0,1501,1542,33406,65,0,0,65,0
2020-11-08,US,Kansas,Marion,260,1,0,38.35855394,-97.09852509999999,20115.0,1539.885560417368,0.5464480874316939,259,236,1,0,235,236,11950,24,0,0,24,0
2020-11-08,US,Kansas,Marshall,206,0,0,39.78359669,-96.52278974,20117.0,1164.1083753991966,0.0,206,160,0,0,160,160,9722,46,0,0,46,0
2020-11-08,US,Kansas,McPherson,690,8,0,38.39184858,-97.64769869,20113.0,2361.432275243501,1.1869436201780414,682,674,8,0,666,597,28537,16,0,0,16,77
2020-11-08,US,Kansas,Meade,196,1,0,37.23859987,-100.36483100000001,20119.0,3818.497396479048,0.6493506493506493,195,188,1,0,187,188,4146,8,0,0,8,0
2020-11-08,US,Kansas,Miami,680,2,0,38.56383358,-94.83832189,20121.0,1767.0940795046295,0.3305785123966942,678,648,2,0,646,648,33680,32,0,0,32,0
2020-11-08,US,Kansas,Mitchell,79,0,0,39.39331582,-98.20906732,20123.0,1170.7643418631876,0.0,79,71,0,0,71,71,6150,8,0,0,8,0
2020-11-08,US,Kansas,Montgomery,789,6,0,37.19236568,-95.74329258,20125.0,2218.102987841277,0.8498583569405099,783,767,6,0,761,767,32120,22,0,0,22,0
2020-11-08,US,Kansas,Morris,97,0,0,38.68827511,-96.65128437,20127.0,1512.455516014235,0.0,97,91,0,0,91,91,5521,6,0,0,6,0
2020-11-08,US,Kansas,Morton,73,2,0,37.19141121,-101.79925190000002,20129.0,2164.6695013529184,3.571428571428572,71,69,2,0,67,69,2667,4,0,0,4,0
2020-11-08,US,Kansas,Nemaha,552,4,0,39.78345387,-96.01392079,20131.0,4085.622128824162,0.9569377990430622,548,500,4,0,496,500,10155,52,0,0,52,0
2020-11-08,US,Kansas,Neosho,406,0,0,37.55862897,-95.30670046,20133.0,2180.2961204473045,0.0,406,356,0,0,356,356,15951,50,0,0,50,0
2020-11-08,US,Kansas,Ness,167,9,0,38.47974157,-99.91547333,20135.0,6072.727272727273,5.389221556886229,158,167,9,0,158,167,2840,0,0,0,0,0
2020-11-08,US,Kansas,Norton,934,20,0,39.78443827,-99.90286639,20137.0,17422.122738295093,2.1413276231263385,914,934,20,0,914,934,5430,0,0,0,0,0
2020-11-08,US,Kansas,Osage,236,5,0,38.65235984,-95.72707998,20139.0,1216.3772023324345,2.5773195876288657,231,203,5,0,198,203,15941,33,0,0,33,0
2020-11-08,US,Kansas,Osborne,46,0,0,39.3503437,-98.76753828,20141.0,760.0116924875767,0.0,46,45,0,0,45,45,3475,1,0,0,1,0
2020-11-08,US,Kansas,Ottawa,145,0,0,39.13237408,-97.65020313,20143.0,2244.039270687237,0.0,145,135,0,0,135,135,5802,10,0,0,10,0
2020-11-08,US,Kansas,Pawnee,468,1,0,38.18108732,-99.23692334,20145.0,6859.993763642033,0.2272727272727273,467,458,1,0,457,458,6562,10,0,0,10,0
2020-11-08,US,Kansas,Phillips,279,9,0,39.78465501,-99.34668865,20147.0,5005.731753916699,3.435114503816794,270,264,9,0,255,264,5317,15,0,0,15,0
2020-11-08,US,Kansas,Pottawatomie,487,0,0,39.37925655,-96.34564657,20149.0,1759.4225484969033,0.0,487,455,0,0,455,455,24277,32,0,0,32,0
2020-11-08,US,Kansas,Pratt,300,0,0,37.64780729,-98.73922153,20151.0,3109.995635093845,0.0,300,285,0,0,285,285,9378,15,0,0,15,0
2020-11-08,US,Kansas,Rawlins,145,0,0,39.78525843,-101.07616170000001,20153.0,5098.814229249012,0.0,145,138,0,0,138,138,2508,7,0,0,7,0
2020-11-08,US,Kansas,Reno,3024,20,0,37.95230263,-98.08607292,20155.0,4621.116810219683,0.6980802792321117,3004,2834,19,0,2815,2775,62342,190,1,0,189,59
2020-11-08,US,Kansas,Republic,122,1,0,39.82799632,-97.65036709,20157.0,2394.3054357204487,0.9009009009009008,121,115,1,0,114,115,4664,7,0,0,7,0
2020-11-08,US,Kansas,Rice,200,1,0,38.34616184,-98.19992118,20159.0,1855.9295375904373,0.5649717514124294,199,188,1,0,187,188,9531,12,0,0,12,0
2020-11-08,US,Kansas,Riley,2409,12,0,39.28935726,-96.73420026,20161.0,3245.231167151633,0.49813200498132,2397,2409,12,0,2397,2409,73703,0,0,0,0,0
2020-11-08,US,Kansas,Rooks,195,7,0,39.35022773,-99.32484567,20163.0,3922.764227642277,3.6269430051813467,188,193,7,0,186,193,5013,2,0,0,2,0
2020-11-08,US,Kansas,Rush,123,0,0,38.52275276,-99.30863983,20165.0,3227.931488801054,0.0,123,118,0,0,118,118,3093,5,0,0,5,0
2020-11-08,US,Kansas,Russell,276,6,0,38.91462787,-98.76254297,20167.0,3908.984830805134,2.238805970149253,270,268,6,0,262,247,6907,8,0,0,8,21
2020-11-08,US,Kansas,Saline,1394,16,0,38.78369175,-97.65185177,20169.0,2493.3608734139866,1.183431952662722,1378,1352,16,0,1336,1352,54401,42,0,0,42,0
2020-11-08,US,Kansas,Scott,231,1,0,38.48222076,-100.90665390000001,20171.0,4789.550072568941,0.4329004329004329,230,231,1,0,230,223,4897,0,0,0,0,8
2020-11-08,US,Kansas,Sedgwick,17232,137,0,37.6842718,-97.4608198,20173.0,2876.8976168606428,0.9228074902330594,17095,15838,137,0,15701,15838,513607,1394,0,0,1394,0
2020-11-08,US,Kansas,Seward,2341,13,0,37.19324632,-100.85072009999999,20175.0,10924.95799887997,0.5553182400683468,2328,2341,13,0,2328,2341,21780,0,0,0,0,0
2020-11-08,US,Kansas,Shawnee,4735,89,0,39.04100763,-95.75572640000001,20177.0,2403.957597173145,2.0931326434619004,4646,4398,89,0,4309,4398,177499,337,0,0,337,0
2020-11-08,US,Kansas,Sheridan,239,0,0,39.35018161,-100.44182590000001,20179.0,8250.694168980563,0.0,239,232,0,0,232,232,2533,7,0,0,7,0
2020-11-08,US,Kansas,Sherman,309,6,0,39.35147699,-101.71976240000001,20181.0,4664.525942200439,2.1739130434782608,303,294,6,0,288,294,5899,15,0,0,15,0
2020-11-08,US,Kansas,Smith,56,0,0,39.78516566,-98.78566062,20183.0,1255.9307842590008,0.0,56,53,0,0,53,53,3603,3,0,0,3,0
2020-11-08,US,Kansas,Stafford,123,1,0,38.03100851,-98.71762001,20185.0,2743.0221366698747,0.8771929824561403,122,114,1,0,113,114,4178,9,0,0,9,0
2020-11-08,US,Kansas,Stanton,112,2,0,37.56304714,-101.78435340000001,20187.0,2691.9242273180453,3.703703703703704,110,110,2,0,108,110,1987,2,0,0,2,0
2020-11-08,US,Kansas,Stevens,282,1,0,37.1923008,-101.3118967,20189.0,5141.294439380127,0.3546099290780142,281,282,1,0,281,282,5559,0,0,0,0,0
2020-11-08,US,Kansas,Sumner,470,4,0,37.23682549,-97.47721621,20191.0,1681.5554387808722,1.0416666666666667,466,422,4,0,418,422,22996,48,0,0,48,0
2020-11-08,US,Kansas,Thomas,455,2,0,39.35107575,-101.0553705,20193.0,5850.585058505851,0.4395604395604396,453,455,2,0,453,455,7711,0,0,0,0,0
2020-11-08,US,Kansas,Trego,128,3,0,38.91467218,-99.87284448,20195.0,4566.5358544416695,2.34375,125,128,3,0,125,128,2793,0,0,0,0,0
2020-11-08,US,Kansas,Wabaunsee,140,1,0,38.95471985,-96.20350509,20197.0,1644.7843024094648,0.8771929824561403,139,124,1,0,123,124,6899,16,0,0,16,0
2020-11-08,US,Kansas,Wallace,104,0,0,38.91686134,-101.76388759999999,20199.0,5862.977602108037,0.0,104,97,0,0,97,97,1503,7,0,0,7,0
2020-11-08,US,Kansas,Washington,122,0,0,39.78420784,-97.08753229999999,20201.0,1590.825009248983,0.0,122,89,0,0,89,89,5420,33,0,0,33,0
2020-11-08,US,Kansas,Wichita,75,0,0,38.48178252,-101.3471509,20203.0,2406.795658329401,0.0,75,74,0,0,74,74,2105,1,0,0,1,0
2020-11-08,US,Kansas,Wilson,155,4,0,37.55937174,-95.74323255,20205.0,1747.8005865102639,2.684563758389262,151,149,4,0,145,149,8665,6,0,0,6,0
2020-11-08,US,Kansas,Woodson,42,0,0,37.8865336,-95.74006277,20207.0,1338.4321223709371,0.0,42,42,0,0,42,42,3183,0,0,0,0,0
2020-11-08,US,Kansas,Wyandotte,9282,166,0,39.11727348,-94.76378225,20209.0,5408.966988859269,1.8551631649530624,9116,9126,166,0,8960,9126,165324,156,0,0,156,0
2020-11-08,US,Kentucky,Adair,539,22,0,37.10459774,-85.28129668,21001.0,2806.9992709092803,4.081632653061225,517,539,22,0,517,532,19215,0,0,0,0,7
2020-11-08,US,Kentucky,Allen,598,11,0,36.75197631,-86.19457544,21003.0,2805.536007506451,1.8394648829431441,587,597,11,0,586,589,21122,1,0,0,1,8
2020-11-08,US,Kentucky,Anderson,319,1,0,38.00671029,-84.99171713,21005.0,1402.3827317888074,0.31347962382445144,318,312,1,0,311,298,22663,7,0,0,7,14
2020-11-08,US,Kentucky,Ballard,106,1,0,37.05842757,-88.99427697,21007.0,1343.8133874239352,0.9433962264150944,105,103,1,0,102,98,7979,3,0,0,3,5
2020-11-08,US,Kentucky,Barren,1509,15,0,36.96469836,-85.93338945,21009.0,3410.246559244277,0.9940357852882704,1494,1500,15,0,1485,1475,44176,9,0,0,9,25
2020-11-08,US,Kentucky,Bath,162,1,0,38.14735938,-83.74588932,21011.0,1296.0,0.6172839506172839,161,162,1,0,161,154,12383,0,0,0,0,8
2020-11-08,US,Kentucky,Bell,935,17,0,36.73355174,-83.67766671,21013.0,3591.7332513829133,1.818181818181818,918,889,17,0,872,876,26569,46,0,0,46,13
2020-11-08,US,Kentucky,Boone,2684,25,0,38.97065142,-84.72615357,21015.0,2009.2677850891969,0.9314456035767512,2659,2641,25,0,2616,2585,131533,43,0,0,43,56
2020-11-08,US,Kentucky,Bourbon,377,1,0,38.2054607,-84.21827874,21017.0,1905.1950677178088,0.26525198938992045,376,372,1,0,371,361,20184,5,0,0,5,11
2020-11-08,US,Kentucky,Boyd,879,23,0,38.36176608,-82.68652187,21019.0,1881.5017766171493,2.6166097838452793,856,865,23,0,842,838,47240,14,0,0,14,27
2020-11-08,US,Kentucky,Boyle,546,0,0,37.62680923,-84.8633779,21021.0,1816.367265469062,0.0,546,543,0,0,543,531,30100,3,0,0,3,12
2020-11-08,US,Kentucky,Bracken,83,1,0,38.69158994,-84.08532444,21023.0,999.6386848127183,1.2048192771084338,82,82,1,0,81,80,8239,1,0,0,1,2
2020-11-08,US,Kentucky,Breathitt,186,2,0,37.52333168,-83.31959161,21025.0,1472.6840855106889,1.075268817204301,184,186,2,0,184,181,12726,0,0,0,0,5
2020-11-08,US,Kentucky,Breckinridge,298,3,0,37.77377239,-86.42885017,21027.0,1455.2913024368804,1.0067114093959733,295,294,3,0,291,284,20388,4,0,0,4,10
2020-11-08,US,Kentucky,Bullitt,1897,16,0,37.97162523,-85.68955617,21029.0,2322.5917038052794,0.8434370057986295,1881,1863,16,0,1847,1830,81069,34,0,0,34,33
2020-11-08,US,Kentucky,Butler,464,16,0,37.20946153,-86.68748787,21031.0,3602.764189766286,3.4482758620689653,448,464,16,0,448,457,12772,0,0,0,0,7
2020-11-08,US,Kentucky,Caldwell,375,0,0,37.14749129,-87.86948214,21033.0,2941.868674982349,0.0,375,370,0,0,370,359,12715,5,0,0,5,11
2020-11-08,US,Kentucky,Calloway,1174,10,0,36.62093411,-88.2731593,21035.0,3010.1792261736878,0.8517887563884157,1164,1162,10,0,1152,1137,39135,12,0,0,12,25
2020-11-08,US,Kentucky,Campbell,1727,16,0,38.94384345,-84.37875208,21037.0,1845.400923234741,0.9264620729588884,1711,1700,16,0,1684,1637,93152,27,0,0,27,63
2020-11-08,US,Kentucky,Carlisle,128,1,0,36.85372876,-88.96692220000001,21039.0,2689.0756302521013,0.78125,127,127,1,0,126,125,4771,1,0,0,1,2
2020-11-08,US,Kentucky,Carroll,250,6,0,38.66599534,-85.12601074,21041.0,2351.613206659769,2.4,244,249,6,0,243,242,10737,1,0,0,1,7
2020-11-08,US,Kentucky,Carter,435,4,0,38.31690743,-83.05092385,21043.0,1623.3160428406165,0.9195402298850576,431,430,4,0,426,424,27004,5,0,0,5,6
2020-11-08,US,Kentucky,Casey,345,16,0,37.32533118,-84.92726209,21045.0,2135.033108484436,4.63768115942029,329,343,16,0,327,341,15888,2,0,0,2,2
2020-11-08,US,Kentucky,Christian,2207,31,0,36.89267803,-87.49055367,21047.0,3132.229176423837,1.4046216583597644,2176,2190,31,0,2159,2145,71671,17,0,0,17,45
2020-11-08,US,Kentucky,Clark,624,12,0,37.9689263,-84.14615986,21049.0,1720.7622094145547,1.9230769230769231,612,625,12,0,613,607,36249,-1,0,0,-1,18
2020-11-08,US,Kentucky,Clay,704,6,0,37.16451126,-83.712575,21051.0,3537.510677855384,0.8522727272727273,698,702,6,0,696,690,20105,2,0,0,2,12
2020-11-08,US,Kentucky,Clinton,268,3,0,36.72581156,-85.13377529,21053.0,2622.8224701507143,1.1194029850746268,265,268,3,0,265,265,10206,0,0,0,0,3
2020-11-08,US,Kentucky,Crittenden,184,1,0,37.35839237,-88.08826090000002,21055.0,2089.484442425619,0.5434782608695652,183,184,1,0,183,181,8915,0,0,0,0,3
2020-11-08,US,Kentucky,Cumberland,161,0,0,36.78926125,-85.39050034,21057.0,2434.2304203205317,0.0,161,161,0,0,161,160,6659,0,0,0,0,1
2020-11-08,US,Kentucky,Daviess,2340,34,0,37.73028906,-87.09019479999998,21059.0,2305.1688979519463,1.4529914529914532,2306,2320,34,0,2286,2274,101104,20,0,0,20,46
2020-11-08,US,Kentucky,Edmonson,211,12,0,37.21218923,-86.23955613,21061.0,1736.6255144032916,5.6872037914691935,199,210,12,0,198,206,12274,1,0,0,1,4
2020-11-08,US,Kentucky,Elliott,414,0,0,38.11624059,-83.09771563,21063.0,5507.516296394839,0.0,414,385,0,0,385,362,7508,29,0,0,29,23
2020-11-08,US,Kentucky,Estill,328,0,0,37.69241417,-83.95956369,21065.0,2325.251665957749,0.0,328,327,0,0,327,326,14198,1,0,0,1,1
2020-11-08,US,Kentucky,Fayette,12387,94,0,38.0368225,-84.45576892,21067.0,3833.1806703965935,0.7588600952611609,12293,12292,94,0,12198,12079,323780,95,0,0,95,213
2020-11-08,US,Kentucky,Fleming,226,0,0,38.36758311,-83.69657514,21069.0,1549.9622796790345,0.0,226,225,0,0,225,221,14432,1,0,0,1,4
2020-11-08,US,Kentucky,Floyd,648,4,0,37.56213922,-82.74750924,21071.0,1820.787321925314,0.6172839506172839,644,639,4,0,635,605,35845,9,0,0,9,34
2020-11-08,US,Kentucky,Franklin,995,14,0,38.2379395,-84.87962551,21073.0,1951.3247435822007,1.407035175879397,981,981,14,0,967,964,50815,14,0,0,14,17
2020-11-08,US,Kentucky,Fulton,247,3,0,36.55238827,-89.20140068,21075.0,4138.046573965488,1.214574898785425,244,244,3,0,241,244,6120,3,0,0,3,0
2020-11-08,US,Kentucky,Gallatin,142,8,0,38.75398691,-84.8558382,21077.0,1601.0824219190438,5.633802816901407,134,141,8,0,133,137,8832,1,0,0,1,4
2020-11-08,US,Kentucky,Garrard,382,4,0,37.638866799999995,-84.53289319,21079.0,2162.345748896185,1.0471204188481675,378,381,4,0,377,381,17560,1,0,0,1,0
2020-11-08,US,Kentucky,Grant,355,6,0,38.64962758,-84.62415957,21081.0,1416.091587219275,1.6901408450704225,349,346,6,0,340,333,25121,9,0,0,9,13
2020-11-08,US,Kentucky,Graves,1091,31,0,36.72292505,-88.65143315,21083.0,2927.601567112113,2.8414298808432634,1060,1067,31,0,1036,1042,37317,24,0,0,24,25
2020-11-08,US,Kentucky,Grayson,638,18,0,37.46231118,-86.34248968,21085.0,2414.1976009384343,2.8213166144200628,620,633,18,0,615,623,26321,5,0,0,5,10
2020-11-08,US,Kentucky,Green,366,8,0,37.26484328,-85.5540745,21087.0,3345.215245407184,2.1857923497267757,358,365,8,0,357,362,11049,1,0,0,1,3
2020-11-08,US,Kentucky,Greenup,782,12,0,38.54332505,-82.9215658,21089.0,2228.0471821756228,1.5345268542199488,770,768,12,0,756,754,35268,14,0,0,14,14
2020-11-08,US,Kentucky,Hancock,185,5,0,37.83766422,-86.78280584,21091.0,2121.073148360468,2.702702702702702,180,184,5,0,179,182,8758,1,0,0,1,2
2020-11-08,US,Kentucky,Hardin,2649,20,0,37.6976111,-85.96319251,21093.0,2387.389823176337,0.7550018875047187,2629,2635,17,0,2618,2569,110356,14,3,0,11,66
2020-11-08,US,Kentucky,Harlan,681,14,0,36.85699301,-83.21899516,21095.0,2618.223760092272,2.055800293685756,667,680,14,0,666,671,26409,1,0,0,1,9
2020-11-08,US,Kentucky,Harrison,310,1,0,38.44188174,-84.32869741,21097.0,1641.4275124430794,0.3225806451612903,309,308,1,0,307,301,18778,2,0,0,2,7
2020-11-08,US,Kentucky,Hart,570,1,0,37.29943898,-85.88461055,21099.0,2994.483845547675,0.17543859649122806,569,566,1,0,565,553,18906,4,0,0,4,13
2020-11-08,US,Kentucky,Henderson,1542,29,0,37.79344553,-87.57392021,21101.0,3410.749834107499,1.880674448767834,1513,1529,29,0,1500,1500,45591,13,0,0,13,29
2020-11-08,US,Kentucky,Henry,348,2,0,38.44942688,-85.11587507,21103.0,2158.0057050725536,0.5747126436781609,346,346,2,0,344,338,16106,2,0,0,2,8
2020-11-08,US,Kentucky,Hickman,131,1,0,36.67948079999999,-88.97875928,21105.0,2990.867579908677,0.7633587786259542,130,130,1,0,129,129,4421,1,0,0,1,1
2020-11-08,US,Kentucky,Hopkins,1275,43,0,37.30939025,-87.54670406,21107.0,2853.2426263259185,3.372549019607843,1232,1271,43,0,1228,1212,45068,4,0,0,4,59
2020-11-08,US,Kentucky,Jackson,539,17,0,37.41866422,-83.99825483,21109.0,4043.814239627879,3.1539888682745825,522,539,17,0,522,536,13442,0,0,0,0,3
2020-11-08,US,Kentucky,Jefferson,26193,391,0,38.18664655,-85.65931031,21111.0,3416.075758030249,1.4927652426220746,25802,25967,391,0,25576,25650,770517,226,0,0,226,317
2020-11-08,US,Kentucky,Jessamine,1160,18,0,37.87119786,-84.58252003,21113.0,2143.5831100434257,1.5517241379310345,1142,1153,18,0,1135,1128,53920,7,0,0,7,25
2020-11-08,US,Kentucky,Johnson,477,2,0,37.85106355,-82.8264322,21115.0,2149.810708491076,0.4192872117400419,475,471,2,0,469,463,22386,6,0,0,6,8
2020-11-08,US,Kentucky,Kenton,3474,51,0,38.93950319,-84.53241199,21117.0,2080.2644343046027,1.468048359240069,3423,3412,51,0,3361,3350,166051,62,0,0,62,62
2020-11-08,US,Kentucky,Knott,411,8,0,37.35388197,-82.94981134,21119.0,2775.901661488586,1.9464720194647205,403,409,8,0,401,399,15126,2,0,0,2,10
2020-11-08,US,Kentucky,Knox,997,10,0,36.89225732,-83.85403396,21121.0,3201.1558837694647,1.0030090270812435,987,989,10,0,979,979,31304,8,0,0,8,10
2020-11-08,US,Kentucky,Larue,361,1,0,37.54567114,-85.70138352,21123.0,2507.2926795388253,0.2770083102493075,360,358,1,0,357,356,14307,3,0,0,3,2
2020-11-08,US,Kentucky,Laurel,1802,11,0,37.10975748,-84.11321779,21125.0,2963.182214329173,0.6104328523862376,1791,1800,11,0,1789,1763,60669,2,0,0,2,37
2020-11-08,US,Kentucky,Lawrence,195,0,0,38.07136018,-82.72882223,21127.0,1273.0952536397467,0.0,195,192,0,0,192,188,15571,3,0,0,3,4
2020-11-08,US,Kentucky,Lee,206,9,0,37.59645942,-83.71513901,21129.0,2782.655680129677,4.368932038834951,197,204,9,0,195,197,7033,2,0,0,2,7
2020-11-08,US,Kentucky,Leslie,159,1,0,37.09246661,-83.37999606,21131.0,1609.800546724714,0.6289308176100629,158,159,1,0,158,157,10143,0,0,0,0,2
2020-11-08,US,Kentucky,Letcher,353,2,0,37.12306748,-82.85346474,21133.0,1637.8230408759805,0.56657223796034,351,351,2,0,349,347,21899,2,0,0,2,4
2020-11-08,US,Kentucky,Lewis,379,17,0,38.53184419,-83.37735618,21135.0,2854.990583804143,4.485488126649076,362,379,17,0,362,366,13257,0,0,0,0,13
2020-11-08,US,Kentucky,Lincoln,400,19,0,37.45475628,-84.6565327,21137.0,1629.3942726791315,4.75,381,399,19,0,380,397,24644,1,0,0,1,2
2020-11-08,US,Kentucky,Livingston,168,2,0,37.21137452,-88.34797529,21139.0,1827.2786599956487,1.1904761904761905,166,168,2,0,166,162,9242,0,0,0,0,6
2020-11-08,US,Kentucky,Logan,888,31,0,36.85949479,-86.877635,21141.0,3276.510958600841,3.490990990990991,857,887,31,0,856,878,26989,1,0,0,1,9
2020-11-08,US,Kentucky,Lyon,137,5,0,37.02080035,-88.07886257,21143.0,1668.6967113276492,3.6496350364963503,132,133,5,0,128,130,8009,4,0,0,4,3
2020-11-08,US,Kentucky,Madison,2640,14,0,37.71659336,-84.27220275,21151.0,2839.1065417746568,0.5303030303030303,2626,2627,14,0,2613,2586,92368,13,0,0,13,41
2020-11-08,US,Kentucky,Magoffin,257,0,0,37.70820545,-83.0657714,21153.0,2113.3130499136582,0.0,257,257,0,0,257,244,12362,0,0,0,0,13
2020-11-08,US,Kentucky,Marion,604,11,0,37.55218078,-85.26898542,21155.0,3133.917916255902,1.8211920529801324,593,603,10,0,593,592,19404,1,1,0,0,11
2020-11-08,US,Kentucky,Marshall,609,8,0,36.88007070000001,-88.32803576,21157.0,1958.1993569131832,1.3136288998357963,601,600,8,0,592,593,31191,9,0,0,9,7
2020-11-08,US,Kentucky,Martin,267,5,0,37.79990579,-82.51247478,21159.0,2384.9933005806165,1.8726591760299625,262,267,5,0,262,257,11323,0,0,0,0,10
2020-11-08,US,Kentucky,Mason,223,2,0,38.59471935,-83.82151043,21161.0,1306.3854715875805,0.8968609865470852,221,220,2,0,218,219,17150,3,0,0,3,1
2020-11-08,US,Kentucky,McCracken,1551,12,0,37.05350953,-88.70445755,21145.0,2370.9070897918004,0.7736943907156673,1539,1516,12,0,1504,1471,65346,35,0,0,35,45
2020-11-08,US,Kentucky,McCreary,288,1,0,36.73874143,-84.48102924,21147.0,1671.4061865242875,0.3472222222222222,287,287,1,0,286,286,17408,1,0,0,1,1
2020-11-08,US,Kentucky,McLean,256,6,0,37.5301951,-87.26803443,21149.0,2780.493103073749,2.34375,250,251,6,0,245,243,9252,5,0,0,5,8
2020-11-08,US,Kentucky,Meade,466,4,0,37.96163597,-86.21028219,21163.0,1630.9673806523874,0.8583690987124464,462,467,4,0,463,463,28715,-1,0,0,-1,4
2020-11-08,US,Kentucky,Menifee,104,1,0,37.94090733,-83.59985712,21165.0,1602.7122823239329,0.9615384615384616,103,104,1,0,103,103,6451,0,0,0,0,1
2020-11-08,US,Kentucky,Mercer,439,6,0,37.81474237,-84.87488475,21167.0,2001.5501755345824,1.366742596810934,433,439,6,0,433,431,21774,0,0,0,0,8
2020-11-08,US,Kentucky,Metcalfe,259,2,0,36.99459295,-85.63123699,21169.0,2571.7406414457355,0.7722007722007722,257,258,2,0,256,245,10030,1,0,0,1,13
2020-11-08,US,Kentucky,Monroe,463,5,0,36.71225341,-85.71596443,21171.0,4347.417840375587,1.079913606911447,458,452,5,0,447,434,10718,11,0,0,11,18
2020-11-08,US,Kentucky,Montgomery,667,7,0,38.03253032,-83.9145241,21173.0,2368.860318926022,1.0494752623688155,660,666,7,0,659,655,28203,1,0,0,1,11
2020-11-08,US,Kentucky,Morgan,173,0,0,37.92465657,-83.25558245,21175.0,1299.872266887069,0.0,173,173,0,0,173,169,13345,0,0,0,0,4
2020-11-08,US,Kentucky,Muhlenberg,1037,18,0,37.21425819,-87.14632053,21177.0,3386.4541832669324,1.7357762777242045,1019,1034,18,0,1016,1030,30774,3,0,0,3,4
2020-11-08,US,Kentucky,Nelson,1318,4,0,37.80335779,-85.4657193,21179.0,2850.77758311163,0.30349013657056145,1314,1289,4,0,1285,1255,45851,29,0,0,29,34
2020-11-08,US,Kentucky,Nicholas,132,3,0,38.33342292,-84.01889177,21181.0,1815.9306644655387,2.272727272727273,129,129,3,0,126,129,7166,3,0,0,3,0
2020-11-08,US,Kentucky,Ohio,668,11,0,37.47751843,-86.85368087,21183.0,2784.0293406685005,1.6467065868263473,657,664,11,0,653,660,24087,4,0,0,4,4
2020-11-08,US,Kentucky,Oldham,1652,26,0,38.39791089,-85.448222,21185.0,2473.090914534649,1.5738498789346247,1626,1634,26,0,1608,1605,66470,18,0,0,18,29
2020-11-08,US,Kentucky,Owen,138,3,0,38.51679143,-84.82404619,21187.0,1265.9389046876433,2.1739130434782608,135,137,3,0,134,131,10880,1,0,0,1,6
2020-11-08,US,Kentucky,Owsley,109,1,0,37.42823949,-83.68811419,21189.0,2468.8561721404308,0.9174311926605504,108,109,1,0,108,109,4472,0,0,0,0,0
2020-11-08,US,Kentucky,Pendleton,171,0,0,38.69607718,-84.35599463,21191.0,1172.0356408498974,0.0,171,164,0,0,164,154,14529,7,0,0,7,10
2020-11-08,US,Kentucky,Perry,655,9,0,37.25023553,-83.22922731,21193.0,2542.8992934234025,1.3740458015267176,646,652,9,0,643,632,26092,3,0,0,3,20
2020-11-08,US,Kentucky,Pike,1251,5,0,37.47088263,-82.39487445,21195.0,2161.5177275554634,0.3996802557953637,1246,1168,5,0,1163,1142,58402,83,0,0,83,26
2020-11-08,US,Kentucky,Powell,214,0,0,37.83218794,-83.82553961,21197.0,1731.5316773201714,0.0,214,208,0,0,208,197,12442,6,0,0,6,11
2020-11-08,US,Kentucky,Pulaski,1080,13,0,37.10466131,-84.57629079,21199.0,1662.0754397574601,1.2037037037037035,1067,1076,13,0,1063,1067,64623,4,0,0,4,9
2020-11-08,US,Kentucky,Robertson,49,1,0,38.51923469,-84.05055616,21201.0,2324.478178368121,2.0408163265306123,48,48,1,0,47,46,2135,1,0,0,1,2
2020-11-08,US,Kentucky,Rockcastle,410,2,0,37.36642393,-84.31176452,21203.0,2455.825097334531,0.4878048780487805,408,410,2,0,408,410,16750,0,0,0,0,0
2020-11-08,US,Kentucky,Rowan,471,2,0,38.19484205,-83.42088935,21205.0,1925.5928045789044,0.4246284501061571,469,460,2,0,458,450,24583,11,0,0,11,10
2020-11-08,US,Kentucky,Russell,420,7,0,36.99308373,-85.06070117,21207.0,2343.3576968141488,1.6666666666666667,413,420,7,0,413,415,17821,0,0,0,0,5
2020-11-08,US,Kentucky,Scott,1302,20,0,38.29622293,-84.5816631,21209.0,2284.0502420882744,1.5360983102918586,1282,1294,20,0,1274,1268,56031,8,0,0,8,26
2020-11-08,US,Kentucky,Shelby,1661,25,0,38.21476019,-85.194223,21211.0,3388.136422976501,1.5051173991571345,1636,1652,25,0,1627,1628,48518,9,0,0,9,24
2020-11-08,US,Kentucky,Simpson,423,8,0,36.74058474,-86.58047435,21213.0,2277.6222270084,1.8912529550827424,415,417,8,0,409,411,18529,6,0,0,6,6
2020-11-08,US,Kentucky,Spencer,387,1,0,38.03223971,-85.32749335,21215.0,1999.8966461681568,0.25839793281653745,386,389,1,0,388,382,18794,-2,0,0,-2,7
2020-11-08,US,Kentucky,Taylor,591,7,0,37.3677562,-85.3329931,21217.0,2293.453374209321,1.1844331641285957,584,588,7,0,581,575,25549,3,0,0,3,13
2020-11-08,US,Kentucky,Todd,320,13,0,36.8381152,-87.17878374,21219.0,2602.895721490158,4.0625,307,320,13,0,307,318,12311,0,0,0,0,2
2020-11-08,US,Kentucky,Trigg,279,0,0,36.80767017,-87.87333656,21221.0,1904.306873250973,0.0,279,277,0,0,277,276,14643,2,0,0,2,1
2020-11-08,US,Kentucky,Trimble,118,0,0,38.61056487,-85.33775972,21223.0,1392.9878408688467,0.0,118,116,0,0,116,114,8515,2,0,0,2,2
2020-11-08,US,Kentucky,Union,552,6,0,37.66166713,-87.94300009,21225.0,3838.397886099715,1.0869565217391304,546,548,6,0,542,546,14505,4,0,0,4,2
2020-11-08,US,Kentucky,Warren,5853,59,0,36.99903045,-86.42672751,21227.0,4404.195762099687,1.0080300700495473,5794,5812,59,0,5753,5738,131264,41,0,0,41,74
2020-11-08,US,Kentucky,Washington,317,2,0,37.75599461,-85.17407732,21229.0,2620.917734601075,0.6309148264984227,315,315,2,0,313,303,12084,2,0,0,2,12
2020-11-08,US,Kentucky,Wayne,337,2,0,36.80310688,-84.8251971,21231.0,1657.4042197413073,0.5934718100890207,335,335,2,0,333,329,20468,2,0,0,2,6
2020-11-08,US,Kentucky,Webster,389,5,0,37.52168356,-87.67989953,21233.0,3005.717817957039,1.2853470437017995,384,387,5,0,382,382,13111,2,0,0,2,5
2020-11-08,US,Kentucky,Whitley,985,8,0,36.75700531,-84.14541217,21235.0,2716.192367085815,0.8121827411167513,977,983,8,0,975,959,36242,2,0,0,2,24
2020-11-08,US,Kentucky,Wolfe,106,0,0,37.73941626,-83.49303612,21237.0,1481.0674863769736,0.0,106,104,0,0,104,96,7177,2,0,0,2,8
2020-11-08,US,Kentucky,Woodford,471,0,0,38.04178222,-84.7417556,21239.0,1761.8014513353785,0.0,471,469,0,0,469,461,26533,2,0,0,2,8
2020-11-08,US,Louisiana,Acadia,3369,106,0,30.295064899999996,-92.41419698,22001.0,5429.929889596261,3.146334223805284,3263,3330,106,0,3224,3330,62190,39,0,0,39,0
2020-11-08,US,Louisiana,Allen,1888,64,0,30.65385745,-92.82442028,22003.0,7367.229874741483,3.3898305084745757,1824,1877,64,0,1813,1877,25605,11,0,0,11,0
2020-11-08,US,Louisiana,Ascension,4460,100,0,30.20406249,-90.91328409999998,22005.0,3522.795488294209,2.242152466367713,4360,4405,100,0,4305,4405,124672,55,0,0,55,0
2020-11-08,US,Louisiana,Assumption,834,24,0,29.89946234,-91.06461642,22007.0,3809.7848430862,2.8776978417266186,810,828,24,0,804,828,22300,6,0,0,6,0
2020-11-08,US,Louisiana,Avoyelles,1801,65,0,31.07796211,-92.00079449,22009.0,4486.3491430848935,3.6091060521932263,1736,1788,63,0,1725,1788,40462,13,2,0,11,0
2020-11-08,US,Louisiana,Beauregard,1114,43,0,30.64836518,-93.34173616,22011.0,2970.9043390137876,3.8599640933572714,1071,1107,41,0,1066,1107,37253,7,2,0,5,0
2020-11-08,US,Louisiana,Bienville,641,35,0,32.34569994,-93.05398492,22013.0,4841.024091835964,5.460218408736349,606,642,35,0,607,642,13308,-1,0,0,-1,0
2020-11-08,US,Louisiana,Bossier,4636,126,0,32.67932307,-93.60460152,22015.0,3649.2730578798637,2.71786022433132,4510,4572,125,0,4447,4572,127185,64,1,0,63,0
2020-11-08,US,Louisiana,Caddo,10825,406,0,32.57991587,-93.88375652,22017.0,4506.5860685084335,3.750577367205543,10419,10679,406,0,10273,10679,242922,146,0,0,146,0
2020-11-08,US,Louisiana,Calcasieu,8700,231,0,30.22931235,-93.35400434,22019.0,4276.529227865274,2.655172413793104,8469,8643,231,0,8412,8643,203112,57,0,0,57,0
2020-11-08,US,Louisiana,Caldwell,404,3,0,32.0902519,-92.11752148,22021.0,4073.401895543456,0.7425742574257426,401,400,3,0,397,400,9960,4,0,0,4,0
2020-11-08,US,Louisiana,Cameron,251,3,0,29.87592238,-93.19310676,22023.0,3599.598451168794,1.195219123505976,248,253,3,0,250,253,6968,-2,0,0,-2,0
2020-11-08,US,Louisiana,Catahoula,470,15,0,31.66778967,-91.84526385,22025.0,4950.495049504952,3.191489361702128,455,465,15,0,450,465,9608,5,0,0,5,0
2020-11-08,US,Louisiana,Claiborne,623,26,0,32.82308512,-92.99526883,22027.0,3975.749840459477,4.173354735152488,597,621,26,0,595,621,15944,2,0,0,2,0
2020-11-08,US,Louisiana,Concordia,645,17,0,31.44817835,-91.63814433,22029.0,3349.083545355418,2.6356589147286815,628,637,16,0,621,637,19572,8,1,0,7,0
2020-11-08,US,Louisiana,De Soto,1081,35,0,32.05457447,-93.74130302,22031.0,3936.2050759203294,3.2377428307123037,1046,1071,35,0,1036,1071,27436,10,0,0,10,0
2020-11-08,US,Louisiana,East Baton Rouge,16696,461,0,30.53842039,-91.09777565,22033.0,3794.036708714059,2.7611403929084806,16235,16626,461,0,16165,16626,440956,70,0,0,70,0
2020-11-08,US,Louisiana,East Carroll,601,6,0,32.73926954,-91.23425694,22035.0,8759.656026818247,0.9983361064891848,595,597,6,0,591,597,7037,4,0,0,4,0
2020-11-08,US,Louisiana,East Feliciana,1816,79,0,30.84425359,-91.04976723,22037.0,9490.462503266266,4.350220264317181,1737,1813,79,0,1734,1813,19305,3,0,0,3,0
2020-11-08,US,Louisiana,Evangeline,1455,40,0,30.72985248,-92.39915924,22039.0,4356.939661625992,2.7491408934707904,1415,1448,40,0,1408,1448,33443,7,0,0,7,0
2020-11-08,US,Louisiana,Franklin,1397,51,0,32.13675181,-91.67589857,22041.0,6979.765176117911,3.650680028632785,1346,1393,50,0,1343,1393,20156,4,1,0,3,0
2020-11-08,US,Louisiana,Grant,554,31,0,31.59882456,-92.56124347,22043.0,2474.429407298227,5.5956678700361016,523,553,30,0,523,553,22482,1,1,0,0,0
2020-11-08,US,Louisiana,Iberia,3122,99,0,29.86803617,-91.75871777,22045.0,4470.857797508234,3.171044202434337,3023,3116,99,0,3017,3116,70941,6,0,0,6,0
2020-11-08,US,Louisiana,Iberville,1540,61,0,30.25734305,-91.3499598,22047.0,4736.8582941158365,3.9610389610389616,1479,1527,61,0,1466,1527,32721,13,0,0,13,0
2020-11-08,US,Louisiana,Jackson,908,24,0,32.30251776,-92.55692092,22049.0,5767.276422764227,2.643171806167401,884,903,24,0,879,903,15902,5,0,0,5,0
2020-11-08,US,Louisiana,Jefferson,19182,592,0,29.74075478,-90.11115756,22051.0,4435.216292518029,3.0862266708372434,18590,19077,590,0,18487,19077,434051,105,2,0,103,0
2020-11-08,US,Louisiana,Jefferson Davis,1390,45,0,30.26896765,-92.81210004,22053.0,4431.2675337924,3.2374100719424463,1345,1384,45,0,1339,1384,31582,6,0,0,6,0
2020-11-08,US,Louisiana,LaSalle,544,11,0,31.67884782,-92.15907765,22059.0,3652.9680365296804,2.022058823529412,533,539,11,0,528,539,14917,5,0,0,5,0
2020-11-08,US,Louisiana,Lafayette,9719,140,0,30.2049055,-92.06959876,22055.0,3976.840296247801,1.4404774153719517,9579,9671,140,0,9531,9671,242782,48,0,0,48,0
2020-11-08,US,Louisiana,Lafourche,3970,131,0,29.52470226,-90.40976986,22057.0,4067.039563996968,3.2997481108312336,3839,3954,131,0,3823,3954,98115,16,0,0,16,0
2020-11-08,US,Louisiana,Lincoln,1757,52,0,32.6003154,-92.66597409999999,22061.0,3758.93200975568,2.9595902105862266,1705,1745,52,0,1693,1745,47196,12,0,0,12,0
2020-11-08,US,Louisiana,Livingston,4376,82,0,30.44143993,-90.73061664,22063.0,3108.1973733743403,1.8738574040219376,4294,4357,82,0,4275,4357,139567,19,0,0,19,0
2020-11-08,US,Louisiana,Madison,909,10,0,32.36918118,-91.23973355,22065.0,8300.611816272487,1.1001100110011002,899,907,10,0,897,907,11161,2,0,0,2,0
2020-11-08,US,Louisiana,Morehouse,925,29,0,32.81686191,-91.80421614,22067.0,3718.742462008523,3.135135135135135,896,916,29,0,887,916,25398,9,0,0,9,0
2020-11-08,US,Louisiana,Natchitoches,1592,35,0,31.72321584,-93.09816516,22069.0,4172.126421720216,2.1984924623115583,1557,1572,34,0,1538,1572,38659,20,1,0,19,0
2020-11-08,US,Louisiana,Orleans,13821,601,0,30.06971951,-89.92660315,22071.0,3542.5381397637793,4.348455249258375,13220,13719,600,0,13119,13719,391006,102,1,0,101,0
2020-11-08,US,Louisiana,Ouachita,7359,173,0,32.47645559,-92.15704172,22073.0,4801.049067386922,2.350862888979481,7186,7297,173,0,7124,7297,154475,62,0,0,62,0
2020-11-08,US,Louisiana,Plaquemines,916,19,0,29.42245447,-89.60322085,22075.0,3948.786481010476,2.074235807860262,897,913,19,0,894,913,23410,3,0,0,3,0
2020-11-08,US,Louisiana,Pointe Coupee,1168,42,0,30.71409502,-91.60209535,22077.0,5375.057524160147,3.595890410958904,1126,1155,42,0,1113,1155,21940,13,0,0,13,0
2020-11-08,US,Louisiana,Rapides,4915,164,0,31.19778499,-92.52997303,22079.0,3791.034184869801,3.336724313326551,4751,4873,163,0,4710,4873,130562,42,1,0,41,0
2020-11-08,US,Louisiana,Red River,482,25,0,32.09530039,-93.34213308,22081.0,5709.547500592275,5.186721991701245,457,476,25,0,451,476,8477,6,0,0,6,0
2020-11-08,US,Louisiana,Richland,949,21,0,32.41391005,-91.76634876,22083.0,4716.230990955173,2.212855637513172,928,947,20,0,927,947,20192,2,1,0,1,0
2020-11-08,US,Louisiana,Sabine,1063,16,0,31.56388699,-93.55433981,22085.0,4450.678278345336,1.505174035747883,1047,1053,16,0,1037,1053,24032,10,0,0,10,0
2020-11-08,US,Louisiana,St. Bernard,1578,32,0,29.87761636,-89.51887093,22087.0,3340.1066802133605,2.0278833967046896,1546,1572,32,0,1540,1572,46721,6,0,0,6,0
2020-11-08,US,Louisiana,St. Charles,1999,65,0,29.90709658,-90.35555967,22089.0,3764.5951035781545,3.251625812906453,1934,1993,64,0,1929,1993,52879,6,1,0,5,0
2020-11-08,US,Louisiana,St. Helena,447,4,0,30.82210324,-90.71013176,22091.0,4411.764705882353,0.8948545861297539,443,446,4,0,442,446,10262,1,0,0,1,0
2020-11-08,US,Louisiana,St. James,854,40,0,30.02531716,-90.80212061,22093.0,4048.1607887751234,4.68384074941452,814,854,40,0,814,854,21037,0,0,0,0,0
2020-11-08,US,Louisiana,St. John the Baptist,1728,108,0,30.12597499,-90.4753503,22095.0,4033.895931087611,6.25,1620,1695,108,0,1587,1695,43184,33,0,0,33,0
2020-11-08,US,Louisiana,St. Landry,3837,139,0,30.59724262,-92.00135806,22097.0,4672.203010082315,3.6226218399791503,3698,3798,138,0,3660,3798,82764,39,1,0,38,0
2020-11-08,US,Louisiana,St. Martin,2302,65,0,30.13112107,-91.61403569,22099.0,4308.360315172838,2.823631624674196,2237,2295,64,0,2231,2295,53621,7,1,0,6,0
2020-11-08,US,Louisiana,St. Mary,2067,87,0,29.69262097,-91.44702164,22101.0,4188.619599578504,4.208998548621191,1980,2054,87,0,1967,2054,49774,13,0,0,13,0
2020-11-08,US,Louisiana,St. Tammany,7982,275,0,30.40942847,-89.95642711,22103.0,3065.0605370575877,3.4452518165873216,7707,7940,274,0,7666,7940,258111,42,1,0,41,0
2020-11-08,US,Louisiana,Tangipahoa,5137,129,0,30.62888673,-90.40664996,22105.0,3812.018581457131,2.5111933034845237,5008,5116,127,0,4989,5116,133777,21,2,0,19,0
2020-11-08,US,Louisiana,Tensas,188,3,0,32.00760749,-91.32915234,22107.0,4337.794185509922,1.5957446808510638,185,188,3,0,185,188,4462,0,0,0,0,0
2020-11-08,US,Louisiana,Terrebonne,3936,126,0,29.37343766,-90.82626855,22109.0,3563.2485673676683,3.2012195121951224,3810,3922,126,0,3796,3922,111021,14,0,0,14,0
2020-11-08,US,Louisiana,Unassigned,312,229,0,0.0,0.0,90022.0,0.0,73.3974358974359,83,308,229,0,79,308,,4,0,0,4,0
2020-11-08,US,Louisiana,Union,1167,53,0,32.83121059,-92.3749373,22111.0,5278.632169350462,4.541559554413025,1114,1156,53,0,1103,1156,22330,11,0,0,11,0
2020-11-08,US,Louisiana,Vermilion,2161,70,0,29.83517605,-92.30292538,22113.0,3631.2614474634943,3.239241092086997,2091,2162,70,0,2092,2162,59830,-1,0,0,-1,0
2020-11-08,US,Louisiana,Vernon,1150,56,0,31.10884837,-93.18153838,22115.0,2424.6768854498305,4.869565217391305,1094,1145,56,0,1089,1145,48860,5,0,0,5,0
2020-11-08,US,Louisiana,Washington,1783,72,0,30.85288548,-90.03866652,22117.0,3859.808633155821,4.038137969713965,1711,1778,72,0,1706,1778,46582,5,0,0,5,0
2020-11-08,US,Louisiana,Webster,1555,42,0,32.70847669,-93.33121835,22119.0,4055.8163797600414,2.7009646302250805,1513,1546,42,0,1504,1546,38798,9,0,0,9,0
2020-11-08,US,Louisiana,West Baton Rouge,1018,42,0,30.46058217,-91.30989571,22121.0,3846.589835631967,4.12573673870334,976,1012,42,0,970,1012,26427,6,0,0,6,0
2020-11-08,US,Louisiana,West Carroll,394,14,0,32.78550125,-91.461201,22123.0,3638.042474607571,3.5532994923857872,380,391,14,0,377,391,10982,3,0,0,3,0
2020-11-08,US,Louisiana,West Feliciana,767,25,0,30.87882871,-91.41485379999999,22125.0,4926.772867420349,3.259452411994785,742,760,25,0,735,760,15460,7,0,0,7,0
2020-11-08,US,Louisiana,Winn,731,21,0,31.94449367,-92.63789413,22127.0,5257.479861910242,2.8727770177838576,710,715,21,0,694,715,14134,16,0,0,16,0
2020-11-08,US,Maine,Androscoggin,954,11,0,44.1664747,-70.20380627,23001.0,881.0735428576706,1.1530398322851152,943,951,11,0,940,922,107679,3,0,0,3,29
2020-11-08,US,Maine,Aroostook,77,1,0,46.65926321,-68.59841248,23003.0,114.83110879129072,1.2987012987012987,76,74,1,0,73,73,67111,3,0,0,3,1
2020-11-08,US,Maine,Cumberland,2942,70,0,43.8370751,-70.37226999,23005.0,997.277993783114,2.3793337865397692,2872,2919,70,0,2849,2872,293557,23,0,0,23,47
2020-11-08,US,Maine,Franklin,125,2,0,44.97330019,-70.44381045,23007.0,413.92099076128335,1.6,123,124,2,0,122,120,29897,1,0,0,1,4
2020-11-08,US,Maine,Hancock,101,1,0,44.59816444,-68.38401854,23009.0,183.6797788568207,0.99009900990099,100,94,1,0,93,85,54811,7,0,0,7,9
2020-11-08,US,Maine,Kennebec,449,11,0,44.40759555,-69.76738544,23011.0,367.12400451341756,2.4498886414253898,438,445,11,0,434,436,122083,4,0,0,4,9
2020-11-08,US,Maine,Knox,141,1,0,44.11486325,-69.10529169,23013.0,354.52076837976466,0.7092198581560284,140,134,1,0,133,125,39771,7,0,0,7,9
2020-11-08,US,Maine,Lincoln,80,1,0,44.05996956,-69.54227124,23015.0,230.98689149390773,1.25,79,77,1,0,76,76,34342,3,0,0,3,1
2020-11-08,US,Maine,Oxford,194,2,0,44.49952995,-70.75682123,23017.0,334.6269943941353,1.0309278350515465,192,191,2,0,189,187,57618,3,0,0,3,4
2020-11-08,US,Maine,Penobscot,370,6,0,45.40194593,-68.65020455,23019.0,243.18426794962798,1.6216216216216215,364,362,6,0,356,355,151096,8,0,0,8,7
2020-11-08,US,Maine,Piscataquis,18,0,0,45.83839062,-69.2860223,23021.0,107.23860589812332,0.0,18,17,0,0,17,14,16800,1,0,0,1,3
2020-11-08,US,Maine,Sagadahoc,97,0,0,43.95415864,-69.85074999,23023.0,270.5265506470326,0.0,97,96,0,0,96,95,35634,1,0,0,1,1
2020-11-08,US,Maine,Somerset,273,10,0,45.51229767,-69.95995554,23025.0,540.7653910149751,3.663003663003663,263,268,9,0,259,262,50592,5,1,0,4,6
2020-11-08,US,Maine,Unassigned,2,0,0,0.0,0.0,90023.0,0.0,0.0,2,5,0,0,5,9,,-3,0,0,-3,-4
2020-11-08,US,Maine,Waldo,175,15,0,44.4858305,-69.12061935,23027.0,440.6395568425028,8.571428571428571,160,173,15,0,158,169,39694,2,0,0,2,4
2020-11-08,US,Maine,Washington,104,0,0,45.01607142,-67.62813524,23029.0,331.43184932598234,0.0,104,104,0,0,104,98,31490,0,0,0,0,6
2020-11-08,US,Maine,York,1591,21,0,43.47808377,-70.71052375,23031.0,766.2263233176492,1.3199245757385292,1570,1566,21,0,1545,1546,206229,25,0,0,25,20
2020-11-08,US,Maryland,Allegany,1051,26,0,39.62357628,-78.69280486,24001.0,1492.558509429675,2.47383444338725,1025,1023,26,0,997,972,70975,28,0,0,28,51
2020-11-08,US,Maryland,Anne Arundel,13067,283,0,39.00670238,-76.60329337,24003.0,2255.910392000469,2.1657610775235328,12784,12970,283,0,12687,12795,576031,97,0,0,97,175
2020-11-08,US,Maryland,Baltimore,22427,684,0,39.45784712,-76.62911955,24005.0,2710.637320666691,3.049895215588353,21743,22267,683,0,21584,22046,828431,160,1,0,159,221
2020-11-08,US,Maryland,Baltimore City,19196,515,0,39.30211911,-76.61151012,24510.0,3234.426864816593,2.682850593873724,18681,19065,515,0,18550,18824,621342,131,0,0,131,241
2020-11-08,US,Maryland,Calvert,1274,29,0,38.53961642,-76.56820632,24009.0,1376.9251553634151,2.2762951334379906,1245,1270,29,0,1241,1265,92003,4,0,0,4,5
2020-11-08,US,Maryland,Caroline,778,9,0,38.87172293,-75.82904158,24011.0,2328.922947973418,1.1568123393316196,769,777,8,0,769,774,33304,1,1,0,0,3
2020-11-08,US,Maryland,Carroll,2451,130,0,39.56453592,-77.02373735,24013.0,1455.0570802685709,5.303957568339453,2321,2421,130,0,2291,2396,168429,30,0,0,30,25
2020-11-08,US,Maryland,Cecil,1466,36,0,39.56647682,-75.94627411,24015.0,1425.3074716834378,2.4556616643929057,1430,1459,36,0,1423,1439,102826,7,0,0,7,20
2020-11-08,US,Maryland,Charles,3443,102,0,38.51092331,-76.98580666,24017.0,2108.944792566321,2.962532674992739,3341,3419,102,0,3317,3377,161503,24,0,0,24,42
2020-11-08,US,Maryland,Dorchester,869,13,0,38.45413522,-76.02752426,24019.0,2721.6636913151056,1.4959723820483315,856,858,12,0,846,848,31998,11,1,0,10,10
2020-11-08,US,Maryland,Frederick,5166,140,0,39.47296601,-77.39999394,24021.0,1990.3909503866355,2.710027100271003,5026,5116,140,0,4976,5069,255648,50,0,0,50,47
2020-11-08,US,Maryland,Garrett,181,1,0,39.52786077,-79.27355126,24023.0,623.8367684566073,0.5524861878453039,180,174,1,0,173,172,29163,7,0,0,7,2
2020-11-08,US,Maryland,Harford,4076,84,0,39.55010644,-76.30775940000002,24025.0,1595.671798967276,2.0608439646712458,3992,3999,83,0,3916,3948,253956,77,1,0,76,51
2020-11-08,US,Maryland,Howard,6302,129,0,39.25305293,-76.93126208,24027.0,1934.9688353956217,2.046969216121866,6173,6261,128,0,6133,6195,323196,41,1,0,40,66
2020-11-08,US,Maryland,Kent,355,26,0,39.24976208,-76.04741541,24029.0,1827.8241169807434,7.323943661971831,329,355,26,0,329,354,19383,0,0,0,0,1
2020-11-08,US,Maryland,Montgomery,27342,889,0,39.13676329,-77.20358245,24031.0,2602.2948772613754,3.2514080901177675,26453,27169,888,0,26281,26996,1052567,173,1,0,172,173
2020-11-08,US,Maryland,Prince George's,34384,870,0,38.83070039,-76.8496441,24033.0,3781.2580072955047,2.530246626337832,33514,34246,869,0,33377,34070,909308,138,1,0,137,176
2020-11-08,US,Maryland,Queen Anne's,837,26,0,39.06198912,-76.03530977,24035.0,1661.3405847442484,3.106332138590203,811,835,26,0,809,826,50251,2,0,0,2,9
2020-11-08,US,Maryland,Somerset,492,7,0,38.1163542,-75.75118623,24039.0,1920.6745783885074,1.4227642276422765,485,489,7,0,482,484,25675,3,0,0,3,5
2020-11-08,US,Maryland,St. Mary's,1591,60,0,38.30058422,-76.60629279999998,24037.0,1401.6386221478283,3.771213073538655,1531,1571,60,0,1511,1558,112664,20,0,0,20,13
2020-11-08,US,Maryland,Talbot,673,6,0,38.76618159,-76.10882561,24041.0,1810.064280143084,0.8915304606240714,667,670,6,0,664,668,36968,3,0,0,3,2
2020-11-08,US,Maryland,Unassigned,0,17,0,0.0,0.0,90024.0,0.0,0.0,-17,0,13,0,-13,0,,0,4,0,-4,0
2020-11-08,US,Maryland,Washington,2612,47,0,39.60835778,-77.82002295,24043.0,1729.240180338831,1.7993874425727412,2565,2557,47,0,2510,2514,150926,55,0,0,55,43
2020-11-08,US,Maryland,Wicomico,2687,52,0,38.37301947,-75.62705831,24045.0,2593.4040479108958,1.9352437662820992,2635,2671,52,0,2619,2647,103195,16,0,0,16,24
2020-11-08,US,Maryland,Worcester,1276,31,0,38.21274277,-75.33200012,24047.0,2440.890657280588,2.4294670846394983,1245,1273,31,0,1242,1268,51823,3,0,0,3,5
2020-11-08,US,Massachusetts,Barnstable,2139,186,0,41.72980578,-70.28854339,25001.0,1004.2725010563877,8.695652173913043,1953,2123,186,0,1937,2111,213413,16,0,0,16,12
2020-11-08,US,Massachusetts,Berkshire,845,52,0,42.37428441,-73.20524838,25003.0,676.302983736714,6.153846153846153,793,838,52,0,786,829,126348,7,0,0,7,9
2020-11-08,US,Massachusetts,Bristol,14065,774,0,41.79228404,-71.10872211,25005.0,2488.424799678708,5.503021685033772,13291,13876,773,0,13103,13657,564022,189,1,0,188,219
2020-11-08,US,Massachusetts,Dukes and Nantucket,321,2,0,41.40674725,-70.68763497,0.0,1117.2601023284951,0.6230529595015576,319,306,2,0,304,289,26707,15,0,0,15,17
2020-11-08,US,Massachusetts,Essex,26490,1369,0,42.6687626,-70.94687179,25009.0,3357.269775446939,5.167987919969799,25121,26137,1366,0,24771,25741,790638,353,3,0,350,396
2020-11-08,US,Massachusetts,Franklin,507,74,0,42.58119713,-72.58602547,25011.0,722.4280421772585,14.595660749506905,433,504,74,0,430,500,70963,3,0,0,3,4
2020-11-08,US,Massachusetts,Hampden,11356,838,0,42.13440424,-72.63235561,25013.0,2434.966078581047,7.379358929200423,10518,11188,836,0,10352,11007,470406,168,2,0,166,181
2020-11-08,US,Massachusetts,Hampshire,1659,158,0,42.33997957,-72.65898478,25015.0,1031.5239694086922,9.523809523809524,1501,1638,158,0,1480,1604,161355,21,0,0,21,34
2020-11-08,US,Massachusetts,Middlesex,34979,2319,0,42.48607732,-71.39049229,25017.0,2170.318403126142,6.629692100974871,32660,34586,2314,0,32272,34142,1614714,393,5,0,388,444
2020-11-08,US,Massachusetts,Norfolk,12795,1127,0,42.16073095,-71.20530408,25021.0,1810.3356796717483,8.808128175068386,11668,12697,1125,0,11572,12538,705388,98,2,0,96,159
2020-11-08,US,Massachusetts,Plymouth,12195,851,0,41.94070556,-70.80802823,25023.0,2339.7838074297492,6.978269782697827,11344,12131,850,0,11281,12022,518132,64,1,0,63,109
2020-11-08,US,Massachusetts,Suffolk,30677,1198,0,42.327951399999996,-71.07850442,25025.0,3815.9886653555695,3.9052058545490103,29479,30359,1193,0,29166,30062,807252,318,5,0,313,297
2020-11-08,US,Massachusetts,Unassigned,5037,6,0,0.0,0.0,90025.0,0.0,0.11911852293031565,5031,5022,6,0,5016,4899,,15,0,0,15,123
2020-11-08,US,Massachusetts,Worcester,18334,1195,0,42.35026951,-71.90493363,25027.0,2207.261546166608,6.517944802007201,17139,18171,1194,0,16977,17873,830839,163,1,0,162,298
2020-11-08,US,Michigan,Alcona,61,3,0,44.6846864,-83.59507875,26001.0,586.2566074002882,4.918032786885246,58,61,3,0,58,59,10362,0,0,0,0,2
2020-11-08,US,Michigan,Alger,140,1,0,46.41292944,-86.60260122,26003.0,1537.1102327624067,0.7142857142857143,139,140,1,0,139,135,9097,0,0,0,0,5
2020-11-08,US,Michigan,Allegan,1941,8,0,42.59147037,-85.89102866,26005.0,1643.7868920486785,0.4121586810922205,1933,1941,8,0,1933,1857,117327,0,0,0,0,84
2020-11-08,US,Michigan,Alpena,211,14,0,45.03477666,-83.62212411,26007.0,742.8269670832599,6.6350710900473935,197,211,14,0,197,207,28360,0,0,0,0,4
2020-11-08,US,Michigan,Antrim,189,0,0,44.99690221,-85.15503082,26009.0,810.3241296518609,0.0,189,189,0,0,189,181,23365,0,0,0,0,8
2020-11-08,US,Michigan,Arenac,141,5,0,44.0636262,-83.89277559,26011.0,947.3896391856481,3.5460992907801416,136,141,5,0,136,134,15041,0,0,0,0,7
2020-11-08,US,Michigan,Baraga,190,4,0,46.6720582,-88.36363591,26013.0,2314.532829820929,2.1052631578947367,186,190,4,0,186,173,8320,0,0,0,0,17
2020-11-08,US,Michigan,Barry,1039,9,0,42.59513984,-85.30834519,26015.0,1688.0584890333066,0.8662175168431184,1030,1039,9,0,1030,981,61157,0,0,0,0,58
2020-11-08,US,Michigan,Bay,2084,68,0,43.70639106,-83.98731479,26017.0,2020.828888931986,3.2629558541266794,2016,2084,68,0,2016,1938,103923,0,0,0,0,146
2020-11-08,US,Michigan,Benzie,176,2,0,44.63899297,-86.01608482,26019.0,990.656309805246,1.1363636363636365,174,176,2,0,174,172,17753,0,0,0,0,4
2020-11-08,US,Michigan,Berrien,3541,93,0,41.95447397,-86.41313079999998,26021.0,2308.329150396673,2.6263767297373617,3448,3541,93,0,3448,3411,154141,0,0,0,0,130
2020-11-08,US,Michigan,Branch,1203,15,0,41.91600556,-85.05929476,26023.0,2764.43688673392,1.2468827930174564,1188,1203,15,0,1188,1164,43622,0,0,0,0,39
2020-11-08,US,Michigan,Calhoun,4012,81,0,42.24633834,-85.00493569,26025.0,2990.481443660134,2.0189431704885346,3931,4012,81,0,3931,3860,134487,0,0,0,0,152
2020-11-08,US,Michigan,Cass,1312,25,0,41.91522292,-85.99405727,26027.0,2533.454341823237,1.9054878048780488,1287,1312,25,0,1287,1274,51653,0,0,0,0,38
2020-11-08,US,Michigan,Charlevoix,285,4,0,45.37790017,-85.19614053,26029.0,1090.1579772788127,1.4035087719298245,281,285,4,0,281,275,26244,0,0,0,0,10
2020-11-08,US,Michigan,Cheboygan,240,5,0,45.44787015,-84.50122149,26031.0,949.5173286912486,2.083333333333333,235,240,5,0,235,229,25413,0,0,0,0,11
2020-11-08,US,Michigan,Chippewa,310,0,0,46.29552653,-84.54353449,26033.0,830.0088355779271,0.0,310,310,0,0,310,281,37517,0,0,0,0,29
2020-11-08,US,Michigan,Clare,403,17,0,43.98794227,-84.84819859999998,26035.0,1302.1001615508885,4.218362282878412,386,403,17,0,386,389,30757,0,0,0,0,14
2020-11-08,US,Michigan,Clinton,1577,17,0,42.94400871,-84.60145248,26037.0,1981.2802311702999,1.077996195307546,1560,1577,17,0,1560,1536,79332,0,0,0,0,41
2020-11-08,US,Michigan,Crawford,179,5,0,44.68255561,-84.61006219,26039.0,1275.928433958229,2.793296089385475,174,179,5,0,174,175,13901,0,0,0,0,4
2020-11-08,US,Michigan,Delta,1672,45,0,45.90484910000001,-86.9080745,26041.0,4672.479320366644,2.691387559808613,1627,1672,45,0,1627,1644,35857,0,0,0,0,28
2020-11-08,US,Michigan,Dickinson,939,26,0,46.00999672,-87.86961634,26043.0,3720.4326637346962,2.768903088391906,913,939,26,0,913,920,25383,0,0,0,0,19
2020-11-08,US,Michigan,Eaton,1624,13,0,42.59599185,-84.83740035,26045.0,1472.7754198860955,0.8004926108374384,1611,1624,13,0,1611,1556,109826,0,0,0,0,68
2020-11-08,US,Michigan,Emmet,489,13,0,45.52625509,-84.89083249,26047.0,1463.4146341463415,2.6584867075664618,476,489,13,0,476,466,33308,0,0,0,0,23
2020-11-08,US,Michigan,Federal Correctional Institution (FCI),197,5,0,0.0,0.0,0.0,0.0,2.538071065989848,192,197,5,0,192,197,,0,0,0,0,0
2020-11-08,US,Michigan,Genesee,8508,357,0,43.02244215,-83.70589709,26049.0,2096.5321465798293,4.19605077574048,8151,8508,357,0,8151,8238,406892,0,0,0,0,270
2020-11-08,US,Michigan,Gladwin,306,3,0,43.98901072,-84.38774817,26051.0,1202.4048096192384,0.9803921568627452,303,306,3,0,303,292,25337,0,0,0,0,14
2020-11-08,US,Michigan,Gogebic,543,16,0,46.40862701,-89.69377193,26053.0,3885.509838998211,2.9465930018416207,527,543,16,0,527,528,15096,0,0,0,0,15
2020-11-08,US,Michigan,Grand Traverse,1081,14,0,44.69565625,-85.55585247,26055.0,1161.2667583361979,1.2950971322849214,1067,1081,14,0,1067,971,92573,0,0,0,0,110
2020-11-08,US,Michigan,Gratiot,850,18,0,43.29265605,-84.60505416,26057.0,2087.8877944535875,2.117647058823529,832,850,18,0,832,744,40599,0,0,0,0,106
2020-11-08,US,Michigan,Hillsdale,712,29,0,41.88753639,-84.59312019,26059.0,1561.2323210174322,4.073033707865169,683,712,29,0,683,685,45749,0,0,0,0,27
2020-11-08,US,Michigan,Houghton,1113,9,0,46.89988536,-88.68495385,26061.0,3119.0449501177004,0.8086253369272237,1104,1113,9,0,1104,1073,36219,0,0,0,0,40
2020-11-08,US,Michigan,Huron,370,8,0,43.83353985,-83.04078453,26063.0,1194.280365385236,2.1621621621621623,362,370,8,0,362,357,31166,0,0,0,0,13
2020-11-08,US,Michigan,Ingham,5499,73,0,42.59716886,-84.37472069,26065.0,1880.6043651635046,1.3275140934715404,5426,5499,73,0,5426,5400,292735,0,0,0,0,99
2020-11-08,US,Michigan,Ionia,1066,8,0,42.94502238,-85.07413319,26067.0,1647.6807270816266,0.7504690431519699,1058,1066,8,0,1058,1014,64210,0,0,0,0,52
2020-11-08,US,Michigan,Iosco,377,17,0,44.35486835,-83.63484895,26069.0,1500.3780793568674,4.509283819628648,360,377,17,0,360,363,25081,0,0,0,0,14
2020-11-08,US,Michigan,Iron,547,28,0,46.20974132,-88.53136251,26071.0,4943.068859569854,5.1188299817184655,519,547,28,0,519,534,11117,0,0,0,0,13
2020-11-08,US,Michigan,Isabella,1365,15,0,43.64060976,-84.84664923,26073.0,1953.572246393405,1.0989010989010992,1350,1365,15,0,1350,1320,70562,0,0,0,0,45
2020-11-08,US,Michigan,Jackson,2493,78,0,42.24807035,-84.42258681,26075.0,1572.7714339789288,3.128760529482552,2415,2493,78,0,2415,2375,158823,0,0,0,0,118
2020-11-08,US,Michigan,Kalamazoo,6126,129,0,42.24542231,-85.53038622,26077.0,2311.122512883584,2.1057786483839367,5997,6126,129,0,5997,5938,264870,0,0,0,0,188
2020-11-08,US,Michigan,Kalkaska,183,4,0,44.68512729,-85.09085699,26079.0,1014.5248918948886,2.1857923497267757,179,183,4,0,179,175,17824,0,0,0,0,8
2020-11-08,US,Michigan,Kent,18987,209,0,43.03197711,-85.54934642,26081.0,2890.152293536087,1.1007531468899774,18778,18987,209,0,18778,18540,653786,0,0,0,0,447
2020-11-08,US,Michigan,Keweenaw,26,1,0,47.63197653,-88.41434263,26083.0,1228.733459357278,3.8461538461538463,25,26,1,0,25,25,2113,0,0,0,0,1
2020-11-08,US,Michigan,Lake,92,1,0,43.99050893,-85.802173,26085.0,776.1748080654687,1.0869565217391304,91,92,1,0,91,91,11881,0,0,0,0,1
2020-11-08,US,Michigan,Lapeer,1188,39,0,43.09052506,-83.22153148,26087.0,1356.0560229205428,3.2828282828282833,1149,1188,39,0,1149,1132,88028,0,0,0,0,56
2020-11-08,US,Michigan,Leelanau,196,2,0,44.94430054,-85.80150326,26089.0,900.6939019346538,1.020408163265306,194,196,2,0,194,190,21764,0,0,0,0,6
2020-11-08,US,Michigan,Lenawee,1404,21,0,41.89475156,-84.06603727,26091.0,1426.0901362098914,1.4957264957264955,1383,1404,21,0,1383,1367,98266,0,0,0,0,37
2020-11-08,US,Michigan,Livingston,2851,35,0,42.60302282,-83.91297209,26093.0,1484.9345035026956,1.227639424763241,2816,2851,35,0,2816,2740,191224,0,0,0,0,111
2020-11-08,US,Michigan,Luce,109,1,0,46.47227431,-85.54471223,26095.0,1749.8795954406808,0.9174311926605504,108,109,1,0,108,103,6283,0,0,0,0,6
2020-11-08,US,Michigan,Mackinac,187,0,0,46.07028979,-85.04980537,26097.0,1731.6418186869155,0.0,187,187,0,0,187,186,10787,0,0,0,0,1
2020-11-08,US,Michigan,Macomb,22667,1120,0,42.69158356,-82.92752801,26099.0,2593.5613497915265,4.941103807296951,21547,22667,1120,0,21547,22085,874759,0,0,0,0,582
2020-11-08,US,Michigan,Manistee,187,5,0,44.33352407,-86.05626916,26101.0,761.4626598257187,2.6737967914438503,182,187,5,0,182,186,24528,0,0,0,0,1
2020-11-08,US,Michigan,Marquette,1582,19,0,46.4338914,-87.64043701,26103.0,2371.8496529183344,1.2010113780025284,1563,1582,19,0,1563,1518,66516,0,0,0,0,64
2020-11-08,US,Michigan,Mason,344,5,0,43.99509218,-86.24988902,26105.0,1180.3458687894592,1.4534883720930232,339,344,5,0,339,336,29100,0,0,0,0,8
2020-11-08,US,Michigan,Mecosta,750,4,0,43.64064262,-85.32463223,26107.0,1726.0028076312335,0.5333333333333333,746,750,4,0,746,732,43545,0,0,0,0,18
2020-11-08,US,Michigan,Menominee,905,7,0,45.58038692,-87.55370409,26109.0,3972.783143107989,0.7734806629834254,898,905,7,0,898,896,22983,0,0,0,0,9
2020-11-08,US,Michigan,Michigan Department of Corrections (MDOC),7647,75,0,0.0,0.0,0.0,0.0,0.9807767752059632,7572,7647,75,0,7572,7509,,0,0,0,0,138
2020-11-08,US,Michigan,Midland,1526,14,0,43.64330771,-84.38804374,26111.0,1835.1051036605893,0.9174311926605504,1512,1526,14,0,1512,1471,83209,0,0,0,0,55
2020-11-08,US,Michigan,Missaukee,139,1,0,44.33772443,-85.09256478,26113.0,919.4337875380344,0.7194244604316546,138,139,1,0,138,138,15113,0,0,0,0,1
2020-11-08,US,Michigan,Monroe,2687,45,0,41.92734151,-83.53749864,26115.0,1785.3820598006644,1.6747301823595089,2642,2687,45,0,2642,2555,150439,0,0,0,0,132
2020-11-08,US,Michigan,Montcalm,976,15,0,43.31082541,-85.15252824,26117.0,1527.673428499875,1.536885245901639,961,976,15,0,961,936,63968,0,0,0,0,40
2020-11-08,US,Michigan,Montmorency,50,0,0,45.0275929,-84.12696227,26119.0,536.0205831903945,0.0,50,50,0,0,50,48,9265,0,0,0,0,2
2020-11-08,US,Michigan,Muskegon,3675,91,0,43.29123859,-86.15176712,26121.0,2117.3501722687624,2.4761904761904763,3584,3675,91,0,3584,3296,173588,0,0,0,0,379
2020-11-08,US,Michigan,Newaygo,876,6,0,43.554373999999996,-85.80070107,26123.0,1788.485095957534,0.6849315068493149,870,876,6,0,870,847,48892,0,0,0,0,29
2020-11-08,US,Michigan,Oakland,29849,1255,0,42.66090111,-83.38595416,26125.0,2373.5193831982597,4.204495963013836,28594,29849,1255,0,28594,29154,1259201,0,0,0,0,695
2020-11-08,US,Michigan,Oceana,779,6,0,43.64124435,-86.26726673,26127.0,2943.287867910984,0.7702182284980744,773,779,6,0,773,766,26625,0,0,0,0,13
2020-11-08,US,Michigan,Ogemaw,194,6,0,44.33481032,-84.12725175,26129.0,923.9415154545887,3.0927835051546397,188,194,6,0,188,184,20952,0,0,0,0,10
2020-11-08,US,Michigan,Ontonagon,198,1,0,46.665226200000006,-89.31390481,26131.0,3461.5384615384614,0.5050505050505051,197,198,1,0,197,187,5795,0,0,0,0,11
2020-11-08,US,Michigan,Osceola,260,1,0,43.98992088,-85.32566756,26133.0,1108.2693947144076,0.38461538461538464,259,260,1,0,259,254,23341,0,0,0,0,6
2020-11-08,US,Michigan,Oscoda,75,2,0,44.68192279,-84.12939244,26135.0,910.0837277029486,2.6666666666666665,73,75,2,0,73,71,8276,0,0,0,0,4
2020-11-08,US,Michigan,Otsego,367,12,0,45.02085831,-84.59898295,26137.0,1487.757418517918,3.2697547683923704,355,367,12,0,355,349,24665,0,0,0,0,18
2020-11-08,US,Michigan,Ottawa,7233,87,0,42.95996803,-85.9969107,26139.0,2478.4977555426103,1.2028204064703445,7146,7233,87,0,7146,6979,290494,0,0,0,0,254
2020-11-08,US,Michigan,Out of MI,417,4,0,0.0,0.0,80026.0,0.0,0.9592326139088728,413,417,4,0,413,385,,0,0,0,0,32
2020-11-08,US,Michigan,Presque Isle,99,1,0,45.34018577,-83.91498656,26141.0,786.2134688691232,1.0101010101010102,98,99,1,0,98,98,12738,0,0,0,0,1
2020-11-08,US,Michigan,Roscommon,268,6,0,44.33473082,-84.61067651,26143.0,1115.7833381905991,2.238805970149253,262,268,6,0,262,262,23884,0,0,0,0,6
2020-11-08,US,Michigan,Saginaw,5022,159,0,43.33433923,-84.05131209999998,26145.0,2635.680884228426,3.166069295101553,4863,5022,159,0,4863,4849,190800,0,0,0,0,173
2020-11-08,US,Michigan,Sanilac,321,8,0,43.42406072,-82.82055898,26151.0,779.6939519067282,2.4922118380062304,313,321,8,0,313,308,41182,0,0,0,0,13
2020-11-08,US,Michigan,Schoolcraft,128,1,0,46.19235734,-86.19972234,26153.0,1581.4183345688166,0.78125,127,128,1,0,127,126,8068,0,0,0,0,2
2020-11-08,US,Michigan,Shiawassee,980,35,0,42.95392800000001,-84.14585902,26155.0,1438.5954610845251,3.571428571428572,945,980,35,0,945,925,68192,0,0,0,0,55
2020-11-08,US,Michigan,St. Clair,2121,68,0,42.92655373,-82.67937954,26147.0,1332.889246392841,3.2060348892032065,2053,2121,68,0,2053,2046,159337,0,0,0,0,75
2020-11-08,US,Michigan,St. Joseph,1651,25,0,41.91441767,-85.52797979,26149.0,2708.1556328324914,1.5142337976983646,1626,1651,25,0,1626,1612,61043,0,0,0,0,39
2020-11-08,US,Michigan,Tuscola,900,37,0,43.46606813,-83.41897025,26157.0,1722.652885443583,4.111111111111111,863,900,37,0,863,866,52516,0,0,0,0,34
2020-11-08,US,Michigan,Unassigned,24,0,0,0.0,0.0,90026.0,0.0,0.0,24,24,0,0,24,14,,0,0,0,0,10
2020-11-08,US,Michigan,Van Buren,1495,21,0,42.25190229,-86.01939087,26159.0,1975.5011430157115,1.4046822742474916,1474,1495,21,0,1474,1446,75448,0,0,0,0,49
2020-11-08,US,Michigan,Washtenaw,6510,120,0,42.253105,-83.83853204,26161.0,1770.941863596671,1.8433179723502304,6390,6510,120,0,6390,6345,370963,0,0,0,0,165
2020-11-08,US,Michigan,Wayne,45576,3084,0,42.28098405,-83.281255,26163.0,2605.320969072389,6.7667193259610325,42492,45576,3084,0,42492,44888,1753893,0,0,0,0,688
2020-11-08,US,Michigan,Wexford,261,6,0,44.33853602,-85.57712739,26165.0,776.0696976004283,2.2988505747126435,255,261,6,0,255,247,33466,0,0,0,0,14
2020-11-08,US,Minnesota,Aitkin,343,5,0,46.60962049,-93.41168259999999,27001.0,2159.133828528264,1.4577259475218658,338,323,5,0,318,289,15902,20,0,0,20,34
2020-11-08,US,Minnesota,Anoka,12436,175,0,45.27476015,-93.24604565,27003.0,3484.244412629125,1.407204889031843,12261,11961,174,0,11787,11561,353813,475,1,0,474,400
2020-11-08,US,Minnesota,Becker,929,4,0,46.93479392,-95.67158144,27005.0,2698.776980507219,0.4305705059203445,925,894,4,0,890,860,34371,35,0,0,35,34
2020-11-08,US,Minnesota,Beltrami,1248,13,0,47.97373527,-94.93732139,27007.0,2644.740188183437,1.0416666666666667,1235,1207,13,0,1194,1154,46847,41,0,0,41,53
2020-11-08,US,Minnesota,Benton,1540,21,0,45.69804958,-93.99514135,27009.0,3766.294113331214,1.3636363636363635,1519,1473,19,0,1454,1416,40545,67,2,0,65,57
2020-11-08,US,Minnesota,Big Stone,215,1,0,45.42712824,-96.41403739,27011.0,4307.753957122821,0.4651162790697674,214,209,1,0,208,200,4989,6,0,0,6,9
2020-11-08,US,Minnesota,Blue Earth,2535,7,0,44.03554215,-94.06699781,27013.0,3747.062214535941,0.2761341222879685,2528,2484,7,0,2477,2392,67427,51,0,0,51,92
2020-11-08,US,Minnesota,Brown,570,5,0,44.24205652,-94.72562874,27015.0,2279.270633397313,0.8771929824561403,565,535,4,0,531,500,25111,35,1,0,34,35
2020-11-08,US,Minnesota,Carlton,826,5,0,46.59180601,-92.67601019,27017.0,2302.695770957041,0.6053268765133172,821,767,5,0,762,740,35837,59,0,0,59,27
2020-11-08,US,Minnesota,Carver,2339,9,0,44.82017001,-93.80099179999999,27019.0,2225.7324743788604,0.3847798204360838,2330,2248,9,0,2239,2174,103551,91,0,0,91,74
2020-11-08,US,Minnesota,Cass,676,7,0,46.95043611,-94.32603968,27021.0,2270.056079787769,1.0355029585798816,669,643,5,0,638,615,29519,33,2,0,31,28
2020-11-08,US,Minnesota,Chippewa,561,4,0,45.02343421,-95.56403693,27023.0,4754.237288135593,0.7130124777183601,557,553,3,0,550,534,11924,8,1,0,7,19
2020-11-08,US,Minnesota,Chisago,1681,2,0,45.5021011,-92.90861945,27025.0,2971.067003658601,0.1189767995240928,1679,1622,2,0,1620,1561,55922,59,0,0,59,61
2020-11-08,US,Minnesota,Clay,3203,46,0,46.89289518,-96.48761922,27027.0,4987.387499610725,1.4361536059943802,3157,3087,46,0,3041,3014,63955,116,0,0,116,73
2020-11-08,US,Minnesota,Clearwater,208,2,0,47.57992111,-95.37790562,27029.0,2358.811521887049,0.9615384615384616,206,208,2,0,206,196,8810,0,0,0,0,12
2020-11-08,US,Minnesota,Cook,33,0,0,47.90504893,-90.52629546,27031.0,604.0637012630423,0.0,33,33,0,0,33,32,5393,0,0,0,0,1
2020-11-08,US,Minnesota,Cottonwood,383,0,0,44.00715262,-95.18138802,27033.0,3420.8645944980353,0.0,383,365,0,0,365,344,11277,18,0,0,18,21
2020-11-08,US,Minnesota,Crow Wing,1793,22,0,46.48096553,-94.06755609,27035.0,2756.1294289447387,1.2269938650306749,1771,1706,22,0,1684,1629,64889,87,0,0,87,77
2020-11-08,US,Minnesota,Dakota,12661,147,0,44.67172617,-93.06299363,27037.0,2951.1375900014227,1.1610457309849145,12514,12213,146,0,12067,11938,425423,448,1,0,447,275
2020-11-08,US,Minnesota,Dodge,500,0,0,44.02238415,-92.86244324,27039.0,2388.4589662749595,0.0,500,496,0,0,496,484,20822,4,0,0,4,12
2020-11-08,US,Minnesota,Douglas,1161,11,0,45.93348491,-95.45335469,27041.0,3043.968432919955,0.9474590869939707,1150,1069,10,0,1059,1021,37964,92,1,0,91,48
2020-11-08,US,Minnesota,Faribault,313,0,0,43.67381499,-93.94787458,27043.0,2292.536438877902,0.0,313,307,0,0,307,295,13758,6,0,0,6,12
2020-11-08,US,Minnesota,Fillmore,355,0,0,43.67394126,-92.08980382,27045.0,1685.0999193050745,0.0,355,349,0,0,349,331,21058,6,0,0,6,18
2020-11-08,US,Minnesota,Freeborn,903,5,0,43.67385583,-93.34884422,27047.0,2982.067963409399,0.5537098560354374,898,888,5,0,883,840,30444,15,0,0,15,48
2020-11-08,US,Minnesota,Goodhue,976,17,0,44.40849741,-92.72341949999999,27049.0,2106.17177384549,1.7418032786885247,959,964,17,0,947,931,46403,12,0,0,12,33
2020-11-08,US,Minnesota,Grant,139,5,0,45.93424769,-96.01139609,27051.0,2327.528466175485,3.5971223021582728,134,132,5,0,127,131,6021,7,0,0,7,1
2020-11-08,US,Minnesota,Hennepin,42695,1023,0,45.00761521,-93.47694895,27053.0,3372.851135567365,2.3960651130108914,41672,41436,1020,0,40416,40559,1259428,1259,3,0,1256,877
2020-11-08,US,Minnesota,Houston,344,2,0,43.67129565,-91.49143057,27055.0,1849.4623655913974,0.5813953488372093,342,336,2,0,334,318,18578,8,0,0,8,18
2020-11-08,US,Minnesota,Hubbard,631,9,0,47.10778564,-94.91693868,27057.0,2936.112791401052,1.4263074484944531,622,596,8,0,588,581,21332,35,1,0,34,15
2020-11-08,US,Minnesota,Isanti,882,8,0,45.56181234,-93.29487636,27059.0,2172.6278451078924,0.90702947845805,874,843,8,0,835,799,39966,39,0,0,39,44
2020-11-08,US,Minnesota,Itasca,1056,17,0,47.51009045,-93.63092229,27061.0,2339.90693551961,1.6098484848484849,1039,1026,17,0,1009,992,45108,30,0,0,30,34
2020-11-08,US,Minnesota,Jackson,272,1,0,43.67423373,-95.15398258,27063.0,2762.5431647369487,0.36764705882352944,271,266,1,0,265,263,9911,6,0,0,6,3
2020-11-08,US,Minnesota,Kanabec,307,10,0,45.9459309,-93.29275192,27065.0,1879.1699822488833,3.2573289902280136,297,291,10,0,281,279,16207,16,0,0,16,12
2020-11-08,US,Minnesota,Kandiyohi,2224,6,0,45.1526059,-95.00586446,27067.0,5148.267321002801,0.2697841726618705,2218,2180,6,0,2174,2131,42855,44,0,0,44,49
2020-11-08,US,Minnesota,Kittson,105,1,0,48.77754106,-96.78317184,27069.0,2442.99674267101,0.9523809523809524,104,100,1,0,99,94,4248,5,0,0,5,6
2020-11-08,US,Minnesota,Koochiching,206,5,0,48.24539665,-93.78352843,27071.0,1684.5204023223487,2.4271844660194173,201,200,5,0,195,196,12440,6,0,0,6,4
2020-11-08,US,Minnesota,Lac qui Parle,182,3,0,44.9973857,-96.17488219,27073.0,2747.999396044089,1.6483516483516485,179,171,3,0,168,170,6658,11,0,0,11,1
2020-11-08,US,Minnesota,Lake,182,0,0,47.64270764,-91.44557998,27075.0,1710.3655671459449,0.0,182,170,0,0,170,168,10658,12,0,0,12,2
2020-11-08,US,Minnesota,Lake of the Woods,63,1,0,48.77217001,-94.90274472,27077.0,1684.4919786096254,1.5873015873015872,62,61,1,0,60,58,3758,2,0,0,2,3
2020-11-08,US,Minnesota,Le Sueur,830,6,0,44.37136597,-93.72844721,27079.0,2873.264790390141,0.7228915662650602,824,810,6,0,804,776,28494,20,0,0,20,34
2020-11-08,US,Minnesota,Lincoln,229,1,0,44.41311883,-96.26688165,27081.0,4061.0037240645506,0.4366812227074236,228,226,1,0,225,222,5673,3,0,0,3,4
2020-11-08,US,Minnesota,Lyon,1245,6,0,44.41327865,-95.83806103,27083.0,4887.336107403628,0.4819277108433735,1239,1214,6,0,1208,1176,25629,31,0,0,31,38
2020-11-08,US,Minnesota,Mahnomen,155,3,0,47.32557075,-95.80921485,27087.0,2804.4146915143842,1.935483870967742,152,150,3,0,147,149,5519,5,0,0,5,1
2020-11-08,US,Minnesota,Marshall,259,4,0,48.35825983,-96.37017407,27089.0,2774.2073693230504,1.5444015444015444,255,244,3,0,241,233,9390,15,1,0,14,11
2020-11-08,US,Minnesota,Martin,711,18,0,43.67429718,-94.55099908,27091.0,3612.25422953818,2.5316455696202533,693,701,18,0,683,688,19785,10,0,0,10,13
2020-11-08,US,Minnesota,McLeod,881,4,0,44.82367677,-94.27287017,27085.0,2454.5175939598253,0.4540295119182747,877,807,4,0,803,756,35873,74,0,0,74,51
2020-11-08,US,Minnesota,Meeker,506,4,0,45.12328869,-94.52839455,27093.0,2178.9682197915768,0.7905138339920948,502,494,4,0,490,466,23141,12,0,0,12,28
2020-11-08,US,Minnesota,Mille Lacs,748,21,0,45.93705297,-93.63236823,27095.0,2846.595882330555,2.807486631016043,727,704,21,0,683,664,26139,44,0,0,44,40
2020-11-08,US,Minnesota,Morrison,1126,12,0,46.01265363,-94.27341528,27097.0,3372.671179536333,1.0657193605683837,1114,1101,11,0,1090,1074,33169,25,1,0,24,27
2020-11-08,US,Minnesota,Mower,1683,21,0,43.67142874,-92.75234549,27099.0,4200.988467874794,1.2477718360071302,1662,1677,21,0,1656,1647,40011,6,0,0,6,30
2020-11-08,US,Minnesota,Murray,351,3,0,44.02216709,-95.76328482,27101.0,4283.622162557969,0.8547008547008547,348,344,3,0,341,338,8276,7,0,0,7,6
2020-11-08,US,Minnesota,Nicollet,953,20,0,44.35291112,-94.24710352,27103.0,2780.5333488942047,2.0986358866736623,933,920,20,0,900,886,34220,33,0,0,33,34
2020-11-08,US,Minnesota,Nobles,2614,22,0,43.67434621,-95.75329576,27105.0,12085.625780202507,0.8416220351951033,2592,2556,22,0,2534,2537,21924,58,0,0,58,19
2020-11-08,US,Minnesota,Norman,201,4,0,47.32628443,-96.45620947,27107.0,3152.9411764705883,1.9900497512437807,197,198,4,0,194,192,6475,3,0,0,3,6
2020-11-08,US,Minnesota,Olmsted,4213,30,0,44.00374114,-92.40209944,27109.0,2661.5200924867177,0.7120816520294327,4183,4147,30,0,4117,4045,156277,66,0,0,66,102
2020-11-08,US,Minnesota,Otter Tail,1302,9,0,46.40846929,-95.70835255,27111.0,2216.321111224594,0.6912442396313364,1293,1234,8,0,1226,1202,58812,68,1,0,67,32
2020-11-08,US,Minnesota,Pennington,278,2,0,48.06642577,-96.0370814,27113.0,1968.9779729442603,0.7194244604316546,276,269,2,0,267,261,14178,9,0,0,9,8
2020-11-08,US,Minnesota,Pine,753,2,0,46.12105238,-92.74070188,27115.0,2545.725007606748,0.2656042496679947,751,731,2,0,729,711,29483,22,0,0,22,20
2020-11-08,US,Minnesota,Pipestone,447,17,0,44.02301619,-96.25841142,27117.0,4898.093359631821,3.8031319910514543,430,426,17,0,409,420,9047,21,0,0,21,6
2020-11-08,US,Minnesota,Polk,1296,10,0,47.77372465,-96.40134647,27119.0,4132.126004336183,0.7716049382716049,1286,1240,9,0,1231,1200,31529,56,1,0,55,40
2020-11-08,US,Minnesota,Pope,243,1,0,45.58606667,-95.44451209,27121.0,2160.1920170681838,0.41152263374485604,242,230,1,0,229,222,11097,13,0,0,13,8
2020-11-08,US,Minnesota,Ramsey,17822,406,0,45.01625271,-93.09872295,27123.0,3238.4735454398437,2.2780832678711707,17416,17297,399,0,16898,16971,550210,525,7,0,518,326
2020-11-08,US,Minnesota,Red Lake,116,2,0,47.87197525,-96.09561104,27125.0,2860.6658446362517,1.7241379310344829,114,108,2,0,106,104,3999,8,0,0,8,4
2020-11-08,US,Minnesota,Redwood,405,12,0,44.40555844,-95.25207021,27127.0,2669.7429136453525,2.962962962962963,393,387,12,0,375,373,15249,18,0,0,18,14
2020-11-08,US,Minnesota,Renville,374,14,0,44.72836381,-94.94553734,27129.0,2570.800109980753,3.7433155080213902,360,363,14,0,349,346,14612,11,0,0,11,17
2020-11-08,US,Minnesota,Rice,2145,15,0,44.3543376,-93.29658715,27131.0,3202.8310338648994,0.6993006993006993,2130,2074,14,0,2060,1990,66523,71,1,0,70,84
2020-11-08,US,Minnesota,Rock,438,9,0,43.67482683,-96.25296832,27133.0,4702.093397745572,2.054794520547945,429,425,9,0,416,421,9414,13,0,0,13,4
2020-11-08,US,Minnesota,Roseau,550,1,0,48.77501878,-95.81079919,27135.0,3626.772172766238,0.18181818181818185,549,534,1,0,533,501,15150,16,0,0,16,33
2020-11-08,US,Minnesota,Scott,4644,42,0,44.6490231,-93.53340251,27139.0,3116.506613516941,0.9043927648578812,4602,4481,40,0,4441,4340,147381,163,2,0,161,141
2020-11-08,US,Minnesota,Sherburne,2802,27,0,45.44447208,-93.77617511,27141.0,2881.5895020465255,0.9635974304068522,2775,2626,26,0,2600,2504,96036,176,1,0,175,122
2020-11-08,US,Minnesota,Sibley,351,3,0,44.5796592,-94.23164924,27143.0,2361.251261352169,0.8547008547008547,348,339,3,0,336,316,15028,12,0,0,12,23
2020-11-08,US,Minnesota,St. Louis,4267,77,0,47.604840700000004,-92.46879855,27137.0,2143.467122117848,1.8045465198031403,4190,4120,77,0,4043,4022,199754,147,0,0,147,98
2020-11-08,US,Minnesota,Stearns,8023,60,0,45.55192576,-94.61078221,27145.0,4980.9095142014585,0.7478499314470897,7963,7839,59,0,7780,7654,159256,184,1,0,183,185
2020-11-08,US,Minnesota,Steele,1017,4,0,44.02240351,-93.22627088,27147.0,2774.9733962727496,0.3933136676499509,1013,1004,4,0,1000,955,36803,13,0,0,13,49
2020-11-08,US,Minnesota,Stevens,254,1,0,45.58613007,-96.00163705,27149.0,2590.515043345232,0.3937007874015748,253,231,1,0,230,226,9753,23,0,0,23,5
2020-11-08,US,Minnesota,Swift,310,3,0,45.2829032,-95.68264092,27151.0,3345.5644290956184,0.967741935483871,307,299,3,0,296,283,9345,11,0,0,11,16
2020-11-08,US,Minnesota,Todd,1198,10,0,46.06996226,-94.89785296,27153.0,4857.281868310088,0.8347245409015025,1188,1158,10,0,1148,1127,24582,40,0,0,40,31
2020-11-08,US,Minnesota,Traverse,80,0,0,45.77298854,-96.47062949,27155.0,2454.74071801166,0.0,80,74,0,0,74,71,3308,6,0,0,6,3
2020-11-08,US,Minnesota,Unassigned,298,54,0,0.0,0.0,90027.0,0.0,18.12080536912752,244,247,54,0,193,349,,51,0,0,51,-102
2020-11-08,US,Minnesota,Wabasha,544,1,0,44.28424356,-92.23121312,27157.0,2515.3743006427153,0.18382352941176472,543,535,1,0,534,515,21645,9,0,0,9,20
2020-11-08,US,Minnesota,Wadena,399,5,0,46.58589171,-94.96968506,27159.0,2916.2403157433123,1.2531328320802004,394,388,5,0,383,376,13773,11,0,0,11,12
2020-11-08,US,Minnesota,Waseca,1012,10,0,44.02211116,-93.58720034,27161.0,5437.352245862884,0.9881422924901184,1002,1004,10,0,994,995,18691,8,0,0,8,9
2020-11-08,US,Minnesota,Washington,8412,79,0,45.03864533,-92.88429635,27163.0,3205.3040695015998,0.9391345696623872,8333,8115,78,0,8037,7930,259201,297,1,0,296,185
2020-11-08,US,Minnesota,Watonwan,618,4,0,43.97823903,-94.61413846,27165.0,5671.28567495641,0.6472491909385113,614,616,4,0,612,614,10980,2,0,0,2,2
2020-11-08,US,Minnesota,Wilkin,195,4,0,46.35721532,-96.4684375,27167.0,3141.614306428225,2.051282051282051,191,180,4,0,176,176,6254,15,0,0,15,4
2020-11-08,US,Minnesota,Winona,1686,20,0,43.98772283,-91.78081305,27169.0,3339.6719752792965,1.1862396204033214,1666,1653,20,0,1633,1606,50825,33,0,0,33,47
2020-11-08,US,Minnesota,Wright,3807,21,0,45.17297924,-93.96234781,27171.0,2751.1797480795217,0.5516154452324665,3786,3641,20,0,3621,3514,136349,166,1,0,165,127
2020-11-08,US,Minnesota,Yellow Medicine,395,7,0,44.71710183,-95.86842453,27173.0,4068.3901534658557,1.7721518987341771,388,381,7,0,374,373,9795,14,0,0,14,8
2020-11-08,US,Mississippi,Adams,1181,46,0,31.47669768,-91.35326037,28001.0,3847.7828820903774,3.895004233700254,1135,1173,46,0,1127,1155,31192,8,0,0,8,18
2020-11-08,US,Mississippi,Alcorn,1207,14,0,34.88084463,-88.57996173,28003.0,3266.311260249506,1.15990057995029,1193,1193,14,0,1179,1186,36925,14,0,0,14,7
2020-11-08,US,Mississippi,Amite,442,14,0,31.17467303,-90.80501621,28005.0,3594.3726112059853,3.1674208144796383,428,442,14,0,428,441,12326,0,0,0,0,1
2020-11-08,US,Mississippi,Attala,858,27,0,33.08658803,-89.57838564,28007.0,4721.030042918455,3.1468531468531467,831,856,27,0,829,844,18365,2,0,0,2,12
2020-11-08,US,Mississippi,Benton,412,12,0,34.81681228,-89.18945516,28009.0,4988.497396779271,2.9126213592233015,400,412,12,0,400,403,8271,0,0,0,0,9
2020-11-08,US,Mississippi,Bolivar,2148,81,0,33.79696941,-90.87372121,28011.0,7013.1905445997145,3.7709497206703912,2067,2144,81,0,2063,2125,31333,4,0,0,4,19
2020-11-08,US,Mississippi,Calhoun,655,13,0,33.93683395,-89.33686647,28013.0,4560.963721189332,1.984732824427481,642,652,13,0,639,649,14436,3,0,0,3,3
2020-11-08,US,Mississippi,Carroll,573,13,0,33.44834567,-89.91994479,28015.0,5760.5308133105445,2.2687609075043635,560,568,13,0,555,557,9911,5,0,0,5,11
2020-11-08,US,Mississippi,Chickasaw,910,31,0,33.91983202,-88.9481545,28017.0,5320.703970063732,3.4065934065934065,879,907,31,0,876,897,17171,3,0,0,3,10
2020-11-08,US,Mississippi,Choctaw,230,7,0,33.34598242,-89.24809382,28019.0,2801.4616321559074,3.0434782608695654,223,230,7,0,223,229,8278,0,0,0,0,1
2020-11-08,US,Mississippi,Claiborne,550,16,0,31.97061673,-90.90702196,28021.0,6119.270137961727,2.9090909090909087,534,550,16,0,534,550,9002,0,0,0,0,0
2020-11-08,US,Mississippi,Clarke,815,53,0,32.04158545,-88.68896219999998,28023.0,5244.192780387362,6.503067484662576,762,814,53,0,761,812,15604,1,0,0,1,2
2020-11-08,US,Mississippi,Clay,772,25,0,33.65358105,-88.77784255,28025.0,3996.6866846137923,3.238341968911917,747,756,25,0,731,754,19386,16,0,0,16,2
2020-11-08,US,Mississippi,Coahoma,1313,37,0,34.22772299,-90.60415045,28027.0,5934.731513288737,2.8179741051028184,1276,1308,37,0,1271,1306,22628,5,0,0,5,2
2020-11-08,US,Mississippi,Copiah,1449,38,0,31.86977774,-90.44565118,28029.0,5163.014430785676,2.622498274672188,1411,1442,38,0,1404,1432,28543,7,0,0,7,10
2020-11-08,US,Mississippi,Covington,1055,31,0,31.63225413,-89.55389939,28031.0,5661.086069972097,2.938388625592417,1024,1051,31,0,1020,1046,18853,4,0,0,4,5
2020-11-08,US,Mississippi,DeSoto,8159,84,0,34.87625235,-89.99091418,28033.0,4411.581821622644,1.0295379335702906,8075,8108,83,0,8025,8036,182001,51,1,0,50,72
2020-11-08,US,Mississippi,Forrest,3282,82,0,31.18961454,-89.25832496,28035.0,4382.017971347317,2.4984765386959173,3200,3271,82,0,3189,3256,75036,11,0,0,11,15
2020-11-08,US,Mississippi,Franklin,262,3,0,31.47786634,-90.89672989,28037.0,3396.8624400363024,1.1450381679389312,259,261,3,0,258,260,7788,1,0,0,1,1
2020-11-08,US,Mississippi,George,1094,21,0,30.86259065,-88.64436789,28039.0,4465.306122448979,1.919561243144424,1073,1092,21,0,1071,1077,24250,2,0,0,2,15
2020-11-08,US,Mississippi,Greene,511,19,0,31.21444233,-88.63922281,28041.0,3761.224790225232,3.718199608610568,492,511,19,0,492,507,13586,0,0,0,0,4
2020-11-08,US,Mississippi,Grenada,1272,42,0,33.77036166,-89.80245083,28043.0,6127.757972829752,3.30188679245283,1230,1271,42,0,1229,1266,21055,1,0,0,1,5
2020-11-08,US,Mississippi,Hancock,972,33,0,30.41830223,-89.48851033,28045.0,2040.644944575076,3.3950617283950617,939,965,33,0,932,949,47334,7,0,0,7,16
2020-11-08,US,Mississippi,Harrison,6136,92,0,30.51359752,-89.12467576,28047.0,2948.86582083814,1.4993481095176011,6044,6051,92,0,5959,5939,206650,85,0,0,85,112
2020-11-08,US,Mississippi,Hinds,8510,182,0,32.2656285,-90.44435448,28049.0,3670.6349206349214,2.1386603995299653,8328,8473,182,0,8291,8429,237085,37,0,0,37,44
2020-11-08,US,Mississippi,Holmes,1175,60,0,33.12345854,-90.08923538,28051.0,6907.701352145798,5.1063829787234045,1115,1168,60,0,1108,1164,17622,7,0,0,7,4
2020-11-08,US,Mississippi,Humphreys,487,18,0,33.12825718,-90.52252707,28053.0,6039.186507936508,3.6960985626283374,469,484,18,0,466,481,8257,3,0,0,3,3
2020-11-08,US,Mississippi,Issaquena,107,4,0,32.72531359,-90.97392828,28055.0,8063.300678221552,3.7383177570093458,103,107,4,0,103,107,1308,0,0,0,0,0
2020-11-08,US,Mississippi,Itawamba,1267,30,0,34.27993475,-88.3606733,28057.0,5416.844805472424,2.3677979479084446,1237,1264,30,0,1234,1250,23517,3,0,0,3,14
2020-11-08,US,Mississippi,Jackson,5390,102,0,30.54020656,-88.64184064,28059.0,3753.037593042606,1.8923933209647492,5288,5316,102,0,5214,5248,143277,74,0,0,74,68
2020-11-08,US,Mississippi,Jasper,739,19,0,32.01922104,-89.11786866,28061.0,4510.773362631997,2.571041948579161,720,734,19,0,715,726,16428,5,0,0,5,8
2020-11-08,US,Mississippi,Jefferson,292,11,0,31.73397872,-91.03764977,28063.0,4177.396280400572,3.767123287671233,281,292,11,0,281,291,7106,0,0,0,0,1
2020-11-08,US,Mississippi,Jefferson Davis,465,14,0,31.56884708,-89.82670990000004,28065.0,4178.648454349389,3.010752688172043,451,464,14,0,450,457,11234,1,0,0,1,7
2020-11-08,US,Mississippi,Jones,3122,84,0,31.62257767,-89.16896899999998,28067.0,4584.569297189345,2.690582959641256,3038,3115,84,0,3031,3104,68461,7,0,0,7,11
2020-11-08,US,Mississippi,Kemper,345,15,0,32.75462946,-88.64105766,28069.0,3541.367275713406,4.3478260869565215,330,345,15,0,330,342,10027,0,0,0,0,3
2020-11-08,US,Mississippi,Lafayette,2713,43,0,34.35687874,-89.48490961,28071.0,5022.3069660674955,1.58496129745669,2670,2693,43,0,2650,2674,54793,20,0,0,20,19
2020-11-08,US,Mississippi,Lamar,2502,42,0,31.20572971,-89.5077704,28073.0,3949.9234327392132,1.6786570743405276,2460,2492,42,0,2450,2466,62447,10,0,0,10,26
2020-11-08,US,Mississippi,Lauderdale,2817,138,0,32.40419769,-88.66229662,28075.0,3800.3372681281617,4.898828541001065,2679,2789,138,0,2651,2773,75317,28,0,0,28,16
2020-11-08,US,Mississippi,Lawrence,596,14,0,31.55147224,-90.10841127,28077.0,4735.42030827904,2.348993288590604,582,595,14,0,581,593,12455,1,0,0,1,2
2020-11-08,US,Mississippi,Leake,1209,43,0,32.7536828,-89.52402044,28079.0,5305.889581321864,3.5566583953680726,1166,1202,43,0,1159,1196,22763,7,0,0,7,6
2020-11-08,US,Mississippi,Lee,4036,86,0,34.291877500000005,-88.68149954,28081.0,4724.003932768388,2.1308225966303267,3950,4010,85,0,3925,3959,85202,26,1,0,25,51
2020-11-08,US,Mississippi,Leflore,1830,88,0,33.55545125,-90.29900733,28083.0,6493.2760884221,4.808743169398907,1742,1822,88,0,1734,1808,28919,8,0,0,8,14
2020-11-08,US,Mississippi,Lincoln,1526,63,0,31.53288662,-90.45391915,28085.0,4468.128714900595,4.128440366972477,1463,1521,62,0,1459,1516,34205,5,1,0,4,5
2020-11-08,US,Mississippi,Lowndes,1975,62,0,33.47386518,-88.44191529999998,28087.0,3370.5947606451064,3.1392405063291138,1913,1956,62,0,1894,1947,58930,19,0,0,19,9
2020-11-08,US,Mississippi,Madison,4081,94,0,32.63389156,-90.03513564,28089.0,3840.1460403492933,2.3033570203381526,3987,4034,94,0,3940,4005,105630,47,0,0,47,29
2020-11-08,US,Mississippi,Marion,1008,46,0,31.23132643,-89.8209217,28091.0,4102.063240141621,4.563492063492063,962,1003,46,0,957,997,24715,5,0,0,5,6
2020-11-08,US,Mississippi,Marshall,1684,37,0,34.76216286,-89.50299462,28093.0,4771.349237830793,2.197149643705463,1647,1672,35,0,1637,1650,35451,12,2,0,10,22
2020-11-08,US,Mississippi,Monroe,1660,75,0,33.89236763,-88.4808438,28095.0,4708.952683535686,4.518072289156627,1585,1653,75,0,1578,1640,35564,7,0,0,7,13
2020-11-08,US,Mississippi,Montgomery,612,23,0,33.49419589,-89.61729103,28097.0,6260.869565217391,3.7581699346405233,589,609,23,0,586,601,10023,3,0,0,3,8
2020-11-08,US,Mississippi,Neshoba,1945,111,0,32.75339664,-89.11726492,28099.0,6679.717013531149,5.706940874035991,1834,1941,111,0,1830,1938,29125,4,0,0,4,3
2020-11-08,US,Mississippi,Newton,913,28,0,32.40021118,-89.11843336,28101.0,4343.8957084403855,3.0668127053669223,885,907,28,0,879,904,21443,6,0,0,6,3
2020-11-08,US,Mississippi,Noxubee,626,17,0,33.11009499,-88.56949061,28103.0,6009.4076989536325,2.7156549520766773,609,623,17,0,606,620,10535,3,0,0,3,3
2020-11-08,US,Mississippi,Oktibbeha,2148,57,0,33.42491685,-88.87905132,28105.0,4331.7805069877195,2.653631284916201,2091,2141,57,0,2084,2132,49599,7,0,0,7,9
2020-11-08,US,Mississippi,Panola,1837,42,0,34.36398677,-89.95064249,28107.0,5372.60177819373,2.286336418072945,1795,1821,41,0,1780,1802,34178,16,1,0,15,19
2020-11-08,US,Mississippi,Pearl River,1268,62,0,30.77090935,-89.58677275,28109.0,2283.244800576213,4.889589905362777,1206,1264,62,0,1202,1255,55387,4,0,0,4,9
2020-11-08,US,Mississippi,Perry,557,23,0,31.17161885,-88.99281835,28111.0,4652.1339680948795,4.129263913824056,534,555,23,0,532,553,11931,2,0,0,2,2
2020-11-08,US,Mississippi,Pike,1445,58,0,31.17507789,-90.40392572,28113.0,3677.9678273264094,4.013840830449826,1387,1443,56,0,1387,1442,39563,2,2,0,0,1
2020-11-08,US,Mississippi,Pontotoc,1676,21,0,34.226046000000004,-89.03636807,28115.0,5209.17511033754,1.2529832935560858,1655,1659,21,0,1638,1645,31833,17,0,0,17,14
2020-11-08,US,Mississippi,Prentiss,1183,22,0,34.61810501,-88.51986294,28117.0,4708.270317599298,1.8596787827557055,1161,1178,22,0,1156,1164,25315,5,0,0,5,14
2020-11-08,US,Mississippi,Quitman,436,7,0,34.25157572,-90.28908,28119.0,6419.316843345112,1.6055045871559632,429,435,7,0,428,434,7051,1,0,0,1,1
2020-11-08,US,Mississippi,Rankin,4444,89,0,32.26469147,-89.94537876,28121.0,2862.092728197796,2.0027002700270033,4355,4414,89,0,4325,4373,153902,30,0,0,30,41
2020-11-08,US,Mississippi,Scott,1329,29,0,32.406704100000006,-89.53789439,28123.0,4725.501351159152,2.18209179834462,1300,1328,29,0,1299,1318,28287,1,0,0,1,10
2020-11-08,US,Mississippi,Sharkey,293,15,0,32.88149103,-90.81595379999999,28125.0,6780.837769034945,5.119453924914676,278,293,15,0,278,293,4377,0,0,0,0,0
2020-11-08,US,Mississippi,Simpson,1297,50,0,31.91282117,-89.91716179,28127.0,4865.331232650611,3.855050115651504,1247,1296,50,0,1246,1288,26758,1,0,0,1,8
2020-11-08,US,Mississippi,Smith,634,16,0,32.01744532,-89.50644846,28129.0,3983.4129178185467,2.5236593059936907,618,632,16,0,616,633,16002,2,0,0,2,-1
2020-11-08,US,Mississippi,Stone,558,14,0,30.79187949,-89.11547539,28131.0,3043.193717277488,2.508960573476702,544,554,14,0,540,540,18717,4,0,0,4,14
2020-11-08,US,Mississippi,Sunflower,1740,53,0,33.60192578,-90.58882684,28133.0,6929.510155316607,3.045977011494253,1687,1737,53,0,1684,1719,25735,3,0,0,3,18
2020-11-08,US,Mississippi,Tallahatchie,899,26,0,33.95339918,-90.1729398,28135.0,6510.246940401186,2.8921023359288096,873,898,26,0,872,895,13987,1,0,0,1,3
2020-11-08,US,Mississippi,Tate,1378,40,0,34.65133709,-89.94485778,28137.0,4865.647399456234,2.902757619738752,1338,1359,40,0,1319,1343,28759,19,0,0,19,16
2020-11-08,US,Mississippi,Tippah,1039,26,0,34.76872156,-88.90988194,28139.0,4719.50942539178,2.5024061597690093,1013,1035,26,0,1009,1021,21995,4,0,0,4,14
2020-11-08,US,Mississippi,Tishomingo,901,41,0,34.74023475,-88.23917219,28141.0,4648.403239952536,4.5504994450610425,860,888,41,0,847,878,19454,13,0,0,13,10
2020-11-08,US,Mississippi,Tunica,563,18,0,34.64967704,-90.37481167,28143.0,5845.099667774087,3.197158081705151,545,555,17,0,538,553,9944,8,1,0,7,2
2020-11-08,US,Mississippi,Union,1362,25,0,34.49162015,-89.00776006,28145.0,4726.704841228528,1.83553597650514,1337,1351,25,0,1326,1330,28606,11,0,0,11,21
2020-11-08,US,Mississippi,Walthall,676,27,0,31.14971548,-90.10446654,28147.0,4731.905361892762,3.994082840236687,649,675,27,0,648,673,14465,1,0,0,1,2
2020-11-08,US,Mississippi,Warren,1615,56,0,32.35810271,-90.83352619,28149.0,3558.7580705581627,3.46749226006192,1559,1614,56,0,1558,1606,46176,1,0,0,1,8
2020-11-08,US,Mississippi,Washington,2774,105,0,33.28392041,-90.94196237,28151.0,6317.6114236261365,3.785147801009373,2669,2766,105,0,2661,2760,45063,8,0,0,8,6
2020-11-08,US,Mississippi,Wayne,1067,22,0,31.64135687,-88.69573913,28153.0,5286.627359659119,2.061855670103093,1045,1064,22,0,1042,1061,20298,3,0,0,3,3
2020-11-08,US,Mississippi,Webster,389,14,0,33.61300486,-89.28392912,28155.0,4014.862214882857,3.5989717223650386,375,388,13,0,375,387,9788,1,1,0,0,1
2020-11-08,US,Mississippi,Wilkinson,352,21,0,31.16078225,-91.31018819,28157.0,4078.794901506373,5.965909090909091,331,352,21,0,331,351,8792,0,0,0,0,1
2020-11-08,US,Mississippi,Winston,953,22,0,33.08747908,-89.03391385,28159.0,5307.71372876636,2.308499475341028,931,936,22,0,914,923,18165,17,0,0,17,13
2020-11-08,US,Mississippi,Yalobusha,603,23,0,34.02824175,-89.70762049999998,28161.0,4980.17839444995,3.814262023217247,580,601,23,0,578,593,12392,2,0,0,2,8
2020-11-08,US,Mississippi,Yazoo,1383,36,0,32.77890365,-90.39656148,28163.0,4658.134051869316,2.6030368763557483,1347,1341,36,0,1305,1327,28248,42,0,0,42,14
2020-11-08,US,Missouri,Adair,681,0,0,40.19058551,-92.60078167,29001.0,2687.132541530206,0.0,681,663,0,0,663,650,25339,18,0,0,18,13
2020-11-08,US,Missouri,Andrew,526,8,0,39.98492163,-94.80163024,29003.0,2969.738030713641,1.520912547528517,518,518,8,0,510,512,17607,8,0,0,8,6
2020-11-08,US,Missouri,Atchison,106,1,0,40.43238737,-95.42970639,29005.0,2061.053859615011,0.9433962264150944,105,102,1,0,101,98,5171,4,0,0,4,4
2020-11-08,US,Missouri,Audrain,734,10,0,39.215877,-91.84242683,29007.0,2891.1296675594767,1.3623978201634876,724,718,10,0,708,708,25473,16,0,0,16,10
2020-11-08,US,Missouri,Barry,1050,19,0,36.70978521,-93.82919888,29009.0,2933.8623599429993,1.809523809523809,1031,1019,18,0,1001,997,35886,31,1,0,30,22
2020-11-08,US,Missouri,Barton,491,4,0,37.50207671,-94.34757022,29011.0,4177.301344223243,0.8146639511201629,487,483,4,0,479,479,11798,8,0,0,8,4
2020-11-08,US,Missouri,Bates,306,8,0,38.25271289,-94.34113157,29013.0,1892.1592876576801,2.6143790849673203,298,296,8,0,288,286,16320,10,0,0,10,10
2020-11-08,US,Missouri,Benton,575,7,0,38.29503305,-93.28756116,29015.0,2957.362546932057,1.2173913043478262,568,560,7,0,553,547,19278,15,0,0,15,13
2020-11-08,US,Missouri,Bollinger,597,4,0,37.32449052,-90.02725304,29017.0,4920.464847935384,0.6700167504187605,593,590,4,0,586,585,12169,7,0,0,7,5
2020-11-08,US,Missouri,Boone,7446,15,0,38.99186229,-92.30723575,29019.0,4126.053540060843,0.20145044319097505,7431,7291,15,0,7276,7081,180005,155,0,0,155,210
2020-11-08,US,Missouri,Buchanan,3400,45,0,39.65816401,-94.80138942,29021.0,3891.763197655785,1.3235294117647058,3355,3302,45,0,3257,3261,88571,98,0,0,98,41
2020-11-08,US,Missouri,Butler,1525,8,0,36.71462476,-90.40421163,29023.0,3590.0936955600537,0.5245901639344263,1517,1500,8,0,1492,1472,42639,25,0,0,25,28
2020-11-08,US,Missouri,Caldwell,233,1,0,39.65620858,-93.98308093,29025.0,2583.148558758315,0.4291845493562232,232,228,1,0,227,215,9108,5,0,0,5,13
2020-11-08,US,Missouri,Callaway,1911,7,0,38.83674754,-91.92186505,29027.0,4271.059160092082,0.3663003663003663,1904,1831,7,0,1824,1752,44889,80,0,0,80,79
2020-11-08,US,Missouri,Camden,1836,37,0,38.02199522,-92.76083747,29029.0,3965.014577259475,2.015250544662309,1799,1817,37,0,1780,1790,45815,19,0,0,19,27
2020-11-08,US,Missouri,Cape Girardeau,3322,56,0,37.38489388,-89.6843587,29031.0,4211.941017611036,1.6857314870559903,3266,3219,55,0,3164,3139,78753,103,1,0,102,80
2020-11-08,US,Missouri,Carroll,266,4,0,39.42762566,-93.50626255,29033.0,3064.8692245650427,1.5037593984962403,262,257,4,0,253,247,8743,9,0,0,9,10
2020-11-08,US,Missouri,Carter,206,3,0,36.94160441,-90.96051322,29035.0,3443.66432631227,1.4563106796116505,203,206,3,0,203,202,6054,0,0,0,0,4
2020-11-08,US,Missouri,Cass,2480,33,0,38.64789422,-94.353399,29037.0,2344.488561164681,1.3306451612903225,2447,2425,33,0,2392,2387,104954,55,0,0,55,38
2020-11-08,US,Missouri,Cedar,288,4,0,37.72391475,-93.85445441,29039.0,2007.1085093037848,1.3888888888888888,284,281,4,0,277,276,14165,7,0,0,7,5
2020-11-08,US,Missouri,Chariton,119,0,0,39.51499357,-92.9629191,29041.0,1602.4777807702667,0.0,119,113,0,0,113,105,7451,6,0,0,6,8
2020-11-08,US,Missouri,Christian,2772,17,0,36.9711783,-93.18537118,29043.0,3128.8447429313173,0.6132756132756133,2755,2730,17,0,2713,2669,86983,42,0,0,42,61
2020-11-08,US,Missouri,Clark,168,2,0,40.41040752,-91.73661677,29045.0,2471.6786817713696,1.1904761904761905,166,167,2,0,165,156,6842,1,0,0,1,11
2020-11-08,US,Missouri,Clay,3130,51,0,39.31132056,-94.41850862,29047.0,1252.2604701777968,1.6293929712460065,3079,3097,51,0,3046,3036,246365,33,0,0,33,61
2020-11-08,US,Missouri,Clinton,628,33,0,39.6013098,-94.40465394,29049.0,3080.394368960612,5.254777070063693,595,623,33,0,590,607,20470,5,0,0,5,16
2020-11-08,US,Missouri,Cole,4175,26,0,38.50455671,-92.27860244,29051.0,5440.093817186787,0.6227544910179641,4149,4066,26,0,4040,3915,76796,109,0,0,109,151
2020-11-08,US,Missouri,Cooper,833,4,0,38.844478,-92.80896081,29053.0,4703.822914902027,0.4801920768307323,829,816,4,0,812,786,17603,17,0,0,17,30
2020-11-08,US,Missouri,Crawford,824,9,0,37.97663738,-91.30528104,29055.0,3444.816053511706,1.0922330097087378,815,795,9,0,786,771,23957,29,0,0,29,24
2020-11-08,US,Missouri,Dade,187,3,0,37.431814,-93.8503345,29057.0,2473.2178283295857,1.60427807486631,184,181,3,0,178,169,7569,6,0,0,6,12
2020-11-08,US,Missouri,Dallas,447,2,0,37.681135499999996,-93.02127031,29059.0,2648.4180590117307,0.44742729306487694,445,437,2,0,435,429,16762,10,0,0,10,8
2020-11-08,US,Missouri,Daviess,254,4,0,39.96145298,-93.98519678,29061.0,3068.3740033824597,1.5748031496062993,250,252,4,0,248,246,8313,2,0,0,2,6
2020-11-08,US,Missouri,DeKalb,404,5,0,39.89201062,-94.40476508,29063.0,3219.8932015621263,1.2376237623762376,399,403,5,0,398,387,12630,1,0,0,1,16
2020-11-08,US,Missouri,Dent,312,4,0,37.60663134,-91.50790473,29065.0,2003.4675399730304,1.2820512820512822,308,307,4,0,303,297,15441,5,0,0,5,10
2020-11-08,US,Missouri,Douglas,331,13,0,36.9325593,-92.49905109,29067.0,2510.428517254456,3.9274924471299095,318,327,13,0,314,319,13373,4,0,0,4,8
2020-11-08,US,Missouri,Dunklin,1328,13,0,36.27167174,-90.09122243,29069.0,4558.7175174213035,0.9789156626506024,1315,1316,13,0,1303,1294,29423,12,0,0,12,22
2020-11-08,US,Missouri,Franklin,3344,50,0,38.41127108,-91.07522826,29071.0,3216.4052054978984,1.4952153110047848,3294,3270,50,0,3220,3175,103670,74,0,0,74,95
2020-11-08,US,Missouri,Gasconade,329,24,0,38.43947277,-91.50847147,29073.0,2237.18210254318,7.29483282674772,305,325,24,0,301,318,14705,4,0,0,4,7
2020-11-08,US,Missouri,Gentry,247,10,0,40.21097916,-94.40944419,29075.0,3758.940800486988,4.048582995951417,237,233,10,0,223,228,6628,14,0,0,14,5
2020-11-08,US,Missouri,Greene,10550,153,0,37.2575872,-93.34230916,29077.0,3599.6260483271117,1.4502369668246446,10397,10423,153,0,10270,10249,291923,127,0,0,127,174
2020-11-08,US,Missouri,Grundy,326,11,0,40.11406587,-93.56509276,29079.0,3309.6446700507613,3.3742331288343568,315,321,11,0,310,320,9914,5,0,0,5,1
2020-11-08,US,Missouri,Harrison,232,1,0,40.35570088,-93.99222144,29081.0,2777.777777777778,0.4310344827586207,231,227,1,0,226,210,8414,5,0,0,5,17
2020-11-08,US,Missouri,Henry,589,8,0,38.38482826,-93.79293734,29083.0,2698.8636363636365,1.3582342954159592,581,561,8,0,553,527,21792,28,0,0,28,34
2020-11-08,US,Missouri,Hickory,288,4,0,37.94163617,-93.3203037,29085.0,3017.6026823134953,1.3888888888888888,284,282,4,0,278,269,9509,6,0,0,6,13
2020-11-08,US,Missouri,Holt,163,1,0,40.09799248,-95.21638879999999,29087.0,3702.0213490801725,0.6134969325153374,162,154,1,0,153,146,4404,9,0,0,9,8
2020-11-08,US,Missouri,Howard,320,2,0,39.1435761,-92.69756691,29089.0,3199.6800319968,0.625,318,316,2,0,314,304,10137,4,0,0,4,12
2020-11-08,US,Missouri,Howell,1351,16,0,36.77383887,-91.88683935,29091.0,3367.649624847322,1.1843079200592157,1335,1339,16,0,1323,1329,40076,12,0,0,12,10
2020-11-08,US,Missouri,Iron,138,0,0,37.55487945,-90.7735296,29093.0,1362.962962962963,0.0,138,133,0,0,133,134,10177,5,0,0,5,-1
2020-11-08,US,Missouri,Jackson,11979,145,0,39.01002188,-94.34724536,29095.0,1703.956268109603,1.2104516236747642,11834,11748,145,0,11603,11493,700307,231,0,0,231,255
2020-11-08,US,Missouri,Jasper,6159,84,0,37.20351921,-94.34050458,29097.0,5076.322036133456,1.363857769118363,6075,6039,85,0,5954,5889,120636,120,-1,0,121,150
2020-11-08,US,Missouri,Jefferson,7007,90,0,38.25926778,-90.53870896,29099.0,3113.101505680177,1.2844298558584273,6917,6825,90,0,6735,6641,224347,182,0,0,182,184
2020-11-08,US,Missouri,Johnson,1836,10,0,38.74719601,-93.80691168,29101.0,3396.100773186341,0.5446623093681917,1826,1805,10,0,1795,1763,53652,31,0,0,31,42
2020-11-08,US,Missouri,Kansas City,16915,227,0,39.0997,-94.5786,0.0,3459.5034595034595,1.3420041383387529,16688,16633,227,0,16406,16410,491918,282,0,0,282,223
2020-11-08,US,Missouri,Knox,82,1,0,40.12699751,-92.14780832,29103.0,2071.230108613286,1.2195121951219512,81,81,1,0,80,79,3947,1,0,0,1,2
2020-11-08,US,Missouri,Laclede,1397,25,0,37.65896829,-92.5888493,29105.0,3910.645802424208,1.7895490336435218,1372,1372,25,0,1347,1347,35713,25,0,0,25,25
2020-11-08,US,Missouri,Lafayette,1072,26,0,39.06986886,-93.78076396,29107.0,3277.4856304268073,2.4253731343283578,1046,1052,26,0,1026,1025,32598,20,0,0,20,27
2020-11-08,US,Missouri,Lawrence,1381,26,0,37.10626634,-93.83293097,29109.0,3600.57358884109,1.8826937002172341,1355,1351,26,0,1325,1324,38359,30,0,0,30,27
2020-11-08,US,Missouri,Lewis,290,2,0,40.09673161,-91.72070156,29111.0,2966.4484451718486,0.6896551724137931,288,274,2,0,272,260,9855,16,0,0,16,14
2020-11-08,US,Missouri,Lincoln,1520,5,0,39.05345619,-90.95588181,29113.0,2575.7036585159203,0.32894736842105265,1515,1475,5,0,1470,1428,57686,45,0,0,45,47
2020-11-08,US,Missouri,Linn,210,7,0,39.87001769,-93.10704106,29115.0,1761.7449664429528,3.333333333333333,203,203,7,0,196,196,12037,7,0,0,7,7
2020-11-08,US,Missouri,Livingston,615,9,0,39.78110272,-93.54645978,29117.0,4038.878308268208,1.4634146341463414,606,610,9,0,601,604,15146,5,0,0,5,6
2020-11-08,US,Missouri,Macon,336,1,0,39.83049768,-92.56453089,29121.0,2222.6632268307203,0.2976190476190476,335,319,1,0,318,302,15153,17,0,0,17,17
2020-11-08,US,Missouri,Madison,590,3,0,37.47865134,-90.34671429999999,29123.0,4880.873593646592,0.5084745762711864,587,578,3,0,575,569,12188,12,0,0,12,9
2020-11-08,US,Missouri,Maries,253,1,0,38.16193985,-91.92249662,29125.0,2909.049097389905,0.3952569169960474,252,248,1,0,247,240,8769,5,0,0,5,8
2020-11-08,US,Missouri,Marion,1186,14,0,39.80601912,-91.62203062,29127.0,4157.027690150719,1.1804384485666104,1172,1145,14,0,1131,1123,28592,41,0,0,41,22
2020-11-08,US,Missouri,McDonald,1284,14,0,36.62869595,-94.34867205,29119.0,5622.454788282174,1.0903426791277258,1270,1278,14,0,1264,1274,23078,6,0,0,6,4
2020-11-08,US,Missouri,Mercer,47,0,0,40.42212303,-93.56829590000001,29129.0,1299.4194083494608,0.0,47,43,0,0,43,39,3641,4,0,0,4,4
2020-11-08,US,Missouri,Miller,1119,18,0,38.21450288,-92.42610898,29131.0,4367.8519848549895,1.6085790884718498,1101,1100,18,0,1082,1067,25336,19,0,0,19,33
2020-11-08,US,Missouri,Mississippi,513,6,0,36.82516239,-89.29505753,29133.0,3892.2610015174505,1.1695906432748535,507,511,6,0,505,508,13336,2,0,0,2,3
2020-11-08,US,Missouri,Moniteau,821,13,0,38.63571781,-92.57976951,29135.0,5089.263575502106,1.5834348355663823,808,806,13,0,793,783,16121,15,0,0,15,23
2020-11-08,US,Missouri,Monroe,234,2,0,39.49593978,-92.00043978,29137.0,2707.0800555298474,0.8547008547008547,232,225,2,0,223,216,8664,9,0,0,9,9
2020-11-08,US,Missouri,Montgomery,230,2,0,38.94022054,-91.47000721,29139.0,1991.1695957059994,0.8695652173913043,228,226,2,0,224,220,11534,4,0,0,4,6
2020-11-08,US,Missouri,Morgan,828,8,0,38.4181765,-92.88791859,29141.0,4014.1562030348573,0.966183574879227,820,819,8,0,811,802,20358,9,0,0,9,17
2020-11-08,US,Missouri,New Madrid,946,23,0,36.59666326,-89.66070007,29143.0,5539.939095806983,2.4312896405919657,923,919,23,0,896,898,17296,27,0,0,27,21
2020-11-08,US,Missouri,Newton,2353,22,0,36.90519407,-94.3394104,29145.0,4040.456075279896,0.9349766255843605,2331,2325,22,0,2303,2295,58266,28,0,0,28,30
2020-11-08,US,Missouri,Nodaway,1450,11,0,40.36079813,-94.88133008,29147.0,6563.461886655803,0.7586206896551724,1439,1450,11,0,1439,1417,22304,0,0,0,0,33
2020-11-08,US,Missouri,Oregon,285,0,0,36.68710164,-91.4033755,29149.0,2706.809763510305,0.0,285,280,0,0,280,275,10541,5,0,0,5,5
2020-11-08,US,Missouri,Osage,666,3,0,38.46036182,-91.8613635,29151.0,4891.6636063165615,0.4504504504504505,663,650,3,0,647,629,13714,16,0,0,16,21
2020-11-08,US,Missouri,Ozark,241,1,0,36.64916339,-92.44459066,29153.0,2626.9893176368,0.4149377593360996,240,238,1,0,237,234,9017,3,0,0,3,4
2020-11-08,US,Missouri,Pemiscot,833,14,0,36.2130572,-89.78742322,29155.0,5270.484024043024,1.680672268907563,819,825,14,0,811,807,16272,8,0,0,8,18
2020-11-08,US,Missouri,Perry,1036,8,0,37.70660776,-89.82741088,29157.0,5413.879598662207,0.7722007722007722,1028,1016,8,0,1008,986,19150,20,0,0,20,30
2020-11-08,US,Missouri,Pettis,2165,24,0,38.72798918,-93.28471706,29159.0,5113.488745600983,1.1085450346420322,2141,2111,24,0,2087,2045,42542,54,0,0,54,66
2020-11-08,US,Missouri,Phelps,1067,31,0,37.87736118,-91.79351727,29161.0,2393.8258587037,2.9053420805998127,1036,1028,30,0,998,1012,44732,39,1,0,38,16
2020-11-08,US,Missouri,Pike,500,8,0,39.34310674,-91.16980779,29163.0,2731.9418642771284,1.6,492,492,8,0,484,445,18504,8,0,0,8,47
2020-11-08,US,Missouri,Platte,1178,13,0,39.38154439,-94.77068479,29165.0,1128.1579804248308,1.1035653650254669,1165,1168,13,0,1155,1153,102985,10,0,0,10,15
2020-11-08,US,Missouri,Polk,1145,11,0,37.616229600000004,-93.39828174,29167.0,3561.5415720551177,0.960698689956332,1134,1135,11,0,1124,1119,32201,10,0,0,10,16
2020-11-08,US,Missouri,Pulaski,1182,11,0,37.82462075,-92.20783203,29169.0,2246.8492786131123,0.9306260575296108,1171,1154,11,0,1143,1143,52014,28,0,0,28,11
2020-11-08,US,Missouri,Putnam,67,1,0,40.47942497,-93.02042674,29171.0,1426.7461669505967,1.492537313432836,66,67,1,0,66,66,4757,0,0,0,0,1
2020-11-08,US,Missouri,Ralls,260,0,0,39.52817427,-91.51838643,29173.0,2522.068095838588,0.0,260,251,0,0,251,244,10212,9,0,0,9,7
2020-11-08,US,Missouri,Randolph,806,3,0,39.44007257,-92.49713740000001,29175.0,3256.828834653305,0.37220843672456577,803,795,3,0,792,758,24763,11,0,0,11,37
2020-11-08,US,Missouri,Ray,416,2,0,39.353746799999996,-93.98905745,29177.0,1807.281258145799,0.4807692307692308,414,391,2,0,389,382,22883,25,0,0,25,9
2020-11-08,US,Missouri,Reynolds,108,1,0,37.36085952,-90.97009925,29179.0,1722.4880382775118,0.925925925925926,107,107,1,0,106,107,6254,1,0,0,1,0
2020-11-08,US,Missouri,Ripley,344,5,0,36.65460667,-90.85990261,29181.0,2588.801926550271,1.4534883720930232,339,331,5,0,326,317,13401,13,0,0,13,14
2020-11-08,US,Missouri,Saline,1148,11,0,39.13734288,-93.20259964,29195.0,5043.7151267519,0.9581881533101044,1137,1119,11,0,1108,1095,22895,29,0,0,29,24
2020-11-08,US,Missouri,Schuyler,83,0,0,40.46921489,-92.52311943,29197.0,1781.1158798283261,0.0,83,79,0,0,79,73,4599,4,0,0,4,6
2020-11-08,US,Missouri,Scotland,96,1,0,40.45214695,-92.14709064,29199.0,1958.3843329253366,1.0416666666666667,95,97,1,0,96,92,4966,-1,0,0,-1,5
2020-11-08,US,Missouri,Scott,1755,31,0,37.05588075,-89.56474493,29201.0,4584.639498432602,1.7663817663817665,1724,1722,31,0,1691,1688,38458,33,0,0,33,34
2020-11-08,US,Missouri,Shannon,295,6,0,37.15772072,-91.40190382,29203.0,3612.539799167279,2.0338983050847457,289,290,6,0,284,287,8189,5,0,0,5,3
2020-11-08,US,Missouri,Shelby,124,1,0,39.79742518,-92.07634971,29205.0,2091.06239460371,0.8064516129032258,123,121,1,0,120,119,6050,3,0,0,3,2
2020-11-08,US,Missouri,St. Charles,13401,157,0,38.77875681,-90.66662425,29183.0,3333.399664694967,1.171554361614805,13244,13071,157,0,12914,12710,399182,330,0,0,330,361
2020-11-08,US,Missouri,St. Clair,165,1,0,38.03699437,-93.77631447,29185.0,1755.8795360221347,0.6060606060606061,164,162,1,0,161,152,9395,3,0,0,3,10
2020-11-08,US,Missouri,St. Francois,3514,30,0,37.81214171,-90.47598685,29187.0,5227.9997024473705,0.8537279453614115,3484,3436,30,0,3406,3357,66692,78,0,0,78,79
2020-11-08,US,Missouri,St. Louis,35624,897,0,38.63770039999999,-90.4458375,29189.0,3583.1644379177333,2.5179654165730967,34727,35219,897,0,34322,34593,996945,405,0,0,405,626
2020-11-08,US,Missouri,St. Louis City,9612,225,0,38.63555736,-90.24349225,29510.0,3197.860108591505,2.3408239700374533,9387,9472,225,0,9247,9371,302838,140,0,0,140,101
2020-11-08,US,Missouri,Ste. Genevieve,646,2,0,37.89090059,-90.1949941,29186.0,3610.148653179837,0.30959752321981426,644,613,2,0,611,582,17888,33,0,0,33,31
2020-11-08,US,Missouri,Stoddard,1044,15,0,36.85571651,-89.9444155,29207.0,3596.8992248062013,1.4367816091954022,1029,1027,15,0,1012,1005,29206,17,0,0,17,22
2020-11-08,US,Missouri,Stone,857,13,0,36.75000327,-93.45256475,29209.0,2682.1482223335,1.5169194865810969,844,841,13,0,828,829,31749,16,0,0,16,12
2020-11-08,US,Missouri,Sullivan,430,3,0,40.2099105,-93.11150106,29211.0,7061.914928559699,0.6976744186046512,427,426,3,0,423,419,6221,4,0,0,4,7
2020-11-08,US,Missouri,Taney,2085,36,0,36.65465345,-93.04075153,29213.0,3728.007438134745,1.7266187050359711,2049,2057,36,0,2021,2002,55852,28,0,0,28,55
2020-11-08,US,Missouri,Texas,739,5,0,37.31728859,-91.96564727,29215.0,2909.6779273958578,0.6765899864682002,734,721,4,0,717,706,25571,18,1,0,17,15
2020-11-08,US,Missouri,Vernon,454,3,0,37.8457799,-94.34127305,29217.0,2207.8490492632395,0.6607929515418502,451,441,3,0,438,415,20528,13,0,0,13,26
2020-11-08,US,Missouri,Warren,749,2,0,38.76529479,-91.16124662,29219.0,2101.0407024039946,0.26702269692923897,747,738,2,0,736,724,34711,11,0,0,11,14
2020-11-08,US,Missouri,Washington,915,20,0,37.96130078,-90.87948158,29221.0,3699.959563283461,2.1857923497267757,895,889,20,0,869,820,24943,26,0,0,26,69
2020-11-08,US,Missouri,Wayne,364,3,0,37.11303869,-90.46001416,29223.0,2827.623708537249,0.8241758241758241,361,358,3,0,355,352,13122,6,0,0,6,6
2020-11-08,US,Missouri,Webster,1365,23,0,37.2813734,-92.876329,29225.0,3447.6661951909477,1.684981684981685,1342,1340,23,0,1317,1322,39109,25,0,0,25,18
2020-11-08,US,Missouri,Worth,38,0,0,40.47945588,-94.42328751,29227.0,1887.7297565822155,0.0,38,39,0,0,39,39,2040,-1,0,0,-1,0
2020-11-08,US,Missouri,Wright,646,9,0,37.27029221,-92.46914488,29229.0,3532.177811799442,1.3931888544891642,637,644,9,0,635,639,18378,2,0,0,2,5
2020-11-08,US,Montana,Beaverhead,349,2,0,45.13434354,-112.89846940000001,30001.0,3691.9496456151487,0.5730659025787965,347,332,2,0,330,323,9404,17,0,0,17,9
2020-11-08,US,Montana,Big Horn,1551,40,0,45.42335905,-107.492347,30003.0,11645.018394774384,2.5789813023855577,1511,1534,40,0,1494,1512,13338,17,0,0,17,22
2020-11-08,US,Montana,Blaine,408,8,0,48.43175214,-108.9582723,30005.0,6106.870229007634,1.96078431372549,400,404,8,0,396,398,6807,4,0,0,4,6
2020-11-08,US,Montana,Broadwater,112,0,0,46.33277565,-111.49558130000001,30007.0,1795.7351290684626,0.0,112,111,0,0,111,107,6085,1,0,0,1,4
2020-11-08,US,Montana,Carbon,356,1,0,45.22850116,-109.0274047,30009.0,3319.3473193473187,0.2808988764044944,355,344,1,0,343,310,10714,12,0,0,12,34
2020-11-08,US,Montana,Carter,86,2,0,45.5197966,-104.53955359999999,30011.0,6869.009584664536,2.3255813953488373,84,86,2,0,84,84,1238,0,0,0,0,2
2020-11-08,US,Montana,Cascade,2814,41,0,47.30797024,-111.3467922,30013.0,3458.4470171816242,1.4570007107320537,2773,2844,34,0,2810,2795,81643,-30,7,0,-37,49
2020-11-08,US,Montana,Chouteau,161,0,0,47.88084126,-110.4353362,30015.0,2857.142857142857,0.0,161,160,0,0,160,154,5745,1,0,0,1,6
2020-11-08,US,Montana,Custer,412,5,0,46.25319932,-105.57375259999998,30017.0,3613.401157691633,1.2135922330097086,407,406,5,0,401,404,11586,6,0,0,6,2
2020-11-08,US,Montana,Daniels,57,3,0,48.78420029,-105.54763429999998,30019.0,3372.781065088757,5.2631578947368425,54,57,3,0,54,55,1747,0,0,0,0,2
2020-11-08,US,Montana,Dawson,353,7,0,47.26584855,-104.89444170000002,30021.0,4098.4558225937535,1.9830028328611895,346,341,7,0,334,331,8680,12,0,0,12,10
2020-11-08,US,Montana,Deer Lodge,519,8,0,46.05953325,-113.073353,30023.0,5678.336980306346,1.5414258188824663,511,510,6,0,504,503,9131,9,2,0,7,7
2020-11-08,US,Montana,Fallon,110,0,0,46.33478338,-104.41835649999999,30025.0,3865.073787772312,0.0,110,110,0,0,110,108,2920,0,0,0,0,2
2020-11-08,US,Montana,Fergus,308,2,0,47.26331584,-109.2245206,30027.0,2787.3303167420813,0.6493506493506493,306,303,2,0,301,296,11113,5,0,0,5,7
2020-11-08,US,Montana,Flathead,4281,27,0,48.29575866,-114.05205690000001,30029.0,4124.03907288596,0.6306937631394534,4254,4195,27,0,4168,3960,102106,86,0,0,86,235
2020-11-08,US,Montana,Gallatin,4463,10,0,45.54486106,-111.1692571,30031.0,3900.064666095741,0.22406453058480846,4453,4282,10,0,4272,4145,111876,181,0,0,181,137
2020-11-08,US,Montana,Garfield,31,0,0,47.27545948,-107.0002351,30033.0,2464.2289348171703,0.0,31,31,0,0,31,31,1268,0,0,0,0,0
2020-11-08,US,Montana,Glacier,1083,17,0,48.70513576,-112.9934235,30035.0,7874.645531883953,1.5697137580794094,1066,1103,17,0,1086,1120,13747,-20,0,0,-20,-17
2020-11-08,US,Montana,Golden Valley,16,0,0,46.3816474,-109.17685220000001,30037.0,1948.84287454324,0.0,16,16,0,0,16,16,826,0,0,0,0,0
2020-11-08,US,Montana,Granite,83,0,0,46.40605220000001,-113.4414186,30039.0,2456.348031962119,0.0,83,83,0,0,83,83,3378,0,0,0,0,0
2020-11-08,US,Montana,Hill,1015,20,0,48.62879827,-110.1129252,30041.0,6157.486047075952,1.9704433497536944,995,1014,20,0,994,1006,16347,1,0,0,1,8
2020-11-08,US,Montana,Jefferson,235,0,0,46.14907081,-112.094396,30043.0,1922.919564683741,0.0,235,231,0,0,231,221,12097,4,0,0,4,10
2020-11-08,US,Montana,Judith Basin,24,0,0,47.04581276,-110.26606880000001,30045.0,1195.8146487294466,0.0,24,21,0,0,21,19,1952,3,0,0,3,2
2020-11-08,US,Montana,Lake,714,7,0,47.64514965,-114.0898013,30047.0,2344.2117013592488,0.9803921568627452,707,701,7,0,694,692,30250,13,0,0,13,9
2020-11-08,US,Montana,Lewis and Clark,1379,7,0,47.12610041,-112.39469799999999,30049.0,1986.1159119714248,0.5076142131979695,1372,1354,7,0,1347,1311,68700,25,0,0,25,43
2020-11-08,US,Montana,Liberty,40,1,0,48.56084317,-111.02430700000001,30051.0,1711.5960633290542,2.5,39,40,1,0,39,39,2430,0,0,0,0,1
2020-11-08,US,Montana,Lincoln,403,6,0,48.54265777,-115.4046155,30053.0,2017.017017017017,1.488833746898263,397,385,6,0,379,370,19794,18,0,0,18,15
2020-11-08,US,Montana,Madison,253,1,0,45.30080065,-111.9173017,30057.0,2941.860465116279,0.3952569169960474,252,249,1,0,248,239,8768,4,0,0,4,10
2020-11-08,US,Montana,McCone,71,0,0,47.64469406,-105.79449939999999,30055.0,4266.826923076923,0.0,71,71,0,0,71,71,1675,0,0,0,0,0
2020-11-08,US,Montana,Meagher,96,5,0,46.59907074,-110.8898557,30059.0,5155.746509129968,5.208333333333333,91,96,5,0,91,94,1866,0,0,0,0,2
2020-11-08,US,Montana,Mineral,17,0,0,47.15283992,-115.00152390000001,30061.0,386.62724584944283,0.0,17,17,0,0,17,17,4316,0,0,0,0,0
2020-11-08,US,Montana,Missoula,2903,28,0,47.03728583,-113.92135079999998,30063.0,2427.257525083612,0.9645194626248708,2875,2873,27,0,2846,2767,118791,30,1,0,29,106
2020-11-08,US,Montana,Musselshell,152,2,0,46.49684637,-108.39498,30065.0,3280.8115691776397,1.3157894736842106,150,150,2,0,148,140,4651,2,0,0,2,10
2020-11-08,US,Montana,Park,331,0,0,45.48965095,-110.52643940000002,30067.0,1993.2554498374082,0.0,331,324,0,0,324,313,16736,7,0,0,7,11
2020-11-08,US,Montana,Petroleum,5,0,0,47.118246299999996,-108.2508876,30069.0,1026.694045174538,0.0,5,5,0,0,5,4,513,0,0,0,0,1
2020-11-08,US,Montana,Phillips,212,4,0,48.25936577,-107.9128511,30071.0,5361.6590794132535,1.8867924528301887,208,212,3,0,209,210,4074,0,1,0,-1,2
2020-11-08,US,Montana,Pondera,198,1,0,48.22773388,-112.22527029999999,30073.0,3349.6870241921843,0.5050505050505051,197,198,1,0,197,200,5972,0,0,0,0,-2
2020-11-08,US,Montana,Powder River,74,5,0,45.39617714,-105.636738,30075.0,4399.524375743163,6.756756756756758,69,74,5,0,69,71,1716,0,0,0,0,3
2020-11-08,US,Montana,Powell,316,1,0,46.85538891,-112.93591640000001,30077.0,4586.357039187228,0.3164556962025317,315,313,1,0,312,291,6968,3,0,0,3,22
2020-11-08,US,Montana,Prairie,36,0,0,46.86048047,-105.379384,30079.0,3342.6183844011143,0.0,36,36,0,0,36,36,1087,0,0,0,0,0
2020-11-08,US,Montana,Ravalli,677,4,0,46.08520862,-114.11891640000002,30081.0,1545.45039492307,0.5908419497784343,673,660,4,0,656,628,43172,17,0,0,17,32
2020-11-08,US,Montana,Richland,385,6,0,47.78668011,-104.5610786,30083.0,3563.824863463853,1.5584415584415583,379,384,6,0,378,376,10913,1,0,0,1,8
2020-11-08,US,Montana,Roosevelt,1086,31,0,48.29607488,-105.00792679999999,30085.0,9869.138495092691,2.8545119705340696,1055,1085,31,0,1054,1088,11059,1,0,0,1,-3
2020-11-08,US,Montana,Rosebud,897,21,0,46.23397237,-106.72928799999998,30087.0,10036.925142665323,2.34113712374582,876,895,21,0,874,891,9063,2,0,0,2,4
2020-11-08,US,Montana,Sanders,118,2,0,47.67657534,-115.1329916,30089.0,974.1599933955257,1.6949152542372878,116,118,2,0,116,120,11844,0,0,0,0,-2
2020-11-08,US,Montana,Sheridan,139,0,0,48.72085833,-104.50382900000001,30091.0,4200.664853430039,0.0,139,132,0,0,132,111,3424,7,0,0,7,21
2020-11-08,US,Montana,Silver Bow,846,10,0,45.90018933,-112.6620092,30093.0,2423.027352140913,1.182033096926714,836,785,10,0,775,786,34993,61,0,0,61,-1
2020-11-08,US,Montana,Stillwater,278,4,0,45.67071407,-109.3950061,30095.0,2883.21924911844,1.4388489208633093,274,278,4,0,274,268,9534,0,0,0,0,10
2020-11-08,US,Montana,Sweet Grass,136,2,0,45.81367654,-109.9425686,30097.0,3639.2828472036404,1.4705882352941178,134,136,2,0,134,129,3710,0,0,0,0,7
2020-11-08,US,Montana,Teton,113,1,0,47.83741052,-112.24106880000001,30099.0,1838.295103302424,0.8849557522123894,112,110,1,0,109,109,6162,3,0,0,3,1
2020-11-08,US,Montana,Toole,501,8,0,48.65577551,-111.69424140000001,30101.0,10578.547297297297,1.5968063872255491,493,468,8,0,460,463,4853,33,0,0,33,5
2020-11-08,US,Montana,Treasure,24,1,0,46.20973220000001,-107.26665159999999,30103.0,3448.2758620689656,4.166666666666667,23,24,1,0,23,24,679,0,0,0,0,0
2020-11-08,US,Montana,Valley,452,5,0,48.36435097,-106.6669635,30105.0,6111.411573823689,1.106194690265487,447,446,5,0,441,433,7437,6,0,0,6,13
2020-11-08,US,Montana,Wheatland,76,3,0,46.46652491,-109.84646359999999,30107.0,3574.788334901223,3.947368421052632,73,76,3,0,73,76,2236,0,0,0,0,0
2020-11-08,US,Montana,Wibaux,48,0,0,46.95925154,-104.2510927,30109.0,4953.560371517028,0.0,48,47,0,0,47,47,1034,1,0,0,1,0
2020-11-08,US,Montana,Yellowstone,7876,97,0,45.93955949,-108.26914860000001,30111.0,4882.8270303781765,1.2315896394108683,7779,7688,97,0,7591,7552,160137,188,0,0,188,136
2020-11-08,US,Nebraska,Adams,1066,16,0,40.52449420000001,-98.50117804,31001.0,3398.909543092179,1.50093808630394,1050,1050,16,0,1034,1031,31511,16,0,0,16,19
2020-11-08,US,Nebraska,Antelope,216,1,0,42.17695516,-98.06662829999999,31003.0,3429.660209590347,0.462962962962963,215,210,1,0,209,204,6336,6,0,0,6,6
2020-11-08,US,Nebraska,Arthur,6,0,0,41.56896142,-101.6959559,31005.0,1295.8963282937366,0.0,6,6,0,0,6,6,465,0,0,0,0,0
2020-11-08,US,Nebraska,Banner,5,0,0,41.54634427,-103.7114332,31007.0,671.1409395973154,0.0,5,5,0,0,5,5,730,0,0,0,0,0
2020-11-08,US,Nebraska,Blaine,7,0,0,41.91311716,-99.97677845,31009.0,1505.3763440860214,0.0,7,6,0,0,6,5,476,1,0,0,1,1
2020-11-08,US,Nebraska,Boone,210,0,0,41.70759415,-98.06737183,31011.0,4044.684129429892,0.0,210,203,0,0,203,197,5239,7,0,0,7,6
2020-11-08,US,Nebraska,Box Butte,341,1,0,42.22079243,-103.08788340000001,31013.0,3162.385236019661,0.2932551319648094,340,338,1,0,337,325,10772,3,0,0,3,13
2020-11-08,US,Nebraska,Boyd,86,1,0,42.899727399999996,-98.76486568,31015.0,4481.500781657113,1.162790697674419,85,86,1,0,85,85,1955,0,0,0,0,1
2020-11-08,US,Nebraska,Brown,99,0,0,42.43018907,-99.92904055,31017.0,3350.253807106599,0.0,99,96,0,0,96,94,2973,3,0,0,3,2
2020-11-08,US,Nebraska,Buffalo,2379,19,0,40.85486962,-99.07500296,31019.0,4790.672385670271,0.7986548970155527,2360,2316,19,0,2297,2285,49615,63,0,0,63,31
2020-11-08,US,Nebraska,Burt,222,1,0,41.85056773,-96.32605633,31021.0,3437.0645610775664,0.4504504504504505,221,219,1,0,218,206,6488,3,0,0,3,13
2020-11-08,US,Nebraska,Butler,353,2,0,41.22703692,-97.13106306,31023.0,4403.692614770459,0.56657223796034,351,347,2,0,345,334,8058,6,0,0,6,13
2020-11-08,US,Nebraska,Cass,728,5,0,40.90899107,-96.13971217,31025.0,2773.5446510210304,0.6868131868131868,723,716,5,0,711,692,26159,12,0,0,12,24
2020-11-08,US,Nebraska,Cedar,202,0,0,42.598885100000004,-97.25311951,31027.0,2404.189478695549,0.0,202,199,0,0,199,195,8446,3,0,0,3,4
2020-11-08,US,Nebraska,Chase,192,1,0,40.523719799999995,-101.69780259999999,31029.0,4892.966360856269,0.5208333333333334,191,191,1,0,190,188,3977,1,0,0,1,3
2020-11-08,US,Nebraska,Cherry,110,4,0,42.54502621,-101.1244332,31031.0,1933.5559852346635,3.636363636363636,106,108,4,0,104,106,5761,2,0,0,2,2
2020-11-08,US,Nebraska,Cheyenne,207,0,0,41.21999357,-102.9941693,31033.0,2323.232323232324,0.0,207,207,0,0,207,178,9310,0,0,0,0,29
2020-11-08,US,Nebraska,Clay,230,1,0,40.52439441,-98.05126296,31035.0,3707.8832822827667,0.43478260869565216,229,225,1,0,224,221,6214,5,0,0,5,4
2020-11-08,US,Nebraska,Colfax,1063,7,0,41.57486951,-97.0868542,31037.0,9926.230273601645,0.658513640639699,1056,1049,7,0,1042,1025,10881,14,0,0,14,24
2020-11-08,US,Nebraska,Cuming,393,3,0,41.91637624,-96.78730772,31039.0,4442.6859597558205,0.7633587786259542,390,388,3,0,385,373,8940,5,0,0,5,15
2020-11-08,US,Nebraska,Custer,306,6,0,41.39374521,-99.72805369,31041.0,2839.3801614549493,1.96078431372549,300,302,6,0,296,284,10840,4,0,0,4,18
2020-11-08,US,Nebraska,Dakota,2714,49,0,42.39040144,-96.56656425,31043.0,13552.381903525415,1.8054532056005896,2665,2704,49,0,2655,2690,20083,10,0,0,10,14
2020-11-08,US,Nebraska,Dawes,314,5,0,42.71985036,-103.1313774,31045.0,3655.8388636628247,1.5923566878980893,309,312,5,0,307,311,8716,2,0,0,2,1
2020-11-08,US,Nebraska,Dawson,1501,15,0,40.87028216,-99.82014609999999,31047.0,6361.517270608178,0.9993337774816788,1486,1482,15,0,1467,1473,23709,19,0,0,19,9
2020-11-08,US,Nebraska,Deuel,21,0,0,41.11168186,-102.33333309999999,31049.0,1170.5685618729096,0.0,21,20,0,0,20,19,1825,1,0,0,1,1
2020-11-08,US,Nebraska,Dixon,219,3,0,42.49188363,-96.86782408,31051.0,3885.734563520227,1.3698630136986298,216,212,3,0,209,205,5709,7,0,0,7,7
2020-11-08,US,Nebraska,Dodge,2050,23,0,41.58071748,-96.65598179,31053.0,5606.45425953781,1.1219512195121952,2027,2023,23,0,2000,1977,36791,27,0,0,27,46
2020-11-08,US,Nebraska,Douglas,26825,238,0,41.29518299,-96.15085305,31055.0,4695.20957350169,0.8872320596458527,26587,26422,238,0,26184,25917,566880,403,0,0,403,505
2020-11-08,US,Nebraska,Dundy,40,2,0,40.17638677,-101.6876522,31057.0,2362.669816893089,5.0,38,40,2,0,38,37,1770,0,0,0,0,3
2020-11-08,US,Nebraska,Fillmore,182,2,0,40.52458567,-97.59646937,31059.0,3332.112779201758,1.0989010989010992,180,179,2,0,177,176,5527,3,0,0,3,3
2020-11-08,US,Nebraska,Franklin,116,1,0,40.17636348,-98.95299073,31061.0,3893.924135615978,0.8620689655172413,115,112,1,0,111,112,3023,4,0,0,4,0
2020-11-08,US,Nebraska,Frontier,53,1,0,40.52993007,-100.3924658,31063.0,2017.5104682146937,1.8867924528301887,52,53,1,0,52,52,2608,0,0,0,0,1
2020-11-08,US,Nebraska,Furnas,153,3,0,40.17642064,-99.91247454,31065.0,3272.027373823781,1.96078431372549,150,146,3,0,143,141,4715,7,0,0,7,5
2020-11-08,US,Nebraska,Gage,744,5,0,40.26186809,-96.68946704,31067.0,3458.374006414726,0.6720430107526881,739,733,5,0,728,728,21493,11,0,0,11,5
2020-11-08,US,Nebraska,Garden,55,0,0,41.61703149,-102.3313973,31069.0,2994.011976047904,0.0,55,55,0,0,55,52,1897,0,0,0,0,3
2020-11-08,US,Nebraska,Garfield,55,0,0,41.91428955,-98.99111827,31071.0,2793.2960893854747,0.0,55,55,0,0,55,53,1987,0,0,0,0,2
2020-11-08,US,Nebraska,Gosper,80,0,0,40.51481965,-99.83020279,31073.0,4020.100502512563,0.0,80,78,0,0,78,77,1996,2,0,0,2,1
2020-11-08,US,Nebraska,Grant,6,0,0,41.91528587,-101.740701,31075.0,963.0818619582665,0.0,6,6,0,0,6,6,660,0,0,0,0,0
2020-11-08,US,Nebraska,Greeley,61,0,0,41.56742671,-98.52150266,31077.0,2589.1341256366723,0.0,61,57,0,0,57,57,2356,4,0,0,4,0
2020-11-08,US,Nebraska,Hall,3151,56,0,40.87257079,-98.50218293,31079.0,5135.853177513733,1.777213582989527,3095,3090,56,0,3034,3054,61607,61,0,0,61,36
2020-11-08,US,Nebraska,Hamilton,316,13,0,40.87349452,-98.02099117,31081.0,3389.1033891033894,4.113924050632911,303,303,13,0,290,300,9280,13,0,0,13,3
2020-11-08,US,Nebraska,Harlan,77,0,0,40.17658508,-99.40438879,31083.0,2278.1065088757396,0.0,77,76,0,0,76,74,3401,1,0,0,1,2
2020-11-08,US,Nebraska,Hayes,29,0,0,40.52451972,-101.0603568,31085.0,3145.336225596529,0.0,29,29,0,0,29,29,916,0,0,0,0,0
2020-11-08,US,Nebraska,Hitchcock,62,1,0,40.17609175,-101.04164770000001,31087.0,2244.7501810282406,1.6129032258064515,61,61,1,0,60,61,2806,1,0,0,1,0
2020-11-08,US,Nebraska,Holt,388,5,0,42.45522056,-98.78402558,31089.0,3854.177014006159,1.2886597938144329,383,378,5,0,373,376,10178,10,0,0,10,2
2020-11-08,US,Nebraska,Hooker,28,1,0,41.91586243,-101.1354293,31091.0,4105.571847507332,3.571428571428572,27,28,1,0,27,28,682,0,0,0,0,0
2020-11-08,US,Nebraska,Howard,210,6,0,41.2200529,-98.5166499,31093.0,3258.3397982932506,2.8571428571428568,204,201,6,0,195,200,6468,9,0,0,9,1
2020-11-08,US,Nebraska,Jefferson,145,0,0,40.17584531,-97.142601,31095.0,2057.90519443656,0.0,145,140,0,0,140,135,7097,5,0,0,5,5
2020-11-08,US,Nebraska,Johnson,147,0,0,40.39257596,-96.26522753,31097.0,2898.8365213961742,0.0,147,145,0,0,145,143,5134,2,0,0,2,2
2020-11-08,US,Nebraska,Kearney,307,0,0,40.50663314,-98.94877182,31099.0,4726.71285604311,0.0,307,302,0,0,302,297,6544,5,0,0,5,5
2020-11-08,US,Nebraska,Keith,159,0,0,41.19930341,-101.66201640000001,31101.0,1979.0888722927562,0.0,159,153,0,0,153,139,8021,6,0,0,6,14
2020-11-08,US,Nebraska,Keya Paha,10,0,0,42.87990694,-99.71343729,31103.0,1240.6947890818856,0.0,10,10,0,0,10,10,810,0,0,0,0,0
2020-11-08,US,Nebraska,Kimball,88,0,0,41.19774275,-103.7148131,31105.0,2422.9074889867843,0.0,88,88,0,0,88,86,3618,0,0,0,0,2
2020-11-08,US,Nebraska,Knox,326,1,0,42.63758421,-97.89178836,31107.0,3912.626020163226,0.3067484662576687,325,325,1,0,324,322,8419,1,0,0,1,3
2020-11-08,US,Nebraska,Lancaster,11056,49,0,40.78416049,-96.68777155,31109.0,3464.8531762198754,0.4431982633863965,11007,10807,49,0,10758,10580,317272,249,0,0,249,227
2020-11-08,US,Nebraska,Lincoln,1426,8,0,41.04658298,-100.74753740000001,31111.0,4084.321475625824,0.5610098176718092,1418,1391,8,0,1383,1322,35185,35,0,0,35,69
2020-11-08,US,Nebraska,Logan,18,0,0,41.56650314,-100.4817851,31113.0,2406.417112299465,0.0,18,17,0,0,17,15,749,1,0,0,1,2
2020-11-08,US,Nebraska,Loup,13,0,0,41.91371961,-99.45440415,31115.0,1957.8313253012047,0.0,13,13,0,0,13,13,618,0,0,0,0,0
2020-11-08,US,Nebraska,Madison,1925,12,0,41.91676024,-97.6005481,31119.0,5484.486737513889,0.6233766233766234,1913,1893,12,0,1881,1834,35392,32,0,0,32,59
2020-11-08,US,Nebraska,McPherson,11,0,0,41.56797682,-101.05993620000001,31117.0,2226.7206477732793,0.0,11,11,0,0,11,11,492,0,0,0,0,0
2020-11-08,US,Nebraska,Merrick,240,1,0,41.16624273,-98.0374887,31121.0,3094.777562862669,0.4166666666666667,239,235,1,0,234,227,7733,5,0,0,5,8
2020-11-08,US,Nebraska,Morrill,174,0,0,41.71711774,-103.0061405,31123.0,3748.384317104696,0.0,174,170,0,0,170,167,4686,4,0,0,4,3
2020-11-08,US,Nebraska,Nance,152,1,0,41.39750195,-97.99327291,31125.0,4319.408922989485,0.6578947368421053,151,149,1,0,148,145,3532,3,0,0,3,4
2020-11-08,US,Nebraska,Nemaha,222,0,0,40.38514847,-95.85433992,31127.0,3184.1652323580033,0.0,222,218,0,0,218,215,6958,4,0,0,4,3
2020-11-08,US,Nebraska,Nuckolls,138,0,0,40.17637905,-98.04743961,31129.0,3326.904532304725,0.0,138,128,0,0,128,126,4195,10,0,0,10,2
2020-11-08,US,Nebraska,Otoe,442,1,0,40.64843556,-96.13374142,31131.0,2760.429677741694,0.2262443438914027,441,433,1,0,432,423,15985,9,0,0,9,10
2020-11-08,US,Nebraska,Pawnee,38,0,0,40.13141096,-96.23705437,31133.0,1454.267125908917,0.0,38,38,0,0,38,37,2632,0,0,0,0,1
2020-11-08,US,Nebraska,Perkins,57,10,0,40.85082525,-101.6502942,31135.0,1971.6361120719475,17.543859649122812,47,56,10,0,46,56,2929,1,0,0,1,0
2020-11-08,US,Nebraska,Phelps,369,2,0,40.51156033,-99.41461667,31137.0,4084.5694044719953,0.5420054200542005,367,361,2,0,359,358,8996,8,0,0,8,3
2020-11-08,US,Nebraska,Pierce,287,11,0,42.26434853,-97.60122773,31139.0,4015.109121432568,3.8327526132404177,276,283,11,0,272,276,7142,4,0,0,4,7
2020-11-08,US,Nebraska,Platte,2104,12,0,41.57246836,-97.52144359,31141.0,6286.226471466986,0.5703422053231939,2092,2021,12,0,2009,1971,33363,83,0,0,83,50
2020-11-08,US,Nebraska,Polk,238,6,0,41.18813488,-97.56630712,31143.0,4565.509303663917,2.5210084033613445,232,237,6,0,231,231,5278,1,0,0,1,6
2020-11-08,US,Nebraska,Red Willow,340,1,0,40.17556879999999,-100.476998,31145.0,3170.458784035808,0.29411764705882354,339,336,1,0,335,328,10726,4,0,0,4,8
2020-11-08,US,Nebraska,Richardson,181,2,0,40.1247415,-95.71755036,31147.0,2301.335028607756,1.1049723756906078,179,175,2,0,173,167,7937,6,0,0,6,8
2020-11-08,US,Nebraska,Rock,68,1,0,42.42252217,-99.44832069,31149.0,5011.05379513633,1.4705882352941178,67,67,1,0,66,67,1360,1,0,0,1,0
2020-11-08,US,Nebraska,Saline,1102,2,0,40.52418865,-97.14085859,31151.0,7747.469066366704,0.18148820326678766,1100,1077,2,0,1075,1060,14350,25,0,0,25,17
2020-11-08,US,Nebraska,Sarpy,7457,41,0,41.11314181,-96.11156432,31153.0,3983.525289001902,0.5498189620490814,7416,7286,41,0,7245,7128,184459,171,0,0,171,158
2020-11-08,US,Nebraska,Saunders,850,5,0,41.227810299999994,-96.63773905,31155.0,3939.1973306145146,0.5882352941176471,845,838,5,0,833,821,21303,12,0,0,12,17
2020-11-08,US,Nebraska,Scotts Bluff,1723,9,0,41.85070896,-103.70809859999999,31157.0,4837.441742938963,0.522344747533372,1714,1669,9,0,1660,1625,35989,54,0,0,54,44
2020-11-08,US,Nebraska,Seward,555,3,0,40.87241834,-97.139673,31159.0,3211.0622541078446,0.5405405405405406,552,536,3,0,533,523,17318,19,0,0,19,13
2020-11-08,US,Nebraska,Sheridan,176,0,0,42.50284406,-102.4126613,31161.0,3354.9370949294703,0.0,176,176,0,0,176,175,5190,0,0,0,0,1
2020-11-08,US,Nebraska,Sherman,77,3,0,41.22045983,-98.97588642,31163.0,2565.811396201267,3.8961038961038965,74,75,3,0,72,75,3038,2,0,0,2,0
2020-11-08,US,Nebraska,Sioux,12,0,0,42.48932059,-103.7576544,31165.0,1029.1595197255574,0.0,12,12,0,0,12,12,1187,0,0,0,0,0
2020-11-08,US,Nebraska,Stanton,116,0,0,41.9169835,-97.19394708,31167.0,1959.45945945946,0.0,116,110,0,0,110,107,5970,6,0,0,6,3
2020-11-08,US,Nebraska,Thayer,98,0,0,40.17626377,-97.59504381,31169.0,1958.8247051768933,0.0,98,96,0,0,96,92,5039,2,0,0,2,4
2020-11-08,US,Nebraska,Thomas,22,0,0,41.91358968,-100.5556632,31171.0,3047.091412742382,0.0,22,22,0,0,22,22,720,0,0,0,0,0
2020-11-08,US,Nebraska,Thurston,396,4,0,42.15725356,-96.54157099,31173.0,5481.727574750829,1.0101010101010102,392,394,4,0,390,394,7303,2,0,0,2,0
2020-11-08,US,Nebraska,Unassigned,695,3,0,0.0,0.0,90031.0,0.0,0.4316546762589928,692,683,3,0,680,680,,12,0,0,12,3
2020-11-08,US,Nebraska,Valley,116,1,0,41.56730777,-98.98197724,31175.0,2789.80278980279,0.8620689655172413,115,113,1,0,112,111,4190,3,0,0,3,2
2020-11-08,US,Nebraska,Washington,696,9,0,41.52815707,-96.22019892,31177.0,3357.614935597472,1.293103448275862,687,685,9,0,676,656,20667,11,0,0,11,29
2020-11-08,US,Nebraska,Wayne,495,3,0,42.20934475,-97.11926964,31179.0,5274.37400106553,0.6060606060606061,492,483,3,0,480,463,9403,12,0,0,12,20
2020-11-08,US,Nebraska,Webster,135,2,0,40.17642643,-98.50019851,31181.0,3871.522798967594,1.4814814814814814,133,133,2,0,131,133,3533,2,0,0,2,0
2020-11-08,US,Nebraska,Wheeler,5,0,0,41.91482725,-98.52798941,31183.0,638.5696040868455,0.0,5,5,0,0,5,5,805,0,0,0,0,0
2020-11-08,US,Nebraska,York,691,3,0,40.87272618,-97.59710186,31185.0,5051.538855179472,0.4341534008683068,688,678,3,0,675,666,13772,13,0,0,13,12
2020-11-08,US,Nevada,Carson City,978,10,0,39.15509045,-119.7480219,32510.0,1749.0521496530512,1.0224948875255624,968,875,10,0,865,871,55414,103,0,0,103,4
2020-11-08,US,Nevada,Churchill,390,4,0,39.58105744,-118.3394607,32001.0,1565.69914488739,1.0256410256410255,386,401,4,0,397,346,24440,-11,0,0,-11,55
2020-11-08,US,Nevada,Clark,88673,1571,0,36.21458855,-115.0130241,32003.0,3911.9607008379967,1.7716779628522774,87102,88015,1571,0,86444,86673,2231647,658,0,0,658,1342
2020-11-08,US,Nevada,Douglas,455,2,0,38.912862,-119.61713329999999,32005.0,930.3752172579492,0.4395604395604396,453,452,2,0,450,450,48467,3,0,0,3,2
2020-11-08,US,Nevada,Elko,1772,15,0,41.14531606,-115.3577619,32007.0,3357.459547538748,0.8465011286681715,1757,1740,15,0,1725,1693,52460,32,0,0,32,47
2020-11-08,US,Nevada,Eureka,18,0,0,39.98100864,-116.26832040000001,32011.0,887.1365204534253,0.0,18,15,0,0,15,14,2003,3,0,0,3,1
2020-11-08,US,Nevada,Humboldt,194,4,0,41.40692186,-118.11094270000001,32013.0,1152.6350187154655,2.061855670103093,190,194,4,0,190,193,16786,0,0,0,0,1
2020-11-08,US,Nevada,Lander,122,4,0,39.933223299999995,-117.03970749999999,32015.0,2205.350686912509,3.278688524590164,118,121,4,0,117,118,5575,1,0,0,1,3
2020-11-08,US,Nevada,Lincoln,50,1,0,37.64268459,-114.8790388,32017.0,964.6922631680493,2.0,49,50,1,0,49,50,5201,0,0,0,0,0
2020-11-08,US,Nevada,Lyon,669,14,0,39.01777974,-119.18704790000001,32019.0,1163.2759520083466,2.0926756352765317,655,664,14,0,650,653,55808,5,0,0,5,11
2020-11-08,US,Nevada,Mineral,21,1,0,38.53841696,-118.4344506,32021.0,466.1487236403996,4.761904761904762,20,21,1,0,20,22,4514,0,0,0,0,-1
2020-11-08,US,Nevada,Nye,877,18,0,38.04264256,-116.47227020000001,32023.0,1885.089095716097,2.0524515393386547,859,866,18,0,848,827,45346,11,0,0,11,39
2020-11-08,US,Nevada,Pershing,27,0,0,40.44003782,-118.40056409999998,32027.0,401.48698884758363,0.0,27,27,0,0,27,25,6666,0,0,0,0,2
2020-11-08,US,Nevada,Storey,25,0,0,39.44875482,-119.5250207,32029.0,606.354596167839,0.0,25,25,0,0,25,25,4029,0,0,0,0,0
2020-11-08,US,Nevada,Washoe,15594,206,0,40.66562265,-119.6631594,32031.0,3307.1838038339915,1.3210209054764652,15388,15125,205,0,14920,14819,465735,469,1,0,468,306
2020-11-08,US,Nevada,White Pine,157,1,0,39.44157041,-114.89996599999999,32033.0,1638.830897703549,0.6369426751592356,156,155,1,0,154,143,9475,2,0,0,2,12
2020-11-08,US,New Hampshire,Belknap,288,6,0,43.51637314,-71.41684235,33001.0,469.7975629251423,2.083333333333333,282,280,6,0,274,274,61022,8,0,0,8,6
2020-11-08,US,New Hampshire,Carroll,184,2,0,43.87498583,-71.20430216,33003.0,376.2011858515641,1.0869565217391304,182,180,2,0,178,178,48779,4,0,0,4,2
2020-11-08,US,New Hampshire,Cheshire,256,3,0,42.92015988,-72.25311043,33005.0,336.4657948347243,1.171875,253,241,3,0,238,232,76493,15,0,0,15,9
2020-11-08,US,New Hampshire,Coos,162,0,0,44.69063265,-71.30633239,33007.0,513.2591958939264,0.0,162,157,0,0,157,147,31589,5,0,0,5,10
2020-11-08,US,New Hampshire,Grafton,316,1,0,43.93779815,-71.82057197,33009.0,351.5564159045902,0.3164556962025317,315,302,1,0,301,294,89786,14,0,0,14,8
2020-11-08,US,New Hampshire,Hillsborough,5985,325,0,42.91537785,-71.7200253,33011.0,1435.1657574485941,5.4302422723475345,5660,5908,325,0,5583,5841,415247,77,0,0,77,67
2020-11-08,US,New Hampshire,Merrimack,1075,32,0,43.29662971,-71.6811573,33013.0,710.081841060565,2.976744186046512,1043,1051,32,0,1019,1030,151132,24,0,0,24,21
2020-11-08,US,New Hampshire,Rockingham,3075,105,0,42.98499744,-71.12883377,33015.0,992.6751869941797,3.414634146341464,2970,3030,105,0,2925,2972,309176,45,0,0,45,58
2020-11-08,US,New Hampshire,Strafford,941,14,0,43.291833000000004,-71.02336013,33017.0,720.3386586850183,1.487778958554729,927,912,14,0,898,882,130090,29,0,0,29,30
2020-11-08,US,New Hampshire,Sullivan,133,1,0,43.36094111,-72.22203125,33019.0,308.25568998284893,0.7518796992481203,132,118,1,0,117,109,43144,15,0,0,15,9
2020-11-08,US,New Hampshire,Unassigned,73,0,0,0.0,0.0,90033.0,0.0,0.0,73,62,0,0,62,53,,11,0,0,11,9
2020-11-08,US,New Jersey,Atlantic,5846,270,0,39.47538693,-74.65848483,34001.0,2217.165396139113,4.618542593226136,5576,5774,270,0,5504,5649,265429,72,0,0,72,125
2020-11-08,US,New Jersey,Bergen,26924,2071,0,40.96010917,-74.07164325,34003.0,2888.2152151572304,7.6920219878175615,24853,26714,2071,0,24643,26382,936692,210,0,0,210,332
2020-11-08,US,New Jersey,Burlington,9355,520,0,39.87681124,-74.66927768,34005.0,2100.5997543499593,5.558524853019776,8835,9265,520,0,8745,9126,445384,90,0,0,90,139
2020-11-08,US,New Jersey,Camden,13020,640,0,39.80343818,-74.96388753,34007.0,2570.729617292994,4.915514592933948,12380,12899,639,0,12260,12662,507078,121,1,0,120,237
2020-11-08,US,New Jersey,Cape May,1218,102,0,39.15008829,-74.80170244,34009.0,1323.352057280066,8.374384236453201,1116,1202,102,0,1100,1183,92560,16,0,0,16,19
2020-11-08,US,New Jersey,Cumberland,4210,163,0,39.37199394,-75.10712559,34011.0,2815.5450186253997,3.8717339667458432,4047,4190,162,0,4028,4159,150972,20,1,0,19,31
2020-11-08,US,New Jersey,Essex,27226,2153,0,40.78681335,-74.24657979,34013.0,3407.616008010263,7.907882171453758,25073,26970,2153,0,24817,26608,799767,256,0,0,256,362
2020-11-08,US,New Jersey,Gloucester,6163,251,0,39.71581067,-75.13995546,34015.0,2113.2507646518256,4.072691870842123,5912,6079,251,0,5828,6008,291408,84,0,0,84,71
2020-11-08,US,New Jersey,Hudson,24980,1538,0,40.73766234,-74.07515667,34017.0,3715.1002913483376,6.156925540432347,23442,24801,1538,0,23263,24494,676061,179,0,0,179,307
2020-11-08,US,New Jersey,Hunterdon,1776,127,0,40.56335249,-74.91284156,34019.0,1427.9856236582486,7.1509009009009015,1649,1766,127,0,1639,1729,124714,10,0,0,10,37
2020-11-08,US,New Jersey,Mercer,9960,642,0,40.28047017,-74.70479631,34021.0,2710.7204093296677,6.445783132530121,9318,9900,642,0,9258,9774,369811,60,0,0,60,126
2020-11-08,US,New Jersey,Middlesex,23917,1455,0,40.43629879,-74.41426991,34023.0,2898.812452882329,6.0835389053811095,22462,23749,1454,0,22295,23539,829685,168,1,0,167,210
2020-11-08,US,New Jersey,Monmouth,15249,874,0,40.26549699,-74.22240686,34025.0,2464.305626257484,5.731523378582202,14375,15128,874,0,14254,14944,621354,121,0,0,121,184
2020-11-08,US,New Jersey,Morris,10146,842,0,40.86095313,-74.54553709999998,34027.0,2062.8450019823317,8.298836980090678,9304,10037,842,0,9195,9869,494228,109,0,0,109,168
2020-11-08,US,New Jersey,Ocean,17566,1077,0,39.8895449,-74.28089251,34029.0,2893.017954959436,6.131162472959126,16489,17488,1077,0,16411,17348,601651,78,0,0,78,140
2020-11-08,US,New Jersey,Passaic,22551,1268,0,41.03238628,-74.29954144,34031.0,4493.788683727029,5.622810518380558,21283,22403,1267,0,21136,22126,503310,148,1,0,147,277
2020-11-08,US,New Jersey,Salem,1237,90,0,39.58719656,-75.34696629999998,34033.0,1982.8484411316824,7.275666936135813,1147,1230,90,0,1140,1226,62607,7,0,0,7,4
2020-11-08,US,New Jersey,Somerset,6948,599,0,40.56465737,-74.61683016,34035.0,2112.2778429715386,8.621185952792171,6349,6890,599,0,6291,6813,331164,58,0,0,58,77
2020-11-08,US,New Jersey,Sussex,1888,198,0,41.13891592,-74.69118243,34037.0,1343.8870223791355,10.487288135593221,1690,1862,198,0,1664,1845,140799,26,0,0,26,17
2020-11-08,US,New Jersey,Unassigned,569,0,0,0.0,0.0,90034.0,0.0,0.0,569,564,0,0,564,563,,5,0,0,5,1
2020-11-08,US,New Jersey,Union,22054,1378,0,40.65835409,-74.30680092,34039.0,3964.1155334587957,6.248299628185364,20676,21899,1378,0,20521,21604,558067,155,0,0,155,295
2020-11-08,US,New Jersey,Warren,1792,171,0,40.85951833,-74.99556527,34041.0,1702.3378646679394,9.542410714285714,1621,1772,171,0,1601,1729,105779,20,0,0,20,43
2020-11-08,US,New Mexico,Bernalillo,13768,239,0,35.05163625,-106.6703554,35001.0,2027.3264999904288,1.7359093550261475,13529,13493,234,0,13259,13170,678701,275,5,0,270,323
2020-11-08,US,New Mexico,Catron,10,1,0,33.91514144,-108.4046587,35003.0,283.5270768358378,10.0,9,10,1,0,9,10,3578,0,0,0,0,0
2020-11-08,US,New Mexico,Chaves,2558,21,0,33.36406072,-104.4665365,35005.0,3958.833088292192,0.8209538702111024,2537,2470,21,0,2449,2414,64689,88,0,0,88,56
2020-11-08,US,New Mexico,Cibola,788,28,0,34.91131525,-107.998876,35006.0,2954.0768509840673,3.5532994923857872,760,775,28,0,747,768,26746,13,0,0,13,7
2020-11-08,US,New Mexico,Colfax,63,1,0,36.60569702,-104.64726740000002,35007.0,527.5940038522737,1.5873015873015872,62,56,1,0,55,52,12110,7,0,0,7,4
2020-11-08,US,New Mexico,Curry,1974,13,0,34.57421077,-103.34688759999999,35009.0,4032.356906483638,0.6585612968591692,1961,1886,13,0,1873,1850,49437,88,0,0,88,36
2020-11-08,US,New Mexico,De Baca,5,0,0,34.34274529,-104.4117842,35011.0,286.0411899313501,0.0,5,4,0,0,4,3,1781,1,0,0,1,1
2020-11-08,US,New Mexico,Dona Ana,8234,102,0,32.35275771,-106.83293870000001,35013.0,3773.688672976008,1.238766091814428,8132,8089,101,0,7988,7887,217522,145,1,0,144,202
2020-11-08,US,New Mexico,Eddy,1853,29,0,32.47167456,-104.3053527,35015.0,3169.68867601779,1.5650296815974096,1824,1774,27,0,1747,1734,57900,79,2,0,77,40
2020-11-08,US,New Mexico,Grant,238,4,0,32.73911281,-108.3827845,35017.0,881.5467812430551,1.680672268907563,234,232,4,0,228,227,27346,6,0,0,6,5
2020-11-08,US,New Mexico,Guadalupe,54,1,0,34.86319296,-104.790669,35019.0,1255.8139534883721,1.851851851851852,53,52,1,0,51,52,4341,2,0,0,2,0
2020-11-08,US,New Mexico,Harding,1,0,0,35.85751555,-103.82209379999999,35021.0,160.0,0.0,1,1,0,0,1,1,655,0,0,0,0,0
2020-11-08,US,New Mexico,Hidalgo,131,2,0,31.91383467,-108.7151824,35023.0,3120.5335874225816,1.5267175572519085,129,130,2,0,128,130,4240,1,0,0,1,0
2020-11-08,US,New Mexico,Lea,2563,33,0,32.79215361,-103.4123733,35025.0,3606.303644294357,1.2875536480686696,2530,2494,33,0,2461,2438,69611,69,0,0,69,56
2020-11-08,US,New Mexico,Lincoln,444,6,0,33.74526079,-105.4586166,35027.0,2268.546903740037,1.351351351351351,438,427,6,0,421,421,19556,17,0,0,17,6
2020-11-08,US,New Mexico,Los Alamos,67,0,0,35.86631386,-106.31349850000001,35028.0,345.91357323558265,0.0,67,63,0,0,63,62,19101,4,0,0,4,1
2020-11-08,US,New Mexico,Luna,1377,15,0,32.18179341,-107.75088259999998,35029.0,5807.921042642035,1.0893246187363834,1362,1363,15,0,1348,1338,23963,14,0,0,14,25
2020-11-08,US,New Mexico,McKinley,5008,263,0,35.58007720000001,-108.262245,35031.0,7017.248868524668,5.251597444089457,4745,4988,262,0,4726,4911,72290,20,1,0,19,77
2020-11-08,US,New Mexico,Mora,18,0,0,36.01095101,-104.9497716,35033.0,398.14200398142,0.0,18,17,0,0,17,17,4506,1,0,0,1,0
2020-11-08,US,New Mexico,Otero,701,17,0,32.61348406,-105.7417604,35035.0,1038.6723959105052,2.425106990014265,684,693,17,0,676,645,66781,8,0,0,8,48
2020-11-08,US,New Mexico,Quay,129,2,0,35.10403332,-103.54817270000001,35037.0,1563.0679752817155,1.5503875968992251,127,124,2,0,122,119,8253,5,0,0,5,5
2020-11-08,US,New Mexico,Rio Arriba,641,16,0,36.51072137,-106.69316740000001,35039.0,1646.925824105239,2.49609984399376,625,630,15,0,615,616,39006,11,1,0,10,14
2020-11-08,US,New Mexico,Roosevelt,618,10,0,34.02097406,-103.4799493,35041.0,3340.540540540541,1.6181229773462784,608,596,10,0,586,579,18743,22,0,0,22,17
2020-11-08,US,New Mexico,San Juan,4112,207,0,36.50838318,-108.32043700000001,35045.0,3317.2526178221656,5.034046692607004,3905,4096,206,0,3890,4025,125043,16,1,0,15,71
2020-11-08,US,New Mexico,San Miguel,238,0,0,35.48014807,-104.8163562,35047.0,872.5299703046522,0.0,238,226,0,0,226,221,27591,12,0,0,12,5
2020-11-08,US,New Mexico,Sandoval,2446,52,0,35.68862401,-106.86878030000001,35043.0,1666.8029547251072,2.1259198691741616,2394,2410,52,0,2358,2340,145179,36,0,0,36,70
2020-11-08,US,New Mexico,Santa Fe,2428,19,0,35.50708973,-105.9774716,35049.0,1614.812647148805,0.7825370675453048,2409,2308,18,0,2290,2244,150056,120,1,0,119,64
2020-11-08,US,New Mexico,Sierra,160,2,0,33.13028233,-107.1925893,35051.0,1482.7170790473542,1.25,158,158,2,0,156,151,10968,2,0,0,2,7
2020-11-08,US,New Mexico,Socorro,324,16,0,34.00715494,-106.9298354,35053.0,1947.466490352828,4.938271604938271,308,312,16,0,296,310,16735,12,0,0,12,2
2020-11-08,US,New Mexico,Taos,340,6,0,36.58006022,-105.63101979999999,35055.0,1039.024539314855,1.7647058823529411,334,332,6,0,326,311,32835,8,0,0,8,21
2020-11-08,US,New Mexico,Torrance,134,1,0,34.64048375,-105.8508949,35057.0,866.6968501390596,0.746268656716418,133,131,1,0,130,128,15591,3,0,0,3,3
2020-11-08,US,New Mexico,Unassigned,2097,0,0,0.0,0.0,90035.0,0.0,0.0,2097,2010,0,0,2010,1936,,87,0,0,87,74
2020-11-08,US,New Mexico,Union,47,2,0,36.48126404,-103.4709624,35059.0,1157.9206701157918,4.25531914893617,45,47,2,0,45,46,4118,0,0,0,0,1
2020-11-08,US,New Mexico,Valencia,1312,10,0,34.71669834,-106.8103733,35061.0,1710.8282912580844,0.7621951219512195,1302,1274,8,0,1266,1238,76456,38,2,0,36,36
2020-11-08,US,New York,Albany,4049,140,0,42.60060306,-73.97723916,36001.0,1325.3422191380855,3.4576438626821435,3909,4024,140,0,3884,3942,307117,25,0,0,25,82
2020-11-08,US,New York,Allegany,469,16,0,42.25748406,-78.02750466,36003.0,1017.5522336247858,3.411513859275053,453,455,16,0,439,414,46430,14,0,0,14,41
2020-11-08,US,New York,Bronx,57064,5010,0,40.85209301,-73.86282755,36005.0,4023.672143770268,8.779615869900462,52054,56817,5004,0,51813,56655,1432132,247,6,0,241,162
2020-11-08,US,New York,Broome,4003,104,0,42.15903158,-75.81326086,36007.0,2101.4447104279534,2.598051461403947,3899,3982,104,0,3878,3927,191659,21,0,0,21,55
2020-11-08,US,New York,Cattaraugus,605,18,0,42.24778241,-78.67923096,36009.0,794.8290132296332,2.975206611570248,587,599,18,0,581,591,76840,6,0,0,6,8
2020-11-08,US,New York,Cayuga,533,2,0,42.91261714,-76.55731592,36011.0,696.0405348934391,0.37523452157598497,531,518,2,0,516,496,77145,15,0,0,15,22
2020-11-08,US,New York,Chautauqua,1114,15,0,42.22769210000001,-79.36691763,36013.0,877.8358273642073,1.346499102333932,1099,1103,15,0,1088,1094,127939,11,0,0,11,9
2020-11-08,US,New York,Chemung,2126,22,0,42.13891056,-76.7638805,36015.0,2547.450153374233,1.0348071495766695,2104,2096,22,0,2074,2046,84254,30,0,0,30,50
2020-11-08,US,New York,Chenango,460,9,0,42.49430041,-75.60887553,36017.0,974.4317580019913,1.9565217391304348,451,455,9,0,446,449,47536,5,0,0,5,6
2020-11-08,US,New York,Clinton,301,5,0,44.74530905,-73.67875352,36019.0,373.9827297011866,1.6611295681063123,296,297,5,0,292,292,80695,4,0,0,4,5
2020-11-08,US,New York,Columbia,801,43,0,42.24819348,-73.63089095,36021.0,1347.101461462135,5.368289637952558,758,789,43,0,746,782,59916,12,0,0,12,7
2020-11-08,US,New York,Cortland,647,1,0,42.59509207,-76.07048931,36023.0,1359.786469389042,0.1545595054095827,646,633,1,0,632,622,47823,14,0,0,14,11
2020-11-08,US,New York,Delaware,238,7,0,42.19837623,-74.96709306,36025.0,539.2545598731166,2.9411764705882355,231,227,7,0,220,222,44527,11,0,0,11,5
2020-11-08,US,New York,Dutchess,5790,166,0,41.76486060000001,-73.74356679,36027.0,1967.928542781203,2.8670120898100175,5624,5739,166,0,5573,5710,293718,51,0,0,51,29
2020-11-08,US,New York,Erie,14988,728,0,42.76249024,-78.73063652,36029.0,1631.4321727829047,4.857219108620231,14260,14717,728,0,13989,14338,919719,271,0,0,271,379
2020-11-08,US,New York,Essex,216,0,0,44.11630765,-73.77297842,36031.0,585.6039040260267,0.0,216,216,0,0,216,213,37300,0,0,0,0,3
2020-11-08,US,New York,Franklin,136,0,0,44.59040891,-74.29926032,36033.0,271.88037263604014,0.0,136,127,0,0,127,114,50293,9,0,0,9,13
2020-11-08,US,New York,Fulton,373,24,0,43.11363907,-74.41798804,36035.0,698.7243129835341,6.434316353887398,349,372,24,0,348,372,53591,1,0,0,1,0
2020-11-08,US,New York,Genesee,478,5,0,43.0022601,-78.19135193,36037.0,834.4972067039107,1.0460251046025104,473,465,5,0,460,450,57511,13,0,0,13,15
2020-11-08,US,New York,Greene,555,18,0,42.275797,-74.12384884,36039.0,1176.1464779181147,3.2432432432432434,537,552,18,0,534,527,47491,3,0,0,3,25
2020-11-08,US,New York,Hamilton,19,0,0,43.66146647,-74.49721957,36041.0,430.2536231884058,0.0,19,19,0,0,19,19,4434,0,0,0,0,0
2020-11-08,US,New York,Herkimer,447,10,0,43.42034246,-74.96145307,36043.0,728.9747060454346,2.237136465324385,437,443,10,0,433,434,61833,4,0,0,4,9
2020-11-08,US,New York,Jefferson,268,0,0,44.04200959,-75.94653457,36045.0,244.0045887430122,0.0,268,262,0,0,262,260,111755,6,0,0,6,2
2020-11-08,US,New York,Kings,78414,7434,0,40.636182500000004,-73.94935552,36047.0,3063.1629401582795,9.480449919657202,70980,78058,7429,0,70629,77709,2582830,356,5,0,351,349
2020-11-08,US,New York,Lewis,180,0,0,43.784415700000004,-75.44903992,36049.0,684.514755095832,0.0,180,173,0,0,173,171,26447,7,0,0,7,2
2020-11-08,US,New York,Livingston,406,8,0,42.72596275,-77.77966158,36051.0,645.325364783673,1.9704433497536944,398,402,8,0,394,393,63227,4,0,0,4,9
2020-11-08,US,New York,Madison,652,17,0,42.91653905,-75.67266639,36053.0,919.0735963688136,2.607361963190184,635,643,17,0,626,627,70795,9,0,0,9,16
2020-11-08,US,New York,Monroe,8824,307,0,43.14638895,-77.69322942,36055.0,1189.587068767947,3.4791477787851317,8517,8616,307,0,8309,8398,742474,208,0,0,208,218
2020-11-08,US,New York,Montgomery,296,4,0,42.90123494,-74.44011632,36057.0,601.3693342272608,1.351351351351351,292,295,4,0,291,292,49455,1,0,0,1,3
2020-11-08,US,New York,Nassau,51682,2221,0,40.74066522,-73.58941873,36059.0,3808.761581341328,4.2974343098177314,49461,51418,2221,0,49197,51164,1358343,264,0,0,264,254
2020-11-08,US,New York,New York,37940,3200,0,40.76727260000001,-73.97152637,36061.0,2329.456636127085,8.434370057986294,34740,37641,3199,0,34442,37430,,299,1,0,298,211
2020-11-08,US,New York,Niagara,2354,102,0,43.19898042,-78.74777412,36063.0,1124.8034938670974,4.333050127442651,2252,2313,102,0,2211,2274,210433,41,0,0,41,39
2020-11-08,US,New York,Oneida,3082,132,0,43.24375382,-75.43710392,36065.0,1347.787869909171,4.282933160285529,2950,3039,132,0,2907,2993,229577,43,0,0,43,46
2020-11-08,US,New York,Onondaga,6491,212,0,43.00491923,-76.19971155,36067.0,1409.4691310843207,3.26606069942998,6279,6396,212,0,6184,6257,461809,95,0,0,95,139
2020-11-08,US,New York,Ontario,822,36,0,42.85145728,-77.30874425,36069.0,748.7907302986964,4.37956204379562,786,794,36,0,758,778,109864,28,0,0,28,16
2020-11-08,US,New York,Orange,14369,508,0,41.40337468,-74.30240757,36071.0,3732.78952564036,3.5353886839724407,13861,14301,508,0,13793,14221,381951,68,0,0,68,80
2020-11-08,US,New York,Orleans,442,54,0,43.2516977,-78.2320066,36073.0,1095.360824742268,12.217194570135744,388,434,54,0,380,429,40612,8,0,0,8,5
2020-11-08,US,New York,Oswego,758,5,0,43.42778894,-76.14635194,36075.0,647.1773505003245,0.6596306068601583,753,734,5,0,729,711,117898,24,0,0,24,23
2020-11-08,US,New York,Otsego,444,5,0,42.63492579,-75.03151402,36077.0,746.3062881347386,1.1261261261261262,439,442,5,0,437,440,59749,2,0,0,2,2
2020-11-08,US,New York,Putnam,1948,63,0,41.42630093,-73.74965532,36079.0,1981.285598047193,3.2340862422997945,1885,1937,63,0,1874,1921,98892,11,0,0,11,16
2020-11-08,US,New York,Queens,79404,7303,0,40.71088124,-73.81684712,36081.0,3523.025851672998,9.197269658959248,72101,79043,7302,0,71741,78737,2278906,361,1,0,360,306
2020-11-08,US,New York,Rensselaer,1198,42,0,42.71348136,-73.51089874,36083.0,754.8168403543483,3.5058430717863107,1156,1184,42,0,1142,1175,159442,14,0,0,14,9
2020-11-08,US,New York,Richmond,18397,1101,0,40.58582155,-74.14808598,36085.0,3863.7552163950745,5.9846714138174715,17296,18269,1100,0,17169,18132,476179,128,1,0,127,137
2020-11-08,US,New York,Rockland,18910,684,0,41.15027894,-74.02560498,36087.0,5804.37031330094,3.617133791644632,18226,18854,684,0,18170,18756,325695,56,0,0,56,98
2020-11-08,US,New York,Saratoga,1541,19,0,43.10904162,-73.86653895,36091.0,670.399324815216,1.2329656067488644,1522,1520,19,0,1501,1503,230163,21,0,0,21,17
2020-11-08,US,New York,Schenectady,1716,51,0,42.81668777,-74.05278291,36093.0,1104.965260561884,2.9720279720279716,1665,1701,51,0,1650,1687,155350,15,0,0,15,14
2020-11-08,US,New York,Schoharie,122,0,0,42.58831742,-74.44339029999998,36095.0,393.5610826155682,0.0,122,121,0,0,121,120,31097,1,0,0,1,1
2020-11-08,US,New York,Schuyler,183,0,0,42.39184015,-76.8773299,36097.0,1027.685741562307,0.0,183,178,0,0,178,172,17912,5,0,0,5,6
2020-11-08,US,New York,Seneca,176,5,0,42.78081007,-76.82497064,36099.0,517.4035747883349,2.8409090909090913,171,171,5,0,166,167,34300,5,0,0,5,4
2020-11-08,US,New York,St. Lawrence,480,5,0,44.4976179,-75.06550039,36089.0,445.5169853350658,1.0416666666666667,475,471,5,0,466,461,108047,9,0,0,9,10
2020-11-08,US,New York,Steuben,1225,57,0,42.2689144,-77.3829924,36101.0,1284.3498044642952,4.653061224489796,1168,1200,57,0,1143,1176,95796,25,0,0,25,24
2020-11-08,US,New York,Suffolk,50728,2022,0,40.88320119,-72.8012172,36103.0,3435.4575135734026,3.985964358933922,48706,50469,2022,0,48447,50210,1481093,259,0,0,259,259
2020-11-08,US,New York,Sullivan,1894,48,0,41.71579493,-74.76394559,36105.0,2510.870717997667,2.5343189017951424,1846,1891,48,0,1843,1882,75498,3,0,0,3,9
2020-11-08,US,New York,Tioga,836,39,0,42.16852837,-76.30835812,36107.0,1734.33188805676,4.6650717703349285,797,823,39,0,784,792,48560,13,0,0,13,31
2020-11-08,US,New York,Tompkins,702,0,0,42.44945765,-76.47229843,36109.0,687.0229007633587,0.0,702,690,0,0,690,678,102793,12,0,0,12,12
2020-11-08,US,New York,Ulster,2626,98,0,41.89027881,-74.26252104,36111.0,1478.8284254926145,3.731911652703732,2528,2607,98,0,2509,2599,178599,19,0,0,19,8
2020-11-08,US,New York,Unassigned,0,26,0,0.0,0.0,90036.0,0.0,0.0,-26,0,26,0,-26,0,,0,0,0,0,0
2020-11-08,US,New York,Warren,483,35,0,43.56173026,-73.8433699,36113.0,755.3484298761416,7.246376811594202,448,480,35,0,445,475,64265,3,0,0,3,5
2020-11-08,US,New York,Washington,380,14,0,43.31153794,-73.43043448,36115.0,620.8744526501538,3.684210526315789,366,380,14,0,366,377,61197,0,0,0,0,3
2020-11-08,US,New York,Wayne,663,6,0,43.15494365,-77.02976528,36117.0,737.3384639338063,0.9049773755656108,657,655,6,0,649,639,90064,8,0,0,8,16
2020-11-08,US,New York,Westchester,42179,1476,0,41.16278376,-73.75741653,36119.0,4359.559527279417,3.499371725266128,40703,41954,1476,0,40478,41720,967612,225,0,0,225,234
2020-11-08,US,New York,Wyoming,246,5,0,42.70145109,-78.22199579,36121.0,617.1755437918662,2.0325203252032518,241,243,5,0,238,230,40085,3,0,0,3,13
2020-11-08,US,New York,Yates,163,7,0,42.63505484,-77.10369919,36123.0,654.2768835547706,4.294478527607362,156,161,7,0,154,156,24841,2,0,0,2,5
2020-11-08,US,North Carolina,Alamance,5704,93,0,36.0434701,-79.39976137,37001.0,3365.0130671527763,1.6304347826086956,5611,5646,93,0,5553,5609,166436,58,0,0,58,37
2020-11-08,US,North Carolina,Alexander,1150,12,0,35.922379600000006,-81.17751948,37003.0,3066.9120196282374,1.0434782608695652,1138,1120,12,0,1108,1084,37353,30,0,0,30,36
2020-11-08,US,North Carolina,Alleghany,351,1,0,36.49360862,-81.12857041,37005.0,3151.656640028733,0.2849002849002849,350,348,1,0,347,345,11161,3,0,0,3,3
2020-11-08,US,North Carolina,Anson,768,13,0,34.97403241,-80.09953279,37007.0,3141.61826065614,1.6927083333333333,755,767,13,0,754,755,24877,1,0,0,1,12
2020-11-08,US,North Carolina,Ashe,552,3,0,36.43296207,-81.49862729,37009.0,2029.1879572106016,0.5434782608695652,549,547,3,0,544,533,27109,5,0,0,5,14
2020-11-08,US,North Carolina,Avery,692,2,0,36.07569796,-81.92308483,37011.0,3941.4478555561877,0.28901734104046245,690,680,2,0,678,678,17505,12,0,0,12,2
2020-11-08,US,North Carolina,Beaufort,1493,47,0,35.48531943,-76.84325809,37013.0,3177.0013193173595,3.1480241125251167,1446,1486,47,0,1439,1477,47079,7,0,0,7,9
2020-11-08,US,North Carolina,Bertie,753,21,0,36.0688473,-76.96545943,37015.0,3974.2439436322375,2.7888446215139444,732,747,21,0,726,747,19026,6,0,0,6,0
2020-11-08,US,North Carolina,Bladen,1141,19,0,34.61296243,-78.56180059,37017.0,3486.95067538659,1.6652059596844873,1122,1132,19,0,1113,1126,33190,9,0,0,9,6
2020-11-08,US,North Carolina,Brunswick,2371,52,0,34.070565,-78.22814204,37019.0,1660.1316342248983,2.193167439898777,2319,2350,52,0,2298,2334,136744,21,0,0,21,16
2020-11-08,US,North Carolina,Buncombe,4525,108,0,35.61113393,-82.53305,37021.0,1732.4486678331182,2.386740331491713,4417,4511,108,0,4403,4475,259103,14,0,0,14,36
2020-11-08,US,North Carolina,Burke,2972,57,0,35.74989637,-81.70755735,37023.0,3284.5222965132343,1.917900403768506,2915,2976,57,0,2919,2937,90382,-4,0,0,-4,39
2020-11-08,US,North Carolina,Cabarrus,5392,95,0,35.3877799,-80.55267168,37025.0,2491.0719648145323,1.7618694362017804,5297,5345,95,0,5250,5281,211342,47,0,0,47,64
2020-11-08,US,North Carolina,Caldwell,2881,19,0,35.95204977,-81.54799522,37027.0,3505.804473216676,0.6594932315168345,2862,2847,19,0,2828,2813,82029,34,0,0,34,34
2020-11-08,US,North Carolina,Camden,145,3,0,36.33804939,-76.15568396,37029.0,1334.3148983160029,2.0689655172413794,142,145,3,0,142,145,10710,0,0,0,0,0
2020-11-08,US,North Carolina,Carteret,1355,5,0,34.8932941,-76.54120135,37031.0,1950.3979963439035,0.3690036900369004,1350,1324,5,0,1319,1293,69524,31,0,0,31,31
2020-11-08,US,North Carolina,Caswell,677,6,0,36.39312665,-79.33353281,37033.0,2995.0451247566803,0.8862629246676514,671,675,6,0,669,670,22698,2,0,0,2,5
2020-11-08,US,North Carolina,Catawba,5162,64,0,35.66211129,-81.2132617,37035.0,3235.329142405877,1.2398295234405272,5098,5092,63,0,5029,5034,158652,70,1,0,69,58
2020-11-08,US,North Carolina,Chatham,2073,63,0,35.70394416,-79.25541492,37037.0,2783.671277024305,3.0390738060781475,2010,2061,63,0,1998,2038,73139,12,0,0,12,23
2020-11-08,US,North Carolina,Cherokee,821,15,0,35.1349263,-84.05970864,37039.0,2869.4254159094085,1.8270401948842876,806,820,15,0,805,816,28383,1,0,0,1,4
2020-11-08,US,North Carolina,Chowan,548,18,0,36.12908077,-76.60118385,37041.0,3930.2875995123,3.2846715328467155,530,548,18,0,530,546,14029,0,0,0,0,2
2020-11-08,US,North Carolina,Clay,255,3,0,35.05704275,-83.74353633,37043.0,2270.5012910693617,1.1764705882352942,252,255,3,0,252,254,11139,0,0,0,0,1
2020-11-08,US,North Carolina,Cleveland,3562,91,0,35.33553364,-81.55204486,37045.0,3636.6606430008064,2.554744525547445,3471,3544,91,0,3453,3498,97645,18,0,0,18,46
2020-11-08,US,North Carolina,Columbus,1907,66,0,34.26744084,-78.65801424,37047.0,3435.540822944441,3.4609334032511803,1841,1900,66,0,1834,1891,55655,7,0,0,7,9
2020-11-08,US,North Carolina,Craven,2540,64,0,35.11833364,-77.08398081,37049.0,2486.80719411782,2.5196850393700787,2476,2536,64,0,2472,2525,102912,4,0,0,4,11
2020-11-08,US,North Carolina,Cumberland,7758,105,0,35.04762133,-78.82623165,37051.0,2312.307568500398,1.3534416086620262,7653,7702,105,0,7597,7649,332330,56,0,0,56,53
2020-11-08,US,North Carolina,Currituck,249,4,0,36.36123664,-75.95876401,37053.0,896.8771386377553,1.606425702811245,245,243,4,0,239,240,27072,6,0,0,6,3
2020-11-08,US,North Carolina,Dare,441,3,0,35.66520691,-75.71767334,37055.0,1191.6020427463588,0.6802721088435374,438,432,3,0,429,425,36501,9,0,0,9,7
2020-11-08,US,North Carolina,Davidson,4141,47,0,35.79115496,-80.21256572,37057.0,2470.631052031812,1.1349915479352812,4094,4100,47,0,4053,4053,166614,41,0,0,41,47
2020-11-08,US,North Carolina,Davie,872,8,0,35.93099927,-80.54496571,37059.0,2035.1958175792367,0.9174311926605504,864,854,8,0,846,843,42733,18,0,0,18,11
2020-11-08,US,North Carolina,Duplin,2956,54,0,34.93449805,-77.93140529,37061.0,5032.260261146388,1.8267929634641409,2902,2951,54,0,2897,2941,58856,5,0,0,5,10
2020-11-08,US,North Carolina,Durham,9740,103,0,36.03638492,-78.87608331,37063.0,3029.6620713681373,1.057494866529774,9637,9709,102,0,9607,9631,316739,31,1,0,30,78
2020-11-08,US,North Carolina,Edgecombe,2164,65,0,35.91230639,-77.59436892,37065.0,4204.227541187442,3.00369685767098,2099,2156,65,0,2091,2147,52005,8,0,0,8,9
2020-11-08,US,North Carolina,Forsyth,9975,129,0,36.12859861,-80.25459052,37067.0,2609.241554297075,1.2932330827067668,9846,9818,129,0,9689,9682,379099,157,0,0,157,136
2020-11-08,US,North Carolina,Franklin,1608,32,0,36.081519,-78.28708884,37069.0,2307.52672741623,1.9900497512437807,1576,1588,32,0,1556,1555,67560,20,0,0,20,33
2020-11-08,US,North Carolina,Gaston,8321,145,0,35.29373559,-81.17477045,37071.0,3705.980073843468,1.7425790169450788,8176,8269,145,0,8124,8183,222846,52,0,0,52,86
2020-11-08,US,North Carolina,Gates,172,3,0,36.44667547,-76.69749701,37073.0,1487.6318975955717,1.7441860465116281,169,172,3,0,169,172,11573,0,0,0,0,0
2020-11-08,US,North Carolina,Graham,259,10,0,35.3506925,-83.83369267,37075.0,3068.356829759507,3.8610038610038613,249,256,10,0,246,256,8484,3,0,0,3,0
2020-11-08,US,North Carolina,Granville,2164,52,0,36.30337451,-78.65184241,37077.0,3580.232615852952,2.4029574861367844,2112,2164,52,0,2112,2143,60115,0,0,0,0,21
2020-11-08,US,North Carolina,Greene,1025,16,0,35.48544173,-77.67578087,37079.0,4864.967487778254,1.5609756097560976,1009,1020,16,0,1004,997,21012,5,0,0,5,23
2020-11-08,US,North Carolina,Guilford,12949,215,0,36.07959451,-79.78824948,37081.0,2410.578322852558,1.6603598733492937,12734,12802,215,0,12587,12629,533670,147,0,0,147,173
2020-11-08,US,North Carolina,Halifax,1590,31,0,36.25669272,-77.6556109,37083.0,3179.3641271745646,1.949685534591195,1559,1574,31,0,1543,1560,50574,16,0,0,16,14
2020-11-08,US,North Carolina,Harnett,3244,75,0,35.36731853,-78.87243571,37085.0,2385.715126198741,2.3119605425400738,3169,3224,75,0,3149,3197,134214,20,0,0,20,27
2020-11-08,US,North Carolina,Haywood,808,36,0,35.55269063,-82.98196486,37087.0,1296.5964343598055,4.455445544554456,772,802,36,0,766,791,61971,6,0,0,6,11
2020-11-08,US,North Carolina,Henderson,2674,67,0,35.33788927,-82.4766782,37089.0,2277.353364504288,2.505609573672401,2607,2659,67,0,2592,2644,116748,15,0,0,15,15
2020-11-08,US,North Carolina,Hertford,888,35,0,36.3607755,-76.98104134,37091.0,3750.475144655151,3.941441441441442,853,883,35,0,848,881,23659,5,0,0,5,2
2020-11-08,US,North Carolina,Hoke,1672,27,0,35.01888303,-79.23651674,37093.0,3027.1209762103053,1.6148325358851674,1645,1659,27,0,1632,1647,54764,13,0,0,13,12
2020-11-08,US,North Carolina,Hyde,178,5,0,35.42017674,-76.15180542,37095.0,3605.428397812437,2.808988764044944,173,178,5,0,173,177,5230,0,0,0,0,1
2020-11-08,US,North Carolina,Iredell,4245,34,0,35.80950511,-80.8743128,37097.0,2334.906438731395,0.800942285041225,4211,4204,34,0,4170,4158,178435,41,0,0,41,46
2020-11-08,US,North Carolina,Jackson,1183,8,0,35.28814273,-83.14093385,37099.0,2692.4302426145928,0.6762468300929839,1175,1178,8,0,1170,1170,43327,5,0,0,5,8
2020-11-08,US,North Carolina,Johnston,6173,69,0,35.51745004,-78.36622717,37101.0,2948.805525965061,1.1177709379556129,6104,6141,69,0,6072,6108,202675,32,0,0,32,33
2020-11-08,US,North Carolina,Jones,211,15,0,35.02254606,-77.35870791,37103.0,2240.1528824716,7.109004739336492,196,211,15,0,196,210,9637,0,0,0,0,1
2020-11-08,US,North Carolina,Lee,2221,24,0,35.47623147,-79.17569362,37105.0,3595.0727593518827,1.080594326879784,2197,2219,24,0,2195,2213,61452,2,0,0,2,6
2020-11-08,US,North Carolina,Lenoir,1651,42,0,35.24032589999999,-77.64245615,37107.0,2950.90171406102,2.5439127801332524,1609,1643,42,0,1601,1610,55976,8,0,0,8,33
2020-11-08,US,North Carolina,Lincoln,2725,16,0,35.48508185,-81.21740317,37109.0,3164.5202122841447,0.5871559633027523,2709,2700,16,0,2684,2663,83770,25,0,0,25,37
2020-11-08,US,North Carolina,Macon,802,7,0,35.14867843,-83.41696617,37113.0,2236.599921914217,0.8728179551122195,795,801,7,0,794,789,35285,1,0,0,1,12
2020-11-08,US,North Carolina,Madison,336,7,0,35.85402722,-82.71346418,37115.0,1544.472535049414,2.083333333333333,329,334,7,0,327,332,21763,2,0,0,2,2
2020-11-08,US,North Carolina,Martin,700,20,0,35.84326734,-77.10860251,37117.0,3119.429590017825,2.8571428571428568,680,699,20,0,679,695,22671,1,0,0,1,4
2020-11-08,US,North Carolina,McDowell,1470,34,0,35.67736232,-82.0482425,37111.0,3212.693417256753,2.3129251700680267,1436,1452,34,0,1418,1440,45507,18,0,0,18,12
2020-11-08,US,North Carolina,Mecklenburg,36311,405,0,35.24469268,-80.8317671,37119.0,3270.212436371758,1.1153644900994188,35906,36106,405,0,35701,35845,1093901,205,0,0,205,261
2020-11-08,US,North Carolina,Mitchell,331,4,0,36.01059309,-82.1582442,37121.0,2211.975407645015,1.2084592145015105,327,320,4,0,316,312,15000,11,0,0,11,8
2020-11-08,US,North Carolina,Montgomery,1247,39,0,35.33155144,-79.90416657,37123.0,4589.114194236927,3.1275060144346427,1208,1244,39,0,1205,1243,27271,3,0,0,3,1
2020-11-08,US,North Carolina,Moore,2405,56,0,35.30885257,-79.48474178,37125.0,2384.0206185567013,2.3284823284823286,2349,2397,56,0,2341,2382,98682,8,0,0,8,15
2020-11-08,US,North Carolina,Nash,3754,83,0,35.96575634,-77.98422508,37127.0,3980.996415618571,2.210974960042621,3671,3739,83,0,3656,3697,94016,15,0,0,15,42
2020-11-08,US,North Carolina,New Hanover,5738,44,0,34.25758282,-77.87075626,37129.0,2447.190081587219,0.7668177065179506,5694,5688,44,0,5644,5648,232274,50,0,0,50,40
2020-11-08,US,North Carolina,Northampton,628,22,0,36.41736238,-77.39769443,37131.0,3223.322896884464,3.5031847133757963,606,622,22,0,600,615,19676,6,0,0,6,7
2020-11-08,US,North Carolina,Onslow,3878,33,0,34.72607366,-77.42908179,37133.0,1959.1993452495224,0.850954100051573,3845,3844,33,0,3811,3799,197683,34,0,0,34,45
2020-11-08,US,North Carolina,Orange,3311,59,0,36.06092947,-79.12167935,37135.0,2229.990032059053,1.7819389912413168,3252,3290,59,0,3231,3260,146027,21,0,0,21,30
2020-11-08,US,North Carolina,Pamlico,336,3,0,35.15253315,-76.66559823,37137.0,2640.2640264026404,0.8928571428571429,333,336,3,0,333,338,12670,0,0,0,0,-2
2020-11-08,US,North Carolina,Pasquotank,930,35,0,36.26723798,-76.25134778,37139.0,2335.275210928084,3.7634408602150535,895,924,35,0,889,916,39639,6,0,0,6,8
2020-11-08,US,North Carolina,Pender,1538,17,0,34.52265624,-77.90352133,37141.0,2438.9470345702507,1.105331599479844,1521,1534,17,0,1517,1523,62162,4,0,0,4,11
2020-11-08,US,North Carolina,Perquimans,271,4,0,36.17847453,-76.40603143,37143.0,2012.9243110747973,1.4760147601476017,267,269,4,0,265,267,13422,2,0,0,2,2
2020-11-08,US,North Carolina,Person,768,10,0,36.38989032,-78.97217358,37145.0,1944.7961509242846,1.3020833333333333,758,761,10,0,751,757,39507,7,0,0,7,4
2020-11-08,US,North Carolina,Pitt,6660,41,0,35.59535426,-77.37353178,37147.0,3684.810392714477,0.6156156156156156,6619,6624,41,0,6583,6549,179914,36,0,0,36,75
2020-11-08,US,North Carolina,Polk,414,13,0,35.27820615,-82.16812354,37149.0,1997.6838448176031,3.1400966183574885,401,413,13,0,400,413,20611,1,0,0,1,0
2020-11-08,US,North Carolina,Randolph,4252,69,0,35.71015088,-79.80570339,37151.0,2959.6219034294586,1.6227657572906868,4183,4225,69,0,4156,4192,143351,27,0,0,27,33
2020-11-08,US,North Carolina,Richmond,1541,35,0,35.00417719,-79.74491009,37153.0,3437.5069709339937,2.2712524334847504,1506,1532,35,0,1497,1521,44887,9,0,0,9,11
2020-11-08,US,North Carolina,Robeson,6511,101,0,34.64244496,-79.10250529999998,37155.0,4984.497607655501,1.5512210105974504,6410,6478,101,0,6377,6431,131831,33,0,0,33,47
2020-11-08,US,North Carolina,Rockingham,2390,19,0,36.39593137,-79.77504841,37157.0,2626.085045599385,0.7949790794979079,2371,2345,19,0,2326,2315,90690,45,0,0,45,30
2020-11-08,US,North Carolina,Rowan,4519,121,0,35.64003916,-80.52446628,37159.0,3180.423399583357,2.677583536180571,4398,4482,121,0,4361,4435,141262,37,0,0,37,47
2020-11-08,US,North Carolina,Rutherford,1876,69,0,35.40114178,-81.92112099,37161.0,2798.7885840457125,3.678038379530917,1807,1870,69,0,1801,1852,66826,6,0,0,6,18
2020-11-08,US,North Carolina,Sampson,3056,31,0,34.98820368,-78.36914061,37163.0,4810.250114117517,1.0143979057591623,3025,3032,31,0,3001,3010,63626,24,0,0,24,22
2020-11-08,US,North Carolina,Scotland,1725,31,0,34.8386299,-79.4757978,37165.0,4953.622605749074,1.7971014492753623,1694,1722,31,0,1691,1710,34810,3,0,0,3,12
2020-11-08,US,North Carolina,Stanly,2554,74,0,35.31647813,-80.25093221,37167.0,4066.4904626946472,2.8974158183241974,2480,2551,74,0,2477,2533,62075,3,0,0,3,18
2020-11-08,US,North Carolina,Stokes,813,13,0,36.4017975,-80.23893369,37169.0,1783.2466934263339,1.5990159901599017,800,794,13,0,781,781,45467,19,0,0,19,13
2020-11-08,US,North Carolina,Surry,2187,38,0,36.41689489,-80.69102283,37171.0,3046.682362119165,1.737540009144947,2149,2157,38,0,2119,2142,71948,30,0,0,30,15
2020-11-08,US,North Carolina,Swain,316,5,0,35.48665845,-83.48748932,37173.0,2214.2807091304044,1.5822784810126582,311,316,5,0,311,310,14245,0,0,0,0,6
2020-11-08,US,North Carolina,Transylvania,456,9,0,35.20383864,-82.79638423,37175.0,1326.1596626435944,1.973684210526316,447,455,9,0,446,452,34215,1,0,0,1,3
2020-11-08,US,North Carolina,Tyrrell,134,3,0,35.87147226,-76.17055253,37177.0,3336.6533864541834,2.238805970149253,131,134,3,0,131,134,4131,0,0,0,0,0
2020-11-08,US,North Carolina,Union,6388,66,0,34.98960527,-80.52955873,37179.0,2663.231315064267,1.0331872260488415,6322,6365,66,0,6299,6315,235908,23,0,0,23,50
2020-11-08,US,North Carolina,Vance,1329,47,0,36.36880673,-78.40670845,37181.0,2984.169754125968,3.5364936042136943,1282,1316,47,0,1269,1305,44582,13,0,0,13,11
2020-11-08,US,North Carolina,Wake,23101,280,0,35.78879266,-78.65249174,37183.0,2077.874651116562,1.2120687416129172,22821,22938,280,0,22658,22771,1092305,163,0,0,163,167
2020-11-08,US,North Carolina,Warren,522,7,0,36.39728256,-78.10652228,37185.0,2645.5830925954087,1.3409961685823757,515,522,7,0,515,520,19807,0,0,0,0,2
2020-11-08,US,North Carolina,Washington,277,8,0,35.83810081,-76.57299037,37187.0,2392.055267702936,2.888086642599278,269,275,8,0,267,274,11859,2,0,0,2,1
2020-11-08,US,North Carolina,Watauga,1499,6,0,36.23103603,-81.70033724,37189.0,2668.351816579739,0.40026684456304207,1493,1491,6,0,1485,1479,55945,8,0,0,8,12
2020-11-08,US,North Carolina,Wayne,5006,99,0,35.36438125,-78.00027268,37191.0,4065.5886819728585,1.9776268477826608,4907,4978,99,0,4879,4939,123248,28,0,0,28,39
2020-11-08,US,North Carolina,Wilkes,2070,42,0,36.2084135,-81.16232895,37193.0,3025.784950008771,2.028985507246377,2028,2051,42,0,2009,1998,68557,19,0,0,19,53
2020-11-08,US,North Carolina,Wilson,3383,70,0,35.70625477,-77.917978,37195.0,4135.646263493111,2.069169376293231,3313,3363,70,0,3293,3332,81455,20,0,0,20,31
2020-11-08,US,North Carolina,Yadkin,1172,11,0,36.16222629,-80.66239436,37197.0,3111.4768895850484,0.938566552901024,1161,1159,11,0,1148,1144,37543,13,0,0,13,15
2020-11-08,US,North Carolina,Yancey,387,2,0,35.90079156,-82.31237181,37199.0,2141.7898057446455,0.5167958656330749,385,384,2,0,382,374,17903,3,0,0,3,10
2020-11-08,US,North Dakota,Adams,115,0,0,46.09686891,-102.5285397,38001.0,5189.530685920578,0.0,115,114,0,0,114,109,2294,1,0,0,1,5
2020-11-08,US,North Dakota,Barnes,504,2,0,46.93579637,-98.06605978,38003.0,4839.1742678828605,0.3968253968253968,502,490,2,0,488,479,10542,14,0,0,14,11
2020-11-08,US,North Dakota,Benson,610,12,0,48.0683985,-99.35916363,38005.0,8928.57142857143,1.9672131147540983,598,607,12,0,595,594,6962,3,0,0,3,13
2020-11-08,US,North Dakota,Billings,36,0,0,47.02366884,-103.3762965,38007.0,3879.310344827586,0.0,36,36,0,0,36,35,919,0,0,0,0,1
2020-11-08,US,North Dakota,Bottineau,402,18,0,48.79106111,-100.8378166,38009.0,6399.235912129895,4.477611940298506,384,395,18,0,377,381,6411,7,0,0,7,14
2020-11-08,US,North Dakota,Bowman,157,3,0,46.11285362,-103.5203343,38011.0,5191.798941798942,1.9108280254777068,154,157,3,0,154,156,3076,0,0,0,0,1
2020-11-08,US,North Dakota,Burke,114,1,0,48.79094471,-102.51821170000001,38013.0,5390.0709219858145,0.8771929824561403,113,112,1,0,111,106,2100,2,0,0,2,6
2020-11-08,US,North Dakota,Burleigh,8620,90,0,46.97847375,-100.46452140000001,38015.0,9014.284817936545,1.0440835266821349,8530,8478,90,0,8388,8325,95273,142,0,0,142,153
2020-11-08,US,North Dakota,Cass,11578,99,0,46.93201724,-97.24447190000001,38017.0,6364.231020816499,0.8550699602694766,11479,11406,95,0,11311,11110,181516,172,4,0,168,296
2020-11-08,US,North Dakota,Cavalier,216,1,0,48.77286211,-98.46685243,38019.0,5741.626794258374,0.462962962962963,215,209,1,0,208,189,3829,7,0,0,7,20
2020-11-08,US,North Dakota,Dickey,421,14,0,46.11017712,-98.50490079999999,38021.0,8641.215106732347,3.32541567695962,407,414,14,0,400,403,4903,7,0,0,7,11
2020-11-08,US,North Dakota,Divide,91,1,0,48.814938700000006,-103.48736109999999,38023.0,4019.434628975265,1.0989010989010992,90,91,1,0,90,86,2283,0,0,0,0,5
2020-11-08,US,North Dakota,Dunn,231,6,0,47.35423935,-102.61604679999999,38025.0,5221.518987341772,2.5974025974025974,225,230,6,0,224,229,4332,1,0,0,1,1
2020-11-08,US,North Dakota,Eddy,289,3,0,47.71701474,-98.90432337,38027.0,12636.641888937473,1.038062283737024,286,288,3,0,285,251,2313,1,0,0,1,37
2020-11-08,US,North Dakota,Emmons,304,9,0,46.28398398,-100.2389766,38029.0,9379.821042887996,2.9605263157894735,295,304,9,0,295,300,3295,0,0,0,0,4
2020-11-08,US,North Dakota,Foster,256,2,0,47.457108399999996,-98.88279923,38031.0,7975.077881619938,0.78125,254,254,2,0,252,247,3216,2,0,0,2,7
2020-11-08,US,North Dakota,Golden Valley,128,0,0,46.94022281,-103.8465421,38033.0,7268.597387847813,0.0,128,128,0,0,128,127,1769,0,0,0,0,1
2020-11-08,US,North Dakota,Grand Forks,5786,27,0,47.92093639,-97.45450447,38035.0,8331.053548545018,0.4666436225371587,5759,5601,27,0,5574,5504,70770,185,0,0,185,97
2020-11-08,US,North Dakota,Grant,98,4,0,46.35821257,-101.63900129999999,38037.0,4309.586631486368,4.081632653061225,94,96,4,0,92,94,2374,2,0,0,2,2
2020-11-08,US,North Dakota,Griggs,142,1,0,47.45785838,-98.23850925,38039.0,6364.858807709547,0.7042253521126759,141,141,1,0,140,127,2232,1,0,0,1,14
2020-11-08,US,North Dakota,Hettinger,155,3,0,46.43375068,-102.4632417,38041.0,6202.480992396961,1.935483870967742,152,150,3,0,147,148,2514,5,0,0,5,2
2020-11-08,US,North Dakota,Kidder,134,3,0,46.97830064,-99.77507857,38043.0,5403.225806451614,2.238805970149253,131,131,3,0,128,126,2450,3,0,0,3,5
2020-11-08,US,North Dakota,LaMoure,255,13,0,46.45681054,-98.53542355,38045.0,6302.5210084033615,5.098039215686273,242,250,13,0,237,247,4062,5,0,0,5,3
2020-11-08,US,North Dakota,Logan,136,4,0,46.45729487,-99.47719806,38047.0,7351.351351351353,2.9411764705882355,132,135,4,0,131,135,1903,1,0,0,1,0
2020-11-08,US,North Dakota,McHenry,303,15,0,48.23104458,-100.6324822,38049.0,5274.151436031331,4.950495049504951,288,297,15,0,282,277,5816,6,0,0,6,20
2020-11-08,US,North Dakota,McIntosh,186,5,0,46.11182017,-99.44145858,38051.0,7448.938726471766,2.6881720430107525,181,185,5,0,180,183,2585,1,0,0,1,2
2020-11-08,US,North Dakota,McKenzie,667,4,0,47.74133370000001,-103.395905,38053.0,4439.563365282215,0.5997001499250375,663,660,4,0,656,650,13632,7,0,0,7,10
2020-11-08,US,North Dakota,McLean,746,11,0,47.60766714,-101.3182418,38055.0,7894.1798941798925,1.4745308310991958,735,737,11,0,726,727,9541,9,0,0,9,10
2020-11-08,US,North Dakota,Mercer,605,4,0,47.31213126,-101.8318399,38057.0,7389.7642604128505,0.6611570247933884,601,582,4,0,578,577,8267,23,0,0,23,5
2020-11-08,US,North Dakota,Morton,2937,59,0,46.71681782,-101.2822377,38059.0,9364.23925519704,2.0088525706503235,2878,2872,59,0,2813,2824,31095,65,0,0,65,48
2020-11-08,US,North Dakota,Mountrail,711,9,0,48.20197971,-102.3555315,38061.0,6742.532005689901,1.2658227848101269,702,694,9,0,685,662,10218,17,0,0,17,32
2020-11-08,US,North Dakota,Nelson,236,5,0,47.9226426,-98.19038437,38063.0,8197.290725946508,2.1186440677966103,231,221,5,0,216,209,2869,15,0,0,15,12
2020-11-08,US,North Dakota,Oliver,101,2,0,47.11530482,-101.3406158,38065.0,5155.69167942828,1.98019801980198,99,100,2,0,98,99,1952,1,0,0,1,1
2020-11-08,US,North Dakota,Pembina,373,1,0,48.76623521,-97.5523809,38067.0,5484.487575356565,0.2680965147453083,372,367,1,0,366,338,6947,6,0,0,6,29
2020-11-08,US,North Dakota,Pierce,219,4,0,48.24977025,-99.96407787,38069.0,5509.43396226415,1.8264840182648399,215,210,4,0,206,190,4081,9,0,0,9,20
2020-11-08,US,North Dakota,Ramsey,725,4,0,48.26886249,-98.72223879,38071.0,6293.949127528432,0.5517241379310345,721,722,4,0,718,702,11481,3,0,0,3,20
2020-11-08,US,North Dakota,Ransom,288,4,0,46.45621782,-97.65742504,38073.0,5519.35607512457,1.3888888888888888,284,270,4,0,266,266,5237,18,0,0,18,4
2020-11-08,US,North Dakota,Renville,141,2,0,48.71982533,-101.6603912,38075.0,6059.303824666953,1.4184397163120568,139,137,2,0,135,130,2374,4,0,0,4,7
2020-11-08,US,North Dakota,Richland,703,4,0,46.26440649,-96.94852979,38077.0,4345.675959695865,0.5689900426742532,699,671,4,0,667,640,16239,32,0,0,32,31
2020-11-08,US,North Dakota,Rolette,777,10,0,48.77245354,-99.84097493,38079.0,5481.09480812641,1.287001287001287,767,759,10,0,749,694,14301,18,0,0,18,65
2020-11-08,US,North Dakota,Sargent,172,3,0,46.10830372,-97.63217159,38081.0,4412.519240636224,1.7441860465116281,169,167,3,0,164,159,3870,5,0,0,5,8
2020-11-08,US,North Dakota,Sheridan,65,1,0,47.57700669,-100.3426391,38083.0,4942.965779467681,1.5384615384615383,64,63,1,0,62,61,1349,2,0,0,2,2
2020-11-08,US,North Dakota,Sioux,308,5,0,46.11323337,-101.04401490000001,38085.0,7281.3238770685575,1.6233766233766234,303,308,5,0,303,297,4358,0,0,0,0,11
2020-11-08,US,North Dakota,Slope,16,0,0,46.44737738,-103.4601547,38087.0,2133.333333333333,0.0,16,16,0,0,16,15,763,0,0,0,0,1
2020-11-08,US,North Dakota,Stark,2711,35,0,46.80851182,-102.65763259999999,38089.0,8609.355648004064,1.2910365178900776,2676,2671,35,0,2636,2613,30997,40,0,0,40,58
2020-11-08,US,North Dakota,Steele,74,1,0,47.45611548,-97.72728747,38091.0,3915.343915343915,1.351351351351351,73,71,1,0,70,69,1903,3,0,0,3,2
2020-11-08,US,North Dakota,Stutsman,1459,16,0,46.97962541,-98.95637318,38093.0,7046.94744976816,1.0966415352981491,1443,1419,13,0,1406,1382,20917,40,3,0,37,37
2020-11-08,US,North Dakota,Towner,148,8,0,48.68565745,-99.24564265,38095.0,6761.078117862037,5.405405405405406,140,147,8,0,139,146,2192,1,0,0,1,1
2020-11-08,US,North Dakota,Traill,467,9,0,47.45367788,-97.16323288,38097.0,5811.3489298158265,1.9271948608137044,458,463,8,0,455,449,8037,4,1,0,3,14
2020-11-08,US,North Dakota,Walsh,935,5,0,48.36876964,-97.72574783,38099.0,8786.768160887135,0.5347593582887701,930,899,5,0,894,840,10667,36,0,0,36,59
2020-11-08,US,North Dakota,Ward,4929,74,0,48.22390169,-101.54367629999999,38101.0,7287.000487869783,1.5013187259078922,4855,4799,72,0,4727,4499,67744,130,2,0,128,300
2020-11-08,US,North Dakota,Wells,252,2,0,47.58614526,-99.65904998,38103.0,6572.769953051643,0.7936507936507936,250,236,2,0,234,228,3957,16,0,0,16,8
2020-11-08,US,North Dakota,Williams,2273,21,0,48.34522353,-103.4793387,38105.0,6046.9818297906295,0.9238891333040036,2252,2244,20,0,2224,2168,35350,29,1,0,28,76
2020-11-08,US,Ohio,Adams,341,6,0,38.84541072,-83.4718964,39001.0,1231.1358220810166,1.7595307917888563,335,338,6,0,332,324,27724,3,0,0,3,14
2020-11-08,US,Ohio,Allen,3056,80,0,40.77285242,-84.10802343,39003.0,2985.803753749353,2.6178010471204187,2976,3022,80,0,2942,2949,102663,34,0,0,34,73
2020-11-08,US,Ohio,Ashland,606,20,0,40.84772277,-82.27280781,39005.0,1133.0491361902625,3.3003300330033003,586,585,20,0,565,576,53745,21,0,0,21,9
2020-11-08,US,Ohio,Ashtabula,1138,48,0,41.70860332,-80.74830218,39007.0,1170.2882528974405,4.21792618629174,1090,1085,48,0,1037,1034,97493,53,0,0,53,51
2020-11-08,US,Ohio,Athens,1476,4,0,39.33425634,-82.04278644,39009.0,2259.402697200239,0.27100271002710025,1472,1467,4,0,1463,1452,65818,9,0,0,9,15
2020-11-08,US,Ohio,Auglaize,1515,19,0,40.55998859,-84.22421429999999,39011.0,3318.293323988085,1.2541254125412542,1496,1494,19,0,1475,1460,45804,21,0,0,21,34
2020-11-08,US,Ohio,Belmont,1009,27,0,40.01625942,-80.9924051,39013.0,1505.8352983314926,2.67591674925669,982,1005,27,0,978,989,67505,4,0,0,4,16
2020-11-08,US,Ohio,Brown,589,4,0,38.93416837,-83.86788395,39015.0,1356.1429360839936,0.6791171477079796,585,574,4,0,570,560,43602,15,0,0,15,14
2020-11-08,US,Ohio,Butler,10761,134,0,39.44012838,-84.57388716,39017.0,2808.6779038143322,1.2452374314654773,10627,10622,134,0,10488,10395,382378,139,0,0,139,227
2020-11-08,US,Ohio,Carroll,296,9,0,40.578968599999996,-81.09178213,39019.0,1099.7993609273983,3.0405405405405403,287,287,9,0,278,282,27081,9,0,0,9,5
2020-11-08,US,Ohio,Champaign,573,4,0,40.13923427,-83.76875242,39021.0,1473.5759290214735,0.6980802792321117,569,561,4,0,557,541,38754,12,0,0,12,20
2020-11-08,US,Ohio,Clark,3414,58,0,39.91592258,-83.78498252,39023.0,2546.184080010143,1.698886936145284,3356,3350,58,0,3292,3259,134585,64,0,0,64,91
2020-11-08,US,Ohio,Clermont,3488,41,0,39.04847534,-84.15375786,39025.0,1689.69325866646,1.1754587155963303,3447,3420,41,0,3379,3283,205466,68,0,0,68,137
2020-11-08,US,Ohio,Clinton,708,14,0,39.41485808,-83.80852286,39027.0,1686.9996187571485,1.9774011299435028,694,690,14,0,676,670,42057,18,0,0,18,20
2020-11-08,US,Ohio,Columbiana,2463,88,0,40.76932373,-80.78094576,39029.0,2417.478872824711,3.572878603329273,2375,2436,88,0,2348,2416,102665,27,0,0,27,20
2020-11-08,US,Ohio,Coshocton,527,13,0,40.30096166,-81.91729018,39031.0,1439.8907103825134,2.4667931688804554,514,525,13,0,512,509,36629,2,0,0,2,16
2020-11-08,US,Ohio,Crawford,717,9,0,40.85065156,-82.91989099,39033.0,1727.9606690123874,1.2552301255230125,708,698,9,0,689,680,41550,19,0,0,19,18
2020-11-08,US,Ohio,Cuyahoga,24391,709,0,41.424119,-81.65918339,39035.0,1974.8646232770238,2.906809888893444,23682,23887,702,0,23185,23406,1243857,504,7,0,497,481
2020-11-08,US,Ohio,Darke,1458,53,0,40.13412966,-84.6194517,39037.0,2852.503277052805,3.635116598079561,1405,1442,53,0,1389,1414,51323,16,0,0,16,28
2020-11-08,US,Ohio,Defiance,804,15,0,41.32398837,-84.49076944,39039.0,2110.9564943419014,1.8656716417910448,789,773,15,0,758,746,38165,31,0,0,31,27
2020-11-08,US,Ohio,Delaware,3611,29,0,40.27942393,-83.00457058,39041.0,1726.2892191780168,0.8031016338964276,3582,3558,29,0,3529,3483,204826,53,0,0,53,75
2020-11-08,US,Ohio,Erie,1429,57,0,41.36796058,-82.62904521,39043.0,1924.1644898069103,3.9888033589923024,1372,1418,57,0,1361,1395,74615,11,0,0,11,23
2020-11-08,US,Ohio,Fairfield,3543,59,0,39.75107189,-82.63088163,39045.0,2248.4673867516212,1.665255433248659,3484,3491,59,0,3432,3413,155782,52,0,0,52,78
2020-11-08,US,Ohio,Fayette,597,13,0,39.56021306,-83.4562016,39047.0,2092.900964066608,2.1775544388609718,584,577,13,0,564,570,28666,20,0,0,20,7
2020-11-08,US,Ohio,Franklin,38022,643,0,39.96995815,-83.01115755,39049.0,2887.5509205957674,1.6911261901004682,37379,37523,643,0,36880,36812,1310300,499,0,0,499,711
2020-11-08,US,Ohio,Fulton,776,18,0,41.60213491,-84.12571393,39051.0,1842.0927693111146,2.31958762886598,758,762,18,0,744,744,42276,14,0,0,14,18
2020-11-08,US,Ohio,Gallia,404,13,0,38.82708533,-82.31647569,39053.0,1351.2609539099606,3.2178217821782185,391,394,13,0,381,379,29979,10,0,0,10,15
2020-11-08,US,Ohio,Geauga,1154,51,0,41.49952319,-81.17935342,39055.0,1232.2608890644856,4.419410745233969,1103,1131,51,0,1080,1101,94031,23,0,0,23,30
2020-11-08,US,Ohio,Greene,3402,50,0,39.69116283,-83.89032084,39057.0,2013.768446225516,1.4697236919459142,3352,3327,50,0,3277,3220,167995,75,0,0,75,107
2020-11-08,US,Ohio,Guernsey,535,8,0,40.05026529,-81.49248905,39059.0,1376.2057877813504,1.4953271028037385,527,525,8,0,517,511,39022,10,0,0,10,14
2020-11-08,US,Ohio,Hamilton,21338,352,0,39.19673558,-84.54502924,39061.0,2610.239114931013,1.6496391414378104,20986,21026,352,0,20674,20591,816684,312,0,0,312,435
2020-11-08,US,Ohio,Hancock,1523,32,0,41.00250487,-83.66838948,39063.0,2009.6855495295777,2.1011162179908083,1491,1481,32,0,1449,1438,75930,42,0,0,42,43
2020-11-08,US,Ohio,Hardin,511,14,0,40.66015414,-83.65929931,39065.0,1629.2045273393908,2.7397260273972597,497,505,14,0,491,493,31480,6,0,0,6,12
2020-11-08,US,Ohio,Harrison,118,3,0,40.29380509,-81.09068544,39067.0,784.5744680851062,2.5423728813559316,115,115,3,0,112,113,15174,3,0,0,3,2
2020-11-08,US,Ohio,Henry,679,18,0,41.333964200000004,-84.06830637,39069.0,2514.256091238984,2.650957290132548,661,664,18,0,646,659,27086,15,0,0,15,5
2020-11-08,US,Ohio,Highland,688,14,0,39.1839264,-83.60331456,39071.0,1594.031648942332,2.0348837209302326,674,680,14,0,666,669,43058,8,0,0,8,11
2020-11-08,US,Ohio,Hocking,381,9,0,39.49537927,-82.47991446,39073.0,1348.0045287291255,2.3622047244094486,372,323,9,0,314,311,28385,58,0,0,58,12
2020-11-08,US,Ohio,Holmes,1122,23,0,40.56163713,-81.92635677,39075.0,2552.3202911737944,2.049910873440285,1099,1102,23,0,1079,1067,43892,20,0,0,20,35
2020-11-08,US,Ohio,Huron,888,16,0,41.14651175,-82.59867951,39077.0,1524.0448975388733,1.8018018018018016,872,880,16,0,864,859,58504,8,0,0,8,21
2020-11-08,US,Ohio,Jackson,628,10,0,39.01914254,-82.61818559999998,39079.0,1937.494215283991,1.5923566878980893,618,612,10,0,602,601,32384,16,0,0,16,11
2020-11-08,US,Ohio,Jefferson,663,4,0,40.38614126,-80.76259514,39081.0,1014.9253731343283,0.6033182503770739,659,645,4,0,641,630,65767,18,0,0,18,15
2020-11-08,US,Ohio,Knox,639,17,0,40.39830217,-82.42027563,39083.0,1025.3201116780592,2.660406885758998,622,615,17,0,598,595,61893,24,0,0,24,20
2020-11-08,US,Ohio,Lake,3277,61,0,41.69710807,-81.23676539,39085.0,1423.8601949172055,1.8614586512053708,3216,3144,60,0,3084,2976,230514,133,1,0,132,168
2020-11-08,US,Ohio,Lawrence,1272,31,0,38.59743452,-82.53466552,39087.0,2139.145350890469,2.4371069182389937,1241,1244,31,0,1213,1209,59866,28,0,0,28,35
2020-11-08,US,Ohio,Licking,3497,70,0,40.09136236,-82.48185785,39089.0,1977.247797717995,2.0017157563625965,3427,3452,70,0,3382,3361,175769,45,0,0,45,91
2020-11-08,US,Ohio,Logan,700,6,0,40.38996525,-83.76784341,39091.0,1532.667717638816,0.8571428571428571,694,683,6,0,677,659,45358,17,0,0,17,24
2020-11-08,US,Ohio,Lorain,3629,93,0,41.29553751,-82.15083537,39093.0,1171.2761390813762,2.56268944612841,3536,3552,93,0,3459,3435,309461,77,0,0,77,117
2020-11-08,US,Ohio,Lucas,10169,393,0,41.62101218,-83.65468618,39095.0,2374.004314249162,3.8646867931950046,9776,9998,392,0,9606,9863,429899,171,1,0,170,135
2020-11-08,US,Ohio,Madison,1206,18,0,39.89381073,-83.40178317,39097.0,2696.116787015716,1.492537313432836,1188,1193,18,0,1175,1184,44413,13,0,0,13,9
2020-11-08,US,Ohio,Mahoning,4638,287,0,41.01631101,-80.77287029,39099.0,2028.1350165950248,6.188012074169902,4351,4568,287,0,4281,4472,229642,70,0,0,70,96
2020-11-08,US,Ohio,Marion,3772,50,0,40.58610662,-83.15736305,39101.0,5794.785921681287,1.325556733828208,3722,3740,50,0,3690,3705,65256,32,0,0,32,35
2020-11-08,US,Ohio,Medina,2709,46,0,41.11770589,-81.89986209999998,39103.0,1507.1267232650519,1.6980435585086748,2663,2618,46,0,2572,2545,179146,91,0,0,91,73
2020-11-08,US,Ohio,Meigs,266,12,0,39.09224872,-82.0305041,39105.0,1161.217095211071,4.511278195488722,254,265,12,0,253,259,23106,1,0,0,1,6
2020-11-08,US,Ohio,Mercer,2067,33,0,40.54043046,-84.62912742,39107.0,5020.402215097639,1.5965166908563135,2034,2045,33,0,2012,1995,40959,22,0,0,22,50
2020-11-08,US,Ohio,Miami,2769,61,0,40.0543329,-84.22871271,39109.0,2588.164917232935,2.2029613578909357,2708,2717,61,0,2656,2625,106222,52,0,0,52,92
2020-11-08,US,Ohio,Monroe,215,19,0,39.72984936,-81.08464734,39111.0,1574.6301450124506,8.837209302325583,196,214,19,0,195,213,13790,1,0,0,1,1
2020-11-08,US,Ohio,Montgomery,13901,193,0,39.75394919,-84.29050975,39113.0,2614.508159876017,1.3883893245090282,13708,13624,193,0,13431,13278,532331,277,0,0,277,346
2020-11-08,US,Ohio,Morgan,131,1,0,39.62081738,-81.85308173,39115.0,902.9500964984836,0.7633587786259542,130,123,1,0,122,119,14604,8,0,0,8,4
2020-11-08,US,Ohio,Morrow,568,2,0,40.52363560000001,-82.7892599,39117.0,1607.7898550724638,0.35211267605633795,566,555,2,0,553,544,35112,13,0,0,13,11
2020-11-08,US,Ohio,Muskingum,1320,5,0,39.96575964,-81.94363275,39119.0,1531.0560807284116,0.3787878787878788,1315,1293,5,0,1288,1242,86183,27,0,0,27,51
2020-11-08,US,Ohio,Noble,343,5,0,39.76818851,-81.45937183,39121.0,2377.981142540211,1.4577259475218658,338,316,5,0,311,308,14354,27,0,0,27,8
2020-11-08,US,Ohio,Ottawa,763,30,0,41.53781826,-83.0940185,39123.0,1882.7884022208514,3.931847968545216,733,756,30,0,726,730,40769,7,0,0,7,26
2020-11-08,US,Ohio,Paulding,379,6,0,41.11676341,-84.5801017,39125.0,2029.777206512425,1.5831134564643798,373,369,6,0,363,357,18760,10,0,0,10,12
2020-11-08,US,Ohio,Perry,498,11,0,39.73508655,-82.23804971,39127.0,1378.203354181657,2.208835341365462,487,494,11,0,483,486,36033,4,0,0,4,8
2020-11-08,US,Ohio,Pickaway,3436,46,0,39.64170392,-83.0243386,39129.0,5877.824725866876,1.338766006984866,3390,3413,46,0,3367,3367,58086,23,0,0,23,46
2020-11-08,US,Ohio,Pike,472,1,0,39.07634001,-83.06769584,39131.0,1699.553507129483,0.21186440677966098,471,463,1,0,462,451,28067,9,0,0,9,12
2020-11-08,US,Ohio,Portage,2251,68,0,41.16793482,-81.19735782,39133.0,1385.5206627848288,3.020879609062639,2183,2198,68,0,2130,2137,162927,53,0,0,53,61
2020-11-08,US,Ohio,Preble,940,19,0,39.7420247,-84.64787018,39135.0,2299.300425615185,2.0212765957446805,921,928,19,0,909,891,40997,12,0,0,12,37
2020-11-08,US,Ohio,Putnam,1658,33,0,41.02094889,-84.1336111,39137.0,4896.488585688549,1.9903498190591076,1625,1641,32,0,1609,1610,33780,17,1,0,16,31
2020-11-08,US,Ohio,Richland,1926,26,0,40.77180308,-82.53799609999999,39139.0,1589.7122670320416,1.3499480789200415,1900,1889,26,0,1863,1841,121099,37,0,0,37,48
2020-11-08,US,Ohio,Ross,1872,52,0,39.33705391,-83.06000914,39141.0,2441.7603631335924,2.7777777777777777,1820,1833,52,0,1781,1785,76931,39,0,0,39,48
2020-11-08,US,Ohio,Sandusky,984,25,0,41.35624126,-83.137872,39143.0,1681.5338870091255,2.540650406504065,959,975,24,0,951,936,58799,9,1,0,8,39
2020-11-08,US,Ohio,Scioto,1254,10,0,38.80270163,-82.98907345,39145.0,1665.0290782590225,0.7974481658692185,1244,1209,10,0,1199,1188,75502,45,0,0,45,21
2020-11-08,US,Ohio,Seneca,933,15,0,41.12351311,-83.12783209,39147.0,1690.8912972561527,1.6077170418006432,918,910,15,0,895,875,55207,23,0,0,23,35
2020-11-08,US,Ohio,Shelby,1249,14,0,40.33163494,-84.20258189,39149.0,2570.487754682033,1.1208967173738993,1235,1229,14,0,1215,1200,48627,20,0,0,20,29
2020-11-08,US,Ohio,Stark,5298,189,0,40.81482476,-81.36437305,39151.0,1429.550519959202,3.567383918459796,5109,5172,189,0,4983,5043,371574,126,0,0,126,129
2020-11-08,US,Ohio,Summit,8680,280,0,41.12464734,-81.53123079,39153.0,1604.3976762111074,3.2258064516129035,8400,8488,280,0,8208,8329,541918,192,0,0,192,159
2020-11-08,US,Ohio,Trumbull,3011,138,0,41.31735028,-80.76109643,39155.0,1520.9067857395416,4.583194951843241,2873,2937,138,0,2799,2865,198627,74,0,0,74,72
2020-11-08,US,Ohio,Tuscarawas,1861,48,0,40.44214695,-81.47226262,39157.0,2023.1119614728168,2.5792584631918323,1813,1835,48,0,1787,1800,92176,26,0,0,26,35
2020-11-08,US,Ohio,Union,1152,3,0,40.30016061,-83.37239023,39159.0,1952.939580931715,0.2604166666666667,1149,1100,3,0,1097,1066,57835,52,0,0,52,34
2020-11-08,US,Ohio,Van Wert,463,5,0,40.8554138,-84.59111700000003,39161.0,1637.4889478337757,1.079913606911447,458,450,5,0,445,439,28281,13,0,0,13,11
2020-11-08,US,Ohio,Vinton,162,5,0,39.25208988,-82.4831444,39163.0,1238.0588460068782,3.08641975308642,157,160,5,0,155,157,13139,2,0,0,2,3
2020-11-08,US,Ohio,Warren,5590,70,0,39.42581994,-84.16557457,39165.0,2382.7588852609947,1.2522361359570662,5520,5522,70,0,5452,5375,232173,68,0,0,68,147
2020-11-08,US,Ohio,Washington,619,25,0,39.45690571,-81.49121382,39167.0,1033.1992455475622,4.0387722132471735,594,604,25,0,579,580,60155,15,0,0,15,24
2020-11-08,US,Ohio,Wayne,2255,80,0,40.82925852,-81.88844833,39169.0,1948.8376112695526,3.547671840354768,2175,2186,80,0,2106,2135,115967,69,0,0,69,51
2020-11-08,US,Ohio,Williams,595,6,0,41.56052014,-84.58429552,39171.0,1621.6068897852392,1.0084033613445378,589,563,6,0,557,545,36804,32,0,0,32,18
2020-11-08,US,Ohio,Wood,3138,104,0,41.36224827,-83.62285108,39173.0,2398.77080195999,3.31421287444232,3034,3062,104,0,2958,3026,130696,76,0,0,76,36
2020-11-08,US,Ohio,Wyandot,399,14,0,40.84339621,-83.30734173,39175.0,1832.6290648539407,3.5087719298245608,385,382,14,0,368,373,21935,17,0,0,17,9
2020-11-08,US,Oklahoma,Adair,952,13,0,35.88494195,-94.65859267,40001.0,4289.447598450031,1.365546218487395,939,934,13,0,921,934,22082,18,0,0,18,0
2020-11-08,US,Oklahoma,Alfalfa,151,0,0,36.73090616,-98.32408495,40003.0,2648.193616274991,0.0,151,143,0,0,143,143,5754,8,0,0,8,0
2020-11-08,US,Oklahoma,Atoka,517,1,0,34.37366573,-96.03802487,40005.0,3757.813635702864,0.1934235976789168,516,499,1,0,498,499,13838,18,0,0,18,0
2020-11-08,US,Oklahoma,Beaver,121,1,0,36.7496847,-100.4758872,40007.0,2278.290340802109,0.8264462809917356,120,109,1,0,108,109,5319,12,0,0,12,0
2020-11-08,US,Oklahoma,Beckham,1013,15,0,35.26862449,-99.68128023,40009.0,4634.246763346905,1.4807502467917075,998,994,15,0,979,994,21709,19,0,0,19,0
2020-11-08,US,Oklahoma,Blaine,259,2,0,35.87518314,-98.43307003,40011.0,2746.844840386043,0.7722007722007722,257,250,2,0,248,250,9485,9,0,0,9,0
2020-11-08,US,Oklahoma,Bryan,1971,16,0,33.96472458,-96.25903472,40013.0,4106.6777789353055,0.8117706747843734,1955,1837,16,0,1821,1837,47192,134,0,0,134,0
2020-11-08,US,Oklahoma,Caddo,1276,26,0,35.17364557,-98.37534464,40015.0,4436.409150963076,2.0376175548589344,1250,1243,26,0,1217,1243,28977,33,0,0,33,0
2020-11-08,US,Oklahoma,Canadian,4692,24,0,35.5426055,-97.98465569,40017.0,3163.729046700741,0.5115089514066496,4668,4478,24,0,4454,4478,144447,214,0,0,214,0
2020-11-08,US,Oklahoma,Carter,1082,12,0,34.25103751,-97.28552485,40019.0,2248.965932946727,1.1090573012939002,1070,1020,12,0,1008,1020,48177,62,0,0,62,0
2020-11-08,US,Oklahoma,Cherokee,1571,8,0,35.90692775,-94.99980896,40021.0,3228.723513574614,0.5092297899427116,1563,1514,8,0,1506,1514,48675,57,0,0,57,0
2020-11-08,US,Oklahoma,Choctaw,541,2,0,34.02807439,-95.54771129,40023.0,3687.2955288985827,0.3696857670979667,539,522,2,0,520,522,14668,19,0,0,19,0
2020-11-08,US,Oklahoma,Cimarron,45,0,0,36.74817177,-102.5173885,40025.0,2105.7557323350493,0.0,45,44,0,0,44,44,2153,1,0,0,1,0
2020-11-08,US,Oklahoma,Cleveland,9384,111,0,35.20413532,-97.32519562,40027.0,3304.0624757934474,1.182864450127877,9273,9058,110,0,8948,9058,281669,326,1,0,325,0
2020-11-08,US,Oklahoma,Coal,159,0,0,34.58840127,-96.29798747,40029.0,2893.5395814376707,0.0,159,136,0,0,136,136,5520,23,0,0,23,0
2020-11-08,US,Oklahoma,Comanche,2937,22,0,34.65973764,-98.47195055,40031.0,2432.318280068572,0.7490636704119851,2915,2783,22,0,2761,2783,120422,154,0,0,154,0
2020-11-08,US,Oklahoma,Cotton,122,3,0,34.28845626,-98.37053567,40033.0,2153.19449346982,2.459016393442623,119,118,3,0,115,118,5776,4,0,0,4,0
2020-11-08,US,Oklahoma,Craig,695,2,0,36.76268118,-95.20916602,40035.0,4914.439258944986,0.28776978417266186,693,681,2,0,679,681,14306,14,0,0,14,0
2020-11-08,US,Oklahoma,Creek,1814,40,0,35.90230551,-96.37086028,40037.0,2536.282542434496,2.205071664829107,1774,1761,40,0,1721,1761,71604,53,0,0,53,0
2020-11-08,US,Oklahoma,Custer,1268,7,0,35.63853802,-99.00170785,40039.0,4371.961521221942,0.5520504731861199,1261,1185,7,0,1178,1185,29036,83,0,0,83,0
2020-11-08,US,Oklahoma,Delaware,1446,30,0,36.40823634,-94.80325046,40041.0,3362.0870050454555,2.074688796680498,1416,1403,30,0,1373,1403,42733,43,0,0,43,0
2020-11-08,US,Oklahoma,Dewey,109,1,0,35.98772922,-99.00730714,40043.0,2228.5831118380693,0.9174311926605504,108,97,1,0,96,97,4894,12,0,0,12,0
2020-11-08,US,Oklahoma,Ellis,38,0,0,36.218019399999996,-99.75324573,40045.0,984.7110650427572,0.0,38,37,0,0,37,37,3952,1,0,0,1,0
2020-11-08,US,Oklahoma,Garfield,2747,31,0,36.3791334,-97.78265517,40047.0,4499.148322851153,1.1285038223516564,2716,2664,30,0,2634,2664,60913,83,1,0,82,0
2020-11-08,US,Oklahoma,Garvin,966,8,0,34.70418038,-97.30811132,40049.0,3485.9802966331067,0.8281573498964804,958,898,8,0,890,898,27811,68,0,0,68,0
2020-11-08,US,Oklahoma,Grady,1841,18,0,35.0167709,-97.88339847,40051.0,3297.274062399255,0.9777294948397609,1823,1773,18,0,1755,1773,55551,68,0,0,68,0
2020-11-08,US,Oklahoma,Grant,140,2,0,36.796296999999996,-97.78638765,40053.0,3231.0177705977385,1.4285714285714286,138,130,2,0,128,130,4326,10,0,0,10,0
2020-11-08,US,Oklahoma,Greer,173,8,0,34.93535801,-99.56056120000001,40055.0,3028.711484593837,4.624277456647398,165,167,8,0,159,167,5821,6,0,0,6,0
2020-11-08,US,Oklahoma,Harmon,80,0,0,34.7440135,-99.84741652,40057.0,3015.4542027892962,0.0,80,79,0,0,79,79,2664,1,0,0,1,0
2020-11-08,US,Oklahoma,Harper,89,2,0,36.78836519,-99.6679804,40059.0,2413.232104121475,2.247191011235955,87,87,2,0,85,87,3797,2,0,0,2,0
2020-11-08,US,Oklahoma,Haskell,487,5,0,35.22257600000001,-95.11513306,40061.0,3856.8147620178975,1.026694045174538,482,453,5,0,448,453,12668,34,0,0,34,0
2020-11-08,US,Oklahoma,Hughes,459,7,0,35.04912569,-96.24921145,40063.0,3456.585586264026,1.5250544662309369,452,444,7,0,437,444,13335,15,0,0,15,0
2020-11-08,US,Oklahoma,Jackson,1295,18,0,34.58781741,-99.41138784,40065.0,5279.249898083979,1.3899613899613898,1277,1258,17,0,1241,1258,24949,37,1,0,36,0
2020-11-08,US,Oklahoma,Jefferson,102,1,0,34.11130184,-97.83182974,40067.0,1699.4335221592803,0.9803921568627452,101,97,1,0,96,97,6123,5,0,0,5,0
2020-11-08,US,Oklahoma,Johnston,357,4,0,34.31440473,-96.66011537,40069.0,3220.5683355886326,1.1204481792717087,353,352,4,0,348,352,10949,5,0,0,5,0
2020-11-08,US,Oklahoma,Kay,1077,17,0,36.81799745,-97.14421435,40071.0,2473.701134641003,1.5784586815227484,1060,1015,17,0,998,1015,44161,62,0,0,62,0
2020-11-08,US,Oklahoma,Kingfisher,637,5,0,35.94530008,-97.94193268,40073.0,4040.5962575325093,0.7849293563579278,632,626,5,0,621,626,15816,11,0,0,11,0
2020-11-08,US,Oklahoma,Kiowa,220,3,0,34.91671958,-98.97720696,40075.0,2526.412494258153,1.3636363636363635,217,213,3,0,210,213,8729,7,0,0,7,0
2020-11-08,US,Oklahoma,Latimer,251,3,0,34.87844729,-95.25215049,40077.0,2491.8097885436314,1.195219123505976,248,246,3,0,243,246,10231,5,0,0,5,0
2020-11-08,US,Oklahoma,Le Flore,1890,25,0,34.89851864,-94.70392124,40079.0,3791.1459691492987,1.3227513227513228,1865,1872,25,0,1847,1872,49980,18,0,0,18,0
2020-11-08,US,Oklahoma,Lincoln,923,23,0,35.70270942,-96.8812462,40081.0,2646.443214726037,2.4918743228602382,900,905,22,0,883,905,34920,18,1,0,17,0
2020-11-08,US,Oklahoma,Logan,973,2,0,35.91899576,-97.44352845,40083.0,2026.6188998354544,0.2055498458376156,971,939,2,0,937,939,47291,34,0,0,34,0
2020-11-08,US,Oklahoma,Love,328,1,0,33.95273467,-97.23906784,40085.0,3199.063688676485,0.3048780487804878,327,313,1,0,312,313,10134,15,0,0,15,0
2020-11-08,US,Oklahoma,Major,264,2,0,36.31149996,-98.53467076,40093.0,3460.4797483287457,0.7575757575757576,262,246,2,0,244,246,7644,18,0,0,18,0
2020-11-08,US,Oklahoma,Marshall,365,2,0,34.02311222,-96.76855464,40095.0,2155.8088713011634,0.547945205479452,363,346,2,0,344,346,16806,19,0,0,19,0
2020-11-08,US,Oklahoma,Mayes,1099,17,0,36.30179091,-95.23175116,40097.0,2673.9659367396594,1.5468607825295724,1082,1076,17,0,1059,1076,41107,23,0,0,23,0
2020-11-08,US,Oklahoma,McClain,1617,16,0,35.01123903,-97.44572302,40087.0,3995.1573849878932,0.989486703772418,1601,1543,16,0,1527,1543,39985,74,0,0,74,0
2020-11-08,US,Oklahoma,McCurtain,1805,41,0,34.11664328,-94.77222373,40089.0,5497.685185185185,2.2714681440443214,1764,1777,41,0,1736,1777,32703,28,0,0,28,0
2020-11-08,US,Oklahoma,McIntosh,590,11,0,35.37235506,-95.66599306,40091.0,3010.818534394775,1.8644067796610169,579,565,11,0,554,565,19815,25,0,0,25,0
2020-11-08,US,Oklahoma,Murray,396,3,0,34.48116015,-97.06826283,40099.0,2813.8989554465998,0.7575757575757576,393,366,3,0,363,366,13953,30,0,0,30,0
2020-11-08,US,Oklahoma,Muskogee,2730,28,0,35.61318461,-95.37802952,40101.0,4014.8830095445387,1.0256410256410255,2702,2600,28,0,2572,2600,68362,130,0,0,130,0
2020-11-08,US,Oklahoma,Noble,258,3,0,36.38953329,-97.22928674,40103.0,2317.8510466265384,1.162790697674419,255,239,3,0,236,239,11289,19,0,0,19,0
2020-11-08,US,Oklahoma,Nowata,303,4,0,36.79843529,-95.61902331,40105.0,3007.1456927352124,1.32013201320132,299,296,4,0,292,296,10218,7,0,0,7,0
2020-11-08,US,Oklahoma,Okfuskee,655,8,0,35.46485198,-96.32639984,40107.0,5461.5192195447335,1.2213740458015268,647,639,8,0,631,639,12098,16,0,0,16,0
2020-11-08,US,Oklahoma,Oklahoma,27354,249,0,35.55140095,-97.40716948,40109.0,3430.2525350060328,0.9102873437157272,27105,26302,248,0,26054,26302,792582,1052,1,0,1051,0
2020-11-08,US,Oklahoma,Okmulgee,1420,14,0,35.64661916,-95.96432828,40111.0,3691.667749902509,0.9859154929577464,1406,1377,14,0,1363,1377,38335,43,0,0,43,0
2020-11-08,US,Oklahoma,Osage,1515,17,0,36.62888819,-96.39635704,40113.0,3225.9438281200096,1.122112211221122,1498,1485,16,0,1469,1485,47014,30,1,0,29,0
2020-11-08,US,Oklahoma,Ottawa,1376,21,0,36.83532655,-94.81011909,40115.0,4420.599479551514,1.5261627906976745,1355,1354,21,0,1333,1354,31175,22,0,0,22,0
2020-11-08,US,Oklahoma,Pawnee,384,5,0,36.31743373,-96.70331759999999,40117.0,2344.894968246214,1.3020833333333333,379,370,5,0,365,370,16390,14,0,0,14,0
2020-11-08,US,Oklahoma,Payne,3176,15,0,36.07695283,-96.97584944,40119.0,3883.40017607356,0.4722921914357683,3161,3106,15,0,3091,3106,82040,70,0,0,70,0
2020-11-08,US,Oklahoma,Pittsburg,1418,21,0,34.92065823,-95.75134320000001,40121.0,3248.2704906766853,1.4809590973201692,1397,1384,21,0,1363,1384,43877,34,0,0,34,0
2020-11-08,US,Oklahoma,Pontotoc,1123,5,0,34.72959848,-96.68337199,40123.0,2933.3402988193493,0.4452359750667854,1118,1026,5,0,1021,1026,38247,97,0,0,97,0
2020-11-08,US,Oklahoma,Pottawatomie,2509,18,0,35.20614018,-96.94923008,40125.0,3456.3037249283666,0.7174172977281785,2491,2457,18,0,2439,2457,72679,52,0,0,52,0
2020-11-08,US,Oklahoma,Pushmataha,327,6,0,34.41635232,-95.37603505,40127.0,2947.007930785869,1.834862385321101,321,323,6,0,317,323,11179,4,0,0,4,0
2020-11-08,US,Oklahoma,Roger Mills,101,4,0,35.68711719,-99.69666167,40129.0,2818.8668713368684,3.96039603960396,97,97,4,0,93,97,3656,4,0,0,4,0
2020-11-08,US,Oklahoma,Rogers,2839,57,0,36.37004357,-95.60406759,40131.0,3070.550189813864,2.0077492074674184,2782,2773,56,0,2717,2773,91984,66,1,0,65,0
2020-11-08,US,Oklahoma,Seminole,941,7,0,35.16478725,-96.61686741,40133.0,3879.132657267705,0.7438894792773645,934,911,7,0,904,911,24578,30,0,0,30,0
2020-11-08,US,Oklahoma,Sequoyah,1455,14,0,35.49447108,-94.75463785,40135.0,3500.204479299478,0.9621993127147768,1441,1411,14,0,1397,1411,41179,44,0,0,44,0
2020-11-08,US,Oklahoma,Stephens,963,9,0,34.48556989,-97.85141892,40137.0,2232.1118141992906,0.9345794392523364,954,910,9,0,901,910,43265,53,0,0,53,0
2020-11-08,US,Oklahoma,Texas,1988,10,0,36.74777635,-101.4889765,40139.0,9948.456187759595,0.5030181086519114,1978,1924,10,0,1914,1924,20455,64,0,0,64,0
2020-11-08,US,Oklahoma,Tillman,194,4,0,34.37288446,-98.92426619,40141.0,2675.8620689655168,2.061855670103093,190,180,4,0,176,180,7348,14,0,0,14,0
2020-11-08,US,Oklahoma,Tulsa,24361,226,0,36.11939621,-95.94013939,40143.0,3738.918766268847,0.9277123270801692,24135,23983,225,0,23758,23983,648360,378,1,0,377,0
2020-11-08,US,Oklahoma,Unassigned,92,0,0,0.0,0.0,90040.0,0.0,0.0,92,30,0,0,30,30,,62,0,0,62,0
2020-11-08,US,Oklahoma,Wagoner,2098,31,0,35.96024096,-95.51911308,40145.0,2580.9150069505104,1.4775977121067685,2067,2069,31,0,2038,2069,80110,29,0,0,29,0
2020-11-08,US,Oklahoma,Washington,1507,43,0,36.71380786,-95.90514104,40147.0,2924.680264715586,2.8533510285335097,1464,1457,43,0,1414,1457,51843,50,0,0,50,0
2020-11-08,US,Oklahoma,Washita,216,2,0,35.29071824,-98.99180434,40149.0,1978.746793697325,0.925925925925926,214,208,1,0,207,208,11127,8,1,0,7,0
2020-11-08,US,Oklahoma,Woods,251,0,0,36.76705782,-98.86573064,40151.0,2854.5433867849424,0.0,251,199,0,0,199,199,8897,52,0,0,52,0
2020-11-08,US,Oklahoma,Woodward,1370,6,0,36.42316318,-99.26283045,40153.0,6778.4869625451465,0.4379562043795621,1364,1345,6,0,1339,1345,20222,25,0,0,25,0
2020-11-08,US,Oregon,Baker,181,3,0,44.70915557,-117.6749883,41001.0,1122.55023567353,1.6574585635359116,178,181,3,0,178,176,16006,0,0,0,0,5
2020-11-08,US,Oregon,Benton,516,6,0,44.49167306,-123.4316987,41003.0,554.5226913694347,1.162790697674419,510,510,6,0,504,501,92101,6,0,0,6,9
2020-11-08,US,Oregon,Clackamas,3925,71,0,45.18787398,-122.2179634,41005.0,938.5753263492172,1.8089171974522291,3854,3796,71,0,3725,3670,416075,129,0,0,129,126
2020-11-08,US,Oregon,Clatsop,287,0,0,45.99712889,-123.660711,41007.0,713.5043754972156,0.0,287,282,0,0,282,278,39764,5,0,0,5,4
2020-11-08,US,Oregon,Columbia,310,2,0,45.94464254,-123.08908980000001,41009.0,592.1228559422394,0.6451612903225806,308,304,2,0,302,301,52377,6,0,0,6,3
2020-11-08,US,Oregon,Coos,290,1,0,43.17406868,-124.0594514,41011.0,449.7030409229767,0.3448275862068966,289,286,1,0,285,282,64389,4,0,0,4,4
2020-11-08,US,Oregon,Crook,139,5,0,44.14230227,-120.356297,41013.0,569.5787575807245,3.5971223021582728,134,139,5,0,134,136,23867,0,0,0,0,3
2020-11-08,US,Oregon,Curry,74,2,0,42.45911325,-124.15728200000001,41015.0,322.79171210468917,2.702702702702702,72,72,2,0,70,72,22813,2,0,0,2,0
2020-11-08,US,Oregon,Deschutes,1459,13,0,43.91570171,-121.2289121,41017.0,738.0167128664792,0.8910212474297464,1446,1440,13,0,1427,1408,191996,19,0,0,19,32
2020-11-08,US,Oregon,Douglas,472,10,0,43.27941273,-123.16729099999999,41019.0,425.3018561903045,2.1186440677966103,462,457,10,0,447,434,110283,15,0,0,15,23
2020-11-08,US,Oregon,Gilliam,17,0,0,45.37160076,-120.20488689999999,41021.0,889.121338912134,0.0,17,17,0,0,17,17,1894,0,0,0,0,0
2020-11-08,US,Oregon,Grant,53,0,0,44.49024544,-119.0068631,41023.0,736.2133629670788,0.0,53,49,0,0,49,32,7176,4,0,0,4,17
2020-11-08,US,Oregon,Harney,47,0,0,43.06422669,-118.96663059999999,41025.0,635.7365075071014,0.0,47,46,0,0,46,45,7329,1,0,0,1,1
2020-11-08,US,Oregon,Hood River,303,1,0,45.51872811,-121.65520359999998,41027.0,1295.8686168847833,0.33003300330033003,302,297,1,0,296,296,23428,6,0,0,6,1
2020-11-08,US,Oregon,Jackson,2339,8,0,42.43201126,-122.72893090000001,41029.0,1058.6392932145702,0.3420265070542967,2331,2274,8,0,2266,2197,219564,65,0,0,65,77
2020-11-08,US,Oregon,Jefferson,634,11,0,44.62806839,-121.17832,41031.0,2571.173655608728,1.7350157728706626,623,633,11,0,622,629,24192,1,0,0,1,4
2020-11-08,US,Oregon,Josephine,315,4,0,42.3665549,-123.5561938,41033.0,360.0534936619155,1.2698412698412698,311,305,4,0,301,295,87393,10,0,0,10,10
2020-11-08,US,Oregon,Klamath,471,3,0,42.68762984,-121.64964609999998,41035.0,690.2312494504529,0.6369426751592356,468,465,3,0,462,453,67653,6,0,0,6,12
2020-11-08,US,Oregon,Lake,49,0,0,42.79246693,-120.38501629999999,41037.0,622.6966577710001,0.0,49,49,0,0,49,49,7879,0,0,0,0,0
2020-11-08,US,Oregon,Lane,2858,29,0,43.93727035,-122.847753,41039.0,748.0363391761131,1.0146955913226032,2829,2804,29,0,2775,2728,379611,54,0,0,54,76
2020-11-08,US,Oregon,Lincoln,526,13,0,44.64252874,-123.86991200000001,41041.0,1052.800128097354,2.4714828897338403,513,526,13,0,513,526,49388,0,0,0,0,0
2020-11-08,US,Oregon,Linn,985,17,0,44.48899494,-122.53731540000001,41043.0,759.1580667288382,1.7258883248730963,968,980,17,0,963,969,127335,5,0,0,5,11
2020-11-08,US,Oregon,Malheur,2080,38,0,43.1937027,-117.62273950000001,41045.0,6803.833698603252,1.8269230769230769,2042,2067,38,0,2029,2052,30725,13,0,0,13,15
2020-11-08,US,Oregon,Marion,6796,117,0,44.90287942,-122.58151170000001,41047.0,1953.8954280687024,1.7216009417304297,6679,6685,117,0,6568,6610,346868,111,0,0,111,75
2020-11-08,US,Oregon,Morrow,579,7,0,45.41846568,-119.584546,41049.0,4990.088770145652,1.2089810017271156,572,571,7,0,564,569,11372,8,0,0,8,2
2020-11-08,US,Oregon,Multnomah,11156,185,0,45.54747959,-122.4169351,41051.0,1372.446500298331,1.658300466116888,10971,10942,185,0,10757,10705,811880,214,0,0,214,237
2020-11-08,US,Oregon,Polk,783,15,0,44.90322804,-123.4128888,41053.0,909.566126502875,1.9157088122605364,768,766,15,0,751,755,85234,17,0,0,17,11
2020-11-08,US,Oregon,Sherman,23,0,0,45.41501554,-120.6827834,41055.0,1292.134831460674,0.0,23,23,0,0,23,23,1708,0,0,0,0,0
2020-11-08,US,Oregon,Tillamook,87,0,0,45.46248721,-123.712066,41057.0,321.79316466932977,0.0,87,86,0,0,86,82,26787,1,0,0,1,4
2020-11-08,US,Oregon,Umatilla,3642,45,0,45.59073056,-118.7353826,41059.0,4672.2257857601035,1.2355848434925865,3597,3618,45,0,3573,3593,77516,24,0,0,24,25
2020-11-08,US,Oregon,Union,540,2,0,45.30915495,-118.0068979,41061.0,2012.2973728339853,0.3703703703703704,538,531,2,0,529,521,26461,9,0,0,9,10
2020-11-08,US,Oregon,Wallowa,64,2,0,45.57894064,-117.18353799999998,41063.0,887.9023307436183,3.125,62,63,2,0,61,62,7081,1,0,0,1,1
2020-11-08,US,Oregon,Wasco,380,17,0,45.16292781,-121.16709540000001,41065.0,1424.181095869875,4.473684210526316,363,379,17,0,362,375,26505,1,0,0,1,4
2020-11-08,US,Oregon,Washington,6897,88,0,45.55972701,-123.0955257,41067.0,1146.4580646019228,1.2759170653907497,6809,6795,87,0,6708,6663,597695,102,1,0,101,132
2020-11-08,US,Oregon,Wheeler,1,0,0,44.72698162,-120.02814270000002,41069.0,75.07507507507508,0.0,1,1,0,0,1,1,1366,0,0,0,0,0
2020-11-08,US,Oregon,Yamhill,1170,15,0,45.23330449,-123.3086963,41071.0,1092.436974789916,1.2820512820512822,1155,1148,15,0,1133,1103,107002,22,0,0,22,45
2020-11-08,US,Pennsylvania,Adams,1341,34,0,39.87140411,-77.21610347,42001.0,1301.827995612034,2.5354213273676356,1307,1318,34,0,1284,1288,102811,23,0,0,23,30
2020-11-08,US,Pennsylvania,Allegheny,17386,433,0,40.46809875,-79.98167747,42003.0,1429.716827913441,2.490509605429656,16953,17126,433,0,16693,16838,1218452,260,0,0,260,288
2020-11-08,US,Pennsylvania,Armstrong,948,26,0,40.81665618,-79.46290811,42005.0,1464.4319147292804,2.7426160337552736,922,928,26,0,902,897,65263,20,0,0,20,31
2020-11-08,US,Pennsylvania,Beaver,2503,142,0,40.6825484,-80.34921611,42007.0,1526.8805397458655,5.673192169396724,2361,2488,142,0,2346,2451,164742,15,0,0,15,37
2020-11-08,US,Pennsylvania,Bedford,648,9,0,40.00522157,-78.48998442,42009.0,1353.1573671901106,1.3888888888888888,639,611,9,0,602,581,48176,37,0,0,37,30
2020-11-08,US,Pennsylvania,Berks,10355,437,0,40.41570541,-75.92457766,42011.0,2458.662183852371,4.220183486238532,9918,10278,437,0,9841,10165,420152,77,0,0,77,113
2020-11-08,US,Pennsylvania,Blair,1906,35,0,40.47961444,-78.34917412,42013.0,1564.4879298032488,1.8363064008394543,1871,1816,35,0,1781,1771,122492,90,0,0,90,45
2020-11-08,US,Pennsylvania,Bradford,1127,19,0,41.78869215,-76.51570822,42015.0,1868.275782040018,1.6858917480035494,1108,1089,19,0,1070,1054,60833,38,0,0,38,35
2020-11-08,US,Pennsylvania,Bucks,11340,628,0,40.33682119,-75.10836643,42017.0,1804.9564677606759,5.537918871252205,10712,11193,628,0,10565,11051,628195,147,0,0,147,142
2020-11-08,US,Pennsylvania,Butler,2308,32,0,40.91152759,-79.91351055,42019.0,1228.6202509408952,1.3864818024263432,2276,2226,32,0,2194,2102,187888,82,0,0,82,124
2020-11-08,US,Pennsylvania,Cambria,1576,13,0,40.49527404,-78.71377428,42021.0,1210.519847609684,0.8248730964467005,1563,1535,13,0,1522,1456,131730,41,0,0,41,79
2020-11-08,US,Pennsylvania,Cameron,14,0,0,41.43625568,-78.20376845,42023.0,314.81897908702496,0.0,14,14,0,0,14,14,4492,0,0,0,0,0
2020-11-08,US,Pennsylvania,Carbon,709,32,0,40.91545395,-75.7068525,42025.0,1104.67109158331,4.51339915373766,677,707,32,0,675,694,64227,2,0,0,2,13
2020-11-08,US,Pennsylvania,Centre,4620,22,0,40.92058903,-77.82200624,42027.0,2845.090371647628,0.4761904761904762,4598,4605,22,0,4583,4500,162805,15,0,0,15,105
2020-11-08,US,Pennsylvania,Chester,8669,383,0,39.97291773,-75.74768357,42029.0,1651.272693332622,4.418041296574,8286,8669,383,0,8286,8669,522046,0,0,0,0,0
2020-11-08,US,Pennsylvania,Clarion,334,4,0,41.19265812,-79.42413524,42031.0,868.9317862531869,1.1976047904191616,330,314,4,0,310,298,38779,20,0,0,20,16
2020-11-08,US,Pennsylvania,Clearfield,598,7,0,41.00110782,-78.47592663,42033.0,754.5265282947447,1.1705685618729098,591,586,7,0,579,568,79388,12,0,0,12,18
2020-11-08,US,Pennsylvania,Clinton,330,8,0,41.23255967,-77.63785995,42035.0,854.2141230068338,2.4242424242424243,322,324,8,0,316,312,38684,6,0,0,6,12
2020-11-08,US,Pennsylvania,Columbia,1131,44,0,41.04821986,-76.40565017,42037.0,1740.9642263407425,3.890362511052166,1087,1129,44,0,1085,1121,65456,2,0,0,2,8
2020-11-08,US,Pennsylvania,Crawford,730,4,0,41.68447709,-80.10760592,42039.0,862.5884744000282,0.547945205479452,726,703,4,0,699,687,85063,27,0,0,27,16
2020-11-08,US,Pennsylvania,Cumberland,2867,82,0,40.1625372,-77.26130755,42041.0,1131.5467498125274,2.8601325427275897,2785,2807,82,0,2725,2745,251423,60,0,0,60,62
2020-11-08,US,Pennsylvania,Dauphin,5471,197,0,40.41377078,-76.77993242,42043.0,1965.8712392067525,3.6008042405410348,5274,5415,197,0,5218,5367,277097,56,0,0,56,48
2020-11-08,US,Pennsylvania,Delaware,15020,775,0,39.91680171,-75.40243663,42045.0,2650.212528694461,5.159786950732356,14245,14865,774,0,14091,14648,564751,155,1,0,154,217
2020-11-08,US,Pennsylvania,Elk,270,2,0,41.42822061,-78.64524744,42047.0,902.7081243731194,0.7407407407407407,268,262,2,0,260,250,30169,8,0,0,8,12
2020-11-08,US,Pennsylvania,Erie,2596,41,0,41.99253829,-80.03301954,42049.0,962.4510618104164,1.5793528505392913,2555,2542,41,0,2501,2493,272061,54,0,0,54,49
2020-11-08,US,Pennsylvania,Fayette,1187,15,0,39.92041012,-79.64291195,42051.0,918.2047434132152,1.2636899747262005,1172,1168,15,0,1153,1154,130441,19,0,0,19,14
2020-11-08,US,Pennsylvania,Forest,20,1,0,41.51095103,-79.23229292,42053.0,275.9762660411205,5.0,19,20,1,0,19,20,7279,0,0,0,0,0
2020-11-08,US,Pennsylvania,Franklin,2640,64,0,39.92956518,-77.72157791,42055.0,1702.9291671773306,2.4242424242424243,2576,2599,64,0,2535,2546,154835,41,0,0,41,53
2020-11-08,US,Pennsylvania,Fulton,120,4,0,39.92913544,-78.11163677,42057.0,825.8774948382656,3.333333333333333,116,120,4,0,116,116,14523,0,0,0,0,4
2020-11-08,US,Pennsylvania,Greene,338,1,0,39.85746531,-80.22357106,42059.0,932.85126818094,0.2958579881656805,337,330,1,0,329,315,36506,8,0,0,8,15
2020-11-08,US,Pennsylvania,Huntingdon,1203,29,0,40.42162652,-77.97673273,42061.0,2664.805954279638,2.410640066500416,1174,1192,29,0,1163,1172,45168,11,0,0,11,20
2020-11-08,US,Pennsylvania,Indiana,1453,19,0,40.65241041,-79.08963285,42063.0,1728.2599645546136,1.3076393668272541,1434,1422,19,0,1403,1391,84501,31,0,0,31,31
2020-11-08,US,Pennsylvania,Jefferson,300,4,0,41.12913106,-78.9986361,42065.0,690.846286701209,1.3333333333333333,296,287,4,0,283,271,43641,13,0,0,13,16
2020-11-08,US,Pennsylvania,Juniata,302,8,0,40.53358749,-77.39975129999998,42067.0,1219.5614424746598,2.6490066225165565,294,287,8,0,279,279,24704,15,0,0,15,8
2020-11-08,US,Pennsylvania,Lackawanna,4080,222,0,41.43564672,-75.60379201,42069.0,1945.8778866239973,5.441176470588236,3858,4066,222,0,3844,4031,210793,14,0,0,14,35
2020-11-08,US,Pennsylvania,Lancaster,10861,489,0,40.03904563,-76.24770128,42071.0,1990.2001744471563,4.502347850105884,10372,10705,489,0,10216,10562,543557,156,0,0,156,143
2020-11-08,US,Pennsylvania,Lawrence,1269,42,0,40.99206278,-80.33393706,42073.0,1484.0022452989053,3.309692671394799,1227,1239,42,0,1197,1175,86184,30,0,0,30,64
2020-11-08,US,Pennsylvania,Lebanon,3622,73,0,40.36680311,-76.45651841,42075.0,2554.4279336779673,2.015461071231364,3549,3569,73,0,3496,3503,141314,53,0,0,53,66
2020-11-08,US,Pennsylvania,Lehigh,7544,372,0,40.6154815,-75.59435245,42077.0,2042.684082552164,4.931071049840933,7172,7439,372,0,7067,7290,368100,105,0,0,105,149
2020-11-08,US,Pennsylvania,Luzerne,6125,215,0,41.17823008,-75.98447579,42079.0,1929.6382991459186,3.5102040816326534,5910,6045,214,0,5831,5948,317646,80,1,0,79,97
2020-11-08,US,Pennsylvania,Lycoming,1097,32,0,41.34310539,-77.06629984,42081.0,968.2344945674719,2.917046490428441,1065,1082,32,0,1050,1064,113664,15,0,0,15,18
2020-11-08,US,Pennsylvania,McKean,193,2,0,41.80938602,-78.56478358,42083.0,475.0769230769232,1.0362694300518134,191,191,2,0,189,184,40968,2,0,0,2,7
2020-11-08,US,Pennsylvania,Mercer,1387,28,0,41.30248872,-80.25816981,42085.0,1267.5464249159234,2.0187454938716654,1359,1352,28,0,1324,1302,110683,35,0,0,35,50
2020-11-08,US,Pennsylvania,Mifflin,607,4,0,40.61116939,-77.61070738,42087.0,1315.6183623043912,0.6589785831960461,603,585,4,0,581,562,46222,22,0,0,22,23
2020-11-08,US,Pennsylvania,Monroe,2259,135,0,41.05934058,-75.34031025,42089.0,1326.7085998202865,5.9760956175298805,2124,2242,135,0,2107,2211,169507,17,0,0,17,31
2020-11-08,US,Pennsylvania,Montgomery,15467,898,0,40.21053671,-75.36652296,42091.0,1861.441904406588,5.805909355401822,14569,15311,898,0,14413,15118,828604,156,0,0,156,193
2020-11-08,US,Pennsylvania,Montour,335,12,0,41.03023987,-76.66345939,42093.0,1837.6302797586395,3.582089552238806,323,333,12,0,321,324,18240,2,0,0,2,9
2020-11-08,US,Pennsylvania,Northampton,6058,319,0,40.75182733,-75.30471829,42095.0,1984.3752559084135,5.265764278639815,5739,6004,319,0,5685,5911,304807,54,0,0,54,93
2020-11-08,US,Pennsylvania,Northumberland,1744,113,0,40.84785433,-76.70798222,42097.0,1919.7956914676968,6.479357798165138,1631,1719,113,0,1606,1704,91083,25,0,0,25,15
2020-11-08,US,Pennsylvania,Perry,414,7,0,40.40206612,-77.26297447,42099.0,894.7095435684648,1.6908212560386473,407,412,7,0,405,408,46139,2,0,0,2,4
2020-11-08,US,Pennsylvania,Philadelphia,47675,1889,0,40.00338507,-75.1379271,42101.0,3009.663750959557,3.962244362873624,45786,47675,1889,0,45786,47675,1584138,0,0,0,0,0
2020-11-08,US,Pennsylvania,Pike,673,23,0,41.33155042,-75.03208106,42103.0,1205.8986901754195,3.4175334323922733,650,671,23,0,648,663,55933,2,0,0,2,8
2020-11-08,US,Pennsylvania,Potter,76,1,0,41.74471626,-77.89559864,42105.0,459.8813990076243,1.3157894736842106,75,73,1,0,72,70,16622,3,0,0,3,3
2020-11-08,US,Pennsylvania,Schuylkill,2452,115,0,40.70497338,-76.2150785,42107.0,1734.5906521692993,4.690048939641109,2337,2421,113,0,2308,2366,142067,31,2,0,29,55
2020-11-08,US,Pennsylvania,Snyder,566,18,0,40.77129231,-77.06840691,42109.0,1401.9617556722476,3.180212014134276,548,562,18,0,544,549,40540,4,0,0,4,13
2020-11-08,US,Pennsylvania,Somerset,573,3,0,39.97172723,-79.02699593,42111.0,780.1543970482116,0.5235602094240838,570,559,3,0,556,531,73952,14,0,0,14,28
2020-11-08,US,Pennsylvania,Sullivan,22,1,0,41.44634738,-76.51246591,42113.0,362.6772172766238,4.545454545454546,21,22,1,0,21,22,6071,0,0,0,0,0
2020-11-08,US,Pennsylvania,Susquehanna,456,29,0,41.82147784,-75.80071959,42115.0,1130.7280301527476,6.359649122807018,427,455,29,0,426,450,40589,1,0,0,1,5
2020-11-08,US,Pennsylvania,Tioga,355,4,0,41.77255149,-77.25433032,42117.0,874.5781084476854,1.1267605633802815,351,333,4,0,329,308,40763,22,0,0,22,25
2020-11-08,US,Pennsylvania,Union,823,11,0,40.96188846,-77.05996014,42119.0,1832.0236849720638,1.336573511543135,812,785,11,0,774,770,44785,38,0,0,38,15
2020-11-08,US,Pennsylvania,Venango,423,1,0,41.40323442,-79.75845449,42121.0,834.8464514091735,0.2364066193853428,422,405,1,0,404,388,51266,18,0,0,18,17
2020-11-08,US,Pennsylvania,Warren,85,1,0,41.81304978,-79.26969577,42123.0,216.8865300706795,1.1764705882352942,84,83,1,0,82,82,39498,2,0,0,2,1
2020-11-08,US,Pennsylvania,Washington,2489,41,0,40.19208869,-80.24582867,42125.0,1203.200154690257,1.6472478907191643,2448,2454,41,0,2413,2399,207346,35,0,0,35,55
2020-11-08,US,Pennsylvania,Wayne,318,12,0,41.64938475,-75.29956506,42127.0,619.1468234652752,3.7735849056603774,306,313,12,0,301,308,51276,5,0,0,5,5
2020-11-08,US,Pennsylvania,Westmoreland,5078,118,0,40.31377979999999,-79.46615476,42129.0,1455.435527186951,2.323749507680189,4960,4975,118,0,4857,4899,350611,103,0,0,103,76
2020-11-08,US,Pennsylvania,Wyoming,227,9,0,41.51955538,-76.01074915,42131.0,847.2045980443382,3.9647577092511015,218,220,9,0,211,213,27046,7,0,0,7,7
2020-11-08,US,Pennsylvania,York,7301,212,0,39.9210089,-76.73040131,42133.0,1625.8478860191778,2.903711820298589,7089,7218,212,0,7006,7072,448273,83,0,0,83,146
2020-11-08,US,Puerto Rico,Adjuntas,210,0,0,18.180117000000006,-66.754367,72001.0,651.8503310578452,0.0,210,210,0,0,210,210,,0,0,0,0,0
2020-11-08,US,Puerto Rico,Aguada,484,0,0,18.360255,-67.17513100000001,72003.0,648.2518649157511,0.0,484,484,0,0,484,484,,0,0,0,0,0
2020-11-08,US,Puerto Rico,Aguadilla,690,0,0,18.459681,-67.12081500000001,72005.0,543.0769988022773,0.0,690,690,0,0,690,690,,0,0,0,0,0
2020-11-08,US,Puerto Rico,Aguas Buenas,425,0,0,18.251619,-66.126806,72007.0,861.8584039917653,0.0,425,425,0,0,425,425,,0,0,0,0,0
2020-11-08,US,Puerto Rico,Aibonito,228,0,0,18.131361,-66.264131,72009.0,351.3513513513513,0.0,228,228,0,0,228,228,,0,0,0,0,0
2020-11-08,US,Puerto Rico,Anasco,336,0,0,18.287985,-67.120611,72011.0,557.0554663203582,0.0,336,336,0,0,336,336,,0,0,0,0,0
2020-11-08,US,Puerto Rico,Arecibo,1192,0,0,18.406631,-66.675077,72013.0,668.8096225632518,0.0,1192,1192,0,0,1192,1192,,0,0,0,0,0
2020-11-08,US,Puerto Rico,Arroyo,213,0,0,17.998457000000005,-66.056546,72015.0,291.1877394636016,0.0,213,213,0,0,213,213,,0,0,0,0,0
2020-11-08,US,Puerto Rico,Barceloneta,358,0,0,18.445532999999998,-66.56053100000001,72017.0,797.8723404255319,0.0,358,358,0,0,358,358,,0,0,0,0,0
2020-11-08,US,Puerto Rico,Barranquitas,676,0,0,18.201592,-66.30963,72019.0,963.1242166369814,0.0,676,676,0,0,676,676,,0,0,0,0,0
2020-11-08,US,Puerto Rico,Bayamon,5356,0,0,18.34946,-66.168435,72021.0,1500.6054315862307,0.0,5356,5356,0,0,5356,5356,,0,0,0,0,0
2020-11-08,US,Puerto Rico,Cabo Rojo,561,0,0,18.040993,-67.154391,72023.0,412.4359251330597,0.0,561,561,0,0,561,561,,0,0,0,0,0
2020-11-08,US,Puerto Rico,Caguas,2456,0,0,18.211615,-66.050779,72025.0,1023.8430154031337,0.0,2456,2456,0,0,2456,2456,,0,0,0,0,0
2020-11-08,US,Puerto Rico,Camuy,451,0,0,18.418578,-66.860206,72027.0,674.0806052504337,0.0,451,451,0,0,451,451,,0,0,0,0,0
2020-11-08,US,Puerto Rico,Canovanas,999,0,0,18.328802,-65.887612,72029.0,1189.9764942914708,0.0,999,999,0,0,999,999,,0,0,0,0,0
2020-11-08,US,Puerto Rico,Carolina,4393,0,0,18.374986,-65.95683100000001,72031.0,1585.1823355698623,0.0,4393,4393,0,0,4393,4393,,0,0,0,0,0
2020-11-08,US,Puerto Rico,Catano,664,0,0,18.437269,-66.14330600000001,72033.0,1272.2103766879884,0.0,664,664,0,0,664,664,,0,0,0,0,0
2020-11-08,US,Puerto Rico,Cayey,563,0,0,18.102851,-66.14914,72035.0,459.2780398595148,0.0,563,563,0,0,563,563,,0,0,0,0,0
2020-11-08,US,Puerto Rico,Ceiba,214,0,0,18.251818,-65.666416,72037.0,616.2423886728781,0.0,214,214,0,0,214,214,,0,0,0,0,0
2020-11-08,US,Puerto Rico,Ciales,384,0,0,18.28885,-66.516475,72039.0,1229.9009690128846,0.0,384,384,0,0,384,384,,0,0,0,0,0
2020-11-08,US,Puerto Rico,Cidra,493,0,0,18.173559,-66.161179,72041.0,650.8739650413984,0.0,493,493,0,0,493,493,,0,0,0,0,0
2020-11-08,US,Puerto Rico,Coamo,461,0,0,18.097597,-66.36014,72043.0,427.0339652448657,0.0,461,461,0,0,461,461,,0,0,0,0,0
2020-11-08,US,Puerto Rico,Comerio,318,0,0,18.224687,-66.221622,72045.0,750.7941091539128,0.0,318,318,0,0,318,318,,0,0,0,0,0
2020-11-08,US,Puerto Rico,Corozal,963,0,0,18.304264,-66.327738,72047.0,1262.7214474180173,0.0,963,963,0,0,963,963,,0,0,0,0,0
2020-11-08,US,Puerto Rico,Culebra,18,0,0,18.31586,-65.28813000000001,72049.0,990.0990099009905,0.0,18,18,0,0,18,23,,0,0,0,0,-5
2020-11-08,US,Puerto Rico,Dorado,1225,0,0,18.436115,-66.278669,72051.0,1582.6018603432465,0.0,1225,1225,0,0,1225,1225,,0,0,0,0,0
2020-11-08,US,Puerto Rico,Fajardo,781,0,0,18.318373,-65.666866,72053.0,910.9831589760223,0.0,781,781,0,0,781,781,,0,0,0,0,0
2020-11-08,US,Puerto Rico,Florida,418,0,0,18.373715,-66.560488,72054.0,922.7129337539432,0.0,418,418,0,0,418,418,,0,0,0,0,0
2020-11-08,US,Puerto Rico,Guanica,181,0,0,17.982429,-66.91964300000001,72055.0,365.4707366036959,0.0,181,181,0,0,181,181,,0,0,0,0,0
2020-11-08,US,Puerto Rico,Guayama,402,0,0,18.007516,-66.13390799999999,72057.0,330.6732507385036,0.0,402,402,0,0,402,402,,0,0,0,0,0
2020-11-08,US,Puerto Rico,Guayanilla,280,0,0,18.039942,-66.79186,72059.0,417.03350169130255,0.0,280,280,0,0,280,280,,0,0,0,0,0
2020-11-08,US,Puerto Rico,Guaynabo,2490,0,0,18.345114000000002,-66.11452299999999,72061.0,1509.333769045382,0.0,2490,2490,0,0,2490,2490,,0,0,0,0,0
2020-11-08,US,Puerto Rico,Gurabo,838,0,0,18.266461,-65.97970500000001,72063.0,1117.5031409111948,0.0,838,838,0,0,838,838,,0,0,0,0,0
2020-11-08,US,Puerto Rico,Hatillo,475,0,0,18.410928,-66.79632600000001,72065.0,610.2066598336232,0.0,475,475,0,0,475,475,,0,0,0,0,0
2020-11-08,US,Puerto Rico,Hormigueros,228,0,0,18.134532,-67.113972,72067.0,689.8550724637681,0.0,228,228,0,0,228,228,,0,0,0,0,0
2020-11-08,US,Puerto Rico,Humacao,854,0,0,18.145211,-65.810174,72069.0,702.9726678753464,0.0,854,854,0,0,854,854,,0,0,0,0,0
2020-11-08,US,Puerto Rico,Isabela,431,0,0,18.44981,-67.005093,72071.0,484.31987026363663,0.0,431,431,0,0,431,431,,0,0,0,0,0
2020-11-08,US,Puerto Rico,Jayuya,311,0,0,18.211446,-66.58878,72073.0,528.7825982454032,0.0,311,311,0,0,311,311,,0,0,0,0,0
2020-11-08,US,Puerto Rico,Juana Diaz,489,0,0,18.050764,-66.49458100000001,72075.0,300.38674793797014,0.0,489,489,0,0,489,489,,0,0,0,0,0
2020-11-08,US,Puerto Rico,Juncos,642,0,0,18.223793,-65.909109,72077.0,923.3060312732688,0.0,642,642,0,0,642,642,,0,0,0,0,0
2020-11-08,US,Puerto Rico,Lajas,228,0,0,18.011661,-67.040585,72079.0,264.04690715644784,0.0,228,228,0,0,228,228,,0,0,0,0,0
2020-11-08,US,Puerto Rico,Lares,507,0,0,18.269035000000002,-66.867236,72081.0,578.8053198061978,0.0,507,507,0,0,507,507,,0,0,0,0,0
2020-11-08,US,Puerto Rico,Las Marias,131,0,0,18.23679,-66.98362,72083.0,597.1055561178017,0.0,131,131,0,0,131,131,,0,0,0,0,0
2020-11-08,US,Puerto Rico,Las Piedras,745,0,0,18.187527,-65.86946800000001,72085.0,1065.2876535229477,0.0,745,745,0,0,745,745,,0,0,0,0,0
2020-11-08,US,Puerto Rico,Loiza,404,0,0,18.425688,-65.89943000000001,72087.0,785.0964737192282,0.0,404,404,0,0,404,404,,0,0,0,0,0
2020-11-08,US,Puerto Rico,Luquillo,352,0,0,18.342114000000002,-65.72509699999999,72089.0,877.0181383296791,0.0,352,352,0,0,352,352,,0,0,0,0,0
2020-11-08,US,Puerto Rico,Manati,816,0,0,18.420473,-66.490461,72091.0,770.7478521070886,0.0,816,816,0,0,816,816,,0,0,0,0,0
2020-11-08,US,Puerto Rico,Maricao,50,0,0,18.171795,-66.942126,72093.0,796.6857871255577,0.0,50,50,0,0,50,97,,0,0,0,0,-47
2020-11-08,US,Puerto Rico,Maunabo,179,0,0,18.017889,-65.922235,72095.0,539.8773006134968,0.0,179,179,0,0,179,179,,0,0,0,0,0
2020-11-08,US,Puerto Rico,Mayaguez,1069,0,0,18.2013,-67.1452,72097.0,571.3964975303097,0.0,1069,1069,0,0,1069,1069,,0,0,0,0,0
2020-11-08,US,Puerto Rico,Moca,542,0,0,18.377805,-67.080952,72099.0,655.7131815801939,0.0,542,542,0,0,542,542,,0,0,0,0,0
2020-11-08,US,Puerto Rico,Morovis,657,0,0,18.316963,-66.420383,72101.0,1195.9521619135235,0.0,657,657,0,0,657,657,,0,0,0,0,0
2020-11-08,US,Puerto Rico,Naguabo,408,0,0,18.230636999999998,-65.753897,72103.0,973.0538922155687,0.0,408,408,0,0,408,408,,0,0,0,0,0
2020-11-08,US,Puerto Rico,Naranjito,898,0,0,18.288019,-66.252703,72105.0,1374.909545424643,0.0,898,898,0,0,898,898,,0,0,0,0,0
2020-11-08,US,Puerto Rico,Orocovis,462,0,0,18.215046,-66.433604,72107.0,1045.980446569611,0.0,462,462,0,0,462,462,,0,0,0,0,0
2020-11-08,US,Puerto Rico,Out of PR,804,0,0,0.0,0.0,72888.0,0.0,0.0,804,804,0,0,804,804,,0,0,0,0,0
2020-11-08,US,Puerto Rico,Patillas,218,0,0,18.03174,-66.012242,72109.0,373.50210094931776,0.0,218,218,0,0,218,218,,0,0,0,0,0
2020-11-08,US,Puerto Rico,Penuelas,166,0,0,18.059645,-66.721572,72111.0,288.2793839057738,0.0,166,166,0,0,166,166,,0,0,0,0,0
2020-11-08,US,Puerto Rico,Ponce,1382,0,0,18.059498,-66.613748,72113.0,414.24422974021047,0.0,1382,1382,0,0,1382,1382,,0,0,0,0,0
2020-11-08,US,Puerto Rico,Quebradillas,303,0,0,18.439692,-66.926113,72115.0,790.9255758324008,0.0,303,303,0,0,303,303,,0,0,0,0,0
2020-11-08,US,Puerto Rico,Rincon,250,0,0,18.335442999999998,-67.23174,72117.0,796.0526315789474,0.0,250,250,0,0,250,250,,0,0,0,0,0
2020-11-08,US,Puerto Rico,Rio Grande,929,0,0,18.346329,-65.813742,72119.0,977.8285209192693,0.0,929,929,0,0,929,929,,0,0,0,0,0
2020-11-08,US,Puerto Rico,Sabana Grande,247,0,0,18.08282,-66.943758,72121.0,372.0562042351079,0.0,247,247,0,0,247,247,,0,0,0,0,0
2020-11-08,US,Puerto Rico,Salinas,610,0,0,18.010386999999994,-66.256592,72123.0,482.6565416049939,0.0,610,610,0,0,610,610,,0,0,0,0,0
2020-11-08,US,Puerto Rico,San German,353,0,0,18.111484,-67.03858100000001,72125.0,408.1402876685338,0.0,353,353,0,0,353,353,,0,0,0,0,0
2020-11-08,US,Puerto Rico,San Juan,11143,0,0,18.386933,-66.061128,72127.0,1775.7496344788858,0.0,11143,11143,0,0,11143,11143,,0,0,0,0,0
2020-11-08,US,Puerto Rico,San Lorenzo,783,0,0,18.147987,-65.976392,72129.0,1239.709678990696,0.0,783,783,0,0,783,783,,0,0,0,0,0
2020-11-08,US,Puerto Rico,San Sebastian,849,0,0,18.328646,-66.971214,72131.0,539.7124675936838,0.0,849,849,0,0,849,849,,0,0,0,0,0
2020-11-08,US,Puerto Rico,Santa Isabel,299,0,0,17.994525,-66.388913,72133.0,313.65472200739015,0.0,299,299,0,0,299,299,,0,0,0,0,0
2020-11-08,US,Puerto Rico,Toa Alta,1928,0,0,18.362406,-66.246616,72135.0,1537.8176221208112,0.0,1928,1928,0,0,1928,1928,,0,0,0,0,0
2020-11-08,US,Puerto Rico,Toa Baja,2162,0,0,18.431445999999998,-66.213553,72137.0,1334.687363992456,0.0,2162,2162,0,0,2162,2162,,0,0,0,0,0
2020-11-08,US,Puerto Rico,Trujillo Alto,1743,0,0,18.336159,-65.99888399999999,72139.0,1441.703856123567,0.0,1743,1743,0,0,1743,1743,,0,0,0,0,0
2020-11-08,US,Puerto Rico,Unassigned,3159,872,0,0.0,0.0,72999.0,0.0,27.60367204811649,2287,2525,862,0,1663,1460,,634,10,0,624,1065
2020-11-08,US,Puerto Rico,Utuado,314,0,0,18.271214,-66.702984,72141.0,452.50233792874604,0.0,314,314,0,0,314,314,,0,0,0,0,0
2020-11-08,US,Puerto Rico,Vega Alta,1052,0,0,18.409346,-66.33725,72143.0,1346.6496458161248,0.0,1052,1052,0,0,1052,1052,,0,0,0,0,0
2020-11-08,US,Puerto Rico,Vega Baja,1328,0,0,18.428262,-66.397924,72145.0,1391.170259126412,0.0,1328,1328,0,0,1328,1328,,0,0,0,0,0
2020-11-08,US,Puerto Rico,Vieques,107,0,0,18.123276,-65.44097099999999,72147.0,258.03677023975916,0.0,107,107,0,0,107,107,,0,0,0,0,0
2020-11-08,US,Puerto Rico,Villalba,298,0,0,18.127951,-66.473115,72149.0,724.8878149810147,0.0,298,298,0,0,298,298,,0,0,0,0,0
2020-11-08,US,Puerto Rico,Yabucoa,509,0,0,18.070399,-65.896289,72151.0,611.4757122901348,0.0,509,509,0,0,509,509,,0,0,0,0,0
2020-11-08,US,Puerto Rico,Yauco,631,0,0,18.080374,-66.858814,72153.0,530.4093428156887,0.0,631,631,0,0,631,631,,0,0,0,0,0
2020-11-08,US,Rhode Island,Bristol,661,20,0,41.71018079,-71.28652315,44001.0,1363.476969409435,3.02571860816944,641,661,20,0,641,661,48649,0,0,0,0,0
2020-11-08,US,Rhode Island,Kent,2908,124,0,41.67106337,-71.57641596,44003.0,1770.0192340466974,4.264099037138927,2784,2908,124,0,2784,2908,163861,0,0,0,0,0
2020-11-08,US,Rhode Island,Newport,797,10,0,41.5642026,-71.26569799,44005.0,970.9802392729222,1.2547051442910917,787,797,10,0,787,797,82542,0,0,0,0,0
2020-11-08,US,Rhode Island,Providence,25309,970,0,41.87064746,-71.57753536,44007.0,3961.147604357904,3.832628709154846,24339,25309,970,0,24339,25309,636084,0,0,0,0,0
2020-11-08,US,Rhode Island,Unassigned,5267,20,0,0.0,0.0,90044.0,0.0,0.37972280235428135,5247,5267,20,0,5247,5267,,0,0,0,0,0
2020-11-08,US,Rhode Island,Washington,1438,80,0,41.45961631,-71.61435303,44009.0,1145.1141530694315,5.563282336578581,1358,1438,80,0,1358,1438,126179,0,0,0,0,0
2020-11-08,US,South Carolina,Abbeville,839,19,0,34.22333378,-82.46170658,45001.0,3420.720022831981,2.2646007151370684,820,836,19,0,817,826,24541,3,0,0,3,10
2020-11-08,US,South Carolina,Aiken,5387,90,0,33.54338026,-81.63645384,45003.0,3152.652277728358,1.6706886950064972,5297,5365,90,0,5275,5330,169401,22,0,0,22,35
2020-11-08,US,South Carolina,Allendale,438,8,0,32.98837386,-81.35321066,45005.0,5041.436464088398,1.8264840182648399,430,438,8,0,430,437,8903,0,0,0,0,1
2020-11-08,US,South Carolina,Anderson,6465,209,0,34.51828081,-82.63959517,45007.0,3191.6784328439257,3.2327919566898684,6256,6427,208,0,6219,6332,200482,38,1,0,37,95
2020-11-08,US,South Carolina,Bamberg,700,34,0,33.21927586,-81.05659969,45009.0,4976.539172472629,4.857142857142857,666,699,34,0,665,698,14275,1,0,0,1,1
2020-11-08,US,South Carolina,Barnwell,900,25,0,33.26679302,-81.43584352,45011.0,4313.236844627624,2.7777777777777777,875,897,25,0,872,893,21112,3,0,0,3,4
2020-11-08,US,South Carolina,Beaufort,6384,93,0,32.39226291,-80.72619758,45013.0,3322.8885812140197,1.4567669172932332,6291,6362,93,0,6269,6330,188715,22,0,0,22,32
2020-11-08,US,South Carolina,Berkeley,6464,96,0,33.20222596,-79.94654523,45015.0,2836.2446085464685,1.4851485148514851,6368,6440,96,0,6344,6385,221091,24,0,0,24,55
2020-11-08,US,South Carolina,Calhoun,520,18,0,33.66926881,-80.77722168,45017.0,3573.1464302892878,3.4615384615384617,502,520,18,0,502,518,14520,0,0,0,0,2
2020-11-08,US,South Carolina,Charleston,17953,285,0,32.82487866,-79.96512315,45019.0,4363.8157926719605,1.5874784158636441,17668,17876,284,0,17592,17775,405905,77,1,0,76,101
2020-11-08,US,South Carolina,Cherokee,1658,56,0,35.05122251,-81.61828622,45021.0,2893.542757417103,3.3775633293124248,1602,1647,56,0,1591,1621,57078,11,0,0,11,26
2020-11-08,US,South Carolina,Chester,1328,30,0,34.69249168,-81.1583216,45023.0,4118.595707728568,2.2590361445783134,1298,1323,30,0,1293,1310,32251,5,0,0,5,13
2020-11-08,US,South Carolina,Chesterfield,1575,49,0,34.64137396,-80.15640140000002,45025.0,3450.164293537788,3.111111111111111,1526,1571,49,0,1522,1554,45754,4,0,0,4,17
2020-11-08,US,South Carolina,Clarendon,1258,69,0,33.66610974,-80.21647898,45027.0,3727.9596977329975,5.48489666136725,1189,1252,69,0,1183,1240,33700,6,0,0,6,12
2020-11-08,US,South Carolina,Colleton,1352,48,0,32.87582989,-80.67641292,45029.0,3588.396103723757,3.5502958579881656,1304,1343,48,0,1295,1332,37660,9,0,0,9,11
2020-11-08,US,South Carolina,Darlington,2685,67,0,34.33358335,-79.96027485,45031.0,4030.4422228226613,2.4953445065176907,2618,2667,67,0,2600,2630,66802,18,0,0,18,37
2020-11-08,US,South Carolina,Dillon,1397,48,0,34.39007791,-79.37741872,45033.0,4583.483710095476,3.4359341445955622,1349,1391,48,0,1343,1381,30599,6,0,0,6,10
2020-11-08,US,South Carolina,Dorchester,5079,105,0,33.0794369,-80.40502652,45035.0,3119.606409965051,2.067336089781453,4974,5049,104,0,4945,5009,160647,30,1,0,29,40
2020-11-08,US,South Carolina,Edgefield,1002,22,0,33.77221995,-81.96231108,45037.0,3675.7153338224507,2.1956087824351296,980,998,22,0,976,983,27052,4,0,0,4,15
2020-11-08,US,South Carolina,Fairfield,911,40,0,34.39287073,-81.1195624,45039.0,4076.6098357721394,4.390779363336994,871,901,40,0,861,895,22402,10,0,0,10,6
2020-11-08,US,South Carolina,Florence,5901,205,0,34.02361754,-79.70189312,45041.0,4267.0272537294,3.473987459752584,5696,5873,204,0,5669,5817,138159,28,1,0,27,56
2020-11-08,US,South Carolina,Georgetown,2507,58,0,33.43443342,-79.33202141,45043.0,3999.6809189534138,2.3135221380135618,2449,2499,58,0,2441,2481,62249,8,0,0,8,18
2020-11-08,US,South Carolina,Greenville,19243,368,0,34.89502264,-82.37295012,45045.0,3675.540835310252,1.9123837239515669,18875,19122,362,0,18760,18823,514213,121,6,0,115,299
2020-11-08,US,South Carolina,Greenwood,2675,78,0,34.15272415,-82.12715789,45047.0,3777.6616627360163,2.9158878504672896,2597,2672,77,0,2595,2654,70741,3,1,0,2,18
2020-11-08,US,South Carolina,Hampton,797,32,0,32.77419582,-81.13845571,45049.0,4146.290708563105,4.0150564617314926,765,793,31,0,762,788,19351,4,1,0,3,5
2020-11-08,US,South Carolina,Horry,13032,243,0,33.9212828,-78.99555293,45051.0,3680.513780745084,1.8646408839779005,12789,12985,243,0,12742,12891,344147,47,0,0,47,94
2020-11-08,US,South Carolina,Jasper,970,23,0,32.43171982,-81.02487495,45053.0,3225.484654008579,2.3711340206185567,947,969,23,0,946,960,28971,1,0,0,1,9
2020-11-08,US,South Carolina,Kershaw,2636,53,0,34.33988254,-80.58763164,45055.0,3960.8721131162565,2.01062215477997,2583,2627,52,0,2575,2613,65592,9,1,0,8,14
2020-11-08,US,South Carolina,Lancaster,2806,63,0,34.68270843,-80.70513032,45057.0,2862.9147451332487,2.2451888809693514,2743,2782,62,0,2720,2744,95380,24,1,0,23,38
2020-11-08,US,South Carolina,Laurens,2073,63,0,34.48244419,-82.00490796,45059.0,3071.4296297393803,3.0390738060781475,2010,2061,63,0,1998,2028,66994,12,0,0,12,33
2020-11-08,US,South Carolina,Lee,830,36,0,34.16393091,-80.25690731,45061.0,4932.25576420252,4.337349397590361,794,826,36,0,790,811,17142,4,0,0,4,15
2020-11-08,US,South Carolina,Lexington,9756,215,0,33.89665987,-81.27146426,45063.0,3265.606694560669,2.2037720377203773,9541,9679,214,0,9465,9592,295032,77,1,0,76,87
2020-11-08,US,South Carolina,Marion,1221,45,0,34.07859748,-79.36400756,45067.0,3982.7771797631854,3.6855036855036856,1176,1216,45,0,1171,1202,31039,5,0,0,5,14
2020-11-08,US,South Carolina,Marlboro,1216,15,0,34.59905577,-79.67561152,45069.0,4655.792939735049,1.2335526315789471,1201,1214,15,0,1199,1189,26398,2,0,0,2,25
2020-11-08,US,South Carolina,McCormick,295,7,0,33.90161443,-82.30794338,45065.0,3117.404628553313,2.3728813559322037,288,291,7,0,284,289,9410,4,0,0,4,2
2020-11-08,US,South Carolina,Newberry,1793,58,0,34.28629098,-81.59935761,45071.0,4664.412070759626,3.2348020078081428,1735,1778,58,0,1720,1746,38520,15,0,0,15,32
2020-11-08,US,South Carolina,Oconee,2655,34,0,34.75225169,-83.06742317,45073.0,3337.691398687552,1.28060263653484,2621,2642,34,0,2608,2617,78374,13,0,0,13,25
2020-11-08,US,South Carolina,Orangeburg,3476,131,0,33.4391073,-80.79886287,45075.0,4033.652451407021,3.7686996547756033,3345,3463,131,0,3332,3440,86934,13,0,0,13,23
2020-11-08,US,South Carolina,Pickens,4986,70,0,34.88807695,-82.72791551,45077.0,3929.5734686800542,1.4039310068190936,4916,4945,68,0,4877,4881,124937,41,2,0,39,64
2020-11-08,US,South Carolina,Richland,18213,279,0,34.01791263,-80.90267209,45079.0,4380.662835921772,1.5318728380826885,17934,18148,278,0,17870,18024,414576,65,1,0,64,124
2020-11-08,US,South Carolina,Saluda,756,25,0,34.00795823,-81.72713237,45081.0,3692.668392516973,3.306878306878307,731,754,25,0,729,748,20544,2,0,0,2,6
2020-11-08,US,South Carolina,Spartanburg,9976,247,0,34.92960077,-81.99225984,45083.0,3119.5959785480877,2.475942261427426,9729,9907,246,0,9661,9742,313888,69,1,0,68,165
2020-11-08,US,South Carolina,Sumter,3730,92,0,33.91826534,-80.37942316,45085.0,3495.094686144245,2.4664879356568363,3638,3726,92,0,3634,3680,106512,4,0,0,4,46
2020-11-08,US,South Carolina,Union,844,23,0,34.68835752,-81.61730349,45087.0,3089.764240738029,2.7251184834123223,821,835,22,0,813,824,27410,9,1,0,8,11
2020-11-08,US,South Carolina,Williamsburg,1519,50,0,33.62190129,-79.72767442,45089.0,5001.975763962066,3.2916392363396967,1469,1508,50,0,1458,1499,30606,11,0,0,11,9
2020-11-08,US,South Carolina,York,7487,112,0,34.97281497,-81.18085944,45091.0,2664.611946088498,1.4959262722051556,7375,7425,111,0,7314,7310,274118,62,1,0,61,115
2020-11-08,US,South Dakota,Aurora,245,2,0,43.71757685,-98.56050467,46003.0,8905.852417302798,0.8163265306122449,243,239,2,0,237,225,2801,6,0,0,6,14
2020-11-08,US,South Dakota,Beadle,1667,19,0,44.41464384,-98.27858469,46005.0,9033.761448003035,1.1397720455908815,1648,1612,19,0,1593,1563,18883,55,0,0,55,49
2020-11-08,US,South Dakota,Bennett,256,5,0,43.19486375,-101.6665572,46007.0,7607.726597325409,1.953125,251,249,5,0,244,242,3468,7,0,0,7,7
2020-11-08,US,South Dakota,Bon Homme,1155,4,0,42.98914167,-97.88592746,46009.0,16736.704825387624,0.3463203463203463,1151,1149,3,0,1146,1143,6980,6,1,0,5,6
2020-11-08,US,South Dakota,Brookings,1784,9,0,44.36974375,-96.79079945,46011.0,5085.9537588733365,0.5044843049327354,1775,1729,9,0,1720,1675,35232,55,0,0,55,54
2020-11-08,US,South Dakota,Brown,2556,8,0,45.58994323,-98.35165355,46013.0,6581.013929297871,0.3129890453834116,2548,2501,7,0,2494,2444,39316,55,1,0,54,57
2020-11-08,US,South Dakota,Brule,387,3,0,43.71756379,-99.08118954,46015.0,7306.02227676043,0.7751937984496124,384,379,3,0,376,372,5229,8,0,0,8,7
2020-11-08,US,South Dakota,Buffalo,311,5,0,44.07657829,-99.20814467,46017.0,15851.172273190617,1.6077170418006432,306,302,5,0,297,298,2036,9,0,0,9,4
2020-11-08,US,South Dakota,Butte,498,5,0,44.90608745,-103.5079318,46019.0,4775.146226867389,1.0040160642570282,493,486,4,0,482,478,10222,12,1,0,11,8
2020-11-08,US,South Dakota,Campbell,86,1,0,45.77074915,-100.0510181,46021.0,6250.0,1.162790697674419,85,85,1,0,84,85,1377,1,0,0,1,0
2020-11-08,US,South Dakota,Charles Mix,530,1,0,43.20660134,-98.58856175,46023.0,5703.831252690487,0.18867924528301888,529,519,1,0,518,511,9338,11,0,0,11,8
2020-11-08,US,South Dakota,Clark,163,1,0,44.85834507,-97.72925109,46025.0,4362.955032119914,0.6134969325153374,162,158,1,0,157,158,3739,5,0,0,5,0
2020-11-08,US,South Dakota,Clay,960,8,0,42.91296147,-96.97656917,46027.0,6823.027718550106,0.8333333333333334,952,947,8,0,939,936,14041,13,0,0,13,11
2020-11-08,US,South Dakota,Codington,1985,17,0,44.97788119,-97.18827677,46029.0,7087.007747509729,0.8564231738035264,1968,1928,16,0,1912,1883,28015,57,1,0,56,45
2020-11-08,US,South Dakota,Corson,271,2,0,45.70889983,-101.1970473,46031.0,6632.4033284385705,0.7380073800738007,269,266,2,0,264,262,4165,5,0,0,5,4
2020-11-08,US,South Dakota,Custer,388,4,0,43.67741105,-103.45345209999999,46033.0,4324.5653143111895,1.0309278350515465,384,374,4,0,370,367,8726,14,0,0,14,7
2020-11-08,US,South Dakota,Davison,1467,12,0,43.67490933,-98.14458906,46035.0,7418.457648546144,0.8179959100204499,1455,1390,12,0,1378,1334,19790,77,0,0,77,56
2020-11-08,US,South Dakota,Day,203,3,0,45.367281,-97.60737498,46037.0,3742.625368731563,1.477832512315271,200,196,3,0,193,195,5505,7,0,0,7,1
2020-11-08,US,South Dakota,Deuel,222,2,0,44.75994309,-96.66943645,46039.0,5102.275339002528,0.9009009009009008,220,221,1,0,220,217,4337,1,1,0,0,4
2020-11-08,US,South Dakota,Dewey,553,2,0,45.15639647,-100.8709139,46041.0,9385.60760353021,0.3616636528028933,551,520,2,0,518,490,5904,33,0,0,33,30
2020-11-08,US,South Dakota,Douglas,222,5,0,43.38520741,-98.36978007,46043.0,7600.136939404314,2.2522522522522523,217,215,5,0,210,211,2935,7,0,0,7,4
2020-11-08,US,South Dakota,Edmunds,181,1,0,45.41846445,-99.21545423,46045.0,4727.08278924001,0.5524861878453039,180,177,1,0,176,173,3875,4,0,0,4,4
2020-11-08,US,South Dakota,Fall River,259,6,0,43.23929297,-103.5275691,46047.0,3858.1856100104274,2.3166023166023164,253,250,6,0,244,248,6758,9,0,0,9,2
2020-11-08,US,South Dakota,Faulk,242,3,0,45.07082625,-99.14535601,46049.0,10526.315789473683,1.2396694214876034,239,242,3,0,239,241,2330,0,0,0,0,1
2020-11-08,US,South Dakota,Grant,391,4,0,45.1723937,-96.77002276,46051.0,5544.526375496313,1.0230179028132993,387,375,4,0,371,362,7147,16,0,0,16,13
2020-11-08,US,South Dakota,Gregory,309,10,0,43.19419064,-99.18883902,46053.0,7383.5125448028675,3.236245954692557,299,302,10,0,292,289,4212,7,0,0,7,13
2020-11-08,US,South Dakota,Haakon,108,2,0,44.29299053,-101.539099,46055.0,5687.2037914691955,1.851851851851852,106,108,2,0,106,108,1918,0,0,0,0,0
2020-11-08,US,South Dakota,Hamlin,272,0,0,44.67385954,-97.18829593,46057.0,4412.719013627515,0.0,272,264,0,0,264,260,6111,8,0,0,8,4
2020-11-08,US,South Dakota,Hand,200,1,0,44.54708407,-99.00386459,46059.0,6267.627702914447,0.5,199,192,1,0,191,186,3262,8,0,0,8,6
2020-11-08,US,South Dakota,Hanson,149,1,0,43.6746384,-97.78715148,46061.0,4315.088328989285,0.6711409395973155,148,141,1,0,140,136,3376,8,0,0,8,5
2020-11-08,US,South Dakota,Harding,62,0,0,45.58015551,-103.4958629,46063.0,4776.579352850539,0.0,62,63,0,0,63,63,1249,-1,0,0,-1,0
2020-11-08,US,South Dakota,Hughes,1070,8,0,44.39091534,-99.99661148,46065.0,6105.215108980942,0.7476635514018691,1062,1047,8,0,1039,1016,17650,23,0,0,23,31
2020-11-08,US,South Dakota,Hutchinson,322,2,0,43.33449012,-97.75536441,46067.0,4416.403785488958,0.6211180124223602,320,305,2,0,303,297,7380,17,0,0,17,8
2020-11-08,US,South Dakota,Hyde,73,0,0,44.54747703,-99.48572582,46069.0,5611.0684089162205,0.0,73,66,0,0,66,65,1282,7,0,0,7,1
2020-11-08,US,South Dakota,Jackson,159,4,0,43.69318385,-101.6255063,46071.0,4754.784688995215,2.5157232704402515,155,153,4,0,149,149,3307,6,0,0,6,4
2020-11-08,US,South Dakota,Jerauld,190,13,0,44.06637798,-98.62965972,46073.0,9438.648782911076,6.842105263157895,177,185,13,0,172,177,2043,5,0,0,5,8
2020-11-08,US,South Dakota,Jones,42,0,0,43.96278565,-100.6940008,46075.0,4651.1627906976755,0.0,42,42,0,0,42,40,928,0,0,0,0,2
2020-11-08,US,South Dakota,Kingsbury,277,4,0,44.36956169,-97.4913945,46077.0,5608.4227576432495,1.444043321299639,273,268,4,0,264,253,4919,9,0,0,9,15
2020-11-08,US,South Dakota,Lake,537,9,0,44.02193107,-97.12926365,46079.0,4196.2960068766115,1.675977653631285,528,526,9,0,517,507,13057,11,0,0,11,19
2020-11-08,US,South Dakota,Lawrence,1349,8,0,44.35919441,-103.79294279999999,46081.0,5219.780219780219,0.5930318754633062,1341,1295,8,0,1287,1253,25741,54,0,0,54,42
2020-11-08,US,South Dakota,Lincoln,3704,32,0,43.27841182,-96.72039050000001,46083.0,6059.416306766129,0.8639308855291576,3672,3598,30,0,3568,3541,58807,106,2,0,104,57
2020-11-08,US,South Dakota,Lyman,332,7,0,43.89522709,-99.85201878,46085.0,8780.745834435334,2.108433734939759,325,326,7,0,319,321,3821,6,0,0,6,5
2020-11-08,US,South Dakota,Marshall,82,3,0,45.75870838,-97.59855639,46091.0,1661.6008105369808,3.6585365853658534,79,75,3,0,72,74,5112,7,0,0,7,1
2020-11-08,US,South Dakota,McCook,379,3,0,43.6742571,-97.36863144,46087.0,6784.819190834229,0.7915567282321899,376,361,3,0,358,351,5546,18,0,0,18,10
2020-11-08,US,South Dakota,McPherson,73,1,0,45.76626028,-99.22118798,46089.0,3068.5161832702806,1.3698630136986298,72,72,1,0,71,72,2407,1,0,0,1,0
2020-11-08,US,South Dakota,Meade,1212,10,0,44.56676791,-102.71627409999999,46093.0,4277.848369335027,0.8250825082508251,1202,1176,10,0,1166,1149,28294,36,0,0,36,27
2020-11-08,US,South Dakota,Mellette,108,1,0,43.58078848,-100.7563186,46095.0,5240.174672489084,0.925925925925926,107,107,1,0,106,108,2042,1,0,0,1,-1
2020-11-08,US,South Dakota,Miner,162,2,0,44.02197882,-97.60992207,46097.0,7310.4693140794225,1.2345679012345678,160,161,2,0,159,152,2213,1,0,0,1,9
2020-11-08,US,South Dakota,Minnehaha,14434,125,0,43.67441641,-96.7910885,46099.0,7473.567574844408,0.8660108078148815,14309,14116,123,0,13993,13821,192876,318,2,0,316,295
2020-11-08,US,South Dakota,Moody,302,4,0,44.02266214,-96.67081159,46101.0,4592.457420924574,1.3245033112582782,298,293,4,0,289,275,6579,9,0,0,9,18
2020-11-08,US,South Dakota,Oglala Lakota,1252,11,0,43.33749164,-102.55554980000001,46102.0,8831.205473654509,0.8785942492012779,1241,1229,11,0,1218,1208,14309,23,0,0,23,21
2020-11-08,US,South Dakota,Pennington,5767,51,0,44.0025835,-102.8240777,46103.0,5068.776093166337,0.8843419455522802,5716,5639,51,0,5588,5475,111729,128,0,0,128,164
2020-11-08,US,South Dakota,Perkins,97,0,0,45.49049506,-102.47555859999999,46105.0,3385.6893542757416,0.0,97,94,0,0,94,88,2922,3,0,0,3,6
2020-11-08,US,South Dakota,Potter,178,0,0,45.06583079,-99.95498503,46107.0,8267.533673943335,0.0,178,173,0,0,173,160,2207,5,0,0,5,13
2020-11-08,US,South Dakota,Roberts,472,9,0,45.62975048,-96.94672673,46109.0,4541.081393111411,1.9067796610169487,463,453,8,0,445,434,10447,19,1,0,18,19
2020-11-08,US,South Dakota,Sanborn,159,1,0,44.02351092,-98.09098159999999,46111.0,6783.276450511946,0.6289308176100629,158,156,1,0,155,141,2429,3,0,0,3,15
2020-11-08,US,South Dakota,Spink,398,4,0,44.93837606,-98.34626602,46115.0,6242.158092848181,1.0050251256281406,394,390,3,0,387,372,6495,8,1,0,7,18
2020-11-08,US,South Dakota,Stanley,131,0,0,44.41381872,-100.7349153,46117.0,4228.534538411878,0.0,131,124,0,0,124,117,3022,7,0,0,7,7
2020-11-08,US,South Dakota,Sully,59,0,0,44.71571812,-100.1278092,46119.0,4241.552839683681,0.0,59,59,0,0,59,56,1392,0,0,0,0,3
2020-11-08,US,South Dakota,Todd,590,10,0,43.19338568,-100.71955030000001,46121.0,5797.386263142379,1.6949152542372878,580,577,10,0,567,573,10283,13,0,0,13,4
2020-11-08,US,South Dakota,Tripp,334,2,0,43.34459388,-99.8854891,46123.0,6138.57746737732,0.5988023952095808,332,326,2,0,324,312,5478,8,0,0,8,14
2020-11-08,US,South Dakota,Turner,621,30,0,43.3109081,-97.14865776,46125.0,7406.965648854962,4.8309178743961345,591,603,29,0,574,586,8424,18,1,0,17,17
2020-11-08,US,South Dakota,Union,902,16,0,42.83112163,-96.6557828,46127.0,5661.561636957067,1.7738359201773837,886,887,16,0,871,863,15619,15,0,0,15,24
2020-11-08,US,South Dakota,Walworth,319,10,0,45.43019636,-100.03075140000001,46129.0,5869.365225390984,3.134796238244514,309,312,10,0,302,303,5587,7,0,0,7,9
2020-11-08,US,South Dakota,Yankton,1106,8,0,43.00924485,-97.39467635,46135.0,4847.900412027702,0.7233273056057866,1098,1072,7,0,1065,1050,22869,34,1,0,33,22
2020-11-08,US,South Dakota,Ziebach,130,2,0,44.97881876,-101.6654622,46137.0,4716.981132075472,1.5384615384615383,128,131,2,0,129,125,2742,-1,0,0,-1,6
2020-11-08,US,Tennessee,Anderson,2123,18,0,36.12684348,-84.19965764,47001.0,2757.9308373821086,0.8478568064060292,2105,2061,18,0,2043,1998,76482,62,0,0,62,63
2020-11-08,US,Tennessee,Bedford,1992,23,0,35.51123746,-86.45549096,47003.0,4007.000181039165,1.1546184738955825,1969,1972,23,0,1949,1926,49038,20,0,0,20,46
2020-11-08,US,Tennessee,Benton,520,11,0,36.07110411,-88.06849355,47005.0,3217.8217821782177,2.1153846153846154,509,512,11,0,501,486,16184,8,0,0,8,26
2020-11-08,US,Tennessee,Bledsoe,1070,4,0,35.59942968,-85.20611967,47007.0,7103.027084439724,0.37383177570093457,1066,1066,4,0,1062,1062,14755,4,0,0,4,4
2020-11-08,US,Tennessee,Blount,3916,46,0,35.68938198,-83.92847788,47009.0,2942.41404183698,1.1746680286006128,3870,3865,46,0,3819,3799,131349,51,0,0,51,66
2020-11-08,US,Tennessee,Bradley,3948,24,0,35.15739424,-84.857186,47011.0,3651.836092868375,0.6079027355623101,3924,3936,24,0,3912,3894,106727,12,0,0,12,42
2020-11-08,US,Tennessee,Campbell,1238,15,0,36.40355516,-84.15108559999999,47013.0,3107.2737312383915,1.2116316639741518,1223,1218,15,0,1203,1192,39583,20,0,0,20,26
2020-11-08,US,Tennessee,Cannon,494,2,0,35.80990797,-86.05738983,47015.0,3365.581141844937,0.4048582995951417,492,483,2,0,481,475,14462,11,0,0,11,8
2020-11-08,US,Tennessee,Carroll,1300,30,0,35.97366108,-88.45189331,47017.0,4681.8165448193895,2.3076923076923075,1270,1282,30,0,1252,1247,28020,18,0,0,18,35
2020-11-08,US,Tennessee,Carter,1946,38,0,36.28969086,-82.12588974,47019.0,3450.905286304552,1.9527235354573484,1908,1923,38,0,1885,1892,56351,23,0,0,23,31
2020-11-08,US,Tennessee,Cheatham,1225,12,0,36.26136216,-87.08903581,47021.0,3012.2703912263014,0.979591836734694,1213,1210,12,0,1198,1168,40439,15,0,0,15,42
2020-11-08,US,Tennessee,Chester,801,18,0,35.42527478,-88.6095842,47023.0,4630.860842920738,2.247191011235955,783,790,18,0,772,777,17276,11,0,0,11,13
2020-11-08,US,Tennessee,Claiborne,578,8,0,36.48319149,-83.65947309,47025.0,1808.5672267592847,1.3840830449826989,570,571,8,0,563,565,31756,7,0,0,7,6
2020-11-08,US,Tennessee,Clay,446,17,0,36.55151008,-85.53930419,47027.0,5856.861457649377,3.8116591928251116,429,443,17,0,426,437,7717,3,0,0,3,6
2020-11-08,US,Tennessee,Cocke,1292,22,0,35.9278914,-83.11828725,47029.0,3588.490167759139,1.7027863777089782,1270,1273,21,0,1252,1251,35774,19,1,0,18,22
2020-11-08,US,Tennessee,Coffee,2182,31,0,35.49090731,-86.07311784,47031.0,3860.5803255484784,1.4207149404216315,2151,2165,31,0,2134,2143,55700,17,0,0,17,22
2020-11-08,US,Tennessee,Crockett,1018,24,0,35.81830662,-89.14916269,47033.0,7153.900210822207,2.357563850687623,994,1005,24,0,981,987,14328,13,0,0,13,18
2020-11-08,US,Tennessee,Cumberland,1897,29,0,35.95271721,-84.99840585,47035.0,3134.500991407799,1.528729573010016,1868,1872,29,0,1843,1819,59673,25,0,0,25,53
2020-11-08,US,Tennessee,Davidson,35139,365,0,36.17007426,-86.78646056,47037.0,5062.206112852665,1.0387318933378866,34774,34875,365,0,34510,34332,692587,264,0,0,264,543
2020-11-08,US,Tennessee,DeKalb,861,18,0,35.97616272,-85.83689361,47041.0,4202.049780380674,2.0905923344947737,843,860,18,0,842,843,20138,1,0,0,1,17
2020-11-08,US,Tennessee,Decatur,732,11,0,35.60048904,-88.11043779,47039.0,6276.258252593672,1.5027322404371584,721,719,11,0,708,706,11706,13,0,0,13,13
2020-11-08,US,Tennessee,Dickson,2030,21,0,36.14669837,-87.35891709,47043.0,3762.882776006525,1.0344827586206895,2009,2004,21,0,1983,1931,53446,26,0,0,26,73
2020-11-08,US,Tennessee,Dyer,2607,39,0,36.05931946,-89.41542855,47045.0,7015.796980543072,1.4959723820483315,2568,2551,39,0,2512,2505,37320,56,0,0,56,46
2020-11-08,US,Tennessee,Fayette,1876,30,0,35.19615831,-89.41399032,47047.0,4560.814917462863,1.5991471215351811,1846,1859,30,0,1829,1835,40507,17,0,0,17,24
2020-11-08,US,Tennessee,Fentress,1011,14,0,36.38128818,-84.92870012,47049.0,5458.079144846947,1.3847675568743818,997,1009,14,0,995,995,18217,2,0,0,2,14
2020-11-08,US,Tennessee,Franklin,1481,27,0,35.15634626,-86.09201039,47051.0,3508.813495072024,1.8230925050641456,1454,1468,27,0,1441,1433,41890,13,0,0,13,35
2020-11-08,US,Tennessee,Gibson,2418,52,0,35.99438059,-88.93358327,47053.0,4921.335965644272,2.150537634408602,2366,2381,52,0,2329,2331,49045,37,0,0,37,50
2020-11-08,US,Tennessee,Giles,1119,38,0,35.20222469,-87.03992678,47055.0,3797.8550095031214,3.3958891867739047,1081,1112,38,0,1074,1082,29503,7,0,0,7,30
2020-11-08,US,Tennessee,Grainger,754,5,0,36.27469206,-83.51254721,47057.0,3233.2761578044597,0.6631299734748011,749,740,5,0,735,727,23145,14,0,0,14,13
2020-11-08,US,Tennessee,Greene,2191,60,0,36.17470125,-82.84691273,47059.0,3172.1901287118685,2.7384755819260613,2131,2175,60,0,2115,2156,69087,16,0,0,16,19
2020-11-08,US,Tennessee,Grundy,641,14,0,35.38433717,-85.72142731,47061.0,4773.962910553362,2.18408736349454,627,639,14,0,625,633,13346,2,0,0,2,6
2020-11-08,US,Tennessee,Hamblen,2742,51,0,36.21990035,-83.26586179,47063.0,4222.749253087751,1.8599562363238507,2691,2707,51,0,2656,2681,64569,35,0,0,35,26
2020-11-08,US,Tennessee,Hamilton,13191,117,0,35.17670231,-85.16652245,47065.0,3586.4210285913146,0.8869683875369571,13074,13036,117,0,12919,12818,364286,155,0,0,155,218
2020-11-08,US,Tennessee,Hancock,128,3,0,36.52692871,-83.22375847,47067.0,1933.5347432024166,2.34375,125,128,3,0,125,128,6549,0,0,0,0,0
2020-11-08,US,Tennessee,Hardeman,2038,35,0,35.20772017,-88.99161161,47069.0,8135.728542914172,1.7173699705593717,2003,2029,35,0,1994,2016,25220,9,0,0,9,13
2020-11-08,US,Tennessee,Hardin,1505,23,0,35.19732531,-88.18593755,47071.0,5866.9889287384985,1.528239202657807,1482,1502,23,0,1479,1486,25776,3,0,0,3,16
2020-11-08,US,Tennessee,Hawkins,1420,30,0,36.44355426,-82.94885298,47073.0,2500.6163491001307,2.112676056338028,1390,1397,30,0,1367,1379,56530,23,0,0,23,18
2020-11-08,US,Tennessee,Haywood,1405,28,0,35.58332824,-89.28536625,47075.0,8119.509939898288,1.99288256227758,1377,1392,28,0,1364,1378,17335,13,0,0,13,14
2020-11-08,US,Tennessee,Henderson,1525,29,0,35.65581134,-88.38600175,47077.0,5423.764982039334,1.901639344262295,1496,1512,29,0,1483,1488,27847,13,0,0,13,24
2020-11-08,US,Tennessee,Henry,1008,13,0,36.33160906,-88.30121797,47079.0,3116.4012985005406,1.2896825396825398,995,988,13,0,975,955,32358,20,0,0,20,33
2020-11-08,US,Tennessee,Hickman,894,16,0,35.80609681,-87.47643507,47081.0,3550.718881563269,1.7897091722595078,878,886,16,0,870,875,25063,8,0,0,8,11
2020-11-08,US,Tennessee,Houston,487,18,0,36.28872054,-87.71878828,47083.0,5938.300207291793,3.6960985626283374,469,480,18,0,462,467,8263,7,0,0,7,13
2020-11-08,US,Tennessee,Humphreys,526,6,0,36.03958805,-87.77992872,47085.0,2830.696372833925,1.1406844106463878,520,516,6,0,510,496,18486,10,0,0,10,20
2020-11-08,US,Tennessee,Jackson,529,7,0,36.36380466,-85.67239905,47087.0,4488.3760393687435,1.3232514177693762,522,517,7,0,510,511,11758,12,0,0,12,6
2020-11-08,US,Tennessee,Jefferson,1726,25,0,36.04818632,-83.45148924,47089.0,3167.2630516561157,1.4484356894553885,1701,1715,25,0,1690,1689,54012,11,0,0,11,26
2020-11-08,US,Tennessee,Johnson,1275,14,0,36.45523950000001,-81.84886538,47091.0,7167.753541713514,1.0980392156862746,1261,1259,14,0,1245,1255,17778,16,0,0,16,4
2020-11-08,US,Tennessee,Knox,14554,102,0,35.99508821,-83.94635435,47093.0,3094.5349161090594,0.7008382575237049,14452,14389,101,0,14288,14213,465289,165,1,0,164,176
2020-11-08,US,Tennessee,Lake,1042,4,0,36.34180170000001,-89.48921915,47095.0,14851.76738882554,0.3838771593090211,1038,1026,4,0,1022,1016,7411,16,0,0,16,10
2020-11-08,US,Tennessee,Lauderdale,1598,20,0,35.75893438,-89.63015909999999,47097.0,6234.151289353567,1.2515644555694618,1578,1583,20,0,1563,1556,25825,15,0,0,15,27
2020-11-08,US,Tennessee,Lawrence,1942,24,0,35.21675201,-87.39787695,47099.0,4399.438176793077,1.2358393408856851,1918,1937,24,0,1913,1876,43734,5,0,0,5,61
2020-11-08,US,Tennessee,Lewis,572,7,0,35.52853208,-87.49022694,47101.0,4662.536680795566,1.2237762237762235,565,574,7,0,567,551,12086,-2,0,0,-2,23
2020-11-08,US,Tennessee,Lincoln,1096,8,0,35.13738622,-86.58910106,47103.0,3189.198626549497,0.7299270072992701,1088,1079,8,0,1071,1057,34117,17,0,0,17,22
2020-11-08,US,Tennessee,Loudon,1827,13,0,35.73939663,-84.31145275,47105.0,3379.078197824961,0.7115489874110563,1814,1801,13,0,1788,1781,53054,26,0,0,26,20
2020-11-08,US,Tennessee,Macon,1485,26,0,36.53157855,-86.00778595,47111.0,6036.094626453134,1.7508417508417509,1459,1472,26,0,1446,1451,24265,13,0,0,13,21
2020-11-08,US,Tennessee,Madison,4259,86,0,35.61181957,-88.84076036,47113.0,4346.628020901371,2.0192533458558346,4173,4197,86,0,4111,4133,97605,62,0,0,62,64
2020-11-08,US,Tennessee,Marion,905,14,0,35.12997174,-85.62265895,47115.0,3130.729581070329,1.5469613259668509,891,901,14,0,887,881,28575,4,0,0,4,20
2020-11-08,US,Tennessee,Marshall,1312,12,0,35.45798777,-86.76420988,47117.0,3816.727272727273,0.9146341463414634,1300,1306,12,0,1294,1274,33683,6,0,0,6,32
2020-11-08,US,Tennessee,Maury,4195,42,0,35.618741299999996,-87.07462444,47119.0,4352.2466722690815,1.00119189511323,4153,4139,42,0,4097,3954,94340,56,0,0,56,185
2020-11-08,US,Tennessee,McMinn,1880,44,0,35.42812616,-84.61520715,47107.0,3494.813547979329,2.3404255319148937,1836,1863,44,0,1819,1844,53285,17,0,0,17,19
2020-11-08,US,Tennessee,McNairy,1233,30,0,35.17468549,-88.5647812,47109.0,4798.785708725773,2.4330900243309004,1203,1221,30,0,1191,1206,25832,12,0,0,12,15
2020-11-08,US,Tennessee,Meigs,379,8,0,35.51558739,-84.81482914,47121.0,3051.0384801159234,2.1108179419525066,371,372,8,0,364,363,12306,7,0,0,7,9
2020-11-08,US,Tennessee,Monroe,1657,33,0,35.44550387,-84.24902965,47123.0,3559.995703083038,1.9915509957754982,1624,1636,32,0,1604,1606,46357,21,1,0,20,30
2020-11-08,US,Tennessee,Montgomery,4856,63,0,36.49609412,-87.38550661,47125.0,2323.522797414268,1.2973640856672155,4793,4781,63,0,4718,4664,205950,75,0,0,75,117
2020-11-08,US,Tennessee,Moore,303,2,0,35.27724699,-86.36230578,47127.0,4670.160295930949,0.6600660066006601,301,299,2,0,297,299,6411,4,0,0,4,0
2020-11-08,US,Tennessee,Morgan,493,6,0,36.13248031,-84.64880098,47129.0,2303.415409054805,1.2170385395537526,487,484,6,0,478,480,21579,9,0,0,9,4
2020-11-08,US,Tennessee,Obion,2051,31,0,36.35732446,-89.14921589,47131.0,6820.978416309155,1.5114578254509996,2020,2010,31,0,1979,1953,30267,41,0,0,41,57
2020-11-08,US,Tennessee,Out of TN,4778,41,0,0.0,0.0,80047.0,0.0,0.8580996232733361,4737,4636,41,0,4595,4486,,142,0,0,142,150
2020-11-08,US,Tennessee,Overton,1329,28,0,36.34117832,-85.28989535,47133.0,5975.450744121217,2.106847253574116,1301,1325,28,0,1297,1316,22068,4,0,0,4,9
2020-11-08,US,Tennessee,Perry,383,15,0,35.63708728,-87.86139634,47135.0,4742.446755819713,3.91644908616188,368,378,15,0,363,373,8064,5,0,0,5,5
2020-11-08,US,Tennessee,Pickett,309,10,0,36.55606529,-85.07763299999998,47137.0,6121.236133122027,3.236245954692557,299,305,10,0,295,300,5082,4,0,0,4,5
2020-11-08,US,Tennessee,Polk,562,13,0,35.12245443,-84.52075859,47139.0,3338.878326996197,2.3131672597864767,549,561,13,0,548,557,16898,1,0,0,1,4
2020-11-08,US,Tennessee,Putnam,4883,64,0,36.14005459,-85.50646123,47141.0,6085.114337341891,1.310669670284661,4819,4857,64,0,4793,4779,78843,26,0,0,26,78
2020-11-08,US,Tennessee,Rhea,1252,24,0,35.60536161,-84.93076643,47143.0,3774.836433804685,1.9169329073482428,1228,1249,24,0,1225,1237,33044,3,0,0,3,12
2020-11-08,US,Tennessee,Roane,1702,10,0,35.84923189,-84.52458689,47145.0,3188.3406391667604,0.5875440658049353,1692,1663,10,0,1653,1612,53140,39,0,0,39,51
2020-11-08,US,Tennessee,Robertson,2868,43,0,36.52454807,-86.87346725,47147.0,3993.7058749808534,1.4993026499302649,2825,2844,43,0,2801,2790,71012,24,0,0,24,54
2020-11-08,US,Tennessee,Rutherford,13640,126,0,35.84591405,-86.4107263,47149.0,4104.909941766858,0.9237536656891496,13514,13419,126,0,13293,13181,324890,221,0,0,221,238
2020-11-08,US,Tennessee,Scott,543,5,0,36.42325673,-84.50360494,47151.0,2460.5764002175097,0.9208103130755064,538,515,5,0,510,489,22039,28,0,0,28,26
2020-11-08,US,Tennessee,Sequatchie,402,5,0,35.36979721,-85.41022136,47153.0,2675.362704645281,1.243781094527363,397,400,5,0,395,398,14876,2,0,0,2,2
2020-11-08,US,Tennessee,Sevier,3814,26,0,35.78077323,-83.52244332,47155.0,3881.9338422391857,0.6816990036706869,3788,3757,26,0,3731,3690,97892,57,0,0,57,67
2020-11-08,US,Tennessee,Shelby,39852,588,0,35.1864775,-89.89692423,47157.0,4252.394986587222,1.4754591990364347,39264,39328,586,0,38742,38932,935764,524,2,0,522,396
2020-11-08,US,Tennessee,Smith,1114,16,0,36.25359775,-85.95411046,47159.0,5526.616063898397,1.4362657091561941,1098,1094,16,0,1078,1075,19942,20,0,0,20,19
2020-11-08,US,Tennessee,Stewart,420,13,0,36.50235092,-87.83920548,47161.0,3062.340503098797,3.095238095238096,407,411,13,0,398,396,13561,9,0,0,9,15
2020-11-08,US,Tennessee,Sullivan,4607,64,0,36.51240691,-82.30412917,47163.0,2909.414706848208,1.3891903624918602,4543,4519,64,0,4455,4409,157668,88,0,0,88,110
2020-11-08,US,Tennessee,Sumner,7025,120,0,36.46824103,-86.45917204,47165.0,3672.568916213151,1.7081850533807832,6905,6922,120,0,6802,6796,187149,103,0,0,103,126
2020-11-08,US,Tennessee,Tipton,2723,25,0,35.501942,-89.73694895,47167.0,4420.526307245247,0.9181050312155712,2698,2679,25,0,2654,2617,61581,44,0,0,44,62
2020-11-08,US,Tennessee,Trousdale,1832,10,0,36.39026213,-86.16087954,47169.0,16235.377525700107,0.5458515283842795,1822,1828,10,0,1818,1815,11012,4,0,0,4,13
2020-11-08,US,Tennessee,Unassigned,2911,7,0,0.0,0.0,90047.0,0.0,0.2404671934043284,2904,2709,7,0,2702,2336,,202,0,0,202,373
2020-11-08,US,Tennessee,Unicoi,571,10,0,36.10890856,-82.43709629,47171.0,3192.9765699267464,1.7513134851138354,561,561,10,0,551,544,17761,10,0,0,10,17
2020-11-08,US,Tennessee,Union,591,5,0,36.28590426,-83.83651902,47173.0,2959.1427999198877,0.8460236886632826,586,582,5,0,577,577,19688,9,0,0,9,5
2020-11-08,US,Tennessee,Van Buren,233,2,0,35.69864497,-85.45221699,47175.0,3967.9836512261572,0.8583690987124464,231,233,2,0,231,228,5765,0,0,0,0,5
2020-11-08,US,Tennessee,Warren,1699,11,0,35.672829899999996,-85.77969117,47177.0,4116.093708360589,0.6474396703943496,1688,1692,11,0,1681,1638,40878,7,0,0,7,54
2020-11-08,US,Tennessee,Washington,4395,78,0,36.29472368,-82.49454720000001,47179.0,3397.1014492753625,1.7747440273037542,4317,4338,78,0,4260,4282,128607,57,0,0,57,56
2020-11-08,US,Tennessee,Wayne,1648,7,0,35.23868267,-87.78644456,47181.0,9884.243987284832,0.4247572815533981,1641,1644,7,0,1637,1640,16558,4,0,0,4,4
2020-11-08,US,Tennessee,Weakley,1730,29,0,36.29896232,-88.71990865,47183.0,5190.830532885262,1.676300578034682,1701,1709,29,0,1680,1685,33415,21,0,0,21,24
2020-11-08,US,Tennessee,White,1381,16,0,35.92929884,-85.45591799,47185.0,5050.283415615287,1.158580738595221,1365,1368,16,0,1352,1343,27107,13,0,0,13,25
2020-11-08,US,Tennessee,Williamson,8299,61,0,35.89099229,-86.89281867,47187.0,3480.9489455228772,0.7350283166646584,8238,8142,61,0,8081,7979,231729,157,0,0,157,163
2020-11-08,US,Tennessee,Wilson,5471,67,0,36.15496772,-86.29775884,47189.0,3782.049952646605,1.2246390056662402,5404,5374,67,0,5307,5237,140625,97,0,0,97,137
2020-11-08,US,Texas,Anderson,3021,41,0,31.81534745,-95.65354823,48001.0,5232.527929332294,1.3571665011585567,2980,3018,41,0,2977,3008,58057,3,0,0,3,10
2020-11-08,US,Texas,Andrews,741,11,0,32.30468633,-102.63765479999999,48003.0,3961.507618283881,1.484480431848853,730,741,11,0,730,741,18128,0,0,0,0,0
2020-11-08,US,Texas,Angelina,2343,93,0,31.25457347,-94.60901487,48005.0,2701.954679121259,3.969270166453265,2250,2343,93,0,2250,2343,87092,0,0,0,0,0
2020-11-08,US,Texas,Aransas,363,18,0,28.10556197,-96.9995047,48007.0,1544.0238196512125,4.958677685950414,345,360,18,0,342,360,23792,3,0,0,3,0
2020-11-08,US,Texas,Archer,171,1,0,33.61569967,-98.68754589,48009.0,1999.298491757278,0.5847953216374269,170,171,1,0,170,171,8786,0,0,0,0,0
2020-11-08,US,Texas,Armstrong,31,1,0,34.96507426,-101.35748740000001,48011.0,1642.819289878113,3.2258064516129035,30,31,1,0,30,29,1892,0,0,0,0,2
2020-11-08,US,Texas,Atascosa,1300,37,0,28.89333001,-98.52730485,48013.0,2541.395421578402,2.8461538461538463,1263,1300,37,0,1263,1298,50310,0,0,0,0,2
2020-11-08,US,Texas,Austin,525,10,0,29.88548725,-96.27736949,48015.0,1748.1353223228555,1.9047619047619049,515,524,10,0,514,523,29989,1,0,0,1,1
2020-11-08,US,Texas,Bailey,359,5,0,34.06854817,-102.8299707,48017.0,5128.571428571428,1.3927576601671308,354,359,5,0,354,334,7027,0,0,0,0,25
2020-11-08,US,Texas,Bandera,197,10,0,29.74619598,-99.24598147,48019.0,852.3710626514363,5.076142131979696,187,197,10,0,187,197,22824,0,0,0,0,0
2020-11-08,US,Texas,Bastrop,2077,33,0,30.10370699,-97.31206354,48021.0,2340.993879828229,1.5888300433317284,2044,2067,33,0,2034,2063,86976,10,0,0,10,4
2020-11-08,US,Texas,Baylor,46,4,0,33.61640794,-99.21352901,48023.0,1310.9147905386149,8.695652173913043,42,46,4,0,42,46,3582,0,0,0,0,0
2020-11-08,US,Texas,Bee,1892,39,0,28.41761668,-97.74215593,48025.0,5809.918624289881,2.061310782241015,1853,1884,39,0,1845,1880,32587,8,0,0,8,4
2020-11-08,US,Texas,Bell,6860,104,0,31.03736027,-97.4785025,48027.0,1890.2029074957845,1.5160349854227406,6756,6866,104,0,6762,6853,355642,-6,0,0,-6,13
2020-11-08,US,Texas,Bexar,67627,1429,0,29.44928723,-98.52019748,48029.0,3375.3519994968933,2.113061351235453,66198,67365,1427,0,65938,67127,1986049,262,2,0,260,238
2020-11-08,US,Texas,Blanco,167,6,0,30.26640707,-98.3999852,48031.0,1399.7150280781161,3.5928143712574854,161,167,6,0,161,167,11702,0,0,0,0,0
2020-11-08,US,Texas,Borden,3,0,0,32.74363984,-101.43165090000001,48033.0,458.7155963302752,0.0,3,3,0,0,3,3,648,0,0,0,0,0
2020-11-08,US,Texas,Bosque,434,13,0,31.89978581,-97.63613524,48035.0,2322.718758362323,2.995391705069125,421,434,13,0,421,433,18691,0,0,0,0,1
2020-11-08,US,Texas,Bowie,2217,85,0,33.44626922,-94.41834132,48037.0,2377.607378411711,3.8340099233198015,2132,2183,85,0,2098,2183,94324,34,0,0,34,0
2020-11-08,US,Texas,Brazoria,12904,188,0,29.18757369,-95.44563172,48039.0,3447.8336147745977,1.4569125852448852,12716,12850,188,0,12662,12806,370200,54,0,0,54,44
2020-11-08,US,Texas,Brazos,8106,80,0,30.663644800000004,-96.30205577,48041.0,3536.479488331712,0.9869232667160128,8026,8052,80,0,7972,7974,226758,54,0,0,54,78
2020-11-08,US,Texas,Brewster,279,5,0,29.81008251,-103.25203259999999,48043.0,3031.6201238726508,1.7921146953405018,274,279,5,0,274,277,9267,0,0,0,0,2
2020-11-08,US,Texas,Briscoe,25,1,0,34.53026962,-101.2084947,48045.0,1617.0763260025876,4.0,24,25,1,0,24,25,1516,0,0,0,0,0
2020-11-08,US,Texas,Brooks,371,25,0,27.03103197,-98.21808402,48047.0,5230.508952488369,6.738544474393531,346,371,25,0,346,370,7114,0,0,0,0,1
2020-11-08,US,Texas,Brown,740,28,0,31.77430356,-98.99907113,48049.0,1954.362983308684,3.783783783783784,712,740,28,0,712,736,37924,0,0,0,0,4
2020-11-08,US,Texas,Burleson,501,6,0,30.49273808,-96.62158484,48051.0,2716.4777964539394,1.1976047904191616,495,501,6,0,495,496,18389,0,0,0,0,5
2020-11-08,US,Texas,Burnet,1139,15,0,30.78801353,-98.181887,48053.0,2365.2787872495073,1.3169446883230904,1124,1139,15,0,1124,1137,47542,0,0,0,0,2
2020-11-08,US,Texas,Caldwell,1758,39,0,29.83668859,-97.61814775,48055.0,4026.2000732869183,2.2184300341296934,1719,1758,39,0,1719,1752,43247,0,0,0,0,6
2020-11-08,US,Texas,Calhoun,941,9,0,28.47048236,-96.61633945,48057.0,4419.9154532644425,0.9564293304994688,932,941,9,0,932,940,21561,0,0,0,0,1
2020-11-08,US,Texas,Callahan,153,6,0,32.29760619,-99.37326312,48059.0,1097.3248224915728,3.92156862745098,147,153,6,0,147,153,13994,0,0,0,0,0
2020-11-08,US,Texas,Cameron,24598,1091,0,26.14524221,-97.48140372,48061.0,5812.89006836609,4.435319944710952,23507,24598,1091,0,23507,24561,423908,0,0,0,0,37
2020-11-08,US,Texas,Camp,420,13,0,32.97195142,-94.97790104,48063.0,3207.5759890025965,3.095238095238096,407,412,13,0,399,412,13033,8,0,0,8,0
2020-11-08,US,Texas,Carson,71,1,0,35.40365929,-101.35426690000001,48065.0,1198.1100236247044,1.4084507042253518,70,71,1,0,70,62,6005,0,0,0,0,9
2020-11-08,US,Texas,Cass,628,31,0,33.07499881,-94.34646905,48067.0,2091.5206820755348,4.936305732484076,597,591,31,0,560,591,30119,37,0,0,37,0
2020-11-08,US,Texas,Castro,349,7,0,34.53016752,-102.2617243,48069.0,4634.794156706507,2.005730659025788,342,349,7,0,342,339,7665,0,0,0,0,10
2020-11-08,US,Texas,Chambers,1627,10,0,29.70972016,-94.67154501,48071.0,3711.476606519607,0.6146281499692686,1617,1627,10,0,1617,1627,42454,0,0,0,0,0
2020-11-08,US,Texas,Cherokee,1670,44,0,31.837258000000002,-95.16559897,48073.0,3172.130836150895,2.634730538922156,1626,1670,42,0,1628,1670,52592,0,2,0,-2,0
2020-11-08,US,Texas,Childress,734,0,0,34.529304100000004,-100.2077916,48075.0,10046.537092800438,0.0,734,734,0,0,734,135,7291,0,0,0,0,599
2020-11-08,US,Texas,Clay,138,3,0,33.78686685,-98.20771198,48077.0,1317.9256995511412,2.1739130434782608,135,138,3,0,135,138,10456,0,0,0,0,0
2020-11-08,US,Texas,Cochran,132,3,0,33.60425307,-102.82844990000001,48079.0,4626.7087276551,2.272727272727273,129,132,3,0,129,131,2836,0,0,0,0,1
2020-11-08,US,Texas,Coke,136,8,0,31.88911733,-100.5297533,48081.0,4015.3528196043694,5.882352941176472,128,136,8,0,128,134,3370,0,0,0,0,2
2020-11-08,US,Texas,Coleman,105,5,0,31.76736834,-99.45240766,48083.0,1284.403669724771,4.761904761904762,100,105,5,0,100,105,8397,0,0,0,0,0
2020-11-08,US,Texas,Collin,20165,200,0,33.18820114,-96.57264368,48085.0,1948.8175659350748,0.9918175055789736,19965,19810,199,0,19611,19701,1005146,355,1,0,354,109
2020-11-08,US,Texas,Collingsworth,22,0,0,34.96489496,-100.27001109999999,48087.0,753.4246575342465,0.0,22,22,0,0,22,22,2962,0,0,0,0,0
2020-11-08,US,Texas,Colorado,518,4,0,29.622097999999998,-96.5273805,48089.0,2410.0870050714184,0.7722007722007722,514,513,4,0,509,510,21217,5,0,0,5,3
2020-11-08,US,Texas,Comal,2928,107,0,29.80811278,-98.27647225,48091.0,1874.411845668304,3.6543715846994536,2821,2928,107,0,2821,2927,148373,0,0,0,0,1
2020-11-08,US,Texas,Comanche,391,5,0,31.94854689,-98.55876441,48093.0,2867.6200953428674,1.278772378516624,386,391,5,0,386,391,13534,0,0,0,0,0
2020-11-08,US,Texas,Concho,145,2,0,31.32635934,-99.86473038,48095.0,5319.1489361702115,1.3793103448275863,143,145,2,0,143,145,4276,0,0,0,0,0
2020-11-08,US,Texas,Cooke,596,9,0,33.63979567,-97.21240912,48097.0,1444.603340039266,1.5100671140939597,587,596,9,0,587,596,40574,0,0,0,0,0
2020-11-08,US,Texas,Coryell,2067,14,0,31.39078397,-97.79936155,48099.0,2721.491487933009,0.6773101112723754,2053,2062,14,0,2048,2051,74808,5,0,0,5,11
2020-11-08,US,Texas,Cottle,44,3,0,34.07783319,-100.27850620000001,48101.0,3147.353361945637,6.8181818181818175,41,44,3,0,41,44,1389,0,0,0,0,0
2020-11-08,US,Texas,Crane,83,6,0,31.43052248,-102.5143314,48103.0,1730.2480717114865,7.2289156626506035,77,83,6,0,77,83,4794,0,0,0,0,0
2020-11-08,US,Texas,Crockett,168,7,0,30.72367027,-101.4134238,48105.0,4849.8845265588925,4.166666666666667,161,168,7,0,161,167,3499,0,0,0,0,1
2020-11-08,US,Texas,Crosby,149,9,0,33.61431553,-101.30003640000001,48107.0,2597.1762245075824,6.040268456375839,140,149,9,0,140,133,5779,0,0,0,0,16
2020-11-08,US,Texas,Culberson,131,3,0,31.44506775,-104.5185739,48109.0,6034.085674804238,2.2900763358778624,128,131,3,0,128,130,2204,0,0,0,0,1
2020-11-08,US,Texas,Dallam,414,10,0,36.27787176,-102.60207249999999,48111.0,5681.350349938246,2.415458937198068,404,414,10,0,404,412,7200,0,0,0,0,2
2020-11-08,US,Texas,Dallas,101282,1319,0,32.76670599,-96.77796049999999,48113.0,3842.9666145073684,1.3023044568630162,99963,100628,1318,0,99310,99761,2637772,654,1,0,653,867
2020-11-08,US,Texas,Dawson,976,23,0,32.74255572,-101.94772420000001,48115.0,7668.133249528599,2.3565573770491803,953,976,23,0,953,972,12619,0,0,0,0,4
2020-11-08,US,Texas,DeWitt,1109,44,0,29.08101855,-97.35681170000001,48123.0,5500.992063492065,3.967538322813345,1065,1109,44,0,1065,1110,20187,0,0,0,0,-1
2020-11-08,US,Texas,Deaf Smith,1162,31,0,34.96522957,-102.6054267,48117.0,6265.501995039362,2.667814113597246,1131,1162,30,0,1132,1104,18760,0,1,0,-1,58
2020-11-08,US,Texas,Delta,41,0,0,33.38570922,-95.66921122,48119.0,769.0864753329581,0.0,41,40,0,0,40,40,5349,1,0,0,1,0
2020-11-08,US,Texas,Denton,15777,184,0,33.20521901,-97.11691153,48121.0,1778.2772227901721,1.166254674526209,15593,15737,182,0,15555,15566,859064,40,2,0,38,171
2020-11-08,US,Texas,Dickens,60,2,0,33.61616822,-100.7788855,48125.0,2713.70420624152,3.333333333333333,58,60,2,0,58,58,2249,0,0,0,0,2
2020-11-08,US,Texas,Dimmit,303,8,0,28.42270064,-99.75645095,48127.0,2992.8881864875543,2.64026402640264,295,303,8,0,295,301,10308,0,0,0,0,2
2020-11-08,US,Texas,Donley,93,1,0,34.96517499,-100.8140093,48129.0,2837.0957901159245,1.075268817204301,92,93,1,0,92,92,3319,0,0,0,0,1
2020-11-08,US,Texas,Duval,529,21,0,27.68184592,-98.50864568,48131.0,4741.417943891727,3.9697542533081287,508,524,21,0,503,520,11212,5,0,0,5,4
2020-11-08,US,Texas,Eastland,285,9,0,32.32743996,-98.83243566,48133.0,1552.2875816993467,3.1578947368421053,276,285,9,0,276,285,18322,0,0,0,0,0
2020-11-08,US,Texas,Ector,7379,123,0,31.86898877,-102.54294279999999,48135.0,4439.2171961762215,1.6668925328635316,7256,7379,123,0,7256,7379,162124,0,0,0,0,0
2020-11-08,US,Texas,Edwards,73,2,0,29.98202582,-100.304252,48137.0,3778.467908902691,2.7397260273972597,71,73,2,0,71,72,1928,0,0,0,0,1
2020-11-08,US,Texas,El Paso,63161,697,0,31.76980765,-106.23632749999999,48141.0,7525.9938182017495,1.1035290764870729,62464,61104,691,0,60413,59852,840758,2057,6,0,2051,1252
2020-11-08,US,Texas,Ellis,5229,91,0,32.34894117,-96.79371841,48139.0,2829.1474143248242,1.7402945113788488,5138,5229,88,0,5141,5229,179436,0,3,0,-3,0
2020-11-08,US,Texas,Erath,1124,18,0,32.23602653,-98.21773417,48143.0,2632.441800552719,1.6014234875444842,1106,1124,18,0,1106,1124,42446,0,0,0,0,0
2020-11-08,US,Texas,Falls,709,8,0,31.25350609,-96.93630086,48145.0,4098.976701162052,1.1283497884344147,701,709,7,0,702,709,17335,0,1,0,-1,0
2020-11-08,US,Texas,Fannin,834,20,0,33.59564294,-96.10751083,48147.0,2348.369657036661,2.3980815347721824,814,834,20,0,814,839,35286,0,0,0,0,-5
2020-11-08,US,Texas,Fayette,730,23,0,29.87788372,-96.92076062,48149.0,2880.138877929456,3.150684931506849,707,730,23,0,707,730,25349,0,0,0,0,0
2020-11-08,US,Texas,Fisher,128,4,0,32.74281316,-100.40193020000001,48151.0,3342.036553524805,3.125,124,128,4,0,124,128,3839,0,0,0,0,0
2020-11-08,US,Texas,Floyd,160,10,0,34.07227468,-101.3031546,48153.0,2801.120448179271,6.25,150,160,9,0,151,140,5837,0,1,0,-1,20
2020-11-08,US,Texas,Foard,22,1,0,33.97308618,-99.7767797,48155.0,1904.7619047619046,4.545454545454546,21,22,1,0,21,22,1200,0,0,0,0,0
2020-11-08,US,Texas,Fort Bend,18135,317,0,29.52704478,-95.77219463,48157.0,2234.232857945417,1.7480011028398126,17818,18135,317,0,17818,18090,787858,0,0,0,0,45
2020-11-08,US,Texas,Franklin,231,9,0,33.17653242,-95.21917243,48159.0,2153.846153846154,3.8961038961038965,222,230,8,0,222,230,10766,1,1,0,0,0
2020-11-08,US,Texas,Freestone,471,5,0,31.70422788,-96.15072516,48161.0,2388.8015418167065,1.0615711252653928,466,471,5,0,466,470,19808,0,0,0,0,1
2020-11-08,US,Texas,Frio,1026,9,0,28.86751206,-99.10804207,48163.0,5052.693785088151,0.8771929824561403,1017,1026,9,0,1017,1027,19816,0,0,0,0,-1
2020-11-08,US,Texas,Gaines,646,12,0,32.74055318,-102.6353295,48165.0,3005.7695886841616,1.8575851393188851,634,646,12,0,634,642,20901,0,0,0,0,4
2020-11-08,US,Texas,Galveston,13078,171,0,29.40167322,-94.90469073,48167.0,3822.423050280734,1.3075393791099557,12907,13023,170,0,12853,12979,337890,55,1,0,54,44
2020-11-08,US,Texas,Garza,147,10,0,33.17969345,-101.2984114,48169.0,2359.929362658533,6.802721088435375,137,147,10,0,137,139,6578,0,0,0,0,8
2020-11-08,US,Texas,Gillespie,372,10,0,30.31824095,-98.94676915,48171.0,1378.3903957314362,2.6881720430107525,362,372,10,0,362,369,26804,0,0,0,0,3
2020-11-08,US,Texas,Glasscock,14,0,0,31.86942909,-101.5207776,48173.0,993.61249112846,0.0,14,14,0,0,14,14,1388,0,0,0,0,0
2020-11-08,US,Texas,Goliad,168,6,0,28.65696592,-97.42760647,48175.0,2193.784277879342,3.571428571428572,162,168,6,0,162,168,7584,0,0,0,0,0
2020-11-08,US,Texas,Gonzales,1150,20,0,29.45634206,-97.49424032,48177.0,5519.028650957432,1.7391304347826086,1130,1150,20,0,1130,1146,20826,0,0,0,0,4
2020-11-08,US,Texas,Gray,584,11,0,35.40081878,-100.8129222,48179.0,2668.372475555149,1.8835616438356164,573,584,11,0,573,560,21895,0,0,0,0,24
2020-11-08,US,Texas,Grayson,3002,81,0,33.62744998,-96.67753461,48181.0,2203.9174228408656,2.698201199200533,2921,3002,80,0,2922,2948,133991,0,1,0,-1,54
2020-11-08,US,Texas,Gregg,2704,91,0,32.47940482,-94.81591935,48183.0,2181.6128121344145,3.3653846153846154,2613,2671,91,0,2580,2671,123707,33,0,0,33,0
2020-11-08,US,Texas,Grimes,1234,37,0,30.54579585,-95.98902499,48185.0,4272.853185595568,2.9983792544570504,1197,1233,37,0,1196,1229,28360,1,0,0,1,4
2020-11-08,US,Texas,Guadalupe,3919,83,0,29.58165339,-97.94786822,48187.0,2348.85853506506,2.1178872161265634,3836,3919,83,0,3836,3919,163694,0,0,0,0,0
2020-11-08,US,Texas,Hale,2967,68,0,34.07044901,-101.82681140000001,48189.0,8881.63802909657,2.291877317155376,2899,2967,68,0,2899,2967,33830,0,0,0,0,0
2020-11-08,US,Texas,Hall,50,1,0,34.5307555,-100.68138520000001,48191.0,1686.9095816464237,2.0,49,50,1,0,49,47,3028,0,0,0,0,3
2020-11-08,US,Texas,Hamilton,226,7,0,31.70470573,-98.11083887,48193.0,2671.079068668006,3.0973451327433628,219,226,7,0,219,221,8484,0,0,0,0,5
2020-11-08,US,Texas,Hansford,215,8,0,36.27743284,-101.3545796,48195.0,3982.2189294313757,3.72093023255814,207,215,8,0,207,207,5463,0,0,0,0,8
2020-11-08,US,Texas,Hardeman,67,3,0,34.28944521,-99.74632408,48197.0,1703.534197813374,4.477611940298506,64,67,3,0,64,67,3922,0,0,0,0,0
2020-11-08,US,Texas,Hardin,1489,36,0,30.33364686,-94.38931817,48199.0,2584.9796882052706,2.4177300201477503,1453,1489,36,0,1453,1486,57207,0,0,0,0,3
2020-11-08,US,Texas,Harris,167331,2866,0,29.85864939,-95.39339521,48201.0,3550.168935942249,1.7127728872713364,164465,166545,2865,0,163680,165967,4698619,786,1,0,785,578
2020-11-08,US,Texas,Harrison,1167,39,0,32.54935988,-94.36934071,48203.0,1753.489699938395,3.341902313624679,1128,1144,39,0,1105,1144,66726,23,0,0,23,0
2020-11-08,US,Texas,Hartley,195,0,0,35.84008013,-102.6029022,48205.0,3497.1305595408894,0.0,195,195,0,0,195,191,5619,0,0,0,0,4
2020-11-08,US,Texas,Haskell,90,3,0,33.17823584,-99.73037358,48207.0,1590.6680805938495,3.333333333333333,87,90,3,0,87,90,5813,0,0,0,0,0
2020-11-08,US,Texas,Hays,6331,91,0,30.05669873,-98.02944344,48209.0,2750.3247303326366,1.4373716632443532,6240,6331,91,0,6240,6331,222631,0,0,0,0,0
2020-11-08,US,Texas,Hemphill,193,1,0,35.83764858,-100.2703577,48211.0,5053.678973553287,0.5181347150259067,192,193,1,0,192,187,3825,0,0,0,0,6
2020-11-08,US,Texas,Henderson,1415,42,0,32.21128872,-95.85846587,48213.0,1710.2384664660308,2.968197879858657,1373,1396,42,0,1354,1396,82299,19,0,0,19,0
2020-11-08,US,Texas,Hidalgo,36686,1978,0,26.39418217,-98.18299696,48215.0,4223.057947040832,5.391702556833669,34708,36686,1978,0,34708,36686,865939,0,0,0,0,0
2020-11-08,US,Texas,Hill,929,16,0,31.99045053,-97.13423143,48217.0,2534.857704166553,1.7222820236813778,913,929,16,0,913,924,36354,0,0,0,0,5
2020-11-08,US,Texas,Hockley,968,27,0,33.60771256,-102.3431676,48219.0,4204.856435428522,2.789256198347108,941,968,27,0,941,924,22980,0,0,0,0,44
2020-11-08,US,Texas,Hood,1273,42,0,32.42990927,-97.83242024,48221.0,2065.116882695521,3.2992930086410057,1231,1273,42,0,1231,1273,60537,0,0,0,0,0
2020-11-08,US,Texas,Hopkins,735,44,0,33.14875072,-95.56351139,48223.0,1981.98684068601,5.98639455782313,691,722,43,0,679,722,36810,13,1,0,12,0
2020-11-08,US,Texas,Houston,435,14,0,31.31925973,-95.42226208,48225.0,1893.939393939394,3.218390804597701,421,435,14,0,421,435,23169,0,0,0,0,0
2020-11-08,US,Texas,Howard,1265,23,0,32.30621324,-101.4356444,48227.0,3450.2509273401697,1.818181818181818,1242,1265,23,0,1242,1248,36459,0,0,0,0,17
2020-11-08,US,Texas,Hudspeth,122,3,0,31.45628381,-105.388178,48229.0,2496.930004093328,2.459016393442623,119,122,3,0,119,120,4795,0,0,0,0,2
2020-11-08,US,Texas,Hunt,2216,48,0,33.12351514,-96.08551032,48231.0,2247.601273911191,2.166064981949458,2168,2216,48,0,2168,2187,96493,0,0,0,0,29
2020-11-08,US,Texas,Hutchinson,490,11,0,35.84006574,-101.3546643,48233.0,2340.2426210717363,2.2448979591836733,479,490,10,0,480,406,21198,0,1,0,-1,84
2020-11-08,US,Texas,Irion,14,0,0,31.30375559,-100.982439,48235.0,911.4583333333336,0.0,14,14,0,0,14,14,1522,0,0,0,0,0
2020-11-08,US,Texas,Jack,162,3,0,33.23377248,-98.17283469,48237.0,1813.094571908226,1.851851851851852,159,162,3,0,159,162,8843,0,0,0,0,0
2020-11-08,US,Texas,Jackson,675,16,0,28.95472367,-96.57749563,48239.0,4573.170731707317,2.3703703703703702,659,675,16,0,659,676,14874,0,0,0,0,-1
2020-11-08,US,Texas,Jasper,524,34,0,30.74685667,-94.02667579,48241.0,1474.8515297362715,6.4885496183206115,490,524,34,0,490,524,35872,0,0,0,0,0
2020-11-08,US,Texas,Jeff Davis,24,0,0,30.71490589,-104.1399973,48243.0,1055.4089709762534,0.0,24,24,0,0,24,24,2252,0,0,0,0,0
2020-11-08,US,Texas,Jefferson,8786,160,0,29.8832777,-94.16434171,48245.0,3492.536720131973,1.821078989301161,8626,8786,160,0,8626,8718,255001,0,0,0,0,68
2020-11-08,US,Texas,Jim Hogg,186,7,0,27.04453923,-98.69681870000001,48247.0,3576.9230769230767,3.7634408602150535,179,186,7,0,179,186,5248,0,0,0,0,0
2020-11-08,US,Texas,Jim Wells,1792,53,0,27.73103938,-98.0904705,48249.0,4426.658761918879,2.9575892857142856,1739,1787,53,0,1734,1782,40822,5,0,0,5,5
2020-11-08,US,Texas,Johnson,4007,71,0,32.37877812,-97.36615819,48251.0,2279.074264718429,1.7718991764412275,3936,4007,71,0,3936,4006,171361,0,0,0,0,1
2020-11-08,US,Texas,Jones,855,4,0,32.73997145,-99.87861576,48253.0,4257.332071901608,0.4678362573099415,851,855,4,0,851,613,19817,0,0,0,0,242
2020-11-08,US,Texas,Karnes,966,18,0,28.90705334,-97.85960149,48255.0,6191.910774950324,1.8633540372670807,948,966,18,0,948,965,15650,0,0,0,0,1
2020-11-08,US,Texas,Kaufman,3760,67,0,32.599141700000004,-96.28734728,48257.0,2761.5788004759315,1.7819148936170213,3693,3760,66,0,3694,3760,128622,0,1,0,-1,0
2020-11-08,US,Texas,Kendall,399,11,0,29.94414155,-98.7113588,48259.0,841.2219856212182,2.7568922305764407,388,399,11,0,388,396,45641,0,0,0,0,3
2020-11-08,US,Texas,Kenedy,11,2,0,26.92601662,-97.66413984,48261.0,2722.772277227723,18.181818181818183,9,11,2,0,9,11,442,0,0,0,0,0
2020-11-08,US,Texas,Kent,12,0,0,33.18104136,-100.7780939,48263.0,1574.803149606299,0.0,12,12,0,0,12,12,726,0,0,0,0,0
2020-11-08,US,Texas,Kerr,741,15,0,30.06040006,-99.34930144,48265.0,1408.7452471482889,2.0242914979757085,726,741,15,0,726,735,52405,0,0,0,0,6
2020-11-08,US,Texas,Kimble,34,2,0,30.48678918,-99.74856473,48267.0,783.9520405810467,5.882352941176472,32,34,2,0,32,34,4362,0,0,0,0,0
2020-11-08,US,Texas,King,1,0,0,33.61643847,-100.2558057,48269.0,367.6470588235293,0.0,1,1,0,0,1,1,277,0,0,0,0,0
2020-11-08,US,Texas,Kinney,79,1,0,29.34967888,-100.41866379999999,48271.0,2154.3496045814013,1.2658227848101269,78,79,1,0,78,79,3767,0,0,0,0,0
2020-11-08,US,Texas,Kleberg,1054,54,0,27.42435506,-97.69894948,48273.0,3435.4628422425035,5.123339658444023,1000,1047,54,0,993,1047,31129,7,0,0,7,0
2020-11-08,US,Texas,Knox,114,9,0,33.60519951,-99.74229059999999,48275.0,3111.353711790393,7.894736842105262,105,114,9,0,105,114,3653,0,0,0,0,0
2020-11-08,US,Texas,La Salle,386,14,0,28.34453111,-99.09908775,48283.0,5132.978723404255,3.6269430051813467,372,386,14,0,372,382,7531,0,0,0,0,4
2020-11-08,US,Texas,Lamar,2065,51,0,33.66981763,-95.57404777,48277.0,4141.679536292344,2.469733656174334,2014,2049,51,0,1998,2049,49728,16,0,0,16,0
2020-11-08,US,Texas,Lamb,700,28,0,34.06859623,-102.35162890000001,48279.0,5429.302722407508,4.0,672,700,28,0,672,675,13158,0,0,0,0,25
2020-11-08,US,Texas,Lampasas,333,9,0,31.19531316,-98.24206613,48281.0,1554.041441105096,2.702702702702702,324,333,9,0,324,331,21229,0,0,0,0,2
2020-11-08,US,Texas,Lavaca,1208,39,0,29.38508402,-96.93186692,48285.0,5993.847375210877,3.228476821192053,1169,1208,39,0,1169,1203,20110,0,0,0,0,5
2020-11-08,US,Texas,Lee,253,15,0,30.31120597,-96.97045773,48287.0,1467.6025291490225,5.928853754940713,238,253,15,0,238,250,17144,0,0,0,0,3
2020-11-08,US,Texas,Leon,400,13,0,31.29872538,-95.9936328,48289.0,2298.3222247759136,3.25,387,399,13,0,386,396,17270,1,0,0,1,3
2020-11-08,US,Texas,Liberty,2347,59,0,30.15152688,-94.81205615,48291.0,2660.424625080765,2.513847464848743,2288,2322,59,0,2263,2321,86323,25,0,0,25,1
2020-11-08,US,Texas,Limestone,699,16,0,31.5454767,-96.58095444,48293.0,2982.463625890685,2.2889842632331905,683,698,16,0,682,695,23519,1,0,0,1,3
2020-11-08,US,Texas,Lipscomb,80,1,0,36.27783108,-100.27331509999999,48295.0,2474.4819053510673,1.25,79,80,1,0,79,76,3355,0,0,0,0,4
2020-11-08,US,Texas,Live Oak,395,10,0,28.35101362,-98.1246786,48297.0,3235.8482837716065,2.5316455696202533,385,395,10,0,385,394,12166,0,0,0,0,1
2020-11-08,US,Texas,Llano,224,3,0,30.70645047,-98.68475262,48299.0,1027.758660243175,1.3392857142857142,221,223,3,0,220,219,21646,1,0,0,1,4
2020-11-08,US,Texas,Lubbock,22323,233,0,33.61008596,-101.82047890000001,48303.0,7187.7746974102365,1.043766518837074,22090,22184,231,0,21953,21746,307412,139,2,0,137,438
2020-11-08,US,Texas,Lynn,232,6,0,33.17657705,-101.8162849,48305.0,3898.5044530331043,2.586206896551724,226,232,6,0,226,232,5877,0,0,0,0,0
2020-11-08,US,Texas,Madison,789,8,0,30.96694679,-95.93003775,48313.0,5523.662839540743,1.0139416983523448,781,789,8,0,781,790,14422,0,0,0,0,-1
2020-11-08,US,Texas,Marion,177,14,0,32.79868409,-94.35661230000001,48315.0,1796.2248832961234,7.909604519774011,163,175,14,0,161,175,9928,2,0,0,2,0
2020-11-08,US,Texas,Martin,110,7,0,32.30600051,-101.9513518,48317.0,1906.082134811991,6.363636363636362,103,110,7,0,103,104,5753,0,0,0,0,6
2020-11-08,US,Texas,Mason,87,2,0,30.71780434,-99.22629416,48319.0,2035.563874590548,2.2988505747126435,85,87,2,0,85,87,4280,0,0,0,0,0
2020-11-08,US,Texas,Matagorda,1136,56,0,28.81955746,-96.01230294,48321.0,3100.182845291052,4.929577464788731,1080,1132,56,0,1076,1131,36552,4,0,0,4,1
2020-11-08,US,Texas,Maverick,4447,160,0,28.7429195,-100.3157686,48323.0,7572.970947856,3.5979311895659998,4287,4447,160,0,4287,4418,58485,0,0,0,0,29
2020-11-08,US,Texas,McCulloch,227,5,0,31.1925468,-99.34682807,48307.0,2843.1863727454906,2.202643171806167,222,227,5,0,222,227,7987,0,0,0,0,0
2020-11-08,US,Texas,McLennan,11093,153,0,31.55255453,-97.20217694,48309.0,4322.683469525335,1.3792481745244751,10940,10917,152,0,10765,10784,254607,176,1,0,175,133
2020-11-08,US,Texas,McMullen,25,1,0,28.35251708,-98.56769164,48311.0,3364.737550471063,4.0,24,25,1,0,24,25,749,0,0,0,0,0
2020-11-08,US,Texas,Medina,1315,49,0,29.355730100000002,-99.11030298,48325.0,2549.2400744416877,3.726235741444867,1266,1315,49,0,1266,1304,50921,0,0,0,0,11
2020-11-08,US,Texas,Menard,84,1,0,30.88990665,-99.82047940000001,48327.0,3928.905519176801,1.1904761904761905,83,84,1,0,83,84,2139,0,0,0,0,0
2020-11-08,US,Texas,Midland,5843,98,0,31.86904128,-102.03156820000001,48329.0,3304.266196163591,1.6772206058531576,5745,5843,98,0,5745,5843,172578,0,0,0,0,0
2020-11-08,US,Texas,Milam,569,9,0,30.78581830000001,-96.97718698,48331.0,2292.228981186803,1.5817223198594024,560,569,9,0,560,569,25131,0,0,0,0,0
2020-11-08,US,Texas,Mills,94,3,0,31.49557106,-98.59272068,48333.0,1928.9965113892881,3.191489361702128,91,94,3,0,91,94,4921,0,0,0,0,0
2020-11-08,US,Texas,Mitchell,233,3,0,32.30623474,-100.9212058,48335.0,2726.7407840842598,1.2875536480686696,230,233,3,0,230,229,8145,0,0,0,0,4
2020-11-08,US,Texas,Montague,336,13,0,33.67521893,-97.72500958,48337.0,1695.4283984256735,3.8690476190476186,323,336,13,0,323,336,19596,0,0,0,0,0
2020-11-08,US,Texas,Montgomery,14280,185,0,30.30079133,-95.50572772,48339.0,2351.0391164834514,1.2955182072829132,14095,14280,185,0,14095,14280,590925,0,0,0,0,0
2020-11-08,US,Texas,Moore,1465,24,0,35.83769242,-101.8930281,48341.0,6996.179560649474,1.6382252559726962,1441,1465,24,0,1441,1406,21485,0,0,0,0,59
2020-11-08,US,Texas,Morris,246,5,0,33.11304005,-94.73255695,48343.0,1985.7927026154346,2.0325203252032518,241,244,5,0,239,244,12339,2,0,0,2,0
2020-11-08,US,Texas,Motley,19,0,0,34.07408766,-100.77972199999999,48345.0,1583.333333333333,0.0,19,19,0,0,19,18,1234,0,0,0,0,1
2020-11-08,US,Texas,Nacogdoches,1853,74,0,31.62017125,-94.61803994,48347.0,2841.8501932396784,3.9935240151106313,1779,1849,74,0,1775,1849,65711,4,0,0,4,0
2020-11-08,US,Texas,Navarro,1508,34,0,32.04620681,-96.47428766,48349.0,3009.199209785884,2.254641909814324,1474,1508,34,0,1474,1499,49565,0,0,0,0,9
2020-11-08,US,Texas,Newton,190,14,0,30.78548982,-93.74408813,48351.0,1397.5726369988965,7.36842105263158,176,190,14,0,176,190,13746,0,0,0,0,0
2020-11-08,US,Texas,Nolan,479,7,0,32.30365282,-100.4060208,48353.0,3255.4030175343214,1.4613778705636744,472,479,7,0,472,472,14751,0,0,0,0,7
2020-11-08,US,Texas,Nueces,21671,452,0,27.736286,-97.5433285,48355.0,5981.6060989141415,2.0857366988140837,21219,21638,452,0,21186,21638,362265,33,0,0,33,0
2020-11-08,US,Texas,Ochiltree,360,5,0,36.27829105,-100.8158184,48357.0,3660.024400162668,1.3888888888888888,355,360,5,0,355,341,9947,0,0,0,0,19
2020-11-08,US,Texas,Oldham,31,2,0,35.40425596,-102.6027606,48359.0,1467.8030303030305,6.451612903225807,29,31,2,0,29,28,2131,0,0,0,0,3
2020-11-08,US,Texas,Orange,2325,47,0,30.11879481,-93.89412775,48361.0,2787.903496570579,2.021505376344086,2278,2325,47,0,2278,2328,83572,0,0,0,0,-3
2020-11-08,US,Texas,Palo Pinto,770,24,0,32.75310985,-98.31319001,48363.0,2637.980060981877,3.116883116883117,746,770,24,0,746,770,28875,0,0,0,0,0
2020-11-08,US,Texas,Panola,501,32,0,32.163959600000005,-94.30552481,48365.0,2160.041390014659,6.3872255489021965,469,497,32,0,465,497,23148,4,0,0,4,0
2020-11-08,US,Texas,Parker,2658,55,0,32.77757172,-97.80500621,48367.0,1860.3283920547601,2.069224981188864,2603,2658,55,0,2603,2658,138371,0,0,0,0,0
2020-11-08,US,Texas,Parmer,631,20,0,34.52993409,-102.78446679999999,48369.0,6569.495054659032,3.169572107765452,611,631,20,0,611,612,9864,0,0,0,0,19
2020-11-08,US,Texas,Pecos,557,10,0,30.78097267,-102.72412609999999,48371.0,3520.1921253870946,1.7953321364452424,547,557,10,0,547,549,15673,0,0,0,0,8
2020-11-08,US,Texas,Polk,931,40,0,30.79472531,-94.82766240000001,48373.0,1812.9417950265808,4.296455424274973,891,931,40,0,891,931,50031,0,0,0,0,0
2020-11-08,US,Texas,Potter,9445,121,0,35.40133773,-101.893964,48375.0,8044.117020823574,1.2811011116993118,9324,9445,121,0,9324,9445,119648,0,0,0,0,0
2020-11-08,US,Texas,Presidio,197,7,0,29.99954402,-104.24080790000001,48377.0,2938.54415274463,3.5532994923857872,190,197,7,0,190,190,6948,0,0,0,0,7
2020-11-08,US,Texas,Rains,109,5,0,32.87109387,-95.79232691,48379.0,871.0244526130733,4.587155963302751,104,103,5,0,98,103,12159,6,0,0,6,0
2020-11-08,US,Texas,Randall,6950,63,0,34.96585996,-101.8971322,48381.0,5046.727614676901,0.9064748201438848,6887,6950,63,0,6887,6715,136271,0,0,0,0,235
2020-11-08,US,Texas,Reagan,104,6,0,31.36607041,-101.52326590000001,48383.0,2702.000519615485,5.769230769230768,98,104,6,0,98,101,3741,0,0,0,0,3
2020-11-08,US,Texas,Real,126,8,0,29.83321503,-99.82018052,48385.0,3650.057937427578,6.349206349206349,118,126,8,0,118,126,3478,0,0,0,0,0
2020-11-08,US,Texas,Red River,209,18,0,33.61886692,-95.04841765,48387.0,1738.334858188472,8.61244019138756,191,209,18,0,191,209,12175,0,0,0,0,0
2020-11-08,US,Texas,Reeves,306,7,0,31.32323325,-103.69038959999999,48389.0,1915.373059589384,2.2875816993464047,299,306,7,0,299,298,15695,0,0,0,0,8
2020-11-08,US,Texas,Refugio,321,16,0,28.323897600000002,-97.15766311,48391.0,4620.034542314334,4.984423676012462,305,321,16,0,305,321,7032,0,0,0,0,0
2020-11-08,US,Texas,Roberts,16,0,0,35.83809685,-100.813175,48393.0,1873.536299765808,0.0,16,16,0,0,16,15,903,0,0,0,0,1
2020-11-08,US,Texas,Robertson,447,4,0,31.02539637,-96.51272246,48395.0,2618.0156963804616,0.8948545861297539,443,447,4,0,443,446,17284,0,0,0,0,1
2020-11-08,US,Texas,Rockwall,2106,34,0,32.89779518,-96.40771592,48397.0,2007.339274650908,1.6144349477682811,2072,2106,34,0,2072,2106,100657,0,0,0,0,0
2020-11-08,US,Texas,Runnels,313,9,0,31.8314342,-99.97616148,48399.0,3049.493374902572,2.8753993610223643,304,313,9,0,304,313,10234,0,0,0,0,0
2020-11-08,US,Texas,Rusk,1059,29,0,32.10773545,-94.76176432,48401.0,1946.4764915634305,2.7384324834749765,1030,1061,28,0,1033,1061,54450,-2,1,0,-3,0
2020-11-08,US,Texas,Sabine,109,9,0,31.34318809,-93.85440451,48403.0,1033.959400493265,8.256880733944952,100,109,9,0,100,109,10589,0,0,0,0,0
2020-11-08,US,Texas,San Augustine,222,15,0,31.39457611,-94.17000399,48405.0,2695.156003399296,6.756756756756758,207,222,15,0,207,222,8232,0,0,0,0,0
2020-11-08,US,Texas,San Jacinto,245,14,0,30.57933681,-95.16260304,48407.0,848.9552652552063,5.7142857142857135,231,245,14,0,231,245,28719,0,0,0,0,0
2020-11-08,US,Texas,San Patricio,1630,83,0,28.00880118,-97.51763891,48409.0,2442.679454518208,5.0920245398773005,1547,1630,82,0,1548,1592,66893,0,1,0,-1,38
2020-11-08,US,Texas,San Saba,256,5,0,31.1577796,-98.81758731,48411.0,4227.910817506193,1.953125,251,255,5,0,250,252,6054,1,0,0,1,3
2020-11-08,US,Texas,Schleicher,58,2,0,30.89740592,-100.5384842,48413.0,2076.6201217329035,3.4482758620689653,56,58,2,0,56,56,2895,0,0,0,0,2
2020-11-08,US,Texas,Scurry,1239,16,0,32.74613808,-100.91626640000001,48415.0,7417.829132491171,1.29136400322841,1223,1239,16,0,1223,1227,16866,0,0,0,0,12
2020-11-08,US,Texas,Shackelford,42,0,0,32.73587756,-99.35401337,48417.0,1286.3705972434916,0.0,42,42,0,0,42,42,3253,0,0,0,0,0
2020-11-08,US,Texas,Shelby,563,32,0,31.79211404,-94.14550696,48419.0,2227.5856611537547,5.683836589698046,531,563,32,0,531,563,25418,0,0,0,0,0
2020-11-08,US,Texas,Sherman,81,1,0,36.27751473,-101.8933156,48421.0,2680.3441429516874,1.2345679012345678,80,81,1,0,80,80,3079,0,0,0,0,1
2020-11-08,US,Texas,Smith,4867,156,0,32.37474036,-95.27175679999999,48423.0,2091.075870780362,3.2052599137045408,4711,4788,156,0,4632,4788,230221,79,0,0,79,0
2020-11-08,US,Texas,Somervell,176,5,0,32.22236802,-97.77403489,48425.0,1928.1332164767748,2.8409090909090913,171,176,5,0,171,176,9016,0,0,0,0,0
2020-11-08,US,Texas,Starr,3626,187,0,26.56150059,-98.73892358,48427.0,5610.137236396268,5.157198014340872,3439,3620,187,0,3433,3610,64525,6,0,0,6,10
2020-11-08,US,Texas,Stephens,173,5,0,32.73553157,-98.83631615,48429.0,1847.106555626735,2.8901734104046244,168,173,5,0,168,173,9433,0,0,0,0,0
2020-11-08,US,Texas,Sterling,23,0,0,31.82781912,-101.05007459999999,48431.0,1781.5646785437646,0.0,23,23,0,0,23,23,1311,0,0,0,0,0
2020-11-08,US,Texas,Stonewall,21,1,0,33.17906744,-100.25384009999999,48433.0,1555.5555555555554,4.761904761904762,20,21,1,0,20,21,1362,0,0,0,0,0
2020-11-08,US,Texas,Sutton,126,3,0,30.49856623,-100.5382014,48435.0,3336.8644067796613,2.380952380952381,123,126,3,0,123,121,3758,0,0,0,0,5
2020-11-08,US,Texas,Swisher,191,5,0,34.53028891,-101.73491740000001,48437.0,2582.127889685008,2.6178010471204187,186,191,5,0,186,167,7462,0,0,0,0,24
2020-11-08,US,Texas,Tarrant,73636,878,0,32.77143818,-97.29101614,48439.0,3502.281791093048,1.192351567168233,72758,73180,876,0,72304,72118,2084931,456,2,0,454,1062
2020-11-08,US,Texas,Taylor,2589,80,0,32.30163422,-99.89007449,48441.0,1875.6248460524216,3.089996137504828,2509,2565,80,0,2485,2476,137640,24,0,0,24,89
2020-11-08,US,Texas,Terrell,8,0,0,30.22429013,-102.0766732,48443.0,1030.9278350515463,0.0,8,8,0,0,8,8,823,0,0,0,0,0
2020-11-08,US,Texas,Terry,698,11,0,33.17402785,-102.3354521,48445.0,5657.77741752452,1.5759312320916905,687,698,11,0,687,693,12287,0,0,0,0,5
2020-11-08,US,Texas,Throckmorton,20,2,0,33.17751417,-99.21226795,48447.0,1332.4450366422384,10.0,18,20,2,0,18,20,1515,0,0,0,0,0
2020-11-08,US,Texas,Titus,1772,37,0,33.21339719,-94.96797273,48449.0,5410.6870229007645,2.0880361173814896,1735,1772,37,0,1735,1772,33033,0,0,0,0,0
2020-11-08,US,Texas,Tom Green,5871,87,0,31.40464436,-100.46244300000001,48451.0,4925.335570469799,1.4818599897802758,5784,5759,87,0,5672,5600,118189,112,0,0,112,159
2020-11-08,US,Texas,Travis,33168,457,0,30.33432034,-97.78535620000001,48453.0,2603.5476948147266,1.3778340569223348,32711,33016,457,0,32559,32928,1248743,152,0,0,152,88
2020-11-08,US,Texas,Trinity,212,8,0,31.0879489,-95.1367187,48455.0,1447.00020476418,3.7735849056603774,204,211,8,0,203,211,14740,1,0,0,1,0
2020-11-08,US,Texas,Tyler,278,4,0,30.77031716,-94.37690895,48457.0,1282.7611664820968,1.4388489208633093,274,278,4,0,274,278,21696,0,0,0,0,0
2020-11-08,US,Texas,Upshur,543,15,0,32.73706798,-94.93999853,48459.0,1300.5053529087731,2.7624309392265194,528,533,15,0,518,533,41260,10,0,0,10,0
2020-11-08,US,Texas,Upton,29,4,0,31.36868194,-102.0423217,48461.0,792.9997265518184,13.79310344827586,25,29,4,0,25,29,3671,0,0,0,0,0
2020-11-08,US,Texas,Uvalde,881,37,0,29.35739637,-99.76229172,48463.0,3294.566396170673,4.199772985244041,844,869,37,0,832,866,26846,12,0,0,12,3
2020-11-08,US,Texas,Val Verde,2741,129,0,29.89149232,-101.1525205,48465.0,5591.024987251402,4.706311565122218,2612,2741,129,0,2612,2741,49208,0,0,0,0,0
2020-11-08,US,Texas,Van Zandt,778,31,0,32.56483801,-95.83766469,48467.0,1374.8012016257294,3.9845758354755785,747,760,31,0,729,760,56019,18,0,0,18,0
2020-11-08,US,Texas,Victoria,4422,98,0,28.79780988,-96.96813006,48469.0,4802.137179097346,2.2161917684305745,4324,4422,98,0,4324,4399,92035,0,0,0,0,23
2020-11-08,US,Texas,Walker,3951,65,0,30.73872995,-95.57440968,48471.0,5414.4797248221885,1.645153125790939,3886,3942,65,0,3877,3938,72480,9,0,0,9,4
2020-11-08,US,Texas,Waller,1032,17,0,30.01058447,-95.99011759,48473.0,1868.0085436049674,1.6472868217054264,1015,1025,17,0,1008,1022,53126,7,0,0,7,3
2020-11-08,US,Texas,Ward,179,4,0,31.50999644,-103.09279090000001,48475.0,1491.91531921987,2.23463687150838,175,179,4,0,175,179,11720,0,0,0,0,0
2020-11-08,US,Texas,Washington,757,51,0,30.21498498,-96.40946246,48477.0,2109.692882225071,6.737120211360633,706,755,51,0,704,750,35108,2,0,0,2,5
2020-11-08,US,Texas,Webb,15809,361,0,27.7610369,-99.33237355,48479.0,5714.399317554185,2.283509393383516,15448,15809,361,0,15448,15656,275910,0,0,0,0,153
2020-11-08,US,Texas,Wharton,1476,61,0,29.27765923,-96.22319248,48481.0,3551.8336702281263,4.132791327913279,1415,1473,60,0,1413,1463,41619,3,1,0,2,10
2020-11-08,US,Texas,Wheeler,139,0,0,35.40114335,-100.26995140000001,48483.0,2749.208860759493,0.0,139,139,0,0,139,128,5191,0,0,0,0,11
2020-11-08,US,Texas,Wichita,4644,62,0,33.98842886,-98.70410340000001,48485.0,3512.062315662104,1.3350559862187772,4582,4644,61,0,4583,4541,132064,0,1,0,-1,103
2020-11-08,US,Texas,Wilbarger,419,5,0,34.07945812,-99.24178437,48487.0,3281.3846033362047,1.1933174224343674,414,419,5,0,414,419,12820,0,0,0,0,0
2020-11-08,US,Texas,Willacy,1276,58,0,26.47411727,-97.61535848,48489.0,5974.342166869557,4.545454545454546,1218,1274,58,0,1216,1267,21515,2,0,0,2,7
2020-11-08,US,Texas,Williamson,9848,159,0,30.64655664,-97.60048540000001,48491.0,1667.5951780625214,1.6145410235580828,9689,9848,159,0,9689,9848,566719,0,0,0,0,0
2020-11-08,US,Texas,Wilson,1006,28,0,29.1732598,-98.08693082,48493.0,1969.845310358332,2.7833001988071566,978,1006,28,0,978,1008,50224,0,0,0,0,-2
2020-11-08,US,Texas,Winkler,170,5,0,31.85008651,-103.04851629999999,48495.0,2122.347066167291,2.9411764705882355,165,170,5,0,165,161,7720,0,0,0,0,9
2020-11-08,US,Texas,Wise,1032,16,0,33.21570665,-97.65460265,48497.0,1474.6227709190673,1.5503875968992251,1016,1032,16,0,1016,1033,68305,0,0,0,0,-1
2020-11-08,US,Texas,Wood,711,42,0,32.78722382,-95.38236368,48499.0,1561.299106260568,5.907172995780591,669,697,42,0,655,697,45129,14,0,0,14,0
2020-11-08,US,Texas,Yoakum,438,10,0,33.17320212,-102.82764329999999,48501.0,5026.971192471021,2.2831050228310503,428,438,8,0,430,409,8591,0,2,0,-2,29
2020-11-08,US,Texas,Young,673,13,0,33.17659707,-98.68790885,48503.0,3736.8128817323714,1.9316493313521543,660,673,13,0,660,673,18045,0,0,0,0,0
2020-11-08,US,Texas,Zapata,382,9,0,27.00156391,-99.16987152,48505.0,2694.125114606108,2.356020942408377,373,366,9,0,357,361,14190,16,0,0,16,5
2020-11-08,US,Texas,Zavala,483,19,0,28.86617238,-99.76050829,48507.0,4079.391891891892,3.9337474120082816,464,483,19,0,464,481,11983,0,0,0,0,2
2020-11-08,US,Utah,Bear River,6332,20,0,41.52106798,-113.08328159999999,0.0,3389.395026175208,0.3158559696778269,6312,6228,20,0,6208,6096,,104,0,0,104,132
2020-11-08,US,Utah,Central Utah,1677,13,0,39.37231946,-111.5758676,0.0,2046.2698587012226,0.7751937984496124,1664,1640,13,0,1627,1588,,37,0,0,37,52
2020-11-08,US,Utah,Davis,10592,48,0,40.99001837,-112.1139997,49011.0,2979.624790073168,0.4531722054380665,10544,10321,48,0,10273,10047,351713,271,0,0,271,274
2020-11-08,US,Utah,Salt Lake,56567,329,0,40.66616532,-111.92160109999999,49035.0,4874.629126785858,0.5816111867343151,56238,55566,329,0,55237,54332,1152633,1001,0,0,1001,1234
2020-11-08,US,Utah,San Juan,866,30,0,37.62762978,-109.80337140000002,49037.0,5657.172720146329,3.4642032332563515,836,862,30,0,832,859,15449,4,0,0,4,3
2020-11-08,US,Utah,Southeast Utah,690,6,0,38.99617072,-110.70139579999999,0.0,1715.1805911158615,0.8695652173913043,684,684,6,0,678,670,,6,0,0,6,14
2020-11-08,US,Utah,Southwest Utah,7466,60,0,37.85447192,-111.4418764,0.0,2962.204711913094,0.8036431824270024,7406,7361,60,0,7301,7219,,105,0,0,105,142
2020-11-08,US,Utah,Summit,1684,1,0,40.86688146,-110.9535882,49043.0,3995.729030727251,0.05938242280285035,1683,1661,1,0,1660,1638,41933,23,0,0,23,23
2020-11-08,US,Utah,Tooele,1848,8,0,40.44862644,-113.12957150000001,49045.0,2557.4668899375856,0.4329004329004329,1840,1804,7,0,1797,1753,69907,44,1,0,43,51
2020-11-08,US,Utah,TriCounty,728,3,0,40.12491499,-109.5174415,0.0,1285.7193317085232,0.4120879120879121,725,713,3,0,710,676,,15,0,0,15,37
2020-11-08,US,Utah,Utah,34177,95,0,40.116672200000004,-111.66576620000001,49049.0,5371.757290938097,0.2779647131111566,34082,33675,95,0,33580,32927,622213,502,0,0,502,748
2020-11-08,US,Utah,Wasatch,1377,9,0,40.33110236,-111.1691419,49051.0,4039.189228828723,0.6535947712418301,1368,1349,9,0,1340,1317,33240,28,0,0,28,32
2020-11-08,US,Utah,Weber-Morgan,8617,37,0,41.27116049,-111.9145117,0.0,3164.0944858759553,0.4293837762562377,8580,8371,37,0,8334,8157,,246,0,0,246,214
2020-11-08,US,Vermont,Addison,131,2,0,44.03217337,-73.14130877,50001.0,356.20088642358,1.5267175572519085,129,130,2,0,128,129,36973,1,0,0,1,1
2020-11-08,US,Vermont,Bennington,148,1,0,43.03519828,-73.09048868,50003.0,417.25401747956016,0.6756756756756757,147,145,1,0,144,144,35631,3,0,0,3,1
2020-11-08,US,Vermont,Caledonia,53,0,0,44.46548598,-72.10314651,50005.0,176.70789850965224,0.0,53,52,0,0,52,49,30302,1,0,0,1,3
2020-11-08,US,Vermont,Chittenden,1104,39,0,44.46322849,-73.08359212,50007.0,674.0996739409187,3.532608695652174,1065,1089,39,0,1050,1085,164572,15,0,0,15,4
2020-11-08,US,Vermont,Essex,16,0,0,44.72736416,-71.73579864,50009.0,259.6138244361512,0.0,16,16,0,0,16,15,6250,0,0,0,0,1
2020-11-08,US,Vermont,Franklin,146,7,0,44.85627605,-72.91249563,50011.0,295.53459374114414,4.794520547945205,139,144,7,0,137,144,49421,2,0,0,2,0
2020-11-08,US,Vermont,Grand Isle,20,0,0,44.797582399999996,-73.29679772,50013.0,276.43400138217004,0.0,20,20,0,0,20,19,7090,0,0,0,0,1
2020-11-08,US,Vermont,Lamoille,64,1,0,44.60353043,-72.64356694,50015.0,252.3460294929422,1.5625,63,64,1,0,63,63,25300,0,0,0,0,1
2020-11-08,US,Vermont,Orange,49,0,0,44.00470222,-72.37640104,50017.0,169.59712031012046,0.0,49,44,0,0,44,43,28999,5,0,0,5,1
2020-11-08,US,Vermont,Orleans,53,1,0,44.82964024,-72.24562697,50019.0,196.02766579132302,1.8867924528301887,52,50,1,0,49,50,26907,3,0,0,3,0
2020-11-08,US,Vermont,Rutland,139,1,0,43.57723578,-73.03741676,50021.0,238.86855355639187,0.7194244604316546,138,139,1,0,138,139,58672,0,0,0,0,0
2020-11-08,US,Vermont,Unassigned,9,0,0,0.0,0.0,90050.0,0.0,0.0,9,9,0,0,9,9,,0,0,0,0,0
2020-11-08,US,Vermont,Washington,163,2,0,44.27343241,-72.61604978,50023.0,279.06658220479716,1.2269938650306749,161,154,2,0,152,150,58140,9,0,0,9,4
2020-11-08,US,Vermont,Windham,160,3,0,42.986982,-72.71268875,50025.0,378.94936289138366,1.875,157,157,3,0,154,156,42756,3,0,0,3,1
2020-11-08,US,Vermont,Windsor,137,2,0,43.58010937,-72.58595157,50027.0,248.81043187679344,1.45985401459854,135,134,2,0,132,131,55286,3,0,0,3,3
2020-11-08,US,Virginia,Accomack,1240,19,0,37.76707161,-75.63234615,51001.0,3837.108553038743,1.5322580645161292,1221,1239,19,0,1220,1237,32412,1,0,0,1,2
2020-11-08,US,Virginia,Albemarle,1661,24,0,38.02080697,-78.55481085,51003.0,1519.2536357815784,1.4449127031908489,1637,1657,24,0,1633,1645,108718,4,0,0,4,12
2020-11-08,US,Virginia,Alexandria,4499,76,0,38.814003,-77.08183073,51510.0,2821.963519582508,1.6892642809513223,4423,4481,76,0,4405,4444,160530,18,0,0,18,37
2020-11-08,US,Virginia,Alleghany,218,4,0,37.78636074,-80.00222498,51005.0,1467.0255720053835,1.834862385321101,214,218,4,0,214,168,14910,0,0,0,0,50
2020-11-08,US,Virginia,Amelia,151,6,0,37.34081025,-77.98584649,51007.0,1148.7257512362116,3.9735099337748334,145,151,6,0,145,151,13013,0,0,0,0,0
2020-11-08,US,Virginia,Amherst,652,6,0,37.60308293,-79.14548696,51009.0,2062.964720772029,0.9202453987730062,646,651,6,0,645,642,31666,1,0,0,1,9
2020-11-08,US,Virginia,Appomattox,333,6,0,37.37569884,-78.81340003,51011.0,2092.8917101376405,1.8018018018018016,327,330,6,0,324,327,15841,3,0,0,3,3
2020-11-08,US,Virginia,Arlington,5036,155,0,38.8767675,-77.10139853,51013.0,2126.3120561386922,3.0778395552025417,4881,4970,154,0,4816,4919,237521,66,1,0,65,51
2020-11-08,US,Virginia,Augusta,789,9,0,38.16404586,-79.12461614,51015.0,1044.2309219407607,1.1406844106463878,780,788,9,0,779,750,75457,1,0,0,1,38
2020-11-08,US,Virginia,Bath,32,0,0,38.05852573,-79.73912095,51017.0,771.6421509524957,0.0,32,32,0,0,32,31,4292,0,0,0,0,1
2020-11-08,US,Virginia,Bedford,1413,18,0,37.3080028,-79.5281964,51019.0,1788.6755193235183,1.2738853503184713,1395,1408,18,0,1390,1385,78747,5,0,0,5,23
2020-11-08,US,Virginia,Bland,92,5,0,37.13128068,-81.13599391,51021.0,1464.968152866242,5.434782608695652,87,90,5,0,85,90,6293,2,0,0,2,0
2020-11-08,US,Virginia,Botetourt,547,13,0,37.55531756,-79.80982182,51023.0,1636.7934408569974,2.376599634369287,534,544,13,0,531,521,33277,3,0,0,3,23
2020-11-08,US,Virginia,Bristol,366,7,0,36.616302399999995,-82.16359122,51520.0,2183.510320964085,1.9125683060109289,359,360,7,0,353,350,16482,6,0,0,6,10
2020-11-08,US,Virginia,Brunswick,435,6,0,36.76366949,-77.8593436,51025.0,2680.056681658555,1.3793103448275863,429,435,5,0,430,434,16384,0,1,0,-1,1
2020-11-08,US,Virginia,Buchanan,291,4,0,37.26818323,-82.03749726,51027.0,1385.450390401828,1.3745704467353952,287,290,4,0,286,284,21221,1,0,0,1,6
2020-11-08,US,Virginia,Buckingham,813,9,0,37.57242268,-78.52518834,51029.0,4741.077676696991,1.1070110701107012,804,811,9,0,802,806,16999,2,0,0,2,5
2020-11-08,US,Virginia,Buena Vista,140,1,0,37.73484642,-79.35296097,51530.0,2161.16085211485,0.7142857142857143,139,139,1,0,138,137,6237,1,0,0,1,2
2020-11-08,US,Virginia,Campbell,859,9,0,37.20553386,-79.09678609,51031.0,1565.0906440739734,1.0477299185098952,850,855,9,0,846,836,54973,4,0,0,4,19
2020-11-08,US,Virginia,Caroline,471,6,0,38.02679129,-77.34901405,51033.0,1532.953620829943,1.2738853503184713,465,469,6,0,463,467,30772,2,0,0,2,2
2020-11-08,US,Virginia,Carroll,686,29,0,36.73066666,-80.73455942,51035.0,2302.7088718069213,4.227405247813412,657,676,29,0,647,670,29636,10,0,0,10,6
2020-11-08,US,Virginia,Charles City,110,5,0,37.35358063,-77.05634116,51036.0,1579.7788309636649,4.545454545454546,105,109,5,0,104,107,6941,1,0,0,1,2
2020-11-08,US,Virginia,Charlotte,237,1,0,37.01909701,-78.66314092,51037.0,1994.949494949495,0.4219409282700422,236,237,1,0,236,230,11938,0,0,0,0,7
2020-11-08,US,Virginia,Charlottesville,1675,31,0,38.03527919,-78.48569588,51540.0,3543.773537003343,1.8507462686567164,1644,1668,31,0,1637,1662,48117,7,0,0,7,6
2020-11-08,US,Virginia,Chesapeake,5264,80,0,36.67670048,-76.30545744,51550.0,2150.019400820961,1.5197568389057752,5184,5229,80,0,5149,5168,242634,35,0,0,35,61
2020-11-08,US,Virginia,Chesterfield,7619,120,0,37.37373208,-77.58680140000001,51041.0,2159.56825641578,1.575009843811524,7499,7558,120,0,7438,7481,348556,61,0,0,61,77
2020-11-08,US,Virginia,Clarke,135,2,0,39.11271747,-77.99199425,51043.0,923.4557767289143,1.4814814814814814,133,135,1,0,134,132,14523,0,1,0,-1,3
2020-11-08,US,Virginia,Colonial Heights,339,26,0,37.26420587,-77.39609676,51570.0,1951.6407599309155,7.66961651917404,313,335,26,0,309,329,17833,4,0,0,4,6
2020-11-08,US,Virginia,Covington,76,0,0,37.7824656,-79.98631446,51580.0,1372.3365836041894,0.0,76,76,0,0,76,62,5460,0,0,0,0,14
2020-11-08,US,Virginia,Craig,66,0,0,37.48133648,-80.21072274,51045.0,1286.2989670629504,0.0,66,66,0,0,66,65,5064,0,0,0,0,1
2020-11-08,US,Virginia,Culpeper,1498,18,0,38.48199985,-77.95630870000002,51047.0,2847.6380572188955,1.2016021361815754,1480,1489,18,0,1471,1479,51859,9,0,0,9,10
2020-11-08,US,Virginia,Cumberland,131,2,0,37.51328851,-78.24398086,51049.0,1318.9689891260573,1.5267175572519085,129,131,2,0,129,130,9809,0,0,0,0,1
2020-11-08,US,Virginia,Danville,1332,46,0,36.58022376,-79.40395668,51590.0,3326.34102487264,3.4534534534534536,1286,1323,46,0,1277,1313,40693,9,0,0,9,10
2020-11-08,US,Virginia,Dickenson,177,1,0,37.12560977,-82.35124171,51051.0,1236.2061740466545,0.5649717514124294,176,177,1,0,176,169,14523,0,0,0,0,8
2020-11-08,US,Virginia,Dinwiddie,579,12,0,37.07544585,-77.63451754,51053.0,2028.4473094170405,2.0725388601036268,567,576,12,0,564,567,28529,3,0,0,3,9
2020-11-08,US,Virginia,Emporia,305,28,0,36.69455571,-77.53406129,51595.0,5705.200149644594,9.18032786885246,277,303,28,0,275,303,5121,2,0,0,2,0
2020-11-08,US,Virginia,Essex,207,2,0,37.93357639,-76.94230311,51057.0,1889.8931799506986,0.966183574879227,205,203,2,0,201,203,10919,4,0,0,4,0
2020-11-08,US,Virginia,Fairfax,25304,606,0,38.83677558,-77.27565836,51059.0,2205.0801197700807,2.394878280113816,24698,25095,606,0,24489,24909,1150795,209,0,0,209,186
2020-11-08,US,Virginia,Fairfax,25304,606,0,38.83677558,-77.27565836,51059.0,2205.0801197700807,2.394878280113816,24698,25095,606,0,24489,24909,24574,209,0,0,209,186
2020-11-08,US,Virginia,Fairfax City,172,8,0,38.85157547,-77.29779640000002,51600.0,716.0997543611306,4.651162790697675,164,169,8,0,161,166,24574,3,0,0,3,3
2020-11-08,US,Virginia,Falls Church,79,7,0,38.88485255,-77.17560759,51610.0,540.4665800095779,8.860759493670884,72,79,7,0,72,77,14772,0,0,0,0,2
2020-11-08,US,Virginia,Fauquier,1156,27,0,38.73564842,-77.80647472,51061.0,1623.0939878127544,2.3356401384083045,1129,1152,27,0,1125,1146,70675,4,0,0,4,6
2020-11-08,US,Virginia,Floyd,269,15,0,36.9302126,-80.36738849,51063.0,1708.044955235253,5.5762081784386615,254,267,15,0,252,267,15795,2,0,0,2,0
2020-11-08,US,Virginia,Fluvanna,449,9,0,37.84157909,-78.27715475,51065.0,1646.4979831316464,2.0044543429844097,440,446,9,0,437,442,26783,3,0,0,3,4
2020-11-08,US,Virginia,Franklin,1121,7,0,36.99536167,-79.88023649,51067.0,2000.2855001605933,0.6244424620874219,1114,1112,7,0,1105,1090,56195,9,0,0,9,22
2020-11-08,US,Virginia,Franklin,1121,7,0,36.99536167,-79.88023649,51067.0,2000.2855001605933,0.6244424620874219,1114,1112,7,0,1105,1090,8013,9,0,0,9,22
2020-11-08,US,Virginia,Franklin City,519,14,0,36.6831435,-76.93859681,51620.0,6514.371783607379,2.697495183044316,505,518,14,0,504,518,8013,1,0,0,1,0
2020-11-08,US,Virginia,Frederick,1326,15,0,39.20172582,-78.25974949,51069.0,1484.6662859830035,1.1312217194570136,1311,1309,15,0,1294,1289,88355,17,0,0,17,20
2020-11-08,US,Virginia,Fredericksburg,618,6,0,38.2977863,-77.4922454,51630.0,2128.3923405427745,0.9708737864077671,612,617,6,0,611,612,29144,1,0,0,1,5
2020-11-08,US,Virginia,Galax,481,30,0,36.66601852,-80.91703124,51640.0,7578.38348826217,6.237006237006238,451,479,30,0,449,475,6423,2,0,0,2,4
2020-11-08,US,Virginia,Giles,169,0,0,37.31234791,-80.70636931,51071.0,1010.7655502392344,0.0,169,166,0,0,166,160,16844,3,0,0,3,6
2020-11-08,US,Virginia,Gloucester,367,3,0,37.40809042,-76.53524337,51073.0,982.6496733426152,0.8174386920980926,364,367,3,0,364,366,37349,0,0,0,0,1
2020-11-08,US,Virginia,Goochland,357,7,0,37.71714806,-77.90381514,51075.0,1502.9680461415396,1.96078431372549,350,355,7,0,348,350,23244,2,0,0,2,5
2020-11-08,US,Virginia,Grayson,416,20,0,36.65677234,-81.23215889,51077.0,2675.2411575562696,4.807692307692308,396,412,20,0,392,406,15631,4,0,0,4,6
2020-11-08,US,Virginia,Greene,314,3,0,38.29545894,-78.46525378,51079.0,1584.3382612644434,0.9554140127388536,311,310,3,0,307,303,19779,4,0,0,4,7
2020-11-08,US,Virginia,Greensville,914,15,0,36.67878901,-77.56351439,51081.0,8062.808750882144,1.6411378555798688,899,913,15,0,898,911,11627,1,0,0,1,2
2020-11-08,US,Virginia,Halifax,631,8,0,36.76654925,-78.93512622,51083.0,1860.7531479460943,1.2678288431061806,623,626,8,0,618,614,34120,5,0,0,5,12
2020-11-08,US,Virginia,Hampton,2270,34,0,37.03513786,-76.35879121,51650.0,1687.6068693777413,1.497797356828194,2236,2263,34,0,2229,2233,134313,7,0,0,7,30
2020-11-08,US,Virginia,Hanover,1859,46,0,37.7583355,-77.49464673,51085.0,1725.0338696806045,2.4744486282947817,1813,1842,46,0,1796,1802,107239,17,0,0,17,40
2020-11-08,US,Virginia,Harrisonburg,3197,35,0,38.43542574,-78.87536254,51660.0,6030.255017353252,1.0947763528307788,3162,3197,35,0,3162,3183,54033,0,0,0,0,14
2020-11-08,US,Virginia,Henrico,6904,241,0,37.53460572,-77.39326555,51087.0,2086.948110441391,3.4907300115874853,6663,6833,241,0,6592,6762,329261,71,0,0,71,71
2020-11-08,US,Virginia,Henry,1483,33,0,36.68542395,-79.87634026,51089.0,2933.322784184188,2.22521915037087,1450,1475,33,0,1442,1450,50953,8,0,0,8,25
2020-11-08,US,Virginia,Highland,13,0,0,38.35799465,-79.56124594,51091.0,593.6073059360732,0.0,13,13,0,0,13,12,2210,0,0,0,0,1
2020-11-08,US,Virginia,Hopewell,545,8,0,37.29186313,-77.29754684,51670.0,2419.104265613209,1.4678899082568808,537,540,8,0,532,538,22596,5,0,0,5,2
2020-11-08,US,Virginia,Isle of Wight,902,26,0,36.90579348,-76.70842863,51093.0,2430.6771942116466,2.882483370288248,876,901,26,0,875,898,36953,1,0,0,1,3
2020-11-08,US,Virginia,James City,1006,22,0,37.31156958,-76.76950618,51095.0,1314.6374292696314,2.1868787276341948,984,997,22,0,975,990,76397,9,0,0,9,7
2020-11-08,US,Virginia,King George,303,5,0,38.26818502,-77.15852768,51099.0,1129.0803398420032,1.6501650165016502,298,300,5,0,295,298,26575,3,0,0,3,2
2020-11-08,US,Virginia,King William,235,5,0,37.70965316,-77.09384941,51101.0,1370.4222066713319,2.127659574468085,230,230,5,0,225,225,16939,5,0,0,5,5
2020-11-08,US,Virginia,King and Queen,93,2,0,37.71044922,-76.88689628,51097.0,1323.8434163701068,2.150537634408602,91,93,2,0,91,92,7042,0,0,0,0,1
2020-11-08,US,Virginia,Lancaster,211,1,0,37.71889653,-76.46400482,51103.0,1990.0028293879086,0.4739336492890995,210,210,1,0,209,210,10783,1,0,0,1,0
2020-11-08,US,Virginia,Lee,671,11,0,36.70586667,-83.12606515,51105.0,2864.705631217181,1.639344262295082,660,638,11,0,627,616,23541,33,0,0,33,22
2020-11-08,US,Virginia,Lexington,280,1,0,37.78258621,-79.44262866,51678.0,3760.4082728982003,0.35714285714285715,279,279,1,0,278,272,7136,1,0,0,1,7
2020-11-08,US,Virginia,Loudoun,8336,134,0,39.08990083,-77.63481877,51107.0,2015.776059273876,1.607485604606526,8202,8313,134,0,8179,8225,406850,23,0,0,23,88
2020-11-08,US,Virginia,Louisa,427,8,0,37.97850256,-77.96274807,51109.0,1135.9101912691867,1.873536299765808,419,423,8,0,415,420,36778,4,0,0,4,3
2020-11-08,US,Virginia,Lunenburg,157,5,0,36.94618528,-78.24133319,51111.0,1287.3073138734012,3.1847133757961785,152,157,5,0,152,156,12086,0,0,0,0,1
2020-11-08,US,Virginia,Lynchburg,2189,27,0,37.40021399,-79.19888138,51680.0,2664.054132995813,1.2334399269072636,2162,2180,27,0,2153,2153,82126,9,0,0,9,27
2020-11-08,US,Virginia,Madison,152,3,0,38.41531222,-78.28220331,51113.0,1146.2182339190106,1.973684210526316,149,152,3,0,149,152,13295,0,0,0,0,0
2020-11-08,US,Virginia,Manassas,2094,27,0,38.7464321,-77.48509905,51683.0,5096.750638919314,1.2893982808022924,2067,2088,27,0,2061,2083,41641,6,0,0,6,5
2020-11-08,US,Virginia,Manassas Park,670,8,0,38.77058531,-77.44399307,51685.0,3833.3905481176334,1.1940298507462686,662,667,8,0,659,665,17307,3,0,0,3,2
2020-11-08,US,Virginia,Martinsville,516,24,0,36.68212094,-79.86352771,51690.0,4110.243747012904,4.651162790697675,492,515,24,0,491,509,12902,1,0,0,1,6
2020-11-08,US,Virginia,Mathews,143,0,0,37.44164146,-76.34098896,51115.0,1618.7457550373556,0.0,143,142,0,0,142,141,8802,1,0,0,1,1
2020-11-08,US,Virginia,Mecklenburg,928,35,0,36.67882005,-78.36131056,51117.0,3033.9686795043644,3.771551724137931,893,929,35,0,894,925,30650,-1,0,0,-1,4
2020-11-08,US,Virginia,Middlesex,149,11,0,37.63191998,-76.55064617,51119.0,1408.051408051408,7.3825503355704685,138,148,11,0,137,148,10769,1,0,0,1,0
2020-11-08,US,Virginia,Montgomery,3198,7,0,37.17746986,-80.37868691,51121.0,3245.5472674684124,0.2188868042526579,3191,3178,7,0,3171,3114,98985,20,0,0,20,64
2020-11-08,US,Virginia,Nelson,146,2,0,37.78790447,-78.88498513,51125.0,977.8968519758874,1.3698630136986298,144,145,2,0,143,142,14836,1,0,0,1,3
2020-11-08,US,Virginia,New Kent,318,3,0,37.50694406,-76.99828634,51127.0,1377.159932441211,0.9433962264150944,315,315,3,0,312,309,22391,3,0,0,3,6
2020-11-08,US,Virginia,Newport News,3396,51,0,37.08166899,-76.51754109,51700.0,1894.824940716976,1.5017667844522968,3345,3377,51,0,3326,3357,178626,19,0,0,19,20
2020-11-08,US,Virginia,Norfolk,5727,85,0,36.89934014,-76.26420872,51710.0,2359.295054007959,1.4841976602060416,5642,5701,85,0,5616,5649,244076,26,0,0,26,52
2020-11-08,US,Virginia,Northampton,326,31,0,37.34062933,-75.87751591,51131.0,2783.945345858241,9.509202453987731,295,325,31,0,294,325,11735,1,0,0,1,0
2020-11-08,US,Virginia,Northumberland,230,8,0,37.89202088,-76.41949732,51133.0,1901.612236461348,3.4782608695652173,222,229,8,0,221,228,12147,1,0,0,1,1
2020-11-08,US,Virginia,Norton,61,0,0,36.93357076,-82.62750411,51720.0,1532.2783220296408,0.0,61,61,0,0,61,59,3968,0,0,0,0,2
2020-11-08,US,Virginia,Nottoway,399,21,0,37.1435975,-78.05065922,51135.0,2619.4852941176473,5.2631578947368425,378,397,21,0,376,380,15420,2,0,0,2,17
2020-11-08,US,Virginia,Orange,464,5,0,38.24530219,-78.01560400000002,51137.0,1252.3278723921082,1.0775862068965518,459,457,5,0,452,451,36644,7,0,0,7,6
2020-11-08,US,Virginia,Page,502,31,0,38.61807452,-78.48797204,51139.0,2100.2426575181994,6.1752988047808755,471,501,31,0,470,497,23933,1,0,0,1,4
2020-11-08,US,Virginia,Patrick,364,27,0,36.680163799999995,-80.2865648,51141.0,2067.2421626533387,7.417582417582418,337,360,27,0,333,352,17673,4,0,0,4,8
2020-11-08,US,Virginia,Petersburg,999,30,0,37.20530399,-77.39368102,51730.0,3187.009506795125,3.003003003003003,969,994,30,0,964,987,31567,5,0,0,5,7
2020-11-08,US,Virginia,Pittsylvania,1441,17,0,36.81980341,-79.39731264,51143.0,2387.579944991219,1.1797362942401108,1424,1431,17,0,1414,1416,60949,10,0,0,10,15
2020-11-08,US,Virginia,Poquoson,110,2,0,37.14259351,-76.35798148,51735.0,896.4224594572569,1.818181818181818,108,108,2,0,106,107,12190,2,0,0,2,1
2020-11-08,US,Virginia,Portsmouth,2926,70,0,36.85914825,-76.35971629,51740.0,3099.6419415665587,2.392344497607656,2856,2918,70,0,2848,2902,94632,8,0,0,8,16
2020-11-08,US,Virginia,Powhatan,338,5,0,37.55016038,-77.91267882,51145.0,1139.8893835154456,1.4792899408284024,333,332,5,0,327,324,29189,6,0,0,6,8
2020-11-08,US,Virginia,Prince Edward,796,13,0,37.22554789,-78.43597949,51147.0,3490.921848960617,1.6331658291457287,783,793,13,0,780,790,22950,3,0,0,3,3
2020-11-08,US,Virginia,Prince George,1238,7,0,37.18497668,-77.22922187,51149.0,3227.9091596485277,0.5654281098546042,1231,1226,7,0,1219,1211,38082,12,0,0,12,15
2020-11-08,US,Virginia,Prince William,15208,224,0,38.70916224,-77.48713689,51153.0,3233.439994897254,1.4729089952656496,14984,15099,224,0,14875,15013,468011,109,0,0,109,86
2020-11-08,US,Virginia,Pulaski,361,7,0,37.06474963,-80.71229738,51155.0,1060.9222088341612,1.9390581717451525,354,358,7,0,351,343,34066,3,0,0,3,15
2020-11-08,US,Virginia,Radford,1007,1,0,37.12222899,-80.56027320000003,51750.0,5518.110581401721,0.09930486593843098,1006,1005,1,0,1004,995,18339,2,0,0,2,10
2020-11-08,US,Virginia,Rappahannock,70,2,0,38.68295619,-78.15826963,51157.0,949.796472184532,2.8571428571428568,68,70,2,0,68,69,7252,0,0,0,0,1
2020-11-08,US,Virginia,Richmond,366,4,0,37.937575,-76.72920628,51159.0,4056.30056522221,1.0928961748633879,362,367,4,0,363,365,9038,-1,0,0,-1,2
2020-11-08,US,Virginia,Richmond City,5728,78,0,37.53255773,-77.47966921,51760.0,2485.722716936589,1.3617318435754189,5650,5665,78,0,5587,5625,228783,63,0,0,63,40
2020-11-08,US,Virginia,Roanoke,1897,16,0,37.26865804,-80.06396753,51161.0,2014.099760049264,0.8434370057986295,1881,1865,16,0,1849,1848,94073,32,0,0,32,17
2020-11-08,US,Virginia,Roanoke City,3240,47,0,37.27791025,-79.96189766,51770.0,3268.0068184339793,1.4506172839506173,3193,3224,47,0,3177,3176,99920,16,0,0,16,48
2020-11-08,US,Virginia,Rockbridge,174,3,0,37.81204314,-79.44605905,51163.0,770.8324104018076,1.7241379310344829,171,174,3,0,171,167,22752,0,0,0,0,7
2020-11-08,US,Virginia,Rockingham,1878,27,0,38.51006137,-78.87260325,51165.0,2291.697173817543,1.437699680511182,1851,1877,27,0,1850,1862,81244,1,0,0,1,15
2020-11-08,US,Virginia,Russell,629,8,0,36.93028320000001,-82.10095486,51167.0,2365.9068682765364,1.2718600953895072,621,623,8,0,615,594,26748,6,0,0,6,29
2020-11-08,US,Virginia,Salem,669,12,0,37.2836193,-80.06219455,51775.0,2644.164262282123,1.7937219730941705,657,667,12,0,655,659,25643,2,0,0,2,8
2020-11-08,US,Virginia,Scott,523,9,0,36.71466456,-82.60171704,51169.0,2425.1136047482146,1.7208413001912046,514,521,9,0,512,512,21534,2,0,0,2,9
2020-11-08,US,Virginia,Shenandoah,1094,61,0,38.85905135,-78.56813762,51171.0,2508.253851797505,5.5758683729433285,1033,1088,61,0,1027,1067,43497,6,0,0,6,21
2020-11-08,US,Virginia,Smyth,738,27,0,36.84455636,-81.53344948,51173.0,2451.5014615997875,3.6585365853658534,711,735,27,0,708,708,30472,3,0,0,3,27
2020-11-08,US,Virginia,Southampton,943,38,0,36.72231125,-77.10642712,51175.0,5348.5338324542,4.029692470837753,905,942,38,0,904,942,17586,1,0,0,1,0
2020-11-08,US,Virginia,Spotsylvania,2618,55,0,38.18574462,-77.655399,51177.0,1921.9616048159162,2.100840336134454,2563,2603,55,0,2548,2583,134238,15,0,0,15,20
2020-11-08,US,Virginia,Stafford,2597,22,0,38.41758738,-77.45917053,51179.0,1698.695726115566,0.8471313053523296,2575,2570,22,0,2548,2552,149960,27,0,0,27,18
2020-11-08,US,Virginia,Staunton,468,5,0,38.15965544,-79.05979937,51790.0,1877.105727579015,1.0683760683760684,463,468,5,0,463,454,24922,0,0,0,0,14
2020-11-08,US,Virginia,Suffolk,2409,78,0,36.70155394,-76.63603554,51800.0,2615.4079993051637,3.2378580323785804,2331,2404,78,0,2326,2395,91185,5,0,0,5,9
2020-11-08,US,Virginia,Surry,148,5,0,37.11781893,-76.88450012,51181.0,2304.5780130800367,3.3783783783783785,143,148,5,0,143,146,6474,0,0,0,0,2
2020-11-08,US,Virginia,Sussex,646,13,0,36.92432914,-77.25791182,51183.0,5789.049197956805,2.0123839009287927,633,646,13,0,633,646,11237,0,0,0,0,0
2020-11-08,US,Virginia,Tazewell,644,2,0,37.12191123,-81.56685568,51185.0,1586.4022662889518,0.3105590062111801,642,632,2,0,630,584,40855,12,0,0,12,48
2020-11-08,US,Virginia,Virginia Beach,8698,112,0,36.73285734,-76.04566934,51810.0,1933.000573366461,1.2876523338698551,8586,8631,112,0,8519,8540,450189,67,0,0,67,91
2020-11-08,US,Virginia,Warren,657,22,0,38.90847745,-78.20280433,51187.0,1635.7932476844935,3.34855403348554,635,655,22,0,633,649,40003,2,0,0,2,6
2020-11-08,US,Virginia,Washington,1233,28,0,36.72341572,-81.95666289,51191.0,2294.380349832527,2.2708840227088403,1205,1225,28,0,1197,1188,54402,8,0,0,8,37
2020-11-08,US,Virginia,Waynesboro,420,4,0,38.06451466,-78.90293905,51820.0,1855.943437914273,0.9523809523809524,416,420,4,0,416,414,22628,0,0,0,0,6
2020-11-08,US,Virginia,Westmoreland,367,5,0,38.11021557,-76.80213247,51193.0,2037.1912295309464,1.3623978201634876,362,367,5,0,362,365,17830,0,0,0,0,2
2020-11-08,US,Virginia,Williamsburg,239,8,0,37.28131268,-76.70905141,51830.0,1598.234586063929,3.3472803347280333,231,235,8,0,227,235,14896,4,0,0,4,0
2020-11-08,US,Virginia,Winchester,691,4,0,39.17054517,-78.17325058,51840.0,2461.001495833037,0.5788712011577424,687,685,4,0,681,680,28108,6,0,0,6,5
2020-11-08,US,Virginia,Wise,870,11,0,36.9746148,-82.62410519,51195.0,2327.261054490009,1.264367816091954,859,854,11,0,843,787,38012,16,0,0,16,67
2020-11-08,US,Virginia,Wythe,390,7,0,36.91582035,-81.07834059,51197.0,1359.6430065541765,1.794871794871795,383,379,7,0,372,368,28754,11,0,0,11,11
2020-11-08,US,Virginia,York,707,9,0,37.24374789,-76.54412815,51199.0,1035.4422964264793,1.272984441301273,698,697,9,0,688,686,67846,10,0,0,10,11
2020-11-08,US,Washington,Adams,989,11,0,46.98299757,-118.56017340000001,53001.0,4949.206825801932,1.1122345803842264,978,988,11,0,977,987,19759,1,0,0,1,1
2020-11-08,US,Washington,Asotin,341,9,0,46.18894415,-117.2022851,53003.0,1510.052254007617,2.6392961876832843,332,336,9,0,327,327,22610,5,0,0,5,9
2020-11-08,US,Washington,Benton,5898,137,0,46.23946995,-119.51208340000001,53005.0,2885.659768090416,2.322821295354357,5761,5808,137,0,5671,5690,201877,90,0,0,90,118
2020-11-08,US,Washington,Chelan,2094,19,0,47.87046092,-120.6173956,53007.0,2712.435233160622,0.9073543457497611,2075,2094,19,0,2075,2060,77036,0,0,0,0,34
2020-11-08,US,Washington,Clallam,283,1,0,48.04754642,-123.92263190000001,53009.0,365.9593177380352,0.353356890459364,282,280,1,0,279,280,76737,3,0,0,3,0
2020-11-08,US,Washington,Clark,5113,88,0,45.77568046,-122.48292040000001,53011.0,1047.2287251582725,1.721103070604342,5025,5069,88,0,4981,4942,481857,44,0,0,44,127
2020-11-08,US,Washington,Columbia,23,1,0,46.29442881,-117.9051983,53013.0,577.1643663739021,4.3478260869565215,22,22,1,0,21,22,4059,1,0,0,1,0
2020-11-08,US,Washington,Cowlitz,915,7,0,46.19074721,-122.6782231,53015.0,827.357970215113,0.7650273224043715,908,904,7,0,897,896,108987,11,0,0,11,8
2020-11-08,US,Washington,Douglas,1255,10,0,47.7361335,-119.69293700000001,53017.0,2889.7741140712433,0.796812749003984,1245,1255,10,0,1245,1252,42907,0,0,0,0,3
2020-11-08,US,Washington,Ferry,37,1,0,48.471143100000006,-118.5154041,53019.0,485.1186574013374,2.702702702702702,36,36,1,0,35,36,7649,1,0,0,1,0
2020-11-08,US,Washington,Franklin,5142,69,0,46.53351425,-118.9018212,53021.0,5400.01260212976,1.3418903150525088,5073,5102,69,0,5033,5060,94347,40,0,0,40,42
2020-11-08,US,Washington,Garfield,40,0,0,46.43197502,-117.54540320000001,53023.0,1797.752808988764,0.0,40,40,0,0,40,38,2247,0,0,0,0,2
2020-11-08,US,Washington,Grant,3450,29,0,47.20753737,-119.4500749,53025.0,3530.025682215833,0.8405797101449275,3421,3442,29,0,3413,3433,97331,8,0,0,8,9
2020-11-08,US,Washington,Grays Harbor,786,12,0,47.14003705,-123.7820567,53027.0,1047.1483193669148,1.5267175572519085,774,782,12,0,770,772,73901,4,0,0,4,10
2020-11-08,US,Washington,Island,432,12,0,48.14713305,-122.5216407,53029.0,507.3936176460225,2.7777777777777777,420,430,12,0,418,427,84460,2,0,0,2,3
2020-11-08,US,Washington,Jefferson,92,0,0,47.75003077,-123.56097040000002,53031.0,285.5280717544459,0.0,92,91,0,0,91,91,31729,1,0,0,1,0
2020-11-08,US,Washington,King,30854,822,0,47.49137892,-121.8346131,53033.0,1369.5954601909993,2.6641602385428147,30032,30363,822,0,29541,29832,2233163,491,0,0,491,531
2020-11-08,US,Washington,Kitsap,1726,23,0,47.63479026,-122.6436061,53035.0,635.790667948562,1.3325608342989572,1703,1697,23,0,1674,1671,269805,29,0,0,29,26
2020-11-08,US,Washington,Kittitas,781,23,0,47.12521214,-120.67943899999999,53037.0,1629.2896630854282,2.9449423815621,758,780,23,0,757,779,47364,1,0,0,1,1
2020-11-08,US,Washington,Klickitat,220,3,0,45.87325839,-120.7913598,53039.0,981.0479375696768,1.3636363636363635,217,219,3,0,216,219,22107,1,0,0,1,0
2020-11-08,US,Washington,Lewis,791,13,0,46.57756476,-122.39257690000001,53041.0,980.0884681626128,1.6434892541087232,778,786,13,0,773,782,79604,5,0,0,5,4
2020-11-08,US,Washington,Lincoln,85,2,0,47.57705241,-118.41943880000001,53043.0,777.0362921656457,2.3529411764705883,83,85,2,0,83,84,10740,0,0,0,0,1
2020-11-08,US,Washington,Mason,570,10,0,47.35007586,-123.1863685,53045.0,853.7023723939611,1.7543859649122806,560,562,10,0,552,558,65507,8,0,0,8,4
2020-11-08,US,Washington,Okanogan,1141,11,0,48.54855019,-119.73872240000001,53047.0,2701.0392254338,0.9640666082383874,1130,1140,11,0,1129,1138,42132,1,0,0,1,2
2020-11-08,US,Washington,Pacific,132,3,0,46.55418369,-123.7285716,53049.0,587.4237906635219,2.272727272727273,129,124,3,0,121,124,22036,8,0,0,8,0
2020-11-08,US,Washington,Pend Oreille,161,1,0,48.53234021,-117.2741804,53051.0,1173.1273681142525,0.6211180124223602,160,159,1,0,158,158,13602,2,0,0,2,1
2020-11-08,US,Washington,Pierce,11563,234,0,47.03892768,-122.14059579999999,53053.0,1277.7077946473955,2.0236962725936176,11329,11404,234,0,11170,11214,891299,159,0,0,159,190
2020-11-08,US,Washington,San Juan,39,0,0,48.60182783,-122.96745,53055.0,221.8177681719941,0.0,39,37,0,0,37,36,17128,2,0,0,2,1
2020-11-08,US,Washington,Skagit,1402,26,0,48.48171488,-121.766131,53057.0,1085.097325954878,1.854493580599144,1376,1390,26,0,1364,1370,128206,12,0,0,12,20
2020-11-08,US,Washington,Skamania,74,1,0,46.02408726,-121.91644029999999,53059.0,612.4306877431103,1.351351351351351,73,73,1,0,72,73,11924,1,0,0,1,0
2020-11-08,US,Washington,Snohomish,10077,240,0,48.04615983,-121.7170703,53061.0,1225.7886369137912,2.3816612086930635,9837,9939,240,0,9699,9727,814901,138,0,0,138,212
2020-11-08,US,Washington,Spokane,10914,212,0,47.62113146,-117.4046494,53063.0,2087.613189032858,1.9424592266813268,10702,10735,212,0,10523,10499,514631,179,0,0,179,236
2020-11-08,US,Washington,Stevens,342,6,0,48.40035475,-117.8542701,53065.0,747.9824158519783,1.7543859649122806,336,334,6,0,328,321,45260,8,0,0,8,13
2020-11-08,US,Washington,Thurston,1859,38,0,46.9291895,-122.82906559999999,53067.0,639.8518600104634,2.0441097364174285,1821,1837,38,0,1799,1808,286419,22,0,0,22,29
2020-11-08,US,Washington,Unassigned,419,3,0,0.0,0.0,90053.0,0.0,0.7159904534606205,416,451,3,0,448,424,,-32,0,0,-32,27
2020-11-08,US,Washington,Wahkiakum,11,0,0,46.29180039999999,-123.4250831,53069.0,245.09803921568627,0.0,11,11,0,0,11,11,4426,0,0,0,0,0
2020-11-08,US,Washington,Walla Walla,1460,10,0,46.23040051,-118.4775539,53071.0,2402.896642527979,0.6849315068493149,1450,1430,10,0,1420,1400,60922,30,0,0,30,30
2020-11-08,US,Washington,Whatcom,1696,51,0,48.82227976,-121.74900179999999,53073.0,739.8133890519832,3.0070754716981134,1645,1694,51,0,1643,1682,225685,2,0,0,2,12
2020-11-08,US,Washington,Whitman,1921,21,0,46.90022523,-117.52417630000001,53075.0,3834.025227526744,1.0931806350858928,1900,1897,21,0,1876,1879,49791,24,0,0,24,18
2020-11-08,US,Washington,Yakima,12203,280,0,46.45738486,-120.73801259999999,53077.0,4864.214164138827,2.2945177415389657,11923,12185,280,0,11905,12139,251446,18,0,0,18,46
2020-11-08,US,West Virginia,Barbour,220,2,0,39.1307219,-80.00350858,54001.0,1338.1181193358068,0.9090909090909092,218,214,2,0,212,202,16535,6,0,0,6,12
2020-11-08,US,West Virginia,Berkeley,1921,18,0,39.46704621,-78.02414609,54003.0,1611.969354960519,0.9370119729307652,1903,1847,18,0,1829,1837,117123,74,0,0,74,10
2020-11-08,US,West Virginia,Boone,454,6,0,38.01974191,-81.69888019,54005.0,2115.8596262292026,1.3215859030837005,448,444,6,0,438,443,21951,10,0,0,10,1
2020-11-08,US,West Virginia,Braxton,89,0,0,38.70036159,-80.72011184,54007.0,637.6728523321632,0.0,89,89,0,0,89,84,14089,0,0,0,0,5
2020-11-08,US,West Virginia,Brooke,291,5,0,40.27367263,-80.57915332,54009.0,1326.4050321345549,1.718213058419244,286,277,5,0,272,273,22203,14,0,0,14,4
2020-11-08,US,West Virginia,Cabell,1830,37,0,38.42424062,-82.23855912,54011.0,1990.3203001794552,2.021857923497268,1793,1779,37,0,1742,1710,93224,51,0,0,51,69
2020-11-08,US,West Virginia,Calhoun,38,0,0,38.84315422,-81.11934872,54013.0,534.5336896891265,0.0,38,37,0,0,37,37,7254,1,0,0,1,0
2020-11-08,US,West Virginia,Clay,75,3,0,38.46231092,-81.07652217,54015.0,881.5232722143865,4.0,72,74,3,0,71,72,8632,1,0,0,1,2
2020-11-08,US,West Virginia,Doddridge,78,1,0,39.27057157,-80.70671527,54017.0,923.2954545454544,1.2820512820512822,77,77,1,0,76,77,8406,1,0,0,1,0
2020-11-08,US,West Virginia,Fayette,847,26,0,38.02974928,-81.08286634,54019.0,1997.358864311654,3.0696576151121606,821,833,26,0,807,833,43018,14,0,0,14,0
2020-11-08,US,West Virginia,Gilmer,117,0,0,38.9251277,-80.85952723,54021.0,1495.5899271379267,0.0,117,115,0,0,115,87,8026,2,0,0,2,28
2020-11-08,US,West Virginia,Grant,211,9,0,39.10314817,-79.19440518,54023.0,1823.9972337482711,4.265402843601897,202,206,9,0,197,203,11626,5,0,0,5,3
2020-11-08,US,West Virginia,Greenbrier,252,5,0,37.9463652,-80.45335881,54025.0,727.0209451272287,1.984126984126984,247,246,5,0,241,236,34786,6,0,0,6,10
2020-11-08,US,West Virginia,Hampshire,175,1,0,39.32103553,-78.60826476,54027.0,755.1240560949298,0.5714285714285714,174,175,1,0,174,171,23347,0,0,0,0,4
2020-11-08,US,West Virginia,Hancock,277,1,0,40.51943859,-80.57461608,54029.0,961.4717112113848,0.36101083032490977,276,271,1,0,270,261,29094,6,0,0,6,10
2020-11-08,US,West Virginia,Hardy,119,1,0,39.00683177,-78.85855301,54031.0,863.8211382113823,0.8403361344537815,118,117,1,0,116,114,13775,2,0,0,2,3
2020-11-08,US,West Virginia,Harrison,757,13,0,39.2853852,-80.37919577,54033.0,1125.5501367907696,1.717305151915456,744,731,13,0,718,718,67554,26,0,0,26,13
2020-11-08,US,West Virginia,Jackson,459,24,0,38.84263974,-81.68148753,54035.0,1606.243001119821,5.2287581699346415,435,455,24,0,431,451,28706,4,0,0,4,4
2020-11-08,US,West Virginia,Jefferson,748,10,0,39.30776166,-77.86014147,54037.0,1308.9280089595072,1.3368983957219251,738,697,10,0,687,690,56811,51,0,0,51,7
2020-11-08,US,West Virginia,Kanawha,4162,108,0,38.33860077,-81.52857054,54039.0,2336.5745211201192,2.5949062950504564,4054,4083,108,0,3975,4029,180454,79,0,0,79,54
2020-11-08,US,West Virginia,Lewis,155,2,0,38.9947249,-80.49988181,54041.0,974.4137800968127,1.2903225806451613,153,138,2,0,136,135,16024,17,0,0,17,3
2020-11-08,US,West Virginia,Lincoln,304,2,0,38.172154,-82.07017953,54043.0,1489.5389289039151,0.6578947368421053,302,298,2,0,296,291,20599,6,0,0,6,7
2020-11-08,US,West Virginia,Logan,837,46,0,37.8299889,-81.93528571,54045.0,2614.0728942190576,5.4958183990442055,791,834,46,0,788,832,32607,3,0,0,3,2
2020-11-08,US,West Virginia,Marion,492,5,0,39.50984542,-80.24244659,54049.0,877.4432872021687,1.0162601626016259,487,451,5,0,446,450,56097,41,0,0,41,1
2020-11-08,US,West Virginia,Marshall,571,5,0,39.86064362,-80.66591062,54051.0,1870.2302577707903,0.8756567425569177,566,544,5,0,539,536,30785,27,0,0,27,8
2020-11-08,US,West Virginia,Mason,199,6,0,38.77071799,-82.02524219,54053.0,750.4902700256447,3.0150753768844223,193,194,6,0,188,192,26718,5,0,0,5,2
2020-11-08,US,West Virginia,McDowell,176,1,0,37.38002939,-81.65083669,54047.0,998.6382206082616,0.5681818181818182,175,167,1,0,166,159,18223,9,0,0,9,8
2020-11-08,US,West Virginia,Mercer,912,35,0,37.40481169,-81.11023142,54055.0,1552.1290717859695,3.8377192982456134,877,896,35,0,861,871,59131,16,0,0,16,25
2020-11-08,US,West Virginia,Mineral,344,4,0,39.41561583,-78.94104895,54057.0,1280.3334822093195,1.162790697674419,340,328,4,0,324,302,26940,16,0,0,16,26
2020-11-08,US,West Virginia,Mingo,740,11,0,37.73048351,-82.13338365,54059.0,3159.1530054644813,1.4864864864864864,729,727,11,0,716,720,23785,13,0,0,13,7
2020-11-08,US,West Virginia,Monongalia,2513,7,0,39.63218457,-80.04766838,54061.0,2379.464454796803,0.2785515320334262,2506,2471,7,0,2464,2447,106420,42,0,0,42,24
2020-11-08,US,West Virginia,Monroe,279,8,0,37.56274716,-80.54577965,54063.0,2101.6949152542375,2.867383512544803,271,275,8,0,267,275,13280,4,0,0,4,0
2020-11-08,US,West Virginia,Morgan,185,0,0,39.55439028,-78.26311676,54065.0,1034.4441959293224,0.0,185,177,0,0,177,171,17787,8,0,0,8,6
2020-11-08,US,West Virginia,Nicholas,215,3,0,38.29617706,-80.79759588,54067.0,877.6943174395819,1.3953488372093024,212,204,3,0,201,204,24842,11,0,0,11,0
2020-11-08,US,West Virginia,Ohio,786,9,0,40.0955451,-80.62203992,54069.0,1898.0464127888724,1.1450381679389312,777,747,9,0,738,735,41755,39,0,0,39,12
2020-11-08,US,West Virginia,Pendleton,80,1,0,38.68314479,-79.35084086,54071.0,1147.9408810446264,1.25,79,79,1,0,78,79,6997,1,0,0,1,0
2020-11-08,US,West Virginia,Pleasants,45,3,0,39.37091679,-81.16771771,54073.0,603.2171581769437,6.666666666666668,42,45,3,0,42,43,7507,0,0,0,0,2
2020-11-08,US,West Virginia,Pocahontas,77,0,0,38.32758728,-80.00993811,54075.0,933.6728507336001,0.0,77,76,0,0,76,76,8414,1,0,0,1,0
2020-11-08,US,West Virginia,Preston,272,5,0,39.46770987,-79.66712803,54077.0,813.5917683656378,1.8382352941176472,267,262,5,0,257,252,33839,10,0,0,10,10
2020-11-08,US,West Virginia,Putnam,1143,15,0,38.50782345,-81.9082131,54079.0,2024.8007085916736,1.3123359580052494,1128,1122,15,0,1107,1092,56682,21,0,0,21,30
2020-11-08,US,West Virginia,Raleigh,978,11,0,37.76936795,-81.2456041,54081.0,1333.1334087594225,1.1247443762781186,967,938,11,0,927,927,74254,40,0,0,40,11
2020-11-08,US,West Virginia,Randolph,480,2,0,38.769899,-79.87919615,54083.0,1672.76529012023,0.4166666666666667,478,480,2,0,478,460,28823,0,0,0,0,20
2020-11-08,US,West Virginia,Ritchie,71,0,0,39.18094587,-81.06356878,54085.0,743.1442327820807,0.0,71,69,0,0,69,69,9721,2,0,0,2,0
2020-11-08,US,West Virginia,Roane,120,2,0,38.71622686,-81.35243568,54087.0,876.6803039158386,1.6666666666666667,118,119,2,0,117,117,13932,1,0,0,1,2
2020-11-08,US,West Virginia,Summers,173,3,0,37.65390597,-80.86009693,54089.0,1375.9643680903525,1.7341040462427746,170,169,3,0,166,166,12760,4,0,0,4,3
2020-11-08,US,West Virginia,Taylor,183,8,0,39.33602617,-80.0421439,54091.0,1096.136567834681,4.371584699453551,175,182,8,0,174,182,16862,1,0,0,1,0
2020-11-08,US,West Virginia,Tucker,69,0,0,39.11240885,-79.57053576,54093.0,1008.9194326655943,0.0,69,70,0,0,70,70,6955,-1,0,0,-1,0
2020-11-08,US,West Virginia,Tyler,81,1,0,39.46811972,-80.88772676,54095.0,942.8471656384587,1.2345679012345678,80,80,1,0,79,71,8746,1,0,0,1,9
2020-11-08,US,West Virginia,Upshur,310,4,0,38.89285061,-80.23689136,54097.0,1282.2634017207147,1.2903225806451613,306,298,4,0,294,295,24415,12,0,0,12,3
2020-11-08,US,West Virginia,Wayne,682,12,0,38.14901357,-82.42287994,54099.0,1730.8766052484643,1.7595307917888563,670,666,12,0,654,662,39944,16,0,0,16,4
2020-11-08,US,West Virginia,Webster,42,0,0,38.49370949,-80.4202023,54101.0,517.6238599950702,0.0,42,42,0,0,42,39,8285,0,0,0,0,3
2020-11-08,US,West Virginia,Wetzel,270,8,0,39.6065771,-80.64016540000001,54103.0,1792.2336541652835,2.962962962962963,262,266,8,0,258,264,15270,4,0,0,4,2
2020-11-08,US,West Virginia,Wirt,59,1,0,39.02775007,-81.37473928,54105.0,1013.5715512798488,1.6949152542372878,58,59,0,0,59,59,5830,0,1,0,-1,0
2020-11-08,US,West Virginia,Wood,1013,9,0,39.20967886,-81.5162836,54107.0,1212.9121865945065,0.8884501480750246,1004,953,9,0,944,911,84203,60,0,0,60,42
2020-11-08,US,West Virginia,Wyoming,428,5,0,37.612327,-81.54511071,54109.0,2098.6564675885065,1.1682242990654206,423,416,5,0,411,405,20786,12,0,0,12,11
2020-11-08,US,Wisconsin,Adams,721,6,0,43.96974651,-89.76782777,55001.0,3565.776458951533,0.8321775312066574,715,698,6,0,692,683,20348,23,0,0,23,15
2020-11-08,US,Wisconsin,Ashland,394,5,0,46.31956891,-90.67837132,55003.0,2531.808250867498,1.269035532994924,389,387,5,0,382,372,15600,7,0,0,7,15
2020-11-08,US,Wisconsin,Barron,1861,11,0,45.42372701,-91.84833627,55005.0,4113.252585978251,0.5910800644814616,1850,1797,11,0,1786,1685,45164,64,0,0,64,112
2020-11-08,US,Wisconsin,Bayfield,388,3,0,46.52868768,-91.19716729,55007.0,2580.4735301942005,0.7731958762886598,385,379,3,0,376,357,15042,9,0,0,9,22
2020-11-08,US,Wisconsin,Brown,17951,111,0,44.452655299999996,-88.00411844,55009.0,6785.689984955129,0.6183499526488775,17840,17853,111,0,17742,17509,263378,98,0,0,98,344
2020-11-08,US,Wisconsin,Buffalo,441,3,0,44.37835084,-91.75332578,55011.0,3384.2375872918433,0.6802721088435374,438,431,3,0,428,408,13125,10,0,0,10,23
2020-11-08,US,Wisconsin,Burnett,402,6,0,45.86303537,-92.36711412,55013.0,2608.018684312963,1.492537313432836,396,389,6,0,383,386,15392,13,0,0,13,3
2020-11-08,US,Wisconsin,Calumet,3168,18,0,44.0816316,-88.21780273,55015.0,6324.741959312424,0.5681818181818182,3150,3141,18,0,3123,3082,50159,27,0,0,27,59
2020-11-08,US,Wisconsin,Chippewa,2753,29,0,45.06939744,-91.28068855,55017.0,4257.787126109685,1.0533962949509623,2724,2713,29,0,2684,2604,64135,40,0,0,40,109
2020-11-08,US,Wisconsin,Clark,1291,22,0,44.73483377,-90.61207486,55019.0,3712.543854604015,1.7041053446940355,1269,1267,22,0,1245,1213,34709,24,0,0,24,54
2020-11-08,US,Wisconsin,Columbia,2269,9,0,43.46492199,-89.33589004,55021.0,3943.8920948341793,0.3966505068312032,2260,2227,9,0,2218,2134,57358,42,0,0,42,93
2020-11-08,US,Wisconsin,Crawford,494,1,0,43.23870316,-90.93073686,55023.0,3062.4263839811547,0.20242914979757085,493,487,1,0,486,466,16291,7,0,0,7,21
2020-11-08,US,Wisconsin,Dane,18523,55,0,43.06601594,-89.41733797,55025.0,3388.178051747318,0.2969281433892998,18468,18274,55,0,18219,17807,542364,249,0,0,249,467
2020-11-08,US,Wisconsin,Dodge,5738,43,0,43.41576662,-88.70928178,55027.0,6532.405878937601,0.7493900313698153,5695,5599,41,0,5558,5458,87847,139,2,0,137,141
2020-11-08,US,Wisconsin,Door,1177,10,0,44.95856458,-87.30002707,55029.0,4254.011854850371,0.8496176720475785,1167,1142,10,0,1132,1100,27610,35,0,0,35,42
2020-11-08,US,Wisconsin,Douglas,1043,1,0,46.43222285,-91.91595768,55031.0,2417.1494785631517,0.09587727708533078,1042,1033,1,0,1032,998,43208,10,0,0,10,35
2020-11-08,US,Wisconsin,Dunn,1587,1,0,44.94562799,-91.8962481,55033.0,3498.060306824193,0.0630119722747322,1586,1551,1,0,1550,1500,45131,36,0,0,36,51
2020-11-08,US,Wisconsin,Eau Claire,5036,31,0,44.726614,-91.28609183,55035.0,4812.415190260497,0.6155679110405083,5005,4897,31,0,4866,4716,104534,139,0,0,139,181
2020-11-08,US,Wisconsin,Florence,249,8,0,45.84963535,-88.39804137,55037.0,5797.438882421421,3.21285140562249,241,243,8,0,235,239,4321,6,0,0,6,4
2020-11-08,US,Wisconsin,Fond du Lac,6110,25,0,43.75354908,-88.48885325,55039.0,5908.919470421554,0.4091653027823241,6085,6035,25,0,6010,5815,103066,75,0,0,75,220
2020-11-08,US,Wisconsin,Forest,577,11,0,45.66678019,-88.77084892,55041.0,6408.262994224789,1.9064124783362215,566,570,11,0,559,560,8991,7,0,0,7,10
2020-11-08,US,Wisconsin,Grant,2423,46,0,42.8671731,-90.7063218,55043.0,4710.433717607263,1.8984729673957903,2377,2377,43,0,2334,2324,51554,46,3,0,43,53
2020-11-08,US,Wisconsin,Green,1213,5,0,42.6794956,-89.60243287,55045.0,3281.926406926407,0.4122011541632317,1208,1181,5,0,1176,1142,36929,32,0,0,32,39
2020-11-08,US,Wisconsin,Green Lake,914,4,0,43.80025981,-89.04679553,55047.0,4832.654787712156,0.43763676148796504,910,899,4,0,895,876,18918,15,0,0,15,23
2020-11-08,US,Wisconsin,Iowa,739,2,0,43.00050278,-90.13469017,55049.0,3121.0406284314563,0.2706359945872801,737,728,2,0,726,689,23771,11,0,0,11,39
2020-11-08,US,Wisconsin,Iron,259,5,0,46.26302338,-90.24295041,55051.0,4554.2465271672245,1.9305019305019304,254,255,5,0,250,242,5676,4,0,0,4,13
2020-11-08,US,Wisconsin,Jackson,891,2,0,44.31864893,-90.80566792,55053.0,4316.2331056532485,0.2244668911335578,889,846,2,0,844,771,20478,45,0,0,45,75
2020-11-08,US,Wisconsin,Jefferson,3541,26,0,43.02054068,-88.77529134,55055.0,4177.234602272057,0.7342558599265744,3515,3468,26,0,3442,3373,85129,73,0,0,73,95
2020-11-08,US,Wisconsin,Juneau,1255,5,0,43.92456975,-90.11120239,55057.0,4702.664218533369,0.398406374501992,1250,1230,5,0,1225,1049,26617,25,0,0,25,181
2020-11-08,US,Wisconsin,Kenosha,6418,96,0,42.57639354,-88.04051686,55059.0,3785.068500421677,1.4957930819569958,6322,6255,96,0,6159,6185,169290,163,0,0,163,70
2020-11-08,US,Wisconsin,Kewaunee,1297,11,0,44.51727459,-87.61468386,55061.0,6347.264363316041,0.8481110254433307,1286,1285,11,0,1274,1266,20383,12,0,0,12,19
2020-11-08,US,Wisconsin,La Crosse,5469,26,0,43.90632465,-91.11451093,55063.0,4634.117407809111,0.4754068385445237,5443,5391,26,0,5365,5174,118230,78,0,0,78,217
2020-11-08,US,Wisconsin,Lafayette,711,1,0,42.66005229,-90.1317729,55065.0,4266.426642664266,0.14064697609001406,710,685,1,0,684,659,16665,26,0,0,26,26
2020-11-08,US,Wisconsin,Langlade,1209,13,0,45.26271619,-89.07483625,55067.0,6300.484652665589,1.075268817204301,1196,1190,13,0,1177,1159,19268,19,0,0,19,31
2020-11-08,US,Wisconsin,Lincoln,1251,14,0,45.33737523,-89.73411273,55069.0,4533.7585619541205,1.1191047162270185,1237,1202,14,0,1188,1150,27689,49,0,0,49,52
2020-11-08,US,Wisconsin,Manitowoc,3557,21,0,44.11946801,-87.80928853,55071.0,4503.614793431331,0.5903851560303627,3536,3515,21,0,3494,3384,79074,42,0,0,42,131
2020-11-08,US,Wisconsin,Marathon,6672,71,0,44.89792533,-89.75863384,55073.0,4917.017952421661,1.064148681055156,6601,6512,71,0,6441,6269,135428,160,0,0,160,243
2020-11-08,US,Wisconsin,Marinette,2205,19,0,45.38553432,-88.03324599999998,55075.0,5464.6840148698875,0.8616780045351474,2186,2189,19,0,2170,2115,40434,16,0,0,16,74
2020-11-08,US,Wisconsin,Marquette,827,6,0,43.81911946,-89.40073763,55077.0,5310.132271734943,0.7255139056831923,821,808,6,0,802,778,15434,19,0,0,19,30
2020-11-08,US,Wisconsin,Menominee,406,1,0,45.00422544,-88.70950714,55078.0,8911.325724319579,0.24630541871921185,405,402,1,0,401,387,4658,4,0,0,4,15
2020-11-08,US,Wisconsin,Milwaukee,49295,622,0,43.00486062,-87.96733172,55079.0,5212.397671207094,1.2617912567197485,48673,48590,619,0,47971,47640,948201,705,3,0,702,950
2020-11-08,US,Wisconsin,Monroe,1556,8,0,43.94641218,-90.61881899999999,55081.0,3364.106112035976,0.5141388174807198,1548,1525,8,0,1517,1478,46051,31,0,0,31,47
2020-11-08,US,Wisconsin,Oconto,2511,19,0,45.02715345,-88.26807503,55083.0,6620.089638808331,0.7566706491437675,2492,2481,19,0,2462,2430,37830,30,0,0,30,51
2020-11-08,US,Wisconsin,Oneida,1586,19,0,45.70677897,-89.51944105,55085.0,4455.6819778058725,1.1979823455233292,1567,1573,19,0,1554,1535,35470,13,0,0,13,38
2020-11-08,US,Wisconsin,Outagamie,11039,86,0,44.41578887,-88.46565023,55087.0,5875.402506852596,0.7790560739197391,10953,10901,86,0,10815,10662,187365,138,0,0,138,239
2020-11-08,US,Wisconsin,Ozaukee,3093,27,0,43.38352225,-87.94625009,55089.0,3466.6726443326124,0.8729388942774006,3066,3055,27,0,3028,2944,89147,38,0,0,38,111
2020-11-08,US,Wisconsin,Pepin,249,0,0,44.58307413,-91.99949611,55091.0,3417.044051049815,0.0,249,243,0,0,243,223,7289,6,0,0,6,20
2020-11-08,US,Wisconsin,Pierce,1084,7,0,44.71850291,-92.4224416,55093.0,2535.4352809093884,0.6457564575645757,1077,1053,7,0,1046,1012,42555,31,0,0,31,41
2020-11-08,US,Wisconsin,Polk,961,3,0,45.46130348,-92.44182875,55095.0,2194.915834913094,0.3121748178980229,958,879,3,0,876,854,43598,82,0,0,82,25
2020-11-08,US,Wisconsin,Portage,3491,28,0,44.47558711,-89.50152965,55097.0,4932.741762278867,0.8020624462904612,3463,3409,28,0,3381,3356,70942,82,0,0,82,53
2020-11-08,US,Wisconsin,Price,486,3,0,45.68051754,-90.36098879999999,55099.0,3640.1767657853343,0.6172839506172839,483,476,3,0,473,471,13397,10,0,0,10,5
2020-11-08,US,Wisconsin,Racine,9644,126,0,42.74753117,-88.05941254,55101.0,4912.613149543327,1.3065118208212358,9518,9512,126,0,9386,9263,196584,132,0,0,132,249
2020-11-08,US,Wisconsin,Richland,589,10,0,43.3762778,-90.43012729,55103.0,3414.0969162995593,1.6977928692699489,579,589,10,0,579,576,17377,0,0,0,0,13
2020-11-08,US,Wisconsin,Rock,6609,54,0,42.67151616,-89.07147900000002,55105.0,4045.8146112124587,0.817067635043123,6555,6377,53,0,6324,6186,163129,232,1,0,231,191
2020-11-08,US,Wisconsin,Rusk,379,2,0,45.47498854,-91.1333012,55107.0,2673.155593172521,0.5277044854881267,377,378,1,0,377,337,14147,1,1,0,0,41
2020-11-08,US,Wisconsin,Sauk,2451,9,0,43.42574087,-89.94966132,55111.0,3803.4201297290574,0.3671970624235006,2442,2399,9,0,2390,2328,64249,52,0,0,52,71
2020-11-08,US,Wisconsin,Sawyer,504,4,0,45.87931905,-91.14504927,55113.0,3043.845875105689,0.7936507936507936,500,496,4,0,492,479,16489,8,0,0,8,17
2020-11-08,US,Wisconsin,Shawano,2971,38,0,44.78902246,-88.76443896,55115.0,7264.236289395829,1.2790306294177043,2933,2946,38,0,2908,2891,40796,25,0,0,25,55
2020-11-08,US,Wisconsin,Sheboygan,5999,32,0,43.72099677,-87.94579284,55117.0,5201.144442517772,0.5334222370395065,5967,5998,32,0,5966,5891,115456,1,0,0,1,107
2020-11-08,US,Wisconsin,St. Croix,2621,14,0,45.03437474,-92.45000068,55109.0,2890.160662498484,0.5341472720335749,2607,2546,14,0,2532,2469,89694,75,0,0,75,77
2020-11-08,US,Wisconsin,Taylor,680,10,0,45.21179252,-90.5004405,55119.0,3342.673155385145,1.4705882352941178,670,671,10,0,661,643,20412,9,0,0,9,28
2020-11-08,US,Wisconsin,Trempealeau,1364,6,0,44.30360275,-91.35893614,55121.0,4600.492428075146,0.4398826979472141,1358,1363,6,0,1357,1308,29442,1,0,0,1,55
2020-11-08,US,Wisconsin,Vernon,668,2,0,43.59422667,-90.8324691,55123.0,2167.2831094672642,0.2994011976047904,666,650,2,0,648,622,30785,18,0,0,18,28
2020-11-08,US,Wisconsin,Vilas,819,8,0,46.05467334,-89.51719204,55125.0,3690.0202748366746,0.9768009768009768,811,799,8,0,791,754,21938,20,0,0,20,45
2020-11-08,US,Wisconsin,Walworth,4117,39,0,42.66858202,-88.54163073,55127.0,3963.684676705049,0.9472917172698568,4078,4085,39,0,4046,3991,103718,32,0,0,32,94
2020-11-08,US,Wisconsin,Washburn,331,2,0,45.89838588,-91.79050449,55129.0,2105.5979643765904,0.6042296072507553,329,324,2,0,322,315,15878,7,0,0,7,9
2020-11-08,US,Wisconsin,Washington,5856,50,0,43.36863664,-88.22974712,55131.0,4304.806151403325,0.8538251366120219,5806,5784,50,0,5734,5545,135693,72,0,0,72,239
2020-11-08,US,Wisconsin,Waukesha,15614,146,0,43.01833055,-88.30431188,55133.0,3862.958253133365,0.935058281029845,15468,15397,145,0,15252,15112,403072,217,1,0,216,285
2020-11-08,US,Wisconsin,Waupaca,2982,56,0,44.47068056,-88.96534501,55135.0,5848.205530496176,1.8779342723004693,2926,2935,56,0,2879,2851,51128,47,0,0,47,84
2020-11-08,US,Wisconsin,Waushara,1476,5,0,44.11324419,-89.24317107,55137.0,6038.538640919691,0.3387533875338753,1471,1462,5,0,1457,1441,24263,14,0,0,14,21
2020-11-08,US,Wisconsin,Winnebago,10498,79,0,44.06886922,-88.64477096,55139.0,6106.790299406074,0.7525242903410173,10419,10355,79,0,10276,10101,171020,143,0,0,143,254
2020-11-08,US,Wisconsin,Wood,2457,15,0,44.45537896,-90.04158336,55141.0,3365.7995315004314,0.6105006105006106,2442,2348,15,0,2333,2273,73055,109,0,0,109,75
2020-11-08,US,Wyoming,Albany,1940,6,0,41.65498705,-105.72354150000001,56001.0,4989.711934156378,0.30927835051546393,1934,1855,6,0,1849,1839,38601,85,0,0,85,16
2020-11-08,US,Wyoming,Big Horn,316,9,0,44.52405055,-107.9960365,56003.0,2680.237489397795,2.848101265822785,307,302,8,0,294,298,11881,14,1,0,13,4
2020-11-08,US,Wyoming,Campbell,1598,5,0,44.24886082,-105.54744040000001,56005.0,3448.350272976414,0.31289111389236546,1593,1519,4,0,1515,1500,46140,79,1,0,78,19
2020-11-08,US,Wyoming,Carbon,386,3,0,41.69357844,-106.9326084,56007.0,2608.108108108108,0.7772020725388601,383,380,2,0,378,375,14971,6,1,0,5,5
2020-11-08,US,Wyoming,Converse,399,5,0,42.97272268,-105.5081848,56009.0,2886.7023585588195,1.2531328320802004,394,384,4,0,380,383,13640,15,1,0,14,1
2020-11-08,US,Wyoming,Crook,166,1,0,44.58855102,-104.56977049999999,56011.0,2188.818565400844,0.6024096385542169,165,161,1,0,160,160,7450,5,0,0,5,1
2020-11-08,US,Wyoming,Fremont,1883,18,0,43.04183996,-108.6296893,56013.0,4796.108097093808,0.9559214020180564,1865,1807,18,0,1789,1785,39531,76,0,0,76,22
2020-11-08,US,Wyoming,Goshen,252,6,0,42.08798185,-104.3534743,56015.0,1907.5013246536976,2.380952380952381,246,247,6,0,241,241,13376,5,0,0,5,6
2020-11-08,US,Wyoming,Hot Springs,63,0,0,43.71930657,-108.44231740000001,56017.0,1427.6002719238613,0.0,63,60,0,0,60,60,4555,3,0,0,3,0
2020-11-08,US,Wyoming,Johnson,151,2,0,44.04057166,-106.58451740000001,56019.0,1788.040260509177,1.3245033112582782,149,145,2,0,143,144,8460,6,0,0,6,1
2020-11-08,US,Wyoming,Laramie,2342,9,0,41.30702520000001,-104.6887497,56021.0,2353.7688442211056,0.3842869342442357,2333,2287,8,0,2279,2249,98976,55,1,0,54,38
2020-11-08,US,Wyoming,Lincoln,420,4,0,42.26376367,-110.6563997,56023.0,2118.003025718608,0.9523809523809524,416,415,3,0,412,414,19434,5,1,0,4,1
2020-11-08,US,Wyoming,Natrona,2230,13,0,42.96180148,-106.79788500000001,56025.0,2792.4566104836085,0.5829596412556054,2217,2067,12,0,2055,2026,79115,163,1,0,162,41
2020-11-08,US,Wyoming,Niobrara,35,0,0,43.05607708,-104.47588959999999,56027.0,1485.568760611205,0.0,35,33,0,0,33,29,2388,2,0,0,2,4
2020-11-08,US,Wyoming,Park,941,3,0,44.52157546,-109.58528249999999,56029.0,3223.265054463245,0.3188097768331562,938,911,3,0,908,900,29324,30,0,0,30,11
2020-11-08,US,Wyoming,Platte,211,4,0,42.13299116,-104.96633100000001,56031.0,2513.999761706184,1.895734597156398,207,204,4,0,200,207,8566,7,0,0,7,-3
2020-11-08,US,Wyoming,Sheridan,1015,8,0,44.79048913,-106.8862389,56033.0,3329.5063145809413,0.7881773399014779,1007,959,6,0,953,957,30233,56,2,0,54,2
2020-11-08,US,Wyoming,Sublette,215,1,0,42.76558279,-109.91309220000001,56035.0,2186.9596175363645,0.4651162790697674,214,212,1,0,211,211,9813,3,0,0,3,1
2020-11-08,US,Wyoming,Sweetwater,726,4,0,41.65943896,-108.8827882,56037.0,1714.569114139291,0.5509641873278237,722,692,4,0,688,681,43051,34,0,0,34,11
2020-11-08,US,Wyoming,Teton,977,2,0,43.93522482,-110.5890801,56039.0,4163.8254347084885,0.2047082906857728,975,932,2,0,930,922,23081,45,0,0,45,10
2020-11-08,US,Wyoming,Uinta,551,4,0,41.2878183,-110.54757820000002,56041.0,2724.2163551863932,0.7259528130671506,547,544,3,0,541,542,20299,7,1,0,6,2
2020-11-08,US,Wyoming,Washakie,187,7,0,43.90451606,-107.68018700000002,56043.0,2395.900064061499,3.7433155080213902,180,185,7,0,178,188,7885,2,0,0,2,-3
2020-11-08,US,Wyoming,Weston,306,0,0,43.83961191,-104.56748809999999,56045.0,4417.496751840624,0.0,306,296,1,0,295,294,6967,10,-1,0,11,2
