Date,Country/Region,Province/State,Admin2,Confirmed,Deaths,Recovered,Latitude,Longitude,FIPS,Incidence_Rate,Case-Fatality_Ratio,Active Cases,Previous Confirmed,Previous Deaths,Previous Recovered,Previous Active,Prev2 Confirmed,Population,Daily Confirmed,Daily Deaths,Daily Recovered,Daily Active,Previous Daily Confirmed
2020-09-10,US,Alabama,Autauga,1413,23,0,32.53952745,-86.64408227,1001.0,2529.130644901466,1.6277423920736025,1390,1398,23,0,1375,1385,55601,15,0,0,15,13
2020-09-10,US,Alabama,Baldwin,4678,42,0,30.72774991,-87.72207058,1003.0,2095.558920236165,0.8978195810175289,4636,4639,42,0,4597,4609,218022,39,0,0,39,30
2020-09-10,US,Alabama,Barbour,618,7,0,31.868263,-85.3871286,1005.0,2503.443247184639,1.132686084142395,611,618,7,0,611,617,24881,0,0,0,0,1
2020-09-10,US,Alabama,Bibb,566,6,0,32.99642064,-87.12511459999996,1007.0,2527.462713226757,1.060070671378092,560,564,6,0,558,562,22400,2,0,0,2,2
2020-09-10,US,Alabama,Blount,1099,12,0,33.98210918,-86.56790593,1009.0,1900.5291737280807,1.0919017288444042,1087,1082,12,0,1070,1071,57840,17,0,0,17,11
2020-09-10,US,Alabama,Bullock,550,13,0,32.10030533,-85.71265535,1011.0,5445.005445005445,2.363636363636364,537,548,13,0,535,545,10138,2,0,0,2,3
2020-09-10,US,Alabama,Butler,863,37,0,31.75300095,-86.68057478,1013.0,4437.474290415467,4.287369640787949,826,862,37,0,825,859,19680,1,0,0,1,3
2020-09-10,US,Alabama,Calhoun,2652,31,0,33.77483727,-85.82630386,1015.0,2334.404295585581,1.1689291101055808,2621,2615,31,0,2584,2602,114277,37,0,0,37,13
2020-09-10,US,Alabama,Chambers,858,40,0,32.91360079,-85.39072749,1017.0,2580.140734949179,4.662004662004662,818,858,40,0,818,857,33615,0,0,0,0,1
2020-09-10,US,Alabama,Cherokee,376,11,0,34.17805983,-85.60638968,1019.0,1435.3336387234692,2.9255319148936163,365,371,11,0,360,367,26032,5,0,0,5,4
2020-09-10,US,Alabama,Chilton,1198,12,0,32.85044126,-86.7173256,1021.0,2696.497704150536,1.001669449081803,1186,1176,12,0,1164,1172,44153,22,0,0,22,4
2020-09-10,US,Alabama,Choctaw,327,12,0,32.02227341,-88.26564429999998,1023.0,2597.5057589959492,3.669724770642202,315,326,12,0,314,325,12841,1,0,0,1,1
2020-09-10,US,Alabama,Clarke,934,13,0,31.68099859,-87.83548597,1025.0,3953.9412412158163,1.39186295503212,921,933,13,0,920,932,23920,1,0,0,1,1
2020-09-10,US,Alabama,Clay,415,6,0,33.26984193,-85.85836077,1027.0,3135.6252361163592,1.4457831325301205,409,413,6,0,407,402,13275,2,0,0,2,11
2020-09-10,US,Alabama,Cleburne,248,5,0,33.67679204,-85.52005899,1029.0,1663.3132126089872,2.0161290322580645,243,244,5,0,239,239,14987,4,0,0,4,5
2020-09-10,US,Alabama,Coffee,1024,5,0,31.39932826,-85.98901039,1031.0,1956.3639142562372,0.48828125,1019,1012,5,0,1007,985,51909,12,0,0,12,27
2020-09-10,US,Alabama,Colbert,1500,22,0,34.69847452,-87.80168544,1033.0,2715.3744501366737,1.4666666666666666,1478,1492,22,0,1470,1486,54762,8,0,0,8,6
2020-09-10,US,Alabama,Conecuh,439,11,0,31.43401703,-86.99320044,1035.0,3638.021049142289,2.5056947608200457,428,439,11,0,428,438,12277,0,0,0,0,1
2020-09-10,US,Alabama,Coosa,111,3,0,32.93690146,-86.24847739,1037.0,1040.982837850511,2.702702702702702,108,112,3,0,109,111,10715,-1,0,0,-1,1
2020-09-10,US,Alabama,Covington,828,25,0,31.247785399999998,-86.45050893,1039.0,2234.878134362601,3.0193236714975846,803,821,25,0,796,818,36986,7,0,0,7,3
2020-09-10,US,Alabama,Crenshaw,412,29,0,31.72941803,-86.31593104,1041.0,2991.5771129828636,7.0388349514563116,383,410,32,0,378,405,13824,2,-3,0,5,5
2020-09-10,US,Alabama,Cullman,1495,15,0,34.13020303,-86.86888037,1043.0,1784.691051475504,1.0033444816053512,1480,1494,15,0,1479,1483,83442,1,0,0,1,11
2020-09-10,US,Alabama,Dale,1072,42,0,31.43037123,-85.61095742,1045.0,2180.102497356219,3.917910447761194,1030,1058,42,0,1016,1032,48956,14,0,0,14,26
2020-09-10,US,Alabama,Dallas,1462,25,0,32.32688101,-87.10866709999998,1047.0,3930.530164533821,1.7099863201094392,1437,1455,25,0,1430,1450,38310,7,0,0,7,5
2020-09-10,US,Alabama,DeKalb,2128,16,0,34.45946862,-85.80782906,1049.0,2975.682742997777,0.7518796992481203,2112,2118,16,0,2102,2114,71385,10,0,0,10,4
2020-09-10,US,Alabama,Elmore,2170,44,0,32.59785413,-86.14415284,1051.0,2672.117622431011,2.0276497695852536,2126,2162,44,0,2118,2145,81887,8,0,0,8,17
2020-09-10,US,Alabama,Escambia,1276,23,0,31.1256789,-87.15918694,1053.0,3483.1982092648705,1.802507836990596,1253,1270,22,0,1248,1262,36748,6,1,0,5,8
2020-09-10,US,Alabama,Etowah,2825,42,0,34.04567266,-86.04051873,1055.0,2762.3499041733485,1.4867256637168142,2783,2810,42,0,2768,2784,102501,15,0,0,15,26
2020-09-10,US,Alabama,Fayette,327,6,0,33.72076938,-87.73886638,1057.0,2005.888847994111,1.834862385321101,321,321,6,0,315,320,16433,6,0,0,6,1
2020-09-10,US,Alabama,Franklin,1624,28,0,34.44235334,-87.84289505,1059.0,5178.241183597986,1.7241379310344829,1596,1622,27,0,1595,1601,31363,2,1,0,1,21
2020-09-10,US,Alabama,Geneva,407,3,0,31.09389027,-85.83572839,1061.0,1549.2368010353619,0.7371007371007371,404,402,3,0,399,398,26314,5,0,0,5,4
2020-09-10,US,Alabama,Greene,282,14,0,32.85504247,-87.95684022,1063.0,3476.75995561583,4.964539007092198,268,282,14,0,268,282,8233,0,0,0,0,0
2020-09-10,US,Alabama,Hale,548,27,0,32.76039258,-87.63284988,1065.0,3740.359019862125,4.927007299270073,521,547,27,0,520,542,14726,1,0,0,1,5
2020-09-10,US,Alabama,Henry,351,3,0,31.51148016,-85.24267944,1067.0,2040.104620749782,0.8547008547008547,348,347,3,0,344,346,17209,4,0,0,4,1
2020-09-10,US,Alabama,Houston,1960,15,0,31.15197924,-85.29939599,1069.0,1851.1172815020493,0.7653061224489796,1945,1938,15,0,1923,1925,104722,22,0,0,22,13
2020-09-10,US,Alabama,Jackson,1338,8,0,34.78144169,-85.99750489,1071.0,2591.7173517220003,0.5979073243647235,1330,1330,7,0,1323,1325,51736,8,1,0,7,5
2020-09-10,US,Alabama,Jefferson,17013,305,0,33.55554728,-86.89506300000002,1073.0,2583.312707930632,1.7927467230941043,16708,16883,305,0,16578,16789,659300,130,0,0,130,94
2020-09-10,US,Alabama,Lamar,283,2,0,33.77995024,-88.09668032,1075.0,2049.981890619341,0.7067137809187279,281,282,2,0,280,282,13844,1,0,0,1,0
2020-09-10,US,Alabama,Lauderdale,1504,26,0,34.90171875,-87.65624729,1077.0,1621.9305718815042,1.7287234042553192,1478,1490,25,0,1465,1485,92387,14,1,0,13,5
2020-09-10,US,Alabama,Lawrence,515,10,0,34.52041498,-87.31069453,1079.0,1564.2084801360709,1.9417475728155342,505,510,7,0,503,506,32957,5,3,0,2,4
2020-09-10,US,Alabama,Lee,3560,49,0,32.60154883,-85.35132246,1081.0,2163.581334856754,1.3764044943820224,3511,3553,49,0,3504,3529,163941,7,0,0,7,24
2020-09-10,US,Alabama,Limestone,1740,18,0,34.81185586,-86.98310072,1083.0,1759.0860840115256,1.0344827586206895,1722,1725,18,0,1707,1715,96174,15,0,0,15,10
2020-09-10,US,Alabama,Lowndes,602,25,0,32.1597283,-86.65158371,1085.0,6189.594900267325,4.1528239202657815,577,604,25,0,579,604,9974,-2,0,0,-2,0
2020-09-10,US,Alabama,Macon,415,17,0,32.38759944,-85.69267724,1087.0,2296.8784591543067,4.096385542168675,398,414,17,0,397,413,18439,1,0,0,1,1
2020-09-10,US,Alabama,Madison,6675,59,0,34.76327133,-86.55069633,1089.0,1789.9809336862345,0.8838951310861424,6616,6649,57,0,6592,6631,366519,26,2,0,24,18
2020-09-10,US,Alabama,Marengo,649,18,0,32.24767634,-87.78796182,1091.0,3440.5979960769755,2.773497688751926,631,647,18,0,629,647,19066,2,0,0,2,0
2020-09-10,US,Alabama,Marion,770,27,0,34.13697363,-87.88704173,1093.0,2591.807196472449,3.5064935064935066,743,761,27,0,734,754,29763,9,0,0,9,7
2020-09-10,US,Alabama,Marshall,3520,41,0,34.36975964,-86.30486727,1095.0,3637.340608014549,1.1647727272727273,3479,3519,41,0,3478,3515,96109,1,0,0,1,4
2020-09-10,US,Alabama,Mobile,12403,271,0,30.78472347,-88.20842409,1097.0,3001.62145156216,2.1849552527614287,12132,12364,270,0,12094,12312,413757,39,1,0,38,52
2020-09-10,US,Alabama,Monroe,441,7,0,31.56729412,-87.36995001,1099.0,2127.043843148604,1.5873015873015872,434,438,6,0,432,438,21067,3,1,0,2,0
2020-09-10,US,Alabama,Montgomery,8021,165,0,32.2206831,-86.20969272,1101.0,3541.499253817013,2.0571001122054606,7856,7985,163,0,7822,7963,225763,36,2,0,34,22
2020-09-10,US,Alabama,Morgan,2919,23,0,34.45500589,-86.85475946,1103.0,2439.0243902439024,0.7879410757108599,2896,2914,22,0,2892,2896,119089,5,1,0,4,18
2020-09-10,US,Alabama,Perry,484,5,0,32.64048341,-87.29770589,1105.0,5424.184691247338,1.033057851239669,479,484,5,0,479,483,9140,0,0,0,0,1
2020-09-10,US,Alabama,Pickens,556,12,0,33.28094866,-88.08818103,1107.0,2789.764174611139,2.1582733812949644,544,551,11,0,540,545,19938,5,1,0,4,6
2020-09-10,US,Alabama,Pike,866,7,0,31.80396383,-85.9408295,1109.0,2615.2080690946427,0.8083140877598153,859,857,7,0,850,853,33338,9,0,0,9,4
2020-09-10,US,Alabama,Randolph,499,11,0,33.29526734,-85.45708831,1111.0,2196.1094974033977,2.2044088176352705,488,494,11,0,483,494,22725,5,0,0,5,0
2020-09-10,US,Alabama,Russell,1569,2,0,32.28725256,-85.18415324,1113.0,2706.992632977347,0.12746972594008926,1567,1568,2,0,1566,1567,57781,1,0,0,1,1
2020-09-10,US,Alabama,Shelby,4482,40,0,33.26879845,-86.66232561,1117.0,2058.7775950611385,0.892458723784025,4442,4441,40,0,4401,4388,215707,41,0,0,41,53
2020-09-10,US,Alabama,St. Clair,1749,32,0,33.71902176,-86.31029372,1115.0,1953.9279649655912,1.8296169239565463,1717,1744,31,0,1713,1728,88690,5,1,0,4,16
2020-09-10,US,Alabama,Sumter,404,19,0,32.59117397,-88.19916205,1119.0,3250.9857568198277,4.702970297029704,385,404,19,0,385,403,12691,0,0,0,0,1
2020-09-10,US,Alabama,Talladega,1327,21,0,33.37823223,-86.16886178,1121.0,1659.206281727475,1.5825169555388094,1306,1319,21,0,1298,1317,79828,8,0,0,8,2
2020-09-10,US,Alabama,Tallapoosa,946,82,0,32.86698258,-85.79833053,1123.0,2343.4984021601804,8.668076109936575,864,943,82,0,861,942,40497,3,0,0,3,1
2020-09-10,US,Alabama,Tuscaloosa,5416,95,0,33.28726072,-87.52556818,1125.0,2586.993384442693,1.7540620384047267,5321,5395,94,0,5301,5365,208911,21,1,0,20,30
2020-09-10,US,Alabama,Unassigned,12298,125,0,0.0,0.0,90001.0,0.0,1.0164254350300859,12173,11837,124,0,11713,11727,,461,1,0,460,110
2020-09-10,US,Alabama,Walker,1985,75,0,33.80270512,-87.30027177,1127.0,3124.950803671227,3.778337531486146,1910,1975,74,0,1901,1958,63711,10,1,0,9,17
2020-09-10,US,Alabama,Washington,503,13,0,31.4092794,-88.20689944,1129.0,3080.97513169178,2.584493041749503,490,503,13,0,490,502,16378,0,0,0,0,1
2020-09-10,US,Alabama,Wilcox,477,11,0,31.98773215,-87.30891118,1131.0,4598.476814807674,2.3060796645702304,466,477,11,0,466,474,10627,0,0,0,0,3
2020-09-10,US,Alabama,Winston,600,12,0,34.15030532,-87.37325922,1133.0,2539.2526133141478,2.0,588,598,12,0,586,585,23660,2,0,0,2,13
2020-09-10,US,Alaska,Aleutians East,2,0,0,55.32222414,-161.9722021,2013.0,59.93407252022774,0.0,2,2,0,0,2,2,3515,0,0,0,0,0
2020-09-10,US,Alaska,Aleutians West,7,0,0,52.3233,-174.1596,2016.0,124.24565140220093,0.0,7,7,0,0,7,7,5723,0,0,0,0,0
2020-09-10,US,Alaska,Anchorage,3411,25,0,61.14998174,-149.14269860000005,2020.0,1184.375,0.7329228965112871,3386,3346,25,0,3321,3313,291538,65,0,0,65,33
2020-09-10,US,Alaska,Bethel,74,1,0,60.90980451,-159.8561831,2050.0,402.480147938649,1.351351351351351,73,72,1,0,71,71,18216,2,0,0,2,1
2020-09-10,US,Alaska,Bristol Bay,10,0,0,58.74513976,-156.701064,2060.0,1196.1722488038274,0.0,10,10,0,0,10,10,877,0,0,0,0,0
2020-09-10,US,Alaska,Denali,2,0,0,63.67264044,-150.0076108,2068.0,95.37434430138292,0.0,2,2,0,0,2,2,2059,0,0,0,0,0
2020-09-10,US,Alaska,Dillingham,5,0,0,59.79603738,-158.23819419999995,2070.0,101.70870626525631,0.0,5,5,0,0,5,5,5000,0,0,0,0,0
2020-09-10,US,Alaska,Fairbanks North Star,804,9,0,64.80726247,-146.5692662,2090.0,830.1582876436514,1.1194029850746268,795,772,9,0,763,761,98971,32,0,0,32,11
2020-09-10,US,Alaska,Haines,4,0,0,59.09893571,-135.4679843,2100.0,158.10276679841897,0.0,4,4,0,0,4,4,2474,0,0,0,0,0
2020-09-10,US,Alaska,Juneau,218,1,0,58.45031811,-134.200436,2110.0,681.8039657221493,0.4587155963302753,217,210,1,0,209,197,32113,8,0,0,8,13
2020-09-10,US,Alaska,Kenai Peninsula,425,2,0,60.24429722,-151.53888840000005,2122.0,723.9217823805956,0.4705882352941176,423,425,2,0,423,423,58533,0,0,0,0,2
2020-09-10,US,Alaska,Ketchikan Gateway,47,0,0,55.57445008,-130.975561,2130.0,338.1051722897633,0.0,47,47,0,0,47,47,13918,0,0,0,0,0
2020-09-10,US,Alaska,Kodiak Island,19,0,0,57.65529415,-153.7493579,2150.0,146.17633482074166,0.0,19,18,0,0,18,18,13345,1,0,0,1,0
2020-09-10,US,Alaska,Kusilvak,9,0,0,62.15429159999999,-163.39678830000003,2158.0,108.2511426509502,0.0,9,8,0,0,8,8,8303,1,0,0,1,0
2020-09-10,US,Alaska,Matanuska-Susitna,520,2,0,62.31305045,-149.5741743,2170.0,480.0723801434678,0.38461538461538464,518,514,2,0,512,514,107610,6,0,0,6,0
2020-09-10,US,Alaska,Nome,47,0,0,64.90320724,-164.0353804,2180.0,469.81207516993203,0.0,47,47,0,0,47,46,10008,0,0,0,0,1
2020-09-10,US,Alaska,North Slope,57,0,0,69.31479216,-153.4836093,2185.0,579.7396257119609,0.0,57,55,0,0,55,54,9872,2,0,0,2,1
2020-09-10,US,Alaska,Northwest Arctic,73,0,0,67.04919196,-159.7503946,2188.0,957.8795433670122,0.0,73,72,0,0,72,72,7671,1,0,0,1,0
2020-09-10,US,Alaska,Petersburg,7,1,0,57.13978948,-132.9540995,2195.0,214.32945499081444,14.285714285714285,6,7,1,0,6,7,3221,0,0,0,0,0
2020-09-10,US,Alaska,Prince of Wales-Hyder,29,0,0,55.76261984,-133.0511621,2198.0,467.5157182008706,0.0,29,29,0,0,29,28,6422,0,0,0,0,1
2020-09-10,US,Alaska,Sitka,40,0,0,57.24124555,-135.3206587,2220.0,470.9760979630284,0.0,40,39,0,0,39,39,8647,1,0,0,1,0
2020-09-10,US,Alaska,Southeast Fairbanks,20,0,0,63.87692095,-143.2127643,2240.0,290.14942695488185,0.0,20,19,0,0,19,19,6918,1,0,0,1,0
2020-09-10,US,Alaska,Unassigned,1,0,0,0.0,0.0,90002.0,0.0,0.0,1,1,0,0,1,1,,0,0,0,0,0
2020-09-10,US,Alaska,Valdez-Cordova,75,0,0,61.47502768,-144.7126799,2261.0,815.0402086502934,0.0,75,75,0,0,75,75,9164,0,0,0,0,0
2020-09-10,US,Alaska,Wrangell,12,0,0,56.3202004,-132.05837309999998,2275.0,479.61630695443637,0.0,12,12,0,0,12,12,2503,0,0,0,0,0
2020-09-10,US,Alaska,Yakutat,21,0,0,59.890980799999994,-140.36014509999998,2282.0,3626.943005181347,0.0,21,21,0,0,21,21,604,0,0,0,0,0
2020-09-10,US,Alaska,Yukon-Koyukuk,73,1,0,65.50815459,-151.39073869999999,2290.0,1395.7934990439774,1.3698630136986298,72,72,1,0,71,72,5327,1,0,0,1,0
2020-09-10,US,Arizona,Apache,3392,154,0,35.39465006,-109.4892383,4001.0,4718.516560713342,4.540094339622642,3238,3375,154,0,3221,3371,71818,17,0,0,17,4
2020-09-10,US,Arizona,Cochise,1855,64,0,31.87934684,-109.7516088,4003.0,1473.1341624180047,3.4501347708894885,1791,1847,64,0,1783,1845,126770,8,0,0,8,2
2020-09-10,US,Arizona,Coconino,3436,130,0,35.83883429,-111.77071780000001,4005.0,2394.82561543394,3.783469150174622,3306,3409,130,0,3279,3397,142854,27,0,0,27,12
2020-09-10,US,Arizona,Gila,1154,51,0,33.80190085,-110.8132779,4007.0,2136.324928727461,4.419410745233969,1103,1148,51,0,1097,1134,53889,6,0,0,6,14
2020-09-10,US,Arizona,Graham,767,24,0,32.93166885,-109.8882178,4009.0,1974.9208229265905,3.1290743155149934,743,766,24,0,742,765,38072,1,0,0,1,1
2020-09-10,US,Arizona,Greenlee,58,1,0,33.21498827,-109.2405279,4011.0,610.6548747104654,1.7241379310344829,57,58,1,0,57,59,9483,0,0,0,0,-1
2020-09-10,US,Arizona,La Paz,525,15,0,33.72854224,-113.98100290000001,4012.0,2487.208641273451,2.8571428571428568,510,518,15,0,503,517,21098,7,0,0,7,1
2020-09-10,US,Arizona,Maricopa,136571,3133,0,33.34835867,-112.49181540000001,4013.0,3044.780258856819,2.2940448557892963,133438,136324,3116,0,133208,136040,4410824,247,17,0,230,284
2020-09-10,US,Arizona,Mohave,3776,216,0,35.70471703,-113.7577902,4015.0,1779.612689166325,5.720338983050849,3560,3769,215,0,3554,3757,209550,7,1,0,6,12
2020-09-10,US,Arizona,Navajo,5665,225,0,35.3997715,-110.3218983,4017.0,5107.10035700119,3.9717563989408653,5440,5661,225,0,5436,5657,110445,4,0,0,4,4
2020-09-10,US,Arizona,Pima,22140,600,0,32.0971334,-111.7890033,4019.0,2114.049837722326,2.710027100271003,21540,22071,596,0,21475,22035,1039073,69,4,0,65,36
2020-09-10,US,Arizona,Pinal,10142,191,0,32.90525627,-111.3449483,4021.0,2191.4954763401897,1.883257740090712,9951,10086,191,0,9895,9983,447138,56,0,0,56,103
2020-09-10,US,Arizona,Santa Cruz,2780,59,0,31.52508998,-110.8479088,4023.0,5978.751774269861,2.122302158273381,2721,2779,59,0,2720,2776,46511,1,0,0,1,3
2020-09-10,US,Arizona,Unassigned,0,1,0,0.0,0.0,90004.0,0.0,0.0,-1,0,1,0,-1,0,,0,0,0,0,0
2020-09-10,US,Arizona,Yavapai,2390,79,0,34.59933926,-112.5538588,4025.0,1016.593009753338,3.305439330543933,2311,2386,79,0,2307,2369,231993,4,0,0,4,17
2020-09-10,US,Arizona,Yuma,12351,330,0,32.76895712,-113.90666740000002,4027.0,5777.245576204353,2.671848433325237,12021,12344,330,0,12014,12340,212128,7,0,0,7,4
2020-09-10,US,Arkansas,Arkansas,302,4,0,34.29145151,-91.37277296,5001.0,1727.095962484273,1.3245033112582782,298,301,4,0,297,300,17769,1,0,0,1,1
2020-09-10,US,Arkansas,Ashley,395,8,0,33.19153461,-91.76984709999999,5003.0,2009.4622780688806,2.0253164556962027,387,393,7,0,386,393,20046,2,1,0,1,0
2020-09-10,US,Arkansas,Baxter,173,1,0,36.28784385,-92.33782872,5005.0,412.57273681198126,0.5780346820809249,172,163,1,0,162,161,41619,10,0,0,10,2
2020-09-10,US,Arkansas,Benton,5699,60,0,36.33644656,-94.25680817,5007.0,2041.62054302306,1.052816283558519,5639,5687,60,0,5627,5662,272608,12,0,0,12,25
2020-09-10,US,Arkansas,Boone,441,4,0,36.3084504,-93.09374925,5009.0,1178.1363539217782,0.90702947845805,437,429,4,0,425,422,37480,12,0,0,12,7
2020-09-10,US,Arkansas,Bradley,315,6,0,33.46755808,-92.15980837,5011.0,2926.6933011242218,1.9047619047619049,309,315,6,0,309,315,10897,0,0,0,0,0
2020-09-10,US,Arkansas,Calhoun,26,0,0,33.55598792,-92.49974403,5013.0,501.0599344767778,0.0,26,25,0,0,25,25,5277,1,0,0,1,0
2020-09-10,US,Arkansas,Carroll,518,8,0,36.34038560000001,-93.54270261,5015.0,1825.2290345313602,1.5444015444015444,510,515,8,0,507,506,28223,3,0,0,3,9
2020-09-10,US,Arkansas,Chicot,970,11,0,33.26458973,-91.29539209,5017.0,9586.874876457798,1.134020618556701,959,970,11,0,959,970,10438,0,0,0,0,0
2020-09-10,US,Arkansas,Clark,268,4,0,34.04613432,-93.17484713,5019.0,1200.7168458781364,1.492537313432836,264,272,4,0,268,268,22061,-4,0,0,-4,4
2020-09-10,US,Arkansas,Clay,216,5,0,36.36826212,-90.4148172,5021.0,1484.4340595148099,2.314814814814815,211,214,5,0,209,214,14847,2,0,0,2,0
2020-09-10,US,Arkansas,Cleburne,274,7,0,35.53864922,-92.02640019,5023.0,1099.5625827681688,2.554744525547445,267,271,7,0,264,270,24965,3,0,0,3,1
2020-09-10,US,Arkansas,Cleveland,145,7,0,33.89723187,-92.18537045,5025.0,1822.523881347411,4.827586206896552,138,143,7,0,136,143,8018,2,0,0,2,0
2020-09-10,US,Arkansas,Columbia,323,16,0,33.21230701,-93.22642793,5027.0,1376.9876795839193,4.953560371517028,307,321,16,0,305,320,23537,2,0,0,2,1
2020-09-10,US,Arkansas,Conway,222,3,0,35.26205537,-92.70506566,5029.0,1064.9525088746043,1.351351351351351,219,222,3,0,219,222,20891,0,0,0,0,0
2020-09-10,US,Arkansas,Craighead,2213,16,0,35.83018283,-90.63235729,5031.0,2005.7644201138385,0.7230004518752824,2197,2178,16,0,2162,2139,108558,35,0,0,35,39
2020-09-10,US,Arkansas,Crawford,1009,10,0,35.58928601,-94.2446814,5033.0,1595.0803863604028,0.9910802775024776,999,1002,10,0,992,1000,63406,7,0,0,7,2
2020-09-10,US,Arkansas,Crittenden,1767,36,0,35.21247318,-90.30839406,5035.0,3684.7044103847356,2.037351443123939,1731,1757,36,0,1721,1748,48342,10,0,0,10,9
2020-09-10,US,Arkansas,Cross,345,5,0,35.29631396,-90.77185818,5037.0,2101.224191485474,1.4492753623188406,340,341,5,0,336,337,16676,4,0,0,4,4
2020-09-10,US,Arkansas,Dallas,141,2,0,33.97042763,-92.65167437,5039.0,2011.6992438293626,1.4184397163120568,139,139,2,0,137,137,7182,2,0,0,2,2
2020-09-10,US,Arkansas,Desha,256,5,0,33.83011025,-91.25500948,5041.0,2253.322770882845,1.953125,251,255,5,0,250,254,11512,1,0,0,1,1
2020-09-10,US,Arkansas,Drew,322,5,0,33.59035001,-91.71777921,5043.0,1767.3856962511663,1.5527950310559009,317,322,5,0,317,322,18328,0,0,0,0,0
2020-09-10,US,Arkansas,Faulkner,1840,10,0,35.14719007,-92.33717519,5045.0,1460.236336076567,0.5434782608695652,1830,1827,9,0,1818,1809,124806,13,1,0,12,18
2020-09-10,US,Arkansas,Franklin,195,2,0,35.51202821,-93.89299569,5047.0,1100.762066045724,1.0256410256410255,193,193,2,0,191,191,17810,2,0,0,2,2
2020-09-10,US,Arkansas,Fulton,88,1,0,36.38177105,-91.81729127,5049.0,705.2977478560551,1.1363636363636365,87,87,1,0,86,85,12269,1,0,0,1,2
2020-09-10,US,Arkansas,Garland,1563,34,0,34.57692074,-93.14921604,5051.0,1572.6561085062287,2.17530390275112,1529,1552,34,0,1518,1537,99154,11,0,0,11,15
2020-09-10,US,Arkansas,Grant,212,1,0,34.29017991,-92.42320562,5053.0,1160.6898439638653,0.4716981132075472,211,211,1,0,210,208,18188,1,0,0,1,3
2020-09-10,US,Arkansas,Greene,682,7,0,36.11735460000001,-90.55832668,5055.0,1504.6883618312188,1.0263929618768328,675,677,7,0,670,674,45325,5,0,0,5,3
2020-09-10,US,Arkansas,Hempstead,337,4,0,33.73325583,-93.66935133,5057.0,1565.1123908601153,1.1869436201780414,333,337,3,0,334,337,21741,0,1,0,-1,0
2020-09-10,US,Arkansas,Hot Spring,1762,23,0,34.31709259,-92.95396325,5059.0,5217.494299843061,1.3053348467650396,1739,1759,23,0,1736,1750,33701,3,0,0,3,9
2020-09-10,US,Arkansas,Howard,439,8,0,34.09007427,-93.9934871,5061.0,3325.2537494319045,1.8223234624145783,431,437,8,0,429,437,13341,2,0,0,2,0
2020-09-10,US,Arkansas,Independence,844,12,0,35.74242707,-91.57001641,5063.0,2231.32848645076,1.4218009478672986,832,837,12,0,825,823,37678,7,0,0,7,14
2020-09-10,US,Arkansas,Izard,119,0,0,36.09604046,-91.90847954,5065.0,873.1381612737545,0.0,119,114,0,0,114,112,13593,5,0,0,5,2
2020-09-10,US,Arkansas,Jackson,217,1,0,35.59802983,-91.21494602,5067.0,1297.924517016568,0.4608294930875576,216,214,1,0,213,195,16811,3,0,0,3,19
2020-09-10,US,Arkansas,Jefferson,2372,54,0,34.26767081,-91.92619839,5069.0,3549.622889979648,2.2765598650927488,2318,2338,53,0,2285,2314,68114,34,1,0,33,24
2020-09-10,US,Arkansas,Johnson,792,4,0,35.56759135,-93.46036368,5071.0,2979.908194747536,0.5050505050505051,788,789,4,0,785,789,26742,3,0,0,3,0
2020-09-10,US,Arkansas,Lafayette,78,2,0,33.24116713,-93.60677071,5073.0,1177.536231884058,2.5641025641025643,76,77,2,0,75,76,6682,1,0,0,1,1
2020-09-10,US,Arkansas,Lawrence,276,11,0,36.04188196,-91.10867198,5075.0,1682.3113495062785,3.985507246376812,265,275,11,0,264,271,16434,1,0,0,1,4
2020-09-10,US,Arkansas,Lee,1015,12,0,34.78498904,-90.78383866,5077.0,11459.862255842836,1.1822660098522169,1003,1015,11,0,1004,1014,8985,0,1,0,-1,1
2020-09-10,US,Arkansas,Lincoln,1769,13,0,33.95317155,-91.74002806,5079.0,13582.61670761671,0.7348784624081401,1756,1767,13,0,1754,1767,13383,2,0,0,2,0
2020-09-10,US,Arkansas,Little River,313,18,0,33.70375665,-94.23468591,5081.0,2553.2262011583325,5.7507987220447285,295,311,18,0,293,307,12326,2,0,0,2,4
2020-09-10,US,Arkansas,Logan,375,1,0,35.21413234,-93.71951016,5083.0,1746.9486630019567,0.26666666666666666,374,372,1,0,371,370,21737,3,0,0,3,2
2020-09-10,US,Arkansas,Lonoke,804,5,0,34.75392199,-91.88742357,5085.0,1096.7275505053951,0.6218905472636815,799,804,5,0,799,796,73657,0,0,0,0,8
2020-09-10,US,Arkansas,Madison,310,2,0,36.01038185,-93.72524943,5087.0,1870.1737451737451,0.6451612903225806,308,310,2,0,308,310,16481,0,0,0,0,0
2020-09-10,US,Arkansas,Marion,57,0,0,36.26844485,-92.68451899,5089.0,341.4400383371272,0.0,57,57,0,0,57,53,16722,0,0,0,0,4
2020-09-10,US,Arkansas,Miller,674,10,0,33.31403423,-93.89285258,5091.0,1558.12932011004,1.483679525222552,664,673,10,0,663,670,43592,1,0,0,1,3
2020-09-10,US,Arkansas,Mississippi,1456,34,0,35.76271485,-90.05194370000002,5093.0,3581.707707067477,2.3351648351648358,1422,1448,34,0,1414,1442,41239,8,0,0,8,6
2020-09-10,US,Arkansas,Monroe,101,0,0,34.6815935,-91.20540287,5095.0,1507.2377257125802,0.0,101,101,0,0,101,101,6900,0,0,0,0,0
2020-09-10,US,Arkansas,Montgomery,119,4,0,34.53704874,-93.65824478,5097.0,1324.2822167816605,3.361344537815126,115,118,4,0,114,118,8924,1,0,0,1,0
2020-09-10,US,Arkansas,Nevada,171,12,0,33.66340119,-93.30632432,5099.0,2072.2249151720794,7.0175438596491215,159,170,12,0,158,166,8326,1,0,0,1,4
2020-09-10,US,Arkansas,Newton,154,15,0,35.91947491,-93.21612969,5101.0,1986.327873081388,9.74025974025974,139,150,15,0,135,146,7805,4,0,0,4,4
2020-09-10,US,Arkansas,Ouachita,189,5,0,33.58839816,-92.87795984,5103.0,808.3140877598153,2.6455026455026456,184,186,5,0,181,184,23606,3,0,0,3,2
2020-09-10,US,Arkansas,Perry,65,0,0,34.945915299999996,-92.94372564,5105.0,621.712099473936,0.0,65,65,0,0,65,63,10352,0,0,0,0,2
2020-09-10,US,Arkansas,Phillips,424,10,0,34.43268455,-90.84800154,5107.0,2384.4336969969627,2.358490566037736,414,424,10,0,414,422,18029,0,0,0,0,2
2020-09-10,US,Arkansas,Pike,204,1,0,34.16250414,-93.65789349,5109.0,1903.3401754058593,0.4901960784313725,203,191,1,0,190,189,10673,13,0,0,13,2
2020-09-10,US,Arkansas,Poinsett,537,6,0,35.57433534,-90.66268713,5111.0,2282.386943216593,1.11731843575419,531,534,6,0,528,530,23974,3,0,0,3,4
2020-09-10,US,Arkansas,Polk,241,4,0,34.48254879,-94.22728802,5113.0,1207.1729112402325,1.6597510373443984,237,240,4,0,236,240,20049,1,0,0,1,0
2020-09-10,US,Arkansas,Pope,1908,22,0,35.44871474,-93.03212219,5115.0,2977.899862654513,1.1530398322851152,1886,1896,21,0,1875,1886,64000,12,1,0,11,10
2020-09-10,US,Arkansas,Prairie,124,1,0,34.83624419,-91.55162157,5117.0,1538.079880922848,0.8064516129032258,123,124,1,0,123,122,8074,0,0,0,0,2
2020-09-10,US,Arkansas,Pulaski,7683,116,0,34.77054088,-92.31355101,5119.0,1960.3940690615984,1.5098268905375505,7567,7612,115,0,7497,7566,392680,71,1,0,70,46
2020-09-10,US,Arkansas,Randolph,329,18,0,36.3415714,-91.02455531,5121.0,1832.052567101013,5.47112462006079,311,327,18,0,309,325,17948,2,0,0,2,2
2020-09-10,US,Arkansas,Saline,1736,15,0,34.64916145,-92.67583224,5125.0,1417.8720484820765,0.8640552995391705,1721,1712,15,0,1697,1701,121421,24,0,0,24,11
2020-09-10,US,Arkansas,Scott,90,1,0,34.85588887,-94.0632176,5127.0,875.4012255617157,1.1111111111111112,89,90,0,0,90,90,10319,0,1,0,-1,0
2020-09-10,US,Arkansas,Searcy,118,0,0,35.9109364,-92.69936482,5129.0,1497.271919807131,0.0,118,117,0,0,117,115,7958,1,0,0,1,2
2020-09-10,US,Arkansas,Sebastian,3075,39,0,35.19605503,-94.27162713,5131.0,2405.5950620760877,1.2682926829268293,3036,3053,38,0,3015,3042,127753,22,1,0,21,11
2020-09-10,US,Arkansas,Sevier,1175,16,0,33.99780401,-94.2424869,5133.0,6908.919856529666,1.3617021276595744,1159,1174,16,0,1158,1173,17139,1,0,0,1,1
2020-09-10,US,Arkansas,Sharp,156,6,0,36.16258158,-91.47819342,5135.0,894.392844857241,3.8461538461538463,150,155,6,0,149,157,17366,1,0,0,1,-2
2020-09-10,US,Arkansas,St. Francis,1379,4,0,35.02201976,-90.74828138,5123.0,5517.324157797872,0.29006526468455396,1375,1378,4,0,1374,1377,25439,1,0,0,1,1
2020-09-10,US,Arkansas,Stone,257,5,0,35.86251946,-92.15684085,5137.0,2055.013593475132,1.9455252918287935,252,255,4,0,251,250,12457,2,1,0,1,5
2020-09-10,US,Arkansas,Unassigned,1117,0,0,0.0,0.0,90005.0,0.0,0.0,1117,1157,0,0,1157,1209,,-40,0,0,-40,-52
2020-09-10,US,Arkansas,Union,755,25,0,33.16887091,-92.59746952,5139.0,1951.8122123985315,3.3112582781456954,730,748,25,0,723,740,39126,7,0,0,7,8
2020-09-10,US,Arkansas,Van Buren,148,2,0,35.58095779,-92.51295036,5141.0,894.530069507404,1.351351351351351,146,148,2,0,146,145,16603,0,0,0,0,3
2020-09-10,US,Arkansas,Washington,7822,82,0,35.976844,-94.21800746,5143.0,3270.244620317994,1.0483252365124007,7740,7769,80,0,7689,7703,236961,53,2,0,51,66
2020-09-10,US,Arkansas,White,577,14,0,35.25688493,-91.74908296,5145.0,732.6705014412149,2.4263431542461005,563,576,14,0,562,576,78727,1,0,0,1,0
2020-09-10,US,Arkansas,Woodruff,29,0,0,35.18902527,-91.2439489,5147.0,458.86075949367086,0.0,29,29,0,0,29,29,6490,0,0,0,0,0
2020-09-10,US,Arkansas,Yell,1192,25,0,35.00292371,-93.41171338,5149.0,5585.492713556066,2.097315436241611,1167,1191,25,0,1166,1191,21535,1,0,0,1,0
2020-09-10,US,California,Alameda,19710,303,0,37.64629437,-121.8929271,6001.0,1179.301023317372,1.5372907153729072,19407,19596,303,0,19293,19496,1666753,114,0,0,114,100
2020-09-10,US,California,Alpine,2,0,0,38.59678594,-119.82235940000001,6003.0,177.14791851195747,0.0,2,2,0,0,2,2,1101,0,0,0,0,0
2020-09-10,US,California,Amador,280,16,0,38.44583082,-120.65696000000001,6005.0,704.3670758703964,5.7142857142857135,264,280,16,0,264,280,39383,0,0,0,0,0
2020-09-10,US,California,Butte,2463,28,0,39.66727762,-121.6005252,6007.0,1123.7031562234815,1.1368250101502233,2435,2463,28,0,2435,2450,231256,0,0,0,0,13
2020-09-10,US,California,Calaveras,286,2,0,38.20537103,-120.55291299999999,6009.0,623.0258141814617,0.6993006993006993,284,286,2,0,284,273,45602,0,0,0,0,13
2020-09-10,US,California,Colusa,485,6,0,39.17881957,-122.2331726,6011.0,2250.8933958323664,1.2371134020618555,479,478,6,0,472,475,21627,7,0,0,7,3
2020-09-10,US,California,Contra Costa,14885,187,0,37.91923498,-121.9289527,6013.0,1290.3913739265522,1.2562982868659724,14698,14740,187,0,14553,14712,1150215,145,0,0,145,28
2020-09-10,US,California,Del Norte,124,1,0,41.74228275,-123.89740630000001,6015.0,445.850711922911,0.8064516129032258,123,124,1,0,123,124,27828,0,0,0,0,0
2020-09-10,US,California,El Dorado,1019,2,0,38.77965956,-120.5233166,6017.0,528.409120372531,0.19627085377821396,1017,1013,2,0,1011,1011,190678,6,0,0,6,2
2020-09-10,US,California,Fresno,26724,326,0,36.75733899,-119.6466953,6019.0,2674.8046493797924,1.2198772638826525,26398,26640,326,0,26314,26565,994400,84,0,0,84,75
2020-09-10,US,California,Glenn,497,3,0,39.59875897,-122.3938452,6021.0,1750.4314443700912,0.6036217303822937,494,497,3,0,494,488,28047,0,0,0,0,9
2020-09-10,US,California,Humboldt,442,4,0,40.69923009,-123.876044,6023.0,326.05969400551794,0.9049773755656108,438,434,4,0,430,434,136373,8,0,0,8,0
2020-09-10,US,California,Imperial,11183,303,0,33.0393082,-115.36690420000001,6025.0,6171.122699555776,2.709469730841456,10880,11093,301,0,10792,11056,181827,90,2,0,88,37
2020-09-10,US,California,Inyo,183,14,0,36.51112084,-117.41119779999998,6027.0,1014.4686512556128,7.6502732240437155,169,183,14,0,169,183,17987,0,0,0,0,0
2020-09-10,US,California,Kern,30371,297,0,35.34329425,-118.72777959999999,6029.0,3373.798325264774,0.9779065555957986,30074,30202,296,0,29906,30179,896764,169,1,0,168,23
2020-09-10,US,California,Kings,6894,76,0,36.07409056,-119.8159973,6031.0,4507.650058846607,1.1024078909196402,6818,6878,76,0,6802,6847,151366,16,0,0,16,31
2020-09-10,US,California,Lake,372,6,0,39.10124298,-122.75362439999999,6033.0,577.765352716429,1.6129032258064515,366,370,6,0,364,368,64382,2,0,0,2,2
2020-09-10,US,California,Lassen,727,0,0,40.67311306,-120.59350990000002,6035.0,2377.9151538939586,0.0,727,725,0,0,725,720,30802,2,0,0,2,5
2020-09-10,US,California,Los Angeles,251024,6128,0,34.30828379,-118.22824109999999,6037.0,2500.461445425375,2.441200841353815,244896,249859,6090,0,243769,249241,10105518,1165,38,0,1127,618
2020-09-10,US,California,Madera,4079,58,0,37.21513971,-119.76655890000002,6039.0,2592.68911248546,1.4219171365530767,4021,4064,58,0,4006,4025,157672,15,0,0,15,39
2020-09-10,US,California,Marin,6378,99,0,38.07122463,-122.72106310000001,6041.0,2464.2037507823793,1.5522107243650047,6279,6368,99,0,6269,6339,259666,10,0,0,10,29
2020-09-10,US,California,Mariposa,74,2,0,37.57978556,-119.9073334,6043.0,430.15753066325635,2.702702702702702,72,74,2,0,72,74,17471,0,0,0,0,0
2020-09-10,US,California,Mendocino,778,18,0,39.4381191,-123.39113130000001,6045.0,896.8403093983792,2.3136246786632397,760,777,17,0,760,773,87606,1,1,0,0,4
2020-09-10,US,California,Merced,8440,125,0,37.18922369,-120.72090349999999,6047.0,3039.469893402477,1.481042654028436,8315,8415,123,0,8292,8381,274765,25,2,0,23,34
2020-09-10,US,California,Modoc,22,0,0,41.58965602,-120.7244817,6049.0,248.84062888813483,0.0,22,21,0,0,21,21,8777,1,0,0,1,0
2020-09-10,US,California,Mono,162,2,0,37.93899289,-118.8872409,6051.0,1121.5729714760457,1.2345679012345678,160,162,2,0,160,162,14250,0,0,0,0,0
2020-09-10,US,California,Monterey,8698,62,0,36.21862405,-121.24133970000001,6053.0,2003.8658160949728,0.7128075419636698,8636,8661,62,0,8599,8629,435594,37,0,0,37,32
2020-09-10,US,California,Napa,1528,13,0,38.50735751,-122.33283899999999,6055.0,1109.3042165175978,0.8507853403141361,1515,1518,13,0,1505,1514,139417,10,0,0,10,4
2020-09-10,US,California,Nevada,476,5,0,39.30394768,-120.76272809999999,6057.0,477.1690642073079,1.050420168067227,471,470,5,0,465,469,99696,6,0,0,6,1
2020-09-10,US,California,Orange,50471,1069,0,33.70147516,-117.76459979999998,6059.0,1589.29140483397,2.1180479879534784,49402,50190,1065,0,49125,49996,3185968,281,4,0,277,194
2020-09-10,US,California,Placer,3249,38,0,39.06167234,-120.72405690000001,6061.0,815.6574088253682,1.1695906432748535,3211,3238,36,0,3202,3220,393149,11,2,0,9,18
2020-09-10,US,California,Plumas,45,0,0,40.00355989,-120.8395236,6063.0,239.2726112617643,0.0,45,45,0,0,45,45,18804,0,0,0,0,0
2020-09-10,US,California,Riverside,54868,1094,0,33.74314981,-115.9933578,6065.0,2220.8855856154873,1.9938762119997084,53774,54735,1085,0,53650,54572,2450758,133,9,0,124,163
2020-09-10,US,California,Sacramento,19669,346,0,38.45106826,-121.34253740000001,6067.0,1267.2851143449534,1.759113325537648,19323,19524,339,0,19185,19460,1540975,145,7,0,138,64
2020-09-10,US,California,San Benito,1209,10,0,36.60308176,-121.069975,6069.0,1924.9140236912494,0.8271298593879239,1199,1209,10,0,1199,1207,61537,0,0,0,0,2
2020-09-10,US,California,San Bernardino,50210,796,0,34.84060306,-116.1774685,6071.0,2303.1212085767293,1.585341565425214,49414,49909,791,0,49118,49691,2171603,301,5,0,296,218
2020-09-10,US,California,San Diego,41608,725,0,33.03484597,-116.73653259999999,6073.0,1246.3716888384313,1.7424533743510864,40883,41324,721,0,40603,40868,3343364,284,4,0,280,456
2020-09-10,US,California,San Francisco,10120,88,0,37.75215114,-122.43856720000001,6075.0,1147.979295535472,0.8695652173913043,10032,10074,87,0,9987,9979,883305,46,1,0,45,95
2020-09-10,US,California,San Joaquin,18558,383,0,37.93433732,-121.2730061,6077.0,2434.960138975632,2.063799978445953,18175,18558,382,0,18176,18558,752660,0,1,0,-1,0
2020-09-10,US,California,San Luis Obispo,3171,22,0,35.38822029,-120.4039028,6079.0,1120.055384637121,0.6937874487543362,3149,3145,22,0,3123,3116,284010,26,0,0,26,29
2020-09-10,US,California,San Mateo,8895,136,0,37.422880799999994,-122.32755459999998,6081.0,1160.359156923085,1.5289488476672288,8759,8807,136,0,8671,8750,769545,88,0,0,88,57
2020-09-10,US,California,Santa Barbara,8550,99,0,34.65329488,-120.0188492,6083.0,1914.897905706396,1.1578947368421053,8451,8499,97,0,8402,8479,446527,51,2,0,49,20
2020-09-10,US,California,Santa Clara,18854,263,0,37.23104908,-121.6970462,6085.0,977.9796374410485,1.3949294579399596,18591,18854,263,0,18591,18717,1937570,0,0,0,0,137
2020-09-10,US,California,Santa Cruz,1993,7,0,37.05580291,-122.0066524,6087.0,729.4674850757467,0.35122930255895635,1986,1931,7,0,1924,1931,274255,62,0,0,62,0
2020-09-10,US,California,Shasta,611,12,0,40.76391419,-122.0396884,6089.0,339.29364726788094,1.9639934533551555,599,606,12,0,594,600,180040,5,0,0,5,6
2020-09-10,US,California,Sierra,6,0,0,39.57713498,-120.52007009999998,6091.0,199.6672212978369,0.0,6,6,0,0,6,6,2987,0,0,0,0,0
2020-09-10,US,California,Siskiyou,150,0,0,41.59198861,-122.54074340000001,6093.0,344.5187073658101,0.0,150,150,0,0,150,144,43724,0,0,0,0,6
2020-09-10,US,California,Solano,5805,48,0,38.26827353,-121.9357113,6095.0,1296.7923099434147,0.8268733850129198,5757,5778,48,0,5730,5762,446610,27,0,0,27,16
2020-09-10,US,California,Sonoma,6561,105,0,38.52746429,-122.88625060000001,6097.0,1327.2349171413775,1.600365797896662,6456,6516,98,0,6418,6488,499942,45,7,0,38,28
2020-09-10,US,California,Stanislaus,15749,303,0,37.55862499,-120.9970722,6099.0,2860.0225184324268,1.9239316782017903,15446,15685,299,0,15386,15635,549815,64,4,0,60,50
2020-09-10,US,California,Sutter,1530,10,0,39.03417539,-121.6945899,6101.0,1577.7912984294271,0.6535947712418301,1520,1526,10,0,1516,1468,96807,4,0,0,4,58
2020-09-10,US,California,Tehama,458,1,0,40.12570935,-122.23701709999999,6103.0,703.7059799643538,0.2183406113537118,457,458,1,0,457,453,63916,0,0,0,0,5
2020-09-10,US,California,Trinity,14,0,0,40.64917670000001,-123.114713,6105.0,113.96011396011394,0.0,14,14,0,0,14,13,12535,0,0,0,0,1
2020-09-10,US,California,Tulare,14967,246,0,36.22026558,-118.8020203,6107.0,3210.4591426334473,1.6436159551012226,14721,14816,246,0,14570,14677,465861,151,0,0,151,139
2020-09-10,US,California,Tuolumne,211,3,0,38.02644018,-119.95250929999999,6109.0,387.3123095561512,1.4218009478672986,208,197,2,0,195,196,54539,14,1,0,13,1
2020-09-10,US,California,Ventura,11475,126,0,34.44465746,-119.09106129999999,6111.0,1356.373359054191,1.0980392156862746,11349,11475,123,0,11352,11463,850967,0,3,0,-3,12
2020-09-10,US,California,Yolo,2611,53,0,38.68278902,-121.90182879999999,6113.0,1184.1269841269839,2.0298736116430485,2558,2597,53,0,2544,2565,220408,14,0,0,14,32
2020-09-10,US,California,Yuba,1037,8,0,39.26255932,-121.35356440000001,6115.0,1318.1979966441247,0.7714561234329798,1029,1031,8,0,1023,994,78041,6,0,0,6,37
2020-09-10,US,Colorado,Adams,7921,209,0,39.87432092,-104.3362578,8001.0,1530.86171608806,2.63855573791188,7712,7887,209,0,7678,7863,511868,34,0,0,34,24
2020-09-10,US,Colorado,Alamosa,240,9,0,37.57250606,-105.7885451,8003.0,1478.4697837737942,3.75,231,239,9,0,230,239,16683,1,0,0,1,0
2020-09-10,US,Colorado,Arapahoe,8401,369,0,39.64977461,-104.3353617,8005.0,1279.489483543764,4.392334245923104,8032,8361,369,0,7992,8332,651215,40,0,0,40,29
2020-09-10,US,Colorado,Archuleta,48,0,0,37.19474156,-107.04768670000001,8007.0,342.14840687148046,0.0,48,48,0,0,48,48,13765,0,0,0,0,0
2020-09-10,US,Colorado,Baca,17,0,0,37.31940883,-102.5603223,8009.0,474.7277296844457,0.0,17,17,0,0,17,17,3585,0,0,0,0,0
2020-09-10,US,Colorado,Bent,11,0,0,37.95474293,-103.0720195,8011.0,197.23865877712032,0.0,11,11,0,0,11,11,5882,0,0,0,0,0
2020-09-10,US,Colorado,Boulder,2571,79,0,40.09313619,-105.3546767,8013.0,788.1764338005371,3.072734344612991,2492,2534,79,0,2455,2475,326078,37,0,0,37,59
2020-09-10,US,Colorado,Broomfield,553,33,0,39.95998787,-105.0566324,8014.0,784.7867735755341,5.967450271247738,520,551,33,0,518,550,69267,2,0,0,2,1
2020-09-10,US,Colorado,Chaffee,318,19,0,38.74745778,-106.19265729999998,8015.0,1562.1929652191,5.9748427672955975,299,317,19,0,298,317,20027,1,0,0,1,0
2020-09-10,US,Colorado,Cheyenne,9,0,0,38.82777431,-102.6032558,8017.0,491.53468050245766,0.0,9,9,0,0,9,9,1876,0,0,0,0,0
2020-09-10,US,Colorado,Clear Creek,36,1,0,39.68864463,-105.6463118,8019.0,371.1340206185567,2.7777777777777777,35,36,1,0,35,36,9605,0,0,0,0,0
2020-09-10,US,Colorado,Conejos,31,0,0,37.201606,-106.19174879999998,8021.0,377.8184034125533,0.0,31,31,0,0,31,31,8200,0,0,0,0,0
2020-09-10,US,Colorado,Costilla,32,1,0,37.27732493,-105.4276548,8023.0,823.2570105479805,3.125,31,32,1,0,31,32,3828,0,0,0,0,0
2020-09-10,US,Colorado,Crowley,73,1,0,38.32608609,-103.7844965,8025.0,1204.4217125886814,1.3698630136986298,72,73,1,0,72,73,5858,0,0,0,0,0
2020-09-10,US,Colorado,Custer,17,0,0,38.10883162,-105.3683478,8027.0,335.43804262036303,0.0,17,17,0,0,17,17,4954,0,0,0,0,0
2020-09-10,US,Colorado,Delta,172,2,0,38.86246243,-107.86313419999999,8029.0,551.9543033181438,1.162790697674419,170,172,2,0,170,172,30953,0,0,0,0,0
2020-09-10,US,Colorado,Denver,11627,429,0,39.76018276,-104.87256950000001,8031.0,1598.8482022411652,3.689687795648061,11198,11592,429,0,11163,11579,716492,35,0,0,35,13
2020-09-10,US,Colorado,Dolores,2,0,0,37.75208676,-108.5211585,8033.0,97.32360097323601,0.0,2,2,0,0,2,2,2074,0,0,0,0,0
2020-09-10,US,Colorado,Douglas,2173,60,0,39.33133796,-104.930001,8035.0,618.8168154143196,2.761159687068569,2113,2151,60,0,2091,2146,342776,22,0,0,22,5
2020-09-10,US,Colorado,Eagle,1197,9,0,39.62754308,-106.6933637,8037.0,2171.349792297785,0.7518796992481203,1188,1196,9,0,1187,1192,54993,1,0,0,1,4
2020-09-10,US,Colorado,El Paso,6284,157,0,38.83240149,-104.5251411,8041.0,872.2895379391812,2.498408656906429,6127,6264,157,0,6107,6241,713856,20,0,0,20,23
2020-09-10,US,Colorado,Elbert,134,2,0,39.28656773,-104.13587209999999,8039.0,501.3281454599874,1.492537313432836,132,131,2,0,129,130,26282,3,0,0,3,1
2020-09-10,US,Colorado,Fremont,165,1,0,38.47362326,-105.43996670000001,8043.0,344.90687514371115,0.6060606060606061,164,165,1,0,164,164,48021,0,0,0,0,1
2020-09-10,US,Colorado,Garfield,879,4,0,39.59921777,-107.902708,8045.0,1463.5120960356976,0.4550625711035267,875,875,5,0,870,874,59770,4,-1,0,5,1
2020-09-10,US,Colorado,Gilpin,18,0,0,39.85646523,-105.5252597,8047.0,288.32292167227297,0.0,18,18,0,0,18,18,6121,0,0,0,0,0
2020-09-10,US,Colorado,Grand,69,1,0,40.10603347,-106.11780420000001,8049.0,438.54073979916086,1.4492753623188406,68,69,1,0,68,67,15525,0,0,0,0,2
2020-09-10,US,Colorado,Gunnison,296,7,0,38.66611652,-107.0320729,8051.0,1695.1093803688007,2.3648648648648654,289,296,7,0,289,296,17246,0,0,0,0,0
2020-09-10,US,Colorado,Hinsdale,3,0,0,37.82247444,-107.3004345,8053.0,365.8536585365854,0.0,3,3,0,0,3,3,811,0,0,0,0,0
2020-09-10,US,Colorado,Huerfano,10,1,0,37.68473101,-104.9612585,8055.0,144.9905756125852,10.0,9,10,1,0,9,10,6889,0,0,0,0,0
2020-09-10,US,Colorado,Jackson,10,0,0,40.66593870000001,-106.3408905,8057.0,718.3908045977013,0.0,10,10,0,0,10,9,1399,0,0,0,0,1
2020-09-10,US,Colorado,Jefferson,5019,244,0,39.58635604,-105.2517692,8059.0,861.0676964937953,4.861526200438334,4775,4992,242,0,4750,4984,580233,27,2,0,25,8
2020-09-10,US,Colorado,Kit Carson,76,3,0,39.30497777,-102.60221990000001,8063.0,1070.8750176130761,3.947368421052632,73,76,3,0,73,76,7163,0,0,0,0,0
2020-09-10,US,Colorado,La Plata,246,2,0,37.28632032,-107.8429014,8067.0,437.5589192650434,0.8130081300813008,244,247,2,0,245,247,56310,-1,0,0,-1,0
2020-09-10,US,Colorado,Lake,84,0,0,39.20278823,-106.35556969999999,8065.0,1033.59173126615,0.0,84,83,0,0,83,83,7824,1,0,0,1,0
2020-09-10,US,Colorado,Larimer,2120,45,0,40.66671597,-105.4625784,8069.0,594.0055870148137,2.1226415094339623,2075,2110,44,0,2066,2103,350518,10,1,0,9,7
2020-09-10,US,Colorado,Las Animas,20,0,0,37.3153406,-104.03764579999999,8071.0,137.87398317937405,0.0,20,20,0,0,20,20,14503,0,0,0,0,0
2020-09-10,US,Colorado,Lincoln,8,0,0,38.98749519,-103.51366490000001,8073.0,140.3262585511314,0.0,8,8,0,0,8,8,5610,0,0,0,0,0
2020-09-10,US,Colorado,Logan,729,5,0,40.7249637,-103.110817,8075.0,3253.157213619528,0.6858710562414266,724,727,5,0,722,711,21528,2,0,0,2,16
2020-09-10,US,Colorado,Mesa,477,5,0,39.01787888,-108.469799,8077.0,309.31846183775366,1.0482180293501049,472,475,5,0,470,467,153207,2,0,0,2,8
2020-09-10,US,Colorado,Mineral,19,0,0,37.66954283,-106.92816979999999,8079.0,2470.74122236671,0.0,19,19,0,0,19,19,776,0,0,0,0,0
2020-09-10,US,Colorado,Moffat,35,1,0,40.61810999,-108.2070876,8081.0,263.4946924640518,2.8571428571428568,34,35,1,0,34,35,13188,0,0,0,0,0
2020-09-10,US,Colorado,Montezuma,126,5,0,37.33859579,-108.59588570000001,8083.0,481.2282778902342,3.968253968253968,121,126,5,0,121,126,26158,0,0,0,0,0
2020-09-10,US,Colorado,Montrose,352,13,0,38.40214114,-108.26390220000002,8085.0,823.2377566771132,3.6931818181818175,339,352,13,0,339,351,42214,0,0,0,0,1
2020-09-10,US,Colorado,Morgan,723,48,0,40.26279810000001,-103.8093302,8087.0,2487.2712260905464,6.639004149377594,675,723,48,0,675,721,28558,0,0,0,0,2
2020-09-10,US,Colorado,Otero,83,6,0,37.9014485,-103.7173385,8089.0,454.0978225188752,7.2289156626506035,77,82,6,0,76,82,18432,1,0,0,1,0
2020-09-10,US,Colorado,Ouray,25,1,0,38.14717457,-107.7675136,8091.0,504.8465266558966,4.0,24,25,1,0,24,25,4833,0,0,0,0,0
2020-09-10,US,Colorado,Park,46,1,0,39.120926000000004,-105.7182065,8093.0,244.09657734146992,2.1739130434782608,45,46,1,0,45,46,18556,0,0,0,0,0
2020-09-10,US,Colorado,Phillips,19,0,0,40.59414277,-102.3577703,8095.0,445.48651817116064,0.0,19,19,0,0,19,19,4286,0,0,0,0,0
2020-09-10,US,Colorado,Pitkin,204,2,0,39.21720112,-106.9310027,8097.0,1148.196093881916,0.9803921568627452,202,204,2,0,202,201,17950,0,0,0,0,3
2020-09-10,US,Colorado,Prowers,89,0,0,37.95544985,-102.3926052,8099.0,731.1863292803156,0.0,89,89,0,0,89,89,12164,0,0,0,0,0
2020-09-10,US,Colorado,Pueblo,960,34,0,38.17359144,-104.5127437,8101.0,569.9900251745595,3.5416666666666665,926,951,34,0,917,936,167529,9,0,0,9,15
2020-09-10,US,Colorado,Rio Blanco,24,0,0,39.97913541,-108.2179009,8103.0,379.5066413662239,0.0,24,23,0,0,23,24,6336,1,0,0,1,-1
2020-09-10,US,Colorado,Rio Grande,94,2,0,37.5836865,-106.3847838,8105.0,834.2948433478299,2.127659574468085,92,94,2,0,92,94,11250,0,0,0,0,0
2020-09-10,US,Colorado,Routt,135,8,0,40.48596505,-106.9905548,8107.0,526.5621343318512,5.925925925925926,127,135,8,0,127,134,25733,0,0,0,0,1
2020-09-10,US,Colorado,Saguache,111,2,0,38.08054629,-106.28246599999999,8109.0,1626.6119577960142,1.8018018018018016,109,111,2,0,109,111,6843,0,0,0,0,0
2020-09-10,US,Colorado,San Juan,6,0,0,37.76248981,-107.67632890000002,8111.0,824.1758241758242,0.0,6,6,0,0,6,6,762,0,0,0,0,0
2020-09-10,US,Colorado,San Miguel,93,0,0,38.00450883,-108.4020725,8113.0,1137.0583200880305,0.0,93,93,0,0,93,94,8191,0,0,0,0,-1
2020-09-10,US,Colorado,Sedgwick,12,1,0,40.87595412,-102.3519227,8115.0,533.8078291814946,8.333333333333334,11,12,1,0,11,12,2303,0,0,0,0,0
2020-09-10,US,Colorado,Summit,368,4,0,39.63803232,-106.1150762,8117.0,1186.6756957208736,1.0869565217391304,364,368,4,0,364,368,31007,0,0,0,0,0
2020-09-10,US,Colorado,Teller,165,4,0,38.88133511,-105.16148929999999,8119.0,649.9133448873482,2.4242424242424243,161,165,4,0,161,165,25083,0,0,0,0,0
2020-09-10,US,Colorado,Washington,54,0,0,39.97015535,-103.202587,8121.0,1100.244498777506,0.0,54,54,0,0,54,54,4909,0,0,0,0,0
2020-09-10,US,Colorado,Weld,4245,149,0,40.55499405,-104.39296209999999,8123.0,1308.1986612921119,3.5100117785630154,4096,4233,149,0,4084,4219,314305,12,0,0,12,14
2020-09-10,US,Colorado,Yuma,71,0,0,40.00346839,-102.4258673,8125.0,708.6535582393452,0.0,71,71,0,0,71,68,10020,0,0,0,0,3
2020-09-10,US,Connecticut,Fairfield,19260,1417,0,41.26809896,-73.3881171,9001.0,2041.6989988678424,7.357217030114226,17843,19159,1417,0,17742,19135,943823,101,0,0,101,24
2020-09-10,US,Connecticut,Hartford,13853,1430,0,41.80283011,-72.73103891,9003.0,1553.5145561386985,10.322673789070961,12423,13796,1428,0,12368,13771,892697,57,2,0,55,25
2020-09-10,US,Connecticut,Litchfield,1763,139,0,41.7937534,-73.2451475,9005.0,977.6358181808099,7.884288145207035,1624,1752,139,0,1613,1751,181111,11,0,0,11,1
2020-09-10,US,Connecticut,Middlesex,1505,193,0,41.45949668,-72.53714864,9007.0,926.5187520007879,12.82392026578073,1312,1499,193,0,1306,1496,162682,6,0,0,6,3
2020-09-10,US,Connecticut,New Haven,13917,1110,0,41.408032500000004,-72.93620426,9009.0,1628.1820447214825,7.9758568657038165,12807,13877,1109,0,12768,13858,857620,40,1,0,39,19
2020-09-10,US,Connecticut,New London,1649,109,0,41.48896435,-72.10430976,9011.0,621.7808043558592,6.61006670709521,1540,1649,108,0,1541,1643,266784,0,1,0,-1,6
2020-09-10,US,Connecticut,Tolland,1215,65,0,41.85853803,-72.3308481,9013.0,806.1252247530205,5.349794238683128,1150,1200,65,0,1135,1191,150921,15,0,0,15,9
2020-09-10,US,Connecticut,Unassigned,103,0,0,0.0,0.0,90009.0,0.0,0.0,103,111,0,0,111,112,,-8,0,0,-8,-1
2020-09-10,US,Connecticut,Windham,828,15,0,41.82972709,-71.98182316,9015.0,709.0133753489407,1.8115942028985508,813,828,15,0,813,825,117027,0,0,0,0,3
2020-09-10,US,Delaware,Kent,2744,111,0,39.08646628,-75.56884914,10001.0,1517.8166450942,4.0451895043731785,2633,2727,110,0,2617,2727,178550,17,1,0,16,0
2020-09-10,US,Delaware,New Castle,8805,305,0,39.57992638,-75.64054974,10003.0,1575.8304653397836,3.463940942646224,8500,8694,303,0,8391,8694,559335,111,2,0,109,0
2020-09-10,US,Delaware,Sussex,6456,197,0,38.66143781,-75.39031349,10005.0,2756.3240473903297,3.0514250309789337,6259,6432,196,0,6236,6432,229286,24,1,0,23,0
2020-09-10,US,Delaware,Unassigned,461,0,0,0.0,0.0,90010.0,0.0,0.0,461,455,0,0,455,455,,6,0,0,6,0
2020-09-10,US,District of Columbia,District of Columbia,14412,616,0,38.90417773,-77.01655992,11001.0,2042.085784039368,4.274215931168471,13796,14387,615,0,13772,14362,702455,25,1,0,24,25
2020-09-10,US,Florida,Alachua,5898,36,0,29.67866525,-82.35928158,12001.0,2192.214627401568,0.6103763987792472,5862,5812,33,0,5779,5722,269956,86,3,0,83,90
2020-09-10,US,Florida,Baker,1286,6,0,30.33060121,-82.28467476,12003.0,4402.601848681959,0.4665629860031104,1280,1281,6,0,1275,1273,28355,5,0,0,5,8
2020-09-10,US,Florida,Bay,5583,87,0,30.26548745,-85.62122584,12005.0,3195.672705417704,1.5583019881783986,5496,5557,87,0,5470,5534,185287,26,0,0,26,23
2020-09-10,US,Florida,Bradford,881,5,0,29.95079741,-82.16611613,12007.0,3124.002694939896,0.5675368898978433,876,871,5,0,866,861,27732,10,0,0,10,10
2020-09-10,US,Florida,Brevard,7787,245,0,28.29409504,-80.73091022,12009.0,1293.6462316967416,3.1462694233979716,7542,7742,237,0,7505,7689,596849,45,8,0,37,53
2020-09-10,US,Florida,Broward,73869,1258,0,26.15184651,-80.48725556,12011.0,3782.7648611362893,1.7030147964640103,72611,73696,1244,0,72452,73556,1951260,173,14,0,159,140
2020-09-10,US,Florida,Calhoun,588,9,0,30.40666734,-85.19394153,12013.0,4168.734491315136,1.5306122448979589,579,586,10,0,576,587,14587,2,-1,0,3,-1
2020-09-10,US,Florida,Charlotte,2827,119,0,26.90131002,-81.92949121,12015.0,1496.4798051982425,4.209409267775027,2708,2821,118,0,2703,2822,184998,6,1,0,5,-1
2020-09-10,US,Florida,Citrus,2386,70,0,28.84804315,-82.47614748,12017.0,1594.3123275222674,2.933780385582565,2316,2355,67,0,2288,2339,147929,31,3,0,28,16
2020-09-10,US,Florida,Clay,4308,81,0,29.98319144,-81.85609986,12019.0,1964.8623501724044,1.8802228412256268,4227,4317,79,0,4238,4317,216072,-9,2,0,-11,0
2020-09-10,US,Florida,Collier,12096,188,0,26.11091986,-81.34687065,12021.0,3142.618120976249,1.5542328042328042,11908,12071,187,0,11884,12049,378488,25,1,0,24,22
2020-09-10,US,Florida,Columbia,3467,43,0,30.22509788,-82.62160164,12023.0,4836.369723516446,1.2402653591000865,3424,3458,39,0,3419,3455,70503,9,4,0,5,3
2020-09-10,US,Florida,DeSoto,1526,23,0,27.18677893,-81.80941373,12027.0,4015.683797794795,1.5072083879423328,1503,1526,23,0,1503,1526,37489,0,0,0,0,0
2020-09-10,US,Florida,Dixie,781,5,0,29.60631086,-83.15724673,12029.0,4641.626054915013,0.6402048655569782,776,777,4,0,773,773,16700,4,1,0,3,4
2020-09-10,US,Florida,Duval,28051,302,0,30.33225875,-81.66976468,12031.0,2928.8283538065584,1.0766104595201598,27749,27886,276,0,27610,27802,950181,165,26,0,139,84
2020-09-10,US,Florida,Escambia,11702,200,0,30.67652764,-87.37284571,12033.0,3676.2211136103747,1.7091095539224064,11502,11634,194,0,11440,11575,315534,68,6,0,62,59
2020-09-10,US,Florida,Flagler,1484,18,0,29.45933576,-81.31508595,12035.0,1289.5265074165154,1.2129380053908356,1466,1475,18,0,1457,1464,112067,9,0,0,9,11
2020-09-10,US,Florida,Franklin,572,3,0,29.83791238,-84.82731662,12037.0,4717.525773195875,0.5244755244755245,569,569,3,0,566,569,11736,3,0,0,3,0
2020-09-10,US,Florida,Gadsden,2555,44,0,30.57796289,-84.61915825,12039.0,5595.707402540517,1.7221135029354206,2511,2549,42,0,2507,2540,45894,6,2,0,4,9
2020-09-10,US,Florida,Gilchrist,485,11,0,29.72856978,-82.79880657,12041.0,2610.052739209988,2.268041237113402,474,483,10,0,473,481,18256,2,1,0,1,2
2020-09-10,US,Florida,Glades,468,4,0,26.95635849,-81.18996211,12043.0,3388.6032872348133,0.8547008547008547,464,466,4,0,462,464,13724,2,0,0,2,2
2020-09-10,US,Florida,Gulf,851,13,0,29.93543004,-85.24270990000002,12045.0,6239.4603709949415,1.5276145710928317,838,849,13,0,836,846,16164,2,0,0,2,3
2020-09-10,US,Florida,Hamilton,733,7,0,30.49673973,-82.94998918,12047.0,5080.399223731633,0.9549795361527968,726,733,7,0,726,728,14310,0,0,0,0,5
2020-09-10,US,Florida,Hardee,1190,9,0,27.49293939,-81.80956574,12049.0,4417.715410030813,0.7563025210084033,1181,1185,9,0,1176,1177,27245,5,0,0,5,8
2020-09-10,US,Florida,Hendry,2005,41,0,26.55386945,-81.16469006,12051.0,4771.310266051116,2.0448877805486285,1964,2004,41,0,1963,2003,41556,1,0,0,1,1
2020-09-10,US,Florida,Hernando,2821,103,0,28.55364461,-82.42700204,12053.0,1454.723597359736,3.651187522155263,2718,2787,100,0,2687,2785,190865,34,3,0,31,2
2020-09-10,US,Florida,Highlands,1947,69,0,27.34254618,-81.34071957,12055.0,1832.9708814641172,3.5439137134052388,1878,1945,69,0,1876,1935,105424,2,0,0,2,10
2020-09-10,US,Florida,Hillsborough,38917,579,0,27.9276559,-82.32013172,12057.0,2643.8754103350075,1.4877816892360665,38338,38790,568,0,38222,38652,1436888,127,11,0,116,138
2020-09-10,US,Florida,Holmes,692,5,0,30.86747479,-85.81319222,12059.0,3527.552632920427,0.7225433526011561,687,691,5,0,686,690,19477,1,0,0,1,1
2020-09-10,US,Florida,Indian River,2942,104,0,27.69308961,-80.60556721,12061.0,1839.6353244999161,3.5350101971448,2838,2930,104,0,2826,2921,157413,12,0,0,12,9
2020-09-10,US,Florida,Jackson,2547,72,0,30.795459700000002,-85.21500423,12063.0,5487.5684060843705,2.826855123674912,2475,2528,70,0,2458,2506,48305,19,2,0,17,22
2020-09-10,US,Florida,Jefferson,525,7,0,30.43669112,-83.89442308,12065.0,3685.244981047312,1.3333333333333333,518,522,7,0,515,517,14288,3,0,0,3,5
2020-09-10,US,Florida,Lafayette,1215,10,0,29.98484137,-83.18166636,12067.0,14426.502018522915,0.8230452674897121,1205,1215,10,0,1205,1213,8732,0,0,0,0,2
2020-09-10,US,Florida,Lake,6921,136,0,28.76202069,-81.7125123,12069.0,1885.2249140603287,1.9650339546308335,6785,6871,131,0,6740,6841,356495,50,5,0,45,30
2020-09-10,US,Florida,Lee,19309,444,0,26.58410348,-81.88399313,12071.0,2505.7846263254683,2.2994458542648504,18865,19241,442,0,18799,19210,754610,68,2,0,66,31
2020-09-10,US,Florida,Leon,8273,44,0,30.45955727,-84.27491114,12073.0,2817.9520542812566,0.5318505983319232,8229,8111,41,0,8070,7943,292502,162,3,0,159,168
2020-09-10,US,Florida,Levy,956,8,0,29.31829741,-82.74007147,12075.0,2303.447943522155,0.8368200836820083,948,949,8,0,941,948,40770,7,0,0,7,1
2020-09-10,US,Florida,Liberty,468,7,0,30.23766008,-84.8829258,12077.0,5602.106775197511,1.4957264957264955,461,449,7,0,442,449,8457,19,0,0,19,0
2020-09-10,US,Florida,Madison,956,16,0,30.44396917,-83.47398594,12079.0,5169.523603525658,1.6736401673640169,940,935,16,0,919,926,18529,21,0,0,21,9
2020-09-10,US,Florida,Manatee,10772,270,0,27.47196942,-82.31831044,12081.0,2671.275849156733,2.5064983290011145,10502,10729,266,0,10463,10699,394855,43,4,0,39,30
2020-09-10,US,Florida,Marion,8967,235,0,29.21227113,-82.05803627,12083.0,2452.821414796802,2.6207204193152673,8732,8925,230,0,8695,8881,359977,42,5,0,37,44
2020-09-10,US,Florida,Martin,4526,125,0,27.0772071,-80.43109784,12085.0,2811.1801242236024,2.761820592134335,4401,4560,120,0,4440,4560,160912,-34,5,0,-39,0
2020-09-10,US,Florida,Miami-Dade,162894,2789,0,25.6112362,-80.55170587,12086.0,5995.494931798273,1.7121563716281754,160105,162433,2740,0,159693,162026,2761581,461,49,0,412,407
2020-09-10,US,Florida,Monroe,1767,20,0,25.20904673,-81.07812416,12087.0,2380.503314113273,1.1318619128466327,1747,1763,20,0,1743,1762,75027,4,0,0,4,1
2020-09-10,US,Florida,Nassau,1880,29,0,30.61037141,-81.80297522,12089.0,2121.2976022566995,1.5425531914893618,1851,1869,29,0,1840,1850,85832,11,0,0,11,19
2020-09-10,US,Florida,Okaloosa,4502,94,0,30.69143028,-86.59267105,12091.0,2136.301948390893,2.0879609062638833,4408,4461,90,0,4371,4428,207269,41,4,0,37,33
2020-09-10,US,Florida,Okeechobee,1295,20,0,27.386336199999995,-80.88944347,12093.0,3071.049136786189,1.5444015444015444,1275,1289,20,0,1269,1288,41537,6,0,0,6,1
2020-09-10,US,Florida,Orange,37473,401,0,28.51367621,-81.31799498,12095.0,2689.220726655816,1.0701038080751475,37072,37366,394,0,36972,37247,1380645,107,7,0,100,119
2020-09-10,US,Florida,Osceola,11634,134,0,28.06312234,-81.14882926,12097.0,3096.1993447788564,1.1517964586556644,11500,11594,134,0,11460,11560,367990,40,0,0,40,34
2020-09-10,US,Florida,Palm Beach,43532,1187,0,26.64676272,-80.46536002,12099.0,2908.396079557981,2.72672976201415,42345,43422,1178,0,42244,43309,1485941,110,9,0,101,113
2020-09-10,US,Florida,Pasco,8411,189,0,28.30810945,-82.40227529,12101.0,1518.376306758589,2.2470574248008557,8222,8381,187,0,8194,8357,539630,30,2,0,28,24
2020-09-10,US,Florida,Pinellas,20655,697,0,27.93130349,-82.72239666,12103.0,2118.470229621455,3.374485596707819,19958,20588,693,0,19895,20526,975280,67,4,0,63,62
2020-09-10,US,Florida,Polk,18121,483,0,27.95027105,-81.69732947,12105.0,2500.2173082203212,2.6654158159042,17638,18025,480,0,17545,17932,708009,96,3,0,93,93
2020-09-10,US,Florida,Putnam,1889,38,0,29.60779729,-81.74230285,12107.0,2534.855946645912,2.011646373742721,1851,1874,38,0,1836,1867,74163,15,0,0,15,7
2020-09-10,US,Florida,Santa Rosa,5026,63,0,30.69341450000001,-87.02458128,12113.0,2726.883073901461,1.2534818941504178,4963,4990,60,0,4930,4958,179349,36,3,0,33,32
2020-09-10,US,Florida,Sarasota,7500,225,0,27.18546175,-82.33174248,12115.0,1729.1385201340888,3.0,7275,7486,221,0,7265,7457,426718,14,4,0,10,29
2020-09-10,US,Florida,Seminole,8459,189,0,28.7158582,-81.24060348,12117.0,1792.8219301183062,2.2343066556330538,8270,8437,184,0,8253,8412,467832,22,5,0,17,25
2020-09-10,US,Florida,St. Johns,4759,62,0,29.90096506,-81.43589967,12109.0,1798.0745979929873,1.3027947047699096,4697,4729,61,0,4668,4699,254261,30,1,0,29,30
2020-09-10,US,Florida,St. Lucie,7404,255,0,27.37763908,-80.47106649,12111.0,2255.274949207577,3.444084278768233,7149,7378,252,0,7126,7366,321128,26,3,0,23,12
2020-09-10,US,Florida,Sumter,2069,59,0,28.70181754,-82.0794267,12119.0,1562.4528016915876,2.8516191396810053,2010,2060,56,0,2004,2049,128754,9,3,0,6,11
2020-09-10,US,Florida,Suwannee,2519,64,0,30.19746066,-82.99099670000003,12121.0,5671.251998108833,2.5406907502977374,2455,2517,64,0,2453,2511,44191,2,0,0,2,6
2020-09-10,US,Florida,Taylor,1233,10,0,30.04848048,-83.60445406,12123.0,5716.53762344105,0.8110300081103001,1223,1233,10,0,1223,1231,21623,0,0,0,0,2
2020-09-10,US,Florida,Unassigned,1124,0,0,0.0,0.0,90012.0,0.0,0.0,1124,1123,0,0,1123,1112,,1,0,0,1,11
2020-09-10,US,Florida,Union,731,5,0,30.04412971,-82.37497443,12125.0,4797.5323226356895,0.6839945280437757,726,715,5,0,710,706,14940,16,0,0,16,9
2020-09-10,US,Florida,Volusia,9931,203,0,29.05858895,-81.18263252,12127.0,1794.9190650732714,2.044104319806666,9728,9878,199,0,9679,9862,547538,53,4,0,49,16
2020-09-10,US,Florida,Wakulla,977,9,0,30.16548905,-84.39895211,12129.0,2895.758617623522,0.9211873080859776,968,974,8,0,966,971,32461,3,1,0,2,3
2020-09-10,US,Florida,Walton,1774,22,0,30.64204028,-86.16935664,12131.0,2394.999392474788,1.2401352874859075,1752,1762,20,0,1742,1747,71375,12,2,0,10,15
2020-09-10,US,Florida,Washington,1039,18,0,30.61359259,-85.66002461,12133.0,4078.828563577121,1.7324350336862369,1021,1031,17,0,1014,1031,24880,8,1,0,7,0
2020-09-10,US,Georgia,Appling,948,25,0,31.74847232,-82.28909114,13001.0,5156.09703034918,2.637130801687764,923,941,25,0,916,937,18507,7,0,0,7,4
2020-09-10,US,Georgia,Atkinson,423,3,0,31.29633502,-82.87545866,13003.0,5180.649112063687,0.7092198581560284,420,422,3,0,419,419,8297,1,0,0,1,3
2020-09-10,US,Georgia,Bacon,547,10,0,31.55456473,-82.45936528,13005.0,4899.677534933716,1.828153564899452,537,547,10,0,537,538,11185,0,0,0,0,9
2020-09-10,US,Georgia,Baker,73,3,0,31.32669878,-84.44218806,13007.0,2402.896642527979,4.109589041095891,70,73,3,0,70,72,3092,0,0,0,0,1
2020-09-10,US,Georgia,Baldwin,1868,55,0,33.06882326,-83.24701748,13009.0,4161.283136556026,2.9443254817987152,1813,1858,55,0,1803,1829,44823,10,0,0,10,29
2020-09-10,US,Georgia,Banks,419,6,0,34.35607081,-83.49644388,13011.0,2178.434023084121,1.431980906921241,413,418,6,0,412,413,18988,1,0,0,1,5
2020-09-10,US,Georgia,Barrow,1948,43,0,33.99148694,-83.71436292,13013.0,2340.2210475732822,2.2073921971252566,1905,1927,43,0,1884,1902,80809,21,0,0,21,25
2020-09-10,US,Georgia,Bartow,2621,76,0,34.23732119,-84.83887523,13015.0,2432.753531715829,2.899656619610836,2545,2599,75,0,2524,2568,106408,22,1,0,21,31
2020-09-10,US,Georgia,Ben Hill,689,18,0,31.76095874,-83.22145359,13017.0,4125.748502994012,2.6124818577648767,671,685,18,0,667,671,16787,4,0,0,4,14
2020-09-10,US,Georgia,Berrien,417,10,0,31.27590016,-83.22529920000002,13019.0,2149.816982007527,2.3980815347721824,407,413,10,0,403,410,19252,4,0,0,4,3
2020-09-10,US,Georgia,Bibb,5649,146,0,32.80904227,-83.70489165,13021.0,3688.323898693514,2.584528235085856,5503,5619,142,0,5477,5575,153095,30,4,0,26,44
2020-09-10,US,Georgia,Bleckley,400,19,0,32.43829035,-83.33035166,13023.0,3107.2788005903835,4.75,381,398,17,0,381,398,12838,2,2,0,0,0
2020-09-10,US,Georgia,Brantley,321,8,0,31.19576557,-81.97743999,13025.0,1679.8367261499814,2.4922118380062304,313,321,8,0,313,319,18897,0,0,0,0,2
2020-09-10,US,Georgia,Brooks,492,24,0,30.83922642,-83.58303423,13027.0,3183.023872679045,4.878048780487805,468,487,24,0,463,485,15513,5,0,0,5,2
2020-09-10,US,Georgia,Bryan,966,9,0,32.00979311,-81.44002948,13029.0,2437.731849496555,0.9316770186335404,957,956,9,0,947,923,38109,10,0,0,10,33
2020-09-10,US,Georgia,Bulloch,2540,23,0,32.39577406,-81.74811421,13031.0,3190.634107124912,0.905511811023622,2517,2519,23,0,2496,2472,77296,21,0,0,21,47
2020-09-10,US,Georgia,Burke,706,9,0,33.05917989,-81.99928721,13033.0,3154.179511236206,1.274787535410765,697,702,9,0,693,699,22423,4,0,0,4,3
2020-09-10,US,Georgia,Butts,596,41,0,33.283094500000004,-83.95435040000002,13035.0,2390.1187038819376,6.879194630872482,555,591,41,0,550,585,24193,5,0,0,5,6
2020-09-10,US,Georgia,Calhoun,229,7,0,31.53169785,-84.62725131,13037.0,3700.1131038940057,3.056768558951965,222,229,7,0,222,229,6352,0,0,0,0,0
2020-09-10,US,Georgia,Camden,1131,7,0,30.92951916,-81.66601818,13039.0,2068.9276698496324,0.618921308576481,1124,1111,7,0,1104,1103,53677,20,0,0,20,8
2020-09-10,US,Georgia,Candler,389,16,0,32.40209349,-82.07702563,13043.0,3600.8516152920483,4.113110539845758,373,387,16,0,371,386,10836,2,0,0,2,1
2020-09-10,US,Georgia,Carroll,2472,63,0,33.58138199,-85.07976677,13045.0,2060.1373424894987,2.5485436893203883,2409,2463,63,0,2400,2445,118121,9,0,0,9,18
2020-09-10,US,Georgia,Catoosa,986,16,0,34.89872298,-85.13757014,13047.0,1459.0115418762948,1.6227180527383367,970,967,16,0,951,949,67420,19,0,0,19,18
2020-09-10,US,Georgia,Charlton,590,6,0,30.78371028,-82.13951596,13049.0,4405.6152927120675,1.0169491525423728,584,589,6,0,583,588,12968,1,0,0,1,1
2020-09-10,US,Georgia,Chatham,7644,132,0,32.00043026,-81.12489526,13051.0,2641.053104377569,1.7268445839874411,7512,7592,132,0,7460,7524,289195,52,0,0,52,68
2020-09-10,US,Georgia,Chattahoochee,1515,2,0,32.34341231,-84.78809239,13053.0,13890.162281103878,0.13201320132013197,1513,1461,2,0,1459,1439,10684,54,0,0,54,22
2020-09-10,US,Georgia,Chattooga,657,7,0,34.47197698,-85.34535662,13055.0,2650.369115333414,1.06544901065449,650,649,6,0,643,640,24790,8,1,0,7,9
2020-09-10,US,Georgia,Cherokee,5338,87,0,34.24393976,-84.47431861,13057.0,2062.8118080325225,1.6298239040839266,5251,5271,83,0,5188,5227,254149,67,4,0,63,44
2020-09-10,US,Georgia,Clarke,4205,36,0,33.95436462,-83.37124007,13059.0,3276.6829526770616,0.8561236623067776,4169,4109,35,0,4074,3994,127330,96,1,0,95,115
2020-09-10,US,Georgia,Clay,115,2,0,31.62221166,-84.97713865,13061.0,4057.8687367678194,1.7391304347826086,113,115,2,0,113,114,2887,0,0,0,0,1
2020-09-10,US,Georgia,Clayton,6761,149,0,33.54187245,-84.35594188,13063.0,2313.382787692981,2.203816003549771,6612,6721,149,0,6572,6695,289615,40,0,0,40,26
2020-09-10,US,Georgia,Clinch,322,5,0,30.91395822,-82.70432472,13065.0,4865.518283469326,1.5527950310559009,317,313,5,0,308,312,6648,9,0,0,9,1
2020-09-10,US,Georgia,Cobb,18155,409,0,33.94243204,-84.5761255,13067.0,2388.3726834889844,2.252822913797852,17746,18005,406,0,17599,17850,756865,150,3,0,147,155
2020-09-10,US,Georgia,Coffee,1893,40,0,31.54892966,-82.85492059999999,13069.0,4374.552261225244,2.113048071843634,1853,1876,40,0,1836,1874,43093,17,0,0,17,2
2020-09-10,US,Georgia,Colquitt,1848,31,0,31.18810588,-83.7677946,13071.0,4052.6315789473683,1.6774891774891776,1817,1825,30,0,1795,1818,45592,23,1,0,22,7
2020-09-10,US,Georgia,Columbia,3387,53,0,33.54534185,-82.263524,13073.0,2161.261916612428,1.5648066135222911,3334,3366,51,0,3315,3349,154291,21,2,0,19,17
2020-09-10,US,Georgia,Cook,528,12,0,31.16068491,-83.42947229,13075.0,3057.3248407643323,2.272727272727273,516,526,12,0,514,523,17162,2,0,0,2,3
2020-09-10,US,Georgia,Coweta,2375,34,0,33.35334302,-84.76129976,13077.0,1599.2296763159134,1.431578947368421,2341,2357,33,0,2324,2346,145864,18,1,0,17,11
2020-09-10,US,Georgia,Crawford,162,4,0,32.71391813,-83.98061238,13079.0,1306.0303128023218,2.469135802469136,158,162,4,0,158,162,12318,0,0,0,0,0
2020-09-10,US,Georgia,Crisp,505,17,0,31.92289565,-83.76811843,13081.0,2257.2858930806365,3.366336633663366,488,504,15,0,489,503,22601,1,2,0,-1,1
2020-09-10,US,Georgia,Dade,228,4,0,34.854916700000004,-85.50490424,13083.0,1414.743112434847,1.7543859649122806,224,225,4,0,221,222,16226,3,0,0,3,3
2020-09-10,US,Georgia,Dawson,745,6,0,34.44244079,-84.16964071,13085.0,2853.531484602421,0.8053691275167785,739,740,7,0,733,729,25083,5,-1,0,6,11
2020-09-10,US,Georgia,DeKalb,17314,333,0,33.76944049,-84.22396017,13089.0,2280.267141843047,1.923299064340996,16981,17237,324,0,16913,17169,756558,77,9,0,68,68
2020-09-10,US,Georgia,Decatur,1044,22,0,30.87967778,-84.57619536,13087.0,3953.946371761854,2.10727969348659,1022,1040,22,0,1018,1030,26575,4,0,0,4,10
2020-09-10,US,Georgia,Dodge,357,9,0,32.17265114,-83.16948926,13091.0,1732.5891773841302,2.5210084033613445,348,356,9,0,347,351,20705,1,0,0,1,5
2020-09-10,US,Georgia,Dooly,300,14,0,32.15630737,-83.79746561,13093.0,2240.4779686333086,4.666666666666667,286,298,14,0,284,298,13706,2,0,0,2,0
2020-09-10,US,Georgia,Dougherty,3049,181,0,31.53328528,-84.21722377,13095.0,3466.505980262859,5.9363725811741554,2868,3045,180,0,2865,3043,91243,4,1,0,3,2
2020-09-10,US,Georgia,Douglas,3308,68,0,33.70291126,-84.77026156,13097.0,2260.442932015881,2.0556227327690446,3240,3293,68,0,3225,3269,145331,15,0,0,15,24
2020-09-10,US,Georgia,Early,440,32,0,31.32155345,-84.90255207,13099.0,4317.958783120706,7.272727272727272,408,436,32,0,404,436,10247,4,0,0,4,0
2020-09-10,US,Georgia,Echols,238,2,0,30.71101099,-82.89687287,13101.0,5941.088367448827,0.8403361344537815,236,238,2,0,236,238,4000,0,0,0,0,0
2020-09-10,US,Georgia,Effingham,1224,20,0,32.36616021,-81.34280942,13103.0,1903.6954087346023,1.6339869281045751,1204,1209,20,0,1189,1195,62190,15,0,0,15,14
2020-09-10,US,Georgia,Elbert,529,2,0,34.11302332,-82.83936148,13105.0,2756.0696050849224,0.3780718336483932,527,526,1,0,525,520,19120,3,1,0,2,6
2020-09-10,US,Georgia,Emanuel,879,26,0,32.59221302,-82.30239915,13107.0,3881.480173099002,2.957906712172924,853,877,24,0,853,862,22612,2,2,0,0,15
2020-09-10,US,Georgia,Evans,392,5,0,32.15328841,-81.8870105,13109.0,3679.3692509855455,1.2755102040816326,387,391,5,0,386,387,10721,1,0,0,1,4
2020-09-10,US,Georgia,Fannin,516,9,0,34.86430205,-84.316964,13111.0,1970.3681075301665,1.7441860465116281,507,509,8,0,501,505,25964,7,1,0,6,4
2020-09-10,US,Georgia,Fayette,1653,44,0,33.41357794,-84.49089434,13113.0,1444.6648779507261,2.6618269812462194,1609,1644,43,0,1601,1632,113459,9,1,0,8,12
2020-09-10,US,Georgia,Floyd,2593,38,0,34.26268279,-85.21577392,13115.0,2632.54076224898,1.465483995372156,2555,2560,35,0,2525,2514,97927,33,3,0,30,46
2020-09-10,US,Georgia,Forsyth,3463,38,0,34.22604035,-84.12315129999998,13117.0,1417.7980118893604,1.0973144672249495,3425,3422,37,0,3385,3384,236612,41,1,0,40,38
2020-09-10,US,Georgia,Franklin,639,11,0,34.37525597,-83.23159927,13119.0,2736.7339072337145,1.7214397496087637,628,627,11,0,616,619,23023,12,0,0,12,8
2020-09-10,US,Georgia,Fulton,25934,550,0,33.79216944,-84.46319413,13121.0,2437.5503436763643,2.1207681036477206,25384,25861,551,0,25310,25756,1050114,73,-1,0,74,105
2020-09-10,US,Georgia,Gilmer,775,9,0,34.69316688,-84.45802506,13123.0,2470.5919857183844,1.1612903225806452,766,775,9,0,766,773,30816,0,0,0,0,2
2020-09-10,US,Georgia,Glascock,36,2,0,33.22879932,-82.61297636,13125.0,1211.713227869404,5.5555555555555545,34,35,2,0,33,35,2995,1,0,0,1,0
2020-09-10,US,Georgia,Glynn,3269,84,0,31.23279254,-81.53811412,13127.0,3832.715846738264,2.569593147751606,3185,3238,84,0,3154,3218,85219,31,0,0,31,20
2020-09-10,US,Georgia,Gordon,1632,34,0,34.50487351,-84.87296253,13129.0,2815.5892552145333,2.083333333333333,1598,1621,32,0,1589,1607,57685,11,2,0,9,14
2020-09-10,US,Georgia,Grady,707,19,0,30.87454847,-84.23418364,13131.0,2870.1335606706452,2.6874115983026874,688,702,17,0,685,698,24748,5,2,0,3,4
2020-09-10,US,Georgia,Greene,479,21,0,33.5769205,-83.17139104,13133.0,2614.0580659244706,4.3841336116910234,458,476,21,0,455,476,17698,3,0,0,3,0
2020-09-10,US,Georgia,Gwinnett,25495,366,0,33.96044201,-84.02137802,13135.0,2723.097463284379,1.435575603059423,25129,25376,361,0,25015,25215,927781,119,5,0,114,161
2020-09-10,US,Georgia,Habersham,1423,65,0,34.63331566,-83.53094677,13137.0,3139.339922343805,4.567814476458187,1358,1411,65,0,1346,1407,45388,12,0,0,12,4
2020-09-10,US,Georgia,Hall,8266,133,0,34.32207823,-83.81896936,13139.0,4043.2202933853773,1.6090007258649892,8133,8189,133,0,8056,8177,202148,77,0,0,77,12
2020-09-10,US,Georgia,Hancock,373,40,0,33.2721566,-82.99766919,13141.0,4410.547475464113,10.723860589812332,333,372,39,0,333,370,8348,1,1,0,0,2
2020-09-10,US,Georgia,Haralson,378,8,0,33.79602175,-85.21005667,13143.0,1268.796992481203,2.1164021164021163,370,375,8,0,367,367,29533,3,0,0,3,8
2020-09-10,US,Georgia,Harris,754,21,0,32.73709786,-84.90538572,13145.0,2139.8569644681575,2.7851458885941645,733,753,21,0,732,748,34475,1,0,0,1,5
2020-09-10,US,Georgia,Hart,460,11,0,34.34626973,-82.96567682,13147.0,1755.3901927113147,2.391304347826087,449,456,11,0,445,448,26099,4,0,0,4,8
2020-09-10,US,Georgia,Heard,180,5,0,33.29686567,-85.12886832,13149.0,1509.6871592719956,2.7777777777777777,175,180,5,0,175,180,11879,0,0,0,0,0
2020-09-10,US,Georgia,Henry,4649,90,0,33.4533428,-84.14814659999998,13151.0,1982.0004178017664,1.9359001935900195,4559,4633,90,0,4543,4609,230220,16,0,0,16,24
2020-09-10,US,Georgia,Houston,2829,73,0,32.45802497,-83.66879087,13153.0,1792.0602041010245,2.580417108518912,2756,2814,73,0,2741,2793,155469,15,0,0,15,21
2020-09-10,US,Georgia,Irwin,250,4,0,31.60213036,-83.27501387,13155.0,2655.055225148683,1.6,246,250,4,0,246,246,9398,0,0,0,0,4
2020-09-10,US,Georgia,Jackson,1711,27,0,34.13794553,-83.56814788,13157.0,2344.574317935788,1.5780245470485097,1684,1696,27,0,1669,1665,70422,15,0,0,15,31
2020-09-10,US,Georgia,Jasper,201,4,0,33.31535543,-83.68844964,13159.0,1413.6015190941696,1.9900497512437807,197,200,4,0,196,200,14040,1,0,0,1,0
2020-09-10,US,Georgia,Jeff Davis,674,14,0,31.80405727,-82.63724870000001,13161.0,4459.1465431690385,2.0771513353115734,660,672,13,0,659,664,15029,2,1,0,1,8
2020-09-10,US,Georgia,Jefferson,728,20,0,33.05867328,-82.41609057,13163.0,4738.966280432235,2.7472527472527477,708,727,20,0,707,713,15430,1,0,0,1,14
2020-09-10,US,Georgia,Jenkins,355,27,0,32.79248718,-81.96040187,13165.0,4091.747349008761,7.605633802816901,328,351,27,0,324,348,8683,4,0,0,4,3
2020-09-10,US,Georgia,Johnson,388,18,0,32.70211082,-82.66166794,13167.0,4023.644094161568,4.639175257731959,370,383,14,0,369,377,9708,5,4,0,1,6
2020-09-10,US,Georgia,Jones,496,4,0,33.02512137,-83.56019163,13169.0,1726.1179745954412,0.8064516129032258,492,498,4,0,494,491,28616,-2,0,0,-2,7
2020-09-10,US,Georgia,Lamar,337,17,0,33.07841647,-84.14263877,13171.0,1766.5251349792945,5.044510385756675,320,334,17,0,317,334,19000,3,0,0,3,0
2020-09-10,US,Georgia,Lanier,279,5,0,31.03828570000001,-83.06472457,13173.0,2676.772522306437,1.7921146953405018,274,278,5,0,273,276,10340,1,0,0,1,2
2020-09-10,US,Georgia,Laurens,1463,54,0,32.46325233,-82.92221316,13175.0,3077.020148908425,3.691045796308954,1409,1455,52,0,1403,1428,47325,8,2,0,6,27
2020-09-10,US,Georgia,Lee,662,25,0,31.779330600000005,-84.14324253,13177.0,2207.2552680714857,3.776435045317221,637,658,25,0,633,657,29764,4,0,0,4,1
2020-09-10,US,Georgia,Liberty,981,19,0,31.82588896,-81.49251135,13179.0,1596.8096362008628,1.9367991845056065,962,978,19,0,959,968,61497,3,0,0,3,10
2020-09-10,US,Georgia,Lincoln,201,7,0,33.79201475,-82.45024131,13181.0,2537.5583890922862,3.4825870646766166,194,201,7,0,194,200,7915,0,0,0,0,1
2020-09-10,US,Georgia,Long,198,3,0,31.75218791,-81.74952375,13183.0,1012.3216933381053,1.5151515151515151,195,197,3,0,194,195,18998,1,0,0,1,2
2020-09-10,US,Georgia,Lowndes,3652,72,0,30.83568832,-83.27056716,13185.0,3110.5735652351673,1.9715224534501643,3580,3618,72,0,3546,3606,116321,34,0,0,34,12
2020-09-10,US,Georgia,Lumpkin,795,12,0,34.57286511,-84.00425681,13187.0,2365.367450163642,1.509433962264151,783,790,12,0,778,788,32955,5,0,0,5,2
2020-09-10,US,Georgia,Macon,217,10,0,32.35207048,-84.04234127,13193.0,1676.063953039314,4.6082949308755765,207,214,10,0,204,214,13143,3,0,0,3,0
2020-09-10,US,Georgia,Madison,597,8,0,34.12920917,-83.21218732,13195.0,1997.991967871486,1.340033500837521,589,594,8,0,586,581,29650,3,0,0,3,13
2020-09-10,US,Georgia,Marion,178,6,0,32.3483402,-84.52733571,13197.0,2129.441320732145,3.3707865168539324,172,178,6,0,172,178,8351,0,0,0,0,0
2020-09-10,US,Georgia,McDuffie,541,13,0,33.47851918,-82.48252774,13189.0,2538.475975975976,2.4029574861367844,528,538,13,0,525,538,21531,3,0,0,3,0
2020-09-10,US,Georgia,McIntosh,269,7,0,31.49683595,-81.40163426,13191.0,1870.9138962303518,2.6022304832713754,262,266,6,0,260,265,14340,3,1,0,2,1
2020-09-10,US,Georgia,Meriwether,510,11,0,33.04163534,-84.68859732,13199.0,2409.410875419285,2.156862745098039,499,508,11,0,497,506,21068,2,0,0,2,2
2020-09-10,US,Georgia,Miller,230,1,0,31.16568912,-84.73151117,13201.0,4022.3854494578522,0.43478260869565216,229,230,1,0,229,228,5686,0,0,0,0,2
2020-09-10,US,Georgia,Mitchell,742,45,0,31.22483255,-84.19381821,13205.0,3393.8617756026165,6.064690026954177,697,741,45,0,696,734,22192,1,0,0,1,7
2020-09-10,US,Georgia,Monroe,618,44,0,33.014289,-83.92097166,13207.0,2240.9166727101315,7.119741100323624,574,616,44,0,572,615,27520,2,0,0,2,1
2020-09-10,US,Georgia,Montgomery,250,4,0,32.17201038,-82.53527476,13209.0,2725.686873092019,1.6,246,250,4,0,246,249,9193,0,0,0,0,1
2020-09-10,US,Georgia,Morgan,442,2,0,33.59232073,-83.49129491,13211.0,2293.0068478937533,0.4524886877828054,440,441,2,0,439,440,18853,1,0,0,1,1
2020-09-10,US,Georgia,Murray,737,5,0,34.78897608,-84.74993177,13213.0,1838.0885873902635,0.6784260515603799,732,734,4,0,730,732,39921,3,1,0,2,2
2020-09-10,US,Georgia,Muscogee,5678,154,0,32.50931999,-84.87142262,13215.0,2900.357053466075,2.7122226135963365,5524,5653,152,0,5501,5637,194160,25,2,0,23,16
2020-09-10,US,Georgia,Newton,2417,72,0,33.55514538,-83.84547140000002,13217.0,2162.979667812142,2.9788994621431537,2345,2406,67,0,2339,2390,109541,11,5,0,6,16
2020-09-10,US,Georgia,Oconee,640,21,0,33.83749973,-83.43679568,13219.0,1588.8778550148957,3.28125,619,635,21,0,614,632,39272,5,0,0,5,3
2020-09-10,US,Georgia,Oglethorpe,295,11,0,33.878629600000004,-83.08278123,13221.0,1933.2852742643688,3.7288135593220337,284,294,11,0,283,291,15054,1,0,0,1,3
2020-09-10,US,Georgia,Out of GA,16535,142,0,0.0,0.0,80013.0,0.0,0.8587843967342002,16393,16663,141,0,16522,16666,,-128,1,0,-129,-3
2020-09-10,US,Georgia,Paulding,2530,43,0,33.91969522,-84.86848792,13223.0,1499.997035578981,1.6996047430830041,2487,2491,42,0,2449,2464,164044,39,1,0,38,27
2020-09-10,US,Georgia,Peach,603,19,0,32.56934316,-83.82937,13225.0,2189.0655630581573,3.1509121061359866,584,594,18,0,576,591,27297,9,1,0,8,3
2020-09-10,US,Georgia,Pickens,563,8,0,34.46589159,-84.46406611,13227.0,1727.4707741401,1.4209591474245116,555,558,8,0,550,551,31980,5,0,0,5,7
2020-09-10,US,Georgia,Pierce,544,14,0,31.35928155,-82.21598442,13229.0,2794.759825327511,2.573529411764706,530,543,14,0,529,540,19389,1,0,0,1,3
2020-09-10,US,Georgia,Pike,291,8,0,33.09310242,-84.38790389,13231.0,1534.6482438561334,2.7491408934707904,283,291,8,0,283,290,18634,0,0,0,0,1
2020-09-10,US,Georgia,Polk,1302,17,0,34.00267074,-85.18677781,13233.0,3055.4056273907013,1.3056835637480801,1285,1295,17,0,1278,1281,42470,7,0,0,7,14
2020-09-10,US,Georgia,Pulaski,279,11,0,32.23334561,-83.47549959999998,13235.0,2505.162970279249,3.942652329749104,268,279,11,0,268,275,11069,0,0,0,0,4
2020-09-10,US,Georgia,Putnam,651,21,0,33.32056115,-83.37552891,13237.0,2943.1710294317104,3.2258064516129035,630,646,21,0,625,644,21809,5,0,0,5,2
2020-09-10,US,Georgia,Quitman,31,1,0,31.86728114,-85.01773177,13239.0,1348.4123531970422,3.2258064516129035,30,31,1,0,30,31,2279,0,0,0,0,0
2020-09-10,US,Georgia,Rabun,305,7,0,34.88389445,-83.40304637,13241.0,1779.7747563750945,2.295081967213114,298,301,7,0,294,299,16867,4,0,0,4,2
2020-09-10,US,Georgia,Randolph,325,27,0,31.76622818,-84.75732369,13243.0,4794.924756565359,8.307692307692307,298,322,27,0,295,322,6833,3,0,0,3,0
2020-09-10,US,Georgia,Richmond,6405,143,0,33.35777107,-82.07026432,13245.0,3162.6818356886797,2.232630757220921,6262,6366,143,0,6223,6331,201554,39,0,0,39,35
2020-09-10,US,Georgia,Rockdale,1729,32,0,33.65145002,-84.02202167,13247.0,1902.1739130434785,1.8507807981492197,1697,1724,32,0,1692,1718,90594,5,0,0,5,6
2020-09-10,US,Georgia,Schley,101,2,0,32.2654021,-84.31258912,13249.0,1921.2478599961953,1.98019801980198,99,101,2,0,99,99,5236,0,0,0,0,2
2020-09-10,US,Georgia,Screven,327,9,0,32.74976524,-81.60779441,13251.0,2341.40054417872,2.7522935779816518,318,327,9,0,318,316,13938,0,0,0,0,11
2020-09-10,US,Georgia,Seminole,315,8,0,30.93464824,-84.86823924,13253.0,3893.695920889988,2.5396825396825395,307,314,8,0,306,313,8315,1,0,0,1,1
2020-09-10,US,Georgia,Spalding,1238,54,0,33.26310031,-84.28013991,13255.0,1855.9884862749798,4.361873990306947,1184,1230,54,0,1176,1221,66100,8,0,0,8,9
2020-09-10,US,Georgia,Stephens,914,30,0,34.55151201,-83.29405315,13257.0,3525.554484088717,3.2822757111597376,884,909,29,0,880,909,26035,5,1,0,4,0
2020-09-10,US,Georgia,Stewart,402,12,0,32.07996777,-84.83208037,13259.0,6071.590394200272,2.985074626865672,390,386,11,0,375,377,6199,16,1,0,15,9
2020-09-10,US,Georgia,Sumter,893,60,0,32.03650571,-84.19821492,13261.0,3024.657905432868,6.718924972004478,833,893,60,0,833,891,29733,0,0,0,0,2
2020-09-10,US,Georgia,Talbot,155,5,0,32.69642758,-84.53351366,13263.0,2502.0177562550443,3.2258064516129035,150,155,5,0,150,155,6272,0,0,0,0,0
2020-09-10,US,Georgia,Taliaferro,19,0,0,33.56543317,-82.88136816,13265.0,1236.174365647365,0.0,19,19,0,0,19,19,1608,0,0,0,0,0
2020-09-10,US,Georgia,Tattnall,724,8,0,32.04785085,-82.05539188,13267.0,2863.2444831131847,1.1049723756906078,716,722,8,0,714,717,25391,2,0,0,2,5
2020-09-10,US,Georgia,Taylor,174,8,0,32.55792548,-84.25077141,13269.0,2169.5760598503743,4.597701149425287,166,169,8,0,161,167,8039,5,0,0,5,2
2020-09-10,US,Georgia,Telfair,363,15,0,31.92829517,-82.93491155,13271.0,2288.7767969735182,4.132231404958676,348,364,15,0,349,361,15876,-1,0,0,-1,3
2020-09-10,US,Georgia,Terrell,324,31,0,31.77527543,-84.44069698,13273.0,3797.9134919704607,9.567901234567902,293,324,31,0,293,324,8611,0,0,0,0,0
2020-09-10,US,Georgia,Thomas,1423,58,0,30.86392347,-83.91847289,13275.0,3201.2778115228,4.075895994378074,1365,1435,58,0,1377,1435,44448,-12,0,0,-12,0
2020-09-10,US,Georgia,Tift,1612,52,0,31.45743864,-83.5236119,13277.0,3966.1450644621586,3.2258064516129035,1560,1596,52,0,1544,1584,40571,16,0,0,16,12
2020-09-10,US,Georgia,Toombs,1197,30,0,32.12059861,-82.32957247,13279.0,4461.423779351472,2.506265664160401,1167,1178,30,0,1148,1163,26887,19,0,0,19,15
2020-09-10,US,Georgia,Towns,244,7,0,34.91369188,-83.74107459999998,13281.0,2027.0831602558774,2.8688524590163933,237,240,7,0,233,234,11852,4,0,0,4,6
2020-09-10,US,Georgia,Treutlen,232,6,0,32.40422134,-82.56904553,13283.0,3361.831618605999,2.586206896551724,226,233,5,0,228,231,6809,-1,1,0,-2,2
2020-09-10,US,Georgia,Troup,2674,92,0,33.03349196,-85.02812115,13285.0,3824.2613197563,3.4405385190725504,2582,2669,91,0,2578,2663,70034,5,1,0,4,6
2020-09-10,US,Georgia,Turner,287,21,0,31.71612656,-83.62069378,13287.0,3594.239198497183,7.317073170731707,266,287,21,0,266,283,7912,0,0,0,0,4
2020-09-10,US,Georgia,Twiggs,173,7,0,32.67435595,-83.43078662,13289.0,2130.541871921182,4.0462427745664735,166,172,7,0,165,171,8188,1,0,0,1,1
2020-09-10,US,Georgia,Unassigned,2440,3,0,0.0,0.0,90013.0,0.0,0.12295081967213115,2437,2409,3,0,2406,2386,,31,0,0,31,23
2020-09-10,US,Georgia,Union,542,16,0,34.82995757,-83.98967069,13291.0,2211.252090897964,2.9520295202952034,526,538,14,0,524,534,24001,4,2,0,2,4
2020-09-10,US,Georgia,Upson,699,59,0,32.87920671,-84.30024826,13293.0,2655.7750759878422,8.44062947067239,640,693,59,0,634,690,26215,6,0,0,6,3
2020-09-10,US,Georgia,Walker,1215,26,0,34.73376362,-85.30165174,13295.0,1741.6608133484326,2.139917695473251,1189,1179,26,0,1153,1150,69410,36,0,0,36,29
2020-09-10,US,Georgia,Walton,1636,49,0,33.78017694,-83.73552314,13297.0,1729.514868964934,2.9951100244498776,1587,1623,49,0,1574,1613,93503,13,0,0,13,10
2020-09-10,US,Georgia,Ware,1394,49,0,31.05449097,-82.42224148,13299.0,3901.04662226451,3.51506456241033,1345,1389,49,0,1340,1384,35680,5,0,0,5,5
2020-09-10,US,Georgia,Warren,124,5,0,33.41146451,-82.67795848,13301.0,2360.106585458698,4.032258064516129,119,124,5,0,119,124,5251,0,0,0,0,0
2020-09-10,US,Georgia,Washington,634,7,0,32.96711864,-82.79357039,13303.0,3111.8091685481486,1.1041009463722398,627,631,7,0,624,630,20386,3,0,0,3,1
2020-09-10,US,Georgia,Wayne,1030,26,0,31.5521809,-81.91894878,13305.0,3441.7081565141852,2.5242718446601944,1004,1025,26,0,999,1019,29808,5,0,0,5,6
2020-09-10,US,Georgia,Webster,41,2,0,32.04066113,-84.54742852,13307.0,1572.6889144610666,4.878048780487805,39,41,2,0,39,41,2611,0,0,0,0,0
2020-09-10,US,Georgia,Wheeler,232,9,0,32.12009104,-82.72574721,13309.0,2953.532781667728,3.8793103448275854,223,160,8,0,152,154,7879,72,1,0,71,6
2020-09-10,US,Georgia,White,629,17,0,34.64624278,-83.74905525,13311.0,2042.3404117150465,2.702702702702702,612,598,16,0,582,593,29970,31,1,0,30,5
2020-09-10,US,Georgia,Whitfield,4217,55,0,34.80987459,-84.96093476,13313.0,4030.469855105708,1.304244723737254,4162,4177,55,0,4122,4164,104062,40,0,0,40,13
2020-09-10,US,Georgia,Wilcox,229,20,0,31.97496928,-83.43438555,13315.0,2651.997683844817,8.733624454148472,209,228,20,0,208,228,8812,1,0,0,1,0
2020-09-10,US,Georgia,Wilkes,241,3,0,33.78290391,-82.74286107,13317.0,2464.968804336709,1.2448132780082988,238,239,3,0,236,237,9876,2,0,0,2,2
2020-09-10,US,Georgia,Wilkinson,307,17,0,32.80291082,-83.17140684,13319.0,3428.635246817065,5.537459283387622,290,305,17,0,288,302,9036,2,0,0,2,3
2020-09-10,US,Georgia,Worth,517,29,0,31.55162306,-83.85090513,13321.0,2553.4647108213558,5.6092843326885875,488,516,29,0,487,514,20299,1,0,0,1,2
2020-09-10,US,Hawaii,Hawaii,541,3,0,19.60121157,-155.5210167,15001.0,268.46903177462497,0.5545286506469501,538,533,3,0,530,523,200983,8,0,0,8,10
2020-09-10,US,Hawaii,Honolulu,9304,81,0,21.45803166,-157.97121819999995,15003.0,954.6843046575748,0.8705932932072227,9223,9146,78,0,9068,9058,980080,158,3,0,155,88
2020-09-10,US,Hawaii,Kauai,58,0,0,22.03935037,-159.5966786,15007.0,80.2290678212275,0.0,58,58,0,0,58,58,72133,0,0,0,0,0
2020-09-10,US,Hawaii,Maui,363,9,0,20.86399628,-156.56890969999995,15009.0,216.82385898684123,2.479338842975207,354,360,9,0,351,360,167207,3,0,0,3,0
2020-09-10,US,Hawaii,Out of HI,26,1,0,0.0,0.0,80015.0,0.0,3.8461538461538463,25,26,1,0,25,26,,0,0,0,0,0
2020-09-10,US,Idaho,Ada,11823,138,0,43.4526575,-116.24155159999998,16001.0,2455.008129372263,1.1672164425272773,11685,11750,138,0,11612,11411,469966,73,0,0,73,339
2020-09-10,US,Idaho,Adams,26,1,0,44.89333571,-116.4545247,16003.0,605.4960409874243,3.8461538461538463,25,26,1,0,25,25,4250,0,0,0,0,1
2020-09-10,US,Idaho,Bannock,719,4,0,42.67002716,-112.2233311,16005.0,818.8319970845482,0.5563282336578581,715,709,4,0,705,642,87138,10,0,0,10,67
2020-09-10,US,Idaho,Bear Lake,31,0,0,42.28269683,-111.32892379999998,16007.0,506.1224489795918,0.0,31,31,0,0,31,31,6050,0,0,0,0,0
2020-09-10,US,Idaho,Benewah,124,2,0,47.21754179,-116.6586851,16009.0,1333.6201333620133,1.6129032258064515,122,123,2,0,121,119,9226,1,0,0,1,4
2020-09-10,US,Idaho,Bingham,564,9,0,43.21672879999999,-112.3978437,16011.0,1204.8450150605627,1.5957446808510638,555,549,9,0,540,458,46236,15,0,0,15,91
2020-09-10,US,Idaho,Blaine,609,6,0,43.4085812,-113.9752658,16013.0,2645.4107119586465,0.9852216748768472,603,608,6,0,602,606,22601,1,0,0,1,2
2020-09-10,US,Idaho,Boise,63,1,0,43.98829931,-115.7309284,16015.0,804.4949559443237,1.5873015873015872,62,62,1,0,61,63,7634,1,0,0,1,-1
2020-09-10,US,Idaho,Bonner,238,0,0,48.29996017,-116.6017932,16017.0,520.3436891930301,0.0,238,234,0,0,234,221,44727,4,0,0,4,13
2020-09-10,US,Idaho,Bonneville,2055,13,0,43.38713372,-111.6161537,16019.0,1725.9915002267724,0.6326034063260341,2042,2025,13,0,2012,1884,116854,30,0,0,30,141
2020-09-10,US,Idaho,Boundary,45,1,0,48.76684761,-116.4630179,16021.0,367.49693752552076,2.2222222222222223,44,45,1,0,44,44,11948,0,0,0,0,1
2020-09-10,US,Idaho,Butte,24,0,0,43.72592209,-113.1735463,16023.0,924.1432422025414,0.0,24,24,0,0,24,16,2611,0,0,0,0,8
2020-09-10,US,Idaho,Camas,4,0,0,43.46665742,-114.8065892,16025.0,361.6636528028933,0.0,4,4,0,0,4,4,1127,0,0,0,0,0
2020-09-10,US,Idaho,Canyon,7618,88,0,43.61970148,-116.70954990000001,16027.0,3314.3498557748785,1.1551588343397217,7530,7575,88,0,7487,7332,223499,43,0,0,43,243
2020-09-10,US,Idaho,Caribou,46,0,0,42.77149116,-111.5597683,16029.0,642.9070580013978,0.0,46,46,0,0,46,41,7060,0,0,0,0,5
2020-09-10,US,Idaho,Cassia,594,5,0,42.28347888,-113.6012409,16031.0,2471.9101123595506,0.8417508417508418,589,592,5,0,587,586,23864,2,0,0,2,6
2020-09-10,US,Idaho,Clark,23,0,0,44.28496071,-112.35057040000001,16033.0,2721.8934911242604,0.0,23,23,0,0,23,21,852,0,0,0,0,2
2020-09-10,US,Idaho,Clearwater,27,0,0,46.67459924,-115.6622393,16035.0,308.3599817268159,0.0,27,27,0,0,27,22,8758,0,0,0,0,5
2020-09-10,US,Idaho,Custer,45,0,0,44.24186819,-114.2855494,16037.0,1042.8736964078794,0.0,45,44,0,0,44,42,4280,1,0,0,1,2
2020-09-10,US,Idaho,Elmore,306,3,0,43.3507101,-115.4701578,16039.0,1112.2823597833594,0.9803921568627452,303,303,3,0,300,293,27259,3,0,0,3,10
2020-09-10,US,Idaho,Franklin,61,0,0,42.18332217,-111.81496659999999,16041.0,439.60795618333816,0.0,61,61,0,0,61,58,13726,0,0,0,0,3
2020-09-10,US,Idaho,Fremont,132,3,0,44.22800938,-111.48099429999999,16043.0,1007.7105122528436,2.272727272727273,129,129,3,0,126,118,13168,3,0,0,3,11
2020-09-10,US,Idaho,Gem,245,2,0,44.06482372,-116.398376,16045.0,1352.6943462897527,0.8163265306122449,243,244,2,0,242,229,17634,1,0,0,1,15
2020-09-10,US,Idaho,Gooding,247,1,0,42.96927962,-114.81083059999999,16047.0,1627.248171816325,0.4048582995951417,246,245,1,0,244,240,15196,2,0,0,2,5
2020-09-10,US,Idaho,Idaho,51,0,0,45.84721541,-115.4634436,16049.0,305.9938801223976,0.0,51,50,0,0,50,44,16513,1,0,0,1,6
2020-09-10,US,Idaho,Jefferson,386,1,0,43.82078483,-112.3131749,16051.0,1292.223226540792,0.2590673575129533,385,382,1,0,381,370,29439,4,0,0,4,12
2020-09-10,US,Idaho,Jerome,676,6,0,42.68891267,-114.2655033,16053.0,2769.1299360970006,0.8875739644970414,670,661,6,0,655,617,24015,15,0,0,15,44
2020-09-10,US,Idaho,Kootenai,2322,31,0,47.67282258,-116.7020872,16055.0,1401.3530721739078,1.3350559862187772,2291,2302,31,0,2271,2237,161505,20,0,0,20,65
2020-09-10,US,Idaho,Latah,267,0,0,46.81587887,-116.71136979999999,16057.0,665.7026029719758,0.0,267,265,0,0,265,250,40134,2,0,0,2,15
2020-09-10,US,Idaho,Lemhi,72,0,0,44.9438088,-113.9309747,16059.0,896.9727170798552,0.0,72,71,0,0,71,70,7961,1,0,0,1,1
2020-09-10,US,Idaho,Lewis,11,0,0,46.23315327,-116.434146,16061.0,286.607608129234,0.0,11,11,0,0,11,9,3861,0,0,0,0,2
2020-09-10,US,Idaho,Lincoln,80,0,0,43.0012336,-114.1358773,16063.0,1490.8684308609766,0.0,80,74,0,0,74,70,5360,6,0,0,6,4
2020-09-10,US,Idaho,Madison,319,0,0,43.78141028,-111.65384740000002,16065.0,799.3585085323379,0.0,319,300,0,0,300,260,39304,19,0,0,19,40
2020-09-10,US,Idaho,Minidoka,583,6,0,42.85518524,-113.6357257,16067.0,2771.0442511526207,1.0291595197255574,577,564,3,0,561,564,20825,19,3,0,16,0
2020-09-10,US,Idaho,Nez Perce,351,20,0,46.32638236,-116.75009750000001,16069.0,868.6398732924173,5.698005698005698,331,350,19,0,331,317,40408,1,1,0,0,33
2020-09-10,US,Idaho,Oneida,22,0,0,42.19494279999999,-112.5407838,16071.0,485.5440300154492,0.0,22,22,0,0,22,22,4488,0,0,0,0,0
2020-09-10,US,Idaho,Owyhee,316,5,0,42.58016894,-116.16938710000001,16073.0,2672.7564915842004,1.5822784810126582,311,316,5,0,311,306,11693,0,0,0,0,10
2020-09-10,US,Idaho,Payette,756,4,0,44.00545243,-116.7647695,16075.0,3156.444407331636,0.5291005291005291,752,750,4,0,746,713,23551,6,0,0,6,37
2020-09-10,US,Idaho,Power,150,0,0,42.69254894,-112.83957420000002,16077.0,1952.8707199583387,0.0,150,146,0,0,146,131,7768,4,0,0,4,15
2020-09-10,US,Idaho,Shoshone,206,17,0,47.35364087,-115.89167490000001,16079.0,1599.1305697873001,8.25242718446602,189,206,17,0,189,198,12796,0,0,0,0,8
2020-09-10,US,Idaho,Teton,137,0,0,43.75303583,-111.2056773,16081.0,1128.314939878109,0.0,137,135,0,0,135,128,11640,2,0,0,2,7
2020-09-10,US,Idaho,Twin Falls,1840,35,0,42.35440512,-114.6685381,16083.0,2117.9124749648927,1.9021739130434785,1805,1818,35,0,1783,1734,86081,22,0,0,22,84
2020-09-10,US,Idaho,Unassigned,2,0,0,0.0,0.0,90016.0,0.0,0.0,2,1054,17,0,1037,1054,,-1052,-17,0,-1035,0
2020-09-10,US,Idaho,Valley,86,1,0,44.76728382,-115.5676773,16085.0,754.9157303370787,1.162790697674419,85,86,1,0,85,85,11041,0,0,0,0,1
2020-09-10,US,Idaho,Washington,315,4,0,44.45275475,-116.78476880000001,16087.0,3090.0529723366685,1.2698412698412698,311,311,4,0,307,293,10161,4,0,0,4,18
2020-09-10,US,Illinois,Adams,849,11,0,39.98815591,-91.18786813,17001.0,1297.4707725223504,1.2956419316843346,838,829,10,0,819,820,65691,20,1,0,19,9
2020-09-10,US,Illinois,Alexander,52,1,0,37.18049267,-89.32910838,17003.0,902.6210727304288,1.9230769230769231,51,51,1,0,50,51,6060,1,0,0,1,0
2020-09-10,US,Illinois,Bond,216,4,0,38.88829622,-89.43534887,17005.0,1314.9884329721174,1.851851851851852,212,212,4,0,208,209,16630,4,0,0,4,3
2020-09-10,US,Illinois,Boone,947,23,0,42.32359279,-88.82345779,17007.0,1768.6388764380695,2.4287222808870115,924,932,23,0,909,924,53577,15,0,0,15,8
2020-09-10,US,Illinois,Brown,25,0,0,39.96209138,-90.75068024,17009.0,380.0547278808148,0.0,25,25,0,0,25,25,6556,0,0,0,0,0
2020-09-10,US,Illinois,Bureau,469,9,0,41.40385234,-89.5283051,17011.0,1437.4157165624615,1.9189765458422172,460,463,9,0,454,453,32993,6,0,0,6,10
2020-09-10,US,Illinois,Calhoun,33,0,0,39.16840183,-90.66330078,17013.0,696.3494408102977,0.0,33,33,0,0,33,33,4802,0,0,0,0,0
2020-09-10,US,Illinois,Carroll,156,4,0,42.06823429,-89.93395545,17015.0,1090.5277874868927,2.5641025641025643,152,151,4,0,147,150,14312,5,0,0,5,1
2020-09-10,US,Illinois,Cass,341,11,0,39.96991073,-90.24734436,17017.0,2807.277517082407,3.2258064516129035,330,337,11,0,326,337,12260,4,0,0,4,0
2020-09-10,US,Illinois,Champaign,3811,20,0,40.13919438,-88.20046615,17019.0,1817.4534668008332,0.5247966413014957,3791,3728,20,0,3708,3628,209983,83,0,0,83,100
2020-09-10,US,Illinois,Christian,284,8,0,39.54581621,-89.27780482,17021.0,879.1480931154036,2.8169014084507036,276,269,7,0,262,267,32661,15,1,0,14,2
2020-09-10,US,Illinois,Clark,123,2,0,39.33425789,-87.78705622,17023.0,796.5805323489412,1.6260162601626016,121,122,2,0,120,121,15596,1,0,0,1,1
2020-09-10,US,Illinois,Clay,116,0,0,38.75388572,-88.48914513,17025.0,879.8543689320387,0.0,116,114,0,0,114,114,13253,2,0,0,2,0
2020-09-10,US,Illinois,Clinton,902,19,0,38.60704876,-89.42385254,17027.0,2401.3630797082155,2.106430155210643,883,884,19,0,865,869,37639,18,0,0,18,15
2020-09-10,US,Illinois,Coles,1180,25,0,39.51949084,-88.22358557,17029.0,2331.0483791311913,2.1186440677966103,1155,1151,25,0,1126,1146,50885,29,0,0,29,5
2020-09-10,US,Illinois,Cook,132963,5103,0,41.84144849,-87.81658794,17031.0,2581.689022613152,3.837909794454096,127860,132401,5100,0,127301,132072,5180493,562,3,0,559,329
2020-09-10,US,Illinois,Crawford,204,1,0,39.0032229,-87.75954624,17033.0,1092.8376278995017,0.4901960784313725,203,181,1,0,180,177,18807,23,0,0,23,4
2020-09-10,US,Illinois,Cumberland,176,4,0,39.27432424,-88.2401158,17035.0,1634.7761471298531,2.272727272727273,172,172,4,0,168,170,10808,4,0,0,4,2
2020-09-10,US,Illinois,De Witt,62,1,0,40.17514519,-88.90959682,17039.0,396.47013684614404,1.6129032258064515,61,61,1,0,60,60,15769,1,0,0,1,1
2020-09-10,US,Illinois,DeKalb,1289,36,0,41.89373302,-88.76958483,17037.0,1228.8244659046493,2.7928626842513578,1253,1273,36,0,1237,1259,104143,16,0,0,16,14
2020-09-10,US,Illinois,Douglas,247,5,0,39.76768052,-88.21854195,17041.0,1268.9442589262778,2.0242914979757085,242,242,5,0,237,240,19479,5,0,0,5,2
2020-09-10,US,Illinois,DuPage,15704,540,0,41.85116968,-88.08642662,17043.0,1701.5540875112824,3.4386143657666834,15164,15592,540,0,15052,15499,928589,112,0,0,112,93
2020-09-10,US,Illinois,Edgar,98,3,0,39.6809186,-87.74759563,17045.0,571.0622924072022,3.0612244897959178,95,96,2,0,94,96,17360,2,1,0,1,0
2020-09-10,US,Illinois,Edwards,50,0,0,38.41353228,-88.05720863,17047.0,781.8608287724785,0.0,50,48,0,0,48,48,6392,2,0,0,2,0
2020-09-10,US,Illinois,Effingham,703,1,0,39.05935711,-88.58969584,17049.0,2067.160668078099,0.1422475106685633,702,680,1,0,679,664,34208,23,0,0,23,16
2020-09-10,US,Illinois,Fayette,227,3,0,39.00072038,-89.02452658,17051.0,1063.9295088113986,1.3215859030837005,224,217,3,0,214,217,21416,10,0,0,10,0
2020-09-10,US,Illinois,Ford,82,4,0,40.59706922,-88.22350769,17053.0,632.6672324666308,4.878048780487805,78,79,3,0,76,79,13264,3,1,0,2,0
2020-09-10,US,Illinois,Franklin,398,1,0,37.99189086,-88.92567818,17055.0,1034.5992877381786,0.25125628140703515,397,389,1,0,388,387,38701,9,0,0,9,2
2020-09-10,US,Illinois,Fulton,107,0,0,40.47289135,-90.20862357,17057.0,311.5899825276645,0.0,107,108,0,0,108,104,34844,-1,0,0,-1,4
2020-09-10,US,Illinois,Gallatin,67,2,0,37.76430935,-88.22953869,17059.0,1387.738193869097,2.985074626865672,65,67,2,0,65,67,5058,0,0,0,0,0
2020-09-10,US,Illinois,Greene,172,1,0,39.35907414,-90.388865,17061.0,1326.2394941784255,0.5813953488372093,171,161,1,0,160,160,13044,11,0,0,11,1
2020-09-10,US,Illinois,Grundy,555,5,0,41.28569601,-88.41905692,17063.0,1087.0842637207666,0.9009009009009008,550,553,5,0,548,550,50972,2,0,0,2,3
2020-09-10,US,Illinois,Hamilton,49,0,0,38.08163641,-88.53883373,17065.0,603.7456875308034,0.0,49,49,0,0,49,47,8163,0,0,0,0,2
2020-09-10,US,Illinois,Hancock,167,2,0,40.40423981,-91.16313899,17067.0,943.0765755590694,1.1976047904191616,165,164,2,0,162,159,17844,3,0,0,3,5
2020-09-10,US,Illinois,Hardin,24,0,0,37.51810645,-88.26873022,17069.0,628.1078251766553,0.0,24,23,0,0,23,22,3910,1,0,0,1,1
2020-09-10,US,Illinois,Henderson,57,0,0,40.81908672,-90.92491462,17071.0,857.6587421005116,0.0,57,57,0,0,57,57,6709,0,0,0,0,0
2020-09-10,US,Illinois,Henry,556,4,0,41.3533994,-90.13296166,17073.0,1136.7121215218856,0.7194244604316546,552,544,3,0,541,541,49090,12,1,0,11,3
2020-09-10,US,Illinois,Iroquois,326,19,0,40.74717633,-87.82466784,17075.0,1202.3308991664826,5.828220858895706,307,321,19,0,302,319,27604,5,0,0,5,2
2020-09-10,US,Illinois,Jackson,1103,25,0,37.78595185,-89.38232563,17077.0,1943.612334801762,2.2665457842248413,1078,1086,24,0,1062,1072,57419,17,1,0,16,14
2020-09-10,US,Illinois,Jasper,168,7,0,39.01054275,-88.15437049,17079.0,1748.178980228928,4.166666666666667,161,167,7,0,160,166,9611,1,0,0,1,1
2020-09-10,US,Illinois,Jefferson,502,37,0,38.29980057,-88.9240025,17081.0,1332.1303470969112,7.370517928286853,465,499,37,0,462,499,37820,3,0,0,3,0
2020-09-10,US,Illinois,Jersey,333,11,0,39.08869046,-90.35393073,17083.0,1529.4171680521747,3.3033033033033035,322,326,7,0,319,324,21847,7,4,0,3,2
2020-09-10,US,Illinois,Jo Daviess,200,2,0,42.36542373,-90.21094405,17085.0,941.8412997409937,1.0,198,200,2,0,198,199,21366,0,0,0,0,1
2020-09-10,US,Illinois,Johnson,126,0,0,37.45939802,-88.88165419,17087.0,1014.7378593863252,0.0,126,126,0,0,126,126,12456,0,0,0,0,0
2020-09-10,US,Illinois,Kane,11888,319,0,41.93842729,-88.42861412,17089.0,2232.8950062264857,2.6833781965006733,11569,11826,317,0,11509,11761,534216,62,2,0,60,65
2020-09-10,US,Illinois,Kankakee,2467,72,0,41.13746989,-87.86205334,17091.0,2245.5444102601446,2.918524523713012,2395,2435,72,0,2363,2426,110024,32,0,0,32,9
2020-09-10,US,Illinois,Kendall,1772,25,0,41.59081014,-88.42869583,17093.0,1373.7499030932636,1.4108352144469527,1747,1761,25,0,1736,1746,127915,11,0,0,11,15
2020-09-10,US,Illinois,Knox,506,3,0,40.93148779,-90.21330340000002,17095.0,1018.1291374071914,0.5928853754940712,503,505,3,0,502,498,50112,1,0,0,1,7
2020-09-10,US,Illinois,LaSalle,1429,54,0,41.34426129999999,-88.88633881,17099.0,1315.0024385979445,3.7788663400979705,1375,1419,54,0,1365,1413,109430,10,0,0,10,6
2020-09-10,US,Illinois,Lake,15472,476,0,42.3224907,-88.00367925,17097.0,2221.281055510491,3.0765253360910028,14996,15379,475,0,14904,15349,700832,93,1,0,92,30
2020-09-10,US,Illinois,Lawrence,207,0,0,38.71987914,-87.72884035,17101.0,1320.3214695752008,0.0,207,206,0,0,206,205,15765,1,0,0,1,1
2020-09-10,US,Illinois,Lee,290,1,0,41.74583951,-89.29977132,17103.0,850.5396527451901,0.3448275862068966,289,287,1,0,286,283,34223,3,0,0,3,4
2020-09-10,US,Illinois,Livingston,253,4,0,40.89188292,-88.55784752,17105.0,709.7172351885097,1.5810276679841897,249,245,4,0,241,245,35761,8,0,0,8,0
2020-09-10,US,Illinois,Logan,353,1,0,40.12581572,-89.36638784,17107.0,1233.4894122580195,0.28328611898017,352,346,1,0,345,323,28925,7,0,0,7,23
2020-09-10,US,Illinois,Macon,1162,29,0,39.86064913,-88.96342505,17115.0,1117.2110105856225,2.4956970740103266,1133,1139,29,0,1110,1129,104712,23,0,0,23,10
2020-09-10,US,Illinois,Macoupin,418,6,0,39.26119767,-89.92424028,17117.0,930.4189110982504,1.4354066985645932,412,410,6,0,404,402,45313,8,0,0,8,8
2020-09-10,US,Illinois,Madison,4693,115,0,38.83042506,-89.90422563,17119.0,1784.6413604800616,2.450458129128489,4578,4631,113,0,4518,4585,264461,62,2,0,60,46
2020-09-10,US,Illinois,Marion,387,0,0,38.64963204,-88.91899208,17121.0,1040.1827711329122,0.0,387,375,0,0,375,368,37620,12,0,0,12,7
2020-09-10,US,Illinois,Marshall,63,0,0,41.0327901,-89.34510444,17123.0,550.795593635251,0.0,63,60,0,0,60,59,11534,3,0,0,3,1
2020-09-10,US,Illinois,Mason,102,1,0,40.23917274,-89.91824452,17125.0,763.5302043566135,0.9803921568627452,101,100,1,0,99,97,13565,2,0,0,2,3
2020-09-10,US,Illinois,Massac,76,1,0,37.22078441,-88.71036614,17127.0,551.844321812373,1.3157894736842106,75,74,1,0,73,74,14080,2,0,0,2,0
2020-09-10,US,Illinois,McDonough,371,15,0,40.45674722,-90.67775541,17109.0,1249.9157738696856,4.043126684636119,356,352,15,0,337,336,29955,19,0,0,19,16
2020-09-10,US,Illinois,McHenry,4176,116,0,42.32451172,-88.45248227,17111.0,1356.8397590439738,2.7777777777777777,4060,4161,116,0,4045,4139,308570,15,0,0,15,22
2020-09-10,US,Illinois,McLean,2783,18,0,40.48996987,-88.84621113,17113.0,1622.5796859786496,0.6467840459935321,2765,2697,17,0,2680,2662,172828,86,1,0,85,35
2020-09-10,US,Illinois,Menard,91,0,0,40.02742725,-89.80246001,17129.0,746.1462774680223,0.0,91,85,0,0,85,81,12288,6,0,0,6,4
2020-09-10,US,Illinois,Mercer,113,5,0,41.20596782,-90.74290052,17131.0,732.0075144134222,4.424778761061948,108,113,5,0,108,113,15601,0,0,0,0,0
2020-09-10,US,Illinois,Monroe,558,15,0,38.27594376,-90.17761038,17133.0,1610.9940237318476,2.6881720430107525,543,551,15,0,536,533,34335,7,0,0,7,18
2020-09-10,US,Illinois,Montgomery,273,12,0,39.23198845,-89.47809254,17135.0,960.7939748011544,4.395604395604397,261,274,11,0,263,270,28601,-1,1,0,-2,4
2020-09-10,US,Illinois,Morgan,580,21,0,39.71654544,-90.20255104,17137.0,1723.2158773545666,3.6206896551724137,559,579,21,0,558,577,33976,1,0,0,1,2
2020-09-10,US,Illinois,Moultrie,183,3,0,39.64187451,-88.62099969,17139.0,1261.9819322805324,1.639344262295082,180,181,3,0,178,181,14717,2,0,0,2,0
2020-09-10,US,Illinois,Ogle,550,5,0,42.04165196,-89.32184679,17141.0,1086.033607803645,0.9090909090909092,545,531,5,0,526,526,50923,19,0,0,19,5
2020-09-10,US,Illinois,Out of IL,1,0,0,0.0,0.0,80017.0,0.0,0.0,1,4,0,0,4,,,-3,0,0,-3,
2020-09-10,US,Illinois,Peoria,2755,42,0,40.78702156,-89.76078901,17143.0,1537.568576674722,1.5245009074410163,2713,2712,42,0,2670,2659,180621,43,0,0,43,53
2020-09-10,US,Illinois,Perry,311,13,0,38.08510853,-89.36856219,17145.0,1486.8999808758845,4.180064308681672,298,309,13,0,296,309,21174,2,0,0,2,0
2020-09-10,US,Illinois,Piatt,102,0,0,40.01360584,-88.59319339,17147.0,624.0822320117475,0.0,102,99,0,0,99,98,16396,3,0,0,3,1
2020-09-10,US,Illinois,Pike,93,1,0,39.62265059,-90.8877017,17149.0,597.6479660690188,1.075268817204301,92,85,1,0,84,82,15611,8,0,0,8,3
2020-09-10,US,Illinois,Pope,23,1,0,37.41391284,-88.56152109,17151.0,550.6344266219775,4.3478260869565215,22,23,1,0,22,23,4212,0,0,0,0,0
2020-09-10,US,Illinois,Pulaski,144,1,0,37.22631423,-89.13085001,17153.0,2699.1565135895034,0.6944444444444444,143,140,1,0,139,140,5463,4,0,0,4,0
2020-09-10,US,Illinois,Putnam,27,0,0,41.2013541,-89.2869272,17155.0,470.4652378463146,0.0,27,26,0,0,26,22,5740,1,0,0,1,4
2020-09-10,US,Illinois,Randolph,809,8,0,38.05095369,-89.82512254,17157.0,2545.4659870366872,0.9888751545117428,801,802,7,0,795,801,32106,7,1,0,6,1
2020-09-10,US,Illinois,Richland,99,4,0,38.71240969,-88.08475366,17159.0,638.1744343453877,4.040404040404041,95,96,4,0,92,91,15763,3,0,0,3,5
2020-09-10,US,Illinois,Rock Island,2532,66,0,41.46613806,-90.57042164,17161.0,1784.6192882667624,2.6066350710900474,2466,2510,65,0,2445,2507,143477,22,1,0,21,3
2020-09-10,US,Illinois,Saline,194,3,0,37.75332999,-88.54119706,17165.0,825.8481971818994,1.5463917525773196,191,191,3,0,188,186,23906,3,0,0,3,5
2020-09-10,US,Illinois,Sangamon,2049,42,0,39.75836914,-89.65872023,17167.0,1052.5396564477685,2.049780380673499,2007,2030,41,0,1989,2004,195348,19,1,0,18,26
2020-09-10,US,Illinois,Schuyler,32,0,0,40.157179799999994,-90.61114163,17169.0,472.81323877068564,0.0,32,31,0,0,31,31,6907,1,0,0,1,0
2020-09-10,US,Illinois,Scott,53,0,0,39.642916899999996,-90.47814431,17171.0,1070.4908099373863,0.0,53,53,0,0,53,52,4926,0,0,0,0,1
2020-09-10,US,Illinois,Shelby,286,4,0,39.39133527,-88.80611122,17173.0,1321.9931589165205,1.3986013986013983,282,275,3,0,272,264,21741,11,1,0,10,11
2020-09-10,US,Illinois,St. Clair,5852,176,0,38.46996033,-89.93063427,17163.0,2253.490754218556,3.0075187969924815,5676,5779,176,0,5603,5751,261059,73,0,0,73,28
2020-09-10,US,Illinois,Stark,40,1,0,41.09309773,-89.79745866,17175.0,748.7832272557092,2.5,39,41,1,0,40,41,5427,-1,0,0,-1,0
2020-09-10,US,Illinois,Stephenson,409,6,0,42.35129217,-89.662598,17177.0,919.1424333677918,1.4669926650366751,403,403,6,0,397,402,44753,6,0,0,6,1
2020-09-10,US,Illinois,Tazewell,1323,11,0,40.50716185,-89.51404662,17179.0,1003.7707791173192,0.8314436885865457,1312,1301,11,0,1290,1284,132328,22,0,0,22,17
2020-09-10,US,Illinois,Unassigned,1968,219,0,0.0,0.0,90017.0,0.0,11.128048780487807,1749,1987,219,0,1768,1966,,-19,0,0,-19,21
2020-09-10,US,Illinois,Union,455,24,0,37.47119609,-89.25548938,17181.0,2732.24043715847,5.2747252747252755,431,451,24,0,427,451,16841,4,0,0,4,0
2020-09-10,US,Illinois,Vermilion,425,4,0,40.18417171,-87.73384359,17183.0,560.9968584175929,0.9411764705882352,421,409,4,0,405,407,76806,16,0,0,16,2
2020-09-10,US,Illinois,Wabash,125,1,0,38.44272901,-87.84922065,17185.0,1085.0694444444443,0.8,124,123,1,0,122,123,11549,2,0,0,2,0
2020-09-10,US,Illinois,Warren,279,1,0,40.84925021,-90.6147432,17187.0,1656.3761576822608,0.35842293906810035,278,277,1,0,276,276,17032,2,0,0,2,1
2020-09-10,US,Illinois,Washington,145,1,0,38.35309213,-89.40982703,17189.0,1044.1420033124505,0.6896551724137931,144,142,1,0,141,138,13995,3,0,0,3,4
2020-09-10,US,Illinois,Wayne,164,2,0,38.42955355,-88.42586459,17191.0,1011.4091890225101,1.2195121951219512,162,152,2,0,150,145,16332,12,0,0,12,7
2020-09-10,US,Illinois,White,145,0,0,38.08706198,-88.17657461,17193.0,1071.138361527665,0.0,145,144,0,0,144,144,13665,1,0,0,1,0
2020-09-10,US,Illinois,Whiteside,609,19,0,41.75509713,-89.91556058,17195.0,1103.7607612143179,3.1198686371100166,590,599,19,0,580,590,55626,10,0,0,10,9
2020-09-10,US,Illinois,Will,12591,365,0,41.44619267,-87.97862712,17197.0,1822.8197752275448,2.89889603685172,12226,12505,362,0,12143,12415,692310,86,3,0,83,90
2020-09-10,US,Illinois,Williamson,1098,23,0,37.73033511,-88.92994027,17199.0,1648.7229154466418,2.0947176684881597,1075,1068,24,0,1044,1065,67056,30,-1,0,31,3
2020-09-10,US,Illinois,Winnebago,4661,148,0,42.33641854,-89.16085327,17201.0,1649.491103152471,3.175284273760996,4513,4609,147,0,4462,4572,284081,52,1,0,51,37
2020-09-10,US,Illinois,Woodford,332,4,0,40.78579374,-89.20973757,17203.0,863.2569749603474,1.2048192771084338,328,332,3,0,329,329,38463,0,1,0,-1,3
2020-09-10,US,Indiana,Adams,210,3,0,40.7457653,-84.93671406,18001.0,586.9692819409117,1.4285714285714286,207,209,3,0,206,199,35636,1,0,0,1,10
2020-09-10,US,Indiana,Allen,5463,187,0,41.09194313,-85.06800636,18003.0,1440.2885322661014,3.423027640490573,5276,5411,187,0,5224,5373,375351,52,0,0,52,38
2020-09-10,US,Indiana,Bartholomew,1098,56,0,39.20744865,-85.89558181,18005.0,1310.5909595483356,5.100182149362476,1042,1097,56,0,1041,1092,82753,1,0,0,1,5
2020-09-10,US,Indiana,Benton,85,0,0,40.60626947,-87.31093999,18007.0,971.6506630086876,0.0,85,84,0,0,84,84,8653,1,0,0,1,0
2020-09-10,US,Indiana,Blackford,89,2,0,40.47388153,-85.32499702,18009.0,756.9314509270282,2.247191011235955,87,88,2,0,86,87,11930,1,0,0,1,1
2020-09-10,US,Indiana,Boone,901,46,0,40.0509304,-86.46841646,18011.0,1328.0662706543048,5.105438401775805,855,895,46,0,849,892,66999,6,0,0,6,3
2020-09-10,US,Indiana,Brown,91,3,0,39.19605589,-86.22868909,18013.0,602.9684601113172,3.2967032967032965,88,91,2,0,89,91,15234,0,1,0,-1,0
2020-09-10,US,Indiana,Carroll,263,13,0,40.580783200000006,-86.56198812,18015.0,1298.3166312879496,4.942965779467682,250,262,13,0,249,260,20127,1,0,0,1,2
2020-09-10,US,Indiana,Cass,1899,9,0,40.76135835,-86.34830753,18017.0,5038.605428639657,0.4739336492890995,1890,1897,9,0,1888,1897,37955,2,0,0,2,0
2020-09-10,US,Indiana,Clark,1922,53,0,38.48015445,-85.70510334,18019.0,1624.655542594377,2.7575442247658692,1869,1910,53,0,1857,1892,117360,12,0,0,12,18
2020-09-10,US,Indiana,Clay,265,5,0,39.39561833,-87.11723506,18021.0,1010.4861773117253,1.8867924528301887,260,256,5,0,251,253,26170,9,0,0,9,3
2020-09-10,US,Indiana,Clinton,577,11,0,40.30319754,-86.47277257,18023.0,1780.9191641717334,1.9064124783362215,566,577,11,0,566,575,32250,0,0,0,0,2
2020-09-10,US,Indiana,Crawford,81,0,0,38.28814402,-86.44518825,18025.0,765.8126122719107,0.0,81,77,0,0,77,76,10558,4,0,0,4,1
2020-09-10,US,Indiana,Daviess,561,25,0,38.70186039,-87.07185406,18027.0,1682.1084825042728,4.45632798573975,536,557,25,0,532,554,33147,4,0,0,4,3
2020-09-10,US,Indiana,DeKalb,383,8,0,41.39804622,-84.99906934,18033.0,880.9660724554343,2.0887728459530033,375,380,7,0,373,377,43226,3,1,0,2,3
2020-09-10,US,Indiana,Dearborn,597,28,0,39.14647946,-84.97333539,18029.0,1207.0847992235836,4.690117252931323,569,596,28,0,568,593,49568,1,0,0,1,3
2020-09-10,US,Indiana,Decatur,433,38,0,39.30712658,-85.50087166,18031.0,1630.332467336873,8.775981524249422,395,433,38,0,395,430,26794,0,0,0,0,3
2020-09-10,US,Indiana,Delaware,1641,58,0,40.22787247,-85.39732772,18035.0,1437.771060586148,3.5344302254722733,1583,1613,58,0,1555,1594,114772,28,0,0,28,19
2020-09-10,US,Indiana,Dubois,889,17,0,38.36597551,-86.87924170000002,18037.0,2080.213403219768,1.9122609673790776,872,887,17,0,870,877,42565,2,0,0,2,10
2020-09-10,US,Indiana,Elkhart,5898,102,0,41.59761169,-85.85875695,18039.0,2858.3752138450427,1.7293997965412005,5796,5874,101,0,5773,5837,205560,24,1,0,23,37
2020-09-10,US,Indiana,Fayette,378,12,0,39.63684962,-85.17797541,18041.0,1636.2219721236254,3.1746031746031744,366,378,12,0,366,378,23047,0,0,0,0,0
2020-09-10,US,Indiana,Floyd,1169,59,0,38.32117957,-85.90385377,18043.0,1488.7547438934314,5.0470487596236095,1110,1160,58,0,1102,1156,77781,9,1,0,8,4
2020-09-10,US,Indiana,Fountain,105,2,0,40.12361933,-87.24217689,18045.0,642.3589869081121,1.9047619047619049,103,105,2,0,103,102,16351,0,0,0,0,3
2020-09-10,US,Indiana,Franklin,283,25,0,39.4142482,-85.06062647,18047.0,1243.5187626329202,8.8339222614841,258,283,25,0,258,282,22736,0,0,0,0,1
2020-09-10,US,Indiana,Fulton,216,2,0,41.0469907,-86.26252745,18049.0,1081.4058275758487,0.925925925925926,214,215,2,0,213,210,20092,1,0,0,1,5
2020-09-10,US,Indiana,Gibson,361,4,0,38.30393723,-87.58054938,18051.0,1072.5214652841735,1.10803324099723,357,355,4,0,351,351,33452,6,0,0,6,4
2020-09-10,US,Indiana,Grant,783,32,0,40.51587228,-85.65468702,18053.0,1190.5304930894495,4.086845466155811,751,775,32,0,743,760,65936,8,0,0,8,15
2020-09-10,US,Indiana,Greene,383,35,0,39.03630547,-86.96223202,18055.0,1199.7995113088152,9.138381201044387,348,383,35,0,348,382,32006,0,0,0,0,1
2020-09-10,US,Indiana,Hamilton,4307,107,0,40.07306535,-86.05244729,18057.0,1274.2188863676033,2.4843278384026006,4200,4259,107,0,4152,4241,330086,48,0,0,48,18
2020-09-10,US,Indiana,Hancock,856,42,0,39.82304555,-85.77566351,18059.0,1095.0772694708833,4.906542056074766,814,850,42,0,808,849,76351,6,0,0,6,1
2020-09-10,US,Indiana,Harrison,524,24,0,38.19467379,-86.10948271,18061.0,1293.348142663211,4.580152671755725,500,519,24,0,495,513,40350,5,0,0,5,6
2020-09-10,US,Indiana,Hendricks,2488,118,0,39.76719009,-86.51037283,18063.0,1460.856902959879,4.742765273311896,2370,2480,118,0,2362,2467,167009,8,0,0,8,13
2020-09-10,US,Indiana,Henry,673,23,0,39.93029017,-85.39625719,18065.0,1402.9016926540482,3.4175334323922733,650,668,22,0,646,660,48271,5,1,0,4,8
2020-09-10,US,Indiana,Howard,1175,62,0,40.48527731,-86.11351892,18067.0,1423.4832331847256,5.276595744680852,1113,1167,62,0,1105,1159,82366,8,0,0,8,8
2020-09-10,US,Indiana,Huntington,192,3,0,40.82907273,-85.48822092,18069.0,525.7393209200438,1.5625,189,187,3,0,184,185,36240,5,0,0,5,2
2020-09-10,US,Indiana,Jackson,718,9,0,38.90915820000001,-86.03851889,18071.0,1623.2958784562866,1.2534818941504178,709,714,9,0,705,713,44111,4,0,0,4,1
2020-09-10,US,Indiana,Jasper,355,2,0,41.02078733,-87.11553319,18073.0,1057.7438770037545,0.5633802816901409,353,351,2,0,349,349,33370,4,0,0,4,2
2020-09-10,US,Indiana,Jay,147,0,0,40.43781032,-85.00576229,18075.0,719.3188490898415,0.0,147,146,0,0,146,143,20764,1,0,0,1,3
2020-09-10,US,Indiana,Jefferson,226,3,0,38.78576239,-85.43633383,18077.0,699.5171474557385,1.327433628318584,223,226,3,0,223,223,32208,0,0,0,0,3
2020-09-10,US,Indiana,Jennings,293,12,0,38.99588883,-85.62710784,18079.0,1056.42689742203,4.09556313993174,281,290,12,0,278,283,27611,3,0,0,3,7
2020-09-10,US,Indiana,Johnson,2115,122,0,39.48994426,-86.10149107,18081.0,1337.1942314136325,5.7683215130023635,1993,2105,122,0,1983,2096,156225,10,0,0,10,9
2020-09-10,US,Indiana,Knox,406,8,0,38.68861576,-87.4194665,18083.0,1109.4714980597912,1.9704433497536944,398,399,8,0,391,394,36895,7,0,0,7,5
2020-09-10,US,Indiana,Kosciusko,1124,17,0,41.24521668,-85.86312322,18085.0,1414.619412001611,1.5124555160142348,1107,1108,17,0,1091,1099,79344,16,0,0,16,9
2020-09-10,US,Indiana,LaGrange,620,11,0,41.64232188,-85.42674232,18087.0,1565.103246327056,1.7741935483870968,609,618,11,0,607,618,39330,2,0,0,2,0
2020-09-10,US,Indiana,LaPorte,1271,37,0,41.54366008,-86.74072188,18091.0,1156.6322073383808,2.9110936270653034,1234,1254,37,0,1217,1250,110007,17,0,0,17,4
2020-09-10,US,Indiana,Lake,9648,304,0,41.41874274,-87.38277575,18089.0,1987.25831268422,3.1509121061359866,9344,9601,301,0,9300,9567,484411,47,3,0,44,34
2020-09-10,US,Indiana,Lawrence,483,27,0,38.84112637,-86.48361629,18093.0,1064.5801190213797,5.590062111801243,456,482,27,0,455,481,45668,1,0,0,1,1
2020-09-10,US,Indiana,Madison,1443,74,0,40.16143691,-85.71964711,18095.0,1113.6923183786246,5.128205128205129,1369,1432,74,0,1358,1418,129641,11,0,0,11,14
2020-09-10,US,Indiana,Marion,19473,753,0,39.78163624,-86.13826325,18097.0,2018.8019266376525,3.8668926205515333,18720,19387,752,0,18635,19307,954670,86,1,0,85,80
2020-09-10,US,Indiana,Marshall,942,23,0,41.32467367,-86.26185087,18099.0,2036.4045138138265,2.4416135881104037,919,938,23,0,915,934,46248,4,0,0,4,4
2020-09-10,US,Indiana,Martin,132,0,0,38.7099921,-86.80373186,18101.0,1287.1769868356896,0.0,132,131,0,0,131,129,10217,1,0,0,1,2
2020-09-10,US,Indiana,Miami,403,2,0,40.76940965,-86.04525048,18103.0,1134.6998535871155,0.4962779156327544,401,399,2,0,397,355,35567,4,0,0,4,44
2020-09-10,US,Indiana,Monroe,1596,36,0,39.16130004,-86.52414358,18105.0,1075.2470845039106,2.255639097744361,1560,1559,36,0,1523,1521,146917,37,0,0,37,38
2020-09-10,US,Indiana,Montgomery,474,21,0,40.04034823,-86.89335024,18107.0,1236.371224372685,4.4303797468354436,453,472,21,0,451,469,38346,2,0,0,2,3
2020-09-10,US,Indiana,Morgan,633,36,0,39.47899078,-86.44573375,18109.0,898.0124558441742,5.6872037914691935,597,631,35,0,596,625,70116,2,1,0,1,6
2020-09-10,US,Indiana,Newton,151,10,0,40.95610449,-87.39635768,18111.0,1079.8054919908466,6.622516556291392,141,151,10,0,141,151,14011,0,0,0,0,0
2020-09-10,US,Indiana,Noble,844,32,0,41.39672484,-85.41966713,18113.0,1767.7613941018772,3.791469194312796,812,841,32,0,809,841,47532,3,0,0,3,0
2020-09-10,US,Indiana,Ohio,74,7,0,38.955304999999996,-84.96515993,18115.0,1259.5744680851064,9.459459459459461,67,74,7,0,67,74,5844,0,0,0,0,0
2020-09-10,US,Indiana,Orange,263,24,0,38.54118920000001,-86.49523093,18117.0,1338.694899725135,9.125475285171104,239,261,24,0,237,260,19489,2,0,0,2,1
2020-09-10,US,Indiana,Owen,156,1,0,39.31145587,-86.83900724,18119.0,750.0360594259337,0.6410256410256411,155,156,1,0,155,156,20845,0,0,0,0,0
2020-09-10,US,Indiana,Parke,84,2,0,39.77202286,-87.20375833,18121.0,495.9556001653185,2.380952380952381,82,82,2,0,80,82,16927,2,0,0,2,0
2020-09-10,US,Indiana,Perry,198,14,0,38.07809328,-86.63741946,18123.0,1032.9177317543954,7.070707070707071,184,198,14,0,184,198,19102,0,0,0,0,0
2020-09-10,US,Indiana,Pike,116,1,0,38.40112197,-87.23574907,18125.0,936.3144725159416,0.8620689655172413,115,114,1,0,113,113,12410,2,0,0,2,1
2020-09-10,US,Indiana,Porter,1868,43,0,41.45986947,-87.06848888,18127.0,1096.3149029573506,2.3019271948608138,1825,1860,43,0,1817,1856,169594,8,0,0,8,4
2020-09-10,US,Indiana,Posey,255,0,0,38.02097333,-87.86480429,18129.0,1002.8709639359737,0.0,255,242,0,0,242,236,25540,13,0,0,13,6
2020-09-10,US,Indiana,Pulaski,105,1,0,41.04166107,-86.69890683,18131.0,849.9959524002268,0.9523809523809524,104,105,1,0,104,104,12469,0,0,0,0,1
2020-09-10,US,Indiana,Putnam,474,8,0,39.66437981,-86.84517605,18133.0,1261.4434745582287,1.6877637130801688,466,466,8,0,458,461,37779,8,0,0,8,5
2020-09-10,US,Indiana,Randolph,193,7,0,40.15734772,-85.01139319,18135.0,782.4853030610176,3.6269430051813467,186,194,7,0,187,193,24851,-1,0,0,-1,1
2020-09-10,US,Indiana,Ripley,259,8,0,39.10235626,-85.26212744,18137.0,914.4188673916112,3.088803088803089,251,256,8,0,248,253,28523,3,0,0,3,3
2020-09-10,US,Indiana,Rush,142,4,0,39.62002287,-85.4655599,18139.0,856.4019057957904,2.8169014084507036,138,141,4,0,137,139,16663,1,0,0,1,2
2020-09-10,US,Indiana,Scott,328,10,0,38.68672078,-85.74627859,18143.0,1373.937083734763,3.0487804878048776,318,327,10,0,317,326,23878,1,0,0,1,1
2020-09-10,US,Indiana,Shelby,639,29,0,39.52305623,-85.79158570000001,18145.0,1428.6033669431463,4.538341158059468,610,639,28,0,611,638,44593,0,1,0,-1,1
2020-09-10,US,Indiana,Spencer,176,3,0,38.01519732,-87.0079644,18147.0,867.9784978053952,1.7045454545454546,173,176,3,0,173,176,20327,0,0,0,0,0
2020-09-10,US,Indiana,St. Joseph,5556,96,0,41.61756781,-86.29040834,18141.0,2043.9545885971168,1.7278617710583153,5460,5541,96,0,5445,5470,270771,15,0,0,15,71
2020-09-10,US,Indiana,Starke,218,7,0,41.27890281,-86.64686895,18149.0,948.0321809088932,3.2110091743119265,211,218,7,0,211,219,22935,0,0,0,0,-1
2020-09-10,US,Indiana,Steuben,323,7,0,41.64423868,-85.00101094,18151.0,933.6879227611723,2.1671826625387,316,321,7,0,314,318,34586,2,0,0,2,3
2020-09-10,US,Indiana,Sullivan,313,11,0,39.08952258,-87.41414469,18153.0,1514.3451545793216,3.514376996805112,302,311,11,0,300,308,20690,2,0,0,2,3
2020-09-10,US,Indiana,Switzerland,65,0,0,38.82767338,-85.03022429,18155.0,604.5949214026602,0.0,65,65,0,0,65,65,10717,0,0,0,0,0
2020-09-10,US,Indiana,Tippecanoe,1819,13,0,40.38872739,-86.89413959,18157.0,929.3319436780904,0.7146783947223749,1806,1785,13,0,1772,1761,193048,34,0,0,34,24
2020-09-10,US,Indiana,Tipton,207,22,0,40.31123252,-86.05234925,18159.0,1366.5170319514127,10.628019323671495,185,205,22,0,183,201,15128,2,0,0,2,4
2020-09-10,US,Indiana,Unassigned,0,224,0,0.0,0.0,90018.0,0.0,0.0,-224,0,224,0,-224,0,,0,0,0,0,0
2020-09-10,US,Indiana,Union,71,0,0,39.62550777,-84.92497066,18161.0,1006.5211227672244,0.0,71,70,0,0,70,69,7037,1,0,0,1,1
2020-09-10,US,Indiana,Vanderburgh,2876,23,0,38.02658833,-87.58763124,18163.0,1585.0009093364054,0.7997218358831709,2853,2813,23,0,2790,2806,180974,63,0,0,63,7
2020-09-10,US,Indiana,Vermillion,114,0,0,39.8523352,-87.46160542,18165.0,735.5787843592723,0.0,114,113,0,0,113,111,15479,1,0,0,1,2
2020-09-10,US,Indiana,Vigo,1600,19,0,39.42944561,-87.39169027,18167.0,1494.796240587455,1.1875,1581,1566,17,0,1549,1539,107386,34,2,0,32,27
2020-09-10,US,Indiana,Wabash,234,7,0,40.84704239,-85.79328272,18169.0,754.9361207897794,2.9914529914529915,227,232,7,0,225,231,31280,2,0,0,2,1
2020-09-10,US,Indiana,Warren,38,1,0,40.34728141,-87.35602659,18171.0,459.7701149425288,2.631578947368421,37,38,1,0,37,38,8263,0,0,0,0,0
2020-09-10,US,Indiana,Warrick,900,31,0,38.08922676,-87.2716085,18173.0,1428.6167814851267,3.4444444444444446,869,877,31,0,846,874,62567,23,0,0,23,3
2020-09-10,US,Indiana,Washington,243,1,0,38.60219804,-86.1049363,18175.0,866.7427593094592,0.41152263374485604,242,243,1,0,242,240,27943,0,0,0,0,3
2020-09-10,US,Indiana,Wayne,676,12,0,39.863344399999995,-85.01044989,18177.0,1026.0457774269928,1.7751479289940828,664,662,12,0,650,652,65936,14,0,0,14,10
2020-09-10,US,Indiana,Wells,224,2,0,40.72934187,-85.22132966,18179.0,791.631325982471,0.8928571428571429,222,223,2,0,221,223,28206,1,0,0,1,0
2020-09-10,US,Indiana,White,464,13,0,40.74911165,-86.86492015,18181.0,1925.1514397145465,2.8017241379310347,451,464,13,0,451,463,24133,0,0,0,0,1
2020-09-10,US,Indiana,Whitley,236,6,0,41.13863784,-85.50791236,18183.0,694.8533741608763,2.5423728813559316,230,234,6,0,228,233,34074,2,0,0,2,1
2020-09-10,US,Iowa,Adair,55,1,0,41.33075609,-94.47105874,19001.0,769.0156599552573,1.818181818181818,54,53,1,0,52,52,7063,2,0,0,2,1
2020-09-10,US,Iowa,Adams,23,0,0,41.02903567,-94.69932645,19003.0,638.5341476957246,0.0,23,23,0,0,23,23,3645,0,0,0,0,0
2020-09-10,US,Iowa,Allamakee,211,5,0,43.28383218,-91.37860922,19005.0,1541.6088258931836,2.3696682464454977,206,203,5,0,198,201,13832,8,0,0,8,2
2020-09-10,US,Iowa,Appanoose,104,3,0,40.74324454,-92.86865906,19007.0,836.9547722517302,2.8846153846153846,101,103,3,0,100,99,12437,1,0,0,1,4
2020-09-10,US,Iowa,Audubon,42,1,0,41.6844628,-94.90581859,19009.0,764.1921397379912,2.380952380952381,41,41,1,0,40,40,5506,1,0,0,1,1
2020-09-10,US,Iowa,Benton,231,1,0,42.08011739,-92.06463573,19011.0,900.7603821407682,0.4329004329004329,230,228,1,0,227,226,25642,3,0,0,3,2
2020-09-10,US,Iowa,Black Hawk,4116,81,0,42.4704581,-92.30524729,19013.0,3136.525741457616,1.9679300291545192,4035,4077,81,0,3996,4053,132408,39,0,0,39,24
2020-09-10,US,Iowa,Boone,397,5,0,42.03657094,-93.9313999,19015.0,1513.3033468018602,1.2594458438287153,392,390,5,0,385,386,26346,7,0,0,7,4
2020-09-10,US,Iowa,Bremer,412,7,0,42.77461496,-92.31795937,19017.0,1643.9230707844547,1.699029126213592,405,400,7,0,393,388,24947,12,0,0,12,12
2020-09-10,US,Iowa,Buchanan,202,1,0,42.4709188,-91.83510825,19019.0,953.9551357733176,0.4950495049504951,201,199,1,0,198,192,21199,3,0,0,3,7
2020-09-10,US,Iowa,Buena Vista,1874,12,0,42.73545875,-95.15100162,19021.0,9551.478083588176,0.6403415154749199,1862,1863,12,0,1851,1861,19874,11,0,0,11,2
2020-09-10,US,Iowa,Butler,235,2,0,42.73172833,-92.79015971,19023.0,1627.5365330009006,0.851063829787234,233,233,2,0,231,232,14539,2,0,0,2,1
2020-09-10,US,Iowa,Calhoun,144,2,0,42.38521079,-94.64046046,19025.0,1489.4497310715765,1.3888888888888888,142,140,2,0,138,139,9699,4,0,0,4,1
2020-09-10,US,Iowa,Carroll,515,5,0,42.03617207,-94.86032705,19027.0,2553.930076865857,0.9708737864077671,510,500,5,0,495,498,20154,15,0,0,15,2
2020-09-10,US,Iowa,Cass,119,2,0,41.33149454,-94.92792482,19029.0,927.0800872545964,1.680672268907563,117,118,2,0,116,119,12930,1,0,0,1,-1
2020-09-10,US,Iowa,Cedar,188,1,0,41.77233777,-91.13246684,19031.0,1009.287593278574,0.5319148936170213,187,187,1,0,186,182,18627,1,0,0,1,5
2020-09-10,US,Iowa,Cerro Gordo,920,21,0,43.08177563,-93.2612239,19033.0,2167.2555948174318,2.282608695652174,899,909,21,0,888,896,42647,11,0,0,11,13
2020-09-10,US,Iowa,Cherokee,154,2,0,42.73538914,-95.62389402,19035.0,1370.7165109034268,1.2987012987012987,152,150,2,0,148,149,11321,4,0,0,4,1
2020-09-10,US,Iowa,Chickasaw,166,0,0,43.06001295,-92.31773347,19037.0,1391.1003100645264,0.0,166,155,0,0,155,152,11964,11,0,0,11,3
2020-09-10,US,Iowa,Clarke,248,3,0,41.02868181,-93.78499767,19039.0,2639.701969132517,1.2096774193548387,245,248,3,0,245,246,9423,0,0,0,0,2
2020-09-10,US,Iowa,Clay,247,3,0,43.08247182,-95.15096481,19041.0,1542.2077922077924,1.214574898785425,244,246,3,0,243,244,16134,1,0,0,1,2
2020-09-10,US,Iowa,Clayton,209,3,0,42.84443388,-91.34133693,19043.0,1190.9510513419568,1.4354066985645932,206,201,3,0,198,194,17556,8,0,0,8,7
2020-09-10,US,Iowa,Clinton,959,15,0,41.89981633,-90.53275096,19045.0,2065.519395205583,1.5641293013555788,944,949,15,0,934,945,46518,10,0,0,10,4
2020-09-10,US,Iowa,Crawford,881,3,0,42.03718237,-95.3819718,19047.0,5237.812128418549,0.340522133938706,878,877,3,0,874,871,17158,4,0,0,4,6
2020-09-10,US,Iowa,Dallas,2534,38,0,41.68560356,-94.04127625,19049.0,2711.523439589955,1.499605367008682,2496,2508,38,0,2470,2496,90180,26,0,0,26,12
2020-09-10,US,Iowa,Davis,103,4,0,40.74773536,-92.41005468,19051.0,1144.4444444444443,3.8834951456310685,99,101,4,0,97,99,9017,2,0,0,2,2
2020-09-10,US,Iowa,Decatur,51,0,0,40.73742757,-93.78645949,19053.0,648.0304955527317,0.0,51,51,0,0,51,49,7890,0,0,0,0,2
2020-09-10,US,Iowa,Delaware,273,3,0,42.47104597,-91.3664492,19055.0,1604.8439245194284,1.0989010989010992,270,267,3,0,264,265,17069,6,0,0,6,2
2020-09-10,US,Iowa,Des Moines,667,6,0,40.92012606,-91.18326592,19057.0,1711.7047758359638,0.8995502248875562,661,652,6,0,646,640,39138,15,0,0,15,12
2020-09-10,US,Iowa,Dickinson,446,6,0,43.37787725,-95.1510206,19059.0,2584.3087263877624,1.345291479820628,440,444,6,0,438,443,17153,2,0,0,2,1
2020-09-10,US,Iowa,Dubuque,2292,37,0,42.46815349,-90.88181925,19061.0,2355.334956993557,1.6143106457242582,2255,2263,37,0,2226,2227,96854,29,0,0,29,36
2020-09-10,US,Iowa,Emmet,232,9,0,43.37782951,-94.67858943,19063.0,2519.5482189400523,3.8793103448275854,223,232,9,0,223,231,9253,0,0,0,0,1
2020-09-10,US,Iowa,Fayette,164,1,0,42.86271799,-91.84412309999999,19065.0,834.6055979643767,0.6097560975609756,163,164,1,0,163,165,19660,0,0,0,0,-1
2020-09-10,US,Iowa,Floyd,252,3,0,43.06000529999999,-92.78940097,19067.0,1611.0471806674338,1.1904761904761905,249,245,3,0,242,243,15761,7,0,0,7,2
2020-09-10,US,Iowa,Franklin,316,17,0,42.73270384,-93.26256925,19069.0,3138.033763654419,5.379746835443037,299,314,17,0,297,313,10124,2,0,0,2,1
2020-09-10,US,Iowa,Fremont,63,0,0,40.74542720000001,-95.60129045,19071.0,905.1724137931036,0.0,63,63,0,0,63,63,6993,0,0,0,0,0
2020-09-10,US,Iowa,Greene,69,0,0,42.03614551,-94.39658081,19073.0,776.3276327632764,0.0,69,67,0,0,67,67,8981,2,0,0,2,0
2020-09-10,US,Iowa,Grundy,160,2,0,42.40183723,-92.78829551,19075.0,1308.0444735120993,1.25,158,148,2,0,146,147,12304,12,0,0,12,1
2020-09-10,US,Iowa,Guthrie,188,5,0,41.68378965,-94.50111014,19077.0,1758.8174759098138,2.6595744680851063,183,183,5,0,178,182,10720,5,0,0,5,1
2020-09-10,US,Iowa,Hamilton,304,2,0,42.38382428,-93.70197703,19079.0,2057.808163541596,0.6578947368421053,302,297,2,0,295,297,14952,7,0,0,7,0
2020-09-10,US,Iowa,Hancock,166,2,0,43.08178477,-93.73454884,19081.0,1561.618062088429,1.2048192771084338,164,164,2,0,162,164,10712,2,0,0,2,0
2020-09-10,US,Iowa,Hardin,254,1,0,42.38353877,-93.23654611,19083.0,1507.776326724445,0.3937007874015748,253,251,1,0,250,251,16868,3,0,0,3,0
2020-09-10,US,Iowa,Harrison,158,2,0,41.68330137,-95.81558439,19085.0,1124.635205352694,1.2658227848101269,156,157,2,0,155,156,14134,1,0,0,1,1
2020-09-10,US,Iowa,Henry,451,4,0,40.98767962,-91.54436349,19087.0,2260.198456449835,0.8869179600886918,447,448,4,0,444,408,20067,3,0,0,3,40
2020-09-10,US,Iowa,Howard,162,3,0,43.35671042,-92.31702714,19089.0,1768.9451845381088,1.851851851851852,159,160,3,0,157,154,9187,2,0,0,2,6
2020-09-10,US,Iowa,Humboldt,160,2,0,42.7764426,-94.20722537,19091.0,1673.9903745553463,1.25,158,158,2,0,156,156,9547,2,0,0,2,2
2020-09-10,US,Iowa,Ida,60,0,0,42.38696136,-95.51355387,19093.0,874.6355685131198,0.0,60,55,0,0,55,54,6841,5,0,0,5,1
2020-09-10,US,Iowa,Iowa,149,1,0,41.68630265,-92.0643373,19095.0,920.6623826000987,0.6711409395973155,148,142,1,0,141,136,16141,7,0,0,7,6
2020-09-10,US,Iowa,Jackson,254,2,0,42.17178824,-90.57354837,19097.0,1306.6515767271978,0.7874015748031497,252,245,2,0,243,243,19432,9,0,0,9,2
2020-09-10,US,Iowa,Jasper,659,31,0,41.68576082,-93.05567785,19099.0,1772.219981175205,4.704097116843704,628,651,31,0,620,643,37147,8,0,0,8,8
2020-09-10,US,Iowa,Jefferson,124,1,0,41.03192394,-91.94849466,19101.0,677.7808144301723,0.8064516129032258,123,123,1,0,122,123,18381,1,0,0,1,0
2020-09-10,US,Iowa,Johnson,4719,26,0,41.67169354,-91.58754744,19103.0,3122.270742358079,0.5509641873278237,4693,4672,26,0,4646,4617,151260,47,0,0,47,55
2020-09-10,US,Iowa,Jones,206,3,0,42.12118609,-91.13139641,19105.0,996.0833615395774,1.4563106796116505,203,199,3,0,196,197,20744,7,0,0,7,2
2020-09-10,US,Iowa,Keokuk,78,1,0,41.33649833,-92.1785067,19107.0,761.2726917821589,1.2820512820512822,77,78,1,0,77,77,10225,0,0,0,0,1
2020-09-10,US,Iowa,Kossuth,149,0,0,43.20405458,-94.20691791,19109.0,1005.873219469385,0.0,149,141,0,0,141,140,14908,8,0,0,8,1
2020-09-10,US,Iowa,Lee,531,6,0,40.64181461,-91.48183025,19111.0,1577.680720206792,1.1299435028248588,525,528,6,0,522,509,34055,3,0,0,3,19
2020-09-10,US,Iowa,Linn,3396,100,0,42.07923082,-91.59809485,19113.0,1497.9753513360915,2.944640753828033,3296,3330,98,0,3232,3292,225909,66,2,0,64,38
2020-09-10,US,Iowa,Louisa,402,14,0,41.21842119,-91.26102611,19115.0,3642.954236520163,3.4825870646766166,388,401,14,0,387,401,11169,1,0,0,1,0
2020-09-10,US,Iowa,Lucas,115,6,0,41.02958964,-93.32780803,19117.0,1337.2093023255811,5.217391304347826,109,112,6,0,106,110,8645,3,0,0,3,2
2020-09-10,US,Iowa,Lyon,179,3,0,43.38107862,-96.20926845,19119.0,1522.756273925989,1.675977653631285,176,172,3,0,169,170,11811,7,0,0,7,2
2020-09-10,US,Iowa,Madison,176,2,0,41.33081904,-94.01554631,19121.0,1077.24323662627,1.1363636363636365,174,174,2,0,172,172,16249,2,0,0,2,2
2020-09-10,US,Iowa,Mahaska,276,18,0,41.33521503,-92.64083907,19123.0,1249.1513917175832,6.521739130434782,258,272,18,0,254,263,22000,4,0,0,4,9
2020-09-10,US,Iowa,Marion,621,3,0,41.33445101,-93.09934783,19125.0,1867.50067663068,0.4830917874396135,618,610,3,0,607,605,33407,11,0,0,11,5
2020-09-10,US,Iowa,Marshall,1732,32,0,42.03586837,-92.99908190000001,19127.0,4399.400543574894,1.8475750577367205,1700,1725,32,0,1693,1723,39981,7,0,0,7,2
2020-09-10,US,Iowa,Mills,139,1,0,41.03299766,-95.61920963,19129.0,919.9814679992056,0.7194244604316546,138,139,1,0,138,138,15063,0,0,0,0,1
2020-09-10,US,Iowa,Mitchell,152,0,0,43.35638371,-92.78887719,19131.0,1435.8586812771584,0.0,152,146,0,0,146,144,10569,6,0,0,6,2
2020-09-10,US,Iowa,Monona,111,1,0,42.05220391,-95.95743843,19133.0,1288.4503772489845,0.9009009009009008,110,111,1,0,110,112,8679,0,0,0,0,-1
2020-09-10,US,Iowa,Monroe,125,8,0,41.02988815,-92.8690667,19135.0,1621.902166861295,6.4,117,124,8,0,116,123,7790,1,0,0,1,1
2020-09-10,US,Iowa,Montgomery,83,5,0,41.03018714,-95.15642896,19137.0,836.9466572552182,6.024096385542169,78,83,5,0,78,83,10003,0,0,0,0,0
2020-09-10,US,Iowa,Muscatine,1022,52,0,41.48370744,-91.11216970000001,19139.0,2395.4622163885238,5.088062622309199,970,1015,52,0,963,1008,42929,7,0,0,7,7
2020-09-10,US,Iowa,O'Brien,237,8,0,43.08310673,-95.62474482,19141.0,1723.260379553552,3.3755274261603376,229,234,8,0,226,231,13840,3,0,0,3,3
2020-09-10,US,Iowa,Osceola,102,0,0,43.37824276,-95.62422844,19143.0,1711.9838872104733,0.0,102,101,0,0,101,101,6040,1,0,0,1,0
2020-09-10,US,Iowa,Page,127,0,0,40.7393172,-95.1497813,19145.0,840.6698881313298,0.0,127,126,0,0,126,125,15249,1,0,0,1,1
2020-09-10,US,Iowa,Palo Alto,131,0,0,43.08193849,-94.67824621,19147.0,1474.2291244654514,0.0,131,129,0,0,129,127,8929,2,0,0,2,2
2020-09-10,US,Iowa,Plymouth,885,20,0,42.737633,-96.21366621,19149.0,3515.112999960281,2.2598870056497176,865,868,20,0,848,859,25095,17,0,0,17,9
2020-09-10,US,Iowa,Pocahontas,141,2,0,42.73420133,-94.67862564,19151.0,2130.231152742106,1.4184397163120568,139,140,2,0,138,140,6740,1,0,0,1,0
2020-09-10,US,Iowa,Polk,14332,248,0,41.68679484,-93.57767461,19153.0,2923.937236948676,1.7303935249790678,14084,14219,248,0,13971,14158,487204,113,0,0,113,61
2020-09-10,US,Iowa,Pottawattamie,1742,35,0,41.33640314,-95.53907776,19155.0,1868.9783919490162,2.0091848450057403,1707,1734,35,0,1699,1724,93533,8,0,0,8,10
2020-09-10,US,Iowa,Poweshiek,210,8,0,41.68625425,-92.53155731,19157.0,1134.8897535667966,3.809523809523809,202,207,8,0,199,205,18699,3,0,0,3,2
2020-09-10,US,Iowa,Ringgold,35,2,0,40.73518949,-94.24368535,19159.0,715.1614221495711,5.7142857142857135,33,34,2,0,32,35,4968,1,0,0,1,-1
2020-09-10,US,Iowa,Sac,132,0,0,42.38624071,-95.10547892,19161.0,1357.8849912560436,0.0,132,129,0,0,129,127,9719,3,0,0,3,2
2020-09-10,US,Iowa,Scott,2441,25,0,41.63935978,-90.61959493,19163.0,1411.4477024221853,1.024170421958214,2416,2409,24,0,2385,2393,173283,32,1,0,31,16
2020-09-10,US,Iowa,Shelby,230,1,0,41.6850066,-95.31015553,19165.0,2008.032128514056,0.43478260869565216,229,229,1,0,228,224,11578,1,0,0,1,5
2020-09-10,US,Iowa,Sioux,1034,3,0,43.08221074,-96.17675679999999,19167.0,2966.5758140869316,0.2901353965183752,1031,1013,3,0,1010,1007,34909,21,0,0,21,6
2020-09-10,US,Iowa,Story,3039,16,0,42.03621213,-93.46499005,19169.0,3129.215276419165,0.5264889766370516,3023,2992,16,0,2976,2966,98105,47,0,0,47,26
2020-09-10,US,Iowa,Tama,662,30,0,42.07991767,-92.53266945,19171.0,3927.8509552628457,4.531722054380665,632,657,30,0,627,655,16904,5,0,0,5,2
2020-09-10,US,Iowa,Taylor,114,1,0,40.73710579,-94.69778563,19173.0,1862.4407776507107,0.8771929824561403,113,114,1,0,113,114,6191,0,0,0,0,0
2020-09-10,US,Iowa,Unassigned,3,0,0,0.0,0.0,90019.0,0.0,0.0,3,2,0,0,2,2,,1,0,0,1,0
2020-09-10,US,Iowa,Union,97,3,0,41.0277278,-94.24234847,19175.0,792.418920022874,3.0927835051546397,94,96,3,0,93,94,12359,1,0,0,1,2
2020-09-10,US,Iowa,Van Buren,108,1,0,40.75326764,-91.95017958,19177.0,1533.2197614991485,0.925925925925926,107,108,1,0,107,107,7020,0,0,0,0,1
2020-09-10,US,Iowa,Wapello,1163,56,0,41.03064984,-92.40954728,19179.0,3325.8028539563616,4.815133276010318,1107,1149,56,0,1093,1149,35205,14,0,0,14,0
2020-09-10,US,Iowa,Warren,880,6,0,41.33559454,-93.56007641,19181.0,1709.8667081179806,0.6818181818181818,874,869,6,0,863,861,51056,11,0,0,11,8
2020-09-10,US,Iowa,Washington,378,11,0,41.33577126,-91.71725711,19183.0,1720.9196448895968,2.9100529100529102,367,377,11,0,366,374,22141,1,0,0,1,3
2020-09-10,US,Iowa,Wayne,69,2,0,40.73969028,-93.32752197,19185.0,1071.2622263623662,2.898550724637681,67,69,2,0,67,68,6401,0,0,0,0,1
2020-09-10,US,Iowa,Webster,1115,13,0,42.42853483,-94.17987389,19187.0,3105.503565062389,1.1659192825112108,1102,1087,13,0,1074,1080,36277,28,0,0,28,7
2020-09-10,US,Iowa,Winnebago,188,10,0,43.37751174,-93.73407298,19189.0,1815.7233919258256,5.319148936170213,178,180,10,0,170,176,10518,8,0,0,8,4
2020-09-10,US,Iowa,Winneshiek,252,5,0,43.29094334,-91.84422722,19191.0,1260.5672552648693,1.984126984126984,247,249,5,0,244,247,20029,3,0,0,3,2
2020-09-10,US,Iowa,Woodbury,4414,58,0,42.38979414,-96.0459439,19193.0,4280.989651527055,1.3140009062075215,4356,4378,58,0,4320,4366,102539,36,0,0,36,12
2020-09-10,US,Iowa,Worth,90,0,0,43.37750768,-93.26087602,19195.0,1219.3469719550196,0.0,90,90,0,0,90,89,7453,0,0,0,0,1
2020-09-10,US,Iowa,Wright,532,1,0,42.73305373,-93.73515113,19197.0,4234.9944276389115,0.18796992481203006,531,528,1,0,527,528,12690,4,0,0,4,0
2020-09-10,US,Kansas,Allen,26,0,0,37.88582951,-95.30030847,20001.0,210.20292667151747,0.0,26,26,0,0,26,25,12444,0,0,0,0,1
2020-09-10,US,Kansas,Anderson,47,0,0,38.21413251,-95.29272815,20003.0,598.1165691015526,0.0,47,47,0,0,47,46,7878,0,0,0,0,1
2020-09-10,US,Kansas,Atchison,281,1,0,39.53185661,-95.30870026,20005.0,1748.2735021464566,0.3558718861209965,280,281,1,0,280,281,16193,0,0,0,0,0
2020-09-10,US,Kansas,Barber,4,0,0,37.2288586,-98.68460053,20007.0,90.35464196973119,0.0,4,4,0,0,4,4,4472,0,0,0,0,0
2020-09-10,US,Kansas,Barton,335,5,0,38.47889676,-98.75636726,20009.0,1299.5073509445672,1.492537313432836,330,335,5,0,330,335,26111,0,0,0,0,0
2020-09-10,US,Kansas,Bourbon,100,2,0,37.85508555,-94.84865997,20011.0,688.041832943443,2.0,98,100,2,0,98,98,14653,0,0,0,0,2
2020-09-10,US,Kansas,Brown,77,3,0,39.82652589,-95.56421698,20013.0,805.1024675867837,3.8961038961038965,74,77,3,0,74,77,9598,0,0,0,0,0
2020-09-10,US,Kansas,Butler,465,4,0,37.78134351,-96.83878537,20015.0,694.9529972650238,0.8602150537634409,461,462,4,0,458,439,66765,3,0,0,3,23
2020-09-10,US,Kansas,Chase,81,1,0,38.30292938,-96.59563862,20017.0,3058.912386706949,1.2345679012345678,80,81,1,0,80,81,2629,0,0,0,0,0
2020-09-10,US,Kansas,Chautauqua,11,0,0,37.14994405,-96.2454192,20019.0,338.46153846153845,0.0,11,11,0,0,11,11,3309,0,0,0,0,0
2020-09-10,US,Kansas,Cherokee,330,1,0,37.16928494,-94.8462897,20021.0,1655.0478960830533,0.30303030303030304,329,305,1,0,304,305,20015,25,0,0,25,0
2020-09-10,US,Kansas,Cheyenne,9,0,0,39.78580976,-101.7318201,20023.0,338.7278885961611,0.0,9,9,0,0,9,9,2660,0,0,0,0,0
2020-09-10,US,Kansas,Clark,47,1,0,37.23577007,-99.81883015,20025.0,2357.071213640923,2.127659574468085,46,47,1,0,46,46,2005,0,0,0,0,1
2020-09-10,US,Kansas,Clay,40,2,0,39.34948772,-97.16518128,20027.0,499.8750312421894,5.0,38,40,2,0,38,40,7997,0,0,0,0,0
2020-09-10,US,Kansas,Cloud,61,0,0,39.48028352,-97.64925343,20029.0,694.2863646710676,0.0,61,61,0,0,61,61,8729,0,0,0,0,0
2020-09-10,US,Kansas,Coffey,97,8,0,38.2365018,-95.73379515,20031.0,1185.964054285365,8.24742268041237,89,97,8,0,89,90,8233,0,0,0,0,7
2020-09-10,US,Kansas,Comanche,9,0,0,37.19114520000001,-99.27113247,20033.0,529.4117647058823,0.0,9,9,0,0,9,9,1748,0,0,0,0,0
2020-09-10,US,Kansas,Cowley,282,3,0,37.23781842,-96.83776647,20035.0,807.8377449295291,1.0638297872340423,279,282,3,0,279,280,35218,0,0,0,0,2
2020-09-10,US,Kansas,Crawford,819,5,0,37.50675523,-94.85245778,20037.0,2109.8459477561955,0.6105006105006106,814,819,5,0,814,769,39019,0,0,0,0,50
2020-09-10,US,Kansas,Decatur,7,0,0,39.78468441,-100.45940809999999,20039.0,247.61230986911917,0.0,7,7,0,0,7,7,2871,0,0,0,0,0
2020-09-10,US,Kansas,Dickinson,88,1,0,38.86600962,-97.15532383,20041.0,476.5515000541536,1.1363636363636365,87,88,1,0,87,84,18717,0,0,0,0,4
2020-09-10,US,Kansas,Doniphan,89,0,0,39.79067154,-95.14056866,20043.0,1171.0526315789473,0.0,89,89,0,0,89,78,7682,0,0,0,0,11
2020-09-10,US,Kansas,Douglas,1795,9,0,38.88503636,-95.2925121,20045.0,1468.194570542864,0.5013927576601671,1786,1775,9,0,1766,1742,121436,20,0,0,20,33
2020-09-10,US,Kansas,Edwards,32,0,0,37.88735543,-99.31263309,20047.0,1143.674052894925,0.0,32,31,0,0,31,31,2849,1,0,0,1,0
2020-09-10,US,Kansas,Elk,1,0,0,37.45338105,-96.24369667,20049.0,39.52569169960474,0.0,1,1,0,0,1,1,2508,0,0,0,0,0
2020-09-10,US,Kansas,Ellis,663,1,0,38.91458712,-99.31751551,20051.0,2321.997688509088,0.15082956259426847,662,663,1,0,662,646,28710,0,0,0,0,17
2020-09-10,US,Kansas,Ellsworth,25,0,0,38.69677695,-98.20462799,20053.0,409.70173713536553,0.0,25,25,0,0,25,25,6196,0,0,0,0,0
2020-09-10,US,Kansas,Finney,1935,12,0,38.04340344,-100.73819379999999,20055.0,5306.1672196780655,0.6201550387596899,1923,1922,12,0,1910,1912,36611,13,0,0,13,10
2020-09-10,US,Kansas,Ford,2435,10,0,37.69200114,-99.88825298,20057.0,7242.928106130462,0.4106776180698152,2425,2435,10,0,2425,2415,33888,0,0,0,0,20
2020-09-10,US,Kansas,Franklin,276,3,0,38.56443815,-95.28644341,20059.0,1080.4885687441279,1.0869565217391304,273,276,3,0,273,276,25631,0,0,0,0,0
2020-09-10,US,Kansas,Geary,252,2,0,38.99871131,-96.7577178,20061.0,795.7057151878751,0.7936507936507936,250,250,2,0,248,248,32594,2,0,0,2,2
2020-09-10,US,Kansas,Gove,18,0,0,38.91588178,-100.4829321,20063.0,682.8528072837632,0.0,18,18,0,0,18,18,2612,0,0,0,0,0
2020-09-10,US,Kansas,Graham,29,1,0,39.34987223,-99.88332493,20065.0,1168.4125705076551,3.4482758620689653,28,28,1,0,27,27,2492,1,0,0,1,1
2020-09-10,US,Kansas,Grant,182,3,0,37.56227336,-101.3079758,20067.0,2545.454545454545,1.6483516483516485,179,180,3,0,177,172,7336,2,0,0,2,8
2020-09-10,US,Kansas,Gray,117,0,0,37.73836671,-100.4369088,20069.0,1953.9078156312626,0.0,117,117,0,0,117,117,6033,0,0,0,0,0
2020-09-10,US,Kansas,Greeley,5,0,0,38.4808095,-101.8061079,20071.0,405.84415584415603,0.0,5,5,0,0,5,4,1227,0,0,0,0,1
2020-09-10,US,Kansas,Greenwood,45,0,0,37.8774388,-96.23250453,20073.0,752.2567703109328,0.0,45,33,0,0,33,33,6055,12,0,0,12,0
2020-09-10,US,Kansas,Hamilton,42,0,0,37.99978709,-101.7921066,20075.0,1654.1945647892871,0.0,42,42,0,0,42,42,2607,0,0,0,0,0
2020-09-10,US,Kansas,Harper,120,2,0,37.19175361,-98.07578384,20077.0,2207.5055187637968,1.6666666666666667,118,120,2,0,118,117,5506,0,0,0,0,3
2020-09-10,US,Kansas,Harvey,313,4,0,38.04293782,-97.42747573,20079.0,909.1173138923582,1.2779552715654952,309,313,4,0,309,313,34210,0,0,0,0,0
2020-09-10,US,Kansas,Haskell,88,1,0,37.562039399999996,-100.8710738,20081.0,2217.7419354838707,1.1363636363636365,87,88,1,0,87,88,3997,0,0,0,0,0
2020-09-10,US,Kansas,Hodgeman,15,0,0,38.08780079,-99.89829881,20083.0,836.1204013377928,0.0,15,15,0,0,15,15,1818,0,0,0,0,0
2020-09-10,US,Kansas,Jackson,224,1,0,39.41673394,-95.79356799,20085.0,1700.7060967276593,0.44642857142857145,223,218,1,0,217,216,13280,6,0,0,6,2
2020-09-10,US,Kansas,Jefferson,145,0,0,39.2347941,-95.38289232,20087.0,761.4346479021162,0.0,145,140,0,0,140,133,18975,5,0,0,5,7
2020-09-10,US,Kansas,Jewell,14,1,0,39.78470589,-98.21820662,20089.0,486.2799583188608,7.142857142857142,13,14,1,0,13,14,2841,0,0,0,0,0
2020-09-10,US,Kansas,Johnson,9118,128,0,38.88548175,-94.82250877,20091.0,1513.609705163172,1.4038166264531695,8990,9023,126,0,8897,8989,597555,95,2,0,93,34
2020-09-10,US,Kansas,Kearny,78,1,0,38.00017981,-101.32168100000001,20093.0,2032.308494007296,1.2820512820512822,77,78,1,0,77,78,3943,0,0,0,0,0
2020-09-10,US,Kansas,Kingman,46,0,0,37.55909527,-98.13638678,20095.0,643.1767337807606,0.0,46,46,0,0,46,46,7310,0,0,0,0,0
2020-09-10,US,Kansas,Kiowa,15,0,0,37.55848695,-99.2856537,20097.0,606.060606060606,0.0,15,15,0,0,15,15,2516,0,0,0,0,0
2020-09-10,US,Kansas,Labette,200,4,0,37.19113093,-95.29849679,20099.0,1019.4719135487816,2.0,196,200,4,0,196,199,19964,0,0,0,0,1
2020-09-10,US,Kansas,Lane,8,0,0,38.48119447,-100.46607540000001,20101.0,521.1726384364822,0.0,8,8,0,0,8,8,1560,0,0,0,0,0
2020-09-10,US,Kansas,Leavenworth,1743,9,0,39.20183497,-95.03620809,20103.0,2131.901465300032,0.5163511187607573,1734,1743,9,0,1734,1731,81352,0,0,0,0,12
2020-09-10,US,Kansas,Lincoln,10,0,0,39.04549684,-98.20756994,20105.0,337.609723160027,0.0,10,10,0,0,10,10,3023,0,0,0,0,0
2020-09-10,US,Kansas,Linn,56,0,0,38.21267844,-94.84254089,20107.0,577.1410903844172,0.0,56,56,0,0,56,56,9750,0,0,0,0,0
2020-09-10,US,Kansas,Logan,3,0,0,38.91735806,-101.148475,20109.0,107.37294201861131,0.0,3,3,0,0,3,3,2844,0,0,0,0,0
2020-09-10,US,Kansas,Lyon,1020,19,0,38.45576156,-96.15275715,20111.0,3072.75192046995,1.862745098039216,1001,1012,19,0,993,1006,33406,8,0,0,8,6
2020-09-10,US,Kansas,Marion,71,1,0,38.35855394,-97.09852509999999,20115.0,597.4419387411648,1.4084507042253518,70,71,1,0,70,70,11950,0,0,0,0,1
2020-09-10,US,Kansas,Marshall,18,0,0,39.78359669,-96.52278974,20117.0,185.43319254146493,0.0,18,18,0,0,18,18,9722,0,0,0,0,0
2020-09-10,US,Kansas,McPherson,255,1,0,38.39184858,-97.64769869,20113.0,893.4202228295143,0.392156862745098,254,240,1,0,239,240,28537,15,0,0,15,0
2020-09-10,US,Kansas,Meade,67,0,0,37.23859987,-100.36483100000001,20119.0,1661.2943218447806,0.0,67,67,0,0,67,66,4146,0,0,0,0,1
2020-09-10,US,Kansas,Miami,282,0,0,38.56383358,-94.83832189,20121.0,823.670298215381,0.0,282,282,0,0,282,264,33680,0,0,0,0,18
2020-09-10,US,Kansas,Mitchell,40,0,0,39.39331582,-98.20906732,20123.0,669.0081953503932,0.0,40,40,0,0,40,40,6150,0,0,0,0,0
2020-09-10,US,Kansas,Montgomery,289,5,0,37.19236568,-95.74329258,20125.0,907.9770021049986,1.7301038062283738,284,289,5,0,284,289,32120,0,0,0,0,0
2020-09-10,US,Kansas,Morris,23,0,0,38.68827511,-96.65128437,20127.0,409.2526690391458,0.0,23,23,0,0,23,23,5521,0,0,0,0,0
2020-09-10,US,Kansas,Morton,12,2,0,37.19141121,-101.79925190000002,20129.0,463.8577502899111,16.666666666666668,10,12,2,0,10,12,2667,0,0,0,0,0
2020-09-10,US,Kansas,Nemaha,62,1,0,39.78345387,-96.01392079,20131.0,606.0013683901867,1.6129032258064515,61,62,1,0,61,55,10155,0,0,0,0,7
2020-09-10,US,Kansas,Neosho,135,0,0,37.55862897,-95.30670046,20133.0,843.3810208033984,0.0,135,135,0,0,135,135,15951,0,0,0,0,0
2020-09-10,US,Kansas,Ness,40,1,0,38.47974157,-99.91547333,20135.0,1454.5454545454545,2.5,39,40,1,0,39,37,2840,0,0,0,0,3
2020-09-10,US,Kansas,Norton,24,0,0,39.78443827,-99.90286639,20137.0,447.6776720761052,0.0,24,24,0,0,24,24,5430,0,0,0,0,0
2020-09-10,US,Kansas,Osage,73,0,0,38.65235984,-95.72707998,20139.0,457.7089472694213,0.0,73,73,0,0,73,71,15941,0,0,0,0,2
2020-09-10,US,Kansas,Osborne,5,0,0,39.3503437,-98.76753828,20141.0,146.1560947091494,0.0,5,5,0,0,5,5,3475,0,0,0,0,0
2020-09-10,US,Kansas,Ottawa,48,0,0,39.13237408,-97.65020313,20143.0,841.5147265077139,0.0,48,48,0,0,48,48,5802,0,0,0,0,0
2020-09-10,US,Kansas,Pawnee,318,1,0,38.18108732,-99.23692334,20145.0,4957.904583723106,0.31446540880503143,317,318,0,0,318,318,6562,0,1,0,-1,0
2020-09-10,US,Kansas,Phillips,62,8,0,39.78465501,-99.34668865,20147.0,1184.5624761176919,12.903225806451614,54,62,8,0,54,58,5317,0,0,0,0,4
2020-09-10,US,Kansas,Pottawatomie,183,0,0,39.37925655,-96.34564657,20149.0,750.5229053028751,0.0,183,183,0,0,183,175,24277,0,0,0,0,8
2020-09-10,US,Kansas,Pratt,54,0,0,37.64780729,-98.73922153,20151.0,589.2623308598868,0.0,54,54,0,0,54,53,9378,0,0,0,0,1
2020-09-10,US,Kansas,Rawlins,1,0,0,39.78525843,-101.07616170000001,20153.0,39.52569169960474,0.0,1,1,0,0,1,2,2508,0,0,0,0,-1
2020-09-10,US,Kansas,Reno,832,2,0,37.95230263,-98.08607292,20155.0,1341.9787735088228,0.2403846153846154,830,824,2,0,822,820,62342,8,0,0,8,4
2020-09-10,US,Kansas,Republic,38,0,0,39.82799632,-97.65036709,20157.0,819.672131147541,0.0,38,38,0,0,38,38,4664,0,0,0,0,0
2020-09-10,US,Kansas,Rice,50,1,0,38.34616184,-98.19992118,20159.0,524.2738806752648,2.0,49,50,1,0,49,45,9531,0,0,0,0,5
2020-09-10,US,Kansas,Riley,1313,6,0,39.28935726,-96.73420026,20161.0,1768.7789632503507,0.45696877380045703,1307,1313,6,0,1307,1307,73703,0,0,0,0,6
2020-09-10,US,Kansas,Rooks,40,0,0,39.35022773,-99.32484567,20163.0,813.0081300813008,0.0,40,40,0,0,40,40,5013,0,0,0,0,0
2020-09-10,US,Kansas,Rush,29,0,0,38.52275276,-99.30863983,20165.0,955.2042160737813,0.0,29,29,0,0,29,28,3093,0,0,0,0,1
2020-09-10,US,Kansas,Russell,55,0,0,38.91462787,-98.76254297,20167.0,802.2170361726953,0.0,55,55,0,0,55,55,6907,0,0,0,0,0
2020-09-10,US,Kansas,Saline,544,9,0,38.78369175,-97.65185177,20169.0,1003.2457952198288,1.6544117647058822,535,544,9,0,535,540,54401,0,0,0,0,4
2020-09-10,US,Kansas,Scott,100,1,0,38.48222076,-100.90665390000001,20171.0,2073.3982998133943,1.0,99,99,1,0,98,99,4897,1,0,0,1,0
2020-09-10,US,Kansas,Sedgwick,7466,56,0,37.6842718,-97.4608198,20173.0,1446.7814635242871,0.7500669702652023,7410,7433,56,0,7377,7400,513607,33,0,0,33,33
2020-09-10,US,Kansas,Seward,1493,5,0,37.19324632,-100.85072009999999,20175.0,6967.519133843571,0.33489618218352313,1488,1464,5,0,1459,1464,21780,29,0,0,29,0
2020-09-10,US,Kansas,Shawnee,2406,27,0,39.04100763,-95.75572640000001,20177.0,1360.2826855123676,1.1221945137157108,2379,2388,27,0,2361,2377,177499,18,0,0,18,11
2020-09-10,US,Kansas,Sheridan,12,0,0,39.35018161,-100.44182590000001,20179.0,476.0015866719557,0.0,12,12,0,0,12,12,2533,0,0,0,0,0
2020-09-10,US,Kansas,Sherman,19,0,0,39.35147699,-101.71976240000001,20181.0,321.1086699340882,0.0,19,19,0,0,19,19,5899,0,0,0,0,0
2020-09-10,US,Kansas,Smith,5,0,0,39.78516566,-98.78566062,20183.0,139.54786491766677,0.0,5,5,0,0,5,6,3603,0,0,0,0,-1
2020-09-10,US,Kansas,Stafford,43,1,0,38.03100851,-98.71762001,20185.0,1034.6487006737248,2.3255813953488373,42,43,1,0,42,43,4178,0,0,0,0,0
2020-09-10,US,Kansas,Stanton,48,2,0,37.56304714,-101.78435340000001,20187.0,2392.8215353938185,4.166666666666667,46,23,2,0,21,23,1987,25,0,0,25,0
2020-09-10,US,Kansas,Stevens,86,0,0,37.1923008,-101.3118967,20189.0,1567.9124886052869,0.0,86,84,0,0,84,83,5559,2,0,0,2,1
2020-09-10,US,Kansas,Sumner,153,3,0,37.23682549,-97.47721621,20191.0,669.9947451392537,1.96078431372549,150,153,3,0,150,147,22996,0,0,0,0,6
2020-09-10,US,Kansas,Thomas,82,0,0,39.35107575,-101.0553705,20193.0,1054.3911534010545,0.0,82,77,0,0,77,73,7711,5,0,0,5,4
2020-09-10,US,Kansas,Trego,40,3,0,38.91467218,-99.87284448,20195.0,1427.0424545130218,7.5,37,37,2,0,35,37,2793,3,1,0,2,0
2020-09-10,US,Kansas,Wabaunsee,63,0,0,38.95471985,-96.20350509,20197.0,908.9597460683883,0.0,63,63,0,0,63,63,6899,0,0,0,0,0
2020-09-10,US,Kansas,Wallace,10,0,0,38.91686134,-101.76388759999999,20199.0,658.7615283267457,0.0,10,10,0,0,10,10,1503,0,0,0,0,0
2020-09-10,US,Kansas,Washington,16,0,0,39.78420784,-97.08753229999999,20201.0,295.96744358120606,0.0,16,16,0,0,16,15,5420,0,0,0,0,1
2020-09-10,US,Kansas,Wichita,5,0,0,38.48178252,-101.3471509,20203.0,235.96035865974517,0.0,5,5,0,0,5,5,2105,0,0,0,0,0
2020-09-10,US,Kansas,Wilson,47,0,0,37.55937174,-95.74323255,20205.0,551.3196480938417,0.0,47,44,0,0,44,44,8665,3,0,0,3,0
2020-09-10,US,Kansas,Woodson,12,0,0,37.8865336,-95.74006277,20207.0,382.4091778202677,0.0,12,12,0,0,12,12,3183,0,0,0,0,0
2020-09-10,US,Kansas,Wyandotte,6360,119,0,39.11727348,-94.76378225,20209.0,3844.549625519105,1.8710691823899368,6241,6317,119,0,6198,6283,165324,43,0,0,43,34
2020-09-10,US,Kentucky,Adair,280,19,0,37.10459774,-85.28129668,21001.0,1458.1814394333926,6.7857142857142865,261,281,19,0,262,277,19215,-1,0,0,-1,4
2020-09-10,US,Kentucky,Allen,265,9,0,36.75197631,-86.19457544,21003.0,1243.2559230588788,3.39622641509434,256,263,9,0,254,264,21122,2,0,0,2,-1
2020-09-10,US,Kentucky,Anderson,127,1,0,38.00671029,-84.99171713,21005.0,558.3153822482086,0.7874015748031497,126,124,1,0,123,123,22663,3,0,0,3,1
2020-09-10,US,Kentucky,Ballard,46,1,0,37.05842757,-88.99427697,21007.0,583.1643002028397,2.1739130434782608,45,45,1,0,44,45,7979,1,0,0,1,0
2020-09-10,US,Kentucky,Barren,552,11,0,36.96469836,-85.93338945,21009.0,1247.4858188885626,1.9927536231884055,541,543,10,0,533,535,44176,9,1,0,8,8
2020-09-10,US,Kentucky,Bath,69,1,0,38.14735938,-83.74588932,21011.0,552.0,1.4492753623188406,68,69,1,0,68,68,12383,0,0,0,0,1
2020-09-10,US,Kentucky,Bell,440,10,0,36.73355174,-83.67766671,21013.0,1690.2274124154885,2.272727272727273,430,431,10,0,421,430,26569,9,0,0,9,1
2020-09-10,US,Kentucky,Boone,1387,25,0,38.97065142,-84.72615357,21015.0,1038.3213181515334,1.8024513338139867,1362,1377,25,0,1352,1364,131533,10,0,0,10,13
2020-09-10,US,Kentucky,Bourbon,136,1,0,38.2054607,-84.21827874,21017.0,687.2852233676974,0.7352941176470589,135,134,1,0,133,131,20184,2,0,0,2,3
2020-09-10,US,Kentucky,Boyd,315,4,0,38.36176608,-82.68652187,21019.0,674.2583158525623,1.2698412698412698,311,302,4,0,298,298,47240,13,0,0,13,4
2020-09-10,US,Kentucky,Boyle,225,0,0,37.62680923,-84.8633779,21021.0,748.502994011976,0.0,225,224,0,0,224,221,30100,1,0,0,1,3
2020-09-10,US,Kentucky,Bracken,37,0,0,38.69158994,-84.08532444,21023.0,445.6220643141034,0.0,37,37,0,0,37,37,8239,0,0,0,0,0
2020-09-10,US,Kentucky,Breathitt,66,0,0,37.52333168,-83.31959161,21025.0,522.5653206650832,0.0,66,58,0,0,58,58,12726,8,0,0,8,0
2020-09-10,US,Kentucky,Breckinridge,108,2,0,37.77377239,-86.42885017,21027.0,527.421008936856,1.851851851851852,106,106,2,0,104,104,20388,2,0,0,2,2
2020-09-10,US,Kentucky,Bullitt,709,8,0,37.97162523,-85.68955617,21029.0,868.0640579852098,1.1283497884344147,701,697,7,0,690,694,81069,12,1,0,11,3
2020-09-10,US,Kentucky,Butler,326,16,0,37.20946153,-86.68748787,21031.0,2531.2524264306235,4.9079754601227,310,326,16,0,310,324,12772,0,0,0,0,2
2020-09-10,US,Kentucky,Caldwell,95,0,0,37.14749129,-87.86948214,21033.0,745.2733976621953,0.0,95,94,0,0,94,93,12715,1,0,0,1,1
2020-09-10,US,Kentucky,Calloway,462,8,0,36.62093411,-88.2731593,21035.0,1184.5850106407531,1.7316017316017316,454,454,8,0,446,452,39135,8,0,0,8,2
2020-09-10,US,Kentucky,Campbell,756,16,0,38.94384345,-84.37875208,21037.0,807.8303983586937,2.1164021164021163,740,750,15,0,735,743,93152,6,1,0,5,7
2020-09-10,US,Kentucky,Carlisle,64,1,0,36.85372876,-88.96692220000001,21039.0,1344.5378151260506,1.5625,63,64,1,0,63,64,4771,0,0,0,0,0
2020-09-10,US,Kentucky,Carroll,194,5,0,38.66599534,-85.12601074,21041.0,1824.8518483679807,2.5773195876288657,189,194,5,0,189,195,10737,0,0,0,0,-1
2020-09-10,US,Kentucky,Carter,137,3,0,38.31690743,-83.05092385,21043.0,511.2512594693437,2.18978102189781,134,133,3,0,130,129,27004,4,0,0,4,4
2020-09-10,US,Kentucky,Casey,262,15,0,37.32533118,-84.92726209,21045.0,1621.3874620954266,5.7251908396946565,247,262,15,0,247,261,15888,0,0,0,0,1
2020-09-10,US,Kentucky,Christian,936,13,0,36.89267803,-87.49055367,21047.0,1328.3944309618087,1.3888888888888888,923,922,13,0,909,890,71671,14,0,0,14,32
2020-09-10,US,Kentucky,Clark,276,8,0,37.9689263,-84.14615986,21049.0,761.1063618564377,2.898550724637681,268,274,8,0,266,272,36249,2,0,0,2,2
2020-09-10,US,Kentucky,Clay,237,6,0,37.16451126,-83.712575,21051.0,1190.8949299030196,2.5316455696202533,231,233,6,0,227,226,20105,4,0,0,4,7
2020-09-10,US,Kentucky,Clinton,81,2,0,36.72581156,-85.13377529,21053.0,792.7187316500293,2.469135802469136,79,79,2,0,77,77,10206,2,0,0,2,2
2020-09-10,US,Kentucky,Crittenden,94,1,0,37.35839237,-88.08826090000002,21055.0,1067.4540086304792,1.0638297872340423,93,91,1,0,90,81,8915,3,0,0,3,10
2020-09-10,US,Kentucky,Cumberland,90,0,0,36.78926125,-85.39050034,21057.0,1360.749924402782,0.0,90,90,0,0,90,90,6659,0,0,0,0,0
2020-09-10,US,Kentucky,Daviess,1090,12,0,37.73028906,-87.09019479999998,21059.0,1073.775255883599,1.1009174311926606,1078,1072,11,0,1061,1064,101104,18,1,0,17,8
2020-09-10,US,Kentucky,Edmonson,120,12,0,37.21218923,-86.23955613,21061.0,987.6543209876544,10.0,108,120,12,0,108,119,12274,0,0,0,0,1
2020-09-10,US,Kentucky,Elliott,32,0,0,38.11624059,-83.09771563,21063.0,425.7017427165093,0.0,32,31,0,0,31,31,7508,1,0,0,1,0
2020-09-10,US,Kentucky,Estill,66,0,0,37.69241417,-83.95956369,21065.0,467.8860059549128,0.0,66,62,0,0,62,61,14198,4,0,0,4,1
2020-09-10,US,Kentucky,Fayette,4754,60,0,38.0368225,-84.45576892,21067.0,1471.1343268802298,1.2620950778291964,4694,4695,59,0,4636,4651,323780,59,1,0,58,44
2020-09-10,US,Kentucky,Fleming,75,0,0,38.36758311,-83.69657514,21069.0,514.3680131678211,0.0,75,74,0,0,74,73,14432,1,0,0,1,1
2020-09-10,US,Kentucky,Floyd,159,2,0,37.56213922,-82.74750924,21071.0,446.76725954648913,1.2578616352201255,157,158,2,0,156,156,35845,1,0,0,1,2
2020-09-10,US,Kentucky,Franklin,536,11,0,38.2379395,-84.87962551,21073.0,1051.1658920201603,2.0522388059701493,525,526,11,0,515,516,50815,10,0,0,10,10
2020-09-10,US,Kentucky,Fulton,129,2,0,36.55238827,-89.20140068,21075.0,2161.1660244597088,1.5503875968992251,127,128,2,0,126,127,6120,1,0,0,1,1
2020-09-10,US,Kentucky,Gallatin,93,8,0,38.75398691,-84.8558382,21077.0,1048.59623407374,8.602150537634408,85,92,8,0,84,92,8832,1,0,0,1,0
2020-09-10,US,Kentucky,Garrard,132,3,0,37.638866799999995,-84.53289319,21079.0,747.1980074719801,2.272727272727273,129,132,3,0,129,131,17560,0,0,0,0,1
2020-09-10,US,Kentucky,Grant,145,6,0,38.64962758,-84.62415957,21081.0,578.4036060473094,4.137931034482759,139,145,6,0,139,142,25121,0,0,0,0,3
2020-09-10,US,Kentucky,Graves,675,29,0,36.72292505,-88.65143315,21083.0,1811.3025277733054,4.296296296296297,646,674,29,0,645,670,37317,1,0,0,1,4
2020-09-10,US,Kentucky,Grayson,318,13,0,37.46231118,-86.34248968,21085.0,1203.3147916903167,4.088050314465409,305,305,12,0,293,301,26321,13,1,0,12,4
2020-09-10,US,Kentucky,Green,219,8,0,37.26484328,-85.5540745,21087.0,2001.64518782561,3.6529680365296797,211,212,7,0,205,210,11049,7,1,0,6,2
2020-09-10,US,Kentucky,Greenup,290,2,0,38.54332505,-82.9215658,21089.0,826.2579064334151,0.6896551724137931,288,280,2,0,278,277,35268,10,0,0,10,3
2020-09-10,US,Kentucky,Hancock,66,0,0,37.83766422,-86.78280584,21091.0,756.7071772529238,0.0,66,65,0,0,65,64,8758,1,0,0,1,1
2020-09-10,US,Kentucky,Hardin,1023,10,0,37.6976111,-85.96319251,21093.0,921.970475314984,0.9775171065493646,1013,1010,10,0,1000,998,110356,13,0,0,13,12
2020-09-10,US,Kentucky,Harlan,328,10,0,36.85699301,-83.21899516,21095.0,1261.0534409842367,3.0487804878048776,318,327,9,0,318,321,26409,1,1,0,0,6
2020-09-10,US,Kentucky,Harrison,163,0,0,38.44188174,-84.32869741,21097.0,863.0731758974903,0.0,163,163,0,0,163,158,18778,0,0,0,0,5
2020-09-10,US,Kentucky,Hart,156,1,0,37.29943898,-85.88461055,21099.0,819.5429472025216,0.6410256410256411,155,152,1,0,151,146,18906,4,0,0,4,6
2020-09-10,US,Kentucky,Henderson,529,3,0,37.79344553,-87.57392021,21101.0,1170.0951117009508,0.5671077504725898,526,520,3,0,517,502,45591,9,0,0,9,18
2020-09-10,US,Kentucky,Henry,173,2,0,38.44942688,-85.11587507,21103.0,1072.8016867171027,1.1560693641618498,171,174,2,0,172,167,16106,-1,0,0,-1,7
2020-09-10,US,Kentucky,Hickman,72,0,0,36.67948079999999,-88.97875928,21105.0,1643.835616438356,0.0,72,72,0,0,72,71,4421,0,0,0,0,1
2020-09-10,US,Kentucky,Hopkins,551,36,0,37.30939025,-87.54670406,21107.0,1233.0483820435934,6.533575317604357,515,547,36,0,511,535,45068,4,0,0,4,12
2020-09-10,US,Kentucky,Jackson,308,15,0,37.41866422,-83.99825483,21109.0,2310.7509940730747,4.87012987012987,293,301,15,0,286,293,13442,7,0,0,7,8
2020-09-10,US,Kentucky,Jefferson,13281,285,0,38.18664655,-85.65931031,21111.0,1732.10026123009,2.145922746781116,12996,13106,279,0,12827,13004,770517,175,6,0,169,102
2020-09-10,US,Kentucky,Jessamine,516,0,0,37.87119786,-84.58252003,21113.0,953.5249006744896,0.0,516,506,0,0,506,496,53920,10,0,0,10,10
2020-09-10,US,Kentucky,Johnson,130,1,0,37.85106355,-82.8264322,21115.0,585.9022895258697,0.7692307692307693,129,128,1,0,127,128,22386,2,0,0,2,0
2020-09-10,US,Kentucky,Kenton,1844,44,0,38.93950319,-84.53241199,21117.0,1104.2048407765362,2.386117136659436,1800,1831,44,0,1787,1819,166051,13,0,0,13,12
2020-09-10,US,Kentucky,Knott,97,1,0,37.35388197,-82.94981134,21119.0,655.1398081858706,1.0309278350515465,96,96,1,0,95,96,15126,1,0,0,1,0
2020-09-10,US,Kentucky,Knox,391,9,0,36.89225732,-83.85403396,21121.0,1255.418205169369,2.301790281329924,382,382,9,0,373,380,31304,9,0,0,9,2
2020-09-10,US,Kentucky,Larue,99,1,0,37.54567114,-85.70138352,21123.0,687.5954993749132,1.0101010101010102,98,97,1,0,96,96,14307,2,0,0,2,1
2020-09-10,US,Kentucky,Laurel,668,5,0,37.10975748,-84.11321779,21125.0,1098.4493447124792,0.7485029940119761,663,653,5,0,648,626,60669,15,0,0,15,27
2020-09-10,US,Kentucky,Lawrence,51,0,0,38.07136018,-82.72882223,21127.0,332.96337402885683,0.0,51,47,0,0,47,47,15571,4,0,0,4,0
2020-09-10,US,Kentucky,Lee,14,0,0,37.59645942,-83.71513901,21129.0,189.11252195056062,0.0,14,13,0,0,13,13,7033,1,0,0,1,0
2020-09-10,US,Kentucky,Leslie,42,0,0,37.09246661,-83.37999606,21131.0,425.23033309709433,0.0,42,42,0,0,42,42,10143,0,0,0,0,0
2020-09-10,US,Kentucky,Letcher,81,2,0,37.12306748,-82.85346474,21133.0,375.8177515891059,2.469135802469136,79,80,2,0,78,79,21899,1,0,0,1,1
2020-09-10,US,Kentucky,Lewis,201,14,0,38.53184419,-83.37735618,21135.0,1514.1242937853103,6.965174129353233,187,199,14,0,185,199,13257,2,0,0,2,0
2020-09-10,US,Kentucky,Lincoln,151,11,0,37.45475628,-84.6565327,21137.0,615.0963379363723,7.284768211920531,140,150,11,0,139,148,24644,1,0,0,1,2
2020-09-10,US,Kentucky,Livingston,66,1,0,37.21137452,-88.34797529,21139.0,717.8594735697194,1.5151515151515151,65,64,1,0,63,61,9242,2,0,0,2,3
2020-09-10,US,Kentucky,Logan,466,26,0,36.85949479,-86.877635,21141.0,1719.4303003468378,5.579399141630901,440,461,26,0,435,453,26989,5,0,0,5,8
2020-09-10,US,Kentucky,Lyon,45,4,0,37.02080035,-88.07886257,21143.0,548.1120584652863,8.888888888888891,41,44,4,0,40,43,8009,1,0,0,1,1
2020-09-10,US,Kentucky,Madison,1316,4,0,37.71659336,-84.27220275,21151.0,1415.2515943088822,0.30395136778115506,1312,1268,4,0,1264,1245,92368,48,0,0,48,23
2020-09-10,US,Kentucky,Magoffin,71,0,0,37.70820545,-83.0657714,21153.0,583.8335663185593,0.0,71,71,0,0,71,69,12362,0,0,0,0,2
2020-09-10,US,Kentucky,Marion,195,6,0,37.55218078,-85.26898542,21155.0,1011.7781352150676,3.0769230769230766,189,192,4,0,188,191,19404,3,2,0,1,1
2020-09-10,US,Kentucky,Marshall,225,2,0,36.88007070000001,-88.32803576,21157.0,723.4726688102893,0.8888888888888888,223,222,2,0,220,220,31191,3,0,0,3,2
2020-09-10,US,Kentucky,Martin,61,2,0,37.79990579,-82.51247478,21159.0,544.8861098704779,3.278688524590164,59,61,2,0,59,58,11323,0,0,0,0,3
2020-09-10,US,Kentucky,Mason,113,2,0,38.59471935,-83.82151043,21161.0,661.9800820152312,1.7699115044247788,111,113,2,0,111,110,17150,0,0,0,0,3
2020-09-10,US,Kentucky,McCracken,579,6,0,37.05350953,-88.70445755,21145.0,885.0775016050627,1.0362694300518134,573,572,6,0,566,564,65346,7,0,0,7,8
2020-09-10,US,Kentucky,McCreary,123,0,0,36.73874143,-84.48102924,21147.0,713.8297254947479,0.0,123,121,0,0,121,116,17408,2,0,0,2,5
2020-09-10,US,Kentucky,McLean,63,1,0,37.5301951,-87.26803443,21149.0,684.2619745845553,1.5873015873015872,62,62,1,0,61,63,9252,1,0,0,1,-1
2020-09-10,US,Kentucky,Meade,143,3,0,37.96163597,-86.21028219,21163.0,500.489990200196,2.097902097902098,140,140,3,0,137,138,28715,3,0,0,3,2
2020-09-10,US,Kentucky,Menifee,39,0,0,37.94090733,-83.59985712,21165.0,601.0171058714748,0.0,39,35,0,0,35,35,6451,4,0,0,4,0
2020-09-10,US,Kentucky,Mercer,150,1,0,37.81474237,-84.87488475,21167.0,683.9009711393791,0.6666666666666666,149,148,1,0,147,145,21774,2,0,0,2,3
2020-09-10,US,Kentucky,Metcalfe,91,2,0,36.99459295,-85.63123699,21169.0,903.5845496971502,2.1978021978021984,89,90,2,0,88,87,10030,1,0,0,1,3
2020-09-10,US,Kentucky,Monroe,176,4,0,36.71225341,-85.71596443,21171.0,1652.5821596244132,2.272727272727273,172,175,3,0,172,173,10718,1,1,0,0,2
2020-09-10,US,Kentucky,Montgomery,214,1,0,38.03253032,-83.9145241,21173.0,760.024150300103,0.4672897196261682,213,210,1,0,209,210,28203,4,0,0,4,0
2020-09-10,US,Kentucky,Morgan,51,0,0,37.92465657,-83.25558245,21175.0,383.1993387932978,0.0,51,51,0,0,51,51,13345,0,0,0,0,0
2020-09-10,US,Kentucky,Muhlenberg,688,11,0,37.21425819,-87.14632053,21177.0,2246.7507021095944,1.5988372093023255,677,681,11,0,670,676,30774,7,0,0,7,5
2020-09-10,US,Kentucky,Nelson,419,4,0,37.80335779,-85.4657193,21179.0,906.2790647373088,0.9546539379474941,415,412,3,0,409,404,45851,7,1,0,6,8
2020-09-10,US,Kentucky,Nicholas,29,1,0,38.33342292,-84.01889177,21181.0,398.95446416288354,3.4482758620689653,28,27,1,0,26,27,7166,2,0,0,2,0
2020-09-10,US,Kentucky,Ohio,403,9,0,37.47751843,-86.85368087,21183.0,1679.5865633074936,2.2332506203473947,394,403,9,0,394,396,24087,0,0,0,0,7
2020-09-10,US,Kentucky,Oldham,909,24,0,38.39791089,-85.448222,21185.0,1360.7988143535085,2.64026402640264,885,886,24,0,862,879,66470,23,0,0,23,7
2020-09-10,US,Kentucky,Owen,86,2,0,38.51679143,-84.82404619,21187.0,788.9184478488213,2.3255813953488373,84,86,2,0,84,85,10880,0,0,0,0,1
2020-09-10,US,Kentucky,Owsley,37,1,0,37.42823949,-83.68811419,21189.0,838.0520951302377,2.702702702702702,36,37,1,0,36,37,4472,0,0,0,0,0
2020-09-10,US,Kentucky,Pendleton,74,0,0,38.69607718,-84.35599463,21191.0,507.1967100753942,0.0,74,74,0,0,74,69,14529,0,0,0,0,5
2020-09-10,US,Kentucky,Perry,298,8,0,37.25023553,-83.22922731,21193.0,1156.9221212827085,2.684563758389262,290,295,8,0,287,293,26092,3,0,0,3,2
2020-09-10,US,Kentucky,Pike,356,3,0,37.47088263,-82.39487445,21195.0,615.1081622779736,0.8426966292134831,353,354,3,0,351,348,58402,2,0,0,2,6
2020-09-10,US,Kentucky,Powell,85,0,0,37.83218794,-83.82553961,21197.0,687.7579092159558,0.0,85,84,0,0,84,84,12442,1,0,0,1,0
2020-09-10,US,Kentucky,Pulaski,649,7,0,37.10466131,-84.57629079,21199.0,998.7842225949922,1.078582434514638,642,640,7,0,633,634,64623,9,0,0,9,6
2020-09-10,US,Kentucky,Robertson,11,0,0,38.51923469,-84.05055616,21201.0,521.8216318785579,0.0,11,10,0,0,10,9,2135,1,0,0,1,1
2020-09-10,US,Kentucky,Rockcastle,147,1,0,37.36642393,-84.31176452,21203.0,880.503144654088,0.6802721088435374,146,146,1,0,145,140,16750,1,0,0,1,6
2020-09-10,US,Kentucky,Rowan,187,1,0,38.19484205,-83.42088935,21205.0,764.5134914145543,0.5347593582887701,186,187,1,0,186,185,24583,0,0,0,0,2
2020-09-10,US,Kentucky,Russell,214,6,0,36.99308373,-85.06070117,21207.0,1193.9965407576856,2.803738317757009,208,206,6,0,200,201,17821,8,0,0,8,5
2020-09-10,US,Kentucky,Scott,658,8,0,38.29622293,-84.5816631,21209.0,1154.3049610553646,1.2158054711246202,650,649,8,0,641,634,56031,9,0,0,9,15
2020-09-10,US,Kentucky,Shelby,963,23,0,38.21476019,-85.194223,21211.0,1964.343994778068,2.388369678089304,940,955,23,0,932,945,48518,8,0,0,8,10
2020-09-10,US,Kentucky,Simpson,243,7,0,36.74058474,-86.58047435,21213.0,1308.421279345251,2.8806584362139915,236,240,7,0,233,239,18529,3,0,0,3,1
2020-09-10,US,Kentucky,Spencer,183,0,0,38.03223971,-85.32749335,21215.0,945.6875613663376,0.0,183,177,0,0,177,174,18794,6,0,0,6,3
2020-09-10,US,Kentucky,Taylor,229,5,0,37.3677562,-85.3329931,21217.0,888.6646746090262,2.183406113537118,224,224,5,0,219,222,25549,5,0,0,5,2
2020-09-10,US,Kentucky,Todd,167,6,0,36.8381152,-87.17878374,21219.0,1358.386204652676,3.5928143712574854,161,165,6,0,159,162,12311,2,0,0,2,3
2020-09-10,US,Kentucky,Trigg,125,0,0,36.80767017,-87.87333656,21221.0,853.1840829977476,0.0,125,118,0,0,118,108,14643,7,0,0,7,10
2020-09-10,US,Kentucky,Trimble,50,0,0,38.61056487,-85.33775972,21223.0,590.2490851139181,0.0,50,50,0,0,50,50,8515,0,0,0,0,0
2020-09-10,US,Kentucky,Union,188,1,0,37.66166713,-87.94300009,21225.0,1307.2804394687435,0.5319148936170213,187,181,1,0,180,171,14505,7,0,0,7,10
2020-09-10,US,Kentucky,Warren,3800,33,0,36.99903045,-86.42672751,21227.0,2859.3787623404774,0.8684210526315791,3767,3728,29,0,3699,3691,131264,72,4,0,68,37
2020-09-10,US,Kentucky,Washington,136,1,0,37.75599461,-85.17407732,21229.0,1124.4315832988839,0.7352941176470589,135,134,1,0,133,133,12084,2,0,0,2,1
2020-09-10,US,Kentucky,Wayne,107,0,0,36.80310688,-84.8251971,21231.0,526.2381350513942,0.0,107,104,0,0,104,104,20468,3,0,0,3,0
2020-09-10,US,Kentucky,Webster,121,2,0,37.52168356,-87.67989953,21233.0,934.9405037861227,1.6528925619834711,119,120,2,0,118,119,13111,1,0,0,1,1
2020-09-10,US,Kentucky,Whitley,229,2,0,36.75700531,-84.14541217,21235.0,631.4802559011692,0.8733624454148472,227,229,2,0,227,222,36242,0,0,0,0,7
2020-09-10,US,Kentucky,Wolfe,30,0,0,37.73941626,-83.49303612,21237.0,419.17004331423783,0.0,30,29,0,0,29,29,7177,1,0,0,1,0
2020-09-10,US,Kentucky,Woodford,224,0,0,38.04178222,-84.7417556,21239.0,837.8843420363581,0.0,224,222,0,0,222,222,26533,2,0,0,2,0
2020-09-10,US,Louisiana,Acadia,2877,94,0,30.295064899999996,-92.41419698,22001.0,4636.957047304376,3.2672923183872093,2783,2876,94,0,2782,2841,62190,1,0,0,1,35
2020-09-10,US,Louisiana,Allen,1500,44,0,30.65385745,-92.82442028,22003.0,5853.201701330628,2.933333333333333,1456,1495,44,0,1451,1462,25605,5,0,0,5,33
2020-09-10,US,Louisiana,Ascension,3512,94,0,30.20406249,-90.91328409999998,22005.0,2774.003980916875,2.6765375854214124,3418,3497,93,0,3404,3474,124672,15,1,0,14,23
2020-09-10,US,Louisiana,Assumption,699,23,0,29.89946234,-91.06461642,22007.0,3193.0930519391527,3.2904148783977116,676,699,23,0,676,692,22300,0,0,0,0,7
2020-09-10,US,Louisiana,Avoyelles,1399,47,0,31.07796211,-92.00079449,22009.0,3484.954165005979,3.3595425303788415,1352,1396,47,0,1349,1335,40462,3,0,0,3,61
2020-09-10,US,Louisiana,Beauregard,959,34,0,30.64836518,-93.34173616,22011.0,2557.537936368243,3.545359749739312,925,961,34,0,927,952,37253,-2,0,0,-2,9
2020-09-10,US,Louisiana,Bienville,435,32,0,32.34569994,-93.05398492,22013.0,3285.2503587342344,7.35632183908046,403,433,32,0,401,427,13308,2,0,0,2,6
2020-09-10,US,Louisiana,Bossier,2861,100,0,32.67932307,-93.60460152,22015.0,2252.064326702824,3.4952813701502965,2761,2849,98,0,2751,2836,127185,12,2,0,10,13
2020-09-10,US,Louisiana,Caddo,7762,333,0,32.57991587,-93.88375652,22017.0,3231.419959700921,4.2901314094305585,7429,7729,333,0,7396,7687,242922,33,0,0,33,42
2020-09-10,US,Louisiana,Calcasieu,7580,197,0,30.22931235,-93.35400434,22019.0,3725.987534163078,2.598944591029024,7383,7549,196,0,7353,7487,203112,31,1,0,30,62
2020-09-10,US,Louisiana,Caldwell,295,3,0,32.0902519,-92.11752148,22021.0,2974.389997983465,1.0169491525423728,292,294,3,0,291,293,9960,1,0,0,1,1
2020-09-10,US,Louisiana,Cameron,206,1,0,29.87592238,-93.19310676,22023.0,2954.2521153018793,0.4854368932038835,205,205,1,0,204,204,6968,1,0,0,1,1
2020-09-10,US,Louisiana,Catahoula,401,6,0,31.66778967,-91.84526385,22025.0,4223.720244364862,1.4962593516209477,395,398,6,0,392,391,9608,3,0,0,3,7
2020-09-10,US,Louisiana,Claiborne,456,16,0,32.82308512,-92.99526883,22027.0,2910.0191448627947,3.5087719298245608,440,460,16,0,444,435,15944,-4,0,0,-4,25
2020-09-10,US,Louisiana,Concordia,487,10,0,31.44817835,-91.63814433,22029.0,2528.687886183084,2.053388090349076,477,488,10,0,478,461,19572,-1,0,0,-1,27
2020-09-10,US,Louisiana,De Soto,840,34,0,32.05457447,-93.74130302,22031.0,3058.660743545862,4.047619047619048,806,837,34,0,803,831,27436,3,0,0,3,6
2020-09-10,US,Louisiana,East Baton Rouge,14421,427,0,30.53842039,-91.09777565,22033.0,3277.0605759682226,2.9609597115317943,13994,14380,427,0,13953,14284,440956,41,0,0,41,96
2020-09-10,US,Louisiana,East Carroll,535,3,0,32.73926954,-91.23425694,22035.0,7797.697128698441,0.5607476635514018,532,534,3,0,531,532,7037,1,0,0,1,2
2020-09-10,US,Louisiana,East Feliciana,1475,54,0,30.84425359,-91.04976723,22037.0,7708.38777110008,3.6610169491525424,1421,1462,52,0,1410,1456,19305,13,2,0,11,6
2020-09-10,US,Louisiana,Evangeline,1228,29,0,30.72985248,-92.39915924,22039.0,3677.1971852073657,2.3615635179153096,1199,1228,29,0,1199,1202,33443,0,0,0,0,26
2020-09-10,US,Louisiana,Franklin,1135,33,0,32.13675181,-91.67589857,22041.0,5670.746939795154,2.907488986784141,1102,1132,32,0,1100,1117,20156,3,1,0,2,15
2020-09-10,US,Louisiana,Grant,459,30,0,31.59882456,-92.56124347,22043.0,2050.113895216401,6.5359477124183005,429,456,30,0,426,449,22482,3,0,0,3,7
2020-09-10,US,Louisiana,Iberia,2827,89,0,29.86803617,-91.75871777,22045.0,4048.403265072319,3.1482136540502297,2738,2820,88,0,2732,2761,70941,7,1,0,6,59
2020-09-10,US,Louisiana,Iberville,1381,57,0,30.25734305,-91.3499598,22047.0,4247.793054658423,4.1274438812454735,1324,1373,56,0,1317,1364,32721,8,1,0,7,9
2020-09-10,US,Louisiana,Jackson,546,21,0,32.30251776,-92.55692092,22049.0,3467.987804878049,3.8461538461538463,525,543,21,0,522,538,15902,3,0,0,3,5
2020-09-10,US,Louisiana,Jefferson,16920,558,0,29.74075478,-90.11115756,22051.0,3912.202047200765,3.2978723404255317,16362,16871,557,0,16314,16825,434051,49,1,0,48,46
2020-09-10,US,Louisiana,Jefferson Davis,1186,37,0,30.26896765,-92.81210004,22053.0,3780.923233868911,3.1197301854974704,1149,1185,37,0,1148,1171,31582,1,0,0,1,14
2020-09-10,US,Louisiana,LaSalle,409,7,0,31.67884782,-92.15907765,22059.0,2746.441042170293,1.7114914425427872,402,406,5,0,401,400,14917,3,2,0,1,6
2020-09-10,US,Louisiana,Lafayette,8586,116,0,30.2049055,-92.06959876,22055.0,3513.237039158722,1.351036571162357,8470,8570,116,0,8454,8460,242782,16,0,0,16,110
2020-09-10,US,Louisiana,Lafourche,3400,115,0,29.52470226,-90.40976986,22057.0,3483.106931382793,3.3823529411764706,3285,3387,115,0,3272,3360,98115,13,0,0,13,27
2020-09-10,US,Louisiana,Lincoln,996,43,0,32.6003154,-92.66597409999999,22061.0,2130.84592015746,4.317269076305221,953,989,42,0,947,969,47196,7,1,0,6,20
2020-09-10,US,Louisiana,Livingston,3517,69,0,30.44143993,-90.73061664,22063.0,2498.064479469277,1.9618993460335516,3448,3514,69,0,3445,3495,139567,3,0,0,3,19
2020-09-10,US,Louisiana,Madison,847,8,0,32.36918118,-91.23973355,22065.0,7734.453474568531,0.9445100354191264,839,846,8,0,838,843,11161,1,0,0,1,3
2020-09-10,US,Louisiana,Morehouse,672,19,0,32.81686191,-91.80421614,22067.0,2701.6161453726777,2.827380952380953,653,672,19,0,653,635,25398,0,0,0,0,37
2020-09-10,US,Louisiana,Natchitoches,1001,24,0,31.72321584,-93.09816516,22069.0,2623.303108129357,2.3976023976023977,977,997,25,0,972,973,38659,4,-1,0,5,24
2020-09-10,US,Louisiana,Orleans,12063,584,0,30.06971951,-89.92660315,22071.0,3091.9352854330714,4.841250103622649,11479,12048,583,0,11465,11975,391006,15,1,0,14,73
2020-09-10,US,Louisiana,Ouachita,5755,135,0,32.47645559,-92.15704172,22073.0,3754.591300830512,2.3457862728062557,5620,5741,133,0,5608,5668,154475,14,2,0,12,73
2020-09-10,US,Louisiana,Plaquemines,659,19,0,29.42245447,-89.60322085,22075.0,2840.884597146183,2.8831562974203337,640,645,19,0,626,635,23410,14,0,0,14,10
2020-09-10,US,Louisiana,Pointe Coupee,1003,38,0,30.71409502,-91.60209535,22077.0,4615.738610216291,3.78863409770688,965,1001,38,0,963,986,21940,2,0,0,2,15
2020-09-10,US,Louisiana,Rapides,3961,136,0,31.19778499,-92.52997303,22079.0,3055.1956065654686,3.433476394849785,3825,3947,136,0,3811,3916,130562,14,0,0,14,31
2020-09-10,US,Louisiana,Red River,338,20,0,32.09530039,-93.34213308,22081.0,4003.79057095475,5.9171597633136095,318,338,20,0,318,338,8477,0,0,0,0,0
2020-09-10,US,Louisiana,Richland,730,10,0,32.41391005,-91.76634876,22083.0,3627.869993042441,1.3698630136986298,720,728,10,0,718,720,20192,2,0,0,2,8
2020-09-10,US,Louisiana,Sabine,795,14,0,31.56388699,-93.55433981,22085.0,3328.5881761848937,1.7610062893081762,781,792,13,0,779,778,24032,3,1,0,2,14
2020-09-10,US,Louisiana,St. Bernard,1316,28,0,29.87761636,-89.51887093,22087.0,2785.538904411142,2.127659574468085,1288,1310,28,0,1282,1296,46721,6,0,0,6,14
2020-09-10,US,Louisiana,St. Charles,1721,58,0,29.90709658,-90.35555967,22089.0,3241.05461393597,3.3701336432306803,1663,1709,57,0,1652,1702,52879,12,1,0,11,7
2020-09-10,US,Louisiana,St. Helena,386,2,0,30.82210324,-90.71013176,22091.0,3809.7118041847607,0.5181347150259067,384,388,2,0,386,384,10262,-2,0,0,-2,4
2020-09-10,US,Louisiana,St. James,782,37,0,30.02531716,-90.80212061,22093.0,3706.863860447478,4.731457800511508,745,782,37,0,745,766,21037,0,0,0,0,16
2020-09-10,US,Louisiana,St. John the Baptist,1555,97,0,30.12597499,-90.4753503,22095.0,3630.039451875715,6.237942122186495,1458,1548,97,0,1451,1545,43184,7,0,0,7,3
2020-09-10,US,Louisiana,St. Landry,3205,116,0,30.59724262,-92.00135806,22097.0,3902.635039696069,3.619344773790952,3089,3209,116,0,3093,3160,82764,-4,0,0,-4,49
2020-09-10,US,Louisiana,St. Martin,2034,58,0,30.13112107,-91.61403569,22099.0,3806.778836256106,2.8515240904621435,1976,2030,58,0,1972,2010,53621,4,0,0,4,20
2020-09-10,US,Louisiana,St. Mary,1807,74,0,29.69262097,-91.44702164,22101.0,3661.749209694415,4.095185390149418,1733,1808,73,0,1735,1789,49774,-1,1,0,-2,19
2020-09-10,US,Louisiana,St. Tammany,6521,245,0,30.40942847,-89.95642711,22103.0,2504.0415637875885,3.757092470479988,6276,6489,245,0,6244,6402,258111,32,0,0,32,87
2020-09-10,US,Louisiana,Tangipahoa,4239,107,0,30.62888673,-90.40664996,22105.0,3145.6388488995094,2.5241802311866004,4132,4217,107,0,4110,4173,133777,22,0,0,22,44
2020-09-10,US,Louisiana,Tensas,155,1,0,32.00760749,-91.32915234,22107.0,3576.372865712968,0.6451612903225806,154,155,1,0,154,154,4462,0,0,0,0,1
2020-09-10,US,Louisiana,Terrebonne,3472,104,0,29.37343766,-90.82626855,22109.0,3143.190809425951,2.995391705069125,3368,3459,104,0,3355,3445,111021,13,0,0,13,14
2020-09-10,US,Louisiana,Unassigned,191,170,0,0.0,0.0,90022.0,0.0,89.00523560209425,21,193,170,0,23,191,,-2,0,0,-2,2
2020-09-10,US,Louisiana,Union,896,40,0,32.83121059,-92.3749373,22111.0,4052.831554188529,4.464285714285714,856,891,39,0,852,863,22330,5,1,0,4,28
2020-09-10,US,Louisiana,Vermilion,1962,50,0,29.83517605,-92.30292538,22113.0,3296.869486313455,2.5484199796126403,1912,1958,50,0,1908,1916,59830,4,0,0,4,42
2020-09-10,US,Louisiana,Vernon,996,43,0,31.10884837,-93.18153838,22115.0,2099.981024267853,4.317269076305221,953,996,41,0,955,981,48860,0,2,0,-2,15
2020-09-10,US,Louisiana,Washington,1543,60,0,30.85288548,-90.03866652,22117.0,3340.260639909945,3.8885288399222295,1483,1534,60,0,1474,1528,46582,9,0,0,9,6
2020-09-10,US,Louisiana,Webster,1109,20,0,32.70847669,-93.33121835,22119.0,2892.5404277516955,1.8034265103697025,1089,1104,20,0,1084,1080,38798,5,0,0,5,24
2020-09-10,US,Louisiana,West Baton Rouge,864,40,0,30.46058217,-91.30989571,22121.0,3264.689212167013,4.62962962962963,824,855,40,0,815,852,26427,9,0,0,9,3
2020-09-10,US,Louisiana,West Carroll,332,9,0,32.78550125,-91.461201,22123.0,3065.558633425669,2.710843373493976,323,329,9,0,320,323,10982,3,0,0,3,6
2020-09-10,US,Louisiana,West Feliciana,637,22,0,30.87882871,-91.41485379999999,22125.0,4091.726618705036,3.4536891679748822,615,639,22,0,617,637,15460,-2,0,0,-2,2
2020-09-10,US,Louisiana,Winn,582,17,0,31.94449367,-92.63789413,22127.0,4185.845799769852,2.9209621993127146,565,581,17,0,564,578,14134,1,0,0,1,3
2020-09-10,US,Maine,Androscoggin,631,10,0,44.1664747,-70.20380627,23001.0,582.7645760410799,1.584786053882726,621,625,10,0,615,625,107679,6,0,0,6,0
2020-09-10,US,Maine,Aroostook,40,1,0,46.65926321,-68.59841248,23003.0,59.65252404742375,2.5,39,40,1,0,39,40,67111,0,0,0,0,0
2020-09-10,US,Maine,Cumberland,2226,70,0,43.8370751,-70.37226999,23005.0,754.5685976074817,3.1446540880503147,2156,2223,70,0,2153,2223,293557,3,0,0,3,0
2020-09-10,US,Maine,Franklin,53,1,0,44.97330019,-70.44381045,23007.0,175.5025000827842,1.8867924528301887,52,53,1,0,52,53,29897,0,0,0,0,0
2020-09-10,US,Maine,Hancock,51,1,0,44.59816444,-68.38401854,23009.0,92.7491952643352,1.96078431372549,50,51,1,0,50,51,54811,0,0,0,0,0
2020-09-10,US,Maine,Kennebec,199,11,0,44.40759555,-69.76738544,23011.0,162.7119752743209,5.527638190954773,188,197,11,0,186,197,122083,2,0,0,2,0
2020-09-10,US,Maine,Knox,33,1,0,44.11486325,-69.10529169,23013.0,82.97294579100875,3.0303030303030303,32,33,1,0,32,34,39771,0,0,0,0,-1
2020-09-10,US,Maine,Lincoln,36,1,0,44.05996956,-69.54227124,23015.0,103.94410117225848,2.7777777777777777,35,36,1,0,35,36,34342,0,0,0,0,0
2020-09-10,US,Maine,Oxford,75,0,0,44.49952995,-70.75682123,23017.0,129.36610608020698,0.0,75,75,0,0,75,75,57618,0,0,0,0,0
2020-09-10,US,Maine,Penobscot,250,6,0,45.40194593,-68.65020455,23019.0,164.31369456055947,2.4,244,249,6,0,243,249,151096,1,0,0,1,0
2020-09-10,US,Maine,Piscataquis,8,0,0,45.83839062,-69.2860223,23021.0,47.66160262138814,0.0,8,8,0,0,8,8,16800,0,0,0,0,0
2020-09-10,US,Maine,Sagadahoc,62,0,0,43.95415864,-69.85074999,23023.0,172.91387773315483,0.0,62,62,0,0,62,62,35634,0,0,0,0,0
2020-09-10,US,Maine,Somerset,69,3,0,45.51229767,-69.95995554,23025.0,136.67696695982886,4.3478260869565215,66,63,3,0,60,63,50592,6,0,0,6,0
2020-09-10,US,Maine,Unassigned,1,0,0,0.0,0.0,90023.0,0.0,0.0,1,,,,,,,,,,,
2020-09-10,US,Maine,Waldo,72,14,0,44.4858305,-69.12061935,23027.0,181.29170338662968,19.444444444444443,58,72,14,0,58,72,39694,0,0,0,0,0
2020-09-10,US,Maine,Washington,15,0,0,45.01607142,-67.62813524,23029.0,47.802670575862855,0.0,15,15,0,0,15,15,31490,0,0,0,0,0
2020-09-10,US,Maine,York,939,15,0,43.47808377,-70.71052375,23031.0,452.2228268983486,1.597444089456869,924,911,15,0,896,911,206229,28,0,0,28,0
2020-09-10,US,Maryland,Allegany,409,22,0,39.62357628,-78.69280486,24001.0,580.8339013860486,5.378973105134474,387,408,22,0,386,407,70975,1,0,0,1,1
2020-09-10,US,Maryland,Anne Arundel,8945,241,0,39.00670238,-76.60329337,24003.0,1544.2808951132013,2.6942425936277252,8704,8892,240,0,8652,8857,576031,53,1,0,52,35
2020-09-10,US,Maryland,Baltimore,16441,609,0,39.45784712,-76.62911955,24005.0,1987.1399736514493,3.704154248525029,15832,16382,608,0,15774,16347,828431,59,1,0,58,35
2020-09-10,US,Maryland,Baltimore City,15092,471,0,39.30211911,-76.61151012,24510.0,2542.92405937758,3.1208587331036317,14621,15037,471,0,14566,14994,621342,55,0,0,55,43
2020-09-10,US,Maryland,Calvert,843,28,0,38.53961642,-76.56820632,24009.0,911.1051067279112,3.3214709371292996,815,838,28,0,810,830,92003,5,0,0,5,8
2020-09-10,US,Maryland,Caroline,582,3,0,38.87172293,-75.82904158,24011.0,1742.201999640783,0.5154639175257731,579,572,3,0,569,572,33304,10,0,0,10,0
2020-09-10,US,Maryland,Carroll,1815,123,0,39.56453592,-77.02373735,24013.0,1077.4902491584892,6.776859504132231,1692,1807,123,0,1684,1796,168429,8,0,0,8,11
2020-09-10,US,Maryland,Cecil,878,31,0,39.56647682,-75.94627411,24015.0,853.6288950464245,3.5307517084282463,847,862,31,0,831,858,102826,16,0,0,16,4
2020-09-10,US,Maryland,Charles,2517,95,0,38.51092331,-76.98580666,24017.0,1541.7409360701224,3.774334525228447,2422,2503,95,0,2408,2494,161503,14,0,0,14,9
2020-09-10,US,Maryland,Dorchester,505,8,0,38.45413522,-76.02752426,24019.0,1581.6342509943936,1.5841584158415842,497,502,8,0,494,502,31998,3,0,0,3,0
2020-09-10,US,Maryland,Frederick,3664,127,0,39.47296601,-77.39999394,24021.0,1411.690368218473,3.4661572052401746,3537,3642,127,0,3515,3638,255648,22,0,0,22,4
2020-09-10,US,Maryland,Garrett,65,1,0,39.52786077,-79.27355126,24023.0,224.02977872751086,1.5384615384615383,64,65,0,0,65,64,29163,0,1,0,-1,1
2020-09-10,US,Maryland,Harford,2725,73,0,39.55010644,-76.30775940000002,24025.0,1066.78254469721,2.6788990825688077,2652,2686,72,0,2614,2676,253956,39,1,0,38,10
2020-09-10,US,Maryland,Howard,4683,119,0,39.25305293,-76.93126208,24027.0,1437.8703675274035,2.5411061285500747,4564,4652,118,0,4534,4627,323196,31,1,0,30,25
2020-09-10,US,Maryland,Kent,277,24,0,39.24976208,-76.04741541,24029.0,1426.2176912779325,8.664259927797834,253,277,24,0,253,277,19383,0,0,0,0,0
2020-09-10,US,Maryland,Montgomery,20893,832,0,39.13676329,-77.20358245,24031.0,1988.5065785466288,3.982194993538507,20061,20838,829,0,20009,20766,1052567,55,3,0,52,72
2020-09-10,US,Maryland,Prince George's,27245,806,0,38.83070039,-76.8496441,24033.0,2996.171894159087,2.9583409799963296,26439,27163,804,0,26359,27102,909308,82,2,0,80,61
2020-09-10,US,Maryland,Queen Anne's,595,26,0,39.06198912,-76.03530977,24035.0,1181.0007741013478,4.369747899159663,569,591,26,0,565,589,50251,4,0,0,4,2
2020-09-10,US,Maryland,Somerset,210,4,0,38.1163542,-75.75118623,24039.0,819.8001249219237,1.9047619047619049,206,209,4,0,205,207,25675,1,0,0,1,2
2020-09-10,US,Maryland,St. Mary's,1165,57,0,38.30058422,-76.60629279999998,24037.0,1026.341291516166,4.8927038626609445,1108,1164,56,0,1108,1164,112664,1,1,0,0,0
2020-09-10,US,Maryland,Talbot,500,4,0,38.76618159,-76.10882561,24041.0,1344.7728678626179,0.8,496,497,4,0,493,497,36968,3,0,0,3,0
2020-09-10,US,Maryland,Unassigned,0,11,0,0.0,0.0,90024.0,0.0,0.0,-11,0,14,0,-14,0,,0,-3,0,3,0
2020-09-10,US,Maryland,Washington,1440,35,0,39.60835778,-77.82002295,24043.0,953.333024382816,2.430555555555556,1405,1416,35,0,1381,1411,150926,24,0,0,24,5
2020-09-10,US,Maryland,Wicomico,1683,48,0,38.37301947,-75.62705831,24045.0,1624.3762607495487,2.8520499108734403,1635,1673,48,0,1625,1667,103195,10,0,0,10,6
2020-09-10,US,Maryland,Worcester,906,26,0,38.21274277,-75.33200012,24047.0,1733.1088836177216,2.8697571743929364,880,899,26,0,873,897,51823,7,0,0,7,2
2020-09-10,US,Massachusetts,Barnstable,1667,168,0,41.72980578,-70.28854339,25001.0,782.6658528569417,10.077984403119377,1499,1663,169,0,1494,1662,213413,4,-1,0,5,1
2020-09-10,US,Massachusetts,Berkshire,677,46,0,42.37428441,-73.20524838,25003.0,541.8427455500064,6.794682422451994,631,676,46,0,630,672,126348,1,0,0,1,4
2020-09-10,US,Massachusetts,Bristol,9448,670,0,41.79228404,-71.10872211,25005.0,1671.5703880102685,7.091447925486874,8778,9418,668,0,8750,9409,564022,30,2,0,28,9
2020-09-10,US,Massachusetts,Dukes and Nantucket,111,1,0,41.40674725,-70.68763497,0.0,386.342278375274,0.9009009009009008,110,104,1,0,103,103,26707,7,0,0,7,1
2020-09-10,US,Massachusetts,Essex,18508,1257,0,42.6687626,-70.94687179,25009.0,2345.6530390325383,6.7916576615517625,17251,18454,1256,0,17198,18431,790638,54,1,0,53,23
2020-09-10,US,Massachusetts,Franklin,396,66,0,42.58119713,-72.58602547,25011.0,564.2633228840125,16.666666666666668,330,396,66,0,330,396,70963,0,0,0,0,0
2020-09-10,US,Massachusetts,Hampden,7817,762,0,42.13440424,-72.63235561,25013.0,1676.1297848069785,9.747985160547524,7055,7793,759,0,7034,7789,470406,24,3,0,21,4
2020-09-10,US,Massachusetts,Hampshire,1193,141,0,42.33997957,-72.65898478,25015.0,741.7770316483243,11.81894383906119,1052,1191,141,0,1050,1191,161355,2,0,0,2,0
2020-09-10,US,Massachusetts,Middlesex,25931,2094,0,42.48607732,-71.39049229,25017.0,1608.9232542801105,8.07527669584667,23837,25847,2089,0,23758,25792,1614714,84,5,0,79,55
2020-09-10,US,Massachusetts,Norfolk,9745,1029,0,42.16073095,-71.20530408,25021.0,1378.7980616179127,10.55926115956901,8716,9716,1026,0,8690,9704,705388,29,3,0,26,12
2020-09-10,US,Massachusetts,Plymouth,9277,748,0,41.94070556,-70.80802823,25023.0,1779.9240985260992,8.06295138514606,8529,9257,747,0,8510,9242,518132,20,1,0,19,15
2020-09-10,US,Massachusetts,Suffolk,22920,1113,0,42.327951399999996,-71.07850442,25025.0,2851.076057305136,4.856020942408377,21807,22831,1111,0,21720,22788,807252,89,2,0,87,43
2020-09-10,US,Massachusetts,Unassigned,2140,5,0,0.0,0.0,90025.0,0.0,0.2336448598130841,2135,2119,5,0,2114,2117,,21,0,0,21,2
2020-09-10,US,Massachusetts,Worcester,13716,1066,0,42.35026951,-71.90493363,25027.0,1651.2926457522196,7.771945173519978,12650,13678,1062,0,12616,13666,830839,38,4,0,34,12
2020-09-10,US,Michigan,Alcona,39,2,0,44.6846864,-83.59507875,26001.0,374.81979817395484,5.128205128205129,37,39,2,0,37,39,10362,0,0,0,0,0
2020-09-10,US,Michigan,Alger,17,0,0,46.41292944,-86.60260122,26003.0,186.649099692578,0.0,17,17,0,0,17,17,9097,0,0,0,0,0
2020-09-10,US,Michigan,Allegan,684,7,0,42.59147037,-85.89102866,26005.0,579.2633869970614,1.023391812865497,677,680,8,0,672,672,117327,4,-1,0,5,8
2020-09-10,US,Michigan,Alpena,132,14,0,45.03477666,-83.62212411,26007.0,464.70691779616266,10.606060606060606,118,132,14,0,118,132,28360,0,0,0,0,0
2020-09-10,US,Michigan,Antrim,62,0,0,44.99690221,-85.15503082,26009.0,265.8206139598697,0.0,62,62,0,0,62,62,23365,0,0,0,0,0
2020-09-10,US,Michigan,Arenac,66,3,0,44.0636262,-83.89277559,26011.0,443.4589800443459,4.545454545454546,63,66,3,0,63,67,15041,0,0,0,0,-1
2020-09-10,US,Michigan,Baraga,9,0,0,46.6720582,-88.36363591,26013.0,109.6357656230966,0.0,9,9,0,0,9,8,8320,0,0,0,0,1
2020-09-10,US,Michigan,Barry,248,2,0,42.59513984,-85.30834519,26015.0,402.9244516653128,0.8064516129032258,246,247,2,0,245,234,61157,1,0,0,1,13
2020-09-10,US,Michigan,Bay,894,45,0,43.70639106,-83.98731479,26017.0,866.9006845994221,5.033557046979865,849,883,45,0,838,881,103923,11,0,0,11,2
2020-09-10,US,Michigan,Benzie,60,2,0,44.63899297,-86.01608482,26019.0,337.7237419790611,3.333333333333333,58,60,2,0,58,59,17753,0,0,0,0,1
2020-09-10,US,Michigan,Berrien,1701,72,0,41.95447397,-86.41313079999998,26021.0,1108.8584820177182,4.232804232804233,1629,1689,72,0,1617,1686,154141,12,0,0,12,3
2020-09-10,US,Michigan,Branch,526,4,0,41.91600556,-85.05929476,26023.0,1208.723027782246,0.7604562737642585,522,522,4,0,518,522,43622,4,0,0,4,0
2020-09-10,US,Michigan,Calhoun,1113,44,0,42.24633834,-85.00493569,26025.0,829.6126238269516,3.953279424977538,1069,1099,44,0,1055,1094,134487,14,0,0,14,5
2020-09-10,US,Michigan,Cass,444,16,0,41.91522292,-85.99405727,26027.0,857.3580242145712,3.603603603603604,428,442,16,0,426,433,51653,2,0,0,2,9
2020-09-10,US,Michigan,Charlevoix,81,3,0,45.37790017,-85.19614053,26029.0,309.8343724897678,3.703703703703704,78,82,3,0,79,79,26244,-1,0,0,-1,3
2020-09-10,US,Michigan,Cheboygan,83,2,0,45.44787015,-84.50122149,26031.0,328.3747428390568,2.409638554216868,81,83,2,0,81,83,25413,0,0,0,0,0
2020-09-10,US,Michigan,Chippewa,65,0,0,46.29552653,-84.54353449,26033.0,174.0341106856944,0.0,65,65,0,0,65,65,37517,0,0,0,0,0
2020-09-10,US,Michigan,Clare,106,4,0,43.98794227,-84.84819859999998,26035.0,342.4878836833604,3.7735849056603774,102,105,4,0,101,105,30757,1,0,0,1,0
2020-09-10,US,Michigan,Clinton,576,13,0,42.94400871,-84.60145248,26037.0,723.663546705195,2.2569444444444446,563,568,13,0,555,563,79332,8,0,0,8,5
2020-09-10,US,Michigan,Crawford,116,5,0,44.68255561,-84.61006219,26039.0,826.8586499394113,4.310344827586206,111,115,5,0,110,115,13901,1,0,0,1,0
2020-09-10,US,Michigan,Delta,197,3,0,45.90484910000001,-86.9080745,26041.0,550.5253744690365,1.5228426395939083,194,192,3,0,189,187,35857,5,0,0,5,5
2020-09-10,US,Michigan,Dickinson,70,2,0,46.00999672,-87.86961634,26043.0,277.34854788224567,2.8571428571428568,68,70,2,0,68,70,25383,0,0,0,0,0
2020-09-10,US,Michigan,Eaton,557,9,0,42.59599185,-84.83740035,26045.0,505.13294881561285,1.615798922800718,548,554,9,0,545,551,109826,3,0,0,3,3
2020-09-10,US,Michigan,Emmet,133,4,0,45.52625509,-84.89083249,26047.0,398.024839144097,3.0075187969924815,129,132,4,0,128,132,33308,1,0,0,1,0
2020-09-10,US,Michigan,Federal Correctional Institution (FCI),196,5,0,0.0,0.0,0.0,0.0,2.5510204081632653,191,196,5,0,191,196,,0,0,0,0,0
2020-09-10,US,Michigan,Genesee,4073,305,0,43.02244215,-83.70589709,26049.0,1003.66424929709,7.48833783452001,3768,4078,317,0,3761,4055,406892,-5,-12,0,7,23
2020-09-10,US,Michigan,Gladwin,83,2,0,43.98901072,-84.38774817,26051.0,326.1424810405124,2.409638554216868,81,83,2,0,81,82,25337,0,0,0,0,1
2020-09-10,US,Michigan,Gogebic,148,1,0,46.40862701,-89.69377193,26053.0,1059.0339892665477,0.6756756756756757,147,147,1,0,146,147,15096,1,0,0,1,0
2020-09-10,US,Michigan,Grand Traverse,413,7,0,44.69565625,-85.55585247,26055.0,443.6662083190099,1.6949152542372878,406,402,8,0,394,396,92573,11,-1,0,12,6
2020-09-10,US,Michigan,Gratiot,211,15,0,43.29265605,-84.60505416,26057.0,518.2874407408317,7.109004739336492,196,209,15,0,194,203,40599,2,0,0,2,6
2020-09-10,US,Michigan,Hillsdale,309,27,0,41.88753639,-84.59312019,26059.0,677.5572853853744,8.737864077669903,282,308,28,0,280,306,45749,1,-1,0,2,2
2020-09-10,US,Michigan,Houghton,183,1,0,46.89988536,-88.68495385,26061.0,512.8348839816164,0.5464480874316939,182,176,1,0,175,165,36219,7,0,0,7,11
2020-09-10,US,Michigan,Huron,207,5,0,43.83353985,-83.04078453,26063.0,668.1514476614699,2.415458937198068,202,209,5,0,204,208,31166,-2,0,0,-2,1
2020-09-10,US,Michigan,Ingham,2296,42,0,42.59716886,-84.37472069,26065.0,785.2096058220419,1.8292682926829267,2254,2170,41,0,2129,2066,292735,126,1,0,125,104
2020-09-10,US,Michigan,Ionia,334,7,0,42.94502238,-85.07413319,26067.0,516.2526855959318,2.0958083832335332,327,333,7,0,326,324,64210,1,0,0,1,9
2020-09-10,US,Michigan,Iosco,159,12,0,44.35486835,-83.63484895,26069.0,632.7854499144347,7.547169811320754,147,158,12,0,146,157,25081,1,0,0,1,1
2020-09-10,US,Michigan,Iron,43,1,0,46.20974132,-88.53136251,26071.0,388.5776251581421,2.3255813953488373,42,38,1,0,37,38,11117,5,0,0,5,0
2020-09-10,US,Michigan,Isabella,591,10,0,43.64060976,-84.84664923,26073.0,845.8323792076941,1.6920473773265652,581,579,10,0,569,568,70562,12,0,0,12,11
2020-09-10,US,Michigan,Jackson,909,41,0,42.24807035,-84.42258681,26075.0,573.4653965049524,4.510451045104509,868,888,41,0,847,882,158823,21,0,0,21,6
2020-09-10,US,Michigan,Kalamazoo,2190,91,0,42.24542231,-85.53038622,26077.0,826.2093214520157,4.155251141552512,2099,2141,90,0,2051,2095,264870,49,1,0,48,46
2020-09-10,US,Michigan,Kalkaska,73,4,0,44.68512729,-85.09085699,26079.0,404.70118638429983,5.479452054794519,69,72,4,0,68,70,17824,1,0,0,1,2
2020-09-10,US,Michigan,Kent,8894,171,0,43.03197711,-85.54934642,26081.0,1353.8217990577741,1.9226444794243311,8723,8832,171,0,8661,8771,653786,62,0,0,62,61
2020-09-10,US,Michigan,Keweenaw,6,0,0,47.63197653,-88.41434263,26083.0,283.55387523629486,0.0,6,4,0,0,4,4,2113,2,0,0,2,0
2020-09-10,US,Michigan,Lake,31,0,0,43.99050893,-85.802173,26085.0,261.53716358727746,0.0,31,30,0,0,30,30,11881,1,0,0,1,0
2020-09-10,US,Michigan,Lapeer,564,37,0,43.09052506,-83.22153148,26087.0,643.7841724976315,6.560283687943263,527,565,37,0,528,562,88028,-1,0,0,-1,3
2020-09-10,US,Michigan,Leelanau,99,1,0,44.94430054,-85.80150326,26089.0,454.9423280180138,1.0101010101010102,98,98,1,0,97,96,21764,1,0,0,1,2
2020-09-10,US,Michigan,Lenawee,711,13,0,41.89475156,-84.06603727,26091.0,722.1866715421886,1.8284106891701828,698,701,13,0,688,696,98266,10,0,0,10,5
2020-09-10,US,Michigan,Livingston,1219,29,0,42.60302282,-83.91297209,26093.0,634.9123675095706,2.3789991796554557,1190,1210,29,0,1181,1196,191224,9,0,0,9,14
2020-09-10,US,Michigan,Luce,10,0,0,46.47227431,-85.54471223,26095.0,160.53941242575053,0.0,10,9,0,0,9,9,6283,1,0,0,1,0
2020-09-10,US,Michigan,Mackinac,47,0,0,46.07028979,-85.04980537,26097.0,435.2254838410963,0.0,47,47,0,0,47,44,10787,0,0,0,0,3
2020-09-10,US,Michigan,Macomb,13511,999,0,42.69158356,-82.92752801,26099.0,1545.930533243628,7.3939752794019675,12512,13433,993,0,12440,13348,874759,78,6,0,72,85
2020-09-10,US,Michigan,Manistee,66,2,0,44.33352407,-86.05626916,26101.0,268.7515269973125,3.0303030303030303,64,66,2,0,64,63,24528,0,0,0,0,3
2020-09-10,US,Michigan,Marquette,277,11,0,46.4338914,-87.64043701,26103.0,415.29858018860847,3.9711191335740073,266,276,12,0,264,268,66516,1,-1,0,2,8
2020-09-10,US,Michigan,Mason,128,0,0,43.99509218,-86.24988902,26105.0,439.1984628053802,0.0,128,127,0,0,127,127,29100,1,0,0,1,0
2020-09-10,US,Michigan,Mecosta,120,2,0,43.64064262,-85.32463223,26107.0,276.1604492209974,1.6666666666666667,118,119,2,0,117,115,43545,1,0,0,1,4
2020-09-10,US,Michigan,Menominee,264,0,0,45.58038692,-87.55370409,26109.0,1158.9113257243196,0.0,264,263,0,0,263,261,22983,1,0,0,1,2
2020-09-10,US,Michigan,Michigan Department of Corrections (MDOC),5472,70,0,0.0,0.0,0.0,0.0,1.2792397660818713,5402,5468,70,0,5398,5468,,4,0,0,4,0
2020-09-10,US,Michigan,Midland,498,12,0,43.64330771,-84.38804374,26111.0,598.8744047332724,2.409638554216868,486,494,11,0,483,484,83209,4,1,0,3,10
2020-09-10,US,Michigan,Missaukee,53,1,0,44.33772443,-85.09256478,26113.0,350.5754729461568,1.8867924528301887,52,53,1,0,52,53,15113,0,0,0,0,0
2020-09-10,US,Michigan,Monroe,1418,29,0,41.92734151,-83.53749864,26115.0,942.1926910299004,2.0451339915373765,1389,1405,29,0,1376,1400,150439,13,0,0,13,5
2020-09-10,US,Michigan,Montcalm,253,4,0,43.31082541,-85.15252824,26117.0,396.0055096418734,1.5810276679841897,249,250,4,0,246,249,63968,3,0,0,3,1
2020-09-10,US,Michigan,Montmorency,13,0,0,45.0275929,-84.12696227,26119.0,139.36535162950258,0.0,13,13,0,0,13,13,9265,0,0,0,0,0
2020-09-10,US,Michigan,Muskegon,1397,68,0,43.29123859,-86.15176712,26121.0,804.8811403154996,4.867573371510379,1329,1387,68,0,1319,1383,173588,10,0,0,10,4
2020-09-10,US,Michigan,Newaygo,307,1,0,43.554373999999996,-85.80070107,26123.0,626.7864434463046,0.3257328990228013,306,305,1,0,304,304,48892,2,0,0,2,1
2020-09-10,US,Michigan,Oakland,18972,1181,0,42.66090111,-83.38595416,26125.0,1508.6069797325665,6.224963103520977,17791,18888,1179,0,17709,18746,1259201,84,2,0,82,142
2020-09-10,US,Michigan,Oceana,501,6,0,43.64124435,-86.26726673,26127.0,1892.9232629311973,1.1976047904191616,495,501,6,0,495,501,26625,0,0,0,0,0
2020-09-10,US,Michigan,Ogemaw,60,5,0,44.33481032,-84.12725175,26129.0,285.7551078725532,8.333333333333334,55,59,5,0,54,59,20952,1,0,0,1,0
2020-09-10,US,Michigan,Ontonagon,36,0,0,46.665226200000006,-89.31390481,26131.0,629.3706293706292,0.0,36,36,0,0,36,36,5795,0,0,0,0,0
2020-09-10,US,Michigan,Osceola,81,0,0,43.98992088,-85.32566756,26133.0,345.26854219948854,0.0,81,81,0,0,81,81,23341,0,0,0,0,0
2020-09-10,US,Michigan,Oscoda,30,1,0,44.68192279,-84.12939244,26135.0,364.0334910811795,3.333333333333333,29,29,1,0,28,29,8276,1,0,0,1,0
2020-09-10,US,Michigan,Otsego,157,11,0,45.02085831,-84.59898295,26137.0,636.4520836711529,7.0063694267515935,146,158,11,0,147,156,24665,-1,0,0,-1,2
2020-09-10,US,Michigan,Ottawa,2727,64,0,42.95996803,-85.9969107,26139.0,934.4481376143648,2.3469013568023467,2663,2664,64,0,2600,2602,290494,63,0,0,63,62
2020-09-10,US,Michigan,Out of MI,185,3,0,0.0,0.0,80026.0,0.0,1.6216216216216215,182,173,0,0,173,173,,12,3,0,9,0
2020-09-10,US,Michigan,Presque Isle,23,1,0,45.34018577,-83.91498656,26141.0,182.6556543837357,4.3478260869565215,22,23,1,0,22,22,12738,0,0,0,0,1
2020-09-10,US,Michigan,Roscommon,82,4,0,44.33473082,-84.61067651,26143.0,341.3963945210042,4.878048780487805,78,82,4,0,78,82,23884,0,0,0,0,0
2020-09-10,US,Michigan,Saginaw,2721,133,0,43.33433923,-84.05131209999998,26145.0,1428.0540991608018,4.8879088570378535,2588,2692,133,0,2559,2679,190800,29,0,0,29,13
2020-09-10,US,Michigan,Sanilac,131,7,0,43.42406072,-82.82055898,26151.0,318.19285887782365,5.343511450381679,124,130,7,0,123,129,41182,1,0,0,1,1
2020-09-10,US,Michigan,Schoolcraft,17,0,0,46.19235734,-86.19972234,26153.0,210.0321225599209,0.0,17,17,0,0,17,16,8068,0,0,0,0,1
2020-09-10,US,Michigan,Shiawassee,473,30,0,42.95392800000001,-84.14585902,26155.0,694.3425031561023,6.342494714587738,443,472,30,0,442,473,68192,1,0,0,1,-1
2020-09-10,US,Michigan,St. Clair,953,53,0,42.92655373,-82.67937954,26147.0,598.8889447488814,5.5613850996852054,900,947,53,0,894,949,159337,6,0,0,6,-2
2020-09-10,US,Michigan,St. Joseph,703,11,0,41.91441767,-85.52797979,26149.0,1153.1395577717994,1.5647226173541964,692,702,11,0,691,703,61043,1,0,0,1,-1
2020-09-10,US,Michigan,Tuscola,473,29,0,43.46606813,-83.41897025,26157.0,905.3497942386833,6.13107822410148,444,469,29,0,440,469,52516,4,0,0,4,0
2020-09-10,US,Michigan,Unassigned,16,0,0,0.0,0.0,90026.0,0.0,0.0,16,6,0,0,6,15,,10,0,0,10,-9
2020-09-10,US,Michigan,Van Buren,688,16,0,42.25190229,-86.01939087,26159.0,909.1269474212774,2.3255813953488373,672,681,16,0,665,681,75448,7,0,0,7,0
2020-09-10,US,Michigan,Washtenaw,3096,114,0,42.253105,-83.83853204,26161.0,842.2175130100297,3.682170542635659,2982,3072,114,0,2958,3053,370963,24,0,0,24,19
2020-09-10,US,Michigan,Wayne,32852,2939,0,42.28098405,-83.281255,26163.0,1877.9621835168973,8.946182880798734,29913,32621,2929,0,29692,32376,1753893,231,10,0,221,245
2020-09-10,US,Michigan,Wexford,114,4,0,44.33853602,-85.57712739,26165.0,338.9729713657042,3.5087719298245608,110,114,4,0,110,114,33466,0,0,0,0,0
2020-09-10,US,Minnesota,Aitkin,63,1,0,46.60962049,-93.41168259999999,27001.0,396.5756011582525,1.5873015873015872,62,64,1,0,63,64,15902,-1,0,0,-1,0
2020-09-10,US,Minnesota,Anoka,5167,125,0,45.27476015,-93.24604565,27003.0,1447.6592859484315,2.4191987613702337,5042,5118,125,0,4993,5104,353813,49,0,0,49,14
2020-09-10,US,Minnesota,Becker,214,2,0,46.93479392,-95.67158144,27005.0,621.6773668767975,0.9345794392523364,212,214,2,0,212,211,34371,0,0,0,0,3
2020-09-10,US,Minnesota,Beltrami,339,3,0,47.97373527,-94.93732139,27007.0,718.4029838094431,0.8849557522123894,336,338,3,0,335,337,46847,1,0,0,1,1
2020-09-10,US,Minnesota,Benton,437,3,0,45.69804958,-93.99514135,27009.0,1068.7470957959354,0.6864988558352403,434,438,3,0,435,437,40545,-1,0,0,-1,1
2020-09-10,US,Minnesota,Big Stone,43,0,0,45.42712824,-96.41403739,27011.0,861.5507914245642,0.0,43,43,0,0,43,42,4989,0,0,0,0,1
2020-09-10,US,Minnesota,Blue Earth,1468,5,0,44.03554215,-94.06699781,27013.0,2169.896383013318,0.3405994550408719,1463,1454,5,0,1449,1446,67427,14,0,0,14,8
2020-09-10,US,Minnesota,Brown,139,2,0,44.24205652,-94.72562874,27015.0,555.8221369161869,1.4388489208633093,137,139,2,0,137,140,25111,0,0,0,0,-1
2020-09-10,US,Minnesota,Carlton,209,1,0,46.59180601,-92.67601019,27017.0,582.6433609322294,0.4784688995215311,208,210,1,0,209,210,35837,-1,0,0,-1,0
2020-09-10,US,Minnesota,Carver,1221,7,0,44.82017001,-93.80099179999999,27019.0,1161.872317749717,0.5733005733005733,1214,1204,6,0,1198,1201,103551,17,1,0,16,3
2020-09-10,US,Minnesota,Cass,110,3,0,46.95043611,-94.32603968,27021.0,369.38782363410456,2.727272727272727,107,112,3,0,109,112,29519,-2,0,0,-2,0
2020-09-10,US,Minnesota,Chippewa,165,1,0,45.02343421,-95.56403693,27023.0,1398.3050847457625,0.6060606060606061,164,163,1,0,162,161,11924,2,0,0,2,2
2020-09-10,US,Minnesota,Chisago,376,1,0,45.5021011,-92.90861945,27025.0,664.5575213418406,0.26595744680851063,375,373,1,0,372,369,55922,3,0,0,3,4
2020-09-10,US,Minnesota,Clay,1045,40,0,46.89289518,-96.48761922,27027.0,1627.1682600977856,3.827751196172249,1005,1027,40,0,987,1020,63955,18,0,0,18,7
2020-09-10,US,Minnesota,Clearwater,21,0,0,47.57992111,-95.37790562,27029.0,238.14924019051938,0.0,21,21,0,0,21,22,8810,0,0,0,0,-1
2020-09-10,US,Minnesota,Cook,6,0,0,47.90504893,-90.52629546,27031.0,109.82976386600771,0.0,6,6,0,0,6,6,5393,0,0,0,0,0
2020-09-10,US,Minnesota,Cottonwood,208,0,0,44.00715262,-95.18138802,27033.0,1857.8063594140765,0.0,208,208,0,0,208,206,11277,0,0,0,0,2
2020-09-10,US,Minnesota,Crow Wing,362,18,0,46.48096553,-94.06755609,27035.0,556.4522327261548,4.972375690607736,344,361,16,0,345,354,64889,1,2,0,-1,7
2020-09-10,US,Minnesota,Dakota,6629,120,0,44.67172617,-93.06299363,27037.0,1545.1458087133265,1.8102277869965304,6509,6568,117,0,6451,6542,425423,61,3,0,58,26
2020-09-10,US,Minnesota,Dodge,170,0,0,44.02238415,-92.86244324,27039.0,812.0760485334862,0.0,170,165,0,0,165,163,20822,5,0,0,5,2
2020-09-10,US,Minnesota,Douglas,193,1,0,45.93348491,-95.45335469,27041.0,506.0171469022836,0.5181347150259067,192,191,1,0,190,189,37964,2,0,0,2,2
2020-09-10,US,Minnesota,Faribault,120,0,0,43.67381499,-93.94787458,27043.0,878.9277081960008,0.0,120,119,0,0,119,119,13758,1,0,0,1,0
2020-09-10,US,Minnesota,Fillmore,89,0,0,43.67394126,-92.08980382,27045.0,422.46166991028616,0.0,89,89,0,0,89,89,21058,0,0,0,0,0
2020-09-10,US,Minnesota,Freeborn,441,1,0,43.67385583,-93.34884422,27047.0,1456.3587728278458,0.2267573696145125,440,426,1,0,425,425,30444,15,0,0,15,1
2020-09-10,US,Minnesota,Goodhue,284,9,0,44.40849741,-92.72341949999999,27049.0,612.8614587829088,3.1690140845070425,275,278,9,0,269,275,46403,6,0,0,6,3
2020-09-10,US,Minnesota,Grant,56,4,0,45.93424769,-96.01139609,27051.0,937.7093101138647,7.142857142857142,52,56,4,0,52,56,6021,0,0,0,0,0
2020-09-10,US,Minnesota,Hennepin,24389,896,0,45.00761521,-93.47694895,27053.0,1926.700230597317,3.6737873631555216,23493,24433,895,0,23538,24385,1259428,-44,1,0,-45,48
2020-09-10,US,Minnesota,Houston,91,0,0,43.67129565,-91.49143057,27055.0,489.247311827957,0.0,91,89,0,0,89,88,18578,2,0,0,2,1
2020-09-10,US,Minnesota,Hubbard,52,0,0,47.10778564,-94.91693868,27057.0,241.9617514308315,0.0,52,51,0,0,51,51,21332,1,0,0,1,0
2020-09-10,US,Minnesota,Isanti,207,0,0,45.56181234,-93.29487636,27059.0,509.90245344368896,0.0,207,205,0,0,205,204,39966,2,0,0,2,1
2020-09-10,US,Minnesota,Itasca,225,13,0,47.51009045,-93.63092229,27061.0,498.55971637491683,5.777777777777778,212,222,13,0,209,222,45108,3,0,0,3,0
2020-09-10,US,Minnesota,Jackson,100,1,0,43.67423373,-95.15398258,27063.0,1015.6408693885844,1.0,99,99,1,0,98,99,9911,1,0,0,1,0
2020-09-10,US,Minnesota,Kanabec,76,7,0,45.9459309,-93.29275192,27065.0,465.2016894166616,9.210526315789474,69,74,6,0,68,74,16207,2,1,0,1,0
2020-09-10,US,Minnesota,Kandiyohi,868,1,0,45.1526059,-95.00586446,27067.0,2009.3057709669208,0.1152073732718894,867,868,1,0,867,865,42855,0,0,0,0,3
2020-09-10,US,Minnesota,Kittson,12,0,0,48.77754106,-96.78317184,27069.0,279.1996277338297,0.0,12,11,0,0,11,10,4248,1,0,0,1,1
2020-09-10,US,Minnesota,Koochiching,95,3,0,48.24539665,-93.78352843,27071.0,776.8419331098212,3.1578947368421053,92,95,3,0,92,93,12440,0,0,0,0,2
2020-09-10,US,Minnesota,Lac qui Parle,26,0,0,44.9973857,-96.17488219,27073.0,392.5713422920128,0.0,26,25,0,0,25,24,6658,1,0,0,1,1
2020-09-10,US,Minnesota,Lake,44,0,0,47.64270764,-91.44557998,27075.0,413.4949722770417,0.0,44,44,0,0,44,44,10658,0,0,0,0,0
2020-09-10,US,Minnesota,Lake of the Woods,16,1,0,48.77217001,-94.90274472,27077.0,427.80748663101616,6.25,15,16,1,0,15,16,3758,0,0,0,0,0
2020-09-10,US,Minnesota,Le Sueur,417,3,0,44.37136597,-93.72844721,27079.0,1443.5559248104685,0.7194244604316546,414,413,3,0,410,410,28494,4,0,0,4,3
2020-09-10,US,Minnesota,Lincoln,76,0,0,44.41311883,-96.26688165,27081.0,1347.7566944493706,0.0,76,75,0,0,75,73,5673,1,0,0,1,2
2020-09-10,US,Minnesota,Lyon,589,3,0,44.41327865,-95.83806103,27083.0,2312.161419486535,0.5093378607809848,586,588,3,0,585,580,25629,1,0,0,1,8
2020-09-10,US,Minnesota,Mahnomen,39,1,0,47.32557075,-95.80921485,27087.0,705.6269223810385,2.5641025641025643,38,37,1,0,36,38,5519,2,0,0,2,-1
2020-09-10,US,Minnesota,Marshall,46,1,0,48.35825983,-96.37017407,27089.0,492.71636675235646,2.1739130434782608,45,44,1,0,43,44,9390,2,0,0,2,0
2020-09-10,US,Minnesota,Martin,253,9,0,43.67429718,-94.55099908,27091.0,1285.3731646598587,3.5573122529644268,244,252,9,0,243,250,19785,1,0,0,1,2
2020-09-10,US,Minnesota,McLeod,401,1,0,44.82367677,-94.27287017,27085.0,1117.2094837433483,0.2493765586034913,400,396,1,0,395,393,35873,5,0,0,5,3
2020-09-10,US,Minnesota,Meeker,134,2,0,45.12328869,-94.52839455,27093.0,577.0390147274138,1.492537313432836,132,131,2,0,129,129,23141,3,0,0,3,2
2020-09-10,US,Minnesota,Mille Lacs,122,3,0,45.93705297,-93.63236823,27095.0,464.2843551394756,2.459016393442623,119,122,3,0,119,121,26139,0,0,0,0,1
2020-09-10,US,Minnesota,Morrison,152,1,0,46.01265363,-94.27341528,27097.0,455.2806565626311,0.6578947368421053,151,151,1,0,150,149,33169,1,0,0,1,2
2020-09-10,US,Minnesota,Mower,1219,3,0,43.67142874,-92.75234549,27099.0,3042.783685287804,0.2461033634126333,1216,1215,3,0,1212,1214,40011,4,0,0,4,1
2020-09-10,US,Minnesota,Murray,149,2,0,44.02216709,-95.76328482,27101.0,1818.4037100317307,1.342281879194631,147,149,2,0,147,148,8276,0,0,0,0,1
2020-09-10,US,Minnesota,Nicollet,469,16,0,44.35291112,-94.24710352,27103.0,1368.3841979342942,3.411513859275053,453,461,15,0,446,459,34220,8,1,0,7,2
2020-09-10,US,Minnesota,Nobles,1899,13,0,43.67434621,-95.75329576,27105.0,8779.878866336863,0.6845708267509215,1886,1893,13,0,1880,1893,21924,6,0,0,6,0
2020-09-10,US,Minnesota,Norman,48,0,0,47.32628443,-96.45620947,27107.0,752.9411764705882,0.0,48,48,0,0,48,48,6475,0,0,0,0,0
2020-09-10,US,Minnesota,Olmsted,2147,26,0,44.00374114,-92.40209944,27109.0,1356.3455111723194,1.2109920819748483,2121,2134,25,0,2109,2124,156277,13,1,0,12,10
2020-09-10,US,Minnesota,Otter Tail,322,4,0,46.40846929,-95.70835255,27111.0,548.12242535662,1.2422360248447204,318,324,4,0,320,324,58812,-2,0,0,-2,0
2020-09-10,US,Minnesota,Pennington,102,1,0,48.06642577,-96.0370814,27113.0,722.430767051491,0.9803921568627452,101,102,1,0,101,102,14178,0,0,0,0,0
2020-09-10,US,Minnesota,Pine,173,0,0,46.12105238,-92.74070188,27115.0,584.8744041380709,0.0,173,171,0,0,171,170,29483,2,0,0,2,1
2020-09-10,US,Minnesota,Pipestone,198,9,0,44.02301619,-96.25841142,27117.0,2169.6252465483235,4.545454545454546,189,198,9,0,189,198,9047,0,0,0,0,0
2020-09-10,US,Minnesota,Polk,227,4,0,47.77372465,-96.40134647,27119.0,723.7597245249333,1.7621145374449338,223,226,4,0,222,225,31529,1,0,0,1,1
2020-09-10,US,Minnesota,Pope,72,0,0,45.58606667,-95.44451209,27121.0,640.0568939461284,0.0,72,72,0,0,72,73,11097,0,0,0,0,-1
2020-09-10,US,Minnesota,Ramsey,9805,305,0,45.01625271,-93.09872295,27123.0,1781.6874151631507,3.11065782763896,9500,9749,303,0,9446,9727,550210,56,2,0,54,22
2020-09-10,US,Minnesota,Red Lake,35,0,0,47.87197525,-96.09561104,27125.0,863.1319358816278,0.0,35,34,0,0,34,35,3999,1,0,0,1,-1
2020-09-10,US,Minnesota,Redwood,78,0,0,44.40555844,-95.25207021,27127.0,514.1727092946605,0.0,78,78,0,0,78,78,15249,0,0,0,0,0
2020-09-10,US,Minnesota,Renville,99,6,0,44.72836381,-94.94553734,27129.0,680.5059114654936,6.0606060606060606,93,99,6,0,93,99,14612,0,0,0,0,0
2020-09-10,US,Minnesota,Rice,1241,8,0,44.3543376,-93.29658715,27131.0,1853.013199546079,0.6446414182111201,1233,1234,8,0,1226,1233,66523,7,0,0,7,1
2020-09-10,US,Minnesota,Rock,119,0,0,43.67482683,-96.25296832,27133.0,1277.5093934514225,0.0,119,117,0,0,117,116,9414,2,0,0,2,1
2020-09-10,US,Minnesota,Roseau,92,0,0,48.77501878,-95.81079919,27135.0,606.6600725354433,0.0,92,92,0,0,92,92,15150,0,0,0,0,0
2020-09-10,US,Minnesota,Scott,2217,32,0,44.6490231,-93.53340251,27139.0,1487.7896559360593,1.4433919711321606,2185,2205,32,0,2173,2203,147381,12,0,0,12,2
2020-09-10,US,Minnesota,Sherburne,985,13,0,45.44447208,-93.77617511,27141.0,1012.9784652090747,1.3197969543147208,972,981,13,0,968,978,96036,4,0,0,4,3
2020-09-10,US,Minnesota,Sibley,150,3,0,44.5796592,-94.23164924,27143.0,1009.0817356205852,2.0,147,157,3,0,154,156,15028,-7,0,0,-7,1
2020-09-10,US,Minnesota,St. Louis,1073,25,0,47.604840700000004,-92.46879855,27137.0,539.0063796654443,2.3299161230195717,1048,1061,24,0,1037,1040,199754,12,1,0,11,21
2020-09-10,US,Minnesota,Stearns,3476,23,0,45.55192576,-94.61078221,27145.0,2158.0009312432103,0.6616800920598389,3453,3474,23,0,3451,3464,159256,2,0,0,2,10
2020-09-10,US,Minnesota,Steele,488,2,0,44.02240351,-93.22627088,27147.0,1331.5506562252722,0.4098360655737705,486,476,2,0,474,473,36803,12,0,0,12,3
2020-09-10,US,Minnesota,Stevens,78,1,0,45.58613007,-96.00163705,27149.0,795.5124936257013,1.2820512820512822,77,78,1,0,77,78,9753,0,0,0,0,0
2020-09-10,US,Minnesota,Swift,74,1,0,45.2829032,-95.68264092,27151.0,798.6186056550831,1.351351351351351,73,74,1,0,73,73,9345,0,0,0,0,1
2020-09-10,US,Minnesota,Todd,461,2,0,46.06996226,-94.89785296,27153.0,1869.1209860525464,0.4338394793926248,459,460,2,0,458,460,24582,1,0,0,1,0
2020-09-10,US,Minnesota,Traverse,27,0,0,45.77298854,-96.47062949,27155.0,828.4749923289353,0.0,27,25,0,0,25,24,3308,2,0,0,2,1
2020-09-10,US,Minnesota,Unassigned,192,52,0,0.0,0.0,90027.0,0.0,27.08333333333333,140,183,52,0,131,198,,9,0,0,9,-15
2020-09-10,US,Minnesota,Wabasha,140,0,0,44.28424356,-92.23121312,27157.0,647.3389744301105,0.0,140,138,0,0,138,134,21645,2,0,0,2,4
2020-09-10,US,Minnesota,Wadena,57,0,0,46.58589171,-94.96968506,27159.0,416.60575939190176,0.0,57,57,0,0,57,56,13773,0,0,0,0,1
2020-09-10,US,Minnesota,Waseca,353,6,0,44.02211116,-93.58720034,27161.0,1896.6258327960456,1.69971671388102,347,346,4,0,342,335,18691,7,2,0,5,11
2020-09-10,US,Minnesota,Washington,3316,55,0,45.03864533,-92.88429635,27163.0,1263.5269013869836,1.6586248492159228,3261,3296,55,0,3241,3292,259201,20,0,0,20,4
2020-09-10,US,Minnesota,Watonwan,455,4,0,43.97823903,-94.61413846,27165.0,4175.461136092503,0.8791208791208791,451,451,4,0,447,454,10980,4,0,0,4,-3
2020-09-10,US,Minnesota,Wilkin,53,3,0,46.35721532,-96.4684375,27167.0,853.8746576445948,5.660377358490566,50,52,3,0,49,51,6254,1,0,0,1,1
2020-09-10,US,Minnesota,Winona,638,17,0,43.98772283,-91.78081305,27169.0,1263.7667379763886,2.664576802507837,621,625,17,0,608,622,50825,13,0,0,13,3
2020-09-10,US,Minnesota,Wright,1397,6,0,45.17297924,-93.96234781,27171.0,1009.560837422404,0.4294917680744452,1391,1389,6,0,1383,1381,136349,8,0,0,8,8
2020-09-10,US,Minnesota,Yellow Medicine,120,1,0,44.71710183,-95.86842453,27173.0,1235.9666289010195,0.8333333333333334,119,118,1,0,117,116,9795,2,0,0,2,2
2020-09-10,US,Mississippi,Adams,832,32,0,31.47669768,-91.35326037,28001.0,2710.715798390513,3.8461538461538463,800,830,32,0,798,828,31192,2,0,0,2,2
2020-09-10,US,Mississippi,Alcorn,696,9,0,34.88084463,-88.57996173,28003.0,1883.473601602035,1.293103448275862,687,694,9,0,685,685,36925,2,0,0,2,9
2020-09-10,US,Mississippi,Amite,286,9,0,31.17467303,-90.80501621,28005.0,2325.770513133285,3.1468531468531467,277,286,9,0,277,285,12326,0,0,0,0,1
2020-09-10,US,Mississippi,Attala,611,25,0,33.08658803,-89.57838564,28007.0,3361.945636623748,4.0916530278232415,586,605,25,0,580,598,18365,6,0,0,6,7
2020-09-10,US,Mississippi,Benton,207,1,0,34.81681228,-89.18945516,28009.0,2506.3567017798764,0.4830917874396135,206,207,1,0,206,203,8271,0,0,0,0,4
2020-09-10,US,Mississippi,Bolivar,1678,58,0,33.79696941,-90.87372121,28011.0,5478.646989682643,3.456495828367104,1620,1664,58,0,1606,1652,31333,14,0,0,14,12
2020-09-10,US,Mississippi,Calhoun,497,12,0,33.93683395,-89.33686647,28013.0,3460.7617853909887,2.414486921529175,485,493,11,0,482,490,14436,4,1,0,3,3
2020-09-10,US,Mississippi,Carroll,298,12,0,33.44834567,-89.91994479,28015.0,2995.8781542173524,4.026845637583893,286,297,12,0,285,297,9911,1,0,0,1,0
2020-09-10,US,Mississippi,Chickasaw,613,24,0,33.91983202,-88.9481545,28017.0,3584.1665204934807,3.9151712887438825,589,610,23,0,587,610,17171,3,1,0,2,0
2020-09-10,US,Mississippi,Choctaw,166,4,0,33.34598242,-89.24809382,28019.0,2021.9244823386114,2.409638554216868,162,164,4,0,160,163,8278,2,0,0,2,1
2020-09-10,US,Mississippi,Claiborne,443,16,0,31.97061673,-90.90702196,28021.0,4928.7939474855375,3.611738148984199,427,443,16,0,427,443,9002,0,0,0,0,0
2020-09-10,US,Mississippi,Clarke,496,35,0,32.04158545,-88.68896219999998,28023.0,3191.5578148124323,7.056451612903227,461,494,32,0,462,491,15604,2,3,0,-1,3
2020-09-10,US,Mississippi,Clay,517,16,0,33.65358105,-88.77784255,28025.0,2676.537585421412,3.094777562862669,501,514,16,0,498,509,19386,3,0,0,3,5
2020-09-10,US,Mississippi,Coahoma,1063,23,0,34.22772299,-90.60415045,28027.0,4804.736937262701,2.1636876763875823,1040,1055,22,0,1033,1046,22628,8,1,0,7,9
2020-09-10,US,Mississippi,Copiah,1135,32,0,31.86977774,-90.44565118,28029.0,4044.1831462675927,2.8193832599118944,1103,1133,31,0,1102,1132,28543,2,1,0,1,1
2020-09-10,US,Mississippi,Covington,744,18,0,31.63225413,-89.55389939,28031.0,3992.2730199613648,2.419354838709677,726,740,18,0,722,739,18853,4,0,0,4,1
2020-09-10,US,Mississippi,DeSoto,5020,54,0,34.87625235,-89.99091418,28033.0,2714.3204736543303,1.0756972111553784,4966,4984,51,0,4933,4953,182001,36,3,0,33,31
2020-09-10,US,Mississippi,Forrest,2248,68,0,31.18961454,-89.25832496,28035.0,3001.4553319892652,3.0249110320284696,2180,2242,68,0,2174,2234,75036,6,0,0,6,8
2020-09-10,US,Mississippi,Franklin,182,3,0,31.47786634,-90.89672989,28037.0,2359.652534681706,1.6483516483516485,179,182,3,0,179,181,7788,0,0,0,0,1
2020-09-10,US,Mississippi,George,717,13,0,30.86259065,-88.64436789,28039.0,2926.5306122448987,1.8131101813110184,704,716,13,0,703,714,24250,1,0,0,1,2
2020-09-10,US,Mississippi,Greene,318,16,0,31.21444233,-88.63922281,28041.0,2340.64478139261,5.031446540880503,302,316,14,0,302,316,13586,2,2,0,0,0
2020-09-10,US,Mississippi,Grenada,988,32,0,33.77036166,-89.80245083,28043.0,4759.610752480971,3.238866396761133,956,986,32,0,954,980,21055,2,0,0,2,6
2020-09-10,US,Mississippi,Hancock,529,20,0,30.41830223,-89.48851033,28045.0,1110.5979173664764,3.7807183364839316,509,526,20,0,506,520,47334,3,0,0,3,6
2020-09-10,US,Mississippi,Harrison,3563,66,0,30.51359752,-89.12467576,28047.0,1712.3221837754709,1.8523715969688463,3497,3547,66,0,3481,3527,206650,16,0,0,16,20
2020-09-10,US,Mississippi,Hinds,6735,148,0,32.2656285,-90.44435448,28049.0,2905.0207039337474,2.1974758723088343,6587,6706,148,0,6558,6694,237085,29,0,0,29,12
2020-09-10,US,Mississippi,Holmes,1070,56,0,33.12345854,-90.08923538,28051.0,6290.417401528513,5.233644859813084,1014,1070,55,0,1015,1065,17622,0,1,0,-1,5
2020-09-10,US,Mississippi,Humphreys,352,15,0,33.12825718,-90.52252707,28053.0,4365.079365079365,4.261363636363637,337,351,15,0,336,349,8257,1,0,0,1,2
2020-09-10,US,Mississippi,Issaquena,98,3,0,32.72531359,-90.97392828,28055.0,7385.079125847778,3.0612244897959178,95,98,3,0,95,98,1308,0,0,0,0,0
2020-09-10,US,Mississippi,Itawamba,662,18,0,34.27993475,-88.3606733,28057.0,2830.2693458743047,2.7190332326283992,644,652,17,0,635,648,23517,10,1,0,9,4
2020-09-10,US,Mississippi,Jackson,3244,65,0,30.54020656,-88.64184064,28059.0,2258.785519820077,2.003699136868064,3179,3218,64,0,3154,3198,143277,26,1,0,25,20
2020-09-10,US,Mississippi,Jasper,511,13,0,32.01922104,-89.11786866,28061.0,3119.086858328756,2.5440313111545994,498,507,13,0,494,507,16428,4,0,0,4,0
2020-09-10,US,Mississippi,Jefferson,230,9,0,31.73397872,-91.03764977,28063.0,3290.414878397711,3.9130434782608696,221,227,9,0,218,227,7106,3,0,0,3,0
2020-09-10,US,Mississippi,Jefferson Davis,311,10,0,31.56884708,-89.82670990000004,28065.0,2794.751976994968,3.2154340836012865,301,311,10,0,301,309,11234,0,0,0,0,2
2020-09-10,US,Mississippi,Jones,2253,76,0,31.62257767,-89.16896899999998,28067.0,3308.467209022292,3.3732800710164224,2177,2246,76,0,2170,2239,68461,7,0,0,7,7
2020-09-10,US,Mississippi,Kemper,278,14,0,32.75462946,-88.64105766,28069.0,2853.6234859371793,5.035971223021583,264,278,14,0,264,278,10027,0,0,0,0,0
2020-09-10,US,Mississippi,Lafayette,1847,39,0,34.35687874,-89.48490961,28071.0,3419.167330013514,2.1115322144017323,1808,1813,39,0,1774,1791,54793,34,0,0,34,22
2020-09-10,US,Mississippi,Lamar,1527,33,0,31.20572971,-89.5077704,28073.0,2410.6846849691365,2.161100196463654,1494,1523,33,0,1490,1519,62447,4,0,0,4,4
2020-09-10,US,Mississippi,Lauderdale,1894,117,0,32.40419769,-88.66229662,28075.0,2555.143338954469,6.17740232312566,1777,1889,115,0,1774,1873,75317,5,2,0,3,16
2020-09-10,US,Mississippi,Lawrence,417,11,0,31.55147224,-90.10841127,28077.0,3313.205148577785,2.6378896882494005,406,414,11,0,403,414,12455,3,0,0,3,0
2020-09-10,US,Mississippi,Leake,913,33,0,32.7536828,-89.52402044,28079.0,4006.8463091371887,3.614457831325301,880,911,33,0,878,910,22763,2,0,0,2,1
2020-09-10,US,Mississippi,Lee,2415,64,0,34.291877500000005,-88.68149954,28081.0,2826.677278898825,2.6501035196687366,2351,2382,63,0,2319,2362,85202,33,1,0,32,20
2020-09-10,US,Mississippi,Leflore,1292,76,0,33.55545125,-90.29900733,28083.0,4584.323883191995,5.882352941176472,1216,1275,76,0,1199,1272,28919,17,0,0,17,3
2020-09-10,US,Mississippi,Lincoln,1014,52,0,31.53288662,-90.45391915,28085.0,2968.992475038796,5.128205128205129,962,1009,52,0,957,1007,34205,5,0,0,5,2
2020-09-10,US,Mississippi,Lowndes,1334,56,0,33.47386518,-88.44191529999998,28087.0,2276.6447649116817,4.197901049475262,1278,1326,56,0,1270,1322,58930,8,0,0,8,4
2020-09-10,US,Mississippi,Madison,3095,84,0,32.63389156,-90.03513564,28089.0,2912.338151159289,2.7140549273021,3011,3076,83,0,2993,3062,105630,19,1,0,18,14
2020-09-10,US,Mississippi,Marion,809,28,0,31.23132643,-89.8209217,28091.0,3292.231310788264,3.4610630407911,781,806,28,0,778,806,24715,3,0,0,3,0
2020-09-10,US,Mississippi,Marshall,1034,14,0,34.76216286,-89.50299462,28093.0,2929.676432254774,1.3539651837524178,1020,1028,14,0,1014,1009,35451,6,0,0,6,19
2020-09-10,US,Mississippi,Monroe,1124,64,0,33.89236763,-88.4808438,28095.0,3188.47157608079,5.6939501779359425,1060,1114,61,0,1053,1110,35564,10,3,0,7,4
2020-09-10,US,Mississippi,Montgomery,429,19,0,33.49419589,-89.61729103,28097.0,4388.7468030690525,4.428904428904429,410,426,19,0,407,423,10023,3,0,0,3,3
2020-09-10,US,Mississippi,Neshoba,1480,102,0,32.75339664,-89.11726492,28099.0,5082.766673535271,6.891891891891893,1378,1472,102,0,1370,1468,29125,8,0,0,8,4
2020-09-10,US,Mississippi,Newton,710,20,0,32.40021118,-89.11843336,28101.0,3378.056903606433,2.8169014084507036,690,701,20,0,681,697,21443,9,0,0,9,4
2020-09-10,US,Mississippi,Noxubee,534,14,0,33.11009499,-88.56949061,28103.0,5126.235960449266,2.621722846441948,520,533,14,0,519,533,10535,1,0,0,1,0
2020-09-10,US,Mississippi,Oktibbeha,1628,46,0,33.42491685,-88.87905132,28105.0,3283.1185592998163,2.8255528255528257,1582,1607,46,0,1561,1593,49599,21,0,0,21,14
2020-09-10,US,Mississippi,Panola,1344,26,0,34.36398677,-89.95064249,28107.0,3930.744033692092,1.934523809523809,1318,1339,25,0,1314,1336,34178,5,1,0,4,3
2020-09-10,US,Mississippi,Pearl River,801,49,0,30.77090935,-89.58677275,28109.0,1442.3336634554785,6.117353308364544,752,799,49,0,750,794,55387,2,0,0,2,5
2020-09-10,US,Mississippi,Perry,365,12,0,31.17161885,-88.99281835,28111.0,3048.5258498287812,3.287671232876712,353,366,12,0,354,360,11931,-1,0,0,-1,6
2020-09-10,US,Mississippi,Pike,1181,46,0,31.17507789,-90.40392572,28113.0,3006.0069232335572,3.895004233700254,1135,1180,46,0,1134,1177,39563,1,0,0,1,3
2020-09-10,US,Mississippi,Pontotoc,1142,15,0,34.226046000000004,-89.03636807,28115.0,3549.4498663517124,1.3134851138353765,1127,1135,13,0,1122,1131,31833,7,2,0,5,4
2020-09-10,US,Mississippi,Prentiss,713,15,0,34.61810501,-88.51986294,28117.0,2837.698002069569,2.1037868162692845,698,703,15,0,688,688,25315,10,0,0,10,15
2020-09-10,US,Mississippi,Quitman,352,5,0,34.25157572,-90.28908,28119.0,5182.5677267373385,1.4204545454545454,347,352,5,0,347,351,7051,0,0,0,0,1
2020-09-10,US,Mississippi,Rankin,3035,71,0,32.26469147,-89.94537876,28121.0,1954.6470364717165,2.339373970345964,2964,3025,70,0,2955,3018,153902,10,1,0,9,7
2020-09-10,US,Mississippi,Scott,1130,23,0,32.406704100000006,-89.53789439,28123.0,4017.9206371782107,2.035398230088496,1107,1126,23,0,1103,1125,28287,4,0,0,4,1
2020-09-10,US,Mississippi,Sharkey,256,11,0,32.88149103,-90.81595379999999,28125.0,5924.554501272854,4.296875,245,256,10,0,246,256,4377,0,1,0,-1,0
2020-09-10,US,Mississippi,Simpson,979,40,0,31.91282117,-89.91716179,28127.0,3672.4435441518494,4.085801838610827,939,975,40,0,935,964,26758,4,0,0,4,11
2020-09-10,US,Mississippi,Smith,496,13,0,32.01744532,-89.50644846,28129.0,3116.36089469716,2.620967741935484,483,492,13,0,479,492,16002,4,0,0,4,0
2020-09-10,US,Mississippi,Stone,339,11,0,30.79187949,-89.11547539,28131.0,1848.8219895287962,3.2448377581120944,328,339,10,0,329,339,18717,0,1,0,-1,0
2020-09-10,US,Mississippi,Sunflower,1326,42,0,33.60192578,-90.58882684,28133.0,5280.764635603346,3.1674208144796383,1284,1317,42,0,1275,1313,25735,9,0,0,9,4
2020-09-10,US,Mississippi,Tallahatchie,697,14,0,33.95339918,-90.1729398,28135.0,5047.432833659208,2.008608321377332,683,680,13,0,667,676,13987,17,1,0,16,4
2020-09-10,US,Mississippi,Tate,902,35,0,34.65133709,-89.94485778,28137.0,3184.915786871933,3.8802660753880263,867,893,35,0,858,885,28759,9,0,0,9,8
2020-09-10,US,Mississippi,Tippah,586,16,0,34.76872156,-88.90988194,28139.0,2661.821485350897,2.7303754266211606,570,578,16,0,562,572,21995,8,0,0,8,6
2020-09-10,US,Mississippi,Tishomingo,607,33,0,34.74023475,-88.23917219,28141.0,3131.610173863695,5.436573311367381,574,600,31,0,569,594,19454,7,2,0,5,6
2020-09-10,US,Mississippi,Tunica,461,13,0,34.64967704,-90.37481167,28143.0,4786.129568106312,2.8199566160520613,448,459,13,0,446,459,9944,2,0,0,2,0
2020-09-10,US,Mississippi,Union,938,23,0,34.49162015,-89.00776006,28145.0,3255.249002255769,2.4520255863539444,915,927,23,0,904,914,28606,11,0,0,11,13
2020-09-10,US,Mississippi,Walthall,579,24,0,31.14971548,-90.10446654,28147.0,4052.9189416211684,4.1450777202072535,555,579,24,0,555,578,14465,0,0,0,0,1
2020-09-10,US,Mississippi,Warren,1347,46,0,32.35810271,-90.83352619,28149.0,2968.202551728697,3.4149962880475133,1301,1342,46,0,1296,1341,46176,5,0,0,5,1
2020-09-10,US,Mississippi,Washington,2090,70,0,33.28392041,-90.94196237,28151.0,4759.844223279965,3.3492822966507183,2020,2086,68,0,2018,2080,45063,4,2,0,2,6
2020-09-10,US,Mississippi,Wayne,863,21,0,31.64135687,-88.69573913,28153.0,4275.875737006391,2.433371958285052,842,863,21,0,842,864,20298,0,0,0,0,-1
2020-09-10,US,Mississippi,Webster,317,13,0,33.61300486,-89.28392912,28155.0,3271.7514707400146,4.100946372239748,304,315,13,0,302,315,9788,2,0,0,2,0
2020-09-10,US,Mississippi,Wilkinson,287,17,0,31.16078225,-91.31018819,28157.0,3325.6083429895707,5.923344947735193,270,284,17,0,267,284,8792,3,0,0,3,0
2020-09-10,US,Mississippi,Winston,710,19,0,33.08747908,-89.03391385,28159.0,3954.330270119745,2.676056338028169,691,710,19,0,691,710,18165,0,0,0,0,0
2020-09-10,US,Mississippi,Yalobusha,393,13,0,34.02824175,-89.70762049999998,28161.0,3245.7879088206146,3.307888040712468,380,391,13,0,378,391,12392,2,0,0,2,0
2020-09-10,US,Mississippi,Yazoo,999,23,0,32.77890365,-90.39656148,28163.0,3364.7692825867293,2.3023023023023024,976,997,23,0,974,993,28248,2,0,0,2,4
2020-09-10,US,Missouri,Adair,283,0,0,40.19058551,-92.60078167,29001.0,1116.6791618987493,0.0,283,278,0,0,278,275,25339,5,0,0,5,3
2020-09-10,US,Missouri,Andrew,156,1,0,39.98492163,-94.80163024,29003.0,880.7588075880759,0.6410256410256411,155,157,1,0,156,149,17607,-1,0,0,-1,8
2020-09-10,US,Missouri,Atchison,39,0,0,40.43238737,-95.42970639,29005.0,758.312269103636,0.0,39,37,0,0,37,37,5171,2,0,0,2,0
2020-09-10,US,Missouri,Audrain,333,2,0,39.215877,-91.84242683,29007.0,1311.6432960453758,0.6006006006006006,331,332,2,0,330,330,25473,1,0,0,1,2
2020-09-10,US,Missouri,Barry,389,5,0,36.70978521,-93.82919888,29009.0,1086.9261504931683,1.2853470437017995,384,388,5,0,383,379,35886,1,0,0,1,9
2020-09-10,US,Missouri,Barton,124,0,0,37.50207671,-94.34757022,29011.0,1054.9600136123872,0.0,124,122,0,0,122,117,11798,2,0,0,2,5
2020-09-10,US,Missouri,Bates,80,1,0,38.25271289,-94.34113157,29013.0,494.6821667078902,1.25,79,80,1,0,79,80,16320,0,0,0,0,0
2020-09-10,US,Missouri,Benton,165,1,0,38.29503305,-93.28756116,29015.0,848.634469989199,0.6060606060606061,164,165,1,0,164,163,19278,0,0,0,0,2
2020-09-10,US,Missouri,Bollinger,176,1,0,37.32449052,-90.02725304,29017.0,1450.5893019038986,0.5681818181818182,175,172,1,0,171,163,12169,4,0,0,4,9
2020-09-10,US,Missouri,Boone,3695,6,0,38.99186229,-92.30723575,29019.0,2047.511124163956,0.16238159675236807,3689,3627,6,0,3621,3568,180005,68,0,0,68,59
2020-09-10,US,Missouri,Buchanan,1455,13,0,39.65816401,-94.80138942,29021.0,1665.4457213497546,0.8934707903780069,1442,1450,13,0,1437,1436,88571,5,0,0,5,14
2020-09-10,US,Missouri,Butler,442,4,0,36.71462476,-90.40421163,29023.0,1040.538631762324,0.9049773755656108,438,430,4,0,426,430,42639,12,0,0,12,0
2020-09-10,US,Missouri,Caldwell,51,1,0,39.65620858,-93.98308093,29025.0,565.410199556541,1.96078431372549,50,50,1,0,49,50,9108,1,0,0,1,0
2020-09-10,US,Missouri,Callaway,458,2,0,38.83674754,-91.92186505,29027.0,1023.6238070759673,0.4366812227074236,456,442,2,0,440,439,44889,16,0,0,16,3
2020-09-10,US,Missouri,Camden,647,9,0,38.02199522,-92.76083747,29029.0,1397.2573156246624,1.3910355486862442,638,630,9,0,621,614,45815,17,0,0,17,16
2020-09-10,US,Missouri,Cape Girardeau,1153,8,0,37.38489388,-89.6843587,29031.0,1461.8807926867926,0.6938421509106678,1145,1122,8,0,1114,1097,78753,31,0,0,31,25
2020-09-10,US,Missouri,Carroll,121,1,0,39.42762566,-93.50626255,29033.0,1394.1698352344738,0.8264462809917356,120,121,1,0,120,119,8743,0,0,0,0,2
2020-09-10,US,Missouri,Carter,45,1,0,36.94160441,-90.96051322,29035.0,752.2567703109328,2.2222222222222223,44,42,1,0,41,42,6054,3,0,0,3,0
2020-09-10,US,Missouri,Cass,1203,16,0,38.64789422,-94.353399,29037.0,1137.266023823029,1.3300083125519535,1187,1187,16,0,1171,1159,104954,16,0,0,16,28
2020-09-10,US,Missouri,Cedar,65,0,0,37.72391475,-93.85445441,29039.0,452.9932399470346,0.0,65,63,0,0,63,62,14165,2,0,0,2,1
2020-09-10,US,Missouri,Chariton,37,0,0,39.51499357,-92.9629191,29041.0,498.2493940210072,0.0,37,37,0,0,37,36,7451,0,0,0,0,1
2020-09-10,US,Missouri,Christian,893,3,0,36.9711783,-93.18537118,29043.0,1007.9575596816977,0.33594624860022404,890,878,3,0,875,846,86983,15,0,0,15,32
2020-09-10,US,Missouri,Clark,51,0,0,40.41040752,-91.73661677,29045.0,750.3310283948799,0.0,51,51,0,0,51,50,6842,0,0,0,0,1
2020-09-10,US,Missouri,Clay,1541,39,0,39.31132056,-94.41850862,29047.0,616.5282378734778,2.530824140168721,1502,1530,39,0,1491,1512,246365,11,0,0,11,18
2020-09-10,US,Missouri,Clinton,170,0,0,39.6013098,-94.40465394,29049.0,833.8647177122676,0.0,170,168,0,0,168,162,20470,2,0,0,2,6
2020-09-10,US,Missouri,Cole,1088,7,0,38.50455671,-92.27860244,29051.0,1417.6819336764609,0.6433823529411765,1081,1048,7,0,1041,1032,76796,40,0,0,40,16
2020-09-10,US,Missouri,Cooper,308,2,0,38.844478,-92.80896081,29053.0,1739.228640804111,0.6493506493506493,306,306,2,0,304,305,17603,2,0,0,2,1
2020-09-10,US,Missouri,Crawford,225,2,0,37.97663738,-91.30528104,29055.0,940.6354515050168,0.8888888888888888,223,221,2,0,219,218,23957,4,0,0,4,3
2020-09-10,US,Missouri,Dade,37,0,0,37.431814,-93.8503345,29057.0,489.35326015077385,0.0,37,36,0,0,36,36,7569,1,0,0,1,0
2020-09-10,US,Missouri,Dallas,137,1,0,37.681135499999996,-93.02127031,29059.0,811.7075482877118,0.7299270072992701,136,133,1,0,132,124,16762,4,0,0,4,9
2020-09-10,US,Missouri,Daviess,52,0,0,39.96145298,-93.98519678,29061.0,628.1710558105823,0.0,52,52,0,0,52,49,8313,0,0,0,0,3
2020-09-10,US,Missouri,DeKalb,85,2,0,39.89201062,-94.40476508,29063.0,677.452777556388,2.3529411764705883,83,84,2,0,82,81,12630,1,0,0,1,3
2020-09-10,US,Missouri,Dent,61,0,0,37.60663134,-91.50790473,29065.0,391.70358954600914,0.0,61,58,0,0,58,56,15441,3,0,0,3,2
2020-09-10,US,Missouri,Douglas,128,3,0,36.9325593,-92.49905109,29067.0,970.8001516875237,2.34375,125,124,3,0,121,120,13373,4,0,0,4,4
2020-09-10,US,Missouri,Dunklin,600,6,0,36.27167174,-90.09122243,29069.0,2059.661528955409,1.0,594,586,6,0,580,579,29423,14,0,0,14,7
2020-09-10,US,Missouri,Franklin,1223,22,0,38.41127108,-91.07522826,29071.0,1176.334798541845,1.7988552739165986,1201,1203,22,0,1181,1178,103670,20,0,0,20,25
2020-09-10,US,Missouri,Gasconade,126,6,0,38.43947277,-91.50847147,29073.0,856.7931456548348,4.761904761904762,120,122,4,0,118,101,14705,4,2,0,2,21
2020-09-10,US,Missouri,Gentry,103,9,0,40.21097916,-94.40944419,29075.0,1567.4935321868818,8.737864077669903,94,104,9,0,95,102,6628,-1,0,0,-1,2
2020-09-10,US,Missouri,Greene,4304,19,0,37.2575872,-93.34230916,29077.0,1468.510949004729,0.4414498141263941,4285,4200,19,0,4181,4067,291923,104,0,0,104,133
2020-09-10,US,Missouri,Grundy,100,1,0,40.11406587,-93.56509276,29079.0,1015.2284263959392,1.0,99,100,1,0,99,93,9914,0,0,0,0,7
2020-09-10,US,Missouri,Harrison,90,1,0,40.35570088,-93.99222144,29081.0,1077.5862068965516,1.1111111111111112,89,86,1,0,85,86,8414,4,0,0,4,0
2020-09-10,US,Missouri,Henry,139,4,0,38.38482826,-93.79293734,29083.0,636.9134897360702,2.8776978417266186,135,135,4,0,131,132,21792,4,0,0,4,3
2020-09-10,US,Missouri,Hickory,69,1,0,37.94163617,-93.3203037,29085.0,722.9673093042751,1.4492753623188406,68,68,1,0,67,68,9509,1,0,0,1,0
2020-09-10,US,Missouri,Holt,72,0,0,40.09799248,-95.21638879999999,29087.0,1635.2486940722235,0.0,72,72,0,0,72,70,4404,0,0,0,0,2
2020-09-10,US,Missouri,Howard,131,2,0,39.1435761,-92.69756691,29089.0,1309.8690130986902,1.5267175572519085,129,131,2,0,129,129,10137,0,0,0,0,2
2020-09-10,US,Missouri,Howell,370,3,0,36.77383887,-91.88683935,29091.0,922.3022658723236,0.8108108108108109,367,338,3,0,335,337,40076,32,0,0,32,1
2020-09-10,US,Missouri,Iron,41,0,0,37.55487945,-90.7735296,29093.0,404.9382716049383,0.0,41,42,0,0,42,42,10177,-1,0,0,-1,0
2020-09-10,US,Missouri,Jackson,6232,85,0,39.01002188,-94.34724536,29095.0,886.4726156489728,1.3639281129653402,6147,6168,84,0,6084,6083,700307,64,1,0,63,85
2020-09-10,US,Missouri,Jasper,2924,37,0,37.20351921,-94.34050458,29097.0,2409.9960437821437,1.265389876880985,2887,2824,37,0,2787,2702,120636,100,0,0,100,122
2020-09-10,US,Missouri,Jefferson,3207,47,0,38.25926778,-90.53870896,29099.0,1424.820397990057,1.4655441222326162,3160,3190,47,0,3143,3146,224347,17,0,0,17,44
2020-09-10,US,Missouri,Johnson,768,4,0,38.74719601,-93.80691168,29101.0,1420.5911730975547,0.5208333333333334,764,767,4,0,763,733,53652,1,0,0,1,34
2020-09-10,US,Missouri,Kansas City,9932,96,0,39.0997,-94.5786,0.0,2031.3206242854485,0.9665726943213854,9836,9852,95,0,9757,9842,491918,80,1,0,79,10
2020-09-10,US,Missouri,Knox,45,0,0,40.12699751,-92.14780832,29103.0,1136.6506693609495,0.0,45,45,0,0,45,44,3947,0,0,0,0,1
2020-09-10,US,Missouri,Laclede,353,1,0,37.65896829,-92.5888493,29105.0,988.1588892310277,0.28328611898017,352,344,1,0,343,336,35713,9,0,0,9,8
2020-09-10,US,Missouri,Lafayette,285,2,0,39.06986886,-93.78076396,29107.0,871.3464595817537,0.7017543859649122,283,281,2,0,279,274,32598,4,0,0,4,7
2020-09-10,US,Missouri,Lawrence,419,2,0,37.10626634,-93.83293097,29109.0,1092.4260200756094,0.47732696897374705,417,408,2,0,406,399,38359,11,0,0,11,9
2020-09-10,US,Missouri,Lewis,68,2,0,40.09673161,-91.72070156,29111.0,695.5810147299509,2.9411764705882355,66,67,2,0,65,65,9855,1,0,0,1,2
2020-09-10,US,Missouri,Lincoln,637,2,0,39.05345619,-90.95588181,29113.0,1079.4231779438428,0.3139717425431711,635,630,2,0,628,626,57686,7,0,0,7,4
2020-09-10,US,Missouri,Linn,49,1,0,39.87001769,-93.10704106,29115.0,411.0738255033557,2.0408163265306123,48,49,1,0,48,49,12037,0,0,0,0,0
2020-09-10,US,Missouri,Livingston,342,1,0,39.78110272,-93.54645978,29117.0,2246.010376305247,0.29239766081871343,341,341,1,0,340,339,15146,1,0,0,1,2
2020-09-10,US,Missouri,Macon,91,0,0,39.83049768,-92.56453089,29121.0,601.9712905999867,0.0,91,89,0,0,89,87,15153,2,0,0,2,2
2020-09-10,US,Missouri,Madison,224,0,0,37.47865134,-90.34671429999999,29123.0,1853.0774321641297,0.0,224,222,0,0,222,208,12188,2,0,0,2,14
2020-09-10,US,Missouri,Maries,55,0,0,38.16193985,-91.92249662,29125.0,632.4019776934575,0.0,55,50,0,0,50,51,8769,5,0,0,5,-1
2020-09-10,US,Missouri,Marion,574,7,0,39.80601912,-91.62203062,29127.0,2011.9172800560807,1.2195121951219512,567,571,7,0,564,563,28592,3,0,0,3,8
2020-09-10,US,Missouri,McDonald,1008,10,0,36.62869595,-94.34867205,29119.0,4413.889740333669,0.992063492063492,998,1000,10,0,990,998,23078,8,0,0,8,2
2020-09-10,US,Missouri,Mercer,25,0,0,40.42212303,-93.56829590000001,29129.0,691.1805363560962,0.0,25,25,0,0,25,25,3641,0,0,0,0,0
2020-09-10,US,Missouri,Miller,329,1,0,38.21450288,-92.42610898,29131.0,1284.2031304890902,0.30395136778115506,328,313,1,0,312,302,25336,16,0,0,16,11
2020-09-10,US,Missouri,Mississippi,255,3,0,36.82516239,-89.29505753,29133.0,1934.7496206373287,1.1764705882352942,252,250,0,0,250,248,13336,5,3,0,2,2
2020-09-10,US,Missouri,Moniteau,214,4,0,38.63571781,-92.57976951,29135.0,1326.5559137118767,1.8691588785046729,210,210,4,0,206,208,16121,4,0,0,4,2
2020-09-10,US,Missouri,Monroe,78,0,0,39.49593978,-92.00043978,29137.0,902.3600185099492,0.0,78,78,0,0,78,76,8664,0,0,0,0,2
2020-09-10,US,Missouri,Montgomery,65,1,0,38.94022054,-91.47000721,29139.0,562.7218422647388,1.5384615384615383,64,63,1,0,62,61,11534,2,0,0,2,2
2020-09-10,US,Missouri,Morgan,176,1,0,38.4181765,-92.88791859,29141.0,853.2505938818056,0.5681818181818182,175,169,1,0,168,163,20358,7,0,0,7,6
2020-09-10,US,Missouri,New Madrid,462,10,0,36.59666326,-89.66070007,29143.0,2705.5516514406186,2.1645021645021645,452,460,10,0,450,457,17296,2,0,0,2,3
2020-09-10,US,Missouri,Newton,1169,13,0,36.90519407,-94.3394104,29145.0,2007.3494058657873,1.1120615911035072,1156,1155,13,0,1142,1133,58266,14,0,0,14,22
2020-09-10,US,Missouri,Nodaway,655,7,0,40.36079813,-94.88133008,29147.0,2964.8741625927937,1.068702290076336,648,649,7,0,642,641,22304,6,0,0,6,8
2020-09-10,US,Missouri,Oregon,71,0,0,36.68710164,-91.4033755,29149.0,674.3280463481813,0.0,71,67,0,0,67,66,10541,4,0,0,4,1
2020-09-10,US,Missouri,Osage,99,1,0,38.46036182,-91.8613635,29151.0,727.1391847227322,1.0101010101010102,98,96,1,0,95,94,13714,3,0,0,3,2
2020-09-10,US,Missouri,Ozark,70,0,0,36.64916339,-92.44459066,29153.0,763.025942882058,0.0,70,70,0,0,70,68,9017,0,0,0,0,2
2020-09-10,US,Missouri,Pemiscot,399,9,0,36.2130572,-89.78742322,29155.0,2524.517557734894,2.255639097744361,390,392,9,0,383,388,16272,7,0,0,7,4
2020-09-10,US,Missouri,Perry,466,4,0,37.70660776,-89.82741088,29157.0,2435.200668896321,0.8583690987124464,462,448,4,0,444,448,19150,18,0,0,18,0
2020-09-10,US,Missouri,Pettis,867,8,0,38.72798918,-93.28471706,29159.0,2047.7573868064906,0.9227220299884659,859,860,9,0,851,860,42542,7,-1,0,8,0
2020-09-10,US,Missouri,Phelps,294,1,0,37.87736118,-91.79351727,29161.0,659.5921297646557,0.3401360544217687,293,276,1,0,275,271,44732,18,0,0,18,5
2020-09-10,US,Missouri,Pike,171,2,0,39.34310674,-91.16980779,29163.0,934.3241175827776,1.1695906432748535,169,170,2,0,168,160,18504,1,0,0,1,10
2020-09-10,US,Missouri,Platte,552,10,0,39.38154439,-94.77068479,29165.0,528.6444865827731,1.8115942028985508,542,543,10,0,533,535,102985,9,0,0,9,8
2020-09-10,US,Missouri,Polk,369,1,0,37.616229600000004,-93.39828174,29167.0,1147.7806463653612,0.27100271002710025,368,356,0,0,356,348,32201,13,1,0,12,8
2020-09-10,US,Missouri,Pulaski,435,2,0,37.82462075,-92.20783203,29169.0,826.886155834775,0.4597701149425287,433,435,2,0,433,427,52014,0,0,0,0,8
2020-09-10,US,Missouri,Putnam,29,1,0,40.47942497,-93.02042674,29171.0,617.5468483816013,3.4482758620689653,28,28,1,0,27,28,4757,1,0,0,1,0
2020-09-10,US,Missouri,Ralls,128,0,0,39.52817427,-91.51838643,29173.0,1241.6335241051509,0.0,128,126,0,0,126,123,10212,2,0,0,2,3
2020-09-10,US,Missouri,Randolph,157,1,0,39.44007257,-92.49713740000001,29175.0,634.3946985614998,0.6369426751592356,156,151,1,0,150,150,24763,6,0,0,6,1
2020-09-10,US,Missouri,Ray,136,0,0,39.353746799999996,-93.98905745,29177.0,590.8419497784342,0.0,136,135,0,0,135,133,22883,1,0,0,1,2
2020-09-10,US,Missouri,Reynolds,26,0,0,37.36085952,-90.97009925,29179.0,414.67304625199364,0.0,26,26,0,0,26,26,6254,0,0,0,0,0
2020-09-10,US,Missouri,Ripley,121,0,0,36.65460667,-90.85990261,29181.0,910.5960264900664,0.0,121,121,0,0,121,113,13401,0,0,0,0,8
2020-09-10,US,Missouri,Saline,595,9,0,39.13734288,-93.20259964,29195.0,2614.1206449628753,1.512605042016807,586,593,9,0,584,591,22895,2,0,0,2,2
2020-09-10,US,Missouri,Schuyler,20,0,0,40.46921489,-92.52311943,29197.0,429.1845493562232,0.0,20,20,0,0,20,20,4599,0,0,0,0,0
2020-09-10,US,Missouri,Scotland,22,1,0,40.45214695,-92.14709064,29199.0,448.796409628723,4.545454545454546,21,22,1,0,21,22,4966,0,0,0,0,0
2020-09-10,US,Missouri,Scott,713,15,0,37.05588075,-89.56474493,29201.0,1862.591431556949,2.1037868162692845,698,708,15,0,693,692,38458,5,0,0,5,16
2020-09-10,US,Missouri,Shannon,60,1,0,37.15772072,-91.40190382,29203.0,734.7538574577518,1.6666666666666667,59,60,1,0,59,60,8189,0,0,0,0,0
2020-09-10,US,Missouri,Shelby,55,1,0,39.79742518,-92.07634971,29205.0,927.4873524451939,1.818181818181818,54,55,0,0,55,51,6050,0,1,0,-1,4
2020-09-10,US,Missouri,St. Charles,6385,105,0,38.77875681,-90.66662425,29183.0,1588.2215401147198,1.6444792482380581,6280,6343,105,0,6238,6281,399182,42,0,0,42,62
2020-09-10,US,Missouri,St. Clair,31,0,0,38.03699437,-93.77631447,29185.0,329.8925188890072,0.0,31,30,0,0,30,30,9395,1,0,0,1,0
2020-09-10,US,Missouri,St. Francois,1372,6,0,37.81214171,-90.47598685,29187.0,2041.2110392025588,0.43731778425655976,1366,1367,6,0,1361,1357,66692,5,0,0,5,10
2020-09-10,US,Missouri,St. Louis,21187,763,0,38.63770039999999,-90.4458375,29189.0,2131.0494314552834,3.6012649266059378,20424,21001,762,0,20239,20839,996945,186,1,0,185,162
2020-09-10,US,Missouri,St. Louis City,6505,192,0,38.63555736,-90.24349225,29510.0,2164.178111359523,2.951575710991545,6313,6486,191,0,6295,6452,302838,19,1,0,18,34
2020-09-10,US,Missouri,Ste. Genevieve,141,1,0,37.89090059,-90.1949941,29186.0,787.9736224432771,0.7092198581560284,140,138,1,0,137,138,17888,3,0,0,3,0
2020-09-10,US,Missouri,Stoddard,331,9,0,36.85571651,-89.9444155,29207.0,1140.396210163652,2.7190332326283992,322,328,9,0,319,322,29206,3,0,0,3,6
2020-09-10,US,Missouri,Stone,324,2,0,36.75000327,-93.45256475,29209.0,1014.0210315473213,0.6172839506172839,322,321,2,0,319,316,31749,3,0,0,3,5
2020-09-10,US,Missouri,Sullivan,183,0,0,40.2099105,-93.11150106,29211.0,3005.41960913122,0.0,183,182,0,0,182,181,6221,1,0,0,1,1
2020-09-10,US,Missouri,Taney,1008,22,0,36.65465345,-93.04075153,29213.0,1802.3172650550707,2.1825396825396823,986,993,22,0,971,976,55852,15,0,0,15,17
2020-09-10,US,Missouri,Texas,171,2,0,37.31728859,-91.96564727,29215.0,673.2813607370659,1.1695906432748535,169,165,1,0,164,160,25571,6,1,0,5,5
2020-09-10,US,Missouri,Vernon,117,0,0,37.8457799,-94.34127305,29217.0,568.9831250303944,0.0,117,115,0,0,115,113,20528,2,0,0,2,2
2020-09-10,US,Missouri,Warren,375,0,0,38.76529479,-91.16124662,29219.0,1051.9229150887822,0.0,375,369,0,0,369,364,34711,6,0,0,6,5
2020-09-10,US,Missouri,Washington,279,1,0,37.96130078,-90.87948158,29221.0,1128.184391427416,0.35842293906810035,278,273,1,0,272,269,24943,6,0,0,6,4
2020-09-10,US,Missouri,Wayne,108,0,0,37.11303869,-90.46001416,29223.0,838.9652761594034,0.0,108,108,0,0,108,107,13122,0,0,0,0,1
2020-09-10,US,Missouri,Webster,330,1,0,37.2813734,-92.876329,29225.0,833.5017175186906,0.30303030303030304,329,318,1,0,317,299,39109,12,0,0,12,19
2020-09-10,US,Missouri,Worth,16,0,0,40.47945588,-94.42328751,29227.0,794.8335817188276,0.0,16,16,0,0,16,16,2040,0,0,0,0,0
2020-09-10,US,Missouri,Wright,118,0,0,37.27029221,-92.46914488,29229.0,645.1965662420034,0.0,118,115,0,0,115,108,18378,3,0,0,3,7
2020-09-10,US,Montana,Beaverhead,72,1,0,45.13434354,-112.89846940000001,30001.0,761.6629641383687,1.3888888888888888,71,72,1,0,71,72,9404,0,0,0,0,0
2020-09-10,US,Montana,Big Horn,750,17,0,45.42335905,-107.492347,30003.0,5631.053382386064,2.2666666666666666,733,735,17,0,718,735,13338,15,0,0,15,0
2020-09-10,US,Montana,Blaine,15,0,0,48.43175214,-108.9582723,30005.0,224.51728783116297,0.0,15,15,0,0,15,15,6807,0,0,0,0,0
2020-09-10,US,Montana,Broadwater,17,0,0,46.33277565,-111.49558130000001,30007.0,272.5669392336059,0.0,17,16,0,0,16,16,6085,1,0,0,1,0
2020-09-10,US,Montana,Carbon,96,0,0,45.22850116,-109.0274047,30009.0,895.1048951048951,0.0,96,95,0,0,95,94,10714,1,0,0,1,1
2020-09-10,US,Montana,Cascade,391,5,0,47.30797024,-111.3467922,30013.0,480.5446992601332,1.278772378516624,386,383,5,0,378,381,81643,8,0,0,8,2
2020-09-10,US,Montana,Chouteau,15,0,0,47.88084126,-110.4353362,30015.0,266.19343389529723,0.0,15,11,0,0,11,11,5745,4,0,0,4,0
2020-09-10,US,Montana,Custer,74,2,0,46.25319932,-105.57375259999998,30017.0,649.0089457989826,2.702702702702702,72,71,2,0,69,70,11586,3,0,0,3,1
2020-09-10,US,Montana,Daniels,3,0,0,48.78420029,-105.54763429999998,30019.0,177.5147928994083,0.0,3,3,0,0,3,3,1747,0,0,0,0,0
2020-09-10,US,Montana,Dawson,54,1,0,47.26584855,-104.89444170000002,30021.0,626.9592476489029,1.851851851851852,53,54,1,0,53,53,8680,0,0,0,0,1
2020-09-10,US,Montana,Deer Lodge,84,0,0,46.05953325,-113.073353,30023.0,919.0371991247264,0.0,84,82,0,0,82,82,9131,2,0,0,2,0
2020-09-10,US,Montana,Fallon,4,0,0,46.33478338,-104.41835649999999,30025.0,140.54813773717498,0.0,4,4,0,0,4,4,2920,0,0,0,0,0
2020-09-10,US,Montana,Fergus,51,0,0,47.26331584,-109.2245206,30027.0,461.5384615384616,0.0,51,51,0,0,51,42,11113,0,0,0,0,9
2020-09-10,US,Montana,Flathead,727,9,0,48.29575866,-114.05205690000001,30029.0,700.3448740920563,1.237964236588721,718,723,9,0,714,691,102106,4,0,0,4,32
2020-09-10,US,Montana,Gallatin,1134,3,0,45.54486106,-111.1692571,30031.0,990.9642239194644,0.2645502645502645,1131,1126,3,0,1123,1120,111876,8,0,0,8,6
2020-09-10,US,Montana,Garfield,15,0,0,47.27545948,-107.0002351,30033.0,1192.368839427663,0.0,15,15,0,0,15,15,1268,0,0,0,0,0
2020-09-10,US,Montana,Glacier,157,1,0,48.70513576,-112.9934235,30035.0,1141.5691121937034,0.6369426751592356,156,148,1,0,147,147,13747,9,0,0,9,1
2020-09-10,US,Montana,Golden Valley,3,0,0,46.3816474,-109.17685220000001,30037.0,365.4080389768576,0.0,3,3,0,0,3,3,826,0,0,0,0,0
2020-09-10,US,Montana,Granite,21,0,0,46.40605220000001,-113.4414186,30039.0,621.4856466410181,0.0,21,21,0,0,21,21,3378,0,0,0,0,0
2020-09-10,US,Montana,Hill,104,2,0,48.62879827,-110.1129252,30041.0,630.9148264984228,1.9230769230769231,102,102,2,0,100,99,16347,2,0,0,2,3
2020-09-10,US,Montana,Jefferson,45,0,0,46.14907081,-112.094396,30043.0,368.2186400458229,0.0,45,41,0,0,41,41,12097,4,0,0,4,0
2020-09-10,US,Montana,Judith Basin,6,0,0,47.04581276,-110.26606880000001,30045.0,298.95366218236165,0.0,6,6,0,0,6,6,1952,0,0,0,0,0
2020-09-10,US,Montana,Lake,227,1,0,47.64514965,-114.0898013,30047.0,745.2885941296213,0.4405286343612335,226,227,1,0,226,224,30250,0,0,0,0,3
2020-09-10,US,Montana,Lewis and Clark,208,3,0,47.12610041,-112.39469799999999,30049.0,299.5736836041018,1.4423076923076923,205,209,3,0,206,207,68700,-1,0,0,-1,2
2020-09-10,US,Montana,Liberty,11,0,0,48.56084317,-111.02430700000001,30051.0,470.6889174154898,0.0,11,10,0,0,10,9,2430,1,0,0,1,1
2020-09-10,US,Montana,Lincoln,101,3,0,48.54265777,-115.4046155,30053.0,505.5055055055056,2.9702970297029703,98,101,3,0,98,100,19794,0,0,0,0,1
2020-09-10,US,Montana,Madison,96,1,0,45.30080065,-111.9173017,30057.0,1116.2790697674418,1.0416666666666667,95,95,1,0,94,95,8768,1,0,0,1,0
2020-09-10,US,Montana,McCone,14,0,0,47.64469406,-105.79449939999999,30055.0,841.3461538461537,0.0,14,14,0,0,14,14,1675,0,0,0,0,0
2020-09-10,US,Montana,Meagher,9,1,0,46.59907074,-110.8898557,30059.0,483.35123523093455,11.111111111111109,8,9,1,0,8,9,1866,0,0,0,0,0
2020-09-10,US,Montana,Mineral,2,0,0,47.15283992,-115.00152390000001,30061.0,45.48555833522857,0.0,2,2,0,0,2,2,4316,0,0,0,0,0
2020-09-10,US,Montana,Missoula,462,3,0,47.03728583,-113.92135079999998,30063.0,386.28762541806014,0.6493506493506493,459,453,3,0,450,449,118791,9,0,0,9,4
2020-09-10,US,Montana,Musselshell,22,0,0,46.49684637,-108.39498,30065.0,474.85430606518463,0.0,22,22,0,0,22,22,4651,0,0,0,0,0
2020-09-10,US,Montana,Park,74,0,0,45.48965095,-110.52643940000002,30067.0,445.6220643141034,0.0,74,71,0,0,71,70,16736,3,0,0,3,1
2020-09-10,US,Montana,Phillips,114,0,0,48.25936577,-107.9128511,30071.0,2883.156297420334,0.0,114,114,0,0,114,114,4074,0,0,0,0,0
2020-09-10,US,Montana,Pondera,16,0,0,48.22773388,-112.22527029999999,30073.0,270.68177973270167,0.0,16,16,0,0,16,16,5972,0,0,0,0,0
2020-09-10,US,Montana,Powder River,2,0,0,45.39617714,-105.636738,30075.0,118.90606420927469,0.0,2,2,0,0,2,2,1716,0,0,0,0,0
2020-09-10,US,Montana,Powell,10,0,0,46.85538891,-112.93591640000001,30077.0,145.1378809869376,0.0,10,10,0,0,10,10,6968,0,0,0,0,0
2020-09-10,US,Montana,Prairie,1,0,0,46.86048047,-105.379384,30079.0,92.85051067780873,0.0,1,1,0,0,1,1,1087,0,0,0,0,0
2020-09-10,US,Montana,Ravalli,113,2,0,46.08520862,-114.11891640000002,30081.0,257.9555312057709,1.7699115044247788,111,113,2,0,111,113,43172,0,0,0,0,0
2020-09-10,US,Montana,Richland,66,2,0,47.78668011,-104.5610786,30083.0,610.9414051652319,3.0303030303030303,64,64,2,0,62,64,10913,2,0,0,2,0
2020-09-10,US,Montana,Roosevelt,63,1,0,48.29607488,-105.00792679999999,30085.0,572.5190839694657,1.5873015873015872,62,63,1,0,62,62,11059,0,0,0,0,1
2020-09-10,US,Montana,Rosebud,392,6,0,46.23397237,-106.72928799999998,30087.0,4386.259371153631,1.5306122448979589,386,368,5,0,363,370,9063,24,1,0,23,-2
2020-09-10,US,Montana,Sanders,43,0,0,47.67657534,-115.1329916,30089.0,354.99050606786096,0.0,43,42,0,0,42,41,11844,1,0,0,1,1
2020-09-10,US,Montana,Sheridan,5,0,0,48.72085833,-104.50382900000001,30091.0,151.1030522816561,0.0,5,5,0,0,5,5,3424,0,0,0,0,0
2020-09-10,US,Montana,Silver Bow,154,0,0,45.90018933,-112.6620092,30093.0,441.071172848346,0.0,154,139,0,0,139,132,34993,15,0,0,15,7
2020-09-10,US,Montana,Stillwater,46,2,0,45.67071407,-109.3950061,30095.0,477.0794440987346,4.3478260869565215,44,45,2,0,43,44,9534,1,0,0,1,1
2020-09-10,US,Montana,Sweet Grass,35,1,0,45.81367654,-109.9425686,30097.0,936.5801445009366,2.8571428571428568,34,35,1,0,34,34,3710,0,0,0,0,1
2020-09-10,US,Montana,Teton,18,0,0,47.83741052,-112.24106880000001,30099.0,292.8257686676428,0.0,18,18,0,0,18,18,6162,0,0,0,0,0
2020-09-10,US,Montana,Toole,59,6,0,48.65577551,-111.69424140000001,30101.0,1245.777027027027,10.169491525423727,53,58,6,0,52,57,4853,1,0,0,1,1
2020-09-10,US,Montana,Treasure,3,0,0,46.20973220000001,-107.26665159999999,30103.0,431.0344827586207,0.0,3,3,0,0,3,3,679,0,0,0,0,0
2020-09-10,US,Montana,Valley,51,0,0,48.36435097,-106.6669635,30105.0,689.5619253650623,0.0,51,51,0,0,51,51,7437,0,0,0,0,0
2020-09-10,US,Montana,Wheatland,6,0,0,46.46652491,-109.84646359999999,30107.0,282.2201317027281,0.0,6,4,0,0,4,4,2236,2,0,0,2,0
2020-09-10,US,Montana,Wibaux,8,0,0,46.95925154,-104.2510927,30109.0,825.5933952528377,0.0,8,8,0,0,8,8,1034,0,0,0,0,0
2020-09-10,US,Montana,Yellowstone,2394,50,0,45.93955949,-108.26914860000001,30111.0,1484.1909485430874,2.088554720133668,2344,2319,50,0,2269,2310,160137,75,0,0,75,9
2020-09-10,US,Nebraska,Adams,448,11,0,40.52449420000001,-98.50117804,31001.0,1428.4347798361123,2.455357142857143,437,441,11,0,430,436,31511,7,0,0,7,5
2020-09-10,US,Nebraska,Antelope,34,1,0,42.17695516,-98.06662829999999,31003.0,539.8539218799622,2.9411764705882355,33,32,1,0,31,29,6336,2,0,0,2,3
2020-09-10,US,Nebraska,Arthur,1,0,0,41.56896142,-101.6959559,31005.0,215.98272138228938,0.0,1,1,0,0,1,1,465,0,0,0,0,0
2020-09-10,US,Nebraska,Banner,2,0,0,41.54634427,-103.7114332,31007.0,268.4563758389262,0.0,2,2,0,0,2,2,730,0,0,0,0,0
2020-09-10,US,Nebraska,Boone,42,0,0,41.70759415,-98.06737183,31011.0,808.9368258859787,0.0,42,38,0,0,38,35,5239,4,0,0,4,3
2020-09-10,US,Nebraska,Box Butte,39,0,0,42.22079243,-103.08788340000001,31013.0,361.6804228878791,0.0,39,37,0,0,37,33,10772,2,0,0,2,4
2020-09-10,US,Nebraska,Boyd,10,0,0,42.899727399999996,-98.76486568,31015.0,521.1047420531527,0.0,10,10,0,0,10,10,1955,0,0,0,0,0
2020-09-10,US,Nebraska,Brown,8,0,0,42.43018907,-99.92904055,31017.0,270.72758037225043,0.0,8,7,0,0,7,6,2973,1,0,0,1,1
2020-09-10,US,Nebraska,Buffalo,818,3,0,40.85486962,-99.07500296,31019.0,1647.2341368130649,0.3667481662591687,815,796,3,0,793,784,49615,22,0,0,22,12
2020-09-10,US,Nebraska,Burt,70,0,0,41.85056773,-96.32605633,31021.0,1083.7590958352687,0.0,70,70,0,0,70,69,6488,0,0,0,0,1
2020-09-10,US,Nebraska,Butler,97,1,0,41.22703692,-97.13106306,31023.0,1210.0798403193612,1.0309278350515465,96,97,1,0,96,96,8058,0,0,0,0,1
2020-09-10,US,Nebraska,Cass,281,2,0,40.90899107,-96.13971217,31025.0,1070.5577567814694,0.7117437722419929,279,276,2,0,274,273,26159,5,0,0,5,3
2020-09-10,US,Nebraska,Cedar,63,0,0,42.598885100000004,-97.25311951,31027.0,749.8214710783146,0.0,63,63,0,0,63,59,8446,0,0,0,0,4
2020-09-10,US,Nebraska,Chase,16,0,0,40.523719799999995,-101.69780259999999,31029.0,407.7471967380224,0.0,16,16,0,0,16,16,3977,0,0,0,0,0
2020-09-10,US,Nebraska,Cherry,35,2,0,42.54502621,-101.1244332,31031.0,615.222358938302,5.7142857142857135,33,35,2,0,33,35,5761,0,0,0,0,0
2020-09-10,US,Nebraska,Cheyenne,30,0,0,41.21999357,-102.9941693,31033.0,336.7003367003366,0.0,30,30,0,0,30,30,9310,0,0,0,0,0
2020-09-10,US,Nebraska,Clay,64,0,0,40.52439441,-98.05126296,31035.0,1031.758826374335,0.0,64,64,0,0,64,63,6214,0,0,0,0,1
2020-09-10,US,Nebraska,Colfax,739,5,0,41.57486951,-97.0868542,31037.0,6900.737697263983,0.6765899864682002,734,736,5,0,731,734,10881,3,0,0,3,2
2020-09-10,US,Nebraska,Cuming,104,0,0,41.91637624,-96.78730772,31039.0,1175.672620393398,0.0,104,102,0,0,102,101,8940,2,0,0,2,1
2020-09-10,US,Nebraska,Custer,78,4,0,41.39374521,-99.72805369,31041.0,723.7635705669479,5.128205128205129,74,78,4,0,74,77,10840,0,0,0,0,1
2020-09-10,US,Nebraska,Dakota,2070,43,0,42.39040144,-96.56656425,31043.0,10336.562468790573,2.077294685990338,2027,2064,43,0,2021,2058,20083,6,0,0,6,6
2020-09-10,US,Nebraska,Dawes,107,0,0,42.71985036,-103.1313774,31045.0,1245.7794853882874,0.0,107,106,0,0,106,101,8716,1,0,0,1,5
2020-09-10,US,Nebraska,Dawson,1039,12,0,40.87028216,-99.82014609999999,31047.0,4403.475312566222,1.1549566891241578,1027,1037,11,0,1026,1035,23709,2,1,0,1,2
2020-09-10,US,Nebraska,Deuel,3,0,0,41.11168186,-102.33333309999999,31049.0,167.22408026755855,0.0,3,3,0,0,3,3,1825,0,0,0,0,0
2020-09-10,US,Nebraska,Dixon,72,2,0,42.49188363,-96.86782408,31051.0,1277.5017743080198,2.7777777777777777,70,70,2,0,68,69,5709,2,0,0,2,1
2020-09-10,US,Nebraska,Dodge,974,11,0,41.58071748,-96.65598179,31053.0,2663.749487214549,1.1293634496919918,963,964,11,0,953,958,36791,10,0,0,10,6
2020-09-10,US,Nebraska,Douglas,14262,173,0,41.29518299,-96.15085305,31055.0,2496.293716208056,1.2130136025802831,14089,14158,169,0,13989,14042,566880,104,4,0,100,116
2020-09-10,US,Nebraska,Dundy,9,1,0,40.17638677,-101.6876522,31057.0,531.6007088009451,11.111111111111109,8,9,1,0,8,9,1770,0,0,0,0,0
2020-09-10,US,Nebraska,Fillmore,41,1,0,40.52458567,-97.59646937,31059.0,750.6407909190773,2.4390243902439024,40,40,1,0,39,38,5527,1,0,0,1,2
2020-09-10,US,Nebraska,Franklin,20,0,0,40.17636348,-98.95299073,31061.0,671.366230278617,0.0,20,20,0,0,20,20,3023,0,0,0,0,0
2020-09-10,US,Nebraska,Frontier,6,0,0,40.52993007,-100.3924658,31063.0,228.39741149600303,0.0,6,6,0,0,6,6,2608,0,0,0,0,0
2020-09-10,US,Nebraska,Furnas,29,1,0,40.17642064,-99.91247454,31065.0,620.1881950384943,3.4482758620689653,28,29,1,0,28,29,4715,0,0,0,0,0
2020-09-10,US,Nebraska,Gage,157,4,0,40.26186809,-96.68946704,31067.0,729.7912889880538,2.5477707006369426,153,154,4,0,150,146,21493,3,0,0,3,8
2020-09-10,US,Nebraska,Garden,9,0,0,41.61703149,-102.3313973,31069.0,489.9292324442025,0.0,9,9,0,0,9,9,1897,0,0,0,0,0
2020-09-10,US,Nebraska,Garfield,6,0,0,41.91428955,-98.99111827,31071.0,304.7232097511427,0.0,6,6,0,0,6,6,1987,0,0,0,0,0
2020-09-10,US,Nebraska,Gosper,26,0,0,40.51481965,-99.83020279,31073.0,1306.532663316583,0.0,26,25,0,0,25,25,1996,1,0,0,1,0
2020-09-10,US,Nebraska,Greeley,16,0,0,41.56742671,-98.52150266,31077.0,679.1171477079797,0.0,16,15,0,0,15,14,2356,1,0,0,1,1
2020-09-10,US,Nebraska,Hall,1908,47,0,40.87257079,-98.50218293,31079.0,3109.8723778788317,2.4633123689727463,1861,1899,47,0,1852,1889,61607,9,0,0,9,10
2020-09-10,US,Nebraska,Hamilton,109,12,0,40.87349452,-98.02099117,31081.0,1169.0261690261689,11.009174311926603,97,109,12,0,97,108,9280,0,0,0,0,1
2020-09-10,US,Nebraska,Harlan,8,0,0,40.17658508,-99.40438879,31083.0,236.6863905325444,0.0,8,8,0,0,8,8,3401,0,0,0,0,0
2020-09-10,US,Nebraska,Hitchcock,2,0,0,40.17609175,-101.04164770000001,31087.0,72.41129616220131,0.0,2,2,0,0,2,2,2806,0,0,0,0,0
2020-09-10,US,Nebraska,Holt,35,0,0,42.45522056,-98.78402558,31089.0,347.67060693354523,0.0,35,31,0,0,31,29,10178,4,0,0,4,2
2020-09-10,US,Nebraska,Hooker,7,0,0,41.91586243,-101.1354293,31091.0,1026.392961876833,0.0,7,7,0,0,7,7,682,0,0,0,0,0
2020-09-10,US,Nebraska,Howard,70,5,0,41.2200529,-98.5166499,31093.0,1086.1132660977503,7.142857142857142,65,70,5,0,65,67,6468,0,0,0,0,3
2020-09-10,US,Nebraska,Jefferson,26,0,0,40.17584531,-97.142601,31095.0,369.0036900369004,0.0,26,26,0,0,26,26,7097,0,0,0,0,0
2020-09-10,US,Nebraska,Johnson,31,0,0,40.39257596,-96.26522753,31097.0,611.3192664168803,0.0,31,31,0,0,31,30,5134,0,0,0,0,1
2020-09-10,US,Nebraska,Kearney,123,0,0,40.50663314,-98.94877182,31099.0,1893.7644341801386,0.0,123,120,0,0,120,120,6544,3,0,0,3,0
2020-09-10,US,Nebraska,Keith,49,0,0,41.19930341,-101.66201640000001,31101.0,609.9078914612895,0.0,49,49,0,0,49,48,8021,0,0,0,0,1
2020-09-10,US,Nebraska,Keya Paha,2,0,0,42.87990694,-99.71343729,31103.0,248.13895781637717,0.0,2,1,0,0,1,1,810,1,0,0,1,0
2020-09-10,US,Nebraska,Kimball,15,0,0,41.19774275,-103.7148131,31105.0,412.9955947136564,0.0,15,15,0,0,15,15,3618,0,0,0,0,0
2020-09-10,US,Nebraska,Knox,86,0,0,42.63758421,-97.89178836,31107.0,1032.1651464234278,0.0,86,85,0,0,85,85,8419,1,0,0,1,0
2020-09-10,US,Nebraska,Lancaster,4843,22,0,40.78416049,-96.68777155,31109.0,1517.753611833652,0.4542638860210613,4821,4699,22,0,4677,4582,317272,144,0,0,144,117
2020-09-10,US,Nebraska,Lincoln,339,2,0,41.04658298,-100.74753740000001,31111.0,970.9572091424644,0.5899705014749262,337,337,2,0,335,336,35185,2,0,0,2,1
2020-09-10,US,Nebraska,Logan,6,0,0,41.56650314,-100.4817851,31113.0,802.1390374331551,0.0,6,6,0,0,6,5,749,0,0,0,0,1
2020-09-10,US,Nebraska,Loup,2,0,0,41.91371961,-99.45440415,31115.0,301.20481927710836,0.0,2,2,0,0,2,2,618,0,0,0,0,0
2020-09-10,US,Nebraska,Madison,688,5,0,41.91676024,-97.6005481,31119.0,1960.1698054075614,0.7267441860465116,683,662,5,0,657,654,35392,26,0,0,26,8
2020-09-10,US,Nebraska,McPherson,6,0,0,41.56797682,-101.05993620000001,31117.0,1214.5748987854256,0.0,6,6,0,0,6,6,492,0,0,0,0,0
2020-09-10,US,Nebraska,Merrick,75,1,0,41.16624273,-98.0374887,31121.0,967.117988394584,1.3333333333333333,74,75,1,0,74,75,7733,0,0,0,0,0
2020-09-10,US,Nebraska,Morrill,68,0,0,41.71711774,-103.0061405,31123.0,1464.8858250753985,0.0,68,69,0,0,69,67,4686,-1,0,0,-1,2
2020-09-10,US,Nebraska,Nance,16,0,0,41.39750195,-97.99327291,31125.0,454.67462347257737,0.0,16,16,0,0,16,15,3532,0,0,0,0,1
2020-09-10,US,Nebraska,Nemaha,105,0,0,40.38514847,-95.85433992,31127.0,1506.0240963855426,0.0,105,103,0,0,103,100,6958,2,0,0,2,3
2020-09-10,US,Nebraska,Nuckolls,13,0,0,40.17637905,-98.04743961,31129.0,313.404050144648,0.0,13,13,0,0,13,12,4195,0,0,0,0,1
2020-09-10,US,Nebraska,Otoe,127,1,0,40.64843556,-96.13374142,31131.0,793.1551336497628,0.7874015748031497,126,127,1,0,126,126,15985,0,0,0,0,1
2020-09-10,US,Nebraska,Pawnee,12,0,0,40.13141096,-96.23705437,31133.0,459.24225028702637,0.0,12,12,0,0,12,12,2632,0,0,0,0,0
2020-09-10,US,Nebraska,Perkins,31,9,0,40.85082525,-101.6502942,31135.0,1072.2933241093046,29.032258064516128,22,31,9,0,22,31,2929,0,0,0,0,0
2020-09-10,US,Nebraska,Phelps,83,0,0,40.51156033,-99.41461667,31137.0,918.7513836617225,0.0,83,80,0,0,80,80,8996,3,0,0,3,0
2020-09-10,US,Nebraska,Pierce,82,4,0,42.26434853,-97.60122773,31139.0,1147.1740346950196,4.878048780487805,78,77,4,0,73,72,7142,5,0,0,5,5
2020-09-10,US,Nebraska,Platte,944,3,0,41.57246836,-97.52144359,31141.0,2820.4362115327162,0.3177966101694915,941,930,3,0,927,921,33363,14,0,0,14,9
2020-09-10,US,Nebraska,Polk,38,1,0,41.18813488,-97.56630712,31143.0,728.9468636102052,2.631578947368421,37,36,1,0,35,35,5278,2,0,0,2,1
2020-09-10,US,Nebraska,Red Willow,21,0,0,40.17556879999999,-100.476998,31145.0,195.822454308094,0.0,21,21,0,0,21,20,10726,0,0,0,0,1
2020-09-10,US,Nebraska,Richardson,44,1,0,40.1247415,-95.71755036,31147.0,559.4405594405595,2.272727272727273,43,42,1,0,41,38,7937,2,0,0,2,4
2020-09-10,US,Nebraska,Rock,23,0,0,42.42252217,-99.44832069,31149.0,1694.9152542372879,0.0,23,19,0,0,19,19,1360,4,0,0,4,0
2020-09-10,US,Nebraska,Saline,658,2,0,40.52418865,-97.14085859,31151.0,4625.984251968504,0.30395136778115506,656,653,2,0,651,648,14350,5,0,0,5,5
2020-09-10,US,Nebraska,Sarpy,3055,15,0,41.11314181,-96.11156432,31153.0,1631.9793157973459,0.4909983633387889,3040,3024,15,0,3009,2986,184459,31,0,0,31,38
2020-09-10,US,Nebraska,Saunders,292,3,0,41.227810299999994,-96.63773905,31155.0,1353.230141811104,1.0273972602739727,289,290,3,0,287,274,21303,2,0,0,2,16
2020-09-10,US,Nebraska,Scotts Bluff,387,6,0,41.85070896,-103.70809859999999,31157.0,1086.5292829468249,1.5503875968992251,381,384,6,0,378,378,35989,3,0,0,3,6
2020-09-10,US,Nebraska,Seward,179,3,0,40.87241834,-97.139673,31159.0,1035.6398981717198,1.675977653631285,176,179,3,0,176,177,17318,0,0,0,0,2
2020-09-10,US,Nebraska,Sheridan,36,0,0,42.50284406,-102.4126613,31161.0,686.2371330537553,0.0,36,35,0,0,35,34,5190,1,0,0,1,1
2020-09-10,US,Nebraska,Sherman,18,1,0,41.22045983,-98.97588642,31163.0,599.8000666444517,5.5555555555555545,17,18,1,0,17,18,3038,0,0,0,0,0
2020-09-10,US,Nebraska,Sioux,7,0,0,42.48932059,-103.7576544,31165.0,600.3430531732419,0.0,7,6,0,0,6,6,1187,1,0,0,1,0
2020-09-10,US,Nebraska,Stanton,35,0,0,41.9169835,-97.19394708,31167.0,591.2162162162163,0.0,35,35,0,0,35,34,5970,0,0,0,0,1
2020-09-10,US,Nebraska,Thayer,28,0,0,40.17626377,-97.59504381,31169.0,559.6642014791124,0.0,28,28,0,0,28,28,5039,0,0,0,0,0
2020-09-10,US,Nebraska,Thomas,5,0,0,41.91358968,-100.5556632,31171.0,692.5207756232687,0.0,5,5,0,0,5,5,720,0,0,0,0,0
2020-09-10,US,Nebraska,Thurston,240,4,0,42.15725356,-96.54157099,31173.0,3322.2591362126245,1.6666666666666667,236,239,4,0,235,239,7303,1,0,0,1,0
2020-09-10,US,Nebraska,Unassigned,157,3,0,0.0,0.0,90031.0,0.0,1.9108280254777068,154,149,0,0,149,143,,8,3,0,5,6
2020-09-10,US,Nebraska,Valley,21,0,0,41.56730777,-98.98197724,31175.0,505.0505050505049,0.0,21,21,0,0,21,20,4190,0,0,0,0,1
2020-09-10,US,Nebraska,Washington,181,2,0,41.52815707,-96.22019892,31177.0,873.1728496309516,1.1049723756906078,179,181,2,0,179,180,20667,0,0,0,0,1
2020-09-10,US,Nebraska,Wayne,68,0,0,42.20934475,-97.11926964,31179.0,724.5604688332445,0.0,68,67,0,0,67,60,9403,1,0,0,1,7
2020-09-10,US,Nebraska,Webster,15,0,0,40.17642643,-98.50019851,31181.0,430.16919988528815,0.0,15,14,0,0,14,14,3533,1,0,0,1,0
2020-09-10,US,Nebraska,Wheeler,1,0,0,41.91482725,-98.52798941,31183.0,127.7139208173691,0.0,1,2,0,0,2,2,805,-1,0,0,-1,0
2020-09-10,US,Nebraska,York,128,1,0,40.87272618,-97.59710186,31185.0,935.7409167336792,0.78125,127,125,0,0,125,123,13772,3,1,0,2,2
2020-09-10,US,Nevada,Carson City,469,8,0,39.15509045,-119.7480219,32510.0,838.7581372058087,1.7057569296375266,461,466,8,0,458,460,55414,3,0,0,3,6
2020-09-10,US,Nevada,Churchill,113,1,0,39.58105744,-118.3394607,32001.0,453.65129069814117,0.8849557522123894,112,113,1,0,112,113,24440,0,0,0,0,0
2020-09-10,US,Nevada,Clark,61871,1240,0,36.21458855,-115.0130241,32003.0,2729.5447376489765,2.004169966543292,60631,61642,1223,0,60419,61543,2231647,229,17,0,212,99
2020-09-10,US,Nevada,Douglas,263,1,0,38.912862,-119.61713329999999,32005.0,537.7773233820674,0.3802281368821293,262,261,1,0,260,261,48467,2,0,0,2,0
2020-09-10,US,Nevada,Elko,866,6,0,41.14531606,-115.3577619,32007.0,1640.8351964833832,0.6928406466512702,860,864,6,0,858,862,52460,2,0,0,2,2
2020-09-10,US,Nevada,Eureka,10,0,0,39.98100864,-116.26832040000001,32011.0,492.8536224741252,0.0,10,10,0,0,10,10,2003,0,0,0,0,0
2020-09-10,US,Nevada,Humboldt,117,4,0,41.40692186,-118.11094270000001,32013.0,695.1458618026262,3.418803418803418,113,116,4,0,112,116,16786,1,0,0,1,0
2020-09-10,US,Nevada,Lander,67,1,0,39.933223299999995,-117.03970749999999,32015.0,1211.1352133044106,1.492537313432836,66,66,1,0,65,65,5575,1,0,0,1,1
2020-09-10,US,Nevada,Lincoln,6,0,0,37.64268459,-114.8790388,32017.0,115.76307158016591,0.0,6,6,0,0,6,6,5201,0,0,0,0,0
2020-09-10,US,Nevada,Lyon,365,6,0,39.01777974,-119.18704790000001,32019.0,634.6722309163624,1.643835616438356,359,364,6,0,358,361,55808,1,0,0,1,3
2020-09-10,US,Nevada,Mineral,13,0,0,38.53841696,-118.4344506,32021.0,288.56825749167587,0.0,13,12,0,0,12,12,4514,1,0,0,1,0
2020-09-10,US,Nevada,Nye,485,14,0,38.04264256,-116.47227020000001,32023.0,1042.4951099456182,2.88659793814433,471,483,14,0,469,482,45346,2,0,0,2,1
2020-09-10,US,Nevada,Pershing,21,0,0,40.44003782,-118.40056409999998,32027.0,312.2676579925651,0.0,21,21,0,0,21,21,6666,0,0,0,0,0
2020-09-10,US,Nevada,Storey,9,0,0,39.44875482,-119.5250207,32029.0,218.287654620422,0.0,9,9,0,0,9,9,4029,0,0,0,0,0
2020-09-10,US,Nevada,Washoe,7827,147,0,40.66562265,-119.6631594,32031.0,1659.954317853575,1.8781142200076657,7680,7787,147,0,7640,7745,465735,40,0,0,40,42
2020-09-10,US,Nevada,White Pine,44,1,0,39.44157041,-114.89996599999999,32033.0,459.2901878914405,2.272727272727273,43,38,1,0,37,38,9475,6,0,0,6,0
2020-09-10,US,New Hampshire,Belknap,128,4,0,43.51637314,-71.41684235,33001.0,208.7989168556188,3.125,124,126,4,0,122,126,61022,2,0,0,2,0
2020-09-10,US,New Hampshire,Carroll,112,1,0,43.87498583,-71.20430216,33003.0,228.99202617051728,0.8928571428571429,111,111,1,0,110,111,48779,1,0,0,1,0
2020-09-10,US,New Hampshire,Cheshire,140,3,0,42.92015988,-72.25311043,33005.0,184.00473155023982,2.142857142857143,137,140,3,0,137,140,76493,0,0,0,0,0
2020-09-10,US,New Hampshire,Coos,20,0,0,44.69063265,-71.30633239,33007.0,63.36533282641067,0.0,20,20,0,0,20,20,31589,0,0,0,0,0
2020-09-10,US,New Hampshire,Grafton,125,1,0,43.93779815,-71.82057197,33009.0,139.06503793694236,0.8,124,122,1,0,121,122,89786,3,0,0,3,0
2020-09-10,US,New Hampshire,Hillsborough,4158,288,0,42.91537785,-71.7200253,33011.0,997.0625262274443,6.926406926406926,3870,4121,287,0,3834,4121,415247,37,1,0,36,0
2020-09-10,US,New Hampshire,Merrimack,522,23,0,43.29662971,-71.6811573,33013.0,344.80253119406035,4.406130268199234,499,518,23,0,495,518,151132,4,0,0,4,0
2020-09-10,US,New Hampshire,Rockingham,1877,100,0,42.98499744,-71.12883377,33015.0,605.9353905652276,5.327650506126799,1777,1858,100,0,1758,1858,309176,19,0,0,19,0
2020-09-10,US,New Hampshire,Strafford,439,13,0,43.291833000000004,-71.02336013,33017.0,336.05597360544425,2.9612756264236904,426,427,13,0,414,427,130090,12,0,0,12,0
2020-09-10,US,New Hampshire,Sullivan,49,1,0,43.36094111,-72.22203125,33019.0,113.56788578315485,2.0408163265306123,48,48,1,0,47,48,43144,1,0,0,1,0
2020-09-10,US,New Hampshire,Unassigned,3,0,0,0.0,0.0,90033.0,0.0,0.0,3,3,0,0,3,3,,0,0,0,0,0
2020-09-10,US,New Jersey,Atlantic,3849,253,0,39.47538693,-74.65848483,34001.0,1459.7792695414726,6.5731358794492065,3596,3840,253,0,3587,3827,265429,9,0,0,9,13
2020-09-10,US,New Jersey,Bergen,21894,2040,0,40.96010917,-74.07164325,34003.0,2348.6325925067745,9.317621266100304,19854,21872,2039,0,19833,21844,936692,22,1,0,21,28
2020-09-10,US,New Jersey,Burlington,6641,485,0,39.87681124,-74.66927768,34005.0,1491.1900554396664,7.3031170004517385,6156,6623,485,0,6138,6606,445384,18,0,0,18,17
2020-09-10,US,New Jersey,Camden,9413,595,0,39.80343818,-74.96388753,34007.0,1858.546688754144,6.3210453627961325,8818,9384,595,0,8789,9355,507078,29,0,0,29,29
2020-09-10,US,New Jersey,Cape May,949,94,0,39.15008829,-74.80170244,34009.0,1031.0846488988363,9.905163329820864,855,946,94,0,852,944,92560,3,0,0,3,2
2020-09-10,US,New Jersey,Cumberland,3663,157,0,39.37199394,-75.10712559,34011.0,2449.7247988657573,4.286104286104286,3506,3649,156,0,3493,3638,150972,14,1,0,13,11
2020-09-10,US,New Jersey,Essex,20591,2121,0,40.78681335,-74.24657979,34013.0,2577.177008041553,10.300616774318877,18470,20574,2121,0,18453,20545,799767,17,0,0,17,29
2020-09-10,US,New Jersey,Gloucester,3945,223,0,39.71581067,-75.13995546,34015.0,1352.7136567501955,5.652724968314322,3722,3895,223,0,3672,3853,291408,50,0,0,50,42
2020-09-10,US,New Jersey,Hudson,20329,1512,0,40.73766234,-74.07515667,34017.0,3023.3896646445296,7.437650646859168,18817,20305,1512,0,18793,20293,676061,24,0,0,24,12
2020-09-10,US,New Jersey,Hunterdon,1245,125,0,40.56335249,-74.91284156,34019.0,1001.0372192874544,10.040160642570283,1120,1242,125,0,1117,1235,124714,3,0,0,3,7
2020-09-10,US,New Jersey,Mercer,8455,633,0,40.28047017,-74.70479631,34021.0,2301.118580409874,7.486694263749262,7822,8439,633,0,7806,8432,369811,16,0,0,16,7
2020-09-10,US,New Jersey,Middlesex,18703,1423,0,40.43629879,-74.41426991,34023.0,2266.8599450707948,7.608405068705555,17280,18649,1421,0,17228,18625,829685,54,2,0,52,24
2020-09-10,US,New Jersey,Monmouth,11043,860,0,40.26549699,-74.22240686,34025.0,1784.5974838193586,7.787738839083582,10183,11002,860,0,10142,10966,621354,41,0,0,41,36
2020-09-10,US,New Jersey,Morris,7603,831,0,40.86095313,-74.54553709999998,34027.0,1545.8121969319602,10.929896093647244,6772,7596,831,0,6765,7592,494228,7,0,0,7,4
2020-09-10,US,New Jersey,Ocean,11598,1034,0,39.8895449,-74.28089251,34029.0,1910.1230924296674,8.915330229349886,10564,11543,1032,0,10511,11522,601651,55,2,0,53,21
2020-09-10,US,New Jersey,Passaic,18579,1248,0,41.03238628,-74.29954144,34031.0,3702.2792760837433,6.7172614241885995,17331,18560,1249,0,17311,18533,503310,19,-1,0,20,27
2020-09-10,US,New Jersey,Salem,1003,89,0,39.58719656,-75.34696629999998,34033.0,1607.7582752264166,8.873379860418744,914,1004,89,0,915,999,62607,-1,0,0,-1,5
2020-09-10,US,New Jersey,Somerset,5508,568,0,40.56465737,-74.61683016,34035.0,1674.5000516821005,10.312273057371096,4940,5489,567,0,4922,5481,331164,19,1,0,18,8
2020-09-10,US,New Jersey,Sussex,1416,198,0,41.13891592,-74.69118243,34037.0,1007.9152667843516,13.983050847457626,1218,1421,197,0,1224,1421,140799,-5,1,0,-6,0
2020-09-10,US,New Jersey,Unassigned,308,0,0,0.0,0.0,90034.0,0.0,0.0,308,303,0,0,303,307,,5,0,0,5,-4
2020-09-10,US,New Jersey,Union,17267,1354,0,40.65835409,-74.30680092,34039.0,3103.6720284861267,7.841547460473737,15913,17248,1355,0,15893,17238,558067,19,-1,0,20,10
2020-09-10,US,New Jersey,Warren,1412,171,0,40.85951833,-74.99556527,34041.0,1341.351040687015,12.110481586402265,1241,1410,171,0,1239,1411,105779,2,0,0,2,-1
2020-09-10,US,New Mexico,Bernalillo,6012,163,0,35.05163625,-106.6703554,35001.0,885.2619783514277,2.7112441783100465,5849,5985,162,0,5823,5979,678701,27,1,0,26,6
2020-09-10,US,New Mexico,Catron,11,1,0,33.91514144,-108.4046587,35003.0,311.8797845194216,9.090909090909092,10,11,1,0,10,11,3578,0,0,0,0,0
2020-09-10,US,New Mexico,Chaves,867,7,0,33.36406072,-104.4665365,35005.0,1341.793701152983,0.8073817762399077,860,836,7,0,829,820,64689,31,0,0,31,16
2020-09-10,US,New Mexico,Cibola,400,20,0,34.91131525,-107.998876,35006.0,1499.531396438613,5.0,380,397,20,0,377,397,26746,3,0,0,3,0
2020-09-10,US,New Mexico,Colfax,23,1,0,36.60569702,-104.64726740000002,35007.0,192.61368394606816,4.3478260869565215,22,23,1,0,22,23,12110,0,0,0,0,0
2020-09-10,US,New Mexico,Curry,715,5,0,34.57421077,-103.34688759999999,35009.0,1460.5548065530909,0.6993006993006993,710,713,5,0,708,707,49437,2,0,0,2,6
2020-09-10,US,New Mexico,De Baca,1,0,0,34.34274529,-104.4117842,35011.0,57.20823798627003,0.0,1,,,,,,1781,,,,,
2020-09-10,US,New Mexico,Dona Ana,2989,51,0,32.35275771,-106.83293870000001,35013.0,1369.8755700176448,1.7062562730010036,2938,2972,51,0,2921,2955,217522,17,0,0,17,17
2020-09-10,US,New Mexico,Eddy,609,5,0,32.47167456,-104.3053527,35015.0,1041.7379404721178,0.8210180623973727,604,588,5,0,583,584,57900,21,0,0,21,4
2020-09-10,US,New Mexico,Grant,97,2,0,32.73911281,-108.3827845,35017.0,359.2858730276317,2.061855670103093,95,90,2,0,88,89,27346,7,0,0,7,1
2020-09-10,US,New Mexico,Guadalupe,32,1,0,34.86319296,-104.790669,35019.0,744.1860465116278,3.125,31,32,1,0,31,32,4341,0,0,0,0,0
2020-09-10,US,New Mexico,Harding,2,0,0,35.85751555,-103.82209379999999,35021.0,320.0,0.0,2,2,0,0,2,2,655,0,0,0,0,0
2020-09-10,US,New Mexico,Hidalgo,98,2,0,31.91383467,-108.7151824,35023.0,2334.444973797047,2.0408163265306123,96,98,2,0,96,98,4240,0,0,0,0,0
2020-09-10,US,New Mexico,Lea,1225,17,0,32.79215361,-103.4123733,35025.0,1723.6527367384272,1.3877551020408163,1208,1212,17,0,1195,1205,69611,13,0,0,13,7
2020-09-10,US,New Mexico,Lincoln,176,3,0,33.74526079,-105.4586166,35027.0,899.2438176987532,1.7045454545454546,173,175,2,0,173,175,19556,1,1,0,0,0
2020-09-10,US,New Mexico,Los Alamos,29,0,0,35.86631386,-106.31349850000001,35028.0,149.7237854303268,0.0,29,28,0,0,28,27,19101,1,0,0,1,1
2020-09-10,US,New Mexico,Luna,350,5,0,32.18179341,-107.75088259999998,35029.0,1476.2326542663125,1.4285714285714286,345,345,5,0,340,342,23963,5,0,0,5,3
2020-09-10,US,New Mexico,McKinley,4252,250,0,35.58007720000001,-108.262245,35031.0,5957.935740608405,5.8795860771401705,4002,4250,249,0,4001,4244,72290,2,1,0,1,6
2020-09-10,US,New Mexico,Mora,6,0,0,36.01095101,-104.9497716,35033.0,132.71400132713998,0.0,6,6,0,0,6,6,4506,0,0,0,0,0
2020-09-10,US,New Mexico,Otero,229,12,0,32.61348406,-105.7417604,35035.0,339.3095273373833,5.240174672489083,217,229,12,0,217,228,66781,0,0,0,0,1
2020-09-10,US,New Mexico,Quay,66,2,0,35.10403332,-103.54817270000001,35037.0,799.7091966557616,3.0303030303030303,64,65,2,0,63,64,8253,1,0,0,1,1
2020-09-10,US,New Mexico,Rio Arriba,369,13,0,36.51072137,-106.69316740000001,35039.0,948.074304360114,3.523035230352304,356,370,13,0,357,370,39006,-1,0,0,-1,0
2020-09-10,US,New Mexico,Roosevelt,219,3,0,34.02097406,-103.4799493,35041.0,1183.7837837837835,1.3698630136986298,216,214,3,0,211,210,18743,5,0,0,5,4
2020-09-10,US,New Mexico,San Juan,3227,194,0,36.50838318,-108.32043700000001,35045.0,2603.301118120654,6.011775643012085,3033,3223,194,0,3029,3220,125043,4,0,0,4,3
2020-09-10,US,New Mexico,San Miguel,89,0,0,35.48014807,-104.8163562,35047.0,326.2822157861935,0.0,89,87,0,0,87,87,27591,2,0,0,2,0
2020-09-10,US,New Mexico,Sandoval,1271,38,0,35.68862401,-106.86878030000001,35043.0,866.1106113882303,2.989771833202203,1233,1266,38,0,1228,1262,145179,5,0,0,5,4
2020-09-10,US,New Mexico,Santa Fe,882,4,0,35.50708973,-105.9774716,35049.0,586.5999813777784,0.453514739229025,878,871,4,0,867,868,150056,11,0,0,11,3
2020-09-10,US,New Mexico,Sierra,38,1,0,33.13028233,-107.1925893,35051.0,352.14530627374666,2.631578947368421,37,38,1,0,37,38,10968,0,0,0,0,0
2020-09-10,US,New Mexico,Socorro,78,6,0,34.00715494,-106.9298354,35053.0,468.83452545531037,7.6923076923076925,72,78,6,0,72,78,16735,0,0,0,0,0
2020-09-10,US,New Mexico,Taos,122,3,0,36.58006022,-105.63101979999999,35055.0,372.82645234238913,2.459016393442623,119,119,3,0,116,118,32835,3,0,0,3,1
2020-09-10,US,New Mexico,Torrance,63,1,0,34.64048375,-105.8508949,35057.0,407.4768773041847,1.5873015873015872,62,63,1,0,62,63,15591,0,0,0,0,0
2020-09-10,US,New Mexico,Unassigned,1323,0,0,0.0,0.0,90035.0,0.0,0.0,1323,1323,0,0,1323,1321,,0,0,0,0,2
2020-09-10,US,New Mexico,Union,31,2,0,36.48126404,-103.4709624,35059.0,763.7349100763735,6.451612903225807,29,31,2,0,29,31,4118,0,0,0,0,0
2020-09-10,US,New Mexico,Valencia,528,4,0,34.71669834,-106.8103733,35061.0,688.5040684331317,0.7575757575757576,524,528,4,0,524,527,76456,0,0,0,0,1
2020-09-10,US,New York,Albany,2859,133,0,42.60060306,-73.97723916,36001.0,935.8245009917972,4.6519762154599515,2726,2846,133,0,2713,2840,307117,13,0,0,13,6
2020-09-10,US,New York,Allegany,93,1,0,42.25748406,-78.02750466,36003.0,201.77474995118354,1.075268817204301,92,92,1,0,91,92,46430,1,0,0,1,0
2020-09-10,US,New York,Bronx,52076,4929,0,40.85209301,-73.86282755,36005.0,3671.960440189621,9.465012673784466,47147,52018,4928,0,47090,51984,1432132,58,1,0,57,34
2020-09-10,US,New York,Broome,1383,69,0,42.15903158,-75.81326086,36007.0,726.0299861408593,4.989154013015185,1314,1378,69,0,1309,1374,191659,5,0,0,5,4
2020-09-10,US,New York,Cattaraugus,236,6,0,42.24778241,-78.67923096,36009.0,310.0490035077578,2.5423728813559316,230,234,6,0,228,233,76840,2,0,0,2,1
2020-09-10,US,New York,Cayuga,185,2,0,42.91261714,-76.55731592,36011.0,241.59005432511486,1.0810810810810811,183,185,2,0,183,184,77145,0,0,0,0,1
2020-09-10,US,New York,Chautauqua,492,9,0,42.22769210000001,-79.36691763,36013.0,387.69769036193003,1.8292682926829267,483,478,9,0,469,477,127939,14,0,0,14,1
2020-09-10,US,New York,Chemung,218,3,0,42.13891056,-76.7638805,36015.0,261.215490797546,1.3761467889908257,215,214,3,0,211,211,84254,4,0,0,4,3
2020-09-10,US,New York,Chenango,242,7,0,42.49430041,-75.60887553,36017.0,512.6358379053953,2.8925619834710745,235,240,7,0,233,239,47536,2,0,0,2,1
2020-09-10,US,New York,Clinton,152,5,0,44.74530905,-73.67875352,36019.0,188.85506616139654,3.2894736842105265,147,152,5,0,147,152,80695,0,0,0,0,0
2020-09-10,US,New York,Columbia,576,37,0,42.24819348,-73.63089095,36021.0,968.7021745345688,6.423611111111112,539,576,37,0,539,576,59916,0,0,0,0,0
2020-09-10,US,New York,Cortland,104,0,0,42.59509207,-76.07048931,36023.0,218.57464113826947,0.0,104,103,0,0,103,103,47823,1,0,0,1,0
2020-09-10,US,New York,Delaware,125,4,0,42.19837623,-74.96709306,36025.0,283.2219327064688,3.2,121,125,4,0,121,125,44527,0,0,0,0,0
2020-09-10,US,New York,Dutchess,4962,153,0,41.76486060000001,-73.74356679,36027.0,1686.504564642544,3.083434099153567,4809,4956,153,0,4803,4944,293718,6,0,0,6,12
2020-09-10,US,New York,Erie,10444,681,0,42.76249024,-78.73063652,36029.0,1136.82129787461,6.520490233626963,9763,10394,681,0,9713,10346,919719,50,0,0,50,48
2020-09-10,US,New York,Essex,150,0,0,44.11630765,-73.77297842,36031.0,406.669377795852,0.0,150,149,0,0,149,149,37300,1,0,0,1,0
2020-09-10,US,New York,Franklin,59,0,0,44.59040891,-74.29926032,36033.0,117.94810283475272,0.0,59,59,0,0,59,59,50293,0,0,0,0,0
2020-09-10,US,New York,Fulton,312,24,0,43.11363907,-74.41798804,36035.0,584.4557256055299,7.6923076923076925,288,312,24,0,288,312,53591,0,0,0,0,0
2020-09-10,US,New York,Genesee,306,5,0,43.0022601,-78.19135193,36037.0,534.2178770949722,1.6339869281045751,301,304,5,0,299,303,57511,2,0,0,2,1
2020-09-10,US,New York,Greene,317,18,0,42.275797,-74.12384884,36039.0,671.7809612613378,5.678233438485805,299,316,18,0,298,316,47491,1,0,0,1,0
2020-09-10,US,New York,Hamilton,14,0,0,43.66146647,-74.49721957,36041.0,317.0289855072464,0.0,14,14,0,0,14,14,4434,0,0,0,0,0
2020-09-10,US,New York,Herkimer,308,10,0,43.42034246,-74.96145307,36043.0,502.2912963355567,3.2467532467532467,298,308,10,0,298,308,61833,0,0,0,0,0
2020-09-10,US,New York,Jefferson,156,0,0,44.04200959,-75.94653457,36045.0,142.03252180563396,0.0,156,156,0,0,156,156,111755,0,0,0,0,0
2020-09-10,US,New York,Kings,65929,7299,0,40.636182500000004,-73.94935552,36047.0,2575.449147877869,11.071000621881117,58630,65819,7298,0,58521,65757,2582830,110,1,0,109,62
2020-09-10,US,New York,Lewis,50,0,0,43.784415700000004,-75.44903992,36049.0,190.14298752661998,0.0,50,50,0,0,50,49,26447,0,0,0,0,1
2020-09-10,US,New York,Livingston,190,8,0,42.72596275,-77.77966158,36051.0,301.99955494802435,4.2105263157894735,182,190,8,0,182,189,63227,0,0,0,0,1
2020-09-10,US,New York,Madison,475,17,0,42.91653905,-75.67266639,36053.0,669.5704881521264,3.5789473684210527,458,475,17,0,458,475,70795,0,0,0,0,0
2020-09-10,US,New York,Monroe,5648,289,0,43.14638895,-77.69322942,36055.0,761.4220041252679,5.1168555240793205,5359,5615,289,0,5326,5602,742474,33,0,0,33,13
2020-09-10,US,New York,Montgomery,215,4,0,42.90123494,-74.44011632,36057.0,436.8054285772333,1.8604651162790695,211,215,4,0,211,215,49455,0,0,0,0,0
2020-09-10,US,New York,Nassau,45445,2199,0,40.74066522,-73.58941873,36059.0,3349.1190368804737,4.838816151391792,43246,45372,2199,0,43173,45294,1358343,73,0,0,73,78
2020-09-10,US,New York,New York,32551,3178,0,40.76727260000001,-73.97152637,36061.0,1998.580468175349,9.763140917329727,29373,32500,3176,0,29324,32461,,51,2,0,49,39
2020-09-10,US,New York,Niagara,1666,101,0,43.19898042,-78.74777412,36063.0,796.0588873332982,6.062424969987996,1565,1663,101,0,1562,1659,210433,3,0,0,3,4
2020-09-10,US,New York,Oneida,2322,120,0,43.24375382,-75.43710392,36065.0,1015.4326521509067,5.1679586563307485,2202,2316,120,0,2196,2309,229577,6,0,0,6,7
2020-09-10,US,New York,Onondaga,4023,204,0,43.00491923,-76.19971155,36067.0,873.5625195427858,5.070842654735271,3819,4012,204,0,3808,4002,461809,11,0,0,11,10
2020-09-10,US,New York,Ontario,423,35,0,42.85145728,-77.30874425,36069.0,385.3266166865555,8.274231678486997,388,421,35,0,386,413,109864,2,0,0,2,8
2020-09-10,US,New York,Orange,11572,495,0,41.40337468,-74.30240757,36071.0,3006.182781732218,4.2775665399239555,11077,11552,495,0,11057,11535,381951,20,0,0,20,17
2020-09-10,US,New York,Orleans,318,54,0,43.2516977,-78.2320066,36073.0,788.0650277557494,16.9811320754717,264,317,54,0,263,317,40612,1,0,0,1,0
2020-09-10,US,New York,Oswego,333,3,0,43.42778894,-76.14635194,36075.0,284.31406031214783,0.9009009009009008,330,331,3,0,328,331,117898,2,0,0,2,0
2020-09-10,US,New York,Otsego,291,5,0,42.63492579,-75.03151402,36077.0,489.13317533155157,1.718213058419244,286,291,5,0,286,288,59749,0,0,0,0,3
2020-09-10,US,New York,Putnam,1541,63,0,41.42630093,-73.74965532,36079.0,1567.3311635475998,4.08825438027255,1478,1541,63,0,1478,1539,98892,0,0,0,0,2
2020-09-10,US,New York,Queens,70917,7233,0,40.71088124,-73.81684712,36081.0,3146.471516839127,10.199247007064598,63684,70824,7233,0,63591,70766,2278906,93,0,0,93,58
2020-09-10,US,New York,Rensselaer,867,40,0,42.71348136,-73.51089874,36083.0,546.2656098390817,4.61361014994233,827,866,40,0,826,865,159442,1,0,0,1,1
2020-09-10,US,New York,Richmond,15510,1084,0,40.58582155,-74.14808598,36085.0,3257.4247652490953,6.9890393294648625,14426,15486,1085,0,14401,15466,476179,24,-1,0,25,20
2020-09-10,US,New York,Rockland,14480,674,0,41.15027894,-74.02560498,36087.0,4444.594507487976,4.654696132596685,13806,14459,674,0,13785,14439,325695,21,0,0,21,20
2020-09-10,US,New York,Saratoga,918,17,0,43.10904162,-73.86653895,36091.0,399.3683193902455,1.851851851851852,901,911,17,0,894,900,230163,7,0,0,7,11
2020-09-10,US,New York,Schenectady,1335,45,0,42.81668777,-74.05278291,36093.0,859.632064597969,3.3707865168539324,1290,1324,45,0,1279,1322,155350,11,0,0,11,2
2020-09-10,US,New York,Schoharie,74,0,0,42.58831742,-74.44339029999998,36095.0,238.71737797993484,0.0,74,73,0,0,73,73,31097,1,0,0,1,0
2020-09-10,US,New York,Schuyler,29,0,0,42.39184015,-76.8773299,36097.0,162.857303307688,0.0,29,29,0,0,29,29,17912,0,0,0,0,0
2020-09-10,US,New York,Seneca,103,3,0,42.78081007,-76.82497064,36099.0,302.7986829727187,2.9126213592233015,100,102,3,0,99,102,34300,1,0,0,1,0
2020-09-10,US,New York,St. Lawrence,302,4,0,44.4976179,-75.06550039,36089.0,280.3044366066456,1.3245033112582782,298,301,4,0,297,297,108047,1,0,0,1,4
2020-09-10,US,New York,Steuben,325,42,0,42.2689144,-77.3829924,36101.0,340.74586649052725,12.923076923076925,283,325,42,0,283,323,95796,0,0,0,0,2
2020-09-10,US,New York,Suffolk,45463,2006,0,40.88320119,-72.8012172,36103.0,3078.895382029404,4.4123792974506735,43457,45411,2006,0,43405,45356,1481093,52,0,0,52,55
2020-09-10,US,New York,Sullivan,1548,48,0,41.71579493,-74.76394559,36105.0,2052.1794463888004,3.1007751937984502,1500,1544,48,0,1496,1544,75498,4,0,0,4,0
2020-09-10,US,New York,Tioga,218,25,0,42.16852837,-76.30835812,36107.0,452.2540090865713,11.46788990825688,193,217,25,0,192,216,48560,1,0,0,1,1
2020-09-10,US,New York,Tompkins,361,0,0,42.44945765,-76.47229843,36109.0,353.2981013897045,0.0,361,346,0,0,346,344,102793,15,0,0,15,2
2020-09-10,US,New York,Ulster,2204,94,0,41.89027881,-74.26252104,36111.0,1241.1796838483328,4.26497277676951,2110,2203,94,0,2109,2203,178599,1,0,0,1,0
2020-09-10,US,New York,Unassigned,0,18,0,0.0,0.0,90036.0,0.0,0.0,-18,0,21,0,-21,0,,0,-3,0,3,0
2020-09-10,US,New York,Warren,332,33,0,43.56173026,-73.8433699,36113.0,519.2043037657951,9.93975903614458,299,331,33,0,298,331,64265,1,0,0,1,0
2020-09-10,US,New York,Washington,272,14,0,43.31153794,-73.43043448,36115.0,444.4153976864257,5.147058823529412,258,272,14,0,258,271,61197,0,0,0,0,1
2020-09-10,US,New York,Wayne,298,5,0,43.15494365,-77.02976528,36117.0,331.41306523721613,1.6778523489932886,293,297,5,0,292,296,90064,1,0,0,1,1
2020-09-10,US,New York,Westchester,37405,1452,0,41.16278376,-73.75741653,36119.0,3866.1258948264917,3.8818339794145174,35953,37355,1452,0,35903,37314,967612,50,0,0,50,41
2020-09-10,US,New York,Wyoming,127,5,0,42.70145109,-78.22199579,36121.0,318.6231465917358,3.9370078740157477,122,127,5,0,122,127,40085,0,0,0,0,0
2020-09-10,US,New York,Yates,62,7,0,42.63505484,-77.10369919,36123.0,248.8660538674588,11.290322580645164,55,62,7,0,55,62,24841,0,0,0,0,0
2020-09-10,US,North Carolina,Alamance,3452,48,0,36.0434701,-79.39976137,37001.0,2036.4700399388823,1.3904982618771726,3404,3431,47,0,3384,3428,166436,21,1,0,20,3
2020-09-10,US,North Carolina,Alexander,460,3,0,35.922379600000006,-81.17751948,37003.0,1226.7648078512948,0.6521739130434783,457,457,3,0,454,446,37353,3,0,0,3,11
2020-09-10,US,North Carolina,Alleghany,210,0,0,36.49360862,-81.12857041,37005.0,1885.6065367693275,0.0,210,211,0,0,211,210,11161,-1,0,0,-1,1
2020-09-10,US,North Carolina,Anson,492,3,0,34.97403241,-80.09953279,37007.0,2012.5991982328399,0.6097560975609756,489,487,3,0,484,483,24877,5,0,0,5,4
2020-09-10,US,North Carolina,Ashe,232,1,0,36.43296207,-81.49862729,37009.0,852.8471124508328,0.4310344827586207,231,231,1,0,230,229,27109,1,0,0,1,2
2020-09-10,US,North Carolina,Avery,227,0,0,36.07569796,-81.92308483,37011.0,1292.9315942359176,0.0,227,226,0,0,226,224,17505,1,0,0,1,2
2020-09-10,US,North Carolina,Beaufort,704,10,0,35.48531943,-76.84325809,37013.0,1498.0635825850104,1.4204545454545454,694,689,10,0,679,685,47079,15,0,0,15,4
2020-09-10,US,North Carolina,Bertie,503,7,0,36.0688473,-76.96545943,37015.0,2654.773842824721,1.3916500994035783,496,498,7,0,491,495,19026,5,0,0,5,3
2020-09-10,US,North Carolina,Bladen,779,10,0,34.61296243,-78.56180059,37017.0,2380.661328769635,1.2836970474967908,769,770,10,0,760,771,33190,9,0,0,9,-1
2020-09-10,US,North Carolina,Brunswick,1457,26,0,34.070565,-78.22814204,37019.0,1020.1652429631703,1.7844886753603295,1431,1445,26,0,1419,1438,136744,12,0,0,12,7
2020-09-10,US,North Carolina,Buncombe,2685,72,0,35.61113393,-82.53305,37021.0,1027.9833531783254,2.681564245810056,2613,2667,72,0,2595,2641,259103,18,0,0,18,26
2020-09-10,US,North Carolina,Burke,1934,32,0,35.74989637,-81.70755735,37023.0,2137.3708349450185,1.654601861427094,1902,1931,32,0,1899,1928,90382,3,0,0,3,3
2020-09-10,US,North Carolina,Cabarrus,3495,56,0,35.3877799,-80.55267168,37025.0,1614.6692353536334,1.6022889842632333,3439,3467,56,0,3411,3445,211342,28,0,0,28,22
2020-09-10,US,North Carolina,Caldwell,1488,17,0,35.95204977,-81.54799522,37027.0,1810.703594636034,1.14247311827957,1471,1487,17,0,1470,1485,82029,1,0,0,1,2
2020-09-10,US,North Carolina,Camden,103,3,0,36.33804939,-76.15568396,37029.0,947.823686389988,2.9126213592233015,100,101,3,0,98,102,10710,2,0,0,2,-1
2020-09-10,US,North Carolina,Carteret,570,5,0,34.8932941,-76.54120135,37031.0,820.4626257682838,0.8771929824561403,565,559,5,0,554,555,69524,11,0,0,11,4
2020-09-10,US,North Carolina,Caswell,260,3,0,36.39312665,-79.33353281,37033.0,1150.2388957706598,1.1538461538461535,257,259,3,0,256,259,22698,1,0,0,1,0
2020-09-10,US,North Carolina,Catawba,2765,47,0,35.66211129,-81.2132617,37035.0,1732.9881981310052,1.6998191681735986,2718,2750,47,0,2703,2734,158652,15,0,0,15,16
2020-09-10,US,North Carolina,Chatham,1556,56,0,35.70394416,-79.25541492,37037.0,2089.431986034645,3.5989717223650386,1500,1549,56,0,1493,1545,73139,7,0,0,7,4
2020-09-10,US,North Carolina,Cherokee,507,6,0,35.1349263,-84.05970864,37039.0,1771.9837830280999,1.183431952662722,501,496,6,0,490,496,28383,11,0,0,11,0
2020-09-10,US,North Carolina,Chowan,261,3,0,36.12908077,-76.60118385,37041.0,1871.907050132683,1.1494252873563218,258,257,3,0,254,254,14029,4,0,0,4,3
2020-09-10,US,North Carolina,Clay,100,1,0,35.05704275,-83.74353633,37043.0,890.3926631644556,1.0,99,99,1,0,98,96,11139,1,0,0,1,3
2020-09-10,US,North Carolina,Cleveland,1764,50,0,35.33553364,-81.55204486,37045.0,1800.97399614077,2.8344671201814062,1714,1743,50,0,1693,1717,97645,21,0,0,21,26
2020-09-10,US,North Carolina,Columbus,1226,52,0,34.26744084,-78.65801424,37047.0,2208.6906391871444,4.241435562805873,1174,1207,52,0,1155,1191,55655,19,0,0,19,16
2020-09-10,US,North Carolina,Craven,1092,27,0,35.11833364,-77.08398081,37049.0,1069.1312818805743,2.4725274725274726,1065,1081,27,0,1054,1078,102912,11,0,0,11,3
2020-09-10,US,North Carolina,Cumberland,4569,72,0,35.04762133,-78.82623165,37051.0,1361.811456622624,1.5758371634931057,4497,4532,71,0,4461,4509,332330,37,1,0,36,23
2020-09-10,US,North Carolina,Currituck,131,0,0,36.36123664,-75.95876401,37053.0,471.85102474516435,0.0,131,123,0,0,123,122,27072,8,0,0,8,1
2020-09-10,US,North Carolina,Dare,256,2,0,35.66520691,-75.71767334,37055.0,691.7236347915373,0.78125,254,255,2,0,253,254,36501,1,0,0,1,1
2020-09-10,US,North Carolina,Davidson,2357,32,0,35.79115496,-80.21256572,37057.0,1406.2490677708233,1.3576580398812048,2325,2341,32,0,2309,2327,166614,16,0,0,16,14
2020-09-10,US,North Carolina,Davie,502,6,0,35.93099927,-80.54496571,37059.0,1171.637959202726,1.195219123505976,496,501,6,0,495,501,42733,1,0,0,1,0
2020-09-10,US,North Carolina,Duplin,2106,52,0,34.93449805,-77.93140529,37061.0,3585.2300777991522,2.469135802469136,2054,2099,52,0,2047,2099,58856,7,0,0,7,0
2020-09-10,US,North Carolina,Durham,7190,86,0,36.03638492,-78.87608331,37063.0,2236.4753894391088,1.196105702364395,7104,7151,86,0,7065,7144,316739,39,0,0,39,7
2020-09-10,US,North Carolina,Edgecombe,1110,23,0,35.91230639,-77.59436892,37065.0,2156.5122785203607,2.072072072072072,1087,1097,23,0,1074,1081,52005,13,0,0,13,16
2020-09-10,US,North Carolina,Forsyth,6511,84,0,36.12859861,-80.25459052,37067.0,1703.135013536667,1.2901244048533251,6427,6481,84,0,6397,6457,379099,30,0,0,30,24
2020-09-10,US,North Carolina,Franklin,1128,30,0,36.081519,-78.28708884,37069.0,1618.7127789337735,2.6595744680851063,1098,1123,30,0,1093,1120,67560,5,0,0,5,3
2020-09-10,US,North Carolina,Gaston,4424,67,0,35.29373559,-81.17477045,37071.0,1970.3468148880545,1.5144665461121158,4357,4388,67,0,4321,4348,222846,36,0,0,36,40
2020-09-10,US,North Carolina,Gates,102,3,0,36.44667547,-76.69749701,37073.0,882.2003113648157,2.9411764705882355,99,101,3,0,98,101,11573,1,0,0,1,0
2020-09-10,US,North Carolina,Graham,84,0,0,35.3506925,-83.83369267,37075.0,995.142755597678,0.0,84,84,0,0,84,82,8484,0,0,0,0,2
2020-09-10,US,North Carolina,Granville,1618,48,0,36.30337451,-78.65184241,37077.0,2676.9022053835847,2.9666254635352285,1570,1605,47,0,1558,1603,60115,13,1,0,12,2
2020-09-10,US,North Carolina,Greene,464,5,0,35.48544173,-77.67578087,37079.0,2202.287721296692,1.0775862068965518,459,458,5,0,453,458,21012,6,0,0,6,0
2020-09-10,US,North Carolina,Guilford,7448,174,0,36.07959451,-79.78824948,37081.0,1386.515356290513,2.3361976369495165,7274,7409,174,0,7235,7367,533670,39,0,0,39,42
2020-09-10,US,North Carolina,Halifax,916,17,0,36.25669272,-77.6556109,37083.0,1831.633673265347,1.8558951965065504,899,916,17,0,899,910,50574,0,0,0,0,6
2020-09-10,US,North Carolina,Harnett,1812,47,0,35.36731853,-78.87243571,37085.0,1332.5881037830204,2.593818984547461,1765,1792,46,0,1746,1784,134214,20,1,0,19,8
2020-09-10,US,North Carolina,Haywood,542,31,0,35.55269063,-82.98196486,37087.0,869.7466180977904,5.719557195571957,511,534,31,0,503,530,61971,8,0,0,8,4
2020-09-10,US,North Carolina,Henderson,1780,60,0,35.33788927,-82.4766782,37089.0,1515.9644685181872,3.3707865168539324,1720,1770,60,0,1710,1754,116748,10,0,0,10,16
2020-09-10,US,North Carolina,Hertford,613,23,0,36.3607755,-76.98104134,37091.0,2589.010432064873,3.752039151712888,590,612,23,0,589,597,23659,1,0,0,1,15
2020-09-10,US,North Carolina,Hoke,929,13,0,35.01888303,-79.23651674,37093.0,1681.9350400115866,1.3993541442411197,916,926,13,0,913,920,54764,3,0,0,3,6
2020-09-10,US,North Carolina,Hyde,118,3,0,35.42017674,-76.15180542,37095.0,2390.115454729593,2.5423728813559316,115,113,3,0,110,111,5230,5,0,0,5,2
2020-09-10,US,North Carolina,Iredell,2516,24,0,35.80950511,-80.8743128,37097.0,1383.8927208122946,0.9538950715421304,2492,2510,24,0,2486,2499,178435,6,0,0,6,11
2020-09-10,US,North Carolina,Jackson,516,7,0,35.28814273,-83.14093385,37099.0,1174.3820838454185,1.3565891472868217,509,514,7,0,507,511,43327,2,0,0,2,3
2020-09-10,US,North Carolina,Johnston,4061,54,0,35.51745004,-78.36622717,37101.0,1939.9156392263267,1.3297217434129525,4007,4041,52,0,3989,4030,202675,20,2,0,18,11
2020-09-10,US,North Carolina,Jones,141,7,0,35.02254606,-77.35870791,37103.0,1496.9742010829175,4.964539007092198,134,142,7,0,135,142,9637,-1,0,0,-1,0
2020-09-10,US,North Carolina,Lee,1498,13,0,35.47623147,-79.17569362,37105.0,2424.77217177358,0.8678237650200267,1485,1493,13,0,1480,1492,61452,5,0,0,5,1
2020-09-10,US,North Carolina,Lenoir,879,21,0,35.24032589999999,-77.64245615,37107.0,1571.073656365619,2.389078498293516,858,863,21,0,842,857,55976,16,0,0,16,6
2020-09-10,US,North Carolina,Lincoln,1278,13,0,35.48508185,-81.21740317,37109.0,1484.1309472657385,1.0172143974960877,1265,1261,13,0,1248,1235,83770,17,0,0,17,26
2020-09-10,US,North Carolina,Macon,557,2,0,35.14867843,-83.41696617,37113.0,1553.3493223269566,0.3590664272890485,555,553,2,0,551,551,35285,4,0,0,4,2
2020-09-10,US,North Carolina,Madison,81,1,0,35.85402722,-82.71346418,37115.0,372.32820041369797,1.2345679012345678,80,77,1,0,76,74,21763,4,0,0,4,3
2020-09-10,US,North Carolina,Martin,383,7,0,35.84326734,-77.10860251,37117.0,1706.7736185383246,1.827676240208877,376,380,7,0,373,379,22671,3,0,0,3,1
2020-09-10,US,North Carolina,McDowell,840,24,0,35.67736232,-82.0482425,37111.0,1835.8248098610013,2.8571428571428568,816,840,24,0,816,831,45507,0,0,0,0,9
2020-09-10,US,North Carolina,Mecklenburg,26564,326,0,35.24469268,-80.8317671,37119.0,2392.385865434149,1.2272248155398284,26238,26479,322,0,26157,26363,1093901,85,4,0,81,116
2020-09-10,US,North Carolina,Mitchell,94,3,0,36.01059309,-82.1582442,37121.0,628.174284950548,3.191489361702128,91,94,3,0,91,94,15000,0,0,0,0,0
2020-09-10,US,North Carolina,Montgomery,964,19,0,35.33155144,-79.90416657,37123.0,3547.6392006771425,1.970954356846473,945,961,19,0,942,950,27271,3,0,0,3,11
2020-09-10,US,North Carolina,Moore,1418,22,0,35.30885257,-79.48474178,37125.0,1405.6304520222045,1.5514809590973202,1396,1407,22,0,1385,1410,98682,11,0,0,11,-3
2020-09-10,US,North Carolina,Nash,1875,30,0,35.96575634,-77.98422508,37127.0,1988.3772720524296,1.6,1845,1862,28,0,1834,1858,94016,13,2,0,11,4
2020-09-10,US,North Carolina,New Hanover,3548,24,0,34.25758282,-77.87075626,37129.0,1513.1806220758892,0.6764374295377678,3524,3488,24,0,3464,3461,232274,60,0,0,60,27
2020-09-10,US,North Carolina,Northampton,362,17,0,36.41736238,-77.39769443,37131.0,1858.0300775034646,4.696132596685083,345,357,17,0,340,357,19676,5,0,0,5,0
2020-09-10,US,North Carolina,Onslow,1665,17,0,34.72607366,-77.42908179,37133.0,841.1724883549394,1.021021021021021,1648,1654,17,0,1637,1642,197683,11,0,0,11,12
2020-09-10,US,North Carolina,Orange,2459,54,0,36.06092947,-79.12167935,37135.0,1656.159918101242,2.1960146400976006,2405,2443,51,0,2392,2436,146027,16,3,0,13,7
2020-09-10,US,North Carolina,Pamlico,211,2,0,35.15253315,-76.66559823,37137.0,1658.022945151658,0.9478672985781992,209,210,2,0,208,211,12670,1,0,0,1,-1
2020-09-10,US,North Carolina,Pasquotank,612,26,0,36.26723798,-76.25134778,37139.0,1536.7617517075132,4.248366013071895,586,606,26,0,580,602,39639,6,0,0,6,4
2020-09-10,US,North Carolina,Pender,812,5,0,34.52265624,-77.90352133,37141.0,1287.662543609261,0.6157635467980296,807,801,5,0,796,802,62162,11,0,0,11,-1
2020-09-10,US,North Carolina,Perquimans,154,2,0,36.17847453,-76.40603143,37143.0,1143.8758077694422,1.2987012987012987,152,152,2,0,150,151,13422,2,0,0,2,1
2020-09-10,US,North Carolina,Person,366,6,0,36.38989032,-78.97217358,37145.0,926.8169156748544,1.639344262295082,360,360,6,0,354,358,39507,6,0,0,6,2
2020-09-10,US,North Carolina,Pitt,4155,25,0,35.59535426,-77.37353178,37147.0,2298.856934193492,0.601684717208183,4130,4103,24,0,4079,4077,179914,52,1,0,51,26
2020-09-10,US,North Carolina,Polk,248,7,0,35.27820615,-82.16812354,37149.0,1196.6801775718973,2.8225806451612905,241,248,7,0,241,243,20611,0,0,0,0,5
2020-09-10,US,North Carolina,Randolph,2537,47,0,35.71015088,-79.80570339,37151.0,1765.889174271057,1.8525817895151755,2490,2523,46,0,2477,2510,143351,14,1,0,13,13
2020-09-10,US,North Carolina,Richmond,768,11,0,35.00417719,-79.74491009,37153.0,1713.1767382721011,1.4322916666666667,757,749,11,0,738,741,44887,19,0,0,19,8
2020-09-10,US,North Carolina,Robeson,3944,66,0,34.64244496,-79.10250529999998,37155.0,3019.3301435406697,1.6734279918864097,3878,3887,63,0,3824,3862,131831,57,3,0,54,25
2020-09-10,US,North Carolina,Rockingham,1011,11,0,36.39593137,-79.77504841,37157.0,1110.866937699154,1.0880316518298714,1000,1002,10,0,992,996,90690,9,1,0,8,6
2020-09-10,US,North Carolina,Rowan,2993,79,0,35.64003916,-80.52446628,37159.0,2106.4410787680868,2.639492148346141,2914,2982,79,0,2903,2962,141262,11,0,0,11,20
2020-09-10,US,North Carolina,Rutherford,1033,20,0,35.40114178,-81.92112099,37161.0,1541.1239911083262,1.936108422071636,1013,1026,20,0,1006,1020,66826,7,0,0,7,6
2020-09-10,US,North Carolina,Sampson,1686,22,0,34.98820368,-78.36914061,37163.0,2653.8225433253056,1.3048635824436536,1664,1681,22,0,1659,1679,63626,5,0,0,5,2
2020-09-10,US,North Carolina,Scotland,771,10,0,34.8386299,-79.4757978,37165.0,2214.053929873934,1.2970168612191961,761,751,10,0,741,747,34810,20,0,0,20,4
2020-09-10,US,North Carolina,Stanly,1645,52,0,35.31647813,-80.25093221,37167.0,2619.176511798236,3.1610942249240117,1593,1637,52,0,1585,1628,62075,8,0,0,8,9
2020-09-10,US,North Carolina,Stokes,375,3,0,36.4017975,-80.23893369,37169.0,822.5307626505231,0.8,372,369,3,0,366,363,45467,6,0,0,6,6
2020-09-10,US,North Carolina,Surry,1230,20,0,36.41689489,-80.69102283,37171.0,1713.4976247858124,1.6260162601626016,1210,1217,19,0,1198,1215,71948,13,1,0,12,2
2020-09-10,US,North Carolina,Swain,135,3,0,35.48665845,-83.48748932,37173.0,945.9743535841916,2.2222222222222223,132,136,3,0,133,135,14245,-1,0,0,-1,1
2020-09-10,US,North Carolina,Transylvania,283,6,0,35.20383864,-82.79638423,37175.0,823.0332994038098,2.120141342756184,277,282,7,0,275,277,34215,1,-1,0,2,5
2020-09-10,US,North Carolina,Tyrrell,108,2,0,35.87147226,-76.17055253,37177.0,2689.2430278884462,1.851851851851852,106,108,2,0,106,108,4131,0,0,0,0,0
2020-09-10,US,North Carolina,Union,4267,55,0,34.98960527,-80.52955873,37179.0,1778.9618067281194,1.2889617998593859,4212,4234,52,0,4182,4193,235908,33,3,0,30,41
2020-09-10,US,North Carolina,Vance,963,43,0,36.36880673,-78.40670845,37181.0,2162.3442236443248,4.46521287642783,920,957,42,0,915,952,44582,6,1,0,5,5
2020-09-10,US,North Carolina,Wake,15999,213,0,35.78879266,-78.65249174,37183.0,1439.0682889577884,1.3313332083255205,15786,15919,212,0,15707,15887,1092305,80,1,0,79,32
2020-09-10,US,North Carolina,Warren,298,7,0,36.39728256,-78.10652228,37185.0,1510.3137195276468,2.348993288590604,291,298,7,0,291,298,19807,0,0,0,0,0
2020-09-10,US,North Carolina,Washington,192,7,0,35.83810081,-76.57299037,37187.0,1658.0310880829015,3.6458333333333335,185,190,6,0,184,190,11859,2,1,0,1,0
2020-09-10,US,North Carolina,Watauga,503,0,0,36.23103603,-81.70033724,37189.0,895.3842319810599,0.0,503,505,0,0,505,498,55945,-2,0,0,-2,7
2020-09-10,US,North Carolina,Wayne,2970,61,0,35.36438125,-78.00027268,37191.0,2412.065198853254,2.053872053872054,2909,2946,60,0,2886,2931,123248,24,1,0,23,15
2020-09-10,US,North Carolina,Wilkes,1090,28,0,36.2084135,-81.16232895,37193.0,1593.2877272993042,2.568807339449541,1062,1085,27,0,1058,1083,68557,5,1,0,4,2
2020-09-10,US,North Carolina,Wilson,1881,43,0,35.70625477,-77.917978,37195.0,2299.4828914071954,2.28601807549176,1838,1870,40,0,1830,1862,81455,11,3,0,8,8
2020-09-10,US,North Carolina,Yadkin,673,7,0,36.16222629,-80.66239436,37197.0,1786.7098521252026,1.0401188707280833,666,666,7,0,659,661,37543,7,0,0,7,5
2020-09-10,US,North Carolina,Yancey,110,0,0,35.90079156,-82.31237181,37199.0,608.7774641651447,0.0,110,108,0,0,108,107,17903,2,0,0,2,1
2020-09-10,US,North Dakota,Adams,8,0,0,46.09686891,-102.5285397,38001.0,361.01083032490976,0.0,8,8,0,0,8,9,2294,0,0,0,0,-1
2020-09-10,US,North Dakota,Barnes,160,0,0,46.93579637,-98.06605978,38003.0,1536.2457993278924,0.0,160,157,0,0,157,157,10542,3,0,0,3,0
2020-09-10,US,North Dakota,Benson,253,4,0,48.0683985,-99.35916363,38005.0,3703.161592505855,1.5810276679841897,249,250,4,0,246,249,6962,3,0,0,3,1
2020-09-10,US,North Dakota,Billings,6,0,0,47.02366884,-103.3762965,38007.0,646.5517241379309,0.0,6,6,0,0,6,7,919,0,0,0,0,-1
2020-09-10,US,North Dakota,Bottineau,34,0,0,48.79106111,-100.8378166,38009.0,541.2289079910856,0.0,34,34,0,0,34,34,6411,0,0,0,0,0
2020-09-10,US,North Dakota,Bowman,22,0,0,46.11285362,-103.5203343,38011.0,727.5132275132275,0.0,22,20,0,0,20,21,3076,2,0,0,2,-1
2020-09-10,US,North Dakota,Burke,25,1,0,48.79094471,-102.51821170000001,38013.0,1182.033096926714,4.0,24,25,1,0,24,25,2100,0,0,0,0,0
2020-09-10,US,North Dakota,Burleigh,2461,22,0,46.97847375,-100.46452140000001,38015.0,2573.5678581139027,0.8939455505891913,2439,2399,20,0,2379,2348,95273,62,2,0,60,51
2020-09-10,US,North Dakota,Cass,4020,76,0,46.93201724,-97.24447190000001,38017.0,2209.7260929074387,1.8905472636815916,3944,3957,76,0,3881,3894,181516,63,0,0,63,63
2020-09-10,US,North Dakota,Cavalier,37,0,0,48.77286211,-98.46685243,38019.0,983.519404572036,0.0,37,36,0,0,36,36,3829,1,0,0,1,0
2020-09-10,US,North Dakota,Dickey,33,0,0,46.11017712,-98.50490079999999,38021.0,677.3399014778325,0.0,33,31,0,0,31,31,4903,2,0,0,2,0
2020-09-10,US,North Dakota,Divide,6,0,0,48.814938700000006,-103.48736109999999,38023.0,265.01766784452303,0.0,6,6,0,0,6,6,2283,0,0,0,0,0
2020-09-10,US,North Dakota,Dunn,52,1,0,47.35423935,-102.61604679999999,38025.0,1175.4068716094032,1.9230769230769231,51,51,0,0,51,52,4332,1,1,0,0,-1
2020-09-10,US,North Dakota,Eddy,53,0,0,47.71701474,-98.90432337,38027.0,2317.4464363795364,0.0,53,51,0,0,51,50,2313,2,0,0,2,1
2020-09-10,US,North Dakota,Emmons,35,1,0,46.28398398,-100.2389766,38029.0,1079.913606911447,2.8571428571428568,34,35,1,0,34,34,3295,0,0,0,0,1
2020-09-10,US,North Dakota,Foster,43,0,0,47.457108399999996,-98.88279923,38031.0,1339.563862928349,0.0,43,42,0,0,42,43,3216,1,0,0,1,-1
2020-09-10,US,North Dakota,Golden Valley,39,0,0,46.94022281,-103.8465421,38033.0,2214.650766609881,0.0,39,39,0,0,39,39,1769,0,0,0,0,0
2020-09-10,US,North Dakota,Grand Forks,1810,12,0,47.92093639,-97.45450447,38035.0,2606.1539790643765,0.6629834254143646,1798,1810,12,0,1798,1796,70770,0,0,0,0,14
2020-09-10,US,North Dakota,Grant,9,0,0,46.35821257,-101.63900129999999,38037.0,395.77836411609496,0.0,9,9,0,0,9,9,2374,0,0,0,0,0
2020-09-10,US,North Dakota,Griggs,40,1,0,47.45785838,-98.23850925,38039.0,1792.9179740026889,2.5,39,40,1,0,39,39,2232,0,0,0,0,1
2020-09-10,US,North Dakota,Hettinger,37,0,0,46.43375068,-102.4632417,38041.0,1480.592236894758,0.0,37,35,0,0,35,34,2514,2,0,0,2,1
2020-09-10,US,North Dakota,Kidder,38,0,0,46.97830064,-99.77507857,38043.0,1532.2580645161293,0.0,38,38,0,0,38,38,2450,0,0,0,0,0
2020-09-10,US,North Dakota,LaMoure,30,0,0,46.45681054,-98.53542355,38045.0,741.4730598121602,0.0,30,28,0,0,28,28,4062,2,0,0,2,0
2020-09-10,US,North Dakota,Logan,13,0,0,46.45729487,-99.47719806,38047.0,702.7027027027028,0.0,13,13,0,0,13,12,1903,0,0,0,0,1
2020-09-10,US,North Dakota,McHenry,52,1,0,48.23104458,-100.6324822,38049.0,905.134899912968,1.9230769230769231,51,51,1,0,50,51,5816,1,0,0,1,0
2020-09-10,US,North Dakota,McIntosh,46,3,0,46.11182017,-99.44145858,38051.0,1842.21065278334,6.521739130434782,43,45,3,0,42,45,2585,1,0,0,1,0
2020-09-10,US,North Dakota,McKenzie,142,2,0,47.74133370000001,-103.395905,38053.0,945.1544195953142,1.4084507042253518,140,139,2,0,137,137,13632,3,0,0,3,2
2020-09-10,US,North Dakota,McLean,186,2,0,47.60766714,-101.3182418,38055.0,1968.253968253968,1.075268817204301,184,184,2,0,182,184,9541,2,0,0,2,0
2020-09-10,US,North Dakota,Mercer,60,0,0,47.31213126,-101.8318399,38057.0,732.8691828508611,0.0,60,50,0,0,50,51,8267,10,0,0,10,-1
2020-09-10,US,North Dakota,Morton,809,7,0,46.71681782,-101.2822377,38059.0,2579.3903838796077,0.865265760197775,802,775,7,0,768,769,31095,34,0,0,34,6
2020-09-10,US,North Dakota,Mountrail,185,1,0,48.20197971,-102.3555315,38061.0,1754.385964912281,0.5405405405405406,184,180,1,0,179,182,10218,5,0,0,5,-2
2020-09-10,US,North Dakota,Nelson,34,0,0,47.9226426,-98.19038437,38063.0,1180.9656130600904,0.0,34,34,0,0,34,34,2869,0,0,0,0,0
2020-09-10,US,North Dakota,Oliver,10,0,0,47.11530482,-101.3406158,38065.0,510.46452271567125,0.0,10,10,0,0,10,10,1952,0,0,0,0,0
2020-09-10,US,North Dakota,Pembina,41,0,0,48.76623521,-97.5523809,38067.0,602.8525216879872,0.0,41,40,0,0,40,41,6947,1,0,0,1,-1
2020-09-10,US,North Dakota,Pierce,28,0,0,48.24977025,-99.96407787,38069.0,704.4025157232704,0.0,28,28,0,0,28,30,4081,0,0,0,0,-2
2020-09-10,US,North Dakota,Ramsey,158,2,0,48.26886249,-98.72223879,38071.0,1371.6468443441272,1.2658227848101269,156,155,2,0,153,158,11481,3,0,0,3,-3
2020-09-10,US,North Dakota,Ransom,49,0,0,46.45621782,-97.65742504,38073.0,939.0571100038327,0.0,49,48,0,0,48,49,5237,1,0,0,1,-1
2020-09-10,US,North Dakota,Renville,14,0,0,48.71982533,-101.6603912,38075.0,601.6330038676408,0.0,14,12,0,0,12,11,2374,2,0,0,2,1
2020-09-10,US,North Dakota,Richland,158,1,0,46.26440649,-96.94852979,38077.0,976.6953081535512,0.6329113924050633,157,154,1,0,153,149,16239,4,0,0,4,5
2020-09-10,US,North Dakota,Rolette,135,3,0,48.77245354,-99.84097493,38079.0,952.3137697516928,2.2222222222222223,132,134,3,0,131,132,14301,1,0,0,1,2
2020-09-10,US,North Dakota,Sargent,28,0,0,46.10830372,-97.63217159,38081.0,718.3170856849666,0.0,28,25,0,0,25,20,3870,3,0,0,3,5
2020-09-10,US,North Dakota,Sheridan,9,0,0,47.57700669,-100.3426391,38083.0,684.4106463878327,0.0,9,9,0,0,9,9,1349,0,0,0,0,0
2020-09-10,US,North Dakota,Sioux,127,3,0,46.11323337,-101.04401490000001,38085.0,3002.364066193853,2.3622047244094486,124,128,3,0,125,127,4358,-1,0,0,-1,1
2020-09-10,US,North Dakota,Slope,7,0,0,46.44737738,-103.4601547,38087.0,933.3333333333336,0.0,7,7,0,0,7,7,763,0,0,0,0,0
2020-09-10,US,North Dakota,Stark,989,6,0,46.80851182,-102.65763259999999,38089.0,3140.7793197624574,0.6066734074823054,983,922,6,0,916,896,30997,67,0,0,67,26
2020-09-10,US,North Dakota,Steele,24,0,0,47.45611548,-97.72728747,38091.0,1269.8412698412699,0.0,24,24,0,0,24,25,1903,0,0,0,0,-1
2020-09-10,US,North Dakota,Stutsman,367,3,0,46.97962541,-98.95637318,38093.0,1772.6043276661514,0.8174386920980926,364,356,3,0,353,355,20917,11,0,0,11,1
2020-09-10,US,North Dakota,Towner,11,0,0,48.68565745,-99.24564265,38095.0,502.51256281407035,0.0,11,10,0,0,10,11,2192,1,0,0,1,-1
2020-09-10,US,North Dakota,Traill,77,0,0,47.45367788,-97.16323288,38097.0,958.1881533101047,0.0,77,77,0,0,77,79,8037,0,0,0,0,-2
2020-09-10,US,North Dakota,Walsh,156,1,0,48.36876964,-97.72574783,38099.0,1466.0276289822384,0.6410256410256411,155,155,1,0,154,156,10667,1,0,0,1,-1
2020-09-10,US,North Dakota,Ward,631,3,0,48.22390169,-101.54367629999999,38101.0,932.8661610561644,0.4754358161648177,628,601,3,0,598,594,67744,30,0,0,30,7
2020-09-10,US,North Dakota,Wells,30,0,0,47.58614526,-99.65904998,38103.0,782.4726134585289,0.0,30,30,0,0,30,29,3957,0,0,0,0,1
2020-09-10,US,North Dakota,Williams,616,4,0,48.34522353,-103.4793387,38105.0,1638.777301870228,0.6493506493506493,612,607,4,0,603,540,35350,9,0,0,9,67
2020-09-10,US,Ohio,Adams,99,4,0,38.84541072,-83.4718964,39001.0,357.4265289912629,4.040404040404041,95,98,4,0,94,96,27724,1,0,0,1,2
2020-09-10,US,Ohio,Allen,1271,61,0,40.77285242,-84.10802343,39003.0,1241.8051606725874,4.799370574350905,1210,1254,61,0,1193,1244,102663,17,0,0,17,10
2020-09-10,US,Ohio,Ashland,184,4,0,40.84772277,-82.27280781,39005.0,344.0281205594196,2.1739130434782608,180,178,4,0,174,179,53745,6,0,0,6,-1
2020-09-10,US,Ohio,Ashtabula,624,46,0,41.70860332,-80.74830218,39007.0,641.7046307627443,7.371794871794871,578,623,46,0,577,622,97493,1,0,0,1,1
2020-09-10,US,Ohio,Athens,464,2,0,39.33425634,-82.04278644,39009.0,710.2729346212133,0.4310344827586207,462,447,2,0,445,437,65818,17,0,0,17,10
2020-09-10,US,Ohio,Auglaize,494,8,0,40.55998859,-84.22421429999999,39011.0,1082.004555808656,1.6194331983805668,486,486,8,0,478,477,45804,8,0,0,8,9
2020-09-10,US,Ohio,Belmont,694,27,0,40.01625942,-80.9924051,39013.0,1035.7281437483211,3.890489913544669,667,691,27,0,664,691,67505,3,0,0,3,0
2020-09-10,US,Ohio,Brown,244,2,0,38.93416837,-83.86788395,39015.0,561.7977528089888,0.819672131147541,242,242,2,0,240,239,43602,2,0,0,2,3
2020-09-10,US,Ohio,Butler,5009,85,0,39.44012838,-84.57388716,39017.0,1307.3754874273752,1.6969454981034138,4924,4906,81,0,4825,4837,382378,103,4,0,99,69
2020-09-10,US,Ohio,Carroll,136,7,0,40.578968599999996,-81.09178213,39019.0,505.31321988556135,5.147058823529412,129,135,7,0,128,133,27081,1,0,0,1,2
2020-09-10,US,Ohio,Champaign,264,3,0,40.13923427,-83.76875242,39021.0,678.925035360679,1.1363636363636365,261,263,3,0,260,260,38754,1,0,0,1,3
2020-09-10,US,Ohio,Clark,1565,33,0,39.91592258,-83.78498252,39023.0,1167.1874883467706,2.108626198083067,1532,1547,31,0,1516,1527,134585,18,2,0,16,20
2020-09-10,US,Ohio,Clermont,1427,16,0,39.04847534,-84.15375786,39025.0,691.282190400527,1.1212333566923616,1411,1406,16,0,1390,1398,205466,21,0,0,21,8
2020-09-10,US,Ohio,Clinton,263,12,0,39.41485808,-83.80852286,39027.0,626.6679374761724,4.56273764258555,251,262,11,0,251,259,42057,1,1,0,0,3
2020-09-10,US,Ohio,Columbiana,1889,71,0,40.76932373,-80.78094576,39029.0,1854.0875317766456,3.758602435150873,1818,1878,69,0,1809,1876,102665,11,2,0,9,2
2020-09-10,US,Ohio,Coshocton,223,9,0,40.30096166,-81.91729018,39031.0,609.2896174863388,4.035874439461884,214,223,9,0,214,223,36629,0,0,0,0,0
2020-09-10,US,Ohio,Crawford,206,5,0,40.85065156,-82.91989099,39033.0,496.4573191304768,2.4271844660194173,201,206,5,0,201,205,41550,0,0,0,0,1
2020-09-10,US,Ohio,Cuyahoga,16479,613,0,41.424119,-81.65918339,39035.0,1334.2541973261475,3.719885915407488,15866,16407,608,0,15799,16360,1243857,72,5,0,67,47
2020-09-10,US,Ohio,Darke,687,36,0,40.13412966,-84.6194517,39037.0,1344.0807622327002,5.240174672489083,651,682,36,0,646,676,51323,5,0,0,5,6
2020-09-10,US,Ohio,Defiance,246,8,0,41.32398837,-84.49076944,39039.0,645.889673641925,3.2520325203252027,238,238,8,0,230,237,38165,8,0,0,8,1
2020-09-10,US,Ohio,Delaware,1857,20,0,40.27942393,-83.00457058,39041.0,887.7649072316748,1.0770059235325795,1837,1824,20,0,1804,1802,204826,33,0,0,33,22
2020-09-10,US,Ohio,Erie,827,40,0,41.36796058,-82.62904521,39043.0,1113.5647537231034,4.836759371221283,787,826,40,0,786,823,74615,1,0,0,1,3
2020-09-10,US,Ohio,Fairfield,1882,44,0,39.75107189,-82.63088163,39045.0,1194.3594755479965,2.3379383634431457,1838,1867,44,0,1823,1837,155782,15,0,0,15,30
2020-09-10,US,Ohio,Fayette,210,5,0,39.56021306,-83.4562016,39047.0,736.1963190184049,2.380952380952381,205,209,5,0,204,208,28666,1,0,0,1,1
2020-09-10,US,Ohio,Franklin,23994,573,0,39.96995815,-83.01115755,39049.0,1822.2054807420661,2.388097024256064,23421,23763,572,0,23191,23477,1310300,231,1,0,230,286
2020-09-10,US,Ohio,Fulton,207,1,0,41.60213491,-84.12571393,39051.0,491.38299387551626,0.4830917874396135,206,205,1,0,204,203,42276,2,0,0,2,2
2020-09-10,US,Ohio,Gallia,163,9,0,38.82708533,-82.31647569,39053.0,545.1869690280287,5.521472392638037,154,160,9,0,151,158,29979,3,0,0,3,2
2020-09-10,US,Ohio,Geauga,671,46,0,41.49952319,-81.17935342,39055.0,716.5052483208577,6.855439642324887,625,667,46,0,621,663,94031,4,0,0,4,4
2020-09-10,US,Ohio,Greene,1149,25,0,39.69116283,-83.89032084,39057.0,680.135198328371,2.1758050478677107,1124,1136,21,0,1115,1125,167995,13,4,0,9,11
2020-09-10,US,Ohio,Guernsey,142,7,0,40.05026529,-81.49248905,39059.0,365.2733118971061,4.929577464788731,135,142,7,0,135,141,39022,0,0,0,0,1
2020-09-10,US,Ohio,Hamilton,11970,288,0,39.19673558,-84.54502924,39061.0,1464.268544649181,2.406015037593985,11682,11896,288,0,11608,11826,816684,74,0,0,74,70
2020-09-10,US,Ohio,Hancock,583,7,0,41.00250487,-83.66838948,39063.0,769.3018223084332,1.2006861063464838,576,577,7,0,570,572,75930,6,0,0,6,5
2020-09-10,US,Ohio,Hardin,241,13,0,40.66015414,-83.65929931,39065.0,768.3723896062489,5.394190871369295,228,238,13,0,225,237,31480,3,0,0,3,1
2020-09-10,US,Ohio,Harrison,42,1,0,40.29380509,-81.09068544,39067.0,279.25531914893617,2.380952380952381,41,41,1,0,40,37,15174,1,0,0,1,4
2020-09-10,US,Ohio,Henry,260,10,0,41.333964200000004,-84.06830637,39069.0,962.7490187365773,3.8461538461538463,250,255,8,0,247,246,27086,5,2,0,3,9
2020-09-10,US,Ohio,Highland,208,3,0,39.1839264,-83.60331456,39071.0,481.9165450290772,1.4423076923076923,205,206,3,0,203,204,43058,2,0,0,2,2
2020-09-10,US,Ohio,Hocking,149,9,0,39.49537927,-82.47991446,39073.0,527.1723747523351,6.040268456375839,140,148,9,0,139,148,28385,1,0,0,1,0
2020-09-10,US,Ohio,Holmes,356,7,0,40.56163713,-81.92635677,39075.0,809.8271155595996,1.9662921348314608,349,355,7,0,348,355,43892,1,0,0,1,0
2020-09-10,US,Ohio,Huron,499,6,0,41.14651175,-82.59867951,39077.0,856.4171214773627,1.2024048096192386,493,498,6,0,492,496,58504,1,0,0,1,2
2020-09-10,US,Ohio,Jackson,190,2,0,39.01914254,-82.61818559999998,39079.0,586.1845555795514,1.0526315789473684,188,190,2,0,188,185,32384,0,0,0,0,5
2020-09-10,US,Ohio,Jefferson,301,4,0,40.38614126,-80.76259514,39081.0,460.7730577879831,1.32890365448505,297,292,4,0,288,292,65767,9,0,0,9,0
2020-09-10,US,Ohio,Knox,262,15,0,40.39830217,-82.42027563,39083.0,420.3972914861525,5.7251908396946565,247,260,15,0,245,259,61893,2,0,0,2,1
2020-09-10,US,Ohio,Lake,1459,45,0,41.69710807,-81.23676539,39085.0,633.9371450668915,3.084304318026045,1414,1444,45,0,1399,1438,230514,15,0,0,15,6
2020-09-10,US,Ohio,Lawrence,508,17,0,38.59743452,-82.53466552,39087.0,854.3127659216658,3.3464566929133857,491,501,17,0,484,494,59866,7,0,0,7,7
2020-09-10,US,Ohio,Licking,1716,58,0,40.09136236,-82.48185785,39089.0,970.2479899582726,3.3799533799533794,1658,1709,58,0,1651,1698,175769,7,0,0,7,11
2020-09-10,US,Ohio,Logan,263,3,0,40.38996525,-83.76784341,39091.0,575.8451567700123,1.1406844106463878,260,259,2,0,257,255,45358,4,1,0,3,4
2020-09-10,US,Ohio,Lorain,2190,85,0,41.29553751,-82.15083537,39093.0,706.832390352222,3.8812785388127855,2105,2184,85,0,2099,2181,309461,6,0,0,6,3
2020-09-10,US,Ohio,Lucas,6786,350,0,41.62101218,-83.65468618,39095.0,1584.2259097742954,5.157677571470675,6436,6754,350,0,6404,6737,429899,32,0,0,32,17
2020-09-10,US,Ohio,Madison,737,11,0,39.89381073,-83.40178317,39097.0,1647.6269253984933,1.492537313432836,726,732,11,0,721,732,44413,5,0,0,5,0
2020-09-10,US,Ohio,Mahoning,2923,274,0,41.01631101,-80.77287029,39099.0,1278.1885841973387,9.373930892918237,2649,2915,272,0,2643,2906,229642,8,2,0,6,9
2020-09-10,US,Ohio,Marion,3030,46,0,40.58610662,-83.15736305,39101.0,4654.878404743979,1.518151815181518,2984,3026,46,0,2980,3025,65256,4,0,0,4,1
2020-09-10,US,Ohio,Medina,1330,38,0,41.11770589,-81.89986209999998,39103.0,739.9330165900772,2.8571428571428568,1292,1313,38,0,1275,1308,179146,17,0,0,17,5
2020-09-10,US,Ohio,Meigs,156,6,0,39.09224872,-82.0305041,39105.0,681.0145370410793,3.8461538461538463,150,156,6,0,150,155,23106,0,0,0,0,1
2020-09-10,US,Ohio,Mercer,924,17,0,40.54043046,-84.62912742,39107.0,2244.2436607403088,1.83982683982684,907,919,17,0,902,910,40959,5,0,0,5,9
2020-09-10,US,Ohio,Miami,1198,47,0,40.0543329,-84.22871271,39109.0,1119.762214100779,3.9232053422370616,1151,1173,47,0,1126,1149,106222,25,0,0,25,24
2020-09-10,US,Ohio,Monroe,106,18,0,39.72984936,-81.08464734,39111.0,776.3292807968361,16.9811320754717,88,104,18,0,86,105,13790,2,0,0,2,-1
2020-09-10,US,Ohio,Montgomery,6824,140,0,39.75394919,-84.29050975,39113.0,1283.4618864106135,2.0515826494724503,6684,6743,138,0,6605,6678,532331,81,2,0,79,65
2020-09-10,US,Ohio,Morgan,45,0,0,39.62081738,-81.85308173,39115.0,310.1736972704714,0.0,45,45,0,0,45,45,14604,0,0,0,0,0
2020-09-10,US,Ohio,Morrow,237,2,0,40.52363560000001,-82.7892599,39117.0,670.8559782608696,0.8438818565400844,235,236,2,0,234,236,35112,1,0,0,1,0
2020-09-10,US,Ohio,Muskingum,330,2,0,39.96575964,-81.94363275,39119.0,382.7640201821029,0.6060606060606061,328,329,2,0,327,326,86183,1,0,0,1,3
2020-09-10,US,Ohio,Noble,23,0,0,39.76818851,-81.45937183,39121.0,159.45646145313367,0.0,23,23,0,0,23,23,14354,0,0,0,0,0
2020-09-10,US,Ohio,Ottawa,458,30,0,41.53781826,-83.0940185,39123.0,1130.1665638494756,6.5502183406113526,428,459,30,0,429,459,40769,-1,0,0,-1,0
2020-09-10,US,Ohio,Paulding,90,0,0,41.11676341,-84.5801017,39125.0,482.0051413881748,0.0,90,87,0,0,87,87,18760,3,0,0,3,0
2020-09-10,US,Ohio,Perry,257,9,0,39.73508655,-82.23804971,39127.0,711.2414900094092,3.5019455252918283,248,257,9,0,248,256,36033,0,0,0,0,1
2020-09-10,US,Ohio,Pickaway,2532,44,0,39.64170392,-83.0243386,39129.0,4331.388884137058,1.7377567140600316,2488,2527,44,0,2483,2527,58086,5,0,0,5,0
2020-09-10,US,Ohio,Pike,118,0,0,39.07634001,-83.06769584,39131.0,424.8883767823708,0.0,118,116,0,0,116,115,28067,2,0,0,2,1
2020-09-10,US,Ohio,Portage,963,65,0,41.16793482,-81.19735782,39133.0,592.7394039368237,6.749740394600207,898,959,65,0,894,948,162927,4,0,0,4,11
2020-09-10,US,Ohio,Preble,391,7,0,39.7420247,-84.64787018,39135.0,956.4111344846144,1.7902813299232736,384,388,7,0,381,381,40997,3,0,0,3,7
2020-09-10,US,Ohio,Putnam,445,17,0,41.02094889,-84.1336111,39137.0,1314.1962729984348,3.820224719101124,428,431,17,0,414,422,33780,14,0,0,14,9
2020-09-10,US,Ohio,Richland,731,18,0,40.77180308,-82.53799609999999,39139.0,603.3643131881737,2.4623803009575917,713,730,18,0,712,725,121099,1,0,0,1,5
2020-09-10,US,Ohio,Ross,808,16,0,39.33705391,-83.06000914,39141.0,1053.9222080192,1.98019801980198,792,804,16,0,788,796,76931,4,0,0,4,8
2020-09-10,US,Ohio,Sandusky,536,19,0,41.35624126,-83.137872,39143.0,915.9574831675724,3.544776119402985,517,535,19,0,516,533,58799,1,0,0,1,2
2020-09-10,US,Ohio,Scioto,408,5,0,38.80270163,-82.98907345,39145.0,541.7319489072416,1.2254901960784317,403,402,5,0,397,397,75502,6,0,0,6,5
2020-09-10,US,Ohio,Seneca,389,13,0,41.12351311,-83.12783209,39147.0,704.9911196491354,3.341902313624679,376,385,13,0,372,382,55207,4,0,0,4,3
2020-09-10,US,Ohio,Shelby,462,6,0,40.33163494,-84.20258189,39149.0,950.8129244700557,1.2987012987012987,456,446,6,0,440,439,48627,16,0,0,16,7
2020-09-10,US,Ohio,Stark,2502,157,0,40.81482476,-81.36437305,39151.0,675.1104947032698,6.27498001598721,2345,2483,156,0,2327,2471,371574,19,1,0,18,12
2020-09-10,US,Ohio,Summit,4785,240,0,41.12464734,-81.53123079,39153.0,884.4519447776671,5.015673981191223,4545,4764,240,0,4524,4725,541918,21,0,0,21,39
2020-09-10,US,Ohio,Trumbull,1796,126,0,41.31735028,-80.76109643,39155.0,907.1898330083748,7.015590200445434,1670,1785,126,0,1659,1780,198627,11,0,0,11,5
2020-09-10,US,Ohio,Tuscarawas,882,19,0,40.44214695,-81.47226262,39157.0,958.8311391827106,2.1541950113378685,863,880,18,0,862,877,92176,2,1,0,1,3
2020-09-10,US,Ohio,Union,426,1,0,40.30016061,-83.37239023,39159.0,722.1807825320404,0.2347417840375587,425,421,1,0,420,412,57835,5,0,0,5,9
2020-09-10,US,Ohio,Van Wert,102,3,0,40.8554138,-84.59111700000003,39161.0,360.74270557029183,2.9411764705882355,99,102,2,0,100,102,28281,0,1,0,-1,0
2020-09-10,US,Ohio,Vinton,41,2,0,39.25208988,-82.4831444,39163.0,313.3358807795185,4.878048780487805,39,41,2,0,39,40,13139,0,0,0,0,1
2020-09-10,US,Ohio,Warren,2603,45,0,39.42581994,-84.16557457,39165.0,1109.5387081099052,1.7287744909719551,2558,2555,44,0,2511,2545,232173,48,1,0,47,10
2020-09-10,US,Ohio,Washington,238,23,0,39.45690571,-81.49121382,39167.0,397.2559296289497,9.663865546218489,215,235,23,0,212,236,60155,3,0,0,3,-1
2020-09-10,US,Ohio,Wayne,840,64,0,40.82925852,-81.88844833,39169.0,725.9528130671506,7.6190476190476195,776,833,64,0,769,831,115967,7,0,0,7,2
2020-09-10,US,Ohio,Williams,171,3,0,41.56052014,-84.58429552,39171.0,466.0416439550856,1.7543859649122806,168,170,3,0,167,168,36804,1,0,0,1,2
2020-09-10,US,Ohio,Wood,1501,65,0,41.36224827,-83.62285108,39173.0,1147.4043893377773,4.330446369087275,1436,1484,65,0,1419,1475,130696,17,0,0,17,9
2020-09-10,US,Ohio,Wyandot,195,11,0,40.84339621,-83.30734173,39175.0,895.6457835752342,5.641025641025642,184,194,11,0,183,192,21935,1,0,0,1,2
2020-09-10,US,Oklahoma,Adair,514,10,0,35.88494195,-94.65859267,40001.0,2315.9412453816353,1.9455252918287935,504,510,10,0,500,505,22082,4,0,0,4,5
2020-09-10,US,Oklahoma,Alfalfa,20,0,0,36.73090616,-98.32408495,40003.0,350.754121360926,0.0,20,20,0,0,20,19,5754,0,0,0,0,1
2020-09-10,US,Oklahoma,Atoka,172,1,0,34.37366573,-96.03802487,40005.0,1250.1817124582062,0.5813953488372093,171,172,1,0,171,170,13838,0,0,0,0,2
2020-09-10,US,Oklahoma,Beaver,44,0,0,36.7496847,-100.4758872,40007.0,828.4692148371304,0.0,44,44,0,0,44,45,5319,0,0,0,0,-1
2020-09-10,US,Oklahoma,Beckham,149,1,0,35.26862449,-99.68128023,40009.0,681.6414291596137,0.6711409395973155,148,146,1,0,145,138,21709,3,0,0,3,8
2020-09-10,US,Oklahoma,Blaine,92,1,0,35.87518314,-98.43307003,40011.0,975.7132251564324,1.0869565217391304,91,91,1,0,90,88,9485,1,0,0,1,3
2020-09-10,US,Oklahoma,Bryan,685,3,0,33.96472458,-96.25903472,40013.0,1427.2320033336805,0.4379562043795621,682,678,3,0,675,669,47192,7,0,0,7,9
2020-09-10,US,Oklahoma,Caddo,619,20,0,35.17364557,-98.37534464,40015.0,2152.145191572213,3.231017770597738,599,613,20,0,593,606,28977,6,0,0,6,7
2020-09-10,US,Oklahoma,Canadian,1678,13,0,35.5426055,-97.98465569,40017.0,1131.444445942848,0.7747318235995232,1665,1664,13,0,1651,1644,144447,14,0,0,14,20
2020-09-10,US,Oklahoma,Carter,451,8,0,34.25103751,-97.28552485,40019.0,937.4155598511777,1.7738359201773837,443,446,7,0,439,436,48177,5,1,0,4,10
2020-09-10,US,Oklahoma,Cherokee,816,7,0,35.90692775,-94.99980896,40021.0,1677.0454405327087,0.8578431372549019,809,802,7,0,795,791,48675,14,0,0,14,11
2020-09-10,US,Oklahoma,Choctaw,262,2,0,34.02807439,-95.54771129,40023.0,1785.7142857142858,0.7633587786259542,260,259,2,0,257,259,14668,3,0,0,3,0
2020-09-10,US,Oklahoma,Cimarron,17,0,0,36.74817177,-102.5173885,40025.0,795.5077211043518,0.0,17,16,0,0,16,19,2153,1,0,0,1,-3
2020-09-10,US,Oklahoma,Cleveland,4757,67,0,35.20413532,-97.32519562,40027.0,1674.9174336476376,1.4084507042253518,4690,4621,67,0,4554,4551,281669,136,0,0,136,70
2020-09-10,US,Oklahoma,Coal,63,0,0,34.58840127,-96.29798747,40029.0,1146.4968152866245,0.0,63,63,0,0,63,63,5520,0,0,0,0,0
2020-09-10,US,Oklahoma,Comanche,1345,12,0,34.65973764,-98.47195055,40031.0,1113.8808602969796,0.8921933085501859,1333,1318,12,0,1306,1304,120422,27,0,0,27,14
2020-09-10,US,Oklahoma,Cotton,61,2,0,34.28845626,-98.37053567,40033.0,1076.59724673491,3.278688524590164,59,57,2,0,55,51,5776,4,0,0,4,6
2020-09-10,US,Oklahoma,Craig,184,1,0,36.76268118,-95.20916602,40035.0,1301.0889548861544,0.5434782608695652,183,182,1,0,181,175,14306,2,0,0,2,7
2020-09-10,US,Oklahoma,Creek,925,25,0,35.90230551,-96.37086028,40037.0,1293.3083526747016,2.702702702702702,900,919,23,0,896,904,71604,6,2,0,4,15
2020-09-10,US,Oklahoma,Custer,380,0,0,35.63853802,-99.00170785,40039.0,1310.209288694273,0.0,380,376,0,0,376,369,29036,4,0,0,4,7
2020-09-10,US,Oklahoma,Delaware,610,22,0,36.40823634,-94.80325046,40041.0,1418.3077960426886,3.60655737704918,588,600,22,0,578,595,42733,10,0,0,10,5
2020-09-10,US,Oklahoma,Dewey,27,1,0,35.98772922,-99.00730714,40043.0,552.0343488039256,3.703703703703704,26,26,1,0,25,24,4894,1,0,0,1,2
2020-09-10,US,Oklahoma,Ellis,6,0,0,36.218019399999996,-99.75324573,40045.0,155.48069448043537,0.0,6,6,0,0,6,6,3952,0,0,0,0,0
2020-09-10,US,Oklahoma,Garfield,1227,16,0,36.3791334,-97.78265517,40047.0,2009.6305031446536,1.3039934800325998,1211,1206,14,0,1192,1184,60913,21,2,0,19,22
2020-09-10,US,Oklahoma,Garvin,290,4,0,34.70418038,-97.30811132,40049.0,1046.5158240409946,1.3793103448275863,286,288,4,0,284,284,27811,2,0,0,2,4
2020-09-10,US,Oklahoma,Grady,620,7,0,35.0167709,-97.88339847,40051.0,1110.4345022745997,1.1290322580645162,613,600,7,0,593,583,55551,20,0,0,20,17
2020-09-10,US,Oklahoma,Grant,30,0,0,36.796296999999996,-97.78638765,40053.0,692.3609508423724,0.0,30,30,0,0,30,30,4326,0,0,0,0,0
2020-09-10,US,Oklahoma,Greer,93,8,0,34.93535801,-99.56056120000001,40055.0,1628.1512605042014,8.602150537634408,85,93,8,0,85,91,5821,0,0,0,0,2
2020-09-10,US,Oklahoma,Harmon,40,0,0,34.7440135,-99.84741652,40057.0,1507.7271013946474,0.0,40,40,0,0,40,40,2664,0,0,0,0,0
2020-09-10,US,Oklahoma,Harper,24,0,0,36.78836519,-99.6679804,40059.0,650.7592190889371,0.0,24,22,0,0,22,22,3797,2,0,0,2,0
2020-09-10,US,Oklahoma,Haskell,197,4,0,35.22257600000001,-95.11513306,40061.0,1560.1488873049814,2.0304568527918785,193,194,4,0,190,191,12668,3,0,0,3,3
2020-09-10,US,Oklahoma,Hughes,249,4,0,35.04912569,-96.24921145,40063.0,1875.1412003915962,1.606425702811245,245,244,4,0,240,238,13335,5,0,0,5,6
2020-09-10,US,Oklahoma,Jackson,637,9,0,34.58781741,-99.41138784,40065.0,2596.8202201386057,1.41287284144427,628,628,9,0,619,626,24949,9,0,0,9,2
2020-09-10,US,Oklahoma,Jefferson,37,0,0,34.11130184,-97.83182974,40067.0,616.4611796067977,0.0,37,37,0,0,37,37,6123,0,0,0,0,0
2020-09-10,US,Oklahoma,Johnston,121,3,0,34.31440473,-96.66011537,40069.0,1091.5651781686965,2.479338842975207,118,120,2,0,118,120,10949,1,1,0,0,0
2020-09-10,US,Oklahoma,Kay,386,12,0,36.81799745,-97.14421435,40071.0,886.5818365565711,3.1088082901554404,374,383,12,0,371,374,44161,3,0,0,3,9
2020-09-10,US,Oklahoma,Kingfisher,292,2,0,35.94530008,-97.94193268,40073.0,1852.2042499207105,0.6849315068493149,290,290,2,0,288,289,15816,2,0,0,2,1
2020-09-10,US,Oklahoma,Kiowa,55,2,0,34.91671958,-98.97720696,40075.0,631.6031235645384,3.636363636363636,53,54,2,0,52,52,8729,1,0,0,1,2
2020-09-10,US,Oklahoma,Latimer,120,2,0,34.87844729,-95.25215049,40077.0,1191.3034845626926,1.6666666666666667,118,118,2,0,116,117,10231,2,0,0,2,1
2020-09-10,US,Oklahoma,Le Flore,819,12,0,34.89851864,-94.70392124,40079.0,1642.8299199646963,1.465201465201465,807,809,11,0,798,789,49980,10,1,0,9,20
2020-09-10,US,Oklahoma,Lincoln,338,9,0,35.70270942,-96.8812462,40081.0,969.120050463056,2.662721893491124,329,339,9,0,330,334,34920,-1,0,0,-1,5
2020-09-10,US,Oklahoma,Logan,347,1,0,35.91899576,-97.44352845,40083.0,722.7510362208659,0.2881844380403458,346,343,1,0,342,331,47291,4,0,0,4,12
2020-09-10,US,Oklahoma,Love,138,1,0,33.95273467,-97.23906784,40085.0,1345.9475275529114,0.7246376811594203,137,134,1,0,133,130,10134,4,0,0,4,4
2020-09-10,US,Oklahoma,Major,58,1,0,36.31149996,-98.53467076,40093.0,760.2569144055577,1.7241379310344829,57,58,1,0,57,57,7644,0,0,0,0,1
2020-09-10,US,Oklahoma,Marshall,144,1,0,34.02311222,-96.76855464,40095.0,850.5108971708701,0.6944444444444444,143,143,1,0,142,140,16806,1,0,0,1,3
2020-09-10,US,Oklahoma,Mayes,477,10,0,36.30179091,-95.23175116,40097.0,1160.5839416058395,2.0964360587002098,467,471,10,0,461,469,41107,6,0,0,6,2
2020-09-10,US,Oklahoma,McClain,659,4,0,35.01123903,-97.44572302,40087.0,1628.2057617235755,0.6069802731411229,655,647,4,0,643,639,39985,12,0,0,12,8
2020-09-10,US,Oklahoma,McCurtain,1119,31,0,34.11664328,-94.77222373,40089.0,3408.2602339181285,2.770330652368186,1088,1112,31,0,1081,1109,32703,7,0,0,7,3
2020-09-10,US,Oklahoma,McIntosh,261,4,0,35.37235506,-95.66599306,40091.0,1331.9044703000611,1.5325670498084292,257,257,4,0,253,252,19815,4,0,0,4,5
2020-09-10,US,Oklahoma,Murray,104,1,0,34.48116015,-97.06826283,40099.0,739.0037660768851,0.9615384615384616,103,102,1,0,101,97,13953,2,0,0,2,5
2020-09-10,US,Oklahoma,Muskogee,1498,18,0,35.61318461,-95.37802952,40101.0,2203.038369339824,1.2016021361815754,1480,1484,17,0,1467,1476,68362,14,1,0,13,8
2020-09-10,US,Oklahoma,Noble,121,2,0,36.38953329,-97.22928674,40103.0,1087.0541730302755,1.6528925619834711,119,119,2,0,117,118,11289,2,0,0,2,1
2020-09-10,US,Oklahoma,Nowata,118,2,0,36.79843529,-95.61902331,40105.0,1171.0996427153634,1.6949152542372878,116,117,2,0,115,117,10218,1,0,0,1,0
2020-09-10,US,Oklahoma,Okfuskee,116,3,0,35.46485198,-96.32639984,40107.0,967.2308846827316,2.586206896551724,113,116,3,0,113,111,12098,0,0,0,0,5
2020-09-10,US,Oklahoma,Oklahoma,14713,171,0,35.55140095,-97.40716948,40109.0,1845.042975343414,1.1622374770611024,14542,14543,168,0,14375,14416,792582,170,3,0,167,127
2020-09-10,US,Oklahoma,Okmulgee,691,5,0,35.64661916,-95.96432828,40111.0,1796.4383205511506,0.723589001447178,686,688,5,0,683,678,38335,3,0,0,3,10
2020-09-10,US,Oklahoma,Osage,720,13,0,36.62888819,-96.39635704,40113.0,1533.1218193045588,1.805555555555556,707,718,12,0,706,710,47014,2,1,0,1,8
2020-09-10,US,Oklahoma,Ottawa,671,4,0,36.83532655,-94.81011909,40115.0,2155.6847752754848,0.5961251862891207,667,646,4,0,642,638,31175,25,0,0,25,8
2020-09-10,US,Oklahoma,Pawnee,229,3,0,36.31743373,-96.70331759999999,40117.0,1398.3878847093308,1.310043668122271,226,228,3,0,225,230,16390,1,0,0,1,-2
2020-09-10,US,Oklahoma,Payne,1621,5,0,36.07695283,-96.97584944,40119.0,1982.050278783136,0.30845157310302285,1616,1595,5,0,1590,1557,82040,26,0,0,26,38
2020-09-10,US,Oklahoma,Pittsburg,675,19,0,34.92065823,-95.75134320000001,40121.0,1546.2500572685205,2.814814814814815,656,667,18,0,649,651,43877,8,1,0,7,16
2020-09-10,US,Oklahoma,Pontotoc,278,3,0,34.72959848,-96.68337199,40123.0,726.1519172500261,1.0791366906474822,275,272,3,0,269,269,38247,6,0,0,6,3
2020-09-10,US,Oklahoma,Pottawatomie,992,9,0,35.20614018,-96.94923008,40125.0,1366.5417676878994,0.907258064516129,983,980,9,0,971,970,72679,12,0,0,12,10
2020-09-10,US,Oklahoma,Pushmataha,134,1,0,34.41635232,-95.37603505,40127.0,1207.6423936553713,0.746268656716418,133,132,1,0,131,131,11179,2,0,0,2,1
2020-09-10,US,Oklahoma,Roger Mills,14,1,0,35.68711719,-99.69666167,40129.0,390.73402176946695,7.142857142857142,13,14,1,0,13,14,3656,0,0,0,0,0
2020-09-10,US,Oklahoma,Rogers,1484,42,0,36.37004357,-95.60406759,40131.0,1605.0357455737135,2.830188679245283,1442,1478,42,0,1436,1454,91984,6,0,0,6,24
2020-09-10,US,Oklahoma,Seminole,366,5,0,35.16478725,-96.61686741,40133.0,1508.780608459065,1.3661202185792352,361,360,5,0,355,354,24578,6,0,0,6,6
2020-09-10,US,Oklahoma,Sequoyah,663,8,0,35.49447108,-94.75463785,40135.0,1594.9385359282157,1.2066365007541475,655,651,8,0,643,636,41179,12,0,0,12,15
2020-09-10,US,Oklahoma,Stephens,300,4,0,34.48556989,-97.85141892,40137.0,695.3619358876297,1.3333333333333333,296,294,4,0,290,279,43265,6,0,0,6,15
2020-09-10,US,Oklahoma,Texas,1282,7,0,36.74777635,-101.4889765,40139.0,6415.45313516489,0.5460218408736349,1275,1279,7,0,1272,1252,20455,3,0,0,3,27
2020-09-10,US,Oklahoma,Tillman,74,1,0,34.37288446,-98.92426619,40141.0,1020.6896551724138,1.351351351351351,73,73,1,0,72,72,7348,1,0,0,1,1
2020-09-10,US,Oklahoma,Tulsa,14764,143,0,36.11939621,-95.94013939,40143.0,2265.974166298316,0.9685722026551071,14621,14655,143,0,14512,14473,648360,109,0,0,109,182
2020-09-10,US,Oklahoma,Unassigned,16,0,0,0.0,0.0,90040.0,0.0,0.0,16,55,0,0,55,45,,-39,0,0,-39,10
2020-09-10,US,Oklahoma,Wagoner,1290,23,0,35.96024096,-95.51911308,40145.0,1586.9305810134213,1.7829457364341086,1267,1270,23,0,1247,1250,80110,20,0,0,20,20
2020-09-10,US,Oklahoma,Washington,896,40,0,36.71380786,-95.90514104,40147.0,1738.8941719875015,4.464285714285714,856,890,40,0,850,888,51843,6,0,0,6,2
2020-09-10,US,Oklahoma,Washita,45,0,0,35.29071824,-98.99180434,40149.0,412.2389153536094,0.0,45,45,0,0,45,45,11127,0,0,0,0,0
2020-09-10,US,Oklahoma,Woods,33,0,0,36.76705782,-98.86573064,40151.0,375.29853292391675,0.0,33,33,0,0,33,31,8897,0,0,0,0,2
2020-09-10,US,Oklahoma,Woodward,137,0,0,36.42316318,-99.26283045,40153.0,677.8486962545147,0.0,137,136,0,0,136,132,20222,1,0,0,1,4
2020-09-10,US,Oregon,Baker,86,2,0,44.70915557,-117.6749883,41001.0,533.3664103200199,2.3255813953488373,84,86,2,0,84,86,16006,0,0,0,0,0
2020-09-10,US,Oregon,Benton,234,6,0,44.49167306,-123.4316987,41003.0,251.46959259776688,2.5641025641025643,228,231,6,0,225,228,92101,3,0,0,3,3
2020-09-10,US,Oregon,Clackamas,2112,58,0,45.18787398,-122.2179634,41005.0,505.03722019096716,2.746212121212121,2054,2099,58,0,2041,2095,416075,13,0,0,13,4
2020-09-10,US,Oregon,Clatsop,100,0,0,45.99712889,-123.660711,41007.0,248.60779634049325,0.0,100,97,0,0,97,97,39764,3,0,0,3,0
2020-09-10,US,Oregon,Columbia,137,1,0,45.94464254,-123.08908980000001,41009.0,261.6801008518929,0.7299270072992701,136,136,1,0,135,136,52377,1,0,0,1,0
2020-09-10,US,Oregon,Coos,129,0,0,43.17406868,-124.0594514,41011.0,200.04031820366902,0.0,129,126,0,0,126,126,64389,3,0,0,3,0
2020-09-10,US,Oregon,Crook,59,1,0,44.14230227,-120.356297,41013.0,241.7636453040485,1.6949152542372878,58,59,1,0,58,58,23867,0,0,0,0,1
2020-09-10,US,Oregon,Curry,24,0,0,42.45911325,-124.15728200000001,41015.0,104.68920392584516,0.0,24,24,0,0,24,23,22813,0,0,0,0,1
2020-09-10,US,Oregon,Deschutes,708,12,0,43.91570171,-121.2289121,41017.0,358.13285312506315,1.6949152542372878,696,706,12,0,694,705,191996,2,0,0,2,1
2020-09-10,US,Oregon,Douglas,182,3,0,43.27941273,-123.16729099999999,41019.0,163.9935123445666,1.6483516483516485,179,182,3,0,179,182,110283,0,0,0,0,0
2020-09-10,US,Oregon,Gilliam,4,0,0,45.37160076,-120.20488689999999,41021.0,209.20502092050208,0.0,4,4,0,0,4,4,1894,0,0,0,0,0
2020-09-10,US,Oregon,Grant,8,0,0,44.49024544,-119.0068631,41023.0,111.12654535352131,0.0,8,8,0,0,8,8,7176,0,0,0,0,0
2020-09-10,US,Oregon,Harney,12,0,0,43.06422669,-118.96663059999999,41025.0,162.31570404436633,0.0,12,12,0,0,12,12,7329,0,0,0,0,0
2020-09-10,US,Oregon,Hood River,238,0,0,45.51872811,-121.65520359999998,41027.0,1017.8769994012488,0.0,238,238,0,0,238,238,23428,0,0,0,0,0
2020-09-10,US,Oregon,Jackson,936,3,0,42.43201126,-122.72893090000001,41029.0,423.6367586356724,0.3205128205128205,933,928,3,0,925,921,219564,8,0,0,8,7
2020-09-10,US,Oregon,Jefferson,479,7,0,44.62806839,-121.17832,41031.0,1942.5744180387705,1.4613778705636744,472,477,7,0,470,476,24192,2,0,0,2,1
2020-09-10,US,Oregon,Josephine,174,2,0,42.3665549,-123.5561938,41033.0,198.8866917370581,1.1494252873563218,172,173,2,0,171,171,87393,1,0,0,1,2
2020-09-10,US,Oregon,Klamath,239,2,0,42.68762984,-121.64964609999998,41035.0,350.2447316744336,0.8368200836820083,237,237,2,0,235,236,67653,2,0,0,2,1
2020-09-10,US,Oregon,Lake,30,0,0,42.79246693,-120.38501629999999,41037.0,381.2428516965307,0.0,30,30,0,0,30,30,7879,0,0,0,0,0
2020-09-10,US,Oregon,Lane,817,11,0,43.93727035,-122.847753,41039.0,213.83684013536893,1.346389228886169,806,812,10,0,802,801,379611,5,1,0,4,11
2020-09-10,US,Oregon,Lincoln,471,13,0,44.64252874,-123.86991200000001,41041.0,942.7164645130299,2.760084925690021,458,470,13,0,457,470,49388,1,0,0,1,0
2020-09-10,US,Oregon,Linn,421,13,0,44.48899494,-122.53731540000001,41043.0,324.47263562724964,3.0878859857482186,408,416,13,0,403,405,127335,5,0,0,5,11
2020-09-10,US,Oregon,Malheur,1326,22,0,43.1937027,-117.62273950000001,41045.0,4337.443982859572,1.6591251885369531,1304,1310,21,0,1289,1299,30725,16,1,0,15,11
2020-09-10,US,Oregon,Marion,4141,85,0,44.90287942,-122.58151170000001,41047.0,1190.56518064045,2.052644288819126,4056,4106,85,0,4021,4085,346868,35,0,0,35,21
2020-09-10,US,Oregon,Morrow,463,4,0,45.41846568,-119.584546,41049.0,3990.347323967939,0.8639308855291576,459,461,4,0,457,459,11372,2,0,0,2,2
2020-09-10,US,Oregon,Multnomah,6399,125,0,45.54747959,-122.4169351,41051.0,787.2252738803354,1.9534302234724172,6274,6365,124,0,6241,6343,811880,34,1,0,33,22
2020-09-10,US,Oregon,Polk,464,15,0,44.90322804,-123.4128888,41053.0,539.0021490387409,3.2327586206896552,449,460,15,0,445,458,85234,4,0,0,4,2
2020-09-10,US,Oregon,Sherman,18,0,0,45.41501554,-120.6827834,41055.0,1011.2359550561798,0.0,18,18,0,0,18,18,1708,0,0,0,0,0
2020-09-10,US,Oregon,Tillamook,44,0,0,45.46248721,-123.712066,41057.0,162.7459683385116,0.0,44,45,0,0,45,43,26787,-1,0,0,-1,2
2020-09-10,US,Oregon,Umatilla,2803,40,0,45.59073056,-118.7353826,41059.0,3595.89480436177,1.4270424545130218,2763,2799,40,0,2759,2795,77516,4,0,0,4,4
2020-09-10,US,Oregon,Union,427,2,0,45.30915495,-118.0068979,41061.0,1591.2055151853922,0.468384074941452,425,424,2,0,422,423,26461,3,0,0,3,1
2020-09-10,US,Oregon,Wallowa,23,1,0,45.57894064,-117.18353799999998,41063.0,319.0899001109878,4.3478260869565215,22,23,1,0,22,23,7081,0,0,0,0,0
2020-09-10,US,Oregon,Wasco,224,3,0,45.16292781,-121.16709540000001,41065.0,839.5172775653999,1.3392857142857142,221,223,3,0,220,223,26505,1,0,0,1,0
2020-09-10,US,Oregon,Washington,4029,52,0,45.55972701,-123.0955257,41067.0,669.7230016356599,1.2906428394142466,3977,4002,52,0,3950,3996,597695,27,0,0,27,6
2020-09-10,US,Oregon,Yamhill,693,14,0,45.23330449,-123.3086963,41071.0,647.0588235294118,2.0202020202020203,679,684,14,0,670,683,107002,9,0,0,9,1
2020-09-10,US,Pennsylvania,Adams,721,24,0,39.87140411,-77.21610347,42001.0,699.9388402955083,3.328710124826629,697,717,24,0,693,715,102811,4,0,0,4,2
2020-09-10,US,Pennsylvania,Allegheny,10969,330,0,40.46809875,-79.98167747,42003.0,902.0225402842824,3.008478439237852,10639,10915,330,0,10585,10847,1218452,54,0,0,54,68
2020-09-10,US,Pennsylvania,Armstrong,370,12,0,40.81665618,-79.46290811,42005.0,571.560979377462,3.2432432432432434,358,366,12,0,354,353,65263,4,0,0,4,13
2020-09-10,US,Pennsylvania,Beaver,1731,106,0,40.6825484,-80.34921611,42007.0,1055.944951777904,6.123627960716349,1625,1722,105,0,1617,1714,164742,9,1,0,8,8
2020-09-10,US,Pennsylvania,Bedford,191,6,0,40.00522157,-78.48998442,42009.0,398.84731039091207,3.141361256544503,185,187,6,0,181,181,48176,4,0,0,4,6
2020-09-10,US,Pennsylvania,Berks,6412,385,0,40.41570541,-75.92457766,42011.0,1522.4473126857947,6.004366812227074,6027,6394,385,0,6009,6344,420152,18,0,0,18,50
2020-09-10,US,Pennsylvania,Blair,506,13,0,40.47961444,-78.34917412,42013.0,415.3362499897397,2.569169960474308,493,504,13,0,491,498,122492,2,0,0,2,6
2020-09-10,US,Pennsylvania,Bradford,103,3,0,41.78869215,-76.51570822,42015.0,170.74747608706463,2.9126213592233015,100,103,3,0,100,103,60833,0,0,0,0,0
2020-09-10,US,Pennsylvania,Bucks,8148,592,0,40.33682119,-75.10836643,42017.0,1296.8946472058192,7.265586647029946,7556,8128,591,0,7537,8093,628195,20,1,0,19,35
2020-09-10,US,Pennsylvania,Butler,913,21,0,40.91152759,-79.91351055,42019.0,486.0183228375378,2.300109529025192,892,904,21,0,883,880,187888,9,0,0,9,24
2020-09-10,US,Pennsylvania,Cambria,513,6,0,40.49527404,-78.71377428,42021.0,394.03342755315225,1.1695906432748535,507,509,6,0,503,504,131730,4,0,0,4,5
2020-09-10,US,Pennsylvania,Cameron,8,0,0,41.43625568,-78.20376845,42023.0,179.89655947830002,0.0,8,8,0,0,8,8,4492,0,0,0,0,0
2020-09-10,US,Pennsylvania,Carbon,431,28,0,40.91545395,-75.7068525,42025.0,671.5278426973294,6.4965197215777275,403,432,28,0,404,432,64227,-1,0,0,-1,0
2020-09-10,US,Pennsylvania,Centre,925,11,0,40.92058903,-77.82200624,42027.0,569.633894756289,1.1891891891891893,914,870,11,0,859,686,162805,55,0,0,55,184
2020-09-10,US,Pennsylvania,Chester,6149,361,0,39.97291773,-75.74768357,42029.0,1171.2626359790395,5.870873312733778,5788,6089,361,0,5728,6030,522046,60,0,0,60,59
2020-09-10,US,Pennsylvania,Clarion,107,3,0,41.19265812,-79.42413524,42031.0,278.37036266194906,2.803738317757009,104,107,3,0,104,102,38779,0,0,0,0,5
2020-09-10,US,Pennsylvania,Clearfield,265,1,0,41.00110782,-78.47592663,42033.0,334.3637625386412,0.37735849056603776,264,265,1,0,264,265,79388,0,0,0,0,0
2020-09-10,US,Pennsylvania,Clinton,165,5,0,41.23255967,-77.63785995,42035.0,427.10706150341684,3.0303030303030303,160,162,5,0,157,160,38684,3,0,0,3,2
2020-09-10,US,Pennsylvania,Columbia,824,35,0,41.04821986,-76.40565017,42037.0,1268.3948032756605,4.247572815533982,789,813,35,0,778,798,65456,11,0,0,11,15
2020-09-10,US,Pennsylvania,Crawford,241,2,0,41.68447709,-80.10760592,42039.0,284.77235935672167,0.8298755186721992,239,237,2,0,235,237,85063,4,0,0,4,0
2020-09-10,US,Pennsylvania,Cumberland,1638,73,0,40.1625372,-77.26130755,42041.0,646.48537711647,4.456654456654457,1565,1634,73,0,1561,1619,251423,4,0,0,4,15
2020-09-10,US,Pennsylvania,Dauphin,3508,167,0,40.41377078,-76.77993242,42043.0,1260.5147700854118,4.76054732041049,3341,3498,166,0,3332,3479,277097,10,1,0,9,19
2020-09-10,US,Pennsylvania,Delaware,10767,737,0,39.91680171,-75.40243663,42045.0,1899.7895004296447,6.844989319216124,10030,10733,734,0,9999,10692,564751,34,3,0,31,41
2020-09-10,US,Pennsylvania,Elk,65,2,0,41.42822061,-78.64524744,42047.0,217.31862253426948,3.0769230769230766,63,65,2,0,63,65,30169,0,0,0,0,0
2020-09-10,US,Pennsylvania,Erie,1407,37,0,41.99253829,-80.03301954,42049.0,521.6366116977102,2.629708599857853,1370,1408,36,0,1372,1395,272061,-1,1,0,-2,13
2020-09-10,US,Pennsylvania,Fayette,728,7,0,39.92041012,-79.64291195,42051.0,563.1449479400344,0.9615384615384616,721,722,7,0,715,714,130441,6,0,0,6,8
2020-09-10,US,Pennsylvania,Forest,14,0,0,41.51095103,-79.23229292,42053.0,193.1833862287843,0.0,14,14,0,0,14,14,7279,0,0,0,0,0
2020-09-10,US,Pennsylvania,Franklin,1620,49,0,39.92956518,-77.72157791,42055.0,1044.9792616769982,3.0246913580246915,1571,1616,48,0,1568,1583,154835,4,1,0,3,33
2020-09-10,US,Pennsylvania,Fulton,38,2,0,39.92913544,-78.11163677,42057.0,261.5278733654509,5.2631578947368425,36,38,2,0,36,38,14523,0,0,0,0,0
2020-09-10,US,Pennsylvania,Greene,153,1,0,39.85746531,-80.22357106,42059.0,422.2669941765794,0.6535947712418301,152,152,1,0,151,150,36506,1,0,0,1,2
2020-09-10,US,Pennsylvania,Huntingdon,389,6,0,40.42162652,-77.97673273,42061.0,861.6870458975721,1.5424164524421593,383,387,5,0,382,388,45168,2,1,0,1,-1
2020-09-10,US,Pennsylvania,Indiana,485,11,0,40.65241041,-79.08963285,42063.0,576.8796165237353,2.268041237113402,474,479,11,0,468,472,84501,6,0,0,6,7
2020-09-10,US,Pennsylvania,Jefferson,101,2,0,41.12913106,-78.9986361,42065.0,232.5849165227404,1.98019801980198,99,100,2,0,98,100,43641,1,0,0,1,0
2020-09-10,US,Pennsylvania,Juniata,160,6,0,40.53358749,-77.39975129999998,42067.0,646.1252675362435,3.75,154,159,6,0,153,157,24704,1,0,0,1,2
2020-09-10,US,Pennsylvania,Lackawanna,2225,214,0,41.43564672,-75.60379201,42069.0,1061.1711514064689,9.617977528089886,2011,2218,214,0,2004,2210,210793,7,0,0,7,8
2020-09-10,US,Pennsylvania,Lancaster,7185,443,0,40.03904563,-76.24770128,42071.0,1316.5995997977,6.16562282533055,6742,7140,442,0,6698,7108,543557,45,1,0,44,32
2020-09-10,US,Pennsylvania,Lawrence,480,21,0,40.99206278,-80.33393706,42073.0,561.3247263541961,4.375,459,479,21,0,458,474,86184,1,0,0,1,5
2020-09-10,US,Pennsylvania,Lebanon,1794,57,0,40.36680311,-76.45651841,42075.0,1265.2246584810252,3.1772575250836117,1737,1788,57,0,1731,1783,141314,6,0,0,6,5
2020-09-10,US,Pennsylvania,Lehigh,5329,345,0,40.6154815,-75.59435245,42077.0,1442.92994113474,6.474010133233253,4984,5329,345,0,4984,5307,368100,0,0,0,0,22
2020-09-10,US,Pennsylvania,Luzerne,3913,189,0,41.17823008,-75.98447579,42079.0,1232.7632105400785,4.83005366726297,3724,3910,189,0,3721,3898,317646,3,0,0,3,12
2020-09-10,US,Pennsylvania,Lycoming,572,23,0,41.34310539,-77.06629984,42081.0,504.85882487930166,4.020979020979021,549,568,23,0,545,563,113664,4,0,0,4,5
2020-09-10,US,Pennsylvania,McKean,44,2,0,41.80938602,-78.56478358,42083.0,108.30769230769228,4.545454545454546,42,44,2,0,42,41,40968,0,0,0,0,3
2020-09-10,US,Pennsylvania,Mercer,617,13,0,41.30248872,-80.25816981,42085.0,563.8616756835795,2.1069692058346843,604,612,13,0,599,607,110683,5,0,0,5,5
2020-09-10,US,Pennsylvania,Mifflin,177,1,0,40.61116939,-77.61070738,42087.0,383.6317135549872,0.5649717514124294,176,176,1,0,175,175,46222,1,0,0,1,1
2020-09-10,US,Pennsylvania,Monroe,1750,129,0,41.05934058,-75.34031025,42089.0,1027.7733730347504,7.371428571428571,1621,1747,129,0,1618,1742,169507,3,0,0,3,5
2020-09-10,US,Pennsylvania,Montgomery,11510,865,0,40.21053671,-75.36652296,42091.0,1385.2199081735196,7.515204170286706,10645,11475,864,0,10611,11434,828604,35,1,0,34,41
2020-09-10,US,Pennsylvania,Montour,154,5,0,41.03023987,-76.66345939,42093.0,844.7613823368075,3.2467532467532467,149,154,5,0,149,150,18240,0,0,0,0,4
2020-09-10,US,Pennsylvania,Northampton,4196,302,0,40.75182733,-75.30471829,42095.0,1374.4533796288708,7.197330791229743,3894,4186,302,0,3884,4176,304807,10,0,0,10,10
2020-09-10,US,Pennsylvania,Northumberland,777,41,0,40.84785433,-76.70798222,42097.0,855.3218189623857,5.276705276705278,736,773,40,0,733,767,91083,4,1,0,3,6
2020-09-10,US,Pennsylvania,Perry,184,6,0,40.40206612,-77.26297447,42099.0,397.64868603042885,3.260869565217391,178,184,6,0,178,183,46139,0,0,0,0,1
2020-09-10,US,Pennsylvania,Philadelphia,34887,1763,0,40.00338507,-75.1379271,42101.0,2202.373136438932,5.053458308252359,33124,34742,1763,0,32979,34742,1584138,145,0,0,145,0
2020-09-10,US,Pennsylvania,Pike,549,21,0,41.33155042,-75.03208106,42103.0,983.7123044670217,3.8251366120218577,528,548,21,0,527,547,55933,1,0,0,1,1
2020-09-10,US,Pennsylvania,Potter,25,0,0,41.74471626,-77.89559864,42105.0,151.27677598935009,0.0,25,25,0,0,25,25,16622,0,0,0,0,0
2020-09-10,US,Pennsylvania,Schuylkill,1023,51,0,40.70497338,-76.2150785,42107.0,723.6893300037492,4.98533724340176,972,1023,51,0,972,1019,142067,0,0,0,0,4
2020-09-10,US,Pennsylvania,Snyder,193,3,0,40.77129231,-77.06840691,42109.0,478.0540968988408,1.5544041450777202,190,191,3,0,188,186,40540,2,0,0,2,5
2020-09-10,US,Pennsylvania,Somerset,190,3,0,39.97172723,-79.02699593,42111.0,258.68993968439827,1.5789473684210529,187,186,3,0,183,183,73952,4,0,0,4,3
2020-09-10,US,Pennsylvania,Sullivan,10,0,0,41.44634738,-76.51246591,42113.0,164.85328058028355,0.0,10,10,0,0,10,10,6071,0,0,0,0,0
2020-09-10,US,Pennsylvania,Susquehanna,284,28,0,41.82147784,-75.80071959,42115.0,704.2253521126761,9.859154929577462,256,284,28,0,256,281,40589,0,0,0,0,3
2020-09-10,US,Pennsylvania,Tioga,50,3,0,41.77255149,-77.25433032,42117.0,123.18001527432187,6.0,47,50,3,0,47,50,40763,0,0,0,0,0
2020-09-10,US,Pennsylvania,Union,416,6,0,40.96188846,-77.05996014,42119.0,926.0289829263406,1.4423076923076923,410,411,6,0,405,414,44785,5,0,0,5,-3
2020-09-10,US,Pennsylvania,Venango,74,1,0,41.40323442,-79.75845449,42121.0,146.04878818978452,1.351351351351351,73,74,1,0,73,74,51266,0,0,0,0,0
2020-09-10,US,Pennsylvania,Warren,40,1,0,41.81304978,-79.26969577,42123.0,102.06424944502564,2.5,39,40,1,0,39,37,39498,0,0,0,0,3
2020-09-10,US,Pennsylvania,Washington,1163,28,0,40.19208869,-80.24582867,42125.0,562.2024025330529,2.407566638005159,1135,1156,28,0,1128,1150,207346,7,0,0,7,6
2020-09-10,US,Pennsylvania,Wayne,195,10,0,41.64938475,-75.29956506,42127.0,379.6655049551216,5.128205128205129,185,196,10,0,186,195,51276,-1,0,0,-1,1
2020-09-10,US,Pennsylvania,Westmoreland,1925,49,0,40.31377979999999,-79.46615476,42129.0,551.735602566932,2.5454545454545454,1876,1914,49,0,1865,1907,350611,11,0,0,11,7
2020-09-10,US,Pennsylvania,Wyoming,71,8,0,41.51955538,-76.01074915,42131.0,264.98469806673137,11.267605633802814,63,70,8,0,62,70,27046,1,0,0,1,0
2020-09-10,US,Pennsylvania,York,3929,132,0,39.9210089,-76.73040131,42133.0,874.9426577413162,3.35963349452787,3797,3889,131,0,3758,3832,448273,40,1,0,39,57
2020-09-10,US,Puerto Rico,Adjuntas,132,0,0,18.180117000000006,-66.754367,72001.0,677.5137299183904,0.0,132,131,0,0,131,131,,1,0,0,1,0
2020-09-10,US,Puerto Rico,Aguada,253,0,0,18.360255,-67.17513100000001,72003.0,602.9695655282538,0.0,253,241,0,0,241,241,,12,0,0,12,0
2020-09-10,US,Puerto Rico,Aguadilla,353,0,0,18.459681,-67.12081500000001,72005.0,579.1727509885312,0.0,353,346,0,0,346,346,,7,0,0,7,0
2020-09-10,US,Puerto Rico,Aguas Buenas,218,0,0,18.251619,-66.126806,72007.0,760.6685508915175,0.0,218,211,0,0,211,211,,7,0,0,7,0
2020-09-10,US,Puerto Rico,Aibonito,129,0,0,18.131361,-66.264131,72009.0,498.0694980694981,0.0,129,127,0,0,127,127,,2,0,0,2,0
2020-09-10,US,Puerto Rico,Anasco,196,0,0,18.287985,-67.120611,72011.0,669.8335668637435,0.0,196,194,0,0,194,194,,2,0,0,2,0
2020-09-10,US,Puerto Rico,Arecibo,554,0,0,18.406631,-66.675077,72013.0,574.4504355039403,0.0,554,541,0,0,541,541,,13,0,0,13,0
2020-09-10,US,Puerto Rico,Arroyo,137,0,0,17.998457000000005,-66.056546,72015.0,699.8722860791827,0.0,137,133,0,0,133,133,,4,0,0,4,0
2020-09-10,US,Puerto Rico,Barceloneta,142,0,0,18.445532999999998,-66.56053100000001,72017.0,572.2114764667956,0.0,142,138,0,0,138,138,,4,0,0,4,0
2020-09-10,US,Puerto Rico,Barranquitas,370,0,0,18.201592,-66.30963,72019.0,1220.3971238208326,0.0,370,361,0,0,361,361,,9,0,0,9,0
2020-09-10,US,Puerto Rico,Bayamon,2886,0,0,18.34946,-66.168435,72021.0,1386.7266332237793,0.0,2886,2805,0,0,2805,2805,,81,0,0,81,0
2020-09-10,US,Puerto Rico,Cabo Rojo,283,0,0,18.040993,-67.154391,72023.0,555.8065086316947,0.0,283,280,0,0,280,280,,3,0,0,3,0
2020-09-10,US,Puerto Rico,Caguas,1207,0,0,18.211615,-66.050779,72025.0,844.6879833161878,0.0,1207,1178,0,0,1178,1178,,29,0,0,29,0
2020-09-10,US,Puerto Rico,Camuy,206,0,0,18.418578,-66.860206,72027.0,585.9097243948918,0.0,206,200,0,0,200,200,,6,0,0,6,0
2020-09-10,US,Puerto Rico,Canovanas,566,0,0,18.328802,-65.887612,72029.0,1187.8777703156481,0.0,566,556,0,0,556,556,,10,0,0,10,0
2020-09-10,US,Puerto Rico,Carolina,2105,0,0,18.374986,-65.95683100000001,72031.0,1190.8668152657244,0.0,2105,2050,0,0,2050,2050,,55,0,0,55,0
2020-09-10,US,Puerto Rico,Catano,330,0,0,18.437269,-66.14330600000001,72033.0,1172.7078891257995,0.0,330,323,0,0,323,323,,7,0,0,7,0
2020-09-10,US,Puerto Rico,Cayey,283,0,0,18.102851,-66.14914,72035.0,588.1252727612792,0.0,283,281,0,0,281,281,,2,0,0,2,0
2020-09-10,US,Puerto Rico,Ceiba,94,0,0,18.251818,-65.666416,72037.0,689.6045778006015,0.0,94,93,0,0,93,93,,1,0,0,1,0
2020-09-10,US,Puerto Rico,Ciales,195,0,0,18.28885,-66.516475,72039.0,1038.2280907251622,0.0,195,193,0,0,193,193,,2,0,0,2,0
2020-09-10,US,Puerto Rico,Cidra,251,0,0,18.173559,-66.161179,72041.0,577.2769089236431,0.0,251,244,0,0,244,244,,7,0,0,7,0
2020-09-10,US,Puerto Rico,Coamo,226,0,0,18.097597,-66.36014,72043.0,557.8593996840442,0.0,226,222,0,0,222,222,,4,0,0,4,0
2020-09-10,US,Puerto Rico,Comerio,175,0,0,18.224687,-66.221622,72045.0,842.2369814226587,0.0,175,175,0,0,175,175,,0,0,0,0,0
2020-09-10,US,Puerto Rico,Corozal,454,0,0,18.304264,-66.327738,72047.0,1222.3359000592322,0.0,454,442,0,0,442,442,,12,0,0,12,0
2020-09-10,US,Puerto Rico,Culebra,21,0,0,18.31586,-65.28813000000001,72049.0,1155.1155115511556,0.0,21,21,0,0,21,21,,0,0,0,0,0
2020-09-10,US,Puerto Rico,Dorado,565,0,0,18.436115,-66.278669,72051.0,1480.4139918773749,0.0,565,559,0,0,559,559,,6,0,0,6,0
2020-09-10,US,Puerto Rico,Fajardo,399,0,0,18.318373,-65.666866,72053.0,1078.582434514638,0.0,399,389,0,0,389,389,,10,0,0,10,0
2020-09-10,US,Puerto Rico,Florida,218,0,0,18.373715,-66.560488,72054.0,1719.242902208202,0.0,218,216,0,0,216,216,,2,0,0,2,0
2020-09-10,US,Puerto Rico,Guanica,85,0,0,17.982429,-66.91964300000001,72055.0,437.5353888917487,0.0,85,85,0,0,85,85,,0,0,0,0,0
2020-09-10,US,Puerto Rico,Guayama,246,0,0,18.007516,-66.13390799999999,72057.0,542.3041312111459,0.0,246,244,0,0,244,244,,2,0,0,2,0
2020-09-10,US,Puerto Rico,Guayanilla,148,0,0,18.039942,-66.79186,72059.0,685.7884250034753,0.0,148,148,0,0,148,148,,0,0,0,0,0
2020-09-10,US,Puerto Rico,Guaynabo,1375,0,0,18.345114000000002,-66.11452299999999,72061.0,1404.1501572648176,0.0,1375,1353,0,0,1353,1353,,22,0,0,22,0
2020-09-10,US,Puerto Rico,Gurabo,404,0,0,18.266461,-65.97970500000001,72063.0,890.4758755978752,0.0,404,392,0,0,392,392,,12,0,0,12,0
2020-09-10,US,Puerto Rico,Hatillo,209,0,0,18.410928,-66.79632600000001,72065.0,498.17653087979403,0.0,209,205,0,0,205,205,,4,0,0,4,0
2020-09-10,US,Puerto Rico,Hormigueros,130,0,0,18.134532,-67.113972,72067.0,753.6231884057971,0.0,130,130,0,0,130,130,,0,0,0,0,0
2020-09-10,US,Puerto Rico,Humacao,355,0,0,18.145211,-65.810174,72069.0,607.1905038825985,0.0,355,340,0,0,340,340,,15,0,0,15,0
2020-09-10,US,Puerto Rico,Isabela,223,0,0,18.44981,-67.005093,72071.0,488.7028555148912,0.0,223,219,0,0,219,219,,4,0,0,4,0
2020-09-10,US,Puerto Rico,Jayuya,214,0,0,18.211446,-66.58878,72073.0,1285.9031366422305,0.0,214,211,0,0,211,211,,3,0,0,3,0
2020-09-10,US,Puerto Rico,Juana Diaz,281,0,0,18.050764,-66.49458100000001,72075.0,351.7028173773734,0.0,281,279,0,0,279,279,,2,0,0,2,0
2020-09-10,US,Puerto Rico,Juncos,269,0,0,18.223793,-65.909109,72077.0,667.6594688508312,0.0,269,261,0,0,261,261,,8,0,0,8,0
2020-09-10,US,Puerto Rico,Lajas,121,0,0,18.011661,-67.040585,72079.0,469.848173028385,0.0,121,119,0,0,119,119,,2,0,0,2,0
2020-09-10,US,Puerto Rico,Lares,262,0,0,18.269035000000002,-66.867236,72081.0,851.9494033102461,0.0,262,260,0,0,260,260,,2,0,0,2,0
2020-09-10,US,Puerto Rico,Las Marias,88,0,0,18.23679,-66.98362,72083.0,890.5981175994333,0.0,88,88,0,0,88,88,,0,0,0,0,0
2020-09-10,US,Puerto Rico,Las Piedras,347,0,0,18.187527,-65.86946800000001,72085.0,897.2204266321913,0.0,347,335,0,0,335,334,,12,0,0,12,1
2020-09-10,US,Puerto Rico,Loiza,207,0,0,18.425688,-65.89943000000001,72087.0,688.6227544910181,0.0,207,206,0,0,206,206,,1,0,0,1,0
2020-09-10,US,Puerto Rico,Luquillo,192,0,0,18.342114000000002,-65.72509699999999,72089.0,956.7470599960136,0.0,192,191,0,0,191,190,,1,0,0,1,1
2020-09-10,US,Puerto Rico,Manati,396,0,0,18.420473,-66.490461,72091.0,897.6945571600207,0.0,396,388,0,0,388,388,,8,0,0,8,0
2020-09-10,US,Puerto Rico,Maricao,66,0,0,18.171795,-66.942126,72093.0,1051.625239005736,0.0,66,66,0,0,66,66,,0,0,0,0,0
2020-09-10,US,Puerto Rico,Maunabo,98,0,0,18.017889,-65.922235,72095.0,801.6359918200409,0.0,98,95,0,0,95,95,,3,0,0,3,0
2020-09-10,US,Puerto Rico,Mayaguez,692,0,0,18.2013,-67.1452,72097.0,776.829815895824,0.0,692,679,0,0,679,679,,13,0,0,13,0
2020-09-10,US,Puerto Rico,Moca,278,0,0,18.377805,-67.080952,72099.0,693.1112717843878,0.0,278,271,0,0,271,271,,7,0,0,7,0
2020-09-10,US,Puerto Rico,Morovis,433,0,0,18.316963,-66.420383,72101.0,1327.8135541245015,0.0,433,426,0,0,426,426,,7,0,0,7,0
2020-09-10,US,Puerto Rico,Naguabo,151,0,0,18.230636999999998,-65.753897,72103.0,565.1197604790419,0.0,151,150,0,0,150,150,,1,0,0,1,0
2020-09-10,US,Puerto Rico,Naranjito,514,0,0,18.288019,-66.252703,72105.0,1690.6782448523127,0.0,514,499,0,0,499,499,,15,0,0,15,0
2020-09-10,US,Puerto Rico,Orocovis,283,0,0,18.215046,-66.433604,72107.0,1208.2141484865303,0.0,283,281,0,0,281,281,,2,0,0,2,0
2020-09-10,US,Puerto Rico,Out of PR,755,0,0,0.0,0.0,72888.0,0.0,0.0,755,753,0,0,753,753,,2,0,0,2,0
2020-09-10,US,Puerto Rico,Patillas,147,0,0,18.03174,-66.012242,72109.0,762.5667894381903,0.0,147,144,0,0,144,144,,3,0,0,3,0
2020-09-10,US,Puerto Rico,Penuelas,101,0,0,18.059645,-66.721572,72111.0,415.9459682069023,0.0,101,100,0,0,100,100,,1,0,0,1,0
2020-09-10,US,Puerto Rico,Ponce,676,0,0,18.059498,-66.613748,72113.0,406.42830087718767,0.0,676,670,0,0,670,670,,6,0,0,6,0
2020-09-10,US,Puerto Rico,Quebradillas,126,0,0,18.439692,-66.926113,72115.0,486.1298661213781,0.0,126,123,0,0,123,123,,3,0,0,3,0
2020-09-10,US,Puerto Rico,Rincon,145,0,0,18.335442999999998,-67.23174,72117.0,953.9473684210526,0.0,145,137,0,0,137,137,,8,0,0,8,0
2020-09-10,US,Puerto Rico,Rio Grande,468,0,0,18.346329,-65.813742,72119.0,861.8149675898645,0.0,468,455,0,0,455,454,,13,0,0,13,1
2020-09-10,US,Puerto Rico,Sabana Grande,174,0,0,18.08282,-66.943758,72121.0,688.6997823075401,0.0,174,172,0,0,172,172,,2,0,0,2,0
2020-09-10,US,Puerto Rico,Salinas,334,0,0,18.010386999999994,-66.256592,72123.0,1074.715232640453,0.0,334,323,0,0,323,323,,11,0,0,11,0
2020-09-10,US,Puerto Rico,San German,206,0,0,18.111484,-67.03858100000001,72125.0,579.840684549779,0.0,206,204,0,0,204,204,,2,0,0,2,0
2020-09-10,US,Puerto Rico,San Juan,5884,0,0,18.386933,-66.061128,72127.0,1488.3918588709064,0.0,5884,5755,0,0,5755,5755,,129,0,0,129,0
2020-09-10,US,Puerto Rico,San Lorenzo,333,0,0,18.147987,-65.976392,72129.0,811.0477860587462,0.0,333,311,0,0,311,311,,22,0,0,22,0
2020-09-10,US,Puerto Rico,San Sebastian,294,0,0,18.328646,-66.971214,72131.0,692.9059627621965,0.0,294,292,0,0,292,292,,2,0,0,2,0
2020-09-10,US,Puerto Rico,Santa Isabel,141,0,0,17.994525,-66.388913,72133.0,605.826243877288,0.0,141,138,0,0,138,138,,3,0,0,3,0
2020-09-10,US,Puerto Rico,Toa Alta,1020,0,0,18.362406,-66.246616,72135.0,1377.1501093619204,0.0,1020,997,0,0,997,997,,23,0,0,23,0
2020-09-10,US,Puerto Rico,Toa Baja,995,0,0,18.431445999999998,-66.213553,72137.0,1110.3795377696438,0.0,995,971,0,0,971,971,,24,0,0,24,0
2020-09-10,US,Puerto Rico,Trujillo Alto,818,0,0,18.336159,-65.99888399999999,72139.0,1092.9691884236124,0.0,818,797,0,0,797,797,,21,0,0,21,0
2020-09-10,US,Puerto Rico,Unassigned,570,512,0,0.0,0.0,72999.0,0.0,89.82456140350875,58,546,500,0,46,546,,24,12,0,12,0
2020-09-10,US,Puerto Rico,Utuado,109,0,0,18.271214,-66.702984,72141.0,328.81836556155537,0.0,109,106,0,0,106,106,,3,0,0,3,0
2020-09-10,US,Puerto Rico,Vega Alta,507,0,0,18.409346,-66.33725,72143.0,1269.054591875047,0.0,507,503,0,0,503,503,,4,0,0,4,0
2020-09-10,US,Puerto Rico,Vega Baja,721,0,0,18.428262,-66.397924,72145.0,1208.4744058194494,0.0,721,707,0,0,707,707,,14,0,0,14,0
2020-09-10,US,Puerto Rico,Vieques,86,0,0,18.123276,-65.44097099999999,72147.0,924.6317600258037,0.0,86,85,0,0,85,85,,1,0,0,1,0
2020-09-10,US,Puerto Rico,Villalba,100,0,0,18.127951,-66.473115,72149.0,383.53852644498136,0.0,100,99,0,0,99,99,,1,0,0,1,0
2020-09-10,US,Puerto Rico,Yabucoa,231,0,0,18.070399,-65.896289,72151.0,608.8400411164703,0.0,231,225,0,0,225,225,,6,0,0,6,0
2020-09-10,US,Puerto Rico,Yauco,323,0,0,18.080374,-66.858814,72153.0,768.2610660514235,0.0,323,323,0,0,323,323,,0,0,0,0,0
2020-09-10,US,Rhode Island,Bristol,369,0,0,41.71018079,-71.28652315,44001.0,761.1543142391548,0.0,369,369,0,0,369,358,48649,0,0,0,0,11
2020-09-10,US,Rhode Island,Kent,1746,0,0,41.67106337,-71.57641596,44003.0,1062.7419472646263,0.0,1746,1746,0,0,1746,1706,163861,0,0,0,0,40
2020-09-10,US,Rhode Island,Newport,476,0,0,41.5642026,-71.26569799,44005.0,579.9078969810678,0.0,476,476,0,0,476,457,82542,0,0,0,0,19
2020-09-10,US,Rhode Island,Providence,17500,0,0,41.87064746,-71.57753536,44007.0,2738.9499022586165,0.0,17500,17500,0,0,17500,17107,636084,0,0,0,0,393
2020-09-10,US,Rhode Island,Unassigned,1958,1067,0,0.0,0.0,90044.0,0.0,54.4943820224719,891,1852,1062,0,790,2242,,106,5,0,101,-390
2020-09-10,US,Rhode Island,Washington,733,0,0,41.45961631,-71.61435303,44009.0,583.7056148817062,0.0,733,733,0,0,733,722,126179,0,0,0,0,11
2020-09-10,US,South Carolina,Abbeville,469,12,0,34.22333378,-82.46170658,45001.0,1912.1784156235985,2.55863539445629,457,467,11,0,456,467,24541,2,1,0,1,0
2020-09-10,US,South Carolina,Aiken,2473,71,0,33.54338026,-81.63645384,45003.0,1447.2821761318414,2.8710068742418122,2402,2464,69,0,2395,2457,169401,9,2,0,7,7
2020-09-10,US,South Carolina,Allendale,313,6,0,32.98837386,-81.35321066,45005.0,3602.6703499079185,1.9169329073482428,307,314,6,0,308,314,8903,-1,0,0,-1,0
2020-09-10,US,South Carolina,Anderson,3408,138,0,34.51828081,-82.63959517,45007.0,1682.481067151137,4.049295774647887,3270,3404,133,0,3271,3400,200482,4,5,0,-1,4
2020-09-10,US,South Carolina,Bamberg,566,31,0,33.21927586,-81.05659969,45009.0,4023.8873880278693,5.477031802120142,535,562,31,0,531,561,14275,4,0,0,4,1
2020-09-10,US,South Carolina,Barnwell,564,16,0,33.26679302,-81.43584352,45011.0,2702.9617559666444,2.8368794326241136,548,562,15,0,547,557,21112,2,1,0,1,5
2020-09-10,US,South Carolina,Beaufort,5031,73,0,32.39226291,-80.72619758,45013.0,2618.648567056349,1.4510037765851718,4958,5017,73,0,4944,5004,188715,14,0,0,14,13
2020-09-10,US,South Carolina,Berkeley,4999,86,0,33.20222596,-79.94654523,45015.0,2193.438551689944,1.7203440688137628,4913,4971,86,0,4885,4965,221091,28,0,0,28,6
2020-09-10,US,South Carolina,Calhoun,425,17,0,33.66926881,-80.77722168,45017.0,2920.360063217205,4.0,408,427,15,0,412,427,14520,-2,2,0,-4,0
2020-09-10,US,South Carolina,Charleston,14550,249,0,32.82487866,-79.96512315,45019.0,3536.652358011308,1.7113402061855667,14301,14529,249,0,14280,14509,405905,21,0,0,21,20
2020-09-10,US,South Carolina,Cherokee,904,33,0,35.05122251,-81.61828622,45021.0,1577.6614310645725,3.6504424778761067,871,907,33,0,874,903,57078,-3,0,0,-3,4
2020-09-10,US,South Carolina,Chester,951,19,0,34.69249168,-81.1583216,45023.0,2949.385932266468,1.9978969505783384,932,947,19,0,928,942,32251,4,0,0,4,5
2020-09-10,US,South Carolina,Chesterfield,1082,31,0,34.64137396,-80.15640140000002,45025.0,2370.208105147864,2.8650646950092415,1051,1071,30,0,1041,1067,45754,11,1,0,10,4
2020-09-10,US,South Carolina,Clarendon,1016,64,0,33.66610974,-80.21647898,45027.0,3010.816417247,6.299212598425197,952,1013,64,0,949,1012,33700,3,0,0,3,1
2020-09-10,US,South Carolina,Colleton,933,39,0,32.87582989,-80.67641292,45029.0,2476.311808264989,4.180064308681672,894,926,39,0,887,925,37660,7,0,0,7,1
2020-09-10,US,South Carolina,Darlington,1780,46,0,34.33358335,-79.96027485,45031.0,2671.950523882434,2.5842696629213484,1734,1764,46,0,1718,1761,66802,16,0,0,16,3
2020-09-10,US,South Carolina,Dillon,841,28,0,34.39007791,-79.37741872,45033.0,2759.276879162703,3.3293697978596914,813,841,28,0,813,832,30599,0,0,0,0,9
2020-09-10,US,South Carolina,Dorchester,3745,85,0,33.0794369,-80.40502652,45035.0,2300.241387146902,2.2696929238985315,3660,3750,84,0,3666,3743,160647,-5,1,0,-6,7
2020-09-10,US,South Carolina,Edgefield,511,15,0,33.77221995,-81.96231108,45037.0,1874.5414526779168,2.9354207436399222,496,508,15,0,493,506,27052,3,0,0,3,2
2020-09-10,US,South Carolina,Fairfield,692,30,0,34.39287073,-81.1195624,45039.0,3096.6125206962897,4.335260115606936,662,690,29,0,661,689,22402,2,1,0,1,1
2020-09-10,US,South Carolina,Florence,4554,171,0,34.02361754,-79.70189312,45041.0,3293.008322908607,3.7549407114624502,4383,4542,168,0,4374,4519,138159,12,3,0,9,23
2020-09-10,US,South Carolina,Georgetown,1805,41,0,33.43443342,-79.33202141,45043.0,2879.706445437141,2.2714681440443214,1764,1798,40,0,1758,1795,62249,7,1,0,6,3
2020-09-10,US,South Carolina,Greenville,12727,276,0,34.89502264,-82.37295012,45045.0,2430.941548147045,2.168617898954978,12451,12721,275,0,12446,12692,514213,6,1,0,5,29
2020-09-10,US,South Carolina,Greenwood,1975,60,0,34.15272415,-82.12715789,45047.0,2789.11468557145,3.0379746835443036,1915,1968,59,0,1909,1965,70741,7,1,0,6,3
2020-09-10,US,South Carolina,Hampton,570,25,0,32.77419582,-81.13845571,45049.0,2965.3522006034746,4.385964912280701,545,567,25,0,542,567,19351,3,0,0,3,0
2020-09-10,US,South Carolina,Horry,9694,191,0,33.9212828,-78.99555293,45051.0,2737.791635247302,1.9702909015886116,9503,9647,189,0,9458,9619,344147,47,2,0,45,28
2020-09-10,US,South Carolina,Jasper,723,18,0,32.43171982,-81.02487495,45053.0,2404.1499019053635,2.489626556016597,705,716,18,0,698,715,28971,7,0,0,7,1
2020-09-10,US,South Carolina,Kershaw,1716,34,0,34.33988254,-80.58763164,45055.0,2578.4736517858482,1.981351981351981,1682,1716,33,0,1683,1715,65592,0,1,0,-1,1
2020-09-10,US,South Carolina,Lancaster,1800,42,0,34.68270843,-80.70513032,45057.0,1836.5098151246787,2.333333333333333,1758,1802,43,0,1759,1796,95380,-2,-1,0,-1,6
2020-09-10,US,South Carolina,Laurens,1534,54,0,34.48244419,-82.00490796,45059.0,2272.828293304491,3.520208604954368,1480,1539,54,0,1485,1538,66994,-5,0,0,-5,1
2020-09-10,US,South Carolina,Lee,674,32,0,34.16393091,-80.25690731,45061.0,4005.2293796054205,4.747774480712166,642,682,32,0,650,683,17142,-8,0,0,-8,-1
2020-09-10,US,South Carolina,Lexington,6172,149,0,33.89665987,-81.27146426,45063.0,2065.9414225941423,2.414128321451717,6023,6148,148,0,6000,6123,295032,24,1,0,23,25
2020-09-10,US,South Carolina,Marion,752,18,0,34.07859748,-79.36400756,45067.0,2452.947124637114,2.3936170212765955,734,752,18,0,734,752,31039,0,0,0,0,0
2020-09-10,US,South Carolina,Marlboro,814,6,0,34.59905577,-79.67561152,45069.0,3116.6245501186922,0.7371007371007371,808,805,6,0,799,804,26398,9,0,0,9,1
2020-09-10,US,South Carolina,McCormick,177,5,0,33.90161443,-82.30794338,45065.0,1870.442777131988,2.824858757062147,172,177,5,0,172,175,9410,0,0,0,0,2
2020-09-10,US,South Carolina,Newberry,1039,16,0,34.28629098,-81.59935761,45071.0,2702.913631633715,1.5399422521655437,1023,1031,16,0,1015,1030,38520,8,0,0,8,1
2020-09-10,US,South Carolina,Oconee,1198,21,0,34.75225169,-83.06742317,45073.0,1506.0468156789782,1.7529215358931554,1177,1209,20,0,1189,1209,78374,-11,1,0,-12,0
2020-09-10,US,South Carolina,Orangeburg,2920,113,0,33.4391073,-80.79886287,45075.0,3388.453727879316,3.8698630136986303,2807,2915,109,0,2806,2911,86934,5,4,0,1,4
2020-09-10,US,South Carolina,Pickens,2462,37,0,34.88807695,-82.72791551,45077.0,1940.3549698937613,1.5028432168968318,2425,2445,36,0,2409,2443,124937,17,1,0,16,2
2020-09-10,US,South Carolina,Richland,12503,210,0,34.01791263,-80.90267209,45079.0,3007.2710392318627,1.6795968967447812,12293,12430,207,0,12223,12396,414576,73,3,0,70,34
2020-09-10,US,South Carolina,Saluda,635,18,0,34.00795823,-81.72713237,45081.0,3101.6460704342303,2.8346456692913384,617,615,16,0,599,615,20544,20,2,0,18,0
2020-09-10,US,South Carolina,Spartanburg,5625,174,0,34.92960077,-81.99225984,45083.0,1758.9943243116468,3.0933333333333333,5451,5617,175,0,5442,5603,313888,8,-1,0,9,14
2020-09-10,US,South Carolina,Sumter,2928,70,0,33.91826534,-80.37942316,45085.0,2743.602477488029,2.390710382513661,2858,2921,71,0,2850,2918,106512,7,-1,0,8,3
2020-09-10,US,South Carolina,Union,491,9,0,34.68835752,-81.61730349,45087.0,1797.481329623664,1.8329938900203664,482,490,9,0,481,489,27410,1,0,0,1,1
2020-09-10,US,South Carolina,Williamsburg,1255,39,0,33.62190129,-79.72767442,45089.0,4132.639620653319,3.1075697211155378,1216,1247,39,0,1208,1244,30606,8,0,0,8,3
2020-09-10,US,South Carolina,York,4596,57,0,34.97281497,-81.18085944,45091.0,1635.7094302421176,1.2402088772845954,4539,4579,56,0,4523,4551,274118,17,1,0,16,28
2020-09-10,US,South Dakota,Aurora,42,0,0,43.71757685,-98.56050467,46003.0,1526.7175572519086,0.0,42,42,0,0,42,42,2801,0,0,0,0,0
2020-09-10,US,South Dakota,Beadle,656,9,0,44.41464384,-98.27858469,46005.0,3554.977510431909,1.3719512195121952,647,654,9,0,645,647,18883,2,0,0,2,7
2020-09-10,US,South Dakota,Bennett,37,1,0,43.19486375,-101.6665572,46007.0,1099.554234769688,2.702702702702702,36,35,0,0,35,34,3468,2,1,0,1,1
2020-09-10,US,South Dakota,Bon Homme,60,1,0,42.98914167,-97.88592746,46009.0,869.439211708448,1.6666666666666667,59,59,1,0,58,59,6980,1,0,0,1,0
2020-09-10,US,South Dakota,Brookings,556,1,0,44.36974375,-96.79079945,46011.0,1585.0842432363088,0.17985611510791366,555,538,1,0,537,534,35232,18,0,0,18,4
2020-09-10,US,South Dakota,Brown,871,3,0,45.58994323,-98.35165355,46013.0,2242.591209866372,0.34443168771526983,868,848,3,0,845,838,39316,23,0,0,23,10
2020-09-10,US,South Dakota,Brule,77,0,0,43.71756379,-99.08118954,46015.0,1453.6530111383802,0.0,77,76,0,0,76,76,5229,1,0,0,1,0
2020-09-10,US,South Dakota,Buffalo,113,3,0,44.07657829,-99.20814467,46017.0,5759.429153924567,2.6548672566371683,110,112,3,0,109,112,2036,1,0,0,1,0
2020-09-10,US,South Dakota,Butte,62,1,0,44.90608745,-103.5079318,46019.0,594.496116597948,1.6129032258064515,61,61,1,0,60,58,10222,1,0,0,1,3
2020-09-10,US,South Dakota,Campbell,4,0,0,45.77074915,-100.0510181,46021.0,290.6976744186046,0.0,4,4,0,0,4,4,1377,0,0,0,0,0
2020-09-10,US,South Dakota,Charles Mix,128,0,0,43.20660134,-98.58856175,46023.0,1377.5290572535516,0.0,128,127,0,0,127,125,9338,1,0,0,1,2
2020-09-10,US,South Dakota,Clark,23,0,0,44.85834507,-97.72925109,46025.0,615.6316916488222,0.0,23,23,0,0,23,23,3739,0,0,0,0,0
2020-09-10,US,South Dakota,Clay,483,4,0,42.91296147,-96.97656917,46027.0,3432.8358208955224,0.8281573498964804,479,479,3,0,476,464,14041,4,1,0,3,15
2020-09-10,US,South Dakota,Codington,516,2,0,44.97788119,-97.18827677,46029.0,1842.2649862544185,0.3875968992248062,514,490,2,0,488,468,28015,26,0,0,26,22
2020-09-10,US,South Dakota,Corson,71,1,0,45.70889983,-101.1970473,46031.0,1737.640724424865,1.4084507042253518,70,68,0,0,68,67,4165,3,1,0,2,1
2020-09-10,US,South Dakota,Custer,145,1,0,43.67741105,-103.45345209999999,46033.0,1616.1390994204196,0.6896551724137931,144,139,1,0,138,138,8726,6,0,0,6,1
2020-09-10,US,South Dakota,Davison,165,2,0,43.67490933,-98.14458906,46035.0,834.3868520859671,1.2121212121212122,163,164,2,0,162,162,19790,1,0,0,1,2
2020-09-10,US,South Dakota,Day,45,0,0,45.367281,-97.60737498,46037.0,829.6460176991153,0.0,45,43,0,0,43,43,5505,2,0,0,2,0
2020-09-10,US,South Dakota,Deuel,61,0,0,44.75994309,-96.66943645,46039.0,1401.9765571133069,0.0,61,59,0,0,59,54,4337,2,0,0,2,5
2020-09-10,US,South Dakota,Dewey,101,0,0,45.15639647,-100.8709139,46041.0,1714.1887304820095,0.0,101,95,0,0,95,93,5904,6,0,0,6,2
2020-09-10,US,South Dakota,Douglas,37,0,0,43.38520741,-98.36978007,46043.0,1266.6894899007186,0.0,37,34,0,0,34,32,2935,3,0,0,3,2
2020-09-10,US,South Dakota,Edmunds,49,0,0,45.41846445,-99.21545423,46045.0,1279.7074954296158,0.0,49,44,0,0,44,42,3875,5,0,0,5,2
2020-09-10,US,South Dakota,Fall River,71,1,0,43.23929297,-103.5275691,46047.0,1057.6493371071056,1.4084507042253518,70,70,1,0,69,68,6758,1,0,0,1,2
2020-09-10,US,South Dakota,Faulk,45,1,0,45.07082625,-99.14535601,46049.0,1957.3727707699,2.2222222222222223,44,44,1,0,43,43,2330,1,0,0,1,1
2020-09-10,US,South Dakota,Grant,55,0,0,45.1723937,-96.77002276,46051.0,779.9205899035735,0.0,55,52,0,0,52,51,7147,3,0,0,3,1
2020-09-10,US,South Dakota,Gregory,46,1,0,43.19419064,-99.18883902,46053.0,1099.1636798088412,2.1739130434782608,45,44,1,0,43,40,4212,2,0,0,2,4
2020-09-10,US,South Dakota,Haakon,8,0,0,44.29299053,-101.539099,46055.0,421.274354923644,0.0,8,8,0,0,8,8,1918,0,0,0,0,0
2020-09-10,US,South Dakota,Hamlin,72,0,0,44.67385954,-97.18829593,46057.0,1168.0726800778716,0.0,72,72,0,0,72,70,6111,0,0,0,0,2
2020-09-10,US,South Dakota,Hand,16,0,0,44.54708407,-99.00386459,46059.0,501.41021623315567,0.0,16,16,0,0,16,16,3262,0,0,0,0,0
2020-09-10,US,South Dakota,Hanson,24,0,0,43.6746384,-97.78715148,46061.0,695.0477845351868,0.0,24,25,0,0,25,25,3376,-1,0,0,-1,0
2020-09-10,US,South Dakota,Harding,3,0,0,45.58015551,-103.4958629,46063.0,231.12480739599386,0.0,3,3,0,0,3,2,1249,0,0,0,0,1
2020-09-10,US,South Dakota,Hughes,152,4,0,44.39091534,-99.99661148,46065.0,867.2828939860779,2.631578947368421,148,150,4,0,146,151,17650,2,0,0,2,-1
2020-09-10,US,South Dakota,Hutchinson,58,1,0,43.33449012,-97.75536441,46067.0,795.5013029762721,1.7241379310344829,57,57,1,0,56,57,7380,1,0,0,1,0
2020-09-10,US,South Dakota,Hyde,8,0,0,44.54747703,-99.48572582,46069.0,614.9116064565719,0.0,8,7,0,0,7,7,1282,1,0,0,1,0
2020-09-10,US,South Dakota,Jackson,12,1,0,43.69318385,-101.6255063,46071.0,358.85167464114835,8.333333333333334,11,12,1,0,11,12,3307,0,0,0,0,0
2020-09-10,US,South Dakota,Jerauld,47,1,0,44.06637798,-98.62965972,46073.0,2334.8236462990562,2.127659574468085,46,46,1,0,45,46,2043,1,0,0,1,0
2020-09-10,US,South Dakota,Jones,6,0,0,43.96278565,-100.6940008,46075.0,664.4518272425249,0.0,6,6,0,0,6,6,928,0,0,0,0,0
2020-09-10,US,South Dakota,Kingsbury,27,0,0,44.36956169,-97.4913945,46077.0,546.6693662684753,0.0,27,27,0,0,27,25,4919,0,0,0,0,2
2020-09-10,US,South Dakota,Lake,140,6,0,44.02193107,-97.12926365,46079.0,1094.0064077518168,4.285714285714286,134,135,6,0,129,131,13057,5,0,0,5,4
2020-09-10,US,South Dakota,Lawrence,277,4,0,44.35919441,-103.79294279999999,46081.0,1071.8155084352268,1.444043321299639,273,267,4,0,263,264,25741,10,0,0,10,3
2020-09-10,US,South Dakota,Lincoln,1030,2,0,43.27841182,-96.72039050000001,46083.0,1684.9888758015964,0.1941747572815534,1028,1015,2,0,1013,1007,58807,15,0,0,15,8
2020-09-10,US,South Dakota,Lyman,104,3,0,43.89522709,-99.85201878,46085.0,2750.5950806664905,2.8846153846153846,101,104,3,0,101,104,3821,0,0,0,0,0
2020-09-10,US,South Dakota,Marshall,22,0,0,45.75870838,-97.59855639,46091.0,445.7953394123607,0.0,22,21,0,0,21,20,5112,1,0,0,1,1
2020-09-10,US,South Dakota,McCook,66,1,0,43.6742571,-97.36863144,46087.0,1181.5252416756175,1.5151515151515151,65,61,1,0,60,61,5546,5,0,0,5,0
2020-09-10,US,South Dakota,McPherson,16,0,0,45.76626028,-99.22118798,46089.0,672.5514922236233,0.0,16,16,0,0,16,16,2407,0,0,0,0,0
2020-09-10,US,South Dakota,Meade,364,1,0,44.56676791,-102.71627409999999,46093.0,1284.7663419455034,0.27472527472527475,363,348,1,0,347,346,28294,16,0,0,16,2
2020-09-10,US,South Dakota,Mellette,25,0,0,43.58078848,-100.7563186,46095.0,1213.0033964095098,0.0,25,25,0,0,25,25,2042,0,0,0,0,0
2020-09-10,US,South Dakota,Miner,17,0,0,44.02197882,-97.60992207,46097.0,767.1480144404331,0.0,17,17,0,0,17,17,2213,0,0,0,0,0
2020-09-10,US,South Dakota,Minnehaha,5689,72,0,43.67441641,-96.7910885,46099.0,2945.6232460364313,1.2656002812445069,5617,5653,71,0,5582,5625,192876,36,1,0,35,28
2020-09-10,US,South Dakota,Moody,58,0,0,44.02266214,-96.67081159,46101.0,881.9951338199513,0.0,58,57,0,0,57,56,6579,1,0,0,1,1
2020-09-10,US,South Dakota,Oglala Lakota,198,2,0,43.33749164,-102.55554980000001,46102.0,1396.6283416801862,1.0101010101010102,196,195,2,0,193,196,14309,3,0,0,3,-1
2020-09-10,US,South Dakota,Pennington,1701,33,0,44.0025835,-102.8240777,46103.0,1495.0560316413973,1.9400352733686064,1668,1666,33,0,1633,1642,111729,35,0,0,35,24
2020-09-10,US,South Dakota,Perkins,24,0,0,45.49049506,-102.47555859999999,46105.0,837.6963350785339,0.0,24,24,0,0,24,24,2922,0,0,0,0,0
2020-09-10,US,South Dakota,Potter,26,0,0,45.06583079,-99.95498503,46107.0,1207.6172782164422,0.0,26,25,0,0,25,25,2207,1,0,0,1,0
2020-09-10,US,South Dakota,Roberts,109,1,0,45.62975048,-96.94672673,46109.0,1048.681931883779,0.9174311926605504,108,107,1,0,106,105,10447,2,0,0,2,2
2020-09-10,US,South Dakota,Sanborn,15,0,0,44.02351092,-98.09098159999999,46111.0,639.9317406143344,0.0,15,15,0,0,15,16,2429,0,0,0,0,-1
2020-09-10,US,South Dakota,Spink,73,0,0,44.93837606,-98.34626602,46115.0,1144.9184441656212,0.0,73,72,0,0,72,70,6495,1,0,0,1,2
2020-09-10,US,South Dakota,Stanley,23,0,0,44.41381872,-100.7349153,46117.0,742.4144609425435,0.0,23,23,0,0,23,23,3022,0,0,0,0,0
2020-09-10,US,South Dakota,Sully,8,0,0,44.71571812,-100.1278092,46119.0,575.1258087706685,0.0,8,8,0,0,8,8,1392,0,0,0,0,0
2020-09-10,US,South Dakota,Todd,87,5,0,43.19338568,-100.71955030000001,46121.0,854.8688218531984,5.747126436781608,82,87,5,0,82,87,10283,0,0,0,0,0
2020-09-10,US,South Dakota,Tripp,30,0,0,43.34459388,-99.8854891,46123.0,551.3692335967653,0.0,30,29,0,0,29,27,5478,1,0,0,1,2
2020-09-10,US,South Dakota,Turner,99,0,0,43.3109081,-97.14865776,46125.0,1180.820610687023,0.0,99,97,0,0,97,97,8424,2,0,0,2,0
2020-09-10,US,South Dakota,Union,298,5,0,42.83112163,-96.6557828,46127.0,1870.449409992468,1.6778523489932886,293,296,5,0,291,295,15619,2,0,0,2,1
2020-09-10,US,South Dakota,Walworth,62,0,0,45.43019636,-100.03075140000001,46129.0,1140.754369825207,0.0,62,58,0,0,58,56,5587,4,0,0,4,2
2020-09-10,US,South Dakota,Yankton,263,3,0,43.00924485,-97.39467635,46135.0,1152.800911720873,1.1406844106463878,260,262,3,0,259,263,22869,1,0,0,1,-1
2020-09-10,US,South Dakota,Ziebach,58,0,0,44.97881876,-101.6654622,46137.0,2104.499274310595,0.0,58,55,0,0,55,55,2742,3,0,0,3,0
2020-09-10,US,Tennessee,Anderson,992,10,0,36.12684348,-84.19965764,47001.0,1288.679882563849,1.0080645161290325,982,963,9,0,954,957,76482,29,1,0,28,6
2020-09-10,US,Tennessee,Bedford,1196,14,0,35.51123746,-86.45549096,47003.0,2405.8093456439965,1.1705685618729098,1182,1172,14,0,1158,1169,49038,24,0,0,24,3
2020-09-10,US,Tennessee,Benton,293,8,0,36.07110411,-88.06849355,47005.0,1813.118811881188,2.7303754266211606,285,289,8,0,281,288,16184,4,0,0,4,1
2020-09-10,US,Tennessee,Bledsoe,814,4,0,35.59942968,-85.20611967,47007.0,5403.611258629846,0.4914004914004914,810,808,4,0,804,802,14755,6,0,0,6,6
2020-09-10,US,Tennessee,Blount,2264,19,0,35.68938198,-83.92847788,47009.0,1701.1300793459964,0.8392226148409894,2245,2168,18,0,2150,2152,131349,96,1,0,95,16
2020-09-10,US,Tennessee,Bradley,2648,16,0,35.15739424,-84.857186,47011.0,2449.357136250116,0.6042296072507553,2632,2606,16,0,2590,2595,106727,42,0,0,42,11
2020-09-10,US,Tennessee,Campbell,381,3,0,36.40355516,-84.15108559999999,47013.0,956.2772953165004,0.7874015748031497,378,370,3,0,367,369,39583,11,0,0,11,1
2020-09-10,US,Tennessee,Cannon,237,0,0,35.80990797,-86.05738983,47015.0,1614.661398010628,0.0,237,233,0,0,233,231,14462,4,0,0,4,2
2020-09-10,US,Tennessee,Carroll,713,13,0,35.97366108,-88.45189331,47017.0,2567.7963049663267,1.82328190743338,700,703,10,0,693,698,28020,10,3,0,7,5
2020-09-10,US,Tennessee,Carter,1032,24,0,36.28969086,-82.12588974,47019.0,1830.079267968293,2.3255813953488373,1008,1011,24,0,987,1000,56351,21,0,0,21,11
2020-09-10,US,Tennessee,Cheatham,739,10,0,36.26136216,-87.08903581,47021.0,1817.1982196867239,1.3531799729364005,729,731,10,0,721,729,40439,8,0,0,8,2
2020-09-10,US,Tennessee,Chester,479,8,0,35.42527478,-88.6095842,47023.0,2769.266346765335,1.6701461377870563,471,470,7,0,463,463,17276,9,1,0,8,7
2020-09-10,US,Tennessee,Claiborne,390,3,0,36.48319149,-83.65947309,47025.0,1220.3135267060925,0.7692307692307693,387,383,3,0,380,383,31756,7,0,0,7,0
2020-09-10,US,Tennessee,Clay,132,3,0,36.55151008,-85.53930419,47027.0,1733.4208798424163,2.272727272727273,129,131,3,0,128,131,7717,1,0,0,1,0
2020-09-10,US,Tennessee,Cocke,697,7,0,35.9278914,-83.11828725,47029.0,1935.8960115542718,1.0043041606886658,690,672,7,0,665,671,35774,25,0,0,25,1
2020-09-10,US,Tennessee,Coffee,875,8,0,35.49090731,-86.07311784,47031.0,1548.1245576786978,0.9142857142857144,867,848,8,0,840,836,55700,27,0,0,27,12
2020-09-10,US,Tennessee,Crockett,453,17,0,35.81830662,-89.14916269,47033.0,3183.4153197470127,3.752759381898455,436,436,15,0,421,431,14328,17,2,0,15,5
2020-09-10,US,Tennessee,Cumberland,1017,10,0,35.95271721,-84.99840585,47035.0,1680.436219431593,0.983284169124877,1007,992,10,0,982,992,59673,25,0,0,25,0
2020-09-10,US,Tennessee,Davidson,24904,274,0,36.17007426,-86.78646056,47037.0,3587.7281947261663,1.1002248634757468,24630,24513,269,0,24244,24418,692587,391,5,0,386,95
2020-09-10,US,Tennessee,DeKalb,518,8,0,35.97616272,-85.83689361,47041.0,2528.0624694973158,1.5444015444015444,510,509,7,0,502,507,20138,9,1,0,8,2
2020-09-10,US,Tennessee,Decatur,383,5,0,35.60048904,-88.11043779,47039.0,3283.8892223270173,1.3054830287206267,378,366,5,0,361,360,11706,17,0,0,17,6
2020-09-10,US,Tennessee,Dickson,1094,11,0,36.14669837,-87.35891709,47043.0,2027.8786980054867,1.0054844606946984,1083,1090,10,0,1080,1077,53446,4,1,0,3,13
2020-09-10,US,Tennessee,Dyer,1082,10,0,36.05931946,-89.41542855,47045.0,2911.8114050431927,0.9242144177449167,1072,1061,11,0,1050,1063,37320,21,-1,0,22,-2
2020-09-10,US,Tennessee,Fayette,1021,13,0,35.19615831,-89.41399032,47047.0,2482.19191403496,1.2732615083251717,1008,1008,12,0,996,1008,40507,13,1,0,12,0
2020-09-10,US,Tennessee,Fentress,314,2,0,36.38128818,-84.92870012,47049.0,1695.1897640770933,0.6369426751592356,312,301,0,0,301,299,18217,13,2,0,11,2
2020-09-10,US,Tennessee,Franklin,685,7,0,35.15634626,-86.09201039,47051.0,1622.9150871872628,1.0218978102189782,678,653,5,0,648,648,41890,32,2,0,30,5
2020-09-10,US,Tennessee,Gibson,1277,19,0,35.99438059,-88.93358327,47053.0,2599.0678362811145,1.4878621769772906,1258,1256,18,0,1238,1237,49045,21,1,0,20,19
2020-09-10,US,Tennessee,Giles,502,15,0,35.20222469,-87.03992678,47055.0,1703.7740972033664,2.98804780876494,487,493,15,0,478,490,29503,9,0,0,9,3
2020-09-10,US,Tennessee,Grainger,304,1,0,36.27469206,-83.51254721,47057.0,1303.6020583190395,0.32894736842105265,303,298,1,0,297,295,23145,6,0,0,6,3
2020-09-10,US,Tennessee,Greene,962,23,0,36.17470125,-82.84691273,47059.0,1392.810088462263,2.3908523908523907,939,948,22,0,926,938,69087,14,1,0,13,10
2020-09-10,US,Tennessee,Grundy,164,4,0,35.38433717,-85.72142731,47061.0,1221.419527817085,2.4390243902439024,160,160,3,0,157,158,13346,4,1,0,3,2
2020-09-10,US,Tennessee,Hamblen,1735,22,0,36.21990035,-83.26586179,47063.0,2671.943819878646,1.2680115273775217,1713,1698,21,0,1677,1693,64569,37,1,0,36,5
2020-09-10,US,Tennessee,Hamilton,8672,80,0,35.17670231,-85.16652245,47065.0,2357.7775119357048,0.922509225092251,8592,8640,77,0,8563,8594,364286,32,3,0,29,46
2020-09-10,US,Tennessee,Hancock,103,2,0,36.52692871,-83.22375847,47067.0,1555.891238670695,1.9417475728155342,101,100,2,0,98,100,6549,3,0,0,3,0
2020-09-10,US,Tennessee,Hardeman,1427,24,0,35.20772017,-88.99161161,47069.0,5696.6067864271445,1.6818500350385424,1403,1288,24,0,1264,1288,25220,139,0,0,139,0
2020-09-10,US,Tennessee,Hardin,845,13,0,35.19732531,-88.18593755,47071.0,3294.0901294246064,1.5384615384615383,832,819,12,0,807,810,25776,26,1,0,25,9
2020-09-10,US,Tennessee,Hawkins,708,13,0,36.44355426,-82.94885298,47073.0,1246.7861796921775,1.8361581920903955,695,702,13,0,689,704,56530,6,0,0,6,-2
2020-09-10,US,Tennessee,Haywood,834,13,0,35.58332824,-89.28536625,47075.0,4819.694868238557,1.5587529976019183,821,824,13,0,811,817,17335,10,0,0,10,7
2020-09-10,US,Tennessee,Henderson,1013,16,0,35.65581134,-88.38600175,47077.0,3602.8025749546528,1.579466929911155,997,989,14,0,975,983,27847,24,2,0,22,6
2020-09-10,US,Tennessee,Henry,536,8,0,36.33160906,-88.30121797,47079.0,1657.1340238058433,1.492537313432836,528,527,8,0,519,526,32358,9,0,0,9,1
2020-09-10,US,Tennessee,Hickman,442,4,0,35.80609681,-87.47643507,47081.0,1755.5008340614822,0.9049773755656108,438,420,4,0,416,413,25063,22,0,0,22,7
2020-09-10,US,Tennessee,Houston,126,0,0,36.28872054,-87.71878828,47083.0,1536.3980002438727,0.0,126,119,0,0,119,120,8263,7,0,0,7,-1
2020-09-10,US,Tennessee,Humphreys,192,3,0,36.03958805,-87.77992872,47085.0,1033.2579916047791,1.5625,189,187,3,0,184,181,18486,5,0,0,5,6
2020-09-10,US,Tennessee,Jackson,272,2,0,36.36380466,-85.67239905,47087.0,2307.8228406584085,0.7352941176470589,270,264,2,0,262,262,11758,8,0,0,8,2
2020-09-10,US,Tennessee,Jefferson,956,13,0,36.04818632,-83.45148924,47089.0,1754.2893843471875,1.3598326359832635,943,926,9,0,917,923,54012,30,4,0,26,3
2020-09-10,US,Tennessee,Johnson,523,2,0,36.45523950000001,-81.84886538,47091.0,2940.184393973465,0.3824091778202677,521,514,1,0,513,509,17778,9,1,0,8,5
2020-09-10,US,Tennessee,Knox,7710,66,0,35.99508821,-83.94635435,47093.0,1639.3338053594096,0.8560311284046692,7644,7445,66,0,7379,7370,465289,265,0,0,265,75
2020-09-10,US,Tennessee,Lake,853,2,0,36.34180170000001,-89.48921915,47095.0,12157.924743443557,0.2344665885111372,851,850,2,0,848,848,7411,3,0,0,3,2
2020-09-10,US,Tennessee,Lauderdale,852,14,0,35.75893438,-89.63015909999999,47097.0,3323.8403620333165,1.6431924882629108,838,831,14,0,817,831,25825,21,0,0,21,0
2020-09-10,US,Tennessee,Lawrence,831,11,0,35.21675201,-87.39787695,47099.0,1882.560826423814,1.3237063778580025,820,808,11,0,797,804,43734,23,0,0,23,4
2020-09-10,US,Tennessee,Lewis,152,1,0,35.52853208,-87.49022694,47101.0,1238.9957613302902,0.6578947368421053,151,149,1,0,148,149,12086,3,0,0,3,0
2020-09-10,US,Tennessee,Lincoln,491,1,0,35.13738622,-86.58910106,47103.0,1428.7377058720829,0.20366598778004075,490,467,1,0,466,467,34117,24,0,0,24,0
2020-09-10,US,Tennessee,Loudon,1003,4,0,35.73939663,-84.31145275,47105.0,1855.071391580972,0.3988035892323031,999,986,4,0,982,986,53054,17,0,0,17,0
2020-09-10,US,Tennessee,Macon,964,19,0,36.53157855,-86.00778595,47111.0,3918.3806194618323,1.970954356846473,945,952,18,0,934,952,24265,12,1,0,11,0
2020-09-10,US,Tennessee,Madison,2193,50,0,35.61181957,-88.84076036,47113.0,2238.120509470934,2.279981760145919,2143,2152,50,0,2102,2105,97605,41,0,0,41,47
2020-09-10,US,Tennessee,Marion,413,7,0,35.12997174,-85.62265895,47115.0,1428.7196872729792,1.6949152542372878,406,400,7,0,393,397,28575,13,0,0,13,3
2020-09-10,US,Tennessee,Marshall,609,4,0,35.45798777,-86.76420988,47117.0,1771.6363636363635,0.6568144499178982,605,601,4,0,597,599,33683,8,0,0,8,2
2020-09-10,US,Tennessee,Maury,1965,18,0,35.618741299999996,-87.07462444,47119.0,2038.656665317937,0.916030534351145,1947,1902,18,0,1884,1900,94340,63,0,0,63,2
2020-09-10,US,Tennessee,McMinn,914,24,0,35.42812616,-84.61520715,47107.0,1699.0742461984607,2.62582056892779,890,894,24,0,870,884,53285,20,0,0,20,10
2020-09-10,US,Tennessee,McNairy,668,14,0,35.17468549,-88.5647812,47109.0,2599.8287537946608,2.0958083832335332,654,648,14,0,634,635,25832,20,0,0,20,13
2020-09-10,US,Tennessee,Meigs,191,3,0,35.51558739,-84.81482914,47121.0,1537.594590243117,1.5706806282722514,188,186,3,0,183,182,12306,5,0,0,5,4
2020-09-10,US,Tennessee,Monroe,903,17,0,35.44550387,-84.24902965,47123.0,1940.058008378988,1.8826135105204875,886,879,16,0,863,874,46357,24,1,0,23,5
2020-09-10,US,Tennessee,Montgomery,2703,35,0,36.49609412,-87.38550661,47125.0,1293.3447531735512,1.2948575656677763,2668,2661,35,0,2626,2639,205950,42,0,0,42,22
2020-09-10,US,Tennessee,Moore,121,1,0,35.27724699,-86.36230578,47127.0,1864.98150431566,0.8264462809917356,120,118,1,0,117,118,6411,3,0,0,3,0
2020-09-10,US,Tennessee,Morgan,274,2,0,36.13248031,-84.64880098,47129.0,1280.194365275896,0.7299270072992701,272,268,2,0,266,266,21579,6,0,0,6,2
2020-09-10,US,Tennessee,Obion,956,8,0,36.35732446,-89.14921589,47131.0,3179.354152116798,0.8368200836820083,948,940,8,0,932,937,30267,16,0,0,16,3
2020-09-10,US,Tennessee,Out of TN,2618,25,0,0.0,0.0,80047.0,0.0,0.9549274255156608,2593,2574,23,0,2551,2574,,44,2,0,42,0
2020-09-10,US,Tennessee,Overton,561,2,0,36.34117832,-85.28989535,47133.0,2522.3685985342386,0.35650623885918004,559,538,2,0,536,537,22068,23,0,0,23,1
2020-09-10,US,Tennessee,Perry,123,0,0,35.63708728,-87.86139634,47135.0,1523.0312035661218,0.0,123,123,0,0,123,122,8064,0,0,0,0,1
2020-09-10,US,Tennessee,Pickett,87,1,0,36.55606529,-85.07763299999998,47137.0,1723.4548335974646,1.1494252873563218,86,83,1,0,82,80,5082,4,0,0,4,3
2020-09-10,US,Tennessee,Polk,359,11,0,35.12245443,-84.52075859,47139.0,2132.842205323194,3.064066852367688,348,353,11,0,342,353,16898,6,0,0,6,0
2020-09-10,US,Tennessee,Putnam,2596,34,0,36.14005459,-85.50646123,47141.0,3235.092529129541,1.3097072419106317,2562,2518,33,0,2485,2502,78843,78,1,0,77,16
2020-09-10,US,Tennessee,Rhea,703,7,0,35.60536161,-84.93076643,47143.0,2119.5766876714806,0.9957325746799432,696,698,5,0,693,686,33044,5,2,0,3,12
2020-09-10,US,Tennessee,Roane,717,3,0,35.84923189,-84.52458689,47145.0,1343.1493761942227,0.41841004184100417,714,704,2,0,702,696,53140,13,1,0,12,8
2020-09-10,US,Tennessee,Robertson,2041,31,0,36.52454807,-86.87346725,47147.0,2842.1037973625944,1.5188633023027929,2010,2015,31,0,1984,2014,71012,26,0,0,26,1
2020-09-10,US,Tennessee,Rutherford,8387,82,0,35.84591405,-86.4107263,47149.0,2524.038099823946,0.9777035888875641,8305,8270,81,0,8189,8242,324890,117,1,0,116,28
2020-09-10,US,Tennessee,Scott,173,2,0,36.42325673,-84.50360494,47151.0,783.9405473989489,1.1560693641618498,171,170,2,0,168,167,22039,3,0,0,3,3
2020-09-10,US,Tennessee,Sequatchie,183,2,0,35.36979721,-85.41022136,47153.0,1217.8889924131504,1.0928961748633879,181,176,2,0,174,177,14876,7,0,0,7,-1
2020-09-10,US,Tennessee,Sevier,2374,13,0,35.78077323,-83.52244332,47155.0,2416.2849872773536,0.5475989890480202,2361,2342,13,0,2329,2329,97892,32,0,0,32,13
2020-09-10,US,Tennessee,Shelby,28404,412,0,35.1864775,-89.89692423,47157.0,3030.8397871881816,1.4504999295873822,27992,28117,406,0,27711,28011,935764,287,6,0,281,106
2020-09-10,US,Tennessee,Smith,599,9,0,36.25359775,-85.95411046,47159.0,2971.672371880736,1.5025041736227045,590,587,9,0,578,590,19942,12,0,0,12,-3
2020-09-10,US,Tennessee,Stewart,115,2,0,36.50235092,-87.83920548,47161.0,838.4979948960993,1.7391304347826086,113,112,1,0,111,108,13561,3,1,0,2,4
2020-09-10,US,Tennessee,Sullivan,1914,29,0,36.51240691,-82.30412917,47163.0,1208.7301386818906,1.5151515151515151,1885,1896,27,0,1869,1875,157668,18,2,0,16,21
2020-09-10,US,Tennessee,Sumner,4384,89,0,36.46824103,-86.45917204,47165.0,2291.892117961345,2.0301094890510947,4295,4318,88,0,4230,4300,187149,66,1,0,65,18
2020-09-10,US,Tennessee,Tipton,1590,15,0,35.501942,-89.73694895,47167.0,2581.210733940486,0.9433962264150944,1575,1572,15,0,1557,1566,61581,18,0,0,18,6
2020-09-10,US,Tennessee,Trousdale,1633,7,0,36.39026213,-86.16087954,47169.0,14471.81850407657,0.4286589099816289,1626,1631,7,0,1624,1629,11012,2,0,0,2,2
2020-09-10,US,Tennessee,Unassigned,2592,7,0,0.0,0.0,90047.0,0.0,0.2700617283950617,2585,3866,10,0,3856,3823,,-1274,-3,0,-1271,43
2020-09-10,US,Tennessee,Unicoi,248,1,0,36.10890856,-82.43709629,47171.0,1386.7919252921772,0.4032258064516129,247,244,1,0,243,241,17761,4,0,0,4,3
2020-09-10,US,Tennessee,Union,256,1,0,36.28590426,-83.83651902,47173.0,1281.7945123172442,0.390625,255,250,1,0,249,249,19688,6,0,0,6,1
2020-09-10,US,Tennessee,Van Buren,119,0,0,35.69864497,-85.45221699,47175.0,2026.5667574931879,0.0,119,114,0,0,114,115,5765,5,0,0,5,-1
2020-09-10,US,Tennessee,Warren,930,7,0,35.672829899999996,-85.77969117,47177.0,2253.0707173486444,0.7526881720430108,923,914,7,0,907,914,40878,16,0,0,16,0
2020-09-10,US,Tennessee,Washington,1913,16,0,36.29472368,-82.49454720000001,47179.0,1478.647342995169,0.8363826450601151,1897,1876,16,0,1860,1863,128607,37,0,0,37,13
2020-09-10,US,Tennessee,Wayne,1467,4,0,35.23868267,-87.78644456,47181.0,8798.656510526,0.27266530334015,1463,1460,4,0,1456,1489,16558,7,0,0,7,-29
2020-09-10,US,Tennessee,Weakley,997,14,0,36.29896232,-88.71990865,47183.0,2991.478636581853,1.4042126379137412,983,977,14,0,963,970,33415,20,0,0,20,7
2020-09-10,US,Tennessee,White,650,8,0,35.92929884,-85.45591799,47185.0,2377.034192722618,1.2307692307692308,642,629,7,0,622,627,27107,21,1,0,20,2
2020-09-10,US,Tennessee,Williamson,4685,34,0,35.89099229,-86.89281867,47187.0,1965.0856500511718,0.7257203842049093,4651,4609,32,0,4577,4585,231729,76,2,0,74,24
2020-09-10,US,Tennessee,Wilson,3107,35,0,36.15496772,-86.29775884,47189.0,2147.8393717552553,1.1264885741873192,3072,3074,31,0,3043,3059,140625,33,4,0,29,15
2020-09-10,US,Texas,Anderson,2744,18,0,31.81534745,-95.65354823,48001.0,4752.749631939032,0.6559766763848397,2726,2744,18,0,2726,2694,58057,0,0,0,0,50
2020-09-10,US,Texas,Andrews,388,8,0,32.30468633,-102.63765479999999,48003.0,2074.311681368618,2.061855670103093,380,388,8,0,380,388,18128,0,0,0,0,0
2020-09-10,US,Texas,Angelina,2045,71,0,31.25457347,-94.60901487,48005.0,2358.3001787464677,3.471882640586797,1974,2045,71,0,1974,2013,87092,0,0,0,0,32
2020-09-10,US,Texas,Aransas,298,18,0,28.10556197,-96.9995047,48007.0,1267.5457252233093,6.040268456375839,280,298,18,0,280,298,23792,0,0,0,0,0
2020-09-10,US,Texas,Archer,63,1,0,33.61569967,-98.68754589,48009.0,736.5836548579448,1.5873015873015872,62,63,1,0,62,60,8786,0,0,0,0,3
2020-09-10,US,Texas,Armstrong,11,0,0,34.96507426,-101.35748740000001,48011.0,582.9358770535241,0.0,11,11,0,0,11,11,1892,0,0,0,0,0
2020-09-10,US,Texas,Atascosa,586,29,0,28.89333001,-98.52730485,48013.0,1145.582859265341,4.948805460750854,557,586,29,0,557,576,50310,0,0,0,0,10
2020-09-10,US,Texas,Austin,444,7,0,29.88548725,-96.27736949,48015.0,1478.4230154501865,1.576576576576577,437,444,7,0,437,443,29989,0,0,0,0,1
2020-09-10,US,Texas,Bailey,203,4,0,34.06854817,-102.8299707,48017.0,2900.0,1.9704433497536944,199,203,4,0,199,203,7027,0,0,0,0,0
2020-09-10,US,Texas,Bandera,109,6,0,29.74619598,-99.24598147,48019.0,471.61647628937345,5.504587155963303,103,109,6,0,103,109,22824,0,0,0,0,0
2020-09-10,US,Texas,Bastrop,1649,27,0,30.10370699,-97.31206354,48021.0,1858.593600306572,1.637355973317162,1622,1649,27,0,1622,1638,86976,0,0,0,0,11
2020-09-10,US,Texas,Baylor,14,0,0,33.61640794,-99.21352901,48023.0,398.97406668566543,0.0,14,14,0,0,14,14,3582,0,0,0,0,0
2020-09-10,US,Texas,Bee,1807,25,0,28.41761668,-97.74215593,48025.0,5548.902195608783,1.383508577753182,1782,1807,25,0,1782,1797,32587,0,0,0,0,10
2020-09-10,US,Texas,Bell,5041,69,0,31.03736027,-97.4785025,48027.0,1388.9960432487244,1.3687760365006942,4972,5041,69,0,4972,4987,355642,0,0,0,0,54
2020-09-10,US,Texas,Bexar,47956,1172,0,29.44928723,-98.52019748,48029.0,2393.546667571725,2.4439069146717824,46784,47887,1172,0,46715,47736,1986049,69,0,0,69,151
2020-09-10,US,Texas,Blanco,133,5,0,30.26640707,-98.3999852,48031.0,1114.7431061939483,3.7593984962406015,128,133,5,0,128,132,11702,0,0,0,0,1
2020-09-10,US,Texas,Bosque,245,6,0,31.89978581,-97.63613524,48035.0,1311.2122023013112,2.4489795918367347,239,245,6,0,239,241,18691,0,0,0,0,4
2020-09-10,US,Texas,Bowie,1129,45,0,33.44626922,-94.41834132,48037.0,1210.7887822403345,3.985828166519044,1084,1129,45,0,1084,1127,94324,0,0,0,0,2
2020-09-10,US,Texas,Brazoria,10004,148,0,29.18757369,-95.44563172,48039.0,2672.9795011008277,1.4794082367053178,9856,10004,148,0,9856,9924,370200,0,0,0,0,80
2020-09-10,US,Texas,Brazos,5569,59,0,30.663644800000004,-96.30205577,48041.0,2429.639066187923,1.0594361644819537,5510,5506,59,0,5447,5442,226758,63,0,0,63,64
2020-09-10,US,Texas,Brewster,206,2,0,29.81008251,-103.25203259999999,48043.0,2238.4005215690536,0.9708737864077671,204,206,2,0,204,204,9267,0,0,0,0,2
2020-09-10,US,Texas,Briscoe,12,1,0,34.53026962,-101.2084947,48045.0,776.1966364812421,8.333333333333334,11,12,1,0,11,12,1516,0,0,0,0,0
2020-09-10,US,Texas,Brooks,272,20,0,27.03103197,-98.21808402,48047.0,3834.766671366136,7.352941176470589,252,272,20,0,252,272,7114,0,0,0,0,0
2020-09-10,US,Texas,Brown,506,20,0,31.77430356,-98.99907113,48049.0,1336.3617156137755,3.9525691699604737,486,506,20,0,486,500,37924,0,0,0,0,6
2020-09-10,US,Texas,Burleson,306,6,0,30.49273808,-96.62158484,48051.0,1659.1660792712682,1.96078431372549,300,306,6,0,300,301,18389,0,0,0,0,5
2020-09-10,US,Texas,Burnet,666,12,0,30.78801353,-98.181887,48053.0,1383.0339528605546,1.8018018018018016,654,666,12,0,654,663,47542,0,0,0,0,3
2020-09-10,US,Texas,Caldwell,1381,34,0,29.83668859,-97.61814775,48055.0,3162.7885672407483,2.4619840695148443,1347,1381,34,0,1347,1358,43247,0,0,0,0,23
2020-09-10,US,Texas,Calhoun,614,7,0,28.47048236,-96.61633945,48057.0,2883.9830906528887,1.1400651465798046,607,614,7,0,607,612,21561,0,0,0,0,2
2020-09-10,US,Texas,Callahan,74,3,0,32.29760619,-99.37326312,48059.0,530.7322670874273,4.0540540540540535,71,74,3,0,71,73,13994,0,0,0,0,1
2020-09-10,US,Texas,Cameron,21883,824,0,26.14524221,-97.48140372,48061.0,5171.2933314113,3.765480053009185,21059,21802,824,0,20978,21654,423908,81,0,0,81,148
2020-09-10,US,Texas,Camp,326,8,0,32.97195142,-94.97790104,48063.0,2489.689934321063,2.4539877300613497,318,326,8,0,318,321,13033,0,0,0,0,5
2020-09-10,US,Texas,Carson,17,0,0,35.40365929,-101.35426690000001,48065.0,286.87141410732363,0.0,17,17,0,0,17,17,6005,0,0,0,0,0
2020-09-10,US,Texas,Cass,271,12,0,33.07499881,-94.34646905,48067.0,902.5511223606208,4.428044280442805,259,271,12,0,259,267,30119,0,0,0,0,4
2020-09-10,US,Texas,Castro,239,4,0,34.53016752,-102.2617243,48069.0,3173.970783532537,1.6736401673640169,235,239,4,0,235,236,7665,0,0,0,0,3
2020-09-10,US,Texas,Chambers,1184,6,0,29.70972016,-94.67154501,48071.0,2700.914752378128,0.5067567567567568,1178,1184,6,0,1178,1184,42454,0,0,0,0,0
2020-09-10,US,Texas,Cherokee,1457,22,0,31.837258000000002,-95.16559897,48073.0,2767.5416935759613,1.5099519560741248,1435,1457,22,0,1435,1451,52592,0,0,0,0,6
2020-09-10,US,Texas,Childress,60,0,0,34.529304100000004,-100.2077916,48075.0,821.2428141253764,0.0,60,60,0,0,60,60,7291,0,0,0,0,0
2020-09-10,US,Texas,Clay,71,1,0,33.78686685,-98.20771198,48077.0,678.0632222328336,1.4084507042253518,70,71,1,0,70,71,10456,0,0,0,0,0
2020-09-10,US,Texas,Cochran,42,1,0,33.60425307,-102.82844990000001,48079.0,1472.1345951629864,2.380952380952381,41,42,1,0,41,42,2836,0,0,0,0,0
2020-09-10,US,Texas,Coke,49,3,0,31.88911733,-100.5297533,48081.0,1446.7080011809862,6.1224489795918355,46,49,3,0,46,49,3370,0,0,0,0,0
2020-09-10,US,Texas,Coleman,60,3,0,31.76736834,-99.45240766,48083.0,733.9449541284404,5.0,57,60,3,0,57,56,8397,0,0,0,0,4
2020-09-10,US,Texas,Collin,11676,119,0,33.18820114,-96.57264368,48085.0,1128.4103099359254,1.0191846522781776,11557,11676,119,0,11557,11632,1005146,0,0,0,0,44
2020-09-10,US,Texas,Collingsworth,17,0,0,34.96489496,-100.27001109999999,48087.0,582.1917808219179,0.0,17,17,0,0,17,17,2962,0,0,0,0,0
2020-09-10,US,Texas,Colorado,451,4,0,29.622097999999998,-96.5273805,48089.0,2098.3576048015634,0.8869179600886918,447,451,4,0,447,451,21217,0,0,0,0,0
2020-09-10,US,Texas,Comal,2481,101,0,29.80811278,-98.27647225,48091.0,1588.2567585734494,4.0709391374445785,2380,2481,101,0,2380,2440,148373,0,0,0,0,41
2020-09-10,US,Texas,Comanche,224,3,0,31.94854689,-98.55876441,48093.0,1642.8309497616428,1.3392857142857142,221,224,3,0,221,221,13534,0,0,0,0,3
2020-09-10,US,Texas,Concho,60,1,0,31.32635934,-99.86473038,48095.0,2201.0271460014674,1.6666666666666667,59,60,1,0,59,58,4276,0,0,0,0,2
2020-09-10,US,Texas,Cooke,349,5,0,33.63979567,-97.21240912,48097.0,845.9170564995031,1.4326647564469914,344,349,5,0,344,341,40574,0,0,0,0,8
2020-09-10,US,Texas,Coryell,1739,11,0,31.39078397,-97.79936155,48099.0,2289.63410620005,0.6325474410580794,1728,1739,11,0,1728,1524,74808,0,0,0,0,215
2020-09-10,US,Texas,Cottle,18,2,0,34.07783319,-100.27850620000001,48101.0,1287.5536480686694,11.111111111111109,16,18,2,0,16,18,1389,0,0,0,0,0
2020-09-10,US,Texas,Crane,71,2,0,31.43052248,-102.5143314,48103.0,1480.091723994163,2.8169014084507036,69,71,2,0,69,71,4794,0,0,0,0,0
2020-09-10,US,Texas,Crockett,164,6,0,30.72367027,-101.4134238,48105.0,4734.411085450346,3.6585365853658534,158,164,6,0,158,164,3499,0,0,0,0,0
2020-09-10,US,Texas,Crosby,81,1,0,33.61431553,-101.30003640000001,48107.0,1411.8877462088199,1.2345679012345678,80,81,1,0,80,81,5779,0,0,0,0,0
2020-09-10,US,Texas,Culberson,38,2,0,31.44506775,-104.5185739,48109.0,1750.3454629203131,5.2631578947368425,36,38,2,0,36,37,2204,0,0,0,0,1
2020-09-10,US,Texas,Dallam,213,8,0,36.27787176,-102.60207249999999,48111.0,2923.013585837793,3.755868544600939,205,213,8,0,205,211,7200,0,0,0,0,2
2020-09-10,US,Texas,Dallas,74628,1021,0,32.76670599,-96.77796049999999,48113.0,2831.627658492683,1.3681192045880903,73607,74476,1021,0,73455,74100,2637772,152,0,0,152,376
2020-09-10,US,Texas,Dawson,245,8,0,32.74255572,-101.94772420000001,48115.0,1924.8900062853552,3.26530612244898,237,245,8,0,237,245,12619,0,0,0,0,0
2020-09-10,US,Texas,DeWitt,890,27,0,29.08101855,-97.35681170000001,48123.0,4414.68253968254,3.0337078651685387,863,890,27,0,863,890,20187,0,0,0,0,0
2020-09-10,US,Texas,Deaf Smith,818,20,0,34.96522957,-102.6054267,48117.0,4410.6545885905325,2.444987775061125,798,818,20,0,798,816,18760,0,0,0,0,2
2020-09-10,US,Texas,Delta,21,0,0,33.38570922,-95.66921122,48119.0,393.92234102419815,0.0,21,21,0,0,21,21,5349,0,0,0,0,0
2020-09-10,US,Texas,Denton,10916,139,0,33.20521901,-97.11691153,48121.0,1230.378029028175,1.2733602052033712,10777,10847,139,0,10708,10766,859064,69,0,0,69,81
2020-09-10,US,Texas,Dickens,46,1,0,33.61616822,-100.7788855,48125.0,2080.5065581184986,2.1739130434782608,45,46,1,0,45,45,2249,0,0,0,0,1
2020-09-10,US,Texas,Dimmit,188,7,0,28.42270064,-99.75645095,48127.0,1856.973528249704,3.723404255319149,181,188,7,0,181,187,10308,0,0,0,0,1
2020-09-10,US,Texas,Donley,57,1,0,34.96517499,-100.8140093,48129.0,1738.8651616839536,1.7543859649122806,56,57,1,0,56,55,3319,0,0,0,0,2
2020-09-10,US,Texas,Duval,405,10,0,27.68184592,-98.50864568,48131.0,3630.0080666845924,2.469135802469136,395,405,10,0,395,390,11212,0,0,0,0,15
2020-09-10,US,Texas,Eastland,130,3,0,32.32743996,-98.83243566,48133.0,708.0610021786493,2.3076923076923075,127,130,3,0,127,126,18322,0,0,0,0,4
2020-09-10,US,Texas,Ector,4433,78,0,31.86898877,-102.54294279999999,48135.0,2666.899285899063,1.7595307917888563,4355,4415,77,0,4338,4382,162124,18,1,0,17,33
2020-09-10,US,Texas,Edwards,34,1,0,29.98202582,-100.304252,48137.0,1759.8343685300208,2.9411764705882355,33,34,1,0,33,34,1928,0,0,0,0,0
2020-09-10,US,Texas,El Paso,21259,465,0,31.76980765,-106.23632749999999,48141.0,2533.131245248666,2.1873089044639915,20794,21259,465,0,20794,21187,840758,0,0,0,0,72
2020-09-10,US,Texas,Ellis,3951,61,0,32.34894117,-96.79371841,48139.0,2137.686256262647,1.5439129334345736,3890,3951,61,0,3890,3888,179436,0,0,0,0,63
2020-09-10,US,Texas,Erath,736,10,0,32.23602653,-98.21773417,48143.0,1723.7341327462645,1.358695652173913,726,736,10,0,726,722,42446,0,0,0,0,14
2020-09-10,US,Texas,Falls,179,3,0,31.25350609,-96.93630086,48145.0,1034.8615366826618,1.675977653631285,176,179,3,0,176,174,17335,0,0,0,0,5
2020-09-10,US,Texas,Fannin,622,12,0,33.59564294,-96.10751083,48147.0,1751.421974432618,1.929260450160772,610,622,12,0,610,615,35286,0,0,0,0,7
2020-09-10,US,Texas,Fayette,476,18,0,29.87788372,-96.92076062,48149.0,1878.0083642389327,3.7815126050420167,458,476,18,0,458,476,25349,0,0,0,0,0
2020-09-10,US,Texas,Fisher,61,1,0,32.74281316,-100.40193020000001,48151.0,1592.6892950391643,1.639344262295082,60,61,1,0,60,60,3839,0,0,0,0,1
2020-09-10,US,Texas,Floyd,99,9,0,34.07227468,-101.3031546,48153.0,1733.1932773109245,9.090909090909092,90,99,9,0,90,99,5837,0,0,0,0,0
2020-09-10,US,Texas,Foard,3,0,0,33.97308618,-99.7767797,48155.0,259.7402597402597,0.0,3,3,0,0,3,3,1200,0,0,0,0,0
2020-09-10,US,Texas,Fort Bend,15331,255,0,29.52704478,-95.77219463,48157.0,1888.7799252914913,1.6632965886113105,15076,15249,255,0,14994,15158,787858,82,0,0,82,91
2020-09-10,US,Texas,Franklin,118,6,0,33.17653242,-95.21917243,48159.0,1100.2331002331002,5.084745762711863,112,118,6,0,112,118,10766,0,0,0,0,0
2020-09-10,US,Texas,Freestone,387,1,0,31.70422788,-96.15072516,48161.0,1962.77324136532,0.25839793281653745,386,387,1,0,386,386,19808,0,0,0,0,1
2020-09-10,US,Texas,Frio,644,7,0,28.86751206,-99.10804207,48163.0,3171.4764109130306,1.0869565217391304,637,644,7,0,637,643,19816,0,0,0,0,1
2020-09-10,US,Texas,Gaines,268,8,0,32.74055318,-102.6353295,48165.0,1246.9756188349154,2.985074626865672,260,268,8,0,260,268,20901,0,0,0,0,0
2020-09-10,US,Texas,Galveston,11177,165,0,29.40167322,-94.90469073,48167.0,3266.80092009388,1.476245862038114,11012,11101,165,0,10936,11007,337890,76,0,0,76,94
2020-09-10,US,Texas,Garza,102,4,0,33.17969345,-101.2984114,48169.0,1637.5020067426553,3.92156862745098,98,102,4,0,98,102,6578,0,0,0,0,0
2020-09-10,US,Texas,Gillespie,206,9,0,30.31824095,-98.94676915,48171.0,763.3022083889135,4.368932038834951,197,206,9,0,197,205,26804,0,0,0,0,1
2020-09-10,US,Texas,Glasscock,6,0,0,31.86942909,-101.5207776,48173.0,425.83392476934,0.0,6,6,0,0,6,6,1388,0,0,0,0,0
2020-09-10,US,Texas,Goliad,126,6,0,28.65696592,-97.42760647,48175.0,1645.3382084095065,4.761904761904762,120,126,6,0,120,121,7584,0,0,0,0,5
2020-09-10,US,Texas,Gonzales,819,14,0,29.45634206,-97.49424032,48177.0,3930.508230551423,1.709401709401709,805,819,14,0,805,819,20826,0,0,0,0,0
2020-09-10,US,Texas,Gray,251,5,0,35.40081878,-100.8129222,48179.0,1146.851868774559,1.99203187250996,246,251,5,0,246,250,21895,0,0,0,0,1
2020-09-10,US,Texas,Grayson,1577,31,0,33.62744998,-96.67753461,48181.0,1157.7540892138725,1.9657577679137603,1546,1577,31,0,1546,1577,133991,0,0,0,0,0
2020-09-10,US,Texas,Gregg,1968,52,0,32.47940482,-94.81591935,48183.0,1587.8010407842194,2.6422764227642275,1916,1968,52,0,1916,1960,123707,0,0,0,0,8
2020-09-10,US,Texas,Grimes,1031,31,0,30.54579585,-95.98902499,48185.0,3569.944598337949,3.0067895247332688,1000,1031,31,0,1000,1001,28360,0,0,0,0,30
2020-09-10,US,Texas,Guadalupe,1924,75,0,29.58165339,-97.94786822,48187.0,1153.1522892230607,3.898128898128898,1849,1924,75,0,1849,1909,163694,0,0,0,0,15
2020-09-10,US,Texas,Hale,1686,49,0,34.07044901,-101.82681140000001,48189.0,5046.997545351134,2.9062870699881382,1637,1686,49,0,1637,1686,33830,0,0,0,0,0
2020-09-10,US,Texas,Hall,16,1,0,34.5307555,-100.68138520000001,48191.0,539.8110661268556,6.25,15,16,1,0,15,16,3028,0,0,0,0,0
2020-09-10,US,Texas,Hamilton,105,4,0,31.70470573,-98.11083887,48193.0,1240.9880628767285,3.809523809523809,101,105,4,0,101,105,8484,0,0,0,0,0
2020-09-10,US,Texas,Hansford,105,3,0,36.27743284,-101.3545796,48195.0,1944.8045934432305,2.8571428571428568,102,105,3,0,102,105,5463,0,0,0,0,0
2020-09-10,US,Texas,Hardeman,22,0,0,34.28944521,-99.74632408,48197.0,559.3694380879734,0.0,22,22,0,0,22,22,3922,0,0,0,0,0
2020-09-10,US,Texas,Hardin,1234,22,0,30.33364686,-94.38931817,48199.0,2142.286726155342,1.7828200972447326,1212,1234,22,0,1212,1205,57207,0,0,0,0,29
2020-09-10,US,Texas,Harris,113504,2363,0,29.85864939,-95.39339521,48201.0,2408.151358117677,2.0818649563011,111141,112762,2363,0,110399,112039,4698619,742,0,0,742,723
2020-09-10,US,Texas,Harrison,826,29,0,32.54935988,-94.36934071,48203.0,1241.1161029555392,3.5108958837772395,797,826,29,0,797,822,66726,0,0,0,0,4
2020-09-10,US,Texas,Hartley,105,0,0,35.84008013,-102.6029022,48205.0,1883.070301291248,0.0,105,105,0,0,105,105,5619,0,0,0,0,0
2020-09-10,US,Texas,Haskell,57,2,0,33.17823584,-99.73037358,48207.0,1007.423117709438,3.5087719298245608,55,57,2,0,55,56,5813,0,0,0,0,1
2020-09-10,US,Texas,Hays,5568,59,0,30.05669873,-98.02944344,48209.0,2418.860859025765,1.0596264367816093,5509,5560,59,0,5501,5526,222631,8,0,0,8,34
2020-09-10,US,Texas,Hemphill,67,0,0,35.83764858,-100.2703577,48211.0,1754.385964912281,0.0,67,67,0,0,67,64,3825,0,0,0,0,3
2020-09-10,US,Texas,Henderson,867,19,0,32.21128872,-95.85846587,48213.0,1047.898763551978,2.1914648212226067,848,867,19,0,848,850,82299,0,0,0,0,17
2020-09-10,US,Texas,Hidalgo,29082,1334,0,26.39418217,-98.18299696,48215.0,3347.734046116815,4.587029777869472,27748,29082,1334,0,27748,28893,865939,0,0,0,0,189
2020-09-10,US,Texas,Hill,394,12,0,31.99045053,-97.13423143,48217.0,1075.0634396572893,3.045685279187817,382,394,12,0,382,393,36354,0,0,0,0,1
2020-09-10,US,Texas,Hockley,286,6,0,33.60771256,-102.3431676,48219.0,1242.3439468311542,2.097902097902098,280,286,6,0,280,286,22980,0,0,0,0,0
2020-09-10,US,Texas,Hood,812,25,0,32.42990927,-97.83242024,48221.0,1317.2623006667425,3.078817733990148,787,812,25,0,787,802,60537,0,0,0,0,10
2020-09-10,US,Texas,Hopkins,260,8,0,33.14875072,-95.56351139,48223.0,701.1109912630783,3.0769230769230766,252,260,8,0,252,257,36810,0,0,0,0,3
2020-09-10,US,Texas,Houston,349,9,0,31.31925973,-95.42226208,48225.0,1519.505398815743,2.5787965616045847,340,349,9,0,340,345,23169,0,0,0,0,4
2020-09-10,US,Texas,Howard,351,9,0,32.30621324,-101.4356444,48227.0,957.3423521710672,2.5641025641025643,342,351,9,0,342,350,36459,0,0,0,0,1
2020-09-10,US,Texas,Hudspeth,43,2,0,31.45628381,-105.388178,48229.0,880.065493246009,4.651162790697675,41,43,2,0,41,43,4795,0,0,0,0,0
2020-09-10,US,Texas,Hunt,1498,32,0,33.12351514,-96.08551032,48231.0,1519.3622329959226,2.136181575433912,1466,1498,32,0,1466,1469,96493,0,0,0,0,29
2020-09-10,US,Texas,Hutchinson,154,3,0,35.84006574,-101.3546643,48233.0,735.5048237654026,1.9480519480519483,151,154,3,0,151,153,21198,0,0,0,0,1
2020-09-10,US,Texas,Irion,10,0,0,31.30375559,-100.982439,48235.0,651.0416666666666,0.0,10,10,0,0,10,10,1522,0,0,0,0,0
2020-09-10,US,Texas,Jack,127,1,0,33.23377248,-98.17283469,48237.0,1421.376608841634,0.7874015748031497,126,127,1,0,126,128,8843,0,0,0,0,-1
2020-09-10,US,Texas,Jackson,511,15,0,28.95472367,-96.57749563,48239.0,3462.059620596206,2.9354207436399222,496,511,15,0,496,504,14874,0,0,0,0,7
2020-09-10,US,Texas,Jasper,411,21,0,30.74685667,-94.02667579,48241.0,1156.8014861099384,5.109489051094892,390,411,21,0,390,411,35872,0,0,0,0,0
2020-09-10,US,Texas,Jeff Davis,14,0,0,30.71490589,-104.1399973,48243.0,615.6552330694811,0.0,14,14,0,0,14,14,2252,0,0,0,0,0
2020-09-10,US,Texas,Jefferson,6841,114,0,29.8832777,-94.16434171,48245.0,2719.376701846441,1.6664230375676068,6727,6841,114,0,6727,6811,255001,0,0,0,0,30
2020-09-10,US,Texas,Jim Hogg,95,2,0,27.04453923,-98.69681870000001,48247.0,1826.9230769230767,2.1052631578947367,93,95,2,0,93,86,5248,0,0,0,0,9
2020-09-10,US,Texas,Jim Wells,1328,30,0,27.73103938,-98.0904705,48249.0,3280.470332493454,2.2590361445783134,1298,1328,30,0,1298,1328,40822,0,0,0,0,0
2020-09-10,US,Texas,Johnson,2615,46,0,32.37877812,-97.36615819,48251.0,1487.3419521434216,1.7590822179732313,2569,2615,46,0,2569,2587,171361,0,0,0,0,28
2020-09-10,US,Texas,Jones,583,0,0,32.73997145,-99.87861576,48253.0,2902.9527461036696,0.0,583,588,0,0,588,588,19817,-5,0,0,-5,0
2020-09-10,US,Texas,Karnes,750,14,0,28.90705334,-97.85960149,48255.0,4807.384142042177,1.8666666666666667,736,750,14,0,736,748,15650,0,0,0,0,2
2020-09-10,US,Texas,Kaufman,2884,42,0,32.599141700000004,-96.28734728,48257.0,2118.189696960794,1.4563106796116505,2842,2884,42,0,2842,2845,128622,0,0,0,0,39
2020-09-10,US,Texas,Kendall,198,5,0,29.94414155,-98.7113588,48259.0,417.4485041428602,2.525252525252525,193,198,5,0,193,197,45641,0,0,0,0,1
2020-09-10,US,Texas,Kenedy,7,1,0,26.92601662,-97.66413984,48261.0,1732.6732673267327,14.285714285714285,6,7,1,0,6,7,442,0,0,0,0,0
2020-09-10,US,Texas,Kent,7,0,0,33.18104136,-100.7780939,48263.0,918.6351706036743,0.0,7,7,0,0,7,7,726,0,0,0,0,0
2020-09-10,US,Texas,Kerr,441,9,0,30.06040006,-99.34930144,48265.0,838.4030418250951,2.0408163265306123,432,441,9,0,432,440,52405,0,0,0,0,1
2020-09-10,US,Texas,Kimble,16,1,0,30.48678918,-99.74856473,48267.0,368.9186073322573,6.25,15,16,1,0,15,16,4362,0,0,0,0,0
2020-09-10,US,Texas,Kinney,23,1,0,29.34967888,-100.41866379999999,48271.0,627.2157076629397,4.3478260869565215,22,23,1,0,22,23,3767,0,0,0,0,0
2020-09-10,US,Texas,Kleberg,944,33,0,27.42435506,-97.69894948,48273.0,3076.9230769230767,3.4957627118644066,911,944,33,0,911,911,31129,0,0,0,0,33
2020-09-10,US,Texas,Knox,67,8,0,33.60519951,-99.74229059999999,48275.0,1828.6026200873362,11.940298507462687,59,67,8,0,59,67,3653,0,0,0,0,0
2020-09-10,US,Texas,La Salle,361,9,0,28.34453111,-99.09908775,48283.0,4800.531914893617,2.4930747922437675,352,361,9,0,352,362,7531,0,0,0,0,-1
2020-09-10,US,Texas,Lamar,948,29,0,33.66981763,-95.57404777,48277.0,1901.3618403898995,3.059071729957806,919,948,29,0,919,924,49728,0,0,0,0,24
2020-09-10,US,Texas,Lamb,301,20,0,34.06859623,-102.35162890000001,48279.0,2334.600170635229,6.644518272425248,281,301,20,0,281,299,13158,0,0,0,0,2
2020-09-10,US,Texas,Lampasas,181,7,0,31.19531316,-98.24206613,48281.0,844.689191711779,3.867403314917127,174,181,7,0,174,159,21229,0,0,0,0,22
2020-09-10,US,Texas,Lavaca,691,32,0,29.38508402,-96.93186692,48285.0,3428.599781681056,4.630969609261938,659,691,32,0,659,688,20110,0,0,0,0,3
2020-09-10,US,Texas,Lee,208,14,0,30.31120597,-96.97045773,48287.0,1206.5665061778525,6.730769230769232,194,208,14,0,194,202,17144,0,0,0,0,6
2020-09-10,US,Texas,Leon,207,5,0,31.29872538,-95.9936328,48289.0,1189.3817513215356,2.415458937198068,202,207,5,0,202,205,17270,0,0,0,0,2
2020-09-10,US,Texas,Liberty,2055,46,0,30.15152688,-94.81205615,48291.0,2329.430168104377,2.238442822384428,2009,2055,46,0,2009,1896,86323,0,0,0,0,159
2020-09-10,US,Texas,Limestone,499,8,0,31.5454767,-96.58095444,48293.0,2129.112087724538,1.6032064128256514,491,499,8,0,491,479,23519,0,0,0,0,20
2020-09-10,US,Texas,Lipscomb,26,0,0,36.27783108,-100.27331509999999,48295.0,804.2066192390967,0.0,26,26,0,0,26,26,3355,0,0,0,0,0
2020-09-10,US,Texas,Live Oak,357,8,0,28.35101362,-98.1246786,48297.0,2924.551486851806,2.2408963585434174,349,357,8,0,349,357,12166,0,0,0,0,0
2020-09-10,US,Texas,Llano,105,1,0,30.70645047,-98.68475262,48299.0,481.76187198898833,0.9523809523809524,104,105,1,0,104,104,21646,0,0,0,0,1
2020-09-10,US,Texas,Lubbock,9075,103,0,33.61008596,-101.82047890000001,48303.0,2922.055968238942,1.1349862258953167,8972,9075,103,0,8972,8983,307412,0,0,0,0,92
2020-09-10,US,Texas,Lynn,87,5,0,33.17657705,-101.8162849,48305.0,1461.939169887414,5.747126436781608,82,87,5,0,82,87,5877,0,0,0,0,0
2020-09-10,US,Texas,Madison,699,5,0,30.96694679,-95.93003775,48313.0,4893.587230467656,0.7153075822603719,694,699,5,0,694,696,14422,0,0,0,0,3
2020-09-10,US,Texas,Marion,147,13,0,32.79868409,-94.35661230000001,48315.0,1491.7799878222042,8.843537414965986,134,147,13,0,134,147,9928,0,0,0,0,0
2020-09-10,US,Texas,Martin,74,6,0,32.30600051,-101.9513518,48317.0,1282.2734361462485,8.108108108108109,68,74,6,0,68,74,5753,0,0,0,0,0
2020-09-10,US,Texas,Mason,76,1,0,30.71780434,-99.22629416,48319.0,1778.193729527375,1.3157894736842106,75,76,1,0,75,75,4280,0,0,0,0,1
2020-09-10,US,Texas,Matagorda,965,40,0,28.81955746,-96.01230294,48321.0,2633.5179979805152,4.1450777202072535,925,965,40,0,925,957,36552,0,0,0,0,8
2020-09-10,US,Texas,Maverick,3458,101,0,28.7429195,-100.3157686,48323.0,5888.764006675522,2.9207634470792367,3357,3458,101,0,3357,3335,58485,0,0,0,0,123
2020-09-10,US,Texas,McCulloch,126,1,0,31.1925468,-99.34682807,48307.0,1578.1563126252506,0.7936507936507936,125,126,1,0,125,123,7987,0,0,0,0,3
2020-09-10,US,Texas,McLennan,6813,90,0,31.55255453,-97.20217694,48309.0,2654.867256637169,1.3210039630118893,6723,6813,90,0,6723,6766,254607,0,0,0,0,47
2020-09-10,US,Texas,McMullen,19,0,0,28.35251708,-98.56769164,48311.0,2557.200538358008,0.0,19,19,0,0,19,18,749,0,0,0,0,1
2020-09-10,US,Texas,Medina,1133,38,0,29.355730100000002,-99.11030298,48325.0,2196.417493796526,3.353927625772286,1095,1133,38,0,1095,1133,50921,0,0,0,0,0
2020-09-10,US,Texas,Menard,22,0,0,30.88990665,-99.82047940000001,48327.0,1028.999064546305,0.0,22,22,0,0,22,22,2139,0,0,0,0,0
2020-09-10,US,Texas,Midland,3421,74,0,31.86904128,-102.03156820000001,48329.0,1934.6045964531304,2.1631102016954107,3347,3421,74,0,3347,3409,172578,0,0,0,0,12
2020-09-10,US,Texas,Milam,452,5,0,30.78581830000001,-96.97718698,48331.0,1820.8919147564761,1.106194690265487,447,452,5,0,447,452,25131,0,0,0,0,0
2020-09-10,US,Texas,Mills,40,0,0,31.49557106,-98.59272068,48333.0,820.8495793145906,0.0,40,40,0,0,40,35,4921,0,0,0,0,5
2020-09-10,US,Texas,Mitchell,79,1,0,32.30623474,-100.9212058,48335.0,924.5172615564658,1.2658227848101269,78,79,1,0,78,75,8145,0,0,0,0,4
2020-09-10,US,Texas,Montague,152,3,0,33.67521893,-97.72500958,48337.0,766.9795135735193,1.973684210526316,149,152,3,0,149,148,19596,0,0,0,0,4
2020-09-10,US,Texas,Montgomery,9586,137,0,30.30079133,-95.50572772,48339.0,1578.2255581659922,1.4291675359899854,9449,9466,137,0,9329,9377,590925,120,0,0,120,89
2020-09-10,US,Texas,Moore,1126,19,0,35.83769242,-101.8930281,48341.0,5377.268385864374,1.6873889875666075,1107,1126,19,0,1107,1126,21485,0,0,0,0,0
2020-09-10,US,Texas,Morris,164,3,0,33.11304005,-94.73255695,48343.0,1323.8618017436231,1.8292682926829267,161,164,3,0,161,162,12339,0,0,0,0,2
2020-09-10,US,Texas,Motley,7,0,0,34.07408766,-100.77972199999999,48345.0,583.3333333333334,0.0,7,7,0,0,7,7,1234,0,0,0,0,0
2020-09-10,US,Texas,Nacogdoches,1412,54,0,31.62017125,-94.61803994,48347.0,2165.5113183240287,3.8243626062322944,1358,1412,54,0,1358,1403,65711,0,0,0,0,9
2020-09-10,US,Texas,Navarro,1165,21,0,32.04620681,-96.47428766,48349.0,2324.746073873047,1.8025751072961371,1144,1165,21,0,1144,1136,49565,0,0,0,0,29
2020-09-10,US,Texas,Newton,164,8,0,30.78548982,-93.74408813,48351.0,1206.3258550937844,4.878048780487805,156,164,8,0,156,164,13746,0,0,0,0,0
2020-09-10,US,Texas,Nolan,180,4,0,32.30365282,-100.4060208,48353.0,1223.3247247519369,2.2222222222222223,176,180,4,0,176,168,14751,0,0,0,0,12
2020-09-10,US,Texas,Nueces,19509,383,0,27.736286,-97.5433285,48355.0,5384.8531855344,1.9631964734225231,19126,19488,382,0,19106,19389,362265,21,1,0,20,99
2020-09-10,US,Texas,Ochiltree,113,4,0,36.27829105,-100.8158184,48357.0,1148.840992273282,3.5398230088495577,109,113,4,0,109,111,9947,0,0,0,0,2
2020-09-10,US,Texas,Oldham,15,1,0,35.40425596,-102.6027606,48359.0,710.2272727272727,6.666666666666668,14,15,1,0,14,15,2131,0,0,0,0,0
2020-09-10,US,Texas,Orange,1767,38,0,30.11879481,-93.89412775,48361.0,2118.80665739364,2.150537634408602,1729,1767,38,0,1729,1767,83572,0,0,0,0,0
2020-09-10,US,Texas,Palo Pinto,464,14,0,32.75310985,-98.31319001,48363.0,1589.6399328514167,3.0172413793103448,450,464,14,0,450,447,28875,0,0,0,0,17
2020-09-10,US,Texas,Panola,335,24,0,32.163959600000005,-94.30552481,48365.0,1444.3390532034146,7.164179104477612,311,335,24,0,311,334,23148,0,0,0,0,1
2020-09-10,US,Texas,Parker,1706,27,0,32.77757172,-97.80500621,48367.0,1194.0256722518511,1.5826494724501758,1679,1706,27,0,1679,1689,138371,0,0,0,0,17
2020-09-10,US,Texas,Parmer,393,7,0,34.52993409,-102.78446679999999,48369.0,4091.618948464341,1.7811704834605595,386,393,7,0,386,392,9864,0,0,0,0,1
2020-09-10,US,Texas,Pecos,339,4,0,30.78097267,-102.72412609999999,48371.0,2142.450862668268,1.1799410029498525,335,339,4,0,335,330,15673,0,0,0,0,9
2020-09-10,US,Texas,Polk,794,20,0,30.79472531,-94.82766240000001,48373.0,1546.160886413647,2.5188916876574305,774,794,20,0,774,778,50031,0,0,0,0,16
2020-09-10,US,Texas,Potter,4244,55,0,35.40133773,-101.893964,48375.0,3614.529659753865,1.2959472196041468,4189,4211,54,0,4157,4194,119648,33,1,0,32,17
2020-09-10,US,Texas,Presidio,91,5,0,29.99954402,-104.24080790000001,48377.0,1357.398568019093,5.494505494505495,86,91,5,0,86,91,6948,0,0,0,0,0
2020-09-10,US,Texas,Rains,60,3,0,32.87109387,-95.79232691,48379.0,479.4630014383889,5.0,57,60,3,0,57,60,12159,0,0,0,0,0
2020-09-10,US,Texas,Randall,2341,32,0,34.96585996,-101.8971322,48381.0,1699.9121361091543,1.3669372063220846,2309,2341,32,0,2309,2323,136271,0,0,0,0,18
2020-09-10,US,Texas,Reagan,86,6,0,31.36607041,-101.52326590000001,48383.0,2234.346583528189,6.9767441860465125,80,86,6,0,80,86,3741,0,0,0,0,0
2020-09-10,US,Texas,Real,105,5,0,29.83321503,-99.82018052,48385.0,3041.7149478563147,4.761904761904762,100,105,5,0,100,105,3478,0,0,0,0,0
2020-09-10,US,Texas,Red River,152,14,0,33.61886692,-95.04841765,48387.0,1264.2435332279795,9.210526315789474,138,152,14,0,138,151,12175,0,0,0,0,1
2020-09-10,US,Texas,Reeves,180,5,0,31.32323325,-103.69038959999999,48389.0,1126.6900350525787,2.7777777777777777,175,180,5,0,175,180,15695,0,0,0,0,0
2020-09-10,US,Texas,Refugio,301,10,0,28.323897600000002,-97.15766311,48391.0,4332.181922855498,3.3222591362126246,291,301,10,0,291,301,7032,0,0,0,0,0
2020-09-10,US,Texas,Roberts,8,0,0,35.83809685,-100.813175,48393.0,936.768149882904,0.0,8,8,0,0,8,8,903,0,0,0,0,0
2020-09-10,US,Texas,Robertson,266,4,0,31.02539637,-96.51272246,48395.0,1557.9243293897155,1.5037593984962403,262,266,4,0,262,254,17284,0,0,0,0,12
2020-09-10,US,Texas,Rockwall,1439,23,0,32.89779518,-96.40771592,48397.0,1371.5865224229135,1.5983321751216122,1416,1439,23,0,1416,1411,100657,0,0,0,0,28
2020-09-10,US,Texas,Runnels,224,4,0,31.8314342,-99.97616148,48399.0,2182.385035074045,1.7857142857142858,220,224,4,0,220,210,10234,0,0,0,0,14
2020-09-10,US,Texas,Rusk,762,6,0,32.10773545,-94.76176432,48401.0,1400.5808182920996,0.7874015748031497,756,762,6,0,756,744,54450,0,0,0,0,18
2020-09-10,US,Texas,Sabine,75,8,0,31.34318809,-93.85440451,48403.0,711.4399544678429,10.666666666666666,67,75,8,0,67,75,10589,0,0,0,0,0
2020-09-10,US,Texas,San Augustine,195,13,0,31.39457611,-94.17000399,48405.0,2367.366759742625,6.666666666666668,182,195,13,0,182,192,8232,0,0,0,0,3
2020-09-10,US,Texas,San Jacinto,208,8,0,30.57933681,-95.16260304,48407.0,720.745694584012,3.8461538461538463,200,208,8,0,200,206,28719,0,0,0,0,2
2020-09-10,US,Texas,San Patricio,1369,62,0,28.00880118,-97.51763891,48409.0,2051.5510265248013,4.528853177501826,1307,1369,62,0,1307,1351,66893,0,0,0,0,18
2020-09-10,US,Texas,San Saba,41,0,0,31.1577796,-98.81758731,48411.0,677.1263418662263,0.0,41,41,0,0,41,41,6054,0,0,0,0,0
2020-09-10,US,Texas,Schleicher,51,2,0,30.89740592,-100.5384842,48413.0,1825.993555316864,3.92156862745098,49,51,2,0,49,51,2895,0,0,0,0,0
2020-09-10,US,Texas,Scurry,563,2,0,32.74613808,-100.91626640000001,48415.0,3370.651978686464,0.3552397868561279,561,563,2,0,561,563,16866,0,0,0,0,0
2020-09-10,US,Texas,Shackelford,23,0,0,32.73587756,-99.35401337,48417.0,704.4410413476262,0.0,23,23,0,0,23,23,3253,0,0,0,0,0
2020-09-10,US,Texas,Shelby,449,21,0,31.79211404,-94.14550696,48419.0,1776.5292395346994,4.67706013363029,428,449,21,0,428,445,25418,0,0,0,0,4
2020-09-10,US,Texas,Sherman,56,0,0,36.27751473,-101.8933156,48421.0,1853.0774321641297,0.0,56,56,0,0,56,55,3079,0,0,0,0,1
2020-09-10,US,Texas,Smith,3437,78,0,32.37474036,-95.27175679999999,48423.0,1476.685384810377,2.2694210066918825,3359,3437,78,0,3359,3407,230221,0,0,0,0,30
2020-09-10,US,Texas,Somervell,126,4,0,32.22236802,-97.77403489,48425.0,1380.3680981595096,3.1746031746031744,122,126,4,0,122,125,9016,0,0,0,0,1
2020-09-10,US,Texas,Starr,3172,145,0,26.56150059,-98.73892358,48427.0,4907.7096839076,4.57124842370744,3027,3172,145,0,3027,3172,64525,0,0,0,0,0
2020-09-10,US,Texas,Stephens,130,4,0,32.73553157,-98.83631615,48429.0,1387.9991458466793,3.0769230769230766,126,130,4,0,126,126,9433,0,0,0,0,4
2020-09-10,US,Texas,Sterling,4,0,0,31.82781912,-101.05007459999999,48431.0,309.8373353989156,0.0,4,4,0,0,4,4,1311,0,0,0,0,0
2020-09-10,US,Texas,Stonewall,9,1,0,33.17906744,-100.25384009999999,48433.0,666.6666666666666,11.111111111111109,8,9,1,0,8,9,1362,0,0,0,0,0
2020-09-10,US,Texas,Sutton,77,2,0,30.49856623,-100.5382014,48435.0,2039.1949152542368,2.5974025974025974,75,77,2,0,75,77,3758,0,0,0,0,0
2020-09-10,US,Texas,Swisher,96,3,0,34.53028891,-101.73491740000001,48437.0,1297.8234419359198,3.125,93,96,3,0,93,95,7462,0,0,0,0,1
2020-09-10,US,Texas,Tarrant,43726,643,0,32.77143818,-97.29101614,48439.0,2079.699788110905,1.470520971504368,43083,43515,643,0,42872,43055,2084931,211,0,0,211,460
2020-09-10,US,Texas,Taylor,1370,39,0,32.30163422,-99.89007449,48441.0,992.5090919628498,2.846715328467153,1331,1370,39,0,1331,1370,137640,0,0,0,0,0
2020-09-10,US,Texas,Terrell,3,0,0,30.22429013,-102.0766732,48443.0,386.59793814432993,0.0,3,3,0,0,3,3,823,0,0,0,0,0
2020-09-10,US,Texas,Terry,210,4,0,33.17402785,-102.3354521,48445.0,1702.1966442409014,1.9047619047619049,206,210,4,0,206,210,12287,0,0,0,0,0
2020-09-10,US,Texas,Throckmorton,5,2,0,33.17751417,-99.21226795,48447.0,333.1112591605596,40.0,3,5,2,0,3,5,1515,0,0,0,0,0
2020-09-10,US,Texas,Titus,1542,26,0,33.21339719,-94.96797273,48449.0,4708.396946564885,1.6861219195849546,1516,1525,26,0,1499,1525,33033,17,0,0,17,0
2020-09-10,US,Texas,Tom Green,3384,60,0,31.40464436,-100.46244300000001,48451.0,2838.9261744966443,1.7730496453900708,3324,3374,60,0,3314,3355,118189,10,0,0,10,19
2020-09-10,US,Texas,Travis,27424,402,0,30.33432034,-97.78535620000001,48453.0,2152.667992721872,1.4658693115519252,27022,27206,399,0,26807,27124,1248743,218,3,0,215,82
2020-09-10,US,Texas,Trinity,182,6,0,31.0879489,-95.1367187,48455.0,1242.2360248447205,3.2967032967032965,176,182,6,0,176,182,14740,0,0,0,0,0
2020-09-10,US,Texas,Tyler,192,4,0,30.77031716,-94.37690895,48457.0,885.9357696566997,2.083333333333333,188,192,4,0,188,192,21696,0,0,0,0,0
2020-09-10,US,Texas,Upshur,340,8,0,32.73706798,-94.93999853,48459.0,814.3127439944435,2.3529411764705883,332,340,8,0,332,336,41260,0,0,0,0,4
2020-09-10,US,Texas,Upton,21,2,0,31.36868194,-102.0423217,48461.0,574.2411812961444,9.523809523809524,19,21,2,0,19,21,3671,0,0,0,0,0
2020-09-10,US,Texas,Uvalde,729,27,0,29.35739637,-99.76229172,48463.0,2726.1508544931007,3.703703703703704,702,729,27,0,702,728,26846,0,0,0,0,1
2020-09-10,US,Texas,Val Verde,1957,86,0,29.89149232,-101.1525205,48465.0,3991.840897501275,4.394481349003577,1871,1957,86,0,1871,1957,49208,0,0,0,0,0
2020-09-10,US,Texas,Van Zandt,532,18,0,32.56483801,-95.83766469,48467.0,940.09542321965,3.3834586466165413,514,532,18,0,514,528,56019,0,0,0,0,4
2020-09-10,US,Texas,Victoria,3876,84,0,28.79780988,-96.96813006,48469.0,4209.200295382477,2.1671826625387,3792,3876,84,0,3792,3852,92035,0,0,0,0,24
2020-09-10,US,Texas,Walker,3854,50,0,30.73872995,-95.57440968,48471.0,4663.496457496814,1.2973533990659056,3804,3854,50,0,3804,3854,72480,0,0,0,0,0
2020-09-10,US,Texas,Waller,725,9,0,30.01058447,-95.99011759,48473.0,1312.3122035984509,1.2413793103448276,716,729,9,0,720,729,53126,-4,0,0,-4,0
2020-09-10,US,Texas,Ward,113,1,0,31.50999644,-103.09279090000001,48475.0,941.8236372728787,0.8849557522123894,112,113,1,0,112,112,11720,0,0,0,0,1
2020-09-10,US,Texas,Washington,582,46,0,30.21498498,-96.40946246,48477.0,1621.9831670475448,7.903780068728522,536,582,46,0,536,579,35108,0,0,0,0,3
2020-09-10,US,Texas,Webb,12464,261,0,27.7610369,-99.33237355,48479.0,4505.2990760956,2.09403080872914,12203,12371,260,0,12111,12144,275910,93,1,0,92,227
2020-09-10,US,Texas,Wharton,1245,46,0,29.27765923,-96.22319248,48481.0,2995.957262489171,3.694779116465864,1199,1245,46,0,1199,1244,41619,0,0,0,0,1
2020-09-10,US,Texas,Wheeler,42,0,0,35.40114335,-100.26995140000001,48483.0,830.6962025316458,0.0,42,42,0,0,42,42,5191,0,0,0,0,0
2020-09-10,US,Texas,Wichita,1429,17,0,33.98842886,-98.70410340000001,48485.0,1080.6927323602813,1.1896431070678797,1412,1429,17,0,1412,1392,132064,0,0,0,0,37
2020-09-10,US,Texas,Wilbarger,120,2,0,34.07945812,-99.24178437,48487.0,939.7760200485553,1.6666666666666667,118,120,2,0,118,120,12820,0,0,0,0,0
2020-09-10,US,Texas,Willacy,1174,44,0,26.47411727,-97.61535848,48489.0,5496.769360427006,3.7478705281090288,1130,1174,44,0,1130,1174,21515,0,0,0,0,0
2020-09-10,US,Texas,Williamson,8125,132,0,30.64655664,-97.60048540000001,48491.0,1375.8337552556852,1.6246153846153846,7993,8107,132,0,7975,8092,566719,18,0,0,18,15
2020-09-10,US,Texas,Wilson,552,26,0,29.1732598,-98.08693082,48493.0,1080.8693949481103,4.710144927536232,526,552,26,0,526,547,50224,0,0,0,0,5
2020-09-10,US,Texas,Winkler,102,1,0,31.85008651,-103.04851629999999,48495.0,1273.4082397003745,0.9803921568627452,101,102,1,0,101,98,7720,0,0,0,0,4
2020-09-10,US,Texas,Wise,677,12,0,33.21570665,-97.65460265,48497.0,967.3639689071788,1.7725258493353029,665,677,12,0,665,670,68305,0,0,0,0,7
2020-09-10,US,Texas,Wood,428,17,0,32.78722382,-95.38236368,48499.0,939.853751729287,3.97196261682243,411,428,17,0,411,420,45129,0,0,0,0,8
2020-09-10,US,Texas,Yoakum,173,4,0,33.17320212,-102.82764329999999,48501.0,1985.5388499942608,2.3121387283237,169,173,4,0,169,173,8591,0,0,0,0,0
2020-09-10,US,Texas,Young,238,6,0,33.17659707,-98.68790885,48503.0,1321.4880621876734,2.5210084033613445,232,238,6,0,232,236,18045,0,0,0,0,2
2020-09-10,US,Texas,Zapata,317,4,0,27.00156391,-99.16987152,48505.0,2235.700684110304,1.2618296529968454,313,317,4,0,313,295,14190,0,0,0,0,22
2020-09-10,US,Texas,Zavala,272,13,0,28.86617238,-99.76050829,48507.0,2297.297297297297,4.779411764705882,259,272,13,0,259,264,11983,0,0,0,0,8
2020-09-10,US,Utah,Bear River,2727,11,0,41.52106798,-113.08328159999999,0.0,1459.7094498388806,0.40337367070040336,2716,2705,11,0,2694,2698,,22,0,0,22,7
2020-09-10,US,Utah,Central Utah,543,3,0,39.37231946,-111.5758676,0.0,662.56680576909,0.5524861878453039,540,541,3,0,538,536,,2,0,0,2,5
2020-09-10,US,Utah,Davis,4235,27,0,40.99001837,-112.1139997,49011.0,1191.3435598527067,0.6375442739079102,4208,4206,26,0,4180,4182,351713,29,1,0,28,24
2020-09-10,US,Utah,Salt Lake,25353,240,0,40.66616532,-111.92160109999999,49035.0,2184.780388767335,0.9466335344929594,25113,25245,239,0,25006,25168,1152633,108,1,0,107,77
2020-09-10,US,Utah,San Juan,673,29,0,37.62762978,-109.80337140000002,49037.0,4396.394042330808,4.3090638930163445,644,672,29,0,643,672,15449,1,0,0,1,0
2020-09-10,US,Utah,Southeast Utah,162,1,0,38.99617072,-110.70139579999999,0.0,402.6945735663328,0.6172839506172839,161,162,1,0,161,162,,0,0,0,0,0
2020-09-10,US,Utah,Southwest Utah,3774,29,0,37.85447192,-111.4418764,0.0,1497.3694860380415,0.7684154742978272,3745,3766,29,0,3737,3756,,8,0,0,8,10
2020-09-10,US,Utah,Summit,898,1,0,40.86688146,-110.9535882,49043.0,2130.7391149602563,0.11135857461024501,897,895,1,0,894,888,41933,3,0,0,3,7
2020-09-10,US,Utah,Tooele,750,0,0,40.44862644,-113.12957150000001,49045.0,1037.932991046098,0.0,750,746,0,0,746,743,69907,4,0,0,4,3
2020-09-10,US,Utah,TriCounty,221,1,0,40.12491499,-109.5174415,0.0,390.3076542686589,0.4524886877828054,220,219,1,0,218,218,,2,0,0,2,1
2020-09-10,US,Utah,Utah,12392,52,0,40.116672200000004,-111.66576620000001,49049.0,1947.7080009744827,0.4196255648805681,12340,12250,51,0,12199,12103,622213,142,1,0,141,147
2020-09-10,US,Utah,Wasatch,660,7,0,40.33110236,-111.1691419,49051.0,1935.9948373471004,1.0606060606060606,653,659,7,0,652,658,33240,1,0,0,1,1
2020-09-10,US,Utah,Weber-Morgan,3631,29,0,41.27116049,-111.9145117,0.0,1333.2745825943593,0.7986780501239328,3602,3607,29,0,3578,3575,,24,0,0,24,32
2020-09-10,US,Vermont,Addison,82,2,0,44.03217337,-73.14130877,50001.0,222.9654403567447,2.4390243902439024,80,82,2,0,80,82,36973,0,0,0,0,0
2020-09-10,US,Vermont,Bennington,108,1,0,43.03519828,-73.09048868,50003.0,304.4826614040033,0.925925925925926,107,108,1,0,107,107,35631,0,0,0,0,1
2020-09-10,US,Vermont,Caledonia,33,0,0,44.46548598,-72.10314651,50005.0,110.02567265695328,0.0,33,33,0,0,33,33,30302,0,0,0,0,0
2020-09-10,US,Vermont,Chittenden,804,39,0,44.46322849,-73.08359212,50007.0,490.92041471784285,4.8507462686567155,765,803,39,0,764,803,164572,1,0,0,1,0
2020-09-10,US,Vermont,Essex,6,0,0,44.72736416,-71.73579864,50009.0,97.35518416355671,0.0,6,6,0,0,6,6,6250,0,0,0,0,0
2020-09-10,US,Vermont,Franklin,123,7,0,44.85627605,-72.91249563,50011.0,248.97777417918306,5.691056910569106,116,124,7,0,117,123,49421,-1,0,0,-1,1
2020-09-10,US,Vermont,Grand Isle,13,0,0,44.797582399999996,-73.29679772,50013.0,179.68210089841045,0.0,13,13,0,0,13,13,7090,0,0,0,0,0
2020-09-10,US,Vermont,Lamoille,47,1,0,44.60353043,-72.64356694,50015.0,185.3166154088794,2.127659574468085,46,46,1,0,45,46,25300,1,0,0,1,0
2020-09-10,US,Vermont,Orange,21,0,0,44.00470222,-72.37640104,50017.0,72.68448013290876,0.0,21,21,0,0,21,21,28999,0,0,0,0,0
2020-09-10,US,Vermont,Orleans,22,0,0,44.82964024,-72.24562697,50019.0,81.3699744794171,0.0,22,18,0,0,18,18,26907,4,0,0,4,0
2020-09-10,US,Vermont,Rutland,126,1,0,43.57723578,-73.03741676,50021.0,216.52832912306027,0.7936507936507936,125,126,1,0,125,126,58672,0,0,0,0,0
2020-09-10,US,Vermont,Unassigned,8,0,0,0.0,0.0,90050.0,0.0,0.0,8,8,0,0,8,8,,0,0,0,0,0
2020-09-10,US,Vermont,Washington,64,2,0,44.27343241,-72.61604978,50023.0,109.57215497611669,3.125,62,64,2,0,62,64,58140,0,0,0,0,0
2020-09-10,US,Vermont,Windham,123,3,0,42.986982,-72.71268875,50025.0,291.3173227227512,2.4390243902439024,120,123,3,0,120,123,42756,0,0,0,0,0
2020-09-10,US,Vermont,Windsor,81,2,0,43.58010937,-72.58595157,50027.0,147.10689767898006,2.469135802469136,79,81,2,0,79,81,55286,0,0,0,0,0
2020-09-10,US,Virginia,Accomack,1156,19,0,37.76707161,-75.63234615,51001.0,3577.175392994183,1.643598615916955,1137,1155,19,0,1136,1154,32412,1,0,0,1,1
2020-09-10,US,Virginia,Albemarle,1110,19,0,38.02080697,-78.55481085,51003.0,1015.2748559407299,1.7117117117117118,1091,1101,19,0,1082,1096,108718,9,0,0,9,5
2020-09-10,US,Virginia,Alexandria,3558,62,0,38.814003,-77.08183073,51510.0,2231.728429134155,1.7425519955030917,3496,3546,62,0,3484,3527,160530,12,0,0,12,19
2020-09-10,US,Virginia,Alleghany,73,4,0,37.78636074,-80.00222498,51005.0,491.25168236877516,5.479452054794519,69,71,4,0,67,71,14910,2,0,0,2,0
2020-09-10,US,Virginia,Amelia,114,3,0,37.34081025,-77.98584649,51007.0,867.2499049068086,2.631578947368421,111,113,3,0,110,110,13013,1,0,0,1,3
2020-09-10,US,Virginia,Amherst,328,1,0,37.60308293,-79.14548696,51009.0,1037.81047302642,0.3048780487804878,327,327,1,0,326,325,31666,1,0,0,1,2
2020-09-10,US,Virginia,Appomattox,185,1,0,37.37569884,-78.81340003,51011.0,1162.7176167431335,0.5405405405405406,184,183,1,0,182,183,15841,2,0,0,2,0
2020-09-10,US,Virginia,Arlington,3687,144,0,38.8767675,-77.10139853,51013.0,1556.7340252151223,3.905614320585842,3543,3679,143,0,3536,3656,237521,8,1,0,7,23
2020-09-10,US,Virginia,Augusta,408,4,0,38.16404586,-79.12461614,51015.0,539.9825299769714,0.9803921568627452,404,398,4,0,394,387,75457,10,0,0,10,11
2020-09-10,US,Virginia,Bath,4,0,0,38.05852573,-79.73912095,51017.0,96.45526886906195,0.0,4,4,0,0,4,4,4292,0,0,0,0,0
2020-09-10,US,Virginia,Bedford,630,9,0,37.3080028,-79.5281964,51019.0,797.49863918883,1.4285714285714286,621,621,9,0,612,616,78747,9,0,0,9,5
2020-09-10,US,Virginia,Bland,61,1,0,37.13128068,-81.13599391,51021.0,971.3375796178343,1.639344262295082,60,62,1,0,61,62,6293,-1,0,0,-1,0
2020-09-10,US,Virginia,Botetourt,269,10,0,37.55531756,-79.80982182,51023.0,804.9313264909183,3.717472118959108,259,265,10,0,255,266,33277,4,0,0,4,-1
2020-09-10,US,Virginia,Bristol,151,2,0,36.616302399999995,-82.16359122,51520.0,900.8471542775324,1.3245033112582782,149,149,2,0,147,146,16482,2,0,0,2,3
2020-09-10,US,Virginia,Brunswick,320,2,0,36.76366949,-77.8593436,51025.0,1971.5359497258328,0.625,318,318,2,0,316,317,16384,2,0,0,2,1
2020-09-10,US,Virginia,Buchanan,105,2,0,37.26818323,-82.03749726,51027.0,499.9047800418968,1.9047619047619049,103,101,2,0,99,100,21221,4,0,0,4,1
2020-09-10,US,Virginia,Buckingham,663,8,0,37.57242268,-78.52518834,51029.0,3866.3400979706093,1.2066365007541475,655,657,8,0,649,656,16999,6,0,0,6,1
2020-09-10,US,Virginia,Buena Vista,77,1,0,37.73484642,-79.35296097,51530.0,1188.6384686631675,1.2987012987012987,76,77,1,0,76,76,6237,0,0,0,0,1
2020-09-10,US,Virginia,Campbell,359,3,0,37.20553386,-79.09678609,51031.0,654.094925753849,0.8356545961002786,356,359,3,0,356,355,54973,0,0,0,0,4
2020-09-10,US,Virginia,Caroline,287,5,0,38.02679129,-77.34901405,51033.0,934.092758340114,1.7421602787456445,282,283,5,0,278,285,30772,4,0,0,4,-2
2020-09-10,US,Virginia,Carroll,450,19,0,36.73066666,-80.73455942,51035.0,1510.5233124097879,4.222222222222221,431,448,19,0,429,446,29636,2,0,0,2,2
2020-09-10,US,Virginia,Charles City,73,5,0,37.35358063,-77.05634116,51036.0,1048.3986787304325,6.849315068493151,68,71,5,0,66,70,6941,2,0,0,2,1
2020-09-10,US,Virginia,Charlotte,90,0,0,37.01909701,-78.66314092,51037.0,757.5757575757576,0.0,90,86,0,0,86,86,11938,4,0,0,4,0
2020-09-10,US,Virginia,Charlottesville,833,24,0,38.03527919,-78.48569588,51540.0,1762.3661828798713,2.8811524609843935,809,819,24,0,795,797,48117,14,0,0,14,22
2020-09-10,US,Virginia,Chesapeake,4007,50,0,36.67670048,-76.30545744,51550.0,1636.6124124410314,1.2478163214374844,3957,3982,50,0,3932,3962,242634,25,0,0,25,20
2020-09-10,US,Virginia,Chesterfield,5401,85,0,37.37373208,-77.58680140000001,51041.0,1530.8870131121705,1.5737826328457694,5316,5347,85,0,5262,5307,348556,54,0,0,54,40
2020-09-10,US,Virginia,Clarke,86,0,0,39.11271747,-77.99199425,51043.0,588.2755318421233,0.0,86,86,0,0,86,86,14523,0,0,0,0,0
2020-09-10,US,Virginia,Colonial Heights,235,23,0,37.26420587,-77.39609676,51570.0,1352.9073114565342,9.787234042553193,212,233,23,0,210,232,17833,2,0,0,2,1
2020-09-10,US,Virginia,Covington,29,0,0,37.7824656,-79.98631446,51580.0,523.6547490068617,0.0,29,29,0,0,29,29,5460,0,0,0,0,0
2020-09-10,US,Virginia,Craig,24,0,0,37.48133648,-80.21072274,51045.0,467.74507893198205,0.0,24,24,0,0,24,23,5064,0,0,0,0,1
2020-09-10,US,Virginia,Culpeper,1144,14,0,38.48199985,-77.95630870000002,51047.0,2174.6982226024147,1.2237762237762235,1130,1140,14,0,1126,1141,51859,4,0,0,4,-1
2020-09-10,US,Virginia,Cumberland,102,0,0,37.51328851,-78.24398086,51049.0,1026.983487716472,0.0,102,102,0,0,102,102,9809,0,0,0,0,0
2020-09-10,US,Virginia,Danville,710,17,0,36.58022376,-79.40395668,51590.0,1773.0496453900712,2.3943661971830985,693,698,17,0,681,688,40693,12,0,0,12,10
2020-09-10,US,Virginia,Dickenson,75,1,0,37.12560977,-82.35124171,51051.0,523.8161754434977,1.3333333333333333,74,74,1,0,73,71,14523,1,0,0,1,3
2020-09-10,US,Virginia,Dinwiddie,329,8,0,37.07544585,-77.63451754,51053.0,1152.6065022421526,2.4316109422492405,321,327,8,0,319,322,28529,2,0,0,2,5
2020-09-10,US,Virginia,Emporia,242,19,0,36.69455571,-77.53406129,51595.0,4526.748971193416,7.851239669421487,223,241,19,0,222,241,5121,1,0,0,1,0
2020-09-10,US,Virginia,Essex,155,2,0,37.93357639,-76.94230311,51057.0,1415.137405277093,1.2903225806451613,153,150,2,0,148,147,10919,5,0,0,5,3
2020-09-10,US,Virginia,Fairfax,19282,566,0,38.83677558,-77.27565836,51059.0,1680.3017257906533,2.9353801472876264,18716,19177,566,0,18611,19135,1150795,105,0,0,105,42
2020-09-10,US,Virginia,Fairfax,19282,566,0,38.83677558,-77.27565836,51059.0,1680.3017257906533,2.9353801472876264,18716,19177,566,0,18611,19135,24574,105,0,0,105,42
2020-09-10,US,Virginia,Fairfax City,126,7,0,38.85157547,-77.29779640000002,51600.0,524.5847037761772,5.5555555555555545,119,126,7,0,119,125,24574,0,0,0,0,1
2020-09-10,US,Virginia,Falls Church,66,7,0,38.88485255,-77.17560759,51610.0,451.5290415269892,10.606060606060606,59,66,7,0,59,66,14772,0,0,0,0,0
2020-09-10,US,Virginia,Fauquier,832,21,0,38.73564842,-77.80647472,51061.0,1168.1783718513946,2.5240384615384617,811,827,20,0,807,814,70675,5,1,0,4,13
2020-09-10,US,Virginia,Floyd,166,3,0,36.9302126,-80.36738849,51063.0,1054.0351768366245,1.8072289156626504,163,161,2,0,159,158,15795,5,1,0,4,3
2020-09-10,US,Virginia,Fluvanna,239,9,0,37.84157909,-78.27715475,51065.0,876.4209754308763,3.7656903765690375,230,237,9,0,228,236,26783,2,0,0,2,1
2020-09-10,US,Virginia,Franklin,194,1,0,36.99536167,-79.88023649,51067.0,346.1689447200313,0.5154639175257731,193,194,1,0,193,194,56195,0,0,0,0,0
2020-09-10,US,Virginia,Franklin,194,1,0,36.99536167,-79.88023649,51067.0,346.1689447200313,0.5154639175257731,193,194,1,0,193,194,8013,0,0,0,0,0
2020-09-10,US,Virginia,Franklin City,350,7,0,36.6831435,-76.93859681,51620.0,4393.121626710179,2.0,343,343,7,0,336,340,8013,7,0,0,7,3
2020-09-10,US,Virginia,Frederick,799,11,0,39.20172582,-78.25974949,51069.0,894.6066082205278,1.3767209011264079,788,794,11,0,783,793,88355,5,0,0,5,1
2020-09-10,US,Virginia,Fredericksburg,509,4,0,38.2977863,-77.4922454,51630.0,1752.996280479405,0.7858546168958742,505,511,4,0,507,497,29144,-2,0,0,-2,14
2020-09-10,US,Virginia,Galax,403,28,0,36.66601852,-80.91703124,51640.0,6349.456436111549,6.9478908188585615,375,403,28,0,375,403,6423,0,0,0,0,0
2020-09-10,US,Virginia,Giles,63,0,0,37.31234791,-80.70636931,51071.0,376.7942583732057,0.0,63,61,0,0,61,61,16844,2,0,0,2,0
2020-09-10,US,Virginia,Gloucester,216,2,0,37.40809042,-76.53524337,51073.0,578.3442219128201,0.925925925925926,214,211,2,0,209,210,37349,5,0,0,5,1
2020-09-10,US,Virginia,Goochland,238,7,0,37.71714806,-77.90381514,51075.0,1001.9786974276932,2.9411764705882355,231,231,7,0,224,229,23244,7,0,0,7,2
2020-09-10,US,Virginia,Grayson,267,8,0,36.65677234,-81.23215889,51077.0,1717.0418006430868,2.9962546816479403,259,266,8,0,258,265,15631,1,0,0,1,1
2020-09-10,US,Virginia,Greene,204,3,0,38.29545894,-78.46525378,51079.0,1029.3153034966447,1.4705882352941178,201,203,3,0,200,204,19779,1,0,0,1,-1
2020-09-10,US,Virginia,Greensville,730,11,0,36.67878901,-77.56351439,51081.0,6439.661256175018,1.5068493150684932,719,727,11,0,716,724,11627,3,0,0,3,3
2020-09-10,US,Virginia,Halifax,264,4,0,36.76654925,-78.93512622,51083.0,778.5084485860045,1.5151515151515151,260,257,4,0,253,243,34120,7,0,0,7,14
2020-09-10,US,Virginia,Hampton,1687,16,0,37.03513786,-76.35879121,51650.0,1254.1818452159691,0.9484291641967991,1671,1661,16,0,1645,1651,134313,26,0,0,26,10
2020-09-10,US,Virginia,Hanover,1023,35,0,37.7583355,-77.49464673,51085.0,949.2789933745337,3.421309872922776,988,901,35,0,866,890,107239,122,0,0,122,11
2020-09-10,US,Virginia,Harrisonburg,2036,34,0,38.43542574,-78.87536254,51660.0,3840.350082993813,1.6699410609037328,2002,1989,34,0,1955,1936,54033,47,0,0,47,53
2020-09-10,US,Virginia,Henrico,4925,195,0,37.53460572,-77.39326555,51087.0,1488.7339866633615,3.9593908629441614,4730,4872,195,0,4677,4844,329261,53,0,0,53,28
2020-09-10,US,Virginia,Henry,937,16,0,36.68542395,-79.87634026,51089.0,1853.3536404454376,1.7075773745997866,921,920,16,0,904,915,50953,17,0,0,17,5
2020-09-10,US,Virginia,Highland,6,0,0,38.35799465,-79.56124594,51091.0,273.97260273972597,0.0,6,6,0,0,6,6,2210,0,0,0,0,0
2020-09-10,US,Virginia,Hopewell,362,5,0,37.29186313,-77.29754684,51670.0,1606.8178791779485,1.3812154696132597,357,359,5,0,354,359,22596,3,0,0,3,0
2020-09-10,US,Virginia,Isle of Wight,635,11,0,36.90579348,-76.70842863,51093.0,1711.175186612412,1.7322834645669292,624,625,11,0,614,617,36953,10,0,0,10,8
2020-09-10,US,Virginia,James City,782,18,0,37.31156958,-76.76950618,51095.0,1021.9149798099918,2.301790281329924,764,777,18,0,759,774,76397,5,0,0,5,3
2020-09-10,US,Virginia,King George,217,4,0,38.26818502,-77.15852768,51099.0,808.6152928901475,1.8433179723502304,213,214,4,0,210,212,26575,3,0,0,3,2
2020-09-10,US,Virginia,King William,130,2,0,37.70965316,-77.09384941,51101.0,758.1059015628647,1.5384615384615383,128,126,2,0,124,125,16939,4,0,0,4,1
2020-09-10,US,Virginia,King and Queen,60,1,0,37.71044922,-76.88689628,51097.0,854.0925266903914,1.6666666666666667,59,60,1,0,59,59,7042,0,0,0,0,1
2020-09-10,US,Virginia,Lancaster,87,0,0,37.71889653,-76.46400482,51103.0,820.5224936338773,0.0,87,84,0,0,84,83,10783,3,0,0,3,1
2020-09-10,US,Virginia,Lee,238,4,0,36.70586667,-83.12606515,51105.0,1016.0952909533363,1.680672268907563,234,234,4,0,230,232,23541,4,0,0,4,2
2020-09-10,US,Virginia,Lexington,46,1,0,37.78258621,-79.44262866,51678.0,617.78135911899,2.1739130434782608,45,44,1,0,43,44,7136,2,0,0,2,0
2020-09-10,US,Virginia,Loudoun,6327,118,0,39.08990083,-77.63481877,51107.0,1529.968225410966,1.8650229176544968,6209,6273,118,0,6155,6263,406850,54,0,0,54,10
2020-09-10,US,Virginia,Louisa,266,3,0,37.97850256,-77.96274807,51109.0,707.6161847250671,1.1278195488721805,263,265,3,0,262,265,36778,1,0,0,1,0
2020-09-10,US,Virginia,Lunenburg,101,2,0,36.94618528,-78.24133319,51111.0,828.1403738930796,1.98019801980198,99,101,2,0,99,100,12086,0,0,0,0,1
2020-09-10,US,Virginia,Lynchburg,1131,5,0,37.40021399,-79.19888138,51680.0,1376.4482523610166,0.4420866489832007,1126,1116,5,0,1111,1092,82126,15,0,0,15,24
2020-09-10,US,Virginia,Madison,96,2,0,38.41531222,-78.28220331,51113.0,723.9273056330593,2.083333333333333,94,96,2,0,94,95,13295,0,0,0,0,1
2020-09-10,US,Virginia,Manassas,1844,24,0,38.7464321,-77.48509905,51683.0,4488.2560545211145,1.3015184381778742,1820,1842,24,0,1818,1836,41641,2,0,0,2,6
2020-09-10,US,Virginia,Manassas Park,593,8,0,38.77058531,-77.44399307,51685.0,3392.836709005607,1.349072512647555,585,587,7,0,580,582,17307,6,1,0,5,5
2020-09-10,US,Virginia,Martinsville,351,6,0,36.68212094,-79.86352771,51690.0,2795.9216186076146,1.709401709401709,345,348,6,0,342,346,12902,3,0,0,3,2
2020-09-10,US,Virginia,Mathews,23,0,0,37.44164146,-76.34098896,51115.0,260.3577088521621,0.0,23,23,0,0,23,23,8802,0,0,0,0,0
2020-09-10,US,Virginia,Mecklenburg,612,33,0,36.67882005,-78.36131056,51117.0,2000.8500343283088,5.3921568627450975,579,609,33,0,576,601,30650,3,0,0,3,8
2020-09-10,US,Virginia,Middlesex,62,1,0,37.63191998,-76.55064617,51119.0,585.9005859005861,1.6129032258064515,61,62,1,0,61,62,10769,0,0,0,0,0
2020-09-10,US,Virginia,Montgomery,1140,4,0,37.17746986,-80.37868691,51121.0,1156.9493073527174,0.3508771929824561,1136,1073,4,0,1069,1015,98985,67,0,0,67,58
2020-09-10,US,Virginia,Nelson,91,0,0,37.78790447,-78.88498513,51125.0,609.5110515740122,0.0,91,90,0,0,90,90,14836,1,0,0,1,0
2020-09-10,US,Virginia,New Kent,161,1,0,37.50694406,-76.99828634,51127.0,697.2413494435061,0.6211180124223602,160,160,1,0,159,160,22391,1,0,0,1,0
2020-09-10,US,Virginia,Newport News,2527,28,0,37.08166899,-76.51754109,51700.0,1409.959548054122,1.10803324099723,2499,2505,28,0,2477,2499,178626,22,0,0,22,6
2020-09-10,US,Virginia,Norfolk,4577,60,0,36.89934014,-76.26420872,51710.0,1885.5410270987304,1.3109023377758358,4517,4545,60,0,4485,4537,244076,32,0,0,32,8
2020-09-10,US,Virginia,Northampton,304,29,0,37.34062933,-75.87751591,51131.0,2596.071733561059,9.539473684210526,275,304,29,0,275,304,11735,0,0,0,0,0
2020-09-10,US,Virginia,Northumberland,103,5,0,37.89202088,-76.41949732,51133.0,851.5915667631253,4.854368932038835,98,102,5,0,97,101,12147,1,0,0,1,1
2020-09-10,US,Virginia,Norton,31,0,0,36.93357076,-82.62750411,51720.0,778.6988193921126,0.0,31,31,0,0,31,31,3968,0,0,0,0,0
2020-09-10,US,Virginia,Nottoway,210,15,0,37.1435975,-78.05065922,51135.0,1378.6764705882354,7.142857142857142,195,209,15,0,194,208,15420,1,0,0,1,1
2020-09-10,US,Virginia,Orange,278,4,0,38.24530219,-78.01560400000002,51137.0,750.3171304418235,1.4388489208633093,274,277,4,0,273,273,36644,1,0,0,1,4
2020-09-10,US,Virginia,Page,366,27,0,38.61807452,-78.48797204,51139.0,1531.2526148439456,7.3770491803278695,339,366,27,0,339,366,23933,0,0,0,0,0
2020-09-10,US,Virginia,Patrick,246,13,0,36.680163799999995,-80.2865648,51141.0,1397.09223080418,5.284552845528455,233,245,13,0,232,245,17673,1,0,0,1,0
2020-09-10,US,Virginia,Petersburg,675,23,0,37.20530399,-77.39368102,51730.0,2153.3848018885988,3.4074074074074074,652,670,23,0,647,665,31567,5,0,0,5,5
2020-09-10,US,Virginia,Pittsylvania,880,6,0,36.81980341,-79.39731264,51143.0,1458.0640885442554,0.6818181818181818,874,869,6,0,863,867,60949,11,0,0,11,2
2020-09-10,US,Virginia,Poquoson,74,1,0,37.14259351,-76.35798148,51735.0,603.0478363621547,1.351351351351351,73,74,1,0,73,74,12190,0,0,0,0,0
2020-09-10,US,Virginia,Portsmouth,2337,45,0,36.85914825,-76.35971629,51740.0,2475.6880442382253,1.925545571245186,2292,2324,43,0,2281,2309,94632,13,2,0,11,15
2020-09-10,US,Virginia,Powhatan,198,5,0,37.55016038,-77.91267882,51145.0,667.7458518818293,2.525252525252525,193,197,5,0,192,196,29189,1,0,0,1,1
2020-09-10,US,Virginia,Prince Edward,519,12,0,37.22554789,-78.43597949,51147.0,2276.116130164021,2.3121387283237,507,518,12,0,506,516,22950,1,0,0,1,2
2020-09-10,US,Virginia,Prince George,676,2,0,37.18497668,-77.22922187,51149.0,1762.5739837822337,0.2958579881656805,674,665,2,0,663,626,38082,11,0,0,11,39
2020-09-10,US,Virginia,Prince William,11432,191,0,38.70916224,-77.48713689,51153.0,2430.6079709143482,1.6707487753673895,11241,11364,188,0,11176,11304,468011,68,3,0,65,60
2020-09-10,US,Virginia,Pulaski,158,3,0,37.06474963,-80.71229738,51155.0,464.3371440326799,1.8987341772151896,155,156,3,0,153,148,34066,2,0,0,2,8
2020-09-10,US,Virginia,Radford,620,0,0,37.12222899,-80.56027320000003,51750.0,3397.4464354211186,0.0,620,607,0,0,607,600,18339,13,0,0,13,7
2020-09-10,US,Virginia,Rappahannock,58,2,0,38.68295619,-78.15826963,51157.0,786.9742198100407,3.4482758620689653,56,58,2,0,56,58,7252,0,0,0,0,0
2020-09-10,US,Virginia,Richmond,334,4,0,37.937575,-76.72920628,51159.0,3701.651335476006,1.1976047904191616,330,334,4,0,330,333,9038,0,0,0,0,1
2020-09-10,US,Virginia,Richmond City,4220,50,0,37.53255773,-77.47966921,51760.0,1831.3110798659927,1.1848341232227488,4170,4198,49,0,4149,4176,228783,22,1,0,21,22
2020-09-10,US,Virginia,Roanoke,677,5,0,37.26865804,-80.06396753,51161.0,718.7904784150511,0.7385524372230429,672,667,5,0,662,661,94073,10,0,0,10,6
2020-09-10,US,Virginia,Roanoke City,1329,15,0,37.27791025,-79.96189766,51770.0,1340.4879820057895,1.1286681715575622,1314,1312,15,0,1297,1306,99920,17,0,0,17,6
2020-09-10,US,Virginia,Rockbridge,88,1,0,37.81204314,-79.44605905,51163.0,389.846276525052,1.1363636363636365,87,87,1,0,86,87,22752,1,0,0,1,0
2020-09-10,US,Virginia,Rockingham,1204,20,0,38.51006137,-78.87260325,51165.0,1469.224386196125,1.6611295681063123,1184,1183,20,0,1163,1171,81244,21,0,0,21,12
2020-09-10,US,Virginia,Russell,203,4,0,36.93028320000001,-82.10095486,51167.0,763.5597682991048,1.9704433497536944,199,199,4,0,195,199,26748,4,0,0,4,0
2020-09-10,US,Virginia,Salem,240,4,0,37.2836193,-80.06219455,51775.0,948.5791075451564,1.6666666666666667,236,234,4,0,230,233,25643,6,0,0,6,1
2020-09-10,US,Virginia,Scott,170,4,0,36.71466456,-82.60171704,51169.0,788.2778447556339,2.3529411764705883,166,168,4,0,164,167,21534,2,0,0,2,1
2020-09-10,US,Virginia,Shenandoah,782,50,0,38.85905135,-78.56813762,51171.0,1792.9200293470285,6.3938618925831205,732,782,50,0,732,782,43497,0,0,0,0,0
2020-09-10,US,Virginia,Smyth,359,6,0,36.84455636,-81.53344948,51173.0,1192.5325538134466,1.6713091922005572,353,348,6,0,342,345,30472,11,0,0,11,3
2020-09-10,US,Virginia,Southampton,393,13,0,36.72231125,-77.10642712,51175.0,2229.0284158584313,3.307888040712468,380,385,13,0,372,384,17586,8,0,0,8,1
2020-09-10,US,Virginia,Spotsylvania,1952,39,0,38.18574462,-77.655399,51177.0,1433.0286679146936,1.9979508196721312,1913,1926,39,0,1887,1905,134238,26,0,0,26,21
2020-09-10,US,Virginia,Stafford,1813,13,0,38.41758738,-77.45917053,51179.0,1185.8819220052067,0.7170435741864313,1800,1799,13,0,1786,1784,149960,14,0,0,14,15
2020-09-10,US,Virginia,Staunton,189,0,0,38.15965544,-79.05979937,51790.0,758.0619284453714,0.0,189,187,0,0,187,182,24922,2,0,0,2,5
2020-09-10,US,Virginia,Suffolk,1773,63,0,36.70155394,-76.63603554,51800.0,1924.9142311199896,3.5532994923857872,1710,1758,63,0,1695,1748,91185,15,0,0,15,10
2020-09-10,US,Virginia,Surry,95,3,0,37.11781893,-76.88450012,51181.0,1479.2899408284025,3.1578947368421053,92,92,3,0,89,89,6474,3,0,0,3,3
2020-09-10,US,Virginia,Sussex,363,9,0,36.92432914,-77.25791182,51183.0,3252.979657675419,2.479338842975207,354,360,9,0,351,357,11237,3,0,0,3,3
2020-09-10,US,Virginia,Tazewell,223,2,0,37.12191123,-81.56685568,51185.0,549.3287350658948,0.8968609865470852,221,219,2,0,217,217,40855,4,0,0,4,2
2020-09-10,US,Virginia,Virginia Beach,6345,71,0,36.73285734,-76.04566934,51810.0,1410.0814713739014,1.1189913317572893,6274,6305,71,0,6234,6227,450189,40,0,0,40,78
2020-09-10,US,Virginia,Warren,398,6,0,38.90847745,-78.20280433,51187.0,990.93715765362,1.5075376884422111,392,396,6,0,390,395,40003,2,0,0,2,1
2020-09-10,US,Virginia,Washington,433,10,0,36.72341572,-81.95666289,51191.0,805.731298846297,2.3094688221709005,423,432,9,0,423,432,54402,1,1,0,0,0
2020-09-10,US,Virginia,Waynesboro,234,3,0,38.06451466,-78.90293905,51820.0,1034.025629695095,1.2820512820512822,231,230,3,0,227,228,22628,4,0,0,4,2
2020-09-10,US,Virginia,Westmoreland,234,3,0,38.11021557,-76.80213247,51193.0,1298.917568692756,1.2820512820512822,231,232,3,0,229,232,17830,2,0,0,2,0
2020-09-10,US,Virginia,Williamsburg,161,6,0,37.28131268,-76.70905141,51830.0,1076.6350140430654,3.7267080745341614,155,158,6,0,152,157,14896,3,0,0,3,1
2020-09-10,US,Virginia,Winchester,463,4,0,39.17054517,-78.17325058,51840.0,1648.9778474250302,0.8639308855291576,459,461,4,0,457,461,28108,2,0,0,2,0
2020-09-10,US,Virginia,Wise,371,5,0,36.9746148,-82.62410519,51195.0,992.4297140411417,1.3477088948787062,366,365,5,0,360,364,38012,6,0,0,6,1
2020-09-10,US,Virginia,Wythe,201,3,0,36.91582035,-81.07834059,51197.0,700.7390879933064,1.492537313432836,198,196,3,0,193,193,28754,5,0,0,5,3
2020-09-10,US,Virginia,York,497,6,0,37.24374789,-76.54412815,51199.0,727.8851786760397,1.2072434607645874,491,492,6,0,486,492,67846,5,0,0,5,0
2020-09-10,US,Washington,Adams,729,9,0,46.98299757,-118.56017340000001,53001.0,3648.10088575289,1.2345679012345678,720,724,9,0,715,709,19759,5,0,0,5,15
2020-09-10,US,Washington,Asotin,60,2,0,46.18894415,-117.2022851,53003.0,265.69834381365695,3.333333333333333,58,60,2,0,58,58,22610,0,0,0,0,2
2020-09-10,US,Washington,Benton,4280,127,0,46.23946995,-119.51208340000001,53005.0,2094.035911737365,2.967289719626168,4153,4260,126,0,4134,4221,201877,20,1,0,19,39
2020-09-10,US,Washington,Chelan,1773,13,0,47.87046092,-120.6173956,53007.0,2296.6321243523316,0.7332205301748449,1760,1771,12,0,1759,1768,77036,2,1,0,1,3
2020-09-10,US,Washington,Clallam,218,1,0,48.04754642,-123.92263190000001,53009.0,281.9050574801826,0.4587155963302753,217,217,1,0,216,217,76737,1,0,0,1,0
2020-09-10,US,Washington,Clark,2372,59,0,45.77568046,-122.48292040000001,53011.0,485.8256475797813,2.4873524451939293,2313,2308,58,0,2250,2297,481857,64,1,0,63,11
2020-09-10,US,Washington,Columbia,14,1,0,46.29442881,-117.9051983,53013.0,351.3174404015057,7.142857142857142,13,14,1,0,13,15,4059,0,0,0,0,-1
2020-09-10,US,Washington,Cowlitz,571,6,0,46.19074721,-122.6782231,53015.0,516.3075420686662,1.0507880910683012,565,558,6,0,552,557,108987,13,0,0,13,1
2020-09-10,US,Washington,Douglas,1167,8,0,47.7361335,-119.69293700000001,53017.0,2687.144534757881,0.6855184233076264,1159,1165,8,0,1157,1164,42907,2,0,0,2,1
2020-09-10,US,Washington,Ferry,29,0,0,48.471143100000006,-118.5154041,53019.0,380.22813688212926,0.0,29,29,0,0,29,28,7649,0,0,0,0,1
2020-09-10,US,Washington,Franklin,4073,59,0,46.53351425,-118.9018212,53021.0,4277.372876016047,1.4485637122514117,4014,4059,58,0,4001,4035,94347,14,1,0,13,24
2020-09-10,US,Washington,Garfield,8,0,0,46.43197502,-117.54540320000001,53023.0,359.55056179775283,0.0,8,4,0,0,4,4,2247,4,0,0,4,0
2020-09-10,US,Washington,Grant,2527,17,0,47.20753737,-119.4500749,53025.0,2585.6159127418578,0.6727344677483181,2510,2515,17,0,2498,2490,97331,12,0,0,12,25
2020-09-10,US,Washington,Grays Harbor,321,6,0,47.14003705,-123.7820567,53027.0,427.6521762299996,1.8691588785046729,315,301,6,0,295,295,73901,20,0,0,20,6
2020-09-10,US,Washington,Island,274,11,0,48.14713305,-122.5216407,53029.0,321.81910008104205,4.014598540145985,263,274,11,0,263,274,84460,0,0,0,0,0
2020-09-10,US,Washington,Jefferson,70,0,0,47.75003077,-123.56097040000002,53031.0,217.2496198131653,0.0,70,70,0,0,70,71,31729,0,0,0,0,-1
2020-09-10,US,Washington,King,20519,744,0,47.49137892,-121.8346131,53033.0,910.829365646565,3.625907695306789,19775,20413,743,0,19670,20326,2233163,106,1,0,105,87
2020-09-10,US,Washington,Kitsap,1076,11,0,47.63479026,-122.6436061,53035.0,396.35617538392404,1.0223048327137547,1065,1068,11,0,1057,1052,269805,8,0,0,8,16
2020-09-10,US,Washington,Kittitas,453,21,0,47.12521214,-120.67943899999999,53037.0,945.0297277563368,4.635761589403972,432,453,21,0,432,453,47364,0,0,0,0,0
2020-09-10,US,Washington,Klickitat,183,3,0,45.87325839,-120.7913598,53039.0,816.0535117056858,1.639344262295082,180,181,3,0,178,178,22107,2,0,0,2,3
2020-09-10,US,Washington,Lewis,415,4,0,46.57756476,-122.39257690000001,53041.0,514.2057070638234,0.9638554216867471,411,408,4,0,404,384,79604,7,0,0,7,24
2020-09-10,US,Washington,Lincoln,35,1,0,47.57705241,-118.41943880000001,53043.0,319.9561203035012,2.8571428571428568,34,35,1,0,34,34,10740,0,0,0,0,1
2020-09-10,US,Washington,Mason,347,3,0,47.35007586,-123.1863685,53045.0,519.7100407380782,0.8645533141210374,344,342,2,0,340,339,65507,5,1,0,4,3
2020-09-10,US,Washington,Okanogan,1004,9,0,48.54855019,-119.73872240000001,53047.0,2376.7251378926685,0.896414342629482,995,1004,9,0,995,1004,42132,0,0,0,0,0
2020-09-10,US,Washington,Pacific,74,3,0,46.55418369,-123.7285716,53049.0,329.3133371901562,4.0540540540540535,71,69,3,0,66,68,22036,5,0,0,5,1
2020-09-10,US,Washington,Pend Oreille,56,0,0,48.53234021,-117.2741804,53051.0,408.04430195278337,0.0,56,56,0,0,56,56,13602,0,0,0,0,0
2020-09-10,US,Washington,Pierce,7189,181,0,47.03892768,-122.14059579999999,53053.0,794.3821962916307,2.5177354291278338,7008,7149,180,0,6969,7104,891299,40,1,0,39,45
2020-09-10,US,Washington,San Juan,29,0,0,48.60182783,-122.96745,53055.0,164.94141735866228,0.0,29,29,0,0,29,29,17128,0,0,0,0,0
2020-09-10,US,Washington,Skagit,1054,23,0,48.48171488,-121.766131,53057.0,815.7579041058783,2.1821631878557874,1031,1051,22,0,1029,1050,128206,3,1,0,2,1
2020-09-10,US,Washington,Skamania,60,1,0,46.02408726,-121.91644029999999,53059.0,496.56542249441367,1.6666666666666667,59,60,1,0,59,60,11924,0,0,0,0,0
2020-09-10,US,Washington,Snohomish,6440,205,0,48.04615983,-121.7170703,53061.0,783.3758878361432,3.1832298136645965,6235,6419,205,0,6214,6378,814901,21,0,0,21,41
2020-09-10,US,Washington,Spokane,5658,142,0,47.62113146,-117.4046494,53063.0,1082.2535663870176,2.5097207493814064,5516,5619,141,0,5478,5571,514631,39,1,0,38,48
2020-09-10,US,Washington,Stevens,130,2,0,48.40035475,-117.8542701,53065.0,284.3208013472432,1.5384615384615383,128,130,2,0,128,130,45260,0,0,0,0,0
2020-09-10,US,Washington,Thurston,977,15,0,46.9291895,-122.82906559999999,53067.0,336.27502271663406,1.5353121801432958,962,971,16,0,955,961,286419,6,-1,0,7,10
2020-09-10,US,Washington,Unassigned,300,4,0,0.0,0.0,90053.0,0.0,1.3333333333333333,296,299,4,0,295,306,,1,0,0,1,-7
2020-09-10,US,Washington,Wahkiakum,6,0,0,46.29180039999999,-123.4250831,53069.0,133.6898395721925,0.0,6,6,0,0,6,6,4426,0,0,0,0,0
2020-09-10,US,Washington,Walla Walla,810,5,0,46.23040051,-118.4775539,53071.0,1333.1138907175773,0.6172839506172839,805,800,5,0,795,797,60922,10,0,0,10,3
2020-09-10,US,Washington,Whatcom,1167,39,0,48.82227976,-121.74900179999999,53073.0,509.05791569791535,3.341902313624679,1128,1151,39,0,1112,1145,225685,16,0,0,16,6
2020-09-10,US,Washington,Whitman,887,0,0,46.90022523,-117.52417630000001,53075.0,1770.3177391026666,0.0,887,871,0,0,871,840,49791,16,0,0,16,31
2020-09-10,US,Washington,Yakima,11112,250,0,46.45738486,-120.73801259999999,53077.0,4429.3327699672745,2.249820014398848,10862,11096,251,0,10845,11071,251446,16,-1,0,17,25
2020-09-10,US,West Virginia,Barbour,35,1,0,39.1307219,-80.00350858,54001.0,212.8824280761511,2.8571428571428568,34,35,1,0,34,35,16535,0,0,0,0,0
2020-09-10,US,West Virginia,Berkeley,851,11,0,39.46704621,-78.02414609,54003.0,714.0999068565338,1.2925969447708578,840,840,11,0,829,837,117123,11,0,0,11,3
2020-09-10,US,West Virginia,Boone,169,0,0,38.01974191,-81.69888019,54005.0,787.6217551381833,0.0,169,162,0,0,162,157,21951,7,0,0,7,5
2020-09-10,US,West Virginia,Braxton,9,0,0,38.70036159,-80.72011184,54007.0,64.48377158415133,0.0,9,9,0,0,9,9,14089,0,0,0,0,0
2020-09-10,US,West Virginia,Brooke,103,1,0,40.27367263,-80.57915332,54009.0,469.4835680751173,0.9708737864077671,102,105,1,0,104,102,22203,-2,0,0,-2,3
2020-09-10,US,West Virginia,Cabell,610,8,0,38.42424062,-82.23855912,54011.0,663.4401000598183,1.3114754098360657,602,601,8,0,593,595,93224,9,0,0,9,6
2020-09-10,US,West Virginia,Calhoun,21,0,0,38.84315422,-81.11934872,54013.0,295.4001969334646,0.0,21,20,0,0,20,19,7254,1,0,0,1,1
2020-09-10,US,West Virginia,Clay,30,2,0,38.46231092,-81.07652217,54015.0,352.60930888575456,6.666666666666668,28,30,2,0,28,29,8632,0,0,0,0,1
2020-09-10,US,West Virginia,Doddridge,14,0,0,39.27057157,-80.70671527,54017.0,165.71969696969697,0.0,14,13,0,0,13,13,8406,1,0,0,1,0
2020-09-10,US,West Virginia,Fayette,432,9,0,38.02974928,-81.08286634,54019.0,1018.7237655048814,2.083333333333333,423,421,9,0,412,421,43018,11,0,0,11,0
2020-09-10,US,West Virginia,Gilmer,19,0,0,38.9251277,-80.85952723,54021.0,242.87357791128724,0.0,19,20,0,0,20,20,8026,-1,0,0,-1,0
2020-09-10,US,West Virginia,Grant,145,6,0,39.10314817,-79.19440518,54023.0,1253.457814661134,4.137931034482759,139,144,6,0,138,144,11626,1,0,0,1,0
2020-09-10,US,West Virginia,Greenbrier,113,3,0,37.9463652,-80.45335881,54025.0,326.00542380705093,2.6548672566371683,110,108,3,0,105,106,34786,5,0,0,5,2
2020-09-10,US,West Virginia,Hampshire,93,1,0,39.32103553,-78.60826476,54027.0,401.2944983818769,1.075268817204301,92,93,1,0,92,93,23347,0,0,0,0,0
2020-09-10,US,West Virginia,Hancock,128,0,0,40.51943859,-80.57461608,54029.0,444.29017702186735,0.0,128,132,0,0,132,132,29094,-4,0,0,-4,0
2020-09-10,US,West Virginia,Hardy,75,0,0,39.00683177,-78.85855301,54031.0,544.4250871080138,0.0,75,76,0,0,76,76,13775,-1,0,0,-1,0
2020-09-10,US,West Virginia,Harrison,308,3,0,39.2853852,-80.37919577,54033.0,457.9517069109076,0.9740259740259741,305,306,3,0,303,304,67554,2,0,0,2,2
2020-09-10,US,West Virginia,Jackson,219,21,0,38.84263974,-81.68148753,54035.0,766.3773796192609,9.58904109589041,198,219,21,0,198,219,28706,0,0,0,0,0
2020-09-10,US,West Virginia,Jefferson,397,4,0,39.30776166,-77.86014147,54037.0,694.7117908515033,1.0075566750629723,393,396,4,0,392,394,56811,1,0,0,1,2
2020-09-10,US,West Virginia,Kanawha,1809,48,0,38.33860077,-81.52857054,54039.0,1015.5846488962744,2.6533996683250414,1761,1753,47,0,1706,1737,180454,56,1,0,55,16
2020-09-10,US,West Virginia,Lewis,36,2,0,38.9947249,-80.49988181,54041.0,226.31545860313068,5.5555555555555545,34,36,2,0,34,36,16024,0,0,0,0,0
2020-09-10,US,West Virginia,Lincoln,127,2,0,38.172154,-82.07017953,54043.0,622.2744867460434,1.5748031496062993,125,126,2,0,124,126,20599,1,0,0,1,0
2020-09-10,US,West Virginia,Logan,536,35,0,37.8299889,-81.93528571,54045.0,1674.0060589025265,6.529850746268656,501,529,34,0,495,522,32607,7,1,0,6,7
2020-09-10,US,West Virginia,Marion,234,2,0,39.50984542,-80.24244659,54049.0,417.3205878156656,0.8547008547008547,232,233,2,0,231,232,56097,1,0,0,1,1
2020-09-10,US,West Virginia,Marshall,138,1,0,39.86064362,-80.66591062,54051.0,451.9996069568635,0.7246376811594203,137,136,1,0,135,134,30785,2,0,0,2,2
2020-09-10,US,West Virginia,Mason,131,1,0,38.77071799,-82.02524219,54053.0,494.04133353446974,0.7633587786259542,130,123,1,0,122,123,26718,8,0,0,8,0
2020-09-10,US,West Virginia,McDowell,74,1,0,37.38002939,-81.65083669,54047.0,425.55605991829316,1.351351351351351,73,74,1,0,73,74,18223,0,0,0,0,0
2020-09-10,US,West Virginia,Mercer,355,24,0,37.40481169,-81.11023142,54055.0,604.1730487763367,6.76056338028169,331,350,24,0,326,350,59131,5,0,0,5,0
2020-09-10,US,West Virginia,Mineral,148,4,0,39.41561583,-78.94104895,54057.0,550.8411493226142,2.702702702702702,144,148,4,0,144,147,26940,0,0,0,0,1
2020-09-10,US,West Virginia,Mingo,287,7,0,37.73048351,-82.13338365,54059.0,1225.2390710382513,2.4390243902439024,280,289,7,0,282,282,23785,-2,0,0,-2,7
2020-09-10,US,West Virginia,Monongalia,1547,5,0,39.63218457,-80.04766838,54061.0,1464.795667159035,0.32320620555914675,1542,1504,5,0,1499,1433,106420,43,0,0,43,71
2020-09-10,US,West Virginia,Monroe,146,7,0,37.56274716,-80.54577965,54063.0,1099.8116760828625,4.794520547945205,139,138,7,0,131,138,13280,8,0,0,8,0
2020-09-10,US,West Virginia,Morgan,43,0,0,39.55439028,-78.26311676,54065.0,240.4383806754641,0.0,43,41,0,0,41,41,17787,2,0,0,2,0
2020-09-10,US,West Virginia,Nicholas,60,3,0,38.29617706,-80.79759588,54067.0,244.93794905290662,5.0,57,58,3,0,55,58,24842,2,0,0,2,0
2020-09-10,US,West Virginia,Ohio,302,6,0,40.0955451,-80.62203992,54069.0,729.2748303590834,1.9867549668874167,296,301,6,0,295,297,41755,1,0,0,1,4
2020-09-10,US,West Virginia,Pendleton,46,1,0,38.68314479,-79.35084086,54071.0,660.0660066006601,2.1739130434782608,45,45,1,0,44,45,6997,1,0,0,1,0
2020-09-10,US,West Virginia,Pleasants,15,2,0,39.37091679,-81.16771771,54073.0,201.07238605898124,13.333333333333336,13,15,2,0,13,15,7507,0,0,0,0,0
2020-09-10,US,West Virginia,Pocahontas,55,0,0,38.32758728,-80.00993811,54075.0,666.9091790954286,0.0,55,55,0,0,55,45,8414,0,0,0,0,10
2020-09-10,US,West Virginia,Preston,142,4,0,39.46770987,-79.66712803,54077.0,424.7427614261785,2.8169014084507036,138,142,4,0,138,142,33839,0,0,0,0,0
2020-09-10,US,West Virginia,Putnam,362,1,0,38.50782345,-81.9082131,54079.0,641.2754650132863,0.27624309392265195,361,353,1,0,352,352,56682,9,0,0,9,1
2020-09-10,US,West Virginia,Raleigh,399,4,0,37.76936795,-81.2456041,54081.0,543.8857158435682,1.0025062656641603,395,397,4,0,393,393,74254,2,0,0,2,4
2020-09-10,US,West Virginia,Randolph,228,2,0,38.769899,-79.87919615,54083.0,794.5635128071092,0.8771929824561403,226,228,2,0,226,228,28823,0,0,0,0,0
2020-09-10,US,West Virginia,Ritchie,9,0,0,39.18094587,-81.06356878,54085.0,94.20138162026377,0.0,9,6,0,0,6,6,9721,3,0,0,3,0
2020-09-10,US,West Virginia,Roane,37,1,0,38.71622686,-81.35243568,54087.0,270.30976037405026,2.702702702702702,36,37,1,0,36,37,13932,0,0,0,0,0
2020-09-10,US,West Virginia,Summers,22,0,0,37.65390597,-80.86009693,54089.0,174.97812773403325,0.0,22,22,0,0,22,21,12760,0,0,0,0,1
2020-09-10,US,West Virginia,Taylor,112,6,0,39.33602617,-80.0421439,54091.0,670.8595387840671,5.357142857142857,106,110,6,0,104,110,16862,2,0,0,2,0
2020-09-10,US,West Virginia,Tucker,13,0,0,39.11240885,-79.57053576,54093.0,190.08626992250328,0.0,13,13,0,0,13,12,6955,0,0,0,0,1
2020-09-10,US,West Virginia,Tyler,15,0,0,39.46811972,-80.88772676,54095.0,174.60132697008495,0.0,15,15,0,0,15,15,8746,0,0,0,0,0
2020-09-10,US,West Virginia,Upshur,51,0,0,38.89285061,-80.23689136,54097.0,210.95301125082733,0.0,51,50,0,0,50,50,24415,1,0,0,1,0
2020-09-10,US,West Virginia,Wayne,304,10,0,38.14901357,-82.42287994,54099.0,771.5344398761482,3.2894736842105265,294,300,10,0,290,300,39944,4,0,0,4,0
2020-09-10,US,West Virginia,Webster,7,0,0,38.49370949,-80.4202023,54101.0,86.27064333251171,0.0,7,7,0,0,7,7,8285,0,0,0,0,0
2020-09-10,US,West Virginia,Wetzel,45,0,0,39.6065771,-80.64016540000001,54103.0,298.70560902754727,0.0,45,45,0,0,45,45,15270,0,0,0,0,0
2020-09-10,US,West Virginia,Wirt,8,0,0,39.02775007,-81.37473928,54105.0,137.4334306820134,0.0,8,8,0,0,8,8,5830,0,0,0,0,0
2020-09-10,US,West Virginia,Wood,327,5,0,39.20967886,-81.5162836,54107.0,391.53236428075377,1.529051987767584,322,324,5,0,319,324,84203,3,0,0,3,0
2020-09-10,US,West Virginia,Wyoming,75,4,0,37.612327,-81.54511071,54109.0,367.7552221241542,5.333333333333333,71,73,3,0,70,72,20786,2,1,0,1,1
2020-09-10,US,Wisconsin,Adams,151,3,0,43.96974651,-89.76782777,55001.0,746.7853610286845,1.9867549668874167,148,150,3,0,147,149,20348,1,0,0,1,1
2020-09-10,US,Wisconsin,Ashland,38,1,0,46.31956891,-90.67837132,55003.0,244.18455211412416,2.631578947368421,37,38,1,0,37,37,15600,0,0,0,0,1
2020-09-10,US,Wisconsin,Barron,394,4,0,45.42372701,-91.84833627,55005.0,870.8337017063036,1.0152284263959392,390,393,3,0,390,393,45164,1,1,0,0,0
2020-09-10,US,Wisconsin,Bayfield,65,1,0,46.52868768,-91.19716729,55007.0,432.2958233572758,1.5384615384615383,64,63,1,0,62,58,15042,2,0,0,2,5
2020-09-10,US,Wisconsin,Brown,6176,58,0,44.452655299999996,-88.00411844,55009.0,2334.600932933145,0.939119170984456,6118,6067,58,0,6009,5892,263378,109,0,0,109,175
2020-09-10,US,Wisconsin,Buffalo,98,2,0,44.37835084,-91.75332578,55011.0,752.052797175965,2.0408163265306123,96,97,2,0,95,93,13125,1,0,0,1,4
2020-09-10,US,Wisconsin,Burnett,59,2,0,45.86303537,-92.36711412,55013.0,382.7689113792656,3.3898305084745757,57,57,2,0,55,54,15392,2,0,0,2,3
2020-09-10,US,Wisconsin,Calumet,632,2,0,44.0816316,-88.21780273,55015.0,1261.7540777416198,0.3164556962025317,630,619,2,0,617,611,50159,13,0,0,13,8
2020-09-10,US,Wisconsin,Chippewa,395,0,0,45.06939744,-91.28068855,55017.0,610.906616350645,0.0,395,389,0,0,389,385,64135,6,0,0,6,4
2020-09-10,US,Wisconsin,Clark,264,8,0,44.73483377,-90.61207486,55019.0,759.1878990050038,3.0303030303030303,256,261,8,0,253,260,34709,3,0,0,3,1
2020-09-10,US,Wisconsin,Columbia,411,2,0,43.46492199,-89.33589004,55021.0,714.3850378919557,0.4866180048661801,409,400,2,0,398,394,57358,11,0,0,11,6
2020-09-10,US,Wisconsin,Crawford,121,0,0,43.23870316,-90.93073686,55023.0,750.1084867646147,0.0,121,121,0,0,121,120,16291,0,0,0,0,1
2020-09-10,US,Wisconsin,Dane,6971,41,0,43.06601594,-89.41733797,55025.0,1275.1168384565435,0.5881509109166547,6930,6489,41,0,6448,6427,542364,482,0,0,482,62
2020-09-10,US,Wisconsin,Dodge,1348,7,0,43.41576662,-88.70928178,55027.0,1534.6258495656828,0.5192878338278932,1341,1326,6,0,1320,1272,87847,22,1,0,21,54
2020-09-10,US,Wisconsin,Door,165,3,0,44.95856458,-87.30002707,55029.0,596.3568020818274,1.818181818181818,162,157,3,0,154,152,27610,8,0,0,8,5
2020-09-10,US,Wisconsin,Douglas,298,0,0,46.43222285,-91.91595768,55031.0,690.6141367323289,0.0,298,297,0,0,297,292,43208,1,0,0,1,5
2020-09-10,US,Wisconsin,Dunn,215,0,0,44.94562799,-91.8962481,55033.0,473.90230999823683,0.0,215,208,0,0,208,202,45131,7,0,0,7,6
2020-09-10,US,Wisconsin,Eau Claire,1060,6,0,44.726614,-91.28609183,55035.0,1012.9388605393422,0.5660377358490566,1054,1037,6,0,1031,1000,104534,23,0,0,23,37
2020-09-10,US,Wisconsin,Florence,34,0,0,45.84963535,-88.39804137,55037.0,791.6181606519208,0.0,34,31,0,0,31,31,4321,3,0,0,3,0
2020-09-10,US,Wisconsin,Fond du Lac,1340,12,0,43.75354908,-88.48885325,55039.0,1295.9005057880333,0.8955223880597015,1328,1304,12,0,1292,1292,103066,36,0,0,36,12
2020-09-10,US,Wisconsin,Forest,119,4,0,45.66678019,-88.77084892,55041.0,1321.6348289649045,3.361344537815126,115,116,4,0,112,107,8991,3,0,0,3,9
2020-09-10,US,Wisconsin,Grant,528,19,0,42.8671731,-90.7063218,55043.0,1026.4585236882522,3.5984848484848486,509,499,19,0,480,495,51554,29,0,0,29,4
2020-09-10,US,Wisconsin,Green,322,2,0,42.6794956,-89.60243287,55045.0,871.2121212121212,0.6211180124223602,320,316,2,0,314,310,36929,6,0,0,6,6
2020-09-10,US,Wisconsin,Green Lake,115,0,0,43.80025981,-89.04679553,55047.0,608.0473748215513,0.0,115,114,0,0,114,112,18918,1,0,0,1,2
2020-09-10,US,Wisconsin,Iowa,129,0,0,43.00050278,-90.13469017,55049.0,544.8095278317427,0.0,129,125,0,0,125,123,23771,4,0,0,4,2
2020-09-10,US,Wisconsin,Iron,132,1,0,46.26302338,-90.24295041,55051.0,2321.0831721470017,0.7575757575757576,131,131,1,0,130,131,5676,1,0,0,1,0
2020-09-10,US,Wisconsin,Jackson,86,1,0,44.31864893,-90.80566792,55053.0,416.6061134525021,1.162790697674419,85,77,1,0,76,78,20478,9,0,0,9,-1
2020-09-10,US,Wisconsin,Jefferson,1026,7,0,43.02054068,-88.77529134,55055.0,1210.348122544798,0.682261208576998,1019,1007,7,0,1000,1001,85129,19,0,0,19,6
2020-09-10,US,Wisconsin,Juneau,259,1,0,43.92456975,-90.11120239,55057.0,970.5099861355716,0.3861003861003861,258,255,1,0,254,253,26617,4,0,0,4,2
2020-09-10,US,Wisconsin,Kenosha,3091,64,0,42.57639354,-88.04051686,55059.0,1822.9427757562173,2.070527337431252,3027,3074,64,0,3010,3065,169290,17,0,0,17,9
2020-09-10,US,Wisconsin,Kewaunee,232,2,0,44.51727459,-87.61468386,55061.0,1135.3626309092688,0.8620689655172413,230,224,2,0,222,215,20383,8,0,0,8,9
2020-09-10,US,Wisconsin,La Crosse,1445,2,0,43.90632465,-91.11451093,55063.0,1224.4102494577007,0.1384083044982699,1443,1370,2,0,1368,1351,118230,75,0,0,75,19
2020-09-10,US,Wisconsin,Lafayette,188,0,0,42.66005229,-90.1317729,55065.0,1128.1128112811282,0.0,188,188,0,0,188,188,16665,0,0,0,0,0
2020-09-10,US,Wisconsin,Langlade,91,2,0,45.26271619,-89.07483625,55067.0,474.2300276199906,2.1978021978021984,89,90,2,0,88,89,19268,1,0,0,1,1
2020-09-10,US,Wisconsin,Lincoln,97,1,0,45.33737523,-89.73411273,55069.0,351.53843366071106,1.0309278350515465,96,96,1,0,95,92,27689,1,0,0,1,4
2020-09-10,US,Wisconsin,Manitowoc,644,2,0,44.11946801,-87.80928853,55071.0,815.3859789063192,0.3105590062111801,642,632,2,0,630,627,79074,12,0,0,12,5
2020-09-10,US,Wisconsin,Marathon,842,14,0,44.89792533,-89.75863384,55073.0,620.5229490316304,1.66270783847981,828,833,14,0,819,835,135428,9,0,0,9,-2
2020-09-10,US,Wisconsin,Marinette,647,7,0,45.38553432,-88.03324599999998,55075.0,1603.4696406443618,1.0819165378670788,640,647,7,0,640,643,40434,0,0,0,0,4
2020-09-10,US,Wisconsin,Marquette,121,1,0,43.81911946,-89.40073763,55077.0,776.9359188390907,0.8264462809917356,120,118,1,0,117,110,15434,3,0,0,3,8
2020-09-10,US,Wisconsin,Menominee,30,0,0,45.00422544,-88.70950714,55078.0,658.4723441615453,0.0,30,30,0,0,30,30,4658,0,0,0,0,0
2020-09-10,US,Wisconsin,Milwaukee,25159,509,0,43.00486062,-87.96733172,55079.0,2660.284268382174,2.0231328749155373,24650,25014,507,0,24507,24944,948201,145,2,0,143,70
2020-09-10,US,Wisconsin,Monroe,309,2,0,43.94641218,-90.61881899999999,55081.0,668.0647741768101,0.6472491909385113,307,303,2,0,301,303,46051,6,0,0,6,0
2020-09-10,US,Wisconsin,Oconto,519,4,0,45.02715345,-88.26807503,55083.0,1368.310044819404,0.7707129094412332,515,509,4,0,505,501,37830,10,0,0,10,8
2020-09-10,US,Wisconsin,Oneida,249,1,0,45.70677897,-89.51944105,55085.0,699.5364517488413,0.4016064257028112,248,241,1,0,240,233,35470,8,0,0,8,8
2020-09-10,US,Wisconsin,Outagamie,2476,24,0,44.41578887,-88.46565023,55087.0,1317.8273944167975,0.9693053311793216,2452,2407,23,0,2384,2344,187365,69,1,0,68,63
2020-09-10,US,Wisconsin,Ozaukee,1039,18,0,43.38352225,-87.94625009,55089.0,1164.5240470292867,1.7324350336862369,1021,1030,18,0,1012,1021,89147,9,0,0,9,9
2020-09-10,US,Wisconsin,Pepin,48,0,0,44.58307413,-91.99949611,55091.0,658.7072869493619,0.0,48,48,0,0,48,48,7289,0,0,0,0,0
2020-09-10,US,Wisconsin,Pierce,317,6,0,44.71850291,-92.4224416,55093.0,741.4510922954578,1.892744479495268,311,314,6,0,308,312,42555,3,0,0,3,2
2020-09-10,US,Wisconsin,Polk,188,2,0,45.46130348,-92.44182875,55095.0,429.390402667702,1.0638297872340423,186,189,2,0,187,188,43598,-1,0,0,-1,1
2020-09-10,US,Wisconsin,Portage,824,3,0,44.47558711,-89.50152965,55097.0,1164.3022664330524,0.3640776699029126,821,793,2,0,791,773,70942,31,1,0,30,20
2020-09-10,US,Wisconsin,Price,36,0,0,45.68051754,-90.36098879999999,55099.0,269.64272339150625,0.0,36,36,0,0,36,36,13397,0,0,0,0,0
2020-09-10,US,Wisconsin,Racine,4213,92,0,42.74753117,-88.05941254,55101.0,2146.084529139987,2.183717066223594,4121,4193,92,0,4101,4158,196584,20,0,0,20,35
2020-09-10,US,Wisconsin,Richland,63,4,0,43.3762778,-90.43012729,55103.0,365.17505216786464,6.349206349206349,59,61,4,0,57,61,17377,2,0,0,2,0
2020-09-10,US,Wisconsin,Rock,1926,29,0,42.67151616,-89.07147900000002,55105.0,1179.0344895135718,1.505711318795431,1897,1875,29,0,1846,1862,163129,51,0,0,51,13
2020-09-10,US,Wisconsin,Rusk,31,1,0,45.47498854,-91.1333012,55107.0,218.64861052334604,3.2258064516129035,30,30,1,0,29,30,14147,1,0,0,1,0
2020-09-10,US,Wisconsin,Sauk,691,3,0,43.42574087,-89.94966132,55111.0,1072.2820520778378,0.4341534008683068,688,683,3,0,680,682,64249,8,0,0,8,1
2020-09-10,US,Wisconsin,Sawyer,169,1,0,45.87931905,-91.14504927,55113.0,1020.6546684382173,0.591715976331361,168,167,1,0,166,166,16489,2,0,0,2,1
2020-09-10,US,Wisconsin,Shawano,363,0,0,44.78902246,-88.76443896,55115.0,887.5522628915132,0.0,363,352,0,0,352,335,40796,11,0,0,11,17
2020-09-10,US,Wisconsin,Sheboygan,1199,10,0,43.72099677,-87.94579284,55117.0,1039.5352869776314,0.8340283569641368,1189,1192,10,0,1182,1175,115456,7,0,0,7,17
2020-09-10,US,Wisconsin,St. Croix,701,7,0,45.03437474,-92.45000068,55109.0,772.9884106873088,0.9985734664764622,694,688,7,0,681,679,89694,13,0,0,13,9
2020-09-10,US,Wisconsin,Taylor,127,3,0,45.21179252,-90.5004405,55119.0,624.2933687263433,2.3622047244094486,124,123,3,0,120,123,20412,4,0,0,4,0
2020-09-10,US,Wisconsin,Trempealeau,448,2,0,44.30360275,-91.35893614,55121.0,1511.0121757900772,0.44642857142857145,446,445,2,0,443,441,29442,3,0,0,3,4
2020-09-10,US,Wisconsin,Vernon,123,0,0,43.59422667,-90.8324691,55123.0,399.0656024917267,0.0,123,119,0,0,119,119,30785,4,0,0,4,0
2020-09-10,US,Wisconsin,Vilas,136,0,0,46.05467334,-89.51719204,55125.0,612.7506195088984,0.0,136,136,0,0,136,135,21938,0,0,0,0,1
2020-09-10,US,Wisconsin,Walworth,1966,32,0,42.66858202,-88.54163073,55127.0,1892.7869988831976,1.6276703967446593,1934,1880,32,0,1848,1836,103718,86,0,0,86,44
2020-09-10,US,Wisconsin,Washburn,78,0,0,45.89838588,-91.79050449,55129.0,496.1832061068702,0.0,78,77,0,0,77,77,15878,1,0,0,1,0
2020-09-10,US,Wisconsin,Washington,1844,31,0,43.36863664,-88.22974712,55131.0,1355.5434670744078,1.6811279826464207,1813,1826,30,0,1796,1814,135693,18,1,0,17,12
2020-09-10,US,Wisconsin,Waukesha,5941,81,0,43.01833055,-88.30431188,55133.0,1469.8241950727124,1.3634068338663523,5860,5886,78,0,5808,5873,403072,55,3,0,52,13
2020-09-10,US,Wisconsin,Waupaca,789,19,0,44.47068056,-88.96534501,55135.0,1547.362227887821,2.4081115335868186,770,783,19,0,764,778,51128,6,0,0,6,5
2020-09-10,US,Wisconsin,Waushara,211,2,0,44.11324419,-89.24317107,55137.0,863.232827394346,0.9478672985781992,209,202,2,0,200,200,24263,9,0,0,9,2
2020-09-10,US,Wisconsin,Winnebago,1778,22,0,44.06886922,-88.64477096,55139.0,1034.2801631114498,1.2373453318335208,1756,1748,22,0,1726,1730,171020,30,0,0,30,18
2020-09-10,US,Wisconsin,Wood,541,3,0,44.45537896,-90.04158336,55141.0,741.1060425485283,0.5545286506469501,538,538,3,0,535,531,73055,3,0,0,3,7
2020-09-10,US,Wyoming,Albany,212,0,0,41.65498705,-105.72354150000001,56001.0,545.2674897119341,0.0,212,208,0,0,208,200,38601,4,0,0,4,8
2020-09-10,US,Wyoming,Big Horn,51,1,0,44.52405055,-107.9960365,56003.0,432.5699745547074,1.96078431372549,50,51,1,0,50,51,11881,0,0,0,0,0
2020-09-10,US,Wyoming,Campbell,214,1,0,44.24886082,-105.54744040000001,56005.0,461.7940916251268,0.4672897196261682,213,213,1,0,212,210,46140,1,0,0,1,3
2020-09-10,US,Wyoming,Carbon,193,2,0,41.69357844,-106.9326084,56007.0,1304.054054054054,1.0362694300518134,191,193,2,0,191,192,14971,0,0,0,0,1
2020-09-10,US,Wyoming,Converse,59,0,0,42.97272268,-105.5081848,56009.0,426.8557372305021,0.0,59,54,0,0,54,50,13640,5,0,0,5,4
2020-09-10,US,Wyoming,Crook,17,0,0,44.58855102,-104.56977049999999,56011.0,224.1561181434599,0.0,17,15,0,0,15,15,7450,2,0,0,2,0
2020-09-10,US,Wyoming,Fremont,616,14,0,43.04183996,-108.6296893,56013.0,1568.9870354805025,2.272727272727273,602,614,14,0,600,612,39531,2,0,0,2,2
2020-09-10,US,Wyoming,Goshen,69,1,0,42.08798185,-104.3534743,56015.0,522.2920293694648,1.4492753623188406,68,68,1,0,67,67,13376,1,0,0,1,1
2020-09-10,US,Wyoming,Hot Springs,31,0,0,43.71930657,-108.44231740000001,56017.0,702.4699750736461,0.0,31,31,0,0,31,31,4555,0,0,0,0,0
2020-09-10,US,Wyoming,Johnson,29,1,0,44.04057166,-106.58451740000001,56019.0,343.3984606275903,3.4482758620689653,28,29,1,0,28,28,8460,0,0,0,0,1
2020-09-10,US,Wyoming,Laramie,604,4,0,41.30702520000001,-104.6887497,56021.0,607.035175879397,0.6622516556291391,600,597,4,0,593,592,98976,7,0,0,7,5
2020-09-10,US,Wyoming,Lincoln,121,1,0,42.26376367,-110.6563997,56023.0,610.1865859808371,0.8264462809917356,120,120,1,0,119,118,19434,1,0,0,1,2
2020-09-10,US,Wyoming,Natrona,335,2,0,42.96180148,-106.79788500000001,56025.0,419.4946029201834,0.5970149253731343,333,330,2,0,328,322,79115,5,0,0,5,8
2020-09-10,US,Wyoming,Niobrara,3,0,0,43.05607708,-104.47588959999999,56027.0,127.33446519524618,0.0,3,3,0,0,3,3,2388,0,0,0,0,0
2020-09-10,US,Wyoming,Park,182,1,0,44.52157546,-109.58528249999999,56029.0,623.4157703637734,0.5494505494505495,181,179,1,0,178,173,29324,3,0,0,3,6
2020-09-10,US,Wyoming,Platte,7,1,0,42.13299116,-104.96633100000001,56031.0,83.40283569641367,14.285714285714285,6,7,1,0,6,7,8566,0,0,0,0,0
2020-09-10,US,Wyoming,Sheridan,191,1,0,44.79048913,-106.8862389,56033.0,626.5376414630146,0.5235602094240838,190,182,1,0,181,180,30233,9,0,0,9,2
2020-09-10,US,Wyoming,Sublette,51,1,0,42.76558279,-109.91309220000001,56035.0,518.7671650900213,1.96078431372549,50,51,1,0,50,50,9813,0,0,0,0,1
2020-09-10,US,Wyoming,Sweetwater,319,2,0,41.65943896,-108.8827882,56037.0,753.3712774248401,0.6269592476489029,317,316,2,0,314,314,43051,3,0,0,3,2
2020-09-10,US,Wyoming,Teton,453,1,0,43.93522482,-110.5890801,56039.0,1930.6171155813158,0.22075055187637968,452,451,1,0,450,450,23081,2,0,0,2,1
2020-09-10,US,Wyoming,Uinta,310,2,0,41.2878183,-110.54757820000002,56041.0,1532.6807079996045,0.6451612903225806,308,308,2,0,306,309,20299,2,0,0,2,-1
2020-09-10,US,Wyoming,Washakie,111,6,0,43.90451606,-107.68018700000002,56043.0,1422.1652786675209,5.405405405405406,105,111,6,0,105,111,7885,0,0,0,0,0
2020-09-10,US,Wyoming,Weston,21,0,0,43.83961191,-104.56748809999999,56045.0,303.161541792984,0.0,21,21,0,0,21,20,6967,0,0,0,0,1
