Date,Country/Region,Province/State,Admin2,Confirmed,Deaths,Recovered,Latitude,Longitude,FIPS,Incidence_Rate,Case-Fatality_Ratio,Active Cases,Previous Confirmed,Previous Deaths,Previous Recovered,Previous Active,Prev2 Confirmed,Population,Daily Confirmed,Daily Deaths,Daily Recovered,Daily Active,Previous Daily Confirmed
2020-08-12,US,Alabama,Autauga,1188,22,0,32.53952745,-86.64408227,1001.0,2126.4028352037803,1.851851851851852,1166,1162,22,0,1140,1174,55601,26,0,0,26,-12
2020-08-12,US,Alabama,Baldwin,3710,29,0,30.72774991,-87.72207058,1003.0,1661.9332180581812,0.7816711590296496,3681,3670,29,0,3641,3651,218022,40,0,0,40,19
2020-08-12,US,Alabama,Barbour,581,6,0,31.868263,-85.3871286,1005.0,2353.560722676821,1.032702237521515,575,579,6,0,573,576,24881,2,0,0,2,3
2020-08-12,US,Alabama,Bibb,453,5,0,32.99642064,-87.12511459999996,1007.0,2022.863266946504,1.1037527593818983,448,444,5,0,439,442,22400,9,0,0,9,2
2020-08-12,US,Alabama,Blount,825,5,0,33.98210918,-86.56790593,1009.0,1426.6938747276313,0.6060606060606061,820,816,5,0,811,812,57840,9,0,0,9,4
2020-08-12,US,Alabama,Bullock,492,11,0,32.10030533,-85.71265535,1011.0,4870.804870804871,2.2357723577235773,481,481,11,0,470,466,10138,11,0,0,11,15
2020-08-12,US,Alabama,Butler,773,36,0,31.75300095,-86.68057478,1013.0,3974.701768819416,4.657179818887451,737,770,36,0,734,767,19680,3,0,0,3,3
2020-08-12,US,Alabama,Calhoun,1828,19,0,33.77483727,-85.82630386,1015.0,1609.0841072135904,1.039387308533917,1809,1819,18,0,1801,1807,114277,9,1,0,8,12
2020-08-12,US,Alabama,Chambers,848,38,0,32.91360079,-85.39072749,1017.0,2550.069164611776,4.481132075471698,810,847,38,0,809,844,33615,1,0,0,1,3
2020-08-12,US,Alabama,Cherokee,279,8,0,34.17805983,-85.60638968,1019.0,1065.048098946404,2.867383512544803,271,276,8,0,268,275,26032,3,0,0,3,1
2020-08-12,US,Alabama,Chilton,827,9,0,32.85044126,-86.7173256,1021.0,1861.4387323309625,1.0882708585247884,818,818,9,0,809,809,44153,9,0,0,9,9
2020-08-12,US,Alabama,Choctaw,289,12,0,32.02227341,-88.26564429999998,1023.0,2295.654936849631,4.1522491349480966,277,289,12,0,277,287,12841,0,0,0,0,2
2020-08-12,US,Alabama,Clarke,821,10,0,31.68099859,-87.83548597,1025.0,3475.573617813903,1.2180267965895248,811,826,10,0,816,826,23920,-5,0,0,-5,0
2020-08-12,US,Alabama,Clay,277,5,0,33.26984193,-85.85836077,1027.0,2092.9353985644125,1.8050541516245489,272,267,5,0,262,263,13275,10,0,0,10,4
2020-08-12,US,Alabama,Cleburne,129,1,0,33.67679204,-85.52005899,1029.0,865.1911468812876,0.7751937984496124,128,129,1,0,128,127,14987,0,0,0,0,2
2020-08-12,US,Alabama,Coffee,779,6,0,31.39932826,-85.98901039,1031.0,1488.2885636773526,0.7702182284980744,773,765,6,0,759,764,51909,14,0,0,14,1
2020-08-12,US,Alabama,Colbert,1225,18,0,34.69847452,-87.80168544,1033.0,2217.5558009449505,1.4693877551020411,1207,1215,17,0,1198,1207,54762,10,1,0,9,8
2020-08-12,US,Alabama,Conecuh,394,10,0,31.43401703,-86.99320044,1035.0,3265.103173945471,2.538071065989848,384,393,10,0,383,393,12277,1,0,0,1,0
2020-08-12,US,Alabama,Coosa,105,3,0,32.93690146,-86.24847739,1037.0,984.7134952639972,2.8571428571428568,102,105,3,0,102,103,10715,0,0,0,0,2
2020-08-12,US,Alabama,Covington,746,21,0,31.247785399999998,-86.45050893,1039.0,2013.5496234716186,2.8150134048257374,725,740,21,0,719,737,36986,6,0,0,6,3
2020-08-12,US,Alabama,Crenshaw,331,8,0,31.72941803,-86.31593104,1041.0,2403.4272436828346,2.416918429003021,323,332,6,0,326,326,13824,-1,2,0,-3,6
2020-08-12,US,Alabama,Cullman,1238,12,0,34.13020303,-86.86888037,1043.0,1477.8913188807185,0.9693053311793216,1226,1230,12,0,1218,1227,83442,8,0,0,8,3
2020-08-12,US,Alabama,Dale,850,29,0,31.43037123,-85.61095742,1045.0,1728.626047344017,3.4117647058823533,821,843,29,0,814,835,48956,7,0,0,7,8
2020-08-12,US,Alabama,Dallas,1347,25,0,32.32688101,-87.10866709999998,1047.0,3621.357135175825,1.8559762435040832,1322,1336,24,0,1312,1331,38310,11,1,0,10,5
2020-08-12,US,Alabama,DeKalb,1852,14,0,34.45946862,-85.80782906,1049.0,2589.738928586411,0.7559395248380129,1838,1834,14,0,1820,1830,71385,18,0,0,18,4
2020-08-12,US,Alabama,Elmore,1767,39,0,32.59785413,-86.14415284,1051.0,2175.8672068366805,2.2071307300509337,1728,1760,39,0,1721,1731,81887,7,0,0,7,29
2020-08-12,US,Alabama,Escambia,1094,17,0,31.1256789,-87.15918694,1053.0,2986.378401987279,1.553930530164534,1077,1088,17,0,1071,1087,36748,6,0,0,6,1
2020-08-12,US,Alabama,Etowah,2190,34,0,34.04567266,-86.04051873,1055.0,2141.4323150936752,1.5525114155251138,2156,2180,34,0,2146,2162,102501,10,0,0,10,18
2020-08-12,US,Alabama,Fayette,223,5,0,33.72076938,-87.73886638,1057.0,1367.9303152987366,2.242152466367713,218,223,5,0,218,212,16433,0,0,0,0,11
2020-08-12,US,Alabama,Franklin,1308,22,0,34.44235334,-87.84289505,1059.0,4170.6523818634005,1.6819571865443426,1286,1297,22,0,1275,1288,31363,11,0,0,11,9
2020-08-12,US,Alabama,Geneva,265,2,0,31.09389027,-85.83572839,1061.0,1008.7168360549657,0.7547169811320755,263,265,2,0,263,263,26314,0,0,0,0,2
2020-08-12,US,Alabama,Greene,253,11,0,32.85504247,-87.95684022,1063.0,3119.22081124399,4.3478260869565215,242,252,11,0,241,252,8233,1,0,0,1,0
2020-08-12,US,Alabama,Hale,488,26,0,32.76039258,-87.63284988,1065.0,3330.8306600232067,5.327868852459017,462,485,26,0,459,478,14726,3,0,0,3,7
2020-08-12,US,Alabama,Henry,264,3,0,31.51148016,-85.24267944,1067.0,1534.4376634699215,1.1363636363636365,261,264,3,0,261,264,17209,0,0,0,0,0
2020-08-12,US,Alabama,Houston,1450,13,0,31.15197924,-85.29939599,1069.0,1369.4490092744757,0.8965517241379308,1437,1428,13,0,1415,1419,104722,22,0,0,22,9
2020-08-12,US,Alabama,Jackson,1072,4,0,34.78144169,-85.99750489,1071.0,2076.473094952156,0.373134328358209,1068,1026,4,0,1022,1014,51736,46,0,0,46,12
2020-08-12,US,Alabama,Jefferson,13463,261,0,33.55554728,-86.89506300000002,1073.0,2044.2684410080585,1.9386466612196391,13202,13366,246,0,13120,13258,659300,97,15,0,82,108
2020-08-12,US,Alabama,Lamar,230,2,0,33.77995024,-88.09668032,1075.0,1666.063020644694,0.8695652173913043,228,230,2,0,228,229,13844,0,0,0,0,1
2020-08-12,US,Alabama,Lauderdale,1203,20,0,34.90171875,-87.65624729,1077.0,1297.3287752483045,1.662510390689942,1183,1190,20,0,1170,1189,92387,13,0,0,13,1
2020-08-12,US,Alabama,Lawrence,356,3,0,34.52041498,-87.31069453,1079.0,1081.278095006682,0.8426966292134831,353,354,2,0,352,351,32957,2,1,0,1,3
2020-08-12,US,Alabama,Lee,2724,47,0,32.60154883,-85.35132246,1081.0,1655.5043697049994,1.7254038179148312,2677,2708,47,0,2661,2700,163941,16,0,0,16,8
2020-08-12,US,Alabama,Limestone,1378,13,0,34.81185586,-86.98310072,1083.0,1393.1153010160235,0.9433962264150944,1365,1359,13,0,1346,1349,96174,19,0,0,19,10
2020-08-12,US,Alabama,Lowndes,575,24,0,32.1597283,-86.65158371,1085.0,5911.988484474605,4.173913043478262,551,571,24,0,547,573,9974,4,0,0,4,-2
2020-08-12,US,Alabama,Macon,341,14,0,32.38759944,-85.69267724,1087.0,1887.3145893292008,4.10557184750733,327,339,14,0,325,339,18439,2,0,0,2,0
2020-08-12,US,Alabama,Madison,5510,35,0,34.76327133,-86.55069633,1089.0,1477.57227634624,0.6352087114337568,5475,5469,34,0,5435,5447,366519,41,1,0,40,22
2020-08-12,US,Alabama,Marengo,568,17,0,32.24767634,-87.78796182,1091.0,3011.185919524996,2.992957746478873,551,566,16,0,550,565,19066,2,1,0,1,1
2020-08-12,US,Alabama,Marion,587,26,0,34.13697363,-87.88704173,1093.0,1975.832239388737,4.429301533219762,561,582,26,0,556,580,29763,5,0,0,5,2
2020-08-12,US,Alabama,Marshall,3199,38,0,34.36975964,-86.30486727,1095.0,3305.639944613223,1.1878712097530475,3161,3194,38,0,3156,3189,96109,5,0,0,5,5
2020-08-12,US,Alabama,Mobile,10671,216,0,30.78472347,-88.20842409,1097.0,2582.464122359091,2.0241776778183858,10455,10581,212,0,10369,10517,413757,90,4,0,86,64
2020-08-12,US,Alabama,Monroe,424,6,0,31.56729412,-87.36995001,1099.0,2045.0489557709927,1.4150943396226414,418,423,6,0,417,421,21067,1,0,0,1,2
2020-08-12,US,Alabama,Montgomery,6955,153,0,32.2206831,-86.20969272,1101.0,3070.8299850763397,2.1998562185478074,6802,6825,151,0,6674,6835,225763,130,2,0,128,-10
2020-08-12,US,Alabama,Morgan,2425,20,0,34.45500589,-86.85475946,1103.0,2026.2535616106416,0.8247422680412371,2405,2418,19,0,2399,2411,119089,7,1,0,6,7
2020-08-12,US,Alabama,Perry,446,4,0,32.64048341,-87.29770589,1105.0,4998.31895102544,0.8968609865470852,442,445,4,0,441,445,9140,1,0,0,1,0
2020-08-12,US,Alabama,Pickens,411,10,0,33.28094866,-88.08818103,1107.0,2062.2177621675864,2.4330900243309004,401,408,9,0,399,404,19938,3,1,0,2,4
2020-08-12,US,Alabama,Pike,716,7,0,31.80396383,-85.9408295,1109.0,2162.2274566648557,0.9776536312849162,709,713,7,0,706,708,33338,3,0,0,3,5
2020-08-12,US,Alabama,Randolph,403,11,0,33.29526734,-85.45708831,1111.0,1773.6114778628641,2.729528535980149,392,402,11,0,391,403,22725,1,0,0,1,-1
2020-08-12,US,Alabama,Russell,1391,2,0,32.28725256,-85.18415324,1113.0,2399.889580925105,0.14378145219266714,1389,1389,2,0,1387,1387,57781,2,0,0,2,2
2020-08-12,US,Alabama,Shelby,3361,37,0,33.26879845,-86.66232561,1117.0,1543.8535245427233,1.1008628384409402,3324,3334,37,0,3297,3309,215707,27,0,0,27,25
2020-08-12,US,Alabama,St. Clair,1375,20,0,33.71902176,-86.31029372,1115.0,1536.1068906962196,1.4545454545454546,1355,1363,20,0,1343,1354,88690,12,0,0,12,9
2020-08-12,US,Alabama,Sumter,366,18,0,32.59117397,-88.19916205,1119.0,2945.199967812023,4.918032786885246,348,366,18,0,348,364,12691,0,0,0,0,2
2020-08-12,US,Alabama,Talladega,1069,14,0,33.37823223,-86.16886178,1121.0,1336.6175698317038,1.3096351730589335,1055,1054,14,0,1040,1048,79828,15,0,0,15,6
2020-08-12,US,Alabama,Tallapoosa,876,79,0,32.86698258,-85.79833053,1123.0,2170.08942948448,9.018264840182649,797,875,79,0,796,865,40497,1,0,0,1,10
2020-08-12,US,Alabama,Tuscaloosa,4327,80,0,33.28726072,-87.52556818,1125.0,2066.8242936638726,1.8488560203374165,4247,4269,79,0,4190,4230,208911,58,1,0,57,39
2020-08-12,US,Alabama,Unassigned,3985,68,0,0.0,0.0,90001.0,0.0,1.7063989962358843,3917,3925,66,0,3859,3630,,60,2,0,58,295
2020-08-12,US,Alabama,Walker,1548,65,0,33.80270512,-87.30027177,1127.0,2436.989342107335,4.198966408268734,1483,1544,65,0,1479,1539,63711,4,0,0,4,5
2020-08-12,US,Alabama,Washington,449,13,0,31.4092794,-88.20689944,1129.0,2750.214381967414,2.89532293986637,436,444,12,0,432,443,16378,5,1,0,4,1
2020-08-12,US,Alabama,Wilcox,436,10,0,31.98773215,-87.30891118,1131.0,4203.219897811628,2.2935779816513757,426,434,10,0,424,432,10627,2,0,0,2,2
2020-08-12,US,Alabama,Winston,457,11,0,34.15030532,-87.37325922,1133.0,1934.0640738076086,2.4070021881838075,446,457,11,0,446,457,23660,0,0,0,0,0
2020-08-12,US,Alaska,Aleutians East,2,0,0,55.32222414,-161.9722021,2013.0,59.93407252022774,0.0,2,2,0,0,2,2,3515,0,0,0,0,0
2020-08-12,US,Alaska,Aleutians West,4,0,0,52.3233,-174.1596,2016.0,70.99751508697194,0.0,4,4,0,0,4,4,5723,0,0,0,0,0
2020-08-12,US,Alaska,Anchorage,2260,14,0,61.14998174,-149.14269860000005,2020.0,784.7222222222223,0.6194690265486725,2246,2222,14,0,2208,2198,291538,38,0,0,38,24
2020-08-12,US,Alaska,Bethel,23,0,0,60.90980451,-159.8561831,2050.0,125.09518111606657,0.0,23,23,0,0,23,23,18216,0,0,0,0,0
2020-08-12,US,Alaska,Bristol Bay,10,0,0,58.74513976,-156.701064,2060.0,1196.1722488038274,0.0,10,10,0,0,10,10,877,0,0,0,0,0
2020-08-12,US,Alaska,Denali,1,0,0,63.67264044,-150.0076108,2068.0,47.687172150691474,0.0,1,1,0,0,1,1,2059,0,0,0,0,0
2020-08-12,US,Alaska,Dillingham,2,0,0,59.79603738,-158.23819419999995,2070.0,40.68348250610252,0.0,2,2,0,0,2,1,5000,0,0,0,0,1
2020-08-12,US,Alaska,Fairbanks North Star,447,6,0,64.80726247,-146.5692662,2090.0,461.54322708546295,1.342281879194631,441,441,5,0,436,440,98971,6,1,0,5,1
2020-08-12,US,Alaska,Haines,4,0,0,59.09893571,-135.4679843,2100.0,158.10276679841897,0.0,4,4,0,0,4,4,2474,0,0,0,0,0
2020-08-12,US,Alaska,Juneau,115,1,0,58.45031811,-134.200436,2110.0,359.6672296240696,0.8695652173913043,114,113,1,0,112,110,32113,2,0,0,2,3
2020-08-12,US,Alaska,Kenai Peninsula,340,2,0,60.24429722,-151.53888840000005,2122.0,579.1374259044762,0.5882352941176471,338,337,2,0,335,328,58533,3,0,0,3,9
2020-08-12,US,Alaska,Ketchikan Gateway,36,0,0,55.57445008,-130.975561,2130.0,258.97417451981875,0.0,36,36,0,0,36,36,13918,0,0,0,0,0
2020-08-12,US,Alaska,Kodiak Island,6,0,0,57.65529415,-153.7493579,2150.0,46.16094783812894,0.0,6,6,0,0,6,6,13345,0,0,0,0,0
2020-08-12,US,Alaska,Kusilvak,7,0,0,62.15429159999999,-163.39678830000003,2158.0,84.19533317296127,0.0,7,7,0,0,7,6,8303,0,0,0,0,1
2020-08-12,US,Alaska,Matanuska-Susitna,354,2,0,62.31305045,-149.5741743,2170.0,326.81850494382235,0.5649717514124294,352,353,2,0,351,349,107610,1,0,0,1,4
2020-08-12,US,Alaska,Nome,19,0,0,64.90320724,-164.0353804,2180.0,189.92403038784485,0.0,19,19,0,0,19,19,10008,0,0,0,0,0
2020-08-12,US,Alaska,North Slope,19,0,0,69.31479216,-153.4836093,2185.0,193.24654190398698,0.0,19,19,0,0,19,18,9872,0,0,0,0,1
2020-08-12,US,Alaska,Northwest Arctic,41,0,0,67.04919196,-159.7503946,2188.0,537.9871407951713,0.0,41,41,0,0,41,40,7671,0,0,0,0,1
2020-08-12,US,Alaska,Petersburg,6,1,0,57.13978948,-132.9540995,2195.0,183.71096142069808,16.666666666666668,5,6,1,0,5,6,3221,0,0,0,0,0
2020-08-12,US,Alaska,Prince of Wales-Hyder,9,0,0,55.76261984,-133.0511621,2198.0,145.09108495889092,0.0,9,7,0,0,7,8,6422,2,0,0,2,-1
2020-08-12,US,Alaska,Sitka,28,0,0,57.24124555,-135.3206587,2220.0,329.6832685741198,0.0,28,27,0,0,27,27,8647,1,0,0,1,0
2020-08-12,US,Alaska,Southeast Fairbanks,17,0,0,63.87692095,-143.2127643,2240.0,246.6270129116495,0.0,17,17,0,0,17,17,6918,0,0,0,0,0
2020-08-12,US,Alaska,Valdez-Cordova,59,0,0,61.47502768,-144.7126799,2261.0,641.1649641382309,0.0,59,53,0,0,53,53,9164,6,0,0,6,0
2020-08-12,US,Alaska,Wrangell,8,0,0,56.3202004,-132.05837309999998,2275.0,319.744204636291,0.0,8,8,0,0,8,8,2503,0,0,0,0,0
2020-08-12,US,Alaska,Yakutat,8,0,0,59.890980799999994,-140.36014509999998,2282.0,1381.692573402418,0.0,8,8,0,0,8,7,604,0,0,0,0,1
2020-08-12,US,Alaska,Yukon-Koyukuk,54,1,0,65.50815459,-151.39073869999999,2290.0,1032.5047801147227,1.851851851851852,53,53,1,0,52,53,5327,1,0,0,1,0
2020-08-12,US,Arizona,Apache,3212,139,0,35.39465006,-109.4892383,4001.0,4468.123582845299,4.327521793275218,3073,3197,139,0,3058,3194,71818,15,0,0,15,3
2020-08-12,US,Arizona,Cochise,1732,56,0,31.87934684,-109.7516088,4003.0,1375.4546465272153,3.233256351039261,1676,1730,54,0,1676,1611,126770,2,2,0,0,119
2020-08-12,US,Arizona,Coconino,3130,119,0,35.83883429,-111.77071780000001,4005.0,2181.549527447099,3.801916932907348,3011,3128,117,0,3011,3099,142854,2,2,0,0,29
2020-08-12,US,Arizona,Gila,976,41,0,33.80190085,-110.8132779,4007.0,1806.805139027732,4.200819672131146,935,950,40,0,910,916,53889,26,1,0,25,34
2020-08-12,US,Arizona,Graham,559,19,0,32.93166885,-109.8882178,4009.0,1439.3490743363288,3.3989266547406083,540,555,17,0,538,549,38072,4,2,0,2,6
2020-08-12,US,Arizona,Greenlee,57,1,0,33.21498827,-109.2405279,4011.0,600.1263423878711,1.7543859649122806,56,57,1,0,56,57,9483,0,0,0,0,0
2020-08-12,US,Arizona,La Paz,486,12,0,33.72854224,-113.98100290000001,4012.0,2302.444570778852,2.469135802469136,474,479,12,0,467,477,21098,7,0,0,7,2
2020-08-12,US,Arizona,Maricopa,127188,2493,0,33.34835867,-112.49181540000001,4013.0,2835.5910959389703,1.960090574582508,124695,126791,2382,0,124409,126371,4410824,397,111,0,286,420
2020-08-12,US,Arizona,Mohave,3250,178,0,35.70471703,-113.7577902,4015.0,1531.7111334191088,5.476923076923077,3072,3226,171,0,3055,3202,209550,24,7,0,17,24
2020-08-12,US,Arizona,Navajo,5408,204,0,35.3997715,-110.3218983,4017.0,4875.410190761242,3.772189349112426,5204,5391,202,0,5189,5375,110445,17,2,0,15,16
2020-08-12,US,Arizona,Pima,18508,505,0,32.0971334,-111.7890033,4019.0,1767.2463593751045,2.728549816295656,18003,18381,501,0,17880,17996,1039073,127,4,0,123,385
2020-08-12,US,Arizona,Pinal,8555,164,0,32.90525627,-111.3449483,4021.0,1848.5746203993613,1.9170075978959675,8391,8509,156,0,8353,8378,447138,46,8,0,38,131
2020-08-12,US,Arizona,Santa Cruz,2675,54,0,31.52508998,-110.8479088,4023.0,5752.935610133771,2.0186915887850465,2621,2669,53,0,2616,2671,46511,6,1,0,5,-2
2020-08-12,US,Arizona,Unassigned,1,1,0,0.0,0.0,90004.0,0.0,100.0,0,1,1,0,0,0,,0,0,0,0,1
2020-08-12,US,Arizona,Yavapai,2065,71,0,34.59933926,-112.5538588,4025.0,878.3533745358337,3.4382566585956416,1994,2040,68,0,1972,2018,231993,25,3,0,22,22
2020-08-12,US,Arizona,Yuma,11641,290,0,32.76895712,-113.90666740000002,4027.0,5445.139320912871,2.4911949145262438,11351,11633,285,0,11348,11609,212128,8,5,0,3,24
2020-08-12,US,Arkansas,Arkansas,233,1,0,34.29145151,-91.37277296,5001.0,1332.4945670822372,0.4291845493562232,232,227,1,0,226,221,17769,6,0,0,6,6
2020-08-12,US,Arkansas,Ashley,335,5,0,33.19153461,-91.76984709999999,5003.0,1704.2275016533551,1.492537313432836,330,330,5,0,325,330,20046,5,0,0,5,0
2020-08-12,US,Arkansas,Baxter,76,0,0,36.28784385,-92.33782872,5005.0,181.24582657636174,0.0,76,73,0,0,73,71,41619,3,0,0,3,2
2020-08-12,US,Arkansas,Benton,4825,43,0,36.33644656,-94.25680817,5007.0,1728.5171293360706,0.8911917098445595,4782,4805,43,0,4762,4794,272608,20,0,0,20,11
2020-08-12,US,Arkansas,Boone,217,2,0,36.3084504,-93.09374925,5009.0,579.7178884377004,0.9216589861751152,215,214,2,0,212,212,37480,3,0,0,3,2
2020-08-12,US,Arkansas,Bradley,207,4,0,33.46755808,-92.15980837,5011.0,1923.2555978816315,1.932367149758454,203,207,4,0,203,204,10897,0,0,0,0,3
2020-08-12,US,Arkansas,Calhoun,17,0,0,33.55598792,-92.49974403,5013.0,327.616111004047,0.0,17,17,0,0,17,17,5277,0,0,0,0,0
2020-08-12,US,Arkansas,Carroll,379,7,0,36.34038560000001,-93.54270261,5015.0,1335.447498238196,1.8469656992084436,372,379,7,0,372,359,28223,0,0,0,0,20
2020-08-12,US,Arkansas,Chicot,738,9,0,33.26458973,-91.29539209,5017.0,7293.931607036964,1.2195121951219512,729,736,9,0,727,739,10438,2,0,0,2,-3
2020-08-12,US,Arkansas,Clark,182,1,0,34.04613432,-93.17484713,5019.0,815.4121863799285,0.5494505494505495,181,177,1,0,176,177,22061,5,0,0,5,0
2020-08-12,US,Arkansas,Clay,140,4,0,36.36826212,-90.4148172,5021.0,962.133186722562,2.8571428571428568,136,138,4,0,134,136,14847,2,0,0,2,2
2020-08-12,US,Arkansas,Cleburne,206,5,0,35.53864922,-92.02640019,5023.0,826.6784381395723,2.4271844660194173,201,202,5,0,197,202,24965,4,0,0,4,0
2020-08-12,US,Arkansas,Cleveland,112,2,0,33.89723187,-92.18537045,5025.0,1407.7425842131727,1.7857142857142858,110,103,2,0,101,102,8018,9,0,0,9,1
2020-08-12,US,Arkansas,Columbia,223,12,0,33.21230701,-93.22642793,5027.0,950.6757044805388,5.381165919282512,211,220,12,0,208,217,23537,3,0,0,3,3
2020-08-12,US,Arkansas,Conway,156,3,0,35.26205537,-92.70506566,5029.0,748.3450062362082,1.9230769230769231,153,153,3,0,150,153,20891,3,0,0,3,0
2020-08-12,US,Arkansas,Craighead,1419,12,0,35.83018283,-90.63235729,5031.0,1286.1182612478701,0.8456659619450317,1407,1389,12,0,1377,1374,108558,30,0,0,30,15
2020-08-12,US,Arkansas,Crawford,668,5,0,35.58928601,-94.2446814,5033.0,1056.0096115844888,0.7485029940119761,663,648,4,0,644,635,63406,20,1,0,19,13
2020-08-12,US,Arkansas,Crittenden,1402,24,0,35.21247318,-90.30839406,5035.0,2923.574184130956,1.7118402282453635,1378,1381,23,0,1358,1369,48342,21,1,0,20,12
2020-08-12,US,Arkansas,Cross,212,4,0,35.29631396,-90.77185818,5037.0,1291.1870394055668,1.8867924528301887,208,208,4,0,204,204,16676,4,0,0,4,4
2020-08-12,US,Arkansas,Dallas,65,1,0,33.97042763,-92.65167437,5039.0,927.3790840348123,1.5384615384615383,64,64,1,0,63,64,7182,1,0,0,1,0
2020-08-12,US,Arkansas,Desha,203,2,0,33.83011025,-91.25500948,5041.0,1786.814540973506,0.9852216748768472,201,201,2,0,199,197,11512,2,0,0,2,4
2020-08-12,US,Arkansas,Drew,221,3,0,33.59035001,-91.71777921,5043.0,1213.0193753773533,1.3574660633484164,218,217,3,0,214,209,18328,4,0,0,4,8
2020-08-12,US,Arkansas,Faulkner,1340,6,0,35.14719007,-92.33717519,5045.0,1063.4329838818476,0.4477611940298508,1334,1330,6,0,1324,1319,124806,10,0,0,10,11
2020-08-12,US,Arkansas,Franklin,133,2,0,35.51202821,-93.89299569,5047.0,750.7761783799042,1.5037593984962403,131,128,2,0,126,127,17810,5,0,0,5,1
2020-08-12,US,Arkansas,Fulton,44,0,0,36.38177105,-91.81729127,5049.0,352.6488739280276,0.0,44,44,0,0,44,44,12269,0,0,0,0,0
2020-08-12,US,Arkansas,Garland,1115,17,0,34.57692074,-93.14921604,5051.0,1121.8883947437264,1.5246636771300448,1098,1071,17,0,1054,1058,99154,44,0,0,44,13
2020-08-12,US,Arkansas,Grant,142,0,0,34.29017991,-92.42320562,5053.0,777.4431973720232,0.0,142,140,0,0,140,137,18188,2,0,0,2,3
2020-08-12,US,Arkansas,Greene,505,2,0,36.11735460000001,-90.55832668,5055.0,1114.1753998896857,0.3960396039603961,503,492,2,0,490,485,45325,13,0,0,13,7
2020-08-12,US,Arkansas,Hempstead,253,2,0,33.73325583,-93.66935133,5057.0,1174.9953557495821,0.7905138339920948,251,249,2,0,247,247,21741,4,0,0,4,2
2020-08-12,US,Arkansas,Hot Spring,1564,12,0,34.31709259,-92.95396325,5059.0,4631.192443220515,0.7672634271099744,1552,1557,12,0,1545,1554,33701,7,0,0,7,3
2020-08-12,US,Arkansas,Howard,360,4,0,34.09007427,-93.9934871,5061.0,2726.859566732313,1.1111111111111112,356,355,4,0,351,342,13341,5,0,0,5,13
2020-08-12,US,Arkansas,Independence,550,1,0,35.74242707,-91.57001641,5063.0,1501.6523463317915,0.18181818181818185,549,550,1,0,549,537,37678,0,0,0,0,13
2020-08-12,US,Arkansas,Izard,58,1,0,36.09604046,-91.90847954,5065.0,425.5631374275442,1.7241379310344829,57,53,1,0,52,53,13593,5,0,0,5,0
2020-08-12,US,Arkansas,Jackson,117,1,0,35.59802983,-91.21494602,5067.0,699.8026197739099,0.8547008547008547,116,117,1,0,116,117,16811,0,0,0,0,0
2020-08-12,US,Arkansas,Jefferson,1617,40,0,34.26767081,-91.92619839,5069.0,2419.78929725847,2.473716759431045,1577,1584,40,0,1544,1574,68114,33,0,0,33,10
2020-08-12,US,Arkansas,Johnson,676,2,0,35.56759135,-93.46036368,5071.0,2543.456994506735,0.2958579881656805,674,672,2,0,670,670,26742,4,0,0,4,2
2020-08-12,US,Arkansas,Lafayette,58,2,0,33.24116713,-93.60677071,5073.0,875.6038647342995,3.4482758620689653,56,56,2,0,54,54,6682,2,0,0,2,2
2020-08-12,US,Arkansas,Lawrence,221,9,0,36.04188196,-91.10867198,5075.0,1347.0681458003169,4.072398190045249,212,217,9,0,208,214,16434,4,0,0,4,3
2020-08-12,US,Arkansas,Lee,898,8,0,34.78498904,-90.78383866,5077.0,10138.87320763238,0.8908685968819601,890,896,8,0,888,896,8985,2,0,0,2,0
2020-08-12,US,Arkansas,Lincoln,1224,12,0,33.95317155,-91.74002806,5079.0,9398.034398034399,0.9803921568627452,1212,1224,12,0,1212,1223,13383,0,0,0,0,1
2020-08-12,US,Arkansas,Little River,189,1,0,33.70375665,-94.23468591,5081.0,1541.7244473448081,0.5291005291005291,188,185,1,0,184,181,12326,4,0,0,4,4
2020-08-12,US,Arkansas,Logan,323,1,0,35.21413234,-93.71951016,5083.0,1504.705115065685,0.30959752321981426,322,277,1,0,276,273,21737,46,0,0,46,4
2020-08-12,US,Arkansas,Lonoke,539,2,0,34.75392199,-91.88742357,5085.0,735.2439673164278,0.3710575139146568,537,531,2,0,529,524,73657,8,0,0,8,7
2020-08-12,US,Arkansas,Madison,271,2,0,36.01038185,-93.72524943,5087.0,1634.8938223938226,0.7380073800738007,269,270,2,0,268,270,16481,1,0,0,1,0
2020-08-12,US,Arkansas,Marion,30,0,0,36.26844485,-92.68451899,5089.0,179.70528333533005,0.0,30,29,0,0,29,29,16722,1,0,0,1,0
2020-08-12,US,Arkansas,Miller,519,5,0,33.31403423,-93.89285258,5091.0,1199.8058117761286,0.9633911368015414,514,518,5,0,513,518,43592,1,0,0,1,0
2020-08-12,US,Arkansas,Mississippi,1068,14,0,35.76271485,-90.05194370000002,5093.0,2627.241642272023,1.310861423220974,1054,1044,14,0,1030,1033,41239,24,0,0,24,11
2020-08-12,US,Arkansas,Monroe,64,0,0,34.6815935,-91.20540287,5095.0,955.0813311446052,0.0,64,64,0,0,64,62,6900,0,0,0,0,2
2020-08-12,US,Arkansas,Montgomery,38,1,0,34.53704874,-93.65824478,5097.0,422.8800356109504,2.631578947368421,37,38,1,0,37,38,8924,0,0,0,0,0
2020-08-12,US,Arkansas,Nevada,146,9,0,33.66340119,-93.30632432,5099.0,1769.268056228793,6.164383561643835,137,143,9,0,134,143,8326,3,0,0,3,0
2020-08-12,US,Arkansas,Newton,106,10,0,35.91947491,-93.21612969,5101.0,1367.212691861215,9.433962264150944,96,106,10,0,96,106,7805,0,0,0,0,0
2020-08-12,US,Arkansas,Ouachita,107,2,0,33.58839816,-92.87795984,5103.0,457.61697031904885,1.8691588785046729,105,105,2,0,103,102,23606,2,0,0,2,3
2020-08-12,US,Arkansas,Perry,55,0,0,34.945915299999996,-92.94372564,5105.0,526.0640841702535,0.0,55,55,0,0,55,54,10352,0,0,0,0,1
2020-08-12,US,Arkansas,Phillips,332,9,0,34.43268455,-90.84800154,5107.0,1867.0565740636603,2.710843373493976,323,329,9,0,320,325,18029,3,0,0,3,4
2020-08-12,US,Arkansas,Pike,118,1,0,34.16250414,-93.65789349,5109.0,1100.951670087703,0.8474576271186439,117,111,1,0,110,108,10673,7,0,0,7,3
2020-08-12,US,Arkansas,Poinsett,308,3,0,35.57433534,-90.66268713,5111.0,1309.0785447126827,0.9740259740259741,305,292,3,0,289,286,23974,16,0,0,16,6
2020-08-12,US,Arkansas,Polk,154,1,0,34.48254879,-94.22728802,5113.0,771.3884992987378,0.6493506493506493,153,150,1,0,149,148,20049,4,0,0,4,2
2020-08-12,US,Arkansas,Pope,1363,10,0,35.44871474,-93.03212219,5115.0,2127.2942939193413,0.7336757153338225,1353,1333,10,0,1323,1319,64000,30,0,0,30,14
2020-08-12,US,Arkansas,Prairie,102,0,0,34.83624419,-91.55162157,5117.0,1265.194740759117,0.0,102,100,0,0,100,96,8074,2,0,0,2,4
2020-08-12,US,Arkansas,Pulaski,5787,87,0,34.77054088,-92.31355101,5119.0,1476.6107611166822,1.503369621565578,5700,5706,86,0,5620,5639,392680,81,1,0,80,67
2020-08-12,US,Arkansas,Randolph,239,4,0,36.3415714,-91.02455531,5121.0,1330.883171845417,1.6736401673640169,235,222,4,0,218,219,17948,17,0,0,17,3
2020-08-12,US,Arkansas,Saline,1133,7,0,34.64916145,-92.67583224,5125.0,925.3738657431984,0.617828773168579,1126,1113,7,0,1106,1095,121421,20,0,0,20,18
2020-08-12,US,Arkansas,Scott,68,0,0,34.85588887,-94.0632176,5127.0,661.4142593132964,0.0,68,66,0,0,66,61,10319,2,0,0,2,5
2020-08-12,US,Arkansas,Searcy,32,0,0,35.9109364,-92.69936482,5129.0,406.0398426595609,0.0,32,33,0,0,33,32,7958,-1,0,0,-1,1
2020-08-12,US,Arkansas,Sebastian,2297,21,0,35.19605503,-94.27162713,5131.0,1796.9599536874055,0.9142359599477579,2276,2250,20,0,2230,2229,127753,47,1,0,46,21
2020-08-12,US,Arkansas,Sevier,1009,10,0,33.99780401,-94.2424869,5133.0,5932.851178926325,0.9910802775024776,999,996,10,0,986,992,17139,13,0,0,13,4
2020-08-12,US,Arkansas,Sharp,117,5,0,36.16258158,-91.47819342,5135.0,670.7946336429309,4.2735042735042725,112,114,5,0,109,112,17366,3,0,0,3,2
2020-08-12,US,Arkansas,St. Francis,1228,3,0,35.02201976,-90.74828138,5123.0,4913.179162999119,0.24429967426710095,1225,1226,3,0,1223,1223,25439,2,0,0,2,3
2020-08-12,US,Arkansas,Stone,74,1,0,35.86251946,-92.15684085,5137.0,591.7159763313608,1.351351351351351,73,69,1,0,68,69,12457,5,0,0,5,0
2020-08-12,US,Arkansas,Unassigned,1801,0,0,0.0,0.0,90005.0,0.0,0.0,1801,1811,0,0,1811,1823,,-10,0,0,-10,-12
2020-08-12,US,Arkansas,Union,523,19,0,33.16887091,-92.59746952,5139.0,1352.050049118453,3.6328871892925427,504,508,18,0,490,504,39126,15,1,0,14,4
2020-08-12,US,Arkansas,Van Buren,53,2,0,35.58095779,-92.51295036,5141.0,320.3384708371109,3.7735849056603774,51,53,2,0,51,53,16603,0,0,0,0,0
2020-08-12,US,Arkansas,Washington,6352,53,0,35.976844,-94.21800746,5143.0,2655.662724144707,0.8343828715365239,6299,6321,52,0,6269,6310,236961,31,1,0,30,11
2020-08-12,US,Arkansas,White,341,2,0,35.25688493,-91.74908296,5145.0,432.9993778014807,0.5865102639296188,339,328,2,0,326,326,78727,13,0,0,13,2
2020-08-12,US,Arkansas,Woodruff,22,0,0,35.18902527,-91.2439489,5147.0,348.1012658227848,0.0,22,22,0,0,22,22,6490,0,0,0,0,0
2020-08-12,US,Arkansas,Yell,1077,17,0,35.00292371,-93.41171338,5149.0,5046.623869546882,1.5784586815227484,1060,1069,17,0,1052,1067,21535,8,0,0,8,2
2020-08-12,US,California,Alameda,14112,209,0,37.64629437,-121.8929271,6001.0,844.3579929505203,1.481009070294785,13903,13631,205,0,13426,13631,1666753,481,4,0,477,0
2020-08-12,US,California,Alpine,2,0,0,38.59678594,-119.82235940000001,6003.0,177.14791851195747,0.0,2,2,0,0,2,2,1101,0,0,0,0,0
2020-08-12,US,California,Amador,195,10,0,38.44583082,-120.65696000000001,6005.0,490.5413564097404,5.128205128205129,185,185,3,0,182,182,39383,10,7,0,3,3
2020-08-12,US,California,Butte,1280,8,0,39.66727762,-121.6005252,6007.0,583.9789037621016,0.625,1272,1238,8,0,1230,1238,231256,42,0,0,42,0
2020-08-12,US,California,Calaveras,161,1,0,38.20537103,-120.55291299999999,6009.0,350.72432196928435,0.6211180124223602,160,147,1,0,146,147,45602,14,0,0,14,0
2020-08-12,US,California,Colusa,397,5,0,39.17881957,-122.2331726,6011.0,1842.4838724648444,1.2594458438287153,392,396,5,0,391,391,21627,1,0,0,1,5
2020-08-12,US,California,Contra Costa,10103,149,0,37.91923498,-121.9289527,6013.0,875.8363487255597,1.4748094625358803,9954,9787,146,0,9641,9404,1150215,316,3,0,313,383
2020-08-12,US,California,Del Norte,104,0,0,41.74228275,-123.89740630000001,6015.0,373.9393067740544,0.0,104,100,0,0,100,100,27828,4,0,0,4,0
2020-08-12,US,California,El Dorado,785,2,0,38.77965956,-120.5233166,6017.0,407.06688860886834,0.2547770700636943,783,755,2,0,753,755,190678,30,0,0,30,0
2020-08-12,US,California,Fresno,17978,191,0,36.75733899,-119.6466953,6019.0,1799.4176764911654,1.0624096117476916,17787,17846,171,0,17675,17846,994400,132,20,0,112,0
2020-08-12,US,California,Glenn,436,3,0,39.59875897,-122.3938452,6021.0,1535.5897580389533,0.6880733944954128,433,436,3,0,433,360,28047,0,0,0,0,76
2020-08-12,US,California,Humboldt,293,4,0,40.69923009,-123.876044,6023.0,216.14364331135013,1.3651877133105803,289,286,4,0,282,286,136373,7,0,0,7,0
2020-08-12,US,California,Imperial,9919,252,0,33.0393082,-115.36690420000001,6025.0,5473.608696851806,2.5405786873676783,9667,9867,244,0,9623,9693,181827,52,8,0,44,174
2020-08-12,US,California,Inyo,113,5,0,36.51112084,-117.41119779999998,6027.0,626.420533288985,4.424778761061948,108,106,3,0,103,106,17987,7,2,0,5,0
2020-08-12,US,California,Kern,25179,183,0,35.34329425,-118.72777959999999,6029.0,2797.038886827623,0.7267961396401763,24996,24995,183,0,24812,24440,896764,184,0,0,184,555
2020-08-12,US,California,Kings,5067,62,0,36.07409056,-119.8159973,6031.0,3313.0639466457433,1.2236037102822184,5005,4453,56,0,4397,4453,151366,614,6,0,608,0
2020-08-12,US,California,Lake,253,2,0,39.10124298,-122.75362439999999,6033.0,392.9425651539154,0.7905138339920948,251,240,2,0,238,240,64382,13,0,0,13,0
2020-08-12,US,California,Lassen,683,0,0,40.67311306,-120.59350990000002,6035.0,2233.9973178948744,0.0,683,683,0,0,683,683,30802,0,0,0,0,0
2020-08-12,US,California,Los Angeles,214283,5112,0,34.30828379,-118.22824109999999,6037.0,2134.4826785888426,2.3856302179827606,209171,210874,4999,0,205875,210543,10105518,3409,113,0,3296,331
2020-08-12,US,California,Madera,2590,40,0,37.21513971,-119.76655890000002,6039.0,1646.2527093251636,1.5444015444015444,2550,2463,39,0,2424,2463,157672,127,1,0,126,0
2020-08-12,US,California,Marin,5471,81,0,38.07122463,-122.72106310000001,6041.0,2113.7752775996228,1.4805337232681408,5390,5404,81,0,5323,5404,259666,67,0,0,67,0
2020-08-12,US,California,Mariposa,63,2,0,37.57978556,-119.9073334,6043.0,366.2151950241237,3.1746031746031744,61,62,2,0,60,62,17471,1,0,0,1,0
2020-08-12,US,California,Mendocino,478,10,0,39.4381191,-123.39113130000001,6045.0,551.014997291035,2.092050209205021,468,472,10,0,462,472,87606,6,0,0,6,0
2020-08-12,US,California,Merced,6102,74,0,37.18922369,-120.72090349999999,6047.0,2197.493517718237,1.2127171419206817,6028,5736,70,0,5666,5736,274765,366,4,0,362,0
2020-08-12,US,California,Modoc,5,0,0,41.58965602,-120.7244817,6049.0,56.55468838366701,0.0,5,5,0,0,5,5,8777,0,0,0,0,0
2020-08-12,US,California,Mono,160,1,0,37.93899289,-118.8872409,6051.0,1107.7263915812794,0.625,159,158,1,0,157,158,14250,2,0,0,2,0
2020-08-12,US,California,Monterey,5628,39,0,36.21862405,-121.24133970000001,6053.0,1296.5919536654985,0.6929637526652452,5589,5494,37,0,5457,5446,435594,134,2,0,132,48
2020-08-12,US,California,Napa,1142,11,0,38.50735751,-122.33283899999999,6055.0,829.0742246486235,0.9632224168126094,1131,1129,11,0,1118,1074,139417,13,0,0,13,55
2020-08-12,US,California,Nevada,357,1,0,39.30394768,-120.76272809999999,6057.0,357.87679815548086,0.2801120448179272,356,357,1,0,356,357,99696,0,0,0,0,0
2020-08-12,US,California,Orange,41823,745,0,33.70147516,-117.76459979999998,6059.0,1316.9728046674552,1.781316500490161,41078,40527,724,0,39803,40527,3185968,1296,21,0,1275,0
2020-08-12,US,California,Placer,2377,24,0,39.06167234,-120.72405690000001,6061.0,596.7428934373345,1.0096760622633572,2353,2377,24,0,2353,2319,393149,0,0,0,0,58
2020-08-12,US,California,Plumas,37,0,0,40.00355989,-120.8395236,6063.0,196.7352581485617,0.0,37,36,0,0,36,36,18804,1,0,0,1,0
2020-08-12,US,California,Riverside,43376,824,0,33.74314981,-115.9933578,6065.0,1755.7252526364618,1.8996680191811142,42552,41983,820,0,41163,41983,2450758,1393,4,0,1389,0
2020-08-12,US,California,Sacramento,12274,179,0,38.45106826,-121.34253740000001,6067.0,790.8209615877757,1.4583672804301775,12095,12274,179,0,12095,12040,1540975,0,0,0,0,234
2020-08-12,US,California,San Benito,767,4,0,36.60308176,-121.069975,6069.0,1221.1820150299325,0.5215123859191656,763,765,4,0,761,765,61537,2,0,0,2,0
2020-08-12,US,California,San Bernardino,38290,555,0,34.84060306,-116.1774685,6071.0,1756.3535366740286,1.4494646121702794,37735,36072,546,0,35526,36072,2171603,2218,9,0,2209,0
2020-08-12,US,California,San Diego,33157,602,0,33.03484597,-116.73653259999999,6073.0,993.221161478943,1.815604548059233,32555,32975,594,0,32381,32975,3343364,182,8,0,174,0
2020-08-12,US,California,San Francisco,7834,67,0,37.75215114,-122.43856720000001,6075.0,888.6630238364515,0.8552463620117436,7767,7692,67,0,7625,7623,883305,142,0,0,142,69
2020-08-12,US,California,San Joaquin,13870,235,0,37.93433732,-121.2730061,6077.0,1819.856510808924,1.6943042537851478,13635,13870,235,0,13635,12864,752660,0,0,0,0,1006
2020-08-12,US,California,San Luis Obispo,2300,17,0,35.38822029,-120.4039028,6079.0,812.4022026696242,0.7391304347826086,2283,2278,17,0,2261,2254,284010,22,0,0,22,24
2020-08-12,US,California,San Mateo,6535,122,0,37.422880799999994,-122.32755459999998,6081.0,852.4954570536661,1.8668706962509565,6413,6431,122,0,6309,6318,769545,104,0,0,104,113
2020-08-12,US,California,Santa Barbara,7074,73,0,34.65329488,-120.0188492,6083.0,1584.3260567212915,1.031947978512864,7001,6996,72,0,6924,6704,446527,78,1,0,77,292
2020-08-12,US,California,Santa Clara,12962,207,0,37.23104908,-121.6970462,6085.0,672.3545168405044,1.5969757753433111,12755,12962,207,0,12755,12694,1937570,0,0,0,0,268
2020-08-12,US,California,Santa Cruz,1316,6,0,37.05580291,-122.0066524,6087.0,481.67546932247,0.4559270516717325,1310,1287,6,0,1281,1243,274255,29,0,0,29,44
2020-08-12,US,California,Shasta,469,10,0,40.76391419,-122.0396884,6089.0,260.4398045313194,2.1321961620469083,459,469,10,0,459,459,180040,0,0,0,0,10
2020-08-12,US,California,Sierra,5,0,0,39.57713498,-120.52007009999998,6091.0,166.38935108153078,0.0,5,4,0,0,4,4,2987,1,0,0,1,0
2020-08-12,US,California,Siskiyou,106,0,0,41.59198861,-122.54074340000001,6093.0,243.45988653850566,0.0,106,102,0,0,102,102,43724,4,0,0,4,0
2020-08-12,US,California,Solano,4338,41,0,38.26827353,-121.9357113,6095.0,969.0758037096524,0.9451360073766712,4297,4274,41,0,4233,4274,446610,64,0,0,64,0
2020-08-12,US,California,Sonoma,3825,51,0,38.52746429,-122.88625060000001,6097.0,773.7652123252202,1.3333333333333333,3774,3753,50,0,3703,3670,499942,72,1,0,71,83
2020-08-12,US,California,Stanislaus,10855,177,0,37.55862499,-120.9970722,6099.0,1971.270838630008,1.630584983878397,10678,10264,169,0,10095,10264,549815,591,8,0,583,0
2020-08-12,US,California,Sutter,1019,7,0,39.03417539,-121.6945899,6101.0,1050.8296294768538,0.6869479882237488,1012,996,7,0,989,952,96807,23,0,0,23,44
2020-08-12,US,California,Tehama,304,1,0,40.12570935,-122.23701709999999,6103.0,467.0886853911869,0.32894736842105265,303,303,1,0,302,276,63916,1,0,0,1,27
2020-08-12,US,California,Trinity,6,0,0,40.64917670000001,-123.114713,6105.0,48.840048840048844,0.0,6,5,0,0,5,5,12535,1,0,0,1,0
2020-08-12,US,California,Tulare,11643,205,0,36.22026558,-118.8020203,6107.0,2497.452782633877,1.7607145924589882,11438,11549,198,0,11351,10862,465861,94,7,0,87,687
2020-08-12,US,California,Tuolumne,159,2,0,38.02644018,-119.95250929999999,6109.0,291.86093468923235,1.2578616352201255,157,155,2,0,153,155,54539,4,0,0,4,0
2020-08-12,US,California,Ventura,8740,93,0,34.44465746,-119.09106129999999,6111.0,1033.0895998373537,1.0640732265446224,8647,8740,93,0,8647,8634,850967,0,0,0,0,106
2020-08-12,US,California,Yolo,1898,45,0,38.68278902,-121.90182879999999,6113.0,860.7709750566893,2.3709167544783982,1853,1834,44,0,1790,1834,220408,64,1,0,63,0
2020-08-12,US,California,Yuba,678,4,0,39.26255932,-121.35356440000001,6115.0,861.8497991559465,0.5899705014749262,674,666,4,0,662,646,78041,12,0,0,12,20
2020-08-12,US,Colorado,Adams,6621,176,0,39.87432092,-104.3362578,8001.0,1279.6156321448104,2.658208729799124,6445,6581,177,0,6404,6529,511868,40,-1,0,41,52
2020-08-12,US,Colorado,Alamosa,232,9,0,37.57250606,-105.7885451,8003.0,1429.1874576480009,3.8793103448275854,223,231,9,0,222,230,16683,1,0,0,1,1
2020-08-12,US,Colorado,Arapahoe,7405,363,0,39.64977461,-104.3353617,8005.0,1127.79664630896,4.902093180283591,7042,7377,362,0,7015,7340,651215,28,1,0,27,37
2020-08-12,US,Colorado,Archuleta,38,0,0,37.19474156,-107.04768670000001,8007.0,270.86748877325545,0.0,38,36,0,0,36,36,13765,2,0,0,2,0
2020-08-12,US,Colorado,Baca,15,0,0,37.31940883,-102.5603223,8009.0,418.8774085450991,0.0,15,15,0,0,15,15,3585,0,0,0,0,0
2020-08-12,US,Colorado,Bent,9,0,0,37.95474293,-103.0720195,8011.0,161.37708445400753,0.0,9,9,0,0,9,9,5882,0,0,0,0,0
2020-08-12,US,Colorado,Boulder,2098,76,0,40.09313619,-105.3546767,8013.0,643.1715900869416,3.622497616777884,2022,2086,76,0,2010,2059,326078,12,0,0,12,27
2020-08-12,US,Colorado,Broomfield,482,32,0,39.95998787,-105.0566324,8014.0,684.0275313985668,6.639004149377594,450,482,32,0,450,475,69267,0,0,0,0,7
2020-08-12,US,Colorado,Chaffee,306,19,0,38.74745778,-106.19265729999998,8015.0,1503.2422872863035,6.209150326797387,287,304,19,0,285,303,20027,2,0,0,2,1
2020-08-12,US,Colorado,Cheyenne,9,0,0,38.82777431,-102.6032558,8017.0,491.53468050245766,0.0,9,9,0,0,9,9,1876,0,0,0,0,0
2020-08-12,US,Colorado,Clear Creek,30,1,0,39.68864463,-105.6463118,8019.0,309.27835051546384,3.333333333333333,29,30,1,0,29,30,9605,0,0,0,0,0
2020-08-12,US,Colorado,Conejos,23,0,0,37.201606,-106.19174879999998,8021.0,280.31687995124923,0.0,23,23,0,0,23,23,8200,0,0,0,0,0
2020-08-12,US,Colorado,Costilla,23,0,0,37.27732493,-105.4276548,8023.0,591.7159763313608,0.0,23,23,0,0,23,23,3828,0,0,0,0,0
2020-08-12,US,Colorado,Crowley,73,1,0,38.32608609,-103.7844965,8025.0,1204.4217125886814,1.3698630136986298,72,72,1,0,71,72,5858,1,0,0,1,0
2020-08-12,US,Colorado,Custer,11,0,0,38.10883162,-105.3683478,8027.0,217.04814522494078,0.0,11,11,0,0,11,11,4954,0,0,0,0,0
2020-08-12,US,Colorado,Delta,129,1,0,38.86246243,-107.86313419999999,8029.0,413.96572748860797,0.7751937984496124,128,128,1,0,127,125,30953,1,0,0,1,3
2020-08-12,US,Colorado,Denver,10370,417,0,39.76018276,-104.87256950000001,8031.0,1425.9960314131665,4.021215043394407,9953,10319,417,0,9902,10263,716492,51,0,0,51,56
2020-08-12,US,Colorado,Dolores,1,0,0,37.75208676,-108.5211585,8033.0,48.661800486618006,0.0,1,1,0,0,1,1,2074,0,0,0,0,0
2020-08-12,US,Colorado,Douglas,1765,59,0,39.33133796,-104.930001,8035.0,502.628476394972,3.3427762039660056,1706,1759,59,0,1700,1744,342776,6,0,0,6,15
2020-08-12,US,Colorado,Eagle,1133,9,0,39.62754308,-106.6933637,8037.0,2055.254231139006,0.794351279788173,1124,1126,9,0,1117,1124,54993,7,0,0,7,2
2020-08-12,US,Colorado,El Paso,5229,140,0,38.83240149,-104.5251411,8041.0,725.8437291349426,2.6773761713520754,5089,5183,140,0,5043,5134,713856,46,0,0,46,49
2020-08-12,US,Colorado,Elbert,108,2,0,39.28656773,-104.13587209999999,8039.0,404.0555202214823,1.851851851851852,106,107,2,0,105,105,26282,1,0,0,1,2
2020-08-12,US,Colorado,Fremont,131,0,0,38.47362326,-105.43996670000001,8043.0,273.8351554171283,0.0,131,128,0,0,128,125,48021,3,0,0,3,3
2020-08-12,US,Colorado,Garfield,776,4,0,39.59921777,-107.902708,8045.0,1292.0197798904444,0.5154639175257731,772,773,4,0,769,768,59770,3,0,0,3,5
2020-08-12,US,Colorado,Gilpin,17,0,0,39.85646523,-105.5252597,8047.0,272.30498157936887,0.0,17,16,0,0,16,16,6121,1,0,0,1,0
2020-08-12,US,Colorado,Grand,53,1,0,40.10603347,-106.11780420000001,8049.0,336.85013346892083,1.8867924528301887,52,51,1,0,50,46,15525,2,0,0,2,5
2020-08-12,US,Colorado,Gunnison,275,7,0,38.66611652,-107.0320729,8051.0,1574.8482418966898,2.5454545454545454,268,274,6,0,268,273,17246,1,1,0,0,1
2020-08-12,US,Colorado,Hinsdale,3,0,0,37.82247444,-107.3004345,8053.0,365.8536585365854,0.0,3,3,0,0,3,3,811,0,0,0,0,0
2020-08-12,US,Colorado,Huerfano,8,1,0,37.68473101,-104.9612585,8055.0,115.99246049006815,12.5,7,8,1,0,7,8,6889,0,0,0,0,0
2020-08-12,US,Colorado,Jackson,9,0,0,40.66593870000001,-106.3408905,8057.0,646.5517241379309,0.0,9,9,0,0,9,9,1399,0,0,0,0,0
2020-08-12,US,Colorado,Jefferson,4289,233,0,39.58635604,-105.2517692,8059.0,735.8277246985234,5.432501748659361,4056,4258,233,0,4025,4210,580233,31,0,0,31,48
2020-08-12,US,Colorado,Kit Carson,66,3,0,39.30497777,-102.60221990000001,8063.0,929.970410032408,4.545454545454546,63,56,3,0,53,56,7163,10,0,0,10,0
2020-08-12,US,Colorado,La Plata,225,2,0,37.28632032,-107.8429014,8067.0,400.2063285960762,0.8888888888888888,223,222,2,0,220,219,56310,3,0,0,3,3
2020-08-12,US,Colorado,Lake,80,0,0,39.20278823,-106.35556969999999,8065.0,984.3730773963333,0.0,80,79,0,0,79,79,7824,1,0,0,1,0
2020-08-12,US,Colorado,Larimer,1605,37,0,40.66671597,-105.4625784,8069.0,449.70705998055473,2.3052959501557635,1568,1590,37,0,1553,1575,350518,15,0,0,15,15
2020-08-12,US,Colorado,Las Animas,18,0,0,37.3153406,-104.03764579999999,8071.0,124.08658486143663,0.0,18,18,0,0,18,17,14503,0,0,0,0,1
2020-08-12,US,Colorado,Lincoln,8,0,0,38.98749519,-103.51366490000001,8073.0,140.3262585511314,0.0,8,8,0,0,8,8,5610,0,0,0,0,0
2020-08-12,US,Colorado,Logan,655,5,0,40.7249637,-103.110817,8075.0,2922.9327502342812,0.7633587786259542,650,655,5,0,650,651,21528,0,0,0,0,4
2020-08-12,US,Colorado,Mesa,343,4,0,39.01787888,-108.469799,8077.0,222.42396731729457,1.1661807580174928,339,329,4,0,325,316,153207,14,0,0,14,13
2020-08-12,US,Colorado,Mineral,18,0,0,37.66954283,-106.92816979999999,8079.0,2340.702210663199,0.0,18,18,0,0,18,18,776,0,0,0,0,0
2020-08-12,US,Colorado,Moffat,32,1,0,40.61810999,-108.2070876,8081.0,240.9094331099902,3.125,31,32,1,0,31,32,13188,0,0,0,0,0
2020-08-12,US,Colorado,Montezuma,113,4,0,37.33859579,-108.59588570000001,8083.0,431.5777412825116,3.5398230088495577,109,112,4,0,108,112,26158,1,0,0,1,0
2020-08-12,US,Colorado,Montrose,313,13,0,38.40214114,-108.26390220000002,8085.0,732.0267552270918,4.15335463258786,300,312,13,0,299,310,42214,1,0,0,1,2
2020-08-12,US,Colorado,Morgan,687,46,0,40.26279810000001,-103.8093302,8087.0,2363.4236961607266,6.695778748180495,641,687,46,0,641,686,28558,0,0,0,0,1
2020-08-12,US,Colorado,Otero,78,6,0,37.9014485,-103.7173385,8089.0,426.7425320056898,7.6923076923076925,72,76,6,0,70,71,18432,2,0,0,2,5
2020-08-12,US,Colorado,Ouray,13,1,0,38.14717457,-107.7675136,8091.0,262.52019386106616,7.6923076923076925,12,13,1,0,12,14,4833,0,0,0,0,-1
2020-08-12,US,Colorado,Park,42,1,0,39.120926000000004,-105.7182065,8093.0,222.870788007429,2.380952380952381,41,42,1,0,41,42,18556,0,0,0,0,0
2020-08-12,US,Colorado,Phillips,19,0,0,40.59414277,-102.3577703,8095.0,445.48651817116064,0.0,19,19,0,0,19,19,4286,0,0,0,0,0
2020-08-12,US,Colorado,Pitkin,190,2,0,39.21720112,-106.9310027,8097.0,1069.3983227331566,1.0526315789473684,188,188,2,0,186,186,17950,2,0,0,2,2
2020-08-12,US,Colorado,Prowers,58,0,0,37.95544985,-102.3926052,8099.0,476.5034505422281,0.0,58,54,0,0,54,53,12164,4,0,0,4,1
2020-08-12,US,Colorado,Pueblo,711,34,0,38.17359144,-104.5127437,8101.0,422.14886239490806,4.781997187060479,677,709,34,0,675,699,167529,2,0,0,2,10
2020-08-12,US,Colorado,Rio Blanco,20,0,0,39.97913541,-108.2179009,8103.0,316.25553447185325,0.0,20,20,0,0,20,16,6336,0,0,0,0,4
2020-08-12,US,Colorado,Rio Grande,91,2,0,37.5836865,-106.3847838,8105.0,807.6684121771547,2.1978021978021984,89,89,2,0,87,89,11250,2,0,0,2,0
2020-08-12,US,Colorado,Routt,124,8,0,40.48596505,-106.9905548,8107.0,483.65707153444106,6.451612903225807,116,125,8,0,117,125,25733,-1,0,0,-1,0
2020-08-12,US,Colorado,Saguache,106,2,0,38.08054629,-106.28246599999999,8109.0,1553.3411488862835,1.8867924528301887,104,106,2,0,104,106,6843,0,0,0,0,0
2020-08-12,US,Colorado,San Juan,2,0,0,37.76248981,-107.67632890000002,8111.0,274.72527472527474,0.0,2,2,0,0,2,2,762,0,0,0,0,0
2020-08-12,US,Colorado,San Miguel,91,0,0,38.00450883,-108.4020725,8113.0,1112.605452989363,0.0,91,90,0,0,90,89,8191,1,0,0,1,1
2020-08-12,US,Colorado,Sedgwick,11,1,0,40.87595412,-102.3519227,8115.0,489.32384341637015,9.090909090909092,10,11,1,0,10,11,2303,0,0,0,0,0
2020-08-12,US,Colorado,Summit,344,4,0,39.63803232,-106.1150762,8117.0,1109.2838025216859,1.162790697674419,340,338,4,0,334,333,31007,6,0,0,6,5
2020-08-12,US,Colorado,Teller,137,3,0,38.88133511,-105.16148929999999,8119.0,539.6250196943438,2.18978102189781,134,136,3,0,133,133,25083,1,0,0,1,3
2020-08-12,US,Colorado,Washington,49,0,0,39.97015535,-103.202587,8121.0,998.3700081499593,0.0,49,49,0,0,49,49,4909,0,0,0,0,0
2020-08-12,US,Colorado,Weld,3754,145,0,40.55499405,-104.39296209999999,8123.0,1156.8852236726946,3.8625466169419287,3609,3742,145,0,3597,3723,314305,12,0,0,12,19
2020-08-12,US,Colorado,Yuma,63,0,0,40.00346839,-102.4258673,8125.0,628.8052699870246,0.0,63,63,0,0,63,63,10020,0,0,0,0,0
2020-08-12,US,Connecticut,Fairfield,18088,1410,0,41.26809896,-73.3881171,9001.0,1917.4585405774426,7.795223352498894,16678,18081,1409,0,16672,18035,943823,7,1,0,6,46
2020-08-12,US,Connecticut,Hartford,12830,1416,0,41.80283011,-72.73103891,9003.0,1438.7924460593013,11.03663289166017,11414,12826,1415,0,11411,12800,892697,4,1,0,3,26
2020-08-12,US,Connecticut,Litchfield,1617,139,0,41.7937534,-73.2451475,9005.0,896.6744855350934,8.596165739022881,1478,1618,138,0,1480,1615,181111,-1,1,0,-2,3
2020-08-12,US,Connecticut,Middlesex,1408,192,0,41.45949668,-72.53714864,9007.0,866.8029254598732,13.636363636363635,1216,1408,192,0,1216,1405,162682,0,0,0,0,3
2020-08-12,US,Connecticut,New Haven,13254,1109,0,41.408032500000004,-72.93620426,9009.0,1550.6161400257618,8.367285347819527,12145,13240,1106,0,12134,13224,857620,14,3,0,11,16
2020-08-12,US,Connecticut,New London,1469,104,0,41.48896435,-72.10430976,9011.0,553.9090367487917,7.079646017699115,1365,1467,103,0,1364,1457,266784,2,1,0,1,10
2020-08-12,US,Connecticut,Tolland,1056,65,0,41.85853803,-72.3308481,9013.0,700.6322941063289,6.15530303030303,991,1056,66,0,990,1056,150921,0,-1,0,1,0
2020-08-12,US,Connecticut,Unassigned,236,0,0,0.0,0.0,90009.0,0.0,0.0,236,243,0,0,243,237,,-7,0,0,-7,6
2020-08-12,US,Connecticut,Windham,748,15,0,41.82972709,-71.98182316,9015.0,640.5096675857579,2.005347593582888,733,745,15,0,730,738,117027,3,0,0,3,7
2020-08-12,US,Delaware,Kent,2319,109,0,39.08646628,-75.56884914,10001.0,1282.7320699611694,4.7003018542475195,2210,2306,108,0,2198,2294,178550,13,1,0,12,12
2020-08-12,US,Delaware,New Castle,7309,291,0,39.57992638,-75.64054974,10003.0,1308.0914106948867,3.9813928033930766,7018,7276,291,0,6985,7243,559335,33,0,0,33,33
2020-08-12,US,Delaware,Sussex,5881,192,0,38.66143781,-75.39031349,10005.0,2510.833600170776,3.2647508927053224,5689,5867,192,0,5675,5848,229286,14,0,0,14,19
2020-08-12,US,Delaware,Unassigned,256,0,0,0.0,0.0,90010.0,0.0,0.0,256,250,0,0,250,249,,6,0,0,6,1
2020-08-12,US,District of Columbia,District of Columbia,12959,593,0,38.90417773,-77.01655992,11001.0,1836.2052231033972,4.575970368083957,12366,12896,593,0,12303,12807,702455,63,0,0,63,89
2020-08-12,US,Florida,Alachua,4309,26,0,29.67866525,-82.35928158,12001.0,1601.6027177811725,0.6033882571362265,4283,4246,26,0,4220,4171,269956,63,0,0,63,75
2020-08-12,US,Florida,Baker,1044,4,0,30.33060121,-82.28467476,12003.0,3574.1184525847307,0.3831417624521073,1040,964,4,0,960,932,28355,80,0,0,80,32
2020-08-12,US,Florida,Bay,4551,52,0,30.26548745,-85.62122584,12005.0,2604.962651326522,1.1426060206548012,4499,4523,52,0,4471,4447,185287,28,0,0,28,76
2020-08-12,US,Florida,Bradford,535,4,0,29.95079741,-82.16611613,12007.0,1897.0958476649764,0.7476635514018691,531,519,4,0,515,508,27732,16,0,0,16,11
2020-08-12,US,Florida,Brevard,6248,160,0,28.29409504,-80.73091022,12009.0,1037.973758269069,2.5608194622279132,6088,6190,157,0,6033,6099,596849,58,3,0,55,91
2020-08-12,US,Florida,Broward,64080,859,0,26.15184651,-80.48725556,12011.0,3281.4790006851777,1.3405118601747816,63221,63605,856,0,62749,62898,1951260,475,3,0,472,707
2020-08-12,US,Florida,Calhoun,482,8,0,30.40666734,-85.19394153,12013.0,3417.2279333569645,1.6597510373443984,474,481,8,0,473,475,14587,1,0,0,1,6
2020-08-12,US,Florida,Charlotte,2297,96,0,26.90131002,-81.92949121,12015.0,1215.9229262611825,4.179364388332608,2201,2281,94,0,2187,2257,184998,16,2,0,14,24
2020-08-12,US,Florida,Citrus,1614,38,0,28.84804315,-82.47614748,12017.0,1078.4660924647694,2.3543990086741022,1576,1594,37,0,1557,1548,147929,20,1,0,19,46
2020-08-12,US,Florida,Clay,3335,53,0,29.98319144,-81.85609986,12019.0,1521.080765511831,1.5892053973013494,3282,3327,52,0,3275,3298,216072,8,1,0,7,29
2020-08-12,US,Florida,Collier,10530,146,0,26.11091986,-81.34687065,12021.0,2735.7613106712884,1.3865147198480532,10384,10487,143,0,10344,10448,378488,43,3,0,40,39
2020-08-12,US,Florida,Columbia,2941,20,0,30.22509788,-82.62160164,12023.0,4102.614178500684,0.6800408024481469,2921,2917,16,0,2901,2893,70503,24,4,0,20,24
2020-08-12,US,Florida,DeSoto,1382,18,0,27.18677893,-81.80941373,12027.0,3636.7464014104894,1.3024602026049203,1364,1377,18,0,1359,1358,37489,5,0,0,5,19
2020-08-12,US,Florida,Dixie,566,4,0,29.60631086,-83.15724673,12029.0,3363.84167360038,0.7067137809187279,562,562,4,0,558,553,16700,4,0,0,4,9
2020-08-12,US,Florida,Duval,23972,210,0,30.33225875,-81.66976468,12031.0,2502.936554755653,0.8760220256966461,23762,23741,198,0,23543,23530,950181,231,12,0,219,211
2020-08-12,US,Florida,Escambia,9929,137,0,30.67652764,-87.37284571,12033.0,3119.2274343733893,1.379796555544365,9792,9807,131,0,9676,9632,315534,122,6,0,116,175
2020-08-12,US,Florida,Flagler,1101,13,0,29.45933576,-81.31508595,12035.0,956.717442497024,1.1807447774750226,1088,1095,13,0,1082,1078,112067,6,0,0,6,17
2020-08-12,US,Florida,Franklin,433,2,0,29.83791238,-84.82731662,12037.0,3571.1340206185573,0.4618937644341801,431,433,2,0,431,430,11736,0,0,0,0,3
2020-08-12,US,Florida,Gadsden,1964,21,0,30.57796289,-84.61915825,12039.0,4301.357862461673,1.0692464358452138,1943,1928,21,0,1907,1903,45894,36,0,0,36,25
2020-08-12,US,Florida,Gilchrist,380,6,0,29.72856978,-82.79880657,12041.0,2044.989775051125,1.5789473684210529,374,369,6,0,363,366,18256,11,0,0,11,3
2020-08-12,US,Florida,Glades,408,3,0,26.95635849,-81.18996211,12043.0,2954.1669683585546,0.7352941176470589,405,406,3,0,403,405,13724,2,0,0,2,1
2020-08-12,US,Florida,Gulf,695,2,0,29.93543004,-85.24270990000002,12045.0,5095.681501576362,0.28776978417266186,693,685,2,0,683,659,16164,10,0,0,10,26
2020-08-12,US,Florida,Hamilton,625,4,0,30.49673973,-82.94998918,12047.0,4331.854726919878,0.64,621,623,4,0,619,618,14310,2,0,0,2,5
2020-08-12,US,Florida,Hardee,992,8,0,27.49293939,-81.80956574,12049.0,3682.6669636559377,0.8064516129032258,984,986,7,0,979,976,27245,6,1,0,5,10
2020-08-12,US,Florida,Hendry,1814,38,0,26.55386945,-81.16469006,12051.0,4316.786445195374,2.094818081587652,1776,1805,38,0,1767,1783,41556,9,0,0,9,22
2020-08-12,US,Florida,Hernando,2106,53,0,28.55364461,-82.42700204,12053.0,1086.0148514851483,2.51661918328585,2053,2069,50,0,2019,2028,190865,37,3,0,34,41
2020-08-12,US,Florida,Highlands,1501,37,0,27.34254618,-81.34071957,12055.0,1413.091573229399,2.465023317788141,1464,1474,37,0,1437,1449,105424,27,0,0,27,25
2020-08-12,US,Florida,Hillsborough,33198,426,0,27.9276559,-82.32013172,12057.0,2255.347942346573,1.2832098319175853,32772,32996,395,0,32601,32731,1436888,202,31,0,171,265
2020-08-12,US,Florida,Holmes,513,4,0,30.86747479,-85.81319222,12059.0,2615.0787582199114,0.7797270955165692,509,509,3,0,506,507,19477,4,1,0,3,2
2020-08-12,US,Florida,Indian River,2574,57,0,27.69308961,-80.60556721,12061.0,1609.5245837059085,2.2144522144522143,2517,2555,57,0,2498,2543,157413,19,0,0,19,12
2020-08-12,US,Florida,Jackson,1953,43,0,30.795459700000002,-85.21500423,12063.0,4207.7821347007375,2.2017409114183306,1910,1936,41,0,1895,1897,48305,17,2,0,15,39
2020-08-12,US,Florida,Jefferson,462,5,0,30.43669112,-83.89442308,12065.0,3243.015583321634,1.0822510822510822,457,462,5,0,457,455,14288,0,0,0,0,7
2020-08-12,US,Florida,Lafayette,193,2,0,29.98484137,-83.18166636,12067.0,2291.61719306578,1.0362694300518134,191,189,2,0,187,148,8732,4,0,0,4,41
2020-08-12,US,Florida,Lake,5291,74,0,28.76202069,-81.7125123,12069.0,1441.2259818369025,1.3986013986013983,5217,5229,68,0,5161,5177,356495,62,6,0,56,52
2020-08-12,US,Florida,Lee,16872,362,0,26.58410348,-81.88399313,12071.0,2189.528106860184,2.1455666192508303,16510,16718,351,0,16367,16632,754610,154,11,0,143,86
2020-08-12,US,Florida,Leon,5150,26,0,30.45955727,-84.27491114,12073.0,1754.1947394595036,0.5048543689320388,5124,5116,26,0,5090,5006,292502,34,0,0,34,110
2020-08-12,US,Florida,Levy,709,5,0,29.31829741,-82.74007147,12075.0,1708.3102426330627,0.7052186177715092,704,698,5,0,693,687,40770,11,0,0,11,11
2020-08-12,US,Florida,Liberty,407,7,0,30.23766008,-84.8829258,12077.0,4871.9176442422795,1.71990171990172,400,407,7,0,400,400,8457,0,0,0,0,7
2020-08-12,US,Florida,Madison,732,8,0,30.44396917,-83.47398594,12079.0,3958.2544746660897,1.0928961748633879,724,710,8,0,702,708,18529,22,0,0,22,2
2020-08-12,US,Florida,Manatee,9468,242,0,27.47196942,-82.31831044,12081.0,2347.905657242476,2.5559780312632023,9226,9395,234,0,9161,9340,394855,73,8,0,65,55
2020-08-12,US,Florida,Marion,6798,104,0,29.21227113,-82.05803627,12083.0,1859.5160006455512,1.5298617240364814,6694,6668,102,0,6566,6573,359977,130,2,0,128,95
2020-08-12,US,Florida,Martin,3863,100,0,27.0772071,-80.43109784,12085.0,2399.3788819875776,2.588661661920787,3763,3852,99,0,3753,3838,160912,11,1,0,10,14
2020-08-12,US,Florida,Miami-Dade,139271,1939,0,25.6112362,-80.55170587,12086.0,5126.024130087525,1.3922496427827757,137332,135130,1909,0,133221,133623,2761581,4141,30,0,4111,1507
2020-08-12,US,Florida,Monroe,1556,13,0,25.20904673,-81.07812416,12087.0,2096.244004957698,0.8354755784061697,1543,1548,13,0,1535,1531,75027,8,0,0,8,17
2020-08-12,US,Florida,Nassau,1270,11,0,30.61037141,-81.80297522,12089.0,1433.004231311707,0.8661417322834646,1259,1253,11,0,1242,1239,85832,17,0,0,17,14
2020-08-12,US,Florida,Okaloosa,3608,49,0,30.69143028,-86.59267105,12091.0,1712.078505063159,1.3580931263858094,3559,3587,45,0,3542,3541,207269,21,4,0,17,46
2020-08-12,US,Florida,Okeechobee,1081,12,0,27.386336199999995,-80.88944347,12093.0,2563.555302599127,1.1100832562442182,1069,1077,12,0,1065,1055,41537,4,0,0,4,22
2020-08-12,US,Florida,Orange,32341,325,0,28.51367621,-81.31799498,12095.0,2320.9267344695045,1.0049163600383415,32016,32042,315,0,31727,31851,1380645,299,10,0,289,191
2020-08-12,US,Florida,Osceola,9936,107,0,28.06312234,-81.14882926,12097.0,2644.3043398420764,1.076892109500805,9829,9858,106,0,9752,9769,367990,78,1,0,77,89
2020-08-12,US,Florida,Palm Beach,37934,954,0,26.64676272,-80.46536002,12099.0,2534.3907213533143,2.5148942900827755,36980,37641,940,0,36701,37297,1485941,293,14,0,279,344
2020-08-12,US,Florida,Pasco,7213,136,0,28.30810945,-82.40227529,12101.0,1302.1101296694444,1.8854845417995287,7077,7172,131,0,7041,7114,539630,41,5,0,36,58
2020-08-12,US,Florida,Pinellas,18217,522,0,27.93130349,-82.72239666,12103.0,1868.4179217145504,2.8654553439095354,17695,18103,513,0,17590,17941,975280,114,9,0,105,162
2020-08-12,US,Florida,Polk,14812,334,0,27.95027105,-81.69732947,12105.0,2043.6630853352133,2.2549284364029165,14478,14645,326,0,14319,14475,708009,167,8,0,159,170
2020-08-12,US,Florida,Putnam,1550,28,0,29.60779729,-81.74230285,12107.0,2079.950617946619,1.8064516129032255,1522,1539,27,0,1512,1519,74163,11,1,0,10,20
2020-08-12,US,Florida,Santa Rosa,4053,41,0,30.69341450000001,-87.02458128,12113.0,2198.976740653128,1.0115963483839132,4012,4013,40,0,3973,3963,179349,40,1,0,39,50
2020-08-12,US,Florida,Sarasota,6394,166,0,27.18546175,-82.33174248,12115.0,1474.1482263649814,2.596183922427276,6228,6314,162,0,6152,6256,426718,80,4,0,76,58
2020-08-12,US,Florida,Seminole,7264,137,0,28.7158582,-81.24060348,12117.0,1539.5505970421302,1.8860132158590308,7127,7219,130,0,7089,7152,467832,45,7,0,38,67
2020-08-12,US,Florida,St. Johns,3774,39,0,29.90096506,-81.43589967,12109.0,1425.9158505622056,1.0333863275039743,3735,3738,36,0,3702,3660,254261,36,3,0,33,78
2020-08-12,US,Florida,St. Lucie,5968,183,0,27.37763908,-80.47106649,12111.0,1817.8661395017318,3.0663538873994636,5785,5920,180,0,5740,5824,321128,48,3,0,45,96
2020-08-12,US,Florida,Sumter,1383,44,0,28.70181754,-82.0794267,12119.0,1044.404168554599,3.181489515545915,1339,1344,42,0,1302,1307,128754,39,2,0,37,37
2020-08-12,US,Florida,Suwannee,1919,45,0,30.19746066,-82.99099670000003,12121.0,4320.417858027332,2.344971339239187,1874,1507,44,0,1463,1471,44191,412,1,0,411,36
2020-08-12,US,Florida,Taylor,1000,5,0,30.04848048,-83.60445406,12123.0,4636.28355510223,0.5,995,981,5,0,976,965,21623,19,0,0,19,16
2020-08-12,US,Florida,Unassigned,703,0,0,0.0,0.0,90012.0,0.0,0.0,703,721,0,0,721,697,,-18,0,0,-18,24
2020-08-12,US,Florida,Union,448,5,0,30.04412971,-82.37497443,12125.0,2940.211327689178,1.1160714285714286,443,435,5,0,430,374,14940,13,0,0,13,61
2020-08-12,US,Florida,Volusia,8129,146,0,29.05858895,-81.18263252,12127.0,1469.2273768986636,1.7960388731701316,7983,8040,140,0,7900,7960,547538,89,6,0,83,80
2020-08-12,US,Florida,Wakulla,730,5,0,30.16548905,-84.39895211,12129.0,2163.6681585109227,0.6849315068493149,725,726,5,0,721,707,32461,4,0,0,4,19
2020-08-12,US,Florida,Walton,1443,18,0,30.64204028,-86.16935664,12131.0,1948.1308474301684,1.2474012474012477,1425,1428,16,0,1412,1414,71375,15,2,0,13,14
2020-08-12,US,Florida,Washington,887,14,0,30.61359259,-85.66002461,12133.0,3482.118321359871,1.5783540022547915,873,877,14,0,863,872,24880,10,0,0,10,5
2020-08-12,US,Georgia,Appling,721,19,0,31.74847232,-82.28909114,13001.0,3921.461981942783,2.635228848821082,702,689,19,0,670,678,18507,32,0,0,32,11
2020-08-12,US,Georgia,Atkinson,330,3,0,31.29633502,-82.87545866,13003.0,4041.641151255358,0.9090909090909092,327,324,3,0,321,320,8297,6,0,0,6,4
2020-08-12,US,Georgia,Bacon,448,8,0,31.55456473,-82.45936528,13005.0,4012.898602651379,1.7857142857142858,440,438,8,0,430,438,11185,10,0,0,10,0
2020-08-12,US,Georgia,Baker,67,3,0,31.32669878,-84.44218806,13007.0,2205.398288347597,4.477611940298506,64,65,3,0,62,63,3092,2,0,0,2,2
2020-08-12,US,Georgia,Baldwin,1095,42,0,33.06882326,-83.24701748,13009.0,2439.296057028291,3.8356164383561633,1053,1070,41,0,1029,1051,44823,25,1,0,24,19
2020-08-12,US,Georgia,Banks,280,5,0,34.35607081,-83.49644388,13011.0,1455.7554330872413,1.7857142857142858,275,275,4,0,271,271,18988,5,1,0,4,4
2020-08-12,US,Georgia,Barrow,1355,34,0,33.99148694,-83.71436292,13013.0,1627.8231619413746,2.5092250922509227,1321,1323,32,0,1291,1296,80809,32,2,0,30,27
2020-08-12,US,Georgia,Bartow,1953,64,0,34.23732119,-84.83887523,13015.0,1812.730884181997,3.277009728622632,1889,1914,64,0,1850,1885,106408,39,0,0,39,29
2020-08-12,US,Georgia,Ben Hill,478,5,0,31.76095874,-83.22145359,13017.0,2862.2754491017963,1.0460251046025104,473,464,4,0,460,452,16787,14,1,0,13,12
2020-08-12,US,Georgia,Berrien,318,1,0,31.27590016,-83.22529920000002,13019.0,1639.4287776460278,0.31446540880503143,317,304,0,0,304,295,19252,14,1,0,13,9
2020-08-12,US,Georgia,Bibb,3795,73,0,32.80904227,-83.70489165,13021.0,2477.817170391554,1.9235836627140972,3722,3715,71,0,3644,3645,153095,80,2,0,78,70
2020-08-12,US,Georgia,Bleckley,261,10,0,32.43829035,-83.33035166,13023.0,2027.499417385225,3.8314176245210727,251,252,10,0,242,242,12838,9,0,0,9,10
2020-08-12,US,Georgia,Brantley,257,6,0,31.19576557,-81.97743999,13025.0,1344.9160081636924,2.3346303501945527,251,255,6,0,249,251,18897,2,0,0,2,4
2020-08-12,US,Georgia,Brooks,419,17,0,30.83922642,-83.58303423,13027.0,2710.74594035065,4.05727923627685,402,416,18,0,398,413,15513,3,-1,0,4,3
2020-08-12,US,Georgia,Bryan,695,8,0,32.00979311,-81.44002948,13029.0,1753.8546950311654,1.1510791366906474,687,677,8,0,669,661,38109,18,0,0,18,16
2020-08-12,US,Georgia,Bulloch,1334,16,0,32.39577406,-81.74811421,13031.0,1675.7109838207214,1.199400299850075,1318,1310,14,0,1296,1304,77296,24,2,0,22,6
2020-08-12,US,Georgia,Burke,504,7,0,33.05917989,-81.99928721,13033.0,2251.7088862082833,1.3888888888888888,497,481,7,0,474,470,22423,23,0,0,23,11
2020-08-12,US,Georgia,Butts,495,38,0,33.283094500000004,-83.95435040000002,13035.0,1985.0818094321467,7.6767676767676765,457,494,38,0,456,497,24193,1,0,0,1,-3
2020-08-12,US,Georgia,Calhoun,210,6,0,31.53169785,-84.62725131,13037.0,3393.1168201648084,2.8571428571428568,204,207,6,0,201,203,6352,3,0,0,3,4
2020-08-12,US,Georgia,Camden,804,5,0,30.92951916,-81.66601818,13039.0,1470.7496432883331,0.6218905472636815,799,780,5,0,775,762,53677,24,0,0,24,18
2020-08-12,US,Georgia,Candler,271,6,0,32.40209349,-82.07702563,13043.0,2508.5624363602697,2.2140221402214024,265,267,6,0,261,260,10836,4,0,0,4,7
2020-08-12,US,Georgia,Carroll,1910,52,0,33.58138199,-85.07976677,13045.0,1591.7727848523236,2.722513089005236,1858,1905,51,0,1854,1894,118121,5,1,0,4,11
2020-08-12,US,Georgia,Catoosa,677,10,0,34.89872298,-85.13757014,13047.0,1001.7756732761172,1.4771048744460855,667,660,10,0,650,637,67420,17,0,0,17,23
2020-08-12,US,Georgia,Charlton,439,3,0,30.78371028,-82.13951596,13049.0,3278.0764635603346,0.683371298405467,436,438,3,0,435,437,12968,1,0,0,1,1
2020-08-12,US,Georgia,Chatham,5990,87,0,32.00043026,-81.12489526,13051.0,2069.585046470649,1.4524207011686143,5903,5914,76,0,5838,5764,289195,76,11,0,65,150
2020-08-12,US,Georgia,Chattahoochee,766,2,0,32.34341231,-84.78809239,13053.0,7023.012744109287,0.2610966057441253,764,767,2,0,765,761,10684,-1,0,0,-1,6
2020-08-12,US,Georgia,Chattooga,302,4,0,34.47197698,-85.34535662,13055.0,1218.282302634233,1.3245033112582782,298,280,4,0,276,267,24790,22,0,0,22,13
2020-08-12,US,Georgia,Cherokee,3707,65,0,34.24393976,-84.47431861,13057.0,1432.5296688603526,1.7534394388993797,3642,3609,64,0,3545,3535,254149,98,1,0,97,74
2020-08-12,US,Georgia,Clarke,2150,19,0,33.95436462,-83.37124007,13059.0,1675.355136327154,0.8837209302325582,2131,2117,19,0,2098,2081,127330,33,0,0,33,36
2020-08-12,US,Georgia,Clay,93,2,0,31.62221166,-84.97713865,13061.0,3281.5808045165845,2.150537634408602,91,91,2,0,89,86,2887,2,0,0,2,5
2020-08-12,US,Georgia,Clayton,5245,114,0,33.54187245,-84.35594188,13063.0,1794.6594766232345,2.17349857006673,5131,5154,111,0,5043,5059,289615,91,3,0,88,95
2020-08-12,US,Georgia,Clinch,204,4,0,30.91395822,-82.70432472,13065.0,3082.502266545784,1.96078431372549,200,200,4,0,196,200,6648,4,0,0,4,0
2020-08-12,US,Georgia,Cobb,14279,326,0,33.94243204,-84.5761255,13067.0,1878.467284359086,2.283073044330836,13953,14006,323,0,13683,13729,756865,273,3,0,270,277
2020-08-12,US,Georgia,Coffee,1529,30,0,31.54892966,-82.85492059999999,13069.0,3533.381092135974,1.962066710268149,1499,1497,30,0,1467,1468,43093,32,0,0,32,29
2020-08-12,US,Georgia,Colquitt,1581,24,0,31.18810588,-83.7677946,13071.0,3467.105263157894,1.5180265654648957,1557,1565,24,0,1541,1555,45592,16,0,0,16,10
2020-08-12,US,Georgia,Columbia,2443,27,0,33.54534185,-82.263524,13073.0,1558.8907181234604,1.1051985264019648,2416,2346,25,0,2321,2284,154291,97,2,0,95,62
2020-08-12,US,Georgia,Cook,454,6,0,31.16068491,-83.42947229,13075.0,2628.836132020845,1.3215859030837005,448,445,6,0,439,440,17162,9,0,0,9,5
2020-08-12,US,Georgia,Coweta,1568,22,0,33.35334302,-84.76129976,13077.0,1055.8282663003588,1.4030612244897958,1546,1539,22,0,1517,1514,145864,29,0,0,29,25
2020-08-12,US,Georgia,Crawford,107,0,0,32.71391813,-83.98061238,13079.0,862.6249596904222,0.0,107,106,0,0,106,104,12318,1,0,0,1,2
2020-08-12,US,Georgia,Crisp,398,15,0,31.92289565,-83.76811843,13081.0,1779.0094761308774,3.768844221105528,383,391,15,0,376,385,22601,7,0,0,7,6
2020-08-12,US,Georgia,Dade,136,2,0,34.854916700000004,-85.50490424,13083.0,843.8818565400844,1.4705882352941178,134,129,1,0,128,127,16226,7,1,0,6,2
2020-08-12,US,Georgia,Dawson,431,5,0,34.44244079,-84.16964071,13085.0,1650.8349931055616,1.160092807424594,426,401,3,0,398,378,25083,30,2,0,28,23
2020-08-12,US,Georgia,DeKalb,14485,247,0,33.76944049,-84.22396017,13089.0,1907.6856618688073,1.7052122885743872,14238,14292,242,0,14050,14047,756558,193,5,0,188,245
2020-08-12,US,Georgia,Decatur,834,16,0,30.87967778,-84.57619536,13087.0,3158.6123314649294,1.9184652278177456,818,809,14,0,795,797,26575,25,2,0,23,12
2020-08-12,US,Georgia,Dodge,243,3,0,32.17265114,-83.16948926,13091.0,1179.3254064547439,1.2345679012345678,240,236,3,0,233,221,20705,7,0,0,7,15
2020-08-12,US,Georgia,Dooly,261,14,0,32.15630737,-83.79746561,13093.0,1949.2158327109785,5.363984674329502,247,258,14,0,244,254,13706,3,0,0,3,4
2020-08-12,US,Georgia,Dougherty,2774,172,0,31.53328528,-84.21722377,13095.0,3153.8496520987765,6.200432588320116,2602,2754,172,0,2582,2732,91243,20,0,0,20,22
2020-08-12,US,Georgia,Douglas,2773,54,0,33.70291126,-84.77026156,13097.0,1894.863437267242,1.9473494410385863,2719,2728,54,0,2674,2678,145331,45,0,0,45,50
2020-08-12,US,Georgia,Early,372,32,0,31.32155345,-84.90255207,13099.0,3650.637880274779,8.602150537634408,340,368,32,0,336,360,10247,4,0,0,4,8
2020-08-12,US,Georgia,Echols,225,2,0,30.71101099,-82.89687287,13101.0,5616.575137294059,0.8888888888888888,223,225,2,0,223,222,4000,0,0,0,0,3
2020-08-12,US,Georgia,Effingham,770,5,0,32.36616021,-81.34280942,13103.0,1197.586163991539,0.6493506493506493,765,758,3,0,755,745,62190,12,2,0,10,13
2020-08-12,US,Georgia,Elbert,369,1,0,34.11302332,-82.83936148,13105.0,1922.4757736792749,0.27100271002710025,368,366,1,0,365,360,19120,3,0,0,3,6
2020-08-12,US,Georgia,Emanuel,537,11,0,32.59221302,-82.30239915,13107.0,2371.2796961935887,2.0484171322160147,526,534,11,0,523,513,22612,3,0,0,3,21
2020-08-12,US,Georgia,Evans,282,3,0,32.15328841,-81.8870105,13109.0,2646.893185657969,1.0638297872340423,279,270,3,0,267,261,10721,12,0,0,12,9
2020-08-12,US,Georgia,Fannin,354,4,0,34.86430205,-84.316964,13111.0,1351.7641667939515,1.1299435028248588,350,349,3,0,346,335,25964,5,1,0,4,14
2020-08-12,US,Georgia,Fayette,1187,31,0,33.41357794,-84.49089434,13113.0,1037.3969813233582,2.611625947767481,1156,1159,30,0,1129,1131,113459,28,1,0,27,28
2020-08-12,US,Georgia,Floyd,1648,18,0,34.26268279,-85.21577392,13115.0,1673.130418891754,1.0922330097087378,1630,1580,18,0,1562,1517,97927,68,0,0,68,63
2020-08-12,US,Georgia,Forsyth,2416,26,0,34.22604035,-84.12315129999998,13117.0,989.142361167974,1.0761589403973508,2390,2357,24,0,2333,2293,236612,59,2,0,57,64
2020-08-12,US,Georgia,Franklin,423,6,0,34.37525597,-83.23159927,13119.0,1811.6407554927405,1.4184397163120568,417,416,6,0,410,406,23023,7,0,0,7,10
2020-08-12,US,Georgia,Fulton,21140,455,0,33.79216944,-84.46319413,13121.0,1986.959754195972,2.1523178807947017,20685,20874,445,0,20429,20468,1050114,266,10,0,256,406
2020-08-12,US,Georgia,Gilmer,651,4,0,34.69316688,-84.45802506,13123.0,2075.2972680034427,0.6144393241167435,647,635,4,0,631,633,30816,16,0,0,16,2
2020-08-12,US,Georgia,Glascock,24,1,0,33.22879932,-82.61297636,13125.0,807.8088185796028,4.166666666666667,23,25,1,0,24,25,2995,-1,0,0,-1,0
2020-08-12,US,Georgia,Glynn,2625,53,0,31.23279254,-81.53811412,13127.0,3077.662617830512,2.019047619047619,2572,2593,52,0,2541,2557,85219,32,1,0,31,36
2020-08-12,US,Georgia,Gordon,1264,23,0,34.50487351,-84.87296253,13129.0,2180.701481979884,1.8196202531645569,1241,1225,23,0,1202,1193,57685,39,0,0,39,32
2020-08-12,US,Georgia,Grady,522,7,0,30.87454847,-84.23418364,13131.0,2119.1085129704056,1.3409961685823757,515,503,6,0,497,493,24748,19,1,0,18,10
2020-08-12,US,Georgia,Greene,331,12,0,33.5769205,-83.17139104,13133.0,1806.3741541148224,3.625377643504532,319,325,12,0,313,313,17698,6,0,0,6,12
2020-08-12,US,Georgia,Gwinnett,20685,275,0,33.96044201,-84.02137802,13135.0,2209.3457943925227,1.3294657964708727,20410,20382,272,0,20110,19971,927781,303,3,0,300,411
2020-08-12,US,Georgia,Habersham,1173,50,0,34.63331566,-83.53094677,13137.0,2587.8044475820684,4.262574595055414,1123,1157,50,0,1107,1145,45388,16,0,0,16,12
2020-08-12,US,Georgia,Hall,6298,104,0,34.32207823,-83.81896936,13139.0,3080.5953795960686,1.6513178786916483,6194,6206,99,0,6107,6114,202148,92,5,0,87,92
2020-08-12,US,Georgia,Hancock,328,35,0,33.2721566,-82.99766919,13141.0,3878.4438926333214,10.670731707317072,293,324,35,0,289,318,8348,4,0,0,4,6
2020-08-12,US,Georgia,Haralson,231,7,0,33.79602175,-85.21005667,13143.0,775.375939849624,3.0303030303030303,224,230,6,0,224,222,29533,1,1,0,0,8
2020-08-12,US,Georgia,Harris,668,17,0,32.73709786,-84.90538572,13145.0,1895.788398229084,2.5449101796407185,651,659,17,0,642,657,34475,9,0,0,9,2
2020-08-12,US,Georgia,Hart,325,7,0,34.34626973,-82.96567682,13147.0,1240.221331806907,2.1538461538461537,318,322,7,0,315,310,26099,3,0,0,3,12
2020-08-12,US,Georgia,Heard,148,5,0,33.29686567,-85.12886832,13149.0,1241.2983309569738,3.3783783783783785,143,147,5,0,142,143,11879,1,0,0,1,4
2020-08-12,US,Georgia,Henry,3513,54,0,33.4533428,-84.14814659999998,13151.0,1497.6914320795017,1.5371477369769428,3459,3457,49,0,3408,3411,230220,56,5,0,51,46
2020-08-12,US,Georgia,Houston,2048,62,0,32.45802497,-83.66879087,13153.0,1297.3274294799921,3.02734375,1986,2023,62,0,1961,1992,155469,25,0,0,25,31
2020-08-12,US,Georgia,Irwin,172,1,0,31.60213036,-83.27501387,13155.0,1826.677994902294,0.5813953488372093,171,168,1,0,167,167,9398,4,0,0,4,1
2020-08-12,US,Georgia,Jackson,1118,17,0,34.13794553,-83.56814788,13157.0,1531.989530948107,1.520572450805009,1101,1098,17,0,1081,1070,70422,20,0,0,20,28
2020-08-12,US,Georgia,Jasper,170,2,0,33.31535543,-83.68844964,13159.0,1195.583374358253,1.1764705882352942,168,168,1,0,167,164,14040,2,1,0,1,4
2020-08-12,US,Georgia,Jeff Davis,485,8,0,31.80405727,-82.63724870000001,13161.0,3208.7330466424078,1.649484536082474,477,466,8,0,458,457,15029,19,0,0,19,9
2020-08-12,US,Georgia,Jefferson,532,9,0,33.05867328,-82.41609057,13163.0,3463.0907433927873,1.6917293233082706,523,517,8,0,509,504,15430,15,1,0,14,13
2020-08-12,US,Georgia,Jenkins,251,24,0,32.79248718,-81.96040187,13165.0,2893.0382664822496,9.561752988047811,227,249,24,0,225,244,8683,2,0,0,2,5
2020-08-12,US,Georgia,Johnson,252,12,0,32.70211082,-82.66166794,13167.0,2613.294617857513,4.761904761904762,240,248,11,0,237,241,9708,4,1,0,3,7
2020-08-12,US,Georgia,Jones,326,4,0,33.02512137,-83.56019163,13169.0,1134.5049591091006,1.2269938650306749,322,322,3,0,319,309,28616,4,1,0,3,13
2020-08-12,US,Georgia,Lamar,280,12,0,33.07841647,-84.14263877,13171.0,1467.736017193479,4.285714285714286,268,280,12,0,268,275,19000,0,0,0,0,5
2020-08-12,US,Georgia,Lanier,225,4,0,31.03828570000001,-83.06472457,13173.0,2158.6875179890626,1.7777777777777777,221,221,4,0,217,219,10340,4,0,0,4,2
2020-08-12,US,Georgia,Laurens,1064,17,0,32.46325233,-82.92221316,13175.0,2237.832835569764,1.5977443609022557,1047,993,14,0,979,951,47325,71,3,0,68,42
2020-08-12,US,Georgia,Lee,565,23,0,31.779330600000005,-84.14324253,13177.0,1883.8356895172049,4.070796460176991,542,551,22,0,529,544,29764,14,1,0,13,7
2020-08-12,US,Georgia,Liberty,780,6,0,31.82588896,-81.49251135,13179.0,1269.6345731260685,0.7692307692307693,774,766,4,0,762,727,61497,14,2,0,12,39
2020-08-12,US,Georgia,Lincoln,153,4,0,33.79201475,-82.45024131,13181.0,1931.5742961747253,2.6143790849673203,149,150,4,0,146,143,7915,3,0,0,3,7
2020-08-12,US,Georgia,Long,132,1,0,31.75218791,-81.74952375,13183.0,674.8811288920701,0.7575757575757576,131,132,1,0,131,129,18998,0,0,0,0,3
2020-08-12,US,Georgia,Lowndes,3273,48,0,30.83568832,-83.27056716,13185.0,2787.7621245932914,1.4665444546287811,3225,3229,45,0,3184,3193,116321,44,3,0,41,36
2020-08-12,US,Georgia,Lumpkin,371,7,0,34.57286511,-84.00425681,13187.0,1103.8381434096996,1.8867924528301887,364,357,6,0,351,344,32955,14,1,0,13,13
2020-08-12,US,Georgia,Macon,181,10,0,32.35207048,-84.04234127,13193.0,1398.0072603691974,5.524861878453039,171,180,10,0,170,177,13143,1,0,0,1,3
2020-08-12,US,Georgia,Madison,424,7,0,34.12920917,-83.21218732,13195.0,1419.0093708165998,1.650943396226415,417,417,6,0,411,403,29650,7,1,0,6,14
2020-08-12,US,Georgia,Marion,156,5,0,32.3483402,-84.52733571,13197.0,1866.251944012441,3.2051282051282053,151,152,5,0,147,150,8351,4,0,0,4,2
2020-08-12,US,Georgia,McDuffie,386,10,0,33.47851918,-82.48252774,13189.0,1811.1861861861864,2.5906735751295336,376,365,10,0,355,356,21531,21,0,0,21,9
2020-08-12,US,Georgia,McIntosh,194,3,0,31.49683595,-81.40163426,13191.0,1349.2836277646404,1.5463917525773196,191,190,2,0,188,187,14340,4,1,0,3,3
2020-08-12,US,Georgia,Meriwether,409,6,0,33.04163534,-84.68859732,13199.0,1932.253035385269,1.4669926650366751,403,403,6,0,397,396,21068,6,0,0,6,7
2020-08-12,US,Georgia,Miller,149,0,0,31.16568912,-84.73151117,13201.0,2605.806225953131,0.0,149,146,0,0,146,143,5686,3,0,0,3,3
2020-08-12,US,Georgia,Mitchell,658,41,0,31.22483255,-84.19381821,13205.0,3009.651008553264,6.231003039513677,617,657,41,0,616,652,22192,1,0,0,1,5
2020-08-12,US,Georgia,Monroe,473,28,0,33.014289,-83.92097166,13207.0,1715.1352527376896,5.919661733615223,445,467,27,0,440,460,27520,6,1,0,5,7
2020-08-12,US,Georgia,Montgomery,157,2,0,32.17201038,-82.53527476,13209.0,1711.731356301788,1.2738853503184713,155,157,2,0,155,155,9193,0,0,0,0,2
2020-08-12,US,Georgia,Morgan,295,0,0,33.59232073,-83.49129491,13211.0,1530.4004980286365,0.0,295,283,0,0,283,279,18853,12,0,0,12,4
2020-08-12,US,Georgia,Murray,623,2,0,34.78897608,-84.74993177,13213.0,1553.7709497206704,0.3210272873194221,621,609,2,0,607,608,39921,14,0,0,14,1
2020-08-12,US,Georgia,Muscogee,4879,104,0,32.50931999,-84.87142262,13215.0,2492.22297708013,2.1315843410534945,4775,4826,102,0,4724,4780,194160,53,2,0,51,46
2020-08-12,US,Georgia,Newton,1895,45,0,33.55514538,-83.84547140000002,13217.0,1695.84049255441,2.3746701846965697,1850,1865,40,0,1825,1823,109541,30,5,0,25,42
2020-08-12,US,Georgia,Oconee,455,15,0,33.83749973,-83.43679568,13219.0,1129.5928500496525,3.2967032967032965,440,450,15,0,435,441,39272,5,0,0,5,9
2020-08-12,US,Georgia,Oglethorpe,236,7,0,33.878629600000004,-83.08278123,13221.0,1546.6282194114954,2.9661016949152543,229,226,7,0,219,218,15054,10,0,0,10,8
2020-08-12,US,Georgia,Out of GA,16470,96,0,0.0,0.0,80013.0,0.0,0.5828779599271403,16374,16668,96,0,16572,16749,,-198,0,0,-198,-81
2020-08-12,US,Georgia,Paulding,1789,23,0,33.91969522,-84.86848792,13223.0,1060.6698405734376,1.285634432643935,1766,1744,23,0,1721,1694,164044,45,0,0,45,50
2020-08-12,US,Georgia,Peach,402,15,0,32.56934316,-83.82937,13225.0,1459.3770420387714,3.7313432835820897,387,394,14,0,380,387,27297,8,1,0,7,7
2020-08-12,US,Georgia,Pickens,420,5,0,34.46589159,-84.46406611,13227.0,1288.6993341720106,1.1904761904761905,415,410,5,0,405,390,31980,10,0,0,10,20
2020-08-12,US,Georgia,Pierce,420,9,0,31.35928155,-82.21598442,13229.0,2157.7189827896227,2.142857142857143,411,413,9,0,404,410,19389,7,0,0,7,3
2020-08-12,US,Georgia,Pike,228,5,0,33.09310242,-84.38790389,13231.0,1202.4048096192384,2.1929824561403506,223,224,5,0,219,216,18634,4,0,0,4,8
2020-08-12,US,Georgia,Polk,877,11,0,34.00267074,-85.18677781,13233.0,2058.057400323845,1.2542759407069557,866,837,11,0,826,808,42470,40,0,0,40,29
2020-08-12,US,Georgia,Pulaski,133,3,0,32.23334561,-83.47549959999998,13235.0,1194.2174732872404,2.255639097744361,130,127,2,0,125,123,11069,6,1,0,5,4
2020-08-12,US,Georgia,Putnam,449,18,0,33.32056115,-83.37552891,13237.0,2029.9290202992904,4.0089086859688186,431,437,18,0,419,430,21809,12,0,0,12,7
2020-08-12,US,Georgia,Quitman,31,1,0,31.86728114,-85.01773177,13239.0,1348.4123531970422,3.2258064516129035,30,31,1,0,30,30,2279,0,0,0,0,1
2020-08-12,US,Georgia,Rabun,230,3,0,34.88389445,-83.40304637,13241.0,1342.125226118924,1.3043478260869563,227,227,3,0,224,215,16867,3,0,0,3,12
2020-08-12,US,Georgia,Randolph,274,26,0,31.76622818,-84.75732369,13243.0,4042.490410150487,9.489051094890511,248,273,26,0,247,272,6833,1,0,0,1,1
2020-08-12,US,Georgia,Richmond,4672,95,0,33.35777107,-82.07026432,13245.0,2306.955431122172,2.033390410958904,4577,4509,94,0,4415,4412,201554,163,1,0,162,97
2020-08-12,US,Georgia,Rockdale,1395,23,0,33.65145002,-84.02202167,13247.0,1534.7209998239746,1.6487455197132617,1372,1371,18,0,1353,1347,90594,24,5,0,19,24
2020-08-12,US,Georgia,Schley,74,1,0,32.2654021,-84.31258912,13249.0,1407.6469469279057,1.351351351351351,73,69,1,0,68,68,5236,5,0,0,5,1
2020-08-12,US,Georgia,Screven,216,9,0,32.74976524,-81.60779441,13251.0,1546.6132034942002,4.166666666666667,207,215,9,0,206,210,13938,1,0,0,1,5
2020-08-12,US,Georgia,Seminole,220,4,0,30.93464824,-84.86823924,13253.0,2719.406674907293,1.818181818181818,216,212,4,0,208,196,8315,8,0,0,8,16
2020-08-12,US,Georgia,Spalding,983,41,0,33.26310031,-84.28013991,13255.0,1473.6968352248025,4.170905391658189,942,967,41,0,926,949,66100,16,0,0,16,18
2020-08-12,US,Georgia,Stephens,663,13,0,34.55151201,-83.29405315,13257.0,2557.377049180328,1.96078431372549,650,655,13,0,642,623,26035,8,0,0,8,32
2020-08-12,US,Georgia,Stewart,256,7,0,32.07996777,-84.83208037,13259.0,3866.4854251623615,2.734375,249,256,7,0,249,255,6199,0,0,0,0,1
2020-08-12,US,Georgia,Sumter,784,56,0,32.03650571,-84.19821492,13261.0,2655.466738924265,7.142857142857142,728,775,56,0,719,768,29733,9,0,0,9,7
2020-08-12,US,Georgia,Talbot,142,3,0,32.69642758,-84.53351366,13263.0,2292.171105730428,2.112676056338028,139,140,3,0,137,138,6272,2,0,0,2,2
2020-08-12,US,Georgia,Taliaferro,13,0,0,33.56543317,-82.88136816,13265.0,845.8035133376708,0.0,13,13,0,0,13,13,1608,0,0,0,0,0
2020-08-12,US,Georgia,Tattnall,546,2,0,32.04785085,-82.05539188,13267.0,2159.297635054971,0.3663003663003663,544,520,1,0,519,511,25391,26,1,0,25,9
2020-08-12,US,Georgia,Taylor,94,2,0,32.55792548,-84.25077141,13269.0,1172.069825436409,2.127659574468085,92,93,2,0,91,88,8039,1,0,0,1,5
2020-08-12,US,Georgia,Telfair,302,12,0,31.92829517,-82.93491155,13271.0,1904.1614123581332,3.9735099337748334,290,289,10,0,279,281,15876,13,2,0,11,8
2020-08-12,US,Georgia,Terrell,306,30,0,31.77527543,-84.44069698,13273.0,3586.918297972101,9.803921568627453,276,301,30,0,271,302,8611,5,0,0,5,-1
2020-08-12,US,Georgia,Thomas,1147,44,0,30.86392347,-83.91847289,13275.0,2580.369395514161,3.836094158674804,1103,1135,43,0,1092,1125,44448,12,1,0,11,10
2020-08-12,US,Georgia,Tift,1373,41,0,31.45743864,-83.5236119,13277.0,3378.1123905127447,2.986161689730517,1332,1363,40,0,1323,1345,40571,10,1,0,9,18
2020-08-12,US,Georgia,Toombs,789,9,0,32.12059861,-82.32957247,13279.0,2940.7379798732763,1.1406844106463878,780,783,9,0,774,759,26887,6,0,0,6,24
2020-08-12,US,Georgia,Towns,154,1,0,34.91369188,-83.74107459999998,13281.0,1279.3885519647756,0.6493506493506493,153,151,1,0,150,144,11852,3,0,0,3,7
2020-08-12,US,Georgia,Treutlen,132,3,0,32.40422134,-82.56904553,13283.0,1912.7662657585852,2.272727272727273,129,130,3,0,127,129,6809,2,0,0,2,1
2020-08-12,US,Georgia,Troup,2335,71,0,33.03349196,-85.02812115,13285.0,3339.4353708417952,3.0406852248394003,2264,2312,72,0,2240,2298,70034,23,-1,0,24,14
2020-08-12,US,Georgia,Turner,257,18,0,31.71612656,-83.62069378,13287.0,3218.5347526612395,7.003891050583657,239,251,18,0,233,250,7912,6,0,0,6,1
2020-08-12,US,Georgia,Twiggs,124,4,0,32.67435595,-83.43078662,13289.0,1527.0935960591132,3.2258064516129035,120,122,4,0,118,121,8188,2,0,0,2,1
2020-08-12,US,Georgia,Unassigned,2730,8,0,0.0,0.0,90013.0,0.0,0.29304029304029305,2722,2665,12,0,2653,2856,,65,-4,0,69,-191
2020-08-12,US,Georgia,Union,298,7,0,34.82995757,-83.98967069,13291.0,1215.7806699033088,2.348993288590604,291,285,7,0,278,264,24001,13,0,0,13,21
2020-08-12,US,Georgia,Upson,574,46,0,32.87920671,-84.30024826,13293.0,2180.851063829787,8.013937282229966,528,567,46,0,521,541,26215,7,0,0,7,26
2020-08-12,US,Georgia,Walker,742,17,0,34.73376362,-85.30165174,13295.0,1063.6315419790428,2.2911051212938007,725,723,17,0,706,710,69410,19,0,0,19,13
2020-08-12,US,Georgia,Walton,1188,39,0,33.78017694,-83.73552314,13297.0,1255.9068852874948,3.2828282828282833,1149,1153,39,0,1114,1118,93503,35,0,0,35,35
2020-08-12,US,Georgia,Ware,1178,29,0,31.05449097,-82.42224148,13299.0,3296.5802876812,2.4617996604414256,1149,1170,29,0,1141,1153,35680,8,0,0,8,17
2020-08-12,US,Georgia,Warren,87,1,0,33.41146451,-82.67795848,13301.0,1655.881233346022,1.1494252873563218,86,80,1,0,79,79,5251,7,0,0,7,1
2020-08-12,US,Georgia,Washington,497,2,0,32.96711864,-82.79357039,13303.0,2439.3835280259154,0.4024144869215292,495,486,2,0,484,479,20386,11,0,0,11,7
2020-08-12,US,Georgia,Wayne,825,11,0,31.5521809,-81.91894878,13305.0,2756.707989440973,1.3333333333333333,814,790,11,0,779,785,29808,35,0,0,35,5
2020-08-12,US,Georgia,Webster,40,2,0,32.04066113,-84.54742852,13307.0,1534.3306482546989,5.0,38,40,2,0,38,39,2611,0,0,0,0,1
2020-08-12,US,Georgia,Wheeler,97,1,0,32.12009104,-82.72574721,13309.0,1234.8822406110758,1.0309278350515465,96,95,1,0,94,94,7879,2,0,0,2,1
2020-08-12,US,Georgia,White,370,6,0,34.64624278,-83.74905525,13311.0,1201.3767127735566,1.6216216216216215,364,359,5,0,354,353,29970,11,1,0,10,6
2020-08-12,US,Georgia,Whitfield,3621,32,0,34.80987459,-84.96093476,13313.0,3460.832664296365,0.8837337752002209,3589,3575,32,0,3543,3549,104062,46,0,0,46,26
2020-08-12,US,Georgia,Wilcox,188,19,0,31.97496928,-83.43438555,13315.0,2177.1858714533873,10.106382978723405,169,186,19,0,167,184,8812,2,0,0,2,2
2020-08-12,US,Georgia,Wilkes,195,3,0,33.78290391,-82.74286107,13317.0,1994.4768333844736,1.5384615384615383,192,193,3,0,190,193,9876,2,0,0,2,0
2020-08-12,US,Georgia,Wilkinson,221,11,0,32.80291082,-83.17140684,13319.0,2468.170649988832,4.977375565610861,210,220,11,0,209,215,9036,1,0,0,1,5
2020-08-12,US,Georgia,Worth,457,23,0,31.55162306,-83.85090513,13321.0,2257.1245122734226,5.032822757111598,434,450,23,0,427,449,20299,7,0,0,7,1
2020-08-12,US,Hawaii,Hawaii,135,0,0,19.60121157,-155.5210167,15001.0,66.99319646871417,0.0,135,133,0,0,133,131,200983,2,0,0,2,2
2020-08-12,US,Hawaii,Honolulu,3558,31,0,21.45803166,-157.97121819999995,15003.0,365.0867106590338,0.8712759977515458,3527,3361,27,0,3334,3249,980080,197,4,0,193,112
2020-08-12,US,Hawaii,Kauai,51,0,0,22.03935037,-159.5966786,15007.0,70.54624929107936,0.0,51,49,0,0,49,49,72133,2,0,0,2,0
2020-08-12,US,Hawaii,Maui,191,6,0,20.86399628,-156.56890969999995,15009.0,114.08638310326909,3.141361256544503,185,190,6,0,184,186,167207,1,0,0,1,4
2020-08-12,US,Hawaii,Out of HI,23,1,0,0.0,0.0,80015.0,0.0,4.3478260869565215,22,23,1,0,22,23,,0,0,0,0,0
2020-08-12,US,Idaho,Ada,9425,85,0,43.4526575,-116.24155159999998,16001.0,1957.0711003411639,0.9018567639257294,9340,9315,85,0,9230,9144,469966,110,0,0,110,171
2020-08-12,US,Idaho,Adams,20,0,0,44.89333571,-116.4545247,16003.0,465.7661853749418,0.0,20,20,0,0,20,19,4250,0,0,0,0,1
2020-08-12,US,Idaho,Bannock,443,2,0,42.67002716,-112.2233311,16005.0,504.5098396501457,0.4514672686230248,441,427,2,0,425,400,87138,16,0,0,16,27
2020-08-12,US,Idaho,Bear Lake,20,0,0,42.28269683,-111.32892379999998,16007.0,326.5306122448979,0.0,20,17,0,0,17,17,6050,3,0,0,3,0
2020-08-12,US,Idaho,Benewah,77,1,0,47.21754179,-116.6586851,16009.0,828.1350828135083,1.2987012987012987,76,72,1,0,71,64,9226,5,0,0,5,8
2020-08-12,US,Idaho,Bingham,297,2,0,43.21672879999999,-112.3978437,16011.0,634.4662579308282,0.6734006734006734,295,269,2,0,267,254,46236,28,0,0,28,15
2020-08-12,US,Idaho,Blaine,578,6,0,43.4085812,-113.9752658,16013.0,2510.7510533860386,1.038062283737024,572,578,6,0,572,577,22601,0,0,0,0,1
2020-08-12,US,Idaho,Boise,51,1,0,43.98829931,-115.7309284,16015.0,651.2578214787384,1.96078431372549,50,51,1,0,50,50,7634,0,0,0,0,1
2020-08-12,US,Idaho,Bonner,189,0,0,48.29996017,-116.6017932,16017.0,413.2141061238768,0.0,189,184,0,0,184,183,44727,5,0,0,5,1
2020-08-12,US,Idaho,Bonneville,1176,4,0,43.38713372,-111.6161537,16019.0,987.7206833414523,0.3401360544217687,1172,1112,4,0,1108,1075,116854,64,0,0,64,37
2020-08-12,US,Idaho,Boundary,38,0,0,48.76684761,-116.4630179,16021.0,310.330747243773,0.0,38,38,0,0,38,36,11948,0,0,0,0,2
2020-08-12,US,Idaho,Camas,1,0,0,43.46665742,-114.8065892,16025.0,90.41591320072331,0.0,1,1,0,0,1,1,1127,0,0,0,0,0
2020-08-12,US,Idaho,Canyon,6064,51,0,43.61970148,-116.70954990000001,16027.0,2638.253810110116,0.8410290237467019,6013,5951,51,0,5900,5869,223499,113,0,0,113,82
2020-08-12,US,Idaho,Caribou,33,0,0,42.77149116,-111.5597683,16029.0,461.2159329140461,0.0,33,32,0,0,32,32,7060,1,0,0,1,0
2020-08-12,US,Idaho,Cassia,532,1,0,42.28347888,-113.6012409,16031.0,2213.899292550978,0.18796992481203006,531,527,1,0,526,525,23864,5,0,0,5,2
2020-08-12,US,Idaho,Clark,9,0,0,44.28496071,-112.35057040000001,16033.0,1065.0887573964496,0.0,9,9,0,0,9,8,852,0,0,0,0,1
2020-08-12,US,Idaho,Clearwater,17,0,0,46.67459924,-115.6622393,16035.0,194.15258108725445,0.0,17,17,0,0,17,17,8758,0,0,0,0,0
2020-08-12,US,Idaho,Custer,11,0,0,44.24186819,-114.2855494,16037.0,254.9246813441484,0.0,11,11,0,0,11,10,4280,0,0,0,0,1
2020-08-12,US,Idaho,Elmore,218,3,0,43.3507101,-115.4701578,16039.0,792.4103086038311,1.3761467889908257,215,215,3,0,212,213,27259,3,0,0,3,2
2020-08-12,US,Idaho,Franklin,52,0,0,42.18332217,-111.81496659999999,16041.0,374.7477659267801,0.0,52,52,0,0,52,52,13726,0,0,0,0,0
2020-08-12,US,Idaho,Fremont,89,0,0,44.22800938,-111.48099429999999,16043.0,679.4411787159328,0.0,89,87,0,0,87,85,13168,2,0,0,2,2
2020-08-12,US,Idaho,Gem,183,1,0,44.06482372,-116.398376,16045.0,1010.379858657244,0.5464480874316939,182,180,1,0,179,180,17634,3,0,0,3,0
2020-08-12,US,Idaho,Gooding,174,1,0,42.96927962,-114.81083059999999,16047.0,1146.320574477897,0.5747126436781609,173,170,1,0,169,169,15196,4,0,0,4,1
2020-08-12,US,Idaho,Idaho,33,0,0,45.84721541,-115.4634436,16049.0,197.99604007919842,0.0,33,32,0,0,32,32,16513,1,0,0,1,0
2020-08-12,US,Idaho,Jefferson,219,1,0,43.82078483,-112.3131749,16051.0,733.1525559907602,0.45662100456620996,218,214,1,0,213,201,29439,5,0,0,5,13
2020-08-12,US,Idaho,Jerome,499,6,0,42.68891267,-114.2655033,16053.0,2044.0766835982306,1.2024048096192386,493,488,6,0,482,483,24015,11,0,0,11,5
2020-08-12,US,Idaho,Kootenai,1922,16,0,47.67282258,-116.7020872,16055.0,1159.9485808433467,0.8324661810613944,1906,1856,16,0,1840,1792,161505,66,0,0,66,64
2020-08-12,US,Idaho,Latah,113,0,0,46.81587887,-116.71136979999999,16057.0,281.73930387952527,0.0,113,107,0,0,107,102,40134,6,0,0,6,5
2020-08-12,US,Idaho,Lemhi,35,0,0,44.9438088,-113.9309747,16059.0,436.0284041360409,0.0,35,28,0,0,28,25,7961,7,0,0,7,3
2020-08-12,US,Idaho,Lincoln,59,0,0,43.0012336,-114.1358773,16063.0,1099.5154677599699,0.0,59,59,0,0,59,59,5360,0,0,0,0,0
2020-08-12,US,Idaho,Madison,175,0,0,43.78141028,-111.65384740000002,16065.0,438.5195579722856,0.0,175,172,0,0,172,170,39304,3,0,0,3,2
2020-08-12,US,Idaho,Minidoka,486,2,0,42.85518524,-113.6357257,16067.0,2309.995722230144,0.41152263374485604,484,479,2,0,477,480,20825,7,0,0,7,-1
2020-08-12,US,Idaho,Nez Perce,162,19,0,46.32638236,-116.75009750000001,16069.0,400.91071075034654,11.728395061728394,143,161,19,0,142,161,40408,1,0,0,1,0
2020-08-12,US,Idaho,Oneida,16,0,0,42.19494279999999,-112.5407838,16071.0,353.12293092032667,0.0,16,15,0,0,15,14,4488,1,0,0,1,1
2020-08-12,US,Idaho,Owyhee,269,3,0,42.58016894,-116.16938710000001,16073.0,2275.2262539118665,1.1152416356877324,266,266,3,0,263,265,11693,3,0,0,3,1
2020-08-12,US,Idaho,Payette,417,3,0,44.00545243,-116.7647695,16075.0,1741.0546532503863,0.7194244604316546,414,405,3,0,402,394,23551,12,0,0,12,11
2020-08-12,US,Idaho,Power,62,0,0,42.69254894,-112.83957420000002,16077.0,807.1865642494465,0.0,62,58,0,0,58,57,7768,4,0,0,4,1
2020-08-12,US,Idaho,Shoshone,132,2,0,47.35364087,-115.89167490000001,16079.0,1024.685607824872,1.5151515151515151,130,117,2,0,115,100,12796,15,0,0,15,17
2020-08-12,US,Idaho,Teton,86,0,0,43.75303583,-111.2056773,16081.0,708.2852907264042,0.0,86,85,0,0,85,83,11640,1,0,0,1,2
2020-08-12,US,Idaho,Twin Falls,1464,32,0,42.35440512,-114.6685381,16083.0,1685.1216648633715,2.1857923497267757,1432,1435,32,0,1403,1430,86081,29,0,0,29,5
2020-08-12,US,Idaho,Unassigned,5,0,0,0.0,0.0,90016.0,0.0,0.0,5,5,0,0,5,5,,0,0,0,0,0
2020-08-12,US,Idaho,Valley,66,1,0,44.76728382,-115.5676773,16085.0,579.3539325842696,1.5151515151515151,65,65,1,0,64,61,11041,1,0,0,1,4
2020-08-12,US,Idaho,Washington,217,3,0,44.45275475,-116.78476880000001,16087.0,2128.703158720816,1.3824884792626728,214,216,3,0,213,209,10161,1,0,0,1,7
2020-08-12,US,Illinois,Adams,580,6,0,39.98815591,-91.18786813,17001.0,886.3757927714528,1.0344827586206895,574,557,6,0,551,542,65691,23,0,0,23,15
2020-08-12,US,Illinois,Alexander,37,0,0,37.18049267,-89.32910838,17003.0,642.2496094428051,0.0,37,37,0,0,37,37,6060,0,0,0,0,0
2020-08-12,US,Illinois,Bond,64,3,0,38.88829622,-89.43534887,17005.0,389.6262023621088,4.6875,61,62,3,0,59,62,16630,2,0,0,2,0
2020-08-12,US,Illinois,Boone,770,23,0,42.32359279,-88.82345779,17007.0,1438.0696249813238,2.9870129870129865,747,769,23,0,746,766,53577,1,0,0,1,3
2020-08-12,US,Illinois,Brown,15,0,0,39.96209138,-90.75068024,17009.0,228.0328367284889,0.0,15,15,0,0,15,14,6556,0,0,0,0,1
2020-08-12,US,Illinois,Bureau,241,3,0,41.40385234,-89.5283051,17011.0,738.6293980630134,1.2448132780082988,238,231,3,0,228,215,32993,10,0,0,10,16
2020-08-12,US,Illinois,Calhoun,11,0,0,39.16840183,-90.66330078,17013.0,232.11648027009917,0.0,11,9,0,0,9,10,4802,2,0,0,2,-1
2020-08-12,US,Illinois,Carroll,64,4,0,42.06823429,-89.93395545,17015.0,447.39601537923795,6.25,60,61,4,0,57,59,14312,3,0,0,3,2
2020-08-12,US,Illinois,Cass,238,11,0,39.96991073,-90.24734436,17017.0,1959.3315221865478,4.621848739495798,227,233,11,0,222,231,12260,5,0,0,5,2
2020-08-12,US,Illinois,Champaign,1709,19,0,40.13919438,-88.20046615,17019.0,815.0165244719561,1.1117612638970158,1690,1693,19,0,1674,1686,209983,16,0,0,16,7
2020-08-12,US,Illinois,Christian,144,4,0,39.54581621,-89.27780482,17021.0,445.76523031203567,2.7777777777777777,140,143,4,0,139,143,32661,1,0,0,1,0
2020-08-12,US,Illinois,Clark,87,2,0,39.33425789,-87.78705622,17023.0,563.4350106858365,2.2988505747126435,85,87,2,0,85,83,15596,0,0,0,0,4
2020-08-12,US,Illinois,Clay,27,0,0,38.75388572,-88.48914513,17025.0,204.7936893203884,0.0,27,26,0,0,26,23,13253,1,0,0,1,3
2020-08-12,US,Illinois,Clinton,419,17,0,38.60704876,-89.42385254,17027.0,1115.4890580906235,4.05727923627685,402,415,17,0,398,411,37639,4,0,0,4,4
2020-08-12,US,Illinois,Coles,520,21,0,39.51949084,-88.22358557,17029.0,1027.2416586001857,4.038461538461538,499,492,21,0,471,487,50885,28,0,0,28,5
2020-08-12,US,Illinois,Cook,113044,4934,0,41.84144849,-87.81658794,17031.0,2194.9298216216625,4.364672163051555,108110,112484,4933,0,107551,111948,5180493,560,1,0,559,536
2020-08-12,US,Illinois,Crawford,29,0,0,39.0032229,-87.75954624,17033.0,155.354368671988,0.0,29,30,0,0,30,29,18807,-1,0,0,-1,1
2020-08-12,US,Illinois,Cumberland,57,3,0,39.27432424,-88.2401158,17035.0,529.4445476500093,5.2631578947368425,54,57,3,0,54,57,10808,0,0,0,0,0
2020-08-12,US,Illinois,De Witt,34,0,0,40.17514519,-88.90959682,17039.0,217.4191073027241,0.0,34,34,0,0,34,33,15769,0,0,0,0,1
2020-08-12,US,Illinois,DeKalb,956,31,0,41.89373302,-88.76958483,17037.0,911.3702012450308,3.2426778242677825,925,947,30,0,917,938,104143,9,1,0,8,9
2020-08-12,US,Illinois,Douglas,129,3,0,39.76768052,-88.21854195,17041.0,662.727973285384,2.3255813953488373,126,122,2,0,120,122,19479,7,1,0,6,0
2020-08-12,US,Illinois,DuPage,12511,522,0,41.85116968,-88.08642662,17043.0,1355.5873146238953,4.172328351051076,11989,12427,522,0,11905,12312,928589,84,0,0,84,115
2020-08-12,US,Illinois,Edgar,29,0,0,39.6809186,-87.74759563,17045.0,168.98782122253945,0.0,29,29,0,0,29,29,17360,0,0,0,0,0
2020-08-12,US,Illinois,Edwards,24,0,0,38.41353228,-88.05720863,17047.0,375.2931978107897,0.0,24,20,0,0,20,18,6392,4,0,0,4,2
2020-08-12,US,Illinois,Effingham,183,1,0,39.05935711,-88.58969584,17049.0,538.1086803105152,0.5464480874316939,182,163,1,0,162,162,34208,20,0,0,20,1
2020-08-12,US,Illinois,Fayette,71,3,0,39.00072038,-89.02452658,17051.0,332.77090363704536,4.225352112676056,68,69,3,0,66,67,21416,2,0,0,2,2
2020-08-12,US,Illinois,Ford,50,2,0,40.59706922,-88.22350769,17053.0,385.7727027235552,4.0,48,50,2,0,48,49,13264,0,0,0,0,1
2020-08-12,US,Illinois,Franklin,198,1,0,37.99189086,-88.92567818,17055.0,514.7001481712548,0.5050505050505051,197,194,1,0,193,191,38701,4,0,0,4,3
2020-08-12,US,Illinois,Fulton,37,0,0,40.47289135,-90.20862357,17057.0,107.74606872451952,0.0,37,35,0,0,35,34,34844,2,0,0,2,1
2020-08-12,US,Illinois,Gallatin,51,2,0,37.76430935,-88.22953869,17059.0,1056.338028169014,3.92156862745098,49,51,2,0,49,51,5058,0,0,0,0,0
2020-08-12,US,Illinois,Greene,66,0,0,39.35907414,-90.388865,17061.0,508.90585241730275,0.0,66,59,0,0,59,58,13044,7,0,0,7,1
2020-08-12,US,Illinois,Grundy,343,5,0,41.28569601,-88.41905692,17063.0,671.8376620832844,1.4577259475218658,338,334,5,0,329,326,50972,9,0,0,9,8
2020-08-12,US,Illinois,Hamilton,30,0,0,38.08163641,-88.53883373,17065.0,369.6402168555938,0.0,30,29,0,0,29,29,8163,1,0,0,1,0
2020-08-12,US,Illinois,Hancock,68,1,0,40.40423981,-91.16313899,17067.0,384.00722837135766,1.4705882352941178,67,63,1,0,62,62,17844,5,0,0,5,1
2020-08-12,US,Illinois,Hardin,18,0,0,37.51810645,-88.26873022,17069.0,471.08086888249153,0.0,18,18,0,0,18,18,3910,0,0,0,0,0
2020-08-12,US,Illinois,Henderson,14,0,0,40.81908672,-90.92491462,17071.0,210.65302437556423,0.0,14,13,0,0,13,13,6709,1,0,0,1,0
2020-08-12,US,Illinois,Henry,262,1,0,41.3533994,-90.13296166,17073.0,535.6449205732628,0.3816793893129771,261,253,1,0,252,248,49090,9,0,0,9,5
2020-08-12,US,Illinois,Iroquois,269,12,0,40.74717633,-87.82466784,17075.0,992.1073983919746,4.4609665427509295,257,267,11,0,256,265,27604,2,1,0,1,2
2020-08-12,US,Illinois,Jackson,740,20,0,37.78595185,-89.38232563,17077.0,1303.964757709251,2.702702702702702,720,731,20,0,711,722,57419,9,0,0,9,9
2020-08-12,US,Illinois,Jasper,59,7,0,39.01054275,-88.15437049,17079.0,613.9438085327782,11.864406779661017,52,60,7,0,53,59,9611,-1,0,0,-1,1
2020-08-12,US,Illinois,Jefferson,304,20,0,38.29980057,-88.9240025,17081.0,806.7084173654599,6.578947368421053,284,292,19,0,273,290,37820,12,1,0,11,2
2020-08-12,US,Illinois,Jersey,122,2,0,39.08869046,-90.35393073,17083.0,560.3270105176135,1.639344262295082,120,117,2,0,115,115,21847,5,0,0,5,2
2020-08-12,US,Illinois,Jo Daviess,133,1,0,42.36542373,-90.21094405,17085.0,626.3244643277608,0.7518796992481203,132,130,1,0,129,127,21366,3,0,0,3,3
2020-08-12,US,Illinois,Johnson,70,0,0,37.45939802,-88.88165419,17087.0,563.7432552146253,0.0,70,71,0,0,71,69,12456,-1,0,0,-1,2
2020-08-12,US,Illinois,Kane,9948,305,0,41.93842729,-88.42861412,17089.0,1868.509381051572,3.0659429030961003,9643,9878,305,0,9573,9803,534216,70,0,0,70,75
2020-08-12,US,Illinois,Kankakee,1807,69,0,41.13746989,-87.86205334,17091.0,1644.7907374706451,3.818483674598783,1738,1802,69,0,1733,1787,110024,5,0,0,5,15
2020-08-12,US,Illinois,Kendall,1412,23,0,41.59081014,-88.42869583,17093.0,1094.6585006589655,1.6288951841359771,1389,1398,23,0,1375,1379,127915,14,0,0,14,19
2020-08-12,US,Illinois,Knox,324,1,0,40.93148779,-90.21330340000002,17095.0,651.9245860077667,0.308641975308642,323,313,1,0,312,303,50112,11,0,0,11,10
2020-08-12,US,Illinois,LaSalle,825,25,0,41.34426129999999,-88.88633881,17099.0,759.1861524445793,3.0303030303030303,800,801,24,0,777,783,109430,24,1,0,23,18
2020-08-12,US,Illinois,Lake,12939,449,0,42.3224907,-88.00367925,17097.0,1857.6238092845301,3.4701290671612948,12490,12852,447,0,12405,12741,700832,87,2,0,85,111
2020-08-12,US,Illinois,Lawrence,51,0,0,38.71987914,-87.72884035,17101.0,325.2965939533104,0.0,51,51,0,0,51,50,15765,0,0,0,0,1
2020-08-12,US,Illinois,Lee,186,1,0,41.74583951,-89.29977132,17103.0,545.5185358986391,0.5376344086021505,185,178,1,0,177,173,34223,8,0,0,8,5
2020-08-12,US,Illinois,Livingston,130,3,0,40.89188292,-88.55784752,17105.0,364.67684021544,2.3076923076923075,127,122,3,0,119,116,35761,8,0,0,8,6
2020-08-12,US,Illinois,Logan,166,1,0,40.12581572,-89.36638784,17107.0,580.0545111468308,0.6024096385542169,165,157,1,0,156,122,28925,9,0,0,9,35
2020-08-12,US,Illinois,Macon,678,23,0,39.86064913,-88.96342505,17115.0,651.8666653847263,3.392330383480826,655,650,23,0,627,641,104712,28,0,0,28,9
2020-08-12,US,Illinois,Macoupin,200,3,0,39.26119767,-89.92424028,17117.0,445.17651248720114,1.5,197,182,3,0,179,181,45313,18,0,0,18,1
2020-08-12,US,Illinois,Madison,2777,78,0,38.83042506,-89.90422563,17119.0,1056.03005711765,2.8087864602088586,2699,2702,76,0,2626,2634,264461,75,2,0,73,68
2020-08-12,US,Illinois,Marion,169,0,0,38.64963204,-88.91899208,17121.0,454.24002150248634,0.0,169,165,0,0,165,161,37620,4,0,0,4,4
2020-08-12,US,Illinois,Marshall,28,0,0,41.0327901,-89.34510444,17123.0,244.79804161566707,0.0,28,28,0,0,28,27,11534,0,0,0,0,1
2020-08-12,US,Illinois,Mason,57,0,0,40.23917274,-89.91824452,17125.0,426.6786436110488,0.0,57,56,0,0,56,53,13565,1,0,0,1,3
2020-08-12,US,Illinois,Massac,42,0,0,37.22078441,-88.71036614,17127.0,304.9665988963114,0.0,42,41,0,0,41,40,14080,1,0,0,1,1
2020-08-12,US,Illinois,McDonough,147,15,0,40.45674722,-90.67775541,17109.0,495.2496462502527,10.20408163265306,132,145,15,0,130,146,29955,2,0,0,2,-1
2020-08-12,US,Illinois,McHenry,3279,114,0,42.32451172,-88.45248227,17111.0,1065.3921383872582,3.4766697163769438,3165,3250,114,0,3136,3218,308570,29,0,0,29,32
2020-08-12,US,Illinois,McLean,686,15,0,40.48996987,-88.84621113,17113.0,399.960353784173,2.186588921282799,671,670,15,0,655,655,172828,16,0,0,16,15
2020-08-12,US,Illinois,Menard,58,0,0,40.02742725,-89.80246001,17129.0,475.5657592653329,0.0,58,57,0,0,57,56,12288,1,0,0,1,1
2020-08-12,US,Illinois,Mercer,77,4,0,41.20596782,-90.74290052,17131.0,498.8015806179957,5.194805194805196,73,76,4,0,72,76,15601,1,0,0,1,0
2020-08-12,US,Illinois,Monroe,332,13,0,38.27594376,-90.17761038,17133.0,958.5125732598088,3.9156626506024095,319,323,13,0,310,318,34335,9,0,0,9,5
2020-08-12,US,Illinois,Montgomery,174,7,0,39.23198845,-89.47809254,17135.0,612.3741817413951,4.022988505747127,167,171,7,0,164,169,28601,3,0,0,3,2
2020-08-12,US,Illinois,Morgan,286,6,0,39.71654544,-90.20255104,17137.0,849.7236912472517,2.097902097902098,280,269,6,0,263,268,33976,17,0,0,17,1
2020-08-12,US,Illinois,Moultrie,93,0,0,39.64187451,-88.62099969,17139.0,641.3350803392871,0.0,93,75,0,0,75,74,14717,18,0,0,18,1
2020-08-12,US,Illinois,Ogle,420,5,0,42.04165196,-89.32184679,17141.0,829.3347550500563,1.1904761904761905,415,416,5,0,411,411,50923,4,0,0,4,5
2020-08-12,US,Illinois,Peoria,1717,36,0,40.78702156,-89.76078901,17143.0,958.2596174774943,2.0966802562609197,1681,1667,36,0,1631,1630,180621,50,0,0,50,37
2020-08-12,US,Illinois,Perry,185,3,0,38.08510853,-89.36856219,17145.0,884.4903423216676,1.6216216216216215,182,184,2,0,182,184,21174,1,1,0,0,0
2020-08-12,US,Illinois,Piatt,64,0,0,40.01360584,-88.59319339,17147.0,391.58100832109636,0.0,64,63,0,0,63,63,16396,1,0,0,1,0
2020-08-12,US,Illinois,Pike,26,0,0,39.62265059,-90.8877017,17149.0,167.0843776106934,0.0,26,24,0,0,24,23,15611,2,0,0,2,1
2020-08-12,US,Illinois,Pope,11,0,0,37.41391284,-88.56152109,17151.0,263.3468996887718,0.0,11,11,0,0,11,9,4212,0,0,0,0,2
2020-08-12,US,Illinois,Pulaski,97,1,0,37.22631423,-89.13085001,17153.0,1818.1818181818185,1.0309278350515465,96,94,1,0,93,94,5463,3,0,0,3,0
2020-08-12,US,Illinois,Putnam,14,0,0,41.2013541,-89.2869272,17155.0,243.9449381425336,0.0,14,14,0,0,14,13,5740,0,0,0,0,1
2020-08-12,US,Illinois,Randolph,486,7,0,38.05095369,-89.82512254,17157.0,1529.1674532754391,1.4403292181069958,479,474,7,0,467,470,32106,12,0,0,12,4
2020-08-12,US,Illinois,Richland,22,0,0,38.71240969,-88.08475366,17159.0,141.81654096564168,0.0,22,20,0,0,20,20,15763,2,0,0,2,0
2020-08-12,US,Illinois,Rock Island,1784,38,0,41.46613806,-90.57042164,17161.0,1257.4094827282402,2.1300448430493275,1746,1764,36,0,1728,1756,143477,20,2,0,18,8
2020-08-12,US,Illinois,Saline,134,2,0,37.75332999,-88.54119706,17165.0,570.4312289813121,1.492537313432836,132,134,2,0,132,132,23906,0,0,0,0,2
2020-08-12,US,Illinois,Sangamon,1323,33,0,39.75836914,-89.65872023,17167.0,679.6046683652503,2.4943310657596367,1290,1297,33,0,1264,1274,195348,26,0,0,26,23
2020-08-12,US,Illinois,Schuyler,19,0,0,40.157179799999994,-90.61114163,17169.0,280.73286052009456,0.0,19,18,0,0,18,18,6907,1,0,0,1,0
2020-08-12,US,Illinois,Scott,27,0,0,39.642916899999996,-90.47814431,17171.0,545.3443748737628,0.0,27,21,0,0,21,21,4926,6,0,0,6,0
2020-08-12,US,Illinois,Shelby,90,1,0,39.39133527,-88.80611122,17173.0,416.01183322547837,1.1111111111111112,89,86,1,0,85,80,21741,4,0,0,4,6
2020-08-12,US,Illinois,St. Clair,4155,162,0,38.46996033,-89.93063427,17163.0,1600.0092419306393,3.8989169675090247,3993,4107,161,0,3946,4028,261059,48,1,0,47,79
2020-08-12,US,Illinois,Stark,7,0,0,41.09309773,-89.79745866,17175.0,131.03706476974915,0.0,7,7,0,0,7,7,5427,0,0,0,0,0
2020-08-12,US,Illinois,Stephenson,335,6,0,42.35129217,-89.662598,17177.0,752.842824396602,1.791044776119403,329,334,6,0,328,330,44753,1,0,0,1,4
2020-08-12,US,Illinois,Tazewell,581,8,0,40.50716185,-89.51404662,17179.0,440.8093897710977,1.3769363166953528,573,610,8,0,602,591,132328,-29,0,0,-29,19
2020-08-12,US,Illinois,Unassigned,1395,209,0,0.0,0.0,90017.0,0.0,14.982078853046596,1186,1347,209,0,1138,1358,,48,0,0,48,-11
2020-08-12,US,Illinois,Union,330,23,0,37.47119609,-89.25548938,17181.0,1981.6249324446048,6.96969696969697,307,327,23,0,304,324,16841,3,0,0,3,3
2020-08-12,US,Illinois,Vermilion,249,2,0,40.18417171,-87.73384359,17183.0,328.67815940230736,0.8032128514056225,247,234,2,0,232,236,76806,15,0,0,15,-2
2020-08-12,US,Illinois,Wabash,42,0,0,38.44272901,-87.84922065,17185.0,364.58333333333326,0.0,42,40,0,0,40,35,11549,2,0,0,2,5
2020-08-12,US,Illinois,Warren,194,0,0,40.84925021,-90.6147432,17187.0,1151.7454286392779,0.0,194,191,0,0,191,191,17032,3,0,0,3,0
2020-08-12,US,Illinois,Washington,67,0,0,38.35309213,-89.40982703,17189.0,482.465615323684,0.0,67,67,0,0,67,67,13995,0,0,0,0,0
2020-08-12,US,Illinois,Wayne,66,2,0,38.42955355,-88.42586459,17191.0,407.03052728954674,3.0303030303030303,64,66,2,0,64,62,16332,0,0,0,0,4
2020-08-12,US,Illinois,White,72,0,0,38.08706198,-88.17657461,17193.0,531.8756002068405,0.0,72,71,0,0,71,69,13665,1,0,0,1,2
2020-08-12,US,Illinois,Whiteside,367,17,0,41.75509713,-89.91556058,17195.0,665.1563207974626,4.632152588555858,350,366,17,0,349,359,55626,1,0,0,1,7
2020-08-12,US,Illinois,Will,9486,346,0,41.44619267,-87.97862712,17197.0,1373.3038192207518,3.6474804975753736,9140,9413,346,0,9067,9315,692310,73,0,0,73,98
2020-08-12,US,Illinois,Williamson,454,7,0,37.73033511,-88.92994027,17199.0,681.7123894469721,1.5418502202643172,447,434,6,0,428,409,67056,20,1,0,19,25
2020-08-12,US,Illinois,Winnebago,3806,131,0,42.33641854,-89.16085327,17201.0,1346.91335305692,3.4419337887545978,3675,3797,131,0,3666,3784,284081,9,0,0,9,13
2020-08-12,US,Illinois,Woodford,170,3,0,40.78579374,-89.20973757,17203.0,442.0291739254792,1.7647058823529411,167,158,3,0,155,152,38463,12,0,0,12,6
2020-08-12,US,Indiana,Adams,117,2,0,40.7457653,-84.93671406,18001.0,327.02574279565084,1.709401709401709,115,109,2,0,107,102,35636,8,0,0,8,7
2020-08-12,US,Indiana,Allen,4040,163,0,41.09194313,-85.06800636,18003.0,1065.1227659445447,4.034653465346533,3877,4002,163,0,3839,3937,375351,38,0,0,38,65
2020-08-12,US,Indiana,Bartholomew,821,47,0,39.20744865,-85.89558181,18005.0,979.9591783143746,5.724725943970768,774,817,47,0,770,801,82753,4,0,0,4,16
2020-08-12,US,Indiana,Benton,64,0,0,40.60626947,-87.31093999,18007.0,731.5957933241884,0.0,64,64,0,0,64,62,8653,0,0,0,0,2
2020-08-12,US,Indiana,Blackford,66,2,0,40.47388153,-85.32499702,18009.0,561.3199523728525,3.0303030303030303,64,65,2,0,63,65,11930,1,0,0,1,0
2020-08-12,US,Indiana,Boone,697,46,0,40.0509304,-86.46841646,18011.0,1027.3720206948396,6.599713055954089,651,687,46,0,641,683,66999,10,0,0,10,4
2020-08-12,US,Indiana,Brown,75,2,0,39.19605589,-86.22868909,18013.0,496.95202756427256,2.6666666666666665,73,74,1,0,73,74,15234,1,1,0,0,0
2020-08-12,US,Indiana,Carroll,200,3,0,40.580783200000006,-86.56198812,18015.0,987.3130275953994,1.5,197,196,2,0,194,193,20127,4,1,0,3,3
2020-08-12,US,Indiana,Cass,1806,9,0,40.76135835,-86.34830753,18017.0,4791.849080633608,0.4983388704318937,1797,1802,9,0,1793,1796,37955,4,0,0,4,6
2020-08-12,US,Indiana,Clark,1307,50,0,38.48015445,-85.70510334,18019.0,1104.7995807340537,3.825554705432288,1257,1287,49,0,1238,1244,117360,20,1,0,19,43
2020-08-12,US,Indiana,Clay,131,5,0,39.39561833,-87.11723506,18021.0,499.5233555767397,3.816793893129771,126,124,5,0,119,124,26170,7,0,0,7,0
2020-08-12,US,Indiana,Clinton,450,4,0,40.30319754,-86.47277257,18023.0,1388.9317571529984,0.8888888888888888,446,444,4,0,440,440,32250,6,0,0,6,4
2020-08-12,US,Indiana,Crawford,45,0,0,38.28814402,-86.44518825,18025.0,425.4514512621726,0.0,45,45,0,0,45,45,10558,0,0,0,0,0
2020-08-12,US,Indiana,Daviess,279,20,0,38.70186039,-87.07185406,18027.0,836.556624988756,7.168458781362008,259,277,20,0,257,273,33147,2,0,0,2,4
2020-08-12,US,Indiana,DeKalb,238,4,0,41.39804622,-84.99906934,18033.0,547.4410580793558,1.680672268907563,234,238,4,0,234,235,43226,0,0,0,0,3
2020-08-12,US,Indiana,Dearborn,516,28,0,39.14647946,-84.97333539,18029.0,1043.309474705811,5.426356589147288,488,512,28,0,484,508,49568,4,0,0,4,4
2020-08-12,US,Indiana,Decatur,342,32,0,39.30712658,-85.50087166,18031.0,1287.6990850559132,9.35672514619883,310,341,32,0,309,338,26794,1,0,0,1,3
2020-08-12,US,Indiana,Delaware,760,52,0,40.22787247,-85.39732772,18035.0,665.8781267796908,6.842105263157895,708,745,52,0,693,738,114772,15,0,0,15,7
2020-08-12,US,Indiana,Dubois,713,12,0,38.36597551,-86.87924170000002,18037.0,1668.3826282291275,1.6830294530154275,701,708,12,0,696,700,42565,5,0,0,5,8
2020-08-12,US,Indiana,Elkhart,4955,86,0,41.59761169,-85.85875695,18039.0,2401.3647311973873,1.7356205852674067,4869,4926,85,0,4841,4883,205560,29,1,0,28,43
2020-08-12,US,Indiana,Fayette,195,7,0,39.63684962,-85.17797541,18041.0,844.0827633971085,3.58974358974359,188,194,7,0,187,190,23047,1,0,0,1,4
2020-08-12,US,Indiana,Floyd,822,49,0,38.32117957,-85.90385377,18043.0,1046.8403759455948,5.9610705596107065,773,809,48,0,761,791,77781,13,1,0,12,18
2020-08-12,US,Indiana,Fountain,76,2,0,40.12361933,-87.24217689,18045.0,464.9455524287287,2.631578947368421,74,74,2,0,72,74,16351,2,0,0,2,0
2020-08-12,US,Indiana,Franklin,247,15,0,39.4142482,-85.06062647,18047.0,1085.3326302838561,6.0728744939271255,232,246,15,0,231,243,22736,1,0,0,1,3
2020-08-12,US,Indiana,Fulton,173,2,0,41.0469907,-86.26252745,18049.0,866.1259637528788,1.1560693641618498,171,172,2,0,170,169,20092,1,0,0,1,3
2020-08-12,US,Indiana,Gibson,233,4,0,38.30393723,-87.58054938,18051.0,692.2368460144389,1.7167381974248928,229,231,4,0,227,228,33452,2,0,0,2,3
2020-08-12,US,Indiana,Grant,531,30,0,40.51587228,-85.65468702,18053.0,807.3712539342242,5.649717514124294,501,529,30,0,499,528,65936,2,0,0,2,1
2020-08-12,US,Indiana,Greene,254,34,0,39.03630547,-86.96223202,18055.0,795.6894931395276,13.385826771653544,220,254,34,0,220,251,32006,0,0,0,0,3
2020-08-12,US,Indiana,Hamilton,2887,104,0,40.07306535,-86.05244729,18057.0,854.1142152178479,3.602355386214063,2783,2829,104,0,2725,2803,330086,58,0,0,58,26
2020-08-12,US,Indiana,Hancock,688,39,0,39.82304555,-85.77566351,18059.0,880.1555623784669,5.668604651162791,649,683,39,0,644,670,76351,5,0,0,5,13
2020-08-12,US,Indiana,Harrison,352,24,0,38.19467379,-86.10948271,18061.0,868.814019498951,6.8181818181818175,328,348,23,0,325,341,40350,4,1,0,3,7
2020-08-12,US,Indiana,Hendricks,1943,108,0,39.76719009,-86.51037283,18063.0,1140.8540845864331,5.558414822439526,1835,1927,108,0,1819,1901,167009,16,0,0,16,26
2020-08-12,US,Indiana,Henry,418,20,0,39.93029017,-85.39625719,18065.0,871.3416159426332,4.784688995215312,398,406,20,0,386,385,48271,12,0,0,12,21
2020-08-12,US,Indiana,Howard,920,65,0,40.48527731,-86.11351892,18067.0,1114.5570847063384,7.065217391304348,855,913,65,0,848,905,82366,7,0,0,7,8
2020-08-12,US,Indiana,Huntington,127,3,0,40.82907273,-85.48822092,18069.0,347.7546549835708,2.3622047244094486,124,124,3,0,121,124,36240,3,0,0,3,0
2020-08-12,US,Indiana,Jackson,597,5,0,38.90915820000001,-86.03851889,18071.0,1349.7320883543214,0.8375209380234506,592,596,5,0,591,588,44111,1,0,0,1,8
2020-08-12,US,Indiana,Jasper,257,2,0,41.02078733,-87.11553319,18073.0,765.7469757463797,0.7782101167315175,255,255,2,0,253,245,33370,2,0,0,2,10
2020-08-12,US,Indiana,Jay,92,0,0,40.43781032,-85.00576229,18075.0,450.18594636915253,0.0,92,92,0,0,92,92,20764,0,0,0,0,0
2020-08-12,US,Indiana,Jefferson,166,2,0,38.78576239,-85.43633383,18077.0,513.8046304320911,1.2048192771084338,164,167,2,0,165,165,32208,-1,0,0,-1,2
2020-08-12,US,Indiana,Jennings,228,12,0,38.99588883,-85.62710784,18079.0,822.065981611682,5.2631578947368425,216,227,12,0,215,226,27611,1,0,0,1,1
2020-08-12,US,Indiana,Johnson,1794,119,0,39.48994426,-86.10149107,18081.0,1134.244184943762,6.633221850613156,1675,1789,119,0,1670,1767,156225,5,0,0,5,22
2020-08-12,US,Indiana,Knox,164,0,0,38.68861576,-87.4194665,18083.0,448.16090069410285,0.0,164,161,0,0,161,159,36895,3,0,0,3,2
2020-08-12,US,Indiana,Kosciusko,872,12,0,41.24521668,-85.86312322,18085.0,1097.4627466774064,1.3761467889908257,860,868,12,0,856,862,79344,4,0,0,4,6
2020-08-12,US,Indiana,LaGrange,566,10,0,41.64232188,-85.42674232,18087.0,1428.7878022921188,1.7667844522968197,556,563,10,0,553,559,39330,3,0,0,3,4
2020-08-12,US,Indiana,LaPorte,935,30,0,41.54366008,-86.74072188,18091.0,850.8663366336632,3.2085561497326203,905,931,30,0,901,921,110007,4,0,0,4,10
2020-08-12,US,Indiana,Lake,7742,281,0,41.41874274,-87.38277575,18089.0,1594.6676883085852,3.629553087057608,7461,7688,278,0,7410,7632,484411,54,3,0,51,56
2020-08-12,US,Indiana,Lawrence,357,27,0,38.84112637,-86.48361629,18093.0,786.8635662331939,7.563025210084032,330,352,27,0,325,350,45668,5,0,0,5,2
2020-08-12,US,Indiana,Madison,1030,66,0,40.16143691,-85.71964711,18095.0,794.9432348787133,6.407766990291263,964,1006,65,0,941,987,129641,24,1,0,23,19
2020-08-12,US,Indiana,Marion,16194,731,0,39.78163624,-86.13826325,18097.0,1678.8619319041825,4.514017537359517,15463,16088,730,0,15358,15963,954670,106,1,0,105,125
2020-08-12,US,Indiana,Marshall,794,23,0,41.32467367,-86.26185087,18099.0,1716.459855592546,2.896725440806045,771,793,23,0,770,790,46248,1,0,0,1,3
2020-08-12,US,Indiana,Martin,50,0,0,38.7099921,-86.80373186,18101.0,487.56704046806436,0.0,50,48,0,0,48,45,10217,2,0,0,2,3
2020-08-12,US,Indiana,Miami,277,2,0,40.76940965,-86.04525048,18103.0,779.9301723167023,0.7220216606498195,275,277,2,0,275,274,35567,0,0,0,0,3
2020-08-12,US,Indiana,Monroe,767,32,0,39.16130004,-86.52414358,18105.0,516.7384171770047,4.172099087353326,735,766,31,0,735,759,146917,1,1,0,0,7
2020-08-12,US,Indiana,Montgomery,360,21,0,40.04034823,-86.89335024,18107.0,939.0161197767227,5.833333333333332,339,359,21,0,338,354,38346,1,0,0,1,5
2020-08-12,US,Indiana,Morgan,489,34,0,39.47899078,-86.44573375,18109.0,693.7252620976323,6.952965235173824,455,493,34,0,459,483,70116,-4,0,0,-4,10
2020-08-12,US,Indiana,Newton,121,10,0,40.95610449,-87.39635768,18111.0,865.2745995423338,8.264462809917353,111,120,10,0,110,118,14011,1,0,0,1,2
2020-08-12,US,Indiana,Noble,690,29,0,41.39672484,-85.41966713,18113.0,1445.2077747989276,4.202898550724638,661,688,29,0,659,684,47532,2,0,0,2,4
2020-08-12,US,Indiana,Ohio,65,6,0,38.955304999999996,-84.96515993,18115.0,1106.3829787234042,9.23076923076923,59,65,6,0,59,65,5844,0,0,0,0,0
2020-08-12,US,Indiana,Orange,178,24,0,38.54118920000001,-86.49523093,18117.0,906.0368522854524,13.483146067415731,154,174,24,0,150,173,19489,4,0,0,4,1
2020-08-12,US,Indiana,Owen,105,1,0,39.31145587,-86.83900724,18119.0,504.83196307514777,0.9523809523809524,104,99,1,0,98,91,20845,6,0,0,6,8
2020-08-12,US,Indiana,Parke,55,1,0,39.77202286,-87.20375833,18121.0,324.7328334415776,1.818181818181818,54,51,1,0,50,52,16927,4,0,0,4,-1
2020-08-12,US,Indiana,Perry,187,13,0,38.07809328,-86.63741946,18123.0,975.5334133235956,6.951871657754011,174,187,13,0,174,186,19102,0,0,0,0,1
2020-08-12,US,Indiana,Pike,62,0,0,38.40112197,-87.23574907,18125.0,500.44394220679635,0.0,62,59,0,0,59,56,12410,3,0,0,3,3
2020-08-12,US,Indiana,Porter,1362,39,0,41.45986947,-87.06848888,18127.0,799.3473757108734,2.8634361233480177,1323,1355,39,0,1316,1338,169594,7,0,0,7,17
2020-08-12,US,Indiana,Posey,180,0,0,38.02097333,-87.86480429,18129.0,707.9089157195108,0.0,180,179,0,0,179,177,25540,1,0,0,1,2
2020-08-12,US,Indiana,Pulaski,82,1,0,41.04166107,-86.69890683,18131.0,663.8063628268437,1.2195121951219512,81,81,1,0,80,83,12469,1,0,0,1,-2
2020-08-12,US,Indiana,Putnam,321,8,0,39.66437981,-86.84517605,18133.0,854.2686821375346,2.4922118380062304,313,312,8,0,304,290,37779,9,0,0,9,22
2020-08-12,US,Indiana,Randolph,127,4,0,40.15734772,-85.01139319,18135.0,514.8996553821204,3.1496062992125986,123,124,4,0,120,123,24851,3,0,0,3,1
2020-08-12,US,Indiana,Ripley,213,8,0,39.10235626,-85.26212744,18137.0,752.012427623217,3.755868544600939,205,213,8,0,205,208,28523,0,0,0,0,5
2020-08-12,US,Indiana,Rush,89,4,0,39.62002287,-85.4655599,18139.0,536.7589409565165,4.49438202247191,85,85,4,0,81,80,16663,4,0,0,4,5
2020-08-12,US,Indiana,Scott,273,10,0,38.68672078,-85.74627859,18143.0,1143.5512922548485,3.663003663003663,263,272,10,0,262,268,23878,1,0,0,1,4
2020-08-12,US,Indiana,Shelby,568,28,0,39.52305623,-85.79158570000001,18145.0,1269.8696595050192,4.929577464788731,540,565,27,0,538,558,44593,3,1,0,2,7
2020-08-12,US,Indiana,Spencer,139,3,0,38.01519732,-87.0079644,18147.0,685.505745425852,2.1582733812949644,136,137,3,0,134,136,20327,2,0,0,2,1
2020-08-12,US,Indiana,St. Joseph,3610,83,0,41.61756781,-86.29040834,18141.0,1328.055447234628,2.299168975069252,3527,3578,83,0,3495,3546,270771,32,0,0,32,32
2020-08-12,US,Indiana,Starke,180,7,0,41.27890281,-86.64686895,18149.0,782.7788649706457,3.888888888888889,173,178,7,0,171,178,22935,2,0,0,2,0
2020-08-12,US,Indiana,Steuben,215,3,0,41.64423868,-85.00101094,18151.0,621.4950569462912,1.3953488372093024,212,213,3,0,210,211,34586,2,0,0,2,2
2020-08-12,US,Indiana,Sullivan,141,1,0,39.08952258,-87.41414469,18153.0,682.1810440756689,0.7092198581560284,140,138,1,0,137,134,20690,3,0,0,3,4
2020-08-12,US,Indiana,Switzerland,53,0,0,38.82767338,-85.03022429,18155.0,492.97739745139984,0.0,53,53,0,0,53,52,10717,0,0,0,0,1
2020-08-12,US,Indiana,Tippecanoe,1245,11,0,40.38872739,-86.89413959,18157.0,636.0738152167248,0.8835341365461847,1234,1238,11,0,1227,1221,193048,7,0,0,7,17
2020-08-12,US,Indiana,Tipton,149,12,0,40.31123252,-86.05234925,18159.0,983.6282017428044,8.053691275167786,137,143,12,0,131,143,15128,6,0,0,6,0
2020-08-12,US,Indiana,Unassigned,0,208,0,0.0,0.0,90018.0,0.0,0.0,-208,0,206,0,-206,0,,0,2,0,-2,0
2020-08-12,US,Indiana,Union,41,0,0,39.62550777,-84.92497066,18161.0,581.2305075134675,0.0,41,41,0,0,41,41,7037,0,0,0,0,0
2020-08-12,US,Indiana,Vanderburgh,2053,13,0,38.02658833,-87.58763124,18163.0,1131.4349328468845,0.6332196785192401,2040,2022,13,0,2009,1997,180974,31,0,0,31,25
2020-08-12,US,Indiana,Vermillion,59,0,0,39.8523352,-87.46160542,18165.0,380.6942831333075,0.0,59,58,0,0,58,55,15479,1,0,0,1,3
2020-08-12,US,Indiana,Vigo,714,11,0,39.42944561,-87.39169027,18167.0,667.0528223621517,1.5406162464985995,703,699,11,0,688,668,107386,15,0,0,15,31
2020-08-12,US,Indiana,Wabash,171,5,0,40.84704239,-85.79328272,18169.0,551.6840882694542,2.9239766081871346,166,170,3,0,167,170,31280,1,2,0,-1,0
2020-08-12,US,Indiana,Warren,24,1,0,40.34728141,-87.35602659,18171.0,290.38112522686026,4.166666666666667,23,24,1,0,23,23,8263,0,0,0,0,1
2020-08-12,US,Indiana,Warrick,588,30,0,38.08922676,-87.2716085,18173.0,933.362963903616,5.1020408163265305,558,588,30,0,558,586,62567,0,0,0,0,2
2020-08-12,US,Indiana,Washington,144,1,0,38.60219804,-86.1049363,18175.0,513.62533885005,0.6944444444444444,143,142,1,0,141,142,27943,2,0,0,2,0
2020-08-12,US,Indiana,Wayne,388,10,0,39.863344399999995,-85.01044989,18177.0,588.9138485823569,2.5773195876288657,378,385,10,0,375,377,65936,3,0,0,3,8
2020-08-12,US,Indiana,Wells,178,2,0,40.72934187,-85.22132966,18179.0,629.0641786824992,1.1235955056179776,176,174,2,0,172,171,28206,4,0,0,4,3
2020-08-12,US,Indiana,White,377,11,0,40.74911165,-86.86492015,18181.0,1564.1855447680691,2.9177718832891246,366,376,11,0,365,372,24133,1,0,0,1,4
2020-08-12,US,Indiana,Whitley,156,6,0,41.13863784,-85.50791236,18183.0,459.3098574961724,3.8461538461538463,150,155,6,0,149,154,34074,1,0,0,1,1
2020-08-12,US,Iowa,Adair,34,0,0,41.33075609,-94.47105874,19001.0,475.39149888143163,0.0,34,30,0,0,30,30,7063,4,0,0,4,0
2020-08-12,US,Iowa,Adams,17,0,0,41.02903567,-94.69932645,19003.0,471.9600222098833,0.0,17,16,0,0,16,16,3645,1,0,0,1,0
2020-08-12,US,Iowa,Allamakee,158,4,0,43.28383218,-91.37860922,19005.0,1154.380068678308,2.5316455696202533,154,156,4,0,152,155,13832,2,0,0,2,1
2020-08-12,US,Iowa,Appanoose,52,3,0,40.74324454,-92.86865906,19007.0,418.4773861258651,5.769230769230768,49,51,3,0,48,49,12437,1,0,0,1,2
2020-08-12,US,Iowa,Audubon,29,1,0,41.6844628,-94.90581859,19009.0,527.6564774381368,3.4482758620689653,28,29,1,0,28,28,5506,0,0,0,0,1
2020-08-12,US,Iowa,Benton,160,1,0,42.08011739,-92.06463573,19011.0,623.9032949892768,0.625,159,160,1,0,159,160,25642,0,0,0,0,0
2020-08-12,US,Iowa,Black Hawk,3180,66,0,42.4704581,-92.30524729,19013.0,2423.2633279483043,2.0754716981132075,3114,3157,66,0,3091,3134,132408,23,0,0,23,23
2020-08-12,US,Iowa,Boone,266,3,0,42.03657094,-93.9313999,19015.0,1013.951360829458,1.1278195488721805,263,262,3,0,259,259,26346,4,0,0,4,3
2020-08-12,US,Iowa,Bremer,231,7,0,42.77461496,-92.31795937,19017.0,921.7141489107016,3.0303030303030303,224,230,7,0,223,227,24947,1,0,0,1,3
2020-08-12,US,Iowa,Buchanan,130,1,0,42.4709188,-91.83510825,19019.0,613.9315230224321,0.7692307692307693,129,129,1,0,128,129,21199,1,0,0,1,0
2020-08-12,US,Iowa,Buena Vista,1797,12,0,42.73545875,-95.15100162,19021.0,9159.021406727828,0.667779632721202,1785,1794,12,0,1782,1794,19874,3,0,0,3,0
2020-08-12,US,Iowa,Butler,127,2,0,42.73172833,-92.79015971,19023.0,879.5622965579332,1.5748031496062993,125,125,2,0,123,121,14539,2,0,0,2,4
2020-08-12,US,Iowa,Calhoun,86,2,0,42.38521079,-94.64046046,19025.0,889.5324782788582,2.3255813953488373,84,86,2,0,84,83,9699,0,0,0,0,3
2020-08-12,US,Iowa,Carroll,196,2,0,42.03617207,-94.86032705,19027.0,971.9811554673939,1.020408163265306,194,194,2,0,192,193,20154,2,0,0,2,1
2020-08-12,US,Iowa,Cass,82,1,0,41.33149454,-94.92792482,19029.0,638.8282954191337,1.2195121951219512,81,79,1,0,78,74,12930,3,0,0,3,5
2020-08-12,US,Iowa,Cedar,135,1,0,41.77233777,-91.13246684,19031.0,724.7543887904654,0.7407407407407407,134,134,1,0,133,133,18627,1,0,0,1,1
2020-08-12,US,Iowa,Cerro Gordo,644,17,0,43.08177563,-93.2612239,19033.0,1517.0789163722027,2.6397515527950306,627,634,17,0,617,634,42647,10,0,0,10,0
2020-08-12,US,Iowa,Cherokee,110,1,0,42.73538914,-95.62389402,19035.0,979.0832220738763,0.9090909090909092,109,110,1,0,109,108,11321,0,0,0,0,2
2020-08-12,US,Iowa,Chickasaw,56,0,0,43.06001295,-92.31773347,19037.0,469.28685158803324,0.0,56,55,0,0,55,54,11964,1,0,0,1,1
2020-08-12,US,Iowa,Clarke,206,3,0,41.02868181,-93.78499767,19039.0,2192.655667908462,1.4563106796116505,203,204,3,0,201,202,9423,2,0,0,2,2
2020-08-12,US,Iowa,Clay,203,1,0,43.08247182,-95.15096481,19041.0,1267.4825174825176,0.4926108374384237,202,201,1,0,200,196,16134,2,0,0,2,5
2020-08-12,US,Iowa,Clayton,108,3,0,42.84443388,-91.34133693,19043.0,615.4196820331642,2.7777777777777777,105,106,3,0,103,104,17556,2,0,0,2,2
2020-08-12,US,Iowa,Clinton,421,4,0,41.89981633,-90.53275096,19045.0,906.7608606689785,0.9501187648456056,417,416,4,0,412,410,46518,5,0,0,5,6
2020-08-12,US,Iowa,Crawford,736,3,0,42.03718237,-95.3819718,19047.0,4375.743162901308,0.4076086956521739,733,731,3,0,728,730,17158,5,0,0,5,1
2020-08-12,US,Iowa,Dallas,1913,35,0,41.68560356,-94.04127625,19049.0,2047.0182872673965,1.8295870360690016,1878,1898,35,0,1863,1888,90180,15,0,0,15,10
2020-08-12,US,Iowa,Davis,61,2,0,40.74773536,-92.41005468,19051.0,677.7777777777778,3.278688524590164,59,61,2,0,59,60,9017,0,0,0,0,1
2020-08-12,US,Iowa,Decatur,26,0,0,40.73742757,-93.78645949,19053.0,330.3684879288437,0.0,26,25,0,0,25,23,7890,1,0,0,1,2
2020-08-12,US,Iowa,Delaware,123,1,0,42.47104597,-91.3664492,19055.0,723.0615484098524,0.8130081300813008,122,117,1,0,116,115,17069,6,0,0,6,2
2020-08-12,US,Iowa,Des Moines,194,2,0,40.92012606,-91.18326592,19057.0,497.85716118767164,1.0309278350515465,192,187,2,0,185,186,39138,7,0,0,7,1
2020-08-12,US,Iowa,Dickinson,385,4,0,43.37787725,-95.1510206,19059.0,2230.849461119481,1.0389610389610389,381,384,4,0,380,382,17153,1,0,0,1,2
2020-08-12,US,Iowa,Dubuque,1722,31,0,42.46815349,-90.88181925,19061.0,1769.5841169035361,1.8002322880371662,1691,1698,31,0,1667,1686,96854,24,0,0,24,12
2020-08-12,US,Iowa,Emmet,193,4,0,43.37782951,-94.67858943,19063.0,2096.003475238923,2.0725388601036268,189,193,4,0,189,192,9253,0,0,0,0,1
2020-08-12,US,Iowa,Fayette,86,0,0,42.86271799,-91.84412309999999,19065.0,437.6590330788804,0.0,86,85,0,0,85,84,19660,1,0,0,1,1
2020-08-12,US,Iowa,Floyd,163,3,0,43.06000529999999,-92.78940097,19067.0,1042.0662319396497,1.8404907975460123,160,158,2,0,156,157,15761,5,1,0,4,1
2020-08-12,US,Iowa,Franklin,248,12,0,42.73270384,-93.26256925,19069.0,2462.7606752730885,4.838709677419356,236,245,12,0,233,241,10124,3,0,0,3,4
2020-08-12,US,Iowa,Fremont,44,0,0,40.74542720000001,-95.60129045,19071.0,632.183908045977,0.0,44,43,0,0,43,42,6993,1,0,0,1,1
2020-08-12,US,Iowa,Greene,42,0,0,42.03614551,-94.39658081,19073.0,472.54725472547256,0.0,42,43,0,0,43,42,8981,-1,0,0,-1,1
2020-08-12,US,Iowa,Grundy,82,1,0,42.40183723,-92.78829551,19075.0,670.3727926749509,1.2195121951219512,81,80,1,0,79,79,12304,2,0,0,2,1
2020-08-12,US,Iowa,Guthrie,137,5,0,41.68378965,-94.50111014,19077.0,1281.6914585087472,3.6496350364963503,132,135,5,0,130,132,10720,2,0,0,2,3
2020-08-12,US,Iowa,Hamilton,252,1,0,42.38382428,-93.70197703,19079.0,1705.8146618831652,0.3968253968253968,251,251,1,0,250,248,14952,1,0,0,1,3
2020-08-12,US,Iowa,Hancock,123,2,0,43.08178477,-93.73454884,19081.0,1157.1025399811854,1.6260162601626016,121,121,2,0,119,122,10712,2,0,0,2,-1
2020-08-12,US,Iowa,Hardin,185,0,0,42.38353877,-93.23654611,19083.0,1098.183545055206,0.0,185,184,0,0,184,184,16868,1,0,0,1,0
2020-08-12,US,Iowa,Harrison,110,1,0,41.68330137,-95.81558439,19085.0,782.9738771442807,0.9090909090909092,109,110,1,0,109,109,14134,0,0,0,0,1
2020-08-12,US,Iowa,Henry,136,4,0,40.98767962,-91.54436349,19087.0,681.5676054926331,2.9411764705882355,132,127,4,0,123,127,20067,9,0,0,9,0
2020-08-12,US,Iowa,Howard,50,0,0,43.35671042,-92.31702714,19089.0,545.970735968552,0.0,50,50,0,0,50,49,9187,0,0,0,0,1
2020-08-12,US,Iowa,Humboldt,122,1,0,42.7764426,-94.20722537,19091.0,1276.4176605984514,0.819672131147541,121,118,1,0,117,118,9547,4,0,0,4,0
2020-08-12,US,Iowa,Ida,32,0,0,42.38696136,-95.51355387,19093.0,466.47230320699714,0.0,32,31,0,0,31,31,6841,1,0,0,1,0
2020-08-12,US,Iowa,Iowa,97,1,0,41.68630265,-92.0643373,19095.0,599.3573900148294,1.0309278350515465,96,97,1,0,96,98,16141,0,0,0,0,-1
2020-08-12,US,Iowa,Jackson,158,1,0,42.17178824,-90.57354837,19097.0,812.7990122948711,0.6329113924050633,157,156,1,0,155,156,19432,2,0,0,2,0
2020-08-12,US,Iowa,Jasper,484,27,0,41.68576082,-93.05567785,19099.0,1301.6001075702568,5.578512396694214,457,481,27,0,454,479,37147,3,0,0,3,2
2020-08-12,US,Iowa,Jefferson,87,0,0,41.03192394,-91.94849466,19101.0,475.5397649631047,0.0,87,87,0,0,87,86,18381,0,0,0,0,1
2020-08-12,US,Iowa,Johnson,2123,20,0,41.67169354,-91.58754744,19103.0,1404.6579330422126,0.9420631182289212,2103,2118,19,0,2099,2107,151260,5,1,0,4,11
2020-08-12,US,Iowa,Jones,134,2,0,42.12118609,-91.13139641,19105.0,647.9377206131231,1.492537313432836,132,133,2,0,131,132,20744,1,0,0,1,1
2020-08-12,US,Iowa,Keokuk,39,1,0,41.33649833,-92.1785067,19107.0,380.63634589107943,2.5641025641025643,38,37,1,0,36,37,10225,2,0,0,2,0
2020-08-12,US,Iowa,Kossuth,95,0,0,43.20405458,-94.20691791,19109.0,641.3285627489367,0.0,95,90,0,0,90,90,14908,5,0,0,5,0
2020-08-12,US,Iowa,Lee,121,4,0,40.64181461,-91.48183025,19111.0,359.50916599815787,3.3057851239669422,117,118,3,0,115,117,34055,3,1,0,2,1
2020-08-12,US,Iowa,Linn,2445,88,0,42.07923082,-91.59809485,19113.0,1078.4893209707727,3.59918200408998,2357,2428,88,0,2340,2399,225909,17,0,0,17,29
2020-08-12,US,Iowa,Louisa,378,14,0,41.21842119,-91.26102611,19115.0,3425.46443135478,3.703703703703704,364,378,14,0,364,378,11169,0,0,0,0,0
2020-08-12,US,Iowa,Lucas,73,4,0,41.02958964,-93.32780803,19117.0,848.8372093023256,5.479452054794519,69,73,4,0,69,71,8645,0,0,0,0,2
2020-08-12,US,Iowa,Lyon,119,2,0,43.38107862,-96.20926845,19119.0,1012.3351765206296,1.680672268907563,117,115,2,0,113,114,11811,4,0,0,4,1
2020-08-12,US,Iowa,Madison,127,2,0,41.33081904,-94.01554631,19121.0,777.3289264291835,1.5748031496062993,125,125,2,0,123,122,16249,2,0,0,2,3
2020-08-12,US,Iowa,Mahaska,142,17,0,41.33521503,-92.64083907,19123.0,642.6793392170174,11.971830985915492,125,142,17,0,125,140,22000,0,0,0,0,2
2020-08-12,US,Iowa,Marion,177,0,0,41.33445101,-93.09934783,19125.0,532.2828015517397,0.0,177,175,0,0,175,174,33407,2,0,0,2,1
2020-08-12,US,Iowa,Marshall,1452,26,0,42.03586837,-92.99908190000001,19127.0,3688.1810561609386,1.7906336088154269,1426,1450,26,0,1424,1446,39981,2,0,0,2,4
2020-08-12,US,Iowa,Mills,93,1,0,41.03299766,-95.61920963,19129.0,615.5271692368786,1.075268817204301,92,89,0,0,89,89,15063,4,1,0,3,0
2020-08-12,US,Iowa,Mitchell,80,0,0,43.35638371,-92.78887719,19131.0,755.7150954090307,0.0,80,79,0,0,79,78,10569,1,0,0,1,1
2020-08-12,US,Iowa,Monona,91,0,0,42.05220391,-95.95743843,19133.0,1056.2971561230413,0.0,91,91,0,0,91,91,8679,0,0,0,0,0
2020-08-12,US,Iowa,Monroe,74,8,0,41.02988815,-92.8690667,19135.0,960.1660827818866,10.810810810810812,66,74,8,0,66,74,7790,0,0,0,0,0
2020-08-12,US,Iowa,Montgomery,60,4,0,41.03018714,-95.15642896,19137.0,605.0216799435314,6.666666666666668,56,60,4,0,56,59,10003,0,0,0,0,1
2020-08-12,US,Iowa,Muscatine,857,48,0,41.48370744,-91.11216970000001,19139.0,2008.7192949559349,5.600933488914818,809,851,48,0,803,848,42929,6,0,0,6,3
2020-08-12,US,Iowa,O'Brien,143,5,0,43.08310673,-95.62474482,19141.0,1039.7731404057297,3.4965034965034967,138,141,4,0,137,141,13840,2,1,0,1,0
2020-08-12,US,Iowa,Osceola,85,0,0,43.37824276,-95.62422844,19143.0,1426.6532393420612,0.0,85,84,0,0,84,83,6040,1,0,0,1,1
2020-08-12,US,Iowa,Page,96,0,0,40.7393172,-95.1497813,19145.0,635.4670020520289,0.0,96,95,0,0,95,94,15249,1,0,0,1,1
2020-08-12,US,Iowa,Palo Alto,90,0,0,43.08193849,-94.67824621,19147.0,1012.8291694800812,0.0,90,88,0,0,88,86,8929,2,0,0,2,2
2020-08-12,US,Iowa,Plymouth,474,12,0,42.737633,-96.21366621,19149.0,1882.6706915041507,2.5316455696202533,462,470,11,0,459,463,25095,4,1,0,3,7
2020-08-12,US,Iowa,Pocahontas,118,2,0,42.73420133,-94.67862564,19151.0,1782.746638465025,1.6949152542372878,116,117,2,0,115,116,6740,1,0,0,1,1
2020-08-12,US,Iowa,Polk,10535,208,0,41.68679484,-93.57767461,19153.0,2149.2938034645763,1.97437114380636,10327,10444,208,0,10236,10351,487204,91,0,0,91,93
2020-08-12,US,Iowa,Pottawattamie,1350,29,0,41.33640314,-95.53907776,19155.0,1448.4046091453338,2.1481481481481484,1321,1332,28,0,1304,1325,93533,18,1,0,17,7
2020-08-12,US,Iowa,Poweshiek,159,8,0,41.68625425,-92.53155731,19157.0,859.2736705577173,5.031446540880503,151,160,8,0,152,159,18699,-1,0,0,-1,1
2020-08-12,US,Iowa,Ringgold,23,1,0,40.73518949,-94.24368535,19159.0,469.963220269718,4.3478260869565215,22,23,1,0,22,22,4968,0,0,0,0,1
2020-08-12,US,Iowa,Sac,86,0,0,42.38624071,-95.10547892,19161.0,884.6826458183315,0.0,86,86,0,0,86,85,9719,0,0,0,0,1
2020-08-12,US,Iowa,Scott,1758,14,0,41.63935978,-90.61959493,19163.0,1016.519893837854,0.7963594994311718,1744,1743,14,0,1729,1727,173283,15,0,0,15,16
2020-08-12,US,Iowa,Shelby,187,1,0,41.6850066,-95.31015553,19165.0,1632.6174262266454,0.5347593582887701,186,186,1,0,185,184,11578,1,0,0,1,2
2020-08-12,US,Iowa,Sioux,650,3,0,43.08221074,-96.17675679999999,19167.0,1864.8687419308567,0.4615384615384616,647,643,3,0,640,637,34909,7,0,0,7,6
2020-08-12,US,Iowa,Story,1181,15,0,42.03621213,-93.46499005,19169.0,1216.0589804050785,1.2701100762066049,1166,1173,15,0,1158,1167,98105,8,0,0,8,6
2020-08-12,US,Iowa,Tama,556,29,0,42.07991767,-92.53266945,19171.0,3298.9201376527826,5.215827338129497,527,554,29,0,525,553,16904,2,0,0,2,1
2020-08-12,US,Iowa,Taylor,100,0,0,40.73710579,-94.69778563,19173.0,1633.7199803953602,0.0,100,100,0,0,100,98,6191,0,0,0,0,2
2020-08-12,US,Iowa,Unassigned,7,0,0,0.0,0.0,90019.0,0.0,0.0,7,1,0,0,1,3,,6,0,0,6,-2
2020-08-12,US,Iowa,Union,78,1,0,41.0277278,-94.24234847,19175.0,637.2028429049914,1.2820512820512822,77,78,1,0,77,77,12359,0,0,0,0,1
2020-08-12,US,Iowa,Van Buren,36,1,0,40.75326764,-91.95017958,19177.0,511.0732538330494,2.7777777777777777,35,36,1,0,35,36,7020,0,0,0,0,0
2020-08-12,US,Iowa,Wapello,927,33,0,41.03064984,-92.40954728,19179.0,2650.919385741657,3.559870550161812,894,905,33,0,872,904,35205,22,0,0,22,1
2020-08-12,US,Iowa,Warren,582,1,0,41.33559454,-93.56007641,19181.0,1130.8436637780285,0.1718213058419244,581,572,1,0,571,569,51056,10,0,0,10,3
2020-08-12,US,Iowa,Washington,305,10,0,41.33577126,-91.71725711,19183.0,1388.5727293421353,3.278688524590164,295,305,10,0,295,300,22141,0,0,0,0,5
2020-08-12,US,Iowa,Wayne,20,1,0,40.73969028,-93.32752197,19185.0,310.5107902499612,5.0,19,20,1,0,19,20,6401,0,0,0,0,0
2020-08-12,US,Iowa,Webster,842,8,0,42.42853483,-94.17987389,19187.0,2345.1426024955435,0.9501187648456056,834,826,8,0,818,813,36277,16,0,0,16,13
2020-08-12,US,Iowa,Winnebago,89,0,0,43.37751174,-93.73407298,19189.0,859.5711802202047,0.0,89,86,0,0,86,84,10518,3,0,0,3,2
2020-08-12,US,Iowa,Winneshiek,97,1,0,43.29094334,-91.84422722,19191.0,485.2183482567154,1.0309278350515465,96,97,1,0,96,97,20029,0,0,0,0,0
2020-08-12,US,Iowa,Woodbury,3754,52,0,42.38979414,-96.0459439,19193.0,3640.877922934427,1.3851891315929674,3702,3734,52,0,3682,3727,102539,20,0,0,20,7
2020-08-12,US,Iowa,Worth,68,0,0,43.37750768,-93.26087602,19195.0,921.2843788104593,0.0,68,67,0,0,67,66,7453,1,0,0,1,1
2020-08-12,US,Iowa,Wright,478,1,0,42.73305373,-93.73515113,19197.0,3805.1265722018793,0.20920502092050208,477,475,1,0,474,473,12690,3,0,0,3,2
2020-08-12,US,Kansas,Allen,20,0,0,37.88582951,-95.30030847,20001.0,161.69455897809038,0.0,20,20,0,0,20,20,12444,0,0,0,0,0
2020-08-12,US,Kansas,Anderson,31,0,0,38.21413251,-95.29272815,20003.0,394.50241791804535,0.0,31,31,0,0,31,31,7878,0,0,0,0,0
2020-08-12,US,Kansas,Atchison,82,0,0,39.53185661,-95.30870026,20005.0,510.17233870466,0.0,82,64,0,0,64,64,16193,18,0,0,18,0
2020-08-12,US,Kansas,Barber,4,0,0,37.2288586,-98.68460053,20007.0,90.35464196973119,0.0,4,4,0,0,4,4,4472,0,0,0,0,0
2020-08-12,US,Kansas,Barton,157,3,0,38.47889676,-98.75636726,20009.0,609.0228480546182,1.9108280254777068,154,148,3,0,145,139,26111,9,0,0,9,9
2020-08-12,US,Kansas,Bourbon,79,2,0,37.85508555,-94.84865997,20011.0,543.5530480253201,2.5316455696202533,77,79,2,0,77,79,14653,0,0,0,0,0
2020-08-12,US,Kansas,Brown,41,0,0,39.82652589,-95.56421698,20013.0,428.6909242994564,0.0,41,40,0,0,40,40,9598,1,0,0,1,0
2020-08-12,US,Kansas,Butler,290,1,0,37.78134351,-96.83878537,20015.0,433.41154668141263,0.3448275862068966,289,285,1,0,284,278,66765,5,0,0,5,7
2020-08-12,US,Kansas,Chase,48,0,0,38.30292938,-96.59563862,20017.0,1812.6888217522653,0.0,48,48,0,0,48,48,2629,0,0,0,0,0
2020-08-12,US,Kansas,Chautauqua,6,0,0,37.14994405,-96.2454192,20019.0,184.61538461538456,0.0,6,6,0,0,6,6,3309,0,0,0,0,0
2020-08-12,US,Kansas,Cherokee,132,1,0,37.16928494,-94.8462897,20021.0,662.0191584332214,0.7575757575757576,131,129,1,0,128,129,20015,3,0,0,3,0
2020-08-12,US,Kansas,Cheyenne,4,0,0,39.78580976,-101.7318201,20023.0,150.54572826496047,0.0,4,3,0,0,3,3,2660,1,0,0,1,0
2020-08-12,US,Kansas,Clark,44,1,0,37.23577007,-99.81883015,20025.0,2206.6198595787364,2.272727272727273,43,44,1,0,43,44,2005,0,0,0,0,0
2020-08-12,US,Kansas,Clay,20,2,0,39.34948772,-97.16518128,20027.0,249.9375156210947,10.0,18,20,2,0,18,20,7997,0,0,0,0,0
2020-08-12,US,Kansas,Cloud,40,0,0,39.48028352,-97.64925343,20029.0,455.2697473252902,0.0,40,37,0,0,37,37,8729,3,0,0,3,0
2020-08-12,US,Kansas,Coffey,68,8,0,38.2365018,-95.73379515,20031.0,831.3974813546887,11.764705882352944,60,67,8,0,59,67,8233,1,0,0,1,0
2020-08-12,US,Kansas,Comanche,7,0,0,37.19114520000001,-99.27113247,20033.0,411.7647058823529,0.0,7,6,0,0,6,6,1748,1,0,0,1,0
2020-08-12,US,Kansas,Cowley,178,2,0,37.23781842,-96.83776647,20035.0,509.91176807608565,1.1235955056179776,176,174,2,0,172,173,35218,4,0,0,4,1
2020-08-12,US,Kansas,Crawford,389,1,0,37.50675523,-94.85245778,20037.0,1002.1124220722344,0.2570694087403599,388,385,1,0,384,385,39019,4,0,0,4,0
2020-08-12,US,Kansas,Decatur,5,0,0,39.78468441,-100.45940809999999,20039.0,176.86593562079943,0.0,5,5,0,0,5,5,2871,0,0,0,0,0
2020-08-12,US,Kansas,Dickinson,50,1,0,38.86600962,-97.15532383,20041.0,270.7678977580418,2.0,49,48,1,0,47,48,18717,2,0,0,2,0
2020-08-12,US,Kansas,Doniphan,48,0,0,39.79067154,-95.14056866,20043.0,631.578947368421,0.0,48,48,0,0,48,48,7682,0,0,0,0,0
2020-08-12,US,Kansas,Douglas,765,5,0,38.88503636,-95.2925121,20045.0,625.7208058302456,0.6535947712418301,760,750,5,0,745,744,121436,15,0,0,15,6
2020-08-12,US,Kansas,Edwards,10,0,0,37.88735543,-99.31263309,20047.0,357.39814152966414,0.0,10,10,0,0,10,10,2849,0,0,0,0,0
2020-08-12,US,Kansas,Elk,1,0,0,37.45338105,-96.24369667,20049.0,39.52569169960474,0.0,1,1,0,0,1,1,2508,0,0,0,0,0
2020-08-12,US,Kansas,Ellis,145,1,0,38.91458712,-99.31751551,20051.0,507.827548768956,0.6896551724137931,144,145,1,0,144,145,28710,0,0,0,0,0
2020-08-12,US,Kansas,Ellsworth,21,0,0,38.69677695,-98.20462799,20053.0,344.14945919370695,0.0,21,21,0,0,21,21,6196,0,0,0,0,0
2020-08-12,US,Kansas,Finney,1796,11,0,38.04340344,-100.73819379999999,20055.0,4925.00068555132,0.6124721603563474,1785,1795,11,0,1784,1787,36611,1,0,0,1,8
2020-08-12,US,Kansas,Ford,2093,10,0,37.69200114,-99.88825298,20057.0,6225.6462119634725,0.4777830864787386,2083,2088,10,0,2078,2088,33888,5,0,0,5,0
2020-08-12,US,Kansas,Franklin,210,1,0,38.56443815,-95.28644341,20059.0,822.1108675227057,0.4761904761904762,209,194,1,0,193,178,25631,16,0,0,16,16
2020-08-12,US,Kansas,Geary,153,2,0,38.99871131,-96.7577178,20061.0,483.10704136406684,1.30718954248366,151,152,2,0,150,148,32594,1,0,0,1,4
2020-08-12,US,Kansas,Gove,6,0,0,38.91588178,-100.4829321,20063.0,227.6176024279211,0.0,6,6,0,0,6,6,2612,0,0,0,0,0
2020-08-12,US,Kansas,Graham,17,0,0,39.34987223,-99.88332493,20065.0,684.931506849315,0.0,17,17,0,0,17,17,2492,0,0,0,0,0
2020-08-12,US,Kansas,Grant,119,2,0,37.56227336,-101.3079758,20067.0,1664.3356643356644,1.680672268907563,117,116,2,0,114,114,7336,3,0,0,3,2
2020-08-12,US,Kansas,Gray,84,0,0,37.73836671,-100.4369088,20069.0,1402.8056112224453,0.0,84,84,0,0,84,77,6033,0,0,0,0,7
2020-08-12,US,Kansas,Greeley,4,0,0,38.4808095,-101.8061079,20071.0,324.67532467532465,0.0,4,4,0,0,4,4,1227,0,0,0,0,0
2020-08-12,US,Kansas,Greenwood,23,0,0,37.8774388,-96.23250453,20073.0,384.4867937144768,0.0,23,23,0,0,23,23,6055,0,0,0,0,0
2020-08-12,US,Kansas,Hamilton,39,0,0,37.99978709,-101.7921066,20075.0,1536.0378101614808,0.0,39,38,0,0,38,38,2607,1,0,0,1,0
2020-08-12,US,Kansas,Harper,14,0,0,37.19175361,-98.07578384,20077.0,257.54231052244296,0.0,14,12,0,0,12,12,5506,2,0,0,2,0
2020-08-12,US,Kansas,Harvey,211,1,0,38.04293782,-97.42747573,20079.0,612.8554416335066,0.4739336492890995,210,204,1,0,203,204,34210,7,0,0,7,0
2020-08-12,US,Kansas,Haskell,44,0,0,37.562039399999996,-100.8710738,20081.0,1108.8709677419354,0.0,44,44,0,0,44,44,3997,0,0,0,0,0
2020-08-12,US,Kansas,Hodgeman,11,0,0,38.08780079,-99.89829881,20083.0,613.1549609810479,0.0,11,11,0,0,11,11,1818,0,0,0,0,0
2020-08-12,US,Kansas,Jackson,155,1,0,39.41673394,-95.79356799,20085.0,1176.8278794320856,0.6451612903225806,154,155,1,0,154,148,13280,0,0,0,0,7
2020-08-12,US,Kansas,Jefferson,85,0,0,39.2347941,-95.38289232,20087.0,446.3582418736544,0.0,85,76,0,0,76,76,18975,9,0,0,9,0
2020-08-12,US,Kansas,Jewell,12,1,0,39.78470589,-98.21820662,20089.0,416.8113928447378,8.333333333333334,11,12,1,0,11,12,2841,0,0,0,0,0
2020-08-12,US,Kansas,Johnson,6009,106,0,38.88548175,-94.82250877,20091.0,997.5083042690833,1.7640206357130968,5903,5869,105,0,5764,5800,597555,140,1,0,139,69
2020-08-12,US,Kansas,Kearny,63,1,0,38.00017981,-101.32168100000001,20093.0,1641.479937467431,1.5873015873015872,62,63,1,0,62,63,3943,0,0,0,0,0
2020-08-12,US,Kansas,Kingman,20,0,0,37.55909527,-98.13638678,20095.0,279.6420581655481,0.0,20,20,0,0,20,21,7310,0,0,0,0,-1
2020-08-12,US,Kansas,Kiowa,8,0,0,37.55848695,-99.2856537,20097.0,323.2323232323232,0.0,8,8,0,0,8,8,2516,0,0,0,0,0
2020-08-12,US,Kansas,Labette,149,1,0,37.19113093,-95.29849679,20099.0,759.5065755938423,0.6711409395973155,148,138,1,0,137,138,19964,11,0,0,11,0
2020-08-12,US,Kansas,Lane,5,0,0,38.48119447,-100.46607540000001,20101.0,325.73289902280135,0.0,5,5,0,0,5,5,1560,0,0,0,0,0
2020-08-12,US,Kansas,Leavenworth,1503,9,0,39.20183497,-95.03620809,20103.0,1838.3522101812664,0.5988023952095808,1494,1483,9,0,1474,1483,81352,20,0,0,20,0
2020-08-12,US,Kansas,Lincoln,6,0,0,39.04549684,-98.20756994,20105.0,202.56583389601624,0.0,6,6,0,0,6,6,3023,0,0,0,0,0
2020-08-12,US,Kansas,Linn,43,0,0,38.21267844,-94.84254089,20107.0,443.1619086880346,0.0,43,40,0,0,40,40,9750,3,0,0,3,0
2020-08-12,US,Kansas,Logan,2,0,0,38.91735806,-101.148475,20109.0,71.58196134574086,0.0,2,2,0,0,2,2,2844,0,0,0,0,0
2020-08-12,US,Kansas,Lyon,716,14,0,38.45576156,-96.15275715,20111.0,2156.9513480945925,1.9553072625698324,702,716,14,0,702,710,33406,0,0,0,0,6
2020-08-12,US,Kansas,Marion,48,1,0,38.35855394,-97.09852509999999,20115.0,403.9044092898014,2.083333333333333,47,48,1,0,47,48,11950,0,0,0,0,0
2020-08-12,US,Kansas,Marshall,15,0,0,39.78359669,-96.52278974,20117.0,154.52766045122078,0.0,15,10,0,0,10,10,9722,5,0,0,5,0
2020-08-12,US,Kansas,McPherson,148,1,0,38.39184858,-97.64769869,20113.0,518.5340901128162,0.6756756756756757,147,148,1,0,147,148,28537,0,0,0,0,0
2020-08-12,US,Kansas,Meade,52,0,0,37.23859987,-100.36483100000001,20119.0,1289.3627572526655,0.0,52,45,0,0,45,45,4146,7,0,0,7,0
2020-08-12,US,Kansas,Miami,150,0,0,38.56383358,-94.83832189,20121.0,438.1224990507346,0.0,150,134,0,0,134,134,33680,16,0,0,16,0
2020-08-12,US,Kansas,Mitchell,28,0,0,39.39331582,-98.20906732,20123.0,468.3057367452751,0.0,28,28,0,0,28,27,6150,0,0,0,0,1
2020-08-12,US,Kansas,Montgomery,170,5,0,37.19236568,-95.74329258,20125.0,534.1041188852932,2.9411764705882355,165,170,5,0,165,170,32120,0,0,0,0,0
2020-08-12,US,Kansas,Morris,13,0,0,38.68827511,-96.65128437,20127.0,231.3167259786477,0.0,13,13,0,0,13,12,5521,0,0,0,0,1
2020-08-12,US,Kansas,Morton,9,2,0,37.19141121,-101.79925190000002,20129.0,347.89331271743333,22.222222222222218,7,9,2,0,7,9,2667,0,0,0,0,0
2020-08-12,US,Kansas,Nemaha,49,1,0,39.78345387,-96.01392079,20131.0,478.93656534063143,2.0408163265306123,48,49,1,0,48,49,10155,0,0,0,0,0
2020-08-12,US,Kansas,Neosho,65,0,0,37.55862897,-95.30670046,20133.0,406.0723433497845,0.0,65,65,0,0,65,65,15951,0,0,0,0,0
2020-08-12,US,Kansas,Ness,6,0,0,38.47974157,-99.91547333,20135.0,218.1818181818182,0.0,6,6,0,0,6,6,2840,0,0,0,0,0
2020-08-12,US,Kansas,Norton,23,0,0,39.78443827,-99.90286639,20137.0,429.0244357396009,0.0,23,23,0,0,23,23,5430,0,0,0,0,0
2020-08-12,US,Kansas,Osage,46,0,0,38.65235984,-95.72707998,20139.0,288.4193366355257,0.0,46,41,0,0,41,41,15941,5,0,0,5,0
2020-08-12,US,Kansas,Osborne,4,0,0,39.3503437,-98.76753828,20141.0,116.92487576731949,0.0,4,4,0,0,4,4,3475,0,0,0,0,0
2020-08-12,US,Kansas,Ottawa,35,0,0,39.13237408,-97.65020313,20143.0,613.6044880785414,0.0,35,35,0,0,35,35,5802,0,0,0,0,0
2020-08-12,US,Kansas,Pawnee,8,0,0,38.18108732,-99.23692334,20145.0,124.72715933894605,0.0,8,8,0,0,8,8,6562,0,0,0,0,0
2020-08-12,US,Kansas,Phillips,51,8,0,39.78465501,-99.34668865,20147.0,974.3981658387466,15.68627450980392,43,51,8,0,43,51,5317,0,0,0,0,0
2020-08-12,US,Kansas,Pottawatomie,109,0,0,39.37925655,-96.34564657,20149.0,447.0327687323135,0.0,109,108,0,0,108,108,24277,1,0,0,1,0
2020-08-12,US,Kansas,Pratt,35,0,0,37.64780729,-98.73922153,20151.0,381.9292885202968,0.0,35,35,0,0,35,35,9378,0,0,0,0,0
2020-08-12,US,Kansas,Reno,390,1,0,37.95230263,-98.08607292,20155.0,629.0525500822607,0.2564102564102564,389,286,1,0,285,284,62342,104,0,0,104,2
2020-08-12,US,Kansas,Republic,32,0,0,39.82799632,-97.65036709,20157.0,690.2502157031925,0.0,32,32,0,0,32,32,4664,0,0,0,0,0
2020-08-12,US,Kansas,Rice,39,0,0,38.34616184,-98.19992118,20159.0,408.9336269267065,0.0,39,39,0,0,39,39,9531,0,0,0,0,0
2020-08-12,US,Kansas,Riley,489,5,0,39.28935726,-96.73420026,20161.0,658.7455544778533,1.0224948875255624,484,483,5,0,478,483,73703,6,0,0,6,0
2020-08-12,US,Kansas,Rooks,18,0,0,39.35022773,-99.32484567,20163.0,365.8536585365854,0.0,18,18,0,0,18,18,5013,0,0,0,0,0
2020-08-12,US,Kansas,Rush,10,0,0,38.52275276,-99.30863983,20165.0,329.3807641633729,0.0,10,10,0,0,10,6,3093,0,0,0,0,4
2020-08-12,US,Kansas,Russell,16,0,0,38.91462787,-98.76254297,20167.0,233.37222870478413,0.0,16,16,0,0,16,16,6907,0,0,0,0,0
2020-08-12,US,Kansas,Saline,389,7,0,38.78369175,-97.65185177,20169.0,717.3945116553557,1.7994858611825193,382,384,5,0,379,384,54401,5,2,0,3,0
2020-08-12,US,Kansas,Scott,53,0,0,38.48222076,-100.90665390000001,20171.0,1098.901098901099,0.0,53,52,0,0,52,52,4897,1,0,0,1,0
2020-08-12,US,Kansas,Sedgwick,5068,46,0,37.6842718,-97.4608198,20173.0,982.0906050282725,0.9076558800315706,5022,4990,46,0,4944,4945,513607,78,0,0,78,45
2020-08-12,US,Kansas,Seward,1243,4,0,37.19324632,-100.85072009999999,20175.0,5800.821355236138,0.3218020917135961,1239,1243,4,0,1239,1220,21780,0,0,0,0,23
2020-08-12,US,Kansas,Shawnee,1650,19,0,39.04100763,-95.75572640000001,20177.0,932.8621908127208,1.1515151515151516,1631,1611,19,0,1592,1588,177499,39,0,0,39,23
2020-08-12,US,Kansas,Sheridan,7,0,0,39.35018161,-100.44182590000001,20179.0,277.66759222530743,0.0,7,7,0,0,7,7,2533,0,0,0,0,0
2020-08-12,US,Kansas,Sherman,16,0,0,39.35147699,-101.71976240000001,20181.0,270.4073009971269,0.0,16,16,0,0,16,16,5899,0,0,0,0,0
2020-08-12,US,Kansas,Smith,3,0,0,39.78516566,-98.78566062,20183.0,83.72871895060004,0.0,3,3,0,0,3,3,3603,0,0,0,0,0
2020-08-12,US,Kansas,Stafford,6,1,0,38.03100851,-98.71762001,20185.0,144.36958614051974,16.666666666666668,5,6,1,0,5,5,4178,0,0,0,0,1
2020-08-12,US,Kansas,Stanton,20,1,0,37.56304714,-101.78435340000001,20187.0,997.0089730807578,5.0,19,20,1,0,19,20,1987,0,0,0,0,0
2020-08-12,US,Kansas,Stevens,46,0,0,37.1923008,-101.3118967,20189.0,838.6508659981769,0.0,46,46,0,0,46,46,5559,0,0,0,0,0
2020-08-12,US,Kansas,Sumner,101,3,0,37.23682549,-97.47721621,20191.0,442.28411280434403,2.9702970297029703,98,101,3,0,98,101,22996,0,0,0,0,0
2020-08-12,US,Kansas,Thomas,44,0,0,39.35107575,-101.0553705,20193.0,565.7708628005657,0.0,44,40,0,0,40,39,7711,4,0,0,4,1
2020-08-12,US,Kansas,Trego,6,1,0,38.91467218,-99.87284448,20195.0,214.05636817695327,16.666666666666668,5,6,1,0,5,6,2793,0,0,0,0,0
2020-08-12,US,Kansas,Unassigned,0,1,0,0.0,0.0,90020.0,0.0,0.0,-1,0,1,0,-1,0,,0,0,0,0,0
2020-08-12,US,Kansas,Wabaunsee,43,0,0,38.95471985,-96.20350509,20197.0,620.4010965228682,0.0,43,43,0,0,43,43,6899,0,0,0,0,0
2020-08-12,US,Kansas,Washington,1,0,0,39.78420784,-97.08753229999999,20201.0,18.49796522382538,0.0,1,1,0,0,1,1,5420,0,0,0,0,0
2020-08-12,US,Kansas,Wichita,4,0,0,38.48178252,-101.3471509,20203.0,188.76828692779614,0.0,4,4,0,0,4,4,2105,0,0,0,0,0
2020-08-12,US,Kansas,Wilson,11,0,0,37.55937174,-95.74323255,20205.0,129.03225806451613,0.0,11,11,0,0,11,11,8665,0,0,0,0,0
2020-08-12,US,Kansas,Woodson,12,0,0,37.8865336,-95.74006277,20207.0,382.4091778202677,0.0,12,12,0,0,12,12,3183,0,0,0,0,0
2020-08-12,US,Kansas,Wyandotte,5031,102,0,39.11727348,-94.76378225,20209.0,3041.1838311299707,2.0274299344066784,4929,4959,101,0,4858,4916,165324,72,1,0,71,43
2020-08-12,US,Kentucky,Adair,215,19,0,37.10459774,-85.28129668,21001.0,1119.6750338506406,8.837209302325583,196,210,19,0,191,205,19215,5,0,0,5,5
2020-08-12,US,Kentucky,Allen,230,8,0,36.75197631,-86.19457544,21003.0,1079.052310579404,3.4782608695652173,222,227,8,0,219,226,21122,3,0,0,3,1
2020-08-12,US,Kentucky,Anderson,89,1,0,38.00671029,-84.99171713,21005.0,391.26038598496507,1.1235955056179776,88,87,1,0,86,84,22663,2,0,0,2,3
2020-08-12,US,Kentucky,Ballard,36,0,0,37.05842757,-88.99427697,21007.0,456.3894523326572,0.0,36,36,0,0,36,35,7979,0,0,0,0,1
2020-08-12,US,Kentucky,Barren,383,3,0,36.96469836,-85.93338945,21009.0,865.556283757825,0.783289817232376,380,375,2,0,373,364,44176,8,1,0,7,11
2020-08-12,US,Kentucky,Bath,41,1,0,38.14735938,-83.74588932,21011.0,328.0,2.4390243902439024,40,37,1,0,36,37,12383,4,0,0,4,0
2020-08-12,US,Kentucky,Bell,324,4,0,36.73355174,-83.67766671,21013.0,1244.622003687769,1.2345679012345678,320,318,4,0,314,312,26569,6,0,0,6,6
2020-08-12,US,Kentucky,Boone,1117,24,0,38.97065142,-84.72615357,21015.0,836.1967645099228,2.1486123545210387,1093,1111,24,0,1087,1104,131533,6,0,0,6,7
2020-08-12,US,Kentucky,Bourbon,86,1,0,38.2054607,-84.21827874,21017.0,434.6068324236911,1.162790697674419,85,84,1,0,83,83,20184,2,0,0,2,1
2020-08-12,US,Kentucky,Boyd,195,3,0,38.36176608,-82.68652187,21019.0,417.39800505158615,1.5384615384615383,192,193,3,0,190,191,47240,2,0,0,2,2
2020-08-12,US,Kentucky,Boyle,161,0,0,37.62680923,-84.8633779,21021.0,535.5954757152361,0.0,161,157,0,0,157,154,30100,4,0,0,4,3
2020-08-12,US,Kentucky,Bracken,33,0,0,38.69158994,-84.08532444,21023.0,397.4467060098759,0.0,33,33,0,0,33,34,8239,0,0,0,0,-1
2020-08-12,US,Kentucky,Breathitt,32,0,0,37.52333168,-83.31959161,21025.0,253.3650039588282,0.0,32,31,0,0,31,31,12726,1,0,0,1,0
2020-08-12,US,Kentucky,Breckinridge,76,2,0,37.77377239,-86.42885017,21027.0,371.14811740000977,2.631578947368421,74,75,2,0,73,74,20388,1,0,0,1,1
2020-08-12,US,Kentucky,Bullitt,401,5,0,37.97162523,-85.68955617,21029.0,490.96429795778437,1.2468827930174564,396,382,5,0,377,373,81069,19,0,0,19,9
2020-08-12,US,Kentucky,Butler,298,15,0,37.20946153,-86.68748787,21031.0,2313.844242565417,5.033557046979865,283,298,15,0,283,293,12772,0,0,0,0,5
2020-08-12,US,Kentucky,Caldwell,53,0,0,37.14749129,-87.86948214,21033.0,415.78410606417197,0.0,53,53,0,0,53,53,12715,0,0,0,0,0
2020-08-12,US,Kentucky,Calloway,257,4,0,36.62093411,-88.2731593,21035.0,658.9574626291634,1.5564202334630348,253,254,4,0,250,244,39135,3,0,0,3,10
2020-08-12,US,Kentucky,Campbell,592,13,0,38.94384345,-84.37875208,21037.0,632.5867669687126,2.195945945945946,579,582,13,0,569,571,93152,10,0,0,10,11
2020-08-12,US,Kentucky,Carlisle,45,1,0,36.85372876,-88.96692220000001,21039.0,945.3781512605043,2.2222222222222223,44,45,1,0,44,43,4771,0,0,0,0,2
2020-08-12,US,Kentucky,Carroll,164,2,0,38.66599534,-85.12601074,21041.0,1542.658263568809,1.2195121951219512,162,159,2,0,157,158,10737,5,0,0,5,1
2020-08-12,US,Kentucky,Carter,104,1,0,38.31690743,-83.05092385,21043.0,388.1031458745382,0.9615384615384616,103,101,1,0,100,101,27004,3,0,0,3,0
2020-08-12,US,Kentucky,Casey,201,10,0,37.32533118,-84.92726209,21045.0,1243.8888545083234,4.975124378109452,191,193,10,0,183,189,15888,8,0,0,8,4
2020-08-12,US,Kentucky,Christian,523,9,0,36.89267803,-87.49055367,21047.0,742.2545805481045,1.7208413001912046,514,511,8,0,503,502,71671,12,1,0,11,9
2020-08-12,US,Kentucky,Clark,167,7,0,37.9689263,-84.14615986,21049.0,460.52450155806196,4.1916167664670665,160,166,7,0,159,166,36249,1,0,0,1,0
2020-08-12,US,Kentucky,Clay,159,5,0,37.16451126,-83.712575,21051.0,798.9548263906337,3.1446540880503147,154,157,5,0,152,152,20105,2,0,0,2,5
2020-08-12,US,Kentucky,Clinton,38,1,0,36.72581156,-85.13377529,21053.0,371.8927383049521,2.631578947368421,37,37,1,0,36,36,10206,1,0,0,1,1
2020-08-12,US,Kentucky,Crittenden,32,1,0,37.35839237,-88.08826090000002,21055.0,363.38859868271635,3.125,31,32,1,0,31,31,8915,0,0,0,0,1
2020-08-12,US,Kentucky,Cumberland,63,0,0,36.78926125,-85.39050034,21057.0,952.5249470819472,0.0,63,57,0,0,57,57,6659,6,0,0,6,0
2020-08-12,US,Kentucky,Daviess,793,9,0,37.73028906,-87.09019479999998,21059.0,781.1961265281595,1.1349306431273645,784,769,9,0,760,765,101104,24,0,0,24,4
2020-08-12,US,Kentucky,Edmonson,112,12,0,37.21218923,-86.23955613,21061.0,921.8106995884773,10.714285714285714,100,108,12,0,96,108,12274,4,0,0,4,0
2020-08-12,US,Kentucky,Elliott,14,0,0,38.11624059,-83.09771563,21063.0,186.2445124384728,0.0,14,11,0,0,11,11,7508,3,0,0,3,0
2020-08-12,US,Kentucky,Estill,27,0,0,37.69241417,-83.95956369,21065.0,191.40791152700984,0.0,27,27,0,0,27,22,14198,0,0,0,0,5
2020-08-12,US,Kentucky,Fayette,3241,48,0,38.0368225,-84.45576892,21067.0,1002.9336040005942,1.4810243751928418,3193,3182,47,0,3135,3149,323780,59,1,0,58,33
2020-08-12,US,Kentucky,Fleming,62,0,0,38.36758311,-83.69657514,21069.0,425.2108908853988,0.0,62,60,0,0,60,59,14432,2,0,0,2,1
2020-08-12,US,Kentucky,Floyd,106,2,0,37.56213922,-82.74750924,21071.0,297.8448396976594,1.8867924528301887,104,96,2,0,94,95,35845,10,0,0,10,1
2020-08-12,US,Kentucky,Franklin,329,7,0,38.2379395,-84.87962551,21073.0,645.2119001392402,2.127659574468085,322,323,7,0,316,315,50815,6,0,0,6,8
2020-08-12,US,Kentucky,Fulton,90,2,0,36.55238827,-89.20140068,21075.0,1507.7902496230524,2.2222222222222223,88,85,2,0,83,83,6120,5,0,0,5,2
2020-08-12,US,Kentucky,Gallatin,81,7,0,38.75398691,-84.8558382,21077.0,913.2934941932574,8.641975308641975,74,81,7,0,74,80,8832,0,0,0,0,1
2020-08-12,US,Kentucky,Garrard,83,0,0,37.638866799999995,-84.53289319,21079.0,469.829050152836,0.0,83,80,0,0,80,79,17560,3,0,0,3,1
2020-08-12,US,Kentucky,Grant,126,6,0,38.64962758,-84.62415957,21081.0,502.61278870317915,4.761904761904762,120,124,6,0,118,121,25121,2,0,0,2,3
2020-08-12,US,Kentucky,Graves,574,25,0,36.72292505,-88.65143315,21083.0,1540.2780013953738,4.355400696864112,549,560,25,0,535,560,37317,14,0,0,14,0
2020-08-12,US,Kentucky,Grayson,213,11,0,37.46231118,-86.34248968,21085.0,805.9938699057782,5.164319248826291,202,206,11,0,195,202,26321,7,0,0,7,4
2020-08-12,US,Kentucky,Green,40,2,0,37.26484328,-85.5540745,21087.0,365.5972945800202,5.0,38,38,2,0,36,37,11049,2,0,0,2,1
2020-08-12,US,Kentucky,Greenup,121,1,0,38.54332505,-82.9215658,21089.0,344.7489885463559,0.8264462809917356,120,110,1,0,109,110,35268,11,0,0,11,0
2020-08-12,US,Kentucky,Hancock,50,0,0,37.83766422,-86.78280584,21091.0,573.2630130703967,0.0,50,50,0,0,50,50,8758,0,0,0,0,0
2020-08-12,US,Kentucky,Hardin,683,8,0,37.6976111,-85.96319251,21093.0,615.5482254546765,1.171303074670571,675,655,8,0,647,629,110356,28,0,0,28,26
2020-08-12,US,Kentucky,Harlan,239,3,0,36.85699301,-83.21899516,21095.0,918.8773548635139,1.2552301255230125,236,232,3,0,229,232,26409,7,0,0,7,0
2020-08-12,US,Kentucky,Harrison,123,0,0,38.44188174,-84.32869741,21097.0,651.276077517738,0.0,123,121,0,0,121,121,18778,2,0,0,2,0
2020-08-12,US,Kentucky,Hart,108,0,0,37.29943898,-85.88461055,21099.0,567.3758865248228,0.0,108,103,0,0,103,100,18906,5,0,0,5,3
2020-08-12,US,Kentucky,Henderson,360,3,0,37.79344553,-87.57392021,21101.0,796.2840079628401,0.8333333333333334,357,351,3,0,348,344,45591,9,0,0,9,7
2020-08-12,US,Kentucky,Henry,129,2,0,38.44942688,-85.11587507,21103.0,799.9503906734468,1.5503875968992251,127,129,2,0,127,120,16106,0,0,0,0,9
2020-08-12,US,Kentucky,Hickman,55,0,0,36.67948079999999,-88.97875928,21105.0,1255.7077625570776,0.0,55,53,0,0,53,49,4421,2,0,0,2,4
2020-08-12,US,Kentucky,Hopkins,431,34,0,37.30939025,-87.54670406,21107.0,964.5078995658597,7.888631090487238,397,428,34,0,394,421,45068,3,0,0,3,7
2020-08-12,US,Kentucky,Jackson,151,14,0,37.41866422,-83.99825483,21109.0,1132.8681821592018,9.271523178807945,137,150,14,0,136,150,13442,1,0,0,1,0
2020-08-12,US,Kentucky,Jefferson,8802,244,0,38.18664655,-85.65931031,21111.0,1147.9516978651645,2.7720972506248582,8558,8279,242,0,8037,8188,770517,523,2,0,521,91
2020-08-12,US,Kentucky,Jessamine,356,0,0,37.87119786,-84.58252003,21113.0,657.8582648064307,0.0,356,350,0,0,350,344,53920,6,0,0,6,6
2020-08-12,US,Kentucky,Johnson,66,0,0,37.85106355,-82.8264322,21115.0,297.4580854515955,0.0,66,64,0,0,64,49,22386,2,0,0,2,15
2020-08-12,US,Kentucky,Kenton,1449,41,0,38.93950319,-84.53241199,21117.0,867.6750619767903,2.829537612146308,1408,1431,41,0,1390,1416,166051,18,0,0,18,15
2020-08-12,US,Kentucky,Knott,66,1,0,37.35388197,-82.94981134,21119.0,445.76523031203567,1.5151515151515151,65,62,1,0,61,60,15126,4,0,0,4,2
2020-08-12,US,Kentucky,Knox,254,8,0,36.89225732,-83.85403396,21121.0,815.5402151228128,3.1496062992125986,246,243,8,0,235,235,31304,11,0,0,11,8
2020-08-12,US,Kentucky,Larue,60,1,0,37.54567114,-85.70138352,21123.0,416.72454507570495,1.6666666666666667,59,56,1,0,55,56,14307,4,0,0,4,0
2020-08-12,US,Kentucky,Laurel,456,5,0,37.10975748,-84.11321779,21125.0,749.8396724384587,1.0964912280701755,451,453,5,0,448,433,60669,3,0,0,3,20
2020-08-12,US,Kentucky,Lawrence,37,0,0,38.07136018,-82.72882223,21127.0,241.56166351113143,0.0,37,36,0,0,36,36,15571,1,0,0,1,0
2020-08-12,US,Kentucky,Lee,7,0,0,37.59645942,-83.71513901,21129.0,94.55626097528031,0.0,7,7,0,0,7,6,7033,0,0,0,0,1
2020-08-12,US,Kentucky,Leslie,32,0,0,37.09246661,-83.37999606,21131.0,323.9850156930242,0.0,32,31,0,0,31,31,10143,1,0,0,1,0
2020-08-12,US,Kentucky,Letcher,62,0,0,37.12306748,-82.85346474,21133.0,287.6629703521551,0.0,62,60,0,0,60,59,21899,2,0,0,2,1
2020-08-12,US,Kentucky,Lewis,53,0,0,38.53184419,-83.37735618,21135.0,399.24670433145,0.0,53,41,0,0,41,41,13257,12,0,0,12,0
2020-08-12,US,Kentucky,Lincoln,117,2,0,37.45475628,-84.6565327,21137.0,476.597824758646,1.709401709401709,115,116,2,0,114,106,24644,1,0,0,1,10
2020-08-12,US,Kentucky,Livingston,35,1,0,37.21137452,-88.34797529,21139.0,380.68305416576027,2.8571428571428568,34,35,1,0,34,35,9242,0,0,0,0,0
2020-08-12,US,Kentucky,Logan,341,23,0,36.85949479,-86.877635,21141.0,1258.2097262194673,6.744868035190616,318,332,23,0,309,328,26989,9,0,0,9,4
2020-08-12,US,Kentucky,Lyon,32,4,0,37.02080035,-88.07886257,21143.0,389.768574908648,12.5,28,32,4,0,28,32,8009,0,0,0,0,0
2020-08-12,US,Kentucky,Madison,583,1,0,37.71659336,-84.27220275,21151.0,626.96936130857,0.17152658662092626,582,549,1,0,548,516,92368,34,0,0,34,33
2020-08-12,US,Kentucky,Magoffin,41,0,0,37.70820545,-83.0657714,21153.0,337.14332702902715,0.0,41,40,0,0,40,39,12362,1,0,0,1,1
2020-08-12,US,Kentucky,Marion,124,0,0,37.55218078,-85.26898542,21155.0,643.3871218803507,0.0,124,124,0,0,124,124,19404,0,0,0,0,0
2020-08-12,US,Kentucky,Marshall,140,2,0,36.88007070000001,-88.32803576,21157.0,450.1607717041802,1.4285714285714286,138,139,2,0,137,138,31191,1,0,0,1,1
2020-08-12,US,Kentucky,Martin,37,0,0,37.79990579,-82.51247478,21159.0,330.50468959356857,0.0,37,37,0,0,37,36,11323,0,0,0,0,1
2020-08-12,US,Kentucky,Mason,54,1,0,38.59471935,-83.82151043,21161.0,316.3444639718805,1.851851851851852,53,55,1,0,54,54,17150,-1,0,0,-1,1
2020-08-12,US,Kentucky,McCracken,377,4,0,37.05350953,-88.70445755,21145.0,576.2939863646092,1.0610079575596818,373,372,4,0,368,367,65346,5,0,0,5,5
2020-08-12,US,Kentucky,McCreary,42,0,0,36.73874143,-84.48102924,21147.0,243.74673553479198,0.0,42,42,0,0,42,41,17408,0,0,0,0,1
2020-08-12,US,Kentucky,McLean,43,1,0,37.5301951,-87.26803443,21149.0,467.03595090691863,2.3255813953488373,42,42,1,0,41,42,9252,1,0,0,1,0
2020-08-12,US,Kentucky,Meade,99,3,0,37.96163597,-86.21028219,21163.0,346.4930701385972,3.0303030303030303,96,95,2,0,93,94,28715,4,1,0,3,1
2020-08-12,US,Kentucky,Menifee,28,0,0,37.94090733,-83.59985712,21165.0,431.4994606256742,0.0,28,28,0,0,28,28,6451,0,0,0,0,0
2020-08-12,US,Kentucky,Mercer,86,0,0,37.81474237,-84.87488475,21167.0,392.103223453244,0.0,86,84,0,0,84,83,21774,2,0,0,2,1
2020-08-12,US,Kentucky,Metcalfe,62,2,0,36.99459295,-85.63123699,21169.0,615.6290338595969,3.2258064516129035,60,61,2,0,59,60,10030,1,0,0,1,1
2020-08-12,US,Kentucky,Monroe,96,2,0,36.71225341,-85.71596443,21171.0,901.4084507042253,2.083333333333333,94,94,2,0,92,94,10718,2,0,0,2,0
2020-08-12,US,Kentucky,Montgomery,128,0,0,38.03253032,-83.9145241,21173.0,454.5938842916504,0.0,128,124,0,0,124,121,28203,4,0,0,4,3
2020-08-12,US,Kentucky,Morgan,30,0,0,37.92465657,-83.25558245,21175.0,225.4113757607634,0.0,30,30,0,0,30,31,13345,0,0,0,0,-1
2020-08-12,US,Kentucky,Muhlenberg,629,11,0,37.21425819,-87.14632053,21177.0,2054.0787668996145,1.7488076311605725,618,627,11,0,616,626,30774,2,0,0,2,1
2020-08-12,US,Kentucky,Nelson,230,2,0,37.80335779,-85.4657193,21179.0,497.4801548677352,0.8695652173913043,228,221,2,0,219,218,45851,9,0,0,9,3
2020-08-12,US,Kentucky,Nicholas,20,0,0,38.33342292,-84.01889177,21181.0,275.14100976750586,0.0,20,20,0,0,20,20,7166,0,0,0,0,0
2020-08-12,US,Kentucky,Ohio,361,9,0,37.47751843,-86.85368087,21183.0,1504.5428023672587,2.4930747922437675,352,357,9,0,348,356,24087,4,0,0,4,1
2020-08-12,US,Kentucky,Oldham,640,16,0,38.39791089,-85.448222,21185.0,958.098175122382,2.5,624,633,15,0,618,632,66470,7,1,0,6,1
2020-08-12,US,Kentucky,Owen,54,0,0,38.51679143,-84.82404619,21187.0,495.36739748646914,0.0,54,50,0,0,50,48,10880,4,0,0,4,2
2020-08-12,US,Kentucky,Owsley,13,0,0,37.42823949,-83.68811419,21189.0,294.4507361268403,0.0,13,12,0,0,12,12,4472,1,0,0,1,0
2020-08-12,US,Kentucky,Pendleton,47,0,0,38.69607718,-84.35599463,21191.0,322.1384509938314,0.0,47,46,0,0,46,44,14529,1,0,0,1,2
2020-08-12,US,Kentucky,Perry,247,3,0,37.25023553,-83.22922731,21193.0,958.9253824054663,1.214574898785425,244,232,3,0,229,226,26092,15,0,0,15,6
2020-08-12,US,Kentucky,Pike,252,3,0,37.47088263,-82.39487445,21195.0,435.4136429608128,1.1904761904761905,249,251,3,0,248,249,58402,1,0,0,1,2
2020-08-12,US,Kentucky,Powell,62,0,0,37.83218794,-83.82553961,21197.0,501.65871025163847,0.0,62,60,0,0,60,59,12442,2,0,0,2,1
2020-08-12,US,Kentucky,Pulaski,338,5,0,37.10466131,-84.57629079,21199.0,520.1680542944644,1.4792899408284024,333,319,5,0,314,309,64623,19,0,0,19,10
2020-08-12,US,Kentucky,Robertson,3,0,0,38.51923469,-84.05055616,21201.0,142.31499051233396,0.0,3,3,0,0,3,3,2135,0,0,0,0,0
2020-08-12,US,Kentucky,Rockcastle,74,0,0,37.36642393,-84.31176452,21203.0,443.24648098233,0.0,74,72,0,0,72,71,16750,2,0,0,2,1
2020-08-12,US,Kentucky,Rowan,84,0,0,38.19484205,-83.42088935,21205.0,343.4178250204415,0.0,84,75,0,0,75,70,24583,9,0,0,9,5
2020-08-12,US,Kentucky,Russell,124,5,0,36.99308373,-85.06070117,21207.0,691.8484628689394,4.032258064516129,119,116,5,0,111,111,17821,8,0,0,8,5
2020-08-12,US,Kentucky,Scott,407,0,0,38.29622293,-84.5816631,21209.0,713.9849835099292,0.0,407,388,0,0,388,378,56031,19,0,0,19,10
2020-08-12,US,Kentucky,Shelby,786,21,0,38.21476019,-85.194223,21211.0,1603.2963446475196,2.6717557251908395,765,779,21,0,758,774,48518,7,0,0,7,5
2020-08-12,US,Kentucky,Simpson,152,7,0,36.74058474,-86.58047435,21213.0,818.4363558044367,4.605263157894737,145,152,7,0,145,150,18529,0,0,0,0,2
2020-08-12,US,Kentucky,Spencer,128,0,0,38.03223971,-85.32749335,21215.0,661.4645237972197,0.0,128,123,0,0,123,121,18794,5,0,0,5,2
2020-08-12,US,Kentucky,Taylor,144,2,0,37.3677562,-85.3329931,21217.0,558.8109744266367,1.3888888888888888,142,141,2,0,139,137,25549,3,0,0,3,4
2020-08-12,US,Kentucky,Todd,34,0,0,36.8381152,-87.17878374,21219.0,276.55767040832933,0.0,34,35,0,0,35,35,12311,-1,0,0,-1,0
2020-08-12,US,Kentucky,Trigg,56,0,0,36.80767017,-87.87333656,21221.0,382.22646918299085,0.0,56,54,0,0,54,54,14643,2,0,0,2,0
2020-08-12,US,Kentucky,Trimble,33,0,0,38.61056487,-85.33775972,21223.0,389.564396175186,0.0,33,32,0,0,32,32,8515,1,0,0,1,0
2020-08-12,US,Kentucky,Union,70,0,0,37.66166713,-87.94300009,21225.0,486.75335512134063,0.0,70,67,0,0,67,65,14505,3,0,0,3,2
2020-08-12,US,Kentucky,Warren,2702,22,0,36.99903045,-86.42672751,21227.0,2033.168793643149,0.8142116950407106,2680,2670,22,0,2648,2641,131264,32,0,0,32,29
2020-08-12,US,Kentucky,Washington,92,0,0,37.75599461,-85.17407732,21229.0,760.6448945845392,0.0,92,86,0,0,86,86,12084,6,0,0,6,0
2020-08-12,US,Kentucky,Wayne,73,0,0,36.80310688,-84.8251971,21231.0,359.02227905375497,0.0,73,69,0,0,69,67,20468,4,0,0,4,2
2020-08-12,US,Kentucky,Webster,90,1,0,37.52168356,-87.67989953,21233.0,695.4102920723227,1.1111111111111112,89,89,1,0,88,89,13111,1,0,0,1,0
2020-08-12,US,Kentucky,Whitley,168,1,0,36.75700531,-84.14541217,21235.0,463.26935804103243,0.5952380952380952,167,166,1,0,165,163,36242,2,0,0,2,3
2020-08-12,US,Kentucky,Wolfe,16,0,0,37.73941626,-83.49303612,21237.0,223.55735643426013,0.0,16,14,0,0,14,14,7177,2,0,0,2,0
2020-08-12,US,Kentucky,Woodford,165,0,0,38.04178222,-84.7417556,21239.0,617.1915912321389,0.0,165,157,0,0,157,156,26533,8,0,0,8,1
2020-08-12,US,Louisiana,Acadia,2652,87,0,30.295064899999996,-92.41419698,22001.0,4274.317027963575,3.2805429864253397,2565,2634,85,0,2549,2601,62190,18,2,0,16,33
2020-08-12,US,Louisiana,Allen,1321,30,0,30.65385745,-92.82442028,22003.0,5154.719631638506,2.2710068130204397,1291,1284,30,0,1254,1278,25605,37,0,0,37,6
2020-08-12,US,Louisiana,Ascension,2941,78,0,30.20406249,-90.91328409999998,22005.0,2322.991374680105,2.6521591295477727,2863,2930,77,0,2853,2890,124672,11,1,0,10,40
2020-08-12,US,Louisiana,Assumption,598,20,0,29.89946234,-91.06461642,22007.0,2731.716230414325,3.3444816053511706,578,591,20,0,571,588,22300,7,0,0,7,3
2020-08-12,US,Louisiana,Avoyelles,1107,34,0,31.07796211,-92.00079449,22009.0,2757.572738142687,3.071364046973803,1073,1096,32,0,1064,1070,40462,11,2,0,9,26
2020-08-12,US,Louisiana,Beauregard,863,20,0,30.64836518,-93.34173616,22011.0,2301.5174547297115,2.317497103128621,843,837,19,0,818,835,37253,26,1,0,25,2
2020-08-12,US,Louisiana,Bienville,387,30,0,32.34569994,-93.05398492,22013.0,2922.739974322181,7.751937984496124,357,386,30,0,356,382,13308,1,0,0,1,4
2020-08-12,US,Louisiana,Bossier,2390,82,0,32.67932307,-93.60460152,22015.0,1881.312038035564,3.4309623430962337,2308,2374,82,0,2292,2339,127185,16,0,0,16,35
2020-08-12,US,Louisiana,Caddo,6771,296,0,32.57991587,-93.88375652,22017.0,2818.8539741219956,4.371584699453551,6475,6739,296,0,6443,6688,242922,32,0,0,32,51
2020-08-12,US,Louisiana,Calcasieu,6924,147,0,30.22931235,-93.35400434,22019.0,3403.527399280363,2.1230502599653382,6777,6862,146,0,6716,6815,203112,62,1,0,61,47
2020-08-12,US,Louisiana,Caldwell,228,3,0,32.0902519,-92.11752148,22021.0,2298.850574712644,1.3157894736842106,225,224,3,0,221,221,9960,4,0,0,4,3
2020-08-12,US,Louisiana,Cameron,171,0,0,29.87592238,-93.19310676,22023.0,2452.316076294278,0.0,171,170,0,0,170,169,6968,1,0,0,1,1
2020-08-12,US,Louisiana,Catahoula,300,5,0,31.66778967,-91.84526385,22025.0,3159.89045713082,1.6666666666666667,295,296,5,0,291,295,9608,4,0,0,4,1
2020-08-12,US,Louisiana,Claiborne,286,11,0,32.82308512,-92.99526883,22027.0,1825.143586470964,3.8461538461538463,275,282,11,0,271,277,15944,4,0,0,4,5
2020-08-12,US,Louisiana,Concordia,347,9,0,31.44817835,-91.63814433,22029.0,1801.755023625318,2.5936599423631126,338,337,9,0,328,334,19572,10,0,0,10,3
2020-08-12,US,Louisiana,De Soto,745,26,0,32.05457447,-93.74130302,22031.0,2712.740778501985,3.48993288590604,719,743,26,0,717,727,27436,2,0,0,2,16
2020-08-12,US,Louisiana,East Baton Rouge,12477,360,0,30.53842039,-91.09777565,22033.0,2835.3016300087043,2.885308968502044,12117,12377,354,0,12023,12244,440956,100,6,0,94,133
2020-08-12,US,Louisiana,East Carroll,520,2,0,32.73926954,-91.23425694,22035.0,7579.070106398484,0.38461538461538464,518,521,2,0,519,520,7037,-1,0,0,-1,1
2020-08-12,US,Louisiana,East Feliciana,609,39,0,30.84425359,-91.04976723,22037.0,3182.649594983016,6.403940886699507,570,603,38,0,565,591,19305,6,1,0,5,12
2020-08-12,US,Louisiana,Evangeline,932,7,0,30.72985248,-92.39915924,22039.0,2790.8369516394678,0.7510729613733905,925,908,7,0,901,895,33443,24,0,0,24,13
2020-08-12,US,Louisiana,Franklin,954,19,0,32.13675181,-91.67589857,22041.0,4766.425181114164,1.9916142557651992,935,940,19,0,921,938,20156,14,0,0,14,2
2020-08-12,US,Louisiana,Grant,330,19,0,31.59882456,-92.56124347,22043.0,1473.938094600027,5.757575757575758,311,307,18,0,289,306,22482,23,1,0,22,1
2020-08-12,US,Louisiana,Iberia,2575,73,0,29.86803617,-91.75871777,22045.0,3687.526850923672,2.83495145631068,2502,2561,73,0,2488,2539,70941,14,0,0,14,22
2020-08-12,US,Louisiana,Iberville,1262,50,0,30.25734305,-91.3499598,22047.0,3881.763095567653,3.961965134706815,1212,1259,49,0,1210,1250,32721,3,1,0,2,9
2020-08-12,US,Louisiana,Jackson,383,18,0,32.30251776,-92.55692092,22049.0,2432.6727642276423,4.699738903394255,365,378,18,0,360,376,15902,5,0,0,5,2
2020-08-12,US,Louisiana,Jefferson,15509,529,0,29.74075478,-90.11115756,22051.0,3585.953992318951,3.410922690050938,14980,15452,529,0,14923,15350,434051,57,0,0,57,102
2020-08-12,US,Louisiana,Jefferson Davis,1046,28,0,30.26896765,-92.81210004,22053.0,3334.608518235144,2.676864244741874,1018,1033,28,0,1005,1028,31582,13,0,0,13,5
2020-08-12,US,Louisiana,LaSalle,324,2,0,31.67884782,-92.15907765,22059.0,2175.66478646253,0.6172839506172839,322,308,2,0,306,305,14917,16,0,0,16,3
2020-08-12,US,Louisiana,Lafayette,7793,100,0,30.2049055,-92.06959876,22055.0,3188.755677400876,1.2832028743744386,7693,7723,96,0,7627,7643,242782,70,4,0,66,80
2020-08-12,US,Louisiana,Lafourche,2895,100,0,29.52470226,-90.40976986,22057.0,2965.763107750937,3.454231433506045,2795,2863,99,0,2764,2839,98115,32,1,0,31,24
2020-08-12,US,Louisiana,Lincoln,815,32,0,32.6003154,-92.66597409999999,22061.0,1743.6138804501306,3.92638036809816,783,806,31,0,775,805,47196,9,1,0,8,1
2020-08-12,US,Louisiana,Livingston,2992,52,0,30.44143993,-90.73061664,22063.0,2125.166028595984,1.7379679144385027,2940,2975,52,0,2923,2938,139567,17,0,0,17,37
2020-08-12,US,Louisiana,Madison,625,6,0,32.36918118,-91.23973355,22065.0,5707.241347822117,0.96,619,618,6,0,612,613,11161,7,0,0,7,5
2020-08-12,US,Louisiana,Morehouse,536,13,0,32.81686191,-91.80421614,22067.0,2154.8604969043977,2.4253731343283578,523,536,12,0,524,531,25398,0,1,0,-1,5
2020-08-12,US,Louisiana,Natchitoches,809,17,0,31.72321584,-93.09816516,22069.0,2120.132082394256,2.1013597033374536,792,791,17,0,774,774,38659,18,0,0,18,17
2020-08-12,US,Louisiana,Orleans,10851,564,0,30.06971951,-89.92660315,22071.0,2781.280757874016,5.197677633397842,10287,10805,562,0,10243,10768,391006,46,2,0,44,37
2020-08-12,US,Louisiana,Ouachita,4967,114,0,32.47645559,-92.15704172,22073.0,3240.496088831477,2.2951479766458633,4853,4923,114,0,4809,4896,154475,44,0,0,44,27
2020-08-12,US,Louisiana,Plaquemines,462,19,0,29.42245447,-89.60322085,22075.0,1991.63684959262,4.112554112554113,443,461,19,0,442,460,23410,1,0,0,1,1
2020-08-12,US,Louisiana,Pointe Coupee,816,33,0,30.71409502,-91.60209535,22077.0,3755.1771744132534,4.044117647058823,783,810,32,0,778,794,21940,6,1,0,5,16
2020-08-12,US,Louisiana,Rapides,3380,119,0,31.19778499,-92.52997303,22079.0,2607.059113908429,3.5207100591715976,3261,3327,114,0,3213,3304,130562,53,5,0,48,23
2020-08-12,US,Louisiana,Red River,250,13,0,32.09530039,-93.34213308,22081.0,2961.3835583984837,5.2,237,244,12,0,232,237,8477,6,1,0,5,7
2020-08-12,US,Louisiana,Richland,615,8,0,32.41391005,-91.76634876,22083.0,3056.3562270152074,1.3008130081300813,607,604,8,0,596,602,20192,11,0,0,11,2
2020-08-12,US,Louisiana,Sabine,664,11,0,31.56388699,-93.55433981,22085.0,2780.1038352034834,1.6566265060240963,653,658,11,0,647,647,24032,6,0,0,6,11
2020-08-12,US,Louisiana,St. Bernard,1120,24,0,29.87761636,-89.51887093,22087.0,2370.6714080094825,2.142857142857143,1096,1113,24,0,1089,1109,46721,7,0,0,7,4
2020-08-12,US,Louisiana,St. Charles,1500,55,0,29.90709658,-90.35555967,22089.0,2824.858757062147,3.6666666666666665,1445,1492,52,0,1440,1484,52879,8,3,0,5,8
2020-08-12,US,Louisiana,St. Helena,277,2,0,30.82210324,-90.71013176,22091.0,2733.9123568890645,0.7220216606498195,275,275,2,0,273,267,10262,2,0,0,2,8
2020-08-12,US,Louisiana,St. James,723,32,0,30.02531716,-90.80212061,22093.0,3427.1899886234355,4.426002766251728,691,722,32,0,690,719,21037,1,0,0,1,3
2020-08-12,US,Louisiana,St. John the Baptist,1441,92,0,30.12597499,-90.4753503,22095.0,3363.9143730886854,6.384455239417071,1349,1434,92,0,1342,1430,43184,7,0,0,7,4
2020-08-12,US,Louisiana,St. Landry,2824,92,0,30.59724262,-92.00135806,22097.0,3438.7024499537292,3.2577903682719547,2732,2778,91,0,2687,2735,82764,46,1,0,45,43
2020-08-12,US,Louisiana,St. Martin,1757,46,0,30.13112107,-91.61403569,22099.0,3288.353203196646,2.6180990324416618,1711,1734,46,0,1688,1714,53621,23,0,0,23,20
2020-08-12,US,Louisiana,St. Mary,1642,56,0,29.69262097,-91.44702164,22101.0,3327.389154575667,3.41047503045067,1586,1631,55,0,1576,1611,49774,11,1,0,10,20
2020-08-12,US,Louisiana,St. Tammany,5364,216,0,30.40942847,-89.95642711,22103.0,2059.7575445724005,4.026845637583893,5148,5323,215,0,5108,5266,258111,41,1,0,40,57
2020-08-12,US,Louisiana,Tangipahoa,3570,78,0,30.62888673,-90.40664996,22105.0,2649.193368853797,2.184873949579832,3492,3540,78,0,3462,3498,133777,30,0,0,30,42
2020-08-12,US,Louisiana,Tensas,91,0,0,32.00760749,-91.32915234,22107.0,2099.6769727734195,0.0,91,91,0,0,91,89,4462,0,0,0,0,2
2020-08-12,US,Louisiana,Terrebonne,3095,86,0,29.37343766,-90.82626855,22109.0,2801.8938810983063,2.778675282714055,3009,3072,85,0,2987,3057,111021,23,1,0,22,15
2020-08-12,US,Louisiana,Unassigned,236,118,0,0.0,0.0,90022.0,0.0,50.0,118,255,118,0,137,254,,-19,0,0,-19,1
2020-08-12,US,Louisiana,Union,720,35,0,32.83121059,-92.3749373,22111.0,3256.7396417586388,4.861111111111111,685,711,35,0,676,708,22330,9,0,0,9,3
2020-08-12,US,Louisiana,Vermilion,1657,28,0,29.83517605,-92.30292538,22113.0,2784.35919409857,1.6898008449004225,1629,1611,27,0,1584,1584,59830,46,1,0,45,27
2020-08-12,US,Louisiana,Vernon,789,29,0,31.10884837,-93.18153838,22115.0,1663.5391848868835,3.67553865652725,760,772,29,0,743,770,48860,17,0,0,17,2
2020-08-12,US,Louisiana,Washington,1298,58,0,30.85288548,-90.03866652,22117.0,2809.888730138113,4.468412942989215,1240,1293,58,0,1235,1281,46582,5,0,0,5,12
2020-08-12,US,Louisiana,Webster,903,16,0,32.70847669,-93.33121835,22119.0,2355.2425665101723,1.7718715393133997,887,898,14,0,884,894,38798,5,2,0,3,4
2020-08-12,US,Louisiana,West Baton Rouge,734,37,0,30.46058217,-91.30989571,22121.0,2773.474400151143,5.040871934604906,697,727,37,0,690,722,26427,7,0,0,7,5
2020-08-12,US,Louisiana,West Carroll,298,6,0,32.78550125,-91.461201,22123.0,2751.6158818097874,2.0134228187919465,292,296,6,0,290,294,10982,2,0,0,2,2
2020-08-12,US,Louisiana,West Feliciana,393,18,0,30.87882871,-91.41485379999999,22125.0,2524.4090441932167,4.580152671755725,375,355,17,0,338,348,15460,38,1,0,37,7
2020-08-12,US,Louisiana,Winn,450,7,0,31.94449367,-92.63789413,22127.0,3236.4787111622554,1.5555555555555556,443,426,7,0,419,425,14134,24,0,0,24,1
2020-08-12,US,Maine,Androscoggin,568,8,0,44.1664747,-70.20380627,23001.0,524.5804741542527,1.4084507042253518,560,565,8,0,557,565,107679,3,0,0,3,0
2020-08-12,US,Maine,Aroostook,33,1,0,46.65926321,-68.59841248,23003.0,49.21333233912461,3.0303030303030303,32,33,1,0,32,33,67111,0,0,0,0,0
2020-08-12,US,Maine,Cumberland,2097,69,0,43.8370751,-70.37226999,23005.0,710.8402287434365,3.2904148783977116,2028,2090,69,0,2021,2089,293557,7,0,0,7,1
2020-08-12,US,Maine,Franklin,45,1,0,44.97330019,-70.44381045,23007.0,149.01155667406206,2.2222222222222223,44,45,1,0,44,45,29897,0,0,0,0,0
2020-08-12,US,Maine,Hancock,37,1,0,44.59816444,-68.38401854,23009.0,67.28863185843927,2.702702702702702,36,36,1,0,35,36,54811,1,0,0,1,0
2020-08-12,US,Maine,Kennebec,171,11,0,44.40759555,-69.76738544,23011.0,139.81782799954212,6.432748538011697,160,171,11,0,160,172,122083,0,0,0,0,-1
2020-08-12,US,Maine,Knox,27,1,0,44.11486325,-69.10529169,23013.0,67.88695564718898,3.703703703703704,26,27,1,0,26,27,39771,0,0,0,0,0
2020-08-12,US,Maine,Lincoln,35,1,0,44.05996956,-69.54227124,23015.0,101.05676502858464,2.8571428571428568,34,35,1,0,34,35,34342,0,0,0,0,0
2020-08-12,US,Maine,Oxford,55,0,0,44.49952995,-70.75682123,23017.0,94.8684777921518,0.0,55,55,0,0,55,54,57618,0,0,0,0,1
2020-08-12,US,Maine,Penobscot,153,5,0,45.40194593,-68.65020455,23019.0,100.55998107106235,3.2679738562091503,148,151,5,0,146,150,151096,2,0,0,2,1
2020-08-12,US,Maine,Piscataquis,4,0,0,45.83839062,-69.2860223,23021.0,23.83080131069407,0.0,4,4,0,0,4,4,16800,0,0,0,0,0
2020-08-12,US,Maine,Sagadahoc,56,0,0,43.95415864,-69.85074999,23023.0,156.1802766622044,0.0,56,55,0,0,55,56,35634,1,0,0,1,-1
2020-08-12,US,Maine,Somerset,33,1,0,45.51229767,-69.95995554,23025.0,65.36724506774425,3.0303030303030303,32,33,1,0,32,33,50592,0,0,0,0,0
2020-08-12,US,Maine,Unassigned,1,0,0,0.0,0.0,90023.0,0.0,0.0,1,2,0,0,2,2,,-1,0,0,-1,0
2020-08-12,US,Maine,Waldo,62,14,0,44.4858305,-69.12061935,23027.0,156.11230013848672,22.580645161290327,48,62,14,0,48,62,39694,0,0,0,0,0
2020-08-12,US,Maine,Washington,13,0,0,45.01607142,-67.62813524,23029.0,41.42898116574779,0.0,13,13,0,0,13,13,31490,0,0,0,0,0
2020-08-12,US,Maine,York,680,13,0,43.47808377,-70.71052375,23031.0,327.4883091489638,1.9117647058823528,667,675,13,0,662,675,206229,5,0,0,5,0
2020-08-12,US,Maryland,Allegany,303,18,0,39.62357628,-78.69280486,24001.0,430.2999318336742,5.9405940594059405,285,300,18,0,282,299,70975,3,0,0,3,1
2020-08-12,US,Maryland,Anne Arundel,7479,228,0,39.00670238,-76.60329337,24003.0,1291.188017277991,3.0485359005214603,7251,7450,227,0,7223,7416,576031,29,1,0,28,34
2020-08-12,US,Maryland,Baltimore,13463,567,0,39.45784712,-76.62911955,24005.0,1627.2042737831925,4.211542746787491,12896,13374,566,0,12808,13400,828431,89,1,0,88,-26
2020-08-12,US,Maryland,Baltimore City,12991,434,0,39.30211911,-76.61151012,24510.0,2188.9164097120424,3.340774382264645,12557,12893,431,0,12462,12704,621342,98,3,0,95,189
2020-08-12,US,Maryland,Calvert,715,28,0,38.53961642,-76.56820632,24009.0,772.7641178059984,3.916083916083916,687,713,28,0,685,707,92003,2,0,0,2,6
2020-08-12,US,Maryland,Caroline,454,3,0,38.87172293,-75.82904158,24011.0,1359.0372986888585,0.6607929515418502,451,453,3,0,450,453,33304,1,0,0,1,0
2020-08-12,US,Maryland,Carroll,1572,118,0,39.56453592,-77.02373735,24013.0,933.2312240645424,7.5063613231552155,1454,1567,117,0,1450,1554,168429,5,1,0,4,13
2020-08-12,US,Maryland,Cecil,714,30,0,39.56647682,-75.94627411,24015.0,694.1811287735161,4.201680672268908,684,708,30,0,678,706,102826,6,0,0,6,2
2020-08-12,US,Maryland,Charles,2084,91,0,38.51092331,-76.98580666,24017.0,1276.5149426977098,4.366602687140116,1993,2067,91,0,1976,2040,161503,17,0,0,17,27
2020-08-12,US,Maryland,Dorchester,378,5,0,38.45413522,-76.02752426,24019.0,1183.8767264868927,1.3227513227513228,373,378,5,0,373,375,31998,0,0,0,0,3
2020-08-12,US,Maryland,Frederick,3118,121,0,39.47296601,-77.39999394,24021.0,1201.3238450068773,3.8806927517639513,2997,3093,121,0,2972,3082,255648,25,0,0,25,11
2020-08-12,US,Maryland,Garrett,53,0,0,39.52786077,-79.27355126,24023.0,182.67043496243198,0.0,53,51,0,0,51,49,29163,2,0,0,2,2
2020-08-12,US,Maryland,Harford,2034,69,0,39.55010644,-76.30775940000002,24025.0,796.2699801519725,3.392330383480826,1965,2012,69,0,1943,1994,253956,22,0,0,22,18
2020-08-12,US,Maryland,Howard,3941,112,0,39.25305293,-76.93126208,24027.0,1210.0463631060209,2.841918294849023,3829,3913,112,0,3801,3881,323196,28,0,0,28,32
2020-08-12,US,Maryland,Kent,243,23,0,39.24976208,-76.04741541,24029.0,1251.1584800741427,9.465020576131687,220,242,23,0,219,243,19383,1,0,0,1,-1
2020-08-12,US,Maryland,Montgomery,18641,806,0,39.13676329,-77.20358245,24031.0,1774.1708290187,4.323802371117429,17835,18558,803,0,17755,18489,1052567,83,3,0,80,69
2020-08-12,US,Maryland,Prince George's,24098,764,0,38.83070039,-76.8496441,24033.0,2650.0917711670277,3.1703875840318703,23334,24009,761,0,23248,23832,909308,89,3,0,86,177
2020-08-12,US,Maryland,Queen Anne's,440,26,0,39.06198912,-76.03530977,24035.0,873.3451102598202,5.909090909090909,414,433,25,0,408,434,50251,7,1,0,6,-1
2020-08-12,US,Maryland,Somerset,141,3,0,38.1163542,-75.75118623,24039.0,550.4372267332917,2.127659574468085,138,141,3,0,138,139,25675,0,0,0,0,2
2020-08-12,US,Maryland,St. Mary's,1012,52,0,38.30058422,-76.60629279999998,24037.0,891.5514051625407,5.138339920948616,960,1003,52,0,951,999,112664,9,0,0,9,4
2020-08-12,US,Maryland,Talbot,404,4,0,38.76618159,-76.10882561,24041.0,1086.5764772329953,0.99009900990099,400,403,4,0,399,402,36968,1,0,0,1,1
2020-08-12,US,Maryland,Unassigned,0,14,0,0.0,0.0,90024.0,0.0,0.0,-14,0,19,0,-19,0,,0,-5,0,5,0
2020-08-12,US,Maryland,Washington,1041,31,0,39.60835778,-77.82002295,24043.0,689.1803322100775,2.9779058597502406,1010,1029,31,0,998,1018,150926,12,0,0,12,11
2020-08-12,US,Maryland,Wicomico,1361,45,0,38.37301947,-75.62705831,24045.0,1313.5924485324633,3.3063923585598824,1316,1356,45,0,1311,1348,103195,5,0,0,5,8
2020-08-12,US,Maryland,Worcester,704,20,0,38.21274277,-75.33200012,24047.0,1346.6982936720485,2.8409090909090913,684,697,20,0,677,694,51823,7,0,0,7,3
2020-08-12,US,Massachusetts,Barnstable,1803,158,0,41.72980578,-70.28854339,25001.0,846.51861589746,8.763172490293954,1645,1803,158,0,1645,1802,213413,0,0,0,0,1
2020-08-12,US,Massachusetts,Berkshire,667,46,0,42.37428441,-73.20524838,25003.0,533.8391599436547,6.896551724137932,621,667,46,0,621,668,126348,0,0,0,0,-1
2020-08-12,US,Massachusetts,Bristol,9408,637,0,41.79228404,-71.10872211,25005.0,1664.4934600339334,6.770833333333332,8771,9408,637,0,8771,9371,564022,0,0,0,0,37
2020-08-12,US,Massachusetts,Dukes and Nantucket,103,1,0,41.40674725,-70.68763497,0.0,358.49778984372284,0.9708737864077671,102,103,1,0,102,103,26707,0,0,0,0,0
2020-08-12,US,Massachusetts,Essex,17930,1194,0,42.6687626,-70.94687179,25009.0,2272.3989080318465,6.659230340211935,16736,17930,1194,0,16736,17883,790638,0,0,0,0,47
2020-08-12,US,Massachusetts,Franklin,411,61,0,42.58119713,-72.58602547,25011.0,585.6369335993161,14.841849148418493,350,411,61,0,350,411,70963,0,0,0,0,0
2020-08-12,US,Massachusetts,Hampden,7637,709,0,42.13440424,-72.63235561,25013.0,1637.5339857452848,9.283750163676837,6928,7637,709,0,6928,7619,470406,0,0,0,0,18
2020-08-12,US,Massachusetts,Hampshire,1184,130,0,42.33997957,-72.65898478,25015.0,736.1810607473732,10.979729729729732,1054,1184,130,0,1054,1179,161355,0,0,0,0,5
2020-08-12,US,Massachusetts,Middlesex,26565,2006,0,42.48607732,-71.39049229,25017.0,1648.26062434735,7.551289290419725,24559,26565,2006,0,24559,26470,1614714,0,0,0,0,95
2020-08-12,US,Massachusetts,Norfolk,10682,997,0,42.16073095,-71.20530408,25021.0,1511.3720773937955,9.333458153903763,9685,10682,997,0,9685,10639,705388,0,0,0,0,43
2020-08-12,US,Massachusetts,Plymouth,9288,723,0,41.94070556,-70.80802823,25023.0,1782.034604625462,7.784237726098191,8565,9288,723,0,8565,9258,518132,0,0,0,0,30
2020-08-12,US,Massachusetts,Suffolk,22017,1076,0,42.327951399999996,-71.07850442,25025.0,2738.749631487224,4.8871326702093825,20941,22017,1076,0,20941,21929,807252,0,0,0,0,88
2020-08-12,US,Massachusetts,Unassigned,619,24,0,0.0,0.0,90025.0,0.0,1.8404907975460123,595,326,6,0,320,329,,293,18,0,275,-3
2020-08-12,US,Massachusetts,Worcester,13686,1007,0,42.35026951,-71.90493363,25027.0,1647.6808945585356,7.3578839690194355,12679,13686,1007,0,12679,13654,830839,0,0,0,0,32
2020-08-12,US,Michigan,Alcona,29,1,0,44.6846864,-83.59507875,26001.0,278.71215761653053,3.4482758620689653,28,29,1,0,28,29,10362,0,0,0,0,0
2020-08-12,US,Michigan,Alger,15,0,0,46.41292944,-86.60260122,26003.0,164.69038208168644,0.0,15,12,0,0,12,11,9097,3,0,0,3,1
2020-08-12,US,Michigan,Allegan,542,6,0,42.59147037,-85.89102866,26005.0,459.0069528543966,1.1070110701107012,536,532,6,0,526,529,117327,10,0,0,10,3
2020-08-12,US,Michigan,Alpena,130,13,0,45.03477666,-83.62212411,26007.0,457.6659038901602,10.0,117,130,13,0,117,130,28360,0,0,0,0,0
2020-08-12,US,Michigan,Antrim,41,0,0,44.99690221,-85.15503082,26009.0,175.78459955410736,0.0,41,41,0,0,41,41,23365,0,0,0,0,0
2020-08-12,US,Michigan,Arenac,43,3,0,44.0636262,-83.89277559,26011.0,288.9202445743465,6.9767441860465125,40,43,3,0,40,42,15041,0,0,0,0,1
2020-08-12,US,Michigan,Baraga,5,0,0,46.6720582,-88.36363591,26013.0,60.9087586794981,0.0,5,5,0,0,5,5,8320,0,0,0,0,0
2020-08-12,US,Michigan,Barry,191,2,0,42.59513984,-85.30834519,26015.0,310.3168155970756,1.0471204188481675,189,194,2,0,192,191,61157,-3,0,0,-3,3
2020-08-12,US,Michigan,Bay,654,32,0,43.70639106,-83.98731479,26017.0,634.1756685995773,4.892966360856269,622,650,31,0,619,638,103923,4,1,0,3,12
2020-08-12,US,Michigan,Benzie,30,1,0,44.63899297,-86.01608482,26019.0,168.86187098953056,3.333333333333333,29,30,1,0,29,29,17753,0,0,0,0,1
2020-08-12,US,Michigan,Berrien,1387,67,0,41.95447397,-86.41313079999998,26021.0,904.1662049139182,4.830569574621485,1320,1381,67,0,1314,1376,154141,6,0,0,6,5
2020-08-12,US,Michigan,Branch,367,2,0,41.91600556,-85.05929476,26023.0,843.3485764184112,0.5449591280653951,365,366,2,0,364,365,43622,1,0,0,1,1
2020-08-12,US,Michigan,Calhoun,811,42,0,42.24633834,-85.00493569,26025.0,604.5065929233223,5.178791615289764,769,802,42,0,760,795,134487,9,0,0,9,7
2020-08-12,US,Michigan,Cass,340,14,0,41.91522292,-85.99405727,26027.0,656.5354239480951,4.117647058823529,326,336,14,0,322,326,51653,4,0,0,4,10
2020-08-12,US,Michigan,Charlevoix,50,2,0,45.37790017,-85.19614053,26029.0,191.255785487511,4.0,48,49,2,0,47,49,26244,1,0,0,1,0
2020-08-12,US,Michigan,Cheboygan,50,2,0,45.44787015,-84.50122149,26031.0,197.81611014401008,4.0,48,50,2,0,48,49,25413,0,0,0,0,1
2020-08-12,US,Michigan,Chippewa,43,0,0,46.29552653,-84.54353449,26033.0,115.13025783822859,0.0,43,42,0,0,42,40,37517,1,0,0,1,2
2020-08-12,US,Michigan,Clare,74,3,0,43.98794227,-84.84819859999998,26035.0,239.09531502423263,4.0540540540540535,71,74,3,0,71,72,30757,0,0,0,0,2
2020-08-12,US,Michigan,Clinton,426,13,0,42.94400871,-84.60145248,26037.0,535.2094980840506,3.0516431924882634,413,425,13,0,412,423,79332,1,0,0,1,2
2020-08-12,US,Michigan,Crawford,107,5,0,44.68255561,-84.61006219,26039.0,762.7058236510086,4.672897196261682,102,107,5,0,102,106,13901,0,0,0,0,1
2020-08-12,US,Michigan,Delta,104,3,0,45.90484910000001,-86.9080745,26041.0,290.63268499888216,2.8846153846153846,101,101,3,0,98,97,35857,3,0,0,3,4
2020-08-12,US,Michigan,Dickinson,58,2,0,46.00999672,-87.86961634,26043.0,229.8030825310036,3.4482758620689653,56,58,2,0,56,55,25383,0,0,0,0,3
2020-08-12,US,Michigan,Eaton,461,8,0,42.59599185,-84.83740035,26045.0,418.072332861755,1.735357917570499,453,463,8,0,455,462,109826,-2,0,0,-2,1
2020-08-12,US,Michigan,Emmet,65,2,0,45.52625509,-84.89083249,26047.0,194.5234176268143,3.0769230769230766,63,64,2,0,62,62,33308,1,0,0,1,2
2020-08-12,US,Michigan,Federal Correctional Institution (FCI),194,5,0,0.0,0.0,0.0,0.0,2.5773195876288657,189,194,5,0,189,194,,0,0,0,0,0
2020-08-12,US,Michigan,Genesee,3683,296,0,43.02244215,-83.70589709,26049.0,907.5608716329937,8.036926418680423,3387,3674,297,0,3377,3664,406892,9,-1,0,10,10
2020-08-12,US,Michigan,Gladwin,59,2,0,43.98901072,-84.38774817,26051.0,231.83622146253293,3.3898305084745757,57,59,2,0,57,59,25337,0,0,0,0,0
2020-08-12,US,Michigan,Gogebic,125,1,0,46.40862701,-89.69377193,26053.0,894.4543828264757,0.8,124,125,1,0,124,120,15096,0,0,0,0,5
2020-08-12,US,Michigan,Grand Traverse,220,5,0,44.69565625,-85.55585247,26055.0,236.3355104847026,2.272727272727273,215,217,5,0,212,213,92573,3,0,0,3,4
2020-08-12,US,Michigan,Gratiot,157,15,0,43.29265605,-84.60505416,26057.0,385.64515732848616,9.554140127388537,142,157,15,0,142,156,40599,0,0,0,0,1
2020-08-12,US,Michigan,Hillsdale,278,25,0,41.88753639,-84.59312019,26059.0,609.5822826444469,8.992805755395683,253,272,25,0,247,271,45749,6,0,0,6,1
2020-08-12,US,Michigan,Houghton,50,0,0,46.89988536,-88.68495385,26061.0,140.1188207600045,0.0,50,50,0,0,50,50,36219,0,0,0,0,0
2020-08-12,US,Michigan,Huron,161,4,0,43.83353985,-83.04078453,26063.0,519.6733481811433,2.4844720496894412,157,159,4,0,155,158,31166,2,0,0,2,1
2020-08-12,US,Michigan,Ingham,1570,32,0,42.59716886,-84.37472069,26065.0,536.9246869079294,2.0382165605095537,1538,1558,31,0,1527,1554,292735,12,1,0,11,4
2020-08-12,US,Michigan,Ionia,274,7,0,42.94502238,-85.07413319,26067.0,423.512682195465,2.554744525547445,267,274,7,0,267,274,64210,0,0,0,0,0
2020-08-12,US,Michigan,Iosco,134,12,0,44.35486835,-83.63484895,26069.0,533.2908823178254,8.955223880597012,122,134,12,0,122,134,25081,0,0,0,0,0
2020-08-12,US,Michigan,Iron,20,1,0,46.20974132,-88.53136251,26071.0,180.73377914332195,5.0,19,20,1,0,19,20,11117,0,0,0,0,0
2020-08-12,US,Michigan,Isabella,210,9,0,43.64060976,-84.84664923,26073.0,300.54957636821615,4.285714285714286,201,209,9,0,200,207,70562,1,0,0,1,2
2020-08-12,US,Michigan,Jackson,722,34,0,42.24807035,-84.42258681,26075.0,455.49176708094126,4.709141274238228,688,713,34,0,679,711,158823,9,0,0,9,2
2020-08-12,US,Michigan,Kalamazoo,1686,83,0,42.24542231,-85.53038622,26077.0,636.0679981589491,4.9228944246737845,1603,1655,83,0,1572,1648,264870,31,0,0,31,7
2020-08-12,US,Michigan,Kalkaska,54,4,0,44.68512729,-85.09085699,26079.0,299.3680008870163,7.407407407407407,50,54,4,0,50,54,17824,0,0,0,0,0
2020-08-12,US,Michigan,Kent,7629,157,0,43.03197711,-85.54934642,26081.0,1161.2667534306004,2.057936820028837,7472,7600,157,0,7443,7549,653786,29,0,0,29,51
2020-08-12,US,Michigan,Keweenaw,3,0,0,47.63197653,-88.41434263,26083.0,141.77693761814746,0.0,3,3,0,0,3,3,2113,0,0,0,0,0
2020-08-12,US,Michigan,Lake,26,0,0,43.99050893,-85.802173,26085.0,219.35375010545846,0.0,26,25,0,0,25,23,11881,1,0,0,1,2
2020-08-12,US,Michigan,Lapeer,472,33,0,43.09052506,-83.22153148,26087.0,538.7697330122022,6.991525423728813,439,471,33,0,438,470,88028,1,0,0,1,1
2020-08-12,US,Michigan,Leelanau,73,0,0,44.94430054,-85.80150326,26089.0,335.4625247001517,0.0,73,75,0,0,75,72,21764,-2,0,0,-2,3
2020-08-12,US,Michigan,Lenawee,440,12,0,41.89475156,-84.06603727,26091.0,446.9228347096525,2.727272727272727,428,436,12,0,424,433,98266,4,0,0,4,3
2020-08-12,US,Michigan,Livingston,850,28,0,42.60302282,-83.91297209,26093.0,442.71986249641924,3.294117647058824,822,842,28,0,814,837,191224,8,0,0,8,5
2020-08-12,US,Michigan,Luce,4,0,0,46.47227431,-85.54471223,26095.0,64.21576497030021,0.0,4,3,0,0,3,6,6283,1,0,0,1,-3
2020-08-12,US,Michigan,Mackinac,26,0,0,46.07028979,-85.04980537,26097.0,240.7630336142236,0.0,26,26,0,0,26,26,10787,0,0,0,0,0
2020-08-12,US,Michigan,Macomb,10794,949,0,42.69158356,-82.92752801,26099.0,1235.0510084991279,8.791921437835835,9845,10676,948,0,9728,10545,874759,118,1,0,117,131
2020-08-12,US,Michigan,Manistee,40,0,0,44.33352407,-86.05626916,26101.0,162.87971333170455,0.0,40,40,0,0,40,39,24528,0,0,0,0,1
2020-08-12,US,Michigan,Marquette,172,11,0,46.4338914,-87.64043701,26103.0,257.87493065863055,6.395348837209302,161,173,11,0,162,160,66516,-1,0,0,-1,13
2020-08-12,US,Michigan,Mason,103,0,0,43.99509218,-86.24988902,26105.0,353.4175130387044,0.0,103,103,0,0,103,102,29100,0,0,0,0,1
2020-08-12,US,Michigan,Mecosta,69,2,0,43.64064262,-85.32463223,26107.0,158.7922583020735,2.898550724637681,67,69,2,0,67,68,43545,0,0,0,0,1
2020-08-12,US,Michigan,Menominee,150,0,0,45.58038692,-87.55370409,26109.0,658.4723441615453,0.0,150,147,0,0,147,141,22983,3,0,0,3,6
2020-08-12,US,Michigan,Michigan Department of Corrections (MDOC),4598,69,0,0.0,0.0,0.0,0.0,1.500652457590257,4529,4594,69,0,4525,4413,,4,0,0,4,181
2020-08-12,US,Michigan,Midland,344,10,0,43.64330771,-84.38804374,26111.0,413.6803117033048,2.9069767441860463,334,342,10,0,332,338,83209,2,0,0,2,4
2020-08-12,US,Michigan,Missaukee,41,1,0,44.33772443,-85.09256478,26113.0,271.1998941658949,2.4390243902439024,40,41,1,0,40,41,15113,0,0,0,0,0
2020-08-12,US,Michigan,Monroe,1016,25,0,41.92734151,-83.53749864,26115.0,675.0830564784052,2.4606299212598426,991,1005,24,0,981,987,150439,11,1,0,10,18
2020-08-12,US,Michigan,Montcalm,193,1,0,43.31082541,-85.15252824,26117.0,302.09115952917614,0.5181347150259067,192,195,1,0,194,192,63968,-2,0,0,-2,3
2020-08-12,US,Michigan,Montmorency,8,0,0,45.0275929,-84.12696227,26119.0,85.76329331046313,0.0,8,9,1,0,8,9,9265,-1,-1,0,0,0
2020-08-12,US,Michigan,Muskegon,1195,59,0,43.29123859,-86.15176712,26121.0,688.4988995540599,4.937238493723848,1136,1187,59,0,1128,1179,173588,8,0,0,8,8
2020-08-12,US,Michigan,Newaygo,254,0,0,43.554373999999996,-85.80070107,26123.0,518.579011841568,0.0,254,251,0,0,251,251,48892,3,0,0,3,0
2020-08-12,US,Michigan,Oakland,15876,1133,0,42.66090111,-83.38595416,26125.0,1262.4206414839884,7.136558327034518,14743,15751,1131,0,14620,15615,1259201,125,2,0,123,136
2020-08-12,US,Michigan,Oceana,479,6,0,43.64124435,-86.26726673,26127.0,1809.8008841198475,1.2526096033402925,473,479,6,0,473,478,26625,0,0,0,0,1
2020-08-12,US,Michigan,Ogemaw,54,3,0,44.33481032,-84.12725175,26129.0,257.17959708529787,5.5555555555555545,51,54,3,0,51,54,20952,0,0,0,0,0
2020-08-12,US,Michigan,Ontonagon,18,0,0,46.665226200000006,-89.31390481,26131.0,314.68531468531467,0.0,18,16,0,0,16,14,5795,2,0,0,2,2
2020-08-12,US,Michigan,Osceola,71,0,0,43.98992088,-85.32566756,26133.0,302.64279624893436,0.0,71,71,0,0,71,71,23341,0,0,0,0,0
2020-08-12,US,Michigan,Oscoda,24,1,0,44.68192279,-84.12939244,26135.0,291.2267928649436,4.166666666666667,23,24,1,0,23,24,8276,0,0,0,0,0
2020-08-12,US,Michigan,Otsego,135,11,0,45.02085831,-84.59898295,26137.0,547.2677152586347,8.148148148148149,124,135,11,0,124,135,24665,0,0,0,0,0
2020-08-12,US,Michigan,Ottawa,1856,57,0,42.95996803,-85.9969107,26139.0,635.9867045882877,3.0711206896551726,1799,1852,56,0,1796,1841,290494,4,1,0,3,11
2020-08-12,US,Michigan,Out of MI,102,1,0,0.0,0.0,80026.0,0.0,0.9803921568627452,101,90,1,0,89,89,,12,0,0,12,1
2020-08-12,US,Michigan,Presque Isle,20,1,0,45.34018577,-83.91498656,26141.0,158.8310038119441,5.0,19,20,1,0,19,20,12738,0,0,0,0,0
2020-08-12,US,Michigan,Roscommon,55,2,0,44.33473082,-84.61067651,26143.0,228.98538656896625,3.636363636363636,53,54,1,0,53,53,23884,1,1,0,0,1
2020-08-12,US,Michigan,Saginaw,2071,128,0,43.33433923,-84.05131209999998,26145.0,1086.9165892546932,6.180589087397393,1943,2054,128,0,1926,2032,190800,17,0,0,17,22
2020-08-12,US,Michigan,Sanilac,109,6,0,43.42406072,-82.82055898,26151.0,264.7558902113189,5.504587155963303,103,110,6,0,104,110,41182,-1,0,0,-1,0
2020-08-12,US,Michigan,Schoolcraft,13,0,0,46.19235734,-86.19972234,26153.0,160.6127996046454,0.0,13,13,0,0,13,13,8068,0,0,0,0,0
2020-08-12,US,Michigan,Shiawassee,348,28,0,42.95392800000001,-84.14585902,26155.0,510.84818414021896,8.045977011494253,320,350,28,0,322,343,68192,-2,0,0,-2,7
2020-08-12,US,Michigan,St. Clair,829,53,0,42.92655373,-82.67937954,26147.0,520.9642551907898,6.393244873341375,776,826,53,0,773,820,159337,3,0,0,3,6
2020-08-12,US,Michigan,St. Joseph,603,9,0,41.91441767,-85.52797979,26149.0,989.1083262253132,1.492537313432836,594,600,9,0,591,591,61043,3,0,0,3,9
2020-08-12,US,Michigan,Tuscola,362,29,0,43.46606813,-83.41897025,26157.0,692.8892717006412,8.011049723756907,333,356,29,0,327,356,52516,6,0,0,6,0
2020-08-12,US,Michigan,Unassigned,9,1,0,0.0,0.0,90026.0,0.0,11.111111111111109,8,6,1,0,5,7,,3,0,0,3,-1
2020-08-12,US,Michigan,Van Buren,461,10,0,42.25190229,-86.01939087,26159.0,609.1679109901291,2.169197396963124,451,457,10,0,447,454,75448,4,0,0,4,3
2020-08-12,US,Michigan,Washtenaw,2613,113,0,42.253105,-83.83853204,26161.0,710.8250521625349,4.3245311902028325,2500,2582,113,0,2469,2551,370963,31,0,0,31,31
2020-08-12,US,Michigan,Wayne,28391,2828,0,42.28098405,-83.281255,26163.0,1622.9521597536905,9.96090310309605,25563,28423,2828,0,25595,28273,1753893,-32,0,0,-32,150
2020-08-12,US,Michigan,Wexford,70,4,0,44.33853602,-85.57712739,26165.0,208.14129820701137,5.7142857142857135,66,69,4,0,65,69,33466,1,0,0,1,0
2020-08-12,US,Minnesota,Aitkin,40,1,0,46.60962049,-93.41168259999999,27001.0,251.79403248143018,2.5,39,41,1,0,40,40,15902,-1,0,0,-1,1
2020-08-12,US,Minnesota,Anoka,3792,115,0,45.27476015,-93.24604565,27003.0,1062.4199752886493,3.032700421940928,3677,3752,115,0,3637,3739,353813,40,0,0,40,13
2020-08-12,US,Minnesota,Becker,161,1,0,46.93479392,-95.67158144,27005.0,467.7105423699271,0.6211180124223602,160,161,1,0,160,161,34371,0,0,0,0,0
2020-08-12,US,Minnesota,Beltrami,249,0,0,47.97373527,-94.93732139,27007.0,527.6765279308298,0.0,249,244,0,0,244,241,46847,5,0,0,5,3
2020-08-12,US,Minnesota,Benton,323,3,0,45.69804958,-93.99514135,27009.0,789.9435055883,0.9287925696594428,320,320,3,0,317,320,40545,3,0,0,3,0
2020-08-12,US,Minnesota,Big Stone,22,0,0,45.42712824,-96.41403739,27011.0,440.7934281707073,0.0,22,22,0,0,22,22,4989,0,0,0,0,0
2020-08-12,US,Minnesota,Blue Earth,941,5,0,44.03554215,-94.06699781,27013.0,1390.9213190841501,0.5313496280552603,936,932,5,0,927,927,67427,9,0,0,9,5
2020-08-12,US,Minnesota,Brown,89,2,0,44.24205652,-94.72562874,27015.0,355.88611644273834,2.247191011235955,87,89,2,0,87,89,25111,0,0,0,0,0
2020-08-12,US,Minnesota,Carlton,145,0,0,46.59180601,-92.67601019,27017.0,404.22625519221657,0.0,145,142,0,0,142,138,35837,3,0,0,3,4
2020-08-12,US,Minnesota,Carver,890,3,0,44.82017001,-93.80099179999999,27019.0,846.9011980321443,0.33707865168539325,887,878,3,0,875,873,103551,12,0,0,12,5
2020-08-12,US,Minnesota,Cass,76,2,0,46.95043611,-94.32603968,27021.0,255.2134054199268,2.631578947368421,74,74,2,0,72,73,29519,2,0,0,2,1
2020-08-12,US,Minnesota,Chippewa,109,1,0,45.02343421,-95.56403693,27023.0,923.728813559322,0.9174311926605504,108,107,1,0,106,106,11924,2,0,0,2,1
2020-08-12,US,Minnesota,Chisago,207,1,0,45.5021011,-92.90861945,27025.0,365.8601247812793,0.4830917874396135,206,204,1,0,203,204,55922,3,0,0,3,0
2020-08-12,US,Minnesota,Clay,792,40,0,46.89289518,-96.48761922,27027.0,1233.2222602846375,5.05050505050505,752,788,40,0,748,785,63955,4,0,0,4,3
2020-08-12,US,Minnesota,Clearwater,14,0,0,47.57992111,-95.37790562,27029.0,158.76616012701294,0.0,14,14,0,0,14,14,8810,0,0,0,0,0
2020-08-12,US,Minnesota,Cook,5,0,0,47.90504893,-90.52629546,27031.0,91.52480322167307,0.0,5,5,0,0,5,5,5393,0,0,0,0,0
2020-08-12,US,Minnesota,Cottonwood,177,0,0,44.00715262,-95.18138802,27033.0,1580.9217577706327,0.0,177,178,0,0,178,178,11277,-1,0,0,-1,0
2020-08-12,US,Minnesota,Crow Wing,246,14,0,46.48096553,-94.06755609,27035.0,378.14157251556384,5.691056910569106,232,238,14,0,224,239,64889,8,0,0,8,-1
2020-08-12,US,Minnesota,Dakota,4558,106,0,44.67172617,-93.06299363,27037.0,1062.4188559534382,2.3255813953488373,4452,4507,106,0,4401,4480,425423,51,0,0,51,27
2020-08-12,US,Minnesota,Dodge,131,0,0,44.02238415,-92.86244324,27039.0,625.7762491640392,0.0,131,129,0,0,129,128,20822,2,0,0,2,1
2020-08-12,US,Minnesota,Douglas,144,2,0,45.93348491,-95.45335469,27041.0,377.5464723001496,1.3888888888888888,142,144,1,0,143,143,37964,0,1,0,-1,1
2020-08-12,US,Minnesota,Faribault,89,0,0,43.67381499,-93.94787458,27043.0,651.8713835787006,0.0,89,89,0,0,89,87,13758,0,0,0,0,2
2020-08-12,US,Minnesota,Fillmore,71,0,0,43.67394126,-92.08980382,27045.0,337.01998386101485,0.0,71,67,0,0,67,65,21058,4,0,0,4,2
2020-08-12,US,Minnesota,Freeborn,360,1,0,43.67385583,-93.34884422,27047.0,1188.8643043492618,0.2777777777777778,359,360,1,0,359,360,30444,0,0,0,0,0
2020-08-12,US,Minnesota,Goodhue,202,9,0,44.40849741,-92.72341949999999,27049.0,435.9085023737592,4.455445544554456,193,199,9,0,190,197,46403,3,0,0,3,2
2020-08-12,US,Minnesota,Grant,56,3,0,45.93424769,-96.01139609,27051.0,937.7093101138647,5.357142857142857,53,56,3,0,53,56,6021,0,0,0,0,0
2020-08-12,US,Minnesota,Hennepin,19677,840,0,45.00761521,-93.47694895,27053.0,1554.4581753029404,4.268943436499466,18837,19569,839,0,18730,19472,1259428,108,1,0,107,97
2020-08-12,US,Minnesota,Houston,44,0,0,43.67129565,-91.49143057,27055.0,236.55913978494624,0.0,44,42,0,0,42,40,18578,2,0,0,2,2
2020-08-12,US,Minnesota,Hubbard,35,0,0,47.10778564,-94.91693868,27057.0,162.85887115536738,0.0,35,35,0,0,35,34,21332,0,0,0,0,1
2020-08-12,US,Minnesota,Isanti,131,0,0,45.56181234,-93.29487636,27059.0,322.69189082668237,0.0,131,129,0,0,129,128,39966,2,0,0,2,1
2020-08-12,US,Minnesota,Itasca,146,12,0,47.51009045,-93.63092229,27061.0,323.5098604032794,8.219178082191782,134,146,12,0,134,147,45108,0,0,0,0,-1
2020-08-12,US,Minnesota,Jackson,79,0,0,43.67423373,-95.15398258,27063.0,802.3562868169815,0.0,79,79,0,0,79,86,9911,0,0,0,0,-7
2020-08-12,US,Minnesota,Kanabec,37,2,0,45.9459309,-93.29275192,27065.0,226.4797698475853,5.405405405405406,35,37,1,0,36,37,16207,0,1,0,-1,0
2020-08-12,US,Minnesota,Kandiyohi,705,1,0,45.1526059,-95.00586446,27067.0,1631.98222181069,0.14184397163120568,704,702,1,0,701,698,42855,3,0,0,3,4
2020-08-12,US,Minnesota,Kittson,3,0,0,48.77754106,-96.78317184,27069.0,69.79990693345742,0.0,3,3,0,0,3,3,4248,0,0,0,0,0
2020-08-12,US,Minnesota,Koochiching,80,3,0,48.24539665,-93.78352843,27071.0,654.1826805135335,3.75,77,79,3,0,76,79,12440,1,0,0,1,0
2020-08-12,US,Minnesota,Lac qui Parle,8,0,0,44.9973857,-96.17488219,27073.0,120.7911822436962,0.0,8,8,0,0,8,8,6658,0,0,0,0,0
2020-08-12,US,Minnesota,Lake,22,0,0,47.64270764,-91.44557998,27075.0,206.74748613852088,0.0,22,21,0,0,21,21,10658,1,0,0,1,0
2020-08-12,US,Minnesota,Lake of the Woods,4,0,0,48.77217001,-94.90274472,27077.0,106.951871657754,0.0,4,4,0,0,4,4,3758,0,0,0,0,0
2020-08-12,US,Minnesota,Le Sueur,230,1,0,44.37136597,-93.72844721,27079.0,796.2059057707619,0.43478260869565216,229,226,1,0,225,224,28494,4,0,0,4,2
2020-08-12,US,Minnesota,Lincoln,59,0,0,44.41311883,-96.26688165,27081.0,1046.284802269906,0.0,59,58,0,0,58,58,5673,1,0,0,1,0
2020-08-12,US,Minnesota,Lyon,425,3,0,44.41327865,-95.83806103,27083.0,1668.3677475072625,0.7058823529411765,422,425,3,0,422,425,25629,0,0,0,0,0
2020-08-12,US,Minnesota,Mahnomen,27,1,0,47.32557075,-95.80921485,27087.0,488.5109462637959,3.703703703703704,26,27,1,0,26,27,5519,0,0,0,0,0
2020-08-12,US,Minnesota,Marshall,29,0,0,48.35825983,-96.37017407,27089.0,310.62553556126824,0.0,29,29,0,0,29,29,9390,0,0,0,0,0
2020-08-12,US,Minnesota,Martin,209,5,0,43.67429718,-94.55099908,27091.0,1061.8300055885788,2.392344497607656,204,209,5,0,204,207,19785,0,0,0,0,2
2020-08-12,US,Minnesota,McLeod,208,0,0,44.82367677,-94.27287017,27085.0,579.5001810938066,0.0,208,202,0,0,202,197,35873,6,0,0,6,5
2020-08-12,US,Minnesota,Meeker,87,2,0,45.12328869,-94.52839455,27093.0,374.64473344242515,2.2988505747126435,85,87,2,0,85,86,23141,0,0,0,0,1
2020-08-12,US,Minnesota,Mille Lacs,72,3,0,45.93705297,-93.63236823,27095.0,274.00388172165765,4.166666666666667,69,72,3,0,69,71,26139,0,0,0,0,1
2020-08-12,US,Minnesota,Morrison,93,1,0,46.01265363,-94.27341528,27097.0,278.5598753968729,1.075268817204301,92,93,1,0,92,93,33169,0,0,0,0,0
2020-08-12,US,Minnesota,Mower,1107,2,0,43.67142874,-92.75234549,27099.0,2763.217013628875,0.18066847335140016,1105,1105,2,0,1103,1103,40011,2,0,0,2,2
2020-08-12,US,Minnesota,Murray,124,1,0,44.02216709,-95.76328482,27101.0,1513.3024164022454,0.8064516129032258,123,124,1,0,123,122,8276,0,0,0,0,2
2020-08-12,US,Minnesota,Nicollet,351,13,0,44.35291112,-94.24710352,27103.0,1024.09990079944,3.703703703703704,338,347,13,0,334,342,34220,4,0,0,4,5
2020-08-12,US,Minnesota,Nobles,1773,6,0,43.67434621,-95.75329576,27105.0,8197.327661935364,0.33840947546531297,1767,1768,6,0,1762,1765,21924,5,0,0,5,3
2020-08-12,US,Minnesota,Norman,40,0,0,47.32628443,-96.45620947,27107.0,627.4509803921569,0.0,40,40,0,0,40,41,6475,0,0,0,0,-1
2020-08-12,US,Minnesota,Olmsted,1781,23,0,44.00374114,-92.40209944,27109.0,1125.1287169994882,1.2914093206064008,1758,1767,23,0,1744,1747,156277,14,0,0,14,20
2020-08-12,US,Minnesota,Otter Tail,198,3,0,46.40846929,-95.70835255,27111.0,337.0442242876112,1.5151515151515151,195,198,3,0,195,197,58812,0,0,0,0,1
2020-08-12,US,Minnesota,Pennington,75,1,0,48.06642577,-96.0370814,27113.0,531.1990934202139,1.3333333333333333,74,75,1,0,74,75,14178,0,0,0,0,0
2020-08-12,US,Minnesota,Pine,129,0,0,46.12105238,-92.74070188,27115.0,436.12022042665404,0.0,129,129,0,0,129,129,29483,0,0,0,0,0
2020-08-12,US,Minnesota,Pipestone,158,9,0,44.02301619,-96.25841142,27117.0,1731.3171159325007,5.69620253164557,149,158,9,0,149,157,9047,0,0,0,0,1
2020-08-12,US,Minnesota,Polk,156,4,0,47.77372465,-96.40134647,27119.0,497.3855375589848,2.5641025641025643,152,155,4,0,151,154,31529,1,0,0,1,1
2020-08-12,US,Minnesota,Pope,48,0,0,45.58606667,-95.44451209,27121.0,426.7045959640857,0.0,48,48,0,0,48,48,11097,0,0,0,0,0
2020-08-12,US,Minnesota,Ramsey,7775,269,0,45.01625271,-93.09872295,27123.0,1412.8117952976536,3.459807073954984,7506,7717,268,0,7449,7658,550210,58,1,0,57,59
2020-08-12,US,Minnesota,Red Lake,24,0,0,47.87197525,-96.09561104,27125.0,591.8618988902589,0.0,24,24,0,0,24,24,3999,0,0,0,0,0
2020-08-12,US,Minnesota,Redwood,36,0,0,44.40555844,-95.25207021,27127.0,237.31048121292025,0.0,36,36,0,0,36,36,15249,0,0,0,0,0
2020-08-12,US,Minnesota,Renville,67,5,0,44.72836381,-94.94553734,27129.0,460.54440472917236,7.462686567164179,62,66,5,0,61,65,14612,1,0,0,1,1
2020-08-12,US,Minnesota,Rice,1042,8,0,44.3543376,-93.29658715,27131.0,1555.8740966374007,0.7677543186180422,1034,1038,8,0,1030,1038,66523,4,0,0,4,0
2020-08-12,US,Minnesota,Rock,85,0,0,43.67482683,-96.25296832,27133.0,912.5067096081588,0.0,85,85,0,0,85,85,9414,0,0,0,0,0
2020-08-12,US,Minnesota,Roseau,53,0,0,48.77501878,-95.81079919,27135.0,349.4889548302011,0.0,53,52,0,0,52,52,15150,1,0,0,1,0
2020-08-12,US,Minnesota,Scott,1608,22,0,44.6490231,-93.53340251,27139.0,1079.1004811660728,1.3681592039800996,1586,1590,20,0,1570,1574,147381,18,2,0,16,16
2020-08-12,US,Minnesota,Sherburne,737,10,0,45.44447208,-93.77617511,27141.0,757.9341409736934,1.35685210312076,727,732,8,0,724,732,96036,5,2,0,3,0
2020-08-12,US,Minnesota,Sibley,84,2,0,44.5796592,-94.23164924,27143.0,565.0857719475277,2.380952380952381,82,84,2,0,82,84,15028,0,0,0,0,0
2020-08-12,US,Minnesota,St. Louis,600,20,0,47.604840700000004,-92.46879855,27137.0,301.4015170543025,3.333333333333333,580,573,19,0,554,570,199754,27,1,0,26,3
2020-08-12,US,Minnesota,Stearns,2913,20,0,45.55192576,-94.61078221,27145.0,1808.4743132081326,0.6865774116031582,2893,2909,20,0,2889,2906,159256,4,0,0,4,3
2020-08-12,US,Minnesota,Steele,351,2,0,44.02240351,-93.22627088,27147.0,957.7341810144886,0.5698005698005698,349,351,2,0,349,351,36803,0,0,0,0,0
2020-08-12,US,Minnesota,Stevens,18,0,0,45.58613007,-96.00163705,27149.0,183.5798062213157,0.0,18,18,0,0,18,18,9753,0,0,0,0,0
2020-08-12,US,Minnesota,Swift,55,1,0,45.2829032,-95.68264092,27151.0,593.5678825814807,1.818181818181818,54,55,1,0,54,55,9345,0,0,0,0,0
2020-08-12,US,Minnesota,Todd,429,2,0,46.06996226,-94.89785296,27153.0,1739.3772299708075,0.4662004662004662,427,429,2,0,427,426,24582,0,0,0,0,3
2020-08-12,US,Minnesota,Traverse,11,0,0,45.77298854,-96.47062949,27155.0,337.52684872660325,0.0,11,11,0,0,11,11,3308,0,0,0,0,0
2020-08-12,US,Minnesota,Unassigned,133,46,0,0.0,0.0,90027.0,0.0,34.58646616541353,87,131,41,0,90,134,,2,5,0,-3,-3
2020-08-12,US,Minnesota,Wabasha,92,0,0,44.28424356,-92.23121312,27157.0,425.39418319692976,0.0,92,93,0,0,93,92,21645,-1,0,0,-1,1
2020-08-12,US,Minnesota,Wadena,27,0,0,46.58589171,-94.96968506,27159.0,197.33957023826926,0.0,27,27,0,0,27,27,13773,0,0,0,0,0
2020-08-12,US,Minnesota,Waseca,149,0,0,44.02211116,-93.58720034,27161.0,800.5587792821835,0.0,149,149,0,0,149,149,18691,0,0,0,0,0
2020-08-12,US,Minnesota,Washington,2192,47,0,45.03864533,-92.88429635,27163.0,835.2385307117818,2.144160583941606,2145,2163,45,0,2118,2155,259201,29,2,0,27,8
2020-08-12,US,Minnesota,Watonwan,328,1,0,43.97823903,-94.61413846,27165.0,3010.0027530512984,0.3048780487804878,327,323,0,0,323,308,10980,5,1,0,4,15
2020-08-12,US,Minnesota,Wilkin,35,3,0,46.35721532,-96.4684375,27167.0,563.8794908973739,8.571428571428571,32,34,3,0,31,34,6254,1,0,0,1,0
2020-08-12,US,Minnesota,Winona,265,16,0,43.98772283,-91.78081305,27169.0,524.9187861500674,6.037735849056604,249,264,16,0,248,264,50825,1,0,0,1,0
2020-08-12,US,Minnesota,Wright,903,5,0,45.17297924,-93.96234781,27171.0,652.5650939101151,0.5537098560354374,898,897,5,0,892,892,136349,6,0,0,6,5
2020-08-12,US,Minnesota,Yellow Medicine,52,0,0,44.71710183,-95.86842453,27173.0,535.5855391904419,0.0,52,52,0,0,52,52,9795,0,0,0,0,0
2020-08-12,US,Mississippi,Adams,642,26,0,31.47669768,-91.35326037,28001.0,2091.682142508064,4.0498442367601255,616,632,25,0,607,629,31192,10,1,0,9,3
2020-08-12,US,Mississippi,Alcorn,439,5,0,34.88084463,-88.57996173,28003.0,1187.9955619300192,1.1389521640091116,434,435,5,0,430,434,36925,4,0,0,4,1
2020-08-12,US,Mississippi,Amite,240,6,0,31.17467303,-90.80501621,28005.0,1951.6955354964623,2.5,234,237,6,0,231,235,12326,3,0,0,3,2
2020-08-12,US,Mississippi,Attala,533,25,0,33.08658803,-89.57838564,28007.0,2932.761087267525,4.690431519699811,508,527,25,0,502,523,18365,6,0,0,6,4
2020-08-12,US,Mississippi,Benton,154,1,0,34.81681228,-89.18945516,28009.0,1864.6325220971066,0.6493506493506493,153,145,1,0,144,143,8271,9,0,0,9,2
2020-08-12,US,Mississippi,Bolivar,1156,36,0,33.79696941,-90.87372121,28011.0,3774.324147838579,3.1141868512110733,1120,1136,35,0,1101,1118,31333,20,1,0,19,18
2020-08-12,US,Mississippi,Calhoun,426,9,0,33.93683395,-89.33686647,28013.0,2966.367244620848,2.112676056338028,417,425,9,0,416,420,14436,1,0,0,1,5
2020-08-12,US,Mississippi,Carroll,262,11,0,33.44834567,-89.91994479,28015.0,2633.959987936061,4.198473282442748,251,261,11,0,250,261,9911,1,0,0,1,0
2020-08-12,US,Mississippi,Chickasaw,488,19,0,33.91983202,-88.9481545,28017.0,2853.3005905396712,3.89344262295082,469,476,19,0,457,470,17171,12,0,0,12,6
2020-08-12,US,Mississippi,Choctaw,138,4,0,33.34598242,-89.24809382,28019.0,1680.8769792935445,2.898550724637681,134,135,4,0,131,135,8278,3,0,0,3,0
2020-08-12,US,Mississippi,Claiborne,409,14,0,31.97061673,-90.90702196,28021.0,4550.511793502447,3.4229828850855744,395,409,14,0,395,409,9002,0,0,0,0,0
2020-08-12,US,Mississippi,Clarke,343,28,0,32.04158545,-88.68896219999998,28023.0,2207.065182420694,8.16326530612245,315,336,26,0,310,326,15604,7,2,0,5,10
2020-08-12,US,Mississippi,Clay,404,14,0,33.65358105,-88.77784255,28025.0,2091.5303375440053,3.4653465346534653,390,401,14,0,387,397,19386,3,0,0,3,4
2020-08-12,US,Mississippi,Coahoma,789,13,0,34.22772299,-90.60415045,28027.0,3566.2628819381666,1.6476552598225602,776,781,13,0,768,772,22628,8,0,0,8,9
2020-08-12,US,Mississippi,Copiah,971,28,0,31.86977774,-90.44565118,28029.0,3459.825405309104,2.8836251287332653,943,962,28,0,934,957,28543,9,0,0,9,5
2020-08-12,US,Mississippi,Covington,637,15,0,31.63225413,-89.55389939,28031.0,3418.1154754239105,2.3547880690737832,622,622,14,0,608,621,18853,15,1,0,14,1
2020-08-12,US,Mississippi,DeSoto,3753,31,0,34.87625235,-89.99091418,28033.0,2029.2519397658764,0.826005861977085,3722,3710,31,0,3679,3680,182001,43,0,0,43,30
2020-08-12,US,Mississippi,Forrest,1858,57,0,31.18961454,-89.25832496,28035.0,2480.740216564081,3.0678148546824544,1801,1826,56,0,1770,1820,75036,32,1,0,31,6
2020-08-12,US,Mississippi,Franklin,135,2,0,31.47786634,-90.89672989,28037.0,1750.291715285881,1.4814814814814814,133,131,2,0,129,131,7788,4,0,0,4,0
2020-08-12,US,Mississippi,George,603,8,0,30.86259065,-88.64436789,28039.0,2461.2244897959185,1.326699834162521,595,595,6,0,589,589,24250,8,2,0,6,6
2020-08-12,US,Mississippi,Greene,262,13,0,31.21444233,-88.63922281,28041.0,1928.4557632857354,4.961832061068702,249,256,12,0,244,255,13586,6,1,0,5,1
2020-08-12,US,Mississippi,Grenada,856,26,0,33.77036166,-89.80245083,28043.0,4123.711340206186,3.037383177570093,830,851,23,0,828,849,21055,5,3,0,2,2
2020-08-12,US,Mississippi,Hancock,409,15,0,30.41830223,-89.48851033,28045.0,858.6664427275781,3.667481662591687,394,402,14,0,388,395,47334,7,1,0,6,7
2020-08-12,US,Mississippi,Harrison,2651,36,0,30.51359752,-89.12467576,28047.0,1274.0292195309496,1.3579781214635986,2615,2601,36,0,2565,2530,206650,50,0,0,50,71
2020-08-12,US,Mississippi,Hinds,5768,121,0,32.2656285,-90.44435448,28049.0,2487.92270531401,2.0977808599167824,5647,5700,119,0,5581,5656,237085,68,2,0,66,44
2020-08-12,US,Mississippi,Holmes,923,49,0,33.12345854,-90.08923538,28051.0,5426.219870664315,5.308775731310941,874,910,49,0,861,900,17622,13,0,0,13,10
2020-08-12,US,Mississippi,Humphreys,299,12,0,33.12825718,-90.52252707,28053.0,3707.8373015873017,4.013377926421405,287,297,12,0,285,294,8257,2,0,0,2,3
2020-08-12,US,Mississippi,Issaquena,27,2,0,32.72531359,-90.97392828,28055.0,2034.6646571213266,7.407407407407407,25,27,2,0,25,26,1308,0,0,0,0,1
2020-08-12,US,Mississippi,Itawamba,395,10,0,34.27993475,-88.3606733,28057.0,1688.75587858059,2.5316455696202533,385,387,10,0,377,375,23517,8,0,0,8,12
2020-08-12,US,Mississippi,Jackson,2391,45,0,30.54020656,-88.64184064,28059.0,1664.8446910881023,1.8820577164366372,2346,2314,44,0,2270,2288,143277,77,1,0,76,26
2020-08-12,US,Mississippi,Jasper,408,9,0,32.01922104,-89.11786866,28061.0,2490.386376121589,2.2058823529411766,399,394,9,0,385,388,16428,14,0,0,14,6
2020-08-12,US,Mississippi,Jefferson,196,7,0,31.73397872,-91.03764977,28063.0,2804.005722460658,3.571428571428572,189,195,7,0,188,195,7106,1,0,0,1,0
2020-08-12,US,Mississippi,Jefferson Davis,240,6,0,31.56884708,-89.82670990000004,28065.0,2156.721782890007,2.5,234,233,6,0,227,233,11234,7,0,0,7,0
2020-08-12,US,Mississippi,Jones,1947,62,0,31.62257767,-89.16896899999998,28067.0,2859.114805133777,3.184386235233693,1885,1931,59,0,1872,1916,68461,16,3,0,13,15
2020-08-12,US,Mississippi,Kemper,240,14,0,32.75462946,-88.64105766,28069.0,2463.559843974543,5.833333333333332,226,233,14,0,219,234,10027,7,0,0,7,-1
2020-08-12,US,Mississippi,Lafayette,1018,20,0,34.35687874,-89.48490961,28071.0,1884.5221125900146,1.9646365422396856,998,987,19,0,968,983,54793,31,1,0,30,4
2020-08-12,US,Mississippi,Lamar,1241,15,0,31.20572971,-89.5077704,28073.0,1959.1746522899136,1.20870265914585,1226,1231,15,0,1216,1226,62447,10,0,0,10,5
2020-08-12,US,Mississippi,Lauderdale,1439,93,0,32.40419769,-88.66229662,28075.0,1941.3153456998318,6.4628214037526055,1346,1415,92,0,1323,1411,75317,24,1,0,23,4
2020-08-12,US,Mississippi,Lawrence,329,8,0,31.55147224,-90.10841127,28077.0,2614.015572858732,2.4316109422492405,321,323,8,0,315,322,12455,6,0,0,6,1
2020-08-12,US,Mississippi,Leake,799,27,0,32.7536828,-89.52402044,28079.0,3506.5391029579573,3.379224030037547,772,795,26,0,769,790,22763,4,1,0,3,5
2020-08-12,US,Mississippi,Lee,1563,42,0,34.291877500000005,-88.68149954,28081.0,1829.439580504705,2.687140115163148,1521,1521,42,0,1479,1479,85202,42,0,0,42,42
2020-08-12,US,Mississippi,Leflore,959,68,0,33.55545125,-90.29900733,28083.0,3402.7605293971533,7.090719499478624,891,949,66,0,883,947,28919,10,2,0,8,2
2020-08-12,US,Mississippi,Lincoln,846,43,0,31.53288662,-90.45391915,28085.0,2477.0883963341435,5.08274231678487,803,834,42,0,792,832,34205,12,1,0,11,2
2020-08-12,US,Mississippi,Lowndes,1102,40,0,33.47386518,-88.44191529999998,28087.0,1880.7065449270413,3.629764065335753,1062,1092,39,0,1053,1085,58930,10,1,0,9,7
2020-08-12,US,Mississippi,Madison,2489,72,0,32.63389156,-90.03513564,28089.0,2342.103282143933,2.8927280032141423,2417,2455,69,0,2386,2443,105630,34,3,0,31,12
2020-08-12,US,Mississippi,Marion,689,21,0,31.23132643,-89.8209217,28091.0,2803.8904488666412,3.0478955007256894,668,684,20,0,664,684,24715,5,1,0,4,0
2020-08-12,US,Mississippi,Marshall,729,9,0,34.76216286,-89.50299462,28093.0,2065.50688502295,1.2345679012345678,720,712,9,0,703,701,35451,17,0,0,17,11
2020-08-12,US,Mississippi,Monroe,831,55,0,33.89236763,-88.4808438,28095.0,2357.3130602519004,6.618531889290012,776,821,55,0,766,801,35564,10,0,0,10,20
2020-08-12,US,Mississippi,Montgomery,345,6,0,33.49419589,-89.61729103,28097.0,3529.4117647058824,1.7391304347826086,339,329,5,0,324,326,10023,16,1,0,15,3
2020-08-12,US,Mississippi,Neshoba,1306,94,0,32.75339664,-89.11726492,28099.0,4485.198159214232,7.197549770290965,1212,1288,92,0,1196,1286,29125,18,2,0,16,2
2020-08-12,US,Mississippi,Newton,555,11,0,32.40021118,-89.11843336,28101.0,2640.593776762775,1.981981981981982,544,545,11,0,534,543,21443,10,0,0,10,2
2020-08-12,US,Mississippi,Noxubee,463,12,0,33.11009499,-88.56949061,28103.0,4444.6577709513285,2.591792656587473,451,461,12,0,449,459,10535,2,0,0,2,2
2020-08-12,US,Mississippi,Oktibbeha,1136,39,0,33.42491685,-88.87905132,28105.0,2290.9230241797245,3.4330985915492964,1097,1133,39,0,1094,1127,49599,3,0,0,3,6
2020-08-12,US,Mississippi,Panola,1091,17,0,34.36398677,-89.95064249,28107.0,3190.804866635471,1.5582034830430798,1074,1068,16,0,1052,1062,34178,23,1,0,22,6
2020-08-12,US,Mississippi,Pearl River,567,40,0,30.77090935,-89.58677275,28109.0,1020.9777617718556,7.0546737213403885,527,559,40,0,519,554,55387,8,0,0,8,5
2020-08-12,US,Mississippi,Perry,248,8,0,31.17161885,-88.99281835,28111.0,2071.327152760377,3.2258064516129035,240,242,8,0,234,243,11931,6,0,0,6,-1
2020-08-12,US,Mississippi,Pike,951,37,0,31.17507789,-90.40392572,28113.0,2420.5864386072085,3.8906414300736074,914,940,37,0,903,938,39563,11,0,0,11,2
2020-08-12,US,Mississippi,Pontotoc,857,9,0,34.226046000000004,-89.03636807,28115.0,2663.6414496177035,1.0501750291715286,848,842,9,0,833,830,31833,15,0,0,15,12
2020-08-12,US,Mississippi,Prentiss,441,10,0,34.61810501,-88.51986294,28117.0,1755.154023720449,2.2675736961451247,431,423,10,0,413,417,25315,18,0,0,18,6
2020-08-12,US,Mississippi,Quitman,275,1,0,34.25157572,-90.28908,28119.0,4048.8810365135455,0.3636363636363637,274,269,1,0,268,270,7051,6,0,0,6,-1
2020-08-12,US,Mississippi,Rankin,2322,38,0,32.26469147,-89.94537876,28121.0,1495.4498908360226,1.6365202411714042,2284,2307,35,0,2272,2292,153902,15,3,0,12,15
2020-08-12,US,Mississippi,Scott,1017,20,0,32.406704100000006,-89.53789439,28123.0,3616.12857346039,1.966568338249754,997,1011,20,0,991,1003,28287,6,0,0,6,8
2020-08-12,US,Mississippi,Sharkey,206,5,0,32.88149103,-90.81595379999999,28125.0,4767.414950242999,2.4271844660194173,201,204,5,0,199,199,4377,2,0,0,2,5
2020-08-12,US,Mississippi,Simpson,821,31,0,31.91282117,-89.91716179,28127.0,3079.750919048691,3.775883069427528,790,806,31,0,775,803,26758,15,0,0,15,3
2020-08-12,US,Mississippi,Smith,412,13,0,32.01744532,-89.50644846,28129.0,2588.590098014577,3.155339805825242,399,406,13,0,393,406,16002,6,0,0,6,0
2020-08-12,US,Mississippi,Stone,224,5,0,30.79187949,-89.11547539,28131.0,1221.6404886561954,2.232142857142857,219,211,5,0,206,205,18717,13,0,0,13,6
2020-08-12,US,Mississippi,Sunflower,1071,27,0,33.60192578,-90.58882684,28133.0,4265.232974910395,2.5210084033613445,1044,1056,25,0,1031,1054,25735,15,2,0,13,2
2020-08-12,US,Mississippi,Tallahatchie,547,11,0,33.95339918,-90.1729398,28135.0,3961.1847345933807,2.010968921389397,536,541,11,0,530,530,13987,6,0,0,6,11
2020-08-12,US,Mississippi,Tate,746,30,0,34.65133709,-89.94485778,28137.0,2634.087779386321,4.021447721179625,716,743,30,0,713,736,28759,3,0,0,3,7
2020-08-12,US,Mississippi,Tippah,388,14,0,34.76872156,-88.90988194,28139.0,1762.4347036111747,3.608247422680413,374,374,14,0,360,367,21995,14,0,0,14,7
2020-08-12,US,Mississippi,Tishomingo,444,9,0,34.74023475,-88.23917219,28141.0,2290.6670793994736,2.0270270270270268,435,437,7,0,430,421,19454,7,2,0,5,16
2020-08-12,US,Mississippi,Tunica,365,7,0,34.64967704,-90.37481167,28143.0,3789.451827242525,1.9178082191780816,358,358,7,0,351,351,9944,7,0,0,7,7
2020-08-12,US,Mississippi,Union,700,17,0,34.49162015,-89.00776006,28145.0,2429.290300190873,2.4285714285714284,683,662,16,0,646,643,28606,38,1,0,37,19
2020-08-12,US,Mississippi,Walthall,511,21,0,31.14971548,-90.10446654,28147.0,3576.9284614307708,4.109589041095891,490,502,21,0,481,501,14465,9,0,0,9,1
2020-08-12,US,Mississippi,Warren,1137,35,0,32.35810271,-90.83352619,28149.0,2505.453824287697,3.0782761653474053,1102,1125,35,0,1090,1095,46176,12,0,0,12,30
2020-08-12,US,Mississippi,Washington,1722,44,0,33.28392041,-90.94196237,28151.0,3921.7472499943065,2.5551684088269453,1678,1701,42,0,1659,1689,45063,21,2,0,19,12
2020-08-12,US,Mississippi,Wayne,789,21,0,31.64135687,-88.69573913,28153.0,3909.2305405539314,2.661596958174905,768,780,21,0,759,774,20298,9,0,0,9,6
2020-08-12,US,Mississippi,Webster,248,13,0,33.61300486,-89.28392912,28155.0,2559.6036742697906,5.241935483870968,235,237,12,0,225,235,9788,11,1,0,10,2
2020-08-12,US,Mississippi,Wilkinson,220,13,0,31.16078225,-91.31018819,28157.0,2549.246813441483,5.909090909090909,207,215,13,0,202,211,8792,5,0,0,5,4
2020-08-12,US,Mississippi,Winston,635,16,0,33.08747908,-89.03391385,28159.0,3536.6193260930104,2.5196850393700787,619,629,16,0,613,623,18165,6,0,0,6,6
2020-08-12,US,Mississippi,Yalobusha,318,10,0,34.02824175,-89.70762049999998,28161.0,2626.362735381566,3.1446540880503147,308,316,10,0,306,315,12392,2,0,0,2,1
2020-08-12,US,Mississippi,Yazoo,870,13,0,32.77890365,-90.39656148,28163.0,2930.279555405861,1.4942528735632183,857,841,13,0,828,833,28248,29,0,0,29,8
2020-08-12,US,Missouri,Adair,174,0,0,40.19058551,-92.60078167,29001.0,686.5801207434007,0.0,174,161,0,0,161,160,25339,13,0,0,13,1
2020-08-12,US,Missouri,Andrew,89,1,0,39.98492163,-94.80163024,29003.0,502.4841915085818,1.1235955056179776,88,88,1,0,87,88,17607,1,0,0,1,0
2020-08-12,US,Missouri,Atchison,18,0,0,40.43238737,-95.42970639,29005.0,349.990278047832,0.0,18,19,0,0,19,18,5171,-1,0,0,-1,1
2020-08-12,US,Missouri,Audrain,207,1,0,39.215877,-91.84242683,29007.0,815.3458326768554,0.4830917874396135,206,205,1,0,204,203,25473,2,0,0,2,2
2020-08-12,US,Missouri,Barry,266,4,0,36.70978521,-93.82919888,29009.0,743.2451311855597,1.5037593984962403,262,263,4,0,259,258,35886,3,0,0,3,5
2020-08-12,US,Missouri,Barton,70,0,0,37.50207671,-94.34757022,29011.0,595.5419431682832,0.0,70,70,0,0,70,69,11798,0,0,0,0,1
2020-08-12,US,Missouri,Bates,51,1,0,38.25271289,-94.34113157,29013.0,315.35988127627996,1.96078431372549,50,48,1,0,47,48,16320,3,0,0,3,0
2020-08-12,US,Missouri,Benton,113,1,0,38.29503305,-93.28756116,29015.0,581.1860309623,0.8849557522123894,112,107,1,0,106,104,19278,6,0,0,6,3
2020-08-12,US,Missouri,Bollinger,75,1,0,37.32449052,-90.02725304,29017.0,618.1488502431388,1.3333333333333333,74,69,1,0,68,68,12169,6,0,0,6,1
2020-08-12,US,Missouri,Boone,1457,3,0,38.99186229,-92.30723575,29019.0,807.3677152657332,0.2059025394646534,1454,1429,3,0,1426,1397,180005,28,0,0,28,32
2020-08-12,US,Missouri,Buchanan,1106,10,0,39.65816401,-94.80138942,29021.0,1265.9676754727348,0.9041591320072332,1096,1092,10,0,1082,1091,88571,14,0,0,14,1
2020-08-12,US,Missouri,Butler,289,2,0,36.71462476,-90.40421163,29023.0,680.352182306135,0.6920415224913494,287,286,2,0,284,283,42639,3,0,0,3,3
2020-08-12,US,Missouri,Caldwell,36,1,0,39.65620858,-93.98308093,29025.0,399.1130820399113,2.7777777777777777,35,35,1,0,34,35,9108,1,0,0,1,0
2020-08-12,US,Missouri,Callaway,163,1,0,38.83674754,-91.92186505,29027.0,364.3027959680844,0.6134969325153374,162,161,1,0,160,159,44889,2,0,0,2,2
2020-08-12,US,Missouri,Camden,370,6,0,38.02199522,-92.76083747,29029.0,799.0497786416155,1.6216216216216215,364,363,5,0,358,356,45815,7,1,0,6,7
2020-08-12,US,Missouri,Cape Girardeau,689,5,0,37.38489388,-89.6843587,29031.0,873.5783748145708,0.7256894049346879,684,668,5,0,663,663,78753,21,0,0,21,5
2020-08-12,US,Missouri,Carroll,102,0,0,39.42762566,-93.50626255,29033.0,1175.2506049083995,0.0,102,101,0,0,101,101,8743,1,0,0,1,0
2020-08-12,US,Missouri,Carter,21,1,0,36.94160441,-90.96051322,29035.0,351.0531594784353,4.761904761904762,20,22,1,0,21,21,6054,-1,0,0,-1,1
2020-08-12,US,Missouri,Cass,785,9,0,38.64789422,-94.353399,29037.0,742.106258271885,1.1464968152866242,776,770,9,0,761,755,104954,15,0,0,15,15
2020-08-12,US,Missouri,Cedar,41,0,0,37.72391475,-93.85445441,29039.0,285.73419750505263,0.0,41,41,0,0,41,40,14165,0,0,0,0,1
2020-08-12,US,Missouri,Chariton,19,0,0,39.51499357,-92.9629191,29041.0,255.8577969297064,0.0,19,20,0,0,20,18,7451,-1,0,0,-1,2
2020-08-12,US,Missouri,Christian,392,1,0,36.9711783,-93.18537118,29043.0,442.462892939782,0.2551020408163265,391,373,1,0,372,364,86983,19,0,0,19,9
2020-08-12,US,Missouri,Clark,23,0,0,40.41040752,-91.73661677,29045.0,338.3845814329852,0.0,23,21,0,0,21,20,6842,2,0,0,2,1
2020-08-12,US,Missouri,Clay,1087,22,0,39.31132056,-94.41850862,29047.0,434.8904572151008,2.0239190432382705,1065,1064,20,0,1044,1053,246365,23,2,0,21,11
2020-08-12,US,Missouri,Clinton,90,0,0,39.6013098,-94.40465394,29049.0,441.45779173002404,0.0,90,85,0,0,85,84,20470,5,0,0,5,1
2020-08-12,US,Missouri,Cole,460,3,0,38.50455671,-92.27860244,29051.0,599.3875822529155,0.6521739130434783,457,438,3,0,435,427,76796,22,0,0,22,11
2020-08-12,US,Missouri,Cooper,140,0,0,38.844478,-92.80896081,29053.0,790.5584730927777,0.0,140,135,0,0,135,131,17603,5,0,0,5,4
2020-08-12,US,Missouri,Crawford,83,0,0,37.97663738,-91.30528104,29055.0,346.989966555184,0.0,83,79,0,0,79,78,23957,4,0,0,4,1
2020-08-12,US,Missouri,Dade,15,0,0,37.431814,-93.8503345,29057.0,198.3864568178812,0.0,15,15,0,0,15,15,7569,0,0,0,0,0
2020-08-12,US,Missouri,Dallas,68,1,0,37.681135499999996,-93.02127031,29059.0,402.8913378362365,1.4705882352941178,67,68,1,0,67,69,16762,0,0,0,0,-1
2020-08-12,US,Missouri,Daviess,18,0,0,39.96145298,-93.98519678,29061.0,217.4438270113554,0.0,18,17,0,0,17,17,8313,1,0,0,1,0
2020-08-12,US,Missouri,DeKalb,38,1,0,39.89201062,-94.40476508,29063.0,302.86124173109107,2.631578947368421,37,36,1,0,35,36,12630,2,0,0,2,0
2020-08-12,US,Missouri,Dent,15,0,0,37.60663134,-91.50790473,29065.0,96.32055480639568,0.0,15,12,0,0,12,12,15441,3,0,0,3,0
2020-08-12,US,Missouri,Douglas,89,2,0,36.9325593,-92.49905109,29067.0,675.0094804702312,2.247191011235955,87,89,2,0,87,87,13373,0,0,0,0,2
2020-08-12,US,Missouri,Dunklin,336,4,0,36.27167174,-90.09122243,29069.0,1153.4104562150287,1.1904761904761905,332,319,4,0,315,317,29423,17,0,0,17,2
2020-08-12,US,Missouri,Franklin,669,18,0,38.41127108,-91.07522826,29071.0,643.4734098319659,2.690582959641256,651,642,18,0,624,631,103670,27,0,0,27,11
2020-08-12,US,Missouri,Gasconade,29,0,0,38.43947277,-91.50847147,29073.0,197.1984224126207,0.0,29,26,0,0,26,24,14705,3,0,0,3,2
2020-08-12,US,Missouri,Gentry,85,9,0,40.21097916,-94.40944419,29075.0,1293.5626236493683,10.588235294117649,76,85,9,0,76,85,6628,0,0,0,0,0
2020-08-12,US,Missouri,Greene,1686,10,0,37.2575872,-93.34230916,29077.0,575.257774168674,0.5931198102016607,1676,1621,10,0,1611,1573,291923,65,0,0,65,48
2020-08-12,US,Missouri,Grundy,29,1,0,40.11406587,-93.56509276,29079.0,294.4162436548223,3.4482758620689653,28,29,1,0,28,29,9914,0,0,0,0,0
2020-08-12,US,Missouri,Harrison,60,1,0,40.35570088,-93.99222144,29081.0,718.3908045977013,1.6666666666666667,59,60,1,0,59,60,8414,0,0,0,0,0
2020-08-12,US,Missouri,Henry,89,3,0,38.38482826,-93.79293734,29083.0,407.80791788856317,3.3707865168539324,86,84,3,0,81,82,21792,5,0,0,5,2
2020-08-12,US,Missouri,Hickory,35,0,0,37.94163617,-93.3203037,29085.0,366.7225481978206,0.0,35,34,0,0,34,33,9509,1,0,0,1,1
2020-08-12,US,Missouri,Holt,27,0,0,40.09799248,-95.21638879999999,29087.0,613.2182602770837,0.0,27,8,0,0,8,8,4404,19,0,0,19,0
2020-08-12,US,Missouri,Howard,55,0,0,39.1435761,-92.69756691,29089.0,549.9450054994502,0.0,55,53,0,0,53,53,10137,2,0,0,2,0
2020-08-12,US,Missouri,Howell,159,2,0,36.77383887,-91.88683935,29091.0,396.3407034424309,1.2578616352201255,157,157,2,0,155,153,40076,2,0,0,2,4
2020-08-12,US,Missouri,Iron,22,0,0,37.55487945,-90.7735296,29093.0,217.283950617284,0.0,22,22,0,0,22,22,10177,0,0,0,0,0
2020-08-12,US,Missouri,Jackson,4272,66,0,39.01002188,-94.34724536,29095.0,607.6718571971137,1.5449438202247192,4206,4155,66,0,4089,4083,700307,117,0,0,117,72
2020-08-12,US,Missouri,Jasper,1838,31,0,37.20351921,-94.34050458,29097.0,1514.9017539232493,1.6866158868335146,1807,1780,31,0,1749,1771,120636,58,0,0,58,9
2020-08-12,US,Missouri,Jefferson,1730,26,0,38.25926778,-90.53870896,29099.0,768.6121885010284,1.5028901734104043,1704,1663,26,0,1637,1628,224347,67,0,0,67,35
2020-08-12,US,Missouri,Johnson,499,3,0,38.74719601,-93.80691168,29101.0,923.0143168954164,0.6012024048096193,496,494,2,0,492,489,53652,5,1,0,4,5
2020-08-12,US,Missouri,Kansas City,7077,65,0,39.0997,-94.5786,0.0,1447.4079800712964,0.9184682775187226,7012,6885,64,0,6821,6786,491918,192,1,0,191,99
2020-08-12,US,Missouri,Knox,32,0,0,40.12699751,-92.14780832,29103.0,808.2849204344533,0.0,32,27,0,0,27,27,3947,5,0,0,5,0
2020-08-12,US,Missouri,Laclede,209,1,0,37.65896829,-92.5888493,29105.0,585.0572460319682,0.4784688995215311,208,203,1,0,202,202,35713,6,0,0,6,1
2020-08-12,US,Missouri,Lafayette,183,2,0,39.06986886,-93.78076396,29107.0,559.4961477314419,1.0928961748633879,181,180,2,0,178,178,32598,3,0,0,3,2
2020-08-12,US,Missouri,Lawrence,240,2,0,37.10626634,-93.83293097,29109.0,625.7332811888933,0.8333333333333334,238,233,2,0,231,230,38359,7,0,0,7,3
2020-08-12,US,Missouri,Lewis,50,1,0,40.09673161,-91.72070156,29111.0,511.4566284779051,2.0,49,48,1,0,47,46,9855,2,0,0,2,2
2020-08-12,US,Missouri,Lincoln,412,1,0,39.05345619,-90.95588181,29113.0,698.1512548082626,0.2427184466019417,411,398,1,0,397,382,57686,14,0,0,14,16
2020-08-12,US,Missouri,Linn,35,1,0,39.87001769,-93.10704106,29115.0,293.6241610738255,2.8571428571428568,34,33,1,0,32,33,12037,2,0,0,2,0
2020-08-12,US,Missouri,Livingston,63,0,0,39.78110272,-93.54645978,29117.0,413.738753529914,0.0,63,63,0,0,63,63,15146,0,0,0,0,0
2020-08-12,US,Missouri,Macon,62,0,0,39.83049768,-92.56453089,29121.0,410.13428590328766,0.0,62,60,0,0,60,59,15153,2,0,0,2,1
2020-08-12,US,Missouri,Madison,28,0,0,37.47865134,-90.34671429999999,29123.0,231.63467902051624,0.0,28,25,0,0,25,25,12188,3,0,0,3,0
2020-08-12,US,Missouri,Maries,24,0,0,38.16193985,-91.92249662,29125.0,275.9572266298724,0.0,24,24,0,0,24,24,8769,0,0,0,0,0
2020-08-12,US,Missouri,Marion,223,1,0,39.80601912,-91.62203062,29127.0,781.6333683841568,0.4484304932735426,222,204,1,0,203,201,28592,19,0,0,19,3
2020-08-12,US,Missouri,McDonald,953,8,0,36.62869595,-94.34867205,29119.0,4173.052502517844,0.8394543546694648,945,953,7,0,946,951,23078,0,1,0,-1,2
2020-08-12,US,Missouri,Mercer,13,0,0,40.42212303,-93.56829590000001,29129.0,359.41387890517,0.0,13,11,0,0,11,11,3641,2,0,0,2,0
2020-08-12,US,Missouri,Miller,137,1,0,38.21450288,-92.42610898,29131.0,534.75935828877,0.7299270072992701,136,135,1,0,134,132,25336,2,0,0,2,3
2020-08-12,US,Missouri,Mississippi,148,0,0,36.82516239,-89.29505753,29133.0,1122.9135053110774,0.0,148,141,0,0,141,140,13336,7,0,0,7,1
2020-08-12,US,Missouri,Moniteau,155,2,0,38.63571781,-92.57976951,29135.0,960.8232085296304,1.2903225806451613,153,151,2,0,149,148,16121,4,0,0,4,3
2020-08-12,US,Missouri,Monroe,33,0,0,39.49593978,-92.00043978,29137.0,381.76770013882464,0.0,33,31,0,0,31,31,8664,2,0,0,2,0
2020-08-12,US,Missouri,Montgomery,42,0,0,38.94022054,-91.47000721,29139.0,363.604882694139,0.0,42,41,0,0,41,41,11534,1,0,0,1,0
2020-08-12,US,Missouri,Morgan,87,0,0,38.4181765,-92.88791859,29141.0,421.7772822029378,0.0,87,87,0,0,87,83,20358,0,0,0,0,4
2020-08-12,US,Missouri,New Madrid,269,3,0,36.59666326,-89.66070007,29143.0,1575.3103771375027,1.1152416356877324,266,259,2,0,257,256,17296,10,1,0,9,3
2020-08-12,US,Missouri,Newton,916,6,0,36.90519407,-94.3394104,29145.0,1572.9102273507795,0.6550218340611353,910,886,6,0,880,874,58266,30,0,0,30,12
2020-08-12,US,Missouri,Nodaway,190,0,0,40.36079813,-94.88133008,29147.0,860.0398334238637,0.0,190,186,0,0,186,186,22304,4,0,0,4,0
2020-08-12,US,Missouri,Oregon,16,0,0,36.68710164,-91.4033755,29149.0,151.96124988128028,0.0,16,16,0,0,16,16,10541,0,0,0,0,0
2020-08-12,US,Missouri,Osage,53,1,0,38.46036182,-91.8613635,29151.0,389.2765332354022,1.8867924528301887,52,52,1,0,51,49,13714,1,0,0,1,3
2020-08-12,US,Missouri,Ozark,15,0,0,36.64916339,-92.44459066,29153.0,163.50555918901242,0.0,15,15,0,0,15,14,9017,0,0,0,0,1
2020-08-12,US,Missouri,Pemiscot,243,9,0,36.2130572,-89.78742322,29155.0,1537.4881366656118,3.703703703703704,234,237,9,0,228,234,16272,6,0,0,6,3
2020-08-12,US,Missouri,Perry,244,4,0,37.70660776,-89.82741088,29157.0,1275.083612040134,1.639344262295082,240,235,4,0,231,232,19150,9,0,0,9,3
2020-08-12,US,Missouri,Pettis,580,4,0,38.72798918,-93.28471706,29159.0,1369.895368336522,0.6896551724137931,576,560,4,0,556,550,42542,20,0,0,20,10
2020-08-12,US,Missouri,Phelps,100,0,0,37.87736118,-91.79351727,29161.0,224.35106454580128,0.0,100,90,0,0,90,89,44732,10,0,0,10,1
2020-08-12,US,Missouri,Pike,120,1,0,39.34310674,-91.16980779,29163.0,655.6660474265108,0.8333333333333334,119,110,1,0,109,106,18504,10,0,0,10,4
2020-08-12,US,Missouri,Platte,385,10,0,39.38154439,-94.77068479,29165.0,368.71037560573853,2.5974025974025974,375,373,10,0,363,367,102985,12,0,0,12,6
2020-08-12,US,Missouri,Polk,219,0,0,37.616229600000004,-93.39828174,29167.0,681.2031478428568,0.0,219,213,0,0,213,210,32201,6,0,0,6,3
2020-08-12,US,Missouri,Pulaski,249,1,0,37.82462075,-92.20783203,29169.0,473.3210409261125,0.4016064257028112,248,230,1,0,229,226,52014,19,0,0,19,4
2020-08-12,US,Missouri,Putnam,13,1,0,40.47942497,-93.02042674,29171.0,276.83134582623507,7.6923076923076925,12,13,1,0,12,13,4757,0,0,0,0,0
2020-08-12,US,Missouri,Ralls,42,0,0,39.52817427,-91.51838643,29173.0,407.4110000970026,0.0,42,34,0,0,34,34,10212,8,0,0,8,0
2020-08-12,US,Missouri,Randolph,74,1,0,39.44007257,-92.49713740000001,29175.0,299.014061742363,1.351351351351351,73,73,1,0,72,71,24763,1,0,0,1,2
2020-08-12,US,Missouri,Ray,119,0,0,39.353746799999996,-93.98905745,29177.0,516.98670605613,0.0,119,119,0,0,119,119,22883,0,0,0,0,0
2020-08-12,US,Missouri,Reynolds,16,0,0,37.36085952,-90.97009925,29179.0,255.18341307814998,0.0,16,16,0,0,16,16,6254,0,0,0,0,0
2020-08-12,US,Missouri,Ripley,58,0,0,36.65460667,-90.85990261,29181.0,436.48404575556884,0.0,58,54,0,0,54,52,13401,4,0,0,4,2
2020-08-12,US,Missouri,Saline,459,7,0,39.13734288,-93.20259964,29195.0,2016.6073546856464,1.5250544662309369,452,441,7,0,434,435,22895,18,0,0,18,6
2020-08-12,US,Missouri,Schuyler,10,0,0,40.46921489,-92.52311943,29197.0,214.5922746781116,0.0,10,11,0,0,11,11,4599,-1,0,0,-1,0
2020-08-12,US,Missouri,Scotland,15,1,0,40.45214695,-92.14709064,29199.0,305.9975520195838,6.666666666666668,14,15,1,0,14,16,4966,0,0,0,0,-1
2020-08-12,US,Missouri,Scott,421,13,0,37.05588075,-89.56474493,29201.0,1099.791013584117,3.0878859857482186,408,406,13,0,393,400,38458,15,0,0,15,6
2020-08-12,US,Missouri,Shannon,44,1,0,37.15772072,-91.40190382,29203.0,538.8194954690179,2.272727272727273,43,43,1,0,42,43,8189,1,0,0,1,0
2020-08-12,US,Missouri,Shelby,40,0,0,39.79742518,-92.07634971,29205.0,674.5362563237774,0.0,40,38,0,0,38,38,6050,2,0,0,2,0
2020-08-12,US,Missouri,St. Charles,4316,87,0,38.77875681,-90.66662425,29183.0,1073.573088039958,2.015755329008341,4229,4226,87,0,4139,4123,399182,90,0,0,90,103
2020-08-12,US,Missouri,St. Clair,24,0,0,38.03699437,-93.77631447,29185.0,255.40065978503785,0.0,24,24,0,0,24,23,9395,0,0,0,0,1
2020-08-12,US,Missouri,St. Francois,421,2,0,37.81214171,-90.47598685,29187.0,626.3482853529719,0.4750593824228028,419,392,2,0,390,376,66692,29,0,0,29,16
2020-08-12,US,Missouri,St. Louis,15485,672,0,38.63770039999999,-90.4458375,29189.0,1557.5258623724485,4.3396835647400716,14813,15284,672,0,14612,14941,996945,201,0,0,201,343
2020-08-12,US,Missouri,St. Louis City,5364,178,0,38.63555736,-90.24349225,29510.0,1784.573618652188,3.3184190902311714,5186,5295,177,0,5118,5235,302838,69,1,0,68,60
2020-08-12,US,Missouri,Ste. Genevieve,62,1,0,37.89090059,-90.1949941,29186.0,346.48485525874594,1.6129032258064515,61,57,1,0,56,57,17888,5,0,0,5,0
2020-08-12,US,Missouri,Stoddard,236,9,0,36.85571651,-89.9444155,29207.0,813.0921619293712,3.8135593220338975,227,232,9,0,223,231,29206,4,0,0,4,1
2020-08-12,US,Missouri,Stone,150,1,0,36.75000327,-93.45256475,29209.0,469.4541812719079,0.6666666666666666,149,138,1,0,137,136,31749,12,0,0,12,2
2020-08-12,US,Missouri,Sullivan,147,0,0,40.2099105,-93.11150106,29211.0,2414.1895220890133,0.0,147,145,0,0,145,144,6221,2,0,0,2,1
2020-08-12,US,Missouri,Taney,658,3,0,36.65465345,-93.04075153,29213.0,1176.5126591331712,0.4559270516717325,655,632,3,0,629,616,55852,26,0,0,26,16
2020-08-12,US,Missouri,Texas,60,0,0,37.31728859,-91.96564727,29215.0,236.2390739428301,0.0,60,57,0,0,57,55,25571,3,0,0,3,2
2020-08-12,US,Missouri,Vernon,56,0,0,37.8457799,-94.34127305,29217.0,272.3338034333512,0.0,56,54,0,0,54,53,20528,2,0,0,2,1
2020-08-12,US,Missouri,Warren,212,0,0,38.76529479,-91.16124662,29219.0,594.6870879968582,0.0,212,208,0,0,208,203,34711,4,0,0,4,5
2020-08-12,US,Missouri,Washington,94,1,0,37.96130078,-90.87948158,29221.0,380.1051354630004,1.0638297872340423,93,87,1,0,86,82,24943,7,0,0,7,5
2020-08-12,US,Missouri,Wayne,62,0,0,37.11303869,-90.46001416,29223.0,481.62821409150916,0.0,62,60,0,0,60,57,13122,2,0,0,2,3
2020-08-12,US,Missouri,Webster,140,1,0,37.2813734,-92.876329,29225.0,353.60678925035364,0.7142857142857143,139,138,1,0,137,137,39109,2,0,0,2,1
2020-08-12,US,Missouri,Worth,9,0,0,40.47945588,-94.42328751,29227.0,447.0938897168405,0.0,9,9,0,0,9,9,2040,0,0,0,0,0
2020-08-12,US,Missouri,Wright,65,0,0,37.27029221,-92.46914488,29229.0,355.40488818415434,0.0,65,62,0,0,62,62,18378,3,0,0,3,0
2020-08-12,US,Montana,Beaverhead,65,0,0,45.13434354,-112.89846940000001,30001.0,687.6123981804718,0.0,65,64,0,0,64,64,9404,1,0,0,1,0
2020-08-12,US,Montana,Big Horn,464,14,0,45.42335905,-107.492347,30003.0,3483.7450259028456,3.0172413793103448,450,444,14,0,430,437,13338,20,0,0,20,7
2020-08-12,US,Montana,Blaine,13,0,0,48.43175214,-108.9582723,30005.0,194.58164945367454,0.0,13,11,0,0,11,10,6807,2,0,0,2,1
2020-08-12,US,Montana,Broadwater,14,0,0,46.33277565,-111.49558130000001,30007.0,224.46689113355785,0.0,14,12,0,0,12,12,6085,2,0,0,2,0
2020-08-12,US,Montana,Carbon,74,0,0,45.22850116,-109.0274047,30009.0,689.9766899766901,0.0,74,73,0,0,73,71,10714,1,0,0,1,2
2020-08-12,US,Montana,Cascade,167,4,0,47.30797024,-111.3467922,30013.0,205.24543421084974,2.395209580838323,163,168,4,0,164,166,81643,-1,0,0,-1,2
2020-08-12,US,Montana,Chouteau,10,0,0,47.88084126,-110.4353362,30015.0,177.4622892635315,0.0,10,10,0,0,10,10,5745,0,0,0,0,0
2020-08-12,US,Montana,Custer,61,2,0,46.25319932,-105.57375259999998,30017.0,534.9938607261884,3.278688524590164,59,61,2,0,59,61,11586,0,0,0,0,0
2020-08-12,US,Montana,Daniels,3,0,0,48.78420029,-105.54763429999998,30019.0,177.5147928994083,0.0,3,3,0,0,3,3,1747,0,0,0,0,0
2020-08-12,US,Montana,Dawson,20,0,0,47.26584855,-104.89444170000002,30021.0,232.2071287588529,0.0,20,20,0,0,20,17,8680,0,0,0,0,3
2020-08-12,US,Montana,Deer Lodge,26,0,0,46.05953325,-113.073353,30023.0,284.4638949671772,0.0,26,25,0,0,25,25,9131,1,0,0,1,0
2020-08-12,US,Montana,Fallon,2,0,0,46.33478338,-104.41835649999999,30025.0,70.27406886858749,0.0,2,2,0,0,2,2,2920,0,0,0,0,0
2020-08-12,US,Montana,Fergus,14,0,0,47.26331584,-109.2245206,30027.0,126.69683257918552,0.0,14,14,0,0,14,14,11113,0,0,0,0,0
2020-08-12,US,Montana,Flathead,357,3,0,48.29575866,-114.05205690000001,30029.0,343.9107566036645,0.8403361344537815,354,352,2,0,350,347,102106,5,1,0,4,5
2020-08-12,US,Montana,Gallatin,959,3,0,45.54486106,-111.1692571,30031.0,838.037646154115,0.3128258602711157,956,948,3,0,945,947,111876,11,0,0,11,1
2020-08-12,US,Montana,Garfield,12,0,0,47.27545948,-107.0002351,30033.0,953.8950715421304,0.0,12,12,0,0,12,12,1268,0,0,0,0,0
2020-08-12,US,Montana,Glacier,77,1,0,48.70513576,-112.9934235,30035.0,559.8778448338544,1.2987012987012987,76,77,1,0,76,76,13747,0,0,0,0,1
2020-08-12,US,Montana,Golden Valley,3,0,0,46.3816474,-109.17685220000001,30037.0,365.4080389768576,0.0,3,3,0,0,3,3,826,0,0,0,0,0
2020-08-12,US,Montana,Granite,17,0,0,46.40605220000001,-113.4414186,30039.0,503.1074282332051,0.0,17,17,0,0,17,16,3378,0,0,0,0,1
2020-08-12,US,Montana,Hill,46,2,0,48.62879827,-110.1129252,30041.0,279.0584809512254,4.3478260869565215,44,43,2,0,41,42,16347,3,0,0,3,1
2020-08-12,US,Montana,Jefferson,29,0,0,46.14907081,-112.094396,30043.0,237.29645691841912,0.0,29,29,0,0,29,29,12097,0,0,0,0,0
2020-08-12,US,Montana,Judith Basin,3,0,0,47.04581276,-110.26606880000001,30045.0,149.47683109118088,0.0,3,3,0,0,3,3,1952,0,0,0,0,0
2020-08-12,US,Montana,Lake,184,1,0,47.64514965,-114.0898013,30047.0,604.1105785015433,0.5434782608695652,183,183,1,0,182,181,30250,1,0,0,1,2
2020-08-12,US,Montana,Lewis and Clark,163,2,0,47.12610041,-112.39469799999999,30049.0,234.7620693628298,1.2269938650306749,161,162,2,0,160,158,68700,1,0,0,1,4
2020-08-12,US,Montana,Liberty,1,0,0,48.56084317,-111.02430700000001,30051.0,42.78990158322636,0.0,1,1,0,0,1,1,2430,0,0,0,0,0
2020-08-12,US,Montana,Lincoln,77,2,0,48.54265777,-115.4046155,30053.0,385.38538538538535,2.5974025974025974,75,77,2,0,75,77,19794,0,0,0,0,0
2020-08-12,US,Montana,Madison,83,1,0,45.30080065,-111.9173017,30057.0,965.1162790697673,1.2048192771084338,82,84,1,0,83,84,8768,-1,0,0,-1,0
2020-08-12,US,Montana,McCone,5,0,0,47.64469406,-105.79449939999999,30055.0,300.48076923076917,0.0,5,5,0,0,5,3,1675,0,0,0,0,2
2020-08-12,US,Montana,Meagher,4,0,0,46.59907074,-110.8898557,30059.0,214.8227712137487,0.0,4,4,0,0,4,4,1866,0,0,0,0,0
2020-08-12,US,Montana,Mineral,2,0,0,47.15283992,-115.00152390000001,30061.0,45.48555833522857,0.0,2,2,0,0,2,,4316,0,0,0,0,
2020-08-12,US,Montana,Missoula,336,1,0,47.03728583,-113.92135079999998,30063.0,280.9364548494983,0.2976190476190476,335,328,1,0,327,332,118791,8,0,0,8,-4
2020-08-12,US,Montana,Musselshell,3,0,0,46.49684637,-108.39498,30065.0,64.7528599179797,0.0,3,3,0,0,3,3,4651,0,0,0,0,0
2020-08-12,US,Montana,Park,57,0,0,45.48965095,-110.52643940000002,30067.0,343.24942791762015,0.0,57,55,0,0,55,55,16736,2,0,0,2,0
2020-08-12,US,Montana,Phillips,68,0,0,48.25936577,-107.9128511,30071.0,1719.777440566515,0.0,68,55,0,0,55,28,4074,13,0,0,13,27
2020-08-12,US,Montana,Pondera,11,0,0,48.22773388,-112.22527029999999,30073.0,186.09372356623246,0.0,11,11,0,0,11,11,5972,0,0,0,0,0
2020-08-12,US,Montana,Powder River,1,0,0,45.39617714,-105.636738,30075.0,59.453032104637344,0.0,1,1,0,0,1,1,1716,0,0,0,0,0
2020-08-12,US,Montana,Powell,2,0,0,46.85538891,-112.93591640000001,30077.0,29.027576197387518,0.0,2,2,0,0,2,2,6968,0,0,0,0,0
2020-08-12,US,Montana,Prairie,1,0,0,46.86048047,-105.379384,30079.0,92.85051067780873,0.0,1,1,0,0,1,1,1087,0,0,0,0,0
2020-08-12,US,Montana,Ravalli,83,2,0,46.08520862,-114.11891640000002,30081.0,189.4717618591061,2.409638554216868,81,83,1,0,82,83,43172,0,1,0,-1,0
2020-08-12,US,Montana,Richland,47,2,0,47.78668011,-104.5610786,30083.0,435.0643339813015,4.25531914893617,45,47,2,0,45,47,10913,0,0,0,0,0
2020-08-12,US,Montana,Roosevelt,24,0,0,48.29607488,-105.00792679999999,30085.0,218.10250817884412,0.0,24,23,0,0,23,23,11059,1,0,0,1,0
2020-08-12,US,Montana,Rosebud,53,1,0,46.23397237,-106.72928799999998,30087.0,593.040170079445,1.8867924528301887,52,34,1,0,33,34,9063,19,0,0,19,0
2020-08-12,US,Montana,Sanders,10,0,0,47.67657534,-115.1329916,30089.0,82.5559316436886,0.0,10,9,0,0,9,9,11844,1,0,0,1,0
2020-08-12,US,Montana,Sheridan,5,0,0,48.72085833,-104.50382900000001,30091.0,151.1030522816561,0.0,5,5,0,0,5,5,3424,0,0,0,0,0
2020-08-12,US,Montana,Silver Bow,102,0,0,45.90018933,-112.6620092,30093.0,292.1380495489045,0.0,102,101,0,0,101,95,34993,1,0,0,1,6
2020-08-12,US,Montana,Stillwater,28,1,0,45.67071407,-109.3950061,30095.0,290.39618336444715,3.571428571428572,27,26,1,0,25,26,9534,2,0,0,2,0
2020-08-12,US,Montana,Sweet Grass,5,1,0,45.81367654,-109.9425686,30097.0,133.7971635001338,20.0,4,5,1,0,4,5,3710,0,0,0,0,0
2020-08-12,US,Montana,Teton,15,0,0,47.83741052,-112.24106880000001,30099.0,244.0214738897023,0.0,15,15,0,0,15,15,6162,0,0,0,0,0
2020-08-12,US,Montana,Toole,44,6,0,48.65577551,-111.69424140000001,30101.0,929.054054054054,13.636363636363635,38,44,6,0,38,45,4853,0,0,0,0,-1
2020-08-12,US,Montana,Treasure,2,0,0,46.20973220000001,-107.26665159999999,30103.0,287.3563218390805,0.0,2,2,0,0,2,2,679,0,0,0,0,0
2020-08-12,US,Montana,Valley,23,0,0,48.36435097,-106.6669635,30105.0,310.97890751757706,0.0,23,23,0,0,23,19,7437,0,0,0,0,4
2020-08-12,US,Montana,Wheatland,3,0,0,46.46652491,-109.84646359999999,30107.0,141.11006585136406,0.0,3,3,0,0,3,3,2236,0,0,0,0,0
2020-08-12,US,Montana,Wibaux,3,0,0,46.95925154,-104.2510927,30109.0,309.59752321981426,0.0,3,3,0,0,3,3,1034,0,0,0,0,0
2020-08-12,US,Montana,Yellowstone,1387,31,0,45.93955949,-108.26914860000001,30111.0,859.8884066955983,2.235039653929344,1356,1316,30,0,1286,1295,160137,71,1,0,70,21
2020-08-12,US,Nebraska,Adams,362,11,0,40.52449420000001,-98.50117804,31001.0,1154.2263176354304,3.0386740331491717,351,361,11,0,350,358,31511,1,0,0,1,3
2020-08-12,US,Nebraska,Antelope,21,1,0,42.17695516,-98.06662829999999,31003.0,333.4391870435058,4.761904761904762,20,19,1,0,18,19,6336,2,0,0,2,0
2020-08-12,US,Nebraska,Arthur,1,0,0,41.56896142,-101.6959559,31005.0,215.98272138228938,0.0,1,1,0,0,1,1,465,0,0,0,0,0
2020-08-12,US,Nebraska,Banner,2,0,0,41.54634427,-103.7114332,31007.0,268.4563758389262,0.0,2,2,0,0,2,3,730,0,0,0,0,-1
2020-08-12,US,Nebraska,Boone,8,0,0,41.70759415,-98.06737183,31011.0,154.08320493066256,0.0,8,8,0,0,8,8,5239,0,0,0,0,0
2020-08-12,US,Nebraska,Box Butte,14,0,0,42.22079243,-103.08788340000001,31013.0,129.83399795975146,0.0,14,13,0,0,13,12,10772,1,0,0,1,1
2020-08-12,US,Nebraska,Boyd,6,0,0,42.899727399999996,-98.76486568,31015.0,312.66284523189165,0.0,6,5,0,0,5,5,1955,1,0,0,1,0
2020-08-12,US,Nebraska,Buffalo,456,1,0,40.85486962,-99.07500296,31019.0,918.2625505950584,0.21929824561403508,455,449,1,0,448,435,49615,7,0,0,7,14
2020-08-12,US,Nebraska,Burt,41,0,0,41.85056773,-96.32605633,31021.0,634.7731847035145,0.0,41,40,0,0,40,40,6488,1,0,0,1,0
2020-08-12,US,Nebraska,Butler,63,0,0,41.22703692,-97.13106306,31023.0,785.9281437125749,0.0,63,62,0,0,62,60,8058,1,0,0,1,2
2020-08-12,US,Nebraska,Cass,189,2,0,40.90899107,-96.13971217,31025.0,720.0548613227675,1.058201058201058,187,182,2,0,180,180,26159,7,0,0,7,2
2020-08-12,US,Nebraska,Cedar,23,0,0,42.598885100000004,-97.25311951,31027.0,273.74434658414657,0.0,23,23,0,0,23,22,8446,0,0,0,0,1
2020-08-12,US,Nebraska,Chase,7,0,0,40.523719799999995,-101.69780259999999,31029.0,178.38939857288483,0.0,7,7,0,0,7,7,3977,0,0,0,0,0
2020-08-12,US,Nebraska,Cherry,4,0,0,42.54502621,-101.1244332,31031.0,70.31112673580594,0.0,4,4,0,0,4,4,5761,0,0,0,0,0
2020-08-12,US,Nebraska,Cheyenne,26,0,0,41.21999357,-102.9941693,31033.0,291.8069584736251,0.0,26,26,0,0,26,26,9310,0,0,0,0,0
2020-08-12,US,Nebraska,Clay,50,0,0,40.52439441,-98.05126296,31035.0,806.0615831049491,0.0,50,50,0,0,50,50,6214,0,0,0,0,0
2020-08-12,US,Nebraska,Colfax,704,4,0,41.57486951,-97.0868542,31037.0,6573.909795499113,0.5681818181818182,700,704,4,0,700,703,10881,0,0,0,0,1
2020-08-12,US,Nebraska,Cuming,68,0,0,41.91637624,-96.78730772,31039.0,768.7090210264528,0.0,68,68,0,0,68,67,8940,0,0,0,0,1
2020-08-12,US,Nebraska,Custer,52,4,0,41.39374521,-99.72805369,31041.0,482.5090470446321,7.6923076923076925,48,50,4,0,46,48,10840,2,0,0,2,2
2020-08-12,US,Nebraska,Dakota,1931,42,0,42.39040144,-96.56656425,31043.0,9642.464795765503,2.175038839979285,1889,1930,42,0,1888,1928,20083,1,0,0,1,2
2020-08-12,US,Nebraska,Dawes,10,0,0,42.71985036,-103.1313774,31045.0,116.42798928862499,0.0,10,10,0,0,10,10,8716,0,0,0,0,0
2020-08-12,US,Nebraska,Dawson,968,9,0,40.87028216,-99.82014609999999,31047.0,4102.5641025641025,0.9297520661157024,959,967,9,0,958,961,23709,1,0,0,1,6
2020-08-12,US,Nebraska,Deuel,2,0,0,41.11168186,-102.33333309999999,31049.0,111.48272017837236,0.0,2,2,0,0,2,2,1825,0,0,0,0,0
2020-08-12,US,Nebraska,Dixon,57,2,0,42.49188363,-96.86782408,31051.0,1011.3555713271824,3.5087719298245608,55,57,2,0,55,57,5709,0,0,0,0,0
2020-08-12,US,Nebraska,Dodge,822,10,0,41.58071748,-96.65598179,31053.0,2248.051415287844,1.2165450121654502,812,820,10,0,810,817,36791,2,0,0,2,3
2020-08-12,US,Nebraska,Douglas,11608,139,0,41.29518299,-96.15085305,31055.0,2031.7611455436206,1.1974500344589938,11469,11532,136,0,11396,11354,566880,76,3,0,73,178
2020-08-12,US,Nebraska,Dundy,1,0,0,40.17638677,-101.6876522,31057.0,59.06674542232722,0.0,1,1,0,0,1,1,1770,0,0,0,0,0
2020-08-12,US,Nebraska,Fillmore,27,1,0,40.52458567,-97.59646937,31059.0,494.3244232881729,3.703703703703704,26,24,1,0,23,24,5527,3,0,0,3,0
2020-08-12,US,Nebraska,Franklin,13,0,0,40.17636348,-98.95299073,31061.0,436.38804968110105,0.0,13,13,0,0,13,12,3023,0,0,0,0,1
2020-08-12,US,Nebraska,Frontier,3,0,0,40.52993007,-100.3924658,31063.0,114.19870574800152,0.0,3,3,0,0,3,3,2608,0,0,0,0,0
2020-08-12,US,Nebraska,Furnas,15,1,0,40.17642064,-99.91247454,31065.0,320.786997433704,6.666666666666668,14,15,1,0,14,15,4715,0,0,0,0,0
2020-08-12,US,Nebraska,Gage,93,4,0,40.26186809,-96.68946704,31067.0,432.2967508018408,4.301075268817204,89,90,4,0,86,90,21493,3,0,0,3,0
2020-08-12,US,Nebraska,Garden,4,0,0,41.61703149,-102.3313973,31069.0,217.74632553075668,0.0,4,4,0,0,4,4,1897,0,0,0,0,0
2020-08-12,US,Nebraska,Garfield,4,0,0,41.91428955,-98.99111827,31071.0,203.14880650076182,0.0,4,4,0,0,4,4,1987,0,0,0,0,0
2020-08-12,US,Nebraska,Gosper,19,0,0,40.51481965,-99.83020279,31073.0,954.7738693467336,0.0,19,19,0,0,19,19,1996,0,0,0,0,0
2020-08-12,US,Nebraska,Greeley,10,0,0,41.56742671,-98.52150266,31077.0,424.44821731748726,0.0,10,10,0,0,10,10,2356,0,0,0,0,0
2020-08-12,US,Nebraska,Hall,1755,45,0,40.87257079,-98.50218293,31079.0,2860.495819275341,2.5641025641025643,1710,1750,45,0,1705,1746,61607,5,0,0,5,4
2020-08-12,US,Nebraska,Hamilton,100,12,0,40.87349452,-98.02099117,31081.0,1072.5010725010725,12.0,88,100,12,0,88,100,9280,0,0,0,0,0
2020-08-12,US,Nebraska,Harlan,1,0,0,40.17658508,-99.40438879,31083.0,29.58579881656805,0.0,1,1,0,0,1,1,3401,0,0,0,0,0
2020-08-12,US,Nebraska,Hitchcock,1,0,0,40.17609175,-101.04164770000001,31087.0,36.205648081100655,0.0,1,1,0,0,1,1,2806,0,0,0,0,0
2020-08-12,US,Nebraska,Holt,13,0,0,42.45522056,-98.78402558,31089.0,129.1347968610311,0.0,13,13,0,0,13,13,10178,0,0,0,0,0
2020-08-12,US,Nebraska,Hooker,4,0,0,41.91586243,-101.1354293,31091.0,586.5102639296188,0.0,4,4,0,0,4,4,682,0,0,0,0,0
2020-08-12,US,Nebraska,Howard,55,4,0,41.2200529,-98.5166499,31093.0,853.3747090768037,7.272727272727272,51,55,4,0,51,55,6468,0,0,0,0,0
2020-08-12,US,Nebraska,Jefferson,18,0,0,40.17584531,-97.142601,31095.0,255.4640931024695,0.0,18,18,0,0,18,17,7097,0,0,0,0,1
2020-08-12,US,Nebraska,Johnson,14,0,0,40.39257596,-96.26522753,31097.0,276.07966870439753,0.0,14,14,0,0,14,14,5134,0,0,0,0,0
2020-08-12,US,Nebraska,Kearney,62,0,0,40.50663314,-98.94877182,31099.0,954.5804464973056,0.0,62,58,0,0,58,53,6544,4,0,0,4,5
2020-08-12,US,Nebraska,Keith,28,0,0,41.19930341,-101.66201640000001,31101.0,348.51879512073685,0.0,28,23,0,0,23,23,8021,5,0,0,5,0
2020-08-12,US,Nebraska,Kimball,15,0,0,41.19774275,-103.7148131,31105.0,412.9955947136564,0.0,15,15,0,0,15,15,3618,0,0,0,0,0
2020-08-12,US,Nebraska,Knox,35,0,0,42.63758421,-97.89178836,31107.0,420.06721075372064,0.0,35,36,0,0,36,36,8419,-1,0,0,-1,0
2020-08-12,US,Nebraska,Lancaster,3358,19,0,40.78416049,-96.68777155,31109.0,1052.367670563164,0.5658129839189994,3339,3344,17,0,3327,3312,317272,14,2,0,12,32
2020-08-12,US,Nebraska,Lincoln,146,2,0,41.04658298,-100.74753740000001,31111.0,418.1703614595864,1.3698630136986298,144,129,2,0,127,125,35185,17,0,0,17,4
2020-08-12,US,Nebraska,Madison,466,5,0,41.91676024,-97.6005481,31119.0,1327.6731530812845,1.072961373390558,461,463,5,0,458,461,35392,3,0,0,3,2
2020-08-12,US,Nebraska,McPherson,5,0,0,41.56797682,-101.05993620000001,31117.0,1012.1457489878543,0.0,5,5,0,0,5,5,492,0,0,0,0,0
2020-08-12,US,Nebraska,Merrick,63,0,0,41.16624273,-98.0374887,31121.0,812.3791102514508,0.0,63,63,0,0,63,62,7733,0,0,0,0,1
2020-08-12,US,Nebraska,Morrill,63,0,0,41.71711774,-103.0061405,31123.0,1357.1736320551486,0.0,63,59,0,0,59,58,4686,4,0,0,4,1
2020-08-12,US,Nebraska,Nance,9,0,0,41.39750195,-97.99327291,31125.0,255.7544757033248,0.0,9,8,0,0,8,8,3532,1,0,0,1,0
2020-08-12,US,Nebraska,Nemaha,39,0,0,40.38514847,-95.85433992,31127.0,559.3803786574871,0.0,39,34,0,0,34,33,6958,5,0,0,5,1
2020-08-12,US,Nebraska,Nuckolls,5,0,0,40.17637905,-98.04743961,31129.0,120.54001928640308,0.0,5,5,0,0,5,5,4195,0,0,0,0,0
2020-08-12,US,Nebraska,Otoe,56,0,0,40.64843556,-96.13374142,31131.0,349.73769672745436,0.0,56,55,0,0,55,53,15985,1,0,0,1,2
2020-08-12,US,Nebraska,Pawnee,9,0,0,40.13141096,-96.23705437,31133.0,344.4316877152698,0.0,9,9,0,0,9,9,2632,0,0,0,0,0
2020-08-12,US,Nebraska,Perkins,19,7,0,40.85082525,-101.6502942,31135.0,657.2120373573157,36.8421052631579,12,18,7,0,11,18,2929,1,0,0,1,0
2020-08-12,US,Nebraska,Phelps,41,0,0,40.51156033,-99.41461667,31137.0,453.84104494133277,0.0,41,40,0,0,40,40,8996,1,0,0,1,0
2020-08-12,US,Nebraska,Pierce,29,0,0,42.26434853,-97.60122773,31139.0,405.7078903189703,0.0,29,23,0,0,23,21,7142,6,0,0,6,2
2020-08-12,US,Nebraska,Platte,800,3,0,41.57246836,-97.52144359,31141.0,2390.200179265013,0.375,797,799,3,0,796,797,33363,1,0,0,1,2
2020-08-12,US,Nebraska,Polk,27,0,0,41.18813488,-97.56630712,31143.0,517.9359294072511,0.0,27,27,0,0,27,27,5278,0,0,0,0,0
2020-08-12,US,Nebraska,Red Willow,17,0,0,40.17556879999999,-100.476998,31145.0,158.52293920179036,0.0,17,17,0,0,17,17,10726,0,0,0,0,0
2020-08-12,US,Nebraska,Richardson,24,1,0,40.1247415,-95.71755036,31147.0,305.14939605848696,4.166666666666667,23,24,1,0,23,23,7937,0,0,0,0,1
2020-08-12,US,Nebraska,Rock,3,0,0,42.42252217,-99.44832069,31149.0,221.07590272660286,0.0,3,3,0,0,3,3,1360,0,0,0,0,0
2020-08-12,US,Nebraska,Saline,597,2,0,40.52418865,-97.14085859,31151.0,4197.131608548932,0.33500837520938026,595,597,2,0,595,597,14350,0,0,0,0,0
2020-08-12,US,Nebraska,Sarpy,2349,11,0,41.11314181,-96.11156432,31153.0,1254.8345050107907,0.4682843763303534,2338,2323,11,0,2312,2290,184459,26,0,0,26,33
2020-08-12,US,Nebraska,Saunders,165,2,0,41.227810299999994,-96.63773905,31155.0,764.6677171192882,1.2121212121212122,163,167,2,0,165,161,21303,-2,0,0,-2,6
2020-08-12,US,Nebraska,Scotts Bluff,305,6,0,41.85070896,-103.70809859999999,31157.0,856.3086080071872,1.9672131147540983,299,304,6,0,298,301,35989,1,0,0,1,3
2020-08-12,US,Nebraska,Seward,125,1,0,40.87241834,-97.139673,31159.0,723.2122193936589,0.8,124,125,1,0,124,122,17318,0,0,0,0,3
2020-08-12,US,Nebraska,Sheridan,11,0,0,42.50284406,-102.4126613,31161.0,209.6835684330919,0.0,11,11,0,0,11,11,5190,0,0,0,0,0
2020-08-12,US,Nebraska,Sherman,12,0,0,41.22045983,-98.97588642,31163.0,399.8667110963012,0.0,12,11,0,0,11,11,3038,1,0,0,1,0
2020-08-12,US,Nebraska,Sioux,5,0,0,42.48932059,-103.7576544,31165.0,428.8164665523156,0.0,5,5,0,0,5,5,1187,0,0,0,0,0
2020-08-12,US,Nebraska,Stanton,32,0,0,41.9169835,-97.19394708,31167.0,540.5405405405405,0.0,32,33,0,0,33,32,5970,-1,0,0,-1,1
2020-08-12,US,Nebraska,Thayer,27,0,0,40.17626377,-97.59504381,31169.0,539.6761942834298,0.0,27,27,0,0,27,27,5039,0,0,0,0,0
2020-08-12,US,Nebraska,Thomas,2,0,0,41.91358968,-100.5556632,31171.0,277.0083102493075,0.0,2,1,0,0,1,1,720,1,0,0,1,0
2020-08-12,US,Nebraska,Thurston,211,4,0,42.15725356,-96.54157099,31173.0,2920.8194905869323,1.895734597156398,207,211,4,0,207,205,7303,0,0,0,0,6
2020-08-12,US,Nebraska,Unassigned,160,0,0,0.0,0.0,90031.0,0.0,0.0,160,154,0,0,154,155,,6,0,0,6,-1
2020-08-12,US,Nebraska,Valley,11,0,0,41.56730777,-98.98197724,31175.0,264.55026455026456,0.0,11,10,0,0,10,10,4190,1,0,0,1,0
2020-08-12,US,Nebraska,Washington,131,1,0,41.52815707,-96.22019892,31177.0,631.9648801196391,0.7633587786259542,130,130,1,0,129,126,20667,1,0,0,1,4
2020-08-12,US,Nebraska,Wayne,38,0,0,42.20934475,-97.11926964,31179.0,404.90143846563683,0.0,38,38,0,0,38,37,9403,0,0,0,0,1
2020-08-12,US,Nebraska,Webster,10,0,0,40.17642643,-98.50019851,31181.0,286.77946659019216,0.0,10,10,0,0,10,10,3533,0,0,0,0,0
2020-08-12,US,Nebraska,Wheeler,2,0,0,41.91482725,-98.52798941,31183.0,255.4278416347382,0.0,2,1,0,0,1,1,805,1,0,0,1,0
2020-08-12,US,Nebraska,York,87,0,0,40.87272618,-97.59710186,31185.0,636.0114043424227,0.0,87,84,0,0,84,80,13772,3,0,0,3,4
2020-08-12,US,Nevada,Carson City,364,8,0,39.15509045,-119.7480219,32510.0,650.9764646970456,2.1978021978021984,356,357,8,0,349,355,55414,7,0,0,7,2
2020-08-12,US,Nevada,Churchill,69,1,0,39.58105744,-118.3394607,32001.0,277.0083102493075,1.4492753623188406,68,69,1,0,68,69,24440,0,0,0,0,0
2020-08-12,US,Nevada,Clark,50081,842,0,36.21458855,-115.0130241,32003.0,2209.4087699600523,1.681276332341607,49239,49646,828,0,48818,49151,2231647,435,14,0,421,495
2020-08-12,US,Nevada,Douglas,208,1,0,38.912862,-119.61713329999999,32005.0,425.3143850322053,0.4807692307692308,207,206,1,0,205,205,48467,2,0,0,2,1
2020-08-12,US,Nevada,Elko,562,2,0,41.14531606,-115.3577619,32007.0,1064.8376217363295,0.3558718861209965,560,555,2,0,553,553,52460,7,0,0,7,2
2020-08-12,US,Nevada,Eureka,4,0,0,39.98100864,-116.26832040000001,32011.0,197.1414489896501,0.0,4,4,0,0,4,3,2003,0,0,0,0,1
2020-08-12,US,Nevada,Humboldt,104,4,0,41.40692186,-118.11094270000001,32013.0,617.9074327134455,3.8461538461538463,100,104,4,0,100,105,16786,0,0,0,0,-1
2020-08-12,US,Nevada,Lander,51,1,0,39.933223299999995,-117.03970749999999,32015.0,921.9088937093277,1.96078431372549,50,51,1,0,50,51,5575,0,0,0,0,0
2020-08-12,US,Nevada,Lincoln,5,0,0,37.64268459,-114.8790388,32017.0,96.46922631680496,0.0,5,5,0,0,5,5,5201,0,0,0,0,0
2020-08-12,US,Nevada,Lyon,239,6,0,39.01777974,-119.18704790000001,32019.0,415.5798991479744,2.510460251046025,233,235,6,0,229,230,55808,4,0,0,4,5
2020-08-12,US,Nevada,Mineral,11,0,0,38.53841696,-118.4344506,32021.0,244.173140954495,0.0,11,11,0,0,11,11,4514,0,0,0,0,0
2020-08-12,US,Nevada,Nye,408,9,0,38.04264256,-116.47227020000001,32023.0,876.9855770264169,2.2058823529411766,399,408,9,0,399,408,45346,0,0,0,0,0
2020-08-12,US,Nevada,Pershing,14,0,0,40.44003782,-118.40056409999998,32027.0,208.17843866171,0.0,14,14,0,0,14,14,6666,0,0,0,0,0
2020-08-12,US,Nevada,Storey,6,0,0,39.44875482,-119.5250207,32029.0,145.52510308028138,0.0,6,5,0,0,5,5,4029,1,0,0,1,0
2020-08-12,US,Nevada,Washoe,5907,121,0,40.66562265,-119.6631594,32031.0,1252.7596979124912,2.0484171322160147,5786,5835,120,0,5715,5792,465735,72,1,0,71,43
2020-08-12,US,Nevada,White Pine,15,1,0,39.44157041,-114.89996599999999,32033.0,156.5762004175365,6.666666666666668,14,15,1,0,14,15,9475,0,0,0,0,0
2020-08-12,US,New Hampshire,Belknap,117,4,0,43.51637314,-71.41684235,33001.0,190.85525993833903,3.418803418803418,113,115,4,0,111,115,61022,2,0,0,2,0
2020-08-12,US,New Hampshire,Carroll,95,1,0,43.87498583,-71.20430216,33003.0,194.2343079124924,1.0526315789473684,94,94,1,0,93,94,48779,1,0,0,1,0
2020-08-12,US,New Hampshire,Cheshire,103,3,0,42.92015988,-72.25311043,33005.0,135.37490964053362,2.9126213592233015,100,101,3,0,98,99,76493,2,0,0,2,2
2020-08-12,US,New Hampshire,Coos,17,0,0,44.69063265,-71.30633239,33007.0,53.86053290244907,0.0,17,17,0,0,17,17,31589,0,0,0,0,0
2020-08-12,US,New Hampshire,Grafton,105,1,0,43.93779815,-71.82057197,33009.0,116.81463186703158,0.9523809523809524,104,104,1,0,103,103,89786,1,0,0,1,1
2020-08-12,US,New Hampshire,Hillsborough,3872,280,0,42.91537785,-71.7200253,33011.0,928.4815059049216,7.231404958677686,3592,3863,279,0,3584,3855,415247,9,1,0,8,8
2020-08-12,US,New Hampshire,Merrimack,467,21,0,43.29662971,-71.6811573,33013.0,308.47276258165937,4.496788008565312,446,466,21,0,445,466,151132,1,0,0,1,0
2020-08-12,US,New Hampshire,Rockingham,1703,96,0,42.98499744,-71.12883377,33015.0,549.7645019353131,5.637110980622432,1607,1698,96,0,1602,1691,309176,5,0,0,5,7
2020-08-12,US,New Hampshire,Strafford,363,13,0,43.291833000000004,-71.02336013,33017.0,277.8777184937956,3.5812672176308538,350,362,13,0,349,360,130090,1,0,0,1,2
2020-08-12,US,New Hampshire,Sullivan,44,1,0,43.36094111,-72.22203125,33019.0,101.97932600936356,2.272727272727273,43,41,1,0,40,40,43144,3,0,0,3,1
2020-08-12,US,New Hampshire,Unassigned,1,0,0,0.0,0.0,90033.0,0.0,0.0,1,,,,,,,,,,,
2020-08-12,US,New Jersey,Atlantic,3509,252,0,39.47538693,-74.65848483,34001.0,1330.8302044221946,7.1815332003419785,3257,3497,252,0,3245,3469,265429,12,0,0,12,28
2020-08-12,US,New Jersey,Bergen,20899,2036,0,40.96010917,-74.07164325,34003.0,2241.8960697359585,9.74209292310637,18863,20864,2038,0,18826,20825,936692,35,-2,0,37,39
2020-08-12,US,New Jersey,Burlington,6069,473,0,39.87681124,-74.66927768,34005.0,1362.75146009085,7.79370571758115,5596,6042,474,0,5568,6025,445384,27,-1,0,28,17
2020-08-12,US,New Jersey,Camden,8645,579,0,39.80343818,-74.96388753,34007.0,1706.9091813746493,6.697513013302487,8066,8614,580,0,8034,8580,507078,31,-1,0,32,34
2020-08-12,US,New Jersey,Cape May,842,88,0,39.15008829,-74.80170244,34009.0,914.8295831115073,10.451306413301662,754,840,87,0,753,834,92560,2,1,0,1,6
2020-08-12,US,New Jersey,Cumberland,3377,158,0,39.37199394,-75.10712559,34011.0,2258.454994750112,4.6787089132365995,3219,3366,158,0,3208,3348,150972,11,0,0,11,18
2020-08-12,US,New Jersey,Essex,19813,2110,0,40.78681335,-74.24657979,34013.0,2479.802246628493,10.649573512340382,17703,19776,2113,0,17663,19747,799767,37,-3,0,40,29
2020-08-12,US,New Jersey,Gloucester,3310,214,0,39.71581067,-75.13995546,34015.0,1134.9764775267802,6.4652567975830815,3096,3283,213,0,3070,3258,291408,27,1,0,26,25
2020-08-12,US,New Jersey,Hudson,19749,1505,0,40.73766234,-74.07515667,34017.0,2937.130330417867,7.6206390196972,18244,19717,1505,0,18212,19683,676061,32,0,0,32,34
2020-08-12,US,New Jersey,Hunterdon,1150,124,0,40.56335249,-74.91284156,34019.0,924.6528531570864,10.782608695652176,1026,1149,126,0,1023,1149,124714,1,-2,0,3,0
2020-08-12,US,New Jersey,Mercer,8143,621,0,40.28047017,-74.70479631,34021.0,2216.204447105571,7.626181996807072,7522,8139,621,0,7518,8127,369811,4,0,0,4,12
2020-08-12,US,New Jersey,Middlesex,17988,1409,0,40.43629879,-74.41426991,34023.0,2180.1997910460063,7.8329997776295315,16579,17959,1408,0,16551,17932,829685,29,1,0,28,27
2020-08-12,US,New Jersey,Monmouth,10368,856,0,40.26549699,-74.22240686,34025.0,1675.514508035779,8.256172839506172,9512,10348,856,0,9492,10326,621354,20,0,0,20,22
2020-08-12,US,New Jersey,Morris,7286,829,0,40.86095313,-74.54553709999998,34027.0,1481.3609978753464,11.37798517705188,6457,7273,829,0,6444,7261,494228,13,0,0,13,12
2020-08-12,US,New Jersey,Ocean,10652,1020,0,39.8895449,-74.28089251,34029.0,1754.3223987377835,9.575666541494556,9632,10640,1020,0,9620,10603,601651,12,0,0,12,37
2020-08-12,US,New Jersey,Passaic,17748,1242,0,41.03238628,-74.29954144,34031.0,3536.684029922723,6.9979716024340775,16506,17705,1242,0,16463,17665,503310,43,0,0,43,40
2020-08-12,US,New Jersey,Salem,907,87,0,39.58719656,-75.34696629999998,34033.0,1453.8751302396408,9.592061742006617,820,906,87,0,819,898,62607,1,0,0,1,8
2020-08-12,US,New Jersey,Somerset,5275,564,0,40.56465737,-74.61683016,34035.0,1603.6651729526288,10.691943127962086,4711,5265,562,0,4703,5253,331164,10,2,0,8,12
2020-08-12,US,New Jersey,Sussex,1341,198,0,41.13891592,-74.69118243,34037.0,954.529924263994,14.76510067114094,1143,1336,198,0,1138,1333,140799,5,0,0,5,3
2020-08-12,US,New Jersey,Unassigned,740,0,0,0.0,0.0,90034.0,0.0,0.0,740,660,0,0,660,645,,80,0,0,80,15
2020-08-12,US,New Jersey,Union,16780,1348,0,40.65835409,-74.30680092,34039.0,3016.135787224023,8.03337306317044,15432,16749,1349,0,15400,16725,558067,31,-1,0,32,24
2020-08-12,US,New Jersey,Warren,1347,172,0,40.85951833,-74.99556527,34041.0,1279.6032944797514,12.769116555308091,1175,1347,172,0,1175,1345,105779,0,0,0,0,2
2020-08-12,US,New Mexico,Bernalillo,5226,134,0,35.05163625,-106.6703554,35001.0,769.5241348743449,2.5641025641025643,5092,5196,134,0,5062,5161,678701,30,0,0,30,35
2020-08-12,US,New Mexico,Catron,5,1,0,33.91514144,-108.4046587,35003.0,141.7635384179189,20.0,4,5,1,0,4,5,3578,0,0,0,0,0
2020-08-12,US,New Mexico,Chaves,485,6,0,33.36406072,-104.4665365,35005.0,750.5997059506308,1.2371134020618555,479,475,6,0,469,462,64689,10,0,0,10,13
2020-08-12,US,New Mexico,Cibola,371,18,0,34.91131525,-107.998876,35006.0,1390.8153701968133,4.851752021563343,353,371,18,0,353,369,26746,0,0,0,0,2
2020-08-12,US,New Mexico,Colfax,18,1,0,36.60569702,-104.64726740000002,35007.0,150.74114395779247,5.5555555555555545,17,18,1,0,17,18,12110,0,0,0,0,0
2020-08-12,US,New Mexico,Curry,569,2,0,34.57421077,-103.34688759999999,35009.0,1162.3156432569353,0.351493848857645,567,564,2,0,562,558,49437,5,0,0,5,6
2020-08-12,US,New Mexico,Dona Ana,2554,31,0,32.35275771,-106.83293870000001,35013.0,1170.512614862852,1.2137823022709475,2523,2517,31,0,2486,2466,217522,37,0,0,37,51
2020-08-12,US,New Mexico,Eddy,336,4,0,32.47167456,-104.3053527,35015.0,574.7519671570304,1.1904761904761905,332,318,4,0,314,306,57900,18,0,0,18,12
2020-08-12,US,New Mexico,Grant,71,2,0,32.73911281,-108.3827845,35017.0,262.98244314393656,2.8169014084507036,69,71,2,0,69,71,27346,0,0,0,0,0
2020-08-12,US,New Mexico,Guadalupe,32,0,0,34.86319296,-104.790669,35019.0,744.1860465116278,0.0,32,32,0,0,32,31,4341,0,0,0,0,1
2020-08-12,US,New Mexico,Harding,1,0,0,35.85751555,-103.82209379999999,35021.0,160.0,0.0,1,1,0,0,1,1,655,0,0,0,0,0
2020-08-12,US,New Mexico,Hidalgo,90,0,0,31.91383467,-108.7151824,35023.0,2143.8780371605526,0.0,90,90,0,0,90,90,4240,0,0,0,0,0
2020-08-12,US,New Mexico,Lea,863,5,0,32.79215361,-103.4123733,35025.0,1214.2957647389896,0.5793742757821553,858,830,5,0,825,798,69611,33,0,0,33,32
2020-08-12,US,New Mexico,Lincoln,130,2,0,33.74526079,-105.4586166,35027.0,664.2141835274882,1.5384615384615383,128,130,2,0,128,128,19556,0,0,0,0,2
2020-08-12,US,New Mexico,Los Alamos,24,0,0,35.86631386,-106.31349850000001,35028.0,123.90933966647735,0.0,24,23,0,0,23,23,19101,1,0,0,1,0
2020-08-12,US,New Mexico,Luna,254,5,0,32.18179341,-107.75088259999998,35029.0,1071.3231262389806,1.9685039370078738,249,255,5,0,250,254,23963,-1,0,0,-1,1
2020-08-12,US,New Mexico,McKinley,4077,229,0,35.58007720000001,-108.262245,35031.0,5712.724368405567,5.616875153298994,3848,4067,227,0,3840,4057,72290,10,2,0,8,10
2020-08-12,US,New Mexico,Mora,6,0,0,36.01095101,-104.9497716,35033.0,132.71400132713998,0.0,6,6,0,0,6,6,4506,0,0,0,0,0
2020-08-12,US,New Mexico,Otero,204,10,0,32.61348406,-105.7417604,35035.0,302.2670025188917,4.901960784313727,194,203,10,0,193,203,66781,1,0,0,1,0
2020-08-12,US,New Mexico,Quay,37,1,0,35.10403332,-103.54817270000001,35037.0,448.3218223676239,2.702702702702702,36,34,1,0,33,34,8253,3,0,0,3,0
2020-08-12,US,New Mexico,Rio Arriba,319,7,0,36.51072137,-106.69316740000001,35039.0,819.6089514657898,2.19435736677116,312,318,7,0,311,318,39006,1,0,0,1,0
2020-08-12,US,New Mexico,Roosevelt,168,1,0,34.02097406,-103.4799493,35041.0,908.108108108108,0.5952380952380952,167,167,1,0,166,166,18743,1,0,0,1,1
2020-08-12,US,New Mexico,San Juan,3069,185,0,36.50838318,-108.32043700000001,35045.0,2475.8385904903275,6.028022157054415,2884,3064,185,0,2879,3047,125043,5,0,0,5,17
2020-08-12,US,New Mexico,San Miguel,46,0,0,35.48014807,-104.8163562,35047.0,168.64024636140337,0.0,46,45,0,0,45,44,27591,1,0,0,1,1
2020-08-12,US,New Mexico,Sandoval,1146,33,0,35.68862401,-106.86878030000001,35043.0,780.9305748630305,2.8795811518324608,1113,1142,33,0,1109,1137,145179,4,0,0,4,5
2020-08-12,US,New Mexico,Santa Fe,660,3,0,35.50708973,-105.9774716,35049.0,438.9523670173852,0.4545454545454545,657,658,3,0,655,654,150056,2,0,0,2,4
2020-08-12,US,New Mexico,Sierra,32,1,0,33.13028233,-107.1925893,35051.0,296.54341580947084,3.125,31,32,1,0,31,32,10968,0,0,0,0,0
2020-08-12,US,New Mexico,Socorro,75,6,0,34.00715494,-106.9298354,35053.0,450.8024283224138,8.0,69,75,6,0,69,75,16735,0,0,0,0,0
2020-08-12,US,New Mexico,Taos,112,1,0,36.58006022,-105.63101979999999,35055.0,342.2669070684228,0.8928571428571429,111,109,1,0,108,109,32835,3,0,0,3,0
2020-08-12,US,New Mexico,Torrance,61,1,0,34.64048375,-105.8508949,35057.0,394.5411034215122,1.639344262295082,60,61,1,0,60,61,15591,0,0,0,0,0
2020-08-12,US,New Mexico,Unassigned,1304,0,0,0.0,0.0,90035.0,0.0,0.0,1304,1304,0,0,1304,1302,,0,0,0,0,2
2020-08-12,US,New Mexico,Union,30,2,0,36.48126404,-103.4709624,35059.0,739.09830007391,6.666666666666668,28,30,2,0,28,30,4118,0,0,0,0,0
2020-08-12,US,New Mexico,Valencia,441,4,0,34.71669834,-106.8103733,35061.0,575.0573753390361,0.90702947845805,437,432,4,0,428,428,76456,9,0,0,9,4
2020-08-12,US,New York,Albany,2624,128,0,42.60060306,-73.97723916,36001.0,858.9029348032443,4.878048780487805,2496,2614,128,0,2486,2600,307117,10,0,0,10,14
2020-08-12,US,New York,Allegany,80,1,0,42.25748406,-78.02750466,36003.0,173.56967737736218,1.25,79,80,1,0,79,80,46430,0,0,0,0,0
2020-08-12,US,New York,Broome,1150,69,0,42.15903158,-75.81326086,36007.0,603.7125698206712,6.0,1081,1143,69,0,1074,1131,191659,7,0,0,7,12
2020-08-12,US,New York,Cattaraugus,168,6,0,42.24778241,-78.67923096,36009.0,220.71284995467502,3.571428571428572,162,168,6,0,162,166,76840,0,0,0,0,2
2020-08-12,US,New York,Cayuga,161,2,0,42.91261714,-76.55731592,36011.0,210.24864187212702,1.2422360248447204,159,157,2,0,155,152,77145,4,0,0,4,5
2020-08-12,US,New York,Chautauqua,258,9,0,42.22769210000001,-79.36691763,36013.0,203.30488640930474,3.4883720930232562,249,258,9,0,249,257,127939,0,0,0,0,1
2020-08-12,US,New York,Chemung,177,3,0,42.13891056,-76.7638805,36015.0,212.08780674846625,1.6949152542372878,174,176,3,0,173,172,84254,1,0,0,1,4
2020-08-12,US,New York,Chenango,218,6,0,42.49430041,-75.60887553,36017.0,461.79592009659586,2.7522935779816518,212,218,6,0,212,216,47536,0,0,0,0,2
2020-08-12,US,New York,Clinton,129,4,0,44.74530905,-73.67875352,36019.0,160.27831272907994,3.1007751937984502,125,129,4,0,125,128,80695,0,0,0,0,1
2020-08-12,US,New York,Columbia,548,37,0,42.24819348,-73.63089095,36021.0,921.612485494694,6.751824817518247,511,546,37,0,509,541,59916,2,0,0,2,5
2020-08-12,US,New York,Cortland,96,0,0,42.59509207,-76.07048931,36023.0,201.76120720455643,0.0,96,95,0,0,95,95,47823,1,0,0,1,0
2020-08-12,US,New York,Delaware,106,4,0,42.19837623,-74.96709306,36025.0,240.1721989350856,3.7735849056603774,102,106,4,0,102,105,44527,0,0,0,0,1
2020-08-12,US,New York,Dutchess,4631,153,0,41.76486060000001,-73.74356679,36027.0,1574.0029501933939,3.3038220686676745,4478,4619,153,0,4466,4613,293718,12,0,0,12,6
2020-08-12,US,New York,Erie,9013,671,0,42.76249024,-78.73063652,36029.0,981.0580579992206,7.444801952734938,8342,8987,671,0,8316,8918,919719,26,0,0,26,69
2020-08-12,US,New York,Essex,56,0,0,44.11630765,-73.77297842,36031.0,151.8232343771181,0.0,56,56,0,0,56,55,37300,0,0,0,0,1
2020-08-12,US,New York,Franklin,54,0,0,44.59040891,-74.29926032,36033.0,107.95250089960415,0.0,54,54,0,0,54,54,50293,0,0,0,0,0
2020-08-12,US,New York,Fulton,299,24,0,43.11363907,-74.41798804,36035.0,560.1034037052996,8.02675585284281,275,297,24,0,273,297,53591,2,0,0,2,0
2020-08-12,US,New York,Genesee,280,5,0,43.0022601,-78.19135193,36037.0,488.8268156424581,1.7857142857142858,275,279,5,0,274,277,57511,1,0,0,1,2
2020-08-12,US,New York,Greene,295,18,0,42.275797,-74.12384884,36039.0,625.1589387132321,6.101694915254238,277,294,18,0,276,293,47491,1,0,0,1,1
2020-08-12,US,New York,Hamilton,8,0,0,43.66146647,-74.49721957,36041.0,181.15942028985503,0.0,8,8,0,0,8,8,4434,0,0,0,0,0
2020-08-12,US,New York,Herkimer,277,4,0,43.42034246,-74.96145307,36043.0,451.7360035225623,1.444043321299639,273,277,4,0,273,274,61833,0,0,0,0,3
2020-08-12,US,New York,Jefferson,142,0,0,44.04200959,-75.94653457,36045.0,129.28601343846168,0.0,142,142,0,0,142,142,111755,0,0,0,0,0
2020-08-12,US,New York,Lewis,46,0,0,43.784415700000004,-75.44903992,36049.0,174.93154852449035,0.0,46,45,0,0,45,41,26447,1,0,0,1,4
2020-08-12,US,New York,Livingston,176,8,0,42.72596275,-77.77966158,36051.0,279.7469561623804,4.545454545454546,168,176,8,0,168,176,63227,0,0,0,0,0
2020-08-12,US,New York,Madison,414,17,0,42.91653905,-75.67266639,36053.0,583.5835412525903,4.106280193236715,397,413,17,0,396,412,70795,1,0,0,1,1
2020-08-12,US,New York,Monroe,5035,285,0,43.14638895,-77.69322942,36055.0,678.7818326435417,5.660377358490566,4750,5002,285,0,4717,4976,742474,33,0,0,33,26
2020-08-12,US,New York,Montgomery,177,4,0,42.90123494,-74.44011632,36057.0,359.6026086426525,2.2598870056497176,173,177,4,0,173,177,49455,0,0,0,0,0
2020-08-12,US,New York,Nassau,43761,2195,0,40.74066522,-73.58941873,36059.0,3225.014812915093,5.015881721167251,41566,43724,2195,0,41529,43690,1358343,37,0,0,37,34
2020-08-12,US,New York,New York City,228729,23602,0,40.76727260000001,-73.97152637,36061.0,2743.6010650107833,10.318761503788325,205127,228343,23592,0,204751,228069,1628701,386,10,0,376,274
2020-08-12,US,New York,Niagara,1514,98,0,43.19898042,-78.74777412,36063.0,723.429264959552,6.4729194187582575,1416,1512,98,0,1414,1500,210433,2,0,0,2,12
2020-08-12,US,New York,Oneida,2180,115,0,43.24375382,-75.43710392,36065.0,953.3347035697574,5.275229357798165,2065,2175,115,0,2060,2150,229577,5,0,0,5,25
2020-08-12,US,New York,Onondaga,3613,200,0,43.00491923,-76.19971155,36067.0,784.5342737032277,5.535566011624688,3413,3602,200,0,3402,3585,461809,11,0,0,11,17
2020-08-12,US,New York,Ontario,363,34,0,42.85145728,-77.30874425,36069.0,330.67035900051917,9.366391184573002,329,362,34,0,328,361,109864,1,0,0,1,1
2020-08-12,US,New York,Orange,11191,491,0,41.40337468,-74.30240757,36071.0,2907.20631786772,4.3874542042712905,10700,11180,491,0,10689,11168,381951,11,0,0,11,12
2020-08-12,US,New York,Orleans,298,54,0,43.2516977,-78.2320066,36073.0,738.5011895321173,18.12080536912752,244,298,54,0,244,298,40612,0,0,0,0,0
2020-08-12,US,New York,Oswego,257,3,0,43.42778894,-76.14635194,36075.0,219.42556606673267,1.1673151750972763,254,255,3,0,252,253,117898,2,0,0,2,2
2020-08-12,US,New York,Otsego,118,5,0,42.63492579,-75.03151402,36077.0,198.342662161935,4.2372881355932215,113,118,5,0,113,116,59749,0,0,0,0,2
2020-08-12,US,New York,Putnam,1450,63,0,41.42630093,-73.74965532,36079.0,1474.7762408462165,4.344827586206897,1387,1449,63,0,1386,1449,98892,1,0,0,1,0
2020-08-12,US,New York,Rensselaer,780,30,0,42.71348136,-73.51089874,36083.0,491.4500296130146,3.8461538461538463,750,770,30,0,740,766,159442,10,0,0,10,4
2020-08-12,US,New York,Rockland,13966,674,0,41.15027894,-74.02560498,36087.0,4286.823680357532,4.826006014606903,13292,13954,674,0,13280,13949,325695,12,0,0,12,5
2020-08-12,US,New York,Saratoga,768,17,0,43.10904162,-73.86653895,36091.0,334.11205805197017,2.2135416666666665,751,767,17,0,750,760,230163,1,0,0,1,7
2020-08-12,US,New York,Schenectady,1079,37,0,42.81668777,-74.05278291,36093.0,694.7887623230027,3.429101019462465,1042,1075,37,0,1038,1060,155350,4,0,0,4,15
2020-08-12,US,New York,Schoharie,69,0,0,42.58831742,-74.44339029999998,36095.0,222.58782541372295,0.0,69,69,0,0,69,69,31097,0,0,0,0,0
2020-08-12,US,New York,Schuyler,22,0,0,42.39184015,-76.8773299,36097.0,123.54691975065985,0.0,22,22,0,0,22,22,17912,0,0,0,0,0
2020-08-12,US,New York,Seneca,91,3,0,42.78081007,-76.82497064,36099.0,267.5211665098777,3.2967032967032965,88,91,3,0,88,90,34300,0,0,0,0,1
2020-08-12,US,New York,St. Lawrence,263,4,0,44.4976179,-75.06550039,36089.0,244.10618154817158,1.520912547528517,259,263,4,0,259,263,108047,0,0,0,0,0
2020-08-12,US,New York,Steuben,300,42,0,42.2689144,-77.3829924,36101.0,314.534645991256,14.0,258,300,42,0,258,298,95796,0,0,0,0,2
2020-08-12,US,New York,Suffolk,43948,1998,0,40.88320119,-72.8012172,36103.0,2976.2948826392512,4.546281969600437,41950,43893,1998,0,41895,43844,1481093,55,0,0,55,49
2020-08-12,US,New York,Sullivan,1491,48,0,41.71579493,-74.76394559,36105.0,1976.6146993318484,3.2193158953722336,1443,1490,48,0,1442,1489,75498,1,0,0,1,1
2020-08-12,US,New York,Tioga,194,25,0,42.16852837,-76.30835812,36107.0,402.4645768935544,12.88659793814433,169,194,25,0,169,193,48560,0,0,0,0,1
2020-08-12,US,New York,Tompkins,234,0,0,42.44945765,-76.47229843,36109.0,229.00763358778633,0.0,234,234,0,0,234,234,102793,0,0,0,0,0
2020-08-12,US,New York,Ulster,2077,92,0,41.89027881,-74.26252104,36111.0,1169.6598018842956,4.429465575349061,1985,2076,92,0,1984,2072,178599,1,0,0,1,4
2020-08-12,US,New York,Warren,312,33,0,43.56173026,-73.8433699,36113.0,487.9269360690605,10.576923076923077,279,312,33,0,279,312,64265,0,0,0,0,0
2020-08-12,US,New York,Washington,260,14,0,43.31153794,-73.43043448,36115.0,424.8088360237893,5.384615384615384,246,260,14,0,246,260,61197,0,0,0,0,0
2020-08-12,US,New York,Wayne,258,3,0,43.15494365,-77.02976528,36117.0,286.9280900375898,1.162790697674419,255,252,3,0,249,252,90064,6,0,0,6,0
2020-08-12,US,New York,Westchester,36324,1447,0,41.16278376,-73.75741653,36119.0,3754.3953215794013,3.983592115405792,34877,36272,1447,0,34825,36233,967612,52,0,0,52,39
2020-08-12,US,New York,Wyoming,118,5,0,42.70145109,-78.22199579,36121.0,296.04355352617983,4.2372881355932215,113,118,5,0,113,118,40085,0,0,0,0,0
2020-08-12,US,New York,Yates,57,7,0,42.63505484,-77.10369919,36123.0,228.79621081363143,12.280701754385964,50,57,7,0,50,57,24841,0,0,0,0,0
2020-08-12,US,North Carolina,Alamance,2526,41,0,36.0434701,-79.39976137,37001.0,1490.1863617861,1.6231195566112433,2485,2496,41,0,2455,2472,166436,30,0,0,30,24
2020-08-12,US,North Carolina,Alexander,314,2,0,35.922379600000006,-81.17751948,37003.0,837.4003253593622,0.6369426751592356,312,312,2,0,310,303,37353,2,0,0,2,9
2020-08-12,US,North Carolina,Alleghany,170,0,0,36.49360862,-81.12857041,37005.0,1526.443386908503,0.0,170,169,0,0,169,169,11161,1,0,0,1,0
2020-08-12,US,North Carolina,Anson,339,3,0,34.97403241,-80.09953279,37007.0,1386.7299353677492,0.8849557522123894,336,332,3,0,329,328,24877,7,0,0,7,4
2020-08-12,US,North Carolina,Ashe,166,1,0,36.43296207,-81.49862729,37009.0,610.2268132191302,0.6024096385542169,165,165,1,0,164,158,27109,1,0,0,1,7
2020-08-12,US,North Carolina,Avery,109,0,0,36.07569796,-81.92308483,37011.0,620.8349945890527,0.0,109,109,0,0,109,109,17505,0,0,0,0,0
2020-08-12,US,North Carolina,Beaufort,437,2,0,35.48531943,-76.84325809,37013.0,929.9059454398434,0.4576659038901602,435,437,2,0,435,428,47079,0,0,0,0,9
2020-08-12,US,North Carolina,Bertie,287,5,0,36.0688473,-76.96545943,37015.0,1514.751675727028,1.7421602787456445,282,280,5,0,275,275,19026,7,0,0,7,5
2020-08-12,US,North Carolina,Bladen,627,7,0,34.61296243,-78.56180059,37017.0,1916.1420451072672,1.116427432216906,620,626,7,0,619,625,33190,1,0,0,1,1
2020-08-12,US,North Carolina,Brunswick,1273,22,0,34.070565,-78.22814204,37019.0,891.331746254026,1.7282010997643362,1251,1260,22,0,1238,1259,136744,13,0,0,13,1
2020-08-12,US,North Carolina,Buncombe,1929,50,0,35.61113393,-82.53305,37021.0,738.539995635378,2.592016588906169,1879,1905,49,0,1856,1898,259103,24,1,0,23,7
2020-08-12,US,North Carolina,Burke,1776,28,0,35.74989637,-81.70755735,37023.0,1962.7562579433054,1.576576576576577,1748,1776,28,0,1748,1763,90382,0,0,0,0,13
2020-08-12,US,North Carolina,Cabarrus,2681,50,0,35.3877799,-80.55267168,37025.0,1238.6060715259202,1.8649757553151811,2631,2655,50,0,2605,2630,211342,26,0,0,26,25
2020-08-12,US,North Carolina,Caldwell,1234,16,0,35.95204977,-81.54799522,37027.0,1501.6184380247753,1.2965964343598055,1218,1227,16,0,1211,1215,82029,7,0,0,7,12
2020-08-12,US,North Carolina,Camden,75,2,0,36.33804939,-76.15568396,37029.0,690.1628784393117,2.6666666666666665,73,73,2,0,71,73,10710,2,0,0,2,0
2020-08-12,US,North Carolina,Carteret,376,6,0,34.8932941,-76.54120135,37031.0,541.2174513839908,1.5957446808510638,370,376,6,0,370,376,69524,0,0,0,0,0
2020-08-12,US,North Carolina,Caswell,196,2,0,36.39312665,-79.33353281,37033.0,867.1031675809593,1.020408163265306,194,196,2,0,194,196,22698,0,0,0,0,0
2020-08-12,US,North Carolina,Catawba,2180,30,0,35.66211129,-81.2132617,37035.0,1366.3342755607925,1.3761467889908257,2150,2161,30,0,2131,2123,158652,19,0,0,19,38
2020-08-12,US,North Carolina,Chatham,1308,55,0,35.70394416,-79.25541492,37037.0,1756.411977977709,4.204892966360856,1253,1305,55,0,1250,1305,73139,3,0,0,3,0
2020-08-12,US,North Carolina,Cherokee,296,4,0,35.1349263,-84.05970864,37039.0,1034.5309660282398,1.351351351351351,292,296,4,0,292,290,28383,0,0,0,0,6
2020-08-12,US,North Carolina,Chowan,158,2,0,36.12908077,-76.60118385,37041.0,1133.1851108082908,1.2658227848101269,156,158,2,0,156,157,14029,0,0,0,0,1
2020-08-12,US,North Carolina,Clay,76,0,0,35.05704275,-83.74353633,37043.0,676.6984240049862,0.0,76,76,0,0,76,76,11139,0,0,0,0,0
2020-08-12,US,North Carolina,Cleveland,1217,22,0,35.33553364,-81.55204486,37045.0,1242.5087036866878,1.80772391125719,1195,1208,22,0,1186,1193,97645,9,0,0,9,15
2020-08-12,US,North Carolina,Columbus,931,48,0,34.26744084,-78.65801424,37047.0,1677.2357137709878,5.155746509129968,883,918,48,0,870,907,55655,13,0,0,13,11
2020-08-12,US,North Carolina,Craven,753,15,0,35.11833364,-77.08398081,37049.0,737.2306366813852,1.99203187250996,738,753,15,0,738,753,102912,0,0,0,0,0
2020-08-12,US,North Carolina,Cumberland,3286,54,0,35.04762133,-78.82623165,37051.0,979.4074078489696,1.6433353621424225,3232,3286,51,0,3235,3162,332330,0,3,0,-3,124
2020-08-12,US,North Carolina,Currituck,77,0,0,36.36123664,-75.95876401,37053.0,277.3475488960126,0.0,77,73,0,0,73,73,27072,4,0,0,4,0
2020-08-12,US,North Carolina,Dare,210,2,0,35.66520691,-75.71767334,37055.0,567.4295441649327,0.9523809523809524,208,210,2,0,208,210,36501,0,0,0,0,0
2020-08-12,US,North Carolina,Davidson,1817,18,0,35.79115496,-80.21256572,37057.0,1084.0706644631257,0.9906439185470556,1799,1797,18,0,1779,1793,166614,20,0,0,20,4
2020-08-12,US,North Carolina,Davie,431,7,0,35.93099927,-80.54496571,37059.0,1005.9282080007467,1.6241299303944317,424,431,7,0,424,431,42733,0,0,0,0,0
2020-08-12,US,North Carolina,Duplin,2015,48,0,34.93449805,-77.93140529,37061.0,3430.312728758448,2.3821339950372207,1967,2016,48,0,1968,2015,58856,-1,0,0,-1,1
2020-08-12,US,North Carolina,Durham,6231,80,0,36.03638492,-78.87608331,37063.0,1938.1749863136413,1.2839030653185683,6151,6221,80,0,6141,6200,316739,10,0,0,10,21
2020-08-12,US,North Carolina,Edgecombe,672,13,0,35.91230639,-77.59436892,37065.0,1305.5641902393536,1.934523809523809,659,664,13,0,651,656,52005,8,0,0,8,8
2020-08-12,US,North Carolina,Forsyth,5381,53,0,36.12859861,-80.25459052,37067.0,1407.5517597666724,0.9849470358669392,5328,5317,52,0,5265,5286,379099,64,1,0,63,31
2020-08-12,US,North Carolina,Franklin,891,26,0,36.081519,-78.28708884,37069.0,1278.6108918705604,2.9180695847362514,865,872,26,0,846,871,67560,19,0,0,19,1
2020-08-12,US,North Carolina,Gaston,3392,55,0,35.29373559,-81.17477045,37071.0,1510.7179918852353,1.6214622641509433,3337,3358,52,0,3306,3339,222846,34,3,0,31,19
2020-08-12,US,North Carolina,Gates,47,2,0,36.44667547,-76.69749701,37073.0,406.5040650406504,4.25531914893617,45,45,2,0,43,46,11573,2,0,0,2,-1
2020-08-12,US,North Carolina,Graham,43,0,0,35.3506925,-83.83369267,37075.0,509.418315365478,0.0,43,40,0,0,40,39,8484,3,0,0,3,1
2020-08-12,US,North Carolina,Granville,1278,29,0,36.30337451,-78.65184241,37077.0,2114.388762966762,2.269170579029734,1249,1262,29,0,1233,1247,60115,16,0,0,16,15
2020-08-12,US,North Carolina,Greene,333,3,0,35.48544173,-77.67578087,37079.0,1580.5211448099105,0.9009009009009008,330,332,3,0,329,331,21012,1,0,0,1,1
2020-08-12,US,North Carolina,Guilford,5753,156,0,36.07959451,-79.78824948,37081.0,1070.9751402711227,2.711628715452808,5597,5704,156,0,5548,5670,533670,49,0,0,49,34
2020-08-12,US,North Carolina,Halifax,721,6,0,36.25669272,-77.6556109,37083.0,1441.7116576684664,0.8321775312066574,715,715,6,0,709,705,50574,6,0,0,6,10
2020-08-12,US,North Carolina,Harnett,1337,40,0,35.36731853,-78.87243571,37085.0,983.2617520738954,2.9917726252804786,1297,1318,39,0,1279,1303,134214,19,1,0,18,15
2020-08-12,US,North Carolina,Haywood,441,15,0,35.55269063,-82.98196486,37087.0,707.6720638028146,3.4013605442176873,426,438,14,0,424,435,61971,3,1,0,2,3
2020-08-12,US,North Carolina,Henderson,1505,55,0,35.33788927,-82.4766782,37089.0,1281.7564747864446,3.6544850498338866,1450,1495,54,0,1441,1490,116748,10,1,0,9,5
2020-08-12,US,North Carolina,Hertford,358,11,0,36.3607755,-76.98104134,37091.0,1512.015880390252,3.0726256983240225,347,353,11,0,342,349,23659,5,0,0,5,4
2020-08-12,US,North Carolina,Hoke,738,11,0,35.01888303,-79.23651674,37093.0,1336.1335409349315,1.4905149051490514,727,726,11,0,715,720,54764,12,0,0,12,6
2020-08-12,US,North Carolina,Hyde,46,0,0,35.42017674,-76.15180542,37095.0,931.7399230301803,0.0,46,47,0,0,47,45,5230,-1,0,0,-1,2
2020-08-12,US,North Carolina,Iredell,1905,18,0,35.80950511,-80.8743128,37097.0,1047.820203953665,0.9448818897637796,1887,1905,18,0,1887,1905,178435,0,0,0,0,0
2020-08-12,US,North Carolina,Jackson,457,7,0,35.28814273,-83.14093385,37099.0,1040.1019618553416,1.5317286652078774,450,457,7,0,450,451,43327,0,0,0,0,6
2020-08-12,US,North Carolina,Johnston,3357,46,0,35.51745004,-78.36622717,37101.0,1603.6190103134152,1.3702710753649092,3311,3334,46,0,3288,3315,202675,23,0,0,23,19
2020-08-12,US,North Carolina,Jones,99,8,0,35.02254606,-77.35870791,37103.0,1051.066992249708,8.080808080808081,91,99,8,0,91,93,9637,0,0,0,0,6
2020-08-12,US,North Carolina,Lee,1306,11,0,35.47623147,-79.17569362,37105.0,2113.986953495524,0.8422664624808576,1295,1302,11,0,1291,1296,61452,4,0,0,4,6
2020-08-12,US,North Carolina,Lenoir,599,12,0,35.24032589999999,-77.64245615,37107.0,1070.6178841444887,2.003338898163606,587,599,12,0,587,599,55976,0,0,0,0,0
2020-08-12,US,North Carolina,Lincoln,869,10,0,35.48508185,-81.21740317,37109.0,1009.1625924678611,1.150747986191024,859,858,9,0,849,850,83770,11,1,0,10,8
2020-08-12,US,North Carolina,Macon,480,4,0,35.14867843,-83.41696617,37113.0,1338.6134195995317,0.8333333333333334,476,480,4,0,476,470,35285,0,0,0,0,10
2020-08-12,US,North Carolina,Madison,49,0,0,35.85402722,-82.71346418,37115.0,225.23557802803955,0.0,49,45,0,0,45,45,21763,4,0,0,4,0
2020-08-12,US,North Carolina,Martin,268,6,0,35.84326734,-77.10860251,37117.0,1194.295900178253,2.238805970149253,262,268,6,0,262,261,22671,0,0,0,0,7
2020-08-12,US,North Carolina,McDowell,690,16,0,35.67736232,-82.0482425,37111.0,1507.9989509572515,2.318840579710145,674,693,14,0,679,683,45507,-3,2,0,-5,10
2020-08-12,US,North Carolina,Mecklenburg,22612,243,0,35.24469268,-80.8317671,37119.0,2036.4639809214345,1.0746506279851409,22369,22462,233,0,22229,22315,1093901,150,10,0,140,147
2020-08-12,US,North Carolina,Mitchell,120,3,0,36.01059309,-82.1582442,37121.0,801.924619085806,2.5,117,120,3,0,117,120,15000,0,0,0,0,0
2020-08-12,US,North Carolina,Montgomery,740,14,0,35.33155144,-79.90416657,37123.0,2723.291502594487,1.891891891891892,726,740,14,0,726,647,27271,0,0,0,0,93
2020-08-12,US,North Carolina,Moore,1031,20,0,35.30885257,-79.48474178,37125.0,1022.0063441712928,1.939864209505335,1011,1021,20,0,1001,1018,98682,10,0,0,10,3
2020-08-12,US,North Carolina,Nash,1220,12,0,35.96575634,-77.98422508,37127.0,1293.7708116821138,0.9836065573770492,1208,1209,12,0,1197,1194,94016,11,0,0,11,15
2020-08-12,US,North Carolina,New Hanover,2696,20,0,34.25758282,-77.87075626,37129.0,1149.8125583755914,0.7418397626112759,2676,2696,20,0,2676,2630,232274,0,0,0,0,66
2020-08-12,US,North Carolina,Northampton,351,16,0,36.41736238,-77.39769443,37131.0,1801.5706000102653,4.558404558404559,335,352,16,0,336,351,19676,-1,0,0,-1,1
2020-08-12,US,North Carolina,Onslow,1138,11,0,34.72607366,-77.42908179,37133.0,574.927502551304,0.9666080843585236,1127,1108,11,0,1097,1079,197683,30,0,0,30,29
2020-08-12,US,North Carolina,Orange,1361,58,0,36.06092947,-79.12167935,37135.0,916.6464613809641,4.26157237325496,1303,1356,48,0,1308,1353,146027,5,10,0,-5,3
2020-08-12,US,North Carolina,Pamlico,73,1,0,35.15253315,-76.66559823,37137.0,573.6287914505738,1.3698630136986298,72,73,1,0,72,72,12670,0,0,0,0,1
2020-08-12,US,North Carolina,Pasquotank,423,20,0,36.26723798,-76.25134778,37139.0,1062.173563680193,4.728132387706856,403,423,20,0,403,402,39639,0,0,0,0,21
2020-08-12,US,North Carolina,Pender,669,3,0,34.52265624,-77.90352133,37141.0,1060.894386298763,0.4484304932735426,666,666,3,0,663,659,62162,3,0,0,3,7
2020-08-12,US,North Carolina,Perquimans,88,2,0,36.17847453,-76.40603143,37143.0,653.6433187253955,2.272727272727273,86,88,2,0,86,87,13422,0,0,0,0,1
2020-08-12,US,North Carolina,Person,228,2,0,36.38989032,-78.97217358,37145.0,577.361357305647,0.8771929824561403,226,226,2,0,224,223,39507,2,0,0,2,3
2020-08-12,US,North Carolina,Pitt,2105,11,0,35.59535426,-77.37353178,37147.0,1164.6435250246209,0.5225653206650831,2094,2054,11,0,2043,2036,179914,51,0,0,51,18
2020-08-12,US,North Carolina,Polk,164,6,0,35.27820615,-82.16812354,37149.0,791.3530206523837,3.6585365853658534,158,164,5,0,159,164,20611,0,1,0,-1,0
2020-08-12,US,North Carolina,Randolph,2199,38,0,35.71015088,-79.80570339,37151.0,1530.6228987867776,1.7280582082764893,2161,2191,37,0,2154,2180,143351,8,1,0,7,11
2020-08-12,US,North Carolina,Richmond,524,9,0,35.00417719,-79.74491009,37153.0,1168.8862120502354,1.717557251908397,515,521,9,0,512,521,44887,3,0,0,3,0
2020-08-12,US,North Carolina,Robeson,2854,55,0,34.64244496,-79.10250529999998,37155.0,2184.8803827751194,1.9271198318149965,2799,2845,53,0,2792,2817,131831,9,2,0,7,28
2020-08-12,US,North Carolina,Rockingham,567,8,0,36.39593137,-79.77504841,37157.0,623.0084606087244,1.4109347442680775,559,567,8,0,559,567,90690,0,0,0,0,0
2020-08-12,US,North Carolina,Rowan,2248,49,0,35.64003916,-80.52446628,37159.0,1582.1181239795055,2.179715302491103,2199,2220,48,0,2172,2205,141262,28,1,0,27,15
2020-08-12,US,North Carolina,Rutherford,781,15,0,35.40114178,-81.92112099,37161.0,1165.1673156394993,1.9206145966709347,766,781,15,0,766,752,66826,0,0,0,0,29
2020-08-12,US,North Carolina,Sampson,1511,18,0,34.98820368,-78.36914061,37163.0,2378.366466764257,1.1912640635340834,1493,1516,15,0,1501,1511,63626,-5,3,0,-8,5
2020-08-12,US,North Carolina,Scotland,374,5,0,34.8386299,-79.4757978,37165.0,1074.0028142319732,1.3368983957219251,369,365,2,0,363,365,34810,9,3,0,6,0
2020-08-12,US,North Carolina,Stanly,1103,31,0,35.31647813,-80.25093221,37167.0,1756.2016367862946,2.8105167724388034,1072,1089,26,0,1063,1075,62075,14,5,0,9,14
2020-08-12,US,North Carolina,Stokes,296,3,0,36.4017975,-80.23893369,37169.0,649.2509486521462,1.0135135135135136,293,296,3,0,293,296,45467,0,0,0,0,0
2020-08-12,US,North Carolina,Surry,967,10,0,36.41689489,-80.69102283,37171.0,1347.1156123316105,1.034126163391934,957,960,10,0,950,956,71948,7,0,0,7,4
2020-08-12,US,North Carolina,Swain,121,2,0,35.48665845,-83.48748932,37173.0,847.8733095087939,1.6528925619834711,119,120,2,0,118,119,14245,1,0,0,1,1
2020-08-12,US,North Carolina,Transylvania,145,1,0,35.20383864,-82.79638423,37175.0,421.6955067616693,0.6896551724137931,144,145,1,0,144,145,34215,0,0,0,0,0
2020-08-12,US,North Carolina,Tyrrell,99,1,0,35.87147226,-76.17055253,37177.0,2465.139442231076,1.0101010101010102,98,99,1,0,98,98,4131,0,0,0,0,1
2020-08-12,US,North Carolina,Union,3170,43,0,34.98960527,-80.52955873,37179.0,1321.609779078542,1.3564668769716088,3127,3146,43,0,3103,3109,235908,24,0,0,24,37
2020-08-12,US,North Carolina,Vance,787,41,0,36.36880673,-78.40670845,37181.0,1767.1494330302012,5.209656925031767,746,778,41,0,737,777,44582,9,0,0,9,1
2020-08-12,US,North Carolina,Wake,12263,178,0,35.78879266,-78.65249174,37183.0,1103.0248407706333,1.4515208350322106,12085,12148,176,0,11972,12110,1092305,115,2,0,113,38
2020-08-12,US,North Carolina,Warren,261,7,0,36.39728256,-78.10652228,37185.0,1322.791546297704,2.681992337164751,254,260,7,0,253,258,19807,1,0,0,1,2
2020-08-12,US,North Carolina,Washington,136,4,0,35.83810081,-76.57299037,37187.0,1174.4386873920553,2.9411764705882355,132,135,4,0,131,133,11859,1,0,0,1,2
2020-08-12,US,North Carolina,Watauga,316,0,0,36.23103603,-81.70033724,37189.0,562.5077878847216,0.0,316,316,0,0,316,316,55945,0,0,0,0,0
2020-08-12,US,North Carolina,Wayne,2445,42,0,35.36438125,-78.00027268,37191.0,1985.6900374398,1.7177914110429449,2403,2435,42,0,2393,2424,123248,10,0,0,10,11
2020-08-12,US,North Carolina,Wilkes,852,12,0,36.2084135,-81.16232895,37193.0,1245.395544641291,1.4084507042253518,840,843,12,0,831,843,68557,9,0,0,9,0
2020-08-12,US,North Carolina,Wilson,1514,35,0,35.70625477,-77.917978,37195.0,1850.8331193995184,2.3117569352708056,1479,1514,35,0,1479,1514,81455,0,0,0,0,0
2020-08-12,US,North Carolina,Yadkin,557,6,0,36.16222629,-80.66239436,37197.0,1478.7479756816308,1.0771992818671454,551,552,6,0,546,542,37543,5,0,0,5,10
2020-08-12,US,North Carolina,Yancey,114,0,0,35.90079156,-82.31237181,37199.0,630.9148264984228,0.0,114,114,0,0,114,114,17903,0,0,0,0,0
2020-08-12,US,North Dakota,Adams,3,0,0,46.09686891,-102.5285397,38001.0,135.37906137184117,0.0,3,3,0,0,3,3,2294,0,0,0,0,0
2020-08-12,US,North Dakota,Barnes,38,0,0,46.93579637,-98.06605978,38003.0,364.8583773403744,0.0,38,38,0,0,38,39,10542,0,0,0,0,-1
2020-08-12,US,North Dakota,Benson,145,2,0,48.0683985,-99.35916363,38005.0,2122.3653395784545,1.3793103448275863,143,142,2,0,140,137,6962,3,0,0,3,5
2020-08-12,US,North Dakota,Billings,2,0,0,47.02366884,-103.3762965,38007.0,215.5172413793104,0.0,2,2,0,0,2,2,919,0,0,0,0,0
2020-08-12,US,North Dakota,Bottineau,20,0,0,48.79106111,-100.8378166,38009.0,318.36994587710916,0.0,20,20,0,0,20,19,6411,0,0,0,0,1
2020-08-12,US,North Dakota,Bowman,11,0,0,46.11285362,-103.5203343,38011.0,363.7566137566138,0.0,11,10,0,0,10,8,3076,1,0,0,1,2
2020-08-12,US,North Dakota,Burke,23,0,0,48.79094471,-102.51821170000001,38013.0,1087.4704491725768,0.0,23,23,0,0,23,23,2100,0,0,0,0,0
2020-08-12,US,North Dakota,Burleigh,1255,8,0,46.97847375,-100.46452140000001,38015.0,1312.4045761612954,0.6374501992031872,1247,1244,8,0,1236,1201,95273,11,0,0,11,43
2020-08-12,US,North Dakota,Cass,3073,76,0,46.93201724,-97.24447190000001,38017.0,1689.1761899265073,2.473153270419785,2997,3058,76,0,2982,3046,181516,15,0,0,15,12
2020-08-12,US,North Dakota,Cavalier,31,0,0,48.77286211,-98.46685243,38019.0,824.0297713981925,0.0,31,31,0,0,31,31,3829,0,0,0,0,0
2020-08-12,US,North Dakota,Dickey,13,0,0,46.11017712,-98.50490079999999,38021.0,266.8308702791461,0.0,13,13,0,0,13,13,4903,0,0,0,0,0
2020-08-12,US,North Dakota,Divide,3,0,0,48.814938700000006,-103.48736109999999,38023.0,132.50883392226152,0.0,3,2,0,0,2,2,2283,1,0,0,1,0
2020-08-12,US,North Dakota,Dunn,31,0,0,47.35423935,-102.61604679999999,38025.0,700.7233273056057,0.0,31,31,0,0,31,30,4332,0,0,0,0,1
2020-08-12,US,North Dakota,Eddy,19,0,0,47.71701474,-98.90432337,38027.0,830.7826847398337,0.0,19,18,0,0,18,18,2313,1,0,0,1,0
2020-08-12,US,North Dakota,Emmons,18,1,0,46.28398398,-100.2389766,38029.0,555.3841406973156,5.5555555555555545,17,17,1,0,16,17,3295,1,0,0,1,0
2020-08-12,US,North Dakota,Foster,26,0,0,47.457108399999996,-98.88279923,38031.0,809.9688473520247,0.0,26,27,0,0,27,26,3216,-1,0,0,-1,1
2020-08-12,US,North Dakota,Golden Valley,6,0,0,46.94022281,-103.8465421,38033.0,340.71550255536624,0.0,6,5,0,0,5,5,1769,1,0,0,1,0
2020-08-12,US,North Dakota,Grand Forks,710,7,0,47.92093639,-97.45450447,38035.0,1022.3034945501145,0.9859154929577464,703,701,6,0,695,683,70770,9,1,0,8,18
2020-08-12,US,North Dakota,Grant,4,0,0,46.35821257,-101.63900129999999,38037.0,175.9014951627089,0.0,4,4,0,0,4,4,2374,0,0,0,0,0
2020-08-12,US,North Dakota,Griggs,35,1,0,47.45785838,-98.23850925,38039.0,1568.8032272523533,2.8571428571428568,34,35,1,0,34,34,2232,0,0,0,0,1
2020-08-12,US,North Dakota,Hettinger,6,0,0,46.43375068,-102.4632417,38041.0,240.09603841536614,0.0,6,6,0,0,6,6,2514,0,0,0,0,0
2020-08-12,US,North Dakota,Kidder,18,0,0,46.97830064,-99.77507857,38043.0,725.8064516129033,0.0,18,18,0,0,18,18,2450,0,0,0,0,0
2020-08-12,US,North Dakota,LaMoure,16,0,0,46.45681054,-98.53542355,38045.0,395.45229856648535,0.0,16,16,0,0,16,16,4062,0,0,0,0,0
2020-08-12,US,North Dakota,Logan,7,0,0,46.45729487,-99.47719806,38047.0,378.3783783783784,0.0,7,7,0,0,7,7,1903,0,0,0,0,0
2020-08-12,US,North Dakota,McHenry,17,1,0,48.23104458,-100.6324822,38049.0,295.9094865100087,5.882352941176472,16,17,1,0,16,17,5816,0,0,0,0,0
2020-08-12,US,North Dakota,McIntosh,39,2,0,46.11182017,-99.44145858,38051.0,1561.8742490989187,5.128205128205129,37,37,2,0,35,37,2585,2,0,0,2,0
2020-08-12,US,North Dakota,McKenzie,91,2,0,47.74133370000001,-103.395905,38053.0,605.6975505857296,2.1978021978021984,89,91,2,0,89,90,13632,0,0,0,0,1
2020-08-12,US,North Dakota,McLean,79,0,0,47.60766714,-101.3182418,38055.0,835.9788359788361,0.0,79,77,0,0,77,72,9541,2,0,0,2,5
2020-08-12,US,North Dakota,Mercer,31,0,0,47.31213126,-101.8318399,38057.0,378.64907780627817,0.0,31,32,0,0,32,29,8267,-1,0,0,-1,3
2020-08-12,US,North Dakota,Morton,407,4,0,46.71681782,-101.2822377,38059.0,1297.6661140160693,0.9828009828009828,403,402,3,0,399,383,31095,5,1,0,4,19
2020-08-12,US,North Dakota,Mountrail,141,1,0,48.20197971,-102.3555315,38061.0,1337.126600284495,0.7092198581560284,140,136,1,0,135,135,10218,5,0,0,5,1
2020-08-12,US,North Dakota,Nelson,26,0,0,47.9226426,-98.19038437,38063.0,903.0913511635983,0.0,26,26,0,0,26,26,2869,0,0,0,0,0
2020-08-12,US,North Dakota,Oliver,7,0,0,47.11530482,-101.3406158,38065.0,357.32516590096986,0.0,7,7,0,0,7,7,1952,0,0,0,0,0
2020-08-12,US,North Dakota,Pembina,27,0,0,48.76623521,-97.5523809,38067.0,397.00044111160116,0.0,27,27,0,0,27,27,6947,0,0,0,0,0
2020-08-12,US,North Dakota,Pierce,13,0,0,48.24977025,-99.96407787,38069.0,327.0440251572327,0.0,13,12,0,0,12,12,4081,1,0,0,1,0
2020-08-12,US,North Dakota,Ramsey,75,2,0,48.26886249,-98.72223879,38071.0,651.0981856063894,2.6666666666666665,73,75,2,0,73,70,11481,0,0,0,0,5
2020-08-12,US,North Dakota,Ransom,28,0,0,46.45621782,-97.65742504,38073.0,536.6040628593331,0.0,28,28,0,0,28,28,5237,0,0,0,0,0
2020-08-12,US,North Dakota,Renville,9,0,0,48.71982533,-101.6603912,38075.0,386.7640739149119,0.0,9,9,0,0,9,9,2374,0,0,0,0,0
2020-08-12,US,North Dakota,Richland,113,1,0,46.26440649,-96.94852979,38077.0,698.522593806021,0.8849557522123894,112,110,1,0,109,109,16239,3,0,0,3,1
2020-08-12,US,North Dakota,Rolette,82,0,0,48.77245354,-99.84097493,38079.0,578.4424379232505,0.0,82,82,0,0,82,73,14301,0,0,0,0,9
2020-08-12,US,North Dakota,Sargent,10,0,0,46.10830372,-97.63217159,38081.0,256.5418163160595,0.0,10,10,0,0,10,10,3870,0,0,0,0,0
2020-08-12,US,North Dakota,Sheridan,9,0,0,47.57700669,-100.3426391,38083.0,684.4106463878327,0.0,9,9,0,0,9,9,1349,0,0,0,0,0
2020-08-12,US,North Dakota,Sioux,89,1,0,46.11323337,-101.04401490000001,38085.0,2104.018912529551,1.1235955056179776,88,86,1,0,85,83,4358,3,0,0,3,3
2020-08-12,US,North Dakota,Slope,4,0,0,46.44737738,-103.4601547,38087.0,533.3333333333334,0.0,4,4,0,0,4,3,763,0,0,0,0,1
2020-08-12,US,North Dakota,Stark,300,5,0,46.80851182,-102.65763259999999,38089.0,952.7136460351236,1.6666666666666667,295,292,5,0,287,264,30997,8,0,0,8,28
2020-08-12,US,North Dakota,Steele,15,0,0,47.45611548,-97.72728747,38091.0,793.6507936507936,0.0,15,15,0,0,15,14,1903,0,0,0,0,1
2020-08-12,US,North Dakota,Stutsman,128,3,0,46.97962541,-98.95637318,38093.0,618.2380216383308,2.34375,125,128,3,0,125,127,20917,0,0,0,0,1
2020-08-12,US,North Dakota,Towner,5,0,0,48.68565745,-99.24564265,38095.0,228.41480127912288,0.0,5,5,0,0,5,5,2192,0,0,0,0,0
2020-08-12,US,North Dakota,Traill,57,0,0,47.45367788,-97.16323288,38097.0,709.3081134892982,0.0,57,57,0,0,57,55,8037,0,0,0,0,2
2020-08-12,US,North Dakota,Walsh,106,0,0,48.36876964,-97.72574783,38099.0,996.1469786674184,0.0,106,106,0,0,106,104,10667,0,0,0,0,2
2020-08-12,US,North Dakota,Ward,238,1,0,48.22390169,-101.54367629999999,38101.0,351.85760115906027,0.4201680672268908,237,237,1,0,236,234,67744,1,0,0,1,3
2020-08-12,US,North Dakota,Wells,23,0,0,47.58614526,-99.65904998,38103.0,599.8956703182055,0.0,23,21,0,0,21,21,3957,2,0,0,2,0
2020-08-12,US,North Dakota,Williams,288,2,0,48.34522353,-103.4793387,38105.0,766.1815956795871,0.6944444444444444,286,276,2,0,274,272,35350,12,0,0,12,4
2020-08-12,US,Ohio,Adams,64,2,0,38.84541072,-83.4718964,39001.0,231.0636147014225,3.125,62,61,2,0,59,61,27724,3,0,0,3,0
2020-08-12,US,Ohio,Allen,794,46,0,40.77285242,-84.10802343,39003.0,775.7618391613174,5.793450881612091,748,769,46,0,723,760,102663,25,0,0,25,9
2020-08-12,US,Ohio,Ashland,155,3,0,40.84772277,-82.27280781,39005.0,289.80629721038065,1.935483870967742,152,154,3,0,151,149,53745,1,0,0,1,5
2020-08-12,US,Ohio,Ashtabula,577,46,0,41.70860332,-80.74830218,39007.0,593.3711088943962,7.972270363951473,531,576,46,0,530,574,97493,1,0,0,1,2
2020-08-12,US,Ohio,Athens,361,2,0,39.33425634,-82.04278644,39009.0,552.6045892203836,0.554016620498615,359,360,2,0,358,359,65818,1,0,0,1,1
2020-08-12,US,Ohio,Auglaize,275,6,0,40.55998859,-84.22421429999999,39011.0,602.3304713509725,2.1818181818181817,269,263,6,0,257,256,45804,12,0,0,12,7
2020-08-12,US,Ohio,Belmont,627,26,0,40.01625942,-80.9924051,39013.0,935.7370981703133,4.146730462519936,601,623,26,0,597,621,67505,4,0,0,4,2
2020-08-12,US,Ohio,Brown,150,2,0,38.93416837,-83.86788395,39015.0,345.36747098913236,1.3333333333333333,148,146,2,0,144,138,43602,4,0,0,4,8
2020-08-12,US,Ohio,Butler,3033,64,0,39.44012838,-84.57388716,39017.0,791.6290384043181,2.110121991427629,2969,2976,63,0,2913,2944,382378,57,1,0,56,32
2020-08-12,US,Ohio,Carroll,113,5,0,40.578968599999996,-81.09178213,39019.0,419.8558371107973,4.424778761061948,108,113,5,0,108,110,27081,0,0,0,0,3
2020-08-12,US,Ohio,Champaign,188,2,0,40.13923427,-83.76875242,39021.0,483.4769191204835,1.0638297872340423,186,181,2,0,179,178,38754,7,0,0,7,3
2020-08-12,US,Ohio,Clark,1213,15,0,39.91592258,-83.78498252,39023.0,904.6635293064743,1.2366034624896949,1198,1178,15,0,1163,1158,134585,35,0,0,35,20
2020-08-12,US,Ohio,Clermont,962,11,0,39.04847534,-84.15375786,39025.0,466.0220512721143,1.1434511434511434,951,953,11,0,942,941,205466,9,0,0,9,12
2020-08-12,US,Ohio,Clinton,171,6,0,39.41485808,-83.80852286,39027.0,407.4532977506672,3.5087719298245608,165,169,6,0,163,165,42057,2,0,0,2,4
2020-08-12,US,Ohio,Columbiana,1683,60,0,40.76932373,-80.78094576,39029.0,1651.8948205294312,3.5650623885918,1623,1671,60,0,1611,1665,102665,12,0,0,12,6
2020-08-12,US,Ohio,Coshocton,196,7,0,40.30096166,-81.91729018,39031.0,535.5191256830601,3.571428571428572,189,196,7,0,189,194,36629,0,0,0,0,2
2020-08-12,US,Ohio,Crawford,177,5,0,40.85065156,-82.91989099,39033.0,426.5676965344387,2.824858757062147,172,175,5,0,170,174,41550,2,0,0,2,1
2020-08-12,US,Ohio,Cuyahoga,13869,512,0,41.424119,-81.65918339,39035.0,1122.9304850243548,3.6916864950609267,13357,13734,505,0,13229,13640,1243857,135,7,0,128,94
2020-08-12,US,Ohio,Darke,414,29,0,40.13412966,-84.6194517,39037.0,809.9700663236357,7.004830917874397,385,406,29,0,377,402,51323,8,0,0,8,4
2020-08-12,US,Ohio,Defiance,154,4,0,41.32398837,-84.49076944,39039.0,404.33743797096116,2.5974025974025974,150,150,4,0,146,148,38165,4,0,0,4,2
2020-08-12,US,Ohio,Delaware,1365,19,0,40.27942393,-83.00457058,39041.0,652.55740353863,1.391941391941392,1346,1344,19,0,1325,1316,204826,21,0,0,21,28
2020-08-12,US,Ohio,Erie,610,28,0,41.36796058,-82.62904521,39043.0,821.3718255998707,4.590163934426228,582,597,28,0,569,592,74615,13,0,0,13,5
2020-08-12,US,Ohio,Fairfield,1432,32,0,39.75107189,-82.63088163,39045.0,908.7793671544797,2.23463687150838,1400,1416,32,0,1384,1400,155782,16,0,0,16,16
2020-08-12,US,Ohio,Fayette,124,0,0,39.56021306,-83.4562016,39047.0,434.706397896582,0.0,124,121,0,0,121,115,28666,3,0,0,3,6
2020-08-12,US,Ohio,Franklin,18965,531,0,39.96995815,-83.01115755,39049.0,1440.2820264346622,2.7998945425784343,18434,18697,529,0,18168,18483,1310300,268,2,0,266,214
2020-08-12,US,Ohio,Fulton,155,1,0,41.60213491,-84.12571393,39051.0,367.9437876845653,0.6451612903225806,154,153,1,0,152,147,42276,2,0,0,2,6
2020-08-12,US,Ohio,Gallia,74,1,0,38.82708533,-82.31647569,39053.0,247.5081945280621,1.351351351351351,73,70,1,0,69,65,29979,4,0,0,4,5
2020-08-12,US,Ohio,Geauga,561,44,0,41.49952319,-81.17935342,39055.0,599.0453715469466,7.84313725490196,517,559,44,0,515,558,94031,2,0,0,2,1
2020-08-12,US,Ohio,Greene,730,12,0,39.69116283,-83.89032084,39057.0,432.1137465445698,1.643835616438356,718,718,12,0,706,703,167995,12,0,0,12,15
2020-08-12,US,Ohio,Guernsey,119,7,0,40.05026529,-81.49248905,39059.0,306.10932475884243,5.882352941176472,112,119,7,0,112,118,39022,0,0,0,0,1
2020-08-12,US,Ohio,Hamilton,9844,259,0,39.19673558,-84.54502924,39061.0,1204.1987931099866,2.6310442909386427,9585,9766,257,0,9509,9689,816684,78,2,0,76,77
2020-08-12,US,Ohio,Hancock,397,3,0,41.00250487,-83.66838948,39063.0,523.8641911774408,0.7556675062972292,394,389,3,0,386,379,75930,8,0,0,8,10
2020-08-12,US,Ohio,Hardin,175,12,0,40.66015414,-83.65929931,39065.0,557.9467559381477,6.857142857142858,163,170,12,0,158,169,31480,5,0,0,5,1
2020-08-12,US,Ohio,Harrison,26,1,0,40.29380509,-81.09068544,39067.0,172.87234042553192,3.8461538461538463,25,26,1,0,25,26,15174,0,0,0,0,0
2020-08-12,US,Ohio,Henry,122,2,0,41.333964200000004,-84.06830637,39069.0,451.75146263793226,1.639344262295082,120,122,2,0,120,117,27086,0,0,0,0,5
2020-08-12,US,Ohio,Highland,169,2,0,39.1839264,-83.60331456,39071.0,391.5571928361252,1.183431952662722,167,166,1,0,165,159,43058,3,1,0,2,7
2020-08-12,US,Ohio,Hocking,122,9,0,39.49537927,-82.47991446,39073.0,431.64449476365684,7.3770491803278695,113,118,9,0,109,118,28385,4,0,0,4,0
2020-08-12,US,Ohio,Holmes,331,6,0,40.56163713,-81.92635677,39075.0,752.9572338489536,1.8126888217522656,325,328,6,0,322,328,43892,3,0,0,3,0
2020-08-12,US,Ohio,Huron,411,5,0,41.14651175,-82.59867951,39077.0,705.3856451446812,1.2165450121654502,406,404,5,0,399,401,58504,7,0,0,7,3
2020-08-12,US,Ohio,Jackson,77,0,0,39.01914254,-82.61818559999998,39079.0,237.5590041032919,0.0,77,76,0,0,76,75,32384,1,0,0,1,1
2020-08-12,US,Ohio,Jefferson,240,3,0,40.38614126,-80.76259514,39081.0,367.3938002296212,1.25,237,237,3,0,234,234,65767,3,0,0,3,3
2020-08-12,US,Ohio,Knox,214,7,0,40.39830217,-82.42027563,39083.0,343.3779403741857,3.2710280373831777,207,212,7,0,205,206,61893,2,0,0,2,6
2020-08-12,US,Ohio,Lake,1146,42,0,41.69710807,-81.23676539,39085.0,497.93829214986806,3.6649214659685865,1104,1131,41,0,1090,1124,230514,15,1,0,14,7
2020-08-12,US,Ohio,Lawrence,318,0,0,38.59743452,-82.53466552,39087.0,534.7863377226173,0.0,318,300,0,0,300,288,59866,18,0,0,18,12
2020-08-12,US,Ohio,Licking,1345,51,0,40.09136236,-82.48185785,39089.0,760.4799221992288,3.79182156133829,1294,1319,51,0,1268,1299,175769,26,0,0,26,20
2020-08-12,US,Ohio,Logan,167,2,0,40.38996525,-83.76784341,39091.0,365.6507269224032,1.1976047904191616,165,160,2,0,158,155,45358,7,0,0,7,5
2020-08-12,US,Ohio,Lorain,1831,77,0,41.29553751,-82.15083537,39093.0,590.9635190570405,4.205352266521027,1754,1813,77,0,1736,1802,309461,18,0,0,18,11
2020-08-12,US,Ohio,Lucas,5512,326,0,41.62101218,-83.65468618,39095.0,1286.8041872496194,5.914368650217707,5186,5448,326,0,5122,5377,429899,64,0,0,64,71
2020-08-12,US,Ohio,Madison,503,10,0,39.89381073,-83.40178317,39097.0,1124.4997876193243,1.9880715705765408,493,401,10,0,391,388,44413,102,0,0,102,13
2020-08-12,US,Ohio,Mahoning,2623,256,0,41.01631101,-80.77287029,39099.0,1147.0026193464314,9.759817003431186,2367,2595,255,0,2340,2566,229642,28,1,0,27,29
2020-08-12,US,Ohio,Marion,2942,45,0,40.58610662,-83.15736305,39101.0,4519.6872167514175,1.529571719918423,2897,2935,45,0,2890,2929,65256,7,0,0,7,6
2020-08-12,US,Ohio,Medina,959,36,0,41.11770589,-81.89986209999998,39103.0,533.530648804424,3.7539103232533884,923,945,35,0,910,930,179146,14,1,0,13,15
2020-08-12,US,Ohio,Meigs,58,0,0,39.09224872,-82.0305041,39105.0,253.19771248963198,0.0,58,54,0,0,54,50,23106,4,0,0,4,4
2020-08-12,US,Ohio,Mercer,641,13,0,40.54043046,-84.62912742,39107.0,1556.8833187603225,2.0280811232449296,628,631,13,0,618,625,40959,10,0,0,10,6
2020-08-12,US,Ohio,Miami,868,39,0,40.0543329,-84.22871271,39109.0,811.3135240730182,4.493087557603687,829,858,39,0,819,853,106222,10,0,0,10,5
2020-08-12,US,Ohio,Monroe,94,18,0,39.72984936,-81.08464734,39111.0,688.4429471217226,19.148936170212764,76,94,18,0,76,93,13790,0,0,0,0,1
2020-08-12,US,Ohio,Montgomery,4489,98,0,39.75394919,-84.29050975,39113.0,844.2937292053407,2.183114279349521,4391,4438,96,0,4342,4398,532331,51,2,0,49,40
2020-08-12,US,Ohio,Morgan,30,0,0,39.62081738,-81.85308173,39115.0,206.78246484698101,0.0,30,30,0,0,30,28,14604,0,0,0,0,2
2020-08-12,US,Ohio,Morrow,179,2,0,40.52363560000001,-82.7892599,39117.0,506.6802536231884,1.11731843575419,177,176,2,0,174,172,35112,3,0,0,3,4
2020-08-12,US,Ohio,Muskingum,248,1,0,39.96575964,-81.94363275,39119.0,287.65296062170154,0.4032258064516129,247,243,1,0,242,239,86183,5,0,0,5,4
2020-08-12,US,Ohio,Noble,17,0,0,39.76818851,-81.45937183,39121.0,117.859123682751,0.0,17,16,0,0,16,16,14354,1,0,0,1,0
2020-08-12,US,Ohio,Ottawa,404,26,0,41.53781826,-83.0940185,39123.0,996.9154842689695,6.435643564356437,378,396,26,0,370,390,40769,8,0,0,8,6
2020-08-12,US,Ohio,Paulding,70,0,0,41.11676341,-84.5801017,39125.0,374.8928877463582,0.0,70,70,0,0,70,70,18760,0,0,0,0,0
2020-08-12,US,Ohio,Perry,148,3,0,39.73508655,-82.23804971,39127.0,409.5865389937455,2.0270270270270268,145,140,3,0,137,136,36033,8,0,0,8,4
2020-08-12,US,Ohio,Pickaway,2400,42,0,39.64170392,-83.0243386,39129.0,4105.5818806986335,1.75,2358,2391,42,0,2349,2387,58086,9,0,0,9,4
2020-08-12,US,Ohio,Pike,80,0,0,39.07634001,-83.06769584,39131.0,288.05991646262424,0.0,80,79,0,0,79,77,28067,1,0,0,1,2
2020-08-12,US,Ohio,Portage,776,64,0,41.16793482,-81.19735782,39133.0,477.6383981879285,8.24742268041237,712,771,63,0,708,765,162927,5,1,0,4,6
2020-08-12,US,Ohio,Preble,212,2,0,39.7420247,-84.64787018,39135.0,518.5656279047014,0.9433962264150944,210,207,2,0,205,204,40997,5,0,0,5,3
2020-08-12,US,Ohio,Putnam,212,17,0,41.02094889,-84.1336111,39137.0,626.0890109565578,8.018867924528301,195,211,17,0,194,208,33780,1,0,0,1,3
2020-08-12,US,Ohio,Richland,619,12,0,40.77180308,-82.53799609999999,39139.0,510.9199861333509,1.9386106623586432,607,614,12,0,602,608,121099,5,0,0,5,6
2020-08-12,US,Ohio,Ross,509,4,0,39.33705391,-83.06000914,39141.0,663.9188166853625,0.7858546168958742,505,494,4,0,490,490,76931,15,0,0,15,4
2020-08-12,US,Ohio,Sandusky,399,17,0,41.35624126,-83.137872,39143.0,681.8414846713831,4.260651629072681,382,390,17,0,373,384,58799,9,0,0,9,6
2020-08-12,US,Ohio,Scioto,259,1,0,38.80270163,-82.98907345,39145.0,343.8935656053324,0.3861003861003861,258,242,1,0,241,234,75502,17,0,0,17,8
2020-08-12,US,Ohio,Seneca,234,4,0,41.12351311,-83.12783209,39147.0,424.0820616912537,1.709401709401709,230,228,3,0,225,222,55207,6,1,0,5,6
2020-08-12,US,Ohio,Shelby,215,4,0,40.33163494,-84.20258189,39149.0,442.4778761061947,1.8604651162790695,211,210,4,0,206,200,48627,5,0,0,5,10
2020-08-12,US,Ohio,Stark,1904,142,0,40.81482476,-81.36437305,39151.0,513.7531502458136,7.457983193277311,1762,1884,140,0,1744,1844,371574,20,2,0,18,40
2020-08-12,US,Ohio,Summit,3667,224,0,41.12464734,-81.53123079,39153.0,677.802566666605,6.108535587673848,3443,3614,223,0,3391,3573,541918,53,1,0,52,41
2020-08-12,US,Ohio,Trumbull,1563,110,0,41.31735028,-80.76109643,39155.0,789.4976107973773,7.037747920665388,1453,1549,108,0,1441,1534,198627,14,2,0,12,15
2020-08-12,US,Ohio,Tuscarawas,797,14,0,40.44214695,-81.47226262,39157.0,866.4267776968485,1.7565872020075282,783,793,14,0,779,788,92176,4,0,0,4,5
2020-08-12,US,Ohio,Union,273,1,0,40.30016061,-83.37239023,39159.0,462.80599443954696,0.3663003663003663,272,260,1,0,259,254,57835,13,0,0,13,6
2020-08-12,US,Ohio,Van Wert,73,2,0,40.8554138,-84.59111700000003,39161.0,258.17860300618923,2.7397260273972597,71,73,2,0,71,72,28281,0,0,0,0,1
2020-08-12,US,Ohio,Vinton,32,2,0,39.25208988,-82.4831444,39163.0,244.5548337791364,6.25,30,32,2,0,30,31,13139,0,0,0,0,1
2020-08-12,US,Ohio,Warren,1850,39,0,39.42581994,-84.16557457,39165.0,788.5695774119572,2.108108108108108,1811,1821,39,0,1782,1803,232173,29,0,0,29,18
2020-08-12,US,Ohio,Washington,211,22,0,39.45690571,-81.49121382,39167.0,352.18908046936286,10.42654028436019,189,209,22,0,187,205,60155,2,0,0,2,4
2020-08-12,US,Ohio,Wayne,554,59,0,40.82925852,-81.88844833,39169.0,478.78316480857313,10.649819494584838,495,545,58,0,487,544,115967,9,1,0,8,1
2020-08-12,US,Ohio,Williams,137,3,0,41.56052014,-84.58429552,39171.0,373.37839311021474,2.18978102189781,134,136,3,0,133,135,36804,1,0,0,1,1
2020-08-12,US,Ohio,Wood,1090,58,0,41.36224827,-83.62285108,39173.0,833.2250395590787,5.321100917431194,1032,1068,58,0,1010,1058,130696,22,0,0,22,10
2020-08-12,US,Ohio,Wyandot,151,9,0,40.84339621,-83.30734173,39175.0,693.5513503582582,5.960264900662253,142,150,9,0,141,148,21935,1,0,0,1,2
2020-08-12,US,Oklahoma,Adair,346,6,0,35.88494195,-94.65859267,40001.0,1558.979904478688,1.7341040462427746,340,344,6,0,338,341,22082,2,0,0,2,3
2020-08-12,US,Oklahoma,Alfalfa,3,0,0,36.73090616,-98.32408495,40003.0,52.6131182041389,0.0,3,3,0,0,3,3,5754,0,0,0,0,0
2020-08-12,US,Oklahoma,Atoka,79,0,0,34.37366573,-96.03802487,40005.0,574.2113679313853,0.0,79,76,0,0,76,70,13838,3,0,0,3,6
2020-08-12,US,Oklahoma,Beaver,39,0,0,36.7496847,-100.4758872,40007.0,734.3249858783656,0.0,39,37,0,0,37,36,5319,2,0,0,2,1
2020-08-12,US,Oklahoma,Beckham,61,1,0,35.26862449,-99.68128023,40009.0,279.0612562331305,1.639344262295082,60,61,1,0,60,59,21709,0,0,0,0,2
2020-08-12,US,Oklahoma,Blaine,43,0,0,35.87518314,-98.43307003,40011.0,456.039876975289,0.0,43,45,0,0,45,42,9485,-2,0,0,-2,3
2020-08-12,US,Oklahoma,Bryan,479,1,0,33.96472458,-96.25903472,40013.0,998.0206271486612,0.20876826722338204,478,465,1,0,464,458,47192,14,0,0,14,7
2020-08-12,US,Oklahoma,Caddo,434,17,0,35.17364557,-98.37534464,40015.0,1508.935400876156,3.91705069124424,417,427,17,0,410,425,28977,7,0,0,7,2
2020-08-12,US,Oklahoma,Canadian,1256,9,0,35.5426055,-97.98465569,40017.0,846.8976305746228,0.7165605095541401,1247,1238,9,0,1229,1224,144447,18,0,0,18,14
2020-08-12,US,Oklahoma,Carter,352,5,0,34.25103751,-97.28552485,40019.0,731.6414125667727,1.4204545454545454,347,349,5,0,344,342,48177,3,0,0,3,7
2020-08-12,US,Oklahoma,Cherokee,456,2,0,35.90692775,-94.99980896,40021.0,937.1724520623959,0.43859649122807015,454,449,2,0,447,445,48675,7,0,0,7,4
2020-08-12,US,Oklahoma,Choctaw,196,1,0,34.02807439,-95.54771129,40023.0,1335.8778625954199,0.5102040816326531,195,191,1,0,190,188,14668,5,0,0,5,3
2020-08-12,US,Oklahoma,Cimarron,3,0,0,36.74817177,-102.5173885,40025.0,140.38371548900327,0.0,3,1,0,0,1,1,2153,2,0,0,2,0
2020-08-12,US,Oklahoma,Cleveland,3084,56,0,35.20413532,-97.32519562,40027.0,1085.8619645510432,1.8158236057068744,3028,3048,56,0,2992,3017,281669,36,0,0,36,31
2020-08-12,US,Oklahoma,Coal,40,0,0,34.58840127,-96.29798747,40029.0,727.9344858962693,0.0,40,39,0,0,39,37,5520,1,0,0,1,2
2020-08-12,US,Oklahoma,Comanche,854,10,0,34.65973764,-98.47195055,40031.0,707.2522339729521,1.17096018735363,844,840,10,0,830,831,120422,14,0,0,14,9
2020-08-12,US,Oklahoma,Cotton,19,2,0,34.28845626,-98.37053567,40033.0,335.3335686551359,10.526315789473683,17,19,2,0,17,18,5776,0,0,0,0,1
2020-08-12,US,Oklahoma,Craig,89,1,0,36.76268118,-95.20916602,40035.0,629.3310705699338,1.1235955056179776,88,86,1,0,85,86,14306,3,0,0,3,0
2020-08-12,US,Oklahoma,Creek,637,15,0,35.90230551,-96.37086028,40037.0,890.6350493554431,2.3547880690737832,622,621,14,0,607,607,71604,16,1,0,15,14
2020-08-12,US,Oklahoma,Custer,211,0,0,35.63853802,-99.00170785,40039.0,727.510947143399,0.0,211,209,0,0,209,206,29036,2,0,0,2,3
2020-08-12,US,Oklahoma,Delaware,445,20,0,36.40823634,-94.80325046,40041.0,1034.6671626868795,4.49438202247191,425,438,20,0,418,431,42733,7,0,0,7,7
2020-08-12,US,Oklahoma,Dewey,10,0,0,35.98772922,-99.00730714,40043.0,204.4571662236761,0.0,10,10,0,0,10,10,4894,0,0,0,0,0
2020-08-12,US,Oklahoma,Ellis,5,0,0,36.218019399999996,-99.75324573,40045.0,129.5672454003628,0.0,5,5,0,0,5,5,3952,0,0,0,0,0
2020-08-12,US,Oklahoma,Garfield,512,5,0,36.3791334,-97.78265517,40047.0,838.5744234800841,0.9765625,507,492,5,0,487,460,60913,20,0,0,20,32
2020-08-12,US,Oklahoma,Garvin,236,4,0,34.70418038,-97.30811132,40049.0,851.6473602540508,1.6949152542372878,232,235,4,0,231,227,27811,1,0,0,1,8
2020-08-12,US,Oklahoma,Grady,451,7,0,35.0167709,-97.88339847,40051.0,807.751549235233,1.5521064301552103,444,445,7,0,438,442,55551,6,0,0,6,3
2020-08-12,US,Oklahoma,Grant,16,0,0,36.796296999999996,-97.78638765,40053.0,369.25917378259874,0.0,16,16,0,0,16,15,4326,0,0,0,0,1
2020-08-12,US,Oklahoma,Greer,83,8,0,34.93535801,-99.56056120000001,40055.0,1453.081232492997,9.63855421686747,75,83,8,0,75,83,5821,0,0,0,0,0
2020-08-12,US,Oklahoma,Harmon,32,0,0,34.7440135,-99.84741652,40057.0,1206.181681115718,0.0,32,32,0,0,32,32,2664,0,0,0,0,0
2020-08-12,US,Oklahoma,Harper,10,0,0,36.78836519,-99.6679804,40059.0,271.14967462039044,0.0,10,10,0,0,10,10,3797,0,0,0,0,0
2020-08-12,US,Oklahoma,Haskell,66,0,0,35.22257600000001,-95.11513306,40061.0,522.6894749346638,0.0,66,62,0,0,62,60,12668,4,0,0,4,2
2020-08-12,US,Oklahoma,Hughes,146,2,0,35.04912569,-96.24921145,40063.0,1099.4803825589277,1.3698630136986298,144,141,2,0,139,138,13335,5,0,0,5,3
2020-08-12,US,Oklahoma,Jackson,531,7,0,34.58781741,-99.41138784,40065.0,2164.6962902568284,1.3182674199623352,524,527,7,0,520,523,24949,4,0,0,4,4
2020-08-12,US,Oklahoma,Jefferson,33,0,0,34.11130184,-97.83182974,40067.0,549.8167277574141,0.0,33,33,0,0,33,33,6123,0,0,0,0,0
2020-08-12,US,Oklahoma,Johnston,48,0,0,34.31440473,-96.66011537,40069.0,433.0175913396482,0.0,48,48,0,0,48,48,10949,0,0,0,0,0
2020-08-12,US,Oklahoma,Kay,252,11,0,36.81799745,-97.14421435,40071.0,578.8047223115441,4.365079365079366,241,251,11,0,240,244,44161,1,0,0,1,7
2020-08-12,US,Oklahoma,Kingfisher,139,0,0,35.94530008,-97.94193268,40073.0,881.6999682841738,0.0,139,138,0,0,138,139,15816,1,0,0,1,-1
2020-08-12,US,Oklahoma,Kiowa,30,1,0,34.91671958,-98.97720696,40075.0,344.5107946715664,3.333333333333333,29,30,1,0,29,29,8729,0,0,0,0,1
2020-08-12,US,Oklahoma,Latimer,93,1,0,34.87844729,-95.25215049,40077.0,923.2602005360866,1.075268817204301,92,93,1,0,92,92,10231,0,0,0,0,1
2020-08-12,US,Oklahoma,Le Flore,376,1,0,34.89851864,-94.70392124,40079.0,754.2173991535112,0.26595744680851063,375,360,1,0,359,345,49980,16,0,0,16,15
2020-08-12,US,Oklahoma,Lincoln,180,2,0,35.70270942,-96.8812462,40081.0,516.0994351578404,1.1111111111111112,178,174,2,0,172,167,34920,6,0,0,6,7
2020-08-12,US,Oklahoma,Logan,228,1,0,35.91899576,-97.44352845,40083.0,474.8911707733644,0.43859649122807015,227,225,1,0,224,222,47291,3,0,0,3,3
2020-08-12,US,Oklahoma,Love,76,0,0,33.95273467,-97.23906784,40085.0,741.2464644494295,0.0,76,75,0,0,75,75,10134,1,0,0,1,0
2020-08-12,US,Oklahoma,Major,35,1,0,36.31149996,-98.53467076,40093.0,458.7757242102504,2.8571428571428568,34,35,1,0,34,34,7644,0,0,0,0,1
2020-08-12,US,Oklahoma,Marshall,111,1,0,34.02311222,-96.76855464,40095.0,655.6021499025456,0.9009009009009008,110,110,1,0,109,107,16806,1,0,0,1,3
2020-08-12,US,Oklahoma,Mayes,332,7,0,36.30179091,-95.23175116,40097.0,807.7858880778589,2.108433734939759,325,326,6,0,320,322,41107,6,1,0,5,4
2020-08-12,US,Oklahoma,McClain,457,4,0,35.01123903,-97.44572302,40087.0,1129.119928843208,0.8752735229759301,453,454,4,0,450,445,39985,3,0,0,3,9
2020-08-12,US,Oklahoma,McCurtain,876,28,0,34.11664328,-94.77222373,40089.0,2668.12865497076,3.1963470319634704,848,865,28,0,837,858,32703,11,0,0,11,7
2020-08-12,US,Oklahoma,McIntosh,202,1,0,35.37235506,-95.66599306,40091.0,1030.8226168605838,0.4950495049504951,201,194,1,0,193,181,19815,8,0,0,8,13
2020-08-12,US,Oklahoma,Murray,76,0,0,34.48116015,-97.06826283,40099.0,540.0412136715697,0.0,76,76,0,0,76,73,13953,0,0,0,0,3
2020-08-12,US,Oklahoma,Muskogee,531,16,0,35.61318461,-95.37802952,40101.0,780.9168051531685,3.0131826741996237,515,520,16,0,504,509,68362,11,0,0,11,11
2020-08-12,US,Oklahoma,Noble,87,2,0,36.38953329,-97.22928674,40103.0,781.6009343275537,2.2988505747126435,85,87,2,0,85,84,11289,0,0,0,0,3
2020-08-12,US,Oklahoma,Nowata,60,1,0,36.79843529,-95.61902331,40105.0,595.4743946010321,1.6666666666666667,59,58,1,0,57,58,10218,2,0,0,2,0
2020-08-12,US,Oklahoma,Okfuskee,74,1,0,35.46485198,-96.32639984,40107.0,617.0265988493288,1.351351351351351,73,71,1,0,70,67,12098,3,0,0,3,4
2020-08-12,US,Oklahoma,Oklahoma,10951,119,0,35.55140095,-97.40716948,40109.0,1373.2797949422772,1.086658752625331,10832,10794,115,0,10679,10665,792582,157,4,0,153,129
2020-08-12,US,Oklahoma,Okmulgee,494,3,0,35.64661916,-95.96432828,40111.0,1284.2844144027038,0.6072874493927125,491,479,3,0,476,469,38335,15,0,0,15,10
2020-08-12,US,Oklahoma,Osage,436,11,0,36.62888819,-96.39635704,40113.0,928.3904350233162,2.5229357798165144,425,431,11,0,420,426,47014,5,0,0,5,5
2020-08-12,US,Oklahoma,Ottawa,395,3,0,36.83532655,-94.81011909,40115.0,1268.994763388698,0.7594936708860759,392,387,3,0,384,371,31175,8,0,0,8,16
2020-08-12,US,Oklahoma,Pawnee,148,3,0,36.31743373,-96.70331759999999,40117.0,903.761602344895,2.0270270270270268,145,149,3,0,146,138,16390,-1,0,0,-1,11
2020-08-12,US,Oklahoma,Payne,766,4,0,36.07695283,-96.97584944,40119.0,936.6135185366333,0.5221932114882507,762,754,4,0,750,740,82040,12,0,0,12,14
2020-08-12,US,Oklahoma,Pittsburg,383,4,0,34.92065823,-95.75134320000001,40121.0,877.3537361982865,1.0443864229765014,379,377,4,0,373,361,43877,6,0,0,6,16
2020-08-12,US,Oklahoma,Pontotoc,207,2,0,34.72959848,-96.68337199,40123.0,540.695852053077,0.966183574879227,205,207,2,0,205,201,38247,0,0,0,0,6
2020-08-12,US,Oklahoma,Pottawatomie,465,9,0,35.20614018,-96.94923008,40125.0,640.5664536037028,1.935483870967742,456,459,9,0,450,448,72679,6,0,0,6,11
2020-08-12,US,Oklahoma,Pushmataha,112,0,0,34.41635232,-95.37603505,40127.0,1009.3727469358329,0.0,112,109,0,0,109,108,11179,3,0,0,3,1
2020-08-12,US,Oklahoma,Roger Mills,9,1,0,35.68711719,-99.69666167,40129.0,251.18615685180012,11.111111111111109,8,9,1,0,8,8,3656,0,0,0,0,1
2020-08-12,US,Oklahoma,Rogers,1031,18,0,36.37004357,-95.60406759,40131.0,1115.0888501930583,1.7458777885548011,1013,1020,17,0,1003,986,91984,11,1,0,10,34
2020-08-12,US,Oklahoma,Seminole,248,5,0,35.16478725,-96.61686741,40133.0,1022.3431445296396,2.0161290322580645,243,241,5,0,236,236,24578,7,0,0,7,5
2020-08-12,US,Oklahoma,Sequoyah,361,4,0,35.49447108,-94.75463785,40135.0,868.4356130770526,1.10803324099723,357,354,4,0,350,339,41179,7,0,0,7,15
2020-08-12,US,Oklahoma,Stephens,204,3,0,34.48556989,-97.85141892,40137.0,472.84611640358804,1.4705882352941178,201,202,3,0,199,201,43265,2,0,0,2,1
2020-08-12,US,Oklahoma,Texas,1060,7,0,36.74777635,-101.4889765,40139.0,5304.508832507631,0.660377358490566,1053,1058,7,0,1051,1056,20455,2,0,0,2,2
2020-08-12,US,Oklahoma,Tillman,59,1,0,34.37288446,-98.92426619,40141.0,813.7931034482757,1.6949152542372878,58,59,1,0,58,58,7348,0,0,0,0,1
2020-08-12,US,Oklahoma,Tulsa,10898,110,0,36.11939621,-95.94013939,40143.0,1672.6216786994744,1.0093595155074326,10788,10747,108,0,10639,10562,648360,151,2,0,149,185
2020-08-12,US,Oklahoma,Unassigned,6,0,0,0.0,0.0,90040.0,0.0,0.0,6,3,0,0,3,1,,3,0,0,3,2
2020-08-12,US,Oklahoma,Wagoner,903,23,0,35.96024096,-95.51911308,40145.0,1110.851406709395,2.5470653377630117,880,890,23,0,867,864,80110,13,0,0,13,26
2020-08-12,US,Oklahoma,Washington,647,39,0,36.71380786,-95.90514104,40147.0,1255.6523764240108,6.0278207109737245,608,642,39,0,603,636,51843,5,0,0,5,6
2020-08-12,US,Oklahoma,Washita,31,0,0,35.29071824,-98.99180434,40149.0,283.98680835470867,0.0,31,29,0,0,29,28,11127,2,0,0,2,1
2020-08-12,US,Oklahoma,Woods,20,0,0,36.76705782,-98.86573064,40151.0,227.45365631752534,0.0,20,20,0,0,20,20,8897,0,0,0,0,0
2020-08-12,US,Oklahoma,Woodward,44,0,0,36.42316318,-99.26283045,40153.0,217.7032309138588,0.0,44,41,0,0,41,37,20222,3,0,0,3,4
2020-08-12,US,Oregon,Baker,42,0,0,44.70915557,-117.6749883,41001.0,260.4812701562888,0.0,42,40,0,0,40,40,16006,2,0,0,2,0
2020-08-12,US,Oregon,Benton,178,6,0,44.49167306,-123.4316987,41003.0,191.28883539488248,3.3707865168539324,172,171,6,0,165,169,92101,7,0,0,7,2
2020-08-12,US,Oregon,Clackamas,1595,47,0,45.18787398,-122.2179634,41005.0,381.40831733172007,2.946708463949843,1548,1571,44,0,1527,1549,416075,24,3,0,21,22
2020-08-12,US,Oregon,Clatsop,89,0,0,45.99712889,-123.660711,41007.0,221.26093874303902,0.0,89,89,0,0,89,85,39764,0,0,0,0,4
2020-08-12,US,Oregon,Columbia,102,0,0,45.94464254,-123.08908980000001,41009.0,194.82752034228523,0.0,102,101,0,0,101,97,52377,1,0,0,1,4
2020-08-12,US,Oregon,Coos,91,0,0,43.17406868,-124.0594514,41011.0,141.11371284134788,0.0,91,91,0,0,91,91,64389,0,0,0,0,0
2020-08-12,US,Oregon,Crook,50,1,0,44.14230227,-120.356297,41013.0,204.88444517292248,2.0,49,50,1,0,49,49,23867,0,0,0,0,1
2020-08-12,US,Oregon,Curry,17,0,0,42.45911325,-124.15728200000001,41015.0,74.15485278080698,0.0,17,17,0,0,17,15,22813,0,0,0,0,2
2020-08-12,US,Oregon,Deschutes,617,10,0,43.91570171,-121.2289121,41017.0,312.1016530765028,1.6207455429497568,607,616,10,0,606,611,191996,1,0,0,1,5
2020-08-12,US,Oregon,Douglas,159,1,0,43.27941273,-123.16729099999999,41019.0,143.26905748783562,0.6289308176100629,158,156,1,0,155,151,110283,3,0,0,3,5
2020-08-12,US,Oregon,Gilliam,4,0,0,45.37160076,-120.20488689999999,41021.0,209.20502092050208,0.0,4,4,0,0,4,4,1894,0,0,0,0,0
2020-08-12,US,Oregon,Grant,4,0,0,44.49024544,-119.0068631,41023.0,55.563272676760654,0.0,4,4,0,0,4,4,7176,0,0,0,0,0
2020-08-12,US,Oregon,Harney,11,0,0,43.06422669,-118.96663059999999,41025.0,148.7893953740024,0.0,11,10,0,0,10,10,7329,1,0,0,1,0
2020-08-12,US,Oregon,Hood River,205,0,0,45.51872811,-121.65520359999998,41027.0,876.742793601916,0.0,205,201,0,0,201,193,23428,4,0,0,4,8
2020-08-12,US,Oregon,Jackson,499,2,0,42.43201126,-122.72893090000001,41029.0,225.84908393076978,0.4008016032064128,497,486,2,0,484,473,219564,13,0,0,13,13
2020-08-12,US,Oregon,Jefferson,379,4,0,44.62806839,-121.17832,41031.0,1537.0265228323465,1.0554089709762533,375,377,4,0,373,371,24192,2,0,0,2,6
2020-08-12,US,Oregon,Josephine,128,2,0,42.3665549,-123.5561938,41033.0,146.30745139277838,1.5625,126,124,2,0,122,115,87393,4,0,0,4,9
2020-08-12,US,Oregon,Klamath,204,2,0,42.68762984,-121.64964609999998,41035.0,298.95366218236165,0.9803921568627452,202,204,2,0,202,201,67653,0,0,0,0,3
2020-08-12,US,Oregon,Lake,32,0,0,42.79246693,-120.38501629999999,41037.0,406.6590418096328,0.0,32,32,0,0,32,32,7879,0,0,0,0,0
2020-08-12,US,Oregon,Lane,606,3,0,43.93727035,-122.847753,41039.0,158.61092426197501,0.4950495049504951,603,596,3,0,593,590,379611,10,0,0,10,6
2020-08-12,US,Oregon,Lincoln,421,9,0,44.64252874,-123.86991200000001,41041.0,842.6404067090988,2.1377672209026133,412,419,9,0,410,418,49388,2,0,0,2,1
2020-08-12,US,Oregon,Linn,303,11,0,44.48899494,-122.53731540000001,41043.0,233.5278113896832,3.6303630363036303,292,296,11,0,285,284,127335,7,0,0,7,12
2020-08-12,US,Oregon,Malheur,839,14,0,43.1937027,-117.62273950000001,41045.0,2744.4309966962155,1.66865315852205,825,822,13,0,809,804,30725,17,1,0,16,18
2020-08-12,US,Oregon,Marion,3005,73,0,44.90287942,-122.58151170000001,41047.0,863.9575870138983,2.429284525790349,2932,2979,73,0,2906,2938,346868,26,0,0,26,41
2020-08-12,US,Oregon,Morrow,378,3,0,45.41846568,-119.584546,41049.0,3257.7781608204773,0.7936507936507936,375,377,3,0,374,372,11372,1,0,0,1,5
2020-08-12,US,Oregon,Multnomah,5056,98,0,45.54747959,-122.4169351,41051.0,622.0051546708822,1.9382911392405064,4958,5014,98,0,4916,4960,811880,42,0,0,42,54
2020-08-12,US,Oregon,Polk,330,12,0,44.90322804,-123.4128888,41053.0,383.3420456525527,3.636363636363636,318,326,12,0,314,319,85234,4,0,0,4,7
2020-08-12,US,Oregon,Sherman,16,0,0,45.41501554,-120.6827834,41055.0,898.876404494382,0.0,16,16,0,0,16,16,1708,0,0,0,0,0
2020-08-12,US,Oregon,Tillamook,34,0,0,45.46248721,-123.712066,41057.0,125.75824826157715,0.0,34,34,0,0,34,34,26787,0,0,0,0,0
2020-08-12,US,Oregon,Umatilla,2342,31,0,45.59073056,-118.7353826,41059.0,3004.490057729314,1.3236549957301451,2311,2312,30,0,2282,2302,77516,30,1,0,29,10
2020-08-12,US,Oregon,Union,395,2,0,45.30915495,-118.0068979,41061.0,1471.9582634618964,0.5063291139240507,393,395,2,0,393,394,26461,0,0,0,0,1
2020-08-12,US,Oregon,Wallowa,20,1,0,45.57894064,-117.18353799999998,41063.0,277.4694783573807,5.0,19,19,1,0,18,19,7081,1,0,0,1,0
2020-08-12,US,Oregon,Wasco,195,3,0,45.16292781,-121.16709540000001,41065.0,730.8297728805936,1.5384615384615383,192,194,3,0,191,192,26505,1,0,0,1,2
2020-08-12,US,Oregon,Washington,3202,27,0,45.55972701,-123.0955257,41067.0,532.2544182768388,0.8432229856339788,3175,3161,25,0,3136,3119,597695,41,2,0,39,42
2020-08-12,US,Oregon,Yamhill,474,13,0,45.23330449,-123.3086963,41071.0,442.5770308123249,2.7426160337552736,461,470,13,0,457,467,107002,4,0,0,4,3
2020-08-12,US,Pennsylvania,Adams,535,20,0,39.87140411,-77.21610347,42001.0,519.3720937005504,3.7383177570093458,515,531,20,0,511,524,102811,4,0,0,4,7
2020-08-12,US,Pennsylvania,Allegheny,9078,259,0,40.46809875,-79.98167747,42003.0,746.5184265384918,2.8530513328927083,8819,9008,254,0,8754,8932,1218452,70,5,0,65,76
2020-08-12,US,Pennsylvania,Armstrong,230,8,0,40.81665618,-79.46290811,42005.0,355.29466285626023,3.4782608695652173,222,222,8,0,214,216,65263,8,0,0,8,6
2020-08-12,US,Pennsylvania,Beaver,1351,93,0,40.6825484,-80.34921611,42007.0,824.1372789439331,6.883789785344191,1258,1332,92,0,1240,1326,164742,19,1,0,18,6
2020-08-12,US,Pennsylvania,Bedford,145,4,0,40.00522157,-78.48998442,42009.0,302.7898429669228,2.7586206896551726,141,143,4,0,139,143,48176,2,0,0,2,0
2020-08-12,US,Pennsylvania,Berks,5470,372,0,40.41570541,-75.92457766,42011.0,1298.7814723005765,6.80073126142596,5098,5431,369,0,5062,5407,420152,39,3,0,36,24
2020-08-12,US,Pennsylvania,Blair,302,7,0,40.47961444,-78.34917412,42013.0,247.8884337883427,2.3178807947019866,295,298,6,0,292,293,122492,4,1,0,3,5
2020-08-12,US,Pennsylvania,Bradford,90,3,0,41.78869215,-76.51570822,42015.0,149.19682376539632,3.333333333333333,87,90,3,0,87,86,60833,0,0,0,0,4
2020-08-12,US,Pennsylvania,Bucks,7275,582,0,40.33682119,-75.10836643,42017.0,1157.94164929091,8.0,6693,7231,582,0,6649,7210,628195,44,0,0,44,21
2020-08-12,US,Pennsylvania,Butler,695,16,0,40.91152759,-79.91351055,42019.0,369.97013622353654,2.302158273381295,679,677,15,0,662,671,187888,18,1,0,17,6
2020-08-12,US,Pennsylvania,Cambria,351,3,0,40.49527404,-78.71377428,42021.0,269.60181885215684,0.8547008547008547,348,349,3,0,346,341,131730,2,0,0,2,8
2020-08-12,US,Pennsylvania,Cameron,7,0,0,41.43625568,-78.20376845,42023.0,157.40948954351248,0.0,7,7,0,0,7,7,4492,0,0,0,0,0
2020-08-12,US,Pennsylvania,Carbon,377,28,0,40.91545395,-75.7068525,42025.0,587.3921037050886,7.427055702917772,349,372,28,0,344,372,64227,5,0,0,5,0
2020-08-12,US,Pennsylvania,Centre,377,10,0,40.92058903,-77.82200624,42027.0,232.16430088986053,2.6525198938992043,367,373,10,0,363,372,162805,4,0,0,4,1
2020-08-12,US,Pennsylvania,Chester,5234,350,0,39.97291773,-75.74768357,42029.0,996.9732699161316,6.687046236148262,4884,5194,349,0,4845,5157,522046,40,1,0,39,37
2020-08-12,US,Pennsylvania,Clarion,83,2,0,41.19265812,-79.42413524,42031.0,215.93215047609138,2.409638554216868,81,81,2,0,79,80,38779,2,0,0,2,1
2020-08-12,US,Pennsylvania,Clearfield,177,1,0,41.00110782,-78.47592663,42033.0,223.32975837486595,0.5649717514124294,176,174,1,0,173,174,79388,3,0,0,3,0
2020-08-12,US,Pennsylvania,Clinton,124,5,0,41.23255967,-77.63785995,42035.0,320.9774280389314,4.032258064516129,119,123,5,0,118,122,38684,1,0,0,1,1
2020-08-12,US,Pennsylvania,Columbia,481,35,0,41.04821986,-76.40565017,42037.0,740.4100732713503,7.276507276507276,446,478,35,0,443,477,65456,3,0,0,3,1
2020-08-12,US,Pennsylvania,Crawford,162,1,0,41.68447709,-80.10760592,42039.0,191.4237436339789,0.6172839506172839,161,158,1,0,157,154,85063,4,0,0,4,4
2020-08-12,US,Pennsylvania,Cumberland,1327,71,0,40.1625372,-77.26130755,42041.0,523.7399850021708,5.35041446872645,1256,1311,71,0,1240,1300,251423,16,0,0,16,11
2020-08-12,US,Pennsylvania,Dauphin,2873,159,0,40.41377078,-76.77993242,42043.0,1032.3429117603728,5.534284719805082,2714,2850,159,0,2691,2829,277097,23,0,0,23,21
2020-08-12,US,Pennsylvania,Delaware,9436,706,0,39.91680171,-75.40243663,42045.0,1664.9404407963339,7.481983891479441,8730,9347,701,0,8646,9274,564751,89,5,0,84,73
2020-08-12,US,Pennsylvania,Elk,54,2,0,41.42822061,-78.64524744,42047.0,180.54162487462384,3.703703703703704,52,50,2,0,48,49,30169,4,0,0,4,1
2020-08-12,US,Pennsylvania,Erie,1143,22,0,41.99253829,-80.03301954,42049.0,423.7602325305492,1.9247594050743655,1121,1126,21,0,1105,1110,272061,17,1,0,16,16
2020-08-12,US,Pennsylvania,Fayette,582,6,0,39.92041012,-79.64291195,42051.0,450.2065380509615,1.0309278350515465,576,562,6,0,556,501,130441,20,0,0,20,61
2020-08-12,US,Pennsylvania,Forest,10,0,0,41.51095103,-79.23229292,42053.0,137.9881330205602,0.0,10,10,0,0,10,10,7279,0,0,0,0,0
2020-08-12,US,Pennsylvania,Franklin,1385,46,0,39.92956518,-77.72157791,42055.0,893.3927638411374,3.3212996389891702,1339,1375,46,0,1329,1368,154835,10,0,0,10,7
2020-08-12,US,Pennsylvania,Fulton,27,2,0,39.92913544,-78.11163677,42057.0,185.8224363386097,7.407407407407407,25,27,2,0,25,27,14523,0,0,0,0,0
2020-08-12,US,Pennsylvania,Greene,118,1,0,39.85746531,-80.22357106,42059.0,325.6699693649436,0.8474576271186439,117,117,1,0,116,116,36506,1,0,0,1,1
2020-08-12,US,Pennsylvania,Huntingdon,309,4,0,40.42162652,-77.97673273,42061.0,684.4763423710792,1.2944983818770226,305,310,4,0,306,308,45168,-1,0,0,-1,2
2020-08-12,US,Pennsylvania,Indiana,335,7,0,40.65241041,-79.08963285,42063.0,398.46324027928114,2.08955223880597,328,326,7,0,319,322,84501,9,0,0,9,4
2020-08-12,US,Pennsylvania,Jefferson,74,1,0,41.12913106,-78.9986361,42065.0,170.40875071963154,1.351351351351351,73,73,1,0,72,73,43641,1,0,0,1,0
2020-08-12,US,Pennsylvania,Juniata,135,6,0,40.53358749,-77.39975129999998,42067.0,545.1681944837055,4.4444444444444455,129,133,6,0,127,133,24704,2,0,0,2,0
2020-08-12,US,Pennsylvania,Lackawanna,1946,212,0,41.43564672,-75.60379201,42069.0,928.1074429829164,10.894141829393627,1734,1944,212,0,1732,1940,210793,2,0,0,2,4
2020-08-12,US,Pennsylvania,Lancaster,6028,417,0,40.03904563,-76.24770128,42071.0,1104.5876670258226,6.917717319177173,5611,5999,414,0,5585,5975,543557,29,3,0,26,24
2020-08-12,US,Pennsylvania,Lawrence,401,16,0,40.99206278,-80.33393706,42073.0,468.94003180840116,3.990024937655861,385,392,16,0,376,392,86184,9,0,0,9,0
2020-08-12,US,Pennsylvania,Lebanon,1626,55,0,40.36680311,-76.45651841,42075.0,1146.742081767083,3.3825338253382533,1571,1621,55,0,1566,1617,141314,5,0,0,5,4
2020-08-12,US,Pennsylvania,Lehigh,5022,338,0,40.6154815,-75.59435245,42077.0,1359.8037463649216,6.730386300278774,4684,4992,338,0,4654,4975,368100,30,0,0,30,17
2020-08-12,US,Pennsylvania,Luzerne,3526,184,0,41.17823008,-75.98447579,42079.0,1110.8415743328178,5.218377765173001,3342,3477,184,0,3293,3462,317646,49,0,0,49,15
2020-08-12,US,Pennsylvania,Lycoming,411,20,0,41.34310539,-77.06629984,42081.0,362.7569528415962,4.866180048661801,391,407,20,0,387,400,113664,4,0,0,4,7
2020-08-12,US,Pennsylvania,McKean,34,1,0,41.80938602,-78.56478358,42083.0,83.69230769230771,2.9411764705882355,33,34,1,0,33,34,40968,0,0,0,0,0
2020-08-12,US,Pennsylvania,Mercer,456,11,0,41.30248872,-80.25816981,42085.0,416.72759175318026,2.4122807017543857,445,446,11,0,435,442,110683,10,0,0,10,4
2020-08-12,US,Pennsylvania,Mifflin,121,1,0,40.61116939,-77.61070738,42087.0,262.2567081364602,0.8264462809917356,120,120,1,0,119,120,46222,1,0,0,1,0
2020-08-12,US,Pennsylvania,Monroe,1650,124,0,41.05934058,-75.34031025,42089.0,969.0434660041933,7.5151515151515165,1526,1642,124,0,1518,1636,169507,8,0,0,8,6
2020-08-12,US,Pennsylvania,Montgomery,10219,859,0,40.21053671,-75.36652296,42091.0,1229.849021861442,8.405910558763088,9360,10187,858,0,9329,10149,828604,32,1,0,31,38
2020-08-12,US,Pennsylvania,Montour,104,3,0,41.03023987,-76.66345939,42093.0,570.4882062534283,2.8846153846153846,101,104,3,0,101,102,18240,0,0,0,0,2
2020-08-12,US,Pennsylvania,Northampton,3956,293,0,40.75182733,-75.30471829,42095.0,1295.838315017115,7.406471183013145,3663,3944,292,0,3652,3931,304807,12,1,0,11,13
2020-08-12,US,Pennsylvania,Northumberland,513,15,0,40.84785433,-76.70798222,42097.0,564.7105445658995,2.9239766081871346,498,507,13,0,494,475,91083,6,2,0,4,32
2020-08-12,US,Pennsylvania,Perry,125,5,0,40.40206612,-77.26297447,42099.0,270.1417704011065,4.0,120,124,5,0,119,124,46139,1,0,0,1,0
2020-08-12,US,Pennsylvania,Philadelphia,31725,1709,0,40.00338507,-75.1379271,42101.0,2002.7599894953744,5.386918833727345,30016,31584,1700,0,29884,31448,1584138,141,9,0,132,136
2020-08-12,US,Pennsylvania,Pike,526,21,0,41.33155042,-75.03208106,42103.0,942.500313569496,3.9923954372623576,505,526,21,0,505,526,55933,0,0,0,0,0
2020-08-12,US,Pennsylvania,Potter,20,0,0,41.74471626,-77.89559864,42105.0,121.0214207914801,0.0,20,20,0,0,20,20,16622,0,0,0,0,0
2020-08-12,US,Pennsylvania,Schuylkill,928,51,0,40.70497338,-76.2150785,42107.0,656.4845535126875,5.495689655172414,877,922,51,0,871,919,142067,6,0,0,6,3
2020-08-12,US,Pennsylvania,Snyder,112,2,0,40.77129231,-77.06840691,42109.0,277.41999405528577,1.7857142857142858,110,109,2,0,107,106,40540,3,0,0,3,3
2020-08-12,US,Pennsylvania,Somerset,138,3,0,39.97172723,-79.02699593,42111.0,187.8905877707735,2.1739130434782608,135,136,3,0,133,135,73952,2,0,0,2,1
2020-08-12,US,Pennsylvania,Sullivan,10,0,0,41.44634738,-76.51246591,42113.0,164.85328058028355,0.0,10,10,0,0,10,10,6071,0,0,0,0,0
2020-08-12,US,Pennsylvania,Susquehanna,217,27,0,41.82147784,-75.80071959,42115.0,538.0876810156715,12.442396313364055,190,215,27,0,188,214,40589,2,0,0,2,1
2020-08-12,US,Pennsylvania,Tioga,39,3,0,41.77255149,-77.25433032,42117.0,96.08041191397108,7.6923076923076925,36,38,3,0,35,38,40763,1,0,0,1,0
2020-08-12,US,Pennsylvania,Union,276,2,0,40.96188846,-77.05996014,42119.0,614.3846136722836,0.7246376811594203,274,262,2,0,260,238,44785,14,0,0,14,24
2020-08-12,US,Pennsylvania,Venango,67,0,0,41.40323442,-79.75845449,42121.0,132.23336227994,0.0,67,65,0,0,65,64,51266,2,0,0,2,1
2020-08-12,US,Pennsylvania,Warren,23,1,0,41.81304978,-79.26969577,42123.0,58.68694343088975,4.3478260869565215,22,23,1,0,22,23,39498,0,0,0,0,0
2020-08-12,US,Pennsylvania,Washington,871,13,0,40.19208869,-80.24582867,42125.0,421.04754308365364,1.492537313432836,858,862,13,0,849,855,207346,9,0,0,9,7
2020-08-12,US,Pennsylvania,Wayne,162,10,0,41.64938475,-75.29956506,42127.0,315.4144195011778,6.172839506172839,152,162,10,0,152,162,51276,0,0,0,0,0
2020-08-12,US,Pennsylvania,Westmoreland,1573,47,0,40.31377979999999,-79.46615476,42129.0,450.84680666897873,2.9879211697393515,1526,1555,47,0,1508,1553,350611,18,0,0,18,2
2020-08-12,US,Pennsylvania,Wyoming,61,8,0,41.51955538,-76.01074915,42131.0,227.66290960662843,13.114754098360656,53,61,8,0,53,61,27046,0,0,0,0,0
2020-08-12,US,Pennsylvania,York,2680,97,0,39.9210089,-76.73040131,42133.0,596.804867077304,3.6194029850746263,2583,2637,94,0,2543,2591,448273,43,3,0,40,46
2020-08-12,US,Puerto Rico,Adjuntas,95,0,0,18.180117000000006,-66.754367,72001.0,487.6045783503568,0.0,95,95,0,0,95,94,,0,0,0,0,1
2020-08-12,US,Puerto Rico,Aguada,148,0,0,18.360255,-67.17513100000001,72003.0,352.72527943945283,0.0,148,144,0,0,144,140,,4,0,0,4,4
2020-08-12,US,Puerto Rico,Aguadilla,233,0,0,18.459681,-67.12081500000001,72005.0,382.2868299726001,0.0,233,232,0,0,232,230,,1,0,0,1,2
2020-08-12,US,Puerto Rico,Aguas Buenas,138,0,0,18.251619,-66.126806,72007.0,481.52412854600647,0.0,138,137,0,0,137,133,,1,0,0,1,4
2020-08-12,US,Puerto Rico,Aibonito,93,0,0,18.131361,-66.264131,72009.0,359.0733590733592,0.0,93,91,0,0,91,89,,2,0,0,2,2
2020-08-12,US,Puerto Rico,Anasco,150,0,0,18.287985,-67.120611,72011.0,512.6277297426609,0.0,150,147,0,0,147,145,,3,0,0,3,2
2020-08-12,US,Puerto Rico,Arecibo,341,0,0,18.406631,-66.675077,72013.0,353.58772293654084,0.0,341,336,0,0,336,324,,5,0,0,5,12
2020-08-12,US,Puerto Rico,Arroyo,96,0,0,17.998457000000005,-66.056546,72015.0,490.4214559386973,0.0,96,94,0,0,94,92,,2,0,0,2,2
2020-08-12,US,Puerto Rico,Barceloneta,96,0,0,18.445532999999998,-66.56053100000001,72017.0,386.84719535783364,0.0,96,95,0,0,95,95,,1,0,0,1,0
2020-08-12,US,Puerto Rico,Barranquitas,264,0,0,18.201592,-66.30963,72019.0,870.7698396991887,0.0,264,260,0,0,260,248,,4,0,0,4,12
2020-08-12,US,Puerto Rico,Bayamon,1663,0,0,18.34946,-66.168435,72021.0,799.0735935728153,0.0,1663,1604,0,0,1604,1565,,59,0,0,59,39
2020-08-12,US,Puerto Rico,Cabo Rojo,220,0,0,18.040993,-67.154391,72023.0,432.0757310917768,0.0,220,216,0,0,216,210,,4,0,0,4,6
2020-08-12,US,Puerto Rico,Caguas,795,0,0,18.211615,-66.050779,72025.0,556.3603535512586,0.0,795,773,0,0,773,745,,22,0,0,22,28
2020-08-12,US,Puerto Rico,Camuy,145,0,0,18.418578,-66.860206,72027.0,412.4121846468897,0.0,145,144,0,0,144,143,,1,0,0,1,1
2020-08-12,US,Puerto Rico,Canovanas,412,0,0,18.328802,-65.887612,72029.0,864.6742780389524,0.0,412,404,0,0,404,388,,8,0,0,8,16
2020-08-12,US,Puerto Rico,Carolina,1389,0,0,18.374986,-65.95683100000001,72031.0,785.8023783392357,0.0,1389,1337,0,0,1337,1302,,52,0,0,52,35
2020-08-12,US,Puerto Rico,Catano,205,0,0,18.437269,-66.14330600000001,72033.0,728.5003553660271,0.0,205,200,0,0,200,198,,5,0,0,5,2
2020-08-12,US,Puerto Rico,Cayey,203,0,0,18.102851,-66.14914,72035.0,421.8707786944866,0.0,203,203,0,0,203,199,,0,0,0,0,4
2020-08-12,US,Puerto Rico,Ceiba,72,0,0,18.251818,-65.666416,72037.0,528.2077617196097,0.0,72,72,0,0,72,70,,0,0,0,0,2
2020-08-12,US,Puerto Rico,Ciales,161,0,0,18.28885,-66.516475,72039.0,857.2037056756468,0.0,161,158,0,0,158,155,,3,0,0,3,3
2020-08-12,US,Puerto Rico,Cidra,181,0,0,18.173559,-66.161179,72041.0,416.28334866605337,0.0,181,177,0,0,177,171,,4,0,0,4,6
2020-08-12,US,Puerto Rico,Coamo,155,0,0,18.097597,-66.36014,72043.0,382.6026856240126,0.0,155,153,0,0,153,152,,2,0,0,2,1
2020-08-12,US,Puerto Rico,Comerio,130,0,0,18.224687,-66.221622,72045.0,625.6617576282607,0.0,130,122,0,0,122,122,,8,0,0,8,0
2020-08-12,US,Puerto Rico,Corozal,249,0,0,18.304264,-66.327738,72047.0,670.4000861558344,0.0,249,247,0,0,247,242,,2,0,0,2,5
2020-08-12,US,Puerto Rico,Culebra,19,0,0,18.31586,-65.28813000000001,72049.0,1045.1045104510451,0.0,19,19,0,0,19,19,,0,0,0,0,0
2020-08-12,US,Puerto Rico,Dorado,341,0,0,18.436115,-66.278669,72051.0,893.4887986374948,0.0,341,332,0,0,332,325,,9,0,0,9,7
2020-08-12,US,Puerto Rico,Fajardo,276,0,0,18.318373,-65.666866,72053.0,746.0870975589978,0.0,276,266,0,0,266,256,,10,0,0,10,10
2020-08-12,US,Puerto Rico,Florida,188,0,0,18.373715,-66.560488,72054.0,1482.6498422712937,0.0,188,188,0,0,188,178,,0,0,0,0,10
2020-08-12,US,Puerto Rico,Guanica,62,0,0,17.982429,-66.91964300000001,72055.0,319.1434601328049,0.0,62,61,0,0,61,59,,1,0,0,1,2
2020-08-12,US,Puerto Rico,Guayama,168,0,0,18.007516,-66.13390799999999,72057.0,370.35404082712404,0.0,168,164,0,0,164,162,,4,0,0,4,2
2020-08-12,US,Puerto Rico,Guayanilla,132,0,0,18.039942,-66.79186,72059.0,611.6491358139102,0.0,132,131,0,0,131,129,,1,0,0,1,2
2020-08-12,US,Puerto Rico,Guaynabo,907,0,0,18.345114000000002,-66.11452299999999,72061.0,926.2285037375923,0.0,907,880,0,0,880,861,,27,0,0,27,19
2020-08-12,US,Puerto Rico,Gurabo,274,0,0,18.266461,-65.97970500000001,72063.0,603.9366086975688,0.0,274,267,0,0,267,261,,7,0,0,7,6
2020-08-12,US,Puerto Rico,Hatillo,118,0,0,18.410928,-66.79632600000001,72065.0,281.26713226706073,0.0,118,116,0,0,116,114,,2,0,0,2,2
2020-08-12,US,Puerto Rico,Hormigueros,98,0,0,18.134532,-67.113972,72067.0,568.1159420289855,0.0,98,98,0,0,98,97,,0,0,0,0,1
2020-08-12,US,Puerto Rico,Humacao,201,0,0,18.145211,-65.810174,72069.0,343.78955290254163,0.0,201,197,0,0,197,192,,4,0,0,4,5
2020-08-12,US,Puerto Rico,Isabela,142,0,0,18.44981,-67.005093,72071.0,311.1919528390787,0.0,142,142,0,0,142,141,,0,0,0,0,1
2020-08-12,US,Puerto Rico,Jayuya,180,0,0,18.211446,-66.58878,72073.0,1081.6007691383247,0.0,180,180,0,0,180,179,,0,0,0,0,1
2020-08-12,US,Puerto Rico,Juana Diaz,204,0,0,18.050764,-66.49458100000001,72075.0,255.32873574727455,0.0,204,202,0,0,202,197,,2,0,0,2,5
2020-08-12,US,Puerto Rico,Juncos,149,0,0,18.223793,-65.909109,72077.0,369.81881360138993,0.0,149,143,0,0,143,141,,6,0,0,6,2
2020-08-12,US,Puerto Rico,Lajas,84,0,0,18.011661,-67.040585,72079.0,326.17559119325904,0.0,84,83,0,0,83,82,,1,0,0,1,1
2020-08-12,US,Puerto Rico,Lares,192,0,0,18.269035000000002,-66.867236,72081.0,624.3293337235393,0.0,192,182,0,0,182,175,,10,0,0,10,7
2020-08-12,US,Puerto Rico,Las Marias,72,0,0,18.23679,-66.98362,72083.0,728.6711871268091,0.0,72,72,0,0,72,72,,0,0,0,0,0
2020-08-12,US,Puerto Rico,Las Piedras,168,0,0,18.187527,-65.86946800000001,72085.0,434.3891402714932,0.0,168,163,0,0,163,158,,5,0,0,5,5
2020-08-12,US,Puerto Rico,Loiza,136,0,0,18.425688,-65.89943000000001,72087.0,452.4284763805722,0.0,136,136,0,0,136,135,,0,0,0,0,1
2020-08-12,US,Puerto Rico,Luquillo,119,0,0,18.342114000000002,-65.72509699999999,72089.0,592.9838548933626,0.0,119,118,0,0,118,110,,1,0,0,1,8
2020-08-12,US,Puerto Rico,Manati,274,0,0,18.420473,-66.490461,72091.0,621.1320925804184,0.0,274,256,0,0,256,249,,18,0,0,18,7
2020-08-12,US,Puerto Rico,Maricao,42,0,0,18.171795,-66.942126,72093.0,669.2160611854682,0.0,42,42,0,0,42,42,,0,0,0,0,0
2020-08-12,US,Puerto Rico,Maunabo,64,0,0,18.017889,-65.922235,72095.0,523.517382413088,0.0,64,63,0,0,63,63,,1,0,0,1,0
2020-08-12,US,Puerto Rico,Mayaguez,519,0,0,18.2013,-67.1452,72097.0,582.622361921868,0.0,519,516,0,0,516,507,,3,0,0,3,9
2020-08-12,US,Puerto Rico,Moca,181,0,0,18.377805,-67.080952,72099.0,451.2702884639358,0.0,181,180,0,0,180,177,,1,0,0,1,3
2020-08-12,US,Puerto Rico,Morovis,276,0,0,18.316963,-66.420383,72101.0,846.3661453541858,0.0,276,263,0,0,263,258,,13,0,0,13,5
2020-08-12,US,Puerto Rico,Naguabo,99,0,0,18.230636999999998,-65.753897,72103.0,370.50898203592817,0.0,99,96,0,0,96,94,,3,0,0,3,2
2020-08-12,US,Puerto Rico,Naranjito,317,0,0,18.288019,-66.252703,72105.0,1042.6945595684494,0.0,317,300,0,0,300,294,,17,0,0,17,6
2020-08-12,US,Puerto Rico,Orocovis,230,0,0,18.215046,-66.433604,72107.0,981.9408273918796,0.0,230,227,0,0,227,221,,3,0,0,3,6
2020-08-12,US,Puerto Rico,Out of PR,655,0,0,0.0,0.0,72888.0,0.0,0.0,655,655,0,0,655,654,,0,0,0,0,1
2020-08-12,US,Puerto Rico,Patillas,108,0,0,18.03174,-66.012242,72109.0,560.2531514239769,0.0,108,107,0,0,107,107,,1,0,0,1,0
2020-08-12,US,Puerto Rico,Penuelas,78,0,0,18.059645,-66.721572,72111.0,321.2255992092908,0.0,78,78,0,0,78,76,,0,0,0,0,2
2020-08-12,US,Puerto Rico,Ponce,510,0,0,18.059498,-66.613748,72113.0,306.6249015493576,0.0,510,506,0,0,506,499,,4,0,0,4,7
2020-08-12,US,Puerto Rico,Quebradillas,81,0,0,18.439692,-66.926113,72115.0,312.51205679231447,0.0,81,81,0,0,81,81,,0,0,0,0,0
2020-08-12,US,Puerto Rico,Rincon,101,0,0,18.335442999999998,-67.23174,72117.0,664.4736842105264,0.0,101,98,0,0,98,98,,3,0,0,3,0
2020-08-12,US,Puerto Rico,Rio Grande,317,0,0,18.346329,-65.813742,72119.0,583.7507365939894,0.0,317,311,0,0,311,302,,6,0,0,6,9
2020-08-12,US,Puerto Rico,Sabana Grande,132,0,0,18.08282,-66.943758,72121.0,522.4619038195132,0.0,132,131,0,0,131,130,,1,0,0,1,1
2020-08-12,US,Puerto Rico,Salinas,196,0,0,18.010386999999994,-66.256592,72123.0,630.6712143638587,0.0,196,193,0,0,193,187,,3,0,0,3,6
2020-08-12,US,Puerto Rico,San German,147,0,0,18.111484,-67.03858100000001,72125.0,413.7698088777549,0.0,147,147,0,0,147,146,,0,0,0,0,1
2020-08-12,US,Puerto Rico,San Juan,3657,0,0,18.386933,-66.061128,72127.0,925.0593181323767,0.0,3657,3477,0,0,3477,3361,,180,0,0,180,116
2020-08-12,US,Puerto Rico,San Lorenzo,186,0,0,18.147987,-65.976392,72129.0,453.01768230308335,0.0,186,183,0,0,183,179,,3,0,0,3,4
2020-08-12,US,Puerto Rico,San Sebastian,245,0,0,18.328646,-66.971214,72131.0,577.4216356351639,0.0,245,241,0,0,241,236,,4,0,0,4,5
2020-08-12,US,Puerto Rico,Santa Isabel,102,0,0,17.994525,-66.388913,72133.0,438.2572828048466,0.0,102,100,0,0,100,98,,2,0,0,2,2
2020-08-12,US,Puerto Rico,Toa Alta,627,0,0,18.362406,-66.246616,72135.0,846.5422731077687,0.0,627,613,0,0,613,595,,14,0,0,14,18
2020-08-12,US,Puerto Rico,Toa Baja,580,0,0,18.431445999999998,-66.213553,72137.0,647.2564139762748,0.0,580,558,0,0,558,543,,22,0,0,22,15
2020-08-12,US,Puerto Rico,Trujillo Alto,562,0,0,18.336159,-65.99888399999999,72139.0,750.9152614841934,0.0,562,543,0,0,543,514,,19,0,0,19,29
2020-08-12,US,Puerto Rico,Unassigned,578,295,0,0.0,0.0,72999.0,0.0,51.03806228373703,283,543,287,0,256,550,,35,8,0,27,-7
2020-08-12,US,Puerto Rico,Utuado,78,0,0,18.271214,-66.702984,72141.0,235.30121572294792,0.0,78,76,0,0,76,75,,2,0,0,2,1
2020-08-12,US,Puerto Rico,Vega Alta,266,0,0,18.409346,-66.33725,72143.0,665.815624139571,0.0,266,258,0,0,258,250,,8,0,0,8,8
2020-08-12,US,Puerto Rico,Vega Baja,443,0,0,18.428262,-66.397924,72145.0,742.5161744493982,0.0,443,429,0,0,429,418,,14,0,0,14,11
2020-08-12,US,Puerto Rico,Vieques,71,0,0,18.123276,-65.44097099999999,72147.0,763.3587786259543,0.0,71,71,0,0,71,60,,0,0,0,0,11
2020-08-12,US,Puerto Rico,Villalba,85,0,0,18.127951,-66.473115,72149.0,326.0077474782342,0.0,85,83,0,0,83,81,,2,0,0,2,2
2020-08-12,US,Puerto Rico,Yabucoa,145,0,0,18.070399,-65.896289,72151.0,382.17232018133416,0.0,145,142,0,0,142,126,,3,0,0,3,16
2020-08-12,US,Puerto Rico,Yauco,258,0,0,18.080374,-66.858814,72153.0,613.6574459481959,0.0,258,255,0,0,255,255,,3,0,0,3,0
2020-08-12,US,Rhode Island,Bristol,322,0,0,41.71018079,-71.28652315,44001.0,664.205119742569,0.0,322,316,0,0,316,316,48649,6,0,0,6,0
2020-08-12,US,Rhode Island,Kent,1544,0,0,41.67106337,-71.57641596,44003.0,939.7901297689481,0.0,1544,1494,0,0,1494,1494,163861,50,0,0,50,0
2020-08-12,US,Rhode Island,Newport,405,0,0,41.5642026,-71.26569799,44005.0,493.40902999439584,0.0,405,396,0,0,396,396,82542,9,0,0,9,0
2020-08-12,US,Rhode Island,Providence,15644,0,0,41.87064746,-71.57753536,44007.0,2448.464701196217,0.0,15644,15047,0,0,15047,15047,636084,597,0,0,597,0
2020-08-12,US,Rhode Island,Unassigned,1593,1018,0,0.0,0.0,90044.0,0.0,63.90458254865034,575,2193,1016,0,1177,2074,,-600,2,0,-602,119
2020-08-12,US,Rhode Island,Washington,621,0,0,41.45961631,-71.61435303,44009.0,494.5173081057837,0.0,621,607,0,0,607,607,126179,14,0,0,14,0
2020-08-12,US,South Carolina,Abbeville,354,9,0,34.22333378,-82.46170658,45001.0,1443.3073755453174,2.5423728813559316,345,346,9,0,337,335,24541,8,0,0,8,11
2020-08-12,US,South Carolina,Aiken,1991,42,0,33.54338026,-81.63645384,45003.0,1165.1996816330352,2.1094927172275244,1949,1934,39,0,1895,1883,169401,57,3,0,54,51
2020-08-12,US,South Carolina,Allendale,231,5,0,32.98837386,-81.35321066,45005.0,2658.839779005525,2.1645021645021645,226,232,5,0,227,228,8903,-1,0,0,-1,4
2020-08-12,US,South Carolina,Anderson,2440,67,0,34.51828081,-82.63959517,45007.0,1204.593252303044,2.7459016393442623,2373,2405,67,0,2338,2350,200482,35,0,0,35,55
2020-08-12,US,South Carolina,Bamberg,481,25,0,33.21927586,-81.05659969,45009.0,3419.593345656192,5.1975051975051985,456,480,24,0,456,479,14275,1,1,0,0,1
2020-08-12,US,South Carolina,Barnwell,433,7,0,33.26679302,-81.43584352,45011.0,2075.1461708041793,1.6166281755196306,426,431,7,0,424,420,21112,2,0,0,2,11
2020-08-12,US,South Carolina,Beaufort,4214,58,0,32.39226291,-80.72619758,45013.0,2193.397945055746,1.3763644992880872,4156,4194,57,0,4137,4131,188715,20,1,0,19,63
2020-08-12,US,South Carolina,Berkeley,4298,69,0,33.20222596,-79.94654523,45015.0,1885.85695042276,1.6053978594695206,4229,4272,68,0,4204,4186,221091,26,1,0,25,86
2020-08-12,US,South Carolina,Calhoun,380,13,0,33.66926881,-80.77722168,45017.0,2611.145468288325,3.421052631578948,367,377,13,0,364,383,14520,3,0,0,3,-6
2020-08-12,US,South Carolina,Charleston,12555,206,0,32.82487866,-79.96512315,45019.0,3051.729921294293,1.6407805655117482,12349,12454,203,0,12251,12377,405905,101,3,0,98,77
2020-08-12,US,South Carolina,Cherokee,679,31,0,35.05122251,-81.61828622,45021.0,1184.9912739965096,4.5655375552282775,648,668,30,0,638,641,57078,11,1,0,10,27
2020-08-12,US,South Carolina,Chester,709,14,0,34.69249168,-81.1583216,45023.0,2198.858702394244,1.9746121297602257,695,691,14,0,677,671,32251,18,0,0,18,20
2020-08-12,US,South Carolina,Chesterfield,791,21,0,34.64137396,-80.15640140000002,45025.0,1732.7491785323114,2.6548672566371683,770,783,21,0,762,777,45754,8,0,0,8,6
2020-08-12,US,South Carolina,Clarendon,867,54,0,33.66610974,-80.21647898,45027.0,2569.26952141058,6.228373702422147,813,859,53,0,806,846,33700,8,1,0,7,13
2020-08-12,US,South Carolina,Colleton,831,34,0,32.87582989,-80.67641292,45029.0,2205.5896170077235,4.091456077015644,797,828,34,0,794,825,37660,3,0,0,3,3
2020-08-12,US,South Carolina,Darlington,1346,36,0,34.33358335,-79.96027485,45031.0,2020.4749467110992,2.674591381872214,1310,1335,36,0,1299,1312,66802,11,0,0,11,23
2020-08-12,US,South Carolina,Dillon,657,25,0,34.39007791,-79.37741872,45033.0,2155.582532235309,3.8051750380517504,632,654,25,0,629,644,30599,3,0,0,3,10
2020-08-12,US,South Carolina,Dorchester,3147,51,0,33.0794369,-80.40502652,45035.0,1932.939825193939,1.6205910390848428,3096,3113,50,0,3063,3135,160647,34,1,0,33,-22
2020-08-12,US,South Carolina,Edgefield,341,7,0,33.77221995,-81.96231108,45037.0,1250.9170946441673,2.0527859237536656,334,338,7,0,331,332,27052,3,0,0,3,6
2020-08-12,US,South Carolina,Fairfield,574,24,0,34.39287073,-81.1195624,45039.0,2568.5774376873856,4.181184668989547,550,572,24,0,548,573,22402,2,0,0,2,-1
2020-08-12,US,South Carolina,Florence,3551,119,0,34.02361754,-79.70189312,45041.0,2567.736617182359,3.3511686848774986,3432,3511,117,0,3394,3480,138159,40,2,0,38,31
2020-08-12,US,South Carolina,Georgetown,1492,24,0,33.43443342,-79.33202141,45043.0,2380.344607530313,1.6085790884718498,1468,1479,19,0,1460,1461,62249,13,5,0,8,18
2020-08-12,US,South Carolina,Greenville,11056,218,0,34.89502264,-82.37295012,45045.0,2111.7694473413785,1.97178002894356,10838,11028,213,0,10815,11001,514213,28,5,0,23,27
2020-08-12,US,South Carolina,Greenwood,1455,20,0,34.15272415,-82.12715789,45047.0,2054.765502534917,1.3745704467353952,1435,1442,18,0,1424,1416,70741,13,2,0,11,26
2020-08-12,US,South Carolina,Hampton,445,13,0,32.77419582,-81.13845571,45049.0,2315.0556653834146,2.9213483146067416,432,444,12,0,432,441,19351,1,1,0,0,3
2020-08-12,US,South Carolina,Horry,8706,162,0,33.9212828,-78.99555293,45051.0,2458.7594364001457,1.8607856650585803,8544,8678,160,0,8518,8625,344147,28,2,0,26,53
2020-08-12,US,South Carolina,Jasper,608,17,0,32.43171982,-81.02487495,45053.0,2021.7470821002228,2.796052631578948,591,609,17,0,592,597,28971,-1,0,0,-1,12
2020-08-12,US,South Carolina,Kershaw,1418,27,0,34.33988254,-80.58763164,45055.0,2130.696758876651,1.904090267983075,1391,1409,27,0,1382,1407,65592,9,0,0,9,2
2020-08-12,US,South Carolina,Lancaster,1265,26,0,34.68270843,-80.70513032,45057.0,1290.658286740399,2.0553359683794468,1239,1247,26,0,1221,1227,95380,18,0,0,18,20
2020-08-12,US,South Carolina,Laurens,1353,46,0,34.48244419,-82.00490796,45059.0,2004.6523343161514,3.3998521803399853,1307,1349,46,0,1303,1340,66994,4,0,0,4,9
2020-08-12,US,South Carolina,Lee,561,30,0,34.16393091,-80.25690731,45061.0,3333.7294984549562,5.3475935828877015,531,559,29,0,530,566,17142,2,1,0,1,-7
2020-08-12,US,South Carolina,Lexington,5054,115,0,33.89665987,-81.27146426,45063.0,1691.7154811715482,2.2754254056193117,4939,5032,113,0,4919,4980,295032,22,2,0,20,52
2020-08-12,US,South Carolina,Marion,566,13,0,34.07859748,-79.36400756,45067.0,1846.2341390220831,2.2968197879858656,553,560,13,0,547,558,31039,6,0,0,6,2
2020-08-12,US,South Carolina,Marlboro,517,4,0,34.59905577,-79.67561152,45069.0,1979.4777548051154,0.7736943907156673,513,516,4,0,512,507,26398,1,0,0,1,9
2020-08-12,US,South Carolina,McCormick,127,2,0,33.90161443,-82.30794338,45065.0,1342.069111275494,1.5748031496062993,125,127,2,0,125,120,9410,0,0,0,0,7
2020-08-12,US,South Carolina,Newberry,873,10,0,34.28629098,-81.59935761,45071.0,2271.071800208117,1.145475372279496,863,855,10,0,845,854,38520,18,0,0,18,1
2020-08-12,US,South Carolina,Oconee,847,11,0,34.75225169,-83.06742317,45073.0,1064.7926985643528,1.2987012987012987,836,844,11,0,833,839,78374,3,0,0,3,5
2020-08-12,US,South Carolina,Orangeburg,2462,70,0,33.4391073,-80.79886287,45075.0,2856.9770815201623,2.843216896831844,2392,2450,68,0,2382,2441,86934,12,2,0,10,9
2020-08-12,US,South Carolina,Pickens,1882,27,0,34.88807695,-82.72791551,45077.0,1483.244538318464,1.4346439957492032,1855,1876,27,0,1849,1863,124937,6,0,0,6,13
2020-08-12,US,South Carolina,Richland,9049,158,0,34.01791263,-80.90267209,45079.0,2176.5012904110313,1.7460492872140567,8891,8917,154,0,8763,8836,414576,132,4,0,128,81
2020-08-12,US,South Carolina,Saluda,468,9,0,34.00795823,-81.72713237,45081.0,2285.9375763200314,1.9230769230769231,459,465,8,0,457,459,20544,3,1,0,2,6
2020-08-12,US,South Carolina,Spartanburg,4222,108,0,34.92960077,-81.99225984,45083.0,1320.2620510655595,2.5580293699668397,4114,4172,102,0,4070,4100,313888,50,6,0,44,72
2020-08-12,US,South Carolina,Sumter,2586,53,0,33.91826534,-80.37942316,45085.0,2423.140712699469,2.0494972931167825,2533,2557,52,0,2505,2539,106512,29,1,0,28,18
2020-08-12,US,South Carolina,Union,378,4,0,34.68835752,-81.61730349,45087.0,1383.8043637428616,1.058201058201058,374,375,4,0,371,364,27410,3,0,0,3,11
2020-08-12,US,South Carolina,Williamsburg,1036,31,0,33.62190129,-79.72767442,45089.0,3411.4857744994733,2.9922779922779923,1005,1026,31,0,995,1020,30606,10,0,0,10,6
2020-08-12,US,South Carolina,York,3678,29,0,34.97281497,-81.18085944,45091.0,1308.9946223739141,0.7884719956498096,3649,3637,29,0,3608,3590,274118,41,0,0,41,47
2020-08-12,US,South Dakota,Aurora,38,0,0,43.71757685,-98.56050467,46003.0,1381.315885132679,0.0,38,38,0,0,38,38,2801,0,0,0,0,0
2020-08-12,US,South Dakota,Beadle,594,9,0,44.41464384,-98.27858469,46005.0,3218.9887823118193,1.5151515151515151,585,594,9,0,585,594,18883,0,0,0,0,0
2020-08-12,US,South Dakota,Bennett,6,0,0,43.19486375,-101.6665572,46007.0,178.30609212481426,0.0,6,6,0,0,6,6,3468,0,0,0,0,0
2020-08-12,US,South Dakota,Bon Homme,13,0,0,42.98914167,-97.88592746,46009.0,188.37849587016373,0.0,13,13,0,0,13,13,6980,0,0,0,0,0
2020-08-12,US,South Dakota,Brookings,142,1,0,44.36974375,-96.79079945,46011.0,404.8236736322947,0.7042253521126759,141,140,1,0,139,139,35232,2,0,0,2,1
2020-08-12,US,South Dakota,Brown,452,3,0,45.58994323,-98.35165355,46013.0,1163.7786760730196,0.6637168141592921,449,451,3,0,448,446,39316,1,0,0,1,5
2020-08-12,US,South Dakota,Brule,46,0,0,43.71756379,-99.08118954,46015.0,868.4160845761752,0.0,46,46,0,0,46,45,5229,0,0,0,0,1
2020-08-12,US,South Dakota,Buffalo,109,3,0,44.07657829,-99.20814467,46017.0,5555.555555555556,2.7522935779816518,106,109,3,0,106,109,2036,0,0,0,0,0
2020-08-12,US,South Dakota,Butte,18,1,0,44.90608745,-103.5079318,46019.0,172.59564675424298,5.5555555555555545,17,18,1,0,17,18,10222,0,0,0,0,0
2020-08-12,US,South Dakota,Campbell,3,0,0,45.77074915,-100.0510181,46021.0,218.02325581395348,0.0,3,3,0,0,3,3,1377,0,0,0,0,0
2020-08-12,US,South Dakota,Charles Mix,103,0,0,43.20660134,-98.58856175,46023.0,1108.4804132587171,0.0,103,103,0,0,103,104,9338,0,0,0,0,-1
2020-08-12,US,South Dakota,Clark,16,0,0,44.85834507,-97.72925109,46025.0,428.2655246252677,0.0,16,16,0,0,16,16,3739,0,0,0,0,0
2020-08-12,US,South Dakota,Clay,132,0,0,42.91296147,-96.97656917,46027.0,938.1663113006397,0.0,132,131,0,0,131,130,14041,1,0,0,1,1
2020-08-12,US,South Dakota,Codington,143,1,0,44.97788119,-97.18827677,46029.0,510.5501802991896,0.6993006993006993,142,138,1,0,137,137,28015,5,0,0,5,1
2020-08-12,US,South Dakota,Corson,37,0,0,45.70889983,-101.1970473,46031.0,905.5310817425354,0.0,37,36,0,0,36,34,4165,1,0,0,1,2
2020-08-12,US,South Dakota,Custer,36,0,0,43.67741105,-103.45345209999999,46033.0,401.2483281319661,0.0,36,36,0,0,36,36,8726,0,0,0,0,0
2020-08-12,US,South Dakota,Davison,96,1,0,43.67490933,-98.14458906,46035.0,485.46144121365364,1.0416666666666667,95,96,1,0,95,97,19790,0,0,0,0,-1
2020-08-12,US,South Dakota,Day,23,0,0,45.367281,-97.60737498,46037.0,424.0412979351032,0.0,23,23,0,0,23,23,5505,0,0,0,0,0
2020-08-12,US,South Dakota,Deuel,11,0,0,44.75994309,-96.66943645,46039.0,252.8154447253505,0.0,11,11,0,0,11,11,4337,0,0,0,0,0
2020-08-12,US,South Dakota,Dewey,49,0,0,45.15639647,-100.8709139,46041.0,831.6361167684996,0.0,49,48,0,0,48,48,5904,1,0,0,1,0
2020-08-12,US,South Dakota,Douglas,19,0,0,43.38520741,-98.36978007,46043.0,650.4621704895584,0.0,19,19,0,0,19,17,2935,0,0,0,0,2
2020-08-12,US,South Dakota,Edmunds,18,0,0,45.41846445,-99.21545423,46045.0,470.09663097414483,0.0,18,17,0,0,17,16,3875,1,0,0,1,1
2020-08-12,US,South Dakota,Fall River,22,0,0,43.23929297,-103.5275691,46047.0,327.7223298078356,0.0,22,22,0,0,22,22,6758,0,0,0,0,0
2020-08-12,US,South Dakota,Faulk,28,1,0,45.07082625,-99.14535601,46049.0,1217.9208351457155,3.571428571428572,27,27,1,0,26,27,2330,1,0,0,1,0
2020-08-12,US,South Dakota,Grant,27,0,0,45.1723937,-96.77002276,46051.0,382.8701077708452,0.0,27,27,0,0,27,27,7147,0,0,0,0,0
2020-08-12,US,South Dakota,Gregory,7,0,0,43.19419064,-99.18883902,46053.0,167.26403823178018,0.0,7,7,0,0,7,7,4212,0,0,0,0,0
2020-08-12,US,South Dakota,Haakon,2,0,0,44.29299053,-101.539099,46055.0,105.318588730911,0.0,2,2,0,0,2,2,1918,0,0,0,0,0
2020-08-12,US,South Dakota,Hamlin,24,0,0,44.67385954,-97.18829593,46057.0,389.3575600259572,0.0,24,22,0,0,22,22,6111,2,0,0,2,0
2020-08-12,US,South Dakota,Hand,9,0,0,44.54708407,-99.00386459,46059.0,282.0432466311501,0.0,9,8,0,0,8,8,3262,1,0,0,1,0
2020-08-12,US,South Dakota,Hanson,21,0,0,43.6746384,-97.78715148,46061.0,608.1668114682883,0.0,21,21,0,0,21,21,3376,0,0,0,0,0
2020-08-12,US,South Dakota,Hughes,93,2,0,44.39091534,-99.99661148,46065.0,530.640191715166,2.150537634408602,91,93,2,0,91,93,17650,0,0,0,0,0
2020-08-12,US,South Dakota,Hutchinson,30,0,0,43.33449012,-97.75536441,46067.0,411.4661911946235,0.0,30,29,0,0,29,29,7380,1,0,0,1,0
2020-08-12,US,South Dakota,Hyde,4,0,0,44.54747703,-99.48572582,46069.0,307.455803228286,0.0,4,3,0,0,3,3,1282,1,0,0,1,0
2020-08-12,US,South Dakota,Jackson,11,1,0,43.69318385,-101.6255063,46071.0,328.9473684210526,9.090909090909092,10,11,1,0,10,11,3307,0,0,0,0,0
2020-08-12,US,South Dakota,Jerauld,39,1,0,44.06637798,-98.62965972,46073.0,1937.4068554396426,2.5641025641025643,38,39,1,0,38,39,2043,0,0,0,0,0
2020-08-12,US,South Dakota,Jones,2,0,0,43.96278565,-100.6940008,46075.0,221.48394241417492,0.0,2,2,0,0,2,2,928,0,0,0,0,0
2020-08-12,US,South Dakota,Kingsbury,14,0,0,44.36956169,-97.4913945,46077.0,283.4581899169873,0.0,14,14,0,0,14,14,4919,0,0,0,0,0
2020-08-12,US,South Dakota,Lake,95,2,0,44.02193107,-97.12926365,46079.0,742.3614909744472,2.1052631578947367,93,94,2,0,92,94,13057,1,0,0,1,0
2020-08-12,US,South Dakota,Lawrence,62,0,0,44.35919441,-103.79294279999999,46081.0,239.90094412629622,0.0,62,61,0,0,61,60,25741,1,0,0,1,1
2020-08-12,US,South Dakota,Lincoln,667,2,0,43.27841182,-96.72039050000001,46083.0,1091.1529904462766,0.29985007496251875,665,653,2,0,651,642,58807,14,0,0,14,11
2020-08-12,US,South Dakota,Lyman,90,3,0,43.89522709,-99.85201878,46085.0,2380.322665961386,3.333333333333333,87,90,2,0,88,90,3821,0,1,0,-1,0
2020-08-12,US,South Dakota,Marshall,10,0,0,45.75870838,-97.59855639,46091.0,202.63424518743668,0.0,10,9,0,0,9,9,5112,1,0,0,1,0
2020-08-12,US,South Dakota,McCook,30,1,0,43.6742571,-97.36863144,46087.0,537.0569280343716,3.333333333333333,29,29,1,0,28,29,5546,1,0,0,1,0
2020-08-12,US,South Dakota,McPherson,8,0,0,45.76626028,-99.22118798,46089.0,336.27574611181166,0.0,8,8,0,0,8,8,2407,0,0,0,0,0
2020-08-12,US,South Dakota,Meade,97,1,0,44.56676791,-102.71627409999999,46093.0,342.3690526613017,1.0309278350515465,96,96,1,0,95,94,28294,1,0,0,1,2
2020-08-12,US,South Dakota,Mellette,24,0,0,43.58078848,-100.7563186,46095.0,1164.4832605531294,0.0,24,24,0,0,24,24,2042,0,0,0,0,0
2020-08-12,US,South Dakota,Miner,15,0,0,44.02197882,-97.60992207,46097.0,676.8953068592058,0.0,15,15,0,0,15,15,2213,0,0,0,0,0
2020-08-12,US,South Dakota,Minnehaha,4498,68,0,43.67441641,-96.7910885,46099.0,2328.9529549432,1.5117830146731883,4430,4457,68,0,4389,4437,192876,41,0,0,41,20
2020-08-12,US,South Dakota,Moody,32,0,0,44.02266214,-96.67081159,46101.0,486.61800486618006,0.0,32,32,0,0,32,32,6579,0,0,0,0,0
2020-08-12,US,South Dakota,Oglala Lakota,156,2,0,43.33749164,-102.55554980000001,46102.0,1100.3738449601467,1.2820512820512822,154,156,2,0,154,156,14309,0,0,0,0,0
2020-08-12,US,South Dakota,Pennington,910,32,0,44.0025835,-102.8240777,46103.0,799.8242144583608,3.5164835164835164,878,898,32,0,866,896,111729,12,0,0,12,2
2020-08-12,US,South Dakota,Perkins,6,0,0,45.49049506,-102.47555859999999,46105.0,209.42408376963348,0.0,6,6,0,0,6,6,2922,0,0,0,0,0
2020-08-12,US,South Dakota,Potter,1,0,0,45.06583079,-99.95498503,46107.0,46.44681839294008,0.0,1,1,0,0,1,1,2207,0,0,0,0,0
2020-08-12,US,South Dakota,Roberts,80,1,0,45.62975048,-96.94672673,46109.0,769.6748123917645,1.25,79,80,1,0,79,80,10447,0,0,0,0,0
2020-08-12,US,South Dakota,Sanborn,13,0,0,44.02351092,-98.09098159999999,46111.0,554.6075085324234,0.0,13,13,0,0,13,13,2429,0,0,0,0,0
2020-08-12,US,South Dakota,Spink,26,0,0,44.93837606,-98.34626602,46115.0,407.7791718946048,0.0,26,26,0,0,26,26,6495,0,0,0,0,0
2020-08-12,US,South Dakota,Stanley,14,0,0,44.41381872,-100.7349153,46117.0,451.9044544867656,0.0,14,14,0,0,14,14,3022,0,0,0,0,0
2020-08-12,US,South Dakota,Sully,3,0,0,44.71571812,-100.1278092,46119.0,215.67217828900073,0.0,3,3,0,0,3,3,1392,0,0,0,0,0
2020-08-12,US,South Dakota,Todd,73,5,0,43.19338568,-100.71955030000001,46121.0,717.3037240837183,6.849315068493151,68,69,5,0,64,69,10283,4,0,0,4,0
2020-08-12,US,South Dakota,Tripp,20,0,0,43.34459388,-99.8854891,46123.0,367.5794890645102,0.0,20,20,0,0,20,20,5478,0,0,0,0,0
2020-08-12,US,South Dakota,Turner,53,0,0,43.3109081,-97.14865776,46125.0,632.1564885496182,0.0,53,52,0,0,52,52,8424,1,0,0,1,0
2020-08-12,US,South Dakota,Union,217,4,0,42.83112163,-96.6557828,46127.0,1362.0386643233744,1.8433179723502304,213,216,4,0,212,216,15619,1,0,0,1,0
2020-08-12,US,South Dakota,Walworth,18,0,0,45.43019636,-100.03075140000001,46129.0,331.1867525298988,0.0,18,18,0,0,18,18,5587,0,0,0,0,0
2020-08-12,US,South Dakota,Yankton,125,2,0,43.00924485,-97.39467635,46135.0,547.9091785745595,1.6,123,119,2,0,117,117,22869,6,0,0,6,2
2020-08-12,US,South Dakota,Ziebach,35,0,0,44.97881876,-101.6654622,46137.0,1269.956458635704,0.0,35,35,0,0,35,35,2742,0,0,0,0,0
2020-08-12,US,Tennessee,Anderson,711,6,0,36.12684348,-84.19965764,47001.0,923.6405206682427,0.8438818565400844,705,698,6,0,692,693,76482,13,0,0,13,5
2020-08-12,US,Tennessee,Bedford,940,11,0,35.51123746,-86.45549096,47003.0,1890.8534990847463,1.1702127659574468,929,930,11,0,919,928,49038,10,0,0,10,2
2020-08-12,US,Tennessee,Benton,161,1,0,36.07110411,-88.06849355,47005.0,996.2871287128712,0.6211180124223602,160,158,1,0,157,159,16184,3,0,0,3,-1
2020-08-12,US,Tennessee,Bledsoe,717,2,0,35.59942968,-85.20611967,47007.0,4759.691980881572,0.2789400278940028,715,716,2,0,714,708,14755,1,0,0,1,8
2020-08-12,US,Tennessee,Blount,1333,15,0,35.68938198,-83.92847788,47009.0,1001.5929309930272,1.1252813203300824,1318,1324,12,0,1312,1314,131349,9,3,0,6,10
2020-08-12,US,Tennessee,Bradley,2013,15,0,35.15739424,-84.857186,47011.0,1861.9924151327352,0.7451564828614009,1998,1991,15,0,1976,1956,106727,22,0,0,22,35
2020-08-12,US,Tennessee,Campbell,257,1,0,36.40355516,-84.15108559999999,47013.0,645.0479393604738,0.3891050583657588,256,254,1,0,253,254,39583,3,0,0,3,0
2020-08-12,US,Tennessee,Cannon,157,0,0,35.80990797,-86.05738983,47015.0,1069.6280147159014,0.0,157,154,0,0,154,151,14462,3,0,0,3,3
2020-08-12,US,Tennessee,Carroll,341,5,0,35.97366108,-88.45189331,47017.0,1228.0764936795474,1.4662756598240467,336,330,3,0,327,325,28020,11,2,0,9,5
2020-08-12,US,Tennessee,Carter,564,6,0,36.28969086,-82.12588974,47019.0,1000.15959993616,1.0638297872340423,558,532,6,0,526,524,56351,32,0,0,32,8
2020-08-12,US,Tennessee,Cheatham,607,9,0,36.26136216,-87.08903581,47021.0,1492.610716305604,1.4827018121911038,598,601,8,0,593,599,40439,6,1,0,5,2
2020-08-12,US,Tennessee,Chester,230,2,0,35.42527478,-88.6095842,47023.0,1329.7103543967164,0.8695652173913043,228,225,2,0,223,223,17276,5,0,0,5,2
2020-08-12,US,Tennessee,Claiborne,281,0,0,36.48319149,-83.65947309,47025.0,879.2515410369534,0.0,281,277,0,0,277,276,31756,4,0,0,4,1
2020-08-12,US,Tennessee,Clay,83,0,0,36.55151008,-85.53930419,47027.0,1089.9540380827314,0.0,83,79,0,0,79,78,7717,4,0,0,4,1
2020-08-12,US,Tennessee,Cocke,485,5,0,35.9278914,-83.11828725,47029.0,1347.0725474947228,1.0309278350515465,480,482,4,0,478,478,35774,3,1,0,2,4
2020-08-12,US,Tennessee,Coffee,573,3,0,35.49090731,-86.07311784,47031.0,1013.8004246284501,0.5235602094240838,570,558,3,0,555,548,55700,15,0,0,15,10
2020-08-12,US,Tennessee,Crockett,277,5,0,35.81830662,-89.14916269,47033.0,1946.5917076598735,1.8050541516245489,272,274,5,0,269,269,14328,3,0,0,3,5
2020-08-12,US,Tennessee,Cumberland,483,6,0,35.95271721,-84.99840585,47035.0,798.0832782551222,1.2422360248447204,477,463,6,0,457,458,59673,20,0,0,20,5
2020-08-12,US,Tennessee,Davidson,21044,221,0,36.17007426,-86.78646056,47037.0,3031.647612022865,1.0501805740353545,20823,20865,219,0,20646,20722,692587,179,2,0,177,143
2020-08-12,US,Tennessee,DeKalb,369,1,0,35.97616272,-85.83689361,47041.0,1800.8784773060029,0.27100271002710025,368,366,2,0,364,365,20138,3,-1,0,4,1
2020-08-12,US,Tennessee,Decatur,218,3,0,35.60048904,-88.11043779,47039.0,1869.1588785046729,1.3761467889908257,215,215,3,0,212,216,11706,3,0,0,3,-1
2020-08-12,US,Tennessee,Dickson,718,3,0,36.14669837,-87.35891709,47043.0,1330.9112478683176,0.4178272980501393,715,705,2,0,703,698,53446,13,1,0,12,7
2020-08-12,US,Tennessee,Dyer,679,8,0,36.05931946,-89.41542855,47045.0,1827.282757878307,1.1782032400589102,671,668,8,0,660,663,37320,11,0,0,11,5
2020-08-12,US,Tennessee,Fayette,718,8,0,35.19615831,-89.41399032,47047.0,1745.5570952762992,1.1142061281337048,710,704,8,0,696,702,40507,14,0,0,14,2
2020-08-12,US,Tennessee,Fentress,98,0,0,36.38128818,-84.92870012,47049.0,529.0719645845704,0.0,98,96,0,0,96,96,18217,2,0,0,2,0
2020-08-12,US,Tennessee,Franklin,343,4,0,35.15634626,-86.09201039,47051.0,812.6421531463229,1.1661807580174928,339,338,4,0,334,332,41890,5,0,0,5,6
2020-08-12,US,Tennessee,Gibson,749,8,0,35.99438059,-88.93358327,47053.0,1524.4336800113974,1.068090787716956,741,735,7,0,728,726,49045,14,1,0,13,9
2020-08-12,US,Tennessee,Giles,391,13,0,35.20222469,-87.03992678,47055.0,1327.0431713277221,3.3248081841432224,378,387,13,0,374,385,29503,4,0,0,4,2
2020-08-12,US,Tennessee,Grainger,206,0,0,36.27469206,-83.51254721,47057.0,883.3619210977703,0.0,206,204,0,0,204,200,23145,2,0,0,2,4
2020-08-12,US,Tennessee,Greene,524,9,0,36.17470125,-82.84691273,47059.0,758.6616282268457,1.717557251908397,515,504,9,0,495,504,69087,20,0,0,20,0
2020-08-12,US,Tennessee,Grundy,122,2,0,35.38433717,-85.72142731,47061.0,908.6169658151483,1.639344262295082,120,118,2,0,116,114,13346,4,0,0,4,4
2020-08-12,US,Tennessee,Hamblen,1425,15,0,36.21990035,-83.26586179,47063.0,2194.535990390242,1.0526315789473684,1410,1420,16,0,1404,1405,64569,5,-1,0,6,15
2020-08-12,US,Tennessee,Hamilton,6408,55,0,35.17670231,-85.16652245,47065.0,1742.2322758860696,0.8583021223470662,6353,6315,55,0,6260,6220,364286,93,0,0,93,95
2020-08-12,US,Tennessee,Hancock,82,2,0,36.52692871,-83.22375847,47067.0,1238.6706948640485,2.4390243902439024,80,81,2,0,79,81,6549,1,0,0,1,0
2020-08-12,US,Tennessee,Hardeman,968,18,0,35.20772017,-88.99161161,47069.0,3864.271457085829,1.859504132231405,950,942,18,0,924,930,25220,26,0,0,26,12
2020-08-12,US,Tennessee,Hardin,486,8,0,35.19732531,-88.18593755,47071.0,1894.5891158584127,1.6460905349794241,478,479,8,0,471,482,25776,7,0,0,7,-3
2020-08-12,US,Tennessee,Hawkins,500,10,0,36.44355426,-82.94885298,47073.0,880.4987144718767,2.0,490,485,9,0,476,483,56530,15,1,0,14,2
2020-08-12,US,Tennessee,Haywood,522,7,0,35.58332824,-89.28536625,47075.0,3016.6435506241332,1.3409961685823757,515,510,7,0,503,510,17335,12,0,0,12,0
2020-08-12,US,Tennessee,Henderson,626,2,0,35.65581134,-88.38600175,47077.0,2226.4110680371305,0.3194888178913738,624,613,3,0,610,604,27847,13,-1,0,14,9
2020-08-12,US,Tennessee,Henry,303,0,0,36.33160906,-88.30121797,47079.0,936.7753903230793,0.0,303,299,0,0,299,290,32358,4,0,0,4,9
2020-08-12,US,Tennessee,Hickman,276,0,0,35.80609681,-87.47643507,47081.0,1096.195090952419,0.0,276,272,0,0,272,273,25063,4,0,0,4,-1
2020-08-12,US,Tennessee,Houston,62,0,0,36.28872054,-87.71878828,47083.0,756.0053651993659,0.0,62,61,0,0,61,59,8263,1,0,0,1,2
2020-08-12,US,Tennessee,Humphreys,131,3,0,36.03958805,-87.77992872,47085.0,704.9833171886772,2.2900763358778624,128,129,3,0,126,128,18486,2,0,0,2,1
2020-08-12,US,Tennessee,Jackson,131,1,0,36.36380466,-85.67239905,47087.0,1111.4882063465132,0.7633587786259542,130,130,1,0,129,129,11758,1,0,0,1,1
2020-08-12,US,Tennessee,Jefferson,596,4,0,36.04818632,-83.45148924,47089.0,1093.6783191118452,0.6711409395973155,592,587,4,0,583,584,54012,9,0,0,9,3
2020-08-12,US,Tennessee,Johnson,307,0,0,36.45523950000001,-81.84886538,47091.0,1725.8826174949404,0.0,307,288,0,0,288,285,17778,19,0,0,19,3
2020-08-12,US,Tennessee,Knox,4852,40,0,35.99508821,-83.94635435,47093.0,1031.6533882754677,0.8244023083264633,4812,4750,40,0,4710,4685,465289,102,0,0,102,65
2020-08-12,US,Tennessee,Lake,796,0,0,36.34180170000001,-89.48921915,47095.0,11345.496009122007,0.0,796,794,0,0,794,792,7411,2,0,0,2,2
2020-08-12,US,Tennessee,Lauderdale,523,9,0,35.75893438,-89.63015909999999,47097.0,2040.3386259899344,1.7208413001912046,514,522,9,0,513,514,25825,1,0,0,1,8
2020-08-12,US,Tennessee,Lawrence,593,7,0,35.21675201,-87.39787695,47099.0,1343.3917810701826,1.1804384485666104,586,584,7,0,577,575,43734,9,0,0,9,9
2020-08-12,US,Tennessee,Lewis,76,1,0,35.52853208,-87.49022694,47101.0,619.4978806651451,1.3157894736842106,75,74,1,0,73,74,12086,2,0,0,2,0
2020-08-12,US,Tennessee,Lincoln,320,1,0,35.13738622,-86.58910106,47103.0,931.1528836640866,0.3125,319,315,1,0,314,309,34117,5,0,0,5,6
2020-08-12,US,Tennessee,Loudon,774,3,0,35.73939663,-84.31145275,47105.0,1431.5306650884072,0.3875968992248062,771,754,3,0,751,749,53054,20,0,0,20,5
2020-08-12,US,Tennessee,Macon,870,13,0,36.53157855,-86.00778595,47111.0,3536.297861962442,1.4942528735632183,857,867,13,0,854,860,24265,3,0,0,3,7
2020-08-12,US,Tennessee,Madison,1222,21,0,35.61181957,-88.84076036,47113.0,1247.1423905943827,1.718494271685761,1201,1189,20,0,1169,1160,97605,33,1,0,32,29
2020-08-12,US,Tennessee,Marion,230,5,0,35.12997174,-85.62265895,47115.0,795.6550316532328,2.1739130434782608,225,228,5,0,223,227,28575,2,0,0,2,1
2020-08-12,US,Tennessee,Marshall,310,4,0,35.45798777,-86.76420988,47117.0,901.8181818181821,1.2903225806451613,306,305,4,0,301,304,33683,5,0,0,5,1
2020-08-12,US,Tennessee,Maury,1299,8,0,35.618741299999996,-87.07462444,47119.0,1347.6921161567434,0.6158583525789069,1291,1284,7,0,1277,1272,94340,15,1,0,14,12
2020-08-12,US,Tennessee,McMinn,567,20,0,35.42812616,-84.61520715,47107.0,1054.020894523553,3.5273368606701943,547,559,20,0,539,553,53285,8,0,0,8,6
2020-08-12,US,Tennessee,McNairy,397,6,0,35.17468549,-88.5647812,47109.0,1545.1078072701798,1.5113350125944585,391,388,6,0,382,381,25832,9,0,0,9,7
2020-08-12,US,Tennessee,Meigs,109,0,0,35.51558739,-84.81482914,47121.0,877.4754467879567,0.0,109,108,0,0,108,106,12306,1,0,0,1,2
2020-08-12,US,Tennessee,Monroe,458,9,0,35.44550387,-84.24902965,47123.0,983.9939843162532,1.965065502183406,449,451,9,0,442,452,46357,7,0,0,7,-1
2020-08-12,US,Tennessee,Montgomery,2015,14,0,36.49609412,-87.38550661,47125.0,964.1471245448413,0.6947890818858561,2001,1986,14,0,1972,1952,205950,29,0,0,29,34
2020-08-12,US,Tennessee,Moore,64,0,0,35.27724699,-86.36230578,47127.0,986.4364981504317,0.0,64,60,0,0,60,61,6411,4,0,0,4,-1
2020-08-12,US,Tennessee,Morgan,130,1,0,36.13248031,-84.64880098,47129.0,607.3914871746953,0.7692307692307693,129,127,1,0,126,126,21579,3,0,0,3,1
2020-08-12,US,Tennessee,Obion,598,4,0,36.35732446,-89.14921589,47131.0,1988.759187202767,0.6688963210702341,594,588,4,0,584,579,30267,10,0,0,10,9
2020-08-12,US,Tennessee,Out of TN,2904,18,0,0.0,0.0,80047.0,0.0,0.6198347107438017,2886,2952,16,0,2936,2947,,-48,2,0,-50,5
2020-08-12,US,Tennessee,Overton,221,1,0,36.34117832,-85.28989535,47133.0,993.6603569983363,0.4524886877828054,220,209,1,0,208,198,22068,12,0,0,12,11
2020-08-12,US,Tennessee,Perry,83,0,0,35.63708728,-87.86139634,47135.0,1027.7365032194157,0.0,83,81,0,0,81,81,8064,2,0,0,2,0
2020-08-12,US,Tennessee,Pickett,40,1,0,36.55606529,-85.07763299999998,47137.0,792.3930269413629,2.5,39,39,1,0,38,37,5082,1,0,0,1,2
2020-08-12,US,Tennessee,Polk,213,4,0,35.12245443,-84.52075859,47139.0,1265.4467680608366,1.8779342723004693,209,213,3,0,210,207,16898,0,1,0,-1,6
2020-08-12,US,Tennessee,Putnam,1840,18,0,36.14005459,-85.50646123,47141.0,2292.9777556234035,0.9782608695652174,1822,1800,18,0,1782,1785,78843,40,0,0,40,15
2020-08-12,US,Tennessee,Rhea,547,2,0,35.60536161,-84.93076643,47143.0,1649.229655983357,0.3656307129798903,545,544,2,0,542,538,33044,3,0,0,3,6
2020-08-12,US,Tennessee,Roane,496,2,0,35.84923189,-84.52458689,47145.0,929.1521486643436,0.4032258064516129,494,488,2,0,486,485,53140,8,0,0,8,3
2020-08-12,US,Tennessee,Robertson,1587,20,0,36.52454807,-86.87346725,47147.0,2209.9062843774805,1.260239445494644,1567,1578,20,0,1558,1567,71012,9,0,0,9,11
2020-08-12,US,Tennessee,Rutherford,6719,56,0,35.84591405,-86.4107263,47149.0,2022.0593767398468,0.8334573597261498,6663,6629,55,0,6574,6589,324890,90,1,0,89,40
2020-08-12,US,Tennessee,Scott,124,2,0,36.42325673,-84.50360494,47151.0,561.8995831067608,1.6129032258064515,122,124,1,0,123,122,22039,0,1,0,-1,2
2020-08-12,US,Tennessee,Sequatchie,113,1,0,35.36979721,-85.41022136,47153.0,752.0298149873552,0.8849557522123894,112,113,1,0,112,106,14876,0,0,0,0,7
2020-08-12,US,Tennessee,Sevier,1916,9,0,35.78077323,-83.52244332,47155.0,1950.1272264631045,0.4697286012526096,1907,1902,9,0,1893,1894,97892,14,0,0,14,8
2020-08-12,US,Tennessee,Shelby,23785,315,0,35.1864775,-89.89692423,47157.0,2537.970861085443,1.3243640950178683,23470,23625,314,0,23311,23485,935764,160,1,0,159,140
2020-08-12,US,Tennessee,Smith,461,4,0,36.25359775,-85.95411046,47159.0,2287.046683534256,0.8676789587852495,457,458,4,0,454,455,19942,3,0,0,3,3
2020-08-12,US,Tennessee,Stewart,79,0,0,36.50235092,-87.83920548,47161.0,576.0116660590594,0.0,79,79,0,0,79,78,13561,0,0,0,0,1
2020-08-12,US,Tennessee,Sullivan,1075,15,0,36.51240691,-82.30412917,47163.0,678.8844822795363,1.3953488372093024,1060,1048,15,0,1033,1037,157668,27,0,0,27,11
2020-08-12,US,Tennessee,Sumner,3501,73,0,36.46824103,-86.45917204,47165.0,1830.2724235818134,2.085118537560697,3428,3473,73,0,3400,3449,187149,28,0,0,28,24
2020-08-12,US,Tennessee,Tipton,1217,10,0,35.501942,-89.73694895,47167.0,1975.6814233997304,0.8216926869350862,1207,1217,10,0,1207,1211,61581,0,0,0,0,6
2020-08-12,US,Tennessee,Trousdale,1583,6,0,36.39026213,-86.16087954,47169.0,14028.71322226161,0.3790271636133923,1577,1583,6,0,1577,1583,11012,0,0,0,0,0
2020-08-12,US,Tennessee,Unassigned,3124,3,0,0.0,0.0,90047.0,0.0,0.09603072983354674,3121,3117,3,0,3114,3142,,7,0,0,7,-25
2020-08-12,US,Tennessee,Unicoi,175,0,0,36.10890856,-82.43709629,47171.0,978.5830117989152,0.0,175,168,0,0,168,169,17761,7,0,0,7,-1
2020-08-12,US,Tennessee,Union,165,0,0,36.28590426,-83.83651902,47173.0,826.1566192669737,0.0,165,162,0,0,162,162,19688,3,0,0,3,0
2020-08-12,US,Tennessee,Van Buren,37,0,0,35.69864497,-85.45221699,47175.0,630.1089918256131,0.0,37,36,0,0,36,36,5765,1,0,0,1,0
2020-08-12,US,Tennessee,Warren,545,4,0,35.672829899999996,-85.77969117,47177.0,1320.347893500012,0.7339449541284404,541,540,4,0,536,533,40878,5,0,0,5,7
2020-08-12,US,Tennessee,Washington,1352,2,0,36.29472368,-82.49454720000001,47179.0,1045.0241545893718,0.14792899408284024,1350,1291,2,0,1289,1277,128607,61,0,0,61,14
2020-08-12,US,Tennessee,Wayne,230,2,0,35.23868267,-87.78644456,47181.0,1379.4757991963056,0.8695652173913043,228,229,2,0,227,228,16558,1,0,0,1,1
2020-08-12,US,Tennessee,Weakley,503,4,0,36.29896232,-88.71990865,47183.0,1509.241478636582,0.7952286282306164,499,482,4,0,478,463,33415,21,0,0,21,19
2020-08-12,US,Tennessee,White,310,5,0,35.92929884,-85.45591799,47185.0,1133.6624611446334,1.6129032258064515,305,294,5,0,289,294,27107,16,0,0,16,0
2020-08-12,US,Tennessee,Williamson,3656,26,0,35.89099229,-86.89281867,47187.0,1533.4798583963895,0.7111597374179431,3630,3607,25,0,3582,3577,231729,49,1,0,48,30
2020-08-12,US,Tennessee,Wilson,2374,23,0,36.15496772,-86.29775884,47189.0,1641.1234852098416,0.9688289806234204,2351,2339,23,0,2316,2321,140625,35,0,0,35,18
2020-08-12,US,Texas,Anderson,2428,14,0,31.81534745,-95.65354823,48001.0,4205.421321555384,0.5766062602965404,2414,2406,14,0,2392,2403,58057,22,0,0,22,3
2020-08-12,US,Texas,Andrews,304,7,0,32.30468633,-102.63765479999999,48003.0,1625.2338946805667,2.3026315789473686,297,304,7,0,297,304,18128,0,0,0,0,0
2020-08-12,US,Texas,Angelina,1869,47,0,31.25457347,-94.60901487,48005.0,2155.336446981491,2.514713750668806,1822,1828,46,0,1782,1796,87092,41,1,0,40,32
2020-08-12,US,Texas,Aransas,183,16,0,28.10556197,-96.9995047,48007.0,778.3921735431733,8.743169398907106,167,182,15,0,167,177,23792,1,1,0,0,5
2020-08-12,US,Texas,Archer,28,0,0,33.61569967,-98.68754589,48009.0,327.37051327019765,0.0,28,27,0,0,27,21,8786,1,0,0,1,6
2020-08-12,US,Texas,Armstrong,8,0,0,34.96507426,-101.35748740000001,48011.0,423.9533651298357,0.0,8,8,0,0,8,8,1892,0,0,0,0,0
2020-08-12,US,Texas,Atascosa,487,19,0,28.89333001,-98.52730485,48013.0,952.0458233143704,3.901437371663244,468,456,18,0,438,437,50310,31,1,0,30,19
2020-08-12,US,Texas,Austin,287,4,0,29.88548725,-96.27736949,48015.0,955.6473095364944,1.3937282229965158,283,269,4,0,265,249,29989,18,0,0,18,20
2020-08-12,US,Texas,Bailey,179,4,0,34.06854817,-102.8299707,48017.0,2557.142857142857,2.23463687150838,175,175,4,0,171,171,7027,4,0,0,4,4
2020-08-12,US,Texas,Bandera,93,3,0,29.74619598,-99.24598147,48019.0,402.3883696780893,3.2258064516129035,90,92,3,0,89,91,22824,1,0,0,1,1
2020-08-12,US,Texas,Bastrop,1390,22,0,30.10370699,-97.31206354,48021.0,1566.6738049885598,1.5827338129496402,1368,1375,21,0,1354,1365,86976,15,1,0,14,10
2020-08-12,US,Texas,Baylor,12,0,0,33.61640794,-99.21352901,48023.0,341.9777714448561,0.0,12,12,0,0,12,11,3582,0,0,0,0,1
2020-08-12,US,Texas,Bee,1277,12,0,28.41761668,-97.74215593,48025.0,3921.387993244281,0.9397024275646044,1265,1246,11,0,1235,1207,32587,31,1,0,30,39
2020-08-12,US,Texas,Bell,4036,44,0,31.03736027,-97.4785025,48027.0,1112.0785619027674,1.0901883052527257,3992,3957,39,0,3918,3831,355642,79,5,0,74,126
2020-08-12,US,Texas,Bexar,43455,826,0,29.44928723,-98.52019748,48029.0,2168.895872035393,1.900816937061328,42629,43164,806,0,42358,42959,1986049,291,20,0,271,205
2020-08-12,US,Texas,Blanco,114,5,0,30.26640707,-98.3999852,48031.0,955.4940910233844,4.385964912280701,109,114,5,0,109,98,11702,0,0,0,0,16
2020-08-12,US,Texas,Bosque,174,2,0,31.89978581,-97.63613524,48035.0,931.2282579609313,1.1494252873563218,172,166,2,0,164,162,18691,8,0,0,8,4
2020-08-12,US,Texas,Bowie,775,36,0,33.44626922,-94.41834132,48037.0,831.1437610595743,4.645161290322581,739,762,33,0,729,764,94324,13,3,0,10,-2
2020-08-12,US,Texas,Brazoria,7591,100,0,29.18757369,-95.44563172,48039.0,2028.2474403095136,1.3173494928204452,7491,7591,96,0,7495,7481,370200,0,4,0,-4,110
2020-08-12,US,Texas,Brazos,4107,49,0,30.663644800000004,-96.30205577,48041.0,1791.7988229186205,1.1930849768687606,4058,4092,49,0,4043,4069,226758,15,0,0,15,23
2020-08-12,US,Texas,Brewster,187,2,0,29.81008251,-103.25203259999999,48043.0,2031.9461045311316,1.0695187165775402,185,187,2,0,185,188,9267,0,0,0,0,-1
2020-08-12,US,Texas,Briscoe,12,1,0,34.53026962,-101.2084947,48045.0,776.1966364812421,8.333333333333334,11,12,1,0,11,12,1516,0,0,0,0,0
2020-08-12,US,Texas,Brooks,135,4,0,27.03103197,-98.21808402,48047.0,1903.2849288030447,2.962962962962963,131,135,3,0,132,113,7114,0,1,0,-1,22
2020-08-12,US,Texas,Brown,402,17,0,31.77430356,-98.99907113,48049.0,1061.6944855271497,4.2288557213930345,385,398,16,0,382,391,37924,4,1,0,3,7
2020-08-12,US,Texas,Burleson,247,6,0,30.49273808,-96.62158484,48051.0,1339.2615084313832,2.42914979757085,241,248,6,0,242,242,18389,-1,0,0,-1,6
2020-08-12,US,Texas,Burnet,571,10,0,30.78801353,-98.181887,48053.0,1185.7543349600246,1.7513134851138354,561,567,9,0,558,563,47542,4,1,0,3,4
2020-08-12,US,Texas,Caldwell,1163,28,0,29.83668859,-97.61814775,48055.0,2663.5214364235985,2.407566638005159,1135,1158,26,0,1132,1149,43247,5,2,0,3,9
2020-08-12,US,Texas,Calhoun,547,6,0,28.47048236,-96.61633945,48057.0,2569.281352747769,1.0968921389396709,541,546,5,0,541,544,21561,1,1,0,0,2
2020-08-12,US,Texas,Callahan,48,3,0,32.29760619,-99.37326312,48059.0,344.2587678404934,6.25,45,47,3,0,44,46,13994,1,0,0,1,1
2020-08-12,US,Texas,Cameron,17069,485,0,26.14524221,-97.48140372,48061.0,4033.670240545605,2.841408401195149,16584,16906,454,0,16452,16590,423908,163,31,0,132,316
2020-08-12,US,Texas,Camp,239,6,0,32.97195142,-94.97790104,48063.0,1825.26347945624,2.510460251046025,233,242,6,0,236,233,13033,-3,0,0,-3,9
2020-08-12,US,Texas,Carson,16,0,0,35.40365929,-101.35426690000001,48065.0,269.99662504218696,0.0,16,16,0,0,16,15,6005,0,0,0,0,1
2020-08-12,US,Texas,Cass,185,8,0,33.07499881,-94.34646905,48067.0,616.1326850063277,4.3243243243243255,177,185,8,0,177,176,30119,0,0,0,0,9
2020-08-12,US,Texas,Castro,205,4,0,34.53016752,-102.2617243,48069.0,2722.4435590969456,1.951219512195122,201,205,4,0,201,200,7665,0,0,0,0,5
2020-08-12,US,Texas,Chambers,993,4,0,29.70972016,-94.67154501,48071.0,2265.209754317129,0.4028197381671702,989,981,3,0,978,951,42454,12,1,0,11,30
2020-08-12,US,Texas,Cherokee,1167,8,0,31.837258000000002,-95.16559897,48073.0,2216.692626220416,0.6855184233076264,1159,1151,8,0,1143,1119,52592,16,0,0,16,32
2020-08-12,US,Texas,Childress,48,0,0,34.529304100000004,-100.2077916,48075.0,656.9942513003011,0.0,48,47,0,0,47,40,7291,1,0,0,1,7
2020-08-12,US,Texas,Clay,43,1,0,33.78686685,-98.20771198,48077.0,410.6580078311527,2.3255813953488373,42,43,1,0,42,40,10456,0,0,0,0,3
2020-08-12,US,Texas,Cochran,32,0,0,33.60425307,-102.82844990000001,48079.0,1121.626358219418,0.0,32,32,0,0,32,32,2836,0,0,0,0,0
2020-08-12,US,Texas,Coke,42,2,0,31.88911733,-100.5297533,48081.0,1240.0354295837026,4.761904761904762,40,42,2,0,40,42,3370,0,0,0,0,0
2020-08-12,US,Texas,Coleman,28,0,0,31.76736834,-99.45240766,48083.0,342.50764525993884,0.0,28,24,0,0,24,19,8397,4,0,0,4,5
2020-08-12,US,Texas,Collin,8313,93,0,33.18820114,-96.57264368,48085.0,803.3979878808965,1.1187297004691448,8220,8052,93,0,7959,7833,1005146,261,0,0,261,219
2020-08-12,US,Texas,Collingsworth,12,0,0,34.96489496,-100.27001109999999,48087.0,410.958904109589,0.0,12,12,0,0,12,11,2962,0,0,0,0,1
2020-08-12,US,Texas,Colorado,333,2,0,29.622097999999998,-96.5273805,48089.0,1549.3416461173404,0.6006006006006006,331,308,2,0,306,296,21217,25,0,0,25,12
2020-08-12,US,Texas,Comal,1929,72,0,29.80811278,-98.27647225,48091.0,1234.884033570409,3.7325038880248833,1857,1929,70,0,1859,1839,148373,0,2,0,-2,90
2020-08-12,US,Texas,Comanche,160,3,0,31.94854689,-98.55876441,48093.0,1173.4506784011735,1.875,157,150,3,0,147,142,13534,10,0,0,10,8
2020-08-12,US,Texas,Concho,31,0,0,31.32635934,-99.86473038,48095.0,1137.1973587674247,0.0,31,31,0,0,31,28,4276,0,0,0,0,3
2020-08-12,US,Texas,Cooke,252,3,0,33.63979567,-97.21240912,48097.0,610.8054390770052,1.1904761904761905,249,248,3,0,245,223,40574,4,0,0,4,25
2020-08-12,US,Texas,Coryell,696,5,0,31.39078397,-97.79936155,48099.0,916.3802978235968,0.7183908045977011,691,686,5,0,681,669,74808,10,0,0,10,17
2020-08-12,US,Texas,Cottle,18,2,0,34.07783319,-100.27850620000001,48101.0,1287.5536480686694,11.111111111111109,16,18,2,0,16,18,1389,0,0,0,0,0
2020-08-12,US,Texas,Crane,71,2,0,31.43052248,-102.5143314,48103.0,1480.091723994163,2.8169014084507036,69,70,2,0,68,70,4794,1,0,0,1,0
2020-08-12,US,Texas,Crockett,156,3,0,30.72367027,-101.4134238,48105.0,4503.464203233257,1.9230769230769231,153,158,3,0,155,155,3499,-2,0,0,-2,3
2020-08-12,US,Texas,Crosby,63,1,0,33.61431553,-101.30003640000001,48107.0,1098.1349137179711,1.5873015873015872,62,63,1,0,62,63,5779,0,0,0,0,0
2020-08-12,US,Texas,Culberson,18,2,0,31.44506775,-104.5185739,48109.0,829.1110087517275,11.111111111111109,16,17,2,0,15,17,2204,1,0,0,1,0
2020-08-12,US,Texas,Dallam,195,5,0,36.27787176,-102.60207249999999,48111.0,2675.9983532317824,2.5641025641025643,190,193,5,0,188,190,7200,2,0,0,2,3
2020-08-12,US,Texas,Dallas,55787,794,0,32.76670599,-96.77796049999999,48113.0,2116.739188834369,1.4232706544535465,54993,55553,785,0,54768,55255,2637772,234,9,0,225,298
2020-08-12,US,Texas,Dawson,157,4,0,32.74255572,-101.94772420000001,48115.0,1233.5009428032683,2.5477707006369426,153,157,4,0,153,145,12619,0,0,0,0,12
2020-08-12,US,Texas,DeWitt,716,20,0,29.08101855,-97.35681170000001,48123.0,3551.5873015873017,2.793296089385475,696,700,19,0,681,693,20187,16,1,0,15,7
2020-08-12,US,Texas,Deaf Smith,680,18,0,34.96522957,-102.6054267,48117.0,3666.558826701175,2.647058823529412,662,674,17,0,657,667,18760,6,1,0,5,7
2020-08-12,US,Texas,Delta,17,0,0,33.38570922,-95.66921122,48119.0,318.88951416244606,0.0,17,17,0,0,17,16,5349,0,0,0,0,1
2020-08-12,US,Texas,Denton,7959,95,0,33.20521901,-97.11691153,48121.0,897.0848967602824,1.193617288604096,7864,7867,91,0,7776,7745,859064,92,4,0,88,122
2020-08-12,US,Texas,Dickens,5,1,0,33.61616822,-100.7788855,48125.0,226.14201718679334,20.0,4,5,1,0,4,5,2249,0,0,0,0,0
2020-08-12,US,Texas,Dimmit,158,4,0,28.42270064,-99.75645095,48127.0,1560.647965231134,2.5316455696202533,154,155,3,0,152,150,10308,3,1,0,2,5
2020-08-12,US,Texas,Donley,49,0,0,34.96517499,-100.8140093,48129.0,1494.8139109212937,0.0,49,49,0,0,49,48,3319,0,0,0,0,1
2020-08-12,US,Texas,Duval,191,6,0,27.68184592,-98.50864568,48131.0,1711.9297302142154,3.141361256544503,185,188,6,0,182,177,11212,3,0,0,3,11
2020-08-12,US,Texas,Eastland,83,1,0,32.32743996,-98.83243566,48133.0,452.0697167755992,1.2048192771084338,82,79,1,0,78,73,18322,4,0,0,4,6
2020-08-12,US,Texas,Ector,3670,57,0,31.86898877,-102.54294279999999,48135.0,2207.877369557763,1.5531335149863759,3613,3616,57,0,3559,3587,162124,54,0,0,54,29
2020-08-12,US,Texas,Edwards,28,0,0,29.98202582,-100.304252,48137.0,1449.2753623188407,0.0,28,28,0,0,28,28,1928,0,0,0,0,0
2020-08-12,US,Texas,El Paso,17210,310,0,31.76980765,-106.23632749999999,48141.0,2050.6697742475912,1.8012783265543288,16900,16936,307,0,16629,16396,840758,274,3,0,271,540
2020-08-12,US,Texas,Ellis,3218,48,0,32.34894117,-96.79371841,48139.0,1741.0970318028849,1.4916096954630205,3170,3120,43,0,3077,2855,179436,98,5,0,93,265
2020-08-12,US,Texas,Erath,564,5,0,32.23602653,-98.21773417,48143.0,1320.9049604196919,0.8865248226950354,559,555,5,0,550,527,42446,9,0,0,9,28
2020-08-12,US,Texas,Falls,139,3,0,31.25350609,-96.93630086,48145.0,803.6075620049719,2.1582733812949644,136,135,3,0,132,128,17335,4,0,0,4,7
2020-08-12,US,Texas,Fannin,269,8,0,33.59564294,-96.10751083,48147.0,757.447767077772,2.9739776951672865,261,266,8,0,258,246,35286,3,0,0,3,20
2020-08-12,US,Texas,Fayette,390,14,0,29.87788372,-96.92076062,48149.0,1538.704332044504,3.58974358974359,376,390,14,0,376,388,25349,0,0,0,0,2
2020-08-12,US,Texas,Fisher,29,1,0,32.74281316,-100.40193020000001,48151.0,757.1801566579636,3.4482758620689653,28,29,1,0,28,28,3839,0,0,0,0,1
2020-08-12,US,Texas,Floyd,90,6,0,34.07227468,-101.3031546,48153.0,1575.6302521008404,6.666666666666668,84,91,6,0,85,89,5837,-1,0,0,-1,2
2020-08-12,US,Texas,Foard,2,0,0,33.97308618,-99.7767797,48155.0,173.16017316017312,0.0,2,2,0,0,2,2,1200,0,0,0,0,0
2020-08-12,US,Texas,Fort Bend,10487,173,0,29.52704478,-95.77219463,48157.0,1291.998896127576,1.6496614856488987,10314,10335,164,0,10171,10021,787858,152,9,0,143,314
2020-08-12,US,Texas,Franklin,92,2,0,33.17653242,-95.21917243,48159.0,857.8088578088579,2.1739130434782608,90,92,2,0,90,92,10766,0,0,0,0,0
2020-08-12,US,Texas,Freestone,164,0,0,31.70422788,-96.15072516,48161.0,831.7695389765178,0.0,164,162,0,0,162,157,19808,2,0,0,2,5
2020-08-12,US,Texas,Frio,516,5,0,28.86751206,-99.10804207,48163.0,2541.1208509800063,0.9689922480620154,511,514,5,0,509,512,19816,2,0,0,2,2
2020-08-12,US,Texas,Gaines,186,3,0,32.74055318,-102.6353295,48165.0,865.4383026242322,1.6129032258064515,183,172,3,0,169,161,20901,14,0,0,14,11
2020-08-12,US,Texas,Galveston,9707,116,0,29.40167322,-94.90469073,48167.0,2837.1509824954187,1.1950139074894406,9591,9605,114,0,9491,9514,337890,102,2,0,100,91
2020-08-12,US,Texas,Garza,99,3,0,33.17969345,-101.2984114,48169.0,1589.34018301493,3.0303030303030303,96,99,3,0,96,99,6578,0,0,0,0,0
2020-08-12,US,Texas,Gillespie,177,6,0,30.31824095,-98.94676915,48171.0,655.8470431302801,3.3898305084745757,171,176,6,0,170,175,26804,1,0,0,1,1
2020-08-12,US,Texas,Glasscock,6,0,0,31.86942909,-101.5207776,48173.0,425.83392476934,0.0,6,6,0,0,6,6,1388,0,0,0,0,0
2020-08-12,US,Texas,Goliad,96,5,0,28.65696592,-97.42760647,48175.0,1253.5910159310527,5.208333333333333,91,96,5,0,91,89,7584,0,0,0,0,7
2020-08-12,US,Texas,Gonzales,699,10,0,29.45634206,-97.49424032,48177.0,3354.6095887123865,1.430615164520744,689,684,10,0,674,683,20826,15,0,0,15,1
2020-08-12,US,Texas,Gray,218,2,0,35.40081878,-100.8129222,48179.0,996.070547381888,0.9174311926605504,216,218,2,0,216,215,21895,0,0,0,0,3
2020-08-12,US,Texas,Grayson,1191,13,0,33.62744998,-96.67753461,48181.0,874.3723019998238,1.09151973131822,1178,1169,13,0,1156,1139,133991,22,0,0,22,30
2020-08-12,US,Texas,Gregg,1589,28,0,32.47940482,-94.81591935,48183.0,1282.0202509177454,1.7621145374449338,1561,1416,27,0,1389,1416,123707,173,1,0,172,0
2020-08-12,US,Texas,Grimes,895,25,0,30.54579585,-95.98902499,48185.0,3099.0304709141274,2.793296089385475,870,891,23,0,868,880,28360,4,2,0,2,11
2020-08-12,US,Texas,Guadalupe,1723,56,0,29.58165339,-97.94786822,48187.0,1032.682637386348,3.2501450957632034,1667,1696,56,0,1640,1679,163694,27,0,0,27,17
2020-08-12,US,Texas,Hale,1439,31,0,34.07044901,-101.82681140000001,48189.0,4307.609411482968,2.1542738012508686,1408,1439,29,0,1410,1285,33830,0,2,0,-2,154
2020-08-12,US,Texas,Hall,14,1,0,34.5307555,-100.68138520000001,48191.0,472.3346828609986,7.142857142857142,13,14,1,0,13,11,3028,0,0,0,0,3
2020-08-12,US,Texas,Hamilton,89,3,0,31.70470573,-98.11083887,48193.0,1051.8851199621795,3.3707865168539324,86,91,3,0,88,83,8484,-2,0,0,-2,8
2020-08-12,US,Texas,Hansford,82,2,0,36.27743284,-101.3545796,48195.0,1518.7997777366181,2.4390243902439024,80,80,2,0,78,73,5463,2,0,0,2,7
2020-08-12,US,Texas,Hardeman,22,0,0,34.28944521,-99.74632408,48197.0,559.3694380879734,0.0,22,21,0,0,21,18,3922,1,0,0,1,3
2020-08-12,US,Texas,Hardin,999,16,0,30.33364686,-94.38931817,48199.0,1734.31478073678,1.6016016016016017,983,973,15,0,958,973,57207,26,1,0,25,0
2020-08-12,US,Texas,Harris,88494,1679,0,29.85864939,-95.39339521,48201.0,1877.528072008614,1.8973037720071415,86815,87505,1616,0,85889,86563,4698619,989,63,0,926,942
2020-08-12,US,Texas,Harrison,711,24,0,32.54935988,-94.36934071,48203.0,1068.321488137274,3.3755274261603376,687,713,23,0,690,693,66726,-2,1,0,-3,20
2020-08-12,US,Texas,Hartley,91,0,0,35.84008013,-102.6029022,48205.0,1631.9942611190818,0.0,91,90,0,0,90,85,5619,1,0,0,1,5
2020-08-12,US,Texas,Haskell,43,0,0,33.17823584,-99.73037358,48207.0,759.9858607281725,0.0,43,43,0,0,43,42,5813,0,0,0,0,1
2020-08-12,US,Texas,Hays,5083,42,0,30.05669873,-98.02944344,48209.0,2208.16626193031,0.8262836907338186,5041,5066,41,0,5025,5050,222631,17,1,0,16,16
2020-08-12,US,Texas,Hemphill,44,0,0,35.83764858,-100.2703577,48211.0,1152.1340665095574,0.0,44,42,0,0,42,42,3825,2,0,0,2,0
2020-08-12,US,Texas,Henderson,657,12,0,32.21128872,-95.85846587,48213.0,794.0824540411184,1.8264840182648399,645,641,12,0,629,641,82299,16,0,0,16,0
2020-08-12,US,Texas,Hidalgo,20767,881,0,26.39418217,-98.18299696,48215.0,2390.564367502507,4.242307507102614,19886,20431,849,0,19582,20148,865939,336,32,0,304,283
2020-08-12,US,Texas,Hill,331,7,0,31.99045053,-97.13423143,48217.0,903.1624328085353,2.114803625377644,324,328,7,0,321,328,36354,3,0,0,3,0
2020-08-12,US,Texas,Hockley,216,4,0,33.60771256,-102.3431676,48219.0,938.2737500542984,1.851851851851852,212,214,4,0,210,206,22980,2,0,0,2,8
2020-08-12,US,Texas,Hood,588,10,0,32.42990927,-97.83242024,48221.0,953.8795970345377,1.7006802721088434,578,567,10,0,557,528,60537,21,0,0,21,39
2020-08-12,US,Texas,Hopkins,205,3,0,33.14875072,-95.56351139,48223.0,552.799050803581,1.4634146341463414,202,206,2,0,204,201,36810,-1,1,0,-2,5
2020-08-12,US,Texas,Houston,318,7,0,31.31925973,-95.42226208,48225.0,1384.5350052246606,2.2012578616352205,311,317,7,0,310,314,23169,1,0,0,1,3
2020-08-12,US,Texas,Howard,178,6,0,32.30621324,-101.4356444,48227.0,485.48985380754965,3.3707865168539324,172,177,6,0,171,173,36459,1,0,0,1,4
2020-08-12,US,Texas,Hudspeth,33,2,0,31.45628381,-105.388178,48229.0,675.3990994678674,6.0606060606060606,31,24,2,0,22,24,4795,9,0,0,9,0
2020-08-12,US,Texas,Hunt,1202,21,0,33.12351514,-96.08551032,48231.0,1219.1411242063411,1.7470881863560732,1181,1202,21,0,1181,1182,96493,0,0,0,0,20
2020-08-12,US,Texas,Hutchinson,129,3,0,35.84006574,-101.3546643,48233.0,616.1046900372527,2.3255813953488373,126,128,3,0,125,126,21198,1,0,0,1,2
2020-08-12,US,Texas,Irion,9,0,0,31.30375559,-100.982439,48235.0,585.9375,0.0,9,9,0,0,9,9,1522,0,0,0,0,0
2020-08-12,US,Texas,Jack,68,0,0,33.23377248,-98.17283469,48237.0,761.0520425293788,0.0,68,67,0,0,67,59,8843,1,0,0,1,8
2020-08-12,US,Texas,Jackson,411,9,0,28.95472367,-96.57749563,48239.0,2784.5528455284552,2.18978102189781,402,408,7,0,401,406,14874,3,2,0,1,2
2020-08-12,US,Texas,Jasper,332,12,0,30.74685667,-94.02667579,48241.0,934.4479157871036,3.614457831325301,320,332,11,0,321,304,35872,0,1,0,-1,28
2020-08-12,US,Texas,Jeff Davis,8,0,0,30.71490589,-104.1399973,48243.0,351.8029903254178,0.0,8,8,0,0,8,8,2252,0,0,0,0,0
2020-08-12,US,Texas,Jefferson,6067,88,0,29.8832777,-94.16434171,48245.0,2411.702740842327,1.4504697544090983,5979,5977,84,0,5893,5880,255001,90,4,0,86,97
2020-08-12,US,Texas,Jim Hogg,64,1,0,27.04453923,-98.69681870000001,48247.0,1230.7692307692307,1.5625,63,64,1,0,63,62,5248,0,0,0,0,2
2020-08-12,US,Texas,Jim Wells,787,16,0,27.73103938,-98.0904705,48249.0,1944.0739093918287,2.0330368487928845,771,777,16,0,761,724,40822,10,0,0,10,53
2020-08-12,US,Texas,Johnson,2037,31,0,32.37877812,-97.36615819,48251.0,1158.5910349966155,1.5218458517427589,2006,1980,30,0,1950,1861,171361,57,1,0,56,119
2020-08-12,US,Texas,Jones,599,0,0,32.73997145,-99.87861576,48253.0,2982.622118209431,0.0,599,600,0,0,600,596,19817,-1,0,0,-1,4
2020-08-12,US,Texas,Karnes,646,7,0,28.90705334,-97.85960149,48255.0,4140.760207678994,1.08359133126935,639,644,7,0,637,639,15650,2,0,0,2,5
2020-08-12,US,Texas,Kaufman,2321,27,0,32.599141700000004,-96.28734728,48257.0,1704.6873393363394,1.163291684618699,2294,2289,25,0,2264,2158,128622,32,2,0,30,131
2020-08-12,US,Texas,Kendall,165,4,0,29.94414155,-98.7113588,48259.0,347.8737534523835,2.4242424242424243,161,163,4,0,159,158,45641,2,0,0,2,5
2020-08-12,US,Texas,Kenedy,6,1,0,26.92601662,-97.66413984,48261.0,1485.148514851485,16.666666666666668,5,6,1,0,5,6,442,0,0,0,0,0
2020-08-12,US,Texas,Kent,3,0,0,33.18104136,-100.7780939,48263.0,393.70078740157476,0.0,3,3,0,0,3,3,726,0,0,0,0,0
2020-08-12,US,Texas,Kerr,404,6,0,30.06040006,-99.34930144,48265.0,768.0608365019011,1.4851485148514851,398,400,6,0,394,398,52405,4,0,0,4,2
2020-08-12,US,Texas,Kimble,14,1,0,30.48678918,-99.74856473,48267.0,322.80378141572515,7.142857142857142,13,14,1,0,13,14,4362,0,0,0,0,0
2020-08-12,US,Texas,Kinney,20,0,0,29.34967888,-100.41866379999999,48271.0,545.404963185165,0.0,20,19,0,0,19,19,3767,1,0,0,1,0
2020-08-12,US,Texas,Kleberg,459,8,0,27.42435506,-97.69894948,48273.0,1496.0886571056064,1.7429193899782136,451,451,8,0,443,442,31129,8,0,0,8,9
2020-08-12,US,Texas,Knox,61,2,0,33.60519951,-99.74229059999999,48275.0,1664.8471615720525,3.278688524590164,59,60,1,0,59,60,3653,1,1,0,0,0
2020-08-12,US,Texas,La Salle,362,2,0,28.34453111,-99.09908775,48283.0,4813.829787234043,0.5524861878453039,360,362,2,0,360,361,7531,0,0,0,0,1
2020-08-12,US,Texas,Lamar,668,18,0,33.66981763,-95.57404777,48277.0,1339.7781744519546,2.6946107784431144,650,655,18,0,637,647,49728,13,0,0,13,8
2020-08-12,US,Texas,Lamb,233,14,0,34.06859623,-102.35162890000001,48279.0,1807.1821918870705,6.008583690987124,219,233,11,0,222,226,13158,0,3,0,-3,7
2020-08-12,US,Texas,Lampasas,114,3,0,31.19531316,-98.24206613,48281.0,532.0141870449879,2.631578947368421,111,110,3,0,107,104,21229,4,0,0,4,6
2020-08-12,US,Texas,Lavaca,635,22,0,29.38508402,-96.93186692,48285.0,3150.739307333532,3.4645669291338583,613,633,19,0,614,627,20110,2,3,0,-1,6
2020-08-12,US,Texas,Lee,177,11,0,30.31120597,-96.97045773,48287.0,1026.7416903532687,6.214689265536723,166,177,10,0,167,173,17144,0,1,0,-1,4
2020-08-12,US,Texas,Leon,145,3,0,31.29872538,-95.9936328,48289.0,833.1418064812686,2.0689655172413794,142,145,3,0,142,144,17270,0,0,0,0,1
2020-08-12,US,Texas,Liberty,1041,34,0,30.15152688,-94.81205615,48291.0,1180.0179099740421,3.2660902977905866,1007,1002,34,0,968,987,86323,39,0,0,39,15
2020-08-12,US,Texas,Limestone,258,3,0,31.5454767,-96.58095444,48293.0,1100.8234842343304,1.162790697674419,255,254,3,0,251,241,23519,4,0,0,4,13
2020-08-12,US,Texas,Lipscomb,21,0,0,36.27783108,-100.27331509999999,48295.0,649.5515001546552,0.0,21,20,0,0,20,18,3355,1,0,0,1,2
2020-08-12,US,Texas,Live Oak,236,4,0,28.35101362,-98.1246786,48297.0,1933.3169492913894,1.6949152542372878,232,230,4,0,226,230,12166,6,0,0,6,0
2020-08-12,US,Texas,Llano,89,1,0,30.70645047,-98.68475262,48299.0,408.3505391144758,1.1235955056179776,88,89,1,0,88,89,21646,0,0,0,0,0
2020-08-12,US,Texas,Lubbock,6295,75,0,33.61008596,-101.82047890000001,48303.0,2026.9247735607873,1.1914217633042097,6220,6222,75,0,6147,6059,307412,73,0,0,73,163
2020-08-12,US,Texas,Lynn,74,4,0,33.17657705,-101.8162849,48305.0,1243.4884893295246,5.405405405405406,70,73,4,0,69,67,5877,1,0,0,1,6
2020-08-12,US,Texas,Madison,676,2,0,30.96694679,-95.93003775,48313.0,4732.567908148978,0.2958579881656805,674,667,2,0,665,668,14422,9,0,0,9,-1
2020-08-12,US,Texas,Marion,134,9,0,32.79868409,-94.35661230000001,48315.0,1359.8538664501725,6.7164179104477615,125,134,9,0,125,133,9928,0,0,0,0,1
2020-08-12,US,Texas,Martin,64,5,0,32.30600051,-101.9513518,48317.0,1108.993242072431,7.8125,59,63,5,0,58,55,5753,1,0,0,1,8
2020-08-12,US,Texas,Mason,60,0,0,30.71780434,-99.22629416,48319.0,1403.8371548900327,0.0,60,54,0,0,54,53,4280,6,0,0,6,1
2020-08-12,US,Texas,Matagorda,786,31,0,28.81955746,-96.01230294,48321.0,2145.0208771115904,3.944020356234097,755,770,28,0,742,752,36552,16,3,0,13,18
2020-08-12,US,Texas,Maverick,2321,44,0,28.7429195,-100.3157686,48323.0,3952.522053063589,1.895734597156398,2277,2321,44,0,2277,2321,58485,0,0,0,0,0
2020-08-12,US,Texas,McCulloch,53,1,0,31.1925468,-99.34682807,48307.0,663.8276553106213,1.8867924528301887,52,51,1,0,50,48,7987,2,0,0,2,3
2020-08-12,US,Texas,McLennan,5106,58,0,31.55255453,-97.20217694,48309.0,1989.6891549081727,1.1359185272228751,5048,5031,57,0,4974,4970,254607,75,1,0,74,61
2020-08-12,US,Texas,McMullen,10,0,0,28.35251708,-98.56769164,48311.0,1345.8950201884254,0.0,10,9,0,0,9,9,749,1,0,0,1,0
2020-08-12,US,Texas,Medina,934,29,0,29.355730100000002,-99.11030298,48325.0,1810.6389578163767,3.1049250535331905,905,892,26,0,866,878,50921,42,3,0,39,14
2020-08-12,US,Texas,Menard,18,0,0,30.88990665,-99.82047940000001,48327.0,841.9083255378857,0.0,18,18,0,0,18,17,2139,0,0,0,0,1
2020-08-12,US,Texas,Midland,2788,49,0,31.86904128,-102.03156820000001,48329.0,1576.6377126311982,1.757532281205165,2739,2788,49,0,2739,2676,172578,0,0,0,0,112
2020-08-12,US,Texas,Milam,355,3,0,30.78581830000001,-96.97718698,48331.0,1430.125287032188,0.8450704225352113,352,350,3,0,347,346,25131,5,0,0,5,4
2020-08-12,US,Texas,Mills,24,0,0,31.49557106,-98.59272068,48333.0,492.50974758875435,0.0,24,22,0,0,22,22,4921,2,0,0,2,0
2020-08-12,US,Texas,Mitchell,69,1,0,32.30623474,-100.9212058,48335.0,807.489760093622,1.4492753623188406,68,68,1,0,67,61,8145,1,0,0,1,7
2020-08-12,US,Texas,Montague,79,2,0,33.67521893,-97.72500958,48337.0,398.6275103441316,2.5316455696202533,77,77,2,0,75,70,19596,2,0,0,2,7
2020-08-12,US,Texas,Montgomery,6820,95,0,30.30079133,-95.50572772,48339.0,1122.8352082925169,1.392961876832845,6725,6776,94,0,6682,6654,590925,44,1,0,43,122
2020-08-12,US,Texas,Moore,1064,14,0,35.83769242,-101.8930281,48341.0,5081.184336198663,1.3157894736842106,1050,1063,14,0,1049,1050,21485,1,0,0,1,13
2020-08-12,US,Texas,Morris,127,3,0,33.11304005,-94.73255695,48343.0,1025.1856635453664,2.3622047244094486,124,125,3,0,122,117,12339,2,0,0,2,8
2020-08-12,US,Texas,Motley,6,0,0,34.07408766,-100.77972199999999,48345.0,500.0,0.0,6,6,0,0,6,6,1234,0,0,0,0,0
2020-08-12,US,Texas,Nacogdoches,1171,42,0,31.62017125,-94.61803994,48347.0,1795.9020918962024,3.5866780529462003,1129,1167,42,0,1125,1148,65711,4,0,0,4,19
2020-08-12,US,Texas,Navarro,905,9,0,32.04620681,-96.47428766,48349.0,1805.918623909964,0.994475138121547,896,883,9,0,874,856,49565,22,0,0,22,27
2020-08-12,US,Texas,Newton,116,4,0,30.78548982,-93.74408813,48351.0,853.2548731151159,3.4482758620689653,112,116,4,0,112,93,13746,0,0,0,0,23
2020-08-12,US,Texas,Nolan,136,3,0,32.30365282,-100.4060208,48353.0,924.2897920347967,2.2058823529411766,133,136,3,0,133,134,14751,0,0,0,0,2
2020-08-12,US,Texas,Nueces,16234,259,0,27.736286,-97.5433285,48355.0,4480.8912099013505,1.5954170259948257,15975,15731,249,0,15482,15423,362265,503,10,0,493,308
2020-08-12,US,Texas,Ochiltree,99,2,0,36.27829105,-100.8158184,48357.0,1006.5067100447336,2.0202020202020203,97,95,2,0,93,95,9947,4,0,0,4,0
2020-08-12,US,Texas,Oldham,14,1,0,35.40425596,-102.6027606,48359.0,662.8787878787879,7.142857142857142,13,14,1,0,13,14,2131,0,0,0,0,0
2020-08-12,US,Texas,Orange,1493,23,0,30.11879481,-93.89412775,48361.0,1790.2537291956448,1.5405224380442062,1470,1493,22,0,1471,1477,83572,0,1,0,-1,16
2020-08-12,US,Texas,Palo Pinto,304,9,0,32.75310985,-98.31319001,48363.0,1041.4882318681696,2.9605263157894735,295,297,9,0,288,265,28875,7,0,0,7,32
2020-08-12,US,Texas,Panola,297,18,0,32.163959600000005,-94.30552481,48365.0,1280.503578511684,6.0606060606060606,279,297,18,0,279,292,23148,0,0,0,0,5
2020-08-12,US,Texas,Parker,1329,19,0,32.77757172,-97.80500621,48367.0,930.1641960273801,1.429646350639579,1310,1292,19,0,1273,1225,138371,37,0,0,37,67
2020-08-12,US,Texas,Parmer,349,7,0,34.52993409,-102.78446679999999,48369.0,3633.524206142634,2.005730659025788,342,345,7,0,338,340,9864,4,0,0,4,5
2020-08-12,US,Texas,Pecos,249,2,0,30.78097267,-102.72412609999999,48371.0,1573.6585982430634,0.8032128514056225,247,249,1,0,248,244,15673,0,1,0,-1,5
2020-08-12,US,Texas,Polk,762,13,0,30.79472531,-94.82766240000001,48373.0,1483.8470975405523,1.7060367454068242,749,750,12,0,738,748,50031,12,1,0,11,2
2020-08-12,US,Texas,Potter,3731,45,0,35.40133773,-101.893964,48375.0,3177.617851211515,1.206110962208523,3686,3711,45,0,3666,3689,119648,20,0,0,20,22
2020-08-12,US,Texas,Presidio,47,2,0,29.99954402,-104.24080790000001,48377.0,701.0739856801912,4.25531914893617,45,47,2,0,45,46,6948,0,0,0,0,1
2020-08-12,US,Texas,Rains,51,1,0,32.87109387,-95.79232691,48379.0,407.54355122263047,1.96078431372549,50,51,1,0,50,51,12159,0,0,0,0,0
2020-08-12,US,Texas,Randall,1765,21,0,34.96585996,-101.8971322,48381.0,1281.6509697704644,1.1898016997167138,1744,1747,21,0,1726,1725,136271,18,0,0,18,22
2020-08-12,US,Texas,Reagan,64,3,0,31.36607041,-101.52326590000001,48383.0,1662.769550532606,4.6875,61,63,3,0,60,63,3741,1,0,0,1,0
2020-08-12,US,Texas,Real,88,1,0,29.83321503,-99.82018052,48385.0,2549.246813441483,1.1363636363636365,87,88,1,0,87,87,3478,0,0,0,0,1
2020-08-12,US,Texas,Red River,137,11,0,33.61886692,-95.04841765,48387.0,1139.4826582383764,8.02919708029197,126,137,11,0,126,136,12175,0,0,0,0,1
2020-08-12,US,Texas,Reeves,148,5,0,31.32323325,-103.69038959999999,48389.0,926.3895843765648,3.3783783783783785,143,148,5,0,143,146,15695,0,0,0,0,2
2020-08-12,US,Texas,Refugio,235,4,0,28.323897600000002,-97.15766311,48391.0,3382.268278641336,1.702127659574468,231,234,4,0,230,226,7032,1,0,0,1,8
2020-08-12,US,Texas,Roberts,6,0,0,35.83809685,-100.813175,48393.0,702.5761124121782,0.0,6,6,0,0,6,6,903,0,0,0,0,0
2020-08-12,US,Texas,Robertson,236,2,0,31.02539637,-96.51272246,48395.0,1382.2185779547851,0.8474576271186439,234,234,2,0,232,234,17284,2,0,0,2,0
2020-08-12,US,Texas,Rockwall,1033,15,0,32.89779518,-96.40771592,48397.0,984.6065862841347,1.4520813165537267,1018,1031,13,0,1018,896,100657,2,2,0,0,135
2020-08-12,US,Texas,Runnels,140,2,0,31.8314342,-99.97616148,48399.0,1363.9906469212785,1.4285714285714286,138,129,2,0,127,124,10234,11,0,0,11,5
2020-08-12,US,Texas,Rusk,384,2,0,32.10773545,-94.76176432,48401.0,705.8045068558615,0.5208333333333334,382,377,2,0,375,370,54450,7,0,0,7,7
2020-08-12,US,Texas,Sabine,62,6,0,31.34318809,-93.85440451,48403.0,588.1236956934167,9.677419354838712,56,62,6,0,56,51,10589,0,0,0,0,11
2020-08-12,US,Texas,San Augustine,175,11,0,31.39457611,-94.17000399,48405.0,2124.559912589535,6.2857142857142865,164,162,11,0,151,162,8232,13,0,0,13,0
2020-08-12,US,Texas,San Jacinto,182,8,0,30.57933681,-95.16260304,48407.0,630.6524827610103,4.395604395604397,174,182,8,0,174,177,28719,0,0,0,0,5
2020-08-12,US,Texas,San Patricio,972,31,0,28.00880118,-97.51763891,48409.0,1456.6162145961334,3.189300411522633,941,972,30,0,942,935,66893,0,1,0,-1,37
2020-08-12,US,Texas,San Saba,25,0,0,31.1577796,-98.81758731,48411.0,412.88191577208914,0.0,25,24,0,0,24,24,6054,1,0,0,1,0
2020-08-12,US,Texas,Schleicher,36,1,0,30.89740592,-100.5384842,48413.0,1288.936627282492,2.7777777777777777,35,36,1,0,35,36,2895,0,0,0,0,0
2020-08-12,US,Texas,Scurry,488,1,0,32.74613808,-100.91626640000001,48415.0,2921.6308447584265,0.20491803278688525,487,488,1,0,487,481,16866,0,0,0,0,7
2020-08-12,US,Texas,Shackelford,20,0,0,32.73587756,-99.35401337,48417.0,612.5574272588054,0.0,20,19,0,0,19,18,3253,1,0,0,1,1
2020-08-12,US,Texas,Shelby,406,18,0,31.79211404,-94.14550696,48419.0,1606.393922608214,4.433497536945813,388,405,18,0,387,401,25418,1,0,0,1,4
2020-08-12,US,Texas,Sherman,43,0,0,36.27751473,-101.8933156,48421.0,1422.8987425545997,0.0,43,41,0,0,41,40,3079,2,0,0,2,1
2020-08-12,US,Texas,Smith,2612,28,0,32.37474036,-95.27175679999999,48423.0,1122.2293352123083,1.0719754977029097,2584,2524,24,0,2500,2524,230221,88,4,0,84,0
2020-08-12,US,Texas,Somervell,79,0,0,32.22236802,-97.77403489,48425.0,865.4688869412796,0.0,79,77,0,0,77,74,9016,2,0,0,2,3
2020-08-12,US,Texas,Starr,2264,79,0,26.56150059,-98.73892358,48427.0,3502.854578930268,3.4893992932862186,2185,2249,73,0,2176,2213,64525,15,6,0,9,36
2020-08-12,US,Texas,Stephens,49,3,0,32.73553157,-98.83631615,48429.0,523.168908819133,6.1224489795918355,46,49,3,0,46,42,9433,0,0,0,0,7
2020-08-12,US,Texas,Stonewall,5,0,0,33.17906744,-100.25384009999999,48433.0,370.3703703703704,0.0,5,5,0,0,5,5,1362,0,0,0,0,0
2020-08-12,US,Texas,Sutton,66,1,0,30.49856623,-100.5382014,48435.0,1747.8813559322034,1.5151515151515151,65,66,1,0,65,62,3758,0,0,0,0,4
2020-08-12,US,Texas,Swisher,82,2,0,34.53028891,-101.73491740000001,48437.0,1108.5575233202646,2.4390243902439024,80,82,2,0,80,80,7462,0,0,0,0,2
2020-08-12,US,Texas,Tarrant,32666,469,0,32.77143818,-97.29101614,48439.0,1553.6631129861146,1.4357435866038082,32197,32469,457,0,32012,32177,2084931,197,12,0,185,292
2020-08-12,US,Texas,Taylor,1137,28,0,32.30163422,-99.89007449,48441.0,823.710100410044,2.4626209322779244,1109,1130,27,0,1103,1130,137640,7,1,0,6,0
2020-08-12,US,Texas,Terrell,2,0,0,30.22429013,-102.0766732,48443.0,257.73195876288656,0.0,2,2,0,0,2,2,823,0,0,0,0,0
2020-08-12,US,Texas,Terry,161,2,0,33.17402785,-102.3354521,48445.0,1305.0174272513575,1.2422360248447204,159,159,2,0,157,143,12287,2,0,0,2,16
2020-08-12,US,Texas,Throckmorton,4,2,0,33.17751417,-99.21226795,48447.0,266.4890073284477,50.0,2,4,2,0,2,4,1515,0,0,0,0,0
2020-08-12,US,Texas,Titus,1289,15,0,33.21339719,-94.96797273,48449.0,3935.8778625954205,1.1636927851047325,1274,1289,15,0,1274,1289,33033,0,0,0,0,0
2020-08-12,US,Texas,Tom Green,2775,28,0,31.40464436,-100.46244300000001,48451.0,2328.020134228188,1.009009009009009,2747,2740,26,0,2714,2671,118189,35,2,0,33,69
2020-08-12,US,Texas,Travis,23421,313,0,30.33432034,-97.78535620000001,48453.0,1838.4494259604348,1.3364074975449385,23108,23249,307,0,22942,22953,1248743,172,6,0,166,296
2020-08-12,US,Texas,Trinity,157,4,0,31.0879489,-95.1367187,48455.0,1071.599208245171,2.5477707006369426,153,156,4,0,152,156,14740,1,0,0,1,0
2020-08-12,US,Texas,Tyler,127,2,0,30.77031716,-94.37690895,48457.0,586.0095976375046,1.5748031496062993,125,127,2,0,125,116,21696,0,0,0,0,11
2020-08-12,US,Texas,Upshur,257,2,0,32.73706798,-94.93999853,48459.0,615.5246329605059,0.7782101167315175,255,250,2,0,248,226,41260,7,0,0,7,24
2020-08-12,US,Texas,Upton,16,1,0,31.36868194,-102.0423217,48461.0,437.5170905113481,6.25,15,16,1,0,15,16,3671,0,0,0,0,0
2020-08-12,US,Texas,Uvalde,562,10,0,29.35739637,-99.76229172,48463.0,2101.6416738341877,1.7793594306049825,552,555,10,0,545,551,26846,7,0,0,7,4
2020-08-12,US,Texas,Val Verde,1693,49,0,29.89149232,-101.1525205,48465.0,3453.340132585416,2.8942705256940333,1644,1693,49,0,1644,1693,49208,0,0,0,0,0
2020-08-12,US,Texas,Van Zandt,432,4,0,32.56483801,-95.83766469,48467.0,763.3857572009189,0.925925925925926,428,394,3,0,391,375,56019,38,1,0,37,19
2020-08-12,US,Texas,Victoria,3543,52,0,28.79780988,-96.96813006,48469.0,3847.5739542157157,1.467682754727632,3491,3494,47,0,3447,3448,92035,49,5,0,44,46
2020-08-12,US,Texas,Walker,3095,42,0,30.73872995,-95.57440968,48471.0,4241.410971481821,1.35702746365105,3053,3074,41,0,3033,3051,72480,21,1,0,20,23
2020-08-12,US,Texas,Waller,485,5,0,30.01058447,-95.99011759,48473.0,877.8916120624118,1.0309278350515465,480,465,5,0,460,454,53126,20,0,0,20,11
2020-08-12,US,Texas,Ward,93,1,0,31.50999644,-103.09279090000001,48475.0,775.129188198033,1.075268817204301,92,93,1,0,92,89,11720,0,0,0,0,4
2020-08-12,US,Texas,Washington,520,39,0,30.21498498,-96.40946246,48477.0,1449.1945822417927,7.5,481,515,39,0,476,515,35108,5,0,0,5,0
2020-08-12,US,Texas,Webb,8814,179,0,27.7610369,-99.33237355,48479.0,3185.952026372482,2.030859995461765,8635,8490,175,0,8315,8262,275910,324,4,0,320,228
2020-08-12,US,Texas,Wharton,862,26,0,29.27765923,-96.22319248,48481.0,2074.309365675233,3.016241299303944,836,815,26,0,789,761,41619,47,0,0,47,54
2020-08-12,US,Texas,Wheeler,33,0,0,35.40114335,-100.26995140000001,48483.0,652.6898734177215,0.0,33,33,0,0,33,33,5191,0,0,0,0,0
2020-08-12,US,Texas,Wichita,1056,11,0,33.98842886,-98.70410340000001,48485.0,798.6084852151554,1.0416666666666667,1045,1039,11,0,1028,1001,132064,17,0,0,17,38
2020-08-12,US,Texas,Wilbarger,77,1,0,34.07945812,-99.24178437,48487.0,603.0229461978229,1.2987012987012987,76,75,1,0,74,69,12820,2,0,0,2,6
2020-08-12,US,Texas,Willacy,720,30,0,26.47411727,-97.61535848,48489.0,3371.1021631238877,4.166666666666667,690,710,30,0,680,699,21515,10,0,0,10,11
2020-08-12,US,Texas,Williamson,7075,98,0,30.64655664,-97.60048540000001,48491.0,1198.0337007303349,1.3851590106007068,6977,7011,95,0,6916,6893,566719,64,3,0,61,118
2020-08-12,US,Texas,Wilson,458,19,0,29.1732598,-98.08693082,48493.0,896.8083023301352,4.148471615720524,439,448,19,0,429,439,50224,10,0,0,10,9
2020-08-12,US,Texas,Winkler,85,1,0,31.85008651,-103.04851629999999,48495.0,1061.1735330836457,1.1764705882352942,84,85,1,0,84,84,7720,0,0,0,0,1
2020-08-12,US,Texas,Wise,475,8,0,33.21570665,-97.65460265,48497.0,678.7265660722451,1.6842105263157894,467,449,8,0,441,409,68305,26,0,0,26,40
2020-08-12,US,Texas,Wood,345,8,0,32.78722382,-95.38236368,48499.0,757.5923933331869,2.318840579710145,337,321,7,0,314,316,45129,24,1,0,23,5
2020-08-12,US,Texas,Yoakum,114,3,0,33.17320212,-102.82764329999999,48501.0,1308.3897624239642,2.631578947368421,111,106,3,0,103,102,8591,8,0,0,8,4
2020-08-12,US,Texas,Young,190,5,0,33.17659707,-98.68790885,48503.0,1054.9694614103275,2.631578947368421,185,185,5,0,180,169,18045,5,0,0,5,16
2020-08-12,US,Texas,Zapata,179,3,0,27.00156391,-99.16987152,48505.0,1262.4303547499824,1.675977653631285,176,179,2,0,177,174,14190,0,1,0,-1,5
2020-08-12,US,Texas,Zavala,233,6,0,28.86617238,-99.76050829,48507.0,1967.9054054054047,2.5751072961373387,227,220,6,0,214,210,11983,13,0,0,13,10
2020-08-12,US,Utah,Bear River,2349,7,0,41.52106798,-113.08328159999999,0.0,1257.3734864948774,0.29799914857386123,2342,2335,7,0,2328,2316,,14,0,0,14,19
2020-08-12,US,Utah,Central Utah,437,2,0,39.37231946,-111.5758676,0.0,533.225956024111,0.4576659038901602,435,430,2,0,428,426,,7,0,0,7,4
2020-08-12,US,Utah,Davis,3294,21,0,40.99001837,-112.1139997,49011.0,926.631803106214,0.6375227686703097,3273,3256,21,0,3235,3232,351713,38,0,0,38,24
2020-08-12,US,Utah,Salt Lake,21034,202,0,40.66616532,-111.92160109999999,49035.0,1812.5930145281475,0.9603499096700581,20832,20903,200,0,20703,20748,1152633,131,2,0,129,155
2020-08-12,US,Utah,San Juan,650,25,0,37.62762978,-109.80337140000002,49037.0,4246.14580611445,3.8461538461538463,625,653,25,0,628,650,15449,-3,0,0,-3,3
2020-08-12,US,Utah,Southeast Utah,114,1,0,38.99617072,-110.70139579999999,0.0,283.37766288001194,0.8771929824561403,113,115,1,0,114,113,,-1,0,0,-1,2
2020-08-12,US,Utah,Southwest Utah,3248,26,0,37.85447192,-111.4418764,0.0,1288.674109870577,0.8004926108374384,3222,3240,26,0,3214,3223,,8,0,0,8,17
2020-08-12,US,Utah,Summit,717,1,0,40.86688146,-110.9535882,49043.0,1701.2694269782892,0.1394700139470014,716,714,1,0,713,713,41933,3,0,0,3,1
2020-08-12,US,Utah,Tooele,588,0,0,40.44862644,-113.12957150000001,49045.0,813.7394649801407,0.0,588,584,0,0,584,583,69907,4,0,0,4,1
2020-08-12,US,Utah,TriCounty,181,0,0,40.12491499,-109.5174415,0.0,319.6637349440147,0.0,181,181,0,0,181,179,,0,0,0,0,2
2020-08-12,US,Utah,Utah,8983,37,0,40.116672200000004,-111.66576620000001,49049.0,1411.8996911518545,0.4118891239007013,8946,8887,37,0,8850,8794,622213,96,0,0,96,93
2020-08-12,US,Utah,Wasatch,583,4,0,40.33110236,-111.1691419,49051.0,1710.1287729899384,0.6861063464837049,579,576,4,0,572,568,33240,7,0,0,7,8
2020-08-12,US,Utah,Weber-Morgan,2912,25,0,41.27116049,-111.9145117,0.0,1069.2634493293235,0.8585164835164835,2887,2878,25,0,2853,2845,,34,0,0,34,33
2020-08-12,US,Vermont,Addison,74,2,0,44.03217337,-73.14130877,50001.0,201.21271446828186,2.702702702702702,72,74,2,0,72,73,36973,0,0,0,0,1
2020-08-12,US,Vermont,Bennington,90,1,0,43.03519828,-73.09048868,50003.0,253.73555117000282,1.1111111111111112,89,90,1,0,89,88,35631,0,0,0,0,2
2020-08-12,US,Vermont,Caledonia,28,0,0,44.46548598,-72.10314651,50005.0,93.35511619377856,0.0,28,28,0,0,28,28,30302,0,0,0,0,0
2020-08-12,US,Vermont,Chittenden,735,39,0,44.46322849,-73.08359212,50007.0,448.78918509653533,5.306122448979592,696,735,39,0,696,730,164572,0,0,0,0,5
2020-08-12,US,Vermont,Essex,6,0,0,44.72736416,-71.73579864,50009.0,97.35518416355671,0.0,6,6,0,0,6,6,6250,0,0,0,0,0
2020-08-12,US,Vermont,Franklin,118,7,0,44.85627605,-72.91249563,50011.0,238.85672644832192,5.932203389830509,111,118,7,0,111,118,49421,0,0,0,0,0
2020-08-12,US,Vermont,Grand Isle,13,0,0,44.797582399999996,-73.29679772,50013.0,179.68210089841045,0.0,13,13,0,0,13,13,7090,0,0,0,0,0
2020-08-12,US,Vermont,Lamoille,43,1,0,44.60353043,-72.64356694,50015.0,169.5449885655706,2.3255813953488373,42,43,1,0,42,43,25300,0,0,0,0,0
2020-08-12,US,Vermont,Orange,15,0,0,44.00470222,-72.37640104,50017.0,51.917485809220544,0.0,15,15,0,0,15,14,28999,0,0,0,0,1
2020-08-12,US,Vermont,Orleans,14,0,0,44.82964024,-72.24562697,50019.0,51.78089285053815,0.0,14,14,0,0,14,14,26907,0,0,0,0,0
2020-08-12,US,Vermont,Rutland,100,1,0,43.57723578,-73.03741676,50021.0,171.84788025639702,1.0,99,99,1,0,98,100,58672,1,0,0,1,-1
2020-08-12,US,Vermont,Unassigned,8,0,0,0.0,0.0,90050.0,0.0,0.0,8,8,0,0,8,8,,0,0,0,0,0
2020-08-12,US,Vermont,Washington,57,2,0,44.27343241,-72.61604978,50023.0,97.58770052560396,3.5087719298245608,55,53,2,0,51,53,58140,4,0,0,4,0
2020-08-12,US,Vermont,Windham,104,3,0,42.986982,-72.71268875,50025.0,246.31708587939937,2.8846153846153846,101,104,3,0,101,102,42756,0,0,0,0,2
2020-08-12,US,Vermont,Windsor,73,2,0,43.58010937,-72.58595157,50027.0,132.57782136500668,2.7397260273972597,71,72,2,0,70,72,55286,1,0,0,1,0
2020-08-12,US,Virginia,Accomack,1108,17,0,37.76707161,-75.63234615,51001.0,3428.6421586830047,1.5342960288808665,1091,1106,16,0,1090,1102,32412,2,1,0,1,4
2020-08-12,US,Virginia,Albemarle,856,16,0,38.02080697,-78.55481085,51003.0,782.9506997164548,1.8691588785046729,840,848,16,0,832,842,108718,8,0,0,8,6
2020-08-12,US,Virginia,Alexandria,3014,60,0,38.814003,-77.08183073,51510.0,1890.5085681310686,1.9907100199071,2954,2995,60,0,2935,2976,160530,19,0,0,19,19
2020-08-12,US,Virginia,Alleghany,62,4,0,37.78636074,-80.00222498,51005.0,417.227456258412,6.451612903225807,58,62,4,0,58,62,14910,0,0,0,0,0
2020-08-12,US,Virginia,Amelia,82,2,0,37.34081025,-77.98584649,51007.0,623.8113351084062,2.4390243902439024,80,81,2,0,79,79,13013,1,0,0,1,2
2020-08-12,US,Virginia,Amherst,184,1,0,37.60308293,-79.14548696,51009.0,582.1863629172599,0.5434782608695652,183,183,1,0,182,176,31666,1,0,0,1,7
2020-08-12,US,Virginia,Appomattox,89,0,0,37.37569884,-78.81340003,51011.0,559.3614480548049,0.0,89,88,0,0,88,87,15841,1,0,0,1,1
2020-08-12,US,Virginia,Arlington,3118,135,0,38.8767675,-77.10139853,51013.0,1316.4894739953218,4.329698524695318,2983,3105,135,0,2970,3091,237521,13,0,0,13,14
2020-08-12,US,Virginia,Augusta,287,4,0,38.16404586,-79.12461614,51015.0,379.84065221419314,1.3937282229965158,283,282,4,0,278,280,75457,5,0,0,5,2
2020-08-12,US,Virginia,Bath,4,0,0,38.05852573,-79.73912095,51017.0,96.45526886906195,0.0,4,4,0,0,4,4,4292,0,0,0,0,0
2020-08-12,US,Virginia,Bedford,370,8,0,37.3080028,-79.5281964,51019.0,468.3722166664557,2.1621621621621623,362,367,8,0,359,361,78747,3,0,0,3,6
2020-08-12,US,Virginia,Bland,25,0,0,37.13128068,-81.13599391,51021.0,398.0891719745224,0.0,25,22,0,0,22,19,6293,3,0,0,3,3
2020-08-12,US,Virginia,Botetourt,216,7,0,37.55531756,-79.80982182,51023.0,646.3389090038601,3.2407407407407414,209,215,7,0,208,215,33277,1,0,0,1,0
2020-08-12,US,Virginia,Bristol,88,0,0,36.616302399999995,-82.16359122,51520.0,524.9970170624031,0.0,88,88,0,0,88,80,16482,0,0,0,0,8
2020-08-12,US,Virginia,Brunswick,239,2,0,36.76366949,-77.8593436,51025.0,1472.4909124514816,0.8368200836820083,237,237,2,0,235,230,16384,2,0,0,2,7
2020-08-12,US,Virginia,Buchanan,80,1,0,37.26818323,-82.03749726,51027.0,380.87983241287367,1.25,79,80,1,0,79,80,21221,0,0,0,0,0
2020-08-12,US,Virginia,Buckingham,611,8,0,37.57242268,-78.52518834,51029.0,3563.0977373454634,1.3093289689034369,603,610,8,0,602,605,16999,1,0,0,1,5
2020-08-12,US,Virginia,Buena Vista,58,1,0,37.73484642,-79.35296097,51530.0,895.3380673047238,1.7241379310344829,57,56,1,0,55,50,6237,2,0,0,2,6
2020-08-12,US,Virginia,Campbell,216,2,0,37.20553386,-79.09678609,51031.0,393.5501503142936,0.925925925925926,214,218,2,0,216,213,54973,-2,0,0,-2,5
2020-08-12,US,Virginia,Caroline,218,5,0,38.02679129,-77.34901405,51033.0,709.519934906428,2.2935779816513757,213,216,5,0,211,214,30772,2,0,0,2,2
2020-08-12,US,Virginia,Carroll,333,14,0,36.73066666,-80.73455942,51035.0,1117.7872511832434,4.2042042042042045,319,332,14,0,318,334,29636,1,0,0,1,-2
2020-08-12,US,Virginia,Charles City,53,5,0,37.35358063,-77.05634116,51036.0,761.1661640097659,9.433962264150944,48,53,5,0,48,52,6941,0,0,0,0,1
2020-08-12,US,Virginia,Charlotte,55,0,0,37.01909701,-78.66314092,51037.0,462.9629629629631,0.0,55,54,0,0,54,53,11938,1,0,0,1,1
2020-08-12,US,Virginia,Charlottesville,550,15,0,38.03527919,-78.48569588,51540.0,1163.6271315533365,2.727272727272727,535,546,15,0,531,543,48117,4,0,0,4,3
2020-08-12,US,Virginia,Chesapeake,3008,38,0,36.67670048,-76.30545744,51550.0,1228.5825147548348,1.2632978723404256,2970,2958,38,0,2920,2949,242634,50,0,0,50,9
2020-08-12,US,Virginia,Chesterfield,4475,80,0,37.37373208,-77.58680140000001,51041.0,1268.4168457094913,1.7877094972067038,4395,4439,80,0,4359,4370,348556,36,0,0,36,69
2020-08-12,US,Virginia,Clarke,72,0,0,39.11271747,-77.99199425,51043.0,492.50974758875435,0.0,72,71,0,0,71,71,14523,1,0,0,1,0
2020-08-12,US,Virginia,Colonial Heights,203,22,0,37.26420587,-77.39609676,51570.0,1168.6816350028785,10.83743842364532,181,200,21,0,179,197,17833,3,1,0,2,3
2020-08-12,US,Virginia,Covington,13,0,0,37.7824656,-79.98631446,51580.0,234.74178403755863,0.0,13,13,0,0,13,13,5460,0,0,0,0,0
2020-08-12,US,Virginia,Craig,17,0,0,37.48133648,-80.21072274,51045.0,331.319430910154,0.0,17,17,0,0,17,17,5064,0,0,0,0,0
2020-08-12,US,Virginia,Culpeper,1012,12,0,38.48199985,-77.95630870000002,51047.0,1923.7715046098278,1.1857707509881423,1000,1012,12,0,1000,1008,51859,0,0,0,0,4
2020-08-12,US,Virginia,Cumberland,77,0,0,37.51328851,-78.24398086,51049.0,775.2718485702777,0.0,77,76,0,0,76,76,9809,1,0,0,1,0
2020-08-12,US,Virginia,Danville,419,7,0,36.58022376,-79.40395668,51590.0,1046.3490160823094,1.6706443914081146,412,415,7,0,408,411,40693,4,0,0,4,4
2020-08-12,US,Virginia,Dickenson,49,1,0,37.12560977,-82.35124171,51051.0,342.2265679564185,2.0408163265306123,48,48,1,0,47,43,14523,1,0,0,1,5
2020-08-12,US,Virginia,Dinwiddie,223,7,0,37.07544585,-77.63451754,51053.0,781.25,3.1390134529147984,216,223,7,0,216,221,28529,0,0,0,0,2
2020-08-12,US,Virginia,Emporia,180,15,0,36.69455571,-77.53406129,51595.0,3367.0033670033667,8.333333333333334,165,178,15,0,163,178,5121,2,0,0,2,0
2020-08-12,US,Virginia,Essex,105,1,0,37.93357639,-76.94230311,51057.0,958.641468090934,0.9523809523809524,104,104,1,0,103,103,10919,1,0,0,1,1
2020-08-12,US,Virginia,Fairfax,16642,529,0,38.83677558,-77.27565836,51059.0,1450.2427819006355,3.178704482634299,16113,16544,529,0,16015,16445,1150795,98,0,0,98,99
2020-08-12,US,Virginia,Fairfax,16642,529,0,38.83677558,-77.27565836,51059.0,1450.2427819006355,3.178704482634299,16113,16544,529,0,16015,16445,24574,98,0,0,98,99
2020-08-12,US,Virginia,Fairfax City,92,7,0,38.85157547,-77.29779640000002,51600.0,383.03010116990714,7.608695652173912,85,91,7,0,84,90,24574,1,0,0,1,1
2020-08-12,US,Virginia,Falls Church,61,6,0,38.88485255,-77.17560759,51610.0,417.3222959567627,9.836065573770492,55,60,6,0,54,61,14772,1,0,0,1,-1
2020-08-12,US,Virginia,Fauquier,623,9,0,38.73564842,-77.80647472,51061.0,874.729718345455,1.4446227929373996,614,623,9,0,614,620,70675,0,0,0,0,3
2020-08-12,US,Virginia,Floyd,90,2,0,36.9302126,-80.36738849,51063.0,571.464854911423,2.2222222222222223,88,77,2,0,75,75,15795,13,0,0,13,2
2020-08-12,US,Virginia,Fluvanna,196,9,0,37.84157909,-78.27715475,51065.0,718.7385405207187,4.591836734693878,187,194,9,0,185,193,26783,2,0,0,2,1
2020-08-12,US,Virginia,Franklin,176,1,0,36.99536167,-79.88023649,51067.0,314.05017665322436,0.5681818181818182,175,175,1,0,174,175,56195,1,0,0,1,0
2020-08-12,US,Virginia,Franklin,176,1,0,36.99536167,-79.88023649,51067.0,314.05017665322436,0.5681818181818182,175,175,1,0,174,175,8013,1,0,0,1,0
2020-08-12,US,Virginia,Franklin City,188,6,0,36.6831435,-76.93859681,51620.0,2359.7339023471827,3.191489361702128,182,185,6,0,179,182,8013,3,0,0,3,3
2020-08-12,US,Virginia,Frederick,686,9,0,39.20172582,-78.25974949,51069.0,768.0852731405282,1.3119533527696794,677,685,9,0,676,681,88355,1,0,0,1,4
2020-08-12,US,Virginia,Fredericksburg,414,4,0,38.2977863,-77.4922454,51630.0,1425.8162281305965,0.966183574879227,410,406,3,0,403,406,29144,8,1,0,7,0
2020-08-12,US,Virginia,Galax,351,24,0,36.66601852,-80.91703124,51640.0,5530.171734677801,6.837606837606838,327,350,24,0,326,347,6423,1,0,0,1,3
2020-08-12,US,Virginia,Giles,27,0,0,37.31234791,-80.70636931,51071.0,161.48325358851676,0.0,27,26,0,0,26,24,16844,1,0,0,1,2
2020-08-12,US,Virginia,Gloucester,166,2,0,37.40809042,-76.53524337,51073.0,444.46824461818574,1.2048192771084338,164,162,2,0,160,161,37349,4,0,0,4,1
2020-08-12,US,Virginia,Goochland,167,7,0,37.71714806,-77.90381514,51075.0,703.0690860101882,4.1916167664670665,160,165,7,0,158,164,23244,2,0,0,2,1
2020-08-12,US,Virginia,Grayson,156,5,0,36.65677234,-81.23215889,51077.0,1003.2154340836013,3.2051282051282053,151,156,5,0,151,157,15631,0,0,0,0,-1
2020-08-12,US,Virginia,Greene,169,2,0,38.29545894,-78.46525378,51079.0,852.717089661436,1.183431952662722,167,167,2,0,165,166,19779,2,0,0,2,1
2020-08-12,US,Virginia,Greensville,529,11,0,36.67878901,-77.56351439,51081.0,4666.5490472829915,2.0793950850661624,518,497,11,0,486,495,11627,32,0,0,32,2
2020-08-12,US,Virginia,Halifax,159,2,0,36.76654925,-78.93512622,51083.0,468.8744065347527,1.2578616352201255,157,157,1,0,156,156,34120,2,1,0,1,1
2020-08-12,US,Virginia,Hampton,1273,7,0,37.03513786,-76.35879121,51650.0,946.3980373206456,0.5498821681068342,1266,1257,7,0,1250,1245,134313,16,0,0,16,12
2020-08-12,US,Virginia,Hanover,660,33,0,37.7583355,-77.49464673,51085.0,612.4380602416346,5.0,627,656,32,0,624,653,107239,4,1,0,3,3
2020-08-12,US,Virginia,Harrisonburg,1083,31,0,38.43542574,-78.87536254,51660.0,2042.779538252603,2.8624192059095113,1052,1082,31,0,1051,1079,54033,1,0,0,1,3
2020-08-12,US,Virginia,Henrico,3968,186,0,37.53460572,-77.39326555,51087.0,1199.451057681263,4.6875,3782,3948,186,0,3762,3904,329261,20,0,0,20,44
2020-08-12,US,Virginia,Henry,611,9,0,36.68542395,-79.87634026,51089.0,1208.5368989457445,1.4729950900163666,602,596,9,0,587,591,50953,15,0,0,15,5
2020-08-12,US,Virginia,Highland,6,0,0,38.35799465,-79.56124594,51091.0,273.97260273972597,0.0,6,6,0,0,6,6,2210,0,0,0,0,0
2020-08-12,US,Virginia,Hopewell,278,5,0,37.29186313,-77.29754684,51670.0,1233.9651116338941,1.7985611510791366,273,275,5,0,270,272,22596,3,0,0,3,3
2020-08-12,US,Virginia,Isle of Wight,401,9,0,36.90579348,-76.70842863,51093.0,1080.600393435555,2.244389027431421,392,390,9,0,381,387,36953,11,0,0,11,3
2020-08-12,US,Virginia,James City,621,17,0,37.31156958,-76.76950618,51095.0,811.5207192608757,2.7375201288244773,604,618,17,0,601,617,76397,3,0,0,3,1
2020-08-12,US,Virginia,King George,153,4,0,38.26818502,-77.15852768,51099.0,570.1296765538829,2.6143790849673203,149,149,4,0,145,145,26575,4,0,0,4,4
2020-08-12,US,Virginia,King William,91,2,0,37.70965316,-77.09384941,51101.0,530.6741310940051,2.1978021978021984,89,90,2,0,88,90,16939,1,0,0,1,0
2020-08-12,US,Virginia,King and Queen,42,1,0,37.71044922,-76.88689628,51097.0,597.8647686832742,2.380952380952381,41,42,1,0,41,42,7042,0,0,0,0,0
2020-08-12,US,Virginia,Lancaster,41,0,0,37.71889653,-76.46400482,51103.0,386.6830142412525,0.0,41,40,0,0,40,40,10783,1,0,0,1,0
2020-08-12,US,Virginia,Lee,130,1,0,36.70586667,-83.12606515,51105.0,555.0100328736712,0.7692307692307693,129,125,1,0,124,121,23541,5,0,0,5,4
2020-08-12,US,Virginia,Lexington,33,0,0,37.78258621,-79.44262866,51678.0,443.19097502014506,0.0,33,33,0,0,33,33,7136,0,0,0,0,0
2020-08-12,US,Virginia,Loudoun,5372,115,0,39.08990083,-77.63481877,51107.0,1299.03418791018,2.140729709605361,5257,5346,115,0,5231,5306,406850,26,0,0,26,40
2020-08-12,US,Virginia,Louisa,195,2,0,37.97850256,-77.96274807,51109.0,518.7411880503312,1.0256410256410255,193,190,2,0,188,183,36778,5,0,0,5,7
2020-08-12,US,Virginia,Lunenburg,66,1,0,36.94618528,-78.24133319,51111.0,541.1610364053788,1.5151515151515151,65,64,1,0,63,62,12086,2,0,0,2,2
2020-08-12,US,Virginia,Lynchburg,654,5,0,37.40021399,-79.19888138,51680.0,795.9302891636647,0.764525993883792,649,644,5,0,639,627,82126,10,0,0,10,17
2020-08-12,US,Virginia,Madison,71,1,0,38.41531222,-78.28220331,51113.0,535.4045697911168,1.4084507042253518,70,70,1,0,69,69,13295,1,0,0,1,1
2020-08-12,US,Virginia,Manassas,1670,23,0,38.7464321,-77.48509905,51683.0,4064.7438237799684,1.377245508982036,1647,1666,22,0,1644,1662,41641,4,1,0,3,4
2020-08-12,US,Virginia,Manassas Park,518,7,0,38.77058531,-77.44399307,51685.0,2963.7258267536326,1.351351351351351,511,516,7,0,509,515,17307,2,0,0,2,1
2020-08-12,US,Virginia,Martinsville,219,3,0,36.68212094,-79.86352771,51690.0,1744.4639158833838,1.3698630136986298,216,215,3,0,212,212,12902,4,0,0,4,3
2020-08-12,US,Virginia,Mathews,18,0,0,37.44164146,-76.34098896,51115.0,203.75820692777904,0.0,18,18,0,0,18,18,8802,0,0,0,0,0
2020-08-12,US,Virginia,Mecklenburg,447,32,0,36.67882005,-78.36131056,51117.0,1461.4051721319515,7.158836689038031,415,446,32,0,414,446,30650,1,0,0,1,0
2020-08-12,US,Virginia,Middlesex,46,1,0,37.63191998,-76.55064617,51119.0,434.7004347004347,2.1739130434782608,45,46,1,0,45,42,10769,0,0,0,0,4
2020-08-12,US,Virginia,Montgomery,312,3,0,37.17746986,-80.37868691,51121.0,316.6387578017963,0.9615384615384616,309,307,3,0,304,305,98985,5,0,0,5,2
2020-08-12,US,Virginia,Nelson,54,0,0,37.78790447,-78.88498513,51125.0,361.68787675820494,0.0,54,52,0,0,52,49,14836,2,0,0,2,3
2020-08-12,US,Virginia,New Kent,129,1,0,37.50694406,-76.99828634,51127.0,558.659217877095,0.7751937984496124,128,128,1,0,127,129,22391,1,0,0,1,-1
2020-08-12,US,Virginia,Newport News,1872,19,0,37.08166899,-76.51754109,51700.0,1044.4971404658947,1.014957264957265,1853,1855,19,0,1836,1847,178626,17,0,0,17,8
2020-08-12,US,Virginia,Norfolk,3802,33,0,36.89934014,-76.26420872,51710.0,1566.2720089642498,0.8679642293529721,3769,3787,32,0,3755,3703,244076,15,1,0,14,84
2020-08-12,US,Virginia,Northampton,296,29,0,37.34062933,-75.87751591,51131.0,2527.754056362084,9.797297297297296,267,296,29,0,267,296,11735,0,0,0,0,0
2020-08-12,US,Virginia,Northumberland,78,3,0,37.89202088,-76.41949732,51133.0,644.8945845390658,3.8461538461538463,75,78,3,0,75,74,12147,0,0,0,0,4
2020-08-12,US,Virginia,Norton,21,0,0,36.93357076,-82.62750411,51720.0,527.5056518462699,0.0,21,21,0,0,21,19,3968,0,0,0,0,2
2020-08-12,US,Virginia,Nottoway,182,14,0,37.1435975,-78.05065922,51135.0,1194.8529411764705,7.6923076923076925,168,182,14,0,168,182,15420,0,0,0,0,0
2020-08-12,US,Virginia,Orange,231,3,0,38.24530219,-78.01560400000002,51137.0,623.4649537124504,1.2987012987012987,228,230,3,0,227,231,36644,1,0,0,1,-1
2020-08-12,US,Virginia,Page,347,25,0,38.61807452,-78.48797204,51139.0,1451.7613588821018,7.204610951008647,322,346,25,0,321,346,23933,1,0,0,1,0
2020-08-12,US,Virginia,Patrick,161,4,0,36.680163799999995,-80.2865648,51141.0,914.3571104043616,2.4844720496894412,157,161,4,0,157,158,17673,0,0,0,0,3
2020-08-12,US,Virginia,Petersburg,531,19,0,37.20530399,-77.39368102,51730.0,1693.996044152364,3.5781544256120528,512,526,19,0,507,520,31567,5,0,0,5,6
2020-08-12,US,Virginia,Pittsylvania,516,2,0,36.81980341,-79.39731264,51143.0,854.9557610100408,0.3875968992248062,514,507,2,0,505,493,60949,9,0,0,9,14
2020-08-12,US,Virginia,Poquoson,44,0,0,37.14259351,-76.35798148,51735.0,358.5689837829028,0.0,44,44,0,0,44,44,12190,0,0,0,0,0
2020-08-12,US,Virginia,Portsmouth,1855,25,0,36.85914825,-76.35971629,51740.0,1965.0840060170767,1.3477088948787062,1830,1833,25,0,1808,1788,94632,22,0,0,22,45
2020-08-12,US,Virginia,Powhatan,151,4,0,37.55016038,-77.91267882,51145.0,509.24052340482933,2.6490066225165565,147,149,4,0,145,147,29189,2,0,0,2,2
2020-08-12,US,Virginia,Prince Edward,423,11,0,37.22554789,-78.43597949,51147.0,1855.1004297868606,2.600472813238771,412,423,11,0,412,410,22950,0,0,0,0,13
2020-08-12,US,Virginia,Prince George,424,2,0,37.18497668,-77.22922187,51149.0,1105.5197768101582,0.4716981132075472,422,416,2,0,414,384,38082,8,0,0,8,32
2020-08-12,US,Virginia,Prince William,9605,176,0,38.70916224,-77.48713689,51153.0,2042.1614381238903,1.8323789692868295,9429,9566,176,0,9390,9516,468011,39,0,0,39,50
2020-08-12,US,Virginia,Pulaski,90,3,0,37.06474963,-80.71229738,51155.0,264.4958415376025,3.333333333333333,87,90,3,0,87,89,34066,0,0,0,0,1
2020-08-12,US,Virginia,Radford,58,0,0,37.12222899,-80.56027320000003,51750.0,317.8256342813305,0.0,58,56,0,0,56,54,18339,2,0,0,2,2
2020-08-12,US,Virginia,Rappahannock,44,2,0,38.68295619,-78.15826963,51157.0,597.0149253731344,4.545454545454546,42,44,2,0,42,43,7252,0,0,0,0,1
2020-08-12,US,Virginia,Richmond,322,4,0,37.937575,-76.72920628,51159.0,3568.6578743211794,1.2422360248447204,318,322,4,0,318,321,9038,0,0,0,0,1
2020-08-12,US,Virginia,Richmond City,3248,41,0,37.53255773,-77.47966921,51760.0,1409.5019875366695,1.2623152709359606,3207,3229,41,0,3188,3190,228783,19,0,0,19,39
2020-08-12,US,Virginia,Roanoke,502,4,0,37.26865804,-80.06396753,51161.0,532.9879175248975,0.796812749003984,498,498,4,0,494,496,94073,4,0,0,4,2
2020-08-12,US,Virginia,Roanoke City,1036,15,0,37.27791025,-79.96189766,51770.0,1044.9552666350626,1.447876447876448,1021,1032,15,0,1017,1015,99920,4,0,0,4,17
2020-08-12,US,Virginia,Rockbridge,69,1,0,37.81204314,-79.44605905,51163.0,305.674921366234,1.4492753623188406,68,68,1,0,67,69,22752,1,0,0,1,-1
2020-08-12,US,Virginia,Rockingham,957,19,0,38.51006137,-78.87260325,51165.0,1167.8137355396104,1.9853709508881925,938,950,19,0,931,946,81244,7,0,0,7,4
2020-08-12,US,Virginia,Russell,134,2,0,36.93028320000001,-82.10095486,51167.0,504.02467464078836,1.492537313432836,132,130,2,0,128,128,26748,4,0,0,4,2
2020-08-12,US,Virginia,Salem,163,3,0,37.2836193,-80.06219455,51775.0,644.2433105410853,1.8404907975460123,160,163,3,0,160,161,25643,0,0,0,0,2
2020-08-12,US,Virginia,Scott,111,3,0,36.71466456,-82.60171704,51169.0,514.6990633404433,2.702702702702702,108,111,3,0,108,102,21534,0,0,0,0,9
2020-08-12,US,Virginia,Shenandoah,724,46,0,38.85905135,-78.56813762,51171.0,1659.9413059427734,6.3535911602209945,678,722,46,0,676,717,43497,2,0,0,2,5
2020-08-12,US,Virginia,Smyth,154,3,0,36.84455636,-81.53344948,51173.0,511.55992559128373,1.9480519480519483,151,151,3,0,148,150,30472,3,0,0,3,1
2020-08-12,US,Virginia,Southampton,285,13,0,36.72231125,-77.10642712,51175.0,1616.4709885996256,4.56140350877193,272,274,13,0,261,267,17586,11,0,0,11,7
2020-08-12,US,Virginia,Spotsylvania,1536,35,0,38.18574462,-77.655399,51177.0,1127.6291157361525,2.278645833333333,1501,1514,36,0,1478,1499,134238,22,-1,0,23,15
2020-08-12,US,Virginia,Stafford,1424,9,0,38.41758738,-77.45917053,51179.0,931.4373176698367,0.6320224719101124,1415,1405,9,0,1396,1385,149960,19,0,0,19,20
2020-08-12,US,Virginia,Staunton,154,0,0,38.15965544,-79.05979937,51790.0,617.6800898443768,0.0,154,154,0,0,154,152,24922,0,0,0,0,2
2020-08-12,US,Virginia,Suffolk,1334,53,0,36.70155394,-76.63603554,51800.0,1448.2998219481478,3.9730134932533727,1281,1316,51,0,1265,1297,91185,18,2,0,16,19
2020-08-12,US,Virginia,Surry,51,2,0,37.11781893,-76.88450012,51181.0,794.1451261289317,3.92156862745098,49,52,2,0,50,52,6474,-1,0,0,-1,0
2020-08-12,US,Virginia,Sussex,310,9,0,36.92432914,-77.25791182,51183.0,2778.026704901873,2.9032258064516134,301,308,9,0,299,307,11237,2,0,0,2,1
2020-08-12,US,Virginia,Tazewell,123,0,0,37.12191123,-81.56685568,51185.0,302.9929794309644,0.0,123,122,0,0,122,119,40855,1,0,0,1,3
2020-08-12,US,Virginia,Virginia Beach,5139,54,0,36.73285734,-76.04566934,51810.0,1142.0659860347487,1.0507880910683012,5085,5111,54,0,5057,5050,450189,28,0,0,28,61
2020-08-12,US,Virginia,Warren,356,6,0,38.90847745,-78.20280433,51187.0,886.3658998107758,1.6853932584269662,350,356,6,0,350,355,40003,0,0,0,0,1
2020-08-12,US,Virginia,Washington,237,6,0,36.72341572,-81.95666289,51191.0,441.0122813546706,2.5316455696202533,231,231,6,0,225,233,54402,6,0,0,6,-2
2020-08-12,US,Virginia,Waynesboro,177,3,0,38.06451466,-78.90293905,51820.0,782.1475916924437,1.6949152542372878,174,177,3,0,174,174,22628,0,0,0,0,3
2020-08-12,US,Virginia,Westmoreland,214,3,0,38.11021557,-76.80213247,51193.0,1187.8989730779906,1.4018691588785046,211,213,3,0,210,211,17830,1,0,0,1,2
2020-08-12,US,Virginia,Williamsburg,128,6,0,37.28131268,-76.70905141,51830.0,855.9582720342382,4.6875,122,128,6,0,122,128,14896,0,0,0,0,0
2020-08-12,US,Virginia,Winchester,404,4,0,39.17054517,-78.17325058,51840.0,1438.8489208633093,0.99009900990099,400,403,4,0,399,399,28108,1,0,0,1,4
2020-08-12,US,Virginia,Wise,181,3,0,36.9746148,-82.62410519,51195.0,484.1772998421743,1.6574585635359116,178,168,3,0,165,141,38012,13,0,0,13,27
2020-08-12,US,Virginia,Wythe,119,3,0,36.91582035,-81.07834059,51197.0,414.8654302049923,2.5210084033613445,116,116,3,0,113,115,28754,3,0,0,3,1
2020-08-12,US,Virginia,York,375,4,0,37.24374789,-76.54412815,51199.0,549.2091388400703,1.0666666666666669,371,374,4,0,370,373,67846,1,0,0,1,1
2020-08-12,US,Washington,Adams,457,5,0,46.98299757,-118.56017340000001,53001.0,2286.943902316969,1.0940919037199124,452,457,5,0,452,452,19759,0,0,0,0,5
2020-08-12,US,Washington,Asotin,28,2,0,46.18894415,-117.2022851,53003.0,123.99256044637322,7.142857142857142,26,28,2,0,26,27,22610,0,0,0,0,1
2020-08-12,US,Washington,Benton,3787,119,0,46.23946995,-119.51208340000001,53005.0,1852.8303733059347,3.1423290203327165,3668,3776,117,0,3659,3748,201877,11,2,0,9,28
2020-08-12,US,Washington,Chelan,1405,10,0,47.87046092,-120.6173956,53007.0,1819.9481865284968,0.7117437722419929,1395,1363,10,0,1353,1358,77036,42,0,0,42,5
2020-08-12,US,Washington,Clallam,142,0,0,48.04754642,-123.92263190000001,53009.0,183.62623010177032,0.0,142,139,0,0,139,122,76737,3,0,0,3,17
2020-08-12,US,Washington,Clark,1849,45,0,45.77568046,-122.48292040000001,53011.0,378.7064175274096,2.43374797187669,1804,1823,43,0,1780,1787,481857,26,2,0,24,36
2020-08-12,US,Washington,Columbia,13,1,0,46.29442881,-117.9051983,53013.0,326.2233375156838,7.6923076923076925,12,13,1,0,12,13,4059,0,0,0,0,0
2020-08-12,US,Washington,Cowlitz,496,5,0,46.19074721,-122.6782231,53015.0,448.4913150018537,1.0080645161290325,491,495,5,0,490,485,108987,1,0,0,1,10
2020-08-12,US,Washington,Douglas,976,7,0,47.7361335,-119.69293700000001,53017.0,2247.346243293652,0.7172131147540983,969,965,7,0,958,961,42907,11,0,0,11,4
2020-08-12,US,Washington,Ferry,22,0,0,48.471143100000006,-118.5154041,53019.0,288.4489314278223,0.0,22,23,0,0,23,23,7649,-1,0,0,-1,0
2020-08-12,US,Washington,Franklin,3577,51,0,46.53351425,-118.9018212,53021.0,3756.484845938964,1.4257757897679617,3526,3560,49,0,3511,3540,94347,17,2,0,15,20
2020-08-12,US,Washington,Garfield,4,0,0,46.43197502,-117.54540320000001,53023.0,179.77528089887642,0.0,4,4,0,0,4,4,2247,0,0,0,0,0
2020-08-12,US,Washington,Grant,1584,13,0,47.20753737,-119.4500749,53025.0,1620.7422262695306,0.8207070707070707,1571,1562,13,0,1549,1540,97331,22,0,0,22,22
2020-08-12,US,Washington,Grays Harbor,125,3,0,47.14003705,-123.7820567,53027.0,166.53122127336437,2.4,122,122,2,0,120,122,73901,3,1,0,2,0
2020-08-12,US,Washington,Island,249,11,0,48.14713305,-122.5216407,53029.0,292.4560435043046,4.417670682730924,238,249,11,0,238,247,84460,0,0,0,0,2
2020-08-12,US,Washington,Jefferson,55,0,0,47.75003077,-123.56097040000002,53031.0,170.69612985320134,0.0,55,55,0,0,55,54,31729,0,0,0,0,1
2020-08-12,US,Washington,King,16941,684,0,47.49137892,-121.8346131,53033.0,752.0035227554198,4.037542057729768,16257,16808,686,0,16122,16707,2233163,133,-2,0,135,101
2020-08-12,US,Washington,Kitsap,768,7,0,47.63479026,-122.6436061,53035.0,282.90106198406465,0.9114583333333334,761,761,7,0,754,746,269805,7,0,0,7,15
2020-08-12,US,Washington,Kittitas,412,20,0,47.12521214,-120.67943899999999,53037.0,859.4972358402002,4.854368932038835,392,394,20,0,374,375,47364,18,0,0,18,19
2020-08-12,US,Washington,Klickitat,119,3,0,45.87325839,-120.7913598,53039.0,530.6577480490523,2.5210084033613445,116,118,3,0,115,113,22107,1,0,0,1,5
2020-08-12,US,Washington,Lewis,231,4,0,46.57756476,-122.39257690000001,53041.0,286.22052610058614,1.7316017316017316,227,229,4,0,225,225,79604,2,0,0,2,4
2020-08-12,US,Washington,Lincoln,27,0,0,47.57705241,-118.41943880000001,53043.0,246.82329280555808,0.0,27,27,0,0,27,27,10740,0,0,0,0,0
2020-08-12,US,Washington,Mason,242,1,0,47.35007586,-123.1863685,53045.0,362.4490774023485,0.4132231404958678,241,229,1,0,228,226,65507,13,0,0,13,3
2020-08-12,US,Washington,Okanogan,881,5,0,48.54855019,-119.73872240000001,53047.0,2085.552635939682,0.5675368898978433,876,877,5,0,872,877,42132,4,0,0,4,0
2020-08-12,US,Washington,Pacific,55,2,0,46.55418369,-123.7285716,53049.0,244.75991277646744,3.636363636363636,53,51,2,0,49,50,22036,4,0,0,4,1
2020-08-12,US,Washington,Pend Oreille,46,0,0,48.53234021,-117.2741804,53051.0,335.1792480326436,0.0,46,44,0,0,44,44,13602,2,0,0,2,0
2020-08-12,US,Washington,Pierce,5874,143,0,47.03892768,-122.14059579999999,53053.0,649.0751176821587,2.4344569288389515,5731,5801,143,0,5658,5751,891299,73,0,0,73,50
2020-08-12,US,Washington,San Juan,30,0,0,48.60182783,-122.96745,53055.0,170.62905243999546,0.0,30,30,0,0,30,28,17128,0,0,0,0,2
2020-08-12,US,Washington,Skagit,904,21,0,48.48171488,-121.766131,53057.0,699.6633257226888,2.3230088495575223,883,891,21,0,870,890,128206,13,0,0,13,1
2020-08-12,US,Washington,Skamania,57,1,0,46.02408726,-121.91644029999999,53059.0,471.737151369693,1.7543859649122806,56,57,1,0,56,57,11924,0,0,0,0,0
2020-08-12,US,Washington,Snohomish,5582,197,0,48.04615983,-121.7170703,53061.0,679.006864270396,3.5292010032246512,5385,5532,198,0,5334,5486,814901,50,-1,0,51,46
2020-08-12,US,Washington,Spokane,4602,93,0,47.62113146,-117.4046494,53063.0,880.2635052161638,2.0208604954367666,4509,4561,93,0,4468,4504,514631,41,0,0,41,57
2020-08-12,US,Washington,Stevens,112,1,0,48.40035475,-117.8542701,53065.0,244.95330577608644,0.8928571428571429,111,112,1,0,111,110,45260,0,0,0,0,2
2020-08-12,US,Washington,Thurston,752,11,0,46.9291895,-122.82906559999999,53067.0,258.83195197841235,1.4627659574468086,741,742,11,0,731,732,286419,10,0,0,10,10
2020-08-12,US,Washington,Unassigned,204,2,0,0.0,0.0,90053.0,0.0,0.9803921568627452,202,209,2,0,207,202,,-5,0,0,-5,7
2020-08-12,US,Washington,Wahkiakum,5,0,0,46.29180039999999,-123.4250831,53069.0,111.40819964349377,0.0,5,5,0,0,5,5,4426,0,0,0,0,0
2020-08-12,US,Washington,Walla Walla,564,3,0,46.23040051,-118.4775539,53071.0,928.2422646477946,0.5319148936170213,561,549,3,0,546,547,60922,15,0,0,15,2
2020-08-12,US,Washington,Whatcom,1000,39,0,48.82227976,-121.74900179999999,53073.0,436.2107246768769,3.9,961,991,39,0,952,990,225685,9,0,0,9,1
2020-08-12,US,Washington,Whitman,113,0,0,46.90022523,-117.52417630000001,53075.0,225.5308957368673,0.0,113,110,0,0,110,105,49791,3,0,0,3,5
2020-08-12,US,Washington,Yakima,10412,215,0,46.45738486,-120.73801259999999,53077.0,4150.307127510732,2.0649250864387247,10197,10389,211,0,10178,10367,251446,23,4,0,19,22
2020-08-12,US,West Virginia,Barbour,29,1,0,39.1307219,-80.00350858,54001.0,176.38829754881093,3.4482758620689653,28,29,1,0,28,29,16535,0,0,0,0,0
2020-08-12,US,West Virginia,Berkeley,713,11,0,39.46704621,-78.02414609,54003.0,598.2999219608797,1.5427769985974755,702,699,11,0,688,698,117123,14,0,0,14,1
2020-08-12,US,West Virginia,Boone,109,0,0,38.01974191,-81.69888019,54005.0,507.9927296453372,0.0,109,105,0,0,105,101,21951,4,0,0,4,4
2020-08-12,US,West Virginia,Braxton,8,0,0,38.70036159,-80.72011184,54007.0,57.31890807480117,0.0,8,8,0,0,8,8,14089,0,0,0,0,0
2020-08-12,US,West Virginia,Brooke,70,1,0,40.27367263,-80.57915332,54009.0,319.0665025753225,1.4285714285714286,69,67,1,0,66,64,22203,3,0,0,3,3
2020-08-12,US,West Virginia,Cabell,428,3,0,38.42424062,-82.23855912,54011.0,465.4956767632824,0.7009345794392523,425,409,3,0,406,404,93224,19,0,0,19,5
2020-08-12,US,West Virginia,Calhoun,6,0,0,38.84315422,-81.11934872,54013.0,84.40005626670418,0.0,6,6,0,0,6,6,7254,0,0,0,0,0
2020-08-12,US,West Virginia,Clay,18,1,0,38.46231092,-81.07652217,54015.0,211.56558533145275,5.5555555555555545,17,18,1,0,17,18,8632,0,0,0,0,0
2020-08-12,US,West Virginia,Doddridge,6,0,0,39.27057157,-80.70671527,54017.0,71.02272727272727,0.0,6,6,0,0,6,6,8406,0,0,0,0,0
2020-08-12,US,West Virginia,Fayette,155,7,0,38.02974928,-81.08286634,54019.0,365.5143140121682,4.516129032258065,148,154,7,0,147,151,43018,1,0,0,1,3
2020-08-12,US,West Virginia,Gilmer,17,0,0,38.9251277,-80.85952723,54021.0,217.30793813115173,0.0,17,17,0,0,17,17,8026,0,0,0,0,0
2020-08-12,US,West Virginia,Grant,129,4,0,39.10314817,-79.19440518,54023.0,1115.1452282157677,3.1007751937984502,125,121,3,0,118,121,11626,8,1,0,7,0
2020-08-12,US,West Virginia,Greenbrier,93,3,0,37.9463652,-80.45335881,54025.0,268.3053487969534,3.2258064516129035,90,93,3,0,90,93,34786,0,0,0,0,0
2020-08-12,US,West Virginia,Hampshire,80,1,0,39.32103553,-78.60826476,54027.0,345.1995685005394,1.25,79,76,1,0,75,76,23347,4,0,0,4,0
2020-08-12,US,West Virginia,Hancock,112,0,0,40.51943859,-80.57461608,54029.0,388.753904894134,0.0,112,112,0,0,112,112,29094,0,0,0,0,0
2020-08-12,US,West Virginia,Hardy,61,0,0,39.00683177,-78.85855301,54031.0,442.7990708478514,0.0,61,61,0,0,61,61,13775,0,0,0,0,0
2020-08-12,US,West Virginia,Harrison,235,1,0,39.2853852,-80.37919577,54033.0,349.41120494825736,0.425531914893617,234,232,1,0,231,226,67554,3,0,0,3,6
2020-08-12,US,West Virginia,Jackson,166,19,0,38.84263974,-81.68148753,54035.0,580.9070548712208,11.445783132530119,147,165,19,0,146,165,28706,1,0,0,1,0
2020-08-12,US,West Virginia,Jefferson,299,4,0,39.30776166,-77.86014147,54037.0,523.2212228327442,1.3377926421404682,295,296,4,0,292,296,56811,3,0,0,3,0
2020-08-12,US,West Virginia,Kanawha,976,24,0,38.33860077,-81.52857054,54039.0,547.9329006759336,2.459016393442623,952,960,24,0,936,938,180454,16,0,0,16,22
2020-08-12,US,West Virginia,Lewis,29,2,0,38.9947249,-80.49988181,54041.0,182.30967498585528,6.896551724137932,27,29,2,0,27,29,16024,0,0,0,0,0
2020-08-12,US,West Virginia,Lincoln,95,0,0,38.172154,-82.07017953,54043.0,465.48091528247335,0.0,95,94,0,0,94,88,20599,1,0,0,1,6
2020-08-12,US,West Virginia,Logan,264,7,0,37.8299889,-81.93528571,54045.0,824.5104469221402,2.6515151515151514,257,246,5,0,241,234,32607,18,2,0,16,12
2020-08-12,US,West Virginia,Marion,193,2,0,39.50984542,-80.24244659,54049.0,344.20031388215165,1.0362694300518134,191,192,2,0,190,191,56097,1,0,0,1,1
2020-08-12,US,West Virginia,Marshall,130,1,0,39.86064362,-80.66591062,54051.0,425.79673119124817,0.7692307692307693,129,130,1,0,129,131,30785,0,0,0,0,-1
2020-08-12,US,West Virginia,Mason,66,1,0,38.77071799,-82.02524219,54053.0,248.9063207120229,1.5151515151515151,65,63,1,0,62,56,26718,3,0,0,3,7
2020-08-12,US,West Virginia,McDowell,64,0,0,37.38002939,-81.65083669,54047.0,363.14117113027686,0.0,64,64,0,0,64,64,18223,0,0,0,0,0
2020-08-12,US,West Virginia,Mercer,209,16,0,37.40481169,-81.11023142,54055.0,355.69624561761805,7.655502392344498,193,203,13,0,190,200,59131,6,3,0,3,3
2020-08-12,US,West Virginia,Mineral,127,4,0,39.41561583,-78.94104895,54057.0,472.6812565133243,3.1496062992125986,123,125,4,0,121,123,26940,2,0,0,2,2
2020-08-12,US,West Virginia,Mingo,183,5,0,37.73048351,-82.13338365,54059.0,781.25,2.7322404371584703,178,182,5,0,177,173,23785,1,0,0,1,9
2020-08-12,US,West Virginia,Monongalia,953,5,0,39.63218457,-80.04766838,54061.0,902.3595803507176,0.5246589716684156,948,950,5,0,945,945,106420,3,0,0,3,5
2020-08-12,US,West Virginia,Monroe,21,0,0,37.56274716,-80.54577965,54063.0,158.19209039548022,0.0,21,21,0,0,21,21,13280,0,0,0,0,0
2020-08-12,US,West Virginia,Morgan,30,0,0,39.55439028,-78.26311676,54065.0,167.74770744799818,0.0,30,30,0,0,30,29,17787,0,0,0,0,1
2020-08-12,US,West Virginia,Nicholas,40,1,0,38.29617706,-80.79759588,54067.0,163.29196603527106,2.5,39,37,1,0,36,37,24842,3,0,0,3,0
2020-08-12,US,West Virginia,Ohio,272,4,0,40.0955451,-80.62203992,54069.0,656.830310786989,1.4705882352941178,268,272,4,0,268,269,41755,0,0,0,0,3
2020-08-12,US,West Virginia,Pendleton,42,1,0,38.68314479,-79.35084086,54071.0,602.6689625484287,2.380952380952381,41,42,1,0,41,41,6997,0,0,0,0,1
2020-08-12,US,West Virginia,Pleasants,14,1,0,39.37091679,-81.16771771,54073.0,187.66756032171585,7.142857142857142,13,14,1,0,13,13,7507,0,0,0,0,1
2020-08-12,US,West Virginia,Pocahontas,42,0,0,38.32758728,-80.00993811,54075.0,509.2761004001455,0.0,42,42,0,0,42,41,8414,0,0,0,0,1
2020-08-12,US,West Virginia,Preston,125,4,0,39.46770987,-79.66712803,54077.0,373.8932759033261,3.2,121,125,4,0,121,125,33839,0,0,0,0,0
2020-08-12,US,West Virginia,Putnam,203,0,0,38.50782345,-81.9082131,54079.0,359.61027457927366,0.0,203,200,0,0,200,195,56682,3,0,0,3,5
2020-08-12,US,West Virginia,Raleigh,267,1,0,37.76936795,-81.2456041,54081.0,363.95359932389147,0.3745318352059925,266,259,1,0,258,255,74254,8,0,0,8,4
2020-08-12,US,West Virginia,Randolph,211,0,0,38.769899,-79.87919615,54083.0,735.3197421153511,0.0,211,211,0,0,211,210,28823,0,0,0,0,1
2020-08-12,US,West Virginia,Ritchie,3,0,0,39.18094587,-81.06356878,54085.0,31.400460540087924,0.0,3,3,0,0,3,3,9721,0,0,0,0,0
2020-08-12,US,West Virginia,Roane,16,1,0,38.71622686,-81.35243568,54087.0,116.89070718877848,6.25,15,16,1,0,15,15,13932,0,0,0,0,1
2020-08-12,US,West Virginia,Summers,15,0,0,37.65390597,-80.86009693,54089.0,119.30326890956812,0.0,15,14,0,0,14,12,12760,1,0,0,1,2
2020-08-12,US,West Virginia,Taylor,59,1,0,39.33602617,-80.0421439,54091.0,353.3992213237496,1.6949152542372878,58,59,1,0,58,56,16862,0,0,0,0,3
2020-08-12,US,West Virginia,Tucker,10,0,0,39.11240885,-79.57053576,54093.0,146.22020763269484,0.0,10,10,0,0,10,10,6955,0,0,0,0,0
2020-08-12,US,West Virginia,Tyler,15,0,0,39.46811972,-80.88772676,54095.0,174.60132697008495,0.0,15,15,0,0,15,13,8746,0,0,0,0,2
2020-08-12,US,West Virginia,Upshur,40,0,0,38.89285061,-80.23689136,54097.0,165.45334215751157,0.0,40,40,0,0,40,40,24415,0,0,0,0,0
2020-08-12,US,West Virginia,Wayne,214,9,0,38.14901357,-82.42287994,54099.0,543.1196385970255,4.205607476635514,205,212,9,0,203,210,39944,2,0,0,2,2
2020-08-12,US,West Virginia,Webster,4,0,0,38.49370949,-80.4202023,54101.0,49.297510475720976,0.0,4,4,0,0,4,4,8285,0,0,0,0,0
2020-08-12,US,West Virginia,Wetzel,44,0,0,39.6065771,-80.64016540000001,54103.0,292.0677066047129,0.0,44,44,0,0,44,43,15270,0,0,0,0,1
2020-08-12,US,West Virginia,Wirt,7,0,0,39.02775007,-81.37473928,54105.0,120.25425184676172,0.0,7,7,0,0,7,7,5830,0,0,0,0,0
2020-08-12,US,West Virginia,Wood,264,5,0,39.20967886,-81.5162836,54107.0,316.0995234560215,1.893939393939394,259,256,5,0,251,250,84203,8,0,0,8,6
2020-08-12,US,West Virginia,Wyoming,37,2,0,37.612327,-81.54511071,54109.0,181.42590958124939,5.405405405405406,35,34,2,0,32,34,20786,3,0,0,3,0
2020-08-12,US,Wisconsin,Adams,89,2,0,43.96974651,-89.76782777,55001.0,440.1582591493572,2.247191011235955,87,86,2,0,84,86,20348,3,0,0,3,0
2020-08-12,US,Wisconsin,Ashland,27,1,0,46.31956891,-90.67837132,55003.0,173.49955018635134,3.703703703703704,26,26,1,0,25,25,15600,1,0,0,1,1
2020-08-12,US,Wisconsin,Barron,308,3,0,45.42372701,-91.84833627,55005.0,680.7532490495978,0.9740259740259741,305,296,3,0,293,295,45164,12,0,0,12,1
2020-08-12,US,Wisconsin,Bayfield,29,1,0,46.52868768,-91.19716729,55007.0,192.87044426709232,3.4482758620689653,28,29,1,0,28,28,15042,0,0,0,0,1
2020-08-12,US,Wisconsin,Brown,4352,54,0,44.452655299999996,-88.00411844,55009.0,1645.1073931549622,1.2408088235294117,4298,4340,54,0,4286,4264,263378,12,0,0,12,76
2020-08-12,US,Wisconsin,Buffalo,45,2,0,44.37835084,-91.75332578,55011.0,345.330366050188,4.4444444444444455,43,44,2,0,42,44,13125,1,0,0,1,0
2020-08-12,US,Wisconsin,Burnett,23,1,0,45.86303537,-92.36711412,55013.0,149.21499935123913,4.3478260869565215,22,22,1,0,21,22,15392,1,0,0,1,0
2020-08-12,US,Wisconsin,Calumet,340,2,0,44.0816316,-88.21780273,55015.0,678.7917506837829,0.5882352941176471,338,334,2,0,332,330,50159,6,0,0,6,4
2020-08-12,US,Wisconsin,Chippewa,244,0,0,45.06939744,-91.28068855,55017.0,377.3701630115376,0.0,244,241,0,0,241,239,64135,3,0,0,3,2
2020-08-12,US,Wisconsin,Clark,190,8,0,44.73483377,-90.61207486,55019.0,546.3852303445103,4.2105263157894735,182,189,8,0,181,188,34709,1,0,0,1,1
2020-08-12,US,Wisconsin,Columbia,273,2,0,43.46492199,-89.33589004,55021.0,474.51852881874436,0.7326007326007326,271,255,2,0,253,252,57358,18,0,0,18,3
2020-08-12,US,Wisconsin,Crawford,78,0,0,43.23870316,-90.93073686,55023.0,483.5410079970243,0.0,78,76,0,0,76,75,16291,2,0,0,2,1
2020-08-12,US,Wisconsin,Dane,4630,38,0,43.06601594,-89.41733797,55025.0,846.9073249252325,0.8207343412526998,4592,4578,38,0,4540,4554,542364,52,0,0,52,24
2020-08-12,US,Wisconsin,Dodge,857,5,0,43.41576662,-88.70928178,55027.0,975.6486298796665,0.5834305717619603,852,845,5,0,840,835,87847,12,0,0,12,10
2020-08-12,US,Wisconsin,Door,107,3,0,44.95856458,-87.30002707,55029.0,386.7283504409426,2.803738317757009,104,107,3,0,104,106,27610,0,0,0,0,1
2020-08-12,US,Wisconsin,Douglas,198,0,0,46.43222285,-91.91595768,55031.0,458.86442641946695,0.0,198,191,0,0,191,186,43208,7,0,0,7,5
2020-08-12,US,Wisconsin,Dunn,131,0,0,44.94562799,-91.8962481,55033.0,288.74977958032093,0.0,131,128,0,0,128,126,45131,3,0,0,3,2
2020-08-12,US,Wisconsin,Eau Claire,612,4,0,44.726614,-91.28609183,55035.0,584.8288515566767,0.6535947712418301,608,596,4,0,592,590,104534,16,0,0,16,6
2020-08-12,US,Wisconsin,Florence,8,0,0,45.84963535,-88.39804137,55037.0,186.26309662398137,0.0,8,8,0,0,8,8,4321,0,0,0,0,0
2020-08-12,US,Wisconsin,Fond du Lac,700,8,0,43.75354908,-88.48885325,55039.0,676.9629507847935,1.1428571428571428,692,676,7,0,669,671,103066,24,1,0,23,5
2020-08-12,US,Wisconsin,Forest,60,4,0,45.66678019,-88.77084892,55041.0,666.3705019991115,6.666666666666668,56,60,4,0,56,59,8991,0,0,0,0,1
2020-08-12,US,Wisconsin,Grant,368,15,0,42.8671731,-90.7063218,55043.0,715.4104862069638,4.076086956521738,353,362,15,0,347,357,51554,6,0,0,6,5
2020-08-12,US,Wisconsin,Green,179,1,0,42.6794956,-89.60243287,55045.0,484.3073593073593,0.5586592178770949,178,169,1,0,168,167,36929,10,0,0,10,2
2020-08-12,US,Wisconsin,Green Lake,57,0,0,43.80025981,-89.04679553,55047.0,301.3800031724211,0.0,57,57,0,0,57,56,18918,0,0,0,0,1
2020-08-12,US,Wisconsin,Iowa,86,0,0,43.00050278,-90.13469017,55049.0,363.20635188782836,0.0,86,83,0,0,83,82,23771,3,0,0,3,1
2020-08-12,US,Wisconsin,Iron,76,1,0,46.26302338,-90.24295041,55051.0,1336.3812203270618,1.3157894736842106,75,76,1,0,75,75,5676,0,0,0,0,1
2020-08-12,US,Wisconsin,Jackson,59,1,0,44.31864893,-90.80566792,55053.0,285.8111708569491,1.6949152542372878,58,58,1,0,57,58,20478,1,0,0,1,0
2020-08-12,US,Wisconsin,Jefferson,657,5,0,43.02054068,-88.77529134,55055.0,775.0474819804407,0.7610350076103499,652,647,5,0,642,637,85129,10,0,0,10,10
2020-08-12,US,Wisconsin,Juneau,139,1,0,43.92456975,-90.11120239,55057.0,520.8528497021022,0.7194244604316546,138,138,1,0,137,138,26617,1,0,0,1,0
2020-08-12,US,Wisconsin,Kenosha,2699,59,0,42.57639354,-88.04051686,55059.0,1591.757538584934,2.1859948128936644,2640,2692,60,0,2632,2681,169290,7,-1,0,8,11
2020-08-12,US,Wisconsin,Kewaunee,135,2,0,44.51727459,-87.61468386,55061.0,660.6635998825487,1.4814814814814814,133,135,2,0,133,131,20383,0,0,0,0,4
2020-08-12,US,Wisconsin,La Crosse,932,1,0,43.90632465,-91.11451093,55063.0,789.7234273318873,0.1072961373390558,931,921,1,0,920,914,118230,11,0,0,11,7
2020-08-12,US,Wisconsin,Lafayette,154,0,0,42.66005229,-90.1317729,55065.0,924.0924092409241,0.0,154,147,0,0,147,143,16665,7,0,0,7,4
2020-08-12,US,Wisconsin,Langlade,64,1,0,45.26271619,-89.07483625,55067.0,333.524415029444,1.5625,63,63,1,0,62,65,19268,1,0,0,1,-2
2020-08-12,US,Wisconsin,Lincoln,70,0,0,45.33737523,-89.73411273,55069.0,253.687529445874,0.0,70,69,0,0,69,68,27689,1,0,0,1,1
2020-08-12,US,Wisconsin,Manitowoc,354,1,0,44.11946801,-87.80928853,55071.0,448.2090629391879,0.2824858757062147,353,351,1,0,350,345,79074,3,0,0,3,6
2020-08-12,US,Wisconsin,Marathon,668,10,0,44.89792533,-89.75863384,55073.0,492.2913657400584,1.497005988023952,658,662,10,0,652,655,135428,6,0,0,6,7
2020-08-12,US,Wisconsin,Marinette,432,4,0,45.38553432,-88.03324599999998,55075.0,1070.631970260223,0.925925925925926,428,432,4,0,428,411,40434,0,0,0,0,21
2020-08-12,US,Wisconsin,Marquette,80,1,0,43.81911946,-89.40073763,55077.0,513.6766405547708,1.25,79,80,1,0,79,80,15434,0,0,0,0,0
2020-08-12,US,Wisconsin,Menominee,26,0,0,45.00422544,-88.70950714,55078.0,570.6760316066725,0.0,26,25,0,0,25,22,4658,1,0,0,1,3
2020-08-12,US,Wisconsin,Milwaukee,21396,462,0,43.00486062,-87.96733172,55079.0,2262.3888948807585,2.1592821088053844,20934,21331,458,0,20873,21178,948201,65,4,0,61,153
2020-08-12,US,Wisconsin,Monroe,248,2,0,43.94641218,-90.61881899999999,55081.0,536.1814368797701,0.8064516129032258,246,245,2,0,243,244,46051,3,0,0,3,1
2020-08-12,US,Wisconsin,Oconto,253,1,0,45.02715345,-88.26807503,55083.0,667.0181914052201,0.3952569169960474,252,259,0,0,259,256,37830,-6,1,0,-7,3
2020-08-12,US,Wisconsin,Oneida,156,0,0,45.70677897,-89.51944105,55085.0,438.2638010956594,0.0,156,153,0,0,153,141,35470,3,0,0,3,12
2020-08-12,US,Wisconsin,Outagamie,1310,14,0,44.41578887,-88.46565023,55087.0,697.2350107778694,1.068702290076336,1296,1299,14,0,1285,1276,187365,11,0,0,11,23
2020-08-12,US,Wisconsin,Ozaukee,723,18,0,43.38352225,-87.94625009,55089.0,810.3473397518521,2.489626556016597,705,716,17,0,699,692,89147,7,1,0,6,24
2020-08-12,US,Wisconsin,Pepin,42,0,0,44.58307413,-91.99949611,55091.0,576.3688760806916,0.0,42,42,0,0,42,42,7289,0,0,0,0,0
2020-08-12,US,Wisconsin,Pierce,230,3,0,44.71850291,-92.4224416,55093.0,537.9613603405529,1.3043478260869563,227,224,3,0,221,224,42555,6,0,0,6,0
2020-08-12,US,Wisconsin,Polk,138,2,0,45.46130348,-92.44182875,55095.0,315.19082749012176,1.4492753623188406,136,137,2,0,135,132,43598,1,0,0,1,5
2020-08-12,US,Wisconsin,Portage,428,0,0,44.47558711,-89.50152965,55097.0,604.7589442152264,0.0,428,426,0,0,426,420,70942,2,0,0,2,6
2020-08-12,US,Wisconsin,Price,33,0,0,45.68051754,-90.36098879999999,55099.0,247.17249644221405,0.0,33,33,0,0,33,33,13397,0,0,0,0,0
2020-08-12,US,Wisconsin,Racine,3571,78,0,42.74753117,-88.05941254,55101.0,1819.0524219223576,2.1842621114533745,3493,3567,79,0,3488,3526,196584,4,-1,0,5,41
2020-08-12,US,Wisconsin,Richland,37,4,0,43.3762778,-90.43012729,55103.0,214.46788778112682,10.810810810810812,33,37,4,0,33,37,17377,0,0,0,0,0
2020-08-12,US,Wisconsin,Rock,1447,26,0,42.67151616,-89.07147900000002,55105.0,885.8062857352742,1.796821008984105,1421,1444,26,0,1418,1441,163129,3,0,0,3,3
2020-08-12,US,Wisconsin,Rusk,21,1,0,45.47498854,-91.1333012,55107.0,148.11680067710537,4.761904761904762,20,21,1,0,20,21,14147,0,0,0,0,0
2020-08-12,US,Wisconsin,Sauk,472,3,0,43.42574087,-89.94966132,55111.0,732.4415753701003,0.6355932203389829,469,452,3,0,449,444,64249,20,0,0,20,8
2020-08-12,US,Wisconsin,Sawyer,82,0,0,45.87931905,-91.14504927,55113.0,495.22889237830657,0.0,82,76,0,0,76,69,16489,6,0,0,6,7
2020-08-12,US,Wisconsin,Shawano,205,0,0,44.78902246,-88.76443896,55115.0,501.2347490158684,0.0,205,204,0,0,204,200,40796,1,0,0,1,4
2020-08-12,US,Wisconsin,Sheboygan,786,8,0,43.72099677,-87.94579284,55117.0,681.4634992196983,1.0178117048346056,778,776,8,0,768,753,115456,10,0,0,10,23
2020-08-12,US,Wisconsin,St. Croix,514,5,0,45.03437474,-92.45000068,55109.0,566.7846549119498,0.9727626459143968,509,512,5,0,507,502,89694,2,0,0,2,10
2020-08-12,US,Wisconsin,Taylor,73,1,0,45.21179252,-90.5004405,55119.0,358.84579462222877,1.3698630136986298,72,71,1,0,70,71,20412,2,0,0,2,0
2020-08-12,US,Wisconsin,Trempealeau,354,2,0,44.30360275,-91.35893614,55121.0,1193.9694424769807,0.5649717514124294,352,345,2,0,343,338,29442,9,0,0,9,7
2020-08-12,US,Wisconsin,Vernon,67,0,0,43.59422667,-90.8324691,55123.0,217.37719810524948,0.0,67,66,0,0,66,64,30785,1,0,0,1,2
2020-08-12,US,Wisconsin,Vilas,65,0,0,46.05467334,-89.51719204,55125.0,292.8587519711647,0.0,65,60,0,0,60,55,21938,5,0,0,5,5
2020-08-12,US,Wisconsin,Walworth,1369,23,0,42.66858202,-88.54163073,55127.0,1318.0190241460316,1.6800584368151936,1346,1359,23,0,1336,1335,103718,10,0,0,10,24
2020-08-12,US,Wisconsin,Washburn,47,0,0,45.89838588,-91.79050449,55129.0,298.9821882951654,0.0,47,47,0,0,47,48,15878,0,0,0,0,-1
2020-08-12,US,Wisconsin,Washington,1115,22,0,43.36863664,-88.22974712,55131.0,819.6480291691784,1.9730941704035876,1093,1108,22,0,1086,1066,135693,7,0,0,7,42
2020-08-12,US,Wisconsin,Waukesha,4402,59,0,43.01833055,-88.30431188,55133.0,1089.070208165305,1.340299863698319,4343,4354,59,0,4295,4299,403072,48,0,0,48,55
2020-08-12,US,Wisconsin,Waupaca,480,15,0,44.47068056,-88.96534501,55135.0,941.3610511865072,3.125,465,473,15,0,458,468,51128,7,0,0,7,5
2020-08-12,US,Wisconsin,Waushara,120,1,0,44.11324419,-89.24317107,55137.0,490.9381008877797,0.8333333333333334,119,120,1,0,119,120,24263,0,0,0,0,0
2020-08-12,US,Wisconsin,Winnebago,1216,18,0,44.06886922,-88.64477096,55139.0,707.3592116667733,1.4802631578947367,1198,1212,18,0,1194,1193,171020,4,0,0,4,19
2020-08-12,US,Wisconsin,Wood,327,2,0,44.45537896,-90.04158336,55141.0,447.95134179920274,0.6116207951070336,325,322,2,0,320,305,73055,5,0,0,5,17
2020-08-12,US,Wyoming,Albany,89,0,0,41.65498705,-105.72354150000001,56001.0,228.90946502057614,0.0,89,88,0,0,88,86,38601,1,0,0,1,2
2020-08-12,US,Wyoming,Big Horn,37,0,0,44.52405055,-107.9960365,56003.0,313.8252756573367,0.0,37,37,0,0,37,37,11881,0,0,0,0,0
2020-08-12,US,Wyoming,Campbell,132,0,0,44.24886082,-105.54744040000001,56005.0,284.84495371269503,0.0,132,129,0,0,129,124,46140,3,0,0,3,5
2020-08-12,US,Wyoming,Carbon,105,0,0,41.69357844,-106.9326084,56007.0,709.4594594594595,0.0,105,103,0,0,103,100,14971,2,0,0,2,3
2020-08-12,US,Wyoming,Converse,31,0,0,42.97272268,-105.5081848,56009.0,224.2801331211113,0.0,31,31,0,0,31,31,13640,0,0,0,0,0
2020-08-12,US,Wyoming,Crook,10,0,0,44.58855102,-104.56977049999999,56011.0,131.85654008438817,0.0,10,10,0,0,10,10,7450,0,0,0,0,0
2020-08-12,US,Wyoming,Fremont,500,0,0,43.04183996,-108.6296893,56013.0,1273.528437890018,0.0,500,497,0,0,497,497,39531,3,0,0,3,0
2020-08-12,US,Wyoming,Goshen,34,0,0,42.08798185,-104.3534743,56015.0,257.36128983422907,0.0,34,34,0,0,34,34,13376,0,0,0,0,0
2020-08-12,US,Wyoming,Hot Springs,23,0,0,43.71930657,-108.44231740000001,56017.0,521.1874008610922,0.0,23,23,0,0,23,23,4555,0,0,0,0,0
2020-08-12,US,Wyoming,Johnson,24,1,0,44.04057166,-106.58451740000001,56019.0,284.1918294849023,4.166666666666667,23,24,1,0,23,23,8460,0,0,0,0,1
2020-08-12,US,Wyoming,Laramie,504,0,0,41.30702520000001,-104.6887497,56021.0,506.5326633165829,0.0,504,500,0,0,500,495,98976,4,0,0,4,5
2020-08-12,US,Wyoming,Lincoln,100,0,0,42.26376367,-110.6563997,56023.0,504.2864346949067,0.0,100,103,0,0,103,103,19434,-3,0,0,-3,0
2020-08-12,US,Wyoming,Natrona,238,0,0,42.96180148,-106.79788500000001,56025.0,298.0290014776228,0.0,238,238,0,0,238,235,79115,0,0,0,0,3
2020-08-12,US,Wyoming,Niobrara,2,0,0,43.05607708,-104.47588959999999,56027.0,84.88964346349746,0.0,2,2,0,0,2,2,2388,0,0,0,0,0
2020-08-12,US,Wyoming,Park,135,0,0,44.52157546,-109.58528249999999,56029.0,462.4237857093924,0.0,135,135,0,0,135,135,29324,0,0,0,0,0
2020-08-12,US,Wyoming,Platte,5,0,0,42.13299116,-104.96633100000001,56031.0,59.57345406886692,0.0,5,5,0,0,5,5,8566,0,0,0,0,0
2020-08-12,US,Wyoming,Sheridan,73,0,0,44.79048913,-106.8862389,56033.0,239.46203050680663,0.0,73,73,0,0,73,73,30233,0,0,0,0,0
2020-08-12,US,Wyoming,Sublette,40,0,0,42.76558279,-109.91309220000001,56035.0,406.87620791374223,0.0,40,39,0,0,39,39,9813,1,0,0,1,0
2020-08-12,US,Wyoming,Sweetwater,266,0,0,41.65943896,-108.8827882,56037.0,628.2030087617787,0.0,266,267,0,0,267,260,43051,-1,0,0,-1,7
2020-08-12,US,Wyoming,Teton,373,0,0,43.93522482,-110.5890801,56039.0,1589.669280600068,0.0,373,372,0,0,372,370,23081,1,0,0,1,2
2020-08-12,US,Wyoming,Uinta,278,0,0,41.2878183,-110.54757820000002,56041.0,1374.4685058835162,0.0,278,279,0,0,279,277,20299,-1,0,0,-1,2
2020-08-12,US,Wyoming,Unassigned,0,28,0,0.0,0.0,90056.0,0.0,0.0,-28,0,28,0,-28,0,,0,0,0,0,0
2020-08-12,US,Wyoming,Washakie,82,0,0,43.90451606,-107.68018700000002,56043.0,1050.6085842408713,0.0,82,79,0,0,79,77,7885,3,0,0,3,2
2020-08-12,US,Wyoming,Weston,5,0,0,43.83961191,-104.56748809999999,56045.0,72.18131947452,0.0,5,5,0,0,5,6,6967,0,0,0,0,-1
