Date,Country/Region,Province/State,Admin2,Confirmed,Deaths,Recovered,Latitude,Longitude,FIPS,Active Cases,Previous Confirmed,Previous Deaths,Previous Recovered,Previous Active,Prev2 Confirmed,Population,Daily Confirmed,Daily Deaths,Daily Recovered,Daily Active,Previous Daily Confirmed
2020-05-20,US,Alabama,Autauga,136,3,0,32.53952745,-86.64408227,1001.0,133,127,4,0,123,120,55601,9,-1,0,10,7
2020-05-20,US,Alabama,Baldwin,270,8,0,30.72774991,-87.72207058,1003.0,262,262,8,0,254,260,218022,8,0,0,8,2
2020-05-20,US,Alabama,Barbour,96,1,0,31.868263,-85.3871286,1005.0,95,90,1,0,89,85,24881,6,0,0,6,5
2020-05-20,US,Alabama,Bibb,52,1,0,32.99642064,-87.12511459999996,1007.0,51,51,1,0,50,50,22400,1,0,0,1,1
2020-05-20,US,Alabama,Blount,47,1,0,33.98210918,-86.56790593,1009.0,46,47,1,0,46,47,57840,0,0,0,0,0
2020-05-20,US,Alabama,Bullock,64,1,0,32.10030533,-85.71265535,1011.0,63,52,1,0,51,40,10138,12,0,0,12,12
2020-05-20,US,Alabama,Butler,312,11,0,31.75300095,-86.68057478,1013.0,301,295,10,0,285,285,19680,17,1,0,16,10
2020-05-20,US,Alabama,Calhoun,136,3,0,33.77483727,-85.82630386,1015.0,133,133,3,0,130,133,114277,3,0,0,3,0
2020-05-20,US,Alabama,Chambers,331,23,0,32.91360079,-85.39072749,1017.0,308,329,22,0,307,329,33615,2,1,0,1,0
2020-05-20,US,Alabama,Cherokee,30,0,0,34.17805983,-85.60638968,1019.0,30,29,0,0,29,28,26032,1,0,0,1,1
2020-05-20,US,Alabama,Chilton,83,1,0,32.85044126,-86.7173256,1021.0,82,80,1,0,79,79,44153,3,0,0,3,1
2020-05-20,US,Alabama,Choctaw,129,3,0,32.02227341,-88.26564429999998,1023.0,126,92,3,0,89,85,12841,37,0,0,37,7
2020-05-20,US,Alabama,Clarke,89,2,0,31.68099859,-87.83548597,1025.0,87,81,2,0,79,75,23920,8,0,0,8,6
2020-05-20,US,Alabama,Clay,27,2,0,33.26984193,-85.85836077,1027.0,25,27,2,0,25,27,13275,0,0,0,0,0
2020-05-20,US,Alabama,Cleburne,13,1,0,33.67679204,-85.52005899,1029.0,12,13,1,0,12,13,14987,0,0,0,0,0
2020-05-20,US,Alabama,Coffee,184,1,0,31.39932826,-85.98901039,1031.0,183,175,1,0,174,171,51909,9,0,0,9,4
2020-05-20,US,Alabama,Colbert,110,2,0,34.69847452,-87.80168544,1033.0,108,98,2,0,96,93,54762,12,0,0,12,5
2020-05-20,US,Alabama,Conecuh,22,0,0,31.43401703,-86.99320044,1035.0,22,21,0,0,21,19,12277,1,0,0,1,2
2020-05-20,US,Alabama,Coosa,33,1,0,32.93690146,-86.24847739,1037.0,32,33,1,0,32,34,10715,0,0,0,0,-1
2020-05-20,US,Alabama,Covington,59,1,0,31.247785399999998,-86.45050893,1039.0,58,58,1,0,57,58,36986,1,0,0,1,0
2020-05-20,US,Alabama,Crenshaw,52,2,0,31.72941803,-86.31593104,1041.0,50,53,3,0,50,53,13824,-1,-1,0,0,0
2020-05-20,US,Alabama,Cullman,71,0,0,34.13020303,-86.86888037,1043.0,71,70,0,0,70,69,83442,1,0,0,1,1
2020-05-20,US,Alabama,Dale,71,0,0,31.43037123,-85.61095742,1045.0,71,63,0,0,63,61,48956,8,0,0,8,2
2020-05-20,US,Alabama,Dallas,172,3,0,32.32688101,-87.10866709999998,1047.0,169,159,3,0,156,151,38310,13,0,0,13,8
2020-05-20,US,Alabama,DeKalb,206,3,0,34.45946862,-85.80782906,1049.0,203,195,3,0,192,196,71385,11,0,0,11,-1
2020-05-20,US,Alabama,Elmore,226,7,0,32.59785413,-86.14415284,1051.0,219,207,6,0,201,197,81887,19,1,0,18,10
2020-05-20,US,Alabama,Escambia,39,3,0,31.1256789,-87.15918694,1053.0,36,39,3,0,36,39,36748,0,0,0,0,0
2020-05-20,US,Alabama,Etowah,223,10,0,34.04567266,-86.04051873,1055.0,213,215,10,0,205,206,102501,8,0,0,8,9
2020-05-20,US,Alabama,Fayette,9,0,0,33.72076938,-87.73886638,1057.0,9,9,0,0,9,9,16433,0,0,0,0,0
2020-05-20,US,Alabama,Franklin,399,5,0,34.44235334,-87.84289505,1059.0,394,364,4,0,360,344,31363,35,1,0,34,20
2020-05-20,US,Alabama,Geneva,26,0,0,31.09389027,-85.83572839,1061.0,26,23,0,0,23,22,26314,3,0,0,3,1
2020-05-20,US,Alabama,Greene,86,4,0,32.85504247,-87.95684022,1063.0,82,87,4,0,83,87,8233,-1,0,0,-1,0
2020-05-20,US,Alabama,Hale,106,2,0,32.76039258,-87.63284988,1065.0,104,96,2,0,94,91,14726,10,0,0,10,5
2020-05-20,US,Alabama,Henry,48,1,0,31.51148016,-85.24267944,1067.0,47,44,1,0,43,40,17209,4,0,0,4,4
2020-05-20,US,Alabama,Houston,149,3,0,31.15197924,-85.29939599,1069.0,146,141,4,0,137,137,104722,8,-1,0,9,4
2020-05-20,US,Alabama,Jackson,66,2,0,34.78144169,-85.99750489,1071.0,64,63,2,0,61,64,51736,3,0,0,3,-1
2020-05-20,US,Alabama,Jefferson,1433,83,0,33.55554728,-86.89506300000002,1073.0,1350,1367,78,0,1289,1355,659300,66,5,0,61,12
2020-05-20,US,Alabama,Lamar,15,0,0,33.77995024,-88.09668032,1075.0,15,15,0,0,15,15,13844,0,0,0,0,0
2020-05-20,US,Alabama,Lauderdale,117,2,0,34.90171875,-87.65624729,1077.0,115,116,2,0,114,115,92387,1,0,0,1,1
2020-05-20,US,Alabama,Lawrence,35,0,0,34.52041498,-87.31069453,1079.0,35,35,0,0,35,33,32957,0,0,0,0,2
2020-05-20,US,Alabama,Lee,461,32,0,32.60154883,-85.35132246,1081.0,429,450,31,0,419,452,163941,11,1,0,10,-2
2020-05-20,US,Alabama,Limestone,69,0,0,34.81185586,-86.98310072,1083.0,69,65,0,0,65,65,96174,4,0,0,4,0
2020-05-20,US,Alabama,Lowndes,155,10,0,32.1597283,-86.65158371,1085.0,145,140,10,0,130,133,9974,15,0,0,15,7
2020-05-20,US,Alabama,Macon,58,2,0,32.38759944,-85.69267724,1087.0,56,54,2,0,52,55,18439,4,0,0,4,-1
2020-05-20,US,Alabama,Madison,285,4,0,34.76327133,-86.55069633,1089.0,281,278,4,0,274,278,366519,7,0,0,7,0
2020-05-20,US,Alabama,Marengo,118,6,0,32.24767634,-87.78796182,1091.0,112,116,6,0,110,104,19066,2,0,0,2,12
2020-05-20,US,Alabama,Marion,108,10,0,34.13697363,-87.88704173,1093.0,98,106,9,0,97,103,29763,2,1,0,1,3
2020-05-20,US,Alabama,Marshall,641,9,0,34.36975964,-86.30486727,1095.0,632,638,9,0,629,632,96109,3,0,0,3,6
2020-05-20,US,Alabama,Mobile,1822,106,0,30.78472347,-88.20842409,1097.0,1716,1751,103,0,1648,1735,413757,71,3,0,68,16
2020-05-20,US,Alabama,Monroe,22,2,0,31.56729412,-87.36995001,1099.0,20,20,2,0,18,20,21067,2,0,0,2,0
2020-05-20,US,Alabama,Montgomery,994,27,0,32.2206831,-86.20969272,1101.0,967,907,24,0,883,863,225763,87,3,0,84,44
2020-05-20,US,Alabama,Morgan,132,1,0,34.45500589,-86.85475946,1103.0,131,119,1,0,118,116,119089,13,0,0,13,3
2020-05-20,US,Alabama,Perry,23,0,0,32.64048341,-87.29770589,1105.0,23,22,0,0,22,21,9140,1,0,0,1,1
2020-05-20,US,Alabama,Pickens,86,4,0,33.28094866,-88.08818103,1107.0,82,84,3,0,81,82,19938,2,1,0,1,2
2020-05-20,US,Alabama,Pike,121,0,0,31.80396383,-85.9408295,1109.0,121,110,0,0,110,107,33338,11,0,0,11,3
2020-05-20,US,Alabama,Randolph,120,7,0,33.29526734,-85.45708831,1111.0,113,120,7,0,113,120,22725,0,0,0,0,0
2020-05-20,US,Alabama,Russell,116,0,0,32.28725256,-85.18415324,1113.0,116,109,0,0,109,105,57781,7,0,0,7,4
2020-05-20,US,Alabama,Shelby,414,19,0,33.26879845,-86.66232561,1117.0,395,404,19,0,385,404,215707,10,0,0,10,0
2020-05-20,US,Alabama,St. Clair,95,1,0,33.71902176,-86.31029372,1115.0,94,91,1,0,90,91,88690,4,0,0,4,0
2020-05-20,US,Alabama,Sumter,164,5,0,32.59117397,-88.19916205,1119.0,159,148,4,0,144,136,12691,16,1,0,15,12
2020-05-20,US,Alabama,Talladega,82,2,0,33.37823223,-86.16886178,1121.0,80,81,2,0,79,81,79828,1,0,0,1,0
2020-05-20,US,Alabama,Tallapoosa,379,59,0,32.86698258,-85.79833053,1123.0,320,371,57,0,314,366,40497,8,2,0,6,5
2020-05-20,US,Alabama,Tuscaloosa,431,8,0,33.28726072,-87.52556818,1125.0,423,387,8,0,379,368,208911,44,0,0,44,19
2020-05-20,US,Alabama,Walker,164,1,0,33.80270512,-87.30027177,1127.0,163,148,1,0,147,139,63711,16,0,0,16,9
2020-05-20,US,Alabama,Washington,62,5,0,31.4092794,-88.20689944,1129.0,57,61,5,0,56,61,16378,1,0,0,1,0
2020-05-20,US,Alabama,Wilcox,108,6,0,31.98773215,-87.30891118,1131.0,102,97,5,0,92,95,10627,11,1,0,10,2
2020-05-20,US,Alabama,Winston,50,0,0,34.15030532,-87.37325922,1133.0,50,45,1,0,44,39,23660,5,-1,0,6,6
2020-05-20,US,Alaska,Anchorage,206,4,0,61.14998174,-149.14269860000005,2020.0,202,205,4,0,201,199,291538,1,0,0,1,6
2020-05-20,US,Alaska,Bethel,2,0,0,60.90980451,-159.8561831,2050.0,2,2,0,0,2,1,18216,0,0,0,0,1
2020-05-20,US,Alaska,Fairbanks North Star,85,2,0,64.80726247,-146.5692662,2090.0,83,85,2,0,83,84,98971,0,0,0,0,1
2020-05-20,US,Alaska,Juneau,30,0,0,58.45031811,-134.200436,2110.0,30,30,0,0,30,29,32113,0,0,0,0,1
2020-05-20,US,Alaska,Kenai Peninsula,26,2,0,60.24429722,-151.53888840000005,2122.0,24,26,2,0,24,24,58533,0,0,0,0,2
2020-05-20,US,Alaska,Ketchikan Gateway,16,0,0,55.57445008,-130.975561,2130.0,16,16,0,0,16,16,13918,0,0,0,0,0
2020-05-20,US,Alaska,Kodiak Island,1,0,0,57.65529415,-153.7493579,2150.0,1,1,0,0,1,1,13345,0,0,0,0,0
2020-05-20,US,Alaska,Matanuska-Susitna,22,1,0,62.31305045,-149.5741743,2170.0,21,22,1,0,21,21,107610,0,0,0,0,1
2020-05-20,US,Alaska,Nome,1,0,0,64.90320724,-164.0353804,2180.0,1,1,0,0,1,1,10008,0,0,0,0,0
2020-05-20,US,Alaska,Northwest Arctic,1,0,0,67.04919196,-159.7503946,2188.0,1,,,,,,7671,,,,,
2020-05-20,US,Alaska,Petersburg,4,1,0,57.13978948,-132.9540995,2195.0,3,4,1,0,3,4,3221,0,0,0,0,0
2020-05-20,US,Alaska,Prince of Wales-Hyder,2,0,0,55.76261984,-133.0511621,2198.0,2,2,0,0,2,2,6422,0,0,0,0,0
2020-05-20,US,Alaska,Sitka,1,0,0,57.24124555,-135.3206587,2220.0,1,1,0,0,1,1,8647,0,0,0,0,0
2020-05-20,US,Alaska,Southeast Fairbanks,3,0,0,63.87692095,-143.2127643,2240.0,3,3,0,0,3,3,6918,0,0,0,0,0
2020-05-20,US,Alaska,Yukon-Koyukuk,1,0,0,65.50815459,-151.39073869999999,2290.0,1,1,0,0,1,1,5327,0,0,0,0,0
2020-05-20,US,Arizona,Apache,1080,22,0,35.39465006,-109.4892383,4001.0,1058,1023,20,0,1003,988,71818,57,2,0,55,35
2020-05-20,US,Arizona,Cochise,46,1,0,31.87934684,-109.7516088,4003.0,45,46,1,0,45,46,126770,0,0,0,0,0
2020-05-20,US,Arizona,Coconino,961,68,0,35.83883429,-111.77071780000001,4005.0,893,943,66,0,877,901,142854,18,2,0,16,42
2020-05-20,US,Arizona,Gila,22,1,0,33.80190085,-110.8132779,4007.0,21,22,1,0,21,22,53889,0,0,0,0,0
2020-05-20,US,Arizona,Graham,21,0,0,32.93166885,-109.8882178,4009.0,21,20,0,0,20,20,38072,1,0,0,1,0
2020-05-20,US,Arizona,Greenlee,3,0,0,33.21498827,-109.2405279,4011.0,3,3,0,0,3,2,9483,0,0,0,0,1
2020-05-20,US,Arizona,La Paz,40,1,0,33.72854224,-113.98100290000001,4012.0,39,38,1,0,37,38,21098,2,0,0,2,0
2020-05-20,US,Arizona,Maricopa,7644,357,0,33.34835867,-112.49181540000001,4013.0,7287,7482,339,0,7143,7340,4410824,162,18,0,144,142
2020-05-20,US,Arizona,Mohave,267,29,0,35.70471703,-113.7577902,4015.0,238,262,28,0,234,251,209550,5,1,0,4,11
2020-05-20,US,Arizona,Navajo,1361,52,0,35.3997715,-110.3218983,4017.0,1309,1320,48,0,1272,1285,110445,41,4,0,37,35
2020-05-20,US,Arizona,Pima,1903,167,0,32.0971334,-111.7890033,4019.0,1736,1888,158,0,1730,1825,1039073,15,9,0,6,63
2020-05-20,US,Arizona,Pinal,724,37,0,32.90525627,-111.3449483,4021.0,687,720,32,0,688,702,447138,4,5,0,-1,18
2020-05-20,US,Arizona,Santa Cruz,102,0,0,31.52508998,-110.8479088,4023.0,102,97,0,0,97,78,46511,5,0,0,5,19
2020-05-20,US,Arizona,Unassigned,0,1,0,0.0,0.0,90004.0,-1,0,1,0,-1,0,,0,0,0,0,0
2020-05-20,US,Arizona,Yavapai,273,6,0,34.59933926,-112.5538588,4025.0,267,269,5,0,264,267,231993,4,1,0,3,2
2020-05-20,US,Arizona,Yuma,459,5,0,32.76895712,-113.90666740000002,4027.0,454,443,5,0,438,443,212128,16,0,0,16,0
2020-05-20,US,Arkansas,Arkansas,2,0,0,34.29145151,-91.37277296,5001.0,2,2,0,0,2,2,17769,0,0,0,0,0
2020-05-20,US,Arkansas,Ashley,19,0,0,33.19153461,-91.76984709999999,5003.0,19,19,0,0,19,18,20046,0,0,0,0,1
2020-05-20,US,Arkansas,Baxter,6,0,0,36.28784385,-92.33782872,5005.0,6,6,0,0,6,6,41619,0,0,0,0,0
2020-05-20,US,Arkansas,Benton,163,0,0,36.33644656,-94.25680817,5007.0,163,155,0,0,155,150,272608,8,0,0,8,5
2020-05-20,US,Arkansas,Boone,5,0,0,36.3084504,-93.09374925,5009.0,5,5,0,0,5,4,37480,0,0,0,0,1
2020-05-20,US,Arkansas,Bradley,14,1,0,33.46755808,-92.15980837,5011.0,13,14,1,0,13,15,10897,0,0,0,0,-1
2020-05-20,US,Arkansas,Carroll,6,0,0,36.34038560000001,-93.54270261,5015.0,6,6,0,0,6,6,28223,0,0,0,0,0
2020-05-20,US,Arkansas,Chicot,11,0,0,33.26458973,-91.29539209,5017.0,11,11,0,0,11,11,10438,0,0,0,0,0
2020-05-20,US,Arkansas,Clark,35,0,0,34.04613432,-93.17484713,5019.0,35,35,0,0,35,35,22061,0,0,0,0,0
2020-05-20,US,Arkansas,Clay,4,0,0,36.36826212,-90.4148172,5021.0,4,4,0,0,4,4,14847,0,0,0,0,0
2020-05-20,US,Arkansas,Cleburne,73,4,0,35.53864922,-92.02640019,5023.0,69,72,4,0,68,72,24965,1,0,0,1,0
2020-05-20,US,Arkansas,Cleveland,17,0,0,33.89723187,-92.18537045,5025.0,17,17,0,0,17,16,8018,0,0,0,0,1
2020-05-20,US,Arkansas,Columbia,20,2,0,33.21230701,-93.22642793,5027.0,18,18,2,0,16,16,23537,2,0,0,2,2
2020-05-20,US,Arkansas,Conway,14,1,0,35.26205537,-92.70506566,5029.0,13,14,1,0,13,14,20891,0,0,0,0,0
2020-05-20,US,Arkansas,Craighead,153,0,0,35.83018283,-90.63235729,5031.0,153,147,0,0,147,141,108558,6,0,0,6,6
2020-05-20,US,Arkansas,Crawford,12,0,0,35.58928601,-94.2446814,5033.0,12,12,0,0,12,11,63406,0,0,0,0,1
2020-05-20,US,Arkansas,Crittenden,250,8,0,35.21247318,-90.30839406,5035.0,242,241,7,0,234,237,48342,9,1,0,8,4
2020-05-20,US,Arkansas,Cross,40,0,0,35.29631396,-90.77185818,5037.0,40,39,0,0,39,36,16676,1,0,0,1,3
2020-05-20,US,Arkansas,Dallas,1,0,0,33.97042763,-92.65167437,5039.0,1,1,0,0,1,1,7182,0,0,0,0,0
2020-05-20,US,Arkansas,Desha,18,0,0,33.83011025,-91.25500948,5041.0,18,18,0,0,18,18,11512,0,0,0,0,0
2020-05-20,US,Arkansas,Drew,19,1,0,33.59035001,-91.71777921,5043.0,18,19,1,0,18,19,18328,0,0,0,0,0
2020-05-20,US,Arkansas,Faulkner,95,3,0,35.14719007,-92.33717519,5045.0,92,95,3,0,92,94,124806,0,0,0,0,1
2020-05-20,US,Arkansas,Franklin,2,0,0,35.51202821,-93.89299569,5047.0,2,2,0,0,2,2,17810,0,0,0,0,0
2020-05-20,US,Arkansas,Fulton,4,0,0,36.38177105,-91.81729127,5049.0,4,4,0,0,4,4,12269,0,0,0,0,0
2020-05-20,US,Arkansas,Garland,130,1,0,34.57692074,-93.14921604,5051.0,129,130,1,0,129,130,99154,0,0,0,0,0
2020-05-20,US,Arkansas,Grant,16,0,0,34.29017991,-92.42320562,5053.0,16,16,0,0,16,16,18188,0,0,0,0,0
2020-05-20,US,Arkansas,Greene,29,0,0,36.11735460000001,-90.55832668,5055.0,29,25,0,0,25,24,45325,4,0,0,4,1
2020-05-20,US,Arkansas,Hempstead,10,1,0,33.73325583,-93.66935133,5057.0,9,9,1,0,8,9,21741,1,0,0,1,0
2020-05-20,US,Arkansas,Hot Spring,29,0,0,34.31709259,-92.95396325,5059.0,29,29,0,0,29,29,33701,0,0,0,0,0
2020-05-20,US,Arkansas,Howard,14,0,0,34.09007427,-93.9934871,5061.0,14,14,0,0,14,14,13341,0,0,0,0,0
2020-05-20,US,Arkansas,Independence,27,0,0,35.74242707,-91.57001641,5063.0,27,26,0,0,26,26,37678,1,0,0,1,0
2020-05-20,US,Arkansas,Izard,14,0,0,36.09604046,-91.90847954,5065.0,14,14,0,0,14,13,13593,0,0,0,0,1
2020-05-20,US,Arkansas,Jackson,1,0,0,35.59802983,-91.21494602,5067.0,1,1,0,0,1,1,16811,0,0,0,0,0
2020-05-20,US,Arkansas,Jefferson,499,21,0,34.26767081,-91.92619839,5069.0,478,497,20,0,477,491,68114,2,1,0,1,6
2020-05-20,US,Arkansas,Johnson,35,0,0,35.56759135,-93.46036368,5071.0,35,35,0,0,35,35,26742,0,0,0,0,0
2020-05-20,US,Arkansas,Lafayette,9,1,0,33.24116713,-93.60677071,5073.0,8,9,1,0,8,9,6682,0,0,0,0,0
2020-05-20,US,Arkansas,Lawrence,77,4,0,36.04188196,-91.10867198,5075.0,73,77,4,0,73,73,16434,0,0,0,0,4
2020-05-20,US,Arkansas,Lee,12,1,0,34.78498904,-90.78383866,5077.0,11,12,1,0,11,12,8985,0,0,0,0,0
2020-05-20,US,Arkansas,Lincoln,966,8,0,33.95317155,-91.74002806,5079.0,958,965,8,0,957,965,13383,1,0,0,1,0
2020-05-20,US,Arkansas,Little River,1,0,0,33.70375665,-94.23468591,5081.0,1,1,0,0,1,1,12326,0,0,0,0,0
2020-05-20,US,Arkansas,Logan,4,0,0,35.21413234,-93.71951016,5083.0,4,4,0,0,4,4,21737,0,0,0,0,0
2020-05-20,US,Arkansas,Lonoke,46,0,0,34.75392199,-91.88742357,5085.0,46,46,0,0,46,45,73657,0,0,0,0,1
2020-05-20,US,Arkansas,Madison,2,0,0,36.01038185,-93.72524943,5087.0,2,2,0,0,2,1,16481,0,0,0,0,1
2020-05-20,US,Arkansas,Marion,1,0,0,36.26844485,-92.68451899,5089.0,1,1,0,0,1,1,16722,0,0,0,0,0
2020-05-20,US,Arkansas,Miller,42,1,0,33.31403423,-93.89285258,5091.0,41,42,1,0,41,42,43592,0,0,0,0,0
2020-05-20,US,Arkansas,Mississippi,66,1,0,35.76271485,-90.05194370000002,5093.0,65,65,1,0,64,62,41239,1,0,0,1,3
2020-05-20,US,Arkansas,Monroe,5,0,0,34.6815935,-91.20540287,5095.0,5,5,0,0,5,5,6900,0,0,0,0,0
2020-05-20,US,Arkansas,Montgomery,1,0,0,34.53704874,-93.65824478,5097.0,1,1,0,0,1,1,8924,0,0,0,0,0
2020-05-20,US,Arkansas,Nevada,4,0,0,33.66340119,-93.30632432,5099.0,4,4,0,0,4,4,8326,0,0,0,0,0
2020-05-20,US,Arkansas,Newton,3,0,0,35.91947491,-93.21612969,5101.0,3,3,0,0,3,3,7805,0,0,0,0,0
2020-05-20,US,Arkansas,Ouachita,10,0,0,33.58839816,-92.87795984,5103.0,10,10,0,0,10,10,23606,0,0,0,0,0
2020-05-20,US,Arkansas,Perry,12,0,0,34.945915299999996,-92.94372564,5105.0,12,12,0,0,12,12,10352,0,0,0,0,0
2020-05-20,US,Arkansas,Phillips,5,1,0,34.43268455,-90.84800154,5107.0,4,5,1,0,4,5,18029,0,0,0,0,0
2020-05-20,US,Arkansas,Pike,3,0,0,34.16250414,-93.65789349,5109.0,3,3,0,0,3,3,10673,0,0,0,0,0
2020-05-20,US,Arkansas,Poinsett,28,2,0,35.57433534,-90.66268713,5111.0,26,28,2,0,26,27,23974,0,0,0,0,1
2020-05-20,US,Arkansas,Polk,9,0,0,34.48254879,-94.22728802,5113.0,9,8,0,0,8,8,20049,1,0,0,1,0
2020-05-20,US,Arkansas,Pope,79,0,0,35.44871474,-93.03212219,5115.0,79,76,0,0,76,76,64000,3,0,0,3,0
2020-05-20,US,Arkansas,Prairie,2,0,0,34.83624419,-91.55162157,5117.0,2,2,0,0,2,2,8074,0,0,0,0,0
2020-05-20,US,Arkansas,Pulaski,724,28,0,34.77054088,-92.31355101,5119.0,696,713,25,0,688,693,392680,11,3,0,8,20
2020-05-20,US,Arkansas,Randolph,24,0,0,36.3415714,-91.02455531,5121.0,24,23,0,0,23,22,17948,1,0,0,1,1
2020-05-20,US,Arkansas,Saline,82,1,0,34.64916145,-92.67583224,5125.0,81,82,1,0,81,82,121421,0,0,0,0,0
2020-05-20,US,Arkansas,Scott,1,0,0,34.85588887,-94.0632176,5127.0,1,1,0,0,1,1,10319,0,0,0,0,0
2020-05-20,US,Arkansas,Searcy,6,0,0,35.9109364,-92.69936482,5129.0,6,6,0,0,6,6,7958,0,0,0,0,0
2020-05-20,US,Arkansas,Sebastian,18,0,0,35.19605503,-94.27162713,5131.0,18,17,0,0,17,16,127753,1,0,0,1,1
2020-05-20,US,Arkansas,Sevier,49,1,0,33.99780401,-94.2424869,5133.0,48,46,1,0,45,32,17139,3,0,0,3,14
2020-05-20,US,Arkansas,Sharp,40,2,0,36.16258158,-91.47819342,5135.0,38,38,2,0,36,37,17366,2,0,0,2,1
2020-05-20,US,Arkansas,St. Francis,365,0,0,35.02201976,-90.74828138,5123.0,365,362,0,0,362,349,25439,3,0,0,3,13
2020-05-20,US,Arkansas,Stone,8,0,0,35.86251946,-92.15684085,5137.0,8,8,0,0,8,8,12457,0,0,0,0,0
2020-05-20,US,Arkansas,Unassigned,133,0,0,0.0,0.0,90005.0,133,130,0,0,130,130,,3,0,0,3,0
2020-05-20,US,Arkansas,Union,121,4,0,33.16887091,-92.59746952,5139.0,117,117,4,0,113,107,39126,4,0,0,4,10
2020-05-20,US,Arkansas,Van Buren,28,2,0,35.58095779,-92.51295036,5141.0,26,28,2,0,26,28,16603,0,0,0,0,0
2020-05-20,US,Arkansas,Washington,154,5,0,35.976844,-94.21800746,5143.0,149,151,5,0,146,145,236961,3,0,0,3,6
2020-05-20,US,Arkansas,White,37,1,0,35.25688493,-91.74908296,5145.0,36,37,1,0,36,37,78727,0,0,0,0,0
2020-05-20,US,Arkansas,Woodruff,1,0,0,35.18902527,-91.2439489,5147.0,1,1,0,0,1,1,6490,0,0,0,0,0
2020-05-20,US,Arkansas,Yell,38,1,0,35.00292371,-93.41171338,5149.0,37,30,1,0,29,28,21535,8,0,0,8,2
2020-05-20,US,California,Alameda,2560,88,0,37.64629437,-121.8929271,6001.0,2472,2522,86,0,2436,2457,1666753,38,2,0,36,65
2020-05-20,US,California,Alpine,2,0,0,38.59678594,-119.82235940000001,6003.0,2,2,0,0,2,2,1101,0,0,0,0,0
2020-05-20,US,California,Amador,10,0,0,38.44583082,-120.65696000000001,6005.0,10,10,0,0,10,10,39383,0,0,0,0,0
2020-05-20,US,California,Butte,30,0,0,39.66727762,-121.6005252,6007.0,30,26,0,0,26,24,231256,4,0,0,4,2
2020-05-20,US,California,Calaveras,13,0,0,38.20537103,-120.55291299999999,6009.0,13,13,0,0,13,13,45602,0,0,0,0,0
2020-05-20,US,California,Colusa,4,0,0,39.17881957,-122.2331726,6011.0,4,3,0,0,3,3,21627,1,0,0,1,0
2020-05-20,US,California,Contra Costa,1209,33,0,37.91923498,-121.9289527,6013.0,1176,1192,33,0,1159,1155,1150215,17,0,0,17,37
2020-05-20,US,California,Del Norte,15,0,0,41.74228275,-123.89740630000001,6015.0,15,13,0,0,13,8,27828,2,0,0,2,5
2020-05-20,US,California,El Dorado,67,0,0,38.77965956,-120.5233166,6017.0,67,67,0,0,67,67,190678,0,0,0,0,0
2020-05-20,US,California,Fresno,1338,20,0,36.75733899,-119.6466953,6019.0,1318,1287,17,0,1270,1192,994400,51,3,0,48,95
2020-05-20,US,California,Glenn,12,0,0,39.59875897,-122.3938452,6021.0,12,12,0,0,12,9,28047,0,0,0,0,3
2020-05-20,US,California,Humboldt,88,2,0,40.69923009,-123.876044,6023.0,86,86,2,0,84,77,136373,2,0,0,2,9
2020-05-20,US,California,Imperial,985,19,0,33.0393082,-115.36690420000001,6025.0,966,902,18,0,884,876,181827,83,1,0,82,26
2020-05-20,US,California,Inyo,19,1,0,36.51112084,-117.41119779999998,6027.0,18,19,1,0,18,19,17987,0,0,0,0,0
2020-05-20,US,California,Kern,1605,25,0,35.34329425,-118.72777959999999,6029.0,1580,1571,25,0,1546,1537,896764,34,0,0,34,34
2020-05-20,US,California,Kings,416,2,0,36.07409056,-119.8159973,6031.0,414,416,2,0,414,399,151366,0,0,0,0,17
2020-05-20,US,California,Lake,12,0,0,39.10124298,-122.75362439999999,6033.0,12,11,0,0,11,10,64382,1,0,0,1,1
2020-05-20,US,California,Los Angeles,40895,1973,0,34.30828379,-118.22824109999999,6037.0,38922,39573,1913,0,37660,38458,10105518,1322,60,0,1262,1115
2020-05-20,US,California,Madera,82,2,0,37.21513971,-119.76655890000002,6039.0,80,81,2,0,79,71,157672,1,0,0,1,10
2020-05-20,US,California,Marin,343,14,0,38.07122463,-122.72106310000001,6041.0,329,336,14,0,322,317,259666,7,0,0,7,19
2020-05-20,US,California,Mariposa,15,1,0,37.57978556,-119.9073334,6043.0,14,15,1,0,14,15,17471,0,0,0,0,0
2020-05-20,US,California,Mendocino,15,0,0,39.4381191,-123.39113130000001,6045.0,15,14,0,0,14,14,87606,1,0,0,1,0
2020-05-20,US,California,Merced,226,6,0,37.18922369,-120.72090349999999,6047.0,220,222,6,0,216,216,274765,4,0,0,4,6
2020-05-20,US,California,Mono,34,1,0,37.93899289,-118.8872409,6051.0,33,34,1,0,33,34,14250,0,0,0,0,0
2020-05-20,US,California,Monterey,349,8,0,36.21862405,-121.24133970000001,6053.0,341,349,8,0,341,341,435594,0,0,0,0,8
2020-05-20,US,California,Napa,94,3,0,38.50735751,-122.33283899999999,6055.0,91,92,3,0,89,92,139417,2,0,0,2,0
2020-05-20,US,California,Nevada,41,1,0,39.30394768,-120.76272809999999,6057.0,40,41,1,0,40,41,99696,0,0,0,0,0
2020-05-20,US,California,Orange,4742,98,0,33.70147516,-117.76459979999998,6059.0,4644,4500,88,0,4412,4434,3185968,242,10,0,232,66
2020-05-20,US,California,Placer,176,8,0,39.06167234,-120.72405690000001,6061.0,168,177,8,0,169,175,393149,-1,0,0,-1,2
2020-05-20,US,California,Plumas,4,0,0,40.00355989,-120.8395236,6063.0,4,4,0,0,4,4,18804,0,0,0,0,0
2020-05-20,US,California,Riverside,6184,270,0,33.74314981,-115.9933578,6065.0,5914,6053,270,0,5783,5952,2450758,131,0,0,131,101
2020-05-20,US,California,Sacramento,1255,56,0,38.45106826,-121.34253740000001,6067.0,1199,1250,56,0,1194,1245,1540975,5,0,0,5,5
2020-05-20,US,California,San Benito,64,2,0,36.60308176,-121.069975,6069.0,62,63,2,0,61,61,61537,1,0,0,1,2
2020-05-20,US,California,San Bernardino,3795,158,0,34.84060306,-116.1774685,6071.0,3637,3707,157,0,3550,3593,2171603,88,1,0,87,114
2020-05-20,US,California,San Diego,6140,230,0,33.03484597,-116.73653259999999,6073.0,5910,6026,222,0,5804,5836,3343364,114,8,0,106,190
2020-05-20,US,California,San Francisco,2185,37,0,37.75215114,-122.43856720000001,6075.0,2148,2179,36,0,2143,2131,883305,6,1,0,5,48
2020-05-20,US,California,San Joaquin,716,33,0,37.93433732,-121.2730061,6077.0,683,709,33,0,676,699,752660,7,0,0,7,10
2020-05-20,US,California,San Luis Obispo,249,1,0,35.38822029,-120.4039028,6079.0,248,247,1,0,246,246,284010,2,0,0,2,1
2020-05-20,US,California,San Mateo,1697,75,0,37.422880799999994,-122.32755459999998,6081.0,1622,1687,75,0,1612,1671,769545,10,0,0,10,16
2020-05-20,US,California,Santa Barbara,1520,11,0,34.65329488,-120.0188492,6083.0,1509,1517,11,0,1506,1474,446527,3,0,0,3,43
2020-05-20,US,California,Santa Clara,2492,138,0,37.23104908,-121.6970462,6085.0,2354,2483,137,0,2346,2453,1937570,9,1,0,8,30
2020-05-20,US,California,Santa Cruz,168,2,0,37.05580291,-122.0066524,6087.0,166,165,2,0,163,163,274255,3,0,0,3,2
2020-05-20,US,California,Shasta,34,4,0,40.76391419,-122.0396884,6089.0,30,34,4,0,30,34,180040,0,0,0,0,0
2020-05-20,US,California,Siskiyou,6,0,0,41.59198861,-122.54074340000001,6093.0,6,6,0,0,6,6,43724,0,0,0,0,0
2020-05-20,US,California,Solano,435,18,0,38.26827353,-121.9357113,6095.0,417,430,16,0,414,410,446610,5,2,0,3,20
2020-05-20,US,California,Sonoma,411,4,0,38.52746429,-122.88625060000001,6097.0,407,391,4,0,387,387,499942,20,0,0,20,4
2020-05-20,US,California,Stanislaus,598,26,0,37.55862499,-120.9970722,6099.0,572,593,26,0,567,571,549815,5,0,0,5,22
2020-05-20,US,California,Sutter,40,2,0,39.03417539,-121.6945899,6101.0,38,40,2,0,38,40,96807,0,0,0,0,0
2020-05-20,US,California,Tehama,2,1,0,40.12570935,-122.23701709999999,6103.0,1,2,1,0,1,2,63916,0,0,0,0,0
2020-05-20,US,California,Trinity,1,0,0,40.64917670000001,-123.114713,6105.0,1,1,0,0,1,1,12535,0,0,0,0,0
2020-05-20,US,California,Tulare,1552,73,0,36.22026558,-118.8020203,6107.0,1479,1539,71,0,1468,1436,465861,13,2,0,11,103
2020-05-20,US,California,Tuolumne,2,0,0,38.02644018,-119.95250929999999,6109.0,2,2,0,0,2,2,54539,0,0,0,0,0
2020-05-20,US,California,Ventura,837,28,0,34.44465746,-119.09106129999999,6111.0,809,825,25,0,800,764,850967,12,3,0,9,61
2020-05-20,US,California,Yolo,185,22,0,38.68278902,-121.90182879999999,6113.0,163,185,22,0,163,184,220408,0,0,0,0,1
2020-05-20,US,California,Yuba,28,1,0,39.26255932,-121.35356440000001,6115.0,27,28,1,0,27,26,78041,0,0,0,0,2
2020-05-20,US,Colorado,Adams,2737,108,0,39.87432092,-104.3362578,8001.0,2629,2675,104,0,2571,2640,511868,62,4,0,58,35
2020-05-20,US,Colorado,Alamosa,43,2,0,37.57250606,-105.7885451,8003.0,41,43,2,0,41,42,16683,0,0,0,0,1
2020-05-20,US,Colorado,Arapahoe,3889,272,0,39.64977461,-104.3353617,8005.0,3617,3827,258,0,3569,3767,651215,62,14,0,48,60
2020-05-20,US,Colorado,Archuleta,8,0,0,37.19474156,-107.0476867,8007.0,8,8,0,0,8,8,13765,0,0,0,0,0
2020-05-20,US,Colorado,Baca,12,0,0,37.31940883,-102.5603223,8009.0,12,12,0,0,12,12,3585,0,0,0,0,0
2020-05-20,US,Colorado,Bent,1,0,0,37.95474293,-103.0720195,8011.0,1,1,0,0,1,1,5882,0,0,0,0,0
2020-05-20,US,Colorado,Boulder,878,60,0,40.09313619,-105.3546767,8013.0,818,871,60,0,811,857,326078,7,0,0,7,14
2020-05-20,US,Colorado,Broomfield,215,24,0,39.95998787,-105.0566324,8014.0,191,214,24,0,190,213,69267,1,0,0,1,1
2020-05-20,US,Colorado,Chaffee,69,18,0,38.74745778,-106.19265729999998,8015.0,51,69,17,0,52,69,20027,0,1,0,-1,0
2020-05-20,US,Colorado,Cheyenne,5,0,0,38.82777431,-102.6032558,8017.0,5,5,0,0,5,5,1876,0,0,0,0,0
2020-05-20,US,Colorado,Clear Creek,16,1,0,39.68864463,-105.6463118,8019.0,15,16,1,0,15,16,9605,0,0,0,0,0
2020-05-20,US,Colorado,Conejos,1,0,0,37.201606,-106.19174879999998,8021.0,1,1,0,0,1,1,8200,0,0,0,0,0
2020-05-20,US,Colorado,Costilla,3,0,0,37.27732493,-105.4276548,8023.0,3,4,0,0,4,4,3828,-1,0,0,-1,0
2020-05-20,US,Colorado,Crowley,42,1,0,38.32608609,-103.7844965,8025.0,41,39,1,0,38,39,5858,3,0,0,3,0
2020-05-20,US,Colorado,Custer,2,0,0,38.10883162,-105.3683478,8027.0,2,2,0,0,2,2,4954,0,0,0,0,0
2020-05-20,US,Colorado,Delta,55,1,0,38.86246243,-107.8631342,8029.0,54,55,1,0,54,55,30953,0,0,0,0,0
2020-05-20,US,Colorado,Denver,4858,294,0,39.76018276,-104.8725695,8031.0,4564,4790,285,0,4505,4720,716492,68,9,0,59,70
2020-05-20,US,Colorado,Douglas,659,43,0,39.33133796,-104.930001,8035.0,616,654,42,0,612,649,342776,5,1,0,4,5
2020-05-20,US,Colorado,Eagle,572,8,0,39.62754308,-106.6933637,8037.0,564,571,8,0,563,570,54993,1,0,0,1,1
2020-05-20,US,Colorado,El Paso,1386,88,0,38.83240149,-104.5251411,8041.0,1298,1357,84,0,1273,1348,713856,29,4,0,25,9
2020-05-20,US,Colorado,Elbert,48,2,0,39.28656773,-104.1358721,8039.0,46,47,2,0,45,47,26282,1,0,0,1,0
2020-05-20,US,Colorado,Fremont,25,0,0,38.47362326,-105.4399667,8043.0,25,25,0,0,25,25,48021,0,0,0,0,0
2020-05-20,US,Colorado,Garfield,114,2,0,39.59921777,-107.902708,8045.0,112,115,2,0,113,114,59770,-1,0,0,-1,1
2020-05-20,US,Colorado,Gilpin,3,0,0,39.85646523,-105.5252597,8047.0,3,4,0,0,4,4,6121,-1,0,0,-1,0
2020-05-20,US,Colorado,Grand,5,0,0,40.10603347,-106.1178042,8049.0,5,5,0,0,5,5,15525,0,0,0,0,0
2020-05-20,US,Colorado,Gunnison,176,6,0,38.66611652,-107.0320729,8051.0,170,179,6,0,173,179,17246,-3,0,0,-3,0
2020-05-20,US,Colorado,Hinsdale,3,0,0,37.82247444,-107.3004345,8053.0,3,3,0,0,3,3,811,0,0,0,0,0
2020-05-20,US,Colorado,Huerfano,3,0,0,37.68473101,-104.9612585,8055.0,3,3,0,0,3,3,6889,0,0,0,0,0
2020-05-20,US,Colorado,Jefferson,1932,136,0,39.58635604,-105.2517692,8059.0,1796,1882,130,0,1752,1849,580233,50,6,0,44,33
2020-05-20,US,Colorado,Kit Carson,26,3,0,39.30497777,-102.6022199,8063.0,23,26,3,0,23,26,7163,0,0,0,0,0
2020-05-20,US,Colorado,La Plata,72,1,0,37.28632032,-107.8429014,8067.0,71,72,1,0,71,68,56310,0,0,0,0,4
2020-05-20,US,Colorado,Lake,27,0,0,39.20278823,-106.3555697,8065.0,27,26,0,0,26,26,7824,1,0,0,1,0
2020-05-20,US,Colorado,Larimer,512,21,0,40.66671597,-105.4625784,8069.0,491,508,21,0,487,495,350518,4,0,0,4,13
2020-05-20,US,Colorado,Las Animas,4,0,0,37.3153406,-104.0376458,8071.0,4,4,0,0,4,4,14503,0,0,0,0,0
2020-05-20,US,Colorado,Lincoln,3,0,0,38.98749519,-103.5136649,8073.0,3,3,0,0,3,3,5610,0,0,0,0,0
2020-05-20,US,Colorado,Logan,489,3,0,40.7249637,-103.110817,8075.0,486,488,3,0,485,488,21528,1,0,0,1,0
2020-05-20,US,Colorado,Mesa,50,0,0,39.01787888,-108.469799,8077.0,50,50,0,0,50,50,153207,0,0,0,0,0
2020-05-20,US,Colorado,Mineral,2,0,0,37.66954283,-106.9281698,8079.0,2,2,0,0,2,2,776,0,0,0,0,0
2020-05-20,US,Colorado,Moffat,6,0,0,40.61810999,-108.2070876,8081.0,6,6,0,0,6,6,13188,0,0,0,0,0
2020-05-20,US,Colorado,Montezuma,30,3,0,37.33859579,-108.5958857,8083.0,27,29,3,0,26,27,26158,1,0,0,1,2
2020-05-20,US,Colorado,Montrose,136,11,0,38.40214114,-108.26390220000002,8085.0,125,136,11,0,125,136,42214,0,0,0,0,0
2020-05-20,US,Colorado,Morgan,579,37,0,40.26279810000001,-103.8093302,8087.0,542,574,35,0,539,565,28558,5,2,0,3,9
2020-05-20,US,Colorado,Otero,13,1,0,37.9014485,-103.7173385,8089.0,12,11,1,0,10,11,18432,2,0,0,2,0
2020-05-20,US,Colorado,Ouray,7,1,0,38.14717457,-107.7675136,8091.0,6,7,1,0,6,7,4833,0,0,0,0,0
2020-05-20,US,Colorado,Park,20,0,0,39.120926,-105.7182065,8093.0,20,20,0,0,20,16,18556,0,0,0,0,4
2020-05-20,US,Colorado,Phillips,10,0,0,40.59414277,-102.3577703,8095.0,10,10,0,0,10,10,4286,0,0,0,0,0
2020-05-20,US,Colorado,Pitkin,57,2,0,39.21720112,-106.9310027,8097.0,55,57,2,0,55,57,17950,0,0,0,0,0
2020-05-20,US,Colorado,Prowers,11,0,0,37.95544985,-102.3926052,8099.0,11,11,0,0,11,10,12164,0,0,0,0,1
2020-05-20,US,Colorado,Pueblo,220,14,0,38.17359144,-104.5127437,8101.0,206,219,14,0,205,217,167529,1,0,0,1,2
2020-05-20,US,Colorado,Rio Blanco,1,0,0,39.97913541,-108.2179009,8103.0,1,1,0,0,1,1,6336,0,0,0,0,0
2020-05-20,US,Colorado,Rio Grande,8,0,0,37.5836865,-106.3847838,8105.0,8,9,0,0,9,8,11250,-1,0,0,-1,1
2020-05-20,US,Colorado,Routt,59,6,0,40.48596505,-106.9905548,8107.0,53,59,6,0,53,60,25733,0,0,0,0,-1
2020-05-20,US,Colorado,Saguache,18,0,0,38.08054629,-106.282466,8109.0,18,18,0,0,18,17,6843,0,0,0,0,1
2020-05-20,US,Colorado,San Juan,2,0,0,37.76248981,-107.67632890000002,8111.0,2,1,0,0,1,1,762,1,0,0,1,0
2020-05-20,US,Colorado,San Miguel,22,0,0,38.00450883,-108.4020725,8113.0,22,22,0,0,22,22,8191,0,0,0,0,0
2020-05-20,US,Colorado,Summit,194,2,0,39.63803232,-106.1150762,8117.0,192,192,2,0,190,186,31007,2,0,0,2,6
2020-05-20,US,Colorado,Teller,32,2,0,38.88133511,-105.1614893,8119.0,30,31,2,0,29,31,25083,1,0,0,1,0
2020-05-20,US,Colorado,Unassigned,67,1,0,0.0,0.0,90008.0,66,65,1,0,64,78,,2,0,0,2,-13
2020-05-20,US,Colorado,Washington,11,0,0,39.97015535,-103.202587,8121.0,11,11,0,0,11,11,4909,0,0,0,0,0
2020-05-20,US,Colorado,Weld,2338,125,0,40.55499405,-104.3929621,8123.0,2213,2326,124,0,2202,2305,314305,12,1,0,11,21
2020-05-20,US,Colorado,Yuma,11,0,0,40.00346839,-102.4258673,8125.0,11,11,0,0,11,11,10020,0,0,0,0,0
2020-05-20,US,Connecticut,Fairfield,14719,1167,0,41.26809896,-73.3881171,9001.0,13552,14522,1160,0,13362,14439,943823,197,7,0,190,83
2020-05-20,US,Connecticut,Hartford,9234,1116,0,41.80283011,-72.73103891,9003.0,8118,9050,1090,0,7960,8957,892697,184,26,0,158,93
2020-05-20,US,Connecticut,Litchfield,1299,121,0,41.7937534,-73.2451475,9005.0,1178,1290,117,0,1173,1280,181111,9,4,0,5,10
2020-05-20,US,Connecticut,Middlesex,965,131,0,41.45949668,-72.53714864,9007.0,834,947,131,0,816,936,162682,18,0,0,18,11
2020-05-20,US,Connecticut,New Haven,10587,855,0,41.408032500000004,-72.93620426,9009.0,9732,10427,838,0,9589,10338,857620,160,17,0,143,89
2020-05-20,US,Connecticut,New London,896,68,0,41.48896435,-72.10430976,9011.0,828,880,66,0,814,876,266784,16,2,0,14,4
2020-05-20,US,Connecticut,Tolland,786,55,0,41.85853803,-72.3308481,9013.0,731,770,54,0,716,735,150921,16,1,0,15,35
2020-05-20,US,Connecticut,Unassigned,202,2,0,0.0,0.0,90009.0,200,218,2,0,216,233,,-16,0,0,-16,-15
2020-05-20,US,Connecticut,Windham,329,14,0,41.82972709,-71.98182316,9015.0,315,326,14,0,312,322,117027,3,0,0,3,4
2020-05-20,US,Delaware,Kent,1253,55,0,39.08646628,-75.56884914,10001.0,1198,1238,53,0,1185,1219,178550,15,2,0,13,19
2020-05-20,US,Delaware,New Castle,2933,138,0,39.57992638,-75.64054974,10003.0,2795,2845,135,0,2710,2738,559335,88,3,0,85,107
2020-05-20,US,Delaware,Sussex,3960,116,0,38.66143781,-75.39031349,10005.0,3844,3904,115,0,3789,3861,229286,56,1,0,55,43
2020-05-20,US,Delaware,Unassigned,48,1,0,0.0,0.0,90010.0,47,50,1,0,49,51,,-2,0,0,-2,-1
2020-05-20,US,District of Columbia,District of Columbia,7551,407,0,38.90417773,-77.01655992,11001.0,7144,7434,400,0,7034,7270,702455,117,7,0,110,164
2020-05-20,US,Florida,Alachua,344,7,0,29.67866525,-82.35928158,12001.0,337,339,7,0,332,337,269956,5,0,0,5,2
2020-05-20,US,Florida,Baker,26,3,0,30.33060121,-82.28467476,12003.0,23,26,3,0,23,26,28355,0,0,0,0,0
2020-05-20,US,Florida,Bay,86,3,0,30.26548745,-85.62122584,12005.0,83,86,3,0,83,85,185287,0,0,0,0,1
2020-05-20,US,Florida,Bradford,49,2,0,29.95079741,-82.16611613,12007.0,47,49,2,0,47,49,27732,0,0,0,0,0
2020-05-20,US,Florida,Brevard,372,11,0,28.29409504,-80.73091022,12009.0,361,371,11,0,360,367,596849,1,0,0,1,4
2020-05-20,US,Florida,Broward,6407,285,0,26.15184651,-80.48725556,12011.0,6122,6369,282,0,6087,6322,1951260,38,3,0,35,47
2020-05-20,US,Florida,Calhoun,40,2,0,30.40666734,-85.19394153,12013.0,38,40,2,0,38,41,14587,0,0,0,0,-1
2020-05-20,US,Florida,Charlotte,398,51,0,26.90131002,-81.92949121,12015.0,347,392,44,0,348,389,184998,6,7,0,-1,3
2020-05-20,US,Florida,Citrus,115,12,0,28.84804315,-82.47614748,12017.0,103,114,12,0,102,112,147929,1,0,0,1,2
2020-05-20,US,Florida,Clay,333,25,0,29.98319144,-81.85609986,12019.0,308,321,25,0,296,320,216072,12,0,0,12,1
2020-05-20,US,Florida,Collier,1058,40,0,26.11091986,-81.34687065,12021.0,1018,1030,40,0,990,1006,378488,28,0,0,28,24
2020-05-20,US,Florida,Columbia,115,2,0,30.22509788,-82.62160164,12023.0,113,113,2,0,111,113,70503,2,0,0,2,0
2020-05-20,US,Florida,DeSoto,80,7,0,27.18677893,-81.80941373,12027.0,73,69,7,0,62,68,37489,11,0,0,11,1
2020-05-20,US,Florida,Dixie,26,1,0,29.60631086,-83.15724673,12029.0,25,26,1,0,25,25,16700,0,0,0,0,1
2020-05-20,US,Florida,Duval,1336,36,0,30.33225875,-81.66976468,12031.0,1300,1318,36,0,1282,1300,950181,18,0,0,18,18
2020-05-20,US,Florida,Escambia,723,21,0,30.67652764,-87.37284571,12033.0,702,719,21,0,698,707,315534,4,0,0,4,12
2020-05-20,US,Florida,Flagler,169,4,0,29.45933576,-81.31508595,12035.0,165,167,4,0,163,160,112067,2,0,0,2,7
2020-05-20,US,Florida,Franklin,2,0,0,29.83791238,-84.82731662,12037.0,2,2,0,0,2,2,11736,0,0,0,0,0
2020-05-20,US,Florida,Gadsden,245,1,0,30.57796289,-84.61915825,12039.0,244,242,1,0,241,240,45894,3,0,0,3,2
2020-05-20,US,Florida,Gilchrist,8,0,0,29.72856978,-82.79880657,12041.0,8,8,0,0,8,7,18256,0,0,0,0,1
2020-05-20,US,Florida,Glades,16,1,0,26.95635849,-81.18996211,12043.0,15,13,1,0,12,10,13724,3,0,0,3,3
2020-05-20,US,Florida,Gulf,1,0,0,29.93543004,-85.24270990000002,12045.0,1,1,0,0,1,1,16164,0,0,0,0,0
2020-05-20,US,Florida,Hamilton,153,0,0,30.49673973,-82.94998918,12047.0,153,147,0,0,147,147,14310,6,0,0,6,0
2020-05-20,US,Florida,Hardee,47,0,0,27.49293939,-81.80956574,12049.0,47,44,0,0,44,42,27245,3,0,0,3,2
2020-05-20,US,Florida,Hendry,228,12,0,26.55386945,-81.16469006,12051.0,216,224,12,0,212,222,41556,4,0,0,4,2
2020-05-20,US,Florida,Hernando,107,5,0,28.55364461,-82.42700204,12053.0,102,109,5,0,104,110,190865,-2,0,0,-2,-1
2020-05-20,US,Florida,Highlands,107,8,0,27.34254618,-81.34071957,12055.0,99,107,8,0,99,104,105424,0,0,0,0,3
2020-05-20,US,Florida,Hillsborough,1703,64,0,27.9276559,-82.32013172,12057.0,1639,1670,60,0,1610,1653,1436888,33,4,0,29,17
2020-05-20,US,Florida,Holmes,11,0,0,30.86747479,-85.81319222,12059.0,11,10,0,0,10,12,19477,1,0,0,1,-2
2020-05-20,US,Florida,Indian River,108,9,0,27.69308961,-80.60556721,12061.0,99,108,9,0,99,106,157413,0,0,0,0,2
2020-05-20,US,Florida,Jackson,171,0,0,30.795459700000002,-85.21500423,12063.0,171,148,0,0,148,131,48305,23,0,0,23,17
2020-05-20,US,Florida,Jefferson,28,2,0,30.43669112,-83.89442308,12065.0,26,28,2,0,26,28,14288,0,0,0,0,0
2020-05-20,US,Florida,Lafayette,6,0,0,29.98484137,-83.18166636,12067.0,6,6,0,0,6,6,8732,0,0,0,0,0
2020-05-20,US,Florida,Lake,260,14,0,28.76202069,-81.7125123,12069.0,246,257,14,0,243,254,356495,3,0,0,3,3
2020-05-20,US,Florida,Lee,1542,89,0,26.58410348,-81.88399313,12071.0,1453,1520,89,0,1431,1481,754610,22,0,0,22,39
2020-05-20,US,Florida,Leon,306,6,0,30.45955727,-84.27491114,12073.0,300,304,6,0,298,290,292502,2,0,0,2,14
2020-05-20,US,Florida,Levy,27,0,0,29.31829741,-82.74007147,12075.0,27,25,0,0,25,25,40770,2,0,0,2,0
2020-05-20,US,Florida,Liberty,199,0,0,30.23766008,-84.8829258,12077.0,199,199,0,0,199,199,8457,0,0,0,0,0
2020-05-20,US,Florida,Madison,66,3,0,30.44396917,-83.47398594,12079.0,63,64,3,0,61,64,18529,2,0,0,2,0
2020-05-20,US,Florida,Manatee,893,84,0,27.47196942,-82.31831044,12081.0,809,888,82,0,806,867,394855,5,2,0,3,21
2020-05-20,US,Florida,Marion,228,5,0,29.21227113,-82.05803627,12083.0,223,224,5,0,219,223,359977,4,0,0,4,1
2020-05-20,US,Florida,Martin,419,8,0,27.0772071,-80.43109784,12085.0,411,396,8,0,388,371,160912,23,0,0,23,25
2020-05-20,US,Florida,Miami-Dade,16034,589,0,25.6112362,-80.55170587,12086.0,15445,15942,578,0,15364,15864,2761581,92,11,0,81,78
2020-05-20,US,Florida,Monroe,100,3,0,25.20904673,-81.07812416,12087.0,97,99,3,0,96,99,75027,1,0,0,1,0
2020-05-20,US,Florida,Nassau,69,1,0,30.61037141,-81.80297522,12089.0,68,66,1,0,65,66,85832,3,0,0,3,0
2020-05-20,US,Florida,Okaloosa,184,5,0,30.69143028,-86.59267105,12091.0,179,180,5,0,175,178,207269,4,0,0,4,2
2020-05-20,US,Florida,Okeechobee,49,0,0,27.386336199999995,-80.88944347,12093.0,49,45,0,0,45,43,41537,4,0,0,4,2
2020-05-20,US,Florida,Orange,1708,38,0,28.51367621,-81.31799498,12095.0,1670,1699,38,0,1661,1679,1380645,9,0,0,9,20
2020-05-20,US,Florida,Osceola,636,18,0,28.06312234,-81.14882926,12097.0,618,629,17,0,612,627,367990,7,1,0,6,2
2020-05-20,US,Florida,Palm Beach,4776,291,0,26.64676272,-80.46536002,12099.0,4485,4699,284,0,4415,4658,1485941,77,7,0,70,41
2020-05-20,US,Florida,Pasco,328,12,0,28.30810945,-82.40227529,12101.0,316,327,12,0,315,319,539630,1,0,0,1,8
2020-05-20,US,Florida,Pinellas,1075,72,0,27.93130349,-82.72239666,12103.0,1003,1062,71,0,991,1051,975280,13,1,0,12,11
2020-05-20,US,Florida,Polk,786,45,0,27.95027105,-81.69732947,12105.0,741,766,45,0,721,746,708009,20,0,0,20,20
2020-05-20,US,Florida,Putnam,135,3,0,29.60779729,-81.74230285,12107.0,132,134,3,0,131,134,74163,1,0,0,1,0
2020-05-20,US,Florida,Santa Rosa,197,9,0,30.69341450000001,-87.02458128,12113.0,188,186,9,0,177,185,179349,11,0,0,11,1
2020-05-20,US,Florida,Sarasota,538,65,0,27.18546175,-82.33174248,12115.0,473,533,63,0,470,518,426718,5,2,0,3,15
2020-05-20,US,Florida,Seminole,444,13,0,28.7158582,-81.24060348,12117.0,431,442,12,0,430,435,467832,2,1,0,1,7
2020-05-20,US,Florida,St. Johns,233,5,0,29.90096506,-81.43589967,12109.0,228,233,5,0,228,232,254261,0,0,0,0,1
2020-05-20,US,Florida,St. Lucie,336,28,0,27.37763908,-80.47106649,12111.0,308,337,28,0,309,334,321128,-1,0,0,-1,3
2020-05-20,US,Florida,Sumter,253,17,0,28.70181754,-82.0794267,12119.0,236,253,16,0,237,252,128754,0,1,0,-1,1
2020-05-20,US,Florida,Suwannee,160,18,0,30.19746066,-82.99099670000003,12121.0,142,160,18,0,142,160,44191,0,0,0,0,0
2020-05-20,US,Florida,Taylor,5,0,0,30.04848048,-83.60445406,12123.0,5,5,0,0,5,5,21623,0,0,0,0,0
2020-05-20,US,Florida,Unassigned,80,0,0,0.0,0.0,90012.0,80,79,0,0,79,79,,1,0,0,1,0
2020-05-20,US,Florida,Union,26,0,0,30.04412971,-82.37497443,12125.0,26,26,0,0,26,25,14940,0,0,0,0,1
2020-05-20,US,Florida,Volusia,618,33,0,29.05858895,-81.18263252,12127.0,585,612,30,0,582,605,547538,6,3,0,3,7
2020-05-20,US,Florida,Wakulla,32,1,0,30.16548905,-84.39895211,12129.0,31,32,1,0,31,32,32461,0,0,0,0,0
2020-05-20,US,Florida,Walton,97,6,0,30.64204028,-86.16935664,12131.0,91,91,5,0,86,81,71375,6,1,0,5,10
2020-05-20,US,Florida,Washington,14,1,0,30.61359259,-85.66002461,12133.0,13,14,1,0,13,13,24880,0,0,0,0,1
2020-05-20,US,Georgia,Appling,115,11,0,31.74847232,-82.28909114,13001.0,104,113,11,0,102,111,18507,2,0,0,2,2
2020-05-20,US,Georgia,Atkinson,24,2,0,31.29633502,-82.87545866,13003.0,22,22,2,0,20,22,8297,2,0,0,2,0
2020-05-20,US,Georgia,Bacon,68,2,0,31.55456473,-82.45936528,13005.0,66,71,2,0,69,61,11185,-3,0,0,-3,10
2020-05-20,US,Georgia,Baker,32,2,0,31.32669878,-84.44218806,13007.0,30,32,2,0,30,33,3092,0,0,0,0,-1
2020-05-20,US,Georgia,Baldwin,296,14,0,33.06882326,-83.24701748,13009.0,282,292,14,0,278,290,44823,4,0,0,4,2
2020-05-20,US,Georgia,Banks,46,0,0,34.35607081,-83.49644388,13011.0,46,46,0,0,46,43,18988,0,0,0,0,3
2020-05-20,US,Georgia,Barrow,272,8,0,33.99148694,-83.71436292,13013.0,264,267,8,0,259,263,80809,5,0,0,5,4
2020-05-20,US,Georgia,Bartow,419,35,0,34.23732119,-84.83887523,13015.0,384,410,35,0,375,396,106408,9,0,0,9,14
2020-05-20,US,Georgia,Ben Hill,48,1,0,31.76095874,-83.22145359,13017.0,47,48,1,0,47,47,16787,0,0,0,0,1
2020-05-20,US,Georgia,Berrien,25,0,0,31.27590016,-83.22529920000002,13019.0,25,23,0,0,23,22,19252,2,0,0,2,1
2020-05-20,US,Georgia,Bibb,408,18,0,32.80904227,-83.70489165,13021.0,390,411,18,0,393,397,153095,-3,0,0,-3,14
2020-05-20,US,Georgia,Bleckley,33,0,0,32.43829035,-83.33035166,13023.0,33,34,0,0,34,33,12838,-1,0,0,-1,1
2020-05-20,US,Georgia,Brantley,46,2,0,31.19576557,-81.97743999,13025.0,44,44,2,0,42,39,18897,2,0,0,2,5
2020-05-20,US,Georgia,Brooks,66,9,0,30.83922642,-83.58303423,13027.0,57,66,9,0,57,64,15513,0,0,0,0,2
2020-05-20,US,Georgia,Bryan,67,5,0,32.00979311,-81.44002948,13029.0,62,66,5,0,61,65,38109,1,0,0,1,1
2020-05-20,US,Georgia,Bulloch,46,2,0,32.39577406,-81.74811421,13031.0,44,45,2,0,43,45,77296,1,0,0,1,0
2020-05-20,US,Georgia,Burke,122,4,0,33.05917989,-81.99928721,13033.0,118,118,4,0,114,116,22423,4,0,0,4,2
2020-05-20,US,Georgia,Butts,205,18,0,33.283094500000004,-83.95435040000002,13035.0,187,199,17,0,182,199,24193,6,1,0,5,0
2020-05-20,US,Georgia,Calhoun,122,6,0,31.53169785,-84.62725131,13037.0,116,122,6,0,116,122,6352,0,0,0,0,0
2020-05-20,US,Georgia,Camden,52,1,0,30.92951916,-81.66601818,13039.0,51,51,1,0,50,50,53677,1,0,0,1,1
2020-05-20,US,Georgia,Candler,12,0,0,32.40209349,-82.07702563,13043.0,12,10,0,0,10,10,10836,2,0,0,2,0
2020-05-20,US,Georgia,Carroll,425,21,0,33.58138199,-85.07976677,13045.0,404,418,21,0,397,408,118121,7,0,0,7,10
2020-05-20,US,Georgia,Catoosa,77,0,0,34.89872298,-85.13757014,13047.0,77,73,0,0,73,71,67420,4,0,0,4,2
2020-05-20,US,Georgia,Charlton,28,1,0,30.78371028,-82.13951596,13049.0,27,29,1,0,28,26,12968,-1,0,0,-1,3
2020-05-20,US,Georgia,Chatham,388,16,0,32.00043026,-81.12489526,13051.0,372,379,16,0,363,363,289195,9,0,0,9,16
2020-05-20,US,Georgia,Chattahoochee,19,0,0,32.34341231,-84.78809239,13053.0,19,20,0,0,20,19,10684,-1,0,0,-1,1
2020-05-20,US,Georgia,Chattooga,19,2,0,34.47197698,-85.34535662,13055.0,17,17,2,0,15,15,24790,2,0,0,2,2
2020-05-20,US,Georgia,Cherokee,758,26,0,34.24393976,-84.47431861,13057.0,732,745,26,0,719,723,254149,13,0,0,13,22
2020-05-20,US,Georgia,Clarke,200,13,0,33.95436462,-83.37124007,13059.0,187,200,13,0,187,200,127330,0,0,0,0,0
2020-05-20,US,Georgia,Clay,30,2,0,31.62221166,-84.97713865,13061.0,28,30,3,0,27,30,2887,0,-1,0,1,0
2020-05-20,US,Georgia,Clayton,1034,39,0,33.54187245,-84.35594188,13063.0,995,1010,38,0,972,1009,289615,24,1,0,23,1
2020-05-20,US,Georgia,Clinch,46,1,0,30.91395822,-82.70432472,13065.0,45,45,1,0,44,42,6648,1,0,0,1,3
2020-05-20,US,Georgia,Cobb,2584,135,0,33.94243204,-84.5761255,13067.0,2449,2503,135,0,2368,2429,756865,81,0,0,81,74
2020-05-20,US,Georgia,Coffee,210,12,0,31.54892966,-82.85492059999999,13069.0,198,209,12,0,197,200,43093,1,0,0,1,9
2020-05-20,US,Georgia,Colquitt,262,11,0,31.18810588,-83.7677946,13071.0,251,258,11,0,247,253,45592,4,0,0,4,5
2020-05-20,US,Georgia,Columbia,214,6,0,33.54534185,-82.263524,13073.0,208,212,6,0,206,212,154291,2,0,0,2,0
2020-05-20,US,Georgia,Cook,35,2,0,31.16068491,-83.42947229,13075.0,33,31,2,0,29,31,17162,4,0,0,4,0
2020-05-20,US,Georgia,Coweta,286,4,0,33.35334302,-84.76129976,13077.0,282,287,4,0,283,285,145864,-1,0,0,-1,2
2020-05-20,US,Georgia,Crawford,24,0,0,32.71391813,-83.98061238,13079.0,24,24,0,0,24,19,12318,0,0,0,0,5
2020-05-20,US,Georgia,Crisp,203,7,0,31.92289565,-83.76811843,13081.0,196,200,7,0,193,197,22601,3,0,0,3,3
2020-05-20,US,Georgia,Dade,20,1,0,34.854916700000004,-85.50490424,13083.0,19,20,1,0,19,20,16226,0,0,0,0,0
2020-05-20,US,Georgia,Dawson,95,1,0,34.44244079,-84.16964071,13085.0,94,86,1,0,85,84,25083,9,0,0,9,2
2020-05-20,US,Georgia,DeKalb,2979,88,0,33.76944049,-84.22396017,13089.0,2891,2918,87,0,2831,2856,756558,61,1,0,60,62
2020-05-20,US,Georgia,Decatur,140,4,0,30.87967778,-84.57619536,13087.0,136,131,4,0,127,128,26575,9,0,0,9,3
2020-05-20,US,Georgia,Dodge,47,2,0,32.17265114,-83.16948926,13091.0,45,44,2,0,42,44,20705,3,0,0,3,0
2020-05-20,US,Georgia,Dooly,163,12,0,32.15630737,-83.79746561,13093.0,151,162,12,0,150,162,13706,1,0,0,1,0
2020-05-20,US,Georgia,Dougherty,1672,139,0,31.53328528,-84.21722377,13095.0,1533,1668,139,0,1529,1664,91243,4,0,0,4,4
2020-05-20,US,Georgia,Douglas,452,19,0,33.70291126,-84.77026156,13097.0,433,445,19,0,426,439,145331,7,0,0,7,6
2020-05-20,US,Georgia,Early,236,29,0,31.32155345,-84.90255207,13099.0,207,234,28,0,206,231,10247,2,1,0,1,3
2020-05-20,US,Georgia,Echols,53,0,0,30.71101099,-82.89687287,13101.0,53,21,0,0,21,16,4000,32,0,0,32,5
2020-05-20,US,Georgia,Effingham,48,1,0,32.36616021,-81.34280942,13103.0,47,47,1,0,46,45,62190,1,0,0,1,2
2020-05-20,US,Georgia,Elbert,69,0,0,34.11302332,-82.83936148,13105.0,69,69,0,0,69,48,19120,0,0,0,0,21
2020-05-20,US,Georgia,Emanuel,26,2,0,32.59221302,-82.30239915,13107.0,24,26,2,0,24,26,22612,0,0,0,0,0
2020-05-20,US,Georgia,Evans,5,0,0,32.15328841,-81.8870105,13109.0,5,5,0,0,5,5,10721,0,0,0,0,0
2020-05-20,US,Georgia,Fannin,39,1,0,34.86430205,-84.316964,13111.0,38,38,1,0,37,38,25964,1,0,0,1,0
2020-05-20,US,Georgia,Fayette,215,11,0,33.41357794,-84.49089434,13113.0,204,212,11,0,201,210,113459,3,0,0,3,2
2020-05-20,US,Georgia,Floyd,208,13,0,34.26268279,-85.21577392,13115.0,195,195,13,0,182,187,97927,13,0,0,13,8
2020-05-20,US,Georgia,Forsyth,434,11,0,34.22604035,-84.12315129999998,13117.0,423,412,11,0,401,405,236612,22,0,0,22,7
2020-05-20,US,Georgia,Franklin,35,1,0,34.37525597,-83.23159927,13119.0,34,33,1,0,32,33,23023,2,0,0,2,0
2020-05-20,US,Georgia,Fulton,3793,174,0,33.79216944,-84.46319413,13121.0,3619,3795,174,0,3621,3751,1050114,-2,0,0,-2,44
2020-05-20,US,Georgia,Gilmer,117,0,0,34.69316688,-84.45802506,13123.0,117,116,0,0,116,111,30816,1,0,0,1,5
2020-05-20,US,Georgia,Glascock,1,0,0,33.22879932,-82.61297636,13125.0,1,1,0,0,1,1,2995,0,0,0,0,0
2020-05-20,US,Georgia,Glynn,81,1,0,31.23279254,-81.53811412,13127.0,80,79,1,0,78,77,85219,2,0,0,2,2
2020-05-20,US,Georgia,Gordon,134,15,0,34.50487351,-84.87296253,13129.0,119,132,15,0,117,128,57685,2,0,0,2,4
2020-05-20,US,Georgia,Grady,93,4,0,30.87454847,-84.23418364,13131.0,89,92,4,0,88,92,24748,1,0,0,1,0
2020-05-20,US,Georgia,Greene,60,7,0,33.5769205,-83.17139104,13133.0,53,60,7,0,53,60,17698,0,0,0,0,0
2020-05-20,US,Georgia,Gwinnett,2820,117,0,33.96044201,-84.02137802,13135.0,2703,2771,114,0,2657,2680,927781,49,3,0,46,91
2020-05-20,US,Georgia,Habersham,470,14,0,34.63331566,-83.53094677,13137.0,456,457,14,0,443,455,45388,13,0,0,13,2
2020-05-20,US,Georgia,Hall,2230,40,0,34.32207823,-83.81896936,13139.0,2190,2191,40,0,2151,2164,202148,39,0,0,39,27
2020-05-20,US,Georgia,Hancock,169,15,0,33.2721566,-82.99766919,13141.0,154,170,6,0,164,161,8348,-1,9,0,-10,9
2020-05-20,US,Georgia,Haralson,35,2,0,33.79602175,-85.21005667,13143.0,33,35,2,0,33,34,29533,0,0,0,0,1
2020-05-20,US,Georgia,Harris,75,4,0,32.73709786,-84.90538572,13145.0,71,74,3,0,71,74,34475,1,1,0,0,0
2020-05-20,US,Georgia,Hart,26,0,0,34.34626973,-82.96567682,13147.0,26,24,0,0,24,22,26099,2,0,0,2,2
2020-05-20,US,Georgia,Heard,23,1,0,33.29686567,-85.12886832,13149.0,22,20,1,0,19,17,11879,3,0,0,3,3
2020-05-20,US,Georgia,Henry,615,20,0,33.4533428,-84.14814659999998,13151.0,595,611,19,0,592,627,230220,4,1,0,3,-16
2020-05-20,US,Georgia,Houston,324,16,0,32.45802497,-83.66879087,13153.0,308,323,16,0,307,318,155469,1,0,0,1,5
2020-05-20,US,Georgia,Irwin,22,1,0,31.60213036,-83.27501387,13155.0,21,22,1,0,21,22,9398,0,0,0,0,0
2020-05-20,US,Georgia,Jackson,137,3,0,34.13794553,-83.56814788,13157.0,134,134,3,0,131,132,70422,3,0,0,3,2
2020-05-20,US,Georgia,Jasper,26,0,0,33.31535543,-83.68844964,13159.0,26,26,0,0,26,26,14040,0,0,0,0,0
2020-05-20,US,Georgia,Jeff Davis,26,1,0,31.80405727,-82.63724870000001,13161.0,25,26,1,0,25,25,15029,0,0,0,0,1
2020-05-20,US,Georgia,Jefferson,26,1,0,33.05867328,-82.41609057,13163.0,25,25,1,0,24,23,15430,1,0,0,1,2
2020-05-20,US,Georgia,Jenkins,16,1,0,32.79248718,-81.96040187,13165.0,15,16,1,0,15,16,8683,0,0,0,0,0
2020-05-20,US,Georgia,Johnson,78,2,0,32.70211082,-82.66166794,13167.0,76,82,2,0,80,74,9708,-4,0,0,-4,8
2020-05-20,US,Georgia,Jones,32,0,0,33.02512137,-83.56019163,13169.0,32,31,0,0,31,30,28616,1,0,0,1,1
2020-05-20,US,Georgia,Lamar,44,1,0,33.07841647,-84.14263877,13171.0,43,44,1,0,43,41,19000,0,0,0,0,3
2020-05-20,US,Georgia,Lanier,12,2,0,31.03828570000001,-83.06472457,13173.0,10,11,2,0,9,11,10340,1,0,0,1,0
2020-05-20,US,Georgia,Laurens,94,1,0,32.46325233,-82.92221316,13175.0,93,98,1,0,97,95,47325,-4,0,0,-4,3
2020-05-20,US,Georgia,Lee,345,23,0,31.779330600000005,-84.14324253,13177.0,322,343,23,0,320,341,29764,2,0,0,2,2
2020-05-20,US,Georgia,Liberty,47,0,0,31.82588896,-81.49251135,13179.0,47,47,0,0,47,47,61497,0,0,0,0,0
2020-05-20,US,Georgia,Lincoln,15,1,0,33.79201475,-82.45024131,13181.0,14,13,1,0,12,13,7915,2,0,0,2,0
2020-05-20,US,Georgia,Long,6,0,0,31.75218791,-81.74952375,13183.0,6,6,0,0,6,6,18998,0,0,0,0,0
2020-05-20,US,Georgia,Lowndes,226,5,0,30.83568832,-83.27056716,13185.0,221,209,5,0,204,208,116321,17,0,0,17,1
2020-05-20,US,Georgia,Lumpkin,88,1,0,34.57286511,-84.00425681,13187.0,87,83,1,0,82,83,32955,5,0,0,5,0
2020-05-20,US,Georgia,Macon,95,6,0,32.35207048,-84.04234127,13193.0,89,93,6,0,87,93,13143,2,0,0,2,0
2020-05-20,US,Georgia,Madison,32,1,0,34.12920917,-83.21218732,13195.0,31,30,1,0,29,29,29650,2,0,0,2,1
2020-05-20,US,Georgia,Marion,47,2,0,32.3483402,-84.52733571,13197.0,45,47,2,0,45,46,8351,0,0,0,0,1
2020-05-20,US,Georgia,McDuffie,57,5,0,33.47851918,-82.48252774,13189.0,52,55,5,0,50,55,21531,2,0,0,2,0
2020-05-20,US,Georgia,McIntosh,11,0,0,31.49683595,-81.40163426,13191.0,11,11,0,0,11,10,14340,0,0,0,0,1
2020-05-20,US,Georgia,Meriwether,73,1,0,33.04163534,-84.68859732,13199.0,72,70,1,0,69,70,21068,3,0,0,3,0
2020-05-20,US,Georgia,Miller,36,0,0,31.16568912,-84.73151117,13201.0,36,36,0,0,36,36,5686,0,0,0,0,0
2020-05-20,US,Georgia,Mitchell,396,32,0,31.22483255,-84.19381821,13205.0,364,394,32,0,362,389,22192,2,0,0,2,5
2020-05-20,US,Georgia,Monroe,108,7,0,33.014289,-83.92097166,13207.0,101,102,7,0,95,95,27520,6,0,0,6,7
2020-05-20,US,Georgia,Montgomery,8,0,0,32.17201038,-82.53527476,13209.0,8,8,0,0,8,8,9193,0,0,0,0,0
2020-05-20,US,Georgia,Morgan,34,0,0,33.59232073,-83.49129491,13211.0,34,34,0,0,34,34,18853,0,0,0,0,0
2020-05-20,US,Georgia,Murray,66,1,0,34.78897608,-84.74993177,13213.0,65,64,1,0,63,61,39921,2,0,0,2,3
2020-05-20,US,Georgia,Muscogee,456,16,0,32.50931999,-84.87142262,13215.0,440,451,16,0,435,440,194160,5,0,0,5,11
2020-05-20,US,Georgia,Newton,275,10,0,33.55514538,-83.84547140000002,13217.0,265,266,10,0,256,264,109541,9,0,0,9,2
2020-05-20,US,Georgia,Oconee,82,3,0,33.83749973,-83.43679568,13219.0,79,81,3,0,78,80,39272,1,0,0,1,1
2020-05-20,US,Georgia,Oglethorpe,56,4,0,33.878629600000004,-83.08278123,13221.0,52,56,4,0,52,55,15054,0,0,0,0,1
2020-05-20,US,Georgia,Out of GA,1639,25,0,0.0,0.0,80013.0,1614,1641,25,0,1616,1649,,-2,0,0,-2,-8
2020-05-20,US,Georgia,Paulding,261,10,0,33.91969522,-84.86848792,13223.0,251,247,10,0,237,241,164044,14,0,0,14,6
2020-05-20,US,Georgia,Peach,69,3,0,32.56934316,-83.82937,13225.0,66,69,3,0,66,69,27297,0,0,0,0,0
2020-05-20,US,Georgia,Pickens,39,3,0,34.46589159,-84.46406611,13227.0,36,39,3,0,36,38,31980,0,0,0,0,1
2020-05-20,US,Georgia,Pierce,84,4,0,31.35928155,-82.21598442,13229.0,80,81,4,0,77,75,19389,3,0,0,3,6
2020-05-20,US,Georgia,Pike,45,2,0,33.09310242,-84.38790389,13231.0,43,44,2,0,42,44,18634,1,0,0,1,0
2020-05-20,US,Georgia,Polk,86,0,0,34.00267074,-85.18677781,13233.0,86,80,0,0,80,80,42470,6,0,0,6,0
2020-05-20,US,Georgia,Pulaski,35,2,0,32.23334561,-83.47549959999998,13235.0,33,36,2,0,34,36,11069,-1,0,0,-1,0
2020-05-20,US,Georgia,Putnam,83,7,0,33.32056115,-83.37552891,13237.0,76,80,7,0,73,79,21809,3,0,0,3,1
2020-05-20,US,Georgia,Quitman,8,1,0,31.86728114,-85.01773177,13239.0,7,8,1,0,7,8,2279,0,0,0,0,0
2020-05-20,US,Georgia,Rabun,15,1,0,34.88389445,-83.40304637,13241.0,14,15,1,0,14,15,16867,0,0,0,0,0
2020-05-20,US,Georgia,Randolph,170,21,0,31.76622818,-84.75732369,13243.0,149,169,21,0,148,169,6833,1,0,0,1,0
2020-05-20,US,Georgia,Richmond,501,17,0,33.35777107,-82.07026432,13245.0,484,495,17,0,478,491,201554,6,0,0,6,4
2020-05-20,US,Georgia,Rockdale,251,9,0,33.65145002,-84.02202167,13247.0,242,252,8,0,244,250,90594,-1,1,0,-2,2
2020-05-20,US,Georgia,Schley,16,1,0,32.2654021,-84.31258912,13249.0,15,17,1,0,16,16,5236,-1,0,0,-1,1
2020-05-20,US,Georgia,Screven,20,1,0,32.74976524,-81.60779441,13251.0,19,20,1,0,19,20,13938,0,0,0,0,0
2020-05-20,US,Georgia,Seminole,41,2,0,30.93464824,-84.86823924,13253.0,39,41,2,0,39,40,8315,0,0,0,0,1
2020-05-20,US,Georgia,Spalding,251,14,0,33.26310031,-84.28013991,13255.0,237,246,14,0,232,242,66100,5,0,0,5,4
2020-05-20,US,Georgia,Stephens,117,2,0,34.55151201,-83.29405315,13257.0,115,114,2,0,112,113,26035,3,0,0,3,1
2020-05-20,US,Georgia,Stewart,40,0,0,32.07996777,-84.83208037,13259.0,40,40,0,0,40,39,6199,0,0,0,0,1
2020-05-20,US,Georgia,Sumter,425,40,0,32.03650571,-84.19821492,13261.0,385,421,39,0,382,419,29733,4,1,0,3,2
2020-05-20,US,Georgia,Talbot,31,1,0,32.69642758,-84.53351366,13263.0,30,30,1,0,29,30,6272,1,0,0,1,0
2020-05-20,US,Georgia,Taliaferro,1,0,0,33.56543317,-82.88136816,13265.0,1,1,0,0,1,1,1608,0,0,0,0,0
2020-05-20,US,Georgia,Tattnall,13,0,0,32.04785085,-82.05539188,13267.0,13,13,0,0,13,12,25391,0,0,0,0,1
2020-05-20,US,Georgia,Taylor,22,2,0,32.55792548,-84.25077141,13269.0,20,22,2,0,20,22,8039,0,0,0,0,0
2020-05-20,US,Georgia,Telfair,29,1,0,31.92829517,-82.93491155,13271.0,28,31,1,0,30,30,15876,-2,0,0,-2,1
2020-05-20,US,Georgia,Terrell,203,24,0,31.77527543,-84.44069698,13273.0,179,199,24,0,175,199,8611,4,0,0,4,0
2020-05-20,US,Georgia,Thomas,302,30,0,30.86392347,-83.91847289,13275.0,272,289,30,0,259,288,44448,13,0,0,13,1
2020-05-20,US,Georgia,Tift,194,14,0,31.45743864,-83.5236119,13277.0,180,188,14,0,174,185,40571,6,0,0,6,3
2020-05-20,US,Georgia,Toombs,47,4,0,32.12059861,-82.32957247,13279.0,43,46,4,0,42,46,26887,1,0,0,1,0
2020-05-20,US,Georgia,Towns,21,1,0,34.91369188,-83.74107459999998,13281.0,20,21,1,0,20,21,11852,0,0,0,0,0
2020-05-20,US,Georgia,Treutlen,8,0,0,32.40422134,-82.56904553,13283.0,8,8,0,0,8,8,6809,0,0,0,0,0
2020-05-20,US,Georgia,Troup,215,6,0,33.03349196,-85.02812115,13285.0,209,213,6,0,207,201,70034,2,0,0,2,12
2020-05-20,US,Georgia,Turner,85,12,0,31.71612656,-83.62069378,13287.0,73,85,12,0,73,84,7912,0,0,0,0,1
2020-05-20,US,Georgia,Twiggs,10,0,0,32.67435595,-83.43078662,13289.0,10,10,0,0,10,9,8188,0,0,0,0,1
2020-05-20,US,Georgia,Unassigned,2432,1,0,0.0,0.0,90013.0,2431,2136,0,0,2136,2216,,296,1,0,295,-80
2020-05-20,US,Georgia,Union,38,1,0,34.82995757,-83.98967069,13291.0,37,37,1,0,36,37,24001,1,0,0,1,0
2020-05-20,US,Georgia,Upson,267,31,0,32.87920671,-84.30024826,13293.0,236,267,31,0,236,261,26215,0,0,0,0,6
2020-05-20,US,Georgia,Walker,81,0,0,34.73376362,-85.30165174,13295.0,81,76,0,0,76,74,69410,5,0,0,5,2
2020-05-20,US,Georgia,Walton,172,9,0,33.78017694,-83.73552314,13297.0,163,166,9,0,157,164,93503,6,0,0,6,2
2020-05-20,US,Georgia,Ware,191,13,0,31.05449097,-82.42224148,13299.0,178,177,13,0,164,174,35680,14,0,0,14,3
2020-05-20,US,Georgia,Warren,16,0,0,33.41146451,-82.67795848,13301.0,16,16,0,0,16,16,5251,0,0,0,0,0
2020-05-20,US,Georgia,Washington,71,1,0,32.96711864,-82.79357039,13303.0,70,68,1,0,67,67,20386,3,0,0,3,1
2020-05-20,US,Georgia,Wayne,15,0,0,31.5521809,-81.91894878,13305.0,15,14,0,0,14,14,29808,1,0,0,1,0
2020-05-20,US,Georgia,Webster,11,1,0,32.04066113,-84.54742852,13307.0,10,11,1,0,10,11,2611,0,0,0,0,0
2020-05-20,US,Georgia,Wheeler,10,0,0,32.12009104,-82.72574721,13309.0,10,7,0,0,7,7,7879,3,0,0,3,0
2020-05-20,US,Georgia,White,91,3,0,34.64624278,-83.74905525,13311.0,88,90,3,0,87,87,29970,1,0,0,1,3
2020-05-20,US,Georgia,Whitfield,206,7,0,34.80987459,-84.96093476,13313.0,199,194,7,0,187,188,104062,12,0,0,12,6
2020-05-20,US,Georgia,Wilcox,98,12,0,31.97496928,-83.43438555,13315.0,86,97,12,0,85,95,8812,1,0,0,1,2
2020-05-20,US,Georgia,Wilkes,30,1,0,33.78290391,-82.74286107,13317.0,29,30,1,0,29,30,9876,0,0,0,0,0
2020-05-20,US,Georgia,Wilkinson,49,3,0,32.80291082,-83.17140684,13319.0,46,46,3,0,43,45,9036,3,0,0,3,1
2020-05-20,US,Georgia,Worth,206,20,0,31.55162306,-83.85090513,13321.0,186,201,18,0,183,197,20299,5,2,0,3,4
2020-05-20,US,Hawaii,Hawaii,79,0,0,19.60121157,-155.5210167,15001.0,79,78,0,0,78,77,200983,1,0,0,1,1
2020-05-20,US,Hawaii,Honolulu,416,11,0,21.45803166,-157.97121819999995,15003.0,405,415,11,0,404,415,980080,1,0,0,1,0
2020-05-20,US,Hawaii,Kauai,21,0,0,22.03935037,-159.5966786,15007.0,21,21,0,0,21,21,72133,0,0,0,0,0
2020-05-20,US,Hawaii,Maui,117,6,0,20.86399628,-156.56890969999995,15009.0,111,117,6,0,111,117,167207,0,0,0,0,0
2020-05-20,US,Hawaii,Out of HI,10,0,0,0.0,0.0,80015.0,10,10,0,0,10,10,,0,0,0,0,0
2020-05-20,US,Idaho,Ada,792,23,0,43.4526575,-116.24155159999998,16001.0,769,780,22,0,758,780,469966,12,1,0,11,0
2020-05-20,US,Idaho,Adams,3,0,0,44.89333571,-116.4545247,16003.0,3,3,0,0,3,3,4250,0,0,0,0,0
2020-05-20,US,Idaho,Bannock,16,0,0,42.67002716,-112.2233311,16005.0,16,16,0,0,16,16,87138,0,0,0,0,0
2020-05-20,US,Idaho,Bingham,6,0,0,43.21672879999999,-112.3978437,16011.0,6,6,0,0,6,6,46236,0,0,0,0,0
2020-05-20,US,Idaho,Blaine,509,5,0,43.4085812,-113.9752658,16013.0,504,508,5,0,503,508,22601,1,0,0,1,0
2020-05-20,US,Idaho,Bonner,4,0,0,48.29996017,-116.6017932,16017.0,4,4,0,0,4,4,44727,0,0,0,0,0
2020-05-20,US,Idaho,Bonneville,32,0,0,43.38713372,-111.6161537,16019.0,32,33,0,0,33,33,116854,-1,0,0,-1,0
2020-05-20,US,Idaho,Camas,1,0,0,43.46665742,-114.8065892,16025.0,1,1,0,0,1,1,1127,0,0,0,0,0
2020-05-20,US,Idaho,Canyon,280,6,0,43.61970148,-116.70954990000001,16027.0,274,277,6,0,271,277,223499,3,0,0,3,0
2020-05-20,US,Idaho,Caribou,1,0,0,42.77149116,-111.5597683,16029.0,1,1,0,0,1,1,7060,0,0,0,0,0
2020-05-20,US,Idaho,Cassia,20,1,0,42.28347888,-113.6012409,16031.0,19,19,1,0,18,19,23864,1,0,0,1,0
2020-05-20,US,Idaho,Custer,2,0,0,44.24186819,-114.2855494,16037.0,2,2,0,0,2,2,4280,0,0,0,0,0
2020-05-20,US,Idaho,Elmore,31,2,0,43.3507101,-115.4701578,16039.0,29,31,2,0,29,31,27259,0,0,0,0,0
2020-05-20,US,Idaho,Fremont,3,0,0,44.22800938,-111.48099429999999,16043.0,3,3,0,0,3,3,13168,0,0,0,0,0
2020-05-20,US,Idaho,Gem,16,0,0,44.06482372,-116.398376,16045.0,16,16,0,0,16,16,17634,0,0,0,0,0
2020-05-20,US,Idaho,Gooding,29,0,0,42.96927962,-114.81083059999999,16047.0,29,26,0,0,26,26,15196,3,0,0,3,0
2020-05-20,US,Idaho,Idaho,3,0,0,45.84721541,-115.4634436,16049.0,3,3,0,0,3,3,16513,0,0,0,0,0
2020-05-20,US,Idaho,Jefferson,7,0,0,43.82078483,-112.3131749,16051.0,7,7,0,0,7,7,29439,0,0,0,0,0
2020-05-20,US,Idaho,Jerome,110,2,0,42.68891267,-114.2655033,16053.0,108,102,2,0,100,102,24015,8,0,0,8,0
2020-05-20,US,Idaho,Kootenai,66,0,0,47.67282258,-116.7020872,16055.0,66,66,0,0,66,66,161505,0,0,0,0,0
2020-05-20,US,Idaho,Latah,6,0,0,46.81587887,-116.71136979999999,16057.0,6,6,0,0,6,6,40134,0,0,0,0,0
2020-05-20,US,Idaho,Lemhi,1,0,0,44.9438088,-113.9309747,16059.0,1,1,0,0,1,1,7961,0,0,0,0,0
2020-05-20,US,Idaho,Lincoln,29,0,0,43.0012336,-114.1358773,16063.0,29,29,0,0,29,29,5360,0,0,0,0,0
2020-05-20,US,Idaho,Madison,20,0,0,43.78141028,-111.65384740000002,16065.0,20,19,0,0,19,19,39304,1,0,0,1,0
2020-05-20,US,Idaho,Minidoka,20,0,0,42.85518524,-113.6357257,16067.0,20,15,0,0,15,15,20825,5,0,0,5,0
2020-05-20,US,Idaho,Nez Perce,81,19,0,46.32638236,-116.75009750000001,16069.0,62,79,19,0,60,79,40408,2,0,0,2,0
2020-05-20,US,Idaho,Owyhee,8,0,0,42.58016894,-116.16938710000001,16073.0,8,8,0,0,8,8,11693,0,0,0,0,0
2020-05-20,US,Idaho,Payette,22,2,0,44.00545243,-116.7647695,16075.0,20,22,2,0,20,22,23551,0,0,0,0,0
2020-05-20,US,Idaho,Power,3,0,0,42.69254894,-112.83957420000002,16077.0,3,3,0,0,3,3,7768,0,0,0,0,0
2020-05-20,US,Idaho,Teton,11,0,0,43.75303583,-111.2056773,16081.0,11,11,0,0,11,11,11640,0,0,0,0,0
2020-05-20,US,Idaho,Twin Falls,340,17,0,42.35440512,-114.6685381,16083.0,323,326,15,0,311,326,86081,14,2,0,12,0
2020-05-20,US,Idaho,Valley,2,0,0,44.76728382,-115.5676773,16085.0,2,2,0,0,2,2,11041,0,0,0,0,0
2020-05-20,US,Idaho,Washington,32,0,0,44.45275475,-116.78476880000001,16087.0,32,30,0,0,30,30,10161,2,0,0,2,0
2020-05-20,US,Illinois,Adams,43,1,0,39.98815591,-91.18786813,17001.0,42,42,1,0,41,42,65691,1,0,0,1,0
2020-05-20,US,Illinois,Alexander,8,0,0,37.18049267,-89.32910838,17003.0,8,8,0,0,8,8,6060,0,0,0,0,0
2020-05-20,US,Illinois,Bond,12,1,0,38.88829622,-89.43534887,17005.0,11,12,1,0,11,11,16630,0,0,0,0,1
2020-05-20,US,Illinois,Boone,324,14,0,42.32359279,-88.82345779,17007.0,310,314,14,0,300,307,53577,10,0,0,10,7
2020-05-20,US,Illinois,Brown,10,0,0,39.96209138,-90.75068024,17009.0,10,10,0,0,10,11,6556,0,0,0,0,-1
2020-05-20,US,Illinois,Bureau,15,1,0,41.40385234,-89.5283051,17011.0,14,15,1,0,14,15,32993,0,0,0,0,0
2020-05-20,US,Illinois,Calhoun,1,0,0,39.16840183,-90.66330078,17013.0,1,1,0,0,1,1,4802,0,0,0,0,0
2020-05-20,US,Illinois,Carroll,13,2,0,42.06823429,-89.93395545,17015.0,11,14,2,0,12,14,14312,-1,0,0,-1,0
2020-05-20,US,Illinois,Cass,67,0,0,39.96991073,-90.24734436,17017.0,67,66,0,0,66,64,12260,1,0,0,1,2
2020-05-20,US,Illinois,Champaign,472,7,0,40.13919438,-88.20046615,17019.0,465,435,7,0,428,418,209983,37,0,0,37,17
2020-05-20,US,Illinois,Christian,32,4,0,39.54581621,-89.27780482,17021.0,28,32,4,0,28,32,32661,0,0,0,0,0
2020-05-20,US,Illinois,Clark,9,0,0,39.33425789,-87.78705622,17023.0,9,9,0,0,9,9,15596,0,0,0,0,0
2020-05-20,US,Illinois,Clay,2,0,0,38.75388572,-88.48914513,17025.0,2,3,0,0,3,2,13253,-1,0,0,-1,1
2020-05-20,US,Illinois,Clinton,167,16,0,38.60704876,-89.42385254,17027.0,151,165,14,0,151,161,37639,2,2,0,0,4
2020-05-20,US,Illinois,Coles,88,7,0,39.51949084,-88.22358557,17029.0,81,85,7,0,78,85,50885,3,0,0,3,0
2020-05-20,US,Illinois,Cook,66213,3074,0,41.84144849,-87.81658794,17031.0,63139,64691,2980,0,61711,63690,5180493,1522,94,0,1428,1001
2020-05-20,US,Illinois,Crawford,11,0,0,39.0032229,-87.75954624,17033.0,11,11,0,0,11,11,18807,0,0,0,0,0
2020-05-20,US,Illinois,Cumberland,10,0,0,39.27432424,-88.2401158,17035.0,10,9,0,0,9,9,10808,1,0,0,1,0
2020-05-20,US,Illinois,De Witt,4,0,0,40.17514519,-88.90959682,17039.0,4,4,0,0,4,4,15769,0,0,0,0,0
2020-05-20,US,Illinois,DeKalb,276,3,0,41.89373302,-88.76958483,17037.0,273,268,4,0,264,262,104143,8,-1,0,9,6
2020-05-20,US,Illinois,Douglas,26,0,0,39.76768052,-88.21854195,17041.0,26,26,0,0,26,26,19479,0,0,0,0,0
2020-05-20,US,Illinois,DuPage,6308,326,0,41.85116968,-88.08642662,17043.0,5982,6171,315,0,5856,6076,928589,137,11,0,126,95
2020-05-20,US,Illinois,Edwards,2,0,0,38.41353228,-88.05720863,17047.0,2,2,0,0,2,2,6392,0,0,0,0,0
2020-05-20,US,Illinois,Effingham,6,1,0,39.05935711,-88.58969584,17049.0,5,6,1,0,5,6,34208,0,0,0,0,0
2020-05-20,US,Illinois,Fayette,19,2,0,39.00072038,-89.02452658,17051.0,17,19,2,0,17,19,21416,0,0,0,0,0
2020-05-20,US,Illinois,Ford,18,1,0,40.59706922,-88.22350769,17053.0,17,18,1,0,17,18,13264,0,0,0,0,0
2020-05-20,US,Illinois,Franklin,11,0,0,37.99189086,-88.92567818,17055.0,11,11,0,0,11,11,38701,0,0,0,0,0
2020-05-20,US,Illinois,Fulton,10,0,0,40.47289135,-90.20862357,17057.0,10,10,0,0,10,8,34844,0,0,0,0,2
2020-05-20,US,Illinois,Gallatin,2,0,0,37.76430935,-88.22953869,17059.0,2,2,0,0,2,2,5058,0,0,0,0,0
2020-05-20,US,Illinois,Greene,5,0,0,39.35907414,-90.388865,17061.0,5,4,0,0,4,4,13044,1,0,0,1,0
2020-05-20,US,Illinois,Grundy,83,2,0,41.28569601,-88.41905692,17063.0,81,80,1,0,79,75,50972,3,1,0,2,5
2020-05-20,US,Illinois,Hamilton,2,0,0,38.08163641,-88.53883373,17065.0,2,2,0,0,2,2,8163,0,0,0,0,0
2020-05-20,US,Illinois,Hancock,12,0,0,40.40423981,-91.16313899,17067.0,12,12,0,0,12,13,17844,0,0,0,0,-1
2020-05-20,US,Illinois,Hardin,1,0,0,37.51810645,-88.26873022,17069.0,1,1,0,0,1,1,3910,0,0,0,0,0
2020-05-20,US,Illinois,Henderson,8,0,0,40.81908672,-90.92491462,17071.0,8,8,0,0,8,8,6709,0,0,0,0,0
2020-05-20,US,Illinois,Henry,64,0,0,41.3533994,-90.13296166,17073.0,64,65,0,0,65,65,49090,-1,0,0,-1,0
2020-05-20,US,Illinois,Iroquois,119,4,0,40.74717633,-87.82466784,17075.0,115,119,4,0,115,118,27604,0,0,0,0,1
2020-05-20,US,Illinois,Jackson,187,10,0,37.78595185,-89.38232563,17077.0,177,186,10,0,176,181,57419,1,0,0,1,5
2020-05-20,US,Illinois,Jasper,45,7,0,39.01054275,-88.15437049,17079.0,38,45,7,0,38,45,9611,0,0,0,0,0
2020-05-20,US,Illinois,Jefferson,100,17,0,38.29980057,-88.9240025,17081.0,83,100,17,0,83,99,37820,0,0,0,0,1
2020-05-20,US,Illinois,Jersey,20,1,0,39.08869046,-90.35393073,17083.0,19,19,1,0,18,19,21847,1,0,0,1,0
2020-05-20,US,Illinois,Jo Daviess,22,0,0,42.36542373,-90.21094405,17085.0,22,21,0,0,21,19,21366,1,0,0,1,2
2020-05-20,US,Illinois,Johnson,7,0,0,37.45939802,-88.88165419,17087.0,7,7,0,0,7,7,12456,0,0,0,0,0
2020-05-20,US,Illinois,Kane,4813,136,0,41.93842729,-88.42861412,17089.0,4677,4682,120,0,4562,4584,534216,131,16,0,115,98
2020-05-20,US,Illinois,Kankakee,703,36,0,41.13746989,-87.86205334,17091.0,667,693,34,0,659,673,110024,10,2,0,8,20
2020-05-20,US,Illinois,Kendall,610,19,0,41.59081014,-88.42869583,17093.0,591,592,19,0,573,579,127915,18,0,0,18,13
2020-05-20,US,Illinois,Knox,90,0,0,40.93148779,-90.21330340000002,17095.0,90,89,0,0,89,89,50112,1,0,0,1,0
2020-05-20,US,Illinois,LaSalle,130,8,0,41.34426129999999,-88.88633881,17099.0,122,121,8,0,113,121,109430,9,0,0,9,0
2020-05-20,US,Illinois,Lake,6905,231,0,42.3224907,-88.00367925,17097.0,6674,6709,221,0,6488,6645,700832,196,10,0,186,64
2020-05-20,US,Illinois,Lawrence,4,0,0,38.71987914,-87.72884035,17101.0,4,4,0,0,4,4,15765,0,0,0,0,0
2020-05-20,US,Illinois,Lee,75,1,0,41.74583951,-89.29977132,17103.0,74,75,1,0,74,74,34223,0,0,0,0,1
2020-05-20,US,Illinois,Livingston,28,1,0,40.89188292,-88.55784752,17105.0,27,27,1,0,26,27,35761,1,0,0,1,0
2020-05-20,US,Illinois,Logan,10,0,0,40.12581572,-89.36638784,17107.0,10,10,0,0,10,10,28925,0,0,0,0,0
2020-05-20,US,Illinois,Macon,176,17,0,39.86064913,-88.96342505,17115.0,159,170,17,0,153,169,104712,6,0,0,6,1
2020-05-20,US,Illinois,Macoupin,41,1,0,39.26119767,-89.92424028,17117.0,40,42,1,0,41,41,45313,-1,0,0,-1,1
2020-05-20,US,Illinois,Madison,502,46,0,38.83042506,-89.90422563,17119.0,456,499,45,0,454,493,264461,3,1,0,2,6
2020-05-20,US,Illinois,Marion,49,0,0,38.64963204,-88.91899208,17121.0,49,49,0,0,49,48,37620,0,0,0,0,1
2020-05-20,US,Illinois,Marshall,5,0,0,41.0327901,-89.34510444,17123.0,5,5,0,0,5,5,11534,0,0,0,0,0
2020-05-20,US,Illinois,Mason,16,0,0,40.23917274,-89.91824452,17125.0,16,16,0,0,16,16,13565,0,0,0,0,0
2020-05-20,US,Illinois,Massac,6,0,0,37.22078441,-88.71036614,17127.0,6,6,0,0,6,6,14080,0,0,0,0,0
2020-05-20,US,Illinois,McDonough,73,4,0,40.45674722,-90.67775541,17109.0,69,72,3,0,69,64,29955,1,1,0,0,8
2020-05-20,US,Illinois,McHenry,1255,66,0,42.32451172,-88.45248227,17111.0,1189,1224,64,0,1160,1209,308570,31,2,0,29,15
2020-05-20,US,Illinois,McLean,191,6,0,40.48996987,-88.84621113,17113.0,185,189,6,0,183,186,172828,2,0,0,2,3
2020-05-20,US,Illinois,Menard,17,0,0,40.02742725,-89.80246001,17129.0,17,17,0,0,17,17,12288,0,0,0,0,0
2020-05-20,US,Illinois,Mercer,13,0,0,41.20596782,-90.74290052,17131.0,13,14,0,0,14,14,15601,-1,0,0,-1,0
2020-05-20,US,Illinois,Monroe,90,11,0,38.27594376,-90.17761038,17133.0,79,90,11,0,79,89,34335,0,0,0,0,1
2020-05-20,US,Illinois,Montgomery,39,1,0,39.23198845,-89.47809254,17135.0,38,39,1,0,38,39,28601,0,0,0,0,0
2020-05-20,US,Illinois,Morgan,34,1,0,39.71654544,-90.20255104,17137.0,33,35,1,0,34,36,33976,-1,0,0,-1,-1
2020-05-20,US,Illinois,Moultrie,8,0,0,39.64187451,-88.62099969,17139.0,8,8,0,0,8,8,14717,0,0,0,0,0
2020-05-20,US,Illinois,Ogle,174,2,0,42.04165196,-89.32184679,17141.0,172,173,2,0,171,172,50923,1,0,0,1,1
2020-05-20,US,Illinois,Out of IL,89,1,0,0.0,0.0,80017.0,88,87,1,0,86,87,,2,0,0,2,0
2020-05-20,US,Illinois,Peoria,167,6,0,40.78702156,-89.76078901,17143.0,161,162,6,0,156,160,180621,5,0,0,5,2
2020-05-20,US,Illinois,Perry,40,0,0,38.08510853,-89.36856219,17145.0,40,40,0,0,40,39,21174,0,0,0,0,1
2020-05-20,US,Illinois,Piatt,8,0,0,40.01360584,-88.59319339,17147.0,8,9,0,0,9,9,16396,-1,0,0,-1,0
2020-05-20,US,Illinois,Pike,1,0,0,39.62265059,-90.8877017,17149.0,1,1,0,0,1,1,15611,0,0,0,0,0
2020-05-20,US,Illinois,Pope,1,0,0,37.41391284,-88.56152109,17151.0,1,1,0,0,1,1,4212,0,0,0,0,0
2020-05-20,US,Illinois,Pulaski,40,0,0,37.22631423,-89.13085001,17153.0,40,40,0,0,40,40,5463,0,0,0,0,0
2020-05-20,US,Illinois,Putnam,1,0,0,41.2013541,-89.2869272,17155.0,1,1,0,0,1,1,5740,0,0,0,0,0
2020-05-20,US,Illinois,Randolph,246,3,0,38.05095369,-89.82512254,17157.0,243,238,3,0,235,237,32106,8,0,0,8,1
2020-05-20,US,Illinois,Richland,3,0,0,38.71240969,-88.08475366,17159.0,3,3,0,0,3,3,15763,0,0,0,0,0
2020-05-20,US,Illinois,Rock Island,600,21,0,41.46613806,-90.57042164,17161.0,579,594,21,0,573,590,143477,6,0,0,6,4
2020-05-20,US,Illinois,Saline,6,0,0,37.75332999,-88.54119706,17165.0,6,6,0,0,6,6,23906,0,0,0,0,0
2020-05-20,US,Illinois,Sangamon,319,25,0,39.75836914,-89.65872023,17167.0,294,311,25,0,286,309,195348,8,0,0,8,2
2020-05-20,US,Illinois,Schuyler,8,0,0,40.157179799999994,-90.61114163,17169.0,8,7,0,0,7,7,6907,1,0,0,1,0
2020-05-20,US,Illinois,Shelby,15,1,0,39.39133527,-88.80611122,17173.0,14,15,1,0,14,13,21741,0,0,0,0,2
2020-05-20,US,Illinois,St. Clair,858,69,0,38.46996033,-89.93063427,17163.0,789,832,69,0,763,815,261059,26,0,0,26,17
2020-05-20,US,Illinois,Stark,2,0,0,41.09309773,-89.79745866,17175.0,2,2,0,0,2,2,5427,0,0,0,0,0
2020-05-20,US,Illinois,Stephenson,161,1,0,42.35129217,-89.662598,17177.0,160,160,1,0,159,156,44753,1,0,0,1,4
2020-05-20,US,Illinois,Tazewell,65,3,0,40.50716185,-89.51404662,17179.0,62,64,3,0,61,63,132328,1,0,0,1,1
2020-05-20,US,Illinois,Unassigned,73,0,0,0.0,0.0,90017.0,73,70,0,0,70,74,,3,0,0,3,-4
2020-05-20,US,Illinois,Union,124,5,0,37.47119609,-89.25548938,17181.0,119,122,4,0,118,122,16841,2,1,0,1,0
2020-05-20,US,Illinois,Vermilion,31,1,0,40.18417171,-87.73384359,17183.0,30,30,1,0,29,31,76806,1,0,0,1,-1
2020-05-20,US,Illinois,Wabash,1,0,0,38.44272901,-87.84922065,17185.0,1,1,0,0,1,1,11549,0,0,0,0,0
2020-05-20,US,Illinois,Warren,110,0,0,40.84925021,-90.6147432,17187.0,110,110,0,0,110,109,17032,0,0,0,0,1
2020-05-20,US,Illinois,Washington,18,0,0,38.35309213,-89.40982703,17189.0,18,18,0,0,18,17,13995,0,0,0,0,1
2020-05-20,US,Illinois,Wayne,9,1,0,38.42955355,-88.42586459,17191.0,8,9,1,0,8,9,16332,0,0,0,0,0
2020-05-20,US,Illinois,White,2,0,0,38.08706198,-88.17657461,17193.0,2,2,0,0,2,2,13665,0,0,0,0,0
2020-05-20,US,Illinois,Whiteside,128,10,0,41.75509713,-89.91556058,17195.0,118,125,9,0,116,123,55626,3,1,0,2,2
2020-05-20,US,Illinois,Will,4694,247,0,41.44619267,-87.97862712,17197.0,4447,4560,244,0,4316,4455,692310,134,3,0,131,105
2020-05-20,US,Illinois,Williamson,55,1,0,37.73033511,-88.92994027,17199.0,54,52,1,0,51,52,67056,3,0,0,3,0
2020-05-20,US,Illinois,Winnebago,1615,40,0,42.33641854,-89.16085327,17201.0,1575,1564,39,0,1525,1537,284081,51,1,0,50,27
2020-05-20,US,Illinois,Woodford,17,2,0,40.78579374,-89.20973757,17203.0,15,16,1,0,15,16,38463,1,1,0,0,0
2020-05-20,US,Indiana,Adams,11,1,0,40.7457653,-84.93671406,18001.0,10,10,1,0,9,10,35636,1,0,0,1,0
2020-05-20,US,Indiana,Allen,1106,65,0,41.09194313,-85.06800636,18003.0,1041,1053,65,0,988,1033,375351,53,0,0,53,20
2020-05-20,US,Indiana,Bartholomew,448,31,0,39.20744865,-85.89558181,18005.0,417,438,31,0,407,432,82753,10,0,0,10,6
2020-05-20,US,Indiana,Benton,24,0,0,40.60626947,-87.31093999,18007.0,24,23,0,0,23,23,8653,1,0,0,1,0
2020-05-20,US,Indiana,Blackford,16,1,0,40.47388153,-85.32499702,18009.0,15,17,1,0,16,15,11930,-1,0,0,-1,2
2020-05-20,US,Indiana,Boone,263,34,0,40.0509304,-86.46841646,18011.0,229,261,34,0,227,260,66999,2,0,0,2,1
2020-05-20,US,Indiana,Brown,31,1,0,39.19605589,-86.22868909,18013.0,30,31,1,0,30,32,15234,0,0,0,0,-1
2020-05-20,US,Indiana,Carroll,81,2,0,40.580783200000006,-86.56198812,18015.0,79,79,2,0,77,79,20127,2,0,0,2,0
2020-05-20,US,Indiana,Cass,1564,6,0,40.76135835,-86.34830753,18017.0,1558,1560,6,0,1554,1552,37955,4,0,0,4,8
2020-05-20,US,Indiana,Clark,438,37,0,38.48015445,-85.70510334,18019.0,401,430,36,0,394,424,117360,8,1,0,7,6
2020-05-20,US,Indiana,Clay,33,1,0,39.39561833,-87.11723506,18021.0,32,32,1,0,31,31,26170,1,0,0,1,1
2020-05-20,US,Indiana,Clinton,163,1,0,40.30319754,-86.47277257,18023.0,162,149,1,0,148,142,32250,14,0,0,14,7
2020-05-20,US,Indiana,Crawford,22,0,0,38.28814402,-86.44518825,18025.0,22,22,0,0,22,22,10558,0,0,0,0,0
2020-05-20,US,Indiana,Daviess,71,15,0,38.70186039,-87.07185406,18027.0,56,71,15,0,56,71,33147,0,0,0,0,0
2020-05-20,US,Indiana,DeKalb,26,1,0,41.39804622,-84.99906934,18033.0,25,26,1,0,25,25,43226,0,0,0,0,1
2020-05-20,US,Indiana,Dearborn,158,21,0,39.14647946,-84.97333539,18029.0,137,158,19,0,139,158,49568,0,2,0,-2,0
2020-05-20,US,Indiana,Decatur,220,31,0,39.30712658,-85.50087166,18031.0,189,220,31,0,189,220,26794,0,0,0,0,0
2020-05-20,US,Indiana,Delaware,297,24,0,40.22787247,-85.39732772,18035.0,273,297,23,0,274,296,114772,0,1,0,-1,1
2020-05-20,US,Indiana,Dubois,162,2,0,38.36597551,-86.87924170000002,18037.0,160,162,2,0,160,161,42565,0,0,0,0,1
2020-05-20,US,Indiana,Elkhart,777,26,0,41.59761169,-85.85875695,18039.0,751,733,24,0,709,687,205560,44,2,0,42,46
2020-05-20,US,Indiana,Fayette,43,4,0,39.63684962,-85.17797541,18041.0,39,42,4,0,38,42,23047,1,0,0,1,0
2020-05-20,US,Indiana,Floyd,306,38,0,38.32117957,-85.90385377,18043.0,268,304,38,0,266,301,77781,2,0,0,2,3
2020-05-20,US,Indiana,Fountain,18,2,0,40.12361933,-87.24217689,18045.0,16,18,2,0,16,18,16351,0,0,0,0,0
2020-05-20,US,Indiana,Franklin,106,7,0,39.4142482,-85.06062647,18047.0,99,106,7,0,99,106,22736,0,0,0,0,0
2020-05-20,US,Indiana,Fulton,47,1,0,41.0469907,-86.26252745,18049.0,46,45,1,0,44,44,20092,2,0,0,2,1
2020-05-20,US,Indiana,Gibson,11,0,0,38.30393723,-87.58054938,18051.0,11,10,0,0,10,10,33452,1,0,0,1,0
2020-05-20,US,Indiana,Grant,168,20,0,40.51587228,-85.65468702,18053.0,148,167,19,0,148,166,65936,1,1,0,0,1
2020-05-20,US,Indiana,Greene,162,21,0,39.03630547,-86.96223202,18055.0,141,161,21,0,140,160,32006,1,0,0,1,1
2020-05-20,US,Indiana,Hamilton,1054,91,0,40.07306535,-86.05244729,18057.0,963,1042,92,0,950,1033,330086,12,-1,0,13,9
2020-05-20,US,Indiana,Hancock,303,26,0,39.82304555,-85.77566351,18059.0,277,301,24,0,277,292,76351,2,2,0,0,9
2020-05-20,US,Indiana,Harrison,175,19,0,38.19467379,-86.10948271,18061.0,156,174,18,0,156,173,40350,1,1,0,0,1
2020-05-20,US,Indiana,Hendricks,1060,61,0,39.76719009,-86.51037283,18063.0,999,1050,61,0,989,1039,167009,10,0,0,10,11
2020-05-20,US,Indiana,Henry,139,4,0,39.93029017,-85.39625719,18065.0,135,137,4,0,133,128,48271,2,0,0,2,9
2020-05-20,US,Indiana,Howard,331,17,0,40.48527731,-86.11351892,18067.0,314,303,14,0,289,297,82366,28,3,0,25,6
2020-05-20,US,Indiana,Huntington,20,2,0,40.82907273,-85.48822092,18069.0,18,20,2,0,18,21,36240,0,0,0,0,-1
2020-05-20,US,Indiana,Jackson,338,1,0,38.90915820000001,-86.03851889,18071.0,337,336,1,0,335,332,44111,2,0,0,2,4
2020-05-20,US,Indiana,Jasper,48,1,0,41.02078733,-87.11553319,18073.0,47,42,1,0,41,43,33370,6,0,0,6,-1
2020-05-20,US,Indiana,Jay,32,0,0,40.43781032,-85.00576229,18075.0,32,32,0,0,32,32,20764,0,0,0,0,0
2020-05-20,US,Indiana,Jefferson,41,1,0,38.78576239,-85.43633383,18077.0,40,40,1,0,39,39,32208,1,0,0,1,1
2020-05-20,US,Indiana,Jennings,121,4,0,38.99588883,-85.62710784,18079.0,117,117,4,0,113,116,27611,4,0,0,4,1
2020-05-20,US,Indiana,Johnson,1029,99,0,39.48994426,-86.10149107,18081.0,930,1016,97,0,919,1002,156225,13,2,0,11,14
2020-05-20,US,Indiana,Knox,23,0,0,38.68861576,-87.4194665,18083.0,23,22,0,0,22,22,36895,1,0,0,1,0
2020-05-20,US,Indiana,Kosciusko,60,1,0,41.24521668,-85.86312322,18085.0,59,60,1,0,59,58,79344,0,0,0,0,2
2020-05-20,US,Indiana,LaGrange,56,2,0,41.64232188,-85.42674232,18087.0,54,52,2,0,50,50,39330,4,0,0,4,2
2020-05-20,US,Indiana,LaPorte,365,16,0,41.54366008,-86.74072188,18091.0,349,360,16,0,344,360,110007,5,0,0,5,0
2020-05-20,US,Indiana,Lake,3024,149,0,41.41874274,-87.38277575,18089.0,2875,2946,144,0,2802,2886,484411,78,5,0,73,60
2020-05-20,US,Indiana,Lawrence,140,21,0,38.84112637,-86.48361629,18093.0,119,141,22,0,119,139,45668,-1,-1,0,0,2
2020-05-20,US,Indiana,Madison,568,57,0,40.16143691,-85.71964711,18095.0,511,553,57,0,496,551,129641,15,0,0,15,2
2020-05-20,US,Indiana,Marion,8656,505,0,39.78163624,-86.13826325,18097.0,8151,8541,497,0,8044,8406,954670,115,8,0,107,135
2020-05-20,US,Indiana,Marshall,50,1,0,41.32467367,-86.26185087,18099.0,49,44,1,0,43,42,46248,6,0,0,6,2
2020-05-20,US,Indiana,Martin,8,0,0,38.7099921,-86.80373186,18101.0,8,8,0,0,8,8,10217,0,0,0,0,0
2020-05-20,US,Indiana,Miami,132,1,0,40.76940965,-86.04525048,18103.0,131,130,1,0,129,130,35567,2,0,0,2,0
2020-05-20,US,Indiana,Monroe,154,10,0,39.16130004,-86.52414358,18105.0,144,152,9,0,143,149,146917,2,1,0,1,3
2020-05-20,US,Indiana,Montgomery,191,14,0,40.04034823,-86.89335024,18107.0,177,187,13,0,174,173,38346,4,1,0,3,14
2020-05-20,US,Indiana,Morgan,250,21,0,39.47899078,-86.44573375,18109.0,229,250,21,0,229,247,70116,0,0,0,0,3
2020-05-20,US,Indiana,Newton,71,9,0,40.95610449,-87.39635768,18111.0,62,71,9,0,62,71,14011,0,0,0,0,0
2020-05-20,US,Indiana,Noble,155,20,0,41.39672484,-85.41966713,18113.0,135,152,20,0,132,152,47532,3,0,0,3,0
2020-05-20,US,Indiana,Ohio,13,0,0,38.955304999999996,-84.96515993,18115.0,13,13,0,0,13,13,5844,0,0,0,0,0
2020-05-20,US,Indiana,Orange,122,19,0,38.54118920000001,-86.49523093,18117.0,103,122,19,0,103,122,19489,0,0,0,0,0
2020-05-20,US,Indiana,Owen,28,1,0,39.31145587,-86.83900724,18119.0,27,27,1,0,26,27,20845,1,0,0,1,0
2020-05-20,US,Indiana,Parke,17,0,0,39.77202286,-87.20375833,18121.0,17,17,0,0,17,18,16927,0,0,0,0,-1
2020-05-20,US,Indiana,Perry,20,0,0,38.07809328,-86.63741946,18123.0,20,20,0,0,20,19,19102,0,0,0,0,1
2020-05-20,US,Indiana,Pike,5,0,0,38.40112197,-87.23574907,18125.0,5,5,0,0,5,5,12410,0,0,0,0,0
2020-05-20,US,Indiana,Porter,421,15,0,41.45986947,-87.06848888,18127.0,406,412,13,0,399,405,169594,9,2,0,7,7
2020-05-20,US,Indiana,Posey,16,0,0,38.02097333,-87.86480429,18129.0,16,16,0,0,16,16,25540,0,0,0,0,0
2020-05-20,US,Indiana,Pulaski,38,0,0,41.04166107,-86.69890683,18131.0,38,35,0,0,35,35,12469,3,0,0,3,0
2020-05-20,US,Indiana,Putnam,126,6,0,39.66437981,-86.84517605,18133.0,120,123,6,0,117,120,37779,3,0,0,3,3
2020-05-20,US,Indiana,Randolph,30,3,0,40.15734772,-85.01139319,18135.0,27,30,3,0,27,32,24851,0,0,0,0,-2
2020-05-20,US,Indiana,Ripley,107,6,0,39.10235626,-85.26212744,18137.0,101,107,6,0,101,108,28523,0,0,0,0,-1
2020-05-20,US,Indiana,Rush,42,2,0,39.62002287,-85.4655599,18139.0,40,42,2,0,40,42,16663,0,0,0,0,0
2020-05-20,US,Indiana,Scott,101,3,0,38.68672078,-85.74627859,18143.0,98,98,2,0,96,97,23878,3,1,0,2,1
2020-05-20,US,Indiana,Shelby,302,20,0,39.52305623,-85.79158570000001,18145.0,282,298,20,0,278,297,44593,4,0,0,4,1
2020-05-20,US,Indiana,Spencer,13,1,0,38.01519732,-87.0079644,18147.0,12,12,1,0,11,12,20327,1,0,0,1,0
2020-05-20,US,Indiana,St. Joseph,1054,31,0,41.61756781,-86.29040834,18141.0,1023,1014,30,0,984,984,270771,40,1,0,39,30
2020-05-20,US,Indiana,Starke,28,3,0,41.27890281,-86.64686895,18149.0,25,27,2,0,25,28,22935,1,1,0,0,-1
2020-05-20,US,Indiana,Steuben,71,2,0,41.64423868,-85.00101094,18151.0,69,69,2,0,67,67,34586,2,0,0,2,2
2020-05-20,US,Indiana,Sullivan,29,1,0,39.08952258,-87.41414469,18153.0,28,28,0,0,28,28,20690,1,1,0,0,0
2020-05-20,US,Indiana,Switzerland,18,0,0,38.82767338,-85.03022429,18155.0,18,18,0,0,18,17,10717,0,0,0,0,1
2020-05-20,US,Indiana,Tippecanoe,331,3,0,40.38872739,-86.89413959,18157.0,328,313,2,0,311,307,193048,18,1,0,17,6
2020-05-20,US,Indiana,Tipton,21,1,0,40.31123252,-86.05234925,18159.0,20,21,1,0,20,21,15128,0,0,0,0,0
2020-05-20,US,Indiana,Unassigned,0,148,0,0.0,0.0,90018.0,-148,0,146,0,-146,0,,0,2,0,-2,0
2020-05-20,US,Indiana,Union,8,0,0,39.62550777,-84.92497066,18161.0,8,8,0,0,8,8,7037,0,0,0,0,0
2020-05-20,US,Indiana,Vanderburgh,225,2,0,38.02658833,-87.58763124,18163.0,223,223,3,0,220,219,180974,2,-1,0,3,4
2020-05-20,US,Indiana,Vermillion,8,0,0,39.8523352,-87.46160542,18165.0,8,7,0,0,7,7,15479,1,0,0,1,0
2020-05-20,US,Indiana,Vigo,126,7,0,39.42944561,-87.39169027,18167.0,119,119,6,0,113,118,107386,7,1,0,6,1
2020-05-20,US,Indiana,Wabash,71,2,0,40.84704239,-85.79328272,18169.0,69,71,2,0,69,71,31280,0,0,0,0,0
2020-05-20,US,Indiana,Warren,12,1,0,40.34728141,-87.35602659,18171.0,11,12,1,0,11,12,8263,0,0,0,0,0
2020-05-20,US,Indiana,Warrick,154,26,0,38.08922676,-87.2716085,18173.0,128,151,25,0,126,151,62567,3,1,0,2,0
2020-05-20,US,Indiana,Washington,52,1,0,38.60219804,-86.1049363,18175.0,51,50,1,0,49,50,27943,2,0,0,2,0
2020-05-20,US,Indiana,Wayne,63,5,0,39.863344399999995,-85.01044989,18177.0,58,62,5,0,57,61,65936,1,0,0,1,1
2020-05-20,US,Indiana,Wells,20,0,0,40.72934187,-85.22132966,18179.0,20,18,0,0,18,16,28206,2,0,0,2,2
2020-05-20,US,Indiana,White,188,7,0,40.74911165,-86.86492015,18181.0,181,186,5,0,181,183,24133,2,2,0,0,3
2020-05-20,US,Indiana,Whitley,28,2,0,41.13863784,-85.50791236,18183.0,26,27,2,0,25,28,34074,1,0,0,1,-1
2020-05-20,US,Iowa,Adair,6,0,0,41.33075609,-94.47105874,19001.0,6,6,0,0,6,6,7063,0,0,0,0,0
2020-05-20,US,Iowa,Adams,2,0,0,41.02903567,-94.69932645,19003.0,2,1,0,0,1,1,3645,1,0,0,1,0
2020-05-20,US,Iowa,Allamakee,116,4,0,43.28383218,-91.37860922,19005.0,112,115,4,0,111,114,13832,1,0,0,1,1
2020-05-20,US,Iowa,Appanoose,8,3,0,40.74324454,-92.86865906,19007.0,5,8,3,0,5,8,12437,0,0,0,0,0
2020-05-20,US,Iowa,Audubon,11,1,0,41.6844628,-94.90581859,19009.0,10,11,1,0,10,11,5506,0,0,0,0,0
2020-05-20,US,Iowa,Benton,36,1,0,42.08011739,-92.06463573,19011.0,35,36,1,0,35,36,25642,0,0,0,0,0
2020-05-20,US,Iowa,Black Hawk,1636,36,0,42.4704581,-92.30524729,19013.0,1600,1628,31,0,1597,1603,132408,8,5,0,3,25
2020-05-20,US,Iowa,Boone,49,0,0,42.03657094,-93.9313999,19015.0,49,46,0,0,46,42,26346,3,0,0,3,4
2020-05-20,US,Iowa,Bremer,65,5,0,42.77461496,-92.31795937,19017.0,60,65,5,0,60,64,24947,0,0,0,0,1
2020-05-20,US,Iowa,Buchanan,29,0,0,42.4709188,-91.83510825,19019.0,29,26,0,0,26,26,21199,3,0,0,3,0
2020-05-20,US,Iowa,Buena Vista,124,0,0,42.73545875,-95.15100162,19021.0,124,117,0,0,117,113,19874,7,0,0,7,4
2020-05-20,US,Iowa,Butler,14,0,0,42.73172833,-92.79015971,19023.0,14,14,0,0,14,14,14539,0,0,0,0,0
2020-05-20,US,Iowa,Calhoun,2,0,0,42.38521079,-94.64046046,19025.0,2,2,0,0,2,1,9699,0,0,0,0,1
2020-05-20,US,Iowa,Carroll,7,0,0,42.03617207,-94.86032705,19027.0,7,7,0,0,7,8,20154,0,0,0,0,-1
2020-05-20,US,Iowa,Cass,3,0,0,41.33149454,-94.92792482,19029.0,3,2,0,0,2,2,12930,1,0,0,1,0
2020-05-20,US,Iowa,Cedar,41,1,0,41.77233777,-91.13246684,19031.0,40,43,1,0,42,42,18627,-2,0,0,-2,1
2020-05-20,US,Iowa,Cerro Gordo,20,0,0,43.08177563,-93.2612239,19033.0,20,17,0,0,17,18,42647,3,0,0,3,-1
2020-05-20,US,Iowa,Cherokee,10,0,0,42.73538914,-95.62389402,19035.0,10,9,0,0,9,9,11321,1,0,0,1,0
2020-05-20,US,Iowa,Chickasaw,8,0,0,43.06001295,-92.31773347,19037.0,8,7,0,0,7,7,11964,1,0,0,1,0
2020-05-20,US,Iowa,Clarke,23,0,0,41.02868181,-93.78499767,19039.0,23,23,0,0,23,18,9423,0,0,0,0,5
2020-05-20,US,Iowa,Clay,9,0,0,43.08247182,-95.15096481,19041.0,9,9,0,0,9,9,16134,0,0,0,0,0
2020-05-20,US,Iowa,Clayton,30,3,0,42.84443388,-91.34133693,19043.0,27,30,3,0,27,30,17556,0,0,0,0,0
2020-05-20,US,Iowa,Clinton,61,1,0,41.89981633,-90.53275096,19045.0,60,61,1,0,60,61,46518,0,0,0,0,0
2020-05-20,US,Iowa,Crawford,410,1,0,42.03718237,-95.3819718,19047.0,409,394,1,0,393,384,17158,16,0,0,16,10
2020-05-20,US,Iowa,Dallas,802,11,0,41.68560356,-94.04127625,19049.0,791,795,11,0,784,788,90180,7,0,0,7,7
2020-05-20,US,Iowa,Davis,13,0,0,40.74773536,-92.41005468,19051.0,13,13,0,0,13,13,9017,0,0,0,0,0
2020-05-20,US,Iowa,Delaware,13,0,0,42.47104597,-91.3664492,19055.0,13,12,0,0,12,12,17069,1,0,0,1,0
2020-05-20,US,Iowa,Des Moines,43,1,0,40.92012606,-91.18326592,19057.0,42,39,1,0,38,39,39138,4,0,0,4,0
2020-05-20,US,Iowa,Dickinson,8,0,0,43.37787725,-95.1510206,19059.0,8,7,0,0,7,6,17153,1,0,0,1,1
2020-05-20,US,Iowa,Dubuque,296,13,0,42.46815349,-90.88181925,19061.0,283,286,10,0,276,276,96854,10,3,0,7,10
2020-05-20,US,Iowa,Emmet,6,0,0,43.37782951,-94.67858943,19063.0,6,2,0,0,2,1,9253,4,0,0,4,1
2020-05-20,US,Iowa,Fayette,25,0,0,42.86271799,-91.84412309999999,19065.0,25,25,0,0,25,25,19660,0,0,0,0,0
2020-05-20,US,Iowa,Floyd,11,1,0,43.06000529999999,-92.78940097,19067.0,10,11,1,0,10,11,15761,0,0,0,0,0
2020-05-20,US,Iowa,Franklin,7,0,0,42.73270384,-93.26256925,19069.0,7,7,0,0,7,7,10124,0,0,0,0,0
2020-05-20,US,Iowa,Fremont,4,0,0,40.74542720000001,-95.60129045,19071.0,4,4,0,0,4,3,6993,0,0,0,0,1
2020-05-20,US,Iowa,Greene,13,0,0,42.03614551,-94.39658081,19073.0,13,13,0,0,13,13,8981,0,0,0,0,0
2020-05-20,US,Iowa,Grundy,17,0,0,42.40183723,-92.78829551,19075.0,17,17,0,0,17,17,12304,0,0,0,0,0
2020-05-20,US,Iowa,Guthrie,40,3,0,41.68378965,-94.50111014,19077.0,37,40,3,0,37,38,10720,0,0,0,0,2
2020-05-20,US,Iowa,Hamilton,12,0,0,42.38382428,-93.70197703,19079.0,12,11,0,0,11,11,14952,1,0,0,1,0
2020-05-20,US,Iowa,Hancock,7,0,0,43.08178477,-93.73454884,19081.0,7,5,0,0,5,5,10712,2,0,0,2,0
2020-05-20,US,Iowa,Hardin,13,0,0,42.38353877,-93.23654611,19083.0,13,12,0,0,12,12,16868,1,0,0,1,0
2020-05-20,US,Iowa,Harrison,18,0,0,41.68330137,-95.81558439,19085.0,18,18,0,0,18,18,14134,0,0,0,0,0
2020-05-20,US,Iowa,Henry,49,1,0,40.98767962,-91.54436349,19087.0,48,47,1,0,46,46,20067,2,0,0,2,1
2020-05-20,US,Iowa,Howard,12,0,0,43.35671042,-92.31702714,19089.0,12,12,0,0,12,12,9187,0,0,0,0,0
2020-05-20,US,Iowa,Humboldt,7,0,0,42.7764426,-94.20722537,19091.0,7,7,0,0,7,7,9547,0,0,0,0,0
2020-05-20,US,Iowa,Ida,8,0,0,42.38696136,-95.51355387,19093.0,8,8,0,0,8,7,6841,0,0,0,0,1
2020-05-20,US,Iowa,Iowa,31,0,0,41.68630265,-92.0643373,19095.0,31,30,0,0,30,29,16141,1,0,0,1,1
2020-05-20,US,Iowa,Jackson,8,0,0,42.17178824,-90.57354837,19097.0,8,8,0,0,8,8,19432,0,0,0,0,0
2020-05-20,US,Iowa,Jasper,250,14,0,41.68576082,-93.05567785,19099.0,236,250,14,0,236,249,37147,0,0,0,0,1
2020-05-20,US,Iowa,Jefferson,13,0,0,41.03192394,-91.94849466,19101.0,13,12,0,0,12,12,18381,1,0,0,1,0
2020-05-20,US,Iowa,Johnson,579,7,0,41.67169354,-91.58754744,19103.0,572,574,7,0,567,574,151260,5,0,0,5,0
2020-05-20,US,Iowa,Jones,36,0,0,42.12118609,-91.13139641,19105.0,36,36,0,0,36,36,20744,0,0,0,0,0
2020-05-20,US,Iowa,Keokuk,13,0,0,41.33649833,-92.1785067,19107.0,13,12,0,0,12,11,10225,1,0,0,1,1
2020-05-20,US,Iowa,Kossuth,7,0,0,43.20405458,-94.20691791,19109.0,7,4,0,0,4,5,14908,3,0,0,3,-1
2020-05-20,US,Iowa,Lee,20,0,0,40.64181461,-91.48183025,19111.0,20,20,0,0,20,19,34055,0,0,0,0,1
2020-05-20,US,Iowa,Linn,902,73,0,42.07923082,-91.59809485,19113.0,829,899,73,0,826,899,225909,3,0,0,3,0
2020-05-20,US,Iowa,Louisa,322,6,0,41.21842119,-91.26102611,19115.0,316,315,4,0,311,310,11169,7,2,0,5,5
2020-05-20,US,Iowa,Lucas,3,0,0,41.02958964,-93.32780803,19117.0,3,2,0,0,2,1,8645,1,0,0,1,1
2020-05-20,US,Iowa,Lyon,19,0,0,43.38107862,-96.20926845,19119.0,19,19,0,0,19,19,11811,0,0,0,0,0
2020-05-20,US,Iowa,Madison,20,1,0,41.33081904,-94.01554631,19121.0,19,16,1,0,15,16,16249,4,0,0,4,0
2020-05-20,US,Iowa,Mahaska,45,2,0,41.33521503,-92.64083907,19123.0,43,37,1,0,36,29,22000,8,1,0,7,8
2020-05-20,US,Iowa,Marion,24,0,0,41.33445101,-93.09934783,19125.0,24,22,0,0,22,22,33407,2,0,0,2,0
2020-05-20,US,Iowa,Marshall,827,7,0,42.03586837,-92.99908190000001,19127.0,820,817,7,0,810,804,39981,10,0,0,10,13
2020-05-20,US,Iowa,Mills,13,0,0,41.03299766,-95.61920963,19129.0,13,12,0,0,12,12,15063,1,0,0,1,0
2020-05-20,US,Iowa,Mitchell,4,0,0,43.35638371,-92.78887719,19131.0,4,4,0,0,4,4,10569,0,0,0,0,0
2020-05-20,US,Iowa,Monona,18,0,0,42.05220391,-95.95743843,19133.0,18,16,0,0,16,15,8679,2,0,0,2,1
2020-05-20,US,Iowa,Monroe,22,2,0,41.02988815,-92.8690667,19135.0,20,22,1,0,21,22,7790,0,1,0,-1,0
2020-05-20,US,Iowa,Montgomery,5,0,0,41.03018714,-95.15642896,19137.0,5,5,0,0,5,5,10003,0,0,0,0,0
2020-05-20,US,Iowa,Muscatine,535,35,0,41.48370744,-91.11216970000001,19139.0,500,531,33,0,498,532,42929,4,2,0,2,-1
2020-05-20,US,Iowa,O'Brien,21,0,0,43.08310673,-95.62474482,19141.0,21,21,0,0,21,22,13840,0,0,0,0,-1
2020-05-20,US,Iowa,Osceola,29,0,0,43.37824276,-95.62422844,19143.0,29,28,0,0,28,27,6040,1,0,0,1,1
2020-05-20,US,Iowa,Page,10,0,0,40.7393172,-95.1497813,19145.0,10,10,0,0,10,10,15249,0,0,0,0,0
2020-05-20,US,Iowa,Palo Alto,2,0,0,43.08193849,-94.67824621,19147.0,2,2,0,0,2,2,8929,0,0,0,0,0
2020-05-20,US,Iowa,Plymouth,89,0,0,42.737633,-96.21366621,19149.0,89,89,0,0,89,86,25095,0,0,0,0,3
2020-05-20,US,Iowa,Pocahontas,3,0,0,42.73420133,-94.67862564,19151.0,3,3,0,0,3,3,6740,0,0,0,0,0
2020-05-20,US,Iowa,Polk,3230,86,0,41.68679484,-93.57767461,19153.0,3144,3128,83,0,3045,3001,487204,102,3,0,99,127
2020-05-20,US,Iowa,Pottawattamie,175,3,0,41.33640314,-95.53907776,19155.0,172,174,2,0,172,170,93533,1,1,0,0,4
2020-05-20,US,Iowa,Poweshiek,88,8,0,41.68625425,-92.53155731,19157.0,80,87,8,0,79,86,18699,1,0,0,1,1
2020-05-20,US,Iowa,Ringgold,1,0,0,40.73518949,-94.24368535,19159.0,1,1,0,0,1,,4968,0,0,0,0,
2020-05-20,US,Iowa,Sac,7,0,0,42.38624071,-95.10547892,19161.0,7,6,0,0,6,5,9719,1,0,0,1,1
2020-05-20,US,Iowa,Scott,313,8,0,41.63935978,-90.61959493,19163.0,305,309,8,0,301,309,173283,4,0,0,4,0
2020-05-20,US,Iowa,Shelby,24,0,0,41.6850066,-95.31015553,19165.0,24,24,0,0,24,23,11578,0,0,0,0,1
2020-05-20,US,Iowa,Sioux,159,0,0,43.08221074,-96.17675679999999,19167.0,159,146,0,0,146,139,34909,13,0,0,13,7
2020-05-20,US,Iowa,Story,82,1,0,42.03621213,-93.46499005,19169.0,81,81,1,0,80,79,98105,1,0,0,1,2
2020-05-20,US,Iowa,Tama,368,21,0,42.07991767,-92.53266945,19171.0,347,362,18,0,344,358,16904,6,3,0,3,4
2020-05-20,US,Iowa,Taylor,4,0,0,40.73710579,-94.69778563,19173.0,4,3,0,0,3,2,6191,1,0,0,1,1
2020-05-20,US,Iowa,Unassigned,8,0,0,0.0,0.0,90019.0,8,5,0,0,5,9,,3,0,0,3,-4
2020-05-20,US,Iowa,Union,4,0,0,41.0277278,-94.24234847,19175.0,4,2,0,0,2,2,12359,2,0,0,2,0
2020-05-20,US,Iowa,Van Buren,8,0,0,40.75326764,-91.95017958,19177.0,8,8,0,0,8,8,7020,0,0,0,0,0
2020-05-20,US,Iowa,Wapello,417,3,0,41.03064984,-92.40954728,19179.0,414,405,2,0,403,396,35205,12,1,0,11,9
2020-05-20,US,Iowa,Warren,87,0,0,41.33559454,-93.56007641,19181.0,87,87,0,0,87,77,51056,0,0,0,0,10
2020-05-20,US,Iowa,Washington,173,8,0,41.33577126,-91.71725711,19183.0,165,173,8,0,165,172,22141,0,0,0,0,1
2020-05-20,US,Iowa,Wayne,1,0,0,40.73969028,-93.32752197,19185.0,1,1,0,0,1,1,6401,0,0,0,0,0
2020-05-20,US,Iowa,Webster,19,1,0,42.42853483,-94.17987389,19187.0,18,13,1,0,12,13,36277,6,0,0,6,0
2020-05-20,US,Iowa,Winnebago,8,0,0,43.37751174,-93.73407298,19189.0,8,7,0,0,7,7,10518,1,0,0,1,0
2020-05-20,US,Iowa,Winneshiek,20,0,0,43.29094334,-91.84422722,19191.0,20,21,0,0,21,20,20029,-1,0,0,-1,1
2020-05-20,US,Iowa,Woodbury,2362,21,0,42.38979414,-96.0459439,19193.0,2341,2342,17,0,2325,2278,102539,20,4,0,16,64
2020-05-20,US,Iowa,Worth,3,0,0,43.37750768,-93.26087602,19195.0,3,3,0,0,3,3,7453,0,0,0,0,0
2020-05-20,US,Iowa,Wright,45,0,0,42.73305373,-93.73515113,19197.0,45,24,0,0,24,20,12690,21,0,0,21,4
2020-05-20,US,Kansas,Anderson,1,0,0,38.21413251,-95.29272815,20003.0,1,1,0,0,1,1,7878,0,0,0,0,0
2020-05-20,US,Kansas,Atchison,17,0,0,39.53185661,-95.30870026,20005.0,17,15,0,0,15,15,16193,2,0,0,2,0
2020-05-20,US,Kansas,Barber,1,0,0,37.2288586,-98.68460053,20007.0,1,1,0,0,1,1,4472,0,0,0,0,0
2020-05-20,US,Kansas,Barton,31,1,0,38.47889676,-98.75636726,20009.0,30,31,1,0,30,31,26111,0,0,0,0,0
2020-05-20,US,Kansas,Bourbon,6,1,0,37.85508555,-94.84865997,20011.0,5,6,1,0,5,6,14653,0,0,0,0,0
2020-05-20,US,Kansas,Brown,5,0,0,39.82652589,-95.56421698,20013.0,5,5,0,0,5,5,9598,0,0,0,0,0
2020-05-20,US,Kansas,Butler,18,0,0,37.78134351,-96.83878537,20015.0,18,18,0,0,18,18,66765,0,0,0,0,0
2020-05-20,US,Kansas,Chase,3,0,0,38.30292938,-96.59563862,20017.0,3,3,0,0,3,3,2629,0,0,0,0,0
2020-05-20,US,Kansas,Chautauqua,4,0,0,37.14994405,-96.2454192,20019.0,4,4,0,0,4,4,3309,0,0,0,0,0
2020-05-20,US,Kansas,Cherokee,8,0,0,37.16928494,-94.8462897,20021.0,8,8,0,0,8,8,20015,0,0,0,0,0
2020-05-20,US,Kansas,Cheyenne,2,0,0,39.78580976,-101.7318201,20023.0,2,2,0,0,2,2,2660,0,0,0,0,0
2020-05-20,US,Kansas,Clark,21,1,0,37.23577007,-99.81883015,20025.0,20,21,1,0,20,21,2005,0,0,0,0,0
2020-05-20,US,Kansas,Clay,5,1,0,39.34948772,-97.16518128,20027.0,4,5,1,0,4,5,7997,0,0,0,0,0
2020-05-20,US,Kansas,Cloud,4,0,0,39.48028352,-97.64925343,20029.0,4,4,0,0,4,4,8729,0,0,0,0,0
2020-05-20,US,Kansas,Coffey,50,8,0,38.2365018,-95.73379515,20031.0,42,50,8,0,42,50,8233,0,0,0,0,0
2020-05-20,US,Kansas,Cowley,4,1,0,37.23781842,-96.83776647,20035.0,3,4,1,0,3,4,35218,0,0,0,0,0
2020-05-20,US,Kansas,Crawford,8,1,0,37.50675523,-94.85245778,20037.0,7,8,1,0,7,8,39019,0,0,0,0,0
2020-05-20,US,Kansas,Dickinson,2,0,0,38.86600962,-97.15532383,20041.0,2,2,0,0,2,2,18717,0,0,0,0,0
2020-05-20,US,Kansas,Doniphan,9,0,0,39.79067154,-95.14056866,20043.0,9,9,0,0,9,9,7682,0,0,0,0,0
2020-05-20,US,Kansas,Douglas,62,0,0,38.88503636,-95.2925121,20045.0,62,62,0,0,62,60,121436,0,0,0,0,2
2020-05-20,US,Kansas,Edwards,5,0,0,37.88735543,-99.31263309,20047.0,5,5,0,0,5,5,2849,0,0,0,0,0
2020-05-20,US,Kansas,Ellis,8,0,0,38.91458712,-99.31751551,20051.0,8,8,0,0,8,8,28710,0,0,0,0,0
2020-05-20,US,Kansas,Ellsworth,2,0,0,38.69677695,-98.20462799,20053.0,2,2,0,0,2,2,6196,0,0,0,0,0
2020-05-20,US,Kansas,Finney,1363,6,0,38.04340344,-100.73819379999999,20055.0,1357,1331,6,0,1325,1316,36611,32,0,0,32,15
2020-05-20,US,Kansas,Ford,1437,8,0,37.69200114,-99.88825298,20057.0,1429,1411,8,0,1403,1400,33888,26,0,0,26,11
2020-05-20,US,Kansas,Franklin,32,0,0,38.56443815,-95.28644341,20059.0,32,32,0,0,32,32,25631,0,0,0,0,0
2020-05-20,US,Kansas,Geary,15,0,0,38.99871131,-96.7577178,20061.0,15,14,0,0,14,14,32594,1,0,0,1,0
2020-05-20,US,Kansas,Gove,1,0,0,38.91588178,-100.4829321,20063.0,1,1,0,0,1,1,2612,0,0,0,0,0
2020-05-20,US,Kansas,Grant,18,0,0,37.56227336,-101.3079758,20067.0,18,18,0,0,18,17,7336,0,0,0,0,1
2020-05-20,US,Kansas,Gray,16,0,0,37.73836671,-100.4369088,20069.0,16,15,0,0,15,15,6033,1,0,0,1,0
2020-05-20,US,Kansas,Greenwood,3,0,0,37.8774388,-96.23250453,20073.0,3,3,0,0,3,3,6055,0,0,0,0,0
2020-05-20,US,Kansas,Hamilton,10,0,0,37.99978709,-101.7921066,20075.0,10,9,0,0,9,9,2607,1,0,0,1,0
2020-05-20,US,Kansas,Harper,1,0,0,37.19175361,-98.07578384,20077.0,1,1,0,0,1,1,5506,0,0,0,0,0
2020-05-20,US,Kansas,Harvey,11,0,0,38.04293782,-97.42747573,20079.0,11,11,0,0,11,11,34210,0,0,0,0,0
2020-05-20,US,Kansas,Haskell,15,0,0,37.562039399999996,-100.8710738,20081.0,15,16,0,0,16,16,3997,-1,0,0,-1,0
2020-05-20,US,Kansas,Jackson,33,0,0,39.41673394,-95.79356799,20085.0,33,32,0,0,32,31,13280,1,0,0,1,1
2020-05-20,US,Kansas,Jefferson,21,0,0,39.2347941,-95.38289232,20087.0,21,20,0,0,20,20,18975,1,0,0,1,0
2020-05-20,US,Kansas,Jewell,4,0,0,39.78470589,-98.21820662,20089.0,4,4,0,0,4,4,2841,0,0,0,0,0
2020-05-20,US,Kansas,Johnson,669,58,0,38.88548175,-94.82250877,20091.0,611,657,57,0,600,655,597555,12,1,0,11,2
2020-05-20,US,Kansas,Kearny,40,1,0,38.00017981,-101.32168100000001,20093.0,39,40,1,0,39,40,3943,0,0,0,0,0
2020-05-20,US,Kansas,Kiowa,2,0,0,37.55848695,-99.2856537,20097.0,2,2,0,0,2,2,2516,0,0,0,0,0
2020-05-20,US,Kansas,Labette,22,0,0,37.19113093,-95.29849679,20099.0,22,22,0,0,22,23,19964,0,0,0,0,-1
2020-05-20,US,Kansas,Lane,1,0,0,38.48119447,-100.46607540000001,20101.0,1,,,,,,1560,,,,,
2020-05-20,US,Kansas,Leavenworth,1058,7,0,39.20183497,-95.03620809,20103.0,1051,1053,7,0,1046,1052,81352,5,0,0,5,1
2020-05-20,US,Kansas,Linn,7,0,0,38.21267844,-94.84254089,20107.0,7,7,0,0,7,6,9750,0,0,0,0,1
2020-05-20,US,Kansas,Lyon,317,3,0,38.45576156,-96.15275715,20111.0,314,317,3,0,314,312,33406,0,0,0,0,5
2020-05-20,US,Kansas,Marion,5,1,0,38.35855394,-97.09852509999999,20115.0,4,5,1,0,4,5,11950,0,0,0,0,0
2020-05-20,US,Kansas,McPherson,27,0,0,38.39184858,-97.64769869,20113.0,27,26,0,0,26,26,28537,1,0,0,1,0
2020-05-20,US,Kansas,Meade,22,0,0,37.23859987,-100.36483100000001,20119.0,22,22,0,0,22,22,4146,0,0,0,0,0
2020-05-20,US,Kansas,Miami,6,0,0,38.56383358,-94.83832189,20121.0,6,6,0,0,6,6,33680,0,0,0,0,0
2020-05-20,US,Kansas,Mitchell,3,0,0,39.39331582,-98.20906732,20123.0,3,3,0,0,3,3,6150,0,0,0,0,0
2020-05-20,US,Kansas,Montgomery,20,2,0,37.19236568,-95.74329258,20125.0,18,20,2,0,18,20,32120,0,0,0,0,0
2020-05-20,US,Kansas,Morris,3,0,0,38.68827511,-96.65128437,20127.0,3,3,0,0,3,3,5521,0,0,0,0,0
2020-05-20,US,Kansas,Morton,4,0,0,37.19141121,-101.79925190000002,20129.0,4,4,0,0,4,4,2667,0,0,0,0,0
2020-05-20,US,Kansas,Nemaha,8,0,0,39.78345387,-96.01392079,20131.0,8,4,0,0,4,3,10155,4,0,0,4,1
2020-05-20,US,Kansas,Neosho,2,0,0,37.55862897,-95.30670046,20133.0,2,2,0,0,2,2,15951,0,0,0,0,0
2020-05-20,US,Kansas,Ness,1,0,0,38.47974157,-99.91547333,20135.0,1,1,0,0,1,1,2840,0,0,0,0,0
2020-05-20,US,Kansas,Norton,2,0,0,39.78443827,-99.90286639,20137.0,2,2,0,0,2,2,5430,0,0,0,0,0
2020-05-20,US,Kansas,Osage,7,0,0,38.65235984,-95.72707998,20139.0,7,7,0,0,7,7,15941,0,0,0,0,0
2020-05-20,US,Kansas,Osborne,2,0,0,39.3503437,-98.76753828,20141.0,2,2,0,0,2,2,3475,0,0,0,0,0
2020-05-20,US,Kansas,Ottawa,4,0,0,39.13237408,-97.65020313,20143.0,4,4,0,0,4,4,5802,0,0,0,0,0
2020-05-20,US,Kansas,Phillips,2,0,0,39.78465501,-99.34668865,20147.0,2,2,0,0,2,2,5317,0,0,0,0,0
2020-05-20,US,Kansas,Pottawatomie,21,0,0,39.37925655,-96.34564657,20149.0,21,20,0,0,20,20,24277,1,0,0,1,0
2020-05-20,US,Kansas,Pratt,1,0,0,37.64780729,-98.73922153,20151.0,1,1,0,0,1,1,9378,0,0,0,0,0
2020-05-20,US,Kansas,Reno,41,0,0,37.95230263,-98.08607292,20155.0,41,41,0,0,41,41,62342,0,0,0,0,0
2020-05-20,US,Kansas,Republic,4,0,0,39.82799632,-97.65036709,20157.0,4,4,0,0,4,4,4664,0,0,0,0,0
2020-05-20,US,Kansas,Rice,4,0,0,38.34616184,-98.19992118,20159.0,4,4,0,0,4,4,9531,0,0,0,0,0
2020-05-20,US,Kansas,Riley,60,1,0,39.28935726,-96.73420026,20161.0,59,60,1,0,59,60,73703,0,0,0,0,0
2020-05-20,US,Kansas,Rooks,6,0,0,39.35022773,-99.32484567,20163.0,6,6,0,0,6,6,5013,0,0,0,0,0
2020-05-20,US,Kansas,Saline,24,2,0,38.78369175,-97.65185177,20169.0,22,24,2,0,22,24,54401,0,0,0,0,0
2020-05-20,US,Kansas,Scott,13,0,0,38.48222076,-100.90665390000001,20171.0,13,12,0,0,12,12,4897,1,0,0,1,0
2020-05-20,US,Kansas,Sedgwick,539,20,0,37.6842718,-97.4608198,20173.0,519,538,20,0,518,536,513607,1,0,0,1,2
2020-05-20,US,Kansas,Seward,810,1,0,37.19324632,-100.85072009999999,20175.0,809,780,1,0,779,780,21780,30,0,0,30,0
2020-05-20,US,Kansas,Shawnee,217,6,0,39.04100763,-95.75572640000001,20177.0,211,199,5,0,194,198,177499,18,1,0,17,1
2020-05-20,US,Kansas,Sheridan,2,0,0,39.35018161,-100.44182590000001,20179.0,2,2,0,0,2,2,2533,0,0,0,0,0
2020-05-20,US,Kansas,Sherman,6,0,0,39.35147699,-101.71976240000001,20181.0,6,6,0,0,6,6,5899,0,0,0,0,0
2020-05-20,US,Kansas,Smith,2,0,0,39.78516566,-98.78566062,20183.0,2,2,0,0,2,2,3603,0,0,0,0,0
2020-05-20,US,Kansas,Stafford,1,0,0,38.03100851,-98.71762001,20185.0,1,1,0,0,1,1,4178,0,0,0,0,0
2020-05-20,US,Kansas,Stanton,9,0,0,37.56304714,-101.78435340000001,20187.0,9,9,0,0,9,9,1987,0,0,0,0,0
2020-05-20,US,Kansas,Stevens,26,0,0,37.1923008,-101.3118967,20189.0,26,26,0,0,26,26,5559,0,0,0,0,0
2020-05-20,US,Kansas,Sumner,6,1,0,37.23682549,-97.47721621,20191.0,5,6,1,0,5,6,22996,0,0,0,0,0
2020-05-20,US,Kansas,Wabaunsee,29,0,0,38.95471985,-96.20350509,20197.0,29,28,0,0,28,28,6899,1,0,0,1,0
2020-05-20,US,Kansas,Wilson,1,0,0,37.55937174,-95.74323255,20205.0,1,1,0,0,1,1,8665,0,0,0,0,0
2020-05-20,US,Kansas,Woodson,6,0,0,37.8865336,-95.74006277,20207.0,6,6,0,0,6,6,3183,0,0,0,0,0
2020-05-20,US,Kansas,Wyandotte,1189,71,0,39.11727348,-94.76378225,20209.0,1118,1174,70,0,1104,1166,165324,15,1,0,14,8
2020-05-20,US,Kentucky,Adair,94,17,0,37.10459774,-85.28129668,21001.0,77,94,17,0,77,95,19215,0,0,0,0,-1
2020-05-20,US,Kentucky,Allen,43,2,0,36.75197631,-86.19457544,21003.0,41,41,2,0,39,39,21122,2,0,0,2,2
2020-05-20,US,Kentucky,Anderson,15,1,0,38.00671029,-84.99171713,21005.0,14,13,1,0,12,13,22663,2,0,0,2,0
2020-05-20,US,Kentucky,Ballard,9,0,0,37.05842757,-88.99427697,21007.0,9,10,0,0,10,10,7979,-1,0,0,-1,0
2020-05-20,US,Kentucky,Barren,38,0,0,36.96469836,-85.93338945,21009.0,38,34,0,0,34,34,44176,4,0,0,4,0
2020-05-20,US,Kentucky,Bath,7,1,0,38.14735938,-83.74588932,21011.0,6,7,1,0,6,7,12383,0,0,0,0,0
2020-05-20,US,Kentucky,Bell,1,0,0,36.73355174,-83.67766671,21013.0,1,1,0,0,1,1,26569,0,0,0,0,0
2020-05-20,US,Kentucky,Boone,359,11,0,38.97065142,-84.72615357,21015.0,348,361,10,0,351,355,131533,-2,1,0,-3,6
2020-05-20,US,Kentucky,Bourbon,8,1,0,38.2054607,-84.21827874,21017.0,7,8,1,0,7,8,20184,0,0,0,0,0
2020-05-20,US,Kentucky,Boyd,39,3,0,38.36176608,-82.68652187,21019.0,36,39,3,0,36,39,47240,0,0,0,0,0
2020-05-20,US,Kentucky,Boyle,20,0,0,37.62680923,-84.8633779,21021.0,20,19,0,0,19,18,30100,1,0,0,1,1
2020-05-20,US,Kentucky,Bracken,10,0,0,38.69158994,-84.08532444,21023.0,10,10,0,0,10,10,8239,0,0,0,0,0
2020-05-20,US,Kentucky,Breathitt,2,0,0,37.52333168,-83.31959161,21025.0,2,2,0,0,2,2,12726,0,0,0,0,0
2020-05-20,US,Kentucky,Breckinridge,17,2,0,37.77377239,-86.42885017,21027.0,15,15,1,0,14,14,20388,2,1,0,1,1
2020-05-20,US,Kentucky,Bullitt,101,4,0,37.97162523,-85.68955617,21029.0,97,99,4,0,95,98,81069,2,0,0,2,1
2020-05-20,US,Kentucky,Butler,217,6,0,37.20946153,-86.68748787,21031.0,211,217,6,0,211,217,12772,0,0,0,0,0
2020-05-20,US,Kentucky,Caldwell,12,0,0,37.14749129,-87.86948214,21033.0,12,12,0,0,12,12,12715,0,0,0,0,0
2020-05-20,US,Kentucky,Calloway,48,1,0,36.62093411,-88.2731593,21035.0,47,47,1,0,46,46,39135,1,0,0,1,1
2020-05-20,US,Kentucky,Campbell,137,11,0,38.94384345,-84.37875208,21037.0,126,135,11,0,124,134,93152,2,0,0,2,1
2020-05-20,US,Kentucky,Carlisle,3,1,0,36.85372876,-88.96692220000001,21039.0,2,3,1,0,2,3,4771,0,0,0,0,0
2020-05-20,US,Kentucky,Carroll,4,0,0,38.66599534,-85.12601074,21041.0,4,3,0,0,3,3,10737,1,0,0,1,0
2020-05-20,US,Kentucky,Carter,9,0,0,38.31690743,-83.05092385,21043.0,9,9,0,0,9,8,27004,0,0,0,0,1
2020-05-20,US,Kentucky,Casey,2,0,0,37.32533118,-84.92726209,21045.0,2,2,0,0,2,2,15888,0,0,0,0,0
2020-05-20,US,Kentucky,Christian,98,3,0,36.89267803,-87.49055367,21047.0,95,98,3,0,95,97,71671,0,0,0,0,1
2020-05-20,US,Kentucky,Clark,35,0,0,37.9689263,-84.14615986,21049.0,35,21,0,0,21,21,36249,14,0,0,14,0
2020-05-20,US,Kentucky,Clay,3,0,0,37.16451126,-83.712575,21051.0,3,3,0,0,3,2,20105,0,0,0,0,1
2020-05-20,US,Kentucky,Clinton,3,0,0,36.72581156,-85.13377529,21053.0,3,3,0,0,3,3,10206,0,0,0,0,0
2020-05-20,US,Kentucky,Crittenden,4,1,0,37.35839237,-88.08826090000002,21055.0,3,4,1,0,3,4,8915,0,0,0,0,0
2020-05-20,US,Kentucky,Cumberland,5,0,0,36.78926125,-85.39050034,21057.0,5,5,0,0,5,5,6659,0,0,0,0,0
2020-05-20,US,Kentucky,Daviess,296,6,0,37.73028906,-87.09019479999998,21059.0,290,296,6,0,290,293,101104,0,0,0,0,3
2020-05-20,US,Kentucky,Edmonson,51,9,0,37.21218923,-86.23955613,21061.0,42,50,9,0,41,50,12274,1,0,0,1,0
2020-05-20,US,Kentucky,Elliott,1,0,0,38.11624059,-83.09771563,21063.0,1,,,,,,7508,,,,,
2020-05-20,US,Kentucky,Fayette,591,12,0,38.0368225,-84.45576892,21067.0,579,596,12,0,584,564,323780,-5,0,0,-5,32
2020-05-20,US,Kentucky,Fleming,2,0,0,38.36758311,-83.69657514,21069.0,2,3,0,0,3,3,14432,-1,0,0,-1,0
2020-05-20,US,Kentucky,Floyd,16,0,0,37.56213922,-82.74750924,21071.0,16,16,0,0,16,16,35845,0,0,0,0,0
2020-05-20,US,Kentucky,Franklin,22,0,0,38.2379395,-84.87962551,21073.0,22,20,0,0,20,18,50815,2,0,0,2,2
2020-05-20,US,Kentucky,Fulton,2,0,0,36.55238827,-89.20140068,21075.0,2,2,0,0,2,2,6120,0,0,0,0,0
2020-05-20,US,Kentucky,Gallatin,3,0,0,38.75398691,-84.8558382,21077.0,3,3,0,0,3,3,8832,0,0,0,0,0
2020-05-20,US,Kentucky,Garrard,3,0,0,37.638866799999995,-84.53289319,21079.0,3,3,0,0,3,3,17560,0,0,0,0,0
2020-05-20,US,Kentucky,Grant,36,3,0,38.64962758,-84.62415957,21081.0,33,35,3,0,32,35,25121,1,0,0,1,0
2020-05-20,US,Kentucky,Graves,152,19,0,36.72292505,-88.65143315,21083.0,133,154,18,0,136,154,37317,-2,1,0,-3,0
2020-05-20,US,Kentucky,Grayson,110,8,0,37.46231118,-86.34248968,21085.0,102,109,8,0,101,107,26321,1,0,0,1,2
2020-05-20,US,Kentucky,Green,1,0,0,37.26484328,-85.5540745,21087.0,1,1,0,0,1,1,11049,0,0,0,0,0
2020-05-20,US,Kentucky,Greenup,13,0,0,38.54332505,-82.9215658,21089.0,13,13,0,0,13,13,35268,0,0,0,0,0
2020-05-20,US,Kentucky,Hancock,6,0,0,37.83766422,-86.78280584,21091.0,6,6,0,0,6,6,8758,0,0,0,0,0
2020-05-20,US,Kentucky,Hardin,88,2,0,37.6976111,-85.96319251,21093.0,86,85,2,0,83,84,110356,3,0,0,3,1
2020-05-20,US,Kentucky,Harlan,1,0,0,36.85699301,-83.21899516,21095.0,1,1,0,0,1,1,26409,0,0,0,0,0
2020-05-20,US,Kentucky,Harrison,18,0,0,38.44188174,-84.32869741,21097.0,18,19,0,0,19,19,18778,-1,0,0,-1,0
2020-05-20,US,Kentucky,Hart,18,0,0,37.29943898,-85.88461055,21099.0,18,16,0,0,16,16,18906,2,0,0,2,0
2020-05-20,US,Kentucky,Henderson,91,3,0,37.79344553,-87.57392021,21101.0,88,91,3,0,88,91,45591,0,0,0,0,0
2020-05-20,US,Kentucky,Henry,13,0,0,38.44942688,-85.11587507,21103.0,13,13,0,0,13,12,16106,0,0,0,0,1
2020-05-20,US,Kentucky,Hickman,5,0,0,36.67948079999999,-88.97875928,21105.0,5,5,0,0,5,5,4421,0,0,0,0,0
2020-05-20,US,Kentucky,Hopkins,215,27,0,37.30939025,-87.54670406,21107.0,188,215,27,0,188,214,45068,0,0,0,0,1
2020-05-20,US,Kentucky,Jackson,59,12,0,37.41866422,-83.99825483,21109.0,47,57,12,0,45,57,13442,2,0,0,2,0
2020-05-20,US,Kentucky,Jefferson,1968,137,0,38.18664655,-85.65931031,21111.0,1831,1959,131,0,1828,1916,770517,9,6,0,3,43
2020-05-20,US,Kentucky,Jessamine,51,0,0,37.87119786,-84.58252003,21113.0,51,51,0,0,51,52,53920,0,0,0,0,-1
2020-05-20,US,Kentucky,Johnson,5,0,0,37.85106355,-82.8264322,21115.0,5,5,0,0,5,5,22386,0,0,0,0,0
2020-05-20,US,Kentucky,Kenton,486,32,0,38.93950319,-84.53241199,21117.0,454,479,32,0,447,472,166051,7,0,0,7,7
2020-05-20,US,Kentucky,Knott,4,0,0,37.35388197,-82.94981134,21119.0,4,4,0,0,4,4,15126,0,0,0,0,0
2020-05-20,US,Kentucky,Knox,8,0,0,36.89225732,-83.85403396,21121.0,8,8,0,0,8,8,31304,0,0,0,0,0
2020-05-20,US,Kentucky,Larue,6,0,0,37.54567114,-85.70138352,21123.0,6,6,0,0,6,6,14307,0,0,0,0,0
2020-05-20,US,Kentucky,Laurel,21,2,0,37.10975748,-84.11321779,21125.0,19,21,2,0,19,21,60669,0,0,0,0,0
2020-05-20,US,Kentucky,Lawrence,1,0,0,38.07136018,-82.72882223,21127.0,1,1,0,0,1,1,15571,0,0,0,0,0
2020-05-20,US,Kentucky,Leslie,6,0,0,37.09246661,-83.37999606,21131.0,6,6,0,0,6,6,10143,0,0,0,0,0
2020-05-20,US,Kentucky,Letcher,4,0,0,37.12306748,-82.85346474,21133.0,4,5,0,0,5,5,21899,-1,0,0,-1,0
2020-05-20,US,Kentucky,Lewis,7,0,0,38.53184419,-83.37735618,21135.0,7,7,0,0,7,8,13257,0,0,0,0,-1
2020-05-20,US,Kentucky,Lincoln,7,1,0,37.45475628,-84.6565327,21137.0,6,7,1,0,6,7,24644,0,0,0,0,0
2020-05-20,US,Kentucky,Livingston,7,0,0,37.21137452,-88.34797529,21139.0,7,7,0,0,7,7,9242,0,0,0,0,0
2020-05-20,US,Kentucky,Logan,101,3,0,36.85949479,-86.877635,21141.0,98,94,3,0,91,92,26989,7,0,0,7,2
2020-05-20,US,Kentucky,Lyon,14,3,0,37.02080035,-88.07886257,21143.0,11,14,3,0,11,14,8009,0,0,0,0,0
2020-05-20,US,Kentucky,Madison,45,1,0,37.71659336,-84.27220275,21151.0,44,50,1,0,49,49,92368,-5,0,0,-5,1
2020-05-20,US,Kentucky,Magoffin,1,0,0,37.70820545,-83.0657714,21153.0,1,1,0,0,1,1,12362,0,0,0,0,0
2020-05-20,US,Kentucky,Marion,17,0,0,37.55218078,-85.26898542,21155.0,17,17,0,0,17,17,19404,0,0,0,0,0
2020-05-20,US,Kentucky,Marshall,36,2,0,36.88007070000001,-88.32803576,21157.0,34,36,2,0,34,36,31191,0,0,0,0,0
2020-05-20,US,Kentucky,Martin,3,0,0,37.79990579,-82.51247478,21159.0,3,3,0,0,3,3,11323,0,0,0,0,0
2020-05-20,US,Kentucky,Mason,8,0,0,38.59471935,-83.82151043,21161.0,8,8,0,0,8,8,17150,0,0,0,0,0
2020-05-20,US,Kentucky,McCracken,85,2,0,37.05350953,-88.70445755,21145.0,83,85,2,0,83,85,65346,0,0,0,0,0
2020-05-20,US,Kentucky,McCreary,13,0,0,36.73874143,-84.48102924,21147.0,13,13,0,0,13,13,17408,0,0,0,0,0
2020-05-20,US,Kentucky,McLean,18,1,0,37.5301951,-87.26803443,21149.0,17,18,1,0,17,18,9252,0,0,0,0,0
2020-05-20,US,Kentucky,Meade,20,2,0,37.96163597,-86.21028219,21163.0,18,20,2,0,18,20,28715,0,0,0,0,0
2020-05-20,US,Kentucky,Menifee,6,0,0,37.94090733,-83.59985712,21165.0,6,4,0,0,4,4,6451,2,0,0,2,0
2020-05-20,US,Kentucky,Mercer,12,0,0,37.81474237,-84.87488475,21167.0,12,12,0,0,12,12,21774,0,0,0,0,0
2020-05-20,US,Kentucky,Metcalfe,3,0,0,36.99459295,-85.63123699,21169.0,3,3,0,0,3,3,10030,0,0,0,0,0
2020-05-20,US,Kentucky,Monroe,6,0,0,36.71225341,-85.71596443,21171.0,6,6,0,0,6,6,10718,0,0,0,0,0
2020-05-20,US,Kentucky,Montgomery,17,0,0,38.03253032,-83.9145241,21173.0,17,16,0,0,16,16,28203,1,0,0,1,0
2020-05-20,US,Kentucky,Morgan,1,0,0,37.92465657,-83.25558245,21175.0,1,1,0,0,1,1,13345,0,0,0,0,0
2020-05-20,US,Kentucky,Muhlenberg,468,7,0,37.21425819,-87.14632053,21177.0,461,468,7,0,461,470,30774,0,0,0,0,-2
2020-05-20,US,Kentucky,Nelson,34,0,0,37.80335779,-85.4657193,21179.0,34,34,0,0,34,33,45851,0,0,0,0,1
2020-05-20,US,Kentucky,Nicholas,1,0,0,38.33342292,-84.01889177,21181.0,1,1,0,0,1,1,7166,0,0,0,0,0
2020-05-20,US,Kentucky,Ohio,117,0,0,37.47751843,-86.85368087,21183.0,117,117,0,0,117,116,24087,0,0,0,0,1
2020-05-20,US,Kentucky,Oldham,59,1,0,38.39791089,-85.448222,21185.0,58,57,0,0,57,54,66470,2,1,0,1,3
2020-05-20,US,Kentucky,Owen,1,0,0,38.51679143,-84.82404619,21187.0,1,1,0,0,1,2,10880,0,0,0,0,-1
2020-05-20,US,Kentucky,Owsley,2,0,0,37.42823949,-83.68811419,21189.0,2,2,0,0,2,2,4472,0,0,0,0,0
2020-05-20,US,Kentucky,Pendleton,6,0,0,38.69607718,-84.35599463,21191.0,6,6,0,0,6,6,14529,0,0,0,0,0
2020-05-20,US,Kentucky,Perry,19,0,0,37.25023553,-83.22922731,21193.0,19,20,0,0,20,20,26092,-1,0,0,-1,0
2020-05-20,US,Kentucky,Pike,28,2,0,37.47088263,-82.39487445,21195.0,26,28,2,0,26,28,58402,0,0,0,0,0
2020-05-20,US,Kentucky,Powell,1,0,0,37.83218794,-83.82553961,21197.0,1,1,0,0,1,1,12442,0,0,0,0,0
2020-05-20,US,Kentucky,Pulaski,50,2,0,37.10466131,-84.57629079,21199.0,48,50,2,0,48,50,64623,0,0,0,0,0
2020-05-20,US,Kentucky,Rockcastle,13,0,0,37.36642393,-84.31176452,21203.0,13,12,0,0,12,12,16750,1,0,0,1,0
2020-05-20,US,Kentucky,Rowan,7,0,0,38.19484205,-83.42088935,21205.0,7,6,0,0,6,6,24583,1,0,0,1,0
2020-05-20,US,Kentucky,Russell,22,4,0,36.99308373,-85.06070117,21207.0,18,22,4,0,18,22,17821,0,0,0,0,0
2020-05-20,US,Kentucky,Scott,34,0,0,38.29622293,-84.5816631,21209.0,34,33,0,0,33,33,56031,1,0,0,1,0
2020-05-20,US,Kentucky,Shelby,82,3,0,38.21476019,-85.194223,21211.0,79,78,3,0,75,76,48518,4,0,0,4,2
2020-05-20,US,Kentucky,Simpson,43,2,0,36.74058474,-86.58047435,21213.0,41,39,2,0,37,38,18529,4,0,0,4,1
2020-05-20,US,Kentucky,Spencer,16,0,0,38.03223971,-85.32749335,21215.0,16,16,0,0,16,16,18794,0,0,0,0,0
2020-05-20,US,Kentucky,Taylor,9,0,0,37.3677562,-85.3329931,21217.0,9,9,0,0,9,9,25549,0,0,0,0,0
2020-05-20,US,Kentucky,Todd,17,0,0,36.8381152,-87.17878374,21219.0,17,17,0,0,17,17,12311,0,0,0,0,0
2020-05-20,US,Kentucky,Trigg,9,0,0,36.80767017,-87.87333656,21221.0,9,9,0,0,9,9,14643,0,0,0,0,0
2020-05-20,US,Kentucky,Trimble,3,0,0,38.61056487,-85.33775972,21223.0,3,3,0,0,3,3,8515,0,0,0,0,0
2020-05-20,US,Kentucky,Unassigned,32,0,0,0.0,0.0,90021.0,32,33,0,0,33,32,,-1,0,0,-1,1
2020-05-20,US,Kentucky,Union,10,0,0,37.66166713,-87.94300009,21225.0,10,10,0,0,10,10,14505,0,0,0,0,0
2020-05-20,US,Kentucky,Warren,863,3,0,36.99903045,-86.42672751,21227.0,860,828,3,0,825,810,131264,35,0,0,35,18
2020-05-20,US,Kentucky,Washington,5,0,0,37.75599461,-85.17407732,21229.0,5,5,0,0,5,5,12084,0,0,0,0,0
2020-05-20,US,Kentucky,Wayne,8,0,0,36.80310688,-84.8251971,21231.0,8,8,0,0,8,8,20468,0,0,0,0,0
2020-05-20,US,Kentucky,Webster,32,0,0,37.52168356,-87.67989953,21233.0,32,32,0,0,32,32,13111,0,0,0,0,0
2020-05-20,US,Kentucky,Whitley,13,0,0,36.75700531,-84.14541217,21235.0,13,13,0,0,13,12,36242,0,0,0,0,1
2020-05-20,US,Kentucky,Wolfe,1,0,0,37.73941626,-83.49303612,21237.0,1,1,0,0,1,,7177,0,0,0,0,
2020-05-20,US,Kentucky,Woodford,19,0,0,38.04178222,-84.7417556,21239.0,19,19,0,0,19,19,26533,0,0,0,0,0
2020-05-20,US,Louisiana,Acadia,262,12,0,30.295064899999996,-92.41419698,22001.0,250,262,12,0,250,257,62190,0,0,0,0,5
2020-05-20,US,Louisiana,Allen,157,10,0,30.65385745,-92.82442028,22003.0,147,131,10,0,121,118,25605,26,0,0,26,13
2020-05-20,US,Louisiana,Ascension,768,52,0,30.20406249,-90.91328409999998,22005.0,716,762,50,0,712,760,124672,6,2,0,4,2
2020-05-20,US,Louisiana,Assumption,233,11,0,29.89946234,-91.06461642,22007.0,222,230,11,0,219,230,22300,3,0,0,3,0
2020-05-20,US,Louisiana,Avoyelles,96,9,0,31.07796211,-92.00079449,22009.0,87,94,9,0,85,93,40462,2,0,0,2,1
2020-05-20,US,Louisiana,Beauregard,52,4,0,30.64836518,-93.34173616,22011.0,48,52,4,0,48,52,37253,0,0,0,0,0
2020-05-20,US,Louisiana,Bienville,84,20,0,32.34569994,-93.05398492,22013.0,64,84,20,0,64,84,13308,0,0,0,0,0
2020-05-20,US,Louisiana,Bossier,353,24,0,32.67932307,-93.60460152,22015.0,329,348,24,0,324,346,127185,5,0,0,5,2
2020-05-20,US,Louisiana,Caddo,1939,156,0,32.57991587,-93.88375652,22017.0,1783,1912,155,0,1757,1898,242922,27,1,0,26,14
2020-05-20,US,Louisiana,Calcasieu,521,42,0,30.22931235,-93.35400434,22019.0,479,521,40,0,481,520,203112,0,2,0,-2,1
2020-05-20,US,Louisiana,Caldwell,50,0,0,32.0902519,-92.11752148,22021.0,50,50,0,0,50,50,9960,0,0,0,0,0
2020-05-20,US,Louisiana,Cameron,3,0,0,29.87592238,-93.19310676,22023.0,3,3,0,0,3,3,6968,0,0,0,0,0
2020-05-20,US,Louisiana,Catahoula,106,3,0,31.66778967,-91.84526385,22025.0,103,106,3,0,103,106,9608,0,0,0,0,0
2020-05-20,US,Louisiana,Claiborne,58,10,0,32.82308512,-92.99526883,22027.0,48,58,10,0,48,58,15944,0,0,0,0,0
2020-05-20,US,Louisiana,Concordia,57,5,0,31.44817835,-91.63814433,22029.0,52,57,5,0,52,57,19572,0,0,0,0,0
2020-05-20,US,Louisiana,De Soto,228,16,0,32.05457447,-93.74130302,22031.0,212,226,16,0,210,224,27436,2,0,0,2,2
2020-05-20,US,Louisiana,East Baton Rouge,3213,221,0,30.53842039,-91.09777565,22033.0,2992,3145,219,0,2926,3056,440956,68,2,0,66,89
2020-05-20,US,Louisiana,East Carroll,46,0,0,32.73926954,-91.23425694,22035.0,46,46,0,0,46,37,7037,0,0,0,0,9
2020-05-20,US,Louisiana,East Feliciana,179,27,0,30.84425359,-91.04976723,22037.0,152,179,24,0,155,177,19305,0,3,0,-3,2
2020-05-20,US,Louisiana,Evangeline,67,1,0,30.72985248,-92.39915924,22039.0,66,67,1,0,66,66,33443,0,0,0,0,1
2020-05-20,US,Louisiana,Franklin,274,9,0,32.13675181,-91.67589857,22041.0,265,274,9,0,265,273,20156,0,0,0,0,1
2020-05-20,US,Louisiana,Grant,22,1,0,31.59882456,-92.56124347,22043.0,21,22,1,0,21,22,22482,0,0,0,0,0
2020-05-20,US,Louisiana,Iberia,359,35,0,29.86803617,-91.75871777,22045.0,324,358,35,0,323,355,70941,1,0,0,1,3
2020-05-20,US,Louisiana,Iberville,531,38,0,30.25734305,-91.3499598,22047.0,493,528,38,0,490,527,32721,3,0,0,3,1
2020-05-20,US,Louisiana,Jackson,76,10,0,32.30251776,-92.55692092,22049.0,66,75,10,0,65,70,15902,1,0,0,1,5
2020-05-20,US,Louisiana,Jefferson,7128,431,0,29.74075478,-90.11115756,22051.0,6697,7095,429,0,6666,7059,434051,33,2,0,31,36
2020-05-20,US,Louisiana,Jefferson Davis,71,6,0,30.26896765,-92.81210004,22053.0,65,71,6,0,65,70,31582,0,0,0,0,1
2020-05-20,US,Louisiana,LaSalle,40,0,0,31.67884782,-92.15907765,22059.0,40,40,0,0,40,40,14917,0,0,0,0,0
2020-05-20,US,Louisiana,Lafayette,607,23,0,30.2049055,-92.06959876,22055.0,584,605,23,0,582,598,242782,2,0,0,2,7
2020-05-20,US,Louisiana,Lafourche,753,64,0,29.52470226,-90.40976986,22057.0,689,750,64,0,686,744,98115,3,0,0,3,6
2020-05-20,US,Louisiana,Lincoln,122,14,0,32.6003154,-92.66597409999999,22061.0,108,122,14,0,108,121,47196,0,0,0,0,1
2020-05-20,US,Louisiana,Livingston,358,26,0,30.44143993,-90.73061664,22063.0,332,356,26,0,330,350,139567,2,0,0,2,6
2020-05-20,US,Louisiana,Madison,33,0,0,32.36918118,-91.23973355,22065.0,33,27,0,0,27,24,11161,6,0,0,6,3
2020-05-20,US,Louisiana,Morehouse,94,5,0,32.81686191,-91.80421614,22067.0,89,93,5,0,88,93,25398,1,0,0,1,0
2020-05-20,US,Louisiana,Natchitoches,103,13,0,31.72321584,-93.09816516,22069.0,90,103,12,0,91,103,38659,0,1,0,-1,0
2020-05-20,US,Louisiana,Orleans,6884,500,0,30.06971951,-89.92660315,22071.0,6384,6869,494,0,6375,6822,391006,15,6,0,9,47
2020-05-20,US,Louisiana,Ouachita,980,34,0,32.47645559,-92.15704172,22073.0,946,966,32,0,934,956,154475,14,2,0,12,10
2020-05-20,US,Louisiana,Plaquemines,197,16,0,29.42245447,-89.60322085,22075.0,181,196,16,0,180,194,23410,1,0,0,1,2
2020-05-20,US,Louisiana,Pointe Coupee,179,21,0,30.71409502,-91.60209535,22077.0,158,173,21,0,152,169,21940,6,0,0,6,4
2020-05-20,US,Louisiana,Rapides,516,16,0,31.19778499,-92.52997303,22079.0,500,504,15,0,489,499,130562,12,1,0,11,5
2020-05-20,US,Louisiana,Red River,43,6,0,32.09530039,-93.34213308,22081.0,37,43,6,0,37,43,8477,0,0,0,0,0
2020-05-20,US,Louisiana,Richland,108,2,0,32.41391005,-91.76634876,22083.0,106,108,2,0,106,107,20192,0,0,0,0,1
2020-05-20,US,Louisiana,Sabine,31,0,0,31.56388699,-93.55433981,22085.0,31,30,0,0,30,29,24032,1,0,0,1,1
2020-05-20,US,Louisiana,St. Bernard,518,21,0,29.87761636,-89.51887093,22087.0,497,516,20,0,496,513,46721,2,1,0,1,3
2020-05-20,US,Louisiana,St. Charles,615,42,0,29.90709658,-90.35555967,22089.0,573,615,42,0,573,615,52879,0,0,0,0,0
2020-05-20,US,Louisiana,St. Helena,42,1,0,30.82210324,-90.71013176,22091.0,41,41,1,0,40,41,10262,1,0,0,1,0
2020-05-20,US,Louisiana,St. James,284,23,0,30.02531716,-90.80212061,22093.0,261,284,23,0,261,284,21037,0,0,0,0,0
2020-05-20,US,Louisiana,St. John the Baptist,832,77,0,30.12597499,-90.4753503,22095.0,755,831,77,0,754,830,43184,1,0,0,1,1
2020-05-20,US,Louisiana,St. Landry,237,52,0,30.59724262,-92.00135806,22097.0,185,237,51,0,186,235,82764,0,1,0,-1,2
2020-05-20,US,Louisiana,St. Martin,275,22,0,30.13112107,-91.61403569,22099.0,253,275,22,0,253,274,53621,0,0,0,0,1
2020-05-20,US,Louisiana,St. Mary,281,29,0,29.69262097,-91.44702164,22101.0,252,277,29,0,248,275,49774,4,0,0,4,2
2020-05-20,US,Louisiana,St. Tammany,1572,151,0,30.40942847,-89.95642711,22103.0,1421,1559,149,0,1410,1544,258111,13,2,0,11,15
2020-05-20,US,Louisiana,Tangipahoa,752,30,0,30.62888673,-90.40664996,22105.0,722,742,30,0,712,732,133777,10,0,0,10,10
2020-05-20,US,Louisiana,Tensas,5,0,0,32.00760749,-91.32915234,22107.0,5,5,0,0,5,5,4462,0,0,0,0,0
2020-05-20,US,Louisiana,Terrebonne,594,44,0,29.37343766,-90.82626855,22109.0,550,591,44,0,547,590,111021,3,0,0,3,1
2020-05-20,US,Louisiana,Unassigned,72,123,0,0.0,0.0,90022.0,-51,72,123,0,-51,72,,0,0,0,0,0
2020-05-20,US,Louisiana,Union,245,14,0,32.83121059,-92.3749373,22111.0,231,245,15,0,230,243,22330,0,-1,0,1,2
2020-05-20,US,Louisiana,Vermilion,45,3,0,29.83517605,-92.30292538,22113.0,42,45,3,0,42,45,59830,0,0,0,0,0
2020-05-20,US,Louisiana,Vernon,21,2,0,31.10884837,-93.18153838,22115.0,19,21,2,0,19,21,48860,0,0,0,0,0
2020-05-20,US,Louisiana,Washington,376,36,0,30.85288548,-90.03866652,22117.0,340,375,34,0,341,370,46582,1,2,0,-1,5
2020-05-20,US,Louisiana,Webster,119,5,0,32.70847669,-93.33121835,22119.0,114,119,5,0,114,117,38798,0,0,0,0,2
2020-05-20,US,Louisiana,West Baton Rouge,149,30,0,30.46058217,-91.30989571,22121.0,119,148,30,0,118,148,26427,1,0,0,1,0
2020-05-20,US,Louisiana,West Carroll,19,0,0,32.78550125,-91.461201,22123.0,19,19,0,0,19,18,10982,0,0,0,0,1
2020-05-20,US,Louisiana,West Feliciana,192,8,0,30.87882871,-91.41485379999999,22125.0,184,190,8,0,182,188,15460,2,0,0,2,2
2020-05-20,US,Louisiana,Winn,90,2,0,31.94449367,-92.63789413,22127.0,88,90,2,0,88,89,14134,0,0,0,0,1
2020-05-20,US,Maine,Androscoggin,185,2,0,44.1664747,-70.20380627,23001.0,183,151,2,0,149,139,107679,34,0,0,34,12
2020-05-20,US,Maine,Aroostook,8,0,0,46.65926321,-68.59841248,23003.0,8,7,0,0,7,7,67111,1,0,0,1,0
2020-05-20,US,Maine,Cumberland,891,38,0,43.8370751,-70.37226999,23005.0,853,863,38,0,825,852,293557,28,0,0,28,11
2020-05-20,US,Maine,Franklin,34,1,0,44.97330019,-70.44381045,23007.0,33,33,1,0,32,33,29897,1,0,0,1,0
2020-05-20,US,Maine,Hancock,11,1,0,44.59816444,-68.38401854,23009.0,10,11,1,0,10,11,54811,0,0,0,0,0
2020-05-20,US,Maine,Kennebec,121,8,0,44.40759555,-69.76738544,23011.0,113,120,8,0,112,121,122083,1,0,0,1,-1
2020-05-20,US,Maine,Knox,20,0,0,44.11486325,-69.10529169,23013.0,20,20,0,0,20,20,39771,0,0,0,0,0
2020-05-20,US,Maine,Lincoln,17,0,0,44.05996956,-69.54227124,23015.0,17,17,0,0,17,17,34342,0,0,0,0,0
2020-05-20,US,Maine,Oxford,18,0,0,44.49952995,-70.75682123,23017.0,18,17,0,0,17,17,57618,1,0,0,1,0
2020-05-20,US,Maine,Penobscot,95,1,0,45.40194593,-68.65020455,23019.0,94,94,1,0,93,93,151096,1,0,0,1,1
2020-05-20,US,Maine,Piscataquis,1,0,0,45.83839062,-69.2860223,23021.0,1,1,0,0,1,1,16800,0,0,0,0,0
2020-05-20,US,Maine,Sagadahoc,28,0,0,43.95415864,-69.85074999,23023.0,28,27,0,0,27,27,35634,1,0,0,1,0
2020-05-20,US,Maine,Somerset,20,0,0,45.51229767,-69.95995554,23025.0,20,20,0,0,20,20,50592,0,0,0,0,0
2020-05-20,US,Maine,Unassigned,2,0,0,0.0,0.0,90023.0,2,1,0,0,1,1,,1,0,0,1,0
2020-05-20,US,Maine,Waldo,50,14,0,44.4858305,-69.12061935,23027.0,36,50,14,0,36,50,39694,0,0,0,0,0
2020-05-20,US,Maine,Washington,2,0,0,45.01607142,-67.62813524,23029.0,2,2,0,0,2,2,31490,0,0,0,0,0
2020-05-20,US,Maine,York,316,8,0,43.47808377,-70.71052375,23031.0,308,307,8,0,299,302,206229,9,0,0,9,5
2020-05-20,US,Maryland,Allegany,166,14,0,39.62357628,-78.69280486,24001.0,152,166,14,0,152,164,70975,0,0,0,0,2
2020-05-20,US,Maryland,Anne Arundel,3033,145,0,39.00670238,-76.60329337,24003.0,2888,2981,145,0,2836,2893,576031,52,0,0,52,88
2020-05-20,US,Maryland,Baltimore,5025,277,0,39.45784712,-76.62911955,24005.0,4748,4920,263,0,4657,4749,828431,105,14,0,91,171
2020-05-20,US,Maryland,Baltimore City,4152,215,0,39.30211911,-76.61151012,24510.0,3937,4002,210,0,3792,3830,621342,150,5,0,145,172
2020-05-20,US,Maryland,Calvert,259,14,0,38.53961642,-76.56820632,24009.0,245,255,13,0,242,245,92003,4,1,0,3,10
2020-05-20,US,Maryland,Caroline,210,0,0,38.87172293,-75.82904158,24011.0,210,208,0,0,208,200,33304,2,0,0,2,8
2020-05-20,US,Maryland,Carroll,720,71,0,39.56453592,-77.02373735,24013.0,649,712,69,0,643,703,168429,8,2,0,6,9
2020-05-20,US,Maryland,Cecil,328,20,0,39.56647682,-75.94627411,24015.0,308,323,18,0,305,318,102826,5,2,0,3,5
2020-05-20,US,Maryland,Charles,921,64,0,38.51092331,-76.98580666,24017.0,857,895,63,0,832,867,161503,26,1,0,25,28
2020-05-20,US,Maryland,Dorchester,122,2,0,38.45413522,-76.02752426,24019.0,120,122,2,0,120,122,31998,0,0,0,0,0
2020-05-20,US,Maryland,Frederick,1533,93,0,39.47296601,-77.39999394,24021.0,1440,1491,90,0,1401,1460,255648,42,3,0,39,31
2020-05-20,US,Maryland,Garrett,7,0,0,39.52786077,-79.27355126,24023.0,7,7,0,0,7,7,29163,0,0,0,0,0
2020-05-20,US,Maryland,Harford,721,39,0,39.55010644,-76.30775940000002,24025.0,682,709,35,0,674,695,253956,12,4,0,8,14
2020-05-20,US,Maryland,Howard,1494,50,0,39.25305293,-76.93126208,24027.0,1444,1465,49,0,1416,1416,323196,29,1,0,28,49
2020-05-20,US,Maryland,Kent,145,14,0,39.24976208,-76.04741541,24029.0,131,144,14,0,130,140,19383,1,0,0,1,4
2020-05-20,US,Maryland,Montgomery,9052,515,0,39.13676329,-77.20358245,24031.0,8537,8950,503,0,8447,8417,1052567,102,12,0,90,533
2020-05-20,US,Maryland,Prince George's,12446,453,0,38.83070039,-76.8496441,24033.0,11993,12240,445,0,11795,11608,909308,206,8,0,198,632
2020-05-20,US,Maryland,Queen Anne's,135,11,0,39.06198912,-76.03530977,24035.0,124,133,11,0,122,129,50251,2,0,0,2,4
2020-05-20,US,Maryland,Somerset,64,1,0,38.1163542,-75.75118623,24039.0,63,62,1,0,61,61,25675,2,0,0,2,1
2020-05-20,US,Maryland,St. Mary's,340,12,0,38.30058422,-76.60629279999998,24037.0,328,338,12,0,326,326,112664,2,0,0,2,12
2020-05-20,US,Maryland,Talbot,69,1,0,38.76618159,-76.10882561,24041.0,68,68,1,0,67,68,36968,1,0,0,1,0
2020-05-20,US,Maryland,Unassigned,0,74,0,0.0,0.0,90024.0,-74,0,88,0,-88,0,,0,-14,0,14,0
2020-05-20,US,Maryland,Washington,364,9,0,39.60835778,-77.82002295,24043.0,355,352,8,0,344,343,150926,12,1,0,11,9
2020-05-20,US,Maryland,Wicomico,848,21,0,38.37301947,-75.62705831,24045.0,827,839,21,0,818,837,103195,9,0,0,9,2
2020-05-20,US,Maryland,Worcester,169,8,0,38.21274277,-75.33200012,24047.0,161,164,6,0,158,164,51823,5,2,0,3,0
2020-05-20,US,Massachusetts,Barnstable,1197,98,0,41.72980578,-70.28854339,25001.0,1099,1177,96,0,1081,1155,213413,20,2,0,18,22
2020-05-20,US,Massachusetts,Berkshire,500,37,0,42.37428441,-73.20524838,25003.0,463,497,37,0,460,497,126348,3,0,0,3,0
2020-05-20,US,Massachusetts,Bristol,6165,338,0,41.79228404,-71.10872211,25005.0,5827,6080,330,0,5750,5996,564022,85,8,0,77,84
2020-05-20,US,Massachusetts,Dukes and Nantucket,38,1,0,41.40674725,-70.68763497,0.0,37,38,1,0,37,38,26707,0,0,0,0,0
2020-05-20,US,Massachusetts,Essex,12920,817,0,42.6687626,-70.94687179,25009.0,12103,12748,797,0,11951,12587,790638,172,20,0,152,161
2020-05-20,US,Massachusetts,Franklin,309,46,0,42.58119713,-72.58602547,25011.0,263,308,45,0,263,308,70963,1,1,0,0,0
2020-05-20,US,Massachusetts,Hampden,5418,526,0,42.13440424,-72.63235561,25013.0,4892,5335,521,0,4814,5264,470406,83,5,0,78,71
2020-05-20,US,Massachusetts,Hampshire,792,76,0,42.33997957,-72.65898478,25015.0,716,780,73,0,707,774,161355,12,3,0,9,6
2020-05-20,US,Massachusetts,Middlesex,19708,1462,0,42.48607732,-71.39049229,25017.0,18246,19504,1436,0,18068,19345,1614714,204,26,0,178,159
2020-05-20,US,Massachusetts,Norfolk,7607,749,0,42.16073095,-71.20530408,25021.0,6858,7565,735,0,6830,7524,705388,42,14,0,28,41
2020-05-20,US,Massachusetts,Plymouth,7280,481,0,41.94070556,-70.80802823,25023.0,6799,7198,470,0,6728,7139,518132,82,11,0,71,59
2020-05-20,US,Massachusetts,Suffolk,16962,807,0,42.327951399999996,-71.07850442,25025.0,16155,16825,797,0,16028,16671,807252,137,10,0,127,154
2020-05-20,US,Massachusetts,Unassigned,294,3,0,0.0,0.0,90025.0,291,288,3,0,285,312,,6,0,0,6,-24
2020-05-20,US,Massachusetts,Worcester,9780,625,0,42.35026951,-71.90493363,25027.0,9155,9582,597,0,8985,9442,830839,198,28,0,170,140
2020-05-20,US,Michigan,Alcona,8,1,0,44.6846864,-83.59507875,26001.0,7,6,1,0,5,6,10362,2,0,0,2,0
2020-05-20,US,Michigan,Allegan,191,5,0,42.59147037,-85.89102866,26005.0,186,184,3,0,181,186,117327,7,2,0,5,-2
2020-05-20,US,Michigan,Alpena,91,9,0,45.03477666,-83.62212411,26007.0,82,91,9,0,82,91,28360,0,0,0,0,0
2020-05-20,US,Michigan,Antrim,11,0,0,44.99690221,-85.15503082,26009.0,11,11,0,0,11,11,23365,0,0,0,0,0
2020-05-20,US,Michigan,Arenac,32,1,0,44.0636262,-83.89277559,26011.0,31,31,1,0,30,31,15041,1,0,0,1,0
2020-05-20,US,Michigan,Baraga,1,0,0,46.6720582,-88.36363591,26013.0,1,1,0,0,1,1,8320,0,0,0,0,0
2020-05-20,US,Michigan,Barry,57,1,0,42.59513984,-85.30834519,26015.0,56,58,1,0,57,57,61157,-1,0,0,-1,1
2020-05-20,US,Michigan,Bay,255,16,0,43.70639106,-83.98731479,26017.0,239,250,16,0,234,248,103923,5,0,0,5,2
2020-05-20,US,Michigan,Benzie,4,0,0,44.63899297,-86.01608482,26019.0,4,4,0,0,4,4,17753,0,0,0,0,0
2020-05-20,US,Michigan,Berrien,552,34,0,41.95447397,-86.41313079999998,26021.0,518,538,33,0,505,528,154141,14,1,0,13,10
2020-05-20,US,Michigan,Branch,97,2,0,41.91600556,-85.05929476,26023.0,95,95,2,0,93,95,43622,2,0,0,2,0
2020-05-20,US,Michigan,Calhoun,320,19,0,42.24633834,-85.00493569,26025.0,301,308,19,0,289,304,134487,12,0,0,12,4
2020-05-20,US,Michigan,Cass,66,2,0,41.91522292,-85.99405727,26027.0,64,61,2,0,59,60,51653,5,0,0,5,1
2020-05-20,US,Michigan,Charlevoix,14,1,0,45.37790017,-85.19614053,26029.0,13,14,1,0,13,14,26244,0,0,0,0,0
2020-05-20,US,Michigan,Cheboygan,21,1,0,45.44787015,-84.50122149,26031.0,20,19,1,0,18,19,25413,2,0,0,2,0
2020-05-20,US,Michigan,Chippewa,2,0,0,46.29552653,-84.54353449,26033.0,2,2,0,0,2,2,37517,0,0,0,0,0
2020-05-20,US,Michigan,Clare,17,2,0,43.98794227,-84.84819859999998,26035.0,15,15,2,0,13,15,30757,2,0,0,2,0
2020-05-20,US,Michigan,Clinton,136,10,0,42.94400871,-84.60145248,26037.0,126,136,10,0,126,135,79332,0,0,0,0,1
2020-05-20,US,Michigan,Crawford,58,5,0,44.68255561,-84.61006219,26039.0,53,57,5,0,52,57,13901,1,0,0,1,0
2020-05-20,US,Michigan,Delta,16,2,0,45.90484910000001,-86.9080745,26041.0,14,15,2,0,13,14,35857,1,0,0,1,1
2020-05-20,US,Michigan,Dickinson,5,2,0,46.00999672,-87.86961634,26043.0,3,5,2,0,3,5,25383,0,0,0,0,0
2020-05-20,US,Michigan,Eaton,168,6,0,42.59599185,-84.83740035,26045.0,162,165,6,0,159,165,109826,3,0,0,3,0
2020-05-20,US,Michigan,Emmet,21,2,0,45.52625509,-84.89083249,26047.0,19,21,2,0,19,21,33308,0,0,0,0,0
2020-05-20,US,Michigan,Federal Correctional Institution (FCI),122,3,0,0.0,0.0,0.0,119,118,3,0,115,118,,4,0,0,4,0
2020-05-20,US,Michigan,Genesee,1915,238,0,43.02244215,-83.70589709,26049.0,1677,1891,235,0,1656,1869,406892,24,3,0,21,22
2020-05-20,US,Michigan,Gladwin,17,1,0,43.98901072,-84.38774817,26051.0,16,17,1,0,16,17,25337,0,0,0,0,0
2020-05-20,US,Michigan,Gogebic,5,1,0,46.40862701,-89.69377193,26053.0,4,5,1,0,4,5,15096,0,0,0,0,0
2020-05-20,US,Michigan,Grand Traverse,23,5,0,44.69565625,-85.55585247,26055.0,18,23,5,0,18,23,92573,0,0,0,0,0
2020-05-20,US,Michigan,Gratiot,56,4,0,43.29265605,-84.60505416,26057.0,52,50,4,0,46,49,40599,6,0,0,6,1
2020-05-20,US,Michigan,Hillsdale,167,24,0,41.88753639,-84.59312019,26059.0,143,165,24,0,141,167,45749,2,0,0,2,-2
2020-05-20,US,Michigan,Houghton,2,0,0,46.89988536,-88.68495385,26061.0,2,2,0,0,2,2,36219,0,0,0,0,0
2020-05-20,US,Michigan,Huron,41,1,0,43.83353985,-83.04078453,26063.0,40,44,1,0,43,44,31166,-3,0,0,-3,0
2020-05-20,US,Michigan,Ingham,667,23,0,42.59716886,-84.37472069,26065.0,644,650,23,0,627,649,292735,17,0,0,17,1
2020-05-20,US,Michigan,Ionia,124,3,0,42.94502238,-85.07413319,26067.0,121,123,3,0,120,119,64210,1,0,0,1,4
2020-05-20,US,Michigan,Iosco,71,9,0,44.35486835,-83.63484895,26069.0,62,65,8,0,57,59,25081,6,1,0,5,6
2020-05-20,US,Michigan,Isabella,65,7,0,43.64060976,-84.84664923,26073.0,58,62,7,0,55,62,70562,3,0,0,3,0
2020-05-20,US,Michigan,Jackson,421,26,0,42.24807035,-84.42258681,26075.0,395,418,26,0,392,415,158823,3,0,0,3,3
2020-05-20,US,Michigan,Kalamazoo,751,45,0,42.24542231,-85.53038622,26077.0,706,739,44,0,695,719,264870,12,1,0,11,20
2020-05-20,US,Michigan,Kalkaska,18,2,0,44.68512729,-85.09085699,26079.0,16,17,2,0,15,17,17824,1,0,0,1,0
2020-05-20,US,Michigan,Kent,3036,60,0,43.03197711,-85.54934642,26081.0,2976,2934,58,0,2876,2868,653786,102,2,0,100,66
2020-05-20,US,Michigan,Lake,3,0,0,43.99050893,-85.802173,26085.0,3,3,0,0,3,3,11881,0,0,0,0,0
2020-05-20,US,Michigan,Lapeer,182,30,0,43.09052506,-83.22153148,26087.0,152,180,30,0,150,180,88028,2,0,0,2,0
2020-05-20,US,Michigan,Leelanau,11,0,0,44.94430054,-85.80150326,26089.0,11,11,0,0,11,10,21764,0,0,0,0,1
2020-05-20,US,Michigan,Lenawee,140,3,0,41.89475156,-84.06603727,26091.0,137,140,3,0,137,136,98266,0,0,0,0,4
2020-05-20,US,Michigan,Livingston,387,26,0,42.60302282,-83.91297209,26093.0,361,385,26,0,359,386,191224,2,0,0,2,-1
2020-05-20,US,Michigan,Luce,2,0,0,46.47227431,-85.54471223,26095.0,2,2,0,0,2,2,6283,0,0,0,0,0
2020-05-20,US,Michigan,Mackinac,6,0,0,46.07028979,-85.04980537,26097.0,6,6,0,0,6,6,10787,0,0,0,0,0
2020-05-20,US,Michigan,Macomb,6392,763,0,42.69158356,-82.92752801,26099.0,5629,6367,753,0,5614,6357,874759,25,10,0,15,10
2020-05-20,US,Michigan,Manistee,11,0,0,44.33352407,-86.05626916,26101.0,11,11,0,0,11,11,24528,0,0,0,0,0
2020-05-20,US,Michigan,Marquette,52,10,0,46.4338914,-87.64043701,26103.0,42,52,10,0,42,52,66516,0,0,0,0,0
2020-05-20,US,Michigan,Mason,28,0,0,43.99509218,-86.24988902,26105.0,28,27,0,0,27,27,29100,1,0,0,1,0
2020-05-20,US,Michigan,Mecosta,19,2,0,43.64064262,-85.32463223,26107.0,17,19,2,0,17,18,43545,0,0,0,0,1
2020-05-20,US,Michigan,Menominee,8,0,0,45.58038692,-87.55370409,26109.0,8,8,0,0,8,8,22983,0,0,0,0,0
2020-05-20,US,Michigan,Michigan Department of Corrections (MDOC),3195,60,0,0.0,0.0,0.0,3135,3122,60,0,3062,3051,,73,0,0,73,71
2020-05-20,US,Michigan,Midland,76,8,0,43.64330771,-84.38804374,26111.0,68,76,8,0,68,71,83209,0,0,0,0,5
2020-05-20,US,Michigan,Missaukee,16,1,0,44.33772443,-85.09256478,26113.0,15,16,1,0,15,16,15113,0,0,0,0,0
2020-05-20,US,Michigan,Monroe,438,18,0,41.92734151,-83.53749864,26115.0,420,433,18,0,415,433,150439,5,0,0,5,0
2020-05-20,US,Michigan,Montcalm,60,1,0,43.31082541,-85.15252824,26117.0,59,56,1,0,55,55,63968,4,0,0,4,1
2020-05-20,US,Michigan,Montmorency,5,0,0,45.0275929,-84.12696227,26119.0,5,5,0,0,5,5,9265,0,0,0,0,0
2020-05-20,US,Michigan,Muskegon,530,26,0,43.29123859,-86.15176712,26121.0,504,519,25,0,494,513,173588,11,1,0,10,6
2020-05-20,US,Michigan,Newaygo,63,0,0,43.554373999999996,-85.80070107,26123.0,63,51,0,0,51,50,48892,12,0,0,12,1
2020-05-20,US,Michigan,Oakland,8117,935,0,42.66090111,-83.38595416,26125.0,7182,8078,928,0,7150,8050,1259201,39,7,0,32,28
2020-05-20,US,Michigan,Oceana,66,2,0,43.64124435,-86.26726673,26127.0,64,58,2,0,56,54,26625,8,0,0,8,4
2020-05-20,US,Michigan,Ogemaw,20,0,0,44.33481032,-84.12725175,26129.0,20,18,0,0,18,17,20952,2,0,0,2,1
2020-05-20,US,Michigan,Osceola,10,0,0,43.98992088,-85.32566756,26133.0,10,10,0,0,10,10,23341,0,0,0,0,0
2020-05-20,US,Michigan,Oscoda,6,1,0,44.68192279,-84.12939244,26135.0,5,5,1,0,4,5,8276,1,0,0,1,0
2020-05-20,US,Michigan,Otsego,99,10,0,45.02085831,-84.59898295,26137.0,89,99,10,0,89,99,24665,0,0,0,0,0
2020-05-20,US,Michigan,Ottawa,616,26,0,42.95996803,-85.9969107,26139.0,590,573,25,0,548,558,290494,43,1,0,42,15
2020-05-20,US,Michigan,Out of MI,21,0,0,0.0,0.0,80026.0,21,13,0,0,13,62,,8,0,0,8,-49
2020-05-20,US,Michigan,Presque Isle,11,0,0,45.34018577,-83.91498656,26141.0,11,11,0,0,11,11,12738,0,0,0,0,0
2020-05-20,US,Michigan,Roscommon,21,0,0,44.33473082,-84.61067651,26143.0,21,21,0,0,21,21,23884,0,0,0,0,0
2020-05-20,US,Michigan,Saginaw,957,100,0,43.33433923,-84.05131209999998,26145.0,857,940,99,0,841,930,190800,17,1,0,16,10
2020-05-20,US,Michigan,Sanilac,39,5,0,43.42406072,-82.82055898,26151.0,34,39,5,0,34,39,41182,0,0,0,0,0
2020-05-20,US,Michigan,Schoolcraft,4,0,0,46.19235734,-86.19972234,26153.0,4,4,0,0,4,4,8068,0,0,0,0,0
2020-05-20,US,Michigan,Shiawassee,246,21,0,42.95392800000001,-84.14585902,26155.0,225,235,21,0,214,227,68192,11,0,0,11,8
2020-05-20,US,Michigan,St. Clair,419,33,0,42.92655373,-82.67937954,26147.0,386,412,32,0,380,407,159337,7,1,0,6,5
2020-05-20,US,Michigan,St. Joseph,92,2,0,41.91441767,-85.52797979,26149.0,90,90,1,0,89,87,61043,2,1,0,1,3
2020-05-20,US,Michigan,Tuscola,174,22,0,43.46606813,-83.41897025,26157.0,152,173,21,0,152,172,52516,1,1,0,0,1
2020-05-20,US,Michigan,Unassigned,3,0,0,0.0,0.0,90026.0,3,2,0,0,2,2,,1,0,0,1,0
2020-05-20,US,Michigan,Van Buren,116,6,0,42.25190229,-86.01939087,26159.0,110,116,6,0,110,115,75448,0,0,0,0,1
2020-05-20,US,Michigan,Washtenaw,1261,90,0,42.253105,-83.83853204,26161.0,1171,1251,89,0,1162,1245,370963,10,1,0,9,6
2020-05-20,US,Michigan,Wayne,19432,2284,0,42.28098405,-83.281255,26163.0,17148,19292,2275,0,17017,19128,1753893,140,9,0,131,164
2020-05-20,US,Michigan,Wexford,11,2,0,44.33853602,-85.57712739,26165.0,9,11,2,0,9,11,33466,0,0,0,0,0
2020-05-20,US,Minnesota,Aitkin,4,0,0,46.60962049,-93.41168259999999,27001.0,4,4,0,0,4,4,15902,0,0,0,0,0
2020-05-20,US,Minnesota,Anoka,955,45,0,45.27476015,-93.24604565,27003.0,910,919,42,0,877,869,353813,36,3,0,33,50
2020-05-20,US,Minnesota,Becker,32,0,0,46.93479392,-95.67158144,27005.0,32,32,0,0,32,33,34371,0,0,0,0,-1
2020-05-20,US,Minnesota,Beltrami,9,0,0,47.97373527,-94.93732139,27007.0,9,9,0,0,9,9,46847,0,0,0,0,0
2020-05-20,US,Minnesota,Benton,148,2,0,45.69804958,-93.99514135,27009.0,146,142,2,0,140,138,40545,6,0,0,6,4
2020-05-20,US,Minnesota,Big Stone,3,0,0,45.42712824,-96.41403739,27011.0,3,3,0,0,3,3,4989,0,0,0,0,0
2020-05-20,US,Minnesota,Blue Earth,98,1,0,44.03554215,-94.06699781,27013.0,97,93,0,0,93,87,67427,5,1,0,4,6
2020-05-20,US,Minnesota,Brown,10,2,0,44.24205652,-94.72562874,27015.0,8,10,2,0,8,10,25111,0,0,0,0,0
2020-05-20,US,Minnesota,Carlton,70,0,0,46.59180601,-92.67601019,27017.0,70,67,0,0,67,66,35837,3,0,0,3,1
2020-05-20,US,Minnesota,Carver,131,2,0,44.82017001,-93.80099179999999,27019.0,129,128,2,0,126,117,103551,3,0,0,3,11
2020-05-20,US,Minnesota,Cass,11,2,0,46.95043611,-94.32603968,27021.0,9,11,2,0,9,10,29519,0,0,0,0,1
2020-05-20,US,Minnesota,Chippewa,36,0,0,45.02343421,-95.56403693,27023.0,36,34,0,0,34,32,11924,2,0,0,2,2
2020-05-20,US,Minnesota,Chisago,38,1,0,45.5021011,-92.90861945,27025.0,37,38,1,0,37,37,55922,0,0,0,0,1
2020-05-20,US,Minnesota,Clay,328,21,0,46.89289518,-96.48761922,27027.0,307,318,21,0,297,310,63955,10,0,0,10,8
2020-05-20,US,Minnesota,Clearwater,2,0,0,47.57992111,-95.37790562,27029.0,2,2,0,0,2,2,8810,0,0,0,0,0
2020-05-20,US,Minnesota,Cottonwood,59,0,0,44.00715262,-95.18138802,27033.0,59,59,0,0,59,58,11277,0,0,0,0,1
2020-05-20,US,Minnesota,Crow Wing,38,1,0,46.48096553,-94.06755609,27035.0,37,30,1,0,29,30,64889,8,0,0,8,0
2020-05-20,US,Minnesota,Dakota,885,31,0,44.67172617,-93.06299363,27037.0,854,841,25,0,816,802,425423,44,6,0,38,39
2020-05-20,US,Minnesota,Dodge,40,0,0,44.02238415,-92.86244324,27039.0,40,39,0,0,39,36,20822,1,0,0,1,3
2020-05-20,US,Minnesota,Douglas,24,0,0,45.93348491,-95.45335469,27041.0,24,23,0,0,23,21,37964,1,0,0,1,2
2020-05-20,US,Minnesota,Faribault,10,0,0,43.67381499,-93.94787458,27043.0,10,11,0,0,11,10,13758,-1,0,0,-1,1
2020-05-20,US,Minnesota,Fillmore,17,1,0,43.67394126,-92.08980382,27045.0,16,17,1,0,16,17,21058,0,0,0,0,0
2020-05-20,US,Minnesota,Freeborn,67,0,0,43.67385583,-93.34884422,27047.0,67,63,0,0,63,61,30444,4,0,0,4,2
2020-05-20,US,Minnesota,Goodhue,38,0,0,44.40849741,-92.72341949999999,27049.0,38,36,0,0,36,34,46403,2,0,0,2,2
2020-05-20,US,Minnesota,Grant,2,0,0,45.93424769,-96.01139609,27051.0,2,2,0,0,2,2,6021,0,0,0,0,0
2020-05-20,US,Minnesota,Hennepin,5838,485,0,45.00761521,-93.47694895,27053.0,5353,5650,476,0,5174,5409,1259428,188,9,0,179,241
2020-05-20,US,Minnesota,Houston,2,0,0,43.67129565,-91.49143057,27055.0,2,2,0,0,2,2,18578,0,0,0,0,0
2020-05-20,US,Minnesota,Isanti,20,0,0,45.56181234,-93.29487636,27059.0,20,19,0,0,19,19,39966,1,0,0,1,0
2020-05-20,US,Minnesota,Itasca,50,6,0,47.51009045,-93.63092229,27061.0,44,49,6,0,43,49,45108,1,0,0,1,0
2020-05-20,US,Minnesota,Jackson,36,0,0,43.67423373,-95.15398258,27063.0,36,36,0,0,36,36,9911,0,0,0,0,0
2020-05-20,US,Minnesota,Kanabec,9,1,0,45.9459309,-93.29275192,27065.0,8,9,1,0,8,9,16207,0,0,0,0,0
2020-05-20,US,Minnesota,Kandiyohi,426,1,0,45.1526059,-95.00586446,27067.0,425,420,1,0,419,415,42855,6,0,0,6,5
2020-05-20,US,Minnesota,Kittson,1,0,0,48.77754106,-96.78317184,27069.0,1,1,0,0,1,1,4248,0,0,0,0,0
2020-05-20,US,Minnesota,Koochiching,5,0,0,48.24539665,-93.78352843,27071.0,5,5,0,0,5,5,12440,0,0,0,0,0
2020-05-20,US,Minnesota,Lac qui Parle,3,0,0,44.9973857,-96.17488219,27073.0,3,3,0,0,3,3,6658,0,0,0,0,0
2020-05-20,US,Minnesota,Lake,1,0,0,47.64270764,-91.44557998,27075.0,1,1,0,0,1,1,10658,0,0,0,0,0
2020-05-20,US,Minnesota,Le Sueur,36,1,0,44.37136597,-93.72844721,27079.0,35,36,1,0,35,35,28494,0,0,0,0,1
2020-05-20,US,Minnesota,Lincoln,4,0,0,44.41311883,-96.26688165,27081.0,4,4,0,0,4,4,5673,0,0,0,0,0
2020-05-20,US,Minnesota,Lyon,26,0,0,44.41327865,-95.83806103,27083.0,26,26,0,0,26,26,25629,0,0,0,0,0
2020-05-20,US,Minnesota,Mahnomen,5,1,0,47.32557075,-95.80921485,27087.0,4,5,1,0,4,5,5519,0,0,0,0,0
2020-05-20,US,Minnesota,Marshall,8,0,0,48.35825983,-96.37017407,27089.0,8,8,0,0,8,8,9390,0,0,0,0,0
2020-05-20,US,Minnesota,Martin,123,5,0,43.67429718,-94.55099908,27091.0,118,123,5,0,118,120,19785,0,0,0,0,3
2020-05-20,US,Minnesota,McLeod,19,0,0,44.82367677,-94.27287017,27085.0,19,18,0,0,18,18,35873,1,0,0,1,0
2020-05-20,US,Minnesota,Meeker,40,0,0,45.12328869,-94.52839455,27093.0,40,38,0,0,38,36,23141,2,0,0,2,2
2020-05-20,US,Minnesota,Mille Lacs,15,1,0,45.93705297,-93.63236823,27095.0,14,13,1,0,12,12,26139,2,0,0,2,1
2020-05-20,US,Minnesota,Morrison,31,0,0,46.01265363,-94.27341528,27097.0,31,29,0,0,29,27,33169,2,0,0,2,2
2020-05-20,US,Minnesota,Mower,78,1,0,43.67142874,-92.75234549,27099.0,77,72,0,0,72,65,40011,6,1,0,5,7
2020-05-20,US,Minnesota,Murray,33,0,0,44.02216709,-95.76328482,27101.0,33,33,0,0,33,33,8276,0,0,0,0,0
2020-05-20,US,Minnesota,Nicollet,44,3,0,44.35291112,-94.24710352,27103.0,41,43,3,0,40,39,34220,1,0,0,1,4
2020-05-20,US,Minnesota,Nobles,1396,2,0,43.67434621,-95.75329576,27105.0,1394,1394,2,0,1392,1387,21924,2,0,0,2,7
2020-05-20,US,Minnesota,Norman,11,0,0,47.32628443,-96.45620947,27107.0,11,11,0,0,11,11,6475,0,0,0,0,0
2020-05-20,US,Minnesota,Olmsted,488,10,0,44.00374114,-92.40209944,27109.0,478,479,10,0,469,461,156277,9,0,0,9,18
2020-05-20,US,Minnesota,Otter Tail,51,0,0,46.40846929,-95.70835255,27111.0,51,51,0,0,51,47,58812,0,0,0,0,4
2020-05-20,US,Minnesota,Pennington,3,0,0,48.06642577,-96.0370814,27113.0,3,3,0,0,3,2,14178,0,0,0,0,1
2020-05-20,US,Minnesota,Pine,83,0,0,46.12105238,-92.74070188,27115.0,83,83,0,0,83,83,29483,0,0,0,0,0
2020-05-20,US,Minnesota,Pipestone,10,0,0,44.02301619,-96.25841142,27117.0,10,10,0,0,10,10,9047,0,0,0,0,0
2020-05-20,US,Minnesota,Polk,57,2,0,47.77372465,-96.40134647,27119.0,55,56,2,0,54,56,31529,1,0,0,1,0
2020-05-20,US,Minnesota,Pope,6,0,0,45.58606667,-95.44451209,27121.0,6,5,0,0,5,5,11097,1,0,0,1,0
2020-05-20,US,Minnesota,Ramsey,1846,80,0,45.01625271,-93.09872295,27123.0,1766,1720,74,0,1646,1625,550210,126,6,0,120,95
2020-05-20,US,Minnesota,Red Lake,3,0,0,47.87197525,-96.09561104,27125.0,3,3,0,0,3,3,3999,0,0,0,0,0
2020-05-20,US,Minnesota,Redwood,3,0,0,44.40555844,-95.25207021,27127.0,3,3,0,0,3,3,15249,0,0,0,0,0
2020-05-20,US,Minnesota,Renville,5,0,0,44.72836381,-94.94553734,27129.0,5,5,0,0,5,5,14612,0,0,0,0,0
2020-05-20,US,Minnesota,Rice,295,2,0,44.3543376,-93.29658715,27131.0,293,270,2,0,268,260,66523,25,0,0,25,10
2020-05-20,US,Minnesota,Rock,20,0,0,43.67482683,-96.25296832,27133.0,20,20,0,0,20,20,9414,0,0,0,0,0
2020-05-20,US,Minnesota,Roseau,1,0,0,48.77501878,-95.81079919,27135.0,1,1,0,0,1,1,15150,0,0,0,0,0
2020-05-20,US,Minnesota,Scott,291,2,0,44.6490231,-93.53340251,27139.0,289,271,1,0,270,259,147381,20,1,0,19,12
2020-05-20,US,Minnesota,Sherburne,178,1,0,45.44447208,-93.77617511,27141.0,177,164,2,0,162,155,96036,14,-1,0,15,9
2020-05-20,US,Minnesota,Sibley,11,0,0,44.5796592,-94.23164924,27143.0,11,10,0,0,10,10,15028,1,0,0,1,0
2020-05-20,US,Minnesota,St. Louis,110,13,0,47.604840700000004,-92.46879855,27137.0,97,107,13,0,94,105,199754,3,0,0,3,2
2020-05-20,US,Minnesota,Stearns,1831,11,0,45.55192576,-94.61078221,27145.0,1820,1782,10,0,1772,1740,159256,49,1,0,48,42
2020-05-20,US,Minnesota,Steele,116,0,0,44.02240351,-93.22627088,27147.0,116,115,0,0,115,111,36803,1,0,0,1,4
2020-05-20,US,Minnesota,Swift,13,0,0,45.2829032,-95.68264092,27151.0,13,13,0,0,13,13,9345,0,0,0,0,0
2020-05-20,US,Minnesota,Todd,110,0,0,46.06996226,-94.89785296,27153.0,110,87,0,0,87,73,24582,23,0,0,23,14
2020-05-20,US,Minnesota,Traverse,3,0,0,45.77298854,-96.47062949,27155.0,3,3,0,0,3,3,3308,0,0,0,0,0
2020-05-20,US,Minnesota,Unassigned,32,9,0,0.0,0.0,90027.0,23,35,9,0,26,28,,-3,0,0,-3,7
2020-05-20,US,Minnesota,Wabasha,16,0,0,44.28424356,-92.23121312,27157.0,16,16,0,0,16,16,21645,0,0,0,0,0
2020-05-20,US,Minnesota,Wadena,6,0,0,46.58589171,-94.96968506,27159.0,6,6,0,0,6,5,13773,0,0,0,0,1
2020-05-20,US,Minnesota,Waseca,22,0,0,44.02211116,-93.58720034,27161.0,22,21,0,0,21,20,18691,1,0,0,1,1
2020-05-20,US,Minnesota,Washington,414,21,0,45.03864533,-92.88429635,27163.0,393,398,19,0,379,378,259201,16,2,0,14,20
2020-05-20,US,Minnesota,Watonwan,42,0,0,43.97823903,-94.61413846,27165.0,42,41,0,0,41,41,10980,1,0,0,1,0
2020-05-20,US,Minnesota,Wilkin,11,3,0,46.35721532,-96.4684375,27167.0,8,11,3,0,8,11,6254,0,0,0,0,0
2020-05-20,US,Minnesota,Winona,75,15,0,43.98772283,-91.78081305,27169.0,60,75,15,0,60,75,50825,0,0,0,0,0
2020-05-20,US,Minnesota,Wright,198,1,0,45.17297924,-93.96234781,27171.0,197,182,1,0,181,172,136349,16,0,0,16,10
2020-05-20,US,Minnesota,Yellow Medicine,5,0,0,44.71710183,-95.86842453,27173.0,5,4,0,0,4,3,9795,1,0,0,1,1
2020-05-20,US,Mississippi,Adams,178,15,0,31.47669768,-91.35326037,28001.0,163,177,15,0,162,173,31192,1,0,0,1,4
2020-05-20,US,Mississippi,Alcorn,12,1,0,34.88084463,-88.57996173,28003.0,11,12,1,0,11,12,36925,0,0,0,0,0
2020-05-20,US,Mississippi,Amite,48,1,0,31.17467303,-90.80501621,28005.0,47,45,1,0,44,46,12326,3,0,0,3,-1
2020-05-20,US,Mississippi,Attala,259,10,0,33.08658803,-89.57838564,28007.0,249,259,9,0,250,248,18365,0,1,0,-1,11
2020-05-20,US,Mississippi,Benton,13,0,0,34.81681228,-89.18945516,28009.0,13,13,0,0,13,13,8271,0,0,0,0,0
2020-05-20,US,Mississippi,Bolivar,132,10,0,33.79696941,-90.87372121,28011.0,122,129,10,0,119,129,31333,3,0,0,3,0
2020-05-20,US,Mississippi,Calhoun,59,4,0,33.93683395,-89.33686647,28013.0,55,59,4,0,55,58,14436,0,0,0,0,1
2020-05-20,US,Mississippi,Carroll,111,8,0,33.44834567,-89.91994479,28015.0,103,110,8,0,102,110,9911,1,0,0,1,0
2020-05-20,US,Mississippi,Chickasaw,117,12,0,33.91983202,-88.9481545,28017.0,105,116,12,0,104,116,17171,1,0,0,1,0
2020-05-20,US,Mississippi,Choctaw,24,2,0,33.34598242,-89.24809382,28019.0,22,23,2,0,21,23,8278,1,0,0,1,0
2020-05-20,US,Mississippi,Claiborne,51,1,0,31.97061673,-90.90702196,28021.0,50,51,1,0,50,49,9002,0,0,0,0,2
2020-05-20,US,Mississippi,Clarke,120,16,0,32.04158545,-88.68896219999998,28023.0,104,113,14,0,99,102,15604,7,2,0,5,11
2020-05-20,US,Mississippi,Clay,86,3,0,33.65358105,-88.77784255,28025.0,83,86,3,0,83,79,19386,0,0,0,0,7
2020-05-20,US,Mississippi,Coahoma,86,3,0,34.22772299,-90.60415045,28027.0,83,85,3,0,82,79,22628,1,0,0,1,6
2020-05-20,US,Mississippi,Copiah,211,4,0,31.86977774,-90.44565118,28029.0,207,207,3,0,204,204,28543,4,1,0,3,3
2020-05-20,US,Mississippi,Covington,117,1,0,31.63225413,-89.55389939,28031.0,116,110,1,0,109,108,18853,7,0,0,7,2
2020-05-20,US,Mississippi,DeSoto,418,5,0,34.87625235,-89.99091418,28033.0,413,404,5,0,399,391,182001,14,0,0,14,13
2020-05-20,US,Mississippi,Forrest,438,32,0,31.18961454,-89.25832496,28035.0,406,435,29,0,406,442,75036,3,3,0,0,-7
2020-05-20,US,Mississippi,Franklin,22,1,0,31.47786634,-90.89672989,28037.0,21,21,1,0,20,21,7788,1,0,0,1,0
2020-05-20,US,Mississippi,George,19,1,0,30.86259065,-88.64436789,28039.0,18,19,1,0,18,17,24250,0,0,0,0,2
2020-05-20,US,Mississippi,Greene,7,1,0,31.21444233,-88.63922281,28041.0,6,7,1,0,6,7,13586,0,0,0,0,0
2020-05-20,US,Mississippi,Grenada,63,2,0,33.77036166,-89.80245083,28043.0,61,60,2,0,58,60,21055,3,0,0,3,0
2020-05-20,US,Mississippi,Hancock,81,10,0,30.41830223,-89.48851033,28045.0,71,81,10,0,71,81,47334,0,0,0,0,0
2020-05-20,US,Mississippi,Harrison,220,6,0,30.51359752,-89.12467576,28047.0,214,218,6,0,212,216,206650,2,0,0,2,2
2020-05-20,US,Mississippi,Hinds,800,23,0,32.2656285,-90.44435448,28049.0,777,786,22,0,764,772,237085,14,1,0,13,14
2020-05-20,US,Mississippi,Holmes,320,21,0,33.12345854,-90.08923538,28051.0,299,310,20,0,290,298,17622,10,1,0,9,12
2020-05-20,US,Mississippi,Humphreys,49,5,0,33.12825718,-90.52252707,28053.0,44,49,5,0,44,46,8257,0,0,0,0,3
2020-05-20,US,Mississippi,Itawamba,81,7,0,34.27993475,-88.3606733,28057.0,74,79,7,0,72,79,23517,2,0,0,2,0
2020-05-20,US,Mississippi,Jackson,288,13,0,30.54020656,-88.64184064,28059.0,275,287,13,0,274,287,143277,1,0,0,1,0
2020-05-20,US,Mississippi,Jasper,123,3,0,32.01922104,-89.11786866,28061.0,120,116,3,0,113,114,16428,7,0,0,7,2
2020-05-20,US,Mississippi,Jefferson,38,0,0,31.73397872,-91.03764977,28063.0,38,38,0,0,38,37,7106,0,0,0,0,1
2020-05-20,US,Mississippi,Jefferson Davis,69,2,0,31.56884708,-89.82670990000004,28065.0,67,69,2,0,67,68,11234,0,0,0,0,1
2020-05-20,US,Mississippi,Jones,366,12,0,31.62257767,-89.16896899999998,28067.0,354,358,10,0,348,342,68461,8,2,0,6,16
2020-05-20,US,Mississippi,Kemper,110,10,0,32.75462946,-88.64105766,28069.0,100,105,10,0,95,102,10027,5,0,0,5,3
2020-05-20,US,Mississippi,Lafayette,110,3,0,34.35687874,-89.48490961,28071.0,107,109,3,0,106,109,54793,1,0,0,1,0
2020-05-20,US,Mississippi,Lamar,205,4,0,31.20572971,-89.5077704,28073.0,201,199,4,0,195,175,62447,6,0,0,6,24
2020-05-20,US,Mississippi,Lauderdale,616,46,0,32.40419769,-88.66229662,28075.0,570,602,46,0,556,589,75317,14,0,0,14,13
2020-05-20,US,Mississippi,Lawrence,80,0,0,31.55147224,-90.10841127,28077.0,80,80,0,0,80,78,12455,0,0,0,0,2
2020-05-20,US,Mississippi,Leake,367,7,0,32.7536828,-89.52402044,28079.0,360,364,7,0,357,361,22763,3,0,0,3,3
2020-05-20,US,Mississippi,Lee,95,5,0,34.291877500000005,-88.68149954,28081.0,90,96,5,0,91,93,85202,-1,0,0,-1,3
2020-05-20,US,Mississippi,Leflore,205,23,0,33.55545125,-90.29900733,28083.0,182,202,22,0,180,200,28919,3,1,0,2,2
2020-05-20,US,Mississippi,Lincoln,222,18,0,31.53288662,-90.45391915,28085.0,204,218,18,0,200,218,34205,4,0,0,4,0
2020-05-20,US,Mississippi,Lowndes,135,6,0,33.47386518,-88.44191529999998,28087.0,129,132,6,0,126,126,58930,3,0,0,3,6
2020-05-20,US,Mississippi,Madison,573,18,0,32.63389156,-90.03513564,28089.0,555,561,17,0,544,543,105630,12,1,0,11,18
2020-05-20,US,Mississippi,Marion,97,8,0,31.23132643,-89.8209217,28091.0,89,93,8,0,85,89,24715,4,0,0,4,4
2020-05-20,US,Mississippi,Marshall,68,3,0,34.76216286,-89.50299462,28093.0,65,67,3,0,64,67,35451,1,0,0,1,0
2020-05-20,US,Mississippi,Monroe,226,23,0,33.89236763,-88.4808438,28095.0,203,220,23,0,197,220,35564,6,0,0,6,0
2020-05-20,US,Mississippi,Montgomery,75,1,0,33.49419589,-89.61729103,28097.0,74,74,1,0,73,72,10023,1,0,0,1,2
2020-05-20,US,Mississippi,Neshoba,452,26,0,32.75339664,-89.11726492,28099.0,426,429,25,0,404,423,29125,23,1,0,22,6
2020-05-20,US,Mississippi,Newton,206,3,0,32.40021118,-89.11843336,28101.0,203,196,3,0,193,192,21443,10,0,0,10,4
2020-05-20,US,Mississippi,Noxubee,145,4,0,33.11009499,-88.56949061,28103.0,141,145,4,0,141,140,10535,0,0,0,0,5
2020-05-20,US,Mississippi,Oktibbeha,110,8,0,33.42491685,-88.87905132,28105.0,102,107,8,0,99,105,49599,3,0,0,3,2
2020-05-20,US,Mississippi,Panola,54,2,0,34.36398677,-89.95064249,28107.0,52,52,2,0,50,50,34178,2,0,0,2,2
2020-05-20,US,Mississippi,Pearl River,197,27,0,30.77090935,-89.58677275,28109.0,170,195,27,0,168,195,55387,2,0,0,2,0
2020-05-20,US,Mississippi,Perry,38,2,0,31.17161885,-88.99281835,28111.0,36,37,2,0,35,36,11931,1,0,0,1,1
2020-05-20,US,Mississippi,Pike,186,11,0,31.17507789,-90.40392572,28113.0,175,184,11,0,173,178,39563,2,0,0,2,6
2020-05-20,US,Mississippi,Pontotoc,26,2,0,34.226046000000004,-89.03636807,28115.0,24,25,2,0,23,25,31833,1,0,0,1,0
2020-05-20,US,Mississippi,Prentiss,36,3,0,34.61810501,-88.51986294,28117.0,33,36,3,0,33,36,25315,0,0,0,0,0
2020-05-20,US,Mississippi,Quitman,21,0,0,34.25157572,-90.28908,28119.0,21,21,0,0,21,21,7051,0,0,0,0,0
2020-05-20,US,Mississippi,Rankin,310,6,0,32.26469147,-89.94537876,28121.0,304,295,6,0,289,287,153902,15,0,0,15,8
2020-05-20,US,Mississippi,Scott,567,10,0,32.406704100000006,-89.53789439,28123.0,557,550,10,0,540,532,28287,17,0,0,17,18
2020-05-20,US,Mississippi,Sharkey,7,0,0,32.88149103,-90.81595379999999,28125.0,7,7,0,0,7,6,4377,0,0,0,0,1
2020-05-20,US,Mississippi,Simpson,79,0,0,31.91282117,-89.91716179,28127.0,79,78,0,0,78,78,26758,1,0,0,1,0
2020-05-20,US,Mississippi,Smith,121,10,0,32.01744532,-89.50644846,28129.0,111,120,9,0,111,115,16002,1,1,0,0,5
2020-05-20,US,Mississippi,Stone,26,0,0,30.79187949,-89.11547539,28131.0,26,24,0,0,24,24,18717,2,0,0,2,0
2020-05-20,US,Mississippi,Sunflower,70,3,0,33.60192578,-90.58882684,28133.0,67,68,3,0,65,68,25735,2,0,0,2,0
2020-05-20,US,Mississippi,Tallahatchie,21,1,0,33.95339918,-90.1729398,28135.0,20,21,1,0,20,21,13987,0,0,0,0,0
2020-05-20,US,Mississippi,Tate,56,1,0,34.65133709,-89.94485778,28137.0,55,55,1,0,54,55,28759,1,0,0,1,0
2020-05-20,US,Mississippi,Tippah,69,11,0,34.76872156,-88.90988194,28139.0,58,69,11,0,58,69,21995,0,0,0,0,0
2020-05-20,US,Mississippi,Tishomingo,21,0,0,34.74023475,-88.23917219,28141.0,21,21,0,0,21,14,19454,0,0,0,0,7
2020-05-20,US,Mississippi,Tunica,45,2,0,34.64967704,-90.37481167,28143.0,43,45,2,0,43,44,9944,0,0,0,0,1
2020-05-20,US,Mississippi,Union,65,4,0,34.49162015,-89.00776006,28145.0,61,65,4,0,61,62,28606,0,0,0,0,3
2020-05-20,US,Mississippi,Walthall,46,0,0,31.14971548,-90.10446654,28147.0,46,44,0,0,44,46,14465,2,0,0,2,-2
2020-05-20,US,Mississippi,Warren,136,5,0,32.35810271,-90.83352619,28149.0,131,135,5,0,130,133,46176,1,0,0,1,2
2020-05-20,US,Mississippi,Washington,139,4,0,33.28392041,-90.94196237,28151.0,135,128,4,0,124,123,45063,11,0,0,11,5
2020-05-20,US,Mississippi,Wayne,51,0,0,31.64135687,-88.69573913,28153.0,51,45,0,0,45,39,20298,6,0,0,6,6
2020-05-20,US,Mississippi,Webster,22,1,0,33.61300486,-89.28392912,28155.0,21,22,1,0,21,22,9788,0,0,0,0,0
2020-05-20,US,Mississippi,Wilkinson,80,9,0,31.16078225,-91.31018819,28157.0,71,78,9,0,69,78,8792,2,0,0,2,0
2020-05-20,US,Mississippi,Winston,86,0,0,33.08747908,-89.03391385,28159.0,86,86,0,0,86,83,18165,0,0,0,0,3
2020-05-20,US,Mississippi,Yalobusha,75,3,0,34.02824175,-89.70762049999998,28161.0,72,75,2,0,73,73,12392,0,1,0,-1,2
2020-05-20,US,Mississippi,Yazoo,194,2,0,32.77890365,-90.39656148,28163.0,192,192,2,0,190,190,28248,2,0,0,2,2
2020-05-20,US,Missouri,Adair,34,0,0,40.19058551,-92.60078167,29001.0,34,29,0,0,29,29,25339,5,0,0,5,0
2020-05-20,US,Missouri,Andrew,20,0,0,39.98492163,-94.80163024,29003.0,20,19,0,0,19,17,17607,1,0,0,1,2
2020-05-20,US,Missouri,Atchison,3,0,0,40.43238737,-95.42970639,29005.0,3,2,0,0,2,2,5171,1,0,0,1,0
2020-05-20,US,Missouri,Audrain,18,0,0,39.215877,-91.84242683,29007.0,18,6,0,0,6,2,25473,12,0,0,12,4
2020-05-20,US,Missouri,Barry,6,0,0,36.70978521,-93.82919888,29009.0,6,6,0,0,6,6,35886,0,0,0,0,0
2020-05-20,US,Missouri,Bates,7,1,0,38.25271289,-94.34113157,29013.0,6,7,1,0,6,7,16320,0,0,0,0,0
2020-05-20,US,Missouri,Benton,9,0,0,38.29503305,-93.28756116,29015.0,9,9,0,0,9,9,19278,0,0,0,0,0
2020-05-20,US,Missouri,Bollinger,4,0,0,37.32449052,-90.02725304,29017.0,4,4,0,0,4,4,12169,0,0,0,0,0
2020-05-20,US,Missouri,Boone,106,1,0,38.99186229,-92.30723575,29019.0,105,106,1,0,105,105,180005,0,0,0,0,1
2020-05-20,US,Missouri,Buchanan,562,2,0,39.65816401,-94.80138942,29021.0,560,543,2,0,541,520,88571,19,0,0,19,23
2020-05-20,US,Missouri,Butler,34,0,0,36.71462476,-90.40421163,29023.0,34,32,0,0,32,30,42639,2,0,0,2,2
2020-05-20,US,Missouri,Caldwell,5,0,0,39.65620858,-93.98308093,29025.0,5,4,0,0,4,4,9108,1,0,0,1,0
2020-05-20,US,Missouri,Callaway,23,1,0,38.83674754,-91.92186505,29027.0,22,23,1,0,22,23,44889,0,0,0,0,0
2020-05-20,US,Missouri,Camden,36,1,0,38.02199522,-92.76083747,29029.0,35,36,1,0,35,36,45815,0,0,0,0,0
2020-05-20,US,Missouri,Cape Girardeau,55,2,0,37.38489388,-89.6843587,29031.0,53,54,2,0,52,54,78753,1,0,0,1,0
2020-05-20,US,Missouri,Carroll,7,0,0,39.42762566,-93.50626255,29033.0,7,7,0,0,7,7,8743,0,0,0,0,0
2020-05-20,US,Missouri,Carter,4,1,0,36.94160441,-90.96051322,29035.0,3,4,1,0,3,3,6054,0,0,0,0,1
2020-05-20,US,Missouri,Cass,74,8,0,38.64789422,-94.353399,29037.0,66,72,8,0,64,72,104954,2,0,0,2,0
2020-05-20,US,Missouri,Cedar,9,0,0,37.72391475,-93.85445441,29039.0,9,9,0,0,9,9,14165,0,0,0,0,0
2020-05-20,US,Missouri,Chariton,6,0,0,39.51499357,-92.9629191,29041.0,6,6,0,0,6,6,7451,0,0,0,0,0
2020-05-20,US,Missouri,Christian,21,0,0,36.9711783,-93.18537118,29043.0,21,21,0,0,21,21,86983,0,0,0,0,0
2020-05-20,US,Missouri,Clark,1,0,0,40.41040752,-91.73661677,29045.0,1,1,0,0,1,1,6842,0,0,0,0,0
2020-05-20,US,Missouri,Clay,125,1,0,39.31132056,-94.41850862,29047.0,124,123,1,0,122,117,246365,2,0,0,2,6
2020-05-20,US,Missouri,Clinton,18,0,0,39.6013098,-94.40465394,29049.0,18,17,0,0,17,17,20470,1,0,0,1,0
2020-05-20,US,Missouri,Cole,56,1,0,38.50455671,-92.27860244,29051.0,55,56,1,0,55,56,76796,0,0,0,0,0
2020-05-20,US,Missouri,Cooper,9,0,0,38.844478,-92.80896081,29053.0,9,9,0,0,9,9,17603,0,0,0,0,0
2020-05-20,US,Missouri,Crawford,9,0,0,37.97663738,-91.30528104,29055.0,9,9,0,0,9,9,23957,0,0,0,0,0
2020-05-20,US,Missouri,Dallas,3,0,0,37.681135499999996,-93.02127031,29059.0,3,3,0,0,3,2,16762,0,0,0,0,1
2020-05-20,US,Missouri,Daviess,3,0,0,39.96145298,-93.98519678,29061.0,3,3,0,0,3,3,8313,0,0,0,0,0
2020-05-20,US,Missouri,DeKalb,5,0,0,39.89201062,-94.40476508,29063.0,5,4,0,0,4,4,12630,1,0,0,1,0
2020-05-20,US,Missouri,Dunklin,26,2,0,36.27167174,-90.09122243,29069.0,24,26,2,0,24,26,29423,0,0,0,0,0
2020-05-20,US,Missouri,Franklin,136,15,0,38.41127108,-91.07522826,29071.0,121,135,14,0,121,135,103670,1,1,0,0,0
2020-05-20,US,Missouri,Gasconade,2,0,0,38.43947277,-91.50847147,29073.0,2,2,0,0,2,2,14705,0,0,0,0,0
2020-05-20,US,Missouri,Gentry,4,0,0,40.21097916,-94.40944419,29075.0,4,3,0,0,3,3,6628,1,0,0,1,0
2020-05-20,US,Missouri,Greene,111,7,0,37.2575872,-93.34230916,29077.0,104,107,8,0,99,107,291923,4,-1,0,5,0
2020-05-20,US,Missouri,Harrison,8,0,0,40.35570088,-93.99222144,29081.0,8,8,0,0,8,7,8414,0,0,0,0,1
2020-05-20,US,Missouri,Henry,9,1,0,38.38482826,-93.79293734,29083.0,8,9,1,0,8,9,21792,0,0,0,0,0
2020-05-20,US,Missouri,Holt,1,0,0,40.09799248,-95.21638879999999,29087.0,1,1,0,0,1,1,4404,0,0,0,0,0
2020-05-20,US,Missouri,Howard,3,0,0,39.1435761,-92.69756691,29089.0,3,3,0,0,3,3,10137,0,0,0,0,0
2020-05-20,US,Missouri,Howell,5,0,0,36.77383887,-91.88683935,29091.0,5,5,0,0,5,5,40076,0,0,0,0,0
2020-05-20,US,Missouri,Iron,2,0,0,37.55487945,-90.7735296,29093.0,2,2,0,0,2,2,10177,0,0,0,0,0
2020-05-20,US,Missouri,Jackson,457,16,0,39.01002188,-94.34724536,29095.0,441,457,16,0,441,454,700307,0,0,0,0,3
2020-05-20,US,Missouri,Jasper,29,0,0,37.20351921,-94.34050458,29097.0,29,29,0,0,29,29,120636,0,0,0,0,0
2020-05-20,US,Missouri,Jefferson,331,14,0,38.25926778,-90.53870896,29099.0,317,331,14,0,317,330,224347,0,0,0,0,1
2020-05-20,US,Missouri,Johnson,72,0,0,38.74719601,-93.80691168,29101.0,72,72,0,0,72,72,53652,0,0,0,0,0
2020-05-20,US,Missouri,Kansas City,924,23,0,39.0997,-94.5786,0.0,901,902,21,0,881,901,491918,22,2,0,20,1
2020-05-20,US,Missouri,Laclede,3,0,0,37.65896829,-92.5888493,29105.0,3,3,0,0,3,3,35713,0,0,0,0,0
2020-05-20,US,Missouri,Lafayette,69,3,0,39.06986886,-93.78076396,29107.0,66,68,3,0,65,68,32598,1,0,0,1,0
2020-05-20,US,Missouri,Lawrence,8,0,0,37.10626634,-93.83293097,29109.0,8,8,0,0,8,7,38359,0,0,0,0,1
2020-05-20,US,Missouri,Lewis,7,1,0,40.09673161,-91.72070156,29111.0,6,7,1,0,6,7,9855,0,0,0,0,0
2020-05-20,US,Missouri,Lincoln,105,1,0,39.05345619,-90.95588181,29113.0,104,105,1,0,104,105,57686,0,0,0,0,0
2020-05-20,US,Missouri,Linn,5,1,0,39.87001769,-93.10704106,29115.0,4,5,1,0,4,5,12037,0,0,0,0,0
2020-05-20,US,Missouri,Livingston,3,0,0,39.78110272,-93.54645978,29117.0,3,3,0,0,3,3,15146,0,0,0,0,0
2020-05-20,US,Missouri,Macon,2,0,0,39.83049768,-92.56453089,29121.0,2,2,0,0,2,2,15153,0,0,0,0,0
2020-05-20,US,Missouri,Madison,3,0,0,37.47865134,-90.34671429999999,29123.0,3,3,0,0,3,3,12188,0,0,0,0,0
2020-05-20,US,Missouri,Maries,2,0,0,38.16193985,-91.92249662,29125.0,2,2,0,0,2,2,8769,0,0,0,0,0
2020-05-20,US,Missouri,Marion,5,0,0,39.80601912,-91.62203062,29127.0,5,5,0,0,5,5,28592,0,0,0,0,0
2020-05-20,US,Missouri,McDonald,14,0,0,36.62869595,-94.34867205,29119.0,14,14,0,0,14,13,23078,0,0,0,0,1
2020-05-20,US,Missouri,Miller,4,0,0,38.21450288,-92.42610898,29131.0,4,4,0,0,4,4,25336,0,0,0,0,0
2020-05-20,US,Missouri,Mississippi,49,0,0,36.82516239,-89.29505753,29133.0,49,49,0,0,49,49,13336,0,0,0,0,0
2020-05-20,US,Missouri,Moniteau,44,0,0,38.63571781,-92.57976951,29135.0,44,44,0,0,44,44,16121,0,0,0,0,0
2020-05-20,US,Missouri,Montgomery,7,0,0,38.94022054,-91.47000721,29139.0,7,7,0,0,7,7,11534,0,0,0,0,0
2020-05-20,US,Missouri,Morgan,8,0,0,38.4181765,-92.88791859,29141.0,8,8,0,0,8,8,20358,0,0,0,0,0
2020-05-20,US,Missouri,New Madrid,14,0,0,36.59666326,-89.66070007,29143.0,14,14,0,0,14,14,17296,0,0,0,0,0
2020-05-20,US,Missouri,Newton,16,1,0,36.90519407,-94.3394104,29145.0,15,16,1,0,15,16,58266,0,0,0,0,0
2020-05-20,US,Missouri,Nodaway,8,0,0,40.36079813,-94.88133008,29147.0,8,6,0,0,6,5,22304,2,0,0,2,1
2020-05-20,US,Missouri,Oregon,2,0,0,36.68710164,-91.4033755,29149.0,2,2,0,0,2,2,10541,0,0,0,0,0
2020-05-20,US,Missouri,Osage,5,0,0,38.46036182,-91.8613635,29151.0,5,5,0,0,5,5,13714,0,0,0,0,0
2020-05-20,US,Missouri,Pemiscot,70,3,0,36.2130572,-89.78742322,29155.0,67,70,3,0,67,68,16272,0,0,0,0,2
2020-05-20,US,Missouri,Perry,47,0,0,37.70660776,-89.82741088,29157.0,47,47,0,0,47,47,19150,0,0,0,0,0
2020-05-20,US,Missouri,Pettis,70,1,0,38.72798918,-93.28471706,29159.0,69,70,1,0,69,69,42542,0,0,0,0,1
2020-05-20,US,Missouri,Phelps,3,0,0,37.87736118,-91.79351727,29161.0,3,3,0,0,3,2,44732,0,0,0,0,1
2020-05-20,US,Missouri,Pike,14,1,0,39.34310674,-91.16980779,29163.0,13,14,1,0,13,14,18504,0,0,0,0,0
2020-05-20,US,Missouri,Platte,60,0,0,39.38154439,-94.77068479,29165.0,60,58,0,0,58,54,102985,2,0,0,2,4
2020-05-20,US,Missouri,Polk,2,0,0,37.616229600000004,-93.39828174,29167.0,2,2,0,0,2,2,32201,0,0,0,0,0
2020-05-20,US,Missouri,Pulaski,33,1,0,37.82462075,-92.20783203,29169.0,32,33,1,0,32,33,52014,0,0,0,0,0
2020-05-20,US,Missouri,Ralls,2,0,0,39.52817427,-91.51838643,29173.0,2,2,0,0,2,2,10212,0,0,0,0,0
2020-05-20,US,Missouri,Randolph,8,0,0,39.44007257,-92.49713740000001,29175.0,8,8,0,0,8,8,24763,0,0,0,0,0
2020-05-20,US,Missouri,Ray,14,0,0,39.353746799999996,-93.98905745,29177.0,14,14,0,0,14,14,22883,0,0,0,0,0
2020-05-20,US,Missouri,Reynolds,2,0,0,37.36085952,-90.97009925,29179.0,2,2,0,0,2,2,6254,0,0,0,0,0
2020-05-20,US,Missouri,Ripley,7,0,0,36.65460667,-90.85990261,29181.0,7,7,0,0,7,7,13401,0,0,0,0,0
2020-05-20,US,Missouri,Saline,257,2,0,39.13734288,-93.20259964,29195.0,255,257,2,0,255,251,22895,0,0,0,0,6
2020-05-20,US,Missouri,Scotland,4,0,0,40.45214695,-92.14709064,29199.0,4,4,0,0,4,4,4966,0,0,0,0,0
2020-05-20,US,Missouri,Scott,88,8,0,37.05588075,-89.56474493,29201.0,80,86,7,0,79,87,38458,2,1,0,1,-1
2020-05-20,US,Missouri,Shelby,1,0,0,39.79742518,-92.07634971,29205.0,1,1,0,0,1,1,6050,0,0,0,0,0
2020-05-20,US,Missouri,St. Charles,712,55,0,38.77875681,-90.66662425,29183.0,657,712,53,0,659,704,399182,0,2,0,-2,8
2020-05-20,US,Missouri,St. Clair,3,0,0,38.03699437,-93.77631447,29185.0,3,3,0,0,3,2,9395,0,0,0,0,1
2020-05-20,US,Missouri,St. Francois,33,2,0,37.81214171,-90.47598685,29187.0,31,33,2,0,31,33,66692,0,0,0,0,0
2020-05-20,US,Missouri,St. Louis,4410,350,0,38.63770039999999,-90.4458375,29189.0,4060,4374,347,0,4027,4324,996945,36,3,0,33,50
2020-05-20,US,Missouri,St. Louis City,1717,109,0,38.63555736,-90.24349225,29510.0,1608,1705,108,0,1597,1682,302838,12,1,0,11,23
2020-05-20,US,Missouri,Ste. Genevieve,8,1,0,37.89090059,-90.1949941,29186.0,7,8,1,0,7,8,17888,0,0,0,0,0
2020-05-20,US,Missouri,Stoddard,61,0,0,36.85571651,-89.9444155,29207.0,61,58,0,0,58,53,29206,3,0,0,3,5
2020-05-20,US,Missouri,Stone,4,0,0,36.75000327,-93.45256475,29209.0,4,4,0,0,4,4,31749,0,0,0,0,0
2020-05-20,US,Missouri,Sullivan,37,0,0,40.2099105,-93.11150106,29211.0,37,37,0,0,37,36,6221,0,0,0,0,1
2020-05-20,US,Missouri,Taney,12,2,0,36.65465345,-93.04075153,29213.0,10,12,2,0,10,12,55852,0,0,0,0,0
2020-05-20,US,Missouri,Vernon,6,0,0,37.8457799,-94.34127305,29217.0,6,5,0,0,5,5,20528,1,0,0,1,0
2020-05-20,US,Missouri,Warren,28,0,0,38.76529479,-91.16124662,29219.0,28,28,0,0,28,28,34711,0,0,0,0,0
2020-05-20,US,Missouri,Washington,9,1,0,37.96130078,-90.87948158,29221.0,8,9,1,0,8,9,24943,0,0,0,0,0
2020-05-20,US,Missouri,Webster,17,0,0,37.2813734,-92.876329,29225.0,17,17,0,0,17,17,39109,0,0,0,0,0
2020-05-20,US,Missouri,Worth,3,0,0,40.47945588,-94.42328751,29227.0,3,3,0,0,3,3,2040,0,0,0,0,0
2020-05-20,US,Missouri,Wright,11,0,0,37.27029221,-92.46914488,29229.0,11,11,0,0,11,10,18378,0,0,0,0,1
2020-05-20,US,Montana,Beaverhead,1,0,0,45.13434354,-112.89846940000001,30001.0,1,1,0,0,1,1,9404,0,0,0,0,0
2020-05-20,US,Montana,Big Horn,8,0,0,45.42335905,-107.492347,30003.0,8,8,0,0,8,8,13338,0,0,0,0,0
2020-05-20,US,Montana,Broadwater,4,0,0,46.33277565,-111.49558130000001,30007.0,4,4,0,0,4,4,6085,0,0,0,0,0
2020-05-20,US,Montana,Carbon,6,0,0,45.22850116,-109.0274047,30009.0,6,6,0,0,6,6,10714,0,0,0,0,0
2020-05-20,US,Montana,Cascade,17,2,0,47.30797024,-111.3467922,30013.0,15,17,2,0,15,17,81643,0,0,0,0,0
2020-05-20,US,Montana,Deer Lodge,3,0,0,46.05953325,-113.073353,30023.0,3,3,0,0,3,3,9131,0,0,0,0,0
2020-05-20,US,Montana,Flathead,37,2,0,48.29575866,-114.05205690000001,30029.0,35,37,2,0,35,37,102106,0,0,0,0,0
2020-05-20,US,Montana,Gallatin,149,1,0,45.54486106,-111.1692571,30031.0,148,149,1,0,148,149,111876,0,0,0,0,0
2020-05-20,US,Montana,Glacier,6,0,0,48.70513576,-112.9934235,30035.0,6,6,0,0,6,6,13747,0,0,0,0,0
2020-05-20,US,Montana,Golden Valley,3,0,0,46.3816474,-109.17685220000001,30037.0,3,3,0,0,3,3,826,0,0,0,0,0
2020-05-20,US,Montana,Hill,1,0,0,48.62879827,-110.1129252,30041.0,1,1,0,0,1,1,16347,0,0,0,0,0
2020-05-20,US,Montana,Jefferson,3,0,0,46.14907081,-112.094396,30043.0,3,3,0,0,3,3,12097,0,0,0,0,0
2020-05-20,US,Montana,Lake,5,0,0,47.64514965,-114.0898013,30047.0,5,5,0,0,5,5,30250,0,0,0,0,0
2020-05-20,US,Montana,Lewis and Clark,16,0,0,47.12610041,-112.39469799999999,30049.0,16,16,0,0,16,16,68700,0,0,0,0,0
2020-05-20,US,Montana,Liberty,1,0,0,48.56084317,-111.02430700000001,30051.0,1,1,0,0,1,1,2430,0,0,0,0,0
2020-05-20,US,Montana,Lincoln,7,1,0,48.54265777,-115.4046155,30053.0,6,7,1,0,6,7,19794,0,0,0,0,0
2020-05-20,US,Montana,Madison,8,1,0,45.30080065,-111.9173017,30057.0,7,8,1,0,7,8,8768,0,0,0,0,0
2020-05-20,US,Montana,Meagher,1,0,0,46.59907074,-110.8898557,30059.0,1,1,0,0,1,1,1866,0,0,0,0,0
2020-05-20,US,Montana,Missoula,39,1,0,47.03728583,-113.92135079999998,30063.0,38,39,1,0,38,39,118791,0,0,0,0,0
2020-05-20,US,Montana,Musselshell,1,0,0,46.49684637,-108.39498,30065.0,1,1,0,0,1,1,4651,0,0,0,0,0
2020-05-20,US,Montana,Park,8,0,0,45.48965095,-110.52643940000002,30067.0,8,8,0,0,8,8,16736,0,0,0,0,0
2020-05-20,US,Montana,Pondera,2,0,0,48.22773388,-112.22527029999999,30073.0,2,2,0,0,2,2,5972,0,0,0,0,0
2020-05-20,US,Montana,Ravalli,13,0,0,46.08520862,-114.11891640000002,30081.0,13,6,0,0,6,6,43172,7,0,0,7,0
2020-05-20,US,Montana,Richland,3,0,0,47.78668011,-104.5610786,30083.0,3,3,0,0,3,3,10913,0,0,0,0,0
2020-05-20,US,Montana,Roosevelt,7,0,0,48.29607488,-105.00792679999999,30085.0,7,7,0,0,7,7,11059,0,0,0,0,0
2020-05-20,US,Montana,Silver Bow,11,0,0,45.90018933,-112.6620092,30093.0,11,11,0,0,11,11,34993,0,0,0,0,0
2020-05-20,US,Montana,Stillwater,1,0,0,45.67071407,-109.3950061,30095.0,1,1,0,0,1,1,9534,0,0,0,0,0
2020-05-20,US,Montana,Toole,29,6,0,48.65577551,-111.69424140000001,30101.0,23,29,6,0,23,29,4853,0,0,0,0,0
2020-05-20,US,Montana,Wheatland,1,0,0,46.46652491,-109.84646359999999,30107.0,1,1,0,0,1,1,2236,0,0,0,0,0
2020-05-20,US,Montana,Yellowstone,87,2,0,45.93955949,-108.26914860000001,30111.0,85,87,2,0,85,86,160137,0,0,0,0,1
2020-05-20,US,Nebraska,Adams,256,11,0,40.52449420000001,-98.50117804,31001.0,245,255,3,0,252,252,31511,1,8,0,-7,3
2020-05-20,US,Nebraska,Antelope,7,0,0,42.17695516,-98.06662829999999,31003.0,7,7,0,0,7,6,6336,0,0,0,0,1
2020-05-20,US,Nebraska,Boone,3,0,0,41.70759415,-98.06737183,31011.0,3,3,0,0,3,3,5239,0,0,0,0,0
2020-05-20,US,Nebraska,Box Butte,1,0,0,42.22079243,-103.08788340000001,31013.0,1,1,0,0,1,1,10772,0,0,0,0,0
2020-05-20,US,Nebraska,Buffalo,136,1,0,40.85486962,-99.07500296,31019.0,135,136,1,0,135,136,49615,0,0,0,0,0
2020-05-20,US,Nebraska,Burt,5,0,0,41.85056773,-96.32605633,31021.0,5,5,0,0,5,5,6488,0,0,0,0,0
2020-05-20,US,Nebraska,Butler,37,0,0,41.22703692,-97.13106306,31023.0,37,34,0,0,34,31,8058,3,0,0,3,3
2020-05-20,US,Nebraska,Cass,26,0,0,40.90899107,-96.13971217,31025.0,26,23,0,0,23,21,26159,3,0,0,3,2
2020-05-20,US,Nebraska,Cedar,6,0,0,42.598885100000004,-97.25311951,31027.0,6,6,0,0,6,6,8446,0,0,0,0,0
2020-05-20,US,Nebraska,Cherry,1,0,0,42.54502621,-101.1244332,31031.0,1,1,0,0,1,1,5761,0,0,0,0,0
2020-05-20,US,Nebraska,Cheyenne,9,0,0,41.21999357,-102.9941693,31033.0,9,9,0,0,9,9,9310,0,0,0,0,0
2020-05-20,US,Nebraska,Clay,19,0,0,40.52439441,-98.05126296,31035.0,19,19,0,0,19,18,6214,0,0,0,0,1
2020-05-20,US,Nebraska,Colfax,559,2,0,41.57486951,-97.0868542,31037.0,557,532,0,0,532,528,10881,27,2,0,25,4
2020-05-20,US,Nebraska,Cuming,18,0,0,41.91637624,-96.78730772,31039.0,18,17,0,0,17,17,8940,1,0,0,1,0
2020-05-20,US,Nebraska,Custer,28,4,0,41.39374521,-99.72805369,31041.0,24,29,3,0,26,29,10840,-1,1,0,-2,0
2020-05-20,US,Nebraska,Dakota,1475,15,0,42.39040144,-96.56656425,31043.0,1460,1476,3,0,1473,1476,20083,-1,12,0,-13,0
2020-05-20,US,Nebraska,Dawes,1,0,0,42.71985036,-103.1313774,31045.0,1,2,0,0,2,1,8716,-1,0,0,-1,1
2020-05-20,US,Nebraska,Dawson,812,7,0,40.87028216,-99.82014609999999,31047.0,805,811,0,0,811,811,23709,1,7,0,-6,0
2020-05-20,US,Nebraska,Dixon,27,0,0,42.49188363,-96.86782408,31051.0,27,27,0,0,27,27,5709,0,0,0,0,0
2020-05-20,US,Nebraska,Dodge,282,1,0,41.58071748,-96.65598179,31053.0,281,274,0,0,274,266,36791,8,1,0,7,8
2020-05-20,US,Nebraska,Douglas,2692,23,0,41.29518299,-96.15085305,31055.0,2669,2583,14,0,2569,2446,566880,109,9,0,100,137
2020-05-20,US,Nebraska,Fillmore,5,0,0,40.52458567,-97.59646937,31059.0,5,4,0,0,4,4,5527,1,0,0,1,0
2020-05-20,US,Nebraska,Franklin,5,0,0,40.17636348,-98.95299073,31061.0,5,5,0,0,5,5,3023,0,0,0,0,0
2020-05-20,US,Nebraska,Frontier,1,0,0,40.52993007,-100.3924658,31063.0,1,1,0,0,1,1,2608,0,0,0,0,0
2020-05-20,US,Nebraska,Furnas,6,0,0,40.17642064,-99.91247454,31065.0,6,6,0,0,6,6,4715,0,0,0,0,0
2020-05-20,US,Nebraska,Gage,43,3,0,40.26186809,-96.68946704,31067.0,40,43,3,0,40,42,21493,0,0,0,0,1
2020-05-20,US,Nebraska,Gosper,13,0,0,40.51481965,-99.83020279,31073.0,13,13,0,0,13,13,1996,0,0,0,0,0
2020-05-20,US,Nebraska,Greeley,2,0,0,41.56742671,-98.52150266,31077.0,2,2,0,0,2,2,2356,0,0,0,0,0
2020-05-20,US,Nebraska,Hall,1441,39,0,40.87257079,-98.50218293,31079.0,1402,1435,28,0,1407,1433,61607,6,11,0,-5,2
2020-05-20,US,Nebraska,Hamilton,52,10,0,40.87349452,-98.02099117,31081.0,42,52,7,0,45,51,9280,0,3,0,-3,1
2020-05-20,US,Nebraska,Hitchcock,1,0,0,40.17609175,-101.04164770000001,31087.0,1,1,0,0,1,1,2806,0,0,0,0,0
2020-05-20,US,Nebraska,Holt,1,0,0,42.45522056,-98.78402558,31089.0,1,1,0,0,1,1,10178,0,0,0,0,0
2020-05-20,US,Nebraska,Howard,38,0,0,41.2200529,-98.5166499,31093.0,38,38,0,0,38,36,6468,0,0,0,0,2
2020-05-20,US,Nebraska,Jefferson,6,0,0,40.17584531,-97.142601,31095.0,6,6,0,0,6,6,7097,0,0,0,0,0
2020-05-20,US,Nebraska,Johnson,7,0,0,40.39257596,-96.26522753,31097.0,7,7,0,0,7,7,5134,0,0,0,0,0
2020-05-20,US,Nebraska,Kearney,11,0,0,40.50663314,-98.94877182,31099.0,11,11,0,0,11,11,6544,0,0,0,0,0
2020-05-20,US,Nebraska,Keith,2,0,0,41.19930341,-101.66201640000001,31101.0,2,2,0,0,2,2,8021,0,0,0,0,0
2020-05-20,US,Nebraska,Keya Paha,3,0,0,42.87990694,-99.71343729,31103.0,3,,,,,,810,,,,,
2020-05-20,US,Nebraska,Kimball,8,0,0,41.19774275,-103.7148131,31105.0,8,9,0,0,9,9,3618,-1,0,0,-1,0
2020-05-20,US,Nebraska,Knox,8,0,0,42.63758421,-97.89178836,31107.0,8,8,0,0,8,8,8419,0,0,0,0,0
2020-05-20,US,Nebraska,Lancaster,934,6,0,40.78416049,-96.68777155,31109.0,928,912,1,0,911,892,317272,22,5,0,17,20
2020-05-20,US,Nebraska,Lincoln,46,2,0,41.04658298,-100.74753740000001,31111.0,44,45,1,0,44,45,35185,1,1,0,0,0
2020-05-20,US,Nebraska,Madison,289,3,0,41.91676024,-97.6005481,31119.0,286,271,3,0,268,269,35392,18,0,0,18,2
2020-05-20,US,Nebraska,Merrick,30,0,0,41.16624273,-98.0374887,31121.0,30,29,0,0,29,29,7733,1,0,0,1,0
2020-05-20,US,Nebraska,Morrill,10,0,0,41.71711774,-103.0061405,31123.0,10,10,0,0,10,10,4686,0,0,0,0,0
2020-05-20,US,Nebraska,Nance,4,0,0,41.39750195,-97.99327291,31125.0,4,4,0,0,4,4,3532,0,0,0,0,0
2020-05-20,US,Nebraska,Nemaha,3,0,0,40.38514847,-95.85433992,31127.0,3,3,0,0,3,3,6958,0,0,0,0,0
2020-05-20,US,Nebraska,Nuckolls,1,0,0,40.17637905,-98.04743961,31129.0,1,1,0,0,1,1,4195,0,0,0,0,0
2020-05-20,US,Nebraska,Otoe,6,0,0,40.64843556,-96.13374142,31131.0,6,6,0,0,6,6,15985,0,0,0,0,0
2020-05-20,US,Nebraska,Phelps,16,0,0,40.51156033,-99.41461667,31137.0,16,13,0,0,13,13,8996,3,0,0,3,0
2020-05-20,US,Nebraska,Pierce,1,0,0,42.26434853,-97.60122773,31139.0,1,1,0,0,1,1,7142,0,0,0,0,0
2020-05-20,US,Nebraska,Platte,505,1,0,41.57246836,-97.52144359,31141.0,504,481,0,0,481,462,33363,24,1,0,23,19
2020-05-20,US,Nebraska,Polk,9,0,0,41.18813488,-97.56630712,31143.0,9,9,0,0,9,9,5278,0,0,0,0,0
2020-05-20,US,Nebraska,Red Willow,5,0,0,40.17556879999999,-100.476998,31145.0,5,5,0,0,5,5,10726,0,0,0,0,0
2020-05-20,US,Nebraska,Richardson,1,0,0,40.1247415,-95.71755036,31147.0,1,1,0,0,1,1,7937,0,0,0,0,0
2020-05-20,US,Nebraska,Saline,448,1,0,40.52418865,-97.14085859,31151.0,447,436,0,0,436,432,14350,12,1,0,11,4
2020-05-20,US,Nebraska,Sarpy,382,2,0,41.11314181,-96.11156432,31153.0,380,366,1,0,365,349,184459,16,1,0,15,17
2020-05-20,US,Nebraska,Saunders,22,1,0,41.227810299999994,-96.63773905,31155.0,21,22,0,0,22,21,21303,0,1,0,-1,1
2020-05-20,US,Nebraska,Scotts Bluff,55,0,0,41.85070896,-103.70809859999999,31157.0,55,54,0,0,54,54,35989,1,0,0,1,0
2020-05-20,US,Nebraska,Seward,26,1,0,40.87241834,-97.139673,31159.0,25,26,1,0,25,26,17318,0,0,0,0,0
2020-05-20,US,Nebraska,Sherman,2,0,0,41.22045983,-98.97588642,31163.0,2,2,0,0,2,2,3038,0,0,0,0,0
2020-05-20,US,Nebraska,Stanton,15,0,0,41.9169835,-97.19394708,31167.0,15,15,0,0,15,15,5970,0,0,0,0,0
2020-05-20,US,Nebraska,Thomas,1,0,0,41.91358968,-100.5556632,31171.0,1,1,0,0,1,1,720,0,0,0,0,0
2020-05-20,US,Nebraska,Thurston,20,0,0,42.15725356,-96.54157099,31173.0,20,19,0,0,19,19,7303,1,0,0,1,0
2020-05-20,US,Nebraska,Unassigned,170,4,0,0.0,0.0,90031.0,166,162,53,0,109,162,,8,-49,0,57,0
2020-05-20,US,Nebraska,Valley,3,0,0,41.56730777,-98.98197724,31175.0,3,3,0,0,3,3,4190,0,0,0,0,0
2020-05-20,US,Nebraska,Washington,26,1,0,41.52815707,-96.22019892,31177.0,25,24,1,0,23,24,20667,2,0,0,2,0
2020-05-20,US,Nebraska,Wayne,4,0,0,42.20934475,-97.11926964,31179.0,4,4,0,0,4,4,9403,0,0,0,0,0
2020-05-20,US,Nebraska,Webster,5,0,0,40.17642643,-98.50019851,31181.0,5,5,0,0,5,5,3533,0,0,0,0,0
2020-05-20,US,Nebraska,York,30,0,0,40.87272618,-97.59710186,31185.0,30,30,0,0,30,30,13772,0,0,0,0,0
2020-05-20,US,Nevada,Carson City,77,3,0,39.15509045,-119.7480219,32510.0,74,75,3,0,72,71,55414,2,0,0,2,4
2020-05-20,US,Nevada,Churchill,6,0,0,39.58105744,-118.3394607,32001.0,6,6,0,0,6,5,24440,0,0,0,0,1
2020-05-20,US,Nevada,Clark,5650,314,0,36.21458855,-115.0130241,32003.0,5336,5463,296,0,5167,5463,2231647,187,18,0,169,0
2020-05-20,US,Nevada,Douglas,26,0,0,38.912862,-119.61713329999999,32005.0,26,25,0,0,25,25,48467,1,0,0,1,0
2020-05-20,US,Nevada,Elko,21,1,0,41.14531606,-115.3577619,32007.0,20,21,1,0,20,21,52460,0,0,0,0,0
2020-05-20,US,Nevada,Humboldt,76,4,0,41.40692186,-118.11094270000001,32013.0,72,74,3,0,71,74,16786,2,1,0,1,0
2020-05-20,US,Nevada,Lander,19,0,0,39.933223299999995,-117.03970749999999,32015.0,19,19,0,0,19,19,5575,0,0,0,0,0
2020-05-20,US,Nevada,Lincoln,2,0,0,37.64268459,-114.8790388,32017.0,2,2,0,0,2,2,5201,0,0,0,0,0
2020-05-20,US,Nevada,Lyon,49,0,0,39.01777974,-119.18704790000001,32019.0,49,49,0,0,49,48,55808,0,0,0,0,1
2020-05-20,US,Nevada,Mineral,4,0,0,38.53841696,-118.4344506,32021.0,4,4,0,0,4,4,4514,0,0,0,0,0
2020-05-20,US,Nevada,Nye,58,1,0,38.04264256,-116.47227020000001,32023.0,57,58,1,0,57,58,45346,0,0,0,0,0
2020-05-20,US,Nevada,Storey,1,0,0,39.44875482,-119.5250207,32029.0,1,1,0,0,1,1,4029,0,0,0,0,0
2020-05-20,US,Nevada,Unassigned,0,6,0,0.0,0.0,90032.0,-6,0,6,0,-6,0,,0,0,0,0,0
2020-05-20,US,Nevada,Washoe,1395,48,0,40.66562265,-119.6631594,32031.0,1347,1295,48,0,1247,1266,465735,100,0,0,100,29
2020-05-20,US,Nevada,White Pine,4,0,0,39.44157041,-114.89996599999999,32033.0,4,4,0,0,4,4,9475,0,0,0,0,0
2020-05-20,US,New Hampshire,Belknap,54,0,0,43.51637314,-71.41684235,33001.0,54,53,0,0,53,53,61022,1,0,0,1,0
2020-05-20,US,New Hampshire,Carroll,44,0,0,43.87498583,-71.20430216,33003.0,44,44,0,0,44,44,48779,0,0,0,0,0
2020-05-20,US,New Hampshire,Cheshire,49,2,0,42.92015988,-72.25311043,33005.0,47,49,2,0,47,48,76493,0,0,0,0,1
2020-05-20,US,New Hampshire,Coos,4,0,0,44.69063265,-71.30633239,33007.0,4,4,0,0,4,4,31589,0,0,0,0,0
2020-05-20,US,New Hampshire,Grafton,64,1,0,43.93779815,-71.82057197,33009.0,63,63,1,0,62,62,89786,1,0,0,1,1
2020-05-20,US,New Hampshire,Hillsborough,1932,54,0,42.91537785,-71.7200253,33011.0,1878,1820,54,0,1766,1764,415247,112,0,0,112,56
2020-05-20,US,New Hampshire,Merrimack,290,10,0,43.29662971,-71.6811573,33013.0,280,283,10,0,273,282,151132,7,0,0,7,1
2020-05-20,US,New Hampshire,Rockingham,1159,53,0,42.98499744,-71.12883377,33015.0,1106,1138,53,0,1085,1113,309176,21,0,0,21,25
2020-05-20,US,New Hampshire,Strafford,242,11,0,43.291833000000004,-71.02336013,33017.0,231,240,11,0,229,234,130090,2,0,0,2,6
2020-05-20,US,New Hampshire,Sullivan,16,1,0,43.36094111,-72.22203125,33019.0,15,16,1,0,15,16,43144,0,0,0,0,0
2020-05-20,US,New Hampshire,Unassigned,14,58,0,0.0,0.0,90033.0,-44,11,40,0,-29,32,,3,18,0,-15,-21
2020-05-20,US,New Jersey,Atlantic,1875,126,0,39.47538693,-74.65848483,34001.0,1749,1838,121,0,1717,1807,265429,37,5,0,32,31
2020-05-20,US,New Jersey,Bergen,17518,1500,0,40.96010917,-74.07164325,34003.0,16018,17522,1474,0,16048,17459,936692,-4,26,0,-30,63
2020-05-20,US,New Jersey,Burlington,4058,249,0,39.87681124,-74.66927768,34005.0,3809,4000,247,0,3753,3986,445384,58,2,0,56,14
2020-05-20,US,New Jersey,Camden,5738,286,0,39.80343818,-74.96388753,34007.0,5452,5644,279,0,5365,5573,507078,94,7,0,87,71
2020-05-20,US,New Jersey,Cape May,531,42,0,39.15008829,-74.80170244,34009.0,489,518,42,0,476,506,92560,13,0,0,13,12
2020-05-20,US,New Jersey,Cumberland,1830,57,0,39.37199394,-75.10712559,34011.0,1773,1759,56,0,1703,1679,150972,71,1,0,70,80
2020-05-20,US,New Jersey,Essex,16952,1571,0,40.78681335,-74.24657979,34013.0,15381,16747,1566,0,15181,16712,799767,205,5,0,200,35
2020-05-20,US,New Jersey,Gloucester,1966,127,0,39.71581067,-75.13995546,34015.0,1839,1935,125,0,1810,1907,291408,31,2,0,29,28
2020-05-20,US,New Jersey,Hudson,18880,1106,0,40.73766234,-74.07515667,34017.0,17774,18679,1082,0,17597,18498,676061,201,24,0,177,181
2020-05-20,US,New Jersey,Hunterdon,920,55,0,40.56335249,-74.91284156,34019.0,865,885,53,0,832,846,124714,35,2,0,33,39
2020-05-20,US,New Jersey,Mercer,6162,431,0,40.28047017,-74.70479631,34021.0,5731,6018,422,0,5596,5950,369811,144,9,0,135,68
2020-05-20,US,New Jersey,Middlesex,14954,913,0,40.43629879,-74.41426991,34023.0,14041,14834,903,0,13931,14752,829685,120,10,0,110,82
2020-05-20,US,New Jersey,Monmouth,7541,531,0,40.26549699,-74.22240686,34025.0,7010,7470,520,0,6950,7408,621354,71,11,0,60,62
2020-05-20,US,New Jersey,Morris,6139,581,0,40.86095313,-74.54553709999998,34027.0,5558,6100,572,0,5528,6092,494228,39,9,0,30,8
2020-05-20,US,New Jersey,Ocean,8165,656,0,39.8895449,-74.28089251,34029.0,7509,8067,643,0,7424,7994,601651,98,13,0,85,73
2020-05-20,US,New Jersey,Passaic,15426,855,0,41.03238628,-74.29954144,34031.0,14571,15371,842,0,14529,15278,503310,55,13,0,42,93
2020-05-20,US,New Jersey,Salem,481,23,0,39.58719656,-75.34696629999998,34033.0,458,470,21,0,449,465,62607,11,2,0,9,5
2020-05-20,US,New Jersey,Somerset,4349,384,0,40.56465737,-74.61683016,34035.0,3965,4312,382,0,3930,4278,331164,37,2,0,35,34
2020-05-20,US,New Jersey,Sussex,1069,140,0,41.13891592,-74.69118243,34037.0,929,1065,139,0,926,1061,140799,4,1,0,3,4
2020-05-20,US,New Jersey,Union,15122,994,0,40.65835409,-74.30680092,34039.0,14128,15031,977,0,14054,14903,558067,91,17,0,74,128
2020-05-20,US,New Jersey,Warren,1100,122,0,40.85951833,-74.99556527,34041.0,978,1091,121,0,970,1086,105779,9,1,0,8,5
2020-05-20,US,New Mexico,Bernalillo,1284,59,0,35.05163625,-106.6703554,35001.0,1225,1225,59,0,1166,1218,678701,59,0,0,59,7
2020-05-20,US,New Mexico,Catron,2,1,0,33.91514144,-108.4046587,35003.0,1,2,1,0,1,2,3578,0,0,0,0,0
2020-05-20,US,New Mexico,Chaves,33,2,0,33.36406072,-104.4665365,35005.0,31,31,2,0,29,31,64689,2,0,0,2,0
2020-05-20,US,New Mexico,Cibola,114,4,0,34.91131525,-107.998876,35006.0,110,108,4,0,104,103,26746,6,0,0,6,5
2020-05-20,US,New Mexico,Colfax,5,0,0,36.60569702,-104.64726740000002,35007.0,5,5,0,0,5,5,12110,0,0,0,0,0
2020-05-20,US,New Mexico,Curry,45,0,0,34.57421077,-103.34688759999999,35009.0,45,43,0,0,43,41,49437,2,0,0,2,2
2020-05-20,US,New Mexico,Dona Ana,326,2,0,32.35275771,-106.83293870000001,35013.0,324,319,2,0,317,309,217522,7,0,0,7,10
2020-05-20,US,New Mexico,Eddy,17,1,0,32.47167456,-104.3053527,35015.0,16,17,1,0,16,17,57900,0,0,0,0,0
2020-05-20,US,New Mexico,Grant,16,0,0,32.73911281,-108.3827845,35017.0,16,16,0,0,16,16,27346,0,0,0,0,0
2020-05-20,US,New Mexico,Guadalupe,19,0,0,34.86319296,-104.790669,35019.0,19,19,0,0,19,19,4341,0,0,0,0,0
2020-05-20,US,New Mexico,Harding,1,0,0,35.85751555,-103.82209379999999,35021.0,1,1,0,0,1,1,655,0,0,0,0,0
2020-05-20,US,New Mexico,Hidalgo,1,0,0,31.91383467,-108.7151824,35023.0,1,1,0,0,1,1,4240,0,0,0,0,0
2020-05-20,US,New Mexico,Lea,18,0,0,32.79215361,-103.4123733,35025.0,18,18,0,0,18,18,69611,0,0,0,0,0
2020-05-20,US,New Mexico,Lincoln,3,0,0,33.74526079,-105.4586166,35027.0,3,3,0,0,3,3,19556,0,0,0,0,0
2020-05-20,US,New Mexico,Los Alamos,6,0,0,35.86631386,-106.31349850000001,35028.0,6,6,0,0,6,6,19101,0,0,0,0,0
2020-05-20,US,New Mexico,Luna,8,1,0,32.18179341,-107.75088259999998,35029.0,7,8,1,0,7,8,23963,0,0,0,0,0
2020-05-20,US,New Mexico,McKinley,2034,82,0,35.58007720000001,-108.262245,35031.0,1952,1987,79,0,1908,1953,72290,47,3,0,44,34
2020-05-20,US,New Mexico,Otero,8,1,0,32.61348406,-105.7417604,35035.0,7,8,1,0,7,8,66781,0,0,0,0,0
2020-05-20,US,New Mexico,Quay,5,1,0,35.10403332,-103.54817270000001,35037.0,4,5,1,0,4,5,8253,0,0,0,0,0
2020-05-20,US,New Mexico,Rio Arriba,33,0,0,36.51072137,-106.69316740000001,35039.0,33,33,0,0,33,33,39006,0,0,0,0,0
2020-05-20,US,New Mexico,Roosevelt,27,0,0,34.02097406,-103.4799493,35041.0,27,27,0,0,27,27,18743,0,0,0,0,0
2020-05-20,US,New Mexico,San Juan,1457,96,0,36.50838318,-108.32043700000001,35045.0,1361,1408,92,0,1316,1376,125043,49,4,0,45,32
2020-05-20,US,New Mexico,San Miguel,10,0,0,35.48014807,-104.8163562,35047.0,10,10,0,0,10,10,27591,0,0,0,0,0
2020-05-20,US,New Mexico,Sandoval,542,24,0,35.68862401,-106.86878030000001,35043.0,518,498,24,0,474,495,145179,44,0,0,44,3
2020-05-20,US,New Mexico,Santa Fe,128,3,0,35.50708973,-105.9774716,35049.0,125,126,3,0,123,124,150056,2,0,0,2,2
2020-05-20,US,New Mexico,Sierra,1,0,0,33.13028233,-107.1925893,35051.0,1,1,0,0,1,1,10968,0,0,0,0,0
2020-05-20,US,New Mexico,Socorro,49,4,0,34.00715494,-106.9298354,35053.0,45,49,4,0,45,49,16735,0,0,0,0,0
2020-05-20,US,New Mexico,Taos,22,0,0,36.58006022,-105.63101979999999,35055.0,22,22,0,0,22,23,32835,0,0,0,0,-1
2020-05-20,US,New Mexico,Torrance,20,1,0,34.64048375,-105.8508949,35057.0,19,19,1,0,18,18,15591,1,0,0,1,1
2020-05-20,US,New Mexico,Unassigned,10,0,0,0.0,0.0,90035.0,10,106,0,0,106,105,,-96,0,0,-96,1
2020-05-20,US,New Mexico,Union,3,0,0,36.48126404,-103.4709624,35059.0,3,3,0,0,3,3,4118,0,0,0,0,0
2020-05-20,US,New Mexico,Valencia,70,1,0,34.71669834,-106.8103733,35061.0,69,68,1,0,67,68,76456,2,0,0,2,0
2020-05-20,US,New York,Albany,1682,69,0,42.60060306,-73.97723916,36001.0,1613,1655,69,0,1586,1610,307117,27,0,0,27,45
2020-05-20,US,New York,Allegany,44,0,0,42.25748406,-78.02750466,36003.0,44,44,0,0,44,44,46430,0,0,0,0,0
2020-05-20,US,New York,Broome,436,30,0,42.15903158,-75.81326086,36007.0,406,429,30,0,399,423,191659,7,0,0,7,6
2020-05-20,US,New York,Cattaraugus,70,0,0,42.24778241,-78.67923096,36009.0,70,69,0,0,69,67,76840,1,0,0,1,2
2020-05-20,US,New York,Cayuga,68,1,0,42.91261714,-76.55731592,36011.0,67,68,1,0,67,65,77145,0,0,0,0,3
2020-05-20,US,New York,Chautauqua,50,4,0,42.22769210000001,-79.36691763,36013.0,46,49,4,0,45,49,127939,1,0,0,1,0
2020-05-20,US,New York,Chemung,134,1,0,42.13891056,-76.7638805,36015.0,133,134,1,0,133,134,84254,0,0,0,0,0
2020-05-20,US,New York,Chenango,118,0,0,42.49430041,-75.60887553,36017.0,118,118,0,0,118,118,47536,0,0,0,0,0
2020-05-20,US,New York,Clinton,94,4,0,44.74530905,-73.67875352,36019.0,90,94,4,0,90,94,80695,0,0,0,0,0
2020-05-20,US,New York,Columbia,350,28,0,42.24819348,-73.63089095,36021.0,322,350,28,0,322,346,59916,0,0,0,0,4
2020-05-20,US,New York,Cortland,36,0,0,42.59509207,-76.07048931,36023.0,36,36,0,0,36,35,47823,0,0,0,0,1
2020-05-20,US,New York,Delaware,69,4,0,42.19837623,-74.96709306,36025.0,65,69,4,0,65,69,44527,0,0,0,0,0
2020-05-20,US,New York,Dutchess,3724,126,0,41.76486060000001,-73.74356679,36027.0,3598,3710,126,0,3584,3552,293718,14,0,0,14,158
2020-05-20,US,New York,Erie,5131,449,0,42.76249024,-78.73063652,36029.0,4682,5037,449,0,4588,4993,919719,94,0,0,94,44
2020-05-20,US,New York,Essex,34,0,0,44.11630765,-73.77297842,36031.0,34,34,0,0,34,33,37300,0,0,0,0,1
2020-05-20,US,New York,Franklin,18,0,0,44.59040891,-74.29926032,36033.0,18,18,0,0,18,18,50293,0,0,0,0,0
2020-05-20,US,New York,Fulton,184,15,0,43.11363907,-74.41798804,36035.0,169,182,15,0,167,182,53591,2,0,0,2,0
2020-05-20,US,New York,Genesee,184,4,0,43.0022601,-78.19135193,36037.0,180,182,4,0,178,180,57511,2,0,0,2,2
2020-05-20,US,New York,Greene,215,17,0,42.275797,-74.12384884,36039.0,198,214,17,0,197,213,47491,1,0,0,1,1
2020-05-20,US,New York,Hamilton,5,0,0,43.66146647,-74.49721957,36041.0,5,5,0,0,5,5,4434,0,0,0,0,0
2020-05-20,US,New York,Herkimer,93,3,0,43.42034246,-74.96145307,36043.0,90,92,3,0,89,92,61833,1,0,0,1,0
2020-05-20,US,New York,Jefferson,71,0,0,44.04200959,-75.94653457,36045.0,71,71,0,0,71,71,111755,0,0,0,0,0
2020-05-20,US,New York,Lewis,18,0,0,43.784415700000004,-75.44903992,36049.0,18,18,0,0,18,17,26447,0,0,0,0,1
2020-05-20,US,New York,Livingston,111,7,0,42.72596275,-77.77966158,36051.0,104,111,7,0,104,110,63227,0,0,0,0,1
2020-05-20,US,New York,Madison,292,8,0,42.91653905,-75.67266639,36053.0,284,260,8,0,252,258,70795,32,0,0,32,2
2020-05-20,US,New York,Monroe,2465,174,0,43.14638895,-77.69322942,36055.0,2291,2376,174,0,2202,2303,742474,89,0,0,89,73
2020-05-20,US,New York,Montgomery,75,4,0,42.90123494,-74.44011632,36057.0,71,75,4,0,71,75,49455,0,0,0,0,0
2020-05-20,US,New York,Nassau,39368,2065,0,40.74066522,-73.58941873,36059.0,37303,39295,2060,0,37235,39225,1358343,73,5,0,68,70
2020-05-20,US,New York,New York City,194550,20934,0,40.76727260000001,-73.97152637,36061.0,173616,193821,20887,0,172934,193230,1628701,729,47,0,682,591
2020-05-20,US,New York,Niagara,858,52,0,43.19898042,-78.74777412,36063.0,806,845,52,0,793,818,210433,13,0,0,13,27
2020-05-20,US,New York,Oneida,802,35,0,43.24375382,-75.43710392,36065.0,767,785,35,0,750,772,229577,17,0,0,17,13
2020-05-20,US,New York,Onondaga,1718,103,0,43.00491923,-76.19971155,36067.0,1615,1665,103,0,1562,1520,461809,53,0,0,53,145
2020-05-20,US,New York,Ontario,170,9,0,42.85145728,-77.30874425,36069.0,161,152,9,0,143,148,109864,18,0,0,18,4
2020-05-20,US,New York,Orange,10043,419,0,41.40337468,-74.30240757,36071.0,9624,9988,419,0,9569,9965,381951,55,0,0,55,23
2020-05-20,US,New York,Orleans,171,23,0,43.2516977,-78.2320066,36073.0,148,168,23,0,145,167,40612,3,0,0,3,1
2020-05-20,US,New York,Oswego,90,3,0,43.42778894,-76.14635194,36075.0,87,89,3,0,86,84,117898,1,0,0,1,5
2020-05-20,US,New York,Otsego,67,5,0,42.63492579,-75.03151402,36077.0,62,67,5,0,62,67,59749,0,0,0,0,0
2020-05-20,US,New York,Putnam,1168,58,0,41.42630093,-73.74965532,36079.0,1110,1159,58,0,1101,1141,98892,9,0,0,9,18
2020-05-20,US,New York,Rensselaer,453,25,0,42.71348136,-73.51089874,36083.0,428,444,25,0,419,444,159442,9,0,0,9,0
2020-05-20,US,New York,Rockland,12831,611,0,41.15027894,-74.02560498,36087.0,12220,12798,611,0,12187,12777,325695,33,0,0,33,21
2020-05-20,US,New York,Saratoga,438,11,0,43.10904162,-73.86653895,36091.0,427,436,11,0,425,434,230163,2,0,0,2,2
2020-05-20,US,New York,Schenectady,633,28,0,42.81668777,-74.05278291,36093.0,605,631,28,0,603,629,155350,2,0,0,2,2
2020-05-20,US,New York,Schoharie,48,0,0,42.58831742,-74.44339029999998,36095.0,48,48,0,0,48,48,31097,0,0,0,0,0
2020-05-20,US,New York,Schuyler,10,0,0,42.39184015,-76.8773299,36097.0,10,10,0,0,10,10,17912,0,0,0,0,0
2020-05-20,US,New York,Seneca,52,0,0,42.78081007,-76.82497064,36099.0,52,51,0,0,51,51,34300,1,0,0,1,0
2020-05-20,US,New York,St. Lawrence,195,2,0,44.4976179,-75.06550039,36089.0,193,192,2,0,190,192,108047,3,0,0,3,0
2020-05-20,US,New York,Steuben,237,41,0,42.2689144,-77.3829924,36101.0,196,236,41,0,195,235,95796,1,0,0,1,1
2020-05-20,US,New York,Suffolk,38411,1791,0,40.88320119,-72.8012172,36103.0,36620,38327,1772,0,36555,38224,1481093,84,19,0,65,103
2020-05-20,US,New York,Sullivan,1267,28,0,41.71579493,-74.76394559,36105.0,1239,1258,28,0,1230,1246,75498,9,0,0,9,12
2020-05-20,US,New York,Tioga,114,20,0,42.16852837,-76.30835812,36107.0,94,113,20,0,93,113,48560,1,0,0,1,0
2020-05-20,US,New York,Tompkins,145,0,0,42.44945765,-76.47229843,36109.0,145,142,0,0,142,141,102793,3,0,0,3,1
2020-05-20,US,New York,Ulster,1571,69,0,41.89027881,-74.26252104,36111.0,1502,1565,69,0,1496,1557,178599,6,0,0,6,8
2020-05-20,US,New York,Warren,235,26,0,43.56173026,-73.8433699,36113.0,209,235,26,0,209,234,64265,0,0,0,0,1
2020-05-20,US,New York,Washington,221,13,0,43.31153794,-73.43043448,36115.0,208,220,13,0,207,219,61197,1,0,0,1,1
2020-05-20,US,New York,Wayne,103,3,0,43.15494365,-77.02976528,36117.0,100,98,3,0,95,97,90064,5,0,0,5,1
2020-05-20,US,New York,Westchester,32517,1305,0,41.16278376,-73.75741653,36119.0,31212,32402,1298,0,31104,32323,967612,115,7,0,108,79
2020-05-20,US,New York,Wyoming,79,5,0,42.70145109,-78.22199579,36121.0,74,79,5,0,74,79,40085,0,0,0,0,0
2020-05-20,US,New York,Yates,34,4,0,42.63505484,-77.10369919,36123.0,30,26,4,0,22,25,24841,8,0,0,8,1
2020-05-20,US,North Carolina,Alamance,234,13,0,36.0434701,-79.39976137,37001.0,221,224,13,0,211,224,166436,10,0,0,10,0
2020-05-20,US,North Carolina,Alexander,23,0,0,35.922379600000006,-81.17751948,37003.0,23,21,0,0,21,21,37353,2,0,0,2,0
2020-05-20,US,North Carolina,Alleghany,12,0,0,36.49360862,-81.12857041,37005.0,12,12,0,0,12,12,11161,0,0,0,0,0
2020-05-20,US,North Carolina,Anson,50,0,0,34.97403241,-80.09953279,37007.0,50,50,0,0,50,50,24877,0,0,0,0,0
2020-05-20,US,North Carolina,Ashe,28,0,0,36.43296207,-81.49862729,37009.0,28,28,0,0,28,28,27109,0,0,0,0,0
2020-05-20,US,North Carolina,Avery,1,0,0,36.07569796,-81.92308483,37011.0,1,1,0,0,1,,17505,0,0,0,0,
2020-05-20,US,North Carolina,Beaufort,33,0,0,35.48531943,-76.84325809,37013.0,33,30,0,0,30,30,47079,3,0,0,3,0
2020-05-20,US,North Carolina,Bertie,98,3,0,36.0688473,-76.96545943,37015.0,95,89,3,0,86,89,19026,9,0,0,9,0
2020-05-20,US,North Carolina,Bladen,81,2,0,34.61296243,-78.56180059,37017.0,79,73,2,0,71,73,33190,8,0,0,8,0
2020-05-20,US,North Carolina,Brunswick,62,2,0,34.070565,-78.22814204,37019.0,60,58,2,0,56,58,136744,4,0,0,4,0
2020-05-20,US,North Carolina,Buncombe,183,7,0,35.61113393,-82.53305,37021.0,176,176,4,0,172,176,259103,7,3,0,4,0
2020-05-20,US,North Carolina,Burke,210,14,0,35.74989637,-81.70755735,37023.0,196,198,14,0,184,198,90382,12,0,0,12,0
2020-05-20,US,North Carolina,Cabarrus,400,22,0,35.3877799,-80.55267168,37025.0,378,385,21,0,364,385,211342,15,1,0,14,0
2020-05-20,US,North Carolina,Caldwell,92,2,0,35.95204977,-81.54799522,37027.0,90,86,2,0,84,86,82029,6,0,0,6,0
2020-05-20,US,North Carolina,Camden,3,0,0,36.33804939,-76.15568396,37029.0,3,2,0,0,2,2,10710,1,0,0,1,0
2020-05-20,US,North Carolina,Carteret,36,3,0,34.8932941,-76.54120135,37031.0,33,36,3,0,33,36,69524,0,0,0,0,0
2020-05-20,US,North Carolina,Caswell,45,1,0,36.39312665,-79.33353281,37033.0,44,44,1,0,43,44,22698,1,0,0,1,0
2020-05-20,US,North Carolina,Catawba,121,3,0,35.66211129,-81.2132617,37035.0,118,111,2,0,109,111,158652,10,1,0,9,0
2020-05-20,US,North Carolina,Chatham,543,25,0,35.70394416,-79.25541492,37037.0,518,512,24,0,488,512,73139,31,1,0,30,0
2020-05-20,US,North Carolina,Cherokee,30,1,0,35.1349263,-84.05970864,37039.0,29,27,1,0,26,27,28383,3,0,0,3,0
2020-05-20,US,North Carolina,Chowan,15,0,0,36.12908077,-76.60118385,37041.0,15,15,0,0,15,15,14029,0,0,0,0,0
2020-05-20,US,North Carolina,Clay,8,0,0,35.05704275,-83.74353633,37043.0,8,8,0,0,8,8,11139,0,0,0,0,0
2020-05-20,US,North Carolina,Cleveland,60,2,0,35.33553364,-81.55204486,37045.0,58,55,2,0,53,55,97645,5,0,0,5,0
2020-05-20,US,North Carolina,Columbus,259,21,0,34.26744084,-78.65801424,37047.0,238,250,20,0,230,250,55655,9,1,0,8,0
2020-05-20,US,North Carolina,Craven,135,4,0,35.11833364,-77.08398081,37049.0,131,129,4,0,125,129,102912,6,0,0,6,0
2020-05-20,US,North Carolina,Cumberland,511,13,0,35.04762133,-78.82623165,37051.0,498,471,12,0,459,471,332330,40,1,0,39,0
2020-05-20,US,North Carolina,Currituck,11,0,0,36.36123664,-75.95876401,37053.0,11,11,0,0,11,11,27072,0,0,0,0,0
2020-05-20,US,North Carolina,Dare,22,1,0,35.66520691,-75.71767334,37055.0,21,22,1,0,21,22,36501,0,0,0,0,0
2020-05-20,US,North Carolina,Davidson,314,11,0,35.79115496,-80.21256572,37057.0,303,293,10,0,283,293,166614,21,1,0,20,0
2020-05-20,US,North Carolina,Davie,55,2,0,35.93099927,-80.54496571,37059.0,53,46,2,0,44,46,42733,9,0,0,9,0
2020-05-20,US,North Carolina,Duplin,470,12,0,34.93449805,-77.93140529,37061.0,458,438,11,0,427,438,58856,32,1,0,31,0
2020-05-20,US,North Carolina,Durham,1105,41,0,36.03638492,-78.87608331,37063.0,1064,1040,39,0,1001,1009,316739,65,2,0,63,31
2020-05-20,US,North Carolina,Edgecombe,174,9,0,35.91230639,-77.59436892,37065.0,165,171,9,0,162,171,52005,3,0,0,3,0
2020-05-20,US,North Carolina,Forsyth,749,7,0,36.12859861,-80.25459052,37067.0,742,698,7,0,691,698,379099,51,0,0,51,0
2020-05-20,US,North Carolina,Franklin,131,22,0,36.081519,-78.28708884,37069.0,109,124,22,0,102,124,67560,7,0,0,7,0
2020-05-20,US,North Carolina,Gaston,210,6,0,35.29373559,-81.17477045,37071.0,204,208,6,0,202,208,222846,2,0,0,2,0
2020-05-20,US,North Carolina,Gates,14,0,0,36.44667547,-76.69749701,37073.0,14,14,0,0,14,14,11573,0,0,0,0,0
2020-05-20,US,North Carolina,Graham,2,0,0,35.3506925,-83.83369267,37075.0,2,2,0,0,2,2,8484,0,0,0,0,0
2020-05-20,US,North Carolina,Granville,208,6,0,36.30337451,-78.65184241,37077.0,202,201,6,0,195,201,60115,7,0,0,7,0
2020-05-20,US,North Carolina,Greene,51,2,0,35.48544173,-77.67578087,37079.0,49,51,1,0,50,51,21012,0,1,0,-1,0
2020-05-20,US,North Carolina,Guilford,916,49,0,36.07959451,-79.78824948,37081.0,867,872,47,0,825,872,533670,44,2,0,42,0
2020-05-20,US,North Carolina,Halifax,125,1,0,36.25669272,-77.6556109,37083.0,124,113,1,0,112,113,50574,12,0,0,12,0
2020-05-20,US,North Carolina,Harnett,255,20,0,35.36731853,-78.87243571,37085.0,235,247,17,0,230,247,134214,8,3,0,5,0
2020-05-20,US,North Carolina,Haywood,28,0,0,35.55269063,-82.98196486,37087.0,28,26,0,0,26,26,61971,2,0,0,2,0
2020-05-20,US,North Carolina,Henderson,299,41,0,35.33788927,-82.4766782,37089.0,258,288,38,0,250,288,116748,11,3,0,8,0
2020-05-20,US,North Carolina,Hertford,60,1,0,36.3607755,-76.98104134,37091.0,59,53,1,0,52,53,23659,7,0,0,7,0
2020-05-20,US,North Carolina,Hoke,166,0,0,35.01888303,-79.23651674,37093.0,166,152,0,0,152,152,54764,14,0,0,14,0
2020-05-20,US,North Carolina,Hyde,1,0,0,35.42017674,-76.15180542,37095.0,1,1,0,0,1,1,5230,0,0,0,0,0
2020-05-20,US,North Carolina,Iredell,202,6,0,35.80950511,-80.8743128,37097.0,196,192,6,0,186,192,178435,10,0,0,10,0
2020-05-20,US,North Carolina,Jackson,27,1,0,35.28814273,-83.14093385,37099.0,26,24,1,0,23,24,43327,3,0,0,3,0
2020-05-20,US,North Carolina,Johnston,276,19,0,35.51745004,-78.36622717,37101.0,257,259,19,0,240,259,202675,17,0,0,17,0
2020-05-20,US,North Carolina,Jones,23,3,0,35.02254606,-77.35870791,37103.0,20,23,3,0,20,23,9637,0,0,0,0,0
2020-05-20,US,North Carolina,Lee,341,3,0,35.47623147,-79.17569362,37105.0,338,322,3,0,319,322,61452,19,0,0,19,0
2020-05-20,US,North Carolina,Lenoir,164,7,0,35.24032589999999,-77.64245615,37107.0,157,158,5,0,153,158,55976,6,2,0,4,0
2020-05-20,US,North Carolina,Lincoln,52,0,0,35.48508185,-81.21740317,37109.0,52,48,0,0,48,48,83770,4,0,0,4,0
2020-05-20,US,North Carolina,Macon,5,1,0,35.14867843,-83.41696617,37113.0,4,5,1,0,4,5,35285,0,0,0,0,0
2020-05-20,US,North Carolina,Madison,2,0,0,35.85402722,-82.71346418,37115.0,2,2,0,0,2,2,21763,0,0,0,0,0
2020-05-20,US,North Carolina,Martin,39,4,0,35.84326734,-77.10860251,37117.0,35,36,4,0,32,36,22671,3,0,0,3,0
2020-05-20,US,North Carolina,McDowell,33,1,0,35.67736232,-82.0482425,37111.0,32,32,1,0,31,32,45507,1,0,0,1,0
2020-05-20,US,North Carolina,Mecklenburg,2780,69,0,35.24469268,-80.8317671,37119.0,2711,2652,64,0,2588,2652,1093901,128,5,0,123,0
2020-05-20,US,North Carolina,Mitchell,8,0,0,36.01059309,-82.1582442,37121.0,8,8,0,0,8,8,15000,0,0,0,0,0
2020-05-20,US,North Carolina,Montgomery,68,3,0,35.33155144,-79.90416657,37123.0,65,57,3,0,54,57,27271,11,0,0,11,0
2020-05-20,US,North Carolina,Moore,173,10,0,35.30885257,-79.48474178,37125.0,163,167,10,0,157,167,98682,6,0,0,6,0
2020-05-20,US,North Carolina,Nash,158,3,0,35.96575634,-77.98422508,37127.0,155,153,3,0,150,153,94016,5,0,0,5,0
2020-05-20,US,North Carolina,New Hanover,142,3,0,34.25758282,-77.87075626,37129.0,139,140,3,0,137,140,232274,2,0,0,2,0
2020-05-20,US,North Carolina,Northampton,131,11,0,36.41736238,-77.39769443,37131.0,120,130,10,0,120,130,19676,1,1,0,0,0
2020-05-20,US,North Carolina,Onslow,80,2,0,34.72607366,-77.42908179,37133.0,78,75,2,0,73,75,197683,5,0,0,5,0
2020-05-20,US,North Carolina,Orange,289,37,0,36.06092947,-79.12167935,37135.0,252,277,36,0,241,277,146027,12,1,0,11,0
2020-05-20,US,North Carolina,Pamlico,9,0,0,35.15253315,-76.66559823,37137.0,9,9,0,0,9,9,12670,0,0,0,0,0
2020-05-20,US,North Carolina,Pasquotank,90,9,0,36.26723798,-76.25134778,37139.0,81,88,9,0,79,88,39639,2,0,0,2,0
2020-05-20,US,North Carolina,Pender,50,1,0,34.52265624,-77.90352133,37141.0,49,49,1,0,48,49,62162,1,0,0,1,0
2020-05-20,US,North Carolina,Perquimans,23,2,0,36.17847453,-76.40603143,37143.0,21,23,2,0,21,23,13422,0,0,0,0,0
2020-05-20,US,North Carolina,Person,34,1,0,36.38989032,-78.97217358,37145.0,33,33,1,0,32,33,39507,1,0,0,1,0
2020-05-20,US,North Carolina,Pitt,228,2,0,35.59535426,-77.37353178,37147.0,226,213,2,0,211,213,179914,15,0,0,15,0
2020-05-20,US,North Carolina,Polk,35,3,0,35.27820615,-82.16812354,37149.0,32,32,3,0,29,32,20611,3,0,0,3,0
2020-05-20,US,North Carolina,Randolph,486,6,0,35.71015088,-79.80570339,37151.0,480,461,6,0,455,461,143351,25,0,0,25,0
2020-05-20,US,North Carolina,Richmond,121,2,0,35.00417719,-79.74491009,37153.0,119,115,2,0,113,115,44887,6,0,0,6,0
2020-05-20,US,North Carolina,Robeson,591,12,0,34.64244496,-79.10250529999998,37155.0,579,531,12,0,519,531,131831,60,0,0,60,0
2020-05-20,US,North Carolina,Rockingham,49,2,0,36.39593137,-79.77504841,37157.0,47,46,2,0,44,46,90690,3,0,0,3,0
2020-05-20,US,North Carolina,Rowan,562,27,0,35.64003916,-80.52446628,37159.0,535,540,27,0,513,540,141262,22,0,0,22,0
2020-05-20,US,North Carolina,Rutherford,155,7,0,35.40114178,-81.92112099,37161.0,148,153,7,0,146,153,66826,2,0,0,2,0
2020-05-20,US,North Carolina,Sampson,273,1,0,34.98820368,-78.36914061,37163.0,272,259,1,0,258,259,63626,14,0,0,14,0
2020-05-20,US,North Carolina,Scotland,56,0,0,34.8386299,-79.4757978,37165.0,56,53,0,0,53,53,34810,3,0,0,3,0
2020-05-20,US,North Carolina,Stanly,33,4,0,35.31647813,-80.25093221,37167.0,29,32,4,0,28,32,62075,1,0,0,1,0
2020-05-20,US,North Carolina,Stokes,39,0,0,36.4017975,-80.23893369,37169.0,39,36,0,0,36,36,45467,3,0,0,3,0
2020-05-20,US,North Carolina,Surry,102,1,0,36.41689489,-80.69102283,37171.0,101,95,1,0,94,95,71948,7,0,0,7,0
2020-05-20,US,North Carolina,Swain,6,0,0,35.48665845,-83.48748932,37173.0,6,6,0,0,6,6,14245,0,0,0,0,0
2020-05-20,US,North Carolina,Transylvania,8,0,0,35.20383864,-82.79638423,37175.0,8,7,0,0,7,7,34215,1,0,0,1,0
2020-05-20,US,North Carolina,Tyrrell,4,0,0,35.87147226,-76.17055253,37177.0,4,4,0,0,4,4,4131,0,0,0,0,0
2020-05-20,US,North Carolina,Union,365,17,0,34.98960527,-80.52955873,37179.0,348,358,17,0,341,358,235908,7,0,0,7,0
2020-05-20,US,North Carolina,Vance,202,17,0,36.36880673,-78.40670845,37181.0,185,195,17,0,178,195,44582,7,0,0,7,0
2020-05-20,US,North Carolina,Wake,1307,30,0,35.78879266,-78.65249174,37183.0,1277,1253,28,0,1225,1253,1092305,54,2,0,52,0
2020-05-20,US,North Carolina,Warren,36,0,0,36.39728256,-78.10652228,37185.0,36,29,0,0,29,29,19807,7,0,0,7,0
2020-05-20,US,North Carolina,Washington,26,3,0,35.83810081,-76.57299037,37187.0,23,26,3,0,23,26,11859,0,0,0,0,0
2020-05-20,US,North Carolina,Watauga,12,0,0,36.23103603,-81.70033724,37189.0,12,11,0,0,11,11,55945,1,0,0,1,0
2020-05-20,US,North Carolina,Wayne,888,16,0,35.36438125,-78.00027268,37191.0,872,867,15,0,852,867,123248,21,1,0,20,0
2020-05-20,US,North Carolina,Wilkes,451,1,0,36.2084135,-81.16232895,37193.0,450,425,1,0,424,425,68557,26,0,0,26,0
2020-05-20,US,North Carolina,Wilson,256,9,0,35.70625477,-77.917978,37195.0,247,249,9,0,240,249,81455,7,0,0,7,0
2020-05-20,US,North Carolina,Yadkin,123,1,0,36.16222629,-80.66239436,37197.0,122,109,1,0,108,109,37543,14,0,0,14,0
2020-05-20,US,North Carolina,Yancey,10,0,0,35.90079156,-82.31237181,37199.0,10,10,0,0,10,10,17903,0,0,0,0,0
2020-05-20,US,North Dakota,Barnes,4,0,0,46.93579637,-98.06605978,38003.0,4,4,0,0,4,4,10542,0,0,0,0,0
2020-05-20,US,North Dakota,Benson,1,0,0,48.0683985,-99.35916363,38005.0,1,1,0,0,1,1,6962,0,0,0,0,0
2020-05-20,US,North Dakota,Bottineau,1,0,0,48.79106111,-100.8378166,38009.0,1,1,0,0,1,,6411,0,0,0,0,
2020-05-20,US,North Dakota,Bowman,1,0,0,46.11285362,-103.5203343,38011.0,1,1,0,0,1,1,3076,0,0,0,0,0
2020-05-20,US,North Dakota,Burke,5,0,0,48.79094471,-102.51821170000001,38013.0,5,5,0,0,5,5,2100,0,0,0,0,0
2020-05-20,US,North Dakota,Burleigh,120,0,0,46.97847375,-100.46452140000001,38015.0,120,117,0,0,117,116,95273,3,0,0,3,1
2020-05-20,US,North Dakota,Cass,1277,32,0,46.93201724,-97.24447190000001,38017.0,1245,1229,28,0,1201,1173,181516,48,4,0,44,56
2020-05-20,US,North Dakota,Divide,1,0,0,48.814938700000006,-103.48736109999999,38023.0,1,1,0,0,1,1,2283,0,0,0,0,0
2020-05-20,US,North Dakota,Dunn,12,0,0,47.35423935,-102.61604679999999,38025.0,12,12,0,0,12,11,4332,0,0,0,0,1
2020-05-20,US,North Dakota,Eddy,2,0,0,47.71701474,-98.90432337,38027.0,2,2,0,0,2,2,2313,0,0,0,0,0
2020-05-20,US,North Dakota,Emmons,1,1,0,46.28398398,-100.2389766,38029.0,0,1,1,0,0,1,3295,0,0,0,0,0
2020-05-20,US,North Dakota,Foster,1,0,0,47.457108399999996,-98.88279923,38031.0,1,1,0,0,1,1,3216,0,0,0,0,0
2020-05-20,US,North Dakota,Grand Forks,319,3,0,47.92093639,-97.45450447,38035.0,316,317,3,0,314,317,70770,2,0,0,2,0
2020-05-20,US,North Dakota,Grant,2,0,0,46.35821257,-101.63900129999999,38037.0,2,2,0,0,2,2,2374,0,0,0,0,0
2020-05-20,US,North Dakota,McHenry,2,1,0,48.23104458,-100.6324822,38049.0,1,2,1,0,1,2,5816,0,0,0,0,0
2020-05-20,US,North Dakota,McIntosh,1,0,0,46.11182017,-99.44145858,38051.0,1,1,0,0,1,1,2585,0,0,0,0,0
2020-05-20,US,North Dakota,McKenzie,16,0,0,47.74133370000001,-103.395905,38053.0,16,16,0,0,16,15,13632,0,0,0,0,1
2020-05-20,US,North Dakota,McLean,7,0,0,47.60766714,-101.3182418,38055.0,7,7,0,0,7,6,9541,0,0,0,0,1
2020-05-20,US,North Dakota,Mercer,4,0,0,47.31213126,-101.8318399,38057.0,4,4,0,0,4,4,8267,0,0,0,0,0
2020-05-20,US,North Dakota,Morton,63,2,0,46.71681782,-101.2822377,38059.0,61,40,2,0,38,40,31095,23,0,0,23,0
2020-05-20,US,North Dakota,Mountrail,39,0,0,48.20197971,-102.3555315,38061.0,39,39,0,0,39,42,10218,0,0,0,0,-3
2020-05-20,US,North Dakota,Nelson,2,0,0,47.9226426,-98.19038437,38063.0,2,1,0,0,1,1,2869,1,0,0,1,0
2020-05-20,US,North Dakota,Oliver,1,0,0,47.11530482,-101.3406158,38065.0,1,1,0,0,1,1,1952,0,0,0,0,0
2020-05-20,US,North Dakota,Pembina,6,0,0,48.76623521,-97.5523809,38067.0,6,6,0,0,6,6,6947,0,0,0,0,0
2020-05-20,US,North Dakota,Pierce,3,0,0,48.24977025,-99.96407787,38069.0,3,3,0,0,3,3,4081,0,0,0,0,0
2020-05-20,US,North Dakota,Ramsey,8,1,0,48.26886249,-98.72223879,38071.0,7,8,1,0,7,7,11481,0,0,0,0,1
2020-05-20,US,North Dakota,Ransom,7,0,0,46.45621782,-97.65742504,38073.0,7,7,0,0,7,5,5237,0,0,0,0,2
2020-05-20,US,North Dakota,Renville,1,0,0,48.71982533,-101.6603912,38075.0,1,1,0,0,1,1,2374,0,0,0,0,0
2020-05-20,US,North Dakota,Richland,13,0,0,46.26440649,-96.94852979,38077.0,13,11,0,0,11,9,16239,2,0,0,2,2
2020-05-20,US,North Dakota,Rolette,4,0,0,48.77245354,-99.84097493,38079.0,4,4,0,0,4,4,14301,0,0,0,0,0
2020-05-20,US,North Dakota,Sargent,3,0,0,46.10830372,-97.63217159,38081.0,3,3,0,0,3,3,3870,0,0,0,0,0
2020-05-20,US,North Dakota,Sioux,2,0,0,46.11323337,-101.04401490000001,38085.0,2,2,0,0,2,2,4358,0,0,0,0,0
2020-05-20,US,North Dakota,Slope,3,0,0,46.44737738,-103.4601547,38087.0,3,3,0,0,3,3,763,0,0,0,0,0
2020-05-20,US,North Dakota,Stark,61,2,0,46.80851182,-102.65763259999999,38089.0,59,61,2,0,59,61,30997,0,0,0,0,0
2020-05-20,US,North Dakota,Steele,1,0,0,47.45611548,-97.72728747,38091.0,1,1,0,0,1,1,1903,0,0,0,0,0
2020-05-20,US,North Dakota,Stutsman,17,0,0,46.97962541,-98.95637318,38093.0,17,16,0,0,16,16,20917,1,0,0,1,0
2020-05-20,US,North Dakota,Traill,20,0,0,47.45367788,-97.16323288,38097.0,20,2,0,0,2,2,8037,18,0,0,18,0
2020-05-20,US,North Dakota,Unassigned,0,6,0,0.0,0.0,90038.0,-6,0,6,0,-6,0,,0,0,0,0,0
2020-05-20,US,North Dakota,Walsh,11,0,0,48.36876964,-97.72574783,38099.0,11,10,0,0,10,10,10667,1,0,0,1,0
2020-05-20,US,North Dakota,Ward,29,1,0,48.22390169,-101.54367629999999,38101.0,28,28,1,0,27,28,67744,1,0,0,1,0
2020-05-20,US,North Dakota,Wells,2,0,0,47.58614526,-99.65904998,38103.0,2,2,0,0,2,2,3957,0,0,0,0,0
2020-05-20,US,North Dakota,Williams,22,0,0,48.34522353,-103.4793387,38105.0,22,21,0,0,21,21,35350,1,0,0,1,0
2020-05-20,US,Ohio,Adams,8,1,0,38.84541072,-83.4718964,39001.0,7,8,1,0,7,8,27724,0,0,0,0,0
2020-05-20,US,Ohio,Allen,172,30,0,40.77285242,-84.10802343,39003.0,142,171,30,0,141,168,102663,1,0,0,1,3
2020-05-20,US,Ohio,Ashland,17,0,0,40.84772277,-82.27280781,39005.0,17,15,0,0,15,15,53745,2,0,0,2,0
2020-05-20,US,Ohio,Ashtabula,250,28,0,41.70860332,-80.74830218,39007.0,222,244,26,0,218,232,97493,6,2,0,4,12
2020-05-20,US,Ohio,Athens,13,1,0,39.33425634,-82.04278644,39009.0,12,13,1,0,12,9,65818,0,0,0,0,4
2020-05-20,US,Ohio,Auglaize,57,3,0,40.55998859,-84.22421429999999,39011.0,54,55,3,0,52,55,45804,2,0,0,2,0
2020-05-20,US,Ohio,Belmont,352,11,0,40.01625942,-80.9924051,39013.0,341,343,9,0,334,341,67505,9,2,0,7,2
2020-05-20,US,Ohio,Brown,23,1,0,38.93416837,-83.86788395,39015.0,22,23,1,0,22,23,43602,0,0,0,0,0
2020-05-20,US,Ohio,Butler,671,19,0,39.44012838,-84.57388716,39017.0,652,639,17,0,622,610,382378,32,2,0,30,29
2020-05-20,US,Ohio,Carroll,26,2,0,40.578968599999996,-81.09178213,39019.0,24,26,2,0,24,26,27081,0,0,0,0,0
2020-05-20,US,Ohio,Champaign,25,1,0,40.13923427,-83.76875242,39021.0,24,23,1,0,22,23,38754,2,0,0,2,0
2020-05-20,US,Ohio,Clark,166,4,0,39.91592258,-83.78498252,39023.0,162,155,4,0,151,148,134585,11,0,0,11,7
2020-05-20,US,Ohio,Clermont,160,5,0,39.04847534,-84.15375786,39025.0,155,156,5,0,151,152,205466,4,0,0,4,4
2020-05-20,US,Ohio,Clinton,43,0,0,39.41485808,-83.80852286,39027.0,43,41,0,0,41,40,42057,2,0,0,2,1
2020-05-20,US,Ohio,Columbiana,457,47,0,40.76932373,-80.78094576,39029.0,410,453,45,0,408,434,102665,4,2,0,2,19
2020-05-20,US,Ohio,Coshocton,22,0,0,40.30096166,-81.91729018,39031.0,22,21,0,0,21,20,36629,1,0,0,1,1
2020-05-20,US,Ohio,Crawford,101,3,0,40.85065156,-82.91989099,39033.0,98,98,2,0,96,97,41550,3,1,0,2,1
2020-05-20,US,Ohio,Cuyahoga,3512,190,0,41.424119,-81.65918339,39035.0,3322,3463,183,0,3280,3410,1243857,49,7,0,42,53
2020-05-20,US,Ohio,Darke,134,16,0,40.13412966,-84.6194517,39037.0,118,126,16,0,110,121,51323,8,0,0,8,5
2020-05-20,US,Ohio,Defiance,30,1,0,41.32398837,-84.49076944,39039.0,29,28,1,0,27,27,38165,2,0,0,2,1
2020-05-20,US,Ohio,Delaware,277,10,0,40.27942393,-83.00457058,39041.0,267,266,9,0,257,263,204826,11,1,0,10,3
2020-05-20,US,Ohio,Erie,124,4,0,41.36796058,-82.62904521,39043.0,120,124,3,0,121,121,74615,0,1,0,-1,3
2020-05-20,US,Ohio,Fairfield,217,3,0,39.75107189,-82.63088163,39045.0,214,215,3,0,212,208,155782,2,0,0,2,7
2020-05-20,US,Ohio,Fayette,32,0,0,39.56021306,-83.4562016,39047.0,32,31,0,0,31,32,28666,1,0,0,1,-1
2020-05-20,US,Ohio,Franklin,4793,200,0,39.96995815,-83.01115755,39049.0,4593,4706,193,0,4513,4574,1310300,87,7,0,80,132
2020-05-20,US,Ohio,Fulton,35,0,0,41.60213491,-84.12571393,39051.0,35,35,0,0,35,35,42276,0,0,0,0,0
2020-05-20,US,Ohio,Gallia,8,1,0,38.82708533,-82.31647569,39053.0,7,7,1,0,6,7,29979,1,0,0,1,0
2020-05-20,US,Ohio,Geauga,231,27,0,41.49952319,-81.17935342,39055.0,204,226,26,0,200,221,94031,5,1,0,4,5
2020-05-20,US,Ohio,Greene,85,5,0,39.69116283,-83.89032084,39057.0,80,78,5,0,73,78,167995,7,0,0,7,0
2020-05-20,US,Ohio,Guernsey,28,0,0,40.05026529,-81.49248905,39059.0,28,26,0,0,26,25,39022,2,0,0,2,1
2020-05-20,US,Ohio,Hamilton,2167,117,0,39.19673558,-84.54502924,39061.0,2050,2138,117,0,2021,2082,816684,29,0,0,29,56
2020-05-20,US,Ohio,Hancock,46,1,0,41.00250487,-83.66838948,39063.0,45,46,1,0,45,46,75930,0,0,0,0,0
2020-05-20,US,Ohio,Hardin,30,0,0,40.66015414,-83.65929931,39065.0,30,30,0,0,30,30,31480,0,0,0,0,0
2020-05-20,US,Ohio,Harrison,10,0,0,40.29380509,-81.09068544,39067.0,10,10,0,0,10,9,15174,0,0,0,0,1
2020-05-20,US,Ohio,Henry,12,0,0,41.333964200000004,-84.06830637,39069.0,12,12,0,0,12,10,27086,0,0,0,0,2
2020-05-20,US,Ohio,Highland,16,1,0,39.1839264,-83.60331456,39071.0,15,15,1,0,14,15,43058,1,0,0,1,0
2020-05-20,US,Ohio,Hocking,63,2,0,39.49537927,-82.47991446,39073.0,61,61,2,0,59,61,28385,2,0,0,2,0
2020-05-20,US,Ohio,Holmes,15,1,0,40.56163713,-81.92635677,39075.0,14,13,1,0,12,13,43892,2,0,0,2,0
2020-05-20,US,Ohio,Huron,44,1,0,41.14651175,-82.59867951,39077.0,43,43,1,0,42,42,58504,1,0,0,1,1
2020-05-20,US,Ohio,Jackson,11,0,0,39.01914254,-82.61818559999998,39079.0,11,11,0,0,11,11,32384,0,0,0,0,0
2020-05-20,US,Ohio,Jefferson,62,2,0,40.38614126,-80.76259514,39081.0,60,61,2,0,59,61,65767,1,0,0,1,0
2020-05-20,US,Ohio,Knox,23,1,0,40.39830217,-82.42027563,39083.0,22,23,1,0,22,22,61893,0,0,0,0,1
2020-05-20,US,Ohio,Lake,235,9,0,41.69710807,-81.23676539,39085.0,226,231,9,0,222,226,230514,4,0,0,4,5
2020-05-20,US,Ohio,Lawrence,28,1,0,38.59743452,-82.53466552,39087.0,27,27,0,0,27,27,59866,1,1,0,0,0
2020-05-20,US,Ohio,Licking,197,9,0,40.09136236,-82.48185785,39089.0,188,190,9,0,181,190,175769,7,0,0,7,0
2020-05-20,US,Ohio,Logan,25,0,0,40.38996525,-83.76784341,39091.0,25,24,0,0,24,24,45358,1,0,0,1,0
2020-05-20,US,Ohio,Lorain,620,58,0,41.29553751,-82.15083537,39093.0,562,610,58,0,552,605,309461,10,0,0,10,5
2020-05-20,US,Ohio,Lucas,2021,214,0,41.62101218,-83.65468618,39095.0,1807,1999,209,0,1790,1986,429899,22,5,0,17,13
2020-05-20,US,Ohio,Madison,102,7,0,39.89381073,-83.40178317,39097.0,95,100,6,0,94,99,44413,2,1,0,1,1
2020-05-20,US,Ohio,Mahoning,1252,160,0,41.01631101,-80.77287029,39099.0,1092,1247,156,0,1091,1226,229642,5,4,0,1,21
2020-05-20,US,Ohio,Marion,2540,18,0,40.58610662,-83.15736305,39101.0,2522,2524,15,0,2509,2513,65256,16,3,0,13,11
2020-05-20,US,Ohio,Medina,237,18,0,41.11770589,-81.89986209999998,39103.0,219,229,18,0,211,224,179146,8,0,0,8,5
2020-05-20,US,Ohio,Meigs,3,0,0,39.09224872,-82.0305041,39105.0,3,3,0,0,3,3,23106,0,0,0,0,0
2020-05-20,US,Ohio,Mercer,162,2,0,40.54043046,-84.62912742,39107.0,160,148,2,0,146,141,40959,14,0,0,14,7
2020-05-20,US,Ohio,Miami,337,30,0,40.0543329,-84.22871271,39109.0,307,332,30,0,302,332,106222,5,0,0,5,0
2020-05-20,US,Ohio,Monroe,59,4,0,39.72984936,-81.08464734,39111.0,55,56,4,0,52,56,13790,3,0,0,3,0
2020-05-20,US,Ohio,Montgomery,539,13,0,39.75394919,-84.29050975,39113.0,526,531,13,0,518,520,532331,8,0,0,8,11
2020-05-20,US,Ohio,Morgan,5,0,0,39.62081738,-81.85308173,39115.0,5,5,0,0,5,5,14604,0,0,0,0,0
2020-05-20,US,Ohio,Morrow,104,1,0,40.52363560000001,-82.7892599,39117.0,103,101,1,0,100,98,35112,3,0,0,3,3
2020-05-20,US,Ohio,Muskingum,40,0,0,39.96575964,-81.94363275,39119.0,40,38,0,0,38,36,86183,2,0,0,2,2
2020-05-20,US,Ohio,Noble,5,0,0,39.76818851,-81.45937183,39121.0,5,5,0,0,5,5,14354,0,0,0,0,0
2020-05-20,US,Ohio,Ottawa,64,3,0,41.53781826,-83.0940185,39123.0,61,64,3,0,61,66,40769,0,0,0,0,-2
2020-05-20,US,Ohio,Paulding,12,0,0,41.11676341,-84.5801017,39125.0,12,11,0,0,11,11,18760,1,0,0,1,0
2020-05-20,US,Ohio,Perry,15,1,0,39.73508655,-82.23804971,39127.0,14,16,1,0,15,15,36033,-1,0,0,-1,1
2020-05-20,US,Ohio,Pickaway,2029,32,0,39.64170392,-83.0243386,39129.0,1997,2025,31,0,1994,2021,58086,4,1,0,3,4
2020-05-20,US,Ohio,Pike,6,0,0,39.07634001,-83.06769584,39131.0,6,6,0,0,6,5,28067,0,0,0,0,1
2020-05-20,US,Ohio,Portage,298,55,0,41.16793482,-81.19735782,39133.0,243,297,53,0,244,296,162927,1,2,0,-1,1
2020-05-20,US,Ohio,Preble,30,1,0,39.7420247,-84.64787018,39135.0,29,30,1,0,29,30,40997,0,0,0,0,0
2020-05-20,US,Ohio,Putnam,84,13,0,41.02094889,-84.1336111,39137.0,71,84,13,0,71,84,33780,0,0,0,0,0
2020-05-20,US,Ohio,Richland,166,2,0,40.77180308,-82.53799609999999,39139.0,164,165,2,0,163,161,121099,1,0,0,1,4
2020-05-20,US,Ohio,Ross,60,1,0,39.33705391,-83.06000914,39141.0,59,59,1,0,58,58,76931,1,0,0,1,1
2020-05-20,US,Ohio,Sandusky,63,9,0,41.35624126,-83.137872,39143.0,54,62,9,0,53,57,58799,1,0,0,1,5
2020-05-20,US,Ohio,Scioto,14,0,0,38.80270163,-82.98907345,39145.0,14,14,0,0,14,14,75502,0,0,0,0,0
2020-05-20,US,Ohio,Seneca,16,2,0,41.12351311,-83.12783209,39147.0,14,15,2,0,13,15,55207,1,0,0,1,0
2020-05-20,US,Ohio,Shelby,35,2,0,40.33163494,-84.20258189,39149.0,33,34,2,0,32,34,48627,1,0,0,1,0
2020-05-20,US,Ohio,Stark,620,79,0,40.81482476,-81.36437305,39151.0,541,610,79,0,531,595,371574,10,0,0,10,15
2020-05-20,US,Ohio,Summit,1077,131,0,41.12464734,-81.53123079,39153.0,946,1042,113,0,929,1028,541918,35,18,0,17,14
2020-05-20,US,Ohio,Trumbull,478,39,0,41.31735028,-80.76109643,39155.0,439,469,39,0,430,461,198627,9,0,0,9,8
2020-05-20,US,Ohio,Tuscarawas,281,1,0,40.44214695,-81.47226262,39157.0,280,272,1,0,271,269,92176,9,0,0,9,3
2020-05-20,US,Ohio,Union,37,0,0,40.30016061,-83.37239023,39159.0,37,36,0,0,36,37,57835,1,0,0,1,-1
2020-05-20,US,Ohio,Van Wert,4,0,0,40.8554138,-84.59111700000003,39161.0,4,5,0,0,5,5,28281,-1,0,0,-1,0
2020-05-20,US,Ohio,Vinton,16,0,0,39.25208988,-82.4831444,39163.0,16,16,0,0,16,16,13139,0,0,0,0,0
2020-05-20,US,Ohio,Warren,292,15,0,39.42581994,-84.16557457,39165.0,277,285,15,0,270,283,232173,7,0,0,7,2
2020-05-20,US,Ohio,Washington,116,17,0,39.45690571,-81.49121382,39167.0,99,116,17,0,99,116,60155,0,0,0,0,0
2020-05-20,US,Ohio,Wayne,209,49,0,40.82925852,-81.88844833,39169.0,160,206,49,0,157,202,115967,3,0,0,3,4
2020-05-20,US,Ohio,Williams,48,1,0,41.56052014,-84.58429552,39171.0,47,47,1,0,46,47,36804,1,0,0,1,0
2020-05-20,US,Ohio,Wood,254,43,0,41.36224827,-83.62285108,39173.0,211,257,43,0,214,257,130696,-3,0,0,-3,0
2020-05-20,US,Ohio,Wyandot,33,2,0,40.84339621,-83.30734173,39175.0,31,31,2,0,29,30,21935,2,0,0,2,1
2020-05-20,US,Oklahoma,Adair,78,3,0,35.88494195,-94.65859267,40001.0,75,77,3,0,74,75,22082,1,0,0,1,2
2020-05-20,US,Oklahoma,Alfalfa,1,0,0,36.73090616,-98.32408495,40003.0,1,1,0,0,1,1,5754,0,0,0,0,0
2020-05-20,US,Oklahoma,Atoka,1,0,0,34.37366573,-96.03802487,40005.0,1,1,0,0,1,1,13838,0,0,0,0,0
2020-05-20,US,Oklahoma,Beaver,23,0,0,36.7496847,-100.4758872,40007.0,23,23,0,0,23,23,5319,0,0,0,0,0
2020-05-20,US,Oklahoma,Beckham,6,0,0,35.26862449,-99.68128023,40009.0,6,6,0,0,6,6,21709,0,0,0,0,0
2020-05-20,US,Oklahoma,Blaine,3,0,0,35.87518314,-98.43307003,40011.0,3,3,0,0,3,3,9485,0,0,0,0,0
2020-05-20,US,Oklahoma,Bryan,19,1,0,33.96472458,-96.25903472,40013.0,18,19,1,0,18,17,47192,0,0,0,0,2
2020-05-20,US,Oklahoma,Caddo,126,10,0,35.17364557,-98.37534464,40015.0,116,122,10,0,112,120,28977,4,0,0,4,2
2020-05-20,US,Oklahoma,Canadian,120,3,0,35.5426055,-97.98465569,40017.0,117,120,3,0,117,118,144447,0,0,0,0,2
2020-05-20,US,Oklahoma,Carter,15,1,0,34.25103751,-97.28552485,40019.0,14,15,1,0,14,13,48177,0,0,0,0,2
2020-05-20,US,Oklahoma,Cherokee,29,1,0,35.90692775,-94.99980896,40021.0,28,29,1,0,28,29,48675,0,0,0,0,0
2020-05-20,US,Oklahoma,Choctaw,12,0,0,34.02807439,-95.54771129,40023.0,12,6,0,0,6,5,14668,6,0,0,6,1
2020-05-20,US,Oklahoma,Cimarron,1,0,0,36.74817177,-102.5173885,40025.0,1,1,0,0,1,1,2153,0,0,0,0,0
2020-05-20,US,Oklahoma,Cleveland,472,37,0,35.20413532,-97.32519562,40027.0,435,470,36,0,434,468,281669,2,1,0,1,2
2020-05-20,US,Oklahoma,Coal,1,0,0,34.58840127,-96.29798747,40029.0,1,,,,,,5520,,,,,
2020-05-20,US,Oklahoma,Comanche,229,3,0,34.65973764,-98.47195055,40031.0,226,229,3,0,226,225,120422,0,0,0,0,4
2020-05-20,US,Oklahoma,Cotton,5,2,0,34.28845626,-98.37053567,40033.0,3,5,2,0,3,5,5776,0,0,0,0,0
2020-05-20,US,Oklahoma,Craig,15,0,0,36.76268118,-95.20916602,40035.0,15,15,0,0,15,14,14306,0,0,0,0,1
2020-05-20,US,Oklahoma,Creek,85,7,0,35.90230551,-96.37086028,40037.0,78,85,7,0,78,85,71604,0,0,0,0,0
2020-05-20,US,Oklahoma,Custer,12,0,0,35.63853802,-99.00170785,40039.0,12,12,0,0,12,12,29036,0,0,0,0,0
2020-05-20,US,Oklahoma,Delaware,96,16,0,36.40823634,-94.80325046,40041.0,80,96,16,0,80,95,42733,0,0,0,0,1
2020-05-20,US,Oklahoma,Dewey,2,0,0,35.98772922,-99.00730714,40043.0,2,2,0,0,2,2,4894,0,0,0,0,0
2020-05-20,US,Oklahoma,Garfield,24,1,0,36.3791334,-97.78265517,40047.0,23,23,1,0,22,23,60913,1,0,0,1,0
2020-05-20,US,Oklahoma,Garvin,15,1,0,34.70418038,-97.30811132,40049.0,14,15,1,0,14,15,27811,0,0,0,0,0
2020-05-20,US,Oklahoma,Grady,68,2,0,35.0167709,-97.88339847,40051.0,66,65,2,0,63,64,55551,3,0,0,3,1
2020-05-20,US,Oklahoma,Grant,2,0,0,36.796296999999996,-97.78638765,40053.0,2,2,0,0,2,2,4326,0,0,0,0,0
2020-05-20,US,Oklahoma,Greer,66,7,0,34.93535801,-99.56056120000001,40055.0,59,66,7,0,59,66,5821,0,0,0,0,0
2020-05-20,US,Oklahoma,Harper,1,0,0,36.78836519,-99.6679804,40059.0,1,1,0,0,1,1,3797,0,0,0,0,0
2020-05-20,US,Oklahoma,Haskell,6,0,0,35.22257600000001,-95.11513306,40061.0,6,5,0,0,5,5,12668,1,0,0,1,0
2020-05-20,US,Oklahoma,Jackson,21,1,0,34.58781741,-99.41138784,40065.0,20,21,1,0,20,21,24949,0,0,0,0,0
2020-05-20,US,Oklahoma,Jefferson,3,0,0,34.11130184,-97.83182974,40067.0,3,3,0,0,3,3,6123,0,0,0,0,0
2020-05-20,US,Oklahoma,Johnston,3,0,0,34.31440473,-96.66011537,40069.0,3,3,0,0,3,3,10949,0,0,0,0,0
2020-05-20,US,Oklahoma,Kay,50,7,0,36.81799745,-97.14421435,40071.0,43,50,7,0,43,50,44161,0,0,0,0,0
2020-05-20,US,Oklahoma,Kingfisher,10,0,0,35.94530008,-97.94193268,40073.0,10,10,0,0,10,10,15816,0,0,0,0,0
2020-05-20,US,Oklahoma,Kiowa,6,0,0,34.91671958,-98.97720696,40075.0,6,6,0,0,6,6,8729,0,0,0,0,0
2020-05-20,US,Oklahoma,Latimer,5,1,0,34.87844729,-95.25215049,40077.0,4,6,1,0,5,6,10231,-1,0,0,-1,0
2020-05-20,US,Oklahoma,Le Flore,13,1,0,34.89851864,-94.70392124,40079.0,12,13,1,0,12,13,49980,0,0,0,0,0
2020-05-20,US,Oklahoma,Lincoln,19,2,0,35.70270942,-96.8812462,40081.0,17,19,2,0,17,19,34920,0,0,0,0,0
2020-05-20,US,Oklahoma,Logan,18,1,0,35.91899576,-97.44352845,40083.0,17,18,1,0,17,18,47291,0,0,0,0,0
2020-05-20,US,Oklahoma,Love,4,0,0,33.95273467,-97.23906784,40085.0,4,4,0,0,4,4,10134,0,0,0,0,0
2020-05-20,US,Oklahoma,Major,6,1,0,36.31149996,-98.53467076,40093.0,5,6,1,0,5,6,7644,0,0,0,0,0
2020-05-20,US,Oklahoma,Marshall,6,0,0,34.02311222,-96.76855464,40095.0,6,6,0,0,6,6,16806,0,0,0,0,0
2020-05-20,US,Oklahoma,Mayes,28,4,0,36.30179091,-95.23175116,40097.0,24,28,4,0,24,28,41107,0,0,0,0,0
2020-05-20,US,Oklahoma,McClain,95,2,0,35.01123903,-97.44572302,40087.0,93,95,2,0,93,86,39985,0,0,0,0,9
2020-05-20,US,Oklahoma,McCurtain,13,0,0,34.11664328,-94.77222373,40089.0,13,12,0,0,12,11,32703,1,0,0,1,1
2020-05-20,US,Oklahoma,McIntosh,10,1,0,35.37235506,-95.66599306,40091.0,9,10,0,0,10,10,19815,0,1,0,-1,0
2020-05-20,US,Oklahoma,Murray,2,0,0,34.48116015,-97.06826283,40099.0,2,2,0,0,2,2,13953,0,0,0,0,0
2020-05-20,US,Oklahoma,Muskogee,30,6,0,35.61318461,-95.37802952,40101.0,24,30,6,0,24,30,68362,0,0,0,0,0
2020-05-20,US,Oklahoma,Noble,7,0,0,36.38953329,-97.22928674,40103.0,7,7,0,0,7,7,11289,0,0,0,0,0
2020-05-20,US,Oklahoma,Nowata,23,0,0,36.79843529,-95.61902331,40105.0,23,23,0,0,23,23,10218,0,0,0,0,0
2020-05-20,US,Oklahoma,Okfuskee,2,0,0,35.46485198,-96.32639984,40107.0,2,2,0,0,2,2,12098,0,0,0,0,0
2020-05-20,US,Oklahoma,Oklahoma,1093,51,0,35.55140095,-97.40716948,40109.0,1042,1087,49,0,1038,1075,792582,6,2,0,4,12
2020-05-20,US,Oklahoma,Okmulgee,18,0,0,35.64661916,-95.96432828,40111.0,18,18,0,0,18,18,38335,0,0,0,0,0
2020-05-20,US,Oklahoma,Osage,92,8,0,36.62888819,-96.39635704,40113.0,84,92,8,0,84,91,47014,0,0,0,0,1
2020-05-20,US,Oklahoma,Ottawa,35,2,0,36.83532655,-94.81011909,40115.0,33,35,2,0,33,35,31175,0,0,0,0,0
2020-05-20,US,Oklahoma,Pawnee,29,2,0,36.31743373,-96.70331759999999,40117.0,27,29,2,0,27,29,16390,0,0,0,0,0
2020-05-20,US,Oklahoma,Payne,45,1,0,36.07695283,-96.97584944,40119.0,44,45,1,0,44,45,82040,0,0,0,0,0
2020-05-20,US,Oklahoma,Pittsburg,39,3,0,34.92065823,-95.75134320000001,40121.0,36,39,3,0,36,39,43877,0,0,0,0,0
2020-05-20,US,Oklahoma,Pontotoc,11,2,0,34.72959848,-96.68337199,40123.0,9,11,2,0,9,11,38247,0,0,0,0,0
2020-05-20,US,Oklahoma,Pottawatomie,56,4,0,35.20614018,-96.94923008,40125.0,52,57,4,0,53,57,72679,-1,0,0,-1,0
2020-05-20,US,Oklahoma,Pushmataha,2,0,0,34.41635232,-95.37603505,40127.0,2,1,0,0,1,1,11179,1,0,0,1,0
2020-05-20,US,Oklahoma,Rogers,72,5,0,36.37004357,-95.60406759,40131.0,67,72,5,0,67,72,91984,0,0,0,0,0
2020-05-20,US,Oklahoma,Seminole,21,2,0,35.16478725,-96.61686741,40133.0,19,21,2,0,19,21,24578,0,0,0,0,0
2020-05-20,US,Oklahoma,Sequoyah,14,3,0,35.49447108,-94.75463785,40135.0,11,14,3,0,11,14,41179,0,0,0,0,0
2020-05-20,US,Oklahoma,Stephens,25,1,0,34.48556989,-97.85141892,40137.0,24,26,1,0,25,26,43265,-1,0,0,-1,0
2020-05-20,US,Oklahoma,Texas,791,4,0,36.74777635,-101.4889765,40139.0,787,784,4,0,780,752,20455,7,0,0,7,32
2020-05-20,US,Oklahoma,Tillman,22,1,0,34.37288446,-98.92426619,40141.0,21,22,1,0,21,22,7348,0,0,0,0,0
2020-05-20,US,Oklahoma,Tulsa,814,39,0,36.11939621,-95.94013939,40143.0,775,802,37,0,765,787,648360,12,2,0,10,15
2020-05-20,US,Oklahoma,Wagoner,137,17,0,35.96024096,-95.51911308,40145.0,120,137,17,0,120,137,80110,0,0,0,0,0
2020-05-20,US,Oklahoma,Washington,304,32,0,36.71380786,-95.90514104,40147.0,272,304,32,0,272,303,51843,0,0,0,0,1
2020-05-20,US,Oklahoma,Washita,1,0,0,35.29071824,-98.99180434,40149.0,1,1,0,0,1,1,11127,0,0,0,0,0
2020-05-20,US,Oklahoma,Woods,3,0,0,36.76705782,-98.86573064,40151.0,3,3,0,0,3,3,8897,0,0,0,0,0
2020-05-20,US,Oklahoma,Woodward,1,0,0,36.42316318,-99.26283045,40153.0,1,1,0,0,1,1,20222,0,0,0,0,0
2020-05-20,US,Oregon,Baker,1,0,0,44.70915557,-117.6749883,41001.0,1,1,0,0,1,1,16006,0,0,0,0,0
2020-05-20,US,Oregon,Benton,55,5,0,44.49167306,-123.4316987,41003.0,50,54,5,0,49,54,92101,1,0,0,1,0
2020-05-20,US,Oregon,Clackamas,284,9,0,45.18787398,-122.2179634,41005.0,275,284,9,0,275,286,416075,0,0,0,0,-2
2020-05-20,US,Oregon,Clatsop,42,0,0,45.99712889,-123.660711,41007.0,42,38,0,0,38,38,39764,4,0,0,4,0
2020-05-20,US,Oregon,Columbia,16,0,0,45.94464254,-123.08908980000001,41009.0,16,16,0,0,16,16,52377,0,0,0,0,0
2020-05-20,US,Oregon,Coos,30,0,0,43.17406868,-124.0594514,41011.0,30,30,0,0,30,30,64389,0,0,0,0,0
2020-05-20,US,Oregon,Crook,1,0,0,44.14230227,-120.356297,41013.0,1,1,0,0,1,1,23867,0,0,0,0,0
2020-05-20,US,Oregon,Curry,5,0,0,42.45911325,-124.15728200000001,41015.0,5,5,0,0,5,4,22813,0,0,0,0,1
2020-05-20,US,Oregon,Deschutes,116,0,0,43.91570171,-121.2289121,41017.0,116,107,0,0,107,101,191996,9,0,0,9,6
2020-05-20,US,Oregon,Douglas,25,0,0,43.27941273,-123.16729099999999,41019.0,25,25,0,0,25,25,110283,0,0,0,0,0
2020-05-20,US,Oregon,Grant,1,0,0,44.49024544,-119.0068631,41023.0,1,1,0,0,1,1,7176,0,0,0,0,0
2020-05-20,US,Oregon,Harney,1,0,0,43.06422669,-118.96663059999999,41025.0,1,1,0,0,1,1,7329,0,0,0,0,0
2020-05-20,US,Oregon,Hood River,14,0,0,45.51872811,-121.65520359999998,41027.0,14,14,0,0,14,14,23428,0,0,0,0,0
2020-05-20,US,Oregon,Jackson,52,0,0,42.43201126,-122.72893090000001,41029.0,52,52,0,0,52,51,219564,0,0,0,0,1
2020-05-20,US,Oregon,Jefferson,24,0,0,44.62806839,-121.17832,41031.0,24,24,0,0,24,24,24192,0,0,0,0,0
2020-05-20,US,Oregon,Josephine,27,1,0,42.3665549,-123.5561938,41033.0,26,25,1,0,24,25,87393,2,0,0,2,0
2020-05-20,US,Oregon,Klamath,41,0,0,42.68762984,-121.64964609999998,41035.0,41,41,0,0,41,41,67653,0,0,0,0,0
2020-05-20,US,Oregon,Lane,66,2,0,43.93727035,-122.847753,41039.0,64,65,2,0,63,65,379611,1,0,0,1,0
2020-05-20,US,Oregon,Lincoln,8,0,0,44.64252874,-123.86991200000001,41041.0,8,8,0,0,8,8,49388,0,0,0,0,0
2020-05-20,US,Oregon,Linn,110,9,0,44.48899494,-122.53731540000001,41043.0,101,109,9,0,100,109,127335,1,0,0,1,0
2020-05-20,US,Oregon,Malheur,21,0,0,43.1937027,-117.62273950000001,41045.0,21,21,0,0,21,21,30725,0,0,0,0,0
2020-05-20,US,Oregon,Marion,879,24,0,44.90287942,-122.58151170000001,41047.0,855,855,24,0,831,843,346868,24,0,0,24,12
2020-05-20,US,Oregon,Morrow,12,0,0,45.41846568,-119.584546,41049.0,12,12,0,0,12,12,11372,0,0,0,0,0
2020-05-20,US,Oregon,Multnomah,1018,57,0,45.54747959,-122.4169351,41051.0,961,1005,55,0,950,996,811880,13,2,0,11,9
2020-05-20,US,Oregon,Polk,94,9,0,44.90322804,-123.4128888,41053.0,85,93,9,0,84,93,85234,1,0,0,1,0
2020-05-20,US,Oregon,Sherman,1,0,0,45.41501554,-120.6827834,41055.0,1,1,0,0,1,1,1708,0,0,0,0,0
2020-05-20,US,Oregon,Tillamook,6,0,0,45.46248721,-123.712066,41057.0,6,6,0,0,6,6,26787,0,0,0,0,0
2020-05-20,US,Oregon,Umatilla,105,3,0,45.59073056,-118.7353826,41059.0,102,101,3,0,98,98,77516,4,0,0,4,3
2020-05-20,US,Oregon,Union,6,0,0,45.30915495,-118.0068979,41061.0,6,6,0,0,6,6,26461,0,0,0,0,0
2020-05-20,US,Oregon,Wallowa,1,0,0,45.57894064,-117.18353799999998,41063.0,1,1,0,0,1,1,7081,0,0,0,0,0
2020-05-20,US,Oregon,Wasco,18,1,0,45.16292781,-121.16709540000001,41065.0,17,18,1,0,17,18,26505,0,0,0,0,0
2020-05-20,US,Oregon,Washington,658,17,0,45.55972701,-123.0955257,41067.0,641,644,15,0,629,638,597695,14,2,0,12,6
2020-05-20,US,Oregon,Yamhill,63,7,0,45.23330449,-123.3086963,41071.0,56,62,7,0,55,59,107002,1,0,0,1,3
2020-05-20,US,Pennsylvania,Adams,197,5,0,39.87140411,-77.21610347,42001.0,192,194,5,0,189,194,102811,3,0,0,3,0
2020-05-20,US,Pennsylvania,Allegheny,1687,147,0,40.46809875,-79.98167747,42003.0,1540,1658,145,0,1513,1641,1218452,29,2,0,27,17
2020-05-20,US,Pennsylvania,Armstrong,58,2,0,40.81665618,-79.46290811,42005.0,56,58,2,0,56,58,65263,0,0,0,0,0
2020-05-20,US,Pennsylvania,Beaver,539,70,0,40.6825484,-80.34921611,42007.0,469,534,70,0,464,533,164742,5,0,0,5,1
2020-05-20,US,Pennsylvania,Bedford,32,2,0,40.00522157,-78.48998442,42009.0,30,32,2,0,30,32,48176,0,0,0,0,0
2020-05-20,US,Pennsylvania,Berks,3763,273,0,40.41570541,-75.92457766,42011.0,3490,3735,262,0,3473,3719,420152,28,11,0,17,16
2020-05-20,US,Pennsylvania,Blair,39,1,0,40.47961444,-78.34917412,42013.0,38,38,1,0,37,38,122492,1,0,0,1,0
2020-05-20,US,Pennsylvania,Bradford,41,3,0,41.78869215,-76.51570822,42015.0,38,41,3,0,38,41,60833,0,0,0,0,0
2020-05-20,US,Pennsylvania,Bucks,4662,431,0,40.33682119,-75.10836643,42017.0,4231,4573,426,0,4147,4516,628195,89,5,0,84,57
2020-05-20,US,Pennsylvania,Butler,208,12,0,40.91152759,-79.91351055,42019.0,196,206,12,0,194,203,187888,2,0,0,2,3
2020-05-20,US,Pennsylvania,Cambria,54,2,0,40.49527404,-78.71377428,42021.0,52,54,2,0,52,54,131730,0,0,0,0,0
2020-05-20,US,Pennsylvania,Cameron,2,0,0,41.43625568,-78.20376845,42023.0,2,2,0,0,2,2,4492,0,0,0,0,0
2020-05-20,US,Pennsylvania,Carbon,219,22,0,40.91545395,-75.7068525,42025.0,197,214,22,0,192,214,64227,5,0,0,5,0
2020-05-20,US,Pennsylvania,Centre,133,5,0,40.92058903,-77.82200624,42027.0,128,132,5,0,127,133,162805,1,0,0,1,-1
2020-05-20,US,Pennsylvania,Chester,2217,235,0,39.97291773,-75.74768357,42029.0,1982,2199,230,0,1969,2153,522046,18,5,0,13,46
2020-05-20,US,Pennsylvania,Clarion,25,2,0,41.19265812,-79.42413524,42031.0,23,24,2,0,22,24,38779,1,0,0,1,0
2020-05-20,US,Pennsylvania,Clearfield,33,0,0,41.00110782,-78.47592663,42033.0,33,33,0,0,33,33,79388,0,0,0,0,0
2020-05-20,US,Pennsylvania,Clinton,45,0,0,41.23255967,-77.63785995,42035.0,45,45,0,0,45,44,38684,0,0,0,0,1
2020-05-20,US,Pennsylvania,Columbia,340,29,0,41.04821986,-76.40565017,42037.0,311,337,29,0,308,337,65456,3,0,0,3,0
2020-05-20,US,Pennsylvania,Crawford,21,0,0,41.68447709,-80.10760592,42039.0,21,21,0,0,21,21,85063,0,0,0,0,0
2020-05-20,US,Pennsylvania,Cumberland,545,43,0,40.1625372,-77.26130755,42041.0,502,540,42,0,498,525,251423,5,1,0,4,15
2020-05-20,US,Pennsylvania,Dauphin,1012,51,0,40.41377078,-76.77993242,42043.0,961,989,50,0,939,978,277097,23,1,0,22,11
2020-05-20,US,Pennsylvania,Delaware,5844,472,0,39.91680171,-75.40243663,42045.0,5372,5754,451,0,5303,5689,564751,90,21,0,69,65
2020-05-20,US,Pennsylvania,Elk,6,0,0,41.42822061,-78.64524744,42047.0,6,6,0,0,6,6,30169,0,0,0,0,0
2020-05-20,US,Pennsylvania,Erie,163,4,0,41.99253829,-80.03301954,42049.0,159,147,4,0,143,145,272061,16,0,0,16,2
2020-05-20,US,Pennsylvania,Fayette,93,4,0,39.92041012,-79.64291195,42051.0,89,92,4,0,88,91,130441,1,0,0,1,1
2020-05-20,US,Pennsylvania,Forest,7,0,0,41.51095103,-79.23229292,42053.0,7,7,0,0,7,7,7279,0,0,0,0,0
2020-05-20,US,Pennsylvania,Franklin,662,27,0,39.92956518,-77.72157791,42055.0,635,644,27,0,617,631,154835,18,0,0,18,13
2020-05-20,US,Pennsylvania,Fulton,13,1,0,39.92913544,-78.11163677,42057.0,12,12,1,0,11,11,14523,1,0,0,1,1
2020-05-20,US,Pennsylvania,Greene,27,0,0,39.85746531,-80.22357106,42059.0,27,27,0,0,27,27,36506,0,0,0,0,0
2020-05-20,US,Pennsylvania,Huntingdon,215,1,0,40.42162652,-77.97673273,42061.0,214,214,0,0,214,214,45168,1,1,0,0,0
2020-05-20,US,Pennsylvania,Indiana,86,4,0,40.65241041,-79.08963285,42063.0,82,86,4,0,82,84,84501,0,0,0,0,2
2020-05-20,US,Pennsylvania,Jefferson,7,0,0,41.12913106,-78.9986361,42065.0,7,7,0,0,7,7,43641,0,0,0,0,0
2020-05-20,US,Pennsylvania,Juniata,94,2,0,40.53358749,-77.39975129999998,42067.0,92,94,2,0,92,94,24704,0,0,0,0,0
2020-05-20,US,Pennsylvania,Lackawanna,1400,132,0,41.43564672,-75.60379201,42069.0,1268,1374,127,0,1247,1363,210793,26,5,0,21,11
2020-05-20,US,Pennsylvania,Lancaster,2599,266,0,40.03904563,-76.24770128,42071.0,2333,2593,263,0,2330,2552,543557,6,3,0,3,41
2020-05-20,US,Pennsylvania,Lawrence,73,8,0,40.99206278,-80.33393706,42073.0,65,73,8,0,65,72,86184,0,0,0,0,1
2020-05-20,US,Pennsylvania,Lebanon,885,24,0,40.36680311,-76.45651841,42075.0,861,880,24,0,856,877,141314,5,0,0,5,3
2020-05-20,US,Pennsylvania,Lehigh,3550,188,0,40.6154815,-75.59435245,42077.0,3362,3513,182,0,3331,3491,368100,37,6,0,31,22
2020-05-20,US,Pennsylvania,Luzerne,2572,128,0,41.17823008,-75.98447579,42079.0,2444,2554,124,0,2430,2532,317646,18,4,0,14,22
2020-05-20,US,Pennsylvania,Lycoming,152,9,0,41.34310539,-77.06629984,42081.0,143,149,9,0,140,149,113664,3,0,0,3,0
2020-05-20,US,Pennsylvania,McKean,11,1,0,41.80938602,-78.56478358,42083.0,10,11,1,0,10,11,40968,0,0,0,0,0
2020-05-20,US,Pennsylvania,Mercer,96,4,0,41.30248872,-80.25816981,42085.0,92,96,4,0,92,94,110683,0,0,0,0,2
2020-05-20,US,Pennsylvania,Mifflin,57,1,0,40.61116939,-77.61070738,42087.0,56,57,1,0,56,57,46222,0,0,0,0,0
2020-05-20,US,Pennsylvania,Monroe,1278,93,0,41.05934058,-75.34031025,42089.0,1185,1267,89,0,1178,1259,169507,11,4,0,7,8
2020-05-20,US,Pennsylvania,Montgomery,6154,596,0,40.21053671,-75.36652296,42091.0,5558,6063,575,0,5488,6012,828604,91,21,0,70,51
2020-05-20,US,Pennsylvania,Montour,50,0,0,41.03023987,-76.66345939,42093.0,50,50,0,0,50,50,18240,0,0,0,0,0
2020-05-20,US,Pennsylvania,Northampton,2779,182,0,40.75182733,-75.30471829,42095.0,2597,2758,176,0,2582,2727,304807,21,6,0,15,31
2020-05-20,US,Pennsylvania,Northumberland,150,2,0,40.84785433,-76.70798222,42097.0,148,145,2,0,143,143,91083,5,0,0,5,2
2020-05-20,US,Pennsylvania,Perry,42,1,0,40.40206612,-77.26297447,42099.0,41,41,1,0,40,41,46139,1,0,0,1,0
2020-05-20,US,Pennsylvania,Philadelphia,20359,1152,0,40.00338507,-75.1379271,42101.0,19207,20132,1109,0,19023,19953,1584138,227,43,0,184,179
2020-05-20,US,Pennsylvania,Pike,470,18,0,41.33155042,-75.03208106,42103.0,452,469,17,0,452,461,55933,1,1,0,0,8
2020-05-20,US,Pennsylvania,Potter,4,0,0,41.74471626,-77.89559864,42105.0,4,4,0,0,4,4,16622,0,0,0,0,0
2020-05-20,US,Pennsylvania,Schuylkill,541,21,0,40.70497338,-76.2150785,42107.0,520,534,21,0,513,529,142067,7,0,0,7,5
2020-05-20,US,Pennsylvania,Snyder,33,1,0,40.77129231,-77.06840691,42109.0,32,33,1,0,32,33,40540,0,0,0,0,0
2020-05-20,US,Pennsylvania,Somerset,37,0,0,39.97172723,-79.02699593,42111.0,37,36,0,0,36,36,73952,1,0,0,1,0
2020-05-20,US,Pennsylvania,Sullivan,2,0,0,41.44634738,-76.51246591,42113.0,2,2,0,0,2,2,6071,0,0,0,0,0
2020-05-20,US,Pennsylvania,Susquehanna,87,15,0,41.82147784,-75.80071959,42115.0,72,85,15,0,70,85,40589,2,0,0,2,0
2020-05-20,US,Pennsylvania,Tioga,16,2,0,41.77255149,-77.25433032,42117.0,14,16,2,0,14,16,40763,0,0,0,0,0
2020-05-20,US,Pennsylvania,Union,56,1,0,40.96188846,-77.05996014,42119.0,55,50,1,0,49,51,44785,6,0,0,6,-1
2020-05-20,US,Pennsylvania,Venango,8,0,0,41.40323442,-79.75845449,42121.0,8,8,0,0,8,8,51266,0,0,0,0,0
2020-05-20,US,Pennsylvania,Warren,2,0,0,41.81304978,-79.26969577,42123.0,2,2,0,0,2,2,39498,0,0,0,0,0
2020-05-20,US,Pennsylvania,Washington,130,5,0,40.19208869,-80.24582867,42125.0,125,130,5,0,125,133,207346,0,0,0,0,-3
2020-05-20,US,Pennsylvania,Wayne,110,7,0,41.64938475,-75.29956506,42127.0,103,110,7,0,103,108,51276,0,0,0,0,2
2020-05-20,US,Pennsylvania,Westmoreland,432,38,0,40.31377979999999,-79.46615476,42129.0,394,431,38,0,393,432,350611,1,0,0,1,-1
2020-05-20,US,Pennsylvania,Wyoming,30,6,0,41.51955538,-76.01074915,42131.0,24,30,5,0,25,30,27046,0,1,0,-1,0
2020-05-20,US,Pennsylvania,York,872,19,0,39.9210089,-76.73040131,42133.0,853,866,18,0,848,857,448273,6,1,0,5,9
2020-05-20,US,Rhode Island,Bristol,198,0,0,41.71018079,-71.28652315,44001.0,198,172,0,0,172,172,48649,26,0,0,26,0
2020-05-20,US,Rhode Island,Kent,958,0,0,41.67106337,-71.57641596,44003.0,958,883,0,0,883,883,163861,75,0,0,75,0
2020-05-20,US,Rhode Island,Newport,206,0,0,41.5642026,-71.26569799,44005.0,206,197,0,0,197,197,82542,9,0,0,9,0
2020-05-20,US,Rhode Island,Providence,9976,0,0,41.87064746,-71.57753536,44007.0,9976,9112,0,0,9112,9112,636084,864,0,0,864,0
2020-05-20,US,Rhode Island,Unassigned,1556,538,0,0.0,0.0,90044.0,1018,2162,532,0,1630,2006,,-606,6,0,-612,156
2020-05-20,US,Rhode Island,Washington,462,0,0,41.45961631,-71.61435303,44009.0,462,425,0,0,425,425,126179,37,0,0,37,0
2020-05-20,US,South Carolina,Abbeville,36,0,0,34.22333378,-82.46170658,45001.0,36,36,0,0,36,35,24541,0,0,0,0,1
2020-05-20,US,South Carolina,Aiken,160,7,0,33.54338026,-81.63645384,45003.0,153,156,7,0,149,155,169401,4,0,0,4,1
2020-05-20,US,South Carolina,Allendale,33,3,0,32.98837386,-81.35321066,45005.0,30,33,3,0,30,33,8903,0,0,0,0,0
2020-05-20,US,South Carolina,Anderson,213,8,0,34.51828081,-82.63959517,45007.0,205,211,8,0,203,206,200482,2,0,0,2,5
2020-05-20,US,South Carolina,Bamberg,18,0,0,33.21927586,-81.05659969,45009.0,18,18,0,0,18,17,14275,0,0,0,0,1
2020-05-20,US,South Carolina,Barnwell,41,1,0,33.26679302,-81.43584352,45011.0,40,41,1,0,40,40,21112,0,0,0,0,1
2020-05-20,US,South Carolina,Beaufort,304,12,0,32.39226291,-80.72619758,45013.0,292,299,12,0,287,294,188715,5,0,0,5,5
2020-05-20,US,South Carolina,Berkeley,205,15,0,33.20222596,-79.94654523,45015.0,190,203,15,0,188,203,221091,2,0,0,2,0
2020-05-20,US,South Carolina,Calhoun,9,1,0,33.66926881,-80.77722168,45017.0,8,9,1,0,8,9,14520,0,0,0,0,0
2020-05-20,US,South Carolina,Charleston,515,11,0,32.82487866,-79.96512315,45019.0,504,515,11,0,504,509,405905,0,0,0,0,6
2020-05-20,US,South Carolina,Cherokee,25,2,0,35.05122251,-81.61828622,45021.0,23,25,2,0,23,24,57078,0,0,0,0,1
2020-05-20,US,South Carolina,Chester,41,0,0,34.69249168,-81.1583216,45023.0,41,41,0,0,41,42,32251,0,0,0,0,-1
2020-05-20,US,South Carolina,Chesterfield,105,1,0,34.64137396,-80.15640140000002,45025.0,104,101,1,0,100,98,45754,4,0,0,4,3
2020-05-20,US,South Carolina,Clarendon,290,35,0,33.66610974,-80.21647898,45027.0,255,293,34,0,259,290,33700,-3,1,0,-4,3
2020-05-20,US,South Carolina,Colleton,60,8,0,32.87582989,-80.67641292,45029.0,52,58,4,0,54,58,37660,2,4,0,-2,0
2020-05-20,US,South Carolina,Darlington,232,5,0,34.33358335,-79.96027485,45031.0,227,227,5,0,222,222,66802,5,0,0,5,5
2020-05-20,US,South Carolina,Dillon,135,2,0,34.39007791,-79.37741872,45033.0,133,132,2,0,130,131,30599,3,0,0,3,1
2020-05-20,US,South Carolina,Dorchester,118,3,0,33.0794369,-80.40502652,45035.0,115,114,3,0,111,114,160647,4,0,0,4,0
2020-05-20,US,South Carolina,Edgefield,45,2,0,33.77221995,-81.96231108,45037.0,43,44,2,0,42,44,27052,1,0,0,1,0
2020-05-20,US,South Carolina,Fairfield,139,9,0,34.39287073,-81.1195624,45039.0,130,134,8,0,126,128,22402,5,1,0,4,6
2020-05-20,US,South Carolina,Florence,550,29,0,34.02361754,-79.70189312,45041.0,521,547,29,0,518,540,138159,3,0,0,3,7
2020-05-20,US,South Carolina,Georgetown,53,3,0,33.43443342,-79.33202141,45043.0,50,52,3,0,49,52,62249,1,0,0,1,0
2020-05-20,US,South Carolina,Greenville,1155,50,0,34.89502264,-82.37295012,45045.0,1105,1145,50,0,1095,1116,514213,10,0,0,10,29
2020-05-20,US,South Carolina,Greenwood,72,1,0,34.15272415,-82.12715789,45047.0,71,72,1,0,71,71,70741,0,0,0,0,1
2020-05-20,US,South Carolina,Hampton,30,0,0,32.77419582,-81.13845571,45049.0,30,30,0,0,30,30,19351,0,0,0,0,0
2020-05-20,US,South Carolina,Horry,314,20,0,33.9212828,-78.99555293,45051.0,294,303,20,0,283,299,344147,11,0,0,11,4
2020-05-20,US,South Carolina,Jasper,28,1,0,32.43171982,-81.02487495,45053.0,27,27,1,0,26,27,28971,1,0,0,1,0
2020-05-20,US,South Carolina,Kershaw,275,12,0,34.33988254,-80.58763164,45055.0,263,272,12,0,260,270,65592,3,0,0,3,2
2020-05-20,US,South Carolina,Lancaster,108,5,0,34.68270843,-80.70513032,45057.0,103,108,5,0,103,111,95380,0,0,0,0,-3
2020-05-20,US,South Carolina,Laurens,57,3,0,34.48244419,-82.00490796,45059.0,54,57,3,0,54,57,66994,0,0,0,0,0
2020-05-20,US,South Carolina,Lee,175,11,0,34.16393091,-80.25690731,45061.0,164,174,11,0,163,170,17142,1,0,0,1,4
2020-05-20,US,South Carolina,Lexington,519,29,0,33.89665987,-81.27146426,45063.0,490,516,28,0,488,518,295032,3,1,0,2,-2
2020-05-20,US,South Carolina,Marion,56,4,0,34.07859748,-79.36400756,45067.0,52,53,4,0,49,52,31039,3,0,0,3,1
2020-05-20,US,South Carolina,Marlboro,80,0,0,34.59905577,-79.67561152,45069.0,80,76,0,0,76,75,26398,4,0,0,4,1
2020-05-20,US,South Carolina,McCormick,7,1,0,33.90161443,-82.30794338,45065.0,6,7,1,0,6,7,9410,0,0,0,0,0
2020-05-20,US,South Carolina,Newberry,33,1,0,34.28629098,-81.59935761,45071.0,32,33,1,0,32,33,38520,0,0,0,0,0
2020-05-20,US,South Carolina,Oconee,41,0,0,34.75225169,-83.06742317,45073.0,41,41,0,0,41,41,78374,0,0,0,0,0
2020-05-20,US,South Carolina,Orangeburg,117,2,0,33.4391073,-80.79886287,45075.0,115,115,2,0,113,113,86934,2,0,0,2,2
2020-05-20,US,South Carolina,Pickens,97,3,0,34.88807695,-82.72791551,45077.0,94,94,3,0,91,93,124937,3,0,0,3,1
2020-05-20,US,South Carolina,Richland,1287,62,0,34.01791263,-80.90267209,45079.0,1225,1267,61,0,1206,1250,414576,20,1,0,19,17
2020-05-20,US,South Carolina,Saluda,127,0,0,34.00795823,-81.72713237,45081.0,127,123,0,0,123,123,20544,4,0,0,4,0
2020-05-20,US,South Carolina,Spartanburg,415,13,0,34.92960077,-81.99225984,45083.0,402,411,13,0,398,407,313888,4,0,0,4,4
2020-05-20,US,South Carolina,Sumter,324,17,0,33.91826534,-80.37942316,45085.0,307,323,17,0,306,322,106512,1,0,0,1,1
2020-05-20,US,South Carolina,Union,31,0,0,34.68835752,-81.61730349,45087.0,31,31,0,0,31,31,27410,0,0,0,0,0
2020-05-20,US,South Carolina,Williamsburg,183,10,0,33.62190129,-79.72767442,45089.0,173,181,10,0,171,178,30606,2,0,0,2,3
2020-05-20,US,South Carolina,York,317,5,0,34.97281497,-81.18085944,45091.0,312,308,5,0,303,304,274118,9,0,0,9,4
2020-05-20,US,South Dakota,Aurora,8,0,0,43.71757685,-98.56050467,46003.0,8,3,0,0,3,3,2801,5,0,0,5,0
2020-05-20,US,South Dakota,Beadle,68,2,0,44.41464384,-98.27858469,46005.0,66,43,2,0,41,37,18883,25,0,0,25,6
2020-05-20,US,South Dakota,Bon Homme,4,0,0,42.98914167,-97.88592746,46009.0,4,4,0,0,4,5,6980,0,0,0,0,-1
2020-05-20,US,South Dakota,Brookings,14,0,0,44.36974375,-96.79079945,46011.0,14,14,0,0,14,14,35232,0,0,0,0,0
2020-05-20,US,South Dakota,Brown,211,0,0,45.58994323,-98.35165355,46013.0,211,205,0,0,205,200,39316,6,0,0,6,5
2020-05-20,US,South Dakota,Buffalo,5,0,0,44.07657829,-99.20814467,46017.0,5,3,0,0,3,1,2036,2,0,0,2,2
2020-05-20,US,South Dakota,Charles Mix,10,0,0,43.20660134,-98.58856175,46023.0,10,10,0,0,10,9,9338,0,0,0,0,1
2020-05-20,US,South Dakota,Clark,4,0,0,44.85834507,-97.72925109,46025.0,4,4,0,0,4,4,3739,0,0,0,0,0
2020-05-20,US,South Dakota,Clay,15,0,0,42.91296147,-96.97656917,46027.0,15,15,0,0,15,15,14041,0,0,0,0,0
2020-05-20,US,South Dakota,Codington,17,0,0,44.97788119,-97.18827677,46029.0,17,17,0,0,17,17,28015,0,0,0,0,0
2020-05-20,US,South Dakota,Corson,4,0,0,45.70889983,-101.1970473,46031.0,4,4,0,0,4,4,4165,0,0,0,0,0
2020-05-20,US,South Dakota,Davison,9,0,0,43.67490933,-98.14458906,46035.0,9,9,0,0,9,9,19790,0,0,0,0,0
2020-05-20,US,South Dakota,Day,11,0,0,45.367281,-97.60737498,46037.0,11,11,0,0,11,11,5505,0,0,0,0,0
2020-05-20,US,South Dakota,Deuel,1,0,0,44.75994309,-96.66943645,46039.0,1,1,0,0,1,1,4337,0,0,0,0,0
2020-05-20,US,South Dakota,Douglas,1,0,0,43.38520741,-98.36978007,46043.0,1,1,0,0,1,1,2935,0,0,0,0,0
2020-05-20,US,South Dakota,Fall River,4,0,0,43.23929297,-103.5275691,46047.0,4,3,0,0,3,2,6758,1,0,0,1,1
2020-05-20,US,South Dakota,Faulk,1,0,0,45.07082625,-99.14535601,46049.0,1,1,0,0,1,1,2330,0,0,0,0,0
2020-05-20,US,South Dakota,Grant,9,0,0,45.1723937,-96.77002276,46051.0,9,9,0,0,9,9,7147,0,0,0,0,0
2020-05-20,US,South Dakota,Hamlin,3,0,0,44.67385954,-97.18829593,46057.0,3,3,0,0,3,3,6111,0,0,0,0,0
2020-05-20,US,South Dakota,Hand,1,0,0,44.54708407,-99.00386459,46059.0,1,1,0,0,1,1,3262,0,0,0,0,0
2020-05-20,US,South Dakota,Hughes,17,0,0,44.39091534,-99.99661148,46065.0,17,17,0,0,17,16,17650,0,0,0,0,1
2020-05-20,US,South Dakota,Hutchinson,3,0,0,43.33449012,-97.75536441,46067.0,3,3,0,0,3,3,7380,0,0,0,0,0
2020-05-20,US,South Dakota,Hyde,1,0,0,44.54747703,-99.48572582,46069.0,1,1,0,0,1,1,1282,0,0,0,0,0
2020-05-20,US,South Dakota,Jerauld,10,1,0,44.06637798,-98.62965972,46073.0,9,6,1,0,5,6,2043,4,0,0,4,0
2020-05-20,US,South Dakota,Lake,5,0,0,44.02193107,-97.12926365,46079.0,5,5,0,0,5,5,13057,0,0,0,0,0
2020-05-20,US,South Dakota,Lawrence,9,0,0,44.35919441,-103.79294279999999,46081.0,9,9,0,0,9,9,25741,0,0,0,0,0
2020-05-20,US,South Dakota,Lincoln,209,0,0,43.27841182,-96.72039050000001,46083.0,209,205,0,0,205,201,58807,4,0,0,4,4
2020-05-20,US,South Dakota,Lyman,9,0,0,43.89522709,-99.85201878,46085.0,9,6,0,0,6,4,3821,3,0,0,3,2
2020-05-20,US,South Dakota,Marshall,3,0,0,45.75870838,-97.59855639,46091.0,3,3,0,0,3,1,5112,0,0,0,0,2
2020-05-20,US,South Dakota,McCook,5,1,0,43.6742571,-97.36863144,46087.0,4,5,1,0,4,5,5546,0,0,0,0,0
2020-05-20,US,South Dakota,McPherson,1,0,0,45.76626028,-99.22118798,46089.0,1,1,0,0,1,1,2407,0,0,0,0,0
2020-05-20,US,South Dakota,Meade,5,0,0,44.56676791,-102.71627409999999,46093.0,5,5,0,0,5,5,28294,0,0,0,0,0
2020-05-20,US,South Dakota,Miner,1,0,0,44.02197882,-97.60992207,46097.0,1,1,0,0,1,1,2213,0,0,0,0,0
2020-05-20,US,South Dakota,Minnehaha,3182,40,0,43.67441641,-96.7910885,46099.0,3142,3165,40,0,3125,3150,192876,17,0,0,17,15
2020-05-20,US,South Dakota,Moody,18,0,0,44.02266214,-96.67081159,46101.0,18,18,0,0,18,18,6579,0,0,0,0,0
2020-05-20,US,South Dakota,Oglala Lakota,14,0,0,43.33749164,-102.55554980000001,46102.0,14,10,0,0,10,10,14309,4,0,0,4,0
2020-05-20,US,South Dakota,Pennington,85,2,0,44.0025835,-102.8240777,46103.0,83,74,2,0,72,58,111729,11,0,0,11,16
2020-05-20,US,South Dakota,Roberts,20,0,0,45.62975048,-96.94672673,46109.0,20,20,0,0,20,19,10447,0,0,0,0,1
2020-05-20,US,South Dakota,Sanborn,7,0,0,44.02351092,-98.09098159999999,46111.0,7,6,0,0,6,6,2429,1,0,0,1,0
2020-05-20,US,South Dakota,Spink,4,0,0,44.93837606,-98.34626602,46115.0,4,4,0,0,4,4,6495,0,0,0,0,0
2020-05-20,US,South Dakota,Stanley,9,0,0,44.41381872,-100.7349153,46117.0,9,9,0,0,9,9,3022,0,0,0,0,0
2020-05-20,US,South Dakota,Sully,1,0,0,44.71571812,-100.1278092,46119.0,1,1,0,0,1,1,1392,0,0,0,0,0
2020-05-20,US,South Dakota,Todd,17,0,0,43.19338568,-100.71955030000001,46121.0,17,17,0,0,17,17,10283,0,0,0,0,0
2020-05-20,US,South Dakota,Tripp,2,0,0,43.34459388,-99.8854891,46123.0,2,2,0,0,2,2,5478,0,0,0,0,0
2020-05-20,US,South Dakota,Turner,22,0,0,43.3109081,-97.14865776,46125.0,22,21,0,0,21,19,8424,1,0,0,1,2
2020-05-20,US,South Dakota,Union,68,0,0,42.83112163,-96.6557828,46127.0,68,62,0,0,62,62,15619,6,0,0,6,0
2020-05-20,US,South Dakota,Walworth,5,0,0,45.43019636,-100.03075140000001,46129.0,5,5,0,0,5,5,5587,0,0,0,0,0
2020-05-20,US,South Dakota,Yankton,44,0,0,43.00924485,-97.39467635,46135.0,44,42,0,0,42,41,22869,2,0,0,2,1
2020-05-20,US,South Dakota,Ziebach,1,0,0,44.97881876,-101.6654622,46137.0,1,1,0,0,1,1,2742,0,0,0,0,0
2020-05-20,US,Tennessee,Anderson,37,1,0,36.12684348,-84.19965764,47001.0,36,37,1,0,36,37,76482,0,0,0,0,0
2020-05-20,US,Tennessee,Bedford,257,4,0,35.51123746,-86.45549096,47003.0,253,257,4,0,253,254,49038,0,0,0,0,3
2020-05-20,US,Tennessee,Benton,7,1,0,36.07110411,-88.06849355,47005.0,6,7,1,0,6,7,16184,0,0,0,0,0
2020-05-20,US,Tennessee,Bledsoe,607,1,0,35.59942968,-85.20611967,47007.0,606,607,1,0,606,607,14755,0,0,0,0,0
2020-05-20,US,Tennessee,Blount,76,3,0,35.68938198,-83.92847788,47009.0,73,76,3,0,73,76,131349,0,0,0,0,0
2020-05-20,US,Tennessee,Bradley,84,1,0,35.15739424,-84.857186,47011.0,83,84,1,0,83,83,106727,0,0,0,0,1
2020-05-20,US,Tennessee,Campbell,17,1,0,36.40355516,-84.15108559999999,47013.0,16,17,1,0,16,17,39583,0,0,0,0,0
2020-05-20,US,Tennessee,Cannon,13,0,0,35.80990797,-86.05738983,47015.0,13,13,0,0,13,13,14462,0,0,0,0,0
2020-05-20,US,Tennessee,Carroll,25,1,0,35.97366108,-88.45189331,47017.0,24,25,1,0,24,25,28020,0,0,0,0,0
2020-05-20,US,Tennessee,Carter,19,1,0,36.28969086,-82.12588974,47019.0,18,19,1,0,18,19,56351,0,0,0,0,0
2020-05-20,US,Tennessee,Cheatham,93,0,0,36.26136216,-87.08903581,47021.0,93,93,0,0,93,92,40439,0,0,0,0,1
2020-05-20,US,Tennessee,Chester,12,0,0,35.42527478,-88.6095842,47023.0,12,12,0,0,12,12,17276,0,0,0,0,0
2020-05-20,US,Tennessee,Claiborne,8,0,0,36.48319149,-83.65947309,47025.0,8,8,0,0,8,8,31756,0,0,0,0,0
2020-05-20,US,Tennessee,Clay,6,0,0,36.55151008,-85.53930419,47027.0,6,6,0,0,6,6,7717,0,0,0,0,0
2020-05-20,US,Tennessee,Cocke,20,0,0,35.9278914,-83.11828725,47029.0,20,20,0,0,20,20,35774,0,0,0,0,0
2020-05-20,US,Tennessee,Coffee,63,0,0,35.49090731,-86.07311784,47031.0,63,63,0,0,63,61,55700,0,0,0,0,2
2020-05-20,US,Tennessee,Crockett,14,1,0,35.81830662,-89.14916269,47033.0,13,14,1,0,13,13,14328,0,0,0,0,1
2020-05-20,US,Tennessee,Cumberland,94,1,0,35.95271721,-84.99840585,47035.0,93,94,1,0,93,93,59673,0,0,0,0,1
2020-05-20,US,Tennessee,Davidson,4174,46,0,36.17007426,-86.78646056,47037.0,4128,4174,46,0,4128,4066,692587,0,0,0,0,108
2020-05-20,US,Tennessee,DeKalb,32,0,0,35.97616272,-85.83689361,47041.0,32,32,0,0,32,30,20138,0,0,0,0,2
2020-05-20,US,Tennessee,Decatur,5,0,0,35.60048904,-88.11043779,47039.0,5,5,0,0,5,5,11706,0,0,0,0,0
2020-05-20,US,Tennessee,Dickson,93,0,0,36.14669837,-87.35891709,47043.0,93,93,0,0,93,93,53446,0,0,0,0,0
2020-05-20,US,Tennessee,Dyer,45,0,0,36.05931946,-89.41542855,47045.0,45,45,0,0,45,44,37320,0,0,0,0,1
2020-05-20,US,Tennessee,Fayette,95,2,0,35.19615831,-89.41399032,47047.0,93,95,2,0,93,94,40507,0,0,0,0,1
2020-05-20,US,Tennessee,Fentress,9,0,0,36.38128818,-84.92870012,47049.0,9,9,0,0,9,6,18217,0,0,0,0,3
2020-05-20,US,Tennessee,Franklin,43,1,0,35.15634626,-86.09201039,47051.0,42,43,1,0,42,43,41890,0,0,0,0,0
2020-05-20,US,Tennessee,Gibson,59,1,0,35.99438059,-88.93358327,47053.0,58,59,1,0,58,59,49045,0,0,0,0,0
2020-05-20,US,Tennessee,Giles,12,0,0,35.20222469,-87.03992678,47055.0,12,12,0,0,12,12,29503,0,0,0,0,0
2020-05-20,US,Tennessee,Grainger,6,0,0,36.27469206,-83.51254721,47057.0,6,6,0,0,6,6,23145,0,0,0,0,0
2020-05-20,US,Tennessee,Greene,46,2,0,36.17470125,-82.84691273,47059.0,44,46,2,0,44,46,69087,0,0,0,0,0
2020-05-20,US,Tennessee,Grundy,31,1,0,35.38433717,-85.72142731,47061.0,30,31,1,0,30,30,13346,0,0,0,0,1
2020-05-20,US,Tennessee,Hamblen,24,2,0,36.21990035,-83.26586179,47063.0,22,24,2,0,22,25,64569,0,0,0,0,-1
2020-05-20,US,Tennessee,Hamilton,377,13,0,35.17670231,-85.16652245,47065.0,364,377,13,0,364,357,364286,0,0,0,0,20
2020-05-20,US,Tennessee,Hancock,1,0,0,36.52692871,-83.22375847,47067.0,1,1,0,0,1,,6549,0,0,0,0,
2020-05-20,US,Tennessee,Hardeman,183,0,0,35.20772017,-88.99161161,47069.0,183,183,0,0,183,183,25220,0,0,0,0,0
2020-05-20,US,Tennessee,Hardin,10,1,0,35.19732531,-88.18593755,47071.0,9,10,1,0,9,10,25776,0,0,0,0,0
2020-05-20,US,Tennessee,Hawkins,31,2,0,36.44355426,-82.94885298,47073.0,29,31,2,0,29,31,56530,0,0,0,0,0
2020-05-20,US,Tennessee,Haywood,29,1,0,35.58332824,-89.28536625,47075.0,28,29,1,0,28,29,17335,0,0,0,0,0
2020-05-20,US,Tennessee,Henderson,12,0,0,35.65581134,-88.38600175,47077.0,12,12,0,0,12,12,27847,0,0,0,0,0
2020-05-20,US,Tennessee,Henry,20,0,0,36.33160906,-88.30121797,47079.0,20,20,0,0,20,19,32358,0,0,0,0,1
2020-05-20,US,Tennessee,Hickman,52,0,0,35.80609681,-87.47643507,47081.0,52,52,0,0,52,52,25063,0,0,0,0,0
2020-05-20,US,Tennessee,Houston,7,0,0,36.28872054,-87.71878828,47083.0,7,7,0,0,7,6,8263,0,0,0,0,1
2020-05-20,US,Tennessee,Humphreys,12,1,0,36.03958805,-87.77992872,47085.0,11,12,1,0,11,12,18486,0,0,0,0,0
2020-05-20,US,Tennessee,Jackson,13,0,0,36.36380466,-85.67239905,47087.0,13,13,0,0,13,11,11758,0,0,0,0,2
2020-05-20,US,Tennessee,Jefferson,26,0,0,36.04818632,-83.45148924,47089.0,26,26,0,0,26,26,54012,0,0,0,0,0
2020-05-20,US,Tennessee,Johnson,15,0,0,36.45523950000001,-81.84886538,47091.0,15,15,0,0,15,15,17778,0,0,0,0,0
2020-05-20,US,Tennessee,Knox,313,5,0,35.99508821,-83.94635435,47093.0,308,313,5,0,308,308,465289,0,0,0,0,5
2020-05-20,US,Tennessee,Lake,403,0,0,36.34180170000001,-89.48921915,47095.0,403,403,0,0,403,404,7411,0,0,0,0,-1
2020-05-20,US,Tennessee,Lauderdale,48,1,0,35.75893438,-89.63015909999999,47097.0,47,48,1,0,47,44,25825,0,0,0,0,4
2020-05-20,US,Tennessee,Lawrence,21,0,0,35.21675201,-87.39787695,47099.0,21,21,0,0,21,21,43734,0,0,0,0,0
2020-05-20,US,Tennessee,Lewis,2,0,0,35.52853208,-87.49022694,47101.0,2,2,0,0,2,2,12086,0,0,0,0,0
2020-05-20,US,Tennessee,Lincoln,17,0,0,35.13738622,-86.58910106,47103.0,17,17,0,0,17,16,34117,0,0,0,0,1
2020-05-20,US,Tennessee,Loudon,97,0,0,35.73939663,-84.31145275,47105.0,97,97,0,0,97,94,53054,0,0,0,0,3
2020-05-20,US,Tennessee,Macon,93,3,0,36.53157855,-86.00778595,47111.0,90,93,3,0,90,90,24265,0,0,0,0,3
2020-05-20,US,Tennessee,Madison,162,2,0,35.61181957,-88.84076036,47113.0,160,162,2,0,160,163,97605,0,0,0,0,-1
2020-05-20,US,Tennessee,Marion,34,1,0,35.12997174,-85.62265895,47115.0,33,34,1,0,33,33,28575,0,0,0,0,1
2020-05-20,US,Tennessee,Marshall,26,1,0,35.45798777,-86.76420988,47117.0,25,26,1,0,25,27,33683,0,0,0,0,-1
2020-05-20,US,Tennessee,Maury,71,0,0,35.618741299999996,-87.07462444,47119.0,71,71,0,0,71,68,94340,0,0,0,0,3
2020-05-20,US,Tennessee,McMinn,125,12,0,35.42812616,-84.61520715,47107.0,113,125,12,0,113,123,53285,0,0,0,0,2
2020-05-20,US,Tennessee,McNairy,12,0,0,35.17468549,-88.5647812,47109.0,12,12,0,0,12,12,25832,0,0,0,0,0
2020-05-20,US,Tennessee,Meigs,22,0,0,35.51558739,-84.81482914,47121.0,22,22,0,0,22,22,12306,0,0,0,0,0
2020-05-20,US,Tennessee,Monroe,51,2,0,35.44550387,-84.24902965,47123.0,49,51,2,0,49,49,46357,0,0,0,0,2
2020-05-20,US,Tennessee,Montgomery,216,2,0,36.49609412,-87.38550661,47125.0,214,216,2,0,214,213,205950,0,0,0,0,3
2020-05-20,US,Tennessee,Moore,3,0,0,35.27724699,-86.36230578,47127.0,3,3,0,0,3,3,6411,0,0,0,0,0
2020-05-20,US,Tennessee,Morgan,17,0,0,36.13248031,-84.64880098,47129.0,17,17,0,0,17,12,21579,0,0,0,0,5
2020-05-20,US,Tennessee,Obion,19,1,0,36.35732446,-89.14921589,47131.0,18,19,1,0,18,19,30267,0,0,0,0,0
2020-05-20,US,Tennessee,Out of TN,386,4,0,0.0,0.0,80047.0,382,386,4,0,382,386,,0,0,0,0,0
2020-05-20,US,Tennessee,Overton,18,0,0,36.34117832,-85.28989535,47133.0,18,18,0,0,18,16,22068,0,0,0,0,2
2020-05-20,US,Tennessee,Perry,13,0,0,35.63708728,-87.86139634,47135.0,13,13,0,0,13,13,8064,0,0,0,0,0
2020-05-20,US,Tennessee,Pickett,2,0,0,36.55606529,-85.07763299999998,47137.0,2,2,0,0,2,2,5082,0,0,0,0,0
2020-05-20,US,Tennessee,Polk,14,0,0,35.12245443,-84.52075859,47139.0,14,14,0,0,14,14,16898,0,0,0,0,0
2020-05-20,US,Tennessee,Putnam,286,5,0,36.14005459,-85.50646123,47141.0,281,286,5,0,281,240,78843,0,0,0,0,46
2020-05-20,US,Tennessee,Rhea,15,0,0,35.60536161,-84.93076643,47143.0,15,15,0,0,15,10,33044,0,0,0,0,5
2020-05-20,US,Tennessee,Roane,9,0,0,35.84923189,-84.52458689,47145.0,9,9,0,0,9,9,53140,0,0,0,0,0
2020-05-20,US,Tennessee,Robertson,298,0,0,36.52454807,-86.87346725,47147.0,298,298,0,0,298,294,71012,0,0,0,0,4
2020-05-20,US,Tennessee,Rutherford,906,19,0,35.84591405,-86.4107263,47149.0,887,906,19,0,887,884,324890,0,0,0,0,22
2020-05-20,US,Tennessee,Scott,11,0,0,36.42325673,-84.50360494,47151.0,11,11,0,0,11,12,22039,0,0,0,0,-1
2020-05-20,US,Tennessee,Sequatchie,9,0,0,35.36979721,-85.41022136,47153.0,9,9,0,0,9,10,14876,0,0,0,0,-1
2020-05-20,US,Tennessee,Sevier,68,2,0,35.78077323,-83.52244332,47155.0,66,68,2,0,66,69,97892,0,0,0,0,-1
2020-05-20,US,Tennessee,Shelby,3936,87,0,35.1864775,-89.89692423,47157.0,3849,3936,87,0,3849,3846,935764,0,0,0,0,90
2020-05-20,US,Tennessee,Smith,29,1,0,36.25359775,-85.95411046,47159.0,28,29,1,0,28,25,19942,0,0,0,0,4
2020-05-20,US,Tennessee,Stewart,8,0,0,36.50235092,-87.83920548,47161.0,8,8,0,0,8,7,13561,0,0,0,0,1
2020-05-20,US,Tennessee,Sullivan,57,2,0,36.51240691,-82.30412917,47163.0,55,57,2,0,55,57,157668,0,0,0,0,0
2020-05-20,US,Tennessee,Sumner,768,41,0,36.46824103,-86.45917204,47165.0,727,768,41,0,727,749,187149,0,0,0,0,19
2020-05-20,US,Tennessee,Tipton,407,2,0,35.501942,-89.73694895,47167.0,405,407,2,0,405,405,61581,0,0,0,0,2
2020-05-20,US,Tennessee,Trousdale,1384,4,0,36.39026213,-86.16087954,47169.0,1380,1384,4,0,1380,1383,11012,0,0,0,0,1
2020-05-20,US,Tennessee,Unassigned,84,1,0,0.0,0.0,90047.0,83,84,1,0,83,84,,0,0,0,0,0
2020-05-20,US,Tennessee,Unicoi,3,0,0,36.10890856,-82.43709629,47171.0,3,3,0,0,3,3,17761,0,0,0,0,0
2020-05-20,US,Tennessee,Union,4,0,0,36.28590426,-83.83651902,47173.0,4,4,0,0,4,4,19688,0,0,0,0,0
2020-05-20,US,Tennessee,Van Buren,4,0,0,35.69864497,-85.45221699,47175.0,4,4,0,0,4,4,5765,0,0,0,0,0
2020-05-20,US,Tennessee,Warren,16,0,0,35.672829899999996,-85.77969117,47177.0,16,16,0,0,16,16,40878,0,0,0,0,0
2020-05-20,US,Tennessee,Washington,70,0,0,36.29472368,-82.49454720000001,47179.0,70,70,0,0,70,66,128607,0,0,0,0,4
2020-05-20,US,Tennessee,Wayne,63,0,0,35.23868267,-87.78644456,47181.0,63,63,0,0,63,63,16558,0,0,0,0,0
2020-05-20,US,Tennessee,Weakley,27,0,0,36.29896232,-88.71990865,47183.0,27,27,0,0,27,26,33415,0,0,0,0,1
2020-05-20,US,Tennessee,White,21,0,0,35.92929884,-85.45591799,47185.0,21,21,0,0,21,19,27107,0,0,0,0,2
2020-05-20,US,Tennessee,Williamson,492,10,0,35.89099229,-86.89281867,47187.0,482,492,10,0,482,480,231729,0,0,0,0,12
2020-05-20,US,Tennessee,Wilson,338,8,0,36.15496772,-86.29775884,47189.0,330,338,8,0,330,327,140625,0,0,0,0,11
2020-05-20,US,Texas,Anderson,61,0,0,31.81534745,-95.65354823,48001.0,61,60,0,0,60,54,58057,1,0,0,1,6
2020-05-20,US,Texas,Andrews,22,0,0,32.30468633,-102.63765479999999,48003.0,22,22,0,0,22,22,18128,0,0,0,0,0
2020-05-20,US,Texas,Angelina,154,2,0,31.25457347,-94.60901487,48005.0,152,154,1,0,153,139,87092,0,1,0,-1,15
2020-05-20,US,Texas,Aransas,4,0,0,28.10556197,-96.9995047,48007.0,4,3,0,0,3,3,23792,1,0,0,1,0
2020-05-20,US,Texas,Archer,1,0,0,33.61569967,-98.68754589,48009.0,1,1,0,0,1,1,8786,0,0,0,0,0
2020-05-20,US,Texas,Armstrong,2,0,0,34.96507426,-101.35748740000001,48011.0,2,2,0,0,2,2,1892,0,0,0,0,0
2020-05-20,US,Texas,Atascosa,32,1,0,28.89333001,-98.52730485,48013.0,31,32,1,0,31,30,50310,0,0,0,0,2
2020-05-20,US,Texas,Austin,20,0,0,29.88548725,-96.27736949,48015.0,20,20,0,0,20,19,29989,0,0,0,0,1
2020-05-20,US,Texas,Bailey,10,0,0,34.06854817,-102.8299707,48017.0,10,10,0,0,10,8,7027,0,0,0,0,2
2020-05-20,US,Texas,Bandera,6,0,0,29.74619598,-99.24598147,48019.0,6,6,0,0,6,6,22824,0,0,0,0,0
2020-05-20,US,Texas,Bastrop,152,2,0,30.10370699,-97.31206354,48021.0,150,148,2,0,146,132,86976,4,0,0,4,16
2020-05-20,US,Texas,Bee,7,0,0,28.41761668,-97.74215593,48025.0,7,6,0,0,6,6,32587,1,0,0,1,0
2020-05-20,US,Texas,Bell,267,3,0,31.03736027,-97.4785025,48027.0,264,260,3,0,257,248,355642,7,0,0,7,12
2020-05-20,US,Texas,Bexar,2278,62,0,29.44928723,-98.52019748,48029.0,2216,2278,62,0,2216,2120,1986049,0,0,0,0,158
2020-05-20,US,Texas,Blanco,7,0,0,30.26640707,-98.3999852,48031.0,7,6,0,0,6,6,11702,1,0,0,1,0
2020-05-20,US,Texas,Bosque,6,0,0,31.89978581,-97.63613524,48035.0,6,6,0,0,6,6,18691,0,0,0,0,0
2020-05-20,US,Texas,Bowie,174,5,0,33.44626922,-94.41834132,48037.0,169,137,5,0,132,133,94324,37,0,0,37,4
2020-05-20,US,Texas,Brazoria,795,11,0,29.18757369,-95.44563172,48039.0,784,786,11,0,775,767,370200,9,0,0,9,19
2020-05-20,US,Texas,Brazos,341,18,0,30.663644800000004,-96.30205577,48041.0,323,333,18,0,315,325,226758,8,0,0,8,8
2020-05-20,US,Texas,Brewster,1,0,0,29.81008251,-103.25203259999999,48043.0,1,1,0,0,1,1,9267,0,0,0,0,0
2020-05-20,US,Texas,Briscoe,1,0,0,34.53026962,-101.2084947,48045.0,1,1,0,0,1,1,1516,0,0,0,0,0
2020-05-20,US,Texas,Brooks,1,0,0,27.03103197,-98.21808402,48047.0,1,1,0,0,1,1,7114,0,0,0,0,0
2020-05-20,US,Texas,Brown,55,7,0,31.77430356,-98.99907113,48049.0,48,51,7,0,44,51,37924,4,0,0,4,0
2020-05-20,US,Texas,Burleson,20,0,0,30.49273808,-96.62158484,48051.0,20,20,0,0,20,18,18389,0,0,0,0,2
2020-05-20,US,Texas,Burnet,28,0,0,30.78801353,-98.181887,48053.0,28,28,0,0,28,28,47542,0,0,0,0,0
2020-05-20,US,Texas,Caldwell,39,0,0,29.83668859,-97.61814775,48055.0,39,39,0,0,39,36,43247,0,0,0,0,3
2020-05-20,US,Texas,Calhoun,37,3,0,28.47048236,-96.61633945,48057.0,34,36,3,0,33,36,21561,1,0,0,1,0
2020-05-20,US,Texas,Callahan,8,1,0,32.29760619,-99.37326312,48059.0,7,8,1,0,7,8,13994,0,0,0,0,0
2020-05-20,US,Texas,Cameron,649,30,0,26.14524221,-97.48140372,48061.0,619,635,29,0,606,619,423908,14,1,0,13,16
2020-05-20,US,Texas,Camp,29,0,0,32.97195142,-94.97790104,48063.0,29,26,0,0,26,24,13033,3,0,0,3,2
2020-05-20,US,Texas,Carson,5,0,0,35.40365929,-101.35426690000001,48065.0,5,5,0,0,5,5,6005,0,0,0,0,0
2020-05-20,US,Texas,Cass,21,0,0,33.07499881,-94.34646905,48067.0,21,21,0,0,21,20,30119,0,0,0,0,1
2020-05-20,US,Texas,Castro,28,1,0,34.53016752,-102.2617243,48069.0,27,28,1,0,27,27,7665,0,0,0,0,1
2020-05-20,US,Texas,Chambers,58,0,0,29.70972016,-94.67154501,48071.0,58,55,0,0,55,53,42454,3,0,0,3,2
2020-05-20,US,Texas,Cherokee,38,2,0,31.837258000000002,-95.16559897,48073.0,36,36,2,0,34,34,52592,2,0,0,2,2
2020-05-20,US,Texas,Childress,2,0,0,34.529304100000004,-100.2077916,48075.0,2,2,0,0,2,2,7291,0,0,0,0,0
2020-05-20,US,Texas,Clay,3,0,0,33.78686685,-98.20771198,48077.0,3,3,0,0,3,3,10456,0,0,0,0,0
2020-05-20,US,Texas,Cochran,1,0,0,33.60425307,-102.82844990000001,48079.0,1,1,0,0,1,1,2836,0,0,0,0,0
2020-05-20,US,Texas,Coke,1,0,0,31.88911733,-100.5297533,48081.0,1,1,0,0,1,1,3370,0,0,0,0,0
2020-05-20,US,Texas,Coleman,2,0,0,31.76736834,-99.45240766,48083.0,2,2,0,0,2,2,8397,0,0,0,0,0
2020-05-20,US,Texas,Collin,1073,31,0,33.18820114,-96.57264368,48085.0,1042,1047,31,0,1016,1028,1005146,26,0,0,26,19
2020-05-20,US,Texas,Collingsworth,4,0,0,34.96489496,-100.27001109999999,48087.0,4,4,0,0,4,4,2962,0,0,0,0,0
2020-05-20,US,Texas,Colorado,19,0,0,29.622097999999998,-96.5273805,48089.0,19,19,0,0,19,18,21217,0,0,0,0,1
2020-05-20,US,Texas,Comal,72,6,0,29.80811278,-98.27647225,48091.0,66,71,6,0,65,70,148373,1,0,0,1,1
2020-05-20,US,Texas,Comanche,5,1,0,31.94854689,-98.55876441,48093.0,4,5,1,0,4,3,13534,0,0,0,0,2
2020-05-20,US,Texas,Concho,1,0,0,31.32635934,-99.86473038,48095.0,1,1,0,0,1,1,4276,0,0,0,0,0
2020-05-20,US,Texas,Cooke,13,0,0,33.63979567,-97.21240912,48097.0,13,13,0,0,13,13,40574,0,0,0,0,0
2020-05-20,US,Texas,Coryell,225,2,0,31.39078397,-97.79936155,48099.0,223,226,2,0,224,224,74808,-1,0,0,-1,2
2020-05-20,US,Texas,Cottle,4,1,0,34.07783319,-100.27850620000001,48101.0,3,4,1,0,3,4,1389,0,0,0,0,0
2020-05-20,US,Texas,Crane,2,0,0,31.43052248,-102.5143314,48103.0,2,2,0,0,2,2,4794,0,0,0,0,0
2020-05-20,US,Texas,Crosby,3,1,0,33.61431553,-101.30003640000001,48107.0,2,3,1,0,2,3,5779,0,0,0,0,0
2020-05-20,US,Texas,Dallam,22,1,0,36.27787176,-102.60207249999999,48111.0,21,22,1,0,21,22,7200,0,0,0,0,0
2020-05-20,US,Texas,Dallas,7904,191,0,32.76670599,-96.77796049999999,48113.0,7713,7904,191,0,7713,7679,2637772,0,0,0,0,225
2020-05-20,US,Texas,Dawson,39,1,0,32.74255572,-101.94772420000001,48115.0,38,38,1,0,37,38,12619,1,0,0,1,0
2020-05-20,US,Texas,DeWitt,17,1,0,29.08101855,-97.35681170000001,48123.0,16,17,1,0,16,17,20187,0,0,0,0,0
2020-05-20,US,Texas,Deaf Smith,139,7,0,34.96522957,-102.6054267,48117.0,132,133,7,0,126,122,18760,6,0,0,6,11
2020-05-20,US,Texas,Delta,1,0,0,33.38570922,-95.66921122,48119.0,1,1,0,0,1,1,5349,0,0,0,0,0
2020-05-20,US,Texas,Denton,1116,28,0,33.20521901,-97.11691153,48121.0,1088,1088,28,0,1060,1069,859064,28,0,0,28,19
2020-05-20,US,Texas,Dickens,1,0,0,33.61616822,-100.7788855,48125.0,1,1,0,0,1,1,2249,0,0,0,0,0
2020-05-20,US,Texas,Dimmit,1,0,0,28.42270064,-99.75645095,48127.0,1,1,0,0,1,1,10308,0,0,0,0,0
2020-05-20,US,Texas,Donley,26,0,0,34.96517499,-100.8140093,48129.0,26,27,0,0,27,26,3319,-1,0,0,-1,1
2020-05-20,US,Texas,Duval,6,0,0,27.68184592,-98.50864568,48131.0,6,5,0,0,5,5,11212,1,0,0,1,0
2020-05-20,US,Texas,Eastland,5,0,0,32.32743996,-98.83243566,48133.0,5,5,0,0,5,5,18322,0,0,0,0,0
2020-05-20,US,Texas,Ector,124,4,0,31.86898877,-102.54294279999999,48135.0,120,115,4,0,111,114,162124,9,0,0,9,1
2020-05-20,US,Texas,El Paso,1930,54,0,31.76980765,-106.23632749999999,48141.0,1876,1852,52,0,1800,1772,840758,78,2,0,76,80
2020-05-20,US,Texas,Ellis,264,12,0,32.34894117,-96.79371841,48139.0,252,258,12,0,246,247,179436,6,0,0,6,11
2020-05-20,US,Texas,Erath,15,1,0,32.23602653,-98.21773417,48143.0,14,15,1,0,14,15,42446,0,0,0,0,0
2020-05-20,US,Texas,Falls,6,0,0,31.25350609,-96.93630086,48145.0,6,6,0,0,6,6,17335,0,0,0,0,0
2020-05-20,US,Texas,Fannin,28,2,0,33.59564294,-96.10751083,48147.0,26,27,2,0,25,25,35286,1,0,0,1,2
2020-05-20,US,Texas,Fayette,31,2,0,29.87788372,-96.92076062,48149.0,29,31,2,0,29,29,25349,0,0,0,0,2
2020-05-20,US,Texas,Fisher,2,0,0,32.74281316,-100.40193020000001,48151.0,2,2,0,0,2,1,3839,0,0,0,0,1
2020-05-20,US,Texas,Floyd,5,0,0,34.07227468,-101.3031546,48153.0,5,5,0,0,5,4,5837,0,0,0,0,1
2020-05-20,US,Texas,Fort Bend,1621,40,0,29.52704478,-95.77219463,48157.0,1581,1559,40,0,1519,1559,787858,62,0,0,62,0
2020-05-20,US,Texas,Franklin,8,0,0,33.17653242,-95.21917243,48159.0,8,7,0,0,7,6,10766,1,0,0,1,1
2020-05-20,US,Texas,Freestone,7,0,0,31.70422788,-96.15072516,48161.0,7,7,0,0,7,7,19808,0,0,0,0,0
2020-05-20,US,Texas,Frio,35,0,0,28.86751206,-99.10804207,48163.0,35,35,0,0,35,35,19816,0,0,0,0,0
2020-05-20,US,Texas,Gaines,6,0,0,32.74055318,-102.6353295,48165.0,6,6,0,0,6,5,20901,0,0,0,0,1
2020-05-20,US,Texas,Galveston,715,31,0,29.40167322,-94.90469073,48167.0,684,706,31,0,675,702,337890,9,0,0,9,4
2020-05-20,US,Texas,Garza,4,0,0,33.17969345,-101.2984114,48169.0,4,4,0,0,4,4,6578,0,0,0,0,0
2020-05-20,US,Texas,Gillespie,5,0,0,30.31824095,-98.94676915,48171.0,5,5,0,0,5,4,26804,0,0,0,0,1
2020-05-20,US,Texas,Glasscock,1,0,0,31.86942909,-101.5207776,48173.0,1,1,0,0,1,1,1388,0,0,0,0,0
2020-05-20,US,Texas,Goliad,7,0,0,28.65696592,-97.42760647,48175.0,7,7,0,0,7,7,7584,0,0,0,0,0
2020-05-20,US,Texas,Gonzales,88,2,0,29.45634206,-97.49424032,48177.0,86,86,2,0,84,85,20826,2,0,0,2,1
2020-05-20,US,Texas,Gray,95,1,0,35.40081878,-100.8129222,48179.0,94,94,1,0,93,93,21895,1,0,0,1,1
2020-05-20,US,Texas,Grayson,199,1,0,33.62744998,-96.67753461,48181.0,198,165,0,0,165,152,133991,34,1,0,33,13
2020-05-20,US,Texas,Gregg,173,4,0,32.47940482,-94.81591935,48183.0,169,173,0,0,173,170,123707,0,4,0,-4,3
2020-05-20,US,Texas,Grimes,89,1,0,30.54579585,-95.98902499,48185.0,88,65,1,0,64,65,28360,24,0,0,24,0
2020-05-20,US,Texas,Guadalupe,114,0,0,29.58165339,-97.94786822,48187.0,114,110,0,0,110,110,163694,4,0,0,4,0
2020-05-20,US,Texas,Hale,49,4,0,34.07044901,-101.82681140000001,48189.0,45,49,4,0,45,44,33830,0,0,0,0,5
2020-05-20,US,Texas,Hall,1,0,0,34.5307555,-100.68138520000001,48191.0,1,,,,,,3028,,,,,
2020-05-20,US,Texas,Hamilton,7,0,0,31.70470573,-98.11083887,48193.0,7,7,0,0,7,7,8484,0,0,0,0,0
2020-05-20,US,Texas,Hansford,17,2,0,36.27743284,-101.3545796,48195.0,15,16,2,0,14,16,5463,1,0,0,1,0
2020-05-20,US,Texas,Hardin,121,4,0,30.33364686,-94.38931817,48199.0,117,118,4,0,114,117,57207,3,0,0,3,1
2020-05-20,US,Texas,Harris,10095,210,0,29.86,-95.39,48201.0,9885,9859,207,0,9652,9635,4698619,236,3,0,233,224
2020-05-20,US,Texas,Harrison,206,22,0,32.54935988,-94.36934071,48203.0,184,205,21,0,184,202,66726,1,1,0,0,3
2020-05-20,US,Texas,Hartley,11,2,0,35.84008013,-102.6029022,48205.0,9,11,2,0,9,9,5619,0,0,0,0,2
2020-05-20,US,Texas,Haskell,2,0,0,33.17823584,-99.73037358,48207.0,2,2,0,0,2,1,5813,0,0,0,0,1
2020-05-20,US,Texas,Hays,238,3,0,30.05669873,-98.02944344,48209.0,235,219,3,0,216,219,222631,19,0,0,19,0
2020-05-20,US,Texas,Hemphill,1,0,0,35.83764858,-100.2703577,48211.0,1,1,0,0,1,1,3825,0,0,0,0,0
2020-05-20,US,Texas,Henderson,49,0,0,32.21128872,-95.85846587,48213.0,49,49,0,0,49,48,82299,0,0,0,0,1
2020-05-20,US,Texas,Hidalgo,457,10,0,26.39418217,-98.18299696,48215.0,447,448,10,0,438,440,865939,9,0,0,9,8
2020-05-20,US,Texas,Hill,23,1,0,31.99045053,-97.13423143,48217.0,22,23,1,0,22,22,36354,0,0,0,0,1
2020-05-20,US,Texas,Hockley,27,1,0,33.60771256,-102.3431676,48219.0,26,24,1,0,23,23,22980,3,0,0,3,1
2020-05-20,US,Texas,Hood,23,3,0,32.42990927,-97.83242024,48221.0,20,22,3,0,19,22,60537,1,0,0,1,0
2020-05-20,US,Texas,Hopkins,11,0,0,33.14875072,-95.56351139,48223.0,11,8,0,0,8,8,36810,3,0,0,3,0
2020-05-20,US,Texas,Houston,81,0,0,31.31925973,-95.42226208,48225.0,81,81,0,0,81,79,23169,0,0,0,0,2
2020-05-20,US,Texas,Howard,6,1,0,32.30621324,-101.4356444,48227.0,5,6,1,0,5,6,36459,0,0,0,0,0
2020-05-20,US,Texas,Hunt,69,3,0,33.12351514,-96.08551032,48231.0,66,68,3,0,65,66,96493,1,0,0,1,2
2020-05-20,US,Texas,Hutchinson,32,0,0,35.84006574,-101.3546643,48233.0,32,30,0,0,30,28,21198,2,0,0,2,2
2020-05-20,US,Texas,Jack,4,0,0,33.23377248,-98.17283469,48237.0,4,4,0,0,4,4,8843,0,0,0,0,0
2020-05-20,US,Texas,Jackson,15,1,0,28.95472367,-96.57749563,48239.0,14,15,1,0,14,15,14874,0,0,0,0,0
2020-05-20,US,Texas,Jasper,26,1,0,30.74685667,-94.02667579,48241.0,25,26,1,0,25,23,35872,0,0,0,0,3
2020-05-20,US,Texas,Jefferson,458,26,0,29.8832777,-94.16434171,48245.0,432,451,26,0,425,436,255001,7,0,0,7,15
2020-05-20,US,Texas,Jim Hogg,4,0,0,27.04453923,-98.69681870000001,48247.0,4,4,0,0,4,4,5248,0,0,0,0,0
2020-05-20,US,Texas,Jim Wells,8,0,0,27.73103938,-98.0904705,48249.0,8,8,0,0,8,8,40822,0,0,0,0,0
2020-05-20,US,Texas,Johnson,142,4,0,32.37877812,-97.36615819,48251.0,138,136,4,0,132,123,171361,6,0,0,6,13
2020-05-20,US,Texas,Jones,117,0,0,32.73997145,-99.87861576,48253.0,117,115,0,0,115,112,19817,2,0,0,2,3
2020-05-20,US,Texas,Karnes,4,0,0,28.90705334,-97.85960149,48255.0,4,4,0,0,4,3,15650,0,0,0,0,1
2020-05-20,US,Texas,Kaufman,165,2,0,32.599141700000004,-96.28734728,48257.0,163,155,2,0,153,147,128622,10,0,0,10,8
2020-05-20,US,Texas,Kendall,24,0,0,29.94414155,-98.7113588,48259.0,24,23,0,0,23,21,45641,1,0,0,1,2
2020-05-20,US,Texas,Kerr,11,0,0,30.06040006,-99.34930144,48265.0,11,10,0,0,10,10,52405,1,0,0,1,0
2020-05-20,US,Texas,Kimble,1,0,0,30.48678918,-99.74856473,48267.0,1,1,0,0,1,1,4362,0,0,0,0,0
2020-05-20,US,Texas,Kleberg,14,1,0,27.42435506,-97.69894948,48273.0,13,14,1,0,13,14,31129,0,0,0,0,0
2020-05-20,US,Texas,Knox,1,0,0,33.60519951,-99.74229059999999,48275.0,1,1,0,0,1,1,3653,0,0,0,0,0
2020-05-20,US,Texas,La Salle,4,0,0,28.34453111,-99.09908775,48283.0,4,4,0,0,4,4,7531,0,0,0,0,0
2020-05-20,US,Texas,Lamar,122,9,0,33.66981763,-95.57404777,48277.0,113,116,9,0,107,116,49728,6,0,0,6,0
2020-05-20,US,Texas,Lamb,11,0,0,34.06859623,-102.35162890000001,48279.0,11,11,0,0,11,11,13158,0,0,0,0,0
2020-05-20,US,Texas,Lampasas,8,0,0,31.19531316,-98.24206613,48281.0,8,8,0,0,8,8,21229,0,0,0,0,0
2020-05-20,US,Texas,Lavaca,8,1,0,29.38508402,-96.93186692,48285.0,7,8,1,0,7,8,20110,0,0,0,0,0
2020-05-20,US,Texas,Lee,6,0,0,30.31120597,-96.97045773,48287.0,6,7,0,0,7,6,17144,-1,0,0,-1,1
2020-05-20,US,Texas,Leon,9,0,0,31.29872538,-95.9936328,48289.0,9,9,0,0,9,9,17270,0,0,0,0,0
2020-05-20,US,Texas,Liberty,79,3,0,30.15152688,-94.81205615,48291.0,76,75,3,0,72,75,86323,4,0,0,4,0
2020-05-20,US,Texas,Limestone,17,1,0,31.5454767,-96.58095444,48293.0,16,17,1,0,16,15,23519,0,0,0,0,2
2020-05-20,US,Texas,Lipscomb,2,0,0,36.27783108,-100.27331509999999,48295.0,2,2,0,0,2,2,3355,0,0,0,0,0
2020-05-20,US,Texas,Live Oak,7,0,0,28.35101362,-98.1246786,48297.0,7,7,0,0,7,7,12166,0,0,0,0,0
2020-05-20,US,Texas,Llano,3,0,0,30.70645047,-98.68475262,48299.0,3,3,0,0,3,3,21646,0,0,0,0,0
2020-05-20,US,Texas,Lubbock,630,50,0,33.61008596,-101.82047890000001,48303.0,580,624,50,0,574,619,307412,6,0,0,6,5
2020-05-20,US,Texas,Lynn,5,1,0,33.17657705,-101.8162849,48305.0,4,5,1,0,4,5,5877,0,0,0,0,0
2020-05-20,US,Texas,Madison,8,0,0,30.96694679,-95.93003775,48313.0,8,8,0,0,8,8,14422,0,0,0,0,0
2020-05-20,US,Texas,Marion,15,0,0,32.79868409,-94.35661230000001,48315.0,15,15,0,0,15,15,9928,0,0,0,0,0
2020-05-20,US,Texas,Martin,3,1,0,32.30600051,-101.9513518,48317.0,2,3,1,0,2,3,5753,0,0,0,0,0
2020-05-20,US,Texas,Mason,31,0,0,30.71780434,-99.22629416,48319.0,31,31,0,0,31,31,4280,0,0,0,0,0
2020-05-20,US,Texas,Matagorda,66,5,0,28.81955746,-96.01230294,48321.0,61,65,5,0,60,65,36552,1,0,0,1,0
2020-05-20,US,Texas,Maverick,93,1,0,28.7429195,-100.3157686,48323.0,92,94,1,0,93,89,58485,-1,0,0,-1,5
2020-05-20,US,Texas,McCulloch,3,0,0,31.1925468,-99.34682807,48307.0,3,3,0,0,3,3,7987,0,0,0,0,0
2020-05-20,US,Texas,McLennan,98,4,0,31.55255453,-97.20217694,48309.0,94,98,4,0,94,98,254607,0,0,0,0,0
2020-05-20,US,Texas,Medina,60,2,0,29.355730100000002,-99.11030298,48325.0,58,59,2,0,57,58,50921,1,0,0,1,1
2020-05-20,US,Texas,Midland,122,12,0,31.86904128,-102.03156820000001,48329.0,110,122,12,0,110,120,172578,0,0,0,0,2
2020-05-20,US,Texas,Milam,26,1,0,30.78581830000001,-96.97718698,48331.0,25,25,1,0,24,24,25131,1,0,0,1,1
2020-05-20,US,Texas,Mills,1,0,0,31.49557106,-98.59272068,48333.0,1,1,0,0,1,1,4921,0,0,0,0,0
2020-05-20,US,Texas,Mitchell,1,0,0,32.30623474,-100.9212058,48335.0,1,1,0,0,1,1,8145,0,0,0,0,0
2020-05-20,US,Texas,Montague,9,1,0,33.67521893,-97.72500958,48337.0,8,9,1,0,8,9,19596,0,0,0,0,0
2020-05-20,US,Texas,Montgomery,861,21,0,30.30079133,-95.50572772,48339.0,840,848,18,0,830,817,590925,13,3,0,10,31
2020-05-20,US,Texas,Moore,579,12,0,35.83769242,-101.8930281,48341.0,567,575,12,0,563,567,21485,4,0,0,4,8
2020-05-20,US,Texas,Morris,14,0,0,33.11304005,-94.73255695,48343.0,14,13,0,0,13,11,12339,1,0,0,1,2
2020-05-20,US,Texas,Motley,1,0,0,34.07408766,-100.77972199999999,48345.0,1,1,0,0,1,1,1234,0,0,0,0,0
2020-05-20,US,Texas,Nacogdoches,243,17,0,31.62017125,-94.61803994,48347.0,226,241,17,0,224,239,65711,2,0,0,2,2
2020-05-20,US,Texas,Navarro,40,2,0,32.04620681,-96.47428766,48349.0,38,38,2,0,36,38,49565,2,0,0,2,0
2020-05-20,US,Texas,Newton,4,0,0,30.78548982,-93.74408813,48351.0,4,4,0,0,4,4,13746,0,0,0,0,0
2020-05-20,US,Texas,Nolan,2,0,0,32.30365282,-100.4060208,48353.0,2,2,0,0,2,2,14751,0,0,0,0,0
2020-05-20,US,Texas,Nueces,248,3,0,27.736286,-97.5433285,48355.0,245,242,3,0,239,234,362265,6,0,0,6,8
2020-05-20,US,Texas,Ochiltree,41,3,0,36.27829105,-100.8158184,48357.0,38,40,2,0,38,41,9947,1,1,0,0,-1
2020-05-20,US,Texas,Oldham,3,1,0,35.40425596,-102.6027606,48359.0,2,3,1,0,2,4,2131,0,0,0,0,-1
2020-05-20,US,Texas,Orange,89,2,0,30.11879481,-93.89412775,48361.0,87,87,2,0,85,87,83572,2,0,0,2,0
2020-05-20,US,Texas,Palo Pinto,10,2,0,32.75310985,-98.31319001,48363.0,8,9,2,0,7,9,28875,1,0,0,1,0
2020-05-20,US,Texas,Panola,175,19,0,32.163959600000005,-94.30552481,48365.0,156,175,16,0,159,175,23148,0,3,0,-3,0
2020-05-20,US,Texas,Parker,64,0,0,32.77757172,-97.80500621,48367.0,64,63,0,0,63,57,138371,1,0,0,1,6
2020-05-20,US,Texas,Parmer,39,0,0,34.52993409,-102.78446679999999,48369.0,39,36,0,0,36,34,9864,3,0,0,3,2
2020-05-20,US,Texas,Pecos,24,0,0,30.78097267,-102.72412609999999,48371.0,24,23,0,0,23,20,15673,1,0,0,1,3
2020-05-20,US,Texas,Polk,50,0,0,30.79472531,-94.82766240000001,48373.0,50,50,0,0,50,47,50031,0,0,0,0,3
2020-05-20,US,Texas,Potter,2193,24,0,35.40133773,-101.893964,48375.0,2169,2145,23,0,2122,2129,119648,48,1,0,47,16
2020-05-20,US,Texas,Rains,2,0,0,32.87109387,-95.79232691,48379.0,2,2,0,0,2,2,12159,0,0,0,0,0
2020-05-20,US,Texas,Randall,616,5,0,34.96585996,-101.8971322,48381.0,611,611,5,0,606,602,136271,5,0,0,5,9
2020-05-20,US,Texas,Red River,40,4,0,33.61886692,-95.04841765,48387.0,36,36,0,0,36,35,12175,4,4,0,0,1
2020-05-20,US,Texas,Reeves,7,0,0,31.32323325,-103.69038959999999,48389.0,7,7,0,0,7,7,15695,0,0,0,0,0
2020-05-20,US,Texas,Refugio,3,0,0,28.323897600000002,-97.15766311,48391.0,3,3,0,0,3,3,7032,0,0,0,0,0
2020-05-20,US,Texas,Roberts,2,0,0,35.83809685,-100.813175,48393.0,2,2,0,0,2,2,903,0,0,0,0,0
2020-05-20,US,Texas,Robertson,7,0,0,31.02539637,-96.51272246,48395.0,7,7,0,0,7,6,17284,0,0,0,0,1
2020-05-20,US,Texas,Rockwall,143,5,0,32.89779518,-96.40771592,48397.0,138,138,5,0,133,138,100657,5,0,0,5,0
2020-05-20,US,Texas,Runnels,2,0,0,31.8314342,-99.97616148,48399.0,2,2,0,0,2,2,10234,0,0,0,0,0
2020-05-20,US,Texas,Rusk,42,2,0,32.10773545,-94.76176432,48401.0,40,42,2,0,40,42,54450,0,0,0,0,0
2020-05-20,US,Texas,Sabine,4,0,0,31.34318809,-93.85440451,48403.0,4,4,0,0,4,3,10589,0,0,0,0,1
2020-05-20,US,Texas,San Augustine,26,1,0,31.39457611,-94.17000399,48405.0,25,26,1,0,25,22,8232,0,0,0,0,4
2020-05-20,US,Texas,San Jacinto,12,0,0,30.57933681,-95.16260304,48407.0,12,12,0,0,12,12,28719,0,0,0,0,0
2020-05-20,US,Texas,San Patricio,26,0,0,28.00880118,-97.51763891,48409.0,26,26,0,0,26,26,66893,0,0,0,0,0
2020-05-20,US,Texas,San Saba,1,0,0,31.1577796,-98.81758731,48411.0,1,1,0,0,1,,6054,0,0,0,0,
2020-05-20,US,Texas,Scurry,2,0,0,32.74613808,-100.91626640000001,48415.0,2,2,0,0,2,2,16866,0,0,0,0,0
2020-05-20,US,Texas,Shackelford,1,0,0,32.73587756,-99.35401337,48417.0,1,1,0,0,1,1,3253,0,0,0,0,0
2020-05-20,US,Texas,Shelby,177,5,0,31.79211404,-94.14550696,48419.0,172,175,5,0,170,175,25418,2,0,0,2,0
2020-05-20,US,Texas,Sherman,23,0,0,36.27751473,-101.8933156,48421.0,23,23,0,0,23,23,3079,0,0,0,0,0
2020-05-20,US,Texas,Smith,192,4,0,32.37474036,-95.27175679999999,48423.0,188,192,3,0,189,189,230221,0,1,0,-1,3
2020-05-20,US,Texas,Starr,23,0,0,26.56150059,-98.73892358,48427.0,23,23,0,0,23,17,64525,0,0,0,0,6
2020-05-20,US,Texas,Stephens,2,0,0,32.73553157,-98.83631615,48429.0,2,2,0,0,2,2,9433,0,0,0,0,0
2020-05-20,US,Texas,Swisher,15,0,0,34.53028891,-101.73491740000001,48437.0,15,15,0,0,15,15,7462,0,0,0,0,0
2020-05-20,US,Texas,Tarrant,4643,130,0,32.77143818,-97.29101614,48439.0,4513,4559,123,0,4436,4447,2084931,84,7,0,77,112
2020-05-20,US,Texas,Taylor,225,6,0,32.30163422,-99.89007449,48441.0,219,222,6,0,216,217,137640,3,0,0,3,5
2020-05-20,US,Texas,Terry,13,0,0,33.17402785,-102.3354521,48445.0,13,13,0,0,13,12,12287,0,0,0,0,1
2020-05-20,US,Texas,Titus,142,2,0,33.21339719,-94.96797273,48449.0,140,129,1,0,128,102,33033,13,1,0,12,27
2020-05-20,US,Texas,Tom Green,88,1,0,31.40464436,-100.46244300000001,48451.0,87,87,1,0,86,87,118189,1,0,0,1,0
2020-05-20,US,Texas,Travis,2595,81,0,30.33432034,-97.78535620000001,48453.0,2514,2537,79,0,2458,2459,1248743,58,2,0,56,78
2020-05-20,US,Texas,Trinity,11,0,0,31.0879489,-95.1367187,48455.0,11,11,0,0,11,11,14740,0,0,0,0,0
2020-05-20,US,Texas,Tyler,10,0,0,30.77031716,-94.37690895,48457.0,10,10,0,0,10,9,21696,0,0,0,0,1
2020-05-20,US,Texas,Upshur,18,0,0,32.73706798,-94.93999853,48459.0,18,18,0,0,18,18,41260,0,0,0,0,0
2020-05-20,US,Texas,Uvalde,6,0,0,29.35739637,-99.76229172,48463.0,6,6,0,0,6,6,26846,0,0,0,0,0
2020-05-20,US,Texas,Val Verde,13,0,0,29.89149232,-101.1525205,48465.0,13,13,0,0,13,13,49208,0,0,0,0,0
2020-05-20,US,Texas,Van Zandt,24,1,0,32.56483801,-95.83766469,48467.0,23,23,1,0,22,22,56019,1,0,0,1,1
2020-05-20,US,Texas,Victoria,157,7,0,28.79780988,-96.96813006,48469.0,150,157,7,0,150,156,92035,0,0,0,0,1
2020-05-20,US,Texas,Walker,552,27,0,30.73872995,-95.57440968,48471.0,525,442,26,0,416,423,72480,110,1,0,109,19
2020-05-20,US,Texas,Waller,45,0,0,30.01058447,-95.99011759,48473.0,45,43,0,0,43,40,53126,2,0,0,2,3
2020-05-20,US,Texas,Washington,186,22,0,30.21498498,-96.40946246,48477.0,164,184,22,0,162,181,35108,2,0,0,2,3
2020-05-20,US,Texas,Webb,492,18,0,27.7610369,-99.33237355,48479.0,474,479,18,0,461,477,275910,13,0,0,13,2
2020-05-20,US,Texas,Wharton,46,0,0,29.27765923,-96.22319248,48481.0,46,44,0,0,44,43,41619,2,0,0,2,1
2020-05-20,US,Texas,Wheeler,15,0,0,35.40114335,-100.26995140000001,48483.0,15,14,0,0,14,14,5191,1,0,0,1,0
2020-05-20,US,Texas,Wichita,82,2,0,33.98842886,-98.70410340000001,48485.0,80,80,2,0,78,78,132064,2,0,0,2,2
2020-05-20,US,Texas,Wilbarger,6,0,0,34.07945812,-99.24178437,48487.0,6,6,0,0,6,5,12820,0,0,0,0,1
2020-05-20,US,Texas,Willacy,15,1,0,26.47411727,-97.61535848,48489.0,14,14,1,0,13,14,21515,1,0,0,1,0
2020-05-20,US,Texas,Williamson,513,20,0,30.64655664,-97.60048540000001,48491.0,493,501,20,0,481,486,566719,12,0,0,12,15
2020-05-20,US,Texas,Wilson,37,5,0,29.1732598,-98.08693082,48493.0,32,37,5,0,32,36,50224,0,0,0,0,1
2020-05-20,US,Texas,Winkler,3,0,0,31.85008651,-103.04851629999999,48495.0,3,3,0,0,3,3,7720,0,0,0,0,0
2020-05-20,US,Texas,Wise,38,2,0,33.21570665,-97.65460265,48497.0,36,38,2,0,36,36,68305,0,0,0,0,2
2020-05-20,US,Texas,Wood,22,1,0,32.78722382,-95.38236368,48499.0,21,22,0,0,22,18,45129,0,1,0,-1,4
2020-05-20,US,Texas,Yoakum,3,0,0,33.17320212,-102.82764329999999,48501.0,3,2,0,0,2,2,8591,1,0,0,1,0
2020-05-20,US,Texas,Young,4,1,0,33.17659707,-98.68790885,48503.0,3,4,1,0,3,4,18045,0,0,0,0,0
2020-05-20,US,Texas,Zapata,8,0,0,27.00156391,-99.16987152,48505.0,8,7,0,0,7,7,14190,1,0,0,1,0
2020-05-20,US,Texas,Zavala,10,0,0,28.86617238,-99.76050829,48507.0,10,9,0,0,9,9,11983,1,0,0,1,0
2020-05-20,US,Utah,Bear River,93,1,0,41.52106798,-113.08328159999999,0.0,92,89,1,0,88,90,,4,0,0,4,-1
2020-05-20,US,Utah,Central Utah,31,0,0,39.37231946,-111.5758676,0.0,31,30,0,0,30,30,,1,0,0,1,0
2020-05-20,US,Utah,Davis,386,2,0,40.99001837,-112.1139997,49011.0,384,373,2,0,371,370,351713,13,0,0,13,3
2020-05-20,US,Utah,Salt Lake,4123,62,0,40.66616532,-111.92160109999999,49035.0,4061,4019,61,0,3958,3942,1152633,104,1,0,103,77
2020-05-20,US,Utah,San Juan,246,4,0,37.62762978,-109.80337140000002,49037.0,242,238,4,0,234,227,15449,8,0,0,8,11
2020-05-20,US,Utah,Southeast Utah,16,0,0,38.99617072,-110.70139579999999,0.0,16,16,0,0,16,15,,0,0,0,0,1
2020-05-20,US,Utah,Southwest Utah,260,4,0,37.85447192,-111.4418764,90049.0,256,245,4,0,241,236,,15,0,0,15,9
2020-05-20,US,Utah,Summit,403,0,0,40.86688146,-110.9535882,49043.0,403,403,0,0,403,401,41933,0,0,0,0,2
2020-05-20,US,Utah,Tooele,104,0,0,40.44862644,-113.12957150000001,49045.0,104,103,0,0,103,94,69907,1,0,0,1,9
2020-05-20,US,Utah,TriCounty,20,0,0,40.12491499,-109.5174415,0.0,20,19,0,0,19,22,,1,0,0,1,-3
2020-05-20,US,Utah,Utah,1569,13,0,40.116672200000004,-111.66576620000001,49049.0,1556,1537,12,0,1525,1520,622213,32,1,0,31,17
2020-05-20,US,Utah,Wasatch,217,1,0,40.33110236,-111.1691419,49051.0,216,212,1,0,211,203,33240,5,0,0,5,9
2020-05-20,US,Utah,Weber-Morgan,242,3,0,41.27116049,-111.9145117,0.0,239,234,3,0,231,234,,8,0,0,8,0
2020-05-20,US,Vermont,Addison,62,2,0,44.03217337,-73.14130877,50001.0,60,62,2,0,60,62,36973,0,0,0,0,0
2020-05-20,US,Vermont,Bennington,60,1,0,43.03519828,-73.09048868,50003.0,59,60,1,0,59,60,35631,0,0,0,0,0
2020-05-20,US,Vermont,Caledonia,14,0,0,44.46548598,-72.10314651,50005.0,14,14,0,0,14,14,30302,0,0,0,0,0
2020-05-20,US,Vermont,Chittenden,439,38,0,44.46322849,-73.08359212,50007.0,401,439,38,0,401,439,164572,0,0,0,0,0
2020-05-20,US,Vermont,Essex,2,0,0,44.72736416,-71.73579864,50009.0,2,2,0,0,2,2,6250,0,0,0,0,0
2020-05-20,US,Vermont,Franklin,99,5,0,44.85627605,-72.91249563,50011.0,94,99,5,0,94,99,49421,0,0,0,0,0
2020-05-20,US,Vermont,Grand Isle,4,0,0,44.797582399999996,-73.29679772,50013.0,4,4,0,0,4,4,7090,0,0,0,0,0
2020-05-20,US,Vermont,Lamoille,27,1,0,44.60353043,-72.64356694,50015.0,26,28,1,0,27,27,25300,-1,0,0,-1,1
2020-05-20,US,Vermont,Orange,8,0,0,44.00470222,-72.37640104,50017.0,8,8,0,0,8,8,28999,0,0,0,0,0
2020-05-20,US,Vermont,Orleans,9,0,0,44.82964024,-72.24562697,50019.0,9,9,0,0,9,9,26907,0,0,0,0,0
2020-05-20,US,Vermont,Rutland,50,1,0,43.57723578,-73.03741676,50021.0,49,50,1,0,49,50,58672,0,0,0,0,0
2020-05-20,US,Vermont,Unassigned,7,0,0,0.0,0.0,90050.0,7,6,0,0,6,5,,1,0,0,1,1
2020-05-20,US,Vermont,Washington,38,1,0,44.27343241,-72.61604978,50023.0,37,38,1,0,37,38,58140,0,0,0,0,0
2020-05-20,US,Vermont,Windham,77,3,0,42.986982,-72.71268875,50025.0,74,77,3,0,74,76,42756,0,0,0,0,1
2020-05-20,US,Vermont,Windsor,48,2,0,43.58010937,-72.58595157,50027.0,46,48,2,0,46,47,55286,0,0,0,0,1
2020-05-20,US,Virginia,Accomack,709,11,0,37.76707161,-75.63234615,51001.0,698,701,9,0,692,690,32412,8,2,0,6,11
2020-05-20,US,Virginia,Albemarle,142,4,0,38.02080697,-78.55481085,51003.0,138,141,4,0,137,139,108718,1,0,0,1,2
2020-05-20,US,Virginia,Alexandria,1577,34,0,38.814003,-77.08183073,51510.0,1543,1544,34,0,1510,1510,160530,33,0,0,33,34
2020-05-20,US,Virginia,Alleghany,10,0,0,37.78636074,-80.00222498,51005.0,10,9,0,0,9,9,14910,1,0,0,1,0
2020-05-20,US,Virginia,Amelia,21,1,0,37.34081025,-77.98584649,51007.0,20,20,1,0,19,20,13013,1,0,0,1,0
2020-05-20,US,Virginia,Amherst,25,0,0,37.60308293,-79.14548696,51009.0,25,25,0,0,25,25,31666,0,0,0,0,0
2020-05-20,US,Virginia,Appomattox,24,0,0,37.37569884,-78.81340003,51011.0,24,24,0,0,24,25,15841,0,0,0,0,-1
2020-05-20,US,Virginia,Arlington,1728,81,0,38.8767675,-77.10139853,51013.0,1647,1688,79,0,1609,1638,237521,40,2,0,38,50
2020-05-20,US,Virginia,Augusta,88,1,0,38.16404586,-79.12461614,51015.0,87,87,1,0,86,85,75457,1,0,0,1,2
2020-05-20,US,Virginia,Bedford,41,1,0,37.3080028,-79.5281964,51019.0,40,41,1,0,40,41,78747,0,0,0,0,0
2020-05-20,US,Virginia,Botetourt,31,3,0,37.55531756,-79.80982182,51023.0,28,31,3,0,28,31,33277,0,0,0,0,0
2020-05-20,US,Virginia,Bristol,3,0,0,36.616302399999995,-82.16359122,51520.0,3,3,0,0,3,3,16482,0,0,0,0,0
2020-05-20,US,Virginia,Brunswick,21,1,0,36.76366949,-77.8593436,51025.0,20,21,1,0,20,20,16384,0,0,0,0,1
2020-05-20,US,Virginia,Buchanan,18,0,0,37.26818323,-82.03749726,51027.0,18,18,0,0,18,16,21221,0,0,0,0,2
2020-05-20,US,Virginia,Buckingham,419,2,0,37.57242268,-78.52518834,51029.0,417,419,2,0,417,417,16999,0,0,0,0,2
2020-05-20,US,Virginia,Buena Vista,11,0,0,37.73484642,-79.35296097,51530.0,11,11,0,0,11,9,6237,0,0,0,0,2
2020-05-20,US,Virginia,Campbell,13,1,0,37.20553386,-79.09678609,51031.0,12,13,1,0,12,13,54973,0,0,0,0,0
2020-05-20,US,Virginia,Caroline,45,2,0,38.02679129,-77.34901405,51033.0,43,44,2,0,42,42,30772,1,0,0,1,2
2020-05-20,US,Virginia,Carroll,64,1,0,36.73066666,-80.73455942,51035.0,63,50,0,0,50,49,29636,14,1,0,13,1
2020-05-20,US,Virginia,Charles City,24,1,0,37.35358063,-77.05634116,51036.0,23,24,1,0,23,23,6941,0,0,0,0,1
2020-05-20,US,Virginia,Charlotte,15,0,0,37.01909701,-78.66314092,51037.0,15,14,0,0,14,14,11938,1,0,0,1,0
2020-05-20,US,Virginia,Charlottesville,72,2,0,38.03527919,-78.48569588,51540.0,70,72,2,0,70,72,48117,0,0,0,0,0
2020-05-20,US,Virginia,Chesapeake,401,12,0,36.67670048,-76.30545744,51550.0,389,396,10,0,386,387,242634,5,2,0,3,9
2020-05-20,US,Virginia,Chesterfield,1100,29,0,37.37373208,-77.58680140000001,51041.0,1071,1043,29,0,1014,1002,348556,57,0,0,57,41
2020-05-20,US,Virginia,Clarke,19,0,0,39.11271747,-77.99199425,51043.0,19,19,0,0,19,18,14523,0,0,0,0,1
2020-05-20,US,Virginia,Colonial Heights,80,7,0,37.26420587,-77.39609676,51570.0,73,77,7,0,70,76,17833,3,0,0,3,1
2020-05-20,US,Virginia,Covington,3,0,0,37.7824656,-79.98631446,51580.0,3,2,0,0,2,2,5460,1,0,0,1,0
2020-05-20,US,Virginia,Craig,4,0,0,37.48133648,-80.21072274,51045.0,4,4,0,0,4,4,5064,0,0,0,0,0
2020-05-20,US,Virginia,Culpeper,494,5,0,38.48199985,-77.95630870000002,51047.0,489,452,5,0,447,388,51859,42,0,0,42,64
2020-05-20,US,Virginia,Cumberland,25,0,0,37.51328851,-78.24398086,51049.0,25,25,0,0,25,23,9809,0,0,0,0,2
2020-05-20,US,Virginia,Danville,45,1,0,36.58022376,-79.40395668,51590.0,44,44,1,0,43,44,40693,1,0,0,1,0
2020-05-20,US,Virginia,Dinwiddie,47,0,0,37.07544585,-77.63451754,51053.0,47,45,0,0,45,38,28529,2,0,0,2,7
2020-05-20,US,Virginia,Emporia,58,3,0,36.69455571,-77.53406129,51595.0,55,58,3,0,55,55,5121,0,0,0,0,3
2020-05-20,US,Virginia,Essex,35,0,0,37.93357639,-76.94230311,51057.0,35,35,0,0,35,31,10919,0,0,0,0,4
2020-05-20,US,Virginia,Fairfax,8163,302,0,38.83677558,-77.27565836,51059.0,7861,8020,292,0,7728,7843,1150795,143,10,0,133,177
2020-05-20,US,Virginia,Fairfax,8163,302,0,38.83677558,-77.27565836,51059.0,7861,8020,292,0,7728,7843,24574,143,10,0,133,177
2020-05-20,US,Virginia,Fairfax City,47,3,0,38.85157547,-77.29779640000002,51600.0,44,47,3,0,44,47,24574,0,0,0,0,0
2020-05-20,US,Virginia,Falls Church,44,5,0,38.88485255,-77.17560759,51610.0,39,44,4,0,40,44,14772,0,1,0,-1,0
2020-05-20,US,Virginia,Fauquier,251,5,0,38.73564842,-77.80647472,51061.0,246,243,5,0,238,223,70675,8,0,0,8,20
2020-05-20,US,Virginia,Floyd,4,0,0,36.9302126,-80.36738849,51063.0,4,4,0,0,4,4,15795,0,0,0,0,0
2020-05-20,US,Virginia,Fluvanna,82,6,0,37.84157909,-78.27715475,51065.0,76,82,6,0,76,82,26783,0,0,0,0,0
2020-05-20,US,Virginia,Franklin,30,1,0,36.99536167,-79.88023649,51067.0,29,30,1,0,29,30,56195,0,0,0,0,0
2020-05-20,US,Virginia,Franklin,30,1,0,36.99536167,-79.88023649,51067.0,29,30,1,0,29,30,8013,0,0,0,0,0
2020-05-20,US,Virginia,Franklin City,32,1,0,36.6831435,-76.93859681,51620.0,31,32,1,0,31,32,8013,0,0,0,0,0
2020-05-20,US,Virginia,Frederick,234,3,0,39.20172582,-78.25974949,51069.0,231,223,3,0,220,217,88355,11,0,0,11,6
2020-05-20,US,Virginia,Fredericksburg,101,0,0,38.2977863,-77.4922454,51630.0,101,101,0,0,101,96,29144,0,0,0,0,5
2020-05-20,US,Virginia,Galax,82,0,0,36.66601852,-80.91703124,51640.0,82,82,0,0,82,82,6423,0,0,0,0,0
2020-05-20,US,Virginia,Giles,5,0,0,37.31234791,-80.70636931,51071.0,5,5,0,0,5,5,16844,0,0,0,0,0
2020-05-20,US,Virginia,Gloucester,29,1,0,37.40809042,-76.53524337,51073.0,28,28,1,0,27,28,37349,1,0,0,1,0
2020-05-20,US,Virginia,Goochland,88,5,0,37.71714806,-77.90381514,51075.0,83,88,5,0,83,88,23244,0,0,0,0,0
2020-05-20,US,Virginia,Grayson,22,0,0,36.65677234,-81.23215889,51077.0,22,21,0,0,21,21,15631,1,0,0,1,0
2020-05-20,US,Virginia,Greene,20,1,0,38.29545894,-78.46525378,51079.0,19,19,1,0,18,19,19779,1,0,0,1,0
2020-05-20,US,Virginia,Greensville,55,7,0,36.67878901,-77.56351439,51081.0,48,54,7,0,47,50,11627,1,0,0,1,4
2020-05-20,US,Virginia,Halifax,29,0,0,36.76654925,-78.93512622,51083.0,29,29,0,0,29,27,34120,0,0,0,0,2
2020-05-20,US,Virginia,Hampton,165,3,0,37.03513786,-76.35879121,51650.0,162,164,3,0,161,163,134313,1,0,0,1,1
2020-05-20,US,Virginia,Hanover,238,19,0,37.7583355,-77.49464673,51085.0,219,232,19,0,213,225,107239,6,0,0,6,7
2020-05-20,US,Virginia,Harrisonburg,675,21,0,38.43542574,-78.87536254,51660.0,654,647,21,0,626,633,54033,28,0,0,28,14
2020-05-20,US,Virginia,Henrico,1321,114,0,37.53460572,-77.39326555,51087.0,1207,1299,114,0,1185,1272,329261,22,0,0,22,27
2020-05-20,US,Virginia,Henry,50,2,0,36.68542395,-79.87634026,51089.0,48,46,2,0,44,43,50953,4,0,0,4,3
2020-05-20,US,Virginia,Highland,2,0,0,38.35799465,-79.56124594,51091.0,2,2,0,0,2,2,2210,0,0,0,0,0
2020-05-20,US,Virginia,Hopewell,61,0,0,37.29186313,-77.29754684,51670.0,61,58,0,0,58,53,22596,3,0,0,3,5
2020-05-20,US,Virginia,Isle of Wight,120,3,0,36.90579348,-76.70842863,51093.0,117,119,3,0,116,119,36953,1,0,0,1,0
2020-05-20,US,Virginia,James City,189,15,0,37.31156958,-76.76950618,51095.0,174,189,15,0,174,187,76397,0,0,0,0,2
2020-05-20,US,Virginia,King George,48,4,0,38.26818502,-77.15852768,51099.0,44,48,4,0,44,48,26575,0,0,0,0,0
2020-05-20,US,Virginia,King William,15,1,0,37.70965316,-77.09384941,51101.0,14,15,1,0,14,15,16939,0,0,0,0,0
2020-05-20,US,Virginia,King and Queen,7,0,0,37.71044922,-76.88689628,51097.0,7,7,0,0,7,7,7042,0,0,0,0,0
2020-05-20,US,Virginia,Lancaster,7,0,0,37.71889653,-76.46400482,51103.0,7,7,0,0,7,7,10783,0,0,0,0,0
2020-05-20,US,Virginia,Lee,10,0,0,36.70586667,-83.12606515,51105.0,10,10,0,0,10,10,23541,0,0,0,0,0
2020-05-20,US,Virginia,Lexington,6,0,0,37.78258621,-79.44262866,51678.0,6,6,0,0,6,6,7136,0,0,0,0,0
2020-05-20,US,Virginia,Loudoun,1579,49,0,39.08990083,-77.63481877,51107.0,1530,1527,48,0,1479,1486,406850,52,1,0,51,41
2020-05-20,US,Virginia,Louisa,61,0,0,37.97850256,-77.96274807,51109.0,61,60,0,0,60,60,36778,1,0,0,1,0
2020-05-20,US,Virginia,Lunenburg,7,0,0,36.94618528,-78.24133319,51111.0,7,7,0,0,7,7,12086,0,0,0,0,0
2020-05-20,US,Virginia,Lynchburg,75,1,0,37.40021399,-79.19888138,51680.0,74,75,1,0,74,74,82126,0,0,0,0,1
2020-05-20,US,Virginia,Madison,27,1,0,38.41531222,-78.28220331,51113.0,26,27,1,0,26,24,13295,0,0,0,0,3
2020-05-20,US,Virginia,Manassas,699,6,0,38.7464321,-77.48509905,51683.0,693,680,5,0,675,628,41641,19,1,0,18,52
2020-05-20,US,Virginia,Manassas Park,207,3,0,38.77058531,-77.44399307,51685.0,204,202,3,0,199,198,17307,5,0,0,5,4
2020-05-20,US,Virginia,Martinsville,20,0,0,36.68212094,-79.86352771,51690.0,20,16,0,0,16,8,12902,4,0,0,4,8
2020-05-20,US,Virginia,Mathews,5,0,0,37.44164146,-76.34098896,51115.0,5,5,0,0,5,5,8802,0,0,0,0,0
2020-05-20,US,Virginia,Mecklenburg,178,19,0,36.67882005,-78.36131056,51117.0,159,178,17,0,161,169,30650,0,2,0,-2,9
2020-05-20,US,Virginia,Middlesex,12,0,0,37.63191998,-76.55064617,51119.0,12,12,0,0,12,12,10769,0,0,0,0,0
2020-05-20,US,Virginia,Montgomery,66,1,0,37.17746986,-80.37868691,51121.0,65,66,1,0,65,66,98985,0,0,0,0,0
2020-05-20,US,Virginia,Nelson,13,0,0,37.78790447,-78.88498513,51125.0,13,13,0,0,13,12,14836,0,0,0,0,1
2020-05-20,US,Virginia,New Kent,27,1,0,37.50694406,-76.99828634,51127.0,26,27,1,0,26,26,22391,0,0,0,0,1
2020-05-20,US,Virginia,Newport News,211,10,0,37.08166899,-76.51754109,51700.0,201,209,10,0,199,206,178626,2,0,0,2,3
2020-05-20,US,Virginia,Norfolk,370,6,0,36.89934014,-76.26420872,51710.0,364,370,6,0,364,361,244076,0,0,0,0,9
2020-05-20,US,Virginia,Northampton,205,15,0,37.34062933,-75.87751591,51131.0,190,204,11,0,193,198,11735,1,4,0,-3,6
2020-05-20,US,Virginia,Northumberland,21,1,0,37.89202088,-76.41949732,51133.0,20,20,1,0,19,18,12147,1,0,0,1,2
2020-05-20,US,Virginia,Norton,2,0,0,36.93357076,-82.62750411,51720.0,2,2,0,0,2,2,3968,0,0,0,0,0
2020-05-20,US,Virginia,Nottoway,18,0,0,37.1435975,-78.05065922,51135.0,18,18,0,0,18,18,15420,0,0,0,0,0
2020-05-20,US,Virginia,Orange,69,0,0,38.24530219,-78.01560400000002,51137.0,69,67,0,0,67,60,36644,2,0,0,2,7
2020-05-20,US,Virginia,Page,166,17,0,38.61807452,-78.48797204,51139.0,149,165,17,0,148,161,23933,1,0,0,1,4
2020-05-20,US,Virginia,Patrick,10,0,0,36.680163799999995,-80.2865648,51141.0,10,9,0,0,9,8,17673,1,0,0,1,1
2020-05-20,US,Virginia,Petersburg,80,2,0,37.20530399,-77.39368102,51730.0,78,75,2,0,73,60,31567,5,0,0,5,15
2020-05-20,US,Virginia,Pittsylvania,26,1,0,36.81980341,-79.39731264,51143.0,25,26,1,0,25,24,60949,0,0,0,0,2
2020-05-20,US,Virginia,Poquoson,7,0,0,37.14259351,-76.35798148,51735.0,7,7,0,0,7,7,12190,0,0,0,0,0
2020-05-20,US,Virginia,Portsmouth,241,11,0,36.85914825,-76.35971629,51740.0,230,237,10,0,227,228,94632,4,1,0,3,9
2020-05-20,US,Virginia,Powhatan,25,0,0,37.55016038,-77.91267882,51145.0,25,25,0,0,25,24,29189,0,0,0,0,1
2020-05-20,US,Virginia,Prince Edward,86,2,0,37.22554789,-78.43597949,51147.0,84,83,2,0,81,77,22950,3,0,0,3,6
2020-05-20,US,Virginia,Prince George,56,0,0,37.18497668,-77.22922187,51149.0,56,56,0,0,56,52,38082,0,0,0,0,4
2020-05-20,US,Virginia,Prince William,4054,79,0,38.70916224,-77.48713689,51153.0,3975,3934,73,0,3861,3759,468011,120,6,0,114,175
2020-05-20,US,Virginia,Pulaski,10,0,0,37.06474963,-80.71229738,51155.0,10,10,0,0,10,10,34066,0,0,0,0,0
2020-05-20,US,Virginia,Radford,4,0,0,37.12222899,-80.56027320000003,51750.0,4,3,0,0,3,3,18339,1,0,0,1,0
2020-05-20,US,Virginia,Rappahannock,12,0,0,38.68295619,-78.15826963,51157.0,12,12,0,0,12,12,7252,0,0,0,0,0
2020-05-20,US,Virginia,Richmond,263,4,0,37.937575,-76.72920628,51159.0,259,265,4,0,261,263,9038,-2,0,0,-2,2
2020-05-20,US,Virginia,Richmond City,835,19,0,37.53255773,-77.47966921,51760.0,816,811,19,0,792,779,228783,24,0,0,24,32
2020-05-20,US,Virginia,Roanoke,88,3,0,37.26865804,-80.06396753,51161.0,85,88,3,0,85,86,94073,0,0,0,0,2
2020-05-20,US,Virginia,Roanoke City,135,8,0,37.27791025,-79.96189766,51770.0,127,135,8,0,127,128,99920,0,0,0,0,7
2020-05-20,US,Virginia,Rockbridge,13,0,0,37.81204314,-79.44605905,51163.0,13,13,0,0,13,11,22752,0,0,0,0,2
2020-05-20,US,Virginia,Rockingham,414,5,0,38.51006137,-78.87260325,51165.0,409,401,5,0,396,397,81244,13,0,0,13,4
2020-05-20,US,Virginia,Russell,8,0,0,36.93028320000001,-82.10095486,51167.0,8,8,0,0,8,8,26748,0,0,0,0,0
2020-05-20,US,Virginia,Salem,33,0,0,37.2836193,-80.06219455,51775.0,33,33,0,0,33,32,25643,0,0,0,0,1
2020-05-20,US,Virginia,Scott,7,2,0,36.71466456,-82.60171704,51169.0,5,7,2,0,5,7,21534,0,0,0,0,0
2020-05-20,US,Virginia,Shenandoah,345,12,0,38.85905135,-78.56813762,51171.0,333,329,12,0,317,319,43497,16,0,0,16,10
2020-05-20,US,Virginia,Smyth,15,0,0,36.84455636,-81.53344948,51173.0,15,15,0,0,15,15,30472,0,0,0,0,0
2020-05-20,US,Virginia,Southampton,137,2,0,36.72231125,-77.10642712,51175.0,135,137,2,0,135,137,17586,0,0,0,0,0
2020-05-20,US,Virginia,Spotsylvania,351,4,0,38.18574462,-77.655399,51177.0,347,339,4,0,335,319,134238,12,0,0,12,20
2020-05-20,US,Virginia,Stafford,514,4,0,38.41758738,-77.45917053,51179.0,510,501,4,0,497,484,149960,13,0,0,13,17
2020-05-20,US,Virginia,Staunton,33,0,0,38.15965544,-79.05979937,51790.0,33,32,0,0,32,33,24922,1,0,0,1,-1
2020-05-20,US,Virginia,Suffolk,274,25,0,36.70155394,-76.63603554,51800.0,249,269,25,0,244,269,91185,5,0,0,5,0
2020-05-20,US,Virginia,Surry,6,1,0,37.11781893,-76.88450012,51181.0,5,6,1,0,5,6,6474,0,0,0,0,0
2020-05-20,US,Virginia,Sussex,99,1,0,36.92432914,-77.25791182,51183.0,98,98,1,0,97,91,11237,1,0,0,1,7
2020-05-20,US,Virginia,Tazewell,6,0,0,37.12191123,-81.56685568,51185.0,6,6,0,0,6,6,40855,0,0,0,0,0
2020-05-20,US,Virginia,Virginia Beach,564,19,0,36.73285734,-76.04566934,51810.0,545,559,19,0,540,557,450189,5,0,0,5,2
2020-05-20,US,Virginia,Warren,105,2,0,38.90847745,-78.20280433,51187.0,103,103,2,0,101,99,40003,2,0,0,2,4
2020-05-20,US,Virginia,Washington,50,4,0,36.72341572,-81.95666289,51191.0,46,50,4,0,46,49,54402,0,0,0,0,1
2020-05-20,US,Virginia,Waynesboro,29,0,0,38.06451466,-78.90293905,51820.0,29,28,0,0,28,24,22628,1,0,0,1,4
2020-05-20,US,Virginia,Westmoreland,42,0,0,38.11021557,-76.80213247,51193.0,42,43,0,0,43,42,17830,-1,0,0,-1,1
2020-05-20,US,Virginia,Williamsburg,43,3,0,37.28131268,-76.70905141,51830.0,40,43,3,0,40,43,14896,0,0,0,0,0
2020-05-20,US,Virginia,Winchester,104,1,0,39.17054517,-78.17325058,51840.0,103,96,1,0,95,84,28108,8,0,0,8,12
2020-05-20,US,Virginia,Wise,23,2,0,36.9746148,-82.62410519,51195.0,21,23,2,0,21,23,38012,0,0,0,0,0
2020-05-20,US,Virginia,Wythe,16,1,0,36.91582035,-81.07834059,51197.0,15,16,1,0,15,16,28754,0,0,0,0,0
2020-05-20,US,Virginia,York,63,3,0,37.24374789,-76.54412815,51199.0,60,63,3,0,60,63,67846,0,0,0,0,0
2020-05-20,US,Washington,Adams,50,0,0,46.98299757,-118.56017340000001,53001.0,50,50,0,0,50,50,19759,0,0,0,0,0
2020-05-20,US,Washington,Asotin,18,2,0,46.18894415,-117.2022851,53003.0,16,18,2,0,16,18,22610,0,0,0,0,0
2020-05-20,US,Washington,Benton,660,58,0,46.23946995,-119.51208340000001,53005.0,602,652,58,0,594,643,201877,8,0,0,8,9
2020-05-20,US,Washington,Chelan,186,6,0,47.87046092,-120.6173956,53007.0,180,182,6,0,176,178,77036,4,0,0,4,4
2020-05-20,US,Washington,Clallam,25,0,0,48.04754642,-123.92263190000001,53009.0,25,21,0,0,21,21,76737,4,0,0,4,0
2020-05-20,US,Washington,Clark,392,22,0,45.77568046,-122.48292040000001,53011.0,370,391,22,0,369,388,481857,1,0,0,1,3
2020-05-20,US,Washington,Columbia,1,0,0,46.29442881,-117.9051983,53013.0,1,1,0,0,1,1,4059,0,0,0,0,0
2020-05-20,US,Washington,Cowlitz,70,0,0,46.19074721,-122.6782231,53015.0,70,69,0,0,69,68,108987,1,0,0,1,1
2020-05-20,US,Washington,Douglas,132,3,0,47.7361335,-119.69293700000001,53017.0,129,130,3,0,127,129,42907,2,0,0,2,1
2020-05-20,US,Washington,Ferry,1,0,0,48.471143100000006,-118.5154041,53019.0,1,1,0,0,1,1,7649,0,0,0,0,0
2020-05-20,US,Washington,Franklin,466,18,0,46.53351425,-118.9018212,53021.0,448,464,18,0,446,456,94347,2,0,0,2,8
2020-05-20,US,Washington,Grant,188,4,0,47.20753737,-119.4500749,53025.0,184,186,4,0,182,187,97331,2,0,0,2,-1
2020-05-20,US,Washington,Grays Harbor,15,0,0,47.14003705,-123.7820567,53027.0,15,15,0,0,15,15,73901,0,0,0,0,0
2020-05-20,US,Washington,Island,176,10,0,48.14713305,-122.5216407,53029.0,166,176,10,0,166,176,84460,0,0,0,0,0
2020-05-20,US,Washington,Jefferson,30,0,0,47.75003077,-123.56097040000002,53031.0,30,30,0,0,30,30,31729,0,0,0,0,0
2020-05-20,US,Washington,King,7602,535,0,47.49137892,-121.8346131,53033.0,7067,7565,534,0,7031,7515,2233163,37,1,0,36,50
2020-05-20,US,Washington,Kitsap,161,2,0,47.63479026,-122.6436061,53035.0,159,161,2,0,159,160,269805,0,0,0,0,1
2020-05-20,US,Washington,Kittitas,66,0,0,47.12521214,-120.67943899999999,53037.0,66,61,0,0,61,57,47364,5,0,0,5,4
2020-05-20,US,Washington,Klickitat,24,3,0,45.87325839,-120.7913598,53039.0,21,25,3,0,22,24,22107,-1,0,0,-1,1
2020-05-20,US,Washington,Lewis,35,3,0,46.57756476,-122.39257690000001,53041.0,32,35,3,0,32,35,79604,0,0,0,0,0
2020-05-20,US,Washington,Lincoln,2,0,0,47.57705241,-118.41943880000001,53043.0,2,2,0,0,2,2,10740,0,0,0,0,0
2020-05-20,US,Washington,Mason,33,1,0,47.35007586,-123.1863685,53045.0,32,33,1,0,32,33,65507,0,0,0,0,0
2020-05-20,US,Washington,Okanogan,40,1,0,48.54855019,-119.73872240000001,53047.0,39,40,1,0,39,40,42132,0,0,0,0,0
2020-05-20,US,Washington,Pacific,9,1,0,46.55418369,-123.7285716,53049.0,8,9,1,0,8,9,22036,0,0,0,0,0
2020-05-20,US,Washington,Pend Oreille,2,0,0,48.53234021,-117.2741804,53051.0,2,2,0,0,2,2,13602,0,0,0,0,0
2020-05-20,US,Washington,Pierce,1716,68,0,47.03892768,-122.14059579999999,53053.0,1648,1704,64,0,1640,1687,891299,12,4,0,8,17
2020-05-20,US,Washington,San Juan,15,0,0,48.60182783,-122.96745,53055.0,15,15,0,0,15,15,17128,0,0,0,0,0
2020-05-20,US,Washington,Skagit,426,15,0,48.48171488,-121.766131,53057.0,411,426,15,0,411,426,128206,0,0,0,0,0
2020-05-20,US,Washington,Skamania,3,0,0,46.02408726,-121.91644029999999,53059.0,3,3,0,0,3,3,11924,0,0,0,0,0
2020-05-20,US,Washington,Snohomish,2826,132,0,48.04615983,-121.7170703,53061.0,2694,2818,132,0,2686,2797,814901,8,0,0,8,21
2020-05-20,US,Washington,Spokane,415,31,0,47.62113146,-117.4046494,53063.0,384,411,31,0,380,403,514631,4,0,0,4,8
2020-05-20,US,Washington,Stevens,10,1,0,48.40035475,-117.8542701,53065.0,9,10,1,0,9,9,45260,0,0,0,0,1
2020-05-20,US,Washington,Thurston,124,1,0,46.9291895,-122.82906559999999,53067.0,123,124,1,0,123,124,286419,0,0,0,0,0
2020-05-20,US,Washington,Unassigned,48,0,0,0.0,0.0,90053.0,48,52,0,0,52,54,,-4,0,0,-4,-2
2020-05-20,US,Washington,Wahkiakum,4,0,0,46.29180039999999,-123.4250831,53069.0,4,4,0,0,4,4,4426,0,0,0,0,0
2020-05-20,US,Washington,Walla Walla,106,2,0,46.23040051,-118.4775539,53071.0,104,106,2,0,104,107,60922,0,0,0,0,-1
2020-05-20,US,Washington,Whatcom,360,36,0,48.82227976,-121.74900179999999,53073.0,324,359,36,0,323,358,225685,1,0,0,1,1
2020-05-20,US,Washington,Whitman,16,0,0,46.90022523,-117.52417630000001,53075.0,16,16,0,0,16,16,49791,0,0,0,0,0
2020-05-20,US,Washington,Yakima,2518,82,0,46.45738486,-120.73801259999999,53077.0,2436,2444,81,0,2363,2370,251446,74,1,0,73,74
2020-05-20,US,West Virginia,Barbour,7,1,0,39.1307219,-80.00350858,54001.0,6,7,1,0,6,7,16535,0,0,0,0,0
2020-05-20,US,West Virginia,Berkeley,245,6,0,39.46704621,-78.02414609,54003.0,239,215,6,0,209,215,117123,30,0,0,30,0
2020-05-20,US,West Virginia,Boone,9,0,0,38.01974191,-81.69888019,54005.0,9,9,0,0,9,9,21951,0,0,0,0,0
2020-05-20,US,West Virginia,Braxton,2,0,0,38.70036159,-80.72011184,54007.0,2,2,0,0,2,2,14089,0,0,0,0,0
2020-05-20,US,West Virginia,Brooke,3,0,0,40.27367263,-80.57915332,54009.0,3,3,0,0,3,3,22203,0,0,0,0,0
2020-05-20,US,West Virginia,Cabell,55,0,0,38.42424062,-82.23855912,54011.0,55,56,0,0,56,56,93224,-1,0,0,-1,0
2020-05-20,US,West Virginia,Calhoun,2,0,0,38.84315422,-81.11934872,54013.0,2,2,0,0,2,2,7254,0,0,0,0,0
2020-05-20,US,West Virginia,Clay,2,0,0,38.46231092,-81.07652217,54015.0,2,2,0,0,2,2,8632,0,0,0,0,0
2020-05-20,US,West Virginia,Fayette,39,3,0,38.02974928,-81.08286634,54019.0,36,38,3,0,35,38,43018,1,0,0,1,0
2020-05-20,US,West Virginia,Gilmer,9,0,0,38.9251277,-80.85952723,54021.0,9,8,0,0,8,8,8026,1,0,0,1,0
2020-05-20,US,West Virginia,Grant,6,0,0,39.10314817,-79.19440518,54023.0,6,6,0,0,6,6,11626,0,0,0,0,0
2020-05-20,US,West Virginia,Greenbrier,9,0,0,37.9463652,-80.45335881,54025.0,9,9,0,0,9,9,34786,0,0,0,0,0
2020-05-20,US,West Virginia,Hampshire,12,1,0,39.32103553,-78.60826476,54027.0,11,12,1,0,11,12,23347,0,0,0,0,0
2020-05-20,US,West Virginia,Hancock,12,0,0,40.51943859,-80.57461608,54029.0,12,12,0,0,12,12,29094,0,0,0,0,0
2020-05-20,US,West Virginia,Hardy,33,0,0,39.00683177,-78.85855301,54031.0,33,31,0,0,31,31,13775,2,0,0,2,0
2020-05-20,US,West Virginia,Harrison,37,1,0,39.2853852,-80.37919577,54033.0,36,35,1,0,34,35,67554,2,0,0,2,0
2020-05-20,US,West Virginia,Jackson,135,17,0,38.84263974,-81.68148753,54035.0,118,135,17,0,118,135,28706,0,0,0,0,0
2020-05-20,US,West Virginia,Jefferson,115,1,0,39.30776166,-77.86014147,54037.0,114,101,1,0,100,101,56811,14,0,0,14,0
2020-05-20,US,West Virginia,Kanawha,205,17,0,38.33860077,-81.52857054,54039.0,188,203,16,0,187,203,180454,2,1,0,1,0
2020-05-20,US,West Virginia,Lewis,5,0,0,38.9947249,-80.49988181,54041.0,5,5,0,0,5,5,16024,0,0,0,0,0
2020-05-20,US,West Virginia,Lincoln,5,0,0,38.172154,-82.07017953,54043.0,5,5,0,0,5,5,20599,0,0,0,0,0
2020-05-20,US,West Virginia,Logan,15,1,0,37.8299889,-81.93528571,54045.0,14,15,1,0,14,15,32607,0,0,0,0,0
2020-05-20,US,West Virginia,Marion,48,2,0,39.50984542,-80.24244659,54049.0,46,48,2,0,46,48,56097,0,0,0,0,0
2020-05-20,US,West Virginia,Marshall,25,0,0,39.86064362,-80.66591062,54051.0,25,25,0,0,25,25,30785,0,0,0,0,0
2020-05-20,US,West Virginia,Mason,15,0,0,38.77071799,-82.02524219,54053.0,15,15,0,0,15,15,26718,0,0,0,0,0
2020-05-20,US,West Virginia,McDowell,6,0,0,37.38002939,-81.65083669,54047.0,6,6,0,0,6,6,18223,0,0,0,0,0
2020-05-20,US,West Virginia,Mercer,13,0,0,37.40481169,-81.11023142,54055.0,13,13,0,0,13,13,59131,0,0,0,0,0
2020-05-20,US,West Virginia,Mineral,34,0,0,39.41561583,-78.94104895,54057.0,34,29,0,0,29,29,26940,5,0,0,5,0
2020-05-20,US,West Virginia,Mingo,3,1,0,37.73048351,-82.13338365,54059.0,2,3,1,0,2,3,23785,0,0,0,0,0
2020-05-20,US,West Virginia,Monongalia,118,5,0,39.63218457,-80.04766838,54061.0,113,116,5,0,111,116,106420,2,0,0,2,0
2020-05-20,US,West Virginia,Monroe,6,0,0,37.56274716,-80.54577965,54063.0,6,6,0,0,6,6,13280,0,0,0,0,0
2020-05-20,US,West Virginia,Morgan,17,0,0,39.55439028,-78.26311676,54065.0,17,17,0,0,17,17,17787,0,0,0,0,0
2020-05-20,US,West Virginia,Nicholas,9,1,0,38.29617706,-80.79759588,54067.0,8,9,1,0,8,9,24842,0,0,0,0,0
2020-05-20,US,West Virginia,Ohio,37,1,0,40.0955451,-80.62203992,54069.0,36,37,1,0,36,37,41755,0,0,0,0,0
2020-05-20,US,West Virginia,Pendleton,5,0,0,38.68314479,-79.35084086,54071.0,5,5,0,0,5,5,6997,0,0,0,0,0
2020-05-20,US,West Virginia,Pleasants,2,0,0,39.37091679,-81.16771771,54073.0,2,2,0,0,2,2,7507,0,0,0,0,0
2020-05-20,US,West Virginia,Pocahontas,10,0,0,38.32758728,-80.00993811,54075.0,10,8,0,0,8,8,8414,2,0,0,2,0
2020-05-20,US,West Virginia,Preston,15,0,0,39.46770987,-79.66712803,54077.0,15,15,0,0,15,15,33839,0,0,0,0,0
2020-05-20,US,West Virginia,Putnam,30,0,0,38.50782345,-81.9082131,54079.0,30,29,0,0,29,29,56682,1,0,0,1,0
2020-05-20,US,West Virginia,Raleigh,14,0,0,37.76936795,-81.2456041,54081.0,14,12,0,0,12,12,74254,2,0,0,2,0
2020-05-20,US,West Virginia,Randolph,9,0,0,38.769899,-79.87919615,54083.0,9,7,0,0,7,7,28823,2,0,0,2,0
2020-05-20,US,West Virginia,Ritchie,1,0,0,39.18094587,-81.06356878,54085.0,1,1,0,0,1,1,9721,0,0,0,0,0
2020-05-20,US,West Virginia,Roane,8,0,0,38.71622686,-81.35243568,54087.0,8,9,0,0,9,9,13932,-1,0,0,-1,0
2020-05-20,US,West Virginia,Summers,1,0,0,37.65390597,-80.86009693,54089.0,1,1,0,0,1,1,12760,0,0,0,0,0
2020-05-20,US,West Virginia,Taylor,8,0,0,39.33602617,-80.0421439,54091.0,8,8,0,0,8,8,16862,0,0,0,0,0
2020-05-20,US,West Virginia,Tucker,4,0,0,39.11240885,-79.57053576,54093.0,4,4,0,0,4,4,6955,0,0,0,0,0
2020-05-20,US,West Virginia,Tyler,3,0,0,39.46811972,-80.88772676,54095.0,3,3,0,0,3,3,8746,0,0,0,0,0
2020-05-20,US,West Virginia,Upshur,6,0,0,38.89285061,-80.23689136,54097.0,6,6,0,0,6,6,24415,0,0,0,0,0
2020-05-20,US,West Virginia,Wayne,96,9,0,38.14901357,-82.42287994,54099.0,87,96,9,0,87,96,39944,0,0,0,0,0
2020-05-20,US,West Virginia,Wetzel,7,0,0,39.6065771,-80.64016540000001,54103.0,7,7,0,0,7,7,15270,0,0,0,0,0
2020-05-20,US,West Virginia,Wirt,4,0,0,39.02775007,-81.37473928,54105.0,4,3,0,0,3,3,5830,1,0,0,1,0
2020-05-20,US,West Virginia,Wood,48,2,0,39.20967886,-81.5162836,54107.0,46,48,2,0,46,48,84203,0,0,0,0,0
2020-05-20,US,West Virginia,Wyoming,3,0,0,37.612327,-81.54511071,54109.0,3,3,0,0,3,3,20786,0,0,0,0,0
2020-05-20,US,Wisconsin,Adams,4,1,0,43.96974651,-89.76782777,55001.0,3,4,1,0,3,4,20348,0,0,0,0,0
2020-05-20,US,Wisconsin,Ashland,2,0,0,46.31956891,-90.67837132,55003.0,2,2,0,0,2,2,15600,0,0,0,0,0
2020-05-20,US,Wisconsin,Barron,11,0,0,45.42372701,-91.84833627,55005.0,11,11,0,0,11,11,45164,0,0,0,0,0
2020-05-20,US,Wisconsin,Bayfield,3,1,0,46.52868768,-91.19716729,55007.0,2,3,1,0,2,3,15042,0,0,0,0,0
2020-05-20,US,Wisconsin,Brown,2135,29,0,44.452655299999996,-88.00411844,55009.0,2106,2118,26,0,2092,2102,263378,17,3,0,14,16
2020-05-20,US,Wisconsin,Buffalo,5,1,0,44.37835084,-91.75332578,55011.0,4,5,1,0,4,5,13125,0,0,0,0,0
2020-05-20,US,Wisconsin,Burnett,1,1,0,45.86303537,-92.36711412,55013.0,0,1,1,0,0,2,15392,0,0,0,0,-1
2020-05-20,US,Wisconsin,Calumet,60,1,0,44.0816316,-88.21780273,55015.0,59,58,1,0,57,58,50159,2,0,0,2,0
2020-05-20,US,Wisconsin,Chippewa,43,0,0,45.06939744,-91.28068855,55017.0,43,42,0,0,42,41,64135,1,0,0,1,1
2020-05-20,US,Wisconsin,Clark,30,4,0,44.73483377,-90.61207486,55019.0,26,29,4,0,25,28,34709,1,0,0,1,1
2020-05-20,US,Wisconsin,Columbia,37,1,0,43.46492199,-89.33589004,55021.0,36,36,1,0,35,36,57358,1,0,0,1,0
2020-05-20,US,Wisconsin,Crawford,23,0,0,43.23870316,-90.93073686,55023.0,23,23,0,0,23,23,16291,0,0,0,0,0
2020-05-20,US,Wisconsin,Dane,563,26,0,43.06601594,-89.41733797,55025.0,537,541,25,0,516,538,542364,22,1,0,21,3
2020-05-20,US,Wisconsin,Dodge,112,1,0,43.41576662,-88.70928178,55027.0,111,109,1,0,108,108,87847,3,0,0,3,1
2020-05-20,US,Wisconsin,Door,34,3,0,44.95856458,-87.30002707,55029.0,31,33,3,0,30,33,27610,1,0,0,1,0
2020-05-20,US,Wisconsin,Douglas,15,0,0,46.43222285,-91.91595768,55031.0,15,15,0,0,15,13,43208,0,0,0,0,2
2020-05-20,US,Wisconsin,Dunn,20,0,0,44.94562799,-91.8962481,55033.0,20,20,0,0,20,20,45131,0,0,0,0,0
2020-05-20,US,Wisconsin,Eau Claire,78,0,0,44.726614,-91.28609183,55035.0,78,75,0,0,75,70,104534,3,0,0,3,5
2020-05-20,US,Wisconsin,Florence,2,0,0,45.84963535,-88.39804137,55037.0,2,2,0,0,2,2,4321,0,0,0,0,0
2020-05-20,US,Wisconsin,Fond du Lac,148,3,0,43.75354908,-88.48885325,55039.0,145,145,3,0,142,142,103066,3,0,0,3,3
2020-05-20,US,Wisconsin,Forest,11,0,0,45.66678019,-88.77084892,55041.0,11,9,0,0,9,9,8991,2,0,0,2,0
2020-05-20,US,Wisconsin,Grant,78,10,0,42.8671731,-90.7063218,55043.0,68,75,10,0,65,74,51554,3,0,0,3,1
2020-05-20,US,Wisconsin,Green,49,0,0,42.6794956,-89.60243287,55045.0,49,46,0,0,46,45,36929,3,0,0,3,1
2020-05-20,US,Wisconsin,Green Lake,11,0,0,43.80025981,-89.04679553,55047.0,11,11,0,0,11,11,18918,0,0,0,0,0
2020-05-20,US,Wisconsin,Iowa,11,0,0,43.00050278,-90.13469017,55049.0,11,11,0,0,11,11,23771,0,0,0,0,0
2020-05-20,US,Wisconsin,Iron,2,1,0,46.26302338,-90.24295041,55051.0,1,2,1,0,1,2,5676,0,0,0,0,0
2020-05-20,US,Wisconsin,Jackson,15,1,0,44.31864893,-90.80566792,55053.0,14,15,1,0,14,15,20478,0,0,0,0,0
2020-05-20,US,Wisconsin,Jefferson,62,2,0,43.02054068,-88.77529134,55055.0,60,62,2,0,60,61,85129,0,0,0,0,1
2020-05-20,US,Wisconsin,Juneau,22,1,0,43.92456975,-90.11120239,55057.0,21,22,1,0,21,22,26617,0,0,0,0,0
2020-05-20,US,Wisconsin,Kenosha,889,21,0,42.57639354,-88.04051686,55059.0,868,866,19,0,847,848,169290,23,2,0,21,18
2020-05-20,US,Wisconsin,Kewaunee,31,1,0,44.51727459,-87.61468386,55061.0,30,31,1,0,30,30,20383,0,0,0,0,1
2020-05-20,US,Wisconsin,La Crosse,47,0,0,43.90632465,-91.11451093,55063.0,47,47,0,0,47,45,118230,0,0,0,0,2
2020-05-20,US,Wisconsin,Lafayette,17,0,0,42.66005229,-90.1317729,55065.0,17,16,0,0,16,16,16665,1,0,0,1,0
2020-05-20,US,Wisconsin,Lincoln,3,0,0,45.33737523,-89.73411273,55069.0,3,3,0,0,3,3,27689,0,0,0,0,0
2020-05-20,US,Wisconsin,Manitowoc,26,1,0,44.11946801,-87.80928853,55071.0,25,25,1,0,24,22,79074,1,0,0,1,3
2020-05-20,US,Wisconsin,Marathon,35,1,0,44.89792533,-89.75863384,55073.0,34,34,1,0,33,33,135428,1,0,0,1,1
2020-05-20,US,Wisconsin,Marinette,28,2,0,45.38553432,-88.03324599999998,55075.0,26,25,2,0,23,25,40434,3,0,0,3,0
2020-05-20,US,Wisconsin,Marquette,3,1,0,43.81911946,-89.40073763,55077.0,2,3,1,0,2,3,15434,0,0,0,0,0
2020-05-20,US,Wisconsin,Menominee,2,0,0,45.00422544,-88.70950714,55078.0,2,2,0,0,2,2,4658,0,0,0,0,0
2020-05-20,US,Wisconsin,Milwaukee,5373,265,0,43.00486062,-87.96733172,55079.0,5108,5076,260,0,4816,5005,948201,297,5,0,292,71
2020-05-20,US,Wisconsin,Monroe,15,1,0,43.94641218,-90.61881899999999,55081.0,14,15,1,0,14,15,46051,0,0,0,0,0
2020-05-20,US,Wisconsin,Oconto,31,0,0,45.02715345,-88.26807503,55083.0,31,30,0,0,30,30,37830,1,0,0,1,0
2020-05-20,US,Wisconsin,Oneida,7,0,0,45.70677897,-89.51944105,55085.0,7,7,0,0,7,7,35470,0,0,0,0,0
2020-05-20,US,Wisconsin,Outagamie,153,5,0,44.41578887,-88.46565023,55087.0,148,146,5,0,141,142,187365,7,0,0,7,4
2020-05-20,US,Wisconsin,Ozaukee,130,11,0,43.38352225,-87.94625009,55089.0,119,125,11,0,114,122,89147,5,0,0,5,3
2020-05-20,US,Wisconsin,Pepin,1,0,0,44.58307413,-91.99949611,55091.0,1,1,0,0,1,1,7289,0,0,0,0,0
2020-05-20,US,Wisconsin,Pierce,26,0,0,44.71850291,-92.4224416,55093.0,26,22,0,0,22,21,42555,4,0,0,4,1
2020-05-20,US,Wisconsin,Polk,7,1,0,45.46130348,-92.44182875,55095.0,6,7,0,0,7,6,43598,0,1,0,-1,1
2020-05-20,US,Wisconsin,Portage,7,0,0,44.47558711,-89.50152965,55097.0,7,7,0,0,7,7,70942,0,0,0,0,0
2020-05-20,US,Wisconsin,Price,1,0,0,45.68051754,-90.36098879999999,55099.0,1,1,0,0,1,1,13397,0,0,0,0,0
2020-05-20,US,Wisconsin,Racine,1115,20,0,42.74753117,-88.05941254,55101.0,1095,1061,19,0,1042,1034,196584,54,1,0,53,27
2020-05-20,US,Wisconsin,Richland,14,3,0,43.3762778,-90.43012729,55103.0,11,14,3,0,11,14,17377,0,0,0,0,0
2020-05-20,US,Wisconsin,Rock,452,14,0,42.67151616,-89.07147900000002,55105.0,438,438,14,0,424,432,163129,14,0,0,14,6
2020-05-20,US,Wisconsin,Rusk,4,0,0,45.47498854,-91.1333012,55107.0,4,4,0,0,4,4,14147,0,0,0,0,0
2020-05-20,US,Wisconsin,Sauk,77,3,0,43.42574087,-89.94966132,55111.0,74,77,3,0,74,77,64249,0,0,0,0,0
2020-05-20,US,Wisconsin,Sawyer,4,0,0,45.87931905,-91.14504927,55113.0,4,4,0,0,4,4,16489,0,0,0,0,0
2020-05-20,US,Wisconsin,Shawano,34,0,0,44.78902246,-88.76443896,55115.0,34,33,0,0,33,33,40796,1,0,0,1,0
2020-05-20,US,Wisconsin,Sheboygan,73,3,0,43.72099677,-87.94579284,55117.0,70,70,3,0,67,69,115456,3,0,0,3,1
2020-05-20,US,Wisconsin,St. Croix,52,0,0,45.03437474,-92.45000068,55109.0,52,48,0,0,48,48,89694,4,0,0,4,0
2020-05-20,US,Wisconsin,Trempealeau,11,0,0,44.30360275,-91.35893614,55121.0,11,11,0,0,11,11,29442,0,0,0,0,0
2020-05-20,US,Wisconsin,Vernon,12,0,0,43.59422667,-90.8324691,55123.0,12,12,0,0,12,11,30785,0,0,0,0,1
2020-05-20,US,Wisconsin,Vilas,4,0,0,46.05467334,-89.51719204,55125.0,4,4,0,0,4,4,21938,0,0,0,0,0
2020-05-20,US,Wisconsin,Walworth,296,11,0,42.66858202,-88.54163073,55127.0,285,287,11,0,276,284,103718,9,0,0,9,3
2020-05-20,US,Wisconsin,Washburn,1,0,0,45.89838588,-91.79050449,55129.0,1,1,0,0,1,1,15878,0,0,0,0,0
2020-05-20,US,Wisconsin,Washington,163,4,0,43.36863664,-88.22974712,55131.0,159,155,4,0,151,149,135693,8,0,0,8,6
2020-05-20,US,Wisconsin,Waukesha,514,24,0,43.01833055,-88.30431188,55133.0,490,492,23,0,469,482,403072,22,1,0,21,10
2020-05-20,US,Wisconsin,Waupaca,19,1,0,44.47068056,-88.96534501,55135.0,18,19,1,0,18,17,51128,0,0,0,0,2
2020-05-20,US,Wisconsin,Waushara,7,0,0,44.11324419,-89.24317107,55137.0,7,7,0,0,7,7,24263,0,0,0,0,0
2020-05-20,US,Wisconsin,Winnebago,134,1,0,44.06886922,-88.64477096,55139.0,133,126,1,0,125,124,171020,8,0,0,8,2
2020-05-20,US,Wisconsin,Wood,8,0,0,44.45537896,-90.04158336,55141.0,8,8,0,0,8,7,73055,0,0,0,0,1
2020-05-20,US,Wyoming,Albany,10,0,0,41.65498705,-105.72354150000001,56001.0,10,10,0,0,10,10,38601,0,0,0,0,0
2020-05-20,US,Wyoming,Big Horn,3,0,0,44.52405055,-107.9960365,56003.0,3,3,0,0,3,3,11881,0,0,0,0,0
2020-05-20,US,Wyoming,Campbell,30,0,0,44.24886082,-105.54744040000001,56005.0,30,29,0,0,29,29,46140,1,0,0,1,0
2020-05-20,US,Wyoming,Carbon,16,0,0,41.69357844,-106.9326084,56007.0,16,15,0,0,15,14,14971,1,0,0,1,1
2020-05-20,US,Wyoming,Converse,24,0,0,42.97272268,-105.5081848,56009.0,24,24,0,0,24,23,13640,0,0,0,0,1
2020-05-20,US,Wyoming,Crook,5,0,0,44.58855102,-104.56977049999999,56011.0,5,5,0,0,5,5,7450,0,0,0,0,0
2020-05-20,US,Wyoming,Fremont,233,0,0,43.04183996,-108.6296893,56013.0,233,228,0,0,228,224,39531,5,0,0,5,4
2020-05-20,US,Wyoming,Goshen,5,0,0,42.08798185,-104.3534743,56015.0,5,5,0,0,5,5,13376,0,0,0,0,0
2020-05-20,US,Wyoming,Hot Springs,8,0,0,43.71930657,-108.44231740000001,56017.0,8,7,0,0,7,7,4555,1,0,0,1,0
2020-05-20,US,Wyoming,Johnson,16,1,0,44.04057166,-106.58451740000001,56019.0,15,16,1,0,15,16,8460,0,0,0,0,0
2020-05-20,US,Wyoming,Laramie,182,0,0,41.30702520000001,-104.6887497,56021.0,182,183,0,0,183,181,98976,-1,0,0,-1,2
2020-05-20,US,Wyoming,Lincoln,14,0,0,42.26376367,-110.6563997,56023.0,14,14,0,0,14,14,19434,0,0,0,0,0
2020-05-20,US,Wyoming,Natrona,66,0,0,42.96180148,-106.79788500000001,56025.0,66,64,0,0,64,62,79115,2,0,0,2,2
2020-05-20,US,Wyoming,Niobrara,2,0,0,43.05607708,-104.47588959999999,56027.0,2,2,0,0,2,2,2388,0,0,0,0,0
2020-05-20,US,Wyoming,Park,2,0,0,44.52157546,-109.58528249999999,56029.0,2,1,0,0,1,1,29324,1,0,0,1,0
2020-05-20,US,Wyoming,Sheridan,16,0,0,44.79048913,-106.8862389,56033.0,16,16,0,0,16,16,30233,0,0,0,0,0
2020-05-20,US,Wyoming,Sublette,3,0,0,42.76558279,-109.91309220000001,56035.0,3,3,0,0,3,3,9813,0,0,0,0,0
2020-05-20,US,Wyoming,Sweetwater,25,0,0,41.65943896,-108.8827882,56037.0,25,24,0,0,24,23,43051,1,0,0,1,1
2020-05-20,US,Wyoming,Teton,100,0,0,43.93522482,-110.5890801,56039.0,100,100,0,0,100,100,23081,0,0,0,0,0
2020-05-20,US,Wyoming,Uinta,11,0,0,41.2878183,-110.54757820000002,56041.0,11,11,0,0,11,12,20299,0,0,0,0,-1
2020-05-20,US,Wyoming,Unassigned,0,10,0,0.0,0.0,90056.0,-10,0,9,0,-9,0,,0,1,0,-1,0
2020-05-20,US,Wyoming,Washakie,16,0,0,43.90451606,-107.68018700000002,56043.0,16,16,0,0,16,16,7885,0,0,0,0,0
