Date,Country/Region,Province/State,Admin2,Confirmed,Deaths,Recovered,Latitude,Longitude,FIPS,Incidence_Rate,Case-Fatality_Ratio,Active Cases,Previous Confirmed,Previous Deaths,Previous Recovered,Previous Active,Prev2 Confirmed,Population,Daily Confirmed,Daily Deaths,Daily Recovered,Daily Active,Previous Daily Confirmed
2020-06-15,US,Alabama,Autauga,364,6,0,32.53952745,-86.64408227,1001.0,651.5241010220337,1.6483516483516485,358,357,6,0,351,331,55601,7,0,0,7,26
2020-06-15,US,Alabama,Baldwin,368,9,0,30.72774991,-87.72207058,1003.0,164.84944049741526,2.4456521739130435,359,364,9,0,355,361,218022,4,0,0,4,3
2020-06-15,US,Alabama,Barbour,237,1,0,31.868263,-85.3871286,1005.0,960.0583326581868,0.4219409282700422,236,234,1,0,233,226,24881,3,0,0,3,8
2020-06-15,US,Alabama,Bibb,108,1,0,32.99642064,-87.12511459999996,1007.0,482.2720371528088,0.925925925925926,107,104,1,0,103,100,22400,4,0,0,4,4
2020-06-15,US,Alabama,Blount,114,1,0,33.98210918,-86.56790593,1009.0,197.1431535987272,0.8771929824561403,113,110,1,0,109,102,57840,4,0,0,4,8
2020-06-15,US,Alabama,Bullock,305,8,0,32.10030533,-85.71265535,1011.0,3019.5030195030195,2.622950819672131,297,302,8,0,294,276,10138,3,0,0,3,26
2020-06-15,US,Alabama,Butler,541,25,0,31.75300095,-86.68057478,1013.0,2781.777046482929,4.621072088724584,516,536,25,0,511,517,19680,5,0,0,5,19
2020-06-15,US,Alabama,Calhoun,196,3,0,33.77483727,-85.82630386,1015.0,172.5276176224638,1.5306122448979589,193,195,3,0,192,190,114277,1,0,0,1,5
2020-06-15,US,Alabama,Chambers,461,26,0,32.91360079,-85.39072749,1017.0,1386.2993925542792,5.6399132321041225,435,453,26,0,427,438,33615,8,0,0,8,15
2020-06-15,US,Alabama,Cherokee,51,5,0,34.17805983,-85.60638968,1019.0,194.68621163536415,9.803921568627453,46,51,5,0,46,47,26032,0,0,0,0,4
2020-06-15,US,Alabama,Chilton,135,2,0,32.85044126,-86.7173256,1021.0,303.86242909876654,1.4814814814814814,133,132,2,0,130,128,44153,3,0,0,3,4
2020-06-15,US,Alabama,Choctaw,175,11,0,32.02227341,-88.26564429999998,1023.0,1390.102470410676,6.2857142857142865,164,175,11,0,164,167,12841,0,0,0,0,8
2020-06-15,US,Alabama,Clarke,191,3,0,31.68099859,-87.83548597,1025.0,808.5682838032343,1.5706806282722514,188,188,3,0,185,179,23920,3,0,0,3,9
2020-06-15,US,Alabama,Clay,30,2,0,33.26984193,-85.85836077,1027.0,226.67170381564037,6.666666666666668,28,30,2,0,28,30,13275,0,0,0,0,0
2020-06-15,US,Alabama,Cleburne,22,1,0,33.67679204,-85.52005899,1029.0,147.55197853789403,4.545454545454546,21,21,1,0,20,20,14987,1,0,0,1,1
2020-06-15,US,Alabama,Coffee,290,1,0,31.39932826,-85.98901039,1031.0,554.0483741545986,0.3448275862068966,289,282,1,0,281,274,51909,8,0,0,8,8
2020-06-15,US,Alabama,Colbert,265,5,0,34.69847452,-87.80168544,1033.0,479.7161528574791,1.8867924528301887,260,253,5,0,248,249,54762,12,0,0,12,4
2020-06-15,US,Alabama,Conecuh,100,1,0,31.43401703,-86.99320044,1035.0,828.7063893262617,1.0,99,93,1,0,92,83,12277,7,0,0,7,10
2020-06-15,US,Alabama,Coosa,46,1,0,32.93690146,-86.24847739,1037.0,431.39829316327484,2.1739130434782608,45,46,1,0,45,45,10715,0,0,0,0,1
2020-06-15,US,Alabama,Covington,171,1,0,31.247785399999998,-86.45050893,1039.0,461.5509190531458,0.5847953216374269,170,164,1,0,163,116,36986,7,0,0,7,48
2020-06-15,US,Alabama,Crenshaw,112,3,0,31.72941803,-86.31593104,1041.0,813.2442637234968,2.6785714285714284,109,110,3,0,107,107,13824,2,0,0,2,3
2020-06-15,US,Alabama,Cullman,273,1,0,34.13020303,-86.86888037,1043.0,325.9001050520485,0.3663003663003663,272,264,1,0,263,250,83442,9,0,0,9,14
2020-06-15,US,Alabama,Dale,178,0,0,31.43037123,-85.61095742,1045.0,361.9946310908648,0.0,178,173,0,0,173,171,48956,5,0,0,5,2
2020-06-15,US,Alabama,Dallas,503,6,0,32.32688101,-87.10866709999998,1047.0,1352.2959458006235,1.1928429423459244,497,486,6,0,480,447,38310,17,0,0,17,39
2020-06-15,US,Alabama,DeKalb,322,5,0,34.45946862,-85.80782906,1049.0,450.26778347992666,1.5527950310559009,317,318,5,0,313,311,71385,4,0,0,4,7
2020-06-15,US,Alabama,Elmore,547,9,0,32.59785413,-86.14415284,1051.0,673.5706633501212,1.6453382084095065,538,528,9,0,519,502,81887,19,0,0,19,26
2020-06-15,US,Alabama,Escambia,107,3,0,31.1256789,-87.15918694,1053.0,292.0863702126498,2.803738317757009,104,102,3,0,99,99,36748,5,0,0,5,3
2020-06-15,US,Alabama,Etowah,330,12,0,34.04567266,-86.04051873,1055.0,322.6815817264442,3.636363636363636,318,323,12,0,311,301,102501,7,0,0,7,22
2020-06-15,US,Alabama,Fayette,45,0,0,33.72076938,-87.73886638,1057.0,276.03974972396026,0.0,45,43,0,0,43,37,16433,2,0,0,2,6
2020-06-15,US,Alabama,Franklin,730,10,0,34.44235334,-87.84289505,1059.0,2327.657674893183,1.3698630136986298,720,723,10,0,713,709,31363,7,0,0,7,14
2020-06-15,US,Alabama,Geneva,46,0,0,31.09389027,-85.83572839,1061.0,175.09801682463555,0.0,46,46,0,0,46,46,26314,0,0,0,0,0
2020-06-15,US,Alabama,Greene,132,5,0,32.85504247,-87.95684022,1063.0,1627.4195536925165,3.787878787878788,127,123,5,0,118,119,8233,9,0,0,9,4
2020-06-15,US,Alabama,Hale,235,15,0,32.76039258,-87.63284988,1065.0,1603.9860760357653,6.382978723404255,220,232,14,0,218,226,14726,3,1,0,2,6
2020-06-15,US,Alabama,Henry,108,2,0,31.51148016,-85.24267944,1067.0,627.7244986922408,1.851851851851852,106,107,2,0,105,99,17209,1,0,0,1,8
2020-06-15,US,Alabama,Houston,315,5,0,31.15197924,-85.29939599,1069.0,297.50099166997217,1.5873015873015872,310,307,5,0,302,293,104722,8,0,0,8,14
2020-06-15,US,Alabama,Jackson,122,3,0,34.78144169,-85.99750489,1071.0,236.31503505985359,2.459016393442623,119,122,3,0,119,123,51736,0,0,0,0,-1
2020-06-15,US,Alabama,Jefferson,2537,117,0,33.55554728,-86.89506300000002,1073.0,385.2268465303012,4.611746156878203,2420,2475,117,0,2358,2410,659300,62,0,0,62,65
2020-06-15,US,Alabama,Lamar,45,0,0,33.77995024,-88.09668032,1075.0,325.9688518652663,0.0,45,43,0,0,43,35,13844,2,0,0,2,8
2020-06-15,US,Alabama,Lauderdale,249,3,0,34.90171875,-87.65624729,1077.0,268.5244098394245,1.2048192771084338,246,234,3,0,231,230,92387,15,0,0,15,4
2020-06-15,US,Alabama,Lawrence,65,0,0,34.52041498,-87.31069453,1079.0,197.42437127930992,0.0,65,64,0,0,64,63,32957,1,0,0,1,1
2020-06-15,US,Alabama,Lee,710,35,0,32.60154883,-85.35132246,1081.0,431.5007718394088,4.929577464788731,675,679,35,0,644,661,163941,31,0,0,31,18
2020-06-15,US,Alabama,Limestone,226,0,0,34.81185586,-86.98310072,1083.0,228.47899711873833,0.0,226,215,0,0,215,197,96174,11,0,0,11,18
2020-06-15,US,Alabama,Lowndes,393,14,0,32.1597283,-86.65158371,1085.0,4040.715607649599,3.5623409669211195,379,383,14,0,369,365,9974,10,0,0,10,18
2020-06-15,US,Alabama,Macon,126,6,0,32.38759944,-85.69267724,1087.0,697.3655080805846,4.761904761904762,120,125,6,0,119,122,18439,1,0,0,1,3
2020-06-15,US,Alabama,Madison,566,5,0,34.76327133,-86.55069633,1089.0,151.77965669908744,0.8833922261484098,561,532,5,0,527,472,366519,34,0,0,34,60
2020-06-15,US,Alabama,Marengo,221,9,0,32.24767634,-87.78796182,1091.0,1171.6057891109579,4.072398190045249,212,209,9,0,200,206,19066,12,0,0,12,3
2020-06-15,US,Alabama,Marion,142,12,0,34.13697363,-87.88704173,1093.0,477.9696388299842,8.450704225352112,130,140,12,0,128,134,29763,2,0,0,2,6
2020-06-15,US,Alabama,Marshall,896,9,0,34.36975964,-86.30486727,1095.0,925.8685184037033,1.0044642857142858,887,882,9,0,873,849,96109,14,0,0,14,33
2020-06-15,US,Alabama,Mobile,2723,129,0,30.78472347,-88.20842409,1097.0,658.9869557851939,4.7374219610723465,2594,2697,129,0,2568,2660,413757,26,0,0,26,37
2020-06-15,US,Alabama,Monroe,136,2,0,31.56729412,-87.36995001,1099.0,655.9590990208844,1.4705882352941178,134,126,2,0,124,117,21067,10,0,0,10,9
2020-06-15,US,Alabama,Montgomery,2871,68,0,32.2206831,-86.20969272,1101.0,1267.6280211580404,2.3685127133403,2803,2791,68,0,2723,2644,225763,80,0,0,80,147
2020-06-15,US,Alabama,Morgan,638,2,0,34.45500589,-86.85475946,1103.0,533.0926896113771,0.31347962382445144,636,600,2,0,598,553,119089,38,0,0,38,47
2020-06-15,US,Alabama,Perry,75,0,0,32.64048341,-87.29770589,1105.0,840.5244872800627,0.0,75,74,0,0,74,68,9140,1,0,0,1,6
2020-06-15,US,Alabama,Pickens,141,6,0,33.28094866,-88.08818103,1107.0,707.4761665830406,4.25531914893617,135,141,6,0,135,140,19938,0,0,0,0,1
2020-06-15,US,Alabama,Pike,334,2,0,31.80396383,-85.9408295,1109.0,1008.6368303436612,0.5988023952095808,332,324,2,0,322,307,33338,10,0,0,10,17
2020-06-15,US,Alabama,Randolph,141,8,0,33.29526734,-85.45708831,1111.0,620.5439662001585,5.673758865248227,133,140,8,0,132,138,22725,1,0,0,1,2
2020-06-15,US,Alabama,Russell,298,0,0,32.28725256,-85.18415324,1113.0,514.1388174807198,0.0,298,283,0,0,283,279,57781,15,0,0,15,4
2020-06-15,US,Alabama,Shelby,655,20,0,33.26879845,-86.66232561,1117.0,300.8699966008581,3.053435114503817,635,637,20,0,617,615,215707,18,0,0,18,22
2020-06-15,US,Alabama,St. Clair,173,2,0,33.71902176,-86.31029372,1115.0,193.27017606577888,1.1560693641618498,171,170,2,0,168,167,88690,3,0,0,3,3
2020-06-15,US,Alabama,Sumter,263,11,0,32.59117397,-88.19916205,1119.0,2116.359539711917,4.182509505703422,252,263,11,0,252,260,12691,0,0,0,0,3
2020-06-15,US,Alabama,Talladega,163,5,0,33.37823223,-86.16886178,1121.0,203.8060466628323,3.0674846625766867,158,157,5,0,152,153,79828,6,0,0,6,4
2020-06-15,US,Alabama,Tallapoosa,473,66,0,32.86698258,-85.79833053,1123.0,1171.7492010800902,13.953488372093025,407,467,66,0,401,461,40497,6,0,0,6,6
2020-06-15,US,Alabama,Tuscaloosa,1342,25,0,33.28726072,-87.52556818,1125.0,641.0164553031933,1.8628912071535024,1317,1291,25,0,1266,1239,208911,51,0,0,51,52
2020-06-15,US,Alabama,Unassigned,380,5,0,0.0,0.0,90001.0,0.0,1.3157894736842106,375,380,5,0,375,380,,0,0,0,0,0
2020-06-15,US,Alabama,Walker,578,6,0,33.80270512,-87.30027177,1127.0,909.9352969883977,1.038062283737024,572,568,6,0,562,540,63711,10,0,0,10,28
2020-06-15,US,Alabama,Washington,87,6,0,31.4092794,-88.20689944,1129.0,532.8923190003675,6.896551724137932,81,86,6,0,80,86,16378,1,0,0,1,0
2020-06-15,US,Alabama,Wilcox,223,8,0,31.98773215,-87.30891118,1131.0,2149.8120119541118,3.5874439461883414,215,221,8,0,213,216,10627,2,0,0,2,5
2020-06-15,US,Alabama,Winston,127,1,0,34.15030532,-87.37325922,1133.0,537.475136484828,0.7874015748031497,126,121,1,0,120,115,23660,6,0,0,6,6
2020-06-15,US,Alaska,Anchorage,320,6,0,61.14998174,-149.14269860000005,2020.0,111.11111111111113,1.875,314,319,6,0,313,315,291538,1,0,0,1,4
2020-06-15,US,Alaska,Bethel,4,0,0,60.90980451,-159.8561831,2050.0,21.755683672359403,0.0,4,4,0,0,4,4,18216,0,0,0,0,0
2020-06-15,US,Alaska,Fairbanks North Star,96,2,0,64.80726247,-146.5692662,2090.0,99.12337762909272,2.083333333333333,94,96,2,0,94,92,98971,0,0,0,0,4
2020-06-15,US,Alaska,Haines,1,0,0,59.09893571,-135.4679843,2100.0,39.52569169960474,0.0,1,1,0,0,1,1,2474,0,0,0,0,0
2020-06-15,US,Alaska,Juneau,37,0,0,58.45031811,-134.200436,2110.0,115.71902170513542,0.0,37,37,0,0,37,37,32113,0,0,0,0,0
2020-06-15,US,Alaska,Kenai Peninsula,109,2,0,60.24429722,-151.53888840000005,2122.0,185.66464536349392,1.834862385321101,107,108,2,0,106,108,58533,1,0,0,1,0
2020-06-15,US,Alaska,Ketchikan Gateway,19,0,0,55.57445008,-130.975561,2130.0,136.68081432990434,0.0,19,19,0,0,19,19,13918,0,0,0,0,0
2020-06-15,US,Alaska,Kodiak Island,2,0,0,57.65529415,-153.7493579,2150.0,15.386982612709648,0.0,2,2,0,0,2,2,13345,0,0,0,0,0
2020-06-15,US,Alaska,Matanuska-Susitna,45,1,0,62.31305045,-149.5741743,2170.0,41.54472520472317,2.2222222222222223,44,44,1,0,43,43,107610,1,0,0,1,1
2020-06-15,US,Alaska,Nome,5,0,0,64.90320724,-164.0353804,2180.0,49.980007996801284,0.0,5,5,0,0,5,5,10008,0,0,0,0,0
2020-06-15,US,Alaska,North Slope,1,0,0,69.31479216,-153.4836093,2185.0,10.17087062652563,0.0,1,1,0,0,1,1,9872,0,0,0,0,0
2020-06-15,US,Alaska,Northwest Arctic,4,0,0,67.04919196,-159.7503946,2188.0,52.48655032148013,0.0,4,4,0,0,4,4,7671,0,0,0,0,0
2020-06-15,US,Alaska,Petersburg,4,1,0,57.13978948,-132.9540995,2195.0,122.47397428046541,25.0,3,4,1,0,3,4,3221,0,0,0,0,0
2020-06-15,US,Alaska,Prince of Wales-Hyder,2,0,0,55.76261984,-133.0511621,2198.0,32.24246332419797,0.0,2,2,0,0,2,4,6422,0,0,0,0,-2
2020-06-15,US,Alaska,Sitka,8,0,0,57.24124555,-135.3206587,2220.0,94.19521959260568,0.0,8,8,0,0,8,8,8647,0,0,0,0,0
2020-06-15,US,Alaska,Southeast Fairbanks,3,0,0,63.87692095,-143.2127643,2240.0,43.52241404323227,0.0,3,3,0,0,3,3,6918,0,0,0,0,0
2020-06-15,US,Alaska,Wrangell,2,0,0,56.3202004,-132.05837309999998,2275.0,79.93605115907275,0.0,2,2,0,0,2,2,2503,0,0,0,0,0
2020-06-15,US,Alaska,Yukon-Koyukuk,1,0,0,65.50815459,-151.39073869999999,2290.0,19.120458891013385,0.0,1,1,0,0,1,1,5327,0,0,0,0,0
2020-06-15,US,Arizona,Apache,1975,56,0,35.39465006,-109.4892383,4001.0,2747.3673960521373,2.835443037974684,1919,1972,56,0,1916,1967,71818,3,0,0,3,5
2020-06-15,US,Arizona,Cochise,221,4,0,31.87934684,-109.7516088,4003.0,175.5054716411747,1.8099547511312215,217,216,4,0,212,206,126770,5,0,0,5,10
2020-06-15,US,Arizona,Coconino,1373,88,0,35.83883429,-111.77071780000001,4005.0,956.9544732220024,6.409322651128916,1285,1368,87,0,1281,1360,142854,5,1,0,4,8
2020-06-15,US,Arizona,Gila,87,3,0,33.80190085,-110.8132779,4007.0,161.05742530267688,3.4482758620689653,84,70,3,0,67,59,53889,17,0,0,17,11
2020-06-15,US,Arizona,Graham,50,1,0,32.93166885,-109.8882178,4009.0,128.743208795736,2.0,49,50,1,0,49,48,38072,0,0,0,0,2
2020-06-15,US,Arizona,Greenlee,12,1,0,33.21498827,-109.2405279,4011.0,126.34238787113077,8.333333333333334,11,11,1,0,10,11,9483,1,0,0,1,0
2020-06-15,US,Arizona,La Paz,222,1,0,33.72854224,-113.98100290000001,4012.0,1051.7339397384876,0.4504504504504505,221,221,1,0,220,221,21098,1,0,0,1,0
2020-06-15,US,Arizona,Maricopa,19372,557,0,33.34835867,-112.49181540000001,4013.0,431.8887844020641,2.875283914928763,18815,18692,551,0,18141,17791,4410824,680,6,0,674,901
2020-06-15,US,Arizona,Mohave,618,67,0,35.70471703,-113.7577902,4015.0,291.26076321631064,10.841423948220065,551,589,66,0,523,586,209550,29,1,0,28,3
2020-06-15,US,Arizona,Navajo,2636,86,0,35.3997715,-110.3218983,4017.0,2376.401860733475,3.262518968133536,2550,2619,86,0,2533,2590,110445,17,0,0,17,29
2020-06-15,US,Arizona,Pima,3944,223,0,32.0971334,-111.7890033,4019.0,376.594966575287,5.654158215010142,3721,3910,223,0,3687,3889,1039073,34,0,0,34,21
2020-06-15,US,Arizona,Pinal,1568,44,0,32.90525627,-111.3449483,4021.0,338.8153132421038,2.8061224489795915,1524,1500,44,0,1456,1500,447138,68,0,0,68,0
2020-06-15,US,Arizona,Santa Cruz,988,12,0,31.52508998,-110.8479088,4023.0,2124.822573013893,1.214574898785425,976,970,12,0,958,914,46511,18,0,0,18,56
2020-06-15,US,Arizona,Unassigned,0,2,0,0.0,0.0,90004.0,0.0,0.0,-2,0,2,0,-2,0,,0,0,0,0,0
2020-06-15,US,Arizona,Yavapai,374,7,0,34.59933926,-112.5538588,4025.0,159.08191868106627,1.8716577540106951,367,374,7,0,367,374,231993,0,0,0,0,0
2020-06-15,US,Arizona,Yuma,3404,51,0,32.76895712,-113.90666740000002,4027.0,1592.2390042425407,1.498237367802585,3353,3144,47,0,3097,3144,212128,260,4,0,256,0
2020-06-15,US,Arkansas,Arkansas,8,0,0,34.29145151,-91.37277296,5001.0,45.750886423424454,0.0,8,8,0,0,8,7,17769,0,0,0,0,1
2020-06-15,US,Arkansas,Ashley,45,1,0,33.19153461,-91.76984709999999,5003.0,228.92608231164468,2.2222222222222223,44,41,1,0,40,40,20046,4,0,0,4,1
2020-06-15,US,Arkansas,Baxter,14,0,0,36.28784385,-92.33782872,5005.0,33.38738910617189,0.0,14,14,0,0,14,14,41619,0,0,0,0,0
2020-06-15,US,Arkansas,Benton,1480,8,0,36.33644656,-94.25680817,5007.0,530.1980002937584,0.5405405405405406,1472,1406,7,0,1399,1362,272608,74,1,0,73,44
2020-06-15,US,Arkansas,Boone,10,0,0,36.3084504,-93.09374925,5009.0,26.715110066253477,0.0,10,9,0,0,9,9,37480,1,0,0,1,0
2020-06-15,US,Arkansas,Bradley,35,1,0,33.46755808,-92.15980837,5011.0,325.188144569358,2.8571428571428568,34,34,1,0,33,34,10897,1,0,0,1,0
2020-06-15,US,Arkansas,Carroll,88,1,0,36.34038560000001,-93.54270261,5015.0,310.07751937984494,1.1363636363636365,87,80,1,0,79,70,28223,8,0,0,8,10
2020-06-15,US,Arkansas,Chicot,54,2,0,33.26458973,-91.29539209,5017.0,533.7023127100217,3.703703703703704,52,49,2,0,47,43,10438,5,0,0,5,6
2020-06-15,US,Arkansas,Clark,48,0,0,34.04613432,-93.17484713,5019.0,215.05376344086025,0.0,48,45,0,0,45,45,22061,3,0,0,3,0
2020-06-15,US,Arkansas,Clay,20,0,0,36.36826212,-90.4148172,5021.0,137.44759810322316,0.0,20,20,0,0,20,18,14847,0,0,0,0,2
2020-06-15,US,Arkansas,Cleburne,75,4,0,35.53864922,-92.02640019,5023.0,300.9751595168345,5.333333333333333,71,75,4,0,71,75,24965,0,0,0,0,0
2020-06-15,US,Arkansas,Cleveland,20,0,0,33.89723187,-92.18537045,5025.0,251.3826043237808,0.0,20,20,0,0,20,19,8018,0,0,0,0,1
2020-06-15,US,Arkansas,Columbia,28,2,0,33.21230701,-93.22642793,5027.0,119.36735302894657,7.142857142857142,26,28,2,0,26,27,23537,0,0,0,0,1
2020-06-15,US,Arkansas,Conway,24,2,0,35.26205537,-92.70506566,5029.0,115.13000095941669,8.333333333333334,22,21,2,0,19,19,20891,3,0,0,3,2
2020-06-15,US,Arkansas,Craighead,363,2,0,35.83018283,-90.63235729,5031.0,329.0069970634086,0.5509641873278237,361,358,1,0,357,352,108558,5,1,0,4,6
2020-06-15,US,Arkansas,Crawford,61,0,0,35.58928601,-94.2446814,5033.0,96.43201542912249,0.0,61,56,0,0,56,51,63406,5,0,0,5,5
2020-06-15,US,Arkansas,Crittenden,537,9,0,35.21247318,-90.30839406,5035.0,1119.7998123240538,1.675977653631285,528,522,9,0,513,517,48342,15,0,0,15,5
2020-06-15,US,Arkansas,Cross,79,0,0,35.29631396,-90.77185818,5037.0,481.14988732565934,0.0,79,76,0,0,76,75,16676,3,0,0,3,1
2020-06-15,US,Arkansas,Dallas,3,0,0,33.97042763,-92.65167437,5039.0,42.802111570837496,0.0,3,3,0,0,3,3,7182,0,0,0,0,0
2020-06-15,US,Arkansas,Desha,22,0,0,33.83011025,-91.25500948,5041.0,193.6449256227445,0.0,22,22,0,0,22,20,11512,0,0,0,0,2
2020-06-15,US,Arkansas,Drew,26,1,0,33.59035001,-91.71777921,5043.0,142.7081618091004,3.8461538461538463,25,26,1,0,25,25,18328,0,0,0,0,1
2020-06-15,US,Arkansas,Faulkner,172,3,0,35.14719007,-92.33717519,5045.0,136.50035315498346,1.7441860465116281,169,154,3,0,151,147,124806,18,0,0,18,7
2020-06-15,US,Arkansas,Franklin,6,0,0,35.51202821,-93.89299569,5047.0,33.869602032176125,0.0,6,6,0,0,6,6,17810,0,0,0,0,0
2020-06-15,US,Arkansas,Fulton,9,0,0,36.38177105,-91.81729127,5049.0,72.1327242125511,0.0,9,9,0,0,9,9,12269,0,0,0,0,0
2020-06-15,US,Arkansas,Garland,165,1,0,34.57692074,-93.14921604,5051.0,166.0193588634214,0.6060606060606061,164,162,1,0,161,161,99154,3,0,0,3,1
2020-06-15,US,Arkansas,Grant,24,0,0,34.29017991,-92.42320562,5053.0,131.3988502600602,0.0,24,24,0,0,24,24,18188,0,0,0,0,0
2020-06-15,US,Arkansas,Greene,73,0,0,36.11735460000001,-90.55832668,5055.0,161.05901820187538,0.0,73,72,0,0,72,71,45325,1,0,0,1,1
2020-06-15,US,Arkansas,Hempstead,39,1,0,33.73325583,-93.66935133,5057.0,181.12576630131898,2.5641025641025643,38,36,1,0,35,34,21741,3,0,0,3,2
2020-06-15,US,Arkansas,Hot Spring,42,0,0,34.31709259,-92.95396325,5059.0,124.36706049569159,0.0,42,42,0,0,42,38,33701,0,0,0,0,4
2020-06-15,US,Arkansas,Howard,41,0,0,34.09007427,-93.9934871,5061.0,310.55900621118013,0.0,41,38,0,0,38,38,13341,3,0,0,3,0
2020-06-15,US,Arkansas,Independence,42,0,0,35.74242707,-91.57001641,5063.0,111.03767349636485,0.0,42,42,0,0,42,39,37678,0,0,0,0,3
2020-06-15,US,Arkansas,Izard,20,1,0,36.09604046,-91.90847954,5065.0,146.74590945777388,5.0,19,20,1,0,19,19,13593,0,0,0,0,1
2020-06-15,US,Arkansas,Jackson,16,0,0,35.59802983,-91.21494602,5067.0,95.69950355882528,0.0,16,15,0,0,15,16,16811,1,0,0,1,-1
2020-06-15,US,Arkansas,Jefferson,633,28,0,34.26767081,-91.92619839,5069.0,947.2644558841137,4.423380726698261,605,630,28,0,602,628,68114,3,0,0,3,2
2020-06-15,US,Arkansas,Johnson,92,0,0,35.56759135,-93.46036368,5071.0,346.1509519151178,0.0,92,88,0,0,88,84,26742,4,0,0,4,4
2020-06-15,US,Arkansas,Lafayette,11,1,0,33.24116713,-93.60677071,5073.0,166.06280193236714,9.090909090909092,10,11,1,0,10,11,6682,0,0,0,0,0
2020-06-15,US,Arkansas,Lawrence,91,9,0,36.04188196,-91.10867198,5075.0,554.6751188589542,9.89010989010989,82,91,9,0,82,90,16434,0,0,0,0,1
2020-06-15,US,Arkansas,Lee,543,1,0,34.78498904,-90.78383866,5077.0,6130.7440442587795,0.1841620626151013,542,545,1,0,544,481,8985,-2,0,0,-2,64
2020-06-15,US,Arkansas,Lincoln,995,11,0,33.95317155,-91.74002806,5079.0,7639.742014742014,1.105527638190955,984,995,11,0,984,987,13383,0,0,0,0,8
2020-06-15,US,Arkansas,Little River,34,0,0,33.70375665,-94.23468591,5081.0,277.34725507790193,0.0,34,34,0,0,34,34,12326,0,0,0,0,0
2020-06-15,US,Arkansas,Logan,20,0,0,35.21413234,-93.71951016,5083.0,93.17059536010436,0.0,20,19,0,0,19,18,21737,1,0,0,1,1
2020-06-15,US,Arkansas,Lonoke,73,0,0,34.75392199,-91.88742357,5085.0,99.57849650111172,0.0,73,71,0,0,71,70,73657,2,0,0,2,1
2020-06-15,US,Arkansas,Madison,119,0,0,36.01038185,-93.72524943,5087.0,717.9054054054054,0.0,119,111,0,0,111,107,16481,8,0,0,8,4
2020-06-15,US,Arkansas,Marion,2,0,0,36.26844485,-92.68451899,5089.0,11.980352222355338,0.0,2,2,0,0,2,2,16722,0,0,0,0,0
2020-06-15,US,Arkansas,Miller,71,1,0,33.31403423,-93.89285258,5091.0,164.13528446263032,1.4084507042253518,70,69,1,0,68,69,43592,2,0,0,2,0
2020-06-15,US,Arkansas,Mississippi,96,2,0,35.76271485,-90.05194370000002,5093.0,236.15655211433915,2.083333333333333,94,95,2,0,93,91,41239,1,0,0,1,4
2020-06-15,US,Arkansas,Monroe,7,0,0,34.6815935,-91.20540287,5095.0,104.46202059394122,0.0,7,7,0,0,7,7,6900,0,0,0,0,0
2020-06-15,US,Arkansas,Montgomery,2,0,0,34.53704874,-93.65824478,5097.0,22.2568439795237,0.0,2,2,0,0,2,2,8924,0,0,0,0,0
2020-06-15,US,Arkansas,Nevada,83,0,0,33.66340119,-93.30632432,5099.0,1005.8167716917113,0.0,83,80,0,0,80,74,8326,3,0,0,3,6
2020-06-15,US,Arkansas,Newton,3,0,0,35.91947491,-93.21612969,5101.0,38.6946988262608,0.0,3,3,0,0,3,3,7805,0,0,0,0,0
2020-06-15,US,Arkansas,Ouachita,15,0,0,33.58839816,-92.87795984,5103.0,64.15191172696946,0.0,15,14,0,0,14,13,23606,1,0,0,1,1
2020-06-15,US,Arkansas,Perry,16,0,0,34.945915299999996,-92.94372564,5105.0,153.0368244858919,0.0,16,16,0,0,16,16,10352,0,0,0,0,0
2020-06-15,US,Arkansas,Phillips,49,1,0,34.43268455,-90.84800154,5107.0,275.5595546057811,2.0408163265306123,48,39,1,0,38,36,18029,10,0,0,10,3
2020-06-15,US,Arkansas,Pike,7,0,0,34.16250414,-93.65789349,5109.0,65.31069229333829,0.0,7,7,0,0,7,7,10673,0,0,0,0,0
2020-06-15,US,Arkansas,Poinsett,51,3,0,35.57433534,-90.66268713,5111.0,216.7630057803468,5.882352941176472,48,50,3,0,47,50,23974,1,0,0,1,0
2020-06-15,US,Arkansas,Polk,56,0,0,34.48254879,-94.22728802,5113.0,280.50490883590464,0.0,56,53,0,0,53,51,20049,3,0,0,3,2
2020-06-15,US,Arkansas,Pope,281,2,0,35.44871474,-93.03212219,5115.0,438.5691097515296,0.7117437722419929,279,256,2,0,254,245,64000,25,0,0,25,11
2020-06-15,US,Arkansas,Prairie,7,0,0,34.83624419,-91.55162157,5117.0,86.82709005209625,0.0,7,7,0,0,7,7,8074,0,0,0,0,0
2020-06-15,US,Arkansas,Pulaski,1302,42,0,34.77054088,-92.31355101,5119.0,332.2182842533126,3.2258064516129035,1260,1289,42,0,1247,1266,392680,13,0,0,13,23
2020-06-15,US,Arkansas,Randolph,28,0,0,36.3415714,-91.02455531,5121.0,155.91936741285218,0.0,28,28,0,0,28,28,17948,0,0,0,0,0
2020-06-15,US,Arkansas,Saline,181,2,0,34.64916145,-92.67583224,5125.0,147.831129478834,1.1049723756906078,179,174,2,0,172,167,121421,7,0,0,7,7
2020-06-15,US,Arkansas,Scott,5,0,0,34.85588887,-94.0632176,5127.0,48.63340142009533,0.0,5,3,0,0,3,2,10319,2,0,0,2,1
2020-06-15,US,Arkansas,Searcy,7,0,0,35.9109364,-92.69936482,5129.0,88.82121558177894,0.0,7,7,0,0,7,7,7958,0,0,0,0,0
2020-06-15,US,Arkansas,Sebastian,165,2,0,35.19605503,-94.27162713,5131.0,129.08071064798514,1.2121212121212122,163,148,2,0,146,144,127753,17,0,0,17,4
2020-06-15,US,Arkansas,Sevier,465,5,0,33.99780401,-94.2424869,5133.0,2734.1682836479104,1.075268817204301,460,446,4,0,442,428,17139,19,1,0,18,18
2020-06-15,US,Arkansas,Sharp,50,3,0,36.16258158,-91.47819342,5135.0,286.6643733516798,6.0,47,50,3,0,47,50,17366,0,0,0,0,0
2020-06-15,US,Arkansas,St. Francis,778,2,0,35.02201976,-90.74828138,5123.0,3112.7470592942304,0.2570694087403599,776,775,2,0,773,771,25439,3,0,0,3,4
2020-06-15,US,Arkansas,Stone,11,0,0,35.86251946,-92.15684085,5137.0,87.95778026547258,0.0,11,11,0,0,11,11,12457,0,0,0,0,0
2020-06-15,US,Arkansas,Unassigned,344,0,0,0.0,0.0,90005.0,0.0,0.0,344,340,0,0,340,321,,4,0,0,4,19
2020-06-15,US,Arkansas,Union,208,11,0,33.16887091,-92.59746952,5139.0,537.7178015614496,5.288461538461538,197,203,11,0,192,202,39126,5,0,0,5,1
2020-06-15,US,Arkansas,Van Buren,30,2,0,35.58095779,-92.51295036,5141.0,181.3236627379873,6.666666666666668,28,30,2,0,28,30,16603,0,0,0,0,0
2020-06-15,US,Arkansas,Washington,1925,12,0,35.976844,-94.21800746,5143.0,804.8096259412092,0.6233766233766234,1913,1804,12,0,1792,1710,236961,121,0,0,121,94
2020-06-15,US,Arkansas,White,59,1,0,35.25688493,-91.74908296,5145.0,74.91778090993358,1.6949152542372878,58,58,1,0,57,56,78727,1,0,0,1,2
2020-06-15,US,Arkansas,Woodruff,5,0,0,35.18902527,-91.2439489,5147.0,79.11392405063293,0.0,5,4,0,0,4,3,6490,1,0,0,1,1
2020-06-15,US,Arkansas,Yell,308,2,0,35.00292371,-93.41171338,5149.0,1443.2313387376414,0.6493506493506493,306,303,2,0,301,289,21535,5,0,0,5,14
2020-06-15,US,California,Alameda,4373,112,0,37.64629437,-121.8929271,6001.0,261.648065701008,2.5611708209467183,4261,4320,112,0,4208,4217,1666753,53,0,0,53,103
2020-06-15,US,California,Alpine,2,0,0,38.59678594,-119.82235940000001,6003.0,177.14791851195747,0.0,2,2,0,0,2,2,1101,0,0,0,0,0
2020-06-15,US,California,Amador,11,0,0,38.44583082,-120.65696000000001,6005.0,27.67156369490843,0.0,11,10,0,0,10,10,39383,1,0,0,1,0
2020-06-15,US,California,Butte,82,1,0,39.66727762,-121.6005252,6007.0,37.41114852225963,1.2195121951219512,81,74,1,0,73,74,231256,8,0,0,8,0
2020-06-15,US,California,Calaveras,26,0,0,38.20537103,-120.55291299999999,6009.0,56.63871038013289,0.0,26,26,0,0,26,26,45602,0,0,0,0,0
2020-06-15,US,California,Colusa,7,0,0,39.17881957,-122.2331726,6011.0,32.48712117696199,0.0,7,7,0,0,7,7,21627,0,0,0,0,0
2020-06-15,US,California,Contra Costa,1983,44,0,37.91923498,-121.9289527,6013.0,171.90769865612046,2.218860312657589,1939,1959,44,0,1915,1921,1150215,24,0,0,24,38
2020-06-15,US,California,Del Norte,47,0,0,41.74228275,-123.89740630000001,6015.0,168.99180209981301,0.0,47,47,0,0,47,47,27828,0,0,0,0,0
2020-06-15,US,California,El Dorado,117,0,0,38.77965956,-120.5233166,6017.0,60.671115881831334,0.0,117,113,0,0,113,113,190678,4,0,0,4,0
2020-06-15,US,California,Fresno,2706,55,0,36.75733899,-119.6466953,6019.0,270.8434882959781,2.0325203252032518,2651,2547,52,0,2495,2547,994400,159,3,0,156,0
2020-06-15,US,California,Glenn,32,0,0,39.59875897,-122.3938452,6021.0,112.70383545240023,0.0,32,24,0,0,24,24,28047,8,0,0,8,0
2020-06-15,US,California,Humboldt,106,4,0,40.69923009,-123.876044,6023.0,78.19531123209254,3.7735849056603774,102,106,4,0,102,106,136373,0,0,0,0,0
2020-06-15,US,California,Imperial,4298,47,0,33.0393082,-115.36690420000001,6025.0,2371.7683414728367,1.093531875290833,4251,4157,43,0,4114,4157,181827,141,4,0,137,0
2020-06-15,US,California,Inyo,24,1,0,36.51112084,-117.41119779999998,6027.0,133.04506901712955,4.166666666666667,23,23,1,0,22,23,17987,1,0,0,1,0
2020-06-15,US,California,Kern,3367,53,0,35.34329425,-118.72777959999999,6029.0,374.02716279235113,1.574101574101574,3314,3281,53,0,3228,3195,896764,86,0,0,86,86
2020-06-15,US,California,Kings,1831,6,0,36.07409056,-119.8159973,6031.0,1197.2015169347455,0.3276897870016384,1825,1759,6,0,1753,1759,151366,72,0,0,72,0
2020-06-15,US,California,Lake,34,0,0,39.10124298,-122.75362439999999,6033.0,52.80651073214674,0.0,34,32,0,0,32,32,64382,2,0,0,2,0
2020-06-15,US,California,Lassen,9,0,0,40.67311306,-120.59350990000002,6035.0,29.43773918163085,0.0,9,9,0,0,9,9,30802,0,0,0,0,0
2020-06-15,US,California,Los Angeles,73832,2926,0,34.30828379,-118.22824109999999,6037.0,735.4438995420609,3.9630512514898686,70906,73018,2907,0,70111,72057,10105518,814,19,0,795,961
2020-06-15,US,California,Madera,226,3,0,37.21513971,-119.76655890000002,6039.0,143.64985031177102,1.327433628318584,223,198,3,0,195,198,157672,28,0,0,28,0
2020-06-15,US,California,Marin,751,17,0,38.07122463,-122.72106310000001,6041.0,290.15632123511546,2.2636484687083893,734,730,17,0,713,697,259666,21,0,0,21,33
2020-06-15,US,California,Mariposa,17,1,0,37.57978556,-119.9073334,6043.0,98.81997326047781,5.882352941176472,16,16,1,0,15,16,17471,1,0,0,1,0
2020-06-15,US,California,Mendocino,38,0,0,39.4381191,-123.39113130000001,6045.0,43.80453953359692,0.0,38,38,0,0,38,38,87606,0,0,0,0,0
2020-06-15,US,California,Merced,409,7,0,37.18922369,-120.72090349999999,6047.0,147.29184673004897,1.7114914425427872,402,409,7,0,402,409,274765,0,0,0,0,0
2020-06-15,US,California,Mono,37,1,0,37.93899289,-118.8872409,6051.0,256.1617280531709,2.702702702702702,36,37,1,0,36,37,14250,0,0,0,0,0
2020-06-15,US,California,Monterey,995,12,0,36.21862405,-121.24133970000001,6053.0,229.23045378414554,1.2060301507537687,983,949,12,0,937,899,435594,46,0,0,46,50
2020-06-15,US,California,Napa,190,3,0,38.50735751,-122.33283899999999,6055.0,137.93704262980603,1.5789473684210529,187,183,3,0,180,183,139417,7,0,0,7,0
2020-06-15,US,California,Nevada,55,1,0,39.30394768,-120.76272809999999,6057.0,55.13508094832339,1.818181818181818,54,52,1,0,51,52,99696,3,0,0,3,0
2020-06-15,US,California,Orange,8759,221,0,33.70147516,-117.76459979999998,6059.0,275.81390134811556,2.5231190775202648,8538,8573,221,0,8352,8269,3185968,186,0,0,186,304
2020-06-15,US,California,Placer,390,9,0,39.06167234,-120.72405690000001,6061.0,97.90901490978564,2.3076923076923075,381,372,9,0,363,358,393149,18,0,0,18,14
2020-06-15,US,California,Plumas,5,0,0,40.00355989,-120.8395236,6063.0,26.585845695751587,0.0,5,4,0,0,4,4,18804,1,0,0,1,0
2020-06-15,US,California,Riverside,11285,384,0,33.74314981,-115.9933578,6065.0,456.7816183143322,3.4027470093043863,10901,10490,383,0,10107,10490,2450758,795,1,0,794,0
2020-06-15,US,California,Sacramento,1794,63,0,38.45106826,-121.34253740000001,6067.0,115.58846383318148,3.5117056856187285,1731,1753,63,0,1690,1716,1540975,41,0,0,41,37
2020-06-15,US,California,San Benito,129,2,0,36.60308176,-121.069975,6069.0,205.3878486816966,1.5503875968992251,127,125,2,0,123,121,61537,4,0,0,4,4
2020-06-15,US,California,San Bernardino,7515,228,0,34.84060306,-116.1774685,6071.0,344.7113300628186,3.0339321357285427,7287,7359,229,0,7130,7161,2171603,156,-1,0,157,198
2020-06-15,US,California,San Diego,9610,320,0,33.03484597,-116.73653259999999,6073.0,287.868485140774,3.329864724245577,9290,9440,319,0,9121,9314,3343364,170,1,0,169,126
2020-06-15,US,California,San Francisco,2952,46,0,37.75215114,-122.43856720000001,6075.0,334.86510676094014,1.5582655826558265,2906,2928,45,0,2883,2906,883305,24,1,0,23,22
2020-06-15,US,California,San Joaquin,1716,42,0,37.93433732,-121.2730061,6077.0,225.15311986648263,2.4475524475524475,1674,1652,42,0,1610,1547,752660,64,0,0,64,105
2020-06-15,US,California,San Luis Obispo,347,1,0,35.38822029,-120.4039028,6079.0,122.56676709841723,0.2881844380403458,346,324,1,0,323,324,284010,23,0,0,23,0
2020-06-15,US,California,San Mateo,2594,99,0,37.422880799999994,-122.32755459999998,6081.0,338.3891684157934,3.816499614494989,2495,2553,99,0,2454,2533,769545,41,0,0,41,20
2020-06-15,US,California,Santa Barbara,2069,18,0,34.65329488,-120.0188492,6083.0,463.3828967142144,0.8699855002416627,2051,1971,18,0,1953,1971,446527,98,0,0,98,0
2020-06-15,US,California,Santa Clara,3230,151,0,37.23104908,-121.6970462,6085.0,167.5439815919479,4.674922600619195,3079,3197,151,0,3046,3157,1937570,33,0,0,33,40
2020-06-15,US,California,Santa Cruz,257,2,0,37.05580291,-122.0066524,6087.0,94.06580213972248,0.7782101167315175,255,257,2,0,255,255,274255,0,0,0,0,2
2020-06-15,US,California,Shasta,51,4,0,40.76391419,-122.0396884,6089.0,28.32074633496224,7.84313725490196,47,50,4,0,46,49,180040,1,0,0,1,1
2020-06-15,US,California,Sierra,1,0,0,39.57713498,-120.52007009999998,6091.0,33.277870216306155,0.0,1,1,0,0,1,1,2987,0,0,0,0,0
2020-06-15,US,California,Siskiyou,18,0,0,41.59198861,-122.54074340000001,6093.0,41.3422448838972,0.0,18,16,0,0,16,15,43724,2,0,0,2,1
2020-06-15,US,California,Solano,685,23,0,38.26827353,-121.9357113,6095.0,153.02372649633747,3.3576642335766422,662,657,23,0,634,657,446610,28,0,0,28,0
2020-06-15,US,California,Sonoma,758,4,0,38.52746429,-122.88625060000001,6097.0,153.33700155359918,0.5277044854881267,754,752,4,0,748,722,499942,6,0,0,6,30
2020-06-15,US,California,Stanislaus,1242,35,0,37.55862499,-120.9970722,6099.0,225.54752478843568,2.8180354267310785,1207,1212,34,0,1178,1110,549815,30,1,0,29,102
2020-06-15,US,California,Sutter,88,3,0,39.03417539,-121.6945899,6101.0,90.74878056326118,3.4090909090909087,85,86,2,0,84,83,96807,2,1,0,1,3
2020-06-15,US,California,Tehama,27,1,0,40.12570935,-122.23701709999999,6103.0,41.48485034724357,3.703703703703704,26,21,1,0,20,21,63916,6,0,0,6,0
2020-06-15,US,California,Trinity,2,0,0,40.64917670000001,-123.114713,6105.0,16.28001628001628,0.0,2,2,0,0,2,2,12535,0,0,0,0,0
2020-06-15,US,California,Tulare,2664,98,0,36.22026558,-118.8020203,6107.0,571.4347000718582,3.678678678678679,2566,2564,98,0,2466,2564,465861,100,0,0,100,0
2020-06-15,US,California,Tuolumne,9,0,0,38.02644018,-119.95250929999999,6109.0,16.520430265428246,0.0,9,9,0,0,9,8,54539,0,0,0,0,1
2020-06-15,US,California,Ventura,1633,41,0,34.44465746,-119.09106129999999,6111.0,193.02463575908445,2.5107164727495412,1592,1518,40,0,1478,1518,850967,115,1,0,114,0
2020-06-15,US,California,Yolo,255,24,0,38.68278902,-121.90182879999999,6113.0,115.64625850340136,9.411764705882351,231,253,40,0,213,252,220408,2,-16,0,18,1
2020-06-15,US,California,Yuba,36,1,0,39.26255932,-121.35356440000001,6115.0,45.76193623836885,2.7777777777777777,35,35,1,0,34,35,78041,1,0,0,1,0
2020-06-15,US,Colorado,Adams,3759,144,0,39.87432092,-104.3362578,8001.0,726.4877150328263,3.8308060654429372,3615,3743,144,0,3599,3729,511868,16,0,0,16,14
2020-06-15,US,Colorado,Alamosa,127,3,0,37.57250606,-105.7885451,8003.0,782.3569272469659,2.3622047244094486,124,118,2,0,116,116,16683,9,1,0,8,2
2020-06-15,US,Colorado,Arapahoe,4818,335,0,39.64977461,-104.3353617,8005.0,733.7912548165523,6.9530925695309245,4483,4803,335,0,4468,4788,651215,15,0,0,15,15
2020-06-15,US,Colorado,Archuleta,8,0,0,37.19474156,-107.0476867,8007.0,57.02473447858009,0.0,8,8,0,0,8,8,13765,0,0,0,0,0
2020-06-15,US,Colorado,Baca,12,0,0,37.31940883,-102.5603223,8009.0,335.1019268360793,0.0,12,12,0,0,12,12,3585,0,0,0,0,0
2020-06-15,US,Colorado,Bent,3,0,0,37.95474293,-103.0720195,8011.0,53.79236148466918,0.0,3,3,0,0,3,3,5882,0,0,0,0,0
2020-06-15,US,Colorado,Boulder,1088,70,0,40.09313619,-105.3546767,8013.0,333.54179695643114,6.4338235294117645,1018,1070,70,0,1000,1065,326078,18,0,0,18,5
2020-06-15,US,Colorado,Broomfield,265,28,0,39.95998787,-105.0566324,8014.0,376.0732278436103,10.566037735849056,237,264,28,0,236,264,69267,1,0,0,1,0
2020-06-15,US,Colorado,Chaffee,78,20,0,38.74745778,-106.19265729999998,8015.0,383.1794065631754,25.64102564102564,58,78,20,0,58,78,20027,0,0,0,0,0
2020-06-15,US,Colorado,Cheyenne,5,0,0,38.82777431,-102.6032558,8017.0,273.07482250136536,0.0,5,5,0,0,5,5,1876,0,0,0,0,0
2020-06-15,US,Colorado,Clear Creek,17,1,0,39.68864463,-105.6463118,8019.0,175.2577319587629,5.882352941176472,16,17,1,0,16,17,9605,0,0,0,0,0
2020-06-15,US,Colorado,Conejos,5,0,0,37.201606,-106.19174879999998,8021.0,60.93845216331505,0.0,5,5,0,0,5,5,8200,0,0,0,0,0
2020-06-15,US,Colorado,Costilla,15,0,0,37.27732493,-105.4276548,8023.0,385.9017236943658,0.0,15,14,0,0,14,14,3828,1,0,0,1,0
2020-06-15,US,Colorado,Crowley,68,1,0,38.32608609,-103.7844965,8025.0,1121.927074740142,1.4705882352941178,67,67,1,0,66,66,5858,1,0,0,1,1
2020-06-15,US,Colorado,Custer,2,0,0,38.10883162,-105.3683478,8027.0,39.463299131807425,0.0,2,2,0,0,2,2,4954,0,0,0,0,0
2020-06-15,US,Colorado,Delta,78,1,0,38.86246243,-107.8631342,8029.0,250.30485848148385,1.2820512820512822,77,77,1,0,76,76,30953,1,0,0,1,1
2020-06-15,US,Colorado,Denver,6376,364,0,39.76018276,-104.8725695,8031.0,876.7744162285775,5.7089084065244675,6012,6330,360,0,5970,6301,716492,46,4,0,42,29
2020-06-15,US,Colorado,Douglas,807,49,0,39.33133796,-104.930001,8035.0,229.81369997209202,6.0718711276332105,758,801,49,0,752,794,342776,6,0,0,6,7
2020-06-15,US,Colorado,Eagle,626,8,0,39.62754308,-106.6933637,8037.0,1135.5597075843057,1.2779552715654952,618,625,8,0,617,623,54993,1,0,0,1,2
2020-06-15,US,Colorado,El Paso,1941,103,0,38.83240149,-104.5251411,8041.0,269.4325259611634,5.306543019062339,1838,1932,102,0,1830,1925,713856,9,1,0,8,7
2020-06-15,US,Colorado,Elbert,54,2,0,39.28656773,-104.1358721,8039.0,202.02776011074118,3.703703703703704,52,54,2,0,52,54,26282,0,0,0,0,0
2020-06-15,US,Colorado,Fremont,29,0,0,38.47362326,-105.4399667,8043.0,60.61999623737954,0.0,29,29,0,0,29,29,48021,0,0,0,0,0
2020-06-15,US,Colorado,Garfield,193,2,0,39.59921777,-107.902708,8045.0,321.3399710294534,1.0362694300518134,191,184,2,0,182,181,59770,9,0,0,9,3
2020-06-15,US,Colorado,Gilpin,6,0,0,39.85646523,-105.5252597,8047.0,96.10764055742432,0.0,6,6,0,0,6,6,6121,0,0,0,0,0
2020-06-15,US,Colorado,Grand,17,0,0,40.10603347,-106.1178042,8049.0,108.04626922588028,0.0,17,16,0,0,16,15,15525,1,0,0,1,1
2020-06-15,US,Colorado,Gunnison,181,6,0,38.66611652,-107.0320729,8051.0,1036.536479212003,3.3149171270718236,175,181,6,0,175,181,17246,0,0,0,0,0
2020-06-15,US,Colorado,Hinsdale,3,0,0,37.82247444,-107.3004345,8053.0,365.8536585365854,0.0,3,3,0,0,3,3,811,0,0,0,0,0
2020-06-15,US,Colorado,Huerfano,3,0,0,37.68473101,-104.9612585,8055.0,43.497172683775545,0.0,3,3,0,0,3,3,6889,0,0,0,0,0
2020-06-15,US,Colorado,Jefferson,2466,198,0,39.58635604,-105.2517692,8059.0,423.0709184207411,8.02919708029197,2268,2458,197,0,2261,2458,580233,8,1,0,7,0
2020-06-15,US,Colorado,Kit Carson,31,3,0,39.30497777,-102.6022199,8063.0,436.80428350007037,9.677419354838712,28,31,3,0,28,30,7163,0,0,0,0,1
2020-06-15,US,Colorado,La Plata,85,1,0,37.28632032,-107.8429014,8067.0,151.18905746962878,1.1764705882352942,84,84,1,0,83,84,56310,1,0,0,1,0
2020-06-15,US,Colorado,Lake,39,0,0,39.20278823,-106.3555697,8065.0,479.8818752307125,0.0,39,39,0,0,39,38,7824,0,0,0,0,1
2020-06-15,US,Colorado,Larimer,652,27,0,40.66671597,-105.4625784,8069.0,182.6847371385182,4.141104294478526,625,647,27,0,620,641,350518,5,0,0,5,6
2020-06-15,US,Colorado,Las Animas,7,0,0,37.3153406,-104.0376458,8071.0,48.25589411278092,0.0,7,6,0,0,6,6,14503,1,0,0,1,0
2020-06-15,US,Colorado,Lincoln,3,0,0,38.98749519,-103.5136649,8073.0,52.62234695667427,0.0,3,3,0,0,3,3,5610,0,0,0,0,0
2020-06-15,US,Colorado,Logan,633,5,0,40.7249637,-103.110817,8075.0,2824.7579097683965,0.7898894154818326,628,633,5,0,628,632,21528,0,0,0,0,1
2020-06-15,US,Colorado,Mesa,72,0,0,39.01787888,-108.469799,8077.0,46.689579145321325,0.0,72,69,0,0,69,66,153207,3,0,0,3,3
2020-06-15,US,Colorado,Mineral,2,0,0,37.66954283,-106.9281698,8079.0,260.0780234070221,0.0,2,2,0,0,2,2,776,0,0,0,0,0
2020-06-15,US,Colorado,Moffat,8,0,0,40.61810999,-108.2070876,8081.0,60.22735827749755,0.0,8,8,0,0,8,8,13188,0,0,0,0,0
2020-06-15,US,Colorado,Montezuma,62,3,0,37.33859579,-108.5958857,8083.0,236.79486689836918,4.838709677419356,59,60,3,0,57,59,26158,2,0,0,2,1
2020-06-15,US,Colorado,Montrose,195,12,0,38.40214114,-108.26390220000002,8085.0,456.05500725010523,6.153846153846153,183,195,12,0,183,194,42214,0,0,0,0,1
2020-06-15,US,Colorado,Morgan,646,45,0,40.26279810000001,-103.8093302,8087.0,2222.375120407321,6.965944272445821,601,646,45,0,601,646,28558,0,0,0,0,0
2020-06-15,US,Colorado,Otero,22,1,0,37.9014485,-103.7173385,8089.0,120.3632782580151,4.545454545454546,21,22,1,0,21,22,18432,0,0,0,0,0
2020-06-15,US,Colorado,Ouray,8,1,0,38.14717457,-107.7675136,8091.0,161.55088852988692,12.5,7,8,1,0,7,8,4833,0,0,0,0,0
2020-06-15,US,Colorado,Park,23,0,0,39.120926,-105.7182065,8093.0,122.04828867073496,0.0,23,23,0,0,23,23,18556,0,0,0,0,0
2020-06-15,US,Colorado,Phillips,15,0,0,40.59414277,-102.3577703,8095.0,351.6998827667058,0.0,15,15,0,0,15,15,4286,0,0,0,0,0
2020-06-15,US,Colorado,Pitkin,67,2,0,39.21720112,-106.9310027,8097.0,377.1036190690606,2.985074626865672,65,65,2,0,63,65,17950,2,0,0,2,0
2020-06-15,US,Colorado,Prowers,16,0,0,37.95544985,-102.3926052,8099.0,131.44922773578705,0.0,16,16,0,0,16,16,12164,0,0,0,0,0
2020-06-15,US,Colorado,Pueblo,352,22,0,38.17359144,-104.5127437,8101.0,208.99634256400512,6.25,330,352,22,0,330,346,167529,0,0,0,0,6
2020-06-15,US,Colorado,Rio Blanco,1,0,0,39.97913541,-108.2179009,8103.0,15.812776723592664,0.0,1,1,0,0,1,1,6336,0,0,0,0,0
2020-06-15,US,Colorado,Rio Grande,54,0,0,37.5836865,-106.3847838,8105.0,479.27576107215765,0.0,54,53,0,0,53,53,11250,1,0,0,1,0
2020-06-15,US,Colorado,Routt,63,6,0,40.48596505,-106.9905548,8107.0,245.72899602153052,9.523809523809524,57,64,6,0,58,64,25733,-1,0,0,-1,0
2020-06-15,US,Colorado,Saguache,99,2,0,38.08054629,-106.282466,8109.0,1450.762016412661,2.0202020202020203,97,98,2,0,96,97,6843,1,0,0,1,1
2020-06-15,US,Colorado,San Juan,1,0,0,37.76248981,-107.67632890000002,8111.0,137.36263736263737,0.0,1,1,0,0,1,1,762,0,0,0,0,0
2020-06-15,US,Colorado,San Miguel,24,0,0,38.00450883,-108.4020725,8113.0,293.4344051840078,0.0,24,24,0,0,24,24,8191,0,0,0,0,0
2020-06-15,US,Colorado,Summit,257,2,0,39.63803232,-106.1150762,8117.0,828.7381896746316,0.7782101167315175,255,256,2,0,254,256,31007,1,0,0,1,0
2020-06-15,US,Colorado,Teller,38,2,0,38.88133511,-105.1614893,8119.0,149.67701276193478,5.2631578947368425,36,38,2,0,36,38,25083,0,0,0,0,0
2020-06-15,US,Colorado,Washington,44,0,0,39.97015535,-103.202587,8121.0,896.4955175224122,0.0,44,44,0,0,44,44,4909,0,0,0,0,0
2020-06-15,US,Colorado,Weld,2666,136,0,40.55499405,-104.3929621,8123.0,821.5919036524782,5.101275318829708,2530,2656,136,0,2520,2652,314305,10,0,0,10,4
2020-06-15,US,Colorado,Yuma,49,0,0,40.00346839,-102.4258673,8125.0,489.0707655454637,0.0,49,48,0,0,48,47,10020,1,0,0,1,1
2020-06-15,US,Connecticut,Fairfield,16338,1347,0,41.26809896,-73.3881171,9001.0,1731.9459108776125,8.244583180315827,14991,16306,1346,0,14960,16277,943823,32,1,0,31,29
2020-06-15,US,Connecticut,Hartford,11231,1328,0,41.80283011,-72.73103891,9003.0,1259.4760687211233,11.824414566823972,9903,11218,1327,0,9891,11189,892697,13,1,0,12,29
2020-06-15,US,Connecticut,Litchfield,1441,135,0,41.7937534,-73.2451475,9005.0,799.0772626197091,9.368494101318527,1306,1442,136,0,1306,1439,181111,-1,-1,0,0,3
2020-06-15,US,Connecticut,Middlesex,1233,171,0,41.45949668,-72.53714864,9007.0,759.0681868551306,13.86861313868613,1062,1229,171,0,1058,1223,162682,4,0,0,4,6
2020-06-15,US,Connecticut,New Haven,12055,1045,0,41.408032500000004,-72.93620426,9009.0,1410.3423546107254,8.66860223973455,11010,12034,1044,0,10990,12021,857620,21,1,0,20,13
2020-06-15,US,Connecticut,New London,1240,102,0,41.48896435,-72.10430976,9011.0,467.56106573757756,8.225806451612902,1138,1236,101,0,1135,1198,266784,4,1,0,3,38
2020-06-15,US,Connecticut,Tolland,888,62,0,41.85853803,-72.3308481,9013.0,589.1680654985039,6.981981981981982,826,888,62,0,826,885,150921,0,0,0,0,3
2020-06-15,US,Connecticut,Unassigned,342,0,0,0.0,0.0,90009.0,0.0,0.0,342,270,0,0,270,299,,72,0,0,72,-29
2020-06-15,US,Connecticut,Windham,467,14,0,41.82972709,-71.98182316,9015.0,399.8903940675789,2.9978586723768736,453,465,14,0,451,463,117027,2,0,0,2,2
2020-06-15,US,Delaware,Kent,1565,83,0,39.08646628,-75.56884914,10001.0,865.6643766663346,5.303514376996804,1482,1557,83,0,1474,1554,178550,8,0,0,8,3
2020-06-15,US,Delaware,New Castle,4345,190,0,39.57992638,-75.64054974,10003.0,777.6244601818692,4.372842347525892,4155,4287,189,0,4098,4259,559335,58,1,0,57,28
2020-06-15,US,Delaware,Sussex,4416,150,0,38.66143781,-75.39031349,10005.0,1885.3666346461735,3.3967391304347827,4266,4406,150,0,4256,4401,229286,10,0,0,10,5
2020-06-15,US,Delaware,Unassigned,14,0,0,0.0,0.0,90010.0,0.0,0.0,14,14,0,0,14,15,,0,0,0,0,-1
2020-06-15,US,District of Columbia,District of Columbia,9799,515,0,38.90417773,-77.01655992,11001.0,1388.4539687622653,5.255638330441882,9284,9767,515,0,9252,9709,702455,32,0,0,32,58
2020-06-15,US,Florida,Alachua,551,10,0,29.67866525,-82.35928158,12001.0,204.79997621198098,1.8148820326678765,541,541,10,0,531,531,269956,10,0,0,10,10
2020-06-15,US,Florida,Baker,30,4,0,30.33060121,-82.28467476,12003.0,102.70455323519344,13.333333333333336,26,30,4,0,26,30,28355,0,0,0,0,0
2020-06-15,US,Florida,Bay,153,4,0,30.26548745,-85.62122584,12005.0,87.57619987979739,2.6143790849673203,149,145,4,0,141,141,185287,8,0,0,8,4
2020-06-15,US,Florida,Bradford,52,2,0,29.95079741,-82.16611613,12007.0,184.39062444594163,3.8461538461538463,50,52,2,0,50,52,27732,0,0,0,0,0
2020-06-15,US,Florida,Brevard,565,15,0,28.29409504,-80.73091022,12009.0,93.8628638639603,2.6548672566371683,550,545,15,0,530,541,596849,20,0,0,20,4
2020-06-15,US,Florida,Broward,9086,358,0,26.15184651,-80.48725556,12011.0,465.28586454783897,3.9401276689412277,8728,8928,357,0,8571,8864,1951260,158,1,0,157,64
2020-06-15,US,Florida,Calhoun,66,5,0,30.40666734,-85.19394153,12013.0,467.9191775965969,7.575757575757576,61,66,5,0,61,66,14587,0,0,0,0,0
2020-06-15,US,Florida,Charlotte,537,73,0,26.90131002,-81.92949121,12015.0,284.26234714943627,13.594040968342645,464,532,73,0,459,529,184998,5,0,0,5,3
2020-06-15,US,Florida,Citrus,150,12,0,28.84804315,-82.47614748,12017.0,100.22919074951388,8.0,138,143,12,0,131,140,147929,7,0,0,7,3
2020-06-15,US,Florida,Clay,440,32,0,29.98319144,-81.85609986,12019.0,200.68231988761792,7.272727272727272,408,435,32,0,403,429,216072,5,0,0,5,6
2020-06-15,US,Florida,Collier,2592,60,0,26.11091986,-81.34687065,12021.0,673.4181687806248,2.314814814814815,2532,2526,60,0,2466,2435,378488,66,0,0,66,91
2020-06-15,US,Florida,Columbia,183,2,0,30.22509788,-82.62160164,12023.0,255.2799709845716,1.0928961748633879,181,182,2,0,180,177,70503,1,0,0,1,5
2020-06-15,US,Florida,DeSoto,387,10,0,27.18677893,-81.80941373,12027.0,1018.3942527828217,2.5839793281653747,377,361,10,0,351,348,37489,26,0,0,26,13
2020-06-15,US,Florida,Dixie,60,3,0,29.60631086,-83.15724673,12029.0,356.59099013431586,5.0,57,60,3,0,57,60,16700,0,0,0,0,0
2020-06-15,US,Florida,Duval,2032,57,0,30.33225875,-81.66976468,12031.0,212.16281825727876,2.8051181102362204,1975,1990,57,0,1933,1961,950181,42,0,0,42,29
2020-06-15,US,Florida,Escambia,999,38,0,30.67652764,-87.37284571,12033.0,313.83907814875784,3.803803803803804,961,985,38,0,947,961,315534,14,0,0,14,24
2020-06-15,US,Florida,Flagler,207,5,0,29.45933576,-81.31508595,12035.0,179.87330662750583,2.415458937198068,202,207,5,0,202,204,112067,0,0,0,0,3
2020-06-15,US,Florida,Franklin,2,0,0,29.83791238,-84.82731662,12037.0,16.49484536082474,0.0,2,2,0,0,2,3,11736,0,0,0,0,-1
2020-06-15,US,Florida,Gadsden,305,4,0,30.57796289,-84.61915825,12039.0,667.9807271134473,1.3114754098360657,301,304,4,0,300,301,45894,1,0,0,1,3
2020-06-15,US,Florida,Gilchrist,26,0,0,29.72856978,-82.79880657,12041.0,139.9203530298138,0.0,26,26,0,0,26,26,18256,0,0,0,0,0
2020-06-15,US,Florida,Glades,116,1,0,26.95635849,-81.18996211,12043.0,839.9102164940988,0.8620689655172413,115,114,1,0,113,110,13724,2,0,0,2,4
2020-06-15,US,Florida,Gulf,9,0,0,29.93543004,-85.24270990000002,12045.0,65.98724246645648,0.0,9,8,0,0,8,8,16164,1,0,0,1,0
2020-06-15,US,Florida,Hamilton,272,2,0,30.49673973,-82.94998918,12047.0,1885.223177155531,0.7352941176470589,270,271,2,0,269,271,14310,1,0,0,1,0
2020-06-15,US,Florida,Hardee,205,0,0,27.49293939,-81.80956574,12049.0,761.03500761035,0.0,205,196,0,0,196,189,27245,9,0,0,9,7
2020-06-15,US,Florida,Hendry,650,20,0,26.55386945,-81.16469006,12051.0,1546.8088144305366,3.0769230769230766,630,638,20,0,618,617,41556,12,0,0,12,21
2020-06-15,US,Florida,Hernando,141,5,0,28.55364461,-82.42700204,12053.0,72.71039603960395,3.5460992907801416,136,140,5,0,135,135,190865,1,0,0,1,5
2020-06-15,US,Florida,Highlands,172,9,0,27.34254618,-81.34071957,12055.0,161.92654936406169,5.232558139534883,163,171,9,0,162,170,105424,1,0,0,1,1
2020-06-15,US,Florida,Hillsborough,3826,99,0,27.9276559,-82.32013172,12057.0,259.9241287854084,2.5875588081547307,3727,3613,99,0,3514,3504,1436888,213,0,0,213,109
2020-06-15,US,Florida,Holmes,31,0,0,30.86747479,-85.81319222,12059.0,158.02620176377633,0.0,31,31,0,0,31,31,19477,0,0,0,0,0
2020-06-15,US,Florida,Indian River,216,12,0,27.69308961,-80.60556721,12061.0,135.06500003126504,5.5555555555555545,204,205,11,0,194,197,157413,11,1,0,10,8
2020-06-15,US,Florida,Jackson,320,1,0,30.795459700000002,-85.21500423,12063.0,689.4471495669411,0.3125,319,319,1,0,318,318,48305,1,0,0,1,1
2020-06-15,US,Florida,Jefferson,32,4,0,30.43669112,-83.89442308,12065.0,224.6244559876457,12.5,28,32,4,0,28,32,14288,0,0,0,0,0
2020-06-15,US,Florida,Lafayette,13,0,0,29.98484137,-83.18166636,12067.0,154.3576347660888,0.0,13,13,0,0,13,12,8732,0,0,0,0,1
2020-06-15,US,Florida,Lake,482,16,0,28.76202069,-81.7125123,12069.0,131.2929357863139,3.319502074688797,466,464,16,0,448,452,356495,18,0,0,18,12
2020-06-15,US,Florida,Lee,2877,132,0,26.58410348,-81.88399313,12071.0,373.3565886342312,4.588112617309697,2745,2836,132,0,2704,2634,754610,41,0,0,41,202
2020-06-15,US,Florida,Leon,474,8,0,30.45955727,-84.27491114,12073.0,161.45404009782615,1.6877637130801688,466,469,8,0,461,464,292502,5,0,0,5,5
2020-06-15,US,Florida,Levy,101,1,0,29.31829741,-82.74007147,12075.0,243.3559019829892,0.99009900990099,100,100,1,0,99,100,40770,1,0,0,1,0
2020-06-15,US,Florida,Liberty,220,1,0,30.23766008,-84.8829258,12077.0,2633.4689968877187,0.4545454545454545,219,219,1,0,218,218,8457,1,0,0,1,1
2020-06-15,US,Florida,Madison,82,3,0,30.44396917,-83.47398594,12079.0,443.41102038609205,3.6585365853658534,79,79,3,0,76,76,18529,3,0,0,3,3
2020-06-15,US,Florida,Manatee,1421,115,0,27.47196942,-82.31831044,12081.0,352.38423520717765,8.092892329345531,1306,1377,115,0,1262,1353,394855,44,0,0,44,24
2020-06-15,US,Florida,Marion,315,8,0,29.21227113,-82.05803627,12083.0,86.16468670246375,2.5396825396825395,307,311,8,0,303,310,359977,4,0,0,4,1
2020-06-15,US,Florida,Martin,1218,18,0,27.0772071,-80.43109784,12085.0,756.5217391304348,1.477832512315271,1200,1170,18,0,1152,1134,160912,48,0,0,48,36
2020-06-15,US,Florida,Miami-Dade,22197,826,0,25.6112362,-80.55170587,12086.0,816.9852849161189,3.7212235887732574,21371,21917,825,0,21092,21633,2761581,280,1,0,279,284
2020-06-15,US,Florida,Monroe,130,4,0,25.20904673,-81.07812416,12087.0,175.13606725224983,3.0769230769230766,126,129,4,0,125,128,75027,1,0,0,1,1
2020-06-15,US,Florida,Nassau,93,1,0,30.61037141,-81.80297522,12089.0,104.93653032440056,1.075268817204301,92,92,1,0,91,90,85832,1,0,0,1,2
2020-06-15,US,Florida,Okaloosa,337,6,0,30.69143028,-86.59267105,12091.0,159.91420626559994,1.7804154302670625,331,332,6,0,326,315,207269,5,0,0,5,17
2020-06-15,US,Florida,Okeechobee,189,0,0,27.386336199999995,-80.88944347,12093.0,448.20717131474106,0.0,189,183,0,0,183,166,41537,6,0,0,6,17
2020-06-15,US,Florida,Orange,3282,46,0,28.51367621,-81.31799498,12095.0,235.53017972632,1.4015843997562465,3236,3130,46,0,3084,2937,1380645,152,0,0,152,193
2020-06-15,US,Florida,Osceola,848,21,0,28.06312234,-81.14882926,12097.0,225.68136877879238,2.4764150943396226,827,838,21,0,817,810,367990,10,0,0,10,28
2020-06-15,US,Florida,Palm Beach,9015,429,0,26.64676272,-80.46536002,12099.0,602.2969460905817,4.7587354409317815,8586,8833,426,0,8407,8442,1485941,182,3,0,179,391
2020-06-15,US,Florida,Pasco,543,15,0,28.30810945,-82.40227529,12101.0,98.0238181631095,2.7624309392265194,528,521,15,0,506,500,539630,22,0,0,22,21
2020-06-15,US,Florida,Pinellas,2389,102,0,27.93130349,-82.72239666,12103.0,245.02664626316414,4.269568857262453,2287,2235,102,0,2133,2103,975280,154,0,0,154,132
2020-06-15,US,Florida,Polk,1509,75,0,27.95027105,-81.69732947,12105.0,208.20197108903838,4.970178926441352,1434,1466,75,0,1391,1414,708009,43,0,0,43,52
2020-06-15,US,Florida,Putnam,191,6,0,29.60779729,-81.74230285,12107.0,256.30359227600275,3.141361256544503,185,190,6,0,184,185,74163,1,0,0,1,5
2020-06-15,US,Florida,Santa Rosa,293,9,0,30.69341450000001,-87.02458128,12113.0,158.96871083428732,3.0716723549488054,284,291,9,0,282,285,179349,2,0,0,2,6
2020-06-15,US,Florida,Sarasota,780,91,0,27.18546175,-82.33174248,12115.0,179.83040609394524,11.666666666666664,689,767,91,0,676,741,426718,13,0,0,13,26
2020-06-15,US,Florida,Seminole,790,13,0,28.7158582,-81.24060348,12117.0,167.4346051298572,1.6455696202531649,777,759,13,0,746,709,467832,31,0,0,31,50
2020-06-15,US,Florida,St. Johns,315,6,0,29.90096506,-81.43589967,12109.0,119.0152339499456,1.9047619047619049,309,307,6,0,301,298,254261,8,0,0,8,9
2020-06-15,US,Florida,St. Lucie,926,36,0,27.37763908,-80.47106649,12111.0,282.06166976853274,3.887688984881209,890,883,36,0,847,830,321128,43,0,0,43,53
2020-06-15,US,Florida,Sumter,267,17,0,28.70181754,-82.0794267,12119.0,201.63117353874043,6.367041198501872,250,266,17,0,249,266,128754,1,0,0,1,0
2020-06-15,US,Florida,Suwannee,200,18,0,30.19746066,-82.99099670000003,12121.0,450.27804669383346,9.0,182,196,18,0,178,186,44191,4,0,0,4,10
2020-06-15,US,Florida,Taylor,59,0,0,30.04848048,-83.60445406,12123.0,273.5407297510316,0.0,59,54,0,0,54,53,21623,5,0,0,5,1
2020-06-15,US,Florida,Unassigned,97,0,0,0.0,0.0,90012.0,0.0,0.0,97,102,0,0,102,102,,-5,0,0,-5,0
2020-06-15,US,Florida,Union,38,1,0,30.04412971,-82.37497443,12125.0,249.39292511649282,2.631578947368421,37,38,1,0,37,39,14940,0,0,0,0,-1
2020-06-15,US,Florida,Volusia,946,48,0,29.05858895,-81.18263252,12127.0,170.9790993413871,5.073995771670191,898,928,47,0,881,914,547538,18,1,0,17,14
2020-06-15,US,Florida,Wakulla,35,1,0,30.16548905,-84.39895211,12129.0,103.7375144491538,2.8571428571428568,34,35,1,0,34,35,32461,0,0,0,0,0
2020-06-15,US,Florida,Walton,150,9,0,30.64204028,-86.16935664,12131.0,202.50840409877011,6.0,141,148,9,0,139,146,71375,2,0,0,2,2
2020-06-15,US,Florida,Washington,91,9,0,30.61359259,-85.66002461,12133.0,357.2410002748008,9.89010989010989,82,92,9,0,83,91,24880,-1,0,0,-1,1
2020-06-15,US,Georgia,Appling,204,13,0,31.74847232,-82.28909114,13001.0,1109.5398672903295,6.372549019607844,191,205,13,0,192,204,18507,-1,0,0,-1,1
2020-06-15,US,Georgia,Atkinson,76,2,0,31.29633502,-82.87545866,13003.0,930.8022045315373,2.631578947368421,74,75,2,0,73,70,8297,1,0,0,1,5
2020-06-15,US,Georgia,Bacon,177,3,0,31.55456473,-82.45936528,13005.0,1585.4532425653888,1.6949152542372878,174,176,3,0,173,174,11185,1,0,0,1,2
2020-06-15,US,Georgia,Baker,37,3,0,31.32669878,-84.44218806,13007.0,1217.906517445688,8.108108108108109,34,37,3,0,34,37,3092,0,0,0,0,0
2020-06-15,US,Georgia,Baldwin,429,32,0,33.06882326,-83.24701748,13009.0,955.6694141234128,7.459207459207459,397,426,31,0,395,423,44823,3,1,0,2,3
2020-06-15,US,Georgia,Banks,109,1,0,34.35607081,-83.49644388,13011.0,566.7047935946762,0.9174311926605504,108,108,1,0,107,108,18988,1,0,0,1,0
2020-06-15,US,Georgia,Barrow,388,23,0,33.99148694,-83.71436292,13013.0,466.122056703508,5.927835051546392,365,382,23,0,359,382,80809,6,0,0,6,0
2020-06-15,US,Georgia,Bartow,548,39,0,34.23732119,-84.83887523,13015.0,508.64133360559885,7.116788321167883,509,543,39,0,504,542,106408,5,0,0,5,1
2020-06-15,US,Georgia,Ben Hill,105,1,0,31.76095874,-83.22145359,13017.0,628.7425149700599,0.9523809523809524,104,104,1,0,103,102,16787,1,0,0,1,2
2020-06-15,US,Georgia,Berrien,73,0,0,31.27590016,-83.22529920000002,13019.0,376.34685776150945,0.0,73,68,0,0,68,66,19252,5,0,0,5,2
2020-06-15,US,Georgia,Bibb,542,36,0,32.80904227,-83.70489165,13021.0,353.8806077344459,6.6420664206642055,506,532,35,0,497,533,153095,10,1,0,9,-1
2020-06-15,US,Georgia,Bleckley,54,1,0,32.43829035,-83.33035166,13023.0,419.4826380797017,1.851851851851852,53,54,0,0,54,54,12838,0,1,0,-1,0
2020-06-15,US,Georgia,Brantley,69,2,0,31.19576557,-81.97743999,13025.0,361.086399078968,2.898550724637681,67,68,2,0,66,68,18897,1,0,0,1,0
2020-06-15,US,Georgia,Brooks,98,11,0,30.83922642,-83.58303423,13027.0,634.016950249078,11.224489795918366,87,96,10,0,86,93,15513,2,1,0,1,3
2020-06-15,US,Georgia,Bryan,86,5,0,32.00979311,-81.44002948,13029.0,217.02374643551116,5.813953488372092,81,86,5,0,81,85,38109,0,0,0,0,1
2020-06-15,US,Georgia,Bulloch,108,3,0,32.39577406,-81.74811421,13031.0,135.66475731082303,2.7777777777777777,105,96,3,0,93,95,77296,12,0,0,12,1
2020-06-15,US,Georgia,Burke,126,6,0,33.05917989,-81.99928721,13033.0,562.9272215520708,4.761904761904762,120,125,6,0,119,125,22423,1,0,0,1,0
2020-06-15,US,Georgia,Butts,245,32,0,33.283094500000004,-83.95435040000002,13035.0,982.5152390118704,13.06122448979592,213,245,32,0,213,243,24193,0,0,0,0,2
2020-06-15,US,Georgia,Calhoun,148,6,0,31.53169785,-84.62725131,13037.0,2391.3394732590077,4.0540540540540535,142,146,6,0,140,146,6352,2,0,0,2,0
2020-06-15,US,Georgia,Camden,75,1,0,30.92951916,-81.66601818,13039.0,137.19679508286686,1.3333333333333333,74,73,1,0,72,73,53677,2,0,0,2,0
2020-06-15,US,Georgia,Candler,17,0,0,32.40209349,-82.07702563,13043.0,157.36369526983245,0.0,17,17,0,0,17,17,10836,0,0,0,0,0
2020-06-15,US,Georgia,Carroll,614,37,0,33.58138199,-85.07976677,13045.0,511.7007800520035,6.026058631921824,577,614,37,0,577,611,118121,0,0,0,0,3
2020-06-15,US,Georgia,Catoosa,234,0,0,34.89872298,-85.13757014,13047.0,346.25628884285294,0.0,234,228,0,0,228,226,67420,6,0,0,6,2
2020-06-15,US,Georgia,Charlton,39,1,0,30.78371028,-82.13951596,13049.0,291.2186379928316,2.5641025641025643,38,38,1,0,37,38,12968,1,0,0,1,0
2020-06-15,US,Georgia,Chatham,636,31,0,32.00043026,-81.12489526,13051.0,219.74225201257644,4.8742138364779874,605,616,29,0,587,614,289195,20,2,0,18,2
2020-06-15,US,Georgia,Chattahoochee,252,0,0,32.34341231,-84.78809239,13053.0,2310.442834876685,0.0,252,251,0,0,251,251,10684,1,0,0,1,0
2020-06-15,US,Georgia,Chattooga,36,2,0,34.47197698,-85.34535662,13055.0,145.22570494977614,5.5555555555555545,34,34,2,0,32,34,24790,2,0,0,2,0
2020-06-15,US,Georgia,Cherokee,1040,38,0,34.24393976,-84.47431861,13057.0,401.8966430037137,3.6538461538461537,1002,1029,38,0,991,1017,254149,11,0,0,11,12
2020-06-15,US,Georgia,Clarke,348,15,0,33.95436462,-83.37124007,13059.0,271.1737616008603,4.310344827586206,333,342,15,0,327,341,127330,6,0,0,6,1
2020-06-15,US,Georgia,Clay,52,2,0,31.62221166,-84.97713865,13061.0,1834.8623853211009,3.8461538461538463,50,52,2,0,50,52,2887,0,0,0,0,0
2020-06-15,US,Georgia,Clayton,1440,72,0,33.54187245,-84.35594188,13063.0,492.7187123617649,5.0,1368,1431,69,0,1362,1427,289615,9,3,0,6,4
2020-06-15,US,Georgia,Clinch,80,2,0,30.91395822,-82.70432472,13065.0,1208.8244182532487,2.5,78,80,2,0,78,80,6648,0,0,0,0,0
2020-06-15,US,Georgia,Cobb,3618,217,0,33.94243204,-84.5761255,13067.0,475.9643276707873,5.997788833609729,3401,3581,216,0,3365,3557,756865,37,1,0,36,24
2020-06-15,US,Georgia,Coffee,346,14,0,31.54892966,-82.85492059999999,13069.0,799.574792595845,4.0462427745664735,332,344,14,0,330,330,43093,2,0,0,2,14
2020-06-15,US,Georgia,Colquitt,679,17,0,31.18810588,-83.7677946,13071.0,1489.0350877192984,2.503681885125184,662,662,17,0,645,657,45592,17,0,0,17,5
2020-06-15,US,Georgia,Columbia,301,8,0,33.54534185,-82.263524,13073.0,192.06963002667283,2.6578073089701,293,300,8,0,292,296,154291,1,0,0,1,4
2020-06-15,US,Georgia,Cook,75,1,0,31.16068491,-83.42947229,13075.0,434.2790966994789,1.3333333333333333,74,72,1,0,71,71,17162,3,0,0,3,1
2020-06-15,US,Georgia,Coweta,515,12,0,33.35334302,-84.76129976,13077.0,346.7803298116612,2.3300970873786406,503,511,11,0,500,509,145864,4,1,0,3,2
2020-06-15,US,Georgia,Crawford,32,0,0,32.71391813,-83.98061238,13079.0,257.9812963560142,0.0,32,32,0,0,32,34,12318,0,0,0,0,-2
2020-06-15,US,Georgia,Crisp,242,10,0,31.92289565,-83.76811843,13081.0,1081.7092794564637,4.132231404958676,232,242,10,0,232,242,22601,0,0,0,0,0
2020-06-15,US,Georgia,Dade,48,1,0,34.854916700000004,-85.50490424,13083.0,297.8406552494416,2.083333333333333,47,48,1,0,47,48,16226,0,0,0,0,0
2020-06-15,US,Georgia,Dawson,119,3,0,34.44244079,-84.16964071,13085.0,455.7989888156887,2.5210084033613445,116,118,3,0,115,118,25083,1,0,0,1,0
2020-06-15,US,Georgia,DeKalb,4355,148,0,33.76944049,-84.22396017,13089.0,573.5568558811638,3.3983926521239955,4207,4311,145,0,4166,4303,756558,44,3,0,41,8
2020-06-15,US,Georgia,Decatur,224,8,0,30.87967778,-84.57619536,13087.0,848.3563096500529,3.571428571428572,216,224,7,0,217,223,26575,0,1,0,-1,1
2020-06-15,US,Georgia,Dodge,56,2,0,32.17265114,-83.16948926,13091.0,271.77869449162824,3.571428571428572,54,54,2,0,52,54,20705,2,0,0,2,0
2020-06-15,US,Georgia,Dooly,191,12,0,32.15630737,-83.79746561,13093.0,1426.4376400298734,6.282722513089006,179,196,12,0,184,197,13706,-5,0,0,-5,-1
2020-06-15,US,Georgia,Dougherty,1839,150,0,31.53328528,-84.21722377,13095.0,2090.8181363408976,8.156606851549755,1689,1837,150,0,1687,1833,91243,2,0,0,2,4
2020-06-15,US,Georgia,Douglas,660,28,0,33.70291126,-84.77026156,13097.0,450.9952645497222,4.242424242424242,632,655,28,0,627,651,145331,5,0,0,5,4
2020-06-15,US,Georgia,Early,255,31,0,31.32155345,-84.90255207,13099.0,2502.4533856722283,12.15686274509804,224,255,31,0,224,255,10247,0,0,0,0,0
2020-06-15,US,Georgia,Echols,161,0,0,30.71101099,-82.89687287,13101.0,4018.971542685971,0.0,161,160,0,0,160,158,4000,1,0,0,1,2
2020-06-15,US,Georgia,Effingham,86,1,0,32.36616021,-81.34280942,13103.0,133.75637675749658,1.162790697674419,85,86,1,0,85,86,62190,0,0,0,0,0
2020-06-15,US,Georgia,Elbert,86,0,0,34.11302332,-82.83936148,13105.0,448.05668438053567,0.0,86,85,0,0,85,85,19120,1,0,0,1,0
2020-06-15,US,Georgia,Emanuel,53,2,0,32.59221302,-82.30239915,13107.0,234.03691601165767,3.7735849056603774,51,42,2,0,40,42,22612,11,0,0,11,0
2020-06-15,US,Georgia,Evans,8,0,0,32.15328841,-81.8870105,13109.0,75.08916838746009,0.0,8,7,0,0,7,7,10721,1,0,0,1,0
2020-06-15,US,Georgia,Fannin,67,1,0,34.86430205,-84.316964,13111.0,255.84237055139758,1.492537313432836,66,67,1,0,66,65,25964,0,0,0,0,2
2020-06-15,US,Georgia,Fayette,261,15,0,33.41357794,-84.49089434,13113.0,228.104980729062,5.747126436781608,246,261,14,0,247,260,113459,0,1,0,-1,1
2020-06-15,US,Georgia,Floyd,371,15,0,34.26268279,-85.21577392,13115.0,376.6573940587626,4.043126684636119,356,367,15,0,352,367,97927,4,0,0,4,0
2020-06-15,US,Georgia,Forsyth,598,13,0,34.22604035,-84.12315129999998,13117.0,244.829110918232,2.1739130434782608,585,595,13,0,582,594,236612,3,0,0,3,1
2020-06-15,US,Georgia,Franklin,140,1,0,34.37525597,-83.23159927,13119.0,599.597413165446,0.7142857142857143,139,138,1,0,137,137,23023,2,0,0,2,1
2020-06-15,US,Georgia,Fulton,5157,290,0,33.79216944,-84.46319413,13121.0,484.7091510117609,5.623424471592012,4867,5106,285,0,4821,5100,1050114,51,5,0,46,6
2020-06-15,US,Georgia,Gilmer,170,1,0,34.69316688,-84.45802506,13123.0,541.9363065446779,0.5882352941176471,169,168,1,0,167,169,30816,2,0,0,2,-1
2020-06-15,US,Georgia,Glascock,1,0,0,33.22879932,-82.61297636,13125.0,33.65870077415012,0.0,1,1,0,0,1,1,2995,0,0,0,0,0
2020-06-15,US,Georgia,Glynn,190,3,0,31.23279254,-81.53811412,13127.0,222.76415138582752,1.5789473684210529,187,189,2,0,187,186,85219,1,1,0,0,3
2020-06-15,US,Georgia,Gordon,256,18,0,34.50487351,-84.87296253,13129.0,441.66105964149546,7.03125,238,253,18,0,235,247,57685,3,0,0,3,6
2020-06-15,US,Georgia,Grady,139,4,0,30.87454847,-84.23418364,13131.0,564.2836844882879,2.8776978417266186,135,137,4,0,133,137,24748,2,0,0,2,0
2020-06-15,US,Georgia,Greene,86,8,0,33.5769205,-83.17139104,13133.0,469.32984064614715,9.30232558139535,78,86,8,0,78,86,17698,0,0,0,0,0
2020-06-15,US,Georgia,Gwinnett,5308,155,0,33.96044201,-84.02137802,13135.0,566.9425901201602,2.920120572720422,5153,5172,152,0,5020,5141,927781,136,3,0,133,31
2020-06-15,US,Georgia,Habersham,596,31,0,34.63331566,-83.53094677,13137.0,1314.8605718319802,5.201342281879196,565,593,30,0,563,590,45388,3,1,0,2,3
2020-06-15,US,Georgia,Hall,2755,55,0,34.32207823,-83.81896936,13139.0,1347.5770515698905,1.996370235934664,2700,2747,55,0,2692,2740,202148,8,0,0,8,7
2020-06-15,US,Georgia,Hancock,202,30,0,33.2721566,-82.99766919,13141.0,2388.553860707107,14.851485148514852,172,202,30,0,172,201,8348,0,0,0,0,1
2020-06-15,US,Georgia,Haralson,57,4,0,33.79602175,-85.21005667,13143.0,191.3265306122449,7.0175438596491215,53,57,4,0,53,57,29533,0,0,0,0,0
2020-06-15,US,Georgia,Harris,203,6,0,32.73709786,-84.90538572,13145.0,576.1153365875807,2.955665024630542,197,201,6,0,195,196,34475,2,0,0,2,5
2020-06-15,US,Georgia,Hart,44,0,0,34.34626973,-82.96567682,13147.0,167.90688799847356,0.0,44,43,0,0,43,41,26099,1,0,0,1,2
2020-06-15,US,Georgia,Heard,43,3,0,33.29686567,-85.12886832,13149.0,360.64748804831004,6.9767441860465125,40,43,3,0,40,42,11879,0,0,0,0,1
2020-06-15,US,Georgia,Henry,852,30,0,33.4533428,-84.14814659999998,13151.0,363.23173929169815,3.5211267605633805,822,841,29,0,812,839,230220,11,1,0,10,2
2020-06-15,US,Georgia,Houston,446,20,0,32.45802497,-83.66879087,13153.0,282.52345388089674,4.484304932735426,426,431,20,0,411,421,155469,15,0,0,15,10
2020-06-15,US,Georgia,Irwin,38,1,0,31.60213036,-83.27501387,13155.0,403.5683942225998,2.631578947368421,37,38,1,0,37,36,9398,0,0,0,0,2
2020-06-15,US,Georgia,Jackson,262,7,0,34.13794553,-83.56814788,13157.0,359.01722460501253,2.6717557251908395,255,260,7,0,253,260,70422,2,0,0,2,0
2020-06-15,US,Georgia,Jasper,56,1,0,33.31535543,-83.68844964,13159.0,393.83922920036565,1.7857142857142858,55,56,1,0,55,56,14040,0,0,0,0,0
2020-06-15,US,Georgia,Jeff Davis,55,2,0,31.80405727,-82.63724870000001,13161.0,363.87694343367514,3.636363636363636,53,54,2,0,52,54,15029,1,0,0,1,0
2020-06-15,US,Georgia,Jefferson,56,1,0,33.05867328,-82.41609057,13163.0,364.53586772555656,1.7857142857142858,55,54,1,0,53,54,15430,2,0,0,2,0
2020-06-15,US,Georgia,Jenkins,45,6,0,32.79248718,-81.96040187,13165.0,518.6721991701245,13.333333333333336,39,45,6,0,39,44,8683,0,0,0,0,1
2020-06-15,US,Georgia,Johnson,77,2,0,32.70211082,-82.66166794,13167.0,798.5066887897957,2.5974025974025974,75,77,2,0,75,77,9708,0,0,0,0,0
2020-06-15,US,Georgia,Jones,51,0,0,33.02512137,-83.56019163,13169.0,177.4839046459022,0.0,51,51,0,0,51,51,28616,0,0,0,0,0
2020-06-15,US,Georgia,Lamar,79,5,0,33.07841647,-84.14263877,13171.0,414.11123342244593,6.329113924050633,74,79,5,0,74,79,19000,0,0,0,0,0
2020-06-15,US,Georgia,Lanier,98,2,0,31.03828570000001,-83.06472457,13173.0,940.2283411685696,2.0408163265306123,96,98,2,0,96,96,10340,0,0,0,0,2
2020-06-15,US,Georgia,Laurens,118,1,0,32.46325233,-82.92221316,13175.0,248.18070920792496,0.8474576271186439,117,117,1,0,116,117,47325,1,0,0,1,0
2020-06-15,US,Georgia,Lee,374,22,0,31.779330600000005,-84.14324253,13177.0,1246.9991997866098,5.882352941176472,352,372,22,0,350,372,29764,2,0,0,2,0
2020-06-15,US,Georgia,Liberty,95,1,0,31.82588896,-81.49251135,13179.0,154.6349800602263,1.0526315789473684,94,95,1,0,94,95,61497,0,0,0,0,0
2020-06-15,US,Georgia,Lincoln,18,1,0,33.79201475,-82.45024131,13181.0,227.24403484408532,5.5555555555555545,17,17,1,0,16,17,7915,1,0,0,1,0
2020-06-15,US,Georgia,Long,24,1,0,31.75218791,-81.74952375,13183.0,122.7056597985582,4.166666666666667,23,24,1,0,23,23,18998,0,0,0,0,1
2020-06-15,US,Georgia,Lowndes,651,4,0,30.83568832,-83.27056716,13185.0,554.4861421051735,0.6144393241167435,647,624,4,0,620,618,116321,27,0,0,27,6
2020-06-15,US,Georgia,Lumpkin,107,1,0,34.57286511,-84.00425681,13187.0,318.3576316572449,0.9345794392523364,106,107,1,0,106,107,32955,0,0,0,0,0
2020-06-15,US,Georgia,Macon,116,8,0,32.35207048,-84.04234127,13193.0,895.9604541592647,6.896551724137932,108,110,8,0,102,109,13143,6,0,0,6,1
2020-06-15,US,Georgia,Madison,73,2,0,34.12920917,-83.21218732,13195.0,244.31057563587686,2.7397260273972597,71,73,2,0,71,73,29650,0,0,0,0,0
2020-06-15,US,Georgia,Marion,62,2,0,32.3483402,-84.52733571,13197.0,741.7155162100729,3.2258064516129035,60,62,2,0,60,62,8351,0,0,0,0,0
2020-06-15,US,Georgia,McDuffie,74,5,0,33.47851918,-82.48252774,13189.0,347.22222222222223,6.756756756756758,69,74,5,0,69,73,21531,0,0,0,0,1
2020-06-15,US,Georgia,McIntosh,19,1,0,31.49683595,-81.40163426,13191.0,132.14633467798024,5.2631578947368425,18,19,1,0,18,19,14340,0,0,0,0,0
2020-06-15,US,Georgia,Meriwether,127,3,0,33.04163534,-84.68859732,13199.0,599.9905513299003,2.3622047244094486,124,125,3,0,122,125,21068,2,0,0,2,0
2020-06-15,US,Georgia,Miller,45,0,0,31.16568912,-84.73151117,13201.0,786.9884575026233,0.0,45,45,0,0,45,45,5686,0,0,0,0,0
2020-06-15,US,Georgia,Mitchell,432,37,0,31.22483255,-84.19381821,13205.0,1975.9410876823856,8.564814814814815,395,431,37,0,394,428,22192,1,0,0,1,3
2020-06-15,US,Georgia,Monroe,131,14,0,33.014289,-83.92097166,13207.0,475.0163173544128,10.687022900763358,117,130,14,0,116,127,27520,1,0,0,1,3
2020-06-15,US,Georgia,Montgomery,21,0,0,32.17201038,-82.53527476,13209.0,228.95769733972958,0.0,21,21,0,0,21,21,9193,0,0,0,0,0
2020-06-15,US,Georgia,Morgan,40,0,0,33.59232073,-83.49129491,13211.0,207.5119319360863,0.0,40,40,0,0,40,40,18853,0,0,0,0,0
2020-06-15,US,Georgia,Murray,143,1,0,34.78897608,-84.74993177,13213.0,356.64405426975264,0.6993006993006993,142,142,1,0,141,135,39921,1,0,0,1,7
2020-06-15,US,Georgia,Muscogee,1022,28,0,32.50931999,-84.87142262,13215.0,522.043837379769,2.7397260273972597,994,1006,26,0,980,988,194160,16,2,0,14,18
2020-06-15,US,Georgia,Newton,420,11,0,33.55514538,-83.84547140000002,13217.0,375.8591065292096,2.619047619047619,409,415,11,0,404,415,109541,5,0,0,5,0
2020-06-15,US,Georgia,Oconee,130,9,0,33.83749973,-83.43679568,13219.0,322.7408142999007,6.9230769230769225,121,128,9,0,119,128,39272,2,0,0,2,0
2020-06-15,US,Georgia,Oglethorpe,75,7,0,33.878629600000004,-83.08278123,13221.0,491.5132053214497,9.333333333333334,68,72,7,0,65,72,15054,3,0,0,3,0
2020-06-15,US,Georgia,Out of GA,2909,37,0,0.0,0.0,80013.0,0.0,1.2719147473358543,2872,2807,35,0,2772,2623,,102,2,0,100,184
2020-06-15,US,Georgia,Paulding,408,13,0,33.91969522,-84.86848792,13223.0,241.8967551447527,3.1862745098039214,395,405,13,0,392,402,164044,3,0,0,3,3
2020-06-15,US,Georgia,Peach,91,8,0,32.56934316,-83.82937,13225.0,330.3564945908662,8.791208791208794,83,90,8,0,82,86,27297,1,0,0,1,4
2020-06-15,US,Georgia,Pickens,68,4,0,34.46589159,-84.46406611,13227.0,208.6465588659446,5.882352941176472,64,65,4,0,61,65,31980,3,0,0,3,0
2020-06-15,US,Georgia,Pierce,131,4,0,31.35928155,-82.21598442,13229.0,673.0028255843822,3.053435114503817,127,128,4,0,124,128,19389,3,0,0,3,0
2020-06-15,US,Georgia,Pike,70,3,0,33.09310242,-84.38790389,13231.0,369.15937137432763,4.285714285714286,67,69,3,0,66,69,18634,1,0,0,1,0
2020-06-15,US,Georgia,Polk,165,1,0,34.00267074,-85.18677781,13233.0,387.2057822730153,0.6060606060606061,164,164,1,0,163,164,42470,1,0,0,1,0
2020-06-15,US,Georgia,Pulaski,46,2,0,32.23334561,-83.47549959999998,13235.0,413.0376223399479,4.3478260869565215,44,46,2,0,44,46,11069,0,0,0,0,0
2020-06-15,US,Georgia,Putnam,112,12,0,33.32056115,-83.37552891,13237.0,506.35200506352,10.714285714285714,100,109,11,0,98,109,21809,3,1,0,2,0
2020-06-15,US,Georgia,Quitman,14,1,0,31.86728114,-85.01773177,13239.0,608.9604175728578,7.142857142857142,13,14,1,0,13,14,2279,0,0,0,0,0
2020-06-15,US,Georgia,Rabun,32,3,0,34.88389445,-83.40304637,13241.0,186.7304662426329,9.375,29,31,2,0,29,31,16867,1,1,0,0,0
2020-06-15,US,Georgia,Randolph,191,22,0,31.76622818,-84.75732369,13243.0,2817.9403953968717,11.518324607329845,169,190,21,0,169,190,6833,1,1,0,0,0
2020-06-15,US,Georgia,Richmond,682,38,0,33.35777107,-82.07026432,13245.0,336.76018921774846,5.571847507331379,644,669,36,0,633,666,201554,13,2,0,11,3
2020-06-15,US,Georgia,Rockdale,345,9,0,33.65145002,-84.02202167,13247.0,379.55465587044523,2.608695652173913,336,340,9,0,331,338,90594,5,0,0,5,2
2020-06-15,US,Georgia,Schley,19,1,0,32.2654021,-84.31258912,13249.0,361.4228647517596,5.2631578947368425,18,18,1,0,17,18,5236,1,0,0,1,0
2020-06-15,US,Georgia,Screven,63,4,0,32.74976524,-81.60779441,13251.0,451.09551768580843,6.349206349206349,59,62,4,0,58,62,13938,1,0,0,1,0
2020-06-15,US,Georgia,Seminole,48,2,0,30.93464824,-84.86823924,13253.0,593.3250927070458,4.166666666666667,46,48,2,0,46,48,8315,0,0,0,0,0
2020-06-15,US,Georgia,Spalding,317,24,0,33.26310031,-84.28013991,13255.0,475.2409936584562,7.570977917981073,293,314,24,0,290,313,66100,3,0,0,3,1
2020-06-15,US,Georgia,Stephens,153,5,0,34.55151201,-83.29405315,13257.0,590.1639344262295,3.2679738562091503,148,152,4,0,148,152,26035,1,1,0,0,0
2020-06-15,US,Georgia,Stewart,63,1,0,32.07996777,-84.83208037,13259.0,951.51789759855,1.5873015873015872,62,62,1,0,61,62,6199,1,0,0,1,0
2020-06-15,US,Georgia,Sumter,512,50,0,32.03650571,-84.19821492,13261.0,1734.1823601138058,9.765625,462,508,50,0,458,506,29733,4,0,0,4,2
2020-06-15,US,Georgia,Talbot,47,2,0,32.69642758,-84.53351366,13263.0,758.6763518966908,4.25531914893617,45,46,2,0,44,45,6272,1,0,0,1,1
2020-06-15,US,Georgia,Taliaferro,2,0,0,33.56543317,-82.88136816,13265.0,130.1236174365647,0.0,2,2,0,0,2,2,1608,0,0,0,0,0
2020-06-15,US,Georgia,Tattnall,56,0,0,32.04785085,-82.05539188,13267.0,221.46642410820218,0.0,56,46,0,0,46,46,25391,10,0,0,10,0
2020-06-15,US,Georgia,Taylor,26,2,0,32.55792548,-84.25077141,13269.0,324.18952618453864,7.6923076923076925,24,26,2,0,24,26,8039,0,0,0,0,0
2020-06-15,US,Georgia,Telfair,54,2,0,31.92829517,-82.93491155,13271.0,340.4791929382093,3.703703703703704,52,54,1,0,53,51,15876,0,1,0,-1,3
2020-06-15,US,Georgia,Terrell,218,26,0,31.77527543,-84.44069698,13273.0,2555.386238424569,11.926605504587155,192,218,26,0,192,218,8611,0,0,0,0,0
2020-06-15,US,Georgia,Thomas,364,33,0,30.86392347,-83.91847289,13275.0,818.8792153157408,9.065934065934067,331,362,33,0,329,361,44448,2,0,0,2,1
2020-06-15,US,Georgia,Tift,423,22,0,31.45743864,-83.5236119,13277.0,1040.7440212577503,5.200945626477542,401,393,22,0,371,385,40571,30,0,0,30,8
2020-06-15,US,Georgia,Toombs,108,4,0,32.12059861,-82.32957247,13279.0,402.53447633246367,3.703703703703704,104,102,4,0,98,101,26887,6,0,0,6,1
2020-06-15,US,Georgia,Towns,35,1,0,34.91369188,-83.74107459999998,13281.0,290.7701254465398,2.8571428571428568,34,35,1,0,34,32,11852,0,0,0,0,3
2020-06-15,US,Georgia,Treutlen,17,0,0,32.40422134,-82.56904553,13283.0,246.3411099840603,0.0,17,17,0,0,17,17,6809,0,0,0,0,0
2020-06-15,US,Georgia,Troup,792,23,0,33.03349196,-85.02812115,13285.0,1132.6907125082237,2.904040404040404,769,759,23,0,736,733,70034,33,0,0,33,26
2020-06-15,US,Georgia,Turner,153,14,0,31.71612656,-83.62069378,13287.0,1916.0926737633065,9.150326797385619,139,151,14,0,137,150,7912,2,0,0,2,1
2020-06-15,US,Georgia,Twiggs,22,1,0,32.67435595,-83.43078662,13289.0,270.935960591133,4.545454545454546,21,21,1,0,20,21,8188,1,0,0,1,0
2020-06-15,US,Georgia,Unassigned,1551,5,0,0.0,0.0,90013.0,0.0,0.3223726627981947,1546,1675,3,0,1672,1297,,-124,2,0,-126,378
2020-06-15,US,Georgia,Union,54,3,0,34.82995757,-83.98967069,13291.0,220.30924890865325,5.5555555555555545,51,53,2,0,51,53,24001,1,1,0,0,0
2020-06-15,US,Georgia,Upson,295,40,0,32.87920671,-84.30024826,13293.0,1120.820668693009,13.559322033898303,255,295,40,0,255,295,26215,0,0,0,0,0
2020-06-15,US,Georgia,Walker,225,2,0,34.73376362,-85.30165174,13295.0,322.52978024970975,0.8888888888888888,223,219,2,0,217,219,69410,6,0,0,6,0
2020-06-15,US,Georgia,Walton,327,23,0,33.78017694,-83.73552314,13297.0,345.6915416574165,7.033639143730888,304,324,22,0,302,324,93503,3,1,0,2,0
2020-06-15,US,Georgia,Ware,286,14,0,31.05449097,-82.42224148,13299.0,800.3582022723457,4.895104895104895,272,268,14,0,254,267,35680,18,0,0,18,1
2020-06-15,US,Georgia,Warren,20,0,0,33.41146451,-82.67795848,13301.0,380.6623524933384,0.0,20,19,0,0,19,19,5251,1,0,0,1,0
2020-06-15,US,Georgia,Washington,76,1,0,32.96711864,-82.79357039,13303.0,373.0244429174438,1.3157894736842106,75,75,1,0,74,76,20386,1,0,0,1,-1
2020-06-15,US,Georgia,Wayne,39,0,0,31.5521809,-81.91894878,13305.0,130.31710495539144,0.0,39,35,0,0,35,35,29808,4,0,0,4,0
2020-06-15,US,Georgia,Webster,15,1,0,32.04066113,-84.54742852,13307.0,575.3739930955121,6.666666666666668,14,14,1,0,13,14,2611,1,0,0,1,0
2020-06-15,US,Georgia,Wheeler,28,0,0,32.12009104,-82.72574721,13309.0,356.46085295989815,0.0,28,27,0,0,27,23,7879,1,0,0,1,4
2020-06-15,US,Georgia,White,124,4,0,34.64624278,-83.74905525,13311.0,402.6235469835704,3.2258064516129035,120,124,3,0,121,124,29970,0,1,0,-1,0
2020-06-15,US,Georgia,Whitfield,618,10,0,34.80987459,-84.96093476,13313.0,590.6640669801583,1.6181229773462784,608,589,10,0,579,575,104062,29,0,0,29,14
2020-06-15,US,Georgia,Wilcox,118,14,0,31.97496928,-83.43438555,13315.0,1366.5315576143598,11.864406779661017,104,118,14,0,104,118,8812,0,0,0,0,0
2020-06-15,US,Georgia,Wilkes,39,1,0,33.78290391,-82.74286107,13317.0,398.8953666768948,2.5641025641025643,38,36,1,0,35,36,9876,3,0,0,3,0
2020-06-15,US,Georgia,Wilkinson,73,7,0,32.80291082,-83.17140684,13319.0,815.2780880053607,9.58904109589041,66,73,7,0,66,73,9036,0,0,0,0,0
2020-06-15,US,Georgia,Worth,260,21,0,31.55162306,-83.85090513,13321.0,1284.1408603743764,8.076923076923077,239,256,21,0,235,256,20299,4,0,0,4,0
2020-06-15,US,Hawaii,Hawaii,82,0,0,19.60121157,-155.5210167,15001.0,40.69216378099676,0.0,82,82,0,0,82,81,200983,0,0,0,0,1
2020-06-15,US,Hawaii,Honolulu,501,11,0,21.45803166,-157.97121819999995,15003.0,51.40765655991455,2.1956087824351296,490,493,11,0,482,489,980080,8,0,0,8,4
2020-06-15,US,Hawaii,Kauai,21,0,0,22.03935037,-159.5966786,15007.0,29.04845559044444,0.0,21,21,0,0,21,21,72133,0,0,0,0,0
2020-06-15,US,Hawaii,Maui,120,6,0,20.86399628,-156.56890969999995,15009.0,71.67730875598058,5.0,114,120,6,0,114,120,167207,0,0,0,0,0
2020-06-15,US,Hawaii,Out of HI,12,0,0,0.0,0.0,80015.0,0.0,0.0,12,12,0,0,12,12,,0,0,0,0,0
2020-06-15,US,Idaho,Ada,892,22,0,43.4526575,-116.24155159999998,16001.0,185.22094657870747,2.4663677130044843,870,892,22,0,870,877,469966,0,0,0,0,15
2020-06-15,US,Idaho,Adams,4,0,0,44.89333571,-116.4545247,16003.0,93.15323707498837,0.0,4,4,0,0,4,4,4250,0,0,0,0,0
2020-06-15,US,Idaho,Bannock,63,1,0,42.67002716,-112.2233311,16005.0,71.74744897959185,1.5873015873015872,62,63,1,0,62,59,87138,0,0,0,0,4
2020-06-15,US,Idaho,Benewah,19,0,0,47.21754179,-116.6586851,16009.0,204.34502043450203,0.0,19,19,0,0,19,19,9226,0,0,0,0,0
2020-06-15,US,Idaho,Bingham,24,0,0,43.21672879999999,-112.3978437,16011.0,51.270000640875004,0.0,24,24,0,0,24,23,46236,0,0,0,0,1
2020-06-15,US,Idaho,Blaine,515,5,0,43.4085812,-113.9752658,16013.0,2237.087876286869,0.9708737864077671,510,515,5,0,510,515,22601,0,0,0,0,0
2020-06-15,US,Idaho,Bonner,7,0,0,48.29996017,-116.6017932,16017.0,15.304226152736176,0.0,7,7,0,0,7,7,44727,0,0,0,0,0
2020-06-15,US,Idaho,Bonneville,79,0,0,43.38713372,-111.6161537,16019.0,66.35198468025061,0.0,79,79,0,0,79,73,116854,0,0,0,0,6
2020-06-15,US,Idaho,Camas,1,0,0,43.46665742,-114.8065892,16025.0,90.41591320072331,0.0,1,1,0,0,1,1,1127,0,0,0,0,0
2020-06-15,US,Idaho,Canyon,356,6,0,43.61970148,-116.70954990000001,16027.0,154.8842936014514,1.6853932584269662,350,356,6,0,350,356,223499,0,0,0,0,0
2020-06-15,US,Idaho,Caribou,5,0,0,42.77149116,-111.5597683,16029.0,69.88120195667365,0.0,5,5,0,0,5,3,7060,0,0,0,0,2
2020-06-15,US,Idaho,Cassia,136,1,0,42.28347888,-113.6012409,16031.0,565.9592176446109,0.7352941176470589,135,136,1,0,135,131,23864,0,0,0,0,5
2020-06-15,US,Idaho,Custer,2,0,0,44.24186819,-114.2855494,16037.0,46.349942062572424,0.0,2,2,0,0,2,2,4280,0,0,0,0,0
2020-06-15,US,Idaho,Elmore,34,2,0,43.3507101,-115.4701578,16039.0,123.58692886481772,5.882352941176472,32,34,2,0,32,34,27259,0,0,0,0,0
2020-06-15,US,Idaho,Franklin,14,0,0,42.18332217,-111.81496659999999,16041.0,100.89362928797924,0.0,14,14,0,0,14,12,13726,0,0,0,0,2
2020-06-15,US,Idaho,Fremont,4,0,0,44.22800938,-111.48099429999999,16043.0,30.536682189480114,0.0,4,4,0,0,4,4,13168,0,0,0,0,0
2020-06-15,US,Idaho,Gem,17,0,0,44.06482372,-116.398376,16045.0,93.86042402826857,0.0,17,17,0,0,17,17,17634,0,0,0,0,0
2020-06-15,US,Idaho,Gooding,59,0,0,42.96927962,-114.81083059999999,16047.0,388.6949074379077,0.0,59,59,0,0,59,58,15196,0,0,0,0,1
2020-06-15,US,Idaho,Idaho,3,0,0,45.84721541,-115.4634436,16049.0,17.999640007199854,0.0,3,3,0,0,3,3,16513,0,0,0,0,0
2020-06-15,US,Idaho,Jefferson,12,0,0,43.82078483,-112.3131749,16051.0,40.17274279401426,0.0,12,12,0,0,12,10,29439,0,0,0,0,2
2020-06-15,US,Idaho,Jerome,206,3,0,42.68891267,-114.2655033,16053.0,843.8472882189087,1.4563106796116505,203,206,3,0,203,205,24015,0,0,0,0,1
2020-06-15,US,Idaho,Kootenai,98,0,0,47.67282258,-116.7020872,16055.0,59.14410037598749,0.0,98,98,0,0,98,98,161505,0,0,0,0,0
2020-06-15,US,Idaho,Latah,7,0,0,46.81587887,-116.71136979999999,16057.0,17.452877231475018,0.0,7,7,0,0,7,7,40134,0,0,0,0,0
2020-06-15,US,Idaho,Lemhi,1,0,0,44.9438088,-113.9309747,16059.0,12.457954403886884,0.0,1,1,0,0,1,1,7961,0,0,0,0,0
2020-06-15,US,Idaho,Lincoln,35,0,0,43.0012336,-114.1358773,16063.0,652.2549385016772,0.0,35,35,0,0,35,35,5360,0,0,0,0,0
2020-06-15,US,Idaho,Madison,29,0,0,43.78141028,-111.65384740000002,16065.0,72.6689553211216,0.0,29,29,0,0,29,29,39304,0,0,0,0,0
2020-06-15,US,Idaho,Minidoka,101,0,0,42.85518524,-113.6357257,16067.0,480.0608393935073,0.0,101,101,0,0,101,98,20825,0,0,0,0,3
2020-06-15,US,Idaho,Nez Perce,84,19,0,46.32638236,-116.75009750000001,16069.0,207.87962779647597,22.619047619047624,65,84,19,0,65,84,40408,0,0,0,0,0
2020-06-15,US,Idaho,Owyhee,8,0,0,42.58016894,-116.16938710000001,16073.0,67.66472130592912,0.0,8,8,0,0,8,8,11693,0,0,0,0,0
2020-06-15,US,Idaho,Payette,27,2,0,44.00545243,-116.7647695,16075.0,112.73015740470127,7.407407407407407,25,27,2,0,25,27,23551,0,0,0,0,0
2020-06-15,US,Idaho,Power,9,0,0,42.69254894,-112.83957420000002,16077.0,117.17224319750031,0.0,9,9,0,0,9,9,7768,0,0,0,0,0
2020-06-15,US,Idaho,Teton,11,0,0,43.75303583,-111.2056773,16081.0,90.59463020919122,0.0,11,11,0,0,11,11,11640,0,0,0,0,0
2020-06-15,US,Idaho,Twin Falls,479,26,0,42.35440512,-114.6685381,16083.0,551.347867124013,5.427974947807933,453,479,26,0,453,480,86081,0,0,0,0,-1
2020-06-15,US,Idaho,Valley,3,0,0,44.76728382,-115.5676773,16085.0,26.33426966292135,0.0,3,3,0,0,3,3,11041,0,0,0,0,0
2020-06-15,US,Idaho,Washington,55,0,0,44.45275475,-116.78476880000001,16087.0,539.533058661958,0.0,55,55,0,0,55,50,10161,0,0,0,0,5
2020-06-15,US,Illinois,Adams,46,1,0,39.98815591,-91.18786813,17001.0,70.298769771529,2.1739130434782608,45,45,1,0,44,45,65691,1,0,0,1,0
2020-06-15,US,Illinois,Alexander,17,0,0,37.18049267,-89.32910838,17003.0,295.0876583926401,0.0,17,17,0,0,17,17,6060,0,0,0,0,0
2020-06-15,US,Illinois,Bond,12,1,0,38.88829622,-89.43534887,17005.0,73.0549129428954,8.333333333333334,11,12,1,0,11,12,16630,0,0,0,0,0
2020-06-15,US,Illinois,Boone,525,19,0,42.32359279,-88.82345779,17007.0,980.5020170327208,3.6190476190476186,506,524,19,0,505,520,53577,1,0,0,1,4
2020-06-15,US,Illinois,Brown,10,0,0,39.96209138,-90.75068024,17009.0,152.02189115232594,0.0,10,10,0,0,10,10,6556,0,0,0,0,0
2020-06-15,US,Illinois,Bureau,23,1,0,41.40385234,-89.5283051,17011.0,70.4916023047689,4.3478260869565215,22,23,1,0,22,23,32993,0,0,0,0,0
2020-06-15,US,Illinois,Calhoun,1,0,0,39.16840183,-90.66330078,17013.0,21.101498206372653,0.0,1,1,0,0,1,1,4802,0,0,0,0,0
2020-06-15,US,Illinois,Carroll,20,2,0,42.06823429,-89.93395545,17015.0,139.81125480601187,10.0,18,19,2,0,17,19,14312,1,0,0,1,0
2020-06-15,US,Illinois,Cass,76,0,0,39.96991073,-90.24734436,17017.0,625.6688894377213,0.0,76,76,0,0,76,75,12260,0,0,0,0,1
2020-06-15,US,Illinois,Champaign,736,9,0,40.13919438,-88.20046615,17019.0,350.99599883637194,1.2228260869565215,727,737,9,0,728,724,209983,-1,0,0,-1,13
2020-06-15,US,Illinois,Christian,39,4,0,39.54581621,-89.27780482,17021.0,120.72808320950966,10.256410256410255,35,37,4,0,33,35,32661,2,0,0,2,2
2020-06-15,US,Illinois,Clark,13,0,0,39.33425789,-87.78705622,17023.0,84.19143837834338,0.0,13,13,0,0,13,12,15596,0,0,0,0,1
2020-06-15,US,Illinois,Clay,2,0,0,38.75388572,-88.48914513,17025.0,15.169902912621357,0.0,2,2,0,0,2,2,13253,0,0,0,0,0
2020-06-15,US,Illinois,Clinton,213,17,0,38.60704876,-89.42385254,17027.0,567.0624567381929,7.981220657276995,196,209,17,0,192,207,37639,4,0,0,4,2
2020-06-15,US,Illinois,Coles,143,17,0,39.51949084,-88.22358557,17029.0,282.49145611505105,11.888111888111887,126,142,17,0,125,142,50885,1,0,0,1,0
2020-06-15,US,Illinois,Cook,85184,4206,0,41.84144849,-87.81658794,17031.0,1653.9834217209202,4.937546957175057,80978,84906,4189,0,80717,84581,5180493,278,17,0,261,325
2020-06-15,US,Illinois,Crawford,17,0,0,39.0032229,-87.75954624,17033.0,91.06980232495847,0.0,17,17,0,0,17,17,18807,0,0,0,0,0
2020-06-15,US,Illinois,Cumberland,10,0,0,39.27432424,-88.2401158,17035.0,92.88500835965077,0.0,10,10,0,0,10,10,10808,0,0,0,0,0
2020-06-15,US,Illinois,De Witt,4,0,0,40.17514519,-88.90959682,17039.0,25.57871850620284,0.0,4,4,0,0,4,4,15769,0,0,0,0,0
2020-06-15,US,Illinois,DeKalb,490,15,0,41.89373302,-88.76958483,17037.0,467.12489394358283,3.0612244897959178,475,484,15,0,469,472,104143,6,0,0,6,12
2020-06-15,US,Illinois,Douglas,38,0,0,39.76768052,-88.21854195,17041.0,195.22219368096583,0.0,38,38,0,0,38,35,19479,0,0,0,0,3
2020-06-15,US,Illinois,DuPage,8465,431,0,41.85116968,-88.08642662,17043.0,917.1965964584184,5.0915534554046085,8034,8434,431,0,8003,8389,928589,31,0,0,31,45
2020-06-15,US,Illinois,Edgar,2,0,0,39.6809186,-87.74759563,17045.0,11.654332498106172,0.0,2,1,0,0,1,1,17360,1,0,0,1,0
2020-06-15,US,Illinois,Edwards,2,0,0,38.41353228,-88.05720863,17047.0,31.27443315089914,0.0,2,2,0,0,2,2,6392,0,0,0,0,0
2020-06-15,US,Illinois,Effingham,8,1,0,39.05935711,-88.58969584,17049.0,23.523876734885913,12.5,7,8,1,0,7,8,34208,0,0,0,0,0
2020-06-15,US,Illinois,Fayette,22,3,0,39.00072038,-89.02452658,17051.0,103.11211098612672,13.636363636363635,19,22,3,0,19,22,21416,0,0,0,0,0
2020-06-15,US,Illinois,Ford,22,1,0,40.59706922,-88.22350769,17053.0,169.73998919836433,4.545454545454546,21,22,1,0,21,22,13264,0,0,0,0,0
2020-06-15,US,Illinois,Franklin,12,0,0,37.99189086,-88.92567818,17055.0,31.19394837401544,0.0,12,12,0,0,12,12,38701,0,0,0,0,0
2020-06-15,US,Illinois,Fulton,12,0,0,40.47289135,-90.20862357,17057.0,34.944670937682005,0.0,12,12,0,0,12,12,34844,0,0,0,0,0
2020-06-15,US,Illinois,Gallatin,2,0,0,37.76430935,-88.22953869,17059.0,41.42502071251035,0.0,2,2,0,0,2,2,5058,0,0,0,0,0
2020-06-15,US,Illinois,Greene,7,0,0,39.35907414,-90.388865,17061.0,53.974863135168476,0.0,7,7,0,0,7,7,13044,0,0,0,0,0
2020-06-15,US,Illinois,Grundy,129,2,0,41.28569601,-88.41905692,17063.0,252.6736396756376,1.5503875968992251,127,129,2,0,127,129,50972,0,0,0,0,0
2020-06-15,US,Illinois,Hamilton,2,0,0,38.08163641,-88.53883373,17065.0,24.64268112370626,0.0,2,2,0,0,2,2,8163,0,0,0,0,0
2020-06-15,US,Illinois,Hancock,18,1,0,40.40423981,-91.16313899,17067.0,101.6489722159476,5.5555555555555545,17,18,1,0,17,18,17844,0,0,0,0,0
2020-06-15,US,Illinois,Hardin,1,0,0,37.51810645,-88.26873022,17069.0,26.17115938236064,0.0,1,1,0,0,1,1,3910,0,0,0,0,0
2020-06-15,US,Illinois,Henderson,8,0,0,40.81908672,-90.92491462,17071.0,120.37315678603672,0.0,8,8,0,0,8,8,6709,0,0,0,0,0
2020-06-15,US,Illinois,Henry,72,1,0,41.3533994,-90.13296166,17073.0,147.20013084456076,1.3888888888888888,71,72,1,0,71,72,49090,0,0,0,0,0
2020-06-15,US,Illinois,Iroquois,138,5,0,40.74717633,-87.82466784,17075.0,508.9621597698606,3.6231884057971016,133,137,5,0,132,137,27604,1,0,0,1,0
2020-06-15,US,Illinois,Jackson,317,13,0,37.78595185,-89.38232563,17077.0,558.590308370044,4.100946372239748,304,315,13,0,302,313,57419,2,0,0,2,2
2020-06-15,US,Illinois,Jasper,46,7,0,39.01054275,-88.15437049,17079.0,478.6680541103018,15.217391304347824,39,46,7,0,39,46,9611,0,0,0,0,0
2020-06-15,US,Illinois,Jefferson,104,16,0,38.29980057,-88.9240025,17081.0,275.97919541449954,15.384615384615385,88,104,16,0,88,103,37820,0,0,0,0,1
2020-06-15,US,Illinois,Jersey,28,1,0,39.08869046,-90.35393073,17083.0,128.59964175814082,3.571428571428572,27,28,1,0,27,28,21847,0,0,0,0,0
2020-06-15,US,Illinois,Jo Daviess,34,1,0,42.36542373,-90.21094405,17085.0,160.11302095596892,2.9411764705882355,33,34,1,0,33,34,21366,0,0,0,0,0
2020-06-15,US,Illinois,Johnson,19,0,0,37.45939802,-88.88165419,17087.0,153.01602641539824,0.0,19,19,0,0,19,19,12456,0,0,0,0,0
2020-06-15,US,Illinois,Kane,7128,229,0,41.93842729,-88.42861412,17089.0,1338.8354310550467,3.2126823793490464,6899,7096,229,0,6867,7055,534216,32,0,0,32,41
2020-06-15,US,Illinois,Kankakee,1071,58,0,41.13746989,-87.86205334,17091.0,974.8593690265969,5.415499533146592,1013,1073,58,0,1015,1071,110024,-2,0,0,-2,2
2020-06-15,US,Illinois,Kendall,881,19,0,41.59081014,-88.42869583,17093.0,682.9986820683774,2.1566401816118046,862,882,19,0,863,873,127915,-1,0,0,-1,9
2020-06-15,US,Illinois,Knox,113,0,0,40.93148779,-90.21330340000002,17095.0,227.36875993480754,0.0,113,113,0,0,113,111,50112,0,0,0,0,2
2020-06-15,US,Illinois,LaSalle,181,16,0,41.34426129999999,-88.88633881,17099.0,166.5608407181441,8.839779005524862,165,178,16,0,162,177,109430,3,0,0,3,1
2020-06-15,US,Illinois,Lake,9109,375,0,42.3224907,-88.00367925,17097.0,1307.759121939314,4.116807552969591,8734,9076,374,0,8702,9033,700832,33,1,0,32,43
2020-06-15,US,Illinois,Lawrence,4,0,0,38.71987914,-87.72884035,17101.0,25.513458349279247,0.0,4,4,0,0,4,4,15765,0,0,0,0,0
2020-06-15,US,Illinois,Lee,89,1,0,41.74583951,-89.29977132,17103.0,261.0276865321445,1.1235955056179776,88,89,1,0,88,88,34223,0,0,0,0,1
2020-06-15,US,Illinois,Livingston,37,2,0,40.89188292,-88.55784752,17105.0,103.79263913824056,5.405405405405406,35,39,2,0,37,37,35761,-2,0,0,-2,2
2020-06-15,US,Illinois,Logan,11,0,0,40.12581572,-89.36638784,17107.0,38.43734712418758,0.0,11,11,0,0,11,10,28925,0,0,0,0,1
2020-06-15,US,Illinois,Macon,209,21,0,39.86064913,-88.96342505,17115.0,200.94414906402332,10.047846889952151,188,209,21,0,188,207,104712,0,0,0,0,2
2020-06-15,US,Illinois,Macoupin,45,2,0,39.26119767,-89.92424028,17117.0,100.16471530962026,4.4444444444444455,43,45,2,0,43,46,45313,0,0,0,0,-1
2020-06-15,US,Illinois,Madison,733,65,0,38.83042506,-89.90422563,17119.0,278.7432595848893,8.867667121418826,668,720,65,0,655,707,264461,13,0,0,13,13
2020-06-15,US,Illinois,Marion,55,0,0,38.64963204,-88.91899208,17121.0,147.82959279666713,0.0,55,55,0,0,55,55,37620,0,0,0,0,0
2020-06-15,US,Illinois,Marshall,5,0,0,41.0327901,-89.34510444,17123.0,43.7139360027977,0.0,5,5,0,0,5,5,11534,0,0,0,0,0
2020-06-15,US,Illinois,Mason,18,0,0,40.23917274,-89.91824452,17125.0,134.74062429822592,0.0,18,18,0,0,18,18,13565,0,0,0,0,0
2020-06-15,US,Illinois,Massac,7,0,0,37.22078441,-88.71036614,17127.0,50.827766482718566,0.0,7,7,0,0,7,7,14080,0,0,0,0,0
2020-06-15,US,Illinois,McDonough,103,15,0,40.45674722,-90.67775541,17109.0,347.0116568964356,14.563106796116505,88,104,15,0,89,104,29955,-1,0,0,-1,0
2020-06-15,US,Illinois,McHenry,1856,85,0,42.32451172,-88.45248227,17111.0,603.0398929084328,4.579741379310344,1771,1849,85,0,1764,1829,308570,7,0,0,7,20
2020-06-15,US,Illinois,McLean,241,13,0,40.48996987,-88.84621113,17113.0,140.51085315158264,5.394190871369295,228,241,13,0,228,241,172828,0,0,0,0,0
2020-06-15,US,Illinois,Menard,23,0,0,40.02742725,-89.80246001,17129.0,188.58642177763198,0.0,23,22,0,0,22,22,12288,1,0,0,1,0
2020-06-15,US,Illinois,Mercer,19,0,0,41.20596782,-90.74290052,17131.0,123.0809095031418,0.0,19,19,0,0,19,18,15601,0,0,0,0,1
2020-06-15,US,Illinois,Monroe,112,12,0,38.27594376,-90.17761038,17133.0,323.35363917198373,10.714285714285714,100,109,12,0,97,109,34335,3,0,0,3,0
2020-06-15,US,Illinois,Montgomery,42,1,0,39.23198845,-89.47809254,17135.0,147.81445766171606,2.380952380952381,41,41,1,0,40,41,28601,1,0,0,1,0
2020-06-15,US,Illinois,Morgan,106,2,0,39.71654544,-90.20255104,17137.0,314.93255689583464,1.8867924528301887,104,106,2,0,104,105,33976,0,0,0,0,1
2020-06-15,US,Illinois,Moultrie,15,0,0,39.64187451,-88.62099969,17139.0,103.44114199020756,0.0,15,15,0,0,15,13,14717,0,0,0,0,2
2020-06-15,US,Illinois,Ogle,227,4,0,42.04165196,-89.32184679,17141.0,448.235689038959,1.7621145374449338,223,227,4,0,223,227,50923,0,0,0,0,0
2020-06-15,US,Illinois,Out of IL,114,1,0,0.0,0.0,80017.0,0.0,0.8771929824561403,113,119,1,0,118,118,,-5,0,0,-5,1
2020-06-15,US,Illinois,Peoria,395,20,0,40.78702156,-89.76078901,17143.0,220.44994112033214,5.063291139240507,375,389,20,0,369,384,180621,6,0,0,6,5
2020-06-15,US,Illinois,Perry,44,0,0,38.08510853,-89.36856219,17145.0,210.36527060623447,0.0,44,44,0,0,44,43,21174,0,0,0,0,1
2020-06-15,US,Illinois,Piatt,11,0,0,40.01360584,-88.59319339,17147.0,67.30298580518844,0.0,11,11,0,0,11,11,16396,0,0,0,0,0
2020-06-15,US,Illinois,Pike,2,0,0,39.62265059,-90.8877017,17149.0,12.852644431591802,0.0,2,2,0,0,2,2,15611,0,0,0,0,0
2020-06-15,US,Illinois,Pope,1,0,0,37.41391284,-88.56152109,17151.0,23.94062724443381,0.0,1,1,0,0,1,1,4212,0,0,0,0,0
2020-06-15,US,Illinois,Pulaski,59,0,0,37.22631423,-89.13085001,17153.0,1105.904404873477,0.0,59,59,0,0,59,59,5463,0,0,0,0,0
2020-06-15,US,Illinois,Putnam,1,0,0,41.2013541,-89.2869272,17155.0,17.424638438752392,0.0,1,1,0,0,1,1,5740,0,0,0,0,0
2020-06-15,US,Illinois,Randolph,278,7,0,38.05095369,-89.82512254,17157.0,874.7089547542635,2.5179856115107917,271,278,7,0,271,278,32106,0,0,0,0,0
2020-06-15,US,Illinois,Richland,4,0,0,38.71240969,-88.08475366,17159.0,25.78482563011668,0.0,4,4,0,0,4,4,15763,0,0,0,0,0
2020-06-15,US,Illinois,Rock Island,757,28,0,41.46613806,-90.57042164,17161.0,533.5532390276221,3.6988110964332894,729,753,28,0,725,752,143477,4,0,0,4,1
2020-06-15,US,Illinois,Saline,7,0,0,37.75332999,-88.54119706,17165.0,29.798646290068536,0.0,7,7,0,0,7,7,23906,0,0,0,0,0
2020-06-15,US,Illinois,Sangamon,382,31,0,39.75836914,-89.65872023,17167.0,196.22750061642148,8.115183246073299,351,378,31,0,347,376,195348,4,0,0,4,2
2020-06-15,US,Illinois,Schuyler,13,0,0,40.1571798,-90.61114163,17169.0,192.08037825059105,0.0,13,13,0,0,13,13,6907,0,0,0,0,0
2020-06-15,US,Illinois,Shelby,16,1,0,39.39133527,-88.80611122,17173.0,73.95765924008505,6.25,15,16,1,0,15,16,21741,0,0,0,0,0
2020-06-15,US,Illinois,St. Clair,1465,112,0,38.46996033,-89.93063427,17163.0,564.1428494412482,7.645051194539249,1353,1446,112,0,1334,1422,261059,19,0,0,19,24
2020-06-15,US,Illinois,Stark,3,0,0,41.09309773,-89.79745866,17175.0,56.15874204417821,0.0,3,3,0,0,3,3,5427,0,0,0,0,0
2020-06-15,US,Illinois,Stephenson,231,5,0,42.35129217,-89.662598,17177.0,519.1244550316868,2.1645021645021645,226,231,5,0,226,228,44753,0,0,0,0,3
2020-06-15,US,Illinois,Tazewell,92,6,0,40.50716185,-89.51404662,17179.0,69.80114261435628,6.521739130434782,86,91,6,0,85,89,132328,1,0,0,1,2
2020-06-15,US,Illinois,Unassigned,45,0,0,0.0,0.0,90017.0,0.0,0.0,45,49,0,0,49,46,,-4,0,0,-4,3
2020-06-15,US,Illinois,Union,174,17,0,37.47119609,-89.25548938,17181.0,1044.8567825617006,9.770114942528737,157,174,17,0,157,172,16841,0,0,0,0,2
2020-06-15,US,Illinois,Vermilion,44,1,0,40.18417171,-87.73384359,17183.0,58.07967475382138,2.272727272727273,43,44,1,0,43,44,76806,0,0,0,0,0
2020-06-15,US,Illinois,Wabash,13,0,0,38.44272901,-87.84922065,17185.0,112.84722222222223,0.0,13,12,0,0,12,12,11549,1,0,0,1,0
2020-06-15,US,Illinois,Warren,127,0,0,40.84925021,-90.6147432,17187.0,753.9776775112799,0.0,127,127,0,0,127,127,17032,0,0,0,0,0
2020-06-15,US,Illinois,Washington,19,0,0,38.35309213,-89.40982703,17189.0,136.81860733059696,0.0,19,19,0,0,19,19,13995,0,0,0,0,0
2020-06-15,US,Illinois,Wayne,9,1,0,38.42955355,-88.42586459,17191.0,55.50416281221092,11.111111111111109,8,9,1,0,8,9,16332,0,0,0,0,0
2020-06-15,US,Illinois,White,3,0,0,38.08706198,-88.17657461,17193.0,22.16148334195169,0.0,3,3,0,0,3,3,13665,0,0,0,0,0
2020-06-15,US,Illinois,Whiteside,163,15,0,41.75509713,-89.91556058,17195.0,295.42365201631173,9.202453987730062,148,163,15,0,148,162,55626,0,0,0,0,1
2020-06-15,US,Illinois,Will,6158,302,0,41.44619267,-87.97862712,17197.0,891.5037865023605,4.90418967197142,5856,6140,302,0,5838,6106,692310,18,0,0,18,34
2020-06-15,US,Illinois,Williamson,86,3,0,37.73033511,-88.92994027,17199.0,129.13494601858943,3.4883720930232562,83,83,3,0,80,82,67056,3,0,0,3,1
2020-06-15,US,Illinois,Winnebago,2744,79,0,42.33641854,-89.16085327,17201.0,971.079937148762,2.879008746355685,2665,2736,79,0,2657,2696,284081,8,0,0,8,40
2020-06-15,US,Illinois,Woodford,27,2,0,40.78579374,-89.20973757,17203.0,70.20463350581139,7.407407407407407,25,24,2,0,22,23,38463,3,0,0,3,1
2020-06-15,US,Indiana,Adams,27,1,0,40.7457653,-84.93671406,18001.0,75.46747910668866,3.703703703703704,26,26,1,0,25,25,35636,1,0,0,1,1
2020-06-15,US,Indiana,Allen,2224,85,0,41.09194313,-85.06800636,18003.0,586.3448097674922,3.8219424460431655,2139,2195,80,0,2115,2168,375351,29,5,0,24,27
2020-06-15,US,Indiana,Bartholomew,554,41,0,39.20744865,-85.89558181,18005.0,661.2635624679216,7.400722021660651,513,551,41,0,510,549,82753,3,0,0,3,2
2020-06-15,US,Indiana,Benton,37,0,0,40.60626947,-87.31093999,18007.0,422.95381801554635,0.0,37,37,0,0,37,37,8653,0,0,0,0,0
2020-06-15,US,Indiana,Blackford,29,2,0,40.47388153,-85.32499702,18009.0,246.6405851335261,6.896551724137932,27,29,2,0,27,29,11930,0,0,0,0,0
2020-06-15,US,Indiana,Boone,386,38,0,40.0509304,-86.46841646,18011.0,568.960688648792,9.844559585492227,348,360,37,0,323,358,66999,26,1,0,25,2
2020-06-15,US,Indiana,Brown,36,1,0,39.19605589,-86.22868909,18013.0,238.53697323085083,2.7777777777777777,35,36,1,0,35,36,15234,0,0,0,0,0
2020-06-15,US,Indiana,Carroll,101,2,0,40.580783200000006,-86.56198812,18015.0,498.5930789356765,1.98019801980198,99,99,2,0,97,98,20127,2,0,0,2,1
2020-06-15,US,Indiana,Cass,1606,9,0,40.76135835,-86.34830753,18017.0,4261.190267717371,0.5603985056039851,1597,1601,9,0,1592,1597,37955,5,0,0,5,4
2020-06-15,US,Indiana,Clark,568,42,0,38.48015445,-85.70510334,18019.0,480.12713225473783,7.394366197183099,526,567,42,0,525,565,117360,1,0,0,1,2
2020-06-15,US,Indiana,Clay,56,3,0,39.39561833,-87.11723506,18021.0,213.53670162059106,5.357142857142857,53,56,3,0,53,56,26170,0,0,0,0,0
2020-06-15,US,Indiana,Clinton,262,1,0,40.30319754,-86.47277257,18023.0,808.6669341646347,0.3816793893129771,261,260,1,0,259,258,32250,2,0,0,2,2
2020-06-15,US,Indiana,Crawford,27,0,0,38.28814402,-86.44518825,18025.0,255.27087075730358,0.0,27,27,0,0,27,27,10558,0,0,0,0,0
2020-06-15,US,Indiana,Daviess,123,16,0,38.70186039,-87.07185406,18027.0,368.80453359719354,13.008130081300811,107,121,16,0,105,117,33147,2,0,0,2,4
2020-06-15,US,Indiana,DeKalb,121,3,0,41.39804622,-84.99906934,18033.0,278.3208740655549,2.479338842975207,118,110,2,0,108,103,43226,11,1,0,10,7
2020-06-15,US,Indiana,Dearborn,179,22,0,39.14647946,-84.97333539,18029.0,361.9232480084112,12.290502793296088,157,179,22,0,157,179,49568,0,0,0,0,0
2020-06-15,US,Indiana,Decatur,237,32,0,39.30712658,-85.50087166,18031.0,892.3528747317292,13.502109704641349,205,237,32,0,205,236,26794,0,0,0,0,1
2020-06-15,US,Indiana,Delaware,402,44,0,40.22787247,-85.39732772,18035.0,352.21448284925754,10.945273631840797,358,402,44,0,358,401,114772,0,0,0,0,1
2020-06-15,US,Indiana,Dubois,241,4,0,38.36597551,-86.87924170000002,18037.0,563.9273680269563,1.6597510373443984,237,240,4,0,236,238,42565,1,0,0,1,2
2020-06-15,US,Indiana,Elkhart,2168,34,0,41.59761169,-85.85875695,18039.0,1050.6879388972625,1.5682656826568266,2134,2081,34,0,2047,2030,205560,87,0,0,87,51
2020-06-15,US,Indiana,Fayette,84,7,0,39.63684962,-85.17797541,18041.0,363.604882694139,8.333333333333334,77,83,7,0,76,83,23047,1,0,0,1,0
2020-06-15,US,Indiana,Floyd,335,42,0,38.32117957,-85.90385377,18043.0,426.632026693156,12.537313432835822,293,333,42,0,291,333,77781,2,0,0,2,0
2020-06-15,US,Indiana,Fountain,24,2,0,40.12361933,-87.24217689,18045.0,146.82491129328275,8.333333333333334,22,24,2,0,22,23,16351,0,0,0,0,1
2020-06-15,US,Indiana,Franklin,120,8,0,39.4142482,-85.06062647,18047.0,527.2871078302136,6.666666666666668,112,120,8,0,112,119,22736,0,0,0,0,1
2020-06-15,US,Indiana,Fulton,55,1,0,41.0469907,-86.26252745,18049.0,275.35796535496144,1.818181818181818,54,55,1,0,54,53,20092,0,0,0,0,2
2020-06-15,US,Indiana,Gibson,24,2,0,38.30393723,-87.58054938,18051.0,71.30336611307527,8.333333333333334,22,23,2,0,21,22,33452,1,0,0,1,1
2020-06-15,US,Indiana,Grant,262,24,0,40.51587228,-85.65468702,18053.0,398.36397086773405,9.16030534351145,238,261,24,0,237,259,65936,1,0,0,1,2
2020-06-15,US,Indiana,Greene,181,29,0,39.03630547,-86.96223202,18055.0,567.0070797569075,16.02209944751381,152,179,29,0,150,177,32006,2,0,0,2,2
2020-06-15,US,Indiana,Hamilton,1357,96,0,40.07306535,-86.05244729,18057.0,401.4662244719846,7.0744288872512895,1261,1277,96,0,1181,1257,330086,80,0,0,80,20
2020-06-15,US,Indiana,Hancock,386,29,0,39.82304555,-85.77566351,18059.0,493.8082079623375,7.512953367875648,357,379,29,0,350,374,76351,7,0,0,7,5
2020-06-15,US,Indiana,Harrison,198,22,0,38.19467379,-86.10948271,18061.0,488.70788596815987,11.111111111111109,176,198,22,0,176,198,40350,0,0,0,0,0
2020-06-15,US,Indiana,Hendricks,1276,92,0,39.76719009,-86.51037283,18063.0,749.2176077881053,7.210031347962383,1184,1270,91,0,1179,1266,167009,6,1,0,5,4
2020-06-15,US,Indiana,Henry,204,14,0,39.93029017,-85.39625719,18065.0,425.248061369132,6.862745098039214,190,203,14,0,189,201,48271,1,0,0,1,2
2020-06-15,US,Indiana,Howard,472,45,0,40.48527731,-86.11351892,18067.0,571.8162434580345,9.533898305084746,427,469,45,0,424,463,82366,3,0,0,3,6
2020-06-15,US,Indiana,Huntington,52,2,0,40.82907273,-85.48822092,18069.0,142.38773274917853,3.8461538461538463,50,51,2,0,49,51,36240,1,0,0,1,0
2020-06-15,US,Indiana,Jackson,419,2,0,38.90915820000001,-86.03851889,18071.0,947.2994053944068,0.47732696897374705,417,416,2,0,414,416,44111,3,0,0,3,0
2020-06-15,US,Indiana,Jasper,84,1,0,41.02078733,-87.11553319,18073.0,250.28305822060662,1.1904761904761905,83,83,1,0,82,82,33370,1,0,0,1,1
2020-06-15,US,Indiana,Jay,62,0,0,40.43781032,-85.00576229,18075.0,303.3861812487767,0.0,62,62,0,0,62,61,20764,0,0,0,0,1
2020-06-15,US,Indiana,Jefferson,53,1,0,38.78576239,-85.43633383,18077.0,164.04605670422183,1.8867924528301887,52,53,1,0,52,53,32208,0,0,0,0,0
2020-06-15,US,Indiana,Jennings,142,4,0,38.99588883,-85.62710784,18079.0,511.9884622318371,2.8169014084507036,138,142,4,0,138,140,27611,0,0,0,0,2
2020-06-15,US,Indiana,Johnson,1172,114,0,39.48994426,-86.10149107,18081.0,740.9889547124243,9.726962457337882,1058,1168,114,0,1054,1168,156225,4,0,0,4,0
2020-06-15,US,Indiana,Knox,35,0,0,38.68861576,-87.4194665,18083.0,95.64409466032684,0.0,35,35,0,0,35,35,36895,0,0,0,0,0
2020-06-15,US,Indiana,Kosciusko,311,2,0,41.24521668,-85.86312322,18085.0,391.4115988723319,0.6430868167202572,309,306,2,0,304,294,79344,5,0,0,5,12
2020-06-15,US,Indiana,LaGrange,277,2,0,41.64232188,-85.42674232,18087.0,699.2477406977332,0.7220216606498195,275,267,2,0,265,248,39330,10,0,0,10,19
2020-06-15,US,Indiana,LaPorte,470,24,0,41.54366008,-86.74072188,18091.0,427.7082119976703,5.1063829787234045,446,470,24,0,446,467,110007,0,0,0,0,3
2020-06-15,US,Indiana,Lake,4172,230,0,41.41874274,-87.38277575,18089.0,859.3326783290387,5.5129434324065185,3942,4133,230,0,3903,4109,484411,39,0,0,39,24
2020-06-15,US,Indiana,Lawrence,182,24,0,38.84112637,-86.48361629,18093.0,401.1461318051576,13.186813186813184,158,181,24,0,157,176,45668,1,0,0,1,5
2020-06-15,US,Indiana,Madison,614,61,0,40.16143691,-85.71964711,18095.0,473.87878273352425,9.93485342019544,553,614,61,0,553,612,129641,0,0,0,0,2
2020-06-15,US,Indiana,Marion,10788,651,0,39.78163624,-86.13826325,18097.0,1118.4119131395776,6.0344827586206895,10137,10662,648,0,10014,10619,954670,126,3,0,123,43
2020-06-15,US,Indiana,Marshall,305,3,0,41.32467367,-86.26185087,18099.0,659.3454105235851,0.9836065573770492,302,301,3,0,298,287,46248,4,0,0,4,14
2020-06-15,US,Indiana,Martin,16,0,0,38.7099921,-86.80373186,18101.0,156.0214529497806,0.0,16,16,0,0,16,15,10217,0,0,0,0,1
2020-06-15,US,Indiana,Miami,170,1,0,40.76940965,-86.04525048,18103.0,478.6575064759545,0.5882352941176471,169,169,1,0,168,163,35567,1,0,0,1,6
2020-06-15,US,Indiana,Monroe,188,18,0,39.16130004,-86.52414358,18105.0,126.65817787389427,9.574468085106382,170,187,18,0,169,185,146917,1,0,0,1,2
2020-06-15,US,Indiana,Montgomery,266,19,0,40.04034823,-86.89335024,18107.0,693.8285773905785,7.142857142857142,247,264,19,0,245,263,38346,2,0,0,2,1
2020-06-15,US,Indiana,Morgan,299,29,0,39.47899078,-86.44573375,18109.0,424.1796592376115,9.698996655518394,270,298,29,0,269,297,70116,1,0,0,1,1
2020-06-15,US,Indiana,Newton,88,10,0,40.95610449,-87.39635768,18111.0,629.2906178489702,11.363636363636365,78,87,10,0,77,87,14011,1,0,0,1,0
2020-06-15,US,Indiana,Noble,337,27,0,41.39672484,-85.41966713,18113.0,705.8478552278821,8.011869436201781,310,331,27,0,304,322,47532,6,0,0,6,9
2020-06-15,US,Indiana,Ohio,13,0,0,38.955304999999996,-84.96515993,18115.0,221.27659574468086,0.0,13,13,0,0,13,13,5844,0,0,0,0,0
2020-06-15,US,Indiana,Orange,132,23,0,38.54118920000001,-86.49523093,18117.0,671.8924972004478,17.424242424242426,109,132,23,0,109,132,19489,0,0,0,0,0
2020-06-15,US,Indiana,Owen,37,1,0,39.31145587,-86.83900724,18119.0,177.89316794076638,2.702702702702702,36,37,1,0,36,37,20845,0,0,0,0,0
2020-06-15,US,Indiana,Parke,20,0,0,39.77202286,-87.20375833,18121.0,118.08466670602822,0.0,20,20,0,0,20,20,16927,0,0,0,0,0
2020-06-15,US,Indiana,Perry,92,1,0,38.07809328,-86.63741946,18123.0,479.941572330325,1.0869565217391304,91,91,1,0,90,83,19102,1,0,0,1,8
2020-06-15,US,Indiana,Pike,6,0,0,38.40112197,-87.23574907,18125.0,48.43005892323836,0.0,6,6,0,0,6,6,12410,0,0,0,0,0
2020-06-15,US,Indiana,Porter,589,34,0,41.45986947,-87.06848888,18127.0,345.6795919924408,5.772495755517827,555,587,34,0,553,586,169594,2,0,0,2,1
2020-06-15,US,Indiana,Posey,19,0,0,38.02097333,-87.86480429,18129.0,74.72371888150391,0.0,19,19,0,0,19,18,25540,0,0,0,0,1
2020-06-15,US,Indiana,Pulaski,53,1,0,41.04166107,-86.69890683,18131.0,429.04557597344774,1.8867924528301887,52,53,1,0,52,52,12469,0,0,0,0,1
2020-06-15,US,Indiana,Putnam,156,8,0,39.66437981,-86.84517605,18133.0,415.1586118799234,5.128205128205129,148,155,8,0,147,154,37779,1,0,0,1,1
2020-06-15,US,Indiana,Randolph,68,3,0,40.15734772,-85.01139319,18135.0,275.69430366916686,4.411764705882354,65,67,3,0,64,65,24851,1,0,0,1,2
2020-06-15,US,Indiana,Ripley,109,6,0,39.10235626,-85.26212744,18137.0,384.832650755543,5.504587155963303,103,109,6,0,103,109,28523,0,0,0,0,0
2020-06-15,US,Indiana,Rush,51,3,0,39.62002287,-85.4655599,18139.0,307.58096616609373,5.882352941176472,48,50,3,0,47,50,16663,1,0,0,1,0
2020-06-15,US,Indiana,Scott,144,3,0,38.68672078,-85.74627859,18143.0,603.1918904201399,2.083333333333333,141,144,3,0,141,143,23878,0,0,0,0,1
2020-06-15,US,Indiana,Shelby,406,22,0,39.52305623,-85.79158570000001,18145.0,907.688524223658,5.41871921182266,384,405,22,0,383,405,44593,1,0,0,1,0
2020-06-15,US,Indiana,Spencer,23,1,0,38.01519732,-87.0079644,18147.0,113.42900823593234,4.3478260869565215,22,23,1,0,22,22,20327,0,0,0,0,1
2020-06-15,US,Indiana,St. Joseph,1552,50,0,41.61756781,-86.29040834,18141.0,570.9534775922832,3.2216494845360826,1502,1539,50,0,1489,1512,270771,13,0,0,13,27
2020-06-15,US,Indiana,Starke,52,3,0,41.27890281,-86.64686895,18149.0,226.13611654707543,5.769230769230768,49,51,3,0,48,51,22935,1,0,0,1,0
2020-06-15,US,Indiana,Steuben,105,2,0,41.64423868,-85.00101094,18151.0,303.52084176446783,1.9047619047619049,103,105,2,0,103,103,34586,0,0,0,0,2
2020-06-15,US,Indiana,Sullivan,41,1,0,39.08952258,-87.41414469,18153.0,198.36470075959167,2.4390243902439024,40,41,1,0,40,41,20690,0,0,0,0,0
2020-06-15,US,Indiana,Switzerland,22,0,0,38.82767338,-85.03022429,18155.0,204.63212724397732,0.0,22,22,0,0,22,22,10717,0,0,0,0,0
2020-06-15,US,Indiana,Tippecanoe,491,5,0,40.38872739,-86.89413959,18157.0,250.8532074469172,1.0183299389002036,486,486,5,0,481,479,193048,5,0,0,5,7
2020-06-15,US,Indiana,Tipton,28,1,0,40.31123252,-86.05234925,18159.0,184.8428835489834,3.571428571428572,27,28,1,0,27,27,15128,0,0,0,0,1
2020-06-15,US,Indiana,Unassigned,0,182,0,0.0,0.0,90018.0,0.0,0.0,-182,0,182,0,-182,0,,0,0,0,0,0
2020-06-15,US,Indiana,Union,12,0,0,39.62550777,-84.92497066,18161.0,170.1162461015027,0.0,12,12,0,0,12,12,7037,0,0,0,0,0
2020-06-15,US,Indiana,Vanderburgh,330,5,0,38.02658833,-87.58763124,18163.0,181.86728097392685,1.5151515151515151,325,326,5,0,321,323,180974,4,0,0,4,3
2020-06-15,US,Indiana,Vermillion,11,0,0,39.8523352,-87.46160542,18165.0,70.97690024519292,0.0,11,11,0,0,11,11,15479,0,0,0,0,0
2020-06-15,US,Indiana,Vigo,200,8,0,39.42944561,-87.39169027,18167.0,186.84953007343188,4.0,192,200,8,0,192,198,107386,0,0,0,0,2
2020-06-15,US,Indiana,Wabash,88,2,0,40.84704239,-85.79328272,18169.0,283.9076009807717,2.272727272727273,86,88,2,0,86,88,31280,0,0,0,0,0
2020-06-15,US,Indiana,Warren,14,1,0,40.34728141,-87.35602659,18171.0,169.38898971566852,7.142857142857142,13,14,1,0,13,14,8263,0,0,0,0,0
2020-06-15,US,Indiana,Warrick,175,29,0,38.08922676,-87.2716085,18173.0,277.7865963998857,16.571428571428573,146,173,29,0,144,172,62567,2,0,0,2,1
2020-06-15,US,Indiana,Washington,58,1,0,38.60219804,-86.1049363,18175.0,206.87687259238126,1.7241379310344829,57,57,1,0,56,56,27943,1,0,0,1,1
2020-06-15,US,Indiana,Wayne,104,6,0,39.863344399999995,-85.01044989,18177.0,157.8531965272297,5.769230769230768,98,103,6,0,97,98,65936,1,0,0,1,5
2020-06-15,US,Indiana,Wells,56,0,0,40.72934187,-85.22132966,18179.0,197.90783149561776,0.0,56,54,0,0,54,53,28206,2,0,0,2,1
2020-06-15,US,Indiana,White,245,10,0,40.74911165,-86.86492015,18181.0,1016.5131524354823,4.081632653061225,235,242,10,0,232,242,24133,3,0,0,3,0
2020-06-15,US,Indiana,Whitley,64,3,0,41.13863784,-85.50791236,18183.0,188.43481333176305,4.6875,61,62,3,0,59,61,34074,2,0,0,2,1
2020-06-15,US,Iowa,Adair,11,0,0,41.33075609,-94.47105874,19001.0,153.80313199105146,0.0,11,11,0,0,11,11,7063,0,0,0,0,0
2020-06-15,US,Iowa,Adams,8,0,0,41.02903567,-94.69932645,19003.0,222.0988339811216,0.0,8,7,0,0,7,7,3645,1,0,0,1,0
2020-06-15,US,Iowa,Allamakee,120,4,0,43.28383218,-91.37860922,19005.0,876.7443559582084,3.333333333333333,116,121,4,0,117,121,13832,-1,0,0,-1,0
2020-06-15,US,Iowa,Appanoose,17,3,0,40.74324454,-92.86865906,19007.0,136.80991469499438,17.647058823529417,14,16,3,0,13,16,12437,1,0,0,1,0
2020-06-15,US,Iowa,Audubon,14,1,0,41.6844628,-94.90581859,19009.0,254.7307132459971,7.142857142857142,13,14,1,0,13,13,5506,0,0,0,0,1
2020-06-15,US,Iowa,Benton,46,1,0,42.08011739,-92.06463573,19011.0,179.37219730941703,2.1739130434782608,45,46,1,0,45,46,25642,0,0,0,0,0
2020-06-15,US,Iowa,Black Hawk,1836,54,0,42.4704581,-92.30524729,19013.0,1399.091657268266,2.9411764705882355,1782,1834,53,0,1781,1826,132408,2,1,0,1,8
2020-06-15,US,Iowa,Boone,101,1,0,42.03657094,-93.9313999,19015.0,384.99656933750094,0.99009900990099,100,100,0,0,100,95,26346,1,1,0,0,5
2020-06-15,US,Iowa,Bremer,74,6,0,42.77461496,-92.31795937,19017.0,295.26773601468363,8.108108108108109,68,74,6,0,68,74,24947,0,0,0,0,0
2020-06-15,US,Iowa,Buchanan,35,1,0,42.4709188,-91.83510825,19019.0,165.28925619834712,2.8571428571428568,34,35,1,0,34,35,21199,0,0,0,0,0
2020-06-15,US,Iowa,Buena Vista,1595,6,0,42.73545875,-95.15100162,19021.0,8129.459734964323,0.3761755485893417,1589,1588,6,0,1582,1563,19874,7,0,0,7,25
2020-06-15,US,Iowa,Butler,23,2,0,42.73172833,-92.79015971,19023.0,159.2908096128541,8.695652173913043,21,22,2,0,20,20,14539,1,0,0,1,2
2020-06-15,US,Iowa,Calhoun,24,0,0,42.38521079,-94.64046046,19025.0,248.24162184526276,0.0,24,23,0,0,23,20,9699,1,0,0,1,3
2020-06-15,US,Iowa,Carroll,48,1,0,42.03617207,-94.86032705,19027.0,238.03620133895362,2.083333333333333,47,47,1,0,46,41,20154,1,0,0,1,6
2020-06-15,US,Iowa,Cass,14,0,0,41.33149454,-94.92792482,19029.0,109.06824555936429,0.0,14,14,0,0,14,14,12930,0,0,0,0,0
2020-06-15,US,Iowa,Cedar,54,1,0,41.77233777,-91.13246684,19031.0,289.9017555161862,1.851851851851852,53,54,1,0,53,53,18627,0,0,0,0,1
2020-06-15,US,Iowa,Cerro Gordo,44,1,0,43.08177563,-93.2612239,19033.0,103.65135453474676,2.272727272727273,43,42,1,0,41,42,42647,2,0,0,2,0
2020-06-15,US,Iowa,Cherokee,59,0,0,42.73538914,-95.62389402,19035.0,525.14463729417,0.0,59,59,0,0,59,58,11321,0,0,0,0,1
2020-06-15,US,Iowa,Chickasaw,15,0,0,43.06001295,-92.31773347,19037.0,125.70183524679459,0.0,15,15,0,0,15,15,11964,0,0,0,0,0
2020-06-15,US,Iowa,Clarke,89,1,0,41.02868181,-93.78499767,19039.0,947.3124002128792,1.1235955056179776,88,88,1,0,87,87,9423,1,0,0,1,1
2020-06-15,US,Iowa,Clay,77,0,0,43.08247182,-95.15096481,19041.0,480.76923076923083,0.0,77,73,0,0,73,65,16134,4,0,0,4,8
2020-06-15,US,Iowa,Clayton,35,3,0,42.84443388,-91.34133693,19043.0,199.44156362185882,8.571428571428571,32,35,3,0,32,35,17556,0,0,0,0,0
2020-06-15,US,Iowa,Clinton,68,1,0,41.89981633,-90.53275096,19045.0,146.46018652135518,1.4705882352941178,67,68,1,0,67,67,46518,0,0,0,0,1
2020-06-15,US,Iowa,Crawford,622,2,0,42.03718237,-95.3819718,19047.0,3697.978596908442,0.3215434083601286,620,618,2,0,616,611,17158,4,0,0,4,7
2020-06-15,US,Iowa,Dallas,1029,26,0,41.68560356,-94.04127625,19049.0,1101.0882475682963,2.526724975704568,1003,1025,26,0,999,1016,90180,4,0,0,4,9
2020-06-15,US,Iowa,Davis,34,1,0,40.74773536,-92.41005468,19051.0,377.77777777777777,2.9411764705882355,33,34,1,0,33,33,9017,0,0,0,0,1
2020-06-15,US,Iowa,Decatur,7,0,0,40.73742757,-93.78645949,19053.0,88.94536213468871,0.0,7,4,0,0,4,4,7890,3,0,0,3,0
2020-06-15,US,Iowa,Delaware,27,1,0,42.47104597,-91.3664492,19055.0,158.72082769972369,3.703703703703704,26,27,1,0,26,27,17069,0,0,0,0,0
2020-06-15,US,Iowa,Des Moines,66,2,0,40.92012606,-91.18326592,19057.0,169.37408576487798,3.0303030303030303,64,68,2,0,66,67,39138,-2,0,0,-2,1
2020-06-15,US,Iowa,Dickinson,151,0,0,43.37787725,-95.1510206,19059.0,874.9565418936146,0.0,151,133,0,0,133,130,17153,18,0,0,18,3
2020-06-15,US,Iowa,Dubuque,387,22,0,42.46815349,-90.88181925,19061.0,397.6939914295404,5.684754521963824,365,384,21,0,363,384,96854,3,1,0,2,0
2020-06-15,US,Iowa,Emmet,39,0,0,43.37782951,-94.67858943,19063.0,423.5447437011295,0.0,39,39,0,0,39,37,9253,0,0,0,0,2
2020-06-15,US,Iowa,Fayette,28,0,0,42.86271799,-91.84412309999999,19065.0,142.4936386768448,0.0,28,28,0,0,28,28,19660,0,0,0,0,0
2020-06-15,US,Iowa,Floyd,20,1,0,43.06000529999999,-92.78940097,19067.0,127.86088735455824,5.0,19,20,1,0,19,20,15761,0,0,0,0,0
2020-06-15,US,Iowa,Franklin,49,0,0,42.73270384,-93.26256925,19069.0,486.5938430983118,0.0,49,44,0,0,44,44,10124,5,0,0,5,0
2020-06-15,US,Iowa,Fremont,4,0,0,40.74542720000001,-95.60129045,19071.0,57.4712643678161,0.0,4,4,0,0,4,4,6993,0,0,0,0,0
2020-06-15,US,Iowa,Greene,21,0,0,42.03614551,-94.39658081,19073.0,236.27362736273628,0.0,21,21,0,0,21,21,8981,0,0,0,0,0
2020-06-15,US,Iowa,Grundy,23,0,0,42.40183723,-92.78829551,19075.0,188.03139306736432,0.0,23,23,0,0,23,23,12304,0,0,0,0,0
2020-06-15,US,Iowa,Guthrie,59,3,0,41.68378965,-94.50111014,19077.0,551.9693142482927,5.084745762711863,56,58,3,0,55,58,10720,1,0,0,1,0
2020-06-15,US,Iowa,Hamilton,123,0,0,42.38382428,-93.70197703,19079.0,832.6000135382117,0.0,123,119,0,0,119,118,14952,4,0,0,4,1
2020-06-15,US,Iowa,Hancock,32,0,0,43.08178477,-93.73454884,19081.0,301.0348071495767,0.0,32,27,0,0,27,27,10712,5,0,0,5,0
2020-06-15,US,Iowa,Hardin,45,0,0,42.38353877,-93.23654611,19083.0,267.1257271755907,0.0,45,44,0,0,44,42,16868,1,0,0,1,2
2020-06-15,US,Iowa,Harrison,40,0,0,41.68330137,-95.81558439,19085.0,284.7177735070112,0.0,40,39,0,0,39,39,14134,1,0,0,1,0
2020-06-15,US,Iowa,Henry,74,2,0,40.98767962,-91.54436349,19087.0,370.85296181216796,2.702702702702702,72,73,2,0,71,73,20067,1,0,0,1,0
2020-06-15,US,Iowa,Howard,12,0,0,43.35671042,-92.31702714,19089.0,131.03297663245252,0.0,12,12,0,0,12,12,9187,0,0,0,0,0
2020-06-15,US,Iowa,Humboldt,34,1,0,42.7764426,-94.20722537,19091.0,355.7229545930111,2.9411764705882355,33,33,1,0,32,32,9547,1,0,0,1,1
2020-06-15,US,Iowa,Ida,18,0,0,42.38696136,-95.51355387,19093.0,262.3906705539359,0.0,18,18,0,0,18,17,6841,0,0,0,0,1
2020-06-15,US,Iowa,Iowa,34,0,0,41.68630265,-92.0643373,19095.0,210.08403361344537,0.0,34,34,0,0,34,34,16141,0,0,0,0,0
2020-06-15,US,Iowa,Jackson,14,0,0,42.17178824,-90.57354837,19097.0,72.02016564638099,0.0,14,14,0,0,14,14,19432,0,0,0,0,0
2020-06-15,US,Iowa,Jasper,282,17,0,41.68576082,-93.05567785,19099.0,758.3703106091167,6.028368794326241,265,282,17,0,265,279,37147,0,0,0,0,3
2020-06-15,US,Iowa,Jefferson,47,0,0,41.03192394,-91.94849466,19101.0,256.90079256627496,0.0,47,45,0,0,45,44,18381,2,0,0,2,1
2020-06-15,US,Iowa,Johnson,643,8,0,41.67169354,-91.58754744,19103.0,425.4333730316263,1.2441679626749609,635,638,8,0,630,637,151260,5,0,0,5,1
2020-06-15,US,Iowa,Jones,41,0,0,42.12118609,-91.13139641,19105.0,198.24960108311973,0.0,41,41,0,0,41,41,20744,0,0,0,0,0
2020-06-15,US,Iowa,Keokuk,15,0,0,41.33649833,-92.1785067,19107.0,146.3985945734921,0.0,15,15,0,0,15,15,10225,0,0,0,0,0
2020-06-15,US,Iowa,Kossuth,19,0,0,43.20405458,-94.20691791,19109.0,128.26571254978734,0.0,19,17,0,0,17,17,14908,2,0,0,2,0
2020-06-15,US,Iowa,Lee,40,1,0,40.64181461,-91.48183025,19111.0,118.84600528864723,2.5,39,38,1,0,37,38,34055,2,0,0,2,0
2020-06-15,US,Iowa,Linn,1019,80,0,42.07923082,-91.59809485,19113.0,449.4808253861829,7.850834151128557,939,1018,80,0,938,1016,225909,1,0,0,1,2
2020-06-15,US,Iowa,Louisa,355,12,0,41.21842119,-91.26102611,19115.0,3217.036701404621,3.380281690140845,343,355,11,0,344,355,11169,0,1,0,-1,0
2020-06-15,US,Iowa,Lucas,25,3,0,41.02958964,-93.32780803,19117.0,290.6976744186046,12.0,22,24,3,0,21,23,8645,1,0,0,1,1
2020-06-15,US,Iowa,Lyon,31,0,0,43.38107862,-96.20926845,19119.0,263.71756699276904,0.0,31,31,0,0,31,30,11811,0,0,0,0,1
2020-06-15,US,Iowa,Madison,34,2,0,41.33081904,-94.01554631,19121.0,208.10380707552943,5.882352941176472,32,34,2,0,32,33,16249,0,0,0,0,1
2020-06-15,US,Iowa,Mahaska,108,14,0,41.33521503,-92.64083907,19123.0,488.7983706720978,12.962962962962965,94,108,14,0,94,107,22000,0,0,0,0,1
2020-06-15,US,Iowa,Marion,42,0,0,41.33445101,-93.09934783,19125.0,126.30439358854841,0.0,42,43,0,0,43,42,33407,-1,0,0,-1,1
2020-06-15,US,Iowa,Marshall,941,18,0,42.03586837,-92.99908190000001,19127.0,2390.2054916304705,1.9128586609989373,923,941,18,0,923,941,39981,0,0,0,0,0
2020-06-15,US,Iowa,Mills,24,0,0,41.03299766,-95.61920963,19129.0,158.84572109338802,0.0,24,24,0,0,24,23,15063,0,0,0,0,1
2020-06-15,US,Iowa,Mitchell,8,0,0,43.35638371,-92.78887719,19131.0,75.57150954090308,0.0,8,7,0,0,7,7,10569,1,0,0,1,0
2020-06-15,US,Iowa,Monona,49,0,0,42.05220391,-95.95743843,19133.0,568.7753917585607,0.0,49,43,0,0,43,43,8679,6,0,0,6,0
2020-06-15,US,Iowa,Monroe,47,6,0,41.02988815,-92.8690667,19135.0,609.8352147398471,12.76595744680851,41,47,6,0,41,47,7790,0,0,0,0,0
2020-06-15,US,Iowa,Montgomery,9,2,0,41.03018714,-95.15642896,19137.0,90.7532519915297,22.222222222222218,7,9,2,0,7,9,10003,0,0,0,0,0
2020-06-15,US,Iowa,Muscatine,574,43,0,41.48370744,-91.11216970000001,19139.0,1345.3965872867054,7.491289198606273,531,574,43,0,531,572,42929,0,0,0,0,2
2020-06-15,US,Iowa,O'Brien,66,1,0,43.08310673,-95.62474482,19141.0,479.8952955718752,1.5151515151515151,65,65,1,0,64,64,13840,1,0,0,1,1
2020-06-15,US,Iowa,Osceola,49,0,0,43.37824276,-95.62422844,19143.0,822.4236320913056,0.0,49,49,0,0,49,49,6040,0,0,0,0,0
2020-06-15,US,Iowa,Page,16,0,0,40.7393172,-95.1497813,19145.0,105.9111670086715,0.0,16,16,0,0,16,16,15249,0,0,0,0,0
2020-06-15,US,Iowa,Palo Alto,16,0,0,43.08193849,-94.67824621,19147.0,180.0585190186811,0.0,16,13,0,0,13,13,8929,3,0,0,3,0
2020-06-15,US,Iowa,Plymouth,201,4,0,42.737633,-96.21366621,19149.0,798.3476982960639,1.9900497512437807,197,200,4,0,196,196,25095,1,0,0,1,4
2020-06-15,US,Iowa,Pocahontas,30,0,0,42.73420133,-94.67862564,19151.0,453.2406707961928,0.0,30,30,0,0,30,30,6740,0,0,0,0,0
2020-06-15,US,Iowa,Polk,5175,163,0,41.68679484,-93.57767461,19153.0,1055.7755512984509,3.1497584541062804,5012,5151,160,0,4991,5090,487204,24,3,0,21,61
2020-06-15,US,Iowa,Pottawattamie,510,11,0,41.33640314,-95.53907776,19155.0,547.175074566015,2.156862745098039,499,507,11,0,496,500,93533,3,0,0,3,7
2020-06-15,US,Iowa,Poweshiek,95,8,0,41.68625425,-92.53155731,19157.0,513.4025075659317,8.421052631578947,87,95,8,0,87,95,18699,0,0,0,0,0
2020-06-15,US,Iowa,Ringgold,8,0,0,40.73518949,-94.24368535,19159.0,163.4654679199019,0.0,8,8,0,0,8,8,4968,0,0,0,0,0
2020-06-15,US,Iowa,Sac,38,0,0,42.38624071,-95.10547892,19161.0,390.9062853615883,0.0,38,38,0,0,38,37,9719,0,0,0,0,1
2020-06-15,US,Iowa,Scott,407,10,0,41.63935978,-90.61959493,19163.0,235.3376546029617,2.457002457002457,397,406,10,0,396,405,173283,1,0,0,1,1
2020-06-15,US,Iowa,Shelby,49,0,0,41.6850066,-95.31015553,19165.0,427.798149118212,0.0,49,48,0,0,48,47,11578,1,0,0,1,1
2020-06-15,US,Iowa,Sioux,359,0,0,43.08221074,-96.17675679999999,19167.0,1029.9813513125807,0.0,359,355,0,0,355,354,34909,4,0,0,4,1
2020-06-15,US,Iowa,Story,255,2,0,42.03621213,-93.46499005,19169.0,262.5698899265834,0.7843137254901961,253,247,2,0,245,233,98105,8,0,0,8,14
2020-06-15,US,Iowa,Tama,429,29,0,42.07991767,-92.53266945,19171.0,2545.3898184407267,6.759906759906759,400,427,29,0,398,427,16904,2,0,0,2,0
2020-06-15,US,Iowa,Taylor,74,0,0,40.73710579,-94.69778563,19173.0,1208.9527854925666,0.0,74,73,0,0,73,73,6191,1,0,0,1,0
2020-06-15,US,Iowa,Unassigned,6,0,0,0.0,0.0,90019.0,0.0,0.0,6,5,0,0,5,5,,1,0,0,1,0
2020-06-15,US,Iowa,Union,10,0,0,41.0277278,-94.24234847,19175.0,81.6926721673066,0.0,10,10,0,0,10,10,12359,0,0,0,0,0
2020-06-15,US,Iowa,Van Buren,11,0,0,40.75326764,-91.95017958,19177.0,156.16127200454287,0.0,11,11,0,0,11,11,7020,0,0,0,0,0
2020-06-15,US,Iowa,Wapello,675,26,0,41.03064984,-92.40954728,19179.0,1930.2811061225657,3.851851851851852,649,675,26,0,649,673,35205,0,0,0,0,2
2020-06-15,US,Iowa,Warren,197,1,0,41.33559454,-93.56007641,19181.0,382.7769789764116,0.5076142131979695,196,196,1,0,195,192,51056,1,0,0,1,4
2020-06-15,US,Iowa,Washington,208,9,0,41.33577126,-91.71725711,19183.0,946.9610744366037,4.326923076923077,199,208,9,0,199,208,22141,0,0,0,0,0
2020-06-15,US,Iowa,Wayne,5,0,0,40.73969028,-93.32752197,19185.0,77.6276975624903,0.0,5,4,0,0,4,4,6401,1,0,0,1,0
2020-06-15,US,Iowa,Webster,99,1,0,42.42853483,-94.17987389,19187.0,275.7352941176471,1.0101010101010102,98,97,1,0,96,96,36277,2,0,0,2,1
2020-06-15,US,Iowa,Winnebago,13,0,0,43.37751174,-93.73407298,19189.0,125.55534093104114,0.0,13,12,0,0,12,12,10518,1,0,0,1,0
2020-06-15,US,Iowa,Winneshiek,24,0,0,43.29094334,-91.84422722,19191.0,120.05402431093992,0.0,24,24,0,0,24,24,20029,0,0,0,0,0
2020-06-15,US,Iowa,Woodbury,3008,39,0,42.38979414,-96.0459439,19193.0,2917.35769637367,1.2965425531914894,2969,3004,40,0,2964,2998,102539,4,-1,0,5,6
2020-06-15,US,Iowa,Worth,4,0,0,43.37750768,-93.26087602,19195.0,54.19319875355643,0.0,4,4,0,0,4,4,7453,0,0,0,0,0
2020-06-15,US,Iowa,Wright,293,0,0,42.73305373,-93.73515113,19197.0,2332.431141537972,0.0,293,285,0,0,285,285,12690,8,0,0,8,0
2020-06-15,US,Kansas,Allen,2,0,0,37.88582951,-95.30030847,20001.0,16.169455897809037,0.0,2,2,0,0,2,2,12444,0,0,0,0,0
2020-06-15,US,Kansas,Anderson,2,0,0,38.21413251,-95.29272815,20003.0,25.451768897938408,0.0,2,1,0,0,1,1,7878,1,0,0,1,0
2020-06-15,US,Kansas,Atchison,27,0,0,39.53185661,-95.30870026,20005.0,167.98357493933926,0.0,27,26,0,0,26,26,16193,1,0,0,1,0
2020-06-15,US,Kansas,Barber,1,0,0,37.2288586,-98.68460053,20007.0,22.588660492432798,0.0,1,1,0,0,1,1,4472,0,0,0,0,0
2020-06-15,US,Kansas,Barton,49,1,0,38.47889676,-98.75636726,20009.0,190.07719461577253,2.0408163265306123,48,48,2,0,46,48,26111,1,-1,0,2,0
2020-06-15,US,Kansas,Bourbon,8,1,0,37.85508555,-94.84865997,20011.0,55.04334663547544,12.5,7,8,1,0,7,8,14653,0,0,0,0,0
2020-06-15,US,Kansas,Brown,10,0,0,39.82652589,-95.56421698,20013.0,104.55876202425765,0.0,10,10,0,0,10,10,9598,0,0,0,0,0
2020-06-15,US,Kansas,Butler,37,0,0,37.78134351,-96.83878537,20015.0,55.2973352662492,0.0,37,37,0,0,37,37,66765,0,0,0,0,0
2020-06-15,US,Kansas,Chase,3,0,0,38.30292938,-96.59563862,20017.0,113.2930513595166,0.0,3,3,0,0,3,3,2629,0,0,0,0,0
2020-06-15,US,Kansas,Chautauqua,4,0,0,37.14994405,-96.2454192,20019.0,123.07692307692308,0.0,4,4,0,0,4,4,3309,0,0,0,0,0
2020-06-15,US,Kansas,Cherokee,16,0,0,37.16928494,-94.8462897,20021.0,80.24474647675409,0.0,16,16,0,0,16,16,20015,0,0,0,0,0
2020-06-15,US,Kansas,Cheyenne,2,0,0,39.78580976,-101.7318201,20023.0,75.27286413248024,0.0,2,2,0,0,2,2,2660,0,0,0,0,0
2020-06-15,US,Kansas,Clark,34,1,0,37.23577007,-99.81883015,20025.0,1705.1153460381142,2.9411764705882355,33,33,1,0,32,33,2005,1,0,0,1,0
2020-06-15,US,Kansas,Clay,6,2,0,39.34948772,-97.16518128,20027.0,74.9812546863284,33.333333333333336,4,6,2,0,4,6,7997,0,0,0,0,0
2020-06-15,US,Kansas,Cloud,5,0,0,39.48028352,-97.64925343,20029.0,56.908718415661276,0.0,5,5,0,0,5,5,8729,0,0,0,0,0
2020-06-15,US,Kansas,Coffey,52,8,0,38.2365018,-95.73379515,20031.0,635.7745445653503,15.384615384615385,44,52,8,0,44,52,8233,0,0,0,0,0
2020-06-15,US,Kansas,Comanche,2,0,0,37.19114520000001,-99.27113247,20033.0,117.64705882352942,0.0,2,2,0,0,2,2,1748,0,0,0,0,0
2020-06-15,US,Kansas,Cowley,41,1,0,37.23781842,-96.83776647,20035.0,117.45158702876131,2.4390243902439024,40,39,1,0,38,39,35218,2,0,0,2,0
2020-06-15,US,Kansas,Crawford,98,1,0,37.50675523,-94.85245778,20037.0,252.46019887680973,1.020408163265306,97,44,1,0,43,24,39019,54,0,0,54,20
2020-06-15,US,Kansas,Dickinson,6,1,0,38.86600962,-97.15532383,20041.0,32.492147730965016,16.666666666666668,5,6,1,0,5,6,18717,0,0,0,0,0
2020-06-15,US,Kansas,Doniphan,20,0,0,39.79067154,-95.14056866,20043.0,263.1578947368421,0.0,20,20,0,0,20,20,7682,0,0,0,0,0
2020-06-15,US,Kansas,Douglas,82,0,0,38.88503636,-95.2925121,20045.0,67.07072689945116,0.0,82,79,0,0,79,79,121436,3,0,0,3,0
2020-06-15,US,Kansas,Edwards,5,0,0,37.88735543,-99.31263309,20047.0,178.69907076483204,0.0,5,5,0,0,5,5,2849,0,0,0,0,0
2020-06-15,US,Kansas,Ellis,13,0,0,38.91458712,-99.31751551,20051.0,45.529366441354675,0.0,13,12,0,0,12,12,28710,1,0,0,1,0
2020-06-15,US,Kansas,Ellsworth,3,0,0,38.69677695,-98.20462799,20053.0,49.164208456243855,0.0,3,3,0,0,3,3,6196,0,0,0,0,0
2020-06-15,US,Kansas,Finney,1540,10,0,38.04340344,-100.73819379999999,20055.0,4222.996133490553,0.6493506493506493,1530,1538,10,0,1528,1538,36611,2,0,0,2,0
2020-06-15,US,Kansas,Ford,1863,8,0,37.69200114,-99.88825298,20057.0,5541.5092655938615,0.4294149221685454,1855,1842,8,0,1834,1842,33888,21,0,0,21,0
2020-06-15,US,Kansas,Franklin,51,0,0,38.56443815,-95.28644341,20059.0,199.65549639837144,0.0,51,49,0,0,49,49,25631,2,0,0,2,0
2020-06-15,US,Kansas,Geary,29,1,0,38.99871131,-96.7577178,20061.0,91.56930849384277,3.4482758620689653,28,29,1,0,28,29,32594,0,0,0,0,0
2020-06-15,US,Kansas,Gove,1,0,0,38.91588178,-100.4829321,20063.0,37.93626707132018,0.0,1,1,0,0,1,1,2612,0,0,0,0,0
2020-06-15,US,Kansas,Grant,18,1,0,37.56227336,-101.3079758,20067.0,251.74825174825176,5.5555555555555545,17,18,1,0,17,18,7336,0,0,0,0,0
2020-06-15,US,Kansas,Gray,23,0,0,37.73836671,-100.4369088,20069.0,384.1015364061456,0.0,23,23,0,0,23,23,6033,0,0,0,0,0
2020-06-15,US,Kansas,Greenwood,11,0,0,37.8774388,-96.23250453,20073.0,183.884988298228,0.0,11,11,0,0,11,11,6055,0,0,0,0,0
2020-06-15,US,Kansas,Hamilton,28,0,0,37.99978709,-101.7921066,20075.0,1102.7963765261914,0.0,28,27,0,0,27,27,2607,1,0,0,1,0
2020-06-15,US,Kansas,Harper,2,0,0,37.19175361,-98.07578384,20077.0,36.79175864606328,0.0,2,2,0,0,2,2,5506,0,0,0,0,0
2020-06-15,US,Kansas,Harvey,12,0,0,38.04293782,-97.42747573,20079.0,34.854337912806066,0.0,12,12,0,0,12,12,34210,0,0,0,0,0
2020-06-15,US,Kansas,Haskell,22,0,0,37.562039399999996,-100.8710738,20081.0,554.4354838709677,0.0,22,22,0,0,22,22,3997,0,0,0,0,0
2020-06-15,US,Kansas,Hodgeman,6,0,0,38.08780079,-99.89829881,20083.0,334.4481605351171,0.0,6,5,0,0,5,5,1818,1,0,0,1,0
2020-06-15,US,Kansas,Jackson,103,1,0,39.41673394,-95.79356799,20085.0,782.0211069774506,0.9708737864077671,102,102,1,0,101,102,13280,1,0,0,1,0
2020-06-15,US,Kansas,Jefferson,22,0,0,39.2347941,-95.38289232,20087.0,115.52801554376936,0.0,22,22,0,0,22,22,18975,0,0,0,0,0
2020-06-15,US,Kansas,Jewell,4,0,0,39.78470589,-98.21820662,20089.0,138.9371309482459,0.0,4,4,0,0,4,4,2841,0,0,0,0,0
2020-06-15,US,Kansas,Johnson,1075,72,0,38.88548175,-94.82250877,20091.0,178.4525590096962,6.697674418604652,1003,1061,71,0,990,1031,597555,14,1,0,13,30
2020-06-15,US,Kansas,Kearny,46,1,0,38.00017981,-101.32168100000001,20093.0,1198.540906722251,2.1739130434782608,45,46,1,0,45,46,3943,0,0,0,0,0
2020-06-15,US,Kansas,Kiowa,3,0,0,37.55848695,-99.2856537,20097.0,121.21212121212122,0.0,3,3,0,0,3,3,2516,0,0,0,0,0
2020-06-15,US,Kansas,Labette,27,0,0,37.19113093,-95.29849679,20099.0,137.62870832908553,0.0,27,27,0,0,27,27,19964,0,0,0,0,0
2020-06-15,US,Kansas,Lane,4,0,0,38.48119447,-100.46607540000001,20101.0,260.58631921824104,0.0,4,4,0,0,4,4,1560,0,0,0,0,0
2020-06-15,US,Kansas,Leavenworth,1109,7,0,39.20183497,-95.03620809,20103.0,1356.4421830279605,0.6311992786293958,1102,1106,7,0,1099,1106,81352,3,0,0,3,0
2020-06-15,US,Kansas,Linn,12,0,0,38.21267844,-94.84254089,20107.0,123.67309079666084,0.0,12,11,0,0,11,11,9750,1,0,0,1,0
2020-06-15,US,Kansas,Lyon,414,6,0,38.45576156,-96.15275715,20111.0,1247.1757794848622,1.4492753623188406,408,406,6,0,400,406,33406,8,0,0,8,0
2020-06-15,US,Kansas,Marion,5,1,0,38.35855394,-97.09852509999999,20115.0,42.07337596768765,20.0,4,5,1,0,4,5,11950,0,0,0,0,0
2020-06-15,US,Kansas,McPherson,38,0,0,38.39184858,-97.64769869,20113.0,133.1371312451825,0.0,38,38,0,0,38,38,28537,0,0,0,0,0
2020-06-15,US,Kansas,Meade,30,0,0,37.23859987,-100.36483100000001,20119.0,743.86312918423,0.0,30,30,0,0,30,30,4146,0,0,0,0,0
2020-06-15,US,Kansas,Miami,16,0,0,38.56383358,-94.83832189,20121.0,46.73306656541169,0.0,16,16,0,0,16,16,33680,0,0,0,0,0
2020-06-15,US,Kansas,Mitchell,4,0,0,39.39331582,-98.20906732,20123.0,66.9008195350393,0.0,4,4,0,0,4,4,6150,0,0,0,0,0
2020-06-15,US,Kansas,Montgomery,23,3,0,37.19236568,-95.74329258,20125.0,72.26114549624556,13.043478260869565,20,22,3,0,19,22,32120,1,0,0,1,0
2020-06-15,US,Kansas,Morris,5,0,0,38.68827511,-96.65128437,20127.0,88.96797153024912,0.0,5,5,0,0,5,5,5521,0,0,0,0,0
2020-06-15,US,Kansas,Morton,6,1,0,37.19141121,-101.79925190000002,20129.0,231.92887514495555,16.666666666666668,5,6,1,0,5,6,2667,0,0,0,0,0
2020-06-15,US,Kansas,Nemaha,21,0,0,39.78345387,-96.01392079,20131.0,205.2585280031277,0.0,21,20,0,0,20,20,10155,1,0,0,1,0
2020-06-15,US,Kansas,Neosho,8,0,0,37.55862897,-95.30670046,20133.0,49.978134566127316,0.0,8,6,0,0,6,6,15951,2,0,0,2,0
2020-06-15,US,Kansas,Ness,4,0,0,38.47974157,-99.91547333,20135.0,145.45454545454547,0.0,4,4,0,0,4,4,2840,0,0,0,0,0
2020-06-15,US,Kansas,Norton,3,0,0,39.78443827,-99.90286639,20137.0,55.95970900951315,0.0,3,3,0,0,3,3,5430,0,0,0,0,0
2020-06-15,US,Kansas,Osage,10,0,0,38.65235984,-95.72707998,20139.0,62.699855790331675,0.0,10,10,0,0,10,10,15941,0,0,0,0,0
2020-06-15,US,Kansas,Osborne,2,0,0,39.3503437,-98.76753828,20141.0,58.46243788365975,0.0,2,2,0,0,2,2,3475,0,0,0,0,0
2020-06-15,US,Kansas,Ottawa,4,0,0,39.13237408,-97.65020313,20143.0,70.12622720897616,0.0,4,4,0,0,4,4,5802,0,0,0,0,0
2020-06-15,US,Kansas,Pawnee,3,0,0,38.18108732,-99.23692334,20145.0,46.772684752104766,0.0,3,3,0,0,3,3,6562,0,0,0,0,0
2020-06-15,US,Kansas,Phillips,2,0,0,39.78465501,-99.34668865,20147.0,38.211692777990066,0.0,2,2,0,0,2,2,5317,0,0,0,0,0
2020-06-15,US,Kansas,Pottawatomie,34,0,0,39.37925655,-96.34564657,20149.0,139.4414140999877,0.0,34,32,0,0,32,32,24277,2,0,0,2,0
2020-06-15,US,Kansas,Pratt,2,0,0,37.64780729,-98.73922153,20151.0,21.824530772588393,0.0,2,2,0,0,2,2,9378,0,0,0,0,0
2020-06-15,US,Kansas,Reno,50,0,0,37.95230263,-98.08607292,20155.0,80.64776283105907,0.0,50,49,0,0,49,49,62342,1,0,0,1,0
2020-06-15,US,Kansas,Republic,4,0,0,39.82799632,-97.65036709,20157.0,86.28127696289906,0.0,4,4,0,0,4,4,4664,0,0,0,0,0
2020-06-15,US,Kansas,Rice,4,0,0,38.34616184,-98.19992118,20159.0,41.94191045402118,0.0,4,4,0,0,4,4,9531,0,0,0,0,0
2020-06-15,US,Kansas,Riley,80,3,0,39.28935726,-96.73420026,20161.0,107.77023386140749,3.75,77,77,3,0,74,74,73703,3,0,0,3,3
2020-06-15,US,Kansas,Rooks,6,0,0,39.35022773,-99.32484567,20163.0,121.95121951219512,0.0,6,6,0,0,6,6,5013,0,0,0,0,0
2020-06-15,US,Kansas,Saline,32,2,0,38.78369175,-97.65185177,20169.0,59.014458542342865,6.25,30,28,2,0,26,28,54401,4,0,0,4,0
2020-06-15,US,Kansas,Scott,16,0,0,38.48222076,-100.90665390000001,20171.0,331.74372797014314,0.0,16,16,0,0,16,16,4897,0,0,0,0,0
2020-06-15,US,Kansas,Sedgwick,764,25,0,37.6842718,-97.4608198,20173.0,148.04996492533553,3.272251308900524,739,745,25,0,720,739,513607,19,0,0,19,6
2020-06-15,US,Kansas,Seward,934,2,0,37.19324632,-100.85072009999999,20175.0,4358.782900877357,0.21413276231263384,932,924,2,0,922,924,21780,10,0,0,10,0
2020-06-15,US,Kansas,Shawnee,457,9,0,39.04100763,-95.75572640000001,20177.0,258.3745583038869,1.9693654266958425,448,438,8,0,430,438,177499,19,1,0,18,0
2020-06-15,US,Kansas,Sheridan,2,0,0,39.35018161,-100.44182590000001,20179.0,79.33359777865927,0.0,2,2,0,0,2,2,2533,0,0,0,0,0
2020-06-15,US,Kansas,Sherman,7,0,0,39.35147699,-101.71976240000001,20181.0,118.30319418624303,0.0,7,7,0,0,7,7,5899,0,0,0,0,0
2020-06-15,US,Kansas,Smith,3,0,0,39.78516566,-98.78566062,20183.0,83.72871895060004,0.0,3,2,0,0,2,2,3603,1,0,0,1,0
2020-06-15,US,Kansas,Stafford,1,0,0,38.03100851,-98.71762001,20185.0,24.06159769008662,0.0,1,1,0,0,1,1,4178,0,0,0,0,0
2020-06-15,US,Kansas,Stanton,9,0,0,37.56304714,-101.78435340000001,20187.0,448.65403788634103,0.0,9,9,0,0,9,9,1987,0,0,0,0,0
2020-06-15,US,Kansas,Stevens,30,0,0,37.1923008,-101.3118967,20189.0,546.9462169553327,0.0,30,31,0,0,31,31,5559,-1,0,0,-1,0
2020-06-15,US,Kansas,Sumner,9,1,0,37.23682549,-97.47721621,20191.0,39.411455596426684,11.111111111111109,8,9,1,0,8,9,22996,0,0,0,0,0
2020-06-15,US,Kansas,Trego,1,0,0,38.91467218,-99.87284448,20195.0,35.676061362825536,0.0,1,1,0,0,1,1,2793,0,0,0,0,0
2020-06-15,US,Kansas,Wabaunsee,31,0,0,38.95471985,-96.20350509,20197.0,447.2659067955562,0.0,31,31,0,0,31,31,6899,0,0,0,0,0
2020-06-15,US,Kansas,Washington,1,0,0,39.78420784,-97.08753229999999,20201.0,18.49796522382538,0.0,1,1,0,0,1,1,5420,0,0,0,0,0
2020-06-15,US,Kansas,Wilson,1,0,0,37.55937174,-95.74323255,20205.0,11.730205278592374,0.0,1,1,0,0,1,1,8665,0,0,0,0,0
2020-06-15,US,Kansas,Woodson,6,0,0,37.8865336,-95.74006277,20207.0,191.20458891013385,0.0,6,6,0,0,6,6,3183,0,0,0,0,0
2020-06-15,US,Kansas,Wyandotte,1698,76,0,39.11727348,-94.76378225,20209.0,1026.4222113414214,4.47585394581861,1622,1660,76,0,1584,1638,165324,38,0,0,38,22
2020-06-15,US,Kentucky,Adair,101,19,0,37.10459774,-85.28129668,21001.0,525.9868763670449,18.811881188118807,82,101,19,0,82,101,19215,0,0,0,0,0
2020-06-15,US,Kentucky,Allen,135,3,0,36.75197631,-86.19457544,21003.0,633.356790992259,2.2222222222222223,132,132,3,0,129,132,21122,3,0,0,3,0
2020-06-15,US,Kentucky,Anderson,25,1,0,38.00671029,-84.99171713,21005.0,109.90460280476546,4.0,24,25,1,0,24,25,22663,0,0,0,0,0
2020-06-15,US,Kentucky,Ballard,14,0,0,37.05842757,-88.99427697,21007.0,177.4847870182556,0.0,14,14,0,0,14,14,7979,0,0,0,0,0
2020-06-15,US,Kentucky,Barren,66,2,0,36.96469836,-85.93338945,21009.0,149.15591312798028,3.0303030303030303,64,65,2,0,63,65,44176,1,0,0,1,0
2020-06-15,US,Kentucky,Bath,10,1,0,38.14735938,-83.74588932,21011.0,80.0,10.0,9,10,1,0,9,10,12383,0,0,0,0,0
2020-06-15,US,Kentucky,Bell,4,0,0,36.73355174,-83.67766671,21013.0,15.365703749231715,0.0,4,4,0,0,4,4,26569,0,0,0,0,0
2020-06-15,US,Kentucky,Boone,541,21,0,38.97065142,-84.72615357,21015.0,404.99771674115334,3.8817005545286505,520,539,21,0,518,539,131533,2,0,0,2,0
2020-06-15,US,Kentucky,Bourbon,25,1,0,38.2054607,-84.21827874,21017.0,126.33919547200323,4.0,24,24,1,0,23,24,20184,1,0,0,1,0
2020-06-15,US,Kentucky,Boyd,44,3,0,38.36176608,-82.68652187,21019.0,94.18211396035791,6.8181818181818175,41,44,3,0,41,44,47240,0,0,0,0,0
2020-06-15,US,Kentucky,Boyle,30,0,0,37.62680923,-84.8633779,21021.0,99.80039920159679,0.0,30,30,0,0,30,30,30100,0,0,0,0,0
2020-06-15,US,Kentucky,Bracken,14,0,0,38.69158994,-84.08532444,21023.0,168.61375406479587,0.0,14,14,0,0,14,14,8239,0,0,0,0,0
2020-06-15,US,Kentucky,Breathitt,4,0,0,37.52333168,-83.31959161,21025.0,31.670625494853525,0.0,4,3,0,0,3,3,12726,1,0,0,1,0
2020-06-15,US,Kentucky,Breckinridge,23,2,0,37.77377239,-86.42885017,21027.0,112.32114079210821,8.695652173913043,21,23,2,0,21,23,20388,0,0,0,0,0
2020-06-15,US,Kentucky,Bullitt,135,4,0,37.97162523,-85.68955617,21029.0,165.28723247955338,2.962962962962963,131,131,4,0,127,131,81069,4,0,0,4,0
2020-06-15,US,Kentucky,Butler,244,13,0,37.20946153,-86.68748787,21031.0,1894.5570308253743,5.327868852459017,231,243,13,0,230,243,12772,1,0,0,1,0
2020-06-15,US,Kentucky,Caldwell,12,0,0,37.14749129,-87.86948214,21033.0,94.13979759943516,0.0,12,12,0,0,12,12,12715,0,0,0,0,0
2020-06-15,US,Kentucky,Calloway,60,1,0,36.62093411,-88.2731593,21035.0,153.84220917412375,1.6666666666666667,59,57,1,0,56,57,39135,3,0,0,3,0
2020-06-15,US,Kentucky,Campbell,207,12,0,38.94384345,-84.37875208,21037.0,221.19165669345188,5.797101449275362,195,207,12,0,195,207,93152,0,0,0,0,0
2020-06-15,US,Kentucky,Carlisle,5,1,0,36.85372876,-88.96692220000001,21039.0,105.04201680672269,20.0,4,5,1,0,4,5,4771,0,0,0,0,0
2020-06-15,US,Kentucky,Carroll,17,0,0,38.66599534,-85.12601074,21041.0,159.90969805286426,0.0,17,17,0,0,17,17,10737,0,0,0,0,0
2020-06-15,US,Kentucky,Carter,18,0,0,38.31690743,-83.05092385,21043.0,67.17169832443929,0.0,18,18,0,0,18,18,27004,0,0,0,0,0
2020-06-15,US,Kentucky,Casey,10,0,0,37.32533118,-84.92726209,21045.0,61.885017637230035,0.0,10,10,0,0,10,10,15888,0,0,0,0,0
2020-06-15,US,Kentucky,Christian,138,3,0,36.89267803,-87.49055367,21047.0,195.85302507770257,2.1739130434782608,135,138,3,0,135,138,71671,0,0,0,0,0
2020-06-15,US,Kentucky,Clark,77,0,0,37.9689263,-84.14615986,21049.0,212.33764443096268,0.0,77,73,0,0,73,73,36249,4,0,0,4,0
2020-06-15,US,Kentucky,Clay,17,2,0,37.16451126,-83.712575,21051.0,85.4228430732124,11.764705882352944,15,13,2,0,11,13,20105,4,0,0,4,0
2020-06-15,US,Kentucky,Clinton,5,0,0,36.72581156,-85.13377529,21053.0,48.933255040125275,0.0,5,5,0,0,5,5,10206,0,0,0,0,0
2020-06-15,US,Kentucky,Crittenden,7,1,0,37.35839237,-88.08826090000002,21055.0,79.4912559618442,14.285714285714285,6,7,1,0,6,7,8915,0,0,0,0,0
2020-06-15,US,Kentucky,Cumberland,5,0,0,36.78926125,-85.39050034,21057.0,75.59721802237678,0.0,5,5,0,0,5,5,6659,0,0,0,0,0
2020-06-15,US,Kentucky,Daviess,360,8,0,37.73028906,-87.09019479999998,21059.0,354.64136891568404,2.2222222222222223,352,353,8,0,345,353,101104,7,0,0,7,0
2020-06-15,US,Kentucky,Edmonson,67,11,0,37.21218923,-86.23955613,21061.0,551.440329218107,16.417910447761194,56,65,11,0,54,65,12274,2,0,0,2,0
2020-06-15,US,Kentucky,Elliott,2,0,0,38.11624059,-83.09771563,21063.0,26.60635891978183,0.0,2,1,0,0,1,1,7508,1,0,0,1,0
2020-06-15,US,Kentucky,Estill,5,0,0,37.69241417,-83.95956369,21065.0,35.44590954203885,0.0,5,5,0,0,5,5,14198,0,0,0,0,0
2020-06-15,US,Kentucky,Fayette,1064,17,0,38.0368225,-84.45576892,21067.0,329.2568203198495,1.5977443609022557,1047,1026,16,0,1010,1026,323780,38,1,0,37,0
2020-06-15,US,Kentucky,Fleming,6,0,0,38.36758311,-83.69657514,21069.0,41.14944105342569,0.0,6,4,0,0,4,4,14432,2,0,0,2,0
2020-06-15,US,Kentucky,Floyd,19,0,0,37.56213922,-82.74750924,21071.0,53.387282587316314,0.0,19,19,0,0,19,19,35845,0,0,0,0,0
2020-06-15,US,Kentucky,Franklin,98,2,0,38.2379395,-84.87962551,21073.0,192.1907787648801,2.0408163265306123,96,96,2,0,94,96,50815,2,0,0,2,0
2020-06-15,US,Kentucky,Fulton,12,0,0,36.55238827,-89.20140068,21075.0,201.03869994974036,0.0,12,12,0,0,12,12,6120,0,0,0,0,0
2020-06-15,US,Kentucky,Gallatin,57,7,0,38.75398691,-84.8558382,21077.0,642.6880144322922,12.280701754385964,50,57,7,0,50,57,8832,0,0,0,0,0
2020-06-15,US,Kentucky,Garrard,11,0,0,37.638866799999995,-84.53289319,21079.0,62.266500622665006,0.0,11,10,0,0,10,10,17560,1,0,0,1,0
2020-06-15,US,Kentucky,Grant,53,4,0,38.64962758,-84.62415957,21081.0,211.41649048625797,7.547169811320754,49,53,4,0,49,53,25121,0,0,0,0,0
2020-06-15,US,Kentucky,Graves,175,20,0,36.72292505,-88.65143315,21083.0,469.59695164493104,11.428571428571427,155,173,20,0,153,173,37317,2,0,0,2,0
2020-06-15,US,Kentucky,Grayson,137,11,0,37.46231118,-86.34248968,21085.0,518.4092027093503,8.02919708029197,126,137,11,0,126,137,26321,0,0,0,0,0
2020-06-15,US,Kentucky,Green,3,0,0,37.26484328,-85.5540745,21087.0,27.41979709350151,0.0,3,3,0,0,3,3,11049,0,0,0,0,0
2020-06-15,US,Kentucky,Greenup,16,0,0,38.54332505,-82.9215658,21089.0,45.586643113567725,0.0,16,16,0,0,16,16,35268,0,0,0,0,0
2020-06-15,US,Kentucky,Hancock,9,0,0,37.83766422,-86.78280584,21091.0,103.18734235267141,0.0,9,9,0,0,9,9,8758,0,0,0,0,0
2020-06-15,US,Kentucky,Hardin,133,4,0,37.6976111,-85.96319251,21093.0,119.8651742100615,3.0075187969924815,129,133,4,0,129,133,110356,0,0,0,0,0
2020-06-15,US,Kentucky,Harlan,13,0,0,36.85699301,-83.21899516,21095.0,49.98077662437524,0.0,13,11,0,0,11,11,26409,2,0,0,2,0
2020-06-15,US,Kentucky,Harrison,34,0,0,38.44188174,-84.32869741,21097.0,180.02753362278938,0.0,34,34,0,0,34,34,18778,0,0,0,0,0
2020-06-15,US,Kentucky,Hart,30,0,0,37.29943898,-85.88461055,21099.0,157.60441292356185,0.0,30,30,0,0,30,30,18906,0,0,0,0,0
2020-06-15,US,Kentucky,Henderson,133,3,0,37.79344553,-87.57392021,21101.0,294.182702941827,2.255639097744361,130,129,3,0,126,129,45591,4,0,0,4,0
2020-06-15,US,Kentucky,Henry,26,2,0,38.44942688,-85.11587507,21103.0,161.23031129852413,7.6923076923076925,24,26,1,0,25,26,16106,0,1,0,-1,0
2020-06-15,US,Kentucky,Hickman,5,0,0,36.67948079999999,-88.97875928,21105.0,114.15525114155253,0.0,5,5,0,0,5,5,4421,0,0,0,0,0
2020-06-15,US,Kentucky,Hopkins,229,31,0,37.30939025,-87.54670406,21107.0,512.4647540616749,13.537117903930133,198,228,31,0,197,228,45068,1,0,0,1,0
2020-06-15,US,Kentucky,Jackson,63,13,0,37.41866422,-83.99825483,21109.0,472.65361242403776,20.63492063492064,50,63,13,0,50,63,13442,0,0,0,0,0
2020-06-15,US,Kentucky,Jefferson,3363,176,0,38.18664655,-85.65931031,21111.0,438.6004953329412,5.2334225393993465,3187,3323,175,0,3148,3323,770517,40,1,0,39,0
2020-06-15,US,Kentucky,Jessamine,83,0,0,37.87119786,-84.58252003,21113.0,153.37706735655547,0.0,83,82,0,0,82,82,53920,1,0,0,1,0
2020-06-15,US,Kentucky,Johnson,6,0,0,37.85106355,-82.8264322,21115.0,27.041644131963224,0.0,6,6,0,0,6,6,22386,0,0,0,0,0
2020-06-15,US,Kentucky,Kenton,690,36,0,38.93950319,-84.53241199,21117.0,413.1786009413287,5.217391304347826,654,690,36,0,654,690,166051,0,0,0,0,0
2020-06-15,US,Kentucky,Knott,4,0,0,37.35388197,-82.94981134,21119.0,27.016074564365802,0.0,4,4,0,0,4,4,15126,0,0,0,0,0
2020-06-15,US,Kentucky,Knox,11,0,0,36.89225732,-83.85403396,21121.0,35.318670733665115,0.0,11,11,0,0,11,11,31304,0,0,0,0,0
2020-06-15,US,Kentucky,Larue,11,1,0,37.54567114,-85.70138352,21123.0,76.3994999305459,9.090909090909092,10,11,1,0,10,11,14307,0,0,0,0,0
2020-06-15,US,Kentucky,Laurel,30,2,0,37.10975748,-84.11321779,21125.0,49.331557397267034,6.666666666666668,28,29,2,0,27,29,60669,1,0,0,1,0
2020-06-15,US,Kentucky,Lawrence,5,0,0,38.07136018,-82.72882223,21127.0,32.64346804204479,0.0,5,5,0,0,5,5,15571,0,0,0,0,0
2020-06-15,US,Kentucky,Lee,1,0,0,37.59645942,-83.71513901,21129.0,13.508037282182901,0.0,1,1,0,0,1,1,7033,0,0,0,0,0
2020-06-15,US,Kentucky,Leslie,6,0,0,37.09246661,-83.37999606,21131.0,60.74719044244203,0.0,6,6,0,0,6,6,10143,0,0,0,0,0
2020-06-15,US,Kentucky,Letcher,4,0,0,37.12306748,-82.85346474,21133.0,18.558901313042266,0.0,4,3,0,0,3,3,21899,1,0,0,1,0
2020-06-15,US,Kentucky,Lewis,14,0,0,38.53184419,-83.37735618,21135.0,105.46139359698681,0.0,14,13,0,0,13,13,13257,1,0,0,1,0
2020-06-15,US,Kentucky,Lincoln,15,1,0,37.45475628,-84.6565327,21137.0,61.10228522546743,6.666666666666668,14,15,1,0,14,15,24644,0,0,0,0,0
2020-06-15,US,Kentucky,Livingston,9,0,0,37.21137452,-88.34797529,21139.0,97.88992821405265,0.0,9,9,0,0,9,9,9242,0,0,0,0,0
2020-06-15,US,Kentucky,Logan,199,9,0,36.85949479,-86.877635,21141.0,734.2631540107741,4.522613065326633,190,195,8,0,187,195,26989,4,1,0,3,0
2020-06-15,US,Kentucky,Lyon,18,3,0,37.02080035,-88.07886257,21143.0,219.2448233861145,16.666666666666668,15,18,3,0,15,18,8009,0,0,0,0,0
2020-06-15,US,Kentucky,Madison,77,1,0,37.71659336,-84.27220275,21151.0,82.80727413509416,1.2987012987012987,76,76,1,0,75,76,92368,1,0,0,1,0
2020-06-15,US,Kentucky,Magoffin,4,0,0,37.70820545,-83.0657714,21153.0,32.89203190527095,0.0,4,4,0,0,4,4,12362,0,0,0,0,0
2020-06-15,US,Kentucky,Marion,42,0,0,37.55218078,-85.26898542,21155.0,217.92144450786077,0.0,42,42,0,0,42,42,19404,0,0,0,0,0
2020-06-15,US,Kentucky,Marshall,44,2,0,36.88007070000001,-88.32803576,21157.0,141.4790996784566,4.545454545454546,42,41,2,0,39,41,31191,3,0,0,3,0
2020-06-15,US,Kentucky,Martin,3,0,0,37.79990579,-82.51247478,21159.0,26.797677534613662,0.0,3,3,0,0,3,3,11323,0,0,0,0,0
2020-06-15,US,Kentucky,Mason,16,0,0,38.59471935,-83.82151043,21161.0,93.73169302870535,0.0,16,16,0,0,16,16,17150,0,0,0,0,0
2020-06-15,US,Kentucky,McCracken,123,3,0,37.05350953,-88.70445755,21145.0,188.0216454186921,2.4390243902439024,120,117,3,0,114,117,65346,6,0,0,6,0
2020-06-15,US,Kentucky,McCreary,13,0,0,36.73874143,-84.48102924,21147.0,75.44541814172132,0.0,13,13,0,0,13,13,17408,0,0,0,0,0
2020-06-15,US,Kentucky,McLean,23,1,0,37.5301951,-87.26803443,21149.0,249.80992722928212,4.3478260869565215,22,23,1,0,22,23,9252,0,0,0,0,0
2020-06-15,US,Kentucky,Meade,24,2,0,37.96163597,-86.21028219,21163.0,83.99832003359933,8.333333333333334,22,24,2,0,22,24,28715,0,0,0,0,0
2020-06-15,US,Kentucky,Menifee,10,0,0,37.94090733,-83.59985712,21165.0,154.10695022345507,0.0,10,10,0,0,10,10,6451,0,0,0,0,0
2020-06-15,US,Kentucky,Mercer,16,0,0,37.81474237,-84.87488475,21167.0,72.94943692153376,0.0,16,16,0,0,16,16,21774,0,0,0,0,0
2020-06-15,US,Kentucky,Metcalfe,8,2,0,36.99459295,-85.63123699,21169.0,79.43600436898024,25.0,6,7,2,0,5,7,10030,1,0,0,1,0
2020-06-15,US,Kentucky,Monroe,31,0,0,36.71225341,-85.71596443,21171.0,291.0798122065728,0.0,31,29,0,0,29,29,10718,2,0,0,2,0
2020-06-15,US,Kentucky,Montgomery,37,0,0,38.03253032,-83.9145241,21173.0,131.40604467805522,0.0,37,37,0,0,37,37,28203,0,0,0,0,0
2020-06-15,US,Kentucky,Morgan,6,0,0,37.92465657,-83.25558245,21175.0,45.08227515215268,0.0,6,6,0,0,6,6,13345,0,0,0,0,0
2020-06-15,US,Kentucky,Muhlenberg,482,8,0,37.21425819,-87.14632053,21177.0,1574.031741884919,1.6597510373443984,474,481,8,0,473,481,30774,1,0,0,1,0
2020-06-15,US,Kentucky,Nelson,48,1,0,37.80335779,-85.4657193,21179.0,103.82194536370123,2.083333333333333,47,48,1,0,47,48,45851,0,0,0,0,0
2020-06-15,US,Kentucky,Nicholas,4,0,0,38.33342292,-84.01889177,21181.0,55.02820195350117,0.0,4,4,0,0,4,4,7166,0,0,0,0,0
2020-06-15,US,Kentucky,Ohio,164,0,0,37.47751843,-86.85368087,21183.0,683.5042093856798,0.0,164,162,0,0,162,162,24087,2,0,0,2,0
2020-06-15,US,Kentucky,Oldham,113,6,0,38.39791089,-85.448222,21185.0,169.1642090450456,5.3097345132743365,107,113,6,0,107,113,66470,0,0,0,0,0
2020-06-15,US,Kentucky,Owen,4,0,0,38.51679143,-84.82404619,21187.0,36.693881295294005,0.0,4,4,0,0,4,4,10880,0,0,0,0,0
2020-06-15,US,Kentucky,Owsley,2,0,0,37.42823949,-83.68811419,21189.0,45.30011325028314,0.0,2,2,0,0,2,2,4472,0,0,0,0,0
2020-06-15,US,Kentucky,Pendleton,14,0,0,38.69607718,-84.35599463,21191.0,95.95613433858809,0.0,14,14,0,0,14,14,14529,0,0,0,0,0
2020-06-15,US,Kentucky,Perry,24,0,0,37.25023553,-83.22922731,21193.0,93.17493594223154,0.0,24,23,0,0,23,23,26092,1,0,0,1,0
2020-06-15,US,Kentucky,Pike,48,2,0,37.47088263,-82.39487445,21195.0,82.93593199253576,4.166666666666667,46,47,2,0,45,47,58402,1,0,0,1,0
2020-06-15,US,Kentucky,Powell,5,0,0,37.83218794,-83.82553961,21197.0,40.456347600938585,0.0,5,4,0,0,4,4,12442,1,0,0,1,0
2020-06-15,US,Kentucky,Pulaski,72,2,0,37.10466131,-84.57629079,21199.0,110.805029317164,2.7777777777777777,70,71,2,0,69,71,64623,1,0,0,1,0
2020-06-15,US,Kentucky,Rockcastle,14,0,0,37.36642393,-84.31176452,21203.0,83.85744234800839,0.0,14,14,0,0,14,14,16750,0,0,0,0,0
2020-06-15,US,Kentucky,Rowan,15,0,0,38.19484205,-83.42088935,21205.0,61.32461161079314,0.0,15,13,0,0,13,13,24583,2,0,0,2,0
2020-06-15,US,Kentucky,Russell,38,4,0,36.99308373,-85.06070117,21207.0,212.01807733080398,10.526315789473683,34,37,4,0,33,37,17821,1,0,0,1,0
2020-06-15,US,Kentucky,Scott,43,0,0,38.29622293,-84.5816631,21209.0,75.43330292611044,0.0,43,41,0,0,41,41,56031,2,0,0,2,0
2020-06-15,US,Kentucky,Shelby,277,6,0,38.21476019,-85.194223,21211.0,565.0293733681463,2.166064981949458,271,268,6,0,262,268,48518,9,0,0,9,0
2020-06-15,US,Kentucky,Simpson,59,3,0,36.74058474,-86.58047435,21213.0,317.6825328451432,5.084745762711863,56,59,3,0,56,59,18529,0,0,0,0,0
2020-06-15,US,Kentucky,Spencer,26,0,0,38.03223971,-85.32749335,21215.0,134.35998139631027,0.0,26,26,0,0,26,26,18794,0,0,0,0,0
2020-06-15,US,Kentucky,Taylor,17,1,0,37.3677562,-85.3329931,21217.0,65.97074003647793,5.882352941176472,16,16,1,0,15,16,25549,1,0,0,1,0
2020-06-15,US,Kentucky,Todd,23,0,0,36.8381152,-87.17878374,21219.0,187.0831299821051,0.0,23,23,0,0,23,23,12311,0,0,0,0,0
2020-06-15,US,Kentucky,Trigg,17,0,0,36.80767017,-87.87333656,21221.0,116.03303528769369,0.0,17,17,0,0,17,17,14643,0,0,0,0,0
2020-06-15,US,Kentucky,Trimble,4,0,0,38.61056487,-85.33775972,21223.0,47.21992680911345,0.0,4,4,0,0,4,4,8515,0,0,0,0,0
2020-06-15,US,Kentucky,Unassigned,11,0,0,0.0,0.0,90021.0,0.0,0.0,11,11,0,0,11,11,,0,0,0,0,0
2020-06-15,US,Kentucky,Union,19,0,0,37.66166713,-87.94300009,21225.0,132.11876781864962,0.0,19,17,0,0,17,17,14505,2,0,0,2,0
2020-06-15,US,Kentucky,Warren,1275,10,0,36.99903045,-86.42672751,21227.0,959.3968215747653,0.7843137254901961,1265,1248,8,0,1240,1248,131264,27,2,0,25,0
2020-06-15,US,Kentucky,Washington,14,0,0,37.75599461,-85.17407732,21229.0,115.75031004547334,0.0,14,14,0,0,14,14,12084,0,0,0,0,0
2020-06-15,US,Kentucky,Wayne,10,0,0,36.80310688,-84.8251971,21231.0,49.18113411695274,0.0,10,10,0,0,10,10,20468,0,0,0,0,0
2020-06-15,US,Kentucky,Webster,37,0,0,37.52168356,-87.67989953,21233.0,285.8908978519549,0.0,37,36,0,0,36,36,13111,1,0,0,1,0
2020-06-15,US,Kentucky,Whitley,17,0,0,36.75700531,-84.14541217,21235.0,46.87844694462828,0.0,17,17,0,0,17,17,36242,0,0,0,0,0
2020-06-15,US,Kentucky,Wolfe,1,0,0,37.73941626,-83.49303612,21237.0,13.972334777141258,0.0,1,1,0,0,1,1,7177,0,0,0,0,0
2020-06-15,US,Kentucky,Woodford,51,0,0,38.04178222,-84.7417556,21239.0,190.76831001720655,0.0,51,48,0,0,48,48,26533,3,0,0,3,0
2020-06-15,US,Louisiana,Acadia,597,31,0,30.295064899999996,-92.41419698,22001.0,962.204851317592,5.192629815745394,566,583,31,0,552,577,62190,14,0,0,14,6
2020-06-15,US,Louisiana,Allen,226,10,0,30.65385745,-92.82442028,22003.0,881.8823896671478,4.424778761061948,216,222,10,0,212,210,25605,4,0,0,4,12
2020-06-15,US,Louisiana,Ascension,948,58,0,30.20406249,-90.91328409999998,22005.0,748.791507377334,6.118143459915612,890,935,58,0,877,931,124672,13,0,0,13,4
2020-06-15,US,Louisiana,Assumption,274,14,0,29.89946234,-91.06461642,22007.0,1251.6559316614137,5.109489051094892,260,269,14,0,255,263,22300,5,0,0,5,6
2020-06-15,US,Louisiana,Avoyelles,188,9,0,31.07796211,-92.00079449,22009.0,468.3140693503388,4.787234042553191,179,185,9,0,176,184,40462,3,0,0,3,1
2020-06-15,US,Louisiana,Beauregard,136,6,0,30.64836518,-93.34173616,22011.0,362.6956823212524,4.411764705882354,130,134,6,0,128,134,37253,2,0,0,2,0
2020-06-15,US,Louisiana,Bienville,175,24,0,32.34569994,-93.05398492,22013.0,1321.652443168945,13.714285714285715,151,173,24,0,149,172,13308,2,0,0,2,1
2020-06-15,US,Louisiana,Bossier,510,28,0,32.67932307,-93.60460152,22015.0,401.451522760727,5.490196078431373,482,502,28,0,474,494,127185,8,0,0,8,8
2020-06-15,US,Louisiana,Caddo,2869,214,0,32.57991587,-93.88375652,22017.0,1194.40142545503,7.459044963401882,2655,2853,213,0,2640,2830,242922,16,1,0,15,23
2020-06-15,US,Louisiana,Calcasieu,772,51,0,30.22931235,-93.35400434,22019.0,379.4805245875853,6.606217616580311,721,755,51,0,704,741,203112,17,0,0,17,14
2020-06-15,US,Louisiana,Caldwell,83,1,0,32.0902519,-92.11752148,22021.0,836.8622706190764,1.2048192771084338,82,83,1,0,82,79,9960,0,0,0,0,4
2020-06-15,US,Louisiana,Cameron,11,0,0,29.87592238,-93.19310676,22023.0,157.75132654524594,0.0,11,11,0,0,11,11,6968,0,0,0,0,0
2020-06-15,US,Louisiana,Catahoula,131,3,0,31.66778967,-91.84526385,22025.0,1379.8188329471247,2.2900763358778624,128,130,3,0,127,130,9608,1,0,0,1,0
2020-06-15,US,Louisiana,Claiborne,78,10,0,32.82308512,-92.99526883,22027.0,497.76643267389915,12.82051282051282,68,77,10,0,67,76,15944,1,0,0,1,1
2020-06-15,US,Louisiana,Concordia,107,5,0,31.44817835,-91.63814433,22029.0,555.5844020977205,4.672897196261682,102,105,5,0,100,105,19572,2,0,0,2,0
2020-06-15,US,Louisiana,De Soto,271,17,0,32.05457447,-93.74130302,22031.0,986.7822160725341,6.2730627306273075,254,271,17,0,254,270,27436,0,0,0,0,1
2020-06-15,US,Louisiana,East Baton Rouge,4284,259,0,30.53842039,-91.09777565,22033.0,973.5058253552363,6.045751633986927,4025,4226,258,0,3968,4197,440956,58,1,0,57,29
2020-06-15,US,Louisiana,East Carroll,243,0,0,32.73926954,-91.23425694,22035.0,3541.757761259292,0.0,243,235,0,0,235,222,7037,8,0,0,8,13
2020-06-15,US,Louisiana,East Feliciana,227,32,0,30.84425359,-91.04976723,22037.0,1186.3078129082833,14.09691629955947,195,226,32,0,194,225,19305,1,0,0,1,1
2020-06-15,US,Louisiana,Evangeline,91,1,0,30.72985248,-92.39915924,22039.0,272.49588261715826,1.0989010989010992,90,89,1,0,88,89,33443,2,0,0,2,0
2020-06-15,US,Louisiana,Franklin,424,13,0,32.13675181,-91.67589857,22041.0,2118.4111916062952,3.0660377358490565,411,415,13,0,402,415,20156,9,0,0,9,0
2020-06-15,US,Louisiana,Grant,61,1,0,31.59882456,-92.56124347,22043.0,272.4552235472777,1.639344262295082,60,59,1,0,58,58,22482,2,0,0,2,1
2020-06-15,US,Louisiana,Iberia,465,42,0,29.86803617,-91.75871777,22045.0,665.9029070600029,9.03225806451613,423,461,42,0,419,459,70941,4,0,0,4,2
2020-06-15,US,Louisiana,Iberville,615,43,0,30.25734305,-91.3499598,22047.0,1891.6674356371689,6.991869918699187,572,610,43,0,567,610,32721,5,0,0,5,0
2020-06-15,US,Louisiana,Jackson,162,15,0,32.30251776,-92.55692092,22049.0,1028.9634146341464,9.25925925925926,147,158,15,0,143,158,15902,4,0,0,4,0
2020-06-15,US,Louisiana,Jefferson,8416,467,0,29.74075478,-90.11115756,22051.0,1945.9274485367396,5.548954372623575,7949,8379,466,0,7913,8339,434051,37,1,0,36,40
2020-06-15,US,Louisiana,Jefferson Davis,133,7,0,30.26896765,-92.81210004,22053.0,423.99897985207855,5.2631578947368425,126,132,7,0,125,131,31582,1,0,0,1,1
2020-06-15,US,Louisiana,LaSalle,80,0,0,31.67884782,-92.15907765,22059.0,537.2011818426,0.0,80,77,0,0,77,76,14917,3,0,0,3,1
2020-06-15,US,Louisiana,Lafayette,1202,32,0,30.2049055,-92.06959876,22055.0,491.8368182004174,2.6622296173044924,1170,1148,32,0,1116,1140,242782,54,0,0,54,8
2020-06-15,US,Louisiana,Lafourche,983,77,0,29.52470226,-90.40976986,22057.0,1007.0276804556723,7.833163784333672,906,973,77,0,896,968,98115,10,0,0,10,5
2020-06-15,US,Louisiana,Lincoln,241,18,0,32.6003154,-92.66597409999999,22061.0,515.5962517650079,7.4688796680497935,223,235,18,0,217,227,47196,6,0,0,6,8
2020-06-15,US,Louisiana,Livingston,546,32,0,30.44143993,-90.73061664,22063.0,387.81438890822443,5.86080586080586,514,526,32,0,494,525,139567,20,0,0,20,1
2020-06-15,US,Louisiana,Madison,286,2,0,32.36918118,-91.23973355,22065.0,2611.6336407634008,0.6993006993006993,284,270,2,0,268,261,11161,16,0,0,16,9
2020-06-15,US,Louisiana,Morehouse,161,6,0,32.81686191,-91.80421614,22067.0,647.2622014955375,3.7267080745341614,155,158,6,0,152,153,25398,3,0,0,3,5
2020-06-15,US,Louisiana,Natchitoches,194,13,0,31.72321584,-93.09816516,22069.0,508.4123905865087,6.7010309278350535,181,191,13,0,178,191,38659,3,0,0,3,0
2020-06-15,US,Louisiana,Orleans,7411,519,0,30.06971951,-89.92660315,22071.0,1899.555036089239,7.00310349480502,6892,7393,518,0,6875,7374,391006,18,1,0,17,19
2020-06-15,US,Louisiana,Ouachita,1813,59,0,32.47645559,-92.15704172,22073.0,1182.8104306526006,3.2542746828461118,1754,1782,59,0,1723,1744,154475,31,0,0,31,38
2020-06-15,US,Louisiana,Plaquemines,228,17,0,29.42245447,-89.60322085,22075.0,982.8857179807733,7.456140350877192,211,228,17,0,211,228,23410,0,0,0,0,0
2020-06-15,US,Louisiana,Pointe Coupee,221,25,0,30.71409502,-91.60209535,22077.0,1017.0271514035896,11.312217194570133,196,218,25,0,193,218,21940,3,0,0,3,0
2020-06-15,US,Louisiana,Rapides,1193,41,0,31.19778499,-92.52997303,22079.0,920.1838825126497,3.4367141659681475,1152,1145,41,0,1104,1132,130562,48,0,0,48,13
2020-06-15,US,Louisiana,Red River,53,7,0,32.09530039,-93.34213308,22081.0,627.8133143804786,13.20754716981132,46,52,7,0,45,52,8477,1,0,0,1,0
2020-06-15,US,Louisiana,Richland,164,3,0,32.41391005,-91.76634876,22083.0,815.0283272040551,1.8292682926829267,161,163,3,0,160,163,20192,1,0,0,1,0
2020-06-15,US,Louisiana,Sabine,59,1,0,31.56388699,-93.55433981,22085.0,247.02729860994808,1.6949152542372878,58,59,1,0,58,59,24032,0,0,0,0,0
2020-06-15,US,Louisiana,St. Bernard,571,23,0,29.87761636,-89.51887093,22087.0,1208.6190839048345,4.028021015761821,548,569,23,0,546,568,46721,2,0,0,2,1
2020-06-15,US,Louisiana,St. Charles,661,46,0,29.90709658,-90.35555967,22089.0,1244.821092278719,6.959152798789713,615,660,46,0,614,656,52879,1,0,0,1,4
2020-06-15,US,Louisiana,St. Helena,58,1,0,30.82210324,-90.71013176,22091.0,572.4437425977103,1.7241379310344829,57,58,1,0,57,58,10262,0,0,0,0,0
2020-06-15,US,Louisiana,St. James,308,27,0,30.02531716,-90.80212061,22093.0,1459.9924156238146,8.766233766233766,281,308,27,0,281,308,21037,0,0,0,0,0
2020-06-15,US,Louisiana,St. John the Baptist,892,83,0,30.12597499,-90.4753503,22095.0,2082.3120199827254,9.304932735426007,809,891,83,0,808,889,43184,1,0,0,1,2
2020-06-15,US,Louisiana,St. Landry,370,55,0,30.59724262,-92.00135806,22097.0,450.5382105109347,14.864864864864865,315,360,55,0,305,358,82764,10,0,0,10,2
2020-06-15,US,Louisiana,St. Martin,351,27,0,30.13112107,-91.61403569,22099.0,656.9220115663193,7.6923076923076925,324,343,27,0,316,340,53621,8,0,0,8,3
2020-06-15,US,Louisiana,St. Mary,359,33,0,29.69262097,-91.44702164,22101.0,727.4864229553377,9.192200557103064,326,356,33,0,323,353,49774,3,0,0,3,3
2020-06-15,US,Louisiana,St. Tammany,1954,169,0,30.40942847,-89.95642711,22103.0,750.3292770496778,8.6489252814739,1785,1942,168,0,1774,1931,258111,12,1,0,11,11
2020-06-15,US,Louisiana,Tangipahoa,1048,42,0,30.62888673,-90.40664996,22105.0,777.6903783077812,4.00763358778626,1006,1042,42,0,1000,1039,133777,6,0,0,6,3
2020-06-15,US,Louisiana,Tensas,22,0,0,32.00760749,-91.32915234,22107.0,507.6142131979696,0.0,22,22,0,0,22,22,4462,0,0,0,0,0
2020-06-15,US,Louisiana,Terrebonne,812,57,0,29.37343766,-90.82626855,22109.0,735.1010763980048,7.019704433497537,755,801,57,0,744,792,111021,11,0,0,11,9
2020-06-15,US,Louisiana,Unassigned,319,112,0,0.0,0.0,90022.0,0.0,35.10971786833856,207,293,113,0,180,293,,26,-1,0,27,0
2020-06-15,US,Louisiana,Union,422,20,0,32.83121059,-92.3749373,22111.0,1908.811290030758,4.739336492890995,402,411,20,0,391,409,22330,11,0,0,11,2
2020-06-15,US,Louisiana,Vermilion,81,5,0,29.83517605,-92.30292538,22113.0,136.1092907193628,6.172839506172839,76,79,5,0,74,79,59830,2,0,0,2,0
2020-06-15,US,Louisiana,Vernon,54,3,0,31.10884837,-93.18153838,22115.0,113.85439288199206,5.5555555555555545,51,53,3,0,50,51,48860,1,0,0,1,2
2020-06-15,US,Louisiana,Washington,546,43,0,30.85288548,-90.03866652,22117.0,1181.9716846343679,7.875457875457876,503,532,43,0,489,528,46582,14,0,0,14,4
2020-06-15,US,Louisiana,Webster,248,8,0,32.70847669,-93.33121835,22119.0,646.8440271257173,3.2258064516129035,240,244,8,0,236,242,38798,4,0,0,4,2
2020-06-15,US,Louisiana,West Baton Rouge,204,31,0,30.46058217,-91.30989571,22121.0,770.8293973172113,15.196078431372547,173,204,31,0,173,202,26427,0,0,0,0,2
2020-06-15,US,Louisiana,West Carroll,115,3,0,32.78550125,-91.461201,22123.0,1061.865189289012,2.608695652173913,112,112,3,0,109,104,10982,3,0,0,3,8
2020-06-15,US,Louisiana,West Feliciana,231,14,0,30.87882871,-91.41485379999999,22125.0,1483.8129496402878,6.0606060606060606,217,231,14,0,217,229,15460,0,0,0,0,2
2020-06-15,US,Louisiana,Winn,214,3,0,31.94449367,-92.63789413,22127.0,1539.1254315304948,1.4018691588785046,211,212,3,0,209,211,14134,2,0,0,2,1
2020-06-15,US,Maine,Androscoggin,429,4,0,44.1664747,-70.20380627,23001.0,396.20602713410966,0.9324009324009324,425,425,3,0,422,419,107679,4,1,0,3,6
2020-06-15,US,Maine,Aroostook,10,1,0,46.65926321,-68.59841248,23003.0,14.913131011855938,10.0,9,10,1,0,9,10,67111,0,0,0,0,0
2020-06-15,US,Maine,Cumberland,1445,57,0,43.8370751,-70.37226999,23005.0,489.8255271980285,3.944636678200692,1388,1434,57,0,1377,1414,293557,11,0,0,11,20
2020-06-15,US,Maine,Franklin,37,1,0,44.97330019,-70.44381045,23007.0,122.52061326533993,2.702702702702702,36,37,1,0,36,37,29897,0,0,0,0,0
2020-06-15,US,Maine,Hancock,13,1,0,44.59816444,-68.38401854,23009.0,23.64195173404623,7.6923076923076925,12,13,1,0,12,13,54811,0,0,0,0,0
2020-06-15,US,Maine,Kennebec,136,9,0,44.40759555,-69.76738544,23011.0,111.20014390606859,6.617647058823528,127,136,9,0,127,136,122083,0,0,0,0,0
2020-06-15,US,Maine,Knox,23,1,0,44.11486325,-69.10529169,23013.0,57.82962888464246,4.3478260869565215,22,22,1,0,21,22,39771,1,0,0,1,0
2020-06-15,US,Maine,Lincoln,21,0,0,44.05996956,-69.54227124,23015.0,60.63405901715078,0.0,21,21,0,0,21,21,34342,0,0,0,0,0
2020-06-15,US,Maine,Oxford,34,0,0,44.49952995,-70.75682123,23017.0,58.64596808969383,0.0,34,33,0,0,33,31,57618,1,0,0,1,2
2020-06-15,US,Maine,Penobscot,102,2,0,45.40194593,-68.65020455,23019.0,67.03998738070824,1.96078431372549,100,102,2,0,100,102,151096,0,0,0,0,0
2020-06-15,US,Maine,Piscataquis,1,0,0,45.83839062,-69.2860223,23021.0,5.957700327673518,0.0,1,1,0,0,1,1,16800,0,0,0,0,0
2020-06-15,US,Maine,Sagadahoc,30,0,0,43.95415864,-69.85074999,23023.0,83.66800535475234,0.0,30,30,0,0,30,30,35634,0,0,0,0,0
2020-06-15,US,Maine,Somerset,25,0,0,45.51229767,-69.95995554,23025.0,49.52064020283654,0.0,25,25,0,0,25,25,50592,0,0,0,0,0
2020-06-15,US,Maine,Unassigned,2,0,0,0.0,0.0,90023.0,0.0,0.0,2,2,0,0,2,2,,0,0,0,0,0
2020-06-15,US,Maine,Waldo,55,14,0,44.4858305,-69.12061935,23027.0,138.48671786478658,25.45454545454545,41,55,14,0,41,55,39694,0,0,0,0,0
2020-06-15,US,Maine,Washington,1,0,0,45.01607142,-67.62813524,23029.0,3.1868447050575224,0.0,1,1,0,0,1,1,31490,0,0,0,0,0
2020-06-15,US,Maine,York,446,11,0,43.47808377,-70.71052375,23031.0,214.79380276534985,2.4663677130044843,435,446,11,0,435,438,206229,0,0,0,0,8
2020-06-15,US,Maryland,Allegany,187,17,0,39.62357628,-78.69280486,24001.0,265.5646443990002,9.090909090909092,170,187,17,0,170,187,70975,0,0,0,0,0
2020-06-15,US,Maryland,Anne Arundel,4623,194,0,39.00670238,-76.60329337,24003.0,798.123038357555,4.196409258057538,4429,4607,194,0,4413,4522,576031,16,0,0,16,85
2020-06-15,US,Maryland,Baltimore,7199,424,0,39.45784712,-76.62911955,24005.0,870.1064819850853,5.88970690373663,6775,7151,422,0,6729,7107,828431,48,2,0,46,44
2020-06-15,US,Maryland,Baltimore City,6747,301,0,39.30211911,-76.61151012,24510.0,1136.8346560177933,4.461242033496369,6446,6689,301,0,6388,6633,621342,58,0,0,58,56
2020-06-15,US,Maryland,Calvert,376,21,0,38.53961642,-76.56820632,24009.0,406.37665495811945,5.585106382978723,355,375,21,0,354,373,92003,1,0,0,1,2
2020-06-15,US,Maryland,Caroline,283,2,0,38.87172293,-75.82904158,24011.0,847.1532060108963,0.7067137809187279,281,283,2,0,281,282,33304,0,0,0,0,1
2020-06-15,US,Maryland,Carroll,992,105,0,39.56453592,-77.02373735,24013.0,588.909271165411,10.584677419354838,887,989,105,0,884,983,168429,3,0,0,3,6
2020-06-15,US,Maryland,Cecil,445,30,0,39.56647682,-75.94627411,24015.0,432.64790238685526,6.741573033707866,415,443,30,0,413,439,102826,2,0,0,2,4
2020-06-15,US,Maryland,Charles,1272,83,0,38.51092331,-76.98580666,24017.0,779.1396387291202,6.5251572327044025,1189,1269,83,0,1186,1264,161503,3,0,0,3,5
2020-06-15,US,Maryland,Dorchester,165,4,0,38.45413522,-76.02752426,24019.0,516.7715869585643,2.4242424242424243,161,162,4,0,158,161,31998,3,0,0,3,1
2020-06-15,US,Maryland,Frederick,2298,114,0,39.47296601,-77.39999394,24021.0,885.3887735169353,4.9608355091383824,2184,2273,114,0,2159,2251,255648,25,0,0,25,22
2020-06-15,US,Maryland,Garrett,10,0,0,39.52786077,-79.27355126,24023.0,34.46611980423244,0.0,10,10,0,0,10,10,29163,0,0,0,0,0
2020-06-15,US,Maryland,Harford,1019,58,0,39.55010644,-76.30775940000002,24025.0,398.9179497418191,5.691854759568204,961,1009,58,0,951,1004,253956,10,0,0,10,5
2020-06-15,US,Maryland,Howard,2350,75,0,39.25305293,-76.93126208,24027.0,721.5450274801193,3.191489361702128,2275,2335,74,0,2261,2371,323196,15,1,0,14,-36
2020-06-15,US,Maryland,Kent,193,24,0,39.24976208,-76.04741541,24029.0,993.7184635979816,12.43523316062176,169,193,23,0,170,192,19383,0,1,0,-1,1
2020-06-15,US,Maryland,Montgomery,13657,694,0,39.13676329,-77.20358245,24031.0,1299.8149783760734,5.081643113421689,12963,13607,690,0,12917,13534,1052567,50,4,0,46,73
2020-06-15,US,Maryland,Prince George's,17400,640,0,38.83070039,-76.8496441,24033.0,1913.5030632544726,3.67816091954023,16760,17326,637,0,16689,17216,909308,74,3,0,71,110
2020-06-15,US,Maryland,Queen Anne's,183,12,0,39.06198912,-76.03530977,24035.0,363.2321708580616,6.557377049180328,171,180,12,0,168,179,50251,3,0,0,3,1
2020-06-15,US,Maryland,Somerset,80,3,0,38.1163542,-75.75118623,24039.0,312.3048094940662,3.75,77,79,3,0,76,79,25675,1,0,0,1,0
2020-06-15,US,Maryland,St. Mary's,582,40,0,38.30058422,-76.60629279999998,24037.0,512.7301559333979,6.872852233676976,542,580,39,0,541,578,112664,2,1,0,1,2
2020-06-15,US,Maryland,Talbot,107,4,0,38.76618159,-76.10882561,24041.0,287.78139372260017,3.7383177570093458,103,107,4,0,103,107,36968,0,0,0,0,0
2020-06-15,US,Maryland,Unassigned,0,28,0,0.0,0.0,90024.0,0.0,0.0,-28,0,32,0,-32,0,,0,-4,0,4,0
2020-06-15,US,Maryland,Washington,579,22,0,39.60835778,-77.82002295,24043.0,383.3193202205906,3.7996545768566494,557,571,22,0,549,570,150926,8,0,0,8,1
2020-06-15,US,Maryland,Wicomico,1027,35,0,38.37301947,-75.62705831,24045.0,991.2266308911387,3.4079844206426486,992,1020,35,0,985,1010,103195,7,0,0,7,10
2020-06-15,US,Maryland,Worcester,258,17,0,38.21274277,-75.33200012,24047.0,493.534317851404,6.5891472868217065,241,256,17,0,239,253,51823,2,0,0,2,3
2020-06-15,US,Massachusetts,Barnstable,1489,130,0,41.72980578,-70.28854339,25001.0,699.0938541715573,8.730691739422433,1359,1487,130,0,1357,1486,213413,2,0,0,2,1
2020-06-15,US,Massachusetts,Berkshire,579,42,0,42.37428441,-73.20524838,25003.0,463.40760660776033,7.253886010362693,537,580,42,0,538,580,126348,-1,0,0,-1,0
2020-06-15,US,Massachusetts,Bristol,7925,518,0,41.79228404,-71.10872211,25005.0,1402.1163553113226,6.53627760252366,7407,7933,516,0,7417,7906,564022,-8,2,0,-10,27
2020-06-15,US,Massachusetts,Dukes,42,0,0,41.40674725,-70.68763497,25007.0,242.3263327948304,0.0,42,,,,,,,,,,,
2020-06-15,US,Massachusetts,Dukes and Nantucket,0,1,0,41.40674725,-70.68763497,0.0,0.0,0.0,-1,55,1,0,54,55,26707,-55,0,0,-55,0
2020-06-15,US,Massachusetts,Essex,15627,1051,0,42.6687626,-70.94687179,25009.0,1980.5230192868746,6.7255391309912325,14576,15604,1046,0,14558,15573,790638,23,5,0,18,31
2020-06-15,US,Massachusetts,Franklin,353,51,0,42.58119713,-72.58602547,25011.0,502.9923055001425,14.44759206798867,302,353,51,0,302,353,70963,0,0,0,0,0
2020-06-15,US,Massachusetts,Hampden,6489,640,0,42.13440424,-72.63235561,25013.0,1391.3785561740413,9.862844814301123,5849,6481,640,0,5841,6460,470406,8,0,0,8,21
2020-06-15,US,Massachusetts,Hampshire,926,103,0,42.33997957,-72.65898478,25015.0,575.7632282534353,11.123110151187904,823,924,103,0,821,921,161355,2,0,0,2,3
2020-06-15,US,Massachusetts,Middlesex,23227,1763,0,42.48607732,-71.39049229,25017.0,1441.149991406584,7.590304387135661,21464,23195,1756,0,21439,23156,1614714,32,7,0,25,39
2020-06-15,US,Massachusetts,Nantucket,13,0,0,41.2942019,-70.08774729,25019.0,114.04509167470829,0.0,13,,,,,,,,,,,
2020-06-15,US,Massachusetts,Norfolk,8872,890,0,42.16073095,-71.20530408,25021.0,1255.2792614339785,10.031559963931471,7982,8866,888,0,7978,8860,705388,6,2,0,4,6
2020-06-15,US,Massachusetts,Plymouth,8512,626,0,41.94070556,-70.80802823,25023.0,1633.1479925249714,7.354323308270676,7886,8507,621,0,7886,8478,518132,5,5,0,0,29
2020-06-15,US,Massachusetts,Suffolk,19334,951,0,42.327951399999996,-71.07850442,25025.0,2405.0045589850565,4.9187959035895314,18383,19335,950,0,18385,19299,807252,-1,1,0,-2,36
2020-06-15,US,Massachusetts,Unassigned,311,10,0,0.0,0.0,90025.0,0.0,3.2154340836012865,301,308,10,0,298,307,,3,0,0,3,1
2020-06-15,US,Massachusetts,Worcester,11991,871,0,42.35026951,-71.90493363,25027.0,1443.616952115403,7.263781169210241,11120,11975,870,0,11105,11961,830839,16,1,0,15,14
2020-06-15,US,Michigan,Alcona,21,1,0,44.6846864,-83.59507875,26001.0,201.8260451705911,4.761904761904762,20,21,1,0,20,21,10362,0,0,0,0,0
2020-06-15,US,Michigan,Alger,1,0,0,46.41292944,-86.60260122,26003.0,10.97935880544576,0.0,1,1,0,0,1,1,9097,0,0,0,0,0
2020-06-15,US,Michigan,Allegan,287,6,0,42.59147037,-85.89102866,26005.0,243.05349717566762,2.0905923344947737,281,286,6,0,280,283,117327,1,0,0,1,3
2020-06-15,US,Michigan,Alpena,114,11,0,45.03477666,-83.62212411,26007.0,401.3377926421405,9.649122807017543,103,114,11,0,103,114,28360,0,0,0,0,0
2020-06-15,US,Michigan,Antrim,14,0,0,44.99690221,-85.15503082,26009.0,60.02400960384154,0.0,14,14,0,0,14,14,23365,0,0,0,0,0
2020-06-15,US,Michigan,Arenac,38,1,0,44.0636262,-83.89277559,26011.0,255.32486729825973,2.631578947368421,37,38,1,0,37,38,15041,0,0,0,0,0
2020-06-15,US,Michigan,Baraga,1,0,0,46.6720582,-88.36363591,26013.0,12.181751735899622,0.0,1,1,0,0,1,1,8320,0,0,0,0,0
2020-06-15,US,Michigan,Barry,91,2,0,42.59513984,-85.30834519,26015.0,147.84727863525592,2.1978021978021984,89,91,2,0,89,91,61157,0,0,0,0,0
2020-06-15,US,Michigan,Bay,378,29,0,43.70639106,-83.98731479,26017.0,366.5419001997556,7.6719576719576725,349,377,29,0,348,376,103923,1,0,0,1,1
2020-06-15,US,Michigan,Benzie,5,0,0,44.63899297,-86.01608482,26019.0,28.14364516492176,0.0,5,5,0,0,5,5,17753,0,0,0,0,0
2020-06-15,US,Michigan,Berrien,824,57,0,41.95447397,-86.41313079999998,26021.0,537.1542558392711,6.91747572815534,767,825,57,0,768,822,154141,-1,0,0,-1,3
2020-06-15,US,Michigan,Branch,235,2,0,41.91600556,-85.05929476,26023.0,540.0188432106993,0.851063829787234,233,235,2,0,233,164,43622,0,0,0,0,71
2020-06-15,US,Michigan,Calhoun,487,27,0,42.24633834,-85.00493569,26025.0,363.0021094373095,5.544147843942505,460,486,27,0,459,484,134487,1,0,0,1,2
2020-06-15,US,Michigan,Cass,115,4,0,41.91522292,-85.99405727,26027.0,222.06345221773805,3.4782608695652173,111,115,4,0,111,114,51653,0,0,0,0,1
2020-06-15,US,Michigan,Charlevoix,20,2,0,45.37790017,-85.19614053,26029.0,76.5023141950044,10.0,18,20,2,0,18,20,26244,0,0,0,0,0
2020-06-15,US,Michigan,Cheboygan,26,1,0,45.44787015,-84.50122149,26031.0,102.86437727488527,3.8461538461538463,25,26,1,0,25,26,25413,0,0,0,0,0
2020-06-15,US,Michigan,Chippewa,3,0,0,46.29552653,-84.54353449,26033.0,8.032343570108972,0.0,3,3,0,0,3,3,37517,0,0,0,0,0
2020-06-15,US,Michigan,Clare,25,2,0,43.98794227,-84.84819859999998,26035.0,80.77544426494346,8.0,23,25,2,0,23,24,30757,0,0,0,0,1
2020-06-15,US,Michigan,Clinton,190,11,0,42.94400871,-84.60145248,26037.0,238.7084615867831,5.789473684210527,179,190,11,0,179,188,79332,0,0,0,0,2
2020-06-15,US,Michigan,Crawford,65,5,0,44.68255561,-84.61006219,26039.0,463.3259676384632,7.6923076923076925,60,63,5,0,58,63,13901,2,0,0,2,0
2020-06-15,US,Michigan,Delta,21,2,0,45.90484910000001,-86.9080745,26041.0,58.685446009389665,9.523809523809524,19,21,2,0,19,21,35857,0,0,0,0,0
2020-06-15,US,Michigan,Dickinson,7,2,0,46.00999672,-87.86961634,26043.0,27.734854788224567,28.57142857142857,5,7,2,0,5,7,25383,0,0,0,0,0
2020-06-15,US,Michigan,Eaton,258,7,0,42.59599185,-84.83740035,26045.0,233.97540537599303,2.713178294573644,251,257,7,0,250,256,109826,1,0,0,1,1
2020-06-15,US,Michigan,Emmet,26,2,0,45.52625509,-84.89083249,26047.0,77.80936705072574,7.6923076923076925,24,26,2,0,24,26,33308,0,0,0,0,0
2020-06-15,US,Michigan,Federal Correctional Institution (FCI),165,5,0,0.0,0.0,0.0,0.0,3.0303030303030303,160,164,5,0,159,164,,1,0,0,1,0
2020-06-15,US,Michigan,Genesee,2583,282,0,43.02244215,-83.70589709,26049.0,636.5000628368239,10.91753774680604,2301,2574,282,0,2292,2573,406892,9,0,0,9,1
2020-06-15,US,Michigan,Gladwin,20,1,0,43.98901072,-84.38774817,26051.0,78.58854964831625,5.0,19,20,1,0,19,20,25337,0,0,0,0,0
2020-06-15,US,Michigan,Gogebic,5,1,0,46.40862701,-89.69377193,26053.0,35.77817531305904,20.0,4,5,1,0,4,5,15096,0,0,0,0,0
2020-06-15,US,Michigan,Grand Traverse,37,5,0,44.69565625,-85.55585247,26055.0,39.74733585424544,13.513513513513516,32,36,5,0,31,36,92573,1,0,0,1,0
2020-06-15,US,Michigan,Gratiot,91,12,0,43.29265605,-84.60505416,26057.0,223.52681093561932,13.186813186813184,79,91,12,0,79,91,40599,0,0,0,0,0
2020-06-15,US,Michigan,Hillsdale,182,25,0,41.88753639,-84.59312019,26059.0,399.0790483499616,13.736263736263735,157,179,25,0,154,179,45749,3,0,0,3,0
2020-06-15,US,Michigan,Houghton,8,0,0,46.89988536,-88.68495385,26061.0,22.419011321600717,0.0,8,8,0,0,8,8,36219,0,0,0,0,0
2020-06-15,US,Michigan,Huron,61,1,0,43.83353985,-83.04078453,26063.0,196.8948710499984,1.639344262295082,60,60,1,0,59,60,31166,1,0,0,1,0
2020-06-15,US,Michigan,Ingham,822,29,0,42.59716886,-84.37472069,26065.0,281.115982572177,3.5279805352798053,793,825,29,0,796,824,292735,-3,0,0,-3,1
2020-06-15,US,Michigan,Ionia,180,4,0,42.94502238,-85.07413319,26067.0,278.22001020140044,2.2222222222222223,176,179,4,0,175,179,64210,1,0,0,1,0
2020-06-15,US,Michigan,Iosco,112,10,0,44.35486835,-83.63484895,26069.0,445.7356628328092,8.928571428571429,102,112,10,0,102,112,25081,0,0,0,0,0
2020-06-15,US,Michigan,Iron,3,0,0,46.20974132,-88.53136251,26071.0,27.110066871498283,0.0,3,2,0,0,2,2,11117,1,0,0,1,0
2020-06-15,US,Michigan,Isabella,97,8,0,43.64060976,-84.84664923,26073.0,138.82528051293795,8.24742268041237,89,97,8,0,89,96,70562,0,0,0,0,1
2020-06-15,US,Michigan,Jackson,487,30,0,42.24807035,-84.42258681,26075.0,307.23613652135515,6.160164271047227,457,487,30,0,457,486,158823,0,0,0,0,1
2020-06-15,US,Michigan,Kalamazoo,955,63,0,42.24542231,-85.53038622,26077.0,360.2876264779337,6.5968586387434565,892,954,63,0,891,952,264870,1,0,0,1,2
2020-06-15,US,Michigan,Kalkaska,30,2,0,44.68512729,-85.09085699,26079.0,166.3155560483424,6.666666666666668,28,30,2,0,28,30,17824,0,0,0,0,0
2020-06-15,US,Michigan,Kent,4463,115,0,43.03197711,-85.54934642,26081.0,679.3463783668593,2.576742101725297,4348,4461,116,0,4345,4427,653786,2,-1,0,3,34
2020-06-15,US,Michigan,Keweenaw,1,0,0,47.63197653,-88.41434263,26083.0,47.25897920604915,0.0,1,1,0,0,1,1,2113,0,0,0,0,0
2020-06-15,US,Michigan,Lake,7,0,0,43.99050893,-85.802173,26085.0,59.05677887454653,0.0,7,7,0,0,7,7,11881,0,0,0,0,0
2020-06-15,US,Michigan,Lapeer,229,31,0,43.09052506,-83.22153148,26087.0,261.3946374148185,13.537117903930133,198,229,31,0,198,228,88028,0,0,0,0,1
2020-06-15,US,Michigan,Leelanau,12,0,0,44.94430054,-85.80150326,26089.0,55.144524608244105,0.0,12,12,0,0,12,12,21764,0,0,0,0,0
2020-06-15,US,Michigan,Lenawee,198,6,0,41.89475156,-84.06603727,26091.0,201.11527561934363,3.0303030303030303,192,196,6,0,190,195,98266,2,0,0,2,1
2020-06-15,US,Michigan,Livingston,521,28,0,42.60302282,-83.91297209,26093.0,271.3612333654522,5.374280230326296,493,520,28,0,492,520,191224,1,0,0,1,0
2020-06-15,US,Michigan,Luce,3,0,0,46.47227431,-85.54471223,26095.0,48.16182372772515,0.0,3,3,0,0,3,3,6283,0,0,0,0,0
2020-06-15,US,Michigan,Mackinac,8,0,0,46.07028979,-85.04980537,26097.0,74.0809334197611,0.0,8,8,0,0,8,8,10787,0,0,0,0,0
2020-06-15,US,Michigan,Macomb,7060,889,0,42.69158356,-82.92752801,26099.0,807.8061997409527,12.592067988668553,6171,7050,889,0,6161,7035,874759,10,0,0,10,15
2020-06-15,US,Michigan,Manistee,12,1,0,44.33352407,-86.05626916,26101.0,48.863913999511354,8.333333333333334,11,12,1,0,11,12,24528,0,0,0,0,0
2020-06-15,US,Michigan,Marquette,59,11,0,46.4338914,-87.64043701,26103.0,88.45709830732096,18.644067796610173,48,59,11,0,48,59,66516,0,0,0,0,0
2020-06-15,US,Michigan,Mason,39,0,0,43.99509218,-86.24988902,26105.0,133.81828163601426,0.0,39,38,0,0,38,38,29100,1,0,0,1,0
2020-06-15,US,Michigan,Mecosta,25,2,0,43.64064262,-85.32463223,26107.0,57.53342692104113,8.0,23,25,2,0,23,25,43545,0,0,0,0,0
2020-06-15,US,Michigan,Menominee,9,0,0,45.58038692,-87.55370409,26109.0,39.50834064969271,0.0,9,9,0,0,9,9,22983,0,0,0,0,0
2020-06-15,US,Michigan,Michigan Department of Corrections (MDOC),4059,68,0,0.0,0.0,0.0,0.0,1.6752894801675289,3991,4130,68,0,4062,4128,,-71,0,0,-71,2
2020-06-15,US,Michigan,Midland,153,9,0,43.64330771,-84.38804374,26111.0,183.9915339843186,5.882352941176472,144,152,9,0,143,152,83209,1,0,0,1,0
2020-06-15,US,Michigan,Missaukee,24,1,0,44.33772443,-85.09256478,26113.0,158.75115756052386,4.166666666666667,23,23,1,0,22,23,15113,1,0,0,1,0
2020-06-15,US,Michigan,Monroe,570,21,0,41.92734151,-83.53749864,26115.0,378.7375415282392,3.684210526315789,549,569,21,0,548,568,150439,1,0,0,1,1
2020-06-15,US,Michigan,Montcalm,80,1,0,43.31082541,-85.15252824,26117.0,125.21913348359631,1.25,79,80,1,0,79,80,63968,0,0,0,0,0
2020-06-15,US,Michigan,Montmorency,5,0,0,45.0275929,-84.12696227,26119.0,53.60205831903945,0.0,5,5,0,0,5,5,9265,0,0,0,0,0
2020-06-15,US,Michigan,Muskegon,742,42,0,43.29123859,-86.15176712,26121.0,427.5030824009311,5.660377358490566,700,740,42,0,698,734,173588,2,0,0,2,6
2020-06-15,US,Michigan,Newaygo,127,0,0,43.554373999999996,-85.80070107,26123.0,259.289505920784,0.0,127,127,0,0,127,126,48892,0,0,0,0,1
2020-06-15,US,Michigan,Oakland,11313,1067,0,42.66090111,-83.38595416,26125.0,899.5820557513455,9.431627331388668,10246,11306,1067,0,10239,11298,1259201,7,0,0,7,8
2020-06-15,US,Michigan,Oceana,112,3,0,43.64124435,-86.26726673,26127.0,423.1684739486908,2.6785714285714284,109,107,3,0,104,107,26625,5,0,0,5,0
2020-06-15,US,Michigan,Ogemaw,32,2,0,44.33481032,-84.12725175,26129.0,152.40272419869504,6.25,30,32,2,0,30,32,20952,0,0,0,0,0
2020-06-15,US,Michigan,Osceola,22,0,0,43.98992088,-85.32566756,26133.0,93.77664109121908,0.0,22,21,0,0,21,21,23341,1,0,0,1,0
2020-06-15,US,Michigan,Oscoda,8,1,0,44.68192279,-84.12939244,26135.0,97.07559762164786,12.5,7,8,1,0,7,8,8276,0,0,0,0,0
2020-06-15,US,Michigan,Otsego,120,10,0,45.02085831,-84.59898295,26137.0,486.4601913410085,8.333333333333334,110,120,10,0,110,120,24665,0,0,0,0,0
2020-06-15,US,Michigan,Ottawa,936,50,0,42.95996803,-85.9969107,26139.0,320.7346742966796,5.3418803418803416,886,933,50,0,883,927,290494,3,0,0,3,6
2020-06-15,US,Michigan,Out of MI,34,0,0,0.0,0.0,80026.0,0.0,0.0,34,47,0,0,47,44,,-13,0,0,-13,3
2020-06-15,US,Michigan,Presque Isle,12,0,0,45.34018577,-83.91498656,26141.0,95.29860228716646,0.0,12,12,0,0,12,12,12738,0,0,0,0,0
2020-06-15,US,Michigan,Roscommon,25,0,0,44.33473082,-84.61067651,26143.0,104.08426662225736,0.0,25,25,0,0,25,25,23884,0,0,0,0,0
2020-06-15,US,Michigan,Saginaw,1160,119,0,43.33433923,-84.05131209999998,26145.0,608.7992484478242,10.25862068965517,1041,1157,117,0,1040,1151,190800,3,2,0,1,6
2020-06-15,US,Michigan,Sanilac,43,6,0,43.42406072,-82.82055898,26151.0,104.44498421180471,13.953488372093025,37,44,6,0,38,44,41182,-1,0,0,-1,0
2020-06-15,US,Michigan,Schoolcraft,4,0,0,46.19235734,-86.19972234,26153.0,49.419322955275504,0.0,4,4,0,0,4,4,8068,0,0,0,0,0
2020-06-15,US,Michigan,Shiawassee,265,27,0,42.95392800000001,-84.14585902,26155.0,389.0079563136725,10.18867924528302,238,265,27,0,238,264,68192,0,0,0,0,1
2020-06-15,US,Michigan,St. Clair,518,46,0,42.92655373,-82.67937954,26147.0,325.52410637976976,8.880308880308881,472,518,45,0,473,516,159337,0,1,0,-1,2
2020-06-15,US,Michigan,St. Joseph,186,3,0,41.91441767,-85.52797979,26149.0,305.0980906764648,1.6129032258064515,183,177,3,0,174,175,61043,9,0,0,9,2
2020-06-15,US,Michigan,Tuscola,211,26,0,43.46606813,-83.41897025,26157.0,403.86639869844004,12.322274881516588,185,210,26,0,184,209,52516,1,0,0,1,1
2020-06-15,US,Michigan,Unassigned,2,0,0,0.0,0.0,90026.0,0.0,0.0,2,2,0,0,2,9,,0,0,0,0,-7
2020-06-15,US,Michigan,Van Buren,205,7,0,42.25190229,-86.01939087,26159.0,270.8881166008166,3.414634146341464,198,206,7,0,199,202,75448,-1,0,0,-1,4
2020-06-15,US,Michigan,Washtenaw,1571,101,0,42.253105,-83.83853204,26161.0,427.3655403548957,6.4290260980267355,1470,1569,101,0,1468,1567,370963,2,0,0,2,2
2020-06-15,US,Michigan,Wayne,21793,2670,0,42.28098405,-83.281255,26163.0,1245.7819878663015,12.251640435002065,19123,21749,2670,0,19079,21711,1753893,44,0,0,44,38
2020-06-15,US,Michigan,Wexford,17,3,0,44.33853602,-85.57712739,26165.0,50.548600993131345,17.647058823529417,14,16,3,0,13,16,33466,1,0,0,1,0
2020-06-15,US,Minnesota,Aitkin,13,0,0,46.60962049,-93.41168259999999,27001.0,81.83306055646482,0.0,13,13,0,0,13,13,15902,0,0,0,0,0
2020-06-15,US,Minnesota,Anoka,1760,90,0,45.27476015,-93.24604565,27003.0,493.1063176445208,5.113636363636363,1670,1742,88,0,1654,1716,353813,18,2,0,16,26
2020-06-15,US,Minnesota,Becker,50,0,0,46.93479392,-95.67158144,27005.0,145.25172123289659,0.0,50,49,0,0,49,49,34371,1,0,0,1,0
2020-06-15,US,Minnesota,Beltrami,23,0,0,47.97373527,-94.93732139,27007.0,48.741205391201156,0.0,23,23,0,0,23,21,46847,0,0,0,0,2
2020-06-15,US,Minnesota,Benton,193,3,0,45.69804958,-93.99514135,27009.0,472.0095869304703,1.5544041450777202,190,193,3,0,190,190,40545,0,0,0,0,3
2020-06-15,US,Minnesota,Big Stone,13,0,0,45.42712824,-96.41403739,27011.0,260.4688439190543,0.0,13,13,0,0,13,13,4989,0,0,0,0,0
2020-06-15,US,Minnesota,Blue Earth,163,2,0,44.03554215,-94.06699781,27013.0,240.93536132913545,1.2269938650306749,161,163,2,0,161,161,67427,0,0,0,0,2
2020-06-15,US,Minnesota,Brown,19,2,0,44.24205652,-94.72562874,27015.0,75.97568777991044,10.526315789473683,17,19,2,0,17,19,25111,0,0,0,0,0
2020-06-15,US,Minnesota,Carlton,80,0,0,46.59180601,-92.67601019,27017.0,223.02138217501602,0.0,80,80,0,0,80,80,35837,0,0,0,0,0
2020-06-15,US,Minnesota,Carver,271,2,0,44.82017001,-93.80099179999999,27019.0,257.87665692888885,0.7380073800738007,269,270,2,0,268,269,103551,1,0,0,1,1
2020-06-15,US,Minnesota,Cass,11,2,0,46.95043611,-94.32603968,27021.0,36.93878236341045,18.181818181818183,9,11,2,0,9,11,29519,0,0,0,0,0
2020-06-15,US,Minnesota,Chippewa,56,1,0,45.02343421,-95.56403693,27023.0,474.57627118644064,1.7857142857142858,55,56,1,0,55,55,11924,0,0,0,0,1
2020-06-15,US,Minnesota,Chisago,80,1,0,45.5021011,-92.90861945,27025.0,141.39521730677458,1.25,79,78,1,0,77,78,55922,2,0,0,2,0
2020-06-15,US,Minnesota,Clay,506,36,0,46.89289518,-96.48761922,27027.0,787.8919996262962,7.1146245059288535,470,504,36,0,468,507,63955,2,0,0,2,-3
2020-06-15,US,Minnesota,Clearwater,5,0,0,47.57992111,-95.37790562,27029.0,56.70220004536176,0.0,5,5,0,0,5,3,8810,0,0,0,0,2
2020-06-15,US,Minnesota,Cook,1,0,0,47.90504893,-90.52629546,27031.0,18.304960644334614,0.0,1,1,0,0,1,1,5393,0,0,0,0,0
2020-06-15,US,Minnesota,Cottonwood,110,0,0,44.00715262,-95.18138802,27033.0,982.4937477670596,0.0,110,106,0,0,106,104,11277,4,0,0,4,2
2020-06-15,US,Minnesota,Crow Wing,90,9,0,46.48096553,-94.06755609,27035.0,138.3444777495965,10.0,81,90,9,0,81,90,64889,0,0,0,0,0
2020-06-15,US,Minnesota,Dakota,1730,74,0,44.67172617,-93.06299363,27037.0,403.2436640630645,4.277456647398844,1656,1713,74,0,1639,1682,425423,17,0,0,17,31
2020-06-15,US,Minnesota,Dodge,59,0,0,44.02238415,-92.86244324,27039.0,281.83815802044523,0.0,59,59,0,0,59,59,20822,0,0,0,0,0
2020-06-15,US,Minnesota,Douglas,48,0,0,45.93348491,-95.45335469,27041.0,125.8488241000498,0.0,48,48,0,0,48,49,37964,0,0,0,0,-1
2020-06-15,US,Minnesota,Faribault,27,0,0,43.67381499,-93.94787458,27043.0,197.7587343441002,0.0,27,27,0,0,27,26,13758,0,0,0,0,1
2020-06-15,US,Minnesota,Fillmore,20,1,0,43.67394126,-92.08980382,27045.0,94.93520672141264,5.0,19,20,1,0,19,20,21058,0,0,0,0,0
2020-06-15,US,Minnesota,Freeborn,220,0,0,43.67385583,-93.34884422,27047.0,726.5281859912158,0.0,220,221,0,0,221,218,30444,-1,0,0,-1,3
2020-06-15,US,Minnesota,Goodhue,94,7,0,44.40849741,-92.72341949999999,27049.0,202.8485110056107,7.446808510638298,87,94,7,0,87,93,46403,0,0,0,0,1
2020-06-15,US,Minnesota,Grant,6,0,0,45.93424769,-96.01139609,27051.0,100.46885465505692,0.0,6,6,0,0,6,6,6021,0,0,0,0,0
2020-06-15,US,Minnesota,Hennepin,10281,720,0,45.00761521,-93.47694895,27053.0,812.1860293891107,7.003209804493727,9561,10191,716,0,9475,10069,1259428,90,4,0,86,122
2020-06-15,US,Minnesota,Houston,5,0,0,43.67129565,-91.49143057,27055.0,26.88172043010753,0.0,5,5,0,0,5,5,18578,0,0,0,0,0
2020-06-15,US,Minnesota,Hubbard,5,0,0,47.10778564,-94.91693868,27057.0,23.265553022195334,0.0,5,5,0,0,5,5,21332,0,0,0,0,0
2020-06-15,US,Minnesota,Isanti,50,0,0,45.56181234,-93.29487636,27059.0,123.16484382697806,0.0,50,49,0,0,49,49,39966,1,0,0,1,0
2020-06-15,US,Minnesota,Itasca,59,12,0,47.51009045,-93.63092229,27061.0,130.73343673831155,20.338983050847453,47,59,12,0,47,58,45108,0,0,0,0,1
2020-06-15,US,Minnesota,Jackson,48,0,0,43.67423373,-95.15398258,27063.0,487.5076173065204,0.0,48,46,0,0,46,46,9911,2,0,0,2,0
2020-06-15,US,Minnesota,Kanabec,13,1,0,45.9459309,-93.29275192,27065.0,79.57397318969211,7.6923076923076925,12,13,1,0,12,13,16207,0,0,0,0,0
2020-06-15,US,Minnesota,Kandiyohi,546,1,0,45.1526059,-95.00586446,27067.0,1263.9181462533854,0.18315018315018314,545,546,1,0,545,544,42855,0,0,0,0,2
2020-06-15,US,Minnesota,Kittson,1,0,0,48.77754106,-96.78317184,27069.0,23.266635644485806,0.0,1,1,0,0,1,1,4248,0,0,0,0,0
2020-06-15,US,Minnesota,Koochiching,9,0,0,48.24539665,-93.78352843,27071.0,73.59555155777251,0.0,9,9,0,0,9,9,12440,0,0,0,0,0
2020-06-15,US,Minnesota,Lac qui Parle,3,0,0,44.9973857,-96.17488219,27073.0,45.29669334138608,0.0,3,3,0,0,3,3,6658,0,0,0,0,0
2020-06-15,US,Minnesota,Lake,1,0,0,47.64270764,-91.44557998,27075.0,9.3976130062964,0.0,1,1,0,0,1,1,10658,0,0,0,0,0
2020-06-15,US,Minnesota,Le Sueur,52,1,0,44.37136597,-93.72844721,27079.0,180.0117700003462,1.9230769230769231,51,52,1,0,51,52,28494,0,0,0,0,0
2020-06-15,US,Minnesota,Lincoln,6,0,0,44.41311883,-96.26688165,27081.0,106.40184429863451,0.0,6,6,0,0,6,6,5673,0,0,0,0,0
2020-06-15,US,Minnesota,Lyon,214,2,0,44.41327865,-95.83806103,27083.0,840.0722305095392,0.9345794392523364,212,208,2,0,206,199,25629,6,0,0,6,9
2020-06-15,US,Minnesota,Mahnomen,6,1,0,47.32557075,-95.80921485,27087.0,108.5579880586213,16.666666666666668,5,6,1,0,5,6,5519,0,0,0,0,0
2020-06-15,US,Minnesota,Marshall,12,0,0,48.35825983,-96.37017407,27089.0,128.53470437017995,0.0,12,12,0,0,12,12,9390,0,0,0,0,0
2020-06-15,US,Minnesota,Martin,143,5,0,43.67429718,-94.55099908,27091.0,726.5152669816594,3.4965034965034967,138,143,5,0,138,143,19785,0,0,0,0,0
2020-06-15,US,Minnesota,McLeod,54,0,0,44.82367677,-94.27287017,27085.0,150.44716239935363,0.0,54,54,0,0,54,54,35873,0,0,0,0,0
2020-06-15,US,Minnesota,Meeker,50,1,0,45.12328869,-94.52839455,27093.0,215.31306519679612,2.0,49,50,1,0,49,49,23141,0,0,0,0,1
2020-06-15,US,Minnesota,Mille Lacs,28,1,0,45.93705297,-93.63236823,27095.0,106.557065113978,3.571428571428572,27,28,1,0,27,28,26139,0,0,0,0,0
2020-06-15,US,Minnesota,Morrison,54,1,0,46.01265363,-94.27341528,27097.0,161.74444377882946,1.851851851851852,53,54,1,0,53,54,33169,0,0,0,0,0
2020-06-15,US,Minnesota,Mower,651,2,0,43.67142874,-92.75234549,27099.0,1624.9812790175229,0.30721966205837176,649,650,2,0,648,640,40011,1,0,0,1,10
2020-06-15,US,Minnesota,Murray,43,0,0,44.02216709,-95.76328482,27101.0,524.7742250427142,0.0,43,43,0,0,43,43,8276,0,0,0,0,0
2020-06-15,US,Minnesota,Nicollet,95,11,0,44.35291112,-94.24710352,27103.0,277.1780358289082,11.578947368421053,84,95,11,0,84,95,34220,0,0,0,0,0
2020-06-15,US,Minnesota,Nobles,1620,6,0,43.67434621,-95.75329576,27105.0,7489.944056590689,0.3703703703703704,1614,1620,6,0,1614,1618,21924,0,0,0,0,2
2020-06-15,US,Minnesota,Norman,17,0,0,47.32628443,-96.45620947,27107.0,266.6666666666667,0.0,17,17,0,0,17,17,6475,0,0,0,0,0
2020-06-15,US,Minnesota,Olmsted,778,12,0,44.00374114,-92.40209944,27109.0,491.493622585964,1.5424164524421593,766,778,12,0,766,775,156277,0,0,0,0,3
2020-06-15,US,Minnesota,Otter Tail,83,1,0,46.40846929,-95.70835255,27111.0,141.28621523167538,1.2048192771084338,82,83,1,0,82,83,58812,0,0,0,0,0
2020-06-15,US,Minnesota,Pennington,51,0,0,48.06642577,-96.0370814,27113.0,361.2153835257455,0.0,51,50,0,0,50,50,14178,1,0,0,1,0
2020-06-15,US,Minnesota,Pine,96,0,0,46.12105238,-92.74070188,27115.0,324.5545826430914,0.0,96,96,0,0,96,95,29483,0,0,0,0,1
2020-06-15,US,Minnesota,Pipestone,14,0,0,44.02301619,-96.25841142,27117.0,153.40784571553803,0.0,14,14,0,0,14,15,9047,0,0,0,0,-1
2020-06-15,US,Minnesota,Polk,67,2,0,47.77372465,-96.40134647,27119.0,213.62071164392296,2.985074626865672,65,67,2,0,65,67,31529,0,0,0,0,0
2020-06-15,US,Minnesota,Pope,10,0,0,45.58606667,-95.44451209,27121.0,88.8967908258512,0.0,10,10,0,0,10,10,11097,0,0,0,0,0
2020-06-15,US,Minnesota,Ramsey,3992,190,0,45.01625271,-93.09872295,27123.0,725.3948150261392,4.759519038076152,3802,3936,190,0,3746,3882,550210,56,0,0,56,54
2020-06-15,US,Minnesota,Red Lake,4,0,0,47.87197525,-96.09561104,27125.0,98.64364981504316,0.0,4,4,0,0,4,4,3999,0,0,0,0,0
2020-06-15,US,Minnesota,Redwood,10,0,0,44.40555844,-95.25207021,27127.0,65.91957811470007,0.0,10,11,0,0,11,10,15249,-1,0,0,-1,1
2020-06-15,US,Minnesota,Renville,12,0,0,44.72836381,-94.94553734,27129.0,82.48556502612044,0.0,12,12,0,0,12,11,14612,0,0,0,0,1
2020-06-15,US,Minnesota,Rice,694,3,0,44.3543376,-93.29658715,27131.0,1036.253956877501,0.4322766570605187,691,688,3,0,685,688,66523,6,0,0,6,0
2020-06-15,US,Minnesota,Rock,25,0,0,43.67482683,-96.25296832,27133.0,268.38432635534093,0.0,25,25,0,0,25,23,9414,0,0,0,0,2
2020-06-15,US,Minnesota,Roseau,6,0,0,48.77501878,-95.81079919,27135.0,39.564787339268044,0.0,6,6,0,0,6,6,15150,0,0,0,0,0
2020-06-15,US,Minnesota,Scott,536,4,0,44.6490231,-93.53340251,27139.0,359.70016038869085,0.746268656716418,532,528,4,0,524,526,147381,8,0,0,8,2
2020-06-15,US,Minnesota,Sherburne,267,2,0,45.44447208,-93.77617511,27141.0,274.58401036631767,0.7490636704119851,265,266,2,0,264,267,96036,1,0,0,1,-1
2020-06-15,US,Minnesota,Sibley,25,2,0,44.5796592,-94.23164924,27143.0,168.18028927009757,8.0,23,25,2,0,23,25,15028,0,0,0,0,0
2020-06-15,US,Minnesota,St. Louis,123,14,0,47.604840700000004,-92.46879855,27137.0,61.78731099613202,11.382113821138212,109,123,14,0,109,123,199754,0,0,0,0,0
2020-06-15,US,Minnesota,Stearns,2108,19,0,45.55192576,-94.61078221,27145.0,1308.707124010554,0.9013282732447818,2089,2107,19,0,2088,2100,159256,1,0,0,1,7
2020-06-15,US,Minnesota,Steele,175,0,0,44.02240351,-93.22627088,27147.0,477.5027968020955,0.0,175,175,0,0,175,175,36803,0,0,0,0,0
2020-06-15,US,Minnesota,Stevens,1,0,0,45.58613007,-96.00163705,27149.0,10.198878123406423,0.0,1,1,0,0,1,1,9753,0,0,0,0,0
2020-06-15,US,Minnesota,Swift,20,1,0,45.2829032,-95.68264092,27151.0,215.8428663932657,5.0,19,19,1,0,18,19,9345,1,0,0,1,0
2020-06-15,US,Minnesota,Todd,373,2,0,46.06996226,-94.89785296,27153.0,1512.3256568277652,0.5361930294906166,371,373,2,0,371,372,24582,0,0,0,0,1
2020-06-15,US,Minnesota,Traverse,5,0,0,45.77298854,-96.47062949,27155.0,153.42129487572873,0.0,5,5,0,0,5,5,3308,0,0,0,0,0
2020-06-15,US,Minnesota,Unassigned,56,31,0,0.0,0.0,90027.0,0.0,55.35714285714285,25,56,31,0,25,57,,0,0,0,0,-1
2020-06-15,US,Minnesota,Wabasha,21,0,0,44.28424356,-92.23121312,27157.0,97.10084616451658,0.0,21,21,0,0,21,21,21645,0,0,0,0,0
2020-06-15,US,Minnesota,Wadena,10,0,0,46.58589171,-94.96968506,27159.0,73.0887297178775,0.0,10,10,0,0,10,10,13773,0,0,0,0,0
2020-06-15,US,Minnesota,Waseca,33,0,0,44.02211116,-93.58720034,27161.0,177.3049645390071,0.0,33,33,0,0,33,33,18691,0,0,0,0,0
2020-06-15,US,Minnesota,Washington,799,37,0,45.03864533,-92.88429635,27163.0,304.45054107605546,4.630788485607009,762,796,37,0,759,787,259201,3,0,0,3,9
2020-06-15,US,Minnesota,Watonwan,98,0,0,43.97823903,-94.61413846,27165.0,899.3300908506927,0.0,98,98,0,0,98,98,10980,0,0,0,0,0
2020-06-15,US,Minnesota,Wilkin,15,3,0,46.35721532,-96.4684375,27167.0,241.66263895601742,20.0,12,15,3,0,12,14,6254,0,0,0,0,1
2020-06-15,US,Minnesota,Winona,84,15,0,43.98772283,-91.78081305,27169.0,166.38935108153078,17.857142857142858,69,84,15,0,69,84,50825,0,0,0,0,0
2020-06-15,US,Minnesota,Wright,378,2,0,45.17297924,-93.96234781,27171.0,273.1667834972575,0.5291005291005291,376,377,2,0,375,375,136349,1,0,0,1,2
2020-06-15,US,Minnesota,Yellow Medicine,10,0,0,44.71710183,-95.86842453,27173.0,102.99721907508496,0.0,10,9,0,0,9,9,9795,1,0,0,1,0
2020-06-15,US,Mississippi,Adams,226,17,0,31.47669768,-91.35326037,28001.0,736.3242433128073,7.5221238938053085,209,225,17,0,208,225,31192,1,0,0,1,0
2020-06-15,US,Mississippi,Alcorn,30,1,0,34.88084463,-88.57996173,28003.0,81.18420696560496,3.333333333333333,29,30,1,0,29,29,36925,0,0,0,0,1
2020-06-15,US,Mississippi,Amite,72,2,0,31.17467303,-90.80501621,28005.0,585.5086606489388,2.7777777777777777,70,70,2,0,68,70,12326,2,0,0,2,0
2020-06-15,US,Mississippi,Attala,332,23,0,33.08658803,-89.57838564,28007.0,1826.7855177726426,6.927710843373494,309,331,23,0,308,328,18365,1,0,0,1,3
2020-06-15,US,Mississippi,Benton,17,0,0,34.81681228,-89.18945516,28009.0,205.8360576340961,0.0,17,17,0,0,17,17,8271,0,0,0,0,0
2020-06-15,US,Mississippi,Bolivar,194,12,0,33.79696941,-90.87372121,28011.0,633.4073396891732,6.185567010309278,182,190,12,0,178,185,31333,4,0,0,4,5
2020-06-15,US,Mississippi,Calhoun,80,4,0,33.93683395,-89.33686647,28013.0,557.0642712903001,5.0,76,80,4,0,76,78,14436,0,0,0,0,2
2020-06-15,US,Mississippi,Carroll,122,11,0,33.44834567,-89.91994479,28015.0,1226.500452397708,9.016393442622949,111,122,11,0,111,122,9911,0,0,0,0,0
2020-06-15,US,Mississippi,Chickasaw,168,16,0,33.91983202,-88.9481545,28017.0,982.2838098579197,9.523809523809524,152,166,16,0,150,165,17171,2,0,0,2,1
2020-06-15,US,Mississippi,Choctaw,65,2,0,33.34598242,-89.24809382,28019.0,791.7174177831912,3.0769230769230766,63,65,2,0,63,65,8278,0,0,0,0,0
2020-06-15,US,Mississippi,Claiborne,140,8,0,31.97061673,-90.90702196,28021.0,1557.632398753894,5.7142857142857135,132,138,8,0,130,138,9002,2,0,0,2,0
2020-06-15,US,Mississippi,Clarke,166,21,0,32.04158545,-88.68896219999998,28023.0,1068.1423331831932,12.650602409638553,145,166,21,0,145,165,15604,0,0,0,0,1
2020-06-15,US,Mississippi,Clay,174,6,0,33.65358105,-88.77784255,28025.0,900.8076206253884,3.4482758620689653,168,174,6,0,168,173,19386,0,0,0,0,1
2020-06-15,US,Mississippi,Coahoma,150,4,0,34.22772299,-90.60415045,28027.0,677.9967456156211,2.6666666666666665,146,147,4,0,143,146,22628,3,0,0,3,1
2020-06-15,US,Mississippi,Copiah,412,6,0,31.86977774,-90.44565118,28029.0,1468.0206663103506,1.4563106796116505,406,405,6,0,399,397,28543,7,0,0,7,8
2020-06-15,US,Mississippi,Covington,206,3,0,31.63225413,-89.55389939,28031.0,1105.3874221936037,1.4563106796116505,203,205,3,0,202,203,18853,1,0,0,1,2
2020-06-15,US,Mississippi,DeSoto,718,13,0,34.87625235,-89.99091418,28033.0,388.22352591310926,1.8105849582172704,705,714,13,0,701,713,182001,4,0,0,4,1
2020-06-15,US,Mississippi,Forrest,681,41,0,31.18961454,-89.25832496,28035.0,909.2487015501288,6.020558002936858,640,679,41,0,638,678,75036,2,0,0,2,1
2020-06-15,US,Mississippi,Franklin,30,2,0,31.47786634,-90.89672989,28037.0,388.9537145079735,6.666666666666668,28,30,2,0,28,30,7788,0,0,0,0,0
2020-06-15,US,Mississippi,George,37,2,0,30.86259065,-88.64436789,28039.0,151.0204081632653,5.405405405405406,35,35,2,0,33,35,24250,2,0,0,2,0
2020-06-15,US,Mississippi,Greene,54,3,0,31.21444233,-88.63922281,28041.0,397.4679817459148,5.5555555555555545,51,51,2,0,49,51,13586,3,1,0,2,0
2020-06-15,US,Mississippi,Grenada,164,4,0,33.77036166,-89.80245083,28043.0,790.0568455535216,2.4390243902439024,160,160,4,0,156,157,21055,4,0,0,4,3
2020-06-15,US,Mississippi,Hancock,100,12,0,30.41830223,-89.48851033,28045.0,209.9428955324152,12.0,88,100,12,0,88,100,47334,0,0,0,0,0
2020-06-15,US,Mississippi,Harrison,367,7,0,30.51359752,-89.12467576,28047.0,176.3744713571703,1.9073569482288828,360,344,7,0,337,335,206650,23,0,0,23,9
2020-06-15,US,Mississippi,Hinds,1308,27,0,32.2656285,-90.44435448,28049.0,564.1821946169772,2.0642201834862384,1281,1274,27,0,1247,1263,237085,34,0,0,34,11
2020-06-15,US,Mississippi,Holmes,471,34,0,33.12345854,-90.08923538,28051.0,2768.9594356261023,7.218683651804671,437,468,34,0,434,465,17622,3,0,0,3,3
2020-06-15,US,Mississippi,Humphreys,82,8,0,33.12825718,-90.52252707,28053.0,1016.8650793650794,9.75609756097561,74,80,8,0,72,80,8257,2,0,0,2,0
2020-06-15,US,Mississippi,Itawamba,103,8,0,34.27993475,-88.3606733,28057.0,440.359127832407,7.766990291262137,95,100,8,0,92,99,23517,3,0,0,3,1
2020-06-15,US,Mississippi,Jackson,367,16,0,30.54020656,-88.64184064,28059.0,255.54077859863384,4.359673024523161,351,356,16,0,340,350,143277,11,0,0,11,6
2020-06-15,US,Mississippi,Jasper,197,4,0,32.01922104,-89.11786866,28061.0,1202.4659708234144,2.0304568527918785,193,193,4,0,189,193,16428,4,0,0,4,0
2020-06-15,US,Mississippi,Jefferson,55,2,0,31.73397872,-91.03764977,28063.0,786.8383404864093,3.636363636363636,53,54,2,0,52,53,7106,1,0,0,1,1
2020-06-15,US,Mississippi,Jefferson Davis,84,3,0,31.56884708,-89.82670990000004,28065.0,754.8526240115025,3.571428571428572,81,84,3,0,81,84,11234,0,0,0,0,0
2020-06-15,US,Mississippi,Jones,881,39,0,31.62257767,-89.16896899999998,28067.0,1293.723751064642,4.426787741203178,842,868,38,0,830,852,68461,13,1,0,12,16
2020-06-15,US,Mississippi,Kemper,169,12,0,32.75462946,-88.64105766,28069.0,1734.7567234654075,7.100591715976331,157,167,12,0,155,167,10027,2,0,0,2,0
2020-06-15,US,Mississippi,Lafayette,181,4,0,34.35687874,-89.48490961,28071.0,335.0672911383032,2.209944751381216,177,175,4,0,171,171,54793,6,0,0,6,4
2020-06-15,US,Mississippi,Lamar,288,6,0,31.20572971,-89.5077704,28073.0,454.6674454951613,2.083333333333333,282,288,5,0,283,288,62447,0,1,0,-1,0
2020-06-15,US,Mississippi,Lauderdale,811,75,0,32.40419769,-88.66229662,28075.0,1094.097807757167,9.247842170160297,736,805,75,0,730,801,75317,6,0,0,6,4
2020-06-15,US,Mississippi,Lawrence,118,1,0,31.55147224,-90.10841127,28077.0,937.5496583505484,0.8474576271186439,117,115,1,0,114,115,12455,3,0,0,3,0
2020-06-15,US,Mississippi,Leake,487,15,0,32.7536828,-89.52402044,28079.0,2137.2772755200563,3.0800821355236137,472,483,15,0,468,483,22763,4,0,0,4,0
2020-06-15,US,Mississippi,Lee,301,11,0,34.291877500000005,-88.68149954,28081.0,352.31050142796954,3.6544850498338866,290,296,11,0,285,292,85202,5,0,0,5,4
2020-06-15,US,Mississippi,Leflore,368,45,0,33.55545125,-90.29900733,28083.0,1305.751694283788,12.228260869565215,323,358,45,0,313,352,28919,10,0,0,10,6
2020-06-15,US,Mississippi,Lincoln,327,32,0,31.53288662,-90.45391915,28085.0,957.4561531929843,9.785932721712538,295,324,32,0,292,320,34205,3,0,0,3,4
2020-06-15,US,Mississippi,Lowndes,317,9,0,33.47386518,-88.44191529999998,28087.0,541.0017919617715,2.8391167192429023,308,315,9,0,306,311,58930,2,0,0,2,4
2020-06-15,US,Mississippi,Madison,889,30,0,32.63389156,-90.03513564,28089.0,836.5326708822644,3.374578177727784,859,886,30,0,856,877,105630,3,0,0,3,9
2020-06-15,US,Mississippi,Marion,145,9,0,31.23132643,-89.8209217,28091.0,590.0785414886257,6.206896551724138,136,141,9,0,132,140,24715,4,0,0,4,1
2020-06-15,US,Mississippi,Marshall,107,3,0,34.76216286,-89.50299462,28093.0,303.16767722559075,2.803738317757009,104,103,3,0,100,101,35451,4,0,0,4,2
2020-06-15,US,Mississippi,Monroe,295,25,0,33.89236763,-88.4808438,28095.0,836.8319527970044,8.474576271186441,270,293,25,0,268,291,35564,2,0,0,2,2
2020-06-15,US,Mississippi,Montgomery,97,1,0,33.49419589,-89.61729103,28097.0,992.3273657289003,1.0309278350515465,96,94,1,0,93,94,10023,3,0,0,3,0
2020-06-15,US,Mississippi,Neshoba,881,50,0,32.75339664,-89.11726492,28099.0,3025.6198914760635,5.675368898978434,831,878,50,0,828,877,29125,3,0,0,3,1
2020-06-15,US,Mississippi,Newton,322,6,0,32.40021118,-89.11843336,28101.0,1532.0201731848892,1.8633540372670807,316,321,6,0,315,321,21443,1,0,0,1,0
2020-06-15,US,Mississippi,Noxubee,212,6,0,33.11009499,-88.56949061,28103.0,2035.1348756839786,2.830188679245283,206,212,6,0,206,212,10535,0,0,0,0,0
2020-06-15,US,Mississippi,Oktibbeha,363,17,0,33.42491685,-88.87905132,28105.0,732.0467057898239,4.683195592286501,346,357,17,0,340,351,49599,6,0,0,6,6
2020-06-15,US,Mississippi,Panola,127,4,0,34.36398677,-89.95064249,28107.0,371.43191389798784,3.1496062992125986,123,122,3,0,119,121,34178,5,1,0,4,1
2020-06-15,US,Mississippi,Pearl River,223,31,0,30.77090935,-89.58677275,28109.0,401.54857297199965,13.90134529147982,192,222,31,0,191,221,55387,1,0,0,1,1
2020-06-15,US,Mississippi,Perry,54,3,0,31.17161885,-88.99281835,28111.0,451.01478326234025,5.5555555555555545,51,54,3,0,51,54,11931,0,0,0,0,0
2020-06-15,US,Mississippi,Pike,244,11,0,31.17507789,-90.40392572,28113.0,621.0547749949094,4.508196721311474,233,226,11,0,215,224,39563,18,0,0,18,2
2020-06-15,US,Mississippi,Pontotoc,77,3,0,34.226046000000004,-89.03636807,28115.0,239.3236775035743,3.8961038961038965,74,74,3,0,71,71,31833,3,0,0,3,3
2020-06-15,US,Mississippi,Prentiss,66,3,0,34.61810501,-88.51986294,28117.0,262.6761123935366,4.545454545454546,63,66,3,0,63,65,25315,0,0,0,0,1
2020-06-15,US,Mississippi,Quitman,50,0,0,34.25157572,-90.28908,28119.0,736.1601884570082,0.0,50,49,0,0,49,48,7051,1,0,0,1,1
2020-06-15,US,Mississippi,Rankin,539,10,0,32.26469147,-89.94537876,28121.0,347.13500911309904,1.855287569573284,529,537,10,0,527,536,153902,2,0,0,2,1
2020-06-15,US,Mississippi,Scott,690,12,0,32.406704100000006,-89.53789439,28123.0,2453.4205660645707,1.7391304347826086,678,688,12,0,676,688,28287,2,0,0,2,0
2020-06-15,US,Mississippi,Sharkey,8,0,0,32.88149103,-90.81595379999999,28125.0,185.1423281647767,0.0,8,8,0,0,8,8,4377,0,0,0,0,0
2020-06-15,US,Mississippi,Simpson,119,1,0,31.91282117,-89.91716179,28127.0,446.3950784004802,0.8403361344537815,118,119,1,0,118,117,26758,0,0,0,0,2
2020-06-15,US,Mississippi,Smith,180,11,0,32.01744532,-89.50644846,28129.0,1130.9374214626794,6.111111111111112,169,178,11,0,167,175,16002,2,0,0,2,3
2020-06-15,US,Mississippi,Stone,35,0,0,30.79187949,-89.11547539,28131.0,190.88132635253052,0.0,35,34,0,0,34,34,18717,1,0,0,1,0
2020-06-15,US,Mississippi,Sunflower,121,4,0,33.60192578,-90.58882684,28133.0,481.87972919155715,3.3057851239669422,117,118,4,0,114,117,25735,3,0,0,3,1
2020-06-15,US,Mississippi,Tallahatchie,43,1,0,33.95339918,-90.1729398,28135.0,311.39112173220366,2.3255813953488373,42,42,1,0,41,40,13987,1,0,0,1,2
2020-06-15,US,Mississippi,Tate,134,1,0,34.65133709,-89.94485778,28137.0,473.1471346350765,0.746268656716418,133,128,1,0,127,128,28759,6,0,0,6,0
2020-06-15,US,Mississippi,Tippah,94,11,0,34.76872156,-88.90988194,28139.0,426.9816034521917,11.702127659574465,83,93,11,0,82,93,21995,1,0,0,1,0
2020-06-15,US,Mississippi,Tishomingo,47,0,0,34.74023475,-88.23917219,28141.0,242.480524170665,0.0,47,47,0,0,47,46,19454,0,0,0,0,1
2020-06-15,US,Mississippi,Tunica,66,3,0,34.64967704,-90.37481167,28143.0,685.2159468438538,4.545454545454546,63,64,3,0,61,64,9944,2,0,0,2,0
2020-06-15,US,Mississippi,Union,102,8,0,34.49162015,-89.00776006,28145.0,353.98230088495575,7.84313725490196,94,102,8,0,94,97,28606,0,0,0,0,5
2020-06-15,US,Mississippi,Walthall,105,1,0,31.14971548,-90.10446654,28147.0,734.9853002939941,0.9523809523809524,104,103,1,0,102,100,14465,2,0,0,2,3
2020-06-15,US,Mississippi,Warren,259,12,0,32.35810271,-90.83352619,28149.0,570.7234305105661,4.633204633204633,247,252,12,0,240,248,46176,7,0,0,7,4
2020-06-15,US,Mississippi,Washington,266,8,0,33.28392041,-90.94196237,28151.0,605.7983556901776,3.0075187969924815,258,253,8,0,245,246,45063,13,0,0,13,7
2020-06-15,US,Mississippi,Wayne,389,7,0,31.64135687,-88.69573913,28153.0,1927.3646137838773,1.7994858611825193,382,375,7,0,368,373,20298,14,0,0,14,2
2020-06-15,US,Mississippi,Webster,109,8,0,33.61300486,-89.28392912,28155.0,1124.9870987718032,7.339449541284404,101,110,8,0,102,109,9788,-1,0,0,-1,1
2020-06-15,US,Mississippi,Wilkinson,85,9,0,31.16078225,-91.31018819,28157.0,984.936268829664,10.588235294117649,76,85,9,0,76,85,8792,0,0,0,0,0
2020-06-15,US,Mississippi,Winston,150,2,0,33.08747908,-89.03391385,28159.0,835.421888053467,1.3333333333333333,148,149,2,0,147,148,18165,1,0,0,1,1
2020-06-15,US,Mississippi,Yalobusha,138,7,0,34.02824175,-89.70762049999998,28161.0,1139.7423191278494,5.0724637681159415,131,138,7,0,131,137,12392,0,0,0,0,1
2020-06-15,US,Mississippi,Yazoo,348,6,0,32.77890365,-90.39656148,28163.0,1172.1118221623442,1.7241379310344829,342,348,6,0,342,347,28248,0,0,0,0,1
2020-06-15,US,Missouri,Adair,83,0,0,40.19058551,-92.60078167,29001.0,327.50660932012784,0.0,83,80,0,0,80,80,25339,3,0,0,3,0
2020-06-15,US,Missouri,Andrew,35,0,0,39.98492163,-94.80163024,29003.0,197.606142728094,0.0,35,35,0,0,35,35,17607,0,0,0,0,0
2020-06-15,US,Missouri,Atchison,3,0,0,40.43238737,-95.42970639,29005.0,58.331713007972,0.0,3,3,0,0,3,3,5171,0,0,0,0,0
2020-06-15,US,Missouri,Audrain,122,1,0,39.215877,-91.84242683,29007.0,480.5419883409485,0.819672131147541,121,122,1,0,121,122,25473,0,0,0,0,0
2020-06-15,US,Missouri,Barry,14,0,0,36.70978521,-93.82919888,29009.0,39.11816479923999,0.0,14,10,0,0,10,10,35886,4,0,0,4,0
2020-06-15,US,Missouri,Barton,7,0,0,37.50207671,-94.34757022,29011.0,59.554194316828315,0.0,7,1,0,0,1,1,11798,6,0,0,6,0
2020-06-15,US,Missouri,Bates,12,1,0,38.25271289,-94.34113157,29013.0,74.20232500618353,8.333333333333334,11,12,1,0,11,12,16320,0,0,0,0,0
2020-06-15,US,Missouri,Benton,14,0,0,38.29503305,-93.28756116,29015.0,72.00534896878055,0.0,14,14,0,0,14,14,19278,0,0,0,0,0
2020-06-15,US,Missouri,Bollinger,10,0,0,37.32449052,-90.02725304,29017.0,82.41984669908514,0.0,10,9,0,0,9,9,12169,1,0,0,1,0
2020-06-15,US,Missouri,Boone,215,2,0,38.99186229,-92.30723575,29019.0,119.13799504607591,0.9302325581395348,213,208,2,0,206,208,180005,7,0,0,7,0
2020-06-15,US,Missouri,Buchanan,787,2,0,39.65816401,-94.80138942,29021.0,900.8287166338538,0.25412960609911056,785,784,2,0,782,784,88571,3,0,0,3,0
2020-06-15,US,Missouri,Butler,46,0,0,36.71462476,-90.40421163,29023.0,108.29135081689344,0.0,46,41,0,0,41,41,42639,5,0,0,5,0
2020-06-15,US,Missouri,Caldwell,7,0,0,39.65620858,-93.98308093,29025.0,77.60532150776055,0.0,7,7,0,0,7,7,9108,0,0,0,0,0
2020-06-15,US,Missouri,Callaway,40,1,0,38.83674754,-91.92186505,29027.0,89.39945913327225,2.5,39,36,1,0,35,36,44889,4,0,0,4,0
2020-06-15,US,Missouri,Camden,40,1,0,38.02199522,-92.76083747,29029.0,86.38375985314761,2.5,39,38,1,0,37,38,45815,2,0,0,2,0
2020-06-15,US,Missouri,Cape Girardeau,108,3,0,37.38489388,-89.6843587,29031.0,136.93245933232748,2.7777777777777777,105,104,3,0,101,104,78753,4,0,0,4,0
2020-06-15,US,Missouri,Carroll,10,0,0,39.42762566,-93.50626255,29033.0,115.2206475400392,0.0,10,10,0,0,10,10,8743,0,0,0,0,0
2020-06-15,US,Missouri,Carter,5,1,0,36.94160441,-90.96051322,29035.0,83.58408559010364,20.0,4,5,1,0,4,5,6054,0,0,0,0,0
2020-06-15,US,Missouri,Cass,114,8,0,38.64789422,-94.353399,29037.0,107.77084515031194,7.0175438596491215,106,111,8,0,103,111,104954,3,0,0,3,0
2020-06-15,US,Missouri,Cedar,9,0,0,37.72391475,-93.85445441,29039.0,62.72214091574325,0.0,9,9,0,0,9,9,14165,0,0,0,0,0
2020-06-15,US,Missouri,Chariton,6,0,0,39.51499357,-92.9629191,29041.0,80.79719903043363,0.0,6,6,0,0,6,6,7451,0,0,0,0,0
2020-06-15,US,Missouri,Christian,30,0,0,36.9711783,-93.18537118,29043.0,33.86195609233027,0.0,30,29,0,0,29,29,86983,1,0,0,1,0
2020-06-15,US,Missouri,Clark,1,0,0,40.41040752,-91.73661677,29045.0,14.712373105781962,0.0,1,1,0,0,1,1,6842,0,0,0,0,0
2020-06-15,US,Missouri,Clay,293,3,0,39.31132056,-94.41850862,29047.0,117.22438267159569,1.023890784982935,290,288,3,0,285,288,246365,5,0,0,5,0
2020-06-15,US,Missouri,Clinton,21,0,0,39.6013098,-94.40465394,29049.0,103.00681807033894,0.0,21,20,0,0,20,20,20470,1,0,0,1,0
2020-06-15,US,Missouri,Cole,57,1,0,38.50455671,-92.27860244,29051.0,74.27193954003519,1.7543859649122806,56,57,1,0,56,57,76796,0,0,0,0,0
2020-06-15,US,Missouri,Cooper,9,0,0,38.844478,-92.80896081,29053.0,50.82161612739286,0.0,9,9,0,0,9,9,17603,0,0,0,0,0
2020-06-15,US,Missouri,Crawford,9,0,0,37.97663738,-91.30528104,29055.0,37.625418060200666,0.0,9,8,0,0,8,8,23957,1,0,0,1,0
2020-06-15,US,Missouri,Dade,1,0,0,37.431814,-93.8503345,29057.0,13.225763787858751,0.0,1,,,,,,7569,,,,,
2020-06-15,US,Missouri,Dallas,6,0,0,37.6811355,-93.02127031,29059.0,35.549235691432635,0.0,6,6,0,0,6,6,16762,0,0,0,0,0
2020-06-15,US,Missouri,Daviess,7,0,0,39.96145298,-93.98519678,29061.0,84.56148828219376,0.0,7,7,0,0,7,7,8313,0,0,0,0,0
2020-06-15,US,Missouri,DeKalb,9,0,0,39.89201062,-94.40476508,29063.0,71.7302940942058,0.0,9,8,0,0,8,8,12630,1,0,0,1,0
2020-06-15,US,Missouri,Dent,1,0,0,37.60663134,-91.50790473,29065.0,6.421370320426379,0.0,1,1,0,0,1,1,15441,0,0,0,0,0
2020-06-15,US,Missouri,Douglas,3,0,0,36.9325593,-92.49905109,29067.0,22.75312855517633,0.0,3,3,0,0,3,3,13373,0,0,0,0,0
2020-06-15,US,Missouri,Dunklin,61,3,0,36.27167174,-90.09122243,29069.0,209.39892211046646,4.918032786885246,58,55,3,0,52,55,29423,6,0,0,6,0
2020-06-15,US,Missouri,Franklin,168,18,0,38.41127108,-91.07522826,29071.0,161.58973520443988,10.714285714285714,150,166,18,0,148,166,103670,2,0,0,2,0
2020-06-15,US,Missouri,Gasconade,2,0,0,38.43947277,-91.50847147,29073.0,13.599891200870395,0.0,2,2,0,0,2,2,14705,0,0,0,0,0
2020-06-15,US,Missouri,Gentry,54,8,0,40.21097916,-94.40944419,29075.0,821.7927256125398,14.814814814814815,46,54,6,0,48,54,6628,0,2,0,-2,0
2020-06-15,US,Missouri,Greene,193,9,0,37.2575872,-93.34230916,29077.0,65.85097889356706,4.66321243523316,184,188,9,0,179,188,291923,5,0,0,5,0
2020-06-15,US,Missouri,Grundy,12,0,0,40.11406587,-93.56509276,29079.0,121.82741116751271,0.0,12,12,0,0,12,12,9914,0,0,0,0,0
2020-06-15,US,Missouri,Harrison,9,0,0,40.35570088,-93.99222144,29081.0,107.75862068965515,0.0,9,9,0,0,9,9,8414,0,0,0,0,0
2020-06-15,US,Missouri,Henry,16,3,0,38.38482826,-93.79293734,29083.0,73.31378299120234,18.75,13,16,3,0,13,16,21792,0,0,0,0,0
2020-06-15,US,Missouri,Holt,1,0,0,40.09799248,-95.2163888,29087.0,22.71178741766977,0.0,1,1,0,0,1,1,4404,0,0,0,0,0
2020-06-15,US,Missouri,Howard,3,0,0,39.1435761,-92.69756691,29089.0,29.99700029997,0.0,3,3,0,0,3,3,10137,0,0,0,0,0
2020-06-15,US,Missouri,Howell,26,0,0,36.77383887,-91.88683935,29091.0,64.81042949373084,0.0,26,20,0,0,20,20,40076,6,0,0,6,0
2020-06-15,US,Missouri,Iron,2,0,0,37.55487945,-90.7735296,29093.0,19.753086419753085,0.0,2,2,0,0,2,2,10177,0,0,0,0,0
2020-06-15,US,Missouri,Jackson,865,22,0,39.01002188,-94.34724536,29095.0,123.04217145962154,2.543352601156069,843,819,22,0,797,819,700307,46,0,0,46,0
2020-06-15,US,Missouri,Jasper,139,0,0,37.20351921,-94.34050458,29097.0,114.56547540551232,0.0,139,122,0,0,122,122,120636,17,0,0,17,0
2020-06-15,US,Missouri,Jefferson,378,19,0,38.25926778,-90.53870896,29099.0,167.93954176496462,5.026455026455026,359,376,19,0,357,376,224347,2,0,0,2,0
2020-06-15,US,Missouri,Johnson,80,0,0,38.74719601,-93.80691168,29101.0,147.97824719766194,0.0,80,80,0,0,80,80,53652,0,0,0,0,0
2020-06-15,US,Missouri,Kansas City,1737,29,0,39.0997,-94.5786,0.0,355.25613415060656,1.6695451928612548,1708,1690,29,0,1661,1690,491918,47,0,0,47,0
2020-06-15,US,Missouri,Knox,2,0,0,40.12699751,-92.14780832,29103.0,50.51780752715332,0.0,2,2,0,0,2,2,3947,0,0,0,0,0
2020-06-15,US,Missouri,Laclede,9,0,0,37.65896829,-92.5888493,29105.0,25.19385269994121,0.0,9,9,0,0,9,9,35713,0,0,0,0,0
2020-06-15,US,Missouri,Lafayette,85,2,0,39.06986886,-93.78076396,29107.0,259.87525987525987,2.3529411764705883,83,85,2,0,83,85,32598,0,0,0,0,0
2020-06-15,US,Missouri,Lawrence,7,0,0,37.10626634,-93.83293097,29109.0,18.25055403467605,0.0,7,7,0,0,7,7,38359,0,0,0,0,0
2020-06-15,US,Missouri,Lewis,7,1,0,40.09673161,-91.72070156,29111.0,71.6039279869067,14.285714285714285,6,7,1,0,6,7,9855,0,0,0,0,0
2020-06-15,US,Missouri,Lincoln,87,1,0,39.05345619,-90.95588181,29113.0,147.42514361242442,1.1494252873563218,86,87,1,0,86,87,57686,0,0,0,0,0
2020-06-15,US,Missouri,Linn,11,1,0,39.87001769,-93.10704106,29115.0,92.28187919463087,9.090909090909092,10,11,1,0,10,11,12037,0,0,0,0,0
2020-06-15,US,Missouri,Livingston,6,0,0,39.78110272,-93.54645978,29117.0,39.40369081237276,0.0,6,7,0,0,7,7,15146,-1,0,0,-1,0
2020-06-15,US,Missouri,Macon,7,0,0,39.83049768,-92.56453089,29121.0,46.30548389230668,0.0,7,7,0,0,7,7,15153,0,0,0,0,0
2020-06-15,US,Missouri,Madison,3,0,0,37.47865134,-90.3467143,29123.0,24.81800132362674,0.0,3,3,0,0,3,3,12188,0,0,0,0,0
2020-06-15,US,Missouri,Maries,2,0,0,38.16193985,-91.92249662,29125.0,22.996435552489363,0.0,2,2,0,0,2,2,8769,0,0,0,0,0
2020-06-15,US,Missouri,Marion,8,0,0,39.80601912,-91.62203062,29127.0,28.040658955485448,0.0,8,8,0,0,8,8,28592,0,0,0,0,0
2020-06-15,US,Missouri,McDonald,78,0,0,36.62869595,-94.34867205,29119.0,341.5509918115339,0.0,78,70,0,0,70,70,23078,8,0,0,8,0
2020-06-15,US,Missouri,Mercer,5,0,0,40.42212303,-93.5682959,29129.0,138.23610727121923,0.0,5,5,0,0,5,5,3641,0,0,0,0,0
2020-06-15,US,Missouri,Miller,6,0,0,38.21450288,-92.42610898,29131.0,23.420117881259998,0.0,6,4,0,0,4,4,25336,2,0,0,2,0
2020-06-15,US,Missouri,Mississippi,74,0,0,36.82516239,-89.29505753,29133.0,561.4567526555387,0.0,74,71,0,0,71,71,13336,3,0,0,3,0
2020-06-15,US,Missouri,Moniteau,49,1,0,38.63571781,-92.57976951,29135.0,303.74411108356065,2.0408163265306123,48,49,1,0,48,49,16121,0,0,0,0,0
2020-06-15,US,Missouri,Monroe,3,0,0,39.49593978,-92.00043978,29137.0,34.706154558074964,0.0,3,3,0,0,3,3,8664,0,0,0,0,0
2020-06-15,US,Missouri,Montgomery,12,0,0,38.94022054,-91.47000721,29139.0,103.88710934118258,0.0,12,12,0,0,12,12,11534,0,0,0,0,0
2020-06-15,US,Missouri,Morgan,9,0,0,38.4181765,-92.88791859,29141.0,43.63213264168323,0.0,9,9,0,0,9,9,20358,0,0,0,0,0
2020-06-15,US,Missouri,New Madrid,35,1,0,36.59666326,-89.66070007,29143.0,204.9660342000469,2.8571428571428568,34,35,1,0,34,35,17296,0,0,0,0,0
2020-06-15,US,Missouri,Newton,79,1,0,36.90519407,-94.3394104,29145.0,135.65492135448864,1.2658227848101269,78,62,1,0,61,62,58266,17,0,0,17,0
2020-06-15,US,Missouri,Nodaway,15,0,0,40.36079813,-94.88133008,29147.0,67.8978815860945,0.0,15,15,0,0,15,15,22304,0,0,0,0,0
2020-06-15,US,Missouri,Oregon,4,0,0,36.68710164,-91.4033755,29149.0,37.99031247032007,0.0,4,4,0,0,4,4,10541,0,0,0,0,0
2020-06-15,US,Missouri,Osage,5,0,0,38.46036182,-91.8613635,29151.0,36.72420124862284,0.0,5,5,0,0,5,5,13714,0,0,0,0,0
2020-06-15,US,Missouri,Pemiscot,104,6,0,36.2130572,-89.78742322,29155.0,658.0196140461879,5.769230769230768,98,102,6,0,96,102,16272,2,0,0,2,0
2020-06-15,US,Missouri,Perry,85,0,0,37.70660776,-89.82741088,29157.0,444.18896321070235,0.0,85,84,0,0,84,84,19150,1,0,0,1,0
2020-06-15,US,Missouri,Pettis,86,1,0,38.72798918,-93.28471706,29159.0,203.1224166843808,1.162790697674419,85,85,1,0,84,85,42542,1,0,0,1,0
2020-06-15,US,Missouri,Phelps,6,0,0,37.87736118,-91.79351727,29161.0,13.461063872748074,0.0,6,6,0,0,6,6,44732,0,0,0,0,0
2020-06-15,US,Missouri,Pike,32,1,0,39.34310674,-91.16980779,29163.0,174.8442793137362,3.125,31,31,1,0,30,31,18504,1,0,0,1,0
2020-06-15,US,Missouri,Platte,98,3,0,39.38154439,-94.77068479,29165.0,93.85355015418794,3.0612244897959178,95,97,3,0,94,97,102985,1,0,0,1,0
2020-06-15,US,Missouri,Polk,10,0,0,37.6162296,-93.39828174,29167.0,31.105166568166965,0.0,10,8,0,0,8,8,32201,2,0,0,2,0
2020-06-15,US,Missouri,Pulaski,106,1,0,37.82462075,-92.20783203,29169.0,201.49409774364628,0.9433962264150944,105,106,1,0,105,106,52014,0,0,0,0,0
2020-06-15,US,Missouri,Putnam,1,0,0,40.47942497,-93.02042674,29171.0,21.29471890971039,0.0,1,1,0,0,1,1,4757,0,0,0,0,0
2020-06-15,US,Missouri,Ralls,5,0,0,39.52817427,-91.51838643,29173.0,48.50130953535746,0.0,5,5,0,0,5,5,10212,0,0,0,0,0
2020-06-15,US,Missouri,Randolph,11,0,0,39.44007257,-92.4971374,29175.0,44.44803620494586,0.0,11,10,0,0,10,10,24763,1,0,0,1,0
2020-06-15,US,Missouri,Ray,25,0,0,39.3537468,-93.98905745,29177.0,108.61065253280043,0.0,25,25,0,0,25,25,22883,0,0,0,0,0
2020-06-15,US,Missouri,Reynolds,2,0,0,37.36085952,-90.97009925,29179.0,31.897926634768737,0.0,2,2,0,0,2,2,6254,0,0,0,0,0
2020-06-15,US,Missouri,Ripley,11,0,0,36.65460667,-90.85990261,29181.0,82.78145695364239,0.0,11,11,0,0,11,11,13401,0,0,0,0,0
2020-06-15,US,Missouri,Saline,270,4,0,39.13734288,-93.20259964,29195.0,1186.2396204033216,1.4814814814814814,266,271,4,0,267,271,22895,-1,0,0,-1,0
2020-06-15,US,Missouri,Schuyler,1,0,0,40.46921489,-92.52311943,29197.0,21.45922746781116,0.0,1,1,0,0,1,1,4599,0,0,0,0,0
2020-06-15,US,Missouri,Scotland,8,1,0,40.45214695,-92.14709064,29199.0,163.19869441044472,12.5,7,8,1,0,7,8,4966,0,0,0,0,0
2020-06-15,US,Missouri,Scott,145,10,0,37.05588075,-89.56474493,29201.0,378.7878787878788,6.896551724137932,135,139,10,0,129,139,38458,6,0,0,6,0
2020-06-15,US,Missouri,Shannon,6,0,0,37.15772072,-91.40190382,29203.0,73.47538574577517,0.0,6,6,0,0,6,6,8189,0,0,0,0,0
2020-06-15,US,Missouri,Shelby,1,0,0,39.79742518,-92.07634971,29205.0,16.863406408094434,0.0,1,1,0,0,1,1,6050,0,0,0,0,0
2020-06-15,US,Missouri,St. Charles,910,63,0,38.77875681,-90.66662425,29183.0,226.35577157468998,6.9230769230769225,847,890,63,0,827,890,399182,20,0,0,20,0
2020-06-15,US,Missouri,St. Clair,2,0,0,38.03699437,-93.77631447,29185.0,21.283388315419813,0.0,2,2,0,0,2,2,9395,0,0,0,0,0
2020-06-15,US,Missouri,St. Francois,42,2,0,37.81214171,-90.47598685,29187.0,62.4860522204865,4.761904761904762,40,40,2,0,38,40,66692,2,0,0,2,0
2020-06-15,US,Missouri,St. Louis,5604,500,0,38.63770039999999,-90.4458375,29189.0,563.6664470607169,8.922198429693077,5104,5536,500,0,5036,5506,996945,68,0,0,68,30
2020-06-15,US,Missouri,St. Louis City,2219,141,0,38.63555736,-90.24349225,29510.0,738.2492281486212,6.3542136097341135,2078,2195,141,0,2054,2195,302838,24,0,0,24,0
2020-06-15,US,Missouri,Ste. Genevieve,14,1,0,37.89090059,-90.1949941,29186.0,78.2385157035878,7.142857142857142,13,14,1,0,13,14,17888,0,0,0,0,0
2020-06-15,US,Missouri,Stoddard,118,7,0,36.85571651,-89.9444155,29207.0,406.5460809646856,5.932203389830509,111,118,7,0,111,118,29206,0,0,0,0,0
2020-06-15,US,Missouri,Stone,7,0,0,36.75000327,-93.45256475,29209.0,21.907861792689037,0.0,7,7,0,0,7,7,31749,0,0,0,0,0
2020-06-15,US,Missouri,Sullivan,77,0,0,40.2099105,-93.11150106,29211.0,1264.5754639513875,0.0,77,77,0,0,77,77,6221,0,0,0,0,0
2020-06-15,US,Missouri,Taney,24,2,0,36.65465345,-93.04075153,29213.0,42.912315834644545,8.333333333333334,22,15,2,0,13,15,55852,9,0,0,9,0
2020-06-15,US,Missouri,Texas,1,0,0,37.31728859,-91.96564727,29215.0,3.937317899047169,0.0,1,1,0,0,1,1,25571,0,0,0,0,0
2020-06-15,US,Missouri,Unassigned,1,0,0,0.0,0.0,90029.0,0.0,0.0,1,1,0,0,1,1,,0,0,0,0,0
2020-06-15,US,Missouri,Vernon,12,0,0,37.8457799,-94.34127305,29217.0,58.357243592860954,0.0,12,12,0,0,12,12,20528,0,0,0,0,0
2020-06-15,US,Missouri,Warren,30,0,0,38.76529479,-91.16124662,29219.0,84.15383320710258,0.0,30,30,0,0,30,30,34711,0,0,0,0,0
2020-06-15,US,Missouri,Washington,13,1,0,37.96130078,-90.87948158,29221.0,52.56773150020218,7.6923076923076925,12,13,1,0,12,13,24943,0,0,0,0,0
2020-06-15,US,Missouri,Webster,18,0,0,37.2813734,-92.876329,29225.0,45.463730046474026,0.0,18,18,0,0,18,18,39109,0,0,0,0,0
2020-06-15,US,Missouri,Worth,4,0,0,40.47945588,-94.42328751,29227.0,198.7083954297069,0.0,4,4,0,0,4,4,2040,0,0,0,0,0
2020-06-15,US,Missouri,Wright,14,0,0,37.27029221,-92.46914488,29229.0,76.54874514735633,0.0,14,14,0,0,14,14,18378,0,0,0,0,0
2020-06-15,US,Montana,Beaverhead,1,0,0,45.13434354,-112.89846940000001,30001.0,10.578652279699568,0.0,1,1,0,0,1,1,9404,0,0,0,0,0
2020-06-15,US,Montana,Big Horn,47,2,0,45.42335905,-107.492347,30003.0,352.8793452961935,4.25531914893617,45,46,2,0,44,44,13338,1,0,0,1,2
2020-06-15,US,Montana,Broadwater,4,0,0,46.33277565,-111.49558130000001,30007.0,64.1333974667308,0.0,4,4,0,0,4,4,6085,0,0,0,0,0
2020-06-15,US,Montana,Carbon,6,0,0,45.22850116,-109.0274047,30009.0,55.94405594405596,0.0,6,6,0,0,6,6,10714,0,0,0,0,0
2020-06-15,US,Montana,Cascade,19,2,0,47.30797024,-111.3467922,30013.0,23.351276946144576,10.526315789473683,17,18,2,0,16,17,81643,1,0,0,1,1
2020-06-15,US,Montana,Custer,11,0,0,46.25319932,-105.57375259999998,30017.0,96.47430275390282,0.0,11,8,0,0,8,3,11586,3,0,0,3,5
2020-06-15,US,Montana,Deer Lodge,3,0,0,46.05953325,-113.073353,30023.0,32.822757111597376,0.0,3,3,0,0,3,3,9131,0,0,0,0,0
2020-06-15,US,Montana,Flathead,39,2,0,48.29575866,-114.05205690000001,30029.0,37.570082654181846,5.128205128205129,37,38,2,0,36,37,102106,1,0,0,1,1
2020-06-15,US,Montana,Gallatin,188,1,0,45.54486106,-111.1692571,30031.0,164.28683782791828,0.5319148936170213,187,188,1,0,187,187,111876,0,0,0,0,1
2020-06-15,US,Montana,Glacier,6,0,0,48.70513576,-112.9934235,30035.0,43.62684505198866,0.0,6,6,0,0,6,6,13747,0,0,0,0,0
2020-06-15,US,Montana,Golden Valley,3,0,0,46.3816474,-109.17685220000001,30037.0,365.40803897685754,0.0,3,3,0,0,3,3,826,0,0,0,0,0
2020-06-15,US,Montana,Hill,1,0,0,48.62879827,-110.1129252,30041.0,6.066488716330987,0.0,1,1,0,0,1,1,16347,0,0,0,0,0
2020-06-15,US,Montana,Jefferson,3,0,0,46.14907081,-112.094396,30043.0,24.547909336388184,0.0,3,3,0,0,3,3,12097,0,0,0,0,0
2020-06-15,US,Montana,Lake,9,0,0,47.64514965,-114.0898013,30047.0,29.548886991923304,0.0,9,9,0,0,9,9,30250,0,0,0,0,0
2020-06-15,US,Montana,Lewis and Clark,20,0,0,47.12610041,-112.39469799999999,30049.0,28.8051618850098,0.0,20,20,0,0,20,19,68700,0,0,0,0,1
2020-06-15,US,Montana,Liberty,1,0,0,48.56084317,-111.02430700000001,30051.0,42.78990158322636,0.0,1,1,0,0,1,1,2430,0,0,0,0,0
2020-06-15,US,Montana,Lincoln,7,1,0,48.54265777,-115.4046155,30053.0,35.03503503503504,14.285714285714285,6,7,1,0,6,7,19794,0,0,0,0,0
2020-06-15,US,Montana,Madison,8,1,0,45.30080065,-111.9173017,30057.0,93.02325581395347,12.5,7,8,1,0,7,8,8768,0,0,0,0,0
2020-06-15,US,Montana,Meagher,1,0,0,46.59907074,-110.8898557,30059.0,53.705692803437174,0.0,1,1,0,0,1,1,1866,0,0,0,0,0
2020-06-15,US,Montana,Missoula,40,1,0,47.03728583,-113.92135079999998,30063.0,33.44481605351171,2.5,39,40,1,0,39,40,118791,0,0,0,0,0
2020-06-15,US,Montana,Musselshell,1,0,0,46.49684637,-108.39498,30065.0,21.58428663932657,0.0,1,1,0,0,1,1,4651,0,0,0,0,0
2020-06-15,US,Montana,Park,8,0,0,45.48965095,-110.52643940000002,30067.0,48.17535830422739,0.0,8,8,0,0,8,8,16736,0,0,0,0,0
2020-06-15,US,Montana,Pondera,2,0,0,48.22773388,-112.22527029999999,30073.0,33.83522246658772,0.0,2,2,0,0,2,2,5972,0,0,0,0,0
2020-06-15,US,Montana,Ravalli,18,0,0,46.08520862,-114.11891640000002,30081.0,41.0902616079989,0.0,18,17,0,0,17,15,43172,1,0,0,1,2
2020-06-15,US,Montana,Richland,3,0,0,47.78668011,-104.5610786,30083.0,27.770063871146906,0.0,3,3,0,0,3,3,10913,0,0,0,0,0
2020-06-15,US,Montana,Roosevelt,7,0,0,48.29607488,-105.00792679999999,30085.0,63.613231552162844,0.0,7,7,0,0,7,7,11059,0,0,0,0,0
2020-06-15,US,Montana,Rosebud,1,0,0,46.23397237,-106.72928799999998,30087.0,11.189437171310285,0.0,1,1,0,0,1,1,9063,0,0,0,0,0
2020-06-15,US,Montana,Silver Bow,11,0,0,45.90018933,-112.6620092,30093.0,31.505083774881854,0.0,11,11,0,0,11,11,34993,0,0,0,0,0
2020-06-15,US,Montana,Stillwater,3,0,0,45.67071407,-109.3950061,30095.0,31.113876789047914,0.0,3,2,0,0,2,2,9534,1,0,0,1,0
2020-06-15,US,Montana,Toole,29,6,0,48.65577551,-111.69424140000001,30101.0,612.331081081081,20.689655172413797,23,29,6,0,23,29,4853,0,0,0,0,0
2020-06-15,US,Montana,Wheatland,1,0,0,46.46652491,-109.84646359999999,30107.0,47.036688617121364,0.0,1,1,0,0,1,1,2236,0,0,0,0,0
2020-06-15,US,Montana,Yellowstone,108,3,0,45.93955949,-108.26914860000001,30111.0,66.95598264104153,2.7777777777777777,105,108,3,0,105,108,160137,0,0,0,0,0
2020-06-15,US,Nebraska,Adams,278,11,0,40.52449420000001,-98.50117804,31001.0,886.394796416159,3.956834532374101,267,278,11,0,267,278,31511,0,0,0,0,0
2020-06-15,US,Nebraska,Antelope,8,0,0,42.17695516,-98.06662829999999,31003.0,127.02445220704986,0.0,8,8,0,0,8,8,6336,0,0,0,0,0
2020-06-15,US,Nebraska,Banner,1,0,0,41.54634427,-103.7114332,31007.0,134.2281879194631,0.0,1,1,0,0,1,1,730,0,0,0,0,0
2020-06-15,US,Nebraska,Boone,7,0,0,41.70759415,-98.06737183,31011.0,134.82280431432974,0.0,7,7,0,0,7,7,5239,0,0,0,0,0
2020-06-15,US,Nebraska,Box Butte,3,0,0,42.22079243,-103.08788340000001,31013.0,27.821570991375317,0.0,3,3,0,0,3,3,10772,0,0,0,0,0
2020-06-15,US,Nebraska,Boyd,1,0,0,42.899727399999996,-98.76486568,31015.0,52.11047420531528,0.0,1,1,0,0,1,1,1955,0,0,0,0,0
2020-06-15,US,Nebraska,Buffalo,176,1,0,40.85486962,-99.07500296,31019.0,354.4171247910752,0.5681818181818182,175,177,1,0,176,177,49615,-1,0,0,-1,0
2020-06-15,US,Nebraska,Burt,11,0,0,41.85056773,-96.32605633,31021.0,170.3050007741136,0.0,11,10,0,0,10,9,6488,1,0,0,1,1
2020-06-15,US,Nebraska,Butler,51,0,0,41.22703692,-97.13106306,31023.0,636.2275449101796,0.0,51,51,0,0,51,51,8058,0,0,0,0,0
2020-06-15,US,Nebraska,Cass,60,0,0,40.90899107,-96.13971217,31025.0,228.5888448643706,0.0,60,60,0,0,60,60,26159,0,0,0,0,0
2020-06-15,US,Nebraska,Cedar,8,0,0,42.598885100000004,-97.25311951,31027.0,95.21542489883362,0.0,8,8,0,0,8,8,8446,0,0,0,0,0
2020-06-15,US,Nebraska,Chase,1,0,0,40.523719799999995,-101.69780259999999,31029.0,25.4841997961264,0.0,1,1,0,0,1,1,3977,0,0,0,0,0
2020-06-15,US,Nebraska,Cherry,1,0,0,42.54502621,-101.1244332,31031.0,17.577781683951486,0.0,1,1,0,0,1,1,5761,0,0,0,0,0
2020-06-15,US,Nebraska,Cheyenne,10,0,0,41.21999357,-102.9941693,31033.0,112.23344556677891,0.0,10,10,0,0,10,10,9310,0,0,0,0,0
2020-06-15,US,Nebraska,Clay,24,0,0,40.52439441,-98.05126296,31035.0,386.90955989037565,0.0,24,24,0,0,24,24,6214,0,0,0,0,0
2020-06-15,US,Nebraska,Colfax,647,4,0,41.57486951,-97.0868542,31037.0,6041.6472126248955,0.6182380216383307,643,647,4,0,643,646,10881,0,0,0,0,1
2020-06-15,US,Nebraska,Cuming,34,0,0,41.91637624,-96.78730772,31039.0,384.35451051322633,0.0,34,34,0,0,34,34,8940,0,0,0,0,0
2020-06-15,US,Nebraska,Custer,34,4,0,41.39374521,-99.72805369,31041.0,315.4866846061056,11.764705882352944,30,34,4,0,30,34,10840,0,0,0,0,0
2020-06-15,US,Nebraska,Dakota,1724,27,0,42.39040144,-96.56656425,31043.0,8608.808548886447,1.566125290023202,1697,1722,27,0,1695,1719,20083,2,0,0,2,3
2020-06-15,US,Nebraska,Dawes,1,0,0,42.71985036,-103.1313774,31045.0,11.6427989288625,0.0,1,1,0,0,1,1,8716,0,0,0,0,0
2020-06-15,US,Nebraska,Dawson,845,8,0,40.87028216,-99.82014609999999,31047.0,3581.267217630854,0.9467455621301776,837,844,8,0,836,844,23709,1,0,0,1,0
2020-06-15,US,Nebraska,Dixon,40,1,0,42.49188363,-96.86782408,31051.0,709.7232079488998,2.5,39,40,1,0,39,39,5709,0,0,0,0,1
2020-06-15,US,Nebraska,Dodge,638,3,0,41.58071748,-96.65598179,31053.0,1744.837959797621,0.4702194357366771,635,621,2,0,619,621,36791,17,1,0,16,0
2020-06-15,US,Nebraska,Douglas,5734,61,0,41.29518299,-96.15085305,31055.0,1003.628394947202,1.0638297872340423,5673,5668,60,0,5608,5611,566880,66,1,0,65,57
2020-06-15,US,Nebraska,Fillmore,11,1,0,40.52458567,-97.59646937,31059.0,201.39143170999637,9.090909090909092,10,10,1,0,9,9,5527,1,0,0,1,1
2020-06-15,US,Nebraska,Franklin,6,0,0,40.17636348,-98.95299073,31061.0,201.40986908358508,0.0,6,6,0,0,6,6,3023,0,0,0,0,0
2020-06-15,US,Nebraska,Frontier,1,0,0,40.52993007,-100.3924658,31063.0,38.06623524933384,0.0,1,1,0,0,1,1,2608,0,0,0,0,0
2020-06-15,US,Nebraska,Furnas,9,1,0,40.17642064,-99.91247454,31065.0,192.4721984602224,11.111111111111109,8,9,1,0,8,9,4715,0,0,0,0,0
2020-06-15,US,Nebraska,Gage,45,4,0,40.26186809,-96.68946704,31067.0,209.17584716218101,8.888888888888891,41,45,4,0,41,45,21493,0,0,0,0,0
2020-06-15,US,Nebraska,Garden,4,0,0,41.61703149,-102.3313973,31069.0,217.74632553075668,0.0,4,4,0,0,4,4,1897,0,0,0,0,0
2020-06-15,US,Nebraska,Garfield,1,0,0,41.91428955,-98.99111827,31071.0,50.787201625190455,0.0,1,1,0,0,1,1,1987,0,0,0,0,0
2020-06-15,US,Nebraska,Gosper,13,0,0,40.51481965,-99.83020279,31073.0,653.2663316582915,0.0,13,13,0,0,13,13,1996,0,0,0,0,0
2020-06-15,US,Nebraska,Greeley,3,0,0,41.56742671,-98.52150266,31077.0,127.33446519524618,0.0,3,3,0,0,3,3,2356,0,0,0,0,0
2020-06-15,US,Nebraska,Hall,1562,45,0,40.87257079,-98.50218293,31079.0,2545.9227747624404,2.880921895006402,1517,1561,45,0,1516,1561,61607,1,0,0,1,0
2020-06-15,US,Nebraska,Hamilton,56,11,0,40.87349452,-98.02099117,31081.0,600.6006006006006,19.642857142857142,45,56,11,0,45,56,9280,0,0,0,0,0
2020-06-15,US,Nebraska,Hitchcock,1,0,0,40.17609175,-101.04164770000001,31087.0,36.205648081100655,0.0,1,1,0,0,1,1,2806,0,0,0,0,0
2020-06-15,US,Nebraska,Holt,1,0,0,42.45522056,-98.78402558,31089.0,9.933445912387008,0.0,1,1,0,0,1,1,10178,0,0,0,0,0
2020-06-15,US,Nebraska,Howard,44,4,0,41.2200529,-98.5166499,31093.0,682.6997672614431,9.090909090909092,40,45,4,0,41,45,6468,-1,0,0,-1,0
2020-06-15,US,Nebraska,Jefferson,9,0,0,40.17584531,-97.142601,31095.0,127.73204655123476,0.0,9,9,0,0,9,9,7097,0,0,0,0,0
2020-06-15,US,Nebraska,Johnson,6,0,0,40.39257596,-96.26522753,31097.0,118.3198580161704,0.0,6,6,0,0,6,6,5134,0,0,0,0,0
2020-06-15,US,Nebraska,Kearney,12,0,0,40.50663314,-98.94877182,31099.0,184.75750577367202,0.0,12,12,0,0,12,12,6544,0,0,0,0,0
2020-06-15,US,Nebraska,Keith,2,0,0,41.19930341,-101.66201640000001,31101.0,24.894199651481205,0.0,2,2,0,0,2,2,8021,0,0,0,0,0
2020-06-15,US,Nebraska,Kimball,8,0,0,41.19774275,-103.7148131,31105.0,220.26431718061676,0.0,8,8,0,0,8,8,3618,0,0,0,0,0
2020-06-15,US,Nebraska,Knox,13,0,0,42.63758421,-97.89178836,31107.0,156.0249639942391,0.0,13,12,0,0,12,11,8419,1,0,0,1,1
2020-06-15,US,Nebraska,Lancaster,1480,10,0,40.78416049,-96.68777155,31109.0,463.81898523927424,0.6756756756756757,1470,1463,10,0,1453,1460,317272,17,0,0,17,3
2020-06-15,US,Nebraska,Lincoln,53,2,0,41.04658298,-100.74753740000001,31111.0,151.80156957094576,3.7735849056603774,51,53,2,0,51,53,35185,0,0,0,0,0
2020-06-15,US,Nebraska,Madison,333,4,0,41.91676024,-97.6005481,31119.0,948.7449784894156,1.2012012012012012,329,332,4,0,328,331,35392,1,0,0,1,1
2020-06-15,US,Nebraska,Merrick,36,0,0,41.16624273,-98.0374887,31121.0,464.2166344294004,0.0,36,37,0,0,37,37,7733,-1,0,0,-1,0
2020-06-15,US,Nebraska,Morrill,12,0,0,41.71711774,-103.0061405,31123.0,258.5092632485997,0.0,12,12,0,0,12,12,4686,0,0,0,0,0
2020-06-15,US,Nebraska,Nance,4,0,0,41.39750195,-97.99327291,31125.0,113.66865586814436,0.0,4,4,0,0,4,4,3532,0,0,0,0,0
2020-06-15,US,Nebraska,Nemaha,4,0,0,40.38514847,-95.85433992,31127.0,57.37234652897303,0.0,4,4,0,0,4,4,6958,0,0,0,0,0
2020-06-15,US,Nebraska,Nuckolls,1,0,0,40.17637905,-98.04743961,31129.0,24.10800385728061,0.0,1,1,0,0,1,1,4195,0,0,0,0,0
2020-06-15,US,Nebraska,Otoe,12,0,0,40.64843556,-96.13374142,31131.0,74.94379215588309,0.0,12,12,0,0,12,12,15985,0,0,0,0,0
2020-06-15,US,Nebraska,Phelps,20,0,0,40.51156033,-99.41461667,31137.0,221.38587558113792,0.0,20,20,0,0,20,20,8996,0,0,0,0,0
2020-06-15,US,Nebraska,Pierce,6,0,0,42.26434853,-97.60122773,31139.0,83.93956351426971,0.0,6,6,0,0,6,6,7142,0,0,0,0,0
2020-06-15,US,Nebraska,Platte,647,1,0,41.57246836,-97.52144359,31141.0,1933.07439498058,0.1545595054095827,646,642,1,0,641,642,33363,5,0,0,5,0
2020-06-15,US,Nebraska,Polk,12,0,0,41.18813488,-97.56630712,31143.0,230.19374640322275,0.0,12,12,0,0,12,12,5278,0,0,0,0,0
2020-06-15,US,Nebraska,Red Willow,5,0,0,40.17556879999999,-100.476998,31145.0,46.624393882879524,0.0,5,5,0,0,5,5,10726,0,0,0,0,0
2020-06-15,US,Nebraska,Richardson,1,1,0,40.1247415,-95.71755036,31147.0,12.714558169103626,100.0,0,1,1,0,0,1,7937,0,0,0,0,0
2020-06-15,US,Nebraska,Saline,520,2,0,40.52418865,-97.14085859,31151.0,3655.7930258717656,0.38461538461538464,518,519,2,0,517,518,14350,1,0,0,1,1
2020-06-15,US,Nebraska,Sarpy,907,7,0,41.11314181,-96.11156432,31153.0,484.5188999764952,0.7717750826901875,900,898,5,0,893,882,184459,9,2,0,7,16
2020-06-15,US,Nebraska,Saunders,57,1,0,41.227810299999994,-96.63773905,31155.0,264.1579386412086,1.7543859649122806,56,57,1,0,56,56,21303,0,0,0,0,1
2020-06-15,US,Nebraska,Scotts Bluff,177,2,0,41.85070896,-103.70809859999999,31157.0,496.9397495648268,1.1299435028248588,175,172,2,0,170,172,35989,5,0,0,5,0
2020-06-15,US,Nebraska,Seward,32,1,0,40.87241834,-97.139673,31159.0,185.1423281647767,3.125,31,32,1,0,31,31,17318,0,0,0,0,1
2020-06-15,US,Nebraska,Sherman,5,0,0,41.22045983,-98.97588642,31163.0,166.61112962345885,0.0,5,4,0,0,4,4,3038,1,0,0,1,0
2020-06-15,US,Nebraska,Sioux,1,0,0,42.48932059,-103.7576544,31165.0,85.76329331046313,0.0,1,2,0,0,2,2,1187,-1,0,0,-1,0
2020-06-15,US,Nebraska,Stanton,21,0,0,41.9169835,-97.19394708,31167.0,354.72972972972974,0.0,21,21,0,0,21,21,5970,0,0,0,0,0
2020-06-15,US,Nebraska,Thayer,1,0,0,40.17626377,-97.59504381,31169.0,19.98800719568259,0.0,1,1,0,0,1,1,5039,0,0,0,0,0
2020-06-15,US,Nebraska,Thomas,1,0,0,41.91358968,-100.5556632,31171.0,138.50415512465375,0.0,1,1,0,0,1,1,720,0,0,0,0,0
2020-06-15,US,Nebraska,Thurston,66,1,0,42.15725356,-96.54157099,31173.0,913.6212624584717,1.5151515151515151,65,66,0,0,66,65,7303,0,1,0,-1,1
2020-06-15,US,Nebraska,Unassigned,176,1,0,0.0,0.0,90031.0,0.0,0.5681818181818182,175,180,1,0,179,180,,-4,0,0,-4,0
2020-06-15,US,Nebraska,Valley,7,0,0,41.56730777,-98.98197724,31175.0,168.3501683501684,0.0,7,7,0,0,7,7,4190,0,0,0,0,0
2020-06-15,US,Nebraska,Washington,41,1,0,41.52815707,-96.22019892,31177.0,197.7905349992764,2.4390243902439024,40,41,1,0,40,40,20667,0,0,0,0,1
2020-06-15,US,Nebraska,Wayne,26,0,0,42.20934475,-97.11926964,31179.0,277.0378263185935,0.0,26,26,0,0,26,26,9403,0,0,0,0,0
2020-06-15,US,Nebraska,Webster,6,0,0,40.17642643,-98.50019851,31181.0,172.0676799541153,0.0,6,6,0,0,6,6,3533,0,0,0,0,0
2020-06-15,US,Nebraska,York,37,0,0,40.87272618,-97.59710186,31185.0,270.4876087433292,0.0,37,37,0,0,37,37,13772,0,0,0,0,0
2020-06-15,US,Nevada,Carson City,123,5,0,39.15509045,-119.7480219,32510.0,219.97281636740826,4.0650406504065035,118,120,5,0,115,118,55414,3,0,0,3,2
2020-06-15,US,Nevada,Churchill,10,1,0,39.58105744,-118.3394607,32001.0,40.14613192018949,10.0,9,10,1,0,9,10,24440,0,0,0,0,0
2020-06-15,US,Nevada,Clark,8815,379,0,36.21458855,-115.0130241,32003.0,388.88876634248237,4.2994895065229715,8436,8735,378,0,8357,8556,2231647,80,1,0,79,179
2020-06-15,US,Nevada,Douglas,46,0,0,38.912862,-119.61713329999999,32005.0,94.05991207443,0.0,46,42,0,0,42,42,48467,4,0,0,4,0
2020-06-15,US,Nevada,Elko,37,1,0,41.14531606,-115.3577619,32007.0,70.10496797908219,2.702702702702702,36,37,1,0,36,37,52460,0,0,0,0,0
2020-06-15,US,Nevada,Humboldt,78,4,0,41.40692186,-118.11094270000001,32013.0,463.43057453508413,5.128205128205129,74,78,4,0,74,78,16786,0,0,0,0,0
2020-06-15,US,Nevada,Lander,22,0,0,39.933223299999995,-117.03970749999999,32015.0,397.68618944323936,0.0,22,22,0,0,22,22,5575,0,0,0,0,0
2020-06-15,US,Nevada,Lincoln,2,0,0,37.64268459,-114.8790388,32017.0,38.58769052672198,0.0,2,2,0,0,2,2,5201,0,0,0,0,0
2020-06-15,US,Nevada,Lyon,92,2,0,39.01777974,-119.18704790000001,32019.0,159.97217875152148,2.1739130434782608,90,92,2,0,90,91,55808,0,0,0,0,1
2020-06-15,US,Nevada,Mineral,4,0,0,38.53841696,-118.4344506,32021.0,88.79023307436182,0.0,4,4,0,0,4,4,4514,0,0,0,0,0
2020-06-15,US,Nevada,Nye,74,2,0,38.04264256,-116.47227020000001,32023.0,159.0611095587129,2.702702702702702,72,73,2,0,71,73,45346,1,0,0,1,0
2020-06-15,US,Nevada,Pershing,5,0,0,40.44003782,-118.40056409999998,32027.0,74.34944237918216,0.0,5,5,0,0,5,5,6666,0,0,0,0,0
2020-06-15,US,Nevada,Storey,1,0,0,39.44875482,-119.5250207,32029.0,24.254183846713556,0.0,1,1,0,0,1,1,4029,0,0,0,0,0
2020-06-15,US,Nevada,Washoe,2003,71,0,40.66562265,-119.6631594,32031.0,424.7973040322871,3.5446829755366944,1932,1977,70,0,1907,1955,465735,26,1,0,25,22
2020-06-15,US,Nevada,White Pine,3,0,0,39.44157041,-114.89996599999999,32033.0,31.315240083507305,0.0,3,3,0,0,3,3,9475,0,0,0,0,0
2020-06-15,US,New Hampshire,Belknap,74,1,0,43.51637314,-71.41684235,33001.0,120.71187380715463,1.351351351351351,73,74,1,0,73,74,61022,0,0,0,0,0
2020-06-15,US,New Hampshire,Carroll,49,0,0,43.87498583,-71.20430216,33003.0,100.1840114496013,0.0,49,49,0,0,49,49,48779,0,0,0,0,0
2020-06-15,US,New Hampshire,Cheshire,60,2,0,42.92015988,-72.25311043,33005.0,78.85917066438851,3.333333333333333,58,60,2,0,58,60,76493,0,0,0,0,0
2020-06-15,US,New Hampshire,Coos,6,0,0,44.69063265,-71.30633239,33007.0,19.0095998479232,0.0,6,6,0,0,6,6,31589,0,0,0,0,0
2020-06-15,US,New Hampshire,Grafton,76,1,0,43.93779815,-71.82057197,33009.0,84.55154306566095,1.3157894736842106,75,76,1,0,75,76,89786,0,0,0,0,0
2020-06-15,US,New Hampshire,Hillsborough,2963,205,0,42.91537785,-71.7200253,33011.0,710.5089622924285,6.918663516706041,2758,2942,205,0,2737,2925,415247,21,0,0,21,17
2020-06-15,US,New Hampshire,Merrimack,392,18,0,43.29662971,-71.6811573,33013.0,258.9321690192944,4.591836734693878,374,391,18,0,373,391,151132,1,0,0,1,0
2020-06-15,US,New Hampshire,Rockingham,1416,79,0,42.98499744,-71.12883377,33015.0,457.1148178158563,5.5790960451977405,1337,1412,79,0,1333,1410,309176,4,0,0,4,2
2020-06-15,US,New Hampshire,Strafford,279,13,0,43.291833000000004,-71.02336013,33017.0,213.57543652828917,4.659498207885305,266,278,13,0,265,278,130090,1,0,0,1,0
2020-06-15,US,New Hampshire,Sullivan,25,1,0,43.36094111,-72.22203125,33019.0,57.942798868956565,4.0,24,25,1,0,24,25,43144,0,0,0,0,0
2020-06-15,US,New Hampshire,Unassigned,5,0,0,0.0,0.0,90033.0,0.0,0.0,5,5,0,0,5,5,,0,0,0,0,0
2020-06-15,US,New Jersey,Atlantic,2497,180,0,39.47538693,-74.65848483,34001.0,947.0171047142261,7.208650380456548,2317,2490,180,0,2310,2475,265429,7,0,0,7,15
2020-06-15,US,New Jersey,Bergen,18848,1664,0,40.96010917,-74.07164325,34003.0,2021.879378074709,8.828522920203735,17184,18818,1664,0,17154,18805,936692,30,0,0,30,13
2020-06-15,US,New Jersey,Burlington,4894,364,0,39.87681124,-74.66927768,34005.0,1098.9134364285092,7.4376787903555375,4530,4876,363,0,4513,4866,445384,18,1,0,17,10
2020-06-15,US,New Jersey,Camden,7025,416,0,39.80343818,-74.96388753,34007.0,1387.048814246028,5.9217081850533795,6609,7018,407,0,6611,6986,507078,7,9,0,-2,32
2020-06-15,US,New Jersey,Cape May,672,61,0,39.15008829,-74.80170244,34009.0,730.1252729821056,9.077380952380953,611,671,59,0,612,669,92560,1,2,0,-1,2
2020-06-15,US,New Jersey,Cumberland,2697,108,0,39.37199394,-75.10712559,34011.0,1803.6876283213064,4.004449388209121,2589,2666,107,0,2559,2661,150972,31,1,0,30,5
2020-06-15,US,New Jersey,Essex,18375,1751,0,40.78681335,-74.24657979,34013.0,2299.821646484558,9.529251700680273,16624,18364,1745,0,16619,18336,799767,11,6,0,5,28
2020-06-15,US,New Jersey,Gloucester,2416,163,0,39.71581067,-75.13995546,34015.0,828.4299606358611,6.746688741721853,2253,2414,157,0,2257,2402,291408,2,6,0,-4,12
2020-06-15,US,New Jersey,Hudson,19195,1256,0,40.73766234,-74.07515667,34017.0,2854.7377939324,6.543370669445168,17939,19177,1254,0,17923,19149,676061,18,2,0,16,28
2020-06-15,US,New Jersey,Hunterdon,1041,66,0,40.56335249,-74.91284156,34019.0,837.0118435969799,6.340057636887607,975,1039,66,0,973,1038,124714,2,0,0,2,1
2020-06-15,US,New Jersey,Mercer,7371,517,0,40.28047017,-74.70479631,34021.0,2006.0963993141552,7.0139736806403485,6854,7351,518,0,6833,7323,369811,20,-1,0,21,28
2020-06-15,US,New Jersey,Middlesex,16458,1083,0,40.43629879,-74.41426991,34023.0,1994.7591817342209,6.580386438206342,15375,16430,1076,0,15354,16385,829685,28,7,0,21,45
2020-06-15,US,New Jersey,Monmouth,8761,678,0,40.26549699,-74.22240686,34025.0,1415.8162234665765,7.738842597876955,8083,8740,672,0,8068,8720,621354,21,6,0,15,20
2020-06-15,US,New Jersey,Morris,6588,639,0,40.86095313,-74.54553709999998,34027.0,1339.4463702995865,9.699453551912569,5949,6581,636,0,5945,6568,494228,7,3,0,4,13
2020-06-15,US,New Jersey,Ocean,9258,820,0,39.8895449,-74.28089251,34029.0,1524.7387126844162,8.857204579822856,8438,9244,817,0,8427,9222,601651,14,3,0,11,22
2020-06-15,US,New Jersey,Passaic,16649,1001,0,41.03238628,-74.29954144,34031.0,3317.683818694129,6.012373115502433,15648,16627,999,0,15628,16612,503310,22,2,0,20,15
2020-06-15,US,New Jersey,Salem,708,57,0,39.58719656,-75.34696629999998,34033.0,1134.8881942774706,8.05084745762712,651,706,57,0,649,705,62607,2,0,0,2,1
2020-06-15,US,New Jersey,Somerset,4764,437,0,40.56465737,-74.61683016,34035.0,1448.3148595158907,9.172963895885813,4327,4759,437,0,4322,4756,331164,5,0,0,5,3
2020-06-15,US,New Jersey,Sussex,1190,181,0,41.13891592,-74.69118243,34037.0,847.0474346563408,15.210084033613446,1009,1190,181,0,1009,1190,140799,0,0,0,0,0
2020-06-15,US,New Jersey,Unassigned,186,0,0,0.0,0.0,90034.0,0.0,0.0,186,196,0,0,196,198,,-10,0,0,-10,-2
2020-06-15,US,New Jersey,Union,16308,1128,0,40.65835409,-74.30680092,34039.0,2931.295734091142,6.916850625459897,15180,16322,1126,0,15196,16337,558067,-14,2,0,-16,-15
2020-06-15,US,New Jersey,Warren,1202,138,0,40.85951833,-74.99556527,34041.0,1141.8583221712406,11.480865224625626,1064,1202,138,0,1064,1202,105779,0,0,0,0,0
2020-06-15,US,New Mexico,Bernalillo,1705,80,0,35.05163625,-106.6703554,35001.0,251.05982586313783,4.6920821114369495,1625,1693,80,0,1613,1682,678701,12,0,0,12,11
2020-06-15,US,New Mexico,Catron,2,1,0,33.91514144,-108.4046587,35003.0,56.70541536716757,50.0,1,2,1,0,1,2,3578,0,0,0,0,0
2020-06-15,US,New Mexico,Chaves,59,2,0,33.36406072,-104.4665365,35005.0,91.3100673218293,3.3898305084745757,57,59,2,0,57,56,64689,0,0,0,0,3
2020-06-15,US,New Mexico,Cibola,185,8,0,34.91131525,-107.998876,35006.0,693.5332708528584,4.3243243243243255,177,184,8,0,176,183,26746,1,0,0,1,1
2020-06-15,US,New Mexico,Colfax,8,0,0,36.60569702,-104.64726740000002,35007.0,66.99606398124111,0.0,8,7,0,0,7,7,12110,1,0,0,1,0
2020-06-15,US,New Mexico,Curry,83,0,0,34.57421077,-103.34688759999999,35009.0,169.54692159986928,0.0,83,81,0,0,81,77,49437,2,0,0,2,4
2020-06-15,US,New Mexico,Dona Ana,657,6,0,32.35275771,-106.83293870000001,35013.0,301.10680813034213,0.9132420091324199,651,658,6,0,652,645,217522,-1,0,0,-1,13
2020-06-15,US,New Mexico,Eddy,47,1,0,32.47167456,-104.3053527,35015.0,80.39685254875128,2.127659574468085,46,47,1,0,46,46,57900,0,0,0,0,1
2020-06-15,US,New Mexico,Grant,16,0,0,32.73911281,-108.3827845,35017.0,59.26364915919698,0.0,16,16,0,0,16,16,27346,0,0,0,0,0
2020-06-15,US,New Mexico,Guadalupe,20,0,0,34.86319296,-104.790669,35019.0,465.11627906976736,0.0,20,20,0,0,20,20,4341,0,0,0,0,0
2020-06-15,US,New Mexico,Harding,1,0,0,35.85751555,-103.82209379999999,35021.0,160.0,0.0,1,1,0,0,1,1,655,0,0,0,0,0
2020-06-15,US,New Mexico,Hidalgo,20,0,0,31.91383467,-108.7151824,35023.0,476.4173415912339,0.0,20,3,0,0,3,3,4240,17,0,0,17,0
2020-06-15,US,New Mexico,Lea,44,0,0,32.79215361,-103.4123733,35025.0,61.91079217672717,0.0,44,42,0,0,42,41,69611,2,0,0,2,1
2020-06-15,US,New Mexico,Lincoln,6,0,0,33.74526079,-105.4586166,35027.0,30.65603923973023,0.0,6,6,0,0,6,5,19556,0,0,0,0,1
2020-06-15,US,New Mexico,Los Alamos,7,0,0,35.86631386,-106.31349850000001,35028.0,36.14022406938923,0.0,7,7,0,0,7,6,19101,0,0,0,0,1
2020-06-15,US,New Mexico,Luna,29,1,0,32.18179341,-107.75088259999998,35029.0,122.31641992492304,3.4482758620689653,28,27,1,0,26,26,23963,2,0,0,2,1
2020-06-15,US,New Mexico,McKinley,2936,148,0,35.58007720000001,-108.262245,35031.0,4113.9462216430575,5.040871934604906,2788,2912,145,0,2767,2896,72290,24,3,0,21,16
2020-06-15,US,New Mexico,Otero,30,4,0,32.61348406,-105.7417604,35035.0,44.45102978218996,13.333333333333336,26,29,4,0,25,30,66781,1,0,0,1,-1
2020-06-15,US,New Mexico,Quay,4,1,0,35.10403332,-103.54817270000001,35037.0,48.467224039743115,25.0,3,4,1,0,3,4,8253,0,0,0,0,0
2020-06-15,US,New Mexico,Rio Arriba,59,1,0,36.51072137,-106.69316740000001,35039.0,151.58911641530278,1.6949152542372878,58,60,1,0,59,60,39006,-1,0,0,-1,0
2020-06-15,US,New Mexico,Roosevelt,53,1,0,34.02097406,-103.4799493,35041.0,286.4864864864865,1.8867924528301887,52,53,0,0,53,53,18743,0,1,0,-1,0
2020-06-15,US,New Mexico,San Juan,2123,148,0,36.50838318,-108.32043700000001,35045.0,1712.6768744252083,6.971267074894018,1975,2098,147,0,1951,2083,125043,25,1,0,24,15
2020-06-15,US,New Mexico,San Miguel,16,0,0,35.48014807,-104.8163562,35047.0,58.65747699527074,0.0,16,16,0,0,16,16,27591,0,0,0,0,0
2020-06-15,US,New Mexico,Sandoval,634,27,0,35.68862401,-106.86878030000001,35043.0,432.03314525581266,4.2586750788643535,607,630,27,0,603,616,145179,4,0,0,4,14
2020-06-15,US,New Mexico,Santa Fe,173,3,0,35.50708973,-105.9774716,35049.0,115.05872650607219,1.7341040462427746,170,170,3,0,167,170,150056,3,0,0,3,0
2020-06-15,US,New Mexico,Sierra,4,0,0,33.13028233,-107.1925893,35051.0,37.067926976183855,0.0,4,4,0,0,4,4,10968,0,0,0,0,0
2020-06-15,US,New Mexico,Socorro,55,5,0,34.00715494,-106.9298354,35053.0,330.58844743643687,9.090909090909092,50,55,5,0,50,55,16735,0,0,0,0,0
2020-06-15,US,New Mexico,Taos,33,0,0,36.58006022,-105.63101979999999,35055.0,100.84649940408887,0.0,33,32,0,0,32,32,32835,1,0,0,1,0
2020-06-15,US,New Mexico,Torrance,34,1,0,34.64048375,-105.8508949,35057.0,219.90815600543306,2.9411764705882355,33,34,1,0,33,34,15591,0,0,0,0,0
2020-06-15,US,New Mexico,Unassigned,708,0,0,0.0,0.0,90035.0,0.0,0.0,708,679,0,0,679,660,,29,0,0,29,19
2020-06-15,US,New Mexico,Union,5,0,0,36.48126404,-103.4709624,35059.0,123.1830500123183,0.0,5,5,0,0,5,5,4118,0,0,0,0,0
2020-06-15,US,New Mexico,Valencia,89,2,0,34.71669834,-106.8103733,35061.0,116.05466305028166,2.247191011235955,87,89,2,0,87,87,76456,0,0,0,0,2
2020-06-15,US,New York,Albany,2022,118,0,42.60060306,-73.97723916,36001.0,661.8527950351222,5.835806132542037,1904,2020,118,0,1902,2016,307117,2,0,0,2,4
2020-06-15,US,New York,Allegany,55,0,0,42.25748406,-78.02750466,36003.0,119.32915319693649,0.0,55,54,0,0,54,54,46430,1,0,0,1,0
2020-06-15,US,New York,Broome,655,52,0,42.15903158,-75.81326086,36007.0,343.8536810717736,7.938931297709924,603,651,52,0,599,647,191659,4,0,0,4,4
2020-06-15,US,New York,Cattaraugus,106,5,0,42.24778241,-78.67923096,36009.0,139.25929818568778,4.716981132075472,101,104,5,0,99,101,76840,2,0,0,2,3
2020-06-15,US,New York,Cayuga,106,2,0,42.91261714,-76.55731592,36011.0,138.42457166736315,1.8867924528301887,104,106,2,0,104,103,77145,0,0,0,0,3
2020-06-15,US,New York,Chautauqua,107,4,0,42.22769210000001,-79.36691763,36013.0,84.31636761936281,3.7383177570093458,103,107,4,0,103,106,127939,0,0,0,0,1
2020-06-15,US,New York,Chemung,138,2,0,42.13891056,-76.7638805,36015.0,165.35659509202455,1.4492753623188406,136,138,2,0,136,138,84254,0,0,0,0,0
2020-06-15,US,New York,Chenango,138,5,0,42.49430041,-75.60887553,36017.0,292.3295274005974,3.6231884057971016,133,138,5,0,133,138,47536,0,0,0,0,0
2020-06-15,US,New York,Clinton,98,4,0,44.74530905,-73.67875352,36019.0,121.76181897247936,4.081632653061225,94,98,4,0,94,98,80695,0,0,0,0,0
2020-06-15,US,New York,Columbia,439,37,0,42.24819348,-73.63089095,36021.0,738.2990531608954,8.428246013667426,402,436,37,0,399,431,59916,3,0,0,3,5
2020-06-15,US,New York,Cortland,42,0,0,42.59509207,-76.07048931,36023.0,88.27052815199345,0.0,42,42,0,0,42,42,47823,0,0,0,0,0
2020-06-15,US,New York,Delaware,88,4,0,42.19837623,-74.96709306,36025.0,199.38824062535403,4.545454545454546,84,88,4,0,84,88,44527,0,0,0,0,0
2020-06-15,US,New York,Dutchess,4068,145,0,41.76486060000001,-73.74356679,36027.0,1382.6482404203687,3.5644051130776795,3923,4056,145,0,3911,4049,293718,12,0,0,12,7
2020-06-15,US,New York,Erie,6817,587,0,42.76249024,-78.73063652,36029.0,742.0251615866733,8.610825876485258,6230,6785,587,0,6198,6753,919719,32,0,0,32,32
2020-06-15,US,New York,Essex,40,0,0,44.11630765,-73.77297842,36031.0,108.4451674122272,0.0,40,40,0,0,40,40,37300,0,0,0,0,0
2020-06-15,US,New York,Franklin,25,0,0,44.59040891,-74.29926032,36033.0,49.97800967574268,0.0,25,25,0,0,25,25,50293,0,0,0,0,0
2020-06-15,US,New York,Fulton,235,24,0,43.11363907,-74.41798804,36035.0,440.2150497349343,10.212765957446807,211,234,24,0,210,232,53591,1,0,0,1,2
2020-06-15,US,New York,Genesee,213,5,0,43.0022601,-78.19135193,36037.0,371.85754189944123,2.347417840375587,208,212,5,0,207,212,57511,1,0,0,1,0
2020-06-15,US,New York,Greene,251,18,0,42.275797,-74.12384884,36039.0,531.9148936170212,7.171314741035856,233,251,18,0,233,250,47491,0,0,0,0,1
2020-06-15,US,New York,Hamilton,6,0,0,43.66146647,-74.49721957,36041.0,135.8695652173913,0.0,6,6,0,0,6,5,4434,0,0,0,0,1
2020-06-15,US,New York,Herkimer,128,3,0,43.42034246,-74.96145307,36043.0,208.74443484075084,2.34375,125,128,3,0,125,128,61833,0,0,0,0,0
2020-06-15,US,New York,Jefferson,81,0,0,44.04200959,-75.94653457,36045.0,73.74765555292531,0.0,81,81,0,0,81,81,111755,0,0,0,0,0
2020-06-15,US,New York,Lewis,20,0,0,43.784415700000004,-75.44903992,36049.0,76.057195010648,0.0,20,20,0,0,20,20,26447,0,0,0,0,0
2020-06-15,US,New York,Livingston,123,8,0,42.72596275,-77.77966158,36051.0,195.5049750453,6.5040650406504055,115,123,8,0,115,122,63227,0,0,0,0,1
2020-06-15,US,New York,Madison,335,17,0,42.91653905,-75.67266639,36053.0,472.2233969072892,5.074626865671642,318,334,17,0,317,333,70795,1,0,0,1,1
2020-06-15,US,New York,Monroe,3380,247,0,43.14638895,-77.69322942,36055.0,455.6668509106597,7.3076923076923075,3133,3370,247,0,3123,3340,742474,10,0,0,10,30
2020-06-15,US,New York,Montgomery,104,4,0,42.90123494,-74.44011632,36057.0,211.29192824201053,3.8461538461538463,100,104,4,0,100,103,49455,0,0,0,0,1
2020-06-15,US,New York,Nassau,41240,2167,0,40.74066522,-73.58941873,36059.0,3039.2269574419793,5.254607177497575,39073,41204,2165,0,39039,41172,1358343,36,2,0,34,32
2020-06-15,US,New York,New York City,210259,22124,0,40.76727260000001,-73.97152637,36061.0,2522.053680679329,10.522260640448211,188135,209878,22103,0,187775,209493,1628701,381,21,0,360,385
2020-06-15,US,New York,Niagara,1169,78,0,43.19898042,-78.74777412,36063.0,558.5791352296673,6.672369546621042,1091,1166,78,0,1088,1154,210433,3,0,0,3,12
2020-06-15,US,New York,Oneida,1280,77,0,43.24375382,-75.43710392,36065.0,559.7561562244447,6.015625,1203,1273,77,0,1196,1253,229577,7,0,0,7,20
2020-06-15,US,New York,Onondaga,2531,166,0,43.00491923,-76.19971155,36067.0,549.5865615120036,6.558672461477678,2365,2519,166,0,2353,2498,461809,12,0,0,12,21
2020-06-15,US,New York,Ontario,233,9,0,42.85145728,-77.30874425,36069.0,212.24846734744068,3.862660944206009,224,233,9,0,224,230,109864,0,0,0,0,3
2020-06-15,US,New York,Orange,10573,473,0,41.40337468,-74.30240757,36071.0,2746.6618174260925,4.473659320911755,10100,10571,473,0,10098,10563,381951,2,0,0,2,8
2020-06-15,US,New York,Orleans,268,49,0,43.2516977,-78.2320066,36073.0,664.1554321966693,18.283582089552237,219,267,49,0,218,261,40612,1,0,0,1,6
2020-06-15,US,New York,Oswego,126,3,0,43.42778894,-76.14635194,36075.0,107.57829309108295,2.380952380952381,123,122,3,0,119,122,117898,4,0,0,4,0
2020-06-15,US,New York,Otsego,80,5,0,42.63492579,-75.03151402,36077.0,134.46960146571863,6.25,75,80,5,0,75,80,59749,0,0,0,0,0
2020-06-15,US,New York,Putnam,1291,62,0,41.42630093,-73.74965532,36079.0,1313.0593978844588,4.802478698683191,1229,1288,62,0,1226,1285,98892,3,0,0,3,3
2020-06-15,US,New York,Rensselaer,514,28,0,42.71348136,-73.51089874,36083.0,323.852968232166,5.447470817120624,486,513,28,0,485,511,159442,1,0,0,1,2
2020-06-15,US,New York,Rockland,13441,661,0,41.15027894,-74.02560498,36087.0,4125.676434747644,4.917788854995909,12780,13423,661,0,12762,13411,325695,18,0,0,18,12
2020-06-15,US,New York,Saratoga,517,14,0,43.10904162,-73.86653895,36091.0,224.91658074592254,2.707930367504836,503,515,14,0,501,514,230163,2,0,0,2,1
2020-06-15,US,New York,Schenectady,732,36,0,42.81668777,-74.05278291,36093.0,471.34881744248185,4.918032786885246,696,725,36,0,689,723,155350,7,0,0,7,2
2020-06-15,US,New York,Schoharie,54,0,0,42.58831742,-74.44339029999998,36095.0,174.19916771508758,0.0,54,54,0,0,54,54,31097,0,0,0,0,0
2020-06-15,US,New York,Schuyler,12,0,0,42.39184015,-76.8773299,36097.0,67.38922895490539,0.0,12,12,0,0,12,12,17912,0,0,0,0,0
2020-06-15,US,New York,Seneca,64,0,0,42.78081007,-76.82497064,36099.0,188.14675446848545,0.0,64,63,0,0,63,63,34300,1,0,0,1,0
2020-06-15,US,New York,St. Lawrence,215,2,0,44.4976179,-75.06550039,36089.0,199.55448301466487,0.9302325581395348,213,215,2,0,213,214,108047,0,0,0,0,1
2020-06-15,US,New York,Steuben,256,41,0,42.2689144,-77.3829924,36101.0,268.40289791253844,16.015625,215,255,41,0,214,255,95796,1,0,0,1,0
2020-06-15,US,New York,Suffolk,40692,1955,0,40.88320119,-72.8012172,36103.0,2755.7884628278052,4.804384154133491,38737,40659,1948,0,38711,40615,1481093,33,7,0,26,44
2020-06-15,US,New York,Sullivan,1432,45,0,41.71579493,-74.76394559,36105.0,1898.3985576413195,3.1424581005586587,1387,1430,45,0,1385,1430,75498,2,0,0,2,0
2020-06-15,US,New York,Tioga,139,24,0,42.16852837,-76.30835812,36107.0,288.363794784557,17.26618705035971,115,139,24,0,115,137,48560,0,0,0,0,2
2020-06-15,US,New York,Tompkins,173,0,0,42.44945765,-76.47229843,36109.0,169.30906243883342,0.0,173,173,0,0,173,173,102793,0,0,0,0,0
2020-06-15,US,New York,Ulster,1741,83,0,41.89027881,-74.26252104,36111.0,980.4418464518817,4.767375071797816,1658,1741,83,0,1658,1739,178599,0,0,0,0,2
2020-06-15,US,New York,Warren,257,30,0,43.56173026,-73.8433699,36113.0,401.9141749030401,11.673151750972762,227,257,30,0,227,257,64265,0,0,0,0,0
2020-06-15,US,New York,Washington,243,14,0,43.31153794,-73.43043448,36115.0,397.0328736683877,5.761316872427983,229,243,14,0,229,242,61197,0,0,0,0,1
2020-06-15,US,New York,Wayne,133,3,0,43.15494365,-77.02976528,36117.0,147.91254253875752,2.255639097744361,130,133,3,0,130,131,90064,0,0,0,0,2
2020-06-15,US,New York,Westchester,34327,1405,0,41.16278376,-73.75741653,36119.0,3547.9883328888923,4.0929880269175865,32922,34290,1404,0,32886,34253,967612,37,1,0,36,37
2020-06-15,US,New York,Wyoming,92,5,0,42.70145109,-78.22199579,36121.0,230.81361800346218,5.434782608695652,87,92,5,0,87,91,40085,0,0,0,0,1
2020-06-15,US,New York,Yates,40,6,0,42.63505484,-77.10369919,36123.0,160.55874443061856,15.0,34,40,6,0,34,39,24841,0,0,0,0,1
2020-06-15,US,North Carolina,Alamance,778,34,0,36.0434701,-79.39976137,37001.0,458.9726799167006,4.370179948586118,744,742,33,0,709,700,166436,36,1,0,35,42
2020-06-15,US,North Carolina,Alexander,50,0,0,35.922379600000006,-81.17751948,37003.0,133.34400085340158,0.0,50,49,0,0,49,48,37353,1,0,0,1,1
2020-06-15,US,North Carolina,Alleghany,30,0,0,36.49360862,-81.12857041,37005.0,269.37236239561815,0.0,30,30,0,0,30,30,11161,0,0,0,0,0
2020-06-15,US,North Carolina,Anson,87,1,0,34.97403241,-80.09953279,37007.0,355.8864435899534,1.1494252873563218,86,86,1,0,85,85,24877,1,0,0,1,1
2020-06-15,US,North Carolina,Ashe,43,1,0,36.43296207,-81.49862729,37009.0,158.07080101459397,2.3255813953488373,42,43,1,0,42,43,27109,0,0,0,0,0
2020-06-15,US,North Carolina,Avery,6,0,0,36.07569796,-81.92308483,37011.0,34.17440337187447,0.0,6,6,0,0,6,6,17505,0,0,0,0,0
2020-06-15,US,North Carolina,Beaufort,51,0,0,35.48531943,-76.84325809,37013.0,108.52449248840277,0.0,51,51,0,0,51,51,47079,0,0,0,0,0
2020-06-15,US,North Carolina,Bertie,135,4,0,36.0688473,-76.96545943,37015.0,712.5138544360585,2.962962962962963,131,135,4,0,131,135,19026,0,0,0,0,0
2020-06-15,US,North Carolina,Bladen,196,2,0,34.61296243,-78.56180059,37017.0,598.985392090948,1.020408163265306,194,194,2,0,192,188,33190,2,0,0,2,6
2020-06-15,US,North Carolina,Brunswick,241,3,0,34.070565,-78.22814204,37019.0,168.74387340708583,1.2448132780082988,238,230,3,0,227,206,136744,11,0,0,11,24
2020-06-15,US,North Carolina,Buncombe,456,34,0,35.61113393,-82.53305,37021.0,174.58488232749215,7.456140350877192,422,449,34,0,415,439,259103,7,0,0,7,10
2020-06-15,US,North Carolina,Burke,775,18,0,35.74989637,-81.70755735,37023.0,856.4955517489087,2.3225806451612905,757,775,18,0,757,775,90382,0,0,0,0,0
2020-06-15,US,North Carolina,Cabarrus,716,25,0,35.3877799,-80.55267168,37025.0,330.7877460695855,3.4916201117318435,691,711,25,0,686,686,211342,5,0,0,5,25
2020-06-15,US,North Carolina,Caldwell,249,3,0,35.95204977,-81.54799522,37027.0,303.0008031346589,1.2048192771084338,246,248,3,0,245,240,82029,1,0,0,1,8
2020-06-15,US,North Carolina,Camden,6,0,0,36.33804939,-76.15568396,37029.0,55.21303027514493,0.0,6,6,0,0,6,6,10710,0,0,0,0,0
2020-06-15,US,North Carolina,Carteret,47,3,0,34.8932941,-76.54120135,37031.0,67.65218142299885,6.382978723404255,44,46,3,0,43,46,69524,1,0,0,1,0
2020-06-15,US,North Carolina,Caswell,103,1,0,36.39312665,-79.33353281,37033.0,455.6715625553,0.9708737864077671,102,102,1,0,101,101,22698,1,0,0,1,1
2020-06-15,US,North Carolina,Catawba,435,11,0,35.66211129,-81.2132617,37035.0,272.6400962701581,2.528735632183908,424,417,11,0,406,399,158652,18,0,0,18,18
2020-06-15,US,North Carolina,Chatham,808,37,0,35.70394416,-79.25541492,37037.0,1085.0006714113063,4.579207920792079,771,808,37,0,771,784,73139,0,0,0,0,24
2020-06-15,US,North Carolina,Cherokee,30,1,0,35.1349263,-84.05970864,37039.0,104.85111142178108,3.333333333333333,29,30,1,0,29,30,28383,0,0,0,0,0
2020-06-15,US,North Carolina,Chowan,19,0,0,36.12908077,-76.60118385,37041.0,136.26909560352863,0.0,19,19,0,0,19,19,14029,0,0,0,0,0
2020-06-15,US,North Carolina,Clay,9,0,0,35.05704275,-83.74353633,37043.0,80.135339684801,0.0,9,9,0,0,9,9,11139,0,0,0,0,0
2020-06-15,US,North Carolina,Cleveland,159,2,0,35.33553364,-81.55204486,37045.0,162.33269012833472,1.2578616352201255,157,159,2,0,157,152,97645,0,0,0,0,7
2020-06-15,US,North Carolina,Columbus,427,31,0,34.26744084,-78.65801424,37047.0,769.2584852633853,7.259953161592506,396,419,29,0,390,415,55655,8,2,0,6,4
2020-06-15,US,North Carolina,Craven,276,5,0,35.11833364,-77.08398081,37049.0,270.2199943214639,1.8115942028985508,271,264,5,0,259,256,102912,12,0,0,12,8
2020-06-15,US,North Carolina,Cumberland,895,30,0,35.04762133,-78.82623165,37051.0,266.7588648888704,3.35195530726257,865,888,30,0,858,874,332330,7,0,0,7,14
2020-06-15,US,North Carolina,Currituck,16,0,0,36.36123664,-75.95876401,37053.0,57.630659510859786,0.0,16,16,0,0,16,16,27072,0,0,0,0,0
2020-06-15,US,North Carolina,Dare,25,1,0,35.66520691,-75.71767334,37055.0,67.55113621011104,4.0,24,25,1,0,24,25,36501,0,0,0,0,0
2020-06-15,US,North Carolina,Davidson,655,14,0,35.79115496,-80.21256572,37057.0,390.7904706787822,2.137404580152672,641,643,13,0,630,620,166614,12,1,0,11,23
2020-06-15,US,North Carolina,Davie,142,2,0,35.93099927,-80.54496571,37059.0,331.41950240395835,1.4084507042253518,140,139,2,0,137,134,42733,3,0,0,3,5
2020-06-15,US,North Carolina,Duplin,1213,20,0,34.93449805,-77.93140529,37061.0,2064.997191059056,1.6488046166529269,1193,1182,20,0,1162,1150,58856,31,0,0,31,32
2020-06-15,US,North Carolina,Durham,2712,56,0,36.03638492,-78.87608331,37063.0,843.5773652515802,2.0648967551622417,2656,2662,56,0,2606,2569,316739,50,0,0,50,93
2020-06-15,US,North Carolina,Edgecombe,253,9,0,35.91230639,-77.59436892,37065.0,491.5293751942804,3.5573122529644268,244,253,9,0,244,244,52005,0,0,0,0,9
2020-06-15,US,North Carolina,Forsyth,2250,25,0,36.12859861,-80.25459052,37067.0,588.5507265331746,1.1111111111111112,2225,2204,25,0,2179,2128,379099,46,0,0,46,76
2020-06-15,US,North Carolina,Franklin,231,22,0,36.081519,-78.28708884,37069.0,331.4917127071824,9.523809523809524,209,230,22,0,208,221,67560,1,0,0,1,9
2020-06-15,US,North Carolina,Gaston,525,8,0,35.29373559,-81.17477045,37071.0,233.82280239968998,1.5238095238095235,517,515,8,0,507,484,222846,10,0,0,10,31
2020-06-15,US,North Carolina,Gates,24,1,0,36.44667547,-76.69749701,37073.0,207.57654385054488,4.166666666666667,23,24,1,0,23,24,11573,0,0,0,0,0
2020-06-15,US,North Carolina,Graham,6,0,0,35.3506925,-83.83369267,37075.0,71.08162539983414,0.0,6,6,0,0,6,6,8484,0,0,0,0,0
2020-06-15,US,North Carolina,Granville,680,15,0,36.30337451,-78.65184241,37077.0,1125.026884833645,2.2058823529411766,665,668,15,0,653,657,60115,12,0,0,12,11
2020-06-15,US,North Carolina,Greene,122,2,0,35.48544173,-77.67578087,37079.0,579.0497887892162,1.639344262295082,120,118,2,0,116,117,21012,4,0,0,4,1
2020-06-15,US,North Carolina,Guilford,2061,91,0,36.07959451,-79.78824948,37081.0,383.67456354924093,4.4153323629306165,1970,2032,91,0,1941,1983,533670,29,0,0,29,49
2020-06-15,US,North Carolina,Halifax,239,2,0,36.25669272,-77.6556109,37083.0,477.9044191161768,0.8368200836820083,237,239,2,0,237,238,50574,0,0,0,0,1
2020-06-15,US,North Carolina,Harnett,411,30,0,35.36731853,-78.87243571,37085.0,302.2592222156851,7.299270072992702,381,408,30,0,378,391,134214,3,0,0,3,17
2020-06-15,US,North Carolina,Haywood,65,0,0,35.55269063,-82.98196486,37087.0,104.3054062294398,0.0,65,65,0,0,65,65,61971,0,0,0,0,0
2020-06-15,US,North Carolina,Henderson,448,48,0,35.33788927,-82.4766782,37089.0,381.54611342480223,10.714285714285714,400,442,48,0,394,427,116748,6,0,0,6,15
2020-06-15,US,North Carolina,Hertford,151,7,0,36.3607755,-76.98104134,37091.0,637.7497149132071,4.635761589403972,144,150,7,0,143,149,23659,1,0,0,1,1
2020-06-15,US,North Carolina,Hoke,300,1,0,35.01888303,-79.23651674,37093.0,543.1437158272079,0.3333333333333333,299,299,1,0,298,298,54764,1,0,0,1,1
2020-06-15,US,North Carolina,Hyde,3,0,0,35.42017674,-76.15180542,37095.0,60.76564715414219,0.0,3,3,0,0,3,2,5230,0,0,0,0,1
2020-06-15,US,North Carolina,Iredell,446,6,0,35.80950511,-80.8743128,37097.0,245.31643620122549,1.345291479820628,440,441,6,0,435,419,178435,5,0,0,5,22
2020-06-15,US,North Carolina,Jackson,59,1,0,35.28814273,-83.14093385,37099.0,134.28012199007694,1.6949152542372878,58,59,1,0,58,59,43327,0,0,0,0,0
2020-06-15,US,North Carolina,Johnston,875,25,0,35.51745004,-78.36622717,37101.0,417.9823157653376,2.8571428571428568,850,849,25,0,824,802,202675,26,0,0,26,47
2020-06-15,US,North Carolina,Jones,28,3,0,35.02254606,-77.35870791,37103.0,297.271472555473,10.714285714285714,25,28,3,0,25,28,9637,0,0,0,0,0
2020-06-15,US,North Carolina,Lee,596,5,0,35.47623147,-79.17569362,37105.0,964.7291150714644,0.8389261744966443,591,590,5,0,585,581,61452,6,0,0,6,9
2020-06-15,US,North Carolina,Lenoir,298,8,0,35.24032589999999,-77.64245615,37107.0,532.627929006774,2.684563758389262,290,291,8,0,283,286,55976,7,0,0,7,5
2020-06-15,US,North Carolina,Lincoln,140,0,0,35.48508185,-81.21740317,37109.0,162.58085494303862,0.0,140,138,0,0,138,125,83770,2,0,0,2,13
2020-06-15,US,North Carolina,Macon,231,1,0,35.14867843,-83.41696617,37113.0,644.2077081822745,0.4329004329004329,230,217,1,0,216,185,35285,14,0,0,14,32
2020-06-15,US,North Carolina,Madison,5,0,0,35.85402722,-82.71346418,37115.0,22.983222247759137,0.0,5,5,0,0,5,5,21763,0,0,0,0,0
2020-06-15,US,North Carolina,Martin,100,4,0,35.84326734,-77.10860251,37117.0,445.6327985739751,4.0,96,96,4,0,92,94,22671,4,0,0,4,2
2020-06-15,US,North Carolina,McDowell,159,1,0,35.67736232,-82.0482425,37111.0,347.4954104379753,0.6289308176100629,158,151,1,0,150,142,45507,8,0,0,8,9
2020-06-15,US,North Carolina,Mecklenburg,7321,124,0,35.24469268,-80.8317671,37119.0,659.3380861633566,1.6937576833765882,7197,7131,121,0,7010,6862,1093901,190,3,0,187,269
2020-06-15,US,North Carolina,Mitchell,17,0,0,36.01059309,-82.1582442,37121.0,113.60598770382249,0.0,17,17,0,0,17,17,15000,0,0,0,0,0
2020-06-15,US,North Carolina,Montgomery,210,5,0,35.33155144,-79.90416657,37123.0,772.8259669524896,2.380952380952381,205,205,5,0,200,205,27271,5,0,0,5,0
2020-06-15,US,North Carolina,Moore,318,11,0,35.30885257,-79.48474178,37125.0,315.22601110229976,3.459119496855346,307,317,11,0,306,298,98682,1,0,0,1,19
2020-06-15,US,North Carolina,Nash,292,4,0,35.96575634,-77.98422508,37127.0,309.656620500965,1.3698630136986298,288,282,4,0,278,277,94016,10,0,0,10,5
2020-06-15,US,North Carolina,New Hanover,385,5,0,34.25758282,-77.87075626,37129.0,164.19801000541642,1.2987012987012987,380,356,5,0,351,334,232274,29,0,0,29,22
2020-06-15,US,North Carolina,Northampton,170,14,0,36.41736238,-77.39769443,37131.0,872.5555612585332,8.235294117647058,156,170,14,0,156,170,19676,0,0,0,0,0
2020-06-15,US,North Carolina,Onslow,160,3,0,34.72607366,-77.42908179,37133.0,80.83339227434854,1.875,157,159,3,0,156,156,197683,1,0,0,1,3
2020-06-15,US,North Carolina,Orange,478,40,0,36.06092947,-79.12167935,37135.0,321.93755219698807,8.368200836820082,438,474,40,0,434,453,146027,4,0,0,4,21
2020-06-15,US,North Carolina,Pamlico,15,0,0,35.15253315,-76.66559823,37137.0,117.86892975011787,0.0,15,15,0,0,15,15,12670,0,0,0,0,0
2020-06-15,US,North Carolina,Pasquotank,131,14,0,36.26723798,-76.25134778,37139.0,328.9473684210526,10.687022900763358,117,131,14,0,117,131,39639,0,0,0,0,0
2020-06-15,US,North Carolina,Pender,143,1,0,34.52265624,-77.90352133,37141.0,226.76815731049797,0.6993006993006993,142,140,1,0,139,129,62162,3,0,0,3,11
2020-06-15,US,North Carolina,Perquimans,29,2,0,36.17847453,-76.40603143,37143.0,215.4051845799599,6.896551724137932,27,29,2,0,27,29,13422,0,0,0,0,0
2020-06-15,US,North Carolina,Person,79,1,0,36.38989032,-78.97217358,37145.0,200.05064573309696,1.2658227848101269,78,79,1,0,78,73,39507,0,0,0,0,6
2020-06-15,US,North Carolina,Pitt,493,2,0,35.59535426,-77.37353178,37147.0,272.76449303426983,0.4056795131845842,491,481,2,0,479,464,179914,12,0,0,12,17
2020-06-15,US,North Carolina,Polk,55,4,0,35.27820615,-82.16812354,37149.0,265.3927813163482,7.272727272727272,51,55,4,0,51,55,20611,0,0,0,0,0
2020-06-15,US,North Carolina,Randolph,927,18,0,35.71015088,-79.80570339,37151.0,645.2421224080688,1.9417475728155342,909,921,18,0,903,908,143351,6,0,0,6,13
2020-06-15,US,North Carolina,Richmond,211,5,0,35.00417719,-79.74491009,37153.0,470.677463249236,2.3696682464454977,206,209,5,0,204,201,44887,2,0,0,2,8
2020-06-15,US,North Carolina,Robeson,1040,26,0,34.64244496,-79.10250529999998,37155.0,796.1722488038279,2.5,1014,1040,26,0,1014,1040,131831,0,0,0,0,0
2020-06-15,US,North Carolina,Rockingham,137,2,0,36.39593137,-79.77504841,37157.0,150.53290847159653,1.45985401459854,135,135,2,0,133,130,90690,2,0,0,2,5
2020-06-15,US,North Carolina,Rowan,901,39,0,35.64003916,-80.52446628,37159.0,634.1140701537075,4.328523862375138,862,888,39,0,849,862,141262,13,0,0,13,26
2020-06-15,US,North Carolina,Rutherford,226,7,0,35.40114178,-81.92112099,37161.0,337.16749466648764,3.0973451327433628,219,226,7,0,219,217,66826,0,0,0,0,9
2020-06-15,US,North Carolina,Sampson,779,4,0,34.98820368,-78.36914061,37163.0,1226.1730493774692,0.5134788189987163,775,760,4,0,756,728,63626,19,0,0,19,32
2020-06-15,US,North Carolina,Scotland,111,1,0,34.8386299,-79.4757978,37165.0,318.7548459351578,0.9009009009009008,110,107,1,0,106,107,34810,4,0,0,4,0
2020-06-15,US,North Carolina,Stanly,164,5,0,35.31647813,-80.25093221,37167.0,261.12154889660223,3.0487804878048776,159,163,5,0,158,150,62075,1,0,0,1,13
2020-06-15,US,North Carolina,Stokes,95,0,0,36.4017975,-80.23893369,37169.0,208.37445987146583,0.0,95,94,0,0,94,92,45467,1,0,0,1,2
2020-06-15,US,North Carolina,Surry,339,2,0,36.41689489,-80.69102283,37171.0,472.256662440968,0.5899705014749262,337,333,2,0,331,327,71948,6,0,0,6,6
2020-06-15,US,North Carolina,Swain,39,0,0,35.48665845,-83.48748932,37173.0,273.28147992432207,0.0,39,39,0,0,39,39,14245,0,0,0,0,0
2020-06-15,US,North Carolina,Transylvania,17,1,0,35.20383864,-82.79638423,37175.0,49.44016286171296,5.882352941176472,16,17,1,0,16,16,34215,0,0,0,0,1
2020-06-15,US,North Carolina,Tyrrell,5,0,0,35.87147226,-76.17055253,37177.0,124.5019920318725,0.0,5,5,0,0,5,5,4131,0,0,0,0,0
2020-06-15,US,North Carolina,Union,733,22,0,34.98960527,-80.52955873,37179.0,305.5962044367733,3.001364256480218,711,717,22,0,695,690,235908,16,0,0,16,27
2020-06-15,US,North Carolina,Vance,417,32,0,36.36880673,-78.40670845,37181.0,936.3422027618727,7.673860911270983,385,417,31,0,386,408,44582,0,1,0,-1,9
2020-06-15,US,North Carolina,Wake,3099,42,0,35.78879266,-78.65249174,37183.0,278.7469609025681,1.3552758954501452,3057,3011,42,0,2969,2892,1092305,88,0,0,88,119
2020-06-15,US,North Carolina,Warren,133,2,0,36.39728256,-78.10652228,37185.0,674.0661902589833,1.5037593984962403,131,133,2,0,131,129,19807,0,0,0,0,4
2020-06-15,US,North Carolina,Washington,35,3,0,35.83810081,-76.57299037,37187.0,302.24525043177886,8.571428571428571,32,35,3,0,32,34,11859,0,0,0,0,1
2020-06-15,US,North Carolina,Watauga,44,0,0,36.23103603,-81.70033724,37189.0,78.32386919913844,0.0,44,43,0,0,43,43,55945,1,0,0,1,0
2020-06-15,US,North Carolina,Wayne,1533,22,0,35.36438125,-78.00027268,37191.0,1245.0154713272855,1.4350945857795172,1511,1512,22,0,1490,1467,123248,21,0,0,21,45
2020-06-15,US,North Carolina,Wilkes,544,6,0,36.2084135,-81.16232895,37193.0,795.1821317897445,1.1029411764705883,538,542,6,0,536,542,68557,2,0,0,2,0
2020-06-15,US,North Carolina,Wilson,518,13,0,35.70625477,-77.917978,37195.0,633.2440923705091,2.509652509652509,505,507,13,0,494,496,81455,11,0,0,11,11
2020-06-15,US,North Carolina,Yadkin,248,4,0,36.16222629,-80.66239436,37197.0,658.4012530862559,1.6129032258064515,244,239,4,0,235,233,37543,9,0,0,9,6
2020-06-15,US,North Carolina,Yancey,27,0,0,35.90079156,-82.31237181,37199.0,149.42719574962643,0.0,27,26,0,0,26,24,17903,1,0,0,1,2
2020-06-15,US,North Dakota,Barnes,9,0,0,46.93579637,-98.06605978,38003.0,86.41382621219395,0.0,9,9,0,0,9,9,10542,0,0,0,0,0
2020-06-15,US,North Dakota,Benson,3,0,0,48.0683985,-99.35916363,38005.0,43.911007025761116,0.0,3,3,0,0,3,3,6962,0,0,0,0,0
2020-06-15,US,North Dakota,Bottineau,4,0,0,48.79106111,-100.8378166,38009.0,63.673989175421845,0.0,4,4,0,0,4,4,6411,0,0,0,0,0
2020-06-15,US,North Dakota,Bowman,1,0,0,46.11285362,-103.5203343,38011.0,33.06878306878307,0.0,1,1,0,0,1,1,3076,0,0,0,0,0
2020-06-15,US,North Dakota,Burke,5,0,0,48.79094471,-102.51821170000001,38013.0,236.40661938534282,0.0,5,5,0,0,5,5,2100,0,0,0,0,0
2020-06-15,US,North Dakota,Burleigh,167,0,0,46.97847375,-100.46452140000001,38015.0,174.63869658879383,0.0,167,165,0,0,165,159,95273,2,0,0,2,6
2020-06-15,US,North Dakota,Cass,2058,62,0,46.93201724,-97.24447190000001,38017.0,1131.2478356227634,3.012633624878523,1996,2044,62,0,1982,2037,181516,14,0,0,14,7
2020-06-15,US,North Dakota,Dickey,3,0,0,46.11017712,-98.50490079999999,38021.0,61.57635467980296,0.0,3,3,0,0,3,3,4903,0,0,0,0,0
2020-06-15,US,North Dakota,Divide,1,0,0,48.814938700000006,-103.48736109999999,38023.0,44.16961130742049,0.0,1,1,0,0,1,1,2283,0,0,0,0,0
2020-06-15,US,North Dakota,Dunn,11,0,0,47.35423935,-102.61604679999999,38025.0,248.64376130198917,0.0,11,11,0,0,11,11,4332,0,0,0,0,0
2020-06-15,US,North Dakota,Eddy,5,0,0,47.71701474,-98.90432337,38027.0,218.62702229995628,0.0,5,5,0,0,5,5,2313,0,0,0,0,0
2020-06-15,US,North Dakota,Emmons,4,1,0,46.28398398,-100.2389766,38029.0,123.41869793273679,25.0,3,4,1,0,3,4,3295,0,0,0,0,0
2020-06-15,US,North Dakota,Foster,1,0,0,47.457108399999996,-98.88279923,38031.0,31.152647975077887,0.0,1,1,0,0,1,1,3216,0,0,0,0,0
2020-06-15,US,North Dakota,Grand Forks,345,4,0,47.92093639,-97.45450447,38035.0,496.75310650674584,1.1594202898550725,341,343,4,0,339,342,70770,2,0,0,2,1
2020-06-15,US,North Dakota,Grant,2,0,0,46.35821257,-101.63900129999999,38037.0,87.95074758135445,0.0,2,2,0,0,2,2,2374,0,0,0,0,0
2020-06-15,US,North Dakota,Griggs,1,0,0,47.45785838,-98.23850925,38039.0,44.822949350067226,0.0,1,1,0,0,1,1,2232,0,0,0,0,0
2020-06-15,US,North Dakota,Kidder,2,0,0,46.97830064,-99.77507857,38043.0,80.64516129032258,0.0,2,2,0,0,2,2,2450,0,0,0,0,0
2020-06-15,US,North Dakota,LaMoure,10,0,0,46.45681054,-98.53542355,38045.0,247.15768660405342,0.0,10,10,0,0,10,9,4062,0,0,0,0,1
2020-06-15,US,North Dakota,McHenry,2,1,0,48.23104458,-100.6324822,38049.0,34.81288076588338,50.0,1,2,1,0,1,2,5816,0,0,0,0,0
2020-06-15,US,North Dakota,McIntosh,1,0,0,46.11182017,-99.44145858,38051.0,40.04805766920305,0.0,1,1,0,0,1,1,2585,0,0,0,0,0
2020-06-15,US,North Dakota,McKenzie,21,0,0,47.74133370000001,-103.395905,38053.0,139.77635782747603,0.0,21,21,0,0,21,21,13632,0,0,0,0,0
2020-06-15,US,North Dakota,McLean,10,0,0,47.60766714,-101.3182418,38055.0,105.82010582010582,0.0,10,10,0,0,10,9,9541,0,0,0,0,1
2020-06-15,US,North Dakota,Mercer,6,0,0,47.31213126,-101.8318399,38057.0,73.28691828508613,0.0,6,6,0,0,6,6,8267,0,0,0,0,0
2020-06-15,US,North Dakota,Morton,67,2,0,46.71681782,-101.2822377,38059.0,213.62071164392296,2.985074626865672,65,65,2,0,63,63,31095,2,0,0,2,2
2020-06-15,US,North Dakota,Mountrail,43,0,0,48.20197971,-102.3555315,38061.0,407.77619724988153,0.0,43,43,0,0,43,43,10218,0,0,0,0,0
2020-06-15,US,North Dakota,Nelson,1,0,0,47.9226426,-98.19038437,38063.0,34.734282737061484,0.0,1,1,0,0,1,1,2869,0,0,0,0,0
2020-06-15,US,North Dakota,Oliver,1,0,0,47.11530482,-101.3406158,38065.0,51.046452271567134,0.0,1,1,0,0,1,1,1952,0,0,0,0,0
2020-06-15,US,North Dakota,Pembina,7,0,0,48.76623521,-97.5523809,38067.0,102.92604028819292,0.0,7,7,0,0,7,6,6947,0,0,0,0,1
2020-06-15,US,North Dakota,Pierce,3,0,0,48.24977025,-99.96407787,38069.0,75.47169811320755,0.0,3,3,0,0,3,3,4081,0,0,0,0,0
2020-06-15,US,North Dakota,Ramsey,8,1,0,48.26886249,-98.72223879,38071.0,69.4504731313482,12.5,7,8,1,0,7,8,11481,0,0,0,0,0
2020-06-15,US,North Dakota,Ransom,12,0,0,46.45621782,-97.65742504,38073.0,229.97316979685704,0.0,12,12,0,0,12,12,5237,0,0,0,0,0
2020-06-15,US,North Dakota,Renville,3,0,0,48.71982533,-101.6603912,38075.0,128.92135797163732,0.0,3,3,0,0,3,3,2374,0,0,0,0,0
2020-06-15,US,North Dakota,Richland,37,0,0,46.26440649,-96.94852979,38077.0,228.719787352414,0.0,37,37,0,0,37,36,16239,0,0,0,0,1
2020-06-15,US,North Dakota,Rolette,7,0,0,48.77245354,-99.84097493,38079.0,49.37923250564334,0.0,7,7,0,0,7,7,14301,0,0,0,0,0
2020-06-15,US,North Dakota,Sargent,4,0,0,46.10830372,-97.63217159,38081.0,102.6167265264238,0.0,4,4,0,0,4,4,3870,0,0,0,0,0
2020-06-15,US,North Dakota,Sheridan,1,0,0,47.57700669,-100.3426391,38083.0,76.04562737642586,0.0,1,1,0,0,1,1,1349,0,0,0,0,0
2020-06-15,US,North Dakota,Sioux,4,0,0,46.11323337,-101.04401490000001,38085.0,94.56264775413712,0.0,4,3,0,0,3,3,4358,1,0,0,1,0
2020-06-15,US,North Dakota,Slope,3,0,0,46.44737738,-103.4601547,38087.0,400.0,0.0,3,3,0,0,3,3,763,0,0,0,0,0
2020-06-15,US,North Dakota,Stark,63,2,0,46.80851182,-102.65763259999999,38089.0,200.06986566737592,3.1746031746031744,61,63,2,0,61,63,30997,0,0,0,0,0
2020-06-15,US,North Dakota,Steele,1,0,0,47.45611548,-97.72728747,38091.0,52.91005291005291,0.0,1,1,0,0,1,1,1903,0,0,0,0,0
2020-06-15,US,North Dakota,Stutsman,52,0,0,46.97962541,-98.95637318,38093.0,251.15919629057186,0.0,52,52,0,0,52,51,20917,0,0,0,0,1
2020-06-15,US,North Dakota,Traill,15,0,0,47.45367788,-97.16323288,38097.0,186.66002986560483,0.0,15,15,0,0,15,15,8037,0,0,0,0,0
2020-06-15,US,North Dakota,Walsh,16,0,0,48.36876964,-97.72574783,38099.0,150.3618081007424,0.0,16,16,0,0,16,16,10667,0,0,0,0,0
2020-06-15,US,North Dakota,Ward,47,1,0,48.22390169,-101.54367629999999,38101.0,69.48448426250351,2.127659574468085,46,47,1,0,46,46,67744,0,0,0,0,1
2020-06-15,US,North Dakota,Wells,8,0,0,47.58614526,-99.65904998,38103.0,208.65936358894103,0.0,8,8,0,0,8,8,3957,0,0,0,0,0
2020-06-15,US,North Dakota,Williams,26,0,0,48.34522353,-103.4793387,38105.0,69.16917183218493,0.0,26,26,0,0,26,26,35350,0,0,0,0,0
2020-06-15,US,Ohio,Adams,15,1,0,38.84541072,-83.4718964,39001.0,54.1555346956459,6.666666666666668,14,15,1,0,14,14,27724,0,0,0,0,1
2020-06-15,US,Ohio,Allen,241,36,0,40.77285242,-84.10802343,39003.0,235.46423581596662,14.937759336099587,205,240,35,0,205,238,102663,1,1,0,0,2
2020-06-15,US,Ohio,Ashland,28,0,0,40.84772277,-82.27280781,39005.0,52.35210530252038,0.0,28,28,0,0,28,28,53745,0,0,0,0,0
2020-06-15,US,Ohio,Ashtabula,390,39,0,41.70860332,-80.74830218,39007.0,401.0653942267151,10.0,351,385,39,0,346,382,97493,5,0,0,5,3
2020-06-15,US,Ohio,Athens,23,1,0,39.33425634,-82.04278644,39009.0,35.207494604068756,4.3478260869565215,22,23,1,0,22,23,65818,0,0,0,0,0
2020-06-15,US,Ohio,Auglaize,85,3,0,40.55998859,-84.22421429999999,39011.0,186.17487296302787,3.5294117647058822,82,85,3,0,82,84,45804,0,0,0,0,1
2020-06-15,US,Ohio,Belmont,469,20,0,40.01625942,-80.9924051,39013.0,699.9373190460556,4.264392324093817,449,467,20,0,447,466,67505,2,0,0,2,1
2020-06-15,US,Ohio,Brown,38,1,0,38.93416837,-83.86788395,39015.0,87.49309265058021,2.631578947368421,37,39,1,0,38,38,43602,-1,0,0,-1,1
2020-06-15,US,Ohio,Butler,1103,34,0,39.44012838,-84.57388716,39017.0,287.88883262774897,3.0825022665457844,1069,1090,34,0,1056,1080,382378,13,0,0,13,10
2020-06-15,US,Ohio,Carroll,37,3,0,40.578968599999996,-81.09178213,39019.0,137.4749201159248,8.108108108108109,34,37,3,0,34,37,27081,0,0,0,0,0
2020-06-15,US,Ohio,Champaign,35,1,0,40.13923427,-83.76875242,39021.0,90.00900090009,2.8571428571428568,34,34,1,0,33,34,38754,1,0,0,1,0
2020-06-15,US,Ohio,Clark,425,8,0,39.91592258,-83.78498252,39023.0,316.96784827308466,1.8823529411764703,417,409,8,0,401,403,134585,16,0,0,16,6
2020-06-15,US,Ohio,Clermont,240,6,0,39.04847534,-84.15375786,39025.0,116.2632976146647,2.5,234,238,6,0,232,237,205466,2,0,0,2,1
2020-06-15,US,Ohio,Clinton,54,1,0,39.41485808,-83.80852286,39027.0,128.66946244757912,1.851851851851852,53,53,1,0,52,52,42057,1,0,0,1,1
2020-06-15,US,Ohio,Columbiana,920,57,0,40.76932373,-80.78094576,39029.0,902.996574502125,6.195652173913044,863,917,56,0,861,916,102665,3,1,0,2,1
2020-06-15,US,Ohio,Coshocton,51,0,0,40.30096166,-81.91729018,39031.0,139.34426229508196,0.0,51,51,0,0,51,51,36629,0,0,0,0,0
2020-06-15,US,Ohio,Crawford,123,5,0,40.85065156,-82.91989099,39033.0,296.42839928664387,4.0650406504065035,118,122,5,0,117,122,41550,1,0,0,1,0
2020-06-15,US,Ohio,Cuyahoga,5220,315,0,41.424119,-81.65918339,39035.0,422.6474246035859,6.0344827586206895,4905,5175,311,0,4864,5144,1243857,45,4,0,41,31
2020-06-15,US,Ohio,Darke,222,25,0,40.13412966,-84.6194517,39037.0,434.331774695283,11.26126126126126,197,222,25,0,197,222,51323,0,0,0,0,0
2020-06-15,US,Ohio,Defiance,40,2,0,41.32398837,-84.49076944,39039.0,105.02271116128864,5.0,38,40,2,0,38,40,38165,0,0,0,0,0
2020-06-15,US,Ohio,Delaware,402,15,0,40.27942393,-83.00457058,39041.0,192.18174082236573,3.7313432835820897,387,398,15,0,383,394,204826,4,0,0,4,4
2020-06-15,US,Ohio,Erie,213,20,0,41.36796058,-82.62904521,39043.0,286.80688336520075,9.389671361502348,193,210,20,0,190,209,74615,3,0,0,3,1
2020-06-15,US,Ohio,Fairfield,370,10,0,39.75107189,-82.63088163,39045.0,234.8103113457804,2.702702702702702,360,364,9,0,355,360,155782,6,1,0,5,4
2020-06-15,US,Ohio,Fayette,45,0,0,39.56021306,-83.4562016,39047.0,157.75635407537246,0.0,45,45,0,0,45,44,28666,0,0,0,0,1
2020-06-15,US,Ohio,Franklin,7202,332,0,39.96995815,-83.01115755,39049.0,546.9502322374077,4.609830602610387,6870,7076,329,0,6747,7030,1310300,126,3,0,123,46
2020-06-15,US,Ohio,Fulton,53,0,0,41.60213491,-84.12571393,39051.0,125.8130370792385,0.0,53,53,0,0,53,52,42276,0,0,0,0,1
2020-06-15,US,Ohio,Gallia,9,1,0,38.82708533,-82.31647569,39053.0,30.102347983142685,11.111111111111109,8,9,1,0,8,9,29979,0,0,0,0,0
2020-06-15,US,Ohio,Geauga,337,35,0,41.49952319,-81.17935342,39055.0,359.8543497528004,10.385756676557863,302,334,35,0,299,331,94031,3,0,0,3,3
2020-06-15,US,Ohio,Greene,143,6,0,39.69116283,-83.89032084,39057.0,84.64693939160752,4.195804195804196,137,135,6,0,129,133,167995,8,0,0,8,2
2020-06-15,US,Ohio,Guernsey,44,3,0,40.05026529,-81.49248905,39059.0,113.18327974276528,6.8181818181818175,41,44,3,0,41,44,39022,0,0,0,0,0
2020-06-15,US,Ohio,Hamilton,3250,179,0,39.19673558,-84.54502924,39061.0,397.5666474611394,5.5076923076923086,3071,3185,179,0,3006,3130,816684,65,0,0,65,55
2020-06-15,US,Ohio,Hancock,61,1,0,41.00250487,-83.66838948,39063.0,80.49298655371256,1.639344262295082,60,61,1,0,60,61,75930,0,0,0,0,0
2020-06-15,US,Ohio,Hardin,93,4,0,40.66015414,-83.65929931,39065.0,296.50884744141564,4.301075268817204,89,93,4,0,89,92,31480,0,0,0,0,1
2020-06-15,US,Ohio,Harrison,10,0,0,40.29380509,-81.09068544,39067.0,66.48936170212765,0.0,10,10,0,0,10,10,15174,0,0,0,0,0
2020-06-15,US,Ohio,Henry,20,0,0,41.333964200000004,-84.06830637,39069.0,74.05761682589055,0.0,20,20,0,0,20,20,27086,0,0,0,0,0
2020-06-15,US,Ohio,Highland,34,1,0,39.1839264,-83.60331456,39071.0,78.77481986052223,2.9411764705882355,33,34,1,0,33,33,43058,0,0,0,0,1
2020-06-15,US,Ohio,Hocking,73,7,0,39.49537927,-82.47991446,39073.0,258.2790829323521,9.58904109589041,66,73,7,0,66,73,28385,0,0,0,0,0
2020-06-15,US,Ohio,Holmes,90,3,0,40.56163713,-81.92635677,39075.0,204.73157415832574,3.333333333333333,87,87,3,0,84,87,43892,3,0,0,3,0
2020-06-15,US,Ohio,Huron,77,1,0,41.14651175,-82.59867951,39077.0,132.152541791096,1.2987012987012987,76,77,1,0,76,74,58504,0,0,0,0,3
2020-06-15,US,Ohio,Jackson,16,0,0,39.01914254,-82.61818559999998,39079.0,49.362909943541176,0.0,16,16,0,0,16,16,32384,0,0,0,0,0
2020-06-15,US,Ohio,Jefferson,71,2,0,40.38614126,-80.76259514,39081.0,108.68733256792959,2.8169014084507036,69,70,2,0,68,70,65767,1,0,0,1,0
2020-06-15,US,Ohio,Knox,32,1,0,40.39830217,-82.42027563,39083.0,51.34623407464458,3.125,31,31,1,0,30,31,61893,1,0,0,1,0
2020-06-15,US,Ohio,Lake,348,12,0,41.69710807,-81.23676539,39085.0,151.20639238058826,3.4482758620689653,336,347,12,0,335,346,230514,1,0,0,1,1
2020-06-15,US,Ohio,Lawrence,34,1,0,38.59743452,-82.53466552,39087.0,57.1784134671981,2.9411764705882355,33,32,1,0,31,32,59866,2,0,0,2,0
2020-06-15,US,Ohio,Licking,314,11,0,40.09136236,-82.48185785,39089.0,177.53955061008014,3.5031847133757963,303,312,11,0,301,305,175769,2,0,0,2,7
2020-06-15,US,Ohio,Logan,48,0,0,40.38996525,-83.76784341,39091.0,105.09721492380451,0.0,48,48,0,0,48,48,45358,0,0,0,0,0
2020-06-15,US,Ohio,Lorain,804,62,0,41.29553751,-82.15083537,39093.0,259.49463097862395,7.711442786069652,742,794,62,0,732,786,309461,10,0,0,10,8
2020-06-15,US,Ohio,Lucas,2457,282,0,41.62101218,-83.65468618,39095.0,573.5990362975897,11.477411477411476,2175,2428,280,0,2148,2419,429899,29,2,0,27,9
2020-06-15,US,Ohio,Madison,168,7,0,39.89381073,-83.40178317,39097.0,375.5784578927366,4.166666666666667,161,168,7,0,161,168,44413,0,0,0,0,0
2020-06-15,US,Ohio,Mahoning,1600,216,0,41.01631101,-80.77287029,39099.0,699.6584792048383,13.5,1384,1595,214,0,1381,1586,229642,5,2,0,3,9
2020-06-15,US,Ohio,Marion,2706,33,0,40.58610662,-83.15736305,39101.0,4157.129030771358,1.2195121951219512,2673,2706,33,0,2673,2704,65256,0,0,0,0,2
2020-06-15,US,Ohio,Medina,398,30,0,41.11770589,-81.89986209999998,39103.0,221.4235643630456,7.537688442211055,368,397,30,0,367,397,179146,1,0,0,1,0
2020-06-15,US,Ohio,Meigs,6,0,0,39.09224872,-82.0305041,39105.0,26.192866809272275,0.0,6,6,0,0,6,6,23106,0,0,0,0,0
2020-06-15,US,Ohio,Mercer,246,8,0,40.54043046,-84.62912742,39107.0,597.4934421451472,3.2520325203252027,238,245,8,0,237,244,40959,1,0,0,1,1
2020-06-15,US,Ohio,Miami,388,30,0,40.0543329,-84.22871271,39109.0,362.66088403263944,7.731958762886598,358,386,30,0,356,384,106222,2,0,0,2,2
2020-06-15,US,Ohio,Monroe,82,15,0,39.72984936,-81.08464734,39111.0,600.5566134466089,18.29268292682927,67,82,15,0,67,83,13790,0,0,0,0,-1
2020-06-15,US,Ohio,Montgomery,992,17,0,39.75394919,-84.29050975,39113.0,186.57593659427445,1.7137096774193548,975,969,17,0,952,934,532331,23,0,0,23,35
2020-06-15,US,Ohio,Morgan,6,0,0,39.62081738,-81.85308173,39115.0,41.356492969396186,0.0,6,6,0,0,6,6,14604,0,0,0,0,0
2020-06-15,US,Ohio,Morrow,110,1,0,40.52363560000001,-82.7892599,39117.0,311.3677536231884,0.9090909090909092,109,110,1,0,109,110,35112,0,0,0,0,0
2020-06-15,US,Ohio,Muskingum,58,1,0,39.96575964,-81.94363275,39119.0,67.2736762744302,1.7241379310344829,57,57,1,0,56,57,86183,1,0,0,1,0
2020-06-15,US,Ohio,Noble,6,0,0,39.76818851,-81.45937183,39121.0,41.59733777038269,0.0,6,6,0,0,6,6,14354,0,0,0,0,0
2020-06-15,US,Ohio,Ottawa,118,21,0,41.53781826,-83.0940185,39123.0,291.1782850092536,17.796610169491522,97,117,21,0,96,116,40769,1,0,0,1,1
2020-06-15,US,Ohio,Paulding,16,0,0,41.11676341,-84.5801017,39125.0,85.68980291345329,0.0,16,14,0,0,14,14,18760,2,0,0,2,0
2020-06-15,US,Ohio,Perry,23,1,0,39.73508655,-82.23804971,39127.0,63.651962140919906,4.3478260869565215,22,23,1,0,22,23,36033,0,0,0,0,0
2020-06-15,US,Ohio,Pickaway,2126,40,0,39.64170392,-83.0243386,39129.0,3636.861282652206,1.881467544684854,2086,2125,40,0,2085,2123,58086,1,0,0,1,2
2020-06-15,US,Ohio,Pike,9,0,0,39.07634001,-83.06769584,39131.0,32.406740602045225,0.0,9,9,0,0,9,9,28067,0,0,0,0,0
2020-06-15,US,Ohio,Portage,353,58,0,41.16793482,-81.19735782,39133.0,217.27623010352931,16.430594900849858,295,353,58,0,295,352,162927,0,0,0,0,1
2020-06-15,US,Ohio,Preble,44,1,0,39.7420247,-84.64787018,39135.0,107.62682843305123,2.272727272727273,43,43,1,0,42,42,40997,1,0,0,1,1
2020-06-15,US,Ohio,Putnam,101,15,0,41.02094889,-84.1336111,39137.0,298.2782552198695,14.851485148514852,86,101,15,0,86,101,33780,0,0,0,0,0
2020-06-15,US,Ohio,Richland,252,4,0,40.77180308,-82.53799609999999,39139.0,207.99973587335128,1.5873015873015872,248,249,4,0,245,246,121099,3,0,0,3,3
2020-06-15,US,Ohio,Ross,79,2,0,39.33705391,-83.06000914,39141.0,103.04437429890693,2.5316455696202533,77,79,2,0,77,79,76931,0,0,0,0,0
2020-06-15,US,Ohio,Sandusky,104,13,0,41.35624126,-83.137872,39143.0,177.72309374893192,12.5,91,103,13,0,90,102,58799,1,0,0,1,1
2020-06-15,US,Ohio,Scioto,21,0,0,38.80270163,-82.98907345,39145.0,27.883262076108032,0.0,21,21,0,0,21,21,75502,0,0,0,0,0
2020-06-15,US,Ohio,Seneca,29,2,0,41.12351311,-83.12783209,39147.0,52.55717858566821,6.896551724137932,27,29,2,0,27,29,55207,0,0,0,0,0
2020-06-15,US,Ohio,Shelby,49,3,0,40.33163494,-84.20258189,39149.0,100.84379501955135,6.1224489795918355,46,49,3,0,46,49,48627,0,0,0,0,0
2020-06-15,US,Ohio,Stark,870,105,0,40.81482476,-81.36437305,39151.0,234.75065163542956,12.06896551724138,765,863,105,0,758,855,371574,7,0,0,7,8
2020-06-15,US,Ohio,Summit,1675,194,0,41.12464734,-81.53123079,39153.0,309.60439028267336,11.582089552238806,1481,1666,192,0,1474,1655,541918,9,2,0,7,11
2020-06-15,US,Ohio,Trumbull,658,54,0,41.31735028,-80.76109643,39155.0,332.36687645852487,8.206686930091188,604,656,54,0,602,652,198627,2,0,0,2,4
2020-06-15,US,Ohio,Tuscarawas,405,8,0,40.44214695,-81.47226262,39157.0,440.2796047267548,1.9753086419753083,397,399,8,0,391,398,92176,6,0,0,6,1
2020-06-15,US,Ohio,Union,62,1,0,40.30016061,-83.37239023,39159.0,105.10612327931105,1.6129032258064515,61,62,1,0,61,62,57835,0,0,0,0,0
2020-06-15,US,Ohio,Van Wert,14,0,0,40.8554138,-84.59111700000003,39161.0,49.51370468611848,0.0,14,13,0,0,13,10,28281,1,0,0,1,3
2020-06-15,US,Ohio,Vinton,22,2,0,39.25208988,-82.4831444,39163.0,168.13144822315633,9.090909090909092,20,22,2,0,20,22,13139,0,0,0,0,0
2020-06-15,US,Ohio,Warren,517,20,0,39.42581994,-84.16557457,39165.0,220.37322784971997,3.8684719535783367,497,512,20,0,492,508,232173,5,0,0,5,4
2020-06-15,US,Ohio,Washington,118,19,0,39.45690571,-81.49121382,39167.0,196.9588222530086,16.10169491525424,99,118,19,0,99,118,60155,0,0,0,0,0
2020-06-15,US,Ohio,Wayne,308,52,0,40.82925852,-81.88844833,39169.0,266.1826981246219,16.883116883116884,256,306,52,0,254,304,115967,2,0,0,2,2
2020-06-15,US,Ohio,Williams,59,1,0,41.56052014,-84.58429552,39171.0,160.79799411315818,1.6949152542372878,58,58,1,0,57,58,36804,1,0,0,1,0
2020-06-15,US,Ohio,Wood,321,50,0,41.36224827,-83.62285108,39173.0,245.3809520169397,15.576323987538943,271,321,50,0,271,320,130696,0,0,0,0,1
2020-06-15,US,Ohio,Wyandot,48,4,0,40.84339621,-83.30734173,39175.0,220.46665441851917,8.333333333333334,44,48,4,0,44,48,21935,0,0,0,0,0
2020-06-15,US,Oklahoma,Adair,96,4,0,35.88494195,-94.65859267,40001.0,432.5493376588267,4.166666666666667,92,96,4,0,92,96,22082,0,0,0,0,0
2020-06-15,US,Oklahoma,Alfalfa,1,0,0,36.73090616,-98.32408495,40003.0,17.5377060680463,0.0,1,1,0,0,1,1,5754,0,0,0,0,0
2020-06-15,US,Oklahoma,Atoka,8,0,0,34.37366573,-96.03802487,40005.0,58.14798662596308,0.0,8,8,0,0,8,8,13838,0,0,0,0,0
2020-06-15,US,Oklahoma,Beaver,30,0,0,36.7496847,-100.4758872,40007.0,564.865373752589,0.0,30,30,0,0,30,30,5319,0,0,0,0,0
2020-06-15,US,Oklahoma,Beckham,8,0,0,35.26862449,-99.68128023,40009.0,36.59819753877122,0.0,8,8,0,0,8,7,21709,0,0,0,0,1
2020-06-15,US,Oklahoma,Blaine,12,0,0,35.87518314,-98.43307003,40011.0,127.26694241170857,0.0,12,10,0,0,10,9,9485,2,0,0,2,1
2020-06-15,US,Oklahoma,Bryan,48,1,0,33.96472458,-96.25903472,40013.0,100.01041775184916,2.083333333333333,47,48,1,0,47,48,47192,0,0,0,0,0
2020-06-15,US,Oklahoma,Caddo,176,10,0,35.17364557,-98.37534464,40015.0,611.918503581114,5.6818181818181825,166,175,10,0,165,175,28977,1,0,0,1,0
2020-06-15,US,Oklahoma,Canadian,156,3,0,35.5426055,-97.98465569,40017.0,105.18792226882258,1.9230769230769231,153,150,3,0,147,148,144447,6,0,0,6,2
2020-06-15,US,Oklahoma,Carter,60,1,0,34.25103751,-97.28552485,40019.0,124.7116044147908,1.6666666666666667,59,57,1,0,56,57,48177,3,0,0,3,0
2020-06-15,US,Oklahoma,Cherokee,48,1,0,35.90692775,-94.99980896,40021.0,98.64973179604168,2.083333333333333,47,48,1,0,47,43,48675,0,0,0,0,5
2020-06-15,US,Oklahoma,Choctaw,102,1,0,34.02807439,-95.54771129,40023.0,695.2017448200653,0.9803921568627452,101,102,1,0,101,102,14668,0,0,0,0,0
2020-06-15,US,Oklahoma,Cimarron,1,0,0,36.74817177,-102.5173885,40025.0,46.79457182966776,0.0,1,1,0,0,1,1,2153,0,0,0,0,0
2020-06-15,US,Oklahoma,Cleveland,552,40,0,35.20413532,-97.32519562,40027.0,194.35661622314396,7.246376811594202,512,546,40,0,506,544,281669,6,0,0,6,2
2020-06-15,US,Oklahoma,Coal,6,0,0,34.58840127,-96.29798747,40029.0,109.1901728844404,0.0,6,6,0,0,6,6,5520,0,0,0,0,0
2020-06-15,US,Oklahoma,Comanche,341,4,0,34.65973764,-98.47195055,40031.0,282.4039950641413,1.1730205278592376,337,337,4,0,333,333,120422,4,0,0,4,4
2020-06-15,US,Oklahoma,Cotton,5,2,0,34.28845626,-98.37053567,40033.0,88.24567596187786,40.0,3,5,2,0,3,5,5776,0,0,0,0,0
2020-06-15,US,Oklahoma,Craig,16,0,0,36.76268118,-95.20916602,40035.0,113.13816999010041,0.0,16,16,0,0,16,16,14306,0,0,0,0,0
2020-06-15,US,Oklahoma,Creek,106,7,0,35.90230551,-96.37086028,40037.0,148.20614636056038,6.60377358490566,99,106,7,0,99,105,71604,0,0,0,0,1
2020-06-15,US,Oklahoma,Custer,41,0,0,35.63853802,-99.00170785,40039.0,141.3646864117505,0.0,41,41,0,0,41,41,29036,0,0,0,0,0
2020-06-15,US,Oklahoma,Delaware,109,16,0,36.40823634,-94.80325046,40041.0,253.43532748959518,14.678899082568808,93,108,16,0,92,107,42733,1,0,0,1,1
2020-06-15,US,Oklahoma,Dewey,5,0,0,35.98772922,-99.00730714,40043.0,102.22858311183808,0.0,5,4,0,0,4,2,4894,1,0,0,1,2
2020-06-15,US,Oklahoma,Garfield,47,1,0,36.3791334,-97.78265517,40047.0,76.97851153039831,2.127659574468085,46,47,1,0,46,46,60913,0,0,0,0,1
2020-06-15,US,Oklahoma,Garvin,30,1,0,34.70418038,-97.30811132,40049.0,108.26025765941324,3.333333333333333,29,28,1,0,27,20,27811,2,0,0,2,8
2020-06-15,US,Oklahoma,Grady,118,3,0,35.0167709,-97.88339847,40051.0,211.34076011032704,2.5423728813559316,115,117,3,0,114,116,55551,1,0,0,1,1
2020-06-15,US,Oklahoma,Grant,2,0,0,36.796296999999996,-97.78638765,40053.0,46.15739672282484,0.0,2,2,0,0,2,2,4326,0,0,0,0,0
2020-06-15,US,Oklahoma,Greer,66,7,0,34.93535801,-99.56056120000001,40055.0,1155.4621848739494,10.606060606060606,59,66,7,0,59,66,5821,0,0,0,0,0
2020-06-15,US,Oklahoma,Harper,1,0,0,36.78836519,-99.6679804,40059.0,27.11496746203905,0.0,1,1,0,0,1,1,3797,0,0,0,0,0
2020-06-15,US,Oklahoma,Haskell,6,0,0,35.22257600000001,-95.11513306,40061.0,47.517224994060356,0.0,6,6,0,0,6,6,12668,0,0,0,0,0
2020-06-15,US,Oklahoma,Hughes,3,0,0,35.04912569,-96.24921145,40063.0,22.59206265532043,0.0,3,3,0,0,3,3,13335,0,0,0,0,0
2020-06-15,US,Oklahoma,Jackson,30,3,0,34.58781741,-99.41138784,40065.0,122.29922543823886,10.0,27,30,3,0,27,30,24949,0,0,0,0,0
2020-06-15,US,Oklahoma,Jefferson,4,0,0,34.11130184,-97.83182974,40067.0,66.64445184938353,0.0,4,4,0,0,4,4,6123,0,0,0,0,0
2020-06-15,US,Oklahoma,Johnston,5,0,0,34.31440473,-96.66011537,40069.0,45.10599909788002,0.0,5,5,0,0,5,4,10949,0,0,0,0,1
2020-06-15,US,Oklahoma,Kay,65,7,0,36.81799745,-97.14421435,40071.0,149.29486885019986,10.769230769230768,58,65,7,0,58,65,44161,0,0,0,0,0
2020-06-15,US,Oklahoma,Kingfisher,13,0,0,35.94530008,-97.94193268,40073.0,82.46114811290835,0.0,13,12,0,0,12,12,15816,1,0,0,1,0
2020-06-15,US,Oklahoma,Kiowa,6,0,0,34.91671958,-98.97720696,40075.0,68.90215893431328,0.0,6,6,0,0,6,6,8729,0,0,0,0,0
2020-06-15,US,Oklahoma,Latimer,6,1,0,34.87844729,-95.25215049,40077.0,59.565174228134616,16.666666666666668,5,6,1,0,5,6,10231,0,0,0,0,0
2020-06-15,US,Oklahoma,Le Flore,20,1,0,34.89851864,-94.70392124,40079.0,40.11794676348465,5.0,19,20,1,0,19,19,49980,0,0,0,0,1
2020-06-15,US,Oklahoma,Lincoln,24,2,0,35.70270942,-96.8812462,40081.0,68.81325802104539,8.333333333333334,22,24,2,0,22,22,34920,0,0,0,0,2
2020-06-15,US,Oklahoma,Logan,25,1,0,35.91899576,-97.44352845,40083.0,52.071400304096976,4.0,24,23,1,0,22,23,47291,2,0,0,2,0
2020-06-15,US,Oklahoma,Love,25,0,0,33.95273467,-97.23906784,40085.0,243.83107383204919,0.0,25,23,0,0,23,22,10134,2,0,0,2,1
2020-06-15,US,Oklahoma,Major,6,1,0,36.31149996,-98.53467076,40093.0,78.64726700747148,16.666666666666668,5,6,1,0,5,6,7644,0,0,0,0,0
2020-06-15,US,Oklahoma,Marshall,16,0,0,34.02311222,-96.76855464,40095.0,94.5012107967633,0.0,16,15,0,0,15,15,16806,1,0,0,1,0
2020-06-15,US,Oklahoma,Mayes,56,4,0,36.30179091,-95.23175116,40097.0,136.2530413625304,7.142857142857142,52,56,4,0,52,56,41107,0,0,0,0,0
2020-06-15,US,Oklahoma,McClain,116,4,0,35.01123903,-97.44572302,40087.0,286.6037456144685,3.4482758620689653,112,116,4,0,112,113,39985,0,0,0,0,3
2020-06-15,US,Oklahoma,McCurtain,151,2,0,34.11664328,-94.77222373,40089.0,459.9171539961014,1.3245033112582782,149,148,2,0,146,143,32703,3,0,0,3,5
2020-06-15,US,Oklahoma,McIntosh,16,1,0,35.37235506,-95.66599306,40091.0,81.64931618697693,6.25,15,16,1,0,15,16,19815,0,0,0,0,0
2020-06-15,US,Oklahoma,Murray,11,0,0,34.48116015,-97.06826283,40099.0,78.16385987351666,0.0,11,11,0,0,11,6,13953,0,0,0,0,5
2020-06-15,US,Oklahoma,Muskogee,79,8,0,35.61318461,-95.37802952,40101.0,116.18159624689324,10.126582278481012,71,77,8,0,69,74,68362,2,0,0,2,3
2020-06-15,US,Oklahoma,Noble,14,0,0,36.38953329,-97.22928674,40103.0,125.77486299523851,0.0,14,14,0,0,14,9,11289,0,0,0,0,5
2020-06-15,US,Oklahoma,Nowata,25,1,0,36.79843529,-95.61902331,40105.0,248.1143310837634,4.0,24,25,1,0,24,25,10218,0,0,0,0,0
2020-06-15,US,Oklahoma,Okfuskee,6,0,0,35.46485198,-96.32639984,40107.0,50.02918369048611,0.0,6,6,0,0,6,6,12098,0,0,0,0,0
2020-06-15,US,Oklahoma,Oklahoma,1643,64,0,35.55140095,-97.40716948,40109.0,206.0358600210174,3.895313451004261,1579,1597,64,0,1533,1561,792582,46,0,0,46,36
2020-06-15,US,Oklahoma,Okmulgee,30,0,0,35.64661916,-95.96432828,40111.0,77.99298063174315,0.0,30,30,0,0,30,29,38335,0,0,0,0,1
2020-06-15,US,Oklahoma,Osage,114,8,0,36.62888819,-96.39635704,40113.0,242.74428805655515,7.0175438596491215,106,112,8,0,104,106,47014,2,0,0,2,6
2020-06-15,US,Oklahoma,Ottawa,37,2,0,36.83532655,-94.81011909,40115.0,118.86786391235904,5.405405405405406,35,37,2,0,35,37,31175,0,0,0,0,0
2020-06-15,US,Oklahoma,Pawnee,41,2,0,36.31743373,-96.70331759999999,40117.0,250.36638983878845,4.878048780487805,39,41,2,0,39,41,16390,0,0,0,0,0
2020-06-15,US,Oklahoma,Payne,104,1,0,36.07695283,-96.97584944,40119.0,127.16423750366819,0.9615384615384616,103,100,1,0,99,97,82040,4,0,0,4,3
2020-06-15,US,Oklahoma,Pittsburg,43,3,0,34.92065823,-95.75134320000001,40121.0,98.50185550006873,6.9767441860465125,40,43,3,0,40,43,43877,0,0,0,0,0
2020-06-15,US,Oklahoma,Pontotoc,21,2,0,34.72959848,-96.68337199,40123.0,54.853202382196216,9.523809523809524,19,21,2,0,19,21,38247,0,0,0,0,0
2020-06-15,US,Oklahoma,Pottawatomie,72,4,0,35.20614018,-96.94923008,40125.0,99.18448313863787,5.5555555555555545,68,71,4,0,67,67,72679,1,0,0,1,4
2020-06-15,US,Oklahoma,Pushmataha,7,0,0,34.41635232,-95.37603505,40127.0,63.085796683489555,0.0,7,7,0,0,7,7,11179,0,0,0,0,0
2020-06-15,US,Oklahoma,Rogers,99,5,0,36.37004357,-95.60406759,40131.0,107.07448706994451,5.05050505050505,94,97,5,0,92,95,91984,2,0,0,2,2
2020-06-15,US,Oklahoma,Seminole,31,3,0,35.16478725,-96.61686741,40133.0,127.79289306620495,9.677419354838712,28,31,3,0,28,31,24578,0,0,0,0,0
2020-06-15,US,Oklahoma,Sequoyah,21,3,0,35.49447108,-94.75463785,40135.0,50.518415165147104,14.285714285714285,18,21,3,0,18,20,41179,0,0,0,0,1
2020-06-15,US,Oklahoma,Stephens,45,1,0,34.48556989,-97.85141892,40137.0,104.30429038314443,2.2222222222222223,44,45,1,0,44,44,43265,0,0,0,0,1
2020-06-15,US,Oklahoma,Texas,975,6,0,36.74777635,-101.4889765,40139.0,4879.1472751839065,0.6153846153846154,969,975,6,0,969,968,20455,0,0,0,0,7
2020-06-15,US,Oklahoma,Tillman,23,1,0,34.37288446,-98.92426619,40141.0,317.2413793103448,4.3478260869565215,22,23,1,0,22,23,7348,0,0,0,0,0
2020-06-15,US,Oklahoma,Tulsa,1653,62,0,36.11939621,-95.94013939,40143.0,253.70193016060117,3.750756200846945,1591,1564,62,0,1502,1525,648360,89,0,0,89,39
2020-06-15,US,Oklahoma,Wagoner,171,17,0,35.96024096,-95.51911308,40145.0,210.36056539015118,9.941520467836256,154,169,17,0,152,168,80110,2,0,0,2,1
2020-06-15,US,Oklahoma,Washington,350,37,0,36.71380786,-95.90514104,40147.0,679.2555359326177,10.571428571428571,313,348,37,0,311,348,51843,2,0,0,2,0
2020-06-15,US,Oklahoma,Washita,2,0,0,35.29071824,-98.99180434,40149.0,18.321729571271533,0.0,2,2,0,0,2,2,11127,0,0,0,0,0
2020-06-15,US,Oklahoma,Woods,5,0,0,36.76705782,-98.86573064,40151.0,56.863414079381336,0.0,5,5,0,0,5,5,8897,0,0,0,0,0
2020-06-15,US,Oklahoma,Woodward,11,0,0,36.42316318,-99.26283045,40153.0,54.4258077284647,0.0,11,11,0,0,11,9,20222,0,0,0,0,2
2020-06-15,US,Oregon,Baker,1,0,0,44.70915557,-117.6749883,41001.0,6.201935003721161,0.0,1,1,0,0,1,1,16006,0,0,0,0,0
2020-06-15,US,Oregon,Benton,63,5,0,44.49167306,-123.4316987,41003.0,67.70335185324492,7.936507936507938,58,63,5,0,58,63,92101,0,0,0,0,0
2020-06-15,US,Oregon,Clackamas,488,18,0,45.18787398,-122.2179634,41005.0,116.69420618048865,3.6885245901639343,470,455,14,0,441,455,416075,33,4,0,29,0
2020-06-15,US,Oregon,Clatsop,46,0,0,45.99712889,-123.660711,41007.0,114.35958631662687,0.0,46,46,0,0,46,46,39764,0,0,0,0,0
2020-06-15,US,Oregon,Columbia,22,0,0,45.94464254,-123.08908980000001,41009.0,42.02162203461054,0.0,22,20,0,0,20,20,52377,2,0,0,2,0
2020-06-15,US,Oregon,Coos,32,0,0,43.17406868,-124.0594514,41011.0,49.622404515638806,0.0,32,32,0,0,32,32,64389,0,0,0,0,0
2020-06-15,US,Oregon,Crook,8,0,0,44.14230227,-120.356297,41013.0,32.781511227667586,0.0,8,8,0,0,8,8,23867,0,0,0,0,0
2020-06-15,US,Oregon,Curry,7,0,0,42.45911325,-124.15728200000001,41015.0,30.53435114503817,0.0,7,7,0,0,7,7,22813,0,0,0,0,0
2020-06-15,US,Oregon,Deschutes,137,0,0,43.91570171,-121.2289121,41017.0,69.29971875442608,0.0,137,137,0,0,137,137,191996,0,0,0,0,0
2020-06-15,US,Oregon,Douglas,29,0,0,43.27941273,-123.16729099999999,41019.0,26.130834384573802,0.0,29,29,0,0,29,29,110283,0,0,0,0,0
2020-06-15,US,Oregon,Grant,1,0,0,44.49024544,-119.0068631,41023.0,13.890818169190164,0.0,1,1,0,0,1,1,7176,0,0,0,0,0
2020-06-15,US,Oregon,Harney,1,0,0,43.06422669,-118.96663059999999,41025.0,13.526308670363855,0.0,1,1,0,0,1,1,7329,0,0,0,0,0
2020-06-15,US,Oregon,Hood River,82,0,0,45.51872811,-121.65520359999998,41027.0,350.69711744076636,0.0,82,71,0,0,71,71,23428,11,0,0,11,0
2020-06-15,US,Oregon,Jackson,82,0,0,42.43201126,-122.72893090000001,41029.0,37.1134767180824,0.0,82,78,0,0,78,78,219564,4,0,0,4,0
2020-06-15,US,Oregon,Jefferson,68,0,0,44.62806839,-121.17832,41031.0,275.77256874036823,0.0,68,65,0,0,65,65,24192,3,0,0,3,0
2020-06-15,US,Oregon,Josephine,23,1,0,42.3665549,-123.5561938,41033.0,26.28962017213986,4.3478260869565215,22,23,1,0,22,23,87393,0,0,0,0,0
2020-06-15,US,Oregon,Klamath,53,0,0,42.68762984,-121.64964609999998,41035.0,77.66933380228025,0.0,53,48,0,0,48,48,67653,5,0,0,5,0
2020-06-15,US,Oregon,Lake,5,0,0,42.79246693,-120.38501629999999,41037.0,63.54047528275512,0.0,5,4,0,0,4,4,7879,1,0,0,1,0
2020-06-15,US,Oregon,Lane,89,3,0,43.93727035,-122.847753,41039.0,23.29434366223725,3.3707865168539324,86,85,3,0,82,85,379611,4,0,0,4,0
2020-06-15,US,Oregon,Lincoln,206,0,0,44.64252874,-123.86991200000001,41041.0,412.3133581521957,0.0,206,184,0,0,184,184,49388,22,0,0,22,0
2020-06-15,US,Oregon,Linn,126,9,0,44.48899494,-122.53731540000001,41043.0,97.11057503333359,7.142857142857142,117,124,9,0,115,124,127335,2,0,0,2,0
2020-06-15,US,Oregon,Malheur,38,1,0,43.1937027,-117.62273950000001,41045.0,124.30080795525171,2.631578947368421,37,33,1,0,32,33,30725,5,0,0,5,0
2020-06-15,US,Oregon,Marion,1179,30,0,44.90287942,-122.58151170000001,41047.0,338.97038106135966,2.544529262086514,1149,1134,30,0,1104,1134,346868,45,0,0,45,0
2020-06-15,US,Oregon,Morrow,15,0,0,45.41846568,-119.584546,41049.0,129.27691114366974,0.0,15,13,0,0,13,13,11372,2,0,0,2,0
2020-06-15,US,Oregon,Multnomah,1556,68,0,45.54747959,-122.4169351,41051.0,191.42405472070664,4.370179948586118,1488,1440,67,0,1373,1440,811880,116,1,0,115,0
2020-06-15,US,Oregon,Polk,127,12,0,44.90322804,-123.4128888,41053.0,147.5286054481036,9.448818897637793,115,117,12,0,105,117,85234,10,0,0,10,0
2020-06-15,US,Oregon,Sherman,1,0,0,45.41501554,-120.6827834,41055.0,56.179775280898866,0.0,1,1,0,0,1,1,1708,0,0,0,0,0
2020-06-15,US,Oregon,Tillamook,6,0,0,45.46248721,-123.712066,41057.0,22.192632046160675,0.0,6,6,0,0,6,6,26787,0,0,0,0,0
2020-06-15,US,Oregon,Umatilla,180,4,0,45.59073056,-118.7353826,41059.0,230.9172546504169,2.2222222222222223,176,157,3,0,154,157,77516,23,1,0,22,0
2020-06-15,US,Oregon,Union,121,0,0,45.30915495,-118.0068979,41061.0,450.9036705794672,0.0,121,12,0,0,12,12,26461,109,0,0,109,0
2020-06-15,US,Oregon,Wallowa,4,0,0,45.57894064,-117.18353799999998,41063.0,55.493895671476146,0.0,4,4,0,0,4,4,7081,0,0,0,0,0
2020-06-15,US,Oregon,Wasco,41,1,0,45.16292781,-121.16709540000001,41065.0,153.66164455438127,2.4390243902439024,40,38,1,0,37,38,26505,3,0,0,3,0
2020-06-15,US,Oregon,Washington,891,20,0,45.55972701,-123.0955257,41067.0,148.10702269976994,2.2446689113355784,871,849,19,0,830,849,597695,42,1,0,41,0
2020-06-15,US,Oregon,Yamhill,92,8,0,45.23330449,-123.3086963,41071.0,85.90102707749766,8.695652173913043,84,91,8,0,83,91,107002,1,0,0,1,0
2020-06-15,US,Pennsylvania,Adams,296,9,0,39.87140411,-77.21610347,42001.0,287.3535322156316,3.0405405405405403,287,290,9,0,281,289,102811,6,0,0,6,1
2020-06-15,US,Pennsylvania,Allegheny,2086,174,0,40.46809875,-79.98167747,42003.0,171.5397045339605,8.341323106423777,1912,2079,172,0,1907,2076,1218452,7,2,0,5,3
2020-06-15,US,Pennsylvania,Armstrong,66,5,0,40.81665618,-79.46290811,42005.0,101.95412064570944,7.575757575757576,61,66,5,0,61,66,65263,0,0,0,0,0
2020-06-15,US,Pennsylvania,Beaver,613,77,0,40.6825484,-80.34921611,42007.0,373.942377492695,12.561174551386626,536,611,75,0,536,611,164742,2,2,0,0,0
2020-06-15,US,Pennsylvania,Bedford,52,2,0,40.00522157,-78.48998442,42009.0,108.58670230537922,3.8461538461538463,50,48,2,0,46,46,48176,4,0,0,4,2
2020-06-15,US,Pennsylvania,Berks,4324,338,0,40.41570541,-75.92457766,42011.0,1026.6784435516806,7.816836262719704,3986,4319,338,0,3981,4303,420152,5,0,0,5,16
2020-06-15,US,Pennsylvania,Blair,55,1,0,40.47961444,-78.34917412,42013.0,45.14524456410214,1.818181818181818,54,55,1,0,54,55,122492,0,0,0,0,0
2020-06-15,US,Pennsylvania,Bradford,47,3,0,41.78869215,-76.51570822,42015.0,77.91389685526252,6.382978723404255,44,47,3,0,44,47,60833,0,0,0,0,0
2020-06-15,US,Pennsylvania,Bucks,5439,542,0,40.33682119,-75.10836643,42017.0,865.7106021296578,9.96506710792425,4897,5428,542,0,4886,5419,628195,11,0,0,11,9
2020-06-15,US,Pennsylvania,Butler,257,12,0,40.91152759,-79.91351055,42019.0,136.80910073301996,4.669260700389105,245,257,12,0,245,257,187888,0,0,0,0,0
2020-06-15,US,Pennsylvania,Cambria,61,3,0,40.49527404,-78.71377428,42021.0,46.85387735037483,4.918032786885246,58,61,3,0,58,61,131730,0,0,0,0,0
2020-06-15,US,Pennsylvania,Cameron,2,0,0,41.43625568,-78.20376845,42023.0,44.974139869575005,0.0,2,2,0,0,2,2,4492,0,0,0,0,0
2020-06-15,US,Pennsylvania,Carbon,259,24,0,40.91545395,-75.7068525,42025.0,403.5399333146365,9.266409266409266,235,259,24,0,235,257,64227,0,0,0,0,2
2020-06-15,US,Pennsylvania,Centre,171,6,0,40.92058903,-77.82200624,42027.0,105.30529297656805,3.5087719298245608,165,169,7,0,162,167,162805,2,-1,0,3,2
2020-06-15,US,Pennsylvania,Chester,3315,307,0,39.97291773,-75.74768357,42029.0,631.4418016377488,9.260935143288084,3008,3295,307,0,2988,3269,522046,20,0,0,20,26
2020-06-15,US,Pennsylvania,Clarion,31,2,0,41.19265812,-79.42413524,42031.0,80.64935740673292,6.451612903225807,29,31,2,0,29,31,38779,0,0,0,0,0
2020-06-15,US,Pennsylvania,Clearfield,55,0,0,41.00110782,-78.47592663,42033.0,69.39625260235947,0.0,55,55,0,0,55,52,79388,0,0,0,0,3
2020-06-15,US,Pennsylvania,Clinton,64,3,0,41.23255967,-77.63785995,42035.0,165.66576931041624,4.6875,61,63,3,0,60,63,38684,1,0,0,1,0
2020-06-15,US,Pennsylvania,Columbia,380,33,0,41.04821986,-76.40565017,42037.0,584.9393510251832,8.684210526315791,347,378,33,0,345,376,65456,2,0,0,2,2
2020-06-15,US,Pennsylvania,Crawford,36,0,0,41.68447709,-80.10760592,42039.0,42.53860969643976,0.0,36,36,0,0,36,35,85063,0,0,0,0,1
2020-06-15,US,Pennsylvania,Cumberland,738,60,0,40.1625372,-77.26130755,42041.0,291.27363144807987,8.130081300813009,678,728,59,0,669,725,251423,10,1,0,9,3
2020-06-15,US,Pennsylvania,Dauphin,1655,107,0,40.41377078,-76.77993242,42043.0,594.6841346896683,6.4652567975830815,1548,1634,107,0,1527,1606,277097,21,0,0,21,28
2020-06-15,US,Pennsylvania,Delaware,6921,620,0,39.91680171,-75.40243663,42045.0,1221.1798209783199,8.958243028464096,6301,6888,616,0,6272,6868,564751,33,4,0,29,20
2020-06-15,US,Pennsylvania,Elk,6,0,0,41.42822061,-78.64524744,42047.0,20.060180541624874,0.0,6,6,0,0,6,6,30169,0,0,0,0,0
2020-06-15,US,Pennsylvania,Erie,468,8,0,41.99253829,-80.03301954,42049.0,173.50812670542174,1.709401709401709,460,459,7,0,452,451,272061,9,1,0,8,8
2020-06-15,US,Pennsylvania,Fayette,95,4,0,39.92041012,-79.64291195,42051.0,73.48732150316383,4.2105263157894735,91,95,4,0,91,95,130441,0,0,0,0,0
2020-06-15,US,Pennsylvania,Forest,7,0,0,41.51095103,-79.23229292,42053.0,96.59169311439214,0.0,7,7,0,0,7,7,7279,0,0,0,0,0
2020-06-15,US,Pennsylvania,Franklin,843,42,0,39.92956518,-77.72157791,42055.0,543.7762454282157,4.98220640569395,801,842,42,0,800,843,154835,1,0,0,1,-1
2020-06-15,US,Pennsylvania,Fulton,16,1,0,39.92913544,-78.11163677,42057.0,110.11699931176877,6.25,15,16,1,0,15,16,14523,0,0,0,0,0
2020-06-15,US,Pennsylvania,Greene,30,0,0,39.85746531,-80.22357106,42059.0,82.79744983854499,0.0,30,30,0,0,30,30,36506,0,0,0,0,0
2020-06-15,US,Pennsylvania,Huntingdon,239,4,0,40.42162652,-77.97673273,42061.0,529.4169767853979,1.6736401673640169,235,239,4,0,235,239,45168,0,0,0,0,0
2020-06-15,US,Pennsylvania,Indiana,93,5,0,40.65241041,-79.08963285,42063.0,110.61815327156162,5.376344086021504,88,93,5,0,88,93,84501,0,0,0,0,0
2020-06-15,US,Pennsylvania,Jefferson,19,1,0,41.12913106,-78.9986361,42065.0,43.75359815774323,5.2631578947368425,18,18,1,0,17,18,43641,1,0,0,1,0
2020-06-15,US,Pennsylvania,Juniata,108,5,0,40.53358749,-77.39975129999998,42067.0,436.1345555869645,4.62962962962963,103,108,5,0,103,107,24704,0,0,0,0,1
2020-06-15,US,Pennsylvania,Lackawanna,1602,196,0,41.43564672,-75.60379201,42069.0,764.0432290126578,12.234706616729088,1406,1601,194,0,1407,1600,210793,1,2,0,-1,1
2020-06-15,US,Pennsylvania,Lancaster,3777,331,0,40.03904563,-76.24770128,42071.0,692.1080985992918,8.763568970082076,3446,3752,329,0,3423,3719,543557,25,2,0,23,33
2020-06-15,US,Pennsylvania,Lawrence,87,8,0,40.99206278,-80.33393706,42073.0,101.740106651698,9.195402298850574,79,87,8,0,79,87,86184,0,0,0,0,0
2020-06-15,US,Pennsylvania,Lebanon,1190,40,0,40.36680311,-76.45651841,42075.0,839.2515850570903,3.361344537815126,1150,1182,40,0,1142,1162,141314,8,0,0,8,20
2020-06-15,US,Pennsylvania,Lehigh,3957,269,0,40.6154815,-75.59435245,42077.0,1071.43437362923,6.798079353045236,3688,3953,267,0,3686,3939,368100,4,2,0,2,14
2020-06-15,US,Pennsylvania,Luzerne,2835,168,0,41.17823008,-75.98447579,42079.0,893.1468698903966,5.925925925925926,2667,2830,164,0,2666,2824,317646,5,4,0,1,6
2020-06-15,US,Pennsylvania,Lycoming,171,17,0,41.34310539,-77.06629984,42081.0,150.92807526986115,9.941520467836256,154,171,17,0,154,171,113664,0,0,0,0,0
2020-06-15,US,Pennsylvania,McKean,13,1,0,41.80938602,-78.56478358,42083.0,32.0,7.6923076923076925,12,13,1,0,12,13,40968,0,0,0,0,0
2020-06-15,US,Pennsylvania,Mercer,115,6,0,41.30248872,-80.25816981,42085.0,105.09577423599941,5.217391304347826,109,114,6,0,108,114,110683,1,0,0,1,0
2020-06-15,US,Pennsylvania,Mifflin,59,1,0,40.61116939,-77.61070738,42087.0,127.8772378516624,1.6949152542372878,58,59,1,0,58,59,46222,0,0,0,0,0
2020-06-15,US,Pennsylvania,Monroe,1350,105,0,41.05934058,-75.34031025,42089.0,792.8537449125218,7.777777777777778,1245,1347,104,0,1243,1347,169507,3,1,0,2,0
2020-06-15,US,Pennsylvania,Montgomery,7930,764,0,40.21053671,-75.36652296,42091.0,954.3695805226766,9.634300126103405,7166,7898,763,0,7135,7865,828604,32,1,0,31,33
2020-06-15,US,Pennsylvania,Montour,65,0,0,41.03023987,-76.66345939,42093.0,356.5551289083928,0.0,65,64,0,0,64,64,18240,1,0,0,1,0
2020-06-15,US,Pennsylvania,Northampton,3246,243,0,40.75182733,-75.30471829,42095.0,1063.268748874003,7.4861367837338255,3003,3240,241,0,2999,3232,304807,6,2,0,4,8
2020-06-15,US,Pennsylvania,Northumberland,228,4,0,40.84785433,-76.70798222,42097.0,250.9824642515109,1.7543859649122806,224,224,4,0,220,222,91083,4,0,0,4,2
2020-06-15,US,Pennsylvania,Perry,72,5,0,40.40206612,-77.26297447,42099.0,155.60165975103737,6.9444444444444455,67,72,5,0,67,71,46139,0,0,0,0,1
2020-06-15,US,Pennsylvania,Philadelphia,24475,1509,0,40.00338507,-75.1379271,42101.0,1545.0764615571088,6.165474974463738,22966,24338,1505,0,22833,24338,1584138,137,4,0,133,0
2020-06-15,US,Pennsylvania,Pike,482,20,0,41.33155042,-75.03208106,42103.0,863.6599831568385,4.149377593360996,462,482,20,0,462,482,55933,0,0,0,0,0
2020-06-15,US,Pennsylvania,Potter,13,0,0,41.74471626,-77.89559864,42105.0,78.66392351446206,0.0,13,13,0,0,13,13,16622,0,0,0,0,0
2020-06-15,US,Pennsylvania,Schuylkill,691,43,0,40.70497338,-76.2150785,42107.0,488.82632163498613,6.2228654124457305,648,685,43,0,642,681,142067,6,0,0,6,4
2020-06-15,US,Pennsylvania,Snyder,60,1,0,40.77129231,-77.06840691,42109.0,148.61785395818885,1.6666666666666667,59,59,1,0,58,59,40540,1,0,0,1,0
2020-06-15,US,Pennsylvania,Somerset,41,1,0,39.97172723,-79.02699593,42111.0,55.82256593189647,2.4390243902439024,40,40,1,0,39,40,73952,1,0,0,1,0
2020-06-15,US,Pennsylvania,Sullivan,3,0,0,41.44634738,-76.51246591,42113.0,49.455984174085074,0.0,3,3,0,0,3,3,6071,0,0,0,0,0
2020-06-15,US,Pennsylvania,Susquehanna,171,17,0,41.82147784,-75.80071959,42115.0,424.02301130728034,9.941520467836256,154,170,17,0,153,169,40589,1,0,0,1,1
2020-06-15,US,Pennsylvania,Tioga,20,2,0,41.77255149,-77.25433032,42117.0,49.27200610972876,10.0,18,20,2,0,18,20,40763,0,0,0,0,0
2020-06-15,US,Pennsylvania,Union,88,2,0,40.96188846,-77.05996014,42119.0,195.89074638826438,2.272727272727273,86,83,2,0,81,81,44785,5,0,0,5,2
2020-06-15,US,Pennsylvania,Venango,17,0,0,41.40323442,-79.75845449,42121.0,33.55174863819373,0.0,17,17,0,0,17,17,51266,0,0,0,0,0
2020-06-15,US,Pennsylvania,Warren,5,0,0,41.81304978,-79.26969577,42123.0,12.758031180628205,0.0,5,5,0,0,5,5,39498,0,0,0,0,0
2020-06-15,US,Pennsylvania,Washington,156,6,0,40.19208869,-80.24582867,42125.0,75.4115002537887,3.8461538461538463,150,155,6,0,149,155,207346,1,0,0,1,0
2020-06-15,US,Pennsylvania,Wayne,126,9,0,41.64938475,-75.29956506,42127.0,245.322326278694,7.142857142857142,117,126,9,0,117,126,51276,0,0,0,0,0
2020-06-15,US,Pennsylvania,Westmoreland,492,38,0,40.31377979999999,-79.46615476,42129.0,141.0150215391847,7.723577235772357,454,490,38,0,452,487,350611,2,0,0,2,3
2020-06-15,US,Pennsylvania,Wyoming,36,7,0,41.51955538,-76.01074915,42131.0,134.35843845637086,19.444444444444443,29,36,7,0,29,36,27046,0,0,0,0,0
2020-06-15,US,Pennsylvania,York,1169,32,0,39.9210089,-76.73040131,42133.0,260.32272000498824,2.737382378100941,1137,1162,31,0,1131,1157,448273,7,1,0,6,5
2020-06-15,US,Rhode Island,Bristol,240,0,0,41.71018079,-71.28652315,44001.0,495.05971657831225,0.0,240,231,0,0,231,231,48649,9,0,0,9,0
2020-06-15,US,Rhode Island,Kent,1128,0,0,41.67106337,-71.57641596,44003.0,686.5824264115113,0.0,1128,1105,0,0,1105,1105,163861,23,0,0,23,0
2020-06-15,US,Rhode Island,Newport,277,0,0,41.5642026,-71.26569799,44005.0,337.4674106381423,0.0,277,269,0,0,269,269,82542,8,0,0,8,0
2020-06-15,US,Rhode Island,Providence,12363,0,0,41.87064746,-71.57753536,44007.0,1934.9507223784728,0.0,12363,11959,0,0,11959,11959,636084,404,0,0,404,0
2020-06-15,US,Rhode Island,Unassigned,1569,851,0,0.0,0.0,90044.0,0.0,54.238368387507975,718,1870,833,0,1037,1870,,-301,18,0,-319,0
2020-06-15,US,Rhode Island,Washington,516,0,0,41.45961631,-71.61435303,44009.0,410.90327050335645,0.0,516,513,0,0,513,513,126179,3,0,0,3,0
2020-06-15,US,South Carolina,Abbeville,70,0,0,34.22333378,-82.46170658,45001.0,285.3997635259102,0.0,70,67,0,0,67,63,24541,3,0,0,3,4
2020-06-15,US,South Carolina,Aiken,234,9,0,33.54338026,-81.63645384,45003.0,136.94461351186854,3.8461538461538463,225,232,9,0,223,228,169401,2,0,0,2,4
2020-06-15,US,South Carolina,Allendale,40,3,0,32.98837386,-81.35321066,45005.0,460.4051565377532,7.5,37,40,3,0,37,40,8903,0,0,0,0,0
2020-06-15,US,South Carolina,Anderson,347,9,0,34.51828081,-82.63959517,45007.0,171.30895842178538,2.5936599423631126,338,341,9,0,332,316,200482,6,0,0,6,25
2020-06-15,US,South Carolina,Bamberg,48,0,0,33.21927586,-81.05659969,45009.0,341.2484003981231,0.0,48,45,0,0,45,41,14275,3,0,0,3,4
2020-06-15,US,South Carolina,Barnwell,55,1,0,33.26679302,-81.43584352,45011.0,263.586696060577,1.818181818181818,54,54,1,0,53,54,21112,1,0,0,1,0
2020-06-15,US,South Carolina,Beaufort,615,14,0,32.39226291,-80.72619758,45013.0,320.10909734439576,2.2764227642276422,601,590,14,0,576,566,188715,25,0,0,25,24
2020-06-15,US,South Carolina,Berkeley,406,19,0,33.20222596,-79.94654523,45015.0,178.14283896501644,4.679802955665025,387,386,19,0,367,364,221091,20,0,0,20,22
2020-06-15,US,South Carolina,Calhoun,38,1,0,33.66926881,-80.77722168,45017.0,261.11454682883254,2.631578947368421,37,33,1,0,32,30,14520,5,0,0,5,3
2020-06-15,US,South Carolina,Charleston,1165,16,0,32.82487866,-79.96512315,45019.0,283.17525753148965,1.3733905579399142,1149,1092,15,0,1077,1015,405905,73,1,0,72,77
2020-06-15,US,South Carolina,Cherokee,93,6,0,35.05122251,-81.61828622,45021.0,162.30366492146598,6.451612903225807,87,92,6,0,86,91,57078,1,0,0,1,1
2020-06-15,US,South Carolina,Chester,123,1,0,34.69249168,-81.1583216,45023.0,381.4663193152214,0.8130081300813008,122,120,1,0,119,116,32251,3,0,0,3,4
2020-06-15,US,South Carolina,Chesterfield,292,7,0,34.64137396,-80.15640140000002,45025.0,639.6495071193866,2.3972602739726026,285,291,7,0,284,284,45754,1,0,0,1,7
2020-06-15,US,South Carolina,Clarendon,343,41,0,33.66610974,-80.21647898,45027.0,1016.4468810194104,11.9533527696793,302,335,41,0,294,327,33700,8,0,0,8,8
2020-06-15,US,South Carolina,Colleton,201,16,0,32.87582989,-80.67641292,45029.0,533.4819651246119,7.960199004975125,185,198,16,0,182,190,37660,3,0,0,3,8
2020-06-15,US,South Carolina,Darlington,353,13,0,34.33358335,-79.96027485,45031.0,529.886817376685,3.68271954674221,340,350,13,0,337,347,66802,3,0,0,3,3
2020-06-15,US,South Carolina,Dillon,202,4,0,34.39007791,-79.37741872,45033.0,662.7514026050724,1.98019801980198,198,201,4,0,197,200,30599,1,0,0,1,1
2020-06-15,US,South Carolina,Dorchester,276,3,0,33.0794369,-80.40502652,45035.0,169.52379782444459,1.0869565217391304,273,265,3,0,262,245,160647,11,0,0,11,20
2020-06-15,US,South Carolina,Edgefield,61,2,0,33.77221995,-81.96231108,45037.0,223.77109317681584,3.278688524590164,59,60,2,0,58,59,27052,1,0,0,1,1
2020-06-15,US,South Carolina,Fairfield,231,20,0,34.39287073,-81.1195624,45039.0,1033.6957980937038,8.658008658008658,211,227,20,0,207,225,22402,4,0,0,4,2
2020-06-15,US,South Carolina,Florence,826,43,0,34.02361754,-79.70189312,45041.0,597.2825811863217,5.205811138014528,783,814,43,0,771,793,138159,12,0,0,12,21
2020-06-15,US,South Carolina,Georgetown,181,3,0,33.43443342,-79.33202141,45043.0,288.7683471601787,1.6574585635359116,178,164,3,0,161,150,62249,17,0,0,17,14
2020-06-15,US,South Carolina,Greenville,3011,69,0,34.89502264,-82.37295012,45045.0,575.1210027084743,2.2915974759216207,2942,2920,69,0,2851,2779,514213,91,0,0,91,141
2020-06-15,US,South Carolina,Greenwood,312,5,0,34.15272415,-82.12715789,45047.0,440.6095098219203,1.6025641025641026,307,304,5,0,299,273,70741,8,0,0,8,31
2020-06-15,US,South Carolina,Hampton,50,1,0,32.77419582,-81.13845571,45049.0,260.1186140880241,2.0,49,50,1,0,49,50,19351,0,0,0,0,0
2020-06-15,US,South Carolina,Horry,1194,34,0,33.9212828,-78.99555293,45051.0,337.21097714929635,2.847571189279732,1160,1133,34,0,1099,1037,344147,61,0,0,61,96
2020-06-15,US,South Carolina,Jasper,55,3,0,32.43171982,-81.02487495,45053.0,182.88830512419773,5.454545454545454,52,54,3,0,51,54,28971,1,0,0,1,0
2020-06-15,US,South Carolina,Kershaw,448,15,0,34.33988254,-80.58763164,45055.0,673.1679463869814,3.3482142857142856,433,444,15,0,429,430,65592,4,0,0,4,14
2020-06-15,US,South Carolina,Lancaster,248,6,0,34.68270843,-80.70513032,45057.0,253.03024119495566,2.419354838709677,242,246,6,0,240,239,95380,2,0,0,2,7
2020-06-15,US,South Carolina,Laurens,163,4,0,34.48244419,-82.00490796,45059.0,241.50652660275884,2.4539877300613497,159,140,4,0,136,129,66994,23,0,0,23,11
2020-06-15,US,South Carolina,Lee,236,19,0,34.16393091,-80.25690731,45061.0,1402.4245305443308,8.05084745762712,217,236,19,0,217,233,17142,0,0,0,0,3
2020-06-15,US,South Carolina,Lexington,1184,40,0,33.89665987,-81.27146426,45063.0,396.31799163179915,3.3783783783783785,1144,1155,39,0,1116,1098,295032,29,1,0,28,57
2020-06-15,US,South Carolina,Marion,105,5,0,34.07859748,-79.36400756,45067.0,342.49926607300125,4.761904761904762,100,103,5,0,98,95,31039,2,0,0,2,8
2020-06-15,US,South Carolina,Marlboro,237,3,0,34.59905577,-79.67561152,45069.0,907.4201699977028,1.2658227848101269,234,236,3,0,233,231,26398,1,0,0,1,5
2020-06-15,US,South Carolina,McCormick,11,1,0,33.90161443,-82.30794338,45065.0,116.24220648842864,9.090909090909092,10,11,1,0,10,11,9410,0,0,0,0,0
2020-06-15,US,South Carolina,Newberry,105,2,0,34.28629098,-81.59935761,45071.0,273.15296566077,1.9047619047619049,103,99,2,0,97,95,38520,6,0,0,6,4
2020-06-15,US,South Carolina,Oconee,87,0,0,34.75225169,-83.06742317,45073.0,109.37067860106102,0.0,87,81,0,0,81,76,78374,6,0,0,6,5
2020-06-15,US,South Carolina,Orangeburg,394,6,0,33.4391073,-80.79886287,45075.0,457.20916739193495,1.5228426395939083,388,359,6,0,353,330,86934,35,0,0,35,29
2020-06-15,US,South Carolina,Pickens,303,4,0,34.88807695,-82.72791551,45077.0,238.8007944264052,1.32013201320132,299,296,4,0,292,281,124937,7,0,0,7,15
2020-06-15,US,South Carolina,Richland,2257,72,0,34.01791263,-80.90267209,45079.0,542.8625718264668,3.1900753212228623,2185,2215,72,0,2143,2140,414576,42,0,0,42,75
2020-06-15,US,South Carolina,Saluda,166,1,0,34.00795823,-81.72713237,45081.0,810.8240121135153,0.6024096385542169,165,164,1,0,163,158,20544,2,0,0,2,6
2020-06-15,US,South Carolina,Spartanburg,992,37,0,34.92960077,-81.99225984,45083.0,310.20842128304963,3.72983870967742,955,959,37,0,922,938,313888,33,0,0,33,21
2020-06-15,US,South Carolina,Sumter,633,19,0,33.91826534,-80.37942316,45085.0,593.1353716700555,3.001579778830964,614,626,19,0,607,594,106512,7,0,0,7,32
2020-06-15,US,South Carolina,Union,47,0,0,34.68835752,-81.61730349,45087.0,172.06033094157272,0.0,47,46,0,0,46,45,27410,1,0,0,1,1
2020-06-15,US,South Carolina,Williamsburg,289,15,0,33.62190129,-79.72767442,45089.0,951.6596417281347,5.190311418685121,274,286,15,0,271,282,30606,3,0,0,3,4
2020-06-15,US,South Carolina,York,651,10,0,34.97281497,-81.18085944,45091.0,231.6899127692817,1.5360983102918586,641,635,10,0,625,613,274118,16,0,0,16,22
2020-06-15,US,South Dakota,Aurora,33,0,0,43.71757685,-98.56050467,46003.0,1199.5637949836425,0.0,33,33,0,0,33,33,2801,0,0,0,0,0
2020-06-15,US,South Dakota,Beadle,448,6,0,44.41464384,-98.27858469,46005.0,2427.789519319352,1.3392857142857142,442,446,6,0,440,434,18883,2,0,0,2,12
2020-06-15,US,South Dakota,Bennett,1,0,0,43.19486375,-101.6665572,46007.0,29.71768202080238,0.0,1,,,,,,3468,,,,,
2020-06-15,US,South Dakota,Bon Homme,9,0,0,42.98914167,-97.88592746,46009.0,130.4158817562672,0.0,9,9,0,0,9,8,6980,0,0,0,0,1
2020-06-15,US,South Dakota,Brookings,36,0,0,44.36974375,-96.79079945,46011.0,102.63135387860993,0.0,36,34,0,0,34,26,35232,2,0,0,2,8
2020-06-15,US,South Dakota,Brown,313,2,0,45.58994323,-98.35165355,46013.0,805.8909858647237,0.6389776357827476,311,311,2,0,309,310,39316,2,0,0,2,1
2020-06-15,US,South Dakota,Brule,10,0,0,43.71756379,-99.08118954,46015.0,188.78610534264683,0.0,10,10,0,0,10,9,5229,0,0,0,0,1
2020-06-15,US,South Dakota,Buffalo,53,0,0,44.07657829,-99.20814467,46017.0,2701.3251783893984,0.0,53,52,0,0,52,47,2036,1,0,0,1,5
2020-06-15,US,South Dakota,Charles Mix,32,0,0,43.20660134,-98.58856175,46023.0,344.38226431338785,0.0,32,32,0,0,32,30,9338,0,0,0,0,2
2020-06-15,US,South Dakota,Clark,11,0,0,44.85834507,-97.72925109,46025.0,294.4325481798715,0.0,11,9,0,0,9,9,3739,2,0,0,2,0
2020-06-15,US,South Dakota,Clay,66,0,0,42.91296147,-96.97656917,46027.0,469.08315565031984,0.0,66,65,0,0,65,65,14041,1,0,0,1,0
2020-06-15,US,South Dakota,Codington,46,0,0,44.97788119,-97.18827677,46029.0,164.23292513120782,0.0,46,46,0,0,46,45,28015,0,0,0,0,1
2020-06-15,US,South Dakota,Corson,11,0,0,45.70889983,-101.1970473,46031.0,269.21194322075377,0.0,11,11,0,0,11,10,4165,0,0,0,0,1
2020-06-15,US,South Dakota,Custer,2,0,0,43.67741105,-103.45345209999999,46033.0,22.29157378510923,0.0,2,2,0,0,2,2,8726,0,0,0,0,0
2020-06-15,US,South Dakota,Davison,33,0,0,43.67490933,-98.14458906,46035.0,166.87737041719342,0.0,33,32,0,0,32,32,19790,1,0,0,1,0
2020-06-15,US,South Dakota,Day,13,0,0,45.367281,-97.60737498,46037.0,239.6755162241888,0.0,13,13,0,0,13,13,5505,0,0,0,0,0
2020-06-15,US,South Dakota,Deuel,1,0,0,44.75994309,-96.66943645,46039.0,22.983222247759137,0.0,1,1,0,0,1,1,4337,0,0,0,0,0
2020-06-15,US,South Dakota,Dewey,2,0,0,45.15639647,-100.8709139,46041.0,33.944331296673454,0.0,2,2,0,0,2,2,5904,0,0,0,0,0
2020-06-15,US,South Dakota,Douglas,4,0,0,43.38520741,-98.36978007,46043.0,136.93940431359124,0.0,4,4,0,0,4,4,2935,0,0,0,0,0
2020-06-15,US,South Dakota,Edmunds,4,0,0,45.41846445,-99.21545423,46045.0,104.46591799425435,0.0,4,4,0,0,4,4,3875,0,0,0,0,0
2020-06-15,US,South Dakota,Fall River,6,0,0,43.23929297,-103.5275691,46047.0,89.37881722031878,0.0,6,6,0,0,6,6,6758,0,0,0,0,0
2020-06-15,US,South Dakota,Faulk,20,0,0,45.07082625,-99.14535601,46049.0,869.9434536755111,0.0,20,20,0,0,20,19,2330,0,0,0,0,1
2020-06-15,US,South Dakota,Grant,13,0,0,45.1723937,-96.77002276,46051.0,184.344866704481,0.0,13,13,0,0,13,13,7147,0,0,0,0,0
2020-06-15,US,South Dakota,Gregory,1,0,0,43.19419064,-99.18883902,46053.0,23.894862604540023,0.0,1,1,0,0,1,1,4212,0,0,0,0,0
2020-06-15,US,South Dakota,Hamlin,11,0,0,44.67385954,-97.18829593,46057.0,178.45554834523037,0.0,11,11,0,0,11,10,6111,0,0,0,0,1
2020-06-15,US,South Dakota,Hand,6,0,0,44.54708407,-99.00386459,46059.0,188.02883108743345,0.0,6,6,0,0,6,6,3262,0,0,0,0,0
2020-06-15,US,South Dakota,Hanson,3,0,0,43.6746384,-97.78715148,46061.0,86.88097306689835,0.0,3,3,0,0,3,3,3376,0,0,0,0,0
2020-06-15,US,South Dakota,Hughes,22,0,0,44.39091534,-99.99661148,46065.0,125.52778728745865,0.0,22,22,0,0,22,21,17650,0,0,0,0,1
2020-06-15,US,South Dakota,Hutchinson,9,0,0,43.33449012,-97.75536441,46067.0,123.43985735838707,0.0,9,8,0,0,8,8,7380,1,0,0,1,0
2020-06-15,US,South Dakota,Hyde,3,0,0,44.54747703,-99.48572582,46069.0,230.59185242121444,0.0,3,3,0,0,3,3,1282,0,0,0,0,0
2020-06-15,US,South Dakota,Jackson,5,0,0,43.69318385,-101.6255063,46071.0,149.52153110047848,0.0,5,5,0,0,5,5,3307,0,0,0,0,0
2020-06-15,US,South Dakota,Jerauld,40,1,0,44.06637798,-98.62965972,46073.0,1987.083954297069,2.5,39,40,1,0,39,40,2043,0,0,0,0,0
2020-06-15,US,South Dakota,Kingsbury,5,0,0,44.36956169,-97.4913945,46077.0,101.23506782749544,0.0,5,5,0,0,5,5,4919,0,0,0,0,0
2020-06-15,US,South Dakota,Lake,15,1,0,44.02193107,-97.12926365,46079.0,117.21497225912323,6.666666666666668,14,14,1,0,13,14,13057,1,0,0,1,0
2020-06-15,US,South Dakota,Lawrence,12,0,0,44.35919441,-103.79294279999999,46081.0,46.43244079863797,0.0,12,12,0,0,12,12,25741,0,0,0,0,0
2020-06-15,US,South Dakota,Lincoln,270,0,0,43.27841182,-96.72039050000001,46083.0,441.69611307420496,0.0,270,267,0,0,267,265,58807,3,0,0,3,2
2020-06-15,US,South Dakota,Lyman,33,0,0,43.89522709,-99.85201878,46085.0,872.7849775191748,0.0,33,33,0,0,33,33,3821,0,0,0,0,0
2020-06-15,US,South Dakota,Marshall,4,0,0,45.75870838,-97.59855639,46091.0,81.05369807497469,0.0,4,4,0,0,4,4,5112,0,0,0,0,0
2020-06-15,US,South Dakota,McCook,8,1,0,43.6742571,-97.36863144,46087.0,143.21518080916576,12.5,7,8,1,0,7,8,5546,0,0,0,0,0
2020-06-15,US,South Dakota,McPherson,3,0,0,45.76626028,-99.22118798,46089.0,126.10340479192938,0.0,3,3,0,0,3,3,2407,0,0,0,0,0
2020-06-15,US,South Dakota,Meade,37,1,0,44.56676791,-102.71627409999999,46093.0,130.5943809120429,2.702702702702702,36,36,1,0,35,33,28294,1,0,0,1,3
2020-06-15,US,South Dakota,Mellette,1,0,0,43.58078848,-100.7563186,46095.0,48.5201358563804,0.0,1,1,0,0,1,1,2042,0,0,0,0,0
2020-06-15,US,South Dakota,Miner,3,0,0,44.02197882,-97.60992207,46097.0,135.37906137184117,0.0,3,3,0,0,3,3,2213,0,0,0,0,0
2020-06-15,US,South Dakota,Minnehaha,3485,53,0,43.67441641,-96.7910885,46099.0,1804.446653618731,1.5208034433285509,3432,3479,53,0,3426,3467,192876,6,0,0,6,12
2020-06-15,US,South Dakota,Moody,20,0,0,44.02266214,-96.67081159,46101.0,304.1362530413625,0.0,20,20,0,0,20,20,6579,0,0,0,0,0
2020-06-15,US,South Dakota,Oglala Lakota,46,0,0,43.33749164,-102.55554980000001,46102.0,324.4692106933766,0.0,46,46,0,0,46,45,14309,0,0,0,0,1
2020-06-15,US,South Dakota,Pennington,392,8,0,44.0025835,-102.8240777,46103.0,344.5396616128324,2.0408163265306123,384,386,8,0,378,378,111729,6,0,0,6,8
2020-06-15,US,South Dakota,Roberts,40,0,0,45.62975048,-96.94672673,46109.0,384.83740619588224,0.0,40,40,0,0,40,40,10447,0,0,0,0,0
2020-06-15,US,South Dakota,Sanborn,13,0,0,44.02351092,-98.09098159999999,46111.0,554.6075085324234,0.0,13,13,0,0,13,13,2429,0,0,0,0,0
2020-06-15,US,South Dakota,Spink,5,0,0,44.93837606,-98.34626602,46115.0,78.41907151819322,0.0,5,5,0,0,5,5,6495,0,0,0,0,0
2020-06-15,US,South Dakota,Stanley,11,0,0,44.41381872,-100.7349153,46117.0,355.0677856681731,0.0,11,11,0,0,11,11,3022,0,0,0,0,0
2020-06-15,US,South Dakota,Sully,1,0,0,44.71571812,-100.1278092,46119.0,71.89072609633357,0.0,1,1,0,0,1,1,1392,0,0,0,0,0
2020-06-15,US,South Dakota,Todd,47,1,0,43.19338568,-100.71955030000001,46121.0,461.8256853689692,2.127659574468085,46,47,1,0,46,47,10283,0,0,0,0,0
2020-06-15,US,South Dakota,Tripp,7,0,0,43.34459388,-99.8854891,46123.0,128.65282117257857,0.0,7,7,0,0,7,7,5478,0,0,0,0,0
2020-06-15,US,South Dakota,Turner,25,0,0,43.3109081,-97.14865776,46125.0,298.18702290076334,0.0,25,25,0,0,25,25,8424,0,0,0,0,0
2020-06-15,US,South Dakota,Union,113,1,0,42.83112163,-96.6557828,46127.0,709.264373587748,0.8849557522123894,112,113,1,0,112,109,15619,0,0,0,0,4
2020-06-15,US,South Dakota,Walworth,5,0,0,45.43019636,-100.03075140000001,46129.0,91.99632014719411,0.0,5,5,0,0,5,5,5587,0,0,0,0,0
2020-06-15,US,South Dakota,Yankton,58,0,0,43.00924485,-97.39467635,46135.0,254.22985885859558,0.0,58,58,0,0,58,58,22869,0,0,0,0,0
2020-06-15,US,South Dakota,Ziebach,2,0,0,44.97881876,-101.6654622,46137.0,72.5689404934688,0.0,2,2,0,0,2,2,2742,0,0,0,0,0
2020-06-15,US,Tennessee,Anderson,60,2,0,36.12684348,-84.19965764,47001.0,77.9443477357167,3.333333333333333,58,60,2,0,58,60,76482,0,0,0,0,0
2020-06-15,US,Tennessee,Bedford,379,4,0,35.51123746,-86.45549096,47003.0,762.3760384607648,1.0554089709762533,375,379,4,0,375,379,49038,0,0,0,0,0
2020-06-15,US,Tennessee,Benton,8,1,0,36.07110411,-88.06849355,47005.0,49.504950495049506,12.5,7,8,1,0,7,8,16184,0,0,0,0,0
2020-06-15,US,Tennessee,Bledsoe,614,1,0,35.59942968,-85.20611967,47007.0,4075.942644715879,0.16286644951140064,613,614,1,0,613,614,14755,0,0,0,0,0
2020-06-15,US,Tennessee,Blount,106,3,0,35.68938198,-83.92847788,47009.0,79.6465496513585,2.830188679245283,103,104,3,0,101,104,131349,2,0,0,2,0
2020-06-15,US,Tennessee,Bradley,288,2,0,35.15739424,-84.857186,47011.0,266.3953380815836,0.6944444444444444,286,281,2,0,279,272,106727,7,0,0,7,9
2020-06-15,US,Tennessee,Campbell,24,1,0,36.40355516,-84.15108559999999,47013.0,60.23793986245671,4.166666666666667,23,24,1,0,23,24,39583,0,0,0,0,0
2020-06-15,US,Tennessee,Cannon,34,0,0,35.80990797,-86.05738983,47015.0,231.6391879002589,0.0,34,34,0,0,34,34,14462,0,0,0,0,0
2020-06-15,US,Tennessee,Carroll,36,1,0,35.97366108,-88.45189331,47017.0,129.6503043180754,2.7777777777777777,35,36,1,0,35,35,28020,0,0,0,0,1
2020-06-15,US,Tennessee,Carter,20,1,0,36.28969086,-82.12588974,47019.0,35.46665248000568,5.0,19,20,1,0,19,20,56351,0,0,0,0,0
2020-06-15,US,Tennessee,Cheatham,155,0,0,36.26136216,-87.08903581,47021.0,381.1444168490422,0.0,155,153,0,0,153,153,40439,2,0,0,2,0
2020-06-15,US,Tennessee,Chester,12,0,0,35.42527478,-88.6095842,47023.0,69.37619240330693,0.0,12,12,0,0,12,12,17276,0,0,0,0,0
2020-06-15,US,Tennessee,Claiborne,15,0,0,36.48319149,-83.65947309,47025.0,46.93513564254201,0.0,15,15,0,0,15,15,31756,0,0,0,0,0
2020-06-15,US,Tennessee,Clay,11,0,0,36.55151008,-85.53930419,47027.0,144.45173998686803,0.0,11,11,0,0,11,10,7717,0,0,0,0,1
2020-06-15,US,Tennessee,Cocke,26,0,0,35.9278914,-83.11828725,47029.0,72.21419842239752,0.0,26,26,0,0,26,26,35774,0,0,0,0,0
2020-06-15,US,Tennessee,Coffee,94,0,0,35.49090731,-86.07311784,47031.0,166.31280962491152,0.0,94,94,0,0,94,94,55700,0,0,0,0,0
2020-06-15,US,Tennessee,Crockett,18,3,0,35.81830662,-89.14916269,47033.0,126.49332396345748,16.666666666666668,15,18,3,0,15,18,14328,0,0,0,0,0
2020-06-15,US,Tennessee,Cumberland,133,2,0,35.95271721,-84.99840585,47035.0,219.76206212822208,1.5037593984962403,131,131,2,0,129,131,59673,2,0,0,2,0
2020-06-15,US,Tennessee,Davidson,6818,88,0,36.17007426,-86.78646056,47037.0,982.2169463396643,1.2907010853622762,6730,6682,84,0,6598,6435,692587,136,4,0,132,247
2020-06-15,US,Tennessee,DeKalb,41,0,0,35.97616272,-85.83689361,47041.0,200.0976085895559,0.0,41,41,0,0,41,41,20138,0,0,0,0,0
2020-06-15,US,Tennessee,Decatur,14,0,0,35.60048904,-88.11043779,47039.0,120.03772614250192,0.0,14,14,0,0,14,14,11706,0,0,0,0,0
2020-06-15,US,Tennessee,Dickson,138,0,0,36.14669837,-87.35891709,47043.0,255.80188329502482,0.0,138,135,0,0,135,133,53446,3,0,0,3,2
2020-06-15,US,Tennessee,Dyer,99,0,0,36.05931946,-89.41542855,47045.0,266.42267014720534,0.0,99,91,0,0,91,86,37320,8,0,0,8,5
2020-06-15,US,Tennessee,Fayette,177,2,0,35.19615831,-89.41399032,47047.0,430.31142877981176,1.1299435028248588,175,172,2,0,170,169,40507,5,0,0,5,3
2020-06-15,US,Tennessee,Fentress,14,0,0,36.38128818,-84.92870012,47049.0,75.58170922636721,0.0,14,14,0,0,14,14,18217,0,0,0,0,0
2020-06-15,US,Tennessee,Franklin,63,2,0,35.15634626,-86.09201039,47051.0,149.26080363912055,3.1746031746031744,61,62,2,0,60,62,41890,1,0,0,1,0
2020-06-15,US,Tennessee,Gibson,69,1,0,35.99438059,-88.93358327,47053.0,140.43514542161074,1.4492753623188406,68,68,1,0,67,68,49045,1,0,0,1,0
2020-06-15,US,Tennessee,Giles,23,0,0,35.20222469,-87.03992678,47055.0,78.06136301927776,0.0,23,22,0,0,22,22,29503,1,0,0,1,0
2020-06-15,US,Tennessee,Grainger,20,0,0,36.27469206,-83.51254721,47057.0,85.76329331046313,0.0,20,19,0,0,19,19,23145,1,0,0,1,0
2020-06-15,US,Tennessee,Greene,53,2,0,36.17470125,-82.84691273,47059.0,76.734859343555,3.7735849056603774,51,53,2,0,51,53,69087,0,0,0,0,0
2020-06-15,US,Tennessee,Grundy,36,1,0,35.38433717,-85.72142731,47061.0,268.1164817159455,2.7777777777777777,35,33,1,0,32,32,13346,3,0,0,3,1
2020-06-15,US,Tennessee,Hamblen,75,3,0,36.21990035,-83.26586179,47063.0,115.5018942310654,4.0,72,75,3,0,72,75,64569,0,0,0,0,0
2020-06-15,US,Tennessee,Hamilton,1731,20,0,35.17670231,-85.16652245,47065.0,470.63109699731376,1.1554015020219526,1711,1628,20,0,1608,1536,364286,103,0,0,103,92
2020-06-15,US,Tennessee,Hancock,1,0,0,36.52692871,-83.22375847,47067.0,15.105740181268883,0.0,1,1,0,0,1,1,6549,0,0,0,0,0
2020-06-15,US,Tennessee,Hardeman,220,0,0,35.20772017,-88.99161161,47069.0,878.2435129740518,0.0,220,217,0,0,217,215,25220,3,0,0,3,2
2020-06-15,US,Tennessee,Hardin,37,4,0,35.19732531,-88.18593755,47071.0,144.2382660221425,10.810810810810812,33,33,4,0,29,31,25776,4,0,0,4,2
2020-06-15,US,Tennessee,Hawkins,34,2,0,36.44355426,-82.94885298,47073.0,59.87391258408763,5.882352941176472,32,34,2,0,32,34,56530,0,0,0,0,0
2020-06-15,US,Tennessee,Haywood,37,2,0,35.58332824,-89.28536625,47075.0,213.82339343504398,5.405405405405406,35,37,2,0,35,36,17335,0,0,0,0,1
2020-06-15,US,Tennessee,Henderson,19,0,0,35.65581134,-88.38600175,47077.0,67.57477682540812,0.0,19,18,0,0,18,18,27847,1,0,0,1,0
2020-06-15,US,Tennessee,Henry,35,0,0,36.33160906,-88.30121797,47079.0,108.20837842015769,0.0,35,35,0,0,35,34,32358,0,0,0,0,1
2020-06-15,US,Tennessee,Hickman,62,0,0,35.80609681,-87.47643507,47081.0,246.2467233298912,0.0,62,61,0,0,61,61,25063,1,0,0,1,0
2020-06-15,US,Tennessee,Houston,10,0,0,36.28872054,-87.71878828,47083.0,121.93634922570419,0.0,10,10,0,0,10,10,8263,0,0,0,0,0
2020-06-15,US,Tennessee,Humphreys,18,1,0,36.03958805,-87.77992872,47085.0,96.867936712948,5.5555555555555545,17,18,1,0,17,18,18486,0,0,0,0,0
2020-06-15,US,Tennessee,Jackson,20,0,0,36.36380466,-85.67239905,47087.0,169.6928559307653,0.0,20,20,0,0,20,20,11758,0,0,0,0,0
2020-06-15,US,Tennessee,Jefferson,45,0,0,36.04818632,-83.45148924,47089.0,82.57638315441784,0.0,45,45,0,0,45,43,54012,0,0,0,0,2
2020-06-15,US,Tennessee,Johnson,25,0,0,36.45523950000001,-81.84886538,47091.0,140.54418709242185,0.0,25,24,0,0,24,24,17778,1,0,0,1,0
2020-06-15,US,Tennessee,Knox,560,5,0,35.99508821,-83.94635435,47093.0,119.06964085619578,0.8928571428571429,555,553,5,0,548,539,465289,7,0,0,7,14
2020-06-15,US,Tennessee,Lake,691,0,0,36.34180170000001,-89.48921915,47095.0,9848.916761687571,0.0,691,691,0,0,691,691,7411,0,0,0,0,0
2020-06-15,US,Tennessee,Lauderdale,65,1,0,35.75893438,-89.63015909999999,47097.0,253.57937034291731,1.5384615384615383,64,63,1,0,62,61,25825,2,0,0,2,2
2020-06-15,US,Tennessee,Lawrence,65,1,0,35.21675201,-87.39787695,47099.0,147.25205020162204,1.5384615384615383,64,64,1,0,63,60,43734,1,0,0,1,4
2020-06-15,US,Tennessee,Lewis,6,0,0,35.52853208,-87.49022694,47101.0,48.90772742093251,0.0,6,6,0,0,6,5,12086,0,0,0,0,1
2020-06-15,US,Tennessee,Lincoln,47,0,0,35.13738622,-86.58910106,47103.0,136.7630797881627,0.0,47,47,0,0,47,44,34117,0,0,0,0,3
2020-06-15,US,Tennessee,Loudon,199,1,0,35.73939663,-84.31145275,47105.0,368.05504179921576,0.5025125628140703,198,198,1,0,197,196,53054,1,0,0,1,2
2020-06-15,US,Tennessee,Macon,207,3,0,36.53157855,-86.00778595,47111.0,841.3950085358914,1.4492753623188406,204,204,3,0,201,190,24265,3,0,0,3,14
2020-06-15,US,Tennessee,Madison,184,2,0,35.61181957,-88.84076036,47113.0,187.7857609405617,1.0869565217391304,182,184,2,0,182,182,97605,0,0,0,0,2
2020-06-15,US,Tennessee,Marion,49,2,0,35.12997174,-85.62265895,47115.0,169.50911543916698,4.081632653061225,47,49,2,0,47,49,28575,0,0,0,0,0
2020-06-15,US,Tennessee,Marshall,41,1,0,35.45798777,-86.76420988,47117.0,119.27272727272728,2.4390243902439024,40,41,1,0,40,40,33683,0,0,0,0,1
2020-06-15,US,Tennessee,Maury,163,1,0,35.618741299999996,-87.07462444,47119.0,169.10994221212403,0.6134969325153374,162,152,1,0,151,149,94340,11,0,0,11,3
2020-06-15,US,Tennessee,McMinn,168,14,0,35.42812616,-84.61520715,47107.0,312.30248726623785,8.333333333333334,154,165,14,0,151,165,53285,3,0,0,3,0
2020-06-15,US,Tennessee,McNairy,31,0,0,35.17468549,-88.5647812,47109.0,120.65073558029111,0.0,31,27,0,0,27,27,25832,4,0,0,4,0
2020-06-15,US,Tennessee,Meigs,29,0,0,35.51558739,-84.81482914,47121.0,233.45677024633721,0.0,29,29,0,0,29,29,12306,0,0,0,0,0
2020-06-15,US,Tennessee,Monroe,86,4,0,35.44550387,-84.24902965,47123.0,184.76742936942745,4.651162790697675,82,86,4,0,82,86,46357,0,0,0,0,0
2020-06-15,US,Tennessee,Montgomery,339,5,0,36.49609412,-87.38550661,47125.0,162.20638968769288,1.4749262536873156,334,332,5,0,327,324,205950,7,0,0,7,8
2020-06-15,US,Tennessee,Moore,5,0,0,35.27724699,-86.36230578,47127.0,77.06535141800245,0.0,5,5,0,0,5,5,6411,0,0,0,0,0
2020-06-15,US,Tennessee,Morgan,20,0,0,36.13248031,-84.64880098,47129.0,93.44484418072231,0.0,20,19,0,0,19,19,21579,1,0,0,1,0
2020-06-15,US,Tennessee,Obion,63,1,0,36.35732446,-89.14921589,47131.0,209.5181083507932,1.5873015873015872,62,61,1,0,60,56,30267,2,0,0,2,5
2020-06-15,US,Tennessee,Out of TN,463,7,0,0.0,0.0,80047.0,0.0,1.5118790496760257,456,463,7,0,456,463,,0,0,0,0,0
2020-06-15,US,Tennessee,Overton,38,0,0,36.34117832,-85.28989535,47133.0,170.85562699518906,0.0,38,37,0,0,37,37,22068,1,0,0,1,0
2020-06-15,US,Tennessee,Perry,27,0,0,35.63708728,-87.86139634,47135.0,334.32392273402667,0.0,27,27,0,0,27,27,8064,0,0,0,0,0
2020-06-15,US,Tennessee,Pickett,4,0,0,36.55606529,-85.07763299999998,47137.0,79.23930269413628,0.0,4,4,0,0,4,4,5082,0,0,0,0,0
2020-06-15,US,Tennessee,Polk,29,0,0,35.12245443,-84.52075859,47139.0,172.29087452471484,0.0,29,29,0,0,29,29,16898,0,0,0,0,0
2020-06-15,US,Tennessee,Putnam,610,6,0,36.14005459,-85.50646123,47141.0,760.1719733316718,0.9836065573770492,604,601,6,0,595,588,78843,9,0,0,9,13
2020-06-15,US,Tennessee,Rhea,239,0,0,35.60536161,-84.93076643,47143.0,720.595772906805,0.0,239,232,0,0,232,228,33044,7,0,0,7,4
2020-06-15,US,Tennessee,Roane,33,0,0,35.84923189,-84.52458689,47145.0,61.818590536135765,0.0,33,33,0,0,33,33,53140,0,0,0,0,0
2020-06-15,US,Tennessee,Robertson,649,9,0,36.52454807,-86.87346725,47147.0,903.7360923509669,1.386748844375963,640,633,9,0,624,609,71012,16,0,0,16,24
2020-06-15,US,Tennessee,Rutherford,1775,30,0,35.84591405,-86.4107263,47149.0,534.1799960876958,1.6901408450704225,1745,1719,30,0,1689,1675,324890,56,0,0,56,44
2020-06-15,US,Tennessee,Scott,14,0,0,36.42325673,-84.50360494,47151.0,63.44027551205365,0.0,14,14,0,0,14,14,22039,0,0,0,0,0
2020-06-15,US,Tennessee,Sequatchie,22,0,0,35.36979721,-85.41022136,47153.0,146.41288433382138,0.0,22,22,0,0,22,22,14876,0,0,0,0,0
2020-06-15,US,Tennessee,Sevier,248,2,0,35.78077323,-83.52244332,47155.0,252.41730279898215,0.8064516129032258,246,233,2,0,231,229,97892,15,0,0,15,4
2020-06-15,US,Tennessee,Shelby,6954,153,0,35.1864775,-89.89692423,47157.0,742.0243585448043,2.200172562553926,6801,6773,151,0,6622,6537,935764,181,2,0,179,236
2020-06-15,US,Tennessee,Smith,41,1,0,36.25359775,-85.95411046,47159.0,203.40328421888177,2.4390243902439024,40,40,1,0,39,40,19942,1,0,0,1,0
2020-06-15,US,Tennessee,Stewart,16,0,0,36.50235092,-87.83920548,47161.0,116.66059059423988,0.0,16,16,0,0,16,14,13561,0,0,0,0,2
2020-06-15,US,Tennessee,Sullivan,70,2,0,36.51240691,-82.30412917,47163.0,44.20643140424887,2.8571428571428568,68,70,2,0,68,70,157668,0,0,0,0,0
2020-06-15,US,Tennessee,Sumner,1105,48,0,36.46824103,-86.45917204,47165.0,577.6780999879759,4.343891402714932,1057,1088,48,0,1040,1075,187149,17,0,0,17,13
2020-06-15,US,Tennessee,Tipton,520,3,0,35.501942,-89.73694895,47167.0,844.1695482069514,0.5769230769230769,517,510,3,0,507,501,61581,10,0,0,10,9
2020-06-15,US,Tennessee,Trousdale,1458,4,0,36.39026213,-86.16087954,47169.0,12920.950017724212,0.27434842249657065,1454,1458,4,0,1454,1458,11012,0,0,0,0,0
2020-06-15,US,Tennessee,Unassigned,152,0,0,0.0,0.0,90047.0,0.0,0.0,152,152,0,0,152,152,,0,0,0,0,0
2020-06-15,US,Tennessee,Unicoi,53,0,0,36.10890856,-82.43709629,47171.0,296.3708550019572,0.0,53,53,0,0,53,53,17761,0,0,0,0,0
2020-06-15,US,Tennessee,Union,8,0,0,36.28590426,-83.83651902,47173.0,40.05607850991388,0.0,8,8,0,0,8,8,19688,0,0,0,0,0
2020-06-15,US,Tennessee,Van Buren,5,0,0,35.69864497,-85.45221699,47175.0,85.14986376021798,0.0,5,4,0,0,4,4,5765,1,0,0,1,0
2020-06-15,US,Tennessee,Warren,33,0,0,35.672829899999996,-85.77969117,47177.0,79.94767061559706,0.0,33,33,0,0,33,32,40878,0,0,0,0,1
2020-06-15,US,Tennessee,Washington,90,0,0,36.29472368,-82.49454720000001,47179.0,69.56521739130434,0.0,90,90,0,0,90,90,128607,0,0,0,0,0
2020-06-15,US,Tennessee,Wayne,64,0,0,35.23868267,-87.78644456,47181.0,383.85413542853723,0.0,64,64,0,0,64,64,16558,0,0,0,0,0
2020-06-15,US,Tennessee,Weakley,30,0,0,36.29896232,-88.71990865,47183.0,90.0144023043687,0.0,30,30,0,0,30,30,33415,0,0,0,0,0
2020-06-15,US,Tennessee,White,48,2,0,35.92929884,-85.45591799,47185.0,175.53483269336257,4.166666666666667,46,48,1,0,47,46,27107,0,1,0,-1,2
2020-06-15,US,Tennessee,Williamson,703,12,0,35.89099229,-86.89281867,47187.0,294.86770800127516,1.7069701280227596,691,686,12,0,674,675,231729,17,0,0,17,11
2020-06-15,US,Tennessee,Wilson,518,13,0,36.15496772,-86.29775884,47189.0,358.0884436978508,2.509652509652509,505,515,12,0,503,512,140625,3,1,0,2,3
2020-06-15,US,Texas,Anderson,102,0,0,31.81534745,-95.65354823,48001.0,176.6692647440894,0.0,102,102,0,0,102,102,58057,0,0,0,0,0
2020-06-15,US,Texas,Andrews,28,0,0,32.30468633,-102.63765479999999,48003.0,149.69259556268378,0.0,28,28,0,0,28,28,18128,0,0,0,0,0
2020-06-15,US,Texas,Angelina,309,5,0,31.25457347,-94.60901487,48005.0,356.3397336101021,1.6181229773462784,304,309,5,0,304,309,87092,0,0,0,0,0
2020-06-15,US,Texas,Aransas,6,0,0,28.10556197,-96.9995047,48007.0,25.521054870267967,0.0,6,6,0,0,6,6,23792,0,0,0,0,0
2020-06-15,US,Texas,Archer,3,0,0,33.61569967,-98.68754589,48009.0,35.0754121360926,0.0,3,3,0,0,3,3,8786,0,0,0,0,0
2020-06-15,US,Texas,Armstrong,2,0,0,34.96507426,-101.35748740000001,48011.0,105.98834128245892,0.0,2,2,0,0,2,2,1892,0,0,0,0,0
2020-06-15,US,Texas,Atascosa,42,2,0,28.89333001,-98.52730485,48013.0,82.106621312533,4.761904761904762,40,42,2,0,40,42,50310,0,0,0,0,0
2020-06-15,US,Texas,Austin,34,0,0,29.88548725,-96.27736949,48015.0,113.21257325519446,0.0,34,34,0,0,34,34,29989,0,0,0,0,0
2020-06-15,US,Texas,Bailey,34,0,0,34.06854817,-102.8299707,48017.0,485.71428571428567,0.0,34,34,0,0,34,34,7027,0,0,0,0,0
2020-06-15,US,Texas,Bandera,7,0,0,29.74619598,-99.24598147,48019.0,30.28729664243683,0.0,7,7,0,0,7,7,22824,0,0,0,0,0
2020-06-15,US,Texas,Bastrop,295,4,0,30.10370699,-97.31206354,48021.0,332.4955197637591,1.3559322033898304,291,295,4,0,291,293,86976,0,0,0,0,2
2020-06-15,US,Texas,Baylor,1,0,0,33.61640794,-99.21352901,48023.0,28.498147620404676,0.0,1,1,0,0,1,1,3582,0,0,0,0,0
2020-06-15,US,Texas,Bee,31,0,0,28.41761668,-97.74215593,48025.0,95.19422693075389,0.0,31,31,0,0,31,31,32587,0,0,0,0,0
2020-06-15,US,Texas,Bell,629,6,0,31.03736027,-97.4785025,48027.0,173.31452315085255,0.9538950715421304,623,629,6,0,623,605,355642,0,0,0,0,24
2020-06-15,US,Texas,Bexar,4393,88,0,29.44928723,-98.52019748,48029.0,219.26037431484247,2.003186888231277,4305,4242,88,0,4154,4012,1986049,151,0,0,151,230
2020-06-15,US,Texas,Blanco,11,1,0,30.26640707,-98.3999852,48031.0,92.19679825664237,9.090909090909092,10,11,1,0,10,11,11702,0,0,0,0,0
2020-06-15,US,Texas,Bosque,7,0,0,31.89978581,-97.63613524,48035.0,37.46320578003746,0.0,7,7,0,0,7,7,18691,0,0,0,0,0
2020-06-15,US,Texas,Bowie,372,7,0,33.44626922,-94.41834132,48037.0,398.94900530859564,1.8817204301075268,365,373,7,0,366,370,94324,-1,0,0,-1,3
2020-06-15,US,Texas,Brazoria,864,13,0,29.18757369,-95.44563172,48039.0,230.85308766004746,1.5046296296296295,851,850,12,0,838,813,370200,14,1,0,13,37
2020-06-15,US,Texas,Brazos,803,25,0,30.663644800000004,-96.30205577,48041.0,350.33222663833766,3.1133250311332503,778,781,25,0,756,721,226758,22,0,0,22,60
2020-06-15,US,Texas,Brewster,11,0,0,29.81008251,-103.25203259999999,48043.0,119.52624144300772,0.0,11,7,0,0,7,4,9267,4,0,0,4,3
2020-06-15,US,Texas,Briscoe,1,0,0,34.53026962,-101.2084947,48045.0,64.68305304010349,0.0,1,1,0,0,1,1,1516,0,0,0,0,0
2020-06-15,US,Texas,Brooks,2,0,0,27.03103197,-98.21808402,48047.0,28.196813760045114,0.0,2,2,0,0,2,1,7114,0,0,0,0,1
2020-06-15,US,Texas,Brown,60,10,0,31.77430356,-98.99907113,48049.0,158.4618635115149,16.666666666666668,50,60,10,0,50,60,37924,0,0,0,0,0
2020-06-15,US,Texas,Burleson,41,0,0,30.49273808,-96.62158484,48051.0,222.30656617686927,0.0,41,41,0,0,41,41,18389,0,0,0,0,0
2020-06-15,US,Texas,Burnet,62,1,0,30.78801353,-98.181887,48053.0,128.7509085245561,1.6129032258064515,61,62,1,0,61,61,47542,0,0,0,0,1
2020-06-15,US,Texas,Caldwell,147,0,0,29.83668859,-97.61814775,48055.0,336.6617808721143,0.0,147,147,0,0,147,95,43247,0,0,0,0,52
2020-06-15,US,Texas,Calhoun,46,3,0,28.47048236,-96.61633945,48057.0,216.06387975575387,6.521739130434782,43,46,3,0,43,46,21561,0,0,0,0,0
2020-06-15,US,Texas,Callahan,13,2,0,32.29760619,-99.37326312,48059.0,93.23674962346699,15.384615384615385,11,13,2,0,11,13,13994,0,0,0,0,0
2020-06-15,US,Texas,Cameron,1138,44,0,26.14524221,-97.48140372,48061.0,268.92710374016633,3.866432337434095,1094,1138,44,0,1094,1081,423908,0,0,0,0,57
2020-06-15,US,Texas,Camp,108,1,0,32.97195142,-94.97790104,48063.0,824.8052543149535,0.925925925925926,107,106,1,0,105,105,13033,2,0,0,2,1
2020-06-15,US,Texas,Carson,6,0,0,35.40365929,-101.35426690000001,48065.0,101.24873439082012,0.0,6,6,0,0,6,6,6005,0,0,0,0,0
2020-06-15,US,Texas,Cass,34,2,0,33.07499881,-94.34646905,48067.0,113.23519616332511,5.882352941176472,32,34,2,0,32,34,30119,0,0,0,0,0
2020-06-15,US,Texas,Castro,42,1,0,34.53016752,-102.2617243,48069.0,557.7689243027888,2.380952380952381,41,42,1,0,41,42,7665,0,0,0,0,0
2020-06-15,US,Texas,Chambers,109,1,0,29.70972016,-94.67154501,48071.0,248.64840203481083,0.9174311926605504,108,106,1,0,105,104,42454,3,0,0,3,2
2020-06-15,US,Texas,Cherokee,54,2,0,31.837258000000002,-95.16559897,48073.0,102.5718953006876,3.703703703703704,52,54,2,0,52,54,52592,0,0,0,0,0
2020-06-15,US,Texas,Childress,6,0,0,34.529304100000004,-100.2077916,48075.0,82.12428141253764,0.0,6,6,0,0,6,6,7291,0,0,0,0,0
2020-06-15,US,Texas,Clay,5,0,0,33.78686685,-98.20771198,48077.0,47.75093114315729,0.0,5,5,0,0,5,5,10456,0,0,0,0,0
2020-06-15,US,Texas,Cochran,1,0,0,33.60425307,-102.82844990000001,48079.0,35.05082369435681,0.0,1,1,0,0,1,1,2836,0,0,0,0,0
2020-06-15,US,Texas,Coke,4,0,0,31.88911733,-100.5297533,48081.0,118.09861234130501,0.0,4,4,0,0,4,4,3370,0,0,0,0,0
2020-06-15,US,Texas,Coleman,3,0,0,31.76736834,-99.45240766,48083.0,36.697247706422026,0.0,3,3,0,0,3,3,8397,0,0,0,0,0
2020-06-15,US,Texas,Collin,1667,37,0,33.18820114,-96.57264368,48085.0,161.10482927913563,2.219556088782244,1630,1647,37,0,1610,1638,1005146,20,0,0,20,9
2020-06-15,US,Texas,Collingsworth,5,0,0,34.96489496,-100.27001109999999,48087.0,171.23287671232876,0.0,5,5,0,0,5,5,2962,0,0,0,0,0
2020-06-15,US,Texas,Colorado,34,0,0,29.622097999999998,-96.5273805,48089.0,158.19103894291163,0.0,34,33,0,0,33,33,21217,1,0,0,1,0
2020-06-15,US,Texas,Comal,159,7,0,29.80811278,-98.27647225,48091.0,101.78670883239764,4.402515723270441,152,159,7,0,152,151,148373,0,0,0,0,8
2020-06-15,US,Texas,Comanche,12,1,0,31.94854689,-98.55876441,48093.0,88.008800880088,8.333333333333334,11,12,1,0,11,12,13534,0,0,0,0,0
2020-06-15,US,Texas,Concho,1,0,0,31.32635934,-99.86473038,48095.0,36.683785766691116,0.0,1,1,0,0,1,1,4276,0,0,0,0,0
2020-06-15,US,Texas,Cooke,23,0,0,33.63979567,-97.21240912,48097.0,55.748115471313966,0.0,23,23,0,0,23,23,40574,0,0,0,0,0
2020-06-15,US,Texas,Coryell,300,2,0,31.39078397,-97.79936155,48099.0,394.9915076825848,0.6666666666666666,298,300,2,0,298,299,74808,0,0,0,0,1
2020-06-15,US,Texas,Cottle,4,1,0,34.07783319,-100.27850620000001,48101.0,286.12303290414883,25.0,3,4,1,0,3,4,1389,0,0,0,0,0
2020-06-15,US,Texas,Crane,32,5,0,31.43052248,-102.5143314,48103.0,667.0835939128623,15.625,27,32,5,0,27,32,4794,0,0,0,0,0
2020-06-15,US,Texas,Crockett,5,0,0,30.72367027,-101.4134238,48105.0,144.3418013856813,0.0,5,5,0,0,5,5,3499,0,0,0,0,0
2020-06-15,US,Texas,Crosby,4,1,0,33.61431553,-101.30003640000001,48107.0,69.72285166463307,25.0,3,4,1,0,3,4,5779,0,0,0,0,0
2020-06-15,US,Texas,Dallam,35,1,0,36.27787176,-102.60207249999999,48111.0,480.3073967339097,2.8571428571428568,34,35,1,0,34,35,7200,0,0,0,0,0
2020-06-15,US,Texas,Dallas,14537,285,0,32.76670599,-96.77796049999999,48113.0,551.5807910101855,1.9605145490816536,14252,14232,284,0,13948,13930,2637772,305,1,0,304,302
2020-06-15,US,Texas,Dawson,45,1,0,32.74255572,-101.94772420000001,48115.0,353.55122564424886,2.2222222222222223,44,45,1,0,44,45,12619,0,0,0,0,0
2020-06-15,US,Texas,DeWitt,28,1,0,29.08101855,-97.35681170000001,48123.0,138.88888888888889,3.571428571428572,27,28,1,0,27,28,20187,0,0,0,0,0
2020-06-15,US,Texas,Deaf Smith,212,14,0,34.96522957,-102.6054267,48117.0,1143.1036342068373,6.60377358490566,198,212,14,0,198,212,18760,0,0,0,0,0
2020-06-15,US,Texas,Delta,2,0,0,33.38570922,-95.66921122,48119.0,37.51641343087601,0.0,2,2,0,0,2,2,5349,0,0,0,0,0
2020-06-15,US,Texas,Denton,1736,36,0,33.20521901,-97.11691153,48121.0,195.6702325387424,2.0737327188940093,1700,1719,36,0,1683,1687,859064,17,0,0,17,32
2020-06-15,US,Texas,Dickens,2,0,0,33.61616822,-100.7788855,48125.0,90.45680687471732,0.0,2,2,0,0,2,2,2249,0,0,0,0,0
2020-06-15,US,Texas,Dimmit,1,0,0,28.42270064,-99.75645095,48127.0,9.877518767285656,0.0,1,1,0,0,1,1,10308,0,0,0,0,0
2020-06-15,US,Texas,Donley,28,0,0,34.96517499,-100.8140093,48129.0,854.1793776693106,0.0,28,28,0,0,28,28,3319,0,0,0,0,0
2020-06-15,US,Texas,Duval,5,0,0,27.68184592,-98.50864568,48131.0,44.81491440351349,0.0,5,5,0,0,5,5,11212,0,0,0,0,0
2020-06-15,US,Texas,Eastland,7,0,0,32.32743996,-98.83243566,48133.0,38.12636165577342,0.0,7,7,0,0,7,7,18322,0,0,0,0,0
2020-06-15,US,Texas,Ector,238,6,0,31.86898877,-102.54294279999999,48135.0,143.18114821655246,2.5210084033613445,232,238,6,0,232,238,162124,0,0,0,0,0
2020-06-15,US,Texas,El Paso,3911,102,0,31.76980765,-106.23632749999999,48141.0,466.01798297979826,2.6080286371771924,3809,3834,100,0,3734,3794,840758,77,2,0,75,40
2020-06-15,US,Texas,Ellis,448,19,0,32.34894117,-96.79371841,48139.0,242.39013991537988,4.241071428571429,429,448,19,0,429,448,179436,0,0,0,0,0
2020-06-15,US,Texas,Erath,36,1,0,32.23602653,-98.21773417,48143.0,84.31308257998033,2.7777777777777777,35,36,1,0,35,36,42446,0,0,0,0,0
2020-06-15,US,Texas,Falls,17,0,0,31.25350609,-96.93630086,48145.0,98.28293923801814,0.0,17,17,0,0,17,14,17335,0,0,0,0,3
2020-06-15,US,Texas,Fannin,54,2,0,33.59564294,-96.10751083,48147.0,152.0527116066903,3.703703703703704,52,54,2,0,52,54,35286,0,0,0,0,0
2020-06-15,US,Texas,Fayette,44,2,0,29.87788372,-96.92076062,48149.0,173.59741182040557,4.545454545454546,42,44,2,0,42,43,25349,0,0,0,0,1
2020-06-15,US,Texas,Fisher,2,1,0,32.74281316,-100.40193020000001,48151.0,52.219321148825074,50.0,1,2,1,0,1,2,3839,0,0,0,0,0
2020-06-15,US,Texas,Floyd,16,1,0,34.07227468,-101.3031546,48153.0,280.11204481792714,6.25,15,16,1,0,15,16,5837,0,0,0,0,0
2020-06-15,US,Texas,Fort Bend,2385,49,0,29.52704478,-95.77219463,48157.0,293.8321128315313,2.0545073375262053,2336,2385,49,0,2336,2358,787858,0,0,0,0,27
2020-06-15,US,Texas,Franklin,27,0,0,33.17653242,-95.21917243,48159.0,251.74825174825176,0.0,27,27,0,0,27,27,10766,0,0,0,0,0
2020-06-15,US,Texas,Freestone,15,0,0,31.70422788,-96.15072516,48161.0,76.076482223462,0.0,15,15,0,0,15,15,19808,0,0,0,0,0
2020-06-15,US,Texas,Frio,79,0,0,28.86751206,-99.10804207,48163.0,389.0475721461637,0.0,79,79,0,0,79,64,19816,0,0,0,0,15
2020-06-15,US,Texas,Gaines,14,0,0,32.74055318,-102.6353295,48165.0,65.14051740182393,0.0,14,14,0,0,14,14,20901,0,0,0,0,0
2020-06-15,US,Texas,Galveston,1255,40,0,29.40167322,-94.90469073,48167.0,366.8099807388225,3.187250996015936,1215,1237,40,0,1197,1166,337890,18,0,0,18,71
2020-06-15,US,Texas,Garza,6,0,0,33.17969345,-101.2984114,48169.0,96.3236474554503,0.0,6,6,0,0,6,6,6578,0,0,0,0,0
2020-06-15,US,Texas,Gillespie,6,0,0,30.31824095,-98.94676915,48171.0,22.232103156958647,0.0,6,6,0,0,6,6,26804,0,0,0,0,0
2020-06-15,US,Texas,Glasscock,2,0,0,31.86942909,-101.5207776,48173.0,141.94464158978002,0.0,2,2,0,0,2,2,1388,0,0,0,0,0
2020-06-15,US,Texas,Goliad,7,0,0,28.65696592,-97.42760647,48175.0,91.40767824497256,0.0,7,7,0,0,7,7,7584,0,0,0,0,0
2020-06-15,US,Texas,Gonzales,166,4,0,29.45634206,-97.49424032,48177.0,796.6597878773335,2.409638554216868,162,166,4,0,162,165,20826,0,0,0,0,1
2020-06-15,US,Texas,Gray,111,3,0,35.40081878,-100.8129222,48179.0,507.1735355935301,2.702702702702702,108,111,3,0,108,111,21895,0,0,0,0,0
2020-06-15,US,Texas,Grayson,438,4,0,33.62744998,-96.67753461,48181.0,321.55757202008635,0.9132420091324199,434,433,4,0,429,433,133991,5,0,0,5,0
2020-06-15,US,Texas,Gregg,278,11,0,32.47940482,-94.81591935,48183.0,224.29303320020972,3.956834532374101,267,278,11,0,267,278,123707,0,0,0,0,0
2020-06-15,US,Texas,Grimes,274,2,0,30.54579585,-95.98902499,48185.0,948.753462603878,0.7299270072992701,272,274,2,0,272,271,28360,0,0,0,0,3
2020-06-15,US,Texas,Guadalupe,171,0,0,29.58165339,-97.94786822,48187.0,102.48910678645706,0.0,171,171,0,0,171,165,163694,0,0,0,0,6
2020-06-15,US,Texas,Hale,85,5,0,34.07044901,-101.82681140000001,48189.0,254.4453092258876,5.882352941176472,80,85,5,0,80,76,33830,0,0,0,0,9
2020-06-15,US,Texas,Hall,2,1,0,34.5307555,-100.68138520000001,48191.0,67.47638326585695,50.0,1,2,1,0,1,2,3028,0,0,0,0,0
2020-06-15,US,Texas,Hamilton,11,1,0,31.70470573,-98.11083887,48193.0,130.00827325375252,9.090909090909092,10,11,1,0,10,11,8484,0,0,0,0,0
2020-06-15,US,Texas,Hansford,21,2,0,36.27743284,-101.3545796,48195.0,388.960918688646,9.523809523809524,19,21,2,0,19,21,5463,0,0,0,0,0
2020-06-15,US,Texas,Hardeman,4,0,0,34.28944521,-99.74632408,48197.0,101.70353419781335,0.0,4,4,0,0,4,4,3922,0,0,0,0,0
2020-06-15,US,Texas,Hardin,146,5,0,30.33364686,-94.38931817,48199.0,253.4634214089789,3.4246575342465757,141,146,5,0,141,146,57207,0,0,0,0,0
2020-06-15,US,Texas,Harris,17282,284,0,29.86,-95.39,48201.0,366.6626001814006,1.6433283184816572,16998,16778,275,0,16503,16568,4698619,504,9,0,495,210
2020-06-15,US,Texas,Harrison,270,28,0,32.54935988,-94.36934071,48203.0,405.6917043559269,10.370370370370368,242,269,28,0,241,268,66726,1,0,0,1,1
2020-06-15,US,Texas,Hartley,13,2,0,35.84008013,-102.6029022,48205.0,233.14203730272598,15.384615384615385,11,13,2,0,11,13,5619,0,0,0,0,0
2020-06-15,US,Texas,Haskell,4,0,0,33.17823584,-99.73037358,48207.0,70.69635913750443,0.0,4,4,0,0,4,4,5813,0,0,0,0,0
2020-06-15,US,Texas,Hays,673,5,0,30.05669873,-98.02944344,48209.0,292.3659048355496,0.7429420505200595,668,673,5,0,668,673,222631,0,0,0,0,0
2020-06-15,US,Texas,Hemphill,1,0,0,35.83764858,-100.2703577,48211.0,26.18486514794449,0.0,1,1,0,0,1,1,3825,0,0,0,0,0
2020-06-15,US,Texas,Henderson,80,3,0,32.21128872,-95.85846587,48213.0,96.6919274327085,3.75,77,80,3,0,77,80,82299,0,0,0,0,0
2020-06-15,US,Texas,Hidalgo,1050,12,0,26.39418217,-98.18299696,48215.0,120.86929194768776,1.1428571428571428,1038,967,12,0,955,967,865939,83,0,0,83,0
2020-06-15,US,Texas,Hill,36,1,0,31.99045053,-97.13423143,48217.0,98.2291467707168,2.7777777777777777,35,36,1,0,35,36,36354,0,0,0,0,0
2020-06-15,US,Texas,Hockley,28,1,0,33.60771256,-102.3431676,48219.0,121.62807871074236,3.571428571428572,27,28,1,0,27,28,22980,0,0,0,0,0
2020-06-15,US,Texas,Hood,35,4,0,32.42990927,-97.83242024,48221.0,56.778547442531995,11.428571428571427,31,35,4,0,31,35,60537,0,0,0,0,0
2020-06-15,US,Texas,Hopkins,41,0,0,33.14875072,-95.56351139,48223.0,110.55981016071621,0.0,41,41,0,0,41,41,36810,0,0,0,0,0
2020-06-15,US,Texas,Houston,156,0,0,31.31925973,-95.42226208,48225.0,679.2058516196448,0.0,156,156,0,0,156,155,23169,0,0,0,0,1
2020-06-15,US,Texas,Howard,18,1,0,32.30621324,-101.4356444,48227.0,49.09447959851625,5.5555555555555545,17,18,1,0,17,18,36459,0,0,0,0,0
2020-06-15,US,Texas,Hudspeth,13,0,0,31.45628381,-105.388178,48229.0,266.06631191158414,0.0,13,13,0,0,13,13,4795,0,0,0,0,0
2020-06-15,US,Texas,Hunt,185,5,0,33.12351514,-96.08551032,48231.0,187.63819299348842,2.702702702702702,180,185,5,0,180,185,96493,0,0,0,0,0
2020-06-15,US,Texas,Hutchinson,45,0,0,35.84006574,-101.3546643,48233.0,214.9202407106696,0.0,45,45,0,0,45,45,21198,0,0,0,0,0
2020-06-15,US,Texas,Irion,1,0,0,31.30375559,-100.982439,48235.0,65.10416666666667,0.0,1,1,0,0,1,1,1522,0,0,0,0,0
2020-06-15,US,Texas,Jack,4,0,0,33.23377248,-98.17283469,48237.0,44.76776720761052,0.0,4,4,0,0,4,4,8843,0,0,0,0,0
2020-06-15,US,Texas,Jackson,21,1,0,28.95472367,-96.57749563,48239.0,142.27642276422762,4.761904761904762,20,21,1,0,20,20,14874,0,0,0,0,1
2020-06-15,US,Texas,Jasper,32,1,0,30.74685667,-94.02667579,48241.0,90.06726899152805,3.125,31,32,1,0,31,32,35872,0,0,0,0,0
2020-06-15,US,Texas,Jefferson,1242,31,0,29.8832777,-94.16434171,48245.0,493.7093792856717,2.49597423510467,1211,1235,31,0,1204,1233,255001,7,0,0,7,2
2020-06-15,US,Texas,Jim Hogg,4,0,0,27.04453923,-98.69681870000001,48247.0,76.92307692307692,0.0,4,4,0,0,4,4,5248,0,0,0,0,0
2020-06-15,US,Texas,Jim Wells,18,0,0,27.73103938,-98.0904705,48249.0,44.464206313917295,0.0,18,18,0,0,18,17,40822,0,0,0,0,1
2020-06-15,US,Texas,Johnson,232,4,0,32.37877812,-97.36615819,48251.0,131.9553854291678,1.7241379310344829,228,232,4,0,228,232,171361,0,0,0,0,0
2020-06-15,US,Texas,Jones,631,0,0,32.73997145,-99.87861576,48253.0,3141.9608624209527,0.0,631,631,0,0,631,631,19817,0,0,0,0,0
2020-06-15,US,Texas,Karnes,4,0,0,28.90705334,-97.85960149,48255.0,25.63938209089161,0.0,4,4,0,0,4,4,15650,0,0,0,0,0
2020-06-15,US,Texas,Kaufman,330,3,0,32.599141700000004,-96.28734728,48257.0,242.37260748857915,0.9090909090909092,327,330,3,0,327,330,128622,0,0,0,0,0
2020-06-15,US,Texas,Kendall,36,0,0,29.94414155,-98.7113588,48259.0,75.89972802597455,0.0,36,36,0,0,36,35,45641,0,0,0,0,1
2020-06-15,US,Texas,Kerr,20,1,0,30.06040006,-99.34930144,48265.0,38.02281368821293,5.0,19,20,1,0,19,20,52405,0,0,0,0,0
2020-06-15,US,Texas,Kimble,1,0,0,30.48678918,-99.74856473,48267.0,23.057412958266077,0.0,1,1,0,0,1,1,4362,0,0,0,0,0
2020-06-15,US,Texas,Kinney,1,0,0,29.34967888,-100.41866379999999,48271.0,27.27024815925825,0.0,1,1,0,0,1,1,3767,0,0,0,0,0
2020-06-15,US,Texas,Kleberg,20,1,0,27.42435506,-97.69894948,48273.0,65.18904823989571,5.0,19,20,1,0,19,20,31129,0,0,0,0,0
2020-06-15,US,Texas,Knox,1,0,0,33.60519951,-99.74229059999999,48275.0,27.29257641921397,0.0,1,1,0,0,1,1,3653,0,0,0,0,0
2020-06-15,US,Texas,La Salle,4,0,0,28.34453111,-99.09908775,48283.0,53.19148936170214,0.0,4,4,0,0,4,4,7531,0,0,0,0,0
2020-06-15,US,Texas,Lamar,165,11,0,33.66981763,-95.57404777,48277.0,330.9332317134319,6.666666666666668,154,165,11,0,154,163,49728,0,0,0,0,2
2020-06-15,US,Texas,Lamb,18,0,0,34.06859623,-102.35162890000001,48279.0,139.61064143333593,0.0,18,18,0,0,18,18,13158,0,0,0,0,0
2020-06-15,US,Texas,Lampasas,9,0,0,31.19531316,-98.24206613,48281.0,42.001120029867465,0.0,9,9,0,0,9,9,21229,0,0,0,0,0
2020-06-15,US,Texas,Lavaca,22,1,0,29.38508402,-96.93186692,48285.0,109.15947206509874,4.545454545454546,21,22,1,0,21,22,20110,0,0,0,0,0
2020-06-15,US,Texas,Lee,35,2,0,30.31120597,-96.97045773,48287.0,203.0280178664656,5.7142857142857135,33,35,2,0,33,35,17144,0,0,0,0,0
2020-06-15,US,Texas,Leon,11,0,0,31.29872538,-95.9936328,48289.0,63.203861181337615,0.0,11,11,0,0,11,11,17270,0,0,0,0,0
2020-06-15,US,Texas,Liberty,127,3,0,30.15152688,-94.81205615,48291.0,143.95991793151134,2.3622047244094486,124,122,3,0,119,121,86323,5,0,0,5,1
2020-06-15,US,Texas,Limestone,39,1,0,31.5454767,-96.58095444,48293.0,166.40354994239877,2.5641025641025643,38,39,1,0,38,38,23519,0,0,0,0,1
2020-06-15,US,Texas,Lipscomb,7,0,0,36.27783108,-100.27331509999999,48295.0,216.51716671821842,0.0,7,7,0,0,7,7,3355,0,0,0,0,0
2020-06-15,US,Texas,Live Oak,9,0,0,28.35101362,-98.1246786,48297.0,73.72818874416319,0.0,9,9,0,0,9,9,12166,0,0,0,0,0
2020-06-15,US,Texas,Llano,4,0,0,30.70645047,-98.68475262,48299.0,18.352833218628124,0.0,4,4,0,0,4,4,21646,0,0,0,0,0
2020-06-15,US,Texas,Lubbock,857,51,0,33.61008596,-101.82047890000001,48303.0,275.94512008603556,5.9509918319719946,806,847,51,0,796,813,307412,10,0,0,10,34
2020-06-15,US,Texas,Lynn,19,1,0,33.17657705,-101.8162849,48305.0,319.2740715846076,5.2631578947368425,18,19,1,0,18,19,5877,0,0,0,0,0
2020-06-15,US,Texas,Madison,20,0,0,30.96694679,-95.93003775,48313.0,140.01680201624194,0.0,20,20,0,0,20,20,14422,0,0,0,0,0
2020-06-15,US,Texas,Marion,21,1,0,32.79868409,-94.35661230000001,48315.0,213.11142683174344,4.761904761904762,20,19,1,0,18,19,9928,2,0,0,2,0
2020-06-15,US,Texas,Martin,4,1,0,32.30600051,-101.9513518,48317.0,69.31207762952694,25.0,3,3,1,0,2,3,5753,1,0,0,1,0
2020-06-15,US,Texas,Mason,33,0,0,30.71780434,-99.22629416,48319.0,772.1104351895182,0.0,33,33,0,0,33,33,4280,0,0,0,0,0
2020-06-15,US,Texas,Matagorda,81,5,0,28.81955746,-96.01230294,48321.0,221.05176977867526,6.172839506172839,76,80,5,0,75,80,36552,1,0,0,1,0
2020-06-15,US,Texas,Maverick,160,2,0,28.7429195,-100.3157686,48323.0,272.4702837096829,1.25,158,160,2,0,158,160,58485,0,0,0,0,0
2020-06-15,US,Texas,McCulloch,3,0,0,31.1925468,-99.34682807,48307.0,37.5751503006012,0.0,3,3,0,0,3,3,7987,0,0,0,0,0
2020-06-15,US,Texas,McLennan,163,4,0,31.55255453,-97.20217694,48309.0,63.51729969644186,2.4539877300613497,159,158,4,0,154,153,254607,5,0,0,5,5
2020-06-15,US,Texas,Medina,221,2,0,29.355730100000002,-99.11030298,48325.0,428.4274193548387,0.9049773755656108,219,221,2,0,219,221,50921,0,0,0,0,0
2020-06-15,US,Texas,Midland,201,13,0,31.86904128,-102.03156820000001,48329.0,113.6672095548317,6.467661691542289,188,201,13,0,188,201,172578,0,0,0,0,0
2020-06-15,US,Texas,Milam,44,1,0,30.78581830000001,-96.97718698,48331.0,177.2549651532853,2.272727272727273,43,44,1,0,43,42,25131,0,0,0,0,2
2020-06-15,US,Texas,Mills,1,0,0,31.49557106,-98.59272068,48333.0,20.521239482864765,0.0,1,1,0,0,1,1,4921,0,0,0,0,0
2020-06-15,US,Texas,Mitchell,2,0,0,32.30623474,-100.9212058,48335.0,23.405500292568757,0.0,2,2,0,0,2,2,8145,0,0,0,0,0
2020-06-15,US,Texas,Montague,9,1,0,33.67521893,-97.72500958,48337.0,45.41326067211626,11.111111111111109,8,9,1,0,8,9,19596,0,0,0,0,0
2020-06-15,US,Texas,Montgomery,1300,33,0,30.30079133,-95.50572772,48339.0,214.03017166866152,2.5384615384615383,1267,1258,32,0,1226,1258,590925,42,1,0,41,0
2020-06-15,US,Texas,Moore,873,14,0,35.83769242,-101.8930281,48341.0,4169.054441260745,1.6036655211912945,859,873,14,0,859,873,21485,0,0,0,0,0
2020-06-15,US,Texas,Morris,31,0,0,33.11304005,-94.73255695,48343.0,250.2421698417824,0.0,31,31,0,0,31,30,12339,0,0,0,0,1
2020-06-15,US,Texas,Motley,1,0,0,34.07408766,-100.77972199999999,48345.0,83.33333333333333,0.0,1,1,0,0,1,1,1234,0,0,0,0,0
2020-06-15,US,Texas,Nacogdoches,324,25,0,31.62017125,-94.61803994,48347.0,496.9020305502729,7.716049382716049,299,324,25,0,299,324,65711,0,0,0,0,0
2020-06-15,US,Texas,Navarro,87,3,0,32.04620681,-96.47428766,48349.0,173.60764671841642,3.4482758620689653,84,87,3,0,84,87,49565,0,0,0,0,0
2020-06-15,US,Texas,Newton,6,0,0,30.78548982,-93.74408813,48351.0,44.13387274733358,0.0,6,6,0,0,6,6,13746,0,0,0,0,0
2020-06-15,US,Texas,Nolan,4,0,0,32.30365282,-100.4060208,48353.0,27.184993883376368,0.0,4,4,0,0,4,4,14751,0,0,0,0,0
2020-06-15,US,Texas,Nueces,336,3,0,27.736286,-97.5433285,48355.0,92.74235841609301,0.8928571428571429,333,336,3,0,333,336,362265,0,0,0,0,0
2020-06-15,US,Texas,Ochiltree,53,2,0,36.27829105,-100.8158184,48357.0,538.8369255795038,3.7735849056603774,51,53,2,0,51,53,9947,0,0,0,0,0
2020-06-15,US,Texas,Oldham,4,1,0,35.40425596,-102.6027606,48359.0,189.3939393939394,25.0,3,4,1,0,3,4,2131,0,0,0,0,0
2020-06-15,US,Texas,Orange,106,2,0,30.11879481,-93.89412775,48361.0,127.1044174780565,1.8867924528301887,104,106,2,0,104,106,83572,0,0,0,0,0
2020-06-15,US,Texas,Palo Pinto,14,2,0,32.75310985,-98.31319001,48363.0,47.96327383603412,14.285714285714285,12,14,2,0,12,14,28875,0,0,0,0,0
2020-06-15,US,Texas,Panola,221,23,0,32.163959600000005,-94.30552481,48365.0,952.8326291282228,10.407239819004523,198,219,23,0,196,216,23148,2,0,0,2,3
2020-06-15,US,Texas,Parker,112,1,0,32.77757172,-97.80500621,48367.0,78.38855527093044,0.8928571428571429,111,112,1,0,111,112,138371,0,0,0,0,0
2020-06-15,US,Texas,Parmer,120,0,0,34.52993409,-102.78446679999999,48369.0,1249.3492972410204,0.0,120,120,0,0,120,120,9864,0,0,0,0,0
2020-06-15,US,Texas,Pecos,107,0,0,30.78097267,-102.72412609999999,48371.0,676.2308032610756,0.0,107,107,0,0,107,107,15673,0,0,0,0,0
2020-06-15,US,Texas,Polk,65,0,0,30.79472531,-94.82766240000001,48373.0,126.57488364847235,0.0,65,65,0,0,65,65,50031,0,0,0,0,0
2020-06-15,US,Texas,Potter,2785,36,0,35.40133773,-101.893964,48375.0,2371.9286292211386,1.2926391382405744,2749,2785,36,0,2749,2785,119648,0,0,0,0,0
2020-06-15,US,Texas,Presidio,2,0,0,29.99954402,-104.24080790000001,48377.0,29.832935560859188,0.0,2,2,0,0,2,2,6948,0,0,0,0,0
2020-06-15,US,Texas,Rains,5,0,0,32.87109387,-95.79232691,48379.0,39.95525011986575,0.0,5,5,0,0,5,5,12159,0,0,0,0,0
2020-06-15,US,Texas,Randall,751,7,0,34.96585996,-101.8971322,48381.0,545.337041528396,0.9320905459387484,744,751,7,0,744,749,136271,0,0,0,0,2
2020-06-15,US,Texas,Reagan,2,0,0,31.36607041,-101.52326590000001,48383.0,51.96154845414394,0.0,2,2,0,0,2,2,3741,0,0,0,0,0
2020-06-15,US,Texas,Real,1,0,0,29.83321503,-99.82018052,48385.0,28.968713789107767,0.0,1,1,0,0,1,1,3478,0,0,0,0,0
2020-06-15,US,Texas,Red River,93,8,0,33.61886692,-95.04841765,48387.0,773.5174249355404,8.602150537634408,85,93,8,0,85,93,12175,0,0,0,0,0
2020-06-15,US,Texas,Reeves,12,0,0,31.32323325,-103.69038959999999,48389.0,75.11266900350527,0.0,12,12,0,0,12,12,15695,0,0,0,0,0
2020-06-15,US,Texas,Refugio,5,0,0,28.323897600000002,-97.15766311,48391.0,71.96315486470927,0.0,5,5,0,0,5,5,7032,0,0,0,0,0
2020-06-15,US,Texas,Roberts,2,0,0,35.83809685,-100.813175,48393.0,234.192037470726,0.0,2,2,0,0,2,2,903,0,0,0,0,0
2020-06-15,US,Texas,Robertson,17,0,0,31.02539637,-96.51272246,48395.0,99.56659247979384,0.0,17,17,0,0,17,17,17284,0,0,0,0,0
2020-06-15,US,Texas,Rockwall,233,15,0,32.89779518,-96.40771592,48397.0,222.08454463136826,6.437768240343348,218,233,15,0,218,233,100657,0,0,0,0,0
2020-06-15,US,Texas,Runnels,2,0,0,31.8314342,-99.97616148,48399.0,19.48558067030397,0.0,2,2,0,0,2,2,10234,0,0,0,0,0
2020-06-15,US,Texas,Rusk,128,2,0,32.10773545,-94.76176432,48401.0,235.26816895195384,1.5625,126,70,2,0,68,70,54450,58,0,0,58,0
2020-06-15,US,Texas,Sabine,15,1,0,31.34318809,-93.85440451,48403.0,142.2879908935686,6.666666666666668,14,15,1,0,14,15,10589,0,0,0,0,0
2020-06-15,US,Texas,San Augustine,55,4,0,31.39457611,-94.17000399,48405.0,667.7188296709968,7.272727272727272,51,55,4,0,51,55,8232,0,0,0,0,0
2020-06-15,US,Texas,San Jacinto,20,0,0,30.57933681,-95.16260304,48407.0,69.30247063307807,0.0,20,20,0,0,20,20,28719,0,0,0,0,0
2020-06-15,US,Texas,San Patricio,41,0,0,28.00880118,-97.51763891,48409.0,61.441630451071475,0.0,41,41,0,0,41,41,66893,0,0,0,0,0
2020-06-15,US,Texas,San Saba,2,0,0,31.1577796,-98.81758731,48411.0,33.03055326176713,0.0,2,2,0,0,2,2,6054,0,0,0,0,0
2020-06-15,US,Texas,Schleicher,1,0,0,30.89740592,-100.5384842,48413.0,35.80379520229144,0.0,1,1,0,0,1,1,2895,0,0,0,0,0
2020-06-15,US,Texas,Scurry,28,0,0,32.74613808,-100.91626640000001,48415.0,167.6345566664671,0.0,28,28,0,0,28,28,16866,0,0,0,0,0
2020-06-15,US,Texas,Shackelford,1,0,0,32.73587756,-99.35401337,48417.0,30.627871362940283,0.0,1,1,0,0,1,1,3253,0,0,0,0,0
2020-06-15,US,Texas,Shelby,230,8,0,31.79211404,-94.14550696,48419.0,910.0261137928303,3.4782608695652173,222,229,8,0,221,227,25418,1,0,0,1,2
2020-06-15,US,Texas,Sherman,28,0,0,36.27751473,-101.8933156,48421.0,926.5387160820649,0.0,28,28,0,0,28,28,3079,0,0,0,0,0
2020-06-15,US,Texas,Smith,271,4,0,32.37474036,-95.27175679999999,48423.0,116.43344174675941,1.4760147601476017,267,271,4,0,267,271,230221,0,0,0,0,0
2020-06-15,US,Texas,Somervell,2,0,0,32.22236802,-97.77403489,48425.0,21.910604732690626,0.0,2,2,0,0,2,2,9016,0,0,0,0,0
2020-06-15,US,Texas,Starr,127,1,0,26.56150059,-98.73892358,48427.0,196.4940510265654,0.7874015748031497,126,115,1,0,114,115,64525,12,0,0,12,0
2020-06-15,US,Texas,Stephens,5,0,0,32.73553157,-98.83631615,48429.0,53.38458253256459,0.0,5,5,0,0,5,5,9433,0,0,0,0,0
2020-06-15,US,Texas,Swisher,21,1,0,34.53028891,-101.73491740000001,48437.0,283.89887792348253,4.761904761904762,20,21,1,0,20,21,7462,0,0,0,0,0
2020-06-15,US,Texas,Tarrant,7334,197,0,32.77143818,-97.29101614,48439.0,348.8203413530938,2.6861194436869376,7137,7253,194,0,7059,7120,2084931,81,3,0,78,133
2020-06-15,US,Texas,Taylor,255,5,0,32.30163422,-99.89007449,48441.0,184.73709375950853,1.96078431372549,250,255,5,0,250,252,137640,0,0,0,0,3
2020-06-15,US,Texas,Terry,13,0,0,33.17402785,-102.3354521,48445.0,105.3740779768177,0.0,13,13,0,0,13,13,12287,0,0,0,0,0
2020-06-15,US,Texas,Throckmorton,1,0,0,33.17751417,-99.21226795,48447.0,66.62225183211193,0.0,1,1,0,0,1,1,1515,0,0,0,0,0
2020-06-15,US,Texas,Titus,714,5,0,33.21339719,-94.96797273,48449.0,2180.152671755725,0.7002801120448179,709,655,5,0,650,655,33033,59,0,0,59,0
2020-06-15,US,Texas,Tom Green,164,1,0,31.40464436,-100.46244300000001,48451.0,137.58389261744966,0.6097560975609756,163,146,1,0,145,146,118189,18,0,0,18,0
2020-06-15,US,Texas,Travis,4545,104,0,30.33432034,-97.78535620000001,48453.0,356.76327402716265,2.288228822882288,4441,4461,104,0,4357,4314,1248743,84,0,0,84,147
2020-06-15,US,Texas,Trinity,22,0,0,31.0879489,-95.1367187,48455.0,150.16039860760358,0.0,22,22,0,0,22,22,14740,0,0,0,0,0
2020-06-15,US,Texas,Tyler,16,0,0,30.77031716,-94.37690895,48457.0,73.82798080472499,0.0,16,16,0,0,16,16,21696,0,0,0,0,0
2020-06-15,US,Texas,Upshur,38,0,0,32.73706798,-94.93999853,48459.0,91.01142432879074,0.0,38,37,0,0,37,37,41260,1,0,0,1,0
2020-06-15,US,Texas,Upton,1,0,0,31.36868194,-102.0423217,48461.0,27.344818156959253,0.0,1,,,,,,3671,,,,,
2020-06-15,US,Texas,Uvalde,26,0,0,29.35739637,-99.76229172,48463.0,97.22897423432184,0.0,26,25,0,0,25,24,26846,1,0,0,1,1
2020-06-15,US,Texas,Val Verde,36,0,0,29.89149232,-101.1525205,48465.0,73.43192248852627,0.0,36,33,0,0,33,33,49208,3,0,0,3,0
2020-06-15,US,Texas,Van Zandt,46,1,0,32.56483801,-95.83766469,48467.0,81.28644636861637,2.1739130434782608,45,46,1,0,45,46,56019,0,0,0,0,0
2020-06-15,US,Texas,Victoria,199,8,0,28.79780988,-96.96813006,48469.0,216.10703270926544,4.0201005025125625,191,199,8,0,191,197,92035,0,0,0,0,2
2020-06-15,US,Texas,Walker,1878,27,0,30.73872995,-95.57440968,48471.0,2573.6251387537513,1.437699680511182,1851,1871,27,0,1844,1870,72480,7,0,0,7,1
2020-06-15,US,Texas,Waller,90,0,0,30.01058447,-95.99011759,48473.0,162.90772182601455,0.0,90,88,0,0,88,85,53126,2,0,0,2,3
2020-06-15,US,Texas,Ward,4,0,0,31.50999644,-103.09279090000001,48475.0,33.338889814969164,0.0,4,4,0,0,4,4,11720,0,0,0,0,0
2020-06-15,US,Texas,Washington,218,26,0,30.21498498,-96.40946246,48477.0,607.54695947829,11.926605504587155,192,218,26,0,192,218,35108,0,0,0,0,0
2020-06-15,US,Texas,Webb,675,20,0,27.7610369,-99.33237355,48479.0,243.9888379624944,2.962962962962963,655,675,20,0,655,675,275910,0,0,0,0,0
2020-06-15,US,Texas,Wharton,94,1,0,29.27765923,-96.22319248,48481.0,226.2007892963712,1.0638297872340423,93,94,1,0,93,92,41619,0,0,0,0,2
2020-06-15,US,Texas,Wheeler,15,0,0,35.40114335,-100.26995140000001,48483.0,296.67721518987344,0.0,15,15,0,0,15,15,5191,0,0,0,0,0
2020-06-15,US,Texas,Wichita,99,2,0,33.98842886,-98.70410340000001,48485.0,74.8695454889208,2.0202020202020203,97,99,2,0,97,99,132064,0,0,0,0,0
2020-06-15,US,Texas,Wilbarger,7,0,0,34.07945812,-99.24178437,48487.0,54.82026783616571,0.0,7,7,0,0,7,7,12820,0,0,0,0,0
2020-06-15,US,Texas,Willacy,59,3,0,26.47411727,-97.61535848,48489.0,276.24309392265195,5.084745762711863,56,56,3,0,53,54,21515,3,0,0,3,2
2020-06-15,US,Texas,Williamson,960,30,0,30.64655664,-97.60048540000001,48491.0,162.56004985174863,3.125,930,904,30,0,874,862,566719,56,0,0,56,42
2020-06-15,US,Texas,Wilson,52,5,0,29.1732598,-98.08693082,48493.0,101.82102995887999,9.615384615384617,47,52,5,0,47,52,50224,0,0,0,0,0
2020-06-15,US,Texas,Winkler,4,0,0,31.85008651,-103.04851629999999,48495.0,49.93757802746567,0.0,4,4,0,0,4,4,7720,0,0,0,0,0
2020-06-15,US,Texas,Wise,56,5,0,33.21570665,-97.65460265,48497.0,80.0182898948331,8.928571428571429,51,56,5,0,51,56,68305,0,0,0,0,0
2020-06-15,US,Texas,Wood,53,5,0,32.78722382,-95.38236368,48499.0,116.38375897582293,9.433962264150944,48,53,5,0,48,53,45129,0,0,0,0,0
2020-06-15,US,Texas,Yoakum,9,0,0,33.17320212,-102.82764329999999,48501.0,103.29392861241823,0.0,9,9,0,0,9,9,8591,0,0,0,0,0
2020-06-15,US,Texas,Young,15,1,0,33.17659707,-98.68790885,48503.0,83.28706274292058,6.666666666666668,14,15,1,0,14,15,18045,0,0,0,0,0
2020-06-15,US,Texas,Zapata,15,0,0,27.00156391,-99.16987152,48505.0,105.7902531913393,0.0,15,15,0,0,15,14,14190,0,0,0,0,1
2020-06-15,US,Texas,Zavala,13,0,0,28.86617238,-99.76050829,48507.0,109.79729729729729,0.0,13,13,0,0,13,13,11983,0,0,0,0,0
2020-06-15,US,Utah,Bear River,1009,2,0,41.52106798,-113.08328159999999,0.0,540.097849243649,0.19821605550049556,1007,975,2,0,973,955,,34,0,0,34,20
2020-06-15,US,Utah,Central Utah,77,0,0,39.37231946,-111.5758676,0.0,93.95514556946578,0.0,77,75,0,0,75,70,,2,0,0,2,5
2020-06-15,US,Utah,Davis,672,4,0,40.99001837,-112.1139997,49011.0,189.03963924935508,0.5952380952380952,668,660,4,0,656,646,351713,12,0,0,12,14
2020-06-15,US,Utah,Salt Lake,7468,94,0,40.66616532,-111.92160109999999,49035.0,643.5506623797759,1.2587038028923407,7374,7309,93,0,7216,7148,1152633,159,1,0,158,161
2020-06-15,US,Utah,San Juan,363,6,0,37.62762978,-109.80337140000002,49037.0,2371.309119414685,1.6528925619834711,357,357,5,0,352,351,15449,6,1,0,5,6
2020-06-15,US,Utah,Southeast Utah,29,0,0,38.99617072,-110.70139579999999,0.0,72.08730020631883,0.0,29,29,0,0,29,29,,0,0,0,0,0
2020-06-15,US,Utah,Southwest Utah,827,7,0,37.85447192,-111.4418764,0.0,328.1199165218495,0.8464328899637243,820,806,5,0,801,780,,21,2,0,19,26
2020-06-15,US,Utah,Summit,447,0,0,40.86688146,-110.9535882,49043.0,1060.6240360659626,0.0,447,449,0,0,449,446,41933,-2,0,0,-2,3
2020-06-15,US,Utah,Tooele,170,0,0,40.44862644,-113.12957150000001,49045.0,235.26481130378224,0.0,170,165,0,0,165,162,69907,5,0,0,5,3
2020-06-15,US,Utah,TriCounty,30,0,0,40.12491499,-109.5174415,0.0,52.9829394934831,0.0,30,30,0,0,30,29,,0,0,0,0,1
2020-06-15,US,Utah,Utah,2654,19,0,40.116672200000004,-111.66576620000001,49049.0,417.14146502471567,0.7159005275056518,2635,2607,19,0,2588,2551,622213,47,0,0,47,56
2020-06-15,US,Utah,Wasatch,351,2,0,40.33110236,-111.1691419,49051.0,1029.5972544073215,0.5698005698005698,349,349,2,0,347,343,33240,2,0,0,2,6
2020-06-15,US,Utah,Weber-Morgan,511,9,0,41.27116049,-111.9145117,0.0,187.63517259865532,1.761252446183953,502,502,9,0,493,471,,9,0,0,9,31
2020-06-15,US,Vermont,Addison,66,2,0,44.03217337,-73.14130877,50001.0,179.4599885798189,3.0303030303030303,64,66,2,0,64,66,36973,0,0,0,0,0
2020-06-15,US,Vermont,Bennington,67,1,0,43.03519828,-73.09048868,50003.0,188.89202142655762,1.492537313432836,66,67,1,0,66,67,35631,0,0,0,0,0
2020-06-15,US,Vermont,Caledonia,16,0,0,44.46548598,-72.10314651,50005.0,53.34578068215917,0.0,16,16,0,0,16,16,30302,0,0,0,0,0
2020-06-15,US,Vermont,Chittenden,570,39,0,44.46322849,-73.08359212,50007.0,348.0405925238438,6.842105263157895,531,568,39,0,529,568,164572,2,0,0,2,0
2020-06-15,US,Vermont,Essex,3,0,0,44.72736416,-71.73579864,50009.0,48.67759208177836,0.0,3,3,0,0,3,3,6250,0,0,0,0,0
2020-06-15,US,Vermont,Franklin,102,5,0,44.85627605,-72.91249563,50011.0,206.4693737095664,4.901960784313727,97,102,5,0,97,102,49421,0,0,0,0,0
2020-06-15,US,Vermont,Grand Isle,8,0,0,44.797582399999996,-73.29679772,50013.0,110.573600552868,0.0,8,8,0,0,8,8,7090,0,0,0,0,0
2020-06-15,US,Vermont,Lamoille,29,1,0,44.60353043,-72.64356694,50015.0,114.34429461398943,3.4482758620689653,28,29,1,0,28,29,25300,0,0,0,0,0
2020-06-15,US,Vermont,Orange,9,0,0,44.00470222,-72.37640104,50017.0,31.150491485532328,0.0,9,9,0,0,9,9,28999,0,0,0,0,0
2020-06-15,US,Vermont,Orleans,13,0,0,44.82964024,-72.24562697,50019.0,48.08225764692829,0.0,13,13,0,0,13,13,26907,0,0,0,0,0
2020-06-15,US,Vermont,Rutland,59,1,0,43.57723578,-73.03741676,50021.0,101.39024935127424,1.6949152542372878,58,59,1,0,58,58,58672,0,0,0,0,1
2020-06-15,US,Vermont,Unassigned,5,0,0,0.0,0.0,90050.0,0.0,0.0,5,6,0,0,6,5,,-1,0,0,-1,1
2020-06-15,US,Vermont,Washington,41,1,0,44.27343241,-72.61604978,50023.0,70.19466178157475,2.4390243902439024,40,41,1,0,40,41,58140,0,0,0,0,0
2020-06-15,US,Vermont,Windham,85,3,0,42.986982,-72.71268875,50025.0,201.31684903604759,3.5294117647058822,82,85,3,0,82,85,42756,0,0,0,0,0
2020-06-15,US,Vermont,Windsor,55,2,0,43.58010937,-72.58595157,50027.0,99.88739965856672,3.636363636363636,53,55,2,0,53,55,55286,0,0,0,0,0
2020-06-15,US,Virginia,Accomack,996,14,0,37.76707161,-75.63234615,51001.0,3082.064611956925,1.4056224899598393,982,993,14,0,979,989,32412,3,0,0,3,4
2020-06-15,US,Virginia,Albemarle,290,8,0,38.02080697,-78.55481085,51003.0,265.25198938992037,2.7586206896551726,282,286,8,0,278,275,108718,4,0,0,4,11
2020-06-15,US,Virginia,Alexandria,2160,48,0,38.814003,-77.08183073,51510.0,1354.8435657475475,2.2222222222222223,2112,2151,48,0,2103,2134,160530,9,0,0,9,17
2020-06-15,US,Virginia,Alleghany,28,2,0,37.78636074,-80.00222498,51005.0,188.42530282637955,7.142857142857142,26,28,2,0,26,28,14910,0,0,0,0,0
2020-06-15,US,Virginia,Amelia,39,1,0,37.34081025,-77.98584649,51007.0,296.69075694180304,2.5641025641025643,38,38,1,0,37,38,13013,1,0,0,1,0
2020-06-15,US,Virginia,Amherst,27,0,0,37.60308293,-79.14548696,51009.0,85.42952064546748,0.0,27,27,0,0,27,27,31666,0,0,0,0,0
2020-06-15,US,Virginia,Appomattox,34,0,0,37.37569884,-78.81340003,51011.0,213.68864307711647,0.0,34,34,0,0,34,34,15841,0,0,0,0,0
2020-06-15,US,Virginia,Arlington,2346,125,0,38.8767675,-77.10139853,51013.0,990.5337735705659,5.328218243819267,2221,2338,125,0,2213,2321,237521,8,0,0,8,17
2020-06-15,US,Virginia,Augusta,146,2,0,38.16404586,-79.12461614,51015.0,193.22904258979855,1.3698630136986298,144,146,2,0,144,143,75457,0,0,0,0,3
2020-06-15,US,Virginia,Bedford,91,2,0,37.3080028,-79.5281964,51019.0,115.19424788283101,2.1978021978021984,89,91,2,0,89,91,78747,0,0,0,0,0
2020-06-15,US,Virginia,Botetourt,47,4,0,37.55531756,-79.80982182,51023.0,140.6385589036177,8.51063829787234,43,47,4,0,43,47,33277,0,0,0,0,0
2020-06-15,US,Virginia,Bristol,4,0,0,36.616302399999995,-82.16359122,51520.0,23.863500775563768,0.0,4,4,0,0,4,4,16482,0,0,0,0,0
2020-06-15,US,Virginia,Brunswick,46,1,0,36.76366949,-77.8593436,51025.0,283.4082927730885,2.1739130434782608,45,46,1,0,45,46,16384,0,0,0,0,0
2020-06-15,US,Virginia,Buchanan,18,0,0,37.26818323,-82.03749726,51027.0,85.69796229289659,0.0,18,18,0,0,18,18,21221,0,0,0,0,0
2020-06-15,US,Virginia,Buckingham,521,3,0,37.57242268,-78.52518834,51029.0,3038.255190109634,0.5758157389635317,518,519,3,0,516,519,16999,2,0,0,2,0
2020-06-15,US,Virginia,Buena Vista,12,0,0,37.73484642,-79.35296097,51530.0,185.24235875270145,0.0,12,12,0,0,12,12,6237,0,0,0,0,0
2020-06-15,US,Virginia,Campbell,25,1,0,37.20553386,-79.09678609,51031.0,45.549785916006186,4.0,24,25,1,0,24,23,54973,0,0,0,0,2
2020-06-15,US,Virginia,Caroline,111,4,0,38.02679129,-77.34901405,51033.0,361.26932465419037,3.603603603603604,107,109,4,0,105,106,30772,2,0,0,2,3
2020-06-15,US,Virginia,Carroll,173,5,0,36.73066666,-80.73455942,51035.0,580.7122956597631,2.8901734104046244,168,171,5,0,166,165,29636,2,0,0,2,6
2020-06-15,US,Virginia,Charles City,32,3,0,37.35358063,-77.05634116,51036.0,459.57202355306623,9.375,29,30,2,0,28,29,6941,2,1,0,1,1
2020-06-15,US,Virginia,Charlotte,30,0,0,37.01909701,-78.66314092,51037.0,252.52525252525248,0.0,30,30,0,0,30,30,11938,0,0,0,0,0
2020-06-15,US,Virginia,Charlottesville,154,3,0,38.03527919,-78.48569588,51540.0,325.8155968349342,1.9480519480519483,151,152,3,0,149,148,48117,2,0,0,2,4
2020-06-15,US,Virginia,Chesapeake,672,16,0,36.67670048,-76.30545744,51550.0,274.4705618069312,2.380952380952381,656,659,16,0,643,650,242634,13,0,0,13,9
2020-06-15,US,Virginia,Chesterfield,2194,39,0,37.37373208,-77.58680140000001,51041.0,621.8785607791339,1.7775752051048317,2155,2181,39,0,2142,2150,348556,13,0,0,13,31
2020-06-15,US,Virginia,Clarke,38,0,0,39.11271747,-77.99199425,51043.0,259.935700116287,0.0,38,38,0,0,38,37,14523,0,0,0,0,1
2020-06-15,US,Virginia,Colonial Heights,115,17,0,37.26420587,-77.39609676,51570.0,662.0610247553252,14.782608695652176,98,115,17,0,98,115,17833,0,0,0,0,0
2020-06-15,US,Virginia,Covington,4,0,0,37.7824656,-79.98631446,51580.0,72.22824124232575,0.0,4,4,0,0,4,4,5460,0,0,0,0,0
2020-06-15,US,Virginia,Craig,6,0,0,37.48133648,-80.21072274,51045.0,116.93626973299551,0.0,6,6,0,0,6,6,5064,0,0,0,0,0
2020-06-15,US,Virginia,Culpeper,783,9,0,38.48199985,-77.95630870000002,51047.0,1488.4516680923864,1.1494252873563218,774,780,9,0,771,777,51859,3,0,0,3,3
2020-06-15,US,Virginia,Cumberland,49,0,0,37.51328851,-78.24398086,51049.0,493.3548127265405,0.0,49,47,0,0,47,47,9809,2,0,0,2,0
2020-06-15,US,Virginia,Danville,66,2,0,36.58022376,-79.40395668,51590.0,164.8186994306263,3.0303030303030303,64,65,2,0,63,63,40693,1,0,0,1,2
2020-06-15,US,Virginia,Dinwiddie,110,0,0,37.07544585,-77.63451754,51053.0,385.3699551569506,0.0,110,108,0,0,108,107,28529,2,0,0,2,1
2020-06-15,US,Virginia,Emporia,98,6,0,36.69455571,-77.53406129,51595.0,1833.146277590722,6.1224489795918355,92,97,6,0,91,95,5121,1,0,0,1,2
2020-06-15,US,Virginia,Essex,53,0,0,37.93357639,-76.94230311,51057.0,483.88569341732864,0.0,53,53,0,0,53,52,10919,0,0,0,0,1
2020-06-15,US,Virginia,Fairfax,13092,423,0,38.83677558,-77.27565836,51059.0,1140.8832172000432,3.230980751604033,12669,13017,423,0,12594,12939,1150795,75,0,0,75,78
2020-06-15,US,Virginia,Fairfax,13092,423,0,38.83677558,-77.27565836,51059.0,1140.8832172000432,3.230980751604033,12669,13017,423,0,12594,12939,24574,75,0,0,75,78
2020-06-15,US,Virginia,Fairfax City,67,6,0,38.85157547,-77.29779640000002,51600.0,278.9458345476498,8.955223880597012,61,67,6,0,61,67,24574,0,0,0,0,0
2020-06-15,US,Virginia,Falls Church,56,7,0,38.88485255,-77.17560759,51610.0,383.1155503865362,12.5,49,56,7,0,49,56,14772,0,0,0,0,0
2020-06-15,US,Virginia,Fauquier,386,6,0,38.73564842,-77.80647472,51061.0,541.9673696329786,1.5544041450777202,380,385,6,0,379,380,70675,1,0,0,1,5
2020-06-15,US,Virginia,Floyd,10,1,0,36.9302126,-80.36738849,51063.0,63.4960949901581,10.0,9,9,1,0,8,9,15795,1,0,0,1,0
2020-06-15,US,Virginia,Fluvanna,102,6,0,37.84157909,-78.27715475,51065.0,374.037403740374,5.882352941176472,96,102,6,0,96,101,26783,0,0,0,0,1
2020-06-15,US,Virginia,Franklin,43,1,0,36.99536167,-79.88023649,51067.0,76.72816815959459,2.3255813953488373,42,43,1,0,42,43,56195,0,0,0,0,0
2020-06-15,US,Virginia,Franklin,43,1,0,36.99536167,-79.88023649,51067.0,76.72816815959459,2.3255813953488373,42,43,1,0,42,43,8013,0,0,0,0,0
2020-06-15,US,Virginia,Franklin City,44,2,0,36.6831435,-76.93859681,51620.0,552.2781473578511,4.545454545454546,42,44,2,0,42,44,8013,0,0,0,0,0
2020-06-15,US,Virginia,Frederick,435,4,0,39.20172582,-78.25974949,51069.0,487.05115716636993,0.9195402298850576,431,433,4,0,429,428,88355,2,0,0,2,5
2020-06-15,US,Virginia,Fredericksburg,211,0,0,38.2977863,-77.4922454,51630.0,726.6841162694586,0.0,211,208,0,0,208,201,29144,3,0,0,3,7
2020-06-15,US,Virginia,Galax,205,10,0,36.66601852,-80.91703124,51640.0,3229.872380652277,4.878048780487805,195,204,10,0,194,193,6423,1,0,0,1,11
2020-06-15,US,Virginia,Giles,6,0,0,37.31234791,-80.70636931,51071.0,35.88516746411483,0.0,6,6,0,0,6,5,16844,0,0,0,0,1
2020-06-15,US,Virginia,Gloucester,38,1,0,37.40809042,-76.53524337,51073.0,101.74574274392204,2.631578947368421,37,37,1,0,36,36,37349,1,0,0,1,1
2020-06-15,US,Virginia,Goochland,116,6,0,37.71714806,-77.90381514,51075.0,488.3593651328253,5.172413793103448,110,114,6,0,108,114,23244,2,0,0,2,0
2020-06-15,US,Virginia,Grayson,66,2,0,36.65677234,-81.23215889,51077.0,424.4372990353698,3.0303030303030303,64,66,2,0,64,66,15631,0,0,0,0,0
2020-06-15,US,Virginia,Greene,45,1,0,38.29545894,-78.46525378,51079.0,227.05484635955398,2.2222222222222223,44,45,1,0,44,45,19779,0,0,0,0,0
2020-06-15,US,Virginia,Greensville,344,7,0,36.67878901,-77.56351439,51081.0,3034.5800988002825,2.0348837209302326,337,343,7,0,336,336,11627,1,0,0,1,7
2020-06-15,US,Virginia,Halifax,37,1,0,36.76654925,-78.93512622,51083.0,109.10913862758396,2.702702702702702,36,37,1,0,36,35,34120,0,0,0,0,2
2020-06-15,US,Virginia,Hampton,241,5,0,37.03513786,-76.35879121,51650.0,179.16883503085273,2.074688796680498,236,238,5,0,233,234,134313,3,0,0,3,4
2020-06-15,US,Virginia,Hanover,374,25,0,37.7583355,-77.49464673,51085.0,347.04823413692634,6.684491978609627,349,371,25,0,346,368,107239,3,0,0,3,3
2020-06-15,US,Virginia,Harrisonburg,856,23,0,38.43542574,-78.87536254,51660.0,1614.606911121171,2.6869158878504678,833,855,23,0,832,847,54033,1,0,0,1,8
2020-06-15,US,Virginia,Henrico,2289,136,0,37.53460572,-77.39326555,51087.0,691.9212376593778,5.941459152468327,2153,2264,136,0,2128,2234,329261,25,0,0,25,30
2020-06-15,US,Virginia,Henry,202,3,0,36.68542395,-79.87634026,51089.0,399.5490238740432,1.4851485148514851,199,199,3,0,196,198,50953,3,0,0,3,1
2020-06-15,US,Virginia,Highland,3,0,0,38.35799465,-79.56124594,51091.0,136.98630136986299,0.0,3,3,0,0,3,2,2210,0,0,0,0,1
2020-06-15,US,Virginia,Hopewell,141,2,0,37.29186313,-77.29754684,51670.0,625.860002663234,1.4184397163120568,139,138,2,0,136,138,22596,3,0,0,3,0
2020-06-15,US,Virginia,Isle of Wight,156,8,0,36.90579348,-76.70842863,51093.0,420.38319545123824,5.128205128205129,148,156,8,0,148,154,36953,0,0,0,0,2
2020-06-15,US,Virginia,James City,233,15,0,37.31156958,-76.76950618,51095.0,304.4836193040001,6.437768240343348,218,233,15,0,218,231,76397,0,0,0,0,2
2020-06-15,US,Virginia,King George,88,4,0,38.26818502,-77.15852768,51099.0,327.917722462364,4.545454545454546,84,88,4,0,84,87,26575,0,0,0,0,1
2020-06-15,US,Virginia,King William,33,0,0,37.70965316,-77.09384941,51101.0,192.44226731980405,0.0,33,33,0,0,33,33,16939,0,0,0,0,0
2020-06-15,US,Virginia,King and Queen,24,1,0,37.71044922,-76.88689628,51097.0,341.6370106761566,4.166666666666667,23,24,1,0,23,24,7042,0,0,0,0,0
2020-06-15,US,Virginia,Lancaster,11,0,0,37.71889653,-76.46400482,51103.0,103.74422333301895,0.0,11,11,0,0,11,11,10783,0,0,0,0,0
2020-06-15,US,Virginia,Lee,9,0,0,36.70586667,-83.12606515,51105.0,38.42377150663877,0.0,9,9,0,0,9,9,23541,0,0,0,0,0
2020-06-15,US,Virginia,Lexington,8,0,0,37.78258621,-79.44262866,51678.0,107.44023636851999,0.0,8,8,0,0,8,8,7136,0,0,0,0,0
2020-06-15,US,Virginia,Loudoun,3404,71,0,39.08990083,-77.63481877,51107.0,823.140799636309,2.0857814336075204,3333,3384,71,0,3313,3321,406850,20,0,0,20,63
2020-06-15,US,Virginia,Louisa,99,1,0,37.97850256,-77.96274807,51109.0,263.360910856322,1.0101010101010102,98,98,1,0,97,98,36778,1,0,0,1,0
2020-06-15,US,Virginia,Lunenburg,21,0,0,36.94618528,-78.24133319,51111.0,172.18760249262056,0.0,21,21,0,0,21,20,12086,0,0,0,0,1
2020-06-15,US,Virginia,Lynchburg,92,1,0,37.40021399,-79.19888138,51680.0,111.96572875085192,1.0869565217391304,91,92,1,0,91,92,82126,0,0,0,0,0
2020-06-15,US,Virginia,Madison,42,1,0,38.41531222,-78.28220331,51113.0,316.7181962144635,2.380952380952381,41,42,1,0,41,42,13295,0,0,0,0,0
2020-06-15,US,Virginia,Manassas,1314,13,0,38.7464321,-77.48509905,51683.0,3198.247535596933,0.9893455098934549,1301,1309,12,0,1297,1299,41641,5,1,0,4,10
2020-06-15,US,Virginia,Manassas Park,384,6,0,38.77058531,-77.44399307,51685.0,2197.0477171301063,1.5625,378,378,6,0,372,372,17307,6,0,0,6,6
2020-06-15,US,Virginia,Martinsville,54,1,0,36.68212094,-79.86352771,51690.0,430.1417874780946,1.851851851851852,53,54,1,0,53,54,12902,0,0,0,0,0
2020-06-15,US,Virginia,Mathews,5,0,0,37.44164146,-76.34098896,51115.0,56.599501924383055,0.0,5,5,0,0,5,5,8802,0,0,0,0,0
2020-06-15,US,Virginia,Mecklenburg,229,24,0,36.67882005,-78.36131056,51117.0,748.684081472521,10.480349344978166,205,226,24,0,202,226,30650,3,0,0,3,0
2020-06-15,US,Virginia,Middlesex,14,0,0,37.63191998,-76.55064617,51119.0,132.3001323001323,0.0,14,14,0,0,14,14,10769,0,0,0,0,0
2020-06-15,US,Virginia,Montgomery,95,2,0,37.17746986,-80.37868691,51121.0,96.4124422793931,2.1052631578947367,93,96,2,0,94,96,98985,-1,0,0,-1,0
2020-06-15,US,Virginia,Nelson,18,0,0,37.78790447,-78.88498513,51125.0,120.56262558606831,0.0,18,18,0,0,18,18,14836,0,0,0,0,0
2020-06-15,US,Virginia,New Kent,46,1,0,37.50694406,-76.99828634,51127.0,199.21181412671604,2.1739130434782608,45,46,1,0,45,45,22391,0,0,0,0,1
2020-06-15,US,Virginia,Newport News,381,10,0,37.08166899,-76.51754109,51700.0,212.58195006277023,2.6246719160104988,371,371,10,0,361,357,178626,10,0,0,10,14
2020-06-15,US,Virginia,Norfolk,668,7,0,36.89934014,-76.26420872,51710.0,275.189295630752,1.0479041916167664,661,660,7,0,653,643,244076,8,0,0,8,17
2020-06-15,US,Virginia,Northampton,262,27,0,37.34062933,-75.87751591,51131.0,2237.403928266439,10.305343511450381,235,262,27,0,235,261,11735,0,0,0,0,1
2020-06-15,US,Virginia,Northumberland,27,1,0,37.89202088,-76.41949732,51133.0,223.23274080198428,3.703703703703704,26,26,1,0,25,26,12147,1,0,0,1,0
2020-06-15,US,Virginia,Norton,2,0,0,36.93357076,-82.62750411,51720.0,50.23863350916855,0.0,2,2,0,0,2,2,3968,0,0,0,0,0
2020-06-15,US,Virginia,Nottoway,67,0,0,37.1435975,-78.05065922,51135.0,439.86344537815125,0.0,67,67,0,0,67,65,15420,0,0,0,0,2
2020-06-15,US,Virginia,Orange,131,2,0,38.24530219,-78.01560400000002,51137.0,353.56670535208224,1.5267175572519085,129,130,2,0,128,124,36644,1,0,0,1,6
2020-06-15,US,Virginia,Page,252,24,0,38.61807452,-78.48797204,51139.0,1054.305079072881,9.523809523809524,228,251,24,0,227,251,23933,1,0,0,1,0
2020-06-15,US,Virginia,Patrick,32,0,0,36.680163799999995,-80.2865648,51141.0,181.7355747387551,0.0,32,31,0,0,31,31,17673,1,0,0,1,0
2020-06-15,US,Virginia,Petersburg,191,3,0,37.20530399,-77.39368102,51730.0,609.3281439418107,1.5706806282722514,188,185,3,0,182,180,31567,6,0,0,6,5
2020-06-15,US,Virginia,Pittsylvania,70,1,0,36.81980341,-79.39731264,51143.0,115.9823706796567,1.4285714285714286,69,69,1,0,68,60,60949,1,0,0,1,9
2020-06-15,US,Virginia,Poquoson,12,0,0,37.14259351,-76.35798148,51735.0,97.79154103170076,0.0,12,11,0,0,11,11,12190,1,0,0,1,0
2020-06-15,US,Virginia,Portsmouth,386,12,0,36.85914825,-76.35971629,51740.0,408.9069683679739,3.1088082901554404,374,375,12,0,363,375,94632,11,0,0,11,0
2020-06-15,US,Virginia,Powhatan,51,0,0,37.55016038,-77.91267882,51145.0,171.99514366653176,0.0,51,51,0,0,51,51,29189,0,0,0,0,0
2020-06-15,US,Virginia,Prince Edward,170,3,0,37.22554789,-78.43597949,51147.0,745.548636084554,1.7647058823529411,167,162,3,0,159,161,22950,8,0,0,8,1
2020-06-15,US,Virginia,Prince George,167,0,0,37.18497668,-77.22922187,51149.0,435.42878001720857,0.0,167,163,0,0,163,162,38082,4,0,0,4,1
2020-06-15,US,Virginia,Prince William,6608,122,0,38.70916224,-77.48713689,51153.0,1404.9560419700852,1.8462469733656173,6486,6580,120,0,6460,6509,468011,28,2,0,26,71
2020-06-15,US,Virginia,Pulaski,30,1,0,37.06474963,-80.71229738,51155.0,88.16528051253418,3.333333333333333,29,30,1,0,29,30,34066,0,0,0,0,0
2020-06-15,US,Virginia,Radford,8,0,0,37.12222899,-80.56027320000003,51750.0,43.83801852156282,0.0,8,8,0,0,8,8,18339,0,0,0,0,0
2020-06-15,US,Virginia,Rappahannock,17,0,0,38.68295619,-78.15826963,51157.0,230.66485753052916,0.0,17,17,0,0,17,17,7252,0,0,0,0,0
2020-06-15,US,Virginia,Richmond,292,5,0,37.937575,-76.72920628,51159.0,3236.174221434113,1.7123287671232876,287,291,5,0,286,291,9038,1,0,0,1,0
2020-06-15,US,Virginia,Richmond City,1832,29,0,37.53255773,-77.47966921,51760.0,795.0146678470378,1.5829694323144106,1803,1814,29,0,1785,1789,228783,18,0,0,18,25
2020-06-15,US,Virginia,Roanoke,134,5,0,37.26865804,-80.06396753,51161.0,142.27167519588897,3.7313432835820897,129,134,5,0,129,134,94073,0,0,0,0,0
2020-06-15,US,Virginia,Roanoke City,250,10,0,37.27791025,-79.96189766,51770.0,252.16101994089345,4.0,240,250,10,0,240,247,99920,0,0,0,0,3
2020-06-15,US,Virginia,Rockbridge,19,0,0,37.81204314,-79.44605905,51163.0,84.17135515881806,0.0,19,19,0,0,19,19,22752,0,0,0,0,0
2020-06-15,US,Virginia,Rockingham,629,7,0,38.51006137,-78.87260325,51165.0,767.5599160443206,1.1128775834658189,622,627,7,0,620,621,81244,2,0,0,2,6
2020-06-15,US,Virginia,Russell,8,0,0,36.93028320000001,-82.10095486,51167.0,30.091025351688856,0.0,8,8,0,0,8,8,26748,0,0,0,0,0
2020-06-15,US,Virginia,Salem,44,3,0,37.2836193,-80.06219455,51775.0,173.90616971661203,6.8181818181818175,41,44,3,0,41,43,25643,0,0,0,0,1
2020-06-15,US,Virginia,Scott,8,2,0,36.71466456,-82.60171704,51169.0,37.095427988500425,25.0,6,7,2,0,5,7,21534,1,0,0,1,0
2020-06-15,US,Virginia,Shenandoah,511,26,0,38.85905135,-78.56813762,51171.0,1171.5884079236978,5.088062622309199,485,510,26,0,484,509,43497,1,0,0,1,1
2020-06-15,US,Virginia,Smyth,20,0,0,36.84455636,-81.53344948,51173.0,66.43635397289397,0.0,20,18,0,0,18,18,30472,2,0,0,2,0
2020-06-15,US,Virginia,Southampton,155,2,0,36.72231125,-77.10642712,51175.0,879.1333446769894,1.2903225806451613,153,155,2,0,153,155,17586,0,0,0,0,0
2020-06-15,US,Virginia,Spotsylvania,837,16,0,38.18574462,-77.655399,51177.0,614.4697720515362,1.911589008363202,821,813,15,0,798,752,134238,24,1,0,23,61
2020-06-15,US,Virginia,Stafford,893,5,0,38.41758738,-77.45917053,51179.0,584.1106212634581,0.5599104143337066,888,887,5,0,882,877,149960,6,0,0,6,10
2020-06-15,US,Virginia,Staunton,60,0,0,38.15965544,-79.05979937,51790.0,240.65458045884807,0.0,60,60,0,0,60,60,24922,0,0,0,0,0
2020-06-15,US,Virginia,Suffolk,345,34,0,36.70155394,-76.63603554,51800.0,374.56029877969337,9.855072463768117,311,344,33,0,311,341,91185,1,1,0,0,3
2020-06-15,US,Virginia,Surry,13,1,0,37.11781893,-76.88450012,51181.0,202.4291497975709,7.6923076923076925,12,13,1,0,12,13,6474,0,0,0,0,0
2020-06-15,US,Virginia,Sussex,183,2,0,36.92432914,-77.25791182,51183.0,1639.9318935388474,1.0928961748633879,181,181,2,0,179,178,11237,2,0,0,2,3
2020-06-15,US,Virginia,Tazewell,9,0,0,37.12191123,-81.56685568,51185.0,22.170218007143742,0.0,9,9,0,0,9,9,40855,0,0,0,0,0
2020-06-15,US,Virginia,Virginia Beach,899,27,0,36.73285734,-76.04566934,51810.0,199.78932116077817,3.0033370411568407,872,890,27,0,863,869,450189,9,0,0,9,21
2020-06-15,US,Virginia,Warren,231,4,0,38.90847745,-78.20280433,51187.0,575.1419181356439,1.7316017316017316,227,230,4,0,226,229,40003,1,0,0,1,1
2020-06-15,US,Virginia,Washington,58,4,0,36.72341572,-81.95666289,51191.0,107.9270561965017,6.896551724137932,54,58,4,0,54,58,54402,0,0,0,0,0
2020-06-15,US,Virginia,Waynesboro,54,0,0,38.06451466,-78.90293905,51820.0,238.62129916040652,0.0,54,53,0,0,53,53,22628,1,0,0,1,0
2020-06-15,US,Virginia,Westmoreland,87,1,0,38.11021557,-76.80213247,51193.0,482.9308909242298,1.1494252873563218,86,87,1,0,86,85,17830,0,0,0,0,2
2020-06-15,US,Virginia,Williamsburg,50,5,0,37.28131268,-76.70905141,51830.0,334.35870001337435,10.0,45,50,5,0,45,49,14896,0,0,0,0,1
2020-06-15,US,Virginia,Winchester,265,3,0,39.17054517,-78.17325058,51840.0,943.7994159128143,1.1320754716981132,262,264,3,0,261,263,28108,1,0,0,1,1
2020-06-15,US,Virginia,Wise,27,2,0,36.9746148,-82.62410519,51195.0,72.22534307037958,7.407407407407407,25,27,2,0,25,27,38012,0,0,0,0,0
2020-06-15,US,Virginia,Wythe,42,1,0,36.91582035,-81.07834059,51197.0,146.42309301352668,2.380952380952381,41,42,1,0,41,42,28754,0,0,0,0,0
2020-06-15,US,Virginia,York,93,3,0,37.24374789,-76.54412815,51199.0,136.20386643233743,3.2258064516129035,90,93,3,0,90,91,67846,0,0,0,0,2
2020-06-15,US,Washington,Adams,93,0,0,46.98299757,-118.56017340000001,53001.0,465.39558624831113,0.0,93,91,0,0,91,90,19759,2,0,0,2,1
2020-06-15,US,Washington,Asotin,20,2,0,46.18894415,-117.2022851,53003.0,88.56611460455228,10.0,18,20,2,0,18,20,22610,0,0,0,0,0
2020-06-15,US,Washington,Benton,1171,73,0,46.23946995,-119.51208340000001,53005.0,572.9243113655267,6.23398804440649,1098,1132,73,0,1059,1106,201877,39,0,0,39,26
2020-06-15,US,Washington,Chelan,273,6,0,47.87046092,-120.6173956,53007.0,353.6269430051814,2.1978021978021984,267,273,6,0,267,272,77036,0,0,0,0,1
2020-06-15,US,Washington,Clallam,29,0,0,48.04754642,-123.92263190000001,53009.0,37.50113149965732,0.0,29,29,0,0,29,29,76737,0,0,0,0,0
2020-06-15,US,Washington,Clark,620,27,0,45.77568046,-122.48292040000001,53011.0,126.98646774850944,4.354838709677419,593,617,27,0,590,611,481857,3,0,0,3,6
2020-06-15,US,Washington,Columbia,1,0,0,46.29442881,-117.9051983,53013.0,25.094102885821833,0.0,1,1,0,0,1,1,4059,0,0,0,0,0
2020-06-15,US,Washington,Cowlitz,109,0,0,46.19074721,-122.6782231,53015.0,98.5595833371009,0.0,109,107,0,0,107,105,108987,2,0,0,2,2
2020-06-15,US,Washington,Douglas,183,3,0,47.7361335,-119.69293700000001,53017.0,421.37742061755966,1.639344262295082,180,185,3,0,182,180,42907,-2,0,0,-2,5
2020-06-15,US,Washington,Ferry,1,0,0,48.471143100000006,-118.5154041,53019.0,13.111315064901008,0.0,1,1,0,0,1,1,7649,0,0,0,0,0
2020-06-15,US,Washington,Franklin,946,26,0,46.53351425,-118.9018212,53021.0,993.4678960744367,2.748414376321353,920,896,25,0,871,872,94347,50,1,0,49,24
2020-06-15,US,Washington,Grant,264,5,0,47.20753737,-119.4500749,53025.0,270.12370437825507,1.893939393939394,259,259,5,0,254,253,97331,5,0,0,5,6
2020-06-15,US,Washington,Grays Harbor,20,0,0,47.14003705,-123.7820567,53027.0,26.64499540373829,0.0,20,20,0,0,20,20,73901,0,0,0,0,0
2020-06-15,US,Washington,Island,182,11,0,48.14713305,-122.5216407,53029.0,213.76305187864838,6.043956043956044,171,182,11,0,171,182,84460,0,0,0,0,0
2020-06-15,US,Washington,Jefferson,32,0,0,47.75003077,-123.56097040000002,53031.0,99.31411191458986,0.0,32,31,0,0,31,31,31729,1,0,0,1,0
2020-06-15,US,Washington,King,8785,592,0,47.49137892,-121.8346131,53033.0,389.9622777525744,6.738759248719408,8193,8722,591,0,8131,8694,2233163,63,1,0,62,28
2020-06-15,US,Washington,Kitsap,178,2,0,47.63479026,-122.6436061,53035.0,65.56821488693167,1.1235955056179776,176,176,2,0,174,176,269805,2,0,0,2,0
2020-06-15,US,Washington,Kittitas,92,0,0,47.12521214,-120.67943899999999,53037.0,191.92656722645248,0.0,92,92,0,0,92,92,47364,0,0,0,0,0
2020-06-15,US,Washington,Klickitat,46,3,0,45.87325839,-120.7913598,53039.0,205.12820512820514,6.521739130434782,43,45,3,0,42,45,22107,1,0,0,1,0
2020-06-15,US,Washington,Lewis,39,3,0,46.57756476,-122.39257690000001,53041.0,48.32294596503401,7.6923076923076925,36,38,3,0,35,38,79604,1,0,0,1,0
2020-06-15,US,Washington,Lincoln,2,0,0,47.57705241,-118.41943880000001,53043.0,18.283206874485785,0.0,2,2,0,0,2,2,10740,0,0,0,0,0
2020-06-15,US,Washington,Mason,40,1,0,47.35007586,-123.1863685,53045.0,59.90893841361132,2.5,39,40,1,0,39,39,65507,0,0,0,0,1
2020-06-15,US,Washington,Okanogan,58,1,0,48.54855019,-119.73872240000001,53047.0,137.30085457945694,1.7241379310344829,57,57,1,0,56,57,42132,1,0,0,1,0
2020-06-15,US,Washington,Pacific,12,1,0,46.55418369,-123.7285716,53049.0,53.4021627875929,8.333333333333334,11,12,1,0,11,11,22036,0,0,0,0,1
2020-06-15,US,Washington,Pend Oreille,3,0,0,48.53234021,-117.2741804,53051.0,21.85951617604197,0.0,3,3,0,0,3,3,13602,0,0,0,0,0
2020-06-15,US,Washington,Pierce,2143,89,0,47.03892768,-122.14059579999999,53053.0,236.80081327764148,4.153056462902473,2054,2134,89,0,2045,2111,891299,9,0,0,9,23
2020-06-15,US,Washington,San Juan,15,0,0,48.60182783,-122.96745,53055.0,85.31452621999773,0.0,15,15,0,0,15,15,17128,0,0,0,0,0
2020-06-15,US,Washington,Skagit,463,15,0,48.48171488,-121.766131,53057.0,358.3452652761116,3.239740820734341,448,461,15,0,446,457,128206,2,0,0,2,4
2020-06-15,US,Washington,Skamania,3,0,0,46.02408726,-121.91644029999999,53059.0,24.828271124720683,0.0,3,3,0,0,3,3,11924,0,0,0,0,0
2020-06-15,US,Washington,Snohomish,3152,156,0,48.04615983,-121.7170703,53061.0,383.41627305272095,4.949238578680203,2996,3136,156,0,2980,3129,814901,16,0,0,16,7
2020-06-15,US,Washington,Spokane,833,37,0,47.62113146,-117.4046494,53063.0,159.3349630258723,4.441776710684273,796,820,37,0,783,804,514631,13,0,0,13,16
2020-06-15,US,Washington,Stevens,15,1,0,48.40035475,-117.8542701,53065.0,32.80624630929729,6.666666666666668,14,15,1,0,14,15,45260,0,0,0,0,0
2020-06-15,US,Washington,Thurston,190,4,0,46.9291895,-122.82906559999999,53067.0,65.3963708456095,2.1052631578947367,186,190,4,0,186,187,286419,0,0,0,0,3
2020-06-15,US,Washington,Unassigned,91,0,0,0.0,0.0,90053.0,0.0,0.0,91,48,0,0,48,33,,43,0,0,43,15
2020-06-15,US,Washington,Wahkiakum,4,0,0,46.29180039999999,-123.4250831,53069.0,89.12655971479502,0.0,4,4,0,0,4,4,4426,0,0,0,0,0
2020-06-15,US,Washington,Walla Walla,120,3,0,46.23040051,-118.4775539,53071.0,197.49835418038185,2.5,117,118,3,0,115,118,60922,2,0,0,2,0
2020-06-15,US,Washington,Whatcom,453,38,0,48.82227976,-121.74900179999999,53073.0,197.60345827862525,8.388520971302428,415,448,38,0,410,440,225685,5,0,0,5,8
2020-06-15,US,Washington,Whitman,27,0,0,46.90022523,-117.52417630000001,53075.0,53.88791314066742,0.0,27,27,0,0,27,27,49791,0,0,0,0,0
2020-06-15,US,Washington,Yakima,5450,121,0,46.45738486,-120.73801259999999,53077.0,2172.413930554504,2.2201834862385317,5329,5384,120,0,5264,5265,251446,66,1,0,65,119
2020-06-15,US,West Virginia,Barbour,10,1,0,39.1307219,-80.00350858,54001.0,60.823550878900306,10.0,9,10,1,0,9,10,16535,0,0,0,0,0
2020-06-15,US,West Virginia,Berkeley,395,9,0,39.46704621,-78.02414609,54003.0,331.45647850567667,2.278481012658228,386,386,9,0,377,386,117123,9,0,0,9,0
2020-06-15,US,West Virginia,Boone,18,0,0,38.01974191,-81.69888019,54005.0,83.88870764785383,0.0,18,17,0,0,17,17,21951,1,0,0,1,0
2020-06-15,US,West Virginia,Braxton,3,0,0,38.70036159,-80.72011184,54007.0,21.49459052805044,0.0,3,3,0,0,3,3,14089,0,0,0,0,0
2020-06-15,US,West Virginia,Brooke,6,0,0,40.27367263,-80.57915332,54009.0,27.34855736359907,0.0,6,5,0,0,5,5,22203,1,0,0,1,0
2020-06-15,US,West Virginia,Cabell,75,0,0,38.42424062,-82.23855912,54011.0,81.57050410571539,0.0,75,71,0,0,71,71,93224,4,0,0,4,0
2020-06-15,US,West Virginia,Calhoun,2,0,0,38.84315422,-81.11934872,54013.0,28.133352088901397,0.0,2,2,0,0,2,2,7254,0,0,0,0,0
2020-06-15,US,West Virginia,Clay,10,0,0,38.46231092,-81.07652217,54015.0,117.53643629525152,0.0,10,10,0,0,10,10,8632,0,0,0,0,0
2020-06-15,US,West Virginia,Fayette,54,4,0,38.02974928,-81.08286634,54019.0,127.34047068811016,7.407407407407407,50,54,4,0,50,54,43018,0,0,0,0,0
2020-06-15,US,West Virginia,Gilmer,10,0,0,38.9251277,-80.85952723,54021.0,127.82819890067749,0.0,10,10,0,0,10,10,8026,0,0,0,0,0
2020-06-15,US,West Virginia,Grant,16,0,0,39.10314817,-79.19440518,54023.0,138.31258644536652,0.0,16,16,0,0,16,16,11626,0,0,0,0,0
2020-06-15,US,West Virginia,Greenbrier,30,0,0,37.9463652,-80.45335881,54025.0,86.55011251514628,0.0,30,21,0,0,21,13,34786,9,0,0,9,8
2020-06-15,US,West Virginia,Hampshire,39,1,0,39.32103553,-78.60826476,54027.0,168.2847896440129,2.5641025641025643,38,39,1,0,38,39,23347,0,0,0,0,0
2020-06-15,US,West Virginia,Hancock,20,0,0,40.51943859,-80.57461608,54029.0,69.42034015966678,0.0,20,20,0,0,20,20,29094,0,0,0,0,0
2020-06-15,US,West Virginia,Hardy,40,0,0,39.00683177,-78.85855301,54031.0,290.36004645760744,0.0,40,40,0,0,40,40,13775,0,0,0,0,0
2020-06-15,US,West Virginia,Harrison,48,1,0,39.2853852,-80.37919577,54033.0,71.36909718092066,2.083333333333333,47,46,1,0,45,46,67554,2,0,0,2,0
2020-06-15,US,West Virginia,Jackson,141,18,0,38.84263974,-81.68148753,54035.0,493.4210526315789,12.76595744680851,123,141,18,0,123,141,28706,0,0,0,0,0
2020-06-15,US,West Virginia,Jefferson,209,4,0,39.30776166,-77.86014147,54037.0,365.72988485633283,1.9138755980861244,205,207,4,0,203,207,56811,2,0,0,2,0
2020-06-15,US,West Virginia,Kanawha,247,20,0,38.33860077,-81.52857054,54039.0,138.66744515056928,8.097165991902834,227,246,20,0,226,245,180454,1,0,0,1,1
2020-06-15,US,West Virginia,Lewis,8,1,0,38.9947249,-80.49988181,54041.0,50.292324134029045,12.5,7,8,1,0,7,8,16024,0,0,0,0,0
2020-06-15,US,West Virginia,Lincoln,5,0,0,38.172154,-82.07017953,54043.0,24.498995541182808,0.0,5,5,0,0,5,5,20599,0,0,0,0,0
2020-06-15,US,West Virginia,Logan,21,1,0,37.8299889,-81.93528571,54045.0,65.58605827789751,4.761904761904762,20,21,1,0,20,21,32607,0,0,0,0,0
2020-06-15,US,West Virginia,Marion,53,2,0,39.50984542,-80.24244659,54049.0,94.5213297189328,3.7735849056603774,51,54,2,0,52,54,56097,-1,0,0,-1,0
2020-06-15,US,West Virginia,Marshall,37,0,0,39.86064362,-80.66591062,54051.0,121.18830041597064,0.0,37,38,0,0,38,38,30785,-1,0,0,-1,0
2020-06-15,US,West Virginia,Mason,15,0,0,38.77071799,-82.02524219,54053.0,56.569618343641565,0.0,15,15,0,0,15,15,26718,0,0,0,0,0
2020-06-15,US,West Virginia,McDowell,6,0,0,37.38002939,-81.65083669,54047.0,34.04448479346346,0.0,6,6,0,0,6,6,18223,0,0,0,0,0
2020-06-15,US,West Virginia,Mercer,14,0,0,37.40481169,-81.11023142,54055.0,23.82654276864427,0.0,14,14,0,0,14,14,59131,0,0,0,0,0
2020-06-15,US,West Virginia,Mineral,51,2,0,39.41561583,-78.94104895,54057.0,189.8168825368468,3.92156862745098,49,51,2,0,49,51,26940,0,0,0,0,0
2020-06-15,US,West Virginia,Mingo,12,2,0,37.73048351,-82.13338365,54059.0,51.22950819672131,16.666666666666668,10,12,2,0,10,12,23785,0,0,0,0,0
2020-06-15,US,West Virginia,Monongalia,145,5,0,39.63218457,-80.04766838,54061.0,137.29500435556565,3.4482758620689653,140,145,5,0,140,143,106420,0,0,0,0,2
2020-06-15,US,West Virginia,Monroe,9,0,0,37.56274716,-80.54577965,54063.0,67.79661016949153,0.0,9,9,0,0,9,9,13280,0,0,0,0,0
2020-06-15,US,West Virginia,Morgan,19,0,0,39.55439028,-78.26311676,54065.0,106.24021471706553,0.0,19,19,0,0,19,19,17787,0,0,0,0,0
2020-06-15,US,West Virginia,Nicholas,7,1,0,38.29617706,-80.79759588,54067.0,28.576094056172444,14.285714285714285,6,7,1,0,6,7,24842,0,0,0,0,0
2020-06-15,US,West Virginia,Ohio,57,1,0,40.0955451,-80.62203992,54069.0,137.6445871869793,1.7543859649122806,56,55,1,0,54,54,41755,2,0,0,2,1
2020-06-15,US,West Virginia,Pendleton,13,1,0,38.68314479,-79.35084086,54071.0,186.5403931697517,7.6923076923076925,12,13,1,0,12,13,6997,0,0,0,0,0
2020-06-15,US,West Virginia,Pleasants,4,0,0,39.37091679,-81.16771771,54073.0,53.61930294906166,0.0,4,4,0,0,4,4,7507,0,0,0,0,0
2020-06-15,US,West Virginia,Pocahontas,21,0,0,38.32758728,-80.00993811,54075.0,254.63805020007274,0.0,21,21,0,0,21,21,8414,0,0,0,0,0
2020-06-15,US,West Virginia,Preston,24,2,0,39.46770987,-79.66712803,54077.0,71.78750897343862,8.333333333333334,22,24,2,0,22,24,33839,0,0,0,0,0
2020-06-15,US,West Virginia,Putnam,42,0,0,38.50782345,-81.9082131,54079.0,74.40212577502214,0.0,42,42,0,0,42,42,56682,0,0,0,0,0
2020-06-15,US,West Virginia,Raleigh,26,0,0,37.76936795,-81.2456041,54081.0,35.44117446599692,0.0,26,26,0,0,26,23,74254,0,0,0,0,3
2020-06-15,US,West Virginia,Randolph,140,0,0,38.769899,-79.87919615,54083.0,487.88987628506715,0.0,140,141,0,0,141,141,28823,-1,0,0,-1,0
2020-06-15,US,West Virginia,Ritchie,2,0,0,39.18094587,-81.06356878,54085.0,20.933640360058615,0.0,2,2,0,0,2,2,9721,0,0,0,0,0
2020-06-15,US,West Virginia,Roane,11,1,0,38.71622686,-81.35243568,54087.0,80.3623611922852,9.090909090909092,10,10,1,0,9,10,13932,1,0,0,1,0
2020-06-15,US,West Virginia,Summers,1,0,0,37.65390597,-80.86009693,54089.0,7.953551260637875,0.0,1,1,0,0,1,1,12760,0,0,0,0,0
2020-06-15,US,West Virginia,Taylor,10,0,0,39.33602617,-80.0421439,54091.0,59.89817310572028,0.0,10,10,0,0,10,10,16862,0,0,0,0,0
2020-06-15,US,West Virginia,Tucker,5,0,0,39.11240885,-79.57053576,54093.0,73.11010381634742,0.0,5,5,0,0,5,5,6955,0,0,0,0,0
2020-06-15,US,West Virginia,Tyler,3,0,0,39.46811972,-80.88772676,54095.0,34.920265394016994,0.0,3,3,0,0,3,3,8746,0,0,0,0,0
2020-06-15,US,West Virginia,Unassigned,1,0,0,0.0,0.0,90054.0,0.0,0.0,1,,,,,,,,,,,
2020-06-15,US,West Virginia,Upshur,7,0,0,38.89285061,-80.23689136,54097.0,28.95433487756453,0.0,7,7,0,0,7,7,24415,0,0,0,0,0
2020-06-15,US,West Virginia,Wayne,106,9,0,38.14901357,-82.42287994,54099.0,269.0218770620781,8.49056603773585,97,105,9,0,96,104,39944,1,0,0,1,1
2020-06-15,US,West Virginia,Wetzel,9,0,0,39.6065771,-80.64016540000001,54103.0,59.741121805509465,0.0,9,9,0,0,9,9,15270,0,0,0,0,0
2020-06-15,US,West Virginia,Wirt,4,0,0,39.02775007,-81.37473928,54105.0,68.7167153410067,0.0,4,4,0,0,4,4,5830,0,0,0,0,0
2020-06-15,US,West Virginia,Wood,56,2,0,39.20967886,-81.5162836,54107.0,67.05141406642879,3.571428571428572,54,55,2,0,53,55,84203,1,0,0,1,0
2020-06-15,US,West Virginia,Wyoming,5,0,0,37.612327,-81.54511071,54109.0,24.517014808276944,0.0,5,5,0,0,5,5,20786,0,0,0,0,0
2020-06-15,US,Wisconsin,Adams,8,2,0,43.96974651,-89.76782777,55001.0,39.564787339268044,25.0,6,8,1,0,7,7,20348,0,1,0,-1,1
2020-06-15,US,Wisconsin,Ashland,3,0,0,46.31956891,-90.67837132,55003.0,19.27772779848349,0.0,3,3,0,0,3,3,15600,0,0,0,0,0
2020-06-15,US,Wisconsin,Barron,25,0,0,45.42372701,-91.84833627,55005.0,55.255945539740075,0.0,25,25,0,0,25,24,45164,0,0,0,0,1
2020-06-15,US,Wisconsin,Bayfield,3,1,0,46.52868768,-91.19716729,55007.0,19.952114924181963,33.333333333333336,2,3,1,0,2,3,15042,0,0,0,0,0
2020-06-15,US,Wisconsin,Brown,2469,38,0,44.452655299999996,-88.00411844,55009.0,933.3111566405336,1.539084649655731,2431,2469,38,0,2431,2458,263378,0,0,0,0,11
2020-06-15,US,Wisconsin,Buffalo,7,2,0,44.37835084,-91.75332578,55011.0,53.718056941140354,28.57142857142857,5,7,2,0,5,7,13125,0,0,0,0,0
2020-06-15,US,Wisconsin,Burnett,2,1,0,45.86303537,-92.36711412,55013.0,12.975217334890358,50.0,1,2,1,0,1,2,15392,0,0,0,0,0
2020-06-15,US,Wisconsin,Calumet,86,2,0,44.0816316,-88.21780273,55015.0,171.6943839964863,2.3255813953488373,84,86,2,0,84,86,50159,0,0,0,0,0
2020-06-15,US,Wisconsin,Chippewa,62,0,0,45.06939744,-91.28068855,55017.0,95.88913978162022,0.0,62,62,0,0,62,63,64135,0,0,0,0,-1
2020-06-15,US,Wisconsin,Clark,51,4,0,44.73483377,-90.61207486,55019.0,146.66129867142118,7.84313725490196,47,50,4,0,46,50,34709,1,0,0,1,0
2020-06-15,US,Wisconsin,Columbia,56,1,0,43.46492199,-89.33589004,55021.0,97.33713411666551,1.7857142857142858,55,56,1,0,55,56,57358,0,0,0,0,0
2020-06-15,US,Wisconsin,Crawford,27,0,0,43.23870316,-90.93073686,55023.0,167.37957969127766,0.0,27,27,0,0,27,26,16291,0,0,0,0,1
2020-06-15,US,Wisconsin,Dane,968,30,0,43.06601594,-89.41733797,55025.0,177.06399363447628,3.0991735537190084,938,956,30,0,926,933,542364,12,0,0,12,23
2020-06-15,US,Wisconsin,Dodge,424,4,0,43.41576662,-88.70928178,55027.0,482.7013057981079,0.9433962264150944,420,423,4,0,419,423,87847,1,0,0,1,0
2020-06-15,US,Wisconsin,Door,39,3,0,44.95856458,-87.30002707,55029.0,140.95706231025008,7.6923076923076925,36,39,3,0,36,39,27610,0,0,0,0,0
2020-06-15,US,Wisconsin,Douglas,20,0,0,46.43222285,-91.91595768,55031.0,46.349942062572424,0.0,20,20,0,0,20,20,43208,0,0,0,0,0
2020-06-15,US,Wisconsin,Dunn,29,0,0,44.94562799,-91.8962481,55033.0,63.921706929994706,0.0,29,29,0,0,29,29,45131,0,0,0,0,0
2020-06-15,US,Wisconsin,Eau Claire,137,0,0,44.726614,-91.28609183,55035.0,130.91756971121686,0.0,137,137,0,0,137,132,104534,0,0,0,0,5
2020-06-15,US,Wisconsin,Florence,2,0,0,45.84963535,-88.39804137,55037.0,46.56577415599534,0.0,2,2,0,0,2,2,4321,0,0,0,0,0
2020-06-15,US,Wisconsin,Fond du Lac,269,6,0,43.75354908,-88.48885325,55039.0,260.14719108729923,2.2304832713754648,263,262,6,0,256,259,103066,7,0,0,7,3
2020-06-15,US,Wisconsin,Forest,34,2,0,45.66678019,-88.77084892,55041.0,377.6099511328298,5.882352941176472,32,34,2,0,32,34,8991,0,0,0,0,0
2020-06-15,US,Wisconsin,Grant,107,12,0,42.8671731,-90.7063218,55043.0,208.01337506561168,11.214953271028037,95,107,12,0,95,106,51554,0,0,0,0,1
2020-06-15,US,Wisconsin,Green,75,1,0,42.6794956,-89.60243287,55045.0,202.922077922078,1.3333333333333333,74,75,1,0,74,75,36929,0,0,0,0,0
2020-06-15,US,Wisconsin,Green Lake,24,0,0,43.80025981,-89.04679553,55047.0,126.8968434410194,0.0,24,24,0,0,24,24,18918,0,0,0,0,0
2020-06-15,US,Wisconsin,Iowa,17,0,0,43.00050278,-90.13469017,55049.0,71.79660444294281,0.0,17,17,0,0,17,17,23771,0,0,0,0,0
2020-06-15,US,Wisconsin,Iron,2,1,0,46.26302338,-90.24295041,55051.0,35.16792685071215,50.0,1,2,1,0,1,2,5676,0,0,0,0,0
2020-06-15,US,Wisconsin,Jackson,21,1,0,44.31864893,-90.80566792,55053.0,101.7293997965412,4.761904761904762,20,21,1,0,20,21,20478,0,0,0,0,0
2020-06-15,US,Wisconsin,Jefferson,160,4,0,43.02054068,-88.77529134,55055.0,188.7482452311576,2.5,156,158,4,0,154,155,85129,2,0,0,2,3
2020-06-15,US,Wisconsin,Juneau,25,1,0,43.92456975,-90.11120239,55057.0,93.67857009030615,4.0,24,25,1,0,24,24,26617,0,0,0,0,1
2020-06-15,US,Wisconsin,Kenosha,1357,36,0,42.57639354,-88.04051686,55059.0,800.3019562281421,2.652910832719233,1321,1356,36,0,1320,1343,169290,1,0,0,1,13
2020-06-15,US,Wisconsin,Kewaunee,37,1,0,44.51727459,-87.61468386,55061.0,181.0707644122541,2.702702702702702,36,37,1,0,36,37,20383,0,0,0,0,0
2020-06-15,US,Wisconsin,La Crosse,123,0,0,43.90632465,-91.11451093,55063.0,104.22315618221258,0.0,123,116,0,0,116,110,118230,7,0,0,7,6
2020-06-15,US,Wisconsin,Lafayette,43,0,0,42.66005229,-90.1317729,55065.0,258.02580258025796,0.0,43,41,0,0,41,41,16665,2,0,0,2,0
2020-06-15,US,Wisconsin,Langlade,6,0,0,45.26271619,-89.07483625,55067.0,31.26791390901037,0.0,6,5,0,0,5,5,19268,1,0,0,1,0
2020-06-15,US,Wisconsin,Lincoln,8,0,0,45.33737523,-89.73411273,55069.0,28.99286050809988,0.0,8,8,0,0,8,7,27689,0,0,0,0,1
2020-06-15,US,Wisconsin,Manitowoc,47,1,0,44.11946801,-87.80928853,55071.0,59.507982932604044,2.127659574468085,46,45,1,0,44,42,79074,2,0,0,2,3
2020-06-15,US,Wisconsin,Marathon,82,1,0,44.89792533,-89.75863384,55073.0,60.430976033959254,1.2195121951219512,81,82,1,0,81,79,135428,0,0,0,0,3
2020-06-15,US,Wisconsin,Marinette,40,3,0,45.38553432,-88.03324599999998,55075.0,99.13258983890955,7.5,37,39,3,0,36,39,40434,1,0,0,1,0
2020-06-15,US,Wisconsin,Marquette,9,1,0,43.81911946,-89.40073763,55077.0,57.78862206241171,11.111111111111109,8,9,1,0,8,9,15434,0,0,0,0,0
2020-06-15,US,Wisconsin,Menominee,4,0,0,45.00422544,-88.70950714,55078.0,87.7963125548727,0.0,4,4,0,0,4,3,4658,0,0,0,0,1
2020-06-15,US,Wisconsin,Milwaukee,9588,350,0,43.00486062,-87.96733172,55079.0,1013.82430006154,3.650396328744264,9238,9511,350,0,9161,9418,948201,77,0,0,77,93
2020-06-15,US,Wisconsin,Monroe,33,1,0,43.94641218,-90.61881899999999,55081.0,71.34672345577584,3.0303030303030303,32,32,1,0,31,30,46051,1,0,0,1,2
2020-06-15,US,Wisconsin,Oconto,45,0,0,45.02715345,-88.26807503,55083.0,118.63959926179804,0.0,45,44,0,0,44,44,37830,1,0,0,1,0
2020-06-15,US,Wisconsin,Oneida,16,0,0,45.70677897,-89.51944105,55085.0,44.950133445708666,0.0,16,16,0,0,16,14,35470,0,0,0,0,2
2020-06-15,US,Wisconsin,Outagamie,343,8,0,44.41578887,-88.46565023,55087.0,182.5584799212284,2.332361516034985,335,337,8,0,329,331,187365,6,0,0,6,6
2020-06-15,US,Wisconsin,Ozaukee,193,13,0,43.38352225,-87.94625009,55089.0,216.31678640678766,6.735751295336788,180,193,13,0,180,190,89147,0,0,0,0,3
2020-06-15,US,Wisconsin,Pepin,1,0,0,44.58307413,-91.99949611,55091.0,13.723068478111706,0.0,1,1,0,0,1,1,7289,0,0,0,0,0
2020-06-15,US,Wisconsin,Pierce,57,0,0,44.71850291,-92.4224416,55093.0,133.3208588670066,0.0,57,54,0,0,54,52,42555,3,0,0,3,2
2020-06-15,US,Wisconsin,Polk,37,1,0,45.46130348,-92.44182875,55095.0,84.50768563140943,2.702702702702702,36,37,1,0,36,36,43598,0,0,0,0,1
2020-06-15,US,Wisconsin,Portage,79,0,0,44.47558711,-89.50152965,55097.0,111.62606680608151,0.0,79,75,0,0,75,71,70942,4,0,0,4,4
2020-06-15,US,Wisconsin,Price,2,0,0,45.68051754,-90.36098879999999,55099.0,14.980151299528124,0.0,2,2,0,0,2,2,13397,0,0,0,0,0
2020-06-15,US,Wisconsin,Racine,1991,54,0,42.74753117,-88.05941254,55101.0,1014.2070490191584,2.7122049221496733,1937,1989,54,0,1935,1986,196584,2,0,0,2,3
2020-06-15,US,Wisconsin,Richland,14,4,0,43.3762778,-90.43012729,55103.0,81.1500115928588,28.57142857142857,10,14,4,0,10,14,17377,0,0,0,0,0
2020-06-15,US,Wisconsin,Rock,754,21,0,42.67151616,-89.07147900000002,55105.0,461.5742497888022,2.7851458885941645,733,754,21,0,733,752,163129,0,0,0,0,2
2020-06-15,US,Wisconsin,Rusk,10,0,0,45.47498854,-91.1333012,55107.0,70.53180984624065,0.0,10,10,0,0,10,9,14147,0,0,0,0,1
2020-06-15,US,Wisconsin,Sauk,85,3,0,43.42574087,-89.94966132,55111.0,131.9015548865647,3.5294117647058822,82,85,3,0,82,86,64249,0,0,0,0,-1
2020-06-15,US,Wisconsin,Sawyer,9,0,0,45.87931905,-91.14504927,55113.0,54.35439062688731,0.0,9,9,0,0,9,9,16489,0,0,0,0,0
2020-06-15,US,Wisconsin,Shawano,64,0,0,44.78902246,-88.76443896,55115.0,156.4830435951979,0.0,64,63,0,0,63,62,40796,1,0,0,1,1
2020-06-15,US,Wisconsin,Sheboygan,158,4,0,43.72099677,-87.94579284,55117.0,136.98630136986299,2.5316455696202533,154,157,4,0,153,147,115456,1,0,0,1,10
2020-06-15,US,Wisconsin,St. Croix,111,0,0,45.03437474,-92.45000068,55109.0,122.39902080783354,0.0,111,111,0,0,111,111,89694,0,0,0,0,0
2020-06-15,US,Wisconsin,Taylor,5,0,0,45.21179252,-90.5004405,55119.0,24.5784790837143,0.0,5,3,0,0,3,2,20412,2,0,0,2,1
2020-06-15,US,Wisconsin,Trempealeau,64,0,0,44.30360275,-91.35893614,55121.0,215.8588822557253,0.0,64,57,0,0,57,56,29442,7,0,0,7,1
2020-06-15,US,Wisconsin,Vernon,24,0,0,43.59422667,-90.8324691,55123.0,77.86645902277594,0.0,24,24,0,0,24,24,30785,0,0,0,0,0
2020-06-15,US,Wisconsin,Vilas,8,0,0,46.05467334,-89.51719204,55125.0,36.044154088758724,0.0,8,8,0,0,8,8,21938,0,0,0,0,0
2020-06-15,US,Wisconsin,Walworth,471,17,0,42.66858202,-88.54163073,55127.0,453.4601609735434,3.609341825902336,454,471,17,0,454,471,103718,0,0,0,0,0
2020-06-15,US,Wisconsin,Washburn,3,0,0,45.89838588,-91.79050449,55129.0,19.083969465648856,0.0,3,3,0,0,3,3,15878,0,0,0,0,0
2020-06-15,US,Wisconsin,Washington,294,11,0,43.36863664,-88.22974712,55131.0,216.1224399782407,3.741496598639456,283,290,11,0,279,290,135693,4,0,0,4,0
2020-06-15,US,Wisconsin,Waukesha,915,35,0,43.01833055,-88.30431188,55133.0,226.37420274222043,3.8251366120218577,880,904,34,0,870,894,403072,11,1,0,10,10
2020-06-15,US,Wisconsin,Waupaca,79,3,0,44.47068056,-88.96534501,55135.0,154.93233967444598,3.79746835443038,76,78,3,0,75,71,51128,1,0,0,1,7
2020-06-15,US,Wisconsin,Waushara,16,0,0,44.11324419,-89.24317107,55137.0,65.45841345170396,0.0,16,16,0,0,16,16,24263,0,0,0,0,0
2020-06-15,US,Wisconsin,Winnebago,532,9,0,44.06886922,-88.64477096,55139.0,309.4696551042133,1.6917293233082706,523,518,9,0,509,506,171020,14,0,0,14,12
2020-06-15,US,Wisconsin,Wood,23,1,0,44.45537896,-90.04158336,55141.0,31.50728092165646,4.3478260869565215,22,21,1,0,20,17,73055,2,0,0,2,4
2020-06-15,US,Wyoming,Albany,27,0,0,41.65498705,-105.72354150000001,56001.0,69.44444444444444,0.0,27,26,0,0,26,26,38601,1,0,0,1,0
2020-06-15,US,Wyoming,Big Horn,11,0,0,44.52405055,-107.9960365,56003.0,93.29940627650551,0.0,11,11,0,0,11,11,11881,0,0,0,0,0
2020-06-15,US,Wyoming,Campbell,45,0,0,44.24886082,-105.54744040000001,56005.0,97.10623422023693,0.0,45,44,0,0,44,41,46140,1,0,0,1,3
2020-06-15,US,Wyoming,Carbon,22,0,0,41.69357844,-106.9326084,56007.0,148.64864864864862,0.0,22,24,0,0,24,22,14971,-2,0,0,-2,2
2020-06-15,US,Wyoming,Converse,24,0,0,42.97272268,-105.5081848,56009.0,173.63623209376357,0.0,24,24,0,0,24,24,13640,0,0,0,0,0
2020-06-15,US,Wyoming,Crook,6,0,0,44.58855102,-104.56977049999999,56011.0,79.11392405063293,0.0,6,6,0,0,6,5,7450,0,0,0,0,1
2020-06-15,US,Wyoming,Fremont,308,0,0,43.04183996,-108.6296893,56013.0,784.4935177402511,0.0,308,305,0,0,305,304,39531,3,0,0,3,1
2020-06-15,US,Wyoming,Goshen,5,0,0,42.08798185,-104.3534743,56015.0,37.847248505033676,0.0,5,5,0,0,5,5,13376,0,0,0,0,0
2020-06-15,US,Wyoming,Hot Springs,12,0,0,43.71930657,-108.44231740000001,56017.0,271.92386131883075,0.0,12,12,0,0,12,12,4555,0,0,0,0,0
2020-06-15,US,Wyoming,Johnson,18,1,0,44.04057166,-106.58451740000001,56019.0,213.14387211367676,5.5555555555555545,17,18,1,0,17,18,8460,0,0,0,0,0
2020-06-15,US,Wyoming,Laramie,196,0,0,41.30702520000001,-104.6887497,56021.0,196.98492462311557,0.0,196,195,0,0,195,195,98976,1,0,0,1,0
2020-06-15,US,Wyoming,Lincoln,15,0,0,42.26376367,-110.6563997,56023.0,75.642965204236,0.0,15,15,0,0,15,15,19434,0,0,0,0,0
2020-06-15,US,Wyoming,Natrona,87,0,0,42.96180148,-106.79788500000001,56025.0,108.94337448971923,0.0,87,87,0,0,87,87,79115,0,0,0,0,0
2020-06-15,US,Wyoming,Niobrara,2,0,0,43.05607708,-104.47588959999999,56027.0,84.88964346349746,0.0,2,2,0,0,2,2,2388,0,0,0,0,0
2020-06-15,US,Wyoming,Park,5,0,0,44.52157546,-109.58528249999999,56029.0,17.12680687812564,0.0,5,5,0,0,5,5,29324,0,0,0,0,0
2020-06-15,US,Wyoming,Platte,1,0,0,42.13299116,-104.96633100000001,56031.0,11.914690813773385,0.0,1,1,0,0,1,1,8566,0,0,0,0,0
2020-06-15,US,Wyoming,Sheridan,19,0,0,44.79048913,-106.8862389,56033.0,62.325733967525004,0.0,19,19,0,0,19,19,30233,0,0,0,0,0
2020-06-15,US,Wyoming,Sublette,3,0,0,42.76558279,-109.91309220000001,56035.0,30.515715593530675,0.0,3,3,0,0,3,3,9813,0,0,0,0,0
2020-06-15,US,Wyoming,Sweetwater,40,0,0,41.65943896,-108.8827882,56037.0,94.46661785891409,0.0,40,40,0,0,40,40,43051,0,0,0,0,0
2020-06-15,US,Wyoming,Teton,105,0,0,43.93522482,-110.5890801,56039.0,447.4940334128878,0.0,105,105,0,0,105,104,23081,0,0,0,0,1
2020-06-15,US,Wyoming,Uinta,88,0,0,41.2878183,-110.54757820000002,56041.0,435.08355581924263,0.0,88,73,0,0,73,71,20299,15,0,0,15,2
2020-06-15,US,Wyoming,Unassigned,0,17,0,0.0,0.0,90056.0,0.0,0.0,-17,0,17,0,-17,0,,0,0,0,0,0
2020-06-15,US,Wyoming,Washakie,39,0,0,43.90451606,-107.68018700000002,56043.0,499.6796925048046,0.0,39,39,0,0,39,39,7885,0,0,0,0,0
2020-06-15,US,Wyoming,Weston,1,0,0,43.83961191,-104.56748809999999,56045.0,14.436263894903998,0.0,1,1,0,0,1,1,6967,0,0,0,0,0
