Date,Country/Region,Province/State,Admin2,Confirmed,Deaths,Recovered,Latitude,Longitude,FIPS,Incidence_Rate,Case-Fatality_Ratio,Active Cases,Previous Confirmed,Previous Deaths,Previous Recovered,Previous Active,Prev2 Confirmed,Population,Daily Confirmed,Daily Deaths,Daily Recovered,Daily Active,Previous Daily Confirmed
2020-07-27,US,Alabama,Autauga,932,20,0,32.53952745,-86.64408227,1001.0,1668.1880828366354,2.145922746781116,912,909,20,0,889,900,55601,23,0,0,23,9
2020-07-27,US,Alabama,Baldwin,2727,17,0,30.72774991,-87.72207058,1003.0,1221.5881093381834,0.6233956729006234,2710,2665,17,0,2648,2620,218022,62,0,0,62,45
2020-07-27,US,Alabama,Barbour,529,4,0,31.868263,-85.3871286,1005.0,2142.915012557725,0.7561436672967864,525,523,4,0,519,516,24881,6,0,0,6,7
2020-07-27,US,Alabama,Bibb,327,2,0,32.99642064,-87.12511459999996,1007.0,1460.2125569348932,0.6116207951070336,325,317,2,0,315,312,22400,10,0,0,10,5
2020-07-27,US,Alabama,Blount,601,1,0,33.98210918,-86.56790593,1009.0,1039.3248711652195,0.16638935108153075,600,578,1,0,577,569,57840,23,0,0,23,9
2020-07-27,US,Alabama,Bullock,409,11,0,32.10030533,-85.71265535,1011.0,4049.104049104049,2.6894865525672373,398,408,11,0,397,408,10138,1,0,0,1,0
2020-07-27,US,Alabama,Butler,718,35,0,31.75300095,-86.68057478,1013.0,3691.896338955162,4.874651810584958,683,714,34,0,680,710,19680,4,1,0,3,4
2020-07-27,US,Alabama,Calhoun,1157,6,0,33.77483727,-85.82630386,1015.0,1018.4410897407685,0.5185825410544511,1151,1076,6,0,1070,1029,114277,81,0,0,81,47
2020-07-27,US,Alabama,Chambers,779,38,0,32.91360079,-85.39072749,1017.0,2342.5753292836953,4.878048780487805,741,776,37,0,739,767,33615,3,1,0,2,9
2020-07-27,US,Alabama,Cherokee,205,7,0,34.17805983,-85.60638968,1019.0,782.5622232401894,3.414634146341464,198,194,7,0,187,192,26032,11,0,0,11,2
2020-07-27,US,Alabama,Chilton,600,5,0,32.85044126,-86.7173256,1021.0,1350.4996848834064,0.8333333333333334,595,580,4,0,576,570,44153,20,1,0,19,10
2020-07-27,US,Alabama,Choctaw,263,12,0,32.02227341,-88.26564429999998,1023.0,2089.1254269600445,4.56273764258555,251,258,12,0,246,256,12841,5,0,0,5,2
2020-07-27,US,Alabama,Clarke,440,9,0,31.68099859,-87.83548597,1025.0,1862.6703920074506,2.0454545454545454,431,432,9,0,423,431,23920,8,0,0,8,1
2020-07-27,US,Alabama,Clay,175,4,0,33.26984193,-85.85836077,1027.0,1322.2516055912356,2.2857142857142856,171,166,3,0,163,148,13275,9,1,0,8,18
2020-07-27,US,Alabama,Cleburne,101,1,0,33.67679204,-85.52005899,1029.0,677.3977196512408,0.99009900990099,100,95,1,0,94,95,14987,6,0,0,6,0
2020-07-27,US,Alabama,Coffee,644,5,0,31.39932826,-85.98901039,1031.0,1230.369492950212,0.7763975155279503,639,633,5,0,628,618,51909,11,0,0,11,15
2020-07-27,US,Alabama,Colbert,922,11,0,34.69847452,-87.80168544,1033.0,1669.0501620173422,1.193058568329718,911,875,11,0,864,866,54762,47,0,0,47,9
2020-07-27,US,Alabama,Conecuh,340,9,0,31.43401703,-86.99320044,1035.0,2817.6017237092897,2.647058823529412,331,333,9,0,324,329,12277,7,0,0,7,4
2020-07-27,US,Alabama,Coosa,85,2,0,32.93690146,-86.24847739,1037.0,797.1490199756166,2.3529411764705883,83,86,2,0,84,81,10715,-1,0,0,-1,5
2020-07-27,US,Alabama,Covington,641,19,0,31.247785399999998,-86.45050893,1039.0,1730.1411644038974,2.9641185647425896,622,633,18,0,615,625,36986,8,1,0,7,8
2020-07-27,US,Alabama,Crenshaw,229,3,0,31.72941803,-86.31593104,1041.0,1662.7940749346499,1.310043668122271,226,226,3,0,223,223,13824,3,0,0,3,3
2020-07-27,US,Alabama,Cullman,985,9,0,34.13020303,-86.86888037,1043.0,1175.8666794002486,0.9137055837563453,976,946,9,0,937,932,83442,39,0,0,39,14
2020-07-27,US,Alabama,Dale,705,17,0,31.43037123,-85.61095742,1045.0,1433.7427804441552,2.4113475177304964,688,676,16,0,660,672,48956,29,1,0,28,4
2020-07-27,US,Alabama,Dallas,1207,21,0,32.32688101,-87.10866709999998,1047.0,3244.9725776965265,1.7398508699254351,1186,1186,20,0,1166,1184,38310,21,1,0,20,2
2020-07-27,US,Alabama,DeKalb,1498,9,0,34.45946862,-85.80782906,1049.0,2094.7240361892245,0.6008010680907877,1489,1490,9,0,1481,1469,71385,8,0,0,8,21
2020-07-27,US,Alabama,Elmore,1466,34,0,32.59785413,-86.14415284,1051.0,1805.218633402701,2.3192360163710783,1432,1437,34,0,1403,1430,81887,29,0,0,29,7
2020-07-27,US,Alabama,Escambia,841,15,0,31.1256789,-87.15918694,1053.0,2295.7442742882104,1.78359096313912,826,812,15,0,797,810,36748,29,0,0,29,2
2020-07-27,US,Alabama,Etowah,1690,17,0,34.04567266,-86.04051873,1055.0,1652.520827629366,1.0059171597633136,1673,1643,17,0,1626,1615,102501,47,0,0,47,28
2020-07-27,US,Alabama,Fayette,144,5,0,33.72076938,-87.73886638,1057.0,883.3271991166728,3.4722222222222223,139,138,5,0,133,134,16433,6,0,0,6,4
2020-07-27,US,Alabama,Franklin,1098,20,0,34.44235334,-87.84289505,1059.0,3501.0522288119373,1.8214936247723128,1078,1078,19,0,1059,1075,31363,20,1,0,19,3
2020-07-27,US,Alabama,Geneva,192,0,0,31.09389027,-85.83572839,1061.0,730.8438963115223,0.0,192,186,0,0,186,183,26314,6,0,0,6,3
2020-07-27,US,Alabama,Greene,235,11,0,32.85504247,-87.95684022,1063.0,2897.299963013192,4.680851063829787,224,232,10,0,222,231,8233,3,1,0,2,1
2020-07-27,US,Alabama,Hale,429,23,0,32.76039258,-87.63284988,1065.0,2928.1277728482696,5.361305361305361,406,425,22,0,403,419,14726,4,1,0,3,6
2020-07-27,US,Alabama,Henry,223,3,0,31.51148016,-85.24267944,1067.0,1296.1348445219412,1.345291479820628,220,213,3,0,210,206,17209,10,0,0,10,7
2020-07-27,US,Alabama,Houston,1139,11,0,31.15197924,-85.29939599,1069.0,1075.7258079749154,0.9657594381035997,1128,1074,11,0,1063,1059,104722,65,0,0,65,15
2020-07-27,US,Alabama,Jackson,655,3,0,34.78144169,-85.99750489,1071.0,1268.74055708364,0.4580152671755725,652,648,3,0,645,638,51736,7,0,0,7,10
2020-07-27,US,Alabama,Jefferson,10420,203,0,33.55554728,-86.89506300000002,1073.0,1582.2088060093563,1.9481765834932818,10217,10258,202,0,10056,10095,659300,162,1,0,161,163
2020-07-27,US,Alabama,Lamar,167,1,0,33.77995024,-88.09668032,1075.0,1209.7066280333213,0.5988023952095808,166,161,1,0,160,162,13844,6,0,0,6,-1
2020-07-27,US,Alabama,Lauderdale,918,9,0,34.90171875,-87.65624729,1077.0,989.9815591670352,0.9803921568627452,909,893,9,0,884,884,92387,25,0,0,25,9
2020-07-27,US,Alabama,Lawrence,254,0,0,34.52041498,-87.31069453,1079.0,771.4736969991495,0.0,254,244,0,0,244,240,32957,10,0,0,10,4
2020-07-27,US,Alabama,Lee,2286,40,0,32.60154883,-85.35132246,1081.0,1389.3109358097022,1.7497812773403325,2246,2243,40,0,2203,2220,163941,43,0,0,43,23
2020-07-27,US,Alabama,Limestone,1031,10,0,34.81185586,-86.98310072,1083.0,1042.3090532275187,0.9699321047526672,1021,1006,9,0,997,1001,96174,25,1,0,24,5
2020-07-27,US,Alabama,Lowndes,538,24,0,32.1597283,-86.65158371,1085.0,5531.564877647543,4.4609665427509295,514,531,24,0,507,530,9974,7,0,0,7,1
2020-07-27,US,Alabama,Macon,291,12,0,32.38759944,-85.69267724,1087.0,1610.5822448527786,4.123711340206185,279,286,12,0,274,284,18439,5,0,0,5,2
2020-07-27,US,Alabama,Madison,4332,21,0,34.76327133,-86.55069633,1089.0,1161.6775138170435,0.4847645429362881,4311,4241,21,0,4220,4142,366519,91,0,0,91,99
2020-07-27,US,Alabama,Marengo,484,13,0,32.24767634,-87.78796182,1091.0,2565.8696919896092,2.6859504132231407,471,478,12,0,466,473,19066,6,1,0,5,5
2020-07-27,US,Alabama,Marion,484,24,0,34.13697363,-87.88704173,1093.0,1629.1359520683966,4.958677685950414,460,473,24,0,449,463,29763,11,0,0,11,10
2020-07-27,US,Alabama,Marshall,2705,26,0,34.36975964,-86.30486727,1095.0,2795.172257011181,0.9611829944547134,2679,2661,26,0,2635,2621,96109,44,0,0,44,40
2020-07-27,US,Alabama,Mobile,7361,176,0,30.78472347,-88.20842409,1097.0,1781.4186491130413,2.3909794864828147,7185,7193,175,0,7018,7096,413757,168,1,0,167,97
2020-07-27,US,Alabama,Monroe,362,3,0,31.56729412,-87.36995001,1099.0,1746.008778276178,0.8287292817679558,359,361,3,0,358,348,21067,1,0,0,1,13
2020-07-27,US,Alabama,Montgomery,5768,138,0,32.2206831,-86.20969272,1101.0,2546.735780578049,2.3925104022191404,5630,5642,137,0,5505,5604,225763,126,1,0,125,38
2020-07-27,US,Alabama,Morgan,1973,13,0,34.45500589,-86.85475946,1103.0,1648.5766090959985,0.6588950836289914,1960,1933,12,0,1921,1914,119089,40,1,0,39,19
2020-07-27,US,Alabama,Perry,387,3,0,32.64048341,-87.29770589,1105.0,4337.1063543651235,0.7751937984496124,384,382,3,0,379,377,9140,5,0,0,5,5
2020-07-27,US,Alabama,Pickens,338,9,0,33.28094866,-88.08818103,1107.0,1695.9357752132464,2.662721893491124,329,332,9,0,323,330,19938,6,0,0,6,2
2020-07-27,US,Alabama,Pike,603,7,0,31.80396383,-85.9408295,1109.0,1820.982061967748,1.1608623548922057,596,596,7,0,589,584,33338,7,0,0,7,12
2020-07-27,US,Alabama,Randolph,367,10,0,33.29526734,-85.45708831,1111.0,1615.1747205351642,2.7247956403269757,357,359,10,0,349,357,22725,8,0,0,8,2
2020-07-27,US,Alabama,Russell,1081,1,0,32.28725256,-85.18415324,1113.0,1865.0471869015369,0.09250693802035152,1080,1047,1,0,1046,1031,57781,34,0,0,34,16
2020-07-27,US,Alabama,Shelby,2684,29,0,33.26879845,-86.66232561,1117.0,1232.8779708041268,1.0804769001490313,2655,2638,28,0,2610,2595,215707,46,1,0,45,43
2020-07-27,US,Alabama,St. Clair,1015,9,0,33.71902176,-86.31029372,1115.0,1133.9261774957547,0.8866995073891626,1006,979,8,0,971,958,88690,36,1,0,35,21
2020-07-27,US,Alabama,Sumter,348,15,0,32.59117397,-88.19916205,1119.0,2800.3540677556925,4.310344827586206,333,339,15,0,324,338,12691,9,0,0,9,1
2020-07-27,US,Alabama,Talladega,748,9,0,33.37823223,-86.16886178,1121.0,935.2571957288254,1.2032085561497323,739,717,9,0,708,702,79828,31,0,0,31,15
2020-07-27,US,Alabama,Tallapoosa,769,78,0,32.86698258,-85.79833053,1123.0,1905.0214283944808,10.14304291287386,691,761,78,0,683,754,40497,8,0,0,8,7
2020-07-27,US,Alabama,Tuscaloosa,3636,58,0,33.28726072,-87.52556818,1125.0,1736.7629146664756,1.5951595159515952,3578,3536,58,0,3478,3506,208911,100,0,0,100,30
2020-07-27,US,Alabama,Unassigned,1986,45,0,0.0,0.0,90001.0,0.0,2.2658610271903323,1941,1943,45,0,1898,1816,,43,0,0,43,127
2020-07-27,US,Alabama,Walker,1398,57,0,33.80270512,-87.30027177,1127.0,2200.8469639961586,4.07725321888412,1341,1364,57,0,1307,1356,63711,34,0,0,34,8
2020-07-27,US,Alabama,Washington,278,10,0,31.4092794,-88.20689944,1129.0,1702.8053411735882,3.5971223021582728,268,272,10,0,262,269,16378,6,0,0,6,3
2020-07-27,US,Alabama,Wilcox,385,9,0,31.98773215,-87.30891118,1131.0,3711.558854718982,2.3376623376623376,376,384,9,0,375,380,10627,1,0,0,1,4
2020-07-27,US,Alabama,Winston,387,10,0,34.15030532,-87.37325922,1133.0,1637.8179355876255,2.5839793281653747,377,380,10,0,370,378,23660,7,0,0,7,2
2020-07-27,US,Alaska,Aleutians East,1,0,0,55.32222414,-161.9722021,2013.0,29.96703626011388,0.0,1,1,0,0,1,1,3515,0,0,0,0,0
2020-07-27,US,Alaska,Aleutians West,4,0,0,52.3233,-174.1596,2016.0,70.99751508697194,0.0,4,3,0,0,3,2,5723,1,0,0,1,1
2020-07-27,US,Alaska,Anchorage,1402,9,0,61.14998174,-149.14269860000005,2020.0,486.8055555555555,0.6419400855920114,1393,1338,9,0,1329,1180,291538,64,0,0,64,158
2020-07-27,US,Alaska,Bethel,18,0,0,60.90980451,-159.8561831,2050.0,97.90057652561731,0.0,18,18,0,0,18,18,18216,0,0,0,0,0
2020-07-27,US,Alaska,Bristol Bay,6,0,0,58.74513976,-156.701064,2060.0,717.7033492822967,0.0,6,6,0,0,6,6,877,0,0,0,0,0
2020-07-27,US,Alaska,Denali,1,0,0,63.67264044,-150.0076108,2068.0,47.687172150691474,0.0,1,1,0,0,1,1,2059,0,0,0,0,0
2020-07-27,US,Alaska,Dillingham,1,0,0,59.79603738,-158.23819419999995,2070.0,20.34174125305126,0.0,1,1,0,0,1,1,5000,0,0,0,0,0
2020-07-27,US,Alaska,Fairbanks North Star,372,4,0,64.80726247,-146.5692662,2090.0,384.1030883127343,1.075268817204301,368,369,4,0,365,358,98971,3,0,0,3,11
2020-07-27,US,Alaska,Haines,4,0,0,59.09893571,-135.4679843,2100.0,158.10276679841897,0.0,4,4,0,0,4,4,2474,0,0,0,0,0
2020-07-27,US,Alaska,Juneau,78,2,0,58.45031811,-134.200436,2110.0,243.94820791893414,2.5641025641025643,76,75,2,0,73,73,32113,3,0,0,3,2
2020-07-27,US,Alaska,Kenai Peninsula,276,2,0,60.24429722,-151.53888840000005,2122.0,470.12332220481017,0.7246376811594203,274,272,2,0,270,270,58533,4,0,0,4,2
2020-07-27,US,Alaska,Ketchikan Gateway,33,0,0,55.57445008,-130.975561,2130.0,237.39299330983383,0.0,33,33,0,0,33,32,13918,0,0,0,0,1
2020-07-27,US,Alaska,Kodiak Island,5,0,0,57.65529415,-153.7493579,2150.0,38.46745653177412,0.0,5,5,0,0,5,5,13345,0,0,0,0,0
2020-07-27,US,Alaska,Kusilvak,4,0,0,62.15429159999999,-163.39678830000003,2158.0,48.11161895597787,0.0,4,3,0,0,3,3,8303,1,0,0,1,0
2020-07-27,US,Alaska,Matanuska-Susitna,235,2,0,62.31305045,-149.5741743,2170.0,216.95578718022102,0.851063829787234,233,227,2,0,225,223,107610,8,0,0,8,4
2020-07-27,US,Alaska,Nome,17,0,0,64.90320724,-164.0353804,2180.0,169.93202718912434,0.0,17,17,0,0,17,17,10008,0,0,0,0,0
2020-07-27,US,Alaska,North Slope,11,0,0,69.31479216,-153.4836093,2185.0,111.87957689178194,0.0,11,8,0,0,8,8,9872,3,0,0,3,0
2020-07-27,US,Alaska,Northwest Arctic,19,0,0,67.04919196,-159.7503946,2188.0,249.31111402703056,0.0,19,14,0,0,14,14,7671,5,0,0,5,0
2020-07-27,US,Alaska,Petersburg,6,1,0,57.13978948,-132.9540995,2195.0,183.71096142069808,16.666666666666668,5,6,1,0,5,6,3221,0,0,0,0,0
2020-07-27,US,Alaska,Prince of Wales-Hyder,4,0,0,55.76261984,-133.0511621,2198.0,64.48492664839594,0.0,4,3,0,0,3,2,6422,1,0,0,1,1
2020-07-27,US,Alaska,Sitka,21,0,0,57.24124555,-135.3206587,2220.0,247.2624514305899,0.0,21,19,0,0,19,18,8647,2,0,0,2,1
2020-07-27,US,Alaska,Southeast Fairbanks,13,0,0,63.87692095,-143.2127643,2240.0,188.59712752067315,0.0,13,13,0,0,13,13,6918,0,0,0,0,0
2020-07-27,US,Alaska,Valdez-Cordova,41,0,0,61.47502768,-144.7126799,2261.0,445.55531406216033,0.0,41,39,0,0,39,39,9164,2,0,0,2,0
2020-07-27,US,Alaska,Wrangell,5,0,0,56.3202004,-132.05837309999998,2275.0,199.84012789768192,0.0,5,5,0,0,5,3,2503,0,0,0,0,2
2020-07-27,US,Alaska,Yakutat,4,0,0,59.890980799999994,-140.36014509999998,2282.0,690.846286701209,0.0,4,3,0,0,3,1,604,1,0,0,1,2
2020-07-27,US,Alaska,Yukon-Koyukuk,42,1,0,65.50815459,-151.39073869999999,2290.0,803.0592734225621,2.380952380952381,41,42,0,0,42,41,5327,0,1,0,-1,1
2020-07-27,US,Arizona,Apache,2930,128,0,35.39465006,-109.4892383,4001.0,4075.841250852032,4.368600682593857,2802,2920,128,0,2792,2908,71818,10,0,0,10,12
2020-07-27,US,Arizona,Cochise,1399,42,0,31.87934684,-109.7516088,4003.0,1111.005225457029,3.002144388849178,1357,1388,42,0,1346,1363,126770,11,0,0,11,25
2020-07-27,US,Arizona,Coconino,2870,112,0,35.83883429,-111.77071780000001,4005.0,2000.3345507262534,3.902439024390244,2758,2858,112,0,2746,2849,142854,12,0,0,12,9
2020-07-27,US,Arizona,Gila,703,21,0,33.80190085,-110.8132779,4007.0,1301.4180458365731,2.9871977240398286,682,714,21,0,693,686,53889,-11,0,0,-11,28
2020-07-27,US,Arizona,Graham,396,6,0,32.93166885,-109.8882178,4009.0,1019.6462136622293,1.5151515151515151,390,366,6,0,360,362,38072,30,0,0,30,4
2020-07-27,US,Arizona,Greenlee,54,1,0,33.21498827,-109.2405279,4011.0,568.5407454200885,1.851851851851852,53,48,1,0,47,40,9483,6,0,0,6,8
2020-07-27,US,Arizona,La Paz,463,9,0,33.72854224,-113.98100290000001,4012.0,2193.481144589729,1.9438444924406049,454,463,9,0,454,462,21098,0,0,0,0,1
2020-07-27,US,Arizona,Maricopa,109988,1807,0,33.34835867,-112.49181540000001,4013.0,2452.1259353094274,1.642906498890788,108181,108677,1808,0,106869,107291,4410824,1311,-1,0,1312,1386
2020-07-27,US,Arizona,Mohave,2725,136,0,35.70471703,-113.7577902,4015.0,1284.280873405253,4.990825688073394,2589,2698,135,0,2563,2681,209550,27,1,0,26,17
2020-07-27,US,Arizona,Navajo,5079,178,0,35.3997715,-110.3218983,4017.0,4578.810717247846,3.5046268950580823,4901,5078,177,0,4901,5049,110445,1,1,0,0,29
2020-07-27,US,Arizona,Pima,15109,418,0,32.0971334,-111.7890033,4019.0,1442.6910116597394,2.7665629757098418,14691,14963,418,0,14545,14800,1039073,146,0,0,146,163
2020-07-27,US,Arizona,Pinal,7561,122,0,32.90525627,-111.3449483,4021.0,1633.7899128976705,1.6135431821187671,7439,7468,123,0,7345,7378,447138,93,-1,0,94,90
2020-07-27,US,Arizona,Santa Cruz,2517,49,0,31.52508998,-110.8479088,4023.0,5413.136048862317,1.9467620182757253,2468,2517,49,0,2468,2495,46511,0,0,0,0,22
2020-07-27,US,Arizona,Yavapai,1599,54,0,34.59933926,-112.5538588,4025.0,680.1390052701203,3.377110694183865,1545,1567,55,0,1512,1539,231993,32,-1,0,33,28
2020-07-27,US,Arizona,Yuma,10434,221,0,32.76895712,-113.90666740000002,4027.0,4880.558686917352,2.1180755223308414,10213,10289,221,0,10068,10138,212128,145,0,0,145,151
2020-07-27,US,Arkansas,Arkansas,168,1,0,34.29145151,-91.37277296,5001.0,960.7686148919136,0.5952380952380952,167,168,1,0,167,168,17769,0,0,0,0,0
2020-07-27,US,Arkansas,Ashley,187,4,0,33.19153461,-91.7698471,5003.0,951.3150531617237,2.1390374331550803,183,180,4,0,176,172,20046,7,0,0,7,8
2020-07-27,US,Arkansas,Baxter,56,0,0,36.28784385,-92.33782872,5005.0,133.54955642468758,0.0,56,55,0,0,55,55,41619,1,0,0,1,0
2020-07-27,US,Arkansas,Benton,4263,35,0,36.33644656,-94.25680817,5007.0,1527.1851859812784,0.8210180623973727,4228,4209,32,0,4177,4156,272608,54,3,0,51,53
2020-07-27,US,Arkansas,Boone,118,1,0,36.3084504,-93.09374925,5009.0,315.238298781791,0.8474576271186439,117,108,1,0,107,106,37480,10,0,0,10,2
2020-07-27,US,Arkansas,Bradley,120,2,0,33.46755808,-92.15980837,5011.0,1114.9307813806558,1.6666666666666667,118,114,2,0,112,114,10897,6,0,0,6,0
2020-07-27,US,Arkansas,Calhoun,9,0,0,33.55598792,-92.49974403,5013.0,173.44382347273074,0.0,9,10,0,0,10,10,5277,-1,0,0,-1,0
2020-07-27,US,Arkansas,Carroll,325,6,0,36.34038560000001,-93.54270261,5015.0,1145.1726568005638,1.8461538461538465,319,322,6,0,316,314,28223,3,0,0,3,8
2020-07-27,US,Arkansas,Chicot,325,4,0,33.26458973,-91.29539209,5017.0,3212.097252421427,1.2307692307692308,321,306,4,0,302,292,10438,19,0,0,19,14
2020-07-27,US,Arkansas,Clark,138,0,0,34.04613432,-93.17484713,5019.0,618.2795698924731,0.0,138,132,0,0,132,129,22061,6,0,0,6,3
2020-07-27,US,Arkansas,Clay,103,4,0,36.36826212,-90.4148172,5021.0,707.8551302315992,3.8834951456310685,99,104,4,0,100,102,14847,-1,0,0,-1,2
2020-07-27,US,Arkansas,Cleburne,175,5,0,35.53864922,-92.02640019,5023.0,702.2753722059473,2.8571428571428568,170,174,5,0,169,173,24965,1,0,0,1,1
2020-07-27,US,Arkansas,Cleveland,61,1,0,33.89723187,-92.18537045,5025.0,766.7169431875315,1.639344262295082,60,57,1,0,56,55,8018,4,0,0,4,2
2020-07-27,US,Arkansas,Columbia,166,5,0,33.21230701,-93.22642793,5027.0,707.6778786716119,3.0120481927710845,161,166,5,0,161,162,23537,0,0,0,0,4
2020-07-27,US,Arkansas,Conway,122,3,0,35.26205537,-92.70506566,5029.0,585.2441715437014,2.459016393442623,119,122,3,0,119,121,20891,0,0,0,0,1
2020-07-27,US,Arkansas,Craighead,969,9,0,35.83018283,-90.63235729,5031.0,878.2583475329006,0.9287925696594428,960,945,8,0,937,931,108558,24,1,0,23,14
2020-07-27,US,Arkansas,Crawford,464,3,0,35.58928601,-94.2446814,5033.0,733.5156583461119,0.646551724137931,461,447,3,0,444,438,63406,17,0,0,17,9
2020-07-27,US,Arkansas,Crittenden,1100,16,0,35.21247318,-90.30839406,5035.0,2293.8171202168696,1.4545454545454546,1084,1090,16,0,1074,1072,48342,10,0,0,10,18
2020-07-27,US,Arkansas,Cross,151,1,0,35.29631396,-90.77185818,5037.0,919.6662403313237,0.6622516556291391,150,150,1,0,149,147,16676,1,0,0,1,3
2020-07-27,US,Arkansas,Dallas,48,0,0,33.97042763,-92.65167437,5039.0,684.8337851333999,0.0,48,32,0,0,32,29,7182,16,0,0,16,3
2020-07-27,US,Arkansas,Desha,129,1,0,33.83011025,-91.25500948,5041.0,1135.4634275151836,0.7751937984496124,128,128,1,0,127,125,11512,1,0,0,1,3
2020-07-27,US,Arkansas,Drew,143,2,0,33.59035001,-91.71777921,5043.0,784.8948899500522,1.3986013986013983,141,139,2,0,137,129,18328,4,0,0,4,10
2020-07-27,US,Arkansas,Faulkner,1081,4,0,35.14719007,-92.33717519,5045.0,857.8888474449832,0.3700277520814061,1077,1063,4,0,1059,1046,124806,18,0,0,18,17
2020-07-27,US,Arkansas,Franklin,83,1,0,35.51202821,-93.89299569,5047.0,468.5294947784363,1.2048192771084338,82,78,1,0,77,66,17810,5,0,0,5,12
2020-07-27,US,Arkansas,Fulton,23,0,0,36.38177105,-91.81729127,5049.0,184.3391840987417,0.0,23,23,0,0,23,23,12269,0,0,0,0,0
2020-07-27,US,Arkansas,Garland,695,5,0,34.57692074,-93.14921604,5051.0,699.2936630913811,0.7194244604316546,690,652,5,0,647,642,99154,43,0,0,43,10
2020-07-27,US,Arkansas,Grant,115,0,0,34.29017991,-92.42320562,5053.0,629.6194908294552,0.0,115,113,0,0,113,111,18188,2,0,0,2,2
2020-07-27,US,Arkansas,Greene,230,1,0,36.11735460000001,-90.55832668,5055.0,507.446221731936,0.43478260869565216,229,228,1,0,227,216,45325,2,0,0,2,12
2020-07-27,US,Arkansas,Hempstead,174,2,0,33.73325583,-93.66935133,5057.0,808.0995727289618,1.1494252873563218,172,167,2,0,165,163,21741,7,0,0,7,4
2020-07-27,US,Arkansas,Hot Spring,1402,4,0,34.31709259,-92.95396325,5059.0,4151.490924165703,0.28530670470756064,1398,1397,4,0,1393,1392,33701,5,0,0,5,5
2020-07-27,US,Arkansas,Howard,246,2,0,34.09007427,-93.9934871,5061.0,1863.3540372670807,0.8130081300813008,244,236,2,0,234,228,13341,10,0,0,10,8
2020-07-27,US,Arkansas,Independence,233,0,0,35.74242707,-91.57001641,5063.0,615.9947124917383,0.0,233,210,0,0,210,187,37678,23,0,0,23,23
2020-07-27,US,Arkansas,Izard,34,1,0,36.09604046,-91.90847954,5065.0,249.4680460782156,2.9411764705882355,33,34,1,0,33,34,13593,0,0,0,0,0
2020-07-27,US,Arkansas,Jackson,54,1,0,35.59802983,-91.21494602,5067.0,322.98582451103533,1.851851851851852,53,52,1,0,51,52,16811,2,0,0,2,0
2020-07-27,US,Arkansas,Jefferson,1204,36,0,34.26767081,-91.92619839,5069.0,1801.7478750149646,2.990033222591362,1168,1171,34,0,1137,1146,68114,33,2,0,31,25
2020-07-27,US,Arkansas,Johnson,585,0,0,35.56759135,-93.46036368,5071.0,2201.0685529385205,0.0,585,574,0,0,574,560,26742,11,0,0,11,14
2020-07-27,US,Arkansas,Lafayette,47,2,0,33.24116713,-93.60677071,5073.0,709.5410628019324,4.25531914893617,45,46,2,0,44,45,6682,1,0,0,1,1
2020-07-27,US,Arkansas,Lawrence,158,9,0,36.04188196,-91.10867198,5075.0,963.0622942825796,5.69620253164557,149,157,9,0,148,155,16434,1,0,0,1,2
2020-07-27,US,Arkansas,Lee,876,6,0,34.78498904,-90.78383866,5077.0,9890.482104550074,0.6849315068493149,870,876,6,0,870,871,8985,0,0,0,0,5
2020-07-27,US,Arkansas,Lincoln,1152,11,0,33.95317155,-91.74002806,5079.0,8845.208845208845,0.9548611111111112,1141,1148,11,0,1137,1143,13383,4,0,0,4,5
2020-07-27,US,Arkansas,Little River,82,1,0,33.70375665,-94.23468591,5081.0,668.8963210702342,1.2195121951219512,81,80,1,0,79,78,12326,2,0,0,2,2
2020-07-27,US,Arkansas,Logan,127,0,0,35.21413234,-93.71951016,5083.0,591.6332805366626,0.0,127,122,0,0,122,120,21737,5,0,0,5,2
2020-07-27,US,Arkansas,Lonoke,356,2,0,34.75392199,-91.88742357,5085.0,485.6156815670655,0.5617977528089888,354,345,2,0,343,333,73657,11,0,0,11,12
2020-07-27,US,Arkansas,Madison,246,1,0,36.01038185,-93.72524943,5087.0,1484.0733590733594,0.4065040650406504,245,245,1,0,244,245,16481,1,0,0,1,0
2020-07-27,US,Arkansas,Marion,18,0,0,36.26844485,-92.68451899,5089.0,107.82317000119805,0.0,18,18,0,0,18,18,16722,0,0,0,0,0
2020-07-27,US,Arkansas,Miller,423,3,0,33.31403423,-93.89285258,5091.0,977.8764130660934,0.7092198581560284,420,416,3,0,413,403,43592,7,0,0,7,13
2020-07-27,US,Arkansas,Mississippi,553,8,0,35.76271485,-90.05194370000002,5093.0,1360.3601387419744,1.4466546112115732,545,539,8,0,531,535,41239,14,0,0,14,4
2020-07-27,US,Arkansas,Monroe,46,0,0,34.6815935,-91.20540287,5095.0,686.4647067601851,0.0,46,43,0,0,43,41,6900,3,0,0,3,2
2020-07-27,US,Arkansas,Montgomery,22,0,0,34.53704874,-93.65824478,5097.0,244.82528377476075,0.0,22,19,0,0,19,19,8924,3,0,0,3,0
2020-07-27,US,Arkansas,Nevada,126,8,0,33.66340119,-93.30632432,5099.0,1526.9025690741641,6.349206349206349,118,124,8,0,116,123,8326,2,0,0,2,1
2020-07-27,US,Arkansas,Newton,85,0,0,35.91947491,-93.21612969,5101.0,1096.3498000773893,0.0,85,84,0,0,84,83,7805,1,0,0,1,1
2020-07-27,US,Arkansas,Ouachita,68,1,0,33.58839816,-92.87795984,5103.0,290.82199982892826,1.4705882352941178,67,64,1,0,63,61,23606,4,0,0,4,3
2020-07-27,US,Arkansas,Perry,44,0,0,34.9459153,-92.94372564,5105.0,420.85126733620285,0.0,44,42,0,0,42,41,10352,2,0,0,2,1
2020-07-27,US,Arkansas,Phillips,250,6,0,34.43268455,-90.84800154,5107.0,1405.9160949274549,2.4,244,250,6,0,244,242,18029,0,0,0,0,8
2020-07-27,US,Arkansas,Pike,58,1,0,34.16250414,-93.65789349,5109.0,541.1457361448032,1.7241379310344829,57,57,0,0,57,55,10673,1,1,0,0,2
2020-07-27,US,Arkansas,Poinsett,125,3,0,35.57433534,-90.66268713,5111.0,531.2818769126146,2.4,122,119,3,0,116,117,23974,6,0,0,6,2
2020-07-27,US,Arkansas,Polk,121,0,0,34.48254879,-94.22728802,5113.0,606.0909637347225,0.0,121,120,0,0,120,120,20049,1,0,0,1,0
2020-07-27,US,Arkansas,Pope,1074,6,0,35.44871474,-93.03212219,5115.0,1676.2392308652766,0.5586592178770949,1068,1045,6,0,1039,1021,64000,29,0,0,29,24
2020-07-27,US,Arkansas,Prairie,56,0,0,34.83624419,-91.55162157,5117.0,694.61672041677,0.0,56,56,0,0,56,56,8074,0,0,0,0,0
2020-07-27,US,Arkansas,Pulaski,4437,71,0,34.77054088,-92.31355101,5119.0,1132.1447981812198,1.6001803020058598,4366,4346,71,0,4275,4297,392680,91,0,0,91,49
2020-07-27,US,Arkansas,Randolph,142,2,0,36.3415714,-91.02455531,5121.0,790.7339347366078,1.4084507042253518,140,137,2,0,135,136,17948,5,0,0,5,1
2020-07-27,US,Arkansas,Saline,777,3,0,34.64916145,-92.67583224,5125.0,634.6120862157683,0.3861003861003861,774,741,3,0,738,733,121421,36,0,0,36,8
2020-07-27,US,Arkansas,Scott,31,0,0,34.85588887,-94.0632176,5127.0,301.52708880459096,0.0,31,31,0,0,31,30,10319,0,0,0,0,1
2020-07-27,US,Arkansas,Searcy,23,0,0,35.9109364,-92.69936482,5129.0,291.84113691155943,0.0,23,22,0,0,22,22,7958,1,0,0,1,0
2020-07-27,US,Arkansas,Sebastian,1454,13,0,35.19605503,-94.27162713,5131.0,1137.4748683767905,0.8940852819807428,1441,1402,13,0,1389,1354,127753,52,0,0,52,48
2020-07-27,US,Arkansas,Sevier,906,9,0,33.99780401,-94.2424869,5133.0,5327.21820426883,0.9933774834437086,897,900,9,0,891,896,17139,6,0,0,6,4
2020-07-27,US,Arkansas,Sharp,92,5,0,36.16258158,-91.47819342,5135.0,527.462446967091,5.434782608695652,87,92,5,0,87,89,17366,0,0,0,0,3
2020-07-27,US,Arkansas,St. Francis,1079,3,0,35.02201976,-90.74828138,5123.0,4317.036088661279,0.27803521779425394,1076,1067,3,0,1064,1050,25439,12,0,0,12,17
2020-07-27,US,Arkansas,Stone,43,1,0,35.86251946,-92.15684085,5137.0,343.83495921957467,2.3255813953488373,42,43,1,0,42,42,12457,0,0,0,0,1
2020-07-27,US,Arkansas,Unassigned,1499,0,0,0.0,0.0,90005.0,0.0,0.0,1499,1400,0,0,1400,1381,,99,0,0,99,19
2020-07-27,US,Arkansas,Union,373,15,0,33.16887091,-92.59746952,5139.0,964.2727883770233,4.021447721179625,358,369,15,0,354,361,39126,4,0,0,4,8
2020-07-27,US,Arkansas,Van Buren,44,2,0,35.58095779,-92.51295036,5141.0,265.9413720157147,4.545454545454546,42,43,2,0,41,43,16603,1,0,0,1,0
2020-07-27,US,Arkansas,Washington,5729,40,0,35.976844,-94.21800746,5143.0,2395.197063385552,0.6982021295164951,5689,5662,40,0,5622,5576,236961,67,0,0,67,86
2020-07-27,US,Arkansas,White,222,2,0,35.25688493,-91.74908296,5145.0,281.8940230848349,0.9009009009009008,220,220,2,0,218,212,78727,2,0,0,2,8
2020-07-27,US,Arkansas,Woodruff,17,0,0,35.18902527,-91.2439489,5147.0,268.9873417721519,0.0,17,17,0,0,17,17,6490,0,0,0,0,0
2020-07-27,US,Arkansas,Yell,967,14,0,35.00292371,-93.41171338,5149.0,4531.18410571201,1.4477766287487073,953,960,14,0,946,951,21535,7,0,0,7,9
2020-07-27,US,California,Alameda,10438,178,0,37.64629437,-121.8929271,6001.0,624.5329315772059,1.705307530178195,10260,10330,178,0,10152,10330,1666753,108,0,0,108,0
2020-07-27,US,California,Alpine,2,0,0,38.59678594,-119.82235940000001,6003.0,177.14791851195747,0.0,2,2,0,0,2,2,1101,0,0,0,0,0
2020-07-27,US,California,Amador,81,0,0,38.44583082,-120.65696000000001,6005.0,203.7633326625076,0.0,81,76,0,0,76,71,39383,5,0,0,5,5
2020-07-27,US,California,Butte,820,7,0,39.66727762,-121.6005252,6007.0,374.1114852225963,0.8536585365853658,813,758,5,0,753,758,231256,62,2,0,60,0
2020-07-27,US,California,Calaveras,99,1,0,38.20537103,-120.55291299999999,6009.0,215.6627818320445,1.0101010101010102,98,99,1,0,98,99,45602,0,0,0,0,0
2020-07-27,US,California,Colusa,273,2,0,39.17881957,-122.2331726,6011.0,1266.9977259015175,0.7326007326007326,271,263,2,0,261,263,21627,10,0,0,10,0
2020-07-27,US,California,Contra Costa,7073,104,0,37.91923498,-121.9289527,6013.0,613.1634657562985,1.470380319524954,6969,6933,104,0,6829,6770,1150215,140,0,0,140,163
2020-07-27,US,California,Del Norte,87,0,0,41.74228275,-123.89740630000001,6015.0,312.81461239752633,0.0,87,87,0,0,87,87,27828,0,0,0,0,0
2020-07-27,US,California,El Dorado,513,1,0,38.77965956,-120.5233166,6017.0,266.01950809726054,0.1949317738791423,512,513,1,0,512,513,190678,0,0,0,0,0
2020-07-27,US,California,Fresno,12564,112,0,36.75733899,-119.6466953,6019.0,1257.5305199374236,0.8914358484559057,12452,12564,112,0,12452,12564,994400,0,0,0,0,0
2020-07-27,US,California,Glenn,265,1,0,39.59875897,-122.3938452,6021.0,933.3286373401896,0.37735849056603776,264,265,1,0,264,265,28047,0,0,0,0,0
2020-07-27,US,California,Humboldt,205,4,0,40.69923009,-123.876044,6023.0,151.22678115640537,1.951219512195122,201,205,4,0,201,205,136373,0,0,0,0,0
2020-07-27,US,California,Imperial,9162,181,0,33.0393082,-115.36690420000001,6025.0,5055.872858207102,1.9755511896965727,8981,9067,181,0,8886,9067,181827,95,0,0,95,0
2020-07-27,US,California,Inyo,40,1,0,36.51112084,-117.41119779999998,6027.0,221.741781695216,2.5,39,40,1,0,39,44,17987,0,0,0,0,-4
2020-07-27,US,California,Kern,15003,123,0,35.34329425,-118.72777959999999,6029.0,1666.625935067907,0.8198360327934413,14880,14651,123,0,14528,14192,896764,352,0,0,352,459
2020-07-27,US,California,Kings,3842,47,0,36.07409056,-119.8159973,6031.0,2512.096246894207,1.2233211868818323,3795,3813,47,0,3766,3772,151366,29,0,0,29,41
2020-07-27,US,California,Lake,175,1,0,39.10124298,-122.75362439999999,6033.0,271.79821700369644,0.5714285714285714,174,168,1,0,167,168,64382,7,0,0,7,0
2020-07-27,US,California,Lassen,555,0,0,40.67311306,-120.59350990000002,6035.0,1815.327249533903,0.0,555,555,0,0,555,555,30802,0,0,0,0,0
2020-07-27,US,California,Los Angeles,176028,4375,0,34.30828379,-118.22824109999999,6037.0,1753.4228891075672,2.485400049992047,171653,174017,4360,0,169657,172325,10105518,2011,15,0,1996,1692
2020-07-27,US,California,Madera,1630,19,0,37.21513971,-119.76655890000002,6039.0,1036.0586549034813,1.1656441717791408,1611,1630,19,0,1611,1630,157672,0,0,0,0,0
2020-07-27,US,California,Marin,4637,58,0,38.07122463,-122.72106310000001,6041.0,1791.5510806487757,1.2508087125296528,4579,4624,55,0,4569,4624,259666,13,3,0,10,0
2020-07-27,US,California,Mariposa,46,2,0,37.57978556,-119.9073334,6043.0,267.39522176364585,4.3478260869565215,44,46,1,0,45,46,17471,0,1,0,-1,0
2020-07-27,US,California,Mendocino,265,6,0,39.4381191,-123.39113130000001,6045.0,305.4790256948207,2.2641509433962264,259,257,6,0,251,249,87606,8,0,0,8,8
2020-07-27,US,California,Merced,3245,27,0,37.18922369,-120.72090349999999,6047.0,1168.611351195621,0.8320493066255779,3218,3245,27,0,3218,3245,274765,0,0,0,0,0
2020-07-27,US,California,Mono,113,1,0,37.93899289,-118.8872409,6051.0,782.3317640542786,0.8849557522123894,112,112,1,0,111,111,14250,1,0,0,1,1
2020-07-27,US,California,Monterey,4082,23,0,36.21862405,-121.24133970000001,6053.0,940.4208164290272,0.5634492895639392,4059,4002,23,0,3979,3953,435594,80,0,0,80,49
2020-07-27,US,California,Napa,766,8,0,38.50735751,-122.33283899999999,6055.0,556.1040771285864,1.0443864229765014,758,737,8,0,729,737,139417,29,0,0,29,0
2020-07-27,US,California,Nevada,255,1,0,39.30394768,-120.76272809999999,6057.0,255.6262843967721,0.392156862745098,254,255,1,0,254,255,99696,0,0,0,0,0
2020-07-27,US,California,Orange,34646,566,0,33.70147516,-117.76459979999998,6059.0,1090.9748174571087,1.6336662240951336,34080,34373,564,0,33809,33953,3185968,273,2,0,271,420
2020-07-27,US,California,Placer,1685,15,0,39.06167234,-120.72405690000001,6061.0,423.0171541615097,0.8902077151335311,1670,1605,14,0,1591,1605,393149,80,1,0,79,0
2020-07-27,US,California,Plumas,29,0,0,40.00355989,-120.8395236,6063.0,154.19790503535918,0.0,29,28,0,0,28,28,18804,1,0,0,1,0
2020-07-27,US,California,Riverside,33467,637,0,33.74314981,-115.9933578,6065.0,1354.6398245570008,1.9033674963396776,32830,33467,637,0,32830,33467,2450758,0,0,0,0,0
2020-07-27,US,California,Sacramento,9018,114,0,38.45106826,-121.34253740000001,6067.0,581.0349870945545,1.264138389886893,8904,8903,108,0,8795,8554,1540975,115,6,0,109,349
2020-07-27,US,California,San Benito,536,2,0,36.60308176,-121.069975,6069.0,853.3944720417783,0.373134328358209,534,536,2,0,534,525,61537,0,0,0,0,11
2020-07-27,US,California,San Bernardino,27992,383,0,34.84060306,-116.1774685,6071.0,1283.986633548692,1.3682480708773936,27609,27992,383,0,27609,26796,2171603,0,0,0,0,1196
2020-07-27,US,California,San Diego,27507,533,0,33.03484597,-116.73653259999999,6073.0,823.9748616823382,1.937688588359327,26974,26701,533,0,26168,26098,3343364,806,0,0,806,603
2020-07-27,US,California,San Francisco,6022,56,0,37.75215114,-122.43856720000001,6075.0,683.1157428571752,0.9299236134174692,5966,5932,56,0,5876,5787,883305,90,0,0,90,145
2020-07-27,US,California,San Joaquin,10675,118,0,37.93433732,-121.2730061,6077.0,1400.6465935750011,1.1053864168618266,10557,10126,110,0,10016,10126,752660,549,8,0,541,0
2020-07-27,US,California,San Luis Obispo,1644,9,0,35.38822029,-120.4039028,6079.0,580.6909657342877,0.5474452554744526,1635,1500,8,0,1492,1500,284010,144,1,0,143,0
2020-07-27,US,California,San Mateo,5124,117,0,37.422880799999994,-122.32755459999998,6081.0,668.4294907334331,2.2833723653395785,5007,5022,117,0,4905,5022,769545,102,0,0,102,0
2020-07-27,US,California,Santa Barbara,5576,32,0,34.65329488,-120.0188492,6083.0,1248.8269850548375,0.5738880918220947,5544,5576,32,0,5544,5576,446527,0,0,0,0,0
2020-07-27,US,California,Santa Clara,9215,184,0,37.23104908,-121.6970462,6085.0,477.9931239534985,1.9967444384156268,9031,9041,184,0,8857,8833,1937570,174,0,0,174,208
2020-07-27,US,California,Santa Cruz,920,4,0,37.05580291,-122.0066524,6087.0,336.73361077254737,0.43478260869565216,916,907,4,0,903,898,274255,13,0,0,13,9
2020-07-27,US,California,Shasta,311,8,0,40.76391419,-122.0396884,6089.0,172.70102176810306,2.5723472668810294,303,291,8,0,283,291,180040,20,0,0,20,0
2020-07-27,US,California,Sierra,1,0,0,39.57713498,-120.52007009999998,6091.0,33.277870216306155,0.0,1,1,0,0,1,1,2987,0,0,0,0,0
2020-07-27,US,California,Siskiyou,65,0,0,41.59198861,-122.54074340000001,6093.0,149.29143985851763,0.0,65,61,0,0,61,61,43724,4,0,0,4,0
2020-07-27,US,California,Solano,3129,35,0,38.26827353,-121.9357113,6095.0,698.9945112511533,1.1185682326621924,3094,3129,35,0,3094,3129,446610,0,0,0,0,0
2020-07-27,US,California,Sonoma,2599,24,0,38.52746429,-122.88625060000001,6097.0,525.755761263594,0.923432089265102,2575,2599,24,0,2575,2466,499942,0,0,0,0,133
2020-07-27,US,California,Stanislaus,7994,90,0,37.55862499,-120.9970722,6099.0,1451.7124904659865,1.1258443832874656,7904,7861,87,0,7774,7603,549815,133,3,0,130,258
2020-07-27,US,California,Sutter,647,4,0,39.03417539,-121.6945899,6101.0,667.2097843685225,0.6182380216383307,643,637,4,0,633,615,96807,10,0,0,10,22
2020-07-27,US,California,Tehama,189,1,0,40.12570935,-122.23701709999999,6103.0,290.39395243070487,0.5291005291005291,188,189,1,0,188,189,63916,0,0,0,0,0
2020-07-27,US,California,Trinity,3,0,0,40.64917670000001,-123.114713,6105.0,24.420024420024422,0.0,3,3,0,0,3,3,12535,0,0,0,0,0
2020-07-27,US,California,Tulare,8534,172,0,36.22026558,-118.8020203,6107.0,1830.5644633683328,2.0154675415983125,8362,8210,168,0,8042,8210,465861,324,4,0,320,0
2020-07-27,US,California,Tuolumne,131,0,0,38.02644018,-119.95250929999999,6109.0,240.46404053012225,0.0,131,126,0,0,126,126,54539,5,0,0,5,0
2020-07-27,US,California,Ventura,6392,67,0,34.44465746,-119.09106129999999,6111.0,755.5501970435197,1.0481852315394242,6325,6392,67,0,6325,6392,850967,0,0,0,0,0
2020-07-27,US,California,Yolo,1424,37,0,38.68278902,-121.90182879999999,6113.0,645.8049886621317,2.598314606741573,1387,1394,37,0,1357,1342,220408,30,0,0,30,52
2020-07-27,US,California,Yuba,382,3,0,39.26255932,-121.35356440000001,6115.0,485.5849900849138,0.7853403141361257,379,372,3,0,369,356,78041,10,0,0,10,16
2020-07-27,US,Colorado,Adams,5626,167,0,39.87432092,-104.3362578,8001.0,1087.315744819016,2.968361180234625,5459,5587,167,0,5420,5535,511868,39,0,0,39,52
2020-07-27,US,Colorado,Alamosa,220,7,0,37.57250606,-105.7885451,8003.0,1355.2639684593112,3.1818181818181817,213,219,7,0,212,219,16683,1,0,0,1,0
2020-07-27,US,Colorado,Arapahoe,6570,360,0,39.64977461,-104.3353617,8005.0,1000.6244383862075,5.479452054794519,6210,6541,360,0,6181,6470,651215,29,0,0,29,71
2020-07-27,US,Colorado,Archuleta,28,0,0,37.19474156,-107.0476867,8007.0,199.58657067503032,0.0,28,27,0,0,27,25,13765,1,0,0,1,2
2020-07-27,US,Colorado,Baca,14,0,0,37.31940883,-102.5603223,8009.0,390.9522479754258,0.0,14,14,0,0,14,14,3585,0,0,0,0,0
2020-07-27,US,Colorado,Bent,5,0,0,37.95474293,-103.0720195,8011.0,89.65393580778195,0.0,5,5,0,0,5,5,5882,0,0,0,0,0
2020-07-27,US,Colorado,Boulder,1782,74,0,40.09313619,-105.3546767,8013.0,546.2973181768017,4.15263748597082,1708,1772,74,0,1698,1751,326078,10,0,0,10,21
2020-07-27,US,Colorado,Broomfield,383,32,0,39.95998787,-105.0566324,8014.0,543.5322500532178,8.355091383812011,351,382,32,0,350,378,69267,1,0,0,1,4
2020-07-27,US,Colorado,Chaffee,278,19,0,38.74745778,-106.19265729999998,8015.0,1365.6907054431124,6.83453237410072,259,277,19,0,258,243,20027,1,0,0,1,34
2020-07-27,US,Colorado,Cheyenne,8,0,0,38.82777431,-102.6032558,8017.0,436.9197160021846,0.0,8,8,0,0,8,7,1876,0,0,0,0,1
2020-07-27,US,Colorado,Clear Creek,26,1,0,39.68864463,-105.6463118,8019.0,268.0412371134021,3.8461538461538463,25,26,1,0,25,25,9605,0,0,0,0,1
2020-07-27,US,Colorado,Conejos,21,0,0,37.201606,-106.19174879999998,8021.0,255.94149908592323,0.0,21,21,0,0,21,22,8200,0,0,0,0,-1
2020-07-27,US,Colorado,Costilla,22,0,0,37.27732493,-105.4276548,8023.0,565.9891947517366,0.0,22,22,0,0,22,22,3828,0,0,0,0,0
2020-07-27,US,Colorado,Crowley,72,1,0,38.32608609,-103.7844965,8025.0,1187.922785018974,1.3888888888888888,71,72,1,0,71,72,5858,0,0,0,0,0
2020-07-27,US,Colorado,Custer,10,0,0,38.10883162,-105.3683478,8027.0,197.3164956590371,0.0,10,10,0,0,10,10,4954,0,0,0,0,0
2020-07-27,US,Colorado,Delta,98,1,0,38.86246243,-107.8631342,8029.0,314.48559142545406,1.020408163265306,97,97,1,0,96,98,30953,1,0,0,1,-1
2020-07-27,US,Colorado,Denver,9256,405,0,39.76018276,-104.8725695,8031.0,1272.8080295815107,4.375540190146931,8851,9205,405,0,8800,9101,716492,51,0,0,51,104
2020-07-27,US,Colorado,Dolores,1,0,0,37.75208676,-108.5211585,8033.0,48.661800486618006,0.0,1,1,0,0,1,1,2074,0,0,0,0,0
2020-07-27,US,Colorado,Douglas,1529,56,0,39.33133796,-104.930001,8035.0,435.42149598181993,3.662524525833879,1473,1519,56,0,1463,1494,342776,10,0,0,10,25
2020-07-27,US,Colorado,Eagle,972,9,0,39.62754308,-106.6933637,8037.0,1763.2013350989532,0.925925925925926,963,964,9,0,955,944,54993,8,0,0,8,20
2020-07-27,US,Colorado,El Paso,4150,127,0,38.83240149,-104.5251411,8041.0,576.0664516943988,3.060240963855421,4023,4128,125,0,4003,4033,713856,22,2,0,20,95
2020-07-27,US,Colorado,Elbert,79,2,0,39.28656773,-104.1358721,8039.0,295.5591305323805,2.5316455696202533,77,77,2,0,75,77,26282,2,0,0,2,0
2020-07-27,US,Colorado,Fremont,91,0,0,38.47362326,-105.4399667,8043.0,190.2213675035013,0.0,91,91,0,0,91,87,48021,0,0,0,0,4
2020-07-27,US,Colorado,Garfield,626,4,0,39.59921777,-107.902708,8045.0,1042.2736884167762,0.6389776357827476,622,624,4,0,620,612,59770,2,0,0,2,12
2020-07-27,US,Colorado,Gilpin,13,0,0,39.85646523,-105.5252597,8047.0,208.23322120775268,0.0,13,13,0,0,13,13,6121,0,0,0,0,0
2020-07-27,US,Colorado,Grand,39,1,0,40.10603347,-106.1178042,8049.0,247.8708529299606,2.5641025641025643,38,39,1,0,38,40,15525,0,0,0,0,-1
2020-07-27,US,Colorado,Gunnison,220,6,0,38.66611652,-107.0320729,8051.0,1259.878593517352,2.727272727272727,214,219,6,0,213,216,17246,1,0,0,1,3
2020-07-27,US,Colorado,Hinsdale,3,0,0,37.82247444,-107.3004345,8053.0,365.8536585365854,0.0,3,3,0,0,3,3,811,0,0,0,0,0
2020-07-27,US,Colorado,Huerfano,6,1,0,37.68473101,-104.9612585,8055.0,86.99434536755109,16.666666666666668,5,6,1,0,5,6,6889,0,0,0,0,0
2020-07-27,US,Colorado,Jackson,8,0,0,40.66593870000001,-106.3408905,8057.0,574.7126436781608,0.0,8,8,0,0,8,8,1399,0,0,0,0,0
2020-07-27,US,Colorado,Jefferson,3676,223,0,39.58635604,-105.2517692,8059.0,630.6604607115346,6.066376496191513,3453,3654,221,0,3433,3622,580233,22,2,0,20,32
2020-07-27,US,Colorado,Kit Carson,42,3,0,39.30497777,-102.6022199,8063.0,591.7993518388051,7.142857142857142,39,42,3,0,39,42,7163,0,0,0,0,0
2020-07-27,US,Colorado,La Plata,188,2,0,37.28632032,-107.8429014,8067.0,334.3946212269437,1.0638297872340423,186,187,2,0,185,185,56310,1,0,0,1,2
2020-07-27,US,Colorado,Lake,61,0,0,39.20278823,-106.3555697,8065.0,750.5844715147041,0.0,61,61,0,0,61,61,7824,0,0,0,0,0
2020-07-27,US,Colorado,Larimer,1261,32,0,40.66671597,-105.4625784,8069.0,353.32124774796233,2.5376685170499598,1229,1255,32,0,1223,1238,350518,6,0,0,6,17
2020-07-27,US,Colorado,Las Animas,13,0,0,37.3153406,-104.0376458,8071.0,89.61808906659313,0.0,13,13,0,0,13,13,14503,0,0,0,0,0
2020-07-27,US,Colorado,Lincoln,6,0,0,38.98749519,-103.5136649,8073.0,105.24469391334854,0.0,6,6,0,0,6,6,5610,0,0,0,0,0
2020-07-27,US,Colorado,Logan,645,5,0,40.7249637,-103.110817,8075.0,2878.307822749788,0.7751937984496124,640,645,5,0,640,645,21528,0,0,0,0,0
2020-07-27,US,Colorado,Mesa,233,1,0,39.01787888,-108.469799,8077.0,151.0926658452759,0.4291845493562232,232,231,1,0,230,227,153207,2,0,0,2,4
2020-07-27,US,Colorado,Mineral,18,0,0,37.66954283,-106.9281698,8079.0,2340.702210663199,0.0,18,18,0,0,18,18,776,0,0,0,0,0
2020-07-27,US,Colorado,Moffat,23,1,0,40.61810999,-108.2070876,8081.0,173.15365504780547,4.3478260869565215,22,23,1,0,22,23,13188,0,0,0,0,0
2020-07-27,US,Colorado,Montezuma,102,4,0,37.33859579,-108.5958857,8083.0,389.56574876828483,3.92156862745098,98,101,4,0,97,96,26158,1,0,0,1,5
2020-07-27,US,Colorado,Montrose,260,13,0,38.40214114,-108.26390220000002,8085.0,608.0733430001402,5.0,247,262,13,0,249,255,42214,-2,0,0,-2,7
2020-07-27,US,Colorado,Morgan,673,46,0,40.26279810000001,-103.8093302,8087.0,2315.2607678546856,6.8350668647845465,627,672,46,0,626,672,28558,1,0,0,1,0
2020-07-27,US,Colorado,Otero,38,3,0,37.9014485,-103.7173385,8089.0,207.9002079002079,7.894736842105262,35,38,3,0,35,36,18432,0,0,0,0,2
2020-07-27,US,Colorado,Ouray,12,1,0,38.14717457,-107.7675136,8091.0,242.3263327948304,8.333333333333334,11,12,1,0,11,12,4833,0,0,0,0,0
2020-07-27,US,Colorado,Park,40,1,0,39.120926,-105.7182065,8093.0,212.2578933404086,2.5,39,40,1,0,39,39,18556,0,0,0,0,1
2020-07-27,US,Colorado,Phillips,19,0,0,40.59414277,-102.3577703,8095.0,445.48651817116064,0.0,19,19,0,0,19,20,4286,0,0,0,0,-1
2020-07-27,US,Colorado,Pitkin,151,2,0,39.21720112,-106.9310027,8097.0,849.8902459616143,1.3245033112582782,149,153,2,0,151,153,17950,-2,0,0,-2,0
2020-07-27,US,Colorado,Prowers,46,0,0,37.95544985,-102.3926052,8099.0,377.91652974038783,0.0,46,46,0,0,46,45,12164,0,0,0,0,1
2020-07-27,US,Colorado,Pueblo,563,34,0,38.17359144,-104.5127437,8101.0,334.27540018049683,6.039076376554174,529,559,33,0,526,552,167529,4,1,0,3,7
2020-07-27,US,Colorado,Rio Blanco,6,0,0,39.97913541,-108.2179009,8103.0,94.87666034155598,0.0,6,6,0,0,6,6,6336,0,0,0,0,0
2020-07-27,US,Colorado,Rio Grande,87,2,0,37.5836865,-106.3847838,8105.0,772.1665039495872,2.2988505747126435,85,87,2,0,85,87,11250,0,0,0,0,0
2020-07-27,US,Colorado,Routt,95,6,0,40.48596505,-106.9905548,8107.0,370.5437241594509,6.315789473684211,89,94,6,0,88,94,25733,1,0,0,1,0
2020-07-27,US,Colorado,Saguache,107,2,0,38.08054629,-106.282466,8109.0,1567.9953106682299,1.8691588785046729,105,107,2,0,105,107,6843,0,0,0,0,0
2020-07-27,US,Colorado,San Juan,2,0,0,37.76248981,-107.67632890000002,8111.0,274.72527472527474,0.0,2,2,0,0,2,2,762,0,0,0,0,0
2020-07-27,US,Colorado,San Miguel,73,0,0,38.00450883,-108.4020725,8113.0,892.5296491013571,0.0,73,73,0,0,73,73,8191,0,0,0,0,0
2020-07-27,US,Colorado,Sedgwick,11,0,0,40.87595412,-102.3519227,8115.0,489.32384341637015,0.0,11,11,0,0,11,11,2303,0,0,0,0,0
2020-07-27,US,Colorado,Summit,318,4,0,39.63803232,-106.1150762,8117.0,1025.4425848892329,1.2578616352201255,314,316,4,0,312,315,31007,2,0,0,2,1
2020-07-27,US,Colorado,Teller,97,2,0,38.88133511,-105.1614893,8119.0,382.07026941862296,2.061855670103093,95,97,2,0,95,96,25083,0,0,0,0,1
2020-07-27,US,Colorado,Washington,46,0,0,39.97015535,-103.202587,8121.0,937.2453137734312,0.0,46,46,0,0,46,46,4909,0,0,0,0,0
2020-07-27,US,Colorado,Weld,3422,139,0,40.55499405,-104.3929621,8123.0,1054.5714532253494,4.061952074810052,3283,3408,139,0,3269,3386,314305,14,0,0,14,22
2020-07-27,US,Colorado,Yuma,57,0,0,40.00346839,-102.4258673,8125.0,568.9190537977843,0.0,57,57,0,0,57,57,10020,0,0,0,0,0
2020-07-27,US,Connecticut,Fairfield,17459,1402,0,41.26809896,-73.3881171,9001.0,1850.7800011024758,8.030242281917635,16057,17421,1402,0,16019,17421,943823,38,0,0,38,0
2020-07-27,US,Connecticut,Hartford,12390,1410,0,41.80283011,-72.73103891,9003.0,1389.4496030143991,11.380145278450366,10980,12340,1408,0,10932,12340,892697,50,2,0,48,0
2020-07-27,US,Connecticut,Litchfield,1568,138,0,41.7937534,-73.2451475,9005.0,869.5025314279694,8.801020408163266,1430,1560,138,0,1422,1560,181111,8,0,0,8,0
2020-07-27,US,Connecticut,Middlesex,1373,189,0,41.45949668,-72.53714864,9007.0,845.2559777389249,13.765477057538238,1184,1365,188,0,1177,1365,162682,8,1,0,7,0
2020-07-27,US,Connecticut,New Haven,12941,1097,0,41.408032500000004,-72.93620426,9009.0,1513.997545501236,8.476933776369679,11844,12884,1095,0,11789,12884,857620,57,2,0,55,0
2020-07-27,US,Connecticut,New London,1373,102,0,41.48896435,-72.10430976,9011.0,517.7107606916887,7.428987618353969,1271,1362,102,0,1260,1362,266784,11,0,0,11,0
2020-07-27,US,Connecticut,Tolland,969,65,0,41.85853803,-72.3308481,9013.0,642.9097471487053,6.707946336429307,904,964,65,0,899,964,150921,5,0,0,5,0
2020-07-27,US,Connecticut,Unassigned,242,0,0,0.0,0.0,90009.0,0.0,0.0,242,222,0,0,222,222,,20,0,0,20,0
2020-07-27,US,Connecticut,Windham,668,15,0,41.82972709,-71.98182316,9015.0,572.0059598225754,2.245508982035928,653,658,15,0,643,658,117027,10,0,0,10,0
2020-07-27,US,Delaware,Kent,2125,95,0,39.08646628,-75.56884914,10001.0,1175.422875665151,4.470588235294118,2030,2117,95,0,2022,2091,178550,8,0,0,8,26
2020-07-27,US,Delaware,New Castle,6560,284,0,39.57992638,-75.64054974,10003.0,1174.0429134161247,4.329268292682927,6276,6480,284,0,6196,6414,559335,80,0,0,80,66
2020-07-27,US,Delaware,Sussex,5529,190,0,38.66143781,-75.39031349,10005.0,2360.550752481588,3.436426116838488,5339,5506,190,0,5316,5488,229286,23,0,0,23,18
2020-07-27,US,Delaware,Unassigned,192,10,0,0.0,0.0,90010.0,0.0,5.208333333333333,182,187,10,0,177,182,,5,0,0,5,5
2020-07-27,US,District of Columbia,District of Columbia,11858,582,0,38.90417773,-77.01655992,11001.0,1669.1486633349814,4.932088285229202,11276,11780,581,0,11199,11717,702455,78,1,0,77,63
2020-07-27,US,Florida,Alachua,3186,20,0,29.67866525,-82.35928158,12001.0,1184.1973216177341,0.6277463904582549,3166,3144,20,0,3124,3050,269956,42,0,0,42,94
2020-07-27,US,Florida,Baker,310,4,0,30.33060121,-82.28467476,12003.0,1061.280383430332,1.2903225806451613,306,300,4,0,296,285,28355,10,0,0,10,15
2020-07-27,US,Florida,Bay,3026,15,0,30.26548745,-85.62122584,12005.0,1732.0626198448813,0.49570389953734295,3011,2972,15,0,2957,2862,185287,54,0,0,54,110
2020-07-27,US,Florida,Bradford,236,3,0,29.95079741,-82.16611613,12007.0,836.8497571008121,1.2711864406779658,233,233,3,0,230,228,27732,3,0,0,3,5
2020-07-27,US,Florida,Brevard,5069,65,0,28.29409504,-80.73091022,12009.0,842.1077113741858,1.2823042020122313,5004,4966,64,0,4902,4898,596849,103,1,0,102,68
2020-07-27,US,Florida,Broward,50784,607,0,26.15184651,-80.48725556,12011.0,2600.6028335018113,1.1952583490863264,50177,49350,605,0,48745,48187,1951260,1434,2,0,1432,1163
2020-07-27,US,Florida,Calhoun,261,7,0,30.40666734,-85.19394153,12013.0,1850.407656859269,2.681992337164751,254,254,7,0,247,247,14587,7,0,0,7,7
2020-07-27,US,Florida,Charlotte,1717,84,0,26.90131002,-81.92949121,12015.0,908.8984172357208,4.892253931275482,1633,1683,82,0,1601,1660,184998,34,2,0,32,23
2020-07-27,US,Florida,Citrus,1102,20,0,28.84804315,-82.47614748,12017.0,736.3504547064286,1.8148820326678765,1082,1083,20,0,1063,1056,147929,19,0,0,19,27
2020-07-27,US,Florida,Clay,2577,47,0,29.98319144,-81.85609986,12019.0,1175.359859887253,1.8238261544431509,2530,2538,47,0,2491,2473,216072,39,0,0,39,65
2020-07-27,US,Florida,Collier,8870,118,0,26.11091986,-81.34687065,12021.0,2304.4826994923387,1.3303269447576098,8752,8795,117,0,8678,8725,378488,75,1,0,74,70
2020-07-27,US,Florida,Columbia,2203,10,0,30.22509788,-82.62160164,12023.0,3073.1244594481486,0.4539264639128461,2193,2122,10,0,2112,2074,70503,81,0,0,81,48
2020-07-27,US,Florida,DeSoto,1205,14,0,27.18677893,-81.80941373,12027.0,3170.969185021447,1.1618257261410792,1191,1172,14,0,1158,1164,37489,33,0,0,33,8
2020-07-27,US,Florida,Dixie,231,4,0,29.60631086,-83.15724673,12029.0,1372.8753120171166,1.7316017316017316,227,230,4,0,226,225,16700,1,0,0,1,5
2020-07-27,US,Florida,Duval,20001,143,0,30.33225875,-81.66976468,12031.0,2088.3211259664527,0.7149642517874106,19858,19753,139,0,19614,19288,950181,248,4,0,244,465
2020-07-27,US,Florida,Escambia,7158,82,0,30.67652764,-87.37284571,12033.0,2248.708830219028,1.1455713886560492,7076,7018,80,0,6938,6854,315534,140,2,0,138,164
2020-07-27,US,Florida,Flagler,813,8,0,29.45933576,-81.31508595,12035.0,706.45892892832,0.9840098400984009,805,801,8,0,793,779,112067,12,0,0,12,22
2020-07-27,US,Florida,Franklin,87,1,0,29.83791238,-84.82731662,12037.0,717.5257731958764,1.1494252873563218,86,88,1,0,87,85,11736,-1,0,0,-1,3
2020-07-27,US,Florida,Gadsden,1197,13,0,30.57796289,-84.61915825,12039.0,2621.550591327201,1.086048454469507,1184,1188,13,0,1175,1142,45894,9,0,0,9,46
2020-07-27,US,Florida,Gilchrist,315,1,0,29.72856978,-82.79880657,12041.0,1695.1888924765906,0.31746031746031744,314,308,0,0,308,303,18256,7,1,0,6,5
2020-07-27,US,Florida,Glades,383,3,0,26.95635849,-81.18996211,12043.0,2773.1518354934474,0.783289817232376,380,385,3,0,382,384,13724,-2,0,0,-2,1
2020-07-27,US,Florida,Gulf,249,0,0,29.93543004,-85.24270990000002,12045.0,1825.647041571963,0.0,249,241,0,0,241,242,16164,8,0,0,8,-1
2020-07-27,US,Florida,Hamilton,560,2,0,30.49673973,-82.94998918,12047.0,3881.3418353202105,0.35714285714285715,558,557,2,0,555,553,14310,3,0,0,3,4
2020-07-27,US,Florida,Hardee,789,5,0,27.49293939,-81.80956574,12049.0,2929.056687827152,0.6337135614702155,784,781,5,0,776,776,27245,8,0,0,8,5
2020-07-27,US,Florida,Hendry,1573,34,0,26.55386945,-81.16469006,12051.0,3743.2773309218974,2.161474888747616,1539,1512,33,0,1479,1495,41556,61,1,0,60,17
2020-07-27,US,Florida,Hernando,1490,22,0,28.55364461,-82.42700204,12053.0,768.3580858085809,1.4765100671140938,1468,1454,22,0,1432,1418,190865,36,0,0,36,36
2020-07-27,US,Florida,Highlands,1068,22,0,27.34254618,-81.34071957,12055.0,1005.4508995396393,2.059925093632959,1046,1039,22,0,1017,1018,105424,29,0,0,29,21
2020-07-27,US,Florida,Hillsborough,27483,298,0,27.9276559,-82.32013172,12057.0,1867.092219396074,1.084306662300331,27185,27077,295,0,26782,26626,1436888,406,3,0,403,451
2020-07-27,US,Florida,Holmes,384,1,0,30.86747479,-85.81319222,12059.0,1957.4858541061328,0.2604166666666667,383,375,1,0,374,371,19477,9,0,0,9,4
2020-07-27,US,Florida,Indian River,2031,35,0,27.69308961,-80.60556721,12061.0,1269.986180849534,1.7232890201870998,1996,1974,35,0,1939,1941,157413,57,0,0,57,33
2020-07-27,US,Florida,Jackson,1270,19,0,30.795459700000002,-85.21500423,12063.0,2736.243374843797,1.4960629921259845,1251,1266,18,0,1248,1220,48305,4,1,0,3,46
2020-07-27,US,Florida,Jefferson,177,5,0,30.43669112,-83.89442308,12065.0,1242.454022181665,2.824858757062147,172,174,5,0,169,169,14288,3,0,0,3,5
2020-07-27,US,Florida,Lafayette,83,0,0,29.98484137,-83.18166636,12067.0,985.5141296604132,0.0,83,83,0,0,83,82,8732,0,0,0,0,1
2020-07-27,US,Florida,Lake,4169,48,0,28.76202069,-81.7125123,12069.0,1135.6021769567278,1.1513552410650036,4121,4090,39,0,4051,3988,356495,79,9,0,70,102
2020-07-27,US,Florida,Lee,14540,259,0,26.58410348,-81.88399313,12071.0,1886.897740264763,1.781292984869326,14281,14415,258,0,14157,14292,754610,125,1,0,124,123
2020-07-27,US,Florida,Leon,3868,14,0,30.45955727,-84.27491114,12073.0,1317.5194664523026,0.3619441571871768,3854,3760,13,0,3747,3656,292502,108,1,0,107,104
2020-07-27,US,Florida,Levy,474,2,0,29.31829741,-82.74007147,12075.0,1142.0861142568008,0.4219409282700422,472,462,2,0,460,449,40770,12,0,0,12,13
2020-07-27,US,Florida,Liberty,339,2,0,30.23766008,-84.8829258,12077.0,4057.9363179315296,0.5899705014749262,337,335,2,0,333,332,8457,4,0,0,4,3
2020-07-27,US,Florida,Madison,553,6,0,30.44396917,-83.47398594,12079.0,2990.32066187206,1.08499095840868,547,526,6,0,520,519,18529,27,0,0,27,7
2020-07-27,US,Florida,Manatee,7982,156,0,27.47196942,-82.31831044,12081.0,1979.4025090947864,1.954397394136808,7826,7859,154,0,7705,7709,394855,123,2,0,121,150
2020-07-27,US,Florida,Marion,3581,50,0,29.21227113,-82.05803627,12083.0,979.5420415286436,1.396258028483664,3531,3426,49,0,3377,3224,359977,155,1,0,154,202
2020-07-27,US,Florida,Martin,3451,65,0,27.0772071,-80.43109784,12085.0,2143.478260869565,1.8835120254998552,3386,3420,64,0,3356,3388,160912,31,1,0,30,32
2020-07-27,US,Florida,Miami-Dade,107315,1404,0,25.6112362,-80.55170587,12086.0,3949.8479907543046,1.308298001211387,105911,104755,1388,0,103367,101854,2761581,2560,16,0,2544,2901
2020-07-27,US,Florida,Monroe,1145,6,0,25.20904673,-81.07812416,12087.0,1542.5445923371235,0.5240174672489083,1139,1126,6,0,1120,1114,75027,19,0,0,19,12
2020-07-27,US,Florida,Nassau,967,8,0,30.61037141,-81.80297522,12089.0,1091.114245416079,0.827300930713547,959,941,8,0,933,919,85832,26,0,0,26,22
2020-07-27,US,Florida,Okaloosa,2411,20,0,30.69143028,-86.59267105,12091.0,1144.0746329565625,0.8295313148071339,2391,2368,20,0,2348,2275,207269,43,0,0,43,93
2020-07-27,US,Florida,Okeechobee,837,2,0,27.386336199999995,-80.88944347,12093.0,1984.9174729652814,0.23894862604540024,835,812,2,0,810,802,41537,25,0,0,25,10
2020-07-27,US,Florida,Orange,27393,174,0,28.51367621,-81.31799498,12095.0,1965.8373593062408,0.6351987734092651,27219,26980,173,0,26807,26559,1380645,413,1,0,412,421
2020-07-27,US,Florida,Osceola,7728,53,0,28.06312234,-81.14882926,12097.0,2056.6811532105044,0.6858178053830227,7675,7614,51,0,7563,7407,367990,114,2,0,112,207
2020-07-27,US,Florida,Palm Beach,30958,758,0,26.64676272,-80.46536002,12099.0,2068.320450035744,2.4484785838878484,30200,30325,755,0,29570,29707,1485941,633,3,0,630,618
2020-07-27,US,Florida,Pasco,5911,68,0,28.30810945,-82.40227529,12101.0,1067.0695933004422,1.1503975638639825,5843,5803,69,0,5734,5674,539630,108,-1,0,109,129
2020-07-27,US,Florida,Pinellas,15339,378,0,27.93130349,-82.72239666,12103.0,1573.2372235373273,2.4643066692743987,14961,15147,373,0,14774,14985,975280,192,5,0,187,162
2020-07-27,US,Florida,Polk,11717,220,0,27.95027105,-81.69732947,12105.0,1616.6351857191935,1.8776137236493984,11497,11423,217,0,11206,11197,708009,294,3,0,291,226
2020-07-27,US,Florida,Putnam,1176,13,0,29.60779729,-81.74230285,12107.0,1578.0786623904671,1.1054421768707483,1163,1169,13,0,1156,1150,74163,7,0,0,7,19
2020-07-27,US,Florida,Santa Rosa,2789,19,0,30.69341450000001,-87.02458128,12113.0,1513.1868072246668,0.6812477590534242,2770,2507,19,0,2488,2365,179349,282,0,0,282,142
2020-07-27,US,Florida,Sarasota,5168,115,0,27.18546175,-82.33174248,12115.0,1191.4917162737295,2.225232198142415,5053,5103,113,0,4990,5006,426718,65,2,0,63,97
2020-07-27,US,Florida,Seminole,6116,68,0,28.7158582,-81.24060348,12117.0,1296.2405632584896,1.1118378024852844,6048,6034,66,0,5968,5969,467832,82,2,0,80,65
2020-07-27,US,Florida,St. Johns,2993,21,0,29.90096506,-81.43589967,12109.0,1130.833635594245,0.7016371533578349,2972,2929,19,0,2910,2871,254261,64,2,0,62,58
2020-07-27,US,Florida,St. Lucie,4546,103,0,27.37763908,-80.47106649,12111.0,1384.7217610882828,2.2657281126264848,4443,4401,97,0,4304,4316,321128,145,6,0,139,85
2020-07-27,US,Florida,Sumter,1003,27,0,28.70181754,-82.0794267,12119.0,757.4384534058299,2.691924227318046,976,992,25,0,967,968,128754,11,2,0,9,24
2020-07-27,US,Florida,Suwannee,1024,27,0,30.19746066,-82.99099670000003,12121.0,2305.4235990724274,2.63671875,997,1013,27,0,986,993,44191,11,0,0,11,20
2020-07-27,US,Florida,Taylor,272,3,0,30.04848048,-83.60445406,12123.0,1261.0691269878066,1.1029411764705883,269,266,3,0,263,257,21623,6,0,0,6,9
2020-07-27,US,Florida,Unassigned,501,0,0,0.0,0.0,90012.0,0.0,0.0,501,489,0,0,489,462,,12,0,0,12,27
2020-07-27,US,Florida,Union,234,4,0,30.04412971,-82.37497443,12125.0,1535.7353809805081,1.709401709401709,230,212,4,0,208,183,14940,22,0,0,22,29
2020-07-27,US,Florida,Volusia,6341,100,0,29.05858895,-81.18263252,12127.0,1146.0660348031026,1.5770383220312254,6241,6240,99,0,6141,6133,547538,101,1,0,100,107
2020-07-27,US,Florida,Wakulla,515,1,0,30.16548905,-84.39895211,12129.0,1526.4234268946914,0.1941747572815534,514,507,1,0,506,477,32461,8,0,0,8,30
2020-07-27,US,Florida,Walton,1066,12,0,30.64204028,-86.16935664,12131.0,1439.1597251285928,1.125703564727955,1054,1057,12,0,1045,1016,71375,9,0,0,9,41
2020-07-27,US,Florida,Washington,437,13,0,30.61359259,-85.66002461,12133.0,1715.541946374593,2.9748283752860414,424,433,13,0,420,415,24880,4,0,0,4,18
2020-07-27,US,Georgia,Appling,518,16,0,31.74847232,-82.28909114,13001.0,2817.361035570543,3.088803088803089,502,491,16,0,475,486,18507,27,0,0,27,5
2020-07-27,US,Georgia,Atkinson,268,2,0,31.29633502,-82.87545866,13003.0,3282.3025107164726,0.746268656716418,266,267,2,0,265,264,8297,1,0,0,1,3
2020-07-27,US,Georgia,Bacon,389,5,0,31.55456473,-82.45936528,13005.0,3484.414188462917,1.2853470437017995,384,382,5,0,377,378,11185,7,0,0,7,4
2020-07-27,US,Georgia,Baker,52,3,0,31.32669878,-84.44218806,13007.0,1711.6524028966423,5.769230769230768,49,52,3,0,49,50,3092,0,0,0,0,2
2020-07-27,US,Georgia,Baldwin,854,37,0,33.06882326,-83.24701748,13009.0,1902.4281577188683,4.332552693208431,817,840,37,0,803,822,44823,14,0,0,14,18
2020-07-27,US,Georgia,Banks,209,3,0,34.35607081,-83.49644388,13011.0,1086.6174482686909,1.4354066985645932,206,205,3,0,202,203,18988,4,0,0,4,2
2020-07-27,US,Georgia,Barrow,940,32,0,33.99148694,-83.71436292,13013.0,1129.2647765497356,3.404255319148936,908,918,32,0,886,910,80809,22,0,0,22,8
2020-07-27,US,Georgia,Bartow,1367,55,0,34.23732119,-84.83887523,13015.0,1268.818801165791,4.023408924652524,1312,1354,51,0,1303,1318,106408,13,4,0,9,36
2020-07-27,US,Georgia,Ben Hill,303,1,0,31.76095874,-83.22145359,13017.0,1814.3712574850301,0.33003300330033003,302,302,1,0,301,297,16787,1,0,0,1,5
2020-07-27,US,Georgia,Berrien,229,0,0,31.27590016,-83.22529920000002,13019.0,1180.5949373614474,0.0,229,228,0,0,228,224,19252,1,0,0,1,4
2020-07-27,US,Georgia,Bibb,2731,53,0,32.80904227,-83.70489165,13021.0,1783.1142799313131,1.9406810692054195,2678,2689,53,0,2636,2660,153095,42,0,0,42,29
2020-07-27,US,Georgia,Bleckley,116,3,0,32.43829035,-83.33035166,13023.0,901.1108521712108,2.586206896551724,113,116,3,0,113,114,12838,0,0,0,0,2
2020-07-27,US,Georgia,Brantley,205,4,0,31.19576557,-81.97743999,13025.0,1072.7929247998322,1.951219512195122,201,200,3,0,197,196,18897,5,1,0,4,4
2020-07-27,US,Georgia,Brooks,328,13,0,30.83922642,-83.58303423,13027.0,2122.0159151193634,3.963414634146341,315,317,13,0,304,308,15513,11,0,0,11,9
2020-07-27,US,Georgia,Bryan,475,6,0,32.00979311,-81.44002948,13029.0,1198.6776692659046,1.263157894736842,469,467,6,0,461,461,38109,8,0,0,8,6
2020-07-27,US,Georgia,Bulloch,941,10,0,32.39577406,-81.74811421,13031.0,1182.04200582856,1.0626992561105206,931,925,10,0,915,903,77296,16,0,0,16,22
2020-07-27,US,Georgia,Burke,339,7,0,33.05917989,-81.99928721,13033.0,1514.5422865567618,2.0648967551622417,332,329,7,0,322,316,22423,10,0,0,10,13
2020-07-27,US,Georgia,Butts,411,36,0,33.283094500000004,-83.95435040000002,13035.0,1648.2194417709336,8.75912408759124,375,405,36,0,369,402,24193,6,0,0,6,3
2020-07-27,US,Georgia,Calhoun,182,6,0,31.53169785,-84.62725131,13037.0,2940.7012441428333,3.2967032967032965,176,181,6,0,175,180,6352,1,0,0,1,1
2020-07-27,US,Georgia,Camden,508,4,0,30.92951916,-81.66601818,13039.0,929.2796253612848,0.7874015748031497,504,496,4,0,492,486,53677,12,0,0,12,10
2020-07-27,US,Georgia,Candler,181,1,0,32.40209349,-82.07702563,13043.0,1675.460520225863,0.5524861878453039,180,177,1,0,176,171,10836,4,0,0,4,6
2020-07-27,US,Georgia,Carroll,1587,42,0,33.58138199,-85.07976677,13045.0,1322.5881725448364,2.6465028355387523,1545,1542,42,0,1500,1511,118121,45,0,0,45,31
2020-07-27,US,Georgia,Catoosa,457,8,0,34.89872298,-85.13757014,13047.0,676.2355726546316,1.7505470459518602,449,452,8,0,444,447,67420,5,0,0,5,5
2020-07-27,US,Georgia,Charlton,279,3,0,30.78371028,-82.13951596,13049.0,2083.333333333333,1.075268817204301,276,258,3,0,255,254,12968,21,0,0,21,4
2020-07-27,US,Georgia,Chatham,4382,48,0,32.00043026,-81.12489526,13051.0,1514.0102960992294,1.0953902327704244,4334,4261,48,0,4213,4154,289195,121,0,0,121,107
2020-07-27,US,Georgia,Chattahoochee,509,1,0,32.34341231,-84.78809239,13053.0,4666.727789492986,0.19646365422396853,508,509,1,0,508,507,10684,0,0,0,0,2
2020-07-27,US,Georgia,Chattooga,145,2,0,34.47197698,-85.34535662,13055.0,584.9368671588203,1.3793103448275863,143,144,2,0,142,134,24790,1,0,0,1,10
2020-07-27,US,Georgia,Cherokee,2481,52,0,34.24393976,-84.47431861,13057.0,958.755357011744,2.095929060862556,2429,2453,52,0,2401,2419,254149,28,0,0,28,34
2020-07-27,US,Georgia,Clarke,1475,15,0,33.95436462,-83.37124007,13059.0,1149.3715470151405,1.0169491525423728,1460,1449,15,0,1434,1439,127330,26,0,0,26,10
2020-07-27,US,Georgia,Clay,69,2,0,31.62221166,-84.97713865,13061.0,2434.721242060692,2.898550724637681,67,69,2,0,67,69,2887,0,0,0,0,0
2020-07-27,US,Georgia,Clayton,4063,92,0,33.54187245,-84.35594188,13063.0,1390.2195335596189,2.2643366970219048,3971,4002,92,0,3910,3948,289615,61,0,0,61,54
2020-07-27,US,Georgia,Clinch,160,4,0,30.91395822,-82.70432472,13065.0,2417.648836506497,2.5,156,159,4,0,155,157,6648,1,0,0,1,2
2020-07-27,US,Georgia,Cobb,10240,288,0,33.94243204,-84.5761255,13067.0,1347.1184951213002,2.8125,9952,10120,287,0,9833,10009,756865,120,1,0,119,111
2020-07-27,US,Georgia,Coffee,1208,22,0,31.54892966,-82.85492059999999,13069.0,2791.5790446698866,1.8211920529801324,1186,1198,22,0,1176,1184,43093,10,0,0,10,14
2020-07-27,US,Georgia,Colquitt,1426,21,0,31.18810588,-83.7677946,13071.0,3127.1929824561407,1.472650771388499,1405,1419,21,0,1398,1405,45592,7,0,0,7,14
2020-07-27,US,Georgia,Columbia,1548,18,0,33.54534185,-82.263524,13073.0,987.7866687086032,1.162790697674419,1530,1495,18,0,1477,1439,154291,53,0,0,53,56
2020-07-27,US,Georgia,Cook,344,5,0,31.16068491,-83.42947229,13075.0,1991.8934568616096,1.4534883720930232,339,339,5,0,334,334,17162,5,0,0,5,5
2020-07-27,US,Georgia,Coweta,1207,17,0,33.35334302,-84.76129976,13077.0,812.74535550034,1.4084507042253518,1190,1184,17,0,1167,1168,145864,23,0,0,23,16
2020-07-27,US,Georgia,Crawford,81,0,0,32.71391813,-83.98061238,13079.0,653.0151564011609,0.0,81,81,0,0,81,81,12318,0,0,0,0,0
2020-07-27,US,Georgia,Crisp,348,14,0,31.92289565,-83.76811843,13081.0,1555.5158233506168,4.022988505747127,334,348,14,0,334,349,22601,0,0,0,0,-1
2020-07-27,US,Georgia,Dade,97,1,0,34.854916700000004,-85.50490424,13083.0,601.8863241499131,1.0309278350515465,96,95,1,0,94,95,16226,2,0,0,2,0
2020-07-27,US,Georgia,Dawson,241,3,0,34.44244079,-84.16964071,13085.0,923.0887084418567,1.2448132780082988,238,237,3,0,234,229,25083,4,0,0,4,8
2020-07-27,US,Georgia,DeKalb,11281,207,0,33.76944049,-84.22396017,13089.0,1485.716392926615,1.834943710663948,11074,11159,207,0,10952,11025,756558,122,0,0,122,134
2020-07-27,US,Georgia,Decatur,515,8,0,30.87967778,-84.57619536,13087.0,1950.4620512043632,1.5533980582524272,507,505,8,0,497,496,26575,10,0,0,10,9
2020-07-27,US,Georgia,Dodge,203,2,0,32.17265114,-83.16948926,13091.0,985.1977675321524,0.9852216748768472,201,201,2,0,199,195,20705,2,0,0,2,6
2020-07-27,US,Georgia,Dooly,231,14,0,32.15630737,-83.79746561,13093.0,1725.1680358476474,6.0606060606060606,217,231,14,0,217,230,13706,0,0,0,0,1
2020-07-27,US,Georgia,Dougherty,2476,162,0,31.53328528,-84.21722377,13095.0,2815.0438855791526,6.542810985460419,2314,2459,162,0,2297,2451,91243,17,0,0,17,8
2020-07-27,US,Georgia,Douglas,2078,46,0,33.70291126,-84.77026156,13097.0,1419.9517571732165,2.213666987487969,2032,2057,46,0,2011,2027,145331,21,0,0,21,30
2020-07-27,US,Georgia,Early,326,31,0,31.32155345,-84.90255207,13099.0,3199.2149165848878,9.509202453987731,295,326,31,0,295,326,10247,0,0,0,0,0
2020-07-27,US,Georgia,Echols,217,0,0,30.71101099,-82.89687287,13101.0,5416.874687968048,0.0,217,217,0,0,217,217,4000,0,0,0,0,0
2020-07-27,US,Georgia,Effingham,542,1,0,32.36616021,-81.34280942,13103.0,842.9762349135249,0.18450184501845016,541,533,1,0,532,524,62190,9,0,0,9,9
2020-07-27,US,Georgia,Elbert,286,1,0,34.11302332,-82.83936148,13105.0,1490.0489736375946,0.34965034965034963,285,282,1,0,281,279,19120,4,0,0,4,3
2020-07-27,US,Georgia,Emanuel,330,5,0,32.59221302,-82.30239915,13107.0,1457.21098648768,1.5151515151515151,325,326,4,0,322,324,22612,4,1,0,3,2
2020-07-27,US,Georgia,Evans,176,1,0,32.15328841,-81.8870105,13109.0,1651.9617045241225,0.5681818181818182,175,165,1,0,164,150,10721,11,0,0,11,15
2020-07-27,US,Georgia,Fannin,238,2,0,34.86430205,-84.316964,13111.0,908.813196884069,0.8403361344537815,236,235,2,0,233,229,25964,3,0,0,3,6
2020-07-27,US,Georgia,Fayette,825,23,0,33.41357794,-84.49089434,13113.0,721.0214908102533,2.787878787878788,802,805,23,0,782,788,113459,20,0,0,20,17
2020-07-27,US,Georgia,Floyd,1069,15,0,34.26268279,-85.21577392,13115.0,1085.3012243903434,1.4031805425631432,1054,1047,15,0,1032,1017,97927,22,0,0,22,30
2020-07-27,US,Georgia,Forsyth,1641,16,0,34.22604035,-84.12315129999998,13117.0,671.8471087237772,0.9750152346130408,1625,1617,16,0,1601,1597,236612,24,0,0,24,20
2020-07-27,US,Georgia,Franklin,327,3,0,34.37525597,-83.23159927,13119.0,1400.4882436078628,0.9174311926605504,324,322,3,0,319,321,23023,5,0,0,5,1
2020-07-27,US,Georgia,Fulton,16073,371,0,33.79216944,-84.46319413,13121.0,1510.7097506713276,2.3082187519442545,15702,15843,372,0,15471,15649,1050114,230,-1,0,231,194
2020-07-27,US,Georgia,Gilmer,437,3,0,34.69316688,-84.45802506,13123.0,1393.0950938824951,0.6864988558352403,434,426,3,0,423,421,30816,11,0,0,11,5
2020-07-27,US,Georgia,Glascock,19,0,0,33.22879932,-82.61297636,13125.0,639.5153147088522,0.0,19,19,0,0,19,19,2995,0,0,0,0,0
2020-07-27,US,Georgia,Glynn,2127,22,0,31.23279254,-81.53811412,13127.0,2493.7860526192376,1.0343206393982134,2105,2097,20,0,2077,2083,85219,30,2,0,28,14
2020-07-27,US,Georgia,Gordon,834,21,0,34.50487351,-84.87296253,13129.0,1438.8489208633093,2.5179856115107917,813,827,21,0,806,802,57685,7,0,0,7,25
2020-07-27,US,Georgia,Grady,358,4,0,30.87454847,-84.23418364,13131.0,1453.3349571712745,1.11731843575419,354,357,4,0,353,346,24748,1,0,0,1,11
2020-07-27,US,Georgia,Greene,215,11,0,33.5769205,-83.17139104,13133.0,1173.3246016153678,5.116279069767441,204,203,11,0,192,203,17698,12,0,0,12,0
2020-07-27,US,Georgia,Gwinnett,15534,216,0,33.96044201,-84.02137802,13135.0,1659.1722296395194,1.3904982618771726,15318,15315,216,0,15099,15134,927781,219,0,0,219,181
2020-07-27,US,Georgia,Habersham,943,48,0,34.63331566,-83.53094677,13137.0,2080.3918108012713,5.090137857900318,895,937,48,0,889,931,45388,6,0,0,6,6
2020-07-27,US,Georgia,Hall,4924,71,0,34.32207823,-83.81896936,13139.0,2408.518839176095,1.4419171405361495,4853,4860,71,0,4789,4845,202148,64,0,0,64,15
2020-07-27,US,Georgia,Hancock,264,34,0,33.2721566,-82.99766919,13141.0,3121.674352607308,12.87878787878788,230,259,34,0,225,255,8348,5,0,0,5,4
2020-07-27,US,Georgia,Haralson,176,6,0,33.79602175,-85.21005667,13143.0,590.7626208378088,3.4090909090909087,170,169,6,0,163,162,29533,7,0,0,7,7
2020-07-27,US,Georgia,Harris,567,14,0,32.73709786,-84.90538572,13145.0,1609.1497332273816,2.469135802469136,553,556,14,0,542,551,34475,11,0,0,11,5
2020-07-27,US,Georgia,Hart,207,0,0,34.34626973,-82.96567682,13147.0,789.9255867200916,0.0,207,200,0,0,200,198,26099,7,0,0,7,2
2020-07-27,US,Georgia,Heard,120,3,0,33.29686567,-85.12886832,13149.0,1006.4581061813302,2.5,117,119,3,0,116,118,11879,1,0,0,1,1
2020-07-27,US,Georgia,Henry,2630,38,0,33.4533428,-84.14814659999998,13151.0,1121.243514480242,1.4448669201520912,2592,2591,38,0,2553,2547,230220,39,0,0,39,44
2020-07-27,US,Georgia,Houston,1497,41,0,32.45802497,-83.66879087,13153.0,948.2906064118887,2.7388109552438205,1456,1476,40,0,1436,1466,155469,21,1,0,20,10
2020-07-27,US,Georgia,Irwin,130,1,0,31.60213036,-83.27501387,13155.0,1380.6287170773153,0.7692307692307693,129,126,1,0,125,124,9398,4,0,0,4,2
2020-07-27,US,Georgia,Jackson,793,13,0,34.13794553,-83.56814788,13157.0,1086.6437370678434,1.639344262295082,780,779,13,0,766,766,70422,14,0,0,14,13
2020-07-27,US,Georgia,Jasper,112,1,0,33.31535543,-83.68844964,13159.0,787.6784584007312,0.8928571428571429,111,109,1,0,108,106,14040,3,0,0,3,3
2020-07-27,US,Georgia,Jeff Davis,319,5,0,31.80405727,-82.63724870000001,13161.0,2110.4862719153157,1.567398119122257,314,296,5,0,291,276,15029,23,0,0,23,20
2020-07-27,US,Georgia,Jefferson,382,5,0,33.05867328,-82.41609057,13163.0,2486.655383413618,1.3089005235602094,377,372,5,0,367,356,15430,10,0,0,10,16
2020-07-27,US,Georgia,Jenkins,211,19,0,32.79248718,-81.96040187,13165.0,2431.9963116643617,9.00473933649289,192,210,19,0,191,209,8683,1,0,0,1,1
2020-07-27,US,Georgia,Johnson,209,5,0,32.70211082,-82.66166794,13167.0,2167.375298143731,2.392344497607656,204,208,4,0,204,205,9708,1,1,0,0,3
2020-07-27,US,Georgia,Jones,225,1,0,33.02512137,-83.56019163,13169.0,783.0172263789804,0.4444444444444444,224,222,1,0,221,218,28616,3,0,0,3,4
2020-07-27,US,Georgia,Lamar,200,8,0,33.07841647,-84.14263877,13171.0,1048.3828694239135,4.0,192,196,8,0,188,192,19000,4,0,0,4,4
2020-07-27,US,Georgia,Lanier,202,4,0,31.03828570000001,-83.06472457,13173.0,1938.0216828168475,1.98019801980198,198,201,4,0,197,192,10340,1,0,0,1,9
2020-07-27,US,Georgia,Laurens,605,2,0,32.46325233,-82.92221316,13175.0,1272.4519412779202,0.3305785123966942,603,596,2,0,594,570,47325,9,0,0,9,26
2020-07-27,US,Georgia,Lee,483,22,0,31.779330600000005,-84.14324253,13177.0,1610.4294478527606,4.554865424430641,461,480,22,0,458,480,29764,3,0,0,3,0
2020-07-27,US,Georgia,Liberty,485,2,0,31.82588896,-81.49251135,13179.0,789.4522666232604,0.4123711340206185,483,476,2,0,474,475,61497,9,0,0,9,1
2020-07-27,US,Georgia,Lincoln,105,3,0,33.79201475,-82.45024131,13181.0,1325.5902032571644,2.8571428571428568,102,103,3,0,100,101,7915,2,0,0,2,2
2020-07-27,US,Georgia,Long,95,1,0,31.75218791,-81.74952375,13183.0,485.70990336929293,1.0526315789473684,94,95,1,0,94,95,18998,0,0,0,0,0
2020-07-27,US,Georgia,Lowndes,2668,25,0,30.83568832,-83.27056716,13185.0,2272.4562628826466,0.9370314842578712,2643,2645,25,0,2620,2608,116321,23,0,0,23,37
2020-07-27,US,Georgia,Lumpkin,242,5,0,34.57286511,-84.00425681,13187.0,720.02380243975,2.066115702479338,237,240,5,0,235,240,32955,2,0,0,2,0
2020-07-27,US,Georgia,Macon,161,10,0,32.35207048,-84.04234127,13193.0,1243.5313199969105,6.211180124223603,151,160,10,0,150,158,13143,1,0,0,1,2
2020-07-27,US,Georgia,Madison,277,4,0,34.12920917,-83.21218732,13195.0,927.0414993306559,1.444043321299639,273,275,4,0,271,274,29650,2,0,0,2,1
2020-07-27,US,Georgia,Marion,126,4,0,32.3483402,-84.52733571,13197.0,1507.3573393946647,3.1746031746031744,122,125,4,0,121,122,8351,1,0,0,1,3
2020-07-27,US,Georgia,McDuffie,239,9,0,33.47851918,-82.48252774,13189.0,1121.433933933934,3.7656903765690375,230,234,9,0,225,228,21531,5,0,0,5,6
2020-07-27,US,Georgia,McIntosh,127,2,0,31.49683595,-81.40163426,13191.0,883.2939212686048,1.5748031496062993,125,124,2,0,122,124,14340,3,0,0,3,0
2020-07-27,US,Georgia,Meriwether,323,5,0,33.04163534,-84.68859732,13199.0,1525.9602210988805,1.547987616099071,318,321,5,0,316,320,21068,2,0,0,2,1
2020-07-27,US,Georgia,Miller,111,0,0,31.16568912,-84.73151117,13201.0,1941.238195173137,0.0,111,108,0,0,108,94,5686,3,0,0,3,14
2020-07-27,US,Georgia,Mitchell,555,41,0,31.22483255,-84.19381821,13205.0,2538.5354251475096,7.387387387387387,514,556,41,0,515,552,22192,-1,0,0,-1,4
2020-07-27,US,Georgia,Monroe,376,22,0,33.014289,-83.92097166,13207.0,1363.405613169918,5.851063829787233,354,367,22,0,345,361,27520,9,0,0,9,6
2020-07-27,US,Georgia,Montgomery,108,0,0,32.17201038,-82.53527476,13209.0,1177.4967291757525,0.0,108,105,0,0,105,105,9193,3,0,0,3,0
2020-07-27,US,Georgia,Morgan,157,0,0,33.59232073,-83.49129491,13211.0,814.4843328491388,0.0,157,155,0,0,155,147,18853,2,0,0,2,8
2020-07-27,US,Georgia,Murray,470,2,0,34.78897608,-84.74993177,13213.0,1172.1867517956905,0.425531914893617,468,465,2,0,463,451,39921,5,0,0,5,14
2020-07-27,US,Georgia,Muscogee,3893,75,0,32.50931999,-84.87142262,13215.0,1988.5681594123687,1.9265348060621628,3818,3840,75,0,3765,3781,194160,53,0,0,53,59
2020-07-27,US,Georgia,Newton,1386,24,0,33.55514538,-83.84547140000002,13217.0,1240.3350515463915,1.7316017316017316,1362,1368,24,0,1344,1355,109541,18,0,0,18,13
2020-07-27,US,Georgia,Oconee,346,15,0,33.83749973,-83.43679568,13219.0,858.987090367428,4.335260115606936,331,340,15,0,325,338,39272,6,0,0,6,2
2020-07-27,US,Georgia,Oglethorpe,164,7,0,33.878629600000004,-83.08278123,13221.0,1074.7755423029032,4.2682926829268295,157,162,7,0,155,160,15054,2,0,0,2,2
2020-07-27,US,Georgia,Out of GA,14936,74,0,0.0,0.0,80013.0,0.0,0.4954472415640064,14862,14477,74,0,14403,13926,,459,0,0,459,551
2020-07-27,US,Georgia,Paulding,1231,18,0,33.91969522,-84.86848792,13223.0,729.8404548607613,1.4622258326563768,1213,1222,18,0,1204,1205,164044,9,0,0,9,17
2020-07-27,US,Georgia,Peach,256,10,0,32.56934316,-83.82937,13225.0,929.3545342336456,3.90625,246,250,10,0,240,243,27297,6,0,0,6,7
2020-07-27,US,Georgia,Pickens,232,5,0,34.46589159,-84.46406611,13227.0,711.8529655426345,2.155172413793104,227,218,5,0,213,211,31980,14,0,0,14,7
2020-07-27,US,Georgia,Pierce,363,5,0,31.35928155,-82.21598442,13229.0,1864.8856922681725,1.3774104683195592,358,353,5,0,348,347,19389,10,0,0,10,6
2020-07-27,US,Georgia,Pike,167,3,0,33.09310242,-84.38790389,13231.0,880.7087859930388,1.7964071856287425,164,164,3,0,161,161,18634,3,0,0,3,3
2020-07-27,US,Georgia,Polk,531,5,0,34.00267074,-85.18677781,13233.0,1246.0986084058854,0.9416195856873822,526,521,5,0,516,509,42470,10,0,0,10,12
2020-07-27,US,Georgia,Pulaski,74,2,0,32.23334561,-83.47549959999998,13235.0,664.4518272425249,2.702702702702702,72,74,2,0,72,75,11069,0,0,0,0,-1
2020-07-27,US,Georgia,Putnam,317,17,0,33.32056115,-83.37552891,13237.0,1433.1570143315698,5.3627760252365935,300,307,17,0,290,303,21809,10,0,0,10,4
2020-07-27,US,Georgia,Quitman,25,1,0,31.86728114,-85.01773177,13239.0,1087.4293170943888,4.0,24,25,1,0,24,25,2279,0,0,0,0,0
2020-07-27,US,Georgia,Rabun,159,3,0,34.88389445,-83.40304637,13241.0,927.8170041430824,1.8867924528301887,156,154,3,0,151,150,16867,5,0,0,5,4
2020-07-27,US,Georgia,Randolph,235,26,0,31.76622818,-84.75732369,13243.0,3467.099439362645,11.063829787234043,209,237,26,0,211,235,6833,-2,0,0,-2,2
2020-07-27,US,Georgia,Richmond,2903,74,0,33.35777107,-82.07026432,13245.0,1433.452828884346,2.549087151222873,2829,2815,74,0,2741,2721,201554,88,0,0,88,94
2020-07-27,US,Georgia,Rockdale,990,12,0,33.65145002,-84.02202167,13247.0,1089.1568385847563,1.2121212121212122,978,982,12,0,970,976,90594,8,0,0,8,6
2020-07-27,US,Georgia,Schley,45,1,0,32.2654021,-84.31258912,13249.0,856.0015217804831,2.2222222222222223,44,44,1,0,43,41,5236,1,0,0,1,3
2020-07-27,US,Georgia,Screven,160,9,0,32.74976524,-81.60779441,13251.0,1145.6394099957038,5.625,151,151,9,0,142,147,13938,9,0,0,9,4
2020-07-27,US,Georgia,Seminole,92,2,0,30.93464824,-84.86823924,13253.0,1137.2064276885044,2.1739130434782608,90,91,2,0,89,93,8315,1,0,0,1,-2
2020-07-27,US,Georgia,Spalding,762,36,0,33.26310031,-84.28013991,13255.0,1142.3774043146484,4.724409448818896,726,750,36,0,714,735,66100,12,0,0,12,15
2020-07-27,US,Georgia,Stephens,484,6,0,34.55151201,-83.29405315,13257.0,1866.923818707811,1.2396694214876034,478,476,6,0,470,474,26035,8,0,0,8,2
2020-07-27,US,Georgia,Stewart,239,5,0,32.07996777,-84.83208037,13259.0,3609.7266273976734,2.092050209205021,234,237,5,0,232,237,6199,2,0,0,2,0
2020-07-27,US,Georgia,Sumter,698,55,0,32.03650571,-84.19821492,13261.0,2364.178295623899,7.879656160458452,643,693,55,0,638,693,29733,5,0,0,5,0
2020-07-27,US,Georgia,Talbot,121,3,0,32.69642758,-84.53351366,13263.0,1953.1880548829706,2.479338842975207,118,119,3,0,116,119,6272,2,0,0,2,0
2020-07-27,US,Georgia,Taliaferro,7,0,0,33.56543317,-82.88136816,13265.0,455.4326610279765,0.0,7,7,0,0,7,5,1608,0,0,0,0,2
2020-07-27,US,Georgia,Tattnall,334,1,0,32.04785085,-82.05539188,13267.0,1320.8890295024914,0.2994011976047904,333,326,1,0,325,317,25391,8,0,0,8,9
2020-07-27,US,Georgia,Taylor,62,2,0,32.55792548,-84.25077141,13269.0,773.0673316708229,3.2258064516129035,60,59,2,0,57,55,8039,3,0,0,3,4
2020-07-27,US,Georgia,Telfair,237,4,0,31.92829517,-82.93491155,13271.0,1494.325346784363,1.6877637130801688,233,234,5,0,229,233,15876,3,-1,0,4,1
2020-07-27,US,Georgia,Terrell,277,29,0,31.77527543,-84.44069698,13273.0,3246.981596530301,10.469314079422384,248,275,29,0,246,274,8611,2,0,0,2,1
2020-07-27,US,Georgia,Thomas,850,38,0,30.86392347,-83.91847289,13275.0,1912.2179478526919,4.470588235294118,812,847,38,0,809,821,44448,3,0,0,3,26
2020-07-27,US,Georgia,Tift,1158,34,0,31.45743864,-83.5236119,13277.0,2849.129022733983,2.936096718480138,1124,1153,34,0,1119,1150,40571,5,0,0,5,3
2020-07-27,US,Georgia,Toombs,527,6,0,32.12059861,-82.32957247,13279.0,1964.2191576593368,1.1385199240986716,521,506,6,0,500,488,26887,21,0,0,21,18
2020-07-27,US,Georgia,Towns,101,1,0,34.91369188,-83.74107459999998,13281.0,839.0795048600148,0.99009900990099,100,100,1,0,99,98,11852,1,0,0,1,2
2020-07-27,US,Georgia,Treutlen,78,2,0,32.40422134,-82.56904553,13283.0,1130.2709752209826,2.5641025641025643,76,77,2,0,75,76,6809,1,0,0,1,1
2020-07-27,US,Georgia,Troup,2090,52,0,33.03349196,-85.02812115,13285.0,2989.0449357855896,2.4880382775119623,2038,2085,52,0,2033,2069,70034,5,0,0,5,16
2020-07-27,US,Georgia,Turner,209,18,0,31.71612656,-83.62069378,13287.0,2617.407639323732,8.61244019138756,191,206,18,0,188,205,7912,3,0,0,3,1
2020-07-27,US,Georgia,Twiggs,69,2,0,32.67435595,-83.43078662,13289.0,849.7536945812808,2.898550724637681,67,67,2,0,65,67,8188,2,0,0,2,0
2020-07-27,US,Georgia,Unassigned,2202,6,0,0.0,0.0,90013.0,0.0,0.2724795640326976,2196,2099,6,0,2093,2057,,103,0,0,103,42
2020-07-27,US,Georgia,Union,176,6,0,34.82995757,-83.98967069,13291.0,718.044959405981,3.4090909090909087,170,174,6,0,168,167,24001,2,0,0,2,7
2020-07-27,US,Georgia,Upson,448,45,0,32.87920671,-84.30024826,13293.0,1702.127659574468,10.044642857142858,403,448,45,0,403,440,26215,0,0,0,0,8
2020-07-27,US,Georgia,Walker,469,14,0,34.73376362,-85.30165174,13295.0,672.2954086093949,2.985074626865672,455,462,14,0,448,453,69410,7,0,0,7,9
2020-07-27,US,Georgia,Walton,762,32,0,33.78017694,-83.73552314,13297.0,805.5564365227873,4.199475065616799,730,754,32,0,722,737,93503,8,0,0,8,17
2020-07-27,US,Georgia,Ware,1028,20,0,31.05449097,-82.42224148,13299.0,2876.811999776124,1.9455252918287935,1008,997,19,0,978,983,35680,31,1,0,30,14
2020-07-27,US,Georgia,Warren,46,0,0,33.41146451,-82.67795848,13301.0,875.5234107346784,0.0,46,45,0,0,45,45,5251,1,0,0,1,0
2020-07-27,US,Georgia,Washington,337,1,0,32.96711864,-82.79357039,13303.0,1654.0689113576127,0.2967359050445104,336,332,1,0,331,326,20386,5,0,0,5,6
2020-07-27,US,Georgia,Wayne,526,2,0,31.5521809,-81.91894878,13305.0,1757.6101847829718,0.3802281368821293,524,506,2,0,504,502,29808,20,0,0,20,4
2020-07-27,US,Georgia,Webster,36,2,0,32.04066113,-84.54742852,13307.0,1380.8975834292291,5.5555555555555545,34,36,2,0,34,36,2611,0,0,0,0,0
2020-07-27,US,Georgia,Wheeler,80,1,0,32.12009104,-82.72574721,13309.0,1018.4595798854233,1.25,79,80,1,0,79,80,7879,0,0,0,0,0
2020-07-27,US,Georgia,White,254,5,0,34.64624278,-83.74905525,13311.0,824.7288784986039,1.9685039370078738,249,253,5,0,248,253,29970,1,0,0,1,0
2020-07-27,US,Georgia,Whitfield,2726,23,0,34.80987459,-84.96093476,13313.0,2605.421110983676,0.8437270726338958,2703,2643,22,0,2621,2571,104062,83,1,0,82,72
2020-07-27,US,Georgia,Wilcox,150,18,0,31.97496928,-83.43438555,13315.0,1737.1163867979155,12.0,132,150,18,0,132,151,8812,0,0,0,0,-1
2020-07-27,US,Georgia,Wilkes,164,3,0,33.78290391,-82.74286107,13317.0,1677.4061573079678,1.8292682926829267,161,163,3,0,160,161,9876,1,0,0,1,2
2020-07-27,US,Georgia,Wilkinson,157,10,0,32.80291082,-83.17140684,13319.0,1753.4062988608443,6.369426751592357,147,156,10,0,146,155,9036,1,0,0,1,1
2020-07-27,US,Georgia,Worth,399,23,0,31.55162306,-83.85090513,13321.0,1970.6623203437546,5.764411027568923,376,398,23,0,375,397,20299,1,0,0,1,1
2020-07-27,US,Hawaii,Hawaii,117,0,0,19.60121157,-155.5210167,15001.0,58.06077027288562,0.0,117,117,0,0,117,117,200983,0,0,0,0,0
2020-07-27,US,Hawaii,Honolulu,1373,19,0,21.45803166,-157.97121819999995,15003.0,140.88365759832868,1.3838310269482883,1354,1345,19,0,1326,1291,980080,28,0,0,28,54
2020-07-27,US,Hawaii,Kauai,45,0,0,22.03935037,-159.5966786,15007.0,62.246690550952366,0.0,45,45,0,0,45,43,72133,0,0,0,0,2
2020-07-27,US,Hawaii,Maui,153,6,0,20.86399628,-156.56890969999995,15009.0,91.38856866387523,3.92156862745098,147,153,6,0,147,146,167207,0,0,0,0,7
2020-07-27,US,Hawaii,Out of HI,23,1,0,0.0,0.0,80015.0,0.0,4.3478260869565215,22,23,1,0,22,23,,0,0,0,0,0
2020-07-27,US,Idaho,Ada,7203,47,0,43.4526575,-116.24155159999998,16001.0,1495.6799083031726,0.6525059003193114,7156,7092,45,0,7047,6732,469966,111,2,0,109,360
2020-07-27,US,Idaho,Adams,17,0,0,44.89333571,-116.4545247,16003.0,395.9012575687005,0.0,17,16,0,0,16,15,4250,1,0,0,1,1
2020-07-27,US,Idaho,Bannock,262,2,0,42.67002716,-112.2233311,16005.0,298.37827988338194,0.7633587786259542,260,243,1,0,242,234,87138,19,1,0,18,9
2020-07-27,US,Idaho,Bear Lake,6,0,0,42.28269683,-111.32892379999998,16007.0,97.95918367346935,0.0,6,6,0,0,6,6,6050,0,0,0,0,0
2020-07-27,US,Idaho,Benewah,42,0,0,47.21754179,-116.6586851,16009.0,451.7100451710045,0.0,42,42,0,0,42,39,9226,0,0,0,0,3
2020-07-27,US,Idaho,Bingham,148,2,0,43.21672879999999,-112.3978437,16011.0,316.1650039520625,1.351351351351351,146,144,2,0,142,140,46236,4,0,0,4,4
2020-07-27,US,Idaho,Blaine,563,6,0,43.4085812,-113.9752658,16013.0,2445.593154076713,1.0657193605683837,557,562,6,0,556,562,22601,1,0,0,1,0
2020-07-27,US,Idaho,Boise,33,0,0,43.98829931,-115.7309284,16015.0,421.4021197803601,0.0,33,33,0,0,33,29,7634,0,0,0,0,4
2020-07-27,US,Idaho,Bonner,135,0,0,48.29996017,-116.6017932,16017.0,295.1529329456263,0.0,135,131,0,0,131,111,44727,4,0,0,4,20
2020-07-27,US,Idaho,Bonneville,548,1,0,43.38713372,-111.6161537,16019.0,460.2644000604727,0.18248175182481752,547,506,1,0,505,461,116854,42,0,0,42,45
2020-07-27,US,Idaho,Boundary,28,0,0,48.76684761,-116.4630179,16021.0,228.66476112699056,0.0,28,28,0,0,28,27,11948,0,0,0,0,1
2020-07-27,US,Idaho,Camas,1,0,0,43.46665742,-114.8065892,16025.0,90.41591320072331,0.0,1,1,0,0,1,1,1127,0,0,0,0,0
2020-07-27,US,Idaho,Canyon,4255,30,0,43.61970148,-116.70954990000001,16027.0,1851.215363129707,0.7050528789659224,4225,4108,27,0,4081,3814,223499,147,3,0,144,294
2020-07-27,US,Idaho,Caribou,21,0,0,42.77149116,-111.5597683,16029.0,293.5010482180293,0.0,21,21,0,0,21,21,7060,0,0,0,0,0
2020-07-27,US,Idaho,Cassia,424,1,0,42.28347888,-113.6012409,16031.0,1764.461090303787,0.2358490566037736,423,405,1,0,404,398,23864,19,0,0,19,7
2020-07-27,US,Idaho,Clark,1,0,0,44.28496071,-112.35057040000001,16033.0,118.3431952662722,0.0,1,1,0,0,1,1,852,0,0,0,0,0
2020-07-27,US,Idaho,Clearwater,14,0,0,46.67459924,-115.6622393,16035.0,159.890360895386,0.0,14,14,0,0,14,14,8758,0,0,0,0,0
2020-07-27,US,Idaho,Custer,7,0,0,44.24186819,-114.2855494,16037.0,162.22479721900348,0.0,7,7,0,0,7,7,4280,0,0,0,0,0
2020-07-27,US,Idaho,Elmore,150,2,0,43.3507101,-115.4701578,16039.0,545.2364508741957,1.3333333333333333,148,147,2,0,145,136,27259,3,0,0,3,11
2020-07-27,US,Idaho,Franklin,45,0,0,42.18332217,-111.81496659999999,16041.0,324.30095128279044,0.0,45,45,0,0,45,38,13726,0,0,0,0,7
2020-07-27,US,Idaho,Fremont,37,0,0,44.22800938,-111.48099429999999,16043.0,282.46431025269106,0.0,37,37,0,0,37,36,13168,0,0,0,0,1
2020-07-27,US,Idaho,Gem,128,0,0,44.06482372,-116.398376,16045.0,706.7137809187277,0.0,128,124,0,0,124,117,17634,4,0,0,4,7
2020-07-27,US,Idaho,Gooding,119,1,0,42.96927962,-114.81083059999999,16047.0,783.9778641544239,0.8403361344537815,118,115,1,0,114,111,15196,4,0,0,4,4
2020-07-27,US,Idaho,Idaho,25,0,0,45.84721541,-115.4634436,16049.0,149.9970000599988,0.0,25,24,0,0,24,24,16513,1,0,0,1,0
2020-07-27,US,Idaho,Jefferson,97,1,0,43.82078483,-112.3131749,16051.0,324.72967091828195,1.0309278350515465,96,90,1,0,89,79,29439,7,0,0,7,11
2020-07-27,US,Idaho,Jerome,383,6,0,42.68891267,-114.2655033,16053.0,1568.90054071768,1.566579634464752,377,367,6,0,361,367,24015,16,0,0,16,0
2020-07-27,US,Idaho,Kootenai,1339,1,0,47.67282258,-116.7020872,16055.0,808.1015347290538,0.07468259895444361,1338,1308,1,0,1307,1246,161505,31,0,0,31,62
2020-07-27,US,Idaho,Latah,71,0,0,46.81587887,-116.71136979999999,16057.0,177.0220404906752,0.0,71,65,0,0,65,65,40134,6,0,0,6,0
2020-07-27,US,Idaho,Lemhi,8,0,0,44.9438088,-113.9309747,16059.0,99.66363523109509,0.0,8,8,0,0,8,8,7961,0,0,0,0,0
2020-07-27,US,Idaho,Lewis,1,0,0,46.23315327,-116.434146,16061.0,26.055237102657642,0.0,1,1,0,0,1,1,3861,0,0,0,0,0
2020-07-27,US,Idaho,Lincoln,48,0,0,43.0012336,-114.1358773,16063.0,894.5210585165859,0.0,48,48,0,0,48,47,5360,0,0,0,0,1
2020-07-27,US,Idaho,Madison,118,0,0,43.78141028,-111.65384740000002,16065.0,295.68747337559824,0.0,118,117,0,0,117,113,39304,1,0,0,1,4
2020-07-27,US,Idaho,Minidoka,391,1,0,42.85518524,-113.6357257,16067.0,1858.453348543181,0.2557544757033248,390,368,1,0,367,355,20825,23,0,0,23,13
2020-07-27,US,Idaho,Nez Perce,123,19,0,46.32638236,-116.75009750000001,16069.0,304.39516927341117,15.447154471544714,104,122,19,0,103,122,40408,1,0,0,1,0
2020-07-27,US,Idaho,Oneida,8,0,0,42.19494279999999,-112.5407838,16071.0,176.5614654601633,0.0,8,8,0,0,8,7,4488,0,0,0,0,1
2020-07-27,US,Idaho,Owyhee,193,0,0,42.58016894,-116.16938710000001,16073.0,1632.4114015055402,0.0,193,186,0,0,186,175,11693,7,0,0,7,11
2020-07-27,US,Idaho,Payette,288,2,0,44.00545243,-116.7647695,16075.0,1202.4550123168135,0.6944444444444444,286,281,2,0,279,268,23551,7,0,0,7,13
2020-07-27,US,Idaho,Power,30,0,0,42.69254894,-112.83957420000002,16077.0,390.57414399166777,0.0,30,29,0,0,29,27,7768,1,0,0,1,2
2020-07-27,US,Idaho,Shoshone,56,0,0,47.35364087,-115.89167490000001,16079.0,434.7151063499456,0.0,56,40,0,0,40,36,12796,16,0,0,16,4
2020-07-27,US,Idaho,Teton,52,0,0,43.75303583,-111.2056773,16081.0,428.2655246252677,0.0,52,52,0,0,52,49,11640,0,0,0,0,3
2020-07-27,US,Idaho,Twin Falls,1064,27,0,42.35440512,-114.6685381,16083.0,1224.705909436221,2.537593984962406,1037,1028,27,0,1001,1023,86081,36,0,0,36,5
2020-07-27,US,Idaho,Valley,43,1,0,44.76728382,-115.5676773,16085.0,377.45786516853934,2.3255813953488373,42,42,1,0,41,41,11041,1,0,0,1,1
2020-07-27,US,Idaho,Washington,167,2,0,44.45275475,-116.78476880000001,16087.0,1638.218559937218,1.1976047904191616,165,166,2,0,164,162,10161,1,0,0,1,4
2020-07-27,US,Illinois,Adams,352,1,0,39.98815591,-91.18786813,17001.0,537.9384121647437,0.2840909090909091,351,336,1,0,335,324,65691,16,0,0,16,12
2020-07-27,US,Illinois,Alexander,35,0,0,37.18049267,-89.32910838,17003.0,607.5334143377886,0.0,35,35,0,0,35,35,6060,0,0,0,0,0
2020-07-27,US,Illinois,Bond,40,2,0,38.88829622,-89.43534887,17005.0,243.51637647631802,5.0,38,38,2,0,36,36,16630,2,0,0,2,2
2020-07-27,US,Illinois,Boone,695,23,0,42.32359279,-88.82345779,17007.0,1297.9979082623634,3.309352517985612,672,696,23,0,673,684,53577,-1,0,0,-1,12
2020-07-27,US,Illinois,Brown,12,0,0,39.96209138,-90.75068024,17009.0,182.42626938279113,0.0,12,12,0,0,12,12,6556,0,0,0,0,0
2020-07-27,US,Illinois,Bureau,80,2,0,41.40385234,-89.5283051,17011.0,245.18818192963096,2.5,78,78,2,0,76,71,32993,2,0,0,2,7
2020-07-27,US,Illinois,Calhoun,6,0,0,39.16840183,-90.66330078,17013.0,126.60898923823594,0.0,6,6,0,0,6,5,4802,0,0,0,0,1
2020-07-27,US,Illinois,Carroll,35,2,0,42.06823429,-89.93395545,17015.0,244.66969591052086,5.7142857142857135,33,33,2,0,31,29,14312,2,0,0,2,4
2020-07-27,US,Illinois,Cass,173,11,0,39.96991073,-90.24734436,17017.0,1424.2199720095498,6.3583815028901745,162,170,11,0,159,167,12260,3,0,0,3,3
2020-07-27,US,Illinois,Champaign,1419,17,0,40.13919438,-88.20046615,17019.0,676.7164705826248,1.1980267794221282,1402,1388,17,0,1371,1366,209983,31,0,0,31,22
2020-07-27,US,Illinois,Christian,80,4,0,39.54581621,-89.27780482,17021.0,247.64735017335315,5.0,76,78,4,0,74,76,32661,2,0,0,2,2
2020-07-27,US,Illinois,Clark,59,0,0,39.33425789,-87.78705622,17023.0,382.09960494786606,0.0,59,57,0,0,57,53,15596,2,0,0,2,4
2020-07-27,US,Illinois,Clay,10,0,0,38.75388572,-88.48914513,17025.0,75.8495145631068,0.0,10,9,0,0,9,9,13253,1,0,0,1,0
2020-07-27,US,Illinois,Clinton,306,17,0,38.60704876,-89.42385254,17027.0,814.6531068633193,5.5555555555555545,289,298,17,0,281,294,37639,8,0,0,8,4
2020-07-27,US,Illinois,Coles,315,17,0,39.51949084,-88.22358557,17029.0,622.2713893443432,5.396825396825397,298,297,17,0,280,290,50885,18,0,0,18,7
2020-07-27,US,Illinois,Cook,103008,4842,0,41.84144849,-87.81658794,17031.0,2000.0648514348768,4.700605778191986,98166,102583,4830,0,97753,101955,5180493,425,12,0,413,628
2020-07-27,US,Illinois,Crawford,30,0,0,39.0032229,-87.75954624,17033.0,160.7114158675738,0.0,30,30,0,0,30,29,18807,0,0,0,0,1
2020-07-27,US,Illinois,Cumberland,39,2,0,39.27432424,-88.2401158,17035.0,362.251532602638,5.128205128205129,37,39,2,0,37,39,10808,0,0,0,0,0
2020-07-27,US,Illinois,De Witt,25,0,0,40.17514519,-88.90959682,17039.0,159.86699066376775,0.0,25,25,0,0,25,24,15769,0,0,0,0,1
2020-07-27,US,Illinois,DeKalb,784,24,0,41.89373302,-88.76958483,17037.0,747.3998303097324,3.0612244897959178,760,779,24,0,755,771,104143,5,0,0,5,8
2020-07-27,US,Illinois,Douglas,96,1,0,39.76768052,-88.21854195,17041.0,493.19291035191367,1.0416666666666667,95,94,1,0,93,92,19479,2,0,0,2,2
2020-07-27,US,Illinois,DuPage,10953,509,0,41.85116968,-88.08642662,17043.0,1186.7754661558251,4.647128640555098,10444,10875,507,0,10368,10771,928589,78,2,0,76,104
2020-07-27,US,Illinois,Edgar,24,0,0,39.6809186,-87.74759563,17045.0,139.85198997727406,0.0,24,24,0,0,24,24,17360,0,0,0,0,0
2020-07-27,US,Illinois,Edwards,6,0,0,38.41353228,-88.05720863,17047.0,93.82329945269743,0.0,6,6,0,0,6,6,6392,0,0,0,0,0
2020-07-27,US,Illinois,Effingham,68,1,0,39.05935711,-88.58969584,17049.0,199.95295224653026,1.4705882352941178,67,59,1,0,58,59,34208,9,0,0,9,0
2020-07-27,US,Illinois,Fayette,43,3,0,39.00072038,-89.02452658,17051.0,201.53730783652043,6.9767441860465125,40,43,3,0,40,41,21416,0,0,0,0,2
2020-07-27,US,Illinois,Ford,37,1,0,40.59706922,-88.22350769,17053.0,285.47180001543086,2.702702702702702,36,37,1,0,36,36,13264,0,0,0,0,1
2020-07-27,US,Illinois,Franklin,106,0,0,37.99189086,-88.92567818,17055.0,275.5465439704697,0.0,106,101,0,0,101,91,38701,5,0,0,5,10
2020-07-27,US,Illinois,Fulton,24,0,0,40.47289135,-90.20862357,17057.0,69.88934187536401,0.0,24,24,0,0,24,23,34844,0,0,0,0,1
2020-07-27,US,Illinois,Gallatin,37,0,0,37.76430935,-88.22953869,17059.0,766.3628831814418,0.0,37,36,0,0,36,32,5058,1,0,0,1,4
2020-07-27,US,Illinois,Greene,17,0,0,39.35907414,-90.388865,17061.0,131.08181047112342,0.0,17,16,0,0,16,14,13044,1,0,0,1,2
2020-07-27,US,Illinois,Grundy,249,5,0,41.28569601,-88.41905692,17063.0,487.718885885533,2.0080321285140563,244,244,5,0,239,240,50972,5,0,0,5,4
2020-07-27,US,Illinois,Hamilton,13,0,0,38.08163641,-88.53883373,17065.0,160.17742730409068,0.0,13,13,0,0,13,11,8163,0,0,0,0,2
2020-07-27,US,Illinois,Hancock,27,1,0,40.40423981,-91.16313899,17067.0,152.47345832392142,3.703703703703704,26,27,1,0,26,26,17844,0,0,0,0,1
2020-07-27,US,Illinois,Hardin,16,0,0,37.51810645,-88.26873022,17069.0,418.73855011777016,0.0,16,14,0,0,14,9,3910,2,0,0,2,5
2020-07-27,US,Illinois,Henderson,9,0,0,40.81908672,-90.92491462,17071.0,135.4198013842913,0.0,9,9,0,0,9,9,6709,0,0,0,0,0
2020-07-27,US,Illinois,Henry,173,1,0,41.3533994,-90.13296166,17073.0,353.68920327929186,0.5780346820809249,172,162,1,0,161,160,49090,11,0,0,11,2
2020-07-27,US,Illinois,Iroquois,219,5,0,40.74717633,-87.82466784,17075.0,807.7008187652135,2.2831050228310503,214,210,5,0,205,205,27604,9,0,0,9,5
2020-07-27,US,Illinois,Jackson,544,19,0,37.78595185,-89.38232563,17077.0,958.590308370044,3.492647058823529,525,530,19,0,511,487,57419,14,0,0,14,43
2020-07-27,US,Illinois,Jasper,49,7,0,39.01054275,-88.15437049,17079.0,509.88553590010406,14.285714285714285,42,48,7,0,41,48,9611,1,0,0,1,0
2020-07-27,US,Illinois,Jefferson,162,17,0,38.29980057,-88.9240025,17081.0,429.8906697802781,10.493827160493828,145,155,17,0,138,153,37820,7,0,0,7,2
2020-07-27,US,Illinois,Jersey,59,1,0,39.08869046,-90.35393073,17083.0,270.9778165617966,1.6949152542372878,58,59,1,0,58,59,21847,0,0,0,0,0
2020-07-27,US,Illinois,Jo Daviess,99,1,0,42.36542373,-90.21094405,17085.0,466.2114433717919,1.0101010101010102,98,96,1,0,95,92,21366,3,0,0,3,4
2020-07-27,US,Illinois,Johnson,50,0,0,37.45939802,-88.88165419,17087.0,402.6737537247322,0.0,50,50,0,0,50,49,12456,0,0,0,0,1
2020-07-27,US,Illinois,Kane,8782,293,0,41.93842729,-88.42861412,17089.0,1649.5023506629377,3.3363698474151677,8489,8714,293,0,8421,8665,534216,68,0,0,68,49
2020-07-27,US,Illinois,Kankakee,1606,66,0,41.13746989,-87.86205334,17091.0,1461.8339371211155,4.109589041095891,1540,1598,66,0,1532,1579,110024,8,0,0,8,19
2020-07-27,US,Illinois,Kendall,1219,21,0,41.59081014,-88.42869583,17093.0,945.0344987983564,1.7227235438884332,1198,1209,21,0,1188,1191,127915,10,0,0,10,18
2020-07-27,US,Illinois,Knox,223,1,0,40.93148779,-90.21330340000002,17095.0,448.701181110284,0.4484304932735426,222,219,1,0,218,216,50112,4,0,0,4,3
2020-07-27,US,Illinois,LaSalle,419,18,0,41.34426129999999,-88.88633881,17099.0,385.5745428779136,4.295942720763724,401,414,18,0,396,409,109430,5,0,0,5,5
2020-07-27,US,Illinois,Lake,11523,439,0,42.3224907,-88.00367925,17097.0,1654.3317995506327,3.8097717608261736,11084,11448,439,0,11009,11366,700832,75,0,0,75,82
2020-07-27,US,Illinois,Lawrence,37,0,0,38.71987914,-87.72884035,17101.0,235.999489730833,0.0,37,35,0,0,35,34,15765,2,0,0,2,1
2020-07-27,US,Illinois,Lee,129,2,0,41.74583951,-89.29977132,17103.0,378.3435007038949,1.5503875968992251,127,126,2,0,124,125,34223,3,0,0,3,1
2020-07-27,US,Illinois,Livingston,74,2,0,40.89188292,-88.55784752,17105.0,207.58527827648118,2.702702702702702,72,71,2,0,69,69,35761,3,0,0,3,2
2020-07-27,US,Illinois,Logan,65,0,0,40.12581572,-89.36638784,17107.0,227.1297784611084,0.0,65,65,0,0,65,65,28925,0,0,0,0,0
2020-07-27,US,Illinois,Macon,377,22,0,39.86064913,-88.96342505,17115.0,362.4686325221856,5.835543766578248,355,354,22,0,332,325,104712,23,0,0,23,29
2020-07-27,US,Illinois,Macoupin,112,3,0,39.26119767,-89.92424028,17117.0,249.2988469928327,2.6785714285714284,109,109,3,0,106,106,45313,3,0,0,3,3
2020-07-27,US,Illinois,Madison,1915,71,0,38.83042506,-89.90422563,17119.0,728.2310260642059,3.70757180156658,1844,1840,71,0,1769,1762,264461,75,0,0,75,78
2020-07-27,US,Illinois,Marion,116,0,0,38.64963204,-88.91899208,17121.0,311.7860502620616,0.0,116,114,0,0,114,113,37620,2,0,0,2,1
2020-07-27,US,Illinois,Marshall,17,0,0,41.0327901,-89.34510444,17123.0,148.62738240951217,0.0,17,17,0,0,17,16,11534,0,0,0,0,1
2020-07-27,US,Illinois,Mason,40,0,0,40.23917274,-89.91824452,17125.0,299.4236095516132,0.0,40,40,0,0,40,37,13565,0,0,0,0,3
2020-07-27,US,Illinois,Massac,31,0,0,37.22078441,-88.71036614,17127.0,225.0943944234679,0.0,31,30,0,0,30,28,14080,1,0,0,1,2
2020-07-27,US,Illinois,McDonough,121,15,0,40.45674722,-90.67775541,17109.0,407.65447072299713,12.396694214876034,106,121,15,0,106,121,29955,0,0,0,0,0
2020-07-27,US,Illinois,McHenry,2705,111,0,42.32451172,-88.45248227,17111.0,878.8916542657927,4.103512014787431,2594,2694,111,0,2583,2669,308570,11,0,0,11,25
2020-07-27,US,Illinois,McLean,471,15,0,40.48996987,-88.84621113,17113.0,274.608347860562,3.1847133757961785,456,461,15,0,446,456,172828,10,0,0,10,5
2020-07-27,US,Illinois,Menard,40,0,0,40.02742725,-89.80246001,17129.0,327.9763857002296,0.0,40,40,0,0,40,39,12288,0,0,0,0,1
2020-07-27,US,Illinois,Mercer,48,0,0,41.20596782,-90.74290052,17131.0,310.94124506056875,0.0,48,46,0,0,46,46,15601,2,0,0,2,0
2020-07-27,US,Illinois,Monroe,227,13,0,38.27594376,-90.17761038,17133.0,655.3685365360741,5.7268722466960345,214,224,13,0,211,220,34335,3,0,0,3,4
2020-07-27,US,Illinois,Montgomery,128,3,0,39.23198845,-89.47809254,17135.0,450.4821566833251,2.34375,125,126,3,0,123,125,28601,2,0,0,2,1
2020-07-27,US,Illinois,Morgan,160,5,0,39.71654544,-90.20255104,17137.0,475.3698972012597,3.125,155,156,5,0,151,153,33976,4,0,0,4,3
2020-07-27,US,Illinois,Moultrie,47,0,0,39.64187451,-88.62099969,17139.0,324.1155782359837,0.0,47,46,0,0,46,44,14717,1,0,0,1,2
2020-07-27,US,Illinois,Ogle,357,5,0,42.04165196,-89.32184679,17141.0,704.9345417925479,1.4005602240896358,352,355,5,0,350,352,50923,2,0,0,2,3
2020-07-27,US,Illinois,Out of IL,4,0,0,0.0,0.0,80017.0,0.0,0.0,4,,,,,1,,,,,,
2020-07-27,US,Illinois,Peoria,1036,33,0,40.78702156,-89.76078901,17143.0,578.1927569637066,3.1853281853281854,1003,1018,32,0,986,984,180621,18,1,0,17,34
2020-07-27,US,Illinois,Perry,92,1,0,38.08510853,-89.36856219,17145.0,439.8546567221266,1.0869565217391304,91,92,1,0,91,87,21174,0,0,0,0,5
2020-07-27,US,Illinois,Piatt,35,0,0,40.01360584,-88.59319339,17147.0,214.1458639255996,0.0,35,31,0,0,31,31,16396,4,0,0,4,0
2020-07-27,US,Illinois,Pike,11,0,0,39.62265059,-90.8877017,17149.0,70.6895443737549,0.0,11,11,0,0,11,10,15611,0,0,0,0,1
2020-07-27,US,Illinois,Pope,7,0,0,37.41391284,-88.56152109,17151.0,167.58439071103663,0.0,7,6,0,0,6,6,4212,1,0,0,1,0
2020-07-27,US,Illinois,Pulaski,89,0,0,37.22631423,-89.13085001,17153.0,1668.2286785379567,0.0,89,89,0,0,89,89,5463,0,0,0,0,0
2020-07-27,US,Illinois,Putnam,8,0,0,41.2013541,-89.2869272,17155.0,139.39710751001914,0.0,8,7,0,0,7,7,5740,1,0,0,1,0
2020-07-27,US,Illinois,Randolph,409,7,0,38.05095369,-89.82512254,17157.0,1286.8919514190422,1.7114914425427872,402,403,7,0,396,399,32106,6,0,0,6,4
2020-07-27,US,Illinois,Richland,12,0,0,38.71240969,-88.08475366,17159.0,77.35447689035003,0.0,12,12,0,0,12,11,15763,0,0,0,0,1
2020-07-27,US,Illinois,Rock Island,1454,30,0,41.46613806,-90.57042164,17161.0,1024.8169214612449,2.0632737276478683,1424,1445,30,0,1415,1437,143477,9,0,0,9,8
2020-07-27,US,Illinois,Saline,83,0,0,37.75332999,-88.54119706,17165.0,353.3268060108127,0.0,83,81,0,0,81,77,23906,2,0,0,2,4
2020-07-27,US,Illinois,Sangamon,823,33,0,39.75836914,-89.65872023,17167.0,422.7623900715049,4.0097205346294045,790,793,33,0,760,775,195348,30,0,0,30,18
2020-07-27,US,Illinois,Schuyler,14,0,0,40.1571798,-90.61114163,17169.0,206.85579196217486,0.0,14,14,0,0,14,14,6907,0,0,0,0,0
2020-07-27,US,Illinois,Scott,6,0,0,39.6429169,-90.47814431,17171.0,121.1876388608362,0.0,6,6,0,0,6,6,4926,0,0,0,0,0
2020-07-27,US,Illinois,Shelby,40,1,0,39.39133527,-88.80611122,17173.0,184.89414810021262,2.5,39,38,1,0,37,36,21741,2,0,0,2,2
2020-07-27,US,Illinois,St. Clair,3202,153,0,38.46996033,-89.93063427,17163.0,1233.0275794613494,4.778263585259213,3049,3152,153,0,2999,3106,261059,50,0,0,50,46
2020-07-27,US,Illinois,Stark,6,0,0,41.09309773,-89.79745866,17175.0,112.31748408835642,0.0,6,6,0,0,6,6,5427,0,0,0,0,0
2020-07-27,US,Illinois,Stephenson,307,6,0,42.35129217,-89.662598,17177.0,689.9186480291249,1.954397394136808,301,306,6,0,300,304,44753,1,0,0,1,2
2020-07-27,US,Illinois,Tazewell,280,8,0,40.50716185,-89.51404662,17179.0,212.43826013064952,2.8571428571428568,272,274,8,0,266,271,132328,6,0,0,6,3
2020-07-27,US,Illinois,Unassigned,1312,192,0,0.0,0.0,90017.0,0.0,14.634146341463413,1120,1299,192,0,1107,1292,,13,0,0,13,7
2020-07-27,US,Illinois,Union,273,21,0,37.47119609,-89.25548938,17181.0,1639.344262295082,7.6923076923076925,252,269,21,0,248,266,16841,4,0,0,4,3
2020-07-27,US,Illinois,Vermilion,180,2,0,40.18417171,-87.73384359,17183.0,237.5986694474511,1.1111111111111112,178,174,2,0,172,170,76806,6,0,0,6,4
2020-07-27,US,Illinois,Wabash,25,0,0,38.44272901,-87.84922065,17185.0,217.01388888888889,0.0,25,25,0,0,25,25,11549,0,0,0,0,0
2020-07-27,US,Illinois,Warren,170,0,0,40.84925021,-90.6147432,17187.0,1009.2614580859653,0.0,170,170,0,0,170,164,17032,0,0,0,0,6
2020-07-27,US,Illinois,Washington,50,0,0,38.35309213,-89.40982703,17189.0,360.0489666594657,0.0,50,43,0,0,43,43,13995,7,0,0,7,0
2020-07-27,US,Illinois,Wayne,32,1,0,38.42955355,-88.42586459,17191.0,197.3481344434166,3.125,31,29,1,0,28,28,16332,3,0,0,3,1
2020-07-27,US,Illinois,White,48,0,0,38.08706198,-88.17657461,17193.0,354.58373347122705,0.0,48,48,0,0,48,41,13665,0,0,0,0,7
2020-07-27,US,Illinois,Whiteside,284,16,0,41.75509713,-89.91556058,17195.0,514.7258722247394,5.633802816901407,268,278,16,0,262,272,55626,6,0,0,6,6
2020-07-27,US,Illinois,Will,8148,338,0,41.44619267,-87.97862712,17197.0,1179.5993589511584,4.1482572410407474,7810,8101,338,0,7763,8024,692310,47,0,0,47,77
2020-07-27,US,Illinois,Williamson,270,4,0,37.73033511,-88.92994027,17199.0,405.4236677327808,1.4814814814814814,266,265,4,0,261,248,67056,5,0,0,5,17
2020-07-27,US,Illinois,Winnebago,3539,118,0,42.33641854,-89.16085327,17201.0,1252.4241609218182,3.334275218988415,3421,3516,115,0,3401,3486,284081,23,3,0,20,30
2020-07-27,US,Illinois,Woodford,73,3,0,40.78579374,-89.20973757,17203.0,189.81252762682342,4.109589041095891,70,71,3,0,68,69,38463,2,0,0,2,2
2020-07-27,US,Indiana,Adams,71,1,0,40.7457653,-84.93671406,18001.0,198.4515191324035,1.4084507042253518,70,70,1,0,69,69,35636,1,0,0,1,1
2020-07-27,US,Indiana,Allen,3375,152,0,41.09194313,-85.06800636,18003.0,889.799340362089,4.503703703703704,3223,3345,152,0,3193,3307,375351,30,0,0,30,38
2020-07-27,US,Indiana,Bartholomew,687,45,0,39.20744865,-85.89558181,18005.0,820.0145621217728,6.5502183406113526,642,683,45,0,638,672,82753,4,0,0,4,11
2020-07-27,US,Indiana,Benton,56,0,0,40.60626947,-87.31093999,18007.0,640.1463191586648,0.0,56,56,0,0,56,56,8653,0,0,0,0,0
2020-07-27,US,Indiana,Blackford,48,2,0,40.47388153,-85.32499702,18009.0,408.2326926348017,4.166666666666667,46,48,2,0,46,48,11930,0,0,0,0,0
2020-07-27,US,Indiana,Boone,584,45,0,40.0509304,-86.46841646,18011.0,860.8109900800376,7.705479452054795,539,579,45,0,534,571,66999,5,0,0,5,8
2020-07-27,US,Indiana,Brown,64,1,0,39.19605589,-86.22868909,18013.0,424.06573018817915,1.5625,63,63,1,0,62,62,15234,1,0,0,1,1
2020-07-27,US,Indiana,Carroll,122,2,0,40.580783200000006,-86.56198812,18015.0,602.2609468331933,1.639344262295082,120,121,2,0,119,121,20127,1,0,0,1,0
2020-07-27,US,Indiana,Cass,1719,9,0,40.76135835,-86.34830753,18017.0,4561.0124970150455,0.5235602094240838,1710,1715,9,0,1706,1710,37955,4,0,0,4,5
2020-07-27,US,Indiana,Clark,924,45,0,38.48015445,-85.70510334,18019.0,781.0518841608763,4.87012987012987,879,912,45,0,867,897,117360,12,0,0,12,15
2020-07-27,US,Indiana,Clay,83,5,0,39.39561833,-87.11723506,18021.0,316.4918970448046,6.024096385542169,78,83,5,0,78,82,26170,0,0,0,0,1
2020-07-27,US,Indiana,Clinton,326,3,0,40.30319754,-86.47277257,18023.0,1006.2038951819501,0.9202453987730062,323,326,3,0,323,321,32250,0,0,0,0,5
2020-07-27,US,Indiana,Crawford,40,0,0,38.28814402,-86.44518825,18025.0,378.1790677885979,0.0,40,40,0,0,40,38,10558,0,0,0,0,2
2020-07-27,US,Indiana,Daviess,204,19,0,38.70186039,-87.07185406,18027.0,611.6758118197355,9.31372549019608,185,204,19,0,185,201,33147,0,0,0,0,3
2020-07-27,US,Indiana,DeKalb,198,4,0,41.39804622,-84.99906934,18033.0,455.4341575618171,2.0202020202020203,194,198,4,0,194,196,43226,0,0,0,0,2
2020-07-27,US,Indiana,Dearborn,404,27,0,39.14647946,-84.97333539,18029.0,816.8547050022241,6.683168316831683,377,398,27,0,371,391,49568,6,0,0,6,7
2020-07-27,US,Indiana,Decatur,278,32,0,39.30712658,-85.50087166,18031.0,1046.7261568583156,11.510791366906474,246,277,32,0,245,274,26794,1,0,0,1,3
2020-07-27,US,Indiana,Delaware,561,52,0,40.22787247,-85.39732772,18035.0,491.52319621500857,9.26916221033868,509,556,52,0,504,548,114772,5,0,0,5,8
2020-07-27,US,Indiana,Dubois,558,10,0,38.36597551,-86.87924170000002,18037.0,1305.6907525271433,1.7921146953405018,548,550,10,0,540,531,42565,8,0,0,8,19
2020-07-27,US,Indiana,Elkhart,4378,71,0,41.59761169,-85.85875695,18039.0,2121.7305334373677,1.6217450890817724,4307,4346,70,0,4276,4308,205560,32,1,0,31,38
2020-07-27,US,Indiana,Fayette,136,7,0,39.63684962,-85.17797541,18041.0,588.6936196000346,5.147058823529412,129,136,7,0,129,133,23047,0,0,0,0,3
2020-07-27,US,Indiana,Floyd,583,44,0,38.32117957,-85.90385377,18043.0,742.4670792898805,7.547169811320754,539,577,44,0,533,570,77781,6,0,0,6,7
2020-07-27,US,Indiana,Fountain,55,2,0,40.12361933,-87.24217689,18045.0,336.47375504710635,3.636363636363636,53,54,2,0,52,53,16351,1,0,0,1,1
2020-07-27,US,Indiana,Franklin,173,8,0,39.4142482,-85.06062647,18047.0,760.1722471218911,4.624277456647398,165,173,8,0,165,170,22736,0,0,0,0,3
2020-07-27,US,Indiana,Fulton,119,1,0,41.0469907,-86.26252745,18049.0,595.7745068589164,0.8403361344537815,118,109,1,0,108,108,20092,10,0,0,10,1
2020-07-27,US,Indiana,Gibson,182,2,0,38.30393723,-87.58054938,18051.0,540.717193024154,1.0989010989010992,180,180,2,0,178,178,33452,2,0,0,2,2
2020-07-27,US,Indiana,Grant,462,29,0,40.51587228,-85.65468702,18053.0,702.4586051179127,6.277056277056277,433,460,29,0,431,454,65936,2,0,0,2,6
2020-07-27,US,Indiana,Greene,222,34,0,39.03630547,-86.96223202,18055.0,695.4451475471461,15.315315315315313,188,222,34,0,188,221,32006,0,0,0,0,1
2020-07-27,US,Indiana,Hamilton,2253,103,0,40.07306535,-86.05244729,18057.0,666.5463550002811,4.571682201509098,2150,2230,103,0,2127,2182,330086,23,0,0,23,48
2020-07-27,US,Indiana,Hancock,580,37,0,39.82304555,-85.77566351,18059.0,741.9916078190564,6.379310344827586,543,570,37,0,533,568,76351,10,0,0,10,2
2020-07-27,US,Indiana,Harrison,252,22,0,38.19467379,-86.10948271,18061.0,621.9918548685673,8.730158730158731,230,248,22,0,226,244,40350,4,0,0,4,4
2020-07-27,US,Indiana,Hendricks,1660,105,0,39.76719009,-86.51037283,18063.0,974.6874834860932,6.325301204819278,1555,1644,105,0,1539,1630,167009,16,0,0,16,14
2020-07-27,US,Indiana,Henry,344,18,0,39.93029017,-85.39625719,18065.0,717.084966230301,5.232558139534883,326,342,18,0,324,339,48271,2,0,0,2,3
2020-07-27,US,Indiana,Howard,751,63,0,40.48527731,-86.11351892,18067.0,909.8177941461523,8.388814913448735,688,738,63,0,675,732,82366,13,0,0,13,6
2020-07-27,US,Indiana,Huntington,116,3,0,40.82907273,-85.48822092,18069.0,317.6341730558598,2.586206896551724,113,115,3,0,112,114,36240,1,0,0,1,1
2020-07-27,US,Indiana,Jackson,526,4,0,38.90915820000001,-86.03851889,18071.0,1189.2111867242434,0.7604562737642585,522,525,4,0,521,521,44111,1,0,0,1,4
2020-07-27,US,Indiana,Jasper,188,2,0,41.02078733,-87.11553319,18073.0,560.1573207794529,1.0638297872340423,186,187,2,0,185,180,33370,1,0,0,1,7
2020-07-27,US,Indiana,Jay,75,0,0,40.43781032,-85.00576229,18075.0,366.9994128009394,0.0,75,75,0,0,75,75,20764,0,0,0,0,0
2020-07-27,US,Indiana,Jefferson,143,2,0,38.78576239,-85.43633383,18077.0,442.6148322396928,1.3986013986013983,141,142,2,0,140,142,32208,1,0,0,1,0
2020-07-27,US,Indiana,Jennings,194,12,0,38.99588883,-85.62710784,18079.0,699.4771948801152,6.185567010309278,182,194,12,0,182,192,27611,0,0,0,0,2
2020-07-27,US,Indiana,Johnson,1555,118,0,39.48994426,-86.10149107,18081.0,983.1380755783445,7.588424437299034,1437,1549,118,0,1431,1529,156225,6,0,0,6,20
2020-07-27,US,Indiana,Knox,107,0,0,38.68861576,-87.4194665,18083.0,292.39766081871346,0.0,107,105,0,0,105,101,36895,2,0,0,2,4
2020-07-27,US,Indiana,Kosciusko,766,11,0,41.24521668,-85.86312322,18085.0,964.0555779299235,1.4360313315926894,755,760,11,0,749,754,79344,6,0,0,6,6
2020-07-27,US,Indiana,LaGrange,524,10,0,41.64232188,-85.42674232,18087.0,1322.7646791538345,1.9083969465648856,514,524,10,0,514,522,39330,0,0,0,0,2
2020-07-27,US,Indiana,LaPorte,760,29,0,41.54366008,-86.74072188,18091.0,691.6132789749562,3.8157894736842106,731,751,29,0,722,745,110007,9,0,0,9,6
2020-07-27,US,Indiana,Lake,6731,265,0,41.41874274,-87.38277575,18089.0,1386.4257569110162,3.9370078740157477,6466,6678,265,0,6413,6590,484411,53,0,0,53,88
2020-07-27,US,Indiana,Lawrence,297,27,0,38.84112637,-86.48361629,18093.0,654.6175887150098,9.090909090909092,270,296,27,0,269,293,45668,1,0,0,1,3
2020-07-27,US,Indiana,Madison,767,64,0,40.16143691,-85.71964711,18095.0,591.9625836426923,8.344198174706651,703,760,64,0,696,753,129641,7,0,0,7,7
2020-07-27,US,Indiana,Marion,13818,713,0,39.78163624,-86.13826325,18097.0,1432.5376173306158,5.159936314951513,13105,13700,712,0,12988,13549,954670,118,1,0,117,151
2020-07-27,US,Indiana,Marshall,712,19,0,41.32467367,-86.26185087,18099.0,1539.1932206321067,2.668539325842697,693,702,19,0,683,700,46248,10,0,0,10,2
2020-07-27,US,Indiana,Martin,39,0,0,38.7099921,-86.80373186,18101.0,380.3022915650902,0.0,39,39,0,0,39,39,10217,0,0,0,0,0
2020-07-27,US,Indiana,Miami,236,2,0,40.76940965,-86.04525048,18103.0,664.4892442842663,0.8474576271186439,234,236,2,0,234,232,35567,0,0,0,0,4
2020-07-27,US,Indiana,Monroe,603,29,0,39.16130004,-86.52414358,18105.0,406.2493683933948,4.8092868988391375,574,596,29,0,567,575,146917,7,0,0,7,21
2020-07-27,US,Indiana,Montgomery,319,21,0,40.04034823,-86.89335024,18107.0,832.0726172465961,6.58307210031348,298,317,21,0,296,315,38346,2,0,0,2,2
2020-07-27,US,Indiana,Morgan,393,31,0,39.47899078,-86.44573375,18109.0,557.5337995999375,7.888040712468192,362,393,31,0,362,385,70116,0,0,0,0,8
2020-07-27,US,Indiana,Newton,105,10,0,40.95610449,-87.39635768,18111.0,750.8581235697943,9.523809523809524,95,105,10,0,95,104,14011,0,0,0,0,1
2020-07-27,US,Indiana,Noble,602,28,0,41.39672484,-85.41966713,18113.0,1260.8914209115285,4.651162790697675,574,599,28,0,571,594,47532,3,0,0,3,5
2020-07-27,US,Indiana,Ohio,36,3,0,38.955304999999996,-84.96515993,18115.0,612.7659574468088,8.333333333333334,33,36,2,0,34,36,5844,0,1,0,-1,0
2020-07-27,US,Indiana,Orange,158,24,0,38.54118920000001,-86.49523093,18117.0,804.2349587702331,15.189873417721516,134,158,24,0,134,157,19489,0,0,0,0,1
2020-07-27,US,Indiana,Owen,70,1,0,39.31145587,-86.83900724,18119.0,336.5546420500985,1.4285714285714286,69,70,1,0,69,70,20845,0,0,0,0,0
2020-07-27,US,Indiana,Parke,38,0,0,39.77202286,-87.20375833,18121.0,224.36086674145363,0.0,38,40,0,0,40,38,16927,-2,0,0,-2,2
2020-07-27,US,Indiana,Perry,163,12,0,38.07809328,-86.63741946,18123.0,850.3312640200322,7.361963190184048,151,163,12,0,151,163,19102,0,0,0,0,0
2020-07-27,US,Indiana,Pike,26,0,0,38.40112197,-87.23574907,18125.0,209.86358866736614,0.0,26,25,0,0,25,23,12410,1,0,0,1,2
2020-07-27,US,Indiana,Porter,1059,38,0,41.45986947,-87.06848888,18127.0,621.5189947707893,3.5882908404154863,1021,1041,38,0,1003,1012,169594,18,0,0,18,29
2020-07-27,US,Indiana,Posey,145,0,0,38.02097333,-87.86480429,18129.0,570.2599598851615,0.0,145,143,0,0,143,133,25540,2,0,0,2,10
2020-07-27,US,Indiana,Pulaski,69,1,0,41.04166107,-86.69890683,18131.0,558.5687687201488,1.4492753623188406,68,69,1,0,68,69,12469,0,0,0,0,0
2020-07-27,US,Indiana,Putnam,208,8,0,39.66437981,-86.84517605,18133.0,553.5448158398979,3.8461538461538463,200,207,8,0,199,205,37779,1,0,0,1,2
2020-07-27,US,Indiana,Randolph,92,4,0,40.15734772,-85.01139319,18135.0,372.9981755524022,4.3478260869565215,88,92,4,0,88,91,24851,0,0,0,0,1
2020-07-27,US,Indiana,Ripley,177,7,0,39.10235626,-85.26212744,18137.0,624.9117356305608,3.9548022598870056,170,179,7,0,172,176,28523,-2,0,0,-2,3
2020-07-27,US,Indiana,Rush,76,4,0,39.62002287,-85.4655599,18139.0,458.3559495808456,5.2631578947368425,72,76,4,0,72,75,16663,0,0,0,0,1
2020-07-27,US,Indiana,Scott,223,10,0,38.68672078,-85.74627859,18143.0,934.1096636367444,4.484304932735426,213,223,10,0,213,218,23878,0,0,0,0,5
2020-07-27,US,Indiana,Shelby,491,25,0,39.52305623,-85.79158570000001,18145.0,1097.7218359453598,5.091649694501019,466,491,25,0,466,489,44593,0,0,0,0,2
2020-07-27,US,Indiana,Spencer,104,1,0,38.01519732,-87.0079644,18147.0,512.8963850668245,0.9615384615384616,103,102,1,0,101,101,20327,2,0,0,2,1
2020-07-27,US,Indiana,St. Joseph,2830,76,0,41.61756781,-86.29040834,18141.0,1041.107178857063,2.685512367491166,2754,2801,76,0,2725,2743,270771,29,0,0,29,58
2020-07-27,US,Indiana,Starke,151,4,0,41.27890281,-86.64686895,18149.0,656.6644922809306,2.6490066225165565,147,150,4,0,146,147,22935,1,0,0,1,3
2020-07-27,US,Indiana,Steuben,186,3,0,41.64423868,-85.00101094,18151.0,537.6654911256287,1.6129032258064515,183,185,3,0,182,182,34586,1,0,0,1,3
2020-07-27,US,Indiana,Sullivan,66,1,0,39.08952258,-87.41414469,18153.0,319.318786588611,1.5151515151515151,65,66,1,0,65,66,20690,0,0,0,0,0
2020-07-27,US,Indiana,Switzerland,38,0,0,38.82767338,-85.03022429,18155.0,353.45549251232444,0.0,38,37,0,0,37,37,10717,1,0,0,1,0
2020-07-27,US,Indiana,Tippecanoe,979,11,0,40.38872739,-86.89413959,18157.0,500.1737069053604,1.1235955056179776,968,972,11,0,961,960,193048,7,0,0,7,12
2020-07-27,US,Indiana,Tipton,82,2,0,40.31123252,-86.05234925,18159.0,541.3255875363084,2.4390243902439024,80,74,2,0,72,67,15128,8,0,0,8,7
2020-07-27,US,Indiana,Unassigned,0,197,0,0.0,0.0,90018.0,0.0,0.0,-197,0,197,0,-197,0,,0,0,0,0,0
2020-07-27,US,Indiana,Union,24,0,0,39.62550777,-84.92497066,18161.0,340.2324922030054,0.0,24,22,0,0,22,22,7037,2,0,0,2,0
2020-07-27,US,Indiana,Vanderburgh,1458,7,0,38.02658833,-87.58763124,18163.0,803.5227141211677,0.4801097393689986,1451,1433,7,0,1426,1394,180974,25,0,0,25,39
2020-07-27,US,Indiana,Vermillion,22,0,0,39.8523352,-87.46160542,18165.0,141.95380049038585,0.0,22,22,0,0,22,22,15479,0,0,0,0,0
2020-07-27,US,Indiana,Vigo,374,9,0,39.42944561,-87.39169027,18167.0,349.4086212373177,2.406417112299465,365,379,9,0,370,359,107386,-5,0,0,-5,20
2020-07-27,US,Indiana,Wabash,145,3,0,40.84704239,-85.79328272,18169.0,467.80229707058976,2.0689655172413794,142,144,3,0,141,140,31280,1,0,0,1,4
2020-07-27,US,Indiana,Warren,19,1,0,40.34728141,-87.35602659,18171.0,229.88505747126442,5.2631578947368425,18,19,1,0,18,19,8263,0,0,0,0,0
2020-07-27,US,Indiana,Warrick,431,29,0,38.08922676,-87.2716085,18173.0,684.1487031334327,6.728538283062644,402,426,29,0,397,417,62567,5,0,0,5,9
2020-07-27,US,Indiana,Washington,88,1,0,38.60219804,-86.1049363,18175.0,313.882151519475,1.1363636363636365,87,87,1,0,86,84,27943,1,0,0,1,3
2020-07-27,US,Indiana,Wayne,270,7,0,39.863344399999995,-85.01044989,18177.0,409.8111832918463,2.592592592592593,263,262,7,0,255,253,65936,8,0,0,8,9
2020-07-27,US,Indiana,Wells,117,1,0,40.72934187,-85.22132966,18179.0,413.48600508905855,0.8547008547008547,116,115,1,0,114,110,28206,2,0,0,2,5
2020-07-27,US,Indiana,White,327,10,0,40.74911165,-86.86492015,18181.0,1356.7338810057256,3.058103975535168,317,326,10,0,316,320,24133,1,0,0,1,6
2020-07-27,US,Indiana,Whitley,137,6,0,41.13863784,-85.50791236,18183.0,403.36827228830526,4.37956204379562,131,136,6,0,130,133,34074,1,0,0,1,3
2020-07-27,US,Iowa,Adair,20,0,0,41.33075609,-94.47105874,19001.0,279.6420581655481,0.0,20,20,0,0,20,20,7063,0,0,0,0,0
2020-07-27,US,Iowa,Adams,13,0,0,41.02903567,-94.69932645,19003.0,360.9106052193227,0.0,13,13,0,0,13,12,3645,0,0,0,0,1
2020-07-27,US,Iowa,Allamakee,146,4,0,43.28383218,-91.37860922,19005.0,1066.705633082487,2.7397260273972597,142,145,4,0,141,144,13832,1,0,0,1,1
2020-07-27,US,Iowa,Appanoose,36,3,0,40.74324454,-92.86865906,19007.0,289.71511347175283,8.333333333333334,33,36,3,0,33,36,12437,0,0,0,0,0
2020-07-27,US,Iowa,Audubon,25,1,0,41.6844628,-94.90581859,19009.0,454.8762736535662,4.0,24,25,1,0,24,26,5506,0,0,0,0,-1
2020-07-27,US,Iowa,Benton,117,1,0,42.08011739,-92.06463573,19011.0,456.22928446090856,0.8547008547008547,116,113,1,0,112,110,25642,4,0,0,4,3
2020-07-27,US,Iowa,Black Hawk,2868,62,0,42.4704581,-92.30524729,19013.0,2185.5091901118662,2.1617852161785223,2806,2850,62,0,2788,2838,132408,18,0,0,18,12
2020-07-27,US,Iowa,Boone,218,1,0,42.03657094,-93.9313999,19015.0,830.9826942136159,0.4587155963302753,217,214,1,0,213,212,26346,4,0,0,4,2
2020-07-27,US,Iowa,Bremer,166,7,0,42.77461496,-92.31795937,19017.0,662.3573537626686,4.216867469879518,159,164,7,0,157,164,24947,2,0,0,2,0
2020-07-27,US,Iowa,Buchanan,91,1,0,42.4709188,-91.83510825,19019.0,429.7520661157025,1.0989010989010992,90,90,1,0,89,88,21199,1,0,0,1,2
2020-07-27,US,Iowa,Buena Vista,1776,12,0,42.73545875,-95.15100162,19021.0,9051.987767584098,0.6756756756756757,1764,1775,12,0,1763,1774,19874,1,0,0,1,1
2020-07-27,US,Iowa,Butler,99,2,0,42.73172833,-92.79015971,19023.0,685.6430500727197,2.0202020202020203,97,97,2,0,95,93,14539,2,0,0,2,4
2020-07-27,US,Iowa,Calhoun,75,2,0,42.38521079,-94.64046046,19025.0,775.7550682664461,2.6666666666666665,73,73,2,0,71,72,9699,2,0,0,2,1
2020-07-27,US,Iowa,Carroll,168,1,0,42.03617207,-94.86032705,19027.0,833.1267046863377,0.5952380952380952,167,169,1,0,168,161,20154,-1,0,0,-1,8
2020-07-27,US,Iowa,Cass,37,0,0,41.33149454,-94.92792482,19029.0,288.2517918354628,0.0,37,37,0,0,37,36,12930,0,0,0,0,1
2020-07-27,US,Iowa,Cedar,109,1,0,41.77233777,-91.13246684,19031.0,585.1720620604499,0.9174311926605504,108,109,1,0,108,109,18627,0,0,0,0,0
2020-07-27,US,Iowa,Cerro Gordo,552,16,0,43.08177563,-93.2612239,19033.0,1300.3533568904593,2.898550724637681,536,534,16,0,518,523,42647,18,0,0,18,11
2020-07-27,US,Iowa,Cherokee,96,1,0,42.73538914,-95.62389402,19035.0,854.4726301735648,1.0416666666666667,95,96,1,0,95,94,11321,0,0,0,0,2
2020-07-27,US,Iowa,Chickasaw,47,0,0,43.06001295,-92.31773347,19037.0,393.8657504399563,0.0,47,45,0,0,45,45,11964,2,0,0,2,0
2020-07-27,US,Iowa,Clarke,161,3,0,41.02868181,-93.78499767,19039.0,1713.6774880255452,1.8633540372670807,158,161,3,0,158,161,9423,0,0,0,0,0
2020-07-27,US,Iowa,Clay,166,1,0,43.08247182,-95.15096481,19041.0,1036.4635364635365,0.6024096385542169,165,166,1,0,165,165,16134,0,0,0,0,1
2020-07-27,US,Iowa,Clayton,82,3,0,42.84443388,-91.34133693,19043.0,467.2630919140692,3.6585365853658534,79,79,3,0,76,78,17556,3,0,0,3,1
2020-07-27,US,Iowa,Clinton,243,2,0,41.89981633,-90.53275096,19045.0,523.3797841866075,0.8230452674897121,241,235,2,0,233,221,46518,8,0,0,8,14
2020-07-27,US,Iowa,Crawford,699,3,0,42.03718237,-95.3819718,19047.0,4155.76694411415,0.4291845493562232,696,697,3,0,694,693,17158,2,0,0,2,4
2020-07-27,US,Iowa,Dallas,1674,34,0,41.68560356,-94.04127625,19049.0,1791.2747584347214,2.031063321385902,1640,1670,34,0,1636,1650,90180,4,0,0,4,20
2020-07-27,US,Iowa,Davis,48,1,0,40.74773536,-92.41005468,19051.0,533.3333333333334,2.083333333333333,47,48,1,0,47,48,9017,0,0,0,0,0
2020-07-27,US,Iowa,Decatur,17,0,0,40.73742757,-93.78645949,19053.0,216.01016518424402,0.0,17,17,0,0,17,17,7890,0,0,0,0,0
2020-07-27,US,Iowa,Delaware,79,1,0,42.47104597,-91.3664492,19055.0,464.40538475104347,1.2658227848101269,78,78,1,0,77,75,17069,1,0,0,1,3
2020-07-27,US,Iowa,Des Moines,131,2,0,40.92012606,-91.18326592,19057.0,336.18189750301536,1.5267175572519085,129,127,2,0,125,127,39138,4,0,0,4,0
2020-07-27,US,Iowa,Dickinson,359,4,0,43.37787725,-95.1510206,19059.0,2080.194692316607,1.1142061281337048,355,357,4,0,353,355,17153,2,0,0,2,2
2020-07-27,US,Iowa,Dubuque,1368,26,0,42.46815349,-90.88181925,19061.0,1405.8020162160494,1.9005847953216373,1342,1355,26,0,1329,1340,96854,13,0,0,13,15
2020-07-27,US,Iowa,Emmet,145,1,0,43.37782951,-94.67858943,19063.0,1574.7176368375324,0.6896551724137931,144,144,1,0,143,139,9253,1,0,0,1,5
2020-07-27,US,Iowa,Fayette,71,0,0,42.86271799,-91.8441231,19065.0,361.3231552162849,0.0,71,71,0,0,71,72,19660,0,0,0,0,-1
2020-07-27,US,Iowa,Floyd,95,2,0,43.06000529999999,-92.78940097,19067.0,607.3392149341516,2.1052631578947367,93,95,2,0,93,95,15761,0,0,0,0,0
2020-07-27,US,Iowa,Franklin,173,3,0,42.73270384,-93.26256925,19069.0,1717.974180734856,1.7341040462427746,170,170,3,0,167,167,10124,3,0,0,3,3
2020-07-27,US,Iowa,Fremont,23,0,0,40.74542720000001,-95.60129045,19071.0,330.4597701149425,0.0,23,24,0,0,24,23,6993,-1,0,0,-1,1
2020-07-27,US,Iowa,Greene,37,0,0,42.03614551,-94.39658081,19073.0,416.2916291629163,0.0,37,37,0,0,37,37,8981,0,0,0,0,0
2020-07-27,US,Iowa,Grundy,65,1,0,42.40183723,-92.78829551,19075.0,531.3930673642903,1.5384615384615383,64,65,1,0,64,65,12304,0,0,0,0,0
2020-07-27,US,Iowa,Guthrie,122,5,0,41.68378965,-94.50111014,19077.0,1141.3602769201984,4.0983606557377055,117,119,5,0,114,118,10720,3,0,0,3,1
2020-07-27,US,Iowa,Hamilton,226,1,0,42.38382428,-93.70197703,19079.0,1529.8179110539495,0.4424778761061947,225,217,1,0,216,217,14952,9,0,0,9,0
2020-07-27,US,Iowa,Hancock,105,2,0,43.08178477,-93.73454884,19081.0,987.7704609595484,1.9047619047619049,103,105,2,0,103,102,10712,0,0,0,0,3
2020-07-27,US,Iowa,Hardin,138,0,0,42.38353877,-93.23654611,19083.0,819.1855633384779,0.0,138,138,0,0,138,129,16868,0,0,0,0,9
2020-07-27,US,Iowa,Harrison,84,0,0,41.68330137,-95.81558439,19085.0,597.9073243647233,0.0,84,83,0,0,83,82,14134,1,0,0,1,1
2020-07-27,US,Iowa,Henry,105,3,0,40.98767962,-91.54436349,19087.0,526.2102836524006,2.8571428571428568,102,104,3,0,101,104,20067,1,0,0,1,0
2020-07-27,US,Iowa,Howard,47,0,0,43.35671042,-92.31702714,19089.0,513.2124918104388,0.0,47,44,0,0,44,44,9187,3,0,0,3,0
2020-07-27,US,Iowa,Humboldt,82,1,0,42.7764426,-94.20722537,19091.0,857.9200669596147,1.2195121951219512,81,72,1,0,71,72,9547,10,0,0,10,0
2020-07-27,US,Iowa,Ida,28,0,0,42.38696136,-95.51355387,19093.0,408.1632653061225,0.0,28,29,0,0,29,28,6841,-1,0,0,-1,1
2020-07-27,US,Iowa,Iowa,77,1,0,41.68630265,-92.0643373,19095.0,475.7785467128029,1.2987012987012987,76,75,1,0,74,73,16141,2,0,0,2,2
2020-07-27,US,Iowa,Jackson,126,0,0,42.17178824,-90.57354837,19097.0,648.1814908174289,0.0,126,123,0,0,123,120,19432,3,0,0,3,3
2020-07-27,US,Iowa,Jasper,439,23,0,41.68576082,-93.05567785,19099.0,1180.5835686432702,5.239179954441913,416,438,22,0,416,427,37147,1,1,0,0,11
2020-07-27,US,Iowa,Jefferson,71,0,0,41.03192394,-91.94849466,19101.0,388.0841760043728,0.0,71,71,0,0,71,71,18381,0,0,0,0,0
2020-07-27,US,Iowa,Johnson,1766,12,0,41.67169354,-91.58754744,19103.0,1168.4530898504695,0.6795016987542469,1754,1751,10,0,1741,1735,151260,15,2,0,13,16
2020-07-27,US,Iowa,Jones,111,1,0,42.12118609,-91.13139641,19105.0,536.724529761617,0.9009009009009008,110,107,1,0,106,106,20744,4,0,0,4,1
2020-07-27,US,Iowa,Keokuk,27,1,0,41.33649833,-92.1785067,19107.0,263.51747023228575,3.703703703703704,26,28,1,0,27,27,10225,-1,0,0,-1,1
2020-07-27,US,Iowa,Kossuth,72,0,0,43.20405458,-94.20691791,19109.0,486.05954229393103,0.0,72,72,0,0,72,72,14908,0,0,0,0,0
2020-07-27,US,Iowa,Lee,77,2,0,40.64181461,-91.48183025,19111.0,228.77856018064602,2.5974025974025974,75,76,2,0,74,72,34055,1,0,0,1,4
2020-07-27,US,Iowa,Linn,1851,87,0,42.07923082,-91.59809485,19113.0,816.4759644649899,4.700162074554295,1764,1826,87,0,1739,1800,225909,25,0,0,25,26
2020-07-27,US,Iowa,Louisa,373,13,0,41.21842119,-91.26102611,19115.0,3380.154055278659,3.4852546916890086,360,374,13,0,361,374,11169,-1,0,0,-1,0
2020-07-27,US,Iowa,Lucas,40,4,0,41.02958964,-93.32780803,19117.0,465.11627906976736,10.0,36,40,4,0,36,40,8645,0,0,0,0,0
2020-07-27,US,Iowa,Lyon,90,0,0,43.38107862,-96.20926845,19119.0,765.6316461080391,0.0,90,90,0,0,90,89,11811,0,0,0,0,1
2020-07-27,US,Iowa,Madison,87,2,0,41.33081904,-94.01554631,19121.0,532.5009181050312,2.2988505747126435,85,85,2,0,83,85,16249,2,0,0,2,0
2020-07-27,US,Iowa,Mahaska,132,17,0,41.33521503,-92.64083907,19123.0,597.4202308214527,12.87878787878788,115,132,17,0,115,132,22000,0,0,0,0,0
2020-07-27,US,Iowa,Marion,137,0,0,41.33445101,-93.09934783,19125.0,411.9929028959793,0.0,137,136,0,0,136,129,33407,1,0,0,1,7
2020-07-27,US,Iowa,Marshall,1310,23,0,42.03586837,-92.9990819,19127.0,3327.491173258147,1.7557251908396947,1287,1298,23,0,1275,1285,39981,12,0,0,12,13
2020-07-27,US,Iowa,Mills,71,0,0,41.03299766,-95.61920963,19129.0,469.9185915679397,0.0,71,68,0,0,68,66,15063,3,0,0,3,2
2020-07-27,US,Iowa,Mitchell,75,0,0,43.35638371,-92.78887719,19131.0,708.4829019459662,0.0,75,76,0,0,76,76,10569,-1,0,0,-1,0
2020-07-27,US,Iowa,Monona,87,0,0,42.05220391,-95.95743843,19133.0,1009.8665118978523,0.0,87,86,0,0,86,86,8679,1,0,0,1,0
2020-07-27,US,Iowa,Monroe,65,7,0,41.02988815,-92.8690667,19135.0,843.3891267678732,10.769230769230768,58,65,7,0,58,65,7790,0,0,0,0,0
2020-07-27,US,Iowa,Montgomery,38,2,0,41.03018714,-95.15642896,19137.0,383.1803972975698,5.2631578947368425,36,38,2,0,36,31,10003,0,0,0,0,7
2020-07-27,US,Iowa,Muscatine,772,46,0,41.48370744,-91.1121697,19139.0,1809.488093005813,5.958549222797928,726,770,46,0,724,764,42929,2,0,0,2,6
2020-07-27,US,Iowa,O'Brien,112,1,0,43.08310673,-95.62474482,19141.0,814.3677743037883,0.8928571428571429,111,111,1,0,110,110,13840,1,0,0,1,1
2020-07-27,US,Iowa,Osceola,75,0,0,43.37824276,-95.62422844,19143.0,1258.8116817724072,0.0,75,75,0,0,75,74,6040,0,0,0,0,1
2020-07-27,US,Iowa,Page,56,0,0,40.7393172,-95.1497813,19145.0,370.6890845303502,0.0,56,56,0,0,56,41,15249,0,0,0,0,15
2020-07-27,US,Iowa,Palo Alto,64,0,0,43.08193849,-94.67824621,19147.0,720.2340760747243,0.0,64,63,0,0,63,62,8929,1,0,0,1,1
2020-07-27,US,Iowa,Plymouth,416,8,0,42.737633,-96.21366621,19149.0,1652.3017039361318,1.9230769230769231,408,411,7,0,404,408,25095,5,1,0,4,3
2020-07-27,US,Iowa,Pocahontas,112,1,0,42.73420133,-94.67862564,19151.0,1692.0985043057865,0.8928571428571429,111,111,1,0,110,111,6740,1,0,0,1,0
2020-07-27,US,Iowa,Polk,9109,193,0,41.68679484,-93.57767461,19153.0,1858.3689848845584,2.118783620595016,8916,9080,191,0,8889,8985,487204,29,2,0,27,95
2020-07-27,US,Iowa,Pottawattamie,1049,19,0,41.33640314,-95.53907776,19155.0,1125.464025921078,1.8112488083889415,1030,1040,18,0,1022,1027,93533,9,1,0,8,13
2020-07-27,US,Iowa,Poweshiek,123,8,0,41.68625425,-92.53155731,19157.0,664.7211413748379,6.5040650406504055,115,123,8,0,115,123,18699,0,0,0,0,0
2020-07-27,US,Iowa,Ringgold,21,1,0,40.73518949,-94.24368535,19159.0,429.09685328974257,4.761904761904762,20,21,1,0,20,21,4968,0,0,0,0,0
2020-07-27,US,Iowa,Sac,76,0,0,42.38624071,-95.10547892,19161.0,781.8125707231766,0.0,76,76,0,0,76,75,9719,0,0,0,0,1
2020-07-27,US,Iowa,Scott,1491,11,0,41.63935978,-90.61959493,19163.0,862.1337666167468,0.7377598926894702,1480,1483,11,0,1472,1458,173283,8,0,0,8,25
2020-07-27,US,Iowa,Shelby,135,0,0,41.6850066,-95.31015553,19165.0,1178.627553693033,0.0,135,133,0,0,133,133,11578,2,0,0,2,0
2020-07-27,US,Iowa,Sioux,563,1,0,43.08221074,-96.1767568,19167.0,1615.2632333954957,0.17761989342806395,562,560,1,0,559,557,34909,3,0,0,3,3
2020-07-27,US,Iowa,Story,1055,11,0,42.03621213,-93.46499005,19169.0,1086.3185642060607,1.042654028436019,1044,1045,11,0,1034,1035,98105,10,0,0,10,10
2020-07-27,US,Iowa,Tama,521,29,0,42.07991767,-92.53266945,19171.0,3091.254301649461,5.566218809980806,492,520,29,0,491,519,16904,1,0,0,1,1
2020-07-27,US,Iowa,Taylor,93,0,0,40.73710579,-94.69778563,19173.0,1519.3595817676846,0.0,93,93,0,0,93,88,6191,0,0,0,0,5
2020-07-27,US,Iowa,Unassigned,2,0,0,0.0,0.0,90019.0,0.0,0.0,2,5,0,0,5,8,,-3,0,0,-3,-3
2020-07-27,US,Iowa,Union,64,1,0,41.0277278,-94.24234847,19175.0,522.8331018707622,1.5625,63,64,1,0,63,64,12359,0,0,0,0,0
2020-07-27,US,Iowa,Van Buren,24,1,0,40.75326764,-91.95017958,19177.0,340.71550255536624,4.166666666666667,23,23,1,0,22,23,7020,1,0,0,1,0
2020-07-27,US,Iowa,Wapello,796,31,0,41.03064984,-92.40954728,19179.0,2276.3018673682404,3.894472361809045,765,788,31,0,757,781,35205,8,0,0,8,7
2020-07-27,US,Iowa,Warren,474,1,0,41.33559454,-93.56007641,19181.0,920.9963859635487,0.2109704641350211,473,468,1,0,467,457,51056,6,0,0,6,11
2020-07-27,US,Iowa,Washington,280,9,0,41.33577126,-91.71725711,19183.0,1274.7552925108128,3.2142857142857144,271,278,9,0,269,277,22141,2,0,0,2,1
2020-07-27,US,Iowa,Wayne,14,1,0,40.73969028,-93.32752197,19185.0,217.3575531749728,7.142857142857142,13,14,1,0,13,13,6401,0,0,0,0,1
2020-07-27,US,Iowa,Webster,654,5,0,42.42853483,-94.17987389,19187.0,1821.524064171123,0.764525993883792,649,609,5,0,604,581,36277,45,0,0,45,28
2020-07-27,US,Iowa,Winnebago,69,0,0,43.37751174,-93.73407298,19189.0,666.4091172493722,0.0,69,68,0,0,68,66,10518,1,0,0,1,2
2020-07-27,US,Iowa,Winneshiek,71,1,0,43.29094334,-91.84422722,19191.0,355.159821919864,1.4084507042253518,70,71,1,0,70,69,20029,0,0,0,0,2
2020-07-27,US,Iowa,Woodbury,3569,47,0,42.38979414,-96.0459439,19193.0,3461.452665677404,1.3168954889324742,3522,3554,47,0,3507,3539,102539,15,0,0,15,15
2020-07-27,US,Iowa,Worth,51,0,0,43.37750768,-93.26087602,19195.0,690.9632841078445,0.0,51,50,0,0,50,48,7453,1,0,0,1,2
2020-07-27,US,Iowa,Wright,431,1,0,42.73305373,-93.73515113,19197.0,3430.9823276548327,0.2320185614849188,430,427,1,0,426,427,12690,4,0,0,4,0
2020-07-27,US,Kansas,Allen,12,0,0,37.88582951,-95.30030847,20001.0,97.01673538685421,0.0,12,11,0,0,11,11,12444,1,0,0,1,0
2020-07-27,US,Kansas,Anderson,25,0,0,38.21413251,-95.29272815,20003.0,318.14711122423006,0.0,25,25,0,0,25,25,7878,0,0,0,0,0
2020-07-27,US,Kansas,Atchison,59,0,0,39.53185661,-95.30870026,20005.0,367.0752193118895,0.0,59,56,0,0,56,56,16193,3,0,0,3,0
2020-07-27,US,Kansas,Barber,4,0,0,37.2288586,-98.68460053,20007.0,90.35464196973119,0.0,4,4,0,0,4,4,4472,0,0,0,0,0
2020-07-27,US,Kansas,Barton,95,3,0,38.47889676,-98.75636726,20009.0,368.5170099693548,3.1578947368421053,92,92,3,0,89,92,26111,3,0,0,3,0
2020-07-27,US,Kansas,Bourbon,62,1,0,37.85508555,-94.84865997,20011.0,426.58593642493446,1.6129032258064515,61,62,1,0,61,62,14653,0,0,0,0,0
2020-07-27,US,Kansas,Brown,27,0,0,39.82652589,-95.56421698,20013.0,282.3086574654956,0.0,27,27,0,0,27,27,9598,0,0,0,0,0
2020-07-27,US,Kansas,Butler,169,0,0,37.78134351,-96.83878537,20015.0,252.5743151350301,0.0,169,155,0,0,155,155,66765,14,0,0,14,0
2020-07-27,US,Kansas,Chase,6,0,0,38.30292938,-96.59563862,20017.0,226.5861027190332,0.0,6,6,0,0,6,6,2629,0,0,0,0,0
2020-07-27,US,Kansas,Chautauqua,5,0,0,37.14994405,-96.2454192,20019.0,153.84615384615384,0.0,5,5,0,0,5,5,3309,0,0,0,0,0
2020-07-27,US,Kansas,Cherokee,67,1,0,37.16928494,-94.8462897,20021.0,336.0248758714078,1.492537313432836,66,64,1,0,63,64,20015,3,0,0,3,0
2020-07-27,US,Kansas,Cheyenne,2,0,0,39.78580976,-101.7318201,20023.0,75.27286413248024,0.0,2,2,0,0,2,2,2660,0,0,0,0,0
2020-07-27,US,Kansas,Clark,41,1,0,37.23577007,-99.81883015,20025.0,2056.1685055165494,2.4390243902439024,40,40,1,0,39,40,2005,1,0,0,1,0
2020-07-27,US,Kansas,Clay,17,2,0,39.34948772,-97.16518128,20027.0,212.44688827793053,11.764705882352944,15,15,2,0,13,15,7997,2,0,0,2,0
2020-07-27,US,Kansas,Cloud,28,0,0,39.48028352,-97.64925343,20029.0,318.6888231277032,0.0,28,26,0,0,26,26,8729,2,0,0,2,0
2020-07-27,US,Kansas,Coffey,64,8,0,38.2365018,-95.73379515,20031.0,782.4917471573543,12.5,56,63,8,0,55,63,8233,1,0,0,1,0
2020-07-27,US,Kansas,Comanche,3,0,0,37.19114520000001,-99.27113247,20033.0,176.47058823529412,0.0,3,3,0,0,3,3,1748,0,0,0,0,0
2020-07-27,US,Kansas,Cowley,140,2,0,37.23781842,-96.83776647,20035.0,401.0541996104045,1.4285714285714286,138,128,2,0,126,128,35218,12,0,0,12,0
2020-07-27,US,Kansas,Crawford,364,1,0,37.50675523,-94.85245778,20037.0,937.7093101138647,0.27472527472527475,363,358,1,0,357,358,39019,6,0,0,6,0
2020-07-27,US,Kansas,Decatur,5,0,0,39.78468441,-100.45940809999999,20039.0,176.86593562079943,0.0,5,5,0,0,5,5,2871,0,0,0,0,0
2020-07-27,US,Kansas,Dickinson,39,1,0,38.86600962,-97.15532383,20041.0,211.19896025127255,2.5641025641025643,38,35,1,0,34,35,18717,4,0,0,4,0
2020-07-27,US,Kansas,Doniphan,43,0,0,39.79067154,-95.14056866,20043.0,565.7894736842105,0.0,43,43,0,0,43,43,7682,0,0,0,0,0
2020-07-27,US,Kansas,Douglas,608,2,0,38.88503636,-95.2925121,20045.0,497.30490188861353,0.32894736842105265,606,588,2,0,586,588,121436,20,0,0,20,0
2020-07-27,US,Kansas,Edwards,10,0,0,37.88735543,-99.31263309,20047.0,357.39814152966414,0.0,10,9,0,0,9,9,2849,1,0,0,1,0
2020-07-27,US,Kansas,Elk,1,0,0,37.45338105,-96.24369667,20049.0,39.52569169960474,0.0,1,1,0,0,1,1,2508,0,0,0,0,0
2020-07-27,US,Kansas,Ellis,113,0,0,38.91458712,-99.31751551,20051.0,395.75526214408285,0.0,113,105,0,0,105,105,28710,8,0,0,8,0
2020-07-27,US,Kansas,Ellsworth,16,0,0,38.69677695,-98.20462799,20053.0,262.2091117666339,0.0,16,15,0,0,15,15,6196,1,0,0,1,0
2020-07-27,US,Kansas,Finney,1688,10,0,38.04340344,-100.73819379999999,20055.0,4628.842515150684,0.5924170616113744,1678,1672,10,0,1662,1672,36611,16,0,0,16,0
2020-07-27,US,Kansas,Ford,2005,8,0,37.69200114,-99.88825298,20057.0,5963.889467265533,0.3990024937655861,1997,1998,8,0,1990,1998,33888,7,0,0,7,0
2020-07-27,US,Kansas,Franklin,141,1,0,38.56443815,-95.28644341,20059.0,551.988725336674,0.7092198581560284,140,128,1,0,127,128,25631,13,0,0,13,0
2020-07-27,US,Kansas,Geary,113,1,0,38.99871131,-96.7577178,20061.0,356.8045468898011,0.8849557522123894,112,113,1,0,112,113,32594,0,0,0,0,0
2020-07-27,US,Kansas,Gove,3,0,0,38.91588178,-100.4829321,20063.0,113.80880121396058,0.0,3,3,0,0,3,3,2612,0,0,0,0,0
2020-07-27,US,Kansas,Graham,14,0,0,39.34987223,-99.88332493,20065.0,564.0612409347301,0.0,14,9,0,0,9,9,2492,5,0,0,5,0
2020-07-27,US,Kansas,Grant,88,2,0,37.56227336,-101.3079758,20067.0,1230.7692307692307,2.272727272727273,86,88,2,0,86,88,7336,0,0,0,0,0
2020-07-27,US,Kansas,Gray,51,0,0,37.73836671,-100.4369088,20069.0,851.7034068136273,0.0,51,51,0,0,51,51,6033,0,0,0,0,0
2020-07-27,US,Kansas,Greeley,3,0,0,38.4808095,-101.8061079,20071.0,243.50649350649346,0.0,3,3,0,0,3,3,1227,0,0,0,0,0
2020-07-27,US,Kansas,Greenwood,14,0,0,37.8774388,-96.23250453,20073.0,234.0354396522902,0.0,14,14,0,0,14,14,6055,0,0,0,0,0
2020-07-27,US,Kansas,Hamilton,36,0,0,37.99978709,-101.7921066,20075.0,1417.8810555336747,0.0,36,35,0,0,35,35,2607,1,0,0,1,0
2020-07-27,US,Kansas,Harper,8,0,0,37.19175361,-98.07578384,20077.0,147.16703458425312,0.0,8,8,0,0,8,8,5506,0,0,0,0,0
2020-07-27,US,Kansas,Harvey,134,1,0,38.04293782,-97.42747573,20079.0,389.20677335966775,0.746268656716418,133,134,1,0,133,134,34210,0,0,0,0,0
2020-07-27,US,Kansas,Haskell,46,0,0,37.562039399999996,-100.8710738,20081.0,1159.274193548387,0.0,46,46,0,0,46,46,3997,0,0,0,0,0
2020-07-27,US,Kansas,Hodgeman,11,0,0,38.08780079,-99.89829881,20083.0,613.1549609810479,0.0,11,10,0,0,10,10,1818,1,0,0,1,0
2020-07-27,US,Kansas,Jackson,131,1,0,39.41673394,-95.79356799,20085.0,994.609369068408,0.7633587786259542,130,131,1,0,130,131,13280,0,0,0,0,0
2020-07-27,US,Kansas,Jefferson,50,0,0,39.2347941,-95.38289232,20087.0,262.5636716903849,0.0,50,47,0,0,47,47,18975,3,0,0,3,0
2020-07-27,US,Kansas,Jewell,8,0,0,39.78470589,-98.21820662,20089.0,277.8742618964918,0.0,8,8,0,0,8,8,2841,0,0,0,0,0
2020-07-27,US,Kansas,Johnson,4538,94,0,38.88548175,-94.82250877,20091.0,753.3188025916292,2.0713970912296165,4444,4455,94,0,4361,4387,597555,83,0,0,83,68
2020-07-27,US,Kansas,Kearny,54,1,0,38.00017981,-101.32168100000001,20093.0,1406.9828035435125,1.851851851851852,53,53,1,0,52,53,3943,1,0,0,1,0
2020-07-27,US,Kansas,Kingman,7,0,0,37.55909527,-98.13638678,20095.0,97.87472035794184,0.0,7,7,0,0,7,7,7310,0,0,0,0,0
2020-07-27,US,Kansas,Kiowa,6,0,0,37.55848695,-99.2856537,20097.0,242.42424242424244,0.0,6,6,0,0,6,6,2516,0,0,0,0,0
2020-07-27,US,Kansas,Labette,110,0,0,37.19113093,-95.29849679,20099.0,560.70955245183,0.0,110,104,0,0,104,106,19964,6,0,0,6,-2
2020-07-27,US,Kansas,Lane,5,0,0,38.48119447,-100.46607540000001,20101.0,325.73289902280135,0.0,5,5,0,0,5,5,1560,0,0,0,0,0
2020-07-27,US,Kansas,Leavenworth,1361,7,0,39.20183497,-95.03620809,20103.0,1664.6689009026638,0.5143277002204262,1354,1337,7,0,1330,1337,81352,24,0,0,24,0
2020-07-27,US,Kansas,Lincoln,6,0,0,39.04549684,-98.20756994,20105.0,202.56583389601624,0.0,6,6,0,0,6,6,3023,0,0,0,0,0
2020-07-27,US,Kansas,Linn,27,0,0,38.21267844,-94.84254089,20107.0,278.26445429248685,0.0,27,26,0,0,26,26,9750,1,0,0,1,0
2020-07-27,US,Kansas,Logan,2,0,0,38.91735806,-101.148475,20109.0,71.58196134574086,0.0,2,2,0,0,2,2,2844,0,0,0,0,0
2020-07-27,US,Kansas,Lyon,620,8,0,38.45576156,-96.15275715,20111.0,1867.7511673444799,1.2903225806451613,612,600,8,0,592,600,33406,20,0,0,20,0
2020-07-27,US,Kansas,Marion,40,1,0,38.35855394,-97.09852509999999,20115.0,336.5870077415012,2.5,39,40,1,0,39,40,11950,0,0,0,0,0
2020-07-27,US,Kansas,Marshall,8,0,0,39.78359669,-96.52278974,20117.0,82.41475224065107,0.0,8,7,0,0,7,7,9722,1,0,0,1,0
2020-07-27,US,Kansas,McPherson,115,0,0,38.39184858,-97.64769869,20113.0,402.9150024525261,0.0,115,114,0,0,114,114,28537,1,0,0,1,0
2020-07-27,US,Kansas,Meade,36,0,0,37.23859987,-100.36483100000001,20119.0,892.6357550210761,0.0,36,36,0,0,36,36,4146,0,0,0,0,0
2020-07-27,US,Kansas,Miami,103,0,0,38.56383358,-94.83832189,20121.0,300.84411601483777,0.0,103,92,0,0,92,92,33680,11,0,0,11,0
2020-07-27,US,Kansas,Mitchell,26,0,0,39.39331582,-98.20906732,20123.0,434.85532697775545,0.0,26,25,0,0,25,25,6150,1,0,0,1,0
2020-07-27,US,Kansas,Montgomery,132,4,0,37.19236568,-95.74329258,20125.0,414.7161393697572,3.0303030303030303,128,120,4,0,116,120,32120,12,0,0,12,0
2020-07-27,US,Kansas,Morris,7,0,0,38.68827511,-96.65128437,20127.0,124.55516014234877,0.0,7,7,0,0,7,7,5521,0,0,0,0,0
2020-07-27,US,Kansas,Morton,9,2,0,37.19141121,-101.79925190000002,20129.0,347.89331271743333,22.222222222222218,7,9,2,0,7,9,2667,0,0,0,0,0
2020-07-27,US,Kansas,Nemaha,45,0,0,39.78345387,-96.01392079,20131.0,439.8397028638452,0.0,45,42,0,0,42,42,10155,3,0,0,3,0
2020-07-27,US,Kansas,Neosho,48,0,0,37.55862897,-95.30670046,20133.0,299.86880739676394,0.0,48,48,0,0,48,48,15951,0,0,0,0,0
2020-07-27,US,Kansas,Ness,5,0,0,38.47974157,-99.91547333,20135.0,181.8181818181818,0.0,5,5,0,0,5,5,2840,0,0,0,0,0
2020-07-27,US,Kansas,Norton,22,0,0,39.78443827,-99.90286639,20137.0,410.37119940309645,0.0,22,22,0,0,22,22,5430,0,0,0,0,0
2020-07-27,US,Kansas,Osage,34,0,0,38.65235984,-95.72707998,20139.0,213.17950968712773,0.0,34,34,0,0,34,34,15941,0,0,0,0,0
2020-07-27,US,Kansas,Osborne,3,0,0,39.3503437,-98.76753828,20141.0,87.69365682548961,0.0,3,3,0,0,3,3,3475,0,0,0,0,0
2020-07-27,US,Kansas,Ottawa,30,0,0,39.13237408,-97.65020313,20143.0,525.9467040673212,0.0,30,28,0,0,28,28,5802,2,0,0,2,0
2020-07-27,US,Kansas,Pawnee,7,0,0,38.18108732,-99.23692334,20145.0,109.13626442157779,0.0,7,7,0,0,7,7,6562,0,0,0,0,0
2020-07-27,US,Kansas,Phillips,44,7,0,39.78465501,-99.34668865,20147.0,840.6572411157814,15.909090909090908,37,41,7,0,34,41,5317,3,0,0,3,0
2020-07-27,US,Kansas,Pottawatomie,100,0,0,39.37925655,-96.34564657,20149.0,410.1218061764344,0.0,100,99,0,0,99,99,24277,1,0,0,1,0
2020-07-27,US,Kansas,Pratt,32,0,0,37.64780729,-98.73922153,20151.0,349.19249236141417,0.0,32,32,0,0,32,32,9378,0,0,0,0,0
2020-07-27,US,Kansas,Reno,205,1,0,37.95230263,-98.08607292,20155.0,330.6558276073422,0.4878048780487805,204,201,1,0,200,196,62342,4,0,0,4,5
2020-07-27,US,Kansas,Republic,25,0,0,39.82799632,-97.65036709,20157.0,539.2579810181189,0.0,25,23,0,0,23,23,4664,2,0,0,2,0
2020-07-27,US,Kansas,Rice,21,0,0,38.34616184,-98.19992118,20159.0,220.19502988361117,0.0,21,21,0,0,21,21,9531,0,0,0,0,0
2020-07-27,US,Kansas,Riley,426,4,0,39.28935726,-96.73420026,20161.0,573.8764953119949,0.9389671361502347,422,419,4,0,415,419,73703,7,0,0,7,0
2020-07-27,US,Kansas,Rooks,14,0,0,39.35022773,-99.32484567,20163.0,284.5528455284553,0.0,14,13,0,0,13,13,5013,1,0,0,1,0
2020-07-27,US,Kansas,Rush,5,0,0,38.52275276,-99.30863983,20165.0,164.69038208168644,0.0,5,5,0,0,5,5,3093,0,0,0,0,0
2020-07-27,US,Kansas,Russell,9,0,0,38.91462787,-98.76254297,20167.0,131.27187864644108,0.0,9,8,0,0,8,8,6907,1,0,0,1,0
2020-07-27,US,Kansas,Saline,322,4,0,38.78369175,-97.65185177,20169.0,593.8329890823253,1.2422360248447204,318,313,3,0,310,313,54401,9,1,0,8,0
2020-07-27,US,Kansas,Scott,22,0,0,38.48222076,-100.90665390000001,20171.0,456.1476259589466,0.0,22,22,0,0,22,22,4897,0,0,0,0,0
2020-07-27,US,Kansas,Sedgwick,3740,36,0,37.6842718,-97.4608198,20173.0,724.7472104983702,0.962566844919786,3704,3646,36,0,3610,3474,513607,94,0,0,94,172
2020-07-27,US,Kansas,Seward,1160,4,0,37.19324632,-100.85072009999999,20175.0,5413.477692738473,0.3448275862068966,1156,1154,4,0,1150,1154,21780,6,0,0,6,0
2020-07-27,US,Kansas,Shawnee,1315,19,0,39.04100763,-95.75572640000001,20177.0,743.4628975265018,1.4448669201520912,1296,1295,19,0,1276,1266,177499,20,0,0,20,29
2020-07-27,US,Kansas,Sheridan,7,0,0,39.35018161,-100.44182590000001,20179.0,277.66759222530743,0.0,7,7,0,0,7,7,2533,0,0,0,0,0
2020-07-27,US,Kansas,Sherman,9,0,0,39.35147699,-101.71976240000001,20181.0,152.1041068108839,0.0,9,9,0,0,9,9,5899,0,0,0,0,0
2020-07-27,US,Kansas,Smith,3,0,0,39.78516566,-98.78566062,20183.0,83.72871895060004,0.0,3,3,0,0,3,3,3603,0,0,0,0,0
2020-07-27,US,Kansas,Stafford,2,0,0,38.03100851,-98.71762001,20185.0,48.12319538017324,0.0,2,2,0,0,2,2,4178,0,0,0,0,0
2020-07-27,US,Kansas,Stanton,16,0,0,37.56304714,-101.78435340000001,20187.0,797.6071784646061,0.0,16,15,0,0,15,15,1987,1,0,0,1,0
2020-07-27,US,Kansas,Stevens,42,0,0,37.1923008,-101.3118967,20189.0,765.7247037374658,0.0,42,40,0,0,40,40,5559,2,0,0,2,0
2020-07-27,US,Kansas,Sumner,88,2,0,37.23682549,-97.47721621,20191.0,385.3564547206165,2.272727272727273,86,85,2,0,83,85,22996,3,0,0,3,0
2020-07-27,US,Kansas,Thomas,26,0,0,39.35107575,-101.0553705,20193.0,334.31914620033433,0.0,26,25,0,0,25,25,7711,1,0,0,1,0
2020-07-27,US,Kansas,Trego,5,0,0,38.91467218,-99.87284448,20195.0,178.38030681412772,0.0,5,5,0,0,5,5,2793,0,0,0,0,0
2020-07-27,US,Kansas,Unassigned,0,1,0,0.0,0.0,90020.0,0.0,0.0,-1,0,1,0,-1,0,,0,0,0,0,0
2020-07-27,US,Kansas,Wabaunsee,40,0,0,38.95471985,-96.20350509,20197.0,577.1172990910403,0.0,40,40,0,0,40,40,6899,0,0,0,0,0
2020-07-27,US,Kansas,Washington,2,0,0,39.78420784,-97.08753229999999,20201.0,36.99593044765076,0.0,2,2,0,0,2,2,5420,0,0,0,0,0
2020-07-27,US,Kansas,Wichita,2,0,0,38.48178252,-101.3471509,20203.0,94.38414346389808,0.0,2,2,0,0,2,2,2105,0,0,0,0,0
2020-07-27,US,Kansas,Wilson,8,0,0,37.55937174,-95.74323255,20205.0,93.84164222873899,0.0,8,6,0,0,6,6,8665,2,0,0,2,0
2020-07-27,US,Kansas,Woodson,11,0,0,37.8865336,-95.74006277,20207.0,350.54174633524536,0.0,11,11,0,0,11,11,3183,0,0,0,0,0
2020-07-27,US,Kansas,Wyandotte,4128,92,0,39.11727348,-94.76378225,20209.0,2495.3303229784383,2.228682170542636,4036,4065,91,0,3974,4056,165324,63,1,0,62,9
2020-07-27,US,Kentucky,Adair,183,19,0,37.10459774,-85.28129668,21001.0,953.0257264868244,10.382513661202186,164,183,19,0,164,182,19215,0,0,0,0,1
2020-07-27,US,Kentucky,Allen,211,8,0,36.75197631,-86.19457544,21003.0,989.9132066619752,3.791469194312796,203,211,8,0,203,210,21122,0,0,0,0,1
2020-07-27,US,Kentucky,Anderson,51,1,0,38.00671029,-84.99171713,21005.0,224.20538972172162,1.96078431372549,50,49,1,0,48,47,22663,2,0,0,2,2
2020-07-27,US,Kentucky,Ballard,28,0,0,37.05842757,-88.99427697,21007.0,354.9695740365112,0.0,28,28,0,0,28,28,7979,0,0,0,0,0
2020-07-27,US,Kentucky,Barren,262,2,0,36.96469836,-85.93338945,21009.0,592.1037763565279,0.7633587786259542,260,250,2,0,248,247,44176,12,0,0,12,3
2020-07-27,US,Kentucky,Bath,29,1,0,38.14735938,-83.74588932,21011.0,232.0,3.4482758620689653,28,28,1,0,27,27,12383,1,0,0,1,1
2020-07-27,US,Kentucky,Bell,234,2,0,36.73355174,-83.67766671,21013.0,898.8936693300552,0.8547008547008547,232,230,1,0,229,221,26569,4,1,0,3,9
2020-07-27,US,Kentucky,Boone,934,24,0,38.97065142,-84.72615357,21015.0,699.2012337083867,2.569593147751606,910,929,24,0,905,922,131533,5,0,0,5,7
2020-07-27,US,Kentucky,Bourbon,64,1,0,38.2054607,-84.21827874,21017.0,323.42834040832827,1.5625,63,63,1,0,62,63,20184,1,0,0,1,0
2020-07-27,US,Kentucky,Boyd,146,3,0,38.36176608,-82.68652187,21019.0,312.5133781411876,2.054794520547945,143,140,3,0,137,137,47240,6,0,0,6,3
2020-07-27,US,Kentucky,Boyle,108,0,0,37.62680923,-84.8633779,21021.0,359.28143712574854,0.0,108,101,0,0,101,98,30100,7,0,0,7,3
2020-07-27,US,Kentucky,Bracken,27,0,0,38.69158994,-84.08532444,21023.0,325.1836685535349,0.0,27,27,0,0,27,27,8239,0,0,0,0,0
2020-07-27,US,Kentucky,Breathitt,20,0,0,37.52333168,-83.31959161,21025.0,158.3531274742676,0.0,20,20,0,0,20,19,12726,0,0,0,0,1
2020-07-27,US,Kentucky,Breckinridge,43,2,0,37.77377239,-86.42885017,21027.0,209.9916980026371,4.651162790697675,41,41,2,0,39,41,20388,2,0,0,2,0
2020-07-27,US,Kentucky,Bullitt,267,4,0,37.97162523,-85.68955617,21029.0,326.90141534845003,1.49812734082397,263,261,4,0,257,257,81069,6,0,0,6,4
2020-07-27,US,Kentucky,Butler,286,14,0,37.20946153,-86.68748787,21031.0,2220.669306623185,4.895104895104895,272,286,14,0,272,286,12772,0,0,0,0,0
2020-07-27,US,Kentucky,Caldwell,42,0,0,37.14749129,-87.86948214,21033.0,329.48929159802304,0.0,42,42,0,0,42,42,12715,0,0,0,0,0
2020-07-27,US,Kentucky,Calloway,155,2,0,36.62093411,-88.2731593,21035.0,397.425707033153,1.2903225806451613,153,153,2,0,151,150,39135,2,0,0,2,3
2020-07-27,US,Kentucky,Campbell,463,13,0,38.94384345,-84.37875208,21037.0,494.74269105830064,2.8077753779697625,450,460,13,0,447,458,93152,3,0,0,3,2
2020-07-27,US,Kentucky,Carlisle,17,1,0,36.85372876,-88.96692220000001,21039.0,357.1428571428572,5.882352941176472,16,17,1,0,16,16,4771,0,0,0,0,1
2020-07-27,US,Kentucky,Carroll,134,2,0,38.66599534,-85.12601074,21041.0,1260.4646787696358,1.492537313432836,132,134,2,0,132,134,10737,0,0,0,0,0
2020-07-27,US,Kentucky,Carter,80,1,0,38.31690743,-83.05092385,21043.0,298.54088144195254,1.25,79,80,1,0,79,79,27004,0,0,0,0,1
2020-07-27,US,Kentucky,Casey,136,9,0,37.32533118,-84.92726209,21045.0,841.6362398663283,6.617647058823528,127,135,9,0,126,134,15888,1,0,0,1,1
2020-07-27,US,Kentucky,Christian,409,5,0,36.89267803,-87.49055367,21047.0,580.4629511360895,1.2224938875305624,404,409,5,0,404,402,71671,0,0,0,0,7
2020-07-27,US,Kentucky,Clark,132,7,0,37.9689263,-84.14615986,21049.0,364.00739045307887,5.303030303030303,125,128,7,0,121,128,36249,4,0,0,4,0
2020-07-27,US,Kentucky,Clay,134,4,0,37.16451126,-83.712575,21051.0,673.3329983417917,2.985074626865672,130,134,4,0,130,132,20105,0,0,0,0,2
2020-07-27,US,Kentucky,Clinton,16,0,0,36.72581156,-85.13377529,21053.0,156.58641612840088,0.0,16,16,0,0,16,16,10206,0,0,0,0,0
2020-07-27,US,Kentucky,Crittenden,23,1,0,37.35839237,-88.08826090000002,21055.0,261.1855553032024,4.3478260869565215,22,23,1,0,22,23,8915,0,0,0,0,0
2020-07-27,US,Kentucky,Cumberland,30,0,0,36.78926125,-85.39050034,21057.0,453.5833081342608,0.0,30,27,0,0,27,24,6659,3,0,0,3,3
2020-07-27,US,Kentucky,Daviess,655,7,0,37.73028906,-87.09019479999998,21059.0,645.250268443814,1.068702290076336,648,633,7,0,626,633,101104,22,0,0,22,0
2020-07-27,US,Kentucky,Edmonson,87,12,0,37.21218923,-86.23955613,21061.0,716.0493827160492,13.79310344827586,75,87,12,0,75,87,12274,0,0,0,0,0
2020-07-27,US,Kentucky,Elliott,7,0,0,38.11624059,-83.09771563,21063.0,93.1222562192364,0.0,7,7,0,0,7,7,7508,0,0,0,0,0
2020-07-27,US,Kentucky,Estill,10,0,0,37.69241417,-83.95956369,21065.0,70.8918190840777,0.0,10,10,0,0,10,10,14198,0,0,0,0,0
2020-07-27,US,Kentucky,Fayette,2474,44,0,38.0368225,-84.45576892,21067.0,765.5839976234095,1.778496362166532,2430,2381,44,0,2337,2358,323780,93,0,0,93,23
2020-07-27,US,Kentucky,Fleming,45,0,0,38.36758311,-83.69657514,21069.0,308.6208079006927,0.0,45,45,0,0,45,43,14432,0,0,0,0,2
2020-07-27,US,Kentucky,Floyd,75,1,0,37.56213922,-82.74750924,21071.0,210.73927337098544,1.3333333333333333,74,75,1,0,74,74,35845,0,0,0,0,1
2020-07-27,US,Kentucky,Franklin,216,5,0,38.2379395,-84.87962551,21073.0,423.6041654409602,2.314814814814815,211,213,5,0,208,211,50815,3,0,0,3,2
2020-07-27,US,Kentucky,Fulton,41,1,0,36.55238827,-89.20140068,21075.0,686.8822248282794,2.4390243902439024,40,41,1,0,40,39,6120,0,0,0,0,2
2020-07-27,US,Kentucky,Gallatin,77,8,0,38.75398691,-84.8558382,21077.0,868.1925808997631,10.389610389610391,69,77,8,0,69,77,8832,0,0,0,0,0
2020-07-27,US,Kentucky,Garrard,59,0,0,37.638866799999995,-84.53289319,21079.0,333.9748669761123,0.0,59,57,0,0,57,56,17560,2,0,0,2,1
2020-07-27,US,Kentucky,Grant,85,5,0,38.64962758,-84.62415957,21081.0,339.0641828553193,5.882352941176472,80,84,5,0,79,84,25121,1,0,0,1,0
2020-07-27,US,Kentucky,Graves,435,21,0,36.72292505,-88.65143315,21083.0,1167.2838512316855,4.827586206896552,414,434,21,0,413,423,37317,1,0,0,1,11
2020-07-27,US,Kentucky,Grayson,166,11,0,37.46231118,-86.34248968,21085.0,628.1454572974609,6.626506024096385,155,166,11,0,155,166,26321,0,0,0,0,0
2020-07-27,US,Kentucky,Green,24,1,0,37.26484328,-85.5540745,21087.0,219.3583767480121,4.166666666666667,23,24,1,0,23,24,11049,0,0,0,0,0
2020-07-27,US,Kentucky,Greenup,69,0,0,38.54332505,-82.9215658,21089.0,196.59239842726086,0.0,69,65,0,0,65,64,35268,4,0,0,4,1
2020-07-27,US,Kentucky,Hancock,42,0,0,37.83766422,-86.78280584,21091.0,481.54093097913324,0.0,42,40,0,0,40,40,8758,2,0,0,2,0
2020-07-27,US,Kentucky,Hardin,452,8,0,37.6976111,-85.96319251,21093.0,407.36134393193817,1.7699115044247788,444,445,8,0,437,437,110356,7,0,0,7,8
2020-07-27,US,Kentucky,Harlan,163,3,0,36.85699301,-83.21899516,21095.0,626.6820453671662,1.8404907975460123,160,162,3,0,159,157,26409,1,0,0,1,5
2020-07-27,US,Kentucky,Harrison,110,0,0,38.44188174,-84.32869741,21097.0,582.4420205443188,0.0,110,108,0,0,108,107,18778,2,0,0,2,1
2020-07-27,US,Kentucky,Hart,68,0,0,37.29943898,-85.88461055,21099.0,357.2366692934069,0.0,68,68,0,0,68,68,18906,0,0,0,0,0
2020-07-27,US,Kentucky,Henderson,284,4,0,37.79344553,-87.57392021,21101.0,628.179606281796,1.4084507042253518,280,281,4,0,277,276,45591,3,0,0,3,5
2020-07-27,US,Kentucky,Henry,74,2,0,38.44942688,-85.11587507,21103.0,458.8862706188763,2.702702702702702,72,74,2,0,72,73,16106,0,0,0,0,1
2020-07-27,US,Kentucky,Hickman,16,0,0,36.67948079999999,-88.97875928,21105.0,365.296803652968,0.0,16,16,0,0,16,16,4421,0,0,0,0,0
2020-07-27,US,Kentucky,Hopkins,374,33,0,37.30939025,-87.54670406,21107.0,836.9511703889361,8.823529411764708,341,374,33,0,341,371,45068,0,0,0,0,3
2020-07-27,US,Kentucky,Jackson,127,14,0,37.41866422,-83.99825483,21109.0,952.8096631405208,11.023622047244093,113,127,14,0,113,125,13442,0,0,0,0,2
2020-07-27,US,Kentucky,Jefferson,6320,227,0,38.18664655,-85.65931031,21111.0,824.2507078513793,3.5917721518987342,6093,6135,220,0,5915,6080,770517,185,7,0,178,55
2020-07-27,US,Kentucky,Jessamine,242,0,0,37.87119786,-84.58252003,21113.0,447.19578675043886,0.0,242,233,0,0,233,230,53920,9,0,0,9,3
2020-07-27,US,Kentucky,Johnson,26,0,0,37.85106355,-82.8264322,21115.0,117.18045790517395,0.0,26,24,0,0,24,19,22386,2,0,0,2,5
2020-07-27,US,Kentucky,Kenton,1201,37,0,38.93950319,-84.53241199,21117.0,719.1702894645447,3.0807660283097418,1164,1194,37,0,1157,1179,166051,7,0,0,7,15
2020-07-27,US,Kentucky,Knott,32,0,0,37.35388197,-82.94981134,21119.0,216.12859651492641,0.0,32,31,0,0,31,31,15126,1,0,0,1,0
2020-07-27,US,Kentucky,Knox,167,8,0,36.89225732,-83.85403396,21121.0,536.2016375020066,4.790419161676646,159,162,8,0,154,159,31304,5,0,0,5,3
2020-07-27,US,Kentucky,Larue,42,1,0,37.54567114,-85.70138352,21123.0,291.7071815529934,2.380952380952381,41,40,1,0,39,39,14307,2,0,0,2,1
2020-07-27,US,Kentucky,Laurel,322,4,0,37.10975748,-84.11321779,21125.0,529.4920493973328,1.2422360248447204,318,321,4,0,317,317,60669,1,0,0,1,4
2020-07-27,US,Kentucky,Lawrence,27,0,0,38.07136018,-82.72882223,21127.0,176.27472742704185,0.0,27,27,0,0,27,25,15571,0,0,0,0,2
2020-07-27,US,Kentucky,Lee,3,0,0,37.59645942,-83.71513901,21129.0,40.52411184654871,0.0,3,3,0,0,3,3,7033,0,0,0,0,0
2020-07-27,US,Kentucky,Leslie,21,0,0,37.09246661,-83.37999606,21131.0,212.61516654854717,0.0,21,20,0,0,20,20,10143,1,0,0,1,0
2020-07-27,US,Kentucky,Letcher,37,0,0,37.12306748,-82.85346474,21133.0,171.66983714564097,0.0,37,35,0,0,35,34,21899,2,0,0,2,1
2020-07-27,US,Kentucky,Lewis,29,0,0,38.53184419,-83.37735618,21135.0,218.4557438794727,0.0,29,29,0,0,29,29,13257,0,0,0,0,0
2020-07-27,US,Kentucky,Lincoln,84,1,0,37.45475628,-84.6565327,21137.0,342.1727972626176,1.1904761904761905,83,83,1,0,82,82,24644,1,0,0,1,1
2020-07-27,US,Kentucky,Livingston,32,1,0,37.21137452,-88.34797529,21139.0,348.0530780944094,3.125,31,32,0,0,32,32,9242,0,1,0,-1,0
2020-07-27,US,Kentucky,Logan,288,19,0,36.85949479,-86.877635,21141.0,1062.652202789462,6.597222222222222,269,288,19,0,269,288,26989,0,0,0,0,0
2020-07-27,US,Kentucky,Lyon,28,3,0,37.02080035,-88.07886257,21143.0,341.047503045067,10.714285714285714,25,27,3,0,24,26,8009,1,0,0,1,1
2020-07-27,US,Kentucky,Madison,312,1,0,37.71659336,-84.27220275,21151.0,335.53077311882305,0.3205128205128205,311,308,1,0,307,305,92368,4,0,0,4,3
2020-07-27,US,Kentucky,Magoffin,14,0,0,37.70820545,-83.0657714,21153.0,115.12211166844831,0.0,14,14,0,0,14,14,12362,0,0,0,0,0
2020-07-27,US,Kentucky,Marion,92,0,0,37.55218078,-85.26898542,21155.0,477.35173558864716,0.0,92,91,0,0,91,89,19404,1,0,0,1,2
2020-07-27,US,Kentucky,Marshall,112,2,0,36.88007070000001,-88.32803576,21157.0,360.12861736334406,1.7857142857142858,110,112,2,0,110,110,31191,0,0,0,0,2
2020-07-27,US,Kentucky,Martin,26,0,0,37.79990579,-82.51247478,21159.0,232.24653863331844,0.0,26,25,0,0,25,24,11323,1,0,0,1,1
2020-07-27,US,Kentucky,Mason,46,1,0,38.59471935,-83.82151043,21161.0,269.47861745752783,2.1739130434782608,45,46,1,0,45,46,17150,0,0,0,0,0
2020-07-27,US,Kentucky,McCracken,296,3,0,37.05350953,-88.70445755,21145.0,452.47485401571436,1.0135135135135136,293,294,3,0,291,292,65346,2,0,0,2,2
2020-07-27,US,Kentucky,McCreary,27,0,0,36.73874143,-84.48102924,21147.0,156.69432998665198,0.0,27,26,0,0,26,25,17408,1,0,0,1,1
2020-07-27,US,Kentucky,McLean,38,1,0,37.5301951,-87.26803443,21149.0,412.7294449875095,2.631578947368421,37,38,1,0,37,37,9252,0,0,0,0,1
2020-07-27,US,Kentucky,Meade,71,2,0,37.96163597,-86.21028219,21163.0,248.495030099398,2.8169014084507036,69,68,2,0,66,68,28715,3,0,0,3,0
2020-07-27,US,Kentucky,Menifee,24,0,0,37.94090733,-83.59985712,21165.0,369.8566805362922,0.0,24,23,0,0,23,22,6451,1,0,0,1,1
2020-07-27,US,Kentucky,Mercer,37,0,0,37.81474237,-84.87488475,21167.0,168.69557288104681,0.0,37,37,0,0,37,37,21774,0,0,0,0,0
2020-07-27,US,Kentucky,Metcalfe,27,2,0,36.99459295,-85.63123699,21169.0,268.0965147453083,7.407407407407407,25,25,2,0,23,24,10030,2,0,0,2,1
2020-07-27,US,Kentucky,Monroe,83,2,0,36.71225341,-85.71596443,21171.0,779.3427230046948,2.409638554216868,81,79,2,0,77,77,10718,4,0,0,4,2
2020-07-27,US,Kentucky,Montgomery,97,0,0,38.03253032,-83.9145241,21173.0,344.4969279397663,0.0,97,97,0,0,97,96,28203,0,0,0,0,1
2020-07-27,US,Kentucky,Morgan,28,0,0,37.92465657,-83.25558245,21175.0,210.3839507100459,0.0,28,28,0,0,28,27,13345,0,0,0,0,1
2020-07-27,US,Kentucky,Muhlenberg,598,9,0,37.21425819,-87.14632053,21177.0,1952.8443602638627,1.5050167224080269,589,597,9,0,588,595,30774,1,0,0,1,2
2020-07-27,US,Kentucky,Nelson,177,2,0,37.80335779,-85.4657193,21179.0,382.8434235286484,1.1299435028248588,175,175,2,0,173,173,45851,2,0,0,2,2
2020-07-27,US,Kentucky,Nicholas,20,0,0,38.33342292,-84.01889177,21181.0,275.14100976750586,0.0,20,20,0,0,20,20,7166,0,0,0,0,0
2020-07-27,US,Kentucky,Ohio,330,5,0,37.47751843,-86.85368087,21183.0,1375.3438359589898,1.5151515151515151,325,329,5,0,324,324,24087,1,0,0,1,5
2020-07-27,US,Kentucky,Oldham,497,9,0,38.39791089,-85.448222,21185.0,744.0231141184747,1.8108651911468812,488,478,9,0,469,468,66470,19,0,0,19,10
2020-07-27,US,Kentucky,Owen,29,0,0,38.51679143,-84.82404619,21187.0,266.03063939088156,0.0,29,28,0,0,28,28,10880,1,0,0,1,0
2020-07-27,US,Kentucky,Owsley,6,0,0,37.42823949,-83.68811419,21189.0,135.90033975084938,0.0,6,6,0,0,6,6,4472,0,0,0,0,0
2020-07-27,US,Kentucky,Pendleton,32,0,0,38.69607718,-84.35599463,21191.0,219.32830705962985,0.0,32,32,0,0,32,30,14529,0,0,0,0,2
2020-07-27,US,Kentucky,Perry,158,2,0,37.25023553,-83.22922731,21193.0,613.401661619691,1.2658227848101269,156,154,2,0,152,153,26092,4,0,0,4,1
2020-07-27,US,Kentucky,Pike,194,3,0,37.47088263,-82.39487445,21195.0,335.1993918031654,1.5463917525773196,191,194,3,0,191,191,58402,0,0,0,0,3
2020-07-27,US,Kentucky,Powell,38,0,0,37.83218794,-83.82553961,21197.0,307.46824176713324,0.0,38,36,0,0,36,34,12442,2,0,0,2,2
2020-07-27,US,Kentucky,Pulaski,183,2,0,37.10466131,-84.57629079,21199.0,281.6294495144585,1.0928961748633879,181,182,2,0,180,179,64623,1,0,0,1,3
2020-07-27,US,Kentucky,Robertson,2,0,0,38.51923469,-84.05055616,21201.0,94.87666034155598,0.0,2,2,0,0,2,2,2135,0,0,0,0,0
2020-07-27,US,Kentucky,Rockcastle,47,0,0,37.36642393,-84.31176452,21203.0,281.5214135968853,0.0,47,46,0,0,46,46,16750,1,0,0,1,0
2020-07-27,US,Kentucky,Rowan,58,0,0,38.19484205,-83.42088935,21205.0,237.12183156173344,0.0,58,57,0,0,57,54,24583,1,0,0,1,3
2020-07-27,US,Kentucky,Russell,87,5,0,36.99308373,-85.06070117,21207.0,485.4098086257881,5.747126436781608,82,86,5,0,81,85,17821,1,0,0,1,1
2020-07-27,US,Kentucky,Scott,262,0,0,38.29622293,-84.5816631,21209.0,459.6168689916497,0.0,262,261,0,0,261,250,56031,1,0,0,1,11
2020-07-27,US,Kentucky,Shelby,663,22,0,38.21476019,-85.194223,21211.0,1352.3988250652742,3.3182503770739067,641,662,22,0,640,659,48518,1,0,0,1,3
2020-07-27,US,Kentucky,Simpson,124,5,0,36.74058474,-86.58047435,21213.0,667.6717639457247,4.032258064516129,119,123,5,0,118,121,18529,1,0,0,1,2
2020-07-27,US,Kentucky,Spencer,77,0,0,38.03223971,-85.32749335,21215.0,397.9122525967649,0.0,77,77,0,0,77,74,18794,0,0,0,0,3
2020-07-27,US,Kentucky,Taylor,81,1,0,37.3677562,-85.3329931,21217.0,314.3311731149832,1.2345679012345678,80,80,1,0,79,80,25549,1,0,0,1,0
2020-07-27,US,Kentucky,Todd,31,0,0,36.8381152,-87.17878374,21219.0,252.155523019359,0.0,31,31,0,0,31,31,12311,0,0,0,0,0
2020-07-27,US,Kentucky,Trigg,45,0,0,36.80767017,-87.87333656,21221.0,307.1462698791891,0.0,45,45,0,0,45,45,14643,0,0,0,0,0
2020-07-27,US,Kentucky,Trimble,27,0,0,38.61056487,-85.33775972,21223.0,318.7345059615157,0.0,27,27,0,0,27,27,8515,0,0,0,0,0
2020-07-27,US,Kentucky,Unassigned,3,0,0,0.0,0.0,90021.0,0.0,0.0,3,3,0,0,3,3,,0,0,0,0,0
2020-07-27,US,Kentucky,Union,49,0,0,37.66166713,-87.94300009,21225.0,340.72734858493845,0.0,49,46,0,0,46,45,14505,3,0,0,3,1
2020-07-27,US,Kentucky,Warren,2244,21,0,36.99903045,-86.42672751,21227.0,1688.5384059715866,0.9358288770053476,2223,2223,21,0,2202,2199,131264,21,0,0,21,24
2020-07-27,US,Kentucky,Washington,49,0,0,37.75599461,-85.17407732,21229.0,405.12608515915673,0.0,49,49,0,0,49,48,12084,0,0,0,0,1
2020-07-27,US,Kentucky,Wayne,52,0,0,36.80310688,-84.8251971,21231.0,255.7418974081543,0.0,52,50,0,0,50,49,20468,2,0,0,2,1
2020-07-27,US,Kentucky,Webster,74,1,0,37.52168356,-87.67989953,21233.0,571.7817957039098,1.351351351351351,73,73,1,0,72,73,13111,1,0,0,1,0
2020-07-27,US,Kentucky,Whitley,96,1,0,36.75700531,-84.14541217,21235.0,264.7253474520185,1.0416666666666667,95,94,1,0,93,93,36242,2,0,0,2,1
2020-07-27,US,Kentucky,Wolfe,8,0,0,37.73941626,-83.49303612,21237.0,111.77867821713006,0.0,8,8,0,0,8,8,7177,0,0,0,0,0
2020-07-27,US,Kentucky,Woodford,115,0,0,38.04178222,-84.7417556,21239.0,430.1638363133089,0.0,115,114,0,0,114,109,26533,1,0,0,1,5
2020-07-27,US,Louisiana,Acadia,2215,63,0,30.2950649,-92.41419698,22001.0,3569.9895237327746,2.8442437923250563,2152,2173,62,0,2111,2111,62190,42,1,0,41,62
2020-07-27,US,Louisiana,Allen,993,16,0,30.65385745,-92.82442028,22003.0,3874.819526280876,1.6112789526686808,977,986,16,0,970,917,25605,7,0,0,7,69
2020-07-27,US,Louisiana,Ascension,2335,65,0,30.20406249,-90.91328409999998,22005.0,1844.3335123692773,2.78372591006424,2270,2249,65,0,2184,2175,124672,86,0,0,86,74
2020-07-27,US,Louisiana,Assumption,509,18,0,29.89946234,-91.06461642,22007.0,2325.1564569914576,3.536345776031433,491,493,18,0,475,484,22300,16,0,0,16,9
2020-07-27,US,Louisiana,Avoyelles,842,24,0,31.07796211,-92.00079449,22009.0,2097.449182941411,2.8503562945368173,818,827,24,0,803,781,40462,15,0,0,15,46
2020-07-27,US,Louisiana,Beauregard,648,13,0,30.64836518,-93.34173616,22011.0,1728.1382510600852,2.0061728395061733,635,624,13,0,611,591,37253,24,0,0,24,33
2020-07-27,US,Louisiana,Bienville,340,29,0,32.34569994,-93.05398492,22013.0,2567.781889585379,8.529411764705884,311,340,29,0,311,339,13308,0,0,0,0,1
2020-07-27,US,Louisiana,Bossier,1894,60,0,32.67932307,-93.60460152,22015.0,1490.880753154543,3.1678986272439285,1834,1855,60,0,1795,1776,127185,39,0,0,39,79
2020-07-27,US,Louisiana,Caddo,5745,266,0,32.57991587,-93.88375652,22017.0,2391.7170405155616,4.6301131418624895,5479,5652,266,0,5386,5469,242922,93,0,0,93,183
2020-07-27,US,Louisiana,Calcasieu,5626,107,0,30.22931235,-93.35400434,22019.0,2765.488900686211,1.9018841094916457,5519,5459,96,0,5363,5127,203112,167,11,0,156,332
2020-07-27,US,Louisiana,Caldwell,178,1,0,32.0902519,-92.11752148,22021.0,1794.7166767493445,0.5617977528089888,177,178,1,0,177,168,9960,0,0,0,0,10
2020-07-27,US,Louisiana,Cameron,157,0,0,29.87592238,-93.19310676,22023.0,2251.5416606912377,0.0,157,157,0,0,157,150,6968,0,0,0,0,7
2020-07-27,US,Louisiana,Catahoula,243,3,0,31.66778967,-91.84526385,22025.0,2559.511270275964,1.2345679012345678,240,243,3,0,240,238,9608,0,0,0,0,5
2020-07-27,US,Louisiana,Claiborne,200,10,0,32.82308512,-92.99526883,22027.0,1276.3241863433313,5.0,190,200,10,0,190,189,15944,0,0,0,0,11
2020-07-27,US,Louisiana,Concordia,238,7,0,31.44817835,-91.63814433,22029.0,1235.785866348201,2.9411764705882355,231,234,7,0,227,221,19572,4,0,0,4,13
2020-07-27,US,Louisiana,De Soto,582,24,0,32.05457447,-93.74130302,22031.0,2119.21494374249,4.123711340206185,558,571,24,0,547,552,27436,11,0,0,11,19
2020-07-27,US,Louisiana,East Baton Rouge,9985,310,0,30.53842039,-91.09777565,22033.0,2269.01392767788,3.104656985478217,9675,9636,306,0,9330,9393,440956,349,4,0,345,243
2020-07-27,US,Louisiana,East Carroll,489,1,0,32.73926954,-91.23425694,22035.0,7127.240926978576,0.20449897750511248,488,489,1,0,488,483,7037,0,0,0,0,6
2020-07-27,US,Louisiana,East Feliciana,468,35,0,30.84425359,-91.04976723,22037.0,2445.7799843219227,7.478632478632479,433,458,35,0,423,442,19305,10,0,0,10,16
2020-07-27,US,Louisiana,Evangeline,641,2,0,30.72985248,-92.39915924,22039.0,1919.4490193142685,0.31201248049922,639,639,2,0,637,608,33443,2,0,0,2,31
2020-07-27,US,Louisiana,Franklin,729,16,0,32.13675181,-91.67589857,22041.0,3642.268298775918,2.194787379972565,713,719,16,0,703,681,20156,10,0,0,10,38
2020-07-27,US,Louisiana,Grant,244,3,0,31.59882456,-92.56124347,22043.0,1089.8208941891107,1.2295081967213115,241,232,3,0,229,209,22482,12,0,0,12,23
2020-07-27,US,Louisiana,Iberia,2057,58,0,29.86803617,-91.75871777,22045.0,2945.7253329514533,2.8196402527953333,1999,2003,57,0,1946,1869,70941,54,1,0,53,134
2020-07-27,US,Louisiana,Iberville,1047,46,0,30.25734305,-91.3499598,22047.0,3220.4484635969375,4.393505253104107,1001,1026,46,0,980,999,32721,21,0,0,21,27
2020-07-27,US,Louisiana,Jackson,340,18,0,32.30251776,-92.55692092,22049.0,2159.5528455284552,5.294117647058823,322,338,18,0,320,332,15902,2,0,0,2,6
2020-07-27,US,Louisiana,Jefferson,13680,510,0,29.74075478,-90.11115756,22051.0,3163.056974332533,3.728070175438596,13170,13448,510,0,12938,13128,434051,232,0,0,232,320
2020-07-27,US,Louisiana,Jefferson Davis,910,22,0,30.26896765,-92.81210004,22053.0,2901.045651619485,2.417582417582417,888,903,22,0,881,866,31582,7,0,0,7,37
2020-07-27,US,Louisiana,LaSalle,197,2,0,31.67884782,-92.15907765,22059.0,1322.8579102874025,1.0152284263959392,195,192,2,0,190,183,14917,5,0,0,5,9
2020-07-27,US,Louisiana,Lafayette,5888,78,0,30.2049055,-92.06959876,22055.0,2409.26388150088,1.3247282608695652,5810,5769,75,0,5694,5519,242782,119,3,0,116,250
2020-07-27,US,Louisiana,Lafourche,2393,95,0,29.52470226,-90.40976986,22057.0,2451.492613764419,3.969912244045132,2298,2319,95,0,2224,2237,98115,74,0,0,74,82
2020-07-27,US,Louisiana,Lincoln,641,23,0,32.6003154,-92.6659741,22061.0,1371.3576654828635,3.588143525741029,618,639,23,0,616,610,47196,2,0,0,2,29
2020-07-27,US,Louisiana,Livingston,2380,47,0,30.44143993,-90.73061664,22063.0,1690.4729772922599,1.9747899159663864,2333,2298,47,0,2251,2212,139567,82,0,0,82,86
2020-07-27,US,Louisiana,Madison,526,6,0,32.36918118,-91.23973355,22065.0,4803.214318327094,1.1406844106463878,520,523,6,0,517,515,11161,3,0,0,3,8
2020-07-27,US,Louisiana,Morehouse,396,11,0,32.81686191,-91.80421614,22067.0,1592.023799951757,2.7777777777777777,385,387,11,0,376,371,25398,9,0,0,9,16
2020-07-27,US,Louisiana,Natchitoches,602,15,0,31.72321584,-93.09816516,22069.0,1577.6508202735993,2.491694352159469,587,600,15,0,585,586,38659,2,0,0,2,14
2020-07-27,US,Louisiana,Orleans,10011,552,0,30.06971951,-89.92660315,22071.0,2565.97563976378,5.5139346718609525,9459,9898,552,0,9346,9752,391006,113,0,0,113,146
2020-07-27,US,Louisiana,Ouachita,4144,99,0,32.47645559,-92.15704172,22073.0,2703.566698634517,2.388996138996139,4045,4102,99,0,4003,3916,154475,42,0,0,42,186
2020-07-27,US,Louisiana,Plaquemines,381,18,0,29.42245447,-89.60322085,22075.0,1642.4537655731344,4.724409448818896,363,378,18,0,360,367,23410,3,0,0,3,11
2020-07-27,US,Louisiana,Pointe Coupee,646,29,0,30.71409502,-91.60209535,22077.0,2972.8485964104925,4.489164086687307,617,623,29,0,594,580,21940,23,0,0,23,43
2020-07-27,US,Louisiana,Rapides,2743,98,0,31.19778499,-92.52997303,22079.0,2115.728742441071,3.5727305869485964,2645,2687,98,0,2589,2585,130562,56,0,0,56,102
2020-07-27,US,Louisiana,Red River,169,9,0,32.09530039,-93.34213308,22081.0,2001.895285477375,5.325443786982248,160,167,9,0,158,162,8477,2,0,0,2,5
2020-07-27,US,Louisiana,Richland,477,5,0,32.41391005,-91.76634876,22083.0,2370.5397077825264,1.0482180293501049,472,472,5,0,467,447,20192,5,0,0,5,25
2020-07-27,US,Louisiana,Sabine,469,6,0,31.56388699,-93.55433981,22085.0,1963.6576787807737,1.279317697228145,463,463,5,0,458,432,24032,6,1,0,5,31
2020-07-27,US,Louisiana,St. Bernard,976,23,0,29.87761636,-89.51887093,22087.0,2065.8707984082635,2.3565573770491803,953,957,23,0,934,909,46721,19,0,0,19,48
2020-07-27,US,Louisiana,St. Charles,1261,50,0,29.90709658,-90.35555967,22089.0,2374.7645951035784,3.965107057890563,1211,1229,50,0,1179,1174,52879,32,0,0,32,55
2020-07-27,US,Louisiana,St. Helena,224,1,0,30.82210324,-90.71013176,22091.0,2210.8172127911566,0.44642857142857145,223,214,1,0,213,207,10262,10,0,0,10,7
2020-07-27,US,Louisiana,St. James,591,30,0,30.02531716,-90.80212061,22093.0,2801.4789533560865,5.076142131979696,561,582,30,0,552,556,21037,9,0,0,9,26
2020-07-27,US,Louisiana,St. John the Baptist,1291,88,0,30.12597499,-90.4753503,22095.0,3013.7497957373303,6.816421378776143,1203,1285,88,0,1197,1244,43184,6,0,0,6,41
2020-07-27,US,Louisiana,St. Landry,1927,69,0,30.59724262,-92.00135806,22097.0,2346.4517071745167,3.5806953814219,1858,1880,69,0,1811,1774,82764,47,0,0,47,106
2020-07-27,US,Louisiana,St. Martin,1429,36,0,30.13112107,-91.61403569,22099.0,2674.4773633284053,2.5192442267319803,1393,1399,36,0,1363,1358,53621,30,0,0,30,41
2020-07-27,US,Louisiana,St. Mary,1312,42,0,29.69262097,-91.44702164,22101.0,2658.66904433817,3.2012195121951224,1270,1287,42,0,1245,1238,49774,25,0,0,25,49
2020-07-27,US,Louisiana,St. Tammany,4375,195,0,30.40942847,-89.95642711,22103.0,1679.9849473348718,4.457142857142856,4180,4285,194,0,4091,4136,258111,90,1,0,89,149
2020-07-27,US,Louisiana,Tangipahoa,2895,56,0,30.62888673,-90.40664996,22105.0,2148.29546297808,1.9343696027633848,2839,2777,56,0,2721,2692,133777,118,0,0,118,85
2020-07-27,US,Louisiana,Tensas,52,0,0,32.00760749,-91.32915234,22107.0,1199.8154130133826,0.0,52,48,0,0,48,47,4462,4,0,0,4,1
2020-07-27,US,Louisiana,Terrebonne,2519,72,0,29.37343766,-90.82626855,22109.0,2280.442871239623,2.8582770940849542,2447,2453,72,0,2381,2332,111021,66,0,0,66,121
2020-07-27,US,Louisiana,Unassigned,10,112,0,0.0,0.0,90022.0,0.0,1120.0,-102,10,112,0,-102,10,,0,0,0,0,0
2020-07-27,US,Louisiana,Union,547,31,0,32.83121059,-92.3749373,22111.0,2474.217477836077,5.6672760511883,516,543,31,0,512,533,22330,4,0,0,4,10
2020-07-27,US,Louisiana,Vermilion,1142,14,0,29.83517605,-92.30292538,22113.0,1918.9729629816336,1.2259194395796849,1128,1081,14,0,1067,996,59830,61,0,0,61,85
2020-07-27,US,Louisiana,Vernon,599,19,0,31.10884837,-93.18153838,22115.0,1262.9403951169115,3.1719532554257097,580,587,19,0,568,544,48860,12,0,0,12,43
2020-07-27,US,Louisiana,Washington,1123,56,0,30.85288548,-90.03866652,22117.0,2431.051651729662,4.986642920747997,1067,1093,55,0,1038,1059,46582,30,1,0,29,34
2020-07-27,US,Louisiana,Webster,770,12,0,32.70847669,-93.33121835,22119.0,2008.3463745435567,1.5584415584415583,758,768,12,0,756,745,38798,2,0,0,2,23
2020-07-27,US,Louisiana,West Baton Rouge,573,33,0,30.46058217,-91.30989571,22121.0,2165.123748346873,5.7591623036649215,540,545,33,0,512,524,26427,28,0,0,28,21
2020-07-27,US,Louisiana,West Carroll,226,5,0,32.78550125,-91.461201,22123.0,2086.7959372114497,2.2123893805309733,221,225,5,0,220,218,10982,1,0,0,1,7
2020-07-27,US,Louisiana,West Feliciana,319,15,0,30.87882871,-91.4148538,22125.0,2049.0750256937313,4.702194357366771,304,319,15,0,304,315,15460,0,0,0,0,4
2020-07-27,US,Louisiana,Winn,358,7,0,31.94449367,-92.63789413,22127.0,2574.7986191024165,1.9553072625698324,351,358,7,0,351,351,14134,0,0,0,0,7
2020-07-27,US,Maine,Androscoggin,543,5,0,44.1664747,-70.20380627,23001.0,501.49154483408296,0.9208103130755064,538,534,5,0,529,532,107679,9,0,0,9,2
2020-07-27,US,Maine,Aroostook,31,1,0,46.65926321,-68.59841248,23003.0,46.230706136753405,3.2258064516129035,30,31,1,0,30,31,67111,0,0,0,0,0
2020-07-27,US,Maine,Cumberland,2016,68,0,43.8370751,-70.37226999,23005.0,683.3828808520591,3.373015873015873,1948,2011,68,0,1943,2004,293557,5,0,0,5,7
2020-07-27,US,Maine,Franklin,45,1,0,44.97330019,-70.44381045,23007.0,149.01155667406206,2.2222222222222223,44,46,1,0,45,45,29897,-1,0,0,-1,1
2020-07-27,US,Maine,Hancock,19,1,0,44.59816444,-68.38401854,23009.0,34.553621765144484,5.2631578947368425,18,19,1,0,18,19,54811,0,0,0,0,0
2020-07-27,US,Maine,Kennebec,159,10,0,44.40759555,-69.76738544,23011.0,130.00605059606548,6.289308176100628,149,158,10,0,148,157,122083,1,0,0,1,1
2020-07-27,US,Maine,Knox,25,1,0,44.11486325,-69.10529169,23013.0,62.858292265915715,4.0,24,25,1,0,24,25,39771,0,0,0,0,0
2020-07-27,US,Maine,Lincoln,33,0,0,44.05996956,-69.54227124,23015.0,95.28209274123694,0.0,33,33,0,0,33,33,34342,0,0,0,0,0
2020-07-27,US,Maine,Oxford,49,0,0,44.49952995,-70.75682123,23017.0,84.51918930573521,0.0,49,49,0,0,49,48,57618,0,0,0,0,1
2020-07-27,US,Maine,Penobscot,139,5,0,45.40194593,-68.65020455,23019.0,91.35841417567106,3.5971223021582728,134,139,5,0,134,139,151096,0,0,0,0,0
2020-07-27,US,Maine,Piscataquis,3,0,0,45.83839062,-69.2860223,23021.0,17.873100983020553,0.0,3,3,0,0,3,3,16800,0,0,0,0,0
2020-07-27,US,Maine,Sagadahoc,43,0,0,43.95415864,-69.85074999,23023.0,119.92414100847836,0.0,43,43,0,0,43,40,35634,0,0,0,0,3
2020-07-27,US,Maine,Somerset,34,1,0,45.51229767,-69.95995554,23025.0,67.34807067585771,2.9411764705882355,33,34,1,0,33,34,50592,0,0,0,0,0
2020-07-27,US,Maine,Unassigned,1,0,0,0.0,0.0,90023.0,0.0,0.0,1,1,0,0,1,1,,0,0,0,0,0
2020-07-27,US,Maine,Waldo,60,14,0,44.4858305,-69.12061935,23027.0,151.07641948885808,23.33333333333333,46,60,14,0,46,60,39694,0,0,0,0,0
2020-07-27,US,Maine,Washington,7,0,0,45.01607142,-67.62813524,23029.0,22.307912935402666,0.0,7,7,0,0,7,5,31490,0,0,0,0,2
2020-07-27,US,Maine,York,625,12,0,43.47808377,-70.71052375,23031.0,301.00028414426816,1.92,613,621,12,0,609,614,206229,4,0,0,4,7
2020-07-27,US,Maryland,Allegany,260,18,0,39.62357628,-78.69280486,24001.0,369.2342649397864,6.9230769230769225,242,256,18,0,238,252,70975,4,0,0,4,4
2020-07-27,US,Maryland,Anne Arundel,6469,214,0,39.00670238,-76.60329337,24003.0,1116.819799942683,3.308084711701963,6255,6380,214,0,6166,6343,576031,89,0,0,89,37
2020-07-27,US,Maryland,Baltimore,11124,528,0,39.45784712,-76.62911955,24005.0,1344.5012509518112,4.746494066882416,10596,10924,525,0,10399,10793,828431,200,3,0,197,131
2020-07-27,US,Maryland,Baltimore City,10579,401,0,39.30211911,-76.61151012,24510.0,1782.506866164552,3.7905284053313166,10178,10353,400,0,9953,10210,621342,226,1,0,225,143
2020-07-27,US,Maryland,Calvert,546,27,0,38.53961642,-76.56820632,24009.0,590.1107808700351,4.945054945054945,519,535,27,0,508,528,92003,11,0,0,11,7
2020-07-27,US,Maryland,Caroline,412,3,0,38.87172293,-75.82904158,24011.0,1233.311381189008,0.7281553398058253,409,403,3,0,400,393,33304,9,0,0,9,10
2020-07-27,US,Maryland,Carroll,1391,115,0,39.56453592,-77.02373735,24013.0,825.7790284184343,8.267433501078363,1276,1369,115,0,1254,1355,168429,22,0,0,22,14
2020-07-27,US,Maryland,Cecil,601,30,0,39.56647682,-75.94627411,24015.0,584.3177288415731,4.991680532445924,571,597,30,0,567,596,102826,4,0,0,4,1
2020-07-27,US,Maryland,Charles,1753,90,0,38.51092331,-76.98580666,24017.0,1073.767127902632,5.13405590416429,1663,1730,90,0,1640,1719,161503,23,0,0,23,11
2020-07-27,US,Maryland,Dorchester,319,5,0,38.45413522,-76.02752426,24019.0,999.0917347865576,1.567398119122257,314,317,5,0,312,305,31998,2,0,0,2,12
2020-07-27,US,Maryland,Frederick,2909,120,0,39.47296601,-77.39999394,24021.0,1120.798930444197,4.125128910278447,2789,2879,120,0,2759,2870,255648,30,0,0,30,9
2020-07-27,US,Maryland,Garrett,43,0,0,39.52786077,-79.27355126,24023.0,148.20431515819945,0.0,43,42,0,0,42,42,29163,1,0,0,1,0
2020-07-27,US,Maryland,Harford,1631,67,0,39.55010644,-76.30775940000002,24025.0,638.5036074866604,4.1079092581238505,1564,1597,67,0,1530,1579,253956,34,0,0,34,18
2020-07-27,US,Maryland,Howard,3373,102,0,39.25305293,-76.93126208,24027.0,1035.6473947618902,3.0240142306552027,3271,3327,102,0,3225,3313,323196,46,0,0,46,14
2020-07-27,US,Maryland,Kent,229,23,0,39.24976208,-76.04741541,24029.0,1179.0752754608175,10.043668122270743,206,229,23,0,206,228,19383,0,0,0,0,1
2020-07-27,US,Maryland,Montgomery,17164,787,0,39.13676329,-77.20358245,24031.0,1633.5962721569103,4.585178280121183,16377,17020,783,0,16237,16922,1052567,144,4,0,140,98
2020-07-27,US,Maryland,Prince George's,21770,730,0,38.83070039,-76.8496441,24033.0,2394.0782578764292,3.3532384014699126,21040,21558,730,0,20828,21432,909308,212,0,0,212,126
2020-07-27,US,Maryland,Queen Anne's,370,23,0,39.06198912,-76.03530977,24035.0,734.4038427184853,6.216216216216216,347,366,23,0,343,357,50251,4,0,0,4,9
2020-07-27,US,Maryland,Somerset,115,3,0,38.1163542,-75.75118623,24039.0,448.93816364772016,2.608695652173913,112,114,3,0,111,114,25675,1,0,0,1,0
2020-07-27,US,Maryland,St. Mary's,849,52,0,38.30058422,-76.60629279999998,24037.0,747.9517223152145,6.1248527679623095,797,834,52,0,782,822,112664,15,0,0,15,12
2020-07-27,US,Maryland,Talbot,317,4,0,38.76618159,-76.10882561,24041.0,852.5859982248999,1.2618296529968454,313,308,4,0,304,298,36968,9,0,0,9,10
2020-07-27,US,Maryland,Unassigned,0,15,0,0.0,0.0,90024.0,0.0,0.0,-15,0,16,0,-16,0,,0,-1,0,1,0
2020-07-27,US,Maryland,Washington,897,30,0,39.60835778,-77.82002295,24043.0,593.8470297717959,3.3444816053511706,867,871,30,0,841,864,150926,26,0,0,26,7
2020-07-27,US,Maryland,Wicomico,1249,42,0,38.37301947,-75.62705831,24045.0,1205.493731239564,3.362690152121697,1207,1239,42,0,1197,1228,103195,10,0,0,10,11
2020-07-27,US,Maryland,Worcester,506,18,0,38.21274277,-75.33200012,24047.0,967.9393985767848,3.5573122529644268,488,500,18,0,482,491,51823,6,0,0,6,9
2020-07-27,US,Massachusetts,Barnstable,1698,155,0,41.72980578,-70.28854339,25001.0,797.2205267852951,9.128386336866901,1543,1693,155,0,1538,1684,213413,5,0,0,5,9
2020-07-27,US,Massachusetts,Berkshire,645,45,0,42.37428441,-73.20524838,25003.0,516.2312716096811,6.9767441860465125,600,643,45,0,598,638,126348,2,0,0,2,5
2020-07-27,US,Massachusetts,Bristol,8907,617,0,41.79228404,-71.10872211,25005.0,1575.8549371303409,6.927135960480522,8290,8882,617,0,8265,8843,564022,25,0,0,25,39
2020-07-27,US,Massachusetts,Dukes and Nantucket,95,1,0,41.40674725,-70.68763497,0.0,330.65330131217155,1.0526315789473684,94,95,1,0,94,94,26707,0,0,0,0,1
2020-07-27,US,Massachusetts,Essex,16990,1169,0,42.6687626,-70.94687179,25009.0,2153.265892217573,6.880517951736317,15821,16952,1167,0,15785,16915,790638,38,2,0,36,37
2020-07-27,US,Massachusetts,Franklin,396,59,0,42.58119713,-72.58602547,25011.0,564.2633228840125,14.898989898989901,337,396,59,0,337,393,70963,0,0,0,0,3
2020-07-27,US,Massachusetts,Hampden,7309,688,0,42.13440424,-72.63235561,25013.0,1567.2038630106435,9.413052401149269,6621,7283,687,0,6596,7259,470406,26,1,0,25,24
2020-07-27,US,Massachusetts,Hampshire,1095,127,0,42.33997957,-72.65898478,25015.0,680.84312628241,11.598173515981733,968,1090,126,0,964,1082,161355,5,1,0,4,8
2020-07-27,US,Massachusetts,Middlesex,25396,1959,0,42.48607732,-71.39049229,25017.0,1575.728470390563,7.713813198928965,23437,25333,1957,0,23376,25250,1614714,63,2,0,61,83
2020-07-27,US,Massachusetts,Norfolk,10013,977,0,42.16073095,-71.20530408,25021.0,1416.7167769092002,9.757315489863178,9036,9971,977,0,8994,9934,705388,42,0,0,42,37
2020-07-27,US,Massachusetts,Plymouth,9000,705,0,41.94070556,-70.80802823,25023.0,1726.777717660331,7.833333333333332,8295,8985,704,0,8281,8967,518132,15,1,0,14,18
2020-07-27,US,Massachusetts,Suffolk,20914,1048,0,42.327951399999996,-71.07850442,25025.0,2601.544706041868,5.010997417997514,19866,20896,1048,0,19848,20827,807252,18,0,0,18,69
2020-07-27,US,Massachusetts,Unassigned,328,6,0,0.0,0.0,90025.0,0.0,1.8292682926829267,322,325,6,0,319,323,,3,0,0,3,2
2020-07-27,US,Massachusetts,Worcester,13140,980,0,42.35026951,-71.90493363,25027.0,1581.947022833491,7.4581430745814306,12160,13093,980,0,12113,13059,830839,47,0,0,47,34
2020-07-27,US,Michigan,Alcona,27,1,0,44.6846864,-83.59507875,26001.0,259.4906295050457,3.703703703703704,26,28,1,0,27,27,10362,-1,0,0,-1,1
2020-07-27,US,Michigan,Alger,5,0,0,46.41292944,-86.60260122,26003.0,54.89679402722882,0.0,5,5,0,0,5,5,9097,0,0,0,0,0
2020-07-27,US,Michigan,Allegan,472,7,0,42.59147037,-85.89102866,26005.0,399.72561207984353,1.4830508474576272,465,470,7,0,463,465,117327,2,0,0,2,5
2020-07-27,US,Michigan,Alpena,125,13,0,45.03477666,-83.62212411,26007.0,440.06336912515405,10.4,112,125,13,0,112,125,28360,0,0,0,0,0
2020-07-27,US,Michigan,Antrim,35,0,0,44.99690221,-85.15503082,26009.0,150.06002400960384,0.0,35,34,0,0,34,34,23365,1,0,0,1,0
2020-07-27,US,Michigan,Arenac,41,2,0,44.0636262,-83.89277559,26011.0,275.4820936639118,4.878048780487805,39,41,2,0,39,40,15041,0,0,0,0,1
2020-07-27,US,Michigan,Baraga,5,0,0,46.6720582,-88.36363591,26013.0,60.9087586794981,0.0,5,5,0,0,5,5,8320,0,0,0,0,0
2020-07-27,US,Michigan,Barry,170,2,0,42.59513984,-85.30834519,26015.0,276.19821283509344,1.1764705882352942,168,170,2,0,168,168,61157,0,0,0,0,2
2020-07-27,US,Michigan,Bay,524,31,0,43.70639106,-83.98731479,26017.0,508.1162849329945,5.916030534351145,493,521,31,0,490,510,103923,3,0,0,3,11
2020-07-27,US,Michigan,Benzie,30,1,0,44.63899297,-86.01608482,26019.0,168.86187098953056,3.333333333333333,29,28,1,0,27,28,17753,2,0,0,2,0
2020-07-27,US,Michigan,Berrien,1232,63,0,41.95447397,-86.41313079999998,26021.0,803.1238388276477,5.113636363636363,1169,1224,63,0,1161,1204,154141,8,0,0,8,20
2020-07-27,US,Michigan,Branch,307,2,0,41.91600556,-85.05929476,26023.0,705.4714249603603,0.6514657980456026,305,307,2,0,305,306,43622,0,0,0,0,1
2020-07-27,US,Michigan,Calhoun,699,39,0,42.24633834,-85.00493569,26025.0,521.0235615948242,5.579399141630901,660,694,39,0,655,688,134487,5,0,0,5,6
2020-07-27,US,Michigan,Cass,263,8,0,41.91522292,-85.99405727,26027.0,507.8494602892618,3.041825095057034,255,261,8,0,253,258,51653,2,0,0,2,3
2020-07-27,US,Michigan,Charlevoix,41,2,0,45.37790017,-85.19614053,26029.0,156.829744099759,4.878048780487805,39,45,2,0,43,42,26244,-4,0,0,-4,3
2020-07-27,US,Michigan,Cheboygan,34,2,0,45.44787015,-84.50122149,26031.0,134.51495489792688,5.882352941176472,32,33,2,0,31,33,25413,1,0,0,1,0
2020-07-27,US,Michigan,Chippewa,28,0,0,46.29552653,-84.54353449,26033.0,74.96853998768374,0.0,28,26,0,0,26,26,37517,2,0,0,2,0
2020-07-27,US,Michigan,Clare,52,3,0,43.98794227,-84.84819859999998,26035.0,168.01292407108238,5.769230769230768,49,50,3,0,47,48,30757,2,0,0,2,2
2020-07-27,US,Michigan,Clinton,367,12,0,42.94400871,-84.60145248,26037.0,461.0842389597337,3.2697547683923704,355,359,12,0,347,353,79332,8,0,0,8,6
2020-07-27,US,Michigan,Crawford,94,5,0,44.68255561,-84.61006219,26039.0,670.040630123316,5.319148936170213,89,94,5,0,89,94,13901,0,0,0,0,0
2020-07-27,US,Michigan,Delta,60,3,0,45.90484910000001,-86.9080745,26041.0,167.67270288397052,5.0,57,60,3,0,57,58,35857,0,0,0,0,2
2020-07-27,US,Michigan,Dickinson,42,2,0,46.00999672,-87.86961634,26043.0,166.40912872934743,4.761904761904762,40,42,2,0,40,40,25383,0,0,0,0,2
2020-07-27,US,Michigan,Eaton,421,7,0,42.59599185,-84.83740035,26045.0,381.7970762143142,1.66270783847981,414,410,7,0,403,405,109826,11,0,0,11,5
2020-07-27,US,Michigan,Emmet,53,2,0,45.52625509,-84.89083249,26047.0,158.6114020649409,3.7735849056603774,51,52,2,0,50,51,33308,1,0,0,1,1
2020-07-27,US,Michigan,Federal Correctional Institution (FCI),192,5,0,0.0,0.0,0.0,0.0,2.6041666666666665,187,191,5,0,186,189,,1,0,0,1,2
2020-07-27,US,Michigan,Genesee,3327,294,0,43.02244215,-83.70589709,26049.0,819.8357371498695,8.836789900811544,3033,3309,294,0,3015,3268,406892,18,0,0,18,41
2020-07-27,US,Michigan,Gladwin,37,2,0,43.98901072,-84.38774817,26051.0,145.38881684938502,5.405405405405406,35,34,2,0,32,31,25337,3,0,0,3,3
2020-07-27,US,Michigan,Gogebic,62,1,0,46.40862701,-89.69377193,26053.0,443.649373881932,1.6129032258064515,61,57,1,0,56,54,15096,5,0,0,5,3
2020-07-27,US,Michigan,Grand Traverse,168,5,0,44.69565625,-85.55585247,26055.0,180.47438982468202,2.9761904761904763,163,160,5,0,155,158,92573,8,0,0,8,2
2020-07-27,US,Michigan,Gratiot,134,15,0,43.29265605,-84.60505416,26057.0,329.14936994915377,11.194029850746267,119,128,15,0,113,124,40599,6,0,0,6,4
2020-07-27,US,Michigan,Hillsdale,230,25,0,41.88753639,-84.59312019,26059.0,504.3306654972043,10.869565217391305,205,229,25,0,204,224,45749,1,0,0,1,5
2020-07-27,US,Michigan,Houghton,43,0,0,46.89988536,-88.68495385,26061.0,120.50218585360386,0.0,43,42,0,0,42,41,36219,1,0,0,1,1
2020-07-27,US,Michigan,Huron,133,3,0,43.83353985,-83.04078453,26063.0,429.2953745844227,2.255639097744361,130,132,3,0,129,131,31166,1,0,0,1,1
2020-07-27,US,Michigan,Ingham,1398,29,0,42.59716886,-84.37472069,26065.0,478.102364520564,2.0743919885550786,1369,1387,29,0,1358,1341,292735,11,0,0,11,46
2020-07-27,US,Michigan,Ionia,256,5,0,42.94502238,-85.07413319,26067.0,395.69068117532487,1.953125,251,255,5,0,250,254,64210,1,0,0,1,1
2020-07-27,US,Michigan,Iosco,124,11,0,44.35486835,-83.63484895,26069.0,493.49305527918176,8.870967741935484,113,124,11,0,113,124,25081,0,0,0,0,0
2020-07-27,US,Michigan,Iron,13,1,0,46.20974132,-88.53136251,26071.0,117.47695644315922,7.6923076923076925,12,13,1,0,12,12,11117,0,0,0,0,1
2020-07-27,US,Michigan,Isabella,194,8,0,43.64060976,-84.84664923,26073.0,277.6505610258759,4.123711340206185,186,193,8,0,185,192,70562,1,0,0,1,1
2020-07-27,US,Michigan,Jackson,630,32,0,42.24807035,-84.42258681,26075.0,397.4512649044224,5.079365079365079,598,629,32,0,597,623,158823,1,0,0,1,6
2020-07-27,US,Michigan,Kalamazoo,1449,78,0,42.24542231,-85.53038622,26077.0,546.6563044675665,5.383022774327122,1371,1441,76,0,1365,1411,264870,8,2,0,6,30
2020-07-27,US,Michigan,Kalkaska,47,4,0,44.68512729,-85.09085699,26079.0,260.56103780906966,8.51063829787234,43,47,4,0,43,48,17824,0,0,0,0,-1
2020-07-27,US,Michigan,Kent,6823,152,0,43.03197711,-85.54934642,26081.0,1038.5795069677526,2.2277590502711417,6671,6781,152,0,6629,6648,653786,42,0,0,42,133
2020-07-27,US,Michigan,Keweenaw,2,0,0,47.63197653,-88.41434263,26083.0,94.5179584120983,0.0,2,2,0,0,2,2,2113,0,0,0,0,0
2020-07-27,US,Michigan,Lake,16,0,0,43.99050893,-85.802173,26085.0,134.98692314182065,0.0,16,17,0,0,17,15,11881,-1,0,0,-1,2
2020-07-27,US,Michigan,Lapeer,390,32,0,43.09052506,-83.22153148,26087.0,445.1699065143196,8.205128205128204,358,383,32,0,351,370,88028,7,0,0,7,13
2020-07-27,US,Michigan,Leelanau,63,0,0,44.94430054,-85.80150326,26089.0,289.5087541932816,0.0,63,61,0,0,61,59,21764,2,0,0,2,2
2020-07-27,US,Michigan,Lenawee,366,11,0,41.89475156,-84.06603727,26091.0,371.75853978121086,3.0054644808743167,355,369,11,0,358,349,98266,-3,0,0,-3,20
2020-07-27,US,Michigan,Livingston,719,28,0,42.60302282,-83.91297209,26093.0,374.48891898226515,3.894297635605007,691,712,28,0,684,701,191224,7,0,0,7,11
2020-07-27,US,Michigan,Luce,3,0,0,46.47227431,-85.54471223,26095.0,48.16182372772515,0.0,3,3,0,0,3,3,6283,0,0,0,0,0
2020-07-27,US,Michigan,Mackinac,16,0,0,46.07028979,-85.04980537,26097.0,148.1618668395222,0.0,16,16,0,0,16,16,10787,0,0,0,0,0
2020-07-27,US,Michigan,Macomb,8983,937,0,42.69158356,-82.92752801,26099.0,1027.8361320499969,10.430813759323168,8046,8891,936,0,7955,8779,874759,92,1,0,91,112
2020-07-27,US,Michigan,Manistee,31,0,0,44.33352407,-86.05626916,26101.0,126.23177783207102,0.0,31,32,0,0,32,30,24528,-1,0,0,-1,2
2020-07-27,US,Michigan,Marquette,115,11,0,46.4338914,-87.64043701,26103.0,172.41637805664254,9.565217391304348,104,113,11,0,102,112,66516,2,0,0,2,1
2020-07-27,US,Michigan,Mason,93,0,0,43.99509218,-86.24988902,26105.0,319.1051331320341,0.0,93,93,0,0,93,93,29100,0,0,0,0,0
2020-07-27,US,Michigan,Mecosta,50,2,0,43.64064262,-85.32463223,26107.0,115.06685384208224,4.0,48,50,2,0,48,49,43545,0,0,0,0,1
2020-07-27,US,Michigan,Menominee,73,0,0,45.58038692,-87.55370409,26109.0,320.4565408252853,0.0,73,69,0,0,69,69,22983,4,0,0,4,0
2020-07-27,US,Michigan,Michigan Department of Corrections (MDOC),4124,68,0,0.0,0.0,0.0,0.0,1.6488845780795345,4056,4123,68,0,4055,4123,,1,0,0,1,0
2020-07-27,US,Michigan,Midland,270,9,0,43.64330771,-84.38804374,26111.0,324.69094232526817,3.333333333333333,261,265,9,0,256,260,83209,5,0,0,5,5
2020-07-27,US,Michigan,Missaukee,40,1,0,44.33772443,-85.09256478,26113.0,264.58526260087314,2.5,39,40,1,0,39,40,15113,0,0,0,0,0
2020-07-27,US,Michigan,Monroe,803,21,0,41.92734151,-83.53749864,26115.0,533.5548172757475,2.61519302615193,782,794,21,0,773,784,150439,9,0,0,9,10
2020-07-27,US,Michigan,Montcalm,172,1,0,43.31082541,-85.15252824,26117.0,269.22113698973203,0.5813953488372093,171,168,1,0,167,167,63968,4,0,0,4,1
2020-07-27,US,Michigan,Montmorency,7,0,0,45.0275929,-84.12696227,26119.0,75.04288164665523,0.0,7,7,0,0,7,7,9265,0,0,0,0,0
2020-07-27,US,Michigan,Muskegon,1089,56,0,43.29123859,-86.15176712,26121.0,627.4270306396413,5.1423324150596885,1033,1080,56,0,1024,1072,173588,9,0,0,9,8
2020-07-27,US,Michigan,Newaygo,243,0,0,43.554373999999996,-85.80070107,26123.0,496.1208656594528,0.0,243,242,0,0,242,242,48892,1,0,0,1,0
2020-07-27,US,Michigan,Oakland,14111,1127,0,42.66090111,-83.38595416,26125.0,1122.0721637679871,7.986677060449295,12984,14035,1127,0,12908,13823,1259201,76,0,0,76,212
2020-07-27,US,Michigan,Oceana,458,5,0,43.64124435,-86.26726673,26127.0,1730.4567952544678,1.091703056768559,453,458,5,0,453,456,26625,0,0,0,0,2
2020-07-27,US,Michigan,Ogemaw,50,2,0,44.33481032,-84.12725175,26129.0,238.12925656046104,4.0,48,51,2,0,49,49,20952,-1,0,0,-1,2
2020-07-27,US,Michigan,Ontonagon,3,0,0,46.665226200000006,-89.31390481,26131.0,52.447552447552454,0.0,3,3,0,0,3,3,5795,0,0,0,0,0
2020-07-27,US,Michigan,Osceola,64,0,0,43.98992088,-85.32566756,26133.0,272.8047740835465,0.0,64,64,0,0,64,64,23341,0,0,0,0,0
2020-07-27,US,Michigan,Oscoda,23,1,0,44.68192279,-84.12939244,26135.0,279.09234316223757,4.3478260869565215,22,23,1,0,22,23,8276,0,0,0,0,0
2020-07-27,US,Michigan,Otsego,129,10,0,45.02085831,-84.59898295,26137.0,522.9447056915842,7.751937984496124,119,128,10,0,118,128,24665,1,0,0,1,0
2020-07-27,US,Michigan,Ottawa,1606,53,0,42.95996803,-85.9969107,26139.0,550.3203920090464,3.300124533001245,1553,1600,53,0,1547,1572,290494,6,0,0,6,28
2020-07-27,US,Michigan,Out of MI,93,0,0,0.0,0.0,80026.0,0.0,0.0,93,75,0,0,75,105,,18,0,0,18,-30
2020-07-27,US,Michigan,Presque Isle,14,1,0,45.34018577,-83.91498656,26141.0,111.18170266836088,7.142857142857142,13,14,1,0,13,14,12738,0,0,0,0,0
2020-07-27,US,Michigan,Roscommon,45,0,0,44.33473082,-84.61067651,26143.0,187.35167992006328,0.0,45,45,0,0,45,45,23884,0,0,0,0,0
2020-07-27,US,Michigan,Saginaw,1755,124,0,43.33433923,-84.05131209999998,26145.0,921.0712767464928,7.065527065527066,1631,1738,124,0,1614,1691,190800,17,0,0,17,47
2020-07-27,US,Michigan,Sanilac,88,6,0,43.42406072,-82.82055898,26151.0,213.747874666019,6.8181818181818175,82,87,6,0,81,87,41182,1,0,0,1,0
2020-07-27,US,Michigan,Schoolcraft,8,0,0,46.19235734,-86.19972234,26153.0,98.838645910551,0.0,8,8,0,0,8,8,8068,0,0,0,0,0
2020-07-27,US,Michigan,Shiawassee,301,28,0,42.95392800000001,-84.14585902,26155.0,441.8543201902469,9.30232558139535,273,303,28,0,275,299,68192,-2,0,0,-2,4
2020-07-27,US,Michigan,St. Clair,710,53,0,42.92655373,-82.67937954,26147.0,446.1816902116535,7.464788732394366,657,702,53,0,649,687,159337,8,0,0,8,15
2020-07-27,US,Michigan,St. Joseph,528,6,0,41.91441767,-85.52797979,26149.0,866.0849025654485,1.1363636363636365,522,526,6,0,520,497,61043,2,0,0,2,29
2020-07-27,US,Michigan,Tuscola,276,27,0,43.46606813,-83.41897025,26157.0,528.2802182026988,9.782608695652174,249,270,27,0,243,268,52516,6,0,0,6,2
2020-07-27,US,Michigan,Unassigned,3,0,0,0.0,0.0,90026.0,0.0,0.0,3,3,0,0,3,13,,0,0,0,0,-10
2020-07-27,US,Michigan,Van Buren,364,11,0,42.25190229,-86.01939087,26159.0,480.9915826473037,3.021978021978022,353,362,10,0,352,350,75448,2,1,0,1,12
2020-07-27,US,Michigan,Washtenaw,2270,110,0,42.253105,-83.83853204,26161.0,617.5173625751834,4.845814977973569,2160,2259,110,0,2149,2280,370963,11,0,0,11,-21
2020-07-27,US,Michigan,Wayne,26161,2783,0,42.28098405,-83.281255,26163.0,1495.4757300312176,10.637972554565957,23378,26084,2782,0,23302,25877,1753893,77,1,0,76,207
2020-07-27,US,Michigan,Wexford,58,4,0,44.33853602,-85.57712739,26165.0,172.45993280009515,6.896551724137932,54,57,4,0,53,55,33466,1,0,0,1,2
2020-07-27,US,Minnesota,Aitkin,25,0,0,46.60962049,-93.41168259999999,27001.0,157.37127030089385,0.0,25,24,0,0,24,24,15902,1,0,0,1,0
2020-07-27,US,Minnesota,Anoka,3050,112,0,45.27476015,-93.24604565,27003.0,854.5308345544252,3.672131147540984,2938,3010,111,0,2899,2950,353813,40,1,0,39,60
2020-07-27,US,Minnesota,Becker,111,0,0,46.93479392,-95.67158144,27005.0,322.4588211370305,0.0,111,110,0,0,110,101,34371,1,0,0,1,9
2020-07-27,US,Minnesota,Beltrami,157,0,0,47.97373527,-94.93732139,27007.0,332.71170636602534,0.0,157,151,0,0,151,146,46847,6,0,0,6,5
2020-07-27,US,Minnesota,Benton,288,3,0,45.69804958,-93.99514135,27009.0,704.3459121034997,1.0416666666666667,285,287,3,0,284,283,40545,1,0,0,1,4
2020-07-27,US,Minnesota,Big Stone,21,0,0,45.42712824,-96.41403739,27011.0,420.75736325385697,0.0,21,21,0,0,21,20,4989,0,0,0,0,1
2020-07-27,US,Minnesota,Blue Earth,774,4,0,44.03554215,-94.06699781,27013.0,1144.0734335506183,0.5167958656330749,770,767,3,0,764,750,67427,7,1,0,6,17
2020-07-27,US,Minnesota,Brown,72,2,0,44.24205652,-94.72562874,27015.0,287.90786948176583,2.7777777777777777,70,70,2,0,68,70,25111,2,0,0,2,0
2020-07-27,US,Minnesota,Carlton,115,0,0,46.59180601,-92.67601019,27017.0,320.5932368765856,0.0,115,114,0,0,114,112,35837,1,0,0,1,2
2020-07-27,US,Minnesota,Carver,684,2,0,44.82017001,-93.80099179999999,27019.0,650.8768757909962,0.29239766081871343,682,663,2,0,661,643,103551,21,0,0,21,20
2020-07-27,US,Minnesota,Cass,43,2,0,46.95043611,-94.32603968,27021.0,144.39705832969543,4.651162790697675,41,43,2,0,41,41,29519,0,0,0,0,2
2020-07-27,US,Minnesota,Chippewa,90,1,0,45.02343421,-95.56403693,27023.0,762.7118644067798,1.1111111111111112,89,90,1,0,89,87,11924,0,0,0,0,3
2020-07-27,US,Minnesota,Chisago,156,1,0,45.5021011,-92.90861945,27025.0,275.7206737482105,0.6410256410256411,155,154,1,0,153,147,55922,2,0,0,2,7
2020-07-27,US,Minnesota,Clay,707,39,0,46.89289518,-96.48761922,27027.0,1100.8688611379278,5.516265912305517,668,703,39,0,664,697,63955,4,0,0,4,6
2020-07-27,US,Minnesota,Clearwater,15,0,0,47.57992111,-95.37790562,27029.0,170.10660013608532,0.0,15,14,0,0,14,14,8810,1,0,0,1,0
2020-07-27,US,Minnesota,Cook,2,0,0,47.90504893,-90.52629546,27031.0,36.60992128866923,0.0,2,2,0,0,2,2,5393,0,0,0,0,0
2020-07-27,US,Minnesota,Cottonwood,159,0,0,44.00715262,-95.18138802,27033.0,1420.150053590568,0.0,159,159,0,0,159,158,11277,0,0,0,0,1
2020-07-27,US,Minnesota,Crow Wing,161,12,0,46.48096553,-94.06755609,27035.0,247.48289908538928,7.453416149068322,149,156,12,0,144,152,64889,5,0,0,5,4
2020-07-27,US,Minnesota,Dakota,3537,102,0,44.67172617,-93.06299363,27037.0,824.4351675092827,2.883799830364716,3435,3475,102,0,3373,3386,425423,62,0,0,62,89
2020-07-27,US,Minnesota,Dodge,118,0,0,44.02238415,-92.86244324,27039.0,563.6763160408905,0.0,118,118,0,0,118,118,20822,0,0,0,0,0
2020-07-27,US,Minnesota,Douglas,115,0,0,45.93348491,-95.45335469,27041.0,301.5128077397027,0.0,115,115,0,0,115,113,37964,0,0,0,0,2
2020-07-27,US,Minnesota,Faribault,76,0,0,43.67381499,-93.94787458,27043.0,556.6542151908005,0.0,76,73,0,0,73,73,13758,3,0,0,3,0
2020-07-27,US,Minnesota,Fillmore,55,0,0,43.67394126,-92.08980382,27045.0,261.07181848388467,0.0,55,53,0,0,53,53,21058,2,0,0,2,0
2020-07-27,US,Minnesota,Freeborn,342,1,0,43.67385583,-93.34884422,27047.0,1129.421089131799,0.29239766081871343,341,338,1,0,337,336,30444,4,0,0,4,2
2020-07-27,US,Minnesota,Goodhue,159,8,0,44.40849741,-92.72341949999999,27049.0,343.11609840310746,5.031446540880503,151,159,8,0,151,157,46403,0,0,0,0,2
2020-07-27,US,Minnesota,Grant,41,1,0,45.93424769,-96.01139609,27051.0,686.5371734762224,2.4390243902439024,40,38,1,0,37,36,6021,3,0,0,3,2
2020-07-27,US,Minnesota,Hennepin,16506,807,0,45.00761521,-93.47694895,27053.0,1303.9531758677813,4.889131225009088,15699,16316,807,0,15509,16067,1259428,190,0,0,190,249
2020-07-27,US,Minnesota,Houston,34,0,0,43.67129565,-91.49143057,27055.0,182.79569892473117,0.0,34,33,0,0,33,34,18578,1,0,0,1,-1
2020-07-27,US,Minnesota,Hubbard,20,0,0,47.10778564,-94.91693868,27057.0,93.06221208878135,0.0,20,19,0,0,19,18,21332,1,0,0,1,1
2020-07-27,US,Minnesota,Isanti,101,0,0,45.56181234,-93.29487636,27059.0,248.7929845304956,0.0,101,101,0,0,101,99,39966,0,0,0,0,2
2020-07-27,US,Minnesota,Itasca,120,12,0,47.51009045,-93.63092229,27061.0,265.89851539995567,10.0,108,119,12,0,107,116,45108,1,0,0,1,3
2020-07-27,US,Minnesota,Jackson,64,0,0,43.67423373,-95.15398258,27063.0,650.0101564086939,0.0,64,64,0,0,64,64,9911,0,0,0,0,0
2020-07-27,US,Minnesota,Kanabec,23,1,0,45.9459309,-93.29275192,27065.0,140.78472179714757,4.3478260869565215,22,23,1,0,22,22,16207,0,0,0,0,1
2020-07-27,US,Minnesota,Kandiyohi,647,1,0,45.1526059,-95.00586446,27067.0,1497.7198546262646,0.1545595054095827,646,644,1,0,643,633,42855,3,0,0,3,11
2020-07-27,US,Minnesota,Kittson,3,0,0,48.77754106,-96.78317184,27069.0,69.79990693345742,0.0,3,3,0,0,3,3,4248,0,0,0,0,0
2020-07-27,US,Minnesota,Koochiching,58,3,0,48.24539665,-93.78352843,27071.0,474.2824433723117,5.172413793103448,55,56,3,0,53,55,12440,2,0,0,2,1
2020-07-27,US,Minnesota,Lac qui Parle,6,0,0,44.9973857,-96.17488219,27073.0,90.59338668277216,0.0,6,6,0,0,6,6,6658,0,0,0,0,0
2020-07-27,US,Minnesota,Lake,14,0,0,47.64270764,-91.44557998,27075.0,131.56658208814957,0.0,14,13,0,0,13,13,10658,1,0,0,1,0
2020-07-27,US,Minnesota,Lake of the Woods,1,0,0,48.77217001,-94.90274472,27077.0,26.73796791443851,0.0,1,1,0,0,1,1,3758,0,0,0,0,0
2020-07-27,US,Minnesota,Le Sueur,185,1,0,44.37136597,-93.72844721,27079.0,640.4264894243088,0.5405405405405406,184,181,1,0,180,174,28494,4,0,0,4,7
2020-07-27,US,Minnesota,Lincoln,53,0,0,44.41311883,-96.26688165,27081.0,939.8829579712717,0.0,53,52,0,0,52,51,5673,1,0,0,1,1
2020-07-27,US,Minnesota,Lyon,409,3,0,44.41327865,-95.83806103,27083.0,1605.5586087775766,0.7334963325183375,406,401,3,0,398,395,25629,8,0,0,8,6
2020-07-27,US,Minnesota,Mahnomen,18,1,0,47.32557075,-95.80921485,27087.0,325.67396417586394,5.5555555555555545,17,18,1,0,17,17,5519,0,0,0,0,1
2020-07-27,US,Minnesota,Marshall,25,0,0,48.35825983,-96.37017407,27089.0,267.78063410454155,0.0,25,25,0,0,25,25,9390,0,0,0,0,0
2020-07-27,US,Minnesota,Martin,193,5,0,43.67429718,-94.55099908,27091.0,980.5415841081135,2.5906735751295336,188,192,5,0,187,192,19785,1,0,0,1,0
2020-07-27,US,Minnesota,McLeod,116,0,0,44.82367677,-94.27287017,27085.0,323.1827933023152,0.0,116,116,0,0,116,115,35873,0,0,0,0,1
2020-07-27,US,Minnesota,Meeker,81,2,0,45.12328869,-94.52839455,27093.0,348.80716561880973,2.469135802469136,79,80,2,0,78,79,23141,1,0,0,1,1
2020-07-27,US,Minnesota,Mille Lacs,50,3,0,45.93705297,-93.63236823,27095.0,190.28047341781783,6.0,47,50,3,0,47,50,26139,0,0,0,0,0
2020-07-27,US,Minnesota,Morrison,79,1,0,46.01265363,-94.27341528,27097.0,236.62613071347272,1.2658227848101269,78,75,1,0,74,74,33169,4,0,0,4,1
2020-07-27,US,Minnesota,Mower,1052,2,0,43.67142874,-92.75234549,27099.0,2625.9298087963653,0.19011406844106465,1050,1038,2,0,1036,1035,40011,14,0,0,14,3
2020-07-27,US,Minnesota,Murray,118,1,0,44.02216709,-95.76328482,27101.0,1440.0781059311691,0.8474576271186439,117,118,1,0,117,115,8276,0,0,0,0,3
2020-07-27,US,Minnesota,Nicollet,270,13,0,44.35291112,-94.24710352,27103.0,787.7691544611075,4.814814814814816,257,266,13,0,253,262,34220,4,0,0,4,4
2020-07-27,US,Minnesota,Nobles,1728,6,0,43.67434621,-95.75329576,27105.0,7989.273660363401,0.3472222222222222,1722,1727,6,0,1721,1725,21924,1,0,0,1,2
2020-07-27,US,Minnesota,Norman,29,0,0,47.32628443,-96.45620947,27107.0,454.90196078431364,0.0,29,29,0,0,29,30,6475,0,0,0,0,-1
2020-07-27,US,Minnesota,Olmsted,1525,21,0,44.00374114,-92.40209944,27109.0,963.403309053464,1.3770491803278688,1504,1515,21,0,1494,1497,156277,10,0,0,10,18
2020-07-27,US,Minnesota,Otter Tail,149,2,0,46.40846929,-95.70835255,27111.0,253.63428999421242,1.342281879194631,147,148,2,0,146,146,58812,1,0,0,1,2
2020-07-27,US,Minnesota,Pennington,63,1,0,48.06642577,-96.0370814,27113.0,446.20723847297967,1.5873015873015872,62,62,1,0,61,62,14178,1,0,0,1,0
2020-07-27,US,Minnesota,Pine,122,0,0,46.12105238,-92.74070188,27115.0,412.4547821089286,0.0,122,121,0,0,121,121,29483,1,0,0,1,0
2020-07-27,US,Minnesota,Pipestone,136,8,0,44.02301619,-96.25841142,27117.0,1490.2476440937976,5.882352941176472,128,133,8,0,125,130,9047,3,0,0,3,3
2020-07-27,US,Minnesota,Polk,115,3,0,47.77372465,-96.40134647,27119.0,366.662415508226,2.608695652173913,112,110,3,0,107,108,31529,5,0,0,5,2
2020-07-27,US,Minnesota,Pope,35,0,0,45.58606667,-95.44451209,27121.0,311.1387678904792,0.0,35,34,0,0,34,31,11097,1,0,0,1,3
2020-07-27,US,Minnesota,Ramsey,6347,254,0,45.01625271,-93.09872295,27123.0,1153.326876495718,4.001890657003308,6093,6253,254,0,5999,6164,550210,94,0,0,94,89
2020-07-27,US,Minnesota,Red Lake,10,0,0,47.87197525,-96.09561104,27125.0,246.60912453760795,0.0,10,9,0,0,9,8,3999,1,0,0,1,1
2020-07-27,US,Minnesota,Redwood,30,0,0,44.40555844,-95.25207021,27127.0,197.7587343441002,0.0,30,30,0,0,30,28,15249,0,0,0,0,2
2020-07-27,US,Minnesota,Renville,53,4,0,44.72836381,-94.94553734,27129.0,364.3112455320319,7.547169811320754,49,53,4,0,49,46,14612,0,0,0,0,7
2020-07-27,US,Minnesota,Rice,953,8,0,44.3543376,-93.29658715,27131.0,1422.9827390551275,0.8394543546694648,945,947,8,0,939,944,66523,6,0,0,6,3
2020-07-27,US,Minnesota,Rock,62,0,0,43.67482683,-96.25296832,27133.0,665.5931293612454,0.0,62,60,0,0,60,60,9414,2,0,0,2,0
2020-07-27,US,Minnesota,Roseau,41,0,0,48.77501878,-95.81079919,27135.0,270.359380151665,0.0,41,41,0,0,41,34,15150,0,0,0,0,7
2020-07-27,US,Minnesota,Scott,1198,11,0,44.6490231,-93.53340251,27139.0,803.9567017642756,0.9181969949916527,1187,1176,11,0,1165,1144,147381,22,0,0,22,32
2020-07-27,US,Minnesota,Sherburne,571,5,0,45.44447208,-93.77617511,27141.0,587.2189884613011,0.8756567425569177,566,564,5,0,559,499,96036,7,0,0,7,65
2020-07-27,US,Minnesota,Sibley,74,2,0,44.5796592,-94.23164924,27143.0,497.8136562394888,2.702702702702702,72,72,2,0,70,71,15028,2,0,0,2,1
2020-07-27,US,Minnesota,St. Louis,331,17,0,47.604840700000004,-92.46879855,27137.0,166.27317024162355,5.135951661631419,314,325,17,0,308,319,199754,6,0,0,6,6
2020-07-27,US,Minnesota,Stearns,2734,19,0,45.55192576,-94.61078221,27145.0,1697.345956852398,0.6949524506217996,2715,2721,19,0,2702,2712,159256,13,0,0,13,9
2020-07-27,US,Minnesota,Steele,311,1,0,44.02240351,-93.22627088,27147.0,848.5906846025812,0.3215434083601286,310,309,1,0,308,306,36803,2,0,0,2,3
2020-07-27,US,Minnesota,Stevens,15,0,0,45.58613007,-96.00163705,27149.0,152.98317185109642,0.0,15,15,0,0,15,15,9753,0,0,0,0,0
2020-07-27,US,Minnesota,Swift,50,1,0,45.2829032,-95.68264092,27151.0,539.6071659831642,2.0,49,50,1,0,49,48,9345,0,0,0,0,2
2020-07-27,US,Minnesota,Todd,411,2,0,46.06996226,-94.89785296,27153.0,1666.3963671748295,0.4866180048661801,409,408,2,0,406,407,24582,3,0,0,3,1
2020-07-27,US,Minnesota,Traverse,9,0,0,45.77298854,-96.47062949,27155.0,276.15833077631174,0.0,9,9,0,0,9,9,3308,0,0,0,0,0
2020-07-27,US,Minnesota,Unassigned,180,40,0,0.0,0.0,90027.0,0.0,22.222222222222218,140,167,40,0,127,166,,13,0,0,13,1
2020-07-27,US,Minnesota,Wabasha,66,0,0,44.28424356,-92.23121312,27157.0,305.1740879456235,0.0,66,65,0,0,65,65,21645,1,0,0,1,0
2020-07-27,US,Minnesota,Wadena,20,0,0,46.58589171,-94.96968506,27159.0,146.177459435755,0.0,20,20,0,0,20,20,13773,0,0,0,0,0
2020-07-27,US,Minnesota,Waseca,115,0,0,44.02211116,-93.58720034,27161.0,617.8809370298733,0.0,115,113,0,0,113,111,18691,2,0,0,2,2
2020-07-27,US,Minnesota,Washington,1700,41,0,45.03864533,-92.88429635,27163.0,647.7671086724582,2.411764705882353,1659,1672,41,0,1631,1631,259201,28,0,0,28,41
2020-07-27,US,Minnesota,Watonwan,292,0,0,43.97823903,-94.61413846,27165.0,2679.636597228595,0.0,292,291,0,0,291,288,10980,1,0,0,1,3
2020-07-27,US,Minnesota,Wilkin,24,3,0,46.35721532,-96.4684375,27167.0,386.6602223296279,12.5,21,24,3,0,21,23,6254,0,0,0,0,1
2020-07-27,US,Minnesota,Winona,221,16,0,43.98772283,-91.78081305,27169.0,437.7624593930751,7.239819004524888,205,217,16,0,201,207,50825,4,0,0,4,10
2020-07-27,US,Minnesota,Wright,722,5,0,45.17297924,-93.96234781,27171.0,521.7630097487298,0.6925207756232687,717,705,5,0,700,692,136349,17,0,0,17,13
2020-07-27,US,Minnesota,Yellow Medicine,42,0,0,44.71710183,-95.86842453,27173.0,432.5883201153569,0.0,42,41,0,0,41,40,9795,1,0,0,1,1
2020-07-27,US,Mississippi,Adams,518,23,0,31.47669768,-91.35326037,28001.0,1687.681230247939,4.440154440154441,495,511,22,0,489,490,31192,7,1,0,6,21
2020-07-27,US,Mississippi,Alcorn,278,3,0,34.88084463,-88.57996173,28003.0,752.3069845479394,1.0791366906474822,275,274,3,0,271,267,36925,4,0,0,4,7
2020-07-27,US,Mississippi,Amite,179,4,0,31.17467303,-90.80501621,28005.0,1455.6395868911115,2.23463687150838,175,179,4,0,175,172,12326,0,0,0,0,7
2020-07-27,US,Mississippi,Attala,459,23,0,33.08658803,-89.57838564,28007.0,2525.586001980852,5.010893246187363,436,457,23,0,434,456,18365,2,0,0,2,1
2020-07-27,US,Mississippi,Benton,91,0,0,34.81681228,-89.18945516,28009.0,1101.8283085119265,0.0,91,88,0,0,88,88,8271,3,0,0,3,0
2020-07-27,US,Mississippi,Bolivar,766,25,0,33.79696941,-90.87372121,28011.0,2500.979495886117,3.2637075718015667,741,758,25,0,733,741,31333,8,0,0,8,17
2020-07-27,US,Mississippi,Calhoun,342,8,0,33.93683395,-89.33686647,28013.0,2381.449759766033,2.3391812865497075,334,339,8,0,331,335,14436,3,0,0,3,4
2020-07-27,US,Mississippi,Carroll,232,11,0,33.44834567,-89.91994479,28015.0,2332.361516034985,4.741379310344827,221,231,11,0,220,231,9911,1,0,0,1,0
2020-07-27,US,Mississippi,Chickasaw,391,19,0,33.91983202,-88.9481545,28017.0,2286.1486288955152,4.859335038363171,372,390,19,0,371,385,17171,1,0,0,1,5
2020-07-27,US,Mississippi,Choctaw,106,4,0,33.34598242,-89.24809382,28019.0,1291.1084043848966,3.7735849056603774,102,105,4,0,101,105,8278,1,0,0,1,0
2020-07-27,US,Mississippi,Claiborne,385,12,0,31.97061673,-90.90702196,28021.0,4283.489096573208,3.116883116883117,373,379,12,0,367,373,9002,6,0,0,6,6
2020-07-27,US,Mississippi,Clarke,278,25,0,32.04158545,-88.68896219999998,28023.0,1788.8166784634193,8.992805755395683,253,277,25,0,252,275,15604,1,0,0,1,2
2020-07-27,US,Mississippi,Clay,345,13,0,33.65358105,-88.77784255,28025.0,1786.084075377925,3.768115942028986,332,340,13,0,327,335,19386,5,0,0,5,5
2020-07-27,US,Mississippi,Coahoma,547,7,0,34.22772299,-90.60415045,28027.0,2472.4281323449645,1.279707495429616,540,535,7,0,528,508,22628,12,0,0,12,27
2020-07-27,US,Mississippi,Copiah,835,21,0,31.86977774,-90.44565118,28029.0,2975.2360591484053,2.51497005988024,814,829,21,0,808,810,28543,6,0,0,6,19
2020-07-27,US,Mississippi,Covington,540,8,0,31.63225413,-89.55389939,28031.0,2897.6175144880876,1.4814814814814814,532,531,8,0,523,523,18853,9,0,0,9,8
2020-07-27,US,Mississippi,DeSoto,2668,21,0,34.87625235,-89.99091418,28033.0,1442.5910405796315,0.7871064467766117,2647,2668,21,0,2647,2668,182001,0,0,0,0,0
2020-07-27,US,Mississippi,Forrest,1428,46,0,31.18961454,-89.25832496,28035.0,1906.6184226337507,3.2212885154061626,1382,1405,46,0,1359,1373,75036,23,0,0,23,32
2020-07-27,US,Mississippi,Franklin,88,2,0,31.47786634,-90.89672989,28037.0,1140.9308958900558,2.272727272727273,86,85,2,0,83,83,7788,3,0,0,3,2
2020-07-27,US,Mississippi,George,247,5,0,30.86259065,-88.64436789,28039.0,1008.1632653061224,2.0242914979757085,242,243,5,0,238,233,24250,4,0,0,4,10
2020-07-27,US,Mississippi,Greene,200,10,0,31.21444233,-88.63922281,28041.0,1472.103636095981,5.0,190,192,10,0,182,187,13586,8,0,0,8,5
2020-07-27,US,Mississippi,Grenada,770,17,0,33.77036166,-89.80245083,28043.0,3709.413238269583,2.207792207792208,753,766,17,0,749,760,21055,4,0,0,4,6
2020-07-27,US,Mississippi,Hancock,277,14,0,30.41830223,-89.48851033,28045.0,581.54182062479,5.054151624548736,263,269,14,0,255,247,47334,8,0,0,8,22
2020-07-27,US,Mississippi,Harrison,1824,26,0,30.51359752,-89.12467576,28047.0,876.5859284890428,1.4254385964912282,1798,1810,26,0,1784,1774,206650,14,0,0,14,36
2020-07-27,US,Mississippi,Hinds,4624,82,0,32.2656285,-90.44435448,28049.0,1994.4789510006894,1.773356401384083,4542,4553,82,0,4471,4413,237085,71,0,0,71,140
2020-07-27,US,Mississippi,Holmes,772,45,0,33.12345854,-90.08923538,28051.0,4538.506760728983,5.829015544041451,727,760,45,0,715,737,17622,12,0,0,12,23
2020-07-27,US,Mississippi,Humphreys,248,10,0,33.12825718,-90.52252707,28053.0,3075.396825396825,4.032258064516129,238,245,10,0,235,241,8257,3,0,0,3,4
2020-07-27,US,Mississippi,Issaquena,18,1,0,32.72531359,-90.97392828,28055.0,1356.443104747551,5.5555555555555545,17,18,1,0,17,18,1308,0,0,0,0,0
2020-07-27,US,Mississippi,Itawamba,257,9,0,34.27993475,-88.3606733,28057.0,1098.7601539119282,3.5019455252918283,248,254,9,0,245,243,23517,3,0,0,3,11
2020-07-27,US,Mississippi,Jackson,1596,27,0,30.54020656,-88.64184064,28059.0,1111.2890535243043,1.6917293233082706,1569,1582,27,0,1555,1552,143277,14,0,0,14,30
2020-07-27,US,Mississippi,Jasper,341,6,0,32.01922104,-89.11786866,28061.0,2081.4258682780933,1.7595307917888563,335,336,6,0,330,329,16428,5,0,0,5,7
2020-07-27,US,Mississippi,Jefferson,166,4,0,31.73397872,-91.03764977,28063.0,2374.8211731044353,2.409638554216868,162,163,4,0,159,158,7106,3,0,0,3,5
2020-07-27,US,Mississippi,Jefferson Davis,177,5,0,31.56884708,-89.82670990000004,28065.0,1590.5823148813806,2.824858757062147,172,174,5,0,169,170,11234,3,0,0,3,4
2020-07-27,US,Mississippi,Jones,1591,56,0,31.62257767,-89.16896899999998,28067.0,2336.3388058386445,3.5197988686360784,1535,1563,56,0,1507,1522,68461,28,0,0,28,41
2020-07-27,US,Mississippi,Kemper,209,15,0,32.75462946,-88.64105766,28069.0,2145.3500307944987,7.177033492822965,194,209,15,0,194,207,10027,0,0,0,0,2
2020-07-27,US,Mississippi,Lafayette,739,4,0,34.35687874,-89.48490961,28071.0,1368.0371721061106,0.5412719891745602,735,723,4,0,719,700,54793,16,0,0,16,23
2020-07-27,US,Mississippi,Lamar,972,11,0,31.20572971,-89.5077704,28073.0,1534.502628546169,1.131687242798354,961,954,11,0,943,923,62447,18,0,0,18,31
2020-07-27,US,Mississippi,Lauderdale,1222,84,0,32.40419769,-88.66229662,28075.0,1648.566610455312,6.873977086743044,1138,1218,84,0,1134,1199,75317,4,0,0,4,19
2020-07-27,US,Mississippi,Lawrence,273,3,0,31.55147224,-90.10841127,28077.0,2169.076751946607,1.0989010989010992,270,271,3,0,268,269,12455,2,0,0,2,2
2020-07-27,US,Mississippi,Leake,725,24,0,32.7536828,-89.52402044,28079.0,3181.7782849117875,3.310344827586207,701,724,24,0,700,723,22763,1,0,0,1,1
2020-07-27,US,Mississippi,Lee,1020,26,0,34.291877500000005,-88.68149954,28081.0,1193.876117795777,2.5490196078431366,994,1002,26,0,976,968,85202,18,0,0,18,34
2020-07-27,US,Mississippi,Leflore,736,57,0,33.55545125,-90.29900733,28083.0,2611.503388567576,7.744565217391305,679,735,57,0,678,719,28919,1,0,0,1,16
2020-07-27,US,Mississippi,Lincoln,681,38,0,31.53288662,-90.45391915,28085.0,1993.968319034931,5.580029368575624,643,681,38,0,643,661,34205,0,0,0,0,20
2020-07-27,US,Mississippi,Lowndes,816,22,0,33.47386518,-88.44191529999998,28087.0,1392.610290980459,2.6960784313725488,794,811,22,0,789,794,58930,5,0,0,5,17
2020-07-27,US,Mississippi,Madison,2096,50,0,32.63389156,-90.03513564,28089.0,1972.2975007527853,2.385496183206107,2046,2058,50,0,2008,2026,105630,38,0,0,38,32
2020-07-27,US,Mississippi,Marion,516,16,0,31.23132643,-89.8209217,28091.0,2099.8657062629713,3.1007751937984502,500,502,16,0,486,487,24715,14,0,0,14,15
2020-07-27,US,Mississippi,Marshall,456,5,0,34.76216286,-89.50299462,28093.0,1292.0043066810222,1.0964912280701755,451,454,5,0,449,443,35451,2,0,0,2,11
2020-07-27,US,Mississippi,Monroe,599,47,0,33.89236763,-88.4808438,28095.0,1699.1943719505277,7.846410684474122,552,592,45,0,547,572,35564,7,2,0,5,20
2020-07-27,US,Mississippi,Montgomery,250,3,0,33.49419589,-89.61729103,28097.0,2557.544757033248,1.2,247,250,3,0,247,249,10023,0,0,0,0,1
2020-07-27,US,Mississippi,Neshoba,1149,82,0,32.75339664,-89.11726492,28099.0,3946.012775602721,7.136640557006094,1067,1148,82,0,1066,1143,29125,1,0,0,1,5
2020-07-27,US,Mississippi,Newton,475,10,0,32.40021118,-89.11843336,28101.0,2259.9676467789513,2.1052631578947367,465,472,10,0,462,467,21443,3,0,0,3,5
2020-07-27,US,Mississippi,Noxubee,370,10,0,33.11009499,-88.56949061,28103.0,3551.886339637132,2.702702702702702,360,365,10,0,355,361,10535,5,0,0,5,4
2020-07-27,US,Mississippi,Oktibbeha,981,31,0,33.42491685,-88.87905132,28105.0,1978.3410974650608,3.1600407747196737,950,893,31,0,862,800,49599,88,0,0,88,93
2020-07-27,US,Mississippi,Panola,747,9,0,34.36398677,-89.95064249,28107.0,2184.7215722976134,1.2048192771084338,738,732,9,0,723,711,34178,15,0,0,15,21
2020-07-27,US,Mississippi,Pearl River,431,34,0,30.77090935,-89.58677275,28109.0,776.0871522463311,7.888631090487238,397,427,34,0,393,419,55387,4,0,0,4,8
2020-07-27,US,Mississippi,Perry,179,7,0,31.17161885,-88.99281835,28111.0,1495.0304852584982,3.910614525139665,172,175,6,0,169,164,11931,4,1,0,3,11
2020-07-27,US,Mississippi,Pike,730,28,0,31.17507789,-90.40392572,28113.0,1858.073712074933,3.8356164383561633,702,720,29,0,691,703,39563,10,-1,0,11,17
2020-07-27,US,Mississippi,Pontotoc,617,6,0,34.226046000000004,-89.03636807,28115.0,1917.6975197364327,0.9724473257698542,611,607,6,0,601,595,31833,10,0,0,10,12
2020-07-27,US,Mississippi,Prentiss,255,6,0,34.61810501,-88.51986294,28117.0,1014.8849797023004,2.3529411764705883,249,251,6,0,245,245,25315,4,0,0,4,6
2020-07-27,US,Mississippi,Quitman,172,1,0,34.25157572,-90.28908,28119.0,2532.3910482921083,0.5813953488372093,171,168,1,0,167,159,7051,4,0,0,4,9
2020-07-27,US,Mississippi,Rankin,1856,23,0,32.26469147,-89.94537876,28121.0,1195.3294562410238,1.2392241379310345,1833,1830,23,0,1807,1763,153902,26,0,0,26,67
2020-07-27,US,Mississippi,Scott,932,16,0,32.406704100000006,-89.53789439,28123.0,3313.895605177073,1.7167381974248928,916,930,16,0,914,926,28287,2,0,0,2,4
2020-07-27,US,Mississippi,Sharkey,103,1,0,32.88149103,-90.8159538,28125.0,2383.7074751215,0.9708737864077671,102,103,1,0,102,102,4377,0,0,0,0,1
2020-07-27,US,Mississippi,Simpson,626,13,0,31.91282117,-89.91716179,28127.0,2348.2631855352993,2.07667731629393,613,623,13,0,610,613,26758,3,0,0,3,10
2020-07-27,US,Mississippi,Smith,350,12,0,32.01744532,-89.50644846,28129.0,2199.044986177432,3.4285714285714284,338,349,12,0,337,347,16002,1,0,0,1,2
2020-07-27,US,Mississippi,Stone,129,2,0,30.79187949,-89.11547539,28131.0,703.5340314136125,1.5503875968992251,127,128,2,0,126,121,18717,1,0,0,1,7
2020-07-27,US,Mississippi,Sunflower,797,14,0,33.60192578,-90.58882684,28133.0,3174.0342493030657,1.7565872020075282,783,790,14,0,776,771,25735,7,0,0,7,19
2020-07-27,US,Mississippi,Tallahatchie,349,6,0,33.95339918,-90.1729398,28135.0,2527.33724382649,1.7191977077363896,343,349,6,0,343,344,13987,0,0,0,0,5
2020-07-27,US,Mississippi,Tate,565,19,0,34.65133709,-89.94485778,28137.0,1994.9860527523745,3.3628318584070795,546,565,19,0,546,550,28759,0,0,0,0,15
2020-07-27,US,Mississippi,Tippah,240,11,0,34.76872156,-88.90988194,28139.0,1090.1657960481489,4.583333333333333,229,236,11,0,225,232,21995,4,0,0,4,4
2020-07-27,US,Mississippi,Tishomingo,230,3,0,34.74023475,-88.23917219,28141.0,1186.6068204096373,1.3043478260869563,227,226,3,0,223,219,19454,4,0,0,4,7
2020-07-27,US,Mississippi,Tunica,184,4,0,34.64967704,-90.37481167,28143.0,1910.2990033222586,2.1739130434782608,180,182,4,0,178,180,9944,2,0,0,2,2
2020-07-27,US,Mississippi,Union,410,13,0,34.49162015,-89.00776006,28145.0,1422.8700329689398,3.1707317073170733,397,408,12,0,396,402,28606,2,1,0,1,6
2020-07-27,US,Mississippi,Walthall,397,15,0,31.14971548,-90.10446654,28147.0,2778.944421111578,3.778337531486146,382,396,15,0,381,386,14465,1,0,0,1,10
2020-07-27,US,Mississippi,Warren,856,24,0,32.35810271,-90.83352619,28149.0,1886.2519556642649,2.803738317757009,832,853,24,0,829,842,46176,3,0,0,3,11
2020-07-27,US,Mississippi,Washington,1283,24,0,33.28392041,-90.94196237,28151.0,2921.9522193627727,1.870615744349181,1259,1285,24,0,1261,1261,45063,-2,0,0,-2,24
2020-07-27,US,Mississippi,Wayne,693,21,0,31.64135687,-88.69573913,28153.0,3433.5827181291193,3.0303030303030303,672,689,21,0,668,669,20298,4,0,0,4,20
2020-07-27,US,Mississippi,Webster,171,11,0,33.61300486,-89.28392912,28155.0,1764.8880173392504,6.432748538011697,160,166,11,0,155,161,9788,5,0,0,5,5
2020-07-27,US,Mississippi,Wilkinson,154,12,0,31.16078225,-91.31018819,28157.0,1784.4727694090384,7.792207792207793,142,151,12,0,139,145,8792,3,0,0,3,6
2020-07-27,US,Mississippi,Winston,483,14,0,33.08747908,-89.03391385,28159.0,2690.058479532164,2.898550724637681,469,479,14,0,465,475,18165,4,0,0,4,4
2020-07-27,US,Mississippi,Yalobusha,279,10,0,34.02824175,-89.70762049999998,28161.0,2304.2616451932613,3.584229390681004,269,276,9,0,267,275,12392,3,1,0,2,1
2020-07-27,US,Mississippi,Yazoo,694,9,0,32.77890365,-90.39656148,28163.0,2337.487369484675,1.2968299711815563,685,689,9,0,680,688,28248,5,0,0,5,1
2020-07-27,US,Missouri,Adair,121,0,0,40.19058551,-92.60078167,29001.0,477.4493943100658,0.0,121,119,0,0,119,118,25339,2,0,0,2,1
2020-07-27,US,Missouri,Andrew,75,1,0,39.98492163,-94.80163024,29003.0,423.4417344173442,1.3333333333333333,74,74,1,0,73,73,17607,1,0,0,1,1
2020-07-27,US,Missouri,Atchison,13,0,0,40.43238737,-95.42970639,29005.0,252.77075636787868,0.0,13,13,0,0,13,13,5171,0,0,0,0,0
2020-07-27,US,Missouri,Audrain,180,1,0,39.215877,-91.84242683,29007.0,708.9963762407435,0.5555555555555556,179,182,1,0,181,181,25473,-2,0,0,-2,1
2020-07-27,US,Missouri,Barry,194,0,0,36.70978521,-93.82919888,29009.0,542.0659979323256,0.0,194,188,0,0,188,187,35886,6,0,0,6,1
2020-07-27,US,Missouri,Barton,55,0,0,37.50207671,-94.34757022,29011.0,467.92581248936517,0.0,55,53,0,0,53,52,11798,2,0,0,2,1
2020-07-27,US,Missouri,Bates,32,1,0,38.25271289,-94.34113157,29013.0,197.87286668315608,3.125,31,29,1,0,28,29,16320,3,0,0,3,0
2020-07-27,US,Missouri,Benton,57,1,0,38.29503305,-93.28756116,29015.0,293.1646350871779,1.7543859649122806,56,51,0,0,51,51,19278,6,1,0,5,0
2020-07-27,US,Missouri,Bollinger,50,0,0,37.32449052,-90.02725304,29017.0,412.0992334954257,0.0,50,50,0,0,50,49,12169,0,0,0,0,1
2020-07-27,US,Missouri,Boone,956,3,0,38.99186229,-92.30723575,29019.0,529.7484802979004,0.3138075313807531,953,928,3,0,925,893,180005,28,0,0,28,35
2020-07-27,US,Missouri,Buchanan,1018,10,0,39.65816401,-94.80138942,29021.0,1165.2396868275262,0.9823182711198428,1008,1017,10,0,1007,1015,88571,1,0,0,1,2
2020-07-27,US,Missouri,Butler,201,2,0,36.71462476,-90.40421163,29023.0,473.18611987381706,0.9950248756218906,199,192,2,0,190,189,42639,9,0,0,9,3
2020-07-27,US,Missouri,Caldwell,28,1,0,39.65620858,-93.98308093,29025.0,310.42128603104214,3.571428571428572,27,27,1,0,26,27,9108,1,0,0,1,0
2020-07-27,US,Missouri,Callaway,95,1,0,38.83674754,-91.92186505,29027.0,212.3237154415216,1.0526315789473684,94,94,1,0,93,90,44889,1,0,0,1,4
2020-07-27,US,Missouri,Camden,216,3,0,38.02199522,-92.76083747,29029.0,466.47230320699714,1.3888888888888888,213,203,3,0,200,187,45815,13,0,0,13,16
2020-07-27,US,Missouri,Cape Girardeau,540,3,0,37.38489388,-89.6843587,29031.0,684.6622966616374,0.5555555555555556,537,521,3,0,518,520,78753,19,0,0,19,1
2020-07-27,US,Missouri,Carroll,74,0,0,39.42762566,-93.50626255,29033.0,852.6327917962898,0.0,74,71,0,0,71,69,8743,3,0,0,3,2
2020-07-27,US,Missouri,Carter,10,1,0,36.94160441,-90.96051322,29035.0,167.16817118020728,10.0,9,10,1,0,9,10,6054,0,0,0,0,0
2020-07-27,US,Missouri,Cass,472,8,0,38.64789422,-94.353399,29037.0,446.20911325392325,1.6949152542372878,464,440,8,0,432,429,104954,32,0,0,32,11
2020-07-27,US,Missouri,Cedar,31,0,0,37.72391475,-93.85445441,29039.0,216.04292982089345,0.0,31,31,0,0,31,31,14165,0,0,0,0,0
2020-07-27,US,Missouri,Chariton,14,0,0,39.51499357,-92.9629191,29041.0,188.52679773767846,0.0,14,13,0,0,13,13,7451,1,0,0,1,0
2020-07-27,US,Missouri,Christian,188,1,0,36.9711783,-93.18537118,29043.0,212.2015915119364,0.5319148936170213,187,172,1,0,171,168,86983,16,0,0,16,4
2020-07-27,US,Missouri,Clark,2,0,0,40.41040752,-91.73661677,29045.0,29.424746211563924,0.0,2,2,0,0,2,2,6842,0,0,0,0,0
2020-07-27,US,Missouri,Clay,744,19,0,39.31132056,-94.41850862,29047.0,297.66191367804504,2.553763440860215,725,717,19,0,698,705,246365,27,0,0,27,12
2020-07-27,US,Missouri,Clinton,53,0,0,39.6013098,-94.40465394,29049.0,259.9695884632364,0.0,53,53,0,0,53,53,20470,0,0,0,0,0
2020-07-27,US,Missouri,Cole,229,2,0,38.50455671,-92.27860244,29051.0,298.39077464329915,0.8733624454148472,227,226,2,0,224,211,76796,3,0,0,3,15
2020-07-27,US,Missouri,Cooper,57,0,0,38.844478,-92.80896081,29053.0,321.87023547348804,0.0,57,50,0,0,50,43,17603,7,0,0,7,7
2020-07-27,US,Missouri,Crawford,35,0,0,37.97663738,-91.30528104,29055.0,146.3210702341137,0.0,35,34,0,0,34,33,23957,1,0,0,1,1
2020-07-27,US,Missouri,Dade,10,0,0,37.431814,-93.8503345,29057.0,132.2576378785875,0.0,10,10,0,0,10,10,7569,0,0,0,0,0
2020-07-27,US,Missouri,Dallas,40,1,0,37.6811355,-93.02127031,29059.0,236.9949046095509,2.5,39,41,1,0,40,40,16762,-1,0,0,-1,1
2020-07-27,US,Missouri,Daviess,18,0,0,39.96145298,-93.98519678,29061.0,217.4438270113554,0.0,18,17,0,0,17,17,8313,1,0,0,1,0
2020-07-27,US,Missouri,DeKalb,28,1,0,39.89201062,-94.40476508,29063.0,223.1609149597513,3.571428571428572,27,27,1,0,26,27,12630,1,0,0,1,0
2020-07-27,US,Missouri,Dent,9,0,0,37.60663134,-91.50790473,29065.0,57.792332883837396,0.0,9,9,0,0,9,9,15441,0,0,0,0,0
2020-07-27,US,Missouri,Douglas,47,1,0,36.9325593,-92.49905109,29067.0,356.4656806977626,2.127659574468085,46,46,1,0,45,43,13373,1,0,0,1,3
2020-07-27,US,Missouri,Dunklin,205,3,0,36.27167174,-90.09122243,29069.0,703.7176890597646,1.4634146341463414,202,194,3,0,191,194,29423,11,0,0,11,0
2020-07-27,US,Missouri,Franklin,451,18,0,38.41127108,-91.07522826,29071.0,433.79149153096665,3.991130820399113,433,447,18,0,429,443,103670,4,0,0,4,4
2020-07-27,US,Missouri,Gasconade,13,0,0,38.43947277,-91.50847147,29073.0,88.39929280565754,0.0,13,13,0,0,13,13,14705,0,0,0,0,0
2020-07-27,US,Missouri,Gentry,76,9,0,40.21097916,-94.40944419,29075.0,1156.5971693806118,11.842105263157894,67,74,9,0,65,73,6628,2,0,0,2,1
2020-07-27,US,Missouri,Greene,914,9,0,37.2575872,-93.34230916,29077.0,311.85385859440566,0.9846827133479212,905,859,9,0,850,830,291923,55,0,0,55,29
2020-07-27,US,Missouri,Grundy,24,1,0,40.11406587,-93.56509276,29079.0,243.65482233502541,4.166666666666667,23,24,1,0,23,24,9914,0,0,0,0,0
2020-07-27,US,Missouri,Harrison,44,1,0,40.35570088,-93.99222144,29081.0,526.8199233716475,2.272727272727273,43,44,1,0,43,44,8414,0,0,0,0,0
2020-07-27,US,Missouri,Henry,54,3,0,38.38482826,-93.79293734,29083.0,247.43401759530792,5.5555555555555545,51,50,3,0,47,49,21792,4,0,0,4,1
2020-07-27,US,Missouri,Hickory,8,0,0,37.94163617,-93.3203037,29085.0,83.82229673093043,0.0,8,8,0,0,8,8,9509,0,0,0,0,0
2020-07-27,US,Missouri,Holt,2,0,0,40.09799248,-95.2163888,29087.0,45.42357483533954,0.0,2,2,0,0,2,2,4404,0,0,0,0,0
2020-07-27,US,Missouri,Howard,39,0,0,39.1435761,-92.69756691,29089.0,389.96100389961,0.0,39,37,0,0,37,37,10137,2,0,0,2,0
2020-07-27,US,Missouri,Howell,108,0,0,36.77383887,-91.88683935,29091.0,269.2125532816512,0.0,108,98,0,0,98,98,40076,10,0,0,10,0
2020-07-27,US,Missouri,Iron,9,0,0,37.55487945,-90.7735296,29093.0,88.88888888888891,0.0,9,9,0,0,9,8,10177,0,0,0,0,1
2020-07-27,US,Missouri,Jackson,2591,56,0,39.01002188,-94.34724536,29095.0,368.55753323916696,2.161327672713238,2535,2507,55,0,2452,2433,700307,84,1,0,83,74
2020-07-27,US,Missouri,Jasper,1531,23,0,37.20351921,-94.34050458,29097.0,1261.8686535671898,1.502286087524494,1508,1509,23,0,1486,1487,120636,22,0,0,22,22
2020-07-27,US,Missouri,Jefferson,1021,24,0,38.25926778,-90.53870896,29099.0,453.61447656621397,2.3506366307541624,997,954,24,0,930,929,224347,67,0,0,67,25
2020-07-27,US,Missouri,Johnson,417,1,0,38.74719601,-93.80691168,29101.0,771.3366135178128,0.23980815347721826,416,417,1,0,416,416,53652,0,0,0,0,1
2020-07-27,US,Missouri,Kansas City,4949,46,0,39.0997,-94.5786,0.0,1012.1834242437258,0.929480703172358,4903,4785,45,0,4740,4718,491918,164,1,0,163,67
2020-07-27,US,Missouri,Knox,5,0,0,40.12699751,-92.14780832,29103.0,126.2945188178833,0.0,5,4,0,0,4,4,3947,1,0,0,1,0
2020-07-27,US,Missouri,Laclede,173,1,0,37.65896829,-92.5888493,29105.0,484.2818352322033,0.5780346820809249,172,171,1,0,170,170,35713,2,0,0,2,1
2020-07-27,US,Missouri,Lafayette,131,2,0,39.06986886,-93.78076396,29107.0,400.51363580775353,1.5267175572519085,129,125,2,0,123,125,32598,6,0,0,6,0
2020-07-27,US,Missouri,Lawrence,142,2,0,37.10626634,-93.83293097,29109.0,370.2255247034285,1.4084507042253518,140,136,2,0,134,134,38359,6,0,0,6,2
2020-07-27,US,Missouri,Lewis,25,1,0,40.09673161,-91.72070156,29111.0,255.7283142389525,4.0,24,21,1,0,20,20,9855,4,0,0,4,1
2020-07-27,US,Missouri,Lincoln,228,1,0,39.05345619,-90.95588181,29113.0,386.355548777388,0.43859649122807015,227,221,1,0,220,212,57686,7,0,0,7,9
2020-07-27,US,Missouri,Linn,28,1,0,39.87001769,-93.10704106,29115.0,234.8993288590604,3.571428571428572,27,28,1,0,27,28,12037,0,0,0,0,0
2020-07-27,US,Missouri,Livingston,39,0,0,39.78110272,-93.54645978,29117.0,256.12399028042296,0.0,39,37,0,0,37,37,15146,2,0,0,2,0
2020-07-27,US,Missouri,Macon,41,0,0,39.83049768,-92.56453089,29121.0,271.2178342263676,0.0,41,39,0,0,39,38,15153,2,0,0,2,1
2020-07-27,US,Missouri,Madison,16,0,0,37.47865134,-90.3467143,29123.0,132.36267372600926,0.0,16,15,0,0,15,15,12188,1,0,0,1,0
2020-07-27,US,Missouri,Maries,11,0,0,38.16193985,-91.92249662,29125.0,126.4803955386915,0.0,11,10,0,0,10,10,8769,1,0,0,1,0
2020-07-27,US,Missouri,Marion,92,1,0,39.80601912,-91.62203062,29127.0,322.46757798808267,1.0869565217391304,91,85,1,0,84,82,28592,7,0,0,7,3
2020-07-27,US,Missouri,McDonald,888,7,0,36.62869595,-94.34867205,29119.0,3888.426676008232,0.7882882882882883,881,882,7,0,875,881,23078,6,0,0,6,1
2020-07-27,US,Missouri,Mercer,8,0,0,40.42212303,-93.5682959,29129.0,221.1777716339508,0.0,8,8,0,0,8,8,3641,0,0,0,0,0
2020-07-27,US,Missouri,Miller,67,0,0,38.21450288,-92.42610898,29131.0,261.52464967407,0.0,67,62,0,0,62,60,25336,5,0,0,5,2
2020-07-27,US,Missouri,Mississippi,122,0,0,36.82516239,-89.29505753,29133.0,925.6449165402124,0.0,122,122,0,0,122,121,13336,0,0,0,0,1
2020-07-27,US,Missouri,Moniteau,94,2,0,38.63571781,-92.57976951,29135.0,582.6927845276471,2.127659574468085,92,93,2,0,91,87,16121,1,0,0,1,6
2020-07-27,US,Missouri,Monroe,9,0,0,39.49593978,-92.00043978,29137.0,104.11846367422493,0.0,9,9,0,0,9,9,8664,0,0,0,0,0
2020-07-27,US,Missouri,Montgomery,29,0,0,38.94022054,-91.47000721,29139.0,251.06051424119124,0.0,29,27,0,0,27,27,11534,2,0,0,2,0
2020-07-27,US,Missouri,Morgan,46,0,0,38.4181765,-92.88791859,29141.0,223.00867794638097,0.0,46,45,0,0,45,42,20358,1,0,0,1,3
2020-07-27,US,Missouri,New Madrid,134,1,0,36.59666326,-89.66070007,29143.0,784.7271023658935,0.746268656716418,133,131,1,0,130,127,17296,3,0,0,3,4
2020-07-27,US,Missouri,Newton,753,3,0,36.90519407,-94.3394104,29145.0,1293.0146301256955,0.398406374501992,750,736,3,0,733,730,58266,17,0,0,17,6
2020-07-27,US,Missouri,Nodaway,96,0,0,40.36079813,-94.88133008,29147.0,434.5464421510048,0.0,96,90,0,0,90,72,22304,6,0,0,6,18
2020-07-27,US,Missouri,Oregon,12,0,0,36.68710164,-91.4033755,29149.0,113.9709374109602,0.0,12,12,0,0,12,12,10541,0,0,0,0,0
2020-07-27,US,Missouri,Osage,32,0,0,38.46036182,-91.8613635,29151.0,235.03488799118614,0.0,32,32,0,0,32,29,13714,0,0,0,0,3
2020-07-27,US,Missouri,Ozark,4,0,0,36.64916339,-92.44459066,29153.0,43.60148245040332,0.0,4,4,0,0,4,4,9017,0,0,0,0,0
2020-07-27,US,Missouri,Pemiscot,181,6,0,36.2130572,-89.78742322,29155.0,1145.2072129073078,3.3149171270718236,175,179,6,0,173,179,16272,2,0,0,2,0
2020-07-27,US,Missouri,Perry,188,3,0,37.70660776,-89.82741088,29157.0,982.4414715719064,1.5957446808510638,185,187,3,0,184,187,19150,1,0,0,1,0
2020-07-27,US,Missouri,Pettis,296,3,0,38.72798918,-93.28471706,29159.0,699.1190155648458,1.0135135135135136,293,274,3,0,271,259,42542,22,0,0,22,15
2020-07-27,US,Missouri,Phelps,59,0,0,37.87736118,-91.79351727,29161.0,132.36712808202276,0.0,59,59,0,0,59,59,44732,0,0,0,0,0
2020-07-27,US,Missouri,Pike,56,1,0,39.34310674,-91.16980779,29163.0,305.9774887990384,1.7857142857142858,55,54,1,0,53,54,18504,2,0,0,2,0
2020-07-27,US,Missouri,Platte,260,6,0,39.38154439,-94.77068479,29165.0,248.99921469478443,2.3076923076923075,254,252,6,0,246,236,102985,8,0,0,8,16
2020-07-27,US,Missouri,Polk,153,0,0,37.6162296,-93.39828174,29167.0,475.9090484929547,0.0,153,150,0,0,150,150,32201,3,0,0,3,0
2020-07-27,US,Missouri,Pulaski,172,1,0,37.82462075,-92.20783203,29169.0,326.9526869047845,0.5813953488372093,171,171,1,0,170,170,52014,1,0,0,1,1
2020-07-27,US,Missouri,Putnam,4,0,0,40.47942497,-93.02042674,29171.0,85.17887563884156,0.0,4,4,0,0,4,4,4757,0,0,0,0,0
2020-07-27,US,Missouri,Ralls,17,0,0,39.52817427,-91.51838643,29173.0,164.90445242021534,0.0,17,16,0,0,16,16,10212,1,0,0,1,0
2020-07-27,US,Missouri,Randolph,32,1,0,39.44007257,-92.4971374,29175.0,129.30337805075158,3.125,31,29,1,0,28,26,24763,3,0,0,3,3
2020-07-27,US,Missouri,Ray,58,0,0,39.3537468,-93.98905745,29177.0,251.97671387609697,0.0,58,48,0,0,48,47,22883,10,0,0,10,1
2020-07-27,US,Missouri,Reynolds,12,0,0,37.36085952,-90.97009925,29179.0,191.38755980861245,0.0,12,12,0,0,12,10,6254,0,0,0,0,2
2020-07-27,US,Missouri,Ripley,37,0,0,36.65460667,-90.85990261,29181.0,278.44671884406984,0.0,37,36,0,0,36,36,13401,1,0,0,1,0
2020-07-27,US,Missouri,Saline,371,6,0,39.13734288,-93.20259964,29195.0,1629.981108035675,1.6172506738544474,365,369,6,0,363,368,22895,2,0,0,2,1
2020-07-27,US,Missouri,Schuyler,9,0,0,40.46921489,-92.52311943,29197.0,193.13304721030042,0.0,9,9,0,0,9,9,4599,0,0,0,0,0
2020-07-27,US,Missouri,Scotland,11,1,0,40.45214695,-92.14709064,29199.0,224.3982048143615,9.090909090909092,10,11,1,0,10,11,4966,0,0,0,0,0
2020-07-27,US,Missouri,Scott,294,13,0,37.05588075,-89.56474493,29201.0,768.0250783699057,4.421768707482993,281,285,13,0,272,286,38458,9,0,0,9,-1
2020-07-27,US,Missouri,Shannon,41,0,0,37.15772072,-91.40190382,29203.0,502.0818025961303,0.0,41,40,0,0,40,40,8189,1,0,0,1,0
2020-07-27,US,Missouri,Shelby,11,0,0,39.79742518,-92.07634971,29205.0,185.49747048903882,0.0,11,10,0,0,10,9,6050,1,0,0,1,1
2020-07-27,US,Missouri,St. Charles,2764,84,0,38.77875681,-90.66662425,29183.0,687.524563332355,3.0390738060781475,2680,2663,84,0,2579,2547,399182,101,0,0,101,116
2020-07-27,US,Missouri,St. Clair,15,0,0,38.03699437,-93.77631447,29185.0,159.6254123656486,0.0,15,13,0,0,13,12,9395,2,0,0,2,1
2020-07-27,US,Missouri,St. Francois,238,2,0,37.81214171,-90.47598685,29187.0,354.0876292494235,0.8403361344537815,236,234,2,0,232,225,66692,4,0,0,4,9
2020-07-27,US,Missouri,St. Louis,11507,636,0,38.63770039999999,-90.4458375,29189.0,1157.407174576672,5.527070478838969,10871,11210,628,0,10582,10687,996945,297,8,0,289,523
2020-07-27,US,Missouri,St. Louis City,4042,165,0,38.63555736,-90.24349225,29510.0,1344.7514106249334,4.082137555665511,3877,3901,164,0,3737,3895,302838,141,1,0,140,6
2020-07-27,US,Missouri,Ste. Genevieve,40,1,0,37.89090059,-90.1949941,29186.0,223.5386162959652,2.5,39,38,1,0,37,37,17888,2,0,0,2,1
2020-07-27,US,Missouri,Stoddard,191,9,0,36.85571651,-89.9444155,29207.0,658.0534022394488,4.712041884816754,182,189,9,0,180,188,29206,2,0,0,2,1
2020-07-27,US,Missouri,Stone,59,1,0,36.75000327,-93.45256475,29209.0,184.65197796695045,1.6949152542372878,58,58,1,0,57,58,31749,1,0,0,1,0
2020-07-27,US,Missouri,Sullivan,124,0,0,40.2099105,-93.11150106,29211.0,2036.459188700936,0.0,124,124,0,0,124,124,6221,0,0,0,0,0
2020-07-27,US,Missouri,Taney,267,3,0,36.65465345,-93.04075153,29213.0,477.39951366042055,1.1235955056179776,264,249,3,0,246,237,55852,18,0,0,18,12
2020-07-27,US,Missouri,Texas,21,0,0,37.31728859,-91.96564727,29215.0,82.68367587999055,0.0,21,21,0,0,21,21,25571,0,0,0,0,0
2020-07-27,US,Missouri,Vernon,46,0,0,37.8457799,-94.34127305,29217.0,223.70276710596698,0.0,46,45,0,0,45,44,20528,1,0,0,1,1
2020-07-27,US,Missouri,Warren,122,0,0,38.76529479,-91.16124662,29219.0,342.2255883755505,0.0,122,120,0,0,120,117,34711,2,0,0,2,3
2020-07-27,US,Missouri,Washington,46,1,0,37.96130078,-90.87948158,29221.0,186.00889607763847,2.1739130434782608,45,46,1,0,45,46,24943,0,0,0,0,0
2020-07-27,US,Missouri,Wayne,12,0,0,37.11303869,-90.46001416,29223.0,93.21836401771152,0.0,12,12,0,0,12,12,13122,0,0,0,0,0
2020-07-27,US,Missouri,Webster,101,1,0,37.2813734,-92.876329,29225.0,255.10204081632654,0.99009900990099,100,97,1,0,96,93,39109,4,0,0,4,4
2020-07-27,US,Missouri,Worth,5,0,0,40.47945588,-94.42328751,29227.0,248.38549428713364,0.0,5,5,0,0,5,5,2040,0,0,0,0,0
2020-07-27,US,Missouri,Wright,54,0,0,37.27029221,-92.46914488,29229.0,295.25944556837436,0.0,54,54,0,0,54,53,18378,0,0,0,0,1
2020-07-27,US,Montana,Beaverhead,26,0,0,45.13434354,-112.89846940000001,30001.0,275.04495927218875,0.0,26,26,0,0,26,31,9404,0,0,0,0,-5
2020-07-27,US,Montana,Big Horn,226,5,0,45.42335905,-107.492347,30003.0,1696.8240858923346,2.2123893805309733,221,217,5,0,212,217,13338,9,0,0,9,0
2020-07-27,US,Montana,Blaine,7,0,0,48.43175214,-108.9582723,30005.0,104.77473432120941,0.0,7,7,0,0,7,7,6807,0,0,0,0,0
2020-07-27,US,Montana,Broadwater,10,0,0,46.33277565,-111.49558130000001,30007.0,160.333493666827,0.0,10,10,0,0,10,9,6085,0,0,0,0,1
2020-07-27,US,Montana,Carbon,47,0,0,45.22850116,-109.0274047,30009.0,438.22843822843816,0.0,47,47,0,0,47,46,10714,0,0,0,0,1
2020-07-27,US,Montana,Cascade,115,2,0,47.30797024,-111.3467922,30013.0,141.33667625298037,1.7391304347826086,113,115,2,0,113,111,81643,0,0,0,0,4
2020-07-27,US,Montana,Chouteau,3,0,0,47.88084126,-110.4353362,30015.0,53.23868677905946,0.0,3,3,0,0,3,3,5745,0,0,0,0,0
2020-07-27,US,Montana,Custer,47,0,0,46.25319932,-105.57375259999998,30017.0,412.20838449394836,0.0,47,47,0,0,47,47,11586,0,0,0,0,0
2020-07-27,US,Montana,Daniels,1,0,0,48.78420029,-105.54763429999998,30019.0,59.1715976331361,0.0,1,1,0,0,1,1,1747,0,0,0,0,0
2020-07-27,US,Montana,Dawson,10,0,0,47.26584855,-104.89444170000002,30021.0,116.10356437942644,0.0,10,10,0,0,10,10,8680,0,0,0,0,0
2020-07-27,US,Montana,Deer Lodge,14,0,0,46.05953325,-113.073353,30023.0,153.17286652078775,0.0,14,14,0,0,14,14,9131,0,0,0,0,0
2020-07-27,US,Montana,Fallon,2,0,0,46.33478338,-104.41835649999999,30025.0,70.27406886858749,0.0,2,2,0,0,2,2,2920,0,0,0,0,0
2020-07-27,US,Montana,Fergus,4,0,0,47.26331584,-109.2245206,30027.0,36.199095022624434,0.0,4,4,0,0,4,4,11113,0,0,0,0,0
2020-07-27,US,Montana,Flathead,190,2,0,48.29575866,-114.05205690000001,30029.0,183.03373600755256,1.0526315789473684,188,190,2,0,188,174,102106,0,0,0,0,16
2020-07-27,US,Montana,Gallatin,774,1,0,45.54486106,-111.1692571,30031.0,676.3724068021742,0.12919896640826872,773,767,1,0,766,760,111876,7,0,0,7,7
2020-07-27,US,Montana,Garfield,12,0,0,47.27545948,-107.0002351,30033.0,953.8950715421304,0.0,12,12,0,0,12,12,1268,0,0,0,0,0
2020-07-27,US,Montana,Glacier,51,1,0,48.70513576,-112.9934235,30035.0,370.8281829419036,1.96078431372549,50,51,1,0,50,51,13747,0,0,0,0,0
2020-07-27,US,Montana,Golden Valley,3,0,0,46.3816474,-109.17685220000001,30037.0,365.4080389768576,0.0,3,3,0,0,3,3,826,0,0,0,0,0
2020-07-27,US,Montana,Granite,6,0,0,46.40605220000001,-113.4414186,30039.0,177.56732761171943,0.0,6,6,0,0,6,6,3378,0,0,0,0,0
2020-07-27,US,Montana,Hill,39,0,0,48.62879827,-110.1129252,30041.0,236.59305993690853,0.0,39,39,0,0,39,39,16347,0,0,0,0,0
2020-07-27,US,Montana,Jefferson,19,0,0,46.14907081,-112.094396,30043.0,155.47009246379184,0.0,19,19,0,0,19,18,12097,0,0,0,0,1
2020-07-27,US,Montana,Judith Basin,1,0,0,47.04581276,-110.26606880000001,30045.0,49.82561036372696,0.0,1,1,0,0,1,1,1952,0,0,0,0,0
2020-07-27,US,Montana,Lake,140,1,0,47.64514965,-114.0898013,30047.0,459.6493532076959,0.7142857142857143,139,139,1,0,138,136,30250,1,0,0,1,3
2020-07-27,US,Montana,Lewis and Clark,105,1,0,47.12610041,-112.39469799999999,30049.0,151.2270998963014,0.9523809523809524,104,104,1,0,103,101,68700,1,0,0,1,3
2020-07-27,US,Montana,Liberty,1,0,0,48.56084317,-111.02430700000001,30051.0,42.78990158322636,0.0,1,1,0,0,1,1,2430,0,0,0,0,0
2020-07-27,US,Montana,Lincoln,55,1,0,48.54265777,-115.4046155,30053.0,275.27527527527525,1.818181818181818,54,55,1,0,54,53,19794,0,0,0,0,2
2020-07-27,US,Montana,Madison,61,1,0,45.30080065,-111.9173017,30057.0,709.3023255813954,1.639344262295082,60,61,1,0,60,58,8768,0,0,0,0,3
2020-07-27,US,Montana,Meagher,4,0,0,46.59907074,-110.8898557,30059.0,214.8227712137487,0.0,4,4,0,0,4,4,1866,0,0,0,0,0
2020-07-27,US,Montana,Missoula,204,1,0,47.03728583,-113.92135079999998,30063.0,170.56856187290967,0.4901960784313725,203,204,1,0,203,204,118791,0,0,0,0,0
2020-07-27,US,Montana,Musselshell,1,0,0,46.49684637,-108.39498,30065.0,21.58428663932657,0.0,1,1,0,0,1,1,4651,0,0,0,0,0
2020-07-27,US,Montana,Park,40,0,0,45.48965095,-110.52643940000002,30067.0,240.87679152113685,0.0,40,40,0,0,40,40,16736,0,0,0,0,0
2020-07-27,US,Montana,Pondera,8,0,0,48.22773388,-112.22527029999999,30073.0,135.34088986635086,0.0,8,8,0,0,8,8,5972,0,0,0,0,0
2020-07-27,US,Montana,Powder River,1,0,0,45.39617714,-105.636738,30075.0,59.453032104637344,0.0,1,1,0,0,1,1,1716,0,0,0,0,0
2020-07-27,US,Montana,Ravalli,62,1,0,46.08520862,-114.11891640000002,30081.0,141.5331233164407,1.6129032258064515,61,62,1,0,61,51,43172,0,0,0,0,11
2020-07-27,US,Montana,Richland,41,0,0,47.78668011,-104.5610786,30083.0,379.5242062390077,0.0,41,41,0,0,41,41,10913,0,0,0,0,0
2020-07-27,US,Montana,Roosevelt,10,0,0,48.29607488,-105.00792679999999,30085.0,90.87604507451836,0.0,10,10,0,0,10,9,11059,0,0,0,0,1
2020-07-27,US,Montana,Rosebud,19,1,0,46.23397237,-106.72928799999998,30087.0,212.59930625489537,5.2631578947368425,18,19,1,0,18,19,9063,0,0,0,0,0
2020-07-27,US,Montana,Sanders,7,0,0,47.67657534,-115.1329916,30089.0,57.78915215058203,0.0,7,7,0,0,7,7,11844,0,0,0,0,0
2020-07-27,US,Montana,Sheridan,3,0,0,48.72085833,-104.50382900000001,30091.0,90.66183136899366,0.0,3,3,0,0,3,3,3424,0,0,0,0,0
2020-07-27,US,Montana,Silver Bow,39,0,0,45.90018933,-112.6620092,30093.0,111.69984247458113,0.0,39,39,0,0,39,35,34993,0,0,0,0,4
2020-07-27,US,Montana,Stillwater,16,0,0,45.67071407,-109.3950061,30095.0,165.94067620825555,0.0,16,16,0,0,16,16,9534,0,0,0,0,0
2020-07-27,US,Montana,Sweet Grass,4,1,0,45.81367654,-109.9425686,30097.0,107.03773080010704,25.0,3,4,1,0,3,4,3710,0,0,0,0,0
2020-07-27,US,Montana,Teton,15,0,0,47.83741052,-112.24106880000001,30099.0,244.0214738897023,0.0,15,15,0,0,15,15,6162,0,0,0,0,0
2020-07-27,US,Montana,Toole,31,6,0,48.65577551,-111.69424140000001,30101.0,654.5608108108107,19.354838709677423,25,31,6,0,25,31,4853,0,0,0,0,0
2020-07-27,US,Montana,Treasure,2,0,0,46.20973220000001,-107.26665159999999,30103.0,287.3563218390805,0.0,2,2,0,0,2,2,679,0,0,0,0,0
2020-07-27,US,Montana,Valley,8,0,0,48.36435097,-106.6669635,30105.0,108.1665765278529,0.0,8,8,0,0,8,7,7437,0,0,0,0,1
2020-07-27,US,Montana,Wheatland,2,0,0,46.46652491,-109.84646359999999,30107.0,94.07337723424273,0.0,2,2,0,0,2,2,2236,0,0,0,0,0
2020-07-27,US,Montana,Wibaux,1,0,0,46.95925154,-104.2510927,30109.0,103.19917440660471,0.0,1,1,0,0,1,1,1034,0,0,0,0,0
2020-07-27,US,Montana,Yellowstone,893,22,0,45.93955949,-108.26914860000001,30111.0,553.6267823930564,2.4636058230683093,871,872,21,0,851,843,160137,21,1,0,20,29
2020-07-27,US,Nebraska,Adams,328,11,0,40.52449420000001,-98.50117804,31001.0,1045.8183209514398,3.3536585365853657,317,326,11,0,315,324,31511,2,0,0,2,2
2020-07-27,US,Nebraska,Antelope,17,1,0,42.17695516,-98.06662829999999,31003.0,269.92696093998103,5.882352941176472,16,17,1,0,16,17,6336,0,0,0,0,0
2020-07-27,US,Nebraska,Banner,2,0,0,41.54634427,-103.7114332,31007.0,268.4563758389262,0.0,2,2,0,0,2,2,730,0,0,0,0,0
2020-07-27,US,Nebraska,Boone,7,0,0,41.70759415,-98.06737183,31011.0,134.82280431432974,0.0,7,7,0,0,7,7,5239,0,0,0,0,0
2020-07-27,US,Nebraska,Box Butte,10,0,0,42.22079243,-103.08788340000001,31013.0,92.73856997125105,0.0,10,9,0,0,9,9,10772,1,0,0,1,0
2020-07-27,US,Nebraska,Boyd,1,0,0,42.899727399999996,-98.76486568,31015.0,52.110474205315285,0.0,1,1,0,0,1,1,1955,0,0,0,0,0
2020-07-27,US,Nebraska,Buffalo,287,1,0,40.85486962,-99.07500296,31019.0,577.9415614490828,0.3484320557491289,286,280,1,0,279,273,49615,7,0,0,7,7
2020-07-27,US,Nebraska,Burt,16,0,0,41.85056773,-96.32605633,31021.0,247.71636476234715,0.0,16,17,0,0,17,17,6488,-1,0,0,-1,0
2020-07-27,US,Nebraska,Butler,54,0,0,41.22703692,-97.13106306,31023.0,673.6526946107783,0.0,54,53,0,0,53,53,8058,1,0,0,1,0
2020-07-27,US,Nebraska,Cass,141,1,0,40.90899107,-96.13971217,31025.0,537.183785431271,0.7092198581560284,140,139,1,0,138,136,26159,2,0,0,2,3
2020-07-27,US,Nebraska,Cedar,20,0,0,42.598885100000004,-97.25311951,31027.0,238.0385622470841,0.0,20,20,0,0,20,20,8446,0,0,0,0,0
2020-07-27,US,Nebraska,Chase,4,0,0,40.523719799999995,-101.69780259999999,31029.0,101.9367991845056,0.0,4,4,0,0,4,4,3977,0,0,0,0,0
2020-07-27,US,Nebraska,Cherry,5,0,0,42.54502621,-101.1244332,31031.0,87.88890841975744,0.0,5,4,0,0,4,4,5761,1,0,0,1,0
2020-07-27,US,Nebraska,Cheyenne,23,0,0,41.21999357,-102.9941693,31033.0,258.1369248035914,0.0,23,23,0,0,23,23,9310,0,0,0,0,0
2020-07-27,US,Nebraska,Clay,45,0,0,40.52439441,-98.05126296,31035.0,725.4554247944542,0.0,45,45,0,0,45,43,6214,0,0,0,0,2
2020-07-27,US,Nebraska,Colfax,690,4,0,41.57486951,-97.0868542,31037.0,6443.178634793167,0.5797101449275363,686,689,4,0,685,688,10881,1,0,0,1,1
2020-07-27,US,Nebraska,Cuming,48,0,0,41.91637624,-96.78730772,31039.0,542.6181324892607,0.0,48,48,0,0,48,47,8940,0,0,0,0,1
2020-07-27,US,Nebraska,Custer,42,4,0,41.39374521,-99.72805369,31041.0,389.71884568989515,9.523809523809524,38,42,4,0,38,41,10840,0,0,0,0,1
2020-07-27,US,Nebraska,Dakota,1890,39,0,42.39040144,-96.56656425,31043.0,9437.730949765306,2.063492063492064,1851,1887,39,0,1848,1887,20083,3,0,0,3,0
2020-07-27,US,Nebraska,Dawes,4,0,0,42.71985036,-103.1313774,31045.0,46.57119571545,0.0,4,4,0,0,4,4,8716,0,0,0,0,0
2020-07-27,US,Nebraska,Dawson,916,9,0,40.87028216,-99.82014609999999,31047.0,3882.178427632973,0.982532751091703,907,914,9,0,905,912,23709,2,0,0,2,2
2020-07-27,US,Nebraska,Deuel,1,0,0,41.11168186,-102.33333309999999,31049.0,55.74136008918617,0.0,1,1,0,0,1,1,1825,0,0,0,0,0
2020-07-27,US,Nebraska,Dixon,56,2,0,42.49188363,-96.86782408,31051.0,993.61249112846,3.571428571428572,54,56,2,0,54,56,5709,0,0,0,0,0
2020-07-27,US,Nebraska,Dodge,746,8,0,41.58071748,-96.65598179,31053.0,2040.2023793244907,1.0723860589812333,738,741,8,0,733,737,36791,5,0,0,5,4
2020-07-27,US,Nebraska,Douglas,9712,121,0,41.29518299,-96.15085305,31055.0,1699.902157608515,1.245881383855025,9591,9558,120,0,9438,9465,566880,154,1,0,153,93
2020-07-27,US,Nebraska,Fillmore,21,1,0,40.52458567,-97.59646937,31059.0,384.4745514463567,4.761904761904762,20,21,1,0,20,21,5527,0,0,0,0,0
2020-07-27,US,Nebraska,Franklin,9,0,0,40.17636348,-98.95299073,31061.0,302.1148036253776,0.0,9,8,0,0,8,8,3023,1,0,0,1,0
2020-07-27,US,Nebraska,Frontier,3,0,0,40.52993007,-100.3924658,31063.0,114.19870574800152,0.0,3,3,0,0,3,3,2608,0,0,0,0,0
2020-07-27,US,Nebraska,Furnas,13,1,0,40.17642064,-99.91247454,31065.0,278.0153977758768,7.6923076923076925,12,13,1,0,12,12,4715,0,0,0,0,1
2020-07-27,US,Nebraska,Gage,74,4,0,40.26186809,-96.68946704,31067.0,343.9780597778088,5.405405405405406,70,74,4,0,70,74,21493,0,0,0,0,0
2020-07-27,US,Nebraska,Garden,4,0,0,41.61703149,-102.3313973,31069.0,217.74632553075668,0.0,4,4,0,0,4,4,1897,0,0,0,0,0
2020-07-27,US,Nebraska,Garfield,3,0,0,41.91428955,-98.99111827,31071.0,152.36160487557137,0.0,3,3,0,0,3,3,1987,0,0,0,0,0
2020-07-27,US,Nebraska,Gosper,13,0,0,40.51481965,-99.83020279,31073.0,653.2663316582915,0.0,13,13,0,0,13,13,1996,0,0,0,0,0
2020-07-27,US,Nebraska,Greeley,8,0,0,41.56742671,-98.52150266,31077.0,339.55857385398986,0.0,8,8,0,0,8,7,2356,0,0,0,0,1
2020-07-27,US,Nebraska,Hall,1683,46,0,40.87257079,-98.50218293,31079.0,2743.142144638404,2.7332144979203803,1637,1681,46,0,1635,1672,61607,2,0,0,2,9
2020-07-27,US,Nebraska,Hamilton,87,12,0,40.87349452,-98.02099117,31081.0,933.0759330759332,13.79310344827586,75,87,12,0,75,87,9280,0,0,0,0,0
2020-07-27,US,Nebraska,Harlan,1,0,0,40.17658508,-99.40438879,31083.0,29.58579881656805,0.0,1,1,0,0,1,1,3401,0,0,0,0,0
2020-07-27,US,Nebraska,Hitchcock,1,0,0,40.17609175,-101.04164770000001,31087.0,36.205648081100655,0.0,1,1,0,0,1,1,2806,0,0,0,0,0
2020-07-27,US,Nebraska,Holt,6,0,0,42.45522056,-98.78402558,31089.0,59.600675474322045,0.0,6,6,0,0,6,6,10178,0,0,0,0,0
2020-07-27,US,Nebraska,Hooker,4,0,0,41.91586243,-101.1354293,31091.0,586.5102639296188,0.0,4,4,0,0,4,4,682,0,0,0,0,0
2020-07-27,US,Nebraska,Howard,53,4,0,41.2200529,-98.5166499,31093.0,822.3429014740109,7.547169811320754,49,53,4,0,49,51,6468,0,0,0,0,2
2020-07-27,US,Nebraska,Jefferson,12,0,0,40.17584531,-97.142601,31095.0,170.3093954016463,0.0,12,13,0,0,13,13,7097,-1,0,0,-1,0
2020-07-27,US,Nebraska,Johnson,11,0,0,40.39257596,-96.26522753,31097.0,216.9197396963124,0.0,11,11,0,0,11,11,5134,0,0,0,0,0
2020-07-27,US,Nebraska,Kearney,20,0,0,40.50663314,-98.94877182,31099.0,307.92917628945344,0.0,20,19,0,0,19,20,6544,1,0,0,1,-1
2020-07-27,US,Nebraska,Keith,15,0,0,41.19930341,-101.66201640000001,31101.0,186.70649738610905,0.0,15,13,0,0,13,13,8021,2,0,0,2,0
2020-07-27,US,Nebraska,Kimball,15,0,0,41.19774275,-103.7148131,31105.0,412.9955947136564,0.0,15,15,0,0,15,15,3618,0,0,0,0,0
2020-07-27,US,Nebraska,Knox,28,0,0,42.63758421,-97.89178836,31107.0,336.0537686029765,0.0,28,28,0,0,28,28,8419,0,0,0,0,0
2020-07-27,US,Nebraska,Lancaster,2814,14,0,40.78416049,-96.68777155,31109.0,881.8828543671065,0.4975124378109453,2800,2785,14,0,2771,2744,317272,29,0,0,29,41
2020-07-27,US,Nebraska,Lincoln,80,2,0,41.04658298,-100.74753740000001,31111.0,229.13444463538985,2.5,78,78,2,0,76,77,35185,2,0,0,2,1
2020-07-27,US,Nebraska,Madison,405,5,0,41.91676024,-97.6005481,31119.0,1153.8790278925326,1.2345679012345678,400,403,5,0,398,401,35392,2,0,0,2,2
2020-07-27,US,Nebraska,McPherson,4,0,0,41.56797682,-101.05993620000001,31117.0,809.7165991902832,0.0,4,4,0,0,4,4,492,0,0,0,0,0
2020-07-27,US,Nebraska,Merrick,44,0,0,41.16624273,-98.0374887,31121.0,567.3758865248228,0.0,44,44,0,0,44,43,7733,0,0,0,0,1
2020-07-27,US,Nebraska,Morrill,57,0,0,41.71711774,-103.0061405,31123.0,1227.9190004308487,0.0,57,57,0,0,57,56,4686,0,0,0,0,1
2020-07-27,US,Nebraska,Nance,7,0,0,41.39750195,-97.99327291,31125.0,198.92014776925262,0.0,7,6,0,0,6,6,3532,1,0,0,1,0
2020-07-27,US,Nebraska,Nemaha,11,0,0,40.38514847,-95.85433992,31127.0,157.77395295467585,0.0,11,12,0,0,12,10,6958,-1,0,0,-1,2
2020-07-27,US,Nebraska,Nuckolls,5,0,0,40.17637905,-98.04743961,31129.0,120.54001928640308,0.0,5,5,0,0,5,5,4195,0,0,0,0,0
2020-07-27,US,Nebraska,Otoe,39,0,0,40.64843556,-96.13374142,31131.0,243.56732450662003,0.0,39,38,0,0,38,38,15985,1,0,0,1,0
2020-07-27,US,Nebraska,Pawnee,5,0,0,40.13141096,-96.23705437,31133.0,191.35093761959442,0.0,5,5,0,0,5,5,2632,0,0,0,0,0
2020-07-27,US,Nebraska,Perkins,10,0,0,40.85082525,-101.6502942,31135.0,345.90107229332415,0.0,10,9,0,0,9,8,2929,1,0,0,1,1
2020-07-27,US,Nebraska,Phelps,32,0,0,40.51156033,-99.41461667,31137.0,354.21740092982066,0.0,32,32,0,0,32,32,8996,0,0,0,0,0
2020-07-27,US,Nebraska,Pierce,18,0,0,42.26434853,-97.60122773,31139.0,251.81869054280918,0.0,18,17,0,0,17,16,7142,1,0,0,1,1
2020-07-27,US,Nebraska,Platte,738,3,0,41.57246836,-97.52144359,31141.0,2204.959665371975,0.4065040650406504,735,735,3,0,732,733,33363,3,0,0,3,2
2020-07-27,US,Nebraska,Polk,20,0,0,41.18813488,-97.56630712,31143.0,383.65624400537115,0.0,20,20,0,0,20,20,5278,0,0,0,0,0
2020-07-27,US,Nebraska,Red Willow,13,0,0,40.17556879999999,-100.476998,31145.0,121.22342409548678,0.0,13,13,0,0,13,13,10726,0,0,0,0,0
2020-07-27,US,Nebraska,Richardson,17,1,0,40.1247415,-95.71755036,31147.0,216.1474888747616,5.882352941176472,16,17,1,0,16,17,7937,0,0,0,0,0
2020-07-27,US,Nebraska,Rock,2,0,0,42.42252217,-99.44832069,31149.0,147.38393515106853,0.0,2,2,0,0,2,2,1360,0,0,0,0,0
2020-07-27,US,Nebraska,Saline,572,2,0,40.52418865,-97.14085859,31151.0,4021.372328458943,0.34965034965034963,570,571,2,0,569,571,14350,1,0,0,1,0
2020-07-27,US,Nebraska,Sarpy,1784,8,0,41.11314181,-96.11156432,31153.0,953.0118164918052,0.4484304932735426,1776,1745,8,0,1737,1717,184459,39,0,0,39,28
2020-07-27,US,Nebraska,Saunders,117,2,0,41.227810299999994,-96.63773905,31155.0,542.2189266845861,1.709401709401709,115,115,2,0,113,112,21303,2,0,0,2,3
2020-07-27,US,Nebraska,Scotts Bluff,274,6,0,41.85070896,-103.70809859999999,31157.0,769.2739626031781,2.18978102189781,268,274,6,0,268,274,35989,0,0,0,0,0
2020-07-27,US,Nebraska,Seward,66,1,0,40.87241834,-97.139673,31159.0,381.85605183985183,1.5151515151515151,65,65,1,0,64,65,17318,1,0,0,1,0
2020-07-27,US,Nebraska,Sheridan,9,0,0,42.50284406,-102.4126613,31161.0,171.55928326343883,0.0,9,9,0,0,9,9,5190,0,0,0,0,0
2020-07-27,US,Nebraska,Sherman,6,0,0,41.22045983,-98.97588642,31163.0,199.93335554815064,0.0,6,5,0,0,5,5,3038,1,0,0,1,0
2020-07-27,US,Nebraska,Sioux,5,0,0,42.48932059,-103.7576544,31165.0,428.8164665523156,0.0,5,5,0,0,5,5,1187,0,0,0,0,0
2020-07-27,US,Nebraska,Stanton,25,0,0,41.9169835,-97.19394708,31167.0,422.2972972972973,0.0,25,26,0,0,26,25,5970,-1,0,0,-1,1
2020-07-27,US,Nebraska,Thayer,25,0,0,40.17626377,-97.59504381,31169.0,499.7001798920648,0.0,25,24,0,0,24,24,5039,1,0,0,1,0
2020-07-27,US,Nebraska,Thomas,1,0,0,41.91358968,-100.5556632,31171.0,138.50415512465375,0.0,1,1,0,0,1,1,720,0,0,0,0,0
2020-07-27,US,Nebraska,Thurston,195,3,0,42.15725356,-96.54157099,31173.0,2699.3355481727576,1.5384615384615383,192,191,3,0,188,185,7303,4,0,0,4,6
2020-07-27,US,Nebraska,Unassigned,142,0,0,0.0,0.0,90031.0,0.0,0.0,142,132,0,0,132,130,,10,0,0,10,2
2020-07-27,US,Nebraska,Valley,9,0,0,41.56730777,-98.98197724,31175.0,216.4502164502165,0.0,9,9,0,0,9,9,4190,0,0,0,0,0
2020-07-27,US,Nebraska,Washington,90,1,0,41.52815707,-96.22019892,31177.0,434.1743451203628,1.1111111111111112,89,89,1,0,88,87,20667,1,0,0,1,2
2020-07-27,US,Nebraska,Wayne,35,0,0,42.20934475,-97.11926964,31179.0,372.9355354288759,0.0,35,36,0,0,36,35,9403,-1,0,0,-1,1
2020-07-27,US,Nebraska,Webster,10,0,0,40.17642643,-98.50019851,31181.0,286.77946659019216,0.0,10,10,0,0,10,10,3533,0,0,0,0,0
2020-07-27,US,Nebraska,Wheeler,1,0,0,41.91482725,-98.52798941,31183.0,127.7139208173691,0.0,1,1,0,0,1,1,805,0,0,0,0,0
2020-07-27,US,Nebraska,York,63,0,0,40.87272618,-97.59710186,31185.0,460.5599824548578,0.0,63,62,0,0,62,62,13772,1,0,0,1,0
2020-07-27,US,Nevada,Carson City,280,7,0,39.15509045,-119.7480219,32510.0,500.7511266900351,2.5,273,275,7,0,268,269,55414,5,0,0,5,6
2020-07-27,US,Nevada,Churchill,44,1,0,39.58105744,-118.3394607,32001.0,176.64298044883373,2.272727272727273,43,43,1,0,42,44,24440,1,0,0,1,-1
2020-07-27,US,Nevada,Clark,37492,606,0,36.21458855,-115.0130241,32003.0,1654.0235539095127,1.6163448202283153,36886,36593,601,0,35992,35786,2231647,899,5,0,894,807
2020-07-27,US,Nevada,Douglas,140,0,0,38.912862,-119.61713329999999,32005.0,286.2692976178305,0.0,140,134,0,0,134,126,48467,6,0,0,6,8
2020-07-27,US,Nevada,Elko,416,2,0,41.14531606,-115.3577619,32007.0,788.2072075485997,0.4807692307692308,414,411,2,0,409,386,52460,5,0,0,5,25
2020-07-27,US,Nevada,Eureka,2,0,0,39.98100864,-116.26832040000001,32011.0,98.57072449482504,0.0,2,2,0,0,2,2,2003,0,0,0,0,0
2020-07-27,US,Nevada,Humboldt,95,4,0,41.40692186,-118.11094270000001,32013.0,564.4346741132434,4.2105263157894735,91,95,4,0,91,93,16786,0,0,0,0,2
2020-07-27,US,Nevada,Lander,51,1,0,39.933223299999995,-117.03970749999999,32015.0,921.9088937093277,1.96078431372549,50,51,1,0,50,47,5575,0,0,0,0,4
2020-07-27,US,Nevada,Lincoln,3,0,0,37.64268459,-114.8790388,32017.0,57.88153579008296,0.0,3,3,0,0,3,3,5201,0,0,0,0,0
2020-07-27,US,Nevada,Lyon,177,3,0,39.01777974,-119.18704790000001,32019.0,307.77256129368806,1.6949152542372878,174,176,3,0,173,169,55808,1,0,0,1,7
2020-07-27,US,Nevada,Mineral,11,0,0,38.53841696,-118.4344506,32021.0,244.173140954495,0.0,11,11,0,0,11,11,4514,0,0,0,0,0
2020-07-27,US,Nevada,Nye,305,7,0,38.04264256,-116.47227020000001,32023.0,655.5897083163168,2.295081967213114,298,298,7,0,291,288,45346,7,0,0,7,10
2020-07-27,US,Nevada,Pershing,13,0,0,40.44003782,-118.40056409999998,32027.0,193.3085501858736,0.0,13,13,0,0,13,13,6666,0,0,0,0,0
2020-07-27,US,Nevada,Storey,3,0,0,39.44875482,-119.5250207,32029.0,72.76255154014069,0.0,3,3,0,0,3,3,4029,0,0,0,0,0
2020-07-27,US,Nevada,Washoe,4788,107,0,40.66562265,-119.6631594,32031.0,1015.4415834780783,2.234753550543024,4681,4724,107,0,4617,4565,465735,64,0,0,64,159
2020-07-27,US,Nevada,White Pine,11,1,0,39.44157041,-114.89996599999999,32033.0,114.82254697286012,9.090909090909092,10,11,1,0,10,11,9475,0,0,0,0,0
2020-07-27,US,New Hampshire,Belknap,101,4,0,43.51637314,-71.41684235,33001.0,164.75539533138672,3.96039603960396,97,101,4,0,97,101,61022,0,0,0,0,0
2020-07-27,US,New Hampshire,Carroll,81,1,0,43.87498583,-71.20430216,33003.0,165.61030464117766,1.2345679012345678,80,79,1,0,78,79,48779,2,0,0,2,0
2020-07-27,US,New Hampshire,Cheshire,82,2,0,42.92015988,-72.25311043,33005.0,107.77419990799764,2.4390243902439024,80,81,2,0,79,80,76493,1,0,0,1,1
2020-07-27,US,New Hampshire,Coos,16,0,0,44.69063265,-71.30633239,33007.0,50.69226626112854,0.0,16,16,0,0,16,16,31589,0,0,0,0,0
2020-07-27,US,New Hampshire,Grafton,101,1,0,43.93779815,-71.82057197,33009.0,112.36455065304943,0.99009900990099,100,101,1,0,100,99,89786,0,0,0,0,2
2020-07-27,US,New Hampshire,Hillsborough,3669,272,0,42.91537785,-71.7200253,33011.0,879.8033691025718,7.413464159171437,3397,3668,272,0,3396,3655,415247,1,0,0,1,13
2020-07-27,US,New Hampshire,Merrimack,452,21,0,43.29662971,-71.6811573,33013.0,298.56464386918634,4.6460176991150455,431,451,21,0,430,450,151132,1,0,0,1,1
2020-07-27,US,New Hampshire,Rockingham,1581,94,0,42.98499744,-71.12883377,33015.0,510.3803156545684,5.945604048070841,1487,1582,94,0,1488,1581,309176,-1,0,0,-1,1
2020-07-27,US,New Hampshire,Strafford,320,13,0,43.291833000000004,-71.02336013,33017.0,244.96107415431013,4.0625,307,319,13,0,306,316,130090,1,0,0,1,3
2020-07-27,US,New Hampshire,Sullivan,38,1,0,43.36094111,-72.22203125,33019.0,88.07305428081398,2.631578947368421,37,38,1,0,37,38,43144,0,0,0,0,0
2020-07-27,US,New Jersey,Atlantic,3271,240,0,39.47538693,-74.65848483,34001.0,1240.5658588386998,7.337205747477835,3031,3245,240,0,3005,3222,265429,26,0,0,26,23
2020-07-27,US,New Jersey,Bergen,20280,2045,0,40.96010917,-74.07164325,34003.0,2175.4941525549184,10.083826429980276,18235,20226,2044,0,18182,20192,936692,54,1,0,53,34
2020-07-27,US,New Jersey,Burlington,5642,470,0,39.87681124,-74.66927768,34005.0,1266.871599576961,8.330379298121233,5172,5594,470,0,5124,5567,445384,48,0,0,48,27
2020-07-27,US,New Jersey,Camden,8130,566,0,39.80343818,-74.96388753,34007.0,1605.2251757751185,6.961869618696188,7564,8087,566,0,7521,8026,507078,43,0,0,43,61
2020-07-27,US,New Jersey,Cape May,800,86,0,39.15008829,-74.80170244,34009.0,869.1967535501254,10.75,714,788,86,0,702,780,92560,12,0,0,12,8
2020-07-27,US,New Jersey,Cumberland,3144,155,0,39.37199394,-75.10712559,34011.0,2102.6302941943595,4.930025445292621,2989,3127,154,0,2973,3118,150972,17,1,0,16,9
2020-07-27,US,New Jersey,Essex,19335,2103,0,40.78681335,-74.24657979,34013.0,2419.975593729466,10.8766485647789,17232,19310,2103,0,17207,19263,799767,25,0,0,25,47
2020-07-27,US,New Jersey,Gloucester,2986,203,0,39.71581067,-75.13995546,34015.0,1023.879082143494,6.798392498325518,2783,2969,203,0,2766,2945,291408,17,0,0,17,24
2020-07-27,US,New Jersey,Hudson,19387,1502,0,40.73766234,-74.07515667,34017.0,2883.292608021225,7.747459637901688,17885,19363,1501,0,17862,19329,676061,24,1,0,23,34
2020-07-27,US,New Jersey,Hunterdon,1122,126,0,40.56335249,-74.91284156,34019.0,902.1395662976096,11.229946524064172,996,1120,126,0,994,1115,124714,2,0,0,2,5
2020-07-27,US,New Jersey,Mercer,7934,612,0,40.28047017,-74.70479631,34021.0,2159.3228642190347,7.713637509452987,7322,7917,612,0,7305,7899,369811,17,0,0,17,18
2020-07-27,US,New Jersey,Middlesex,17557,1404,0,40.43629879,-74.41426991,34023.0,2127.961292605889,7.996810389018625,16153,17535,1402,0,16133,17514,829685,22,2,0,20,21
2020-07-27,US,New Jersey,Monmouth,9908,855,0,40.26549699,-74.22240686,34025.0,1601.1764800943772,8.629390391602746,9053,9857,854,0,9003,9822,621354,51,1,0,50,35
2020-07-27,US,New Jersey,Morris,7076,828,0,40.86095313,-74.54553709999998,34027.0,1438.6646199514075,11.701526286037307,6248,7065,827,0,6238,7052,494228,11,1,0,10,13
2020-07-27,US,New Jersey,Ocean,10238,1012,0,39.8895449,-74.28089251,34029.0,1686.1390084751624,9.884743113889431,9226,10206,1011,0,9195,10171,601651,32,1,0,31,35
2020-07-27,US,New Jersey,Passaic,17327,1247,0,41.03238628,-74.29954144,34031.0,3452.790409424781,7.196860391296821,16080,17312,1242,0,16070,17274,503310,15,5,0,10,38
2020-07-27,US,New Jersey,Salem,859,81,0,39.58719656,-75.34696629999998,34033.0,1376.9335577462534,9.429569266589056,778,856,81,0,775,855,62607,3,0,0,3,1
2020-07-27,US,New Jersey,Somerset,5139,557,0,40.56465737,-74.61683016,34035.0,1562.3194926641818,10.838684568982293,4582,5131,556,0,4575,5120,331164,8,1,0,7,11
2020-07-27,US,New Jersey,Sussex,1285,195,0,41.13891592,-74.69118243,34037.0,914.6688685154603,15.175097276264589,1090,1277,195,0,1082,1271,140799,8,0,0,8,6
2020-07-27,US,New Jersey,Unassigned,701,0,0,0.0,0.0,90034.0,0.0,0.0,701,707,0,0,707,680,,-6,0,0,-6,27
2020-07-27,US,New Jersey,Union,16376,1347,0,40.65835409,-74.30680092,34039.0,2943.5184536102856,8.225451880801172,15029,16359,1345,0,15014,16335,558067,17,2,0,15,24
2020-07-27,US,New Jersey,Warren,1315,170,0,40.85951833,-74.99556527,34041.0,1249.2044040392525,12.927756653992395,1145,1312,169,0,1143,1308,105779,3,1,0,2,4
2020-07-27,US,New Mexico,Bernalillo,4466,113,0,35.05163625,-106.6703554,35001.0,657.614769680219,2.530228392297358,4353,4405,111,0,4294,4318,678701,61,2,0,59,87
2020-07-27,US,New Mexico,Catron,4,1,0,33.91514144,-108.4046587,35003.0,113.41083073433514,25.0,3,4,1,0,3,4,3578,0,0,0,0,0
2020-07-27,US,New Mexico,Chaves,270,4,0,33.36406072,-104.4665365,35005.0,417.859630116846,1.4814814814814814,266,267,4,0,263,260,64689,3,0,0,3,7
2020-07-27,US,New Mexico,Cibola,302,17,0,34.91131525,-107.998876,35006.0,1132.1462043111528,5.629139072847681,285,294,17,0,277,292,26746,8,0,0,8,2
2020-07-27,US,New Mexico,Colfax,13,1,0,36.60569702,-104.64726740000002,35007.0,108.8686039695168,7.6923076923076925,12,12,1,0,11,12,12110,1,0,0,1,0
2020-07-27,US,New Mexico,Curry,395,2,0,34.57421077,-103.34688759999999,35009.0,806.8799280957634,0.5063291139240507,393,379,2,0,377,357,49437,16,0,0,16,22
2020-07-27,US,New Mexico,Dona Ana,2064,17,0,32.35275771,-106.83293870000001,35013.0,945.9428492861888,0.8236434108527132,2047,1990,16,0,1974,1968,217522,74,1,0,73,22
2020-07-27,US,New Mexico,Eddy,225,2,0,32.47167456,-104.3053527,35015.0,384.8785494355115,0.8888888888888888,223,221,2,0,219,217,57900,4,0,0,4,4
2020-07-27,US,New Mexico,Grant,63,1,0,32.73911281,-108.3827845,35017.0,233.3506185643381,1.5873015873015872,62,63,1,0,62,63,27346,0,0,0,0,0
2020-07-27,US,New Mexico,Guadalupe,29,0,0,34.86319296,-104.790669,35019.0,674.4186046511627,0.0,29,29,0,0,29,28,4341,0,0,0,0,1
2020-07-27,US,New Mexico,Harding,1,0,0,35.85751555,-103.82209379999999,35021.0,160.0,0.0,1,1,0,0,1,1,655,0,0,0,0,0
2020-07-27,US,New Mexico,Hidalgo,85,0,0,31.91383467,-108.7151824,35023.0,2024.7737017627442,0.0,85,85,0,0,85,85,4240,0,0,0,0,0
2020-07-27,US,New Mexico,Lea,546,3,0,32.79215361,-103.4123733,35025.0,768.2566483748418,0.5494505494505495,543,523,2,0,521,506,69611,23,1,0,22,17
2020-07-27,US,New Mexico,Lincoln,75,1,0,33.74526079,-105.4586166,35027.0,383.2004904966278,1.3333333333333333,74,75,1,0,74,68,19556,0,0,0,0,7
2020-07-27,US,New Mexico,Los Alamos,17,0,0,35.86631386,-106.31349850000001,35028.0,87.76911559708813,0.0,17,16,0,0,16,16,19101,1,0,0,1,0
2020-07-27,US,New Mexico,Luna,197,3,0,32.18179341,-107.75088259999998,35029.0,830.9080939727527,1.5228426395939083,194,190,3,0,187,185,23963,7,0,0,7,5
2020-07-27,US,New Mexico,McKinley,3921,215,0,35.58007720000001,-108.262245,35031.0,5494.135945184749,5.483295077786279,3706,3909,214,0,3695,3896,72290,12,1,0,11,13
2020-07-27,US,New Mexico,Mora,6,0,0,36.01095101,-104.9497716,35033.0,132.71400132713998,0.0,6,6,0,0,6,6,4506,0,0,0,0,0
2020-07-27,US,New Mexico,Otero,168,10,0,32.61348406,-105.7417604,35035.0,248.92576678026367,5.9523809523809526,158,147,10,0,137,142,66781,21,0,0,21,5
2020-07-27,US,New Mexico,Quay,31,1,0,35.10403332,-103.54817270000001,35037.0,375.6209863080092,3.2258064516129035,30,31,1,0,30,30,8253,0,0,0,0,1
2020-07-27,US,New Mexico,Rio Arriba,280,3,0,36.51072137,-106.69316740000001,35039.0,719.4059762082167,1.0714285714285714,277,275,3,0,272,271,39006,5,0,0,5,4
2020-07-27,US,New Mexico,Roosevelt,117,1,0,34.02097406,-103.4799493,35041.0,632.4324324324324,0.8547008547008547,116,110,1,0,109,108,18743,7,0,0,7,2
2020-07-27,US,New Mexico,San Juan,2926,178,0,36.50838318,-108.32043700000001,35045.0,2360.476935736298,6.083390293916611,2748,2915,178,0,2737,2910,125043,11,0,0,11,5
2020-07-27,US,New Mexico,San Miguel,39,0,0,35.48014807,-104.8163562,35047.0,142.97760017597244,0.0,39,39,0,0,39,37,27591,0,0,0,0,2
2020-07-27,US,New Mexico,Sandoval,1018,33,0,35.68862401,-106.86878030000001,35043.0,693.7062174612262,3.2416502946954813,985,1009,33,0,976,994,145179,9,0,0,9,15
2020-07-27,US,New Mexico,Santa Fe,510,3,0,35.50708973,-105.9774716,35049.0,339.1904654225249,0.5882352941176471,507,497,3,0,494,482,150056,13,0,0,13,15
2020-07-27,US,New Mexico,Sierra,26,0,0,33.13028233,-107.1925893,35051.0,240.94152534519503,0.0,26,26,0,0,26,25,10968,0,0,0,0,1
2020-07-27,US,New Mexico,Socorro,71,5,0,34.00715494,-106.9298354,35053.0,426.7596321452185,7.042253521126762,66,71,5,0,66,68,16735,0,0,0,0,3
2020-07-27,US,New Mexico,Taos,86,1,0,36.58006022,-105.63101979999999,35055.0,262.81208935611045,1.162790697674419,85,84,1,0,83,83,32835,2,0,0,2,1
2020-07-27,US,New Mexico,Torrance,56,1,0,34.64048375,-105.8508949,35057.0,362.2016687148309,1.7857142857142858,55,52,1,0,51,52,15591,4,0,0,4,0
2020-07-27,US,New Mexico,Unassigned,1153,0,0,0.0,0.0,90035.0,0.0,0.0,1153,981,0,0,981,981,,172,0,0,172,0
2020-07-27,US,New Mexico,Union,23,0,0,36.48126404,-103.4709624,35059.0,566.6420300566642,0.0,23,23,0,0,23,21,4118,0,0,0,0,2
2020-07-27,US,New Mexico,Valencia,319,3,0,34.71669834,-106.8103733,35061.0,415.97120801168364,0.9404388714733544,316,313,3,0,310,302,76456,6,0,0,6,11
2020-07-27,US,New York,Albany,2453,124,0,42.60060306,-73.97723916,36001.0,802.9302206830635,5.055034651447206,2329,2451,124,0,2327,2438,307117,2,0,0,2,13
2020-07-27,US,New York,Allegany,74,1,0,42.25748406,-78.02750466,36003.0,160.55195157406,1.351351351351351,73,74,1,0,73,74,46430,0,0,0,0,0
2020-07-27,US,New York,Broome,986,64,0,42.15903158,-75.81326086,36007.0,517.6179076897232,6.490872210953348,922,978,64,0,914,966,191659,8,0,0,8,12
2020-07-27,US,New York,Cattaraugus,153,6,0,42.24778241,-78.67923096,36009.0,201.00634549443612,3.92156862745098,147,151,6,0,145,150,76840,2,0,0,2,1
2020-07-27,US,New York,Cayuga,140,2,0,42.91261714,-76.55731592,36011.0,182.82490597576265,1.4285714285714286,138,139,2,0,137,139,77145,1,0,0,1,0
2020-07-27,US,New York,Chautauqua,218,9,0,42.22769210000001,-79.36691763,36013.0,171.78474898150557,4.128440366972477,209,218,9,0,209,216,127939,0,0,0,0,2
2020-07-27,US,New York,Chemung,160,3,0,42.13891056,-76.7638805,36015.0,191.7177914110429,1.875,157,160,3,0,157,160,84254,0,0,0,0,0
2020-07-27,US,New York,Chenango,203,6,0,42.49430041,-75.60887553,36017.0,430.0209714660961,2.955665024630542,197,203,6,0,197,203,47536,0,0,0,0,0
2020-07-27,US,New York,Clinton,120,4,0,44.74530905,-73.67875352,36019.0,149.0961048642604,3.333333333333333,116,120,4,0,116,119,80695,0,0,0,0,1
2020-07-27,US,New York,Columbia,503,37,0,42.24819348,-73.63089095,36021.0,845.9326281091808,7.355864811133201,466,500,37,0,463,500,59916,3,0,0,3,0
2020-07-27,US,New York,Cortland,87,0,0,42.59509207,-76.07048931,36023.0,182.8460940291293,0.0,87,85,0,0,85,84,47823,2,0,0,2,1
2020-07-27,US,New York,Delaware,98,4,0,42.19837623,-74.96709306,36025.0,222.0459952418716,4.081632653061225,94,98,4,0,94,98,44527,0,0,0,0,0
2020-07-27,US,New York,Dutchess,4440,153,0,41.76486060000001,-73.74356679,36027.0,1509.0851001638239,3.4459459459459465,4287,4425,153,0,4272,4412,293718,15,0,0,15,13
2020-07-27,US,New York,Erie,8327,663,0,42.76249024,-78.73063652,36029.0,906.3874901763576,7.962051158880748,7664,8301,663,0,7638,8282,919719,26,0,0,26,19
2020-07-27,US,New York,Essex,55,0,0,44.11630765,-73.77297842,36031.0,149.1121051918124,0.0,55,54,0,0,54,54,37300,1,0,0,1,0
2020-07-27,US,New York,Franklin,44,0,0,44.59040891,-74.29926032,36033.0,87.9612970293071,0.0,44,44,0,0,44,42,50293,0,0,0,0,2
2020-07-27,US,New York,Fulton,270,24,0,43.11363907,-74.41798804,36035.0,505.7789933124778,8.888888888888891,246,270,24,0,246,270,53591,0,0,0,0,0
2020-07-27,US,New York,Genesee,266,5,0,43.0022601,-78.19135193,36037.0,464.38547486033514,1.8796992481203008,261,264,5,0,259,261,57511,2,0,0,2,3
2020-07-27,US,New York,Greene,282,18,0,42.275797,-74.12384884,36039.0,597.6095617529879,6.382978723404255,264,281,18,0,263,279,47491,1,0,0,1,2
2020-07-27,US,New York,Hamilton,7,0,0,43.66146647,-74.49721957,36041.0,158.5144927536232,0.0,7,7,0,0,7,7,4434,0,0,0,0,0
2020-07-27,US,New York,Herkimer,234,4,0,43.42034246,-74.96145307,36043.0,381.6109199432476,1.709401709401709,230,230,4,0,226,224,61833,4,0,0,4,6
2020-07-27,US,New York,Jefferson,128,0,0,44.04200959,-75.94653457,36045.0,116.53950507128941,0.0,128,127,0,0,127,126,111755,1,0,0,1,1
2020-07-27,US,New York,Lewis,34,0,0,43.784415700000004,-75.44903992,36049.0,129.29723151810163,0.0,34,34,0,0,34,34,26447,0,0,0,0,0
2020-07-27,US,New York,Livingston,162,8,0,42.72596275,-77.77966158,36051.0,257.4943573767365,4.938271604938271,154,162,8,0,154,162,63227,0,0,0,0,0
2020-07-27,US,New York,Madison,390,17,0,42.91653905,-75.67266639,36053.0,549.7526113249038,4.3589743589743595,373,390,17,0,373,390,70795,0,0,0,0,0
2020-07-27,US,New York,Monroe,4620,277,0,43.14638895,-77.69322942,36055.0,622.834571363091,5.995670995670996,4343,4591,277,0,4314,4569,742474,29,0,0,29,22
2020-07-27,US,New York,Montgomery,148,4,0,42.90123494,-74.44011632,36057.0,300.6846671136304,2.702702702702702,144,148,4,0,144,147,49455,0,0,0,0,1
2020-07-27,US,New York,Nassau,43017,2193,0,40.74066522,-73.58941873,36059.0,3170.184918241552,5.097984517748797,40824,42960,2193,0,40767,42915,1358343,57,0,0,57,45
2020-07-27,US,New York,New York City,224051,23500,0,40.76727260000001,-73.97152637,36061.0,2687.4885222981384,10.488683380123275,200551,223761,23485,0,200276,223532,1628701,290,15,0,275,229
2020-07-27,US,New York,Niagara,1424,96,0,43.19898042,-78.74777412,36063.0,680.4248832908862,6.741573033707866,1328,1422,96,0,1326,1420,210433,2,0,0,2,2
2020-07-27,US,New York,Oneida,2010,112,0,43.24375382,-75.43710392,36065.0,878.9920890711984,5.572139303482588,1898,2000,112,0,1888,2000,229577,10,0,0,10,0
2020-07-27,US,New York,Onondaga,3398,194,0,43.00491923,-76.19971155,36067.0,737.8487301532155,5.709240729841082,3204,3389,194,0,3195,3378,461809,9,0,0,9,11
2020-07-27,US,New York,Ontario,343,34,0,42.85145728,-77.30874425,36069.0,312.4516064385072,9.912536443148689,309,341,34,0,307,338,109864,2,0,0,2,3
2020-07-27,US,New York,Orange,11010,489,0,41.40337468,-74.30240757,36071.0,2860.186003013457,4.44141689373297,10521,10998,489,0,10509,10994,381951,12,0,0,12,4
2020-07-27,US,New York,Orleans,290,54,0,43.2516977,-78.2320066,36073.0,718.6756542426648,18.620689655172416,236,290,54,0,236,289,40612,0,0,0,0,1
2020-07-27,US,New York,Oswego,239,3,0,43.42778894,-76.14635194,36075.0,204.05723848229226,1.2552301255230125,236,238,3,0,235,236,117898,1,0,0,1,2
2020-07-27,US,New York,Otsego,103,5,0,42.63492579,-75.03151402,36077.0,173.12961188711273,4.854368932038835,98,103,5,0,98,103,59749,0,0,0,0,0
2020-07-27,US,New York,Putnam,1408,63,0,41.42630093,-73.74965532,36079.0,1432.058584214809,4.474431818181818,1345,1404,63,0,1341,1403,98892,4,0,0,4,1
2020-07-27,US,New York,Rensselaer,687,30,0,42.71348136,-73.51089874,36083.0,432.8540645437706,4.366812227074236,657,684,30,0,654,681,159442,3,0,0,3,3
2020-07-27,US,New York,Rockland,13841,673,0,41.15027894,-74.02560498,36087.0,4248.455288545654,4.862365436023409,13168,13839,673,0,13166,13837,325695,2,0,0,2,2
2020-07-27,US,New York,Saratoga,688,17,0,43.10904162,-73.86653895,36091.0,299.30871867155656,2.4709302325581395,671,685,17,0,668,679,230163,3,0,0,3,6
2020-07-27,US,New York,Schenectady,990,37,0,42.81668777,-74.05278291,36093.0,637.4799580164714,3.7373737373737375,953,987,37,0,950,975,155350,3,0,0,3,12
2020-07-27,US,New York,Schoharie,68,0,0,42.58831742,-74.44339029999998,36095.0,219.36191490048063,0.0,68,68,0,0,68,67,31097,0,0,0,0,1
2020-07-27,US,New York,Schuyler,20,0,0,42.39184015,-76.8773299,36097.0,112.31538159150897,0.0,20,20,0,0,20,20,17912,0,0,0,0,0
2020-07-27,US,New York,Seneca,83,3,0,42.78081007,-76.82497064,36099.0,244.00282220131703,3.614457831325301,80,83,3,0,80,83,34300,0,0,0,0,0
2020-07-27,US,New York,St. Lawrence,258,4,0,44.4976179,-75.06550039,36089.0,239.465379617598,1.5503875968992251,254,258,4,0,254,257,108047,0,0,0,0,1
2020-07-27,US,New York,Steuben,288,42,0,42.2689144,-77.3829924,36101.0,301.95326015160566,14.583333333333336,246,288,42,0,246,288,95796,0,0,0,0,0
2020-07-27,US,New York,Suffolk,42967,1996,0,40.88320119,-72.8012172,36103.0,2909.858519667805,4.645425559150046,40971,42883,1996,0,40887,42822,1481093,84,0,0,84,61
2020-07-27,US,New York,Sullivan,1476,48,0,41.71579493,-74.76394559,36105.0,1956.7292395800187,3.2520325203252027,1428,1476,48,0,1428,1476,75498,0,0,0,0,0
2020-07-27,US,New York,Tioga,180,24,0,42.16852837,-76.30835812,36107.0,373.42074144762773,13.333333333333336,156,179,24,0,155,178,48560,1,0,0,1,1
2020-07-27,US,New York,Tompkins,225,0,0,42.44945765,-76.47229843,36109.0,220.1996476805637,0.0,225,224,0,0,224,223,102793,1,0,0,1,1
2020-07-27,US,New York,Ulster,1926,90,0,41.89027881,-74.26252104,36111.0,1084.6243516750858,4.672897196261682,1836,1925,90,0,1835,1916,178599,1,0,0,1,9
2020-07-27,US,New York,Warren,294,33,0,43.56173026,-73.8433699,36113.0,459.7773051419993,11.224489795918366,261,294,33,0,261,293,64265,0,0,0,0,1
2020-07-27,US,New York,Washington,254,14,0,43.31153794,-73.43043448,36115.0,415.00555519247115,5.511811023622046,240,253,14,0,239,252,61197,1,0,0,1,1
2020-07-27,US,New York,Wayne,243,3,0,43.15494365,-77.02976528,36117.0,270.2462243377299,1.2345679012345678,240,241,3,0,238,240,90064,2,0,0,2,1
2020-07-27,US,New York,Westchester,35799,1443,0,41.16278376,-73.75741653,36119.0,3700.13209220408,4.030838850247212,34356,35777,1443,0,34334,35738,967612,22,0,0,22,39
2020-07-27,US,New York,Wyoming,110,5,0,42.70145109,-78.22199579,36121.0,275.97280413457435,4.545454545454546,105,110,5,0,105,110,40085,0,0,0,0,0
2020-07-27,US,New York,Yates,52,7,0,42.63505484,-77.10369919,36123.0,208.72636775980408,13.461538461538463,45,51,7,0,44,51,24841,1,0,0,1,0
2020-07-27,US,North Carolina,Alamance,2006,41,0,36.0434701,-79.39976137,37001.0,1183.4179896052715,2.0438683948155534,1965,1954,41,0,1913,1920,166436,52,0,0,52,34
2020-07-27,US,North Carolina,Alexander,256,2,0,35.922379600000006,-81.17751948,37003.0,682.7212843694163,0.78125,254,253,2,0,251,250,37353,3,0,0,3,3
2020-07-27,US,North Carolina,Alleghany,63,0,0,36.49360862,-81.12857041,37005.0,565.6819610307982,0.0,63,62,0,0,62,61,11161,1,0,0,1,1
2020-07-27,US,North Carolina,Anson,287,2,0,34.97403241,-80.09953279,37007.0,1174.0161989691564,0.6968641114982579,285,280,2,0,278,279,24877,7,0,0,7,1
2020-07-27,US,North Carolina,Ashe,96,1,0,36.43296207,-81.49862729,37009.0,352.9022534279308,1.0416666666666667,95,86,1,0,85,86,27109,10,0,0,10,0
2020-07-27,US,North Carolina,Avery,72,0,0,36.07569796,-81.92308483,37011.0,410.0928404624936,0.0,72,66,0,0,66,66,17505,6,0,0,6,0
2020-07-27,US,North Carolina,Beaufort,291,2,0,35.48531943,-76.84325809,37013.0,619.2279865514746,0.6872852233676976,289,272,1,0,271,258,47079,19,1,0,18,14
2020-07-27,US,North Carolina,Bertie,215,4,0,36.0688473,-76.96545943,37015.0,1134.7442866944634,1.8604651162790695,211,214,4,0,210,204,19026,1,0,0,1,10
2020-07-27,US,North Carolina,Bladen,536,5,0,34.61296243,-78.56180059,37017.0,1638.0416844936124,0.9328358208955224,531,528,5,0,523,523,33190,8,0,0,8,5
2020-07-27,US,North Carolina,Brunswick,1075,13,0,34.070565,-78.22814204,37019.0,752.6957008822293,1.2093023255813953,1062,1052,13,0,1039,1037,136744,23,0,0,23,15
2020-07-27,US,North Carolina,Buncombe,1473,46,0,35.61113393,-82.53305,37021.0,563.9551133078858,3.122878479293958,1427,1445,43,0,1402,1400,259103,28,3,0,25,45
2020-07-27,US,North Carolina,Burke,1486,25,0,35.74989637,-81.70755735,37023.0,1642.2611482566172,1.6823687752355316,1461,1442,25,0,1417,1442,90382,44,0,0,44,0
2020-07-27,US,North Carolina,Cabarrus,2184,38,0,35.3877799,-80.55267168,37025.0,1008.9950243239873,1.73992673992674,2146,2164,38,0,2126,2129,211342,20,0,0,20,35
2020-07-27,US,North Carolina,Caldwell,981,11,0,35.95204977,-81.54799522,37027.0,1193.750152108837,1.1213047910295617,970,961,10,0,951,936,82029,20,1,0,19,25
2020-07-27,US,North Carolina,Camden,52,2,0,36.33804939,-76.15568396,37029.0,478.5129290512561,3.8461538461538463,50,52,2,0,50,52,10710,0,0,0,0,0
2020-07-27,US,North Carolina,Carteret,267,5,0,34.8932941,-76.54120135,37031.0,384.3219668072488,1.8726591760299625,262,262,5,0,257,238,69524,5,0,0,5,24
2020-07-27,US,North Carolina,Caswell,173,2,0,36.39312665,-79.33353281,37033.0,765.3512652627852,1.1560693641618498,171,173,2,0,171,172,22698,0,0,0,0,1
2020-07-27,US,North Carolina,Catawba,1767,20,0,35.66211129,-81.2132617,37035.0,1107.4828738146423,1.1318619128466327,1747,1727,20,0,1707,1694,158652,40,0,0,40,33
2020-07-27,US,North Carolina,Chatham,1181,49,0,35.70394416,-79.25541492,37037.0,1585.8735061098432,4.149026248941575,1132,1175,49,0,1126,1162,73139,6,0,0,6,13
2020-07-27,US,North Carolina,Cherokee,221,3,0,35.1349263,-84.05970864,37039.0,772.4031874737873,1.3574660633484164,218,195,3,0,192,189,28383,26,0,0,26,6
2020-07-27,US,North Carolina,Chowan,104,0,0,36.12908077,-76.60118385,37041.0,745.8939969877357,0.0,104,100,0,0,100,92,14029,4,0,0,4,8
2020-07-27,US,North Carolina,Clay,57,0,0,35.05704275,-83.74353633,37043.0,507.5238180037397,0.0,57,57,0,0,57,57,11139,0,0,0,0,0
2020-07-27,US,North Carolina,Cleveland,878,13,0,35.33553364,-81.55204486,37045.0,896.4031568092947,1.4806378132118452,865,839,13,0,826,809,97645,39,0,0,39,30
2020-07-27,US,North Carolina,Columbus,765,44,0,34.26744084,-78.65801424,37047.0,1378.1797218418967,5.7516339869281055,721,753,42,0,711,741,55655,12,2,0,10,12
2020-07-27,US,North Carolina,Craven,611,8,0,35.11833364,-77.08398081,37049.0,598.2044077188929,1.3093289689034369,603,581,8,0,573,581,102912,30,0,0,30,0
2020-07-27,US,North Carolina,Cumberland,2357,49,0,35.04762133,-78.82623165,37051.0,702.5146866402988,2.0789138735680948,2308,2318,49,0,2269,2276,332330,39,0,0,39,42
2020-07-27,US,North Carolina,Currituck,66,0,0,36.36123664,-75.95876401,37053.0,237.7264704822965,0.0,66,65,0,0,65,62,27072,1,0,0,1,3
2020-07-27,US,North Carolina,Dare,183,1,0,35.66520691,-75.71767334,37055.0,494.47431705801284,0.5464480874316939,182,176,1,0,175,176,36501,7,0,0,7,0
2020-07-27,US,North Carolina,Davidson,1537,16,0,35.79115496,-80.21256572,37057.0,917.0151960813561,1.0409889394925178,1521,1527,16,0,1511,1510,166614,10,0,0,10,17
2020-07-27,US,North Carolina,Davie,309,4,0,35.93099927,-80.54496571,37059.0,721.1875087522757,1.2944983818770226,305,309,4,0,305,309,42733,0,0,0,0,0
2020-07-27,US,North Carolina,Duplin,1874,40,0,34.93449805,-77.93140529,37061.0,3190.275957167907,2.134471718249733,1834,1862,40,0,1822,1859,58856,12,0,0,12,3
2020-07-27,US,North Carolina,Durham,5535,76,0,36.03638492,-78.87608331,37063.0,1721.6816801871298,1.3730803974706414,5459,5487,76,0,5411,5436,316739,48,0,0,48,51
2020-07-27,US,North Carolina,Edgecombe,526,10,0,35.91230639,-77.59436892,37065.0,1021.9148274790176,1.9011406844106464,516,514,10,0,504,503,52005,12,0,0,12,11
2020-07-27,US,North Carolina,Forsyth,4607,41,0,36.12859861,-80.25459052,37067.0,1205.0903098392605,0.8899500759713479,4566,4556,41,0,4515,4515,379099,51,0,0,51,41
2020-07-27,US,North Carolina,Franklin,705,25,0,36.081519,-78.28708884,37069.0,1011.6954868336084,3.5460992907801416,680,693,25,0,668,682,67560,12,0,0,12,11
2020-07-27,US,North Carolina,Gaston,2736,25,0,35.29373559,-81.17477045,37071.0,1218.5508330772418,0.9137426900584796,2711,2692,25,0,2667,2635,222846,44,0,0,44,57
2020-07-27,US,North Carolina,Gates,37,2,0,36.44667547,-76.69749701,37073.0,320.01383843625666,5.405405405405406,35,37,2,0,35,36,11573,0,0,0,0,1
2020-07-27,US,North Carolina,Graham,17,0,0,35.3506925,-83.83369267,37075.0,201.3979386328634,0.0,17,17,0,0,17,15,8484,0,0,0,0,2
2020-07-27,US,North Carolina,Granville,1110,25,0,36.30337451,-78.65184241,37077.0,1836.4409443608026,2.2522522522522523,1085,1109,25,0,1084,1087,60115,1,0,0,1,22
2020-07-27,US,North Carolina,Greene,277,3,0,35.48544173,-77.67578087,37079.0,1314.7277991361716,1.083032490974729,274,274,3,0,271,270,21012,3,0,0,3,4
2020-07-27,US,North Carolina,Guilford,4789,139,0,36.07959451,-79.78824948,37081.0,891.5174598919531,2.9024848611401133,4650,4691,139,0,4552,4651,533670,98,0,0,98,40
2020-07-27,US,North Carolina,Halifax,566,6,0,36.25669272,-77.6556109,37083.0,1131.7736452709455,1.060070671378092,560,551,6,0,545,545,50574,15,0,0,15,6
2020-07-27,US,North Carolina,Harnett,1022,35,0,35.36731853,-78.87243571,37085.0,751.6032240983702,3.4246575342465757,987,1003,35,0,968,987,134214,19,0,0,19,16
2020-07-27,US,North Carolina,Haywood,240,0,0,35.55269063,-82.98196486,37087.0,385.12765377023925,0.0,240,231,0,0,231,219,61971,9,0,0,9,12
2020-07-27,US,North Carolina,Henderson,1288,53,0,35.33788927,-82.4766782,37089.0,1096.9450760963064,4.114906832298137,1235,1279,53,0,1226,1265,116748,9,0,0,9,14
2020-07-27,US,North Carolina,Hertford,237,11,0,36.3607755,-76.98104134,37091.0,1000.9714068505299,4.641350210970463,226,234,11,0,223,228,23659,3,0,0,3,6
2020-07-27,US,North Carolina,Hoke,623,7,0,35.01888303,-79.23651674,37093.0,1127.9284498678348,1.1235955056179776,616,616,7,0,609,608,54764,7,0,0,7,8
2020-07-27,US,North Carolina,Hyde,36,0,0,35.42017674,-76.15180542,37095.0,729.1877658497066,0.0,36,35,0,0,35,35,5230,1,0,0,1,0
2020-07-27,US,North Carolina,Iredell,1521,18,0,35.80950511,-80.8743128,37097.0,836.6060526055246,1.183431952662722,1503,1504,18,0,1486,1504,178435,17,0,0,17,0
2020-07-27,US,North Carolina,Jackson,372,3,0,35.28814273,-83.14093385,37099.0,846.6475488187901,0.8064516129032258,369,352,3,0,349,348,43327,20,0,0,20,4
2020-07-27,US,North Carolina,Johnston,2654,43,0,35.51745004,-78.36622717,37101.0,1267.8000754756638,1.6201959306706857,2611,2620,43,0,2577,2595,202675,34,0,0,34,25
2020-07-27,US,North Carolina,Jones,46,3,0,35.02254606,-77.35870791,37103.0,488.37456205541986,6.521739130434782,43,46,3,0,43,46,9637,0,0,0,0,0
2020-07-27,US,North Carolina,Lee,1074,9,0,35.47623147,-79.17569362,37105.0,1738.454814742874,0.8379888268156425,1065,1068,9,0,1059,1055,61452,6,0,0,6,13
2020-07-27,US,North Carolina,Lenoir,491,11,0,35.24032589999999,-77.64245615,37107.0,877.5849434306242,2.240325865580448,480,487,11,0,476,479,55976,4,0,0,4,8
2020-07-27,US,North Carolina,Lincoln,664,2,0,35.48508185,-81.21740317,37109.0,771.0977691584117,0.3012048192771085,662,651,2,0,649,633,83770,13,0,0,13,18
2020-07-27,US,North Carolina,Macon,429,2,0,35.14867843,-83.41696617,37113.0,1196.3857437670813,0.4662004662004662,427,424,2,0,422,424,35285,5,0,0,5,0
2020-07-27,US,North Carolina,Madison,30,0,0,35.85402722,-82.71346418,37115.0,137.89933348655478,0.0,30,30,0,0,30,28,21763,0,0,0,0,2
2020-07-27,US,North Carolina,Martin,211,6,0,35.84326734,-77.10860251,37117.0,940.2852049910872,2.8436018957345968,205,207,6,0,201,201,22671,4,0,0,4,6
2020-07-27,US,North Carolina,McDowell,468,7,0,35.67736232,-82.0482425,37111.0,1022.8166797797012,1.4957264957264955,461,460,5,0,455,454,45507,8,2,0,6,6
2020-07-27,US,North Carolina,Mecklenburg,19480,188,0,35.24469268,-80.8317671,37119.0,1754.3922849968835,0.9650924024640656,19292,19268,187,0,19081,19041,1093901,212,1,0,211,227
2020-07-27,US,North Carolina,Mitchell,103,2,0,36.01059309,-82.1582442,37121.0,688.3186313819832,1.9417475728155342,101,97,2,0,95,97,15000,6,0,0,6,0
2020-07-27,US,North Carolina,Montgomery,543,14,0,35.33155144,-79.90416657,37123.0,1998.307143120009,2.5782688766114177,529,543,14,0,529,543,27271,0,0,0,0,0
2020-07-27,US,North Carolina,Moore,819,20,0,35.30885257,-79.48474178,37125.0,811.8556701030928,2.4420024420024418,799,805,20,0,785,795,98682,14,0,0,14,10
2020-07-27,US,North Carolina,Nash,880,10,0,35.96575634,-77.98422508,37127.0,933.2117330166068,1.1363636363636365,870,843,10,0,833,830,94016,37,0,0,37,13
2020-07-27,US,North Carolina,New Hanover,2119,15,0,34.25758282,-77.87075626,37129.0,903.7287875363048,0.7078810759792354,2104,2086,15,0,2071,2073,232274,33,0,0,33,13
2020-07-27,US,North Carolina,Northampton,289,16,0,36.41736238,-77.39769443,37131.0,1483.3444541395065,5.536332179930795,273,284,16,0,268,284,19676,5,0,0,5,0
2020-07-27,US,North Carolina,Onslow,722,9,0,34.72607366,-77.42908179,37133.0,364.76068263799766,1.2465373961218835,713,712,9,0,703,707,197683,10,0,0,10,5
2020-07-27,US,North Carolina,Orange,1219,45,0,36.06092947,-79.12167935,37135.0,821.008109054662,3.691550451189499,1174,1197,45,0,1152,1191,146027,22,0,0,22,6
2020-07-27,US,North Carolina,Pamlico,53,1,0,35.15253315,-76.66559823,37137.0,416.4702184504165,1.8867924528301887,52,51,1,0,50,51,12670,2,0,0,2,0
2020-07-27,US,North Carolina,Pasquotank,305,17,0,36.26723798,-76.25134778,37139.0,765.8698272398552,5.573770491803278,288,298,17,0,281,295,39639,7,0,0,7,3
2020-07-27,US,North Carolina,Pender,569,3,0,34.52265624,-77.90352133,37141.0,902.3152553124008,0.5272407732864675,566,557,3,0,554,552,62162,12,0,0,12,5
2020-07-27,US,North Carolina,Perquimans,56,2,0,36.17847453,-76.40603143,37143.0,415.9548391888881,3.571428571428572,54,56,2,0,54,54,13422,0,0,0,0,2
2020-07-27,US,North Carolina,Person,176,1,0,36.38989032,-78.97217358,37145.0,445.68245125348193,0.5681818181818182,175,174,1,0,173,169,39507,2,0,0,2,5
2020-07-27,US,North Carolina,Pitt,1519,10,0,35.59535426,-77.37353178,37147.0,840.424472452446,0.6583278472679395,1509,1472,10,0,1462,1421,179914,47,0,0,47,51
2020-07-27,US,North Carolina,Polk,124,5,0,35.27820615,-82.16812354,37149.0,598.3400887859486,4.032258064516129,119,124,5,0,119,124,20611,0,0,0,0,0
2020-07-27,US,North Carolina,Randolph,1939,36,0,35.71015088,-79.80570339,37151.0,1349.6488407219472,1.8566271273852504,1903,1911,36,0,1875,1904,143351,28,0,0,28,7
2020-07-27,US,North Carolina,Richmond,456,8,0,35.00417719,-79.74491009,37153.0,1017.1986883490598,1.7543859649122806,448,449,8,0,441,432,44887,7,0,0,7,17
2020-07-27,US,North Carolina,Robeson,2395,50,0,34.64244496,-79.10250529999998,37155.0,1833.4928229665072,2.0876826722338206,2345,2250,50,0,2200,2175,131831,145,0,0,145,75
2020-07-27,US,North Carolina,Rockingham,430,6,0,36.39593137,-79.77504841,37157.0,472.47555213712786,1.3953488372093024,424,415,5,0,410,415,90690,15,1,0,14,0
2020-07-27,US,North Carolina,Rowan,1876,46,0,35.64003916,-80.52446628,37159.0,1320.308541185744,2.4520255863539444,1830,1859,46,0,1813,1842,141262,17,0,0,17,17
2020-07-27,US,North Carolina,Rutherford,560,13,0,35.40114178,-81.92112099,37161.0,835.4592788196153,2.321428571428572,547,542,13,0,529,537,66826,18,0,0,18,5
2020-07-27,US,North Carolina,Sampson,1386,10,0,34.98820368,-78.36914061,37163.0,2181.612126363508,0.7215007215007215,1376,1381,10,0,1371,1374,63626,5,0,0,5,7
2020-07-27,US,North Carolina,Scotland,232,2,0,34.8386299,-79.4757978,37165.0,666.2263446572667,0.8620689655172413,230,227,2,0,225,225,34810,5,0,0,5,2
2020-07-27,US,North Carolina,Stanly,793,9,0,35.31647813,-80.25093221,37167.0,1262.6182211890584,1.1349306431273645,784,778,9,0,769,768,62075,15,0,0,15,10
2020-07-27,US,North Carolina,Stokes,221,2,0,36.4017975,-80.23893369,37169.0,484.74479612204163,0.9049773755656108,219,218,2,0,216,215,45467,3,0,0,3,3
2020-07-27,US,North Carolina,Surry,784,7,0,36.41689489,-80.69102283,37171.0,1092.1805998634777,0.8928571428571429,777,784,4,0,780,748,71948,0,3,0,-3,36
2020-07-27,US,North Carolina,Swain,91,2,0,35.48665845,-83.48748932,37173.0,637.6567864900848,2.1978021978021984,89,91,2,0,89,90,14245,0,0,0,0,1
2020-07-27,US,North Carolina,Transylvania,110,1,0,35.20383864,-82.79638423,37175.0,319.906936164025,0.9090909090909092,109,107,1,0,106,106,34215,3,0,0,3,1
2020-07-27,US,North Carolina,Tyrrell,88,1,0,35.87147226,-76.17055253,37177.0,2191.235059760956,1.1363636363636365,87,87,1,0,86,84,4131,1,0,0,1,3
2020-07-27,US,North Carolina,Union,2533,37,0,34.98960527,-80.52955873,37179.0,1056.0370884561346,1.4607185155941569,2496,2503,35,0,2468,2470,235908,30,2,0,28,33
2020-07-27,US,North Carolina,Vance,687,40,0,36.36880673,-78.40670845,37181.0,1542.6069383630856,5.822416302765647,647,685,40,0,645,681,44582,2,0,0,2,4
2020-07-27,US,North Carolina,Wake,10240,113,0,35.78879266,-78.65249174,37183.0,921.0612712624388,1.103515625,10127,9991,108,0,9883,9819,1092305,249,5,0,244,172
2020-07-27,US,North Carolina,Warren,228,6,0,36.39728256,-78.10652228,37185.0,1155.5420404439715,2.631578947368421,222,226,6,0,220,225,19807,2,0,0,2,1
2020-07-27,US,North Carolina,Washington,103,3,0,35.83810081,-76.57299037,37187.0,889.4645941278065,2.9126213592233015,100,100,3,0,97,98,11859,3,0,0,3,2
2020-07-27,US,North Carolina,Watauga,232,0,0,36.23103603,-81.70033724,37189.0,412.9804012318209,0.0,232,214,0,0,214,214,55945,18,0,0,18,0
2020-07-27,US,North Carolina,Wayne,2254,36,0,35.36438125,-78.00027268,37191.0,1830.5706930017625,1.5971606033717836,2218,2217,36,0,2181,2217,123248,37,0,0,37,0
2020-07-27,US,North Carolina,Wilkes,701,9,0,36.2084135,-81.16232895,37193.0,1024.6740337952406,1.2838801711840229,692,694,9,0,685,694,68557,7,0,0,7,0
2020-07-27,US,North Carolina,Wilson,1316,29,0,35.70625477,-77.917978,37195.0,1608.7822887250766,2.2036474164133737,1287,1288,29,0,1259,1272,81455,28,0,0,28,16
2020-07-27,US,North Carolina,Yadkin,458,6,0,36.16222629,-80.66239436,37197.0,1215.9184431996175,1.310043668122271,452,443,6,0,437,443,37543,15,0,0,15,0
2020-07-27,US,North Carolina,Yancey,93,0,0,35.90079156,-82.31237181,37199.0,514.6936742487133,0.0,93,92,0,0,92,92,17903,1,0,0,1,0
2020-07-27,US,North Dakota,Barnes,30,0,0,46.93579637,-98.06605978,38003.0,288.0460873739798,0.0,30,30,0,0,30,30,10542,0,0,0,0,0
2020-07-27,US,North Dakota,Benson,66,1,0,48.0683985,-99.35916363,38005.0,966.0421545667447,1.5151515151515151,65,57,1,0,56,47,6962,9,0,0,9,10
2020-07-27,US,North Dakota,Billings,1,0,0,47.02366884,-103.3762965,38007.0,107.75862068965515,0.0,1,1,0,0,1,1,919,0,0,0,0,0
2020-07-27,US,North Dakota,Bottineau,9,0,0,48.79106111,-100.8378166,38009.0,143.26647564469909,0.0,9,9,0,0,9,9,6411,0,0,0,0,0
2020-07-27,US,North Dakota,Bowman,6,0,0,46.11285362,-103.5203343,38011.0,198.4126984126984,0.0,6,6,0,0,6,6,3076,0,0,0,0,0
2020-07-27,US,North Dakota,Burke,13,0,0,48.79094471,-102.5182117,38013.0,614.6572104018912,0.0,13,12,0,0,12,12,2100,1,0,0,1,0
2020-07-27,US,North Dakota,Burleigh,788,3,0,46.97847375,-100.4645214,38015.0,824.0436701315542,0.3807106598984771,785,763,3,0,760,729,95273,25,0,0,25,34
2020-07-27,US,North Dakota,Cass,2816,75,0,46.93201724,-97.2444719,38017.0,1547.907631250584,2.663352272727273,2741,2794,75,0,2719,2765,181516,22,0,0,22,29
2020-07-27,US,North Dakota,Cavalier,29,0,0,48.77286211,-98.46685243,38019.0,770.8665603402444,0.0,29,28,0,0,28,28,3829,1,0,0,1,0
2020-07-27,US,North Dakota,Dickey,9,0,0,46.11017712,-98.5049008,38021.0,184.72906403940883,0.0,9,8,0,0,8,8,4903,1,0,0,1,0
2020-07-27,US,North Dakota,Divide,1,0,0,48.814938700000006,-103.4873611,38023.0,44.16961130742049,0.0,1,1,0,0,1,1,2283,0,0,0,0,0
2020-07-27,US,North Dakota,Dunn,26,0,0,47.35423935,-102.6160468,38025.0,587.7034358047016,0.0,26,26,0,0,26,26,4332,0,0,0,0,0
2020-07-27,US,North Dakota,Eddy,12,0,0,47.71701474,-98.90432337,38027.0,524.7048535198951,0.0,12,8,0,0,8,8,2313,4,0,0,4,0
2020-07-27,US,North Dakota,Emmons,14,1,0,46.28398398,-100.2389766,38029.0,431.96544276457877,7.142857142857142,13,14,1,0,13,12,3295,0,0,0,0,2
2020-07-27,US,North Dakota,Foster,10,0,0,47.4571084,-98.88279923,38031.0,311.52647975077883,0.0,10,9,0,0,9,9,3216,1,0,0,1,0
2020-07-27,US,North Dakota,Golden Valley,4,0,0,46.94022281,-103.8465421,38033.0,227.14366837024414,0.0,4,4,0,0,4,4,1769,0,0,0,0,0
2020-07-27,US,North Dakota,Grand Forks,601,4,0,47.92093639,-97.45450447,38035.0,865.3583101755196,0.6655574043261231,597,596,4,0,592,575,70770,5,0,0,5,21
2020-07-27,US,North Dakota,Grant,4,0,0,46.35821257,-101.6390013,38037.0,175.9014951627089,0.0,4,4,0,0,4,4,2374,0,0,0,0,0
2020-07-27,US,North Dakota,Griggs,13,0,0,47.45785838,-98.23850925,38039.0,582.698341550874,0.0,13,11,0,0,11,11,2232,2,0,0,2,0
2020-07-27,US,North Dakota,Hettinger,6,0,0,46.43375068,-102.4632417,38041.0,240.09603841536614,0.0,6,6,0,0,6,6,2514,0,0,0,0,0
2020-07-27,US,North Dakota,Kidder,10,0,0,46.97830064,-99.77507857,38043.0,403.22580645161287,0.0,10,8,0,0,8,8,2450,2,0,0,2,0
2020-07-27,US,North Dakota,LaMoure,14,0,0,46.45681054,-98.53542355,38045.0,346.02076124567475,0.0,14,14,0,0,14,14,4062,0,0,0,0,0
2020-07-27,US,North Dakota,Logan,1,0,0,46.45729487,-99.47719806,38047.0,54.05405405405406,0.0,1,1,0,0,1,1,1903,0,0,0,0,0
2020-07-27,US,North Dakota,McHenry,12,1,0,48.23104458,-100.6324822,38049.0,208.87728459530032,8.333333333333334,11,12,1,0,11,12,5816,0,0,0,0,0
2020-07-27,US,North Dakota,McIntosh,15,1,0,46.11182017,-99.44145858,38051.0,600.7208650380456,6.666666666666668,14,11,1,0,10,11,2585,4,0,0,4,0
2020-07-27,US,North Dakota,McKenzie,65,0,0,47.74133370000001,-103.395905,38053.0,432.64110756123534,0.0,65,65,0,0,65,62,13632,0,0,0,0,3
2020-07-27,US,North Dakota,McLean,25,0,0,47.60766714,-101.3182418,38055.0,264.55026455026456,0.0,25,25,0,0,25,21,9541,0,0,0,0,4
2020-07-27,US,North Dakota,Mercer,19,0,0,47.31213126,-101.8318399,38057.0,232.075241236106,0.0,19,18,0,0,18,18,8267,1,0,0,1,0
2020-07-27,US,North Dakota,Morton,231,3,0,46.71681782,-101.2822377,38059.0,736.5131998469583,1.2987012987012987,228,226,3,0,223,218,31095,5,0,0,5,8
2020-07-27,US,North Dakota,Mountrail,101,1,0,48.20197971,-102.3555315,38061.0,957.7999051683264,0.99009900990099,100,102,1,0,101,101,10218,-1,0,0,-1,1
2020-07-27,US,North Dakota,Nelson,5,0,0,47.9226426,-98.19038437,38063.0,173.67141368530739,0.0,5,5,0,0,5,5,2869,0,0,0,0,0
2020-07-27,US,North Dakota,Oliver,6,0,0,47.11530482,-101.3406158,38065.0,306.27871362940283,0.0,6,5,0,0,5,5,1952,1,0,0,1,0
2020-07-27,US,North Dakota,Pembina,27,0,0,48.76623521,-97.5523809,38067.0,397.00044111160116,0.0,27,26,0,0,26,24,6947,1,0,0,1,2
2020-07-27,US,North Dakota,Pierce,8,0,0,48.24977025,-99.96407787,38069.0,201.2578616352201,0.0,8,8,0,0,8,8,4081,0,0,0,0,0
2020-07-27,US,North Dakota,Ramsey,30,1,0,48.26886249,-98.72223879,38071.0,260.4392742425557,3.333333333333333,29,29,1,0,28,28,11481,1,0,0,1,1
2020-07-27,US,North Dakota,Ransom,25,0,0,46.45621782,-97.65742504,38073.0,479.11077041011885,0.0,25,25,0,0,25,25,5237,0,0,0,0,0
2020-07-27,US,North Dakota,Renville,9,0,0,48.71982533,-101.6603912,38075.0,386.7640739149119,0.0,9,9,0,0,9,9,2374,0,0,0,0,0
2020-07-27,US,North Dakota,Richland,75,0,0,46.26440649,-96.94852979,38077.0,463.6211905792174,0.0,75,71,0,0,71,69,16239,4,0,0,4,2
2020-07-27,US,North Dakota,Rolette,18,0,0,48.77245354,-99.84097493,38079.0,126.97516930022572,0.0,18,17,0,0,17,17,14301,1,0,0,1,0
2020-07-27,US,North Dakota,Sargent,8,0,0,46.10830372,-97.63217159,38081.0,205.2334530528476,0.0,8,8,0,0,8,8,3870,0,0,0,0,0
2020-07-27,US,North Dakota,Sheridan,5,0,0,47.57700669,-100.3426391,38083.0,380.22813688212926,0.0,5,5,0,0,5,5,1349,0,0,0,0,0
2020-07-27,US,North Dakota,Sioux,51,0,0,46.11323337,-101.0440149,38085.0,1205.673758865248,0.0,51,51,0,0,51,49,4358,0,0,0,0,2
2020-07-27,US,North Dakota,Slope,3,0,0,46.44737738,-103.4601547,38087.0,400.0,0.0,3,3,0,0,3,3,763,0,0,0,0,0
2020-07-27,US,North Dakota,Stark,152,3,0,46.80851182,-102.6576326,38089.0,482.7082473244625,1.973684210526316,149,149,3,0,146,142,30997,3,0,0,3,7
2020-07-27,US,North Dakota,Steele,10,0,0,47.45611548,-97.72728747,38091.0,529.1005291005291,0.0,10,11,0,0,11,8,1903,-1,0,0,-1,3
2020-07-27,US,North Dakota,Stutsman,101,2,0,46.97962541,-98.95637318,38093.0,487.82843894899537,1.98019801980198,99,94,2,0,92,93,20917,7,0,0,7,1
2020-07-27,US,North Dakota,Towner,5,0,0,48.68565745,-99.24564265,38095.0,228.41480127912288,0.0,5,5,0,0,5,5,2192,0,0,0,0,0
2020-07-27,US,North Dakota,Traill,36,0,0,47.45367788,-97.16323288,38097.0,447.9840716774515,0.0,36,35,0,0,35,35,8037,1,0,0,1,0
2020-07-27,US,North Dakota,Walsh,95,0,0,48.36876964,-97.72574783,38099.0,892.7732355981581,0.0,95,95,0,0,95,95,10667,0,0,0,0,0
2020-07-27,US,North Dakota,Ward,151,1,0,48.22390169,-101.5436763,38101.0,223.2373856093198,0.6622516556291391,150,147,1,0,146,139,67744,4,0,0,4,8
2020-07-27,US,North Dakota,Wells,13,0,0,47.58614526,-99.65904998,38103.0,339.07146583202916,0.0,13,13,0,0,13,12,3957,0,0,0,0,1
2020-07-27,US,North Dakota,Williams,202,2,0,48.34522353,-103.4793387,38105.0,537.3912580808216,0.99009900990099,200,196,2,0,194,195,35350,6,0,0,6,1
2020-07-27,US,Ohio,Adams,44,2,0,38.84541072,-83.4718964,39001.0,158.85623510722797,4.545454545454546,42,42,2,0,40,40,27724,2,0,0,2,2
2020-07-27,US,Ohio,Allen,560,41,0,40.77285242,-84.10802343,39003.0,547.1368135142793,7.321428571428571,519,532,41,0,491,522,102663,28,0,0,28,10
2020-07-27,US,Ohio,Ashland,118,4,0,40.84772277,-82.27280781,39005.0,220.62672948919302,3.3898305084745757,114,116,4,0,112,113,53745,2,0,0,2,3
2020-07-27,US,Ohio,Ashtabula,514,44,0,41.70860332,-80.74830218,39007.0,528.5836221346964,8.560311284046692,470,510,44,0,466,507,97493,4,0,0,4,3
2020-07-27,US,Ohio,Athens,319,1,0,39.33425634,-82.04278644,39009.0,488.3126425520841,0.31347962382445144,318,318,1,0,317,315,65818,1,0,0,1,3
2020-07-27,US,Ohio,Auglaize,174,5,0,40.55998859,-84.22421429999999,39011.0,381.11091641843353,2.8735632183908044,169,173,5,0,168,165,45804,1,0,0,1,8
2020-07-27,US,Ohio,Belmont,585,26,0,40.01625942,-80.9924051,39013.0,873.0561442258902,4.4444444444444455,559,584,26,0,558,584,67505,1,0,0,1,0
2020-07-27,US,Ohio,Brown,88,1,0,38.93416837,-83.86788395,39015.0,202.61558298029098,1.1363636363636365,87,83,1,0,82,82,43602,5,0,0,5,1
2020-07-27,US,Ohio,Butler,2455,56,0,39.44012838,-84.57388716,39017.0,640.7679819593145,2.281059063136456,2399,2418,54,0,2364,2382,382378,37,2,0,35,36
2020-07-27,US,Ohio,Carroll,97,4,0,40.5789686,-81.09178213,39019.0,360.4072230066137,4.123711340206185,93,92,4,0,88,93,27081,5,0,0,5,-1
2020-07-27,US,Ohio,Champaign,85,1,0,40.13923427,-83.76875242,39021.0,218.59328790021854,1.1764705882352942,84,84,1,0,83,83,38754,1,0,0,1,1
2020-07-27,US,Ohio,Clark,1002,11,0,39.91592258,-83.78498252,39023.0,747.2983152226607,1.0978043912175648,991,988,11,0,977,988,134585,14,0,0,14,0
2020-07-27,US,Ohio,Clermont,725,10,0,39.04847534,-84.15375786,39025.0,351.2120448776329,1.3793103448275863,715,723,9,0,714,715,205466,2,1,0,1,8
2020-07-27,US,Ohio,Clinton,132,5,0,39.41485808,-83.80852286,39027.0,314.5253526496378,3.787878787878788,127,127,4,0,123,126,42057,5,1,0,4,1
2020-07-27,US,Ohio,Columbiana,1507,60,0,40.76932373,-80.78094576,39029.0,1479.1476497551114,3.9814200398142,1447,1492,60,0,1432,1489,102665,15,0,0,15,3
2020-07-27,US,Ohio,Coshocton,175,5,0,40.30096166,-81.91729018,39031.0,478.14207650273227,2.8571428571428568,170,173,5,0,168,172,36629,2,0,0,2,1
2020-07-27,US,Ohio,Crawford,158,5,0,40.85065156,-82.91989099,39033.0,380.77794379910347,3.1645569620253164,153,158,5,0,153,155,41550,0,0,0,0,3
2020-07-27,US,Ohio,Cuyahoga,11788,454,0,41.424119,-81.65918339,39035.0,954.4382837599753,3.851374278927723,11334,11697,449,0,11248,11584,1243857,91,5,0,86,113
2020-07-27,US,Ohio,Darke,279,26,0,40.13412966,-84.6194517,39037.0,545.8493925224502,9.31899641577061,253,277,26,0,251,274,51323,2,0,0,2,3
2020-07-27,US,Ohio,Defiance,115,4,0,41.32398837,-84.49076944,39039.0,301.9402945887048,3.4782608695652173,111,110,4,0,106,106,38165,5,0,0,5,4
2020-07-27,US,Ohio,Delaware,1073,17,0,40.27942393,-83.00457058,39041.0,512.9627062248718,1.5843429636533084,1056,1060,17,0,1043,1048,204826,13,0,0,13,12
2020-07-27,US,Ohio,Erie,449,24,0,41.36796058,-82.62904521,39043.0,604.5835240890851,5.34521158129176,425,433,24,0,409,428,74615,16,0,0,16,5
2020-07-27,US,Ohio,Fairfield,1091,21,0,39.75107189,-82.63088163,39045.0,692.3731072385037,1.924839596700275,1070,1057,20,0,1037,1048,155782,34,1,0,33,9
2020-07-27,US,Ohio,Fayette,71,0,0,39.56021306,-83.4562016,39047.0,248.90446976336543,0.0,71,68,0,0,68,66,28666,3,0,0,3,2
2020-07-27,US,Ohio,Franklin,15862,494,0,39.96995815,-83.01115755,39049.0,1204.6271290960512,3.1143613667885512,15368,15682,489,0,15193,15548,1310300,180,5,0,175,134
2020-07-27,US,Ohio,Fulton,122,0,0,41.60213491,-84.12571393,39051.0,289.60736837107726,0.0,122,117,0,0,117,113,42276,5,0,0,5,4
2020-07-27,US,Ohio,Gallia,44,1,0,38.82708533,-82.31647569,39053.0,147.16703458425312,2.272727272727273,43,43,1,0,42,41,29979,1,0,0,1,2
2020-07-27,US,Ohio,Geauga,506,43,0,41.49952319,-81.17935342,39055.0,540.315433159991,8.49802371541502,463,502,43,0,459,498,94031,4,0,0,4,4
2020-07-27,US,Ohio,Greene,554,11,0,39.69116283,-83.89032084,39057.0,327.93289806259133,1.985559566787004,543,545,11,0,534,538,167995,9,0,0,9,7
2020-07-27,US,Ohio,Guernsey,99,6,0,40.05026529,-81.49248905,39059.0,254.66237942122186,6.0606060606060606,93,98,6,0,92,96,39022,1,0,0,1,2
2020-07-27,US,Ohio,Hamilton,8591,233,0,39.19673558,-84.54502924,39061.0,1050.9215594888146,2.7121406122686533,8358,8497,225,0,8272,8436,816684,94,8,0,86,61
2020-07-27,US,Ohio,Hancock,245,2,0,41.00250487,-83.66838948,39063.0,323.2915033714685,0.8163265306122449,243,238,2,0,236,215,75930,7,0,0,7,23
2020-07-27,US,Ohio,Hardin,143,12,0,40.66015414,-83.65929931,39065.0,455.9222062808863,8.391608391608392,131,142,12,0,130,142,31480,1,0,0,1,0
2020-07-27,US,Ohio,Harrison,16,1,0,40.29380509,-81.09068544,39067.0,106.38297872340424,6.25,15,16,1,0,15,16,15174,0,0,0,0,0
2020-07-27,US,Ohio,Henry,95,0,0,41.3339642,-84.06830637,39069.0,351.77367992298014,0.0,95,90,0,0,90,90,27086,5,0,0,5,0
2020-07-27,US,Ohio,Highland,96,1,0,39.1839264,-83.60331456,39071.0,222.42302078265098,1.0416666666666667,95,95,1,0,94,94,43058,1,0,0,1,1
2020-07-27,US,Ohio,Hocking,101,9,0,39.49537927,-82.47991446,39073.0,357.3450325502406,8.910891089108912,92,102,9,0,93,102,28385,-1,0,0,-1,0
2020-07-27,US,Ohio,Holmes,313,5,0,40.56163713,-81.92635677,39075.0,712.0109190172884,1.597444089456869,308,313,5,0,308,311,43892,0,0,0,0,2
2020-07-27,US,Ohio,Huron,334,3,0,41.14651175,-82.59867951,39077.0,573.2331033535853,0.8982035928143712,331,329,3,0,326,328,58504,5,0,0,5,1
2020-07-27,US,Ohio,Jackson,55,0,0,39.01914254,-82.61818559999998,39079.0,169.68500293092282,0.0,55,55,0,0,55,55,32384,0,0,0,0,0
2020-07-27,US,Ohio,Jefferson,178,2,0,40.38614126,-80.76259514,39081.0,272.4837351703024,1.1235955056179776,176,176,2,0,174,168,65767,2,0,0,2,8
2020-07-27,US,Ohio,Knox,127,2,0,40.39830217,-82.42027563,39083.0,203.7803664837457,1.5748031496062993,125,124,2,0,122,116,61893,3,0,0,3,8
2020-07-27,US,Ohio,Lake,929,28,0,41.69710807,-81.23676539,39085.0,403.6515474757657,3.013993541442411,901,914,27,0,887,900,230514,15,1,0,14,14
2020-07-27,US,Ohio,Lawrence,186,0,0,38.59743452,-82.53466552,39087.0,312.7995560264366,0.0,186,182,0,0,182,175,59866,4,0,0,4,7
2020-07-27,US,Ohio,Licking,953,26,0,40.09136236,-82.48185785,39089.0,538.838190227409,2.728226652675761,927,918,25,0,893,910,175769,35,1,0,34,8
2020-07-27,US,Ohio,Logan,102,1,0,40.38996525,-83.76784341,39091.0,223.3315817130846,0.9803921568627452,101,101,1,0,100,100,45358,1,0,0,1,1
2020-07-27,US,Ohio,Lorain,1484,75,0,41.29553751,-82.15083537,39093.0,478.9677019555696,5.053908355795149,1409,1474,75,0,1399,1463,309461,10,0,0,10,11
2020-07-27,US,Ohio,Lucas,4146,312,0,41.62101218,-83.65468618,39095.0,967.9046009319524,7.525325615050651,3834,4077,311,0,3766,4006,429899,69,1,0,68,71
2020-07-27,US,Ohio,Madison,276,9,0,39.89381073,-83.40178317,39097.0,617.0217522523529,3.260869565217391,267,271,9,0,262,271,44413,5,0,0,5,0
2020-07-27,US,Ohio,Mahoning,2280,248,0,41.01631101,-80.77287029,39099.0,997.0133328668944,10.87719298245614,2032,2258,244,0,2014,2232,229642,22,4,0,18,26
2020-07-27,US,Ohio,Marion,2825,41,0,40.58610662,-83.15736305,39101.0,4339.944387261303,1.4513274336283186,2784,2821,41,0,2780,2820,65256,4,0,0,4,1
2020-07-27,US,Ohio,Medina,765,32,0,41.11770589,-81.89986209999998,39103.0,425.6005696927887,4.183006535947713,733,757,32,0,725,746,179146,8,0,0,8,11
2020-07-27,US,Ohio,Meigs,23,0,0,39.09224872,-82.0305041,39105.0,100.40598943554373,0.0,23,23,0,0,23,23,23106,0,0,0,0,0
2020-07-27,US,Ohio,Mercer,449,11,0,40.54043046,-84.62912742,39107.0,1090.5469736714274,2.4498886414253898,438,438,11,0,427,423,40959,11,0,0,11,15
2020-07-27,US,Ohio,Miami,681,35,0,40.0543329,-84.22871271,39109.0,636.5259330572874,5.1395007342143915,646,659,35,0,624,650,106222,22,0,0,22,9
2020-07-27,US,Ohio,Monroe,89,17,0,39.72984936,-81.08464734,39111.0,651.8236414237588,19.101123595505623,72,89,17,0,72,89,13790,0,0,0,0,0
2020-07-27,US,Ohio,Montgomery,3567,55,0,39.75394919,-84.29050975,39113.0,670.8834332981622,1.5419119708438465,3512,3501,53,0,3448,3456,532331,66,2,0,64,45
2020-07-27,US,Ohio,Morgan,16,0,0,39.62081738,-81.85308173,39115.0,110.28398125172319,0.0,16,16,0,0,16,16,14604,0,0,0,0,0
2020-07-27,US,Ohio,Morrow,151,1,0,40.52363560000001,-82.7892599,39117.0,427.4230072463768,0.6622516556291391,150,151,1,0,150,148,35112,0,0,0,0,3
2020-07-27,US,Ohio,Muskingum,150,1,0,39.96575964,-81.94363275,39119.0,173.9836455373195,0.6666666666666666,149,143,1,0,142,140,86183,7,0,0,7,3
2020-07-27,US,Ohio,Noble,16,0,0,39.76818851,-81.45937183,39121.0,110.92623405435387,0.0,16,16,0,0,16,16,14354,0,0,0,0,0
2020-07-27,US,Ohio,Ottawa,316,24,0,41.53781826,-83.0940185,39123.0,779.7655768044417,7.594936708860758,292,313,24,0,289,308,40769,3,0,0,3,5
2020-07-27,US,Ohio,Paulding,55,0,0,41.11676341,-84.5801017,39125.0,294.55869751499574,0.0,55,52,0,0,52,53,18760,3,0,0,3,-1
2020-07-27,US,Ohio,Perry,74,1,0,39.73508655,-82.23804971,39127.0,204.79326949687274,1.351351351351351,73,70,1,0,69,68,36033,4,0,0,4,2
2020-07-27,US,Ohio,Pickaway,2314,42,0,39.64170392,-83.0243386,39129.0,3958.465196640265,1.8150388936905792,2272,2308,42,0,2266,2307,58086,6,0,0,6,1
2020-07-27,US,Ohio,Pike,50,0,0,39.07634001,-83.06769584,39131.0,180.03744778914017,0.0,50,48,0,0,48,46,28067,2,0,0,2,2
2020-07-27,US,Ohio,Portage,663,59,0,41.16793482,-81.19735782,39133.0,408.0853840188102,8.898944193061839,604,648,59,0,589,635,162927,15,0,0,15,13
2020-07-27,US,Ohio,Preble,126,2,0,39.7420247,-84.64787018,39135.0,308.20409960373763,1.5873015873015872,124,123,2,0,121,122,40997,3,0,0,3,1
2020-07-27,US,Ohio,Putnam,176,16,0,41.02094889,-84.1336111,39137.0,519.7720090960102,9.090909090909092,160,173,16,0,157,170,33780,3,0,0,3,3
2020-07-27,US,Ohio,Richland,487,8,0,40.77180308,-82.53799609999999,39139.0,401.96774353302413,1.6427104722792607,479,480,8,0,472,477,121099,7,0,0,7,3
2020-07-27,US,Ohio,Ross,283,5,0,39.33705391,-83.06000914,39141.0,369.1336446403882,1.7667844522968197,278,271,5,0,266,253,76931,12,0,0,12,18
2020-07-27,US,Ohio,Sandusky,282,15,0,41.35624126,-83.137872,39143.0,481.9030042038347,5.319148936170213,267,275,15,0,260,271,58799,7,0,0,7,4
2020-07-27,US,Ohio,Scioto,138,0,0,38.80270163,-82.98907345,39145.0,183.23286507156703,0.0,138,132,0,0,132,122,75502,6,0,0,6,10
2020-07-27,US,Ohio,Seneca,112,2,0,41.12351311,-83.12783209,39147.0,202.9794483308565,1.7857142857142858,110,104,2,0,102,101,55207,8,0,0,8,3
2020-07-27,US,Ohio,Shelby,121,4,0,40.33163494,-84.20258189,39149.0,249.02243259930023,3.3057851239669422,117,116,4,0,112,112,48627,5,0,0,5,4
2020-07-27,US,Ohio,Stark,1533,124,0,40.81482476,-81.36437305,39151.0,413.64683788173966,8.088714938030009,1409,1516,123,0,1393,1514,371574,17,1,0,16,2
2020-07-27,US,Ohio,Summit,2951,214,0,41.12464734,-81.53123079,39153.0,545.4582422233847,7.251779057946459,2737,2914,212,0,2702,2879,541918,37,2,0,35,35
2020-07-27,US,Ohio,Trumbull,1312,96,0,41.31735028,-80.76109643,39155.0,662.7132855829552,7.317073170731707,1216,1300,95,0,1205,1286,198627,12,1,0,11,14
2020-07-27,US,Ohio,Tuscarawas,723,11,0,40.44214695,-81.47226262,39157.0,785.9806276973918,1.5214384508990315,712,722,11,0,711,717,92176,1,0,0,1,5
2020-07-27,US,Ohio,Union,190,1,0,40.30016061,-83.37239023,39159.0,322.0994100495016,0.5263157894736842,189,178,1,0,177,169,57835,12,0,0,12,9
2020-07-27,US,Ohio,Van Wert,61,1,0,40.8554138,-84.59111700000003,39161.0,215.73828470380195,1.639344262295082,60,61,1,0,60,60,28281,0,0,0,0,1
2020-07-27,US,Ohio,Vinton,26,2,0,39.25208988,-82.4831444,39163.0,198.7008024455484,7.6923076923076925,24,26,2,0,24,26,13139,0,0,0,0,0
2020-07-27,US,Ohio,Warren,1421,31,0,39.42581994,-84.16557457,39165.0,605.7066862175087,2.181562280084448,1390,1400,30,0,1370,1383,232173,21,1,0,20,17
2020-07-27,US,Ohio,Washington,180,21,0,39.45690571,-81.49121382,39167.0,300.44566106391153,11.666666666666664,159,179,21,0,158,178,60155,1,0,0,1,1
2020-07-27,US,Ohio,Wayne,447,58,0,40.82925852,-81.88844833,39169.0,386.310604096448,12.97539149888143,389,446,58,0,388,443,115967,1,0,0,1,3
2020-07-27,US,Ohio,Williams,108,3,0,41.56052014,-84.58429552,39171.0,294.3420909190014,2.7777777777777777,105,106,3,0,103,103,36804,2,0,0,2,3
2020-07-27,US,Ohio,Wood,749,55,0,41.36224827,-83.62285108,39173.0,572.5555547061928,7.343124165554073,694,725,55,0,670,713,130696,24,0,0,24,12
2020-07-27,US,Ohio,Wyandot,106,5,0,40.84339621,-83.30734173,39175.0,486.8638618408965,4.716981132075472,101,99,5,0,94,92,21935,7,0,0,7,7
2020-07-27,US,Oklahoma,Adair,246,5,0,35.88494195,-94.65859267,40001.0,1108.4076777507435,2.0325203252032518,241,241,5,0,236,227,22082,5,0,0,5,14
2020-07-27,US,Oklahoma,Alfalfa,3,0,0,36.73090616,-98.32408495,40003.0,52.6131182041389,0.0,3,1,0,0,1,1,5754,2,0,0,2,0
2020-07-27,US,Oklahoma,Atoka,58,0,0,34.37366573,-96.03802487,40005.0,421.57290303823237,0.0,58,57,0,0,57,55,13838,1,0,0,1,2
2020-07-27,US,Oklahoma,Beaver,35,0,0,36.7496847,-100.4758872,40007.0,659.0096027113538,0.0,35,35,0,0,35,36,5319,0,0,0,0,-1
2020-07-27,US,Oklahoma,Beckham,37,0,0,35.26862449,-99.68128023,40009.0,169.26666361681688,0.0,37,34,0,0,34,30,21709,3,0,0,3,4
2020-07-27,US,Oklahoma,Blaine,29,0,0,35.87518314,-98.43307003,40011.0,307.56177749496237,0.0,29,29,0,0,29,27,9485,0,0,0,0,2
2020-07-27,US,Oklahoma,Bryan,323,1,0,33.96472458,-96.25903472,40013.0,672.9867694551516,0.30959752321981426,322,316,1,0,315,303,47192,7,0,0,7,13
2020-07-27,US,Oklahoma,Caddo,289,12,0,35.17364557,-98.37534464,40015.0,1004.7979973576248,4.1522491349480966,277,285,12,0,273,272,28977,4,0,0,4,13
2020-07-27,US,Oklahoma,Canadian,877,4,0,35.5426055,-97.98465569,40017.0,591.3449219856242,0.4561003420752566,873,830,4,0,826,795,144447,47,0,0,47,35
2020-07-27,US,Oklahoma,Carter,259,3,0,34.25103751,-97.28552485,40019.0,538.338425723847,1.1583011583011582,256,255,3,0,252,243,48177,4,0,0,4,12
2020-07-27,US,Oklahoma,Cherokee,240,1,0,35.90692775,-94.99980896,40021.0,493.24865898020835,0.4166666666666667,239,228,1,0,227,211,48675,12,0,0,12,17
2020-07-27,US,Oklahoma,Choctaw,155,1,0,34.02807439,-95.54771129,40023.0,1056.4340239912758,0.6451612903225806,154,154,1,0,153,152,14668,1,0,0,1,2
2020-07-27,US,Oklahoma,Cimarron,1,0,0,36.74817177,-102.5173885,40025.0,46.79457182966776,0.0,1,1,0,0,1,1,2153,0,0,0,0,0
2020-07-27,US,Oklahoma,Cleveland,2170,41,0,35.20413532,-97.32519562,40027.0,764.0468427612724,1.8894009216589864,2129,2120,41,0,2079,2048,281669,50,0,0,50,72
2020-07-27,US,Oklahoma,Coal,25,0,0,34.58840127,-96.29798747,40029.0,454.9590536851683,0.0,25,24,0,0,24,24,5520,1,0,0,1,0
2020-07-27,US,Oklahoma,Comanche,700,9,0,34.65973764,-98.47195055,40031.0,579.7149458794688,1.2857142857142858,691,693,9,0,684,659,120422,7,0,0,7,34
2020-07-27,US,Oklahoma,Cotton,16,2,0,34.28845626,-98.37053567,40033.0,282.3861630780092,12.5,14,16,2,0,14,16,5776,0,0,0,0,0
2020-07-27,US,Oklahoma,Craig,52,0,0,36.76268118,-95.20916602,40035.0,367.69905246782633,0.0,52,53,0,0,53,53,14306,-1,0,0,-1,0
2020-07-27,US,Oklahoma,Creek,410,12,0,35.90230551,-96.37086028,40037.0,573.2501887531109,2.9268292682926833,398,388,12,0,376,341,71604,22,0,0,22,47
2020-07-27,US,Oklahoma,Custer,157,0,0,35.63853802,-99.00170785,40039.0,541.3233113815812,0.0,157,156,0,0,156,158,29036,1,0,0,1,-2
2020-07-27,US,Oklahoma,Delaware,370,19,0,36.40823634,-94.80325046,40041.0,860.2850566160571,5.135135135135135,351,363,19,0,344,351,42733,7,0,0,7,12
2020-07-27,US,Oklahoma,Dewey,6,0,0,35.98772922,-99.00730714,40043.0,122.67429973420569,0.0,6,4,0,0,4,4,4894,2,0,0,2,0
2020-07-27,US,Oklahoma,Ellis,4,0,0,36.218019399999996,-99.75324573,40045.0,103.65379632029024,0.0,4,4,0,0,4,4,3952,0,0,0,0,0
2020-07-27,US,Oklahoma,Garfield,291,3,0,36.3791334,-97.78265517,40047.0,476.61163522012566,1.0309278350515465,288,280,3,0,277,227,60913,11,0,0,11,53
2020-07-27,US,Oklahoma,Garvin,176,4,0,34.70418038,-97.30811132,40049.0,635.1268449352242,2.272727272727273,172,173,4,0,169,172,27811,3,0,0,3,1
2020-07-27,US,Oklahoma,Grady,376,6,0,35.0167709,-97.88339847,40051.0,673.4247949278217,1.5957446808510638,370,366,6,0,360,352,55551,10,0,0,10,14
2020-07-27,US,Oklahoma,Grant,7,0,0,36.796296999999996,-97.78638765,40053.0,161.55088852988692,0.0,7,6,0,0,6,6,4326,1,0,0,1,0
2020-07-27,US,Oklahoma,Greer,78,7,0,34.93535801,-99.56056120000001,40055.0,1365.546218487395,8.974358974358974,71,78,7,0,71,78,5821,0,0,0,0,0
2020-07-27,US,Oklahoma,Harmon,5,0,0,34.7440135,-99.84741652,40057.0,188.46588767433101,0.0,5,5,0,0,5,5,2664,0,0,0,0,0
2020-07-27,US,Oklahoma,Harper,4,0,0,36.78836519,-99.6679804,40059.0,108.4598698481562,0.0,4,4,0,0,4,4,3797,0,0,0,0,0
2020-07-27,US,Oklahoma,Haskell,29,0,0,35.22257600000001,-95.11513306,40061.0,229.6665874712917,0.0,29,27,0,0,27,24,12668,2,0,0,2,3
2020-07-27,US,Oklahoma,Hughes,78,1,0,35.04912569,-96.24921145,40063.0,587.3936290383313,1.2820512820512822,77,73,1,0,72,53,13335,5,0,0,5,20
2020-07-27,US,Oklahoma,Jackson,383,3,0,34.58781741,-99.41138784,40065.0,1561.3534447615164,0.783289817232376,380,370,3,0,367,346,24949,13,0,0,13,24
2020-07-27,US,Oklahoma,Jefferson,27,0,0,34.11130184,-97.83182974,40067.0,449.85004998333886,0.0,27,27,0,0,27,23,6123,0,0,0,0,4
2020-07-27,US,Oklahoma,Johnston,36,0,0,34.31440473,-96.66011537,40069.0,324.76319350473614,0.0,36,34,0,0,34,28,10949,2,0,0,2,6
2020-07-27,US,Oklahoma,Kay,188,9,0,36.81799745,-97.14421435,40071.0,431.80669759750106,4.787234042553191,179,181,9,0,172,172,44161,7,0,0,7,9
2020-07-27,US,Oklahoma,Kingfisher,81,0,0,35.94530008,-97.94193268,40073.0,513.7963843958136,0.0,81,79,0,0,79,75,15816,2,0,0,2,4
2020-07-27,US,Oklahoma,Kiowa,24,1,0,34.91671958,-98.97720696,40075.0,275.6086357372531,4.166666666666667,23,24,1,0,23,23,8729,0,0,0,0,1
2020-07-27,US,Oklahoma,Latimer,41,1,0,34.87844729,-95.25215049,40077.0,407.0286905589199,2.4390243902439024,40,38,1,0,37,37,10231,3,0,0,3,1
2020-07-27,US,Oklahoma,Le Flore,136,1,0,34.89851864,-94.70392124,40079.0,272.8020379916956,0.7352941176470589,135,124,1,0,123,120,49980,12,0,0,12,4
2020-07-27,US,Oklahoma,Lincoln,97,2,0,35.70270942,-96.8812462,40081.0,278.1202511683918,2.061855670103093,95,92,2,0,90,74,34920,5,0,0,5,18
2020-07-27,US,Oklahoma,Logan,150,1,0,35.91899576,-97.44352845,40083.0,312.4284018245818,0.6666666666666666,149,147,1,0,146,143,47291,3,0,0,3,4
2020-07-27,US,Oklahoma,Love,61,0,0,33.95273467,-97.23906784,40085.0,594.9478201502,0.0,61,61,0,0,61,60,10134,0,0,0,0,1
2020-07-27,US,Oklahoma,Major,22,1,0,36.31149996,-98.53467076,40093.0,288.3733123607288,4.545454545454546,21,22,1,0,21,22,7644,0,0,0,0,0
2020-07-27,US,Oklahoma,Marshall,67,0,0,34.02311222,-96.76855464,40095.0,395.72382021144654,0.0,67,64,0,0,64,59,16806,3,0,0,3,5
2020-07-27,US,Oklahoma,Mayes,247,5,0,36.30179091,-95.23175116,40097.0,600.9732360097323,2.0242914979757085,242,246,5,0,241,234,41107,1,0,0,1,12
2020-07-27,US,Oklahoma,McClain,349,4,0,35.01123903,-97.44572302,40087.0,862.281958788358,1.146131805157593,345,342,4,0,338,336,39985,7,0,0,7,6
2020-07-27,US,Oklahoma,McCurtain,791,20,0,34.11664328,-94.77222373,40089.0,2409.234892787525,2.528445006321113,771,783,20,0,763,762,32703,8,0,0,8,21
2020-07-27,US,Oklahoma,McIntosh,127,1,0,35.37235506,-95.66599306,40091.0,648.0914472341294,0.7874015748031497,126,126,1,0,125,124,19815,1,0,0,1,2
2020-07-27,US,Oklahoma,Murray,49,0,0,34.48116015,-97.06826283,40099.0,348.18446670930155,0.0,49,51,0,0,51,49,13953,-2,0,0,-2,2
2020-07-27,US,Oklahoma,Muskogee,359,16,0,35.61318461,-95.37802952,40101.0,527.964469020692,4.456824512534818,343,333,16,0,317,316,68362,26,0,0,26,17
2020-07-27,US,Oklahoma,Noble,74,2,0,36.38953329,-97.22928674,40103.0,664.8099901176894,2.702702702702702,72,73,2,0,71,71,11289,1,0,0,1,2
2020-07-27,US,Oklahoma,Nowata,47,1,0,36.79843529,-95.61902331,40105.0,466.4549424374752,2.127659574468085,46,45,1,0,44,45,10218,2,0,0,2,0
2020-07-27,US,Oklahoma,Okfuskee,42,0,0,35.46485198,-96.32639984,40107.0,350.20428583340276,0.0,42,38,0,0,38,33,12098,4,0,0,4,5
2020-07-27,US,Oklahoma,Oklahoma,8019,89,0,35.55140095,-97.40716948,40109.0,1005.6004634866333,1.1098640728270357,7930,7621,90,0,7531,7415,792582,398,-1,0,399,206
2020-07-27,US,Oklahoma,Okmulgee,326,0,0,35.64661916,-95.96432828,40111.0,847.5237228649423,0.0,326,312,0,0,312,280,38335,14,0,0,14,32
2020-07-27,US,Oklahoma,Osage,325,10,0,36.62888819,-96.39635704,40113.0,692.0341545471969,3.0769230769230766,315,304,10,0,294,284,47014,21,0,0,21,20
2020-07-27,US,Oklahoma,Ottawa,277,2,0,36.83532655,-94.81011909,40115.0,889.9026568573906,0.7220216606498195,275,269,2,0,267,260,31175,8,0,0,8,9
2020-07-27,US,Oklahoma,Pawnee,107,3,0,36.31743373,-96.70331759999999,40117.0,653.3952125061065,2.803738317757009,104,107,3,0,104,101,16390,0,0,0,0,6
2020-07-27,US,Oklahoma,Payne,622,3,0,36.07695283,-96.97584944,40119.0,760.5399589161694,0.482315112540193,619,614,3,0,611,583,82040,8,0,0,8,31
2020-07-27,US,Oklahoma,Pittsburg,143,3,0,34.92065823,-95.75134320000001,40121.0,327.57593805836814,2.097902097902098,140,132,3,0,129,125,43877,11,0,0,11,7
2020-07-27,US,Oklahoma,Pontotoc,138,2,0,34.72959848,-96.68337199,40123.0,360.46390136871804,1.4492753623188406,136,131,2,0,129,124,38247,7,0,0,7,7
2020-07-27,US,Oklahoma,Pottawatomie,305,6,0,35.20614018,-96.94923008,40125.0,420.1564910733965,1.9672131147540983,299,300,6,0,294,270,72679,5,0,0,5,30
2020-07-27,US,Oklahoma,Pushmataha,67,0,0,34.41635232,-95.37603505,40127.0,603.8211968276856,0.0,67,60,0,0,60,53,11179,7,0,0,7,7
2020-07-27,US,Oklahoma,Roger Mills,6,0,0,35.68711719,-99.69666167,40129.0,167.45743790120008,0.0,6,6,0,0,6,6,3656,0,0,0,0,0
2020-07-27,US,Oklahoma,Rogers,654,12,0,36.37004357,-95.60406759,40131.0,707.3405509469063,1.834862385321101,642,603,12,0,591,577,91984,51,0,0,51,26
2020-07-27,US,Oklahoma,Seminole,146,5,0,35.16478725,-96.61686741,40133.0,601.863302827933,3.4246575342465757,141,141,5,0,136,127,24578,5,0,0,5,14
2020-07-27,US,Oklahoma,Sequoyah,160,3,0,35.49447108,-94.75463785,40135.0,384.9022107820732,1.875,157,147,3,0,144,138,41179,13,0,0,13,9
2020-07-27,US,Oklahoma,Stephens,151,1,0,34.48556989,-97.85141892,40137.0,349.9988410634402,0.6622516556291391,150,147,1,0,146,142,43265,4,0,0,4,5
2020-07-27,US,Oklahoma,Texas,1024,7,0,36.74777635,-101.4889765,40139.0,5124.355702346995,0.68359375,1017,1018,7,0,1011,1016,20455,6,0,0,6,2
2020-07-27,US,Oklahoma,Tillman,47,1,0,34.37288446,-98.92426619,40141.0,648.2758620689656,2.127659574468085,46,46,1,0,45,43,7348,1,0,0,1,3
2020-07-27,US,Oklahoma,Tulsa,7912,90,0,36.11939621,-95.94013939,40143.0,1214.3313196797799,1.1375126390293226,7822,7557,90,0,7467,7307,648360,355,0,0,355,250
2020-07-27,US,Oklahoma,Unassigned,157,1,0,0.0,0.0,90040.0,0.0,0.6369426751592356,156,,,,,,,,,,,
2020-07-27,US,Oklahoma,Wagoner,606,20,0,35.96024096,-95.51911308,40145.0,745.4883194528163,3.3003300330033003,586,577,20,0,557,562,80110,29,0,0,29,15
2020-07-27,US,Oklahoma,Washington,531,39,0,36.71380786,-95.90514104,40147.0,1030.5276845149144,7.344632768361581,492,534,39,0,495,526,51843,-3,0,0,-3,8
2020-07-27,US,Oklahoma,Washita,17,0,0,35.29071824,-98.99180434,40149.0,155.734701355808,0.0,17,18,0,0,18,17,11127,-1,0,0,-1,1
2020-07-27,US,Oklahoma,Woods,13,0,0,36.76705782,-98.86573064,40151.0,147.84487660639144,0.0,13,14,0,0,14,14,8897,-1,0,0,-1,0
2020-07-27,US,Oklahoma,Woodward,28,0,0,36.42316318,-99.26283045,40153.0,138.5384196724556,0.0,28,28,0,0,28,27,20222,0,0,0,0,1
2020-07-27,US,Oregon,Baker,22,0,0,44.70915557,-117.6749883,41001.0,136.44257008186554,0.0,22,22,0,0,22,17,16006,0,0,0,0,5
2020-07-27,US,Oregon,Benton,136,6,0,44.49167306,-123.4316987,41003.0,146.15326749271918,4.411764705882354,130,134,6,0,128,132,92101,2,0,0,2,2
2020-07-27,US,Oregon,Clackamas,1283,34,0,45.18787398,-122.2179634,41005.0,306.8005461671453,2.650038971161341,1249,1276,34,0,1242,1227,416075,7,0,0,7,49
2020-07-27,US,Oregon,Clatsop,68,0,0,45.99712889,-123.660711,41007.0,169.0533015115354,0.0,68,68,0,0,68,68,39764,0,0,0,0,0
2020-07-27,US,Oregon,Columbia,70,0,0,45.94464254,-123.08908980000001,41009.0,133.70516101921535,0.0,70,69,0,0,69,67,52377,1,0,0,1,2
2020-07-27,US,Oregon,Coos,80,0,0,43.17406868,-124.0594514,41011.0,124.05601128909704,0.0,80,80,0,0,80,76,64389,0,0,0,0,4
2020-07-27,US,Oregon,Crook,33,1,0,44.14230227,-120.356297,41013.0,135.22373381412882,3.0303030303030303,32,32,1,0,31,30,23867,1,0,0,1,2
2020-07-27,US,Oregon,Curry,13,0,0,42.45911325,-124.15728200000001,41015.0,56.70665212649946,0.0,13,13,0,0,13,13,22813,0,0,0,0,0
2020-07-27,US,Oregon,Deschutes,471,3,0,43.91570171,-121.2289121,41017.0,238.24939805353782,0.6369426751592356,468,460,3,0,457,419,191996,11,0,0,11,41
2020-07-27,US,Oregon,Douglas,117,1,0,43.27941273,-123.16729099999999,41019.0,105.42440079293566,0.8547008547008547,116,116,1,0,115,111,110283,1,0,0,1,5
2020-07-27,US,Oregon,Gilliam,3,0,0,45.37160076,-120.20488689999999,41021.0,156.90376569037656,0.0,3,3,0,0,3,3,1894,0,0,0,0,0
2020-07-27,US,Oregon,Grant,2,0,0,44.49024544,-119.0068631,41023.0,27.781636338380327,0.0,2,2,0,0,2,2,7176,0,0,0,0,0
2020-07-27,US,Oregon,Harney,7,0,0,43.06422669,-118.96663059999999,41025.0,94.684160692547,0.0,7,6,0,0,6,5,7329,1,0,0,1,1
2020-07-27,US,Oregon,Hood River,151,0,0,45.51872811,-121.65520359999998,41027.0,645.7959113848259,0.0,151,150,0,0,150,144,23428,1,0,0,1,6
2020-07-27,US,Oregon,Jackson,302,0,0,42.43201126,-122.72893090000001,41029.0,136.68621913244985,0.0,302,291,0,0,291,269,219564,11,0,0,11,22
2020-07-27,US,Oregon,Jefferson,267,0,0,44.62806839,-121.17832,41031.0,1082.8128802011518,0.0,267,258,0,0,258,244,24192,9,0,0,9,14
2020-07-27,US,Oregon,Josephine,84,1,0,42.3665549,-123.5561938,41033.0,96.01426497651079,1.1904761904761905,83,84,1,0,83,79,87393,0,0,0,0,5
2020-07-27,US,Oregon,Klamath,180,1,0,42.68762984,-121.64964609999998,41035.0,263.7826431020839,0.5555555555555556,179,181,1,0,180,177,67653,-1,0,0,-1,4
2020-07-27,US,Oregon,Lake,31,0,0,42.79246693,-120.38501629999999,41037.0,393.95094675308167,0.0,31,31,0,0,31,31,7879,0,0,0,0,0
2020-07-27,US,Oregon,Lane,455,3,0,43.93727035,-122.847753,41039.0,119.0890602957073,0.6593406593406593,452,448,3,0,445,435,379611,7,0,0,7,13
2020-07-27,US,Oregon,Lincoln,381,8,0,44.64252874,-123.86991200000001,41041.0,762.5795604659543,2.0997375328083994,373,380,8,0,372,377,49388,1,0,0,1,3
2020-07-27,US,Oregon,Linn,224,10,0,44.48899494,-122.53731540000001,41043.0,172.64102228148198,4.464285714285714,214,223,10,0,213,215,127335,1,0,0,1,8
2020-07-27,US,Oregon,Malheur,584,8,0,43.1937027,-117.62273950000001,41045.0,1910.3071538386048,1.3698630136986298,576,576,8,0,568,557,30725,8,0,0,8,19
2020-07-27,US,Oregon,Marion,2437,65,0,44.90287942,-122.58151170000001,41047.0,700.6537902006222,2.667213787443578,2372,2413,65,0,2348,2333,346868,24,0,0,24,80
2020-07-27,US,Oregon,Morrow,250,1,0,45.41846568,-119.584546,41049.0,2154.615185727829,0.4,249,245,1,0,244,222,11372,5,0,0,5,23
2020-07-27,US,Oregon,Multnomah,4039,82,0,45.54747959,-122.4169351,41051.0,496.8905893425026,2.0302054964100025,3957,3921,82,0,3839,3813,811880,118,0,0,118,108
2020-07-27,US,Oregon,Polk,254,12,0,44.90322804,-123.4128888,41053.0,295.0572108962072,4.724409448818896,242,245,12,0,233,231,85234,9,0,0,9,14
2020-07-27,US,Oregon,Sherman,8,0,0,45.41501554,-120.6827834,41055.0,449.438202247191,0.0,8,8,0,0,8,8,1708,0,0,0,0,0
2020-07-27,US,Oregon,Tillamook,24,0,0,45.46248721,-123.712066,41057.0,88.7705281846427,0.0,24,24,0,0,24,24,26787,0,0,0,0,0
2020-07-27,US,Oregon,Umatilla,1723,16,0,45.59073056,-118.7353826,41059.0,2210.3912764592687,0.9286128845037724,1707,1678,16,0,1662,1563,77516,45,0,0,45,115
2020-07-27,US,Oregon,Union,385,2,0,45.30915495,-118.0068979,41061.0,1434.6934972983045,0.5194805194805194,383,385,2,0,383,385,26461,0,0,0,0,0
2020-07-27,US,Oregon,Wallowa,18,1,0,45.57894064,-117.18353799999998,41063.0,249.7225305216426,5.5555555555555545,17,18,1,0,17,18,7081,0,0,0,0,0
2020-07-27,US,Oregon,Wasco,147,3,0,45.16292781,-121.16709540000001,41065.0,550.9332134022936,2.0408163265306123,144,146,3,0,143,139,26505,1,0,0,1,7
2020-07-27,US,Oregon,Washington,2553,22,0,45.55972701,-123.0955257,41067.0,424.3739943350311,0.8617312965139052,2531,2495,22,0,2473,2406,597695,58,0,0,58,89
2020-07-27,US,Oregon,Yamhill,286,9,0,45.23330449,-123.3086963,41071.0,267.0401493930906,3.1468531468531467,277,277,9,0,268,264,107002,9,0,0,9,13
2020-07-27,US,Pennsylvania,Adams,442,17,0,39.87140411,-77.21610347,42001.0,429.0887204030716,3.8461538461538463,425,442,17,0,425,442,102811,0,0,0,0,0
2020-07-27,US,Pennsylvania,Allegheny,7474,218,0,40.46809875,-79.98167747,42003.0,614.6154130809304,2.916778164302917,7256,7294,218,0,7076,7161,1218452,180,0,0,180,133
2020-07-27,US,Pennsylvania,Armstrong,166,6,0,40.81665618,-79.46290811,42005.0,256.4300610179964,3.614457831325301,160,163,6,0,157,151,65263,3,0,0,3,12
2020-07-27,US,Pennsylvania,Beaver,1127,82,0,40.6825484,-80.34921611,42007.0,687.492756010224,7.275953859804791,1045,1116,82,0,1034,1101,164742,11,0,0,11,15
2020-07-27,US,Pennsylvania,Bedford,123,4,0,40.00522157,-78.48998442,42009.0,256.84931506849307,3.2520325203252027,119,123,4,0,119,113,48176,0,0,0,0,10
2020-07-27,US,Pennsylvania,Berks,5044,362,0,40.41570541,-75.92457766,42011.0,1197.63322601172,7.1768437747819185,4682,5017,362,0,4655,5008,420152,27,0,0,27,9
2020-07-27,US,Pennsylvania,Blair,176,2,0,40.47961444,-78.34917412,42013.0,144.46478260512689,1.1363636363636365,174,176,2,0,174,171,122492,0,0,0,0,5
2020-07-27,US,Pennsylvania,Bradford,75,3,0,41.78869215,-76.51570822,42015.0,124.33068647116356,4.0,72,75,3,0,72,75,60833,0,0,0,0,0
2020-07-27,US,Pennsylvania,Bucks,6718,574,0,40.33682119,-75.10836643,42017.0,1069.2854982730355,8.544209586186366,6144,6690,574,0,6116,6664,628195,28,0,0,28,26
2020-07-27,US,Pennsylvania,Butler,562,14,0,40.91152759,-79.91351055,42019.0,299.1700957663705,2.491103202846975,548,556,14,0,542,544,187888,6,0,0,6,12
2020-07-27,US,Pennsylvania,Cambria,221,3,0,40.49527404,-78.71377428,42021.0,169.749293351358,1.3574660633484164,218,219,3,0,216,215,131730,2,0,0,2,4
2020-07-27,US,Pennsylvania,Cameron,5,0,0,41.43625568,-78.20376845,42023.0,112.4353496739375,0.0,5,5,0,0,5,5,4492,0,0,0,0,0
2020-07-27,US,Pennsylvania,Carbon,352,28,0,40.91545395,-75.7068525,42025.0,548.4403726901622,7.954545454545454,324,352,28,0,324,345,64227,0,0,0,0,7
2020-07-27,US,Pennsylvania,Centre,357,9,0,40.92058903,-77.82200624,42027.0,219.84789235458942,2.5210084033613445,348,356,9,0,347,313,162805,1,0,0,1,43
2020-07-27,US,Pennsylvania,Chester,4709,343,0,39.97291773,-75.74768357,42029.0,896.9711746341353,7.283924400084944,4366,4580,343,0,4237,4580,522046,129,0,0,129,0
2020-07-27,US,Pennsylvania,Clarion,72,2,0,41.19265812,-79.42413524,42031.0,187.31463655757324,2.7777777777777777,70,72,2,0,70,72,38779,0,0,0,0,0
2020-07-27,US,Pennsylvania,Clearfield,116,0,0,41.00110782,-78.47592663,42033.0,146.36300548861269,0.0,116,116,0,0,116,114,79388,0,0,0,0,2
2020-07-27,US,Pennsylvania,Clinton,110,5,0,41.23255967,-77.63785995,42035.0,284.7380410022779,4.545454545454546,105,110,5,0,105,107,38684,0,0,0,0,3
2020-07-27,US,Pennsylvania,Columbia,452,35,0,41.04821986,-76.40565017,42037.0,695.7699649036391,7.743362831858407,417,451,35,0,416,446,65456,1,0,0,1,5
2020-07-27,US,Pennsylvania,Crawford,118,1,0,41.68447709,-80.10760592,42039.0,139.43210956055253,0.8474576271186439,117,118,1,0,117,118,85063,0,0,0,0,0
2020-07-27,US,Pennsylvania,Cumberland,1142,70,0,40.1625372,-77.26130755,42041.0,450.72423728144616,6.1295971978984225,1072,1119,70,0,1049,1106,251423,23,0,0,23,13
2020-07-27,US,Pennsylvania,Dauphin,2559,153,0,40.41377078,-76.77993242,42043.0,919.5146227618496,5.9788980070339965,2406,2537,153,0,2384,2526,277097,22,0,0,22,11
2020-07-27,US,Pennsylvania,Delaware,8371,681,0,39.91680171,-75.40243663,42045.0,1477.0259039747891,8.13522876597778,7690,8285,681,0,7604,8250,564751,86,0,0,86,35
2020-07-27,US,Pennsylvania,Elk,39,2,0,41.42822061,-78.64524744,42047.0,130.3911735205617,5.128205128205129,37,39,2,0,37,39,30169,0,0,0,0,0
2020-07-27,US,Pennsylvania,Erie,865,15,0,41.99253829,-80.03301954,42049.0,320.69343931664486,1.7341040462427746,850,856,15,0,841,847,272061,9,0,0,9,9
2020-07-27,US,Pennsylvania,Fayette,314,4,0,39.92041012,-79.64291195,42051.0,242.89493633677304,1.2738853503184713,310,311,4,0,307,307,130441,3,0,0,3,4
2020-07-27,US,Pennsylvania,Forest,7,0,0,41.51095103,-79.23229292,42053.0,96.59169311439214,0.0,7,7,0,0,7,7,7279,0,0,0,0,0
2020-07-27,US,Pennsylvania,Franklin,1201,46,0,39.92956518,-77.72157791,42055.0,774.7037612802931,3.830141548709409,1155,1191,46,0,1145,1186,154835,10,0,0,10,5
2020-07-27,US,Pennsylvania,Fulton,21,2,0,39.92913544,-78.11163677,42057.0,144.52856159669648,9.523809523809524,19,21,2,0,19,21,14523,0,0,0,0,0
2020-07-27,US,Pennsylvania,Greene,99,0,0,39.85746531,-80.22357106,42059.0,273.2315844671984,0.0,99,98,0,0,98,97,36506,1,0,0,1,1
2020-07-27,US,Pennsylvania,Huntingdon,286,4,0,40.42162652,-77.97673273,42061.0,633.5282651072125,1.3986013986013983,282,285,4,0,281,279,45168,1,0,0,1,6
2020-07-27,US,Pennsylvania,Indiana,223,6,0,40.65241041,-79.08963285,42063.0,265.24567935008855,2.690582959641256,217,218,6,0,212,206,84501,5,0,0,5,12
2020-07-27,US,Pennsylvania,Jefferson,51,1,0,41.12913106,-78.9986361,42065.0,117.44386873920551,1.96078431372549,50,51,1,0,50,49,43641,0,0,0,0,2
2020-07-27,US,Pennsylvania,Juniata,125,6,0,40.53358749,-77.39975129999998,42067.0,504.7853652626903,4.8,119,123,6,0,117,122,24704,2,0,0,2,1
2020-07-27,US,Pennsylvania,Lackawanna,1860,212,0,41.43564672,-75.60379201,42069.0,887.0913894903517,11.397849462365592,1648,1854,212,0,1642,1851,210793,6,0,0,6,3
2020-07-27,US,Pennsylvania,Lancaster,5328,401,0,40.03904563,-76.24770128,42071.0,976.3176990566659,7.526276276276278,4927,5311,401,0,4910,5263,543557,17,0,0,17,48
2020-07-27,US,Pennsylvania,Lawrence,291,11,0,40.99206278,-80.33393706,42073.0,340.30311535223126,3.7800687285223367,280,288,11,0,277,280,86184,3,0,0,3,8
2020-07-27,US,Pennsylvania,Lebanon,1548,54,0,40.36680311,-76.45651841,42075.0,1091.7323140070384,3.4883720930232562,1494,1544,54,0,1490,1541,141314,4,0,0,4,3
2020-07-27,US,Pennsylvania,Lehigh,4703,335,0,40.6154815,-75.59435245,42077.0,1273.4283192262496,7.123112906655327,4368,4688,335,0,4353,4667,368100,15,0,0,15,21
2020-07-27,US,Pennsylvania,Luzerne,3156,183,0,41.17823008,-75.98447579,42079.0,994.2756689150234,5.798479087452471,2973,3144,183,0,2961,3130,317646,12,0,0,12,14
2020-07-27,US,Pennsylvania,Lycoming,299,20,0,41.34310539,-77.06629984,42081.0,263.90347664145315,6.68896321070234,279,294,20,0,274,292,113664,5,0,0,5,2
2020-07-27,US,Pennsylvania,McKean,26,1,0,41.80938602,-78.56478358,42083.0,64.0,3.8461538461538463,25,26,1,0,25,26,40968,0,0,0,0,0
2020-07-27,US,Pennsylvania,Mercer,300,9,0,41.30248872,-80.25816981,42085.0,274.1628893113028,3.0,291,296,9,0,287,293,110683,4,0,0,4,3
2020-07-27,US,Pennsylvania,Mifflin,91,1,0,40.61116939,-77.61070738,42087.0,197.23438380510643,1.0989010989010992,90,91,1,0,90,89,46222,0,0,0,0,2
2020-07-27,US,Pennsylvania,Monroe,1557,122,0,41.05934058,-75.34031025,42089.0,914.4246524657754,7.83558124598587,1435,1553,121,0,1432,1551,169507,4,1,0,3,2
2020-07-27,US,Pennsylvania,Montgomery,9555,844,0,40.21053671,-75.36652296,42091.0,1149.9371175150286,8.833071690214547,8711,9492,844,0,8648,9444,828604,63,0,0,63,48
2020-07-27,US,Pennsylvania,Montour,91,3,0,41.03023987,-76.66345939,42093.0,499.1771804717498,3.2967032967032965,88,91,3,0,88,89,18240,0,0,0,0,2
2020-07-27,US,Pennsylvania,Northampton,3758,289,0,40.75182733,-75.30471829,42095.0,1230.9808867124166,7.690260777009048,3469,3746,289,0,3457,3727,304807,12,0,0,12,19
2020-07-27,US,Pennsylvania,Northumberland,381,11,0,40.84785433,-76.70798222,42097.0,419.40490736765634,2.8871391076115485,370,381,11,0,370,379,91083,0,0,0,0,2
2020-07-27,US,Pennsylvania,Perry,108,5,0,40.40206612,-77.26297447,42099.0,233.40248962655602,4.62962962962963,103,106,5,0,101,106,46139,2,0,0,2,0
2020-07-27,US,Pennsylvania,Philadelphia,29803,1678,0,40.00338507,-75.1379271,42101.0,1881.426508019878,5.6303056739254425,28125,29303,1676,0,27627,29303,1584138,500,2,0,498,0
2020-07-27,US,Pennsylvania,Pike,523,21,0,41.33155042,-75.03208106,42103.0,937.1248364959056,4.0152963671128115,502,523,21,0,502,521,55933,0,0,0,0,2
2020-07-27,US,Pennsylvania,Potter,20,0,0,41.74471626,-77.89559864,42105.0,121.0214207914801,0.0,20,20,0,0,20,20,16622,0,0,0,0,0
2020-07-27,US,Pennsylvania,Schuylkill,849,49,0,40.70497338,-76.2150785,42107.0,600.5984762201202,5.771495877502946,800,848,49,0,799,843,142067,1,0,0,1,5
2020-07-27,US,Pennsylvania,Snyder,87,2,0,40.77129231,-77.06840691,42109.0,215.4958882393738,2.2988505747126435,85,87,2,0,85,87,40540,0,0,0,0,0
2020-07-27,US,Pennsylvania,Somerset,112,2,0,39.97172723,-79.02699593,42111.0,152.49091181396108,1.7857142857142858,110,106,2,0,104,106,73952,6,0,0,6,0
2020-07-27,US,Pennsylvania,Sullivan,10,0,0,41.44634738,-76.51246591,42113.0,164.85328058028355,0.0,10,10,0,0,10,10,6071,0,0,0,0,0
2020-07-27,US,Pennsylvania,Susquehanna,204,26,0,41.82147784,-75.80071959,42115.0,505.8520134893871,12.745098039215687,178,204,26,0,178,204,40589,0,0,0,0,0
2020-07-27,US,Pennsylvania,Tioga,34,2,0,41.77255149,-77.25433032,42117.0,83.76241038653889,5.882352941176472,32,34,2,0,32,35,40763,0,0,0,0,-1
2020-07-27,US,Pennsylvania,Union,124,2,0,40.96188846,-77.05996014,42119.0,276.0278699107362,1.6129032258064515,122,123,2,0,121,119,44785,1,0,0,1,4
2020-07-27,US,Pennsylvania,Venango,55,0,0,41.40323442,-79.75845449,42121.0,108.54977500592086,0.0,55,55,0,0,55,53,51266,0,0,0,0,2
2020-07-27,US,Pennsylvania,Warren,14,1,0,41.81304978,-79.26969577,42123.0,35.72248730575897,7.142857142857142,13,14,1,0,13,14,39498,0,0,0,0,0
2020-07-27,US,Pennsylvania,Washington,681,10,0,40.19208869,-80.24582867,42125.0,329.2002030309622,1.4684287812041117,671,669,10,0,659,654,207346,12,0,0,12,15
2020-07-27,US,Pennsylvania,Wayne,154,8,0,41.64938475,-75.29956506,42127.0,299.83839878507035,5.194805194805196,146,153,8,0,145,152,51276,1,0,0,1,1
2020-07-27,US,Pennsylvania,Westmoreland,1313,43,0,40.31377979999999,-79.46615476,42129.0,376.3266733352632,3.2749428789032753,1270,1302,43,0,1259,1271,350611,11,0,0,11,31
2020-07-27,US,Pennsylvania,Wyoming,56,7,0,41.51955538,-76.01074915,42131.0,209.00201537657685,12.5,49,56,7,0,49,56,27046,0,0,0,0,0
2020-07-27,US,Pennsylvania,York,2182,81,0,39.9210089,-76.73040131,42133.0,485.90605222487966,3.712190650779102,2101,2161,80,0,2081,2152,448273,21,1,0,20,9
2020-07-27,US,Puerto Rico,Adjuntas,77,0,0,18.180117000000006,-66.754367,72001.0,395.21634245239443,0.0,77,77,0,0,77,74,,0,0,0,0,3
2020-07-27,US,Puerto Rico,Aguada,92,0,0,18.360255,-67.17513100000001,72003.0,219.26166019209228,0.0,92,91,0,0,91,89,,1,0,0,1,2
2020-07-27,US,Puerto Rico,Aguadilla,156,0,0,18.459681,-67.12081500000001,72005.0,255.95169732071082,0.0,156,152,0,0,152,142,,4,0,0,4,10
2020-07-27,US,Puerto Rico,Aguas Buenas,94,0,0,18.251619,-66.126806,72007.0,327.99469625597544,0.0,94,94,0,0,94,91,,0,0,0,0,3
2020-07-27,US,Puerto Rico,Aibonito,70,0,0,18.131361,-66.264131,72009.0,270.27027027027026,0.0,70,70,0,0,70,67,,0,0,0,0,3
2020-07-27,US,Puerto Rico,Anasco,103,0,0,18.287985,-67.120611,72011.0,352.0043744232938,0.0,103,101,0,0,101,99,,2,0,0,2,2
2020-07-27,US,Puerto Rico,Arecibo,228,0,0,18.406631,-66.675077,72013.0,236.41642472003318,0.0,228,227,0,0,227,224,,1,0,0,1,3
2020-07-27,US,Puerto Rico,Arroyo,71,0,0,17.998457000000005,-66.056546,72015.0,362.7075351213283,0.0,71,70,0,0,70,68,,1,0,0,1,2
2020-07-27,US,Puerto Rico,Barceloneta,57,0,0,18.445533,-66.56053100000001,72017.0,229.69052224371373,0.0,57,56,0,0,56,51,,1,0,0,1,5
2020-07-27,US,Puerto Rico,Barranquitas,163,0,0,18.201592,-66.30963,72019.0,537.6344086021505,0.0,163,162,0,0,162,154,,1,0,0,1,8
2020-07-27,US,Puerto Rico,Bayamon,980,0,0,18.34946,-66.168435,72021.0,470.89123373503236,0.0,980,960,0,0,960,912,,20,0,0,20,48
2020-07-27,US,Puerto Rico,Cabo Rojo,158,0,0,18.040993,-67.154391,72023.0,310.3089341477306,0.0,158,156,0,0,156,152,,2,0,0,2,4
2020-07-27,US,Puerto Rico,Caguas,522,0,0,18.211615,-66.050779,72025.0,365.3083076147888,0.0,522,513,0,0,513,486,,9,0,0,9,27
2020-07-27,US,Puerto Rico,Camuy,87,0,0,18.418578,-66.860206,72027.0,247.44731078813388,0.0,87,79,0,0,79,78,,8,0,0,8,1
2020-07-27,US,Puerto Rico,Canovanas,263,0,0,18.328802,-65.887612,72029.0,551.96440564137,0.0,263,258,0,0,258,247,,5,0,0,5,11
2020-07-27,US,Puerto Rico,Carolina,779,0,0,18.374986,-65.95683100000001,72031.0,440.70558151638926,0.0,779,759,0,0,759,740,,20,0,0,20,19
2020-07-27,US,Puerto Rico,Catano,128,0,0,18.437269,-66.14330600000001,72033.0,454.8685145700071,0.0,128,123,0,0,123,119,,5,0,0,5,4
2020-07-27,US,Puerto Rico,Cayey,156,0,0,18.102851,-66.14914,72035.0,324.19626343024584,0.0,156,155,0,0,155,152,,1,0,0,1,3
2020-07-27,US,Puerto Rico,Ceiba,50,0,0,18.251818,-65.666416,72037.0,366.8109456386178,0.0,50,49,0,0,49,48,,1,0,0,1,1
2020-07-27,US,Puerto Rico,Ciales,105,0,0,18.28885,-66.516475,72039.0,559.0458950058567,0.0,105,105,0,0,105,102,,0,0,0,0,3
2020-07-27,US,Puerto Rico,Cidra,125,0,0,18.173559,-66.161179,72041.0,287.4885004599816,0.0,125,123,0,0,123,119,,2,0,0,2,4
2020-07-27,US,Puerto Rico,Coamo,97,0,0,18.097597,-66.36014,72043.0,239.4352290679305,0.0,97,94,0,0,94,89,,3,0,0,3,5
2020-07-27,US,Puerto Rico,Comerio,94,0,0,18.224687,-66.221622,72045.0,452.4015785927424,0.0,94,94,0,0,94,92,,0,0,0,0,2
2020-07-27,US,Puerto Rico,Corozal,118,0,0,18.304264,-66.327738,72047.0,317.69963922244364,0.0,118,116,0,0,116,107,,2,0,0,2,9
2020-07-27,US,Puerto Rico,Culebra,14,0,0,18.31586,-65.28813000000001,72049.0,770.0770077007701,0.0,14,14,0,0,14,14,,0,0,0,0,0
2020-07-27,US,Puerto Rico,Dorado,217,0,0,18.436115,-66.278669,72051.0,568.5837809511332,0.0,217,213,0,0,213,203,,4,0,0,4,10
2020-07-27,US,Puerto Rico,Fajardo,165,0,0,18.318373,-65.666866,72053.0,446.03033006244425,0.0,165,162,0,0,162,154,,3,0,0,3,8
2020-07-27,US,Puerto Rico,Florida,104,0,0,18.373715,-66.560488,72054.0,820.1892744479495,0.0,104,104,0,0,104,103,,0,0,0,0,1
2020-07-27,US,Puerto Rico,Guanica,52,0,0,17.982429,-66.91964300000001,72055.0,267.66870849848146,0.0,52,52,0,0,52,52,,0,0,0,0,0
2020-07-27,US,Puerto Rico,Guayama,118,0,0,18.007516,-66.13390799999999,72057.0,260.12962391428954,0.0,118,118,0,0,118,114,,0,0,0,0,4
2020-07-27,US,Puerto Rico,Guayanilla,111,0,0,18.039942,-66.79186,72059.0,514.3413187526063,0.0,111,109,0,0,109,97,,2,0,0,2,12
2020-07-27,US,Puerto Rico,Guaynabo,623,0,0,18.345114,-66.11452299999999,72061.0,636.2076712552591,0.0,623,622,0,0,622,605,,1,0,0,1,17
2020-07-27,US,Puerto Rico,Gurabo,177,0,0,18.266461,-65.97970500000001,72063.0,390.13423262580176,0.0,177,176,0,0,176,172,,1,0,0,1,4
2020-07-27,US,Puerto Rico,Hatillo,73,0,0,18.410928,-66.79632600000001,72065.0,174.00424284318166,0.0,73,72,0,0,72,72,,1,0,0,1,0
2020-07-27,US,Puerto Rico,Hormigueros,76,0,0,18.134532,-67.113972,72067.0,440.5797101449276,0.0,76,76,0,0,76,73,,0,0,0,0,3
2020-07-27,US,Puerto Rico,Humacao,143,0,0,18.145211,-65.810174,72069.0,244.58659733862416,0.0,143,141,0,0,141,136,,2,0,0,2,5
2020-07-27,US,Puerto Rico,Isabela,101,0,0,18.44981,-67.005093,72071.0,221.3407551883588,0.0,101,99,0,0,99,97,,2,0,0,2,2
2020-07-27,US,Puerto Rico,Jayuya,174,0,0,18.211446,-66.58878,72073.0,1045.5474101670472,0.0,174,173,0,0,173,172,,1,0,0,1,1
2020-07-27,US,Puerto Rico,Juana Diaz,157,0,0,18.050764,-66.49458100000001,72075.0,196.50299760942212,0.0,157,155,0,0,155,152,,2,0,0,2,3
2020-07-27,US,Puerto Rico,Juncos,89,0,0,18.223793,-65.909109,72077.0,220.89848597666915,0.0,89,86,0,0,86,83,,3,0,0,3,3
2020-07-27,US,Puerto Rico,Lajas,66,0,0,18.011661,-67.040585,72079.0,256.2808216518464,0.0,66,66,0,0,66,63,,0,0,0,0,3
2020-07-27,US,Puerto Rico,Lares,116,0,0,18.269035,-66.867236,72081.0,377.1989724579717,0.0,116,116,0,0,116,111,,0,0,0,0,5
2020-07-27,US,Puerto Rico,Las Marias,43,0,0,18.23679,-66.98362,72083.0,435.1786256451776,0.0,43,42,0,0,42,42,,1,0,0,1,0
2020-07-27,US,Puerto Rico,Las Piedras,120,0,0,18.187527,-65.86946800000001,72085.0,310.2779573367808,0.0,120,119,0,0,119,116,,1,0,0,1,3
2020-07-27,US,Puerto Rico,Loiza,72,0,0,18.425688,-65.89943000000001,72087.0,239.5209580838324,0.0,72,71,0,0,71,69,,1,0,0,1,2
2020-07-27,US,Puerto Rico,Luquillo,82,0,0,18.342114,-65.72509699999999,72089.0,408.6107235399642,0.0,82,82,0,0,82,81,,0,0,0,0,1
2020-07-27,US,Puerto Rico,Manati,156,0,0,18.420473,-66.490461,72091.0,353.6372497903113,0.0,156,150,0,0,150,134,,6,0,0,6,16
2020-07-27,US,Puerto Rico,Maricao,39,0,0,18.171795,-66.942126,72093.0,621.414913957935,0.0,39,39,0,0,39,38,,0,0,0,0,1
2020-07-27,US,Puerto Rico,Maunabo,45,0,0,18.017889,-65.922235,72095.0,368.0981595092025,0.0,45,45,0,0,45,44,,0,0,0,0,1
2020-07-27,US,Puerto Rico,Mayaguez,394,0,0,18.2013,-67.1452,72097.0,442.2990570273912,0.0,394,379,0,0,379,370,,15,0,0,15,9
2020-07-27,US,Puerto Rico,Moca,131,0,0,18.377805,-67.080952,72099.0,326.6099877832905,0.0,131,128,0,0,128,122,,3,0,0,3,6
2020-07-27,US,Puerto Rico,Morovis,172,0,0,18.316963,-66.420383,72101.0,527.445568843913,0.0,172,169,0,0,169,161,,3,0,0,3,8
2020-07-27,US,Puerto Rico,Naguabo,77,0,0,18.230637,-65.753897,72103.0,288.17365269461084,0.0,77,73,0,0,73,69,,4,0,0,4,4
2020-07-27,US,Puerto Rico,Naranjito,179,0,0,18.288019,-66.252703,72105.0,588.777054141175,0.0,179,176,0,0,176,151,,3,0,0,3,25
2020-07-27,US,Puerto Rico,Orocovis,147,0,0,18.215046,-66.433604,72107.0,627.5882679417666,0.0,147,145,0,0,145,143,,2,0,0,2,2
2020-07-27,US,Puerto Rico,Out of PR,537,0,0,0.0,0.0,72888.0,0.0,0.0,537,537,0,0,537,534,,0,0,0,0,3
2020-07-27,US,Puerto Rico,Patillas,85,0,0,18.03174,-66.012242,72109.0,440.9399802873891,0.0,85,85,0,0,85,85,,0,0,0,0,0
2020-07-27,US,Puerto Rico,Penuelas,52,0,0,18.059645,-66.721572,72111.0,214.15039947286056,0.0,52,51,0,0,51,50,,1,0,0,1,1
2020-07-27,US,Puerto Rico,Ponce,375,0,0,18.059498,-66.613748,72113.0,225.45948643335117,0.0,375,372,0,0,372,360,,3,0,0,3,12
2020-07-27,US,Puerto Rico,Quebradillas,60,0,0,18.439692,-66.926113,72115.0,231.4904124387515,0.0,60,56,0,0,56,56,,4,0,0,4,0
2020-07-27,US,Puerto Rico,Rincon,78,0,0,18.335443,-67.23174,72117.0,513.1578947368421,0.0,78,77,0,0,77,76,,1,0,0,1,1
2020-07-27,US,Puerto Rico,Rio Grande,200,0,0,18.346329,-65.813742,72119.0,368.29699469652326,0.0,200,195,0,0,195,190,,5,0,0,5,5
2020-07-27,US,Puerto Rico,Sabana Grande,103,0,0,18.08282,-66.943758,72121.0,407.67860676825654,0.0,103,101,0,0,101,98,,2,0,0,2,3
2020-07-27,US,Puerto Rico,Salinas,130,0,0,18.010386999999994,-66.256592,72123.0,418.30233605766136,0.0,130,130,0,0,130,129,,0,0,0,0,1
2020-07-27,US,Puerto Rico,San German,117,0,0,18.111484,-67.03858100000001,72125.0,329.32699073943763,0.0,117,116,0,0,116,116,,1,0,0,1,0
2020-07-27,US,Puerto Rico,San Juan,2062,0,0,18.386933,-66.061128,72127.0,521.5948356546244,0.0,2062,2020,0,0,2020,1923,,42,0,0,42,97
2020-07-27,US,Puerto Rico,San Lorenzo,117,0,0,18.147987,-65.976392,72129.0,284.9627356422621,0.0,117,117,0,0,117,110,,0,0,0,0,7
2020-07-27,US,Puerto Rico,San Sebastian,156,0,0,18.328646,-66.971214,72131.0,367.66438840443084,0.0,156,154,0,0,154,151,,2,0,0,2,3
2020-07-27,US,Puerto Rico,Santa Isabel,81,0,0,17.994525,-66.388913,72133.0,348.02784222737813,0.0,81,81,0,0,81,78,,0,0,0,0,3
2020-07-27,US,Puerto Rico,Toa Alta,363,0,0,18.362406,-66.246616,72135.0,490.10342127291875,0.0,363,351,0,0,351,335,,12,0,0,12,16
2020-07-27,US,Puerto Rico,Toa Baja,344,0,0,18.431446,-66.213553,72137.0,383.89001104799735,0.0,344,330,0,0,330,316,,14,0,0,14,14
2020-07-27,US,Puerto Rico,Trujillo Alto,338,0,0,18.336159,-65.99888399999999,72139.0,451.6180754122017,0.0,338,338,0,0,338,324,,0,0,0,0,14
2020-07-27,US,Puerto Rico,Unassigned,390,201,0,0.0,0.0,72999.0,0.0,51.53846153846154,189,356,201,0,155,299,,34,0,0,34,57
2020-07-27,US,Puerto Rico,Utuado,53,0,0,18.271214,-66.702984,72141.0,159.88415940149025,0.0,53,52,0,0,52,51,,1,0,0,1,1
2020-07-27,US,Puerto Rico,Vega Alta,155,0,0,18.409346,-66.33725,72143.0,387.9752697053891,0.0,155,149,0,0,149,145,,6,0,0,6,4
2020-07-27,US,Puerto Rico,Vega Baja,263,0,0,18.428262,-66.397924,72145.0,440.8166001810197,0.0,263,260,0,0,260,250,,3,0,0,3,10
2020-07-27,US,Puerto Rico,Vieques,33,0,0,18.123276,-65.44097099999999,72147.0,354.80055907966886,0.0,33,31,0,0,31,31,,2,0,0,2,0
2020-07-27,US,Puerto Rico,Villalba,70,0,0,18.127951,-66.473115,72149.0,268.47696851148703,0.0,70,69,0,0,69,69,,1,0,0,1,0
2020-07-27,US,Puerto Rico,Yabucoa,81,0,0,18.070399,-65.896289,72151.0,213.48936506681423,0.0,81,79,0,0,79,74,,2,0,0,2,5
2020-07-27,US,Puerto Rico,Yauco,182,0,0,18.080374,-66.858814,72153.0,432.8901362890374,0.0,182,180,0,0,180,175,,2,0,0,2,5
2020-07-27,US,Rhode Island,Bristol,290,0,0,41.71018079,-71.28652315,44001.0,598.1971575321272,0.0,290,290,0,0,290,290,48649,0,0,0,0,0
2020-07-27,US,Rhode Island,Kent,1351,0,0,41.67106337,-71.57641596,44003.0,822.3163635478294,0.0,1351,1351,0,0,1351,1351,163861,0,0,0,0,0
2020-07-27,US,Rhode Island,Newport,365,0,0,41.5642026,-71.26569799,44005.0,444.6772739455666,0.0,365,365,0,0,365,365,82542,0,0,0,0,0
2020-07-27,US,Rhode Island,Providence,14033,0,0,41.87064746,-71.57753536,44007.0,2196.324798765438,0.0,14033,14033,0,0,14033,14033,636084,0,0,0,0,0
2020-07-27,US,Rhode Island,Unassigned,1902,1004,0,0.0,0.0,90044.0,0.0,52.786540483701366,898,1611,1002,0,609,1611,,291,2,0,289,0
2020-07-27,US,Rhode Island,Washington,574,0,0,41.45961631,-71.61435303,44009.0,457.0900722266021,0.0,574,574,0,0,574,574,126179,0,0,0,0,0
2020-07-27,US,South Carolina,Abbeville,272,4,0,34.22333378,-82.46170658,45001.0,1108.9819382721082,1.4705882352941178,268,270,4,0,266,264,24541,2,0,0,2,6
2020-07-27,US,South Carolina,Aiken,1301,23,0,33.54338026,-81.63645384,45003.0,761.388641790346,1.767870868562644,1278,1260,23,0,1237,1199,169401,41,0,0,41,61
2020-07-27,US,South Carolina,Allendale,151,3,0,32.98837386,-81.35321066,45005.0,1738.0294659300187,1.9867549668874167,148,146,3,0,143,139,8903,5,0,0,5,7
2020-07-27,US,South Carolina,Anderson,1738,38,0,34.51828081,-82.63959517,45007.0,858.0258493863486,2.186421173762946,1700,1678,36,0,1642,1658,200482,60,2,0,58,20
2020-07-27,US,South Carolina,Bamberg,371,9,0,33.21927586,-81.05659969,45009.0,2637.565761410493,2.4258760107816717,362,362,9,0,353,358,14275,9,0,0,9,4
2020-07-27,US,South Carolina,Barnwell,294,2,0,33.26679302,-81.43584352,45011.0,1408.9907025783566,0.6802721088435374,292,281,2,0,279,269,21112,13,0,0,13,12
2020-07-27,US,South Carolina,Beaufort,3101,35,0,32.39226291,-80.72619758,45013.0,1614.0785542519855,1.1286681715575622,3066,2992,35,0,2957,2896,188715,109,0,0,109,96
2020-07-27,US,South Carolina,Berkeley,3491,54,0,33.20222596,-79.94654523,45015.0,1531.7651498198827,1.5468347178458894,3437,3452,54,0,3398,3412,221091,39,0,0,39,40
2020-07-27,US,South Carolina,Calhoun,272,4,0,33.66926881,-80.77722168,45017.0,1869.0304404590122,1.4705882352941178,268,276,4,0,272,259,14520,-4,0,0,-4,17
2020-07-27,US,South Carolina,Charleston,10740,135,0,32.82487866,-79.96512315,45019.0,2610.559884882573,1.2569832402234635,10605,10625,135,0,10490,10503,405905,115,0,0,115,122
2020-07-27,US,South Carolina,Cherokee,480,19,0,35.05122251,-81.61828622,45021.0,837.6963350785339,3.9583333333333335,461,477,19,0,458,468,57078,3,0,0,3,9
2020-07-27,US,South Carolina,Chester,464,8,0,34.69249168,-81.1583216,45023.0,1439.027415953355,1.7241379310344829,456,456,7,0,449,439,32251,8,1,0,7,17
2020-07-27,US,South Carolina,Chesterfield,621,19,0,34.64137396,-80.15640140000002,45025.0,1360.3504928806133,3.059581320450885,602,612,19,0,593,606,45754,9,0,0,9,6
2020-07-27,US,South Carolina,Clarendon,681,49,0,33.66610974,-80.21647898,45027.0,2018.076752111424,7.195301027900148,632,677,49,0,628,663,33700,4,0,0,4,14
2020-07-27,US,South Carolina,Colleton,675,30,0,32.87582989,-80.67641292,45029.0,1791.5439127319055,4.4444444444444455,645,664,29,0,635,657,37660,11,1,0,10,7
2020-07-27,US,South Carolina,Darlington,893,31,0,34.33358335,-79.96027485,45031.0,1340.4785493410186,3.4714445688689817,862,866,28,0,838,847,66802,27,3,0,24,19
2020-07-27,US,South Carolina,Dillon,506,21,0,34.39007791,-79.37741872,45033.0,1660.1594540503295,4.150197628458498,485,499,21,0,478,486,30599,7,0,0,7,13
2020-07-27,US,South Carolina,Dorchester,2481,33,0,33.0794369,-80.40502652,45035.0,1523.8715304436487,1.3301088270858523,2448,2450,32,0,2418,2417,160647,31,1,0,30,33
2020-07-27,US,South Carolina,Edgefield,235,6,0,33.77221995,-81.96231108,45037.0,862.0689655172414,2.5531914893617023,229,228,6,0,222,218,27052,7,0,0,7,10
2020-07-27,US,South Carolina,Fairfield,486,23,0,34.39287073,-81.1195624,45039.0,2174.7885622231174,4.732510288065844,463,479,23,0,456,474,22402,7,0,0,7,5
2020-07-27,US,South Carolina,Florence,2544,86,0,34.02361754,-79.70189312,45041.0,1839.572501861989,3.380503144654088,2458,2477,83,0,2394,2430,138159,67,3,0,64,47
2020-07-27,US,South Carolina,Georgetown,1111,16,0,33.43443342,-79.33202141,45043.0,1772.495213784301,1.44014401440144,1095,1101,16,0,1085,1090,62249,10,0,0,10,11
2020-07-27,US,South Carolina,Greenville,9481,157,0,34.89502264,-82.37295012,45045.0,1810.9339842839734,1.6559434658791268,9324,9361,157,0,9204,9266,514213,120,0,0,120,95
2020-07-27,US,South Carolina,Greenwood,1132,14,0,34.15272415,-82.12715789,45047.0,1598.621683071839,1.2367491166077738,1118,1130,14,0,1116,1115,70741,2,0,0,2,15
2020-07-27,US,South Carolina,Hampton,275,6,0,32.77419582,-81.13845571,45049.0,1430.6523774841328,2.1818181818181817,269,263,6,0,257,249,19351,12,0,0,12,14
2020-07-27,US,South Carolina,Horry,7553,106,0,33.9212828,-78.99555293,45051.0,2133.1277306604984,1.4034158612471863,7447,7455,105,0,7350,7369,344147,98,1,0,97,86
2020-07-27,US,South Carolina,Jasper,440,8,0,32.43171982,-81.02487495,45053.0,1463.1064409935825,1.818181818181818,432,418,7,0,411,407,28971,22,1,0,21,11
2020-07-27,US,South Carolina,Kershaw,1163,21,0,34.33988254,-80.58763164,45055.0,1747.5319679644185,1.8056749785038693,1142,1145,21,0,1124,1127,65592,18,0,0,18,18
2020-07-27,US,South Carolina,Lancaster,925,20,0,34.68270843,-80.70513032,45057.0,943.76198832796,2.1621621621621623,905,918,20,0,898,892,95380,7,0,0,7,26
2020-07-27,US,South Carolina,Laurens,1123,30,0,34.48244419,-82.00490796,45059.0,1663.876253833731,2.6714158504007117,1093,1110,30,0,1080,1094,66994,13,0,0,13,16
2020-07-27,US,South Carolina,Lee,447,25,0,34.16393091,-80.25690731,45061.0,2656.287140480152,5.592841163310962,422,435,25,0,410,427,17142,12,0,0,12,8
2020-07-27,US,South Carolina,Lexington,4244,88,0,33.89665987,-81.27146426,45063.0,1420.5857740585775,2.0735155513666355,4156,4200,87,0,4113,4154,295032,44,1,0,43,46
2020-07-27,US,South Carolina,Marion,465,12,0,34.07859748,-79.36400756,45067.0,1516.7824640375766,2.5806451612903225,453,453,12,0,441,444,31039,12,0,0,12,9
2020-07-27,US,South Carolina,Marlboro,391,4,0,34.59905577,-79.67561152,45069.0,1497.0518416417794,1.0230179028132993,387,391,4,0,387,389,26398,0,0,0,0,2
2020-07-27,US,South Carolina,McCormick,96,2,0,33.90161443,-82.30794338,45065.0,1014.4774384444679,2.083333333333333,94,95,2,0,93,93,9410,1,0,0,1,2
2020-07-27,US,South Carolina,Newberry,675,7,0,34.28629098,-81.59935761,45071.0,1755.9833506763787,1.037037037037037,668,661,7,0,654,653,38520,14,0,0,14,8
2020-07-27,US,South Carolina,Oconee,662,3,0,34.75225169,-83.06742317,45073.0,832.2228647574988,0.4531722054380665,659,647,3,0,644,633,78374,15,0,0,15,14
2020-07-27,US,South Carolina,Orangeburg,1950,48,0,33.4391073,-80.79886287,45075.0,2262.8372497824193,2.4615384615384617,1902,1894,48,0,1846,1851,86934,56,0,0,56,43
2020-07-27,US,South Carolina,Pickens,1589,17,0,34.88807695,-82.72791551,45077.0,1252.3249582295641,1.0698552548772813,1572,1563,16,0,1547,1540,124937,26,1,0,25,23
2020-07-27,US,South Carolina,Richland,7092,127,0,34.01791263,-80.90267209,45079.0,1705.7959058011973,1.790750141003948,6965,7007,127,0,6880,6938,414576,85,0,0,85,69
2020-07-27,US,South Carolina,Saluda,379,6,0,34.00795823,-81.72713237,45081.0,1851.2186782591712,1.5831134564643798,373,376,6,0,370,371,20544,3,0,0,3,5
2020-07-27,US,South Carolina,Spartanburg,3450,75,0,34.92960077,-81.99225984,45083.0,1078.8498522444768,2.1739130434782608,3375,3432,75,0,3357,3405,313888,18,0,0,18,27
2020-07-27,US,South Carolina,Sumter,2072,39,0,33.91826534,-80.37942316,45085.0,1941.5110428125674,1.882239382239382,2033,2068,39,0,2029,2056,106512,4,0,0,4,12
2020-07-27,US,South Carolina,Union,274,1,0,34.68835752,-81.61730349,45087.0,1003.0751208083176,0.36496350364963503,273,270,1,0,269,262,27410,4,0,0,4,8
2020-07-27,US,South Carolina,Williamsburg,773,18,0,33.62190129,-79.72767442,45089.0,2545.4425711275026,2.3285899094437257,755,763,18,0,745,729,30606,10,0,0,10,34
2020-07-27,US,South Carolina,York,2858,24,0,34.97281497,-81.18085944,45091.0,1017.1578658903336,0.8397480755773268,2834,2816,24,0,2792,2792,274118,42,0,0,42,24
2020-07-27,US,South Dakota,Aurora,37,0,0,43.71757685,-98.56050467,46003.0,1344.9654671028716,0.0,37,37,0,0,37,37,2801,0,0,0,0,0
2020-07-27,US,South Dakota,Beadle,583,9,0,44.41464384,-98.27858469,46005.0,3159.3778789356743,1.5437392795883362,574,582,9,0,573,580,18883,1,0,0,1,2
2020-07-27,US,South Dakota,Bennett,5,0,0,43.19486375,-101.6665572,46007.0,148.5884101040119,0.0,5,5,0,0,5,5,3468,0,0,0,0,0
2020-07-27,US,South Dakota,Bon Homme,13,0,0,42.98914167,-97.88592746,46009.0,188.37849587016373,0.0,13,13,0,0,13,13,6980,0,0,0,0,0
2020-07-27,US,South Dakota,Brookings,111,0,0,44.36974375,-96.79079945,46011.0,316.44667445904724,0.0,111,111,0,0,111,108,35232,0,0,0,0,3
2020-07-27,US,South Dakota,Brown,379,2,0,45.58994323,-98.35165355,46013.0,975.8232704240584,0.5277044854881267,377,379,2,0,377,374,39316,0,0,0,0,5
2020-07-27,US,South Dakota,Brule,38,0,0,43.71756379,-99.08118954,46015.0,717.3872003020577,0.0,38,38,0,0,38,38,5229,0,0,0,0,0
2020-07-27,US,South Dakota,Buffalo,105,3,0,44.07657829,-99.20814467,46017.0,5351.681957186544,2.8571428571428568,102,105,3,0,102,105,2036,0,0,0,0,0
2020-07-27,US,South Dakota,Butte,8,1,0,44.90608745,-103.5079318,46019.0,76.7091763352191,12.5,7,8,1,0,7,8,10222,0,0,0,0,0
2020-07-27,US,South Dakota,Campbell,1,0,0,45.77074915,-100.0510181,46021.0,72.67441860465118,0.0,1,1,0,0,1,1,1377,0,0,0,0,0
2020-07-27,US,South Dakota,Charles Mix,99,0,0,43.20660134,-98.58856175,46023.0,1065.4326302195436,0.0,99,99,0,0,99,99,9338,0,0,0,0,0
2020-07-27,US,South Dakota,Clark,16,0,0,44.85834507,-97.72925109,46025.0,428.2655246252677,0.0,16,16,0,0,16,16,3739,0,0,0,0,0
2020-07-27,US,South Dakota,Clay,106,0,0,42.91296147,-96.97656917,46027.0,753.3759772565743,0.0,106,106,0,0,106,104,14041,0,0,0,0,2
2020-07-27,US,South Dakota,Codington,111,0,0,44.97788119,-97.18827677,46029.0,396.3011889035666,0.0,111,111,0,0,111,109,28015,0,0,0,0,2
2020-07-27,US,South Dakota,Corson,24,0,0,45.70889983,-101.1970473,46031.0,587.3715124816448,0.0,24,24,0,0,24,24,4165,0,0,0,0,0
2020-07-27,US,South Dakota,Custer,11,0,0,43.67741105,-103.45345209999999,46033.0,122.60365581810076,0.0,11,11,0,0,11,11,8726,0,0,0,0,0
2020-07-27,US,South Dakota,Davison,81,0,0,43.67490933,-98.14458906,46035.0,409.60809102402015,0.0,81,81,0,0,81,78,19790,0,0,0,0,3
2020-07-27,US,South Dakota,Day,21,0,0,45.367281,-97.60737498,46037.0,387.1681415929203,0.0,21,21,0,0,21,21,5505,0,0,0,0,0
2020-07-27,US,South Dakota,Deuel,8,0,0,44.75994309,-96.66943645,46039.0,183.8657779820731,0.0,8,7,0,0,7,7,4337,1,0,0,1,0
2020-07-27,US,South Dakota,Dewey,53,0,0,45.15639647,-100.8709139,46041.0,899.5247793618463,0.0,53,53,0,0,53,53,5904,0,0,0,0,0
2020-07-27,US,South Dakota,Douglas,16,0,0,43.38520741,-98.36978007,46043.0,547.757617254365,0.0,16,16,0,0,16,16,2935,0,0,0,0,0
2020-07-27,US,South Dakota,Edmunds,10,0,0,45.41846445,-99.21545423,46045.0,261.1647949856359,0.0,10,10,0,0,10,10,3875,0,0,0,0,0
2020-07-27,US,South Dakota,Fall River,14,0,0,43.23929297,-103.5275691,46047.0,208.5505735140772,0.0,14,14,0,0,14,14,6758,0,0,0,0,0
2020-07-27,US,South Dakota,Faulk,26,1,0,45.07082625,-99.14535601,46049.0,1130.9264897781645,3.8461538461538463,25,26,1,0,25,26,2330,0,0,0,0,0
2020-07-27,US,South Dakota,Grant,18,0,0,45.1723937,-96.77002276,46051.0,255.24673851389682,0.0,18,18,0,0,18,18,7147,0,0,0,0,0
2020-07-27,US,South Dakota,Gregory,6,0,0,43.19419064,-99.18883902,46053.0,143.36917562724008,0.0,6,6,0,0,6,6,4212,0,0,0,0,0
2020-07-27,US,South Dakota,Haakon,1,0,0,44.29299053,-101.539099,46055.0,52.6592943654555,0.0,1,1,0,0,1,1,1918,0,0,0,0,0
2020-07-27,US,South Dakota,Hamlin,14,0,0,44.67385954,-97.18829593,46057.0,227.125243348475,0.0,14,14,0,0,14,14,6111,0,0,0,0,0
2020-07-27,US,South Dakota,Hand,7,0,0,44.54708407,-99.00386459,46059.0,219.36696960200558,0.0,7,7,0,0,7,7,3262,0,0,0,0,0
2020-07-27,US,South Dakota,Hanson,17,0,0,43.6746384,-97.78715148,46061.0,492.3255140457573,0.0,17,16,0,0,16,16,3376,1,0,0,1,0
2020-07-27,US,South Dakota,Hughes,83,2,0,44.39091534,-99.99661148,46065.0,473.5821065845031,2.409638554216868,81,83,2,0,81,82,17650,0,0,0,0,1
2020-07-27,US,South Dakota,Hutchinson,24,0,0,43.33449012,-97.75536441,46067.0,329.1729529556988,0.0,24,24,0,0,24,23,7380,0,0,0,0,1
2020-07-27,US,South Dakota,Hyde,3,0,0,44.54747703,-99.48572582,46069.0,230.59185242121444,0.0,3,3,0,0,3,3,1282,0,0,0,0,0
2020-07-27,US,South Dakota,Jackson,7,1,0,43.69318385,-101.6255063,46071.0,209.33014354066987,14.285714285714285,6,7,1,0,6,7,3307,0,0,0,0,0
2020-07-27,US,South Dakota,Jerauld,39,1,0,44.06637798,-98.62965972,46073.0,1937.4068554396426,2.5641025641025643,38,39,1,0,38,39,2043,0,0,0,0,0
2020-07-27,US,South Dakota,Jones,1,0,0,43.96278565,-100.6940008,46075.0,110.74197120708747,0.0,1,1,0,0,1,1,928,0,0,0,0,0
2020-07-27,US,South Dakota,Kingsbury,11,0,0,44.36956169,-97.4913945,46077.0,222.71714922049,0.0,11,10,0,0,10,10,4919,1,0,0,1,0
2020-07-27,US,South Dakota,Lake,67,2,0,44.02193107,-97.12926365,46079.0,523.5602094240837,2.985074626865672,65,66,2,0,64,63,13057,1,0,0,1,3
2020-07-27,US,South Dakota,Lawrence,26,0,0,44.35919441,-103.79294279999999,46081.0,100.60362173038229,0.0,26,25,0,0,25,25,25741,1,0,0,1,0
2020-07-27,US,South Dakota,Lincoln,489,1,0,43.27841182,-96.72039050000001,46083.0,799.9607381232823,0.20449897750511248,488,481,1,0,480,467,58807,8,0,0,8,14
2020-07-27,US,South Dakota,Lyman,84,1,0,43.89522709,-99.85201878,46085.0,2221.6344882306266,1.1904761904761905,83,84,1,0,83,84,3821,0,0,0,0,0
2020-07-27,US,South Dakota,Marshall,8,0,0,45.75870838,-97.59855639,46091.0,162.10739614994938,0.0,8,8,0,0,8,8,5112,0,0,0,0,0
2020-07-27,US,South Dakota,McCook,23,1,0,43.6742571,-97.36863144,46087.0,411.7436448263516,4.3478260869565215,22,23,1,0,22,23,5546,0,0,0,0,0
2020-07-27,US,South Dakota,McPherson,6,0,0,45.76626028,-99.22118798,46089.0,252.20680958385879,0.0,6,6,0,0,6,6,2407,0,0,0,0,0
2020-07-27,US,South Dakota,Meade,67,1,0,44.56676791,-102.71627409999999,46093.0,236.4817167866724,1.492537313432836,66,65,1,0,64,63,28294,2,0,0,2,2
2020-07-27,US,South Dakota,Mellette,23,0,0,43.58078848,-100.7563186,46095.0,1115.9631246967492,0.0,23,21,0,0,21,21,2042,2,0,0,2,0
2020-07-27,US,South Dakota,Miner,12,0,0,44.02197882,-97.60992207,46097.0,541.5162454873647,0.0,12,12,0,0,12,11,2213,0,0,0,0,1
2020-07-27,US,South Dakota,Minnehaha,4036,62,0,43.67441641,-96.7910885,46099.0,2089.740801723156,1.5361744301288405,3974,4018,62,0,3956,3983,192876,18,0,0,18,35
2020-07-27,US,South Dakota,Moody,28,0,0,44.02266214,-96.67081159,46101.0,425.7907542579076,0.0,28,28,0,0,28,27,6579,0,0,0,0,1
2020-07-27,US,South Dakota,Oglala Lakota,136,1,0,43.33749164,-102.55554980000001,46102.0,959.3002750934613,0.7352941176470589,135,134,1,0,133,132,14309,2,0,0,2,2
2020-07-27,US,South Dakota,Pennington,786,26,0,44.0025835,-102.8240777,46103.0,690.8371786420564,3.307888040712468,760,778,26,0,752,774,111729,8,0,0,8,4
2020-07-27,US,South Dakota,Perkins,4,0,0,45.49049506,-102.47555859999999,46105.0,139.61605584642234,0.0,4,4,0,0,4,4,2922,0,0,0,0,0
2020-07-27,US,South Dakota,Potter,1,0,0,45.06583079,-99.95498503,46107.0,46.44681839294008,0.0,1,1,0,0,1,1,2207,0,0,0,0,0
2020-07-27,US,South Dakota,Roberts,63,0,0,45.62975048,-96.94672673,46109.0,606.1189147585145,0.0,63,63,0,0,63,63,10447,0,0,0,0,0
2020-07-27,US,South Dakota,Sanborn,13,0,0,44.02351092,-98.09098159999999,46111.0,554.6075085324234,0.0,13,13,0,0,13,12,2429,0,0,0,0,1
2020-07-27,US,South Dakota,Spink,18,0,0,44.93837606,-98.34626602,46115.0,282.3086574654956,0.0,18,18,0,0,18,18,6495,0,0,0,0,0
2020-07-27,US,South Dakota,Stanley,14,0,0,44.41381872,-100.7349153,46117.0,451.9044544867656,0.0,14,14,0,0,14,14,3022,0,0,0,0,0
2020-07-27,US,South Dakota,Sully,1,0,0,44.71571812,-100.1278092,46119.0,71.89072609633357,0.0,1,1,0,0,1,1,1392,0,0,0,0,0
2020-07-27,US,South Dakota,Todd,66,3,0,43.19338568,-100.71955030000001,46121.0,648.5211751989781,4.545454545454546,63,66,3,0,63,66,10283,0,0,0,0,0
2020-07-27,US,South Dakota,Tripp,20,0,0,43.34459388,-99.8854891,46123.0,367.5794890645102,0.0,20,20,0,0,20,20,5478,0,0,0,0,0
2020-07-27,US,South Dakota,Turner,43,0,0,43.3109081,-97.14865776,46125.0,512.8816793893129,0.0,43,43,0,0,43,42,8424,0,0,0,0,1
2020-07-27,US,South Dakota,Unassigned,0,1,0,0.0,0.0,90046.0,0.0,0.0,-1,0,1,0,-1,,,0,0,0,0,
2020-07-27,US,South Dakota,Union,178,2,0,42.83112163,-96.6557828,46127.0,1117.2483052975144,1.1235955056179776,176,175,2,0,173,172,15619,3,0,0,3,3
2020-07-27,US,South Dakota,Walworth,18,0,0,45.43019636,-100.03075140000001,46129.0,331.1867525298988,0.0,18,18,0,0,18,18,5587,0,0,0,0,0
2020-07-27,US,South Dakota,Yankton,100,2,0,43.00924485,-97.39467635,46135.0,438.3273428596476,2.0,98,100,2,0,98,96,22869,0,0,0,0,4
2020-07-27,US,South Dakota,Ziebach,7,0,0,44.97881876,-101.6654622,46137.0,253.9912917271408,0.0,7,7,0,0,7,7,2742,0,0,0,0,0
2020-07-27,US,Tennessee,Anderson,469,4,0,36.12684348,-84.19965764,47001.0,609.2649848008523,0.8528784648187633,465,430,4,0,426,396,76482,39,0,0,39,34
2020-07-27,US,Tennessee,Bedford,780,10,0,35.51123746,-86.45549096,47003.0,1569.0060949852152,1.2820512820512822,770,763,10,0,753,741,49038,17,0,0,17,22
2020-07-27,US,Tennessee,Benton,50,1,0,36.07110411,-88.06849355,47005.0,309.40594059405936,2.0,49,47,1,0,46,44,16184,3,0,0,3,3
2020-07-27,US,Tennessee,Bledsoe,649,1,0,35.59942968,-85.20611967,47007.0,4308.284652150824,0.15408320493066255,648,648,1,0,647,647,14755,1,0,0,1,1
2020-07-27,US,Tennessee,Blount,850,7,0,35.68938198,-83.92847788,47009.0,638.6751622986295,0.8235294117647058,843,784,7,0,777,756,131349,66,0,0,66,28
2020-07-27,US,Tennessee,Bradley,1492,10,0,35.15739424,-84.857186,47011.0,1380.075848672648,0.6702412868632708,1482,1449,9,0,1440,1390,106727,43,1,0,42,59
2020-07-27,US,Tennessee,Campbell,148,1,0,36.40355516,-84.15108559999999,47013.0,371.46729581848297,0.6756756756756757,147,144,1,0,143,132,39583,4,0,0,4,12
2020-07-27,US,Tennessee,Cannon,98,0,0,35.80990797,-86.05738983,47015.0,667.6658945360404,0.0,98,90,0,0,90,88,14462,8,0,0,8,2
2020-07-27,US,Tennessee,Carroll,139,2,0,35.97366108,-88.45189331,47017.0,500.59423056145766,1.4388489208633093,137,128,2,0,126,121,28020,11,0,0,11,7
2020-07-27,US,Tennessee,Carter,318,4,0,36.28969086,-82.12588974,47019.0,563.9197744320902,1.2578616352201255,314,301,3,0,298,274,56351,17,1,0,16,27
2020-07-27,US,Tennessee,Cheatham,453,4,0,36.26136216,-87.08903581,47021.0,1113.9252956942976,0.8830022075055187,449,446,4,0,442,418,40439,7,0,0,7,28
2020-07-27,US,Tennessee,Chester,155,0,0,35.42527478,-88.6095842,47023.0,896.1091518760478,0.0,155,146,0,0,146,136,17276,9,0,0,9,10
2020-07-27,US,Tennessee,Claiborne,163,0,0,36.48319149,-83.65947309,47025.0,510.0284739822898,0.0,163,157,0,0,157,152,31756,6,0,0,6,5
2020-07-27,US,Tennessee,Clay,46,0,0,36.55151008,-85.53930419,47027.0,604.0709126723573,0.0,46,41,0,0,41,41,7717,5,0,0,5,0
2020-07-27,US,Tennessee,Cocke,302,1,0,35.9278914,-83.11828725,47029.0,838.795689367848,0.3311258278145696,301,289,1,0,288,265,35774,13,0,0,13,24
2020-07-27,US,Tennessee,Coffee,309,0,0,35.49090731,-86.07311784,47031.0,546.7091295116771,0.0,309,291,0,0,291,261,55700,18,0,0,18,30
2020-07-27,US,Tennessee,Crockett,162,3,0,35.81830662,-89.14916269,47033.0,1138.4399156711177,1.851851851851852,159,150,3,0,147,141,14328,12,0,0,12,9
2020-07-27,US,Tennessee,Cumberland,325,6,0,35.95271721,-84.99840585,47035.0,537.0125578321216,1.8461538461538465,319,300,6,0,294,290,59673,25,0,0,25,10
2020-07-27,US,Tennessee,Davidson,18136,188,0,36.17007426,-86.78646056,47037.0,2612.7143647427624,1.0366122629025143,17948,17836,186,0,17650,17493,692587,300,2,0,298,343
2020-07-27,US,Tennessee,DeKalb,255,1,0,35.97616272,-85.83689361,47041.0,1244.5095168374814,0.392156862745098,254,204,1,0,203,198,20138,51,0,0,51,6
2020-07-27,US,Tennessee,Decatur,105,0,0,35.60048904,-88.11043779,47039.0,900.2829460687642,0.0,105,94,0,0,94,89,11706,11,0,0,11,5
2020-07-27,US,Tennessee,Dickson,499,1,0,36.14669837,-87.35891709,47043.0,924.964780900126,0.2004008016032064,498,491,0,0,491,471,53446,8,1,0,7,20
2020-07-27,US,Tennessee,Dyer,446,5,0,36.05931946,-89.41542855,47045.0,1200.2475847035714,1.1210762331838564,441,436,5,0,431,424,37320,10,0,0,10,12
2020-07-27,US,Tennessee,Fayette,541,8,0,35.19615831,-89.41399032,47047.0,1315.245666496487,1.478743068391867,533,525,8,0,517,519,40507,16,0,0,16,6
2020-07-27,US,Tennessee,Fentress,56,0,0,36.38128818,-84.92870012,47049.0,302.32683690546884,0.0,56,50,0,0,50,49,18217,6,0,0,6,1
2020-07-27,US,Tennessee,Franklin,213,3,0,35.15634626,-86.09201039,47051.0,504.64366944655035,1.4084507042253518,210,203,3,0,200,188,41890,10,0,0,10,15
2020-07-27,US,Tennessee,Gibson,438,1,0,35.99438059,-88.93358327,47053.0,891.4578796328333,0.22831050228310498,437,409,1,0,408,379,49045,29,0,0,29,30
2020-07-27,US,Tennessee,Giles,273,5,0,35.20222469,-87.03992678,47055.0,926.5544393157753,1.8315018315018317,268,268,5,0,263,256,29503,5,0,0,5,12
2020-07-27,US,Tennessee,Grainger,115,0,0,36.27469206,-83.51254721,47057.0,493.1389365351629,0.0,115,101,0,0,101,98,23145,14,0,0,14,3
2020-07-27,US,Tennessee,Greene,295,5,0,36.17470125,-82.84691273,47059.0,427.1091227612968,1.6949152542372878,290,284,5,0,279,261,69087,11,0,0,11,23
2020-07-27,US,Tennessee,Grundy,87,2,0,35.38433717,-85.72142731,47061.0,647.9481641468683,2.2988505747126435,85,85,2,0,83,78,13346,2,0,0,2,7
2020-07-27,US,Tennessee,Hamblen,1008,10,0,36.21990035,-83.26586179,47063.0,1552.3454584655187,0.992063492063492,998,883,10,0,873,852,64569,125,0,0,125,31
2020-07-27,US,Tennessee,Hamilton,5158,44,0,35.17670231,-85.16652245,47065.0,1402.377353155485,0.8530438154323381,5114,5055,43,0,5012,4900,364286,103,1,0,102,155
2020-07-27,US,Tennessee,Hancock,68,0,0,36.52692871,-83.22375847,47067.0,1027.190332326284,0.0,68,64,0,0,64,56,6549,4,0,0,4,8
2020-07-27,US,Tennessee,Hardeman,704,11,0,35.20772017,-88.99161161,47069.0,2810.379241516966,1.5625,693,670,11,0,659,647,25220,34,0,0,34,23
2020-07-27,US,Tennessee,Hardin,336,7,0,35.19732531,-88.18593755,47071.0,1309.839388741619,2.083333333333333,329,299,7,0,292,282,25776,37,0,0,37,17
2020-07-27,US,Tennessee,Hawkins,224,2,0,36.44355426,-82.94885298,47073.0,394.46342408340087,0.8928571428571429,222,211,2,0,209,187,56530,13,0,0,13,24
2020-07-27,US,Tennessee,Haywood,294,4,0,35.58332824,-89.28536625,47075.0,1699.0291262135922,1.3605442176870748,290,260,4,0,256,236,17335,34,0,0,34,24
2020-07-27,US,Tennessee,Henderson,320,0,0,35.65581134,-88.38600175,47077.0,1138.101504427926,0.0,320,313,0,0,313,286,27847,7,0,0,7,27
2020-07-27,US,Tennessee,Henry,115,1,0,36.33160906,-88.30121797,47079.0,355.5418148090895,0.8695652173913043,114,106,1,0,105,95,32358,9,0,0,9,11
2020-07-27,US,Tennessee,Hickman,181,0,0,35.80609681,-87.47643507,47081.0,718.881563269521,0.0,181,173,0,0,173,167,25063,8,0,0,8,6
2020-07-27,US,Tennessee,Houston,42,0,0,36.28872054,-87.71878828,47083.0,512.1326667479576,0.0,42,41,0,0,41,39,8263,1,0,0,1,2
2020-07-27,US,Tennessee,Humphreys,77,3,0,36.03958805,-87.77992872,47085.0,414.3795070498332,3.8961038961038965,74,73,3,0,70,71,18486,4,0,0,4,2
2020-07-27,US,Tennessee,Jackson,97,0,0,36.36380466,-85.67239905,47087.0,823.0103512642117,0.0,97,97,0,0,97,93,11758,0,0,0,0,4
2020-07-27,US,Tennessee,Jefferson,392,2,0,36.04818632,-83.45148924,47089.0,719.3320488118176,0.5102040816326531,390,363,2,0,361,344,54012,29,0,0,29,19
2020-07-27,US,Tennessee,Johnson,70,0,0,36.45523950000001,-81.84886538,47091.0,393.5237238587812,0.0,70,63,0,0,63,59,17778,7,0,0,7,4
2020-07-27,US,Tennessee,Knox,3240,26,0,35.99508821,-83.94635435,47093.0,688.9029220965613,0.8024691358024691,3214,3100,23,0,3077,2959,465289,140,3,0,137,141
2020-07-27,US,Tennessee,Lake,716,0,0,36.34180170000001,-89.48921915,47095.0,10205.245153933864,0.0,716,710,0,0,710,706,7411,6,0,0,6,4
2020-07-27,US,Tennessee,Lauderdale,345,6,0,35.75893438,-89.63015909999999,47097.0,1345.9212733585612,1.7391304347826086,339,327,6,0,321,313,25825,18,0,0,18,14
2020-07-27,US,Tennessee,Lawrence,388,6,0,35.21675201,-87.39787695,47099.0,878.9814688958362,1.5463917525773196,382,375,6,0,369,353,43734,13,0,0,13,22
2020-07-27,US,Tennessee,Lewis,34,1,0,35.52853208,-87.49022694,47101.0,277.14378871861754,2.9411764705882355,33,33,1,0,32,29,12086,1,0,0,1,4
2020-07-27,US,Tennessee,Lincoln,197,1,0,35.13738622,-86.58910106,47103.0,573.2409940057033,0.5076142131979695,196,186,1,0,185,181,34117,11,0,0,11,5
2020-07-27,US,Tennessee,Loudon,544,3,0,35.73939663,-84.31145275,47105.0,1006.1404157727304,0.5514705882352942,541,515,3,0,512,503,53054,29,0,0,29,12
2020-07-27,US,Tennessee,Macon,770,12,0,36.53157855,-86.00778595,47111.0,3129.826843346069,1.5584415584415583,758,762,11,0,751,761,24265,8,1,0,7,1
2020-07-27,US,Tennessee,Madison,636,10,0,35.61181957,-88.84076036,47113.0,649.0855649902024,1.572327044025157,626,611,10,0,601,585,97605,25,0,0,25,26
2020-07-27,US,Tennessee,Marion,175,4,0,35.12997174,-85.62265895,47115.0,605.389697997025,2.2857142857142856,171,172,4,0,168,153,28575,3,0,0,3,19
2020-07-27,US,Tennessee,Marshall,218,2,0,35.45798777,-86.76420988,47117.0,634.1818181818181,0.9174311926605504,216,209,2,0,207,193,33683,9,0,0,9,16
2020-07-27,US,Tennessee,Maury,904,4,0,35.618741299999996,-87.07462444,47119.0,937.885814477056,0.4424778761061947,900,881,4,0,877,821,94340,23,0,0,23,60
2020-07-27,US,Tennessee,McMinn,430,20,0,35.42812616,-84.61520715,47107.0,799.3456519314421,4.651162790697675,410,423,20,0,403,413,53285,7,0,0,7,10
2020-07-27,US,Tennessee,McNairy,247,2,0,35.17468549,-88.5647812,47109.0,961.3139254300617,0.8097165991902834,245,235,2,0,233,216,25832,12,0,0,12,19
2020-07-27,US,Tennessee,Meigs,81,0,0,35.51558739,-84.81482914,47121.0,652.0689099983899,0.0,81,76,0,0,76,66,12306,5,0,0,5,10
2020-07-27,US,Tennessee,Monroe,271,7,0,35.44550387,-84.24902965,47123.0,582.2322483618004,2.5830258302583027,264,257,7,0,250,252,46357,14,0,0,14,5
2020-07-27,US,Tennessee,Montgomery,1455,9,0,36.49609412,-87.38550661,47125.0,696.1955663586818,0.6185567010309279,1446,1439,9,0,1430,1350,205950,16,0,0,16,89
2020-07-27,US,Tennessee,Moore,37,0,0,35.27724699,-86.36230578,47127.0,570.2836004932183,0.0,37,36,0,0,36,35,6411,1,0,0,1,1
2020-07-27,US,Tennessee,Morgan,59,1,0,36.13248031,-84.64880098,47129.0,275.6622903331309,1.6949152542372878,58,55,1,0,54,51,21579,4,0,0,4,4
2020-07-27,US,Tennessee,Obion,294,4,0,36.35732446,-89.14921589,47131.0,977.7511723037017,1.3605442176870748,290,276,4,0,272,245,30267,18,0,0,18,31
2020-07-27,US,Tennessee,Out of TN,2631,13,0,0.0,0.0,80047.0,0.0,0.4941087039148613,2618,2625,12,0,2613,2365,,6,1,0,5,260
2020-07-27,US,Tennessee,Overton,111,1,0,36.34117832,-85.28989535,47133.0,499.0782788543682,0.9009009009009008,110,107,1,0,106,106,22068,4,0,0,4,1
2020-07-27,US,Tennessee,Perry,60,0,0,35.63708728,-87.86139634,47135.0,742.9420505200594,0.0,60,60,0,0,60,58,8064,0,0,0,0,2
2020-07-27,US,Tennessee,Pickett,19,1,0,36.55606529,-85.07763299999998,47137.0,376.3866877971474,5.2631578947368425,18,18,1,0,17,17,5082,1,0,0,1,1
2020-07-27,US,Tennessee,Polk,110,0,0,35.12245443,-84.52075859,47139.0,653.5171102661596,0.0,110,105,0,0,105,93,16898,5,0,0,5,12
2020-07-27,US,Tennessee,Putnam,1427,11,0,36.14005459,-85.50646123,47141.0,1778.3039441709766,0.7708479327259986,1416,1361,11,0,1350,1349,78843,66,0,0,66,12
2020-07-27,US,Tennessee,Rhea,450,1,0,35.60536161,-84.93076643,47143.0,1356.7702837157415,0.2222222222222222,449,444,1,0,443,434,33044,6,0,0,6,10
2020-07-27,US,Tennessee,Roane,249,1,0,35.84923189,-84.52458689,47145.0,466.4493649544792,0.4016064257028112,248,230,1,0,229,208,53140,19,0,0,19,22
2020-07-27,US,Tennessee,Robertson,1296,16,0,36.52454807,-86.87346725,47147.0,1804.6871736315152,1.2345679012345678,1280,1278,16,0,1262,1236,71012,18,0,0,18,42
2020-07-27,US,Tennessee,Rutherford,5514,48,0,35.84591405,-86.4107263,47149.0,1659.418872353552,0.8705114254624592,5466,5389,47,0,5342,5202,324890,125,1,0,124,187
2020-07-27,US,Tennessee,Scott,57,0,0,36.42325673,-84.50360494,47151.0,258.2925502990756,0.0,57,50,0,0,50,46,22039,7,0,0,7,4
2020-07-27,US,Tennessee,Sequatchie,83,0,0,35.36979721,-85.41022136,47153.0,552.3758818048716,0.0,83,79,0,0,79,72,14876,4,0,0,4,7
2020-07-27,US,Tennessee,Sevier,1401,4,0,35.78077323,-83.52244332,47155.0,1425.9541984732825,0.2855103497501785,1397,1357,4,0,1353,1330,97892,44,0,0,44,27
2020-07-27,US,Tennessee,Shelby,18654,264,0,35.1864775,-89.89692423,47157.0,1990.4691378048285,1.4152460598263108,18390,18331,267,0,18064,17944,935764,323,-3,0,326,387
2020-07-27,US,Tennessee,Smith,294,2,0,36.25359775,-85.95411046,47159.0,1458.5503795207621,0.6802721088435374,292,285,2,0,283,278,19942,9,0,0,9,7
2020-07-27,US,Tennessee,Stewart,59,0,0,36.50235092,-87.83920548,47161.0,430.1859278162596,0.0,59,58,0,0,58,54,13561,1,0,0,1,4
2020-07-27,US,Tennessee,Sullivan,598,6,0,36.51240691,-82.30412917,47163.0,377.6492282820118,1.0033444816053512,592,585,6,0,579,539,157668,13,0,0,13,46
2020-07-27,US,Tennessee,Sumner,2925,68,0,36.46824103,-86.45917204,47165.0,1529.1479117328774,2.324786324786325,2857,2889,67,0,2822,2833,187149,36,1,0,35,56
2020-07-27,US,Tennessee,Tipton,966,8,0,35.501942,-89.73694895,47167.0,1568.2072760921444,0.8281573498964804,958,931,8,0,923,912,61581,35,0,0,35,19
2020-07-27,US,Tennessee,Trousdale,1561,6,0,36.39026213,-86.16087954,47169.0,13833.746898263027,0.3843689942344651,1555,1559,6,0,1553,1559,11012,2,0,0,2,0
2020-07-27,US,Tennessee,Unassigned,2907,3,0,0.0,0.0,90047.0,0.0,0.10319917440660474,2904,2847,3,0,2844,2704,,60,0,0,60,143
2020-07-27,US,Tennessee,Unicoi,108,0,0,36.10890856,-82.43709629,47171.0,603.9255158530448,0.0,108,98,0,0,98,92,17761,10,0,0,10,6
2020-07-27,US,Tennessee,Union,84,0,0,36.28590426,-83.83651902,47173.0,420.58882435409566,0.0,84,77,0,0,77,76,19688,7,0,0,7,1
2020-07-27,US,Tennessee,Van Buren,26,0,0,35.69864497,-85.45221699,47175.0,442.7792915531335,0.0,26,22,0,0,22,21,5765,4,0,0,4,1
2020-07-27,US,Tennessee,Warren,317,3,0,35.672829899999996,-85.77969117,47177.0,767.9821692467958,0.946372239747634,314,293,3,0,290,282,40878,24,0,0,24,11
2020-07-27,US,Tennessee,Washington,750,0,0,36.29472368,-82.49454720000001,47179.0,579.7101449275362,0.0,750,694,0,0,694,626,128607,56,0,0,56,68
2020-07-27,US,Tennessee,Wayne,186,1,0,35.23868267,-87.78644456,47181.0,1115.576081089186,0.5376344086021505,185,183,1,0,182,178,16558,3,0,0,3,5
2020-07-27,US,Tennessee,Weakley,165,2,0,36.29896232,-88.71990865,47183.0,495.0792126740279,1.2121212121212122,163,149,1,0,148,133,33415,16,1,0,15,16
2020-07-27,US,Tennessee,White,168,3,0,35.92929884,-85.45591799,47185.0,614.3719144267691,1.7857142857142858,165,157,3,0,154,152,27107,11,0,0,11,5
2020-07-27,US,Tennessee,Williamson,2943,21,0,35.89099229,-86.89281867,47187.0,1234.4177306511415,0.7135575942915392,2922,2896,21,0,2875,2812,231729,47,0,0,47,84
2020-07-27,US,Tennessee,Wilson,1876,20,0,36.15496772,-86.29775884,47189.0,1296.860850148973,1.0660980810234542,1856,1840,20,0,1820,1790,140625,36,0,0,36,50
2020-07-27,US,Texas,Anderson,2142,8,0,31.81534745,-95.65354823,48001.0,3710.054559625877,0.3734827264239029,2134,2140,4,0,2136,2140,58057,2,4,0,-2,0
2020-07-27,US,Texas,Andrews,228,5,0,32.30468633,-102.63765479999999,48003.0,1218.925421010425,2.1929824561403506,223,225,4,0,221,225,18128,3,1,0,2,0
2020-07-27,US,Texas,Angelina,1405,30,0,31.25457347,-94.60901487,48005.0,1620.2502450556424,2.1352313167259784,1375,1405,14,0,1391,1405,87092,0,16,0,-16,0
2020-07-27,US,Texas,Aransas,131,6,0,28.10556197,-96.9995047,48007.0,557.2096980008507,4.580152671755725,125,126,0,0,126,123,23792,5,6,0,-1,3
2020-07-27,US,Texas,Archer,15,0,0,33.61569967,-98.68754589,48009.0,175.377060680463,0.0,15,15,0,0,15,15,8786,0,0,0,0,0
2020-07-27,US,Texas,Armstrong,4,0,0,34.96507426,-101.35748740000001,48011.0,211.97668256491787,0.0,4,4,0,0,4,4,1892,0,0,0,0,0
2020-07-27,US,Texas,Atascosa,393,11,0,28.89333001,-98.52730485,48013.0,768.2833851387015,2.7989821882951653,382,393,3,0,390,393,50310,0,8,0,-8,0
2020-07-27,US,Texas,Austin,193,4,0,29.88548725,-96.27736949,48015.0,642.647842301545,2.0725388601036268,189,182,4,0,178,181,29989,11,0,0,11,1
2020-07-27,US,Texas,Bailey,132,3,0,34.06854817,-102.8299707,48017.0,1885.7142857142856,2.272727272727273,129,132,3,0,129,132,7027,0,0,0,0,0
2020-07-27,US,Texas,Bandera,71,1,0,29.74619598,-99.24598147,48019.0,307.19972308757355,1.4084507042253518,70,71,0,0,71,71,22824,0,1,0,-1,0
2020-07-27,US,Texas,Bastrop,1195,17,0,30.10370699,-97.31206354,48021.0,1346.888630907431,1.4225941422594142,1178,1190,12,0,1178,1190,86976,5,5,0,0,0
2020-07-27,US,Texas,Baylor,5,0,0,33.61640794,-99.21352901,48023.0,142.4907381020234,0.0,5,5,0,0,5,5,3582,0,0,0,0,0
2020-07-27,US,Texas,Bee,399,6,0,28.41761668,-97.74215593,48025.0,1225.2418240442196,1.5037593984962403,393,400,1,0,399,369,32587,-1,5,0,-6,31
2020-07-27,US,Texas,Bell,3078,25,0,31.03736027,-97.4785025,48027.0,848.1114503311989,0.8122157244964262,3053,2990,18,0,2972,2990,355642,88,7,0,81,0
2020-07-27,US,Texas,Bexar,36438,480,0,29.44928723,-98.52019748,48029.0,1818.6682265614004,1.3173061090070806,35958,35690,322,0,35368,35690,1986049,748,158,0,590,0
2020-07-27,US,Texas,Blanco,85,2,0,30.26640707,-98.3999852,48031.0,712.4298047104182,2.3529411764705883,83,85,1,0,84,85,11702,0,1,0,-1,0
2020-07-27,US,Texas,Bosque,103,1,0,31.89978581,-97.63613524,48035.0,551.2443136205512,0.9708737864077671,102,103,0,0,103,103,18691,0,1,0,-1,0
2020-07-27,US,Texas,Bowie,681,27,0,33.44626922,-94.41834132,48037.0,730.3340661697678,3.9647577092511015,654,679,17,0,662,689,94324,2,10,0,-8,-10
2020-07-27,US,Texas,Brazoria,5573,50,0,29.18757369,-95.44563172,48039.0,1489.0558536220422,0.8971828458639871,5523,5443,38,0,5405,5299,370200,130,12,0,118,144
2020-07-27,US,Texas,Brazos,3724,40,0,30.663644800000004,-96.30205577,48041.0,1624.703875468455,1.074113856068743,3684,3688,43,0,3645,3635,226758,36,-3,0,39,53
2020-07-27,US,Texas,Brewster,176,2,0,29.81008251,-103.25203259999999,48043.0,1912.4198630881235,1.1363636363636365,174,176,1,0,175,176,9267,0,1,0,-1,0
2020-07-27,US,Texas,Briscoe,10,1,0,34.53026962,-101.2084947,48045.0,646.8305304010348,10.0,9,10,1,0,9,10,1516,0,0,0,0,0
2020-07-27,US,Texas,Brooks,77,1,0,27.03103197,-98.21808402,48047.0,1085.577329761737,1.2987012987012987,76,76,1,0,75,65,7114,1,0,0,1,11
2020-07-27,US,Texas,Brown,311,13,0,31.77430356,-98.99907113,48049.0,821.3606592013522,4.180064308681672,298,311,16,0,295,311,37924,0,-3,0,3,0
2020-07-27,US,Texas,Burleson,219,4,0,30.49273808,-96.62158484,48051.0,1187.442390066692,1.8264840182648399,215,217,0,0,217,217,18389,2,4,0,-2,0
2020-07-27,US,Texas,Burnet,507,10,0,30.78801353,-98.181887,48053.0,1052.8501713217734,1.9723865877712032,497,397,7,0,390,395,47542,110,3,0,107,2
2020-07-27,US,Texas,Caldwell,999,19,0,29.83668859,-97.61814775,48055.0,2287.925980212532,1.901901901901902,980,997,7,0,990,993,43247,2,12,0,-10,4
2020-07-27,US,Texas,Calhoun,393,2,0,28.47048236,-96.61633945,48057.0,1845.937059652419,0.5089058524173028,391,393,3,0,390,393,21561,0,-1,0,1,0
2020-07-27,US,Texas,Callahan,38,3,0,32.29760619,-99.37326312,48059.0,272.5381912070573,7.894736842105262,35,38,2,0,36,38,13994,0,1,0,-1,0
2020-07-27,US,Texas,Cameron,7827,272,0,26.14524221,-97.48140372,48061.0,1849.6418637735346,3.4751501213747287,7555,7827,177,0,7650,7846,423908,0,95,0,-95,-19
2020-07-27,US,Texas,Camp,189,4,0,32.97195142,-94.97790104,48063.0,1443.4091950511686,2.1164021164021163,185,188,2,0,186,184,13033,1,2,0,-1,4
2020-07-27,US,Texas,Carson,10,0,0,35.40365929,-101.35426690000001,48065.0,168.74789065136684,0.0,10,10,0,0,10,10,6005,0,0,0,0,0
2020-07-27,US,Texas,Cass,136,4,0,33.07499881,-94.34646905,48067.0,452.94078465330045,2.9411764705882355,132,135,4,0,131,134,30119,1,0,0,1,1
2020-07-27,US,Texas,Castro,147,2,0,34.53016752,-102.2617243,48069.0,1952.1912350597606,1.3605442176870748,145,147,1,0,146,147,7665,0,1,0,-1,0
2020-07-27,US,Texas,Chambers,812,2,0,29.70972016,-94.67154501,48071.0,1852.3165362593247,0.24630541871921185,810,812,5,0,807,812,42454,0,-3,0,3,0
2020-07-27,US,Texas,Cherokee,655,4,0,31.837258000000002,-95.16559897,48073.0,1244.1591004064887,0.6106870229007634,651,647,2,0,645,638,52592,8,2,0,6,9
2020-07-27,US,Texas,Childress,20,0,0,34.529304100000004,-100.2077916,48075.0,273.7476047084588,0.0,20,20,0,0,20,20,7291,0,0,0,0,0
2020-07-27,US,Texas,Clay,25,1,0,33.78686685,-98.20771198,48077.0,238.75465571578647,4.0,24,25,0,0,25,25,10456,0,1,0,-1,0
2020-07-27,US,Texas,Cochran,11,0,0,33.60425307,-102.82844990000001,48079.0,385.55906063792503,0.0,11,11,0,0,11,11,2836,0,0,0,0,0
2020-07-27,US,Texas,Coke,32,1,0,31.88911733,-100.5297533,48081.0,944.7888987304401,3.125,31,32,1,0,31,32,3370,0,0,0,0,0
2020-07-27,US,Texas,Coleman,9,0,0,31.76736834,-99.45240766,48083.0,110.09174311926607,0.0,9,9,0,0,9,9,8397,0,0,0,0,0
2020-07-27,US,Texas,Collin,5789,65,0,33.18820114,-96.57264368,48085.0,559.4696200941307,1.1228191397477976,5724,5762,74,0,5688,5682,1005146,27,-9,0,36,80
2020-07-27,US,Texas,Collingsworth,6,0,0,34.96489496,-100.27001109999999,48087.0,205.4794520547945,0.0,6,6,0,0,6,6,2962,0,0,0,0,0
2020-07-27,US,Texas,Colorado,233,1,0,29.622097999999998,-96.5273805,48089.0,1084.0738845205417,0.4291845493562232,232,225,1,0,224,225,21217,8,0,0,8,0
2020-07-27,US,Texas,Comal,1539,54,0,29.80811278,-98.27647225,48091.0,985.2185213399997,3.5087719298245608,1485,1539,45,0,1494,1539,148373,0,9,0,-9,0
2020-07-27,US,Texas,Comanche,204,3,0,31.94854689,-98.55876441,48093.0,1496.149614961496,1.4705882352941178,201,204,2,0,202,204,13534,0,1,0,-1,0
2020-07-27,US,Texas,Concho,22,1,0,31.32635934,-99.86473038,48095.0,807.0432868672046,4.545454545454546,21,22,0,0,22,22,4276,0,1,0,-1,0
2020-07-27,US,Texas,Cooke,172,3,0,33.63979567,-97.21240912,48097.0,416.8989504811305,1.7441860465116281,169,172,0,0,172,172,40574,0,3,0,-3,0
2020-07-27,US,Texas,Coryell,569,5,0,31.39078397,-97.79936155,48099.0,749.1672262379692,0.8787346221441125,564,553,3,0,550,525,74808,16,2,0,14,28
2020-07-27,US,Texas,Cottle,7,2,0,34.07783319,-100.27850620000001,48101.0,500.7153075822604,28.57142857142857,5,7,1,0,6,7,1389,0,1,0,-1,0
2020-07-27,US,Texas,Crane,65,2,0,31.43052248,-102.5143314,48103.0,1355.0135501355016,3.0769230769230766,63,65,10,0,55,65,4794,0,-8,0,8,0
2020-07-27,US,Texas,Crockett,135,2,0,30.72367027,-101.4134238,48105.0,3897.2286374133946,1.4814814814814814,133,135,4,0,131,135,3499,0,-2,0,2,0
2020-07-27,US,Texas,Crosby,46,2,0,33.61431553,-101.30003640000001,48107.0,801.8127941432805,4.3478260869565215,44,46,3,0,43,46,5779,0,-1,0,1,0
2020-07-27,US,Texas,Culberson,14,2,0,31.44506775,-104.5185739,48109.0,644.8641179180103,14.285714285714285,12,14,1,0,13,14,2204,0,1,0,-1,0
2020-07-27,US,Texas,Dallam,173,5,0,36.27787176,-102.60207249999999,48111.0,2374.090846713325,2.8901734104046244,168,173,2,0,171,173,7200,0,3,0,-3,0
2020-07-27,US,Texas,Dallas,47239,607,0,32.76670599,-96.77796049999999,48113.0,1792.4004255713116,1.2849552276720506,46632,46813,605,0,46208,46013,2637772,426,2,0,424,800
2020-07-27,US,Texas,Dawson,122,4,0,32.74255572,-101.94772420000001,48115.0,958.5166561910747,3.278688524590164,118,122,1,0,121,122,12619,0,3,0,-3,0
2020-07-27,US,Texas,DeWitt,502,11,0,29.08101855,-97.35681170000001,48123.0,2490.079365079365,2.191235059760956,491,501,14,0,487,501,20187,1,-3,0,4,0
2020-07-27,US,Texas,Deaf Smith,510,15,0,34.96522957,-102.6054267,48117.0,2749.9191200258806,2.9411764705882355,495,510,19,0,491,510,18760,0,-4,0,4,0
2020-07-27,US,Texas,Delta,12,0,0,33.38570922,-95.66921122,48119.0,225.09848058525608,0.0,12,12,0,0,12,12,5349,0,0,0,0,0
2020-07-27,US,Texas,Denton,6121,67,0,33.20521901,-97.11691153,48121.0,689.9179109272131,1.0945923868648917,6054,6043,49,0,5994,5915,859064,78,18,0,60,128
2020-07-27,US,Texas,Dickens,4,1,0,33.61616822,-100.7788855,48125.0,180.91361374943463,25.0,3,4,0,0,4,4,2249,0,1,0,-1,0
2020-07-27,US,Texas,Dimmit,87,0,0,28.42270064,-99.75645095,48127.0,859.3441327538523,0.0,87,87,0,0,87,87,10308,0,0,0,0,0
2020-07-27,US,Texas,Donley,38,0,0,34.96517499,-100.8140093,48129.0,1159.2434411226354,0.0,38,38,0,0,38,38,3319,0,0,0,0,0
2020-07-27,US,Texas,Duval,129,1,0,27.68184592,-98.50864568,48131.0,1156.224791610648,0.7751937984496124,128,128,0,0,128,119,11212,1,1,0,0,9
2020-07-27,US,Texas,Eastland,39,1,0,32.32743996,-98.83243566,48133.0,212.41830065359486,2.5641025641025643,38,39,0,0,39,39,18322,0,1,0,-1,0
2020-07-27,US,Texas,Ector,3095,42,0,31.86898877,-102.54294279999999,48135.0,1861.9565282782767,1.35702746365105,3053,2819,35,0,2784,2819,162124,276,7,0,269,0
2020-07-27,US,Texas,Edwards,22,0,0,29.98202582,-100.304252,48137.0,1138.7163561076604,0.0,22,22,0,0,22,22,1928,0,0,0,0,0
2020-07-27,US,Texas,El Paso,13240,216,0,31.76980765,-106.23632749999999,48141.0,1577.6216043601455,1.6314199395770392,13024,13240,224,0,13016,12971,840758,0,-8,0,8,269
2020-07-27,US,Texas,Ellis,2268,32,0,32.34894117,-96.79371841,48139.0,1227.1000833216106,1.4109347442680775,2236,2268,21,0,2247,2268,179436,0,11,0,-11,0
2020-07-27,US,Texas,Erath,371,4,0,32.23602653,-98.21773417,48143.0,868.8931565881306,1.0781671159029649,367,371,4,0,367,371,42446,0,0,0,0,0
2020-07-27,US,Texas,Falls,103,1,0,31.25350609,-96.93630086,48145.0,595.4789847950511,0.9708737864077671,102,103,0,0,103,103,17335,0,1,0,-1,0
2020-07-27,US,Texas,Fannin,186,7,0,33.59564294,-96.10751083,48147.0,523.7371177563778,3.7634408602150535,179,186,8,0,178,186,35286,0,-1,0,1,0
2020-07-27,US,Texas,Fayette,346,12,0,29.87788372,-96.92076062,48149.0,1365.1069202240985,3.4682080924855487,334,334,5,0,329,334,25349,12,7,0,5,0
2020-07-27,US,Texas,Fisher,23,1,0,32.74281316,-100.40193020000001,48151.0,600.5221932114882,4.3478260869565215,22,23,1,0,22,23,3839,0,0,0,0,0
2020-07-27,US,Texas,Floyd,65,4,0,34.07227468,-101.3031546,48153.0,1137.955182072829,6.153846153846153,61,65,4,0,61,65,5837,0,0,0,0,0
2020-07-27,US,Texas,Foard,2,0,0,33.97308618,-99.7767797,48155.0,173.16017316017312,0.0,2,2,0,0,2,2,1200,0,0,0,0,0
2020-07-27,US,Texas,Fort Bend,6679,90,0,29.52704478,-95.77219463,48157.0,822.8531159755968,1.3475071118430904,6589,6530,90,0,6440,6530,787858,149,0,0,149,0
2020-07-27,US,Texas,Franklin,78,1,0,33.17653242,-95.21917243,48159.0,727.2727272727273,1.2820512820512822,77,78,1,0,77,78,10766,0,0,0,0,0
2020-07-27,US,Texas,Freestone,129,0,0,31.70422788,-96.15072516,48161.0,654.257747121773,0.0,129,129,0,0,129,128,19808,0,0,0,0,1
2020-07-27,US,Texas,Frio,425,5,0,28.86751206,-99.10804207,48163.0,2092.9774450901214,1.1764705882352942,420,425,2,0,423,425,19816,0,3,0,-3,0
2020-07-27,US,Texas,Gaines,86,0,0,32.74055318,-102.6353295,48165.0,400.14889261120425,0.0,86,86,0,0,86,86,20901,0,0,0,0,0
2020-07-27,US,Texas,Galveston,8205,73,0,29.40167322,-94.90469073,48167.0,2398.14812108529,0.8897014015843998,8132,8046,68,0,7978,8046,337890,159,5,0,154,0
2020-07-27,US,Texas,Garza,94,1,0,33.17969345,-101.2984114,48169.0,1509.0704768020548,1.0638297872340423,93,94,2,0,92,94,6578,0,-1,0,1,0
2020-07-27,US,Texas,Gillespie,156,2,0,30.31824095,-98.94676915,48171.0,578.0346820809249,1.2820512820512822,154,156,0,0,156,156,26804,0,2,0,-2,0
2020-07-27,US,Texas,Glasscock,6,0,0,31.86942909,-101.5207776,48173.0,425.83392476934,0.0,6,6,0,0,6,6,1388,0,0,0,0,0
2020-07-27,US,Texas,Goliad,68,1,0,28.65696592,-97.42760647,48175.0,887.9603029511621,1.4705882352941178,67,68,1,0,67,68,7584,0,0,0,0,0
2020-07-27,US,Texas,Gonzales,569,8,0,29.45634206,-97.49424032,48177.0,2730.719393386764,1.40597539543058,561,569,6,0,563,569,20826,0,2,0,-2,0
2020-07-27,US,Texas,Gray,150,3,0,35.40081878,-100.8129222,48179.0,685.3696426939597,2.0,147,150,4,0,146,150,21895,0,-1,0,1,0
2020-07-27,US,Texas,Grayson,923,10,0,33.62744998,-96.67753461,48181.0,677.6201803071683,1.0834236186348862,913,923,8,0,915,918,133991,0,2,0,-2,5
2020-07-27,US,Texas,Gregg,1195,19,0,32.47940482,-94.81591935,48183.0,964.1373189721248,1.5899581589958158,1176,1195,16,0,1179,1195,123707,0,3,0,-3,0
2020-07-27,US,Texas,Grimes,804,18,0,30.54579585,-95.98902499,48185.0,2783.9335180055396,2.238805970149253,786,800,2,0,798,801,28360,4,16,0,-12,-1
2020-07-27,US,Texas,Guadalupe,1519,33,0,29.58165339,-97.94786822,48187.0,910.4149310446097,2.1724818959842,1486,1519,6,0,1513,1519,163694,0,27,0,-27,0
2020-07-27,US,Texas,Hale,1085,20,0,34.07044901,-101.82681140000001,48189.0,3247.9195354128,1.8433179723502304,1065,1085,24,0,1061,1061,33830,0,-4,0,4,24
2020-07-27,US,Texas,Hall,6,1,0,34.5307555,-100.68138520000001,48191.0,202.4291497975709,16.666666666666668,5,6,1,0,5,6,3028,0,0,0,0,0
2020-07-27,US,Texas,Hamilton,54,1,0,31.70470573,-98.11083887,48193.0,638.2224323366032,1.851851851851852,53,53,2,0,51,53,8484,1,-1,0,2,0
2020-07-27,US,Texas,Hansford,47,2,0,36.27743284,-101.3545796,48195.0,870.5315799222078,4.25531914893617,45,47,2,0,45,47,5463,0,0,0,0,0
2020-07-27,US,Texas,Hardeman,11,0,0,34.28944521,-99.74632408,48197.0,279.68471904398683,0.0,11,11,0,0,11,11,3922,0,0,0,0,0
2020-07-27,US,Texas,Hardin,682,7,0,30.33364686,-94.38931817,48199.0,1183.9866671296136,1.0263929618768328,675,682,6,0,676,682,57207,0,1,0,-1,0
2020-07-27,US,Texas,Harris,66190,655,0,29.86,-95.39,48201.0,1404.3164857080726,0.9895754645716875,65535,65344,645,0,64699,64108,4698619,846,10,0,836,1236
2020-07-27,US,Texas,Harrison,574,22,0,32.54935988,-94.36934071,48203.0,862.4705122233407,3.8327526132404177,552,566,34,0,532,562,66726,8,-12,0,20,4
2020-07-27,US,Texas,Hartley,81,2,0,35.84008013,-102.6029022,48205.0,1452.654232424677,2.469135802469136,79,81,2,0,79,81,5619,0,0,0,0,0
2020-07-27,US,Texas,Haskell,30,0,0,33.17823584,-99.73037358,48207.0,530.2226935312831,0.0,30,30,0,0,30,30,5813,0,0,0,0,0
2020-07-27,US,Texas,Hays,4203,25,0,30.05669873,-98.02944344,48209.0,1825.8750342107207,0.5948132286462051,4178,4133,24,0,4109,4133,222631,70,1,0,69,0
2020-07-27,US,Texas,Hemphill,34,0,0,35.83764858,-100.2703577,48211.0,890.2854150301126,0.0,34,34,0,0,34,34,3825,0,0,0,0,0
2020-07-27,US,Texas,Henderson,500,8,0,32.21128872,-95.85846587,48213.0,604.3245464544277,1.6,492,500,7,0,493,500,82299,0,1,0,-1,0
2020-07-27,US,Texas,Hidalgo,15749,467,0,26.39418217,-98.18299696,48215.0,1812.9242656039373,2.965267636040384,15282,15153,456,0,14697,15153,865939,596,11,0,585,0
2020-07-27,US,Texas,Hill,264,1,0,31.99045053,-97.13423143,48217.0,720.3470763185901,0.3787878787878788,263,264,2,0,262,264,36354,0,-1,0,1,0
2020-07-27,US,Texas,Hockley,160,4,0,33.60771256,-102.3431676,48219.0,695.0175926328136,2.5,156,160,4,0,156,160,22980,0,0,0,0,0
2020-07-27,US,Texas,Hood,308,6,0,32.42990927,-97.83242024,48221.0,499.65121749428164,1.9480519480519483,302,308,5,0,303,308,60537,0,1,0,-1,0
2020-07-27,US,Texas,Hopkins,154,1,0,33.14875072,-95.56351139,48223.0,415.2734332865927,0.6493506493506493,153,154,1,0,153,149,36810,0,0,0,0,5
2020-07-27,US,Texas,Houston,236,4,0,31.31925973,-95.42226208,48225.0,1027.516544757924,1.6949152542372878,232,236,0,0,236,236,23169,0,4,0,-4,0
2020-07-27,US,Texas,Howard,126,3,0,32.30621324,-101.4356444,48227.0,343.6613571896138,2.380952380952381,123,126,3,0,123,126,36459,0,0,0,0,0
2020-07-27,US,Texas,Hudspeth,19,2,0,31.45628381,-105.388178,48229.0,388.8661481784692,10.526315789473683,17,19,0,0,19,19,4795,0,2,0,-2,0
2020-07-27,US,Texas,Hunt,948,16,0,33.12351514,-96.08551032,48231.0,961.5189565287947,1.6877637130801688,932,948,8,0,940,937,96493,0,8,0,-8,11
2020-07-27,US,Texas,Hutchinson,105,2,0,35.84006574,-101.3546643,48233.0,501.48056165822913,1.9047619047619049,103,105,1,0,104,105,21198,0,1,0,-1,0
2020-07-27,US,Texas,Irion,6,0,0,31.30375559,-100.982439,48235.0,390.625,0.0,6,7,0,0,7,7,1522,-1,0,0,-1,0
2020-07-27,US,Texas,Jack,24,0,0,33.23377248,-98.17283469,48237.0,268.6066032456631,0.0,24,24,0,0,24,24,8843,0,0,0,0,0
2020-07-27,US,Texas,Jackson,202,3,0,28.95472367,-96.57749563,48239.0,1368.5636856368565,1.4851485148514851,199,202,1,0,201,202,14874,0,2,0,-2,0
2020-07-27,US,Texas,Jasper,268,5,0,30.74685667,-94.02667579,48241.0,754.3133778040474,1.8656716417910448,263,265,4,0,261,254,35872,3,1,0,2,11
2020-07-27,US,Texas,Jeff Davis,8,0,0,30.71490589,-104.1399973,48243.0,351.8029903254178,0.0,8,8,0,0,8,8,2252,0,0,0,0,0
2020-07-27,US,Texas,Jefferson,5064,57,0,29.8832777,-94.16434171,48245.0,2012.9986285850573,1.1255924170616114,5007,4895,57,0,4838,4880,255001,169,0,0,169,15
2020-07-27,US,Texas,Jim Hogg,48,1,0,27.04453923,-98.69681870000001,48247.0,923.0769230769232,2.083333333333333,47,48,0,0,48,46,5248,0,1,0,-1,2
2020-07-27,US,Texas,Jim Wells,531,3,0,27.73103938,-98.0904705,48249.0,1311.6940862605602,0.5649717514124294,528,520,0,0,520,507,40822,11,3,0,8,13
2020-07-27,US,Texas,Johnson,1234,21,0,32.37877812,-97.36615819,48251.0,701.8661449120392,1.701782820097245,1213,1234,7,0,1227,1234,171361,0,14,0,-14,0
2020-07-27,US,Texas,Jones,621,0,0,32.73997145,-99.87861576,48253.0,3092.1675048548523,0.0,621,621,0,0,621,621,19817,0,0,0,0,0
2020-07-27,US,Texas,Karnes,206,3,0,28.90705334,-97.85960149,48255.0,1320.428177680918,1.4563106796116505,203,206,0,0,206,206,15650,0,3,0,-3,0
2020-07-27,US,Texas,Kaufman,1440,17,0,32.599141700000004,-96.28734728,48257.0,1057.625923586527,1.1805555555555556,1423,1440,5,0,1435,1440,128622,0,12,0,-12,0
2020-07-27,US,Texas,Kendall,137,1,0,29.94414155,-98.7113588,48259.0,288.84063165440324,0.7299270072992701,136,137,0,0,137,137,45641,0,1,0,-1,0
2020-07-27,US,Texas,Kenedy,4,0,0,26.92601662,-97.66413984,48261.0,990.0990099009905,0.0,4,4,0,0,4,4,442,0,0,0,0,0
2020-07-27,US,Texas,Kent,2,0,0,33.18104136,-100.7780939,48263.0,262.46719160104993,0.0,2,2,0,0,2,2,726,0,0,0,0,0
2020-07-27,US,Texas,Kerr,324,4,0,30.06040006,-99.34930144,48265.0,615.9695817490492,1.2345679012345678,320,324,1,0,323,324,52405,0,3,0,-3,0
2020-07-27,US,Texas,Kimble,13,0,0,30.48678918,-99.74856473,48267.0,299.7463684574591,0.0,13,13,0,0,13,13,4362,0,0,0,0,0
2020-07-27,US,Texas,Kinney,14,0,0,29.34967888,-100.41866379999999,48271.0,381.7834742296155,0.0,14,14,0,0,14,14,3767,0,0,0,0,0
2020-07-27,US,Texas,Kleberg,308,2,0,27.42435506,-97.69894948,48273.0,1003.9113428943938,0.6493506493506493,306,302,3,0,299,300,31129,6,-1,0,7,2
2020-07-27,US,Texas,Knox,44,0,0,33.60519951,-99.74229059999999,48275.0,1200.8733624454148,0.0,44,44,0,0,44,44,3653,0,0,0,0,0
2020-07-27,US,Texas,La Salle,351,1,0,28.34453111,-99.09908775,48283.0,4667.553191489362,0.2849002849002849,350,351,0,0,351,351,7531,0,1,0,-1,0
2020-07-27,US,Texas,Lamar,537,15,0,33.66981763,-95.57404777,48277.0,1077.0372450309874,2.793296089385475,522,537,15,0,522,537,49728,0,0,0,0,0
2020-07-27,US,Texas,Lamb,175,4,0,34.06859623,-102.35162890000001,48279.0,1357.325680601877,2.2857142857142856,171,175,7,0,168,175,13158,0,-3,0,3,0
2020-07-27,US,Texas,Lampasas,76,1,0,31.19531316,-98.24206613,48281.0,354.67612469665863,1.3157894736842106,75,71,0,0,71,68,21229,5,1,0,4,3
2020-07-27,US,Texas,Lavaca,545,10,0,29.38508402,-96.93186692,48285.0,2704.1778307035825,1.834862385321101,535,545,1,0,544,545,20110,0,9,0,-9,0
2020-07-27,US,Texas,Lee,143,10,0,30.31120597,-96.97045773,48287.0,829.5144729972735,6.9930069930069925,133,143,3,0,140,143,17144,0,7,0,-7,0
2020-07-27,US,Texas,Leon,128,1,0,31.29872538,-95.9936328,48289.0,735.4631119282924,0.78125,127,128,1,0,127,128,17270,0,0,0,0,0
2020-07-27,US,Texas,Liberty,797,21,0,30.15152688,-94.81205615,48291.0,903.4335007197997,2.6348808030112925,776,741,17,0,724,733,86323,56,4,0,52,8
2020-07-27,US,Texas,Limestone,143,2,0,31.5454767,-96.58095444,48293.0,610.1463497887954,1.3986013986013983,141,144,2,0,142,144,23519,-1,0,0,-1,0
2020-07-27,US,Texas,Lipscomb,15,0,0,36.27783108,-100.27331509999999,48295.0,463.96535725332507,0.0,15,15,0,0,15,15,3355,0,0,0,0,0
2020-07-27,US,Texas,Live Oak,115,1,0,28.35101362,-98.1246786,48297.0,942.082411730974,0.8695652173913043,114,115,1,0,114,115,12166,0,0,0,0,0
2020-07-27,US,Texas,Llano,81,0,0,30.70645047,-98.68475262,48299.0,371.6448726772196,0.0,81,81,0,0,81,81,21646,0,0,0,0,0
2020-07-27,US,Texas,Lubbock,5100,65,0,33.61008596,-101.82047890000001,48303.0,1642.1471557045295,1.2745098039215683,5035,5014,68,0,4946,4962,307412,86,-3,0,89,52
2020-07-27,US,Texas,Lynn,59,3,0,33.17657705,-101.8162849,48305.0,991.430011762729,5.084745762711863,56,59,3,0,56,59,5877,0,0,0,0,0
2020-07-27,US,Texas,Madison,609,0,0,30.96694679,-95.93003775,48313.0,4263.511621394568,0.0,609,241,0,0,241,240,14422,368,0,0,368,1
2020-07-27,US,Texas,Marion,117,6,0,32.79868409,-94.35661230000001,48315.0,1187.3350923482851,5.128205128205129,111,117,7,0,110,116,9928,0,-1,0,1,1
2020-07-27,US,Texas,Martin,42,2,0,32.30600051,-101.9513518,48317.0,727.7768151100328,4.761904761904762,40,42,1,0,41,42,5753,0,1,0,-1,0
2020-07-27,US,Texas,Mason,38,0,0,30.71780434,-99.22629416,48319.0,889.0968647636874,0.0,38,38,0,0,38,38,4280,0,0,0,0,0
2020-07-27,US,Texas,Matagorda,588,19,0,28.81955746,-96.01230294,48321.0,1604.6721065414954,3.2312925170068025,569,572,5,0,567,566,36552,16,14,0,2,6
2020-07-27,US,Texas,Maverick,1622,31,0,28.7429195,-100.3157686,48323.0,2762.1675011069105,1.9112207151664609,1591,1440,26,0,1414,1440,58485,182,5,0,177,0
2020-07-27,US,Texas,McCulloch,34,0,0,31.1925468,-99.34682807,48307.0,425.85170340681367,0.0,34,35,0,0,35,35,7987,-1,0,0,-1,0
2020-07-27,US,Texas,McLennan,3986,27,0,31.55255453,-97.20217694,48309.0,1553.251267423419,0.6773707977922729,3959,3957,35,0,3922,3885,254607,29,-8,0,37,72
2020-07-27,US,Texas,McMullen,7,0,0,28.35251708,-98.56769164,48311.0,942.1265141318976,0.0,7,7,0,0,7,6,749,0,0,0,0,1
2020-07-27,US,Texas,Medina,546,16,0,29.355730100000002,-99.11030298,48325.0,1058.467741935484,2.93040293040293,530,546,8,0,538,546,50921,0,8,0,-8,0
2020-07-27,US,Texas,Menard,16,0,0,30.88990665,-99.82047940000001,48327.0,748.3629560336763,0.0,16,16,0,0,16,16,2139,0,0,0,0,0
2020-07-27,US,Texas,Midland,1901,36,0,31.86904128,-102.03156820000001,48329.0,1075.0316684762938,1.8937401367701208,1865,1805,33,0,1772,1805,172578,96,3,0,93,0
2020-07-27,US,Texas,Milam,273,4,0,30.78581830000001,-96.97718698,48331.0,1099.786488337429,1.465201465201465,269,273,2,0,271,273,25131,0,2,0,-2,0
2020-07-27,US,Texas,Mills,14,0,0,31.49557106,-98.59272068,48333.0,287.2973527601067,0.0,14,13,0,0,13,13,4921,1,0,0,1,0
2020-07-27,US,Texas,Mitchell,41,0,0,32.30623474,-100.9212058,48335.0,479.81275599765945,0.0,41,41,0,0,41,41,8145,0,0,0,0,0
2020-07-27,US,Texas,Montague,45,1,0,33.67521893,-97.72500958,48337.0,227.06630336058132,2.2222222222222223,44,45,1,0,44,45,19596,0,0,0,0,0
2020-07-27,US,Texas,Montgomery,5780,54,0,30.30079133,-95.50572772,48339.0,951.6110709575876,0.9342560553633218,5726,5597,53,0,5544,5597,590925,183,1,0,182,0
2020-07-27,US,Texas,Moore,978,13,0,35.83769242,-101.8930281,48341.0,4670.487106017192,1.3292433537832309,965,978,15,0,963,978,21485,0,-2,0,2,0
2020-07-27,US,Texas,Morris,79,1,0,33.11304005,-94.73255695,48343.0,637.7139166935742,1.2658227848101269,78,79,0,0,79,77,12339,0,1,0,-1,2
2020-07-27,US,Texas,Motley,4,0,0,34.07408766,-100.77972199999999,48345.0,333.3333333333333,0.0,4,4,0,0,4,4,1234,0,0,0,0,0
2020-07-27,US,Texas,Nacogdoches,882,34,0,31.62017125,-94.61803994,48347.0,1352.6777498312986,3.8548752834467117,848,875,37,0,838,866,65711,7,-3,0,10,9
2020-07-27,US,Texas,Navarro,672,9,0,32.04620681,-96.47428766,48349.0,1340.969409135354,1.3392857142857142,663,672,11,0,661,672,49565,0,-2,0,2,0
2020-07-27,US,Texas,Newton,78,2,0,30.78548982,-93.74408813,48351.0,573.7403457153365,2.5641025641025643,76,78,2,0,76,77,13746,0,0,0,0,1
2020-07-27,US,Texas,Nolan,122,3,0,32.30365282,-100.4060208,48353.0,829.1423134429795,2.459016393442623,119,122,2,0,120,122,14751,0,1,0,-1,0
2020-07-27,US,Texas,Nueces,10647,148,0,27.736286,-97.5433285,48355.0,2938.7734823099468,1.390062928524467,10499,10351,137,0,10214,10351,362265,296,11,0,285,0
2020-07-27,US,Texas,Ochiltree,75,3,0,36.27829105,-100.8158184,48357.0,762.5050833672225,4.0,72,75,2,0,73,75,9947,0,1,0,-1,0
2020-07-27,US,Texas,Oldham,12,1,0,35.40425596,-102.6027606,48359.0,568.1818181818181,8.333333333333334,11,12,1,0,11,12,2131,0,0,0,0,0
2020-07-27,US,Texas,Orange,827,15,0,30.11879481,-93.89412775,48361.0,991.6542759844597,1.8137847642079807,812,827,8,0,819,827,83572,0,7,0,-7,0
2020-07-27,US,Texas,Palo Pinto,142,3,0,32.75310985,-98.31319001,48363.0,486.4846346226319,2.112676056338028,139,142,2,0,140,142,28875,0,1,0,-1,0
2020-07-27,US,Texas,Panola,258,18,0,32.163959600000005,-94.30552481,48365.0,1112.3566439596448,6.9767441860465125,240,257,24,0,233,255,23148,1,-6,0,7,2
2020-07-27,US,Texas,Parker,824,8,0,32.77757172,-97.80500621,48367.0,576.715799493274,0.9708737864077671,816,824,2,0,822,824,138371,0,6,0,-6,0
2020-07-27,US,Texas,Parmer,289,7,0,34.52993409,-102.78446679999999,48369.0,3008.849557522124,2.4221453287197234,282,289,8,0,281,289,9864,0,-1,0,1,0
2020-07-27,US,Texas,Pecos,194,1,0,30.78097267,-102.72412609999999,48371.0,1226.0633255387727,0.5154639175257731,193,193,1,0,192,194,15673,1,0,0,1,-1
2020-07-27,US,Texas,Polk,601,5,0,30.79472531,-94.82766240000001,48373.0,1170.330847272798,0.8319467554076541,596,601,1,0,600,601,50031,0,4,0,-4,0
2020-07-27,US,Texas,Potter,3353,41,0,35.40133773,-101.893964,48375.0,2855.682834390836,1.2227855651655235,3312,3353,42,0,3311,3353,119648,0,-1,0,1,0
2020-07-27,US,Texas,Presidio,35,0,0,29.99954402,-104.24080790000001,48377.0,522.0763723150358,0.0,35,35,0,0,35,35,6948,0,0,0,0,0
2020-07-27,US,Texas,Rains,37,2,0,32.87109387,-95.79232691,48379.0,295.66885088700656,5.405405405405406,35,37,1,0,36,37,12159,0,1,0,-1,0
2020-07-27,US,Texas,Randall,1442,18,0,34.96585996,-101.8971322,48381.0,1047.1052115631785,1.2482662968099858,1424,1442,17,0,1425,1442,136271,0,1,0,-1,0
2020-07-27,US,Texas,Reagan,51,3,0,31.36607041,-101.52326590000001,48383.0,1325.0194855806706,5.882352941176472,48,51,5,0,46,51,3741,0,-2,0,2,0
2020-07-27,US,Texas,Real,71,0,0,29.83321503,-99.82018052,48385.0,2056.7786790266514,0.0,71,71,0,0,71,71,3478,0,0,0,0,0
2020-07-27,US,Texas,Red River,131,11,0,33.61886692,-95.04841765,48387.0,1089.5783082425348,8.396946564885496,120,131,12,0,119,131,12175,0,-1,0,1,0
2020-07-27,US,Texas,Reeves,106,1,0,31.32323325,-103.69038959999999,48389.0,663.4952428642963,0.9433962264150944,105,106,2,0,104,106,15695,0,-1,0,1,0
2020-07-27,US,Texas,Refugio,156,0,0,28.323897600000002,-97.15766311,48391.0,2245.250431778929,0.0,156,156,0,0,156,138,7032,0,0,0,0,18
2020-07-27,US,Texas,Roberts,6,0,0,35.83809685,-100.813175,48393.0,702.5761124121782,0.0,6,6,0,0,6,6,903,0,0,0,0,0
2020-07-27,US,Texas,Robertson,194,1,0,31.02539637,-96.51272246,48395.0,1136.2305259458826,0.5154639175257731,193,195,0,0,195,195,17284,-1,1,0,-2,0
2020-07-27,US,Texas,Rockwall,635,17,0,32.89779518,-96.40771592,48397.0,605.2518705618834,2.677165354330709,618,635,17,0,618,635,100657,0,0,0,0,0
2020-07-27,US,Texas,Runnels,78,2,0,31.8314342,-99.97616148,48399.0,759.937646141855,2.5641025641025643,76,78,2,0,76,78,10234,0,0,0,0,0
2020-07-27,US,Texas,Rusk,300,8,0,32.10773545,-94.76176432,48401.0,551.4097709811418,2.6666666666666665,292,295,3,0,292,294,54450,5,5,0,0,1
2020-07-27,US,Texas,Sabine,37,5,0,31.34318809,-93.85440451,48403.0,350.97704420413584,13.513513513513516,32,37,2,0,35,36,10589,0,3,0,-3,1
2020-07-27,US,Texas,San Augustine,147,9,0,31.39457611,-94.17000399,48405.0,1784.6303265752094,6.1224489795918355,138,147,12,0,135,147,8232,0,-3,0,3,0
2020-07-27,US,Texas,San Jacinto,136,5,0,30.57933681,-95.16260304,48407.0,471.2568003049309,3.6764705882352944,131,135,2,0,133,135,28719,1,3,0,-2,0
2020-07-27,US,Texas,San Patricio,666,14,0,28.00880118,-97.51763891,48409.0,998.0518507417952,2.1021021021021022,652,666,0,0,666,666,66893,0,14,0,-14,0
2020-07-27,US,Texas,San Saba,19,0,0,31.1577796,-98.81758731,48411.0,313.79025598678777,0.0,19,19,0,0,19,19,6054,0,0,0,0,0
2020-07-27,US,Texas,Schleicher,33,1,0,30.89740592,-100.5384842,48413.0,1181.5252416756175,3.0303030303030303,32,33,1,0,32,33,2895,0,0,0,0,0
2020-07-27,US,Texas,Scurry,387,1,0,32.74613808,-100.91626640000001,48415.0,2316.94905106867,0.25839793281653745,386,387,1,0,386,387,16866,0,0,0,0,0
2020-07-27,US,Texas,Shackelford,16,0,0,32.73587756,-99.35401337,48417.0,490.04594180704436,0.0,16,16,0,0,16,16,3253,0,0,0,0,0
2020-07-27,US,Texas,Shelby,351,17,0,31.79211404,-94.14550696,48419.0,1388.7789823534067,4.843304843304844,334,350,14,0,336,348,25418,1,3,0,-2,2
2020-07-27,US,Texas,Sherman,35,0,0,36.27751473,-101.8933156,48421.0,1158.173395102581,0.0,35,35,0,0,35,35,3079,0,0,0,0,0
2020-07-27,US,Texas,Smith,2106,14,0,32.37474036,-95.27175679999999,48423.0,904.8296247921596,0.6647673314339981,2092,2106,13,0,2093,2106,230221,0,1,0,-1,0
2020-07-27,US,Texas,Somervell,46,0,0,32.22236802,-97.77403489,48425.0,503.9439088518843,0.0,46,46,0,0,46,46,9016,0,0,0,0,0
2020-07-27,US,Texas,Starr,1655,28,0,26.56150059,-98.73892358,48427.0,2560.6114523540605,1.6918429003021147,1627,1637,22,0,1615,1559,64525,18,6,0,12,78
2020-07-27,US,Texas,Stephens,23,2,0,32.73553157,-98.83631615,48429.0,245.56907964979717,8.695652173913043,21,23,0,0,23,23,9433,0,2,0,-2,0
2020-07-27,US,Texas,Sterling,1,0,0,31.82781912,-101.05007459999999,48431.0,77.45933384972889,0.0,1,1,0,0,1,1,1311,0,0,0,0,0
2020-07-27,US,Texas,Stonewall,4,0,0,33.17906744,-100.25384009999999,48433.0,296.2962962962963,0.0,4,4,0,0,4,4,1362,0,0,0,0,0
2020-07-27,US,Texas,Sutton,54,1,0,30.49856623,-100.5382014,48435.0,1430.0847457627121,1.851851851851852,53,54,0,0,54,54,3758,0,1,0,-1,0
2020-07-27,US,Texas,Swisher,72,2,0,34.53028891,-101.73491740000001,48437.0,973.36758145194,2.7777777777777777,70,72,1,0,71,72,7462,0,1,0,-1,0
2020-07-27,US,Texas,Tarrant,25499,338,0,32.77143818,-97.29101614,48439.0,1212.7856400548867,1.3255421781246324,25161,25146,344,0,24802,25146,2084931,353,-6,0,359,0
2020-07-27,US,Texas,Taylor,1019,16,0,32.30163422,-99.89007449,48441.0,738.2239158468202,1.5701668302257117,1003,1012,14,0,998,1007,137640,7,2,0,5,5
2020-07-27,US,Texas,Terrell,2,0,0,30.22429013,-102.0766732,48443.0,257.73195876288656,0.0,2,2,0,0,2,2,823,0,0,0,0,0
2020-07-27,US,Texas,Terry,86,2,0,33.17402785,-102.3354521,48445.0,697.0900543081788,2.3255813953488373,84,86,0,0,86,86,12287,0,2,0,-2,0
2020-07-27,US,Texas,Throckmorton,2,0,0,33.17751417,-99.21226795,48447.0,133.24450366422386,0.0,2,2,0,0,2,2,1515,0,0,0,0,0
2020-07-27,US,Texas,Titus,1224,10,0,33.21339719,-94.96797273,48449.0,3737.404580152672,0.8169934640522876,1214,1200,6,0,1194,1087,33033,24,4,0,20,113
2020-07-27,US,Texas,Tom Green,2046,19,0,31.40464436,-100.46244300000001,48451.0,1716.4429530201346,0.9286412512218964,2027,1965,19,0,1946,1922,118189,81,0,0,81,43
2020-07-27,US,Texas,Travis,19480,204,0,30.33432034,-97.78535620000001,48453.0,1529.0975969305014,1.0472279260780288,19276,19401,241,0,19160,19177,1248743,79,-37,0,116,224
2020-07-27,US,Texas,Trinity,117,2,0,31.0879489,-95.1367187,48455.0,798.5803016858918,1.709401709401709,115,117,0,0,117,117,14740,0,2,0,-2,0
2020-07-27,US,Texas,Tyler,102,1,0,30.77031716,-94.37690895,48457.0,470.6533776301218,0.9803921568627452,101,102,1,0,101,94,21696,0,0,0,0,8
2020-07-27,US,Texas,Unassigned,0,81,0,0.0,0.0,90048.0,0.0,0.0,-81,,,,,,,,,,,
2020-07-27,US,Texas,Upshur,164,2,0,32.73706798,-94.93999853,48459.0,392.7861471032022,1.2195121951219512,162,161,1,0,160,158,41260,3,1,0,2,3
2020-07-27,US,Texas,Upton,13,1,0,31.36868194,-102.0423217,48461.0,355.48263604047025,7.6923076923076925,12,13,0,0,13,13,3671,0,1,0,-1,0
2020-07-27,US,Texas,Uvalde,427,3,0,29.35739637,-99.76229172,48463.0,1596.7989230021315,0.7025761124121779,424,412,5,0,407,401,26846,15,-2,0,17,11
2020-07-27,US,Texas,Val Verde,1288,22,0,29.89149232,-101.1525205,48465.0,2627.231004589495,1.708074534161491,1266,1154,22,0,1132,1154,49208,134,0,0,134,0
2020-07-27,US,Texas,Van Zandt,297,1,0,32.56483801,-95.83766469,48467.0,524.8277080756318,0.3367003367003367,296,297,4,0,293,297,56019,0,-3,0,3,0
2020-07-27,US,Texas,Victoria,2870,23,0,28.79780988,-96.96813006,48469.0,3116.719516962773,0.8013937282229965,2847,2870,27,0,2843,2870,92035,0,-4,0,4,0
2020-07-27,US,Texas,Walker,2738,41,0,30.73872995,-95.57440968,48471.0,3752.1755217826258,1.4974433893352812,2697,2714,38,0,2676,2697,72480,24,3,0,21,17
2020-07-27,US,Texas,Waller,377,4,0,30.01058447,-95.99011759,48473.0,682.4023458711943,1.0610079575596818,373,349,6,0,343,348,53126,28,-2,0,30,1
2020-07-27,US,Texas,Ward,74,1,0,31.50999644,-103.09279090000001,48475.0,616.7694615769295,1.351351351351351,73,74,2,0,72,74,11720,0,-1,0,1,0
2020-07-27,US,Texas,Washington,441,35,0,30.21498498,-96.40946246,48477.0,1229.0284822473666,7.936507936507938,406,441,34,0,407,441,35108,0,1,0,-1,0
2020-07-27,US,Texas,Webb,5081,65,0,27.7610369,-99.33237355,48479.0,1836.6033862036056,1.2792757331234008,5016,5042,99,0,4943,4872,275910,39,-34,0,73,170
2020-07-27,US,Texas,Wharton,517,17,0,29.27765923,-96.22319248,48481.0,1244.1043411300411,3.288201160541586,500,500,14,0,486,499,41619,17,3,0,14,1
2020-07-27,US,Texas,Wheeler,31,0,0,35.40114335,-100.26995140000001,48483.0,613.132911392405,0.0,31,31,0,0,31,31,5191,0,0,0,0,0
2020-07-27,US,Texas,Wichita,824,9,0,33.98842886,-98.70410340000001,48485.0,623.1566210390986,1.0922330097087378,815,808,9,0,799,808,132064,16,0,0,16,0
2020-07-27,US,Texas,Wilbarger,35,1,0,34.07945812,-99.24178437,48487.0,274.1013391808286,2.8571428571428568,34,35,0,0,35,35,12820,0,1,0,-1,0
2020-07-27,US,Texas,Willacy,568,16,0,26.47411727,-97.61535848,48489.0,2659.425039797734,2.8169014084507036,552,567,4,0,563,557,21515,1,12,0,-11,10
2020-07-27,US,Texas,Williamson,5366,99,0,30.64655664,-97.60048540000001,48491.0,908.6429453171698,1.8449496831904584,5267,5304,94,0,5210,5246,566719,62,5,0,57,58
2020-07-27,US,Texas,Wilson,403,14,0,29.1732598,-98.08693082,48493.0,789.1129821813197,3.4739454094292803,389,403,6,0,397,403,50224,0,8,0,-8,0
2020-07-27,US,Texas,Winkler,65,1,0,31.85008651,-103.04851629999999,48495.0,811.4856429463173,1.5384615384615383,64,65,0,0,65,65,7720,0,1,0,-1,0
2020-07-27,US,Texas,Wise,272,4,0,33.21570665,-97.65460265,48497.0,388.6602652034751,1.4705882352941178,268,272,5,0,267,272,68305,0,-1,0,1,0
2020-07-27,US,Texas,Wood,241,5,0,32.78722382,-95.38236368,48499.0,529.2167153428928,2.074688796680498,236,241,6,0,235,241,45129,0,-1,0,1,0
2020-07-27,US,Texas,Yoakum,63,1,0,33.17320212,-102.82764329999999,48501.0,723.0575002869276,1.5873015873015872,62,63,1,0,62,63,8591,0,0,0,0,0
2020-07-27,US,Texas,Young,101,3,0,33.17659707,-98.68790885,48503.0,560.7995558023322,2.9702970297029703,98,101,1,0,100,101,18045,0,2,0,-2,0
2020-07-27,US,Texas,Zapata,123,1,0,27.00156391,-99.16987152,48505.0,867.4800761689824,0.8130081300813008,122,123,1,0,122,122,14190,0,0,0,0,1
2020-07-27,US,Texas,Zavala,143,3,0,28.86617238,-99.76050829,48507.0,1207.7702702702702,2.097902097902098,140,143,0,0,143,143,11983,0,3,0,-3,0
2020-07-27,US,Utah,Bear River,2099,5,0,41.52106798,-113.0832816,0.0,1123.5534049181556,0.23820867079561694,2094,2091,5,0,2086,2078,,8,0,0,8,13
2020-07-27,US,Utah,Central Utah,347,1,0,39.37231946,-111.5758676,0.0,423.4082534104497,0.2881844380403458,346,341,1,0,340,333,,6,0,0,6,8
2020-07-27,US,Utah,Davis,2743,11,0,40.99001837,-112.1139997,49011.0,771.6305512812218,0.4010207801676996,2732,2695,11,0,2684,2660,351713,48,0,0,48,35
2020-07-27,US,Utah,Salt Lake,18280,160,0,40.66616532,-111.9216011,49035.0,1575.2686272499066,0.8752735229759301,18120,18090,156,0,17934,17966,1152633,190,4,0,186,124
2020-07-27,US,Utah,San Juan,590,21,0,37.62762978,-109.80337140000002,49037.0,3854.193885550039,3.5593220338983054,569,582,19,0,563,582,15449,8,2,0,6,0
2020-07-27,US,Utah,Southeast Utah,70,0,0,38.99617072,-110.7013958,0.0,174.00382808421784,0.0,70,70,0,0,70,70,,0,0,0,0,0
2020-07-27,US,Utah,Southwest Utah,2781,23,0,37.85447192,-111.4418764,0.0,1103.3875306496536,0.8270406328658756,2758,2750,22,0,2728,2733,,31,1,0,30,17
2020-07-27,US,Utah,Summit,673,1,0,40.86688146,-110.9535882,49043.0,1596.8679558666504,0.1485884101040119,672,669,1,0,668,663,41933,4,0,0,4,6
2020-07-27,US,Utah,Tooele,498,0,0,40.44862644,-113.1295715,49045.0,689.1875060546091,0.0,498,487,0,0,487,481,69907,11,0,0,11,6
2020-07-27,US,Utah,TriCounty,142,0,0,40.12491499,-109.5174415,0.0,250.7859136024866,0.0,142,137,0,0,137,134,,5,0,0,5,3
2020-07-27,US,Utah,Utah,7296,31,0,40.1166722,-111.6657662,49049.0,1146.7460922457894,0.42489035087719296,7265,7194,31,0,7163,7098,622213,102,0,0,102,96
2020-07-27,US,Utah,Wasatch,515,4,0,40.33110236,-111.1691419,49051.0,1510.6626382329648,0.7766990291262136,511,515,4,0,511,512,33240,0,0,0,0,3
2020-07-27,US,Utah,Weber-Morgan,2375,24,0,41.27116049,-111.9145117,0.0,872.0812816473707,1.0105263157894735,2351,2352,24,0,2328,2313,,23,0,0,23,39
2020-07-27,US,Vermont,Addison,71,2,0,44.03217337,-73.14130877,50001.0,193.0554422601081,2.8169014084507036,69,71,2,0,69,71,36973,0,0,0,0,0
2020-07-27,US,Vermont,Bennington,82,1,0,43.03519828,-73.09048868,50003.0,231.18127995489147,1.2195121951219512,81,82,1,0,81,81,35631,0,0,0,0,1
2020-07-27,US,Vermont,Caledonia,25,0,0,44.46548598,-72.10314651,50005.0,83.3527823158737,0.0,25,25,0,0,25,25,30302,0,0,0,0,0
2020-07-27,US,Vermont,Chittenden,713,39,0,44.46322849,-73.08359212,50007.0,435.35603942017656,5.46984572230014,674,713,39,0,674,711,164572,0,0,0,0,2
2020-07-27,US,Vermont,Essex,4,0,0,44.72736416,-71.73579864,50009.0,64.9034561090378,0.0,4,4,0,0,4,4,6250,0,0,0,0,0
2020-07-27,US,Vermont,Franklin,115,6,0,44.85627605,-72.91249563,50011.0,232.7840978098053,5.217391304347826,109,114,6,0,108,114,49421,1,0,0,1,0
2020-07-27,US,Vermont,Grand Isle,13,0,0,44.797582399999996,-73.29679772,50013.0,179.68210089841045,0.0,13,13,0,0,13,13,7090,0,0,0,0,0
2020-07-27,US,Vermont,Lamoille,42,1,0,44.60353043,-72.64356694,50015.0,165.60208185474332,2.380952380952381,41,42,1,0,41,42,25300,0,0,0,0,0
2020-07-27,US,Vermont,Orange,15,0,0,44.00470222,-72.37640104,50017.0,51.917485809220544,0.0,15,14,0,0,14,14,28999,1,0,0,1,0
2020-07-27,US,Vermont,Orleans,14,0,0,44.82964024,-72.24562697,50019.0,51.78089285053815,0.0,14,14,0,0,14,14,26907,0,0,0,0,0
2020-07-27,US,Vermont,Rutland,84,1,0,43.57723578,-73.03741676,50021.0,144.3522194153735,1.1904761904761905,83,84,1,0,83,83,58672,0,0,0,0,1
2020-07-27,US,Vermont,Unassigned,7,0,0,0.0,0.0,90050.0,0.0,0.0,7,7,0,0,7,7,,0,0,0,0,0
2020-07-27,US,Vermont,Washington,47,1,0,44.27343241,-72.61604978,50023.0,80.4670513105857,2.127659574468085,46,47,1,0,46,47,58140,0,0,0,0,0
2020-07-27,US,Vermont,Windham,101,3,0,42.986982,-72.71268875,50025.0,239.211785325186,2.9702970297029703,98,101,3,0,98,101,42756,0,0,0,0,0
2020-07-27,US,Vermont,Windsor,69,2,0,43.58010937,-72.58595157,50027.0,125.31328320802004,2.898550724637681,67,69,2,0,67,69,55286,0,0,0,0,0
2020-07-27,US,Virginia,Accomack,1065,15,0,37.76707161,-75.63234615,51001.0,3295.5811362792424,1.4084507042253518,1050,1063,15,0,1048,1060,32412,2,0,0,2,3
2020-07-27,US,Virginia,Albemarle,718,10,0,38.02080697,-78.55481085,51003.0,656.7273392481477,1.3927576601671308,708,705,10,0,695,695,108718,13,0,0,13,10
2020-07-27,US,Virginia,Alexandria,2735,57,0,38.814003,-77.08183073,51510.0,1715.507940888677,2.084095063985375,2678,2695,57,0,2638,2687,160530,40,0,0,40,8
2020-07-27,US,Virginia,Alleghany,57,2,0,37.78636074,-80.00222498,51005.0,383.58008075370117,3.5087719298245608,55,57,2,0,55,56,14910,0,0,0,0,1
2020-07-27,US,Virginia,Amelia,66,1,0,37.34081025,-77.98584649,51007.0,502.092050209205,1.5151515151515151,65,66,1,0,65,65,13013,0,0,0,0,1
2020-07-27,US,Virginia,Amherst,88,0,0,37.60308293,-79.14548696,51009.0,278.43695617782004,0.0,88,81,0,0,81,76,31666,7,0,0,7,5
2020-07-27,US,Virginia,Appomattox,61,0,0,37.37569884,-78.81340003,51011.0,383.38256552070885,0.0,61,59,0,0,59,56,15841,2,0,0,2,3
2020-07-27,US,Virginia,Arlington,2823,135,0,38.8767675,-77.10139853,51013.0,1191.9338630817172,4.782146652497342,2688,2807,135,0,2672,2801,237521,16,0,0,16,6
2020-07-27,US,Virginia,Augusta,243,3,0,38.16404586,-79.12461614,51015.0,321.6072421186373,1.2345679012345678,240,239,3,0,236,238,75457,4,0,0,4,1
2020-07-27,US,Virginia,Bath,3,0,0,38.05852573,-79.73912095,51017.0,72.34145165179649,0.0,3,3,0,0,3,3,4292,0,0,0,0,0
2020-07-27,US,Virginia,Bedford,236,4,0,37.3080028,-79.5281964,51019.0,298.7455219818474,1.6949152542372878,232,232,4,0,228,224,78747,4,0,0,4,8
2020-07-27,US,Virginia,Bland,7,0,0,37.13128068,-81.13599391,51021.0,111.46496815286623,0.0,7,7,0,0,7,7,6293,0,0,0,0,0
2020-07-27,US,Virginia,Botetourt,179,4,0,37.55531756,-79.80982182,51023.0,535.62344773931,2.23463687150838,175,177,4,0,173,172,33277,2,0,0,2,5
2020-07-27,US,Virginia,Bristol,41,0,0,36.616302399999995,-82.16359122,51520.0,244.60088294952868,0.0,41,40,0,0,40,39,16482,1,0,0,1,1
2020-07-27,US,Virginia,Brunswick,179,1,0,36.76366949,-77.8593436,51025.0,1102.827921877888,0.5586592178770949,178,174,1,0,173,172,16384,5,0,0,5,2
2020-07-27,US,Virginia,Buchanan,64,0,0,37.26818323,-82.03749726,51027.0,304.703865930299,0.0,64,64,0,0,64,62,21221,0,0,0,0,2
2020-07-27,US,Virginia,Buckingham,592,6,0,37.57242268,-78.52518834,51029.0,3452.2976440401208,1.0135135135135136,586,592,6,0,586,591,16999,0,0,0,0,1
2020-07-27,US,Virginia,Buena Vista,45,0,0,37.73484642,-79.35296097,51530.0,694.6588453226303,0.0,45,42,0,0,42,40,6237,3,0,0,3,2
2020-07-27,US,Virginia,Campbell,117,1,0,37.20553386,-79.09678609,51031.0,213.172998086909,0.8547008547008547,116,102,1,0,101,101,54973,15,0,0,15,1
2020-07-27,US,Virginia,Caroline,171,4,0,38.02679129,-77.34901405,51033.0,556.5500406834825,2.3391812865497075,167,170,4,0,166,170,30772,1,0,0,1,0
2020-07-27,US,Virginia,Carroll,299,10,0,36.73066666,-80.73455942,51035.0,1003.6588231345037,3.3444816053511706,289,299,10,0,289,295,29636,0,0,0,0,4
2020-07-27,US,Virginia,Charles City,45,3,0,37.35358063,-77.05634116,51036.0,646.2731581214994,6.666666666666668,42,45,3,0,42,45,6941,0,0,0,0,0
2020-07-27,US,Virginia,Charlotte,46,0,0,37.01909701,-78.66314092,51037.0,387.2053872053872,0.0,46,46,0,0,46,46,11938,0,0,0,0,0
2020-07-27,US,Virginia,Charlottesville,433,8,0,38.03527919,-78.48569588,51540.0,916.0919053865358,1.8475750577367205,425,420,8,0,412,412,48117,13,0,0,13,8
2020-07-27,US,Virginia,Chesapeake,2246,25,0,36.67670048,-76.30545744,51550.0,917.3525027059039,1.1130899376669634,2221,2151,25,0,2126,2079,242634,95,0,0,95,72
2020-07-27,US,Virginia,Chesterfield,3766,66,0,37.37373208,-77.58680140000001,51041.0,1067.4542661322782,1.7525225703664364,3700,3730,66,0,3664,3702,348556,36,0,0,36,28
2020-07-27,US,Virginia,Clarke,64,0,0,39.11271747,-77.99199425,51043.0,437.78644230111496,0.0,64,63,0,0,63,63,14523,1,0,0,1,0
2020-07-27,US,Virginia,Colonial Heights,173,20,0,37.26420587,-77.39609676,51570.0,995.9700633275764,11.560693641618498,153,172,20,0,152,171,17833,1,0,0,1,1
2020-07-27,US,Virginia,Covington,10,0,0,37.7824656,-79.98631446,51580.0,180.5706031058144,0.0,10,9,0,0,9,8,5460,1,0,0,1,1
2020-07-27,US,Virginia,Craig,14,0,0,37.48133648,-80.21072274,51045.0,272.8512960436562,0.0,14,12,0,0,12,11,5064,2,0,0,2,1
2020-07-27,US,Virginia,Culpeper,926,12,0,38.48199985,-77.95630870000002,51047.0,1760.2889459176886,1.2958963282937366,914,919,12,0,907,916,51859,7,0,0,7,3
2020-07-27,US,Virginia,Cumberland,60,0,0,37.51328851,-78.24398086,51049.0,604.1079339508659,0.0,60,60,0,0,60,60,9809,0,0,0,0,0
2020-07-27,US,Virginia,Danville,269,3,0,36.58022376,-79.40395668,51590.0,671.761062830886,1.1152416356877324,266,247,3,0,244,241,40693,22,0,0,22,6
2020-07-27,US,Virginia,Dickenson,16,0,0,37.12560977,-82.35124171,51051.0,111.74745076127951,0.0,16,13,0,0,13,12,14523,3,0,0,3,1
2020-07-27,US,Virginia,Dinwiddie,187,2,0,37.07544585,-77.63451754,51053.0,655.1289237668161,1.0695187165775402,185,179,2,0,177,175,28529,8,0,0,8,4
2020-07-27,US,Virginia,Emporia,161,15,0,36.69455571,-77.53406129,51595.0,3011.5974560419013,9.316770186335404,146,157,15,0,142,156,5121,4,0,0,4,1
2020-07-27,US,Virginia,Essex,73,1,0,37.93357639,-76.94230311,51057.0,666.4840682917923,1.3698630136986298,72,73,1,0,72,73,10919,0,0,0,0,0
2020-07-27,US,Virginia,Fairfax,15455,517,0,38.83677558,-77.27565836,51059.0,1346.8034006894798,3.3451957295373664,14938,15304,515,0,14789,15265,1150795,151,2,0,149,39
2020-07-27,US,Virginia,Fairfax,15455,517,0,38.83677558,-77.27565836,51059.0,1346.8034006894798,3.3451957295373664,14938,15304,515,0,14789,15265,24574,151,2,0,149,39
2020-07-27,US,Virginia,Fairfax City,76,7,0,38.85157547,-77.29779640000002,51600.0,316.41617053166243,9.210526315789474,69,74,7,0,67,74,24574,2,0,0,2,0
2020-07-27,US,Virginia,Falls Church,55,6,0,38.88485255,-77.17560759,51610.0,376.27420127249087,10.909090909090908,49,55,6,0,49,55,14772,0,0,0,0,0
2020-07-27,US,Virginia,Fauquier,567,8,0,38.73564842,-77.80647472,51061.0,796.1023279323805,1.4109347442680775,559,559,8,0,551,557,70675,8,0,0,8,2
2020-07-27,US,Virginia,Floyd,29,1,0,36.9302126,-80.36738849,51063.0,184.1386754714585,3.4482758620689653,28,27,1,0,26,27,15795,2,0,0,2,0
2020-07-27,US,Virginia,Fluvanna,165,8,0,37.84157909,-78.27715475,51065.0,605.0605060506051,4.848484848484849,157,160,8,0,152,157,26783,5,0,0,5,3
2020-07-27,US,Virginia,Franklin,141,1,0,36.99536167,-79.88023649,51067.0,251.5970165233218,0.7092198581560284,140,141,1,0,140,138,56195,0,0,0,0,3
2020-07-27,US,Virginia,Franklin,141,1,0,36.99536167,-79.88023649,51067.0,251.5970165233218,0.7092198581560284,140,141,1,0,140,138,8013,0,0,0,0,3
2020-07-27,US,Virginia,Franklin City,109,4,0,36.6831435,-76.93859681,51620.0,1368.143592318313,3.669724770642202,105,107,4,0,103,103,8013,2,0,0,2,4
2020-07-27,US,Virginia,Frederick,639,7,0,39.20172582,-78.25974949,51069.0,715.4613550099091,1.0954616588419406,632,638,7,0,631,634,88355,1,0,0,1,4
2020-07-27,US,Virginia,Fredericksburg,329,2,0,38.2977863,-77.4922454,51630.0,1133.076181292189,0.6079027355623101,327,320,3,0,317,318,29144,9,-1,0,10,2
2020-07-27,US,Virginia,Galax,326,16,0,36.66601852,-80.91703124,51640.0,5136.284858988499,4.9079754601227,310,322,16,0,306,317,6423,4,0,0,4,5
2020-07-27,US,Virginia,Giles,20,0,0,37.31234791,-80.70636931,51071.0,119.6172248803828,0.0,20,20,0,0,20,18,16844,0,0,0,0,2
2020-07-27,US,Virginia,Gloucester,132,1,0,37.40809042,-76.53524337,51073.0,353.4325800578344,0.7575757575757576,131,127,1,0,126,123,37349,5,0,0,5,4
2020-07-27,US,Virginia,Goochland,147,6,0,37.71714806,-77.90381514,51075.0,618.8691954700457,4.081632653061225,141,145,6,0,139,144,23244,2,0,0,2,1
2020-07-27,US,Virginia,Grayson,120,4,0,36.65677234,-81.23215889,51077.0,771.7041800643087,3.333333333333333,116,117,4,0,113,113,15631,3,0,0,3,4
2020-07-27,US,Virginia,Greene,134,2,0,38.29545894,-78.46525378,51079.0,676.1188758262274,1.492537313432836,132,123,2,0,121,119,19779,11,0,0,11,4
2020-07-27,US,Virginia,Greensville,406,9,0,36.67878901,-77.56351439,51081.0,3581.5102328863795,2.2167487684729066,397,403,9,0,394,404,11627,3,0,0,3,-1
2020-07-27,US,Virginia,Halifax,123,1,0,36.76654925,-78.93512622,51083.0,362.7141635457521,0.8130081300813008,122,123,1,0,122,118,34120,0,0,0,0,5
2020-07-27,US,Virginia,Hampton,916,4,0,37.03513786,-76.35879121,51650.0,680.9902609471415,0.4366812227074236,912,873,4,0,869,848,134313,43,0,0,43,25
2020-07-27,US,Virginia,Hanover,575,30,0,37.7583355,-77.49464673,51085.0,533.5634615741513,5.217391304347826,545,563,30,0,533,557,107239,12,0,0,12,6
2020-07-27,US,Virginia,Harrisonburg,1028,29,0,38.43542574,-78.87536254,51660.0,1939.0372717670136,2.8210116731517516,999,1024,29,0,995,1021,54033,4,0,0,4,3
2020-07-27,US,Virginia,Henrico,3371,178,0,37.53460572,-77.39326555,51087.0,1018.9892932065366,5.280332245624443,3193,3290,178,0,3112,3261,329261,81,0,0,81,29
2020-07-27,US,Virginia,Henry,434,5,0,36.68542395,-79.87634026,51089.0,858.4370116897759,1.1520737327188941,429,434,5,0,429,429,50953,0,0,0,0,5
2020-07-27,US,Virginia,Highland,3,0,0,38.35799465,-79.56124594,51091.0,136.98630136986299,0.0,3,3,0,0,3,3,2210,0,0,0,0,0
2020-07-27,US,Virginia,Hopewell,248,5,0,37.29186313,-77.29754684,51670.0,1100.803408939589,2.0161290322580645,243,242,5,0,237,239,22596,6,0,0,6,3
2020-07-27,US,Virginia,Isle of Wight,315,9,0,36.90579348,-76.70842863,51093.0,848.8506831226928,2.8571428571428568,306,305,9,0,296,306,36953,10,0,0,10,-1
2020-07-27,US,Virginia,James City,510,16,0,37.31156958,-76.76950618,51095.0,666.4662911804294,3.1372549019607843,494,497,16,0,481,490,76397,13,0,0,13,7
2020-07-27,US,Virginia,King George,118,4,0,38.26818502,-77.15852768,51099.0,439.7078551199881,3.3898305084745757,114,116,4,0,112,113,26575,2,0,0,2,3
2020-07-27,US,Virginia,King William,73,2,0,37.70965316,-77.09384941,51101.0,425.7056216468393,2.7397260273972597,71,71,2,0,69,70,16939,2,0,0,2,1
2020-07-27,US,Virginia,King and Queen,34,1,0,37.71044922,-76.88689628,51097.0,483.9857651245552,2.9411764705882355,33,34,1,0,33,33,7042,0,0,0,0,1
2020-07-27,US,Virginia,Lancaster,28,0,0,37.71889653,-76.46400482,51103.0,264.0762048476846,0.0,28,26,0,0,26,26,10783,2,0,0,2,0
2020-07-27,US,Virginia,Lee,78,0,0,36.70586667,-83.12606515,51105.0,333.0060197242027,0.0,78,74,0,0,74,66,23541,4,0,0,4,8
2020-07-27,US,Virginia,Lexington,28,0,0,37.78258621,-79.44262866,51678.0,376.04082728982,0.0,28,28,0,0,28,28,7136,0,0,0,0,0
2020-07-27,US,Virginia,Loudoun,4914,106,0,39.08990083,-77.63481877,51107.0,1188.2825762082325,2.1571021571021567,4808,4820,106,0,4714,4796,406850,94,0,0,94,24
2020-07-27,US,Virginia,Louisa,165,2,0,37.97850256,-77.96274807,51109.0,438.93485142720334,1.2121212121212122,163,160,2,0,158,160,36778,5,0,0,5,0
2020-07-27,US,Virginia,Lunenburg,46,0,0,36.94618528,-78.24133319,51111.0,377.17284355526397,0.0,46,46,0,0,46,46,12086,0,0,0,0,0
2020-07-27,US,Virginia,Lynchburg,354,1,0,37.40021399,-79.19888138,51680.0,430.82465193262567,0.2824858757062147,353,323,1,0,322,312,82126,31,0,0,31,11
2020-07-27,US,Virginia,Madison,56,1,0,38.41531222,-78.28220331,51113.0,422.2909282859513,1.7857142857142858,55,53,1,0,52,53,13295,3,0,0,3,0
2020-07-27,US,Virginia,Manassas,1575,20,0,38.7464321,-77.48509905,51683.0,3833.515881708653,1.2698412698412698,1555,1567,20,0,1547,1561,41641,8,0,0,8,6
2020-07-27,US,Virginia,Manassas Park,486,7,0,38.77058531,-77.44399307,51685.0,2780.638516992791,1.4403292181069958,479,483,7,0,476,482,17307,3,0,0,3,1
2020-07-27,US,Virginia,Martinsville,149,2,0,36.68212094,-79.86352771,51690.0,1186.8727098932613,1.342281879194631,147,149,2,0,147,149,12902,0,0,0,0,0
2020-07-27,US,Virginia,Mathews,11,0,0,37.44164146,-76.34098896,51115.0,124.51890423364271,0.0,11,11,0,0,11,11,8802,0,0,0,0,0
2020-07-27,US,Virginia,Mecklenburg,295,30,0,36.67882005,-78.36131056,51117.0,964.4620263510643,10.169491525423727,265,294,30,0,264,293,30650,1,0,0,1,1
2020-07-27,US,Virginia,Middlesex,22,1,0,37.63191998,-76.55064617,51119.0,207.9002079002079,4.545454545454546,21,22,1,0,21,22,10769,0,0,0,0,0
2020-07-27,US,Virginia,Montgomery,257,3,0,37.17746986,-80.37868691,51121.0,260.82102806109503,1.1673151750972763,254,242,3,0,239,239,98985,15,0,0,15,3
2020-07-27,US,Virginia,Nelson,33,0,0,37.78790447,-78.88498513,51125.0,221.03148024112525,0.0,33,32,0,0,32,32,14836,1,0,0,1,0
2020-07-27,US,Virginia,New Kent,108,1,0,37.50694406,-76.99828634,51127.0,467.71469403663764,0.925925925925926,107,106,1,0,105,106,22391,2,0,0,2,0
2020-07-27,US,Virginia,Newport News,1474,15,0,37.08166899,-76.51754109,51700.0,822.4299065420561,1.01763907734057,1459,1424,15,0,1409,1385,178626,50,0,0,50,39
2020-07-27,US,Virginia,Norfolk,2779,20,0,36.89934014,-76.26420872,51710.0,1144.8369050267365,0.7196833393306945,2759,2771,20,0,2751,2661,244076,8,0,0,8,110
2020-07-27,US,Virginia,Northampton,297,28,0,37.34062933,-75.87751591,51131.0,2536.2937660119555,9.427609427609427,269,293,28,0,265,293,11735,4,0,0,4,0
2020-07-27,US,Virginia,Northumberland,59,1,0,37.89202088,-76.41949732,51133.0,487.8048780487805,1.6949152542372878,58,59,1,0,58,56,12147,0,0,0,0,3
2020-07-27,US,Virginia,Norton,10,0,0,36.93357076,-82.62750411,51720.0,251.19316754584275,0.0,10,9,0,0,9,9,3968,1,0,0,1,0
2020-07-27,US,Virginia,Nottoway,159,6,0,37.1435975,-78.05065922,51135.0,1043.8550420168067,3.7735849056603774,153,159,6,0,153,159,15420,0,0,0,0,0
2020-07-27,US,Virginia,Orange,201,3,0,38.24530219,-78.01560400000002,51137.0,542.4954792043401,1.492537313432836,198,194,3,0,191,192,36644,7,0,0,7,2
2020-07-27,US,Virginia,Page,329,24,0,38.61807452,-78.48797204,51139.0,1376.453853234039,7.29483282674772,305,328,24,0,304,328,23933,1,0,0,1,0
2020-07-27,US,Virginia,Patrick,99,3,0,36.680163799999995,-80.2865648,51141.0,562.2444343480237,3.0303030303030303,96,99,3,0,96,89,17673,0,0,0,0,10
2020-07-27,US,Virginia,Petersburg,404,9,0,37.20530399,-77.39368102,51730.0,1288.8406814266573,2.227722772277228,395,391,9,0,382,390,31567,13,0,0,13,1
2020-07-27,US,Virginia,Pittsylvania,291,2,0,36.81980341,-79.39731264,51143.0,482.15528382543,0.6872852233676976,289,270,2,0,268,263,60949,21,0,0,21,7
2020-07-27,US,Virginia,Poquoson,33,0,0,37.14259351,-76.35798148,51735.0,268.9267378371771,0.0,33,32,0,0,32,32,12190,1,0,0,1,0
2020-07-27,US,Virginia,Portsmouth,1291,21,0,36.85914825,-76.35971629,51740.0,1367.6137206296746,1.6266460108443068,1270,1267,21,0,1246,1225,94632,24,0,0,24,42
2020-07-27,US,Virginia,Powhatan,112,4,0,37.55016038,-77.91267882,51145.0,377.7148253068933,3.571428571428572,108,111,3,0,108,111,29189,1,1,0,0,0
2020-07-27,US,Virginia,Prince Edward,258,6,0,37.22554789,-78.43597949,51147.0,1131.4796947636173,2.3255813953488373,252,258,6,0,252,246,22950,0,0,0,0,12
2020-07-27,US,Virginia,Prince George,319,2,0,37.18497668,-77.22922187,51149.0,831.7471905717938,0.6269592476489029,317,318,2,0,316,304,38082,1,0,0,1,14
2020-07-27,US,Virginia,Prince William,8580,167,0,38.70916224,-77.48713689,51153.0,1824.2316646645481,1.9463869463869463,8413,8458,167,0,8291,8417,468011,122,0,0,122,41
2020-07-27,US,Virginia,Pulaski,71,2,0,37.06474963,-80.71229738,51155.0,208.65783054633084,2.8169014084507036,69,67,2,0,65,63,34066,4,0,0,4,4
2020-07-27,US,Virginia,Radford,25,0,0,37.12222899,-80.56027320000003,51750.0,136.99380787988383,0.0,25,23,0,0,23,22,18339,2,0,0,2,1
2020-07-27,US,Virginia,Rappahannock,39,2,0,38.68295619,-78.15826963,51157.0,529.1723202170963,5.128205128205129,37,39,1,0,38,39,7252,0,1,0,-1,0
2020-07-27,US,Virginia,Richmond,316,4,0,37.937575,-76.72920628,51159.0,3502.161143743766,1.2658227848101269,312,322,4,0,318,320,9038,-6,0,0,-6,2
2020-07-27,US,Virginia,Richmond City,2762,36,0,37.53255773,-77.47966921,51760.0,1198.5974413720078,1.3034033309196236,2726,2712,36,0,2676,2695,228783,50,0,0,50,17
2020-07-27,US,Virginia,Roanoke,405,6,0,37.26865804,-80.06396753,51161.0,430.00021234578384,1.4814814814814814,399,398,6,0,392,390,94073,7,0,0,7,8
2020-07-27,US,Virginia,Roanoke City,737,10,0,37.27791025,-79.96189766,51770.0,743.370686785754,1.35685210312076,727,724,10,0,714,698,99920,13,0,0,13,26
2020-07-27,US,Virginia,Rockbridge,62,0,0,37.81204314,-79.44605905,51163.0,274.66442209719577,0.0,62,62,0,0,62,57,22752,0,0,0,0,5
2020-07-27,US,Virginia,Rockingham,860,16,0,38.51006137,-78.87260325,51165.0,1049.4459901400887,1.8604651162790695,844,852,16,0,836,850,81244,8,0,0,8,2
2020-07-27,US,Virginia,Russell,50,1,0,36.93028320000001,-82.10095486,51167.0,188.06890844805542,2.0,49,46,1,0,45,39,26748,4,0,0,4,7
2020-07-27,US,Virginia,Salem,128,3,0,37.2836193,-80.06219455,51775.0,505.9088573574167,2.34375,125,122,3,0,119,119,25643,6,0,0,6,3
2020-07-27,US,Virginia,Scott,40,3,0,36.71466456,-82.60171704,51169.0,185.4771399425021,7.5,37,37,3,0,34,34,21534,3,0,0,3,3
2020-07-27,US,Virginia,Shenandoah,660,40,0,38.85905135,-78.56813762,51171.0,1513.2061628760086,6.0606060606060606,620,659,40,0,619,657,43497,1,0,0,1,2
2020-07-27,US,Virginia,Smyth,91,2,0,36.84455636,-81.53344948,51173.0,302.28541057666763,2.1978021978021984,89,90,2,0,88,88,30472,1,0,0,1,2
2020-07-27,US,Virginia,Southampton,226,11,0,36.72231125,-77.10642712,51175.0,1281.8331348193526,4.867256637168142,215,224,11,0,213,219,17586,2,0,0,2,5
2020-07-27,US,Virginia,Spotsylvania,1244,33,0,38.18574462,-77.655399,51177.0,913.262122380061,2.652733118971061,1211,1225,32,0,1193,1212,134238,19,1,0,18,13
2020-07-27,US,Virginia,Stafford,1202,7,0,38.41758738,-77.45917053,51179.0,786.2272864038932,0.5823627287853578,1195,1185,7,0,1178,1176,149960,17,0,0,17,9
2020-07-27,US,Virginia,Staunton,135,0,0,38.15965544,-79.05979937,51790.0,541.4728060324081,0.0,135,133,0,0,133,131,24922,2,0,0,2,2
2020-07-27,US,Virginia,Suffolk,948,45,0,36.70155394,-76.63603554,51800.0,1029.2265601250706,4.746835443037975,903,914,45,0,869,886,91185,34,0,0,34,28
2020-07-27,US,Virginia,Surry,35,1,0,37.11781893,-76.88450012,51181.0,545.0015571473061,2.8571428571428568,34,35,1,0,34,35,6474,0,0,0,0,0
2020-07-27,US,Virginia,Sussex,264,7,0,36.92432914,-77.25791182,51183.0,2365.8033874003045,2.6515151515151514,257,259,7,0,252,256,11237,5,0,0,5,3
2020-07-27,US,Virginia,Tazewell,68,0,0,37.12191123,-81.56685568,51185.0,167.50831383175267,0.0,68,67,0,0,67,65,40855,1,0,0,1,2
2020-07-27,US,Virginia,Virginia Beach,3742,43,0,36.73285734,-76.04566934,51810.0,831.6036037637732,1.1491181186531267,3699,3548,43,0,3505,3448,450189,194,0,0,194,100
2020-07-27,US,Virginia,Warren,345,7,0,38.90847745,-78.20280433,51187.0,858.9781894233643,2.028985507246377,338,342,7,0,335,341,40003,3,0,0,3,1
2020-07-27,US,Virginia,Washington,146,4,0,36.72341572,-81.95666289,51191.0,271.678451804987,2.7397260273972597,142,142,4,0,138,136,54402,4,0,0,4,6
2020-07-27,US,Virginia,Waynesboro,164,2,0,38.06451466,-78.90293905,51820.0,724.7017233760495,1.2195121951219512,162,163,2,0,161,163,22628,1,0,0,1,0
2020-07-27,US,Virginia,Westmoreland,191,2,0,38.11021557,-76.80213247,51193.0,1060.2275881210105,1.0471204188481675,189,190,2,0,188,188,17830,1,0,0,1,2
2020-07-27,US,Virginia,Williamsburg,105,6,0,37.28131268,-76.70905141,51830.0,702.1532700280861,5.7142857142857135,99,102,6,0,96,101,14896,3,0,0,3,1
2020-07-27,US,Virginia,Winchester,390,4,0,39.17054517,-78.17325058,51840.0,1388.9878196452744,1.0256410256410255,386,387,4,0,383,385,28108,3,0,0,3,2
2020-07-27,US,Virginia,Wise,70,3,0,36.9746148,-82.62410519,51195.0,187.2508894417249,4.285714285714286,67,62,3,0,59,62,38012,8,0,0,8,0
2020-07-27,US,Virginia,Wythe,93,3,0,36.91582035,-81.07834059,51197.0,324.22256310138056,3.2258064516129035,90,93,3,0,90,88,28754,0,0,0,0,5
2020-07-27,US,Virginia,York,282,3,0,37.24374789,-76.54412815,51199.0,413.00527240773283,1.0638297872340423,279,279,3,0,276,270,67846,3,0,0,3,9
2020-07-27,US,Washington,Adams,363,1,0,46.98299757,-118.56017340000001,53001.0,1816.5440624530847,0.27548209366391185,362,360,1,0,359,342,19759,3,0,0,3,18
2020-07-27,US,Washington,Asotin,22,2,0,46.18894415,-117.2022851,53003.0,97.42272606500751,9.090909090909092,20,22,2,0,20,22,22610,0,0,0,0,0
2020-07-27,US,Washington,Benton,3203,106,0,46.23946995,-119.51208340000001,53005.0,1567.1021087137335,3.309397439900094,3097,3166,104,0,3062,3134,201877,37,2,0,35,32
2020-07-27,US,Washington,Chelan,951,8,0,47.87046092,-120.6173956,53007.0,1231.8652849740936,0.8412197686645636,943,923,8,0,915,892,77036,28,0,0,28,31
2020-07-27,US,Washington,Clallam,79,0,0,48.04754642,-123.92263190000001,53009.0,102.15825477492857,0.0,79,78,0,0,78,75,76737,1,0,0,1,3
2020-07-27,US,Washington,Clark,1333,34,0,45.77568046,-122.48292040000001,53011.0,273.0209056592953,2.550637659414854,1299,1328,34,0,1294,1318,481857,5,0,0,5,10
2020-07-27,US,Washington,Columbia,12,0,0,46.29442881,-117.9051983,53013.0,301.12923462986197,0.0,12,12,0,0,12,12,4059,0,0,0,0,0
2020-07-27,US,Washington,Cowlitz,402,3,0,46.19074721,-122.6782231,53015.0,363.49497707811526,0.746268656716418,399,395,3,0,392,390,108987,7,0,0,7,5
2020-07-27,US,Washington,Douglas,665,6,0,47.7361335,-119.69293700000001,53017.0,1531.2348891293836,0.9022556390977444,659,638,6,0,632,618,42907,27,0,0,27,20
2020-07-27,US,Washington,Ferry,10,0,0,48.471143100000006,-118.5154041,53019.0,131.1131506490101,0.0,10,9,0,0,9,7,7649,1,0,0,1,2
2020-07-27,US,Washington,Franklin,3048,45,0,46.53351425,-118.9018212,53021.0,3200.9409590220753,1.4763779527559056,3003,3026,44,0,2982,2992,94347,22,1,0,21,34
2020-07-27,US,Washington,Garfield,2,0,0,46.43197502,-117.54540320000001,53023.0,89.88764044943821,0.0,2,2,0,0,2,2,2247,0,0,0,0,0
2020-07-27,US,Washington,Grant,1110,11,0,47.20753737,-119.4500749,53025.0,1135.7473934085726,0.990990990990991,1099,1095,11,0,1084,1064,97331,15,0,0,15,31
2020-07-27,US,Washington,Grays Harbor,81,2,0,47.14003705,-123.7820567,53027.0,107.91223138514007,2.469135802469136,79,81,2,0,79,79,73901,0,0,0,0,2
2020-07-27,US,Washington,Island,225,11,0,48.14713305,-122.5216407,53029.0,264.26750919063664,4.888888888888889,214,225,11,0,214,223,84460,0,0,0,0,2
2020-07-27,US,Washington,Jefferson,50,0,0,47.75003077,-123.56097040000002,53031.0,155.1782998665467,0.0,50,50,0,0,50,50,31729,0,0,0,0,0
2020-07-27,US,Washington,King,14579,645,0,47.49137892,-121.8346131,53033.0,647.1553838764693,4.424171753892585,13934,14417,644,0,13773,14249,2233163,162,1,0,161,168
2020-07-27,US,Washington,Kitsap,542,3,0,47.63479026,-122.6436061,53035.0,199.651530723129,0.5535055350553506,539,520,2,0,518,494,269805,22,1,0,21,26
2020-07-27,US,Washington,Kittitas,319,12,0,47.12521214,-120.67943899999999,53037.0,665.4845102743299,3.761755485893417,307,316,8,0,308,314,47364,3,4,0,-1,2
2020-07-27,US,Washington,Klickitat,91,3,0,45.87325839,-120.7913598,53039.0,405.7971014492754,3.2967032967032965,88,90,3,0,87,88,22107,1,0,0,1,2
2020-07-27,US,Washington,Lewis,151,3,0,46.57756476,-122.39257690000001,53041.0,187.09653437743938,1.9867549668874167,148,147,3,0,144,145,79604,4,0,0,4,2
2020-07-27,US,Washington,Lincoln,9,0,0,47.57705241,-118.41943880000001,53043.0,82.27443093518603,0.0,9,9,0,0,9,10,10740,0,0,0,0,-1
2020-07-27,US,Washington,Mason,115,1,0,47.35007586,-123.1863685,53045.0,172.2381979391325,0.8695652173913043,114,112,1,0,111,102,65507,3,0,0,3,10
2020-07-27,US,Washington,Okanogan,635,2,0,48.54855019,-119.73872240000001,53047.0,1503.2076320337094,0.31496062992125984,633,605,2,0,603,575,42132,30,0,0,30,30
2020-07-27,US,Washington,Pacific,30,1,0,46.55418369,-123.7285716,53049.0,133.50540696898224,3.333333333333333,29,30,1,0,29,27,22036,0,0,0,0,3
2020-07-27,US,Washington,Pend Oreille,36,0,0,48.53234021,-117.2741804,53051.0,262.31419411250357,0.0,36,34,0,0,34,32,13602,2,0,0,2,2
2020-07-27,US,Washington,Pierce,4556,121,0,47.03892768,-122.14059579999999,53053.0,503.4365400340339,2.655838454784899,4435,4454,119,0,4335,4355,891299,102,2,0,100,99
2020-07-27,US,Washington,San Juan,28,0,0,48.60182783,-122.96745,53055.0,159.2537822773291,0.0,28,28,0,0,28,28,17128,0,0,0,0,0
2020-07-27,US,Washington,Skagit,753,20,0,48.48171488,-121.766131,53057.0,582.7947834836114,2.6560424966799467,733,742,18,0,724,735,128206,11,2,0,9,7
2020-07-27,US,Washington,Skamania,47,1,0,46.02408726,-121.91644029999999,53059.0,388.976247620624,2.127659574468085,46,47,1,0,46,45,11924,0,0,0,0,2
2020-07-27,US,Washington,Snohomish,4788,183,0,48.04615983,-121.7170703,53061.0,582.4229426955673,3.822055137844612,4605,4746,184,0,4562,4718,814901,42,-1,0,43,28
2020-07-27,US,Washington,Spokane,3319,50,0,47.62113146,-117.4046494,53063.0,634.8532320322572,1.5064778547755349,3269,3269,48,0,3221,3165,514631,50,2,0,48,104
2020-07-27,US,Washington,Stevens,59,1,0,48.40035475,-117.8542701,53065.0,129.03790214990264,1.6949152542372878,58,59,1,0,58,55,45260,0,0,0,0,4
2020-07-27,US,Washington,Thurston,564,6,0,46.9291895,-122.82906559999999,53067.0,194.12396398380923,1.0638297872340423,558,546,6,0,540,538,286419,18,0,0,18,8
2020-07-27,US,Washington,Unassigned,173,0,0,0.0,0.0,90053.0,0.0,0.0,173,170,0,0,170,163,,3,0,0,3,7
2020-07-27,US,Washington,Wahkiakum,5,0,0,46.29180039999999,-123.4250831,53069.0,111.40819964349377,0.0,5,5,0,0,5,5,4426,0,0,0,0,0
2020-07-27,US,Washington,Walla Walla,354,3,0,46.23040051,-118.4775539,53071.0,582.6201448321264,0.8474576271186439,351,347,3,0,344,340,60922,7,0,0,7,7
2020-07-27,US,Washington,Whatcom,853,37,0,48.82227976,-121.74900179999999,53073.0,372.087748149376,4.337631887456038,816,844,37,0,807,830,225685,9,0,0,9,14
2020-07-27,US,Washington,Whitman,59,0,0,46.90022523,-117.52417630000001,53075.0,117.75506945553249,0.0,59,59,0,0,59,59,49791,0,0,0,0,0
2020-07-27,US,Washington,Yakima,9700,197,0,46.45738486,-120.73801259999999,53077.0,3866.498188326365,2.0309278350515463,9503,9629,194,0,9435,9557,251446,71,3,0,68,72
2020-07-27,US,West Virginia,Barbour,28,1,0,39.1307219,-80.00350858,54001.0,170.30594246092087,3.571428571428572,27,28,1,0,27,28,16535,0,0,0,0,0
2020-07-27,US,West Virginia,Berkeley,618,10,0,39.46704621,-78.02414609,54003.0,518.5825410544512,1.6181229773462784,608,608,10,0,598,608,117123,10,0,0,10,0
2020-07-27,US,West Virginia,Boone,70,0,0,38.01974191,-81.69888019,54005.0,326.2338630749872,0.0,70,70,0,0,70,69,21951,0,0,0,0,1
2020-07-27,US,West Virginia,Braxton,8,0,0,38.70036159,-80.72011184,54007.0,57.31890807480117,0.0,8,8,0,0,8,8,14089,0,0,0,0,0
2020-07-27,US,West Virginia,Brooke,48,0,0,40.27367263,-80.57915332,54009.0,218.78845890879256,0.0,48,48,0,0,48,46,22203,0,0,0,0,2
2020-07-27,US,West Virginia,Cabell,287,2,0,38.42424062,-82.23855912,54011.0,312.1431290445375,0.6968641114982579,285,281,2,0,279,267,93224,6,0,0,6,14
2020-07-27,US,West Virginia,Calhoun,6,0,0,38.84315422,-81.11934872,54013.0,84.40005626670418,0.0,6,5,0,0,5,5,7254,1,0,0,1,0
2020-07-27,US,West Virginia,Clay,17,1,0,38.46231092,-81.07652217,54015.0,199.8119417019276,5.882352941176472,16,17,1,0,16,17,8632,0,0,0,0,0
2020-07-27,US,West Virginia,Doddridge,2,0,0,39.27057157,-80.70671527,54017.0,23.674242424242426,0.0,2,2,0,0,2,,8406,0,0,0,0,
2020-07-27,US,West Virginia,Fayette,117,5,0,38.02974928,-81.08286634,54019.0,275.90435315757196,4.2735042735042725,112,114,5,0,109,112,43018,3,0,0,3,2
2020-07-27,US,West Virginia,Gilmer,14,0,0,38.9251277,-80.85952723,54021.0,178.95947846094847,0.0,14,14,0,0,14,14,8026,0,0,0,0,0
2020-07-27,US,West Virginia,Grant,43,0,0,39.10314817,-79.19440518,54023.0,371.7150760719225,0.0,43,41,0,0,41,39,11626,2,0,0,2,2
2020-07-27,US,West Virginia,Greenbrier,82,3,0,37.9463652,-80.45335881,54025.0,236.5703075413998,3.6585365853658534,79,81,3,0,78,82,34786,1,0,0,1,-1
2020-07-27,US,West Virginia,Hampshire,62,1,0,39.32103553,-78.60826476,54027.0,267.52966558791803,1.6129032258064515,61,56,1,0,55,55,23347,6,0,0,6,1
2020-07-27,US,West Virginia,Hancock,85,0,0,40.51943859,-80.57461608,54029.0,295.0364456785838,0.0,85,85,0,0,85,85,29094,0,0,0,0,0
2020-07-27,US,West Virginia,Hardy,51,0,0,39.00683177,-78.85855301,54031.0,370.20905923344947,0.0,51,51,0,0,51,50,13775,0,0,0,0,1
2020-07-27,US,West Virginia,Harrison,162,1,0,39.2853852,-80.37919577,54033.0,240.8707029856073,0.6172839506172839,161,160,1,0,159,155,67554,2,0,0,2,5
2020-07-27,US,West Virginia,Jackson,153,19,0,38.84263974,-81.68148753,54035.0,535.414333706607,12.418300653594773,134,153,19,0,134,153,28706,0,0,0,0,0
2020-07-27,US,West Virginia,Jefferson,284,4,0,39.30776166,-77.86014147,54037.0,496.97266650334234,1.4084507042253518,280,280,4,0,276,279,56811,4,0,0,4,1
2020-07-27,US,West Virginia,Kanawha,696,20,0,38.33860077,-81.52857054,54039.0,390.7390357279198,2.8735632183908044,676,683,20,0,663,660,180454,13,0,0,13,23
2020-07-27,US,West Virginia,Lewis,25,2,0,38.9947249,-80.49988181,54041.0,157.16351291884075,8.0,23,25,2,0,23,25,16024,0,0,0,0,0
2020-07-27,US,West Virginia,Lincoln,51,0,0,38.172154,-82.07017953,54043.0,249.88975452006468,0.0,51,48,0,0,48,46,20599,3,0,0,3,2
2020-07-27,US,West Virginia,Logan,89,1,0,37.8299889,-81.93528571,54045.0,277.9599612729942,1.1235955056179776,88,86,1,0,85,72,32607,3,0,0,3,14
2020-07-27,US,West Virginia,Marion,160,2,0,39.50984542,-80.24244659,54049.0,285.34741047225,1.25,158,158,2,0,156,153,56097,2,0,0,2,5
2020-07-27,US,West Virginia,Marshall,100,0,0,39.86064362,-80.66591062,54051.0,327.5359470701909,0.0,100,98,0,0,98,95,30785,2,0,0,2,3
2020-07-27,US,West Virginia,Mason,41,1,0,38.77071799,-82.02524219,54053.0,154.62362347262032,2.4390243902439024,40,41,1,0,40,40,26718,0,0,0,0,1
2020-07-27,US,West Virginia,McDowell,15,0,0,37.38002939,-81.65083669,54047.0,85.11121198365866,0.0,15,15,0,0,15,14,18223,0,0,0,0,1
2020-07-27,US,West Virginia,Mercer,87,0,0,37.40481169,-81.11023142,54055.0,148.0649443480037,0.0,87,84,0,0,84,81,59131,3,0,0,3,3
2020-07-27,US,West Virginia,Mineral,99,4,0,39.41561583,-78.94104895,54057.0,368.4680661009379,4.040404040404041,95,96,3,0,93,91,26940,3,1,0,2,5
2020-07-27,US,West Virginia,Mingo,101,2,0,37.73048351,-82.13338365,54059.0,431.1816939890711,1.98019801980198,99,93,2,0,91,83,23785,8,0,0,8,10
2020-07-27,US,West Virginia,Monongalia,830,5,0,39.63218457,-80.04766838,54061.0,785.8955421732379,0.6024096385542169,825,817,5,0,812,814,106420,13,0,0,13,3
2020-07-27,US,West Virginia,Monroe,19,0,0,37.56274716,-80.54577965,54063.0,143.1261770244821,0.0,19,19,0,0,19,19,13280,0,0,0,0,0
2020-07-27,US,West Virginia,Morgan,25,0,0,39.55439028,-78.26311676,54065.0,139.78975620666515,0.0,25,25,0,0,25,25,17787,0,0,0,0,0
2020-07-27,US,West Virginia,Nicholas,24,1,0,38.29617706,-80.79759588,54067.0,97.97517962116264,4.166666666666667,23,23,1,0,22,23,24842,1,0,0,1,0
2020-07-27,US,West Virginia,Ohio,230,3,0,40.0955451,-80.62203992,54069.0,555.4079833860568,1.3043478260869563,227,230,3,0,227,227,41755,0,0,0,0,3
2020-07-27,US,West Virginia,Pendleton,28,1,0,38.68314479,-79.35084086,54071.0,401.7793083656192,3.571428571428572,27,28,1,0,27,28,6997,0,0,0,0,0
2020-07-27,US,West Virginia,Pleasants,7,0,0,39.37091679,-81.16771771,54073.0,93.83378016085793,0.0,7,7,0,0,7,7,7507,0,0,0,0,0
2020-07-27,US,West Virginia,Pocahontas,40,0,0,38.32758728,-80.00993811,54075.0,485.0248575239481,0.0,40,40,0,0,40,40,8414,0,0,0,0,0
2020-07-27,US,West Virginia,Preston,120,2,0,39.46770987,-79.66712803,54077.0,358.9375448671932,1.6666666666666667,118,119,2,0,117,117,33839,1,0,0,1,2
2020-07-27,US,West Virginia,Putnam,149,0,0,38.50782345,-81.9082131,54079.0,263.9503985828166,0.0,149,140,0,0,140,136,56682,9,0,0,9,4
2020-07-27,US,West Virginia,Raleigh,135,0,0,37.76936795,-81.2456041,54081.0,184.02148280421486,0.0,135,130,0,0,130,125,74254,5,0,0,5,5
2020-07-27,US,West Virginia,Randolph,206,0,0,38.769899,-79.87919615,54083.0,717.8951036765989,0.0,206,205,0,0,205,205,28823,1,0,0,1,0
2020-07-27,US,West Virginia,Ritchie,3,0,0,39.18094587,-81.06356878,54085.0,31.400460540087924,0.0,3,3,0,0,3,3,9721,0,0,0,0,0
2020-07-27,US,West Virginia,Roane,14,1,0,38.71622686,-81.35243568,54087.0,102.27936879018118,7.142857142857142,13,14,1,0,13,14,13932,0,0,0,0,0
2020-07-27,US,West Virginia,Summers,6,0,0,37.65390597,-80.86009693,54089.0,47.721307563827246,0.0,6,4,0,0,4,4,12760,2,0,0,2,0
2020-07-27,US,West Virginia,Taylor,40,0,0,39.33602617,-80.0421439,54091.0,239.5926924228811,0.0,40,40,0,0,40,40,16862,0,0,0,0,0
2020-07-27,US,West Virginia,Tucker,8,0,0,39.11240885,-79.57053576,54093.0,116.97616610615587,0.0,8,8,0,0,8,8,6955,0,0,0,0,0
2020-07-27,US,West Virginia,Tyler,11,0,0,39.46811972,-80.88772676,54095.0,128.04097311139566,0.0,11,11,0,0,11,11,8746,0,0,0,0,0
2020-07-27,US,West Virginia,Upshur,36,0,0,38.89285061,-80.23689136,54097.0,148.90800794176042,0.0,36,35,0,0,35,36,24415,1,0,0,1,-1
2020-07-27,US,West Virginia,Wayne,177,9,0,38.14901357,-82.42287994,54099.0,449.21577584894163,5.084745762711863,168,175,9,0,166,175,39944,2,0,0,2,0
2020-07-27,US,West Virginia,Webster,3,0,0,38.49370949,-80.4202023,54101.0,36.973132856790734,0.0,3,3,0,0,3,3,8285,0,0,0,0,0
2020-07-27,US,West Virginia,Wetzel,41,0,0,39.6065771,-80.64016540000001,54103.0,272.15399933620984,0.0,41,41,0,0,41,41,15270,0,0,0,0,0
2020-07-27,US,West Virginia,Wirt,6,0,0,39.02775007,-81.37473928,54105.0,103.07507301151009,0.0,6,6,0,0,6,6,5830,0,0,0,0,0
2020-07-27,US,West Virginia,Wood,224,3,0,39.20967886,-81.5162836,54107.0,268.20565626571516,1.3392857142857142,221,222,3,0,219,221,84203,2,0,0,2,1
2020-07-27,US,West Virginia,Wyoming,16,0,0,37.612327,-81.54511071,54109.0,78.45444738648622,0.0,16,15,0,0,15,15,20786,1,0,0,1,0
2020-07-27,US,Wisconsin,Adams,62,2,0,43.96974651,-89.76782777,55001.0,306.62710187932737,3.2258064516129035,60,61,2,0,59,60,20348,1,0,0,1,1
2020-07-27,US,Wisconsin,Ashland,15,0,0,46.31956891,-90.67837132,55003.0,96.38863899241743,0.0,15,15,0,0,15,14,15600,0,0,0,0,1
2020-07-27,US,Wisconsin,Barron,125,3,0,45.42372701,-91.84833627,55005.0,276.2797276987004,2.4,122,116,3,0,113,99,45164,9,0,0,9,17
2020-07-27,US,Wisconsin,Bayfield,19,1,0,46.52868768,-91.19716729,55007.0,126.36339451981907,5.2631578947368425,18,18,1,0,17,16,15042,1,0,0,1,2
2020-07-27,US,Wisconsin,Brown,3768,50,0,44.452655299999996,-88.00411844,55009.0,1424.3484966470353,1.326963906581741,3718,3766,50,0,3716,3735,263378,2,0,0,2,31
2020-07-27,US,Wisconsin,Buffalo,36,2,0,44.37835084,-91.75332578,55011.0,276.2642928401504,5.5555555555555545,34,36,2,0,34,36,13125,0,0,0,0,0
2020-07-27,US,Wisconsin,Burnett,11,1,0,45.86303537,-92.36711412,55013.0,71.36369534189697,9.090909090909092,10,9,1,0,8,9,15392,2,0,0,2,0
2020-07-27,US,Wisconsin,Calumet,218,2,0,44.0816316,-88.21780273,55015.0,435.2252989678372,0.9174311926605504,216,215,2,0,213,214,50159,3,0,0,3,1
2020-07-27,US,Wisconsin,Chippewa,194,0,0,45.06939744,-91.28068855,55017.0,300.0402115747471,0.0,194,192,0,0,192,188,64135,2,0,0,2,4
2020-07-27,US,Wisconsin,Clark,158,7,0,44.73483377,-90.61207486,55019.0,454.3624547075401,4.4303797468354436,151,157,7,0,150,156,34709,1,0,0,1,1
2020-07-27,US,Wisconsin,Columbia,196,1,0,43.46492199,-89.33589004,55021.0,340.6799694083292,0.5102040816326531,195,195,1,0,194,187,57358,1,0,0,1,8
2020-07-27,US,Wisconsin,Crawford,52,0,0,43.23870316,-90.93073686,55023.0,322.36067199801624,0.0,52,52,0,0,52,51,16291,0,0,0,0,1
2020-07-27,US,Wisconsin,Dane,3870,34,0,43.06601594,-89.41733797,55025.0,707.8901398403133,0.8785529715762274,3836,3831,33,0,3798,3781,542364,39,1,0,38,50
2020-07-27,US,Wisconsin,Dodge,622,5,0,43.41576662,-88.70928178,55027.0,708.1137080340167,0.8038585209003215,617,617,5,0,612,609,87847,5,0,0,5,8
2020-07-27,US,Wisconsin,Door,82,3,0,44.95856458,-87.30002707,55029.0,296.3712592164233,3.6585365853658534,79,82,3,0,79,82,27610,0,0,0,0,0
2020-07-27,US,Wisconsin,Douglas,92,0,0,46.43222285,-91.91595768,55031.0,213.20973348783315,0.0,92,92,0,0,92,89,43208,0,0,0,0,3
2020-07-27,US,Wisconsin,Dunn,91,0,0,44.94562799,-91.8962481,55033.0,200.58190795274203,0.0,91,88,0,0,88,85,45131,3,0,0,3,3
2020-07-27,US,Wisconsin,Eau Claire,436,3,0,44.726614,-91.28609183,55035.0,416.6427765992011,0.6880733944954128,433,433,3,0,430,433,104534,3,0,0,3,0
2020-07-27,US,Wisconsin,Florence,5,0,0,45.84963535,-88.39804137,55037.0,116.41443538998837,0.0,5,5,0,0,5,5,4321,0,0,0,0,0
2020-07-27,US,Wisconsin,Fond du Lac,499,6,0,43.75354908,-88.48885325,55039.0,482.57787491658854,1.2024048096192386,493,493,6,0,487,480,103066,6,0,0,6,13
2020-07-27,US,Wisconsin,Forest,57,4,0,45.66678019,-88.77084892,55041.0,633.0519768991559,7.0175438596491215,53,57,4,0,53,57,8991,0,0,0,0,0
2020-07-27,US,Wisconsin,Grant,291,14,0,42.8671731,-90.7063218,55043.0,565.7186181690935,4.810996563573883,277,286,14,0,272,282,51554,5,0,0,5,4
2020-07-27,US,Wisconsin,Green,120,1,0,42.6794956,-89.60243287,55045.0,324.67532467532465,0.8333333333333334,119,120,1,0,119,119,36929,0,0,0,0,1
2020-07-27,US,Wisconsin,Green Lake,49,0,0,43.80025981,-89.04679553,55047.0,259.081055358748,0.0,49,49,0,0,49,49,18918,0,0,0,0,0
2020-07-27,US,Wisconsin,Iowa,57,0,0,43.00050278,-90.13469017,55049.0,240.72979136751408,0.0,57,57,0,0,57,56,23771,0,0,0,0,1
2020-07-27,US,Wisconsin,Iron,62,1,0,46.26302338,-90.24295041,55051.0,1090.2057323720767,1.6129032258064515,61,60,1,0,59,47,5676,2,0,0,2,13
2020-07-27,US,Wisconsin,Jackson,40,1,0,44.31864893,-90.80566792,55053.0,193.77028532674515,2.5,39,39,1,0,38,37,20478,1,0,0,1,2
2020-07-27,US,Wisconsin,Jefferson,516,4,0,43.02054068,-88.77529134,55055.0,608.7130908704834,0.7751937984496124,512,511,4,0,507,504,85129,5,0,0,5,7
2020-07-27,US,Wisconsin,Juneau,109,1,0,43.92456975,-90.11120239,55057.0,408.4385655937349,0.9174311926605504,108,107,1,0,106,98,26617,2,0,0,2,9
2020-07-27,US,Wisconsin,Kenosha,2292,50,0,42.57639354,-88.04051686,55059.0,1351.7259275423005,2.181500872600349,2242,2245,50,0,2195,2229,169290,47,0,0,47,16
2020-07-27,US,Wisconsin,Kewaunee,100,1,0,44.51727459,-87.61468386,55061.0,489.3804443574435,1.0,99,100,1,0,99,99,20383,0,0,0,0,1
2020-07-27,US,Wisconsin,La Crosse,754,1,0,43.90632465,-91.11451093,55063.0,638.896420824295,0.13262599469496025,753,735,1,0,734,725,118230,19,0,0,19,10
2020-07-27,US,Wisconsin,Lafayette,99,0,0,42.66005229,-90.1317729,55065.0,594.059405940594,0.0,99,99,0,0,99,98,16665,0,0,0,0,1
2020-07-27,US,Wisconsin,Langlade,31,1,0,45.26271619,-89.07483625,55067.0,161.55088852988692,3.2258064516129035,30,30,1,0,29,26,19268,1,0,0,1,4
2020-07-27,US,Wisconsin,Lincoln,55,0,0,45.33737523,-89.73411273,55069.0,199.3259159931867,0.0,55,52,0,0,52,52,27689,3,0,0,3,0
2020-07-27,US,Wisconsin,Manitowoc,255,1,0,44.11946801,-87.80928853,55071.0,322.8624605917878,0.392156862745098,254,247,1,0,246,228,79074,8,0,0,8,19
2020-07-27,US,Wisconsin,Marathon,499,4,0,44.89792533,-89.75863384,55073.0,367.74459806031314,0.8016032064128257,495,494,4,0,490,466,135428,5,0,0,5,28
2020-07-27,US,Wisconsin,Marinette,232,3,0,45.38553432,-88.03324599999998,55075.0,574.9690210656753,1.293103448275862,229,231,3,0,228,226,40434,1,0,0,1,5
2020-07-27,US,Wisconsin,Marquette,67,1,0,43.81911946,-89.40073763,55077.0,430.20418646462053,1.492537313432836,66,67,1,0,66,66,15434,0,0,0,0,1
2020-07-27,US,Wisconsin,Menominee,17,0,0,45.00422544,-88.70950714,55078.0,373.13432835820885,0.0,17,17,0,0,17,17,4658,0,0,0,0,0
2020-07-27,US,Wisconsin,Milwaukee,18302,427,0,43.00486062,-87.96733172,55079.0,1935.2328264211835,2.3330783520926675,17875,18140,427,0,17713,17861,948201,162,0,0,162,279
2020-07-27,US,Wisconsin,Monroe,181,1,0,43.94641218,-90.61881899999999,55081.0,391.325968045316,0.5524861878453039,180,177,1,0,176,174,46051,4,0,0,4,3
2020-07-27,US,Wisconsin,Oconto,143,0,0,45.02715345,-88.26807503,55083.0,377.0102820986026,0.0,143,140,0,0,140,137,37830,3,0,0,3,3
2020-07-27,US,Wisconsin,Oneida,69,0,0,45.70677897,-89.51944105,55085.0,193.8474504846186,0.0,69,69,0,0,69,62,35470,0,0,0,0,7
2020-07-27,US,Wisconsin,Outagamie,975,12,0,44.41578887,-88.46565023,55087.0,518.9344545865822,1.2307692307692308,963,965,12,0,953,922,187365,10,0,0,10,43
2020-07-27,US,Wisconsin,Ozaukee,468,16,0,43.38352225,-87.94625009,55089.0,524.54018672734,3.418803418803418,452,468,16,0,452,459,89147,0,0,0,0,9
2020-07-27,US,Wisconsin,Pepin,39,0,0,44.58307413,-91.99949611,55091.0,535.1996706463565,0.0,39,38,0,0,38,38,7289,1,0,0,1,0
2020-07-27,US,Wisconsin,Pierce,148,0,0,44.71850291,-92.4224416,55093.0,346.16644056696447,0.0,148,148,0,0,148,146,42555,0,0,0,0,2
2020-07-27,US,Wisconsin,Polk,98,2,0,45.46130348,-92.44182875,55095.0,223.83116734805748,2.0408163265306123,96,97,2,0,95,95,43598,1,0,0,1,2
2020-07-27,US,Wisconsin,Portage,322,0,0,44.47558711,-89.50152965,55097.0,454.9821963488385,0.0,322,321,0,0,321,318,70942,1,0,0,1,3
2020-07-27,US,Wisconsin,Price,19,0,0,45.68051754,-90.36098879999999,55099.0,142.3114373455172,0.0,19,19,0,0,19,19,13397,0,0,0,0,0
2020-07-27,US,Wisconsin,Racine,2951,72,0,42.74753117,-88.05941254,55101.0,1503.2270224286974,2.4398508980006777,2879,2906,72,0,2834,2881,196584,45,0,0,45,25
2020-07-27,US,Wisconsin,Richland,21,4,0,43.3762778,-90.43012729,55103.0,121.7250173892882,19.047619047619047,17,21,4,0,17,21,17377,0,0,0,0,0
2020-07-27,US,Wisconsin,Rock,1299,25,0,42.67151616,-89.07147900000002,55105.0,795.2055046096208,1.9245573518090842,1274,1290,25,0,1265,1279,163129,9,0,0,9,11
2020-07-27,US,Wisconsin,Rusk,13,1,0,45.47498854,-91.1333012,55107.0,91.69135280011284,7.6923076923076925,12,13,1,0,12,13,14147,0,0,0,0,0
2020-07-27,US,Wisconsin,Sauk,293,3,0,43.42574087,-89.94966132,55111.0,454.67241860898173,1.023890784982935,290,288,3,0,285,273,64249,5,0,0,5,15
2020-07-27,US,Wisconsin,Sawyer,25,0,0,45.87931905,-91.14504927,55113.0,150.9844184080203,0.0,25,24,0,0,24,21,16489,1,0,0,1,3
2020-07-27,US,Wisconsin,Shawano,132,0,0,44.78902246,-88.76443896,55115.0,322.74627741509573,0.0,132,129,0,0,129,127,40796,3,0,0,3,2
2020-07-27,US,Wisconsin,Sheboygan,483,5,0,43.72099677,-87.94579284,55117.0,418.7619212762268,1.0351966873706004,478,473,5,0,468,464,115456,10,0,0,10,9
2020-07-27,US,Wisconsin,St. Croix,398,2,0,45.03437474,-92.45000068,55109.0,438.87216469835806,0.5025125628140703,396,390,2,0,388,386,89694,8,0,0,8,4
2020-07-27,US,Wisconsin,Taylor,41,0,0,45.21179252,-90.5004405,55119.0,201.5435284864573,0.0,41,41,0,0,41,39,20412,0,0,0,0,2
2020-07-27,US,Wisconsin,Trempealeau,262,1,0,44.30360275,-91.35893614,55121.0,883.6722992343755,0.3816793893129771,261,262,1,0,261,256,29442,0,0,0,0,6
2020-07-27,US,Wisconsin,Vernon,48,0,0,43.59422667,-90.8324691,55123.0,155.73291804555188,0.0,48,48,0,0,48,47,30785,0,0,0,0,1
2020-07-27,US,Wisconsin,Vilas,22,0,0,46.05467334,-89.51719204,55125.0,99.1214237440865,0.0,22,22,0,0,22,22,21938,0,0,0,0,0
2020-07-27,US,Wisconsin,Walworth,1067,21,0,42.66858202,-88.54163073,55127.0,1027.2653752840142,1.9681349578256797,1046,1051,21,0,1030,1024,103718,16,0,0,16,27
2020-07-27,US,Wisconsin,Washburn,12,0,0,45.89838588,-91.79050449,55129.0,76.33587786259542,0.0,12,10,0,0,10,9,15878,2,0,0,2,1
2020-07-27,US,Wisconsin,Washington,703,19,0,43.36863664,-88.22974712,55131.0,516.7825690636164,2.702702702702702,684,700,19,0,681,675,135693,3,0,0,3,25
2020-07-27,US,Wisconsin,Waukesha,3092,43,0,43.01833055,-88.30431188,55133.0,764.9716228185198,1.3906856403622252,3049,3001,43,0,2958,2863,403072,91,0,0,91,138
2020-07-27,US,Wisconsin,Waupaca,330,14,0,44.47068056,-88.96534501,55135.0,647.1857226907238,4.242424242424242,316,312,14,0,298,275,51128,18,0,0,18,37
2020-07-27,US,Wisconsin,Waushara,77,0,0,44.11324419,-89.24317107,55137.0,315.0186147363253,0.0,77,69,0,0,69,62,24263,8,0,0,8,7
2020-07-27,US,Wisconsin,Winnebago,960,16,0,44.06886922,-88.64477096,55139.0,558.4414828948211,1.6666666666666667,944,954,16,0,938,931,171020,6,0,0,6,23
2020-07-27,US,Wisconsin,Wood,171,1,0,44.45537896,-90.04158336,55141.0,234.24978424361976,0.5847953216374269,170,165,1,0,164,161,73055,6,0,0,6,4
2020-07-27,US,Wyoming,Albany,77,0,0,41.65498705,-105.72354150000001,56001.0,198.045267489712,0.0,77,78,0,0,78,78,38601,-1,0,0,-1,0
2020-07-27,US,Wyoming,Big Horn,33,0,0,44.52405055,-107.9960365,56003.0,279.89821882951657,0.0,33,33,0,0,33,33,11881,0,0,0,0,0
2020-07-27,US,Wyoming,Campbell,108,0,0,44.24886082,-105.54744040000001,56005.0,233.0549621285686,0.0,108,107,0,0,107,107,46140,1,0,0,1,0
2020-07-27,US,Wyoming,Carbon,68,0,0,41.69357844,-106.9326084,56007.0,459.45945945945954,0.0,68,65,0,0,65,61,14971,3,0,0,3,4
2020-07-27,US,Wyoming,Converse,30,0,0,42.97272268,-105.5081848,56009.0,217.04529011720444,0.0,30,30,0,0,30,30,13640,0,0,0,0,0
2020-07-27,US,Wyoming,Crook,9,0,0,44.58855102,-104.56977049999999,56011.0,118.67088607594937,0.0,9,9,0,0,9,9,7450,0,0,0,0,0
2020-07-27,US,Wyoming,Fremont,455,0,0,43.04183996,-108.6296893,56013.0,1158.9108784799166,0.0,455,453,0,0,453,448,39531,2,0,0,2,5
2020-07-27,US,Wyoming,Goshen,11,0,0,42.08798185,-104.3534743,56015.0,83.2639467110741,0.0,11,11,0,0,11,11,13376,0,0,0,0,0
2020-07-27,US,Wyoming,Hot Springs,17,0,0,43.71930657,-108.44231740000001,56017.0,385.2254702016768,0.0,17,16,0,0,16,16,4555,1,0,0,1,0
2020-07-27,US,Wyoming,Johnson,22,1,0,44.04057166,-106.58451740000001,56019.0,260.5091770278271,4.545454545454546,21,22,1,0,21,22,8460,0,0,0,0,0
2020-07-27,US,Wyoming,Laramie,422,0,0,41.30702520000001,-104.6887497,56021.0,424.1206030150754,0.0,422,415,0,0,415,412,98976,7,0,0,7,3
2020-07-27,US,Wyoming,Lincoln,89,0,0,42.26376367,-110.6563997,56023.0,448.81492687846696,0.0,89,88,0,0,88,85,19434,1,0,0,1,3
2020-07-27,US,Wyoming,Natrona,200,0,0,42.96180148,-106.79788500000001,56025.0,250.44453905682587,0.0,200,195,0,0,195,192,79115,5,0,0,5,3
2020-07-27,US,Wyoming,Niobrara,2,0,0,43.05607708,-104.47588959999999,56027.0,84.88964346349746,0.0,2,2,0,0,2,2,2388,0,0,0,0,0
2020-07-27,US,Wyoming,Park,101,0,0,44.52157546,-109.58528249999999,56029.0,345.961498938138,0.0,101,99,0,0,99,98,29324,2,0,0,2,1
2020-07-27,US,Wyoming,Platte,5,0,0,42.13299116,-104.96633100000001,56031.0,59.57345406886692,0.0,5,5,0,0,5,5,8566,0,0,0,0,0
2020-07-27,US,Wyoming,Sheridan,43,0,0,44.79048913,-106.8862389,56033.0,141.0529768738724,0.0,43,41,0,0,41,40,30233,2,0,0,2,1
2020-07-27,US,Wyoming,Sublette,30,0,0,42.76558279,-109.91309220000001,56035.0,305.1571559353066,0.0,30,30,0,0,30,26,9813,0,0,0,0,4
2020-07-27,US,Wyoming,Sweetwater,221,0,0,41.65943896,-108.8827882,56037.0,521.9280636705005,0.0,221,215,0,0,215,214,43051,6,0,0,6,1
2020-07-27,US,Wyoming,Teton,292,0,0,43.93522482,-110.5890801,56039.0,1244.4595976815547,0.0,292,279,0,0,279,275,23081,13,0,0,13,4
2020-07-27,US,Wyoming,Uinta,235,0,0,41.2878183,-110.54757820000002,56041.0,1161.8708592900227,0.0,235,233,0,0,233,232,20299,2,0,0,2,1
2020-07-27,US,Wyoming,Unassigned,0,24,0,0.0,0.0,90056.0,0.0,0.0,-24,0,24,0,-24,1,,0,0,0,0,-1
2020-07-27,US,Wyoming,Washakie,45,0,0,43.90451606,-107.68018700000002,56043.0,576.5534913516976,0.0,45,45,0,0,45,45,7885,0,0,0,0,0
2020-07-27,US,Wyoming,Weston,5,0,0,43.83961191,-104.56748809999999,56045.0,72.18131947452,0.0,5,4,0,0,4,4,6967,1,0,0,1,0
