Date,Country/Region,Province/State,Admin2,Confirmed,Deaths,Recovered,Latitude,Longitude,FIPS,Active Cases,Previous Confirmed,Previous Deaths,Previous Recovered,Previous Active,Prev2 Confirmed,Population,Daily Confirmed,Daily Deaths,Daily Recovered,Daily Active,Previous Daily Confirmed
2020-05-07,US,Alabama,Autauga,61,3,0,32.53952745,-86.64408227,1001.0,58,58,3,0,55,53,55601,3,0,0,3,5
2020-05-07,US,Alabama,Baldwin,205,5,0,30.72774991,-87.72207058,1003.0,200,196,5,0,191,189,218022,9,0,0,9,7
2020-05-07,US,Alabama,Barbour,51,1,0,31.868263,-85.3871286,1005.0,50,47,1,0,46,47,24881,4,0,0,4,0
2020-05-07,US,Alabama,Bibb,44,0,0,32.99642064,-87.12511459999996,1007.0,44,43,0,0,43,43,22400,1,0,0,1,0
2020-05-07,US,Alabama,Blount,44,0,0,33.98210918,-86.56790593,1009.0,44,42,0,0,42,40,57840,2,0,0,2,2
2020-05-07,US,Alabama,Bullock,18,1,0,32.10030533,-85.71265535,1011.0,17,18,1,0,17,18,10138,0,0,0,0,0
2020-05-07,US,Alabama,Butler,155,2,0,31.75300095,-86.68057478,1013.0,153,130,2,0,128,120,19680,25,0,0,25,10
2020-05-07,US,Alabama,Calhoun,120,3,0,33.77483727,-85.82630386,1015.0,117,114,3,0,111,114,114277,6,0,0,6,0
2020-05-07,US,Alabama,Chambers,308,21,0,32.91360079,-85.39072749,1017.0,287,306,22,0,284,304,33615,2,-1,0,3,2
2020-05-07,US,Alabama,Cherokee,18,0,0,34.17805983,-85.60638968,1019.0,18,18,0,0,18,17,26032,0,0,0,0,1
2020-05-07,US,Alabama,Chilton,63,1,0,32.85044126,-86.7173256,1021.0,62,61,1,0,60,60,44153,2,0,0,2,1
2020-05-07,US,Alabama,Choctaw,56,0,0,32.02227341,-88.26564429999998,1023.0,56,54,0,0,54,54,12841,2,0,0,2,0
2020-05-07,US,Alabama,Clarke,50,1,0,31.68099859,-87.83548597,1025.0,49,45,1,0,44,43,23920,5,0,0,5,2
2020-05-07,US,Alabama,Clay,25,1,0,33.26984193,-85.85836077,1027.0,24,25,1,0,24,24,13275,0,0,0,0,1
2020-05-07,US,Alabama,Cleburne,13,1,0,33.67679204,-85.52005899,1029.0,12,13,1,0,12,13,14987,0,0,0,0,0
2020-05-07,US,Alabama,Coffee,141,0,0,31.39932826,-85.98901039,1031.0,141,138,0,0,138,134,51909,3,0,0,3,4
2020-05-07,US,Alabama,Colbert,51,2,0,34.69847452,-87.80168544,1033.0,49,44,2,0,42,42,54762,7,0,0,7,2
2020-05-07,US,Alabama,Conecuh,12,0,0,31.43401703,-86.99320044,1035.0,12,9,0,0,9,9,12277,3,0,0,3,0
2020-05-07,US,Alabama,Coosa,31,1,0,32.93690146,-86.24847739,1037.0,30,31,1,0,30,31,10715,0,0,0,0,0
2020-05-07,US,Alabama,Covington,48,1,0,31.2477854,-86.45050893,1039.0,47,46,1,0,45,46,36986,2,0,0,2,0
2020-05-07,US,Alabama,Crenshaw,31,0,0,31.72941803,-86.31593104,1041.0,31,28,0,0,28,26,13824,3,0,0,3,2
2020-05-07,US,Alabama,Cullman,61,0,0,34.13020303,-86.86888037,1043.0,61,59,0,0,59,58,83442,2,0,0,2,1
2020-05-07,US,Alabama,Dale,36,0,0,31.43037123,-85.61095742,1045.0,36,34,0,0,34,34,48956,2,0,0,2,0
2020-05-07,US,Alabama,Dallas,83,3,0,32.32688101,-87.10866709999998,1047.0,80,76,3,0,73,68,38310,7,0,0,7,8
2020-05-07,US,Alabama,DeKalb,124,2,0,34.45946862,-85.80782906,1049.0,122,109,2,0,107,99,71385,15,0,0,15,10
2020-05-07,US,Alabama,Elmore,127,4,0,32.59785413,-86.14415284,1051.0,123,121,3,0,118,121,81887,6,1,0,5,0
2020-05-07,US,Alabama,Escambia,33,3,0,31.1256789,-87.15918694,1053.0,30,30,3,0,27,31,36748,3,0,0,3,-1
2020-05-07,US,Alabama,Etowah,161,10,0,34.04567266,-86.04051873,1055.0,151,158,10,0,148,152,102501,3,0,0,3,6
2020-05-07,US,Alabama,Fayette,7,0,0,33.72076938,-87.73886638,1057.0,7,6,0,0,6,6,16433,1,0,0,1,0
2020-05-07,US,Alabama,Franklin,184,1,0,34.44235334,-87.84289505,1059.0,183,164,1,0,163,152,31363,20,0,0,20,12
2020-05-07,US,Alabama,Geneva,11,0,0,31.09389027,-85.83572839,1061.0,11,11,0,0,11,11,26314,0,0,0,0,0
2020-05-07,US,Alabama,Greene,67,2,0,32.85504247,-87.95684022,1063.0,65,64,2,0,62,61,8233,3,0,0,3,3
2020-05-07,US,Alabama,Hale,62,2,0,32.76039258,-87.63284988,1065.0,60,60,2,0,58,59,14726,2,0,0,2,1
2020-05-07,US,Alabama,Henry,27,1,0,31.51148016,-85.24267944,1067.0,26,27,1,0,26,27,17209,0,0,0,0,0
2020-05-07,US,Alabama,Houston,100,4,0,31.15197924,-85.29939599,1069.0,96,99,4,0,95,98,104722,1,0,0,1,1
2020-05-07,US,Alabama,Jackson,56,2,0,34.78144169,-85.99750489,1071.0,54,53,2,0,51,53,51736,3,0,0,3,0
2020-05-07,US,Alabama,Jefferson,1065,57,0,33.55554728,-86.89506300000002,1073.0,1008,1048,53,0,995,1020,659300,17,4,0,13,28
2020-05-07,US,Alabama,Lamar,13,0,0,33.77995024,-88.09668032,1075.0,13,13,0,0,13,13,13844,0,0,0,0,0
2020-05-07,US,Alabama,Lauderdale,79,2,0,34.90171875,-87.65624729,1077.0,77,71,2,0,69,68,92387,8,0,0,8,3
2020-05-07,US,Alabama,Lawrence,19,0,0,34.52041498,-87.31069453,1079.0,19,17,0,0,17,16,32957,2,0,0,2,1
2020-05-07,US,Alabama,Lee,417,30,0,32.60154883,-85.35132246,1081.0,387,410,29,0,381,408,163941,7,1,0,6,2
2020-05-07,US,Alabama,Limestone,54,0,0,34.81185586,-86.98310072,1083.0,54,49,0,0,49,48,96174,5,0,0,5,1
2020-05-07,US,Alabama,Lowndes,85,5,0,32.1597283,-86.65158371,1085.0,80,82,5,0,77,80,9974,3,0,0,3,2
2020-05-07,US,Alabama,Macon,43,2,0,32.38759944,-85.69267724,1087.0,41,42,2,0,40,41,18439,1,0,0,1,1
2020-05-07,US,Alabama,Madison,241,4,0,34.76327133,-86.55069633,1089.0,237,238,4,0,234,238,366519,3,0,0,3,0
2020-05-07,US,Alabama,Marengo,73,3,0,32.24767634,-87.78796182,1091.0,70,68,3,0,65,68,19066,5,0,0,5,0
2020-05-07,US,Alabama,Marion,93,7,0,34.13697363,-87.88704173,1093.0,86,92,7,0,85,90,29763,1,0,0,1,2
2020-05-07,US,Alabama,Marshall,487,8,0,34.36975964,-86.30486727,1095.0,479,470,8,0,462,439,96109,17,0,0,17,31
2020-05-07,US,Alabama,Mobile,1355,78,0,30.78472347,-88.20842409,1097.0,1277,1311,76,0,1235,1265,413757,44,2,0,42,46
2020-05-07,US,Alabama,Monroe,15,1,0,31.56729412,-87.36995001,1099.0,14,15,1,0,14,13,21067,0,0,0,0,2
2020-05-07,US,Alabama,Montgomery,515,13,0,32.2206831,-86.20969272,1101.0,502,477,12,0,465,456,225763,38,1,0,37,21
2020-05-07,US,Alabama,Morgan,84,0,0,34.45500589,-86.85475946,1103.0,84,81,0,0,81,78,119089,3,0,0,3,3
2020-05-07,US,Alabama,Perry,18,0,0,32.64048341,-87.29770589,1105.0,18,16,0,0,16,16,9140,2,0,0,2,0
2020-05-07,US,Alabama,Pickens,59,2,0,33.28094866,-88.08818103,1107.0,57,58,2,0,56,57,19938,1,0,0,1,1
2020-05-07,US,Alabama,Pike,85,0,0,31.80396383,-85.9408295,1109.0,85,84,0,0,84,82,33338,1,0,0,1,2
2020-05-07,US,Alabama,Randolph,96,6,0,33.29526734,-85.45708831,1111.0,90,91,5,0,86,82,22725,5,1,0,4,9
2020-05-07,US,Alabama,Russell,69,0,0,32.28725256,-85.18415324,1113.0,69,66,0,0,66,63,57781,3,0,0,3,3
2020-05-07,US,Alabama,Shelby,348,16,0,33.26879845,-86.66232561,1117.0,332,339,16,0,323,335,215707,9,0,0,9,4
2020-05-07,US,Alabama,St. Clair,78,1,0,33.71902176,-86.31029372,1115.0,77,77,1,0,76,76,88690,1,0,0,1,1
2020-05-07,US,Alabama,Sumter,92,4,0,32.59117397,-88.19916205,1119.0,88,87,4,0,83,85,12691,5,0,0,5,2
2020-05-07,US,Alabama,Talladega,70,2,0,33.37823223,-86.16886178,1121.0,68,67,2,0,65,67,79828,3,0,0,3,0
2020-05-07,US,Alabama,Tallapoosa,314,40,0,32.86698258,-85.79833053,1123.0,274,304,23,0,281,303,40497,10,17,0,-7,1
2020-05-07,US,Alabama,Tuscaloosa,259,4,0,33.28726072,-87.52556818,1125.0,255,248,4,0,244,243,208911,11,0,0,11,5
2020-05-07,US,Alabama,Walker,103,0,0,33.80270512,-87.30027177,1127.0,103,101,0,0,101,100,63711,2,0,0,2,1
2020-05-07,US,Alabama,Washington,43,2,0,31.4092794,-88.20689944,1129.0,41,42,2,0,40,42,16378,1,0,0,1,0
2020-05-07,US,Alabama,Wilcox,73,4,0,31.98773215,-87.30891118,1131.0,69,73,4,0,69,72,10627,0,0,0,0,1
2020-05-07,US,Alabama,Winston,17,0,0,34.15030532,-87.37325922,1133.0,17,17,0,0,17,16,23660,0,0,0,0,1
2020-05-07,US,Alaska,Anchorage,191,4,0,61.14998174,-149.14269860000005,2020.0,187,190,4,0,186,190,291538,1,0,0,1,0
2020-05-07,US,Alaska,Bethel,1,0,0,60.90980451,-159.8561831,2050.0,1,1,0,0,1,1,18216,0,0,0,0,0
2020-05-07,US,Alaska,Fairbanks North Star,83,2,0,64.80726247,-146.5692662,2090.0,81,83,2,0,81,83,98971,0,0,0,0,0
2020-05-07,US,Alaska,Juneau,27,0,0,58.45031811,-134.200436,2110.0,27,27,0,0,27,27,32113,0,0,0,0,0
2020-05-07,US,Alaska,Kenai Peninsula,23,2,0,60.24429722,-151.53888840000005,2122.0,21,22,2,0,20,22,58533,1,0,0,1,0
2020-05-07,US,Alaska,Ketchikan Gateway,16,0,0,55.57445008,-130.975561,2130.0,16,16,0,0,16,16,13918,0,0,0,0,0
2020-05-07,US,Alaska,Kodiak Island,1,0,0,57.65529415,-153.7493579,2150.0,1,1,0,0,1,1,13345,0,0,0,0,0
2020-05-07,US,Alaska,Matanuska-Susitna,21,1,0,62.31305045,-149.5741743,2170.0,20,21,1,0,20,21,107610,0,0,0,0,0
2020-05-07,US,Alaska,Nome,1,0,0,64.90320724,-164.0353804,2180.0,1,1,0,0,1,1,10008,0,0,0,0,0
2020-05-07,US,Alaska,Petersburg,4,1,0,57.13978948,-132.9540995,2195.0,3,4,1,0,3,4,3221,0,0,0,0,0
2020-05-07,US,Alaska,Prince of Wales-Hyder,2,0,0,55.76261984,-133.0511621,2198.0,2,2,0,0,2,2,6422,0,0,0,0,0
2020-05-07,US,Alaska,Sitka,1,0,0,57.24124555,-135.3206587,2220.0,1,1,0,0,1,1,8647,0,0,0,0,0
2020-05-07,US,Alaska,Southeast Fairbanks,2,0,0,63.87692095,-143.2127643,2240.0,2,2,0,0,2,1,6918,0,0,0,0,1
2020-05-07,US,Alaska,Yukon-Koyukuk,1,0,0,65.50815459,-151.3907387,2290.0,1,1,0,0,1,1,5327,0,0,0,0,0
2020-05-07,US,Arizona,Apache,630,7,0,35.39465006,-109.4892383,4001.0,623,612,7,0,605,576,71818,18,0,0,18,36
2020-05-07,US,Arizona,Cochise,40,0,0,31.87934684,-109.7516088,4003.0,40,40,0,0,40,39,126770,0,0,0,0,1
2020-05-07,US,Arizona,Coconino,618,49,0,35.83883429,-111.7707178,4005.0,569,588,48,0,540,561,142854,30,1,0,29,27
2020-05-07,US,Arizona,Gila,17,0,0,33.80190085,-110.8132779,4007.0,17,15,0,0,15,14,53889,2,0,0,2,1
2020-05-07,US,Arizona,Graham,19,0,0,32.93166885,-109.8882178,4009.0,19,19,0,0,19,19,38072,0,0,0,0,0
2020-05-07,US,Arizona,Greenlee,2,0,0,33.21498827,-109.2405279,4011.0,2,2,0,0,2,2,9483,0,0,0,0,0
2020-05-07,US,Arizona,La Paz,20,1,0,33.72854224,-113.9810029,4012.0,19,18,1,0,17,16,21098,2,0,0,2,2
2020-05-07,US,Arizona,Maricopa,5196,204,0,33.34835867,-112.4918154,4013.0,4992,5138,186,0,4952,4929,4410824,58,18,0,40,209
2020-05-07,US,Arizona,Mohave,158,19,0,35.70471703,-113.7577902,4015.0,139,150,17,0,133,147,209550,8,2,0,6,3
2020-05-07,US,Arizona,Navajo,912,32,0,35.3997715,-110.3218983,4017.0,880,892,31,0,861,869,110445,20,1,0,19,23
2020-05-07,US,Arizona,Pima,1465,118,0,32.0971334,-111.7890033,4019.0,1347,1425,116,0,1309,1379,1039073,40,2,0,38,46
2020-05-07,US,Arizona,Pinal,530,15,0,32.90525627,-111.3449483,4021.0,515,497,15,0,482,478,447138,33,0,0,33,19
2020-05-07,US,Arizona,Santa Cruz,38,0,0,31.52508998,-110.8479088,4023.0,38,37,0,0,37,35,46511,1,0,0,1,2
2020-05-07,US,Arizona,Unassigned,0,1,0,0.0,0.0,90004.0,-1,0,1,0,-1,0,,0,0,0,0,0
2020-05-07,US,Arizona,Yavapai,152,3,0,34.59933926,-112.5538588,4025.0,149,140,3,0,137,126,231993,12,0,0,12,14
2020-05-07,US,Arizona,Yuma,148,1,0,32.76895712,-113.90666740000002,4027.0,147,134,1,0,133,115,212128,14,0,0,14,19
2020-05-07,US,Arkansas,Arkansas,2,0,0,34.29145151,-91.37277296,5001.0,2,2,0,0,2,2,17769,0,0,0,0,0
2020-05-07,US,Arkansas,Ashley,17,0,0,33.19153461,-91.7698471,5003.0,17,17,0,0,17,15,20046,0,0,0,0,2
2020-05-07,US,Arkansas,Baxter,5,0,0,36.28784385,-92.33782872,5005.0,5,5,0,0,5,5,41619,0,0,0,0,0
2020-05-07,US,Arkansas,Benton,113,0,0,36.33644656,-94.25680817,5007.0,113,111,0,0,111,110,272608,2,0,0,2,1
2020-05-07,US,Arkansas,Boone,4,0,0,36.3084504,-93.09374925,5009.0,4,4,0,0,4,4,37480,0,0,0,0,0
2020-05-07,US,Arkansas,Bradley,11,1,0,33.46755808,-92.15980837,5011.0,10,11,1,0,10,11,10897,0,0,0,0,0
2020-05-07,US,Arkansas,Carroll,6,0,0,36.34038560000001,-93.54270261,5015.0,6,6,0,0,6,6,28223,0,0,0,0,0
2020-05-07,US,Arkansas,Chicot,10,0,0,33.26458973,-91.29539209,5017.0,10,10,0,0,10,9,10438,0,0,0,0,1
2020-05-07,US,Arkansas,Clark,32,0,0,34.04613432,-93.17484713,5019.0,32,32,0,0,32,32,22061,0,0,0,0,0
2020-05-07,US,Arkansas,Clay,3,0,0,36.36826212,-90.4148172,5021.0,3,3,0,0,3,3,14847,0,0,0,0,0
2020-05-07,US,Arkansas,Cleburne,72,4,0,35.53864922,-92.02640019,5023.0,68,72,4,0,68,72,24965,0,0,0,0,0
2020-05-07,US,Arkansas,Cleveland,12,0,0,33.89723187,-92.18537045,5025.0,12,11,0,0,11,11,8018,1,0,0,1,0
2020-05-07,US,Arkansas,Columbia,15,2,0,33.21230701,-93.22642793,5027.0,13,15,2,0,13,13,23537,0,0,0,0,2
2020-05-07,US,Arkansas,Conway,13,1,0,35.26205537,-92.70506566,5029.0,12,13,1,0,12,13,20891,0,0,0,0,0
2020-05-07,US,Arkansas,Craighead,92,0,0,35.83018283,-90.63235729,5031.0,92,88,0,0,88,85,108558,4,0,0,4,3
2020-05-07,US,Arkansas,Crawford,5,0,0,35.58928601,-94.2446814,5033.0,5,4,0,0,4,4,63406,1,0,0,1,0
2020-05-07,US,Arkansas,Crittenden,203,7,0,35.21247318,-90.30839406,5035.0,196,202,7,0,195,197,48342,1,0,0,1,5
2020-05-07,US,Arkansas,Cross,27,0,0,35.29631396,-90.77185818,5037.0,27,27,0,0,27,25,16676,0,0,0,0,2
2020-05-07,US,Arkansas,Dallas,1,0,0,33.97042763,-92.65167437,5039.0,1,1,0,0,1,1,7182,0,0,0,0,0
2020-05-07,US,Arkansas,Desha,17,0,0,33.83011025,-91.25500948,5041.0,17,17,0,0,17,16,11512,0,0,0,0,1
2020-05-07,US,Arkansas,Drew,19,1,0,33.59035001,-91.71777921,5043.0,18,19,1,0,18,16,18328,0,0,0,0,3
2020-05-07,US,Arkansas,Faulkner,81,2,0,35.14719007,-92.33717519,5045.0,79,78,2,0,76,77,124806,3,0,0,3,1
2020-05-07,US,Arkansas,Franklin,2,0,0,35.51202821,-93.89299569,5047.0,2,2,0,0,2,2,17810,0,0,0,0,0
2020-05-07,US,Arkansas,Fulton,3,0,0,36.38177105,-91.81729127,5049.0,3,3,0,0,3,3,12269,0,0,0,0,0
2020-05-07,US,Arkansas,Garland,118,1,0,34.57692074,-93.14921604,5051.0,117,117,1,0,116,117,99154,1,0,0,1,0
2020-05-07,US,Arkansas,Grant,14,0,0,34.29017991,-92.42320562,5053.0,14,14,0,0,14,14,18188,0,0,0,0,0
2020-05-07,US,Arkansas,Greene,22,0,0,36.11735460000001,-90.55832668,5055.0,22,21,0,0,21,21,45325,1,0,0,1,0
2020-05-07,US,Arkansas,Hempstead,7,1,0,33.73325583,-93.66935133,5057.0,6,7,1,0,6,7,21741,0,0,0,0,0
2020-05-07,US,Arkansas,Hot Spring,22,0,0,34.31709259,-92.95396325,5059.0,22,22,0,0,22,20,33701,0,0,0,0,2
2020-05-07,US,Arkansas,Howard,14,0,0,34.09007427,-93.9934871,5061.0,14,14,0,0,14,14,13341,0,0,0,0,0
2020-05-07,US,Arkansas,Independence,12,0,0,35.74242707,-91.57001641,5063.0,12,11,0,0,11,11,37678,1,0,0,1,0
2020-05-07,US,Arkansas,Izard,11,0,0,36.09604046,-91.90847954,5065.0,11,11,0,0,11,10,13593,0,0,0,0,1
2020-05-07,US,Arkansas,Jackson,1,0,0,35.59802983,-91.21494602,5067.0,1,1,0,0,1,1,16811,0,0,0,0,0
2020-05-07,US,Arkansas,Jefferson,223,19,0,34.26767081,-91.92619839,5069.0,204,217,19,0,198,199,68114,6,0,0,6,18
2020-05-07,US,Arkansas,Johnson,33,0,0,35.56759135,-93.46036368,5071.0,33,31,0,0,31,31,26742,2,0,0,2,0
2020-05-07,US,Arkansas,Lafayette,9,1,0,33.24116713,-93.60677071,5073.0,8,9,1,0,8,8,6682,0,0,0,0,1
2020-05-07,US,Arkansas,Lawrence,69,4,0,36.04188196,-91.10867198,5075.0,65,69,4,0,65,67,16434,0,0,0,0,2
2020-05-07,US,Arkansas,Lee,4,1,0,34.78498904,-90.78383866,5077.0,3,4,1,0,3,4,8985,0,0,0,0,0
2020-05-07,US,Arkansas,Lincoln,899,6,0,33.95317155,-91.74002806,5079.0,893,883,6,0,877,853,13383,16,0,0,16,30
2020-05-07,US,Arkansas,Logan,3,0,0,35.21413234,-93.71951016,5083.0,3,3,0,0,3,2,21737,0,0,0,0,1
2020-05-07,US,Arkansas,Lonoke,44,0,0,34.75392199,-91.88742357,5085.0,44,44,0,0,44,44,73657,0,0,0,0,0
2020-05-07,US,Arkansas,Madison,1,0,0,36.01038185,-93.72524943,5087.0,1,1,0,0,1,1,16481,0,0,0,0,0
2020-05-07,US,Arkansas,Marion,1,0,0,36.26844485,-92.68451899,5089.0,1,1,0,0,1,1,16722,0,0,0,0,0
2020-05-07,US,Arkansas,Miller,35,1,0,33.31403423,-93.89285258,5091.0,34,35,1,0,34,35,43592,0,0,0,0,0
2020-05-07,US,Arkansas,Mississippi,42,0,0,35.76271485,-90.05194370000002,5093.0,42,42,0,0,42,41,41239,0,0,0,0,1
2020-05-07,US,Arkansas,Monroe,4,0,0,34.6815935,-91.20540287,5095.0,4,4,0,0,4,4,6900,0,0,0,0,0
2020-05-07,US,Arkansas,Montgomery,1,0,0,34.53704874,-93.65824478,5097.0,1,1,0,0,1,1,8924,0,0,0,0,0
2020-05-07,US,Arkansas,Nevada,3,0,0,33.66340119,-93.30632432,5099.0,3,2,0,0,2,2,8326,1,0,0,1,0
2020-05-07,US,Arkansas,Newton,3,0,0,35.91947491,-93.21612969,5101.0,3,3,0,0,3,3,7805,0,0,0,0,0
2020-05-07,US,Arkansas,Ouachita,8,0,0,33.58839816,-92.87795984,5103.0,8,7,0,0,7,7,23606,1,0,0,1,0
2020-05-07,US,Arkansas,Perry,7,0,0,34.9459153,-92.94372564,5105.0,7,7,0,0,7,7,10352,0,0,0,0,0
2020-05-07,US,Arkansas,Phillips,5,1,0,34.43268455,-90.84800154,5107.0,4,5,1,0,4,5,18029,0,0,0,0,0
2020-05-07,US,Arkansas,Pike,3,0,0,34.16250414,-93.65789349,5109.0,3,3,0,0,3,3,10673,0,0,0,0,0
2020-05-07,US,Arkansas,Poinsett,25,2,0,35.57433534,-90.66268713,5111.0,23,25,2,0,23,25,23974,0,0,0,0,0
2020-05-07,US,Arkansas,Polk,7,0,0,34.48254879,-94.22728802,5113.0,7,7,0,0,7,7,20049,0,0,0,0,0
2020-05-07,US,Arkansas,Pope,47,0,0,35.44871474,-93.03212219,5115.0,47,46,0,0,46,45,64000,1,0,0,1,1
2020-05-07,US,Arkansas,Prairie,2,0,0,34.83624419,-91.55162157,5117.0,2,2,0,0,2,2,8074,0,0,0,0,0
2020-05-07,US,Arkansas,Pulaski,588,22,0,34.77054088,-92.31355101,5119.0,566,576,22,0,554,565,392680,12,0,0,12,11
2020-05-07,US,Arkansas,Randolph,21,0,0,36.3415714,-91.02455531,5121.0,21,21,0,0,21,19,17948,0,0,0,0,2
2020-05-07,US,Arkansas,Saline,70,1,0,34.64916145,-92.67583224,5125.0,69,67,1,0,66,67,121421,3,0,0,3,0
2020-05-07,US,Arkansas,Scott,1,0,0,34.85588887,-94.0632176,5127.0,1,1,0,0,1,1,10319,0,0,0,0,0
2020-05-07,US,Arkansas,Searcy,6,0,0,35.9109364,-92.69936482,5129.0,6,6,0,0,6,6,7958,0,0,0,0,0
2020-05-07,US,Arkansas,Sebastian,14,0,0,35.19605503,-94.27162713,5131.0,14,14,0,0,14,13,127753,0,0,0,0,1
2020-05-07,US,Arkansas,Sevier,14,1,0,33.99780401,-94.2424869,5133.0,13,14,1,0,13,14,17139,0,0,0,0,0
2020-05-07,US,Arkansas,Sharp,8,0,0,36.16258158,-91.47819342,5135.0,8,7,0,0,7,7,17366,1,0,0,1,0
2020-05-07,US,Arkansas,St. Francis,104,0,0,35.02201976,-90.74828138,5123.0,104,98,0,0,98,95,25439,6,0,0,6,3
2020-05-07,US,Arkansas,Stone,8,0,0,35.86251946,-92.15684085,5137.0,8,8,0,0,8,8,12457,0,0,0,0,0
2020-05-07,US,Arkansas,Unassigned,159,0,0,0.0,0.0,90005.0,159,145,0,0,145,163,,14,0,0,14,-18
2020-05-07,US,Arkansas,Union,73,1,0,33.16887091,-92.59746952,5139.0,72,67,1,0,66,62,39126,6,0,0,6,5
2020-05-07,US,Arkansas,Van Buren,28,2,0,35.58095779,-92.51295036,5141.0,26,28,2,0,26,28,16603,0,0,0,0,0
2020-05-07,US,Arkansas,Washington,102,3,0,35.976844,-94.21800746,5143.0,99,94,3,0,91,91,236961,8,0,0,8,3
2020-05-07,US,Arkansas,White,35,1,0,35.25688493,-91.74908296,5145.0,34,35,1,0,34,35,78727,0,0,0,0,0
2020-05-07,US,Arkansas,Woodruff,1,0,0,35.18902527,-91.2439489,5147.0,1,1,0,0,1,1,6490,0,0,0,0,0
2020-05-07,US,Arkansas,Yell,7,1,0,35.00292371,-93.41171338,5149.0,6,7,1,0,6,6,21535,0,0,0,0,1
2020-05-07,US,California,Alameda,1917,67,0,37.64629437,-121.8929271,6001.0,1850,1863,66,0,1797,1809,1666753,54,1,0,53,54
2020-05-07,US,California,Alpine,2,0,0,38.59678594,-119.8223594,6003.0,2,2,0,0,2,2,1101,0,0,0,0,0
2020-05-07,US,California,Amador,8,0,0,38.44583082,-120.65696,6005.0,8,8,0,0,8,8,39383,0,0,0,0,0
2020-05-07,US,California,Butte,18,0,0,39.66727762,-121.6005252,6007.0,18,18,0,0,18,17,231256,0,0,0,0,1
2020-05-07,US,California,Calaveras,13,0,0,38.20537103,-120.552913,6009.0,13,13,0,0,13,13,45602,0,0,0,0,0
2020-05-07,US,California,Colusa,3,0,0,39.17881957,-122.2331726,6011.0,3,3,0,0,3,3,21627,0,0,0,0,0
2020-05-07,US,California,Contra Costa,999,29,0,37.91923498,-121.9289527,6013.0,970,985,29,0,956,969,1150215,14,0,0,14,16
2020-05-07,US,California,Del Norte,3,0,0,41.74228275,-123.8974063,6015.0,3,3,0,0,3,3,27828,0,0,0,0,0
2020-05-07,US,California,El Dorado,54,0,0,38.77965956,-120.5233166,6017.0,54,54,0,0,54,53,190678,0,0,0,0,1
2020-05-07,US,California,Fresno,777,9,0,36.75733899,-119.6466953,6019.0,768,777,9,0,768,672,994400,0,0,0,0,105
2020-05-07,US,California,Glenn,5,0,0,39.59875897,-122.3938452,6021.0,5,5,0,0,5,5,28047,0,0,0,0,0
2020-05-07,US,California,Humboldt,55,0,0,40.69923009,-123.876044,6023.0,55,55,0,0,55,54,136373,0,0,0,0,1
2020-05-07,US,California,Imperial,455,11,0,33.0393082,-115.3669042,6025.0,444,419,10,0,409,400,181827,36,1,0,35,19
2020-05-07,US,California,Inyo,19,1,0,36.51112084,-117.41119779999998,6027.0,18,19,1,0,18,19,17987,0,0,0,0,0
2020-05-07,US,California,Kern,1133,13,0,35.34329425,-118.7277796,6029.0,1120,1073,11,0,1062,1045,896764,60,2,0,58,28
2020-05-07,US,California,Kings,233,1,0,36.07409056,-119.8159973,6031.0,232,233,1,0,232,198,151366,0,0,0,0,35
2020-05-07,US,California,Lake,8,0,0,39.10124298,-122.7536244,6033.0,8,8,0,0,8,8,64382,0,0,0,0,0
2020-05-07,US,California,Los Angeles,29511,1418,0,34.30828379,-118.2282411,6037.0,28093,28665,1369,0,27296,27836,10105518,846,49,0,797,829
2020-05-07,US,California,Madera,55,2,0,37.21513971,-119.76655890000002,6039.0,53,55,2,0,53,54,157672,0,0,0,0,1
2020-05-07,US,California,Marin,247,14,0,38.07122463,-122.7210631,6041.0,233,247,14,0,233,241,259666,0,0,0,0,6
2020-05-07,US,California,Mariposa,15,0,0,37.57978556,-119.9073334,6043.0,15,15,0,0,15,14,17471,0,0,0,0,1
2020-05-07,US,California,Mendocino,12,0,0,39.4381191,-123.3911313,6045.0,12,12,0,0,12,12,87606,0,0,0,0,0
2020-05-07,US,California,Merced,155,3,0,37.18922369,-120.7209035,6047.0,152,152,3,0,149,147,274765,3,0,0,3,5
2020-05-07,US,California,Mono,28,1,0,37.93899289,-118.8872409,6051.0,27,27,1,0,26,26,14250,1,0,0,1,1
2020-05-07,US,California,Monterey,247,6,0,36.21862405,-121.2413397,6053.0,241,241,6,0,235,237,435594,6,0,0,6,4
2020-05-07,US,California,Napa,78,2,0,38.50735751,-122.332839,6055.0,76,78,2,0,76,75,139417,0,0,0,0,3
2020-05-07,US,California,Nevada,41,1,0,39.30394768,-120.7627281,6057.0,40,41,1,0,40,41,99696,0,0,0,0,0
2020-05-07,US,California,Orange,3092,66,0,33.70147516,-117.76459979999998,6059.0,3026,3004,65,0,2939,2873,3185968,88,1,0,87,131
2020-05-07,US,California,Placer,165,8,0,39.06167234,-120.7240569,6061.0,157,163,8,0,155,162,393149,2,0,0,2,1
2020-05-07,US,California,Plumas,4,0,0,40.00355989,-120.8395236,6063.0,4,4,0,0,4,4,18804,0,0,0,0,0
2020-05-07,US,California,Riverside,4756,192,0,33.74314981,-115.9933578,6065.0,4564,4672,186,0,4486,4454,2450758,84,6,0,78,218
2020-05-07,US,California,Sacramento,1153,49,0,38.45106826,-121.3425374,6067.0,1104,1142,47,0,1095,1133,1540975,11,2,0,9,9
2020-05-07,US,California,San Benito,53,2,0,36.60308176,-121.069975,6069.0,51,53,2,0,51,52,61537,0,0,0,0,1
2020-05-07,US,California,San Bernardino,2562,108,0,34.84060306,-116.1774685,6071.0,2454,2432,104,0,2328,2329,2171603,130,4,0,126,103
2020-05-07,US,California,San Diego,4319,158,0,33.03484597,-116.7365326,6073.0,4161,4319,158,0,4161,4020,3343364,0,0,0,0,299
2020-05-07,US,California,San Francisco,1806,32,0,37.75215114,-122.4385672,6075.0,1774,1754,31,0,1723,1728,883305,52,1,0,51,26
2020-05-07,US,California,San Joaquin,581,28,0,37.93433732,-121.2730061,6077.0,553,579,27,0,552,578,752660,2,1,0,1,1
2020-05-07,US,California,San Luis Obispo,211,1,0,35.38822029,-120.4039028,6079.0,210,208,1,0,207,204,284010,3,0,0,3,4
2020-05-07,US,California,San Mateo,1377,56,0,37.4228808,-122.32755459999998,6081.0,1321,1341,56,0,1285,1315,769545,36,0,0,36,26
2020-05-07,US,California,Santa Barbara,613,9,0,34.65329488,-120.0188492,6083.0,604,613,9,0,604,526,446527,0,0,0,0,87
2020-05-07,US,California,Santa Clara,2281,127,0,37.23104908,-121.6970462,6085.0,2154,2268,126,0,2142,2255,1937570,13,1,0,12,13
2020-05-07,US,California,Santa Cruz,139,2,0,37.05580291,-122.0066524,6087.0,137,138,2,0,136,138,274255,1,0,0,1,0
2020-05-07,US,California,Shasta,31,4,0,40.76391419,-122.0396884,6089.0,27,31,4,0,27,31,180040,0,0,0,0,0
2020-05-07,US,California,Siskiyou,5,0,0,41.59198861,-122.5407434,6093.0,5,5,0,0,5,5,43724,0,0,0,0,0
2020-05-07,US,California,Solano,337,7,0,38.26827353,-121.9357113,6095.0,330,337,7,0,330,320,446610,0,0,0,0,17
2020-05-07,US,California,Sonoma,286,3,0,38.52746429,-122.8862506,6097.0,283,272,3,0,269,261,499942,14,0,0,14,11
2020-05-07,US,California,Stanislaus,461,17,0,37.55862499,-120.9970722,6099.0,444,461,17,0,444,428,549815,0,0,0,0,33
2020-05-07,US,California,Sutter,31,2,0,39.03417539,-121.6945899,6101.0,29,31,2,0,29,31,96807,0,0,0,0,0
2020-05-07,US,California,Tehama,1,1,0,40.12570935,-122.2370171,6103.0,0,1,1,0,0,1,63916,0,0,0,0,0
2020-05-07,US,California,Tulare,969,43,0,36.22026558,-118.8020203,6107.0,926,916,41,0,875,858,465861,53,2,0,51,58
2020-05-07,US,California,Tuolumne,2,0,0,38.02644018,-119.9525093,6109.0,2,2,0,0,2,4,54539,0,0,0,0,-2
2020-05-07,US,California,Unassigned,0,2,0,0.0,0.0,90006.0,-2,0,2,0,-2,0,,0,0,0,0,0
2020-05-07,US,California,Ventura,631,19,0,34.44465746,-119.0910613,6111.0,612,608,19,0,589,595,850967,23,0,0,23,13
2020-05-07,US,California,Yolo,172,20,0,38.68278902,-121.9018288,6113.0,152,172,20,0,152,171,220408,0,0,0,0,1
2020-05-07,US,California,Yuba,19,1,0,39.26255932,-121.3535644,6115.0,18,19,1,0,18,19,78041,0,0,0,0,0
2020-05-07,US,Colorado,Adams,2046,78,0,39.87432092,-104.3362578,8001.0,1968,1952,75,0,1877,1883,511868,94,3,0,91,69
2020-05-07,US,Colorado,Alamosa,25,2,0,37.57250606,-105.7885451,8003.0,23,22,2,0,20,14,16683,3,0,0,3,8
2020-05-07,US,Colorado,Arapahoe,3089,172,0,39.64977461,-104.3353617,8005.0,2917,2977,167,0,2810,2883,651215,112,5,0,107,94
2020-05-07,US,Colorado,Archuleta,8,0,0,37.19474156,-107.0476867,8007.0,8,8,0,0,8,8,13765,0,0,0,0,0
2020-05-07,US,Colorado,Baca,12,0,0,37.31940883,-102.5603223,8009.0,12,12,0,0,12,12,3585,0,0,0,0,0
2020-05-07,US,Colorado,Boulder,720,49,0,40.09313619,-105.3546767,8013.0,671,700,46,0,654,685,326078,20,3,0,17,15
2020-05-07,US,Colorado,Broomfield,186,16,0,39.95998787,-105.0566324,8014.0,170,180,16,0,164,178,69267,6,0,0,6,2
2020-05-07,US,Colorado,Chaffee,68,16,0,38.74745778,-106.19265729999998,8015.0,52,68,16,0,52,68,20027,0,0,0,0,0
2020-05-07,US,Colorado,Clear Creek,13,1,0,39.68864463,-105.6463118,8019.0,12,13,1,0,12,13,9605,0,0,0,0,0
2020-05-07,US,Colorado,Costilla,3,0,0,37.27732493,-105.4276548,8023.0,3,3,0,0,3,3,3828,0,0,0,0,0
2020-05-07,US,Colorado,Crowley,4,1,0,38.32608609,-103.7844965,8025.0,3,4,1,0,3,4,5858,0,0,0,0,0
2020-05-07,US,Colorado,Custer,2,0,0,38.10883162,-105.3683478,8027.0,2,2,0,0,2,2,4954,0,0,0,0,0
2020-05-07,US,Colorado,Delta,53,1,0,38.86246243,-107.8631342,8029.0,52,52,1,0,51,52,30953,1,0,0,1,0
2020-05-07,US,Colorado,Denver,3799,199,0,39.76018276,-104.8725695,8031.0,3600,3674,195,0,3479,3546,716492,125,4,0,121,128
2020-05-07,US,Colorado,Douglas,573,26,0,39.33133796,-104.930001,8035.0,547,556,25,0,531,543,342776,17,1,0,16,13
2020-05-07,US,Colorado,Eagle,554,7,0,39.62754308,-106.6933637,8037.0,547,552,7,0,545,547,54993,2,0,0,2,5
2020-05-07,US,Colorado,El Paso,1079,77,0,38.83240149,-104.5251411,8041.0,1002,1055,77,0,978,1028,713856,24,0,0,24,27
2020-05-07,US,Colorado,Elbert,37,1,0,39.28656773,-104.1358721,8039.0,36,37,1,0,36,36,26282,0,0,0,0,1
2020-05-07,US,Colorado,Fremont,23,0,0,38.47362326,-105.4399667,8043.0,23,22,0,0,22,22,48021,1,0,0,1,0
2020-05-07,US,Colorado,Garfield,100,2,0,39.59921777,-107.902708,8045.0,98,99,2,0,97,99,59770,1,0,0,1,0
2020-05-07,US,Colorado,Gilpin,1,0,0,39.85646523,-105.5252597,8047.0,1,1,0,0,1,1,6121,0,0,0,0,0
2020-05-07,US,Colorado,Grand,5,0,0,40.10603347,-106.1178042,8049.0,5,5,0,0,5,5,15525,0,0,0,0,0
2020-05-07,US,Colorado,Gunnison,173,6,0,38.66611652,-107.0320729,8051.0,167,172,6,0,166,168,17246,1,0,0,1,4
2020-05-07,US,Colorado,Hinsdale,3,0,0,37.82247444,-107.3004345,8053.0,3,3,0,0,3,3,811,0,0,0,0,0
2020-05-07,US,Colorado,Huerfano,2,0,0,37.68473101,-104.9612585,8055.0,2,2,0,0,2,2,6889,0,0,0,0,0
2020-05-07,US,Colorado,Jefferson,1542,90,0,39.58635604,-105.2517692,8059.0,1452,1507,87,0,1420,1466,580233,35,3,0,32,41
2020-05-07,US,Colorado,Kit Carson,24,2,0,39.30497777,-102.6022199,8063.0,22,24,2,0,22,22,7163,0,0,0,0,2
2020-05-07,US,Colorado,La Plata,63,0,0,37.28632032,-107.8429014,8067.0,63,63,0,0,63,63,56310,0,0,0,0,0
2020-05-07,US,Colorado,Lake,23,0,0,39.20278823,-106.3555697,8065.0,23,21,0,0,21,21,7824,2,0,0,2,0
2020-05-07,US,Colorado,Larimer,423,18,0,40.66671597,-105.4625784,8069.0,405,415,18,0,397,409,350518,8,0,0,8,6
2020-05-07,US,Colorado,Las Animas,4,0,0,37.3153406,-104.0376458,8071.0,4,4,0,0,4,4,14503,0,0,0,0,0
2020-05-07,US,Colorado,Lincoln,3,0,0,38.98749519,-103.5136649,8073.0,3,3,0,0,3,3,5610,0,0,0,0,0
2020-05-07,US,Colorado,Logan,318,2,0,40.7249637,-103.110817,8075.0,316,295,2,0,293,292,21528,23,0,0,23,3
2020-05-07,US,Colorado,Mesa,50,0,0,39.01787888,-108.469799,8077.0,50,50,0,0,50,49,153207,0,0,0,0,1
2020-05-07,US,Colorado,Mineral,2,0,0,37.66954283,-106.9281698,8079.0,2,2,0,0,2,2,776,0,0,0,0,0
2020-05-07,US,Colorado,Moffat,6,0,0,40.61810999,-108.2070876,8081.0,6,6,0,0,6,6,13188,0,0,0,0,0
2020-05-07,US,Colorado,Montezuma,21,2,0,37.33859579,-108.5958857,8083.0,19,19,2,0,17,18,26158,2,0,0,2,1
2020-05-07,US,Colorado,Montrose,114,11,0,38.40214114,-108.26390220000002,8085.0,103,110,11,0,99,107,42214,4,0,0,4,3
2020-05-07,US,Colorado,Morgan,448,22,0,40.26279810000001,-103.8093302,8087.0,426,439,21,0,418,422,28558,9,1,0,8,17
2020-05-07,US,Colorado,Otero,10,1,0,37.9014485,-103.7173385,8089.0,9,10,1,0,9,10,18432,0,0,0,0,0
2020-05-07,US,Colorado,Ouray,5,1,0,38.14717457,-107.7675136,8091.0,4,5,1,0,4,5,4833,0,0,0,0,0
2020-05-07,US,Colorado,Out of CO,0,2,0,0.0,0.0,80008.0,-2,0,2,0,-2,0,,0,0,0,0,0
2020-05-07,US,Colorado,Park,15,0,0,39.120926,-105.7182065,8093.0,15,15,0,0,15,14,18556,0,0,0,0,1
2020-05-07,US,Colorado,Phillips,7,0,0,40.59414277,-102.3577703,8095.0,7,6,0,0,6,5,4286,1,0,0,1,1
2020-05-07,US,Colorado,Pitkin,54,2,0,39.21720112,-106.9310027,8097.0,52,53,2,0,51,52,17950,1,0,0,1,1
2020-05-07,US,Colorado,Prowers,8,0,0,37.95544985,-102.3926052,8099.0,8,8,0,0,8,3,12164,0,0,0,0,5
2020-05-07,US,Colorado,Pueblo,163,12,0,38.17359144,-104.5127437,8101.0,151,161,11,0,150,158,167529,2,1,0,1,3
2020-05-07,US,Colorado,Rio Blanco,1,0,0,39.97913541,-108.2179009,8103.0,1,1,0,0,1,1,6336,0,0,0,0,0
2020-05-07,US,Colorado,Rio Grande,7,0,0,37.5836865,-106.3847838,8105.0,7,7,0,0,7,7,11250,0,0,0,0,0
2020-05-07,US,Colorado,Routt,58,6,0,40.48596505,-106.9905548,8107.0,52,58,6,0,52,58,25733,0,0,0,0,0
2020-05-07,US,Colorado,Saguache,3,0,0,38.08054629,-106.282466,8109.0,3,3,0,0,3,3,6843,0,0,0,0,0
2020-05-07,US,Colorado,San Juan,1,0,0,37.76248981,-107.67632890000002,8111.0,1,1,0,0,1,,762,0,0,0,0,
2020-05-07,US,Colorado,San Miguel,20,0,0,38.00450883,-108.4020725,8113.0,20,20,0,0,20,20,8191,0,0,0,0,0
2020-05-07,US,Colorado,Summit,155,1,0,39.63803232,-106.1150762,8117.0,154,155,1,0,154,151,31007,0,0,0,0,4
2020-05-07,US,Colorado,Teller,30,2,0,38.88133511,-105.1614893,8119.0,28,30,2,0,28,29,25083,0,0,0,0,1
2020-05-07,US,Colorado,Unassigned,153,3,0,0.0,0.0,90008.0,150,164,3,0,161,189,,-11,0,0,-11,-25
2020-05-07,US,Colorado,Washington,9,0,0,39.97015535,-103.202587,8121.0,9,9,0,0,9,9,4909,0,0,0,0,0
2020-05-07,US,Colorado,Weld,2042,113,0,40.55499405,-104.3929621,8123.0,1929,1988,109,0,1879,1955,314305,54,4,0,50,33
2020-05-07,US,Colorado,Yuma,10,0,0,40.00346839,-102.4258673,8125.0,10,9,0,0,9,9,10020,1,0,0,1,0
2020-05-07,US,Connecticut,Fairfield,12679,977,0,41.26809896,-73.3881171,9001.0,11702,12455,952,0,11503,12360,943823,224,25,0,199,95
2020-05-07,US,Connecticut,Hartford,6750,867,0,41.80283011,-72.73103891,9003.0,5883,6530,842,0,5688,6351,892697,220,25,0,195,179
2020-05-07,US,Connecticut,Litchfield,1114,104,0,41.7937534,-73.2451475,9005.0,1010,1085,100,0,985,1065,181111,29,4,0,25,20
2020-05-07,US,Connecticut,Middlesex,764,104,0,41.45949668,-72.53714864,9007.0,660,742,98,0,644,734,162682,22,6,0,16,8
2020-05-07,US,Connecticut,New Haven,8678,643,0,41.4080325,-72.93620426,9009.0,8035,8419,629,0,7790,8337,857620,259,14,0,245,82
2020-05-07,US,Connecticut,New London,742,49,0,41.48896435,-72.10430976,9011.0,693,704,47,0,657,681,266784,38,2,0,36,23
2020-05-07,US,Connecticut,Tolland,522,46,0,41.85853803,-72.3308481,9013.0,476,513,44,0,469,502,150921,9,2,0,7,11
2020-05-07,US,Connecticut,Unassigned,285,2,0,0.0,0.0,90009.0,283,305,2,0,303,368,,-20,0,0,-20,-63
2020-05-07,US,Connecticut,Windham,250,5,0,41.82972709,-71.98182316,9015.0,245,242,4,0,238,223,117027,8,1,0,7,19
2020-05-07,US,Delaware,Kent,945,34,0,39.08646628,-75.56884914,10001.0,911,891,33,0,858,847,178550,54,1,0,53,44
2020-05-07,US,Delaware,New Castle,2130,89,0,39.57992638,-75.64054974,10003.0,2041,2087,85,0,2002,1979,559335,43,4,0,39,108
2020-05-07,US,Delaware,Sussex,2834,79,0,38.66143781,-75.39031349,10005.0,2755,2764,75,0,2689,2520,229286,70,4,0,66,244
2020-05-07,US,Delaware,Unassigned,30,0,0,0.0,0.0,90010.0,30,36,0,0,36,25,,-6,0,0,-6,11
2020-05-07,US,District of Columbia,District of Columbia,5654,285,0,38.90417773,-77.01655992,11001.0,5369,5461,277,0,5184,5322,702455,193,8,0,185,139
2020-05-07,US,Florida,Alachua,300,5,0,29.67866525,-82.35928158,12001.0,295,295,5,0,290,289,269956,5,0,0,5,6
2020-05-07,US,Florida,Baker,22,3,0,30.33060121,-82.28467476,12003.0,19,22,3,0,19,22,28355,0,0,0,0,0
2020-05-07,US,Florida,Bay,76,3,0,30.26548745,-85.62122584,12005.0,73,76,3,0,73,76,185287,0,0,0,0,0
2020-05-07,US,Florida,Bradford,48,2,0,29.95079741,-82.16611613,12007.0,46,48,2,0,46,48,27732,0,0,0,0,0
2020-05-07,US,Florida,Brevard,325,8,0,28.29409504,-80.73091022,12009.0,317,320,8,0,312,319,596849,5,0,0,5,1
2020-05-07,US,Florida,Broward,5677,230,0,26.15184651,-80.48725556,12011.0,5447,5553,219,0,5334,5492,1951260,124,11,0,113,61
2020-05-07,US,Florida,Calhoun,24,0,0,30.40666734,-85.19394153,12013.0,24,19,0,0,19,15,14587,5,0,0,5,4
2020-05-07,US,Florida,Charlotte,304,30,0,26.90131002,-81.92949121,12015.0,274,294,29,0,265,269,184998,10,1,0,9,25
2020-05-07,US,Florida,Citrus,102,11,0,28.84804315,-82.47614748,12017.0,91,101,11,0,90,100,147929,1,0,0,1,1
2020-05-07,US,Florida,Clay,292,19,0,29.98319144,-81.85609986,12019.0,273,288,19,0,269,287,216072,4,0,0,4,1
2020-05-07,US,Florida,Collier,705,27,0,26.11091986,-81.34687065,12021.0,678,677,27,0,650,656,378488,28,0,0,28,21
2020-05-07,US,Florida,Columbia,101,2,0,30.22509788,-82.62160164,12023.0,99,96,2,0,94,96,70503,5,0,0,5,0
2020-05-07,US,Florida,DeSoto,42,5,0,27.18677893,-81.80941373,12027.0,37,42,4,0,38,40,37489,0,1,0,-1,2
2020-05-07,US,Florida,Dixie,11,0,0,29.60631086,-83.15724673,12029.0,11,10,0,0,10,10,16700,1,0,0,1,0
2020-05-07,US,Florida,Duval,1083,28,0,30.33225875,-81.66976468,12031.0,1055,1077,26,0,1051,1084,950181,6,2,0,4,-7
2020-05-07,US,Florida,Escambia,616,16,0,30.67652764,-87.37284571,12033.0,600,604,15,0,589,598,315534,12,1,0,11,6
2020-05-07,US,Florida,Flagler,145,4,0,29.45933576,-81.31508595,12035.0,141,142,4,0,138,141,112067,3,0,0,3,1
2020-05-07,US,Florida,Franklin,2,0,0,29.83791238,-84.82731662,12037.0,2,2,0,0,2,2,11736,0,0,0,0,0
2020-05-07,US,Florida,Gadsden,121,0,0,30.57796289,-84.61915825,12039.0,121,120,0,0,120,115,45894,1,0,0,1,5
2020-05-07,US,Florida,Gilchrist,6,0,0,29.72856978,-82.79880657,12041.0,6,6,0,0,6,6,18256,0,0,0,0,0
2020-05-07,US,Florida,Glades,6,1,0,26.95635849,-81.18996211,12043.0,5,6,1,0,5,6,13724,0,0,0,0,0
2020-05-07,US,Florida,Gulf,1,0,0,29.93543004,-85.24270990000002,12045.0,1,1,0,0,1,1,16164,0,0,0,0,0
2020-05-07,US,Florida,Hamilton,7,0,0,30.49673973,-82.94998918,12047.0,7,7,0,0,7,7,14310,0,0,0,0,0
2020-05-07,US,Florida,Hardee,35,0,0,27.49293939,-81.80956574,12049.0,35,34,0,0,34,34,27245,1,0,0,1,0
2020-05-07,US,Florida,Hendry,129,5,0,26.55386945,-81.16469006,12051.0,124,120,5,0,115,115,41556,9,0,0,9,5
2020-05-07,US,Florida,Hernando,97,5,0,28.55364461,-82.42700204,12053.0,92,97,5,0,92,96,190865,0,0,0,0,1
2020-05-07,US,Florida,Highlands,90,7,0,27.34254618,-81.34071957,12055.0,83,87,7,0,80,88,105424,3,0,0,3,-1
2020-05-07,US,Florida,Hillsborough,1364,36,0,27.9276559,-82.32013172,12057.0,1328,1331,33,0,1298,1324,1436888,33,3,0,30,7
2020-05-07,US,Florida,Holmes,10,0,0,30.86747479,-85.81319222,12059.0,10,10,0,0,10,10,19477,0,0,0,0,0
2020-05-07,US,Florida,Indian River,99,8,0,27.69308961,-80.60556721,12061.0,91,99,8,0,91,99,157413,0,0,0,0,0
2020-05-07,US,Florida,Jackson,31,0,0,30.7954597,-85.21500423,12063.0,31,23,0,0,23,15,48305,8,0,0,8,8
2020-05-07,US,Florida,Jefferson,28,2,0,30.43669112,-83.89442308,12065.0,26,28,2,0,26,28,14288,0,0,0,0,0
2020-05-07,US,Florida,Lafayette,3,0,0,29.98484137,-83.18166636,12067.0,3,3,0,0,3,3,8732,0,0,0,0,0
2020-05-07,US,Florida,Lake,237,14,0,28.76202069,-81.7125123,12069.0,223,236,14,0,222,235,356495,1,0,0,1,1
2020-05-07,US,Florida,Lee,1212,54,0,26.58410348,-81.88399313,12071.0,1158,1176,54,0,1122,1160,754610,36,0,0,36,16
2020-05-07,US,Florida,Leon,249,6,0,30.45955727,-84.27491114,12073.0,243,243,6,0,237,243,292502,6,0,0,6,0
2020-05-07,US,Florida,Levy,20,0,0,29.31829741,-82.74007147,12075.0,20,20,0,0,20,20,40770,0,0,0,0,0
2020-05-07,US,Florida,Liberty,114,0,0,30.23766008,-84.8829258,12077.0,114,70,0,0,70,60,8457,44,0,0,44,10
2020-05-07,US,Florida,Madison,61,3,0,30.44396917,-83.47398594,12079.0,58,61,3,0,58,61,18529,0,0,0,0,0
2020-05-07,US,Florida,Manatee,737,68,0,27.47196942,-82.31831044,12081.0,669,722,64,0,658,684,394855,15,4,0,11,38
2020-05-07,US,Florida,Marion,202,5,0,29.21227113,-82.05803627,12083.0,197,196,5,0,191,193,359977,6,0,0,6,3
2020-05-07,US,Florida,Martin,233,6,0,27.0772071,-80.43109784,12085.0,227,224,6,0,218,218,160912,9,0,0,9,6
2020-05-07,US,Florida,Miami-Dade,13585,454,0,25.6112362,-80.55170587,12086.0,13131,13371,432,0,12939,13224,2761581,214,22,0,192,147
2020-05-07,US,Florida,Monroe,80,3,0,25.20904673,-81.07812416,12087.0,77,80,3,0,77,80,75027,0,0,0,0,0
2020-05-07,US,Florida,Nassau,60,1,0,30.61037141,-81.80297522,12089.0,59,60,1,0,59,59,85832,0,0,0,0,1
2020-05-07,US,Florida,Okaloosa,163,5,0,30.69143028,-86.59267105,12091.0,158,162,5,0,157,161,207269,1,0,0,1,1
2020-05-07,US,Florida,Okeechobee,22,0,0,27.386336199999995,-80.88944347,12093.0,22,18,0,0,18,17,41537,4,0,0,4,1
2020-05-07,US,Florida,Orange,1474,36,0,28.51367621,-81.31799498,12095.0,1438,1460,36,0,1424,1446,1380645,14,0,0,14,14
2020-05-07,US,Florida,Osceola,544,11,0,28.06312234,-81.14882926,12097.0,533,529,11,0,518,514,367990,15,0,0,15,15
2020-05-07,US,Florida,Palm Beach,3587,222,0,26.64676272,-80.46536002,12099.0,3365,3480,215,0,3265,3390,1485941,107,7,0,100,90
2020-05-07,US,Florida,Pasco,289,9,0,28.30810945,-82.40227529,12101.0,280,285,8,0,277,284,539630,4,1,0,3,1
2020-05-07,US,Florida,Pinellas,820,56,0,27.93130349,-82.72239666,12103.0,764,801,50,0,751,788,975280,19,6,0,13,13
2020-05-07,US,Florida,Polk,594,30,0,27.95027105,-81.69732947,12105.0,564,564,30,0,534,547,708009,30,0,0,30,17
2020-05-07,US,Florida,Putnam,120,4,0,29.60779729,-81.74230285,12107.0,116,120,4,0,116,120,74163,0,0,0,0,0
2020-05-07,US,Florida,Santa Rosa,160,8,0,30.69341450000001,-87.02458128,12113.0,152,158,8,0,150,158,179349,2,0,0,2,0
2020-05-07,US,Florida,Sarasota,412,51,0,27.18546175,-82.33174248,12115.0,361,405,49,0,356,395,426718,7,2,0,5,10
2020-05-07,US,Florida,Seminole,410,8,0,28.7158582,-81.24060348,12117.0,402,408,8,0,400,403,467832,2,0,0,2,5
2020-05-07,US,Florida,St. Johns,222,4,0,29.90096506,-81.43589967,12109.0,218,216,4,0,212,214,254261,6,0,0,6,2
2020-05-07,US,Florida,St. Lucie,271,25,0,27.37763908,-80.47106649,12111.0,246,265,25,0,240,259,321128,6,0,0,6,6
2020-05-07,US,Florida,Sumter,238,14,0,28.70181754,-82.0794267,12119.0,224,234,14,0,220,236,128754,4,0,0,4,-2
2020-05-07,US,Florida,Suwannee,144,17,0,30.19746066,-82.99099670000003,12121.0,127,143,17,0,126,142,44191,1,0,0,1,1
2020-05-07,US,Florida,Taylor,3,0,0,30.04848048,-83.60445406,12123.0,3,3,0,0,3,3,21623,0,0,0,0,0
2020-05-07,US,Florida,Unassigned,33,0,0,0.0,0.0,90012.0,33,31,0,0,31,17,,2,0,0,2,14
2020-05-07,US,Florida,Union,5,0,0,30.04412971,-82.37497443,12125.0,5,5,0,0,5,5,14940,0,0,0,0,0
2020-05-07,US,Florida,Volusia,534,27,0,29.05858895,-81.18263252,12127.0,507,526,27,0,499,521,547538,8,0,0,8,5
2020-05-07,US,Florida,Wakulla,29,1,0,30.16548905,-84.39895211,12129.0,28,29,1,0,28,29,32461,0,0,0,0,0
2020-05-07,US,Florida,Walton,50,1,0,30.64204028,-86.16935664,12131.0,49,51,1,0,50,50,71375,-1,0,0,-1,1
2020-05-07,US,Florida,Washington,12,0,0,30.61359259,-85.66002461,12133.0,12,12,0,0,12,12,24880,0,0,0,0,0
2020-05-07,US,Georgia,Appling,88,10,0,31.74847232,-82.28909114,13001.0,78,78,10,0,68,77,18507,10,0,0,10,1
2020-05-07,US,Georgia,Atkinson,20,1,0,31.29633502,-82.87545866,13003.0,19,17,1,0,16,14,8297,3,0,0,3,3
2020-05-07,US,Georgia,Bacon,32,1,0,31.55456473,-82.45936528,13005.0,31,29,1,0,28,28,11185,3,0,0,3,1
2020-05-07,US,Georgia,Baker,29,2,0,31.32669878,-84.44218806,13007.0,27,28,2,0,26,26,3092,1,0,0,1,2
2020-05-07,US,Georgia,Baldwin,270,10,0,33.06882326,-83.24701748,13009.0,260,263,10,0,253,260,44823,7,0,0,7,3
2020-05-07,US,Georgia,Banks,35,0,0,34.35607081,-83.49644388,13011.0,35,32,0,0,32,29,18988,3,0,0,3,3
2020-05-07,US,Georgia,Barrow,191,5,0,33.99148694,-83.71436292,13013.0,186,197,5,0,192,177,80809,-6,0,0,-6,20
2020-05-07,US,Georgia,Bartow,360,32,0,34.23732119,-84.83887523,13015.0,328,359,32,0,327,350,106408,1,0,0,1,9
2020-05-07,US,Georgia,Ben Hill,38,0,0,31.76095874,-83.22145359,13017.0,38,36,0,0,36,29,16787,2,0,0,2,7
2020-05-07,US,Georgia,Berrien,19,0,0,31.27590016,-83.22529920000002,13019.0,19,19,0,0,19,17,19252,0,0,0,0,2
2020-05-07,US,Georgia,Bibb,379,14,0,32.80904227,-83.70489165,13021.0,365,367,14,0,353,351,153095,12,0,0,12,16
2020-05-07,US,Georgia,Bleckley,22,0,0,32.43829035,-83.33035166,13023.0,22,21,0,0,21,21,12838,1,0,0,1,0
2020-05-07,US,Georgia,Brantley,23,2,0,31.19576557,-81.97743999,13025.0,21,22,2,0,20,22,18897,1,0,0,1,0
2020-05-07,US,Georgia,Brooks,64,7,0,30.83922642,-83.58303423,13027.0,57,64,7,0,57,63,15513,0,0,0,0,1
2020-05-07,US,Georgia,Bryan,57,4,0,32.00979311,-81.44002948,13029.0,53,57,4,0,53,56,38109,0,0,0,0,1
2020-05-07,US,Georgia,Bulloch,41,2,0,32.39577406,-81.74811421,13031.0,39,42,2,0,40,43,77296,-1,0,0,-1,-1
2020-05-07,US,Georgia,Burke,90,3,0,33.05917989,-81.99928721,13033.0,87,89,3,0,86,88,22423,1,0,0,1,1
2020-05-07,US,Georgia,Butts,167,17,0,33.283094500000004,-83.95435040000002,13035.0,150,163,17,0,146,158,24193,4,0,0,4,5
2020-05-07,US,Georgia,Calhoun,110,5,0,31.53169785,-84.62725131,13037.0,105,109,4,0,105,107,6352,1,1,0,0,2
2020-05-07,US,Georgia,Camden,35,1,0,30.92951916,-81.66601818,13039.0,34,34,1,0,33,34,53677,1,0,0,1,0
2020-05-07,US,Georgia,Candler,7,0,0,32.40209349,-82.07702563,13043.0,7,7,0,0,7,7,10836,0,0,0,0,0
2020-05-07,US,Georgia,Carroll,389,16,0,33.58138199,-85.07976677,13045.0,373,391,15,0,376,387,118121,-2,1,0,-3,4
2020-05-07,US,Georgia,Catoosa,52,0,0,34.89872298,-85.13757014,13047.0,52,52,0,0,52,52,67420,0,0,0,0,0
2020-05-07,US,Georgia,Charlton,14,0,0,30.78371028,-82.13951596,13049.0,14,13,0,0,13,13,12968,1,0,0,1,0
2020-05-07,US,Georgia,Chatham,285,12,0,32.00043026,-81.12489526,13051.0,273,282,12,0,270,267,289195,3,0,0,3,15
2020-05-07,US,Georgia,Chattahoochee,13,0,0,32.34341231,-84.78809239,13053.0,13,12,0,0,12,13,10684,1,0,0,1,-1
2020-05-07,US,Georgia,Chattooga,16,2,0,34.47197698,-85.34535662,13055.0,14,15,2,0,13,15,24790,1,0,0,1,0
2020-05-07,US,Georgia,Cherokee,569,17,0,34.24393976,-84.47431861,13057.0,552,544,16,0,528,517,254149,25,1,0,24,27
2020-05-07,US,Georgia,Clarke,176,13,0,33.95436462,-83.37124007,13059.0,163,174,13,0,161,168,127330,2,0,0,2,6
2020-05-07,US,Georgia,Clay,27,3,0,31.62221166,-84.97713865,13061.0,24,27,3,0,24,25,2887,0,0,0,0,2
2020-05-07,US,Georgia,Clayton,878,34,0,33.54187245,-84.35594188,13063.0,844,849,33,0,816,813,289615,29,1,0,28,36
2020-05-07,US,Georgia,Clinch,16,0,0,30.91395822,-82.70432472,13065.0,16,16,0,0,16,15,6648,0,0,0,0,1
2020-05-07,US,Georgia,Cobb,2024,108,0,33.94243204,-84.5761255,13067.0,1916,1999,107,0,1892,1886,756865,25,1,0,24,113
2020-05-07,US,Georgia,Coffee,165,8,0,31.54892966,-82.85492059999999,13069.0,157,159,8,0,151,154,43093,6,0,0,6,5
2020-05-07,US,Georgia,Colquitt,201,10,0,31.18810588,-83.7677946,13071.0,191,198,10,0,188,194,45592,3,0,0,3,4
2020-05-07,US,Georgia,Columbia,170,5,0,33.54534185,-82.263524,13073.0,165,170,5,0,165,169,154291,0,0,0,0,1
2020-05-07,US,Georgia,Cook,31,1,0,31.16068491,-83.42947229,13075.0,30,31,1,0,30,28,17162,0,0,0,0,3
2020-05-07,US,Georgia,Coweta,257,4,0,33.35334302,-84.76129976,13077.0,253,247,4,0,243,244,145864,10,0,0,10,3
2020-05-07,US,Georgia,Crawford,19,0,0,32.71391813,-83.98061238,13079.0,19,19,0,0,19,19,12318,0,0,0,0,0
2020-05-07,US,Georgia,Crisp,181,6,0,31.92289565,-83.76811843,13081.0,175,178,6,0,172,175,22601,3,0,0,3,3
2020-05-07,US,Georgia,Dade,16,1,0,34.854916700000004,-85.50490424,13083.0,15,17,1,0,16,16,16226,-1,0,0,-1,1
2020-05-07,US,Georgia,Dawson,73,1,0,34.44244079,-84.16964071,13085.0,72,72,1,0,71,67,25083,1,0,0,1,5
2020-05-07,US,Georgia,DeKalb,2396,62,0,33.76944049,-84.22396017,13089.0,2334,2357,61,0,2296,2284,756558,39,1,0,38,73
2020-05-07,US,Georgia,Decatur,105,2,0,30.87967778,-84.57619536,13087.0,103,105,2,0,103,96,26575,0,0,0,0,9
2020-05-07,US,Georgia,Dodge,31,1,0,32.17265114,-83.16948926,13091.0,30,32,1,0,31,31,20705,-1,0,0,-1,1
2020-05-07,US,Georgia,Dooly,135,13,0,32.15630737,-83.79746561,13093.0,122,133,11,0,122,132,13706,2,2,0,0,1
2020-05-07,US,Georgia,Dougherty,1566,126,0,31.53328528,-84.21722377,13095.0,1440,1555,126,0,1429,1550,91243,11,0,0,11,5
2020-05-07,US,Georgia,Douglas,366,11,0,33.70291126,-84.77026156,13097.0,355,363,11,0,352,353,145331,3,0,0,3,10
2020-05-07,US,Georgia,Early,224,26,0,31.32155345,-84.90255207,13099.0,198,221,25,0,196,223,10247,3,1,0,2,-2
2020-05-07,US,Georgia,Echols,6,0,0,30.71101099,-82.89687287,13101.0,6,5,0,0,5,5,4000,1,0,0,1,0
2020-05-07,US,Georgia,Effingham,38,1,0,32.36616021,-81.34280942,13103.0,37,38,1,0,37,38,62190,0,0,0,0,0
2020-05-07,US,Georgia,Elbert,34,0,0,34.11302332,-82.83936148,13105.0,34,33,0,0,33,32,19120,1,0,0,1,1
2020-05-07,US,Georgia,Emanuel,23,0,0,32.59221302,-82.30239915,13107.0,23,22,0,0,22,22,22612,1,0,0,1,0
2020-05-07,US,Georgia,Evans,5,0,0,32.15328841,-81.8870105,13109.0,5,5,0,0,5,5,10721,0,0,0,0,0
2020-05-07,US,Georgia,Fannin,34,1,0,34.86430205,-84.316964,13111.0,33,33,1,0,32,32,25964,1,0,0,1,1
2020-05-07,US,Georgia,Fayette,191,12,0,33.41357794,-84.49089434,13113.0,179,188,11,0,177,189,113459,3,1,0,2,-1
2020-05-07,US,Georgia,Floyd,155,12,0,34.26268279,-85.21577392,13115.0,143,152,11,0,141,151,97927,3,1,0,2,1
2020-05-07,US,Georgia,Forsyth,361,10,0,34.22604035,-84.12315129999998,13117.0,351,356,10,0,346,347,236612,5,0,0,5,9
2020-05-07,US,Georgia,Franklin,25,1,0,34.37525597,-83.23159927,13119.0,24,25,1,0,24,24,23023,0,0,0,0,1
2020-05-07,US,Georgia,Fulton,3258,137,0,33.79216944,-84.46319413,13121.0,3121,3251,135,0,3116,3164,1050114,7,2,0,5,87
2020-05-07,US,Georgia,Gilmer,89,0,0,34.69316688,-84.45802506,13123.0,89,83,0,0,83,77,30816,6,0,0,6,6
2020-05-07,US,Georgia,Glascock,1,1,0,33.22879932,-82.61297636,13125.0,0,,,,,,2995,,,,,
2020-05-07,US,Georgia,Glynn,71,1,0,31.23279254,-81.53811412,13127.0,70,68,1,0,67,60,85219,3,0,0,3,8
2020-05-07,US,Georgia,Gordon,120,15,0,34.50487351,-84.87296253,13129.0,105,118,14,0,104,117,57685,2,1,0,1,1
2020-05-07,US,Georgia,Grady,80,4,0,30.87454847,-84.23418364,13131.0,76,75,4,0,71,63,24748,5,0,0,5,12
2020-05-07,US,Georgia,Greene,56,5,0,33.5769205,-83.17139104,13133.0,51,55,5,0,50,57,17698,1,0,0,1,-2
2020-05-07,US,Georgia,Gwinnett,2253,84,0,33.96044201,-84.02137802,13135.0,2169,2222,81,0,2141,2102,927781,31,3,0,28,120
2020-05-07,US,Georgia,Habersham,383,15,0,34.63331566,-83.53094677,13137.0,368,376,12,0,364,362,45388,7,3,0,4,14
2020-05-07,US,Georgia,Hall,1958,27,0,34.32207823,-83.81896936,13139.0,1931,1914,27,0,1887,1846,202148,44,0,0,44,68
2020-05-07,US,Georgia,Hancock,117,3,0,33.2721566,-82.99766919,13141.0,114,110,2,0,108,67,8348,7,1,0,6,43
2020-05-07,US,Georgia,Haralson,32,2,0,33.79602175,-85.21005667,13143.0,30,31,2,0,29,30,29533,1,0,0,1,1
2020-05-07,US,Georgia,Harris,61,2,0,32.73709786,-84.90538572,13145.0,59,60,2,0,58,60,34475,1,0,0,1,0
2020-05-07,US,Georgia,Hart,15,0,0,34.34626973,-82.96567682,13147.0,15,15,0,0,15,13,26099,0,0,0,0,2
2020-05-07,US,Georgia,Heard,14,1,0,33.29686567,-85.12886832,13149.0,13,14,1,0,13,14,11879,0,0,0,0,0
2020-05-07,US,Georgia,Henry,559,14,0,33.4533428,-84.14814659999998,13151.0,545,546,14,0,532,528,230220,13,0,0,13,18
2020-05-07,US,Georgia,Houston,281,15,0,32.45802497,-83.66879087,13153.0,266,274,14,0,260,267,155469,7,1,0,6,7
2020-05-07,US,Georgia,Irwin,21,1,0,31.60213036,-83.27501387,13155.0,20,20,1,0,19,19,9398,1,0,0,1,1
2020-05-07,US,Georgia,Jackson,119,3,0,34.13794553,-83.56814788,13157.0,116,117,3,0,114,116,70422,2,0,0,2,1
2020-05-07,US,Georgia,Jasper,26,0,0,33.31535543,-83.68844964,13159.0,26,26,0,0,26,25,14040,0,0,0,0,1
2020-05-07,US,Georgia,Jeff Davis,22,1,0,31.80405727,-82.63724870000001,13161.0,21,22,1,0,21,22,15029,0,0,0,0,0
2020-05-07,US,Georgia,Jefferson,17,1,0,33.05867328,-82.41609057,13163.0,16,17,1,0,16,16,15430,0,0,0,0,1
2020-05-07,US,Georgia,Jenkins,17,1,0,32.79248718,-81.96040187,13165.0,16,17,1,0,16,17,8683,0,0,0,0,0
2020-05-07,US,Georgia,Johnson,64,2,0,32.70211082,-82.66166794,13167.0,62,64,2,0,62,64,9708,0,0,0,0,0
2020-05-07,US,Georgia,Jones,31,0,0,33.02512137,-83.56019163,13169.0,31,31,0,0,31,31,28616,0,0,0,0,0
2020-05-07,US,Georgia,Lamar,38,1,0,33.07841647,-84.14263877,13171.0,37,39,1,0,38,39,19000,-1,0,0,-1,0
2020-05-07,US,Georgia,Lanier,10,1,0,31.03828570000001,-83.06472457,13173.0,9,10,1,0,9,10,10340,0,0,0,0,0
2020-05-07,US,Georgia,Laurens,72,1,0,32.46325233,-82.92221316,13175.0,71,70,1,0,69,68,47325,2,0,0,2,2
2020-05-07,US,Georgia,Lee,339,22,0,31.779330600000005,-84.14324253,13177.0,317,338,22,0,316,333,29764,1,0,0,1,5
2020-05-07,US,Georgia,Liberty,41,0,0,31.82588896,-81.49251135,13179.0,41,39,0,0,39,37,61497,2,0,0,2,2
2020-05-07,US,Georgia,Lincoln,12,0,0,33.79201475,-82.45024131,13181.0,12,12,0,0,12,12,7915,0,0,0,0,0
2020-05-07,US,Georgia,Long,5,0,0,31.75218791,-81.74952375,13183.0,5,5,0,0,5,5,18998,0,0,0,0,0
2020-05-07,US,Georgia,Lowndes,173,4,0,30.83568832,-83.27056716,13185.0,169,170,4,0,166,166,116321,3,0,0,3,4
2020-05-07,US,Georgia,Lumpkin,76,1,0,34.57286511,-84.00425681,13187.0,75,72,1,0,71,69,32955,4,0,0,4,3
2020-05-07,US,Georgia,Macon,81,3,0,32.35207048,-84.04234127,13193.0,78,81,3,0,78,81,13143,0,0,0,0,0
2020-05-07,US,Georgia,Madison,28,1,0,34.12920917,-83.21218732,13195.0,27,27,1,0,26,27,29650,1,0,0,1,0
2020-05-07,US,Georgia,Marion,37,1,0,32.3483402,-84.52733571,13197.0,36,37,1,0,36,37,8351,0,0,0,0,0
2020-05-07,US,Georgia,McDuffie,50,4,0,33.47851918,-82.48252774,13189.0,46,50,4,0,46,49,21531,0,0,0,0,1
2020-05-07,US,Georgia,McIntosh,6,0,0,31.49683595,-81.40163426,13191.0,6,5,0,0,5,6,14340,1,0,0,1,-1
2020-05-07,US,Georgia,Meriwether,61,1,0,33.04163534,-84.68859732,13199.0,60,59,1,0,58,57,21068,2,0,0,2,2
2020-05-07,US,Georgia,Miller,30,0,0,31.16568912,-84.73151117,13201.0,30,30,0,0,30,32,5686,0,0,0,0,-2
2020-05-07,US,Georgia,Mitchell,340,31,0,31.22483255,-84.19381821,13205.0,309,336,31,0,305,331,22192,4,0,0,4,5
2020-05-07,US,Georgia,Monroe,34,4,0,33.014289,-83.92097166,13207.0,30,33,4,0,29,30,27520,1,0,0,1,3
2020-05-07,US,Georgia,Montgomery,2,0,0,32.17201038,-82.53527476,13209.0,2,2,0,0,2,2,9193,0,0,0,0,0
2020-05-07,US,Georgia,Morgan,30,0,0,33.59232073,-83.49129491,13211.0,30,30,0,0,30,30,18853,0,0,0,0,0
2020-05-07,US,Georgia,Murray,41,1,0,34.78897608,-84.74993177,13213.0,40,35,1,0,34,34,39921,6,0,0,6,1
2020-05-07,US,Georgia,Muscogee,354,12,0,32.50931999,-84.87142262,13215.0,342,348,12,0,336,342,194160,6,0,0,6,6
2020-05-07,US,Georgia,Newton,236,8,0,33.55514538,-83.84547140000002,13217.0,228,232,8,0,224,222,109541,4,0,0,4,10
2020-05-07,US,Georgia,Oconee,67,0,0,33.83749973,-83.43679568,13219.0,67,67,0,0,67,67,39272,0,0,0,0,0
2020-05-07,US,Georgia,Oglethorpe,53,3,0,33.878629600000004,-83.08278123,13221.0,50,51,3,0,48,52,15054,2,0,0,2,-1
2020-05-07,US,Georgia,Out of GA,1089,19,0,0.0,0.0,80013.0,1070,1017,18,0,999,1043,,72,1,0,71,-26
2020-05-07,US,Georgia,Paulding,218,10,0,33.91969522,-84.86848792,13223.0,208,212,10,0,202,209,164044,6,0,0,6,3
2020-05-07,US,Georgia,Peach,61,2,0,32.56934316,-83.82937,13225.0,59,61,2,0,59,60,27297,0,0,0,0,1
2020-05-07,US,Georgia,Pickens,31,2,0,34.46589159,-84.46406611,13227.0,29,29,2,0,27,28,31980,2,0,0,2,1
2020-05-07,US,Georgia,Pierce,59,3,0,31.35928155,-82.21598442,13229.0,56,58,3,0,55,57,19389,1,0,0,1,1
2020-05-07,US,Georgia,Pike,41,2,0,33.09310242,-84.38790389,13231.0,39,40,2,0,38,40,18634,1,0,0,1,0
2020-05-07,US,Georgia,Polk,64,0,0,34.00267074,-85.18677781,13233.0,64,64,0,0,64,61,42470,0,0,0,0,3
2020-05-07,US,Georgia,Pulaski,34,1,0,32.23334561,-83.47549959999998,13235.0,33,33,1,0,32,33,11069,1,0,0,1,0
2020-05-07,US,Georgia,Putnam,52,5,0,33.32056115,-83.37552891,13237.0,47,51,5,0,46,49,21809,1,0,0,1,2
2020-05-07,US,Georgia,Quitman,6,1,0,31.86728114,-85.01773177,13239.0,5,6,1,0,5,6,2279,0,0,0,0,0
2020-05-07,US,Georgia,Rabun,13,1,0,34.88389445,-83.40304637,13241.0,12,13,1,0,12,13,16867,0,0,0,0,0
2020-05-07,US,Georgia,Randolph,167,20,0,31.76622818,-84.75732369,13243.0,147,167,20,0,147,165,6833,0,0,0,0,2
2020-05-07,US,Georgia,Richmond,436,15,0,33.35777107,-82.07026432,13245.0,421,429,15,0,414,424,201554,7,0,0,7,5
2020-05-07,US,Georgia,Rockdale,226,7,0,33.65145002,-84.02202167,13247.0,219,223,7,0,216,204,90594,3,0,0,3,19
2020-05-07,US,Georgia,Schley,15,1,0,32.2654021,-84.31258912,13249.0,14,15,1,0,14,16,5236,0,0,0,0,-1
2020-05-07,US,Georgia,Screven,17,1,0,32.74976524,-81.60779441,13251.0,16,16,1,0,15,16,13938,1,0,0,1,0
2020-05-07,US,Georgia,Seminole,33,2,0,30.93464824,-84.86823924,13253.0,31,32,2,0,30,31,8315,1,0,0,1,1
2020-05-07,US,Georgia,Spalding,224,11,0,33.26310031,-84.28013991,13255.0,213,223,11,0,212,222,66100,1,0,0,1,1
2020-05-07,US,Georgia,Stephens,91,1,0,34.55151201,-83.29405315,13257.0,90,91,1,0,90,90,26035,0,0,0,0,1
2020-05-07,US,Georgia,Stewart,27,0,0,32.07996777,-84.83208037,13259.0,27,26,0,0,26,25,6199,1,0,0,1,1
2020-05-07,US,Georgia,Sumter,387,29,0,32.03650571,-84.19821492,13261.0,358,385,29,0,356,392,29733,2,0,0,2,-7
2020-05-07,US,Georgia,Talbot,26,1,0,32.69642758,-84.53351366,13263.0,25,24,1,0,23,25,6272,2,0,0,2,-1
2020-05-07,US,Georgia,Taliaferro,1,0,0,33.56543317,-82.88136816,13265.0,1,1,0,0,1,1,1608,0,0,0,0,0
2020-05-07,US,Georgia,Tattnall,9,0,0,32.04785085,-82.05539188,13267.0,9,9,0,0,9,9,25391,0,0,0,0,0
2020-05-07,US,Georgia,Taylor,18,2,0,32.55792548,-84.25077141,13269.0,16,18,2,0,16,18,8039,0,0,0,0,0
2020-05-07,US,Georgia,Telfair,28,0,0,31.92829517,-82.93491155,13271.0,28,28,0,0,28,28,15876,0,0,0,0,0
2020-05-07,US,Georgia,Terrell,195,21,0,31.77527543,-84.44069698,13273.0,174,193,21,0,172,191,8611,2,0,0,2,2
2020-05-07,US,Georgia,Thomas,227,22,0,30.86392347,-83.91847289,13275.0,205,219,22,0,197,204,44448,8,0,0,8,15
2020-05-07,US,Georgia,Tift,139,6,0,31.45743864,-83.5236119,13277.0,133,136,6,0,130,132,40571,3,0,0,3,4
2020-05-07,US,Georgia,Toombs,39,3,0,32.12059861,-82.32957247,13279.0,36,37,3,0,34,34,26887,2,0,0,2,3
2020-05-07,US,Georgia,Towns,20,1,0,34.91369188,-83.74107459999998,13281.0,19,20,1,0,19,20,11852,0,0,0,0,0
2020-05-07,US,Georgia,Treutlen,5,0,0,32.40422134,-82.56904553,13283.0,5,4,0,0,4,3,6809,1,0,0,1,1
2020-05-07,US,Georgia,Troup,171,5,0,33.03349196,-85.02812115,13285.0,166,168,5,0,163,163,70034,3,0,0,3,5
2020-05-07,US,Georgia,Turner,73,11,0,31.71612656,-83.62069378,13287.0,62,71,10,0,61,70,7912,2,1,0,1,1
2020-05-07,US,Georgia,Twiggs,8,0,0,32.67435595,-83.43078662,13289.0,8,8,0,0,8,8,8188,0,0,0,0,0
2020-05-07,US,Georgia,Unassigned,850,0,0,0.0,0.0,90013.0,850,528,0,0,528,686,,322,0,0,322,-158
2020-05-07,US,Georgia,Union,33,1,0,34.82995757,-83.98967069,13291.0,32,32,1,0,31,32,24001,1,0,0,1,0
2020-05-07,US,Georgia,Upson,246,24,0,32.87920671,-84.30024826,13293.0,222,245,23,0,222,243,26215,1,1,0,0,2
2020-05-07,US,Georgia,Walker,61,0,0,34.73376362,-85.30165174,13295.0,61,61,0,0,61,61,69410,0,0,0,0,0
2020-05-07,US,Georgia,Walton,148,5,0,33.78017694,-83.73552314,13297.0,143,143,5,0,138,139,93503,5,0,0,5,4
2020-05-07,US,Georgia,Ware,148,13,0,31.05449097,-82.42224148,13299.0,135,145,13,0,132,142,35680,3,0,0,3,3
2020-05-07,US,Georgia,Warren,13,0,0,33.41146451,-82.67795848,13301.0,13,13,0,0,13,13,5251,0,0,0,0,0
2020-05-07,US,Georgia,Washington,51,1,0,32.96711864,-82.79357039,13303.0,50,46,1,0,45,43,20386,5,0,0,5,3
2020-05-07,US,Georgia,Wayne,13,0,0,31.5521809,-81.91894878,13305.0,13,13,0,0,13,13,29808,0,0,0,0,0
2020-05-07,US,Georgia,Webster,10,2,0,32.04066113,-84.54742852,13307.0,8,10,2,0,8,10,2611,0,0,0,0,0
2020-05-07,US,Georgia,Wheeler,5,0,0,32.12009104,-82.72574721,13309.0,5,5,0,0,5,5,7879,0,0,0,0,0
2020-05-07,US,Georgia,White,87,2,0,34.64624278,-83.74905525,13311.0,85,83,1,0,82,83,29970,4,1,0,3,0
2020-05-07,US,Georgia,Whitfield,141,6,0,34.80987459,-84.96093476,13313.0,135,135,6,0,129,131,104062,6,0,0,6,4
2020-05-07,US,Georgia,Wilcox,92,12,0,31.97496928,-83.43438555,13315.0,80,90,12,0,78,90,8812,2,0,0,2,0
2020-05-07,US,Georgia,Wilkes,26,0,0,33.78290391,-82.74286107,13317.0,26,26,0,0,26,26,9876,0,0,0,0,0
2020-05-07,US,Georgia,Wilkinson,40,2,0,32.80291082,-83.17140684,13319.0,38,41,2,0,39,35,9036,-1,0,0,-1,6
2020-05-07,US,Georgia,Worth,179,13,0,31.55162306,-83.85090513,13321.0,166,175,12,0,163,173,20299,4,1,0,3,2
2020-05-07,US,Hawaii,Hawaii,74,0,0,19.60121157,-155.5210167,15001.0,74,74,0,0,74,74,200983,0,0,0,0,0
2020-05-07,US,Hawaii,Honolulu,408,11,0,21.45803166,-157.97121819999995,15003.0,397,405,11,0,394,404,980080,3,0,0,3,1
2020-05-07,US,Hawaii,Kauai,21,0,0,22.03935037,-159.5966786,15007.0,21,21,0,0,21,21,72133,0,0,0,0,0
2020-05-07,US,Hawaii,Maui,116,6,0,20.86399628,-156.56890969999995,15009.0,110,116,6,0,110,116,167207,0,0,0,0,0
2020-05-07,US,Hawaii,Out of HI,10,0,0,0.0,0.0,80015.0,10,10,0,0,10,10,,0,0,0,0,0
2020-05-07,US,Idaho,Ada,721,19,0,43.4526575,-116.24155159999998,16001.0,702,717,19,0,698,713,469966,4,0,0,4,4
2020-05-07,US,Idaho,Adams,3,0,0,44.89333571,-116.4545247,16003.0,3,3,0,0,3,3,4250,0,0,0,0,0
2020-05-07,US,Idaho,Bannock,12,0,0,42.67002716,-112.2233311,16005.0,12,12,0,0,12,11,87138,0,0,0,0,1
2020-05-07,US,Idaho,Bingham,4,0,0,43.21672879999999,-112.3978437,16011.0,4,4,0,0,4,4,46236,0,0,0,0,0
2020-05-07,US,Idaho,Blaine,499,5,0,43.4085812,-113.9752658,16013.0,494,499,5,0,494,499,22601,0,0,0,0,0
2020-05-07,US,Idaho,Bonner,4,0,0,48.29996017,-116.6017932,16017.0,4,4,0,0,4,4,44727,0,0,0,0,0
2020-05-07,US,Idaho,Bonneville,28,0,0,43.38713372,-111.6161537,16019.0,28,28,0,0,28,28,116854,0,0,0,0,0
2020-05-07,US,Idaho,Camas,1,0,0,43.46665742,-114.8065892,16025.0,1,1,0,0,1,1,1127,0,0,0,0,0
2020-05-07,US,Idaho,Canyon,272,6,0,43.61970148,-116.7095499,16027.0,266,270,6,0,264,266,223499,2,0,0,2,4
2020-05-07,US,Idaho,Caribou,1,0,0,42.77149116,-111.5597683,16029.0,1,1,0,0,1,1,7060,0,0,0,0,0
2020-05-07,US,Idaho,Cassia,13,1,0,42.28347888,-113.6012409,16031.0,12,13,1,0,12,13,23864,0,0,0,0,0
2020-05-07,US,Idaho,Custer,2,0,0,44.24186819,-114.2855494,16037.0,2,2,0,0,2,2,4280,0,0,0,0,0
2020-05-07,US,Idaho,Elmore,31,2,0,43.3507101,-115.4701578,16039.0,29,31,2,0,29,30,27259,0,0,0,0,1
2020-05-07,US,Idaho,Fremont,3,0,0,44.22800938,-111.4809943,16043.0,3,3,0,0,3,3,13168,0,0,0,0,0
2020-05-07,US,Idaho,Gem,14,0,0,44.06482372,-116.398376,16045.0,14,14,0,0,14,14,17634,0,0,0,0,0
2020-05-07,US,Idaho,Gooding,16,0,0,42.96927962,-114.8108306,16047.0,16,14,0,0,14,13,15196,2,0,0,2,1
2020-05-07,US,Idaho,Idaho,3,0,0,45.84721541,-115.4634436,16049.0,3,3,0,0,3,3,16513,0,0,0,0,0
2020-05-07,US,Idaho,Jefferson,5,0,0,43.82078483,-112.3131749,16051.0,5,5,0,0,5,5,29439,0,0,0,0,0
2020-05-07,US,Idaho,Jerome,65,2,0,42.68891267,-114.2655033,16053.0,63,64,2,0,62,61,24015,1,0,0,1,3
2020-05-07,US,Idaho,Kootenai,62,0,0,47.67282258,-116.7020872,16055.0,62,62,0,0,62,62,161505,0,0,0,0,0
2020-05-07,US,Idaho,Latah,5,0,0,46.81587887,-116.7113698,16057.0,5,5,0,0,5,5,40134,0,0,0,0,0
2020-05-07,US,Idaho,Lemhi,1,0,0,44.9438088,-113.9309747,16059.0,1,1,0,0,1,1,7961,0,0,0,0,0
2020-05-07,US,Idaho,Lincoln,29,0,0,43.0012336,-114.1358773,16063.0,29,29,0,0,29,29,5360,0,0,0,0,0
2020-05-07,US,Idaho,Madison,16,0,0,43.78141028,-111.65384740000002,16065.0,16,13,0,0,13,13,39304,3,0,0,3,0
2020-05-07,US,Idaho,Minidoka,11,0,0,42.85518524,-113.6357257,16067.0,11,11,0,0,11,11,20825,0,0,0,0,0
2020-05-07,US,Idaho,Nez Perce,78,19,0,46.32638236,-116.7500975,16069.0,59,78,18,0,60,74,40408,0,1,0,-1,4
2020-05-07,US,Idaho,Owyhee,8,0,0,42.58016894,-116.1693871,16073.0,8,8,0,0,8,8,11693,0,0,0,0,0
2020-05-07,US,Idaho,Payette,17,2,0,44.00545243,-116.7647695,16075.0,15,17,2,0,15,17,23551,0,0,0,0,0
2020-05-07,US,Idaho,Power,2,0,0,42.69254894,-112.83957420000002,16077.0,2,2,0,0,2,2,7768,0,0,0,0,0
2020-05-07,US,Idaho,Teton,10,0,0,43.75303583,-111.2056773,16081.0,10,10,0,0,10,10,11640,0,0,0,0,0
2020-05-07,US,Idaho,Twin Falls,239,11,0,42.35440512,-114.6685381,16083.0,228,231,11,0,220,218,86081,8,0,0,8,13
2020-05-07,US,Idaho,Valley,2,0,0,44.76728382,-115.5676773,16085.0,2,2,0,0,2,2,11041,0,0,0,0,0
2020-05-07,US,Idaho,Washington,1,0,0,44.45275475,-116.7847688,16087.0,1,1,0,0,1,1,10161,0,0,0,0,0
2020-05-07,US,Illinois,Adams,40,1,0,39.98815591,-91.18786813,17001.0,39,40,1,0,39,40,65691,0,0,0,0,0
2020-05-07,US,Illinois,Alexander,6,0,0,37.18049267,-89.32910838,17003.0,6,6,0,0,6,4,6060,0,0,0,0,2
2020-05-07,US,Illinois,Bond,8,1,0,38.88829622,-89.43534887,17005.0,7,8,1,0,7,7,16630,0,0,0,0,1
2020-05-07,US,Illinois,Boone,168,11,0,42.32359279,-88.82345779,17007.0,157,155,10,0,145,146,53577,13,1,0,12,9
2020-05-07,US,Illinois,Brown,6,0,0,39.96209138,-90.75068024,17009.0,6,6,0,0,6,2,6556,0,0,0,0,4
2020-05-07,US,Illinois,Bureau,12,1,0,41.40385234,-89.5283051,17011.0,11,12,1,0,11,12,32993,0,0,0,0,0
2020-05-07,US,Illinois,Calhoun,1,0,0,39.16840183,-90.66330078,17013.0,1,1,0,0,1,1,4802,0,0,0,0,0
2020-05-07,US,Illinois,Carroll,10,2,0,42.06823429,-89.93395545,17015.0,8,10,2,0,8,10,14312,0,0,0,0,0
2020-05-07,US,Illinois,Cass,50,0,0,39.96991073,-90.24734436,17017.0,50,48,0,0,48,42,12260,2,0,0,2,6
2020-05-07,US,Illinois,Champaign,229,6,0,40.13919438,-88.20046615,17019.0,223,212,6,0,206,212,209983,17,0,0,17,0
2020-05-07,US,Illinois,Christian,27,4,0,39.54581621,-89.27780482,17021.0,23,28,4,0,24,28,32661,-1,0,0,-1,0
2020-05-07,US,Illinois,Clark,5,0,0,39.33425789,-87.78705622,17023.0,5,5,0,0,5,5,15596,0,0,0,0,0
2020-05-07,US,Illinois,Clay,2,0,0,38.75388572,-88.48914513,17025.0,2,2,0,0,2,2,13253,0,0,0,0,0
2020-05-07,US,Illinois,Clinton,122,8,0,38.60704876,-89.42385254,17027.0,114,116,7,0,109,115,37639,6,1,0,5,1
2020-05-07,US,Illinois,Coles,22,1,0,39.51949084,-88.22358557,17029.0,21,22,1,0,21,22,50885,0,0,0,0,0
2020-05-07,US,Illinois,Cook,48341,2110,0,41.84144849,-87.81658794,17031.0,46231,46689,2004,0,44685,45223,5180493,1652,106,0,1546,1466
2020-05-07,US,Illinois,Crawford,10,0,0,39.0032229,-87.75954624,17033.0,10,10,0,0,10,8,18807,0,0,0,0,2
2020-05-07,US,Illinois,Cumberland,4,0,0,39.27432424,-88.2401158,17035.0,4,4,0,0,4,4,10808,0,0,0,0,0
2020-05-07,US,Illinois,De Witt,3,0,0,40.17514519,-88.90959682,17039.0,3,3,0,0,3,3,15769,0,0,0,0,0
2020-05-07,US,Illinois,DeKalb,149,1,0,41.89373302,-88.76958483,17037.0,148,141,1,0,140,132,104143,8,0,0,8,9
2020-05-07,US,Illinois,Douglas,20,0,0,39.76768052,-88.21854195,17041.0,20,20,0,0,20,20,19479,0,0,0,0,0
2020-05-07,US,Illinois,DuPage,4213,228,0,41.85116968,-88.08642662,17043.0,3985,4056,220,0,3836,3918,928589,157,8,0,149,138
2020-05-07,US,Illinois,Effingham,5,1,0,39.05935711,-88.58969584,17049.0,4,5,1,0,4,5,34208,0,0,0,0,0
2020-05-07,US,Illinois,Fayette,17,2,0,39.00072038,-89.02452658,17051.0,15,16,2,0,14,16,21416,1,0,0,1,0
2020-05-07,US,Illinois,Ford,12,1,0,40.59706922,-88.22350769,17053.0,11,11,1,0,10,11,13264,1,0,0,1,0
2020-05-07,US,Illinois,Franklin,10,0,0,37.99189086,-88.92567818,17055.0,10,10,0,0,10,10,38701,0,0,0,0,0
2020-05-07,US,Illinois,Fulton,3,0,0,40.47289135,-90.20862357,17057.0,3,3,0,0,3,3,34844,0,0,0,0,0
2020-05-07,US,Illinois,Gallatin,2,0,0,37.76430935,-88.22953869,17059.0,2,2,0,0,2,2,5058,0,0,0,0,0
2020-05-07,US,Illinois,Greene,3,0,0,39.35907414,-90.388865,17061.0,3,3,0,0,3,3,13044,0,0,0,0,0
2020-05-07,US,Illinois,Grundy,50,0,0,41.28569601,-88.41905692,17063.0,50,48,0,0,48,47,50972,2,0,0,2,1
2020-05-07,US,Illinois,Hamilton,2,0,0,38.08163641,-88.53883373,17065.0,2,2,0,0,2,2,8163,0,0,0,0,0
2020-05-07,US,Illinois,Hancock,10,0,0,40.40423981,-91.16313899,17067.0,10,10,0,0,10,9,17844,0,0,0,0,1
2020-05-07,US,Illinois,Hardin,1,0,0,37.51810645,-88.26873022,17069.0,1,1,0,0,1,1,3910,0,0,0,0,0
2020-05-07,US,Illinois,Henderson,5,0,0,40.81908672,-90.92491462,17071.0,5,5,0,0,5,4,6709,0,0,0,0,1
2020-05-07,US,Illinois,Henry,55,0,0,41.3533994,-90.13296166,17073.0,55,54,0,0,54,53,49090,1,0,0,1,1
2020-05-07,US,Illinois,Iroquois,77,1,0,40.74717633,-87.82466784,17075.0,76,62,1,0,61,47,27604,15,0,0,15,15
2020-05-07,US,Illinois,Jackson,157,10,0,37.78595185,-89.38232563,17077.0,147,154,9,0,145,146,57419,3,1,0,2,8
2020-05-07,US,Illinois,Jasper,46,5,0,39.01054275,-88.15437049,17079.0,41,46,5,0,41,48,9611,0,0,0,0,-2
2020-05-07,US,Illinois,Jefferson,88,15,0,38.29980057,-88.9240025,17081.0,73,86,15,0,71,86,37820,2,0,0,2,0
2020-05-07,US,Illinois,Jersey,16,1,0,39.08869046,-90.35393073,17083.0,15,15,1,0,14,14,21847,1,0,0,1,1
2020-05-07,US,Illinois,Jo Daviess,14,0,0,42.36542373,-90.21094405,17085.0,14,14,0,0,14,14,21366,0,0,0,0,0
2020-05-07,US,Illinois,Johnson,4,0,0,37.45939802,-88.88165419,17087.0,4,4,0,0,4,4,12456,0,0,0,0,0
2020-05-07,US,Illinois,Kane,2498,77,0,41.93842729,-88.42861412,17089.0,2421,2331,74,0,2257,2206,534216,167,3,0,164,125
2020-05-07,US,Illinois,Kankakee,428,28,0,41.13746989,-87.86205334,17091.0,400,416,27,0,389,393,110024,12,1,0,11,23
2020-05-07,US,Illinois,Kendall,363,10,0,41.59081014,-88.42869583,17093.0,353,346,10,0,336,334,127915,17,0,0,17,12
2020-05-07,US,Illinois,Knox,63,0,0,40.93148779,-90.21330340000002,17095.0,63,61,0,0,61,56,50112,2,0,0,2,5
2020-05-07,US,Illinois,LaSalle,91,2,0,41.34426129999999,-88.88633881,17099.0,89,84,2,0,82,69,109430,7,0,0,7,15
2020-05-07,US,Illinois,Lake,4762,165,0,42.3224907,-88.00367925,17097.0,4597,4529,162,0,4367,4370,700832,233,3,0,230,159
2020-05-07,US,Illinois,Lawrence,3,0,0,38.71987914,-87.72884035,17101.0,3,3,0,0,3,3,15765,0,0,0,0,0
2020-05-07,US,Illinois,Lee,51,0,0,41.74583951,-89.29977132,17103.0,51,49,0,0,49,41,34223,2,0,0,2,8
2020-05-07,US,Illinois,Livingston,24,1,0,40.89188292,-88.55784752,17105.0,23,23,1,0,22,23,35761,1,0,0,1,0
2020-05-07,US,Illinois,Logan,7,0,0,40.12581572,-89.36638784,17107.0,7,7,0,0,7,7,28925,0,0,0,0,0
2020-05-07,US,Illinois,Macon,133,14,0,39.86064913,-88.96342505,17115.0,119,129,13,0,116,126,104712,4,1,0,3,3
2020-05-07,US,Illinois,Macoupin,39,1,0,39.26119767,-89.92424028,17117.0,38,39,1,0,38,36,45313,0,0,0,0,3
2020-05-07,US,Illinois,Madison,396,28,0,38.83042506,-89.90422563,17119.0,368,374,28,0,346,369,264461,22,0,0,22,5
2020-05-07,US,Illinois,Marion,40,0,0,38.64963204,-88.91899208,17121.0,40,38,0,0,38,36,37620,2,0,0,2,2
2020-05-07,US,Illinois,Marshall,4,0,0,41.0327901,-89.34510444,17123.0,4,4,0,0,4,4,11534,0,0,0,0,0
2020-05-07,US,Illinois,Mason,15,0,0,40.23917274,-89.91824452,17125.0,15,15,0,0,15,14,13565,0,0,0,0,1
2020-05-07,US,Illinois,Massac,5,0,0,37.22078441,-88.71036614,17127.0,5,4,0,0,4,4,14080,1,0,0,1,0
2020-05-07,US,Illinois,McDonough,46,2,0,40.45674722,-90.67775541,17109.0,44,42,2,0,40,37,29955,4,0,0,4,5
2020-05-07,US,Illinois,McHenry,857,44,0,42.32451172,-88.45248227,17111.0,813,814,42,0,772,802,308570,43,2,0,41,12
2020-05-07,US,Illinois,McLean,110,3,0,40.48996987,-88.84621113,17113.0,107,108,3,0,105,103,172828,2,0,0,2,5
2020-05-07,US,Illinois,Menard,17,0,0,40.02742725,-89.80246001,17129.0,17,16,0,0,16,15,12288,1,0,0,1,1
2020-05-07,US,Illinois,Mercer,11,0,0,41.20596782,-90.74290052,17131.0,11,10,0,0,10,10,15601,1,0,0,1,0
2020-05-07,US,Illinois,Monroe,77,11,0,38.27594376,-90.17761038,17133.0,66,74,11,0,63,74,34335,3,0,0,3,0
2020-05-07,US,Illinois,Montgomery,33,1,0,39.23198845,-89.47809254,17135.0,32,33,1,0,32,30,28601,0,0,0,0,3
2020-05-07,US,Illinois,Morgan,27,1,0,39.71654544,-90.20255104,17137.0,26,26,1,0,25,26,33976,1,0,0,1,0
2020-05-07,US,Illinois,Moultrie,6,0,0,39.64187451,-88.62099969,17139.0,6,6,0,0,6,6,14717,0,0,0,0,0
2020-05-07,US,Illinois,Ogle,139,1,0,42.04165196,-89.32184679,17141.0,138,137,1,0,136,133,50923,2,0,0,2,4
2020-05-07,US,Illinois,Out of IL,71,3,0,0.0,0.0,80017.0,68,68,4,0,64,,,3,-1,0,4,
2020-05-07,US,Illinois,Peoria,130,5,0,40.78702156,-89.76078901,17143.0,125,126,4,0,122,113,180621,4,1,0,3,13
2020-05-07,US,Illinois,Perry,36,0,0,38.08510853,-89.36856219,17145.0,36,35,0,0,35,32,21174,1,0,0,1,3
2020-05-07,US,Illinois,Piatt,7,0,0,40.01360584,-88.59319339,17147.0,7,7,0,0,7,7,16396,0,0,0,0,0
2020-05-07,US,Illinois,Pike,1,0,0,39.62265059,-90.8877017,17149.0,1,1,0,0,1,1,15611,0,0,0,0,0
2020-05-07,US,Illinois,Pulaski,24,0,0,37.22631423,-89.13085001,17153.0,24,23,0,0,23,20,5463,1,0,0,1,3
2020-05-07,US,Illinois,Randolph,206,2,0,38.05095369,-89.82512254,17157.0,204,203,2,0,201,183,32106,3,0,0,3,20
2020-05-07,US,Illinois,Richland,3,0,0,38.71240969,-88.08475366,17159.0,3,3,0,0,3,3,15763,0,0,0,0,0
2020-05-07,US,Illinois,Rock Island,477,15,0,41.46613806,-90.57042164,17161.0,462,465,14,0,451,454,143477,12,1,0,11,11
2020-05-07,US,Illinois,Saline,5,0,0,37.75332999,-88.54119706,17165.0,5,4,0,0,4,4,23906,1,0,0,1,0
2020-05-07,US,Illinois,Sangamon,237,15,0,39.75836914,-89.65872023,17167.0,222,231,14,0,217,216,195348,6,1,0,5,15
2020-05-07,US,Illinois,Schuyler,3,0,0,40.1571798,-90.61114163,17169.0,3,2,0,0,2,2,6907,1,0,0,1,0
2020-05-07,US,Illinois,Shelby,10,1,0,39.39133527,-88.80611122,17173.0,9,10,1,0,9,10,21741,0,0,0,0,0
2020-05-07,US,Illinois,St. Clair,623,44,0,38.46996033,-89.93063427,17163.0,579,601,42,0,559,579,261059,22,2,0,20,22
2020-05-07,US,Illinois,Stark,1,0,0,41.09309773,-89.79745866,17175.0,1,1,0,0,1,1,5427,0,0,0,0,0
2020-05-07,US,Illinois,Stephenson,78,0,0,42.35129217,-89.662598,17177.0,78,72,0,0,72,70,44753,6,0,0,6,2
2020-05-07,US,Illinois,Tazewell,54,3,0,40.50716185,-89.51404662,17179.0,51,53,3,0,50,48,132328,1,0,0,1,5
2020-05-07,US,Illinois,Unassigned,100,0,0,0.0,0.0,90017.0,100,105,0,0,105,236,,-5,0,0,-5,-131
2020-05-07,US,Illinois,Union,52,1,0,37.47119609,-89.25548938,17181.0,51,48,1,0,47,32,16841,4,0,0,4,16
2020-05-07,US,Illinois,Vermilion,23,1,0,40.18417171,-87.73384359,17183.0,22,22,1,0,21,23,76806,1,0,0,1,-1
2020-05-07,US,Illinois,Wabash,1,0,0,38.44272901,-87.84922065,17185.0,1,1,0,0,1,1,11549,0,0,0,0,0
2020-05-07,US,Illinois,Warren,92,0,0,40.84925021,-90.6147432,17187.0,92,88,0,0,88,85,17032,4,0,0,4,3
2020-05-07,US,Illinois,Washington,14,0,0,38.35309213,-89.40982703,17189.0,14,15,0,0,15,14,13995,-1,0,0,-1,1
2020-05-07,US,Illinois,Wayne,2,0,0,38.42955355,-88.42586459,17191.0,2,2,0,0,2,2,16332,0,0,0,0,0
2020-05-07,US,Illinois,White,2,0,0,38.08706198,-88.17657461,17193.0,2,2,0,0,2,2,13665,0,0,0,0,0
2020-05-07,US,Illinois,Whiteside,99,6,0,41.75509713,-89.91556058,17195.0,93,98,6,0,92,94,55626,1,0,0,1,4
2020-05-07,US,Illinois,Will,3434,194,0,41.44619267,-87.97862712,17197.0,3240,3332,189,0,3143,3150,692310,102,5,0,97,182
2020-05-07,US,Illinois,Williamson,42,0,0,37.73033511,-88.92994027,17199.0,42,40,0,0,40,37,67056,2,0,0,2,3
2020-05-07,US,Illinois,Winnebago,759,21,0,42.33641854,-89.16085327,17201.0,738,696,20,0,676,649,284081,63,1,0,62,47
2020-05-07,US,Illinois,Woodford,15,1,0,40.78579374,-89.20973757,17203.0,14,15,1,0,14,13,38463,0,0,0,0,2
2020-05-07,US,Indiana,Adams,8,1,0,40.7457653,-84.93671406,18001.0,7,8,1,0,7,9,35636,0,0,0,0,-1
2020-05-07,US,Indiana,Allen,743,58,0,41.09194313,-85.06800636,18003.0,685,718,56,0,662,695,375351,25,2,0,23,23
2020-05-07,US,Indiana,Bartholomew,316,21,0,39.20744865,-85.89558181,18005.0,295,314,19,0,295,297,82753,2,2,0,0,17
2020-05-07,US,Indiana,Benton,12,0,0,40.60626947,-87.31093999,18007.0,12,10,0,0,10,10,8653,2,0,0,2,0
2020-05-07,US,Indiana,Blackford,12,1,0,40.47388153,-85.32499702,18009.0,11,12,1,0,11,10,11930,0,0,0,0,2
2020-05-07,US,Indiana,Boone,211,27,0,40.0509304,-86.46841646,18011.0,184,207,26,0,181,207,66999,4,1,0,3,0
2020-05-07,US,Indiana,Brown,25,1,0,39.19605589,-86.22868909,18013.0,24,21,1,0,20,18,15234,4,0,0,4,3
2020-05-07,US,Indiana,Carroll,66,1,0,40.580783200000006,-86.56198812,18015.0,65,65,1,0,64,63,20127,1,0,0,1,2
2020-05-07,US,Indiana,Cass,1469,2,0,40.76135835,-86.34830753,18017.0,1467,1442,2,0,1440,1406,37955,27,0,0,27,36
2020-05-07,US,Indiana,Clark,355,23,0,38.48015445,-85.70510334,18019.0,332,347,23,0,324,339,117360,8,0,0,8,8
2020-05-07,US,Indiana,Clay,23,1,0,39.39561833,-87.11723506,18021.0,22,23,1,0,22,22,26170,0,0,0,0,1
2020-05-07,US,Indiana,Clinton,75,1,0,40.30319754,-86.47277257,18023.0,74,70,1,0,69,65,32250,5,0,0,5,5
2020-05-07,US,Indiana,Crawford,20,0,0,38.28814402,-86.44518825,18025.0,20,19,0,0,19,19,10558,1,0,0,1,0
2020-05-07,US,Indiana,Daviess,54,15,0,38.70186039,-87.07185406,18027.0,39,52,15,0,37,52,33147,2,0,0,2,0
2020-05-07,US,Indiana,DeKalb,23,1,0,41.39804622,-84.99906934,18033.0,22,23,1,0,22,22,43226,0,0,0,0,1
2020-05-07,US,Indiana,Dearborn,145,13,0,39.14647946,-84.97333539,18029.0,132,140,13,0,127,138,49568,5,0,0,5,2
2020-05-07,US,Indiana,Decatur,208,28,0,39.30712658,-85.50087166,18031.0,180,206,28,0,178,205,26794,2,0,0,2,1
2020-05-07,US,Indiana,Delaware,213,15,0,40.22787247,-85.39732772,18035.0,198,212,15,0,197,209,114772,1,0,0,1,3
2020-05-07,US,Indiana,Dubois,35,0,0,38.36597551,-86.87924170000002,18037.0,35,30,0,0,30,27,42565,5,0,0,5,3
2020-05-07,US,Indiana,Elkhart,387,16,0,41.59761169,-85.85875695,18039.0,371,361,16,0,345,342,205560,26,0,0,26,19
2020-05-07,US,Indiana,Fayette,34,4,0,39.63684962,-85.17797541,18041.0,30,33,4,0,29,30,23047,1,0,0,1,3
2020-05-07,US,Indiana,Floyd,224,28,0,38.32117957,-85.90385377,18043.0,196,218,27,0,191,212,77781,6,1,0,5,6
2020-05-07,US,Indiana,Fountain,14,2,0,40.12361933,-87.24217689,18045.0,12,14,2,0,12,14,16351,0,0,0,0,0
2020-05-07,US,Indiana,Franklin,101,7,0,39.4142482,-85.06062647,18047.0,94,101,7,0,94,99,22736,0,0,0,0,2
2020-05-07,US,Indiana,Fulton,34,1,0,41.0469907,-86.26252745,18049.0,33,34,1,0,33,34,20092,0,0,0,0,0
2020-05-07,US,Indiana,Gibson,7,0,0,38.30393723,-87.58054938,18051.0,7,7,0,0,7,7,33452,0,0,0,0,0
2020-05-07,US,Indiana,Grant,151,13,0,40.51587228,-85.65468702,18053.0,138,149,13,0,136,146,65936,2,0,0,2,3
2020-05-07,US,Indiana,Greene,132,9,0,39.03630547,-86.96223202,18055.0,123,101,8,0,93,97,32006,31,1,0,30,4
2020-05-07,US,Indiana,Hamilton,894,78,0,40.07306535,-86.05244729,18057.0,816,882,77,0,805,859,330086,12,1,0,11,23
2020-05-07,US,Indiana,Hancock,241,16,0,39.82304555,-85.77566351,18059.0,225,236,14,0,222,233,76351,5,2,0,3,3
2020-05-07,US,Indiana,Harrison,150,11,0,38.19467379,-86.10948271,18061.0,139,145,11,0,134,138,40350,5,0,0,5,7
2020-05-07,US,Indiana,Hendricks,893,49,0,39.76719009,-86.51037283,18063.0,844,883,46,0,837,785,167009,10,3,0,7,98
2020-05-07,US,Indiana,Henry,59,2,0,39.93029017,-85.39625719,18065.0,57,47,2,0,45,47,48271,12,0,0,12,0
2020-05-07,US,Indiana,Howard,225,9,0,40.48527731,-86.11351892,18067.0,216,220,9,0,211,211,82366,5,0,0,5,9
2020-05-07,US,Indiana,Huntington,12,2,0,40.82907273,-85.48822092,18069.0,10,12,2,0,10,11,36240,0,0,0,0,1
2020-05-07,US,Indiana,Jackson,219,1,0,38.90915820000001,-86.03851889,18071.0,218,188,1,0,187,183,44111,31,0,0,31,5
2020-05-07,US,Indiana,Jasper,37,1,0,41.02078733,-87.11553319,18073.0,36,37,1,0,36,37,33370,0,0,0,0,0
2020-05-07,US,Indiana,Jay,18,0,0,40.43781032,-85.00576229,18075.0,18,18,0,0,18,18,20764,0,0,0,0,0
2020-05-07,US,Indiana,Jefferson,32,0,0,38.78576239,-85.43633383,18077.0,32,30,0,0,30,30,32208,2,0,0,2,0
2020-05-07,US,Indiana,Jennings,89,3,0,38.99588883,-85.62710784,18079.0,86,87,3,0,84,86,27611,2,0,0,2,1
2020-05-07,US,Indiana,Johnson,754,77,0,39.48994426,-86.10149107,18081.0,677,746,77,0,669,730,156225,8,0,0,8,16
2020-05-07,US,Indiana,Knox,20,0,0,38.68861576,-87.4194665,18083.0,20,20,0,0,20,20,36895,0,0,0,0,0
2020-05-07,US,Indiana,Kosciusko,39,1,0,41.24521668,-85.86312322,18085.0,38,39,1,0,38,38,79344,0,0,0,0,1
2020-05-07,US,Indiana,LaGrange,36,2,0,41.64232188,-85.42674232,18087.0,34,36,2,0,34,33,39330,0,0,0,0,3
2020-05-07,US,Indiana,LaPorte,303,10,0,41.54366008,-86.74072188,18091.0,293,284,9,0,275,268,110007,19,1,0,18,16
2020-05-07,US,Indiana,Lake,2288,111,0,41.41874274,-87.38277575,18089.0,2177,2233,106,0,2127,2161,484411,55,5,0,50,72
2020-05-07,US,Indiana,Lawrence,112,15,0,38.84112637,-86.48361629,18093.0,97,111,14,0,97,109,45668,1,1,0,0,2
2020-05-07,US,Indiana,Madison,474,56,0,40.16143691,-85.71964711,18095.0,418,462,56,0,406,452,129641,12,0,0,12,10
2020-05-07,US,Indiana,Marion,6914,398,0,39.78163624,-86.13826325,18097.0,6516,6730,390,0,6340,6419,954670,184,8,0,176,311
2020-05-07,US,Indiana,Marshall,31,1,0,41.32467367,-86.26185087,18099.0,30,31,1,0,30,32,46248,0,0,0,0,-1
2020-05-07,US,Indiana,Martin,7,0,0,38.7099921,-86.80373186,18101.0,7,7,0,0,7,7,10217,0,0,0,0,0
2020-05-07,US,Indiana,Miami,121,1,0,40.76940965,-86.04525048,18103.0,120,121,1,0,120,120,35567,0,0,0,0,1
2020-05-07,US,Indiana,Monroe,137,9,0,39.16130004,-86.52414358,18105.0,128,135,9,0,126,132,146917,2,0,0,2,3
2020-05-07,US,Indiana,Montgomery,111,2,0,40.04034823,-86.89335024,18107.0,109,110,2,0,108,106,38346,1,0,0,1,4
2020-05-07,US,Indiana,Morgan,183,8,0,39.47899078,-86.44573375,18109.0,175,176,8,0,168,171,70116,7,0,0,7,5
2020-05-07,US,Indiana,Newton,61,8,0,40.95610449,-87.39635768,18111.0,53,61,8,0,53,61,14011,0,0,0,0,0
2020-05-07,US,Indiana,Noble,124,14,0,41.39672484,-85.41966713,18113.0,110,123,14,0,109,122,47532,1,0,0,1,1
2020-05-07,US,Indiana,Ohio,7,0,0,38.955305,-84.96515993,18115.0,7,7,0,0,7,6,5844,0,0,0,0,1
2020-05-07,US,Indiana,Orange,106,14,0,38.54118920000001,-86.49523093,18117.0,92,107,14,0,93,106,19489,-1,0,0,-1,1
2020-05-07,US,Indiana,Owen,24,1,0,39.31145587,-86.83900724,18119.0,23,24,1,0,23,24,20845,0,0,0,0,0
2020-05-07,US,Indiana,Parke,13,0,0,39.77202286,-87.20375833,18121.0,13,13,0,0,13,13,16927,0,0,0,0,0
2020-05-07,US,Indiana,Perry,13,0,0,38.07809328,-86.63741946,18123.0,13,11,0,0,11,11,19102,2,0,0,2,0
2020-05-07,US,Indiana,Pike,2,0,0,38.40112197,-87.23574907,18125.0,2,2,0,0,2,2,12410,0,0,0,0,0
2020-05-07,US,Indiana,Porter,294,7,0,41.45986947,-87.06848888,18127.0,287,281,7,0,274,266,169594,13,0,0,13,15
2020-05-07,US,Indiana,Posey,15,0,0,38.02097333,-87.86480429,18129.0,15,14,0,0,14,14,25540,1,0,0,1,0
2020-05-07,US,Indiana,Pulaski,33,0,0,41.04166107,-86.69890683,18131.0,33,31,0,0,31,29,12469,2,0,0,2,2
2020-05-07,US,Indiana,Putnam,79,5,0,39.66437981,-86.84517605,18133.0,74,80,5,0,75,80,37779,-1,0,0,-1,0
2020-05-07,US,Indiana,Randolph,18,2,0,40.15734772,-85.01139319,18135.0,16,18,2,0,16,17,24851,0,0,0,0,1
2020-05-07,US,Indiana,Ripley,98,6,0,39.10235626,-85.26212744,18137.0,92,99,6,0,93,98,28523,-1,0,0,-1,1
2020-05-07,US,Indiana,Rush,37,2,0,39.62002287,-85.4655599,18139.0,35,37,2,0,35,36,16663,0,0,0,0,1
2020-05-07,US,Indiana,Scott,63,2,0,38.68672078,-85.74627859,18143.0,61,54,2,0,52,54,23878,9,0,0,9,0
2020-05-07,US,Indiana,Shelby,243,15,0,39.52305623,-85.79158570000001,18145.0,228,241,14,0,227,229,44593,2,1,0,1,12
2020-05-07,US,Indiana,Spencer,6,1,0,38.01519732,-87.0079644,18147.0,5,6,1,0,5,5,20327,0,0,0,0,1
2020-05-07,US,Indiana,St. Joseph,730,24,0,41.61756781,-86.29040834,18141.0,706,714,24,0,690,687,270771,16,0,0,16,27
2020-05-07,US,Indiana,Starke,19,2,0,41.27890281,-86.64686895,18149.0,17,17,2,0,15,17,22935,2,0,0,2,0
2020-05-07,US,Indiana,Steuben,61,1,0,41.64423868,-85.00101094,18151.0,60,59,1,0,58,51,34586,2,0,0,2,8
2020-05-07,US,Indiana,Sullivan,18,0,0,39.08952258,-87.41414469,18153.0,18,16,0,0,16,16,20690,2,0,0,2,0
2020-05-07,US,Indiana,Switzerland,15,0,0,38.82767338,-85.03022429,18155.0,15,15,0,0,15,15,10717,0,0,0,0,0
2020-05-07,US,Indiana,Tippecanoe,202,2,0,40.38872739,-86.89413959,18157.0,200,197,2,0,195,190,193048,5,0,0,5,7
2020-05-07,US,Indiana,Tipton,20,1,0,40.31123252,-86.05234925,18159.0,19,20,1,0,19,20,15128,0,0,0,0,0
2020-05-07,US,Indiana,Unassigned,0,119,0,0.0,0.0,90018.0,-119,0,113,0,-113,,,0,6,0,-6,
2020-05-07,US,Indiana,Union,8,0,0,39.62550777,-84.92497066,18161.0,8,8,0,0,8,7,7037,0,0,0,0,1
2020-05-07,US,Indiana,Vanderburgh,169,2,0,38.02658833,-87.58763124,18163.0,167,163,2,0,161,153,180974,6,0,0,6,10
2020-05-07,US,Indiana,Vermillion,7,0,0,39.8523352,-87.46160542,18165.0,7,7,0,0,7,7,15479,0,0,0,0,0
2020-05-07,US,Indiana,Vigo,75,6,0,39.42944561,-87.39169027,18167.0,69,73,6,0,67,71,107386,2,0,0,2,2
2020-05-07,US,Indiana,Wabash,64,2,0,40.84704239,-85.79328272,18169.0,62,63,2,0,61,63,31280,1,0,0,1,0
2020-05-07,US,Indiana,Warren,12,1,0,40.34728141,-87.35602659,18171.0,11,12,1,0,11,12,8263,0,0,0,0,0
2020-05-07,US,Indiana,Warrick,116,19,0,38.08922676,-87.2716085,18173.0,97,110,18,0,92,106,62567,6,1,0,5,4
2020-05-07,US,Indiana,Washington,45,1,0,38.60219804,-86.1049363,18175.0,44,45,1,0,44,45,27943,0,0,0,0,0
2020-05-07,US,Indiana,Wayne,49,3,0,39.8633444,-85.01044989,18177.0,46,44,3,0,41,41,65936,5,0,0,5,3
2020-05-07,US,Indiana,Wells,9,0,0,40.72934187,-85.22132966,18179.0,9,7,0,0,7,7,28206,2,0,0,2,0
2020-05-07,US,Indiana,White,130,1,0,40.74911165,-86.86492015,18181.0,129,106,0,0,106,100,24133,24,1,0,23,6
2020-05-07,US,Indiana,Whitley,22,1,0,41.13863784,-85.50791236,18183.0,21,22,1,0,21,22,34074,0,0,0,0,0
2020-05-07,US,Iowa,Adair,3,0,0,41.33075609,-94.47105874,19001.0,3,3,0,0,3,2,7063,0,0,0,0,1
2020-05-07,US,Iowa,Allamakee,99,4,0,43.28383218,-91.37860922,19005.0,95,98,4,0,94,98,13832,1,0,0,1,0
2020-05-07,US,Iowa,Appanoose,6,3,0,40.74324454,-92.86865906,19007.0,3,4,3,0,1,4,12437,2,0,0,2,0
2020-05-07,US,Iowa,Audubon,8,0,0,41.6844628,-94.90581859,19009.0,8,8,0,0,8,8,5506,0,0,0,0,0
2020-05-07,US,Iowa,Benton,35,1,0,42.08011739,-92.06463573,19011.0,34,34,1,0,33,34,25642,1,0,0,1,0
2020-05-07,US,Iowa,Black Hawk,1450,19,0,42.4704581,-92.30524729,19013.0,1431,1396,19,0,1377,1378,132408,54,0,0,54,18
2020-05-07,US,Iowa,Boone,33,0,0,42.03657094,-93.9313999,19015.0,33,29,0,0,29,28,26346,4,0,0,4,1
2020-05-07,US,Iowa,Bremer,56,5,0,42.77461496,-92.31795937,19017.0,51,55,5,0,50,55,24947,1,0,0,1,0
2020-05-07,US,Iowa,Buchanan,22,0,0,42.4709188,-91.83510825,19019.0,22,22,0,0,22,22,21199,0,0,0,0,0
2020-05-07,US,Iowa,Buena Vista,18,0,0,42.73545875,-95.15100162,19021.0,18,16,0,0,16,15,19874,2,0,0,2,1
2020-05-07,US,Iowa,Butler,11,0,0,42.73172833,-92.79015971,19023.0,11,10,0,0,10,10,14539,1,0,0,1,0
2020-05-07,US,Iowa,Calhoun,1,0,0,42.38521079,-94.64046046,19025.0,1,1,0,0,1,1,9699,0,0,0,0,0
2020-05-07,US,Iowa,Carroll,5,0,0,42.03617207,-94.86032705,19027.0,5,5,0,0,5,5,20154,0,0,0,0,0
2020-05-07,US,Iowa,Cass,1,0,0,41.33149454,-94.92792482,19029.0,1,1,0,0,1,1,12930,0,0,0,0,0
2020-05-07,US,Iowa,Cedar,39,1,0,41.77233777,-91.13246684,19031.0,38,38,0,0,38,35,18627,1,1,0,0,3
2020-05-07,US,Iowa,Cerro Gordo,14,0,0,43.08177563,-93.2612239,19033.0,14,14,0,0,14,14,42647,0,0,0,0,0
2020-05-07,US,Iowa,Cherokee,4,0,0,42.73538914,-95.62389402,19035.0,4,4,0,0,4,4,11321,0,0,0,0,0
2020-05-07,US,Iowa,Chickasaw,6,0,0,43.06001295,-92.31773347,19037.0,6,6,0,0,6,6,11964,0,0,0,0,0
2020-05-07,US,Iowa,Clarke,4,0,0,41.02868181,-93.78499767,19039.0,4,3,0,0,3,3,9423,1,0,0,1,0
2020-05-07,US,Iowa,Clay,8,0,0,43.08247182,-95.15096481,19041.0,8,7,0,0,7,7,16134,1,0,0,1,0
2020-05-07,US,Iowa,Clayton,19,2,0,42.84443388,-91.34133693,19043.0,17,18,2,0,16,18,17556,1,0,0,1,0
2020-05-07,US,Iowa,Clinton,53,1,0,41.89981633,-90.53275096,19045.0,52,51,1,0,50,51,46518,2,0,0,2,0
2020-05-07,US,Iowa,Crawford,124,1,0,42.03718237,-95.3819718,19047.0,123,103,1,0,102,96,17158,21,0,0,21,7
2020-05-07,US,Iowa,Dallas,644,4,0,41.68560356,-94.04127625,19049.0,640,626,3,0,623,613,90180,18,1,0,17,13
2020-05-07,US,Iowa,Davis,7,0,0,40.74773536,-92.41005468,19051.0,7,5,0,0,5,4,9017,2,0,0,2,1
2020-05-07,US,Iowa,Delaware,8,1,0,42.47104597,-91.3664492,19055.0,7,8,1,0,7,8,17069,0,0,0,0,0
2020-05-07,US,Iowa,Des Moines,29,1,0,40.92012606,-91.18326592,19057.0,28,24,1,0,23,21,39138,5,0,0,5,3
2020-05-07,US,Iowa,Dickinson,6,0,0,43.37787725,-95.1510206,19059.0,6,6,0,0,6,6,17153,0,0,0,0,0
2020-05-07,US,Iowa,Dubuque,175,5,0,42.46815349,-90.88181925,19061.0,170,162,5,0,157,156,96854,13,0,0,13,6
2020-05-07,US,Iowa,Fayette,24,0,0,42.86271799,-91.8441231,19065.0,24,24,0,0,24,23,19660,0,0,0,0,1
2020-05-07,US,Iowa,Floyd,2,0,0,43.06000529999999,-92.78940097,19067.0,2,2,0,0,2,1,15761,0,0,0,0,1
2020-05-07,US,Iowa,Franklin,7,0,0,42.73270384,-93.26256925,19069.0,7,6,0,0,6,5,10124,1,0,0,1,1
2020-05-07,US,Iowa,Greene,13,0,0,42.03614551,-94.39658081,19073.0,13,11,0,0,11,11,8981,2,0,0,2,0
2020-05-07,US,Iowa,Grundy,16,0,0,42.40183723,-92.78829551,19075.0,16,17,0,0,17,17,12304,-1,0,0,-1,0
2020-05-07,US,Iowa,Guthrie,32,0,0,41.68378965,-94.50111014,19077.0,32,31,0,0,31,31,10720,1,0,0,1,0
2020-05-07,US,Iowa,Hamilton,9,0,0,42.38382428,-93.70197703,19079.0,9,7,0,0,7,7,14952,2,0,0,2,0
2020-05-07,US,Iowa,Hancock,3,0,0,43.08178477,-93.73454884,19081.0,3,3,0,0,3,3,10712,0,0,0,0,0
2020-05-07,US,Iowa,Hardin,11,0,0,42.38353877,-93.23654611,19083.0,11,9,0,0,9,9,16868,2,0,0,2,0
2020-05-07,US,Iowa,Harrison,17,0,0,41.68330137,-95.81558439,19085.0,17,17,0,0,17,17,14134,0,0,0,0,0
2020-05-07,US,Iowa,Henry,42,1,0,40.98767962,-91.54436349,19087.0,41,40,1,0,39,37,20067,2,0,0,2,3
2020-05-07,US,Iowa,Howard,13,0,0,43.35671042,-92.31702714,19089.0,13,12,0,0,12,12,9187,1,0,0,1,0
2020-05-07,US,Iowa,Humboldt,6,0,0,42.7764426,-94.20722537,19091.0,6,4,0,0,4,4,9547,2,0,0,2,0
2020-05-07,US,Iowa,Iowa,26,0,0,41.68630265,-92.0643373,19095.0,26,24,0,0,24,22,16141,2,0,0,2,2
2020-05-07,US,Iowa,Jackson,7,0,0,42.17178824,-90.57354837,19097.0,7,5,0,0,5,5,19432,2,0,0,2,0
2020-05-07,US,Iowa,Jasper,229,5,0,41.68576082,-93.05567785,19099.0,224,220,5,0,215,219,37147,9,0,0,9,1
2020-05-07,US,Iowa,Jefferson,6,0,0,41.03192394,-91.94849466,19101.0,6,6,0,0,6,6,18381,0,0,0,0,0
2020-05-07,US,Iowa,Johnson,543,6,0,41.67169354,-91.58754744,19103.0,537,530,6,0,524,518,151260,13,0,0,13,12
2020-05-07,US,Iowa,Jones,30,0,0,42.12118609,-91.13139641,19105.0,30,25,0,0,25,25,20744,5,0,0,5,0
2020-05-07,US,Iowa,Keokuk,6,0,0,41.33649833,-92.1785067,19107.0,6,3,0,0,3,3,10225,3,0,0,3,0
2020-05-07,US,Iowa,Kossuth,2,0,0,43.20405458,-94.20691791,19109.0,2,2,0,0,2,2,14908,0,0,0,0,0
2020-05-07,US,Iowa,Lee,17,0,0,40.64181461,-91.48183025,19111.0,17,16,0,0,16,16,34055,1,0,0,1,0
2020-05-07,US,Iowa,Linn,805,56,0,42.07923082,-91.59809485,19113.0,749,770,55,0,715,767,225909,35,1,0,34,3
2020-05-07,US,Iowa,Louisa,280,2,0,41.21842119,-91.26102611,19115.0,278,279,2,0,277,279,11169,1,0,0,1,0
2020-05-07,US,Iowa,Lyon,15,0,0,43.38107862,-96.20926845,19119.0,15,15,0,0,15,15,11811,0,0,0,0,0
2020-05-07,US,Iowa,Madison,10,1,0,41.33081904,-94.01554631,19121.0,9,10,1,0,9,9,16249,0,0,0,0,1
2020-05-07,US,Iowa,Mahaska,20,1,0,41.33521503,-92.64083907,19123.0,19,19,1,0,18,18,22000,1,0,0,1,1
2020-05-07,US,Iowa,Marion,12,0,0,41.33445101,-93.09934783,19125.0,12,12,0,0,12,12,33407,0,0,0,0,0
2020-05-07,US,Iowa,Marshall,686,3,0,42.03586837,-92.9990819,19127.0,683,655,3,0,652,647,39981,31,0,0,31,8
2020-05-07,US,Iowa,Mills,5,0,0,41.03299766,-95.61920963,19129.0,5,5,0,0,5,3,15063,0,0,0,0,2
2020-05-07,US,Iowa,Mitchell,3,0,0,43.35638371,-92.78887719,19131.0,3,3,0,0,3,3,10569,0,0,0,0,0
2020-05-07,US,Iowa,Monona,11,0,0,42.05220391,-95.95743843,19133.0,11,11,0,0,11,10,8679,0,0,0,0,1
2020-05-07,US,Iowa,Monroe,2,0,0,41.02988815,-92.8690667,19135.0,2,1,0,0,1,1,7790,1,0,0,1,0
2020-05-07,US,Iowa,Montgomery,2,0,0,41.03018714,-95.15642896,19137.0,2,1,0,0,1,1,10003,1,0,0,1,0
2020-05-07,US,Iowa,Muscatine,441,17,0,41.48370744,-91.1121697,19139.0,424,435,17,0,418,415,42929,6,0,0,6,20
2020-05-07,US,Iowa,O'Brien,13,0,0,43.08310673,-95.62474482,19141.0,13,11,0,0,11,11,13840,2,0,0,2,0
2020-05-07,US,Iowa,Osceola,17,0,0,43.37824276,-95.62422844,19143.0,17,13,0,0,13,13,6040,4,0,0,4,0
2020-05-07,US,Iowa,Page,9,0,0,40.7393172,-95.1497813,19145.0,9,9,0,0,9,9,15249,0,0,0,0,0
2020-05-07,US,Iowa,Plymouth,44,0,0,42.737633,-96.21366621,19149.0,44,34,0,0,34,33,25095,10,0,0,10,1
2020-05-07,US,Iowa,Pocahontas,3,0,0,42.73420133,-94.67862564,19151.0,3,3,0,0,3,3,6740,0,0,0,0,0
2020-05-07,US,Iowa,Polk,2053,54,0,41.68679484,-93.57767461,19153.0,1999,1875,45,0,1830,1778,487204,178,9,0,169,97
2020-05-07,US,Iowa,Pottawattamie,71,2,0,41.33640314,-95.53907776,19155.0,69,63,2,0,61,61,93533,8,0,0,8,2
2020-05-07,US,Iowa,Poweshiek,78,5,0,41.68625425,-92.53155731,19157.0,73,73,5,0,68,73,18699,5,0,0,5,0
2020-05-07,US,Iowa,Sac,2,0,0,42.38624071,-95.10547892,19161.0,2,2,0,0,2,1,9719,0,0,0,0,1
2020-05-07,US,Iowa,Scott,274,7,0,41.63935978,-90.61959493,19163.0,267,260,7,0,253,255,173283,14,0,0,14,5
2020-05-07,US,Iowa,Shelby,13,0,0,41.6850066,-95.31015553,19165.0,13,13,0,0,13,14,11578,0,0,0,0,-1
2020-05-07,US,Iowa,Sioux,31,0,0,43.08221074,-96.1767568,19167.0,31,25,0,0,25,24,34909,6,0,0,6,1
2020-05-07,US,Iowa,Story,52,1,0,42.03621213,-93.46499005,19169.0,51,40,1,0,39,39,98105,12,0,0,12,1
2020-05-07,US,Iowa,Tama,321,11,0,42.07991767,-92.53266945,19171.0,310,303,11,0,292,297,16904,18,0,0,18,6
2020-05-07,US,Iowa,Taylor,1,0,0,40.73710579,-94.69778563,19173.0,1,1,0,0,1,1,6191,0,0,0,0,0
2020-05-07,US,Iowa,Unassigned,8,0,0,0.0,0.0,90019.0,8,13,0,0,13,,,-5,0,0,-5,
2020-05-07,US,Iowa,Union,1,0,0,41.0277278,-94.24234847,19175.0,1,1,0,0,1,1,12359,0,0,0,0,0
2020-05-07,US,Iowa,Van Buren,8,0,0,40.75326764,-91.95017958,19177.0,8,8,0,0,8,8,7020,0,0,0,0,0
2020-05-07,US,Iowa,Wapello,165,0,0,41.03064984,-92.40954728,19179.0,165,125,0,0,125,108,35205,40,0,0,40,17
2020-05-07,US,Iowa,Warren,35,0,0,41.33559454,-93.56007641,19181.0,35,34,0,0,34,28,51056,1,0,0,1,6
2020-05-07,US,Iowa,Washington,154,7,0,41.33577126,-91.71725711,19183.0,147,152,7,0,145,149,22141,2,0,0,2,3
2020-05-07,US,Iowa,Wayne,1,0,0,40.73969028,-93.32752197,19185.0,1,1,0,0,1,1,6401,0,0,0,0,0
2020-05-07,US,Iowa,Webster,8,0,0,42.42853483,-94.17987389,19187.0,8,8,0,0,8,6,36277,0,0,0,0,2
2020-05-07,US,Iowa,Winnebago,3,0,0,43.37751174,-93.73407298,19189.0,3,3,0,0,3,3,10518,0,0,0,0,0
2020-05-07,US,Iowa,Winneshiek,18,0,0,43.29094334,-91.84422722,19191.0,18,18,0,0,18,18,20029,0,0,0,0,0
2020-05-07,US,Iowa,Woodbury,1429,4,0,42.38979414,-96.0459439,19193.0,1425,1323,4,0,1319,1296,102539,106,0,0,106,27
2020-05-07,US,Iowa,Worth,1,0,0,43.37750768,-93.26087602,19195.0,1,1,0,0,1,1,7453,0,0,0,0,0
2020-05-07,US,Iowa,Wright,5,0,0,42.73305373,-93.73515113,19197.0,5,5,0,0,5,4,12690,0,0,0,0,1
2020-05-07,US,Kansas,Atchison,12,0,0,39.53185661,-95.30870026,20005.0,12,12,0,0,12,12,16193,0,0,0,0,0
2020-05-07,US,Kansas,Barber,1,0,0,37.2288586,-98.68460053,20007.0,1,1,0,0,1,1,4472,0,0,0,0,0
2020-05-07,US,Kansas,Barton,12,1,0,38.47889676,-98.75636726,20009.0,11,12,1,0,11,9,26111,0,0,0,0,3
2020-05-07,US,Kansas,Bourbon,6,1,0,37.85508555,-94.84865997,20011.0,5,6,1,0,5,6,14653,0,0,0,0,0
2020-05-07,US,Kansas,Brown,1,0,0,39.82652589,-95.56421698,20013.0,1,1,0,0,1,1,9598,0,0,0,0,0
2020-05-07,US,Kansas,Butler,14,0,0,37.78134351,-96.83878537,20015.0,14,14,0,0,14,14,66765,0,0,0,0,0
2020-05-07,US,Kansas,Chase,3,0,0,38.30292938,-96.59563862,20017.0,3,3,0,0,3,3,2629,0,0,0,0,0
2020-05-07,US,Kansas,Chautauqua,4,0,0,37.14994405,-96.2454192,20019.0,4,4,0,0,4,4,3309,0,0,0,0,0
2020-05-07,US,Kansas,Cherokee,8,0,0,37.16928494,-94.8462897,20021.0,8,8,0,0,8,8,20015,0,0,0,0,0
2020-05-07,US,Kansas,Cheyenne,2,0,0,39.78580976,-101.7318201,20023.0,2,2,0,0,2,2,2660,0,0,0,0,0
2020-05-07,US,Kansas,Clark,17,0,0,37.23577007,-99.81883015,20025.0,17,9,0,0,9,8,2005,8,0,0,8,1
2020-05-07,US,Kansas,Clay,4,1,0,39.34948772,-97.16518128,20027.0,3,4,1,0,3,5,7997,0,0,0,0,-1
2020-05-07,US,Kansas,Cloud,4,0,0,39.48028352,-97.64925343,20029.0,4,4,0,0,4,4,8729,0,0,0,0,0
2020-05-07,US,Kansas,Coffey,50,8,0,38.2365018,-95.73379515,20031.0,42,50,8,0,42,49,8233,0,0,0,0,1
2020-05-07,US,Kansas,Cowley,3,1,0,37.23781842,-96.83776647,20035.0,2,3,1,0,2,3,35218,0,0,0,0,0
2020-05-07,US,Kansas,Crawford,8,1,0,37.50675523,-94.85245778,20037.0,7,8,1,0,7,8,39019,0,0,0,0,0
2020-05-07,US,Kansas,Dickinson,2,0,0,38.86600962,-97.15532383,20041.0,2,2,0,0,2,2,18717,0,0,0,0,0
2020-05-07,US,Kansas,Doniphan,7,0,0,39.79067154,-95.14056866,20043.0,7,4,0,0,4,4,7682,3,0,0,3,0
2020-05-07,US,Kansas,Douglas,56,0,0,38.88503636,-95.2925121,20045.0,56,56,0,0,56,51,121436,0,0,0,0,5
2020-05-07,US,Kansas,Edwards,4,0,0,37.88735543,-99.31263309,20047.0,4,4,0,0,4,4,2849,0,0,0,0,0
2020-05-07,US,Kansas,Ellis,8,0,0,38.91458712,-99.31751551,20051.0,8,8,0,0,8,8,28710,0,0,0,0,0
2020-05-07,US,Kansas,Ellsworth,1,0,0,38.69677695,-98.20462799,20053.0,1,1,0,0,1,1,6196,0,0,0,0,0
2020-05-07,US,Kansas,Finney,791,3,0,38.04340344,-100.7381938,20055.0,788,740,3,0,737,659,36611,51,0,0,51,81
2020-05-07,US,Kansas,Ford,930,3,0,37.69200114,-99.88825298,20057.0,927,880,3,0,877,869,33888,50,0,0,50,11
2020-05-07,US,Kansas,Franklin,20,0,0,38.56443815,-95.28644341,20059.0,20,20,0,0,20,19,25631,0,0,0,0,1
2020-05-07,US,Kansas,Geary,13,0,0,38.99871131,-96.7577178,20061.0,13,13,0,0,13,11,32594,0,0,0,0,2
2020-05-07,US,Kansas,Gove,1,0,0,38.91588178,-100.4829321,20063.0,1,1,0,0,1,1,2612,0,0,0,0,0
2020-05-07,US,Kansas,Grant,8,0,0,37.56227336,-101.3079758,20067.0,8,8,0,0,8,7,7336,0,0,0,0,1
2020-05-07,US,Kansas,Gray,6,0,0,37.73836671,-100.4369088,20069.0,6,6,0,0,6,6,6033,0,0,0,0,0
2020-05-07,US,Kansas,Greenwood,3,0,0,37.8774388,-96.23250453,20073.0,3,3,0,0,3,3,6055,0,0,0,0,0
2020-05-07,US,Kansas,Hamilton,5,0,0,37.99978709,-101.7921066,20075.0,5,4,0,0,4,4,2607,1,0,0,1,0
2020-05-07,US,Kansas,Harper,1,0,0,37.19175361,-98.07578384,20077.0,1,1,0,0,1,1,5506,0,0,0,0,0
2020-05-07,US,Kansas,Harvey,9,0,0,38.04293782,-97.42747573,20079.0,9,9,0,0,9,9,34210,0,0,0,0,0
2020-05-07,US,Kansas,Haskell,9,0,0,37.5620394,-100.8710738,20081.0,9,8,0,0,8,8,3997,1,0,0,1,0
2020-05-07,US,Kansas,Jackson,2,0,0,39.41673394,-95.79356799,20085.0,2,2,0,0,2,2,13280,0,0,0,0,0
2020-05-07,US,Kansas,Jefferson,12,0,0,39.2347941,-95.38289232,20087.0,12,11,0,0,11,10,18975,1,0,0,1,1
2020-05-07,US,Kansas,Jewell,4,0,0,39.78470589,-98.21820662,20089.0,4,4,0,0,4,4,2841,0,0,0,0,0
2020-05-07,US,Kansas,Johnson,553,45,0,38.88548175,-94.82250877,20091.0,508,521,45,0,476,513,597555,32,0,0,32,8
2020-05-07,US,Kansas,Kearny,26,0,0,38.00017981,-101.321681,20093.0,26,24,0,0,24,23,3943,2,0,0,2,1
2020-05-07,US,Kansas,Kiowa,2,0,0,37.55848695,-99.2856537,20097.0,2,2,0,0,2,2,2516,0,0,0,0,0
2020-05-07,US,Kansas,Labette,22,0,0,37.19113093,-95.29849679,20099.0,22,22,0,0,22,22,19964,0,0,0,0,0
2020-05-07,US,Kansas,Leavenworth,885,6,0,39.20183497,-95.03620809,20103.0,879,783,6,0,777,602,81352,102,0,0,102,181
2020-05-07,US,Kansas,Linn,6,0,0,38.21267844,-94.84254089,20107.0,6,6,0,0,6,6,9750,0,0,0,0,0
2020-05-07,US,Kansas,Lyon,282,2,0,38.45576156,-96.15275715,20111.0,280,271,2,0,269,265,33406,11,0,0,11,6
2020-05-07,US,Kansas,Marion,5,1,0,38.35855394,-97.0985251,20115.0,4,5,1,0,4,5,11950,0,0,0,0,0
2020-05-07,US,Kansas,McPherson,25,0,0,38.39184858,-97.64769869,20113.0,25,25,0,0,25,23,28537,0,0,0,0,2
2020-05-07,US,Kansas,Meade,16,0,0,37.23859987,-100.364831,20119.0,16,13,0,0,13,12,4146,3,0,0,3,1
2020-05-07,US,Kansas,Miami,5,0,0,38.56383358,-94.83832189,20121.0,5,5,0,0,5,5,33680,0,0,0,0,0
2020-05-07,US,Kansas,Mitchell,3,0,0,39.39331582,-98.20906732,20123.0,3,3,0,0,3,3,6150,0,0,0,0,0
2020-05-07,US,Kansas,Montgomery,20,2,0,37.19236568,-95.74329258,20125.0,18,20,2,0,18,20,32120,0,0,0,0,0
2020-05-07,US,Kansas,Morris,3,0,0,38.68827511,-96.65128437,20127.0,3,3,0,0,3,3,5521,0,0,0,0,0
2020-05-07,US,Kansas,Morton,3,0,0,37.19141121,-101.79925190000002,20129.0,3,3,0,0,3,3,2667,0,0,0,0,0
2020-05-07,US,Kansas,Nemaha,1,0,0,39.78345387,-96.01392079,20131.0,1,1,0,0,1,1,10155,0,0,0,0,0
2020-05-07,US,Kansas,Neosho,2,0,0,37.55862897,-95.30670046,20133.0,2,2,0,0,2,2,15951,0,0,0,0,0
2020-05-07,US,Kansas,Norton,2,0,0,39.78443827,-99.90286639,20137.0,2,2,0,0,2,2,5430,0,0,0,0,0
2020-05-07,US,Kansas,Osage,5,0,0,38.65235984,-95.72707998,20139.0,5,5,0,0,5,5,15941,0,0,0,0,0
2020-05-07,US,Kansas,Osborne,2,0,0,39.3503437,-98.76753828,20141.0,2,2,0,0,2,2,3475,0,0,0,0,0
2020-05-07,US,Kansas,Ottawa,4,0,0,39.13237408,-97.65020313,20143.0,4,4,0,0,4,4,5802,0,0,0,0,0
2020-05-07,US,Kansas,Phillips,1,0,0,39.78465501,-99.34668865,20147.0,1,1,0,0,1,1,5317,0,0,0,0,0
2020-05-07,US,Kansas,Pottawatomie,15,0,0,39.37925655,-96.34564657,20149.0,15,15,0,0,15,15,24277,0,0,0,0,0
2020-05-07,US,Kansas,Pratt,1,0,0,37.64780729,-98.73922153,20151.0,1,1,0,0,1,1,9378,0,0,0,0,0
2020-05-07,US,Kansas,Reno,41,0,0,37.95230263,-98.08607292,20155.0,41,40,0,0,40,40,62342,1,0,0,1,0
2020-05-07,US,Kansas,Republic,4,0,0,39.82799632,-97.65036709,20157.0,4,4,0,0,4,4,4664,0,0,0,0,0
2020-05-07,US,Kansas,Rice,3,0,0,38.34616184,-98.19992118,20159.0,3,3,0,0,3,3,9531,0,0,0,0,0
2020-05-07,US,Kansas,Riley,56,0,0,39.28935726,-96.73420026,20161.0,56,55,0,0,55,55,73703,1,0,0,1,0
2020-05-07,US,Kansas,Rooks,6,0,0,39.35022773,-99.32484567,20163.0,6,6,0,0,6,6,5013,0,0,0,0,0
2020-05-07,US,Kansas,Saline,21,2,0,38.78369175,-97.65185177,20169.0,19,21,2,0,19,21,54401,0,0,0,0,0
2020-05-07,US,Kansas,Scott,2,0,0,38.48222076,-100.9066539,20171.0,2,2,0,0,2,2,4897,0,0,0,0,0
2020-05-07,US,Kansas,Sedgwick,454,18,0,37.6842718,-97.4608198,20173.0,436,441,17,0,424,439,513607,13,1,0,12,2
2020-05-07,US,Kansas,Seward,664,0,0,37.19324632,-100.8507201,20175.0,664,640,0,0,640,622,21780,24,0,0,24,18
2020-05-07,US,Kansas,Shawnee,140,5,0,39.04100763,-95.7557264,20177.0,135,137,5,0,132,133,177499,3,0,0,3,4
2020-05-07,US,Kansas,Sheridan,2,0,0,39.35018161,-100.4418259,20179.0,2,2,0,0,2,2,2533,0,0,0,0,0
2020-05-07,US,Kansas,Sherman,5,0,0,39.35147699,-101.7197624,20181.0,5,5,0,0,5,5,5899,0,0,0,0,0
2020-05-07,US,Kansas,Smith,2,0,0,39.78516566,-98.78566062,20183.0,2,2,0,0,2,2,3603,0,0,0,0,0
2020-05-07,US,Kansas,Stafford,1,0,0,38.03100851,-98.71762001,20185.0,1,1,0,0,1,1,4178,0,0,0,0,0
2020-05-07,US,Kansas,Stanton,7,0,0,37.56304714,-101.7843534,20187.0,7,7,0,0,7,7,1987,0,0,0,0,0
2020-05-07,US,Kansas,Stevens,14,0,0,37.1923008,-101.3118967,20189.0,14,14,0,0,14,12,5559,0,0,0,0,2
2020-05-07,US,Kansas,Sumner,4,1,0,37.23682549,-97.47721621,20191.0,3,4,1,0,3,4,22996,0,0,0,0,0
2020-05-07,US,Kansas,Wabaunsee,27,0,0,38.95471985,-96.20350509,20197.0,27,27,0,0,27,27,6899,0,0,0,0,0
2020-05-07,US,Kansas,Wilson,1,0,0,37.55937174,-95.74323255,20205.0,1,1,0,0,1,1,8665,0,0,0,0,0
2020-05-07,US,Kansas,Woodson,6,0,0,37.8865336,-95.74006277,20207.0,6,6,0,0,6,6,3183,0,0,0,0,0
2020-05-07,US,Kansas,Wyandotte,942,64,0,39.11727348,-94.76378225,20209.0,878,910,64,0,846,896,165324,32,0,0,32,14
2020-05-07,US,Kentucky,Adair,84,13,0,37.10459774,-85.28129668,21001.0,71,82,13,0,69,81,19215,2,0,0,2,1
2020-05-07,US,Kentucky,Allen,25,0,0,36.75197631,-86.19457544,21003.0,25,19,0,0,19,16,21122,6,0,0,6,3
2020-05-07,US,Kentucky,Anderson,9,1,0,38.00671029,-84.99171713,21005.0,8,9,1,0,8,9,22663,0,0,0,0,0
2020-05-07,US,Kentucky,Ballard,8,0,0,37.05842757,-88.99427697,21007.0,8,8,0,0,8,8,7979,0,0,0,0,0
2020-05-07,US,Kentucky,Barren,24,0,0,36.96469836,-85.93338945,21009.0,24,22,0,0,22,22,44176,2,0,0,2,0
2020-05-07,US,Kentucky,Bath,4,1,0,38.14735938,-83.74588932,21011.0,3,4,1,0,3,4,12383,0,0,0,0,0
2020-05-07,US,Kentucky,Boone,197,4,0,38.97065142,-84.72615357,21015.0,193,196,4,0,192,191,131533,1,0,0,1,5
2020-05-07,US,Kentucky,Bourbon,8,1,0,38.2054607,-84.21827874,21017.0,7,8,1,0,7,8,20184,0,0,0,0,0
2020-05-07,US,Kentucky,Boyd,32,3,0,38.36176608,-82.68652187,21019.0,29,31,3,0,28,31,47240,1,0,0,1,0
2020-05-07,US,Kentucky,Boyle,16,0,0,37.62680923,-84.8633779,21021.0,16,16,0,0,16,17,30100,0,0,0,0,-1
2020-05-07,US,Kentucky,Bracken,10,0,0,38.69158994,-84.08532444,21023.0,10,9,0,0,9,9,8239,1,0,0,1,0
2020-05-07,US,Kentucky,Breathitt,2,0,0,37.52333168,-83.31959161,21025.0,2,2,0,0,2,2,12726,0,0,0,0,0
2020-05-07,US,Kentucky,Breckinridge,11,0,0,37.77377239,-86.42885017,21027.0,11,11,0,0,11,9,20388,0,0,0,0,2
2020-05-07,US,Kentucky,Bullitt,74,2,0,37.97162523,-85.68955617,21029.0,72,72,2,0,70,68,81069,2,0,0,2,4
2020-05-07,US,Kentucky,Butler,188,6,0,37.20946153,-86.68748787,21031.0,182,183,4,0,179,181,12772,5,2,0,3,2
2020-05-07,US,Kentucky,Caldwell,12,0,0,37.14749129,-87.86948214,21033.0,12,12,0,0,12,12,12715,0,0,0,0,0
2020-05-07,US,Kentucky,Calloway,35,1,0,36.62093411,-88.2731593,21035.0,34,35,1,0,34,35,39135,0,0,0,0,0
2020-05-07,US,Kentucky,Campbell,110,9,0,38.94384345,-84.37875208,21037.0,101,107,9,0,98,103,93152,3,0,0,3,4
2020-05-07,US,Kentucky,Carlisle,2,1,0,36.85372876,-88.96692220000001,21039.0,1,2,1,0,1,2,4771,0,0,0,0,0
2020-05-07,US,Kentucky,Carroll,2,0,0,38.66599534,-85.12601074,21041.0,2,2,0,0,2,2,10737,0,0,0,0,0
2020-05-07,US,Kentucky,Carter,6,0,0,38.31690743,-83.05092385,21043.0,6,6,0,0,6,6,27004,0,0,0,0,0
2020-05-07,US,Kentucky,Casey,1,0,0,37.32533118,-84.92726209,21045.0,1,1,0,0,1,1,15888,0,0,0,0,0
2020-05-07,US,Kentucky,Christian,92,3,0,36.89267803,-87.49055367,21047.0,89,92,3,0,89,91,71671,0,0,0,0,1
2020-05-07,US,Kentucky,Clark,20,0,0,37.9689263,-84.14615986,21049.0,20,20,0,0,20,20,36249,0,0,0,0,0
2020-05-07,US,Kentucky,Clay,1,0,0,37.16451126,-83.712575,21051.0,1,1,0,0,1,1,20105,0,0,0,0,0
2020-05-07,US,Kentucky,Clinton,3,0,0,36.72581156,-85.13377529,21053.0,3,3,0,0,3,3,10206,0,0,0,0,0
2020-05-07,US,Kentucky,Crittenden,4,1,0,37.35839237,-88.08826090000002,21055.0,3,4,1,0,3,4,8915,0,0,0,0,0
2020-05-07,US,Kentucky,Cumberland,5,0,0,36.78926125,-85.39050034,21057.0,5,5,0,0,5,5,6659,0,0,0,0,0
2020-05-07,US,Kentucky,Daviess,258,4,0,37.73028906,-87.09019479999998,21059.0,254,247,4,0,243,242,101104,11,0,0,11,5
2020-05-07,US,Kentucky,Edmonson,41,5,0,37.21218923,-86.23955613,21061.0,36,38,0,0,38,36,12274,3,5,0,-2,2
2020-05-07,US,Kentucky,Fayette,328,9,0,38.0368225,-84.45576892,21067.0,319,306,9,0,297,298,323780,22,0,0,22,8
2020-05-07,US,Kentucky,Fleming,2,0,0,38.36758311,-83.69657514,21069.0,2,2,0,0,2,2,14432,0,0,0,0,0
2020-05-07,US,Kentucky,Floyd,13,0,0,37.56213922,-82.74750924,21071.0,13,12,0,0,12,12,35845,1,0,0,1,0
2020-05-07,US,Kentucky,Franklin,16,0,0,38.2379395,-84.87962551,21073.0,16,16,0,0,16,16,50815,0,0,0,0,0
2020-05-07,US,Kentucky,Fulton,1,0,0,36.55238827,-89.20140068,21075.0,1,1,0,0,1,1,6120,0,0,0,0,0
2020-05-07,US,Kentucky,Gallatin,1,0,0,38.75398691,-84.8558382,21077.0,1,1,0,0,1,1,8832,0,0,0,0,0
2020-05-07,US,Kentucky,Garrard,2,0,0,37.6388668,-84.53289319,21079.0,2,2,0,0,2,2,17560,0,0,0,0,0
2020-05-07,US,Kentucky,Grant,27,3,0,38.64962758,-84.62415957,21081.0,24,27,3,0,24,26,25121,0,0,0,0,1
2020-05-07,US,Kentucky,Graves,145,14,0,36.72292505,-88.65143315,21083.0,131,142,14,0,128,143,37317,3,0,0,3,-1
2020-05-07,US,Kentucky,Grayson,93,6,0,37.46231118,-86.34248968,21085.0,87,90,5,0,85,91,26321,3,1,0,2,-1
2020-05-07,US,Kentucky,Green,1,0,0,37.26484328,-85.5540745,21087.0,1,1,0,0,1,1,11049,0,0,0,0,0
2020-05-07,US,Kentucky,Greenup,12,0,0,38.54332505,-82.9215658,21089.0,12,12,0,0,12,12,35268,0,0,0,0,0
2020-05-07,US,Kentucky,Hancock,6,0,0,37.83766422,-86.78280584,21091.0,6,6,0,0,6,6,8758,0,0,0,0,0
2020-05-07,US,Kentucky,Hardin,56,2,0,37.6976111,-85.96319251,21093.0,54,55,1,0,54,52,110356,1,1,0,0,3
2020-05-07,US,Kentucky,Harlan,1,0,0,36.85699301,-83.21899516,21095.0,1,,,,,,26409,,,,,
2020-05-07,US,Kentucky,Harrison,18,0,0,38.44188174,-84.32869741,21097.0,18,18,0,0,18,18,18778,0,0,0,0,0
2020-05-07,US,Kentucky,Hart,8,0,0,37.29943898,-85.88461055,21099.0,8,8,0,0,8,8,18906,0,0,0,0,0
2020-05-07,US,Kentucky,Henderson,75,2,0,37.79344553,-87.57392021,21101.0,73,72,2,0,70,73,45591,3,0,0,3,-1
2020-05-07,US,Kentucky,Henry,8,0,0,38.44942688,-85.11587507,21103.0,8,8,0,0,8,8,16106,0,0,0,0,0
2020-05-07,US,Kentucky,Hickman,5,0,0,36.67948079999999,-88.97875928,21105.0,5,5,0,0,5,5,4421,0,0,0,0,0
2020-05-07,US,Kentucky,Hopkins,212,24,0,37.30939025,-87.54670406,21107.0,188,211,24,0,187,204,45068,1,0,0,1,7
2020-05-07,US,Kentucky,Jackson,60,12,0,37.41866422,-83.99825483,21109.0,48,60,12,0,48,60,13442,0,0,0,0,0
2020-05-07,US,Kentucky,Jefferson,1578,107,0,38.18664655,-85.65931031,21111.0,1471,1535,106,0,1429,1497,770517,43,1,0,42,38
2020-05-07,US,Kentucky,Jessamine,40,0,0,37.87119786,-84.58252003,21113.0,40,40,0,0,40,40,53920,0,0,0,0,0
2020-05-07,US,Kentucky,Johnson,4,0,0,37.85106355,-82.8264322,21115.0,4,3,0,0,3,3,22386,1,0,0,1,0
2020-05-07,US,Kentucky,Kenton,360,26,0,38.93950319,-84.53241199,21117.0,334,353,26,0,327,340,166051,7,0,0,7,13
2020-05-07,US,Kentucky,Knott,4,0,0,37.35388197,-82.94981134,21119.0,4,4,0,0,4,4,15126,0,0,0,0,0
2020-05-07,US,Kentucky,Knox,6,0,0,36.89225732,-83.85403396,21121.0,6,6,0,0,6,8,31304,0,0,0,0,-2
2020-05-07,US,Kentucky,Larue,6,0,0,37.54567114,-85.70138352,21123.0,6,6,0,0,6,5,14307,0,0,0,0,1
2020-05-07,US,Kentucky,Laurel,20,2,0,37.10975748,-84.11321779,21125.0,18,20,2,0,18,19,60669,0,0,0,0,1
2020-05-07,US,Kentucky,Lawrence,1,0,0,38.07136018,-82.72882223,21127.0,1,1,0,0,1,1,15571,0,0,0,0,0
2020-05-07,US,Kentucky,Leslie,4,0,0,37.09246661,-83.37999606,21131.0,4,4,0,0,4,4,10143,0,0,0,0,0
2020-05-07,US,Kentucky,Letcher,3,0,0,37.12306748,-82.85346474,21133.0,3,3,0,0,3,3,21899,0,0,0,0,0
2020-05-07,US,Kentucky,Lewis,3,0,0,38.53184419,-83.37735618,21135.0,3,3,0,0,3,3,13257,0,0,0,0,0
2020-05-07,US,Kentucky,Lincoln,6,1,0,37.45475628,-84.6565327,21137.0,5,6,1,0,5,5,24644,0,0,0,0,1
2020-05-07,US,Kentucky,Livingston,6,0,0,37.21137452,-88.34797529,21139.0,6,6,0,0,6,6,9242,0,0,0,0,0
2020-05-07,US,Kentucky,Logan,24,1,0,36.85949479,-86.877635,21141.0,23,15,1,0,14,15,26989,9,0,0,9,0
2020-05-07,US,Kentucky,Lyon,13,3,0,37.02080035,-88.07886257,21143.0,10,13,3,0,10,13,8009,0,0,0,0,0
2020-05-07,US,Kentucky,Madison,33,1,0,37.71659336,-84.27220275,21151.0,32,31,1,0,30,31,92368,2,0,0,2,0
2020-05-07,US,Kentucky,Marion,17,0,0,37.55218078,-85.26898542,21155.0,17,17,0,0,17,17,19404,0,0,0,0,0
2020-05-07,US,Kentucky,Marshall,33,1,0,36.88007070000001,-88.32803576,21157.0,32,33,1,0,32,33,31191,0,0,0,0,0
2020-05-07,US,Kentucky,Martin,3,0,0,37.79990579,-82.51247478,21159.0,3,3,0,0,3,3,11323,0,0,0,0,0
2020-05-07,US,Kentucky,Mason,6,0,0,38.59471935,-83.82151043,21161.0,6,6,0,0,6,6,17150,0,0,0,0,0
2020-05-07,US,Kentucky,McCracken,68,2,0,37.05350953,-88.70445755,21145.0,66,65,2,0,63,63,65346,3,0,0,3,2
2020-05-07,US,Kentucky,McCreary,11,0,0,36.73874143,-84.48102924,21147.0,11,11,0,0,11,11,17408,0,0,0,0,0
2020-05-07,US,Kentucky,McLean,16,1,0,37.5301951,-87.26803443,21149.0,15,16,1,0,15,16,9252,0,0,0,0,0
2020-05-07,US,Kentucky,Meade,17,1,0,37.96163597,-86.21028219,21163.0,16,17,1,0,16,15,28715,0,0,0,0,2
2020-05-07,US,Kentucky,Menifee,3,0,0,37.94090733,-83.59985712,21165.0,3,3,0,0,3,3,6451,0,0,0,0,0
2020-05-07,US,Kentucky,Mercer,10,0,0,37.81474237,-84.87488475,21167.0,10,10,0,0,10,11,21774,0,0,0,0,-1
2020-05-07,US,Kentucky,Metcalfe,2,0,0,36.99459295,-85.63123699,21169.0,2,1,0,0,1,1,10030,1,0,0,1,0
2020-05-07,US,Kentucky,Monroe,6,0,0,36.71225341,-85.71596443,21171.0,6,6,0,0,6,6,10718,0,0,0,0,0
2020-05-07,US,Kentucky,Montgomery,11,0,0,38.03253032,-83.9145241,21173.0,11,11,0,0,11,11,28203,0,0,0,0,0
2020-05-07,US,Kentucky,Morgan,1,0,0,37.92465657,-83.25558245,21175.0,1,1,0,0,1,1,13345,0,0,0,0,0
2020-05-07,US,Kentucky,Muhlenberg,446,6,0,37.21425819,-87.14632053,21177.0,440,446,6,0,440,442,30774,0,0,0,0,4
2020-05-07,US,Kentucky,Nelson,28,0,0,37.80335779,-85.4657193,21179.0,28,24,0,0,24,24,45851,4,0,0,4,0
2020-05-07,US,Kentucky,Nicholas,1,0,0,38.33342292,-84.01889177,21181.0,1,1,0,0,1,1,7166,0,0,0,0,0
2020-05-07,US,Kentucky,Ohio,65,0,0,37.47751843,-86.85368087,21183.0,65,62,0,0,62,62,24087,3,0,0,3,0
2020-05-07,US,Kentucky,Oldham,36,0,0,38.39791089,-85.448222,21185.0,36,35,0,0,35,36,66470,1,0,0,1,-1
2020-05-07,US,Kentucky,Owen,1,0,0,38.51679143,-84.82404619,21187.0,1,1,0,0,1,1,10880,0,0,0,0,0
2020-05-07,US,Kentucky,Owsley,2,0,0,37.42823949,-83.68811419,21189.0,2,2,0,0,2,2,4472,0,0,0,0,0
2020-05-07,US,Kentucky,Pendleton,5,0,0,38.69607718,-84.35599463,21191.0,5,5,0,0,5,5,14529,0,0,0,0,0
2020-05-07,US,Kentucky,Perry,14,0,0,37.25023553,-83.22922731,21193.0,14,14,0,0,14,14,26092,0,0,0,0,0
2020-05-07,US,Kentucky,Pike,15,2,0,37.47088263,-82.39487445,21195.0,13,14,2,0,12,13,58402,1,0,0,1,1
2020-05-07,US,Kentucky,Powell,1,0,0,37.83218794,-83.82553961,21197.0,1,1,0,0,1,1,12442,0,0,0,0,0
2020-05-07,US,Kentucky,Pulaski,43,2,0,37.10466131,-84.57629079,21199.0,41,43,2,0,41,43,64623,0,0,0,0,0
2020-05-07,US,Kentucky,Rockcastle,13,0,0,37.36642393,-84.31176452,21203.0,13,13,0,0,13,12,16750,0,0,0,0,1
2020-05-07,US,Kentucky,Rowan,2,0,0,38.19484205,-83.42088935,21205.0,2,2,0,0,2,2,24583,0,0,0,0,0
2020-05-07,US,Kentucky,Russell,17,4,0,36.99308373,-85.06070117,21207.0,13,17,4,0,13,17,17821,0,0,0,0,0
2020-05-07,US,Kentucky,Scott,32,0,0,38.29622293,-84.5816631,21209.0,32,24,0,0,24,25,56031,8,0,0,8,-1
2020-05-07,US,Kentucky,Shelby,35,3,0,38.21476019,-85.194223,21211.0,32,34,3,0,31,33,48518,1,0,0,1,1
2020-05-07,US,Kentucky,Simpson,32,2,0,36.74058474,-86.58047435,21213.0,30,31,2,0,29,31,18529,1,0,0,1,0
2020-05-07,US,Kentucky,Spencer,16,0,0,38.03223971,-85.32749335,21215.0,16,16,0,0,16,15,18794,0,0,0,0,1
2020-05-07,US,Kentucky,Taylor,9,0,0,37.3677562,-85.3329931,21217.0,9,8,0,0,8,8,25549,1,0,0,1,0
2020-05-07,US,Kentucky,Todd,13,0,0,36.8381152,-87.17878374,21219.0,13,13,0,0,13,13,12311,0,0,0,0,0
2020-05-07,US,Kentucky,Trigg,9,0,0,36.80767017,-87.87333656,21221.0,9,9,0,0,9,9,14643,0,0,0,0,0
2020-05-07,US,Kentucky,Trimble,3,0,0,38.61056487,-85.33775972,21223.0,3,3,0,0,3,3,8515,0,0,0,0,0
2020-05-07,US,Kentucky,Unassigned,38,0,0,0.0,0.0,90021.0,38,41,0,0,41,57,,-3,0,0,-3,-16
2020-05-07,US,Kentucky,Union,10,0,0,37.66166713,-87.94300009,21225.0,10,10,0,0,10,9,14505,0,0,0,0,1
2020-05-07,US,Kentucky,Warren,486,2,0,36.99903045,-86.42672751,21227.0,484,447,1,0,446,426,131264,39,1,0,38,21
2020-05-07,US,Kentucky,Washington,5,0,0,37.75599461,-85.17407732,21229.0,5,5,0,0,5,5,12084,0,0,0,0,0
2020-05-07,US,Kentucky,Wayne,8,0,0,36.80310688,-84.8251971,21231.0,8,8,0,0,8,8,20468,0,0,0,0,0
2020-05-07,US,Kentucky,Webster,27,0,0,37.52168356,-87.67989953,21233.0,27,26,0,0,26,25,13111,1,0,0,1,1
2020-05-07,US,Kentucky,Whitley,11,0,0,36.75700531,-84.14541217,21235.0,11,11,0,0,11,11,36242,0,0,0,0,0
2020-05-07,US,Kentucky,Woodford,17,0,0,38.04178222,-84.7417556,21239.0,17,17,0,0,17,17,26533,0,0,0,0,0
2020-05-07,US,Louisiana,Acadia,142,11,0,30.2950649,-92.41419698,22001.0,131,140,10,0,130,136,62190,2,1,0,1,4
2020-05-07,US,Louisiana,Allen,90,9,0,30.65385745,-92.82442028,22003.0,81,90,9,0,81,90,25605,0,0,0,0,0
2020-05-07,US,Louisiana,Ascension,672,46,0,30.20406249,-90.91328409999998,22005.0,626,664,44,0,620,657,124672,8,2,0,6,7
2020-05-07,US,Louisiana,Assumption,206,9,0,29.89946234,-91.06461642,22007.0,197,203,8,0,195,202,22300,3,1,0,2,1
2020-05-07,US,Louisiana,Avoyelles,74,7,0,31.07796211,-92.00079449,22009.0,67,74,7,0,67,73,40462,0,0,0,0,1
2020-05-07,US,Louisiana,Beauregard,44,4,0,30.64836518,-93.34173616,22011.0,40,44,4,0,40,43,37253,0,0,0,0,1
2020-05-07,US,Louisiana,Bienville,78,16,0,32.34569994,-93.05398492,22013.0,62,78,15,0,63,78,13308,0,1,0,-1,0
2020-05-07,US,Louisiana,Bossier,307,18,0,32.67932307,-93.60460152,22015.0,289,303,18,0,285,300,127185,4,0,0,4,3
2020-05-07,US,Louisiana,Caddo,1690,126,0,32.57991587,-93.88375652,22017.0,1564,1667,124,0,1543,1639,242922,23,2,0,21,28
2020-05-07,US,Louisiana,Calcasieu,478,37,0,30.22931235,-93.35400434,22019.0,441,475,35,0,440,470,203112,3,2,0,1,5
2020-05-07,US,Louisiana,Caldwell,41,0,0,32.0902519,-92.11752148,22021.0,41,41,0,0,41,40,9960,0,0,0,0,1
2020-05-07,US,Louisiana,Cameron,3,0,0,29.87592238,-93.19310676,22023.0,3,3,0,0,3,3,6968,0,0,0,0,0
2020-05-07,US,Louisiana,Catahoula,46,2,0,31.66778967,-91.84526385,22025.0,44,46,2,0,44,46,9608,0,0,0,0,0
2020-05-07,US,Louisiana,Claiborne,58,9,0,32.82308512,-92.99526883,22027.0,49,58,7,0,51,58,15944,0,2,0,-2,0
2020-05-07,US,Louisiana,Concordia,42,4,0,31.44817835,-91.63814433,22029.0,38,42,4,0,38,41,19572,0,0,0,0,1
2020-05-07,US,Louisiana,De Soto,207,13,0,32.05457447,-93.74130302,22031.0,194,205,13,0,192,202,27436,2,0,0,2,3
2020-05-07,US,Louisiana,East Baton Rouge,2256,170,0,30.53842039,-91.09777565,22033.0,2086,2224,165,0,2059,2175,440956,32,5,0,27,49
2020-05-07,US,Louisiana,East Carroll,14,0,0,32.73926954,-91.23425694,22035.0,14,11,0,0,11,9,7037,3,0,0,3,2
2020-05-07,US,Louisiana,East Feliciana,132,19,0,30.84425359,-91.04976723,22037.0,113,132,18,0,114,131,19305,0,1,0,-1,1
2020-05-07,US,Louisiana,Evangeline,64,1,0,30.72985248,-92.39915924,22039.0,63,63,1,0,62,63,33443,1,0,0,1,0
2020-05-07,US,Louisiana,Franklin,145,4,0,32.13675181,-91.67589857,22041.0,141,146,4,0,142,140,20156,-1,0,0,-1,6
2020-05-07,US,Louisiana,Grant,17,0,0,31.59882456,-92.56124347,22043.0,17,17,0,0,17,17,22482,0,0,0,0,0
2020-05-07,US,Louisiana,Iberia,281,26,0,29.86803617,-91.75871777,22045.0,255,278,24,0,254,274,70941,3,2,0,1,4
2020-05-07,US,Louisiana,Iberville,492,33,0,30.25734305,-91.3499598,22047.0,459,489,32,0,457,484,32721,3,1,0,2,5
2020-05-07,US,Louisiana,Jackson,57,4,0,32.30251776,-92.55692092,22049.0,53,56,4,0,52,48,15902,1,0,0,1,8
2020-05-07,US,Louisiana,Jefferson,6588,391,0,29.74075478,-90.11115756,22051.0,6197,6554,387,0,6167,6491,434051,34,4,0,30,63
2020-05-07,US,Louisiana,Jefferson Davis,66,6,0,30.26896765,-92.81210004,22053.0,60,66,6,0,60,65,31582,0,0,0,0,1
2020-05-07,US,Louisiana,LaSalle,30,0,0,31.67884782,-92.15907765,22059.0,30,29,0,0,29,27,14917,1,0,0,1,2
2020-05-07,US,Louisiana,Lafayette,479,21,0,30.2049055,-92.06959876,22055.0,458,477,21,0,456,473,242782,2,0,0,2,4
2020-05-07,US,Louisiana,Lafourche,693,55,0,29.52470226,-90.40976986,22057.0,638,692,53,0,639,686,98115,1,2,0,-1,6
2020-05-07,US,Louisiana,Lincoln,101,11,0,32.6003154,-92.6659741,22061.0,90,99,11,0,88,96,47196,2,0,0,2,3
2020-05-07,US,Louisiana,Livingston,268,19,0,30.44143993,-90.73061664,22063.0,249,266,18,0,248,247,139567,2,1,0,1,19
2020-05-07,US,Louisiana,Madison,8,0,0,32.36918118,-91.23973355,22065.0,8,8,0,0,8,8,11161,0,0,0,0,0
2020-05-07,US,Louisiana,Morehouse,57,5,0,32.81686191,-91.80421614,22067.0,52,55,4,0,51,55,25398,2,1,0,1,0
2020-05-07,US,Louisiana,Natchitoches,91,8,0,31.72321584,-93.09816516,22069.0,83,91,8,0,83,90,38659,0,0,0,0,1
2020-05-07,US,Louisiana,Orleans,6626,463,0,30.06971951,-89.92660315,22071.0,6163,6608,464,0,6144,6575,391006,18,-1,0,19,33
2020-05-07,US,Louisiana,Ouachita,814,25,0,32.47645559,-92.15704172,22073.0,789,806,24,0,782,793,154475,8,1,0,7,13
2020-05-07,US,Louisiana,Plaquemines,185,17,0,29.42245447,-89.60322085,22075.0,168,183,17,0,166,181,23410,2,0,0,2,2
2020-05-07,US,Louisiana,Pointe Coupee,120,17,0,30.71409502,-91.60209535,22077.0,103,117,17,0,100,114,21940,3,0,0,3,3
2020-05-07,US,Louisiana,Rapides,316,11,0,31.19778499,-92.52997303,22079.0,305,316,11,0,305,308,130562,0,0,0,0,8
2020-05-07,US,Louisiana,Red River,34,6,0,32.09530039,-93.34213308,22081.0,28,34,6,0,28,34,8477,0,0,0,0,0
2020-05-07,US,Louisiana,Richland,91,1,0,32.41391005,-91.76634876,22083.0,90,86,1,0,85,84,20192,5,0,0,5,2
2020-05-07,US,Louisiana,Sabine,17,1,0,31.56388699,-93.55433981,22085.0,16,17,1,0,16,17,24032,0,0,0,0,0
2020-05-07,US,Louisiana,St. Bernard,508,20,0,29.87761636,-89.51887093,22087.0,488,505,20,0,485,502,46721,3,0,0,3,3
2020-05-07,US,Louisiana,St. Charles,594,43,0,29.90709658,-90.35555967,22089.0,551,590,43,0,547,589,52879,4,0,0,4,1
2020-05-07,US,Louisiana,St. Helena,32,1,0,30.82210324,-90.71013176,22091.0,31,32,1,0,31,32,10262,0,0,0,0,0
2020-05-07,US,Louisiana,St. James,256,20,0,30.02531716,-90.80212061,22093.0,236,256,20,0,236,254,21037,0,0,0,0,2
2020-05-07,US,Louisiana,St. John the Baptist,791,76,0,30.12597499,-90.4753503,22095.0,715,790,74,0,716,782,43184,1,2,0,-1,8
2020-05-07,US,Louisiana,St. Landry,203,49,0,30.59724262,-92.00135806,22097.0,154,202,48,0,154,198,82764,1,1,0,0,4
2020-05-07,US,Louisiana,St. Martin,254,20,0,30.13112107,-91.61403569,22099.0,234,252,19,0,233,247,53621,2,1,0,1,5
2020-05-07,US,Louisiana,St. Mary,222,24,0,29.69262097,-91.44702164,22101.0,198,215,24,0,191,212,49774,7,0,0,7,3
2020-05-07,US,Louisiana,St. Tammany,1415,124,0,30.40942847,-89.95642711,22103.0,1291,1406,120,0,1286,1369,258111,9,4,0,5,37
2020-05-07,US,Louisiana,Tangipahoa,635,26,0,30.62888673,-90.40664996,22105.0,609,631,25,0,606,605,133777,4,1,0,3,26
2020-05-07,US,Louisiana,Tensas,3,0,0,32.00760749,-91.32915234,22107.0,3,2,0,0,2,2,4462,1,0,0,1,0
2020-05-07,US,Louisiana,Terrebonne,499,35,0,29.37343766,-90.82626855,22109.0,464,476,33,0,443,469,111021,23,2,0,21,7
2020-05-07,US,Louisiana,Unassigned,63,74,0,0.0,0.0,90022.0,-11,63,74,0,-11,63,,0,0,0,0,0
2020-05-07,US,Louisiana,Union,151,8,0,32.83121059,-92.3749373,22111.0,143,148,7,0,141,144,22330,3,1,0,2,4
2020-05-07,US,Louisiana,Vermilion,40,2,0,29.83517605,-92.30292538,22113.0,38,40,2,0,38,40,59830,0,0,0,0,0
2020-05-07,US,Louisiana,Vernon,17,2,0,31.10884837,-93.18153838,22115.0,15,17,2,0,15,17,48860,0,0,0,0,0
2020-05-07,US,Louisiana,Washington,308,24,0,30.85288548,-90.03866652,22117.0,284,298,24,0,274,292,46582,10,0,0,10,6
2020-05-07,US,Louisiana,Webster,97,4,0,32.70847669,-93.33121835,22119.0,93,96,4,0,92,95,38798,1,0,0,1,1
2020-05-07,US,Louisiana,West Baton Rouge,118,24,0,30.46058217,-91.30989571,22121.0,94,118,24,0,94,115,26427,0,0,0,0,3
2020-05-07,US,Louisiana,West Carroll,4,0,0,32.78550125,-91.461201,22123.0,4,4,0,0,4,4,10982,0,0,0,0,0
2020-05-07,US,Louisiana,West Feliciana,174,5,0,30.87882871,-91.4148538,22125.0,169,158,4,0,154,156,15460,16,1,0,15,2
2020-05-07,US,Louisiana,Winn,48,2,0,31.94449367,-92.63789413,22127.0,46,47,2,0,45,46,14134,1,0,0,1,1
2020-05-07,US,Maine,Androscoggin,74,2,0,44.1664747,-70.20380627,23001.0,72,67,2,0,65,62,107679,7,0,0,7,5
2020-05-07,US,Maine,Aroostook,6,0,0,46.65926321,-68.59841248,23003.0,6,6,0,0,6,6,67111,0,0,0,0,0
2020-05-07,US,Maine,Cumberland,631,30,0,43.8370751,-70.37226999,23005.0,601,583,30,0,553,571,293557,48,0,0,48,12
2020-05-07,US,Maine,Franklin,31,1,0,44.97330019,-70.44381045,23007.0,30,29,1,0,28,29,29897,2,0,0,2,0
2020-05-07,US,Maine,Hancock,10,0,0,44.59816444,-68.38401854,23009.0,10,10,0,0,10,10,54811,0,0,0,0,0
2020-05-07,US,Maine,Kennebec,107,8,0,44.40759555,-69.76738544,23011.0,99,106,8,0,98,105,122083,1,0,0,1,1
2020-05-07,US,Maine,Knox,17,0,0,44.11486325,-69.10529169,23013.0,17,17,0,0,17,16,39771,0,0,0,0,1
2020-05-07,US,Maine,Lincoln,14,0,0,44.05996956,-69.54227124,23015.0,14,14,0,0,14,13,34342,0,0,0,0,1
2020-05-07,US,Maine,Oxford,17,0,0,44.49952995,-70.75682123,23017.0,17,16,0,0,16,15,57618,1,0,0,1,1
2020-05-07,US,Maine,Penobscot,89,0,0,45.40194593,-68.65020455,23019.0,89,87,0,0,87,85,151096,2,0,0,2,2
2020-05-07,US,Maine,Piscataquis,1,0,0,45.83839062,-69.2860223,23021.0,1,1,0,0,1,1,16800,0,0,0,0,0
2020-05-07,US,Maine,Sagadahoc,20,0,0,43.95415864,-69.85074999,23023.0,20,20,0,0,20,19,35634,0,0,0,0,1
2020-05-07,US,Maine,Somerset,17,0,0,45.51229767,-69.95995554,23025.0,17,17,0,0,17,17,50592,0,0,0,0,0
2020-05-07,US,Maine,Unassigned,2,0,0,0.0,0.0,90023.0,2,,,,,,,,,,,
2020-05-07,US,Maine,Waldo,49,13,0,44.4858305,-69.12061935,23027.0,36,49,13,0,36,49,39694,0,0,0,0,0
2020-05-07,US,Maine,Washington,2,0,0,45.01607142,-67.62813524,23029.0,2,2,0,0,2,2,31490,0,0,0,0,0
2020-05-07,US,Maine,York,243,8,0,43.47808377,-70.71052375,23031.0,235,230,8,0,222,226,206229,13,0,0,13,4
2020-05-07,US,Maryland,Allegany,143,12,0,39.62357628,-78.69280486,24001.0,131,129,12,0,117,129,70975,14,0,0,14,0
2020-05-07,US,Maryland,Anne Arundel,2194,111,0,39.00670238,-76.60329337,24003.0,2083,2085,108,0,1977,2045,576031,109,3,0,106,40
2020-05-07,US,Maryland,Baltimore,3662,169,0,39.45784712,-76.62911955,24005.0,3493,3527,163,0,3364,3430,828431,135,6,0,129,97
2020-05-07,US,Maryland,Baltimore City,2856,149,0,39.30211911,-76.61151012,24510.0,2707,2752,140,0,2612,2609,621342,104,9,0,95,143
2020-05-07,US,Maryland,Calvert,188,11,0,38.53961642,-76.56820632,24009.0,177,184,11,0,173,174,92003,4,0,0,4,10
2020-05-07,US,Maryland,Caroline,105,0,0,38.87172293,-75.82904158,24011.0,105,101,0,0,101,99,33304,4,0,0,4,2
2020-05-07,US,Maryland,Carroll,534,54,0,39.56453592,-77.02373735,24013.0,480,521,55,0,466,513,168429,13,-1,0,14,8
2020-05-07,US,Maryland,Cecil,208,13,0,39.56647682,-75.94627411,24015.0,195,200,13,0,187,195,102826,8,0,0,8,5
2020-05-07,US,Maryland,Charles,698,51,0,38.51092331,-76.98580666,24017.0,647,670,52,0,618,660,161503,28,-1,0,29,10
2020-05-07,US,Maryland,Dorchester,85,2,0,38.45413522,-76.02752426,24019.0,83,79,2,0,77,76,31998,6,0,0,6,3
2020-05-07,US,Maryland,Frederick,1151,70,0,39.47296601,-77.39999394,24021.0,1081,1108,68,0,1040,1071,255648,43,2,0,41,37
2020-05-07,US,Maryland,Garrett,4,0,0,39.52786077,-79.27355126,24023.0,4,4,0,0,4,4,29163,0,0,0,0,0
2020-05-07,US,Maryland,Harford,552,22,0,39.55010644,-76.30775940000002,24025.0,530,532,21,0,511,499,253956,20,1,0,19,33
2020-05-07,US,Maryland,Howard,1098,27,0,39.25305293,-76.93126208,24027.0,1071,1061,25,0,1036,1010,323196,37,2,0,35,51
2020-05-07,US,Maryland,Kent,98,8,0,39.24976208,-76.04741541,24029.0,90,94,8,0,86,95,19383,4,0,0,4,-1
2020-05-07,US,Maryland,Montgomery,6032,345,0,39.13676329,-77.20358245,24031.0,5687,5790,333,0,5457,5541,1052567,242,12,0,230,249
2020-05-07,US,Maryland,Prince George's,8516,324,0,38.83070039,-76.8496441,24033.0,8192,8135,311,0,7824,7831,909308,381,13,0,368,304
2020-05-07,US,Maryland,Queen Anne's,68,8,0,39.06198912,-76.03530977,24035.0,60,67,8,0,59,65,50251,1,0,0,1,2
2020-05-07,US,Maryland,Somerset,40,0,0,38.1163542,-75.75118623,24039.0,40,39,0,0,39,37,25675,1,0,0,1,2
2020-05-07,US,Maryland,St. Mary's,193,8,0,38.30058422,-76.60629279999998,24037.0,185,186,7,0,179,170,112664,7,1,0,6,16
2020-05-07,US,Maryland,Talbot,52,1,0,38.76618159,-76.10882561,24041.0,51,45,1,0,44,45,36968,7,0,0,7,0
2020-05-07,US,Maryland,Unassigned,0,95,0,0.0,0.0,90024.0,-95,0,78,0,-78,0,,0,17,0,-17,0
2020-05-07,US,Maryland,Washington,260,7,0,39.60835778,-77.82002295,24043.0,253,251,7,0,244,238,150926,9,0,0,9,13
2020-05-07,US,Maryland,Wicomico,541,13,0,38.37301947,-75.62705831,24045.0,528,517,11,0,506,500,103195,24,2,0,22,17
2020-05-07,US,Maryland,Worcester,96,3,0,38.21274277,-75.33200012,24047.0,93,86,3,0,83,81,51823,10,0,0,10,5
2020-05-07,US,Massachusetts,Barnstable,1021,57,0,41.72980578,-70.28854339,25001.0,964,997,55,0,942,969,213413,24,2,0,22,28
2020-05-07,US,Massachusetts,Berkshire,464,37,0,42.37428441,-73.20524838,25003.0,427,461,37,0,424,457,126348,3,0,0,3,4
2020-05-07,US,Massachusetts,Bristol,4529,232,0,41.79228404,-71.10872211,25005.0,4297,4380,223,0,4157,4235,564022,149,9,0,140,145
2020-05-07,US,Massachusetts,Dukes and Nantucket,33,1,0,41.40674725,-70.68763497,0.0,32,34,1,0,33,32,26707,-1,0,0,-1,2
2020-05-07,US,Massachusetts,Essex,10610,578,0,42.6687626,-70.94687179,25009.0,10032,10344,561,0,9783,9979,790638,266,17,0,249,365
2020-05-07,US,Massachusetts,Franklin,285,39,0,42.58119713,-72.58602547,25011.0,246,278,38,0,240,275,70963,7,1,0,6,3
2020-05-07,US,Massachusetts,Hampden,4441,434,0,42.13440424,-72.63235561,25013.0,4007,4321,425,0,3896,4203,470406,120,9,0,111,118
2020-05-07,US,Massachusetts,Hampshire,595,48,0,42.33997957,-72.65898478,25015.0,547,580,47,0,533,575,161355,15,1,0,14,5
2020-05-07,US,Massachusetts,Middlesex,16676,1103,0,42.48607732,-71.39049229,25017.0,15573,16327,1070,0,15257,15980,1614714,349,33,0,316,347
2020-05-07,US,Massachusetts,Norfolk,6729,608,0,42.16073095,-71.20530408,25021.0,6121,6610,596,0,6014,6466,705388,119,12,0,107,144
2020-05-07,US,Massachusetts,Plymouth,6081,364,0,41.94070556,-70.80802823,25023.0,5717,5899,357,0,5542,5736,518132,182,7,0,175,163
2020-05-07,US,Massachusetts,Suffolk,14732,663,0,42.3279514,-71.07850442,25025.0,14069,14476,642,0,13834,14173,807252,256,21,0,235,303
2020-05-07,US,Massachusetts,Unassigned,328,3,0,0.0,0.0,90025.0,325,326,3,0,323,594,,2,0,0,2,-268
2020-05-07,US,Massachusetts,Worcester,7197,385,0,42.35026951,-71.90493363,25027.0,6812,6992,365,0,6627,6597,830839,205,20,0,185,395
2020-05-07,US,Michigan,Alcona,4,1,0,44.6846864,-83.59507875,26001.0,3,4,1,0,3,4,10362,0,0,0,0,0
2020-05-07,US,Michigan,Allegan,126,2,0,42.59147037,-85.89102866,26005.0,124,124,2,0,122,120,117327,2,0,0,2,4
2020-05-07,US,Michigan,Alpena,86,8,0,45.03477666,-83.62212411,26007.0,78,86,7,0,79,85,28360,0,1,0,-1,1
2020-05-07,US,Michigan,Antrim,10,0,0,44.99690221,-85.15503082,26009.0,10,10,0,0,10,10,23365,0,0,0,0,0
2020-05-07,US,Michigan,Arenac,27,1,0,44.0636262,-83.89277559,26011.0,26,27,1,0,26,28,15041,0,0,0,0,-1
2020-05-07,US,Michigan,Baraga,1,0,0,46.6720582,-88.36363591,26013.0,1,1,0,0,1,1,8320,0,0,0,0,0
2020-05-07,US,Michigan,Barry,41,1,0,42.59513984,-85.30834519,26015.0,40,39,1,0,38,39,61157,2,0,0,2,0
2020-05-07,US,Michigan,Bay,179,9,0,43.70639106,-83.98731479,26017.0,170,176,9,0,167,162,103923,3,0,0,3,14
2020-05-07,US,Michigan,Benzie,4,0,0,44.63899297,-86.01608482,26019.0,4,4,0,0,4,4,17753,0,0,0,0,0
2020-05-07,US,Michigan,Berrien,354,21,0,41.95447397,-86.41313079999998,26021.0,333,344,20,0,324,315,154141,10,1,0,9,29
2020-05-07,US,Michigan,Branch,73,2,0,41.91600556,-85.05929476,26023.0,71,72,2,0,70,70,43622,1,0,0,1,2
2020-05-07,US,Michigan,Calhoun,252,17,0,42.24633834,-85.00493569,26025.0,235,250,17,0,233,246,134487,2,0,0,2,4
2020-05-07,US,Michigan,Cass,36,2,0,41.91522292,-85.99405727,26027.0,34,35,2,0,33,34,51653,1,0,0,1,1
2020-05-07,US,Michigan,Charlevoix,14,1,0,45.37790017,-85.19614053,26029.0,13,14,1,0,13,13,26244,0,0,0,0,1
2020-05-07,US,Michigan,Cheboygan,19,1,0,45.44787015,-84.50122149,26031.0,18,19,1,0,18,19,25413,0,0,0,0,0
2020-05-07,US,Michigan,Chippewa,2,0,0,46.29552653,-84.54353449,26033.0,2,2,0,0,2,2,37517,0,0,0,0,0
2020-05-07,US,Michigan,Clare,12,2,0,43.98794227,-84.84819859999998,26035.0,10,12,2,0,10,11,30757,0,0,0,0,1
2020-05-07,US,Michigan,Clinton,126,10,0,42.94400871,-84.60145248,26037.0,116,123,10,0,113,120,79332,3,0,0,3,3
2020-05-07,US,Michigan,Crawford,56,4,0,44.68255561,-84.61006219,26039.0,52,56,4,0,52,56,13901,0,0,0,0,0
2020-05-07,US,Michigan,Delta,15,2,0,45.90484910000001,-86.9080745,26041.0,13,14,2,0,12,14,35857,1,0,0,1,0
2020-05-07,US,Michigan,Dickinson,4,2,0,46.00999672,-87.86961634,26043.0,2,4,2,0,2,3,25383,0,0,0,0,1
2020-05-07,US,Michigan,Eaton,146,6,0,42.59599185,-84.83740035,26045.0,140,141,6,0,135,138,109826,5,0,0,5,3
2020-05-07,US,Michigan,Emmet,21,2,0,45.52625509,-84.89083249,26047.0,19,21,2,0,19,21,33308,0,0,0,0,0
2020-05-07,US,Michigan,Federal Correctional Institution (FCI),106,3,0,0.0,0.0,0.0,103,104,2,0,102,98,,2,1,0,1,6
2020-05-07,US,Michigan,Genesee,1731,213,0,43.02244215,-83.70589709,26049.0,1518,1710,208,0,1502,1668,406892,21,5,0,16,42
2020-05-07,US,Michigan,Gladwin,15,1,0,43.98901072,-84.38774817,26051.0,14,15,1,0,14,14,25337,0,0,0,0,1
2020-05-07,US,Michigan,Gogebic,4,1,0,46.40862701,-89.69377193,26053.0,3,4,1,0,3,5,15096,0,0,0,0,-1
2020-05-07,US,Michigan,Grand Traverse,20,5,0,44.69565625,-85.55585247,26055.0,15,20,5,0,15,20,92573,0,0,0,0,0
2020-05-07,US,Michigan,Gratiot,27,2,0,43.29265605,-84.60505416,26057.0,25,26,2,0,24,26,40599,1,0,0,1,0
2020-05-07,US,Michigan,Hillsdale,146,21,0,41.88753639,-84.59312019,26059.0,125,138,21,0,117,137,45749,8,0,0,8,1
2020-05-07,US,Michigan,Houghton,2,0,0,46.89988536,-88.68495385,26061.0,2,2,0,0,2,2,36219,0,0,0,0,0
2020-05-07,US,Michigan,Huron,31,1,0,43.83353985,-83.04078453,26063.0,30,28,1,0,27,25,31166,3,0,0,3,3
2020-05-07,US,Michigan,Ingham,557,14,0,42.59716886,-84.37472069,26065.0,543,539,14,0,525,518,292735,18,0,0,18,21
2020-05-07,US,Michigan,Ionia,99,2,0,42.94502238,-85.07413319,26067.0,97,98,2,0,96,93,64210,1,0,0,1,5
2020-05-07,US,Michigan,Iosco,54,8,0,44.35486835,-83.63484895,26069.0,46,53,7,0,46,52,25081,1,1,0,0,1
2020-05-07,US,Michigan,Isabella,61,7,0,43.64060976,-84.84664923,26073.0,54,61,7,0,54,61,70562,0,0,0,0,0
2020-05-07,US,Michigan,Jackson,380,26,0,42.24807035,-84.42258681,26075.0,354,373,26,0,347,367,158823,7,0,0,7,6
2020-05-07,US,Michigan,Kalamazoo,561,25,0,42.24542231,-85.53038622,26077.0,536,539,23,0,516,489,264870,22,2,0,20,50
2020-05-07,US,Michigan,Kalkaska,17,2,0,44.68512729,-85.09085699,26079.0,15,17,2,0,15,17,17824,0,0,0,0,0
2020-05-07,US,Michigan,Kent,2076,41,0,43.03197711,-85.54934642,26081.0,2035,2016,40,0,1976,1914,653786,60,1,0,59,102
2020-05-07,US,Michigan,Lake,2,0,0,43.99050893,-85.802173,26085.0,2,2,0,0,2,2,11881,0,0,0,0,0
2020-05-07,US,Michigan,Lapeer,174,29,0,43.09052506,-83.22153148,26087.0,145,174,29,0,145,173,88028,0,0,0,0,1
2020-05-07,US,Michigan,Leelanau,9,0,0,44.94430054,-85.80150326,26089.0,9,9,0,0,9,9,21764,0,0,0,0,0
2020-05-07,US,Michigan,Lenawee,121,2,0,41.89475156,-84.06603727,26091.0,119,114,2,0,112,110,98266,7,0,0,7,4
2020-05-07,US,Michigan,Livingston,368,20,0,42.60302282,-83.91297209,26093.0,348,366,20,0,346,362,191224,2,0,0,2,4
2020-05-07,US,Michigan,Luce,1,0,0,46.47227431,-85.54471223,26095.0,1,1,0,0,1,1,6283,0,0,0,0,0
2020-05-07,US,Michigan,Mackinac,6,0,0,46.07028979,-85.04980537,26097.0,6,6,0,0,6,6,10787,0,0,0,0,0
2020-05-07,US,Michigan,Macomb,5876,678,0,42.69158356,-82.92752801,26099.0,5198,5832,662,0,5170,5789,874759,44,16,0,28,43
2020-05-07,US,Michigan,Manistee,11,0,0,44.33352407,-86.05626916,26101.0,11,11,0,0,11,11,24528,0,0,0,0,0
2020-05-07,US,Michigan,Marquette,53,8,0,46.4338914,-87.64043701,26103.0,45,51,8,0,43,50,66516,2,0,0,2,1
2020-05-07,US,Michigan,Mason,15,0,0,43.99509218,-86.24988902,26105.0,15,14,0,0,14,13,29100,1,0,0,1,1
2020-05-07,US,Michigan,Mecosta,15,2,0,43.64064262,-85.32463223,26107.0,13,15,2,0,13,14,43545,0,0,0,0,1
2020-05-07,US,Michigan,Menominee,6,0,0,45.58038692,-87.55370409,26109.0,6,6,0,0,6,6,22983,0,0,0,0,0
2020-05-07,US,Michigan,Michigan Department of Corrections (MDOC),2036,50,0,0.0,0.0,0.0,1986,1936,48,0,1888,1898,,100,2,0,98,38
2020-05-07,US,Michigan,Midland,63,8,0,43.64330771,-84.38804374,26111.0,55,63,7,0,56,62,83209,0,1,0,-1,1
2020-05-07,US,Michigan,Missaukee,16,1,0,44.33772443,-85.09256478,26113.0,15,16,1,0,15,16,15113,0,0,0,0,0
2020-05-07,US,Michigan,Monroe,371,15,0,41.92734151,-83.53749864,26115.0,356,354,15,0,339,327,150439,17,0,0,17,27
2020-05-07,US,Michigan,Montcalm,46,1,0,43.31082541,-85.15252824,26117.0,45,46,1,0,45,46,63968,0,0,0,0,0
2020-05-07,US,Michigan,Montmorency,5,0,0,45.0275929,-84.12696227,26119.0,5,5,0,0,5,5,9265,0,0,0,0,0
2020-05-07,US,Michigan,Muskegon,344,19,0,43.29123859,-86.15176712,26121.0,325,335,19,0,316,318,173588,9,0,0,9,17
2020-05-07,US,Michigan,Newaygo,34,0,0,43.554374,-85.80070107,26123.0,34,32,0,0,32,31,48892,2,0,0,2,1
2020-05-07,US,Michigan,Oakland,7624,789,0,42.66090111,-83.38595416,26125.0,6835,7573,774,0,6799,7522,1259201,51,15,0,36,51
2020-05-07,US,Michigan,Oceana,23,1,0,43.64124435,-86.26726673,26127.0,22,22,1,0,21,21,26625,1,0,0,1,1
2020-05-07,US,Michigan,Ogemaw,15,0,0,44.33481032,-84.12725175,26129.0,15,15,0,0,15,15,20952,0,0,0,0,0
2020-05-07,US,Michigan,Osceola,8,0,0,43.98992088,-85.32566756,26133.0,8,8,0,0,8,8,23341,0,0,0,0,0
2020-05-07,US,Michigan,Oscoda,5,0,0,44.68192279,-84.12939244,26135.0,5,5,0,0,5,5,8276,0,0,0,0,0
2020-05-07,US,Michigan,Otsego,95,8,0,45.02085831,-84.59898295,26137.0,87,95,8,0,87,94,24665,0,0,0,0,1
2020-05-07,US,Michigan,Ottawa,368,19,0,42.95996803,-85.9969107,26139.0,349,368,19,0,349,346,290494,0,0,0,0,22
2020-05-07,US,Michigan,Out of MI,64,0,0,0.0,0.0,80026.0,64,64,0,0,64,64,,0,0,0,0,0
2020-05-07,US,Michigan,Presque Isle,12,0,0,45.34018577,-83.91498656,26141.0,12,11,0,0,11,11,12738,1,0,0,1,0
2020-05-07,US,Michigan,Roscommon,18,0,0,44.33473082,-84.61067651,26143.0,18,18,0,0,18,18,23884,0,0,0,0,0
2020-05-07,US,Michigan,Saginaw,772,78,0,43.33433923,-84.05131209999998,26145.0,694,760,74,0,686,742,190800,12,4,0,8,18
2020-05-07,US,Michigan,Sanilac,38,5,0,43.42406072,-82.82055898,26151.0,33,38,5,0,33,36,41182,0,0,0,0,2
2020-05-07,US,Michigan,Schoolcraft,4,0,0,46.19235734,-86.19972234,26153.0,4,3,0,0,3,3,8068,1,0,0,1,0
2020-05-07,US,Michigan,Shiawassee,198,13,0,42.95392800000001,-84.14585902,26155.0,185,196,13,0,183,189,68192,2,0,0,2,7
2020-05-07,US,Michigan,St. Clair,342,23,0,42.92655373,-82.67937954,26147.0,319,342,22,0,320,342,159337,0,1,0,-1,0
2020-05-07,US,Michigan,St. Joseph,47,1,0,41.91441767,-85.52797979,26149.0,46,44,1,0,43,43,61043,3,0,0,3,1
2020-05-07,US,Michigan,Tuscola,126,16,0,43.46606813,-83.41897025,26157.0,110,118,16,0,102,117,52516,8,0,0,8,1
2020-05-07,US,Michigan,Unassigned,30,0,0,0.0,0.0,90026.0,30,13,1,0,12,13,,17,-1,0,18,0
2020-05-07,US,Michigan,Van Buren,73,2,0,42.25190229,-86.01939087,26159.0,71,68,2,0,66,69,75448,5,0,0,5,-1
2020-05-07,US,Michigan,Washtenaw,1140,77,0,42.253105,-83.83853204,26161.0,1063,1129,77,0,1052,1123,370963,11,0,0,11,6
2020-05-07,US,Michigan,Wayne,17667,2012,0,42.28098405,-83.281255,26163.0,15655,17571,1973,0,15598,17391,1753893,96,39,0,57,180
2020-05-07,US,Michigan,Wexford,9,2,0,44.33853602,-85.57712739,26165.0,7,9,2,0,7,9,33466,0,0,0,0,0
2020-05-07,US,Minnesota,Aitkin,1,0,0,46.60962049,-93.4116826,27001.0,1,1,0,0,1,1,15902,0,0,0,0,0
2020-05-07,US,Minnesota,Anoka,426,27,0,45.27476015,-93.24604565,27003.0,399,382,24,0,358,344,353813,44,3,0,41,38
2020-05-07,US,Minnesota,Becker,18,0,0,46.93479392,-95.67158144,27005.0,18,16,0,0,16,15,34371,2,0,0,2,1
2020-05-07,US,Minnesota,Beltrami,6,0,0,47.97373527,-94.93732139,27007.0,6,6,0,0,6,6,46847,0,0,0,0,0
2020-05-07,US,Minnesota,Benton,64,1,0,45.69804958,-93.99514135,27009.0,63,59,1,0,58,48,40545,5,0,0,5,11
2020-05-07,US,Minnesota,Big Stone,2,0,0,45.42712824,-96.41403739,27011.0,2,2,0,0,2,2,4989,0,0,0,0,0
2020-05-07,US,Minnesota,Blue Earth,55,0,0,44.03554215,-94.06699781,27013.0,55,53,0,0,53,51,67427,2,0,0,2,2
2020-05-07,US,Minnesota,Brown,9,1,0,44.24205652,-94.72562874,27015.0,8,9,1,0,8,9,25111,0,0,0,0,0
2020-05-07,US,Minnesota,Carlton,62,0,0,46.59180601,-92.67601019,27017.0,62,61,0,0,61,60,35837,1,0,0,1,1
2020-05-07,US,Minnesota,Carver,58,0,0,44.82017001,-93.8009918,27019.0,58,51,0,0,51,39,103551,7,0,0,7,12
2020-05-07,US,Minnesota,Cass,7,0,0,46.95043611,-94.32603968,27021.0,7,7,0,0,7,7,29519,0,0,0,0,0
2020-05-07,US,Minnesota,Chippewa,5,0,0,45.02343421,-95.56403693,27023.0,5,4,0,0,4,3,11924,1,0,0,1,1
2020-05-07,US,Minnesota,Chisago,14,1,0,45.5021011,-92.90861945,27025.0,13,14,1,0,13,13,55922,0,0,0,0,1
2020-05-07,US,Minnesota,Clay,222,15,0,46.89289518,-96.48761922,27027.0,207,215,14,0,201,201,63955,7,1,0,6,14
2020-05-07,US,Minnesota,Clearwater,2,0,0,47.57992111,-95.37790562,27029.0,2,2,0,0,2,2,8810,0,0,0,0,0
2020-05-07,US,Minnesota,Cottonwood,43,0,0,44.00715262,-95.18138802,27033.0,43,42,0,0,42,41,11277,1,0,0,1,1
2020-05-07,US,Minnesota,Crow Wing,23,1,0,46.48096553,-94.06755609,27035.0,22,21,1,0,20,21,64889,2,0,0,2,0
2020-05-07,US,Minnesota,Dakota,322,12,0,44.67172617,-93.06299363,27037.0,310,292,12,0,280,241,425423,30,0,0,30,51
2020-05-07,US,Minnesota,Dodge,21,0,0,44.02238415,-92.86244324,27039.0,21,21,0,0,21,21,20822,0,0,0,0,0
2020-05-07,US,Minnesota,Douglas,14,0,0,45.93348491,-95.45335469,27041.0,14,12,0,0,12,10,37964,2,0,0,2,2
2020-05-07,US,Minnesota,Faribault,7,0,0,43.67381499,-93.94787458,27043.0,7,8,0,0,8,7,13758,-1,0,0,-1,1
2020-05-07,US,Minnesota,Fillmore,12,1,0,43.67394126,-92.08980382,27045.0,11,12,1,0,11,12,21058,0,0,0,0,0
2020-05-07,US,Minnesota,Freeborn,39,0,0,43.67385583,-93.34884422,27047.0,39,38,0,0,38,37,30444,1,0,0,1,1
2020-05-07,US,Minnesota,Goodhue,25,0,0,44.40849741,-92.7234195,27049.0,25,23,0,0,23,23,46403,2,0,0,2,0
2020-05-07,US,Minnesota,Grant,1,0,0,45.93424769,-96.01139609,27051.0,1,1,0,0,1,1,6021,0,0,0,0,0
2020-05-07,US,Minnesota,Hennepin,2962,342,0,45.00761521,-93.47694895,27053.0,2620,2764,325,0,2439,2519,1259428,198,17,0,181,245
2020-05-07,US,Minnesota,Houston,2,0,0,43.67129565,-91.49143057,27055.0,2,1,0,0,1,1,18578,1,0,0,1,0
2020-05-07,US,Minnesota,Isanti,7,0,0,45.56181234,-93.29487636,27059.0,7,7,0,0,7,6,39966,0,0,0,0,1
2020-05-07,US,Minnesota,Itasca,24,0,0,47.51009045,-93.63092229,27061.0,24,24,0,0,24,13,45108,0,0,0,0,11
2020-05-07,US,Minnesota,Jackson,29,0,0,43.67423373,-95.15398258,27063.0,29,25,0,0,25,25,9911,4,0,0,4,0
2020-05-07,US,Minnesota,Kanabec,4,0,0,45.9459309,-93.29275192,27065.0,4,2,0,0,2,2,16207,2,0,0,2,0
2020-05-07,US,Minnesota,Kandiyohi,238,1,0,45.1526059,-95.00586446,27067.0,237,211,1,0,210,200,42855,27,0,0,27,11
2020-05-07,US,Minnesota,Kittson,1,0,0,48.77754106,-96.78317184,27069.0,1,1,0,0,1,1,4248,0,0,0,0,0
2020-05-07,US,Minnesota,Koochiching,1,0,0,48.24539665,-93.78352843,27071.0,1,1,0,0,1,1,12440,0,0,0,0,0
2020-05-07,US,Minnesota,Lac qui Parle,2,0,0,44.9973857,-96.17488219,27073.0,2,2,0,0,2,2,6658,0,0,0,0,0
2020-05-07,US,Minnesota,Lake,1,0,0,47.64270764,-91.44557998,27075.0,1,,,,,,10658,,,,,
2020-05-07,US,Minnesota,Le Sueur,28,0,0,44.37136597,-93.72844721,27079.0,28,26,0,0,26,26,28494,2,0,0,2,0
2020-05-07,US,Minnesota,Lincoln,3,0,0,44.41311883,-96.26688165,27081.0,3,3,0,0,3,3,5673,0,0,0,0,0
2020-05-07,US,Minnesota,Lyon,15,0,0,44.41327865,-95.83806103,27083.0,15,11,0,0,11,10,25629,4,0,0,4,1
2020-05-07,US,Minnesota,Mahnomen,2,1,0,47.32557075,-95.80921485,27087.0,1,2,1,0,1,2,5519,0,0,0,0,0
2020-05-07,US,Minnesota,Marshall,8,0,0,48.35825983,-96.37017407,27089.0,8,7,0,0,7,7,9390,1,0,0,1,0
2020-05-07,US,Minnesota,Martin,111,4,0,43.67429718,-94.55099908,27091.0,107,111,4,0,107,110,19785,0,0,0,0,1
2020-05-07,US,Minnesota,McLeod,6,0,0,44.82367677,-94.27287017,27085.0,6,6,0,0,6,5,35873,0,0,0,0,1
2020-05-07,US,Minnesota,Meeker,18,0,0,45.12328869,-94.52839455,27093.0,18,18,0,0,18,17,23141,0,0,0,0,1
2020-05-07,US,Minnesota,Mille Lacs,6,1,0,45.93705297,-93.63236823,27095.0,5,5,1,0,4,4,26139,1,0,0,1,1
2020-05-07,US,Minnesota,Morrison,11,0,0,46.01265363,-94.27341528,27097.0,11,9,0,0,9,7,33169,2,0,0,2,2
2020-05-07,US,Minnesota,Mower,36,0,0,43.67142874,-92.75234549,27099.0,36,35,0,0,35,33,40011,1,0,0,1,2
2020-05-07,US,Minnesota,Murray,25,0,0,44.02216709,-95.76328482,27101.0,25,20,0,0,20,20,8276,5,0,0,5,0
2020-05-07,US,Minnesota,Nicollet,18,2,0,44.35291112,-94.24710352,27103.0,16,17,2,0,15,16,34220,1,0,0,1,1
2020-05-07,US,Minnesota,Nobles,1153,2,0,43.67434621,-95.75329576,27105.0,1151,1082,2,0,1080,1069,21924,71,0,0,71,13
2020-05-07,US,Minnesota,Norman,9,0,0,47.32628443,-96.45620947,27107.0,9,9,0,0,9,9,6475,0,0,0,0,0
2020-05-07,US,Minnesota,Olmsted,336,8,0,44.00374114,-92.40209944,27109.0,328,322,8,0,314,313,156277,14,0,0,14,9
2020-05-07,US,Minnesota,Otter Tail,21,0,0,46.40846929,-95.70835255,27111.0,21,19,0,0,19,19,58812,2,0,0,2,0
2020-05-07,US,Minnesota,Pennington,1,0,0,48.06642577,-96.0370814,27113.0,1,1,0,0,1,1,14178,0,0,0,0,0
2020-05-07,US,Minnesota,Pine,61,0,0,46.12105238,-92.74070188,27115.0,61,61,0,0,61,60,29483,0,0,0,0,1
2020-05-07,US,Minnesota,Pipestone,5,0,0,44.02301619,-96.25841142,27117.0,5,4,0,0,4,4,9047,1,0,0,1,0
2020-05-07,US,Minnesota,Polk,43,0,0,47.77372465,-96.40134647,27119.0,43,43,0,0,43,42,31529,0,0,0,0,1
2020-05-07,US,Minnesota,Pope,3,0,0,45.58606667,-95.44451209,27121.0,3,1,0,0,1,1,11097,2,0,0,2,0
2020-05-07,US,Minnesota,Ramsey,717,39,0,45.01625271,-93.09872295,27123.0,678,656,38,0,618,583,550210,61,1,0,60,73
2020-05-07,US,Minnesota,Red Lake,1,0,0,47.87197525,-96.09561104,27125.0,1,1,0,0,1,1,3999,0,0,0,0,0
2020-05-07,US,Minnesota,Redwood,3,0,0,44.40555844,-95.25207021,27127.0,3,3,0,0,3,3,15249,0,0,0,0,0
2020-05-07,US,Minnesota,Renville,6,0,0,44.72836381,-94.94553734,27129.0,6,6,0,0,6,5,14612,0,0,0,0,1
2020-05-07,US,Minnesota,Rice,48,1,0,44.3543376,-93.29658715,27131.0,47,30,1,0,29,30,66523,18,0,0,18,0
2020-05-07,US,Minnesota,Rock,19,0,0,43.67482683,-96.25296832,27133.0,19,18,0,0,18,18,9414,1,0,0,1,0
2020-05-07,US,Minnesota,Roseau,1,0,0,48.77501878,-95.81079919,27135.0,1,1,0,0,1,1,15150,0,0,0,0,0
2020-05-07,US,Minnesota,Scott,100,1,0,44.6490231,-93.53340251,27139.0,99,90,1,0,89,74,147381,10,0,0,10,16
2020-05-07,US,Minnesota,Sherburne,88,1,0,45.44447208,-93.77617511,27141.0,87,80,1,0,79,71,96036,8,0,0,8,9
2020-05-07,US,Minnesota,Sibley,2,0,0,44.5796592,-94.23164924,27143.0,2,2,0,0,2,2,15028,0,0,0,0,0
2020-05-07,US,Minnesota,St. Louis,89,11,0,47.6048407,-92.46879855,27137.0,78,86,11,0,75,81,199754,3,0,0,3,5
2020-05-07,US,Minnesota,Stearns,1161,4,0,45.55192576,-94.61078221,27145.0,1157,975,3,0,972,815,159256,186,1,0,185,160
2020-05-07,US,Minnesota,Steele,37,0,0,44.02240351,-93.22627088,27147.0,37,29,0,0,29,25,36803,8,0,0,8,4
2020-05-07,US,Minnesota,Stevens,1,0,0,45.58613007,-96.00163705,27149.0,1,,,,,,9753,,,,,
2020-05-07,US,Minnesota,Swift,2,0,0,45.2829032,-95.68264092,27151.0,2,2,0,0,2,2,9345,0,0,0,0,0
2020-05-07,US,Minnesota,Todd,26,0,0,46.06996226,-94.89785296,27153.0,26,18,0,0,18,15,24582,8,0,0,8,3
2020-05-07,US,Minnesota,Traverse,2,0,0,45.77298854,-96.47062949,27155.0,2,2,0,0,2,2,3308,0,0,0,0,0
2020-05-07,US,Minnesota,Unassigned,20,0,0,0.0,0.0,90027.0,20,11,0,0,11,22,,9,0,0,9,-11
2020-05-07,US,Minnesota,Wabasha,12,0,0,44.28424356,-92.23121312,27157.0,12,10,0,0,10,10,21645,2,0,0,2,0
2020-05-07,US,Minnesota,Wadena,4,0,0,46.58589171,-94.96968506,27159.0,4,3,0,0,3,3,13773,1,0,0,1,0
2020-05-07,US,Minnesota,Waseca,12,0,0,44.02211116,-93.58720034,27161.0,12,7,0,0,7,6,18691,5,0,0,5,1
2020-05-07,US,Minnesota,Washington,193,12,0,45.03864533,-92.88429635,27163.0,181,181,12,0,169,162,259201,12,0,0,12,19
2020-05-07,US,Minnesota,Watonwan,18,0,0,43.97823903,-94.61413846,27165.0,18,15,0,0,15,15,10980,3,0,0,3,0
2020-05-07,US,Minnesota,Wilkin,11,3,0,46.35721532,-96.4684375,27167.0,8,11,3,0,8,11,6254,0,0,0,0,0
2020-05-07,US,Minnesota,Winona,68,15,0,43.98772283,-91.78081305,27169.0,53,68,15,0,53,68,50825,0,0,0,0,0
2020-05-07,US,Minnesota,Wright,73,1,0,45.17297924,-93.96234781,27171.0,72,69,1,0,68,60,136349,4,0,0,4,9
2020-05-07,US,Minnesota,Yellow Medicine,3,0,0,44.71710183,-95.86842453,27173.0,3,3,0,0,3,3,9795,0,0,0,0,0
2020-05-07,US,Mississippi,Adams,157,11,0,31.47669768,-91.35326037,28001.0,146,154,10,0,144,151,31192,3,1,0,2,3
2020-05-07,US,Mississippi,Alcorn,10,1,0,34.88084463,-88.57996173,28003.0,9,10,1,0,9,10,36925,0,0,0,0,0
2020-05-07,US,Mississippi,Amite,33,0,0,31.17467303,-90.80501621,28005.0,33,32,0,0,32,32,12326,1,0,0,1,0
2020-05-07,US,Mississippi,Attala,170,3,0,33.08658803,-89.57838564,28007.0,167,159,3,0,156,137,18365,11,0,0,11,22
2020-05-07,US,Mississippi,Benton,13,0,0,34.81681228,-89.18945516,28009.0,13,12,0,0,12,12,8271,1,0,0,1,0
2020-05-07,US,Mississippi,Bolivar,115,8,0,33.79696941,-90.87372121,28011.0,107,115,8,0,107,112,31333,0,0,0,0,3
2020-05-07,US,Mississippi,Calhoun,57,4,0,33.93683395,-89.33686647,28013.0,53,57,4,0,53,58,14436,0,0,0,0,-1
2020-05-07,US,Mississippi,Carroll,99,3,0,33.44834567,-89.91994479,28015.0,96,102,3,0,99,111,9911,-3,0,0,-3,-9
2020-05-07,US,Mississippi,Chickasaw,84,9,0,33.91983202,-88.9481545,28017.0,75,83,9,0,74,80,17171,1,0,0,1,3
2020-05-07,US,Mississippi,Choctaw,14,2,0,33.34598242,-89.24809382,28019.0,12,14,2,0,12,14,8278,0,0,0,0,0
2020-05-07,US,Mississippi,Claiborne,33,0,0,31.97061673,-90.90702196,28021.0,33,33,0,0,33,33,9002,0,0,0,0,0
2020-05-07,US,Mississippi,Clarke,71,6,0,32.04158545,-88.68896219999998,28023.0,65,68,6,0,62,67,15604,3,0,0,3,1
2020-05-07,US,Mississippi,Clay,63,3,0,33.65358105,-88.77784255,28025.0,60,58,3,0,55,57,19386,5,0,0,5,1
2020-05-07,US,Mississippi,Coahoma,70,3,0,34.22772299,-90.60415045,28027.0,67,70,3,0,67,70,22628,0,0,0,0,0
2020-05-07,US,Mississippi,Copiah,141,1,0,31.86977774,-90.44565118,28029.0,140,137,1,0,136,126,28543,4,0,0,4,11
2020-05-07,US,Mississippi,Covington,84,0,0,31.63225413,-89.55389939,28031.0,84,82,0,0,82,84,18853,2,0,0,2,-2
2020-05-07,US,Mississippi,DeSoto,320,5,0,34.87625235,-89.99091418,28033.0,315,310,4,0,306,308,182001,10,1,0,9,2
2020-05-07,US,Mississippi,Forrest,283,18,0,31.18961454,-89.25832496,28035.0,265,273,17,0,256,259,75036,10,1,0,9,14
2020-05-07,US,Mississippi,Franklin,18,1,0,31.47786634,-90.89672989,28037.0,17,17,1,0,16,17,7788,1,0,0,1,0
2020-05-07,US,Mississippi,George,15,1,0,30.86259065,-88.64436789,28039.0,14,15,1,0,14,14,24250,0,0,0,0,1
2020-05-07,US,Mississippi,Greene,6,1,0,31.21444233,-88.63922281,28041.0,5,6,1,0,5,6,13586,0,0,0,0,0
2020-05-07,US,Mississippi,Grenada,45,2,0,33.77036166,-89.80245083,28043.0,43,41,2,0,39,36,21055,4,0,0,4,5
2020-05-07,US,Mississippi,Hancock,72,9,0,30.41830223,-89.48851033,28045.0,63,68,5,0,63,68,47334,4,4,0,0,0
2020-05-07,US,Mississippi,Harrison,188,6,0,30.51359752,-89.12467576,28047.0,182,187,6,0,181,186,206650,1,0,0,1,1
2020-05-07,US,Mississippi,Hinds,600,11,0,32.2656285,-90.44435448,28049.0,589,588,11,0,577,565,237085,12,0,0,12,23
2020-05-07,US,Mississippi,Holmes,190,16,0,33.12345854,-90.08923538,28051.0,174,176,12,0,164,168,17622,14,4,0,10,8
2020-05-07,US,Mississippi,Humphreys,28,4,0,33.12825718,-90.52252707,28053.0,24,27,4,0,23,26,8257,1,0,0,1,1
2020-05-07,US,Mississippi,Itawamba,66,6,0,34.27993475,-88.3606733,28057.0,60,65,6,0,59,64,23517,1,0,0,1,1
2020-05-07,US,Mississippi,Jackson,272,11,0,30.54020656,-88.64184064,28059.0,261,271,10,0,261,270,143277,1,1,0,0,1
2020-05-07,US,Mississippi,Jasper,76,2,0,32.01922104,-89.11786866,28061.0,74,66,2,0,64,64,16428,10,0,0,10,2
2020-05-07,US,Mississippi,Jefferson,30,0,0,31.73397872,-91.03764977,28063.0,30,26,0,0,26,24,7106,4,0,0,4,2
2020-05-07,US,Mississippi,Jefferson Davis,47,1,0,31.56884708,-89.82670990000004,28065.0,46,45,1,0,44,45,11234,2,0,0,2,0
2020-05-07,US,Mississippi,Jones,209,4,0,31.62257767,-89.16896899999998,28067.0,205,199,4,0,195,193,68461,10,0,0,10,6
2020-05-07,US,Mississippi,Kemper,84,6,0,32.75462946,-88.64105766,28069.0,78,80,6,0,74,79,10027,4,0,0,4,1
2020-05-07,US,Mississippi,Lafayette,96,3,0,34.35687874,-89.48490961,28071.0,93,96,3,0,93,96,54793,0,0,0,0,0
2020-05-07,US,Mississippi,Lamar,136,4,0,31.20572971,-89.5077704,28073.0,132,127,3,0,124,125,62447,9,1,0,8,2
2020-05-07,US,Mississippi,Lauderdale,450,40,0,32.40419769,-88.66229662,28075.0,410,448,40,0,408,436,75317,2,0,0,2,12
2020-05-07,US,Mississippi,Lawrence,61,0,0,31.55147224,-90.10841127,28077.0,61,61,0,0,61,57,12455,0,0,0,0,4
2020-05-07,US,Mississippi,Leake,267,2,0,32.7536828,-89.52402044,28079.0,265,257,2,0,255,257,22763,10,0,0,10,0
2020-05-07,US,Mississippi,Lee,73,4,0,34.291877500000005,-88.68149954,28081.0,69,73,4,0,69,75,85202,0,0,0,0,-2
2020-05-07,US,Mississippi,Leflore,180,18,0,33.55545125,-90.29900733,28083.0,162,177,18,0,159,175,28919,3,0,0,3,2
2020-05-07,US,Mississippi,Lincoln,179,12,0,31.53288662,-90.45391915,28085.0,167,166,12,0,154,155,34205,13,0,0,13,11
2020-05-07,US,Mississippi,Lowndes,71,3,0,33.47386518,-88.44191529999998,28087.0,68,64,3,0,61,65,58930,7,0,0,7,-1
2020-05-07,US,Mississippi,Madison,333,12,0,32.63389156,-90.03513564,28089.0,321,318,11,0,307,298,105630,15,1,0,14,20
2020-05-07,US,Mississippi,Marion,80,7,0,31.23132643,-89.8209217,28091.0,73,77,7,0,70,76,24715,3,0,0,3,1
2020-05-07,US,Mississippi,Marshall,50,2,0,34.76216286,-89.50299462,28093.0,48,49,2,0,47,48,35451,1,0,0,1,1
2020-05-07,US,Mississippi,Monroe,188,20,0,33.89236763,-88.4808438,28095.0,168,178,20,0,158,177,35564,10,0,0,10,1
2020-05-07,US,Mississippi,Montgomery,56,1,0,33.49419589,-89.61729103,28097.0,55,51,1,0,50,47,10023,5,0,0,5,4
2020-05-07,US,Mississippi,Neshoba,261,11,0,32.75339664,-89.11726492,28099.0,250,254,11,0,243,243,29125,7,0,0,7,11
2020-05-07,US,Mississippi,Newton,121,0,0,32.40021118,-89.11843336,28101.0,121,113,0,0,113,106,21443,8,0,0,8,7
2020-05-07,US,Mississippi,Noxubee,97,2,0,33.11009499,-88.56949061,28103.0,95,92,2,0,90,92,10535,5,0,0,5,0
2020-05-07,US,Mississippi,Oktibbeha,62,4,0,33.42491685,-88.87905132,28105.0,58,59,4,0,55,57,49599,3,0,0,3,2
2020-05-07,US,Mississippi,Panola,43,2,0,34.36398677,-89.95064249,28107.0,41,42,2,0,40,40,34178,1,0,0,1,2
2020-05-07,US,Mississippi,Pearl River,188,24,0,30.77090935,-89.58677275,28109.0,164,183,21,0,162,183,55387,5,3,0,2,0
2020-05-07,US,Mississippi,Perry,33,1,0,31.17161885,-88.99281835,28111.0,32,32,1,0,31,31,11931,1,0,0,1,1
2020-05-07,US,Mississippi,Pike,162,9,0,31.17507789,-90.40392572,28113.0,153,159,9,0,150,160,39563,3,0,0,3,-1
2020-05-07,US,Mississippi,Pontotoc,22,2,0,34.226046000000004,-89.03636807,28115.0,20,22,2,0,20,22,31833,0,0,0,0,0
2020-05-07,US,Mississippi,Prentiss,33,2,0,34.61810501,-88.51986294,28117.0,31,33,2,0,31,33,25315,0,0,0,0,0
2020-05-07,US,Mississippi,Quitman,16,0,0,34.25157572,-90.28908,28119.0,16,16,0,0,16,16,7051,0,0,0,0,0
2020-05-07,US,Mississippi,Rankin,231,6,0,32.26469147,-89.94537876,28121.0,225,226,6,0,220,221,153902,5,0,0,5,5
2020-05-07,US,Mississippi,Scott,423,5,0,32.406704100000006,-89.53789439,28123.0,418,410,3,0,407,404,28287,13,2,0,11,6
2020-05-07,US,Mississippi,Sharkey,5,0,0,32.88149103,-90.8159538,28125.0,5,5,0,0,5,5,4377,0,0,0,0,0
2020-05-07,US,Mississippi,Simpson,56,0,0,31.91282117,-89.91716179,28127.0,56,55,0,0,55,53,26758,1,0,0,1,2
2020-05-07,US,Mississippi,Smith,95,6,0,32.01744532,-89.50644846,28129.0,89,92,6,0,86,86,16002,3,0,0,3,6
2020-05-07,US,Mississippi,Stone,23,0,0,30.79187949,-89.11547539,28131.0,23,23,0,0,23,22,18717,0,0,0,0,1
2020-05-07,US,Mississippi,Sunflower,61,3,0,33.60192578,-90.58882684,28133.0,58,61,3,0,58,60,25735,0,0,0,0,1
2020-05-07,US,Mississippi,Tallahatchie,12,1,0,33.95339918,-90.1729398,28135.0,11,12,1,0,11,12,13987,0,0,0,0,0
2020-05-07,US,Mississippi,Tate,48,0,0,34.65133709,-89.94485778,28137.0,48,45,0,0,45,45,28759,3,0,0,3,0
2020-05-07,US,Mississippi,Tippah,61,10,0,34.76872156,-88.90988194,28139.0,51,61,10,0,51,58,21995,0,0,0,0,3
2020-05-07,US,Mississippi,Tishomingo,8,0,0,34.74023475,-88.23917219,28141.0,8,8,0,0,8,8,19454,0,0,0,0,0
2020-05-07,US,Mississippi,Tunica,39,2,0,34.64967704,-90.37481167,28143.0,37,37,2,0,35,36,9944,2,0,0,2,1
2020-05-07,US,Mississippi,Union,41,3,0,34.49162015,-89.00776006,28145.0,38,40,2,0,38,36,28606,1,1,0,0,4
2020-05-07,US,Mississippi,Walthall,36,0,0,31.14971548,-90.10446654,28147.0,36,36,0,0,36,35,14465,0,0,0,0,1
2020-05-07,US,Mississippi,Warren,90,2,0,32.35810271,-90.83352619,28149.0,88,90,2,0,88,88,46176,0,0,0,0,2
2020-05-07,US,Mississippi,Washington,78,3,0,33.28392041,-90.94196237,28151.0,75,80,3,0,77,78,45063,-2,0,0,-2,2
2020-05-07,US,Mississippi,Wayne,27,0,0,31.64135687,-88.69573913,28153.0,27,26,0,0,26,25,20298,1,0,0,1,1
2020-05-07,US,Mississippi,Webster,21,1,0,33.61300486,-89.28392912,28155.0,20,21,1,0,20,21,9788,0,0,0,0,0
2020-05-07,US,Mississippi,Wilkinson,74,9,0,31.16078225,-91.31018819,28157.0,65,72,7,0,65,71,8792,2,2,0,0,1
2020-05-07,US,Mississippi,Winston,57,0,0,33.08747908,-89.03391385,28159.0,57,53,0,0,53,52,18165,4,0,0,4,1
2020-05-07,US,Mississippi,Yalobusha,25,0,0,34.02824175,-89.70762049999998,28161.0,25,23,0,0,23,21,12392,2,0,0,2,2
2020-05-07,US,Mississippi,Yazoo,154,2,0,32.77890365,-90.39656148,28163.0,152,155,2,0,153,154,28248,-1,0,0,-1,1
2020-05-07,US,Missouri,Adair,12,0,0,40.19058551,-92.60078167,29001.0,12,12,0,0,12,12,25339,0,0,0,0,0
2020-05-07,US,Missouri,Andrew,6,0,0,39.98492163,-94.80163024,29003.0,6,6,0,0,6,6,17607,0,0,0,0,0
2020-05-07,US,Missouri,Atchison,2,0,0,40.43238737,-95.42970639,29005.0,2,2,0,0,2,2,5171,0,0,0,0,0
2020-05-07,US,Missouri,Audrain,1,0,0,39.215877,-91.84242683,29007.0,1,1,0,0,1,1,25473,0,0,0,0,0
2020-05-07,US,Missouri,Barry,6,0,0,36.70978521,-93.82919888,29009.0,6,5,0,0,5,5,35886,1,0,0,1,0
2020-05-07,US,Missouri,Bates,6,1,0,38.25271289,-94.34113157,29013.0,5,6,1,0,5,6,16320,0,0,0,0,0
2020-05-07,US,Missouri,Benton,8,0,0,38.29503305,-93.28756116,29015.0,8,8,0,0,8,8,19278,0,0,0,0,0
2020-05-07,US,Missouri,Bollinger,4,0,0,37.32449052,-90.02725304,29017.0,4,4,0,0,4,4,12169,0,0,0,0,0
2020-05-07,US,Missouri,Boone,98,1,0,38.99186229,-92.30723575,29019.0,97,98,1,0,97,97,180005,0,0,0,0,1
2020-05-07,US,Missouri,Buchanan,404,3,0,39.65816401,-94.80138942,29021.0,401,386,2,0,384,369,88571,18,1,0,17,17
2020-05-07,US,Missouri,Butler,26,0,0,36.71462476,-90.40421163,29023.0,26,26,0,0,26,26,42639,0,0,0,0,0
2020-05-07,US,Missouri,Caldwell,3,0,0,39.65620858,-93.98308093,29025.0,3,3,0,0,3,3,9108,0,0,0,0,0
2020-05-07,US,Missouri,Callaway,23,1,0,38.83674754,-91.92186505,29027.0,22,23,1,0,22,23,44889,0,0,0,0,0
2020-05-07,US,Missouri,Camden,35,1,0,38.02199522,-92.76083747,29029.0,34,35,1,0,34,35,45815,0,0,0,0,0
2020-05-07,US,Missouri,Cape Girardeau,49,1,0,37.38489388,-89.6843587,29031.0,48,49,1,0,48,49,78753,0,0,0,0,0
2020-05-07,US,Missouri,Carroll,3,0,0,39.42762566,-93.50626255,29033.0,3,2,0,0,2,2,8743,1,0,0,1,0
2020-05-07,US,Missouri,Carter,3,1,0,36.94160441,-90.96051322,29035.0,2,3,1,0,2,3,6054,0,0,0,0,0
2020-05-07,US,Missouri,Cass,65,6,0,38.64789422,-94.353399,29037.0,59,64,6,0,58,64,104954,1,0,0,1,0
2020-05-07,US,Missouri,Cedar,9,0,0,37.72391475,-93.85445441,29039.0,9,7,0,0,7,5,14165,2,0,0,2,2
2020-05-07,US,Missouri,Chariton,6,0,0,39.51499357,-92.9629191,29041.0,6,5,0,0,5,5,7451,1,0,0,1,0
2020-05-07,US,Missouri,Christian,20,0,0,36.9711783,-93.18537118,29043.0,20,19,0,0,19,19,86983,1,0,0,1,0
2020-05-07,US,Missouri,Clark,1,0,0,40.41040752,-91.73661677,29045.0,1,1,0,0,1,1,6842,0,0,0,0,0
2020-05-07,US,Missouri,Clay,91,2,0,39.31132056,-94.41850862,29047.0,89,85,2,0,83,84,246365,6,0,0,6,1
2020-05-07,US,Missouri,Clinton,13,0,0,39.6013098,-94.40465394,29049.0,13,13,0,0,13,11,20470,0,0,0,0,2
2020-05-07,US,Missouri,Cole,55,1,0,38.50455671,-92.27860244,29051.0,54,53,1,0,52,52,76796,2,0,0,2,1
2020-05-07,US,Missouri,Cooper,9,0,0,38.844478,-92.80896081,29053.0,9,9,0,0,9,9,17603,0,0,0,0,0
2020-05-07,US,Missouri,Crawford,8,0,0,37.97663738,-91.30528104,29055.0,8,8,0,0,8,8,23957,0,0,0,0,0
2020-05-07,US,Missouri,Dallas,2,0,0,37.6811355,-93.02127031,29059.0,2,2,0,0,2,2,16762,0,0,0,0,0
2020-05-07,US,Missouri,Daviess,3,0,0,39.96145298,-93.98519678,29061.0,3,3,0,0,3,3,8313,0,0,0,0,0
2020-05-07,US,Missouri,DeKalb,3,0,0,39.89201062,-94.40476508,29063.0,3,3,0,0,3,3,12630,0,0,0,0,0
2020-05-07,US,Missouri,Dunklin,23,2,0,36.27167174,-90.09122243,29069.0,21,23,2,0,21,24,29423,0,0,0,0,-1
2020-05-07,US,Missouri,Franklin,137,13,0,38.41127108,-91.07522826,29071.0,124,132,13,0,119,127,103670,5,0,0,5,5
2020-05-07,US,Missouri,Gasconade,2,0,0,38.43947277,-91.50847147,29073.0,2,2,0,0,2,2,14705,0,0,0,0,0
2020-05-07,US,Missouri,Gentry,1,0,0,40.21097916,-94.40944419,29075.0,1,1,0,0,1,1,6628,0,0,0,0,0
2020-05-07,US,Missouri,Greene,99,8,0,37.2575872,-93.34230916,29077.0,91,99,8,0,91,99,291923,0,0,0,0,0
2020-05-07,US,Missouri,Harrison,6,0,0,40.35570088,-93.99222144,29081.0,6,6,0,0,6,6,8414,0,0,0,0,0
2020-05-07,US,Missouri,Henry,8,1,0,38.38482826,-93.79293734,29083.0,7,8,1,0,7,8,21792,0,0,0,0,0
2020-05-07,US,Missouri,Holt,1,0,0,40.09799248,-95.2163888,29087.0,1,1,0,0,1,1,4404,0,0,0,0,0
2020-05-07,US,Missouri,Howard,3,0,0,39.1435761,-92.69756691,29089.0,3,2,0,0,2,2,10137,1,0,0,1,0
2020-05-07,US,Missouri,Howell,5,0,0,36.77383887,-91.88683935,29091.0,5,5,0,0,5,5,40076,0,0,0,0,0
2020-05-07,US,Missouri,Iron,2,0,0,37.55487945,-90.7735296,29093.0,2,2,0,0,2,2,10177,0,0,0,0,0
2020-05-07,US,Missouri,Jackson,373,16,0,39.01002188,-94.34724536,29095.0,357,362,16,0,346,347,700307,11,0,0,11,15
2020-05-07,US,Missouri,Jasper,24,0,0,37.20351921,-94.34050458,29097.0,24,24,0,0,24,24,120636,0,0,0,0,0
2020-05-07,US,Missouri,Jefferson,304,10,0,38.25926778,-90.53870896,29099.0,294,301,10,0,291,293,224347,3,0,0,3,8
2020-05-07,US,Missouri,Johnson,62,0,0,38.74719601,-93.80691168,29101.0,62,60,0,0,60,60,53652,2,0,0,2,0
2020-05-07,US,Missouri,Kansas City,723,16,0,39.0997,-94.5786,0.0,707,706,16,0,690,683,491918,17,0,0,17,23
2020-05-07,US,Missouri,Lafayette,58,1,0,39.06986886,-93.78076396,29107.0,57,50,1,0,49,47,32598,8,0,0,8,3
2020-05-07,US,Missouri,Lawrence,2,0,0,37.10626634,-93.83293097,29109.0,2,1,0,0,1,1,38359,1,0,0,1,0
2020-05-07,US,Missouri,Lewis,6,1,0,40.09673161,-91.72070156,29111.0,5,6,1,0,5,6,9855,0,0,0,0,0
2020-05-07,US,Missouri,Lincoln,77,1,0,39.05345619,-90.95588181,29113.0,76,74,1,0,73,74,57686,3,0,0,3,0
2020-05-07,US,Missouri,Linn,5,1,0,39.87001769,-93.10704106,29115.0,4,5,1,0,4,5,12037,0,0,0,0,0
2020-05-07,US,Missouri,Livingston,4,0,0,39.78110272,-93.54645978,29117.0,4,4,0,0,4,3,15146,0,0,0,0,1
2020-05-07,US,Missouri,Macon,3,0,0,39.83049768,-92.56453089,29121.0,3,2,0,0,2,2,15153,1,0,0,1,0
2020-05-07,US,Missouri,Madison,2,0,0,37.47865134,-90.3467143,29123.0,2,2,0,0,2,2,12188,0,0,0,0,0
2020-05-07,US,Missouri,Maries,2,0,0,38.16193985,-91.92249662,29125.0,2,2,0,0,2,2,8769,0,0,0,0,0
2020-05-07,US,Missouri,Marion,5,0,0,39.80601912,-91.62203062,29127.0,5,5,0,0,5,4,28592,0,0,0,0,1
2020-05-07,US,Missouri,McDonald,4,0,0,36.62869595,-94.34867205,29119.0,4,4,0,0,4,4,23078,0,0,0,0,0
2020-05-07,US,Missouri,Miller,3,0,0,38.21450288,-92.42610898,29131.0,3,2,0,0,2,2,25336,1,0,0,1,0
2020-05-07,US,Missouri,Mississippi,33,0,0,36.82516239,-89.29505753,29133.0,33,32,0,0,32,29,13336,1,0,0,1,3
2020-05-07,US,Missouri,Moniteau,51,0,0,38.63571781,-92.57976951,29135.0,51,51,0,0,51,51,16121,0,0,0,0,0
2020-05-07,US,Missouri,Montgomery,7,0,0,38.94022054,-91.47000721,29139.0,7,7,0,0,7,7,11534,0,0,0,0,0
2020-05-07,US,Missouri,Morgan,6,0,0,38.4181765,-92.88791859,29141.0,6,6,0,0,6,5,20358,0,0,0,0,1
2020-05-07,US,Missouri,New Madrid,11,0,0,36.59666326,-89.66070007,29143.0,11,11,0,0,11,11,17296,0,0,0,0,0
2020-05-07,US,Missouri,Newton,11,1,0,36.90519407,-94.3394104,29145.0,10,11,1,0,10,11,58266,0,0,0,0,0
2020-05-07,US,Missouri,Nodaway,5,0,0,40.36079813,-94.88133008,29147.0,5,5,0,0,5,4,22304,0,0,0,0,1
2020-05-07,US,Missouri,Oregon,2,0,0,36.68710164,-91.4033755,29149.0,2,2,0,0,2,2,10541,0,0,0,0,0
2020-05-07,US,Missouri,Osage,5,0,0,38.46036182,-91.8613635,29151.0,5,5,0,0,5,5,13714,0,0,0,0,0
2020-05-07,US,Missouri,Pemiscot,55,3,0,36.2130572,-89.78742322,29155.0,52,48,3,0,45,46,16272,7,0,0,7,2
2020-05-07,US,Missouri,Perry,44,0,0,37.70660776,-89.82741088,29157.0,44,44,0,0,44,43,19150,0,0,0,0,1
2020-05-07,US,Missouri,Pettis,56,0,0,38.72798918,-93.28471706,29159.0,56,55,0,0,55,53,42542,1,0,0,1,2
2020-05-07,US,Missouri,Phelps,3,0,0,37.87736118,-91.79351727,29161.0,3,3,0,0,3,3,44732,0,0,0,0,0
2020-05-07,US,Missouri,Pike,12,0,0,39.34310674,-91.16980779,29163.0,12,12,0,0,12,11,18504,0,0,0,0,1
2020-05-07,US,Missouri,Platte,38,0,0,39.38154439,-94.77068479,29165.0,38,36,0,0,36,36,102985,2,0,0,2,0
2020-05-07,US,Missouri,Polk,1,0,0,37.6162296,-93.39828174,29167.0,1,1,0,0,1,1,32201,0,0,0,0,0
2020-05-07,US,Missouri,Pulaski,36,1,0,37.82462075,-92.20783203,29169.0,35,36,1,0,35,36,52014,0,0,0,0,0
2020-05-07,US,Missouri,Ralls,1,0,0,39.52817427,-91.51838643,29173.0,1,1,0,0,1,1,10212,0,0,0,0,0
2020-05-07,US,Missouri,Randolph,8,0,0,39.44007257,-92.4971374,29175.0,8,8,0,0,8,8,24763,0,0,0,0,0
2020-05-07,US,Missouri,Ray,12,0,0,39.3537468,-93.98905745,29177.0,12,12,0,0,12,12,22883,0,0,0,0,0
2020-05-07,US,Missouri,Reynolds,2,0,0,37.36085952,-90.97009925,29179.0,2,2,0,0,2,2,6254,0,0,0,0,0
2020-05-07,US,Missouri,Ripley,5,0,0,36.65460667,-90.85990261,29181.0,5,5,0,0,5,5,13401,0,0,0,0,0
2020-05-07,US,Missouri,Saline,211,0,0,39.13734288,-93.20259964,29195.0,211,208,0,0,208,206,22895,3,0,0,3,2
2020-05-07,US,Missouri,Scotland,4,0,0,40.45214695,-92.14709064,29199.0,4,4,0,0,4,4,4966,0,0,0,0,0
2020-05-07,US,Missouri,Scott,77,3,0,37.05588075,-89.56474493,29201.0,74,76,2,0,74,75,38458,1,1,0,0,1
2020-05-07,US,Missouri,Shelby,1,0,0,39.79742518,-92.07634971,29205.0,1,1,0,0,1,1,6050,0,0,0,0,0
2020-05-07,US,Missouri,St. Charles,646,45,0,38.77875681,-90.66662425,29183.0,601,631,43,0,588,626,399182,15,2,0,13,5
2020-05-07,US,Missouri,St. Clair,2,0,0,38.03699437,-93.77631447,29185.0,2,2,0,0,2,2,9395,0,0,0,0,0
2020-05-07,US,Missouri,St. Francois,29,1,0,37.81214171,-90.47598685,29187.0,28,29,1,0,28,29,66692,0,0,0,0,0
2020-05-07,US,Missouri,St. Louis,3724,220,0,38.63770039999999,-90.4458375,29189.0,3504,3648,204,0,3444,3569,996945,76,16,0,60,79
2020-05-07,US,Missouri,St. Louis City,1450,83,0,38.63555736,-90.24349225,29510.0,1367,1384,82,0,1302,1362,302838,66,1,0,65,22
2020-05-07,US,Missouri,Ste. Genevieve,9,1,0,37.89090059,-90.1949941,29186.0,8,9,1,0,8,9,17888,0,0,0,0,0
2020-05-07,US,Missouri,Stoddard,24,0,0,36.85571651,-89.9444155,29207.0,24,24,0,0,24,22,29206,0,0,0,0,2
2020-05-07,US,Missouri,Stone,3,0,0,36.75000327,-93.45256475,29209.0,3,3,0,0,3,3,31749,0,0,0,0,0
2020-05-07,US,Missouri,Sullivan,1,0,0,40.2099105,-93.11150106,29211.0,1,1,0,0,1,1,6221,0,0,0,0,0
2020-05-07,US,Missouri,Taney,12,2,0,36.65465345,-93.04075153,29213.0,10,12,2,0,10,12,55852,0,0,0,0,0
2020-05-07,US,Missouri,Vernon,5,0,0,37.8457799,-94.34127305,29217.0,5,5,0,0,5,4,20528,0,0,0,0,1
2020-05-07,US,Missouri,Warren,26,0,0,38.76529479,-91.16124662,29219.0,26,26,0,0,26,26,34711,0,0,0,0,0
2020-05-07,US,Missouri,Washington,9,1,0,37.96130078,-90.87948158,29221.0,8,9,1,0,8,9,24943,0,0,0,0,0
2020-05-07,US,Missouri,Webster,15,0,0,37.2813734,-92.876329,29225.0,15,15,0,0,15,15,39109,0,0,0,0,0
2020-05-07,US,Missouri,Worth,1,0,0,40.47945588,-94.42328751,29227.0,1,1,0,0,1,1,2040,0,0,0,0,0
2020-05-07,US,Missouri,Wright,10,0,0,37.27029221,-92.46914488,29229.0,10,10,0,0,10,10,18378,0,0,0,0,0
2020-05-07,US,Montana,Beaverhead,1,0,0,45.13434354,-112.8984694,30001.0,1,1,0,0,1,1,9404,0,0,0,0,0
2020-05-07,US,Montana,Big Horn,3,0,0,45.42335905,-107.492347,30003.0,3,3,0,0,3,3,13338,0,0,0,0,0
2020-05-07,US,Montana,Broadwater,4,0,0,46.33277565,-111.4955813,30007.0,4,4,0,0,4,4,6085,0,0,0,0,0
2020-05-07,US,Montana,Carbon,6,0,0,45.22850116,-109.0274047,30009.0,6,6,0,0,6,6,10714,0,0,0,0,0
2020-05-07,US,Montana,Cascade,16,2,0,47.30797024,-111.3467922,30013.0,14,16,2,0,14,16,81643,0,0,0,0,0
2020-05-07,US,Montana,Deer Lodge,3,0,0,46.05953325,-113.073353,30023.0,3,3,0,0,3,3,9131,0,0,0,0,0
2020-05-07,US,Montana,Flathead,37,2,0,48.29575866,-114.0520569,30029.0,35,37,2,0,35,37,102106,0,0,0,0,0
2020-05-07,US,Montana,Gallatin,146,1,0,45.54486106,-111.1692571,30031.0,145,146,1,0,145,146,111876,0,0,0,0,0
2020-05-07,US,Montana,Glacier,6,0,0,48.70513576,-112.9934235,30035.0,6,6,0,0,6,6,13747,0,0,0,0,0
2020-05-07,US,Montana,Golden Valley,3,0,0,46.3816474,-109.1768522,30037.0,3,3,0,0,3,3,826,0,0,0,0,0
2020-05-07,US,Montana,Hill,1,0,0,48.62879827,-110.1129252,30041.0,1,1,0,0,1,1,16347,0,0,0,0,0
2020-05-07,US,Montana,Jefferson,2,0,0,46.14907081,-112.094396,30043.0,2,2,0,0,2,2,12097,0,0,0,0,0
2020-05-07,US,Montana,Lake,5,0,0,47.64514965,-114.0898013,30047.0,5,5,0,0,5,5,30250,0,0,0,0,0
2020-05-07,US,Montana,Lewis and Clark,16,0,0,47.12610041,-112.394698,30049.0,16,16,0,0,16,16,68700,0,0,0,0,0
2020-05-07,US,Montana,Liberty,1,0,0,48.56084317,-111.024307,30051.0,1,1,0,0,1,1,2430,0,0,0,0,0
2020-05-07,US,Montana,Lincoln,7,1,0,48.54265777,-115.4046155,30053.0,6,7,1,0,6,7,19794,0,0,0,0,0
2020-05-07,US,Montana,Madison,8,1,0,45.30080065,-111.9173017,30057.0,7,8,1,0,7,8,8768,0,0,0,0,0
2020-05-07,US,Montana,Meagher,1,0,0,46.59907074,-110.8898557,30059.0,1,1,0,0,1,1,1866,0,0,0,0,0
2020-05-07,US,Montana,Missoula,39,1,0,47.03728583,-113.92135079999998,30063.0,38,39,1,0,38,39,118791,0,0,0,0,0
2020-05-07,US,Montana,Musselshell,1,0,0,46.49684637,-108.39498,30065.0,1,1,0,0,1,1,4651,0,0,0,0,0
2020-05-07,US,Montana,Park,8,0,0,45.48965095,-110.52643940000002,30067.0,8,8,0,0,8,8,16736,0,0,0,0,0
2020-05-07,US,Montana,Pondera,2,0,0,48.22773388,-112.2252703,30073.0,2,2,0,0,2,2,5972,0,0,0,0,0
2020-05-07,US,Montana,Ravalli,5,0,0,46.08520862,-114.11891640000002,30081.0,5,5,0,0,5,5,43172,0,0,0,0,0
2020-05-07,US,Montana,Richland,3,0,0,47.78668011,-104.5610786,30083.0,3,3,0,0,3,3,10913,0,0,0,0,0
2020-05-07,US,Montana,Roosevelt,7,0,0,48.29607488,-105.0079268,30085.0,7,7,0,0,7,7,11059,0,0,0,0,0
2020-05-07,US,Montana,Silver Bow,11,0,0,45.90018933,-112.6620092,30093.0,11,11,0,0,11,11,34993,0,0,0,0,0
2020-05-07,US,Montana,Stillwater,1,0,0,45.67071407,-109.3950061,30095.0,1,1,0,0,1,1,9534,0,0,0,0,0
2020-05-07,US,Montana,Toole,29,6,0,48.65577551,-111.6942414,30101.0,23,29,6,0,23,29,4853,0,0,0,0,0
2020-05-07,US,Montana,Wheatland,1,0,0,46.46652491,-109.8464636,30107.0,1,1,0,0,1,1,2236,0,0,0,0,0
2020-05-07,US,Montana,Yellowstone,83,2,0,45.93955949,-108.2691486,30111.0,81,83,2,0,81,83,160137,0,0,0,0,0
2020-05-07,US,Nebraska,Adams,216,3,0,40.52449420000001,-98.50117804,31001.0,213,212,3,0,209,204,31511,4,0,0,4,8
2020-05-07,US,Nebraska,Antelope,4,0,0,42.17695516,-98.0666283,31003.0,4,4,0,0,4,4,6336,0,0,0,0,0
2020-05-07,US,Nebraska,Boone,2,0,0,41.70759415,-98.06737183,31011.0,2,2,0,0,2,2,5239,0,0,0,0,0
2020-05-07,US,Nebraska,Box Butte,1,0,0,42.22079243,-103.0878834,31013.0,1,1,0,0,1,1,10772,0,0,0,0,0
2020-05-07,US,Nebraska,Buffalo,119,1,0,40.85486962,-99.07500296,31019.0,118,116,1,0,115,116,49615,3,0,0,3,0
2020-05-07,US,Nebraska,Burt,5,0,0,41.85056773,-96.32605633,31021.0,5,5,0,0,5,5,6488,0,0,0,0,0
2020-05-07,US,Nebraska,Butler,13,0,0,41.22703692,-97.13106306,31023.0,13,10,0,0,10,8,8058,3,0,0,3,2
2020-05-07,US,Nebraska,Cass,9,0,0,40.90899107,-96.13971217,31025.0,9,7,0,0,7,6,26159,2,0,0,2,1
2020-05-07,US,Nebraska,Cedar,5,0,0,42.5988851,-97.25311951,31027.0,5,4,0,0,4,4,8446,1,0,0,1,0
2020-05-07,US,Nebraska,Cherry,1,0,0,42.54502621,-101.1244332,31031.0,1,1,0,0,1,1,5761,0,0,0,0,0
2020-05-07,US,Nebraska,Cheyenne,7,0,0,41.21999357,-102.9941693,31033.0,7,7,0,0,7,7,9310,0,0,0,0,0
2020-05-07,US,Nebraska,Clay,10,0,0,40.52439441,-98.05126296,31035.0,10,10,0,0,10,13,6214,0,0,0,0,-3
2020-05-07,US,Nebraska,Colfax,338,0,0,41.57486951,-97.0868542,31037.0,338,292,0,0,292,255,10881,46,0,0,46,37
2020-05-07,US,Nebraska,Cuming,10,0,0,41.91637624,-96.78730772,31039.0,10,10,0,0,10,10,8940,0,0,0,0,0
2020-05-07,US,Nebraska,Custer,27,3,0,41.39374521,-99.72805369,31041.0,24,26,3,0,23,26,10840,1,0,0,1,0
2020-05-07,US,Nebraska,Dakota,1017,3,0,42.39040144,-96.56656425,31043.0,1014,980,1,0,979,980,20083,37,2,0,35,0
2020-05-07,US,Nebraska,Dawson,679,0,0,40.87028216,-99.8201461,31047.0,679,676,0,0,676,617,23709,3,0,0,3,59
2020-05-07,US,Nebraska,Dixon,15,0,0,42.49188363,-96.86782408,31051.0,15,14,0,0,14,14,5709,1,0,0,1,0
2020-05-07,US,Nebraska,Dodge,138,0,0,41.58071748,-96.65598179,31053.0,138,126,0,0,126,124,36791,12,0,0,12,2
2020-05-07,US,Nebraska,Douglas,1221,14,0,41.29518299,-96.15085305,31055.0,1207,1113,14,0,1099,1049,566880,108,0,0,108,64
2020-05-07,US,Nebraska,Fillmore,3,0,0,40.52458567,-97.59646937,31059.0,3,3,0,0,3,3,5527,0,0,0,0,0
2020-05-07,US,Nebraska,Franklin,5,0,0,40.17636348,-98.95299073,31061.0,5,5,0,0,5,5,3023,0,0,0,0,0
2020-05-07,US,Nebraska,Frontier,1,0,0,40.52993007,-100.3924658,31063.0,1,1,0,0,1,1,2608,0,0,0,0,0
2020-05-07,US,Nebraska,Furnas,4,0,0,40.17642064,-99.91247454,31065.0,4,4,0,0,4,4,4715,0,0,0,0,0
2020-05-07,US,Nebraska,Gage,40,3,0,40.26186809,-96.68946704,31067.0,37,39,3,0,36,39,21493,1,0,0,1,0
2020-05-07,US,Nebraska,Gosper,12,0,0,40.51481965,-99.83020279,31073.0,12,12,0,0,12,12,1996,0,0,0,0,0
2020-05-07,US,Nebraska,Greeley,2,0,0,41.56742671,-98.52150266,31077.0,2,2,0,0,2,2,2356,0,0,0,0,0
2020-05-07,US,Nebraska,Hall,1306,28,0,40.87257079,-98.50218293,31079.0,1278,1287,28,0,1259,1284,61607,19,0,0,19,3
2020-05-07,US,Nebraska,Hamilton,45,7,0,40.87349452,-98.02099117,31081.0,38,45,7,0,38,45,9280,0,0,0,0,0
2020-05-07,US,Nebraska,Hitchcock,1,0,0,40.17609175,-101.0416477,31087.0,1,1,0,0,1,1,2806,0,0,0,0,0
2020-05-07,US,Nebraska,Holt,1,0,0,42.45522056,-98.78402558,31089.0,1,1,0,0,1,1,10178,0,0,0,0,0
2020-05-07,US,Nebraska,Howard,19,0,0,41.2200529,-98.5166499,31093.0,19,19,0,0,19,17,6468,0,0,0,0,2
2020-05-07,US,Nebraska,Jefferson,4,0,0,40.17584531,-97.142601,31095.0,4,4,0,0,4,4,7097,0,0,0,0,0
2020-05-07,US,Nebraska,Johnson,4,0,0,40.39257596,-96.26522753,31097.0,4,4,0,0,4,4,5134,0,0,0,0,0
2020-05-07,US,Nebraska,Kearney,6,0,0,40.50663314,-98.94877182,31099.0,6,6,0,0,6,5,6544,0,0,0,0,1
2020-05-07,US,Nebraska,Keith,1,0,0,41.19930341,-101.6620164,31101.0,1,1,0,0,1,1,8021,0,0,0,0,0
2020-05-07,US,Nebraska,Kimball,9,0,0,41.19774275,-103.7148131,31105.0,9,9,0,0,9,9,3618,0,0,0,0,0
2020-05-07,US,Nebraska,Knox,5,0,0,42.63758421,-97.89178836,31107.0,5,5,0,0,5,4,8419,0,0,0,0,1
2020-05-07,US,Nebraska,Lancaster,503,1,0,40.78416049,-96.68777155,31109.0,502,452,1,0,451,441,317272,51,0,0,51,11
2020-05-07,US,Nebraska,Lincoln,37,1,0,41.04658298,-100.7475374,31111.0,36,36,1,0,35,33,35185,1,0,0,1,3
2020-05-07,US,Nebraska,Madison,237,3,0,41.91676024,-97.6005481,31119.0,234,226,3,0,223,184,35392,11,0,0,11,42
2020-05-07,US,Nebraska,Merrick,20,0,0,41.16624273,-98.0374887,31121.0,20,20,0,0,20,19,7733,0,0,0,0,1
2020-05-07,US,Nebraska,Morrill,7,0,0,41.71711774,-103.0061405,31123.0,7,7,0,0,7,3,4686,0,0,0,0,4
2020-05-07,US,Nebraska,Nance,4,0,0,41.39750195,-97.99327291,31125.0,4,4,0,0,4,4,3532,0,0,0,0,0
2020-05-07,US,Nebraska,Nemaha,1,0,0,40.38514847,-95.85433992,31127.0,1,1,0,0,1,1,6958,0,0,0,0,0
2020-05-07,US,Nebraska,Otoe,3,0,0,40.64843556,-96.13374142,31131.0,3,3,0,0,3,3,15985,0,0,0,0,0
2020-05-07,US,Nebraska,Phelps,8,0,0,40.51156033,-99.41461667,31137.0,8,6,0,0,6,6,8996,2,0,0,2,0
2020-05-07,US,Nebraska,Pierce,1,0,0,42.26434853,-97.60122773,31139.0,1,1,0,0,1,2,7142,0,0,0,0,-1
2020-05-07,US,Nebraska,Platte,286,0,0,41.57246836,-97.52144359,31141.0,286,260,0,0,260,205,33363,26,0,0,26,55
2020-05-07,US,Nebraska,Polk,9,0,0,41.18813488,-97.56630712,31143.0,9,9,0,0,9,9,5278,0,0,0,0,0
2020-05-07,US,Nebraska,Red Willow,5,0,0,40.17556879999999,-100.476998,31145.0,5,5,0,0,5,4,10726,0,0,0,0,1
2020-05-07,US,Nebraska,Saline,320,0,0,40.52418865,-97.14085859,31151.0,320,285,0,0,285,285,14350,35,0,0,35,0
2020-05-07,US,Nebraska,Sarpy,198,0,0,41.11314181,-96.11156432,31153.0,198,180,0,0,180,168,184459,18,0,0,18,12
2020-05-07,US,Nebraska,Saunders,10,0,0,41.2278103,-96.63773905,31155.0,10,10,0,0,10,11,21303,0,0,0,0,-1
2020-05-07,US,Nebraska,Scotts Bluff,35,0,0,41.85070896,-103.7080986,31157.0,35,35,0,0,35,34,35989,0,0,0,0,1
2020-05-07,US,Nebraska,Seward,15,1,0,40.87241834,-97.139673,31159.0,14,13,1,0,12,13,17318,2,0,0,2,0
2020-05-07,US,Nebraska,Sherman,2,0,0,41.22045983,-98.97588642,31163.0,2,2,0,0,2,2,3038,0,0,0,0,0
2020-05-07,US,Nebraska,Stanton,8,0,0,41.9169835,-97.19394708,31167.0,8,8,0,0,8,8,5970,0,0,0,0,0
2020-05-07,US,Nebraska,Thomas,1,0,0,41.91358968,-100.5556632,31171.0,1,1,0,0,1,,720,0,0,0,0,
2020-05-07,US,Nebraska,Thurston,9,0,0,42.15725356,-96.54157099,31173.0,9,7,0,0,7,7,7303,2,0,0,2,0
2020-05-07,US,Nebraska,Unassigned,266,22,0,0.0,0.0,90031.0,244,0,11,0,-11,0,,266,11,0,255,0
2020-05-07,US,Nebraska,Valley,1,0,0,41.56730777,-98.98197724,31175.0,1,1,0,0,1,1,4190,0,0,0,0,0
2020-05-07,US,Nebraska,Washington,22,1,0,41.52815707,-96.22019892,31177.0,21,22,1,0,21,22,20667,0,0,0,0,0
2020-05-07,US,Nebraska,Wayne,1,0,0,42.20934475,-97.11926964,31179.0,1,1,0,0,1,1,9403,0,0,0,0,0
2020-05-07,US,Nebraska,Webster,5,0,0,40.17642643,-98.50019851,31181.0,5,5,0,0,5,5,3533,0,0,0,0,0
2020-05-07,US,Nebraska,York,15,0,0,40.87272618,-97.59710186,31185.0,15,15,0,0,15,15,13772,0,0,0,0,0
2020-05-07,US,Nevada,Carson City,51,1,0,39.15509045,-119.7480219,32510.0,50,51,1,0,50,51,55414,0,0,0,0,0
2020-05-07,US,Nevada,Churchill,3,0,0,39.58105744,-118.3394607,32001.0,3,3,0,0,3,3,24440,0,0,0,0,0
2020-05-07,US,Nevada,Clark,4573,245,0,36.21458855,-115.0130241,32003.0,4328,4473,238,0,4235,4408,2231647,100,7,0,93,65
2020-05-07,US,Nevada,Douglas,22,0,0,38.912862,-119.6171333,32005.0,22,22,0,0,22,22,48467,0,0,0,0,0
2020-05-07,US,Nevada,Elko,15,1,0,41.14531606,-115.3577619,32007.0,14,15,1,0,14,15,52460,0,0,0,0,0
2020-05-07,US,Nevada,Humboldt,58,3,0,41.40692186,-118.1109427,32013.0,55,58,3,0,55,53,16786,0,0,0,0,5
2020-05-07,US,Nevada,Lander,14,0,0,39.9332233,-117.0397075,32015.0,14,14,0,0,14,13,5575,0,0,0,0,1
2020-05-07,US,Nevada,Lincoln,1,0,0,37.64268459,-114.8790388,32017.0,1,1,0,0,1,,5201,0,0,0,0,
2020-05-07,US,Nevada,Lyon,37,0,0,39.01777974,-119.1870479,32019.0,37,36,0,0,36,35,55808,1,0,0,1,1
2020-05-07,US,Nevada,Mineral,4,0,0,38.53841696,-118.4344506,32021.0,4,4,0,0,4,4,4514,0,0,0,0,0
2020-05-07,US,Nevada,Nye,44,0,0,38.04264256,-116.4722702,32023.0,44,39,0,0,39,39,45346,5,0,0,5,0
2020-05-07,US,Nevada,Unassigned,0,9,0,0.0,0.0,90032.0,-9,0,9,0,-9,0,,0,0,0,0,0
2020-05-07,US,Nevada,Washoe,1030,38,0,40.66562265,-119.6631594,32031.0,992,1022,37,0,985,1014,465735,8,1,0,7,8
2020-05-07,US,Nevada,White Pine,3,0,0,39.44157041,-114.899966,32033.0,3,3,0,0,3,3,9475,0,0,0,0,0
2020-05-07,US,New Hampshire,Belknap,42,0,0,43.51637314,-71.41684235,33001.0,42,41,0,0,41,40,61022,1,0,0,1,1
2020-05-07,US,New Hampshire,Carroll,35,0,0,43.87498583,-71.20430216,33003.0,35,34,0,0,34,34,48779,1,0,0,1,0
2020-05-07,US,New Hampshire,Cheshire,41,2,0,42.92015988,-72.25311043,33005.0,39,41,2,0,39,41,76493,0,0,0,0,0
2020-05-07,US,New Hampshire,Coos,2,0,0,44.69063265,-71.30633239,33007.0,2,2,0,0,2,2,31589,0,0,0,0,0
2020-05-07,US,New Hampshire,Grafton,55,1,0,43.93779815,-71.82057197,33009.0,54,54,0,0,54,54,89786,1,1,0,0,0
2020-05-07,US,New Hampshire,Hillsborough,1308,40,0,42.91537785,-71.7200253,33011.0,1268,1252,31,0,1221,1181,415247,56,9,0,47,71
2020-05-07,US,New Hampshire,Merrimack,220,6,0,43.29662971,-71.6811573,33013.0,214,213,3,0,210,206,151132,7,3,0,4,7
2020-05-07,US,New Hampshire,Rockingham,933,28,0,42.98499744,-71.12883377,33015.0,905,903,16,0,887,888,309176,30,12,0,18,15
2020-05-07,US,New Hampshire,Strafford,172,8,0,43.291833,-71.02336013,33017.0,164,168,7,0,161,163,130090,4,1,0,3,5
2020-05-07,US,New Hampshire,Sullivan,14,1,0,43.36094111,-72.22203125,33019.0,13,13,1,0,12,12,43144,1,0,0,1,1
2020-05-07,US,New Hampshire,Unassigned,21,28,0,0.0,0.0,90033.0,-7,20,32,0,-12,15,,1,-4,0,5,5
2020-05-07,US,New Jersey,Atlantic,1302,62,0,39.47538693,-74.65848483,34001.0,1240,1246,54,0,1192,1190,265429,56,8,0,48,56
2020-05-07,US,New Jersey,Bergen,16609,1319,0,40.96010917,-74.07164325,34003.0,15290,16520,1289,0,15231,16460,936692,89,30,0,59,60
2020-05-07,US,New Jersey,Burlington,3367,185,0,39.87681124,-74.66927768,34005.0,3182,3235,177,0,3058,3207,445384,132,8,0,124,28
2020-05-07,US,New Jersey,Camden,4479,193,0,39.80343818,-74.96388753,34007.0,4286,4307,189,0,4118,4251,507078,172,4,0,168,56
2020-05-07,US,New Jersey,Cape May,401,31,0,39.15008829,-74.80170244,34009.0,370,378,28,0,350,369,92560,23,3,0,20,9
2020-05-07,US,New Jersey,Cumberland,1090,25,0,39.37199394,-75.10712559,34011.0,1065,1059,25,0,1034,985,150972,31,0,0,31,74
2020-05-07,US,New Jersey,Essex,15215,1375,0,40.78681335,-74.24657979,34013.0,13840,14951,1349,0,13602,14840,799767,264,26,0,238,111
2020-05-07,US,New Jersey,Gloucester,1548,66,0,39.71581067,-75.13995546,34015.0,1482,1499,63,0,1436,1467,291408,49,3,0,46,32
2020-05-07,US,New Jersey,Hudson,17142,935,0,40.73766234,-74.07515667,34017.0,16207,16197,903,0,15294,16099,676061,945,32,0,913,98
2020-05-07,US,New Jersey,Hunterdon,685,43,0,40.56335249,-74.91284156,34019.0,642,682,39,0,643,679,124714,3,4,0,-1,3
2020-05-07,US,New Jersey,Mercer,4986,313,0,40.28047017,-74.70479631,34021.0,4673,4860,298,0,4562,4743,369811,126,15,0,111,117
2020-05-07,US,New Jersey,Middlesex,13411,737,0,40.43629879,-74.41426991,34023.0,12674,13254,706,0,12548,13142,829685,157,31,0,126,112
2020-05-07,US,New Jersey,Monmouth,6649,428,0,40.26549699,-74.22240686,34025.0,6221,6552,417,0,6135,6490,621354,97,11,0,86,62
2020-05-07,US,New Jersey,Morris,5702,503,0,40.86095313,-74.54553709999998,34027.0,5199,5655,491,0,5164,5625,494228,47,12,0,35,30
2020-05-07,US,New Jersey,Ocean,7209,500,0,39.8895449,-74.28089251,34029.0,6709,7125,483,0,6642,7060,601651,84,17,0,67,65
2020-05-07,US,New Jersey,Passaic,14133,703,0,41.03238628,-74.29954144,34031.0,13430,13971,690,0,13281,13797,503310,162,13,0,149,174
2020-05-07,US,New Jersey,Salem,358,18,0,39.58719656,-75.34696629999998,34033.0,340,353,17,0,336,347,62607,5,1,0,4,6
2020-05-07,US,New Jersey,Somerset,3914,320,0,40.56465737,-74.61683016,34035.0,3594,3860,315,0,3545,3820,331164,54,5,0,49,40
2020-05-07,US,New Jersey,Sussex,1006,123,0,41.13891592,-74.69118243,34037.0,883,995,122,0,873,987,140799,11,1,0,10,8
2020-05-07,US,New Jersey,Union,13781,829,0,40.65835409,-74.30680092,34039.0,12952,13604,800,0,12804,13503,558067,177,29,0,148,101
2020-05-07,US,New Jersey,Warren,1004,99,0,40.85951833,-74.99556527,34041.0,905,993,94,0,899,982,105779,11,5,0,6,11
2020-05-07,US,New Mexico,Bernalillo,1012,44,0,35.05163625,-106.6703554,35001.0,968,981,44,0,937,963,678701,31,0,0,31,18
2020-05-07,US,New Mexico,Catron,2,1,0,33.91514144,-108.4046587,35003.0,1,2,1,0,1,1,3578,0,0,0,0,1
2020-05-07,US,New Mexico,Chaves,26,1,0,33.36406072,-104.4665365,35005.0,25,25,1,0,24,25,64689,1,0,0,1,0
2020-05-07,US,New Mexico,Cibola,82,3,0,34.91131525,-107.998876,35006.0,79,82,3,0,79,74,26746,0,0,0,0,8
2020-05-07,US,New Mexico,Colfax,5,0,0,36.60569702,-104.64726740000002,35007.0,5,5,0,0,5,5,12110,0,0,0,0,0
2020-05-07,US,New Mexico,Curry,26,0,0,34.57421077,-103.3468876,35009.0,26,23,0,0,23,20,49437,3,0,0,3,3
2020-05-07,US,New Mexico,De Baca,1,0,0,34.34274529,-104.4117842,35011.0,1,1,0,0,1,1,1781,0,0,0,0,0
2020-05-07,US,New Mexico,Dona Ana,197,2,0,32.35275771,-106.83293870000001,35013.0,195,180,2,0,178,173,217522,17,0,0,17,7
2020-05-07,US,New Mexico,Eddy,13,1,0,32.47167456,-104.3053527,35015.0,12,13,1,0,12,13,57900,0,0,0,0,0
2020-05-07,US,New Mexico,Grant,15,0,0,32.73911281,-108.3827845,35017.0,15,15,0,0,15,15,27346,0,0,0,0,0
2020-05-07,US,New Mexico,Guadalupe,15,0,0,34.86319296,-104.790669,35019.0,15,15,0,0,15,15,4341,0,0,0,0,0
2020-05-07,US,New Mexico,Harding,1,0,0,35.85751555,-103.8220938,35021.0,1,1,0,0,1,1,655,0,0,0,0,0
2020-05-07,US,New Mexico,Lea,14,0,0,32.79215361,-103.4123733,35025.0,14,14,0,0,14,12,69611,0,0,0,0,2
2020-05-07,US,New Mexico,Lincoln,2,0,0,33.74526079,-105.4586166,35027.0,2,2,0,0,2,2,19556,0,0,0,0,0
2020-05-07,US,New Mexico,Los Alamos,6,0,0,35.86631386,-106.3134985,35028.0,6,6,0,0,6,6,19101,0,0,0,0,0
2020-05-07,US,New Mexico,Luna,7,1,0,32.18179341,-107.75088259999998,35029.0,6,7,1,0,6,7,23963,0,0,0,0,0
2020-05-07,US,New Mexico,McKinley,1402,31,0,35.58007720000001,-108.262245,35031.0,1371,1337,29,0,1308,1274,72290,65,2,0,63,63
2020-05-07,US,New Mexico,Otero,9,0,0,32.61348406,-105.7417604,35035.0,9,9,0,0,9,8,66781,0,0,0,0,1
2020-05-07,US,New Mexico,Quay,4,1,0,35.10403332,-103.5481727,35037.0,3,4,1,0,3,4,8253,0,0,0,0,0
2020-05-07,US,New Mexico,Rio Arriba,26,0,0,36.51072137,-106.6931674,35039.0,26,24,0,0,24,24,39006,2,0,0,2,0
2020-05-07,US,New Mexico,Roosevelt,11,0,0,34.02097406,-103.4799493,35041.0,11,11,0,0,11,10,18743,0,0,0,0,1
2020-05-07,US,New Mexico,San Juan,921,62,0,36.50838318,-108.320437,35045.0,859,844,62,0,782,806,125043,77,0,0,77,38
2020-05-07,US,New Mexico,San Miguel,4,0,0,35.48014807,-104.8163562,35047.0,4,4,0,0,4,3,27591,0,0,0,0,1
2020-05-07,US,New Mexico,Sandoval,439,20,0,35.68862401,-106.8687803,35043.0,419,432,20,0,412,426,145179,7,0,0,7,6
2020-05-07,US,New Mexico,Santa Fe,110,1,0,35.50708973,-105.9774716,35049.0,109,110,1,0,109,108,150056,0,0,0,0,2
2020-05-07,US,New Mexico,Sierra,1,0,0,33.13028233,-107.1925893,35051.0,1,1,0,0,1,1,10968,0,0,0,0,0
2020-05-07,US,New Mexico,Socorro,48,2,0,34.00715494,-106.9298354,35053.0,46,48,2,0,46,48,16735,0,0,0,0,0
2020-05-07,US,New Mexico,Taos,20,0,0,36.58006022,-105.6310198,35055.0,20,20,0,0,20,20,32835,0,0,0,0,0
2020-05-07,US,New Mexico,Torrance,17,1,0,34.64048375,-105.8508949,35057.0,16,17,0,0,17,17,15591,0,1,0,-1,0
2020-05-07,US,New Mexico,Union,3,0,0,36.48126404,-103.4709624,35059.0,3,3,0,0,3,3,4118,0,0,0,0,0
2020-05-07,US,New Mexico,Valencia,54,1,0,34.71669834,-106.8103733,35061.0,53,55,1,0,54,53,76456,-1,0,0,-1,2
2020-05-07,US,New York,Albany,1348,53,0,42.60060306,-73.97723916,36001.0,1295,1321,53,0,1268,1294,307117,27,0,0,27,27
2020-05-07,US,New York,Allegany,35,0,0,42.25748406,-78.02750466,36003.0,35,35,0,0,35,35,46430,0,0,0,0,0
2020-05-07,US,New York,Broome,360,23,0,42.15903158,-75.81326086,36007.0,337,345,23,0,322,338,191659,15,0,0,15,7
2020-05-07,US,New York,Cattaraugus,59,0,0,42.24778241,-78.67923096,36009.0,59,54,0,0,54,53,76840,5,0,0,5,1
2020-05-07,US,New York,Cayuga,52,1,0,42.91261714,-76.55731592,36011.0,51,51,1,0,50,51,77145,1,0,0,1,0
2020-05-07,US,New York,Chautauqua,40,4,0,42.22769210000001,-79.36691763,36013.0,36,38,4,0,34,37,127939,2,0,0,2,1
2020-05-07,US,New York,Chemung,129,1,0,42.13891056,-76.7638805,36015.0,128,128,1,0,127,126,84254,1,0,0,1,2
2020-05-07,US,New York,Chenango,105,0,0,42.49430041,-75.60887553,36017.0,105,102,0,0,102,100,47536,3,0,0,3,2
2020-05-07,US,New York,Clinton,69,4,0,44.74530905,-73.67875352,36019.0,65,69,4,0,65,69,80695,0,0,0,0,0
2020-05-07,US,New York,Columbia,302,16,0,42.24819348,-73.63089095,36021.0,286,291,16,0,275,229,59916,11,0,0,11,62
2020-05-07,US,New York,Cortland,29,0,0,42.59509207,-76.07048931,36023.0,29,28,0,0,28,28,47823,1,0,0,1,0
2020-05-07,US,New York,Delaware,63,4,0,42.19837623,-74.96709306,36025.0,59,62,4,0,58,62,44527,1,0,0,1,0
2020-05-07,US,New York,Dutchess,3233,40,0,41.76486060000001,-73.74356679,36027.0,3193,3192,40,0,3152,3151,293718,41,0,0,41,41
2020-05-07,US,New York,Erie,4136,323,0,42.76249024,-78.73063652,36029.0,3813,4008,323,0,3685,3891,919719,128,0,0,128,117
2020-05-07,US,New York,Essex,30,0,0,44.11630765,-73.77297842,36031.0,30,30,0,0,30,30,37300,0,0,0,0,0
2020-05-07,US,New York,Franklin,16,0,0,44.59040891,-74.29926032,36033.0,16,16,0,0,16,16,50293,0,0,0,0,0
2020-05-07,US,New York,Fulton,101,0,0,43.11363907,-74.41798804,36035.0,101,100,0,0,100,97,53591,1,0,0,1,3
2020-05-07,US,New York,Genesee,168,3,0,43.0022601,-78.19135193,36037.0,165,162,3,0,159,159,57511,6,0,0,6,3
2020-05-07,US,New York,Greene,198,10,0,42.275797,-74.12384884,36039.0,188,188,10,0,178,166,47491,10,0,0,10,22
2020-05-07,US,New York,Hamilton,5,0,0,43.66146647,-74.49721957,36041.0,5,5,0,0,5,3,4434,0,0,0,0,2
2020-05-07,US,New York,Herkimer,74,3,0,43.42034246,-74.96145307,36043.0,71,68,3,0,65,67,61833,6,0,0,6,1
2020-05-07,US,New York,Jefferson,64,0,0,44.04200959,-75.94653457,36045.0,64,63,0,0,63,63,111755,1,0,0,1,0
2020-05-07,US,New York,Lewis,10,0,0,43.7844157,-75.44903992,36049.0,10,9,0,0,9,9,26447,1,0,0,1,0
2020-05-07,US,New York,Livingston,95,6,0,42.72596275,-77.77966158,36051.0,89,89,6,0,83,86,63227,6,0,0,6,3
2020-05-07,US,New York,Madison,246,6,0,42.91653905,-75.67266639,36053.0,240,231,6,0,225,223,70795,15,0,0,15,8
2020-05-07,US,New York,Monroe,1688,137,0,43.14638895,-77.69322942,36055.0,1551,1655,137,0,1518,1623,742474,33,0,0,33,32
2020-05-07,US,New York,Montgomery,63,1,0,42.90123494,-74.44011632,36057.0,62,63,1,0,62,61,49455,0,0,0,0,2
2020-05-07,US,New York,Nassau,37593,1904,0,40.74066522,-73.58941873,36059.0,35689,37350,1891,0,35459,37152,1358343,243,13,0,230,198
2020-05-07,US,New York,New York City,180216,19626,0,40.76727260000001,-73.97152637,36061.0,160590,178351,19174,0,159177,176874,1628701,1865,452,0,1413,1477
2020-05-07,US,New York,Niagara,588,28,0,43.19898042,-78.74777412,36063.0,560,549,28,0,521,508,210433,39,0,0,39,41
2020-05-07,US,New York,Oneida,609,18,0,43.24375382,-75.43710392,36065.0,591,579,18,0,561,574,229577,30,0,0,30,5
2020-05-07,US,New York,Onondaga,1115,41,0,43.00491923,-76.19971155,36067.0,1074,1056,41,0,1015,1002,461809,59,0,0,59,54
2020-05-07,US,New York,Ontario,101,9,0,42.85145728,-77.30874425,36069.0,92,99,9,0,90,97,109864,2,0,0,2,2
2020-05-07,US,New York,Orange,9328,364,0,41.40337468,-74.30240757,36071.0,8964,9215,358,0,8857,9144,381951,113,6,0,107,71
2020-05-07,US,New York,Orleans,108,14,0,43.2516977,-78.2320066,36073.0,94,103,14,0,89,99,40612,5,0,0,5,4
2020-05-07,US,New York,Oswego,70,3,0,43.42778894,-76.14635194,36075.0,67,70,3,0,67,68,117898,0,0,0,0,2
2020-05-07,US,New York,Otsego,67,4,0,42.63492579,-75.03151402,36077.0,63,67,4,0,63,67,59749,0,0,0,0,0
2020-05-07,US,New York,Putnam,1066,7,0,41.42630093,-73.74965532,36079.0,1059,1040,7,0,1033,1031,98892,26,0,0,26,9
2020-05-07,US,New York,Rensselaer,367,23,0,42.71348136,-73.51089874,36083.0,344,347,23,0,324,339,159442,20,0,0,20,8
2020-05-07,US,New York,Rockland,12280,557,0,41.15027894,-74.02560498,36087.0,11723,12204,551,0,11653,12144,325695,76,6,0,70,60
2020-05-07,US,New York,Saratoga,374,11,0,43.10904162,-73.86653895,36091.0,363,371,11,0,360,368,230163,3,0,0,3,3
2020-05-07,US,New York,Schenectady,551,28,0,42.81668777,-74.05278291,36093.0,523,551,28,0,523,537,155350,0,0,0,0,14
2020-05-07,US,New York,Schoharie,45,0,0,42.58831742,-74.44339029999998,36095.0,45,45,0,0,45,45,31097,0,0,0,0,0
2020-05-07,US,New York,Schuyler,7,0,0,42.39184015,-76.8773299,36097.0,7,7,0,0,7,7,17912,0,0,0,0,0
2020-05-07,US,New York,Seneca,46,0,0,42.78081007,-76.82497064,36099.0,46,46,0,0,46,46,34300,0,0,0,0,0
2020-05-07,US,New York,St. Lawrence,181,0,0,44.4976179,-75.06550039,36089.0,181,180,0,0,180,178,108047,1,0,0,1,2
2020-05-07,US,New York,Steuben,224,37,0,42.2689144,-77.3829924,36101.0,187,223,37,0,186,221,95796,1,0,0,1,2
2020-05-07,US,New York,Suffolk,35892,1547,0,40.88320119,-72.8012172,36103.0,34345,35543,1522,0,34021,35275,1481093,349,25,0,324,268
2020-05-07,US,New York,Sullivan,1021,23,0,41.71579493,-74.76394559,36105.0,998,996,23,0,973,984,75498,25,0,0,25,12
2020-05-07,US,New York,Tioga,97,14,0,42.16852837,-76.30835812,36107.0,83,96,14,0,82,92,48560,1,0,0,1,4
2020-05-07,US,New York,Tompkins,130,0,0,42.44945765,-76.47229843,36109.0,130,129,0,0,129,129,102793,1,0,0,1,0
2020-05-07,US,New York,Ulster,1416,51,0,41.89027881,-74.26252104,36111.0,1365,1383,49,0,1334,1357,178599,33,2,0,31,26
2020-05-07,US,New York,Warren,193,0,0,43.56173026,-73.8433699,36113.0,193,193,0,0,193,192,64265,0,0,0,0,1
2020-05-07,US,New York,Washington,190,8,0,43.31153794,-73.43043448,36115.0,182,189,8,0,181,188,61197,1,0,0,1,1
2020-05-07,US,New York,Wayne,78,2,0,43.15494365,-77.02976528,36117.0,76,78,2,0,76,78,90064,0,0,0,0,0
2020-05-07,US,New York,Westchester,30708,1184,0,41.16278376,-73.75741653,36119.0,29524,30426,1167,0,29259,30240,967612,282,17,0,265,186
2020-05-07,US,New York,Wyoming,71,5,0,42.70145109,-78.22199579,36121.0,66,70,5,0,65,70,40085,1,0,0,1,0
2020-05-07,US,New York,Yates,19,1,0,42.63505484,-77.10369919,36123.0,18,19,1,0,18,19,24841,0,0,0,0,0
2020-05-07,US,North Carolina,Alamance,143,3,0,36.0434701,-79.39976137,37001.0,140,128,3,0,125,128,166436,15,0,0,15,0
2020-05-07,US,North Carolina,Alexander,8,0,0,35.922379600000006,-81.17751948,37003.0,8,6,0,0,6,5,37353,2,0,0,2,1
2020-05-07,US,North Carolina,Alleghany,7,0,0,36.49360862,-81.12857041,37005.0,7,7,0,0,7,6,11161,0,0,0,0,1
2020-05-07,US,North Carolina,Anson,33,0,0,34.97403241,-80.09953279,37007.0,33,31,0,0,31,30,24877,2,0,0,2,1
2020-05-07,US,North Carolina,Ashe,6,0,0,36.43296207,-81.49862729,37009.0,6,5,0,0,5,5,27109,1,0,0,1,0
2020-05-07,US,North Carolina,Beaufort,22,0,0,35.48531943,-76.84325809,37013.0,22,22,0,0,22,22,47079,0,0,0,0,0
2020-05-07,US,North Carolina,Bertie,57,2,0,36.0688473,-76.96545943,37015.0,55,53,2,0,51,51,19026,4,0,0,4,2
2020-05-07,US,North Carolina,Bladen,45,0,0,34.61296243,-78.56180059,37017.0,45,40,0,0,40,34,33190,5,0,0,5,6
2020-05-07,US,North Carolina,Brunswick,50,2,0,34.070565,-78.22814204,37019.0,48,50,2,0,48,50,136744,0,0,0,0,0
2020-05-07,US,North Carolina,Buncombe,88,5,0,35.61113393,-82.53305,37021.0,83,79,5,0,74,78,259103,9,0,0,9,1
2020-05-07,US,North Carolina,Burke,126,11,0,35.74989637,-81.70755735,37023.0,115,117,10,0,107,117,90382,9,1,0,8,0
2020-05-07,US,North Carolina,Cabarrus,333,17,0,35.3877799,-80.55267168,37025.0,316,326,16,0,310,320,211342,7,1,0,6,6
2020-05-07,US,North Carolina,Caldwell,50,0,0,35.95204977,-81.54799522,37027.0,50,45,0,0,45,45,82029,5,0,0,5,0
2020-05-07,US,North Carolina,Camden,2,0,0,36.33804939,-76.15568396,37029.0,2,2,0,0,2,2,10710,0,0,0,0,0
2020-05-07,US,North Carolina,Carteret,29,3,0,34.8932941,-76.54120135,37031.0,26,29,3,0,26,29,69524,0,0,0,0,0
2020-05-07,US,North Carolina,Caswell,38,0,0,36.39312665,-79.33353281,37033.0,38,36,0,0,36,34,22698,2,0,0,2,2
2020-05-07,US,North Carolina,Catawba,65,1,0,35.66211129,-81.2132617,37035.0,64,65,1,0,64,65,158652,0,0,0,0,0
2020-05-07,US,North Carolina,Chatham,421,11,0,35.70394416,-79.25541492,37037.0,410,412,11,0,401,403,73139,9,0,0,9,9
2020-05-07,US,North Carolina,Cherokee,19,1,0,35.1349263,-84.05970864,37039.0,18,19,1,0,18,19,28383,0,0,0,0,0
2020-05-07,US,North Carolina,Chowan,7,0,0,36.12908077,-76.60118385,37041.0,7,7,0,0,7,7,14029,0,0,0,0,0
2020-05-07,US,North Carolina,Clay,6,0,0,35.05704275,-83.74353633,37043.0,6,6,0,0,6,6,11139,0,0,0,0,0
2020-05-07,US,North Carolina,Cleveland,50,2,0,35.33553364,-81.55204486,37045.0,48,48,2,0,46,48,97645,2,0,0,2,0
2020-05-07,US,North Carolina,Columbus,184,11,0,34.26744084,-78.65801424,37047.0,173,177,11,0,166,167,55655,7,0,0,7,10
2020-05-07,US,North Carolina,Craven,46,4,0,35.11833364,-77.08398081,37049.0,42,44,4,0,40,44,102912,2,0,0,2,0
2020-05-07,US,North Carolina,Cumberland,356,9,0,35.04762133,-78.82623165,37051.0,347,330,8,0,322,320,332330,26,1,0,25,10
2020-05-07,US,North Carolina,Currituck,7,0,0,36.36123664,-75.95876401,37053.0,7,5,0,0,5,5,27072,2,0,0,2,0
2020-05-07,US,North Carolina,Dare,18,1,0,35.66520691,-75.71767334,37055.0,17,18,1,0,17,18,36501,0,0,0,0,0
2020-05-07,US,North Carolina,Davidson,191,10,0,35.79115496,-80.21256572,37057.0,181,191,10,0,181,183,166614,0,0,0,0,8
2020-05-07,US,North Carolina,Davie,31,2,0,35.93099927,-80.54496571,37059.0,29,31,2,0,29,31,42733,0,0,0,0,0
2020-05-07,US,North Carolina,Duplin,161,3,0,34.93449805,-77.93140529,37061.0,158,146,3,0,143,132,58856,15,0,0,15,14
2020-05-07,US,North Carolina,Durham,841,30,0,36.03638492,-78.87608331,37063.0,811,818,30,0,788,800,316739,23,0,0,23,18
2020-05-07,US,North Carolina,Edgecombe,137,7,0,35.91230639,-77.59436892,37065.0,130,128,5,0,123,123,52005,9,2,0,7,5
2020-05-07,US,North Carolina,Forsyth,332,5,0,36.12859861,-80.25459052,37067.0,327,329,5,0,324,287,379099,3,0,0,3,42
2020-05-07,US,North Carolina,Franklin,111,22,0,36.081519,-78.28708884,37069.0,89,106,22,0,84,106,67560,5,0,0,5,0
2020-05-07,US,North Carolina,Gaston,157,4,0,35.29373559,-81.17477045,37071.0,153,155,4,0,151,152,222846,2,0,0,2,3
2020-05-07,US,North Carolina,Gates,10,0,0,36.44667547,-76.69749701,37073.0,10,10,0,0,10,9,11573,0,0,0,0,1
2020-05-07,US,North Carolina,Graham,2,0,0,35.3506925,-83.83369267,37075.0,2,2,0,0,2,2,8484,0,0,0,0,0
2020-05-07,US,North Carolina,Granville,164,6,0,36.30337451,-78.65184241,37077.0,158,161,6,0,155,160,60115,3,0,0,3,1
2020-05-07,US,North Carolina,Greene,33,0,0,35.48544173,-77.67578087,37079.0,33,22,0,0,22,22,21012,11,0,0,11,0
2020-05-07,US,North Carolina,Guilford,536,35,0,36.07959451,-79.78824948,37081.0,501,527,35,0,492,464,533670,9,0,0,9,63
2020-05-07,US,North Carolina,Halifax,77,1,0,36.25669272,-77.6556109,37083.0,76,73,1,0,72,69,50574,4,0,0,4,4
2020-05-07,US,North Carolina,Harnett,199,12,0,35.36731853,-78.87243571,37085.0,187,192,10,0,182,188,134214,7,2,0,5,4
2020-05-07,US,North Carolina,Haywood,18,0,0,35.55269063,-82.98196486,37087.0,18,18,0,0,18,18,61971,0,0,0,0,0
2020-05-07,US,North Carolina,Henderson,216,23,0,35.33788927,-82.4766782,37089.0,193,213,22,0,191,210,116748,3,1,0,2,3
2020-05-07,US,North Carolina,Hertford,46,1,0,36.3607755,-76.98104134,37091.0,45,46,1,0,45,45,23659,0,0,0,0,1
2020-05-07,US,North Carolina,Hoke,113,0,0,35.01888303,-79.23651674,37093.0,113,103,0,0,103,101,54764,10,0,0,10,2
2020-05-07,US,North Carolina,Hyde,1,0,0,35.42017674,-76.15180542,37095.0,1,1,0,0,1,1,5230,0,0,0,0,0
2020-05-07,US,North Carolina,Iredell,138,6,0,35.80950511,-80.8743128,37097.0,132,138,6,0,132,131,178435,0,0,0,0,7
2020-05-07,US,North Carolina,Jackson,20,0,0,35.28814273,-83.14093385,37099.0,20,20,0,0,20,20,43327,0,0,0,0,0
2020-05-07,US,North Carolina,Johnston,189,17,0,35.51745004,-78.36622717,37101.0,172,189,17,0,172,187,202675,0,0,0,0,2
2020-05-07,US,North Carolina,Jones,19,2,0,35.02254606,-77.35870791,37103.0,17,19,2,0,17,18,9637,0,0,0,0,1
2020-05-07,US,North Carolina,Lee,229,1,0,35.47623147,-79.17569362,37105.0,228,228,0,0,228,207,61452,1,1,0,0,21
2020-05-07,US,North Carolina,Lenoir,97,4,0,35.24032589999999,-77.64245615,37107.0,93,95,4,0,91,92,55976,2,0,0,2,3
2020-05-07,US,North Carolina,Lincoln,37,0,0,35.48508185,-81.21740317,37109.0,37,37,0,0,37,35,83770,0,0,0,0,2
2020-05-07,US,North Carolina,Macon,3,1,0,35.14867843,-83.41696617,37113.0,2,3,1,0,2,3,35285,0,0,0,0,0
2020-05-07,US,North Carolina,Madison,1,0,0,35.85402722,-82.71346418,37115.0,1,1,0,0,1,1,21763,0,0,0,0,0
2020-05-07,US,North Carolina,Martin,27,1,0,35.84326734,-77.10860251,37117.0,26,25,1,0,24,21,22671,2,0,0,2,4
2020-05-07,US,North Carolina,McDowell,28,1,0,35.67736232,-82.0482425,37111.0,27,28,1,0,27,28,45507,0,0,0,0,0
2020-05-07,US,North Carolina,Mecklenburg,1922,58,0,35.24469268,-80.8317671,37119.0,1864,1870,58,0,1812,1787,1093901,52,0,0,52,83
2020-05-07,US,North Carolina,Mitchell,5,0,0,36.01059309,-82.1582442,37121.0,5,5,0,0,5,5,15000,0,0,0,0,0
2020-05-07,US,North Carolina,Montgomery,43,2,0,35.33155144,-79.90416657,37123.0,41,41,2,0,39,38,27271,2,0,0,2,3
2020-05-07,US,North Carolina,Moore,148,7,0,35.30885257,-79.48474178,37125.0,141,148,6,0,142,147,98682,0,1,0,-1,1
2020-05-07,US,North Carolina,Nash,107,3,0,35.96575634,-77.98422508,37127.0,104,106,3,0,103,103,94016,1,0,0,1,3
2020-05-07,US,North Carolina,New Hanover,97,3,0,34.25758282,-77.87075626,37129.0,94,97,3,0,94,91,232274,0,0,0,0,6
2020-05-07,US,North Carolina,Northampton,102,5,0,36.41736238,-77.39769443,37131.0,97,93,5,0,88,93,19676,9,0,0,9,0
2020-05-07,US,North Carolina,Onslow,53,2,0,34.72607366,-77.42908179,37133.0,51,52,2,0,50,51,197683,1,0,0,1,1
2020-05-07,US,North Carolina,Orange,239,30,0,36.06092947,-79.12167935,37135.0,209,230,20,0,210,230,146027,9,10,0,-1,0
2020-05-07,US,North Carolina,Pamlico,8,0,0,35.15253315,-76.66559823,37137.0,8,8,0,0,8,8,12670,0,0,0,0,0
2020-05-07,US,North Carolina,Pasquotank,39,2,0,36.26723798,-76.25134778,37139.0,37,38,2,0,36,38,39639,1,0,0,1,0
2020-05-07,US,North Carolina,Pender,20,1,0,34.52265624,-77.90352133,37141.0,19,19,1,0,18,17,62162,1,0,0,1,2
2020-05-07,US,North Carolina,Perquimans,14,0,0,36.17847453,-76.40603143,37143.0,14,14,0,0,14,14,13422,0,0,0,0,0
2020-05-07,US,North Carolina,Person,27,1,0,36.38989032,-78.97217358,37145.0,26,23,1,0,22,23,39507,4,0,0,4,0
2020-05-07,US,North Carolina,Pitt,152,2,0,35.59535426,-77.37353178,37147.0,150,147,2,0,145,144,179914,5,0,0,5,3
2020-05-07,US,North Carolina,Polk,30,0,0,35.27820615,-82.16812354,37149.0,30,27,0,0,27,26,20611,3,0,0,3,1
2020-05-07,US,North Carolina,Randolph,290,5,0,35.71015088,-79.80570339,37151.0,285,285,5,0,280,255,143351,5,0,0,5,30
2020-05-07,US,North Carolina,Richmond,80,2,0,35.00417719,-79.74491009,37153.0,78,65,2,0,63,61,44887,15,0,0,15,4
2020-05-07,US,North Carolina,Robeson,323,4,0,34.64244496,-79.10250529999998,37155.0,319,323,3,0,320,281,131831,0,1,0,-1,42
2020-05-07,US,North Carolina,Rockingham,36,2,0,36.39593137,-79.77504841,37157.0,34,34,2,0,32,30,90690,2,0,0,2,4
2020-05-07,US,North Carolina,Rowan,452,25,0,35.64003916,-80.52446628,37159.0,427,439,25,0,414,417,141262,13,0,0,13,22
2020-05-07,US,North Carolina,Rutherford,148,6,0,35.40114178,-81.92112099,37161.0,142,147,6,0,141,147,66826,1,0,0,1,0
2020-05-07,US,North Carolina,Sampson,126,1,0,34.98820368,-78.36914061,37163.0,125,108,1,0,107,100,63626,18,0,0,18,8
2020-05-07,US,North Carolina,Scotland,34,0,0,34.8386299,-79.4757978,37165.0,34,32,0,0,32,30,34810,2,0,0,2,2
2020-05-07,US,North Carolina,Stanly,30,4,0,35.31647813,-80.25093221,37167.0,26,30,4,0,26,30,62075,0,0,0,0,0
2020-05-07,US,North Carolina,Stokes,11,0,0,36.4017975,-80.23893369,37169.0,11,11,0,0,11,11,45467,0,0,0,0,0
2020-05-07,US,North Carolina,Surry,26,0,0,36.41689489,-80.69102283,37171.0,26,20,0,0,20,20,71948,6,0,0,6,0
2020-05-07,US,North Carolina,Swain,5,0,0,35.48665845,-83.48748932,37173.0,5,4,0,0,4,4,14245,1,0,0,1,0
2020-05-07,US,North Carolina,Transylvania,8,0,0,35.20383864,-82.79638423,37175.0,8,8,0,0,8,8,34215,0,0,0,0,0
2020-05-07,US,North Carolina,Tyrrell,4,0,0,35.87147226,-76.17055253,37177.0,4,4,0,0,4,4,4131,0,0,0,0,0
2020-05-07,US,North Carolina,Union,283,15,0,34.98960527,-80.52955873,37179.0,268,278,15,0,263,271,235908,5,0,0,5,7
2020-05-07,US,North Carolina,Vance,147,10,0,36.36880673,-78.40670845,37181.0,137,120,10,0,110,119,44582,27,0,0,27,1
2020-05-07,US,North Carolina,Wake,981,21,0,35.78879266,-78.65249174,37183.0,960,958,21,0,937,928,1092305,23,0,0,23,30
2020-05-07,US,North Carolina,Warren,19,0,0,36.39728256,-78.10652228,37185.0,19,18,0,0,18,17,19807,1,0,0,1,1
2020-05-07,US,North Carolina,Washington,25,3,0,35.83810081,-76.57299037,37187.0,22,25,3,0,22,25,11859,0,0,0,0,0
2020-05-07,US,North Carolina,Watauga,9,0,0,36.23103603,-81.70033724,37189.0,9,9,0,0,9,9,55945,0,0,0,0,0
2020-05-07,US,North Carolina,Wayne,699,12,0,35.36438125,-78.00027268,37191.0,687,688,12,0,676,688,123248,11,0,0,11,0
2020-05-07,US,North Carolina,Wilkes,186,1,0,36.2084135,-81.16232895,37193.0,185,147,1,0,146,128,68557,39,0,0,39,19
2020-05-07,US,North Carolina,Wilson,192,8,0,35.70625477,-77.917978,37195.0,184,192,8,0,184,182,81455,0,0,0,0,10
2020-05-07,US,North Carolina,Yadkin,33,1,0,36.16222629,-80.66239436,37197.0,32,27,1,0,26,25,37543,6,0,0,6,2
2020-05-07,US,North Carolina,Yancey,7,0,0,35.90079156,-82.31237181,37199.0,7,1,0,0,1,1,17903,6,0,0,6,0
2020-05-07,US,North Dakota,Barnes,4,0,0,46.93579637,-98.06605978,38003.0,4,4,0,0,4,4,10542,0,0,0,0,0
2020-05-07,US,North Dakota,Benson,2,0,0,48.0683985,-99.35916363,38005.0,2,,,,,,6962,,,,,
2020-05-07,US,North Dakota,Bowman,1,0,0,46.11285362,-103.5203343,38011.0,1,1,0,0,1,1,3076,0,0,0,0,0
2020-05-07,US,North Dakota,Burke,5,0,0,48.79094471,-102.5182117,38013.0,5,5,0,0,5,5,2100,0,0,0,0,0
2020-05-07,US,North Dakota,Burleigh,102,0,0,46.97847375,-100.4645214,38015.0,102,102,0,0,102,92,95273,0,0,0,0,10
2020-05-07,US,North Dakota,Cass,709,17,0,46.93201724,-97.2444719,38017.0,692,686,17,0,669,643,181516,23,0,0,23,43
2020-05-07,US,North Dakota,Divide,1,0,0,48.814938700000006,-103.4873611,38023.0,1,1,0,0,1,1,2283,0,0,0,0,0
2020-05-07,US,North Dakota,Dunn,11,0,0,47.35423935,-102.6160468,38025.0,11,11,0,0,11,11,4332,0,0,0,0,0
2020-05-07,US,North Dakota,Eddy,1,0,0,47.71701474,-98.90432337,38027.0,1,1,0,0,1,1,2313,0,0,0,0,0
2020-05-07,US,North Dakota,Emmons,1,1,0,46.28398398,-100.2389766,38029.0,0,1,1,0,0,1,3295,0,0,0,0,0
2020-05-07,US,North Dakota,Foster,1,0,0,47.4571084,-98.88279923,38031.0,1,1,0,0,1,1,3216,0,0,0,0,0
2020-05-07,US,North Dakota,Grand Forks,275,1,0,47.92093639,-97.45450447,38035.0,274,271,1,0,270,270,70770,4,0,0,4,1
2020-05-07,US,North Dakota,Grant,1,0,0,46.35821257,-101.6390013,38037.0,1,1,0,0,1,1,2374,0,0,0,0,0
2020-05-07,US,North Dakota,McHenry,1,1,0,48.23104458,-100.6324822,38049.0,0,1,1,0,0,1,5816,0,0,0,0,0
2020-05-07,US,North Dakota,McIntosh,1,0,0,46.11182017,-99.44145858,38051.0,1,1,0,0,1,1,2585,0,0,0,0,0
2020-05-07,US,North Dakota,McKenzie,15,0,0,47.74133370000001,-103.395905,38053.0,15,13,0,0,13,13,13632,2,0,0,2,0
2020-05-07,US,North Dakota,McLean,5,0,0,47.60766714,-101.3182418,38055.0,5,5,0,0,5,5,9541,0,0,0,0,0
2020-05-07,US,North Dakota,Mercer,3,0,0,47.31213126,-101.8318399,38057.0,3,3,0,0,3,3,8267,0,0,0,0,0
2020-05-07,US,North Dakota,Morton,35,2,0,46.71681782,-101.2822377,38059.0,33,35,2,0,33,35,31095,0,0,0,0,0
2020-05-07,US,North Dakota,Mountrail,35,0,0,48.20197971,-102.3555315,38061.0,35,36,0,0,36,35,10218,-1,0,0,-1,1
2020-05-07,US,North Dakota,Nelson,1,0,0,47.9226426,-98.19038437,38063.0,1,1,0,0,1,1,2869,0,0,0,0,0
2020-05-07,US,North Dakota,Oliver,1,0,0,47.11530482,-101.3406158,38065.0,1,1,0,0,1,1,1952,0,0,0,0,0
2020-05-07,US,North Dakota,Pembina,5,0,0,48.76623521,-97.5523809,38067.0,5,4,0,0,4,4,6947,1,0,0,1,0
2020-05-07,US,North Dakota,Pierce,3,0,0,48.24977025,-99.96407787,38069.0,3,2,0,0,2,2,4081,1,0,0,1,0
2020-05-07,US,North Dakota,Ramsey,5,0,0,48.26886249,-98.72223879,38071.0,5,3,0,0,3,3,11481,2,0,0,2,0
2020-05-07,US,North Dakota,Ransom,2,0,0,46.45621782,-97.65742504,38073.0,2,2,0,0,2,1,5237,0,0,0,0,1
2020-05-07,US,North Dakota,Renville,1,0,0,48.71982533,-101.6603912,38075.0,1,1,0,0,1,1,2374,0,0,0,0,0
2020-05-07,US,North Dakota,Richland,8,0,0,46.26440649,-96.94852979,38077.0,8,7,0,0,7,7,16239,1,0,0,1,0
2020-05-07,US,North Dakota,Rolette,2,0,0,48.77245354,-99.84097493,38079.0,2,1,0,0,1,1,14301,1,0,0,1,0
2020-05-07,US,North Dakota,Sargent,3,0,0,46.10830372,-97.63217159,38081.0,3,2,0,0,2,1,3870,1,0,0,1,1
2020-05-07,US,North Dakota,Sioux,1,0,0,46.11323337,-101.0440149,38085.0,1,1,0,0,1,1,4358,0,0,0,0,0
2020-05-07,US,North Dakota,Slope,3,0,0,46.44737738,-103.4601547,38087.0,3,3,0,0,3,3,763,0,0,0,0,0
2020-05-07,US,North Dakota,Stark,60,2,0,46.80851182,-102.6576326,38089.0,58,57,2,0,55,57,30997,3,0,0,3,0
2020-05-07,US,North Dakota,Stutsman,12,0,0,46.97962541,-98.95637318,38093.0,12,12,0,0,12,12,20917,0,0,0,0,0
2020-05-07,US,North Dakota,Traill,1,0,0,47.45367788,-97.16323288,38097.0,1,,,,,,8037,,,,,
2020-05-07,US,North Dakota,Unassigned,0,6,0,0.0,0.0,90038.0,-6,0,6,0,-6,0,,0,0,0,0,0
2020-05-07,US,North Dakota,Walsh,8,0,0,48.36876964,-97.72574783,38099.0,8,7,0,0,7,7,10667,1,0,0,1,0
2020-05-07,US,North Dakota,Ward,26,1,0,48.22390169,-101.5436763,38101.0,25,25,1,0,24,25,67744,1,0,0,1,0
2020-05-07,US,North Dakota,Wells,2,0,0,47.58614526,-99.65904998,38103.0,2,2,0,0,2,2,3957,0,0,0,0,0
2020-05-07,US,North Dakota,Williams,18,0,0,48.34522353,-103.4793387,38105.0,18,13,0,0,13,13,35350,5,0,0,5,0
2020-05-07,US,Ohio,Adams,5,0,0,38.84541072,-83.4718964,39001.0,5,5,0,0,5,5,27724,0,0,0,0,0
2020-05-07,US,Ohio,Allen,138,28,0,40.77285242,-84.10802343,39003.0,110,139,28,0,111,135,102663,-1,0,0,-1,4
2020-05-07,US,Ohio,Ashland,12,0,0,40.84772277,-82.27280781,39005.0,12,12,0,0,12,9,53745,0,0,0,0,3
2020-05-07,US,Ohio,Ashtabula,169,18,0,41.70860332,-80.74830218,39007.0,151,165,17,0,148,160,97493,4,1,0,3,5
2020-05-07,US,Ohio,Athens,4,1,0,39.33425634,-82.04278644,39009.0,3,4,1,0,3,4,65818,0,0,0,0,0
2020-05-07,US,Ohio,Auglaize,36,3,0,40.55998859,-84.22421429999999,39011.0,33,36,3,0,33,36,45804,0,0,0,0,0
2020-05-07,US,Ohio,Belmont,205,7,0,40.01625942,-80.9924051,39013.0,198,201,7,0,194,181,67505,4,0,0,4,20
2020-05-07,US,Ohio,Brown,16,1,0,38.93416837,-83.86788395,39015.0,15,13,1,0,12,13,43602,3,0,0,3,0
2020-05-07,US,Ohio,Butler,372,12,0,39.44012838,-84.57388716,39017.0,360,361,10,0,351,346,382378,11,2,0,9,15
2020-05-07,US,Ohio,Carroll,21,1,0,40.5789686,-81.09178213,39019.0,20,21,1,0,20,21,27081,0,0,0,0,0
2020-05-07,US,Ohio,Champaign,16,1,0,40.13923427,-83.76875242,39021.0,15,15,1,0,14,15,38754,1,0,0,1,0
2020-05-07,US,Ohio,Clark,74,2,0,39.91592258,-83.78498252,39023.0,72,71,2,0,69,69,134585,3,0,0,3,2
2020-05-07,US,Ohio,Clermont,110,3,0,39.04847534,-84.15375786,39025.0,107,110,3,0,107,109,205466,0,0,0,0,1
2020-05-07,US,Ohio,Clinton,32,0,0,39.41485808,-83.80852286,39027.0,32,31,0,0,31,31,42057,1,0,0,1,0
2020-05-07,US,Ohio,Columbiana,311,32,0,40.76932373,-80.78094576,39029.0,279,297,29,0,268,292,102665,14,3,0,11,5
2020-05-07,US,Ohio,Coshocton,18,0,0,40.30096166,-81.91729018,39031.0,18,17,0,0,17,17,36629,1,0,0,1,0
2020-05-07,US,Ohio,Crawford,65,1,0,40.85065156,-82.91989099,39033.0,64,60,1,0,59,57,41550,5,0,0,5,3
2020-05-07,US,Ohio,Cuyahoga,2591,136,0,41.424119,-81.65918339,39035.0,2455,2542,131,0,2411,2428,1243857,49,5,0,44,114
2020-05-07,US,Ohio,Darke,79,14,0,40.13412966,-84.6194517,39037.0,65,79,14,0,65,77,51323,0,0,0,0,2
2020-05-07,US,Ohio,Defiance,21,1,0,41.32398837,-84.49076944,39039.0,20,21,1,0,20,21,38165,0,0,0,0,0
2020-05-07,US,Ohio,Delaware,196,4,0,40.27942393,-83.00457058,39041.0,192,190,4,0,186,184,204826,6,0,0,6,6
2020-05-07,US,Ohio,Erie,75,3,0,41.36796058,-82.62904521,39043.0,72,71,3,0,68,67,74615,4,0,0,4,4
2020-05-07,US,Ohio,Fairfield,162,2,0,39.75107189,-82.63088163,39045.0,160,158,3,0,155,155,155782,4,-1,0,5,3
2020-05-07,US,Ohio,Fayette,23,0,0,39.56021306,-83.4562016,39047.0,23,21,0,0,21,21,28666,2,0,0,2,0
2020-05-07,US,Ohio,Franklin,3377,107,0,39.96995815,-83.01115755,39049.0,3270,3237,99,0,3138,3097,1310300,140,8,0,132,140
2020-05-07,US,Ohio,Fulton,30,0,0,41.60213491,-84.12571393,39051.0,30,30,0,0,30,29,42276,0,0,0,0,1
2020-05-07,US,Ohio,Gallia,6,1,0,38.82708533,-82.31647569,39053.0,5,6,1,0,5,6,29979,0,0,0,0,0
2020-05-07,US,Ohio,Geauga,184,19,0,41.49952319,-81.17935342,39055.0,165,181,19,0,162,172,94031,3,0,0,3,9
2020-05-07,US,Ohio,Greene,52,5,0,39.69116283,-83.89032084,39057.0,47,50,5,0,45,50,167995,2,0,0,2,0
2020-05-07,US,Ohio,Guernsey,20,0,0,40.05026529,-81.49248905,39059.0,20,20,0,0,20,19,39022,0,0,0,0,1
2020-05-07,US,Ohio,Hamilton,1572,93,0,39.19673558,-84.54502924,39061.0,1479,1527,93,0,1434,1480,816684,45,0,0,45,47
2020-05-07,US,Ohio,Hancock,39,1,0,41.00250487,-83.66838948,39063.0,38,39,1,0,38,39,75930,0,0,0,0,0
2020-05-07,US,Ohio,Hardin,26,0,0,40.66015414,-83.65929931,39065.0,26,26,0,0,26,26,31480,0,0,0,0,0
2020-05-07,US,Ohio,Harrison,6,0,0,40.29380509,-81.09068544,39067.0,6,6,0,0,6,6,15174,0,0,0,0,0
2020-05-07,US,Ohio,Henry,6,0,0,41.3339642,-84.06830637,39069.0,6,6,0,0,6,6,27086,0,0,0,0,0
2020-05-07,US,Ohio,Highland,11,1,0,39.1839264,-83.60331456,39071.0,10,11,1,0,10,11,43058,0,0,0,0,0
2020-05-07,US,Ohio,Hocking,20,1,0,39.49537927,-82.47991446,39073.0,19,20,1,0,19,19,28385,0,0,0,0,1
2020-05-07,US,Ohio,Holmes,7,1,0,40.56163713,-81.92635677,39075.0,6,6,1,0,5,6,43892,1,0,0,1,0
2020-05-07,US,Ohio,Huron,34,1,0,41.14651175,-82.59867951,39077.0,33,34,1,0,33,33,58504,0,0,0,0,1
2020-05-07,US,Ohio,Jackson,7,0,0,39.01914254,-82.61818559999998,39079.0,7,7,0,0,7,6,32384,0,0,0,0,1
2020-05-07,US,Ohio,Jefferson,49,2,0,40.38614126,-80.76259514,39081.0,47,48,2,0,46,46,65767,1,0,0,1,2
2020-05-07,US,Ohio,Knox,20,1,0,40.39830217,-82.42027563,39083.0,19,20,1,0,19,19,61893,0,0,0,0,1
2020-05-07,US,Ohio,Lake,187,8,0,41.69710807,-81.23676539,39085.0,179,180,8,0,172,176,230514,7,0,0,7,4
2020-05-07,US,Ohio,Lawrence,24,0,0,38.59743452,-82.53466552,39087.0,24,24,0,0,24,24,59866,0,0,0,0,0
2020-05-07,US,Ohio,Licking,146,7,0,40.09136236,-82.48185785,39089.0,139,137,7,0,130,133,175769,9,0,0,9,4
2020-05-07,US,Ohio,Logan,23,0,0,40.38996525,-83.76784341,39091.0,23,19,0,0,19,19,45358,4,0,0,4,0
2020-05-07,US,Ohio,Lorain,528,42,0,41.29553751,-82.15083537,39093.0,486,518,41,0,477,510,309461,10,1,0,9,8
2020-05-07,US,Ohio,Lucas,1583,155,0,41.62101218,-83.65468618,39095.0,1428,1527,151,0,1376,1478,429899,56,4,0,52,49
2020-05-07,US,Ohio,Madison,73,3,0,39.89381073,-83.40178317,39097.0,70,73,3,0,70,73,44413,0,0,0,0,0
2020-05-07,US,Ohio,Mahoning,1044,115,0,41.01631101,-80.77287029,39099.0,929,1024,108,0,916,998,229642,20,7,0,13,26
2020-05-07,US,Ohio,Marion,2350,13,0,40.58610662,-83.15736305,39101.0,2337,2347,13,0,2334,2335,65256,3,0,0,3,12
2020-05-07,US,Ohio,Medina,185,17,0,41.11770589,-81.89986209999998,39103.0,168,184,16,0,168,177,179146,1,1,0,0,7
2020-05-07,US,Ohio,Meigs,3,0,0,39.09224872,-82.0305041,39105.0,3,3,0,0,3,3,23106,0,0,0,0,0
2020-05-07,US,Ohio,Mercer,42,1,0,40.54043046,-84.62912742,39107.0,41,42,1,0,41,38,40959,0,0,0,0,4
2020-05-07,US,Ohio,Miami,145,27,0,40.0543329,-84.22871271,39109.0,118,144,27,0,117,144,106222,1,0,0,1,0
2020-05-07,US,Ohio,Monroe,5,0,0,39.72984936,-81.08464734,39111.0,5,4,0,0,4,4,13790,1,0,0,1,0
2020-05-07,US,Ohio,Montgomery,345,10,0,39.75394919,-84.29050975,39113.0,335,332,10,0,322,328,532331,13,0,0,13,4
2020-05-07,US,Ohio,Morgan,5,0,0,39.62081738,-81.85308173,39115.0,5,5,0,0,5,5,14604,0,0,0,0,0
2020-05-07,US,Ohio,Morrow,83,1,0,40.52363560000001,-82.7892599,39117.0,82,83,1,0,82,83,35112,0,0,0,0,0
2020-05-07,US,Ohio,Muskingum,23,0,0,39.96575964,-81.94363275,39119.0,23,22,0,0,22,21,86183,1,0,0,1,1
2020-05-07,US,Ohio,Noble,5,0,0,39.76818851,-81.45937183,39121.0,5,6,0,0,6,5,14354,-1,0,0,-1,1
2020-05-07,US,Ohio,Ottawa,44,2,0,41.53781826,-83.0940185,39123.0,42,44,2,0,42,44,40769,0,0,0,0,0
2020-05-07,US,Ohio,Paulding,8,0,0,41.11676341,-84.5801017,39125.0,8,8,0,0,8,8,18760,0,0,0,0,0
2020-05-07,US,Ohio,Perry,13,1,0,39.73508655,-82.23804971,39127.0,12,13,1,0,12,13,36033,0,0,0,0,0
2020-05-07,US,Ohio,Pickaway,1841,23,0,39.64170392,-83.0243386,39129.0,1818,1836,22,0,1814,1831,58086,5,1,0,4,5
2020-05-07,US,Ohio,Pike,4,0,0,39.07634001,-83.06769584,39131.0,4,4,0,0,4,4,28067,0,0,0,0,0
2020-05-07,US,Ohio,Portage,265,46,0,41.16793482,-81.19735782,39133.0,219,262,46,0,216,254,162927,3,0,0,3,8
2020-05-07,US,Ohio,Preble,27,1,0,39.7420247,-84.64787018,39135.0,26,27,1,0,26,27,40997,0,0,0,0,0
2020-05-07,US,Ohio,Putnam,73,12,0,41.02094889,-84.1336111,39137.0,61,71,12,0,59,71,33780,2,0,0,2,0
2020-05-07,US,Ohio,Richland,94,2,0,40.77180308,-82.53799609999999,39139.0,92,92,2,0,90,91,121099,2,0,0,2,1
2020-05-07,US,Ohio,Ross,44,1,0,39.33705391,-83.06000914,39141.0,43,42,1,0,41,42,76931,2,0,0,2,0
2020-05-07,US,Ohio,Sandusky,41,7,0,41.35624126,-83.137872,39143.0,34,40,7,0,33,41,58799,1,0,0,1,-1
2020-05-07,US,Ohio,Scioto,15,0,0,38.80270163,-82.98907345,39145.0,15,13,0,0,13,13,75502,2,0,0,2,0
2020-05-07,US,Ohio,Seneca,14,1,0,41.12351311,-83.12783209,39147.0,13,14,1,0,13,14,55207,0,0,0,0,0
2020-05-07,US,Ohio,Shelby,31,1,0,40.33163494,-84.20258189,39149.0,30,30,1,0,29,30,48627,1,0,0,1,0
2020-05-07,US,Ohio,Stark,450,60,0,40.81482476,-81.36437305,39151.0,390,427,59,0,368,414,371574,23,1,0,22,13
2020-05-07,US,Ohio,Summit,831,73,0,41.12464734,-81.53123079,39153.0,758,787,70,0,717,751,541918,44,3,0,41,36
2020-05-07,US,Ohio,Trumbull,371,35,0,41.31735028,-80.76109643,39155.0,336,363,34,0,329,356,198627,8,1,0,7,7
2020-05-07,US,Ohio,Tuscarawas,153,1,0,40.44214695,-81.47226262,39157.0,152,144,1,0,143,133,92176,9,0,0,9,11
2020-05-07,US,Ohio,Union,28,0,0,40.30016061,-83.37239023,39159.0,28,26,0,0,26,26,57835,2,0,0,2,0
2020-05-07,US,Ohio,Van Wert,3,0,0,40.8554138,-84.59111700000003,39161.0,3,3,0,0,3,3,28281,0,0,0,0,0
2020-05-07,US,Ohio,Vinton,9,0,0,39.25208988,-82.4831444,39163.0,9,8,0,0,8,8,13139,1,0,0,1,0
2020-05-07,US,Ohio,Warren,188,13,0,39.42581994,-84.16557457,39165.0,175,179,12,0,167,178,232173,9,1,0,8,1
2020-05-07,US,Ohio,Washington,111,17,0,39.45690571,-81.49121382,39167.0,94,106,16,0,90,105,60155,5,1,0,4,1
2020-05-07,US,Ohio,Wayne,177,41,0,40.82925852,-81.88844833,39169.0,136,173,36,0,137,166,115967,4,5,0,-1,7
2020-05-07,US,Ohio,Williams,43,1,0,41.56052014,-84.58429552,39171.0,42,42,1,0,41,42,36804,1,0,0,1,0
2020-05-07,US,Ohio,Wood,212,29,0,41.36224827,-83.62285108,39173.0,183,210,27,0,183,203,130696,2,2,0,0,7
2020-05-07,US,Ohio,Wyandot,25,2,0,40.84339621,-83.30734173,39175.0,23,24,2,0,22,24,21935,1,0,0,1,0
2020-05-07,US,Oklahoma,Adair,69,3,0,35.88494195,-94.65859267,40001.0,66,68,3,0,65,66,22082,1,0,0,1,2
2020-05-07,US,Oklahoma,Alfalfa,1,0,0,36.73090616,-98.32408495,40003.0,1,1,0,0,1,1,5754,0,0,0,0,0
2020-05-07,US,Oklahoma,Atoka,1,0,0,34.37366573,-96.03802487,40005.0,1,1,0,0,1,1,13838,0,0,0,0,0
2020-05-07,US,Oklahoma,Beaver,17,0,0,36.7496847,-100.4758872,40007.0,17,15,0,0,15,15,5319,2,0,0,2,0
2020-05-07,US,Oklahoma,Beckham,6,0,0,35.26862449,-99.68128023,40009.0,6,6,0,0,6,6,21709,0,0,0,0,0
2020-05-07,US,Oklahoma,Blaine,2,0,0,35.87518314,-98.43307003,40011.0,2,2,0,0,2,2,9485,0,0,0,0,0
2020-05-07,US,Oklahoma,Bryan,12,1,0,33.96472458,-96.25903472,40013.0,11,12,1,0,11,9,47192,0,0,0,0,3
2020-05-07,US,Oklahoma,Caddo,89,8,0,35.17364557,-98.37534464,40015.0,81,77,8,0,69,77,28977,12,0,0,12,0
2020-05-07,US,Oklahoma,Canadian,107,3,0,35.5426055,-97.98465569,40017.0,104,103,3,0,100,103,144447,4,0,0,4,0
2020-05-07,US,Oklahoma,Carter,6,1,0,34.25103751,-97.28552485,40019.0,5,5,1,0,4,5,48177,1,0,0,1,0
2020-05-07,US,Oklahoma,Cherokee,29,1,0,35.90692775,-94.99980896,40021.0,28,29,1,0,28,29,48675,0,0,0,0,0
2020-05-07,US,Oklahoma,Choctaw,3,0,0,34.02807439,-95.54771129,40023.0,3,3,0,0,3,3,14668,0,0,0,0,0
2020-05-07,US,Oklahoma,Cimarron,1,0,0,36.74817177,-102.5173885,40025.0,1,1,0,0,1,1,2153,0,0,0,0,0
2020-05-07,US,Oklahoma,Cleveland,448,32,0,35.20413532,-97.32519562,40027.0,416,447,31,0,416,439,281669,1,1,0,0,8
2020-05-07,US,Oklahoma,Comanche,115,2,0,34.65973764,-98.47195055,40031.0,113,113,2,0,111,104,120422,2,0,0,2,9
2020-05-07,US,Oklahoma,Cotton,5,1,0,34.28845626,-98.37053567,40033.0,4,5,1,0,4,5,5776,0,0,0,0,0
2020-05-07,US,Oklahoma,Craig,13,0,0,36.76268118,-95.20916602,40035.0,13,13,0,0,13,12,14306,0,0,0,0,1
2020-05-07,US,Oklahoma,Creek,82,7,0,35.90230551,-96.37086028,40037.0,75,81,7,0,74,80,71604,1,0,0,1,1
2020-05-07,US,Oklahoma,Custer,11,0,0,35.63853802,-99.00170785,40039.0,11,11,0,0,11,11,29036,0,0,0,0,0
2020-05-07,US,Oklahoma,Delaware,92,15,0,36.40823634,-94.80325046,40041.0,77,92,14,0,78,92,42733,0,1,0,-1,0
2020-05-07,US,Oklahoma,Dewey,2,0,0,35.98772922,-99.00730714,40043.0,2,2,0,0,2,2,4894,0,0,0,0,0
2020-05-07,US,Oklahoma,Garfield,21,1,0,36.3791334,-97.78265517,40047.0,20,21,1,0,20,21,60913,0,0,0,0,0
2020-05-07,US,Oklahoma,Garvin,14,1,0,34.70418038,-97.30811132,40049.0,13,14,1,0,13,14,27811,0,0,0,0,0
2020-05-07,US,Oklahoma,Grady,41,2,0,35.0167709,-97.88339847,40051.0,39,41,2,0,39,40,55551,0,0,0,0,1
2020-05-07,US,Oklahoma,Grant,2,0,0,36.796297,-97.78638765,40053.0,2,2,0,0,2,2,4326,0,0,0,0,0
2020-05-07,US,Oklahoma,Greer,65,6,0,34.93535801,-99.5605612,40055.0,59,65,6,0,59,65,5821,0,0,0,0,0
2020-05-07,US,Oklahoma,Harper,1,0,0,36.78836519,-99.6679804,40059.0,1,1,0,0,1,1,3797,0,0,0,0,0
2020-05-07,US,Oklahoma,Haskell,5,0,0,35.22257600000001,-95.11513306,40061.0,5,5,0,0,5,5,12668,0,0,0,0,0
2020-05-07,US,Oklahoma,Jackson,19,0,0,34.58781741,-99.41138784,40065.0,19,19,0,0,19,18,24949,0,0,0,0,1
2020-05-07,US,Oklahoma,Jefferson,2,0,0,34.11130184,-97.83182974,40067.0,2,2,0,0,2,2,6123,0,0,0,0,0
2020-05-07,US,Oklahoma,Johnston,3,0,0,34.31440473,-96.66011537,40069.0,3,3,0,0,3,3,10949,0,0,0,0,0
2020-05-07,US,Oklahoma,Kay,48,7,0,36.81799745,-97.14421435,40071.0,41,48,7,0,41,48,44161,0,0,0,0,0
2020-05-07,US,Oklahoma,Kingfisher,8,0,0,35.94530008,-97.94193268,40073.0,8,8,0,0,8,8,15816,0,0,0,0,0
2020-05-07,US,Oklahoma,Kiowa,5,0,0,34.91671958,-98.97720696,40075.0,5,5,0,0,5,5,8729,0,0,0,0,0
2020-05-07,US,Oklahoma,Latimer,5,1,0,34.87844729,-95.25215049,40077.0,4,5,1,0,4,5,10231,0,0,0,0,0
2020-05-07,US,Oklahoma,Le Flore,13,0,0,34.89851864,-94.70392124,40079.0,13,13,0,0,13,13,49980,0,0,0,0,0
2020-05-07,US,Oklahoma,Lincoln,16,2,0,35.70270942,-96.8812462,40081.0,14,16,2,0,14,16,34920,0,0,0,0,0
2020-05-07,US,Oklahoma,Logan,18,1,0,35.91899576,-97.44352845,40083.0,17,17,1,0,16,17,47291,1,0,0,1,0
2020-05-07,US,Oklahoma,Love,3,0,0,33.95273467,-97.23906784,40085.0,3,2,0,0,2,2,10134,1,0,0,1,0
2020-05-07,US,Oklahoma,Major,4,1,0,36.31149996,-98.53467076,40093.0,3,4,1,0,3,4,7644,0,0,0,0,0
2020-05-07,US,Oklahoma,Marshall,2,0,0,34.02311222,-96.76855464,40095.0,2,2,0,0,2,2,16806,0,0,0,0,0
2020-05-07,US,Oklahoma,Mayes,24,4,0,36.30179091,-95.23175116,40097.0,20,24,4,0,20,24,41107,0,0,0,0,0
2020-05-07,US,Oklahoma,McClain,84,2,0,35.01123903,-97.44572302,40087.0,82,84,2,0,82,84,39985,0,0,0,0,0
2020-05-07,US,Oklahoma,McCurtain,8,0,0,34.11664328,-94.77222373,40089.0,8,8,0,0,8,8,32703,0,0,0,0,0
2020-05-07,US,Oklahoma,McIntosh,4,0,0,35.37235506,-95.66599306,40091.0,4,4,0,0,4,3,19815,0,0,0,0,1
2020-05-07,US,Oklahoma,Murray,2,0,0,34.48116015,-97.06826283,40099.0,2,2,0,0,2,2,13953,0,0,0,0,0
2020-05-07,US,Oklahoma,Muskogee,28,6,0,35.61318461,-95.37802952,40101.0,22,27,6,0,21,27,68362,1,0,0,1,0
2020-05-07,US,Oklahoma,Noble,7,0,0,36.38953329,-97.22928674,40103.0,7,7,0,0,7,6,11289,0,0,0,0,1
2020-05-07,US,Oklahoma,Nowata,21,0,0,36.79843529,-95.61902331,40105.0,21,21,0,0,21,21,10218,0,0,0,0,0
2020-05-07,US,Oklahoma,Okfuskee,1,0,0,35.46485198,-96.32639984,40107.0,1,1,0,0,1,1,12098,0,0,0,0,0
2020-05-07,US,Oklahoma,Oklahoma,895,40,0,35.55140095,-97.40716948,40109.0,855,868,40,0,828,853,792582,27,0,0,27,15
2020-05-07,US,Oklahoma,Okmulgee,17,0,0,35.64661916,-95.96432828,40111.0,17,16,0,0,16,16,38335,1,0,0,1,0
2020-05-07,US,Oklahoma,Osage,82,8,0,36.62888819,-96.39635704,40113.0,74,77,8,0,69,78,47014,5,0,0,5,-1
2020-05-07,US,Oklahoma,Ottawa,34,1,0,36.83532655,-94.81011909,40115.0,33,34,1,0,33,34,31175,0,0,0,0,0
2020-05-07,US,Oklahoma,Pawnee,29,2,0,36.31743373,-96.7033176,40117.0,27,29,2,0,27,29,16390,0,0,0,0,0
2020-05-07,US,Oklahoma,Payne,44,1,0,36.07695283,-96.97584944,40119.0,43,44,1,0,43,44,82040,0,0,0,0,0
2020-05-07,US,Oklahoma,Pittsburg,39,2,0,34.92065823,-95.7513432,40121.0,37,39,2,0,37,39,43877,0,0,0,0,0
2020-05-07,US,Oklahoma,Pontotoc,10,2,0,34.72959848,-96.68337199,40123.0,8,10,2,0,8,10,38247,0,0,0,0,0
2020-05-07,US,Oklahoma,Pottawatomie,53,4,0,35.20614018,-96.94923008,40125.0,49,52,4,0,48,52,72679,1,0,0,1,0
2020-05-07,US,Oklahoma,Pushmataha,1,0,0,34.41635232,-95.37603505,40127.0,1,1,0,0,1,1,11179,0,0,0,0,0
2020-05-07,US,Oklahoma,Rogers,69,4,0,36.37004357,-95.60406759,40131.0,65,68,4,0,64,68,91984,1,0,0,1,0
2020-05-07,US,Oklahoma,Seminole,19,2,0,35.16478725,-96.61686741,40133.0,17,19,2,0,17,19,24578,0,0,0,0,0
2020-05-07,US,Oklahoma,Sequoyah,13,3,0,35.49447108,-94.75463785,40135.0,10,13,3,0,10,12,41179,0,0,0,0,1
2020-05-07,US,Oklahoma,Stephens,22,1,0,34.48556989,-97.85141892,40137.0,21,22,1,0,21,22,43265,0,0,0,0,0
2020-05-07,US,Oklahoma,Texas,308,3,0,36.74777635,-101.4889765,40139.0,305,274,3,0,271,252,20455,34,0,0,34,22
2020-05-07,US,Oklahoma,Tillman,16,0,0,34.37288446,-98.92426619,40141.0,16,15,0,0,15,15,7348,1,0,0,1,0
2020-05-07,US,Oklahoma,Tulsa,676,36,0,36.11939621,-95.94013939,40143.0,640,653,36,0,617,645,648360,23,0,0,23,8
2020-05-07,US,Oklahoma,Wagoner,125,17,0,35.96024096,-95.51911308,40145.0,108,123,15,0,108,123,80110,2,2,0,0,0
2020-05-07,US,Oklahoma,Washington,289,26,0,36.71380786,-95.90514104,40147.0,263,283,23,0,260,281,51843,6,3,0,3,2
2020-05-07,US,Oklahoma,Woods,3,0,0,36.76705782,-98.86573064,40151.0,3,3,0,0,3,3,8897,0,0,0,0,0
2020-05-07,US,Oklahoma,Woodward,1,0,0,36.42316318,-99.26283045,40153.0,1,1,0,0,1,1,20222,0,0,0,0,0
2020-05-07,US,Oregon,Baker,1,0,0,44.70915557,-117.6749883,41001.0,1,1,0,0,1,,16006,0,0,0,0,
2020-05-07,US,Oregon,Benton,44,5,0,44.49167306,-123.4316987,41003.0,39,40,5,0,35,39,92101,4,0,0,4,1
2020-05-07,US,Oregon,Clackamas,241,8,0,45.18787398,-122.2179634,41005.0,233,235,7,0,228,231,416075,6,1,0,5,4
2020-05-07,US,Oregon,Clatsop,18,0,0,45.99712889,-123.660711,41007.0,18,17,0,0,17,17,39764,1,0,0,1,0
2020-05-07,US,Oregon,Columbia,15,0,0,45.94464254,-123.0890898,41009.0,15,15,0,0,15,14,52377,0,0,0,0,1
2020-05-07,US,Oregon,Coos,29,0,0,43.17406868,-124.0594514,41011.0,29,28,0,0,28,28,64389,1,0,0,1,0
2020-05-07,US,Oregon,Crook,1,0,0,44.14230227,-120.356297,41013.0,1,1,0,0,1,1,23867,0,0,0,0,0
2020-05-07,US,Oregon,Curry,4,0,0,42.45911325,-124.157282,41015.0,4,4,0,0,4,4,22813,0,0,0,0,0
2020-05-07,US,Oregon,Deschutes,83,0,0,43.91570171,-121.2289121,41017.0,83,81,0,0,81,80,191996,2,0,0,2,1
2020-05-07,US,Oregon,Douglas,24,0,0,43.27941273,-123.167291,41019.0,24,24,0,0,24,24,110283,0,0,0,0,0
2020-05-07,US,Oregon,Grant,1,0,0,44.49024544,-119.0068631,41023.0,1,1,0,0,1,1,7176,0,0,0,0,0
2020-05-07,US,Oregon,Harney,1,0,0,43.06422669,-118.9666306,41025.0,1,1,0,0,1,1,7329,0,0,0,0,0
2020-05-07,US,Oregon,Hood River,11,0,0,45.51872811,-121.65520359999998,41027.0,11,11,0,0,11,11,23428,0,0,0,0,0
2020-05-07,US,Oregon,Jackson,49,0,0,42.43201126,-122.7289309,41029.0,49,49,0,0,49,49,219564,0,0,0,0,0
2020-05-07,US,Oregon,Jefferson,22,0,0,44.62806839,-121.17832,41031.0,22,18,0,0,18,14,24192,4,0,0,4,4
2020-05-07,US,Oregon,Josephine,24,1,0,42.3665549,-123.5561938,41033.0,23,24,1,0,23,24,87393,0,0,0,0,0
2020-05-07,US,Oregon,Klamath,39,0,0,42.68762984,-121.64964609999998,41035.0,39,39,0,0,39,39,67653,0,0,0,0,0
2020-05-07,US,Oregon,Lane,57,2,0,43.93727035,-122.847753,41039.0,55,57,2,0,55,55,379611,0,0,0,0,2
2020-05-07,US,Oregon,Lincoln,6,0,0,44.64252874,-123.869912,41041.0,6,6,0,0,6,5,49388,0,0,0,0,1
2020-05-07,US,Oregon,Linn,99,7,0,44.48899494,-122.5373154,41043.0,92,99,7,0,92,98,127335,0,0,0,0,1
2020-05-07,US,Oregon,Malheur,13,0,0,43.1937027,-117.6227395,41045.0,13,13,0,0,13,13,30725,0,0,0,0,0
2020-05-07,US,Oregon,Marion,613,21,0,44.90287942,-122.5815117,41047.0,592,592,19,0,573,574,346868,21,2,0,19,18
2020-05-07,US,Oregon,Morrow,11,0,0,45.41846568,-119.584546,41049.0,11,10,0,0,10,10,11372,1,0,0,1,0
2020-05-07,US,Oregon,Multnomah,809,52,0,45.54747959,-122.4169351,41051.0,757,793,50,0,743,769,811880,16,2,0,14,24
2020-05-07,US,Oregon,Polk,78,4,0,44.90322804,-123.4128888,41053.0,74,75,3,0,72,68,85234,3,1,0,2,7
2020-05-07,US,Oregon,Sherman,1,0,0,45.41501554,-120.6827834,41055.0,1,1,0,0,1,1,1708,0,0,0,0,0
2020-05-07,US,Oregon,Tillamook,6,0,0,45.46248721,-123.712066,41057.0,6,6,0,0,6,6,26787,0,0,0,0,0
2020-05-07,US,Oregon,Umatilla,77,1,0,45.59073056,-118.7353826,41059.0,76,77,1,0,76,73,77516,0,0,0,0,4
2020-05-07,US,Oregon,Union,4,0,0,45.30915495,-118.0068979,41061.0,4,4,0,0,4,4,26461,0,0,0,0,0
2020-05-07,US,Oregon,Wallowa,1,0,0,45.57894064,-117.18353799999998,41063.0,1,1,0,0,1,1,7081,0,0,0,0,0
2020-05-07,US,Oregon,Wasco,14,1,0,45.16292781,-121.1670954,41065.0,13,14,1,0,13,13,26505,0,0,0,0,1
2020-05-07,US,Oregon,Washington,548,12,0,45.55972701,-123.0955257,41067.0,536,537,12,0,525,531,597695,11,0,0,11,6
2020-05-07,US,Oregon,Yamhill,45,7,0,45.23330449,-123.3086963,41071.0,38,42,7,0,35,41,107002,3,0,0,3,1
2020-05-07,US,Pennsylvania,Adams,151,5,0,39.87140411,-77.21610347,42001.0,146,148,5,0,143,148,102811,3,0,0,3,0
2020-05-07,US,Pennsylvania,Allegheny,1439,117,0,40.46809875,-79.98167747,42003.0,1322,1394,111,0,1283,1375,1218452,45,6,0,39,19
2020-05-07,US,Pennsylvania,Armstrong,55,3,0,40.81665618,-79.46290811,42005.0,52,55,3,0,52,53,65263,0,0,0,0,2
2020-05-07,US,Pennsylvania,Beaver,472,78,0,40.6825484,-80.34921611,42007.0,394,471,76,0,395,466,164742,1,2,0,-1,5
2020-05-07,US,Pennsylvania,Bedford,27,1,0,40.00522157,-78.48998442,42009.0,26,27,1,0,26,26,48176,0,0,0,0,1
2020-05-07,US,Pennsylvania,Berks,3095,168,0,40.41570541,-75.92457766,42011.0,2927,3048,148,0,2900,3004,420152,47,20,0,27,44
2020-05-07,US,Pennsylvania,Blair,28,0,0,40.47961444,-78.34917412,42013.0,28,25,0,0,25,25,122492,3,0,0,3,0
2020-05-07,US,Pennsylvania,Bradford,36,2,0,41.78869215,-76.51570822,42015.0,34,36,2,0,34,35,60833,0,0,0,0,1
2020-05-07,US,Pennsylvania,Bucks,3613,320,0,40.33682119,-75.10836643,42017.0,3293,3508,304,0,3204,3505,628195,105,16,0,89,3
2020-05-07,US,Pennsylvania,Butler,190,6,0,40.91152759,-79.91351055,42019.0,184,185,6,0,179,184,187888,5,0,0,5,1
2020-05-07,US,Pennsylvania,Cambria,37,1,0,40.49527404,-78.71377428,42021.0,36,35,1,0,34,34,131730,2,0,0,2,1
2020-05-07,US,Pennsylvania,Cameron,2,0,0,41.43625568,-78.20376845,42023.0,2,2,0,0,2,2,4492,0,0,0,0,0
2020-05-07,US,Pennsylvania,Carbon,189,16,0,40.91545395,-75.7068525,42025.0,173,186,16,0,170,185,64227,3,0,0,3,1
2020-05-07,US,Pennsylvania,Centre,116,1,0,40.92058903,-77.82200624,42027.0,115,113,1,0,112,106,162805,3,0,0,3,7
2020-05-07,US,Pennsylvania,Chester,1673,167,0,39.97291773,-75.74768357,42029.0,1506,1636,156,0,1480,1601,522046,37,11,0,26,35
2020-05-07,US,Pennsylvania,Clarion,23,1,0,41.19265812,-79.42413524,42031.0,22,23,1,0,22,23,38779,0,0,0,0,0
2020-05-07,US,Pennsylvania,Clearfield,22,0,0,41.00110782,-78.47592663,42033.0,22,21,0,0,21,21,79388,1,0,0,1,0
2020-05-07,US,Pennsylvania,Clinton,35,0,0,41.23255967,-77.63785995,42035.0,35,34,0,0,34,33,38684,1,0,0,1,1
2020-05-07,US,Pennsylvania,Columbia,306,21,0,41.04821986,-76.40565017,42037.0,285,302,16,0,286,298,65456,4,5,0,-1,4
2020-05-07,US,Pennsylvania,Crawford,20,0,0,41.68447709,-80.10760592,42039.0,20,20,0,0,20,19,85063,0,0,0,0,1
2020-05-07,US,Pennsylvania,Cumberland,403,31,0,40.1625372,-77.26130755,42041.0,372,386,26,0,360,382,251423,17,5,0,12,4
2020-05-07,US,Pennsylvania,Dauphin,735,33,0,40.41377078,-76.77993242,42043.0,702,711,29,0,682,695,277097,24,4,0,20,16
2020-05-07,US,Pennsylvania,Delaware,4497,376,0,39.91680171,-75.40243663,42045.0,4121,4373,326,0,4047,4269,564751,124,50,0,74,104
2020-05-07,US,Pennsylvania,Elk,5,1,0,41.42822061,-78.64524744,42047.0,4,4,0,0,4,4,30169,1,1,0,0,0
2020-05-07,US,Pennsylvania,Erie,101,2,0,41.99253829,-80.03301954,42049.0,99,95,2,0,93,93,272061,6,0,0,6,2
2020-05-07,US,Pennsylvania,Fayette,84,4,0,39.92041012,-79.64291195,42051.0,80,84,4,0,80,84,130441,0,0,0,0,0
2020-05-07,US,Pennsylvania,Forest,7,0,0,41.51095103,-79.23229292,42053.0,7,7,0,0,7,7,7279,0,0,0,0,0
2020-05-07,US,Pennsylvania,Franklin,425,11,0,39.92956518,-77.72157791,42055.0,414,406,9,0,397,396,154835,19,2,0,17,10
2020-05-07,US,Pennsylvania,Fulton,7,0,0,39.92913544,-78.11163677,42057.0,7,7,0,0,7,7,14523,0,0,0,0,0
2020-05-07,US,Pennsylvania,Greene,27,1,0,39.85746531,-80.22357106,42059.0,26,27,1,0,26,27,36506,0,0,0,0,0
2020-05-07,US,Pennsylvania,Huntingdon,109,0,0,40.42162652,-77.97673273,42061.0,109,60,0,0,60,59,45168,49,0,0,49,1
2020-05-07,US,Pennsylvania,Indiana,75,5,0,40.65241041,-79.08963285,42063.0,70,75,5,0,70,74,84501,0,0,0,0,1
2020-05-07,US,Pennsylvania,Jefferson,7,0,0,41.12913106,-78.9986361,42065.0,7,7,0,0,7,6,43641,0,0,0,0,1
2020-05-07,US,Pennsylvania,Juniata,92,1,0,40.53358749,-77.39975129999998,42067.0,91,86,1,0,85,86,24704,6,0,0,6,0
2020-05-07,US,Pennsylvania,Lackawanna,1093,112,0,41.43564672,-75.60379201,42069.0,981,1076,106,0,970,1038,210793,17,6,0,11,38
2020-05-07,US,Pennsylvania,Lancaster,2070,216,0,40.03904563,-76.24770128,42071.0,1854,2041,206,0,1835,2018,543557,29,10,0,19,23
2020-05-07,US,Pennsylvania,Lawrence,69,7,0,40.99206278,-80.33393706,42073.0,62,68,7,0,61,67,86184,1,0,0,1,1
2020-05-07,US,Pennsylvania,Lebanon,785,16,0,40.36680311,-76.45651841,42075.0,769,774,15,0,759,766,141314,11,1,0,10,8
2020-05-07,US,Pennsylvania,Lehigh,3102,111,0,40.6154815,-75.59435245,42077.0,2991,3063,102,0,2961,2999,368100,39,9,0,30,64
2020-05-07,US,Pennsylvania,Luzerne,2332,114,0,41.17823008,-75.98447579,42079.0,2218,2306,107,0,2199,2280,317646,26,7,0,19,26
2020-05-07,US,Pennsylvania,Lycoming,99,4,0,41.34310539,-77.06629984,42081.0,95,90,4,0,86,86,113664,9,0,0,9,4
2020-05-07,US,Pennsylvania,McKean,6,1,0,41.80938602,-78.56478358,42083.0,5,6,0,0,6,6,40968,0,1,0,-1,0
2020-05-07,US,Pennsylvania,Mercer,70,1,0,41.30248872,-80.25816981,42085.0,69,69,1,0,68,67,110683,1,0,0,1,2
2020-05-07,US,Pennsylvania,Mifflin,48,0,0,40.61116939,-77.61070738,42087.0,48,45,0,0,45,42,46222,3,0,0,3,3
2020-05-07,US,Pennsylvania,Monroe,1194,63,0,41.05934058,-75.34031025,42089.0,1131,1190,60,0,1130,1186,169507,4,3,0,1,4
2020-05-07,US,Pennsylvania,Montgomery,4915,506,0,40.21053671,-75.36652296,42091.0,4409,4827,471,0,4356,4687,828604,88,35,0,53,140
2020-05-07,US,Pennsylvania,Montour,50,0,0,41.03023987,-76.66345939,42093.0,50,50,0,0,50,50,18240,0,0,0,0,0
2020-05-07,US,Pennsylvania,Northampton,2355,152,0,40.75182733,-75.30471829,42095.0,2203,2313,122,0,2191,2279,304807,42,30,0,12,34
2020-05-07,US,Pennsylvania,Northumberland,112,0,0,40.84785433,-76.70798222,42097.0,112,111,0,0,111,107,91083,1,0,0,1,4
2020-05-07,US,Pennsylvania,Perry,34,1,0,40.40206612,-77.26297447,42099.0,33,34,1,0,33,34,46139,0,0,0,0,0
2020-05-07,US,Pennsylvania,Philadelphia,17047,816,0,40.00338507,-75.1379271,42101.0,16231,16697,803,0,15894,16410,1584138,350,13,0,337,287
2020-05-07,US,Pennsylvania,Pike,419,19,0,41.33155042,-75.03208106,42103.0,400,415,17,0,398,412,55933,4,2,0,2,3
2020-05-07,US,Pennsylvania,Potter,4,0,0,41.74471626,-77.89559864,42105.0,4,4,0,0,4,4,16622,0,0,0,0,0
2020-05-07,US,Pennsylvania,Schuylkill,422,10,0,40.70497338,-76.2150785,42107.0,412,419,9,0,410,405,142067,3,1,0,2,14
2020-05-07,US,Pennsylvania,Snyder,33,1,0,40.77129231,-77.06840691,42109.0,32,33,1,0,32,33,40540,0,0,0,0,0
2020-05-07,US,Pennsylvania,Somerset,32,1,0,39.97172723,-79.02699593,42111.0,31,32,1,0,31,30,73952,0,0,0,0,2
2020-05-07,US,Pennsylvania,Sullivan,1,0,0,41.44634738,-76.51246591,42113.0,1,1,0,0,1,1,6071,0,0,0,0,0
2020-05-07,US,Pennsylvania,Susquehanna,86,11,0,41.82147784,-75.80071959,42115.0,75,87,11,0,76,86,40589,-1,0,0,-1,1
2020-05-07,US,Pennsylvania,Tioga,16,1,0,41.77255149,-77.25433032,42117.0,15,16,1,0,15,16,40763,0,0,0,0,0
2020-05-07,US,Pennsylvania,Union,40,1,0,40.96188846,-77.05996014,42119.0,39,39,1,0,38,38,44785,1,0,0,1,1
2020-05-07,US,Pennsylvania,Venango,7,0,0,41.40323442,-79.75845449,42121.0,7,7,0,0,7,7,51266,0,0,0,0,0
2020-05-07,US,Pennsylvania,Warren,1,0,0,41.81304978,-79.26969577,42123.0,1,1,0,0,1,1,39498,0,0,0,0,0
2020-05-07,US,Pennsylvania,Washington,120,4,0,40.19208869,-80.24582867,42125.0,116,121,2,0,119,120,207346,-1,2,0,-3,1
2020-05-07,US,Pennsylvania,Wayne,113,5,0,41.64938475,-75.29956506,42127.0,108,110,5,0,105,109,51276,3,0,0,3,1
2020-05-07,US,Pennsylvania,Westmoreland,411,29,0,40.31377979999999,-79.46615476,42129.0,382,409,29,0,380,405,350611,2,0,0,2,4
2020-05-07,US,Pennsylvania,Wyoming,27,2,0,41.51955538,-76.01074915,42131.0,25,27,2,0,25,27,27046,0,0,0,0,0
2020-05-07,US,Pennsylvania,York,740,13,0,39.9210089,-76.73040131,42133.0,727,722,11,0,711,716,448273,18,2,0,16,6
2020-05-07,US,Rhode Island,Bristol,154,0,0,41.71018079,-71.28652315,44001.0,154,154,0,0,154,154,48649,0,0,0,0,0
2020-05-07,US,Rhode Island,Kent,703,0,0,41.67106337,-71.57641596,44003.0,703,703,0,0,703,703,163861,0,0,0,0,0
2020-05-07,US,Rhode Island,Newport,161,0,0,41.5642026,-71.26569799,44005.0,161,161,0,0,161,161,82542,0,0,0,0,0
2020-05-07,US,Rhode Island,Providence,7138,0,0,41.87064746,-71.57753536,44007.0,7138,7138,0,0,7138,7138,636084,0,0,0,0,0
2020-05-07,US,Rhode Island,Unassigned,2011,388,0,0.0,0.0,90044.0,1623,1686,370,0,1316,1414,,325,18,0,307,272
2020-05-07,US,Rhode Island,Washington,363,0,0,41.45961631,-71.61435303,44009.0,363,363,0,0,363,363,126179,0,0,0,0,0
2020-05-07,US,South Carolina,Abbeville,34,0,0,34.22333378,-82.46170658,45001.0,34,33,0,0,33,33,24541,1,0,0,1,0
2020-05-07,US,South Carolina,Aiken,109,6,0,33.54338026,-81.63645384,45003.0,103,108,6,0,102,108,169401,1,0,0,1,0
2020-05-07,US,South Carolina,Allendale,19,3,0,32.98837386,-81.35321066,45005.0,16,18,2,0,16,18,8903,1,1,0,0,0
2020-05-07,US,South Carolina,Anderson,182,8,0,34.51828081,-82.63959517,45007.0,174,173,8,0,165,172,200482,9,0,0,9,1
2020-05-07,US,South Carolina,Bamberg,14,0,0,33.21927586,-81.05659969,45009.0,14,14,0,0,14,13,14275,0,0,0,0,1
2020-05-07,US,South Carolina,Barnwell,29,0,0,33.26679302,-81.43584352,45011.0,29,28,0,0,28,27,21112,1,0,0,1,1
2020-05-07,US,South Carolina,Beaufort,269,12,0,32.39226291,-80.72619758,45013.0,257,269,12,0,257,270,188715,0,0,0,0,-1
2020-05-07,US,South Carolina,Berkeley,189,14,0,33.20222596,-79.94654523,45015.0,175,189,14,0,175,188,221091,0,0,0,0,1
2020-05-07,US,South Carolina,Calhoun,7,1,0,33.66926881,-80.77722168,45017.0,6,7,1,0,6,7,14520,0,0,0,0,0
2020-05-07,US,South Carolina,Charleston,467,9,0,32.82487866,-79.96512315,45019.0,458,464,9,0,455,463,405905,3,0,0,3,1
2020-05-07,US,South Carolina,Cherokee,21,0,0,35.05122251,-81.61828622,45021.0,21,19,0,0,19,18,57078,2,0,0,2,1
2020-05-07,US,South Carolina,Chester,35,0,0,34.69249168,-81.1583216,45023.0,35,34,0,0,34,35,32251,1,0,0,1,-1
2020-05-07,US,South Carolina,Chesterfield,69,1,0,34.64137396,-80.15640140000002,45025.0,68,65,1,0,64,61,45754,4,0,0,4,4
2020-05-07,US,South Carolina,Clarendon,253,24,0,33.66610974,-80.21647898,45027.0,229,248,24,0,224,237,33700,5,0,0,5,11
2020-05-07,US,South Carolina,Colleton,32,4,0,32.87582989,-80.67641292,45029.0,28,32,4,0,28,32,37660,0,0,0,0,0
2020-05-07,US,South Carolina,Darlington,157,3,0,34.33358335,-79.96027485,45031.0,154,151,2,0,149,149,66802,6,1,0,5,2
2020-05-07,US,South Carolina,Dillon,78,0,0,34.39007791,-79.37741872,45033.0,78,74,0,0,74,74,30599,4,0,0,4,0
2020-05-07,US,South Carolina,Dorchester,104,3,0,33.0794369,-80.40502652,45035.0,101,103,3,0,100,101,160647,1,0,0,1,2
2020-05-07,US,South Carolina,Edgefield,36,2,0,33.77221995,-81.96231108,45037.0,34,35,2,0,33,32,27052,1,0,0,1,3
2020-05-07,US,South Carolina,Fairfield,75,3,0,34.39287073,-81.1195624,45039.0,72,74,2,0,72,71,22402,1,1,0,0,3
2020-05-07,US,South Carolina,Florence,370,19,0,34.02361754,-79.70189312,45041.0,351,358,19,0,339,353,138159,12,0,0,12,5
2020-05-07,US,South Carolina,Georgetown,50,3,0,33.43443342,-79.33202141,45043.0,47,48,3,0,45,46,62249,2,0,0,2,2
2020-05-07,US,South Carolina,Greenville,835,42,0,34.89502264,-82.37295012,45045.0,793,803,42,0,761,796,514213,32,0,0,32,7
2020-05-07,US,South Carolina,Greenwood,61,0,0,34.15272415,-82.12715789,45047.0,61,61,0,0,61,57,70741,0,0,0,0,4
2020-05-07,US,South Carolina,Hampton,27,0,0,32.77419582,-81.13845571,45049.0,27,27,0,0,27,26,19351,0,0,0,0,1
2020-05-07,US,South Carolina,Horry,242,18,0,33.9212828,-78.99555293,45051.0,224,238,18,0,220,236,344147,4,0,0,4,2
2020-05-07,US,South Carolina,Jasper,21,1,0,32.43171982,-81.02487495,45053.0,20,21,1,0,20,21,28971,0,0,0,0,0
2020-05-07,US,South Carolina,Kershaw,250,12,0,34.33988254,-80.58763164,45055.0,238,245,10,0,235,247,65592,5,2,0,3,-2
2020-05-07,US,South Carolina,Lancaster,101,4,0,34.68270843,-80.70513032,45057.0,97,99,4,0,95,96,95380,2,0,0,2,3
2020-05-07,US,South Carolina,Laurens,44,2,0,34.48244419,-82.00490796,45059.0,42,42,2,0,40,42,66994,2,0,0,2,0
2020-05-07,US,South Carolina,Lee,80,8,0,34.16393091,-80.25690731,45061.0,72,70,8,0,62,69,17142,10,0,0,10,1
2020-05-07,US,South Carolina,Lexington,458,19,0,33.89665987,-81.27146426,45063.0,439,442,18,0,424,440,295032,16,1,0,15,2
2020-05-07,US,South Carolina,Marion,43,2,0,34.07859748,-79.36400756,45067.0,41,41,2,0,39,41,31039,2,0,0,2,0
2020-05-07,US,South Carolina,Marlboro,56,1,0,34.59905577,-79.67561152,45069.0,55,54,1,0,53,54,26398,2,0,0,2,0
2020-05-07,US,South Carolina,McCormick,7,1,0,33.90161443,-82.30794338,45065.0,6,7,1,0,6,7,9410,0,0,0,0,0
2020-05-07,US,South Carolina,Newberry,31,1,0,34.28629098,-81.59935761,45071.0,30,31,1,0,30,31,38520,0,0,0,0,0
2020-05-07,US,South Carolina,Oconee,32,0,0,34.75225169,-83.06742317,45073.0,32,31,0,0,31,29,78374,1,0,0,1,2
2020-05-07,US,South Carolina,Orangeburg,95,2,0,33.4391073,-80.79886287,45075.0,93,95,2,0,93,94,86934,0,0,0,0,1
2020-05-07,US,South Carolina,Pickens,62,1,0,34.88807695,-82.72791551,45077.0,61,61,1,0,60,61,124937,1,0,0,1,0
2020-05-07,US,South Carolina,Richland,1043,52,0,34.01791263,-80.90267209,45079.0,991,1014,49,0,965,990,414576,29,3,0,26,24
2020-05-07,US,South Carolina,Saluda,82,0,0,34.00795823,-81.72713237,45081.0,82,73,0,0,73,70,20544,9,0,0,9,3
2020-05-07,US,South Carolina,Spartanburg,325,12,0,34.92960077,-81.99225984,45083.0,313,318,12,0,306,317,313888,7,0,0,7,1
2020-05-07,US,South Carolina,Sumter,277,12,0,33.91826534,-80.37942316,45085.0,265,271,12,0,259,270,106512,6,0,0,6,1
2020-05-07,US,South Carolina,Union,27,0,0,34.68835752,-81.61730349,45087.0,27,26,0,0,26,26,27410,1,0,0,1,0
2020-05-07,US,South Carolina,Williamsburg,119,6,0,33.62190129,-79.72767442,45089.0,113,100,4,0,96,94,30606,19,2,0,17,6
2020-05-07,US,South Carolina,York,225,5,0,34.97281497,-81.18085944,45091.0,220,222,5,0,217,219,274118,3,0,0,3,3
2020-05-07,US,South Dakota,Aurora,1,0,0,43.71757685,-98.56050467,46003.0,1,1,0,0,1,1,2801,0,0,0,0,0
2020-05-07,US,South Dakota,Beadle,21,2,0,44.41464384,-98.27858469,46005.0,19,21,2,0,19,21,18883,0,0,0,0,0
2020-05-07,US,South Dakota,Bon Homme,4,0,0,42.98914167,-97.88592746,46009.0,4,4,0,0,4,4,6980,0,0,0,0,0
2020-05-07,US,South Dakota,Brookings,14,0,0,44.36974375,-96.79079945,46011.0,14,14,0,0,14,13,35232,0,0,0,0,1
2020-05-07,US,South Dakota,Brown,93,0,0,45.58994323,-98.35165355,46013.0,93,76,0,0,76,71,39316,17,0,0,17,5
2020-05-07,US,South Dakota,Buffalo,1,0,0,44.07657829,-99.20814467,46017.0,1,1,0,0,1,1,2036,0,0,0,0,0
2020-05-07,US,South Dakota,Charles Mix,5,0,0,43.20660134,-98.58856175,46023.0,5,5,0,0,5,5,9338,0,0,0,0,0
2020-05-07,US,South Dakota,Clark,1,0,0,44.85834507,-97.72925109,46025.0,1,1,0,0,1,1,3739,0,0,0,0,0
2020-05-07,US,South Dakota,Clay,7,0,0,42.91296147,-96.97656917,46027.0,7,7,0,0,7,7,14041,0,0,0,0,0
2020-05-07,US,South Dakota,Codington,15,0,0,44.97788119,-97.18827677,46029.0,15,15,0,0,15,15,28015,0,0,0,0,0
2020-05-07,US,South Dakota,Corson,1,0,0,45.70889983,-101.1970473,46031.0,1,1,0,0,1,1,4165,0,0,0,0,0
2020-05-07,US,South Dakota,Davison,7,0,0,43.67490933,-98.14458906,46035.0,7,7,0,0,7,7,19790,0,0,0,0,0
2020-05-07,US,South Dakota,Day,10,0,0,45.367281,-97.60737498,46037.0,10,10,0,0,10,8,5505,0,0,0,0,2
2020-05-07,US,South Dakota,Deuel,1,0,0,44.75994309,-96.66943645,46039.0,1,1,0,0,1,1,4337,0,0,0,0,0
2020-05-07,US,South Dakota,Dewey,1,0,0,45.15639647,-100.8709139,46041.0,1,1,0,0,1,1,5904,0,0,0,0,0
2020-05-07,US,South Dakota,Douglas,1,0,0,43.38520741,-98.36978007,46043.0,1,1,0,0,1,1,2935,0,0,0,0,0
2020-05-07,US,South Dakota,Fall River,2,0,0,43.23929297,-103.5275691,46047.0,2,2,0,0,2,2,6758,0,0,0,0,0
2020-05-07,US,South Dakota,Faulk,1,0,0,45.07082625,-99.14535601,46049.0,1,1,0,0,1,1,2330,0,0,0,0,0
2020-05-07,US,South Dakota,Grant,2,0,0,45.1723937,-96.77002276,46051.0,2,2,0,0,2,,7147,0,0,0,0,
2020-05-07,US,South Dakota,Hamlin,2,0,0,44.67385954,-97.18829593,46057.0,2,2,0,0,2,2,6111,0,0,0,0,0
2020-05-07,US,South Dakota,Hand,1,0,0,44.54708407,-99.00386459,46059.0,1,1,0,0,1,1,3262,0,0,0,0,0
2020-05-07,US,South Dakota,Hughes,14,0,0,44.39091534,-99.99661148,46065.0,14,13,0,0,13,13,17650,1,0,0,1,0
2020-05-07,US,South Dakota,Hutchinson,3,0,0,43.33449012,-97.75536441,46067.0,3,3,0,0,3,3,7380,0,0,0,0,0
2020-05-07,US,South Dakota,Hyde,1,0,0,44.54747703,-99.48572582,46069.0,1,1,0,0,1,1,1282,0,0,0,0,0
2020-05-07,US,South Dakota,Jerauld,6,1,0,44.06637798,-98.62965972,46073.0,5,6,1,0,5,6,2043,0,0,0,0,0
2020-05-07,US,South Dakota,Lake,4,0,0,44.02193107,-97.12926365,46079.0,4,4,0,0,4,4,13057,0,0,0,0,0
2020-05-07,US,South Dakota,Lawrence,9,0,0,44.35919441,-103.7929428,46081.0,9,9,0,0,9,9,25741,0,0,0,0,0
2020-05-07,US,South Dakota,Lincoln,171,0,0,43.27841182,-96.7203905,46083.0,171,170,0,0,170,164,58807,1,0,0,1,6
2020-05-07,US,South Dakota,Lyman,3,0,0,43.89522709,-99.85201878,46085.0,3,3,0,0,3,3,3821,0,0,0,0,0
2020-05-07,US,South Dakota,Marshall,1,0,0,45.75870838,-97.59855639,46091.0,1,1,0,0,1,1,5112,0,0,0,0,0
2020-05-07,US,South Dakota,McCook,4,1,0,43.6742571,-97.36863144,46087.0,3,4,1,0,3,4,5546,0,0,0,0,0
2020-05-07,US,South Dakota,McPherson,1,0,0,45.76626028,-99.22118798,46089.0,1,1,0,0,1,1,2407,0,0,0,0,0
2020-05-07,US,South Dakota,Meade,2,0,0,44.56676791,-102.7162741,46093.0,2,2,0,0,2,2,28294,0,0,0,0,0
2020-05-07,US,South Dakota,Miner,1,0,0,44.02197882,-97.60992207,46097.0,1,1,0,0,1,1,2213,0,0,0,0,0
2020-05-07,US,South Dakota,Minnehaha,2332,26,0,43.67441641,-96.7910885,46099.0,2306,2231,19,0,2212,2195,192876,101,7,0,94,36
2020-05-07,US,South Dakota,Moody,11,0,0,44.02266214,-96.67081159,46101.0,11,7,0,0,7,6,6579,4,0,0,4,1
2020-05-07,US,South Dakota,Oglala Lakota,1,0,0,43.33749164,-102.5555498,46102.0,1,2,0,0,2,1,14309,-1,0,0,-1,1
2020-05-07,US,South Dakota,Pennington,17,1,0,44.0025835,-102.8240777,46103.0,16,16,1,0,15,16,111729,1,0,0,1,0
2020-05-07,US,South Dakota,Roberts,11,0,0,45.62975048,-96.94672673,46109.0,11,11,0,0,11,10,10447,0,0,0,0,1
2020-05-07,US,South Dakota,Sanborn,3,0,0,44.02351092,-98.0909816,46111.0,3,3,0,0,3,3,2429,0,0,0,0,0
2020-05-07,US,South Dakota,Spink,3,0,0,44.93837606,-98.34626602,46115.0,3,3,0,0,3,3,6495,0,0,0,0,0
2020-05-07,US,South Dakota,Stanley,8,0,0,44.41381872,-100.7349153,46117.0,8,8,0,0,8,8,3022,0,0,0,0,0
2020-05-07,US,South Dakota,Sully,1,0,0,44.71571812,-100.1278092,46119.0,1,1,0,0,1,1,1392,0,0,0,0,0
2020-05-07,US,South Dakota,Todd,7,0,0,43.19338568,-100.7195503,46121.0,7,7,0,0,7,6,10283,0,0,0,0,1
2020-05-07,US,South Dakota,Turner,18,0,0,43.3109081,-97.14865776,46125.0,18,18,0,0,18,17,8424,0,0,0,0,1
2020-05-07,US,South Dakota,Union,48,0,0,42.83112163,-96.6557828,46127.0,48,46,0,0,46,46,15619,2,0,0,2,0
2020-05-07,US,South Dakota,Walworth,5,0,0,45.43019636,-100.0307514,46129.0,5,5,0,0,5,5,5587,0,0,0,0,0
2020-05-07,US,South Dakota,Yankton,29,0,0,43.00924485,-97.39467635,46135.0,29,29,0,0,29,28,22869,0,0,0,0,1
2020-05-07,US,South Dakota,Ziebach,1,0,0,44.97881876,-101.6654622,46137.0,1,1,0,0,1,,2742,0,0,0,0,
2020-05-07,US,Tennessee,Anderson,31,1,0,36.12684348,-84.19965764,47001.0,30,29,1,0,28,29,76482,2,0,0,2,0
2020-05-07,US,Tennessee,Bedford,217,3,0,35.51123746,-86.45549096,47003.0,214,212,3,0,209,201,49038,5,0,0,5,11
2020-05-07,US,Tennessee,Benton,7,1,0,36.07110411,-88.06849355,47005.0,6,7,1,0,6,6,16184,0,0,0,0,1
2020-05-07,US,Tennessee,Bledsoe,602,0,0,35.59942968,-85.20611967,47007.0,602,601,0,0,601,601,14755,1,0,0,1,0
2020-05-07,US,Tennessee,Blount,69,3,0,35.68938198,-83.92847788,47009.0,66,69,3,0,66,73,131349,0,0,0,0,-4
2020-05-07,US,Tennessee,Bradley,64,1,0,35.15739424,-84.857186,47011.0,63,61,1,0,60,59,106727,3,0,0,3,2
2020-05-07,US,Tennessee,Campbell,16,1,0,36.40355516,-84.15108559999999,47013.0,15,16,1,0,15,17,39583,0,0,0,0,-1
2020-05-07,US,Tennessee,Cannon,13,0,0,35.80990797,-86.05738983,47015.0,13,12,0,0,12,12,14462,1,0,0,1,0
2020-05-07,US,Tennessee,Carroll,19,1,0,35.97366108,-88.45189331,47017.0,18,18,1,0,17,22,28020,1,0,0,1,-4
2020-05-07,US,Tennessee,Carter,18,1,0,36.28969086,-82.12588974,47019.0,17,16,1,0,15,16,56351,2,0,0,2,0
2020-05-07,US,Tennessee,Cheatham,58,0,0,36.26136216,-87.08903581,47021.0,58,58,0,0,58,57,40439,0,0,0,0,1
2020-05-07,US,Tennessee,Chester,10,0,0,35.42527478,-88.6095842,47023.0,10,10,0,0,10,10,17276,0,0,0,0,0
2020-05-07,US,Tennessee,Claiborne,7,0,0,36.48319149,-83.65947309,47025.0,7,6,0,0,6,6,31756,1,0,0,1,0
2020-05-07,US,Tennessee,Clay,6,0,0,36.55151008,-85.53930419,47027.0,6,6,0,0,6,5,7717,0,0,0,0,1
2020-05-07,US,Tennessee,Cocke,17,0,0,35.9278914,-83.11828725,47029.0,17,16,0,0,16,19,35774,1,0,0,1,-3
2020-05-07,US,Tennessee,Coffee,47,0,0,35.49090731,-86.07311784,47031.0,47,45,0,0,45,45,55700,2,0,0,2,0
2020-05-07,US,Tennessee,Crockett,7,0,0,35.81830662,-89.14916269,47033.0,7,7,0,0,7,9,14328,0,0,0,0,-2
2020-05-07,US,Tennessee,Cumberland,84,1,0,35.95271721,-84.99840585,47035.0,83,85,1,0,84,84,59673,-1,0,0,-1,1
2020-05-07,US,Tennessee,Davidson,3157,31,0,36.17007426,-86.78646056,47037.0,3126,3128,31,0,3097,3033,692587,29,0,0,29,95
2020-05-07,US,Tennessee,DeKalb,25,0,0,35.97616272,-85.83689361,47041.0,25,25,0,0,25,25,20138,0,0,0,0,0
2020-05-07,US,Tennessee,Decatur,4,0,0,35.60048904,-88.11043779,47039.0,4,4,0,0,4,4,11706,0,0,0,0,0
2020-05-07,US,Tennessee,Dickson,85,0,0,36.14669837,-87.35891709,47043.0,85,84,0,0,84,84,53446,1,0,0,1,0
2020-05-07,US,Tennessee,Dyer,39,0,0,36.05931946,-89.41542855,47045.0,39,38,0,0,38,40,37320,1,0,0,1,-2
2020-05-07,US,Tennessee,Fayette,73,1,0,35.19615831,-89.41399032,47047.0,72,73,1,0,72,69,40507,0,0,0,0,4
2020-05-07,US,Tennessee,Fentress,5,0,0,36.38128818,-84.92870012,47049.0,5,5,0,0,5,5,18217,0,0,0,0,0
2020-05-07,US,Tennessee,Franklin,37,1,0,35.15634626,-86.09201039,47051.0,36,36,1,0,35,36,41890,1,0,0,1,0
2020-05-07,US,Tennessee,Gibson,52,1,0,35.99438059,-88.93358327,47053.0,51,50,1,0,49,53,49045,2,0,0,2,-3
2020-05-07,US,Tennessee,Giles,9,0,0,35.20222469,-87.03992678,47055.0,9,9,0,0,9,8,29503,0,0,0,0,1
2020-05-07,US,Tennessee,Grainger,6,0,0,36.27469206,-83.51254721,47057.0,6,6,0,0,6,7,23145,0,0,0,0,-1
2020-05-07,US,Tennessee,Greene,43,2,0,36.17470125,-82.84691273,47059.0,41,43,2,0,41,43,69087,0,0,0,0,0
2020-05-07,US,Tennessee,Grundy,30,1,0,35.38433717,-85.72142731,47061.0,29,28,1,0,27,28,13346,2,0,0,2,0
2020-05-07,US,Tennessee,Hamblen,20,2,0,36.21990035,-83.26586179,47063.0,18,19,2,0,17,23,64569,1,0,0,1,-4
2020-05-07,US,Tennessee,Hamilton,211,13,0,35.17670231,-85.16652245,47065.0,198,196,13,0,183,184,364286,15,0,0,15,12
2020-05-07,US,Tennessee,Hardeman,23,0,0,35.20772017,-88.99161161,47069.0,23,22,0,0,22,20,25220,1,0,0,1,2
2020-05-07,US,Tennessee,Hardin,7,0,0,35.19732531,-88.18593755,47071.0,7,7,0,0,7,7,25776,0,0,0,0,0
2020-05-07,US,Tennessee,Hawkins,31,2,0,36.44355426,-82.94885298,47073.0,29,31,2,0,29,31,56530,0,0,0,0,0
2020-05-07,US,Tennessee,Haywood,26,1,0,35.58332824,-89.28536625,47075.0,25,26,1,0,25,27,17335,0,0,0,0,-1
2020-05-07,US,Tennessee,Henderson,10,0,0,35.65581134,-88.38600175,47077.0,10,10,0,0,10,10,27847,0,0,0,0,0
2020-05-07,US,Tennessee,Henry,14,0,0,36.33160906,-88.30121797,47079.0,14,13,0,0,13,13,32358,1,0,0,1,0
2020-05-07,US,Tennessee,Hickman,48,0,0,35.80609681,-87.47643507,47081.0,48,47,0,0,47,47,25063,1,0,0,1,0
2020-05-07,US,Tennessee,Houston,6,0,0,36.28872054,-87.71878828,47083.0,6,6,0,0,6,6,8263,0,0,0,0,0
2020-05-07,US,Tennessee,Humphreys,11,1,0,36.03958805,-87.77992872,47085.0,10,11,1,0,10,11,18486,0,0,0,0,0
2020-05-07,US,Tennessee,Jackson,8,0,0,36.36380466,-85.67239905,47087.0,8,7,0,0,7,7,11758,1,0,0,1,0
2020-05-07,US,Tennessee,Jefferson,26,0,0,36.04818632,-83.45148924,47089.0,26,26,0,0,26,27,54012,0,0,0,0,-1
2020-05-07,US,Tennessee,Johnson,5,0,0,36.45523950000001,-81.84886538,47091.0,5,7,0,0,7,5,17778,-2,0,0,-2,2
2020-05-07,US,Tennessee,Knox,253,5,0,35.99508821,-83.94635435,47093.0,248,252,5,0,247,251,465289,1,0,0,1,1
2020-05-07,US,Tennessee,Lake,59,0,0,36.34180170000001,-89.48921915,47095.0,59,59,0,0,59,58,7411,0,0,0,0,1
2020-05-07,US,Tennessee,Lauderdale,25,0,0,35.75893438,-89.63015909999999,47097.0,25,25,0,0,25,25,25825,0,0,0,0,0
2020-05-07,US,Tennessee,Lawrence,19,0,0,35.21675201,-87.39787695,47099.0,19,17,0,0,17,17,43734,2,0,0,2,0
2020-05-07,US,Tennessee,Lewis,2,0,0,35.52853208,-87.49022694,47101.0,2,2,0,0,2,2,12086,0,0,0,0,0
2020-05-07,US,Tennessee,Lincoln,16,0,0,35.13738622,-86.58910106,47103.0,16,16,0,0,16,16,34117,0,0,0,0,0
2020-05-07,US,Tennessee,Loudon,38,0,0,35.73939663,-84.31145275,47105.0,38,39,0,0,39,39,53054,-1,0,0,-1,0
2020-05-07,US,Tennessee,Macon,55,3,0,36.53157855,-86.00778595,47111.0,52,54,3,0,51,53,24265,1,0,0,1,1
2020-05-07,US,Tennessee,Madison,145,1,0,35.61181957,-88.84076036,47113.0,144,144,1,0,143,140,97605,1,0,0,1,4
2020-05-07,US,Tennessee,Marion,29,1,0,35.12997174,-85.62265895,47115.0,28,29,1,0,28,29,28575,0,0,0,0,0
2020-05-07,US,Tennessee,Marshall,24,1,0,35.45798777,-86.76420988,47117.0,23,23,1,0,22,24,33683,1,0,0,1,-1
2020-05-07,US,Tennessee,Maury,52,0,0,35.6187413,-87.07462444,47119.0,52,51,0,0,51,49,94340,1,0,0,1,2
2020-05-07,US,Tennessee,McMinn,108,3,0,35.42812616,-84.61520715,47107.0,105,107,3,0,104,106,53285,1,0,0,1,1
2020-05-07,US,Tennessee,McNairy,11,0,0,35.17468549,-88.5647812,47109.0,11,11,0,0,11,11,25832,0,0,0,0,0
2020-05-07,US,Tennessee,Meigs,17,0,0,35.51558739,-84.81482914,47121.0,17,11,0,0,11,10,12306,6,0,0,6,1
2020-05-07,US,Tennessee,Monroe,26,1,0,35.44550387,-84.24902965,47123.0,25,26,1,0,25,32,46357,0,0,0,0,-6
2020-05-07,US,Tennessee,Montgomery,155,2,0,36.49609412,-87.38550661,47125.0,153,153,2,0,151,151,205950,2,0,0,2,2
2020-05-07,US,Tennessee,Moore,3,0,0,35.27724699,-86.36230578,47127.0,3,3,0,0,3,3,6411,0,0,0,0,0
2020-05-07,US,Tennessee,Morgan,6,0,0,36.13248031,-84.64880098,47129.0,6,6,0,0,6,6,21579,0,0,0,0,0
2020-05-07,US,Tennessee,Obion,15,1,0,36.35732446,-89.14921589,47131.0,14,15,1,0,14,16,30267,0,0,0,0,-1
2020-05-07,US,Tennessee,Out of TN,354,5,0,0.0,0.0,80047.0,349,344,5,0,339,356,,10,0,0,10,-12
2020-05-07,US,Tennessee,Overton,11,0,0,36.34117832,-85.28989535,47133.0,11,10,0,0,10,10,22068,1,0,0,1,0
2020-05-07,US,Tennessee,Perry,13,0,0,35.63708728,-87.86139634,47135.0,13,13,0,0,13,12,8064,0,0,0,0,1
2020-05-07,US,Tennessee,Polk,12,0,0,35.12245443,-84.52075859,47139.0,12,12,0,0,12,12,16898,0,0,0,0,0
2020-05-07,US,Tennessee,Putnam,162,5,0,36.14005459,-85.50646123,47141.0,157,162,5,0,157,160,78843,0,0,0,0,2
2020-05-07,US,Tennessee,Rhea,6,0,0,35.60536161,-84.93076643,47143.0,6,6,0,0,6,6,33044,0,0,0,0,0
2020-05-07,US,Tennessee,Roane,8,0,0,35.84923189,-84.52458689,47145.0,8,7,0,0,7,8,53140,1,0,0,1,-1
2020-05-07,US,Tennessee,Robertson,195,0,0,36.52454807,-86.87346725,47147.0,195,186,0,0,186,185,71012,9,0,0,9,1
2020-05-07,US,Tennessee,Rutherford,661,14,0,35.84591405,-86.4107263,47149.0,647,655,14,0,641,620,324890,6,0,0,6,35
2020-05-07,US,Tennessee,Scott,11,0,0,36.42325673,-84.50360494,47151.0,11,11,0,0,11,12,22039,0,0,0,0,-1
2020-05-07,US,Tennessee,Sequatchie,7,0,0,35.36979721,-85.41022136,47153.0,7,7,0,0,7,5,14876,0,0,0,0,2
2020-05-07,US,Tennessee,Sevier,63,2,0,35.78077323,-83.52244332,47155.0,61,60,2,0,58,60,97892,3,0,0,3,0
2020-05-07,US,Tennessee,Shelby,3066,64,0,35.1864775,-89.89692423,47157.0,3002,3010,64,0,2946,2901,935764,56,0,0,56,109
2020-05-07,US,Tennessee,Smith,23,1,0,36.25359775,-85.95411046,47159.0,22,23,1,0,22,23,19942,0,0,0,0,0
2020-05-07,US,Tennessee,Stewart,7,0,0,36.50235092,-87.83920548,47161.0,7,7,0,0,7,7,13561,0,0,0,0,0
2020-05-07,US,Tennessee,Sullivan,52,1,0,36.51240691,-82.30412917,47163.0,51,52,1,0,51,59,157668,0,0,0,0,-7
2020-05-07,US,Tennessee,Sumner,672,38,0,36.46824103,-86.45917204,47165.0,634,671,38,0,633,665,187149,1,0,0,1,6
2020-05-07,US,Tennessee,Tipton,158,2,0,35.501942,-89.73694895,47167.0,156,155,2,0,153,149,61581,3,0,0,3,6
2020-05-07,US,Tennessee,Trousdale,1356,2,0,36.39026213,-86.16087954,47169.0,1354,1355,2,0,1353,1352,11012,1,0,0,1,3
2020-05-07,US,Tennessee,Unassigned,56,1,0,0.0,0.0,90047.0,55,76,1,0,75,89,,-20,0,0,-20,-13
2020-05-07,US,Tennessee,Unicoi,2,0,0,36.10890856,-82.43709629,47171.0,2,2,0,0,2,2,17761,0,0,0,0,0
2020-05-07,US,Tennessee,Union,3,0,0,36.28590426,-83.83651902,47173.0,3,3,0,0,3,3,19688,0,0,0,0,0
2020-05-07,US,Tennessee,Van Buren,2,0,0,35.69864497,-85.45221699,47175.0,2,2,0,0,2,2,5765,0,0,0,0,0
2020-05-07,US,Tennessee,Warren,10,0,0,35.6728299,-85.77969117,47177.0,10,10,0,0,10,8,40878,0,0,0,0,2
2020-05-07,US,Tennessee,Washington,59,0,0,36.29472368,-82.49454720000001,47179.0,59,59,0,0,59,58,128607,0,0,0,0,1
2020-05-07,US,Tennessee,Wayne,4,0,0,35.23868267,-87.78644456,47181.0,4,4,0,0,4,4,16558,0,0,0,0,0
2020-05-07,US,Tennessee,Weakley,24,0,0,36.29896232,-88.71990865,47183.0,24,24,0,0,24,25,33415,0,0,0,0,-1
2020-05-07,US,Tennessee,White,16,0,0,35.92929884,-85.45591799,47185.0,16,15,0,0,15,15,27107,1,0,0,1,0
2020-05-07,US,Tennessee,Williamson,434,10,0,35.89099229,-86.89281867,47187.0,424,436,10,0,426,439,231729,-2,0,0,-2,-3
2020-05-07,US,Tennessee,Wilson,288,6,0,36.15496772,-86.29775884,47189.0,282,287,7,0,280,281,140625,1,-1,0,2,6
2020-05-07,US,Texas,Anderson,40,0,0,31.81534745,-95.65354823,48001.0,40,40,0,0,40,38,58057,0,0,0,0,2
2020-05-07,US,Texas,Andrews,21,0,0,32.30468633,-102.6376548,48003.0,21,21,0,0,21,21,18128,0,0,0,0,0
2020-05-07,US,Texas,Angelina,93,0,0,31.25457347,-94.60901487,48005.0,93,86,0,0,86,79,87092,7,0,0,7,7
2020-05-07,US,Texas,Aransas,2,0,0,28.10556197,-96.9995047,48007.0,2,2,0,0,2,2,23792,0,0,0,0,0
2020-05-07,US,Texas,Armstrong,2,0,0,34.96507426,-101.3574874,48011.0,2,2,0,0,2,2,1892,0,0,0,0,0
2020-05-07,US,Texas,Atascosa,22,1,0,28.89333001,-98.52730485,48013.0,21,21,1,0,20,19,50310,1,0,0,1,2
2020-05-07,US,Texas,Austin,14,0,0,29.88548725,-96.27736949,48015.0,14,14,0,0,14,13,29989,0,0,0,0,1
2020-05-07,US,Texas,Bailey,2,0,0,34.06854817,-102.8299707,48017.0,2,2,0,0,2,1,7027,0,0,0,0,1
2020-05-07,US,Texas,Bandera,6,0,0,29.74619598,-99.24598147,48019.0,6,6,0,0,6,6,22824,0,0,0,0,0
2020-05-07,US,Texas,Bastrop,107,2,0,30.10370699,-97.31206354,48021.0,105,100,2,0,98,98,86976,7,0,0,7,2
2020-05-07,US,Texas,Bee,6,0,0,28.41761668,-97.74215593,48025.0,6,6,0,0,6,6,32587,0,0,0,0,0
2020-05-07,US,Texas,Bell,213,3,0,31.03736027,-97.4785025,48027.0,210,210,3,0,207,210,355642,3,0,0,3,0
2020-05-07,US,Texas,Bexar,1761,53,0,29.44928723,-98.52019748,48029.0,1708,1677,48,0,1629,1652,1986049,84,5,0,79,25
2020-05-07,US,Texas,Blanco,6,0,0,30.26640707,-98.3999852,48031.0,6,6,0,0,6,6,11702,0,0,0,0,0
2020-05-07,US,Texas,Bosque,5,0,0,31.89978581,-97.63613524,48035.0,5,5,0,0,5,5,18691,0,0,0,0,0
2020-05-07,US,Texas,Bowie,76,2,0,33.44626922,-94.41834132,48037.0,74,76,2,0,74,79,94324,0,0,0,0,-3
2020-05-07,US,Texas,Brazoria,588,7,0,29.18757369,-95.44563172,48039.0,581,588,7,0,581,566,370200,0,0,0,0,22
2020-05-07,US,Texas,Brazos,232,17,0,30.663644800000004,-96.30205577,48041.0,215,219,17,0,202,209,226758,13,0,0,13,10
2020-05-07,US,Texas,Brewster,1,0,0,29.81008251,-103.2520326,48043.0,1,1,0,0,1,1,9267,0,0,0,0,0
2020-05-07,US,Texas,Briscoe,1,0,0,34.53026962,-101.2084947,48045.0,1,1,0,0,1,1,1516,0,0,0,0,0
2020-05-07,US,Texas,Brooks,1,0,0,27.03103197,-98.21808402,48047.0,1,1,0,0,1,1,7114,0,0,0,0,0
2020-05-07,US,Texas,Brown,38,6,0,31.77430356,-98.99907113,48049.0,32,38,6,0,32,38,37924,0,0,0,0,0
2020-05-07,US,Texas,Burleson,14,0,0,30.49273808,-96.62158484,48051.0,14,14,0,0,14,14,18389,0,0,0,0,0
2020-05-07,US,Texas,Burnet,24,0,0,30.78801353,-98.181887,48053.0,24,24,0,0,24,24,47542,0,0,0,0,0
2020-05-07,US,Texas,Caldwell,25,0,0,29.83668859,-97.61814775,48055.0,25,24,0,0,24,23,43247,1,0,0,1,1
2020-05-07,US,Texas,Calhoun,34,3,0,28.47048236,-96.61633945,48057.0,31,34,3,0,31,34,21561,0,0,0,0,0
2020-05-07,US,Texas,Callahan,5,1,0,32.29760619,-99.37326312,48059.0,4,2,0,0,2,2,13994,3,1,0,2,0
2020-05-07,US,Texas,Cameron,469,19,0,26.14524221,-97.48140372,48061.0,450,454,18,0,436,443,423908,15,1,0,14,11
2020-05-07,US,Texas,Camp,7,0,0,32.97195142,-94.97790104,48063.0,7,7,0,0,7,7,13033,0,0,0,0,0
2020-05-07,US,Texas,Carson,3,0,0,35.40365929,-101.3542669,48065.0,3,3,0,0,3,3,6005,0,0,0,0,0
2020-05-07,US,Texas,Cass,17,0,0,33.07499881,-94.34646905,48067.0,17,17,0,0,17,16,30119,0,0,0,0,1
2020-05-07,US,Texas,Castro,22,1,0,34.53016752,-102.2617243,48069.0,21,20,1,0,19,18,7665,2,0,0,2,2
2020-05-07,US,Texas,Chambers,47,0,0,29.70972016,-94.67154501,48071.0,47,45,0,0,45,45,42454,2,0,0,2,0
2020-05-07,US,Texas,Cherokee,20,1,0,31.837258,-95.16559897,48073.0,19,20,1,0,19,19,52592,0,0,0,0,1
2020-05-07,US,Texas,Childress,1,0,0,34.529304100000004,-100.2077916,48075.0,1,1,0,0,1,1,7291,0,0,0,0,0
2020-05-07,US,Texas,Clay,3,0,0,33.78686685,-98.20771198,48077.0,3,3,0,0,3,3,10456,0,0,0,0,0
2020-05-07,US,Texas,Cochran,1,0,0,33.60425307,-102.8284499,48079.0,1,1,0,0,1,1,2836,0,0,0,0,0
2020-05-07,US,Texas,Coke,1,0,0,31.88911733,-100.5297533,48081.0,1,1,0,0,1,1,3370,0,0,0,0,0
2020-05-07,US,Texas,Coleman,2,0,0,31.76736834,-99.45240766,48083.0,2,1,0,0,1,1,8397,1,0,0,1,0
2020-05-07,US,Texas,Collin,839,22,0,33.18820114,-96.57264368,48085.0,817,828,22,0,806,804,1005146,11,0,0,11,24
2020-05-07,US,Texas,Collingsworth,1,0,0,34.96489496,-100.2700111,48087.0,1,1,0,0,1,1,2962,0,0,0,0,0
2020-05-07,US,Texas,Colorado,12,0,0,29.622098,-96.5273805,48089.0,12,12,0,0,12,10,21217,0,0,0,0,2
2020-05-07,US,Texas,Comal,61,6,0,29.80811278,-98.27647225,48091.0,55,59,6,0,53,58,148373,2,0,0,2,1
2020-05-07,US,Texas,Comanche,3,1,0,31.94854689,-98.55876441,48093.0,2,3,1,0,2,3,13534,0,0,0,0,0
2020-05-07,US,Texas,Concho,1,0,0,31.32635934,-99.86473038,48095.0,1,1,0,0,1,1,4276,0,0,0,0,0
2020-05-07,US,Texas,Cooke,11,0,0,33.63979567,-97.21240912,48097.0,11,11,0,0,11,9,40574,0,0,0,0,2
2020-05-07,US,Texas,Coryell,201,2,0,31.39078397,-97.79936155,48099.0,199,190,2,0,188,180,74808,11,0,0,11,10
2020-05-07,US,Texas,Cottle,3,0,0,34.07783319,-100.2785062,48101.0,3,3,0,0,3,3,1389,0,0,0,0,0
2020-05-07,US,Texas,Crane,2,0,0,31.43052248,-102.5143314,48103.0,2,2,0,0,2,2,4794,0,0,0,0,0
2020-05-07,US,Texas,Crosby,2,1,0,33.61431553,-101.3000364,48107.0,1,2,1,0,1,2,5779,0,0,0,0,0
2020-05-07,US,Texas,Dallam,11,1,0,36.27787176,-102.6020725,48111.0,10,11,1,0,10,12,7200,0,0,0,0,-1
2020-05-07,US,Texas,Dallas,5120,125,0,32.76670599,-96.7779605,48113.0,4995,4869,123,0,4746,4623,2637772,251,2,0,249,246
2020-05-07,US,Texas,Dawson,30,1,0,32.74255572,-101.9477242,48115.0,29,30,1,0,29,29,12619,0,0,0,0,1
2020-05-07,US,Texas,DeWitt,15,1,0,29.08101855,-97.35681170000001,48123.0,14,15,1,0,14,15,20187,0,0,0,0,0
2020-05-07,US,Texas,Deaf Smith,41,0,0,34.96522957,-102.6054267,48117.0,41,41,0,0,41,38,18760,0,0,0,0,3
2020-05-07,US,Texas,Delta,1,0,0,33.38570922,-95.66921122,48119.0,1,1,0,0,1,1,5349,0,0,0,0,0
2020-05-07,US,Texas,Denton,846,22,0,33.20521901,-97.11691153,48121.0,824,832,22,0,810,806,859064,14,0,0,14,26
2020-05-07,US,Texas,Dickens,1,0,0,33.61616822,-100.7788855,48125.0,1,1,0,0,1,1,2249,0,0,0,0,0
2020-05-07,US,Texas,Dimmit,1,0,0,28.42270064,-99.75645095,48127.0,1,1,0,0,1,1,10308,0,0,0,0,0
2020-05-07,US,Texas,Donley,25,0,0,34.96517499,-100.8140093,48129.0,25,25,0,0,25,25,3319,0,0,0,0,0
2020-05-07,US,Texas,Duval,3,0,0,27.68184592,-98.50864568,48131.0,3,3,0,0,3,3,11212,0,0,0,0,0
2020-05-07,US,Texas,Eastland,3,0,0,32.32743996,-98.83243566,48133.0,3,3,0,0,3,3,18322,0,0,0,0,0
2020-05-07,US,Texas,Ector,90,4,0,31.86898877,-102.5429428,48135.0,86,85,4,0,81,84,162124,5,0,0,5,1
2020-05-07,US,Texas,El Paso,1119,23,0,31.76980765,-106.2363275,48141.0,1096,1080,22,0,1058,1029,840758,39,1,0,38,51
2020-05-07,US,Texas,Ellis,188,10,0,32.34894117,-96.79371841,48139.0,178,184,9,0,175,176,179436,4,1,0,3,8
2020-05-07,US,Texas,Erath,15,1,0,32.23602653,-98.21773417,48143.0,14,13,1,0,12,12,42446,2,0,0,2,1
2020-05-07,US,Texas,Falls,6,0,0,31.25350609,-96.93630086,48145.0,6,6,0,0,6,6,17335,0,0,0,0,0
2020-05-07,US,Texas,Fannin,23,1,0,33.59564294,-96.10751083,48147.0,22,22,1,0,21,20,35286,1,0,0,1,2
2020-05-07,US,Texas,Fayette,19,1,0,29.87788372,-96.92076062,48149.0,18,17,1,0,16,17,25349,2,0,0,2,0
2020-05-07,US,Texas,Floyd,4,0,0,34.07227468,-101.3031546,48153.0,4,4,0,0,4,4,5837,0,0,0,0,0
2020-05-07,US,Texas,Fort Bend,1287,32,0,29.52704478,-95.77219463,48157.0,1255,1245,30,0,1215,1187,787858,42,2,0,40,58
2020-05-07,US,Texas,Franklin,3,0,0,33.17653242,-95.21917243,48159.0,3,3,0,0,3,2,10766,0,0,0,0,1
2020-05-07,US,Texas,Freestone,7,0,0,31.70422788,-96.15072516,48161.0,7,7,0,0,7,7,19808,0,0,0,0,0
2020-05-07,US,Texas,Frio,25,0,0,28.86751206,-99.10804207,48163.0,25,10,0,0,10,10,19816,15,0,0,15,0
2020-05-07,US,Texas,Gaines,3,0,0,32.74055318,-102.6353295,48165.0,3,3,0,0,3,3,20901,0,0,0,0,0
2020-05-07,US,Texas,Galveston,669,28,0,29.40167322,-94.90469073,48167.0,641,659,28,0,631,648,337890,10,0,0,10,11
2020-05-07,US,Texas,Garza,3,0,0,33.17969345,-101.2984114,48169.0,3,3,0,0,3,3,6578,0,0,0,0,0
2020-05-07,US,Texas,Gillespie,4,0,0,30.31824095,-98.94676915,48171.0,4,4,0,0,4,4,26804,0,0,0,0,0
2020-05-07,US,Texas,Glasscock,1,0,0,31.86942909,-101.5207776,48173.0,1,1,0,0,1,1,1388,0,0,0,0,0
2020-05-07,US,Texas,Goliad,7,0,0,28.65696592,-97.42760647,48175.0,7,7,0,0,7,7,7584,0,0,0,0,0
2020-05-07,US,Texas,Gonzales,31,2,0,29.45634206,-97.49424032,48177.0,29,31,2,0,29,31,20826,0,0,0,0,0
2020-05-07,US,Texas,Gray,73,0,0,35.40081878,-100.8129222,48179.0,73,71,0,0,71,68,21895,2,0,0,2,3
2020-05-07,US,Texas,Grayson,60,0,0,33.62744998,-96.67753461,48181.0,60,58,0,0,58,53,133991,2,0,0,2,5
2020-05-07,US,Texas,Gregg,109,0,0,32.47940482,-94.81591935,48183.0,109,107,0,0,107,97,123707,2,0,0,2,10
2020-05-07,US,Texas,Grimes,25,1,0,30.54579585,-95.98902499,48185.0,24,25,1,0,24,22,28360,0,0,0,0,3
2020-05-07,US,Texas,Guadalupe,90,0,0,29.58165339,-97.94786822,48187.0,90,88,0,0,88,87,163694,2,0,0,2,1
2020-05-07,US,Texas,Hale,37,4,0,34.07044901,-101.8268114,48189.0,33,31,4,0,27,29,33830,6,0,0,6,2
2020-05-07,US,Texas,Hamilton,5,0,0,31.70470573,-98.11083887,48193.0,5,5,0,0,5,5,8484,0,0,0,0,0
2020-05-07,US,Texas,Hansford,11,2,0,36.27743284,-101.3545796,48195.0,9,11,2,0,9,11,5463,0,0,0,0,0
2020-05-07,US,Texas,Hardin,113,3,0,30.33364686,-94.38931817,48199.0,110,112,3,0,109,112,57207,1,0,0,1,0
2020-05-07,US,Texas,Harris,7377,154,0,29.86,-95.39,48201.0,7223,7244,150,0,7094,7128,4698619,133,4,0,129,116
2020-05-07,US,Texas,Harrison,167,6,0,32.54935988,-94.36934071,48203.0,161,160,6,0,154,149,66726,7,0,0,7,11
2020-05-07,US,Texas,Hartley,7,2,0,35.84008013,-102.6029022,48205.0,5,7,2,0,5,7,5619,0,0,0,0,0
2020-05-07,US,Texas,Hays,176,1,0,30.05669873,-98.02944344,48209.0,175,176,1,0,175,176,222631,0,0,0,0,0
2020-05-07,US,Texas,Hemphill,1,0,0,35.83764858,-100.2703577,48211.0,1,1,0,0,1,1,3825,0,0,0,0,0
2020-05-07,US,Texas,Henderson,34,0,0,32.21128872,-95.85846587,48213.0,34,33,0,0,33,32,82299,1,0,0,1,1
2020-05-07,US,Texas,Hidalgo,359,7,0,26.39418217,-98.18299696,48215.0,352,353,7,0,346,353,865939,6,0,0,6,0
2020-05-07,US,Texas,Hill,18,1,0,31.99045053,-97.13423143,48217.0,17,18,1,0,17,18,36354,0,0,0,0,0
2020-05-07,US,Texas,Hockley,19,1,0,33.60771256,-102.3431676,48219.0,18,20,1,0,19,20,22980,-1,0,0,-1,0
2020-05-07,US,Texas,Hood,20,3,0,32.42990927,-97.83242024,48221.0,17,20,3,0,17,20,60537,0,0,0,0,0
2020-05-07,US,Texas,Hopkins,7,0,0,33.14875072,-95.56351139,48223.0,7,6,0,0,6,6,36810,1,0,0,1,0
2020-05-07,US,Texas,Houston,10,0,0,31.31925973,-95.42226208,48225.0,10,9,0,0,9,8,23169,1,0,0,1,1
2020-05-07,US,Texas,Howard,6,1,0,32.30621324,-101.4356444,48227.0,5,6,1,0,5,5,36459,0,0,0,0,1
2020-05-07,US,Texas,Hunt,54,3,0,33.12351514,-96.08551032,48231.0,51,54,3,0,51,52,96493,0,0,0,0,2
2020-05-07,US,Texas,Hutchinson,19,0,0,35.84006574,-101.3546643,48233.0,19,20,0,0,20,19,21198,-1,0,0,-1,1
2020-05-07,US,Texas,Jack,4,0,0,33.23377248,-98.17283469,48237.0,4,4,0,0,4,4,8843,0,0,0,0,0
2020-05-07,US,Texas,Jackson,14,0,0,28.95472367,-96.57749563,48239.0,14,14,0,0,14,14,14874,0,0,0,0,0
2020-05-07,US,Texas,Jasper,18,1,0,30.74685667,-94.02667579,48241.0,17,18,1,0,17,18,35872,0,0,0,0,0
2020-05-07,US,Texas,Jefferson,336,23,0,29.8832777,-94.16434171,48245.0,313,335,23,0,312,333,255001,1,0,0,1,2
2020-05-07,US,Texas,Jim Hogg,3,0,0,27.04453923,-98.6968187,48247.0,3,3,0,0,3,3,5248,0,0,0,0,0
2020-05-07,US,Texas,Jim Wells,5,0,0,27.73103938,-98.0904705,48249.0,5,5,0,0,5,5,40822,0,0,0,0,0
2020-05-07,US,Texas,Johnson,97,4,0,32.37877812,-97.36615819,48251.0,93,95,4,0,91,87,171361,2,0,0,2,8
2020-05-07,US,Texas,Jones,84,0,0,32.73997145,-99.87861576,48253.0,84,84,0,0,84,78,19817,0,0,0,0,6
2020-05-07,US,Texas,Karnes,3,0,0,28.90705334,-97.85960149,48255.0,3,3,0,0,3,3,15650,0,0,0,0,0
2020-05-07,US,Texas,Kaufman,106,1,0,32.599141700000004,-96.28734728,48257.0,105,101,1,0,100,96,128622,5,0,0,5,5
2020-05-07,US,Texas,Kendall,18,0,0,29.94414155,-98.7113588,48259.0,18,17,0,0,17,17,45641,1,0,0,1,0
2020-05-07,US,Texas,Kerr,6,0,0,30.06040006,-99.34930144,48265.0,6,6,0,0,6,5,52405,0,0,0,0,1
2020-05-07,US,Texas,Kleberg,10,1,0,27.42435506,-97.69894948,48273.0,9,10,1,0,9,10,31129,0,0,0,0,0
2020-05-07,US,Texas,Knox,1,0,0,33.60519951,-99.7422906,48275.0,1,1,0,0,1,1,3653,0,0,0,0,0
2020-05-07,US,Texas,La Salle,1,0,0,28.34453111,-99.09908775,48283.0,1,1,0,0,1,1,7531,0,0,0,0,0
2020-05-07,US,Texas,Lamar,76,1,0,33.66981763,-95.57404777,48277.0,75,71,1,0,70,69,49728,5,0,0,5,2
2020-05-07,US,Texas,Lamb,5,0,0,34.06859623,-102.3516289,48279.0,5,4,0,0,4,4,13158,1,0,0,1,0
2020-05-07,US,Texas,Lampasas,6,0,0,31.19531316,-98.24206613,48281.0,6,5,0,0,5,5,21229,1,0,0,1,0
2020-05-07,US,Texas,Lavaca,6,1,0,29.38508402,-96.93186692,48285.0,5,6,1,0,5,6,20110,0,0,0,0,0
2020-05-07,US,Texas,Lee,2,0,0,30.31120597,-96.97045773,48287.0,2,2,0,0,2,2,17144,0,0,0,0,0
2020-05-07,US,Texas,Leon,7,0,0,31.29872538,-95.9936328,48289.0,7,7,0,0,7,7,17270,0,0,0,0,0
2020-05-07,US,Texas,Liberty,48,1,0,30.15152688,-94.81205615,48291.0,47,47,1,0,46,46,86323,1,0,0,1,1
2020-05-07,US,Texas,Limestone,13,1,0,31.5454767,-96.58095444,48293.0,12,13,1,0,12,13,23519,0,0,0,0,0
2020-05-07,US,Texas,Lipscomb,2,0,0,36.27783108,-100.2733151,48295.0,2,2,0,0,2,2,3355,0,0,0,0,0
2020-05-07,US,Texas,Live Oak,5,0,0,28.35101362,-98.1246786,48297.0,5,5,0,0,5,5,12166,0,0,0,0,0
2020-05-07,US,Texas,Llano,3,0,0,30.70645047,-98.68475262,48299.0,3,3,0,0,3,3,21646,0,0,0,0,0
2020-05-07,US,Texas,Lubbock,575,47,0,33.61008596,-101.8204789,48303.0,528,567,46,0,521,560,307412,8,1,0,7,7
2020-05-07,US,Texas,Lynn,5,1,0,33.17657705,-101.8162849,48305.0,4,5,1,0,4,5,5877,0,0,0,0,0
2020-05-07,US,Texas,Madison,2,0,0,30.96694679,-95.93003775,48313.0,2,1,0,0,1,1,14422,1,0,0,1,0
2020-05-07,US,Texas,Marion,15,0,0,32.79868409,-94.3566123,48315.0,15,15,0,0,15,15,9928,0,0,0,0,0
2020-05-07,US,Texas,Martin,3,1,0,32.30600051,-101.9513518,48317.0,2,3,1,0,2,3,5753,0,0,0,0,0
2020-05-07,US,Texas,Mason,28,0,0,30.71780434,-99.22629416,48319.0,28,27,0,0,27,26,4280,1,0,0,1,1
2020-05-07,US,Texas,Matagorda,64,3,0,28.81955746,-96.01230294,48321.0,61,64,3,0,61,64,36552,0,0,0,0,0
2020-05-07,US,Texas,Maverick,26,0,0,28.7429195,-100.3157686,48323.0,26,26,0,0,26,26,58485,0,0,0,0,0
2020-05-07,US,Texas,McCulloch,3,0,0,31.1925468,-99.34682807,48307.0,3,3,0,0,3,3,7987,0,0,0,0,0
2020-05-07,US,Texas,McLennan,92,4,0,31.55255453,-97.20217694,48309.0,88,92,4,0,88,91,254607,0,0,0,0,1
2020-05-07,US,Texas,Medina,21,2,0,29.3557301,-99.11030298,48325.0,19,20,2,0,18,20,50921,1,0,0,1,0
2020-05-07,US,Texas,Midland,94,9,0,31.86904128,-102.0315682,48329.0,85,91,8,0,83,90,172578,3,1,0,2,1
2020-05-07,US,Texas,Milam,18,1,0,30.78581830000001,-96.97718698,48331.0,17,18,1,0,17,18,25131,0,0,0,0,0
2020-05-07,US,Texas,Mitchell,1,0,0,32.30623474,-100.9212058,48335.0,1,1,0,0,1,1,8145,0,0,0,0,0
2020-05-07,US,Texas,Montague,9,1,0,33.67521893,-97.72500958,48337.0,8,9,1,0,8,8,19596,0,0,0,0,1
2020-05-07,US,Texas,Montgomery,689,15,0,30.30079133,-95.50572772,48339.0,674,672,15,0,657,662,590925,17,0,0,17,10
2020-05-07,US,Texas,Moore,454,6,0,35.83769242,-101.8930281,48341.0,448,448,6,0,442,434,21485,6,0,0,6,14
2020-05-07,US,Texas,Morris,9,0,0,33.11304005,-94.73255695,48343.0,9,9,0,0,9,9,12339,0,0,0,0,0
2020-05-07,US,Texas,Motley,1,0,0,34.07408766,-100.779722,48345.0,1,1,0,0,1,1,1234,0,0,0,0,0
2020-05-07,US,Texas,Nacogdoches,202,7,0,31.62017125,-94.61803994,48347.0,195,189,7,0,182,187,65711,13,0,0,13,2
2020-05-07,US,Texas,Navarro,34,2,0,32.04620681,-96.47428766,48349.0,32,33,2,0,31,31,49565,1,0,0,1,2
2020-05-07,US,Texas,Newton,4,0,0,30.78548982,-93.74408813,48351.0,4,4,0,0,4,2,13746,0,0,0,0,2
2020-05-07,US,Texas,Nolan,2,0,0,32.30365282,-100.4060208,48353.0,2,2,0,0,2,2,14751,0,0,0,0,0
2020-05-07,US,Texas,Nueces,117,3,0,27.736286,-97.5433285,48355.0,114,114,3,0,111,113,362265,3,0,0,3,1
2020-05-07,US,Texas,Ochiltree,28,1,0,36.27829105,-100.8158184,48357.0,27,26,1,0,25,25,9947,2,0,0,2,1
2020-05-07,US,Texas,Oldham,3,1,0,35.40425596,-102.6027606,48359.0,2,3,1,0,2,3,2131,0,0,0,0,0
2020-05-07,US,Texas,Orange,81,2,0,30.11879481,-93.89412775,48361.0,79,79,2,0,77,77,83572,2,0,0,2,2
2020-05-07,US,Texas,Palo Pinto,9,2,0,32.75310985,-98.31319001,48363.0,7,9,2,0,7,8,28875,0,0,0,0,1
2020-05-07,US,Texas,Panola,139,3,0,32.163959600000005,-94.30552481,48365.0,136,136,3,0,133,135,23148,3,0,0,3,1
2020-05-07,US,Texas,Parker,43,0,0,32.77757172,-97.80500621,48367.0,43,41,0,0,41,40,138371,2,0,0,2,1
2020-05-07,US,Texas,Parmer,17,0,0,34.52993409,-102.7844668,48369.0,17,14,0,0,14,13,9864,3,0,0,3,1
2020-05-07,US,Texas,Pecos,14,0,0,30.78097267,-102.7241261,48371.0,14,14,0,0,14,13,15673,0,0,0,0,1
2020-05-07,US,Texas,Polk,30,0,0,30.79472531,-94.8276624,48373.0,30,30,0,0,30,30,50031,0,0,0,0,0
2020-05-07,US,Texas,Potter,971,15,0,35.40133773,-101.893964,48375.0,956,907,12,0,895,876,119648,64,3,0,61,31
2020-05-07,US,Texas,Rains,2,0,0,32.87109387,-95.79232691,48379.0,2,2,0,0,2,2,12159,0,0,0,0,0
2020-05-07,US,Texas,Randall,333,3,0,34.96585996,-101.8971322,48381.0,330,310,3,0,307,296,136271,23,0,0,23,14
2020-05-07,US,Texas,Red River,2,0,0,33.61886692,-95.04841765,48387.0,2,1,0,0,1,1,12175,1,0,0,1,0
2020-05-07,US,Texas,Reeves,5,0,0,31.32323325,-103.6903896,48389.0,5,5,0,0,5,5,15695,0,0,0,0,0
2020-05-07,US,Texas,Refugio,1,0,0,28.3238976,-97.15766311,48391.0,1,1,0,0,1,1,7032,0,0,0,0,0
2020-05-07,US,Texas,Roberts,2,0,0,35.83809685,-100.813175,48393.0,2,2,0,0,2,2,903,0,0,0,0,0
2020-05-07,US,Texas,Robertson,5,0,0,31.02539637,-96.51272246,48395.0,5,4,0,0,4,4,17284,1,0,0,1,0
2020-05-07,US,Texas,Rockwall,96,3,0,32.89779518,-96.40771592,48397.0,93,95,3,0,92,91,100657,1,0,0,1,4
2020-05-07,US,Texas,Runnels,2,0,0,31.8314342,-99.97616148,48399.0,2,2,0,0,2,2,10234,0,0,0,0,0
2020-05-07,US,Texas,Rusk,40,1,0,32.10773545,-94.76176432,48401.0,39,39,1,0,38,38,54450,1,0,0,1,1
2020-05-07,US,Texas,Sabine,2,0,0,31.34318809,-93.85440451,48403.0,2,1,0,0,1,1,10589,1,0,0,1,0
2020-05-07,US,Texas,San Augustine,21,1,0,31.39457611,-94.17000399,48405.0,20,21,1,0,20,19,8232,0,0,0,0,2
2020-05-07,US,Texas,San Jacinto,10,0,0,30.57933681,-95.16260304,48407.0,10,10,0,0,10,10,28719,0,0,0,0,0
2020-05-07,US,Texas,San Patricio,16,0,0,28.00880118,-97.51763891,48409.0,16,14,0,0,14,13,66893,2,0,0,2,1
2020-05-07,US,Texas,Scurry,2,0,0,32.74613808,-100.9162664,48415.0,2,2,0,0,2,2,16866,0,0,0,0,0
2020-05-07,US,Texas,Shackelford,1,0,0,32.73587756,-99.35401337,48417.0,1,,,,,,3253,,,,,
2020-05-07,US,Texas,Shelby,144,4,0,31.79211404,-94.14550696,48419.0,140,131,4,0,127,129,25418,13,0,0,13,2
2020-05-07,US,Texas,Sherman,19,0,0,36.27751473,-101.8933156,48421.0,19,18,0,0,18,18,3079,1,0,0,1,0
2020-05-07,US,Texas,Smith,165,3,0,32.37474036,-95.2717568,48423.0,162,156,3,0,153,155,230221,9,0,0,9,1
2020-05-07,US,Texas,Starr,10,0,0,26.56150059,-98.73892358,48427.0,10,10,0,0,10,10,64525,0,0,0,0,0
2020-05-07,US,Texas,Stephens,1,0,0,32.73553157,-98.83631615,48429.0,1,1,0,0,1,1,9433,0,0,0,0,0
2020-05-07,US,Texas,Swisher,11,0,0,34.53028891,-101.7349174,48437.0,11,11,0,0,11,10,7462,0,0,0,0,1
2020-05-07,US,Texas,Tarrant,2956,90,0,32.77143818,-97.29101614,48439.0,2866,2686,83,0,2603,2624,2084931,270,7,0,263,62
2020-05-07,US,Texas,Taylor,206,6,0,32.30163422,-99.89007449,48441.0,200,378,6,0,372,356,137640,-172,0,0,-172,22
2020-05-07,US,Texas,Terry,12,0,0,33.17402785,-102.3354521,48445.0,12,12,0,0,12,12,12287,0,0,0,0,0
2020-05-07,US,Texas,Titus,27,0,0,33.21339719,-94.96797273,48449.0,27,23,0,0,23,21,33033,4,0,0,4,2
2020-05-07,US,Texas,Tom Green,84,1,0,31.40464436,-100.462443,48451.0,83,83,1,0,82,79,118189,1,0,0,1,4
2020-05-07,US,Texas,Travis,2002,59,0,30.33432034,-97.7853562,48453.0,1943,1946,57,0,1889,1876,1248743,56,2,0,54,70
2020-05-07,US,Texas,Trinity,10,0,0,31.0879489,-95.1367187,48455.0,10,10,0,0,10,9,14740,0,0,0,0,1
2020-05-07,US,Texas,Tyler,7,0,0,30.77031716,-94.37690895,48457.0,7,7,0,0,7,7,21696,0,0,0,0,0
2020-05-07,US,Texas,Upshur,16,0,0,32.73706798,-94.93999853,48459.0,16,16,0,0,16,15,41260,0,0,0,0,1
2020-05-07,US,Texas,Uvalde,6,0,0,29.35739637,-99.76229172,48463.0,6,6,0,0,6,6,26846,0,0,0,0,0
2020-05-07,US,Texas,Val Verde,13,0,0,29.89149232,-101.1525205,48465.0,13,13,0,0,13,13,49208,0,0,0,0,0
2020-05-07,US,Texas,Van Zandt,18,1,0,32.56483801,-95.83766469,48467.0,17,18,1,0,17,16,56019,0,0,0,0,2
2020-05-07,US,Texas,Victoria,146,5,0,28.79780988,-96.96813006,48469.0,141,146,5,0,141,143,92035,0,0,0,0,3
2020-05-07,US,Texas,Walker,315,2,0,30.73872995,-95.57440968,48471.0,313,303,2,0,301,298,72480,12,0,0,12,5
2020-05-07,US,Texas,Waller,37,0,0,30.01058447,-95.99011759,48473.0,37,36,0,0,36,33,53126,1,0,0,1,3
2020-05-07,US,Texas,Washington,153,18,0,30.21498498,-96.40946246,48477.0,135,150,18,0,132,147,35108,3,0,0,3,3
2020-05-07,US,Texas,Webb,410,17,0,27.7610369,-99.33237355,48479.0,393,400,17,0,383,396,275910,10,0,0,10,4
2020-05-07,US,Texas,Wharton,40,0,0,29.27765923,-96.22319248,48481.0,40,40,0,0,40,40,41619,0,0,0,0,0
2020-05-07,US,Texas,Wheeler,12,0,0,35.40114335,-100.2699514,48483.0,12,12,0,0,12,11,5191,0,0,0,0,1
2020-05-07,US,Texas,Wichita,70,2,0,33.98842886,-98.7041034,48485.0,68,70,2,0,68,68,132064,0,0,0,0,2
2020-05-07,US,Texas,Wilbarger,2,0,0,34.07945812,-99.24178437,48487.0,2,2,0,0,2,1,12820,0,0,0,0,1
2020-05-07,US,Texas,Willacy,14,1,0,26.47411727,-97.61535848,48489.0,13,13,1,0,12,13,21515,1,0,0,1,0
2020-05-07,US,Texas,Williamson,352,12,0,30.64655664,-97.6004854,48491.0,340,341,12,0,329,333,566719,11,0,0,11,8
2020-05-07,US,Texas,Wilson,34,4,0,29.1732598,-98.08693082,48493.0,30,34,4,0,30,34,50224,0,0,0,0,0
2020-05-07,US,Texas,Winkler,3,0,0,31.85008651,-103.0485163,48495.0,3,3,0,0,3,3,7720,0,0,0,0,0
2020-05-07,US,Texas,Wise,28,2,0,33.21570665,-97.65460265,48497.0,26,28,2,0,26,27,68305,0,0,0,0,1
2020-05-07,US,Texas,Wood,11,0,0,32.78722382,-95.38236368,48499.0,11,11,0,0,11,11,45129,0,0,0,0,0
2020-05-07,US,Texas,Yoakum,2,0,0,33.17320212,-102.8276433,48501.0,2,2,0,0,2,2,8591,0,0,0,0,0
2020-05-07,US,Texas,Young,4,1,0,33.17659707,-98.68790885,48503.0,3,4,1,0,3,4,18045,0,0,0,0,0
2020-05-07,US,Texas,Zapata,7,0,0,27.00156391,-99.16987152,48505.0,7,7,0,0,7,7,14190,0,0,0,0,0
2020-05-07,US,Texas,Zavala,1,0,0,28.86617238,-99.76050829,48507.0,1,1,0,0,1,1,11983,0,0,0,0,0
2020-05-07,US,Utah,Bear River,64,1,0,41.52106798,-113.0832816,0.0,63,64,1,0,63,62,,0,0,0,0,2
2020-05-07,US,Utah,Central Utah,27,0,0,39.37231946,-111.5758676,0.0,27,26,0,0,26,25,,1,0,0,1,1
2020-05-07,US,Utah,Davis,315,2,0,40.99001837,-112.1139997,49011.0,313,308,2,0,306,302,351713,7,0,0,7,6
2020-05-07,US,Utah,Salt Lake,3010,39,0,40.66616532,-111.9216011,49035.0,2971,2912,37,0,2875,2832,1152633,98,2,0,96,80
2020-05-07,US,Utah,San Juan,132,2,0,37.62762978,-109.80337140000002,49037.0,130,126,2,0,124,119,15449,6,0,0,6,7
2020-05-07,US,Utah,Southeast Utah,12,0,0,38.99617072,-110.7013958,0.0,12,12,0,0,12,12,,0,0,0,0,0
2020-05-07,US,Utah,Southwest Utah,132,3,0,37.85447192,-111.4418764,90049.0,129,128,3,0,125,121,,4,0,0,4,7
2020-05-07,US,Utah,Summit,382,0,0,40.86688146,-110.9535882,49043.0,382,382,0,0,382,382,41933,0,0,0,0,0
2020-05-07,US,Utah,Tooele,71,0,0,40.44862644,-113.1295715,49045.0,71,70,0,0,70,70,69907,1,0,0,1,0
2020-05-07,US,Utah,TriCounty,14,0,0,40.12491499,-109.5174415,0.0,14,14,0,0,14,14,,0,0,0,0,0
2020-05-07,US,Utah,Utah,1219,11,0,40.1166722,-111.6657662,49049.0,1208,1210,10,0,1200,1171,622213,9,1,0,8,39
2020-05-07,US,Utah,Wasatch,173,1,0,40.33110236,-111.1691419,49051.0,172,170,1,0,169,166,33240,3,0,0,3,4
2020-05-07,US,Utah,Weber-Morgan,173,2,0,41.27116049,-111.9145117,0.0,171,173,2,0,171,173,,0,0,0,0,0
2020-05-07,US,Vermont,Addison,61,2,0,44.03217337,-73.14130877,50001.0,59,61,2,0,59,61,36973,0,0,0,0,0
2020-05-07,US,Vermont,Bennington,53,1,0,43.03519828,-73.09048868,50003.0,52,53,1,0,52,54,35631,0,0,0,0,-1
2020-05-07,US,Vermont,Caledonia,14,0,0,44.46548598,-72.10314651,50005.0,14,14,0,0,14,14,30302,0,0,0,0,0
2020-05-07,US,Vermont,Chittenden,431,37,0,44.46322849,-73.08359212,50007.0,394,426,36,0,390,425,164572,5,1,0,4,1
2020-05-07,US,Vermont,Essex,2,0,0,44.72736416,-71.73579864,50009.0,2,2,0,0,2,2,6250,0,0,0,0,0
2020-05-07,US,Vermont,Franklin,99,5,0,44.85627605,-72.91249563,50011.0,94,99,5,0,94,99,49421,0,0,0,0,0
2020-05-07,US,Vermont,Grand Isle,4,0,0,44.7975824,-73.29679772,50013.0,4,4,0,0,4,4,7090,0,0,0,0,0
2020-05-07,US,Vermont,Lamoille,26,1,0,44.60353043,-72.64356694,50015.0,25,26,1,0,25,26,25300,0,0,0,0,0
2020-05-07,US,Vermont,Orange,8,0,0,44.00470222,-72.37640104,50017.0,8,8,0,0,8,8,28999,0,0,0,0,0
2020-05-07,US,Vermont,Orleans,9,0,0,44.82964024,-72.24562697,50019.0,9,9,0,0,9,9,26907,0,0,0,0,0
2020-05-07,US,Vermont,Rutland,49,1,0,43.57723578,-73.03741676,50021.0,48,49,1,0,48,50,58672,0,0,0,0,-1
2020-05-07,US,Vermont,Unassigned,4,0,0,0.0,0.0,90050.0,4,4,0,0,4,4,,0,0,0,0,0
2020-05-07,US,Vermont,Washington,37,1,0,44.27343241,-72.61604978,50023.0,36,36,1,0,35,35,58140,1,0,0,1,1
2020-05-07,US,Vermont,Windham,73,3,0,42.986982,-72.71268875,50025.0,70,73,3,0,70,73,42756,0,0,0,0,0
2020-05-07,US,Vermont,Windsor,46,2,0,43.58010937,-72.58595157,50027.0,44,44,2,0,42,43,55286,2,0,0,2,1
2020-05-07,US,Virginia,Accomack,463,7,0,37.76707161,-75.63234615,51001.0,456,429,7,0,422,429,32412,34,0,0,34,0
2020-05-07,US,Virginia,Albemarle,112,4,0,38.02080697,-78.55481085,51003.0,108,110,4,0,106,110,108718,2,0,0,2,0
2020-05-07,US,Virginia,Alexandria,1060,29,0,38.814003,-77.08183073,51510.0,1031,983,26,0,957,983,160530,77,3,0,74,0
2020-05-07,US,Virginia,Alleghany,6,0,0,37.78636074,-80.00222498,51005.0,6,6,0,0,6,6,14910,0,0,0,0,0
2020-05-07,US,Virginia,Amelia,17,1,0,37.34081025,-77.98584649,51007.0,16,18,1,0,17,18,13013,-1,0,0,-1,0
2020-05-07,US,Virginia,Amherst,15,0,0,37.60308293,-79.14548696,51009.0,15,15,0,0,15,15,31666,0,0,0,0,0
2020-05-07,US,Virginia,Appomattox,21,0,0,37.37569884,-78.81340003,51011.0,21,21,0,0,21,21,15841,0,0,0,0,0
2020-05-07,US,Virginia,Arlington,1248,52,0,38.8767675,-77.10139853,51013.0,1196,1169,49,0,1120,1169,237521,79,3,0,76,0
2020-05-07,US,Virginia,Augusta,55,1,0,38.16404586,-79.12461614,51015.0,54,47,1,0,46,47,75457,8,0,0,8,0
2020-05-07,US,Virginia,Bedford,37,1,0,37.3080028,-79.5281964,51019.0,36,36,0,0,36,36,78747,1,1,0,0,0
2020-05-07,US,Virginia,Botetourt,29,3,0,37.55531756,-79.80982182,51023.0,26,29,3,0,26,29,33277,0,0,0,0,0
2020-05-07,US,Virginia,Bristol,2,0,0,36.6163024,-82.16359122,51520.0,2,2,0,0,2,2,16482,0,0,0,0,0
2020-05-07,US,Virginia,Brunswick,16,0,0,36.76366949,-77.8593436,51025.0,16,15,0,0,15,15,16384,1,0,0,1,0
2020-05-07,US,Virginia,Buchanan,16,0,0,37.26818323,-82.03749726,51027.0,16,16,0,0,16,16,21221,0,0,0,0,0
2020-05-07,US,Virginia,Buckingham,225,0,0,37.57242268,-78.52518834,51029.0,225,171,0,0,171,171,16999,54,0,0,54,0
2020-05-07,US,Virginia,Buena Vista,8,0,0,37.73484642,-79.35296097,51530.0,8,6,0,0,6,6,6237,2,0,0,2,0
2020-05-07,US,Virginia,Campbell,13,0,0,37.20553386,-79.09678609,51031.0,13,13,0,0,13,13,54973,0,0,0,0,0
2020-05-07,US,Virginia,Caroline,36,1,0,38.02679129,-77.34901405,51033.0,35,34,1,0,33,34,30772,2,0,0,2,0
2020-05-07,US,Virginia,Carroll,25,0,0,36.73066666,-80.73455942,51035.0,25,19,0,0,19,19,29636,6,0,0,6,0
2020-05-07,US,Virginia,Charles City,17,1,0,37.35358063,-77.05634116,51036.0,16,17,1,0,16,17,6941,0,0,0,0,0
2020-05-07,US,Virginia,Charlotte,11,0,0,37.01909701,-78.66314092,51037.0,11,11,0,0,11,11,11938,0,0,0,0,0
2020-05-07,US,Virginia,Charlottesville,65,2,0,38.03527919,-78.48569588,51540.0,63,64,2,0,62,64,48117,1,0,0,1,0
2020-05-07,US,Virginia,Chesapeake,311,9,0,36.67670048,-76.30545744,51550.0,302,293,9,0,284,293,242634,18,0,0,18,0
2020-05-07,US,Virginia,Chesterfield,707,26,0,37.37373208,-77.58680140000001,51041.0,681,646,25,0,621,646,348556,61,1,0,60,0
2020-05-07,US,Virginia,Clarke,16,0,0,39.11271747,-77.99199425,51043.0,16,12,0,0,12,12,14523,4,0,0,4,0
2020-05-07,US,Virginia,Colonial Heights,64,6,0,37.26420587,-77.39609676,51570.0,58,58,6,0,52,58,17833,6,0,0,6,0
2020-05-07,US,Virginia,Craig,4,0,0,37.48133648,-80.21072274,51045.0,4,4,0,0,4,4,5064,0,0,0,0,0
2020-05-07,US,Virginia,Culpeper,217,4,0,38.48199985,-77.95630870000002,51047.0,213,201,3,0,198,201,51859,16,1,0,15,0
2020-05-07,US,Virginia,Cumberland,12,0,0,37.51328851,-78.24398086,51049.0,12,12,0,0,12,12,9809,0,0,0,0,0
2020-05-07,US,Virginia,Danville,38,1,0,36.58022376,-79.40395668,51590.0,37,37,1,0,36,37,40693,1,0,0,1,0
2020-05-07,US,Virginia,Dinwiddie,25,0,0,37.07544585,-77.63451754,51053.0,25,25,0,0,25,25,28529,0,0,0,0,0
2020-05-07,US,Virginia,Emporia,47,3,0,36.69455571,-77.53406129,51595.0,44,46,3,0,43,46,5121,1,0,0,1,0
2020-05-07,US,Virginia,Essex,18,0,0,37.93357639,-76.94230311,51057.0,18,17,0,0,17,17,10919,1,0,0,1,0
2020-05-07,US,Virginia,Fairfax,5045,211,0,38.83677558,-77.27565836,51059.0,4834,4834,201,0,4633,4834,1150795,211,10,0,201,0
2020-05-07,US,Virginia,Fairfax,5045,211,0,38.83677558,-77.27565836,51059.0,4834,4834,201,0,4633,4834,24574,211,10,0,201,0
2020-05-07,US,Virginia,Fairfax City,35,3,0,38.85157547,-77.29779640000002,51600.0,32,33,2,0,31,33,24574,2,1,0,1,0
2020-05-07,US,Virginia,Falls Church,36,4,0,38.88485255,-77.17560759,51610.0,32,36,4,0,32,36,14772,0,0,0,0,0
2020-05-07,US,Virginia,Fauquier,149,4,0,38.73564842,-77.80647472,51061.0,145,147,3,0,144,147,70675,2,1,0,1,0
2020-05-07,US,Virginia,Floyd,3,0,0,36.9302126,-80.36738849,51063.0,3,3,0,0,3,3,15795,0,0,0,0,0
2020-05-07,US,Virginia,Fluvanna,78,6,0,37.84157909,-78.27715475,51065.0,72,76,6,0,70,76,26783,2,0,0,2,0
2020-05-07,US,Virginia,Franklin,24,0,0,36.99536167,-79.88023649,51067.0,24,23,0,0,23,23,56195,1,0,0,1,0
2020-05-07,US,Virginia,Franklin,24,0,0,36.99536167,-79.88023649,51067.0,24,23,0,0,23,23,8013,1,0,0,1,0
2020-05-07,US,Virginia,Franklin City,23,1,0,36.6831435,-76.93859681,51620.0,22,23,1,0,22,23,8013,0,0,0,0,0
2020-05-07,US,Virginia,Frederick,147,1,0,39.20172582,-78.25974949,51069.0,146,132,1,0,131,132,88355,15,0,0,15,0
2020-05-07,US,Virginia,Fredericksburg,52,0,0,38.2977863,-77.4922454,51630.0,52,45,0,0,45,45,29144,7,0,0,7,0
2020-05-07,US,Virginia,Galax,32,0,0,36.66601852,-80.91703124,51640.0,32,25,0,0,25,25,6423,7,0,0,7,0
2020-05-07,US,Virginia,Giles,4,0,0,37.31234791,-80.70636931,51071.0,4,4,0,0,4,4,16844,0,0,0,0,0
2020-05-07,US,Virginia,Gloucester,27,1,0,37.40809042,-76.53524337,51073.0,26,26,1,0,25,26,37349,1,0,0,1,0
2020-05-07,US,Virginia,Goochland,81,5,0,37.71714806,-77.90381514,51075.0,76,80,5,0,75,80,23244,1,0,0,1,0
2020-05-07,US,Virginia,Grayson,5,0,0,36.65677234,-81.23215889,51077.0,5,5,0,0,5,5,15631,0,0,0,0,0
2020-05-07,US,Virginia,Greene,13,1,0,38.29545894,-78.46525378,51079.0,12,13,1,0,12,13,19779,0,0,0,0,0
2020-05-07,US,Virginia,Greensville,44,7,0,36.67878901,-77.56351439,51081.0,37,41,7,0,34,41,11627,3,0,0,3,0
2020-05-07,US,Virginia,Halifax,19,0,0,36.76654925,-78.93512622,51083.0,19,18,0,0,18,18,34120,1,0,0,1,0
2020-05-07,US,Virginia,Hampton,131,3,0,37.03513786,-76.35879121,51650.0,128,128,3,0,125,128,134313,3,0,0,3,0
2020-05-07,US,Virginia,Hanover,154,15,0,37.7583355,-77.49464673,51085.0,139,145,13,0,132,145,107239,9,2,0,7,0
2020-05-07,US,Virginia,Harrisonburg,552,20,0,38.43542574,-78.87536254,51660.0,532,525,19,0,506,525,54033,27,1,0,26,0
2020-05-07,US,Virginia,Henrico,1025,109,0,37.53460572,-77.39326555,51087.0,916,985,106,0,879,985,329261,40,3,0,37,0
2020-05-07,US,Virginia,Henry,20,1,0,36.68542395,-79.87634026,51089.0,19,19,1,0,18,19,50953,1,0,0,1,0
2020-05-07,US,Virginia,Highland,2,0,0,38.35799465,-79.56124594,51091.0,2,2,0,0,2,2,2210,0,0,0,0,0
2020-05-07,US,Virginia,Hopewell,33,0,0,37.29186313,-77.29754684,51670.0,33,31,0,0,31,31,22596,2,0,0,2,0
2020-05-07,US,Virginia,Isle of Wight,103,3,0,36.90579348,-76.70842863,51093.0,100,100,3,0,97,100,36953,3,0,0,3,0
2020-05-07,US,Virginia,James City,167,15,0,37.31156958,-76.76950618,51095.0,152,166,14,0,152,166,76397,1,1,0,0,0
2020-05-07,US,Virginia,King George,38,4,0,38.26818502,-77.15852768,51099.0,34,36,4,0,32,36,26575,2,0,0,2,0
2020-05-07,US,Virginia,King William,11,1,0,37.70965316,-77.09384941,51101.0,10,10,1,0,9,10,16939,1,0,0,1,0
2020-05-07,US,Virginia,King and Queen,4,0,0,37.71044922,-76.88689628,51097.0,4,3,0,0,3,3,7042,1,0,0,1,0
2020-05-07,US,Virginia,Lancaster,6,0,0,37.71889653,-76.46400482,51103.0,6,5,0,0,5,5,10783,1,0,0,1,0
2020-05-07,US,Virginia,Lee,10,0,0,36.70586667,-83.12606515,51105.0,10,10,0,0,10,10,23541,0,0,0,0,0
2020-05-07,US,Virginia,Lexington,5,0,0,37.78258621,-79.44262866,51678.0,5,5,0,0,5,5,7136,0,0,0,0,0
2020-05-07,US,Virginia,Loudoun,1043,26,0,39.08990083,-77.63481877,51107.0,1017,998,24,0,974,998,406850,45,2,0,43,0
2020-05-07,US,Virginia,Louisa,51,0,0,37.97850256,-77.96274807,51109.0,51,50,0,0,50,50,36778,1,0,0,1,0
2020-05-07,US,Virginia,Lunenburg,4,0,0,36.94618528,-78.24133319,51111.0,4,4,0,0,4,4,12086,0,0,0,0,0
2020-05-07,US,Virginia,Lynchburg,68,1,0,37.40021399,-79.19888138,51680.0,67,65,1,0,64,65,82126,3,0,0,3,0
2020-05-07,US,Virginia,Madison,18,1,0,38.41531222,-78.28220331,51113.0,17,17,1,0,16,17,13295,1,0,0,1,0
2020-05-07,US,Virginia,Manassas,332,1,0,38.7464321,-77.48509905,51683.0,331,289,1,0,288,289,41641,43,0,0,43,0
2020-05-07,US,Virginia,Manassas Park,106,2,0,38.77058531,-77.44399307,51685.0,104,96,2,0,94,96,17307,10,0,0,10,0
2020-05-07,US,Virginia,Martinsville,2,0,0,36.68212094,-79.86352771,51690.0,2,2,0,0,2,2,12902,0,0,0,0,0
2020-05-07,US,Virginia,Mathews,4,0,0,37.44164146,-76.34098896,51115.0,4,4,0,0,4,4,8802,0,0,0,0,0
2020-05-07,US,Virginia,Mecklenburg,109,10,0,36.67882005,-78.36131056,51117.0,99,106,10,0,96,106,30650,3,0,0,3,0
2020-05-07,US,Virginia,Middlesex,7,0,0,37.63191998,-76.55064617,51119.0,7,7,0,0,7,7,10769,0,0,0,0,0
2020-05-07,US,Virginia,Montgomery,61,1,0,37.17746986,-80.37868691,51121.0,60,61,1,0,60,61,98985,0,0,0,0,0
2020-05-07,US,Virginia,Nelson,9,0,0,37.78790447,-78.88498513,51125.0,9,9,0,0,9,9,14836,0,0,0,0,0
2020-05-07,US,Virginia,New Kent,26,1,0,37.50694406,-76.99828634,51127.0,25,26,1,0,25,26,22391,0,0,0,0,0
2020-05-07,US,Virginia,Newport News,137,10,0,37.08166899,-76.51754109,51700.0,127,133,9,0,124,133,178626,4,1,0,3,0
2020-05-07,US,Virginia,Norfolk,270,5,0,36.89934014,-76.26420872,51710.0,265,251,4,0,247,251,244076,19,1,0,18,0
2020-05-07,US,Virginia,Northampton,149,3,0,37.34062933,-75.87751591,51131.0,146,140,1,0,139,140,11735,9,2,0,7,0
2020-05-07,US,Virginia,Northumberland,9,1,0,37.89202088,-76.41949732,51133.0,8,9,0,0,9,9,12147,0,1,0,-1,0
2020-05-07,US,Virginia,Norton,2,0,0,36.93357076,-82.62750411,51720.0,2,2,0,0,2,2,3968,0,0,0,0,0
2020-05-07,US,Virginia,Nottoway,14,0,0,37.1435975,-78.05065922,51135.0,14,14,0,0,14,14,15420,0,0,0,0,0
2020-05-07,US,Virginia,Orange,43,0,0,38.24530219,-78.01560400000002,51137.0,43,41,0,0,41,41,36644,2,0,0,2,0
2020-05-07,US,Virginia,Page,122,11,0,38.61807452,-78.48797204,51139.0,111,113,5,0,108,113,23933,9,6,0,3,0
2020-05-07,US,Virginia,Patrick,4,0,0,36.6801638,-80.2865648,51141.0,4,2,0,0,2,2,17673,2,0,0,2,0
2020-05-07,US,Virginia,Petersburg,41,2,0,37.20530399,-77.39368102,51730.0,39,40,2,0,38,40,31567,1,0,0,1,0
2020-05-07,US,Virginia,Pittsylvania,17,1,0,36.81980341,-79.39731264,51143.0,16,16,1,0,15,16,60949,1,0,0,1,0
2020-05-07,US,Virginia,Poquoson,7,0,0,37.14259351,-76.35798148,51735.0,7,7,0,0,7,7,12190,0,0,0,0,0
2020-05-07,US,Virginia,Portsmouth,193,8,0,36.85914825,-76.35971629,51740.0,185,187,8,0,179,187,94632,6,0,0,6,0
2020-05-07,US,Virginia,Powhatan,17,0,0,37.55016038,-77.91267882,51145.0,17,15,0,0,15,15,29189,2,0,0,2,0
2020-05-07,US,Virginia,Prince Edward,63,2,0,37.22554789,-78.43597949,51147.0,61,58,2,0,56,58,22950,5,0,0,5,0
2020-05-07,US,Virginia,Prince George,42,0,0,37.18497668,-77.22922187,51149.0,42,40,0,0,40,40,38082,2,0,0,2,0
2020-05-07,US,Virginia,Prince William,2398,39,0,38.70916224,-77.48713689,51153.0,2359,2223,33,0,2190,2223,468011,175,6,0,169,0
2020-05-07,US,Virginia,Pulaski,9,0,0,37.06474963,-80.71229738,51155.0,9,9,0,0,9,9,34066,0,0,0,0,0
2020-05-07,US,Virginia,Radford,3,0,0,37.12222899,-80.56027320000003,51750.0,3,3,0,0,3,3,18339,0,0,0,0,0
2020-05-07,US,Virginia,Rappahannock,7,0,0,38.68295619,-78.15826963,51157.0,7,6,0,0,6,6,7252,1,0,0,1,0
2020-05-07,US,Virginia,Richmond,187,2,0,37.937575,-76.72920628,51159.0,185,143,1,0,142,143,9038,44,1,0,43,0
2020-05-07,US,Virginia,Richmond City,473,17,0,37.53255773,-77.47966921,51760.0,456,438,16,0,422,438,228783,35,1,0,34,0
2020-05-07,US,Virginia,Roanoke,60,0,0,37.26865804,-80.06396753,51161.0,60,57,0,0,57,57,94073,3,0,0,3,0
2020-05-07,US,Virginia,Roanoke City,88,1,0,37.27791025,-79.96189766,51770.0,87,82,0,0,82,82,99920,6,1,0,5,0
2020-05-07,US,Virginia,Rockbridge,8,0,0,37.81204314,-79.44605905,51163.0,8,8,0,0,8,8,22752,0,0,0,0,0
2020-05-07,US,Virginia,Rockingham,310,1,0,38.51006137,-78.87260325,51165.0,309,282,1,0,281,282,81244,28,0,0,28,0
2020-05-07,US,Virginia,Russell,6,0,0,36.93028320000001,-82.10095486,51167.0,6,5,0,0,5,5,26748,1,0,0,1,0
2020-05-07,US,Virginia,Salem,30,0,0,37.2836193,-80.06219455,51775.0,30,31,0,0,31,31,25643,-1,0,0,-1,0
2020-05-07,US,Virginia,Scott,7,1,0,36.71466456,-82.60171704,51169.0,6,7,1,0,6,7,21534,0,0,0,0,0
2020-05-07,US,Virginia,Shenandoah,213,3,0,38.85905135,-78.56813762,51171.0,210,165,3,0,162,165,43497,48,0,0,48,0
2020-05-07,US,Virginia,Smyth,13,0,0,36.84455636,-81.53344948,51173.0,13,13,0,0,13,13,30472,0,0,0,0,0
2020-05-07,US,Virginia,Southampton,128,1,0,36.72231125,-77.10642712,51175.0,127,128,1,0,127,128,17586,0,0,0,0,0
2020-05-07,US,Virginia,Spotsylvania,230,4,0,38.18574462,-77.655399,51177.0,226,206,4,0,202,206,134238,24,0,0,24,0
2020-05-07,US,Virginia,Stafford,334,2,0,38.41758738,-77.45917053,51179.0,332,308,2,0,306,308,149960,26,0,0,26,0
2020-05-07,US,Virginia,Staunton,14,0,0,38.15965544,-79.05979937,51790.0,14,13,0,0,13,13,24922,1,0,0,1,0
2020-05-07,US,Virginia,Suffolk,208,19,0,36.70155394,-76.63603554,51800.0,189,205,15,0,190,205,91185,3,4,0,-1,0
2020-05-07,US,Virginia,Surry,4,1,0,37.11781893,-76.88450012,51181.0,3,4,1,0,3,4,6474,0,0,0,0,0
2020-05-07,US,Virginia,Sussex,32,1,0,36.92432914,-77.25791182,51183.0,31,32,1,0,31,32,11237,0,0,0,0,0
2020-05-07,US,Virginia,Tazewell,6,0,0,37.12191123,-81.56685568,51185.0,6,6,0,0,6,6,40855,0,0,0,0,0
2020-05-07,US,Virginia,Virginia Beach,454,17,0,36.73285734,-76.04566934,51810.0,437,445,15,0,430,445,450189,9,2,0,7,0
2020-05-07,US,Virginia,Warren,75,0,0,38.90847745,-78.20280433,51187.0,75,68,0,0,68,68,40003,7,0,0,7,0
2020-05-07,US,Virginia,Washington,41,3,0,36.72341572,-81.95666289,51191.0,38,40,3,0,37,40,54402,1,0,0,1,0
2020-05-07,US,Virginia,Waynesboro,20,0,0,38.06451466,-78.90293905,51820.0,20,16,0,0,16,16,22628,4,0,0,4,0
2020-05-07,US,Virginia,Westmoreland,33,0,0,38.11021557,-76.80213247,51193.0,33,30,0,0,30,30,17830,3,0,0,3,0
2020-05-07,US,Virginia,Williamsburg,29,2,0,37.28131268,-76.70905141,51830.0,27,27,2,0,25,27,14896,2,0,0,2,0
2020-05-07,US,Virginia,Winchester,61,0,0,39.17054517,-78.17325058,51840.0,61,56,0,0,56,56,28108,5,0,0,5,0
2020-05-07,US,Virginia,Wise,22,1,0,36.9746148,-82.62410519,51195.0,21,22,1,0,21,22,38012,0,0,0,0,0
2020-05-07,US,Virginia,Wythe,12,1,0,36.91582035,-81.07834059,51197.0,11,12,1,0,11,12,28754,0,0,0,0,0
2020-05-07,US,Virginia,York,51,1,0,37.24374789,-76.54412815,51199.0,50,48,1,0,47,48,67846,3,0,0,3,0
2020-05-07,US,Washington,Adams,49,0,0,46.98299757,-118.5601734,53001.0,49,49,0,0,49,48,19759,0,0,0,0,1
2020-05-07,US,Washington,Asotin,18,2,0,46.18894415,-117.2022851,53003.0,16,18,2,0,16,18,22610,0,0,0,0,0
2020-05-07,US,Washington,Benton,550,47,0,46.23946995,-119.5120834,53005.0,503,548,46,0,502,537,201877,2,1,0,1,11
2020-05-07,US,Washington,Chelan,139,5,0,47.87046092,-120.6173956,53007.0,134,137,5,0,132,125,77036,2,0,0,2,12
2020-05-07,US,Washington,Clallam,19,0,0,48.04754642,-123.9226319,53009.0,19,19,0,0,19,19,76737,0,0,0,0,0
2020-05-07,US,Washington,Clark,342,20,0,45.77568046,-122.4829204,53011.0,322,341,20,0,321,337,481857,1,0,0,1,4
2020-05-07,US,Washington,Columbia,1,0,0,46.29442881,-117.9051983,53013.0,1,1,0,0,1,1,4059,0,0,0,0,0
2020-05-07,US,Washington,Cowlitz,62,0,0,46.19074721,-122.6782231,53015.0,62,62,0,0,62,60,108987,0,0,0,0,2
2020-05-07,US,Washington,Douglas,98,2,0,47.7361335,-119.692937,53017.0,96,95,2,0,93,84,42907,3,0,0,3,11
2020-05-07,US,Washington,Ferry,1,0,0,48.471143100000006,-118.5154041,53019.0,1,1,0,0,1,1,7649,0,0,0,0,0
2020-05-07,US,Washington,Franklin,401,14,0,46.53351425,-118.9018212,53021.0,387,387,14,0,373,379,94347,14,0,0,14,8
2020-05-07,US,Washington,Grant,179,3,0,47.20753737,-119.4500749,53025.0,176,179,3,0,176,180,97331,0,0,0,0,-1
2020-05-07,US,Washington,Grays Harbor,13,0,0,47.14003705,-123.7820567,53027.0,13,12,0,0,12,12,73901,1,0,0,1,0
2020-05-07,US,Washington,Island,173,9,0,48.14713305,-122.5216407,53029.0,164,172,9,0,163,168,84460,1,0,0,1,4
2020-05-07,US,Washington,Jefferson,28,0,0,47.75003077,-123.56097040000002,53031.0,28,28,0,0,28,28,31729,0,0,0,0,0
2020-05-07,US,Washington,King,6809,480,0,47.49137892,-121.8346131,53033.0,6329,6704,474,0,6230,6621,2233163,105,6,0,99,83
2020-05-07,US,Washington,Kitsap,154,2,0,47.63479026,-122.6436061,53035.0,152,151,2,0,149,150,269805,3,0,0,3,1
2020-05-07,US,Washington,Kittitas,15,0,0,47.12521214,-120.679439,53037.0,15,15,0,0,15,14,47364,0,0,0,0,1
2020-05-07,US,Washington,Klickitat,19,3,0,45.87325839,-120.7913598,53039.0,16,18,3,0,15,17,22107,1,0,0,1,1
2020-05-07,US,Washington,Lewis,30,3,0,46.57756476,-122.3925769,53041.0,27,29,3,0,26,29,79604,1,0,0,1,0
2020-05-07,US,Washington,Lincoln,2,0,0,47.57705241,-118.4194388,53043.0,2,2,0,0,2,2,10740,0,0,0,0,0
2020-05-07,US,Washington,Mason,28,1,0,47.35007586,-123.1863685,53045.0,27,26,1,0,25,26,65507,2,0,0,2,0
2020-05-07,US,Washington,Okanogan,21,1,0,48.54855019,-119.7387224,53047.0,20,21,1,0,20,21,42132,0,0,0,0,0
2020-05-07,US,Washington,Pacific,4,0,0,46.55418369,-123.7285716,53049.0,4,4,0,0,4,4,22036,0,0,0,0,0
2020-05-07,US,Washington,Pend Oreille,2,0,0,48.53234021,-117.2741804,53051.0,2,2,0,0,2,2,13602,0,0,0,0,0
2020-05-07,US,Washington,Pierce,1496,54,0,47.03892768,-122.1405958,53053.0,1442,1454,52,0,1402,1433,891299,42,2,0,40,21
2020-05-07,US,Washington,San Juan,14,0,0,48.60182783,-122.96745,53055.0,14,14,0,0,14,14,17128,0,0,0,0,0
2020-05-07,US,Washington,Skagit,389,13,0,48.48171488,-121.766131,53057.0,376,379,13,0,366,364,128206,10,0,0,10,15
2020-05-07,US,Washington,Skamania,3,0,0,46.02408726,-121.9164403,53059.0,3,3,0,0,3,3,11924,0,0,0,0,0
2020-05-07,US,Washington,Snohomish,2627,114,0,48.04615983,-121.7170703,53061.0,2513,2584,112,0,2472,2549,814901,43,2,0,41,35
2020-05-07,US,Washington,Spokane,380,26,0,47.62113146,-117.4046494,53063.0,354,379,24,0,355,373,514631,1,2,0,-1,6
2020-05-07,US,Washington,Stevens,9,1,0,48.40035475,-117.8542701,53065.0,8,9,1,0,8,9,45260,0,0,0,0,0
2020-05-07,US,Washington,Thurston,115,1,0,46.9291895,-122.8290656,53067.0,114,116,1,0,115,113,286419,-1,0,0,-1,3
2020-05-07,US,Washington,Unassigned,53,0,0,0.0,0.0,90053.0,53,61,0,0,61,37,,-8,0,0,-8,24
2020-05-07,US,Washington,Wahkiakum,2,0,0,46.29180039999999,-123.4250831,53069.0,2,2,0,0,2,2,4426,0,0,0,0,0
2020-05-07,US,Washington,Walla Walla,97,0,0,46.23040051,-118.4775539,53071.0,97,96,0,0,96,93,60922,1,0,0,1,3
2020-05-07,US,Washington,Whatcom,328,33,0,48.82227976,-121.7490018,53073.0,295,324,30,0,294,318,225685,4,3,0,1,6
2020-05-07,US,Washington,Whitman,14,0,0,46.90022523,-117.5241763,53075.0,14,14,0,0,14,14,49791,0,0,0,0,0
2020-05-07,US,Washington,Yakima,1547,57,0,46.45738486,-120.7380126,53077.0,1490,1449,52,0,1397,1389,251446,98,5,0,93,60
2020-05-07,US,West Virginia,Barbour,6,1,0,39.1307219,-80.00350858,54001.0,5,6,1,0,5,6,16535,0,0,0,0,0
2020-05-07,US,West Virginia,Berkeley,173,3,0,39.46704621,-78.02414609,54003.0,170,166,2,0,164,166,117123,7,1,0,6,0
2020-05-07,US,West Virginia,Boone,6,0,0,38.01974191,-81.69888019,54005.0,6,6,0,0,6,6,21951,0,0,0,0,0
2020-05-07,US,West Virginia,Braxton,2,0,0,38.70036159,-80.72011184,54007.0,2,2,0,0,2,2,14089,0,0,0,0,0
2020-05-07,US,West Virginia,Brooke,3,0,0,40.27367263,-80.57915332,54009.0,3,3,0,0,3,3,22203,0,0,0,0,0
2020-05-07,US,West Virginia,Cabell,48,0,0,38.42424062,-82.23855912,54011.0,48,44,0,0,44,44,93224,4,0,0,4,0
2020-05-07,US,West Virginia,Fayette,28,0,0,38.02974928,-81.08286634,54019.0,28,20,0,0,20,20,43018,8,0,0,8,0
2020-05-07,US,West Virginia,Gilmer,3,0,0,38.9251277,-80.85952723,54021.0,3,3,0,0,3,3,8026,0,0,0,0,0
2020-05-07,US,West Virginia,Grant,3,0,0,39.10314817,-79.19440518,54023.0,3,3,0,0,3,3,11626,0,0,0,0,0
2020-05-07,US,West Virginia,Greenbrier,8,0,0,37.9463652,-80.45335881,54025.0,8,7,0,0,7,7,34786,1,0,0,1,0
2020-05-07,US,West Virginia,Hampshire,8,1,0,39.32103553,-78.60826476,54027.0,7,8,1,0,7,8,23347,0,0,0,0,0
2020-05-07,US,West Virginia,Hancock,11,0,0,40.51943859,-80.57461608,54029.0,11,11,0,0,11,11,29094,0,0,0,0,0
2020-05-07,US,West Virginia,Hardy,12,0,0,39.00683177,-78.85855301,54031.0,12,9,0,0,9,9,13775,3,0,0,3,0
2020-05-07,US,West Virginia,Harrison,33,1,0,39.2853852,-80.37919577,54033.0,32,31,1,0,30,31,67554,2,0,0,2,0
2020-05-07,US,West Virginia,Jackson,136,15,0,38.84263974,-81.68148753,54035.0,121,134,15,0,119,135,28706,2,0,0,2,-1
2020-05-07,US,West Virginia,Jefferson,83,1,0,39.30776166,-77.86014147,54037.0,82,83,1,0,82,83,56811,0,0,0,0,0
2020-05-07,US,West Virginia,Kanawha,172,10,0,38.33860077,-81.52857054,54039.0,162,170,10,0,160,170,180454,2,0,0,2,0
2020-05-07,US,West Virginia,Lewis,4,0,0,38.9947249,-80.49988181,54041.0,4,4,0,0,4,4,16024,0,0,0,0,0
2020-05-07,US,West Virginia,Lincoln,3,0,0,38.172154,-82.07017953,54043.0,3,2,0,0,2,2,20599,1,0,0,1,0
2020-05-07,US,West Virginia,Logan,15,1,0,37.8299889,-81.93528571,54045.0,14,14,1,0,13,14,32607,1,0,0,1,0
2020-05-07,US,West Virginia,Marion,46,2,0,39.50984542,-80.24244659,54049.0,44,46,2,0,44,46,56097,0,0,0,0,0
2020-05-07,US,West Virginia,Marshall,20,0,0,39.86064362,-80.66591062,54051.0,20,19,0,0,19,19,30785,1,0,0,1,0
2020-05-07,US,West Virginia,Mason,12,0,0,38.77071799,-82.02524219,54053.0,12,12,0,0,12,12,26718,0,0,0,0,0
2020-05-07,US,West Virginia,McDowell,6,0,0,37.38002939,-81.65083669,54047.0,6,6,0,0,6,6,18223,0,0,0,0,0
2020-05-07,US,West Virginia,Mercer,11,0,0,37.40481169,-81.11023142,54055.0,11,11,0,0,11,11,59131,0,0,0,0,0
2020-05-07,US,West Virginia,Mineral,20,0,0,39.41561583,-78.94104895,54057.0,20,18,0,0,18,18,26940,2,0,0,2,0
2020-05-07,US,West Virginia,Mingo,2,1,0,37.73048351,-82.13338365,54059.0,1,2,1,0,1,2,23785,0,0,0,0,0
2020-05-07,US,West Virginia,Monongalia,111,5,0,39.63218457,-80.04766838,54061.0,106,108,5,0,103,108,106420,3,0,0,3,0
2020-05-07,US,West Virginia,Monroe,6,0,0,37.56274716,-80.54577965,54063.0,6,6,0,0,6,6,13280,0,0,0,0,0
2020-05-07,US,West Virginia,Morgan,16,0,0,39.55439028,-78.26311676,54065.0,16,14,0,0,14,14,17787,2,0,0,2,0
2020-05-07,US,West Virginia,Nicholas,8,0,0,38.29617706,-80.79759588,54067.0,8,8,0,0,8,8,24842,0,0,0,0,0
2020-05-07,US,West Virginia,Ohio,34,1,0,40.0955451,-80.62203992,54069.0,33,34,1,0,33,34,41755,0,0,0,0,0
2020-05-07,US,West Virginia,Pendleton,5,0,0,38.68314479,-79.35084086,54071.0,5,5,0,0,5,5,6997,0,0,0,0,0
2020-05-07,US,West Virginia,Pleasants,2,0,0,39.37091679,-81.16771771,54073.0,2,2,0,0,2,2,7507,0,0,0,0,0
2020-05-07,US,West Virginia,Pocahontas,2,0,0,38.32758728,-80.00993811,54075.0,2,2,0,0,2,2,8414,0,0,0,0,0
2020-05-07,US,West Virginia,Preston,14,0,0,39.46770987,-79.66712803,54077.0,14,13,0,0,13,13,33839,1,0,0,1,0
2020-05-07,US,West Virginia,Putnam,27,0,0,38.50782345,-81.9082131,54079.0,27,27,0,0,27,29,56682,0,0,0,0,-2
2020-05-07,US,West Virginia,Raleigh,9,0,0,37.76936795,-81.2456041,54081.0,9,9,0,0,9,10,74254,0,0,0,0,-1
2020-05-07,US,West Virginia,Randolph,5,0,0,38.769899,-79.87919615,54083.0,5,5,0,0,5,5,28823,0,0,0,0,0
2020-05-07,US,West Virginia,Ritchie,1,0,0,39.18094587,-81.06356878,54085.0,1,1,0,0,1,1,9721,0,0,0,0,0
2020-05-07,US,West Virginia,Roane,8,0,0,38.71622686,-81.35243568,54087.0,8,6,0,0,6,6,13932,2,0,0,2,0
2020-05-07,US,West Virginia,Summers,1,0,0,37.65390597,-80.86009693,54089.0,1,1,0,0,1,1,12760,0,0,0,0,0
2020-05-07,US,West Virginia,Taylor,9,0,0,39.33602617,-80.0421439,54091.0,9,9,0,0,9,9,16862,0,0,0,0,0
2020-05-07,US,West Virginia,Tucker,4,0,0,39.11240885,-79.57053576,54093.0,4,4,0,0,4,4,6955,0,0,0,0,0
2020-05-07,US,West Virginia,Tyler,3,0,0,39.46811972,-80.88772676,54095.0,3,3,0,0,3,3,8746,0,0,0,0,0
2020-05-07,US,West Virginia,Upshur,5,0,0,38.89285061,-80.23689136,54097.0,5,5,0,0,5,5,24415,0,0,0,0,0
2020-05-07,US,West Virginia,Wayne,93,7,0,38.14901357,-82.42287994,54099.0,86,91,7,0,84,91,39944,2,0,0,2,0
2020-05-07,US,West Virginia,Wetzel,4,0,0,39.6065771,-80.64016540000001,54103.0,4,3,0,0,3,3,15270,1,0,0,1,0
2020-05-07,US,West Virginia,Wirt,3,0,0,39.02775007,-81.37473928,54105.0,3,3,0,0,3,3,5830,0,0,0,0,0
2020-05-07,US,West Virginia,Wood,42,2,0,39.20967886,-81.5162836,54107.0,40,42,2,0,40,42,84203,0,0,0,0,0
2020-05-07,US,West Virginia,Wyoming,1,0,0,37.612327,-81.54511071,54109.0,1,1,0,0,1,1,20786,0,0,0,0,0
2020-05-07,US,Wisconsin,Adams,4,1,0,43.96974651,-89.76782777,55001.0,3,4,1,0,3,4,20348,0,0,0,0,0
2020-05-07,US,Wisconsin,Ashland,2,0,0,46.31956891,-90.67837132,55003.0,2,2,0,0,2,2,15600,0,0,0,0,0
2020-05-07,US,Wisconsin,Barron,7,0,0,45.42372701,-91.84833627,55005.0,7,7,0,0,7,7,45164,0,0,0,0,0
2020-05-07,US,Wisconsin,Bayfield,3,1,0,46.52868768,-91.19716729,55007.0,2,3,1,0,2,3,15042,0,0,0,0,0
2020-05-07,US,Wisconsin,Brown,1706,12,0,44.4526553,-88.00411844,55009.0,1694,1653,11,0,1642,1545,263378,53,1,0,52,108
2020-05-07,US,Wisconsin,Buffalo,5,1,0,44.37835084,-91.75332578,55011.0,4,6,1,0,5,6,13125,-1,0,0,-1,0
2020-05-07,US,Wisconsin,Calumet,22,0,0,44.0816316,-88.21780273,55015.0,22,20,0,0,20,20,50159,2,0,0,2,0
2020-05-07,US,Wisconsin,Chippewa,27,0,0,45.06939744,-91.28068855,55017.0,27,27,0,0,27,25,64135,0,0,0,0,2
2020-05-07,US,Wisconsin,Clark,23,4,0,44.73483377,-90.61207486,55019.0,19,22,4,0,18,21,34709,1,0,0,1,1
2020-05-07,US,Wisconsin,Columbia,32,1,0,43.46492199,-89.33589004,55021.0,31,32,1,0,31,32,57358,0,0,0,0,0
2020-05-07,US,Wisconsin,Crawford,16,0,0,43.23870316,-90.93073686,55023.0,16,7,0,0,7,7,16291,9,0,0,9,0
2020-05-07,US,Wisconsin,Dane,447,22,0,43.06601594,-89.41733797,55025.0,425,445,22,0,423,443,542364,2,0,0,2,2
2020-05-07,US,Wisconsin,Dodge,46,1,0,43.41576662,-88.70928178,55027.0,45,42,1,0,41,40,87847,4,0,0,4,2
2020-05-07,US,Wisconsin,Door,18,3,0,44.95856458,-87.30002707,55029.0,15,18,3,0,15,18,27610,0,0,0,0,0
2020-05-07,US,Wisconsin,Douglas,10,0,0,46.43222285,-91.91595768,55031.0,10,10,0,0,10,9,43208,0,0,0,0,1
2020-05-07,US,Wisconsin,Dunn,14,0,0,44.94562799,-91.8962481,55033.0,14,13,0,0,13,13,45131,1,0,0,1,0
2020-05-07,US,Wisconsin,Eau Claire,47,0,0,44.726614,-91.28609183,55035.0,47,45,0,0,45,42,104534,2,0,0,2,3
2020-05-07,US,Wisconsin,Florence,2,0,0,45.84963535,-88.39804137,55037.0,2,2,0,0,2,2,4321,0,0,0,0,0
2020-05-07,US,Wisconsin,Fond du Lac,84,3,0,43.75354908,-88.48885325,55039.0,81,83,3,0,80,77,103066,1,0,0,1,6
2020-05-07,US,Wisconsin,Forest,1,0,0,45.66678019,-88.77084892,55041.0,1,1,0,0,1,,8991,0,0,0,0,
2020-05-07,US,Wisconsin,Grant,66,7,0,42.8671731,-90.7063218,55043.0,59,60,7,0,53,55,51554,6,0,0,6,5
2020-05-07,US,Wisconsin,Green,21,0,0,42.6794956,-89.60243287,55045.0,21,20,0,0,20,20,36929,1,0,0,1,0
2020-05-07,US,Wisconsin,Green Lake,5,0,0,43.80025981,-89.04679553,55047.0,5,5,0,0,5,5,18918,0,0,0,0,0
2020-05-07,US,Wisconsin,Iowa,10,0,0,43.00050278,-90.13469017,55049.0,10,10,0,0,10,7,23771,0,0,0,0,3
2020-05-07,US,Wisconsin,Iron,2,1,0,46.26302338,-90.24295041,55051.0,1,2,1,0,1,2,5676,0,0,0,0,0
2020-05-07,US,Wisconsin,Jackson,12,1,0,44.31864893,-90.80566792,55053.0,11,12,1,0,11,12,20478,0,0,0,0,0
2020-05-07,US,Wisconsin,Jefferson,50,0,0,43.02054068,-88.77529134,55055.0,50,47,0,0,47,46,85129,3,0,0,3,1
2020-05-07,US,Wisconsin,Juneau,20,1,0,43.92456975,-90.11120239,55057.0,19,19,1,0,18,18,26617,1,0,0,1,1
2020-05-07,US,Wisconsin,Kenosha,610,14,0,42.57639354,-88.04051686,55059.0,596,580,14,0,566,571,169290,30,0,0,30,9
2020-05-07,US,Wisconsin,Kewaunee,25,1,0,44.51727459,-87.61468386,55061.0,24,25,1,0,24,22,20383,0,0,0,0,3
2020-05-07,US,Wisconsin,La Crosse,32,0,0,43.90632465,-91.11451093,55063.0,32,32,0,0,32,32,118230,0,0,0,0,0
2020-05-07,US,Wisconsin,Lafayette,9,0,0,42.66005229,-90.1317729,55065.0,9,8,0,0,8,6,16665,1,0,0,1,2
2020-05-07,US,Wisconsin,Lincoln,1,0,0,45.33737523,-89.73411273,55069.0,1,1,0,0,1,1,27689,0,0,0,0,0
2020-05-07,US,Wisconsin,Manitowoc,17,1,0,44.11946801,-87.80928853,55071.0,16,17,1,0,16,16,79074,0,0,0,0,1
2020-05-07,US,Wisconsin,Marathon,21,1,0,44.89792533,-89.75863384,55073.0,20,21,1,0,20,21,135428,0,0,0,0,0
2020-05-07,US,Wisconsin,Marinette,13,1,0,45.38553432,-88.03324599999998,55075.0,12,13,1,0,12,11,40434,0,0,0,0,2
2020-05-07,US,Wisconsin,Marquette,3,1,0,43.81911946,-89.40073763,55077.0,2,3,1,0,2,3,15434,0,0,0,0,0
2020-05-07,US,Wisconsin,Menominee,2,0,0,45.00422544,-88.70950714,55078.0,2,1,0,0,1,1,4658,1,0,0,1,0
2020-05-07,US,Wisconsin,Milwaukee,3573,212,0,43.00486062,-87.96733172,55079.0,3361,3469,204,0,3265,3353,948201,104,8,0,96,116
2020-05-07,US,Wisconsin,Monroe,14,1,0,43.94641218,-90.618819,55081.0,13,14,1,0,13,14,46051,0,0,0,0,0
2020-05-07,US,Wisconsin,Oconto,26,0,0,45.02715345,-88.26807503,55083.0,26,23,0,0,23,20,37830,3,0,0,3,3
2020-05-07,US,Wisconsin,Oneida,6,0,0,45.70677897,-89.51944105,55085.0,6,6,0,0,6,6,35470,0,0,0,0,0
2020-05-07,US,Wisconsin,Outagamie,93,2,0,44.41578887,-88.46565023,55087.0,91,83,2,0,81,77,187365,10,0,0,10,6
2020-05-07,US,Wisconsin,Ozaukee,99,9,0,43.38352225,-87.94625009,55089.0,90,95,9,0,86,95,89147,4,0,0,4,0
2020-05-07,US,Wisconsin,Pierce,12,0,0,44.71850291,-92.4224416,55093.0,12,11,0,0,11,11,42555,1,0,0,1,0
2020-05-07,US,Wisconsin,Polk,5,0,0,45.46130348,-92.44182875,55095.0,5,5,0,0,5,4,43598,0,0,0,0,1
2020-05-07,US,Wisconsin,Portage,7,0,0,44.47558711,-89.50152965,55097.0,7,7,0,0,7,7,70942,0,0,0,0,0
2020-05-07,US,Wisconsin,Price,1,0,0,45.68051754,-90.3609888,55099.0,1,1,0,0,1,1,13397,0,0,0,0,0
2020-05-07,US,Wisconsin,Racine,590,16,0,42.74753117,-88.05941254,55101.0,574,559,15,0,544,535,196584,31,1,0,30,24
2020-05-07,US,Wisconsin,Richland,13,2,0,43.3762778,-90.43012729,55103.0,11,13,2,0,11,13,17377,0,0,0,0,0
2020-05-07,US,Wisconsin,Rock,324,12,0,42.67151616,-89.07147900000002,55105.0,312,311,10,0,301,301,163129,13,2,0,11,10
2020-05-07,US,Wisconsin,Rusk,4,0,0,45.47498854,-91.1333012,55107.0,4,4,0,0,4,4,14147,0,0,0,0,0
2020-05-07,US,Wisconsin,Sauk,69,3,0,43.42574087,-89.94966132,55111.0,66,70,3,0,67,67,64249,-1,0,0,-1,3
2020-05-07,US,Wisconsin,Sawyer,4,0,0,45.87931905,-91.14504927,55113.0,4,4,0,0,4,4,16489,0,0,0,0,0
2020-05-07,US,Wisconsin,Shawano,17,0,0,44.78902246,-88.76443896,55115.0,17,17,0,0,17,17,40796,0,0,0,0,0
2020-05-07,US,Wisconsin,Sheboygan,65,2,0,43.72099677,-87.94579284,55117.0,63,59,2,0,57,55,115456,6,0,0,6,4
2020-05-07,US,Wisconsin,St. Croix,23,0,0,45.03437474,-92.45000068,55109.0,23,23,0,0,23,21,89694,0,0,0,0,2
2020-05-07,US,Wisconsin,Trempealeau,5,0,0,44.30360275,-91.35893614,55121.0,5,5,0,0,5,4,29442,0,0,0,0,1
2020-05-07,US,Wisconsin,Vernon,2,0,0,43.59422667,-90.8324691,55123.0,2,2,0,0,2,2,30785,0,0,0,0,0
2020-05-07,US,Wisconsin,Vilas,4,0,0,46.05467334,-89.51719204,55125.0,4,4,0,0,4,4,21938,0,0,0,0,0
2020-05-07,US,Wisconsin,Walworth,226,9,0,42.66858202,-88.54163073,55127.0,217,215,9,0,206,212,103718,11,0,0,11,3
2020-05-07,US,Wisconsin,Washburn,1,0,0,45.89838588,-91.79050449,55129.0,1,1,0,0,1,1,15878,0,0,0,0,0
2020-05-07,US,Wisconsin,Washington,113,4,0,43.36863664,-88.22974712,55131.0,109,107,4,0,103,106,135693,6,0,0,6,1
2020-05-07,US,Wisconsin,Waukesha,380,22,0,43.01833055,-88.30431188,55133.0,358,374,22,0,352,368,403072,6,0,0,6,6
2020-05-07,US,Wisconsin,Waupaca,10,1,0,44.47068056,-88.96534501,55135.0,9,10,1,0,9,10,51128,0,0,0,0,0
2020-05-07,US,Wisconsin,Waushara,4,0,0,44.11324419,-89.24317107,55137.0,4,4,0,0,4,4,24263,0,0,0,0,0
2020-05-07,US,Wisconsin,Winnebago,88,1,0,44.06886922,-88.64477096,55139.0,87,85,1,0,84,83,171020,3,0,0,3,2
2020-05-07,US,Wisconsin,Wood,2,0,0,44.45537896,-90.04158336,55141.0,2,2,0,0,2,2,73055,0,0,0,0,0
2020-05-07,US,Wyoming,Albany,8,0,0,41.65498705,-105.7235415,56001.0,8,8,0,0,8,8,38601,0,0,0,0,0
2020-05-07,US,Wyoming,Big Horn,3,0,0,44.52405055,-107.9960365,56003.0,3,3,0,0,3,3,11881,0,0,0,0,0
2020-05-07,US,Wyoming,Campbell,25,0,0,44.24886082,-105.5474404,56005.0,25,25,0,0,25,24,46140,0,0,0,0,1
2020-05-07,US,Wyoming,Carbon,5,0,0,41.69357844,-106.9326084,56007.0,5,5,0,0,5,5,14971,0,0,0,0,0
2020-05-07,US,Wyoming,Converse,23,0,0,42.97272268,-105.5081848,56009.0,23,23,0,0,23,23,13640,0,0,0,0,0
2020-05-07,US,Wyoming,Crook,5,0,0,44.58855102,-104.5697705,56011.0,5,5,0,0,5,5,7450,0,0,0,0,0
2020-05-07,US,Wyoming,Fremont,168,0,0,43.04183996,-108.6296893,56013.0,168,164,0,0,164,140,39531,4,0,0,4,24
2020-05-07,US,Wyoming,Goshen,4,0,0,42.08798185,-104.3534743,56015.0,4,4,0,0,4,4,13376,0,0,0,0,0
2020-05-07,US,Wyoming,Hot Springs,3,0,0,43.71930657,-108.4423174,56017.0,3,3,0,0,3,3,4555,0,0,0,0,0
2020-05-07,US,Wyoming,Johnson,15,1,0,44.04057166,-106.5845174,56019.0,14,15,1,0,14,15,8460,0,0,0,0,0
2020-05-07,US,Wyoming,Laramie,163,0,0,41.30702520000001,-104.6887497,56021.0,163,163,0,0,163,162,98976,0,0,0,0,1
2020-05-07,US,Wyoming,Lincoln,10,0,0,42.26376367,-110.6563997,56023.0,10,10,0,0,10,10,19434,0,0,0,0,0
2020-05-07,US,Wyoming,Natrona,48,0,0,42.96180148,-106.797885,56025.0,48,48,0,0,48,48,79115,0,0,0,0,0
2020-05-07,US,Wyoming,Niobrara,2,0,0,43.05607708,-104.4758896,56027.0,2,2,0,0,2,2,2388,0,0,0,0,0
2020-05-07,US,Wyoming,Park,1,0,0,44.52157546,-109.5852825,56029.0,1,1,0,0,1,1,29324,0,0,0,0,0
2020-05-07,US,Wyoming,Sheridan,16,0,0,44.79048913,-106.8862389,56033.0,16,16,0,0,16,16,30233,0,0,0,0,0
2020-05-07,US,Wyoming,Sublette,3,0,0,42.76558279,-109.9130922,56035.0,3,3,0,0,3,3,9813,0,0,0,0,0
2020-05-07,US,Wyoming,Sweetwater,19,0,0,41.65943896,-108.8827882,56037.0,19,19,0,0,19,18,43051,0,0,0,0,1
2020-05-07,US,Wyoming,Teton,98,0,0,43.93522482,-110.5890801,56039.0,98,98,0,0,98,98,23081,0,0,0,0,0
2020-05-07,US,Wyoming,Uinta,8,0,0,41.2878183,-110.54757820000002,56041.0,8,8,0,0,8,8,20299,0,0,0,0,0
2020-05-07,US,Wyoming,Unassigned,0,6,0,0.0,0.0,90056.0,-6,0,6,0,-6,0,,0,0,0,0,0
2020-05-07,US,Wyoming,Washakie,8,0,0,43.90451606,-107.68018700000002,56043.0,8,8,0,0,8,8,7885,0,0,0,0,0
