Date,Country/Region,Province/State,Admin2,Confirmed,Deaths,Recovered,Latitude,Longitude,FIPS,Incidence_Rate,Case-Fatality_Ratio,Active Cases,Previous Confirmed,Previous Deaths,Previous Recovered,Previous Active,Prev2 Confirmed,Population,Daily Confirmed,Daily Deaths,Daily Recovered,Daily Active,Previous Daily Confirmed
2020-06-25,US,Alabama,Autauga,473,10,0,32.53952745,-86.64408227,1001.0,846.6233510533569,2.1141649048625792,463,463,10,0,453,447,55601,10,0,0,10,16
2020-06-25,US,Alabama,Baldwin,462,9,0,30.72774991,-87.72207058,1003.0,206.9577214940377,1.9480519480519483,453,449,9,0,440,435,218022,13,0,0,13,14
2020-06-25,US,Alabama,Barbour,303,1,0,31.868263,-85.3871286,1005.0,1227.4163493478086,0.33003300330033003,302,287,1,0,286,279,24881,16,0,0,16,8
2020-06-25,US,Alabama,Bibb,146,1,0,32.99642064,-87.12511459999996,1007.0,651.9603465213896,0.6849315068493149,145,138,1,0,137,132,22400,8,0,0,8,6
2020-06-25,US,Alabama,Blount,173,1,0,33.98210918,-86.56790593,1009.0,299.1733822156124,0.5780346820809249,172,165,1,0,164,156,57840,8,0,0,8,9
2020-06-25,US,Alabama,Bullock,347,10,0,32.10030533,-85.71265535,1011.0,3435.303435303436,2.8818443804034577,337,332,10,0,322,325,10138,15,0,0,15,7
2020-06-25,US,Alabama,Butler,586,27,0,31.75300095,-86.68057478,1013.0,3013.1633072809545,4.607508532423208,559,582,27,0,555,579,19680,4,0,0,4,3
2020-06-25,US,Alabama,Calhoun,225,5,0,33.77483727,-85.82630386,1015.0,198.054663087012,2.2222222222222223,220,212,5,0,207,208,114277,13,0,0,13,4
2020-06-25,US,Alabama,Chambers,535,27,0,32.91360079,-85.39072749,1017.0,1608.8290130510613,5.046728971962617,508,529,27,0,502,520,33615,6,0,0,6,9
2020-06-25,US,Alabama,Cherokee,62,7,0,34.17805983,-85.60638968,1019.0,236.6773553214231,11.290322580645164,55,56,7,0,49,56,26032,6,0,0,6,0
2020-06-25,US,Alabama,Chilton,178,2,0,32.85044126,-86.7173256,1021.0,400.64823984874397,1.1235955056179776,176,178,2,0,176,169,44153,0,0,0,0,9
2020-06-25,US,Alabama,Choctaw,187,12,0,32.02227341,-88.26564429999998,1023.0,1485.4237826674082,6.4171122994652405,175,185,12,0,173,185,12841,2,0,0,2,0
2020-06-25,US,Alabama,Clarke,243,5,0,31.68099859,-87.83548597,1025.0,1028.7020574041146,2.05761316872428,238,230,5,0,225,221,23920,13,0,0,13,9
2020-06-25,US,Alabama,Clay,35,2,0,33.26984193,-85.85836077,1027.0,264.45032111824713,5.7142857142857135,33,34,2,0,32,34,13275,1,0,0,1,0
2020-06-25,US,Alabama,Cleburne,23,1,0,33.67679204,-85.52005899,1029.0,154.25888665325286,4.3478260869565215,22,23,1,0,22,23,14987,0,0,0,0,0
2020-06-25,US,Alabama,Coffee,326,1,0,31.39932826,-85.98901039,1031.0,622.8267930151694,0.3067484662576687,325,326,1,0,325,315,51909,0,0,0,0,11
2020-06-25,US,Alabama,Colbert,323,5,0,34.69847452,-87.80168544,1033.0,584.7106315960971,1.547987616099071,318,314,5,0,309,303,54762,9,0,0,9,11
2020-06-25,US,Alabama,Conecuh,153,3,0,31.43401703,-86.99320044,1035.0,1267.9207756691806,1.96078431372549,150,151,3,0,148,144,12277,2,0,0,2,7
2020-06-25,US,Alabama,Coosa,54,1,0,32.93690146,-86.24847739,1037.0,506.4240832786271,1.851851851851852,53,52,1,0,51,52,10715,2,0,0,2,0
2020-06-25,US,Alabama,Covington,270,3,0,31.247785399999998,-86.45050893,1039.0,728.7646090312828,1.1111111111111112,267,254,4,0,250,238,36986,16,-1,0,17,16
2020-06-25,US,Alabama,Crenshaw,119,3,0,31.72941803,-86.31593104,1041.0,864.0720302062155,2.5210084033613445,116,118,3,0,115,116,13824,1,0,0,1,2
2020-06-25,US,Alabama,Cullman,348,3,0,34.13020303,-86.86888037,1043.0,415.43310094546837,0.8620689655172413,345,326,3,0,323,312,83442,22,0,0,22,14
2020-06-25,US,Alabama,Dale,216,0,0,31.43037123,-85.61095742,1045.0,439.27438379565615,0.0,216,209,0,0,209,206,48956,7,0,0,7,3
2020-06-25,US,Alabama,Dallas,711,7,0,32.32688101,-87.10866709999998,1047.0,1911.4958597698678,0.9845288326300984,704,687,7,0,680,660,38310,24,0,0,24,27
2020-06-25,US,Alabama,DeKalb,484,5,0,34.45946862,-85.80782906,1049.0,676.8000223735545,1.033057851239669,479,445,5,0,440,427,71385,39,0,0,39,18
2020-06-25,US,Alabama,Elmore,730,12,0,32.59785413,-86.14415284,1051.0,898.9151448731053,1.643835616438356,718,706,12,0,694,689,81887,24,0,0,24,17
2020-06-25,US,Alabama,Escambia,190,6,0,31.1256789,-87.15918694,1053.0,518.6580405645183,3.1578947368421053,184,172,6,0,166,166,36748,18,0,0,18,6
2020-06-25,US,Alabama,Etowah,485,13,0,34.04567266,-86.04051873,1055.0,474.24414284038016,2.6804123711340204,472,453,12,0,441,429,102501,32,1,0,31,24
2020-06-25,US,Alabama,Fayette,62,1,0,33.72076938,-87.73886638,1057.0,380.3214329530119,1.6129032258064515,61,60,1,0,59,59,16433,2,0,0,2,1
2020-06-25,US,Alabama,Franklin,812,11,0,34.44235334,-87.84289505,1059.0,2589.120591798993,1.354679802955665,801,799,10,0,789,784,31363,13,1,0,12,15
2020-06-25,US,Alabama,Geneva,55,0,0,31.09389027,-85.83572839,1061.0,209.35632446423813,0.0,55,53,0,0,53,51,26314,2,0,0,2,2
2020-06-25,US,Alabama,Greene,160,6,0,32.85504247,-87.95684022,1063.0,1972.629762051535,3.75,154,157,6,0,151,157,8233,3,0,0,3,0
2020-06-25,US,Alabama,Hale,267,19,0,32.76039258,-87.63284988,1065.0,1822.4012012831888,7.116104868913858,248,264,19,0,245,264,14726,3,0,0,3,0
2020-06-25,US,Alabama,Henry,128,4,0,31.51148016,-85.24267944,1067.0,743.9697762278407,3.125,124,123,4,0,119,121,17209,5,0,0,5,2
2020-06-25,US,Alabama,Houston,373,4,0,31.15197924,-85.29939599,1069.0,352.27895204095125,1.0723860589812333,369,372,4,0,368,354,104722,1,0,0,1,18
2020-06-25,US,Alabama,Jackson,178,2,0,34.78144169,-85.99750489,1071.0,344.78751016929453,1.1235955056179776,176,163,3,0,160,159,51736,15,-1,0,16,4
2020-06-25,US,Alabama,Jefferson,3332,130,0,33.55554728,-86.89506300000002,1073.0,505.9423936298634,3.9015606242497003,3202,3187,129,0,3058,3100,659300,145,1,0,144,87
2020-06-25,US,Alabama,Lamar,62,0,0,33.77995024,-88.09668032,1075.0,449.1126403477001,0.0,62,59,0,0,59,57,13844,3,0,0,3,2
2020-06-25,US,Alabama,Lauderdale,332,4,0,34.90171875,-87.65624729,1077.0,358.03254645256607,1.2048192771084338,328,323,4,0,319,306,92387,9,0,0,9,17
2020-06-25,US,Alabama,Lawrence,84,0,0,34.52041498,-87.31069453,1079.0,255.1330336532621,0.0,84,81,0,0,81,77,32957,3,0,0,3,4
2020-06-25,US,Alabama,Lee,1001,36,0,32.60154883,-85.35132246,1081.0,608.3553135369692,3.5964035964035963,965,959,36,0,923,900,163941,42,0,0,42,59
2020-06-25,US,Alabama,Limestone,318,0,0,34.81185586,-86.98310072,1083.0,321.48814638831317,0.0,318,294,0,0,294,283,96174,24,0,0,24,11
2020-06-25,US,Alabama,Lowndes,431,17,0,32.1597283,-86.65158371,1085.0,4431.420933580094,3.94431554524362,414,424,17,0,407,423,9974,7,0,0,7,1
2020-06-25,US,Alabama,Macon,153,7,0,32.38759944,-85.69267724,1087.0,846.8009740978525,4.575163398692809,146,150,7,0,143,147,18439,3,0,0,3,3
2020-06-25,US,Alabama,Madison,818,5,0,34.76327133,-86.55069633,1089.0,219.35646498207336,0.6112469437652812,813,753,6,0,747,727,366519,65,-1,0,66,26
2020-06-25,US,Alabama,Marengo,255,11,0,32.24767634,-87.78796182,1091.0,1351.852833589567,4.313725490196078,244,248,11,0,237,243,19066,7,0,0,7,5
2020-06-25,US,Alabama,Marion,183,12,0,34.13697363,-87.88704173,1093.0,615.974957083712,6.557377049180328,171,179,12,0,167,171,29763,4,0,0,4,8
2020-06-25,US,Alabama,Marshall,1265,9,0,34.36975964,-86.30486727,1095.0,1307.1692810052284,0.7114624505928854,1256,1182,9,0,1173,1140,96109,83,0,0,83,42
2020-06-25,US,Alabama,Mobile,3219,134,0,30.78472347,-88.20842409,1097.0,779.022772924179,4.162783473128301,3085,3164,134,0,3030,3052,413757,55,0,0,55,112
2020-06-25,US,Alabama,Monroe,174,2,0,31.56729412,-87.36995001,1099.0,839.2417884531906,1.1494252873563218,172,171,2,0,169,168,21067,3,0,0,3,3
2020-06-25,US,Alabama,Montgomery,3467,88,0,32.2206831,-86.20969272,1101.0,1530.778944393914,2.538217479088549,3379,3394,87,0,3307,3307,225763,73,1,0,72,87
2020-06-25,US,Alabama,Morgan,859,2,0,34.45500589,-86.85475946,1103.0,717.7533234736252,0.2328288707799767,857,818,2,0,816,775,119089,41,0,0,41,43
2020-06-25,US,Alabama,Perry,102,0,0,32.64048341,-87.29770589,1105.0,1143.1133027008852,0.0,102,96,0,0,96,91,9140,6,0,0,6,5
2020-06-25,US,Alabama,Pickens,178,6,0,33.28094866,-88.08818103,1107.0,893.1259407927748,3.3707865168539324,172,174,6,0,168,171,19938,4,0,0,4,3
2020-06-25,US,Alabama,Pike,378,4,0,31.80396383,-85.9408295,1109.0,1141.5111433230659,1.058201058201058,374,373,4,0,369,366,33338,5,0,0,5,7
2020-06-25,US,Alabama,Randolph,150,9,0,33.29526734,-85.45708831,1111.0,660.1531555320835,6.0,141,147,9,0,138,144,22725,3,0,0,3,3
2020-06-25,US,Alabama,Russell,407,0,0,32.28725256,-85.18415324,1113.0,702.1963044115871,0.0,407,391,0,0,391,378,57781,16,0,0,16,13
2020-06-25,US,Alabama,Shelby,877,23,0,33.26879845,-86.66232561,1117.0,402.84425499076724,2.622576966932725,854,843,23,0,820,811,215707,34,0,0,34,32
2020-06-25,US,Alabama,St. Clair,228,2,0,33.71902176,-86.31029372,1115.0,254.7144516936277,0.8771929824561403,226,219,2,0,217,210,88690,9,0,0,9,9
2020-06-25,US,Alabama,Sumter,271,12,0,32.59117397,-88.19916205,1119.0,2180.7354952925084,4.428044280442805,259,271,12,0,259,269,12691,0,0,0,0,2
2020-06-25,US,Alabama,Talladega,200,6,0,33.37823223,-86.16886178,1121.0,250.0687689114506,3.0,194,193,6,0,187,189,79828,7,0,0,7,4
2020-06-25,US,Alabama,Tallapoosa,534,69,0,32.86698258,-85.79833053,1123.0,1322.862734411772,12.92134831460674,465,524,69,0,455,518,40497,10,0,0,10,6
2020-06-25,US,Alabama,Tuscaloosa,1739,35,0,33.28726072,-87.52556818,1125.0,830.646509517327,2.012650948821161,1704,1665,35,0,1630,1637,208911,74,0,0,74,28
2020-06-25,US,Alabama,Unassigned,453,16,0,0.0,0.0,90001.0,0.0,3.5320088300220753,437,440,12,0,428,427,,13,4,0,9,13
2020-06-25,US,Alabama,Walker,751,12,0,33.80270512,-87.30027177,1127.0,1182.2861730766206,1.5978695073235685,739,731,12,0,719,712,63711,20,0,0,20,19
2020-06-25,US,Alabama,Washington,94,6,0,31.4092794,-88.20689944,1129.0,575.7687124831557,6.382978723404255,88,94,6,0,88,94,16378,0,0,0,0,0
2020-06-25,US,Alabama,Wilcox,261,8,0,31.98773215,-87.30891118,1131.0,2516.1476911211803,3.0651340996168583,253,257,8,0,249,251,10627,4,0,0,4,6
2020-06-25,US,Alabama,Winston,208,2,0,34.15030532,-87.37325922,1133.0,880.2742392822379,0.9615384615384616,206,193,2,0,191,178,23660,15,0,0,15,15
2020-06-25,US,Alaska,Anchorage,381,6,0,61.14998174,-149.14269860000005,2020.0,132.29166666666666,1.5748031496062993,375,373,6,0,367,355,291538,8,0,0,8,18
2020-06-25,US,Alaska,Bethel,8,0,0,60.90980451,-159.8561831,2050.0,43.511367344718806,0.0,8,7,0,0,7,6,18216,1,0,0,1,1
2020-06-25,US,Alaska,Fairbanks North Star,130,2,0,64.80726247,-146.5692662,2090.0,134.2295738727297,1.5384615384615383,128,122,2,0,120,117,98971,8,0,0,8,5
2020-06-25,US,Alaska,Haines,2,0,0,59.09893571,-135.4679843,2100.0,79.05138339920948,0.0,2,2,0,0,2,3,2474,0,0,0,0,-1
2020-06-25,US,Alaska,Juneau,39,0,0,58.45031811,-134.200436,2110.0,121.97410395946709,0.0,39,39,0,0,39,39,32113,0,0,0,0,0
2020-06-25,US,Alaska,Kenai Peninsula,126,2,0,60.24429722,-151.53888840000005,2122.0,214.6215166587177,1.5873015873015872,124,121,2,0,119,120,58533,5,0,0,5,1
2020-06-25,US,Alaska,Ketchikan Gateway,21,0,0,55.57445008,-130.975561,2130.0,151.06826846989426,0.0,21,22,0,0,22,21,13918,-1,0,0,-1,1
2020-06-25,US,Alaska,Kodiak Island,3,0,0,57.65529415,-153.7493579,2150.0,23.08047391906447,0.0,3,3,0,0,3,3,13345,0,0,0,0,0
2020-06-25,US,Alaska,Matanuska-Susitna,63,1,0,62.31305045,-149.5741743,2170.0,58.162615286612436,1.5873015873015872,62,61,1,0,60,57,107610,2,0,0,2,4
2020-06-25,US,Alaska,Nome,6,0,0,64.90320724,-164.0353804,2180.0,59.976009596161525,0.0,6,6,0,0,6,5,10008,0,0,0,0,1
2020-06-25,US,Alaska,North Slope,4,0,0,69.31479216,-153.4836093,2185.0,40.68348250610252,0.0,4,4,0,0,4,4,9872,0,0,0,0,0
2020-06-25,US,Alaska,Northwest Arctic,4,0,0,67.04919196,-159.7503946,2188.0,52.48655032148013,0.0,4,4,0,0,4,4,7671,0,0,0,0,0
2020-06-25,US,Alaska,Petersburg,4,1,0,57.13978948,-132.9540995,2195.0,122.47397428046541,25.0,3,4,1,0,3,4,3221,0,0,0,0,0
2020-06-25,US,Alaska,Prince of Wales-Hyder,2,0,0,55.76261984,-133.0511621,2198.0,32.24246332419797,0.0,2,2,0,0,2,2,6422,0,0,0,0,0
2020-06-25,US,Alaska,Sitka,11,0,0,57.24124555,-135.3206587,2220.0,129.5184269398328,0.0,11,11,0,0,11,11,8647,0,0,0,0,0
2020-06-25,US,Alaska,Southeast Fairbanks,3,0,0,63.87692095,-143.2127643,2240.0,43.52241404323227,0.0,3,3,0,0,3,4,6918,0,0,0,0,-1
2020-06-25,US,Alaska,Valdez-Cordova,1,0,0,61.47502768,-144.7126799,2261.0,10.867202782003913,0.0,1,,,,,,9164,,,,,
2020-06-25,US,Alaska,Wrangell,3,0,0,56.3202004,-132.05837309999998,2275.0,119.90407673860909,0.0,3,3,0,0,3,3,2503,0,0,0,0,0
2020-06-25,US,Alaska,Yukon-Koyukuk,2,0,0,65.50815459,-151.39073869999999,2290.0,38.24091778202677,0.0,2,2,0,0,2,2,5327,0,0,0,0,0
2020-06-25,US,Arizona,Apache,2235,73,0,35.39465006,-109.4892383,4001.0,3109.046141861533,3.2662192393736023,2162,2194,73,0,2121,2165,71818,41,0,0,41,29
2020-06-25,US,Arizona,Cochise,468,6,0,31.87934684,-109.7516088,4003.0,371.65864582836997,1.2820512820512822,462,441,6,0,435,432,126770,27,0,0,27,9
2020-06-25,US,Arizona,Coconino,1676,91,0,35.83883429,-111.77071780000001,4005.0,1168.1396191697565,5.429594272076372,1585,1611,91,0,1520,1595,142854,65,0,0,65,16
2020-06-25,US,Arizona,Gila,216,5,0,33.80190085,-110.8132779,4007.0,399.8667110963012,2.314814814814815,211,201,5,0,196,192,53889,15,0,0,15,9
2020-06-25,US,Arizona,Graham,70,1,0,32.93166885,-109.8882178,4009.0,180.24049231403046,1.4285714285714286,69,71,1,0,70,66,38072,-1,0,0,-1,5
2020-06-25,US,Arizona,Greenlee,17,1,0,33.21498827,-109.2405279,4011.0,178.9850494841019,5.882352941176472,16,16,1,0,15,16,9483,1,0,0,1,0
2020-06-25,US,Arizona,La Paz,299,4,0,33.72854224,-113.98100290000001,4012.0,1416.524540458594,1.3377926421404682,295,289,4,0,285,286,21098,10,0,0,10,3
2020-06-25,US,Arizona,Maricopa,37135,694,0,33.34835867,-112.49181540000001,4013.0,827.9057406963993,1.8688568735694089,36441,34992,690,0,34302,33883,4410824,2143,4,0,2139,1109
2020-06-25,US,Arizona,Mohave,881,80,0,35.70471703,-113.7577902,4015.0,415.2115410899185,9.080590238365494,801,841,78,0,763,813,209550,40,2,0,38,28
2020-06-25,US,Arizona,Navajo,3311,115,0,35.3997715,-110.3218983,4017.0,2984.926616422055,3.4732709151313803,3196,3248,114,0,3134,3166,110445,63,1,0,62,82
2020-06-25,US,Arizona,Pima,6546,272,0,32.0971334,-111.7890033,4019.0,625.0483395542162,4.15520928811488,6274,6318,255,0,6063,6089,1039073,228,17,0,211,229
2020-06-25,US,Arizona,Pinal,2912,58,0,32.90525627,-111.3449483,4021.0,629.2284388781927,1.9917582417582416,2854,2778,55,0,2723,2704,447138,134,3,0,131,74
2020-06-25,US,Arizona,Santa Cruz,1587,14,0,31.52508998,-110.8479088,4023.0,3413.050023656932,0.8821676118462508,1573,1538,14,0,1524,1521,46511,49,0,0,49,17
2020-06-25,US,Arizona,Unassigned,0,1,0,0.0,0.0,90004.0,0.0,0.0,-1,0,1,0,-1,0,,0,0,0,0,0
2020-06-25,US,Arizona,Yavapai,564,7,0,34.59933926,-112.5538588,4025.0,239.8989361928379,1.2411347517730495,557,521,7,0,514,510,231993,43,0,0,43,11
2020-06-25,US,Arizona,Yuma,5364,73,0,32.76895712,-113.90666740000002,4027.0,2509.0393709626874,1.3609246830723338,5291,5131,72,0,5059,4940,212128,233,1,0,232,191
2020-06-25,US,Arkansas,Arkansas,24,0,0,34.29145151,-91.37277296,5001.0,137.25265927027337,0.0,24,22,0,0,22,21,17769,2,0,0,2,1
2020-06-25,US,Arkansas,Ashley,59,1,0,33.19153461,-91.76984709999999,5003.0,300.1475301419342,1.6949152542372878,58,58,1,0,57,57,20046,1,0,0,1,1
2020-06-25,US,Arkansas,Baxter,16,0,0,36.28784385,-92.33782872,5005.0,38.15701612133931,0.0,16,15,0,0,15,15,41619,1,0,0,1,0
2020-06-25,US,Arkansas,Benton,2262,14,0,36.33644656,-94.25680817,5007.0,810.3431599084332,0.618921308576481,2248,2196,14,0,2182,2128,272608,66,0,0,66,68
2020-06-25,US,Arkansas,Boone,19,1,0,36.3084504,-93.09374925,5009.0,50.7587091258816,5.2631578947368425,18,16,1,0,15,14,37480,3,0,0,3,2
2020-06-25,US,Arkansas,Bradley,39,2,0,33.46755808,-92.15980837,5011.0,362.35250394871315,5.128205128205129,37,38,2,0,36,38,10897,1,0,0,1,0
2020-06-25,US,Arkansas,Carroll,149,4,0,36.34038560000001,-93.54270261,5015.0,525.0176180408738,2.684563758389262,145,141,4,0,137,136,28223,8,0,0,8,5
2020-06-25,US,Arkansas,Chicot,108,2,0,33.26458973,-91.29539209,5017.0,1067.4046254200434,1.851851851851852,106,96,2,0,94,93,10438,12,0,0,12,3
2020-06-25,US,Arkansas,Clark,53,0,0,34.04613432,-93.17484713,5019.0,237.4551971326165,0.0,53,54,0,0,54,53,22061,-1,0,0,-1,1
2020-06-25,US,Arkansas,Clay,49,3,0,36.36826212,-90.4148172,5021.0,336.7466153528967,6.1224489795918355,46,49,3,0,46,48,14847,0,0,0,0,1
2020-06-25,US,Arkansas,Cleburne,79,4,0,35.53864922,-92.02640019,5023.0,317.0271680243991,5.063291139240507,75,78,4,0,74,77,24965,1,0,0,1,1
2020-06-25,US,Arkansas,Cleveland,25,0,0,33.89723187,-92.18537045,5025.0,314.228255404726,0.0,25,25,0,0,25,25,8018,0,0,0,0,0
2020-06-25,US,Arkansas,Columbia,72,3,0,33.21230701,-93.22642793,5027.0,306.94462207443405,4.166666666666667,69,72,3,0,69,44,23537,0,0,0,0,28
2020-06-25,US,Arkansas,Conway,39,3,0,35.26205537,-92.70506566,5029.0,187.08625155905207,7.6923076923076925,36,39,3,0,36,36,20891,0,0,0,0,3
2020-06-25,US,Arkansas,Craighead,422,6,0,35.83018283,-90.63235729,5031.0,382.48196352826017,1.4218009478672986,416,415,6,0,409,404,108558,7,0,0,7,11
2020-06-25,US,Arkansas,Crawford,121,0,0,35.58928601,-94.2446814,5033.0,191.28317814629207,0.0,121,112,0,0,112,105,63406,9,0,0,9,7
2020-06-25,US,Arkansas,Crittenden,660,10,0,35.21247318,-90.30839406,5035.0,1376.290272130122,1.5151515151515151,650,621,10,0,611,604,48342,39,0,0,39,17
2020-06-25,US,Arkansas,Cross,84,1,0,35.29631396,-90.77185818,5037.0,511.6024118399415,1.1904761904761905,83,83,1,0,82,83,16676,1,0,0,1,0
2020-06-25,US,Arkansas,Dallas,6,0,0,33.97042763,-92.65167437,5039.0,85.60422314167499,0.0,6,6,0,0,6,6,7182,0,0,0,0,0
2020-06-25,US,Arkansas,Desha,40,0,0,33.83011025,-91.25500948,5041.0,352.0816829504445,0.0,40,37,0,0,37,29,11512,3,0,0,3,8
2020-06-25,US,Arkansas,Drew,44,1,0,33.59035001,-91.71777921,5043.0,241.50611998463143,2.272727272727273,43,41,1,0,40,39,18328,3,0,0,3,2
2020-06-25,US,Arkansas,Faulkner,350,3,0,35.14719007,-92.33717519,5045.0,277.76234653630354,0.8571428571428571,347,339,3,0,336,305,124806,11,0,0,11,34
2020-06-25,US,Arkansas,Franklin,15,0,0,35.51202821,-93.89299569,5047.0,84.67400508044031,0.0,15,13,0,0,13,13,17810,2,0,0,2,0
2020-06-25,US,Arkansas,Fulton,9,0,0,36.38177105,-91.81729127,5049.0,72.1327242125511,0.0,9,10,0,0,10,10,12269,-1,0,0,-1,0
2020-06-25,US,Arkansas,Garland,205,1,0,34.57692074,-93.14921604,5051.0,206.26647616364482,0.4878048780487805,204,191,1,0,190,183,99154,14,0,0,14,8
2020-06-25,US,Arkansas,Grant,30,0,0,34.29017991,-92.42320562,5053.0,164.24856282507528,0.0,30,28,0,0,28,28,18188,2,0,0,2,0
2020-06-25,US,Arkansas,Greene,102,0,0,36.11735460000001,-90.55832668,5055.0,225.04136789851074,0.0,102,99,0,0,99,97,45325,3,0,0,3,2
2020-06-25,US,Arkansas,Hempstead,46,1,0,33.73325583,-93.66935133,5057.0,213.63551922719674,2.1739130434782608,45,46,1,0,45,46,21741,0,0,0,0,0
2020-06-25,US,Arkansas,Hot Spring,396,0,0,34.31709259,-92.95396325,5059.0,1172.603713245092,0.0,396,396,0,0,396,226,33701,0,0,0,0,170
2020-06-25,US,Arkansas,Howard,73,0,0,34.09007427,-93.9934871,5061.0,552.9465232540524,0.0,73,70,0,0,70,70,13341,3,0,0,3,0
2020-06-25,US,Arkansas,Independence,49,0,0,35.74242707,-91.57001641,5063.0,129.54395241242563,0.0,49,48,0,0,48,46,37678,1,0,0,1,2
2020-06-25,US,Arkansas,Izard,20,1,0,36.09604046,-91.90847954,5065.0,146.74590945777388,5.0,19,20,1,0,19,20,13593,0,0,0,0,0
2020-06-25,US,Arkansas,Jackson,26,0,0,35.59802983,-91.21494602,5067.0,155.5116932830911,0.0,26,25,0,0,25,24,16811,1,0,0,1,1
2020-06-25,US,Arkansas,Jefferson,663,28,0,34.26767081,-91.92619839,5069.0,992.1585059260145,4.223227752639517,635,661,28,0,633,657,68114,2,0,0,2,4
2020-06-25,US,Arkansas,Johnson,175,0,0,35.56759135,-93.46036368,5071.0,658.4393107081045,0.0,175,166,0,0,166,166,26742,9,0,0,9,0
2020-06-25,US,Arkansas,Lafayette,14,1,0,33.24116713,-93.60677071,5073.0,211.35265700483086,7.142857142857142,13,14,1,0,13,13,6682,0,0,0,0,1
2020-06-25,US,Arkansas,Lawrence,98,9,0,36.04188196,-91.10867198,5075.0,597.3424356942581,9.183673469387756,89,98,9,0,89,96,16434,0,0,0,0,2
2020-06-25,US,Arkansas,Lee,626,1,0,34.78498904,-90.78383866,5077.0,7067.855933160213,0.1597444089456869,625,621,1,0,620,621,8985,5,0,0,5,0
2020-06-25,US,Arkansas,Lincoln,1036,11,0,33.95317155,-91.74002806,5079.0,7954.545454545455,1.061776061776062,1025,1036,11,0,1025,1036,13383,0,0,0,0,0
2020-06-25,US,Arkansas,Little River,37,0,0,33.70375665,-94.23468591,5081.0,301.81907170242266,0.0,37,37,0,0,37,36,12326,0,0,0,0,1
2020-06-25,US,Arkansas,Logan,36,0,0,35.21413234,-93.71951016,5083.0,167.70707164818782,0.0,36,36,0,0,36,34,21737,0,0,0,0,2
2020-06-25,US,Arkansas,Lonoke,123,0,0,34.75392199,-91.88742357,5085.0,167.78294615940743,0.0,123,96,0,0,96,91,73657,27,0,0,27,5
2020-06-25,US,Arkansas,Madison,168,0,0,36.01038185,-93.72524943,5087.0,1013.5135135135137,0.0,168,163,0,0,163,162,16481,5,0,0,5,1
2020-06-25,US,Arkansas,Marion,3,0,0,36.26844485,-92.68451899,5089.0,17.970528333533007,0.0,3,2,0,0,2,2,16722,1,0,0,1,0
2020-06-25,US,Arkansas,Miller,98,2,0,33.31403423,-93.89285258,5091.0,226.55292784982777,2.0408163265306123,96,97,2,0,95,94,43592,1,0,0,1,3
2020-06-25,US,Arkansas,Mississippi,128,3,0,35.76271485,-90.05194370000002,5093.0,314.8754028191188,2.34375,125,128,3,0,125,121,41239,0,0,0,0,7
2020-06-25,US,Arkansas,Monroe,8,0,0,34.6815935,-91.20540287,5095.0,119.38516639307565,0.0,8,8,0,0,8,8,6900,0,0,0,0,0
2020-06-25,US,Arkansas,Montgomery,4,0,0,34.53704874,-93.65824478,5097.0,44.5136879590474,0.0,4,2,0,0,2,2,8924,2,0,0,2,0
2020-06-25,US,Arkansas,Nevada,95,2,0,33.66340119,-93.30632432,5099.0,1151.2360639844885,2.1052631578947367,93,95,2,0,93,95,8326,0,0,0,0,0
2020-06-25,US,Arkansas,Newton,4,0,0,35.91947491,-93.21612969,5101.0,51.59293176834774,0.0,4,4,0,0,4,4,7805,0,0,0,0,0
2020-06-25,US,Arkansas,Ouachita,18,0,0,33.58839816,-92.87795984,5103.0,76.98229407236336,0.0,18,18,0,0,18,17,23606,0,0,0,0,1
2020-06-25,US,Arkansas,Perry,23,0,0,34.945915299999996,-92.94372564,5105.0,219.9904351984696,0.0,23,22,0,0,22,21,10352,1,0,0,1,1
2020-06-25,US,Arkansas,Phillips,104,3,0,34.43268455,-90.84800154,5107.0,584.8610954898212,2.8846153846153846,101,91,3,0,88,90,18029,13,0,0,13,1
2020-06-25,US,Arkansas,Pike,8,0,0,34.16250414,-93.65789349,5109.0,74.64079119238664,0.0,8,7,0,0,7,7,10673,1,0,0,1,0
2020-06-25,US,Arkansas,Poinsett,55,3,0,35.57433534,-90.66268713,5111.0,233.76402584155048,5.454545454545454,52,53,3,0,50,53,23974,2,0,0,2,0
2020-06-25,US,Arkansas,Polk,69,0,0,34.48254879,-94.22728802,5113.0,345.62211981566816,0.0,69,69,0,0,69,67,20049,0,0,0,0,2
2020-06-25,US,Arkansas,Pope,370,3,0,35.44871474,-93.03212219,5115.0,577.4753402422275,0.8108108108108109,367,363,3,0,360,349,64000,7,0,0,7,14
2020-06-25,US,Arkansas,Prairie,19,0,0,34.83624419,-91.55162157,5117.0,235.6735301414041,0.0,19,18,0,0,18,16,8074,1,0,0,1,2
2020-06-25,US,Arkansas,Pulaski,1655,53,0,34.77054088,-92.31355101,5119.0,422.2897545616224,3.2024169184290026,1602,1607,53,0,1554,1556,392680,48,0,0,48,51
2020-06-25,US,Arkansas,Randolph,40,1,0,36.3415714,-91.02455531,5121.0,222.7419534469317,2.5,39,39,1,0,38,39,17948,1,0,0,1,0
2020-06-25,US,Arkansas,Saline,225,2,0,34.64916145,-92.67583224,5125.0,183.76797863390968,0.8888888888888888,223,217,2,0,215,211,121421,8,0,0,8,6
2020-06-25,US,Arkansas,Scott,8,0,0,34.85588887,-94.0632176,5127.0,77.81344227215251,0.0,8,8,0,0,8,8,10319,0,0,0,0,0
2020-06-25,US,Arkansas,Searcy,7,0,0,35.9109364,-92.69936482,5129.0,88.82121558177894,0.0,7,7,0,0,7,7,7958,0,0,0,0,0
2020-06-25,US,Arkansas,Sebastian,324,2,0,35.19605503,-94.27162713,5131.0,253.46757727240725,0.6172839506172839,322,298,2,0,296,258,127753,26,0,0,26,40
2020-06-25,US,Arkansas,Sevier,617,6,0,33.99780401,-94.2424869,5133.0,3627.917916152173,0.9724473257698542,611,614,6,0,608,606,17139,3,0,0,3,8
2020-06-25,US,Arkansas,Sharp,53,4,0,36.16258158,-91.47819342,5135.0,303.8642357527806,7.547169811320754,49,52,4,0,48,51,17366,1,0,0,1,1
2020-06-25,US,Arkansas,St. Francis,801,3,0,35.02201976,-90.74828138,5123.0,3204.7691445947025,0.3745318352059925,798,795,3,0,792,793,25439,6,0,0,6,2
2020-06-25,US,Arkansas,Stone,13,0,0,35.86251946,-92.15684085,5137.0,103.95010395010395,0.0,13,13,0,0,13,13,12457,0,0,0,0,0
2020-06-25,US,Arkansas,Unassigned,935,0,0,0.0,0.0,90005.0,0.0,0.0,935,731,0,0,731,683,,204,0,0,204,48
2020-06-25,US,Arkansas,Union,237,13,0,33.16887091,-92.59746952,5139.0,612.6880719714596,5.485232067510547,224,232,13,0,219,232,39126,5,0,0,5,0
2020-06-25,US,Arkansas,Van Buren,30,2,0,35.58095779,-92.51295036,5141.0,181.3236627379873,6.666666666666668,28,30,2,0,28,30,16603,0,0,0,0,0
2020-06-25,US,Arkansas,Washington,2880,23,0,35.976844,-94.21800746,5143.0,1204.0788169925622,0.7986111111111112,2857,2767,23,0,2744,2680,236961,113,0,0,113,87
2020-06-25,US,Arkansas,White,79,1,0,35.25688493,-91.74908296,5145.0,100.3136388455043,1.2658227848101269,78,80,1,0,79,76,78727,-1,0,0,-1,4
2020-06-25,US,Arkansas,Woodruff,6,0,0,35.18902527,-91.2439489,5147.0,94.93670886075951,0.0,6,6,0,0,6,6,6490,0,0,0,0,0
2020-06-25,US,Arkansas,Yell,479,3,0,35.00292371,-93.41171338,5149.0,2244.505880699124,0.6263048016701461,476,475,3,0,472,448,21535,4,0,0,4,27
2020-06-25,US,California,Alameda,5382,128,0,37.64629437,-121.8929271,6001.0,322.0191835359765,2.378298030471944,5254,5275,122,0,5153,5267,1666753,107,6,0,101,8
2020-06-25,US,California,Alpine,2,0,0,38.59678594,-119.82235940000001,6003.0,177.14791851195747,0.0,2,2,0,0,2,2,1101,0,0,0,0,0
2020-06-25,US,California,Amador,20,0,0,38.44583082,-120.65696000000001,6005.0,50.311933990742595,0.0,20,19,0,0,19,16,39383,1,0,0,1,3
2020-06-25,US,California,Butte,133,2,0,39.66727762,-121.6005252,6007.0,60.679057969030865,1.5037593984962403,131,127,1,0,126,119,231256,6,1,0,5,8
2020-06-25,US,California,Calaveras,29,0,0,38.20537103,-120.55291299999999,6009.0,63.17394619322515,0.0,29,29,0,0,29,29,45602,0,0,0,0,0
2020-06-25,US,California,Colusa,16,0,0,39.17881957,-122.2331726,6011.0,74.25627697591312,0.0,16,14,0,0,14,11,21627,2,0,0,2,3
2020-06-25,US,California,Contra Costa,2576,72,0,37.91923498,-121.9289527,6013.0,223.31529588409802,2.7950310559006213,2504,2523,67,0,2456,2454,1150215,53,5,0,48,69
2020-06-25,US,California,Del Norte,49,1,0,41.74228275,-123.89740630000001,6015.0,176.18294261469867,2.0408163265306123,48,49,1,0,48,49,27828,0,0,0,0,0
2020-06-25,US,California,El Dorado,158,0,0,38.77965956,-120.5233166,6017.0,81.93193426777223,0.0,158,153,0,0,153,150,190678,5,0,0,5,3
2020-06-25,US,California,Fresno,4053,71,0,36.75733899,-119.6466953,6019.0,405.66469255861017,1.7517887984209228,3982,3892,71,0,3821,3672,994400,161,0,0,161,220
2020-06-25,US,California,Glenn,87,0,0,39.59875897,-122.3938452,6021.0,306.4135526362131,0.0,87,74,0,0,74,66,28047,13,0,0,13,8
2020-06-25,US,California,Humboldt,127,4,0,40.69923009,-123.876044,6023.0,93.68683515543164,3.1496062992125986,123,122,4,0,118,113,136373,5,0,0,5,9
2020-06-25,US,California,Imperial,5744,73,0,33.0393082,-115.36690420000001,6025.0,3169.715531275005,1.2708913649025069,5671,5549,70,0,5479,5270,181827,195,3,0,192,279
2020-06-25,US,California,Inyo,27,1,0,36.51112084,-117.41119779999998,6027.0,149.67570264427076,3.703703703703704,26,27,1,0,26,27,17987,0,0,0,0,0
2020-06-25,US,California,Kern,4182,64,0,35.34329425,-118.72777959999999,6029.0,464.56239821728894,1.530368244858919,4118,4108,63,0,4045,4049,896764,74,1,0,73,59
2020-06-25,US,California,Kings,2284,21,0,36.07409056,-119.8159973,6031.0,1493.3961030469463,0.9194395796847636,2263,2234,20,0,2214,2158,151366,50,1,0,49,76
2020-06-25,US,California,Lake,42,0,0,39.10124298,-122.75362439999999,6033.0,65.23157208088715,0.0,42,41,0,0,41,41,64382,1,0,0,1,0
2020-06-25,US,California,Lassen,89,0,0,40.67311306,-120.59350990000002,6035.0,291.10653190723843,0.0,89,15,0,0,15,15,30802,74,0,0,74,0
2020-06-25,US,California,Los Angeles,91577,3247,0,34.30828379,-118.22824109999999,6037.0,912.2026491001641,3.5456501086517362,88330,89633,3207,0,86426,88512,10105518,1944,40,0,1904,1121
2020-06-25,US,California,Madera,383,5,0,37.21513971,-119.76655890000002,6039.0,243.44200296198363,1.3054830287206267,378,370,5,0,365,359,157672,13,0,0,13,11
2020-06-25,US,California,Marin,1573,18,0,38.07122463,-122.72106310000001,6041.0,607.7441988053749,1.1443102352193262,1555,1470,18,0,1452,1349,259666,103,0,0,103,121
2020-06-25,US,California,Mariposa,22,1,0,37.57978556,-119.9073334,6043.0,127.88467127826542,4.545454545454546,21,21,1,0,20,21,17471,1,0,0,1,0
2020-06-25,US,California,Mendocino,74,0,0,39.4381191,-123.39113130000001,6045.0,85.30357698647823,0.0,74,72,0,0,72,62,87606,2,0,0,2,10
2020-06-25,US,California,Merced,791,11,0,37.18922369,-120.72090349999999,6047.0,284.860270815327,1.390644753476612,780,741,10,0,731,710,274765,50,1,0,49,31
2020-06-25,US,California,Mono,40,1,0,37.93899289,-118.8872409,6051.0,276.93159789531984,2.5,39,40,1,0,39,40,14250,0,0,0,0,0
2020-06-25,US,California,Monterey,1416,12,0,36.21862405,-121.24133970000001,6053.0,326.2214297068845,0.8474576271186439,1404,1397,12,0,1385,1341,435594,19,0,0,19,56
2020-06-25,US,California,Napa,258,4,0,38.50735751,-122.33283899999999,6055.0,187.3039842025787,1.5503875968992251,254,251,4,0,247,239,139417,7,0,0,7,12
2020-06-25,US,California,Nevada,101,1,0,39.30394768,-120.76272809999999,6057.0,101.2480577414666,0.99009900990099,100,92,1,0,91,92,99696,9,0,0,9,0
2020-06-25,US,California,Orange,11511,306,0,33.70147516,-117.76459979999998,6059.0,362.4721792919465,2.6583268178264268,11205,11016,299,0,10717,10737,3185968,495,7,0,488,279
2020-06-25,US,California,Placer,579,10,0,39.06167234,-120.72405690000001,6061.0,145.3572298276048,1.7271157167530224,569,556,10,0,546,534,393149,23,0,0,23,22
2020-06-25,US,California,Plumas,7,0,0,40.00355989,-120.8395236,6063.0,37.22018397405221,0.0,7,7,0,0,7,6,18804,0,0,0,0,1
2020-06-25,US,California,Riverside,15142,435,0,33.74314981,-115.9933578,6065.0,612.9009538782116,2.8728041209879804,14707,14905,432,0,14473,14431,2450758,237,3,0,234,474
2020-06-25,US,California,Sacramento,2512,66,0,38.45106826,-121.34253740000001,6067.0,161.8496215991928,2.6273885350318467,2446,2440,66,0,2374,2374,1540975,72,0,0,72,66
2020-06-25,US,California,San Benito,194,2,0,36.60308176,-121.069975,6069.0,308.8778499554197,1.0309278350515465,192,191,2,0,189,185,61537,3,0,0,3,6
2020-06-25,US,California,San Bernardino,10769,248,0,34.84060306,-116.1774685,6071.0,493.9715653288748,2.3029064908533754,10521,10407,245,0,10162,10010,2171603,362,3,0,359,397
2020-06-25,US,California,San Diego,11961,352,0,33.03484597,-116.73653259999999,6073.0,358.2929189145471,2.9428977510241623,11609,11626,347,0,11279,11294,3343364,335,5,0,330,332
2020-06-25,US,California,San Francisco,3297,48,0,37.75215114,-122.43856720000001,6075.0,374.00076456328577,1.4558689717925386,3249,3249,48,0,3201,3219,883305,48,0,0,48,30
2020-06-25,US,California,San Joaquin,2884,49,0,37.93433732,-121.2730061,6077.0,378.40419446091835,1.699029126213592,2835,2742,49,0,2693,2560,752660,142,0,0,142,182
2020-06-25,US,California,San Luis Obispo,489,1,0,35.38822029,-120.4039028,6079.0,172.72377265454185,0.20449897750511248,488,473,1,0,472,453,284010,16,0,0,16,20
2020-06-25,US,California,San Mateo,2996,104,0,37.422880799999994,-122.32755459999998,6081.0,390.8303579698215,3.4712950600801067,2892,2961,104,0,2857,2901,769545,35,0,0,35,60
2020-06-25,US,California,Santa Barbara,2631,28,0,34.65329488,-120.0188492,6083.0,589.2510397559681,1.064234131508932,2603,2590,27,0,2563,2509,446527,41,1,0,40,81
2020-06-25,US,California,Santa Clara,3888,155,0,37.23104908,-121.6970462,6085.0,201.67523233111257,3.986625514403292,3733,3832,154,0,3678,3727,1937570,56,1,0,55,105
2020-06-25,US,California,Santa Cruz,337,3,0,37.05580291,-122.0066524,6087.0,123.3469856851614,0.8902077151335311,334,330,2,0,328,322,274255,7,1,0,6,8
2020-06-25,US,California,Shasta,96,4,0,40.76391419,-122.0396884,6089.0,53.309640159928925,4.166666666666667,92,92,4,0,88,88,180040,4,0,0,4,4
2020-06-25,US,California,Sierra,1,0,0,39.57713498,-120.52007009999998,6091.0,33.277870216306155,0.0,1,1,0,0,1,1,2987,0,0,0,0,0
2020-06-25,US,California,Siskiyou,26,0,0,41.59198861,-122.54074340000001,6093.0,59.71657594340706,0.0,26,26,0,0,26,25,43724,0,0,0,0,1
2020-06-25,US,California,Solano,1094,23,0,38.26827353,-121.9357113,6095.0,244.3911777912309,2.1023765996343693,1071,1064,23,0,1041,1020,446610,30,0,0,30,44
2020-06-25,US,California,Sonoma,974,5,0,38.52746429,-122.88625060000001,6097.0,197.0319782496116,0.5133470225872689,969,956,5,0,951,935,499942,18,0,0,18,21
2020-06-25,US,California,Stanislaus,1871,38,0,37.55862499,-120.9970722,6099.0,339.7740892746885,2.0309994655264565,1833,1789,38,0,1751,1714,549815,82,0,0,82,75
2020-06-25,US,California,Sutter,140,3,0,39.03417539,-121.6945899,6101.0,144.37305998700643,2.142857142857143,137,127,3,0,124,125,96807,13,0,0,13,2
2020-06-25,US,California,Tehama,62,1,0,40.12570935,-122.23701709999999,6103.0,95.26150820478149,1.6129032258064515,61,59,1,0,58,54,63916,3,0,0,3,5
2020-06-25,US,California,Trinity,2,0,0,40.64917670000001,-123.114713,6105.0,16.28001628001628,0.0,2,2,0,0,2,2,12535,0,0,0,0,0
2020-06-25,US,California,Tulare,3646,119,0,36.22026558,-118.8020203,6107.0,782.0761698430914,3.2638507953922105,3527,3533,118,0,3415,3434,465861,113,1,0,112,99
2020-06-25,US,California,Tuolumne,22,0,0,38.02644018,-119.95250929999999,6109.0,40.38327398215794,0.0,22,15,0,0,15,14,54539,7,0,0,7,1
2020-06-25,US,California,Ventura,2287,44,0,34.44465746,-119.09106129999999,6111.0,270.3290520398201,1.9239177962396152,2243,2161,43,0,2118,2161,850967,126,1,0,125,0
2020-06-25,US,California,Yolo,408,24,0,38.68278902,-121.90182879999999,6113.0,185.03401360544217,5.882352941176472,384,386,24,0,362,366,220408,22,0,0,22,20
2020-06-25,US,California,Yuba,51,1,0,39.26255932,-121.35356440000001,6115.0,64.82940967102253,1.96078431372549,50,49,1,0,48,43,78041,2,0,0,2,6
2020-06-25,US,Colorado,Adams,4013,154,0,39.87432092,-104.3362578,8001.0,775.577334510969,3.8375280338898583,3859,3971,154,0,3817,3941,511868,42,0,0,42,30
2020-06-25,US,Colorado,Alamosa,178,3,0,37.57250606,-105.7885451,8003.0,1096.5317562988973,1.6853932584269662,175,177,3,0,174,175,16683,1,0,0,1,2
2020-06-25,US,Colorado,Arapahoe,5066,342,0,39.64977461,-104.3353617,8005.0,771.5621620798368,6.750888274772996,4724,5022,342,0,4680,4993,651215,44,0,0,44,29
2020-06-25,US,Colorado,Archuleta,8,0,0,37.19474156,-107.0476867,8007.0,57.02473447858009,0.0,8,8,0,0,8,9,13765,0,0,0,0,-1
2020-06-25,US,Colorado,Baca,13,0,0,37.31940883,-102.5603223,8009.0,363.02708740575264,0.0,13,12,0,0,12,12,3585,1,0,0,1,0
2020-06-25,US,Colorado,Bent,4,0,0,37.95474293,-103.0720195,8011.0,71.72314864622557,0.0,4,4,0,0,4,4,5882,0,0,0,0,0
2020-06-25,US,Colorado,Boulder,1321,71,0,40.09313619,-105.3546767,8013.0,404.97124428257865,5.374716124148374,1250,1305,71,0,1234,1282,326078,16,0,0,16,23
2020-06-25,US,Colorado,Broomfield,287,29,0,39.95998787,-105.0566324,8014.0,407.29440147591004,10.104529616724738,258,284,29,0,255,282,69267,3,0,0,3,2
2020-06-25,US,Colorado,Chaffee,78,20,0,38.74745778,-106.19265729999998,8015.0,383.1794065631754,25.64102564102564,58,78,20,0,58,78,20027,0,0,0,0,0
2020-06-25,US,Colorado,Cheyenne,5,0,0,38.82777431,-102.6032558,8017.0,273.07482250136536,0.0,5,5,0,0,5,5,1876,0,0,0,0,0
2020-06-25,US,Colorado,Clear Creek,18,1,0,39.68864463,-105.6463118,8019.0,185.56701030927837,5.5555555555555545,17,18,1,0,17,18,9605,0,0,0,0,0
2020-06-25,US,Colorado,Conejos,12,0,0,37.201606,-106.19174879999998,8021.0,146.25228519195613,0.0,12,12,0,0,12,12,8200,0,0,0,0,0
2020-06-25,US,Colorado,Costilla,20,0,0,37.27732493,-105.4276548,8023.0,514.5356315924878,0.0,20,18,0,0,18,18,3828,2,0,0,2,0
2020-06-25,US,Colorado,Crowley,69,1,0,38.32608609,-103.7844965,8025.0,1138.4260023098498,1.4492753623188406,68,69,1,0,68,69,5858,0,0,0,0,0
2020-06-25,US,Colorado,Custer,2,0,0,38.10883162,-105.3683478,8027.0,39.463299131807425,0.0,2,2,0,0,2,2,4954,0,0,0,0,0
2020-06-25,US,Colorado,Delta,81,1,0,38.86246243,-107.8631342,8029.0,259.9319684230794,1.2345679012345678,80,81,1,0,80,80,30953,0,0,0,0,1
2020-06-25,US,Colorado,Denver,6835,369,0,39.76018276,-104.8725695,8031.0,939.8922733567013,5.398683247988296,6466,6775,369,0,6406,6700,716492,60,0,0,60,75
2020-06-25,US,Colorado,Douglas,895,52,0,39.33133796,-104.930001,8035.0,254.87392995665718,5.810055865921787,843,873,52,0,821,869,342776,22,0,0,22,4
2020-06-25,US,Colorado,Eagle,670,8,0,39.62754308,-106.6933637,8037.0,1215.3754058809657,1.1940298507462686,662,665,8,0,657,660,54993,5,0,0,5,5
2020-06-25,US,Colorado,El Paso,2220,121,0,38.83240149,-104.5251411,8041.0,308.1608488582085,5.45045045045045,2099,2173,120,0,2053,2139,713856,47,1,0,46,34
2020-06-25,US,Colorado,Elbert,55,2,0,39.28656773,-104.1358721,8039.0,205.76901492760675,3.636363636363636,53,54,2,0,52,54,26282,1,0,0,1,0
2020-06-25,US,Colorado,Fremont,32,0,0,38.47362326,-105.4399667,8043.0,66.89103033090157,0.0,32,31,0,0,31,31,48021,1,0,0,1,0
2020-06-25,US,Colorado,Garfield,252,2,0,39.59921777,-107.902708,8045.0,419.573433675763,0.7936507936507936,250,243,2,0,241,236,59770,9,0,0,9,7
2020-06-25,US,Colorado,Gilpin,7,0,0,39.85646523,-105.5252597,8047.0,112.12558065032835,0.0,7,6,0,0,6,6,6121,1,0,0,1,0
2020-06-25,US,Colorado,Grand,18,0,0,40.10603347,-106.1178042,8049.0,114.40193212152029,0.0,18,18,0,0,18,18,15525,0,0,0,0,0
2020-06-25,US,Colorado,Gunnison,186,6,0,38.66611652,-107.0320729,8051.0,1065.170083610125,3.2258064516129035,180,186,6,0,180,184,17246,0,0,0,0,2
2020-06-25,US,Colorado,Hinsdale,3,0,0,37.82247444,-107.3004345,8053.0,365.8536585365854,0.0,3,3,0,0,3,3,811,0,0,0,0,0
2020-06-25,US,Colorado,Huerfano,4,0,0,37.68473101,-104.9612585,8055.0,57.99623024503408,0.0,4,4,0,0,4,4,6889,0,0,0,0,0
2020-06-25,US,Colorado,Jackson,1,0,0,40.66593870000001,-106.3408905,8057.0,71.83908045977013,0.0,1,,,,,,1399,,,,,
2020-06-25,US,Colorado,Jefferson,2594,207,0,39.58635604,-105.2517692,8059.0,445.0308038862135,7.979953739398612,2387,2569,207,0,2362,2555,580233,25,0,0,25,14
2020-06-25,US,Colorado,Kit Carson,31,3,0,39.30497777,-102.6022199,8063.0,436.80428350007037,9.677419354838712,28,31,3,0,28,31,7163,0,0,0,0,0
2020-06-25,US,Colorado,La Plata,90,1,0,37.28632032,-107.8429014,8067.0,160.0825314384305,1.1111111111111112,89,89,1,0,88,88,56310,1,0,0,1,1
2020-06-25,US,Colorado,Lake,50,0,0,39.20278823,-106.3555697,8065.0,615.2331733727083,0.0,50,48,0,0,48,48,7824,2,0,0,2,0
2020-06-25,US,Colorado,Larimer,692,29,0,40.66671597,-105.4625784,8069.0,193.8923897237033,4.190751445086705,663,686,29,0,657,683,350518,6,0,0,6,3
2020-06-25,US,Colorado,Las Animas,7,0,0,37.3153406,-104.0376458,8071.0,48.25589411278092,0.0,7,8,0,0,8,7,14503,-1,0,0,-1,1
2020-06-25,US,Colorado,Lincoln,4,0,0,38.98749519,-103.5136649,8073.0,70.1631292755657,0.0,4,4,0,0,4,4,5610,0,0,0,0,0
2020-06-25,US,Colorado,Logan,635,5,0,40.7249637,-103.110817,8075.0,2833.682895265295,0.7874015748031497,630,635,5,0,630,635,21528,0,0,0,0,0
2020-06-25,US,Colorado,Mesa,87,0,0,39.01787888,-108.469799,8077.0,56.41657480059659,0.0,87,85,0,0,85,85,153207,2,0,0,2,0
2020-06-25,US,Colorado,Mineral,5,0,0,37.66954283,-106.9281698,8079.0,650.1950585175553,0.0,5,3,0,0,3,3,776,2,0,0,2,0
2020-06-25,US,Colorado,Moffat,9,0,0,40.61810999,-108.2070876,8081.0,67.75577806218476,0.0,9,9,0,0,9,9,13188,0,0,0,0,0
2020-06-25,US,Colorado,Montezuma,69,3,0,37.33859579,-108.5958857,8083.0,263.5297712256044,4.3478260869565215,66,68,3,0,65,68,26158,1,0,0,1,0
2020-06-25,US,Colorado,Montrose,202,12,0,38.40214114,-108.26390220000002,8085.0,472.42621263857063,5.9405940594059405,190,201,12,0,189,201,42214,1,0,0,1,0
2020-06-25,US,Colorado,Morgan,649,46,0,40.26279810000001,-103.8093302,8087.0,2232.6957479014723,7.0878274268104775,603,649,46,0,603,649,28558,0,0,0,0,0
2020-06-25,US,Colorado,Otero,22,1,0,37.9014485,-103.7173385,8089.0,120.3632782580151,4.545454545454546,21,22,1,0,21,22,18432,0,0,0,0,0
2020-06-25,US,Colorado,Ouray,10,1,0,38.14717457,-107.7675136,8091.0,201.93861066235863,10.0,9,10,1,0,9,10,4833,0,0,0,0,0
2020-06-25,US,Colorado,Park,27,0,0,39.120926,-105.7182065,8093.0,143.27407800477582,0.0,27,27,0,0,27,26,18556,0,0,0,0,1
2020-06-25,US,Colorado,Phillips,15,0,0,40.59414277,-102.3577703,8095.0,351.6998827667058,0.0,15,15,0,0,15,15,4286,0,0,0,0,0
2020-06-25,US,Colorado,Pitkin,91,2,0,39.21720112,-106.9310027,8097.0,512.1855124669331,2.1978021978021984,89,86,2,0,84,85,17950,5,0,0,5,1
2020-06-25,US,Colorado,Prowers,17,0,0,37.95544985,-102.3926052,8099.0,139.66480446927375,0.0,17,16,0,0,16,16,12164,1,0,0,1,0
2020-06-25,US,Colorado,Pueblo,369,26,0,38.17359144,-104.5127437,8101.0,219.08991592647132,7.046070460704608,343,368,26,0,342,358,167529,1,0,0,1,10
2020-06-25,US,Colorado,Rio Blanco,3,0,0,39.97913541,-108.2179009,8103.0,47.43833017077799,0.0,3,2,0,0,2,2,6336,1,0,0,1,0
2020-06-25,US,Colorado,Rio Grande,70,2,0,37.5836865,-106.3847838,8105.0,621.2833939824266,2.8571428571428568,68,67,1,0,66,66,11250,3,1,0,2,1
2020-06-25,US,Colorado,Routt,69,6,0,40.48596505,-106.9905548,8107.0,269.1317575473906,8.695652173913043,63,67,6,0,61,67,25733,2,0,0,2,0
2020-06-25,US,Colorado,Saguache,100,2,0,38.08054629,-106.282466,8109.0,1465.4161781946073,2.0,98,99,2,0,97,99,6843,1,0,0,1,0
2020-06-25,US,Colorado,San Juan,1,0,0,37.76248981,-107.67632890000002,8111.0,137.36263736263737,0.0,1,1,0,0,1,1,762,0,0,0,0,0
2020-06-25,US,Colorado,San Miguel,34,0,0,38.00450883,-108.4020725,8113.0,415.69874067734435,0.0,34,32,0,0,32,32,8191,2,0,0,2,0
2020-06-25,US,Colorado,Summit,265,3,0,39.63803232,-106.1150762,8117.0,854.5354874076941,1.1320754716981132,262,264,3,0,261,264,31007,1,0,0,1,0
2020-06-25,US,Colorado,Teller,41,2,0,38.88133511,-105.1614893,8119.0,161.49361903261382,4.878048780487805,39,40,2,0,38,40,25083,1,0,0,1,0
2020-06-25,US,Colorado,Washington,44,0,0,39.97015535,-103.202587,8121.0,896.4955175224122,0.0,44,44,0,0,44,44,4909,0,0,0,0,0
2020-06-25,US,Colorado,Weld,2757,136,0,40.55499405,-104.3929621,8123.0,849.6357383232869,4.932898077620601,2621,2746,136,0,2610,2730,314305,11,0,0,11,16
2020-06-25,US,Colorado,Yuma,51,0,0,40.00346839,-102.4258673,8125.0,509.0328376085438,0.0,51,51,0,0,51,50,10020,0,0,0,0,1
2020-06-25,US,Connecticut,Fairfield,16547,1373,0,41.26809896,-73.3881171,9001.0,1754.1014192246207,8.297576599987913,15174,16527,1370,0,15157,16522,943823,20,3,0,17,5
2020-06-25,US,Connecticut,Hartford,11483,1362,0,41.80283011,-72.73103891,9003.0,1287.73606064684,11.861011930680135,10121,11450,1356,0,10094,11443,892697,33,6,0,27,7
2020-06-25,US,Connecticut,Litchfield,1469,136,0,41.7937534,-73.2451475,9005.0,814.6040935380657,9.257998638529614,1333,1469,136,0,1333,1469,181111,0,0,0,0,0
2020-06-25,US,Connecticut,Middlesex,1277,179,0,41.45949668,-72.53714864,9007.0,786.1557782757518,14.017227877838685,1098,1273,179,0,1094,1272,162682,4,0,0,4,1
2020-06-25,US,Connecticut,New Haven,12245,1068,0,41.408032500000004,-72.93620426,9009.0,1432.5708944179455,8.721927317272359,11177,12227,1066,0,11161,12225,857620,18,2,0,16,2
2020-06-25,US,Connecticut,New London,1219,102,0,41.48896435,-72.10430976,9011.0,459.64269285008635,8.367514356029531,1117,1221,102,0,1119,1221,266784,-2,0,0,-2,0
2020-06-25,US,Connecticut,Tolland,899,64,0,41.85853803,-72.3308481,9013.0,596.4663185621115,7.119021134593992,835,898,64,0,834,898,150921,1,0,0,1,0
2020-06-25,US,Connecticut,Unassigned,260,0,0,0.0,0.0,90009.0,0.0,0.0,260,260,0,0,260,262,,0,0,0,0,-2
2020-06-25,US,Connecticut,Windham,595,14,0,41.82972709,-71.98182316,9015.0,509.4963264886712,2.3529411764705883,581,588,14,0,574,587,117027,7,0,0,7,1
2020-06-25,US,Delaware,Kent,1630,89,0,39.08646628,-75.56884914,10001.0,901.6184881572686,5.460122699386503,1541,1628,89,0,1539,1624,178550,2,0,0,2,4
2020-06-25,US,Delaware,New Castle,4791,242,0,39.57992638,-75.64054974,10003.0,857.4450606976607,5.051137549572115,4549,4720,240,0,4480,4697,559335,71,2,0,69,23
2020-06-25,US,Delaware,Sussex,4538,176,0,38.66143781,-75.39031349,10005.0,1937.45330344754,3.8783605112384314,4362,4522,176,0,4346,4509,229286,16,0,0,16,13
2020-06-25,US,Delaware,Unassigned,21,0,0,0.0,0.0,90010.0,0.0,0.0,21,19,0,0,19,17,,2,0,0,2,2
2020-06-25,US,District of Columbia,District of Columbia,10159,543,0,38.90417773,-77.01655992,11001.0,1439.463605332774,5.345014273058372,9616,10128,541,0,9587,10094,702455,31,2,0,29,34
2020-06-25,US,Florida,Alachua,863,11,0,29.67866525,-82.35928158,12001.0,320.76656891277605,1.2746234067207416,852,807,11,0,796,760,269956,56,0,0,56,47
2020-06-25,US,Florida,Baker,44,4,0,30.33060121,-82.28467476,12003.0,150.63334474495036,9.090909090909092,40,42,4,0,38,42,28355,2,0,0,2,0
2020-06-25,US,Florida,Bay,248,4,0,30.26548745,-85.62122584,12005.0,141.95357889012908,1.6129032258064515,244,240,4,0,236,230,185287,8,0,0,8,10
2020-06-25,US,Florida,Bradford,73,2,0,29.95079741,-82.16611613,12007.0,258.8560689337257,2.7397260273972597,71,69,2,0,67,64,27732,4,0,0,4,5
2020-06-25,US,Florida,Brevard,1149,17,0,28.29409504,-80.73091022,12009.0,190.88217801715115,1.4795474325500435,1132,1022,17,0,1005,918,596849,127,0,0,127,104
2020-06-25,US,Florida,Broward,12584,379,0,26.15184651,-80.48725556,12011.0,644.4152893979756,3.0117609663064213,12205,12217,378,0,11839,11744,1951260,367,1,0,366,473
2020-06-25,US,Florida,Calhoun,70,6,0,30.40666734,-85.19394153,12013.0,496.27791563275434,8.571428571428571,64,70,6,0,64,88,14587,0,0,0,0,-18
2020-06-25,US,Florida,Charlotte,626,76,0,26.90131002,-81.92949121,12015.0,331.3747287067916,12.140575079872205,550,617,76,0,541,605,184998,9,0,0,9,12
2020-06-25,US,Florida,Citrus,226,12,0,28.84804315,-82.47614748,12017.0,151.0119807292676,5.3097345132743365,214,219,12,0,207,204,147929,7,0,0,7,15
2020-06-25,US,Florida,Clay,542,33,0,29.98319144,-81.85609986,12019.0,247.20413040702027,6.088560885608857,509,523,33,0,490,511,216072,19,0,0,19,12
2020-06-25,US,Florida,Collier,3521,70,0,26.11091986,-81.34687065,12021.0,914.7783072054705,1.9880715705765408,3451,3456,67,0,3389,3375,378488,65,3,0,62,81
2020-06-25,US,Florida,Columbia,246,3,0,30.22509788,-82.62160164,12023.0,343.1632396841782,1.2195121951219512,243,243,3,0,240,233,70503,3,0,0,3,10
2020-06-25,US,Florida,DeSoto,521,10,0,27.18677893,-81.80941373,12027.0,1371.0165521959948,1.919385796545105,511,513,10,0,503,487,37489,8,0,0,8,26
2020-06-25,US,Florida,Dixie,63,4,0,29.60631086,-83.15724673,12029.0,374.4205396410317,6.349206349206349,59,62,3,0,59,62,16700,1,1,0,0,0
2020-06-25,US,Florida,Duval,3724,64,0,30.33225875,-81.66976468,12031.0,388.82595235733567,1.7185821697099892,3660,3419,62,0,3357,3202,950181,305,2,0,303,217
2020-06-25,US,Florida,Escambia,1404,43,0,30.67652764,-87.37284571,12033.0,441.0711368577137,3.0626780626780628,1361,1312,43,0,1269,1244,315534,92,0,0,92,68
2020-06-25,US,Florida,Flagler,261,5,0,29.45933576,-81.31508595,12035.0,226.7967779216378,1.9157088122605364,256,250,5,0,245,244,112067,11,0,0,11,6
2020-06-25,US,Florida,Franklin,4,0,0,29.83791238,-84.82731662,12037.0,32.98969072164948,0.0,4,4,0,0,4,4,11736,0,0,0,0,0
2020-06-25,US,Florida,Gadsden,337,6,0,30.57796289,-84.61915825,12039.0,738.0639509417433,1.7804154302670625,331,332,6,0,326,329,45894,5,0,0,5,3
2020-06-25,US,Florida,Gilchrist,88,0,0,29.72856978,-82.79880657,12041.0,473.5765794855236,0.0,88,88,0,0,88,86,18256,0,0,0,0,2
2020-06-25,US,Florida,Glades,151,1,0,26.95635849,-81.18996211,12043.0,1093.3314025052491,0.6622516556291391,150,143,1,0,142,142,13724,8,0,0,8,1
2020-06-25,US,Florida,Gulf,16,0,0,29.93543004,-85.24270990000002,12045.0,117.31065327370042,0.0,16,14,0,0,14,13,16164,2,0,0,2,1
2020-06-25,US,Florida,Hamilton,317,2,0,30.49673973,-82.94998918,12047.0,2197.1167174937627,0.6309148264984227,315,315,2,0,313,304,14310,2,0,0,2,11
2020-06-25,US,Florida,Hardee,340,2,0,27.49293939,-81.80956574,12049.0,1262.2044028659466,0.5882352941176471,338,334,2,0,332,318,27245,6,0,0,6,16
2020-06-25,US,Florida,Hendry,810,24,0,26.55386945,-81.16469006,12051.0,1927.561753367284,2.962962962962963,786,796,24,0,772,780,41556,14,0,0,14,16
2020-06-25,US,Florida,Hernando,227,5,0,28.55364461,-82.42700204,12053.0,117.0585808580858,2.202643171806167,222,218,5,0,213,206,190865,9,0,0,9,12
2020-06-25,US,Florida,Highlands,279,11,0,27.34254618,-81.34071957,12055.0,262.65992600333266,3.942652329749104,268,270,10,0,260,258,105424,9,1,0,8,12
2020-06-25,US,Florida,Hillsborough,7329,127,0,27.9276559,-82.32013172,12057.0,497.90484575751645,1.7328421339882658,7202,6892,121,0,6771,6176,1436888,437,6,0,431,716
2020-06-25,US,Florida,Holmes,147,0,0,30.86747479,-85.81319222,12059.0,749.3500535250038,0.0,147,137,0,0,137,121,19477,10,0,0,10,16
2020-06-25,US,Florida,Indian River,479,16,0,27.69308961,-80.60556721,12061.0,299.51914358785166,3.3402922755741127,463,457,15,0,442,422,157413,22,1,0,21,35
2020-06-25,US,Florida,Jackson,347,2,0,30.795459700000002,-85.21500423,12063.0,747.6192528116518,0.5763688760806917,345,342,2,0,340,341,48305,5,0,0,5,1
2020-06-25,US,Florida,Jefferson,41,4,0,30.43669112,-83.89442308,12065.0,287.800084234171,9.75609756097561,37,38,4,0,34,38,14288,3,0,0,3,0
2020-06-25,US,Florida,Lafayette,22,0,0,29.98484137,-83.18166636,12067.0,261.22061268107336,0.0,22,20,0,0,20,20,8732,2,0,0,2,0
2020-06-25,US,Florida,Lake,881,21,0,28.76202069,-81.7125123,12069.0,239.97733698701782,2.3836549375709417,860,838,21,0,817,795,356495,43,0,0,43,43
2020-06-25,US,Florida,Lee,4062,149,0,26.58410348,-81.88399313,12071.0,527.1374567369646,3.6681437715411134,3913,3944,148,0,3796,3745,754610,118,1,0,117,199
2020-06-25,US,Florida,Leon,642,8,0,30.45955727,-84.27491114,12073.0,218.67825684135948,1.2461059190031152,634,614,8,0,606,596,292502,28,0,0,28,18
2020-06-25,US,Florida,Levy,157,1,0,29.31829741,-82.74007147,12075.0,378.2859070428644,0.6369426751592356,156,154,1,0,153,151,40770,3,0,0,3,3
2020-06-25,US,Florida,Liberty,220,1,0,30.23766008,-84.8829258,12077.0,2633.4689968877187,0.4545454545454545,219,220,1,0,219,220,8457,0,0,0,0,0
2020-06-25,US,Florida,Madison,156,3,0,30.44396917,-83.47398594,12079.0,843.5624290271995,1.9230769230769231,153,143,3,0,140,143,18529,13,0,0,13,0
2020-06-25,US,Florida,Manatee,2202,128,0,27.47196942,-82.31831044,12081.0,546.059173769321,5.812897366030882,2074,2132,127,0,2005,2013,394855,70,1,0,69,119
2020-06-25,US,Florida,Marion,493,10,0,29.21227113,-82.05803627,12083.0,134.8545731565544,2.028397565922921,483,467,10,0,457,424,359977,26,0,0,26,43
2020-06-25,US,Florida,Martin,1673,23,0,27.0772071,-80.43109784,12085.0,1039.1304347826087,1.3747758517632995,1650,1639,22,0,1617,1611,160912,34,1,0,33,28
2020-06-25,US,Florida,Miami-Dade,28664,935,0,25.6112362,-80.55170587,12086.0,1055.010416129911,3.261931342450461,27729,27779,926,0,26853,26822,2761581,885,9,0,876,957
2020-06-25,US,Florida,Monroe,188,4,0,25.20904673,-81.07812416,12087.0,253.2736972570997,2.127659574468085,184,174,4,0,170,166,75027,14,0,0,14,8
2020-06-25,US,Florida,Nassau,136,1,0,30.61037141,-81.80297522,12089.0,153.45557122708038,0.7352941176470589,135,128,1,0,127,126,85832,8,0,0,8,2
2020-06-25,US,Florida,Okaloosa,500,6,0,30.69143028,-86.59267105,12091.0,237.26143362848651,1.2,494,457,6,0,451,436,207269,43,0,0,43,21
2020-06-25,US,Florida,Okeechobee,289,0,0,27.386336199999995,-80.88944347,12093.0,685.353822804022,0.0,289,276,0,0,276,256,41537,13,0,0,13,20
2020-06-25,US,Florida,Orange,6786,55,0,28.51367621,-81.31799498,12095.0,486.9920169478389,0.8104921898025347,6731,6056,53,0,6003,5502,1380645,730,2,0,728,554
2020-06-25,US,Florida,Osceola,1321,24,0,28.06312234,-81.14882926,12097.0,351.5626039584725,1.8168054504163516,1297,1222,24,0,1198,1147,367990,99,0,0,99,75
2020-06-25,US,Florida,Palm Beach,11840,486,0,26.64676272,-80.46536002,12099.0,791.0366990252344,4.10472972972973,11354,11536,482,0,11054,11180,1485941,304,4,0,300,356
2020-06-25,US,Florida,Pasco,1170,17,0,28.30810945,-82.40227529,12101.0,211.21154189841263,1.4529914529914532,1153,1084,17,0,1067,954,539630,86,0,0,86,130
2020-06-25,US,Florida,Pinellas,4669,137,0,27.93130349,-82.72239666,12103.0,478.87375948209024,2.9342471621332185,4532,4387,132,0,4255,4033,975280,282,5,0,277,354
2020-06-25,US,Florida,Polk,2571,84,0,27.95027105,-81.69732947,12105.0,354.7297996487196,3.267211201866978,2487,2454,80,0,2374,2279,708009,117,4,0,113,175
2020-06-25,US,Florida,Putnam,271,6,0,29.60779729,-81.74230285,12107.0,363.6558822345379,2.2140221402214024,265,261,6,0,255,242,74163,10,0,0,10,19
2020-06-25,US,Florida,Santa Rosa,411,9,0,30.69341450000001,-87.02458128,12113.0,222.99023942966582,2.18978102189781,402,371,9,0,362,355,179349,40,0,0,40,16
2020-06-25,US,Florida,Sarasota,1139,96,0,27.18546175,-82.33174248,12115.0,262.59850325769696,8.428446005267778,1043,1091,95,0,996,1031,426718,48,1,0,47,60
2020-06-25,US,Florida,Seminole,1768,16,0,28.7158582,-81.24060348,12117.0,374.71440742985766,0.9049773755656108,1752,1624,16,0,1608,1451,467832,144,0,0,144,173
2020-06-25,US,Florida,St. Johns,599,7,0,29.90096506,-81.43589967,12109.0,226.31785757465843,1.1686143572621035,592,548,7,0,541,510,254261,51,0,0,51,38
2020-06-25,US,Florida,St. Lucie,1384,45,0,27.37763908,-80.47106649,12111.0,421.5694934769432,3.2514450867052025,1339,1333,43,0,1290,1249,321128,51,2,0,49,84
2020-06-25,US,Florida,Sumter,308,17,0,28.70181754,-82.0794267,12119.0,232.59326385742332,5.51948051948052,291,299,17,0,282,290,128754,9,0,0,9,9
2020-06-25,US,Florida,Suwannee,360,19,0,30.19746066,-82.99099670000003,12121.0,810.5004840489001,5.277777777777779,341,349,18,0,331,339,44191,11,1,0,10,10
2020-06-25,US,Florida,Taylor,70,0,0,30.04848048,-83.60445406,12123.0,324.53984885715613,0.0,70,70,0,0,70,69,21623,0,0,0,0,1
2020-06-25,US,Florida,Unassigned,130,0,0,0.0,0.0,90012.0,0.0,0.0,130,130,0,0,130,126,,0,0,0,0,4
2020-06-25,US,Florida,Union,46,2,0,30.04412971,-82.37497443,12125.0,301.8966988252281,4.3478260869565215,44,44,2,0,42,43,14940,2,0,0,2,1
2020-06-25,US,Florida,Volusia,1464,53,0,29.05858895,-81.18263252,12127.0,264.6019042661635,3.6202185792349733,1411,1369,53,0,1316,1301,547538,95,0,0,95,68
2020-06-25,US,Florida,Wakulla,42,1,0,30.16548905,-84.39895211,12129.0,124.48501733898456,2.380952380952381,41,41,1,0,40,41,32461,1,0,0,1,0
2020-06-25,US,Florida,Walton,205,9,0,30.64204028,-86.16935664,12131.0,276.76148560165245,4.390243902439025,196,198,9,0,189,188,71375,7,0,0,7,10
2020-06-25,US,Florida,Washington,102,11,0,30.61359259,-85.66002461,12133.0,400.4239783299965,10.784313725490195,91,101,11,0,90,98,24880,1,0,0,1,3
2020-06-25,US,Georgia,Appling,230,14,0,31.74847232,-82.28909114,13001.0,1250.9518111606658,6.086956521739131,216,227,13,0,214,223,18507,3,1,0,2,4
2020-06-25,US,Georgia,Atkinson,109,2,0,31.29633502,-82.87545866,13003.0,1334.966319657073,1.834862385321101,107,108,2,0,106,99,8297,1,0,0,1,9
2020-06-25,US,Georgia,Bacon,210,4,0,31.55456473,-82.45936528,13005.0,1881.0462199928338,1.9047619047619049,206,210,4,0,206,207,11185,0,0,0,0,3
2020-06-25,US,Georgia,Baker,37,3,0,31.32669878,-84.44218806,13007.0,1217.906517445688,8.108108108108109,34,37,3,0,34,36,3092,0,0,0,0,1
2020-06-25,US,Georgia,Baldwin,465,33,0,33.06882326,-83.24701748,13009.0,1035.8654488750278,7.096774193548387,432,463,32,0,431,457,44823,2,1,0,1,6
2020-06-25,US,Georgia,Banks,124,0,0,34.35607081,-83.49644388,13011.0,644.6916917957783,0.0,124,122,0,0,122,116,18988,2,0,0,2,6
2020-06-25,US,Georgia,Barrow,452,25,0,33.99148694,-83.71436292,13013.0,543.0081691494473,5.530973451327434,427,446,25,0,421,432,80809,6,0,0,6,14
2020-06-25,US,Georgia,Bartow,639,40,0,34.23732119,-84.83887523,13015.0,593.1054966678422,6.259780907668231,599,633,39,0,594,625,106408,6,1,0,5,8
2020-06-25,US,Georgia,Ben Hill,139,1,0,31.76095874,-83.22145359,13017.0,832.3353293413173,0.7194244604316546,138,132,1,0,131,125,16787,7,0,0,7,7
2020-06-25,US,Georgia,Berrien,107,0,0,31.27590016,-83.22529920000002,13019.0,551.6316956230345,0.0,107,102,0,0,102,99,19252,5,0,0,5,3
2020-06-25,US,Georgia,Bibb,664,38,0,32.80904227,-83.70489165,13021.0,433.5363902872177,5.7228915662650595,626,644,38,0,606,627,153095,20,0,0,20,17
2020-06-25,US,Georgia,Bleckley,55,1,0,32.43829035,-83.33035166,13023.0,427.2508350811777,1.818181818181818,54,55,1,0,54,54,12838,0,0,0,0,1
2020-06-25,US,Georgia,Brantley,82,2,0,31.19576557,-81.97743999,13025.0,429.117169919933,2.4390243902439024,80,79,2,0,77,78,18897,3,0,0,3,1
2020-06-25,US,Georgia,Brooks,124,11,0,30.83922642,-83.58303423,13027.0,802.2255288865886,8.870967741935484,113,123,11,0,112,121,15513,1,0,0,1,2
2020-06-25,US,Georgia,Bryan,110,5,0,32.00979311,-81.44002948,13029.0,277.58851288263054,4.545454545454546,105,108,5,0,103,107,38109,2,0,0,2,1
2020-06-25,US,Georgia,Bulloch,232,3,0,32.39577406,-81.74811421,13031.0,291.42799718621245,1.293103448275862,229,219,3,0,216,183,77296,13,0,0,13,36
2020-06-25,US,Georgia,Burke,138,6,0,33.05917989,-81.99928721,13033.0,616.5393378903632,4.3478260869565215,132,136,6,0,130,135,22423,2,0,0,2,1
2020-06-25,US,Georgia,Butts,260,33,0,33.283094500000004,-83.95435040000002,13035.0,1042.669233237087,12.692307692307693,227,254,33,0,221,249,24193,6,0,0,6,5
2020-06-25,US,Georgia,Calhoun,161,5,0,31.53169785,-84.62725131,13037.0,2601.389562126353,3.1055900621118013,156,161,5,0,156,162,6352,0,0,0,0,-1
2020-06-25,US,Georgia,Camden,106,1,0,30.92951916,-81.66601818,13039.0,193.90480371711848,0.9433962264150944,105,104,1,0,103,102,53677,2,0,0,2,2
2020-06-25,US,Georgia,Candler,25,0,0,32.40209349,-82.07702563,13043.0,231.4171989262242,0.0,25,26,0,0,26,22,10836,-1,0,0,-1,4
2020-06-25,US,Georgia,Carroll,651,39,0,33.58138199,-85.07976677,13045.0,542.5361690779387,5.990783410138249,612,650,39,0,611,646,118121,1,0,0,1,4
2020-06-25,US,Georgia,Catoosa,297,6,0,34.89872298,-85.13757014,13047.0,439.47913583900566,2.0202020202020203,291,291,6,0,285,283,67420,6,0,0,6,8
2020-06-25,US,Georgia,Charlton,41,2,0,30.78371028,-82.13951596,13049.0,306.15292712066906,4.878048780487805,39,43,2,0,41,43,12968,-2,0,0,-2,0
2020-06-25,US,Georgia,Chatham,999,36,0,32.00043026,-81.12489526,13051.0,345.1611788688112,3.603603603603604,963,935,35,0,900,872,289195,64,1,0,63,63
2020-06-25,US,Georgia,Chattahoochee,363,0,0,32.34341231,-84.78809239,13053.0,3328.137893096177,0.0,363,345,0,0,345,317,10684,18,0,0,18,28
2020-06-25,US,Georgia,Chattooga,53,2,0,34.47197698,-85.34535662,13055.0,213.80451006494815,3.7735849056603774,51,52,2,0,50,50,24790,1,0,0,1,2
2020-06-25,US,Georgia,Cherokee,1177,44,0,34.24393976,-84.47431861,13057.0,454.83879693785667,3.7383177570093458,1133,1156,42,0,1114,1126,254149,21,2,0,19,30
2020-06-25,US,Georgia,Clarke,441,15,0,33.95436462,-83.37124007,13059.0,343.6426116838488,3.4013605442176873,426,419,15,0,404,408,127330,22,0,0,22,11
2020-06-25,US,Georgia,Clay,56,2,0,31.62221166,-84.97713865,13061.0,1976.0056457304165,3.571428571428572,54,56,2,0,54,56,2887,0,0,0,0,0
2020-06-25,US,Georgia,Clayton,1781,79,0,33.54187245,-84.35594188,13063.0,609.3972407752108,4.4357102751263335,1702,1726,78,0,1648,1687,289615,55,1,0,54,39
2020-06-25,US,Georgia,Clinch,98,3,0,30.91395822,-82.70432472,13065.0,1480.8099123602294,3.0612244897959178,95,97,3,0,94,87,6648,1,0,0,1,10
2020-06-25,US,Georgia,Cobb,4347,237,0,33.94243204,-84.5761255,13067.0,571.8675877238563,5.452035886818496,4110,4269,236,0,4033,4134,756865,78,1,0,77,135
2020-06-25,US,Georgia,Coffee,484,17,0,31.54892966,-82.85492059999999,13069.0,1118.4803457121068,3.512396694214876,467,474,15,0,459,444,43093,10,2,0,8,30
2020-06-25,US,Georgia,Colquitt,803,18,0,31.18810588,-83.7677946,13071.0,1760.9649122807016,2.2415940224159403,785,785,18,0,767,764,45592,18,0,0,18,21
2020-06-25,US,Georgia,Columbia,377,9,0,33.54534185,-82.263524,13073.0,240.56561634569985,2.3872679045092844,368,367,9,0,358,359,154291,10,0,0,10,8
2020-06-25,US,Georgia,Cook,114,1,0,31.16068491,-83.42947229,13075.0,660.1042269832078,0.8771929824561403,113,110,1,0,109,104,17162,4,0,0,4,6
2020-06-25,US,Georgia,Coweta,600,15,0,33.35334302,-84.76129976,13077.0,404.015918227178,2.5,585,599,15,0,584,569,145864,1,0,0,1,30
2020-06-25,US,Georgia,Crawford,39,0,0,32.71391813,-83.98061238,13079.0,314.41470493389227,0.0,39,39,0,0,39,37,12318,0,0,0,0,2
2020-06-25,US,Georgia,Crisp,265,12,0,31.92289565,-83.76811843,13081.0,1184.5163597353835,4.528301886792453,253,261,12,0,249,261,22601,4,0,0,4,0
2020-06-25,US,Georgia,Dade,62,1,0,34.854916700000004,-85.50490424,13083.0,384.710846363862,1.6129032258064515,61,60,1,0,59,60,16226,2,0,0,2,0
2020-06-25,US,Georgia,Dawson,128,3,0,34.44244079,-84.16964071,13085.0,490.2711812471274,2.34375,125,127,3,0,124,125,25083,1,0,0,1,2
2020-06-25,US,Georgia,DeKalb,5258,168,0,33.76944049,-84.22396017,13089.0,692.4826517159952,3.1951312286040316,5090,5158,166,0,4992,5042,756558,100,2,0,98,116
2020-06-25,US,Georgia,Decatur,248,8,0,30.87967778,-84.57619536,13087.0,939.2516285411301,3.2258064516129035,240,246,8,0,238,245,26575,2,0,0,2,1
2020-06-25,US,Georgia,Dodge,77,2,0,32.17265114,-83.16948926,13091.0,373.6957049259888,2.5974025974025974,75,71,2,0,69,70,20705,6,0,0,6,1
2020-06-25,US,Georgia,Dooly,196,12,0,32.15630737,-83.79746561,13093.0,1463.778939507095,6.1224489795918355,184,195,12,0,183,194,13706,1,0,0,1,1
2020-06-25,US,Georgia,Dougherty,1870,154,0,31.53328528,-84.21722377,13095.0,2126.0630315157573,8.235294117647058,1716,1866,153,0,1713,1865,91243,4,1,0,3,1
2020-06-25,US,Georgia,Douglas,821,35,0,33.70291126,-84.77026156,13097.0,561.0107760535183,4.263093788063338,786,793,35,0,758,778,145331,28,0,0,28,15
2020-06-25,US,Georgia,Early,258,31,0,31.32155345,-84.90255207,13099.0,2531.8940137389604,12.015503875968992,227,257,31,0,226,255,10247,1,0,0,1,2
2020-06-25,US,Georgia,Echols,177,0,0,30.71101099,-82.89687287,13101.0,4418.372441337993,0.0,177,177,0,0,177,177,4000,0,0,0,0,0
2020-06-25,US,Georgia,Effingham,117,1,0,32.36616021,-81.34280942,13103.0,181.97088465845462,0.8547008547008547,116,114,1,0,113,111,62190,3,0,0,3,3
2020-06-25,US,Georgia,Elbert,94,0,0,34.11302332,-82.83936148,13105.0,489.73637595081794,0.0,94,94,0,0,94,94,19120,0,0,0,0,0
2020-06-25,US,Georgia,Emanuel,87,3,0,32.59221302,-82.30239915,13107.0,384.1738055285701,3.4482758620689653,84,78,3,0,75,72,22612,9,0,0,9,6
2020-06-25,US,Georgia,Evans,17,0,0,32.15328841,-81.8870105,13109.0,159.5644828233527,0.0,17,17,0,0,17,17,10721,0,0,0,0,0
2020-06-25,US,Georgia,Fannin,94,1,0,34.86430205,-84.316964,13111.0,358.94302734076683,1.0638297872340423,93,92,1,0,91,82,25964,2,0,0,2,10
2020-06-25,US,Georgia,Fayette,314,17,0,33.41357794,-84.49089434,13113.0,274.42514922959947,5.414012738853503,297,305,16,0,289,299,113459,9,1,0,8,6
2020-06-25,US,Georgia,Floyd,466,15,0,34.26268279,-85.21577392,13115.0,473.10605291478,3.218884120171674,451,457,15,0,442,433,97927,9,0,0,9,24
2020-06-25,US,Georgia,Forsyth,737,15,0,34.22604035,-84.12315129999998,13117.0,301.7375497437073,2.03527815468114,722,721,14,0,707,694,236612,16,1,0,15,27
2020-06-25,US,Georgia,Franklin,170,1,0,34.37525597,-83.23159927,13119.0,728.0825731294702,0.5882352941176471,169,168,1,0,167,160,23023,2,0,0,2,8
2020-06-25,US,Georgia,Fulton,6163,309,0,33.79216944,-84.46319413,13121.0,579.2636218121937,5.013791984423171,5854,6052,302,0,5750,5885,1050114,111,7,0,104,167
2020-06-25,US,Georgia,Gilmer,181,2,0,34.69316688,-84.45802506,13123.0,577.0027734387453,1.1049723756906078,179,180,2,0,178,178,30816,1,0,0,1,2
2020-06-25,US,Georgia,Glascock,3,0,0,33.22879932,-82.61297636,13125.0,100.97610232245034,0.0,3,3,0,0,3,3,2995,0,0,0,0,0
2020-06-25,US,Georgia,Glynn,471,3,0,31.23279254,-81.53811412,13127.0,552.2206068564461,0.6369426751592356,468,404,3,0,401,411,85219,67,0,0,67,-7
2020-06-25,US,Georgia,Gordon,329,18,0,34.50487351,-84.87296253,13129.0,567.6034711798908,5.47112462006079,311,325,18,0,307,318,57685,4,0,0,4,7
2020-06-25,US,Georgia,Grady,174,4,0,30.87454847,-84.23418364,13131.0,706.3695043234685,2.2988505747126435,170,168,4,0,164,165,24748,6,0,0,6,3
2020-06-25,US,Georgia,Greene,91,9,0,33.5769205,-83.17139104,13133.0,496.61645928836504,9.89010989010989,82,91,9,0,82,90,17698,0,0,0,0,1
2020-06-25,US,Georgia,Gwinnett,7223,167,0,33.96044201,-84.02137802,13135.0,771.4819759679573,2.312058701370621,7056,7036,164,0,6872,6636,927781,187,3,0,184,400
2020-06-25,US,Georgia,Habersham,648,35,0,34.63331566,-83.53094677,13137.0,1429.5799505824216,5.401234567901233,613,647,35,0,612,644,45388,1,0,0,1,3
2020-06-25,US,Georgia,Hall,3048,59,0,34.32207823,-83.81896936,13139.0,1490.8946835517338,1.9356955380577427,2989,3032,58,0,2974,2982,202148,16,1,0,15,50
2020-06-25,US,Georgia,Hancock,209,32,0,33.2721566,-82.99766919,13141.0,2471.325529147452,15.311004784688995,177,209,32,0,177,208,8348,0,0,0,0,1
2020-06-25,US,Georgia,Haralson,67,5,0,33.79602175,-85.21005667,13143.0,224.89258861439316,7.462686567164179,62,67,4,0,63,66,29533,0,1,0,-1,1
2020-06-25,US,Georgia,Harris,286,9,0,32.73709786,-84.90538572,13145.0,811.6698830741287,3.1468531468531467,277,281,9,0,272,269,34475,5,0,0,5,12
2020-06-25,US,Georgia,Hart,52,0,0,34.34626973,-82.96567682,13147.0,198.43541308910514,0.0,52,52,0,0,52,50,26099,0,0,0,0,2
2020-06-25,US,Georgia,Heard,47,3,0,33.29686567,-85.12886832,13149.0,394.1960915876877,6.382978723404255,44,47,3,0,44,47,11879,0,0,0,0,0
2020-06-25,US,Georgia,Henry,1077,31,0,33.4533428,-84.14814659999998,13151.0,459.15561410464653,2.8783658310120708,1046,1062,31,0,1031,1013,230220,15,0,0,15,49
2020-06-25,US,Georgia,Houston,545,23,0,32.45802497,-83.66879087,13153.0,345.2360591145487,4.220183486238532,522,533,20,0,513,519,155469,12,3,0,9,14
2020-06-25,US,Georgia,Irwin,48,1,0,31.60213036,-83.27501387,13155.0,509.7706032285472,2.083333333333333,47,47,1,0,46,46,9398,1,0,0,1,1
2020-06-25,US,Georgia,Jackson,337,9,0,34.13794553,-83.56814788,13157.0,461.7893308850734,2.6706231454005933,328,329,7,0,322,314,70422,8,2,0,6,15
2020-06-25,US,Georgia,Jasper,64,1,0,33.31535543,-83.68844964,13159.0,450.10197622898943,1.5625,63,65,1,0,64,65,14040,-1,0,0,-1,0
2020-06-25,US,Georgia,Jeff Davis,77,2,0,31.80405727,-82.63724870000001,13161.0,509.42772080714514,2.5974025974025974,75,76,2,0,74,76,15029,1,0,0,1,0
2020-06-25,US,Georgia,Jefferson,80,1,0,33.05867328,-82.41609057,13163.0,520.7655253222237,1.25,79,74,1,0,73,73,15430,6,0,0,6,1
2020-06-25,US,Georgia,Jenkins,94,11,0,32.79248718,-81.96040187,13165.0,1083.4485938220378,11.702127659574465,83,87,9,0,78,78,8683,7,2,0,5,9
2020-06-25,US,Georgia,Johnson,84,2,0,32.70211082,-82.66166794,13167.0,871.0982059525044,2.380952380952381,82,82,2,0,80,81,9708,2,0,0,2,1
2020-06-25,US,Georgia,Jones,52,0,0,33.02512137,-83.56019163,13169.0,180.96398120758656,0.0,52,52,0,0,52,51,28616,0,0,0,0,1
2020-06-25,US,Georgia,Lamar,107,6,0,33.07841647,-84.14263877,13171.0,560.8848351417938,5.607476635514018,101,102,6,0,96,95,19000,5,0,0,5,7
2020-06-25,US,Georgia,Lanier,122,3,0,31.03828570000001,-83.06472457,13173.0,1170.4883430874029,2.459016393442623,119,118,3,0,115,116,10340,4,0,0,4,2
2020-06-25,US,Georgia,Laurens,146,1,0,32.46325233,-82.92221316,13175.0,307.0710469860766,0.6849315068493149,145,140,0,0,140,135,47325,6,1,0,5,5
2020-06-25,US,Georgia,Lee,386,22,0,31.779330600000005,-84.14324253,13177.0,1287.0098692984795,5.699481865284973,364,386,22,0,364,385,29764,0,0,0,0,1
2020-06-25,US,Georgia,Liberty,112,1,0,31.82588896,-81.49251135,13179.0,182.30650280784567,0.8928571428571429,111,112,1,0,111,110,61497,0,0,0,0,2
2020-06-25,US,Georgia,Lincoln,30,1,0,33.79201475,-82.45024131,13181.0,378.74005807347567,3.333333333333333,29,30,1,0,29,25,7915,0,0,0,0,5
2020-06-25,US,Georgia,Long,33,1,0,31.75218791,-81.74952375,13183.0,168.72028222301753,3.0303030303030303,32,33,1,0,32,35,18998,0,0,0,0,-2
2020-06-25,US,Georgia,Lowndes,1040,8,0,30.83568832,-83.27056716,13185.0,885.8150350067289,0.7692307692307693,1032,1017,7,0,1010,975,116321,23,1,0,22,42
2020-06-25,US,Georgia,Lumpkin,126,3,0,34.57286511,-84.00425681,13187.0,374.88842606367166,2.380952380952381,123,123,3,0,120,121,32955,3,0,0,3,2
2020-06-25,US,Georgia,Macon,113,9,0,32.35207048,-84.04234127,13193.0,872.7890631034218,7.9646017699115035,104,112,9,0,103,112,13143,1,0,0,1,0
2020-06-25,US,Georgia,Madison,86,4,0,34.12920917,-83.21218732,13195.0,287.81793842034807,4.651162790697675,82,83,4,0,79,78,29650,3,0,0,3,5
2020-06-25,US,Georgia,Marion,77,2,0,32.3483402,-84.52733571,13197.0,921.1628185189617,2.5974025974025974,75,77,2,0,75,78,8351,0,0,0,0,-1
2020-06-25,US,Georgia,McDuffie,84,6,0,33.47851918,-82.48252774,13189.0,394.1441441441442,7.142857142857142,78,84,5,0,79,81,21531,0,1,0,-1,3
2020-06-25,US,Georgia,McIntosh,29,1,0,31.49683595,-81.40163426,13191.0,201.6970371400751,3.4482758620689653,28,27,1,0,26,27,14340,2,0,0,2,0
2020-06-25,US,Georgia,Meriwether,167,2,0,33.04163534,-84.68859732,13199.0,788.9639533235697,1.1976047904191616,165,165,2,0,163,160,21068,2,0,0,2,5
2020-06-25,US,Georgia,Miller,45,0,0,31.16568912,-84.73151117,13201.0,786.9884575026233,0.0,45,45,0,0,45,45,5686,0,0,0,0,0
2020-06-25,US,Georgia,Mitchell,443,38,0,31.22483255,-84.19381821,13205.0,2026.254402415039,8.577878103837472,405,442,38,0,404,441,22192,1,0,0,1,1
2020-06-25,US,Georgia,Monroe,142,16,0,33.014289,-83.92097166,13207.0,514.9031836971499,11.267605633802814,126,139,16,0,123,138,27520,3,0,0,3,1
2020-06-25,US,Georgia,Montgomery,28,0,0,32.17201038,-82.53527476,13209.0,305.27692978630614,0.0,28,28,0,0,28,28,9193,0,0,0,0,0
2020-06-25,US,Georgia,Morgan,46,0,0,33.59232073,-83.49129491,13211.0,238.63872172649928,0.0,46,45,0,0,45,45,18853,1,0,0,1,0
2020-06-25,US,Georgia,Murray,183,2,0,34.78897608,-84.74993177,13213.0,456.40462889066237,1.0928961748633879,181,178,1,0,177,172,39921,5,1,0,4,6
2020-06-25,US,Georgia,Muscogee,1428,40,0,32.50931999,-84.87142262,13215.0,729.4311152429649,2.8011204481792715,1388,1392,39,0,1353,1341,194160,36,1,0,35,51
2020-06-25,US,Georgia,Newton,538,11,0,33.55514538,-83.84547140000002,13217.0,481.45761741122567,2.044609665427509,527,525,11,0,514,516,109541,13,0,0,13,9
2020-06-25,US,Georgia,Oconee,141,10,0,33.83749973,-83.43679568,13219.0,350.0496524329692,7.092198581560282,131,138,10,0,128,136,39272,3,0,0,3,2
2020-06-25,US,Georgia,Oglethorpe,87,7,0,33.878629600000004,-83.08278123,13221.0,570.1553181728816,8.045977011494253,80,86,7,0,79,85,15054,1,0,0,1,1
2020-06-25,US,Georgia,Out of GA,3299,41,0,0.0,0.0,80013.0,0.0,1.242800848742043,3258,3091,40,0,3051,3223,,208,1,0,207,-132
2020-06-25,US,Georgia,Paulding,522,15,0,33.91969522,-84.86848792,13223.0,309.48555437637475,2.8735632183908044,507,505,15,0,490,493,164044,17,0,0,17,12
2020-06-25,US,Georgia,Peach,95,9,0,32.56934316,-83.82937,13225.0,344.87765918826693,9.473684210526317,86,95,9,0,86,95,27297,0,0,0,0,0
2020-06-25,US,Georgia,Pickens,85,5,0,34.46589159,-84.46406611,13227.0,260.80819858243075,5.882352941176472,80,84,5,0,79,83,31980,1,0,0,1,1
2020-06-25,US,Georgia,Pierce,155,4,0,31.35928155,-82.21598442,13229.0,796.3010531723606,2.5806451612903225,151,148,4,0,144,143,19389,7,0,0,7,5
2020-06-25,US,Georgia,Pike,87,3,0,33.09310242,-84.38790389,13231.0,458.8123615652357,3.4482758620689653,84,86,3,0,83,84,18634,1,0,0,1,2
2020-06-25,US,Georgia,Polk,197,1,0,34.00267074,-85.18677781,13233.0,462.3002370168728,0.5076142131979695,196,192,1,0,191,188,42470,5,0,0,5,4
2020-06-25,US,Georgia,Pulaski,47,2,0,32.23334561,-83.47549959999998,13235.0,422.0167010864685,4.25531914893617,45,47,2,0,45,48,11069,0,0,0,0,-1
2020-06-25,US,Georgia,Putnam,128,12,0,33.32056115,-83.37552891,13237.0,578.68800578688,9.375,116,127,11,0,116,123,21809,1,1,0,0,4
2020-06-25,US,Georgia,Quitman,15,1,0,31.86728114,-85.01773177,13239.0,652.4575902566334,6.666666666666668,14,15,1,0,14,15,2279,0,0,0,0,0
2020-06-25,US,Georgia,Rabun,40,3,0,34.88389445,-83.40304637,13241.0,233.41308280329116,7.5,37,40,3,0,37,36,16867,0,0,0,0,4
2020-06-25,US,Georgia,Randolph,197,25,0,31.76622818,-84.75732369,13243.0,2906.4620832103865,12.690355329949238,172,198,25,0,173,197,6833,-1,0,0,-1,1
2020-06-25,US,Georgia,Richmond,802,48,0,33.35777107,-82.07026432,13245.0,396.01418145547564,5.985037406483791,754,785,48,0,737,776,201554,17,0,0,17,9
2020-06-25,US,Georgia,Rockdale,415,10,0,33.65145002,-84.02202167,13247.0,456.5657454673473,2.409638554216868,405,401,10,0,391,390,90594,14,0,0,14,11
2020-06-25,US,Georgia,Schley,23,1,0,32.2654021,-84.31258912,13249.0,437.5118889100247,4.3478260869565215,22,22,1,0,21,22,5236,1,0,0,1,0
2020-06-25,US,Georgia,Screven,87,5,0,32.74976524,-81.60779441,13251.0,622.941429185164,5.747126436781608,82,86,5,0,81,85,13938,1,0,0,1,1
2020-06-25,US,Georgia,Seminole,49,2,0,30.93464824,-84.86823924,13253.0,605.6860321384426,4.081632653061225,47,48,2,0,46,48,8315,1,0,0,1,0
2020-06-25,US,Georgia,Spalding,365,32,0,33.26310031,-84.28013991,13255.0,547.2017750326072,8.767123287671232,333,361,32,0,329,353,66100,4,0,0,4,8
2020-06-25,US,Georgia,Stephens,190,6,0,34.55151201,-83.29405315,13257.0,732.8833172613307,3.1578947368421053,184,184,6,0,178,182,26035,6,0,0,6,2
2020-06-25,US,Georgia,Stewart,106,3,0,32.07996777,-84.83208037,13259.0,1600.9666213562905,2.830188679245283,103,91,3,0,88,93,6199,15,0,0,15,-2
2020-06-25,US,Georgia,Sumter,542,50,0,32.03650571,-84.19821492,13261.0,1835.794607776724,9.22509225092251,492,540,50,0,490,540,29733,2,0,0,2,0
2020-06-25,US,Georgia,Talbot,66,2,0,32.69642758,-84.53351366,13263.0,1065.3753026634383,3.0303030303030303,64,66,2,0,64,64,6272,0,0,0,0,2
2020-06-25,US,Georgia,Taliaferro,2,0,0,33.56543317,-82.88136816,13265.0,130.1236174365647,0.0,2,2,0,0,2,2,1608,0,0,0,0,0
2020-06-25,US,Georgia,Tattnall,103,0,0,32.04785085,-82.05539188,13267.0,407.3400300561576,0.0,103,100,0,0,100,92,25391,3,0,0,3,8
2020-06-25,US,Georgia,Taylor,27,2,0,32.55792548,-84.25077141,13269.0,336.65835411471323,7.407407407407407,25,26,2,0,24,26,8039,1,0,0,1,0
2020-06-25,US,Georgia,Telfair,74,3,0,31.92829517,-82.93491155,13271.0,466.5825977301388,4.0540540540540535,71,65,2,0,63,65,15876,9,1,0,8,0
2020-06-25,US,Georgia,Terrell,222,27,0,31.77527543,-84.44069698,13273.0,2602.274059313093,12.162162162162161,195,219,27,0,192,219,8611,3,0,0,3,0
2020-06-25,US,Georgia,Thomas,399,33,0,30.86392347,-83.91847289,13275.0,897.6176014037931,8.270676691729323,366,394,33,0,361,388,44448,5,0,0,5,6
2020-06-25,US,Georgia,Tift,642,25,0,31.45743864,-83.5236119,13277.0,1579.5689400649542,3.894080996884736,617,600,25,0,575,569,40571,42,0,0,42,31
2020-06-25,US,Georgia,Toombs,212,5,0,32.12059861,-82.32957247,13279.0,790.1602683563176,2.358490566037736,207,207,5,0,202,170,26887,5,0,0,5,37
2020-06-25,US,Georgia,Towns,37,1,0,34.91369188,-83.74107459999998,13281.0,307.3855611863421,2.702702702702702,36,37,1,0,36,36,11852,0,0,0,0,1
2020-06-25,US,Georgia,Treutlen,20,1,0,32.40422134,-82.56904553,13283.0,289.8130705694827,5.0,19,19,1,0,18,19,6809,1,0,0,1,0
2020-06-25,US,Georgia,Troup,1233,29,0,33.03349196,-85.02812115,13285.0,1763.3934956093933,2.3519870235198703,1204,1209,29,0,1180,1158,70034,24,0,0,24,51
2020-06-25,US,Georgia,Turner,172,16,0,31.71612656,-83.62069378,13287.0,2154.0388227927365,9.30232558139535,156,172,16,0,156,171,7912,0,0,0,0,1
2020-06-25,US,Georgia,Twiggs,23,1,0,32.67435595,-83.43078662,13289.0,283.25123152709364,4.3478260869565215,22,23,1,0,22,24,8188,0,0,0,0,-1
2020-06-25,US,Georgia,Unassigned,1341,2,0,0.0,0.0,90013.0,0.0,0.14914243102162567,1339,1249,2,0,1247,1482,,92,0,0,92,-233
2020-06-25,US,Georgia,Union,62,3,0,34.82995757,-83.98967069,13291.0,252.9476561543797,4.838709677419356,59,62,3,0,59,60,24001,0,0,0,0,2
2020-06-25,US,Georgia,Upson,343,43,0,32.87920671,-84.30024826,13293.0,1303.1914893617022,12.536443148688047,300,341,43,0,298,328,26215,2,0,0,2,13
2020-06-25,US,Georgia,Walker,302,9,0,34.73376362,-85.30165174,13295.0,432.90663837961034,2.9801324503311264,293,298,6,0,292,294,69410,4,3,0,1,4
2020-06-25,US,Georgia,Walton,371,28,0,33.78017694,-83.73552314,13297.0,392.20661148287934,7.547169811320754,343,361,26,0,335,352,93503,10,2,0,8,9
2020-06-25,US,Georgia,Ware,372,15,0,31.05449097,-82.42224148,13299.0,1041.0253540045894,4.032258064516129,357,365,15,0,350,352,35680,7,0,0,7,13
2020-06-25,US,Georgia,Warren,19,0,0,33.41146451,-82.67795848,13301.0,361.6292348686714,0.0,19,19,0,0,19,19,5251,0,0,0,0,0
2020-06-25,US,Georgia,Washington,90,1,0,32.96711864,-82.79357039,13303.0,441.73947187592034,1.1111111111111112,89,83,1,0,82,81,20386,7,0,0,7,2
2020-06-25,US,Georgia,Wayne,52,0,0,31.5521809,-81.91894878,13305.0,173.75613994052188,0.0,52,51,0,0,51,49,29808,1,0,0,1,2
2020-06-25,US,Georgia,Webster,20,1,0,32.04066113,-84.54742852,13307.0,767.1653241273494,5.0,19,18,1,0,17,18,2611,2,0,0,2,0
2020-06-25,US,Georgia,Wheeler,42,0,0,32.12009104,-82.72574721,13309.0,534.6912794398472,0.0,42,41,0,0,41,41,7879,1,0,0,1,0
2020-06-25,US,Georgia,White,134,4,0,34.64624278,-83.74905525,13311.0,435.0931878693422,2.985074626865672,130,134,4,0,130,132,29970,0,0,0,0,2
2020-06-25,US,Georgia,Whitfield,890,10,0,34.80987459,-84.96093476,13313.0,850.6327178193218,1.1235955056179776,880,846,10,0,836,819,104062,44,0,0,44,27
2020-06-25,US,Georgia,Wilcox,123,15,0,31.97496928,-83.43438555,13315.0,1424.4354371742909,12.19512195121951,108,123,15,0,108,122,8812,0,0,0,0,1
2020-06-25,US,Georgia,Wilkes,52,1,0,33.78290391,-82.74286107,13317.0,531.8604889025263,1.9230769230769231,51,50,1,0,49,49,9876,2,0,0,2,1
2020-06-25,US,Georgia,Wilkinson,74,8,0,32.80291082,-83.17140684,13319.0,826.4462809917355,10.810810810810812,66,74,8,0,66,74,9036,0,0,0,0,0
2020-06-25,US,Georgia,Worth,295,21,0,31.55162306,-83.85090513,13321.0,1457.005976194004,7.118644067796611,274,294,21,0,273,291,20299,1,0,0,1,3
2020-06-25,US,Hawaii,Hawaii,86,0,0,19.60121157,-155.5210167,15001.0,42.677147380069776,0.0,86,86,0,0,86,85,200983,0,0,0,0,1
2020-06-25,US,Hawaii,Honolulu,595,11,0,21.45803166,-157.97121819999995,15003.0,61.0530052957069,1.8487394957983196,584,584,11,0,573,571,980080,11,0,0,11,13
2020-06-25,US,Hawaii,Kauai,34,0,0,22.03935037,-159.5966786,15007.0,47.03083286071956,0.0,34,29,0,0,29,29,72133,5,0,0,5,0
2020-06-25,US,Hawaii,Maui,122,6,0,20.86399628,-156.56890969999995,15009.0,72.87193056858024,4.918032786885246,116,122,6,0,116,122,167207,0,0,0,0,0
2020-06-25,US,Hawaii,Out of HI,14,0,0,0.0,0.0,80015.0,0.0,0.0,14,14,0,0,14,12,,0,0,0,0,2
2020-06-25,US,Idaho,Ada,1585,23,0,43.4526575,-116.24155159999998,16001.0,329.12017973907103,1.4511041009463723,1562,1383,22,0,1361,1307,469966,202,1,0,201,76
2020-06-25,US,Idaho,Adams,10,0,0,44.89333571,-116.4545247,16003.0,232.8830926874709,0.0,10,10,0,0,10,10,4250,0,0,0,0,0
2020-06-25,US,Idaho,Bannock,88,1,0,42.67002716,-112.2233311,16005.0,100.21865889212827,1.1363636363636365,87,84,1,0,83,82,87138,4,0,0,4,2
2020-06-25,US,Idaho,Benewah,21,0,0,47.21754179,-116.6586851,16009.0,225.85502258550227,0.0,21,21,0,0,21,21,9226,0,0,0,0,0
2020-06-25,US,Idaho,Bingham,33,0,0,43.21672879999999,-112.3978437,16011.0,70.49625088120314,0.0,33,32,0,0,32,32,46236,1,0,0,1,0
2020-06-25,US,Idaho,Blaine,528,5,0,43.4085812,-113.9752658,16013.0,2293.558055688285,0.946969696969697,523,523,5,0,518,520,22601,5,0,0,5,3
2020-06-25,US,Idaho,Boise,1,0,0,43.98829931,-115.7309284,16015.0,12.769761205465455,0.0,1,,,,,,7634,,,,,
2020-06-25,US,Idaho,Bonner,24,0,0,48.29996017,-116.6017932,16017.0,52.47163252366689,0.0,24,15,0,0,15,15,44727,9,0,0,9,0
2020-06-25,US,Idaho,Bonneville,106,1,0,43.38713372,-111.6161537,16019.0,89.02924526717173,0.9433962264150944,105,96,1,0,95,95,116854,10,0,0,10,1
2020-06-25,US,Idaho,Camas,1,0,0,43.46665742,-114.8065892,16025.0,90.41591320072331,0.0,1,1,0,0,1,1,1127,0,0,0,0,0
2020-06-25,US,Idaho,Canyon,601,6,0,43.61970148,-116.70954990000001,16027.0,261.4760125125626,0.9983361064891848,595,494,6,0,488,470,223499,107,0,0,107,24
2020-06-25,US,Idaho,Caribou,9,0,0,42.77149116,-111.5597683,16029.0,125.78616352201256,0.0,9,8,0,0,8,8,7060,1,0,0,1,0
2020-06-25,US,Idaho,Cassia,193,1,0,42.28347888,-113.6012409,16031.0,803.162713275073,0.5181347150259067,192,178,1,0,177,173,23864,15,0,0,15,5
2020-06-25,US,Idaho,Custer,3,0,0,44.24186819,-114.2855494,16037.0,69.52491309385863,0.0,3,2,0,0,2,2,4280,1,0,0,1,0
2020-06-25,US,Idaho,Elmore,47,2,0,43.3507101,-115.4701578,16039.0,170.84075460724804,4.25531914893617,45,43,2,0,41,42,27259,4,0,0,4,1
2020-06-25,US,Idaho,Franklin,21,0,0,42.18332217,-111.81496659999999,16041.0,151.34044393196888,0.0,21,20,0,0,20,19,13726,1,0,0,1,1
2020-06-25,US,Idaho,Fremont,4,0,0,44.22800938,-111.48099429999999,16043.0,30.536682189480114,0.0,4,4,0,0,4,4,13168,0,0,0,0,0
2020-06-25,US,Idaho,Gem,20,0,0,44.06482372,-116.398376,16045.0,110.42402826855124,0.0,20,19,0,0,19,19,17634,1,0,0,1,0
2020-06-25,US,Idaho,Gooding,62,1,0,42.96927962,-114.81083059999999,16047.0,408.45905527373344,1.6129032258064515,61,61,1,0,60,61,15196,1,0,0,1,0
2020-06-25,US,Idaho,Idaho,3,0,0,45.84721541,-115.4634436,16049.0,17.999640007199854,0.0,3,3,0,0,3,3,16513,0,0,0,0,0
2020-06-25,US,Idaho,Jefferson,16,0,0,43.82078483,-112.3131749,16051.0,53.563657058685685,0.0,16,16,0,0,16,15,29439,0,0,0,0,1
2020-06-25,US,Idaho,Jerome,231,3,0,42.68891267,-114.2655033,16053.0,946.255939701786,1.2987012987012987,228,227,3,0,224,225,24015,4,0,0,4,2
2020-06-25,US,Idaho,Kootenai,171,1,0,47.67282258,-116.7020872,16055.0,103.20042004381493,0.5847953216374269,170,134,1,0,133,129,161505,37,0,0,37,5
2020-06-25,US,Idaho,Latah,10,0,0,46.81587887,-116.71136979999999,16057.0,24.932681759250027,0.0,10,9,0,0,9,9,40134,1,0,0,1,0
2020-06-25,US,Idaho,Lemhi,2,0,0,44.9438088,-113.9309747,16059.0,24.915908807773768,0.0,2,2,0,0,2,2,7961,0,0,0,0,0
2020-06-25,US,Idaho,Lincoln,36,0,0,43.0012336,-114.1358773,16063.0,670.8907938874395,0.0,36,36,0,0,36,35,5360,0,0,0,0,1
2020-06-25,US,Idaho,Madison,31,0,0,43.78141028,-111.65384740000002,16065.0,77.68060741223344,0.0,31,31,0,0,31,31,39304,0,0,0,0,0
2020-06-25,US,Idaho,Minidoka,138,0,0,42.85518524,-113.6357257,16067.0,655.9247112505348,0.0,138,130,0,0,130,124,20825,8,0,0,8,6
2020-06-25,US,Idaho,Nez Perce,91,19,0,46.32638236,-116.75009750000001,16069.0,225.2029301128489,20.87912087912088,72,90,19,0,71,89,40408,1,0,0,1,1
2020-06-25,US,Idaho,Owyhee,33,0,0,42.58016894,-116.16938710000001,16073.0,279.11697538695756,0.0,33,30,0,0,30,28,11693,3,0,0,3,2
2020-06-25,US,Idaho,Payette,73,2,0,44.00545243,-116.7647695,16075.0,304.7889440941923,2.7397260273972597,71,48,2,0,46,43,23551,25,0,0,25,5
2020-06-25,US,Idaho,Power,16,0,0,42.69254894,-112.83957420000002,16077.0,208.30621012888943,0.0,16,16,0,0,16,16,7768,0,0,0,0,0
2020-06-25,US,Idaho,Teton,14,0,0,43.75303583,-111.2056773,16081.0,115.30225662987976,0.0,14,14,0,0,14,14,11640,0,0,0,0,0
2020-06-25,US,Idaho,Twin Falls,540,25,0,42.35440512,-114.6685381,16083.0,621.5612698266534,4.62962962962963,515,522,25,0,497,518,86081,18,0,0,18,4
2020-06-25,US,Idaho,Unassigned,1,0,0,0.0,0.0,90016.0,0.0,0.0,1,1,0,0,1,,,0,0,0,0,
2020-06-25,US,Idaho,Valley,5,0,0,44.76728382,-115.5676773,16085.0,43.890449438202246,0.0,5,3,0,0,3,3,11041,2,0,0,2,0
2020-06-25,US,Idaho,Washington,97,0,0,44.45275475,-116.78476880000001,16087.0,951.5401216401804,0.0,97,96,0,0,96,89,10161,1,0,0,1,7
2020-06-25,US,Illinois,Adams,71,1,0,39.98815591,-91.18786813,17001.0,108.50462290822954,1.4084507042253518,70,67,1,0,66,63,65691,4,0,0,4,4
2020-06-25,US,Illinois,Alexander,21,0,0,37.18049267,-89.32910838,17003.0,364.52004860267317,0.0,21,21,0,0,21,20,6060,0,0,0,0,1
2020-06-25,US,Illinois,Bond,12,1,0,38.88829622,-89.43534887,17005.0,73.0549129428954,8.333333333333334,11,12,1,0,11,12,16630,0,0,0,0,0
2020-06-25,US,Illinois,Boone,567,21,0,42.32359279,-88.82345779,17007.0,1058.9421783953385,3.703703703703704,546,560,21,0,539,562,53577,7,0,0,7,-2
2020-06-25,US,Illinois,Brown,10,0,0,39.96209138,-90.75068024,17009.0,152.02189115232594,0.0,10,10,0,0,10,10,6556,0,0,0,0,0
2020-06-25,US,Illinois,Bureau,24,1,0,41.40385234,-89.5283051,17011.0,73.55645457888929,4.166666666666667,23,24,1,0,23,24,32993,0,0,0,0,0
2020-06-25,US,Illinois,Calhoun,1,0,0,39.16840183,-90.66330078,17013.0,21.101498206372653,0.0,1,1,0,0,1,1,4802,0,0,0,0,0
2020-06-25,US,Illinois,Carroll,21,2,0,42.06823429,-89.93395545,17015.0,146.8018175463125,9.523809523809524,19,21,2,0,19,19,14312,0,0,0,0,2
2020-06-25,US,Illinois,Cass,119,0,0,39.96991073,-90.24734436,17017.0,979.6657610932739,0.0,119,117,0,0,117,100,12260,2,0,0,2,17
2020-06-25,US,Illinois,Champaign,814,12,0,40.13919438,-88.20046615,17019.0,388.19394436522657,1.4742014742014742,802,801,12,0,789,787,209983,13,0,0,13,14
2020-06-25,US,Illinois,Christian,42,4,0,39.54581621,-89.27780482,17021.0,130.0148588410104,9.523809523809524,38,42,4,0,38,42,32661,0,0,0,0,0
2020-06-25,US,Illinois,Clark,14,0,0,39.33425789,-87.78705622,17023.0,90.66770286898516,0.0,14,14,0,0,14,14,15596,0,0,0,0,0
2020-06-25,US,Illinois,Clay,2,0,0,38.75388572,-88.48914513,17025.0,15.169902912621357,0.0,2,2,0,0,2,2,13253,0,0,0,0,0
2020-06-25,US,Illinois,Clinton,226,17,0,38.60704876,-89.42385254,17027.0,601.6719024546084,7.5221238938053085,209,224,17,0,207,225,37639,2,0,0,2,-1
2020-06-25,US,Illinois,Coles,155,17,0,39.51949084,-88.22358557,17029.0,306.1970328519784,10.967741935483868,138,154,17,0,137,151,50885,1,0,0,1,3
2020-06-25,US,Illinois,Cook,88650,4500,0,41.84144849,-87.81658794,17031.0,1721.2813478535825,5.076142131979696,84150,88138,4478,0,83660,87784,5180493,512,22,0,490,354
2020-06-25,US,Illinois,Crawford,18,0,0,39.0032229,-87.75954624,17033.0,96.42684952054428,0.0,18,18,0,0,18,18,18807,0,0,0,0,0
2020-06-25,US,Illinois,Cumberland,10,0,0,39.27432424,-88.2401158,17035.0,92.88500835965077,0.0,10,10,0,0,10,10,10808,0,0,0,0,0
2020-06-25,US,Illinois,De Witt,4,0,0,40.17514519,-88.90959682,17039.0,25.57871850620284,0.0,4,4,0,0,4,4,15769,0,0,0,0,0
2020-06-25,US,Illinois,DeKalb,534,18,0,41.89373302,-88.76958483,17037.0,509.07080278749635,3.3707865168539324,516,527,18,0,509,525,104143,7,0,0,7,2
2020-06-25,US,Illinois,Douglas,45,0,0,39.76768052,-88.21854195,17041.0,231.18417672745957,0.0,45,43,0,0,43,42,19479,2,0,0,2,1
2020-06-25,US,Illinois,DuPage,8825,463,0,41.85116968,-88.08642662,17043.0,956.2031853213872,5.246458923512748,8362,8780,458,0,8322,8736,928589,45,5,0,40,44
2020-06-25,US,Illinois,Edgar,8,0,0,39.6809186,-87.74759563,17045.0,46.617329992424686,0.0,8,7,0,0,7,7,17360,1,0,0,1,0
2020-06-25,US,Illinois,Edwards,2,0,0,38.41353228,-88.05720863,17047.0,31.27443315089914,0.0,2,2,0,0,2,2,6392,0,0,0,0,0
2020-06-25,US,Illinois,Effingham,11,1,0,39.05935711,-88.58969584,17049.0,32.34533051046812,9.090909090909092,10,12,1,0,11,11,34208,-1,0,0,-1,1
2020-06-25,US,Illinois,Fayette,23,3,0,39.00072038,-89.02452658,17051.0,107.79902512185976,13.043478260869565,20,23,3,0,20,23,21416,0,0,0,0,0
2020-06-25,US,Illinois,Ford,26,1,0,40.59706922,-88.22350769,17053.0,200.60180541624874,3.8461538461538463,25,26,1,0,25,26,13264,0,0,0,0,0
2020-06-25,US,Illinois,Franklin,13,0,0,37.99189086,-88.92567818,17055.0,33.793444071850054,0.0,13,12,0,0,12,12,38701,1,0,0,1,0
2020-06-25,US,Illinois,Fulton,15,0,0,40.47289135,-90.20862357,17057.0,43.680838672102496,0.0,15,15,0,0,15,13,34844,0,0,0,0,2
2020-06-25,US,Illinois,Gallatin,2,0,0,37.76430935,-88.22953869,17059.0,41.42502071251035,0.0,2,2,0,0,2,2,5058,0,0,0,0,0
2020-06-25,US,Illinois,Greene,9,0,0,39.35907414,-90.388865,17061.0,69.39625260235947,0.0,9,9,0,0,9,9,13044,0,0,0,0,0
2020-06-25,US,Illinois,Grundy,145,4,0,41.28569601,-88.41905692,17063.0,284.01300583695695,2.7586206896551726,141,144,4,0,140,143,50972,1,0,0,1,1
2020-06-25,US,Illinois,Hamilton,2,0,0,38.08163641,-88.53883373,17065.0,24.64268112370626,0.0,2,2,0,0,2,2,8163,0,0,0,0,0
2020-06-25,US,Illinois,Hancock,18,1,0,40.40423981,-91.16313899,17067.0,101.6489722159476,5.5555555555555545,17,18,1,0,17,18,17844,0,0,0,0,0
2020-06-25,US,Illinois,Hardin,1,0,0,37.51810645,-88.26873022,17069.0,26.17115938236064,0.0,1,1,0,0,1,1,3910,0,0,0,0,0
2020-06-25,US,Illinois,Henderson,8,0,0,40.81908672,-90.92491462,17071.0,120.37315678603672,0.0,8,8,0,0,8,8,6709,0,0,0,0,0
2020-06-25,US,Illinois,Henry,78,1,0,41.3533994,-90.13296166,17073.0,159.46680841494083,1.2820512820512822,77,77,1,0,76,76,49090,1,0,0,1,1
2020-06-25,US,Illinois,Iroquois,149,5,0,40.74717633,-87.82466784,17075.0,549.531607287748,3.355704697986577,144,144,5,0,139,143,27604,5,0,0,5,1
2020-06-25,US,Illinois,Jackson,328,19,0,37.78595185,-89.38232563,17077.0,577.9735682819384,5.7926829268292686,309,325,19,0,306,325,57419,3,0,0,3,0
2020-06-25,US,Illinois,Jasper,46,7,0,39.01054275,-88.15437049,17079.0,478.6680541103018,15.217391304347824,39,46,7,0,39,46,9611,0,0,0,0,0
2020-06-25,US,Illinois,Jefferson,105,17,0,38.29980057,-88.9240025,17081.0,278.6328415242544,16.19047619047619,88,107,17,0,90,104,37820,-2,0,0,-2,3
2020-06-25,US,Illinois,Jersey,34,1,0,39.08869046,-90.35393073,17083.0,156.156707849171,2.9411764705882355,33,33,1,0,32,32,21847,1,0,0,1,1
2020-06-25,US,Illinois,Jo Daviess,39,1,0,42.36542373,-90.21094405,17085.0,183.65905344949374,2.5641025641025643,38,39,1,0,38,38,21366,0,0,0,0,1
2020-06-25,US,Illinois,Johnson,20,0,0,37.45939802,-88.88165419,17087.0,161.0695014898929,0.0,20,20,0,0,20,20,12456,0,0,0,0,0
2020-06-25,US,Illinois,Kane,7529,257,0,41.93842729,-88.42861412,17089.0,1414.1543154339854,3.4134679240270955,7272,7496,255,0,7241,7457,534216,33,2,0,31,39
2020-06-25,US,Illinois,Kankakee,1173,62,0,41.13746989,-87.86205334,17091.0,1067.7031184577015,5.285592497868713,1111,1168,62,0,1106,1158,110024,5,0,0,5,10
2020-06-25,US,Illinois,Kendall,940,21,0,41.59081014,-88.42869583,17093.0,728.7386619117761,2.234042553191489,919,928,21,0,907,924,127915,12,0,0,12,4
2020-06-25,US,Illinois,Knox,121,0,0,40.93148779,-90.21330340000002,17095.0,243.465663293024,0.0,121,119,0,0,119,117,50112,2,0,0,2,2
2020-06-25,US,Illinois,LaSalle,199,17,0,41.34426129999999,-88.88633881,17099.0,183.12490222602585,8.542713567839195,182,195,16,0,179,191,109430,4,1,0,3,4
2020-06-25,US,Illinois,Lake,9514,411,0,42.3224907,-88.00367925,17097.0,1365.904082350492,4.319949548034476,9103,9447,409,0,9038,9404,700832,67,2,0,65,43
2020-06-25,US,Illinois,Lawrence,6,0,0,38.71987914,-87.72884035,17101.0,38.270187523918864,0.0,6,6,0,0,6,5,15765,0,0,0,0,1
2020-06-25,US,Illinois,Lee,96,2,0,41.74583951,-89.29977132,17103.0,281.55795401220087,2.083333333333333,94,96,2,0,94,96,34223,0,0,0,0,0
2020-06-25,US,Illinois,Livingston,40,2,0,40.89188292,-88.55784752,17105.0,112.20825852782764,5.0,38,40,2,0,38,38,35761,0,0,0,0,2
2020-06-25,US,Illinois,Logan,13,0,0,40.12581572,-89.36638784,17107.0,45.42595569222168,0.0,13,13,0,0,13,13,28925,0,0,0,0,0
2020-06-25,US,Illinois,Macon,226,22,0,39.86064913,-88.96342505,17115.0,217.28888846157543,9.734513274336283,204,223,22,0,201,220,104712,3,0,0,3,3
2020-06-25,US,Illinois,Macoupin,50,3,0,39.26119767,-89.92424028,17117.0,111.29412812180028,6.0,47,48,3,0,45,47,45313,2,0,0,2,1
2020-06-25,US,Illinois,Madison,872,68,0,38.83042506,-89.90422563,17119.0,331.6018040355027,7.798165137614678,804,841,68,0,773,826,264461,31,0,0,31,15
2020-06-25,US,Illinois,Marion,65,0,0,38.64963204,-88.91899208,17121.0,174.7077005778793,0.0,65,63,0,0,63,62,37620,2,0,0,2,1
2020-06-25,US,Illinois,Marshall,7,0,0,41.0327901,-89.34510444,17123.0,61.19951040391677,0.0,7,6,0,0,6,6,11534,1,0,0,1,0
2020-06-25,US,Illinois,Mason,21,0,0,40.23917274,-89.91824452,17125.0,157.1973950145969,0.0,21,21,0,0,21,19,13565,0,0,0,0,2
2020-06-25,US,Illinois,Massac,8,0,0,37.22078441,-88.71036614,17127.0,58.088875980249774,0.0,8,8,0,0,8,7,14080,0,0,0,0,1
2020-06-25,US,Illinois,McDonough,101,15,0,40.45674722,-90.67775541,17109.0,340.27356647126203,14.851485148514852,86,101,15,0,86,101,29955,0,0,0,0,0
2020-06-25,US,Illinois,McHenry,1949,95,0,42.32451172,-88.45248227,17111.0,633.2568703009351,4.8742945100051305,1854,1937,93,0,1844,1922,308570,12,2,0,10,15
2020-06-25,US,Illinois,McLean,254,13,0,40.48996987,-88.84621113,17113.0,148.09027676556843,5.118110236220472,241,253,13,0,240,253,172828,1,0,0,1,0
2020-06-25,US,Illinois,Menard,23,0,0,40.02742725,-89.80246001,17129.0,188.58642177763198,0.0,23,23,0,0,23,23,12288,0,0,0,0,0
2020-06-25,US,Illinois,Mercer,20,0,0,41.20596782,-90.74290052,17131.0,129.55885210857028,0.0,20,20,0,0,20,20,15601,0,0,0,0,0
2020-06-25,US,Illinois,Monroe,118,13,0,38.27594376,-90.17761038,17133.0,340.6761555561971,11.016949152542374,105,117,12,0,105,116,34335,1,1,0,0,1
2020-06-25,US,Illinois,Montgomery,41,1,0,39.23198845,-89.47809254,17135.0,144.29506581262757,2.4390243902439024,40,41,1,0,40,41,28601,0,0,0,0,0
2020-06-25,US,Illinois,Morgan,123,3,0,39.71654544,-90.20255104,17137.0,365.4406084734685,2.4390243902439024,120,123,3,0,120,121,33976,0,0,0,0,2
2020-06-25,US,Illinois,Moultrie,16,0,0,39.64187451,-88.62099969,17139.0,110.33721812288807,0.0,16,15,0,0,15,15,14717,1,0,0,1,0
2020-06-25,US,Illinois,Ogle,240,4,0,42.04165196,-89.32184679,17141.0,473.9055743143178,1.6666666666666667,236,238,4,0,234,237,50923,2,0,0,2,1
2020-06-25,US,Illinois,Peoria,459,26,0,40.78702156,-89.76078901,17143.0,256.1684125929936,5.664488017429194,433,447,26,0,421,442,180621,12,0,0,12,5
2020-06-25,US,Illinois,Perry,46,0,0,38.08510853,-89.36856219,17145.0,219.9273283610633,0.0,46,46,0,0,46,44,21174,0,0,0,0,2
2020-06-25,US,Illinois,Piatt,19,0,0,40.01360584,-88.59319339,17147.0,116.25061184532551,0.0,19,17,0,0,17,18,16396,2,0,0,2,-1
2020-06-25,US,Illinois,Pike,2,0,0,39.62265059,-90.8877017,17149.0,12.852644431591802,0.0,2,2,0,0,2,2,15611,0,0,0,0,0
2020-06-25,US,Illinois,Pope,1,0,0,37.41391284,-88.56152109,17151.0,23.94062724443381,0.0,1,1,0,0,1,1,4212,0,0,0,0,0
2020-06-25,US,Illinois,Pulaski,67,0,0,37.22631423,-89.13085001,17153.0,1255.8575445173385,0.0,67,67,0,0,67,67,5463,0,0,0,0,0
2020-06-25,US,Illinois,Putnam,1,0,0,41.2013541,-89.2869272,17155.0,17.424638438752392,0.0,1,1,0,0,1,1,5740,0,0,0,0,0
2020-06-25,US,Illinois,Randolph,278,7,0,38.05095369,-89.82512254,17157.0,874.7089547542635,2.5179856115107917,271,278,7,0,271,278,32106,0,0,0,0,0
2020-06-25,US,Illinois,Richland,4,0,0,38.71240969,-88.08475366,17159.0,25.78482563011668,0.0,4,4,0,0,4,4,15763,0,0,0,0,0
2020-06-25,US,Illinois,Rock Island,816,28,0,41.46613806,-90.57042164,17161.0,575.1379696783879,3.431372549019608,788,809,28,0,781,797,143477,7,0,0,7,12
2020-06-25,US,Illinois,Saline,8,0,0,37.75332999,-88.54119706,17165.0,34.05559576007833,0.0,8,8,0,0,8,8,23906,0,0,0,0,0
2020-06-25,US,Illinois,Sangamon,399,31,0,39.75836914,-89.65872023,17167.0,204.96013807840882,7.769423558897243,368,397,31,0,366,392,195348,2,0,0,2,5
2020-06-25,US,Illinois,Schuyler,13,0,0,40.1571798,-90.61114163,17169.0,192.08037825059105,0.0,13,13,0,0,13,13,6907,0,0,0,0,0
2020-06-25,US,Illinois,Shelby,16,1,0,39.39133527,-88.80611122,17173.0,73.95765924008505,6.25,15,16,1,0,15,16,21741,0,0,0,0,0
2020-06-25,US,Illinois,St. Clair,1694,132,0,38.46996033,-89.93063427,17163.0,652.3262709580032,7.792207792207793,1562,1671,130,0,1541,1624,261059,23,2,0,21,47
2020-06-25,US,Illinois,Stark,3,0,0,41.09309773,-89.79745866,17175.0,56.15874204417821,0.0,3,3,0,0,3,3,5427,0,0,0,0,0
2020-06-25,US,Illinois,Stephenson,261,5,0,42.35129217,-89.662598,17177.0,586.5432154254123,1.9157088122605364,256,257,5,0,252,255,44753,4,0,0,4,2
2020-06-25,US,Illinois,Tazewell,114,7,0,40.50716185,-89.51404662,17179.0,86.49272019605017,6.140350877192982,107,113,7,0,106,113,132328,1,0,0,1,0
2020-06-25,US,Illinois,Unassigned,39,0,0,0.0,0.0,90017.0,0.0,0.0,39,45,0,0,45,44,,-6,0,0,-6,1
2020-06-25,US,Illinois,Union,181,18,0,37.47119609,-89.25548938,17181.0,1086.8912508256772,9.944751381215472,163,182,18,0,164,182,16841,-1,0,0,-1,0
2020-06-25,US,Illinois,Vermilion,52,2,0,40.18417171,-87.73384359,17183.0,68.63961561815253,3.8461538461538463,50,50,2,0,48,50,76806,2,0,0,2,0
2020-06-25,US,Illinois,Wabash,22,0,0,38.44272901,-87.84922065,17185.0,190.97222222222226,0.0,22,22,0,0,22,22,11549,0,0,0,0,0
2020-06-25,US,Illinois,Warren,131,0,0,40.84925021,-90.6147432,17187.0,777.7250059368321,0.0,131,130,0,0,130,129,17032,1,0,0,1,1
2020-06-25,US,Illinois,Washington,19,0,0,38.35309213,-89.40982703,17189.0,136.81860733059696,0.0,19,19,0,0,19,19,13995,0,0,0,0,0
2020-06-25,US,Illinois,Wayne,12,1,0,38.42955355,-88.42586459,17191.0,74.00555041628122,8.333333333333334,11,11,1,0,10,11,16332,1,0,0,1,0
2020-06-25,US,Illinois,White,4,0,0,38.08706198,-88.17657461,17193.0,29.548644455935587,0.0,4,3,0,0,3,3,13665,1,0,0,1,0
2020-06-25,US,Illinois,Whiteside,178,15,0,41.75509713,-89.91556058,17195.0,322.60987766198457,8.426966292134832,163,178,15,0,163,176,55626,0,0,0,0,2
2020-06-25,US,Illinois,Will,6493,315,0,41.44619267,-87.97862712,17197.0,940.0022873919822,4.851378407515786,6178,6459,313,0,6146,6433,692310,34,2,0,32,26
2020-06-25,US,Illinois,Williamson,102,4,0,37.73033511,-88.92994027,17199.0,153.16005225460606,3.92156862745098,98,99,4,0,95,95,67056,3,0,0,3,4
2020-06-25,US,Illinois,Winnebago,2935,89,0,42.33641854,-89.16085327,17201.0,1038.6733292753706,3.0323679727427595,2846,2911,88,0,2823,2893,284081,24,1,0,23,18
2020-06-25,US,Illinois,Woodford,33,2,0,40.78579374,-89.20973757,17203.0,85.80566317376946,6.0606060606060606,31,32,2,0,30,32,38463,1,0,0,1,0
2020-06-25,US,Indiana,Adams,39,1,0,40.7457653,-84.93671406,18001.0,109.0085809318836,2.5641025641025643,38,38,1,0,37,36,35636,1,0,0,1,2
2020-06-25,US,Indiana,Allen,2507,97,0,41.09194313,-85.06800636,18003.0,660.9561322334097,3.8691663342640608,2410,2466,97,0,2369,2436,375351,41,0,0,41,30
2020-06-25,US,Indiana,Bartholomew,572,43,0,39.20744865,-85.89558181,18005.0,682.7486601654352,7.517482517482517,529,568,43,0,525,568,82753,4,0,0,4,0
2020-06-25,US,Indiana,Benton,44,0,0,40.60626947,-87.31093999,18007.0,502.97210791037946,0.0,44,44,0,0,44,44,8653,0,0,0,0,0
2020-06-25,US,Indiana,Blackford,33,2,0,40.47388153,-85.32499702,18009.0,280.65997618642626,6.0606060606060606,31,33,2,0,31,33,11930,0,0,0,0,0
2020-06-25,US,Indiana,Boone,402,41,0,40.0509304,-86.46841646,18011.0,592.5445513907109,10.199004975124376,361,400,41,0,359,396,66999,2,0,0,2,4
2020-06-25,US,Indiana,Brown,37,1,0,39.19605589,-86.22868909,18013.0,245.1630002650411,2.702702702702702,36,37,1,0,36,37,15234,0,0,0,0,0
2020-06-25,US,Indiana,Carroll,104,2,0,40.580783200000006,-86.56198812,18015.0,513.4027743496075,1.9230769230769231,102,103,2,0,101,103,20127,1,0,0,1,0
2020-06-25,US,Indiana,Cass,1629,9,0,40.76135835,-86.34830753,18017.0,4322.216031202738,0.5524861878453039,1620,1625,9,0,1616,1625,37955,4,0,0,4,0
2020-06-25,US,Indiana,Clark,605,44,0,38.48015445,-85.70510334,18019.0,511.40301939105,7.272727272727272,561,600,43,0,557,597,117360,5,1,0,4,3
2020-06-25,US,Indiana,Clay,56,4,0,39.39561833,-87.11723506,18021.0,213.53670162059106,7.142857142857142,52,56,4,0,52,56,26170,0,0,0,0,0
2020-06-25,US,Indiana,Clinton,274,1,0,40.30319754,-86.47277257,18023.0,845.7051143553813,0.36496350364963503,273,274,1,0,273,273,32250,0,0,0,0,1
2020-06-25,US,Indiana,Crawford,27,0,0,38.28814402,-86.44518825,18025.0,255.27087075730358,0.0,27,27,0,0,27,27,10558,0,0,0,0,0
2020-06-25,US,Indiana,Daviess,132,16,0,38.70186039,-87.07185406,18027.0,395.79023117747596,12.12121212121212,116,132,16,0,116,132,33147,0,0,0,0,0
2020-06-25,US,Indiana,DeKalb,146,4,0,41.39804622,-84.99906934,18033.0,335.8251868890166,2.7397260273972597,142,140,4,0,136,139,43226,6,0,0,6,1
2020-06-25,US,Indiana,Dearborn,193,22,0,39.14647946,-84.97333539,18029.0,390.2300942213595,11.398963730569946,171,190,23,0,167,190,49568,3,-1,0,4,0
2020-06-25,US,Indiana,Decatur,241,32,0,39.30712658,-85.50087166,18031.0,907.4136827440793,13.278008298755188,209,241,32,0,209,239,26794,0,0,0,0,2
2020-06-25,US,Indiana,Delaware,413,47,0,40.22787247,-85.39732772,18035.0,361.85219257896347,11.380145278450366,366,412,47,0,365,410,114772,1,0,0,1,2
2020-06-25,US,Indiana,Dubois,255,6,0,38.36597551,-86.87924170000002,18037.0,596.6866342193935,2.3529411764705883,249,255,6,0,249,251,42565,0,0,0,0,4
2020-06-25,US,Indiana,Elkhart,2805,41,0,41.59761169,-85.85875695,18039.0,1359.4002161470576,1.461675579322638,2764,2705,40,0,2665,2665,205560,100,1,0,99,40
2020-06-25,US,Indiana,Fayette,88,7,0,39.63684962,-85.17797541,18041.0,380.9194009176695,7.954545454545454,81,86,7,0,79,86,23047,2,0,0,2,0
2020-06-25,US,Indiana,Floyd,350,43,0,38.32117957,-85.90385377,18043.0,445.73495326150635,12.285714285714285,307,351,43,0,308,347,77781,-1,0,0,-1,4
2020-06-25,US,Indiana,Fountain,25,2,0,40.12361933,-87.24217689,18045.0,152.94261593050288,8.0,23,24,2,0,22,24,16351,1,0,0,1,0
2020-06-25,US,Indiana,Franklin,122,8,0,39.4142482,-85.06062647,18047.0,536.0752262940505,6.557377049180328,114,121,8,0,113,121,22736,1,0,0,1,0
2020-06-25,US,Indiana,Fulton,64,1,0,41.0469907,-86.26252745,18049.0,320.4165415039552,1.5625,63,64,1,0,63,63,20092,0,0,0,0,1
2020-06-25,US,Indiana,Gibson,29,2,0,38.30393723,-87.58054938,18051.0,86.15823405329927,6.896551724137932,27,29,2,0,27,27,33452,0,0,0,0,2
2020-06-25,US,Indiana,Grant,280,26,0,40.51587228,-85.65468702,18053.0,425.7324879502501,9.285714285714286,254,280,26,0,254,277,65936,0,0,0,0,3
2020-06-25,US,Indiana,Greene,184,29,0,39.03630547,-86.96223202,18055.0,576.4049871561932,15.76086956521739,155,184,29,0,155,184,32006,0,0,0,0,0
2020-06-25,US,Indiana,Hamilton,1411,97,0,40.07306535,-86.05244729,18057.0,417.44203591007386,6.874557051736357,1314,1398,97,0,1301,1393,330086,13,0,0,13,5
2020-06-25,US,Indiana,Hancock,397,35,0,39.82304555,-85.77566351,18059.0,507.8804625933886,8.816120906801007,362,394,34,0,360,392,76351,3,1,0,2,2
2020-06-25,US,Indiana,Harrison,203,22,0,38.19467379,-86.10948271,18061.0,501.04899419967916,10.83743842364532,181,201,22,0,179,200,40350,2,0,0,2,1
2020-06-25,US,Indiana,Hendricks,1346,97,0,39.76719009,-86.51037283,18063.0,790.3188872122175,7.206537890044578,1249,1337,95,0,1242,1327,167009,9,2,0,7,10
2020-06-25,US,Indiana,Henry,215,15,0,39.93029017,-85.39625719,18065.0,448.1781038939382,6.9767441860465125,200,211,15,0,196,211,48271,4,0,0,4,0
2020-06-25,US,Indiana,Howard,524,50,0,40.48527731,-86.11351892,18067.0,634.812948245784,9.541984732824428,474,509,50,0,459,501,82366,15,0,0,15,8
2020-06-25,US,Indiana,Huntington,64,2,0,40.82907273,-85.48822092,18069.0,175.24644030668128,3.125,62,63,2,0,61,62,36240,1,0,0,1,1
2020-06-25,US,Indiana,Jackson,442,3,0,38.90915820000001,-86.03851889,18071.0,999.2991340914743,0.6787330316742082,439,433,3,0,430,432,44111,9,0,0,9,1
2020-06-25,US,Indiana,Jasper,100,2,0,41.02078733,-87.11553319,18073.0,297.9560216911984,2.0,98,96,2,0,94,93,33370,4,0,0,4,3
2020-06-25,US,Indiana,Jay,65,0,0,40.43781032,-85.00576229,18075.0,318.06615776081424,0.0,65,65,0,0,65,65,20764,0,0,0,0,0
2020-06-25,US,Indiana,Jefferson,58,1,0,38.78576239,-85.43633383,18077.0,179.52209978952578,1.7241379310344829,57,58,1,0,57,58,32208,0,0,0,0,0
2020-06-25,US,Indiana,Jennings,164,9,0,38.99588883,-85.62710784,18079.0,591.3106183522625,5.487804878048781,155,164,9,0,155,164,27611,0,0,0,0,0
2020-06-25,US,Indiana,Johnson,1205,117,0,39.48994426,-86.10149107,18081.0,761.8529781812894,9.709543568464731,1088,1205,117,0,1088,1205,156225,0,0,0,0,0
2020-06-25,US,Indiana,Knox,54,0,0,38.68861576,-87.4194665,18083.0,147.56517461878997,0.0,54,47,0,0,47,47,36895,7,0,0,7,0
2020-06-25,US,Indiana,Kosciusko,432,2,0,41.24521668,-85.86312322,18085.0,543.6971405557794,0.462962962962963,430,406,2,0,404,397,79344,26,0,0,26,9
2020-06-25,US,Indiana,LaGrange,420,6,0,41.64232188,-85.42674232,18087.0,1060.2312313828445,1.4285714285714286,414,412,6,0,406,408,39330,8,0,0,8,4
2020-06-25,US,Indiana,LaPorte,502,25,0,41.54366008,-86.74072188,18091.0,456.8287711124054,4.9800796812749,477,494,25,0,469,492,110007,8,0,0,8,2
2020-06-25,US,Indiana,Lake,4596,238,0,41.41874274,-87.38277575,18089.0,946.6665842761894,5.178416013925152,4358,4525,238,0,4287,4489,484411,71,0,0,71,36
2020-06-25,US,Indiana,Lawrence,204,24,0,38.84112637,-86.48361629,18093.0,449.636323561825,11.764705882352944,180,197,24,0,173,197,45668,7,0,0,7,0
2020-06-25,US,Indiana,Madison,624,63,0,40.16143691,-85.71964711,18095.0,481.5966782177837,10.096153846153848,561,624,63,0,561,621,129641,0,0,0,0,3
2020-06-25,US,Indiana,Marion,11042,675,0,39.78163624,-86.13826325,18097.0,1144.7445629298495,6.113023003079152,10367,10996,673,0,10323,10977,954670,46,2,0,44,19
2020-06-25,US,Indiana,Marshall,385,3,0,41.32467367,-86.26185087,18099.0,832.2884690215747,0.7792207792207793,382,374,3,0,371,369,46248,11,0,0,11,5
2020-06-25,US,Indiana,Martin,22,0,0,38.7099921,-86.80373186,18101.0,214.5294978059483,0.0,22,22,0,0,22,22,10217,0,0,0,0,0
2020-06-25,US,Indiana,Miami,176,2,0,40.76940965,-86.04525048,18103.0,495.55130082216476,1.1363636363636365,174,176,2,0,174,177,35567,0,0,0,0,-1
2020-06-25,US,Indiana,Monroe,219,28,0,39.16130004,-86.52414358,18105.0,147.5433029488449,12.78538812785388,191,214,26,0,188,213,146917,5,2,0,3,1
2020-06-25,US,Indiana,Montgomery,277,19,0,40.04034823,-86.89335024,18107.0,722.5207366059784,6.859205776173285,258,275,19,0,256,274,38346,2,0,0,2,1
2020-06-25,US,Indiana,Morgan,308,30,0,39.47899078,-86.44573375,18109.0,436.9476088467704,9.74025974025974,278,307,30,0,277,305,70116,1,0,0,1,2
2020-06-25,US,Indiana,Newton,90,10,0,40.95610449,-87.39635768,18111.0,643.5926773455377,11.111111111111109,80,90,10,0,80,89,14011,0,0,0,0,1
2020-06-25,US,Indiana,Noble,392,28,0,41.39672484,-85.41966713,18113.0,821.0455764075067,7.142857142857142,364,383,28,0,355,376,47532,9,0,0,9,7
2020-06-25,US,Indiana,Ohio,14,0,0,38.955305,-84.96515993,18115.0,238.29787234042556,0.0,14,13,0,0,13,13,5844,1,0,0,1,0
2020-06-25,US,Indiana,Orange,133,23,0,38.54118920000001,-86.49523093,18117.0,676.9825918762089,17.29323308270677,110,132,23,0,109,132,19489,1,0,0,1,0
2020-06-25,US,Indiana,Owen,41,1,0,39.31145587,-86.83900724,18119.0,197.12486177220055,2.4390243902439024,40,40,1,0,39,40,20845,1,0,0,1,0
2020-06-25,US,Indiana,Parke,21,0,0,39.77202286,-87.20375833,18121.0,123.98890004132963,0.0,21,20,0,0,20,20,16927,1,0,0,1,0
2020-06-25,US,Indiana,Perry,112,4,0,38.07809328,-86.63741946,18123.0,584.2766967499608,3.571428571428572,108,108,4,0,104,109,19102,4,0,0,4,-1
2020-06-25,US,Indiana,Pike,6,0,0,38.40112197,-87.23574907,18125.0,48.43005892323836,0.0,6,6,0,0,6,6,12410,0,0,0,0,0
2020-06-25,US,Indiana,Porter,635,36,0,41.45986947,-87.06848888,18127.0,372.6766399239388,5.669291338582678,599,630,36,0,594,626,169594,5,0,0,5,4
2020-06-25,US,Indiana,Posey,27,0,0,38.02097333,-87.86480429,18129.0,106.18633735792662,0.0,27,26,0,0,26,26,25540,1,0,0,1,0
2020-06-25,US,Indiana,Pulaski,54,1,0,41.04166107,-86.69890683,18131.0,437.14077552011656,1.851851851851852,53,54,1,0,53,54,12469,0,0,0,0,0
2020-06-25,US,Indiana,Putnam,159,8,0,39.66437981,-86.84517605,18133.0,423.1424313391528,5.031446540880503,151,159,8,0,151,159,37779,0,0,0,0,0
2020-06-25,US,Indiana,Randolph,74,4,0,40.15734772,-85.01139319,18135.0,300.02027163997565,5.405405405405406,70,74,4,0,70,74,24851,0,0,0,0,0
2020-06-25,US,Indiana,Ripley,111,7,0,39.10235626,-85.26212744,18137.0,391.8938003106906,6.306306306306308,104,113,7,0,106,112,28523,-2,0,0,-2,1
2020-06-25,US,Indiana,Rush,52,3,0,39.62002287,-85.4655599,18139.0,313.61196550268386,5.769230769230768,49,52,3,0,49,52,16663,0,0,0,0,0
2020-06-25,US,Indiana,Scott,154,6,0,38.68672078,-85.74627859,18143.0,645.0802161437607,3.8961038961038965,148,152,6,0,146,151,23878,2,0,0,2,1
2020-06-25,US,Indiana,Shelby,409,24,0,39.52305623,-85.79158570000001,18145.0,914.395582284424,5.8679706601467005,385,408,24,0,384,407,44593,1,0,0,1,1
2020-06-25,US,Indiana,Spencer,28,1,0,38.01519732,-87.0079644,18147.0,138.08748828722202,3.571428571428572,27,27,1,0,26,25,20327,1,0,0,1,2
2020-06-25,US,Indiana,St. Joseph,1740,59,0,41.61756781,-86.29040834,18141.0,640.1153679191835,3.3908045977011496,1681,1705,59,0,1646,1687,270771,35,0,0,35,18
2020-06-25,US,Indiana,Starke,63,3,0,41.27890281,-86.64686895,18149.0,273.97260273972597,4.761904761904762,60,62,3,0,59,61,22935,1,0,0,1,1
2020-06-25,US,Indiana,Steuben,113,2,0,41.64423868,-85.00101094,18151.0,326.64623923223684,1.7699115044247788,111,112,2,0,110,111,34586,1,0,0,1,1
2020-06-25,US,Indiana,Sullivan,41,1,0,39.08952258,-87.41414469,18153.0,198.36470075959167,2.4390243902439024,40,41,1,0,40,41,20690,0,0,0,0,0
2020-06-25,US,Indiana,Switzerland,22,0,0,38.82767338,-85.03022429,18155.0,204.63212724397732,0.0,22,22,0,0,22,22,10717,0,0,0,0,0
2020-06-25,US,Indiana,Tippecanoe,555,8,0,40.38872739,-86.89413959,18157.0,283.5509778676966,1.4414414414414414,547,544,8,0,536,541,193048,11,0,0,11,3
2020-06-25,US,Indiana,Tipton,28,1,0,40.31123252,-86.05234925,18159.0,184.8428835489834,3.571428571428572,27,28,1,0,27,28,15128,0,0,0,0,0
2020-06-25,US,Indiana,Unassigned,0,192,0,0.0,0.0,90018.0,0.0,0.0,-192,0,192,0,-192,0,,0,0,0,0,0
2020-06-25,US,Indiana,Union,13,0,0,39.62550777,-84.92497066,18161.0,184.2925999432946,0.0,13,12,0,0,12,12,7037,1,0,0,1,0
2020-06-25,US,Indiana,Vanderburgh,369,6,0,38.02658833,-87.58763124,18163.0,203.3606869072091,1.6260162601626016,363,359,6,0,353,347,180974,10,0,0,10,12
2020-06-25,US,Indiana,Vermillion,13,0,0,39.8523352,-87.46160542,18165.0,83.88179119886435,0.0,13,13,0,0,13,13,15479,0,0,0,0,0
2020-06-25,US,Indiana,Vigo,214,8,0,39.42944561,-87.39169027,18167.0,199.92899717857208,3.7383177570093458,206,214,8,0,206,212,107386,0,0,0,0,2
2020-06-25,US,Indiana,Wabash,99,2,0,40.84704239,-85.79328272,18169.0,319.39605110336817,2.0202020202020203,97,96,2,0,94,95,31280,3,0,0,3,1
2020-06-25,US,Indiana,Warren,14,1,0,40.34728141,-87.35602659,18171.0,169.38898971566852,7.142857142857142,13,14,1,0,13,14,8263,0,0,0,0,0
2020-06-25,US,Indiana,Warrick,182,29,0,38.08922676,-87.2716085,18173.0,288.8980602558812,15.934065934065936,153,182,29,0,153,182,62567,0,0,0,0,0
2020-06-25,US,Indiana,Washington,62,1,0,38.60219804,-86.1049363,18175.0,221.14424311599373,1.6129032258064515,61,62,1,0,61,62,27943,0,0,0,0,0
2020-06-25,US,Indiana,Wayne,115,6,0,39.8633444,-85.01044989,18177.0,174.54920769837898,5.217391304347826,109,112,6,0,106,110,65936,3,0,0,3,2
2020-06-25,US,Indiana,Wells,66,1,0,40.72934187,-85.22132966,18179.0,233.24851569126372,1.5151515151515151,65,66,1,0,65,65,28206,0,0,0,0,1
2020-06-25,US,Indiana,White,249,10,0,40.74911165,-86.86492015,18181.0,1033.1092855364698,4.016064257028113,239,249,10,0,239,249,24133,0,0,0,0,0
2020-06-25,US,Indiana,Whitley,74,4,0,41.13863784,-85.50791236,18183.0,217.87775291485104,5.405405405405406,70,72,4,0,68,71,34074,2,0,0,2,1
2020-06-25,US,Iowa,Adair,14,0,0,41.33075609,-94.47105874,19001.0,195.74944071588368,0.0,14,12,0,0,12,12,7063,2,0,0,2,0
2020-06-25,US,Iowa,Adams,7,0,0,41.02903567,-94.69932645,19003.0,194.3364797334814,0.0,7,7,0,0,7,7,3645,0,0,0,0,0
2020-06-25,US,Iowa,Allamakee,122,4,0,43.28383218,-91.37860922,19005.0,891.3567618908452,3.278688524590164,118,122,4,0,118,122,13832,0,0,0,0,0
2020-06-25,US,Iowa,Appanoose,20,3,0,40.74324454,-92.86865906,19007.0,160.95284081764044,15.0,17,20,3,0,17,20,12437,0,0,0,0,0
2020-06-25,US,Iowa,Audubon,16,1,0,41.6844628,-94.90581859,19009.0,291.12081513828235,6.25,15,15,1,0,14,15,5506,1,0,0,1,0
2020-06-25,US,Iowa,Benton,55,1,0,42.08011739,-92.06463573,19011.0,214.46675765256387,1.818181818181818,54,52,1,0,51,52,25642,3,0,0,3,0
2020-06-25,US,Iowa,Black Hawk,1961,57,0,42.4704581,-92.30524729,19013.0,1494.345718901454,2.9066802651708312,1904,1919,56,0,1863,1913,132408,42,1,0,41,6
2020-06-25,US,Iowa,Boone,128,1,0,42.03657094,-93.9313999,19015.0,487.9164443089121,0.78125,127,117,1,0,116,115,26346,11,0,0,11,2
2020-06-25,US,Iowa,Bremer,86,6,0,42.77461496,-92.31795937,19017.0,343.1489905035512,6.9767441860465125,80,85,6,0,79,85,24947,1,0,0,1,0
2020-06-25,US,Iowa,Buchanan,41,1,0,42.4709188,-91.83510825,19019.0,193.6245572609209,2.4390243902439024,40,40,1,0,39,40,21199,1,0,0,1,0
2020-06-25,US,Iowa,Buena Vista,1677,11,0,42.73545875,-95.15100162,19021.0,8547.400611620795,0.6559332140727491,1666,1673,10,0,1663,1670,19874,4,1,0,3,3
2020-06-25,US,Iowa,Butler,40,2,0,42.73172833,-92.79015971,19023.0,277.02749497887663,5.0,38,36,2,0,34,36,14539,4,0,0,4,0
2020-06-25,US,Iowa,Calhoun,30,0,0,42.38521079,-94.64046046,19025.0,310.3020273065784,0.0,30,27,0,0,27,26,9699,3,0,0,3,1
2020-06-25,US,Iowa,Carroll,73,1,0,42.03617207,-94.86032705,19027.0,362.0133895363253,1.3698630136986298,72,70,1,0,69,69,20154,3,0,0,3,1
2020-06-25,US,Iowa,Cass,16,0,0,41.33149454,-94.92792482,19029.0,124.64942349641632,0.0,16,16,0,0,16,16,12930,0,0,0,0,0
2020-06-25,US,Iowa,Cedar,68,1,0,41.77233777,-91.13246684,19031.0,365.06146990927147,1.4705882352941178,67,64,1,0,63,62,18627,4,0,0,4,2
2020-06-25,US,Iowa,Cerro Gordo,70,1,0,43.08177563,-93.2612239,19033.0,164.89988221436985,1.4285714285714286,69,62,1,0,61,62,42647,8,0,0,8,0
2020-06-25,US,Iowa,Cherokee,68,0,0,42.73538914,-95.62389402,19035.0,605.2514463729417,0.0,68,69,0,0,69,68,11321,-1,0,0,-1,1
2020-06-25,US,Iowa,Chickasaw,23,0,0,43.06001295,-92.31773347,19037.0,192.74281404508503,0.0,23,20,0,0,20,20,11964,3,0,0,3,0
2020-06-25,US,Iowa,Clarke,114,2,0,41.02868181,-93.78499767,19039.0,1213.4113890367214,1.7543859649122806,112,111,2,0,109,111,9423,3,0,0,3,0
2020-06-25,US,Iowa,Clay,113,0,0,43.08247182,-95.15096481,19041.0,705.5444555444556,0.0,113,110,0,0,110,109,16134,3,0,0,3,1
2020-06-25,US,Iowa,Clayton,38,3,0,42.84443388,-91.34133693,19043.0,216.53655478944668,7.894736842105262,35,35,3,0,32,35,17556,3,0,0,3,0
2020-06-25,US,Iowa,Clinton,83,1,0,41.89981633,-90.53275096,19045.0,178.76758060694823,1.2048192771084338,82,75,1,0,74,75,46518,8,0,0,8,0
2020-06-25,US,Iowa,Crawford,650,2,0,42.03718237,-95.3819718,19047.0,3864.447086801427,0.3076923076923077,648,643,2,0,641,642,17158,7,0,0,7,1
2020-06-25,US,Iowa,Dallas,1115,29,0,41.68560356,-94.04127625,19049.0,1193.1131156838194,2.600896860986547,1086,1084,29,0,1055,1084,90180,31,0,0,31,0
2020-06-25,US,Iowa,Davis,36,1,0,40.74773536,-92.41005468,19051.0,400.0,2.7777777777777777,35,36,1,0,35,36,9017,0,0,0,0,0
2020-06-25,US,Iowa,Decatur,9,0,0,40.73742757,-93.78645949,19053.0,114.35832274459976,0.0,9,9,0,0,9,9,7890,0,0,0,0,0
2020-06-25,US,Iowa,Delaware,36,1,0,42.47104597,-91.3664492,19055.0,211.62777026629828,2.7777777777777777,35,34,1,0,33,34,17069,2,0,0,2,0
2020-06-25,US,Iowa,Des Moines,81,2,0,40.92012606,-91.18326592,19057.0,207.8681961659866,2.469135802469136,79,79,2,0,77,78,39138,2,0,0,2,1
2020-06-25,US,Iowa,Dickinson,232,2,0,43.37787725,-95.1510206,19059.0,1344.3040908564144,0.8620689655172413,230,212,2,0,210,212,17153,20,0,0,20,0
2020-06-25,US,Iowa,Dubuque,483,22,0,42.46815349,-90.88181925,19061.0,496.3467644973333,4.554865424430641,461,462,22,0,440,454,96854,21,0,0,21,8
2020-06-25,US,Iowa,Emmet,66,0,0,43.37782951,-94.67858943,19063.0,716.7680278019113,0.0,66,63,0,0,63,63,9253,3,0,0,3,0
2020-06-25,US,Iowa,Fayette,30,0,0,42.86271799,-91.8441231,19065.0,152.67175572519085,0.0,30,30,0,0,30,30,19660,0,0,0,0,0
2020-06-25,US,Iowa,Floyd,54,1,0,43.06000529999999,-92.78940097,19067.0,345.2243958573073,1.851851851851852,53,50,1,0,49,46,15761,4,0,0,4,4
2020-06-25,US,Iowa,Franklin,68,0,0,42.73270384,-93.26256925,19069.0,675.2730883813307,0.0,68,66,0,0,66,66,10124,2,0,0,2,0
2020-06-25,US,Iowa,Fremont,6,0,0,40.74542720000001,-95.60129045,19071.0,86.20689655172414,0.0,6,4,0,0,4,4,6993,2,0,0,2,0
2020-06-25,US,Iowa,Greene,28,0,0,42.03614551,-94.39658081,19073.0,315.031503150315,0.0,28,28,0,0,28,28,8981,0,0,0,0,0
2020-06-25,US,Iowa,Grundy,27,0,0,42.40183723,-92.78829551,19075.0,220.73250490516682,0.0,27,26,0,0,26,26,12304,1,0,0,1,0
2020-06-25,US,Iowa,Guthrie,64,4,0,41.68378965,-94.50111014,19077.0,598.7463747778088,6.25,60,63,4,0,59,63,10720,1,0,0,1,0
2020-06-25,US,Iowa,Hamilton,178,0,0,42.38382428,-93.70197703,19079.0,1204.9008326000135,0.0,178,171,0,0,171,170,14952,7,0,0,7,1
2020-06-25,US,Iowa,Hancock,41,0,0,43.08178477,-93.73454884,19081.0,385.70084666039514,0.0,41,38,0,0,38,38,10712,3,0,0,3,0
2020-06-25,US,Iowa,Hardin,58,0,0,42.38353877,-93.23654611,19083.0,344.2953816929835,0.0,58,56,0,0,56,54,16868,2,0,0,2,2
2020-06-25,US,Iowa,Harrison,47,0,0,41.68330137,-95.81558439,19085.0,334.5433838707381,0.0,47,44,0,0,44,44,14134,3,0,0,3,0
2020-06-25,US,Iowa,Henry,79,3,0,40.98767962,-91.54436349,19087.0,395.9105943670442,3.79746835443038,76,79,3,0,76,79,20067,0,0,0,0,0
2020-06-25,US,Iowa,Howard,17,0,0,43.35671042,-92.31702714,19089.0,185.63005022930767,0.0,17,14,0,0,14,14,9187,3,0,0,3,0
2020-06-25,US,Iowa,Humboldt,46,1,0,42.7764426,-94.20722537,19091.0,481.2722326846621,2.1739130434782608,45,43,1,0,42,42,9547,3,0,0,3,1
2020-06-25,US,Iowa,Ida,21,0,0,42.38696136,-95.51355387,19093.0,306.1224489795918,0.0,21,21,0,0,21,21,6841,0,0,0,0,0
2020-06-25,US,Iowa,Iowa,41,0,0,41.68630265,-92.0643373,19095.0,253.33662876915471,0.0,41,40,0,0,40,40,16141,1,0,0,1,0
2020-06-25,US,Iowa,Jackson,21,0,0,42.17178824,-90.57354837,19097.0,108.03024846957148,0.0,21,21,0,0,21,19,19432,0,0,0,0,2
2020-06-25,US,Iowa,Jasper,305,17,0,41.68576082,-93.05567785,19099.0,820.2232082829097,5.573770491803278,288,304,17,0,287,304,37147,1,0,0,1,0
2020-06-25,US,Iowa,Jefferson,50,0,0,41.03192394,-91.94849466,19101.0,273.2987154960372,0.0,50,49,0,0,49,49,18381,1,0,0,1,0
2020-06-25,US,Iowa,Johnson,911,8,0,41.67169354,-91.58754744,19103.0,602.7524149794892,0.8781558726673985,903,833,8,0,825,811,151260,78,0,0,78,22
2020-06-25,US,Iowa,Jones,51,0,0,42.12118609,-91.13139641,19105.0,246.6031623229051,0.0,51,47,0,0,47,47,20744,4,0,0,4,0
2020-06-25,US,Iowa,Keokuk,19,1,0,41.33649833,-92.1785067,19107.0,185.43821979308998,5.2631578947368425,18,17,1,0,16,17,10225,2,0,0,2,0
2020-06-25,US,Iowa,Kossuth,29,0,0,43.20405458,-94.20691791,19109.0,195.77398231283334,0.0,29,27,0,0,27,27,14908,2,0,0,2,0
2020-06-25,US,Iowa,Lee,44,1,0,40.64181461,-91.48183025,19111.0,130.73060581751196,2.272727272727273,43,44,1,0,43,43,34055,0,0,0,0,1
2020-06-25,US,Iowa,Linn,1150,81,0,42.07923082,-91.59809485,19113.0,507.264915794024,7.043478260869565,1069,1112,80,0,1032,1107,225909,38,1,0,37,5
2020-06-25,US,Iowa,Louisa,357,13,0,41.21842119,-91.26102611,19115.0,3235.160851835071,3.641456582633053,344,356,13,0,343,356,11169,1,0,0,1,0
2020-06-25,US,Iowa,Lucas,28,3,0,41.02958964,-93.32780803,19117.0,325.5813953488372,10.714285714285714,25,28,3,0,25,28,8645,0,0,0,0,0
2020-06-25,US,Iowa,Lyon,37,0,0,43.38107862,-96.20926845,19119.0,314.75967673330496,0.0,37,37,0,0,37,37,11811,0,0,0,0,0
2020-06-25,US,Iowa,Madison,35,2,0,41.33081904,-94.01554631,19121.0,214.22450728363324,5.7142857142857135,33,35,2,0,33,35,16249,0,0,0,0,0
2020-06-25,US,Iowa,Mahaska,116,16,0,41.33521503,-92.64083907,19123.0,525.0056573885495,13.79310344827586,100,112,15,0,97,112,22000,4,1,0,3,0
2020-06-25,US,Iowa,Marion,52,0,0,41.33445101,-93.09934783,19125.0,156.3768682524885,0.0,52,50,0,0,50,48,33407,2,0,0,2,2
2020-06-25,US,Iowa,Marshall,994,18,0,42.03586837,-92.9990819,19127.0,2524.829180319541,1.8108651911468812,976,988,18,0,970,978,39981,6,0,0,6,10
2020-06-25,US,Iowa,Mills,32,0,0,41.03299766,-95.61920963,19129.0,211.7942947911841,0.0,32,31,0,0,31,31,15063,1,0,0,1,0
2020-06-25,US,Iowa,Mitchell,15,0,0,43.35638371,-92.78887719,19131.0,141.69658038919331,0.0,15,9,0,0,9,9,10569,6,0,0,6,0
2020-06-25,US,Iowa,Monona,66,0,0,42.05220391,-95.95743843,19133.0,766.1056297156122,0.0,66,64,0,0,64,63,8679,2,0,0,2,1
2020-06-25,US,Iowa,Monroe,50,6,0,41.02988815,-92.8690667,19135.0,648.760866744518,12.0,44,49,6,0,43,49,7790,1,0,0,1,0
2020-06-25,US,Iowa,Montgomery,10,2,0,41.03018714,-95.15642896,19137.0,100.83694665725521,20.0,8,10,2,0,8,10,10003,0,0,0,0,0
2020-06-25,US,Iowa,Muscatine,597,43,0,41.48370744,-91.1121697,19139.0,1399.3062066379148,7.202680067001675,554,590,43,0,547,590,42929,7,0,0,7,0
2020-06-25,US,Iowa,O'Brien,78,1,0,43.08310673,-95.62474482,19141.0,567.1489856758525,1.2820512820512822,77,74,1,0,73,74,13840,4,0,0,4,0
2020-06-25,US,Iowa,Osceola,49,0,0,43.37824276,-95.62422844,19143.0,822.4236320913056,0.0,49,49,0,0,49,49,6040,0,0,0,0,0
2020-06-25,US,Iowa,Page,20,0,0,40.7393172,-95.1497813,19145.0,132.38895876083936,0.0,20,18,0,0,18,18,15249,2,0,0,2,0
2020-06-25,US,Iowa,Palo Alto,24,0,0,43.08193849,-94.67824621,19147.0,270.0877785280216,0.0,24,23,0,0,23,23,8929,1,0,0,1,0
2020-06-25,US,Iowa,Plymouth,272,4,0,42.737633,-96.21366621,19149.0,1080.3511141120864,1.4705882352941178,268,254,4,0,250,253,25095,18,0,0,18,1
2020-06-25,US,Iowa,Pocahontas,46,1,0,42.73420133,-94.67862564,19151.0,694.9690285541623,2.1739130434782608,45,41,1,0,40,39,6740,5,0,0,5,2
2020-06-25,US,Iowa,Polk,5736,171,0,41.68679484,-93.57767461,19153.0,1170.2277414971816,2.981171548117155,5565,5593,169,0,5424,5582,487204,143,2,0,141,11
2020-06-25,US,Iowa,Pottawattamie,655,11,0,41.33640314,-95.53907776,19155.0,702.7444585112546,1.6793893129770991,644,626,11,0,615,626,93533,29,0,0,29,0
2020-06-25,US,Iowa,Poweshiek,101,8,0,41.68625425,-92.53155731,19157.0,545.8279290964116,7.920792079207921,93,97,8,0,89,97,18699,4,0,0,4,0
2020-06-25,US,Iowa,Ringgold,12,0,0,40.73518949,-94.24368535,19159.0,245.19820187985292,0.0,12,12,0,0,12,12,4968,0,0,0,0,0
2020-06-25,US,Iowa,Sac,50,0,0,42.38624071,-95.10547892,19161.0,514.3503754757742,0.0,50,52,0,0,52,48,9719,-2,0,0,-2,4
2020-06-25,US,Iowa,Scott,515,10,0,41.63935978,-90.61959493,19163.0,297.7859757261063,1.9417475728155342,505,467,10,0,457,460,173283,48,0,0,48,7
2020-06-25,US,Iowa,Shelby,95,0,0,41.6850066,-95.31015553,19165.0,829.4045748210233,0.0,95,85,0,0,85,85,11578,10,0,0,10,0
2020-06-25,US,Iowa,Sioux,435,0,0,43.08221074,-96.1767568,19167.0,1248.0275426768042,0.0,435,423,0,0,423,423,34909,12,0,0,12,0
2020-06-25,US,Iowa,Story,598,3,0,42.03621213,-93.46499005,19169.0,615.7521340239092,0.5016722408026756,595,542,3,0,539,521,98105,56,0,0,56,21
2020-06-25,US,Iowa,Tama,433,29,0,42.07991767,-92.53266945,19171.0,2569.123056841106,6.697459584295612,404,432,29,0,403,432,16904,1,0,0,1,0
2020-06-25,US,Iowa,Taylor,77,0,0,40.73710579,-94.69778563,19173.0,1257.964384904427,0.0,77,76,0,0,76,76,6191,1,0,0,1,0
2020-06-25,US,Iowa,Unassigned,9,0,0,0.0,0.0,90019.0,0.0,0.0,9,5,0,0,5,5,,4,0,0,4,0
2020-06-25,US,Iowa,Union,17,0,0,41.0277278,-94.24234847,19175.0,138.8775426844212,0.0,17,14,0,0,14,14,12359,3,0,0,3,0
2020-06-25,US,Iowa,Van Buren,17,0,0,40.75326764,-91.95017958,19177.0,241.34014764338443,0.0,17,16,0,0,16,16,7020,1,0,0,1,0
2020-06-25,US,Iowa,Wapello,692,28,0,41.03064984,-92.40954728,19179.0,1978.8955932397266,4.0462427745664735,664,691,28,0,663,689,35205,1,0,0,1,2
2020-06-25,US,Iowa,Warren,221,2,0,41.33559454,-93.56007641,19181.0,429.4097073796293,0.9049773755656108,219,215,2,0,213,214,51056,6,0,0,6,1
2020-06-25,US,Iowa,Washington,217,9,0,41.33577126,-91.71725711,19183.0,987.9353516958798,4.147465437788019,208,216,9,0,207,214,22141,1,0,0,1,2
2020-06-25,US,Iowa,Wayne,7,0,0,40.73969028,-93.32752197,19185.0,108.6787765874864,0.0,7,6,0,0,6,6,6401,1,0,0,1,0
2020-06-25,US,Iowa,Webster,141,1,0,42.42853483,-94.17987389,19187.0,392.7139037433155,0.7092198581560284,140,132,1,0,131,133,36277,9,0,0,9,-1
2020-06-25,US,Iowa,Winnebago,18,0,0,43.37751174,-93.73407298,19189.0,173.84585667374927,0.0,18,17,0,0,17,17,10518,1,0,0,1,0
2020-06-25,US,Iowa,Winneshiek,24,0,0,43.29094334,-91.84422722,19191.0,120.05402431093992,0.0,24,24,0,0,24,24,20029,0,0,0,0,0
2020-06-25,US,Iowa,Woodbury,3106,43,0,42.38979414,-96.0459439,19193.0,3012.404589407121,1.3844172569220865,3063,3087,43,0,3044,3083,102539,19,0,0,19,4
2020-06-25,US,Iowa,Worth,8,0,0,43.37750768,-93.26087602,19195.0,108.38639750711286,0.0,8,8,0,0,8,8,7453,0,0,0,0,0
2020-06-25,US,Iowa,Wright,355,0,0,42.73305373,-93.73515113,19197.0,2825.983123706417,0.0,355,341,0,0,341,341,12690,14,0,0,14,0
2020-06-25,US,Kansas,Allen,5,0,0,37.88582951,-95.30030847,20001.0,40.4236397445226,0.0,5,2,0,0,2,2,12444,3,0,0,3,0
2020-06-25,US,Kansas,Anderson,3,0,0,38.21413251,-95.29272815,20003.0,38.17765334690761,0.0,3,3,0,0,3,3,7878,0,0,0,0,0
2020-06-25,US,Kansas,Atchison,28,0,0,39.53185661,-95.30870026,20005.0,174.20518882598145,0.0,28,28,0,0,28,28,16193,0,0,0,0,0
2020-06-25,US,Kansas,Barber,1,0,0,37.2288586,-98.68460053,20007.0,22.588660492432798,0.0,1,1,0,0,1,1,4472,0,0,0,0,0
2020-06-25,US,Kansas,Barton,55,2,0,38.47889676,-98.75636726,20009.0,213.35195314015286,3.636363636363636,53,54,2,0,52,54,26111,1,0,0,1,0
2020-06-25,US,Kansas,Bourbon,19,1,0,37.85508555,-94.84865997,20011.0,130.72794825925416,5.2631578947368425,18,14,1,0,13,14,14653,5,0,0,5,0
2020-06-25,US,Kansas,Brown,14,0,0,39.82652589,-95.56421698,20013.0,146.3822668339607,0.0,14,14,0,0,14,14,9598,0,0,0,0,0
2020-06-25,US,Kansas,Butler,55,0,0,37.78134351,-96.83878537,20015.0,82.19874161199205,0.0,55,52,0,0,52,51,66765,3,0,0,3,1
2020-06-25,US,Kansas,Chase,4,0,0,38.30292938,-96.59563862,20017.0,151.0574018126888,0.0,4,4,0,0,4,4,2629,0,0,0,0,0
2020-06-25,US,Kansas,Chautauqua,4,0,0,37.14994405,-96.2454192,20019.0,123.07692307692308,0.0,4,4,0,0,4,4,3309,0,0,0,0,0
2020-06-25,US,Kansas,Cherokee,25,0,0,37.16928494,-94.8462897,20021.0,125.38241636992828,0.0,25,25,0,0,25,21,20015,0,0,0,0,4
2020-06-25,US,Kansas,Cheyenne,2,0,0,39.78580976,-101.7318201,20023.0,75.27286413248024,0.0,2,2,0,0,2,2,2660,0,0,0,0,0
2020-06-25,US,Kansas,Clark,34,1,0,37.23577007,-99.81883015,20025.0,1705.1153460381142,2.9411764705882355,33,34,1,0,33,34,2005,0,0,0,0,0
2020-06-25,US,Kansas,Clay,6,2,0,39.34948772,-97.16518128,20027.0,74.9812546863284,33.333333333333336,4,6,2,0,4,6,7997,0,0,0,0,0
2020-06-25,US,Kansas,Cloud,8,0,0,39.48028352,-97.64925343,20029.0,91.05394946505804,0.0,8,8,0,0,8,8,8729,0,0,0,0,0
2020-06-25,US,Kansas,Coffey,53,8,0,38.2365018,-95.73379515,20031.0,648.0009781146838,15.094339622641508,45,53,8,0,45,53,8233,0,0,0,0,0
2020-06-25,US,Kansas,Comanche,2,0,0,37.19114520000001,-99.27113247,20033.0,117.64705882352942,0.0,2,2,0,0,2,2,1748,0,0,0,0,0
2020-06-25,US,Kansas,Cowley,64,1,0,37.23781842,-96.83776647,20035.0,183.3390626790421,1.5625,63,62,1,0,61,60,35218,2,0,0,2,2
2020-06-25,US,Kansas,Crawford,220,1,0,37.50675523,-94.85245778,20037.0,566.7473852336544,0.4545454545454545,219,220,1,0,219,192,39019,0,0,0,0,28
2020-06-25,US,Kansas,Dickinson,8,1,0,38.86600962,-97.15532383,20041.0,43.32286364128669,12.5,7,8,1,0,7,6,18717,0,0,0,0,2
2020-06-25,US,Kansas,Doniphan,25,0,0,39.79067154,-95.14056866,20043.0,328.9473684210526,0.0,25,25,0,0,25,24,7682,0,0,0,0,1
2020-06-25,US,Kansas,Douglas,105,0,0,38.88503636,-95.2925121,20045.0,85.88324785905333,0.0,105,105,0,0,105,102,121436,0,0,0,0,3
2020-06-25,US,Kansas,Edwards,6,0,0,37.88735543,-99.31263309,20047.0,214.43888491779842,0.0,6,6,0,0,6,6,2849,0,0,0,0,0
2020-06-25,US,Kansas,Elk,1,0,0,37.45338105,-96.24369667,20049.0,39.52569169960474,0.0,1,,,,,,2508,,,,,
2020-06-25,US,Kansas,Ellis,14,0,0,38.91458712,-99.31751551,20051.0,49.031625398381955,0.0,14,14,0,0,14,14,28710,0,0,0,0,0
2020-06-25,US,Kansas,Ellsworth,3,0,0,38.69677695,-98.20462799,20053.0,49.164208456243855,0.0,3,3,0,0,3,3,6196,0,0,0,0,0
2020-06-25,US,Kansas,Finney,1562,10,0,38.04340344,-100.73819379999999,20055.0,4283.324649683275,0.6402048655569782,1552,1558,10,0,1548,1558,36611,4,0,0,4,0
2020-06-25,US,Kansas,Ford,1927,8,0,37.69200114,-99.88825298,20057.0,5731.877807192362,0.4151530877010898,1919,1927,8,0,1919,1898,33888,0,0,0,0,29
2020-06-25,US,Kansas,Franklin,66,0,0,38.56443815,-95.28644341,20059.0,258.3777012214219,0.0,66,66,0,0,66,65,25631,0,0,0,0,1
2020-06-25,US,Kansas,Geary,43,1,0,38.99871131,-96.7577178,20061.0,135.7751815598358,2.3255813953488373,42,39,1,0,38,38,32594,4,0,0,4,1
2020-06-25,US,Kansas,Gove,1,0,0,38.91588178,-100.4829321,20063.0,37.93626707132018,0.0,1,1,0,0,1,1,2612,0,0,0,0,0
2020-06-25,US,Kansas,Grant,37,1,0,37.56227336,-101.3079758,20067.0,517.4825174825174,2.702702702702702,36,37,1,0,36,24,7336,0,0,0,0,13
2020-06-25,US,Kansas,Gray,24,0,0,37.73836671,-100.4369088,20069.0,400.80160320641284,0.0,24,24,0,0,24,24,6033,0,0,0,0,0
2020-06-25,US,Kansas,Greenwood,11,0,0,37.8774388,-96.23250453,20073.0,183.884988298228,0.0,11,11,0,0,11,11,6055,0,0,0,0,0
2020-06-25,US,Kansas,Hamilton,29,0,0,37.99978709,-101.7921066,20075.0,1142.1819614021267,0.0,29,29,0,0,29,28,2607,0,0,0,0,1
2020-06-25,US,Kansas,Harper,2,0,0,37.19175361,-98.07578384,20077.0,36.79175864606328,0.0,2,2,0,0,2,2,5506,0,0,0,0,0
2020-06-25,US,Kansas,Harvey,28,0,0,38.04293782,-97.42747573,20079.0,81.32678846321416,0.0,28,24,0,0,24,20,34210,4,0,0,4,4
2020-06-25,US,Kansas,Haskell,23,0,0,37.562039399999996,-100.8710738,20081.0,579.6370967741935,0.0,23,23,0,0,23,23,3997,0,0,0,0,0
2020-06-25,US,Kansas,Hodgeman,9,0,0,38.08780079,-99.89829881,20083.0,501.6722408026756,0.0,9,9,0,0,9,9,1818,0,0,0,0,0
2020-06-25,US,Kansas,Jackson,105,1,0,39.41673394,-95.79356799,20085.0,797.2059828410902,0.9523809523809524,104,105,1,0,104,104,13280,0,0,0,0,1
2020-06-25,US,Kansas,Jefferson,24,0,0,39.2347941,-95.38289232,20087.0,126.03056241138478,0.0,24,25,0,0,25,22,18975,-1,0,0,-1,3
2020-06-25,US,Kansas,Jewell,4,0,0,39.78470589,-98.21820662,20089.0,138.9371309482459,0.0,4,4,0,0,4,4,2841,0,0,0,0,0
2020-06-25,US,Kansas,Johnson,1427,81,0,38.88548175,-94.82250877,20091.0,236.88539693659212,5.6762438682550815,1346,1370,81,0,1289,1316,597555,57,0,0,57,54
2020-06-25,US,Kansas,Kearny,47,1,0,38.00017981,-101.32168100000001,20093.0,1224.5961438249087,2.127659574468085,46,47,1,0,46,48,3943,0,0,0,0,-1
2020-06-25,US,Kansas,Kiowa,3,0,0,37.55848695,-99.2856537,20097.0,121.21212121212122,0.0,3,3,0,0,3,3,2516,0,0,0,0,0
2020-06-25,US,Kansas,Labette,50,0,0,37.19113093,-95.29849679,20099.0,254.86797838719542,0.0,50,50,0,0,50,28,19964,0,0,0,0,22
2020-06-25,US,Kansas,Lane,5,0,0,38.48119447,-100.46607540000001,20101.0,325.73289902280135,0.0,5,5,0,0,5,5,1560,0,0,0,0,0
2020-06-25,US,Kansas,Leavenworth,1137,7,0,39.20183497,-95.03620809,20103.0,1390.6895961251498,0.6156552330694811,1130,1137,7,0,1130,1132,81352,0,0,0,0,5
2020-06-25,US,Kansas,Linn,12,0,0,38.21267844,-94.84254089,20107.0,123.67309079666084,0.0,12,12,0,0,12,12,9750,0,0,0,0,0
2020-06-25,US,Kansas,Logan,1,0,0,38.91735806,-101.148475,20109.0,35.79098067287043,0.0,1,1,0,0,1,1,2844,0,0,0,0,0
2020-06-25,US,Kansas,Lyon,479,6,0,38.45576156,-96.15275715,20111.0,1442.9884018677512,1.2526096033402925,473,479,6,0,473,479,33406,0,0,0,0,0
2020-06-25,US,Kansas,Marion,7,1,0,38.35855394,-97.09852509999999,20115.0,58.902726354762706,14.285714285714285,6,7,1,0,6,7,11950,0,0,0,0,0
2020-06-25,US,Kansas,Marshall,1,0,0,39.78359669,-96.52278974,20117.0,10.301844030081384,0.0,1,1,0,0,1,,9722,0,0,0,0,
2020-06-25,US,Kansas,McPherson,54,0,0,38.39184858,-97.64769869,20113.0,189.19487071683838,0.0,54,49,0,0,49,49,28537,5,0,0,5,0
2020-06-25,US,Kansas,Meade,30,0,0,37.23859987,-100.36483100000001,20119.0,743.86312918423,0.0,30,30,0,0,30,30,4146,0,0,0,0,0
2020-06-25,US,Kansas,Miami,26,0,0,38.56383358,-94.83832189,20121.0,75.941233168794,0.0,26,26,0,0,26,20,33680,0,0,0,0,6
2020-06-25,US,Kansas,Mitchell,4,0,0,39.39331582,-98.20906732,20123.0,66.9008195350393,0.0,4,4,0,0,4,4,6150,0,0,0,0,0
2020-06-25,US,Kansas,Montgomery,32,3,0,37.19236568,-95.74329258,20125.0,100.53724590781992,9.375,29,26,3,0,23,26,32120,6,0,0,6,0
2020-06-25,US,Kansas,Morris,5,0,0,38.68827511,-96.65128437,20127.0,88.96797153024912,0.0,5,5,0,0,5,5,5521,0,0,0,0,0
2020-06-25,US,Kansas,Morton,6,1,0,37.19141121,-101.79925190000002,20129.0,231.92887514495555,16.666666666666668,5,6,1,0,5,6,2667,0,0,0,0,0
2020-06-25,US,Kansas,Nemaha,24,0,0,39.78345387,-96.01392079,20131.0,234.58117486071743,0.0,24,24,0,0,24,23,10155,0,0,0,0,1
2020-06-25,US,Kansas,Neosho,17,0,0,37.55862897,-95.30670046,20133.0,106.20353595302055,0.0,17,17,0,0,17,17,15951,0,0,0,0,0
2020-06-25,US,Kansas,Ness,4,0,0,38.47974157,-99.91547333,20135.0,145.45454545454547,0.0,4,4,0,0,4,4,2840,0,0,0,0,0
2020-06-25,US,Kansas,Norton,3,0,0,39.78443827,-99.90286639,20137.0,55.95970900951315,0.0,3,3,0,0,3,3,5430,0,0,0,0,0
2020-06-25,US,Kansas,Osage,10,0,0,38.65235984,-95.72707998,20139.0,62.699855790331675,0.0,10,10,0,0,10,10,15941,0,0,0,0,0
2020-06-25,US,Kansas,Osborne,2,0,0,39.3503437,-98.76753828,20141.0,58.46243788365975,0.0,2,2,0,0,2,2,3475,0,0,0,0,0
2020-06-25,US,Kansas,Ottawa,4,0,0,39.13237408,-97.65020313,20143.0,70.12622720897616,0.0,4,4,0,0,4,4,5802,0,0,0,0,0
2020-06-25,US,Kansas,Pawnee,3,0,0,38.18108732,-99.23692334,20145.0,46.772684752104766,0.0,3,3,0,0,3,3,6562,0,0,0,0,0
2020-06-25,US,Kansas,Phillips,3,0,0,39.78465501,-99.34668865,20147.0,57.3175391669851,0.0,3,3,0,0,3,3,5317,0,0,0,0,0
2020-06-25,US,Kansas,Pottawatomie,51,0,0,39.37925655,-96.34564657,20149.0,209.16212114998157,0.0,51,51,0,0,51,48,24277,0,0,0,0,3
2020-06-25,US,Kansas,Pratt,6,0,0,37.64780729,-98.73922153,20151.0,65.47359231776517,0.0,6,6,0,0,6,6,9378,0,0,0,0,0
2020-06-25,US,Kansas,Reno,59,0,0,37.95230263,-98.08607292,20155.0,95.16436014064968,0.0,59,58,0,0,58,58,62342,1,0,0,1,0
2020-06-25,US,Kansas,Republic,8,0,0,39.82799632,-97.65036709,20157.0,172.5625539257981,0.0,8,8,0,0,8,8,4664,0,0,0,0,0
2020-06-25,US,Kansas,Rice,4,0,0,38.34616184,-98.19992118,20159.0,41.94191045402118,0.0,4,4,0,0,4,4,9531,0,0,0,0,0
2020-06-25,US,Kansas,Riley,156,3,0,39.28935726,-96.73420026,20161.0,210.15195602974455,1.9230769230769231,153,156,3,0,153,132,73703,0,0,0,0,24
2020-06-25,US,Kansas,Rooks,6,0,0,39.35022773,-99.32484567,20163.0,121.95121951219512,0.0,6,6,0,0,6,6,5013,0,0,0,0,0
2020-06-25,US,Kansas,Saline,72,2,0,38.78369175,-97.65185177,20169.0,132.78253172027146,2.7777777777777777,70,72,2,0,70,50,54401,0,0,0,0,22
2020-06-25,US,Kansas,Scott,16,0,0,38.48222076,-100.90665390000001,20171.0,331.74372797014314,0.0,16,16,0,0,16,16,4897,0,0,0,0,0
2020-06-25,US,Kansas,Sedgwick,1001,28,0,37.6842718,-97.4608198,20173.0,193.97645928044616,2.797202797202797,973,958,26,0,932,937,513607,43,2,0,41,21
2020-06-25,US,Kansas,Seward,991,2,0,37.19324632,-100.85072009999999,20175.0,4624.789994399851,0.20181634712411706,989,991,2,0,989,968,21780,0,0,0,0,23
2020-06-25,US,Kansas,Shawnee,546,9,0,39.04100763,-95.75572640000001,20177.0,308.6925795053004,1.6483516483516485,537,535,9,0,526,509,177499,11,0,0,11,26
2020-06-25,US,Kansas,Sheridan,3,0,0,39.35018161,-100.44182590000001,20179.0,119.00039666798891,0.0,3,3,0,0,3,3,2533,0,0,0,0,0
2020-06-25,US,Kansas,Sherman,7,0,0,39.35147699,-101.71976240000001,20181.0,118.30319418624303,0.0,7,7,0,0,7,7,5899,0,0,0,0,0
2020-06-25,US,Kansas,Smith,3,0,0,39.78516566,-98.78566062,20183.0,83.72871895060004,0.0,3,3,0,0,3,3,3603,0,0,0,0,0
2020-06-25,US,Kansas,Stafford,1,0,0,38.03100851,-98.71762001,20185.0,24.06159769008662,0.0,1,1,0,0,1,1,4178,0,0,0,0,0
2020-06-25,US,Kansas,Stanton,10,0,0,37.56304714,-101.78435340000001,20187.0,498.5044865403789,0.0,10,10,0,0,10,10,1987,0,0,0,0,0
2020-06-25,US,Kansas,Stevens,30,0,0,37.1923008,-101.3118967,20189.0,546.9462169553327,0.0,30,30,0,0,30,30,5559,0,0,0,0,0
2020-06-25,US,Kansas,Sumner,10,1,0,37.23682549,-97.47721621,20191.0,43.790506218251885,10.0,9,10,1,0,9,10,22996,0,0,0,0,0
2020-06-25,US,Kansas,Thomas,14,0,0,39.35107575,-101.0553705,20193.0,180.01800180018,0.0,14,14,0,0,14,12,7711,0,0,0,0,2
2020-06-25,US,Kansas,Trego,1,0,0,38.91467218,-99.87284448,20195.0,35.676061362825536,0.0,1,1,0,0,1,1,2793,0,0,0,0,0
2020-06-25,US,Kansas,Unassigned,0,1,0,0.0,0.0,90020.0,0.0,0.0,-1,0,1,0,-1,0,,0,0,0,0,0
2020-06-25,US,Kansas,Wabaunsee,33,0,0,38.95471985,-96.20350509,20197.0,476.12177175010817,0.0,33,33,0,0,33,32,6899,0,0,0,0,1
2020-06-25,US,Kansas,Washington,1,0,0,39.78420784,-97.08753229999999,20201.0,18.49796522382538,0.0,1,1,0,0,1,1,5420,0,0,0,0,0
2020-06-25,US,Kansas,Wilson,1,0,0,37.55937174,-95.74323255,20205.0,11.730205278592374,0.0,1,1,0,0,1,1,8665,0,0,0,0,0
2020-06-25,US,Kansas,Woodson,6,0,0,37.8865336,-95.74006277,20207.0,191.20458891013385,0.0,6,6,0,0,6,6,3183,0,0,0,0,0
2020-06-25,US,Kansas,Wyandotte,2016,78,0,39.11727348,-94.76378225,20209.0,1218.6496926173766,3.8690476190476186,1938,1988,78,0,1910,1899,165324,28,0,0,28,89
2020-06-25,US,Kentucky,Adair,110,19,0,37.10459774,-85.28129668,21001.0,572.8569940631185,17.272727272727273,91,108,19,0,89,108,19215,2,0,0,2,0
2020-06-25,US,Kentucky,Allen,159,5,0,36.75197631,-86.19457544,21003.0,745.9535538353273,3.1446540880503147,154,157,5,0,152,156,21122,2,0,0,2,1
2020-06-25,US,Kentucky,Anderson,26,1,0,38.00671029,-84.99171713,21005.0,114.30078691695608,3.8461538461538463,25,26,1,0,25,26,22663,0,0,0,0,0
2020-06-25,US,Kentucky,Ballard,14,0,0,37.05842757,-88.99427697,21007.0,177.4847870182556,0.0,14,14,0,0,14,14,7979,0,0,0,0,0
2020-06-25,US,Kentucky,Barren,82,2,0,36.96469836,-85.93338945,21009.0,185.314922371127,2.4390243902439024,80,76,2,0,74,74,44176,6,0,0,6,2
2020-06-25,US,Kentucky,Bath,11,1,0,38.14735938,-83.74588932,21011.0,88.0,9.090909090909092,10,11,1,0,10,11,12383,0,0,0,0,0
2020-06-25,US,Kentucky,Bell,6,0,0,36.73355174,-83.67766671,21013.0,23.04855562384757,0.0,6,6,0,0,6,6,26569,0,0,0,0,0
2020-06-25,US,Kentucky,Boone,588,23,0,38.97065142,-84.72615357,21015.0,440.1823612639522,3.91156462585034,565,580,23,0,557,575,131533,8,0,0,8,5
2020-06-25,US,Kentucky,Bourbon,28,1,0,38.2054607,-84.21827874,21017.0,141.49989892864363,3.571428571428572,27,27,1,0,26,27,20184,1,0,0,1,0
2020-06-25,US,Kentucky,Boyd,55,3,0,38.36176608,-82.68652187,21019.0,117.72764245044736,5.454545454545454,52,54,3,0,51,49,47240,1,0,0,1,5
2020-06-25,US,Kentucky,Boyle,38,0,0,37.62680923,-84.8633779,21021.0,126.41383898868929,0.0,38,37,0,0,37,36,30100,1,0,0,1,1
2020-06-25,US,Kentucky,Bracken,17,0,0,38.69158994,-84.08532444,21023.0,204.74527279296643,0.0,17,17,0,0,17,17,8239,0,0,0,0,0
2020-06-25,US,Kentucky,Breathitt,7,0,0,37.52333168,-83.31959161,21025.0,55.42359461599367,0.0,7,6,0,0,6,4,12726,1,0,0,1,2
2020-06-25,US,Kentucky,Breckinridge,24,2,0,37.77377239,-86.42885017,21027.0,117.2046686526347,8.333333333333334,22,24,2,0,22,24,20388,0,0,0,0,0
2020-06-25,US,Kentucky,Bullitt,148,4,0,37.97162523,-85.68955617,21029.0,181.20378079239924,2.702702702702702,144,148,4,0,144,148,81069,0,0,0,0,0
2020-06-25,US,Kentucky,Butler,247,14,0,37.20946153,-86.68748787,21031.0,1917.8507648109326,5.668016194331983,233,247,14,0,233,246,12772,0,0,0,0,1
2020-06-25,US,Kentucky,Caldwell,13,0,0,37.14749129,-87.86948214,21033.0,101.98478073272142,0.0,13,13,0,0,13,13,12715,0,0,0,0,0
2020-06-25,US,Kentucky,Calloway,75,1,0,36.62093411,-88.2731593,21035.0,192.30276146765468,1.3333333333333333,74,71,1,0,70,71,39135,4,0,0,4,0
2020-06-25,US,Kentucky,Campbell,238,12,0,38.94384345,-84.37875208,21037.0,254.31697726107026,5.042016806722689,226,236,12,0,224,234,93152,2,0,0,2,2
2020-06-25,US,Kentucky,Carlisle,5,1,0,36.85372876,-88.96692220000001,21039.0,105.04201680672269,20.0,4,5,1,0,4,5,4771,0,0,0,0,0
2020-06-25,US,Kentucky,Carroll,30,0,0,38.66599534,-85.12601074,21041.0,282.19358479917224,0.0,30,30,0,0,30,30,10737,0,0,0,0,0
2020-06-25,US,Kentucky,Carter,22,0,0,38.31690743,-83.05092385,21043.0,82.09874239653692,0.0,22,21,0,0,21,21,27004,1,0,0,1,0
2020-06-25,US,Kentucky,Casey,14,0,0,37.32533118,-84.92726209,21045.0,86.63902469212204,0.0,14,13,0,0,13,13,15888,1,0,0,1,0
2020-06-25,US,Kentucky,Christian,183,4,0,36.89267803,-87.49055367,21047.0,259.71814195086637,2.1857923497267757,179,183,3,0,180,163,71671,0,1,0,-1,20
2020-06-25,US,Kentucky,Clark,96,4,0,37.9689263,-84.14615986,21049.0,264.7326476022392,4.166666666666667,92,94,4,0,90,91,36249,2,0,0,2,3
2020-06-25,US,Kentucky,Clay,44,3,0,37.16451126,-83.712575,21051.0,221.0944173659615,6.8181818181818175,41,39,3,0,36,37,20105,5,0,0,5,2
2020-06-25,US,Kentucky,Clinton,5,0,0,36.72581156,-85.13377529,21053.0,48.933255040125275,0.0,5,5,0,0,5,5,10206,0,0,0,0,0
2020-06-25,US,Kentucky,Crittenden,8,1,0,37.35839237,-88.08826090000002,21055.0,90.84714967067907,12.5,7,8,1,0,7,8,8915,0,0,0,0,0
2020-06-25,US,Kentucky,Cumberland,6,0,0,36.78926125,-85.39050034,21057.0,90.71666162685213,0.0,6,6,0,0,6,6,6659,0,0,0,0,0
2020-06-25,US,Kentucky,Daviess,414,8,0,37.73028906,-87.09019479999998,21059.0,407.8375742530367,1.932367149758454,406,407,8,0,399,404,101104,7,0,0,7,3
2020-06-25,US,Kentucky,Edmonson,74,11,0,37.21218923,-86.23955613,21061.0,609.0534979423868,14.864864864864865,63,74,11,0,63,73,12274,0,0,0,0,1
2020-06-25,US,Kentucky,Elliott,3,0,0,38.11624059,-83.09771563,21063.0,39.90953837967274,0.0,3,3,0,0,3,2,7508,0,0,0,0,1
2020-06-25,US,Kentucky,Estill,4,0,0,37.69241417,-83.95956369,21065.0,28.356727633631078,0.0,4,5,0,0,5,5,14198,-1,0,0,-1,0
2020-06-25,US,Kentucky,Fayette,1293,21,0,38.0368225,-84.45576892,21067.0,400.1213051443284,1.6241299303944317,1272,1240,20,0,1220,1200,323780,53,1,0,52,40
2020-06-25,US,Kentucky,Fleming,14,0,0,38.36758311,-83.69657514,21069.0,96.01536245799328,0.0,14,14,0,0,14,13,14432,0,0,0,0,1
2020-06-25,US,Kentucky,Floyd,26,0,0,37.56213922,-82.74750924,21071.0,73.05628143527494,0.0,26,26,0,0,26,26,35845,0,0,0,0,0
2020-06-25,US,Kentucky,Franklin,123,3,0,38.2379395,-84.87962551,21073.0,241.2190386538801,2.4390243902439024,120,120,3,0,117,120,50815,3,0,0,3,0
2020-06-25,US,Kentucky,Fulton,18,0,0,36.55238827,-89.20140068,21075.0,301.5580499246105,0.0,18,16,0,0,16,16,6120,2,0,0,2,0
2020-06-25,US,Kentucky,Gallatin,58,7,0,38.75398691,-84.8558382,21077.0,653.9632427556658,12.06896551724138,51,58,7,0,51,58,8832,0,0,0,0,0
2020-06-25,US,Kentucky,Garrard,17,0,0,37.638866799999995,-84.53289319,21079.0,96.23004641684591,0.0,17,16,0,0,16,16,17560,1,0,0,1,0
2020-06-25,US,Kentucky,Grant,57,4,0,38.64962758,-84.62415957,21081.0,227.37245203239058,7.0175438596491215,53,55,4,0,51,54,25121,2,0,0,2,1
2020-06-25,US,Kentucky,Graves,190,21,0,36.72292505,-88.65143315,21083.0,509.8481189287823,11.052631578947368,169,188,21,0,167,185,37317,2,0,0,2,3
2020-06-25,US,Kentucky,Grayson,137,10,0,37.46231118,-86.34248968,21085.0,518.4092027093503,7.299270072992702,127,137,10,0,127,137,26321,0,0,0,0,0
2020-06-25,US,Kentucky,Green,4,1,0,37.26484328,-85.5540745,21087.0,36.55972945800201,25.0,3,4,1,0,3,4,11049,0,0,0,0,0
2020-06-25,US,Kentucky,Greenup,28,0,0,38.54332505,-82.9215658,21089.0,79.77662544874352,0.0,28,22,0,0,22,21,35268,6,0,0,6,1
2020-06-25,US,Kentucky,Hancock,16,0,0,37.83766422,-86.78280584,21091.0,183.4441641825269,0.0,16,15,0,0,15,15,8758,1,0,0,1,0
2020-06-25,US,Kentucky,Hardin,138,5,0,37.6976111,-85.96319251,21093.0,124.37138376683069,3.6231884057971016,133,136,5,0,131,134,110356,2,0,0,2,2
2020-06-25,US,Kentucky,Harlan,18,2,0,36.85699301,-83.21899516,21095.0,69.20415224913495,11.111111111111109,16,18,2,0,16,18,26409,0,0,0,0,0
2020-06-25,US,Kentucky,Harrison,66,0,0,38.44188174,-84.32869741,21097.0,349.4652123265912,0.0,66,65,0,0,65,65,18778,1,0,0,1,0
2020-06-25,US,Kentucky,Hart,39,0,0,37.29943898,-85.88461055,21099.0,204.8857368006304,0.0,39,39,0,0,39,37,18906,0,0,0,0,2
2020-06-25,US,Kentucky,Henderson,155,3,0,37.79344553,-87.57392021,21101.0,342.844503428445,1.935483870967742,152,154,3,0,151,150,45591,1,0,0,1,4
2020-06-25,US,Kentucky,Henry,32,2,0,38.44942688,-85.11587507,21103.0,198.43730621356812,6.25,30,31,2,0,29,30,16106,1,0,0,1,1
2020-06-25,US,Kentucky,Hickman,5,0,0,36.67948079999999,-88.97875928,21105.0,114.15525114155253,0.0,5,5,0,0,5,5,4421,0,0,0,0,0
2020-06-25,US,Kentucky,Hopkins,242,32,0,37.30939025,-87.54670406,21107.0,541.5566396634292,13.223140495867767,210,241,32,0,209,240,45068,1,0,0,1,1
2020-06-25,US,Kentucky,Jackson,96,13,0,37.41866422,-83.99825483,21109.0,720.2340760747243,13.541666666666664,83,94,13,0,81,92,13442,2,0,0,2,2
2020-06-25,US,Kentucky,Jefferson,3714,187,0,38.18664655,-85.65931031,21111.0,484.37771027848464,5.035002692514809,3527,3682,185,0,3497,3651,770517,32,2,0,30,31
2020-06-25,US,Kentucky,Jessamine,101,0,0,37.87119786,-84.58252003,21113.0,186.6395638917121,0.0,101,100,0,0,100,100,53920,1,0,0,1,0
2020-06-25,US,Kentucky,Johnson,10,0,0,37.85106355,-82.8264322,21115.0,45.06940688660537,0.0,10,10,0,0,10,10,22386,0,0,0,0,0
2020-06-25,US,Kentucky,Kenton,759,36,0,38.93950319,-84.53241199,21117.0,454.4964610354615,4.743083003952568,723,741,36,0,705,735,166051,18,0,0,18,6
2020-06-25,US,Kentucky,Knott,7,0,0,37.35388197,-82.94981134,21119.0,47.278130487640155,0.0,7,5,0,0,5,4,15126,2,0,0,2,1
2020-06-25,US,Kentucky,Knox,16,0,0,36.89225732,-83.85403396,21121.0,51.372611976240165,0.0,16,16,0,0,16,15,31304,0,0,0,0,1
2020-06-25,US,Kentucky,Larue,11,1,0,37.54567114,-85.70138352,21123.0,76.3994999305459,9.090909090909092,10,11,1,0,10,11,14307,0,0,0,0,0
2020-06-25,US,Kentucky,Laurel,71,3,0,37.10975748,-84.11321779,21125.0,116.75135250686529,4.225352112676056,68,63,3,0,60,57,60669,8,0,0,8,6
2020-06-25,US,Kentucky,Lawrence,5,0,0,38.07136018,-82.72882223,21127.0,32.64346804204479,0.0,5,5,0,0,5,5,15571,0,0,0,0,0
2020-06-25,US,Kentucky,Lee,1,0,0,37.59645942,-83.71513901,21129.0,13.508037282182901,0.0,1,1,0,0,1,1,7033,0,0,0,0,0
2020-06-25,US,Kentucky,Leslie,8,0,0,37.09246661,-83.37999606,21131.0,80.99625392325605,0.0,8,8,0,0,8,8,10143,0,0,0,0,0
2020-06-25,US,Kentucky,Letcher,14,0,0,37.12306748,-82.85346474,21133.0,64.95615459564793,0.0,14,13,0,0,13,13,21899,1,0,0,1,0
2020-06-25,US,Kentucky,Lewis,18,0,0,38.53184419,-83.37735618,21135.0,135.59322033898306,0.0,18,16,0,0,16,16,13257,2,0,0,2,0
2020-06-25,US,Kentucky,Lincoln,24,1,0,37.45475628,-84.6565327,21137.0,97.76365636074787,4.166666666666667,23,21,1,0,20,21,24644,3,0,0,3,0
2020-06-25,US,Kentucky,Livingston,8,0,0,37.21137452,-88.34797529,21139.0,87.01326952360235,0.0,8,8,0,0,8,8,9242,0,0,0,0,0
2020-06-25,US,Kentucky,Logan,210,11,0,36.85949479,-86.877635,21141.0,774.8505645339827,5.238095238095238,199,208,11,0,197,206,26989,2,0,0,2,2
2020-06-25,US,Kentucky,Lyon,17,3,0,37.02080035,-88.07886257,21143.0,207.06455542021928,17.647058823529417,14,17,3,0,14,17,8009,0,0,0,0,0
2020-06-25,US,Kentucky,Madison,106,1,0,37.71659336,-84.27220275,21151.0,113.99442932883093,0.9433962264150944,105,103,1,0,102,100,92368,3,0,0,3,3
2020-06-25,US,Kentucky,Magoffin,5,0,0,37.70820545,-83.0657714,21153.0,41.115039881588686,0.0,5,5,0,0,5,5,12362,0,0,0,0,0
2020-06-25,US,Kentucky,Marion,49,0,0,37.55218078,-85.26898542,21155.0,254.24168525917085,0.0,49,48,0,0,48,48,19404,1,0,0,1,0
2020-06-25,US,Kentucky,Marshall,53,2,0,36.88007070000001,-88.32803576,21157.0,170.41800643086816,3.7735849056603774,51,53,2,0,51,53,31191,0,0,0,0,0
2020-06-25,US,Kentucky,Martin,5,0,0,37.79990579,-82.51247478,21159.0,44.662795891022775,0.0,5,5,0,0,5,5,11323,0,0,0,0,0
2020-06-25,US,Kentucky,Mason,28,0,0,38.59471935,-83.82151043,21161.0,164.03046280023432,0.0,28,28,0,0,28,25,17150,0,0,0,0,3
2020-06-25,US,Kentucky,McCracken,151,3,0,37.05350953,-88.70445755,21145.0,230.82332079855698,1.9867549668874167,148,150,3,0,147,149,65346,1,0,0,1,1
2020-06-25,US,Kentucky,McCreary,17,0,0,36.73874143,-84.48102924,21147.0,98.65939295455864,0.0,17,16,0,0,16,15,17408,1,0,0,1,1
2020-06-25,US,Kentucky,McLean,24,1,0,37.5301951,-87.26803443,21149.0,260.67122841316393,4.166666666666667,23,24,1,0,23,24,9252,0,0,0,0,0
2020-06-25,US,Kentucky,Meade,25,2,0,37.96163597,-86.21028219,21163.0,87.49825003499929,8.0,23,25,2,0,23,25,28715,0,0,0,0,0
2020-06-25,US,Kentucky,Menifee,12,0,0,37.94090733,-83.59985712,21165.0,184.9283402681461,0.0,12,12,0,0,12,12,6451,0,0,0,0,0
2020-06-25,US,Kentucky,Mercer,17,0,0,37.81474237,-84.87488475,21167.0,77.50877672912964,0.0,17,17,0,0,17,17,21774,0,0,0,0,0
2020-06-25,US,Kentucky,Metcalfe,9,2,0,36.99459295,-85.63123699,21169.0,89.36550491510279,22.222222222222218,7,9,2,0,7,8,10030,0,0,0,0,1
2020-06-25,US,Kentucky,Monroe,34,0,0,36.71225341,-85.71596443,21171.0,319.2488262910798,0.0,34,34,0,0,34,34,10718,0,0,0,0,0
2020-06-25,US,Kentucky,Montgomery,46,0,0,38.03253032,-83.9145241,21173.0,163.3696771673119,0.0,46,46,0,0,46,44,28203,0,0,0,0,2
2020-06-25,US,Kentucky,Morgan,8,0,0,37.92465657,-83.25558245,21175.0,60.10970020287024,0.0,8,8,0,0,8,7,13345,0,0,0,0,1
2020-06-25,US,Kentucky,Muhlenberg,494,8,0,37.21425819,-87.14632053,21177.0,1613.2192541310171,1.6194331983805668,486,492,8,0,484,492,30774,2,0,0,2,0
2020-06-25,US,Kentucky,Nelson,67,1,0,37.80335779,-85.4657193,21179.0,144.91813207016634,1.492537313432836,66,65,1,0,64,60,45851,2,0,0,2,5
2020-06-25,US,Kentucky,Nicholas,5,0,0,38.33342292,-84.01889177,21181.0,68.78525244187647,0.0,5,5,0,0,5,5,7166,0,0,0,0,0
2020-06-25,US,Kentucky,Ohio,174,0,0,37.47751843,-86.85368087,21183.0,725.1812953238309,0.0,174,173,0,0,173,172,24087,1,0,0,1,1
2020-06-25,US,Kentucky,Oldham,126,6,0,38.39791089,-85.448222,21185.0,188.62557822721897,4.761904761904762,120,126,6,0,120,119,66470,0,0,0,0,7
2020-06-25,US,Kentucky,Owen,6,0,0,38.51679143,-84.82404619,21187.0,55.04082194294103,0.0,6,6,0,0,6,6,10880,0,0,0,0,0
2020-06-25,US,Kentucky,Owsley,2,0,0,37.42823949,-83.68811419,21189.0,45.30011325028314,0.0,2,2,0,0,2,2,4472,0,0,0,0,0
2020-06-25,US,Kentucky,Pendleton,15,0,0,38.69607718,-84.35599463,21191.0,102.8101439342015,0.0,15,15,0,0,15,15,14529,0,0,0,0,0
2020-06-25,US,Kentucky,Perry,55,1,0,37.25023553,-83.22922731,21193.0,213.52589486761397,1.818181818181818,54,53,1,0,52,49,26092,2,0,0,2,4
2020-06-25,US,Kentucky,Pike,68,2,0,37.47088263,-82.39487445,21195.0,117.492570322759,2.9411764705882355,66,68,2,0,66,68,58402,0,0,0,0,0
2020-06-25,US,Kentucky,Powell,5,0,0,37.83218794,-83.82553961,21197.0,40.456347600938585,0.0,5,5,0,0,5,5,12442,0,0,0,0,0
2020-06-25,US,Kentucky,Pulaski,84,2,0,37.10466131,-84.57629079,21199.0,129.27253420335802,2.380952380952381,82,83,2,0,81,82,64623,1,0,0,1,1
2020-06-25,US,Kentucky,Rockcastle,18,0,0,37.36642393,-84.31176452,21203.0,107.81671159029648,0.0,18,18,0,0,18,18,16750,0,0,0,0,0
2020-06-25,US,Kentucky,Rowan,18,0,0,38.19484205,-83.42088935,21205.0,73.58953393295175,0.0,18,18,0,0,18,18,24583,0,0,0,0,0
2020-06-25,US,Kentucky,Russell,39,4,0,36.99308373,-85.06070117,21207.0,217.59750041845672,10.256410256410255,35,39,4,0,35,39,17821,0,0,0,0,0
2020-06-25,US,Kentucky,Scott,79,0,0,38.29622293,-84.5816631,21209.0,138.58676584099362,0.0,79,76,0,0,76,75,56031,3,0,0,3,1
2020-06-25,US,Kentucky,Shelby,391,10,0,38.21476019,-85.194223,21211.0,797.5685378590077,2.557544757033248,381,378,7,0,371,370,48518,13,3,0,10,8
2020-06-25,US,Kentucky,Simpson,69,3,0,36.74058474,-86.58047435,21213.0,371.52702993754036,4.3478260869565215,66,69,3,0,66,65,18529,0,0,0,0,4
2020-06-25,US,Kentucky,Spencer,33,0,0,38.03223971,-85.32749335,21215.0,170.53382254147073,0.0,33,33,0,0,33,31,18794,0,0,0,0,2
2020-06-25,US,Kentucky,Taylor,38,1,0,37.3677562,-85.3329931,21217.0,147.46400714036244,2.631578947368421,37,34,1,0,33,34,25549,4,0,0,4,0
2020-06-25,US,Kentucky,Todd,24,0,0,36.8381152,-87.17878374,21219.0,195.21717911176185,0.0,24,24,0,0,24,24,12311,0,0,0,0,0
2020-06-25,US,Kentucky,Trigg,23,0,0,36.80767017,-87.87333656,21221.0,156.98587127158555,0.0,23,23,0,0,23,23,14643,0,0,0,0,0
2020-06-25,US,Kentucky,Trimble,6,0,0,38.61056487,-85.33775972,21223.0,70.82989021367017,0.0,6,6,0,0,6,6,8515,0,0,0,0,0
2020-06-25,US,Kentucky,Unassigned,13,0,0,0.0,0.0,90021.0,0.0,0.0,13,14,0,0,14,14,,-1,0,0,-1,0
2020-06-25,US,Kentucky,Union,26,0,0,37.66166713,-87.94300009,21225.0,180.79410333078368,0.0,26,25,0,0,25,25,14505,1,0,0,1,0
2020-06-25,US,Kentucky,Warren,1426,11,0,36.99903045,-86.42672751,21227.0,1073.0195039730315,0.7713884992987378,1415,1398,10,0,1388,1376,131264,28,1,0,27,22
2020-06-25,US,Kentucky,Washington,21,0,0,37.75599461,-85.17407732,21229.0,173.62546506821,0.0,21,21,0,0,21,21,12084,0,0,0,0,0
2020-06-25,US,Kentucky,Wayne,13,0,0,36.80310688,-84.8251971,21231.0,63.93547435203857,0.0,13,13,0,0,13,13,20468,0,0,0,0,0
2020-06-25,US,Kentucky,Webster,40,0,0,37.52168356,-87.67989953,21233.0,309.0712409210323,0.0,40,39,0,0,39,39,13111,1,0,0,1,0
2020-06-25,US,Kentucky,Whitley,24,0,0,36.75700531,-84.14541217,21235.0,66.18133686300463,0.0,24,24,0,0,24,23,36242,0,0,0,0,1
2020-06-25,US,Kentucky,Wolfe,2,0,0,37.73941626,-83.49303612,21237.0,27.944669554282516,0.0,2,2,0,0,2,2,7177,0,0,0,0,0
2020-06-25,US,Kentucky,Woodford,64,0,0,38.04178222,-84.7417556,21239.0,239.39552629610236,0.0,64,63,0,0,63,63,26533,1,0,0,1,0
2020-06-25,US,Louisiana,Acadia,745,35,0,30.295064899999996,-92.41419698,22001.0,1200.7413973728744,4.697986577181208,710,726,35,0,691,705,62190,19,0,0,19,21
2020-06-25,US,Louisiana,Allen,257,10,0,30.65385745,-92.82442028,22003.0,1002.8485581613144,3.891050583657588,247,257,10,0,247,256,25605,0,0,0,0,1
2020-06-25,US,Louisiana,Ascension,1094,58,0,30.20406249,-90.91328409999998,22005.0,864.1117184291176,5.3016453382084086,1036,1070,58,0,1012,1044,124672,24,0,0,24,26
2020-06-25,US,Louisiana,Assumption,334,14,0,29.89946234,-91.06461642,22007.0,1525.741172171212,4.1916167664670665,320,334,14,0,320,334,22300,0,0,0,0,0
2020-06-25,US,Louisiana,Avoyelles,277,11,0,31.07796211,-92.00079449,22009.0,690.015942606616,3.9711191335740073,266,254,11,0,243,238,40462,23,0,0,23,16
2020-06-25,US,Louisiana,Beauregard,173,8,0,30.64836518,-93.34173616,22011.0,461.3702429527696,4.624277456647398,165,168,8,0,160,165,37253,5,0,0,5,3
2020-06-25,US,Louisiana,Bienville,210,26,0,32.34569994,-93.05398492,22013.0,1585.9829318027341,12.38095238095238,184,210,26,0,184,209,13308,0,0,0,0,1
2020-06-25,US,Louisiana,Bossier,751,28,0,32.67932307,-93.60460152,22015.0,591.1570462613843,3.728362183754993,723,720,28,0,692,697,127185,31,0,0,31,23
2020-06-25,US,Louisiana,Caddo,3096,230,0,32.57991587,-93.88375652,22017.0,1288.9044312334515,7.428940568475452,2866,2995,228,0,2767,2953,242922,101,2,0,99,42
2020-06-25,US,Louisiana,Calcasieu,1061,54,0,30.22931235,-93.35400434,22019.0,521.5399437660984,5.089538171536287,1007,1010,54,0,956,971,203112,51,0,0,51,39
2020-06-25,US,Louisiana,Caldwell,102,1,0,32.0902519,-92.11752148,22021.0,1028.4331518451304,0.9803921568627452,101,102,1,0,101,99,9960,0,0,0,0,3
2020-06-25,US,Louisiana,Cameron,36,0,0,29.87592238,-93.19310676,22023.0,516.2770686935322,0.0,36,36,0,0,36,35,6968,0,0,0,0,1
2020-06-25,US,Louisiana,Catahoula,157,3,0,31.66778967,-91.84526385,22025.0,1653.6760058984619,1.9108280254777068,154,154,3,0,151,154,9608,3,0,0,3,0
2020-06-25,US,Louisiana,Claiborne,110,11,0,32.82308512,-92.99526883,22027.0,701.9783024888321,10.0,99,109,11,0,98,108,15944,1,0,0,1,1
2020-06-25,US,Louisiana,Concordia,105,5,0,31.44817835,-91.63814433,22029.0,545.1996469183239,4.761904761904762,100,105,5,0,100,105,19572,0,0,0,0,0
2020-06-25,US,Louisiana,De Soto,327,18,0,32.05457447,-93.74130302,22031.0,1190.6929323089248,5.504587155963303,309,324,18,0,306,320,27436,3,0,0,3,4
2020-06-25,US,Louisiana,East Baton Rouge,4724,266,0,30.53842039,-91.09777565,22033.0,1073.4924180621235,5.630821337849281,4458,4637,266,0,4371,4514,440956,87,0,0,87,123
2020-06-25,US,Louisiana,East Carroll,385,1,0,32.73926954,-91.23425694,22035.0,5611.426905698878,0.2597402597402597,384,381,0,0,381,357,7037,4,1,0,3,24
2020-06-25,US,Louisiana,East Feliciana,285,33,0,30.84425359,-91.04976723,22037.0,1489.417298144761,11.578947368421053,252,276,33,0,243,273,19305,9,0,0,9,3
2020-06-25,US,Louisiana,Evangeline,146,1,0,30.72985248,-92.39915924,22039.0,437.1911962868693,0.6849315068493149,145,140,1,0,139,139,33443,6,0,0,6,1
2020-06-25,US,Louisiana,Franklin,448,14,0,32.13675181,-91.67589857,22041.0,2238.321259055708,3.125,434,447,14,0,433,443,20156,1,0,0,1,4
2020-06-25,US,Louisiana,Grant,81,1,0,31.59882456,-92.56124347,22043.0,361.7848050381884,1.2345679012345678,80,81,1,0,80,78,22482,0,0,0,0,3
2020-06-25,US,Louisiana,Iberia,570,43,0,29.86803617,-91.75871777,22045.0,816.2680796219389,7.543859649122808,527,535,42,0,493,531,70941,35,1,0,34,4
2020-06-25,US,Louisiana,Iberville,689,43,0,30.25734305,-91.3499598,22047.0,2119.2827043154625,6.2409288824383164,646,677,43,0,634,674,32721,12,0,0,12,3
2020-06-25,US,Louisiana,Jackson,203,16,0,32.30251776,-92.55692092,22049.0,1289.3800813008133,7.881773399014778,187,202,16,0,186,194,15902,1,0,0,1,8
2020-06-25,US,Louisiana,Jefferson,9074,480,0,29.74075478,-90.11115756,22051.0,2098.0686392612133,5.289839100727353,8594,9003,479,0,8524,8888,434051,71,1,0,70,115
2020-06-25,US,Louisiana,Jefferson Davis,283,7,0,30.26896765,-92.81210004,22053.0,902.1933180311144,2.4734982332155475,276,250,7,0,243,247,31582,33,0,0,33,3
2020-06-25,US,Louisiana,LaSalle,88,0,0,31.67884782,-92.15907765,22059.0,590.9213000268601,0.0,88,88,0,0,88,87,14917,0,0,0,0,1
2020-06-25,US,Louisiana,Lafayette,1723,37,0,30.2049055,-92.06959876,22055.0,705.0206636932771,2.1474172954149737,1686,1654,36,0,1618,1574,242782,69,1,0,68,80
2020-06-25,US,Louisiana,Lafourche,1064,85,0,29.52470226,-90.40976986,22057.0,1090.007580879792,7.988721804511278,979,1056,83,0,973,1034,98115,8,2,0,6,22
2020-06-25,US,Louisiana,Lincoln,294,18,0,32.6003154,-92.66597409999999,22061.0,628.9846390826237,6.1224489795918355,276,290,18,0,272,281,47196,4,0,0,4,9
2020-06-25,US,Louisiana,Livingston,794,36,0,30.44143993,-90.73061664,22063.0,563.9645142731323,4.534005037783375,758,768,36,0,732,751,139567,26,0,0,26,17
2020-06-25,US,Louisiana,Madison,324,2,0,32.36918118,-91.23973355,22065.0,2958.633914710985,0.6172839506172839,322,322,2,0,320,320,11161,2,0,0,2,2
2020-06-25,US,Louisiana,Morehouse,218,7,0,32.81686191,-91.80421614,22067.0,876.4171423976843,3.2110091743119265,211,216,7,0,209,213,25398,2,0,0,2,3
2020-06-25,US,Louisiana,Natchitoches,213,14,0,31.72321584,-93.09816516,22069.0,558.2053566748782,6.572769953051642,199,197,14,0,183,193,38659,16,0,0,16,4
2020-06-25,US,Louisiana,Orleans,7638,529,0,30.06971951,-89.92660315,22071.0,1957.7386811023623,6.925896831631317,7109,7610,529,0,7081,7571,391006,28,0,0,28,39
2020-06-25,US,Louisiana,Ouachita,2125,72,0,32.47645559,-92.15704172,22073.0,1386.3608191598328,3.388235294117647,2053,2066,71,0,1995,2022,154475,59,1,0,58,44
2020-06-25,US,Louisiana,Plaquemines,248,17,0,29.42245447,-89.60322085,22075.0,1069.1037634176832,6.854838709677418,231,245,17,0,228,244,23410,3,0,0,3,1
2020-06-25,US,Louisiana,Pointe Coupee,229,27,0,30.71409502,-91.60209535,22077.0,1053.842613897837,11.790393013100436,202,226,27,0,199,225,21940,3,0,0,3,1
2020-06-25,US,Louisiana,Rapides,1423,56,0,31.19778499,-92.52997303,22079.0,1097.587313340738,3.9353478566409,1367,1408,55,0,1353,1358,130562,15,1,0,14,50
2020-06-25,US,Louisiana,Red River,54,8,0,32.09530039,-93.34213308,22081.0,639.6588486140723,14.814814814814815,46,54,8,0,46,54,8477,0,0,0,0,0
2020-06-25,US,Louisiana,Richland,160,4,0,32.41391005,-91.76634876,22083.0,795.1495875161514,2.5,156,155,4,0,151,152,20192,5,0,0,5,3
2020-06-25,US,Louisiana,Sabine,67,1,0,31.56388699,-93.55433981,22085.0,280.5225255401105,1.492537313432836,66,66,1,0,65,66,24032,1,0,0,1,0
2020-06-25,US,Louisiana,St. Bernard,602,23,0,29.87761636,-89.51887093,22087.0,1274.235881805097,3.8205980066445178,579,601,23,0,578,601,46721,1,0,0,1,0
2020-06-25,US,Louisiana,St. Charles,713,48,0,29.90709658,-90.35555967,22089.0,1342.749529190207,6.73211781206171,665,699,46,0,653,697,52879,14,2,0,12,2
2020-06-25,US,Louisiana,St. Helena,88,1,0,30.82210324,-90.71013176,22091.0,868.5353335965259,1.1363636363636365,87,88,1,0,87,88,10262,0,0,0,0,0
2020-06-25,US,Louisiana,St. James,340,28,0,30.02531716,-90.80212061,22093.0,1611.6799393249905,8.235294117647058,312,338,28,0,310,338,21037,2,0,0,2,0
2020-06-25,US,Louisiana,St. John the Baptist,936,86,0,30.12597499,-90.4753503,22095.0,2185.026962672456,9.188034188034187,850,930,86,0,844,928,43184,6,0,0,6,2
2020-06-25,US,Louisiana,St. Landry,540,57,0,30.59724262,-92.00135806,22097.0,657.5422531781209,10.555555555555557,483,530,57,0,473,517,82764,10,0,0,10,13
2020-06-25,US,Louisiana,St. Martin,606,26,0,30.13112107,-91.61403569,22099.0,1134.1730456102264,4.29042904290429,580,586,26,0,560,581,53621,20,0,0,20,5
2020-06-25,US,Louisiana,St. Mary,415,37,0,29.69262097,-91.44702164,22101.0,840.9661992380644,8.91566265060241,378,410,37,0,373,405,49774,5,0,0,5,5
2020-06-25,US,Louisiana,St. Tammany,2166,172,0,30.40942847,-89.95642711,22103.0,831.7365476405331,7.940904893813482,1994,2131,172,0,1959,2096,258111,35,0,0,35,35
2020-06-25,US,Louisiana,Tangipahoa,1218,43,0,30.62888673,-90.40664996,22105.0,903.8424434912956,3.5303776683087027,1175,1184,43,0,1141,1163,133777,34,0,0,34,21
2020-06-25,US,Louisiana,Tensas,24,0,0,32.00760749,-91.32915234,22107.0,553.7609598523304,0.0,24,24,0,0,24,24,4462,0,0,0,0,0
2020-06-25,US,Louisiana,Terrebonne,884,60,0,29.37343766,-90.82626855,22109.0,800.2824526303401,6.787330316742081,824,874,60,0,814,866,111021,10,0,0,10,8
2020-06-25,US,Louisiana,Unassigned,10,113,0,0.0,0.0,90022.0,0.0,1130.0,-103,8,113,0,-105,3,,2,0,0,2,5
2020-06-25,US,Louisiana,Union,398,23,0,32.83121059,-92.3749373,22111.0,1800.2533019721368,5.778894472361809,375,395,23,0,372,391,22330,3,0,0,3,4
2020-06-25,US,Louisiana,Vermilion,185,5,0,29.83517605,-92.30292538,22113.0,310.86689855656937,2.702702702702702,180,175,5,0,170,172,59830,10,0,0,10,3
2020-06-25,US,Louisiana,Vernon,96,6,0,31.10884837,-93.18153838,22115.0,202.40780956798585,6.25,90,91,6,0,85,89,48860,5,0,0,5,2
2020-06-25,US,Louisiana,Washington,615,45,0,30.85288548,-90.03866652,22117.0,1331.3417326925576,7.317073170731707,570,607,45,0,562,596,46582,8,0,0,8,11
2020-06-25,US,Louisiana,Webster,368,9,0,32.70847669,-93.33121835,22119.0,959.8330725091287,2.4456521739130435,359,361,9,0,352,352,38798,7,0,0,7,9
2020-06-25,US,Louisiana,West Baton Rouge,243,30,0,30.46058217,-91.30989571,22121.0,918.1938409219723,12.345679012345679,213,239,30,0,209,234,26427,4,0,0,4,5
2020-06-25,US,Louisiana,West Carroll,111,3,0,32.78550125,-91.461201,22123.0,1024.9307479224376,2.702702702702702,108,111,3,0,108,107,10982,0,0,0,0,4
2020-06-25,US,Louisiana,West Feliciana,241,14,0,30.87882871,-91.41485379999999,22125.0,1548.0472764645426,5.809128630705394,227,241,14,0,227,241,15460,0,0,0,0,0
2020-06-25,US,Louisiana,Winn,231,5,0,31.94449367,-92.63789413,22127.0,1661.392405063291,2.1645021645021645,226,230,5,0,225,230,14134,1,0,0,1,0
2020-06-25,US,Maine,Androscoggin,460,4,0,44.1664747,-70.20380627,23001.0,424.83629949112,0.8695652173913043,456,454,4,0,450,454,107679,6,0,0,6,0
2020-06-25,US,Maine,Aroostook,21,1,0,46.65926321,-68.59841248,23003.0,31.317575124897477,4.761904761904762,20,22,1,0,21,21,67111,-1,0,0,-1,1
2020-06-25,US,Maine,Cumberland,1608,59,0,43.8370751,-70.37226999,23005.0,545.0792025843805,3.669154228855721,1549,1566,59,0,1507,1554,293557,42,0,0,42,12
2020-06-25,US,Maine,Franklin,38,1,0,44.97330019,-70.44381045,23007.0,125.83198119143015,2.631578947368421,37,38,1,0,37,38,29897,0,0,0,0,0
2020-06-25,US,Maine,Hancock,15,1,0,44.59816444,-68.38401854,23009.0,27.27917507774565,6.666666666666668,14,15,1,0,14,15,54811,0,0,0,0,0
2020-06-25,US,Maine,Kennebec,142,9,0,44.40759555,-69.76738544,23011.0,116.10603260780692,6.338028169014086,133,140,9,0,131,141,122083,2,0,0,2,-1
2020-06-25,US,Maine,Knox,24,1,0,44.11486325,-69.10529169,23013.0,60.34396057527909,4.166666666666667,23,24,1,0,23,24,39771,0,0,0,0,0
2020-06-25,US,Maine,Lincoln,21,0,0,44.05996956,-69.54227124,23015.0,60.63405901715078,0.0,21,21,0,0,21,21,34342,0,0,0,0,0
2020-06-25,US,Maine,Oxford,35,0,0,44.49952995,-70.75682123,23017.0,60.3708495040966,0.0,35,35,0,0,35,34,57618,0,0,0,0,1
2020-06-25,US,Maine,Penobscot,105,2,0,45.40194593,-68.65020455,23019.0,69.01175171543497,1.9047619047619049,103,104,2,0,102,104,151096,1,0,0,1,0
2020-06-25,US,Maine,Piscataquis,2,0,0,45.83839062,-69.2860223,23021.0,11.915400655347035,0.0,2,2,0,0,2,2,16800,0,0,0,0,0
2020-06-25,US,Maine,Sagadahoc,32,0,0,43.95415864,-69.85074999,23023.0,89.2458723784025,0.0,32,32,0,0,32,31,35634,0,0,0,0,1
2020-06-25,US,Maine,Somerset,26,0,0,45.51229767,-69.95995554,23025.0,51.50146581095,0.0,26,26,0,0,26,26,50592,0,0,0,0,0
2020-06-25,US,Maine,Unassigned,2,0,0,0.0,0.0,90023.0,0.0,0.0,2,2,0,0,2,2,,0,0,0,0,0
2020-06-25,US,Maine,Waldo,55,14,0,44.4858305,-69.12061935,23027.0,138.48671786478658,25.45454545454545,41,55,14,0,41,55,39694,0,0,0,0,0
2020-06-25,US,Maine,Washington,2,0,0,45.01607142,-67.62813524,23029.0,6.373689410115046,0.0,2,2,0,0,2,2,31490,0,0,0,0,0
2020-06-25,US,Maine,York,482,11,0,43.47808377,-70.71052375,23031.0,232.13141913205962,2.282157676348548,471,479,11,0,468,472,206229,3,0,0,3,7
2020-06-25,US,Maryland,Allegany,203,17,0,39.62357628,-78.69280486,24001.0,288.2867530106794,8.374384236453201,186,194,17,0,177,192,70975,9,0,0,9,2
2020-06-25,US,Maryland,Anne Arundel,4985,201,0,39.00670238,-76.60329337,24003.0,860.6193697193188,4.0320962888666,4784,4956,202,0,4754,4946,576031,29,-1,0,30,10
2020-06-25,US,Maryland,Baltimore,7710,460,0,39.45784712,-76.62911955,24005.0,931.8684506327278,5.9662775616083,7250,7652,460,0,7192,7635,828431,58,0,0,58,17
2020-06-25,US,Maryland,Baltimore City,7258,327,0,39.30211911,-76.61151012,24510.0,1222.9355170264032,4.505373381096722,6931,7210,325,0,6885,7148,621342,48,2,0,46,62
2020-06-25,US,Maryland,Calvert,403,26,0,38.53961642,-76.56820632,24009.0,435.55795730883546,6.451612903225807,377,402,25,0,377,398,92003,1,1,0,0,4
2020-06-25,US,Maryland,Caroline,302,3,0,38.87172293,-75.82904158,24011.0,904.0292163084475,0.9933774834437086,299,297,3,0,294,296,33304,5,0,0,5,1
2020-06-25,US,Maryland,Carroll,1101,109,0,39.56453592,-77.02373735,24013.0,653.6180519688686,9.900090826521344,992,1082,109,0,973,1061,168429,19,0,0,19,21
2020-06-25,US,Maryland,Cecil,460,29,0,39.56647682,-75.94627411,24015.0,447.23153954596285,6.304347826086956,431,464,29,0,435,461,102826,-4,0,0,-4,3
2020-06-25,US,Maryland,Charles,1350,86,0,38.51092331,-76.98580666,24017.0,826.9170694059061,6.37037037037037,1264,1341,86,0,1255,1333,161503,9,0,0,9,8
2020-06-25,US,Maryland,Dorchester,184,5,0,38.45413522,-76.02752426,24019.0,576.278618184096,2.717391304347826,179,183,5,0,178,183,31998,1,0,0,1,0
2020-06-25,US,Maryland,Frederick,2441,116,0,39.47296601,-77.39999394,24021.0,940.4847676914007,4.752150757886112,2325,2425,116,0,2309,2419,255648,16,0,0,16,6
2020-06-25,US,Maryland,Garrett,10,1,0,39.52786077,-79.27355126,24023.0,34.46611980423244,10.0,9,10,1,0,9,10,29163,0,0,0,0,0
2020-06-25,US,Maryland,Harford,1078,61,0,39.55010644,-76.30775940000002,24025.0,422.0152598838871,5.658627087198516,1017,1072,61,0,1011,1064,253956,6,0,0,6,8
2020-06-25,US,Maryland,Howard,2453,83,0,39.25305293,-76.93126208,24027.0,753.1701925143541,3.383611903791276,2370,2436,81,0,2355,2423,323196,17,2,0,15,13
2020-06-25,US,Maryland,Kent,194,23,0,39.24976208,-76.04741541,24029.0,998.8672639275047,11.855670103092784,171,195,23,0,172,194,19383,-1,0,0,-1,1
2020-06-25,US,Maryland,Montgomery,14381,731,0,39.13676329,-77.20358245,24031.0,1368.722208686118,5.083095751338573,13650,14283,728,0,13555,14204,1052567,98,3,0,95,79
2020-06-25,US,Maryland,Prince George's,18249,669,0,38.83070039,-76.8496441,24033.0,2006.8688161684408,3.665954298865692,17580,18151,662,0,17489,18080,909308,98,7,0,91,71
2020-06-25,US,Maryland,Queen Anne's,215,16,0,39.06198912,-76.03530977,24035.0,426.74817887695764,7.441860465116278,199,213,15,0,198,211,50251,2,1,0,1,2
2020-06-25,US,Maryland,Somerset,85,3,0,38.1163542,-75.75118623,24039.0,331.8238600874453,3.5294117647058822,82,84,3,0,81,84,25675,1,0,0,1,0
2020-06-25,US,Maryland,St. Mary's,610,48,0,38.30058422,-76.60629279999998,24037.0,537.3975861157608,7.868852459016392,562,606,48,0,558,605,112664,4,0,0,4,1
2020-06-25,US,Maryland,Talbot,119,4,0,38.76618159,-76.10882561,24041.0,320.05594255130313,3.361344537815126,115,116,4,0,112,116,36968,3,0,0,3,0
2020-06-25,US,Maryland,Unassigned,0,29,0,0.0,0.0,90024.0,0.0,0.0,-29,0,24,0,-24,0,,0,5,0,-5,0
2020-06-25,US,Maryland,Washington,653,26,0,39.60835778,-77.82002295,24043.0,432.31004508470767,3.981623277182236,627,634,26,0,608,616,150926,19,0,0,19,18
2020-06-25,US,Maryland,Wicomico,1055,40,0,38.37301947,-75.62705831,24045.0,1018.2513102143636,3.791469194312796,1015,1053,39,0,1014,1051,103195,2,1,0,1,2
2020-06-25,US,Maryland,Worcester,278,16,0,38.21274277,-75.33200012,24047.0,531.7927921034509,5.755395683453237,262,278,16,0,262,277,51823,0,0,0,0,1
2020-06-25,US,Massachusetts,Barnstable,1525,141,0,41.72980578,-70.28854339,25001.0,715.9960561528709,9.245901639344263,1384,1525,140,0,1385,1523,213413,0,1,0,-1,2
2020-06-25,US,Massachusetts,Berkshire,591,44,0,42.37428441,-73.20524838,25003.0,473.0119093353823,7.4450084602368864,547,591,44,0,547,591,126348,0,0,0,0,0
2020-06-25,US,Massachusetts,Bristol,8107,558,0,41.79228404,-71.10872211,25005.0,1434.3163776036458,6.882940668558036,7549,8086,555,0,7531,8081,564022,21,3,0,18,5
2020-06-25,US,Massachusetts,Dukes and Nantucket,59,0,0,41.40674725,-70.68763497,0.0,205.35310292019074,0.0,59,59,0,0,59,59,26707,0,0,0,0,0
2020-06-25,US,Massachusetts,Essex,15952,1086,0,42.6687626,-70.94687179,25009.0,2021.7126258184055,6.807923771313943,14866,15920,1083,0,14837,15885,790638,32,3,0,29,35
2020-06-25,US,Massachusetts,Franklin,362,54,0,42.58119713,-72.58602547,25011.0,515.8164719293246,14.917127071823206,308,359,53,0,306,359,70963,3,1,0,2,0
2020-06-25,US,Massachusetts,Hampden,6658,654,0,42.13440424,-72.63235561,25013.0,1427.6157230708536,9.822769600480623,6004,6633,654,0,5979,6620,470406,25,0,0,25,13
2020-06-25,US,Massachusetts,Hampshire,952,109,0,42.33997957,-72.65898478,25015.0,591.9293664117391,11.449579831932773,843,950,108,0,842,947,161355,2,1,0,1,3
2020-06-25,US,Massachusetts,Middlesex,23741,1825,0,42.48607732,-71.39049229,25017.0,1473.0418024705607,7.687123541552587,21916,23697,1820,0,21877,23647,1614714,44,5,0,39,50
2020-06-25,US,Massachusetts,Norfolk,9082,924,0,42.16073095,-71.20530408,25021.0,1284.9916875950619,10.17397049108126,8158,9056,923,0,8133,9042,705388,26,1,0,25,14
2020-06-25,US,Massachusetts,Plymouth,8625,654,0,41.94070556,-70.80802823,25023.0,1654.8286460911509,7.582608695652174,7971,8610,651,0,7959,8604,518132,15,3,0,12,6
2020-06-25,US,Massachusetts,Suffolk,19664,990,0,42.327951399999996,-71.07850442,25025.0,2446.054083370341,5.034580960130187,18674,19628,984,0,18644,19601,807252,36,6,0,30,27
2020-06-25,US,Massachusetts,Unassigned,283,6,0,0.0,0.0,90025.0,0.0,2.120141342756184,277,290,8,0,282,288,,-7,-2,0,-5,2
2020-06-25,US,Massachusetts,Worcester,12236,917,0,42.35026951,-71.90493363,25027.0,1473.1129201971537,7.494279176201372,11319,12207,914,0,11293,12192,830839,29,3,0,26,15
2020-06-25,US,Michigan,Alcona,21,1,0,44.6846864,-83.59507875,26001.0,201.8260451705911,4.761904761904762,20,21,1,0,20,21,10362,0,0,0,0,0
2020-06-25,US,Michigan,Alger,2,0,0,46.41292944,-86.60260122,26003.0,21.95871761089152,0.0,2,2,0,0,2,2,9097,0,0,0,0,0
2020-06-25,US,Michigan,Allegan,301,6,0,42.59147037,-85.89102866,26005.0,254.90976533057813,1.9933554817275747,295,303,6,0,297,301,117327,-2,0,0,-2,2
2020-06-25,US,Michigan,Alpena,117,11,0,45.03477666,-83.62212411,26007.0,411.8993135011442,9.401709401709402,106,116,11,0,105,116,28360,1,0,0,1,0
2020-06-25,US,Michigan,Antrim,18,0,0,44.99690221,-85.15503082,26009.0,77.17372663351055,0.0,18,16,0,0,16,16,23365,2,0,0,2,0
2020-06-25,US,Michigan,Arenac,38,2,0,44.0636262,-83.89277559,26011.0,255.32486729825973,5.2631578947368425,36,38,2,0,36,38,15041,0,0,0,0,0
2020-06-25,US,Michigan,Baraga,1,0,0,46.6720582,-88.36363591,26013.0,12.181751735899622,0.0,1,1,0,0,1,1,8320,0,0,0,0,0
2020-06-25,US,Michigan,Barry,95,2,0,42.59513984,-85.30834519,26015.0,154.3460601137287,2.1052631578947367,93,96,2,0,94,95,61157,-1,0,0,-1,1
2020-06-25,US,Michigan,Bay,383,30,0,43.70639106,-83.98731479,26017.0,371.3903380330858,7.83289817232376,353,381,29,0,352,379,103923,2,1,0,1,2
2020-06-25,US,Michigan,Benzie,6,0,0,44.63899297,-86.01608482,26019.0,33.77237419790611,0.0,6,6,0,0,6,5,17753,0,0,0,0,1
2020-06-25,US,Michigan,Berrien,859,60,0,41.95447397,-86.41313079999998,26021.0,559.9702739877837,6.984866123399303,799,855,60,0,795,854,154141,4,0,0,4,1
2020-06-25,US,Michigan,Branch,254,2,0,41.91600556,-85.05929476,26023.0,583.6799411724154,0.7874015748031497,252,254,2,0,252,250,43622,0,0,0,0,4
2020-06-25,US,Michigan,Calhoun,517,32,0,42.24633834,-85.00493569,26025.0,385.36363568601433,6.189555125725338,485,514,31,0,483,507,134487,3,1,0,2,7
2020-06-25,US,Michigan,Cass,131,4,0,41.91522292,-85.99405727,26027.0,252.959236874119,3.053435114503817,127,126,4,0,122,126,51653,5,0,0,5,0
2020-06-25,US,Michigan,Charlevoix,26,2,0,45.37790017,-85.19614053,26029.0,99.45300845350573,7.6923076923076925,24,22,2,0,20,22,26244,4,0,0,4,0
2020-06-25,US,Michigan,Cheboygan,27,2,0,45.44787015,-84.50122149,26031.0,106.82069947776549,7.407407407407407,25,26,2,0,24,26,25413,1,0,0,1,0
2020-06-25,US,Michigan,Chippewa,3,0,0,46.29552653,-84.54353449,26033.0,8.032343570108972,0.0,3,3,0,0,3,3,37517,0,0,0,0,0
2020-06-25,US,Michigan,Clare,27,3,0,43.98794227,-84.84819859999998,26035.0,87.23747980613894,11.111111111111109,24,27,2,0,25,27,30757,0,1,0,-1,0
2020-06-25,US,Michigan,Clinton,207,12,0,42.94400871,-84.60145248,26037.0,260.0665870971795,5.797101449275362,195,205,11,0,194,204,79332,2,1,0,1,1
2020-06-25,US,Michigan,Crawford,68,5,0,44.68255561,-84.61006219,26039.0,484.71024306793066,7.352941176470589,63,68,5,0,63,66,13901,0,0,0,0,2
2020-06-25,US,Michigan,Delta,22,2,0,45.90484910000001,-86.9080745,26041.0,61.479991057455855,9.090909090909092,20,21,2,0,19,21,35857,1,0,0,1,0
2020-06-25,US,Michigan,Dickinson,7,2,0,46.00999672,-87.86961634,26043.0,27.734854788224567,28.57142857142857,5,7,2,0,5,7,25383,0,0,0,0,0
2020-06-25,US,Michigan,Eaton,297,7,0,42.59599185,-84.83740035,26045.0,269.3437806072478,2.356902356902357,290,287,7,0,280,274,109826,10,0,0,10,13
2020-06-25,US,Michigan,Emmet,27,2,0,45.52625509,-84.89083249,26047.0,80.80203501421518,7.407407407407407,25,28,2,0,26,26,33308,-1,0,0,-1,2
2020-06-25,US,Michigan,Federal Correctional Institution (FCI),178,5,0,0.0,0.0,0.0,0.0,2.808988764044944,173,170,5,0,165,170,,8,0,0,8,0
2020-06-25,US,Michigan,Genesee,2669,285,0,43.02244215,-83.70589709,26049.0,657.6920897063426,10.678156612963656,2384,2668,285,0,2383,2640,406892,1,0,0,1,28
2020-06-25,US,Michigan,Gladwin,26,1,0,43.98901072,-84.38774817,26051.0,102.16511454281112,3.8461538461538463,25,26,1,0,25,26,25337,0,0,0,0,0
2020-06-25,US,Michigan,Gogebic,6,1,0,46.40862701,-89.69377193,26053.0,42.933810375670845,16.666666666666668,5,6,1,0,5,6,15096,0,0,0,0,0
2020-06-25,US,Michigan,Grand Traverse,39,5,0,44.69565625,-85.55585247,26055.0,41.89584049501547,12.82051282051282,34,39,5,0,34,40,92573,0,0,0,0,-1
2020-06-25,US,Michigan,Gratiot,92,13,0,43.29265605,-84.60505416,26057.0,225.98314951732948,14.130434782608695,79,93,13,0,80,93,40599,-1,0,0,-1,0
2020-06-25,US,Michigan,Hillsdale,192,25,0,41.88753639,-84.59312019,26059.0,421.0064685889705,13.020833333333336,167,187,25,0,162,184,45749,5,0,0,5,3
2020-06-25,US,Michigan,Houghton,11,0,0,46.89988536,-88.68495385,26061.0,30.82614056720099,0.0,11,11,0,0,11,11,36219,0,0,0,0,0
2020-06-25,US,Michigan,Huron,64,3,0,43.83353985,-83.04078453,26063.0,206.57822536393277,4.6875,61,64,3,0,61,63,31166,0,0,0,0,1
2020-06-25,US,Michigan,Ingham,916,29,0,42.59716886,-84.37472069,26065.0,313.2630657373652,3.165938864628821,887,896,29,0,867,867,292735,20,0,0,20,29
2020-06-25,US,Michigan,Ionia,193,4,0,42.94502238,-85.07413319,26067.0,298.3136776048348,2.0725388601036268,189,191,4,0,187,191,64210,2,0,0,2,0
2020-06-25,US,Michigan,Iosco,111,10,0,44.35486835,-83.63484895,26069.0,441.7558801289449,9.00900900900901,101,111,10,0,101,111,25081,0,0,0,0,0
2020-06-25,US,Michigan,Iron,5,0,0,46.20974132,-88.53136251,26071.0,45.18344478583048,0.0,5,4,0,0,4,4,11117,1,0,0,1,0
2020-06-25,US,Michigan,Isabella,120,8,0,43.64060976,-84.84664923,26073.0,171.7426150675521,6.666666666666668,112,120,8,0,112,116,70562,0,0,0,0,4
2020-06-25,US,Michigan,Jackson,489,30,0,42.24807035,-84.42258681,26075.0,308.4978865686708,6.1349693251533735,459,489,30,0,459,489,158823,0,0,0,0,0
2020-06-25,US,Michigan,Kalamazoo,1042,67,0,42.24542231,-85.53038622,26077.0,393.1096406178084,6.429942418426104,975,1017,67,0,950,1002,264870,25,0,0,25,15
2020-06-25,US,Michigan,Kalkaska,31,2,0,44.68512729,-85.09085699,26079.0,171.85940791662048,6.451612903225807,29,30,2,0,28,30,17824,1,0,0,1,0
2020-06-25,US,Michigan,Kent,4717,130,0,43.03197711,-85.54934642,26081.0,718.0096049196673,2.755988976044096,4587,4666,129,0,4537,4628,653786,51,1,0,50,38
2020-06-25,US,Michigan,Keweenaw,1,0,0,47.63197653,-88.41434263,26083.0,47.25897920604915,0.0,1,1,0,0,1,1,2113,0,0,0,0,0
2020-06-25,US,Michigan,Lake,7,0,0,43.99050893,-85.802173,26085.0,59.05677887454653,0.0,7,7,0,0,7,7,11881,0,0,0,0,0
2020-06-25,US,Michigan,Lapeer,276,31,0,43.09052506,-83.22153148,26087.0,315.04331845628775,11.231884057971012,245,274,31,0,243,268,88028,2,0,0,2,6
2020-06-25,US,Michigan,Leelanau,20,0,0,44.94430054,-85.80150326,26089.0,91.90754101374016,0.0,20,12,0,0,12,12,21764,8,0,0,8,0
2020-06-25,US,Michigan,Lenawee,205,6,0,41.89475156,-84.06603727,26091.0,208.22541162608812,2.9268292682926833,199,200,6,0,194,198,98266,5,0,0,5,2
2020-06-25,US,Michigan,Livingston,550,28,0,42.60302282,-83.91297209,26093.0,286.465793380036,5.090909090909091,522,548,28,0,520,546,191224,2,0,0,2,2
2020-06-25,US,Michigan,Luce,3,0,0,46.47227431,-85.54471223,26095.0,48.16182372772515,0.0,3,3,0,0,3,3,6283,0,0,0,0,0
2020-06-25,US,Michigan,Mackinac,8,0,0,46.07028979,-85.04980537,26097.0,74.0809334197611,0.0,8,8,0,0,8,8,10787,0,0,0,0,0
2020-06-25,US,Michigan,Macomb,7225,900,0,42.69158356,-82.92752801,26099.0,826.6855231060034,12.456747404844293,6325,7191,898,0,6293,7175,874759,34,2,0,32,16
2020-06-25,US,Michigan,Manistee,16,0,0,44.33352407,-86.05626916,26101.0,65.15188533268181,0.0,16,16,1,0,15,15,24528,0,-1,0,1,1
2020-06-25,US,Michigan,Marquette,63,11,0,46.4338914,-87.64043701,26103.0,94.45418971798678,17.460317460317462,52,63,11,0,52,63,66516,0,0,0,0,0
2020-06-25,US,Michigan,Mason,43,0,0,43.99509218,-86.24988902,26105.0,147.5432335986824,0.0,43,43,0,0,43,42,29100,0,0,0,0,1
2020-06-25,US,Michigan,Mecosta,29,2,0,43.64064262,-85.32463223,26107.0,66.7387752284077,6.896551724137932,27,28,2,0,26,28,43545,1,0,0,1,0
2020-06-25,US,Michigan,Menominee,14,0,0,45.58038692,-87.55370409,26109.0,61.457418788410884,0.0,14,11,0,0,11,9,22983,3,0,0,3,2
2020-06-25,US,Michigan,Michigan Department of Corrections (MDOC),4099,68,0,0.0,0.0,0.0,0.0,1.6589412051719932,4031,4098,68,0,4030,4097,,1,0,0,1,1
2020-06-25,US,Michigan,Midland,161,9,0,43.64330771,-84.38804374,26111.0,193.61200634951174,5.590062111801243,152,160,9,0,151,160,83209,1,0,0,1,0
2020-06-25,US,Michigan,Missaukee,24,1,0,44.33772443,-85.09256478,26113.0,158.75115756052386,4.166666666666667,23,24,1,0,23,24,15113,0,0,0,0,0
2020-06-25,US,Michigan,Monroe,591,21,0,41.92734151,-83.53749864,26115.0,392.6910299003322,3.5532994923857872,570,583,21,0,562,580,150439,8,0,0,8,3
2020-06-25,US,Michigan,Montcalm,83,1,0,43.31082541,-85.15252824,26117.0,129.91485098923116,1.2048192771084338,82,83,1,0,82,83,63968,0,0,0,0,0
2020-06-25,US,Michigan,Montmorency,5,0,0,45.0275929,-84.12696227,26119.0,53.60205831903945,0.0,5,5,0,0,5,5,9265,0,0,0,0,0
2020-06-25,US,Michigan,Muskegon,796,49,0,43.29123859,-86.15176712,26121.0,458.6151665648802,6.155778894472362,747,793,49,0,744,790,173588,3,0,0,3,3
2020-06-25,US,Michigan,Newaygo,162,0,0,43.554373999999996,-85.80070107,26123.0,330.7472437729685,0.0,162,151,0,0,151,145,48892,11,0,0,11,6
2020-06-25,US,Michigan,Oakland,11826,1084,0,42.66090111,-83.38595416,26125.0,940.3745594727667,9.166243869440217,10742,11805,1081,0,10724,11791,1259201,21,3,0,18,14
2020-06-25,US,Michigan,Oceana,222,3,0,43.64124435,-86.26726673,26127.0,838.7803680054407,1.351351351351351,219,210,3,0,207,199,26625,12,0,0,12,11
2020-06-25,US,Michigan,Ogemaw,32,2,0,44.33481032,-84.12725175,26129.0,152.40272419869504,6.25,30,32,2,0,30,32,20952,0,0,0,0,0
2020-06-25,US,Michigan,Osceola,25,0,0,43.98992088,-85.32566756,26133.0,106.56436487638534,0.0,25,25,0,0,25,26,23341,0,0,0,0,-1
2020-06-25,US,Michigan,Oscoda,14,1,0,44.68192279,-84.12939244,26135.0,169.88229583788376,7.142857142857142,13,12,1,0,11,10,8276,2,0,0,2,2
2020-06-25,US,Michigan,Otsego,122,10,0,45.02085831,-84.59898295,26137.0,494.56786119669215,8.196721311475411,112,122,10,0,112,121,24665,0,0,0,0,1
2020-06-25,US,Michigan,Ottawa,983,51,0,42.95996803,-85.9969107,26139.0,336.8399410615769,5.188199389623602,932,977,51,0,926,972,290494,6,0,0,6,5
2020-06-25,US,Michigan,Out of MI,70,0,0,0.0,0.0,80026.0,0.0,0.0,70,65,0,0,65,64,,5,0,0,5,1
2020-06-25,US,Michigan,Presque Isle,12,0,0,45.34018577,-83.91498656,26141.0,95.29860228716646,0.0,12,12,0,0,12,12,12738,0,0,0,0,0
2020-06-25,US,Michigan,Roscommon,26,0,0,44.33473082,-84.61067651,26143.0,108.2476372871477,0.0,26,26,0,0,26,26,23884,0,0,0,0,0
2020-06-25,US,Michigan,Saginaw,1247,123,0,43.33433923,-84.05131209999998,26145.0,654.4591920814113,9.863672814755413,1124,1224,123,0,1101,1214,190800,23,0,0,23,10
2020-06-25,US,Michigan,Sanilac,44,6,0,43.42406072,-82.82055898,26151.0,106.8739373330095,13.636363636363635,38,43,6,0,37,43,41182,1,0,0,1,0
2020-06-25,US,Michigan,Schoolcraft,4,0,0,46.19235734,-86.19972234,26153.0,49.419322955275504,0.0,4,4,0,0,4,4,8068,0,0,0,0,0
2020-06-25,US,Michigan,Shiawassee,268,27,0,42.95392800000001,-84.14585902,26155.0,393.4118199700537,10.074626865671641,241,265,27,0,238,265,68192,3,0,0,3,0
2020-06-25,US,Michigan,St. Clair,535,49,0,42.92655373,-82.67937954,26147.0,336.20732994821776,9.158878504672897,486,532,49,0,483,528,159337,3,0,0,3,4
2020-06-25,US,Michigan,St. Joseph,255,3,0,41.91441767,-85.52797979,26149.0,418.2796404435405,1.1764705882352942,252,242,3,0,239,232,61043,13,0,0,13,10
2020-06-25,US,Michigan,Tuscola,229,26,0,43.46606813,-83.41897025,26157.0,438.3194564073117,11.353711790393016,203,229,26,0,203,229,52516,0,0,0,0,0
2020-06-25,US,Michigan,Unassigned,4,0,0,0.0,0.0,90026.0,0.0,0.0,4,21,0,0,21,4,,-17,0,0,-17,17
2020-06-25,US,Michigan,Van Buren,224,7,0,42.25190229,-86.01939087,26159.0,295.99482009064843,3.125,217,221,7,0,214,217,75448,3,0,0,3,4
2020-06-25,US,Michigan,Washtenaw,1639,103,0,42.253105,-83.83853204,26161.0,445.8638578241082,6.284319707138499,1536,1633,103,0,1530,1628,370963,6,0,0,6,5
2020-06-25,US,Michigan,Wayne,22453,2703,0,42.28098405,-83.281255,26163.0,1283.510437918693,12.038480381240813,19750,22324,2693,0,19631,22245,1753893,129,10,0,119,79
2020-06-25,US,Michigan,Wexford,19,3,0,44.33853602,-85.57712739,26165.0,56.495495227617376,15.789473684210524,16,18,3,0,15,18,33466,1,0,0,1,0
2020-06-25,US,Minnesota,Aitkin,13,0,0,46.60962049,-93.41168259999999,27001.0,81.83306055646482,0.0,13,13,0,0,13,13,15902,0,0,0,0,0
2020-06-25,US,Minnesota,Anoka,1961,103,0,45.27476015,-93.24604565,27003.0,549.421300511878,5.2524222335543085,1858,1940,103,0,1837,1919,353813,21,0,0,21,21
2020-06-25,US,Minnesota,Becker,53,0,0,46.93479392,-95.67158144,27005.0,153.9668245068704,0.0,53,53,0,0,53,50,34371,0,0,0,0,3
2020-06-25,US,Minnesota,Beltrami,27,0,0,47.97373527,-94.93732139,27007.0,57.217936763583964,0.0,27,27,0,0,27,25,46847,0,0,0,0,2
2020-06-25,US,Minnesota,Benton,203,3,0,45.69804958,-93.99514135,27009.0,496.4660422118418,1.477832512315271,200,204,3,0,201,204,40545,-1,0,0,-1,0
2020-06-25,US,Minnesota,Big Stone,14,0,0,45.42712824,-96.41403739,27011.0,280.50490883590464,0.0,14,14,0,0,14,14,4989,0,0,0,0,0
2020-06-25,US,Minnesota,Blue Earth,281,2,0,44.03554215,-94.06699781,27013.0,415.3548253588163,0.7117437722419929,279,265,2,0,263,243,67427,16,0,0,16,22
2020-06-25,US,Minnesota,Brown,22,2,0,44.24205652,-94.72562874,27015.0,87.97184900831734,9.090909090909092,20,23,2,0,21,21,25111,-1,0,0,-1,2
2020-06-25,US,Minnesota,Carlton,81,0,0,46.59180601,-92.67601019,27017.0,225.8091494522037,0.0,81,81,0,0,81,81,35837,0,0,0,0,0
2020-06-25,US,Minnesota,Carver,308,1,0,44.82017001,-93.80099179999999,27019.0,293.08490898191064,0.3246753246753247,307,305,1,0,304,299,103551,3,0,0,3,6
2020-06-25,US,Minnesota,Cass,11,2,0,46.95043611,-94.32603968,27021.0,36.93878236341045,18.181818181818183,9,11,2,0,9,11,29519,0,0,0,0,0
2020-06-25,US,Minnesota,Chippewa,69,1,0,45.02343421,-95.56403693,27023.0,584.7457627118644,1.4492753623188406,68,69,1,0,68,68,11924,0,0,0,0,1
2020-06-25,US,Minnesota,Chisago,88,1,0,45.5021011,-92.90861945,27025.0,155.53473903745206,1.1363636363636365,87,87,1,0,86,87,55922,1,0,0,1,0
2020-06-25,US,Minnesota,Clay,537,37,0,46.89289518,-96.48761922,27027.0,836.162062844508,6.890130353817503,500,537,37,0,500,530,63955,0,0,0,0,7
2020-06-25,US,Minnesota,Clearwater,7,0,0,47.57992111,-95.37790562,27029.0,79.38308006350647,0.0,7,7,0,0,7,6,8810,0,0,0,0,1
2020-06-25,US,Minnesota,Cook,1,0,0,47.90504893,-90.52629546,27031.0,18.304960644334614,0.0,1,1,0,0,1,1,5393,0,0,0,0,0
2020-06-25,US,Minnesota,Cottonwood,127,0,0,44.00715262,-95.18138802,27033.0,1134.3336906037869,0.0,127,126,0,0,126,125,11277,1,0,0,1,1
2020-06-25,US,Minnesota,Crow Wing,97,11,0,46.48096553,-94.06755609,27035.0,149.10460379678733,11.340206185567009,86,97,11,0,86,97,64889,0,0,0,0,0
2020-06-25,US,Minnesota,Dakota,2012,85,0,44.67172617,-93.06299363,27037.0,468.9747121935756,4.224652087475149,1927,1982,84,0,1898,1956,425423,30,1,0,29,26
2020-06-25,US,Minnesota,Dodge,67,0,0,44.02238415,-92.86244324,27039.0,320.0535014808445,0.0,67,67,0,0,67,66,20822,0,0,0,0,1
2020-06-25,US,Minnesota,Douglas,55,0,0,45.93348491,-95.45335469,27041.0,144.2017776146404,0.0,55,54,0,0,54,54,37964,1,0,0,1,0
2020-06-25,US,Minnesota,Faribault,41,0,0,43.67381499,-93.94787458,27043.0,300.3003003003003,0.0,41,35,0,0,35,35,13758,6,0,0,6,0
2020-06-25,US,Minnesota,Fillmore,23,0,0,43.67394126,-92.08980382,27045.0,109.17548772962454,0.0,23,23,0,0,23,23,21058,0,0,0,0,0
2020-06-25,US,Minnesota,Freeborn,262,0,0,43.67385583,-93.34884422,27047.0,865.2290214986294,0.0,262,259,0,0,259,259,30444,3,0,0,3,0
2020-06-25,US,Minnesota,Goodhue,109,8,0,44.40849741,-92.72341949999999,27049.0,235.21795425118685,7.339449541284404,101,109,8,0,101,108,46403,0,0,0,0,1
2020-06-25,US,Minnesota,Grant,6,0,0,45.93424769,-96.01139609,27051.0,100.46885465505692,0.0,6,6,0,0,6,6,6021,0,0,0,0,0
2020-06-25,US,Minnesota,Hennepin,11178,758,0,45.00761521,-93.47694895,27053.0,883.0478977250732,6.7811773125782775,10420,11057,752,0,10305,10988,1259428,121,6,0,115,69
2020-06-25,US,Minnesota,Houston,16,0,0,43.67129565,-91.49143057,27055.0,86.02150537634407,0.0,16,15,0,0,15,15,18578,1,0,0,1,0
2020-06-25,US,Minnesota,Hubbard,5,0,0,47.10778564,-94.91693868,27057.0,23.265553022195334,0.0,5,5,0,0,5,5,21332,0,0,0,0,0
2020-06-25,US,Minnesota,Isanti,56,0,0,45.56181234,-93.29487636,27059.0,137.94462508621538,0.0,56,56,0,0,56,56,39966,0,0,0,0,0
2020-06-25,US,Minnesota,Itasca,63,12,0,47.51009045,-93.63092229,27061.0,139.59672058497674,19.047619047619047,51,60,12,0,48,59,45108,3,0,0,3,1
2020-06-25,US,Minnesota,Jackson,53,0,0,43.67423373,-95.15398258,27063.0,538.2896607759496,0.0,53,53,0,0,53,53,9911,0,0,0,0,0
2020-06-25,US,Minnesota,Kanabec,13,1,0,45.9459309,-93.29275192,27065.0,79.57397318969211,7.6923076923076925,12,13,1,0,12,13,16207,0,0,0,0,0
2020-06-25,US,Minnesota,Kandiyohi,564,1,0,45.1526059,-95.00586446,27067.0,1305.5857774485519,0.1773049645390071,563,561,1,0,560,561,42855,3,0,0,3,0
2020-06-25,US,Minnesota,Kittson,1,0,0,48.77754106,-96.78317184,27069.0,23.266635644485806,0.0,1,1,0,0,1,1,4248,0,0,0,0,0
2020-06-25,US,Minnesota,Koochiching,9,0,0,48.24539665,-93.78352843,27071.0,73.59555155777251,0.0,9,9,0,0,9,9,12440,0,0,0,0,0
2020-06-25,US,Minnesota,Lac qui Parle,4,0,0,44.9973857,-96.17488219,27073.0,60.3955911218481,0.0,4,4,0,0,4,4,6658,0,0,0,0,0
2020-06-25,US,Minnesota,Lake,5,0,0,47.64270764,-91.44557998,27075.0,46.988065031482,0.0,5,5,0,0,5,5,10658,0,0,0,0,0
2020-06-25,US,Minnesota,Le Sueur,71,1,0,44.37136597,-93.72844721,27079.0,245.7853013466265,1.4084507042253518,70,70,1,0,69,66,28494,1,0,0,1,4
2020-06-25,US,Minnesota,Lincoln,7,0,0,44.41311883,-96.26688165,27081.0,124.13548501507358,0.0,7,7,0,0,7,6,5673,0,0,0,0,1
2020-06-25,US,Minnesota,Lyon,284,2,0,44.41327865,-95.83806103,27083.0,1114.8622124519118,0.7042253521126759,282,279,2,0,277,277,25629,5,0,0,5,2
2020-06-25,US,Minnesota,Mahnomen,6,1,0,47.32557075,-95.80921485,27087.0,108.5579880586213,16.666666666666668,5,6,1,0,5,6,5519,0,0,0,0,0
2020-06-25,US,Minnesota,Marshall,12,0,0,48.35825983,-96.37017407,27089.0,128.53470437017995,0.0,12,12,0,0,12,12,9390,0,0,0,0,0
2020-06-25,US,Minnesota,Martin,148,5,0,43.67429718,-94.55099908,27091.0,751.9178986943048,3.3783783783783785,143,149,5,0,144,148,19785,-1,0,0,-1,1
2020-06-25,US,Minnesota,McLeod,75,0,0,44.82367677,-94.27287017,27085.0,208.9543922213245,0.0,75,71,0,0,71,69,35873,4,0,0,4,2
2020-06-25,US,Minnesota,Meeker,57,1,0,45.12328869,-94.52839455,27093.0,245.45689432434762,1.7543859649122806,56,57,1,0,56,57,23141,0,0,0,0,0
2020-06-25,US,Minnesota,Mille Lacs,31,1,0,45.93705297,-93.63236823,27095.0,117.97389351904707,3.2258064516129035,30,30,1,0,29,30,26139,1,0,0,1,0
2020-06-25,US,Minnesota,Morrison,56,1,0,46.01265363,-94.27341528,27097.0,167.7349787336009,1.7857142857142858,55,56,1,0,55,56,33169,0,0,0,0,0
2020-06-25,US,Minnesota,Mower,847,2,0,43.67142874,-92.75234549,27099.0,2114.222954420648,0.2361275088547816,845,828,2,0,826,813,40011,19,0,0,19,15
2020-06-25,US,Minnesota,Murray,47,0,0,44.02216709,-95.76328482,27101.0,573.5904320234317,0.0,47,47,0,0,47,47,8276,0,0,0,0,0
2020-06-25,US,Minnesota,Nicollet,115,12,0,44.35291112,-94.24710352,27103.0,335.531306529731,10.434782608695652,103,112,12,0,100,109,34220,3,0,0,3,3
2020-06-25,US,Minnesota,Nobles,1637,6,0,43.67434621,-95.75329576,27105.0,7568.542234962318,0.3665241295051924,1631,1635,6,0,1629,1634,21924,2,0,0,2,1
2020-06-25,US,Minnesota,Norman,19,0,0,47.32628443,-96.45620947,27107.0,298.0392156862745,0.0,19,18,0,0,18,18,6475,1,0,0,1,0
2020-06-25,US,Minnesota,Olmsted,948,15,0,44.00374114,-92.40209944,27109.0,598.8894013001208,1.5822784810126582,933,938,15,0,923,916,156277,10,0,0,10,22
2020-06-25,US,Minnesota,Otter Tail,85,1,0,46.40846929,-95.70835255,27111.0,144.69070234569162,1.1764705882352942,84,85,1,0,84,85,58812,0,0,0,0,0
2020-06-25,US,Minnesota,Pennington,50,0,0,48.06642577,-96.0370814,27113.0,354.1327289468092,0.0,50,50,0,0,50,50,14178,0,0,0,0,0
2020-06-25,US,Minnesota,Pine,98,0,0,46.12105238,-92.74070188,27115.0,331.31613644815576,0.0,98,97,0,0,97,97,29483,1,0,0,1,0
2020-06-25,US,Minnesota,Pipestone,15,0,0,44.02301619,-96.25841142,27117.0,164.3655489809336,0.0,15,15,0,0,15,15,9047,0,0,0,0,0
2020-06-25,US,Minnesota,Polk,75,2,0,47.77372465,-96.40134647,27119.0,239.12766228797344,2.6666666666666665,73,75,2,0,73,73,31529,0,0,0,0,2
2020-06-25,US,Minnesota,Pope,10,0,0,45.58606667,-95.44451209,27121.0,88.8967908258512,0.0,10,10,0,0,10,10,11097,0,0,0,0,0
2020-06-25,US,Minnesota,Ramsey,4474,217,0,45.01625271,-93.09872295,27123.0,812.9800607281932,4.850245864997765,4257,4424,215,0,4209,4394,550210,50,2,0,48,30
2020-06-25,US,Minnesota,Red Lake,3,0,0,47.87197525,-96.09561104,27125.0,73.98273736128236,0.0,3,3,0,0,3,3,3999,0,0,0,0,0
2020-06-25,US,Minnesota,Redwood,12,0,0,44.40555844,-95.25207021,27127.0,79.10349373764008,0.0,12,12,0,0,12,12,15249,0,0,0,0,0
2020-06-25,US,Minnesota,Renville,19,1,0,44.72836381,-94.94553734,27129.0,130.60214462469068,5.2631578947368425,18,18,1,0,17,18,14612,1,0,0,1,0
2020-06-25,US,Minnesota,Rice,771,4,0,44.3543376,-93.29658715,27131.0,1151.2273786059845,0.5188067444876784,767,761,4,0,757,758,66523,10,0,0,10,3
2020-06-25,US,Minnesota,Rock,28,0,0,43.67482683,-96.25296832,27133.0,300.5904455179818,0.0,28,28,0,0,28,28,9414,0,0,0,0,0
2020-06-25,US,Minnesota,Roseau,6,0,0,48.77501878,-95.81079919,27135.0,39.564787339268044,0.0,6,6,0,0,6,6,15150,0,0,0,0,0
2020-06-25,US,Minnesota,Scott,609,4,0,44.6490231,-93.53340251,27139.0,408.6891747699865,0.6568144499178982,605,603,4,0,599,595,147381,6,0,0,6,8
2020-06-25,US,Minnesota,Sherburne,278,4,0,45.44447208,-93.77617511,27141.0,285.8964602315967,1.4388489208633093,274,277,4,0,273,277,96036,1,0,0,1,0
2020-06-25,US,Minnesota,Sibley,35,2,0,44.5796592,-94.23164924,27143.0,235.45240497813657,5.7142857142857135,33,30,2,0,28,29,15028,5,0,0,5,1
2020-06-25,US,Minnesota,St. Louis,151,14,0,47.604840700000004,-92.46879855,27137.0,75.8527151253328,9.271523178807945,137,146,14,0,132,145,199754,5,0,0,5,1
2020-06-25,US,Minnesota,Stearns,2141,19,0,45.55192576,-94.61078221,27145.0,1329.1944746236225,0.8874357776739841,2122,2140,19,0,2121,2139,159256,1,0,0,1,1
2020-06-25,US,Minnesota,Steele,206,0,0,44.02240351,-93.22627088,27147.0,562.0890065213239,0.0,206,202,0,0,202,200,36803,4,0,0,4,2
2020-06-25,US,Minnesota,Stevens,3,0,0,45.58613007,-96.00163705,27149.0,30.596634370219284,0.0,3,3,0,0,3,3,9753,0,0,0,0,0
2020-06-25,US,Minnesota,Swift,20,1,0,45.2829032,-95.68264092,27151.0,215.8428663932657,5.0,19,20,1,0,19,20,9345,0,0,0,0,0
2020-06-25,US,Minnesota,Todd,395,2,0,46.06996226,-94.89785296,27153.0,1601.5244891339605,0.5063291139240507,393,394,2,0,392,392,24582,1,0,0,1,2
2020-06-25,US,Minnesota,Traverse,5,0,0,45.77298854,-96.47062949,27155.0,153.42129487572873,0.0,5,5,0,0,5,5,3308,0,0,0,0,0
2020-06-25,US,Minnesota,Unassigned,79,35,0,0.0,0.0,90027.0,0.0,44.303797468354425,44,80,35,0,45,77,,-1,0,0,-1,3
2020-06-25,US,Minnesota,Wabasha,29,0,0,44.28424356,-92.23121312,27157.0,134.09164470338004,0.0,29,28,0,0,28,28,21645,1,0,0,1,0
2020-06-25,US,Minnesota,Wadena,15,0,0,46.58589171,-94.96968506,27159.0,109.63309457681623,0.0,15,14,0,0,14,14,13773,1,0,0,1,0
2020-06-25,US,Minnesota,Waseca,46,0,0,44.02211116,-93.58720034,27161.0,247.15237481194927,0.0,46,45,0,0,45,44,18691,1,0,0,1,1
2020-06-25,US,Minnesota,Washington,926,39,0,45.03864533,-92.88429635,27163.0,352.842554488645,4.211663066954643,887,917,39,0,878,905,259201,9,0,0,9,12
2020-06-25,US,Minnesota,Watonwan,175,0,0,43.97823903,-94.61413846,27165.0,1605.9465908048087,0.0,175,173,0,0,173,166,10980,2,0,0,2,7
2020-06-25,US,Minnesota,Wilkin,20,3,0,46.35721532,-96.4684375,27167.0,322.2168519413565,15.0,17,20,3,0,17,20,6254,0,0,0,0,0
2020-06-25,US,Minnesota,Winona,107,15,0,43.98772283,-91.78081305,27169.0,211.94834006814042,14.018691588785044,92,100,15,0,85,99,50825,7,0,0,7,1
2020-06-25,US,Minnesota,Wright,411,3,0,45.17297924,-93.96234781,27171.0,297.0146772946371,0.7299270072992701,408,409,3,0,406,405,136349,2,0,0,2,4
2020-06-25,US,Minnesota,Yellow Medicine,24,0,0,44.71710183,-95.86842453,27173.0,247.19332578020396,0.0,24,24,0,0,24,23,9795,0,0,0,0,1
2020-06-25,US,Mississippi,Adams,242,18,0,31.47669768,-91.35326037,28001.0,788.4533932818558,7.43801652892562,224,234,18,0,216,233,31192,8,0,0,8,1
2020-06-25,US,Mississippi,Alcorn,47,1,0,34.88084463,-88.57996173,28003.0,127.18859091278108,2.127659574468085,46,41,1,0,40,38,36925,6,0,0,6,3
2020-06-25,US,Mississippi,Amite,81,2,0,31.17467303,-90.80501621,28005.0,658.6972432300562,2.469135802469136,79,79,2,0,77,76,12326,2,0,0,2,3
2020-06-25,US,Mississippi,Attala,341,23,0,33.08658803,-89.57838564,28007.0,1876.3068119291293,6.744868035190616,318,338,23,0,315,337,18365,3,0,0,3,1
2020-06-25,US,Mississippi,Benton,25,0,0,34.81681228,-89.18945516,28009.0,302.70008475602367,0.0,25,22,0,0,22,23,8271,3,0,0,3,-1
2020-06-25,US,Mississippi,Bolivar,233,13,0,33.79696941,-90.87372121,28011.0,760.7418048844196,5.579399141630901,220,230,13,0,217,223,31333,3,0,0,3,7
2020-06-25,US,Mississippi,Calhoun,108,4,0,33.93683395,-89.33686647,28013.0,752.0367662419052,3.703703703703704,104,100,4,0,96,99,14436,8,0,0,8,1
2020-06-25,US,Mississippi,Carroll,141,11,0,33.44834567,-89.91994479,28015.0,1417.512817935056,7.801418439716313,130,138,11,0,127,135,9911,3,0,0,3,3
2020-06-25,US,Mississippi,Chickasaw,217,18,0,33.91983202,-88.9481545,28017.0,1268.783254399813,8.294930875576037,199,203,18,0,185,202,17171,14,0,0,14,1
2020-06-25,US,Mississippi,Choctaw,68,3,0,33.34598242,-89.24809382,28019.0,828.2582216808771,4.411764705882354,65,67,3,0,64,65,8278,1,0,0,1,2
2020-06-25,US,Mississippi,Claiborne,200,10,0,31.97061673,-90.90702196,28021.0,2225.1891410769917,5.0,190,180,9,0,171,172,9002,20,1,0,19,8
2020-06-25,US,Mississippi,Clarke,193,22,0,32.04158545,-88.68896219999998,28023.0,1241.876327134676,11.398963730569946,171,190,22,0,168,183,15604,3,0,0,3,7
2020-06-25,US,Mississippi,Clay,229,7,0,33.65358105,-88.77784255,28025.0,1185.5456616276665,3.056768558951965,222,222,7,0,215,218,19386,7,0,0,7,4
2020-06-25,US,Mississippi,Coahoma,175,6,0,34.22772299,-90.60415045,28027.0,790.9962032182245,3.4285714285714284,169,167,6,0,161,160,22628,8,0,0,8,7
2020-06-25,US,Mississippi,Copiah,528,12,0,31.86977774,-90.44565118,28029.0,1881.3468733297705,2.272727272727273,516,503,12,0,491,492,28543,25,0,0,25,11
2020-06-25,US,Mississippi,Covington,253,5,0,31.63225413,-89.55389939,28031.0,1357.5874651212707,1.9762845849802368,248,248,5,0,243,246,18853,5,0,0,5,2
2020-06-25,US,Mississippi,DeSoto,1091,15,0,34.87625235,-89.99091418,28033.0,589.9051069236799,1.3748854262144818,1076,990,15,0,975,948,182001,101,0,0,101,42
2020-06-25,US,Mississippi,Forrest,759,42,0,31.18961454,-89.25832496,28035.0,1013.3917246351656,5.533596837944664,717,742,42,0,700,737,75036,17,0,0,17,5
2020-06-25,US,Mississippi,Franklin,32,2,0,31.47786634,-90.89672989,28037.0,414.88396214183854,6.25,30,32,2,0,30,31,7788,0,0,0,0,1
2020-06-25,US,Mississippi,George,60,3,0,30.86259065,-88.64436789,28039.0,244.89795918367344,5.0,57,58,3,0,55,58,24250,2,0,0,2,0
2020-06-25,US,Mississippi,Greene,75,5,0,31.21444233,-88.63922281,28041.0,552.038863535993,6.666666666666668,70,71,5,0,66,71,13586,4,0,0,4,0
2020-06-25,US,Mississippi,Grenada,252,4,0,33.77036166,-89.80245083,28043.0,1213.9897870700454,1.5873015873015872,248,226,4,0,222,211,21055,26,0,0,26,15
2020-06-25,US,Mississippi,Hancock,112,13,0,30.41830223,-89.48851033,28045.0,235.136042996305,11.607142857142858,99,106,13,0,93,103,47334,6,0,0,6,3
2020-06-25,US,Mississippi,Harrison,562,7,0,30.51359752,-89.12467576,28047.0,270.08842752787393,1.2455516014234875,555,514,7,0,507,499,206650,48,0,0,48,15
2020-06-25,US,Mississippi,Hinds,1772,34,0,32.2656285,-90.44435448,28049.0,764.32022084196,1.918735891647856,1738,1646,34,0,1612,1589,237085,126,0,0,126,57
2020-06-25,US,Mississippi,Holmes,501,39,0,33.12345854,-90.08923538,28051.0,2945.326278659612,7.7844311377245505,462,496,39,0,457,491,17622,5,0,0,5,5
2020-06-25,US,Mississippi,Humphreys,107,9,0,33.12825718,-90.52252707,28053.0,1326.8849206349207,8.411214953271028,98,101,9,0,92,95,8257,6,0,0,6,6
2020-06-25,US,Mississippi,Issaquena,2,0,0,32.72531359,-90.97392828,28055.0,150.71590052750562,0.0,2,,,,,,1308,,,,,
2020-06-25,US,Mississippi,Itawamba,112,8,0,34.27993475,-88.3606733,28057.0,478.8371098760154,7.142857142857142,104,112,8,0,104,112,23517,0,0,0,0,0
2020-06-25,US,Mississippi,Jackson,458,16,0,30.54020656,-88.64184064,28059.0,318.9037509487038,3.4934497816593884,442,439,16,0,423,425,143277,19,0,0,19,14
2020-06-25,US,Mississippi,Jasper,221,6,0,32.01922104,-89.11786866,28061.0,1348.959287065861,2.7149321266968327,215,218,6,0,212,216,16428,3,0,0,3,2
2020-06-25,US,Mississippi,Jefferson,69,3,0,31.73397872,-91.03764977,28063.0,987.1244635193132,4.3478260869565215,66,65,3,0,62,64,7106,4,0,0,4,1
2020-06-25,US,Mississippi,Jefferson Davis,94,3,0,31.56884708,-89.82670990000004,28065.0,844.7160316319196,3.191489361702128,91,93,3,0,90,92,11234,1,0,0,1,1
2020-06-25,US,Mississippi,Jones,994,48,0,31.62257767,-89.16896899999998,28067.0,1459.6610766836031,4.82897384305835,946,965,48,0,917,952,68461,29,0,0,29,13
2020-06-25,US,Mississippi,Kemper,170,13,0,32.75462946,-88.64105766,28069.0,1745.0215561486345,7.647058823529411,157,169,13,0,156,168,10027,1,0,0,1,1
2020-06-25,US,Mississippi,Lafayette,303,4,0,34.35687874,-89.48490961,28071.0,560.9137525685406,1.32013201320132,299,289,4,0,285,269,54793,14,0,0,14,20
2020-06-25,US,Mississippi,Lamar,369,7,0,31.20572971,-89.5077704,28073.0,582.5426645406753,1.897018970189702,362,355,7,0,348,353,62447,14,0,0,14,2
2020-06-25,US,Mississippi,Lauderdale,864,78,0,32.40419769,-88.66229662,28075.0,1165.5986509274876,9.027777777777779,786,856,78,0,778,850,75317,8,0,0,8,6
2020-06-25,US,Mississippi,Lawrence,140,1,0,31.55147224,-90.10841127,28077.0,1112.3470522803113,0.7142857142857143,139,135,1,0,134,134,12455,5,0,0,5,1
2020-06-25,US,Mississippi,Leake,520,17,0,32.7536828,-89.52402044,28079.0,2282.103045729835,3.2692307692307687,503,510,17,0,493,505,22763,10,0,0,10,5
2020-06-25,US,Mississippi,Lee,429,15,0,34.291877500000005,-88.68149954,28081.0,502.130249543518,3.4965034965034967,414,403,15,0,388,388,85202,26,0,0,26,15
2020-06-25,US,Mississippi,Leflore,439,48,0,33.55545125,-90.29900733,28083.0,1557.6766135613668,10.933940774487471,391,434,48,0,386,430,28919,5,0,0,5,4
2020-06-25,US,Mississippi,Lincoln,411,32,0,31.53288662,-90.45391915,28085.0,1203.4081925453108,7.785888077858881,379,396,32,0,364,384,34205,15,0,0,15,12
2020-06-25,US,Mississippi,Lowndes,412,10,0,33.47386518,-88.44191529999998,28087.0,703.1316665244475,2.4271844660194173,402,399,10,0,389,392,58930,13,0,0,13,7
2020-06-25,US,Mississippi,Madison,1082,31,0,32.63389156,-90.03513564,28089.0,1018.1421258657033,2.8650646950092415,1051,1034,31,0,1003,1014,105630,48,0,0,48,20
2020-06-25,US,Mississippi,Marion,215,10,0,31.23132643,-89.8209217,28091.0,874.9440442762383,4.651162790697675,205,203,10,0,193,196,24715,12,0,0,12,7
2020-06-25,US,Mississippi,Marshall,160,3,0,34.76216286,-89.50299462,28093.0,453.3348444494815,1.875,157,148,3,0,145,144,35451,12,0,0,12,4
2020-06-25,US,Mississippi,Monroe,328,28,0,33.89236763,-88.4808438,28095.0,930.4436627709067,8.536585365853659,300,318,28,0,290,314,35564,10,0,0,10,4
2020-06-25,US,Mississippi,Montgomery,110,2,0,33.49419589,-89.61729103,28097.0,1125.3196930946292,1.818181818181818,108,107,2,0,105,105,10023,3,0,0,3,2
2020-06-25,US,Mississippi,Neshoba,922,63,0,32.75339664,-89.11726492,28099.0,3166.4262655402163,6.83297180043384,859,916,62,0,854,907,29125,6,1,0,5,9
2020-06-25,US,Mississippi,Newton,325,8,0,32.40021118,-89.11843336,28101.0,1546.2936530592826,2.4615384615384617,317,326,8,0,318,324,21443,-1,0,0,-1,2
2020-06-25,US,Mississippi,Noxubee,234,7,0,33.11009499,-88.56949061,28103.0,2246.32811750024,2.9914529914529915,227,227,7,0,220,224,10535,7,0,0,7,3
2020-06-25,US,Mississippi,Oktibbeha,448,21,0,33.42491685,-88.87905132,28105.0,903.4626010849616,4.6875,427,431,20,0,411,426,49599,17,1,0,16,5
2020-06-25,US,Mississippi,Panola,221,5,0,34.36398677,-89.95064249,28107.0,646.3500233972859,2.262443438914027,216,204,5,0,199,190,34178,17,0,0,17,14
2020-06-25,US,Mississippi,Pearl River,232,32,0,30.77090935,-89.58677275,28109.0,417.75456919060053,13.79310344827586,200,228,32,0,196,227,55387,4,0,0,4,1
2020-06-25,US,Mississippi,Perry,56,4,0,31.17161885,-88.99281835,28111.0,467.7190344942788,7.142857142857142,52,56,4,0,52,55,11931,0,0,0,0,1
2020-06-25,US,Mississippi,Pike,321,11,0,31.17507789,-90.40392572,28113.0,817.0433720219914,3.4267912772585665,310,298,11,0,287,289,39563,23,0,0,23,9
2020-06-25,US,Mississippi,Pontotoc,175,3,0,34.226046000000004,-89.03636807,28115.0,543.9174488717598,1.7142857142857142,172,156,3,0,153,146,31833,19,0,0,19,10
2020-06-25,US,Mississippi,Prentiss,85,3,0,34.61810501,-88.51986294,28117.0,338.29499323410016,3.5294117647058822,82,81,3,0,78,80,25315,4,0,0,4,1
2020-06-25,US,Mississippi,Quitman,56,0,0,34.25157572,-90.28908,28119.0,824.4994110718492,0.0,56,49,0,0,49,49,7051,7,0,0,7,0
2020-06-25,US,Mississippi,Rankin,682,12,0,32.26469147,-89.94537876,28121.0,439.2320523471866,1.7595307917888563,670,636,12,0,624,620,153902,46,0,0,46,16
2020-06-25,US,Mississippi,Scott,721,14,0,32.406704100000006,-89.53789439,28123.0,2563.646707438487,1.9417475728155342,707,709,14,0,695,707,28287,12,0,0,12,2
2020-06-25,US,Mississippi,Sharkey,20,0,0,32.88149103,-90.8159538,28125.0,462.8558204119417,0.0,20,18,0,0,18,16,4377,2,0,0,2,2
2020-06-25,US,Mississippi,Simpson,187,2,0,31.91282117,-89.91716179,28127.0,701.4779803436116,1.0695187165775402,185,177,2,0,175,170,26758,10,0,0,10,7
2020-06-25,US,Mississippi,Smith,199,11,0,32.01744532,-89.50644846,28129.0,1250.3141492837394,5.527638190954773,188,192,11,0,181,190,16002,7,0,0,7,2
2020-06-25,US,Mississippi,Stone,48,1,0,30.79187949,-89.11547539,28131.0,261.78010471204186,2.083333333333333,47,44,1,0,43,43,18717,4,0,0,4,1
2020-06-25,US,Mississippi,Sunflower,209,6,0,33.60192578,-90.58882684,28133.0,832.3377140581441,2.8708133971291865,203,189,6,0,183,172,25735,20,0,0,20,17
2020-06-25,US,Mississippi,Tallahatchie,85,1,0,33.95339918,-90.1729398,28135.0,615.540589470635,1.1764705882352942,84,72,1,0,71,68,13987,13,0,0,13,4
2020-06-25,US,Mississippi,Tate,221,5,0,34.65133709,-89.94485778,28137.0,780.3396772712828,2.262443438914027,216,211,5,0,206,192,28759,10,0,0,10,19
2020-06-25,US,Mississippi,Tippah,115,11,0,34.76872156,-88.90988194,28139.0,522.3711106064047,9.565217391304348,104,109,11,0,98,107,21995,6,0,0,6,2
2020-06-25,US,Mississippi,Tishomingo,58,1,0,34.74023475,-88.23917219,28141.0,299.23128514677813,1.7241379310344829,57,55,1,0,54,55,19454,3,0,0,3,0
2020-06-25,US,Mississippi,Tunica,81,3,0,34.64967704,-90.37481167,28143.0,840.9468438538206,3.703703703703704,78,78,3,0,75,77,9944,3,0,0,3,1
2020-06-25,US,Mississippi,Union,150,8,0,34.49162015,-89.00776006,28145.0,520.5622071837585,5.333333333333333,142,138,8,0,130,131,28606,12,0,0,12,7
2020-06-25,US,Mississippi,Walthall,163,3,0,31.14971548,-90.10446654,28147.0,1140.977180456391,1.8404907975460123,160,147,3,0,144,140,14465,16,0,0,16,7
2020-06-25,US,Mississippi,Warren,371,16,0,32.35810271,-90.83352619,28149.0,817.5227518124326,4.31266846361186,355,358,15,0,343,347,46176,13,1,0,12,11
2020-06-25,US,Mississippi,Washington,369,9,0,33.28392041,-90.94196237,28151.0,840.3744107130658,2.4390243902439024,360,329,9,0,320,323,45063,40,0,0,40,6
2020-06-25,US,Mississippi,Wayne,461,9,0,31.64135687,-88.69573913,28153.0,2284.100480602487,1.9522776572668112,452,446,8,0,438,441,20298,15,1,0,14,5
2020-06-25,US,Mississippi,Webster,124,10,0,33.61300486,-89.28392912,28155.0,1279.8018371348953,8.064516129032258,114,124,10,0,114,122,9788,0,0,0,0,2
2020-06-25,US,Mississippi,Wilkinson,87,9,0,31.16078225,-91.31018819,28157.0,1008.11123986095,10.344827586206897,78,86,9,0,77,85,8792,1,0,0,1,1
2020-06-25,US,Mississippi,Winston,217,4,0,33.08747908,-89.03391385,28159.0,1208.5769980506825,1.8433179723502304,213,194,4,0,190,193,18165,23,0,0,23,1
2020-06-25,US,Mississippi,Yalobusha,141,7,0,34.02824175,-89.70762049999998,28161.0,1164.5193260654116,4.964539007092198,134,136,7,0,129,133,12392,5,0,0,5,3
2020-06-25,US,Mississippi,Yazoo,426,6,0,32.77890365,-90.39656148,28163.0,1434.82654092287,1.4084507042253518,420,412,6,0,406,407,28248,14,0,0,14,5
2020-06-25,US,Missouri,Adair,88,0,0,40.19058551,-92.60078167,29001.0,347.23592313459335,0.0,88,87,0,0,87,86,25339,1,0,0,1,1
2020-06-25,US,Missouri,Andrew,45,0,0,39.98492163,-94.80163024,29003.0,254.0650406504065,0.0,45,45,0,0,45,43,17607,0,0,0,0,2
2020-06-25,US,Missouri,Atchison,3,0,0,40.43238737,-95.42970639,29005.0,58.331713007972,0.0,3,3,0,0,3,3,5171,0,0,0,0,0
2020-06-25,US,Missouri,Audrain,137,1,0,39.215877,-91.84242683,29007.0,539.6250196943438,0.7299270072992701,136,137,1,0,136,137,25473,0,0,0,0,0
2020-06-25,US,Missouri,Barry,34,0,0,36.70978521,-93.82919888,29009.0,95.00125736958285,0.0,34,32,0,0,32,31,35886,2,0,0,2,1
2020-06-25,US,Missouri,Barton,21,0,0,37.50207671,-94.34757022,29011.0,178.66258295048493,0.0,21,17,0,0,17,16,11798,4,0,0,4,1
2020-06-25,US,Missouri,Bates,12,1,0,38.25271289,-94.34113157,29013.0,74.20232500618353,8.333333333333334,11,12,1,0,11,12,16320,0,0,0,0,0
2020-06-25,US,Missouri,Benton,16,0,0,38.29503305,-93.28756116,29015.0,82.29182739289205,0.0,16,16,0,0,16,16,19278,0,0,0,0,0
2020-06-25,US,Missouri,Bollinger,12,0,0,37.32449052,-90.02725304,29017.0,98.90381603890215,0.0,12,12,0,0,12,12,12169,0,0,0,0,0
2020-06-25,US,Missouri,Boone,298,2,0,38.99186229,-92.30723575,29019.0,165.1308024359564,0.6711409395973155,296,288,2,0,286,280,180005,10,0,0,10,8
2020-06-25,US,Missouri,Buchanan,827,3,0,39.65816401,-94.80138942,29021.0,946.6141660180394,0.36275695284159615,824,819,3,0,816,812,88571,8,0,0,8,7
2020-06-25,US,Missouri,Butler,71,0,0,36.71462476,-90.40421163,29023.0,167.1453458260747,0.0,71,68,0,0,68,67,42639,3,0,0,3,1
2020-06-25,US,Missouri,Caldwell,9,0,0,39.65620858,-93.98308093,29025.0,99.77827050997783,0.0,9,9,0,0,9,9,9108,0,0,0,0,0
2020-06-25,US,Missouri,Callaway,45,1,0,38.83674754,-91.92186505,29027.0,100.57439152493127,2.2222222222222223,44,46,1,0,45,45,44889,-1,0,0,-1,1
2020-06-25,US,Missouri,Camden,57,1,0,38.02199522,-92.76083747,29029.0,123.09685779073534,1.7543859649122806,56,55,1,0,54,54,45815,2,0,0,2,1
2020-06-25,US,Missouri,Cape Girardeau,126,3,0,37.38489388,-89.6843587,29031.0,159.75453588771538,2.380952380952381,123,123,3,0,120,123,78753,3,0,0,3,0
2020-06-25,US,Missouri,Carroll,11,0,0,39.42762566,-93.50626255,29033.0,126.74271229404309,0.0,11,11,0,0,11,11,8743,0,0,0,0,0
2020-06-25,US,Missouri,Carter,6,1,0,36.94160441,-90.96051322,29035.0,100.30090270812435,16.666666666666668,5,6,1,0,5,6,6054,0,0,0,0,0
2020-06-25,US,Missouri,Cass,120,8,0,38.64789422,-94.353399,29037.0,113.44299489506523,6.666666666666668,112,116,8,0,108,116,104954,4,0,0,4,0
2020-06-25,US,Missouri,Cedar,9,0,0,37.72391475,-93.85445441,29039.0,62.72214091574325,0.0,9,9,0,0,9,9,14165,0,0,0,0,0
2020-06-25,US,Missouri,Chariton,6,0,0,39.51499357,-92.9629191,29041.0,80.79719903043363,0.0,6,6,0,0,6,6,7451,0,0,0,0,0
2020-06-25,US,Missouri,Christian,38,0,0,36.9711783,-93.18537118,29043.0,42.89181105028501,0.0,38,37,0,0,37,35,86983,1,0,0,1,2
2020-06-25,US,Missouri,Clark,2,0,0,40.41040752,-91.73661677,29045.0,29.424746211563924,0.0,2,2,0,0,2,1,6842,0,0,0,0,1
2020-06-25,US,Missouri,Clay,386,8,0,39.31132056,-94.41850862,29047.0,154.43212188135132,2.0725388601036268,378,375,8,0,367,367,246365,11,0,0,11,8
2020-06-25,US,Missouri,Clinton,23,0,0,39.6013098,-94.40465394,29049.0,112.81699121989504,0.0,23,23,0,0,23,23,20470,0,0,0,0,0
2020-06-25,US,Missouri,Cole,63,2,0,38.50455671,-92.27860244,29051.0,82.09003843898627,3.1746031746031744,61,64,2,0,62,63,76796,-1,0,0,-1,1
2020-06-25,US,Missouri,Cooper,14,0,0,38.844478,-92.80896081,29053.0,79.05584730927777,0.0,14,13,0,0,13,13,17603,1,0,0,1,0
2020-06-25,US,Missouri,Crawford,10,0,0,37.97663738,-91.30528104,29055.0,41.80602006688964,0.0,10,10,0,0,10,10,23957,0,0,0,0,0
2020-06-25,US,Missouri,Dade,1,0,0,37.431814,-93.8503345,29057.0,13.225763787858751,0.0,1,1,0,0,1,1,7569,0,0,0,0,0
2020-06-25,US,Missouri,Dallas,12,1,0,37.6811355,-93.02127031,29059.0,71.09847138286527,8.333333333333334,11,12,1,0,11,12,16762,0,0,0,0,0
2020-06-25,US,Missouri,Daviess,7,0,0,39.96145298,-93.98519678,29061.0,84.56148828219376,0.0,7,7,0,0,7,7,8313,0,0,0,0,0
2020-06-25,US,Missouri,DeKalb,10,0,0,39.89201062,-94.40476508,29063.0,79.70032677133977,0.0,10,10,0,0,10,10,12630,0,0,0,0,0
2020-06-25,US,Missouri,Dent,3,0,0,37.60663134,-91.50790473,29065.0,19.264110961279137,0.0,3,2,0,0,2,2,15441,1,0,0,1,0
2020-06-25,US,Missouri,Douglas,3,0,0,36.9325593,-92.49905109,29067.0,22.75312855517633,0.0,3,3,0,0,3,3,13373,0,0,0,0,0
2020-06-25,US,Missouri,Dunklin,84,3,0,36.27167174,-90.09122243,29069.0,288.3526140537572,3.571428571428572,81,82,3,0,79,81,29423,2,0,0,2,1
2020-06-25,US,Missouri,Franklin,201,18,0,38.41127108,-91.07522826,29071.0,193.33057604816915,8.955223880597012,183,192,18,0,174,193,103670,9,0,0,9,-1
2020-06-25,US,Missouri,Gasconade,7,0,0,38.43947277,-91.50847147,29073.0,47.599619203046366,0.0,7,6,0,0,6,5,14705,1,0,0,1,1
2020-06-25,US,Missouri,Gentry,56,9,0,40.21097916,-94.40944419,29075.0,852.2294932278193,16.071428571428573,47,57,9,0,48,56,6628,-1,0,0,-1,1
2020-06-25,US,Missouri,Greene,246,8,0,37.2575872,-93.34230916,29077.0,83.93440833066063,3.2520325203252027,238,238,8,0,230,233,291923,8,0,0,8,5
2020-06-25,US,Missouri,Grundy,18,0,0,40.11406587,-93.56509276,29079.0,182.74111675126903,0.0,18,18,0,0,18,17,9914,0,0,0,0,1
2020-06-25,US,Missouri,Harrison,12,0,0,40.35570088,-93.99222144,29081.0,143.67816091954026,0.0,12,12,0,0,12,12,8414,0,0,0,0,0
2020-06-25,US,Missouri,Henry,19,3,0,38.38482826,-93.79293734,29083.0,87.0601173020528,15.789473684210524,16,17,3,0,14,17,21792,2,0,0,2,0
2020-06-25,US,Missouri,Holt,1,0,0,40.09799248,-95.2163888,29087.0,22.71178741766977,0.0,1,1,0,0,1,1,4404,0,0,0,0,0
2020-06-25,US,Missouri,Howard,5,0,0,39.1435761,-92.69756691,29089.0,49.99500049995,0.0,5,5,0,0,5,5,10137,0,0,0,0,0
2020-06-25,US,Missouri,Howell,36,0,0,36.77383887,-91.88683935,29091.0,89.73751776055039,0.0,36,34,0,0,34,30,40076,2,0,0,2,4
2020-06-25,US,Missouri,Iron,2,0,0,37.55487945,-90.7735296,29093.0,19.753086419753085,0.0,2,2,0,0,2,2,10177,0,0,0,0,0
2020-06-25,US,Missouri,Jackson,1074,23,0,39.01002188,-94.34724536,29095.0,152.7714360088249,2.141527001862197,1051,1076,23,0,1053,1054,700307,-2,0,0,-2,22
2020-06-25,US,Missouri,Jasper,389,1,0,37.20351921,-94.34050458,29097.0,320.6184887247791,0.2570694087403599,388,334,0,0,334,324,120636,55,1,0,54,10
2020-06-25,US,Missouri,Jefferson,432,19,0,38.25926778,-90.53870896,29099.0,191.9309048742453,4.398148148148149,413,428,19,0,409,407,224347,4,0,0,4,21
2020-06-25,US,Missouri,Johnson,96,0,0,38.74719601,-93.80691168,29101.0,177.57389663719434,0.0,96,91,0,0,91,91,53652,5,0,0,5,0
2020-06-25,US,Missouri,Kansas City,2162,31,0,39.0997,-94.5786,0.0,442.1783316255678,1.433857539315449,2131,2057,31,0,2026,2014,491918,105,0,0,105,43
2020-06-25,US,Missouri,Knox,2,0,0,40.12699751,-92.14780832,29103.0,50.51780752715332,0.0,2,2,0,0,2,2,3947,0,0,0,0,0
2020-06-25,US,Missouri,Laclede,23,0,0,37.65896829,-92.5888493,29105.0,64.38429023318311,0.0,23,20,0,0,20,19,35713,3,0,0,3,1
2020-06-25,US,Missouri,Lafayette,87,2,0,39.06986886,-93.78076396,29107.0,265.9899718723248,2.2988505747126435,85,86,2,0,84,86,32598,1,0,0,1,0
2020-06-25,US,Missouri,Lawrence,20,0,0,37.10626634,-93.83293097,29109.0,52.14444009907444,0.0,20,20,0,0,20,19,38359,0,0,0,0,1
2020-06-25,US,Missouri,Lewis,7,1,0,40.09673161,-91.72070156,29111.0,71.6039279869067,14.285714285714285,6,7,1,0,6,7,9855,0,0,0,0,0
2020-06-25,US,Missouri,Lincoln,96,1,0,39.05345619,-90.95588181,29113.0,162.6760205378476,1.0416666666666667,95,95,1,0,94,94,57686,1,0,0,1,1
2020-06-25,US,Missouri,Linn,14,1,0,39.87001769,-93.10704106,29115.0,117.4496644295302,7.142857142857142,13,14,1,0,13,14,12037,0,0,0,0,0
2020-06-25,US,Missouri,Livingston,10,0,0,39.78110272,-93.54645978,29117.0,65.67281802062126,0.0,10,10,0,0,10,7,15146,0,0,0,0,3
2020-06-25,US,Missouri,Macon,7,0,0,39.83049768,-92.56453089,29121.0,46.30548389230668,0.0,7,7,0,0,7,7,15153,0,0,0,0,0
2020-06-25,US,Missouri,Madison,3,0,0,37.47865134,-90.3467143,29123.0,24.81800132362674,0.0,3,3,0,0,3,3,12188,0,0,0,0,0
2020-06-25,US,Missouri,Maries,4,0,0,38.16193985,-91.92249662,29125.0,45.992871104978725,0.0,4,4,0,0,4,4,8769,0,0,0,0,0
2020-06-25,US,Missouri,Marion,14,0,0,39.80601912,-91.62203062,29127.0,49.07115317209954,0.0,14,13,0,0,13,13,28592,1,0,0,1,0
2020-06-25,US,Missouri,McDonald,451,1,0,36.62869595,-94.34867205,29119.0,1974.865350089767,0.22172949002217296,450,422,1,0,421,403,23078,29,0,0,29,19
2020-06-25,US,Missouri,Mercer,5,0,0,40.42212303,-93.5682959,29129.0,138.23610727121923,0.0,5,5,0,0,5,5,3641,0,0,0,0,0
2020-06-25,US,Missouri,Miller,11,0,0,38.21450288,-92.42610898,29131.0,42.93688278231001,0.0,11,11,0,0,11,11,25336,0,0,0,0,0
2020-06-25,US,Missouri,Mississippi,82,0,0,36.82516239,-89.29505753,29133.0,622.154779969651,0.0,82,80,0,0,80,80,13336,2,0,0,2,0
2020-06-25,US,Missouri,Moniteau,49,1,0,38.63571781,-92.57976951,29135.0,303.74411108356065,2.0408163265306123,48,49,1,0,48,49,16121,0,0,0,0,0
2020-06-25,US,Missouri,Monroe,5,0,0,39.49593978,-92.00043978,29137.0,57.84359093012494,0.0,5,5,0,0,5,5,8664,0,0,0,0,0
2020-06-25,US,Missouri,Montgomery,16,0,0,38.94022054,-91.47000721,29139.0,138.51614578824345,0.0,16,15,0,0,15,15,11534,1,0,0,1,0
2020-06-25,US,Missouri,Morgan,13,0,0,38.4181765,-92.88791859,29141.0,63.024191593542454,0.0,13,13,0,0,13,11,20358,0,0,0,0,2
2020-06-25,US,Missouri,New Madrid,36,1,0,36.59666326,-89.66070007,29143.0,210.8222066057625,2.7777777777777777,35,36,1,0,35,36,17296,0,0,0,0,0
2020-06-25,US,Missouri,Newton,312,2,0,36.90519407,-94.3394104,29145.0,535.751081805069,0.6410256410256411,310,301,2,0,299,284,58266,11,0,0,11,17
2020-06-25,US,Missouri,Nodaway,17,0,0,40.36079813,-94.88133008,29147.0,76.95093246424045,0.0,17,17,0,0,17,18,22304,0,0,0,0,-1
2020-06-25,US,Missouri,Oregon,6,0,0,36.68710164,-91.4033755,29149.0,56.9854687054801,0.0,6,6,0,0,6,6,10541,0,0,0,0,0
2020-06-25,US,Missouri,Osage,6,0,0,38.46036182,-91.8613635,29151.0,44.06904149834741,0.0,6,6,0,0,6,6,13714,0,0,0,0,0
2020-06-25,US,Missouri,Ozark,1,0,0,36.64916339,-92.44459066,29153.0,10.90037061260083,0.0,1,1,0,0,1,1,9017,0,0,0,0,0
2020-06-25,US,Missouri,Pemiscot,109,6,0,36.2130572,-89.78742322,29155.0,689.6551724137931,5.504587155963303,103,108,6,0,102,106,16272,1,0,0,1,2
2020-06-25,US,Missouri,Perry,112,0,0,37.70660776,-89.82741088,29157.0,585.2842809364548,0.0,112,111,0,0,111,111,19150,1,0,0,1,0
2020-06-25,US,Missouri,Pettis,110,1,0,38.72798918,-93.28471706,29159.0,259.80774227071964,0.9090909090909092,109,102,1,0,101,102,42542,8,0,0,8,0
2020-06-25,US,Missouri,Phelps,15,0,0,37.87736118,-91.79351727,29161.0,33.65265968187019,0.0,15,12,0,0,12,8,44732,3,0,0,3,4
2020-06-25,US,Missouri,Pike,36,1,0,39.34310674,-91.16980779,29163.0,196.69981422795325,2.7777777777777777,35,34,1,0,33,34,18504,2,0,0,2,0
2020-06-25,US,Missouri,Platte,108,4,0,39.38154439,-94.77068479,29165.0,103.4304430270643,3.703703703703704,104,107,4,0,103,105,102985,1,0,0,1,2
2020-06-25,US,Missouri,Polk,11,0,0,37.6162296,-93.39828174,29167.0,34.21568322498367,0.0,11,11,0,0,11,12,32201,0,0,0,0,-1
2020-06-25,US,Missouri,Pulaski,116,1,0,37.82462075,-92.20783203,29169.0,220.5029748892733,0.8620689655172413,115,115,1,0,114,106,52014,1,0,0,1,9
2020-06-25,US,Missouri,Putnam,2,0,0,40.47942497,-93.02042674,29171.0,42.58943781942078,0.0,2,2,0,0,2,2,4757,0,0,0,0,0
2020-06-25,US,Missouri,Ralls,9,0,0,39.52817427,-91.51838643,29173.0,87.30235716364342,0.0,9,9,0,0,9,7,10212,0,0,0,0,2
2020-06-25,US,Missouri,Randolph,12,0,0,39.44007257,-92.4971374,29175.0,48.48876676903184,0.0,12,12,0,0,12,12,24763,0,0,0,0,0
2020-06-25,US,Missouri,Ray,25,0,0,39.3537468,-93.98905745,29177.0,108.61065253280043,0.0,25,25,0,0,25,25,22883,0,0,0,0,0
2020-06-25,US,Missouri,Reynolds,2,0,0,37.36085952,-90.97009925,29179.0,31.897926634768737,0.0,2,2,0,0,2,2,6254,0,0,0,0,0
2020-06-25,US,Missouri,Ripley,17,0,0,36.65460667,-90.85990261,29181.0,127.9349789283564,0.0,17,16,0,0,16,14,13401,1,0,0,1,2
2020-06-25,US,Missouri,Saline,282,4,0,39.13734288,-93.20259964,29195.0,1238.9613813101355,1.4184397163120568,278,278,4,0,274,278,22895,4,0,0,4,0
2020-06-25,US,Missouri,Schuyler,4,0,0,40.46921489,-92.52311943,29197.0,85.83690987124461,0.0,4,4,0,0,4,4,4599,0,0,0,0,0
2020-06-25,US,Missouri,Scotland,8,1,0,40.45214695,-92.14709064,29199.0,163.19869441044472,12.5,7,8,1,0,7,8,4966,0,0,0,0,0
2020-06-25,US,Missouri,Scott,159,11,0,37.05588075,-89.56474493,29201.0,415.36050156739816,6.918238993710692,148,159,11,0,148,159,38458,0,0,0,0,0
2020-06-25,US,Missouri,Shannon,6,0,0,37.15772072,-91.40190382,29203.0,73.47538574577517,0.0,6,6,0,0,6,6,8189,0,0,0,0,0
2020-06-25,US,Missouri,Shelby,3,0,0,39.79742518,-92.07634971,29205.0,50.590219224283295,0.0,3,3,0,0,3,2,6050,0,0,0,0,1
2020-06-25,US,Missouri,St. Charles,995,73,0,38.77875681,-90.66662425,29183.0,247.49889309540276,7.336683417085428,922,974,73,0,901,968,399182,21,0,0,21,6
2020-06-25,US,Missouri,St. Clair,2,0,0,38.03699437,-93.77631447,29185.0,21.283388315419813,0.0,2,2,0,0,2,2,9395,0,0,0,0,0
2020-06-25,US,Missouri,St. Francois,100,2,0,37.81214171,-90.47598685,29187.0,148.77631481068215,2.0,98,97,2,0,95,84,66692,3,0,0,3,13
2020-06-25,US,Missouri,St. Louis,6092,558,0,38.63770039999999,-90.4458375,29189.0,612.7508914157543,9.159553512803678,5534,6004,558,0,5446,5941,996945,88,0,0,88,63
2020-06-25,US,Missouri,St. Louis City,2213,155,0,38.63555736,-90.24349225,29510.0,736.2530607899499,7.004066877541798,2058,2142,154,0,1988,2319,302838,71,1,0,70,-177
2020-06-25,US,Missouri,Ste. Genevieve,17,1,0,37.89090059,-90.1949941,29186.0,95.00391192578518,5.882352941176472,16,16,1,0,15,16,17888,1,0,0,1,0
2020-06-25,US,Missouri,Stoddard,132,8,0,36.85571651,-89.9444155,29207.0,454.78036175710594,6.0606060606060606,124,129,8,0,121,129,29206,3,0,0,3,0
2020-06-25,US,Missouri,Stone,11,0,0,36.75000327,-93.45256475,29209.0,34.42663995993991,0.0,11,11,0,0,11,11,31749,0,0,0,0,0
2020-06-25,US,Missouri,Sullivan,108,0,0,40.2099105,-93.11150106,29211.0,1773.690261126622,0.0,108,102,0,0,102,103,6221,6,0,0,6,-1
2020-06-25,US,Missouri,Taney,39,2,0,36.65465345,-93.04075153,29213.0,69.73251323129739,5.128205128205129,37,35,2,0,33,34,55852,4,0,0,4,1
2020-06-25,US,Missouri,Texas,4,0,0,37.31728859,-91.96564727,29215.0,15.749271596188676,0.0,4,5,0,0,5,2,25571,-1,0,0,-1,3
2020-06-25,US,Missouri,Vernon,15,0,0,37.8457799,-94.34127305,29217.0,72.9465544910762,0.0,15,13,0,0,13,13,20528,2,0,0,2,0
2020-06-25,US,Missouri,Warren,37,0,0,38.76529479,-91.16124662,29219.0,103.78972762209318,0.0,37,34,0,0,34,34,34711,3,0,0,3,0
2020-06-25,US,Missouri,Washington,19,1,0,37.96130078,-90.87948158,29221.0,76.82976142337242,5.2631578947368425,18,17,1,0,16,15,24943,2,0,0,2,2
2020-06-25,US,Missouri,Wayne,3,0,0,37.11303869,-90.46001416,29223.0,23.304591004427877,0.0,3,3,0,0,3,3,13122,0,0,0,0,0
2020-06-25,US,Missouri,Webster,24,1,0,37.2813734,-92.876329,29225.0,60.61830672863205,4.166666666666667,23,23,1,0,22,22,39109,1,0,0,1,1
2020-06-25,US,Missouri,Worth,4,0,0,40.47945588,-94.42328751,29227.0,198.7083954297069,0.0,4,4,0,0,4,4,2040,0,0,0,0,0
2020-06-25,US,Missouri,Wright,14,0,0,37.27029221,-92.46914488,29229.0,76.54874514735633,0.0,14,14,0,0,14,14,18378,0,0,0,0,0
2020-06-25,US,Montana,Beaverhead,1,0,0,45.13434354,-112.89846940000001,30001.0,10.578652279699568,0.0,1,1,0,0,1,1,9404,0,0,0,0,0
2020-06-25,US,Montana,Big Horn,70,3,0,45.42335905,-107.492347,30003.0,525.5649823560327,4.285714285714286,67,68,3,0,65,66,13338,2,0,0,2,2
2020-06-25,US,Montana,Broadwater,5,0,0,46.33277565,-111.49558130000001,30007.0,80.1667468334135,0.0,5,5,0,0,5,5,6085,0,0,0,0,0
2020-06-25,US,Montana,Carbon,16,0,0,45.22850116,-109.0274047,30009.0,149.1841491841492,0.0,16,15,0,0,15,15,10714,1,0,0,1,0
2020-06-25,US,Montana,Cascade,26,2,0,47.30797024,-111.3467922,30013.0,31.95437897893469,7.6923076923076925,24,26,2,0,24,25,81643,0,0,0,0,1
2020-06-25,US,Montana,Custer,24,0,0,46.25319932,-105.57375259999998,30017.0,210.48938782669708,0.0,24,23,0,0,23,22,11586,1,0,0,1,1
2020-06-25,US,Montana,Dawson,9,0,0,47.26584855,-104.89444170000002,30021.0,104.4932079414838,0.0,9,3,0,0,3,2,8680,6,0,0,6,1
2020-06-25,US,Montana,Deer Lodge,3,0,0,46.05953325,-113.073353,30023.0,32.822757111597376,0.0,3,3,0,0,3,3,9131,0,0,0,0,0
2020-06-25,US,Montana,Fergus,2,0,0,47.26331584,-109.2245206,30027.0,18.099547511312217,0.0,2,2,0,0,2,2,11113,0,0,0,0,0
2020-06-25,US,Montana,Flathead,51,2,0,48.29575866,-114.05205690000001,30029.0,49.13010808623779,3.92156862745098,49,49,2,0,47,48,102106,2,0,0,2,1
2020-06-25,US,Montana,Gallatin,223,1,0,45.54486106,-111.1692571,30031.0,194.87215338098815,0.4484304932735426,222,216,1,0,215,213,111876,7,0,0,7,3
2020-06-25,US,Montana,Glacier,7,0,0,48.70513576,-112.9934235,30035.0,50.89798589398677,0.0,7,7,0,0,7,7,13747,0,0,0,0,0
2020-06-25,US,Montana,Golden Valley,3,0,0,46.3816474,-109.17685220000001,30037.0,365.40803897685754,0.0,3,3,0,0,3,3,826,0,0,0,0,0
2020-06-25,US,Montana,Granite,1,0,0,46.40605220000001,-113.4414186,30039.0,29.594554601953238,0.0,1,,,,,,3378,,,,,
2020-06-25,US,Montana,Hill,1,0,0,48.62879827,-110.1129252,30041.0,6.066488716330987,0.0,1,1,0,0,1,1,16347,0,0,0,0,0
2020-06-25,US,Montana,Jefferson,3,0,0,46.14907081,-112.094396,30043.0,24.547909336388184,0.0,3,3,0,0,3,3,12097,0,0,0,0,0
2020-06-25,US,Montana,Lake,12,0,0,47.64514965,-114.0898013,30047.0,39.39851598923107,0.0,12,12,0,0,12,12,30250,0,0,0,0,0
2020-06-25,US,Montana,Lewis and Clark,24,0,0,47.12610041,-112.39469799999999,30049.0,34.56619426201176,0.0,24,24,0,0,24,24,68700,0,0,0,0,0
2020-06-25,US,Montana,Liberty,1,0,0,48.56084317,-111.02430700000001,30051.0,42.78990158322636,0.0,1,1,0,0,1,1,2430,0,0,0,0,0
2020-06-25,US,Montana,Lincoln,7,1,0,48.54265777,-115.4046155,30053.0,35.03503503503504,14.285714285714285,6,7,1,0,6,7,19794,0,0,0,0,0
2020-06-25,US,Montana,Madison,8,1,0,45.30080065,-111.9173017,30057.0,93.02325581395347,12.5,7,8,1,0,7,8,8768,0,0,0,0,0
2020-06-25,US,Montana,Meagher,1,0,0,46.59907074,-110.8898557,30059.0,53.705692803437174,0.0,1,1,0,0,1,1,1866,0,0,0,0,0
2020-06-25,US,Montana,Missoula,58,1,0,47.03728583,-113.92135079999998,30063.0,48.49498327759197,1.7241379310344829,57,54,1,0,53,49,118791,4,0,0,4,5
2020-06-25,US,Montana,Musselshell,1,0,0,46.49684637,-108.39498,30065.0,21.58428663932657,0.0,1,1,0,0,1,1,4651,0,0,0,0,0
2020-06-25,US,Montana,Park,9,0,0,45.48965095,-110.52643940000002,30067.0,54.197278092255814,0.0,9,9,0,0,9,9,16736,0,0,0,0,0
2020-06-25,US,Montana,Pondera,2,0,0,48.22773388,-112.22527029999999,30073.0,33.83522246658772,0.0,2,2,0,0,2,2,5972,0,0,0,0,0
2020-06-25,US,Montana,Ravalli,18,0,0,46.08520862,-114.11891640000002,30081.0,41.0902616079989,0.0,18,17,0,0,17,17,43172,1,0,0,1,0
2020-06-25,US,Montana,Richland,9,0,0,47.78668011,-104.5610786,30083.0,83.31019161344071,0.0,9,9,0,0,9,8,10913,0,0,0,0,1
2020-06-25,US,Montana,Roosevelt,7,0,0,48.29607488,-105.00792679999999,30085.0,63.613231552162844,0.0,7,7,0,0,7,7,11059,0,0,0,0,0
2020-06-25,US,Montana,Rosebud,10,0,0,46.23397237,-106.72928799999998,30087.0,111.89437171310284,0.0,10,10,0,0,10,7,9063,0,0,0,0,3
2020-06-25,US,Montana,Silver Bow,13,0,0,45.90018933,-112.6620092,30093.0,37.233280824860365,0.0,13,11,0,0,11,11,34993,2,0,0,2,0
2020-06-25,US,Montana,Stillwater,4,0,0,45.67071407,-109.3950061,30095.0,41.48516905206389,0.0,4,4,0,0,4,4,9534,0,0,0,0,0
2020-06-25,US,Montana,Toole,31,6,0,48.65577551,-111.69424140000001,30101.0,654.5608108108107,19.354838709677423,25,31,6,0,25,31,4853,0,0,0,0,0
2020-06-25,US,Montana,Treasure,2,0,0,46.20973220000001,-107.26665159999999,30103.0,287.3563218390805,0.0,2,,,,,,679,,,,,
2020-06-25,US,Montana,Valley,1,0,0,48.36435097,-106.6669635,30105.0,13.520822065981612,0.0,1,1,0,0,1,1,7437,0,0,0,0,0
2020-06-25,US,Montana,Wheatland,1,0,0,46.46652491,-109.84646359999999,30107.0,47.036688617121364,0.0,1,1,0,0,1,1,2236,0,0,0,0,0
2020-06-25,US,Montana,Yellowstone,139,4,0,45.93955949,-108.26914860000001,30111.0,86.1748295102294,2.8776978417266186,135,129,4,0,125,126,160137,10,0,0,10,3
2020-06-25,US,Nebraska,Adams,285,11,0,40.52449420000001,-98.50117804,31001.0,908.7140898510984,3.8596491228070176,274,283,11,0,272,282,31511,2,0,0,2,1
2020-06-25,US,Nebraska,Antelope,9,1,0,42.17695516,-98.06662829999999,31003.0,142.9025087329311,11.111111111111109,8,9,1,0,8,8,6336,0,0,0,0,1
2020-06-25,US,Nebraska,Banner,1,0,0,41.54634427,-103.7114332,31007.0,134.2281879194631,0.0,1,1,0,0,1,1,730,0,0,0,0,0
2020-06-25,US,Nebraska,Boone,7,0,0,41.70759415,-98.06737183,31011.0,134.82280431432974,0.0,7,7,0,0,7,7,5239,0,0,0,0,0
2020-06-25,US,Nebraska,Box Butte,3,0,0,42.22079243,-103.08788340000001,31013.0,27.821570991375317,0.0,3,3,0,0,3,3,10772,0,0,0,0,0
2020-06-25,US,Nebraska,Boyd,1,0,0,42.899727399999996,-98.76486568,31015.0,52.11047420531528,0.0,1,1,0,0,1,1,1955,0,0,0,0,0
2020-06-25,US,Nebraska,Buffalo,181,1,0,40.85486962,-99.07500296,31019.0,364.4857931090034,0.5524861878453039,180,181,1,0,180,181,49615,0,0,0,0,0
2020-06-25,US,Nebraska,Burt,11,0,0,41.85056773,-96.32605633,31021.0,170.3050007741136,0.0,11,11,0,0,11,11,6488,0,0,0,0,0
2020-06-25,US,Nebraska,Butler,51,0,0,41.22703692,-97.13106306,31023.0,636.2275449101796,0.0,51,51,0,0,51,51,8058,0,0,0,0,0
2020-06-25,US,Nebraska,Cass,63,0,0,40.90899107,-96.13971217,31025.0,240.01828710758915,0.0,63,62,0,0,62,61,26159,1,0,0,1,1
2020-06-25,US,Nebraska,Cedar,11,0,0,42.598885100000004,-97.25311951,31027.0,130.9212092358962,0.0,11,11,0,0,11,11,8446,0,0,0,0,0
2020-06-25,US,Nebraska,Chase,1,0,0,40.523719799999995,-101.69780259999999,31029.0,25.4841997961264,0.0,1,1,0,0,1,1,3977,0,0,0,0,0
2020-06-25,US,Nebraska,Cherry,1,0,0,42.54502621,-101.1244332,31031.0,17.577781683951486,0.0,1,1,0,0,1,1,5761,0,0,0,0,0
2020-06-25,US,Nebraska,Cheyenne,18,0,0,41.21999357,-102.9941693,31033.0,202.020202020202,0.0,18,18,0,0,18,18,9310,0,0,0,0,0
2020-06-25,US,Nebraska,Clay,27,0,0,40.52439441,-98.05126296,31035.0,435.2732548766726,0.0,27,27,0,0,27,27,6214,0,0,0,0,0
2020-06-25,US,Nebraska,Colfax,664,4,0,41.57486951,-97.0868542,31037.0,6200.392193482118,0.6024096385542169,660,663,4,0,659,661,10881,1,0,0,1,2
2020-06-25,US,Nebraska,Cuming,34,0,0,41.91637624,-96.78730772,31039.0,384.35451051322633,0.0,34,34,0,0,34,34,8940,0,0,0,0,0
2020-06-25,US,Nebraska,Custer,41,4,0,41.39374521,-99.72805369,31041.0,380.4398255544215,9.75609756097561,37,41,4,0,37,34,10840,0,0,0,0,7
2020-06-25,US,Nebraska,Dakota,1749,31,0,42.39040144,-96.56656425,31043.0,8733.646259862178,1.7724413950829043,1718,1745,30,0,1715,1744,20083,4,1,0,3,1
2020-06-25,US,Nebraska,Dawes,2,0,0,42.71985036,-103.1313774,31045.0,23.285597857725,0.0,2,2,0,0,2,2,8716,0,0,0,0,0
2020-06-25,US,Nebraska,Dawson,854,8,0,40.87028216,-99.82014609999999,31047.0,3619.4108921381653,0.936768149882904,846,854,8,0,846,851,23709,0,0,0,0,3
2020-06-25,US,Nebraska,Dixon,44,2,0,42.49188363,-96.86782408,31051.0,780.69552874379,4.545454545454546,42,43,1,0,42,44,5709,1,1,0,0,-1
2020-06-25,US,Nebraska,Dodge,672,8,0,41.58071748,-96.65598179,31053.0,1837.8230548338572,1.1904761904761905,664,664,8,0,656,660,36791,8,0,0,8,4
2020-06-25,US,Nebraska,Douglas,6588,84,0,41.29518299,-96.15085305,31055.0,1153.1049644074235,1.275045537340619,6504,6524,83,0,6441,6461,566880,64,1,0,63,63
2020-06-25,US,Nebraska,Fillmore,13,1,0,40.52458567,-97.59646937,31059.0,238.00805565726841,7.6923076923076925,12,13,1,0,12,13,5527,0,0,0,0,0
2020-06-25,US,Nebraska,Franklin,6,0,0,40.17636348,-98.95299073,31061.0,201.40986908358508,0.0,6,6,0,0,6,6,3023,0,0,0,0,0
2020-06-25,US,Nebraska,Frontier,1,0,0,40.52993007,-100.3924658,31063.0,38.06623524933384,0.0,1,1,0,0,1,1,2608,0,0,0,0,0
2020-06-25,US,Nebraska,Furnas,10,1,0,40.17642064,-99.91247454,31065.0,213.85799828913602,10.0,9,10,1,0,9,9,4715,0,0,0,0,1
2020-06-25,US,Nebraska,Gage,48,4,0,40.26186809,-96.68946704,31067.0,223.12090363965973,8.333333333333334,44,47,4,0,43,47,21493,1,0,0,1,0
2020-06-25,US,Nebraska,Garden,4,0,0,41.61703149,-102.3313973,31069.0,217.74632553075668,0.0,4,4,0,0,4,4,1897,0,0,0,0,0
2020-06-25,US,Nebraska,Garfield,1,0,0,41.91428955,-98.99111827,31071.0,50.787201625190455,0.0,1,1,0,0,1,1,1987,0,0,0,0,0
2020-06-25,US,Nebraska,Gosper,13,0,0,40.51481965,-99.83020279,31073.0,653.2663316582915,0.0,13,13,0,0,13,13,1996,0,0,0,0,0
2020-06-25,US,Nebraska,Greeley,3,0,0,41.56742671,-98.52150266,31077.0,127.33446519524618,0.0,3,3,0,0,3,3,2356,0,0,0,0,0
2020-06-25,US,Nebraska,Hall,1584,46,0,40.87257079,-98.50218293,31079.0,2581.780842012616,2.904040404040404,1538,1577,46,0,1531,1574,61607,7,0,0,7,3
2020-06-25,US,Nebraska,Hamilton,58,11,0,40.87349452,-98.02099117,31081.0,622.050622050622,18.96551724137931,47,59,11,0,48,58,9280,-1,0,0,-1,1
2020-06-25,US,Nebraska,Harlan,1,0,0,40.17658508,-99.40438879,31083.0,29.58579881656805,0.0,1,1,0,0,1,1,3401,0,0,0,0,0
2020-06-25,US,Nebraska,Hitchcock,1,0,0,40.17609175,-101.04164770000001,31087.0,36.205648081100655,0.0,1,1,0,0,1,1,2806,0,0,0,0,0
2020-06-25,US,Nebraska,Holt,3,0,0,42.45522056,-98.78402558,31089.0,29.800337737161023,0.0,3,3,0,0,3,3,10178,0,0,0,0,0
2020-06-25,US,Nebraska,Howard,46,4,0,41.2200529,-98.5166499,31093.0,713.7315748642359,8.695652173913043,42,46,4,0,42,45,6468,0,0,0,0,1
2020-06-25,US,Nebraska,Jefferson,9,0,0,40.17584531,-97.142601,31095.0,127.73204655123476,0.0,9,9,0,0,9,9,7097,0,0,0,0,0
2020-06-25,US,Nebraska,Johnson,6,0,0,40.39257596,-96.26522753,31097.0,118.3198580161704,0.0,6,6,0,0,6,6,5134,0,0,0,0,0
2020-06-25,US,Nebraska,Kearney,13,0,0,40.50663314,-98.94877182,31099.0,200.15396458814476,0.0,13,13,0,0,13,13,6544,0,0,0,0,0
2020-06-25,US,Nebraska,Keith,2,0,0,41.19930341,-101.66201640000001,31101.0,24.894199651481205,0.0,2,2,0,0,2,2,8021,0,0,0,0,0
2020-06-25,US,Nebraska,Kimball,8,0,0,41.19774275,-103.7148131,31105.0,220.26431718061676,0.0,8,8,0,0,8,8,3618,0,0,0,0,0
2020-06-25,US,Nebraska,Knox,21,0,0,42.63758421,-97.89178836,31107.0,252.0403264522324,0.0,21,17,0,0,17,17,8419,4,0,0,4,0
2020-06-25,US,Nebraska,Lancaster,1660,10,0,40.78416049,-96.68777155,31109.0,520.2294023629697,0.6024096385542169,1650,1649,10,0,1639,1634,317272,11,0,0,11,15
2020-06-25,US,Nebraska,Lincoln,54,2,0,41.04658298,-100.74753740000001,31111.0,154.66575012888813,3.703703703703704,52,54,2,0,52,54,35185,0,0,0,0,0
2020-06-25,US,Nebraska,Madison,356,4,0,41.91676024,-97.6005481,31119.0,1014.2739109376337,1.1235955056179776,352,355,4,0,351,350,35392,1,0,0,1,5
2020-06-25,US,Nebraska,Merrick,38,0,0,41.16624273,-98.0374887,31121.0,490.006447453256,0.0,38,38,0,0,38,38,7733,0,0,0,0,0
2020-06-25,US,Nebraska,Morrill,20,0,0,41.71711774,-103.0061405,31123.0,430.8487720809996,0.0,20,14,0,0,14,14,4686,6,0,0,6,0
2020-06-25,US,Nebraska,Nance,4,0,0,41.39750195,-97.99327291,31125.0,113.66865586814436,0.0,4,4,0,0,4,4,3532,0,0,0,0,0
2020-06-25,US,Nebraska,Nemaha,5,0,0,40.38514847,-95.85433992,31127.0,71.7154331612163,0.0,5,5,0,0,5,5,6958,0,0,0,0,0
2020-06-25,US,Nebraska,Nuckolls,1,0,0,40.17637905,-98.04743961,31129.0,24.10800385728061,0.0,1,1,0,0,1,1,4195,0,0,0,0,0
2020-06-25,US,Nebraska,Otoe,15,0,0,40.64843556,-96.13374142,31131.0,93.67974019485386,0.0,15,15,0,0,15,15,15985,0,0,0,0,0
2020-06-25,US,Nebraska,Phelps,23,0,0,40.51156033,-99.41461667,31137.0,254.5937569183086,0.0,23,23,0,0,23,22,8996,0,0,0,0,1
2020-06-25,US,Nebraska,Pierce,7,0,0,42.26434853,-97.60122773,31139.0,97.929490766648,0.0,7,7,0,0,7,6,7142,0,0,0,0,1
2020-06-25,US,Nebraska,Platte,656,3,0,41.57246836,-97.52144359,31141.0,1959.964146997311,0.4573170731707317,653,651,3,0,648,652,33363,5,0,0,5,-1
2020-06-25,US,Nebraska,Polk,12,0,0,41.18813488,-97.56630712,31143.0,230.19374640322275,0.0,12,12,0,0,12,12,5278,0,0,0,0,0
2020-06-25,US,Nebraska,Red Willow,6,0,0,40.17556879999999,-100.476998,31145.0,55.949272659455424,0.0,6,6,0,0,6,6,10726,0,0,0,0,0
2020-06-25,US,Nebraska,Richardson,5,1,0,40.1247415,-95.71755036,31147.0,63.57279084551812,20.0,4,5,1,0,4,5,7937,0,0,0,0,0
2020-06-25,US,Nebraska,Rock,1,0,0,42.42252217,-99.44832069,31149.0,73.69196757553426,0.0,1,1,0,0,1,,1360,0,0,0,0,
2020-06-25,US,Nebraska,Saline,531,2,0,40.52418865,-97.14085859,31151.0,3733.1271091113613,0.3766478342749529,529,530,2,0,528,530,14350,1,0,0,1,0
2020-06-25,US,Nebraska,Sarpy,1068,8,0,41.11314181,-96.11156432,31153.0,570.5250112181884,0.7490636704119851,1060,1060,8,0,1052,1049,184459,8,0,0,8,11
2020-06-25,US,Nebraska,Saunders,67,2,0,41.227810299999994,-96.63773905,31155.0,310.50143664843824,2.985074626865672,65,66,2,0,64,65,21303,1,0,0,1,1
2020-06-25,US,Nebraska,Scotts Bluff,205,3,0,41.85070896,-103.70809859999999,31157.0,575.5516873490933,1.4634146341463414,202,202,3,0,199,199,35989,3,0,0,3,3
2020-06-25,US,Nebraska,Seward,33,1,0,40.87241834,-97.139673,31159.0,190.92802591992594,3.0303030303030303,32,32,1,0,31,32,17318,1,0,0,1,0
2020-06-25,US,Nebraska,Sherman,5,0,0,41.22045983,-98.97588642,31163.0,166.61112962345885,0.0,5,5,0,0,5,5,3038,0,0,0,0,0
2020-06-25,US,Nebraska,Sioux,4,0,0,42.48932059,-103.7576544,31165.0,343.0531732418525,0.0,4,3,0,0,3,3,1187,1,0,0,1,0
2020-06-25,US,Nebraska,Stanton,21,0,0,41.9169835,-97.19394708,31167.0,354.72972972972974,0.0,21,21,0,0,21,21,5970,0,0,0,0,0
2020-06-25,US,Nebraska,Thayer,1,0,0,40.17626377,-97.59504381,31169.0,19.98800719568259,0.0,1,1,0,0,1,1,5039,0,0,0,0,0
2020-06-25,US,Nebraska,Thomas,1,0,0,41.91358968,-100.5556632,31171.0,138.50415512465375,0.0,1,1,0,0,1,1,720,0,0,0,0,0
2020-06-25,US,Nebraska,Thurston,83,1,0,42.15725356,-96.54157099,31173.0,1148.9479512735327,1.2048192771084338,82,73,1,0,72,73,7303,10,0,0,10,0
2020-06-25,US,Nebraska,Unassigned,167,1,0,0.0,0.0,90031.0,0.0,0.5988023952095808,166,183,1,0,182,187,,-16,0,0,-16,-4
2020-06-25,US,Nebraska,Valley,8,0,0,41.56730777,-98.98197724,31175.0,192.40019240019242,0.0,8,7,0,0,7,7,4190,1,0,0,1,0
2020-06-25,US,Nebraska,Washington,46,1,0,41.52815707,-96.22019892,31177.0,221.91133195040763,2.1739130434782608,45,45,1,0,44,45,20667,1,0,0,1,0
2020-06-25,US,Nebraska,Wayne,27,0,0,42.20934475,-97.11926964,31179.0,287.6931273308471,0.0,27,27,0,0,27,26,9403,0,0,0,0,1
2020-06-25,US,Nebraska,Webster,6,0,0,40.17642643,-98.50019851,31181.0,172.0676799541153,0.0,6,6,0,0,6,6,3533,0,0,0,0,0
2020-06-25,US,Nebraska,York,41,0,0,40.87272618,-97.59710186,31185.0,299.72951239125666,0.0,41,41,0,0,41,41,13772,0,0,0,0,0
2020-06-25,US,Nevada,Carson City,139,5,0,39.15509045,-119.7480219,32510.0,248.5871664639817,3.5971223021582728,134,128,5,0,123,128,55414,11,0,0,11,0
2020-06-25,US,Nevada,Churchill,11,1,0,39.58105744,-118.3394607,32001.0,44.16074511220843,9.090909090909092,10,10,1,0,9,10,24440,1,0,0,1,0
2020-06-25,US,Nevada,Clark,11878,405,0,36.21458855,-115.0130241,32003.0,524.0182378463988,3.409664926755346,11473,10774,400,0,10374,10774,2231647,1104,5,0,1099,0
2020-06-25,US,Nevada,Douglas,60,0,0,38.912862,-119.61713329999999,32005.0,122.68684183621305,0.0,60,52,0,0,52,52,48467,8,0,0,8,0
2020-06-25,US,Nevada,Elko,79,1,0,41.14531606,-115.3577619,32007.0,149.68358027966195,1.2658227848101269,78,60,1,0,59,60,52460,19,0,0,19,0
2020-06-25,US,Nevada,Humboldt,82,4,0,41.40692186,-118.11094270000001,32013.0,487.1962450240628,4.878048780487805,78,79,4,0,75,79,16786,3,0,0,3,0
2020-06-25,US,Nevada,Lander,32,0,0,39.933223299999995,-117.03970749999999,32015.0,578.4526391901662,0.0,32,24,0,0,24,24,5575,8,0,0,8,0
2020-06-25,US,Nevada,Lincoln,2,0,0,37.64268459,-114.8790388,32017.0,38.58769052672198,0.0,2,2,0,0,2,2,5201,0,0,0,0,0
2020-06-25,US,Nevada,Lyon,104,2,0,39.01777974,-119.18704790000001,32019.0,180.8381151104156,1.9230769230769231,102,99,2,0,97,99,55808,5,0,0,5,0
2020-06-25,US,Nevada,Mineral,4,0,0,38.53841696,-118.4344506,32021.0,88.79023307436182,0.0,4,4,0,0,4,4,4514,0,0,0,0,0
2020-06-25,US,Nevada,Nye,81,3,0,38.04264256,-116.47227020000001,32023.0,174.10743073318577,3.703703703703704,78,78,3,0,75,78,45346,3,0,0,3,0
2020-06-25,US,Nevada,Pershing,6,0,0,40.44003782,-118.40056409999998,32027.0,89.21933085501858,0.0,6,5,0,0,5,5,6666,1,0,0,1,0
2020-06-25,US,Nevada,Storey,2,0,0,39.44875482,-119.5250207,32029.0,48.50836769342711,0.0,2,1,0,0,1,1,4029,1,0,0,1,0
2020-06-25,US,Nevada,Washoe,2376,74,0,40.66562265,-119.6631594,32031.0,503.90334217709153,3.114478114478114,2302,2209,73,0,2136,2209,465735,167,1,0,166,0
2020-06-25,US,Nevada,White Pine,3,0,0,39.44157041,-114.89996599999999,32033.0,31.315240083507305,0.0,3,3,0,0,3,3,9475,0,0,0,0,0
2020-06-25,US,New Hampshire,Belknap,78,1,0,43.51637314,-71.41684235,33001.0,127.23683995889273,1.2820512820512822,77,78,1,0,77,78,61022,0,0,0,0,0
2020-06-25,US,New Hampshire,Carroll,53,0,0,43.87498583,-71.20430216,33003.0,108.36229809854835,0.0,53,52,0,0,52,52,48779,1,0,0,1,0
2020-06-25,US,New Hampshire,Cheshire,66,2,0,42.92015988,-72.25311043,33005.0,86.74508773082735,3.0303030303030303,64,66,2,0,64,64,76493,0,0,0,0,2
2020-06-25,US,New Hampshire,Coos,6,0,0,44.69063265,-71.30633239,33007.0,19.0095998479232,0.0,6,6,0,0,6,6,31589,0,0,0,0,0
2020-06-25,US,New Hampshire,Grafton,80,1,0,43.93779815,-71.82057197,33009.0,89.00162427964311,1.25,79,77,1,0,76,76,89786,3,0,0,3,1
2020-06-25,US,New Hampshire,Hillsborough,3187,234,0,42.91537785,-71.7200253,33011.0,764.2227684191596,7.342328208346407,2953,3163,226,0,2937,3145,415247,24,8,0,16,18
2020-06-25,US,New Hampshire,Merrimack,401,18,0,43.29662971,-71.6811573,33013.0,264.87704024677817,4.488778054862842,383,400,18,0,382,398,151132,1,0,0,1,2
2020-06-25,US,New Hampshire,Rockingham,1450,87,0,42.98499744,-71.12883377,33015.0,468.0907385826212,6.0,1363,1443,85,0,1358,1442,309176,7,2,0,5,1
2020-06-25,US,New Hampshire,Strafford,288,13,0,43.291833000000004,-71.02336013,33017.0,220.4649667388792,4.513888888888889,275,286,13,0,273,285,130090,2,0,0,2,1
2020-06-25,US,New Hampshire,Sullivan,27,1,0,43.36094111,-72.22203125,33019.0,62.57822277847309,3.703703703703704,26,25,1,0,24,24,43144,2,0,0,2,1
2020-06-25,US,New Hampshire,Unassigned,2,0,0,0.0,0.0,90033.0,0.0,0.0,2,2,0,0,2,1,,0,0,0,0,1
2020-06-25,US,New Jersey,Atlantic,2787,206,0,39.47538693,-74.65848483,34001.0,1057.0030720218456,7.391460351632579,2581,2771,192,0,2579,2750,265429,16,14,0,2,21
2020-06-25,US,New Jersey,Bergen,19167,1979,0,40.96010917,-74.07164325,34003.0,2056.0994290936937,10.325037825429124,17188,19097,1714,0,17383,19069,936692,70,265,0,-195,28
2020-06-25,US,New Jersey,Burlington,5084,414,0,39.87681124,-74.66927768,34005.0,1141.5766062122066,8.143194335169158,4670,5068,373,0,4695,5056,445384,16,41,0,-25,12
2020-06-25,US,New Jersey,Camden,7212,474,0,39.80343818,-74.96388753,34007.0,1423.9709677355663,6.572379367720465,6738,7185,425,0,6760,7163,507078,27,49,0,-22,22
2020-06-25,US,New Jersey,Cape May,704,67,0,39.15008829,-74.80170244,34009.0,764.8931431241106,9.517045454545457,637,697,63,0,634,694,92560,7,4,0,3,3
2020-06-25,US,New Jersey,Cumberland,2917,138,0,39.37199394,-75.10712559,34011.0,1950.8182468718023,4.730887898525883,2779,2908,126,0,2782,2894,150972,9,12,0,-3,14
2020-06-25,US,New Jersey,Essex,18637,2011,0,40.78681335,-74.24657979,34013.0,2332.613661253481,10.790363255888824,16626,18617,1764,0,16853,18592,799767,20,247,0,-227,25
2020-06-25,US,New Jersey,Gloucester,2518,180,0,39.71581067,-75.13995546,34015.0,863.4050665898585,7.148530579825258,2338,2497,172,0,2325,2489,291408,21,8,0,13,8
2020-06-25,US,New Jersey,Hudson,18775,1444,0,40.73766234,-74.07515667,34017.0,2792.2741381130922,7.691078561917442,17331,19333,1316,0,18017,19316,676061,-558,128,0,-686,17
2020-06-25,US,New Jersey,Hunterdon,1065,122,0,40.56335249,-74.91284156,34019.0,856.3089466193887,11.455399061032866,943,1064,67,0,997,1062,124714,1,55,0,-54,2
2020-06-25,US,New Jersey,Mercer,7595,573,0,40.28047017,-74.70479631,34021.0,2067.060392455706,7.5444371296905866,7022,7572,535,0,7037,7560,369811,23,38,0,-15,12
2020-06-25,US,New Jersey,Middlesex,16667,1307,0,40.43629879,-74.41426991,34023.0,2020.0906113722367,7.841843163136737,15360,16640,1107,0,15533,16640,829685,27,200,0,-173,0
2020-06-25,US,New Jersey,Monmouth,9030,797,0,40.26549699,-74.22240686,34025.0,1459.2878093714396,8.826135105204873,8233,9008,702,0,8306,8998,621354,22,95,0,-73,10
2020-06-25,US,New Jersey,Morris,6685,789,0,40.86095313,-74.54553709999998,34027.0,1359.1680305787393,11.802543006731488,5896,6724,644,0,6080,6727,494228,-39,145,0,-184,-3
2020-06-25,US,New Jersey,Ocean,9508,936,0,39.8895449,-74.28089251,34029.0,1565.9122575289944,9.844341607067733,8572,9486,866,0,8620,9466,601651,22,70,0,-48,20
2020-06-25,US,New Jersey,Passaic,16819,1173,0,41.03238628,-74.29954144,34031.0,3351.560102505649,6.974255306498603,15646,16788,1025,0,15763,16794,503310,31,148,0,-117,-6
2020-06-25,US,New Jersey,Salem,751,71,0,39.58719656,-75.34696629999998,34033.0,1203.8150196361305,9.454061251664449,680,750,67,0,683,752,62607,1,4,0,-3,-2
2020-06-25,US,New Jersey,Somerset,4828,524,0,40.56465737,-74.61683016,34035.0,1467.7716502398655,10.853355426677714,4304,4819,444,0,4375,4818,331164,9,80,0,-71,1
2020-06-25,US,New Jersey,Sussex,1183,191,0,41.13891592,-74.69118243,34037.0,842.0648026877742,16.145393068469993,992,1224,190,0,1034,1220,140799,-41,1,0,-42,4
2020-06-25,US,New Jersey,Unassigned,706,0,0,0.0,0.0,90034.0,0.0,0.0,706,92,0,0,92,112,,614,0,0,614,-20
2020-06-25,US,New Jersey,Union,16334,1321,0,40.65835409,-74.30680092,34039.0,2935.969126848461,8.0874250030611,15013,16330,1140,0,15190,16341,558067,4,181,0,-177,-11
2020-06-25,US,New Jersey,Warren,1224,155,0,40.85951833,-74.99556527,34041.0,1162.7575593490835,12.663398692810455,1069,1222,144,0,1078,1221,105779,2,11,0,-9,1
2020-06-25,US,New Mexico,Bernalillo,1937,85,0,35.05163625,-106.6703554,35001.0,285.221632080292,4.388229220443986,1852,1879,84,0,1795,1848,678701,58,1,0,57,31
2020-06-25,US,New Mexico,Catron,2,1,0,33.91514144,-108.4046587,35003.0,56.70541536716757,50.0,1,2,1,0,1,2,3578,0,0,0,0,0
2020-06-25,US,New Mexico,Chaves,71,2,0,33.36406072,-104.4665365,35005.0,109.88160643813356,2.8169014084507036,69,69,2,0,67,65,64689,2,0,0,2,4
2020-06-25,US,New Mexico,Cibola,204,13,0,34.91131525,-107.998876,35006.0,764.7610121836926,6.372549019607844,191,200,13,0,187,198,26746,4,0,0,4,2
2020-06-25,US,New Mexico,Colfax,9,1,0,36.60569702,-104.64726740000002,35007.0,75.37057197889624,11.111111111111109,8,9,1,0,8,9,12110,0,0,0,0,0
2020-06-25,US,New Mexico,Curry,125,0,0,34.57421077,-103.34688759999999,35009.0,255.34174939739344,0.0,125,123,0,0,123,115,49437,2,0,0,2,8
2020-06-25,US,New Mexico,Dona Ana,806,8,0,32.35275771,-106.83293870000001,35013.0,369.39434909140914,0.9925558312655088,798,760,8,0,752,740,217522,46,0,0,46,20
2020-06-25,US,New Mexico,Eddy,63,1,0,32.47167456,-104.3053527,35015.0,107.76599384194321,1.5873015873015872,62,61,1,0,60,58,57900,2,0,0,2,3
2020-06-25,US,New Mexico,Grant,17,0,0,32.73911281,-108.3827845,35017.0,62.96762723164679,0.0,17,17,0,0,17,17,27346,0,0,0,0,0
2020-06-25,US,New Mexico,Guadalupe,20,0,0,34.86319296,-104.790669,35019.0,465.11627906976736,0.0,20,20,0,0,20,20,4341,0,0,0,0,0
2020-06-25,US,New Mexico,Harding,1,0,0,35.85751555,-103.82209379999999,35021.0,160.0,0.0,1,1,0,0,1,1,655,0,0,0,0,0
2020-06-25,US,New Mexico,Hidalgo,40,0,0,31.91383467,-108.7151824,35023.0,952.834683182468,0.0,40,39,0,0,39,39,4240,1,0,0,1,0
2020-06-25,US,New Mexico,Lea,89,0,0,32.79215361,-103.4123733,35025.0,125.22864781201632,0.0,89,86,0,0,86,79,69611,3,0,0,3,7
2020-06-25,US,New Mexico,Lincoln,9,0,0,33.74526079,-105.4586166,35027.0,45.98405885959534,0.0,9,8,0,0,8,7,19556,1,0,0,1,1
2020-06-25,US,New Mexico,Los Alamos,7,0,0,35.86631386,-106.31349850000001,35028.0,36.14022406938923,0.0,7,7,0,0,7,7,19101,0,0,0,0,0
2020-06-25,US,New Mexico,Luna,63,2,0,32.18179341,-107.75088259999998,35029.0,265.72187776793623,3.1746031746031744,61,57,2,0,55,57,23963,6,0,0,6,0
2020-06-25,US,New Mexico,McKinley,3215,162,0,35.58007720000001,-108.262245,35031.0,4504.883209326439,5.038880248833593,3053,3179,161,0,3018,3155,72290,36,1,0,35,24
2020-06-25,US,New Mexico,Otero,34,6,0,32.61348406,-105.7417604,35035.0,50.377833753148614,17.647058823529417,28,33,6,0,27,32,66781,1,0,0,1,1
2020-06-25,US,New Mexico,Quay,5,1,0,35.10403332,-103.54817270000001,35037.0,60.5840300496789,20.0,4,5,1,0,4,5,8253,0,0,0,0,0
2020-06-25,US,New Mexico,Rio Arriba,89,1,0,36.51072137,-106.69316740000001,35039.0,228.66832815189744,1.1235955056179776,88,86,1,0,85,82,39006,3,0,0,3,4
2020-06-25,US,New Mexico,Roosevelt,55,1,0,34.02097406,-103.4799493,35041.0,297.29729729729735,1.818181818181818,54,54,1,0,53,53,18743,1,0,0,1,1
2020-06-25,US,New Mexico,San Juan,2268,160,0,36.50838318,-108.32043700000001,35045.0,1829.6519788960775,7.0546737213403885,2108,2250,157,0,2093,2235,125043,18,3,0,15,15
2020-06-25,US,New Mexico,San Miguel,18,0,0,35.48014807,-104.8163562,35047.0,65.98966161967958,0.0,18,18,0,0,18,18,27591,0,0,0,0,0
2020-06-25,US,New Mexico,Sandoval,701,29,0,35.68862401,-106.86878030000001,35043.0,477.6896448333197,4.136947218259629,672,693,29,0,664,685,145179,8,0,0,8,8
2020-06-25,US,New Mexico,Santa Fe,206,3,0,35.50708973,-105.9774716,35049.0,137.00634485694144,1.4563106796116505,203,203,3,0,200,202,150056,3,0,0,3,1
2020-06-25,US,New Mexico,Sierra,9,0,0,33.13028233,-107.1925893,35051.0,83.40283569641367,0.0,9,7,0,0,7,7,10968,2,0,0,2,0
2020-06-25,US,New Mexico,Socorro,59,5,0,34.00715494,-106.9298354,35053.0,354.63124361363225,8.474576271186441,54,58,5,0,53,58,16735,1,0,0,1,0
2020-06-25,US,New Mexico,Taos,37,1,0,36.58006022,-105.63101979999999,35055.0,113.0703175136754,2.702702702702702,36,37,1,0,36,35,32835,0,0,0,0,2
2020-06-25,US,New Mexico,Torrance,42,1,0,34.64048375,-105.8508949,35057.0,271.65125153612314,2.380952380952381,41,40,1,0,39,38,15591,2,0,0,2,2
2020-06-25,US,New Mexico,Unassigned,886,0,0,0.0,0.0,90035.0,0.0,0.0,886,885,0,0,885,869,,1,0,0,1,16
2020-06-25,US,New Mexico,Union,6,0,0,36.48126404,-103.4709624,35059.0,147.81966001478196,0.0,6,6,0,0,6,5,4118,0,0,0,0,1
2020-06-25,US,New Mexico,Valencia,99,2,0,34.71669834,-106.8103733,35061.0,129.09451283121217,2.0202020202020203,97,98,2,0,96,97,76456,1,0,0,1,1
2020-06-25,US,New York,Albany,2076,121,0,42.60060306,-73.97723916,36001.0,679.5283889678108,5.8285163776493265,1955,2065,120,0,1945,2062,307117,11,1,0,10,3
2020-06-25,US,New York,Allegany,58,0,0,42.25748406,-78.02750466,36003.0,125.83801609858757,0.0,58,58,0,0,58,58,46430,0,0,0,0,0
2020-06-25,US,New York,Broome,680,58,0,42.15903158,-75.81326086,36007.0,356.9778673722229,8.529411764705884,622,671,58,0,613,671,191659,9,0,0,9,0
2020-06-25,US,New York,Cattaraugus,121,6,0,42.24778241,-78.67923096,36009.0,158.96580264592666,4.958677685950414,115,120,6,0,114,118,76840,1,0,0,1,2
2020-06-25,US,New York,Cayuga,109,2,0,42.91261714,-76.55731592,36011.0,142.34224822398662,1.834862385321101,107,109,2,0,107,108,77145,0,0,0,0,1
2020-06-25,US,New York,Chautauqua,121,7,0,42.22769210000001,-79.36691763,36013.0,95.34841571909251,5.785123966942148,114,118,4,0,114,116,127939,3,3,0,0,2
2020-06-25,US,New York,Chemung,139,2,0,42.13891056,-76.7638805,36015.0,166.55483128834356,1.4388489208633093,137,139,2,0,137,139,84254,0,0,0,0,0
2020-06-25,US,New York,Chenango,144,5,0,42.49430041,-75.60887553,36017.0,305.03950685279733,3.4722222222222223,139,142,5,0,137,141,47536,2,0,0,2,1
2020-06-25,US,New York,Clinton,101,4,0,44.74530905,-73.67875352,36019.0,125.48922159408585,3.96039603960396,97,100,4,0,96,100,80695,1,0,0,1,0
2020-06-25,US,New York,Columbia,455,37,0,42.24819348,-73.63089095,36021.0,765.2074468979667,8.131868131868131,418,454,37,0,417,454,59916,1,0,0,1,0
2020-06-25,US,New York,Cortland,44,0,0,42.59509207,-76.07048931,36023.0,92.47388663542169,0.0,44,44,0,0,44,44,47823,0,0,0,0,0
2020-06-25,US,New York,Delaware,91,4,0,42.19837623,-74.96709306,36025.0,206.18556701030928,4.395604395604397,87,91,4,0,87,91,44527,0,0,0,0,0
2020-06-25,US,New York,Dutchess,4176,151,0,41.76486060000001,-73.74356679,36027.0,1419.355715829759,3.615900383141762,4025,4158,151,0,4007,4150,293718,18,0,0,18,8
2020-06-25,US,New York,Erie,7138,634,0,42.76249024,-78.73063652,36029.0,776.9657625650102,8.882039787055197,6504,7108,632,0,6476,7073,919719,30,2,0,28,35
2020-06-25,US,New York,Essex,41,0,0,44.11630765,-73.77297842,36031.0,111.15629659753289,0.0,41,41,0,0,41,41,37300,0,0,0,0,0
2020-06-25,US,New York,Franklin,28,0,0,44.59040891,-74.29926032,36033.0,55.975370836831786,0.0,28,28,0,0,28,28,50293,0,0,0,0,0
2020-06-25,US,New York,Fulton,244,24,0,43.11363907,-74.41798804,36035.0,457.0743495120169,9.836065573770492,220,244,24,0,220,244,53591,0,0,0,0,0
2020-06-25,US,New York,Genesee,231,5,0,43.0022601,-78.19135193,36037.0,403.282122905028,2.1645021645021645,226,230,5,0,225,229,57511,1,0,0,1,1
2020-06-25,US,New York,Greene,257,18,0,42.275797,-74.12384884,36039.0,544.6299906755954,7.003891050583657,239,256,18,0,238,256,47491,1,0,0,1,0
2020-06-25,US,New York,Hamilton,6,0,0,43.66146647,-74.49721957,36041.0,135.8695652173913,0.0,6,6,0,0,6,6,4434,0,0,0,0,0
2020-06-25,US,New York,Herkimer,143,3,0,43.42034246,-74.96145307,36043.0,233.2066732986513,2.097902097902098,140,142,3,0,139,137,61833,1,0,0,1,5
2020-06-25,US,New York,Jefferson,85,0,0,44.04200959,-75.94653457,36045.0,77.38951508640312,0.0,85,84,0,0,84,84,111755,1,0,0,1,0
2020-06-25,US,New York,Lewis,25,0,0,43.784415700000004,-75.44903992,36049.0,95.07149376330999,0.0,25,24,0,0,24,24,26447,1,0,0,1,0
2020-06-25,US,New York,Livingston,126,8,0,42.72596275,-77.77966158,36051.0,200.27338907079502,6.349206349206349,118,125,8,0,117,125,63227,1,0,0,1,0
2020-06-25,US,New York,Madison,349,17,0,42.91653905,-75.67266639,36053.0,491.95810603177284,4.871060171919772,332,347,17,0,330,347,70795,2,0,0,2,0
2020-06-25,US,New York,Monroe,3602,266,0,43.14638895,-77.69322942,36055.0,485.59526537875615,7.384786229872294,3336,3567,259,0,3308,3540,742474,35,7,0,28,27
2020-06-25,US,New York,Montgomery,111,4,0,42.90123494,-74.44011632,36057.0,225.51350033522283,3.603603603603604,107,110,4,0,106,109,49455,1,0,0,1,1
2020-06-25,US,New York,Nassau,41646,2180,0,40.74066522,-73.58941873,36059.0,3069.1475720084545,5.234596359794458,39466,41585,2180,0,39405,41544,1358343,61,0,0,61,41
2020-06-25,US,New York,New York City,213699,22384,0,40.76727260000001,-73.97152637,36061.0,2563.316431199101,10.474545973542224,191315,213348,22365,0,190983,213056,1628701,351,19,0,332,292
2020-06-25,US,New York,Niagara,1203,88,0,43.19898042,-78.74777412,36063.0,574.8252349711631,7.315045719035744,1115,1199,88,0,1111,1195,210433,4,0,0,4,4
2020-06-25,US,New York,Oneida,1479,90,0,43.24375382,-75.43710392,36065.0,646.7807461374639,6.085192697768762,1389,1445,87,0,1358,1421,229577,34,3,0,31,24
2020-06-25,US,New York,Onondaga,2751,184,0,43.00491923,-76.19971155,36067.0,597.3578153771323,6.68847691748455,2567,2734,182,0,2552,2702,461809,17,2,0,15,32
2020-06-25,US,New York,Ontario,248,9,0,42.85145728,-77.30874425,36069.0,225.91253176894975,3.629032258064516,239,246,9,0,237,242,109864,2,0,0,2,4
2020-06-25,US,New York,Orange,10679,478,0,41.40337468,-74.30240757,36071.0,2774.1985764015167,4.476074538814496,10201,10669,473,0,10196,10666,381951,10,5,0,5,3
2020-06-25,US,New York,Orleans,279,51,0,43.2516977,-78.2320066,36073.0,691.4155432196669,18.27956989247312,228,277,51,0,226,277,40612,2,0,0,2,0
2020-06-25,US,New York,Oswego,191,3,0,43.42778894,-76.14635194,36075.0,163.07503159045118,1.5706806282722514,188,188,3,0,185,179,117898,3,0,0,3,9
2020-06-25,US,New York,Otsego,83,5,0,42.63492579,-75.03151402,36077.0,139.5122115206831,6.024096385542169,78,83,5,0,78,83,59749,0,0,0,0,0
2020-06-25,US,New York,Putnam,1311,62,0,41.42630093,-73.74965532,36079.0,1333.4011391375102,4.729214340198323,1249,1306,62,0,1244,1305,98892,5,0,0,5,1
2020-06-25,US,New York,Rensselaer,541,28,0,42.71348136,-73.51089874,36083.0,340.8647000264627,5.175600739371534,513,534,28,0,506,533,159442,7,0,0,7,1
2020-06-25,US,New York,Rockland,13549,667,0,41.15027894,-74.02560498,36087.0,4158.8267252731075,4.922872536718577,12882,13534,667,0,12867,13529,325695,15,0,0,15,5
2020-06-25,US,New York,Saratoga,540,14,0,43.10904162,-73.86653895,36091.0,234.92254081779143,2.592592592592593,526,538,14,0,524,538,230163,2,0,0,2,0
2020-06-25,US,New York,Schenectady,778,37,0,42.81668777,-74.05278291,36093.0,500.96909832001495,4.755784061696658,741,772,37,0,735,770,155350,6,0,0,6,2
2020-06-25,US,New York,Schoharie,57,0,0,42.58831742,-74.44339029999998,36095.0,183.87689925481467,0.0,57,57,0,0,57,57,31097,0,0,0,0,0
2020-06-25,US,New York,Schuyler,12,0,0,42.39184015,-76.8773299,36097.0,67.38922895490539,0.0,12,12,0,0,12,12,17912,0,0,0,0,0
2020-06-25,US,New York,Seneca,66,0,0,42.78081007,-76.82497064,36099.0,194.0263405456256,0.0,66,64,0,0,64,64,34300,2,0,0,2,0
2020-06-25,US,New York,St. Lawrence,217,2,0,44.4976179,-75.06550039,36089.0,201.4108037868944,0.9216589861751152,215,217,2,0,215,217,108047,0,0,0,0,0
2020-06-25,US,New York,Steuben,264,41,0,42.2689144,-77.3829924,36101.0,276.79048847230524,15.530303030303033,223,263,41,0,222,263,95796,1,0,0,1,0
2020-06-25,US,New York,Suffolk,41151,1974,0,40.88320119,-72.8012172,36103.0,2786.8733666034364,4.796967266895094,39177,41101,1972,0,39129,41056,1481093,50,2,0,48,45
2020-06-25,US,New York,Sullivan,1448,45,0,41.71579493,-74.76394559,36105.0,1919.6097147099372,3.1077348066298343,1403,1447,45,0,1402,1440,75498,1,0,0,1,7
2020-06-25,US,New York,Tioga,141,24,0,42.16852837,-76.30835812,36107.0,292.51291413397513,17.02127659574468,117,141,24,0,117,141,48560,0,0,0,0,0
2020-06-25,US,New York,Tompkins,175,0,0,42.44945765,-76.47229843,36109.0,171.26639264043845,0.0,175,175,0,0,175,175,102793,0,0,0,0,0
2020-06-25,US,New York,Ulster,1765,85,0,41.89027881,-74.26252104,36111.0,993.9574146970543,4.81586402266289,1680,1760,85,0,1675,1757,178599,5,0,0,5,3
2020-06-25,US,New York,Warren,263,30,0,43.56173026,-73.8433699,36113.0,411.2973852120605,11.40684410646388,233,262,30,0,232,262,64265,1,0,0,1,0
2020-06-25,US,New York,Washington,245,14,0,43.31153794,-73.43043448,36115.0,400.30063394549376,5.7142857142857135,231,244,14,0,230,244,61197,1,0,0,1,0
2020-06-25,US,New York,Wayne,154,3,0,43.15494365,-77.02976528,36117.0,171.26715451856137,1.9480519480519483,151,150,3,0,147,145,90064,4,0,0,4,5
2020-06-25,US,New York,Westchester,34642,1416,0,41.16278376,-73.75741653,36119.0,3580.546270514085,4.087523815022228,33226,34597,1416,0,33181,34581,967612,45,0,0,45,16
2020-06-25,US,New York,Wyoming,93,5,0,42.70145109,-78.22199579,36121.0,233.32246167741292,5.376344086021504,88,93,5,0,88,93,40085,0,0,0,0,0
2020-06-25,US,New York,Yates,44,6,0,42.63505484,-77.10369919,36123.0,176.61461887368043,13.636363636363635,38,44,6,0,38,43,24841,0,0,0,0,1
2020-06-25,US,North Carolina,Alamance,1009,36,0,36.0434701,-79.39976137,37001.0,595.2486298662608,3.5678889990089195,973,1004,36,0,968,969,166436,5,0,0,5,35
2020-06-25,US,North Carolina,Alexander,76,0,0,35.922379600000006,-81.17751948,37003.0,202.68288129717044,0.0,76,73,0,0,73,68,37353,3,0,0,3,5
2020-06-25,US,North Carolina,Alleghany,31,0,0,36.49360862,-81.12857041,37005.0,278.3514411421388,0.0,31,31,0,0,31,30,11161,0,0,0,0,1
2020-06-25,US,North Carolina,Anson,115,2,0,34.97403241,-80.09953279,37007.0,470.4246093430418,1.7391304347826086,113,108,2,0,106,107,24877,7,0,0,7,1
2020-06-25,US,North Carolina,Ashe,50,1,0,36.43296207,-81.49862729,37009.0,183.80325699371392,2.0,49,49,1,0,48,49,27109,1,0,0,1,0
2020-06-25,US,North Carolina,Avery,8,0,0,36.07569796,-81.92308483,37011.0,45.565871162499285,0.0,8,8,0,0,8,8,17505,0,0,0,0,0
2020-06-25,US,North Carolina,Beaufort,64,0,0,35.48531943,-76.84325809,37013.0,136.18759841681916,0.0,64,64,0,0,64,61,47079,0,0,0,0,3
2020-06-25,US,North Carolina,Bertie,139,4,0,36.0688473,-76.96545943,37015.0,733.6253760489788,2.8776978417266186,135,138,4,0,134,137,19026,1,0,0,1,1
2020-06-25,US,North Carolina,Bladen,341,3,0,34.61296243,-78.56180059,37017.0,1042.1123403214965,0.8797653958944281,338,333,2,0,331,321,33190,8,1,0,7,12
2020-06-25,US,North Carolina,Brunswick,407,3,0,34.070565,-78.22814204,37019.0,284.9740932642487,0.7371007371007371,404,391,3,0,388,367,136744,16,0,0,16,24
2020-06-25,US,North Carolina,Buncombe,519,37,0,35.61113393,-82.53305,37021.0,198.70516212273773,7.1290944123314075,482,514,37,0,477,509,259103,5,0,0,5,5
2020-06-25,US,North Carolina,Burke,954,19,0,35.74989637,-81.70755735,37023.0,1054.3183953141404,1.9916142557651992,935,934,19,0,915,918,90382,20,0,0,20,16
2020-06-25,US,North Carolina,Cabarrus,936,31,0,35.3877799,-80.55267168,37025.0,432.4264389959945,3.311965811965812,905,930,31,0,899,888,211342,6,0,0,6,42
2020-06-25,US,North Carolina,Caldwell,335,4,0,35.95204977,-81.54799522,37027.0,407.6516829321717,1.1940298507462686,331,328,4,0,324,322,82029,7,0,0,7,6
2020-06-25,US,North Carolina,Camden,23,0,0,36.33804939,-76.15568396,37029.0,211.6499493880556,0.0,23,23,0,0,23,22,10710,0,0,0,0,1
2020-06-25,US,North Carolina,Carteret,64,3,0,34.8932941,-76.54120135,37031.0,92.12211938450909,4.6875,61,64,3,0,61,61,69524,0,0,0,0,3
2020-06-25,US,North Carolina,Caswell,125,1,0,36.39312665,-79.33353281,37033.0,552.9994691205096,0.8,124,122,1,0,121,121,22698,3,0,0,3,1
2020-06-25,US,North Carolina,Catawba,669,13,0,35.66211129,-81.2132617,37035.0,419.30166529824317,1.9431988041853512,656,639,13,0,626,600,158652,30,0,0,30,39
2020-06-25,US,North Carolina,Chatham,910,42,0,35.70394416,-79.25541492,37037.0,1221.9685779508527,4.615384615384615,868,901,42,0,859,890,73139,9,0,0,9,11
2020-06-25,US,North Carolina,Cherokee,36,1,0,35.1349263,-84.05970864,37039.0,125.82133370613728,2.7777777777777777,35,36,1,0,35,34,28383,0,0,0,0,2
2020-06-25,US,North Carolina,Chowan,19,0,0,36.12908077,-76.60118385,37041.0,136.26909560352863,0.0,19,19,0,0,19,19,14029,0,0,0,0,0
2020-06-25,US,North Carolina,Clay,12,0,0,35.05704275,-83.74353633,37043.0,106.84711957973468,0.0,12,12,0,0,12,12,11139,0,0,0,0,0
2020-06-25,US,North Carolina,Cleveland,248,3,0,35.33553364,-81.55204486,37045.0,253.19815818759125,1.2096774193548387,245,242,2,0,240,239,97645,6,1,0,5,3
2020-06-25,US,North Carolina,Columbus,492,35,0,34.26744084,-78.65801424,37047.0,886.3587230669452,7.113821138211383,457,484,35,0,449,471,55655,8,0,0,8,13
2020-06-25,US,North Carolina,Craven,332,6,0,35.11833364,-77.08398081,37049.0,325.0472395461088,1.8072289156626504,326,328,6,0,322,318,102912,4,0,0,4,10
2020-06-25,US,North Carolina,Cumberland,1065,40,0,35.04762133,-78.82623165,37051.0,317.4281464878737,3.755868544600939,1025,1053,39,0,1014,1031,332330,12,1,0,11,22
2020-06-25,US,North Carolina,Currituck,16,0,0,36.36123664,-75.95876401,37053.0,57.630659510859786,0.0,16,16,0,0,16,16,27072,0,0,0,0,0
2020-06-25,US,North Carolina,Dare,34,1,0,35.66520691,-75.71767334,37055.0,91.86954524575104,2.9411764705882355,33,31,1,0,30,29,36501,3,0,0,3,2
2020-06-25,US,North Carolina,Davidson,831,15,0,35.79115496,-80.21256572,37057.0,495.7967650901802,1.8050541516245489,816,797,15,0,782,772,166614,34,0,0,34,25
2020-06-25,US,North Carolina,Davie,172,4,0,35.93099927,-80.54496571,37059.0,401.437707137189,2.3255813953488373,168,172,4,0,168,164,42733,0,0,0,0,8
2020-06-25,US,North Carolina,Duplin,1373,28,0,34.93449805,-77.93140529,37061.0,2337.379343218536,2.039329934450109,1345,1369,28,0,1341,1355,58856,4,0,0,4,14
2020-06-25,US,North Carolina,Durham,3402,62,0,36.03638492,-78.87608331,37063.0,1058.204349773553,1.8224573780129336,3340,3340,62,0,3278,3244,316739,62,0,0,62,96
2020-06-25,US,North Carolina,Edgecombe,290,9,0,35.91230639,-77.59436892,37065.0,563.4131178116257,3.103448275862069,281,284,9,0,275,276,52005,6,0,0,6,8
2020-06-25,US,North Carolina,Forsyth,2715,31,0,36.12859861,-80.25459052,37067.0,710.1845433500308,1.141804788213628,2684,2679,31,0,2648,2615,379099,36,0,0,36,64
2020-06-25,US,North Carolina,Franklin,301,21,0,36.081519,-78.28708884,37069.0,431.94374686087394,6.9767441860465125,280,295,21,0,274,287,67560,6,0,0,6,8
2020-06-25,US,North Carolina,Gaston,869,12,0,35.29373559,-81.17477045,37071.0,387.0324100672965,1.380897583429229,857,842,12,0,830,803,222846,27,0,0,27,39
2020-06-25,US,North Carolina,Gates,26,2,0,36.44667547,-76.69749701,37073.0,224.8745891714236,7.6923076923076925,24,26,2,0,24,25,11573,0,0,0,0,1
2020-06-25,US,North Carolina,Graham,8,0,0,35.3506925,-83.83369267,37075.0,94.77550053311221,0.0,8,8,0,0,8,6,8484,0,0,0,0,2
2020-06-25,US,North Carolina,Granville,773,19,0,36.30337451,-78.65184241,37077.0,1278.890855847658,2.4579560155239326,754,761,17,0,744,742,60115,12,2,0,10,19
2020-06-25,US,North Carolina,Greene,160,2,0,35.48544173,-77.67578087,37079.0,759.4095590678247,1.25,158,159,2,0,157,151,21012,1,0,0,1,8
2020-06-25,US,North Carolina,Guilford,2586,111,0,36.07959451,-79.78824948,37081.0,481.4082587764858,4.292343387470997,2475,2527,110,0,2417,2462,533670,59,1,0,58,65
2020-06-25,US,North Carolina,Halifax,296,4,0,36.25669272,-77.6556109,37083.0,591.8816236752649,1.351351351351351,292,296,4,0,292,272,50574,0,0,0,0,24
2020-06-25,US,North Carolina,Harnett,553,30,0,35.36731853,-78.87243571,37085.0,406.6894157792552,5.4249547920433985,523,536,30,0,506,515,134214,17,0,0,17,21
2020-06-25,US,North Carolina,Haywood,75,0,0,35.55269063,-82.98196486,37087.0,120.35239180319977,0.0,75,74,0,0,74,72,61971,1,0,0,1,2
2020-06-25,US,North Carolina,Henderson,540,50,0,35.33788927,-82.4766782,37089.0,459.89933314596686,9.25925925925926,490,540,50,0,490,514,116748,0,0,0,0,26
2020-06-25,US,North Carolina,Hertford,157,10,0,36.3607755,-76.98104134,37091.0,663.0907631879039,6.369426751592357,147,156,8,0,148,156,23659,1,2,0,-1,0
2020-06-25,US,North Carolina,Hoke,337,3,0,35.01888303,-79.23651674,37093.0,610.1314407792303,0.8902077151335311,334,332,3,0,329,330,54764,5,0,0,5,2
2020-06-25,US,North Carolina,Hyde,6,0,0,35.42017674,-76.15180542,37095.0,121.5312943082844,0.0,6,6,0,0,6,6,5230,0,0,0,0,0
2020-06-25,US,North Carolina,Iredell,624,7,0,35.80950511,-80.8743128,37097.0,343.22299594072797,1.1217948717948718,617,593,7,0,586,575,178435,31,0,0,31,18
2020-06-25,US,North Carolina,Jackson,86,1,0,35.28814273,-83.14093385,37099.0,195.73034730756973,1.162790697674419,85,86,1,0,85,77,43327,0,0,0,0,9
2020-06-25,US,North Carolina,Johnston,1234,29,0,35.51745004,-78.36622717,37101.0,589.4744887479161,2.3500810372771475,1205,1208,29,0,1179,1178,202675,26,0,0,26,30
2020-06-25,US,North Carolina,Jones,29,3,0,35.02254606,-77.35870791,37103.0,307.8883108610256,10.344827586206897,26,29,3,0,26,29,9637,0,0,0,0,0
2020-06-25,US,North Carolina,Lee,741,8,0,35.47623147,-79.17569362,37105.0,1199.436701791871,1.0796221322537112,733,731,8,0,723,718,61452,10,0,0,10,13
2020-06-25,US,North Carolina,Lenoir,348,10,0,35.24032589999999,-77.64245615,37107.0,621.9950311891188,2.8735632183908044,338,344,10,0,334,343,55976,4,0,0,4,1
2020-06-25,US,North Carolina,Lincoln,208,2,0,35.48508185,-81.21740317,37109.0,241.54869877251454,0.9615384615384616,206,204,2,0,202,196,83770,4,0,0,4,8
2020-06-25,US,North Carolina,Macon,262,3,0,35.14867843,-83.41696617,37113.0,730.6598248647442,1.1450381679389312,259,262,3,0,259,256,35285,0,0,0,0,6
2020-06-25,US,North Carolina,Madison,9,0,0,35.85402722,-82.71346418,37115.0,41.36980004596644,0.0,9,8,0,0,8,7,21763,1,0,0,1,1
2020-06-25,US,North Carolina,Martin,121,4,0,35.84326734,-77.10860251,37117.0,539.2156862745098,3.3057851239669422,117,119,4,0,115,117,22671,2,0,0,2,2
2020-06-25,US,North Carolina,McDowell,208,2,0,35.67736232,-82.0482425,37111.0,454.58519101320053,0.9615384615384616,206,206,2,0,204,202,45507,2,0,0,2,4
2020-06-25,US,North Carolina,Mecklenburg,9614,144,0,35.24469268,-80.8317671,37119.0,865.8484305934312,1.497815685458706,9470,9333,143,0,9190,9086,1093901,281,1,0,280,247
2020-06-25,US,North Carolina,Mitchell,26,0,0,36.01059309,-82.1582442,37121.0,173.75033413525796,0.0,26,26,0,0,26,26,15000,0,0,0,0,0
2020-06-25,US,North Carolina,Montgomery,283,7,0,35.33155144,-79.90416657,37123.0,1041.4749935597836,2.4734982332155475,276,283,7,0,276,253,27271,0,0,0,0,30
2020-06-25,US,North Carolina,Moore,407,18,0,35.30885257,-79.48474178,37125.0,403.44964314036486,4.422604422604422,389,407,18,0,389,377,98682,0,0,0,0,30
2020-06-25,US,North Carolina,Nash,380,4,0,35.96575634,-77.98422508,37127.0,402.97779380262574,1.0526315789473684,376,378,4,0,374,357,94016,2,0,0,2,21
2020-06-25,US,North Carolina,New Hanover,715,5,0,34.25758282,-77.87075626,37129.0,304.93916143863044,0.6993006993006993,710,715,5,0,710,611,232274,0,0,0,0,104
2020-06-25,US,North Carolina,Northampton,191,15,0,36.41736238,-77.39769443,37131.0,980.3418364728224,7.853403141361255,176,191,15,0,176,190,19676,0,0,0,0,1
2020-06-25,US,North Carolina,Onslow,229,3,0,34.72607366,-77.42908179,37133.0,115.69279269266134,1.310043668122271,226,224,3,0,221,215,197683,5,0,0,5,9
2020-06-25,US,North Carolina,Orange,578,41,0,36.06092947,-79.12167935,37135.0,389.2885045394542,7.093425605536332,537,568,41,0,527,546,146027,10,0,0,10,22
2020-06-25,US,North Carolina,Pamlico,18,0,0,35.15253315,-76.66559823,37137.0,141.44271570014143,0.0,18,16,0,0,16,17,12670,2,0,0,2,-1
2020-06-25,US,North Carolina,Pasquotank,172,15,0,36.26723798,-76.25134778,37139.0,431.9003615910004,8.720930232558139,157,172,15,0,157,168,39639,0,0,0,0,4
2020-06-25,US,North Carolina,Pender,213,1,0,34.52265624,-77.90352133,37141.0,337.77354900095145,0.4694835680751174,212,197,1,0,196,182,62162,16,0,0,16,15
2020-06-25,US,North Carolina,Perquimans,32,2,0,36.17847453,-76.40603143,37143.0,237.68847953650746,6.25,30,32,2,0,30,30,13422,0,0,0,0,2
2020-06-25,US,North Carolina,Person,97,1,0,36.38989032,-78.97217358,37145.0,245.63180552038486,1.0309278350515465,96,97,1,0,96,96,39507,0,0,0,0,1
2020-06-25,US,North Carolina,Pitt,617,6,0,35.59535426,-77.37353178,37147.0,341.370572418143,0.9724473257698542,611,602,6,0,596,579,179914,15,0,0,15,23
2020-06-25,US,North Carolina,Polk,67,4,0,35.27820615,-82.16812354,37149.0,323.29666087627874,5.970149253731344,63,67,4,0,63,67,20611,0,0,0,0,0
2020-06-25,US,North Carolina,Randolph,1090,28,0,35.71015088,-79.80570339,37151.0,758.6989357333277,2.568807339449541,1062,1089,28,0,1061,1068,143351,1,0,0,1,21
2020-06-25,US,North Carolina,Richmond,246,5,0,35.00417719,-79.74491009,37153.0,548.7519239777822,2.0325203252032518,241,242,5,0,237,234,44887,4,0,0,4,8
2020-06-25,US,North Carolina,Robeson,1205,38,0,34.64244496,-79.10250529999998,37155.0,922.488038277512,3.1535269709543567,1167,1205,38,0,1167,1160,131831,0,0,0,0,45
2020-06-25,US,North Carolina,Rockingham,179,2,0,36.39593137,-79.77504841,37157.0,196.68168333150203,1.11731843575419,177,179,2,0,177,173,90690,0,0,0,0,6
2020-06-25,US,North Carolina,Rowan,1088,41,0,35.64003916,-80.52446628,37159.0,765.7226507516467,3.7683823529411766,1047,1076,40,0,1036,1037,141262,12,1,0,11,39
2020-06-25,US,North Carolina,Rutherford,269,9,0,35.40114178,-81.92112099,37161.0,401.3188321472795,3.3457249070631967,260,269,9,0,260,263,66826,0,0,0,0,6
2020-06-25,US,North Carolina,Sampson,947,6,0,34.98820368,-78.36914061,37163.0,1490.6108828760764,0.6335797254487856,941,940,6,0,934,907,63626,7,0,0,7,33
2020-06-25,US,North Carolina,Scotland,130,1,0,34.8386299,-79.4757978,37165.0,373.316486230365,0.7692307692307693,129,129,1,0,128,124,34810,1,0,0,1,5
2020-06-25,US,North Carolina,Stanly,308,5,0,35.31647813,-80.25093221,37167.0,490.3990064643505,1.6233766233766234,303,298,5,0,293,282,62075,10,0,0,10,16
2020-06-25,US,North Carolina,Stokes,115,1,0,36.4017975,-80.23893369,37169.0,252.24276721282712,0.8695652173913043,114,112,1,0,111,110,45467,3,0,0,3,2
2020-06-25,US,North Carolina,Surry,418,2,0,36.41689489,-80.69102283,37171.0,582.3105749272112,0.4784688995215311,416,413,2,0,411,392,71948,5,0,0,5,21
2020-06-25,US,North Carolina,Swain,50,0,0,35.48665845,-83.48748932,37173.0,350.36087169784884,0.0,50,50,0,0,50,42,14245,0,0,0,0,8
2020-06-25,US,North Carolina,Transylvania,19,1,0,35.20383864,-82.79638423,37175.0,55.25665261014977,5.2631578947368425,18,19,1,0,18,19,34215,0,0,0,0,0
2020-06-25,US,North Carolina,Tyrrell,7,0,0,35.87147226,-76.17055253,37177.0,174.30278884462155,0.0,7,6,0,0,6,5,4131,1,0,0,1,1
2020-06-25,US,North Carolina,Union,1042,24,0,34.98960527,-80.52955873,37179.0,434.42188952676366,2.3032629558541267,1018,1032,24,0,1008,965,235908,10,0,0,10,67
2020-06-25,US,North Carolina,Vance,486,36,0,36.36880673,-78.40670845,37181.0,1091.2765240821823,7.407407407407407,450,475,35,0,440,462,44582,11,1,0,10,13
2020-06-25,US,North Carolina,Wake,4347,44,0,35.78879266,-78.65249174,37183.0,391.00130333767777,1.0121923165401423,4303,4333,44,0,4289,4106,1092305,14,0,0,14,227
2020-06-25,US,North Carolina,Warren,154,5,0,36.39728256,-78.10652228,37185.0,780.4976939840858,3.2467532467532467,149,154,5,0,149,150,19807,0,0,0,0,4
2020-06-25,US,North Carolina,Washington,37,3,0,35.83810081,-76.57299037,37187.0,319.5164075993092,8.108108108108109,34,37,3,0,34,37,11859,0,0,0,0,0
2020-06-25,US,North Carolina,Watauga,51,0,0,36.23103603,-81.70033724,37189.0,90.7844847535468,0.0,51,51,0,0,51,50,55945,0,0,0,0,1
2020-06-25,US,North Carolina,Wayne,1712,24,0,35.36438125,-78.00027268,37191.0,1390.3890977901583,1.4018691588785046,1688,1703,24,0,1679,1673,123248,9,0,0,9,30
2020-06-25,US,North Carolina,Wilkes,561,6,0,36.2084135,-81.16232895,37193.0,820.0315734081739,1.0695187165775402,555,560,6,0,554,557,68557,1,0,0,1,3
2020-06-25,US,North Carolina,Wilson,665,18,0,35.70625477,-77.917978,37195.0,812.9484969621399,2.7067669172932325,647,655,18,0,637,622,81455,10,0,0,10,33
2020-06-25,US,North Carolina,Yadkin,295,4,0,36.16222629,-80.66239436,37197.0,783.1789099211511,1.3559322033898304,291,287,4,0,283,284,37543,8,0,0,8,3
2020-06-25,US,North Carolina,Yancey,43,0,0,35.90079156,-82.31237181,37199.0,237.97664508273843,0.0,43,41,0,0,41,35,17903,2,0,0,2,6
2020-06-25,US,North Dakota,Barnes,18,0,0,46.93579637,-98.06605978,38003.0,172.8276524243879,0.0,18,18,0,0,18,18,10542,0,0,0,0,0
2020-06-25,US,North Dakota,Benson,3,0,0,48.0683985,-99.35916363,38005.0,43.911007025761116,0.0,3,3,0,0,3,3,6962,0,0,0,0,0
2020-06-25,US,North Dakota,Billings,1,0,0,47.02366884,-103.3762965,38007.0,107.75862068965515,0.0,1,1,0,0,1,1,919,0,0,0,0,0
2020-06-25,US,North Dakota,Bottineau,5,0,0,48.79106111,-100.8378166,38009.0,79.59248646927729,0.0,5,5,0,0,5,5,6411,0,0,0,0,0
2020-06-25,US,North Dakota,Bowman,1,0,0,46.11285362,-103.5203343,38011.0,33.06878306878307,0.0,1,1,0,0,1,1,3076,0,0,0,0,0
2020-06-25,US,North Dakota,Burke,5,0,0,48.79094471,-102.51821170000001,38013.0,236.40661938534282,0.0,5,5,0,0,5,5,2100,0,0,0,0,0
2020-06-25,US,North Dakota,Burleigh,217,0,0,46.97847375,-100.46452140000001,38015.0,226.92573149561835,0.0,217,214,0,0,214,202,95273,3,0,0,3,12
2020-06-25,US,North Dakota,Cass,2171,65,0,46.93201724,-97.24447190000001,38017.0,1193.3620267915546,2.9940119760479043,2106,2165,65,0,2100,2146,181516,6,0,0,6,19
2020-06-25,US,North Dakota,Cavalier,2,0,0,48.77286211,-98.46685243,38019.0,53.163211057947905,0.0,2,2,0,0,2,3,3829,0,0,0,0,-1
2020-06-25,US,North Dakota,Dickey,4,0,0,46.11017712,-98.50490079999999,38021.0,82.10180623973726,0.0,4,4,0,0,4,4,4903,0,0,0,0,0
2020-06-25,US,North Dakota,Divide,1,0,0,48.814938700000006,-103.48736109999999,38023.0,44.16961130742049,0.0,1,1,0,0,1,1,2283,0,0,0,0,0
2020-06-25,US,North Dakota,Dunn,13,0,0,47.35423935,-102.61604679999999,38025.0,293.8517179023508,0.0,13,13,0,0,13,13,4332,0,0,0,0,0
2020-06-25,US,North Dakota,Eddy,5,0,0,47.71701474,-98.90432337,38027.0,218.62702229995628,0.0,5,5,0,0,5,5,2313,0,0,0,0,0
2020-06-25,US,North Dakota,Emmons,4,1,0,46.28398398,-100.2389766,38029.0,123.41869793273679,25.0,3,4,1,0,3,4,3295,0,0,0,0,0
2020-06-25,US,North Dakota,Foster,2,0,0,47.457108399999996,-98.88279923,38031.0,62.305295950155774,0.0,2,2,0,0,2,2,3216,0,0,0,0,0
2020-06-25,US,North Dakota,Grand Forks,373,4,0,47.92093639,-97.45450447,38035.0,537.0693006580179,1.0723860589812333,369,366,4,0,362,365,70770,7,0,0,7,1
2020-06-25,US,North Dakota,Grant,2,0,0,46.35821257,-101.63900129999999,38037.0,87.95074758135445,0.0,2,2,0,0,2,2,2374,0,0,0,0,0
2020-06-25,US,North Dakota,Griggs,2,0,0,47.45785838,-98.23850925,38039.0,89.64589870013447,0.0,2,2,0,0,2,2,2232,0,0,0,0,0
2020-06-25,US,North Dakota,Kidder,2,0,0,46.97830064,-99.77507857,38043.0,80.64516129032258,0.0,2,2,0,0,2,2,2450,0,0,0,0,0
2020-06-25,US,North Dakota,LaMoure,11,0,0,46.45681054,-98.53542355,38045.0,271.8734552644587,0.0,11,11,0,0,11,11,4062,0,0,0,0,0
2020-06-25,US,North Dakota,McHenry,3,1,0,48.23104458,-100.6324822,38049.0,52.219321148825074,33.333333333333336,2,3,1,0,2,3,5816,0,0,0,0,0
2020-06-25,US,North Dakota,McIntosh,1,0,0,46.11182017,-99.44145858,38051.0,40.04805766920305,0.0,1,1,0,0,1,1,2585,0,0,0,0,0
2020-06-25,US,North Dakota,McKenzie,27,0,0,47.74133370000001,-103.395905,38053.0,179.71246006389774,0.0,27,25,0,0,25,24,13632,2,0,0,2,1
2020-06-25,US,North Dakota,McLean,11,0,0,47.60766714,-101.3182418,38055.0,116.40211640211642,0.0,11,11,0,0,11,11,9541,0,0,0,0,0
2020-06-25,US,North Dakota,Mercer,6,0,0,47.31213126,-101.8318399,38057.0,73.28691828508613,0.0,6,6,0,0,6,6,8267,0,0,0,0,0
2020-06-25,US,North Dakota,Morton,73,2,0,46.71681782,-101.2822377,38059.0,232.75092462696082,2.7397260273972597,71,72,2,0,70,70,31095,1,0,0,1,2
2020-06-25,US,North Dakota,Mountrail,43,0,0,48.20197971,-102.3555315,38061.0,407.77619724988153,0.0,43,43,0,0,43,43,10218,0,0,0,0,0
2020-06-25,US,North Dakota,Nelson,1,0,0,47.9226426,-98.19038437,38063.0,34.734282737061484,0.0,1,1,0,0,1,1,2869,0,0,0,0,0
2020-06-25,US,North Dakota,Oliver,1,0,0,47.11530482,-101.3406158,38065.0,51.046452271567134,0.0,1,1,0,0,1,1,1952,0,0,0,0,0
2020-06-25,US,North Dakota,Pembina,9,0,0,48.76623521,-97.5523809,38067.0,132.33348037053378,0.0,9,9,0,0,9,7,6947,0,0,0,0,2
2020-06-25,US,North Dakota,Pierce,4,0,0,48.24977025,-99.96407787,38069.0,100.62893081761007,0.0,4,4,0,0,4,4,4081,0,0,0,0,0
2020-06-25,US,North Dakota,Ramsey,10,1,0,48.26886249,-98.72223879,38071.0,86.81309141418525,10.0,9,11,1,0,10,9,11481,-1,0,0,-1,2
2020-06-25,US,North Dakota,Ransom,16,0,0,46.45621782,-97.65742504,38073.0,306.63089306247605,0.0,16,16,0,0,16,15,5237,0,0,0,0,1
2020-06-25,US,North Dakota,Renville,4,0,0,48.71982533,-101.6603912,38075.0,171.89514396218308,0.0,4,4,0,0,4,4,2374,0,0,0,0,0
2020-06-25,US,North Dakota,Richland,41,0,0,46.26440649,-96.94852979,38077.0,253.4462508499722,0.0,41,39,0,0,39,39,16239,2,0,0,2,0
2020-06-25,US,North Dakota,Rolette,10,0,0,48.77245354,-99.84097493,38079.0,70.54176072234762,0.0,10,9,0,0,9,9,14301,1,0,0,1,0
2020-06-25,US,North Dakota,Sargent,5,0,0,46.10830372,-97.63217159,38081.0,128.27090815802975,0.0,5,4,0,0,4,4,3870,1,0,0,1,0
2020-06-25,US,North Dakota,Sheridan,1,0,0,47.57700669,-100.3426391,38083.0,76.04562737642586,0.0,1,1,0,0,1,1,1349,0,0,0,0,0
2020-06-25,US,North Dakota,Sioux,20,0,0,46.11323337,-101.04401490000001,38085.0,472.81323877068564,0.0,20,20,0,0,20,19,4358,0,0,0,0,1
2020-06-25,US,North Dakota,Slope,3,0,0,46.44737738,-103.4601547,38087.0,400.0,0.0,3,3,0,0,3,3,763,0,0,0,0,0
2020-06-25,US,North Dakota,Stark,70,2,0,46.80851182,-102.65763259999999,38089.0,222.29985074152881,2.8571428571428568,68,68,2,0,66,68,30997,2,0,0,2,0
2020-06-25,US,North Dakota,Steele,1,0,0,47.45611548,-97.72728747,38091.0,52.91005291005291,0.0,1,1,0,0,1,1,1903,0,0,0,0,0
2020-06-25,US,North Dakota,Stutsman,62,1,0,46.97962541,-98.95637318,38093.0,299.4590417310665,1.6129032258064515,61,62,1,0,61,62,20917,0,0,0,0,0
2020-06-25,US,North Dakota,Traill,15,0,0,47.45367788,-97.16323288,38097.0,186.66002986560483,0.0,15,15,0,0,15,15,8037,0,0,0,0,0
2020-06-25,US,North Dakota,Walsh,20,0,0,48.36876964,-97.72574783,38099.0,187.952260125928,0.0,20,19,0,0,19,17,10667,1,0,0,1,2
2020-06-25,US,North Dakota,Ward,58,1,0,48.22390169,-101.54367629999999,38101.0,85.74681036649368,1.7241379310344829,57,54,1,0,53,54,67744,4,0,0,4,0
2020-06-25,US,North Dakota,Wells,8,0,0,47.58614526,-99.65904998,38103.0,208.65936358894103,0.0,8,8,0,0,8,8,3957,0,0,0,0,0
2020-06-25,US,North Dakota,Williams,28,0,0,48.34522353,-103.4793387,38105.0,74.48987735773764,0.0,28,26,0,0,26,26,35350,2,0,0,2,0
2020-06-25,US,Ohio,Adams,20,1,0,38.84541072,-83.4718964,39001.0,72.20737959419452,5.0,19,19,1,0,18,19,27724,1,0,0,1,0
2020-06-25,US,Ohio,Allen,261,38,0,40.77285242,-84.10802343,39003.0,255.00483629861947,14.559386973180075,223,257,38,0,219,255,102663,4,0,0,4,2
2020-06-25,US,Ohio,Ashland,46,0,0,40.84772277,-82.27280781,39005.0,86.0070301398549,0.0,46,45,0,0,45,44,53745,1,0,0,1,1
2020-06-25,US,Ohio,Ashtabula,413,42,0,41.70860332,-80.74830218,39007.0,424.7179687580342,10.169491525423727,371,412,42,0,370,411,97493,1,0,0,1,1
2020-06-25,US,Ohio,Athens,29,1,0,39.33425634,-82.04278644,39009.0,44.39205841382583,3.4482758620689653,28,28,1,0,27,26,65818,1,0,0,1,2
2020-06-25,US,Ohio,Auglaize,93,3,0,40.55998859,-84.22421429999999,39011.0,203.69721394778338,3.2258064516129035,90,91,3,0,88,91,45804,2,0,0,2,0
2020-06-25,US,Ohio,Belmont,516,21,0,40.01625942,-80.9924051,39013.0,770.0802913171955,4.069767441860465,495,506,21,0,485,500,67505,10,0,0,10,6
2020-06-25,US,Ohio,Brown,50,1,0,38.93416837,-83.86788395,39015.0,115.12249032971079,2.0,49,47,1,0,46,45,43602,3,0,0,3,2
2020-06-25,US,Ohio,Butler,1301,41,0,39.44012838,-84.57388716,39017.0,339.56787964524165,3.151421983089931,1260,1269,40,0,1229,1248,382378,32,1,0,31,21
2020-06-25,US,Ohio,Carroll,46,3,0,40.5789686,-81.09178213,39019.0,170.9147655495281,6.521739130434782,43,43,3,0,40,42,27081,3,0,0,3,1
2020-06-25,US,Ohio,Champaign,37,1,0,40.13923427,-83.76875242,39021.0,95.15237238009516,2.702702702702702,36,37,1,0,36,37,38754,0,0,0,0,0
2020-06-25,US,Ohio,Clark,703,8,0,39.91592258,-83.78498252,39023.0,524.3021113787729,1.1379800853485065,695,697,8,0,689,688,134585,6,0,0,6,9
2020-06-25,US,Ohio,Clermont,300,6,0,39.04847534,-84.15375786,39025.0,145.32912201833085,2.0,294,294,6,0,288,288,205466,6,0,0,6,6
2020-06-25,US,Ohio,Clinton,55,0,0,39.41485808,-83.80852286,39027.0,131.05223027068243,0.0,55,55,0,0,55,55,42057,0,0,0,0,0
2020-06-25,US,Ohio,Columbiana,1033,59,0,40.76932373,-80.78094576,39029.0,1013.9081102833644,5.711519845111326,974,984,60,0,924,983,102665,49,-1,0,50,1
2020-06-25,US,Ohio,Coshocton,64,0,0,40.30096166,-81.91729018,39031.0,174.8633879781421,0.0,64,64,0,0,64,60,36629,0,0,0,0,4
2020-06-25,US,Ohio,Crawford,126,5,0,40.85065156,-82.91989099,39033.0,303.6583602448547,3.968253968253968,121,125,5,0,120,125,41550,1,0,0,1,0
2020-06-25,US,Ohio,Cuyahoga,6111,346,0,41.424119,-81.65918339,39035.0,494.7889677686807,5.661921125838653,5765,5964,343,0,5621,5820,1243857,147,3,0,144,144
2020-06-25,US,Ohio,Darke,230,25,0,40.13412966,-84.6194517,39037.0,449.98337017979765,10.869565217391305,205,228,25,0,203,228,51323,2,0,0,2,0
2020-06-25,US,Ohio,Defiance,43,3,0,41.32398837,-84.49076944,39039.0,112.89941449838528,6.9767441860465125,40,43,3,0,40,43,38165,0,0,0,0,0
2020-06-25,US,Ohio,Delaware,449,15,0,40.27942393,-83.00457058,39041.0,214.6507503214981,3.3407572383073503,434,441,15,0,426,439,204826,8,0,0,8,2
2020-06-25,US,Ohio,Erie,221,22,0,41.36796058,-82.62904521,39043.0,297.57897288126463,9.954751131221721,199,219,22,0,197,218,74615,2,0,0,2,1
2020-06-25,US,Ohio,Fairfield,438,15,0,39.75107189,-82.63088163,39045.0,277.96463883635624,3.4246575342465757,423,433,15,0,418,426,155782,5,0,0,5,7
2020-06-25,US,Ohio,Fayette,45,0,0,39.56021306,-83.4562016,39047.0,157.75635407537246,0.0,45,45,0,0,45,45,28666,0,0,0,0,0
2020-06-25,US,Ohio,Franklin,8310,378,0,39.96995815,-83.01115755,39049.0,631.0964218123935,4.5487364620938635,7932,8144,376,0,7768,8029,1310300,166,2,0,164,115
2020-06-25,US,Ohio,Fulton,54,0,0,41.60213491,-84.12571393,39051.0,128.18686796752598,0.0,54,54,0,0,54,54,42276,0,0,0,0,0
2020-06-25,US,Ohio,Gallia,9,1,0,38.82708533,-82.31647569,39053.0,30.102347983142685,11.111111111111109,8,9,1,0,8,9,29979,0,0,0,0,0
2020-06-25,US,Ohio,Geauga,372,41,0,41.49952319,-81.17935342,39055.0,397.22794690813566,11.021505376344088,331,369,40,0,329,363,94031,3,1,0,2,6
2020-06-25,US,Ohio,Greene,187,9,0,39.69116283,-83.89032084,39057.0,110.69215151210214,4.81283422459893,178,183,9,0,174,177,167995,4,0,0,4,6
2020-06-25,US,Ohio,Guernsey,49,3,0,40.05026529,-81.49248905,39059.0,126.04501607717043,6.1224489795918355,46,47,3,0,44,46,39022,2,0,0,2,1
2020-06-25,US,Ohio,Hamilton,4337,191,0,39.19673558,-84.54502924,39061.0,530.5374000119882,4.403965875028822,4146,4189,189,0,4000,4098,816684,148,2,0,146,91
2020-06-25,US,Ohio,Hancock,68,1,0,41.00250487,-83.66838948,39063.0,89.72988665004023,1.4705882352941178,67,65,1,0,64,64,75930,3,0,0,3,1
2020-06-25,US,Ohio,Hardin,108,11,0,40.66015414,-83.65929931,39065.0,344.33285509325685,10.185185185185183,97,107,11,0,96,107,31480,1,0,0,1,0
2020-06-25,US,Ohio,Harrison,12,1,0,40.29380509,-81.09068544,39067.0,79.78723404255321,8.333333333333334,11,12,1,0,11,11,15174,0,0,0,0,1
2020-06-25,US,Ohio,Henry,23,0,0,41.3339642,-84.06830637,39069.0,85.16625934977412,0.0,23,23,0,0,23,23,27086,0,0,0,0,0
2020-06-25,US,Ohio,Highland,39,1,0,39.1839264,-83.60331456,39071.0,90.35935219295195,2.5641025641025643,38,39,1,0,38,39,43058,0,0,0,0,0
2020-06-25,US,Ohio,Hocking,75,7,0,39.49537927,-82.47991446,39073.0,265.35522219077274,9.333333333333334,68,74,7,0,67,74,28385,1,0,0,1,0
2020-06-25,US,Ohio,Holmes,169,3,0,40.56163713,-81.92635677,39075.0,384.4404003639672,1.7751479289940828,166,162,3,0,159,152,43892,7,0,0,7,10
2020-06-25,US,Ohio,Huron,144,1,0,41.14651175,-82.59867951,39077.0,247.14241581711465,0.6944444444444444,143,129,1,0,128,127,58504,15,0,0,15,2
2020-06-25,US,Ohio,Jackson,17,0,0,39.01914254,-82.61818559999998,39079.0,52.4480918150125,0.0,17,16,0,0,16,16,32384,1,0,0,1,0
2020-06-25,US,Ohio,Jefferson,75,2,0,40.38614126,-80.76259514,39081.0,114.81056257175659,2.6666666666666665,73,74,2,0,72,74,65767,1,0,0,1,0
2020-06-25,US,Ohio,Knox,36,1,0,40.39830217,-82.42027563,39083.0,57.76451333397515,2.7777777777777777,35,34,1,0,33,34,61893,2,0,0,2,0
2020-06-25,US,Ohio,Lake,390,17,0,41.69710807,-81.23676539,39085.0,169.45543973686608,4.3589743589743595,373,381,14,0,367,373,230514,9,3,0,6,8
2020-06-25,US,Ohio,Lawrence,55,0,0,38.59743452,-82.53466552,39087.0,92.49449237340868,0.0,55,52,0,0,52,48,59866,3,0,0,3,4
2020-06-25,US,Ohio,Licking,351,11,0,40.09136236,-82.48185785,39089.0,198.45981612782847,3.133903133903134,340,344,11,0,333,340,175769,7,0,0,7,4
2020-06-25,US,Ohio,Logan,51,0,0,40.38996525,-83.76784341,39091.0,111.6657908565423,0.0,51,50,0,0,50,50,45358,1,0,0,1,0
2020-06-25,US,Ohio,Lorain,889,67,0,41.29553751,-82.15083537,39093.0,286.9287648507422,7.536557930258717,822,878,66,0,812,867,309461,11,1,0,10,11
2020-06-25,US,Ohio,Lucas,2534,299,0,41.62101218,-83.65468618,39095.0,591.5750744721581,11.799526440410418,2235,2527,299,0,2228,2516,429899,7,0,0,7,11
2020-06-25,US,Ohio,Madison,179,8,0,39.89381073,-83.40178317,39097.0,400.16990454047533,4.46927374301676,171,177,8,0,169,176,44413,2,0,0,2,1
2020-06-25,US,Ohio,Mahoning,1682,227,0,41.01631101,-80.77287029,39099.0,735.5159762640861,13.495838287752676,1455,1680,226,0,1454,1669,229642,2,1,0,1,11
2020-06-25,US,Ohio,Marion,2717,36,0,40.58610662,-83.15736305,39101.0,4174.027929270428,1.3249907986750091,2681,2714,35,0,2679,2713,65256,3,1,0,2,1
2020-06-25,US,Ohio,Medina,441,31,0,41.11770589,-81.89986209999998,39103.0,245.34621076407817,7.029478458049887,410,434,31,0,403,426,179146,7,0,0,7,8
2020-06-25,US,Ohio,Meigs,10,0,0,39.09224872,-82.0305041,39105.0,43.654778015453786,0.0,10,9,0,0,9,9,23106,1,0,0,1,0
2020-06-25,US,Ohio,Mercer,259,8,0,40.54043046,-84.62912742,39107.0,629.0682988438745,3.088803088803089,251,259,8,0,251,258,40959,0,0,0,0,1
2020-06-25,US,Ohio,Miami,413,30,0,40.0543329,-84.22871271,39109.0,386.02820903474253,7.2639225181598075,383,411,30,0,381,410,106222,2,0,0,2,1
2020-06-25,US,Ohio,Monroe,83,16,0,39.72984936,-81.08464734,39111.0,607.8804745862019,19.27710843373494,67,83,16,0,67,83,13790,0,0,0,0,0
2020-06-25,US,Ohio,Montgomery,1465,22,0,39.75394919,-84.29050975,39113.0,275.53805152279443,1.501706484641638,1443,1392,21,0,1371,1345,532331,73,1,0,72,47
2020-06-25,US,Ohio,Morgan,6,0,0,39.62081738,-81.85308173,39115.0,41.356492969396186,0.0,6,6,0,0,6,6,14604,0,0,0,0,0
2020-06-25,US,Ohio,Morrow,111,1,0,40.52363560000001,-82.7892599,39117.0,314.1983695652174,0.9009009009009008,110,110,1,0,109,110,35112,1,0,0,1,0
2020-06-25,US,Ohio,Muskingum,71,1,0,39.96575964,-81.94363275,39119.0,82.35225888766456,1.4084507042253518,70,69,1,0,68,67,86183,2,0,0,2,2
2020-06-25,US,Ohio,Noble,6,0,0,39.76818851,-81.45937183,39121.0,41.59733777038269,0.0,6,6,0,0,6,6,14354,0,0,0,0,0
2020-06-25,US,Ohio,Ottawa,124,23,0,41.53781826,-83.0940185,39123.0,305.9839605181986,18.548387096774192,101,123,22,0,101,122,40769,1,1,0,0,1
2020-06-25,US,Ohio,Paulding,22,0,0,41.11676341,-84.5801017,39125.0,117.8234790059983,0.0,22,21,0,0,21,21,18760,1,0,0,1,0
2020-06-25,US,Ohio,Perry,26,1,0,39.73508655,-82.23804971,39127.0,71.95439198538773,3.8461538461538463,25,26,1,0,25,26,36033,0,0,0,0,0
2020-06-25,US,Ohio,Pickaway,2150,41,0,39.64170392,-83.0243386,39129.0,3677.917101459192,1.9069767441860463,2109,2148,41,0,2107,2144,58086,2,0,0,2,4
2020-06-25,US,Ohio,Pike,19,0,0,39.07634001,-83.06769584,39131.0,68.41423015987326,0.0,19,17,0,0,17,17,28067,2,0,0,2,0
2020-06-25,US,Ohio,Portage,382,58,0,41.16793482,-81.19735782,39133.0,235.126118695604,15.183246073298431,324,379,58,0,321,371,162927,3,0,0,3,8
2020-06-25,US,Ohio,Preble,55,1,0,39.7420247,-84.64787018,39135.0,134.53353554131402,1.818181818181818,54,51,1,0,50,51,40997,4,0,0,4,0
2020-06-25,US,Ohio,Putnam,107,15,0,41.02094889,-84.1336111,39137.0,315.99775552996067,14.018691588785044,92,106,15,0,91,105,33780,1,0,0,1,1
2020-06-25,US,Ohio,Richland,296,4,0,40.77180308,-82.53799609999999,39139.0,244.31715007346023,1.351351351351351,292,285,4,0,281,280,121099,11,0,0,11,5
2020-06-25,US,Ohio,Ross,89,2,0,39.33705391,-83.06000914,39141.0,116.08796598231291,2.247191011235955,87,87,2,0,85,86,76931,2,0,0,2,1
2020-06-25,US,Ohio,Sandusky,112,13,0,41.35624126,-83.137872,39143.0,191.39410096038827,11.607142857142858,99,110,13,0,97,110,58799,2,0,0,2,0
2020-06-25,US,Ohio,Scioto,28,0,0,38.80270163,-82.98907345,39145.0,37.17768276814404,0.0,28,28,0,0,28,27,75502,0,0,0,0,1
2020-06-25,US,Ohio,Seneca,31,2,0,41.12351311,-83.12783209,39147.0,56.181811591576356,6.451612903225807,29,31,2,0,29,32,55207,0,0,0,0,-1
2020-06-25,US,Ohio,Shelby,55,4,0,40.33163494,-84.20258189,39149.0,113.19201481786376,7.272727272727272,51,52,4,0,48,52,48627,3,0,0,3,0
2020-06-25,US,Ohio,Stark,977,107,0,40.81482476,-81.36437305,39151.0,263.62228350323517,10.951893551688842,870,963,107,0,856,960,371574,14,0,0,14,3
2020-06-25,US,Ohio,Summit,1839,202,0,41.12464734,-81.53123079,39153.0,339.91789476408144,10.984230560087004,1637,1809,202,0,1607,1796,541918,30,0,0,30,13
2020-06-25,US,Ohio,Trumbull,771,57,0,41.31735028,-80.76109643,39155.0,389.445078646691,7.3929961089494185,714,756,56,0,700,742,198627,15,1,0,14,14
2020-06-25,US,Ohio,Tuscarawas,454,10,0,40.44214695,-81.47226262,39157.0,493.5480013480166,2.202643171806167,444,449,10,0,439,444,92176,5,0,0,5,5
2020-06-25,US,Ohio,Union,73,1,0,40.30016061,-83.37239023,39159.0,123.75398386112431,1.3698630136986298,72,73,1,0,72,73,57835,0,0,0,0,0
2020-06-25,US,Ohio,Van Wert,20,0,0,40.8554138,-84.59111700000003,39161.0,70.7338638373121,0.0,20,19,0,0,19,18,28281,1,0,0,1,1
2020-06-25,US,Ohio,Vinton,22,2,0,39.25208988,-82.4831444,39163.0,168.13144822315633,9.090909090909092,20,22,2,0,20,22,13139,0,0,0,0,0
2020-06-25,US,Ohio,Warren,649,20,0,39.42581994,-84.16557457,39165.0,276.63873283262717,3.0816640986132517,629,629,20,0,609,614,232173,20,0,0,20,15
2020-06-25,US,Ohio,Washington,120,20,0,39.45690571,-81.49121382,39167.0,200.29710737594098,16.666666666666668,100,120,20,0,100,120,60155,0,0,0,0,0
2020-06-25,US,Ohio,Wayne,343,52,0,40.82925852,-81.88844833,39169.0,296.4307320024198,15.160349854227405,291,338,52,0,286,332,115967,5,0,0,5,6
2020-06-25,US,Ohio,Williams,60,1,0,41.56052014,-84.58429552,39171.0,163.5233838438897,1.6666666666666667,59,60,1,0,59,60,36804,0,0,0,0,0
2020-06-25,US,Ohio,Wood,345,51,0,41.36224827,-83.62285108,39173.0,263.72719142007537,14.782608695652176,294,344,51,0,293,342,130696,1,0,0,1,2
2020-06-25,US,Ohio,Wyandot,55,4,0,40.84339621,-83.30734173,39175.0,252.6180415212199,7.272727272727272,51,55,4,0,51,55,21935,0,0,0,0,0
2020-06-25,US,Oklahoma,Adair,111,4,0,35.88494195,-94.65859267,40001.0,500.13517166801836,3.603603603603604,107,110,4,0,106,110,22082,1,0,0,1,0
2020-06-25,US,Oklahoma,Alfalfa,1,0,0,36.73090616,-98.32408495,40003.0,17.5377060680463,0.0,1,1,0,0,1,1,5754,0,0,0,0,0
2020-06-25,US,Oklahoma,Atoka,14,0,0,34.37366573,-96.03802487,40005.0,101.75897659543541,0.0,14,14,0,0,14,14,13838,0,0,0,0,0
2020-06-25,US,Oklahoma,Beaver,30,0,0,36.7496847,-100.4758872,40007.0,564.865373752589,0.0,30,30,0,0,30,30,5319,0,0,0,0,0
2020-06-25,US,Oklahoma,Beckham,12,0,0,35.26862449,-99.68128023,40009.0,54.897296308156825,0.0,12,11,0,0,11,9,21709,1,0,0,1,2
2020-06-25,US,Oklahoma,Blaine,14,0,0,35.87518314,-98.43307003,40011.0,148.47809948032662,0.0,14,14,0,0,14,14,9485,0,0,0,0,0
2020-06-25,US,Oklahoma,Bryan,78,1,0,33.96472458,-96.25903472,40013.0,162.51692884675487,1.2820512820512822,77,75,1,0,74,72,47192,3,0,0,3,3
2020-06-25,US,Oklahoma,Caddo,182,10,0,35.17364557,-98.37534464,40015.0,632.7793616577428,5.494505494505495,172,182,10,0,172,181,28977,0,0,0,0,1
2020-06-25,US,Oklahoma,Canadian,227,3,0,35.5426055,-97.98465569,40017.0,153.06191253219694,1.3215859030837005,224,218,3,0,215,207,144447,9,0,0,9,11
2020-06-25,US,Oklahoma,Carter,80,1,0,34.25103751,-97.28552485,40019.0,166.2821392197211,1.25,79,75,1,0,74,74,48177,5,0,0,5,1
2020-06-25,US,Oklahoma,Cherokee,70,1,0,35.90692775,-94.99980896,40021.0,143.86419220256082,1.4285714285714286,69,68,1,0,67,66,48675,2,0,0,2,2
2020-06-25,US,Oklahoma,Choctaw,108,1,0,34.02807439,-95.54771129,40023.0,736.0959651035988,0.925925925925926,107,108,1,0,107,108,14668,0,0,0,0,0
2020-06-25,US,Oklahoma,Cimarron,1,0,0,36.74817177,-102.5173885,40025.0,46.79457182966776,0.0,1,1,0,0,1,1,2153,0,0,0,0,0
2020-06-25,US,Oklahoma,Cleveland,763,40,0,35.20413532,-97.32519562,40027.0,268.6487285838022,5.242463958060289,723,735,40,0,695,711,281669,28,0,0,28,24
2020-06-25,US,Oklahoma,Coal,6,0,0,34.58840127,-96.29798747,40029.0,109.1901728844404,0.0,6,6,0,0,6,6,5520,0,0,0,0,0
2020-06-25,US,Oklahoma,Comanche,383,5,0,34.65973764,-98.47195055,40031.0,317.18689181690945,1.3054830287206267,378,381,5,0,376,377,120422,2,0,0,2,4
2020-06-25,US,Oklahoma,Cotton,5,2,0,34.28845626,-98.37053567,40033.0,88.24567596187786,40.0,3,5,2,0,3,5,5776,0,0,0,0,0
2020-06-25,US,Oklahoma,Craig,19,0,0,36.76268118,-95.20916602,40035.0,134.35157686324422,0.0,19,18,0,0,18,18,14306,1,0,0,1,0
2020-06-25,US,Oklahoma,Creek,129,7,0,35.90230551,-96.37086028,40037.0,180.36408377841786,5.426356589147288,122,128,7,0,121,127,71604,1,0,0,1,1
2020-06-25,US,Oklahoma,Custer,52,0,0,35.63853802,-99.00170785,40039.0,179.2917974002689,0.0,52,51,0,0,51,51,29036,1,0,0,1,0
2020-06-25,US,Oklahoma,Delaware,121,16,0,36.40823634,-94.80325046,40041.0,281.33646446092683,13.223140495867767,105,119,16,0,103,118,42733,2,0,0,2,1
2020-06-25,US,Oklahoma,Dewey,4,0,0,35.98772922,-99.00730714,40043.0,81.78286648947045,0.0,4,4,0,0,4,4,4894,0,0,0,0,0
2020-06-25,US,Oklahoma,Ellis,1,0,0,36.218019399999996,-99.75324573,40045.0,25.91344908007256,0.0,1,1,0,0,1,1,3952,0,0,0,0,0
2020-06-25,US,Oklahoma,Garfield,64,2,0,36.3791334,-97.78265517,40047.0,104.8218029350105,3.125,62,62,2,0,60,60,60913,2,0,0,2,2
2020-06-25,US,Oklahoma,Garvin,54,1,0,34.70418038,-97.30811132,40049.0,194.8684637869438,1.851851851851852,53,52,1,0,51,51,27811,2,0,0,2,1
2020-06-25,US,Oklahoma,Grady,126,5,0,35.0167709,-97.88339847,40051.0,225.6689472364509,3.968253968253968,121,124,5,0,119,125,55551,2,0,0,2,-1
2020-06-25,US,Oklahoma,Grant,2,0,0,36.796296999999996,-97.78638765,40053.0,46.15739672282484,0.0,2,2,0,0,2,2,4326,0,0,0,0,0
2020-06-25,US,Oklahoma,Greer,66,7,0,34.93535801,-99.56056120000001,40055.0,1155.4621848739494,10.606060606060606,59,66,7,0,59,66,5821,0,0,0,0,0
2020-06-25,US,Oklahoma,Harmon,1,0,0,34.7440135,-99.84741652,40057.0,37.69317753486619,0.0,1,1,0,0,1,1,2664,0,0,0,0,0
2020-06-25,US,Oklahoma,Harper,1,0,0,36.78836519,-99.6679804,40059.0,27.11496746203905,0.0,1,1,0,0,1,1,3797,0,0,0,0,0
2020-06-25,US,Oklahoma,Haskell,7,0,0,35.22257600000001,-95.11513306,40061.0,55.436762493070404,0.0,7,7,0,0,7,7,12668,0,0,0,0,0
2020-06-25,US,Oklahoma,Hughes,6,0,0,35.04912569,-96.24921145,40063.0,45.18412531064086,0.0,6,6,0,0,6,5,13335,0,0,0,0,1
2020-06-25,US,Oklahoma,Jackson,34,3,0,34.58781741,-99.41138784,40065.0,138.6057888300041,8.823529411764708,31,33,3,0,30,34,24949,1,0,0,1,-1
2020-06-25,US,Oklahoma,Jefferson,5,0,0,34.11130184,-97.83182974,40067.0,83.30556481172944,0.0,5,4,0,0,4,4,6123,1,0,0,1,0
2020-06-25,US,Oklahoma,Johnston,10,0,0,34.31440473,-96.66011537,40069.0,90.21199819576005,0.0,10,10,0,0,10,10,10949,0,0,0,0,0
2020-06-25,US,Oklahoma,Kay,83,7,0,36.81799745,-97.14421435,40071.0,190.6380633010244,8.433734939759036,76,83,7,0,76,81,44161,0,0,0,0,2
2020-06-25,US,Oklahoma,Kingfisher,24,0,0,35.94530008,-97.94193268,40073.0,152.23596574690768,0.0,24,21,0,0,21,20,15816,3,0,0,3,1
2020-06-25,US,Oklahoma,Kiowa,6,1,0,34.91671958,-98.97720696,40075.0,68.90215893431328,16.666666666666668,5,6,1,0,5,6,8729,0,0,0,0,0
2020-06-25,US,Oklahoma,Latimer,7,1,0,34.87844729,-95.25215049,40077.0,69.49270326615705,14.285714285714285,6,7,1,0,6,7,10231,0,0,0,0,0
2020-06-25,US,Oklahoma,Le Flore,29,1,0,34.89851864,-94.70392124,40079.0,58.17102280705274,3.4482758620689653,28,29,1,0,28,28,49980,0,0,0,0,1
2020-06-25,US,Oklahoma,Lincoln,29,2,0,35.70270942,-96.8812462,40081.0,83.14935344209653,6.896551724137932,27,28,2,0,26,28,34920,1,0,0,1,0
2020-06-25,US,Oklahoma,Logan,37,1,0,35.91899576,-97.44352845,40083.0,77.06567245006353,2.702702702702702,36,35,1,0,34,33,47291,2,0,0,2,2
2020-06-25,US,Oklahoma,Love,27,0,0,33.95273467,-97.23906784,40085.0,263.3375597386131,0.0,27,27,0,0,27,26,10134,0,0,0,0,1
2020-06-25,US,Oklahoma,Major,8,1,0,36.31149996,-98.53467076,40093.0,104.86302267662865,12.5,7,8,1,0,7,8,7644,0,0,0,0,0
2020-06-25,US,Oklahoma,Marshall,25,0,0,34.02311222,-96.76855464,40095.0,147.65814186994268,0.0,25,25,0,0,25,25,16806,0,0,0,0,0
2020-06-25,US,Oklahoma,Mayes,73,4,0,36.30179091,-95.23175116,40097.0,177.6155717761557,5.479452054794519,69,71,4,0,67,70,41107,2,0,0,2,1
2020-06-25,US,Oklahoma,McClain,139,4,0,35.01123903,-97.44572302,40087.0,343.4303503483718,2.8776978417266186,135,133,4,0,129,133,39985,6,0,0,6,0
2020-06-25,US,Oklahoma,McCurtain,385,2,0,34.11664328,-94.77222373,40089.0,1172.6364522417155,0.5194805194805194,383,363,2,0,361,349,32703,22,0,0,22,14
2020-06-25,US,Oklahoma,McIntosh,48,1,0,35.37235506,-95.66599306,40091.0,244.94794856093083,2.083333333333333,47,43,1,0,42,40,19815,5,0,0,5,3
2020-06-25,US,Oklahoma,Murray,15,0,0,34.48116015,-97.06826283,40099.0,106.58708164570456,0.0,15,14,0,0,14,14,13953,1,0,0,1,0
2020-06-25,US,Oklahoma,Muskogee,102,9,0,35.61318461,-95.37802952,40101.0,150.00661793902668,8.823529411764708,93,102,9,0,93,100,68362,0,0,0,0,2
2020-06-25,US,Oklahoma,Noble,34,0,0,36.38953329,-97.22928674,40103.0,305.4532387027221,0.0,34,31,0,0,31,30,11289,3,0,0,3,1
2020-06-25,US,Oklahoma,Nowata,32,1,0,36.79843529,-95.61902331,40105.0,317.5863437872172,3.125,31,32,1,0,31,29,10218,0,0,0,0,3
2020-06-25,US,Oklahoma,Okfuskee,11,0,0,35.46485198,-96.32639984,40107.0,91.72017009922456,0.0,11,11,0,0,11,11,12098,0,0,0,0,0
2020-06-25,US,Oklahoma,Oklahoma,2410,68,0,35.55140095,-97.40716948,40109.0,302.21936862486433,2.8215767634854774,2342,2317,65,0,2252,2230,792582,93,3,0,90,87
2020-06-25,US,Oklahoma,Okmulgee,51,0,0,35.64661916,-95.96432828,40111.0,132.58806707396334,0.0,51,50,0,0,50,48,38335,1,0,0,1,2
2020-06-25,US,Oklahoma,Osage,154,8,0,36.62888819,-96.39635704,40113.0,327.917722462364,5.194805194805196,146,155,8,0,147,146,47014,-1,0,0,-1,9
2020-06-25,US,Oklahoma,Ottawa,44,2,0,36.83532655,-94.81011909,40115.0,141.35637870658914,4.545454545454546,42,43,2,0,41,44,31175,1,0,0,1,-1
2020-06-25,US,Oklahoma,Pawnee,51,2,0,36.31743373,-96.70331759999999,40117.0,311.4313629702002,3.92156862745098,49,51,2,0,49,51,16390,0,0,0,0,0
2020-06-25,US,Oklahoma,Payne,300,1,0,36.07695283,-96.97584944,40119.0,366.81991587596593,0.3333333333333333,299,294,1,0,293,278,82040,6,0,0,6,16
2020-06-25,US,Oklahoma,Pittsburg,52,3,0,34.92065823,-95.75134320000001,40121.0,119.11852293031565,5.769230769230768,49,51,3,0,48,50,43877,1,0,0,1,1
2020-06-25,US,Oklahoma,Pontotoc,33,2,0,34.72959848,-96.68337199,40123.0,86.19788945773693,6.0606060606060606,31,29,2,0,27,28,38247,4,0,0,4,1
2020-06-25,US,Oklahoma,Pottawatomie,91,4,0,35.20614018,-96.94923008,40125.0,125.35816618911173,4.395604395604397,87,89,4,0,85,90,72679,2,0,0,2,-1
2020-06-25,US,Oklahoma,Pushmataha,10,0,0,34.41635232,-95.37603505,40127.0,90.12256669069937,0.0,10,8,0,0,8,8,11179,2,0,0,2,0
2020-06-25,US,Oklahoma,Rogers,145,5,0,36.37004357,-95.60406759,40131.0,156.82626894082782,3.4482758620689653,140,142,5,0,137,132,91984,3,0,0,3,10
2020-06-25,US,Oklahoma,Seminole,36,3,0,35.16478725,-96.61686741,40133.0,148.40465001236706,8.333333333333334,33,35,3,0,32,35,24578,1,0,0,1,0
2020-06-25,US,Oklahoma,Sequoyah,28,3,0,35.49447108,-94.75463785,40135.0,67.35788688686279,10.714285714285714,25,28,3,0,25,27,41179,0,0,0,0,1
2020-06-25,US,Oklahoma,Stephens,52,1,0,34.48556989,-97.85141892,40137.0,120.52940222052244,1.9230769230769231,51,50,1,0,49,49,43265,2,0,0,2,1
2020-06-25,US,Oklahoma,Texas,984,6,0,36.74777635,-101.4889765,40139.0,4924.185557724066,0.6097560975609756,978,983,6,0,977,983,20455,1,0,0,1,0
2020-06-25,US,Oklahoma,Tillman,23,1,0,34.37288446,-98.92426619,40141.0,317.2413793103448,4.3478260869565215,22,23,1,0,22,23,7348,0,0,0,0,0
2020-06-25,US,Oklahoma,Tulsa,2949,66,0,36.11939621,-95.94013939,40143.0,452.6116104317077,2.2380467955239065,2883,2742,66,0,2676,2483,648360,207,0,0,207,259
2020-06-25,US,Oklahoma,Wagoner,226,18,0,35.96024096,-95.51911308,40145.0,278.0203963635917,7.9646017699115035,208,223,18,0,205,216,80110,3,0,0,3,7
2020-06-25,US,Oklahoma,Washington,388,38,0,36.71380786,-95.90514104,40147.0,753.0032798338734,9.793814432989693,350,385,38,0,347,381,51843,3,0,0,3,4
2020-06-25,US,Oklahoma,Washita,3,0,0,35.29071824,-98.99180434,40149.0,27.482594356907292,0.0,3,3,0,0,3,3,11127,0,0,0,0,0
2020-06-25,US,Oklahoma,Woods,5,0,0,36.76705782,-98.86573064,40151.0,56.863414079381336,0.0,5,5,0,0,5,5,8897,0,0,0,0,0
2020-06-25,US,Oklahoma,Woodward,12,0,0,36.42316318,-99.26283045,40153.0,59.373608431052396,0.0,12,12,0,0,12,12,20222,0,0,0,0,0
2020-06-25,US,Oregon,Baker,1,0,0,44.70915557,-117.6749883,41001.0,6.201935003721161,0.0,1,1,0,0,1,1,16006,0,0,0,0,0
2020-06-25,US,Oregon,Benton,76,5,0,44.49167306,-123.4316987,41003.0,81.67388477534307,6.578947368421053,71,70,5,0,65,68,92101,6,0,0,6,2
2020-06-25,US,Oregon,Clackamas,648,24,0,45.18787398,-122.2179634,41005.0,154.9546016495013,3.703703703703704,624,640,24,0,616,632,416075,8,0,0,8,8
2020-06-25,US,Oregon,Clatsop,48,0,0,45.99712889,-123.660711,41007.0,119.33174224343675,0.0,48,47,0,0,47,46,39764,1,0,0,1,1
2020-06-25,US,Oregon,Columbia,26,0,0,45.94464254,-123.08908980000001,41009.0,49.66191694999428,0.0,26,26,0,0,26,26,52377,0,0,0,0,0
2020-06-25,US,Oregon,Coos,39,0,0,43.17406868,-124.0594514,41011.0,60.4773055034348,0.0,39,37,0,0,37,37,64389,2,0,0,2,0
2020-06-25,US,Oregon,Crook,9,0,0,44.14230227,-120.356297,41013.0,36.87920013112605,0.0,9,9,0,0,9,9,23867,0,0,0,0,0
2020-06-25,US,Oregon,Curry,7,0,0,42.45911325,-124.15728200000001,41015.0,30.53435114503817,0.0,7,7,0,0,7,7,22813,0,0,0,0,0
2020-06-25,US,Oregon,Deschutes,155,0,0,43.91570171,-121.2289121,41017.0,78.40479129150395,0.0,155,153,0,0,153,149,191996,2,0,0,2,4
2020-06-25,US,Oregon,Douglas,34,0,0,43.27941273,-123.16729099999999,41019.0,30.636150657776174,0.0,34,34,0,0,34,34,110283,0,0,0,0,0
2020-06-25,US,Oregon,Grant,1,0,0,44.49024544,-119.0068631,41023.0,13.890818169190164,0.0,1,1,0,0,1,1,7176,0,0,0,0,0
2020-06-25,US,Oregon,Harney,1,0,0,43.06422669,-118.96663059999999,41025.0,13.526308670363855,0.0,1,1,0,0,1,1,7329,0,0,0,0,0
2020-06-25,US,Oregon,Hood River,88,0,0,45.51872811,-121.65520359999998,41027.0,376.35788213155416,0.0,88,88,0,0,88,89,23428,0,0,0,0,-1
2020-06-25,US,Oregon,Jackson,93,0,0,42.43201126,-122.72893090000001,41029.0,42.092113838800785,0.0,93,94,0,0,94,92,219564,-1,0,0,-1,2
2020-06-25,US,Oregon,Jefferson,85,0,0,44.62806839,-121.17832,41031.0,344.71571092546026,0.0,85,84,0,0,84,81,24192,1,0,0,1,3
2020-06-25,US,Oregon,Josephine,26,1,0,42.3665549,-123.5561938,41033.0,29.718701064158108,3.8461538461538463,25,26,1,0,25,26,87393,0,0,0,0,0
2020-06-25,US,Oregon,Klamath,111,0,0,42.68762984,-121.64964609999998,41035.0,162.66596324628506,0.0,111,98,0,0,98,95,67653,13,0,0,13,3
2020-06-25,US,Oregon,Lake,9,0,0,42.79246693,-120.38501629999999,41037.0,114.3728555089592,0.0,9,6,0,0,6,6,7879,3,0,0,3,0
2020-06-25,US,Oregon,Lane,112,3,0,43.93727035,-122.847753,41039.0,29.314230226635647,2.6785714285714284,109,107,3,0,104,107,379611,5,0,0,5,0
2020-06-25,US,Oregon,Lincoln,301,2,0,44.64252874,-123.86991200000001,41041.0,602.4578679796646,0.6644518272425249,299,301,2,0,299,292,49388,0,0,0,0,9
2020-06-25,US,Oregon,Linn,132,9,0,44.48899494,-122.53731540000001,41043.0,101.73488813015899,6.8181818181818175,123,130,9,0,121,129,127335,2,0,0,2,1
2020-06-25,US,Oregon,Malheur,60,1,0,43.1937027,-117.62273950000001,41045.0,196.2644336135553,1.6666666666666667,59,58,1,0,57,53,30725,2,0,0,2,5
2020-06-25,US,Oregon,Marion,1382,38,0,44.90287942,-122.58151170000001,41047.0,397.334238021034,2.7496382054992763,1344,1378,36,0,1342,1365,346868,4,2,0,2,13
2020-06-25,US,Oregon,Morrow,36,1,0,45.41846568,-119.584546,41049.0,310.26458674480733,2.7777777777777777,35,35,1,0,34,35,11372,1,0,0,1,0
2020-06-25,US,Oregon,Multnomah,1967,68,0,45.54747959,-122.4169351,41051.0,241.98657817199867,3.4570411794611084,1899,1938,68,0,1870,1893,811880,29,0,0,29,45
2020-06-25,US,Oregon,Polk,134,12,0,44.90322804,-123.4128888,41053.0,155.6601033861881,8.955223880597012,122,132,12,0,120,131,85234,2,0,0,2,1
2020-06-25,US,Oregon,Sherman,1,0,0,45.41501554,-120.6827834,41055.0,56.179775280898866,0.0,1,1,0,0,1,1,1708,0,0,0,0,0
2020-06-25,US,Oregon,Tillamook,7,0,0,45.46248721,-123.712066,41057.0,25.89140405385412,0.0,7,7,0,0,7,7,26787,0,0,0,0,0
2020-06-25,US,Oregon,Umatilla,341,4,0,45.59073056,-118.7353826,41059.0,437.45991019884536,1.1730205278592376,337,333,4,0,329,298,77516,8,0,0,8,35
2020-06-25,US,Oregon,Union,297,0,0,45.30915495,-118.0068979,41061.0,1106.763555058692,0.0,297,287,0,0,287,282,26461,10,0,0,10,5
2020-06-25,US,Oregon,Wallowa,8,0,0,45.57894064,-117.18353799999998,41063.0,110.98779134295229,0.0,8,8,0,0,8,8,7081,0,0,0,0,0
2020-06-25,US,Oregon,Wasco,55,1,0,45.16292781,-121.16709540000001,41065.0,206.1314744022187,1.818181818181818,54,54,1,0,53,52,26505,1,0,0,1,2
2020-06-25,US,Oregon,Washington,1175,20,0,45.55972701,-123.0955257,41067.0,195.31509727522973,1.702127659574468,1155,1151,20,0,1131,1120,597695,24,0,0,24,31
2020-06-25,US,Oregon,Yamhill,103,8,0,45.23330449,-123.3086963,41071.0,96.17180205415501,7.766990291262137,95,102,8,0,94,101,107002,1,0,0,1,1
2020-06-25,US,Pennsylvania,Adams,323,12,0,39.87140411,-77.21610347,42001.0,313.5648341407061,3.7151702786377703,311,321,12,0,309,322,102811,2,0,0,2,-1
2020-06-25,US,Pennsylvania,Allegheny,2321,182,0,40.46809875,-79.98167747,42003.0,190.864647278678,7.841447651874192,2139,2284,180,0,2104,2239,1218452,37,2,0,35,45
2020-06-25,US,Pennsylvania,Armstrong,70,6,0,40.81665618,-79.46290811,42005.0,108.13315826060094,8.571428571428571,64,70,6,0,64,70,65263,0,0,0,0,0
2020-06-25,US,Pennsylvania,Beaver,637,78,0,40.6825484,-80.34921611,42007.0,388.5828620927353,12.244897959183671,559,634,78,0,556,630,164742,3,0,0,3,4
2020-06-25,US,Pennsylvania,Bedford,72,3,0,40.00522157,-78.48998442,42009.0,150.3508185766789,4.166666666666667,69,71,2,0,69,69,48176,1,1,0,0,2
2020-06-25,US,Pennsylvania,Berks,4461,348,0,40.41570541,-75.92457766,42011.0,1059.2073396586602,7.800941492938803,4113,4453,347,0,4106,4444,420152,8,1,0,7,9
2020-06-25,US,Pennsylvania,Blair,69,1,0,40.47961444,-78.34917412,42013.0,56.636761362237245,1.4492753623188406,68,69,1,0,68,61,122492,0,0,0,0,8
2020-06-25,US,Pennsylvania,Bradford,51,3,0,41.78869215,-76.51570822,42015.0,84.54486680039123,5.882352941176472,48,51,3,0,48,50,60833,0,0,0,0,1
2020-06-25,US,Pennsylvania,Bucks,5649,560,0,40.33682119,-75.10836643,42017.0,899.1357219030035,9.913258983890954,5089,5619,559,0,5060,5580,628195,30,1,0,29,39
2020-06-25,US,Pennsylvania,Butler,280,13,0,40.91152759,-79.91351055,42019.0,149.05271675192836,4.642857142857143,267,277,13,0,264,273,187888,3,0,0,3,4
2020-06-25,US,Pennsylvania,Cambria,64,3,0,40.49527404,-78.71377428,42021.0,49.158166400393256,4.6875,61,62,3,0,59,62,131730,2,0,0,2,0
2020-06-25,US,Pennsylvania,Cameron,2,0,0,41.43625568,-78.20376845,42023.0,44.974139869575005,0.0,2,2,0,0,2,2,4492,0,0,0,0,0
2020-06-25,US,Pennsylvania,Carbon,271,25,0,40.91545395,-75.7068525,42025.0,422.2367642018011,9.22509225092251,246,271,25,0,246,268,64227,0,0,0,0,3
2020-06-25,US,Pennsylvania,Centre,197,6,0,40.92058903,-77.82200624,42027.0,121.31662407242048,3.045685279187817,191,196,6,0,190,195,162805,1,0,0,1,1
2020-06-25,US,Pennsylvania,Chester,3578,321,0,39.97291773,-75.74768357,42029.0,681.5380893694917,8.971492453884851,3257,3559,319,0,3240,3537,522046,19,2,0,17,22
2020-06-25,US,Pennsylvania,Clarion,33,2,0,41.19265812,-79.42413524,42031.0,85.85254175555441,6.0606060606060606,31,33,2,0,31,33,38779,0,0,0,0,0
2020-06-25,US,Pennsylvania,Clearfield,71,0,0,41.00110782,-78.47592663,42033.0,89.5842533594095,0.0,71,70,0,0,70,70,79388,1,0,0,1,0
2020-06-25,US,Pennsylvania,Clinton,74,4,0,41.23255967,-77.63785995,42035.0,191.5510457651688,5.405405405405406,70,73,3,0,70,73,38684,1,1,0,0,0
2020-06-25,US,Pennsylvania,Columbia,399,33,0,41.04821986,-76.40565017,42037.0,614.1863185764422,8.270676691729323,366,398,33,0,365,397,65456,1,0,0,1,1
2020-06-25,US,Pennsylvania,Crawford,50,0,0,41.68447709,-80.10760592,42039.0,59.08140235616632,0.0,50,48,0,0,48,43,85063,2,0,0,2,5
2020-06-25,US,Pennsylvania,Cumberland,825,63,0,40.1625372,-77.26130755,42041.0,325.61076686269087,7.636363636363638,762,809,61,0,748,801,251423,16,2,0,14,8
2020-06-25,US,Pennsylvania,Dauphin,1893,131,0,40.41377078,-76.77993242,42043.0,680.2036658414153,6.920232435287902,1762,1864,127,0,1737,1851,277097,29,4,0,25,13
2020-06-25,US,Pennsylvania,Delaware,7095,648,0,39.91680171,-75.40243663,42045.0,1251.8813509378965,9.133192389006345,6447,7079,643,0,6436,7065,564751,16,5,0,11,14
2020-06-25,US,Pennsylvania,Elk,10,0,0,41.42822061,-78.64524744,42047.0,33.433634236041456,0.0,10,10,0,0,10,9,30169,0,0,0,0,1
2020-06-25,US,Pennsylvania,Erie,559,9,0,41.99253829,-80.03301954,42049.0,207.24581800925372,1.6100178890876566,550,551,9,0,542,542,272061,8,0,0,8,9
2020-06-25,US,Pennsylvania,Fayette,104,4,0,39.92041012,-79.64291195,42051.0,80.44927827714777,3.8461538461538463,100,104,4,0,100,104,130441,0,0,0,0,0
2020-06-25,US,Pennsylvania,Forest,7,0,0,41.51095103,-79.23229292,42053.0,96.59169311439214,0.0,7,7,0,0,7,7,7279,0,0,0,0,0
2020-06-25,US,Pennsylvania,Franklin,900,42,0,39.92956518,-77.72157791,42055.0,580.544034264999,4.666666666666667,858,896,42,0,854,891,154835,4,0,0,4,5
2020-06-25,US,Pennsylvania,Fulton,18,1,0,39.92913544,-78.11163677,42057.0,123.88162422573986,5.5555555555555545,17,18,1,0,17,18,14523,0,0,0,0,0
2020-06-25,US,Pennsylvania,Greene,35,0,0,39.85746531,-80.22357106,42059.0,96.5970248116358,0.0,35,35,0,0,35,35,36506,0,0,0,0,0
2020-06-25,US,Pennsylvania,Huntingdon,242,4,0,40.42162652,-77.97673273,42061.0,536.0623781676413,1.6528925619834711,238,242,4,0,238,240,45168,0,0,0,0,2
2020-06-25,US,Pennsylvania,Indiana,101,6,0,40.65241041,-79.08963285,42063.0,120.13369333793251,5.9405940594059405,95,98,6,0,92,98,84501,3,0,0,3,0
2020-06-25,US,Pennsylvania,Jefferson,21,1,0,41.12913106,-78.9986361,42065.0,48.359240069084635,4.761904761904762,20,21,1,0,20,21,43641,0,0,0,0,0
2020-06-25,US,Pennsylvania,Juniata,109,5,0,40.53358749,-77.39975129999998,42067.0,440.172838509066,4.587155963302751,104,109,5,0,104,108,24704,0,0,0,0,1
2020-06-25,US,Pennsylvania,Lackawanna,1648,202,0,41.43564672,-75.60379201,42069.0,785.9820483226342,12.25728155339806,1446,1638,201,0,1437,1630,210793,10,1,0,9,8
2020-06-25,US,Pennsylvania,Lancaster,4212,354,0,40.03904563,-76.24770128,42071.0,771.8187215515535,8.404558404558404,3858,4152,352,0,3800,4106,543557,60,2,0,58,46
2020-06-25,US,Pennsylvania,Lawrence,99,9,0,40.99206278,-80.33393706,42073.0,115.7732248105529,9.090909090909092,90,94,9,0,85,92,86184,5,0,0,5,2
2020-06-25,US,Pennsylvania,Lebanon,1291,43,0,40.36680311,-76.45651841,42075.0,910.4821817720198,3.3307513555383426,1248,1278,42,0,1236,1272,141314,13,1,0,12,6
2020-06-25,US,Pennsylvania,Lehigh,4164,285,0,40.6154815,-75.59435245,42077.0,1127.4836319919416,6.844380403458214,3879,4130,284,0,3846,4109,368100,34,1,0,33,21
2020-06-25,US,Pennsylvania,Luzerne,2883,174,0,41.17823008,-75.98447579,42079.0,908.2689332959484,6.035379812695108,2709,2874,173,0,2701,2873,317646,9,1,0,8,1
2020-06-25,US,Pennsylvania,Lycoming,176,19,0,41.34310539,-77.06629984,42081.0,155.34117688593898,10.795454545454543,157,175,19,0,156,173,113664,1,0,0,1,2
2020-06-25,US,Pennsylvania,McKean,15,1,0,41.80938602,-78.56478358,42083.0,36.92307692307692,6.666666666666668,14,15,1,0,14,15,40968,0,0,0,0,0
2020-06-25,US,Pennsylvania,Mercer,126,6,0,41.30248872,-80.25816981,42085.0,115.1484135107472,4.761904761904762,120,120,6,0,114,119,110683,6,0,0,6,1
2020-06-25,US,Pennsylvania,Mifflin,61,1,0,40.61116939,-77.61070738,42087.0,132.21205947375265,1.639344262295082,60,61,1,0,60,61,46222,0,0,0,0,0
2020-06-25,US,Pennsylvania,Monroe,1388,109,0,41.05934058,-75.34031025,42089.0,815.1711095841334,7.853025936599423,1279,1384,108,0,1276,1379,169507,4,1,0,3,5
2020-06-25,US,Pennsylvania,Montgomery,8244,792,0,40.21053671,-75.36652296,42091.0,992.1592461322757,9.60698689956332,7452,8188,791,0,7397,8159,828604,56,1,0,55,29
2020-06-25,US,Pennsylvania,Montour,68,0,0,41.03023987,-76.66345939,42093.0,373.0115194733955,0.0,68,68,0,0,68,68,18240,0,0,0,0,0
2020-06-25,US,Pennsylvania,Northampton,3352,262,0,40.75182733,-75.30471829,42095.0,1097.9904024108619,7.816229116945107,3090,3339,259,0,3080,3327,304807,13,3,0,10,12
2020-06-25,US,Pennsylvania,Northumberland,284,5,0,40.84785433,-76.70798222,42097.0,312.6272800325837,1.7605633802816902,279,281,5,0,276,280,91083,3,0,0,3,1
2020-06-25,US,Pennsylvania,Perry,85,5,0,40.40206612,-77.26297447,42099.0,183.69640387275243,5.882352941176472,80,85,5,0,80,85,46139,0,0,0,0,0
2020-06-25,US,Pennsylvania,Philadelphia,25443,1583,0,40.00338507,-75.1379271,42101.0,1606.1851036321766,6.2217505797272326,23860,25443,1576,0,23867,25335,1584138,0,7,0,-7,108
2020-06-25,US,Pennsylvania,Pike,489,20,0,41.33155042,-75.03208106,42103.0,876.2027629952157,4.08997955010225,469,489,20,0,469,489,55933,0,0,0,0,0
2020-06-25,US,Pennsylvania,Potter,14,0,0,41.74471626,-77.89559864,42105.0,84.71499455403607,0.0,14,14,0,0,14,13,16622,0,0,0,0,1
2020-06-25,US,Pennsylvania,Schuylkill,730,43,0,40.70497338,-76.2150785,42107.0,516.4156509313167,5.890410958904107,687,721,43,0,678,719,142067,9,0,0,9,2
2020-06-25,US,Pennsylvania,Snyder,61,2,0,40.77129231,-77.06840691,42109.0,151.09481819082532,3.278688524590164,59,61,2,0,59,61,40540,0,0,0,0,0
2020-06-25,US,Pennsylvania,Somerset,52,1,0,39.97172723,-79.02699593,42111.0,70.7993519136248,1.9230769230769231,51,49,1,0,48,48,73952,3,0,0,3,1
2020-06-25,US,Pennsylvania,Sullivan,3,0,0,41.44634738,-76.51246591,42113.0,49.455984174085074,0.0,3,3,0,0,3,3,6071,0,0,0,0,0
2020-06-25,US,Pennsylvania,Susquehanna,178,22,0,41.82147784,-75.80071959,42115.0,441.3806784368182,12.359550561797755,156,178,21,0,157,178,40589,0,1,0,-1,0
2020-06-25,US,Pennsylvania,Tioga,23,2,0,41.77255149,-77.25433032,42117.0,56.66280702618807,8.695652173913043,21,23,2,0,21,23,40763,0,0,0,0,0
2020-06-25,US,Pennsylvania,Union,89,2,0,40.96188846,-77.05996014,42119.0,198.11677759722198,2.247191011235955,87,89,2,0,87,89,44785,0,0,0,0,0
2020-06-25,US,Pennsylvania,Venango,17,0,0,41.40323442,-79.75845449,42121.0,33.55174863819373,0.0,17,17,0,0,17,17,51266,0,0,0,0,0
2020-06-25,US,Pennsylvania,Warren,5,0,0,41.81304978,-79.26969577,42123.0,12.758031180628205,0.0,5,5,0,0,5,5,39498,0,0,0,0,0
2020-06-25,US,Pennsylvania,Washington,184,6,0,40.19208869,-80.24582867,42125.0,88.94689773523795,3.260869565217391,178,176,6,0,170,171,207346,8,0,0,8,5
2020-06-25,US,Pennsylvania,Wayne,133,9,0,41.64938475,-75.29956506,42127.0,258.95134440528807,6.7669172932330826,124,131,9,0,122,131,51276,2,0,0,2,0
2020-06-25,US,Pennsylvania,Westmoreland,578,38,0,40.31377979999999,-79.46615476,42129.0,165.66398871879827,6.57439446366782,540,563,38,0,525,552,350611,15,0,0,15,11
2020-06-25,US,Pennsylvania,Wyoming,37,7,0,41.51955538,-76.01074915,42131.0,138.09061730238113,18.918918918918923,30,37,7,0,30,37,27046,0,0,0,0,0
2020-06-25,US,Pennsylvania,York,1418,41,0,39.9210089,-76.73040131,42133.0,315.77212743120043,2.8913963328631875,1377,1400,40,0,1360,1381,448273,18,1,0,17,19
2020-06-25,US,Rhode Island,Bristol,247,0,0,41.71018079,-71.28652315,44001.0,509.49895831184637,0.0,247,247,0,0,247,247,48649,0,0,0,0,0
2020-06-25,US,Rhode Island,Kent,1169,0,0,41.67106337,-71.57641596,44003.0,711.5379933289508,0.0,1169,1169,0,0,1169,1169,163861,0,0,0,0,0
2020-06-25,US,Rhode Island,Newport,294,0,0,41.5642026,-71.26569799,44005.0,358.17840695889475,0.0,294,294,0,0,294,294,82542,0,0,0,0,0
2020-06-25,US,Rhode Island,Providence,12712,0,0,41.87064746,-71.57753536,44007.0,1989.5732090006588,0.0,12712,12712,0,0,12712,12712,636084,0,0,0,0,0
2020-06-25,US,Rhode Island,Unassigned,1695,920,0,0.0,0.0,90044.0,0.0,54.27728613569322,775,1661,912,0,749,1588,,34,8,0,26,73
2020-06-25,US,Rhode Island,Washington,523,0,0,41.45961631,-71.61435303,44009.0,416.4775396768517,0.0,523,523,0,0,523,523,126179,0,0,0,0,0
2020-06-25,US,South Carolina,Abbeville,99,0,0,34.22333378,-82.46170658,45001.0,403.6368084152159,0.0,99,91,0,0,91,86,24541,8,0,0,8,5
2020-06-25,US,South Carolina,Aiken,314,9,0,33.54338026,-81.63645384,45003.0,183.76328479797743,2.8662420382165603,305,302,9,0,293,281,169401,12,0,0,12,21
2020-06-25,US,South Carolina,Allendale,47,3,0,32.98837386,-81.35321066,45005.0,540.9760589318599,6.382978723404255,44,46,3,0,43,46,8903,1,0,0,1,0
2020-06-25,US,South Carolina,Anderson,508,10,0,34.51828081,-82.63959517,45007.0,250.79236564342065,1.9685039370078738,498,505,10,0,495,483,200482,3,0,0,3,22
2020-06-25,US,South Carolina,Bamberg,79,0,0,33.21927586,-81.05659969,45009.0,561.637992321911,0.0,79,76,0,0,76,67,14275,3,0,0,3,9
2020-06-25,US,South Carolina,Barnwell,67,1,0,33.26679302,-81.43584352,45011.0,321.096520655612,1.492537313432836,66,66,1,0,65,62,21112,1,0,0,1,4
2020-06-25,US,South Carolina,Beaufort,983,17,0,32.39226291,-80.72619758,45013.0,511.6540531537252,1.7293997965412005,966,951,17,0,934,911,188715,32,0,0,32,40
2020-06-25,US,South Carolina,Berkeley,805,21,0,33.20222596,-79.94654523,45015.0,353.2142496720153,2.608695652173913,784,740,20,0,720,695,221091,65,1,0,64,45
2020-06-25,US,South Carolina,Calhoun,82,1,0,33.66926881,-80.77722168,45017.0,563.4577063148491,1.2195121951219512,81,74,1,0,73,74,14520,8,0,0,8,0
2020-06-25,US,South Carolina,Charleston,2629,22,0,32.82487866,-79.96512315,45019.0,639.0281133478851,0.8368200836820083,2607,2417,21,0,2396,2251,405905,212,1,0,211,166
2020-06-25,US,South Carolina,Cherokee,125,6,0,35.05122251,-81.61828622,45021.0,218.1500872600349,4.8,119,121,6,0,115,113,57078,4,0,0,4,8
2020-06-25,US,South Carolina,Chester,158,1,0,34.69249168,-81.1583216,45023.0,490.0136459496341,0.6329113924050633,157,154,1,0,153,151,32251,4,0,0,4,3
2020-06-25,US,South Carolina,Chesterfield,338,13,0,34.64137396,-80.15640140000002,45025.0,740.4162102957283,3.8461538461538463,325,335,12,0,323,328,45754,3,1,0,2,7
2020-06-25,US,South Carolina,Clarendon,387,42,0,33.66610974,-80.21647898,45027.0,1146.836568380501,10.852713178294573,345,378,42,0,336,373,33700,9,0,0,9,5
2020-06-25,US,South Carolina,Colleton,273,21,0,32.87582989,-80.67641292,45029.0,724.5799824826818,7.6923076923076925,252,258,20,0,238,252,37660,15,1,0,14,6
2020-06-25,US,South Carolina,Darlington,395,14,0,34.33358335,-79.96027485,45031.0,592.932840973911,3.5443037974683542,381,393,14,0,379,386,66802,2,0,0,2,7
2020-06-25,US,South Carolina,Dillon,248,7,0,34.39007791,-79.37741872,45033.0,813.6749893369205,2.8225806451612905,241,237,6,0,231,231,30599,11,1,0,10,6
2020-06-25,US,South Carolina,Dorchester,483,3,0,33.0794369,-80.40502652,45035.0,296.66664619277805,0.6211180124223602,480,452,3,0,449,423,160647,31,0,0,31,29
2020-06-25,US,South Carolina,Edgefield,73,2,0,33.77221995,-81.96231108,45037.0,267.7916360968452,2.7397260273972597,71,73,2,0,71,71,27052,0,0,0,0,2
2020-06-25,US,South Carolina,Fairfield,271,21,0,34.39287073,-81.1195624,45039.0,1212.690741486553,7.749077490774907,250,269,21,0,248,266,22402,2,0,0,2,3
2020-06-25,US,South Carolina,Florence,1037,47,0,34.02361754,-79.70189312,45041.0,749.8571872762902,4.532304725168756,990,1014,47,0,967,995,138159,23,0,0,23,19
2020-06-25,US,South Carolina,Georgetown,337,3,0,33.43443342,-79.33202141,45043.0,537.6515634971282,0.8902077151335311,334,303,3,0,300,286,62249,34,0,0,34,17
2020-06-25,US,South Carolina,Greenville,4198,77,0,34.89502264,-82.37295012,45045.0,801.8458881999916,1.8342067651262504,4121,4072,77,0,3995,3822,514213,126,0,0,126,250
2020-06-25,US,South Carolina,Greenwood,402,6,0,34.15272415,-82.12715789,45047.0,567.7084068859358,1.492537313432836,396,392,6,0,386,382,70741,10,0,0,10,10
2020-06-25,US,South Carolina,Hampton,61,1,0,32.77419582,-81.13845571,45049.0,317.34470918738947,1.639344262295082,60,58,1,0,57,58,19351,3,0,0,3,0
2020-06-25,US,South Carolina,Horry,2497,42,0,33.9212828,-78.99555293,45051.0,705.205870973026,1.6820184221065275,2455,2372,42,0,2330,2189,344147,125,0,0,125,183
2020-06-25,US,South Carolina,Jasper,95,3,0,32.43171982,-81.02487495,45053.0,315.89798157815983,3.1578947368421053,92,92,3,0,89,87,28971,3,0,0,3,5
2020-06-25,US,South Carolina,Kershaw,587,15,0,34.33988254,-80.58763164,45055.0,882.0303226097279,2.5553662691652472,572,581,15,0,566,570,65592,6,0,0,6,11
2020-06-25,US,South Carolina,Lancaster,383,11,0,34.68270843,-80.70513032,45057.0,390.7684773293066,2.8720626631853787,372,352,10,0,342,344,95380,31,1,0,30,8
2020-06-25,US,South Carolina,Laurens,314,4,0,34.48244419,-82.00490796,45059.0,465.2334316151305,1.2738853503184713,310,278,4,0,274,269,66994,36,0,0,36,9
2020-06-25,US,South Carolina,Lee,264,22,0,34.16393091,-80.25690731,45061.0,1568.8138816258618,8.333333333333334,242,264,21,0,243,265,17142,0,1,0,-1,-1
2020-06-25,US,South Carolina,Lexington,1666,45,0,33.89665987,-81.27146426,45063.0,557.6569037656903,2.7010804321728688,1621,1625,44,0,1581,1555,295032,41,1,0,40,70
2020-06-25,US,South Carolina,Marion,170,6,0,34.07859748,-79.36400756,45067.0,554.5226212610496,3.5294117647058822,164,164,6,0,158,159,31039,6,0,0,6,5
2020-06-25,US,South Carolina,Marlboro,290,4,0,34.59905577,-79.67561152,45069.0,1110.3453556933916,1.3793103448275863,286,287,4,0,283,280,26398,3,0,0,3,7
2020-06-25,US,South Carolina,McCormick,11,1,0,33.90161443,-82.30794338,45065.0,116.24220648842864,9.090909090909092,10,11,1,0,10,11,9410,0,0,0,0,0
2020-06-25,US,South Carolina,Newberry,180,4,0,34.28629098,-81.59935761,45071.0,468.26222684703436,2.2222222222222223,176,175,4,0,171,143,38520,5,0,0,5,32
2020-06-25,US,South Carolina,Oconee,173,1,0,34.75225169,-83.06742317,45073.0,217.48422296532826,0.5780346820809249,172,157,1,0,156,142,78374,16,0,0,16,15
2020-06-25,US,South Carolina,Orangeburg,594,9,0,33.4391073,-80.79886287,45075.0,689.2950391644908,1.5151515151515151,585,567,9,0,558,539,86934,27,0,0,27,28
2020-06-25,US,South Carolina,Pickens,655,4,0,34.88807695,-82.72791551,45077.0,516.2195391065857,0.6106870229007634,651,642,4,0,638,570,124937,13,0,0,13,72
2020-06-25,US,South Carolina,Richland,2956,80,0,34.01791263,-80.90267209,45079.0,710.988818041221,2.706359945872801,2876,2880,80,0,2800,2778,414576,76,0,0,76,102
2020-06-25,US,South Carolina,Saluda,191,1,0,34.00795823,-81.72713237,45081.0,932.9360621306109,0.5235602094240838,190,192,1,0,191,187,20544,-1,0,0,-1,5
2020-06-25,US,South Carolina,Spartanburg,1312,44,0,34.92960077,-81.99225984,45083.0,410.275653955001,3.3536585365853657,1268,1278,44,0,1234,1257,313888,34,0,0,34,21
2020-06-25,US,South Carolina,Sumter,905,22,0,33.91826534,-80.37942316,45085.0,848.005547174408,2.430939226519337,883,867,21,0,846,842,106512,38,1,0,37,25
2020-06-25,US,South Carolina,Union,71,0,0,34.68835752,-81.61730349,45087.0,259.920925464929,0.0,71,68,0,0,68,62,27410,3,0,0,3,6
2020-06-25,US,South Carolina,Williamsburg,362,15,0,33.62190129,-79.72767442,45089.0,1192.0442571127505,4.143646408839779,347,354,15,0,339,345,30606,8,0,0,8,9
2020-06-25,US,South Carolina,York,947,12,0,34.97281497,-81.18085944,45091.0,337.035863890184,1.2671594508975712,935,914,11,0,903,885,274118,33,1,0,32,29
2020-06-25,US,South Dakota,Aurora,34,0,0,43.71757685,-98.56050467,46003.0,1235.9142130134496,0.0,34,34,0,0,34,34,2801,0,0,0,0,0
2020-06-25,US,South Dakota,Beadle,508,6,0,44.41464384,-98.27858469,46005.0,2752.939901371051,1.1811023622047243,502,504,6,0,498,495,18883,4,0,0,4,9
2020-06-25,US,South Dakota,Bennett,4,0,0,43.19486375,-101.6665572,46007.0,118.87072808320951,0.0,4,3,0,0,3,3,3468,1,0,0,1,0
2020-06-25,US,South Dakota,Bon Homme,11,0,0,42.98914167,-97.88592746,46009.0,159.39718881321548,0.0,11,11,0,0,11,11,6980,0,0,0,0,0
2020-06-25,US,South Dakota,Brookings,57,0,0,44.36974375,-96.79079945,46011.0,162.49964364113237,0.0,57,54,0,0,54,54,35232,3,0,0,3,0
2020-06-25,US,South Dakota,Brown,335,2,0,45.58994323,-98.35165355,46013.0,862.5350807178353,0.5970149253731343,333,330,2,0,328,327,39316,5,0,0,5,3
2020-06-25,US,South Dakota,Brule,17,0,0,43.71756379,-99.08118954,46015.0,320.9363790824995,0.0,17,16,0,0,16,16,5229,1,0,0,1,0
2020-06-25,US,South Dakota,Buffalo,68,1,0,44.07657829,-99.20814467,46017.0,3465.8511722731905,1.4705882352941178,67,68,0,0,68,66,2036,0,1,0,-1,2
2020-06-25,US,South Dakota,Charles Mix,57,0,0,43.20660134,-98.58856175,46023.0,613.4309083082221,0.0,57,56,0,0,56,49,9338,1,0,0,1,7
2020-06-25,US,South Dakota,Clark,13,0,0,44.85834507,-97.72925109,46025.0,347.96573875803,0.0,13,13,0,0,13,12,3739,0,0,0,0,1
2020-06-25,US,South Dakota,Clay,79,0,0,42.91296147,-96.97656917,46027.0,561.4783226723525,0.0,79,76,0,0,76,77,14041,3,0,0,3,-1
2020-06-25,US,South Dakota,Codington,51,0,0,44.97788119,-97.18827677,46029.0,182.0843300367739,0.0,51,49,0,0,49,49,28015,2,0,0,2,0
2020-06-25,US,South Dakota,Corson,17,0,0,45.70889983,-101.1970473,46031.0,416.05482134116494,0.0,17,16,0,0,16,16,4165,1,0,0,1,0
2020-06-25,US,South Dakota,Custer,7,0,0,43.67741105,-103.45345209999999,46033.0,78.0205082478823,0.0,7,7,0,0,7,7,8726,0,0,0,0,0
2020-06-25,US,South Dakota,Davison,35,0,0,43.67490933,-98.14458906,46035.0,176.99115044247787,0.0,35,35,0,0,35,35,19790,0,0,0,0,0
2020-06-25,US,South Dakota,Day,13,0,0,45.367281,-97.60737498,46037.0,239.6755162241888,0.0,13,13,0,0,13,13,5505,0,0,0,0,0
2020-06-25,US,South Dakota,Deuel,1,0,0,44.75994309,-96.66943645,46039.0,22.983222247759137,0.0,1,1,0,0,1,1,4337,0,0,0,0,0
2020-06-25,US,South Dakota,Dewey,4,0,0,45.15639647,-100.8709139,46041.0,67.88866259334691,0.0,4,4,0,0,4,4,5904,0,0,0,0,0
2020-06-25,US,South Dakota,Douglas,4,0,0,43.38520741,-98.36978007,46043.0,136.93940431359124,0.0,4,4,0,0,4,4,2935,0,0,0,0,0
2020-06-25,US,South Dakota,Edmunds,6,0,0,45.41846445,-99.21545423,46045.0,156.69887699138158,0.0,6,6,0,0,6,6,3875,0,0,0,0,0
2020-06-25,US,South Dakota,Fall River,9,0,0,43.23929297,-103.5275691,46047.0,134.06822583047818,0.0,9,7,0,0,7,7,6758,2,0,0,2,0
2020-06-25,US,South Dakota,Faulk,23,1,0,45.07082625,-99.14535601,46049.0,1000.4349717268376,4.3478260869565215,22,23,0,0,23,22,2330,0,1,0,-1,1
2020-06-25,US,South Dakota,Grant,13,0,0,45.1723937,-96.77002276,46051.0,184.344866704481,0.0,13,13,0,0,13,13,7147,0,0,0,0,0
2020-06-25,US,South Dakota,Gregory,1,0,0,43.19419064,-99.18883902,46053.0,23.894862604540023,0.0,1,1,0,0,1,1,4212,0,0,0,0,0
2020-06-25,US,South Dakota,Hamlin,11,0,0,44.67385954,-97.18829593,46057.0,178.45554834523037,0.0,11,11,0,0,11,11,6111,0,0,0,0,0
2020-06-25,US,South Dakota,Hand,7,0,0,44.54708407,-99.00386459,46059.0,219.3669696020056,0.0,7,7,0,0,7,7,3262,0,0,0,0,0
2020-06-25,US,South Dakota,Hanson,6,0,0,43.6746384,-97.78715148,46061.0,173.7619461337967,0.0,6,5,0,0,5,5,3376,1,0,0,1,0
2020-06-25,US,South Dakota,Hughes,42,0,0,44.39091534,-99.99661148,46065.0,239.64395754878467,0.0,42,38,0,0,38,33,17650,4,0,0,4,5
2020-06-25,US,South Dakota,Hutchinson,10,0,0,43.33449012,-97.75536441,46067.0,137.1553970648745,0.0,10,10,0,0,10,10,7380,0,0,0,0,0
2020-06-25,US,South Dakota,Hyde,3,0,0,44.54747703,-99.48572582,46069.0,230.59185242121444,0.0,3,3,0,0,3,3,1282,0,0,0,0,0
2020-06-25,US,South Dakota,Jackson,6,1,0,43.69318385,-101.6255063,46071.0,179.42583732057415,16.666666666666668,5,6,1,0,5,6,3307,0,0,0,0,0
2020-06-25,US,South Dakota,Jerauld,39,1,0,44.06637798,-98.62965972,46073.0,1937.4068554396426,2.5641025641025643,38,39,1,0,38,39,2043,0,0,0,0,0
2020-06-25,US,South Dakota,Kingsbury,6,0,0,44.36956169,-97.4913945,46077.0,121.48208139299452,0.0,6,6,0,0,6,5,4919,0,0,0,0,1
2020-06-25,US,South Dakota,Lake,18,1,0,44.02193107,-97.12926365,46079.0,140.65796671094787,5.5555555555555545,17,18,1,0,17,18,13057,0,0,0,0,0
2020-06-25,US,South Dakota,Lawrence,17,0,0,44.35919441,-103.79294279999999,46081.0,65.77929113140381,0.0,17,17,0,0,17,16,25741,0,0,0,0,1
2020-06-25,US,South Dakota,Lincoln,329,1,0,43.27841182,-96.72039050000001,46083.0,538.2148933385682,0.30395136778115506,328,326,1,0,325,325,58807,3,0,0,3,1
2020-06-25,US,South Dakota,Lyman,55,0,0,43.89522709,-99.85201878,46085.0,1454.641629198625,0.0,55,55,0,0,55,49,3821,0,0,0,0,6
2020-06-25,US,South Dakota,Marshall,5,0,0,45.75870838,-97.59855639,46091.0,101.31712259371834,0.0,5,5,0,0,5,5,5112,0,0,0,0,0
2020-06-25,US,South Dakota,McCook,9,1,0,43.6742571,-97.36863144,46087.0,161.1170784103115,11.111111111111109,8,8,1,0,7,8,5546,1,0,0,1,0
2020-06-25,US,South Dakota,McPherson,4,0,0,45.76626028,-99.22118798,46089.0,168.13787305590589,0.0,4,4,0,0,4,4,2407,0,0,0,0,0
2020-06-25,US,South Dakota,Meade,44,1,0,44.56676791,-102.71627409999999,46093.0,155.30142594945644,2.272727272727273,43,43,1,0,42,43,28294,1,0,0,1,0
2020-06-25,US,South Dakota,Mellette,3,0,0,43.58078848,-100.7563186,46095.0,145.56040756914118,0.0,3,3,0,0,3,2,2042,0,0,0,0,1
2020-06-25,US,South Dakota,Miner,7,0,0,44.02197882,-97.60992207,46097.0,315.88447653429597,0.0,7,5,0,0,5,5,2213,2,0,0,2,0
2020-06-25,US,South Dakota,Minnehaha,3560,56,0,43.67441641,-96.7910885,46099.0,1843.279795375232,1.5730337078651686,3504,3550,56,0,3494,3537,192876,10,0,0,10,13
2020-06-25,US,South Dakota,Moody,21,0,0,44.02266214,-96.67081159,46101.0,319.3430656934307,0.0,21,21,0,0,21,21,6579,0,0,0,0,0
2020-06-25,US,South Dakota,Oglala Lakota,65,0,0,43.33749164,-102.55554980000001,46102.0,458.4891020667278,0.0,65,60,0,0,60,59,14309,5,0,0,5,1
2020-06-25,US,South Dakota,Pennington,482,13,0,44.0025835,-102.8240777,46103.0,423.6431553504724,2.6970954356846475,469,475,12,0,463,466,111729,7,1,0,6,9
2020-06-25,US,South Dakota,Roberts,40,0,0,45.62975048,-96.94672673,46109.0,384.83740619588224,0.0,40,40,0,0,40,40,10447,0,0,0,0,0
2020-06-25,US,South Dakota,Sanborn,12,0,0,44.02351092,-98.09098159999999,46111.0,511.9453924914676,0.0,12,12,0,0,12,12,2429,0,0,0,0,0
2020-06-25,US,South Dakota,Spink,10,0,0,44.93837606,-98.34626602,46115.0,156.83814303638644,0.0,10,9,0,0,9,8,6495,1,0,0,1,1
2020-06-25,US,South Dakota,Stanley,12,0,0,44.41381872,-100.7349153,46117.0,387.34667527437057,0.0,12,12,0,0,12,12,3022,0,0,0,0,0
2020-06-25,US,South Dakota,Sully,1,0,0,44.71571812,-100.1278092,46119.0,71.89072609633357,0.0,1,1,0,0,1,1,1392,0,0,0,0,0
2020-06-25,US,South Dakota,Todd,52,1,0,43.19338568,-100.71955030000001,46121.0,510.9560774294979,1.9230769230769231,51,51,1,0,50,50,10283,1,0,0,1,1
2020-06-25,US,South Dakota,Tripp,13,0,0,43.34459388,-99.8854891,46123.0,238.9266678919316,0.0,13,13,0,0,13,13,5478,0,0,0,0,0
2020-06-25,US,South Dakota,Turner,24,0,0,43.3109081,-97.14865776,46125.0,286.25954198473283,0.0,24,24,0,0,24,24,8424,0,0,0,0,0
2020-06-25,US,South Dakota,Union,118,1,0,42.83112163,-96.6557828,46127.0,740.6477529500377,0.8474576271186439,117,118,1,0,117,117,15619,0,0,0,0,1
2020-06-25,US,South Dakota,Walworth,8,0,0,45.43019636,-100.03075140000001,46129.0,147.19411223551054,0.0,8,8,0,0,8,7,5587,0,0,0,0,1
2020-06-25,US,South Dakota,Yankton,71,0,0,43.00924485,-97.39467635,46135.0,311.2124134303498,0.0,71,70,0,0,70,68,22869,1,0,0,1,2
2020-06-25,US,South Dakota,Ziebach,2,0,0,44.97881876,-101.6654622,46137.0,72.5689404934688,0.0,2,2,0,0,2,2,2742,0,0,0,0,0
2020-06-25,US,Tennessee,Anderson,81,2,0,36.12684348,-84.19965764,47001.0,105.22486944321754,2.469135802469136,79,79,2,0,77,78,76482,2,0,0,2,1
2020-06-25,US,Tennessee,Bedford,451,4,0,35.51123746,-86.45549096,47003.0,907.207370305554,0.8869179600886918,447,445,4,0,441,436,49038,6,0,0,6,9
2020-06-25,US,Tennessee,Benton,12,1,0,36.07110411,-88.06849355,47005.0,74.25742574257426,8.333333333333334,11,9,1,0,8,8,16184,3,0,0,3,1
2020-06-25,US,Tennessee,Bledsoe,616,1,0,35.59942968,-85.20611967,47007.0,4089.219330855018,0.16233766233766234,615,616,1,0,615,613,14755,0,0,0,0,3
2020-06-25,US,Tennessee,Blount,150,3,0,35.68938198,-83.92847788,47009.0,112.70738158211107,2.0,147,142,3,0,139,139,131349,8,0,0,8,3
2020-06-25,US,Tennessee,Bradley,421,3,0,35.15739424,-84.857186,47011.0,389.4181851817593,0.7125890736342043,418,406,3,0,403,393,106727,15,0,0,15,13
2020-06-25,US,Tennessee,Campbell,28,1,0,36.40355516,-84.15108559999999,47013.0,70.27759650619949,3.571428571428572,27,27,1,0,26,27,39583,1,0,0,1,0
2020-06-25,US,Tennessee,Cannon,23,0,0,35.80990797,-86.05738983,47015.0,156.69709769723394,0.0,23,23,0,0,23,23,14462,0,0,0,0,0
2020-06-25,US,Tennessee,Carroll,36,1,0,35.97366108,-88.45189331,47017.0,129.6503043180754,2.7777777777777777,35,36,1,0,35,36,28020,0,0,0,0,0
2020-06-25,US,Tennessee,Carter,42,1,0,36.28969086,-82.12588974,47019.0,74.47997020801192,2.380952380952381,41,34,1,0,33,32,56351,8,0,0,8,2
2020-06-25,US,Tennessee,Cheatham,187,0,0,36.26136216,-87.08903581,47021.0,459.8322964565865,0.0,187,177,0,0,177,175,40439,10,0,0,10,2
2020-06-25,US,Tennessee,Chester,16,0,0,35.42527478,-88.6095842,47023.0,92.50158987107592,0.0,16,16,0,0,16,16,17276,0,0,0,0,0
2020-06-25,US,Tennessee,Claiborne,19,0,0,36.48319149,-83.65947309,47025.0,59.45117181388654,0.0,19,18,0,0,18,18,31756,1,0,0,1,0
2020-06-25,US,Tennessee,Clay,12,0,0,36.55151008,-85.53930419,47027.0,157.58371634931058,0.0,12,12,0,0,12,14,7717,0,0,0,0,-2
2020-06-25,US,Tennessee,Cocke,36,0,0,35.9278914,-83.11828725,47029.0,99.98889012331965,0.0,36,32,0,0,32,31,35774,4,0,0,4,1
2020-06-25,US,Tennessee,Coffee,102,0,0,35.49090731,-86.07311784,47031.0,180.4670912951168,0.0,102,102,0,0,102,99,55700,0,0,0,0,3
2020-06-25,US,Tennessee,Crockett,28,3,0,35.81830662,-89.14916269,47033.0,196.76739283204498,10.714285714285714,25,28,3,0,25,26,14328,0,0,0,0,2
2020-06-25,US,Tennessee,Cumberland,155,3,0,35.95271721,-84.99840585,47035.0,256.11368142762717,1.935483870967742,152,152,3,0,149,148,59673,3,0,0,3,4
2020-06-25,US,Tennessee,Davidson,8258,103,0,36.17007426,-86.78646056,47037.0,1189.6666973999631,1.247275369338823,8155,8062,102,0,7960,7867,692587,196,1,0,195,195
2020-06-25,US,Tennessee,DeKalb,44,0,0,35.97616272,-85.83689361,47041.0,214.738897022938,0.0,44,44,0,0,44,43,20138,0,0,0,0,1
2020-06-25,US,Tennessee,Decatur,17,0,0,35.60048904,-88.11043779,47039.0,145.7600960301809,0.0,17,16,0,0,16,15,11706,1,0,0,1,1
2020-06-25,US,Tennessee,Dickson,151,0,0,36.14669837,-87.35891709,47043.0,279.89916215615034,0.0,151,150,0,0,150,150,53446,1,0,0,1,0
2020-06-25,US,Tennessee,Dyer,181,0,0,36.05931946,-89.41542855,47045.0,487.09599289539545,0.0,181,181,0,0,181,174,37320,0,0,0,0,7
2020-06-25,US,Tennessee,Fayette,229,2,0,35.19615831,-89.41399032,47047.0,556.7306055964797,0.8733624454148472,227,224,2,0,222,213,40507,5,0,0,5,11
2020-06-25,US,Tennessee,Fentress,15,0,0,36.38128818,-84.92870012,47049.0,80.98040274253631,0.0,15,15,0,0,15,15,18217,0,0,0,0,0
2020-06-25,US,Tennessee,Franklin,69,3,0,35.15634626,-86.09201039,47051.0,163.4761182714177,4.3478260869565215,66,69,3,0,66,69,41890,0,0,0,0,0
2020-06-25,US,Tennessee,Gibson,83,1,0,35.99438059,-88.93358327,47053.0,168.92923289845928,1.2048192771084338,82,80,1,0,79,80,49045,3,0,0,3,0
2020-06-25,US,Tennessee,Giles,43,0,0,35.20222469,-87.03992678,47055.0,145.94080912299756,0.0,43,42,0,0,42,38,29503,1,0,0,1,4
2020-06-25,US,Tennessee,Grainger,25,0,0,36.27469206,-83.51254721,47057.0,107.2041166380789,0.0,25,25,0,0,25,25,23145,0,0,0,0,0
2020-06-25,US,Tennessee,Greene,66,2,0,36.17470125,-82.84691273,47059.0,95.55661729574771,3.0303030303030303,64,58,2,0,56,56,69087,8,0,0,8,2
2020-06-25,US,Tennessee,Grundy,58,1,0,35.38433717,-85.72142731,47061.0,431.96544276457877,1.7241379310344829,57,55,1,0,54,51,13346,3,0,0,3,4
2020-06-25,US,Tennessee,Hamblen,162,4,0,36.21990035,-83.26586179,47063.0,249.48409153910126,2.469135802469136,158,156,4,0,152,134,64569,6,0,0,6,22
2020-06-25,US,Tennessee,Hamilton,2185,29,0,35.17670231,-85.16652245,47065.0,594.0664049330621,1.3272311212814645,2156,2176,29,0,2147,2120,364286,9,0,0,9,56
2020-06-25,US,Tennessee,Hancock,3,0,0,36.52692871,-83.22375847,47067.0,45.31722054380665,0.0,3,3,0,0,3,3,6549,0,0,0,0,0
2020-06-25,US,Tennessee,Hardeman,269,1,0,35.20772017,-88.99161161,47069.0,1073.8522954091816,0.3717472118959108,268,260,1,0,259,257,25220,9,0,0,9,3
2020-06-25,US,Tennessee,Hardin,80,5,0,35.19732531,-88.18593755,47071.0,311.8665211289568,6.25,75,76,5,0,71,71,25776,4,0,0,4,5
2020-06-25,US,Tennessee,Hawkins,43,2,0,36.44355426,-82.94885298,47073.0,75.7228894445814,4.651162790697675,41,42,2,0,40,42,56530,1,0,0,1,0
2020-06-25,US,Tennessee,Haywood,59,2,0,35.58332824,-89.28536625,47075.0,340.96162736939436,3.3898305084745757,57,57,2,0,55,54,17335,2,0,0,2,3
2020-06-25,US,Tennessee,Henderson,27,0,0,35.65581134,-88.38600175,47077.0,96.02731443610628,0.0,27,26,0,0,26,25,27847,1,0,0,1,1
2020-06-25,US,Tennessee,Henry,37,0,0,36.33160906,-88.30121797,47079.0,114.39171432988097,0.0,37,37,0,0,37,37,32358,0,0,0,0,0
2020-06-25,US,Tennessee,Hickman,67,0,0,35.80609681,-87.47643507,47081.0,266.1053300500437,0.0,67,66,0,0,66,65,25063,1,0,0,1,1
2020-06-25,US,Tennessee,Houston,10,0,0,36.28872054,-87.71878828,47083.0,121.93634922570419,0.0,10,10,0,0,10,10,8263,0,0,0,0,0
2020-06-25,US,Tennessee,Humphreys,18,1,0,36.03958805,-87.77992872,47085.0,96.867936712948,5.5555555555555545,17,18,1,0,17,18,18486,0,0,0,0,0
2020-06-25,US,Tennessee,Jackson,22,0,0,36.36380466,-85.67239905,47087.0,186.66214152384185,0.0,22,22,0,0,22,22,11758,0,0,0,0,0
2020-06-25,US,Tennessee,Jefferson,80,0,0,36.04818632,-83.45148924,47089.0,146.8024589411873,0.0,80,73,0,0,73,64,54012,7,0,0,7,9
2020-06-25,US,Tennessee,Johnson,28,0,0,36.45523950000001,-81.84886538,47091.0,157.40948954351248,0.0,28,27,0,0,27,26,17778,1,0,0,1,1
2020-06-25,US,Tennessee,Knox,783,5,0,35.99508821,-83.94635435,47093.0,166.48487284000228,0.6385696040868455,778,740,5,0,735,716,465289,43,0,0,43,24
2020-06-25,US,Tennessee,Lake,690,0,0,36.34180170000001,-89.48921915,47095.0,9834.66362599772,0.0,690,690,0,0,690,689,7411,0,0,0,0,1
2020-06-25,US,Tennessee,Lauderdale,86,2,0,35.75893438,-89.63015909999999,47097.0,335.50501306909064,2.3255813953488373,84,84,1,0,83,82,25825,2,1,0,1,2
2020-06-25,US,Tennessee,Lawrence,101,3,0,35.21675201,-87.39787695,47099.0,228.80703185175116,2.9702970297029703,98,97,3,0,94,95,43734,4,0,0,4,2
2020-06-25,US,Tennessee,Lewis,5,0,0,35.52853208,-87.49022694,47101.0,40.75643951744376,0.0,5,5,0,0,5,5,12086,0,0,0,0,0
2020-06-25,US,Tennessee,Lincoln,51,0,0,35.13738622,-86.58910106,47103.0,148.4024908339638,0.0,51,51,0,0,51,49,34117,0,0,0,0,2
2020-06-25,US,Tennessee,Loudon,244,1,0,35.73939663,-84.31145275,47105.0,451.2835688392395,0.4098360655737705,243,243,1,0,242,239,53054,1,0,0,1,4
2020-06-25,US,Tennessee,Macon,241,3,0,36.53157855,-86.00778595,47111.0,979.5951548654581,1.2448132780082988,238,235,3,0,232,230,24265,6,0,0,6,5
2020-06-25,US,Tennessee,Madison,206,2,0,35.61181957,-88.84076036,47113.0,210.2384062704115,0.9708737864077671,204,201,2,0,199,202,97605,5,0,0,5,-1
2020-06-25,US,Tennessee,Marion,56,4,0,35.12997174,-85.62265895,47115.0,193.724703359048,7.142857142857142,52,54,4,0,50,53,28575,2,0,0,2,1
2020-06-25,US,Tennessee,Marshall,49,1,0,35.45798777,-86.76420988,47117.0,142.54545454545453,2.0408163265306123,48,49,1,0,48,48,33683,0,0,0,0,1
2020-06-25,US,Tennessee,Maury,259,2,0,35.618741299999996,-87.07462444,47119.0,268.70843578490883,0.7722007722007722,257,248,2,0,246,241,94340,11,0,0,11,7
2020-06-25,US,Tennessee,McMinn,194,17,0,35.42812616,-84.61520715,47107.0,360.6350150574414,8.762886597938143,177,192,17,0,175,183,53285,2,0,0,2,9
2020-06-25,US,Tennessee,McNairy,48,0,0,35.17468549,-88.5647812,47109.0,186.8140421888379,0.0,48,47,0,0,47,45,25832,1,0,0,1,2
2020-06-25,US,Tennessee,Meigs,31,0,0,35.51558739,-84.81482914,47121.0,249.55723715987762,0.0,31,31,0,0,31,31,12306,0,0,0,0,0
2020-06-25,US,Tennessee,Monroe,116,4,0,35.44550387,-84.24902965,47123.0,249.2211838006231,3.4482758620689653,112,115,4,0,111,110,46357,1,0,0,1,5
2020-06-25,US,Tennessee,Montgomery,413,7,0,36.49609412,-87.38550661,47125.0,197.61427416229253,1.6949152542372878,406,407,6,0,401,392,205950,6,1,0,5,15
2020-06-25,US,Tennessee,Moore,5,0,0,35.27724699,-86.36230578,47127.0,77.06535141800245,0.0,5,5,0,0,5,5,6411,0,0,0,0,0
2020-06-25,US,Tennessee,Morgan,22,1,0,36.13248031,-84.64880098,47129.0,102.78932859879455,4.545454545454546,21,22,1,0,21,22,21579,0,0,0,0,0
2020-06-25,US,Tennessee,Obion,75,2,0,36.35732446,-89.14921589,47131.0,249.42631946523,2.6666666666666665,73,74,1,0,73,73,30267,1,1,0,0,1
2020-06-25,US,Tennessee,Out of TN,611,9,0,0.0,0.0,80047.0,0.0,1.4729950900163666,602,604,8,0,596,537,,7,1,0,6,67
2020-06-25,US,Tennessee,Overton,46,0,0,36.34117832,-85.28989535,47133.0,206.82523267838675,0.0,46,45,0,0,45,44,22068,1,0,0,1,1
2020-06-25,US,Tennessee,Perry,28,0,0,35.63708728,-87.86139634,47135.0,346.7062902426944,0.0,28,28,0,0,28,28,8064,0,0,0,0,0
2020-06-25,US,Tennessee,Pickett,6,0,0,36.55606529,-85.07763299999998,47137.0,118.85895404120443,0.0,6,5,0,0,5,5,5082,1,0,0,1,0
2020-06-25,US,Tennessee,Polk,36,0,0,35.12245443,-84.52075859,47139.0,213.8783269961977,0.0,36,36,0,0,36,36,16898,0,0,0,0,0
2020-06-25,US,Tennessee,Putnam,706,7,0,36.14005459,-85.50646123,47141.0,879.8055953641972,0.9915014164305948,699,675,7,0,668,676,78843,31,0,0,31,-1
2020-06-25,US,Tennessee,Rhea,258,0,0,35.60536161,-84.93076643,47143.0,777.8816293303585,0.0,258,257,0,0,257,256,33044,1,0,0,1,1
2020-06-25,US,Tennessee,Roane,42,0,0,35.84923189,-84.52458689,47145.0,78.67820613690006,0.0,42,41,0,0,41,35,53140,1,0,0,1,6
2020-06-25,US,Tennessee,Robertson,729,10,0,36.52454807,-86.87346725,47147.0,1015.1365351677272,1.3717421124828533,719,722,10,0,712,715,71012,7,0,0,7,7
2020-06-25,US,Tennessee,Rutherford,2266,34,0,35.84591405,-86.4107263,47149.0,681.9447161322357,1.500441306266549,2232,2211,33,0,2178,2150,324890,55,1,0,54,61
2020-06-25,US,Tennessee,Scott,14,0,0,36.42325673,-84.50360494,47151.0,63.44027551205365,0.0,14,14,0,0,14,14,22039,0,0,0,0,0
2020-06-25,US,Tennessee,Sequatchie,24,0,0,35.36979721,-85.41022136,47153.0,159.72314654598696,0.0,24,24,0,0,24,24,14876,0,0,0,0,0
2020-06-25,US,Tennessee,Sevier,516,3,0,35.78077323,-83.52244332,47155.0,525.1908396946566,0.5813953488372093,513,489,3,0,486,464,97892,27,0,0,27,25
2020-06-25,US,Tennessee,Shelby,8643,175,0,35.1864775,-89.89692423,47157.0,922.2485664225976,2.0247599213236143,8468,8490,170,0,8320,8268,935764,153,5,0,148,222
2020-06-25,US,Tennessee,Smith,58,1,0,36.25359775,-85.95411046,47159.0,287.7412313340279,1.7241379310344829,57,53,1,0,52,51,19942,5,0,0,5,2
2020-06-25,US,Tennessee,Stewart,19,0,0,36.50235092,-87.83920548,47161.0,138.53445133065986,0.0,19,19,0,0,19,19,13561,0,0,0,0,0
2020-06-25,US,Tennessee,Sullivan,77,2,0,36.51240691,-82.30412917,47163.0,48.62707454467376,2.5974025974025974,75,77,2,0,75,75,157668,0,0,0,0,2
2020-06-25,US,Tennessee,Sumner,1260,51,0,36.46824103,-86.45917204,47165.0,658.7098696695473,4.047619047619048,1209,1231,51,0,1180,1212,187149,29,0,0,29,19
2020-06-25,US,Tennessee,Tipton,580,4,0,35.501942,-89.73694895,47167.0,941.5737268462151,0.6896551724137931,576,571,4,0,567,565,61581,9,0,0,9,6
2020-06-25,US,Tennessee,Trousdale,1471,5,0,36.39026213,-86.16087954,47169.0,13036.1573909961,0.3399048266485384,1466,1469,5,0,1464,1468,11012,2,0,0,2,1
2020-06-25,US,Tennessee,Unassigned,266,0,0,0.0,0.0,90047.0,0.0,0.0,266,271,0,0,271,253,,-5,0,0,-5,18
2020-06-25,US,Tennessee,Unicoi,53,0,0,36.10890856,-82.43709629,47171.0,296.3708550019572,0.0,53,53,0,0,53,53,17761,0,0,0,0,0
2020-06-25,US,Tennessee,Union,10,0,0,36.28590426,-83.83651902,47173.0,50.07009813739235,0.0,10,9,0,0,9,9,19688,1,0,0,1,0
2020-06-25,US,Tennessee,Van Buren,6,0,0,35.69864497,-85.45221699,47175.0,102.17983651226156,0.0,6,6,0,0,6,6,5765,0,0,0,0,0
2020-06-25,US,Tennessee,Warren,47,0,0,35.672829899999996,-85.77969117,47177.0,113.86486421009279,0.0,47,46,0,0,46,39,40878,1,0,0,1,7
2020-06-25,US,Tennessee,Washington,112,0,0,36.29472368,-82.49454720000001,47179.0,86.57004830917873,0.0,112,109,0,0,109,107,128607,3,0,0,3,2
2020-06-25,US,Tennessee,Wayne,71,0,0,35.23868267,-87.78644456,47181.0,425.8381814910334,0.0,71,69,0,0,69,67,16558,2,0,0,2,2
2020-06-25,US,Tennessee,Weakley,45,1,0,36.29896232,-88.71990865,47183.0,135.02160345655304,2.2222222222222223,44,44,1,0,43,44,33415,1,0,0,1,0
2020-06-25,US,Tennessee,White,58,3,0,35.92929884,-85.45591799,47185.0,212.10458950447983,5.172413793103448,55,55,3,0,52,55,27107,3,0,0,3,0
2020-06-25,US,Tennessee,Williamson,874,14,0,35.89099229,-86.89281867,47187.0,366.59228562320686,1.6018306636155606,860,840,14,0,826,813,231729,34,0,0,34,27
2020-06-25,US,Tennessee,Wilson,683,15,0,36.15496772,-86.29775884,47189.0,472.1513649529577,2.1961932650073206,668,658,15,0,643,649,140625,25,0,0,25,9
2020-06-25,US,Texas,Anderson,1014,2,0,31.81534745,-95.65354823,48001.0,1756.300337750065,0.19723865877712032,1012,1013,2,0,1011,1009,58057,1,0,0,1,4
2020-06-25,US,Texas,Andrews,51,0,0,32.30468633,-102.63765479999999,48003.0,272.654370489174,0.0,51,46,0,0,46,44,18128,5,0,0,5,2
2020-06-25,US,Texas,Angelina,445,6,0,31.25457347,-94.60901487,48005.0,513.1753445194026,1.348314606741573,439,426,6,0,420,415,87092,19,0,0,19,11
2020-06-25,US,Texas,Aransas,10,0,0,28.10556197,-96.9995047,48007.0,42.535091450446615,0.0,10,10,0,0,10,10,23792,0,0,0,0,0
2020-06-25,US,Texas,Archer,5,0,0,33.61569967,-98.68754589,48009.0,58.459020226821,0.0,5,5,0,0,5,4,8786,0,0,0,0,1
2020-06-25,US,Texas,Armstrong,3,0,0,34.96507426,-101.35748740000001,48011.0,158.9825119236884,0.0,3,3,0,0,3,3,1892,0,0,0,0,0
2020-06-25,US,Texas,Atascosa,87,2,0,28.89333001,-98.52730485,48013.0,170.0780012902469,2.2988505747126435,85,84,2,0,82,79,50310,3,0,0,3,5
2020-06-25,US,Texas,Austin,57,0,0,29.88548725,-96.27736949,48015.0,189.79754928076719,0.0,57,57,0,0,57,56,29989,0,0,0,0,1
2020-06-25,US,Texas,Bailey,87,1,0,34.06854817,-102.8299707,48017.0,1242.857142857143,1.1494252873563218,86,86,1,0,85,88,7027,1,0,0,1,-2
2020-06-25,US,Texas,Bandera,15,0,0,29.74619598,-99.24598147,48019.0,64.90134994807892,0.0,15,15,0,0,15,16,22824,0,0,0,0,-1
2020-06-25,US,Texas,Bastrop,386,6,0,30.10370699,-97.31206354,48021.0,435.06193433495264,1.5544041450777202,380,373,5,0,368,369,86976,13,1,0,12,4
2020-06-25,US,Texas,Baylor,2,0,0,33.61640794,-99.21352901,48023.0,56.99629524080935,0.0,2,2,0,0,2,1,3582,0,0,0,0,1
2020-06-25,US,Texas,Bee,38,0,0,28.41761668,-97.74215593,48025.0,116.68969752802087,0.0,38,36,0,0,36,36,32587,2,0,0,2,0
2020-06-25,US,Texas,Bell,1009,11,0,31.03736027,-97.4785025,48027.0,278.01964047569186,1.0901883052527257,998,925,11,0,914,875,355642,84,0,0,84,50
2020-06-25,US,Texas,Bexar,7814,104,0,29.44928723,-98.52019748,48029.0,390.0069576362803,1.3309444586639363,7710,7467,100,0,7367,7156,1986049,347,4,0,343,311
2020-06-25,US,Texas,Blanco,27,1,0,30.26640707,-98.3999852,48031.0,226.3012320844858,3.703703703703704,26,27,1,0,26,24,11702,0,0,0,0,3
2020-06-25,US,Texas,Bosque,10,0,0,31.89978581,-97.63613524,48035.0,53.51886540005352,0.0,10,10,0,0,10,10,18691,0,0,0,0,0
2020-06-25,US,Texas,Bowie,413,13,0,33.44626922,-94.41834132,48037.0,442.9191913775538,3.1476997578692494,400,406,13,0,393,404,94324,7,0,0,7,2
2020-06-25,US,Texas,Brazoria,1913,19,0,29.18757369,-95.44563172,48039.0,511.1365239510079,0.9932043910088866,1894,1838,19,0,1819,1814,370200,75,0,0,75,24
2020-06-25,US,Texas,Brazos,1377,26,0,30.663644800000004,-96.30205577,48041.0,600.7565081955055,1.888162672476398,1351,1305,25,0,1280,1260,226758,72,1,0,71,45
2020-06-25,US,Texas,Brewster,76,0,0,29.81008251,-103.25203259999999,48043.0,825.8176681516896,0.0,76,61,0,0,61,45,9267,15,0,0,15,16
2020-06-25,US,Texas,Briscoe,2,0,0,34.53026962,-101.2084947,48045.0,129.36610608020698,0.0,2,1,0,0,1,1,1516,1,0,0,1,0
2020-06-25,US,Texas,Brooks,3,0,0,27.03103197,-98.21808402,48047.0,42.295220640067676,0.0,3,3,0,0,3,3,7114,0,0,0,0,0
2020-06-25,US,Texas,Brown,68,10,0,31.77430356,-98.99907113,48049.0,179.59011197971688,14.705882352941178,58,65,10,0,55,65,37924,3,0,0,3,0
2020-06-25,US,Texas,Burleson,68,0,0,30.49273808,-96.62158484,48051.0,368.7035731713929,0.0,68,67,0,0,67,67,18389,1,0,0,1,0
2020-06-25,US,Texas,Burnet,100,3,0,30.78801353,-98.181887,48053.0,207.66275568476794,3.0,97,100,3,0,97,97,47542,0,0,0,0,3
2020-06-25,US,Texas,Caldwell,286,1,0,29.83668859,-97.61814775,48055.0,655.0018321729573,0.34965034965034963,285,286,1,0,285,275,43247,0,0,0,0,11
2020-06-25,US,Texas,Calhoun,69,3,0,28.47048236,-96.61633945,48057.0,324.0958196336308,4.3478260869565215,66,58,3,0,55,56,21561,11,0,0,11,2
2020-06-25,US,Texas,Callahan,16,2,0,32.29760619,-99.37326312,48059.0,114.75292261349782,12.5,14,16,2,0,14,13,13994,0,0,0,0,3
2020-06-25,US,Texas,Cameron,1881,52,0,26.14524221,-97.48140372,48061.0,444.50956250900947,2.7644869750132908,1829,1758,50,0,1708,1647,423908,123,2,0,121,111
2020-06-25,US,Texas,Camp,113,1,0,32.97195142,-94.97790104,48063.0,862.9906827554605,0.8849557522123894,112,113,1,0,112,110,13033,0,0,0,0,3
2020-06-25,US,Texas,Carson,6,0,0,35.40365929,-101.35426690000001,48065.0,101.24873439082012,0.0,6,6,0,0,6,6,6005,0,0,0,0,0
2020-06-25,US,Texas,Cass,37,2,0,33.07499881,-94.34646905,48067.0,123.22653700126557,5.405405405405406,35,36,2,0,34,36,30119,1,0,0,1,0
2020-06-25,US,Texas,Castro,70,1,0,34.53016752,-102.2617243,48069.0,929.6148738379816,1.4285714285714286,69,65,1,0,64,63,7665,5,0,0,5,2
2020-06-25,US,Texas,Chambers,191,2,0,29.70972016,-94.67154501,48071.0,435.70499806099866,1.0471204188481675,189,181,2,0,179,175,42454,10,0,0,10,6
2020-06-25,US,Texas,Cherokee,87,2,0,31.837258000000002,-95.16559897,48073.0,165.2547202066634,2.2988505747126435,85,82,2,0,80,77,52592,5,0,0,5,5
2020-06-25,US,Texas,Childress,7,0,0,34.529304100000004,-100.2077916,48075.0,95.81166164796059,0.0,7,7,0,0,7,6,7291,0,0,0,0,1
2020-06-25,US,Texas,Clay,5,0,0,33.78686685,-98.20771198,48077.0,47.75093114315729,0.0,5,5,0,0,5,5,10456,0,0,0,0,0
2020-06-25,US,Texas,Cochran,1,0,0,33.60425307,-102.82844990000001,48079.0,35.05082369435681,0.0,1,1,0,0,1,1,2836,0,0,0,0,0
2020-06-25,US,Texas,Coke,5,1,0,31.88911733,-100.5297533,48081.0,147.62326542663124,20.0,4,5,1,0,4,5,3370,0,0,0,0,0
2020-06-25,US,Texas,Coleman,3,0,0,31.76736834,-99.45240766,48083.0,36.697247706422026,0.0,3,3,0,0,3,3,8397,0,0,0,0,0
2020-06-25,US,Texas,Collin,2449,39,0,33.18820114,-96.57264368,48085.0,236.68010012273731,1.5924867292772558,2410,2359,38,0,2321,2250,1005146,90,1,0,89,109
2020-06-25,US,Texas,Collingsworth,5,0,0,34.96489496,-100.27001109999999,48087.0,171.23287671232876,0.0,5,5,0,0,5,5,2962,0,0,0,0,0
2020-06-25,US,Texas,Colorado,66,0,0,29.622097999999998,-96.5273805,48089.0,307.0767226538873,0.0,66,58,0,0,58,55,21217,8,0,0,8,3
2020-06-25,US,Texas,Comal,374,7,0,29.80811278,-98.27647225,48091.0,239.42282454916167,1.8716577540106951,367,332,7,0,325,280,148373,42,0,0,42,52
2020-06-25,US,Texas,Comanche,17,1,0,31.94854689,-98.55876441,48093.0,124.67913458012468,5.882352941176472,16,14,1,0,13,14,13534,3,0,0,3,0
2020-06-25,US,Texas,Concho,4,0,0,31.32635934,-99.86473038,48095.0,146.7351430667645,0.0,4,2,0,0,2,2,4276,2,0,0,2,0
2020-06-25,US,Texas,Cooke,30,0,0,33.63979567,-97.21240912,48097.0,72.71493322345299,0.0,30,30,0,0,30,30,40574,0,0,0,0,0
2020-06-25,US,Texas,Coryell,321,2,0,31.39078397,-97.79936155,48099.0,422.64091322036575,0.6230529595015576,319,322,2,0,320,321,74808,-1,0,0,-1,1
2020-06-25,US,Texas,Cottle,4,1,0,34.07783319,-100.27850620000001,48101.0,286.12303290414883,25.0,3,4,1,0,3,4,1389,0,0,0,0,0
2020-06-25,US,Texas,Crane,49,7,0,31.43052248,-102.5143314,48103.0,1021.4717531790703,14.285714285714285,42,48,6,0,42,47,4794,1,1,0,0,1
2020-06-25,US,Texas,Crockett,5,0,0,30.72367027,-101.4134238,48105.0,144.3418013856813,0.0,5,5,0,0,5,5,3499,0,0,0,0,0
2020-06-25,US,Texas,Crosby,13,1,0,33.61431553,-101.30003640000001,48107.0,226.59926791005756,7.6923076923076925,12,13,1,0,12,9,5779,0,0,0,0,4
2020-06-25,US,Texas,Culberson,3,0,0,31.44506775,-104.5185739,48109.0,138.18516812528787,0.0,3,3,0,0,3,3,2204,0,0,0,0,0
2020-06-25,US,Texas,Dallam,79,1,0,36.27787176,-102.60207249999999,48111.0,1084.1224097708248,1.2658227848101269,78,76,1,0,75,62,7200,3,0,0,3,14
2020-06-25,US,Texas,Dallas,18538,334,0,32.76670599,-96.77796049999999,48113.0,703.3916697906595,1.801704606753695,18204,18135,328,0,17807,17744,2637772,403,6,0,397,391
2020-06-25,US,Texas,Dawson,45,1,0,32.74255572,-101.94772420000001,48115.0,353.55122564424886,2.2222222222222223,44,45,1,0,44,45,12619,0,0,0,0,0
2020-06-25,US,Texas,DeWitt,43,1,0,29.08101855,-97.35681170000001,48123.0,213.2936507936508,2.3255813953488373,42,42,1,0,41,42,20187,1,0,0,1,0
2020-06-25,US,Texas,Deaf Smith,268,16,0,34.96522957,-102.6054267,48117.0,1445.055537582228,5.970149253731344,252,262,16,0,246,254,18760,6,0,0,6,8
2020-06-25,US,Texas,Delta,5,0,0,33.38570922,-95.66921122,48119.0,93.79103357719002,0.0,5,5,0,0,5,4,5349,0,0,0,0,1
2020-06-25,US,Texas,Denton,2417,37,0,33.20521901,-97.11691153,48121.0,272.427967768514,1.5308233347124534,2380,2302,36,0,2266,2219,859064,115,1,0,114,83
2020-06-25,US,Texas,Dickens,2,0,0,33.61616822,-100.7788855,48125.0,90.45680687471732,0.0,2,2,0,0,2,2,2249,0,0,0,0,0
2020-06-25,US,Texas,Dimmit,5,0,0,28.42270064,-99.75645095,48127.0,49.38759383642829,0.0,5,3,0,0,3,3,10308,2,0,0,2,0
2020-06-25,US,Texas,Donley,27,0,0,34.96517499,-100.8140093,48129.0,823.672971323978,0.0,27,27,0,0,27,27,3319,0,0,0,0,0
2020-06-25,US,Texas,Duval,8,0,0,27.68184592,-98.50864568,48131.0,71.70386304562159,0.0,8,7,0,0,7,6,11212,1,0,0,1,1
2020-06-25,US,Texas,Eastland,8,0,0,32.32743996,-98.83243566,48133.0,43.572984749455344,0.0,8,8,0,0,8,7,18322,0,0,0,0,1
2020-06-25,US,Texas,Ector,434,7,0,31.86898877,-102.54294279999999,48135.0,261.09503498312506,1.6129032258064515,427,396,7,0,389,359,162124,38,0,0,38,37
2020-06-25,US,Texas,Edwards,2,0,0,29.98202582,-100.304252,48137.0,103.51966873706004,0.0,2,,,,,,1928,,,,,
2020-06-25,US,Texas,El Paso,4984,125,0,31.76980765,-106.23632749999999,48141.0,593.8720601307376,2.5080256821829856,4859,4809,122,0,4687,4677,840758,175,3,0,172,132
2020-06-25,US,Texas,Ellis,684,19,0,32.34894117,-96.79371841,48139.0,370.0778029065175,2.7777777777777777,665,684,19,0,665,539,179436,0,0,0,0,145
2020-06-25,US,Texas,Erath,104,1,0,32.23602653,-98.21773417,48143.0,243.5711274532765,0.9615384615384616,103,100,1,0,99,85,42446,4,0,0,4,15
2020-06-25,US,Texas,Falls,25,0,0,31.25350609,-96.93630086,48145.0,144.5337341735561,0.0,25,25,0,0,25,25,17335,0,0,0,0,0
2020-06-25,US,Texas,Fannin,82,7,0,33.59564294,-96.10751083,48147.0,230.89485836571487,8.536585365853659,75,82,7,0,75,67,35286,0,0,0,0,15
2020-06-25,US,Texas,Fayette,76,2,0,29.87788372,-96.92076062,48149.0,299.8500749625188,2.631578947368421,74,75,2,0,73,71,25349,1,0,0,1,4
2020-06-25,US,Texas,Fisher,2,1,0,32.74281316,-100.40193020000001,48151.0,52.219321148825074,50.0,1,2,1,0,1,2,3839,0,0,0,0,0
2020-06-25,US,Texas,Floyd,22,1,0,34.07227468,-101.3031546,48153.0,385.1540616246497,4.545454545454546,21,21,1,0,20,21,5837,1,0,0,1,0
2020-06-25,US,Texas,Fort Bend,3267,51,0,29.52704478,-95.77219463,48157.0,402.49455455790894,1.561065197428834,3216,3176,50,0,3126,3132,787858,91,1,0,90,44
2020-06-25,US,Texas,Franklin,36,0,0,33.17653242,-95.21917243,48159.0,335.6643356643357,0.0,36,35,0,0,35,35,10766,1,0,0,1,0
2020-06-25,US,Texas,Freestone,21,0,0,31.70422788,-96.15072516,48161.0,106.50707511284678,0.0,21,20,0,0,20,20,19808,1,0,0,1,0
2020-06-25,US,Texas,Frio,157,0,0,28.86751206,-99.10804207,48163.0,773.1704914803506,0.0,157,157,0,0,157,142,19816,0,0,0,0,15
2020-06-25,US,Texas,Gaines,15,0,0,32.74055318,-102.6353295,48165.0,69.79341150195421,0.0,15,14,0,0,14,14,20901,1,0,0,1,0
2020-06-25,US,Texas,Galveston,2266,40,0,29.40167322,-94.90469073,48167.0,662.3039174136828,1.76522506619594,2226,2040,40,0,2000,1968,337890,226,0,0,226,72
2020-06-25,US,Texas,Garza,11,0,0,33.17969345,-101.2984114,48169.0,176.5933536683256,0.0,11,7,0,0,7,7,6578,4,0,0,4,0
2020-06-25,US,Texas,Gillespie,33,0,0,30.31824095,-98.94676915,48171.0,122.27656736327258,0.0,33,29,0,0,29,23,26804,4,0,0,4,6
2020-06-25,US,Texas,Glasscock,5,0,0,31.86942909,-101.5207776,48173.0,354.86160397445,0.0,5,5,0,0,5,5,1388,0,0,0,0,0
2020-06-25,US,Texas,Goliad,8,0,0,28.65696592,-97.42760647,48175.0,104.46591799425435,0.0,8,7,0,0,7,7,7584,1,0,0,1,0
2020-06-25,US,Texas,Gonzales,235,4,0,29.45634206,-97.49424032,48177.0,1127.8015069347796,1.702127659574468,231,231,4,0,227,217,20826,4,0,0,4,14
2020-06-25,US,Texas,Gray,113,4,0,35.40081878,-100.8129222,48179.0,516.3117974961161,3.5398230088495577,109,113,4,0,109,113,21895,0,0,0,0,0
2020-06-25,US,Texas,Grayson,547,5,0,33.62744998,-96.67753461,48181.0,401.5798901712037,0.9140767824497258,542,537,5,0,532,521,133991,10,0,0,10,16
2020-06-25,US,Texas,Gregg,315,13,0,32.47940482,-94.81591935,48183.0,254.1449836621082,4.126984126984127,302,313,12,0,301,310,123707,2,1,0,1,3
2020-06-25,US,Texas,Grimes,322,2,0,30.54579585,-95.98902499,48185.0,1114.9584487534628,0.6211180124223602,320,312,2,0,310,312,28360,10,0,0,10,0
2020-06-25,US,Texas,Guadalupe,563,1,0,29.58165339,-97.94786822,48187.0,337.4348954431305,0.17761989342806395,562,467,1,0,466,417,163694,96,0,0,96,50
2020-06-25,US,Texas,Hale,214,7,0,34.07044901,-101.82681140000001,48189.0,640.6034844039992,3.2710280373831777,207,178,6,0,172,176,33830,36,1,0,35,2
2020-06-25,US,Texas,Hall,2,1,0,34.5307555,-100.68138520000001,48191.0,67.47638326585695,50.0,1,2,1,0,1,2,3028,0,0,0,0,0
2020-06-25,US,Texas,Hamilton,19,1,0,31.70470573,-98.11083887,48193.0,224.5597447110271,5.2631578947368425,18,19,1,0,18,19,8484,0,0,0,0,0
2020-06-25,US,Texas,Hansford,26,2,0,36.27743284,-101.3545796,48195.0,481.5706612335618,7.6923076923076925,24,24,2,0,22,24,5463,2,0,0,2,0
2020-06-25,US,Texas,Hardeman,4,0,0,34.28944521,-99.74632408,48197.0,101.70353419781335,0.0,4,4,0,0,4,4,3922,0,0,0,0,0
2020-06-25,US,Texas,Hardin,211,5,0,30.33364686,-94.38931817,48199.0,366.3067254609215,2.3696682464454977,206,205,5,0,200,194,57207,6,0,0,6,11
2020-06-25,US,Texas,Harris,27016,353,0,29.86,-95.39,48201.0,573.1834745110936,1.3066331063073735,26663,25786,346,0,25440,24421,4698619,1230,7,0,1223,1365
2020-06-25,US,Texas,Harrison,281,33,0,32.54935988,-94.36934071,48203.0,422.2198849037609,11.743772241992884,248,279,33,0,246,276,66726,2,0,0,2,3
2020-06-25,US,Texas,Hartley,13,2,0,35.84008013,-102.6029022,48205.0,233.14203730272598,15.384615384615385,11,13,2,0,11,13,5619,0,0,0,0,0
2020-06-25,US,Texas,Haskell,4,0,0,33.17823584,-99.73037358,48207.0,70.69635913750443,0.0,4,4,0,0,4,4,5813,0,0,0,0,0
2020-06-25,US,Texas,Hays,2194,5,0,30.05669873,-98.02944344,48209.0,953.1215382008853,0.227894257064722,2189,2001,5,0,1996,1871,222631,193,0,0,193,130
2020-06-25,US,Texas,Hemphill,5,0,0,35.83764858,-100.2703577,48211.0,130.92432573972243,0.0,5,3,0,0,3,3,3825,2,0,0,2,0
2020-06-25,US,Texas,Henderson,109,4,0,32.21128872,-95.85846587,48213.0,131.74275112706528,3.669724770642202,105,104,4,0,100,102,82299,5,0,0,5,2
2020-06-25,US,Texas,Hidalgo,2503,29,0,26.39418217,-98.18299696,48215.0,288.12936928101186,1.1586096683979226,2474,2130,25,0,2105,1882,865939,373,4,0,369,248
2020-06-25,US,Texas,Hill,51,1,0,31.99045053,-97.13423143,48217.0,139.15795792518213,1.96078431372549,50,50,1,0,49,50,36354,1,0,0,1,0
2020-06-25,US,Texas,Hockley,33,1,0,33.60771256,-102.3431676,48219.0,143.34737848051782,3.0303030303030303,32,33,1,0,32,30,22980,0,0,0,0,3
2020-06-25,US,Texas,Hood,57,4,0,32.42990927,-97.83242024,48221.0,92.46792012069496,7.0175438596491215,53,45,4,0,41,36,60537,12,0,0,12,9
2020-06-25,US,Texas,Hopkins,52,1,0,33.14875072,-95.56351139,48223.0,140.22219825261567,1.9230769230769231,51,51,1,0,50,51,36810,1,0,0,1,0
2020-06-25,US,Texas,Houston,157,0,0,31.31925973,-95.42226208,48225.0,683.5597352838732,0.0,157,157,0,0,157,153,23169,0,0,0,0,4
2020-06-25,US,Texas,Howard,34,1,0,32.30621324,-101.4356444,48227.0,92.7340170194196,2.9411764705882355,33,32,1,0,31,29,36459,2,0,0,2,3
2020-06-25,US,Texas,Hudspeth,14,0,0,31.45628381,-105.388178,48229.0,286.5329512893983,0.0,14,14,0,0,14,14,4795,0,0,0,0,0
2020-06-25,US,Texas,Hunt,330,5,0,33.12351514,-96.08551032,48231.0,334.70596588027666,1.5151515151515151,325,319,5,0,314,258,96493,11,0,0,11,61
2020-06-25,US,Texas,Hutchinson,55,0,0,35.84006574,-101.3546643,48233.0,262.6802942019295,0.0,55,54,0,0,54,53,21198,1,0,0,1,1
2020-06-25,US,Texas,Irion,1,0,0,31.30375559,-100.982439,48235.0,65.10416666666667,0.0,1,1,0,0,1,1,1522,0,0,0,0,0
2020-06-25,US,Texas,Jack,7,0,0,33.23377248,-98.17283469,48237.0,78.3435926133184,0.0,7,7,0,0,7,6,8843,0,0,0,0,1
2020-06-25,US,Texas,Jackson,36,1,0,28.95472367,-96.57749563,48239.0,243.90243902439025,2.7777777777777777,35,27,1,0,26,27,14874,9,0,0,9,0
2020-06-25,US,Texas,Jasper,43,1,0,30.74685667,-94.02667579,48241.0,121.0278927073658,2.3255813953488373,42,41,1,0,40,39,35872,2,0,0,2,2
2020-06-25,US,Texas,Jefferson,1520,32,0,29.8832777,-94.16434171,48245.0,604.217597837537,2.1052631578947367,1488,1486,32,0,1454,1447,255001,34,0,0,34,39
2020-06-25,US,Texas,Jim Hogg,10,0,0,27.04453923,-98.69681870000001,48247.0,192.3076923076923,0.0,10,9,0,0,9,9,5248,1,0,0,1,0
2020-06-25,US,Texas,Jim Wells,56,0,0,27.73103938,-98.0904705,48249.0,138.33308630996493,0.0,56,50,0,0,50,46,40822,6,0,0,6,4
2020-06-25,US,Texas,Johnson,314,4,0,32.37877812,-97.36615819,48251.0,178.59478889982196,1.2738853503184713,310,314,4,0,310,267,171361,0,0,0,0,47
2020-06-25,US,Texas,Jones,604,0,0,32.73997145,-99.87861576,48253.0,3007.518796992481,0.0,604,604,0,0,604,604,19817,0,0,0,0,0
2020-06-25,US,Texas,Karnes,17,0,0,28.90705334,-97.85960149,48255.0,108.96737388628935,0.0,17,15,0,0,15,14,15650,2,0,0,2,1
2020-06-25,US,Texas,Kaufman,490,4,0,32.599141700000004,-96.28734728,48257.0,359.8865989981932,0.8163265306122449,486,490,4,0,486,374,128622,0,0,0,0,116
2020-06-25,US,Texas,Kendall,58,0,0,29.94414155,-98.7113588,48259.0,122.28289515295904,0.0,58,56,0,0,56,47,45641,2,0,0,2,9
2020-06-25,US,Texas,Kerr,66,1,0,30.06040006,-99.34930144,48265.0,125.47528517110266,1.5151515151515151,65,50,1,0,49,43,52405,16,0,0,16,7
2020-06-25,US,Texas,Kimble,1,0,0,30.48678918,-99.74856473,48267.0,23.057412958266077,0.0,1,1,0,0,1,1,4362,0,0,0,0,0
2020-06-25,US,Texas,Kinney,2,0,0,29.34967888,-100.41866379999999,48271.0,54.5404963185165,0.0,2,2,0,0,2,3,3767,0,0,0,0,-1
2020-06-25,US,Texas,Kleberg,33,1,0,27.42435506,-97.69894948,48273.0,107.5619295958279,3.0303030303030303,32,32,1,0,31,32,31129,1,0,0,1,0
2020-06-25,US,Texas,Knox,1,0,0,33.60519951,-99.74229059999999,48275.0,27.29257641921397,0.0,1,1,0,0,1,1,3653,0,0,0,0,0
2020-06-25,US,Texas,La Salle,8,0,0,28.34453111,-99.09908775,48283.0,106.38297872340424,0.0,8,8,0,0,8,7,7531,0,0,0,0,1
2020-06-25,US,Texas,Lamar,238,13,0,33.66981763,-95.57404777,48277.0,477.34611604725325,5.46218487394958,225,230,13,0,217,227,49728,8,0,0,8,3
2020-06-25,US,Texas,Lamb,33,0,0,34.06859623,-102.35162890000001,48279.0,255.95284262778253,0.0,33,32,0,0,32,32,13158,1,0,0,1,0
2020-06-25,US,Texas,Lampasas,19,0,0,31.19531316,-98.24206613,48281.0,88.66903117416464,0.0,19,19,0,0,19,19,21229,0,0,0,0,0
2020-06-25,US,Texas,Lavaca,108,1,0,29.38508402,-96.93186692,48285.0,535.8737719559392,0.925925925925926,107,99,1,0,98,86,20110,9,0,0,9,13
2020-06-25,US,Texas,Lee,54,4,0,30.31120597,-96.97045773,48287.0,313.243227565404,7.407407407407407,50,53,4,0,49,53,17144,1,0,0,1,0
2020-06-25,US,Texas,Leon,19,0,0,31.29872538,-95.9936328,48289.0,109.17030567685588,0.0,19,19,0,0,19,19,17270,0,0,0,0,0
2020-06-25,US,Texas,Liberty,212,3,0,30.15152688,-94.81205615,48291.0,240.3110441061449,1.4150943396226414,209,207,3,0,204,196,86323,5,0,0,5,11
2020-06-25,US,Texas,Limestone,42,1,0,31.5454767,-96.58095444,48293.0,179.20382301489101,2.380952380952381,41,42,1,0,41,42,23519,0,0,0,0,0
2020-06-25,US,Texas,Lipscomb,9,0,0,36.27783108,-100.27331509999999,48295.0,278.3792143519951,0.0,9,9,0,0,9,9,3355,0,0,0,0,0
2020-06-25,US,Texas,Live Oak,15,0,0,28.35101362,-98.1246786,48297.0,122.88031457360529,0.0,15,15,0,0,15,15,12166,0,0,0,0,0
2020-06-25,US,Texas,Llano,7,0,0,30.70645047,-98.68475262,48299.0,32.11745813259922,0.0,7,8,0,0,8,8,21646,-1,0,0,-1,0
2020-06-25,US,Texas,Lubbock,1665,51,0,33.61008596,-101.82047890000001,48303.0,536.1127478917729,3.063063063063063,1614,1547,51,0,1496,1407,307412,118,0,0,118,140
2020-06-25,US,Texas,Lynn,26,1,0,33.17657705,-101.8162849,48305.0,436.9013611157789,3.8461538461538463,25,23,1,0,22,23,5877,3,0,0,3,0
2020-06-25,US,Texas,Madison,26,0,0,30.96694679,-95.93003775,48313.0,182.02184262111453,0.0,26,27,0,0,27,28,14422,-1,0,0,-1,-1
2020-06-25,US,Texas,Marion,23,1,0,32.79868409,-94.35661230000001,48315.0,233.40775319667142,4.3478260869565215,22,23,1,0,22,21,9928,0,0,0,0,2
2020-06-25,US,Texas,Martin,9,1,0,32.30600051,-101.9513518,48317.0,155.9521746664356,11.111111111111109,8,8,1,0,7,7,5753,1,0,0,1,1
2020-06-25,US,Texas,Mason,33,0,0,30.71780434,-99.22629416,48319.0,772.1104351895182,0.0,33,33,0,0,33,33,4280,0,0,0,0,0
2020-06-25,US,Texas,Matagorda,131,5,0,28.81955746,-96.01230294,48321.0,357.5034795185984,3.816793893129771,126,131,5,0,126,117,36552,0,0,0,0,14
2020-06-25,US,Texas,Maverick,282,2,0,28.7429195,-100.3157686,48323.0,480.2288750383161,0.7092198581560284,280,250,2,0,248,250,58485,32,0,0,32,0
2020-06-25,US,Texas,McCulloch,7,0,0,31.1925468,-99.34682807,48307.0,87.67535070140279,0.0,7,7,0,0,7,6,7987,0,0,0,0,1
2020-06-25,US,Texas,McLennan,473,6,0,31.55255453,-97.20217694,48309.0,184.31707212525768,1.2684989429175475,467,421,5,0,416,371,254607,52,1,0,51,50
2020-06-25,US,Texas,Medina,255,2,0,29.355730100000002,-99.11030298,48325.0,494.3393300248138,0.7843137254901961,253,255,2,0,253,251,50921,0,0,0,0,4
2020-06-25,US,Texas,Menard,3,0,0,30.88990665,-99.82047940000001,48327.0,140.31805425631433,0.0,3,3,0,0,3,2,2139,0,0,0,0,1
2020-06-25,US,Texas,Midland,494,14,0,31.86904128,-102.03156820000001,48329.0,279.361201592472,2.8340080971659916,480,454,14,0,440,417,172578,40,0,0,40,37
2020-06-25,US,Texas,Milam,73,1,0,30.78581830000001,-96.97718698,48331.0,294.08210127704143,1.3698630136986298,72,68,1,0,67,63,25131,5,0,0,5,5
2020-06-25,US,Texas,Mills,1,0,0,31.49557106,-98.59272068,48333.0,20.521239482864765,0.0,1,1,0,0,1,1,4921,0,0,0,0,0
2020-06-25,US,Texas,Mitchell,4,0,0,32.30623474,-100.9212058,48335.0,46.81100058513751,0.0,4,3,0,0,3,3,8145,1,0,0,1,0
2020-06-25,US,Texas,Montague,17,1,0,33.67521893,-97.72500958,48337.0,85.78060349177515,5.882352941176472,16,17,1,0,16,14,19596,0,0,0,0,3
2020-06-25,US,Texas,Montgomery,1889,36,0,30.30079133,-95.50572772,48339.0,311.00230329392434,1.9057702488088937,1853,1831,36,0,1795,1737,590925,58,0,0,58,94
2020-06-25,US,Texas,Moore,886,14,0,35.83769242,-101.8930281,48341.0,4231.136580706781,1.580135440180587,872,881,14,0,867,881,21485,5,0,0,5,0
2020-06-25,US,Texas,Morris,37,0,0,33.11304005,-94.73255695,48343.0,298.67613819825635,0.0,37,37,0,0,37,35,12339,0,0,0,0,2
2020-06-25,US,Texas,Motley,1,0,0,34.07408766,-100.77972199999999,48345.0,83.33333333333333,0.0,1,1,0,0,1,1,1234,0,0,0,0,0
2020-06-25,US,Texas,Nacogdoches,360,26,0,31.62017125,-94.61803994,48347.0,552.1133672780811,7.222222222222222,334,353,26,0,327,349,65711,7,0,0,7,4
2020-06-25,US,Texas,Navarro,170,5,0,32.04620681,-96.47428766,48349.0,339.23333266816985,2.9411764705882355,165,156,4,0,152,148,49565,14,1,0,13,8
2020-06-25,US,Texas,Newton,12,0,0,30.78548982,-93.74408813,48351.0,88.26774549466715,0.0,12,12,0,0,12,11,13746,0,0,0,0,1
2020-06-25,US,Texas,Nolan,18,0,0,32.30365282,-100.4060208,48353.0,122.33247247519371,0.0,18,16,0,0,16,13,14751,2,0,0,2,3
2020-06-25,US,Texas,Nueces,1028,6,0,27.736286,-97.5433285,48355.0,283.74745372542736,0.5836575875486382,1022,813,6,0,807,742,362265,215,0,0,215,71
2020-06-25,US,Texas,Ochiltree,53,2,0,36.27829105,-100.8158184,48357.0,538.8369255795038,3.7735849056603774,51,53,2,0,51,53,9947,0,0,0,0,0
2020-06-25,US,Texas,Oldham,4,1,0,35.40425596,-102.6027606,48359.0,189.3939393939394,25.0,3,4,1,0,3,4,2131,0,0,0,0,0
2020-06-25,US,Texas,Orange,166,3,0,30.11879481,-93.89412775,48361.0,199.05031416374885,1.8072289156626504,163,164,3,0,161,155,83572,2,0,0,2,9
2020-06-25,US,Texas,Palo Pinto,17,2,0,32.75310985,-98.31319001,48363.0,58.24111822947,11.764705882352944,15,17,2,0,15,14,28875,0,0,0,0,3
2020-06-25,US,Texas,Panola,209,25,0,32.163959600000005,-94.30552481,48365.0,901.0951108045184,11.961722488038278,184,209,24,0,185,209,23148,0,1,0,-1,0
2020-06-25,US,Texas,Parker,177,1,0,32.77757172,-97.80500621,48367.0,123.88191324066686,0.5649717514124294,176,177,1,0,176,138,138371,0,0,0,0,39
2020-06-25,US,Texas,Parmer,174,3,0,34.52993409,-102.78446679999999,48369.0,1811.5564809994794,1.7241379310344829,171,167,3,0,164,165,9864,7,0,0,7,2
2020-06-25,US,Texas,Pecos,116,0,0,30.78097267,-102.72412609999999,48371.0,733.1100297035962,0.0,116,113,0,0,113,112,15673,3,0,0,3,1
2020-06-25,US,Texas,Polk,95,0,0,30.79472531,-94.82766240000001,48373.0,184.99406071699804,0.0,95,88,0,0,88,85,50031,7,0,0,7,3
2020-06-25,US,Texas,Potter,2843,39,0,35.40133773,-101.893964,48375.0,2421.3260656645234,1.3717903622933523,2804,2838,39,0,2799,2831,119648,5,0,0,5,7
2020-06-25,US,Texas,Presidio,14,0,0,29.99954402,-104.24080790000001,48377.0,208.83054892601436,0.0,14,14,0,0,14,14,6948,0,0,0,0,0
2020-06-25,US,Texas,Rains,8,0,0,32.87109387,-95.79232691,48379.0,63.9284001917852,0.0,8,8,0,0,8,8,12159,0,0,0,0,0
2020-06-25,US,Texas,Randall,809,6,0,34.96585996,-101.8971322,48381.0,587.4536173055558,0.7416563658838071,803,793,6,0,787,780,136271,16,0,0,16,13
2020-06-25,US,Texas,Reagan,2,0,0,31.36607041,-101.52326590000001,48383.0,51.96154845414394,0.0,2,2,0,0,2,2,3741,0,0,0,0,0
2020-06-25,US,Texas,Real,1,0,0,29.83321503,-99.82018052,48385.0,28.968713789107767,0.0,1,1,0,0,1,1,3478,0,0,0,0,0
2020-06-25,US,Texas,Red River,101,8,0,33.61886692,-95.04841765,48387.0,840.0565582633285,7.920792079207921,93,99,8,0,91,99,12175,2,0,0,2,0
2020-06-25,US,Texas,Reeves,18,0,0,31.32323325,-103.69038959999999,48389.0,112.66900350525788,0.0,18,17,0,0,17,15,15695,1,0,0,1,2
2020-06-25,US,Texas,Refugio,10,0,0,28.323897600000002,-97.15766311,48391.0,143.92630972941853,0.0,10,9,0,0,9,6,7032,1,0,0,1,3
2020-06-25,US,Texas,Roberts,3,0,0,35.83809685,-100.813175,48393.0,351.28805620608904,0.0,3,3,0,0,3,3,903,0,0,0,0,0
2020-06-25,US,Texas,Robertson,33,0,0,31.02539637,-96.51272246,48395.0,193.27632657842327,0.0,33,33,0,0,33,33,17284,0,0,0,0,0
2020-06-25,US,Texas,Rockwall,276,16,0,32.89779518,-96.40771592,48397.0,263.07010437020443,5.797101449275362,260,276,16,0,260,264,100657,0,0,0,0,12
2020-06-25,US,Texas,Runnels,5,0,0,31.8314342,-99.97616148,48399.0,48.71395167575994,0.0,5,5,0,0,5,3,10234,0,0,0,0,2
2020-06-25,US,Texas,Rusk,262,2,0,32.10773545,-94.76176432,48401.0,481.5645333235305,0.7633587786259542,260,253,2,0,251,253,54450,9,0,0,9,0
2020-06-25,US,Texas,Sabine,21,1,0,31.34318809,-93.85440451,48403.0,199.20318725099602,4.761904761904762,20,21,1,0,20,21,10589,0,0,0,0,0
2020-06-25,US,Texas,San Augustine,101,6,0,31.39457611,-94.17000399,48405.0,1226.1745781231032,5.9405940594059405,95,99,6,0,93,88,8232,2,0,0,2,11
2020-06-25,US,Texas,San Jacinto,28,0,0,30.57933681,-95.16260304,48407.0,97.0234588863093,0.0,28,25,0,0,25,24,28719,3,0,0,3,1
2020-06-25,US,Texas,San Patricio,96,0,0,28.00880118,-97.51763891,48409.0,143.86332983665517,0.0,96,85,0,0,85,80,66893,11,0,0,11,5
2020-06-25,US,Texas,San Saba,4,0,0,31.1577796,-98.81758731,48411.0,66.06110652353426,0.0,4,4,0,0,4,4,6054,0,0,0,0,0
2020-06-25,US,Texas,Schleicher,12,0,0,30.89740592,-100.5384842,48413.0,429.6455424274973,0.0,12,12,0,0,12,12,2895,0,0,0,0,0
2020-06-25,US,Texas,Scurry,32,0,0,32.74613808,-100.91626640000001,48415.0,191.58235047596241,0.0,32,29,0,0,29,29,16866,3,0,0,3,0
2020-06-25,US,Texas,Shackelford,1,0,0,32.73587756,-99.35401337,48417.0,30.627871362940283,0.0,1,1,0,0,1,1,3253,0,0,0,0,0
2020-06-25,US,Texas,Shelby,263,9,0,31.79211404,-94.14550696,48419.0,1040.595077945715,3.4220532319391634,254,260,9,0,251,259,25418,3,0,0,3,1
2020-06-25,US,Texas,Sherman,30,0,0,36.27751473,-101.8933156,48421.0,992.7200529450696,0.0,30,30,0,0,30,30,3079,0,0,0,0,0
2020-06-25,US,Texas,Smith,422,4,0,32.37474036,-95.27175679999999,48423.0,181.309639915618,0.9478672985781992,418,392,4,0,388,378,230221,30,0,0,30,14
2020-06-25,US,Texas,Somervell,5,0,0,32.22236802,-97.77403489,48425.0,54.77651183172656,0.0,5,5,0,0,5,3,9016,0,0,0,0,2
2020-06-25,US,Texas,Starr,457,3,0,26.56150059,-98.73892358,48427.0,707.0691442451997,0.6564551422319475,454,379,3,0,376,379,64525,78,0,0,78,0
2020-06-25,US,Texas,Stephens,7,0,0,32.73553157,-98.83631615,48429.0,74.73841554559044,0.0,7,7,0,0,7,5,9433,0,0,0,0,2
2020-06-25,US,Texas,Sutton,3,0,0,30.49856623,-100.5382014,48435.0,79.4491525423729,0.0,3,3,0,0,3,3,3758,0,0,0,0,0
2020-06-25,US,Texas,Swisher,26,1,0,34.53028891,-101.73491740000001,48437.0,351.49384885764505,3.8461538461538463,25,24,1,0,23,23,7462,2,0,0,2,1
2020-06-25,US,Texas,Tarrant,10363,218,0,32.77143818,-97.29101614,48439.0,492.8859009329303,2.103637942680691,10145,9386,211,0,9175,9386,2084931,977,7,0,970,0
2020-06-25,US,Texas,Taylor,318,5,0,32.30163422,-99.89007449,48441.0,230.3780228059753,1.572327044025157,313,313,5,0,308,298,137640,5,0,0,5,15
2020-06-25,US,Texas,Terrell,1,0,0,30.22429013,-102.0766732,48443.0,128.86597938144328,0.0,1,1,0,0,1,1,823,0,0,0,0,0
2020-06-25,US,Texas,Terry,15,0,0,33.17402785,-102.3354521,48445.0,121.58547458863579,0.0,15,14,0,0,14,14,12287,1,0,0,1,0
2020-06-25,US,Texas,Throckmorton,1,0,0,33.17751417,-99.21226795,48447.0,66.62225183211193,0.0,1,1,0,0,1,1,1515,0,0,0,0,0
2020-06-25,US,Texas,Titus,763,5,0,33.21339719,-94.96797273,48449.0,2329.7709923664124,0.6553079947575361,758,752,5,0,747,744,33033,11,0,0,11,8
2020-06-25,US,Texas,Tom Green,282,2,0,31.40464436,-100.46244300000001,48451.0,236.5771812080537,0.7092198581560284,280,272,2,0,270,256,118189,10,0,0,10,16
2020-06-25,US,Texas,Travis,6914,116,0,30.33432034,-97.78535620000001,48453.0,542.7197528325198,1.6777552791437662,6798,6596,114,0,6482,6339,1248743,318,2,0,316,257
2020-06-25,US,Texas,Trinity,28,0,0,31.0879489,-95.1367187,48455.0,191.11323459149543,0.0,28,26,0,0,26,24,14740,2,0,0,2,2
2020-06-25,US,Texas,Tyler,21,0,0,30.77031716,-94.37690895,48457.0,96.89922480620156,0.0,21,21,0,0,21,20,21696,0,0,0,0,1
2020-06-25,US,Texas,Upshur,46,0,0,32.73706798,-94.93999853,48459.0,110.17172418748352,0.0,46,46,0,0,46,44,41260,0,0,0,0,2
2020-06-25,US,Texas,Upton,2,0,0,31.36868194,-102.0423217,48461.0,54.689636313918506,0.0,2,2,0,0,2,2,3671,0,0,0,0,0
2020-06-25,US,Texas,Uvalde,48,1,0,29.35739637,-99.76229172,48463.0,179.49964474028644,2.083333333333333,47,42,0,0,42,41,26846,6,1,0,5,1
2020-06-25,US,Texas,Val Verde,123,0,0,29.89149232,-101.1525205,48465.0,250.8924018357981,0.0,123,108,0,0,108,85,49208,15,0,0,15,23
2020-06-25,US,Texas,Van Zandt,65,3,0,32.56483801,-95.83766469,48467.0,114.8612829121753,4.615384615384615,62,59,3,0,56,59,56019,6,0,0,6,0
2020-06-25,US,Texas,Victoria,372,8,0,28.79780988,-96.96813006,48469.0,403.9789757178228,2.150537634408602,364,346,8,0,338,309,92035,26,0,0,26,37
2020-06-25,US,Texas,Walker,1960,28,0,30.73872995,-95.57440968,48471.0,2685.998547368133,1.4285714285714286,1932,1950,28,0,1922,1928,72480,10,0,0,10,22
2020-06-25,US,Texas,Waller,132,0,0,30.01058447,-95.99011759,48473.0,238.93132534482132,0.0,132,128,0,0,128,119,53126,4,0,0,4,9
2020-06-25,US,Texas,Ward,11,0,0,31.50999644,-103.09279090000001,48475.0,91.6819469911652,0.0,11,9,0,0,9,8,11720,2,0,0,2,1
2020-06-25,US,Texas,Washington,244,27,0,30.21498498,-96.40946246,48477.0,680.0066885903797,11.065573770491802,217,241,27,0,214,239,35108,3,0,0,3,2
2020-06-25,US,Texas,Webb,1045,23,0,27.7610369,-99.33237355,48479.0,377.73086766045435,2.200956937799043,1022,1003,23,0,980,948,275910,42,0,0,42,55
2020-06-25,US,Texas,Wharton,147,1,0,29.27765923,-96.22319248,48481.0,353.7395321975166,0.6802721088435374,146,144,1,0,143,120,41619,3,0,0,3,24
2020-06-25,US,Texas,Wheeler,16,0,0,35.40114335,-100.26995140000001,48483.0,316.4556962025317,0.0,16,16,0,0,16,16,5191,0,0,0,0,0
2020-06-25,US,Texas,Wichita,250,2,0,33.98842886,-98.70410340000001,48485.0,189.06450881040612,0.8,248,230,2,0,228,201,132064,20,0,0,20,29
2020-06-25,US,Texas,Wilbarger,9,0,0,34.07945812,-99.24178437,48487.0,70.48320150364164,0.0,9,9,0,0,9,8,12820,0,0,0,0,1
2020-06-25,US,Texas,Willacy,118,3,0,26.47411727,-97.61535848,48489.0,552.4861878453039,2.5423728813559316,115,114,3,0,111,103,21515,4,0,0,4,11
2020-06-25,US,Texas,Williamson,1702,32,0,30.64655664,-97.60048540000001,48491.0,288.2054217163293,1.8801410105757927,1670,1614,32,0,1582,1498,566719,88,0,0,88,116
2020-06-25,US,Texas,Wilson,83,5,0,29.1732598,-98.08693082,48493.0,162.5220285882123,6.024096385542169,78,80,5,0,75,76,50224,3,0,0,3,4
2020-06-25,US,Texas,Winkler,10,0,0,31.85008651,-103.04851629999999,48495.0,124.84394506866415,0.0,10,8,0,0,8,6,7720,2,0,0,2,2
2020-06-25,US,Texas,Wise,88,5,0,33.21570665,-97.65460265,48497.0,125.74302697759487,5.6818181818181825,83,88,5,0,83,63,68305,0,0,0,0,25
2020-06-25,US,Texas,Wood,77,5,0,32.78722382,-95.38236368,48499.0,169.08583851204463,6.493506493506493,72,77,5,0,72,76,45129,0,0,0,0,1
2020-06-25,US,Texas,Yoakum,19,0,0,33.17320212,-102.82764329999999,48501.0,218.06496040399404,0.0,19,15,0,0,15,15,8591,4,0,0,4,0
2020-06-25,US,Texas,Young,22,1,0,33.17659707,-98.68790885,48503.0,122.15435868961687,4.545454545454546,21,22,1,0,21,17,18045,0,0,0,0,5
2020-06-25,US,Texas,Zapata,41,0,0,27.00156391,-99.16987152,48505.0,289.16002538966075,0.0,41,40,0,0,40,40,14190,1,0,0,1,0
2020-06-25,US,Texas,Zavala,17,0,0,28.86617238,-99.76050829,48507.0,143.5810810810811,0.0,17,16,0,0,16,14,11983,1,0,0,1,2
2020-06-25,US,Utah,Bear River,1381,2,0,41.52106798,-113.08328159999999,0.0,739.222130629811,0.14482259232440262,1379,1356,2,0,1354,1337,,25,0,0,25,19
2020-06-25,US,Utah,Central Utah,117,0,0,39.37231946,-111.5758676,0.0,142.76301339775972,0.0,117,117,0,0,117,114,,0,0,0,0,3
2020-06-25,US,Utah,Davis,989,4,0,40.99001837,-112.1139997,49011.0,278.2145881214467,0.4044489383215369,985,938,4,0,934,905,351713,51,0,0,51,33
2020-06-25,US,Utah,Salt Lake,9763,105,0,40.66616532,-111.92160109999999,49035.0,841.3209851116433,1.0754890914677866,9658,9460,105,0,9355,9207,1152633,303,0,0,303,253
2020-06-25,US,Utah,San Juan,391,7,0,37.62762978,-109.80337140000002,49037.0,2554.2200156780773,1.7902813299232736,384,389,7,0,382,388,15449,2,0,0,2,1
2020-06-25,US,Utah,Southeast Utah,32,0,0,38.99617072,-110.70139579999999,0.0,79.54460712421388,0.0,32,32,0,0,32,31,,0,0,0,0,1
2020-06-25,US,Utah,Southwest Utah,1258,10,0,37.85447192,-111.4418764,0.0,499.1231620126805,0.7949125596184421,1248,1200,10,0,1190,1151,,58,0,0,58,49
2020-06-25,US,Utah,Summit,477,0,0,40.86688146,-110.9535882,49043.0,1131.8068572784434,0.0,477,474,0,0,474,470,41933,3,0,0,3,4
2020-06-25,US,Utah,Tooele,212,0,0,40.44862644,-113.12957150000001,49045.0,293.3890588023637,0.0,212,208,0,0,208,208,69907,4,0,0,4,0
2020-06-25,US,Utah,TriCounty,42,0,0,40.12491499,-109.5174415,0.0,74.17611529087634,0.0,42,40,0,0,40,39,,2,0,0,2,1
2020-06-25,US,Utah,Utah,3541,22,0,40.116672200000004,-111.66576620000001,49049.0,556.5553608336543,0.6212934199378707,3519,3447,22,0,3425,3355,622213,94,0,0,94,92
2020-06-25,US,Utah,Wasatch,392,3,0,40.33110236,-111.1691419,49051.0,1149.8636003637325,0.7653061224489796,389,389,3,0,386,387,33240,3,0,0,3,2
2020-06-25,US,Utah,Weber-Morgan,779,11,0,41.27116049,-111.9145117,0.0,286.0426603803376,1.4120667522464698,768,734,10,0,724,708,,45,1,0,44,26
2020-06-25,US,Vermont,Addison,68,2,0,44.03217337,-73.14130877,50001.0,184.8981700519346,2.9411764705882355,66,68,2,0,66,68,36973,0,0,0,0,0
2020-06-25,US,Vermont,Bennington,70,1,0,43.03519828,-73.09048868,50003.0,197.3498731322244,1.4285714285714286,69,69,1,0,68,69,35631,1,0,0,1,0
2020-06-25,US,Vermont,Caledonia,19,0,0,44.46548598,-72.10314651,50005.0,63.34811456006401,0.0,19,18,0,0,18,18,30302,1,0,0,1,0
2020-06-25,US,Vermont,Chittenden,599,39,0,44.46322849,-73.08359212,50007.0,365.7479209154078,6.510851419031719,560,598,39,0,559,590,164572,1,0,0,1,8
2020-06-25,US,Vermont,Essex,3,0,0,44.72736416,-71.73579864,50009.0,48.67759208177836,0.0,3,3,0,0,3,3,6250,0,0,0,0,0
2020-06-25,US,Vermont,Franklin,103,6,0,44.85627605,-72.91249563,50011.0,208.49358325573863,5.825242718446603,97,102,6,0,96,102,49421,1,0,0,1,0
2020-06-25,US,Vermont,Grand Isle,10,0,0,44.797582399999996,-73.29679772,50013.0,138.217000691085,0.0,10,9,0,0,9,8,7090,1,0,0,1,1
2020-06-25,US,Vermont,Lamoille,30,1,0,44.60353043,-72.64356694,50015.0,118.28720132481665,3.333333333333333,29,30,1,0,29,30,25300,0,0,0,0,0
2020-06-25,US,Vermont,Orange,9,0,0,44.00470222,-72.37640104,50017.0,31.150491485532328,0.0,9,9,0,0,9,9,28999,0,0,0,0,0
2020-06-25,US,Vermont,Orleans,14,0,0,44.82964024,-72.24562697,50019.0,51.78089285053815,0.0,14,14,0,0,14,14,26907,0,0,0,0,0
2020-06-25,US,Vermont,Rutland,71,1,0,43.57723578,-73.03741676,50021.0,122.01199498204191,1.4084507042253518,70,71,1,0,70,61,58672,0,0,0,0,10
2020-06-25,US,Vermont,Unassigned,5,0,0,0.0,0.0,90050.0,0.0,0.0,5,5,0,0,5,5,,0,0,0,0,0
2020-06-25,US,Vermont,Washington,41,1,0,44.27343241,-72.61604978,50023.0,70.19466178157475,2.4390243902439024,40,41,1,0,40,41,58140,0,0,0,0,0
2020-06-25,US,Vermont,Windham,93,3,0,42.986982,-72.71268875,50025.0,220.26431718061676,3.2258064516129035,90,92,3,0,89,91,42756,1,0,0,1,1
2020-06-25,US,Vermont,Windsor,56,2,0,43.58010937,-72.58595157,50027.0,101.70353419781335,3.571428571428572,54,55,2,0,53,55,55286,1,0,0,1,0
2020-06-25,US,Virginia,Accomack,1037,14,0,37.76707161,-75.63234615,51001.0,3208.9367495977226,1.3500482160077143,1023,1034,14,0,1020,1033,32412,3,0,0,3,1
2020-06-25,US,Virginia,Albemarle,367,8,0,38.02080697,-78.55481085,51003.0,335.6809658831062,2.1798365122615806,359,359,8,0,351,352,108718,8,0,0,8,7
2020-06-25,US,Virginia,Alexandria,2271,50,0,38.814003,-77.08183073,51510.0,1424.467471209574,2.2016732716864817,2221,2258,50,0,2208,2248,160530,13,0,0,13,10
2020-06-25,US,Virginia,Alleghany,31,2,0,37.78636074,-80.00222498,51005.0,208.6137281292059,6.451612903225807,29,31,2,0,29,31,14910,0,0,0,0,0
2020-06-25,US,Virginia,Amelia,42,1,0,37.34081025,-77.98584649,51007.0,319.5131228604032,2.380952380952381,41,42,1,0,41,42,13013,0,0,0,0,0
2020-06-25,US,Virginia,Amherst,32,0,0,37.60308293,-79.14548696,51009.0,101.24980224648,0.0,32,31,0,0,31,31,31666,1,0,0,1,0
2020-06-25,US,Virginia,Appomattox,37,0,0,37.37569884,-78.81340003,51011.0,232.54352334862674,0.0,37,36,0,0,36,36,15841,1,0,0,1,0
2020-06-25,US,Virginia,Arlington,2445,127,0,38.8767675,-77.10139853,51013.0,1032.3337921483521,5.194274028629857,2318,2438,126,0,2312,2431,237521,7,1,0,6,7
2020-06-25,US,Virginia,Augusta,178,2,0,38.16404586,-79.12461614,51015.0,235.58061356838456,1.1235955056179776,176,174,2,0,172,171,75457,4,0,0,4,3
2020-06-25,US,Virginia,Bedford,106,3,0,37.3080028,-79.5281964,51019.0,134.1823107206603,2.830188679245283,103,104,3,0,101,103,78747,2,0,0,2,1
2020-06-25,US,Virginia,Bland,2,0,0,37.13128068,-81.13599391,51021.0,31.84713375796178,0.0,2,2,0,0,2,2,6293,0,0,0,0,0
2020-06-25,US,Virginia,Botetourt,69,4,0,37.55531756,-79.80982182,51023.0,206.4693737095664,5.797101449275362,65,69,4,0,65,67,33277,0,0,0,0,2
2020-06-25,US,Virginia,Bristol,4,0,0,36.616302399999995,-82.16359122,51520.0,23.863500775563768,0.0,4,4,0,0,4,4,16482,0,0,0,0,0
2020-06-25,US,Virginia,Brunswick,96,1,0,36.76366949,-77.8593436,51025.0,591.4607849177501,1.0416666666666667,95,93,1,0,92,92,16384,3,0,0,3,1
2020-06-25,US,Virginia,Buchanan,18,0,0,37.26818323,-82.03749726,51027.0,85.69796229289659,0.0,18,18,0,0,18,18,21221,0,0,0,0,0
2020-06-25,US,Virginia,Buckingham,555,4,0,37.57242268,-78.52518834,51029.0,3236.5290412876143,0.7207207207207207,551,553,4,0,549,553,16999,2,0,0,2,0
2020-06-25,US,Virginia,Buena Vista,14,0,0,37.73484642,-79.35296097,51530.0,216.11608521148503,0.0,14,14,0,0,14,14,6237,0,0,0,0,0
2020-06-25,US,Virginia,Campbell,34,1,0,37.20553386,-79.09678609,51031.0,61.947708845768425,2.9411764705882355,33,32,1,0,31,33,54973,2,0,0,2,-1
2020-06-25,US,Virginia,Caroline,126,4,0,38.02679129,-77.34901405,51033.0,410.0895036615135,3.1746031746031744,122,125,4,0,121,124,30772,1,0,0,1,1
2020-06-25,US,Virginia,Carroll,200,6,0,36.73066666,-80.73455942,51035.0,671.3436944043502,3.0,194,196,6,0,190,193,29636,4,0,0,4,3
2020-06-25,US,Virginia,Charles City,39,3,0,37.35358063,-77.05634116,51036.0,560.1034037052996,7.6923076923076925,36,40,4,0,36,37,6941,-1,-1,0,0,3
2020-06-25,US,Virginia,Charlotte,30,0,0,37.01909701,-78.66314092,51037.0,252.52525252525248,0.0,30,31,0,0,31,31,11938,-1,0,0,-1,0
2020-06-25,US,Virginia,Charlottesville,193,3,0,38.03527919,-78.48569588,51540.0,408.32733889053435,1.5544041450777202,190,182,3,0,179,176,48117,11,0,0,11,6
2020-06-25,US,Virginia,Chesapeake,800,16,0,36.67670048,-76.30545744,51550.0,326.75066881777525,2.0,784,792,16,0,776,774,242634,8,0,0,8,18
2020-06-25,US,Virginia,Chesterfield,2735,49,0,37.37373208,-77.58680140000001,51041.0,775.2223626850188,1.7915904936014626,2686,2710,49,0,2661,2651,348556,25,0,0,25,59
2020-06-25,US,Virginia,Clarke,47,0,0,39.11271747,-77.99199425,51043.0,321.49941856488135,0.0,47,48,0,0,48,48,14523,-1,0,0,-1,0
2020-06-25,US,Virginia,Colonial Heights,142,17,0,37.26420587,-77.39609676,51570.0,817.5014392630973,11.971830985915492,125,139,17,0,122,132,17833,3,0,0,3,7
2020-06-25,US,Virginia,Covington,3,0,0,37.7824656,-79.98631446,51580.0,54.17118093174431,0.0,3,4,0,0,4,4,5460,-1,0,0,-1,0
2020-06-25,US,Virginia,Craig,6,0,0,37.48133648,-80.21072274,51045.0,116.93626973299551,0.0,6,6,0,0,6,6,5064,0,0,0,0,0
2020-06-25,US,Virginia,Culpeper,803,9,0,38.48199985,-77.95630870000002,51047.0,1526.4708677882334,1.1207970112079702,794,803,9,0,794,802,51859,0,0,0,0,1
2020-06-25,US,Virginia,Cumberland,51,0,0,37.51328851,-78.24398086,51049.0,513.491743858236,0.0,51,51,0,0,51,51,9809,0,0,0,0,0
2020-06-25,US,Virginia,Danville,73,2,0,36.58022376,-79.40395668,51590.0,182.29947058235942,2.7397260273972597,71,73,2,0,71,72,40693,0,0,0,0,1
2020-06-25,US,Virginia,Dickenson,1,0,0,37.12560977,-82.35124171,51051.0,6.984215672579969,0.0,1,1,0,0,1,1,14523,0,0,0,0,0
2020-06-25,US,Virginia,Dinwiddie,129,0,0,37.07544585,-77.63451754,51053.0,451.9338565022422,0.0,129,130,0,0,130,127,28529,-1,0,0,-1,3
2020-06-25,US,Virginia,Emporia,124,6,0,36.69455571,-77.53406129,51595.0,2319.491208380097,4.838709677419356,118,123,6,0,117,118,5121,1,0,0,1,5
2020-06-25,US,Virginia,Essex,54,0,0,37.93357639,-76.94230311,51057.0,493.0156121610517,0.0,54,54,0,0,54,54,10919,0,0,0,0,0
2020-06-25,US,Virginia,Fairfax,13611,457,0,38.83677558,-77.27565836,51059.0,1186.1107141238765,3.3575784292116673,13154,13588,450,0,13138,13579,1150795,23,7,0,16,9
2020-06-25,US,Virginia,Fairfax,13611,457,0,38.83677558,-77.27565836,51059.0,1186.1107141238765,3.3575784292116673,13154,13588,450,0,13138,13579,24574,23,7,0,16,9
2020-06-25,US,Virginia,Fairfax City,69,7,0,38.85157547,-77.29779640000002,51600.0,287.27257587743037,10.144927536231883,62,69,7,0,62,68,24574,0,0,0,0,1
2020-06-25,US,Virginia,Falls Church,57,7,0,38.88485255,-77.17560759,51610.0,389.9568995005815,12.280701754385964,50,57,7,0,50,58,14772,0,0,0,0,-1
2020-06-25,US,Virginia,Fauquier,415,6,0,38.73564842,-77.80647472,51061.0,582.6851253826065,1.4457831325301205,409,417,6,0,411,413,70675,-2,0,0,-2,4
2020-06-25,US,Virginia,Floyd,14,1,0,36.9302126,-80.36738849,51063.0,88.89453298622135,7.142857142857142,13,15,1,0,14,14,15795,-1,0,0,-1,1
2020-06-25,US,Virginia,Fluvanna,107,6,0,37.84157909,-78.27715475,51065.0,392.3725705903924,5.607476635514018,101,107,6,0,101,108,26783,0,0,0,0,-1
2020-06-25,US,Virginia,Franklin,53,1,0,36.99536167,-79.88023649,51067.0,94.57192819670959,1.8867924528301887,52,53,1,0,52,52,56195,0,0,0,0,1
2020-06-25,US,Virginia,Franklin,53,1,0,36.99536167,-79.88023649,51067.0,94.57192819670959,1.8867924528301887,52,53,1,0,52,52,8013,0,0,0,0,1
2020-06-25,US,Virginia,Franklin City,46,2,0,36.6831435,-76.93859681,51620.0,577.3816995104808,4.3478260869565215,44,46,2,0,44,46,8013,0,0,0,0,0
2020-06-25,US,Virginia,Frederick,464,4,0,39.20172582,-78.25974949,51069.0,519.5212343107946,0.8620689655172413,460,461,4,0,457,461,88355,3,0,0,3,0
2020-06-25,US,Virginia,Fredericksburg,236,0,0,38.2977863,-77.4922454,51630.0,812.7841300454609,0.0,236,235,0,0,235,234,29144,1,0,0,1,1
2020-06-25,US,Virginia,Galax,238,13,0,36.66601852,-80.91703124,51640.0,3749.8030565621552,5.46218487394958,225,233,13,0,220,227,6423,5,0,0,5,6
2020-06-25,US,Virginia,Giles,8,0,0,37.31234791,-80.70636931,51071.0,47.84688995215311,0.0,8,7,0,0,7,7,16844,1,0,0,1,0
2020-06-25,US,Virginia,Gloucester,46,1,0,37.40809042,-76.53524337,51073.0,123.16589911106352,2.1739130434782608,45,45,1,0,44,42,37349,1,0,0,1,3
2020-06-25,US,Virginia,Goochland,118,6,0,37.71714806,-77.90381514,51075.0,496.7793541868396,5.084745762711863,112,118,6,0,112,118,23244,0,0,0,0,0
2020-06-25,US,Virginia,Grayson,81,2,0,36.65677234,-81.23215889,51077.0,520.9003215434084,2.469135802469136,79,81,2,0,79,81,15631,0,0,0,0,0
2020-06-25,US,Virginia,Greene,57,1,0,38.29545894,-78.46525378,51079.0,287.6028053887684,1.7543859649122806,56,55,1,0,54,55,19779,2,0,0,2,0
2020-06-25,US,Virginia,Greensville,351,7,0,36.67878901,-77.56351439,51081.0,3096.330275229358,1.9943019943019944,344,350,7,0,343,347,11627,1,0,0,1,3
2020-06-25,US,Virginia,Halifax,41,1,0,36.76654925,-78.93512622,51083.0,120.90472118191737,2.4390243902439024,40,41,1,0,40,41,34120,0,0,0,0,0
2020-06-25,US,Virginia,Hampton,281,5,0,37.03513786,-76.35879121,51650.0,208.90640101107724,1.7793594306049825,276,276,5,0,271,271,134313,5,0,0,5,5
2020-06-25,US,Virginia,Hanover,412,25,0,37.7583355,-77.49464673,51085.0,382.3098194235659,6.067961165048544,387,410,25,0,385,410,107239,2,0,0,2,0
2020-06-25,US,Virginia,Harrisonburg,907,23,0,38.43542574,-78.87536254,51660.0,1710.8042854987173,2.535832414553473,884,901,23,0,878,896,54033,6,0,0,6,5
2020-06-25,US,Virginia,Henrico,2500,140,0,37.53460572,-77.39326555,51087.0,755.7025313011989,5.6,2360,2463,138,0,2325,2448,329261,37,2,0,35,15
2020-06-25,US,Virginia,Henry,232,4,0,36.68542395,-79.87634026,51089.0,458.8879878157328,1.7241379310344829,228,230,4,0,226,228,50953,2,0,0,2,2
2020-06-25,US,Virginia,Highland,3,0,0,38.35799465,-79.56124594,51091.0,136.98630136986299,0.0,3,3,0,0,3,3,2210,0,0,0,0,0
2020-06-25,US,Virginia,Hopewell,163,2,0,37.29186313,-77.29754684,51670.0,723.5119179723912,1.2269938650306749,161,163,2,0,161,155,22596,0,0,0,0,8
2020-06-25,US,Virginia,Isle of Wight,168,8,0,36.90579348,-76.70842863,51093.0,452.7203643321028,4.761904761904762,160,165,8,0,157,165,36953,3,0,0,3,0
2020-06-25,US,Virginia,James City,248,15,0,37.31156958,-76.76950618,51095.0,324.08556904460096,6.048387096774193,233,247,15,0,232,245,76397,1,0,0,1,2
2020-06-25,US,Virginia,King George,96,4,0,38.26818502,-77.15852768,51099.0,357.72842450439714,4.166666666666667,92,96,4,0,92,96,26575,0,0,0,0,0
2020-06-25,US,Virginia,King William,38,0,0,37.70965316,-77.09384941,51101.0,221.60018661068347,0.0,38,37,0,0,37,36,16939,1,0,0,1,1
2020-06-25,US,Virginia,King and Queen,24,1,0,37.71044922,-76.88689628,51097.0,341.6370106761566,4.166666666666667,23,24,1,0,23,24,7042,0,0,0,0,0
2020-06-25,US,Virginia,Lancaster,12,0,0,37.71889653,-76.46400482,51103.0,113.1755163632934,0.0,12,12,0,0,12,12,10783,0,0,0,0,0
2020-06-25,US,Virginia,Lee,9,0,0,36.70586667,-83.12606515,51105.0,38.42377150663877,0.0,9,9,0,0,9,9,23541,0,0,0,0,0
2020-06-25,US,Virginia,Lexington,10,0,0,37.78258621,-79.44262866,51678.0,134.30029546065,0.0,10,10,0,0,10,10,7136,0,0,0,0,0
2020-06-25,US,Virginia,Loudoun,3739,85,0,39.08990083,-77.63481877,51107.0,904.1490745711396,2.273335116341268,3654,3683,84,0,3599,3632,406850,56,1,0,55,51
2020-06-25,US,Virginia,Louisa,112,1,0,37.97850256,-77.96274807,51109.0,297.94365672634405,0.8928571428571429,111,111,1,0,110,110,36778,1,0,0,1,1
2020-06-25,US,Virginia,Lunenburg,30,0,0,36.94618528,-78.24133319,51111.0,245.98228927517215,0.0,30,30,0,0,30,28,12086,0,0,0,0,2
2020-06-25,US,Virginia,Lynchburg,122,1,0,37.40021399,-79.19888138,51680.0,148.47629247395582,0.819672131147541,121,116,1,0,115,113,82126,6,0,0,6,3
2020-06-25,US,Virginia,Madison,43,1,0,38.41531222,-78.28220331,51113.0,324.2591056481412,2.3255813953488373,42,43,1,0,42,43,13295,0,0,0,0,0
2020-06-25,US,Virginia,Manassas,1374,16,0,38.7464321,-77.48509905,51683.0,3344.2862358525012,1.1644832605531297,1358,1370,16,0,1354,1367,41641,4,0,0,4,3
2020-06-25,US,Virginia,Manassas Park,417,5,0,38.77058531,-77.44399307,51685.0,2385.856505320975,1.1990407673860912,412,416,5,0,411,416,17307,1,0,0,1,0
2020-06-25,US,Virginia,Martinsville,70,1,0,36.68212094,-79.86352771,51690.0,557.5912059901227,1.4285714285714286,69,70,1,0,69,61,12902,0,0,0,0,9
2020-06-25,US,Virginia,Mathews,5,0,0,37.44164146,-76.34098896,51115.0,56.599501924383055,0.0,5,5,0,0,5,5,8802,0,0,0,0,0
2020-06-25,US,Virginia,Mecklenburg,238,26,0,36.67882005,-78.36131056,51117.0,778.1083466832314,10.92436974789916,212,237,26,0,211,237,30650,1,0,0,1,0
2020-06-25,US,Virginia,Middlesex,15,0,0,37.63191998,-76.55064617,51119.0,141.75014175014175,0.0,15,15,0,0,15,15,10769,0,0,0,0,0
2020-06-25,US,Virginia,Montgomery,116,2,0,37.17746986,-80.37868691,51121.0,117.7246663622063,1.7241379310344829,114,116,2,0,114,112,98985,0,0,0,0,4
2020-06-25,US,Virginia,Nelson,18,0,0,37.78790447,-78.88498513,51125.0,120.56262558606831,0.0,18,18,0,0,18,18,14836,0,0,0,0,0
2020-06-25,US,Virginia,New Kent,52,1,0,37.50694406,-76.99828634,51127.0,225.1959637954181,1.9230769230769231,51,50,1,0,49,50,22391,2,0,0,2,0
2020-06-25,US,Virginia,Newport News,466,10,0,37.08166899,-76.51754109,51700.0,260.00836936811265,2.145922746781116,456,463,10,0,453,452,178626,3,0,0,3,11
2020-06-25,US,Virginia,Norfolk,795,8,0,36.89934014,-76.26420872,51710.0,327.5082186024668,1.0062893081761006,787,771,7,0,764,747,244076,24,1,0,23,24
2020-06-25,US,Virginia,Northampton,269,28,0,37.34062933,-75.87751591,51131.0,2297.1818958155427,10.408921933085502,241,270,28,0,242,271,11735,-1,0,0,-1,-1
2020-06-25,US,Virginia,Northumberland,28,1,0,37.89202088,-76.41949732,51133.0,231.50062009094668,3.571428571428572,27,28,1,0,27,28,12147,0,0,0,0,0
2020-06-25,US,Virginia,Norton,4,0,0,36.93357076,-82.62750411,51720.0,100.4772670183371,0.0,4,4,0,0,4,4,3968,0,0,0,0,0
2020-06-25,US,Virginia,Nottoway,107,2,0,37.1435975,-78.05065922,51135.0,702.4684873949581,1.8691588785046729,105,106,2,0,104,102,15420,1,0,0,1,4
2020-06-25,US,Virginia,Orange,142,2,0,38.24530219,-78.01560400000002,51137.0,383.2555126717228,1.4084507042253518,140,141,2,0,139,141,36644,1,0,0,1,0
2020-06-25,US,Virginia,Page,266,24,0,38.61807452,-78.48797204,51139.0,1112.8775834658188,9.022556390977444,242,264,24,0,240,264,23933,2,0,0,2,0
2020-06-25,US,Virginia,Patrick,39,1,0,36.680163799999995,-80.2865648,51141.0,221.49023171285782,2.5641025641025643,38,39,1,0,38,40,17673,0,0,0,0,-1
2020-06-25,US,Virginia,Petersburg,212,3,0,37.20530399,-77.39368102,51730.0,676.3223377783451,1.4150943396226414,209,211,3,0,208,201,31567,1,0,0,1,10
2020-06-25,US,Virginia,Pittsylvania,95,1,0,36.81980341,-79.39731264,51143.0,157.40464592239124,1.0526315789473684,94,88,1,0,87,88,60949,7,0,0,7,0
2020-06-25,US,Virginia,Poquoson,16,0,0,37.14259351,-76.35798148,51735.0,130.38872137560102,0.0,16,16,0,0,16,16,12190,0,0,0,0,0
2020-06-25,US,Virginia,Portsmouth,442,16,0,36.85914825,-76.35971629,51740.0,468.2302591156592,3.619909502262444,426,426,16,0,410,421,94632,16,0,0,16,5
2020-06-25,US,Virginia,Powhatan,74,2,0,37.55016038,-77.91267882,51145.0,249.56158100634025,2.702702702702702,72,71,2,0,69,66,29189,3,0,0,3,5
2020-06-25,US,Virginia,Prince Edward,178,3,0,37.22554789,-78.43597949,51147.0,780.6332777826508,1.6853932584269662,175,176,3,0,173,175,22950,2,0,0,2,1
2020-06-25,US,Virginia,Prince George,222,0,0,37.18497668,-77.22922187,51149.0,578.8334680468281,0.0,222,215,0,0,215,207,38082,7,0,0,7,8
2020-06-25,US,Virginia,Prince William,7064,137,0,38.70916224,-77.48713689,51153.0,1501.9082143578516,1.9394110985277464,6927,7038,136,0,6902,6962,468011,26,1,0,25,76
2020-06-25,US,Virginia,Pulaski,39,2,0,37.06474963,-80.71229738,51155.0,114.61486466629441,5.128205128205129,37,39,1,0,38,37,34066,0,1,0,-1,2
2020-06-25,US,Virginia,Radford,11,0,0,37.12222899,-80.56027320000003,51750.0,60.27727546714888,0.0,11,11,0,0,11,10,18339,0,0,0,0,1
2020-06-25,US,Virginia,Rappahannock,20,0,0,38.68295619,-78.15826963,51157.0,271.370420624152,0.0,20,19,0,0,19,18,7252,1,0,0,1,1
2020-06-25,US,Virginia,Richmond,295,6,0,37.937575,-76.72920628,51159.0,3269.4225867228197,2.0338983050847457,289,295,6,0,289,318,9038,0,0,0,0,-23
2020-06-25,US,Virginia,Richmond City,2089,30,0,37.53255773,-77.47966921,51760.0,906.54238053082,1.4360938247965531,2059,2071,31,0,2040,2031,228783,18,-1,0,19,40
2020-06-25,US,Virginia,Roanoke,200,5,0,37.26865804,-80.06396753,51161.0,212.34578387446118,2.5,195,200,5,0,195,195,94073,0,0,0,0,5
2020-06-25,US,Virginia,Roanoke City,359,10,0,37.27791025,-79.96189766,51770.0,362.103224635123,2.7855153203342615,349,359,10,0,349,343,99920,0,0,0,0,16
2020-06-25,US,Virginia,Rockbridge,27,0,0,37.81204314,-79.44605905,51163.0,119.61192575200458,0.0,27,24,0,0,24,23,22752,3,0,0,3,1
2020-06-25,US,Virginia,Rockingham,674,9,0,38.51006137,-78.87260325,51165.0,822.4727876214183,1.3353115727002969,665,663,9,0,654,660,81244,11,0,0,11,3
2020-06-25,US,Virginia,Russell,9,0,0,36.93028320000001,-82.10095486,51167.0,33.852403520649965,0.0,9,9,0,0,9,9,26748,0,0,0,0,0
2020-06-25,US,Virginia,Salem,50,3,0,37.2836193,-80.06219455,51775.0,197.6206474052409,6.0,47,50,3,0,47,50,25643,0,0,0,0,0
2020-06-25,US,Virginia,Scott,9,2,0,36.71466456,-82.60171704,51169.0,41.73235648706297,22.222222222222218,7,9,2,0,7,9,21534,0,0,0,0,0
2020-06-25,US,Virginia,Shenandoah,552,28,0,38.85905135,-78.56813762,51171.0,1265.5906089508435,5.0724637681159415,524,547,27,0,520,546,43497,5,1,0,4,1
2020-06-25,US,Virginia,Smyth,35,1,0,36.84455636,-81.53344948,51173.0,116.26361945256443,2.8571428571428568,34,34,1,0,33,34,30472,1,0,0,1,0
2020-06-25,US,Virginia,Southampton,155,2,0,36.72231125,-77.10642712,51175.0,879.1333446769894,1.2903225806451613,153,155,2,0,153,154,17586,0,0,0,0,1
2020-06-25,US,Virginia,Spotsylvania,931,26,0,38.18574462,-77.655399,51177.0,683.4783247072643,2.7926960257787323,905,924,26,0,898,917,134238,7,0,0,7,7
2020-06-25,US,Virginia,Stafford,954,5,0,38.41758738,-77.45917053,51179.0,624.0106748995958,0.5241090146750524,949,949,5,0,944,936,149960,5,0,0,5,13
2020-06-25,US,Virginia,Staunton,68,0,0,38.15965544,-79.05979937,51790.0,272.74185785336107,0.0,68,68,0,0,68,68,24922,0,0,0,0,0
2020-06-25,US,Virginia,Suffolk,389,34,0,36.70155394,-76.63603554,51800.0,422.3303078994224,8.740359897172238,355,385,34,0,351,380,91185,4,0,0,4,5
2020-06-25,US,Virginia,Surry,14,1,0,37.11781893,-76.88450012,51181.0,218.0006228589224,7.142857142857142,13,14,1,0,13,13,6474,0,0,0,0,1
2020-06-25,US,Virginia,Sussex,193,2,0,36.92432914,-77.25791182,51183.0,1729.5456582131014,1.0362694300518134,191,191,2,0,189,187,11237,2,0,0,2,4
2020-06-25,US,Virginia,Tazewell,13,0,0,37.12191123,-81.56685568,51185.0,32.02364823254096,0.0,13,11,0,0,11,9,40855,2,0,0,2,2
2020-06-25,US,Virginia,Virginia Beach,1053,27,0,36.73285734,-76.04566934,51810.0,234.01352078120067,2.5641025641025643,1026,1038,27,0,1011,1020,450189,15,0,0,15,18
2020-06-25,US,Virginia,Warren,269,4,0,38.90847745,-78.20280433,51187.0,669.7540085648841,1.4869888475836432,265,266,4,0,262,266,40003,3,0,0,3,0
2020-06-25,US,Virginia,Washington,60,4,0,36.72341572,-81.95666289,51191.0,111.64867882396723,6.666666666666668,56,60,4,0,56,60,54402,0,0,0,0,0
2020-06-25,US,Virginia,Waynesboro,70,0,0,38.06451466,-78.90293905,51820.0,309.3239063190456,0.0,70,67,0,0,67,66,22628,3,0,0,3,1
2020-06-25,US,Virginia,Westmoreland,92,1,0,38.11021557,-76.80213247,51193.0,510.6855398279212,1.0869565217391304,91,92,1,0,91,92,17830,0,0,0,0,0
2020-06-25,US,Virginia,Williamsburg,55,6,0,37.28131268,-76.70905141,51830.0,367.79457001471184,10.909090909090908,49,54,5,0,49,54,14896,1,1,0,0,0
2020-06-25,US,Virginia,Winchester,301,3,0,39.17054517,-78.17325058,51840.0,1072.0136761877627,0.9966777408637874,298,300,3,0,297,297,28108,1,0,0,1,3
2020-06-25,US,Virginia,Wise,27,2,0,36.9746148,-82.62410519,51195.0,72.22534307037958,7.407407407407407,25,27,2,0,25,27,38012,0,0,0,0,0
2020-06-25,US,Virginia,Wythe,48,1,0,36.91582035,-81.07834059,51197.0,167.3406777297448,2.083333333333333,47,46,1,0,45,46,28754,2,0,0,2,0
2020-06-25,US,Virginia,York,106,3,0,37.24374789,-76.54412815,51199.0,155.24311657879318,2.830188679245283,103,106,3,0,103,106,67846,0,0,0,0,0
2020-06-25,US,Washington,Adams,110,0,0,46.98299757,-118.56017340000001,53001.0,550.4678977130561,0.0,110,109,0,0,109,109,19759,1,0,0,1,0
2020-06-25,US,Washington,Asotin,20,2,0,46.18894415,-117.2022851,53003.0,88.56611460455228,10.0,18,20,2,0,18,20,22610,0,0,0,0,0
2020-06-25,US,Washington,Benton,1556,76,0,46.23946995,-119.51208340000001,53005.0,761.2896912764813,4.884318766066838,1480,1524,76,0,1448,1463,201877,32,0,0,32,61
2020-06-25,US,Washington,Chelan,296,6,0,47.87046092,-120.6173956,53007.0,383.419689119171,2.0270270270270268,290,293,6,0,287,289,77036,3,0,0,3,4
2020-06-25,US,Washington,Clallam,33,0,0,48.04754642,-123.92263190000001,53009.0,42.673701361679015,0.0,33,33,0,0,33,33,76737,0,0,0,0,0
2020-06-25,US,Washington,Clark,681,30,0,45.77568046,-122.48292040000001,53011.0,139.48029763989504,4.405286343612334,651,671,30,0,641,660,481857,10,0,0,10,11
2020-06-25,US,Washington,Columbia,8,0,0,46.29442881,-117.9051983,53013.0,200.75282308657467,0.0,8,8,0,0,8,8,4059,0,0,0,0,0
2020-06-25,US,Washington,Cowlitz,158,0,0,46.19074721,-122.6782231,53015.0,142.86618502075174,0.0,158,153,0,0,153,149,108987,5,0,0,5,4
2020-06-25,US,Washington,Douglas,208,3,0,47.7361335,-119.69293700000001,53017.0,478.9426420134012,1.4423076923076923,205,205,3,0,202,195,42907,3,0,0,3,10
2020-06-25,US,Washington,Ferry,1,0,0,48.471143100000006,-118.5154041,53019.0,13.111315064901008,0.0,1,1,0,0,1,1,7649,0,0,0,0,0
2020-06-25,US,Washington,Franklin,1451,32,0,46.53351425,-118.9018212,53021.0,1523.8075234714668,2.205375603032392,1419,1406,31,0,1375,1335,94347,45,1,0,44,71
2020-06-25,US,Washington,Grant,438,6,0,47.20753737,-119.4500749,53025.0,448.1597822639232,1.3698630136986298,432,414,6,0,408,405,97331,24,0,0,24,9
2020-06-25,US,Washington,Grays Harbor,24,0,0,47.14003705,-123.7820567,53027.0,31.973994484485956,0.0,24,24,0,0,24,23,73901,0,0,0,0,1
2020-06-25,US,Washington,Island,191,12,0,48.14713305,-122.5216407,53029.0,224.33375224627383,6.282722513089006,179,188,12,0,176,187,84460,3,0,0,3,1
2020-06-25,US,Washington,Jefferson,36,0,0,47.75003077,-123.56097040000002,53031.0,111.72837590391359,0.0,36,35,0,0,35,33,31729,1,0,0,1,2
2020-06-25,US,Washington,King,9573,606,0,47.49137892,-121.8346131,53033.0,424.9412504183717,6.330303979943591,8967,9453,604,0,8849,9366,2233163,120,2,0,118,87
2020-06-25,US,Washington,Kitsap,200,2,0,47.63479026,-122.6436061,53035.0,73.6721515583502,1.0,198,198,2,0,196,195,269805,2,0,0,2,3
2020-06-25,US,Washington,Kittitas,112,0,0,47.12521214,-120.67943899999999,53037.0,233.6497340148117,0.0,112,109,0,0,109,100,47364,3,0,0,3,9
2020-06-25,US,Washington,Klickitat,55,3,0,45.87325839,-120.7913598,53039.0,245.2619843924192,5.454545454545454,52,55,3,0,52,53,22107,0,0,0,0,2
2020-06-25,US,Washington,Lewis,53,3,0,46.57756476,-122.39257690000001,53041.0,65.66964451658468,5.660377358490566,50,52,3,0,49,50,79604,1,0,0,1,2
2020-06-25,US,Washington,Lincoln,2,0,0,47.57705241,-118.41943880000001,53043.0,18.283206874485785,0.0,2,2,0,0,2,2,10740,0,0,0,0,0
2020-06-25,US,Washington,Mason,46,1,0,47.35007586,-123.1863685,53045.0,68.895279175653,2.1739130434782608,45,43,1,0,42,43,65507,3,0,0,3,0
2020-06-25,US,Washington,Okanogan,63,2,0,48.54855019,-119.73872240000001,53047.0,149.1371351466515,3.1746031746031744,61,63,2,0,61,63,42132,0,0,0,0,0
2020-06-25,US,Washington,Pacific,12,1,0,46.55418369,-123.7285716,53049.0,53.4021627875929,8.333333333333334,11,13,1,0,12,13,22036,-1,0,0,-1,0
2020-06-25,US,Washington,Pend Oreille,3,0,0,48.53234021,-117.2741804,53051.0,21.85951617604197,0.0,3,3,0,0,3,3,13602,0,0,0,0,0
2020-06-25,US,Washington,Pierce,2400,97,0,47.03892768,-122.14059579999999,53053.0,265.1992309222303,4.041666666666667,2303,2361,96,0,2265,2321,891299,39,1,0,38,40
2020-06-25,US,Washington,San Juan,19,0,0,48.60182783,-122.96745,53055.0,108.06506654533042,0.0,19,20,0,0,20,19,17128,-1,0,0,-1,1
2020-06-25,US,Washington,Skagit,491,15,0,48.48171488,-121.766131,53057.0,380.0162532409736,3.054989816700611,476,488,15,0,473,486,128206,3,0,0,3,2
2020-06-25,US,Washington,Skamania,3,0,0,46.02408726,-121.91644029999999,53059.0,24.828271124720683,0.0,3,3,0,0,3,4,11924,0,0,0,0,-1
2020-06-25,US,Washington,Snohomish,3371,165,0,48.04615983,-121.7170703,53061.0,410.0559189278941,4.894690002966478,3206,3346,165,0,3181,3329,814901,25,0,0,25,17
2020-06-25,US,Washington,Spokane,1098,38,0,47.62113146,-117.4046494,53063.0,210.0237567856036,3.4608378870673957,1060,1069,38,0,1031,1021,514631,29,0,0,29,48
2020-06-25,US,Washington,Stevens,16,1,0,48.40035475,-117.8542701,53065.0,34.993329396583775,6.25,15,16,1,0,15,16,45260,0,0,0,0,0
2020-06-25,US,Washington,Thurston,224,7,0,46.9291895,-122.82906559999999,53067.0,77.09887931271857,3.125,217,226,7,0,219,221,286419,-2,0,0,-2,5
2020-06-25,US,Washington,Unassigned,49,0,0,0.0,0.0,90053.0,0.0,0.0,49,43,0,0,43,36,,6,0,0,6,7
2020-06-25,US,Washington,Wahkiakum,5,0,0,46.29180039999999,-123.4250831,53069.0,111.40819964349377,0.0,5,4,0,0,4,4,4426,1,0,0,1,0
2020-06-25,US,Washington,Walla Walla,147,3,0,46.23040051,-118.4775539,53071.0,241.93548387096772,2.0408163265306123,144,144,3,0,141,144,60922,3,0,0,3,0
2020-06-25,US,Washington,Whatcom,574,40,0,48.82227976,-121.74900179999999,53073.0,250.3849559645273,6.968641114982578,534,554,40,0,514,521,225685,20,0,0,20,33
2020-06-25,US,Washington,Whitman,33,0,0,46.90022523,-117.52417630000001,53075.0,65.86300494970462,0.0,33,30,0,0,30,31,49791,3,0,0,3,-1
2020-06-25,US,Washington,Yakima,6607,149,0,46.45738486,-120.73801259999999,53077.0,2633.6034567291017,2.2551838958680186,6458,6490,146,0,6344,6435,251446,117,3,0,114,55
2020-06-25,US,West Virginia,Barbour,15,1,0,39.1307219,-80.00350858,54001.0,91.23532631835045,6.666666666666668,14,15,1,0,14,15,16535,0,0,0,0,0
2020-06-25,US,West Virginia,Berkeley,441,10,0,39.46704621,-78.02414609,54003.0,370.0564734708948,2.2675736961451247,431,440,10,0,430,438,117123,1,0,0,1,2
2020-06-25,US,West Virginia,Boone,19,0,0,38.01974191,-81.69888019,54005.0,88.54919140606796,0.0,19,19,0,0,19,19,21951,0,0,0,0,0
2020-06-25,US,West Virginia,Braxton,3,0,0,38.70036159,-80.72011184,54007.0,21.49459052805044,0.0,3,3,0,0,3,3,14089,0,0,0,0,0
2020-06-25,US,West Virginia,Brooke,9,0,0,40.27367263,-80.57915332,54009.0,41.022836045398606,0.0,9,11,0,0,11,7,22203,-2,0,0,-2,4
2020-06-25,US,West Virginia,Cabell,105,0,0,38.42424062,-82.23855912,54011.0,114.19870574800152,0.0,105,100,0,0,100,91,93224,5,0,0,5,9
2020-06-25,US,West Virginia,Calhoun,2,0,0,38.84315422,-81.11934872,54013.0,28.133352088901397,0.0,2,2,0,0,2,2,7254,0,0,0,0,0
2020-06-25,US,West Virginia,Clay,10,1,0,38.46231092,-81.07652217,54015.0,117.53643629525152,10.0,9,10,1,0,9,10,8632,0,0,0,0,0
2020-06-25,US,West Virginia,Fayette,64,4,0,38.02974928,-81.08286634,54019.0,150.92203933405648,6.25,60,62,4,0,58,59,43018,2,0,0,2,3
2020-06-25,US,West Virginia,Gilmer,11,0,0,38.9251277,-80.85952723,54021.0,140.61101879074525,0.0,11,10,0,0,10,10,8026,1,0,0,1,0
2020-06-25,US,West Virginia,Grant,16,0,0,39.10314817,-79.19440518,54023.0,138.31258644536652,0.0,16,16,0,0,16,16,11626,0,0,0,0,0
2020-06-25,US,West Virginia,Greenbrier,57,0,0,37.9463652,-80.45335881,54025.0,164.4452137787779,0.0,57,52,0,0,52,51,34786,5,0,0,5,1
2020-06-25,US,West Virginia,Hampshire,40,1,0,39.32103553,-78.60826476,54027.0,172.5997842502697,2.5,39,40,1,0,39,40,23347,0,0,0,0,0
2020-06-25,US,West Virginia,Hancock,20,0,0,40.51943859,-80.57461608,54029.0,69.42034015966678,0.0,20,20,0,0,20,20,29094,0,0,0,0,0
2020-06-25,US,West Virginia,Hardy,42,0,0,39.00683177,-78.85855301,54031.0,304.8780487804878,0.0,42,42,0,0,42,42,13775,0,0,0,0,0
2020-06-25,US,West Virginia,Harrison,56,1,0,39.2853852,-80.37919577,54033.0,83.2639467110741,1.7857142857142858,55,53,1,0,52,50,67554,3,0,0,3,3
2020-06-25,US,West Virginia,Jackson,142,18,0,38.84263974,-81.68148753,54035.0,496.92049272116463,12.676056338028172,124,142,18,0,124,141,28706,0,0,0,0,1
2020-06-25,US,West Virginia,Jefferson,219,4,0,39.30776166,-77.86014147,54037.0,383.2289224092675,1.8264840182648399,215,217,4,0,213,216,56811,2,0,0,2,1
2020-06-25,US,West Virginia,Kanawha,286,20,0,38.33860077,-81.52857054,54039.0,160.56230491118546,6.9930069930069925,266,271,20,0,251,270,180454,15,0,0,15,1
2020-06-25,US,West Virginia,Lewis,15,2,0,38.9947249,-80.49988181,54041.0,94.29810775130446,13.333333333333336,13,15,2,0,13,15,16024,0,0,0,0,0
2020-06-25,US,West Virginia,Lincoln,5,0,0,38.172154,-82.07017953,54043.0,24.498995541182808,0.0,5,5,0,0,5,5,20599,0,0,0,0,0
2020-06-25,US,West Virginia,Logan,21,1,0,37.8299889,-81.93528571,54045.0,65.58605827789751,4.761904761904762,20,21,1,0,20,21,32607,0,0,0,0,0
2020-06-25,US,West Virginia,Marion,55,2,0,39.50984542,-80.24244659,54049.0,98.08817234983593,3.636363636363636,53,54,2,0,52,55,56097,1,0,0,1,-1
2020-06-25,US,West Virginia,Marshall,39,0,0,39.86064362,-80.66591062,54051.0,127.73901935737447,0.0,39,39,0,0,39,39,30785,0,0,0,0,0
2020-06-25,US,West Virginia,Mason,16,0,0,38.77071799,-82.02524219,54053.0,60.34092623321768,0.0,16,16,0,0,16,16,26718,0,0,0,0,0
2020-06-25,US,West Virginia,McDowell,6,0,0,37.38002939,-81.65083669,54047.0,34.04448479346346,0.0,6,6,0,0,6,6,18223,0,0,0,0,0
2020-06-25,US,West Virginia,Mercer,30,0,0,37.40481169,-81.11023142,54055.0,51.05687736138058,0.0,30,27,0,0,27,22,59131,3,0,0,3,5
2020-06-25,US,West Virginia,Mineral,54,3,0,39.41561583,-78.94104895,54057.0,200.9825815096025,5.5555555555555545,51,54,3,0,51,54,26940,0,0,0,0,0
2020-06-25,US,West Virginia,Mingo,16,2,0,37.73048351,-82.13338365,54059.0,68.30601092896175,12.5,14,15,2,0,13,15,23785,1,0,0,1,0
2020-06-25,US,West Virginia,Monongalia,161,5,0,39.63218457,-80.04766838,54061.0,152.44479793962807,3.1055900621118013,156,159,5,0,154,160,106420,2,0,0,2,-1
2020-06-25,US,West Virginia,Monroe,9,0,0,37.56274716,-80.54577965,54063.0,67.79661016949153,0.0,9,9,0,0,9,9,13280,0,0,0,0,0
2020-06-25,US,West Virginia,Morgan,20,0,0,39.55439028,-78.26311676,54065.0,111.83180496533214,0.0,20,20,0,0,20,20,17787,0,0,0,0,0
2020-06-25,US,West Virginia,Nicholas,8,1,0,38.29617706,-80.79759588,54067.0,32.65839320705421,12.5,7,8,1,0,7,7,24842,0,0,0,0,1
2020-06-25,US,West Virginia,Ohio,78,1,0,40.0955451,-80.62203992,54069.0,188.35575088744537,1.2820512820512822,77,76,1,0,75,74,41755,2,0,0,2,2
2020-06-25,US,West Virginia,Pendleton,13,1,0,38.68314479,-79.35084086,54071.0,186.5403931697517,7.6923076923076925,12,13,1,0,12,13,6997,0,0,0,0,0
2020-06-25,US,West Virginia,Pleasants,5,0,0,39.37091679,-81.16771771,54073.0,67.02412868632706,0.0,5,5,0,0,5,5,7507,0,0,0,0,0
2020-06-25,US,West Virginia,Pocahontas,24,0,0,38.32758728,-80.00993811,54075.0,291.0149145143688,0.0,24,24,0,0,24,24,8414,0,0,0,0,0
2020-06-25,US,West Virginia,Preston,70,2,0,39.46770987,-79.66712803,54077.0,209.38023450586263,2.8571428571428568,68,64,2,0,62,64,33839,6,0,0,6,0
2020-06-25,US,West Virginia,Putnam,50,0,0,38.50782345,-81.9082131,54079.0,88.57395925597874,0.0,50,45,0,0,45,44,56682,5,0,0,5,1
2020-06-25,US,West Virginia,Raleigh,43,0,0,37.76936795,-81.2456041,54081.0,58.61425007837953,0.0,43,35,0,0,35,34,74254,8,0,0,8,1
2020-06-25,US,West Virginia,Randolph,155,0,0,38.769899,-79.87919615,54083.0,540.1637916013243,0.0,155,154,0,0,154,154,28823,1,0,0,1,0
2020-06-25,US,West Virginia,Ritchie,2,0,0,39.18094587,-81.06356878,54085.0,20.933640360058615,0.0,2,2,0,0,2,3,9721,0,0,0,0,-1
2020-06-25,US,West Virginia,Roane,11,1,0,38.71622686,-81.35243568,54087.0,80.3623611922852,9.090909090909092,10,11,1,0,10,11,13932,0,0,0,0,0
2020-06-25,US,West Virginia,Summers,1,0,0,37.65390597,-80.86009693,54089.0,7.953551260637875,0.0,1,1,0,0,1,1,12760,0,0,0,0,0
2020-06-25,US,West Virginia,Taylor,14,0,0,39.33602617,-80.0421439,54091.0,83.85744234800839,0.0,14,14,0,0,14,14,16862,0,0,0,0,0
2020-06-25,US,West Virginia,Tucker,6,0,0,39.11240885,-79.57053576,54093.0,87.73212457961691,0.0,6,6,0,0,6,6,6955,0,0,0,0,0
2020-06-25,US,West Virginia,Tyler,3,0,0,39.46811972,-80.88772676,54095.0,34.920265394016994,0.0,3,3,0,0,3,3,8746,0,0,0,0,0
2020-06-25,US,West Virginia,Upshur,14,0,0,38.89285061,-80.23689136,54097.0,57.90866975512906,0.0,14,14,0,0,14,11,24415,0,0,0,0,3
2020-06-25,US,West Virginia,Wayne,110,9,0,38.14901357,-82.42287994,54099.0,279.17364600781684,8.181818181818182,101,108,9,0,99,107,39944,2,0,0,2,1
2020-06-25,US,West Virginia,Webster,1,0,0,38.49370949,-80.4202023,54101.0,12.324377618930244,0.0,1,,,,,,8285,,,,,
2020-06-25,US,West Virginia,Wetzel,9,0,0,39.6065771,-80.64016540000001,54103.0,59.741121805509465,0.0,9,9,0,0,9,9,15270,0,0,0,0,0
2020-06-25,US,West Virginia,Wirt,4,0,0,39.02775007,-81.37473928,54105.0,68.7167153410067,0.0,4,4,0,0,4,4,5830,0,0,0,0,0
2020-06-25,US,West Virginia,Wood,62,2,0,39.20967886,-81.5162836,54107.0,74.23549414497474,3.2258064516129035,60,61,2,0,59,59,84203,1,0,0,1,2
2020-06-25,US,West Virginia,Wyoming,7,0,0,37.612327,-81.54511071,54109.0,34.32382073158772,0.0,7,7,0,0,7,7,20786,0,0,0,0,0
2020-06-25,US,Wisconsin,Adams,12,2,0,43.96974651,-89.76782777,55001.0,59.34718100890208,16.666666666666668,10,11,2,0,9,11,20348,1,0,0,1,0
2020-06-25,US,Wisconsin,Ashland,3,0,0,46.31956891,-90.67837132,55003.0,19.27772779848349,0.0,3,3,0,0,3,3,15600,0,0,0,0,0
2020-06-25,US,Wisconsin,Barron,32,0,0,45.42372701,-91.84833627,55005.0,70.7276102908673,0.0,32,32,0,0,32,31,45164,0,0,0,0,1
2020-06-25,US,Wisconsin,Bayfield,3,1,0,46.52868768,-91.19716729,55007.0,19.952114924181963,33.333333333333336,2,3,1,0,2,3,15042,0,0,0,0,0
2020-06-25,US,Wisconsin,Brown,2698,42,0,44.452655299999996,-88.00411844,55009.0,1019.8758609218953,1.5567086730911786,2656,2661,40,0,2621,2620,263378,37,2,0,35,41
2020-06-25,US,Wisconsin,Buffalo,7,2,0,44.37835084,-91.75332578,55011.0,53.718056941140354,28.57142857142857,5,7,2,0,5,7,13125,0,0,0,0,0
2020-06-25,US,Wisconsin,Burnett,2,1,0,45.86303537,-92.36711412,55013.0,12.975217334890358,50.0,1,2,1,0,1,2,15392,0,0,0,0,0
2020-06-25,US,Wisconsin,Calumet,94,2,0,44.0816316,-88.21780273,55015.0,187.66595460081055,2.127659574468085,92,92,2,0,90,92,50159,2,0,0,2,0
2020-06-25,US,Wisconsin,Chippewa,76,0,0,45.06939744,-91.28068855,55017.0,117.54152618392156,0.0,76,71,0,0,71,70,64135,5,0,0,5,1
2020-06-25,US,Wisconsin,Clark,64,6,0,44.73483377,-90.61207486,55019.0,184.0455512739403,9.375,58,64,6,0,58,60,34709,0,0,0,0,4
2020-06-25,US,Wisconsin,Columbia,74,1,0,43.46492199,-89.33589004,55021.0,128.62407008273658,1.351351351351351,73,70,1,0,69,70,57358,4,0,0,4,0
2020-06-25,US,Wisconsin,Crawford,32,0,0,43.23870316,-90.93073686,55023.0,198.37579815262538,0.0,32,32,0,0,32,31,16291,0,0,0,0,1
2020-06-25,US,Wisconsin,Dane,1324,32,0,43.06601594,-89.41733797,55025.0,242.18256980583325,2.416918429003021,1292,1235,32,0,1203,1172,542364,89,0,0,89,63
2020-06-25,US,Wisconsin,Dodge,445,5,0,43.41576662,-88.70928178,55027.0,506.60868179282545,1.1235955056179776,440,444,5,0,439,440,87847,1,0,0,1,4
2020-06-25,US,Wisconsin,Door,40,3,0,44.95856458,-87.30002707,55029.0,144.57134595923088,7.5,37,40,3,0,37,40,27610,0,0,0,0,0
2020-06-25,US,Wisconsin,Douglas,20,0,0,46.43222285,-91.91595768,55031.0,46.349942062572424,0.0,20,20,0,0,20,20,43208,0,0,0,0,0
2020-06-25,US,Wisconsin,Dunn,33,0,0,44.94562799,-91.8962481,55033.0,72.73849409275259,0.0,33,29,0,0,29,29,45131,4,0,0,4,0
2020-06-25,US,Wisconsin,Eau Claire,176,1,0,44.726614,-91.28609183,55035.0,168.18607495747568,0.5681818181818182,175,170,1,0,169,167,104534,6,0,0,6,3
2020-06-25,US,Wisconsin,Florence,3,0,0,45.84963535,-88.39804137,55037.0,69.848661233993,0.0,3,3,0,0,3,2,4321,0,0,0,0,1
2020-06-25,US,Wisconsin,Fond du Lac,299,6,0,43.75354908,-88.48885325,55039.0,289.15988897807614,2.0066889632107023,293,297,6,0,291,296,103066,2,0,0,2,1
2020-06-25,US,Wisconsin,Forest,38,3,0,45.66678019,-88.77084892,55041.0,422.034651266104,7.894736842105262,35,35,3,0,32,35,8991,3,0,0,3,0
2020-06-25,US,Wisconsin,Grant,136,12,0,42.8671731,-90.7063218,55043.0,264.3908318590952,8.823529411764708,124,134,12,0,122,130,51554,2,0,0,2,4
2020-06-25,US,Wisconsin,Green,83,1,0,42.6794956,-89.60243287,55045.0,224.5670995670996,1.2048192771084338,82,81,1,0,80,80,36929,2,0,0,2,1
2020-06-25,US,Wisconsin,Green Lake,26,0,0,43.80025981,-89.04679553,55047.0,137.4715803944377,0.0,26,26,0,0,26,25,18918,0,0,0,0,1
2020-06-25,US,Wisconsin,Iowa,25,0,0,43.00050278,-90.13469017,55049.0,105.58324182785708,0.0,25,23,0,0,23,21,23771,2,0,0,2,2
2020-06-25,US,Wisconsin,Iron,2,1,0,46.26302338,-90.24295041,55051.0,35.16792685071215,50.0,1,2,1,0,1,2,5676,0,0,0,0,0
2020-06-25,US,Wisconsin,Jackson,26,1,0,44.31864893,-90.80566792,55053.0,125.95068546238434,3.8461538461538463,25,24,1,0,23,24,20478,2,0,0,2,0
2020-06-25,US,Wisconsin,Jefferson,201,4,0,43.02054068,-88.77529134,55055.0,237.11498307164172,1.9900497512437807,197,194,4,0,190,185,85129,7,0,0,7,9
2020-06-25,US,Wisconsin,Juneau,31,1,0,43.92456975,-90.11120239,55057.0,116.16142691197962,3.2258064516129035,30,31,1,0,30,29,26617,0,0,0,0,2
2020-06-25,US,Wisconsin,Kenosha,1440,41,0,42.57639354,-88.04051686,55059.0,849.2518916496127,2.8472222222222223,1399,1436,40,0,1396,1424,169290,4,1,0,3,12
2020-06-25,US,Wisconsin,Kewaunee,49,1,0,44.51727459,-87.61468386,55061.0,239.7964177351473,2.0408163265306123,48,46,1,0,45,46,20383,3,0,0,3,0
2020-06-25,US,Wisconsin,La Crosse,343,0,0,43.90632465,-91.11451093,55063.0,290.638557483731,0.0,343,316,0,0,316,294,118230,27,0,0,27,22
2020-06-25,US,Wisconsin,Lafayette,62,0,0,42.66005229,-90.1317729,55065.0,372.037203720372,0.0,62,61,0,0,61,60,16665,1,0,0,1,1
2020-06-25,US,Wisconsin,Langlade,8,0,0,45.26271619,-89.07483625,55067.0,41.690551878680495,0.0,8,7,0,0,7,7,19268,1,0,0,1,0
2020-06-25,US,Wisconsin,Lincoln,8,0,0,45.33737523,-89.73411273,55069.0,28.99286050809988,0.0,8,8,0,0,8,8,27689,0,0,0,0,0
2020-06-25,US,Wisconsin,Manitowoc,81,1,0,44.11946801,-87.80928853,55071.0,102.5563110115091,1.2345679012345678,80,81,1,0,80,76,79074,0,0,0,0,5
2020-06-25,US,Wisconsin,Marathon,137,1,0,44.89792533,-89.75863384,55073.0,100.96394776405388,0.7299270072992701,136,130,1,0,129,121,135428,7,0,0,7,9
2020-06-25,US,Wisconsin,Marinette,48,3,0,45.38553432,-88.03324599999998,55075.0,118.95910780669143,6.25,45,45,3,0,42,45,40434,3,0,0,3,0
2020-06-25,US,Wisconsin,Marquette,10,1,0,43.81911946,-89.40073763,55077.0,64.20958006934634,10.0,9,10,1,0,9,10,15434,0,0,0,0,0
2020-06-25,US,Wisconsin,Menominee,4,0,0,45.00422544,-88.70950714,55078.0,87.7963125548727,0.0,4,4,0,0,4,4,4658,0,0,0,0,0
2020-06-25,US,Wisconsin,Milwaukee,10674,381,0,43.00486062,-87.96733172,55079.0,1128.6567145240801,3.5694210230466554,10293,10544,377,0,10167,10406,948201,130,4,0,126,138
2020-06-25,US,Wisconsin,Monroe,57,1,0,43.94641218,-90.61881899999999,55081.0,123.23524960543101,1.7543859649122806,56,51,1,0,50,49,46051,6,0,0,6,2
2020-06-25,US,Wisconsin,Oconto,51,0,0,45.02715345,-88.26807503,55083.0,134.45821249670445,0.0,51,50,0,0,50,49,37830,1,0,0,1,1
2020-06-25,US,Wisconsin,Oneida,17,0,0,45.70677897,-89.51944105,55085.0,47.75951678606546,0.0,17,17,0,0,17,17,35470,0,0,0,0,0
2020-06-25,US,Wisconsin,Outagamie,428,8,0,44.41578887,-88.46565023,55087.0,227.79891955185352,1.8691588785046729,420,415,8,0,407,412,187365,13,0,0,13,3
2020-06-25,US,Wisconsin,Ozaukee,212,15,0,43.38352225,-87.94625009,55089.0,237.61222133802582,7.075471698113208,197,210,15,0,195,208,89147,2,0,0,2,2
2020-06-25,US,Wisconsin,Pepin,1,0,0,44.58307413,-91.99949611,55091.0,13.723068478111706,0.0,1,1,0,0,1,1,7289,0,0,0,0,0
2020-06-25,US,Wisconsin,Pierce,60,0,0,44.71850291,-92.4224416,55093.0,140.3377461757964,0.0,60,57,0,0,57,57,42555,3,0,0,3,0
2020-06-25,US,Wisconsin,Polk,41,1,0,45.46130348,-92.44182875,55095.0,93.64365164561589,2.4390243902439024,40,41,1,0,40,40,43598,0,0,0,0,1
2020-06-25,US,Wisconsin,Portage,107,0,0,44.47558711,-89.50152965,55097.0,151.1897360538066,0.0,107,101,0,0,101,99,70942,6,0,0,6,2
2020-06-25,US,Wisconsin,Price,2,0,0,45.68051754,-90.36098879999999,55099.0,14.980151299528124,0.0,2,2,0,0,2,2,13397,0,0,0,0,0
2020-06-25,US,Wisconsin,Racine,2124,61,0,42.74753117,-88.05941254,55101.0,1081.956691168605,2.871939736346516,2063,2114,61,0,2053,2107,196584,10,0,0,10,7
2020-06-25,US,Wisconsin,Richland,15,4,0,43.3762778,-90.43012729,55103.0,86.94644099234871,26.66666666666667,11,15,4,0,11,15,17377,0,0,0,0,0
2020-06-25,US,Wisconsin,Rock,819,23,0,42.67151616,-89.07147900000002,55105.0,501.36513339128516,2.8083028083028077,796,816,23,0,793,800,163129,3,0,0,3,16
2020-06-25,US,Wisconsin,Rusk,11,0,0,45.47498854,-91.1333012,55107.0,77.58499083086474,0.0,11,11,0,0,11,11,14147,0,0,0,0,0
2020-06-25,US,Wisconsin,Sauk,98,3,0,43.42574087,-89.94966132,55111.0,152.07473386921572,3.0612244897959178,95,97,3,0,94,97,64249,1,0,0,1,0
2020-06-25,US,Wisconsin,Sawyer,10,0,0,45.87931905,-91.14504927,55113.0,60.39376736320811,0.0,10,9,0,0,9,9,16489,1,0,0,1,0
2020-06-25,US,Wisconsin,Shawano,73,0,0,44.78902246,-88.76443896,55115.0,178.48847160077264,0.0,73,70,0,0,70,70,40796,3,0,0,3,0
2020-06-25,US,Wisconsin,Sheboygan,189,4,0,43.72099677,-87.94579284,55117.0,163.8633604993931,2.1164021164021163,185,187,4,0,183,186,115456,2,0,0,2,1
2020-06-25,US,Wisconsin,St. Croix,141,1,0,45.03437474,-92.45000068,55109.0,155.47983724238316,0.7092198581560284,140,135,1,0,134,134,89694,6,0,0,6,1
2020-06-25,US,Wisconsin,Taylor,10,0,0,45.21179252,-90.5004405,55119.0,49.1569581674286,0.0,10,10,0,0,10,9,20412,0,0,0,0,1
2020-06-25,US,Wisconsin,Trempealeau,104,0,0,44.30360275,-91.35893614,55121.0,350.7706836655536,0.0,104,98,0,0,98,92,29442,6,0,0,6,6
2020-06-25,US,Wisconsin,Vernon,32,0,0,43.59422667,-90.8324691,55123.0,103.82194536370123,0.0,32,31,0,0,31,31,30785,1,0,0,1,0
2020-06-25,US,Wisconsin,Vilas,10,0,0,46.05467334,-89.51719204,55125.0,45.05519261094841,0.0,10,10,0,0,10,11,21938,0,0,0,0,-1
2020-06-25,US,Wisconsin,Walworth,546,18,0,42.66858202,-88.54163073,55127.0,525.6671929756999,3.2967032967032965,528,522,18,0,504,509,103718,24,0,0,24,13
2020-06-25,US,Wisconsin,Washburn,4,0,0,45.89838588,-91.79050449,55129.0,25.44529262086514,0.0,4,4,0,0,4,4,15878,0,0,0,0,0
2020-06-25,US,Wisconsin,Washington,335,15,0,43.36863664,-88.22974712,55131.0,246.26196392078447,4.477611940298506,320,330,14,0,316,326,135693,5,1,0,4,4
2020-06-25,US,Wisconsin,Waukesha,1069,38,0,43.01833055,-88.30431188,55133.0,264.47434178298755,3.5547240411599628,1031,1056,37,0,1019,1020,403072,13,1,0,12,36
2020-06-25,US,Wisconsin,Waupaca,101,6,0,44.47068056,-88.96534501,55135.0,198.07805452049422,5.9405940594059405,95,96,6,0,90,95,51128,5,0,0,5,1
2020-06-25,US,Wisconsin,Waushara,20,0,0,44.11324419,-89.24317107,55137.0,81.82301681462995,0.0,20,20,0,0,20,20,24263,0,0,0,0,0
2020-06-25,US,Wisconsin,Winnebago,634,11,0,44.06886922,-88.64477096,55139.0,368.804062661788,1.7350157728706626,623,626,11,0,615,619,171020,8,0,0,8,7
2020-06-25,US,Wisconsin,Wood,37,1,0,44.45537896,-90.04158336,55141.0,50.68562583049083,2.702702702702702,36,37,1,0,36,34,73055,0,0,0,0,3
2020-06-25,US,Wyoming,Albany,31,0,0,41.65498705,-105.72354150000001,56001.0,79.73251028806584,0.0,31,31,0,0,31,29,38601,0,0,0,0,2
2020-06-25,US,Wyoming,Big Horn,11,0,0,44.52405055,-107.9960365,56003.0,93.29940627650551,0.0,11,11,0,0,11,11,11881,0,0,0,0,0
2020-06-25,US,Wyoming,Campbell,55,0,0,44.24886082,-105.54744040000001,56005.0,118.68539738028959,0.0,55,54,0,0,54,50,46140,1,0,0,1,4
2020-06-25,US,Wyoming,Carbon,22,0,0,41.69357844,-106.9326084,56007.0,148.64864864864862,0.0,22,22,0,0,22,22,14971,0,0,0,0,0
2020-06-25,US,Wyoming,Converse,25,0,0,42.97272268,-105.5081848,56009.0,180.8710750976704,0.0,25,25,0,0,25,25,13640,0,0,0,0,0
2020-06-25,US,Wyoming,Crook,7,0,0,44.58855102,-104.56977049999999,56011.0,92.2995780590717,0.0,7,7,0,0,7,7,7450,0,0,0,0,0
2020-06-25,US,Wyoming,Fremont,345,0,0,43.04183996,-108.6296893,56013.0,878.7346221441124,0.0,345,340,0,0,340,339,39531,5,0,0,5,1
2020-06-25,US,Wyoming,Goshen,5,0,0,42.08798185,-104.3534743,56015.0,37.847248505033676,0.0,5,5,0,0,5,5,13376,0,0,0,0,0
2020-06-25,US,Wyoming,Hot Springs,12,0,0,43.71930657,-108.44231740000001,56017.0,271.92386131883075,0.0,12,12,0,0,12,12,4555,0,0,0,0,0
2020-06-25,US,Wyoming,Johnson,19,1,0,44.04057166,-106.58451740000001,56019.0,224.98519834221432,5.2631578947368425,18,19,1,0,18,19,8460,0,0,0,0,0
2020-06-25,US,Wyoming,Laramie,225,0,0,41.30702520000001,-104.6887497,56021.0,226.13065326633162,0.0,225,219,0,0,219,215,98976,6,0,0,6,4
2020-06-25,US,Wyoming,Lincoln,16,0,0,42.26376367,-110.6563997,56023.0,80.68582955118508,0.0,16,15,0,0,15,15,19434,1,0,0,1,0
2020-06-25,US,Wyoming,Natrona,107,0,0,42.96180148,-106.79788500000001,56025.0,133.98782839540183,0.0,107,102,0,0,102,98,79115,5,0,0,5,4
2020-06-25,US,Wyoming,Niobrara,2,0,0,43.05607708,-104.47588959999999,56027.0,84.88964346349746,0.0,2,2,0,0,2,2,2388,0,0,0,0,0
2020-06-25,US,Wyoming,Park,22,0,0,44.52157546,-109.58528249999999,56029.0,75.35795026375283,0.0,22,17,0,0,17,16,29324,5,0,0,5,1
2020-06-25,US,Wyoming,Platte,2,0,0,42.13299116,-104.96633100000001,56031.0,23.82938162754677,0.0,2,2,0,0,2,2,8566,0,0,0,0,0
2020-06-25,US,Wyoming,Sheridan,22,0,0,44.79048913,-106.8862389,56033.0,72.16663933081843,0.0,22,19,0,0,19,19,30233,3,0,0,3,0
2020-06-25,US,Wyoming,Sublette,5,0,0,42.76558279,-109.91309220000001,56035.0,50.85952598921778,0.0,5,5,0,0,5,5,9813,0,0,0,0,0
2020-06-25,US,Wyoming,Sweetwater,73,0,0,41.65943896,-108.8827882,56037.0,172.40157759251824,0.0,73,65,0,0,65,58,43051,8,0,0,8,7
2020-06-25,US,Wyoming,Teton,118,0,0,43.93522482,-110.5890801,56039.0,502.8980565973406,0.0,118,113,0,0,113,113,23081,5,0,0,5,0
2020-06-25,US,Wyoming,Uinta,162,0,0,41.2878183,-110.54757820000002,56041.0,800.9492732126965,0.0,162,157,0,0,157,152,20299,5,0,0,5,5
2020-06-25,US,Wyoming,Unassigned,0,19,0,0.0,0.0,90056.0,0.0,0.0,-19,0,19,0,-19,0,,0,0,0,0,0
2020-06-25,US,Wyoming,Washakie,39,0,0,43.90451606,-107.68018700000002,56043.0,499.6796925048046,0.0,39,39,0,0,39,39,7885,0,0,0,0,0
2020-06-25,US,Wyoming,Weston,1,0,0,43.83961191,-104.56748809999999,56045.0,14.436263894903998,0.0,1,1,0,0,1,1,6967,0,0,0,0,0
