Date,Country/Region,Province/State,Admin2,Confirmed,Deaths,Recovered,Latitude,Longitude,FIPS,Incidence_Rate,Case-Fatality_Ratio,Active Cases,Previous Confirmed,Previous Deaths,Previous Recovered,Previous Active,Prev2 Confirmed,Population,Daily Confirmed,Daily Deaths,Daily Recovered,Daily Active,Previous Daily Confirmed
2020-09-30,US,Alabama,Autauga,1791,27,0,32.53952745,-86.64408227,1001.0,3205.713365193578,1.5075376884422111,1764,1787,27,0,1760,1785,55601,4,0,0,4,2
2020-09-30,US,Alabama,Baldwin,5640,52,0,30.72774991,-87.72207058,1003.0,2526.4968597973425,0.9219858156028368,5588,5606,50,0,5556,5588,218022,34,2,0,32,18
2020-09-30,US,Alabama,Barbour,896,7,0,31.868263,-85.3871286,1005.0,3629.587620513652,0.78125,889,886,7,0,879,886,24881,10,0,0,10,0
2020-09-30,US,Alabama,Bibb,664,11,0,32.99642064,-87.12511459999996,1007.0,2965.0799321246764,1.6566265060240963,653,658,10,0,648,657,22400,6,1,0,5,1
2020-09-30,US,Alabama,Blount,1629,15,0,33.98210918,-86.56790593,1009.0,2817.0719053712864,0.9208103130755064,1614,1621,15,0,1606,1618,57840,8,0,0,8,3
2020-09-30,US,Alabama,Bullock,610,15,0,32.10030533,-85.71265535,1011.0,6039.006039006039,2.459016393442623,595,607,14,0,593,607,10138,3,1,0,2,0
2020-09-30,US,Alabama,Butler,917,40,0,31.75300095,-86.68057478,1013.0,4715.137803373097,4.362050163576881,877,917,40,0,877,914,19680,0,0,0,0,3
2020-09-30,US,Alabama,Calhoun,3569,44,0,33.77483727,-85.82630386,1015.0,3141.587078033537,1.232838330064444,3525,3556,44,0,3512,3548,114277,13,0,0,13,8
2020-09-30,US,Alabama,Chambers,1179,42,0,32.91360079,-85.39072749,1017.0,3545.438142779816,3.5623409669211195,1137,1175,42,0,1133,1172,33615,4,0,0,4,3
2020-09-30,US,Alabama,Cherokee,620,13,0,34.17805983,-85.60638968,1019.0,2366.773553214231,2.096774193548387,607,617,13,0,604,614,26032,3,0,0,3,3
2020-09-30,US,Alabama,Chilton,1609,30,0,32.85044126,-86.7173256,1021.0,3621.589988295669,1.864512119328776,1579,1595,30,0,1565,1593,44153,14,0,0,14,2
2020-09-30,US,Alabama,Choctaw,352,12,0,32.02227341,-88.26564429999998,1023.0,2796.091826197474,3.4090909090909087,340,351,12,0,339,351,12841,1,0,0,1,0
2020-09-30,US,Alabama,Clarke,1109,16,0,31.68099859,-87.83548597,1025.0,4694.77605621878,1.442741208295762,1093,1103,16,0,1087,1104,23920,6,0,0,6,-1
2020-09-30,US,Alabama,Clay,592,9,0,33.26984193,-85.85836077,1027.0,4472.988288628636,1.5202702702702702,583,591,8,0,583,592,13275,1,1,0,0,-1
2020-09-30,US,Alabama,Cleburne,408,5,0,33.67679204,-85.52005899,1029.0,2736.4185110663984,1.2254901960784317,403,394,5,0,389,389,14987,14,0,0,14,5
2020-09-30,US,Alabama,Coffee,1393,6,0,31.39932826,-85.98901039,1031.0,2661.3427075770887,0.43072505384063176,1387,1371,6,0,1365,1365,51909,22,0,0,22,6
2020-09-30,US,Alabama,Colbert,1684,26,0,34.69847452,-87.80168544,1033.0,3048.4603826867724,1.5439429928741093,1658,1677,26,0,1651,1675,54762,7,0,0,7,2
2020-09-30,US,Alabama,Conecuh,538,11,0,31.43401703,-86.99320044,1035.0,4458.440374575288,2.044609665427509,527,539,11,0,528,537,12277,-1,0,0,-1,2
2020-09-30,US,Alabama,Coosa,174,3,0,32.93690146,-86.24847739,1037.0,1631.8109350089096,1.7241379310344829,171,174,3,0,171,172,10715,0,0,0,0,2
2020-09-30,US,Alabama,Covington,1416,28,0,31.247785399999998,-86.45050893,1039.0,3821.965505141839,1.9774011299435028,1388,1407,27,0,1380,1403,36986,9,1,0,8,4
2020-09-30,US,Alabama,Crenshaw,545,32,0,31.72941803,-86.31593104,1041.0,3957.3046761545174,5.871559633027522,513,543,32,0,511,542,13824,2,0,0,2,1
2020-09-30,US,Alabama,Cullman,1922,20,0,34.13020303,-86.86888037,1043.0,2294.432241428708,1.0405827263267429,1902,1919,20,0,1899,1911,83442,3,0,0,3,8
2020-09-30,US,Alabama,Dale,1418,44,0,31.43037123,-85.61095742,1045.0,2883.7549825103715,3.1029619181946404,1374,1403,44,0,1359,1399,48956,15,0,0,15,4
2020-09-30,US,Alabama,Dallas,1799,26,0,32.32688101,-87.10866709999998,1047.0,4836.54156360899,1.4452473596442468,1773,1798,26,0,1772,1793,38310,1,0,0,1,5
2020-09-30,US,Alabama,DeKalb,2461,21,0,34.45946862,-85.80782906,1049.0,3441.3323451680108,0.8533116619260463,2440,2443,21,0,2422,2435,71385,18,0,0,18,8
2020-09-30,US,Alabama,Elmore,2739,48,0,32.59785413,-86.14415284,1051.0,3372.778879188267,1.7524644030668126,2691,2719,48,0,2671,2691,81887,20,0,0,20,28
2020-09-30,US,Alabama,Escambia,1620,24,0,31.1256789,-87.15918694,1053.0,4422.242240602735,1.4814814814814814,1596,1616,24,0,1592,1614,36748,4,0,0,4,2
2020-09-30,US,Alabama,Etowah,3575,45,0,34.04567266,-86.04051873,1055.0,3495.717135369813,1.2587412587412588,3530,3548,45,0,3503,3540,102501,27,0,0,27,8
2020-09-30,US,Alabama,Fayette,473,11,0,33.72076938,-87.73886638,1057.0,2901.4844804318486,2.3255813953488373,462,468,9,0,459,467,16433,5,2,0,3,1
2020-09-30,US,Alabama,Franklin,1794,30,0,34.44235334,-87.84289505,1059.0,5720.298450353932,1.6722408026755853,1764,1791,30,0,1761,1790,31363,3,0,0,3,1
2020-09-30,US,Alabama,Geneva,650,5,0,31.09389027,-85.83572839,1061.0,2474.211107304633,0.7692307692307693,645,644,4,0,640,638,26314,6,1,0,5,6
2020-09-30,US,Alabama,Greene,306,15,0,32.85504247,-87.95684022,1063.0,3772.654419923561,4.901960784313727,291,305,15,0,290,303,8233,1,0,0,1,2
2020-09-30,US,Alabama,Hale,653,28,0,32.76039258,-87.63284988,1065.0,4457.033649580233,4.287901990811639,625,649,28,0,621,649,14726,4,0,0,4,0
2020-09-30,US,Alabama,Henry,514,5,0,31.51148016,-85.24267944,1067.0,2987.5036326649238,0.9727626459143968,509,510,5,0,505,508,17209,4,0,0,4,2
2020-09-30,US,Alabama,Houston,2954,21,0,31.15197924,-85.29939599,1069.0,2789.8981885495173,0.7109004739336493,2933,2939,21,0,2918,2935,104722,15,0,0,15,4
2020-09-30,US,Alabama,Jackson,1611,12,0,34.78144169,-85.99750489,1071.0,3120.520667880525,0.74487895716946,1599,1597,12,0,1585,1589,51736,14,0,0,14,8
2020-09-30,US,Alabama,Jefferson,20221,352,0,33.55554728,-86.89506300000002,1073.0,3070.4265130820727,1.7407645517036745,19869,19938,351,0,19587,19833,659300,283,1,0,282,105
2020-09-30,US,Alabama,Lamar,382,2,0,33.77995024,-88.09668032,1075.0,2767.113364722927,0.5235602094240838,380,382,2,0,380,377,13844,0,0,0,0,5
2020-09-30,US,Alabama,Lauderdale,1759,34,0,34.90171875,-87.65624729,1077.0,1896.9254494279028,1.9329164297896533,1725,1751,33,0,1718,1740,92387,8,1,0,7,11
2020-09-30,US,Alabama,Lawrence,636,25,0,34.52041498,-87.31069453,1079.0,1931.7215405175562,3.930817610062893,611,634,25,0,609,628,32957,2,0,0,2,6
2020-09-30,US,Alabama,Lee,6017,61,0,32.60154883,-85.35132246,1081.0,3656.817104447497,1.0137942496260597,5956,5971,61,0,5910,5945,163941,46,0,0,46,26
2020-09-30,US,Alabama,Limestone,2157,20,0,34.81185586,-86.98310072,1083.0,2180.660162766011,0.9272137227630968,2137,2144,20,0,2124,2135,96174,13,0,0,13,9
2020-09-30,US,Alabama,Lowndes,659,27,0,32.1597283,-86.65158371,1085.0,6775.652889163068,4.0971168437025804,632,659,27,0,632,657,9974,0,0,0,0,2
2020-09-30,US,Alabama,Macon,483,18,0,32.38759944,-85.69267724,1087.0,2673.2344476422404,3.7267080745341614,465,483,18,0,465,483,18439,0,0,0,0,0
2020-09-30,US,Alabama,Madison,8005,80,0,34.76327133,-86.55069633,1089.0,2146.6363107353272,0.999375390381012,7925,7981,79,0,7902,7978,366519,24,1,0,23,3
2020-09-30,US,Alabama,Marengo,728,20,0,32.24767634,-87.78796182,1091.0,3859.407305306685,2.7472527472527477,708,726,20,0,706,726,19066,2,0,0,2,0
2020-09-30,US,Alabama,Marion,976,29,0,34.13697363,-87.88704173,1093.0,3285.199771113131,2.971311475409836,947,975,29,0,946,971,29763,1,0,0,1,4
2020-09-30,US,Alabama,Marshall,3983,45,0,34.36975964,-86.30486727,1095.0,4115.774898216463,1.1298016570424303,3938,3975,43,0,3932,3967,96109,8,2,0,6,8
2020-09-30,US,Alabama,Mobile,13558,295,0,30.78472347,-88.20842409,1097.0,3281.14034026282,2.1758371441215516,13263,13507,293,0,13214,13471,413757,51,2,0,49,36
2020-09-30,US,Alabama,Monroe,592,8,0,31.56729412,-87.36995001,1099.0,2855.3513722085563,1.351351351351351,584,590,8,0,582,590,21067,2,0,0,2,0
2020-09-30,US,Alabama,Montgomery,8894,187,0,32.2206831,-86.20969272,1101.0,3926.953542382311,2.102541038902631,8707,8866,185,0,8681,8865,225763,28,2,0,26,1
2020-09-30,US,Alabama,Morgan,3349,29,0,34.45500589,-86.85475946,1103.0,2798.3188362202227,0.8659301283965363,3320,3334,28,0,3306,3327,119089,15,1,0,14,7
2020-09-30,US,Alabama,Perry,543,6,0,32.64048341,-87.29770589,1105.0,6085.397287907656,1.1049723756906078,537,542,6,0,536,542,9140,1,0,0,1,0
2020-09-30,US,Alabama,Pickens,672,15,0,33.28094866,-88.08818103,1107.0,3371.801304565981,2.232142857142857,657,670,14,0,656,668,19938,2,1,0,1,2
2020-09-30,US,Alabama,Pike,1220,11,0,31.80396383,-85.9408295,1109.0,3684.2423144289423,0.9016393442622952,1209,1216,11,0,1205,1205,33338,4,0,0,4,11
2020-09-30,US,Alabama,Randolph,672,13,0,33.29526734,-85.45708831,1111.0,2957.4861367837348,1.934523809523809,659,666,13,0,653,660,22725,6,0,0,6,6
2020-09-30,US,Alabama,Russell,1790,3,0,32.28725256,-85.18415324,1113.0,3088.2835009747932,0.16759776536312848,1787,1768,3,0,1765,1765,57781,22,0,0,22,3
2020-09-30,US,Alabama,Shelby,6164,50,0,33.26879845,-86.66232561,1117.0,2831.393372591892,0.8111615833874107,6114,6074,49,0,6025,6043,215707,90,1,0,89,31
2020-09-30,US,Alabama,St. Clair,2379,37,0,33.71902176,-86.31029372,1115.0,2657.7442130664044,1.555275325767129,2342,2359,36,0,2323,2340,88690,20,1,0,19,19
2020-09-30,US,Alabama,Sumter,434,19,0,32.59117397,-88.19916205,1119.0,3492.395590247043,4.377880184331797,415,437,19,0,418,438,12691,-3,0,0,-3,-1
2020-09-30,US,Alabama,Talladega,2190,30,0,33.37823223,-86.16886178,1121.0,2738.253019580385,1.3698630136986298,2160,2178,30,0,2148,2177,79828,12,0,0,12,1
2020-09-30,US,Alabama,Tallapoosa,1173,85,0,32.86698258,-85.79833053,1123.0,2905.8389278370946,7.246376811594202,1088,1171,85,0,1086,1166,40497,2,0,0,2,5
2020-09-30,US,Alabama,Tuscaloosa,9029,118,0,33.28726072,-87.52556818,1125.0,4312.770175061499,1.3068999889245765,8911,8837,118,0,8719,8744,208911,192,0,0,192,93
2020-09-30,US,Alabama,Walker,2369,87,0,33.80270512,-87.30027177,1127.0,3729.4752916358366,3.6724356268467706,2282,2354,85,0,2269,2330,63711,15,2,0,13,24
2020-09-30,US,Alabama,Washington,560,12,0,31.4092794,-88.20689944,1129.0,3430.111478623054,2.142857142857143,548,560,12,0,548,561,16378,0,0,0,0,-1
2020-09-30,US,Alabama,Wilcox,532,11,0,31.98773215,-87.30891118,1131.0,5128.699508338957,2.0676691729323307,521,532,11,0,521,532,10627,0,0,0,0,0
2020-09-30,US,Alabama,Winston,751,12,0,34.15030532,-87.37325922,1133.0,3178.2978543315417,1.5978695073235685,739,750,13,0,737,745,23660,1,-1,0,2,5
2020-09-30,US,Alaska,Aleutians East,3,0,0,55.32222414,-161.9722021,2013.0,89.90110878034163,0.0,3,3,0,0,3,3,3515,0,0,0,0,0
2020-09-30,US,Alaska,Aleutians West,8,0,0,52.3233,-174.1596,2016.0,141.9950301739439,0.0,8,9,0,0,9,8,5723,-1,0,0,-1,1
2020-09-30,US,Alaska,Anchorage,4414,35,0,61.14998174,-149.14269860000005,2020.0,1532.638888888889,0.792931581332125,4379,4353,35,0,4318,4279,291538,61,0,0,61,74
2020-09-30,US,Alaska,Bethel,114,1,0,60.90980451,-159.8561831,2050.0,620.036984662243,0.8771929824561403,113,110,1,0,109,112,18216,4,0,0,4,-2
2020-09-30,US,Alaska,Bristol Bay,10,0,0,58.74513976,-156.701064,2060.0,1196.1722488038274,0.0,10,10,0,0,10,10,877,0,0,0,0,0
2020-09-30,US,Alaska,Denali,7,0,0,63.67264044,-150.0076108,2068.0,333.81020505484025,0.0,7,7,0,0,7,7,2059,0,0,0,0,0
2020-09-30,US,Alaska,Dillingham,9,0,0,59.79603738,-158.23819419999995,2070.0,183.0756712774613,0.0,9,9,0,0,9,9,5000,0,0,0,0,0
2020-09-30,US,Alaska,Fairbanks North Star,1138,11,0,64.80726247,-146.5692662,2090.0,1175.0250389782034,0.9666080843585236,1127,1122,11,0,1111,1109,98971,16,0,0,16,13
2020-09-30,US,Alaska,Haines,5,0,0,59.09893571,-135.4679843,2100.0,197.6284584980237,0.0,5,5,0,0,5,5,2474,0,0,0,0,0
2020-09-30,US,Alaska,Juneau,294,1,0,58.45031811,-134.200436,2110.0,919.4970913867515,0.3401360544217687,293,291,1,0,290,290,32113,3,0,0,3,1
2020-09-30,US,Alaska,Kenai Peninsula,454,3,0,60.24429722,-151.53888840000005,2122.0,773.3187981195067,0.6607929515418502,451,452,3,0,449,449,58533,2,0,0,2,3
2020-09-30,US,Alaska,Ketchikan Gateway,50,0,0,55.57445008,-130.975561,2130.0,359.68635349974824,0.0,50,50,0,0,50,49,13918,0,0,0,0,1
2020-09-30,US,Alaska,Kodiak Island,24,0,0,57.65529415,-153.7493579,2150.0,184.64379135251576,0.0,24,22,0,0,22,22,13345,2,0,0,2,0
2020-09-30,US,Alaska,Kusilvak,14,0,0,62.15429159999999,-163.39678830000003,2158.0,168.39066634592254,0.0,14,14,0,0,14,14,8303,0,0,0,0,0
2020-09-30,US,Alaska,Matanuska-Susitna,624,2,0,62.31305045,-149.5741743,2170.0,576.0868561721612,0.3205128205128205,622,622,2,0,620,603,107610,2,0,0,2,19
2020-09-30,US,Alaska,Nome,73,0,0,64.90320724,-164.0353804,2180.0,729.7081167532988,0.0,73,71,0,0,71,71,10008,2,0,0,2,0
2020-09-30,US,Alaska,North Slope,132,0,0,69.31479216,-153.4836093,2185.0,1342.5549227013832,0.0,132,129,0,0,129,122,9872,3,0,0,3,7
2020-09-30,US,Alaska,Northwest Arctic,118,0,0,67.04919196,-159.7503946,2188.0,1548.3532344836635,0.0,118,113,0,0,113,108,7671,5,0,0,5,5
2020-09-30,US,Alaska,Petersburg,7,1,0,57.13978948,-132.9540995,2195.0,214.32945499081444,14.285714285714285,6,7,1,0,6,7,3221,0,0,0,0,0
2020-09-30,US,Alaska,Prince of Wales-Hyder,31,0,0,55.76261984,-133.0511621,2198.0,499.7581815250685,0.0,31,31,0,0,31,31,6422,0,0,0,0,0
2020-09-30,US,Alaska,Sitka,53,0,0,57.24124555,-135.3206587,2220.0,624.0433298010126,0.0,53,50,0,0,50,48,8647,3,0,0,3,2
2020-09-30,US,Alaska,Southeast Fairbanks,28,0,0,63.87692095,-143.2127643,2240.0,406.2091977368345,0.0,28,27,0,0,27,27,6918,1,0,0,1,0
2020-09-30,US,Alaska,Unassigned,19,0,0,0.0,0.0,90002.0,0.0,0.0,19,20,0,0,20,20,,-1,0,0,-1,0
2020-09-30,US,Alaska,Valdez-Cordova,77,0,0,61.47502768,-144.7126799,2261.0,836.7746142143013,0.0,77,77,0,0,77,76,9164,0,0,0,0,1
2020-09-30,US,Alaska,Wrangell,13,0,0,56.3202004,-132.05837309999998,2275.0,519.5843325339728,0.0,13,13,0,0,13,13,2503,0,0,0,0,0
2020-09-30,US,Alaska,Yakutat,24,0,0,59.890980799999994,-140.36014509999998,2282.0,4145.077720207254,0.0,24,24,0,0,24,24,604,0,0,0,0,0
2020-09-30,US,Alaska,Yukon-Koyukuk,81,2,0,65.50815459,-151.39073869999999,2290.0,1548.7571701720844,2.469135802469136,79,81,2,0,79,81,5327,0,0,0,0,0
2020-09-30,US,Arizona,Apache,3554,165,0,35.39465006,-109.4892383,4001.0,4943.870240794578,4.642656162070907,3389,3528,165,0,3363,3527,71818,26,0,0,26,1
2020-09-30,US,Arizona,Cochise,1911,72,0,31.87934684,-109.7516088,4003.0,1517.6061371325104,3.767660910518053,1839,1905,71,0,1834,1903,126770,6,1,0,5,2
2020-09-30,US,Arizona,Coconino,4166,144,0,35.83883429,-111.77071780000001,4005.0,2903.621511611698,3.4565530484877582,4022,4133,144,0,3989,4098,142854,33,0,0,33,35
2020-09-30,US,Arizona,Gila,1346,56,0,33.80190085,-110.8132779,4007.0,2491.762005257506,4.160475482912333,1290,1328,56,0,1272,1303,53889,18,0,0,18,25
2020-09-30,US,Arizona,Graham,851,25,0,32.93166885,-109.8882178,4009.0,2191.2094137034273,2.9377203290246765,826,843,25,0,818,821,38072,8,0,0,8,22
2020-09-30,US,Arizona,Greenlee,59,1,0,33.21498827,-109.2405279,4011.0,621.1834070330598,1.6949152542372878,58,59,1,0,58,59,9483,0,0,0,0,0
2020-09-30,US,Arizona,La Paz,544,15,0,33.72854224,-113.98100290000001,4012.0,2577.2219063862044,2.7573529411764706,529,545,15,0,530,544,21098,-1,0,0,-1,1
2020-09-30,US,Arizona,Maricopa,141856,3392,0,33.34835867,-112.49181540000001,4013.0,3162.606617806071,2.3911572298669075,138464,141738,3372,0,138366,141377,4410824,118,20,0,98,361
2020-09-30,US,Arizona,Mohave,4004,226,0,35.70471703,-113.7577902,4015.0,1887.0681163723425,5.644355644355644,3778,3997,227,0,3770,3985,209550,7,-1,0,8,12
2020-09-30,US,Arizona,Navajo,5801,235,0,35.3997715,-110.3218983,4017.0,5229.706826295482,4.051025685226684,5566,5783,235,0,5548,5786,110445,18,0,0,18,-3
2020-09-30,US,Arizona,Pima,25628,620,0,32.0971334,-111.7890033,4019.0,2447.1033984258256,2.4192289683159043,25008,25569,622,0,24947,25445,1039073,59,-2,0,61,124
2020-09-30,US,Arizona,Pinal,10642,208,0,32.90525627,-111.3449483,4021.0,2299.536073675044,1.9545198271001687,10434,10627,208,0,10419,10571,447138,15,0,0,15,56
2020-09-30,US,Arizona,Santa Cruz,2849,63,0,31.52508998,-110.8479088,4023.0,6127.145253559293,2.211302211302211,2786,2848,63,0,2785,2843,46511,1,0,0,1,5
2020-09-30,US,Arizona,Unassigned,0,1,0,0.0,0.0,90004.0,0.0,0.0,-1,0,1,0,-1,1,,0,0,0,0,-1
2020-09-30,US,Arizona,Yavapai,2566,82,0,34.59933926,-112.5538588,4025.0,1091.4550891326633,3.195635229929852,2484,2558,82,0,2476,2532,231993,8,0,0,8,26
2020-09-30,US,Arizona,Yuma,12730,345,0,32.76895712,-113.90666740000002,4027.0,5954.524830789525,2.7101335428122546,12385,12723,345,0,12378,12715,212128,7,0,0,7,8
2020-09-30,US,Arkansas,Arkansas,426,9,0,34.29145151,-91.37277296,5001.0,2436.234702047352,2.112676056338028,417,417,8,0,409,413,17769,9,1,0,8,4
2020-09-30,US,Arkansas,Ashley,436,10,0,33.19153461,-91.76984709999999,5003.0,2218.0393752861582,2.2935779816513757,426,435,10,0,425,434,20046,1,0,0,1,1
2020-09-30,US,Arkansas,Baxter,366,2,0,36.28784385,-92.33782872,5005.0,872.8417437756367,0.5464480874316939,364,357,2,0,355,351,41619,9,0,0,9,6
2020-09-30,US,Arkansas,Benton,6699,93,0,36.33644656,-94.25680817,5007.0,2399.8624351134367,1.3882669055082848,6606,6635,92,0,6543,6585,272608,64,1,0,63,50
2020-09-30,US,Arkansas,Boone,752,13,0,36.3084504,-93.09374925,5009.0,2008.9762769822607,1.7287234042553192,739,736,13,0,723,726,37480,16,0,0,16,10
2020-09-30,US,Arkansas,Bradley,342,8,0,33.46755808,-92.15980837,5011.0,3177.5527269348686,2.3391812865497075,334,342,8,0,334,342,10897,0,0,0,0,0
2020-09-30,US,Arkansas,Calhoun,36,0,0,33.55598792,-92.49974403,5013.0,693.7752938909233,0.0,36,36,0,0,36,36,5277,0,0,0,0,0
2020-09-30,US,Arkansas,Carroll,710,10,0,36.34038560000001,-93.54270261,5015.0,2501.761804087385,1.4084507042253518,700,688,10,0,678,672,28223,22,0,0,22,16
2020-09-30,US,Arkansas,Chicot,1007,22,0,33.26458973,-91.29539209,5017.0,9952.559794425777,2.184707050645481,985,1007,22,0,985,1006,10438,0,0,0,0,1
2020-09-30,US,Arkansas,Clark,357,4,0,34.04613432,-93.17484713,5019.0,1599.462365591398,1.1204481792717087,353,350,4,0,346,346,22061,7,0,0,7,4
2020-09-30,US,Arkansas,Clay,314,8,0,36.36826212,-90.4148172,5021.0,2157.9272902206035,2.5477707006369426,306,304,8,0,296,298,14847,10,0,0,10,6
2020-09-30,US,Arkansas,Cleburne,338,9,0,35.53864922,-92.02640019,5023.0,1356.3947188892012,2.662721893491124,329,334,8,0,326,331,24965,4,1,0,3,3
2020-09-30,US,Arkansas,Cleveland,186,12,0,33.89723187,-92.18537045,5025.0,2337.8582202111616,6.451612903225807,174,186,12,0,174,185,8018,0,0,0,0,1
2020-09-30,US,Arkansas,Columbia,500,18,0,33.21230701,-93.22642793,5027.0,2131.559875516903,3.6,482,480,18,0,462,469,23537,20,0,0,20,11
2020-09-30,US,Arkansas,Conway,273,3,0,35.26205537,-92.70506566,5029.0,1309.6037609133646,1.0989010989010992,270,272,3,0,269,267,20891,1,0,0,1,5
2020-09-30,US,Arkansas,Craighead,3076,22,0,35.83018283,-90.63235729,5031.0,2787.9490990827685,0.7152145643693107,3054,3015,22,0,2993,2986,108558,61,0,0,61,29
2020-09-30,US,Arkansas,Crawford,1465,16,0,35.58928601,-94.2446814,5033.0,2315.949223010892,1.0921501706484642,1449,1436,16,0,1420,1415,63406,29,0,0,29,21
2020-09-30,US,Arkansas,Crittenden,1970,46,0,35.21247318,-90.30839406,5035.0,4108.017933479304,2.3350253807106602,1924,1959,46,0,1913,1948,48342,11,0,0,11,11
2020-09-30,US,Arkansas,Cross,453,13,0,35.29631396,-90.77185818,5037.0,2758.9987209939704,2.8697571743929364,440,446,13,0,433,440,16676,7,0,0,7,6
2020-09-30,US,Arkansas,Dallas,166,5,0,33.97042763,-92.65167437,5039.0,2368.383506919675,3.0120481927710845,161,166,4,0,162,163,7182,0,1,0,-1,3
2020-09-30,US,Arkansas,Desha,300,6,0,33.83011025,-91.25500948,5041.0,2640.612622128334,2.0,294,300,6,0,294,297,11512,0,0,0,0,3
2020-09-30,US,Arkansas,Drew,359,7,0,33.59035001,-91.71777921,5043.0,1970.4703880564248,1.9498607242339836,352,357,7,0,350,357,18328,2,0,0,2,0
2020-09-30,US,Arkansas,Faulkner,2566,20,0,35.14719007,-92.33717519,5045.0,2036.3948034633,0.7794232268121591,2546,2531,20,0,2511,2502,124806,35,0,0,35,29
2020-09-30,US,Arkansas,Franklin,293,2,0,35.51202821,-93.89299569,5047.0,1653.9655659046011,0.6825938566552902,291,286,2,0,284,282,17810,7,0,0,7,4
2020-09-30,US,Arkansas,Fulton,177,4,0,36.38177105,-91.81729127,5049.0,1418.6102428468384,2.2598870056497176,173,169,3,0,166,162,12269,8,1,0,7,7
2020-09-30,US,Arkansas,Garland,1949,53,0,34.57692074,-93.14921604,5051.0,1961.040790453384,2.719343252950231,1896,1930,53,0,1877,1918,99154,19,0,0,19,12
2020-09-30,US,Arkansas,Grant,272,2,0,34.29017991,-92.42320562,5053.0,1489.186969614016,0.7352941176470589,270,271,2,0,269,269,18188,1,0,0,1,2
2020-09-30,US,Arkansas,Greene,909,10,0,36.11735460000001,-90.55832668,5055.0,2005.515719801434,1.1001100110011002,899,894,10,0,884,883,45325,15,0,0,15,11
2020-09-30,US,Arkansas,Hempstead,382,4,0,33.73325583,-93.66935133,5057.0,1774.1036596693293,1.0471204188481675,378,376,4,0,372,371,21741,6,0,0,6,5
2020-09-30,US,Arkansas,Hot Spring,1921,27,0,34.31709259,-92.95396325,5059.0,5688.312457433893,1.4055179593961478,1894,1917,27,0,1890,1913,33701,4,0,0,4,4
2020-09-30,US,Arkansas,Howard,485,12,0,34.09007427,-93.9934871,5061.0,3673.6858051810327,2.4742268041237114,473,482,12,0,470,472,13341,3,0,0,3,10
2020-09-30,US,Arkansas,Independence,1148,21,0,35.74242707,-91.57001641,5063.0,3035.0297422339722,1.8292682926829267,1127,1116,20,0,1096,1103,37678,32,1,0,31,13
2020-09-30,US,Arkansas,Izard,253,0,0,36.09604046,-91.90847954,5065.0,1856.3357546408395,0.0,253,252,0,0,252,244,13593,1,0,0,1,8
2020-09-30,US,Arkansas,Jackson,359,1,0,35.59802983,-91.21494602,5067.0,2147.2576111011426,0.2785515320334262,358,335,1,0,334,327,16811,24,0,0,24,8
2020-09-30,US,Arkansas,Jefferson,3393,79,0,34.26767081,-91.92619839,5069.0,5077.517059739016,2.3283230179781897,3314,3369,77,0,3292,3350,68114,24,2,0,22,19
2020-09-30,US,Arkansas,Johnson,859,7,0,35.56759135,-93.46036368,5071.0,3231.996387990067,0.8149010477299186,852,859,7,0,852,853,26742,0,0,0,0,6
2020-09-30,US,Arkansas,Lafayette,117,2,0,33.24116713,-93.60677071,5073.0,1766.304347826087,1.709401709401709,115,114,2,0,112,114,6682,3,0,0,3,0
2020-09-30,US,Arkansas,Lawrence,461,12,0,36.04188196,-91.10867198,5075.0,2809.9475801536023,2.6030368763557483,449,449,12,0,437,442,16434,12,0,0,12,7
2020-09-30,US,Arkansas,Lee,1065,18,0,34.78498904,-90.78383866,5077.0,12024.387490120813,1.6901408450704225,1047,1063,18,0,1045,1062,8985,2,0,0,2,1
2020-09-30,US,Arkansas,Lincoln,2025,15,0,33.95317155,-91.74002806,5079.0,15548.218673218671,0.7407407407407407,2010,2020,15,0,2005,2019,13383,5,0,0,5,1
2020-09-30,US,Arkansas,Little River,362,26,0,33.70375665,-94.23468591,5081.0,2952.9325393588383,7.18232044198895,336,359,25,0,334,358,12326,3,1,0,2,1
2020-09-30,US,Arkansas,Logan,421,1,0,35.21413234,-93.71951016,5083.0,1961.2410323301965,0.2375296912114014,420,415,1,0,414,411,21737,6,0,0,6,4
2020-09-30,US,Arkansas,Lonoke,1230,17,0,34.75392199,-91.88742357,5085.0,1677.8294615940745,1.3821138211382114,1213,1210,16,0,1194,1193,73657,20,1,0,19,17
2020-09-30,US,Arkansas,Madison,365,3,0,36.01038185,-93.72524943,5087.0,2201.978764478765,0.821917808219178,362,357,3,0,354,355,16481,8,0,0,8,2
2020-09-30,US,Arkansas,Marion,102,0,0,36.26844485,-92.68451899,5089.0,610.9979633401222,0.0,102,99,0,0,99,99,16722,3,0,0,3,0
2020-09-30,US,Arkansas,Miller,857,11,0,33.31403423,-93.89285258,5091.0,1981.182236401045,1.2835472578763127,846,841,11,0,830,833,43592,16,0,0,16,8
2020-09-30,US,Arkansas,Mississippi,1708,51,0,35.76271485,-90.05194370000002,5093.0,4201.618656367617,2.9859484777517564,1657,1694,51,0,1643,1689,41239,14,0,0,14,5
2020-09-30,US,Arkansas,Monroe,135,0,0,34.6815935,-91.20540287,5095.0,2014.6246828831518,0.0,135,135,0,0,135,134,6900,0,0,0,0,1
2020-09-30,US,Arkansas,Montgomery,155,6,0,34.53704874,-93.65824478,5097.0,1724.9054084130871,3.870967741935484,149,154,5,0,149,154,8924,1,1,0,0,0
2020-09-30,US,Arkansas,Nevada,224,13,0,33.66340119,-93.30632432,5099.0,2714.493456131847,5.803571428571429,211,223,13,0,210,221,8326,1,0,0,1,2
2020-09-30,US,Arkansas,Newton,248,19,0,35.91947491,-93.21612969,5101.0,3198.7617696375596,7.661290322580645,229,244,19,0,225,242,7805,4,0,0,4,2
2020-09-30,US,Arkansas,Ouachita,269,6,0,33.58839816,-92.87795984,5103.0,1150.4576169703191,2.2304832713754648,263,264,6,0,258,263,23606,5,0,0,5,1
2020-09-30,US,Arkansas,Perry,89,0,0,34.945915299999996,-92.94372564,5105.0,851.2673362027738,0.0,89,88,0,0,88,88,10352,1,0,0,1,0
2020-09-30,US,Arkansas,Phillips,515,12,0,34.43268455,-90.84800154,5107.0,2896.1871555505572,2.3300970873786406,503,509,12,0,497,495,18029,6,0,0,6,14
2020-09-30,US,Arkansas,Pike,234,3,0,34.16250414,-93.65789349,5109.0,2183.243142377309,1.2820512820512822,231,231,3,0,228,230,10673,3,0,0,3,1
2020-09-30,US,Arkansas,Poinsett,675,14,0,35.57433534,-90.66268713,5111.0,2868.92213532812,2.074074074074074,661,663,14,0,649,660,23974,12,0,0,12,3
2020-09-30,US,Arkansas,Polk,268,4,0,34.48254879,-94.22728802,5113.0,1342.4163494289721,1.492537313432836,264,268,4,0,264,266,20049,0,0,0,0,2
2020-09-30,US,Arkansas,Pope,2166,33,0,35.44871474,-93.03212219,5115.0,3380.571856661256,1.5235457063711912,2133,2153,31,0,2122,2140,64000,13,2,0,11,13
2020-09-30,US,Arkansas,Prairie,154,2,0,34.83624419,-91.55162157,5117.0,1910.1959811461172,1.2987012987012987,152,150,2,0,148,150,8074,4,0,0,4,0
2020-09-30,US,Arkansas,Pulaski,9509,153,0,34.77054088,-92.31355101,5119.0,2426.316178928379,1.6090019981070565,9356,9422,152,0,9270,9351,392680,87,1,0,86,71
2020-09-30,US,Arkansas,Randolph,442,22,0,36.3415714,-91.02455531,5121.0,2461.2985855885954,4.977375565610861,420,430,22,0,408,421,17948,12,0,0,12,9
2020-09-30,US,Arkansas,Saline,2130,23,0,34.64916145,-92.67583224,5125.0,1739.670197734345,1.07981220657277,2107,2116,23,0,2093,2089,121421,14,0,0,14,27
2020-09-30,US,Arkansas,Scott,106,1,0,34.85588887,-94.0632176,5127.0,1031.028110106021,0.9433962264150944,105,106,1,0,105,101,10319,0,0,0,0,5
2020-09-30,US,Arkansas,Searcy,148,1,0,35.9109364,-92.69936482,5129.0,1877.9342723004693,0.6756756756756757,147,146,1,0,145,142,7958,2,0,0,2,4
2020-09-30,US,Arkansas,Sebastian,3812,61,0,35.19605503,-94.27162713,5131.0,2982.1555696370874,1.6002098635886677,3751,3779,60,0,3719,3738,127753,33,1,0,32,41
2020-09-30,US,Arkansas,Sevier,1207,18,0,33.99780401,-94.2424869,5133.0,7097.077673898983,1.4913007456503728,1189,1206,18,0,1188,1203,17139,1,0,0,1,3
2020-09-30,US,Arkansas,Sharp,239,6,0,36.16258158,-91.47819342,5135.0,1370.2557046210295,2.510460251046025,233,228,6,0,222,223,17366,11,0,0,11,5
2020-09-30,US,Arkansas,St. Francis,1542,6,0,35.02201976,-90.74828138,5123.0,6169.480675362088,0.3891050583657588,1536,1519,6,0,1513,1512,25439,23,0,0,23,7
2020-09-30,US,Arkansas,Stone,365,13,0,35.86251946,-92.15684085,5137.0,2918.5990724452263,3.5616438356164384,352,361,13,0,348,352,12457,4,0,0,4,9
2020-09-30,US,Arkansas,Unassigned,1911,0,0,0.0,0.0,90005.0,0.0,0.0,1911,1892,0,0,1892,1900,,19,0,0,19,-8
2020-09-30,US,Arkansas,Union,911,40,0,33.16887091,-92.59746952,5139.0,2355.100563569619,4.390779363336994,871,901,38,0,863,894,39126,10,2,0,8,7
2020-09-30,US,Arkansas,Van Buren,176,3,0,35.58095779,-92.51295036,5141.0,1063.7654880628588,1.7045454545454546,173,174,3,0,171,174,16603,2,0,0,2,0
2020-09-30,US,Arkansas,Washington,9645,118,0,35.976844,-94.21800746,5143.0,4032.409788157383,1.2234318299637117,9527,9549,118,0,9431,9457,236961,96,0,0,96,92
2020-09-30,US,Arkansas,White,898,29,0,35.25688493,-91.74908296,5145.0,1140.2740213071247,3.2293986636971046,869,866,27,0,839,849,78727,32,2,0,30,17
2020-09-30,US,Arkansas,Woodruff,55,0,0,35.18902527,-91.2439489,5147.0,870.253164556962,0.0,55,54,0,0,54,53,6490,1,0,0,1,1
2020-09-30,US,Arkansas,Yell,1259,29,0,35.00292371,-93.41171338,5149.0,5899.4423878918515,2.3034154090548054,1230,1258,29,0,1229,1256,21535,1,0,0,1,2
2020-09-30,US,California,Alameda,21383,412,0,37.64629437,-121.8929271,6001.0,1279.401003632439,1.9267642519758688,20971,21323,408,0,20915,21240,1666753,60,4,0,56,83
2020-09-30,US,California,Alpine,2,0,0,38.59678594,-119.82235940000001,6003.0,177.14791851195747,0.0,2,2,0,0,2,2,1101,0,0,0,0,0
2020-09-30,US,California,Amador,296,16,0,38.44583082,-120.65696000000001,6005.0,744.6166230629906,5.405405405405406,280,296,16,0,280,296,39383,0,0,0,0,0
2020-09-30,US,California,Butte,2848,44,0,39.66727762,-121.6005252,6007.0,1299.353060870676,1.5449438202247192,2804,2837,44,0,2793,2833,231256,11,0,0,11,4
2020-09-30,US,California,Calaveras,322,14,0,38.20537103,-120.55291299999999,6009.0,701.4486439385687,4.3478260869565215,308,317,14,0,303,317,45602,5,0,0,5,0
2020-09-30,US,California,Colusa,535,6,0,39.17881957,-122.2331726,6011.0,2482.944261382095,1.1214953271028036,529,532,6,0,526,531,21627,3,0,0,3,1
2020-09-30,US,California,Contra Costa,16793,207,0,37.91923498,-121.9289527,6013.0,1455.7972685487805,1.2326564640028583,16586,16702,206,0,16496,16640,1150215,91,1,0,90,62
2020-09-30,US,California,Del Norte,144,1,0,41.74228275,-123.89740630000001,6015.0,517.7621170717675,0.6944444444444444,143,139,1,0,138,139,27828,5,0,0,5,0
2020-09-30,US,California,El Dorado,1151,4,0,38.77965956,-120.5233166,6017.0,596.8585844443407,0.3475238922675934,1147,1144,4,0,1140,1130,190678,7,0,0,7,14
2020-09-30,US,California,Fresno,28621,390,0,36.75733899,-119.6466953,6019.0,2864.6753431334773,1.362635826840432,28231,28517,390,0,28127,28441,994400,104,0,0,104,76
2020-09-30,US,California,Glenn,596,3,0,39.59875897,-122.3938452,6021.0,2099.1089353009547,0.5033557046979866,593,593,3,0,590,578,28047,3,0,0,3,15
2020-09-30,US,California,Humboldt,512,8,0,40.69923009,-123.876044,6023.0,377.6981070833149,1.5625,504,509,8,0,501,508,136373,3,0,0,3,1
2020-09-30,US,California,Imperial,11908,320,0,33.0393082,-115.36690420000001,6025.0,6571.1999558535435,2.6872690628149143,11588,11877,317,0,11560,11852,181827,31,3,0,28,25
2020-09-30,US,California,Inyo,188,15,0,36.51112084,-117.41119779999998,6027.0,1042.1863739675148,7.978723404255319,173,188,15,0,173,188,17987,0,0,0,0,0
2020-09-30,US,California,Kern,32073,369,0,35.34329425,-118.72777959999999,6029.0,3562.8670009620064,1.1505004209147882,31704,32019,369,0,31650,31994,896764,54,0,0,54,25
2020-09-30,US,California,Kings,7681,80,0,36.07409056,-119.8159973,6031.0,5022.2309402380015,1.0415310506444473,7601,7661,80,0,7581,7651,151366,20,0,0,20,10
2020-09-30,US,California,Lake,566,11,0,39.10124298,-122.75362439999999,6033.0,879.073090423384,1.9434628975265016,555,559,11,0,548,555,64382,7,0,0,7,4
2020-09-30,US,California,Lassen,741,0,0,40.67311306,-120.59350990000002,6035.0,2423.70719262094,0.0,741,741,0,0,741,740,30802,0,0,0,0,1
2020-09-30,US,California,Los Angeles,270299,6576,0,34.30828379,-118.22824109999999,6037.0,2692.460594353661,2.4328613868345794,263723,269284,6551,0,262733,268455,10105518,1015,25,0,990,829
2020-09-30,US,California,Madera,4583,68,0,37.21513971,-119.76655890000002,6039.0,2913.0409910568433,1.4837442723107137,4515,4557,65,0,4492,4539,157672,26,3,0,23,18
2020-09-30,US,California,Marin,6734,119,0,38.07122463,-122.72106310000001,6041.0,2601.7478924064817,1.7671517671517671,6615,6727,118,0,6609,6730,259666,7,1,0,6,-3
2020-09-30,US,California,Mariposa,76,2,0,37.57978556,-119.9073334,6043.0,441.7834098703714,2.631578947368421,74,76,2,0,74,75,17471,0,0,0,0,1
2020-09-30,US,California,Mendocino,954,18,0,39.4381191,-123.39113130000001,6045.0,1099.7244925013545,1.8867924528301887,936,939,18,0,921,934,87606,15,0,0,15,5
2020-09-30,US,California,Merced,8961,143,0,37.18922369,-120.72090349999999,6047.0,3227.095937770095,1.595804039727709,8818,8939,143,0,8796,8872,274765,22,0,0,22,67
2020-09-30,US,California,Modoc,27,0,0,41.58965602,-120.7244817,6049.0,305.3953172718018,0.0,27,27,0,0,27,27,8777,0,0,0,0,0
2020-09-30,US,California,Mono,166,2,0,37.93899289,-118.8872409,6051.0,1149.2661312655773,1.2048192771084338,164,166,2,0,164,166,14250,0,0,0,0,0
2020-09-30,US,California,Monterey,10050,73,0,36.21862405,-121.24133970000001,6053.0,2315.3427744026762,0.7263681592039801,9977,10008,72,0,9936,9953,435594,42,1,0,41,55
2020-09-30,US,California,Napa,1727,13,0,38.50735751,-122.33283899999999,6055.0,1253.7751190614474,0.7527504342790967,1714,1705,13,0,1692,1690,139417,22,0,0,22,15
2020-09-30,US,California,Nevada,541,7,0,39.30394768,-120.76272809999999,6057.0,542.3287053280536,1.2939001848428835,534,540,7,0,533,537,99696,1,0,0,1,3
2020-09-30,US,California,Orange,53751,1268,0,33.70147516,-117.76459979999998,6059.0,1692.57598029028,2.359025878588305,52483,53557,1249,0,52308,53448,3185968,194,19,0,175,109
2020-09-30,US,California,Placer,3604,48,0,39.06167234,-120.72405690000001,6061.0,904.7797172688906,1.3318534961154274,3556,3596,45,0,3551,3587,393149,8,3,0,5,9
2020-09-30,US,California,Plumas,50,0,0,40.00355989,-120.8395236,6063.0,265.85845695751584,0.0,50,50,0,0,50,50,18804,0,0,0,0,0
2020-09-30,US,California,Riverside,59405,1226,0,33.74314981,-115.9933578,6065.0,2404.529201237297,2.0637993434896047,58179,59173,1216,0,57957,58932,2450758,232,10,0,222,241
2020-09-30,US,California,Sacramento,22590,416,0,38.45106826,-121.34253740000001,6067.0,1455.4868439194927,1.8415227976980968,22174,22438,412,0,22026,22356,1540975,152,4,0,148,82
2020-09-30,US,California,San Benito,1352,11,0,36.60308176,-121.069975,6069.0,2152.59202649344,0.8136094674556213,1341,1348,11,0,1337,1348,61537,4,0,0,4,0
2020-09-30,US,California,San Bernardino,55203,955,0,34.84060306,-116.1774685,6071.0,2532.148975842685,1.7299784432005507,54248,54849,952,0,53897,54482,2171603,354,3,0,351,367
2020-09-30,US,California,San Diego,47180,783,0,33.03484597,-116.73653259999999,6073.0,1413.2814910449238,1.6596015260703687,46397,46985,781,0,46204,46734,3343364,195,2,0,193,251
2020-09-30,US,California,San Francisco,11275,104,0,37.75215114,-122.43856720000001,6075.0,1278.9986716563685,0.9223946784922394,11171,11238,101,0,11137,11195,883305,37,3,0,34,43
2020-09-30,US,California,San Joaquin,20411,456,0,37.93433732,-121.2730061,6077.0,2678.088770160127,2.2340894615648423,19955,20357,447,0,19910,20245,752660,54,9,0,45,112
2020-09-30,US,California,San Luis Obispo,3612,31,0,35.38822029,-120.4039028,6079.0,1275.8246765402969,0.8582502768549279,3581,3597,29,0,3568,3562,284010,15,2,0,13,35
2020-09-30,US,California,San Mateo,9990,150,0,37.422880799999994,-122.32755459999998,6081.0,1303.202695633684,1.5015015015015014,9840,9950,150,0,9800,9897,769545,40,0,0,40,53
2020-09-30,US,California,Santa Barbara,9164,113,0,34.65329488,-120.0188492,6083.0,2052.4122114495217,1.2330859886512442,9051,9133,113,0,9020,9090,446527,31,0,0,31,43
2020-09-30,US,California,Santa Clara,21379,322,0,37.23104908,-121.6970462,6085.0,1108.9544218124627,1.506150895738809,21057,21294,318,0,20976,21241,1937570,85,4,0,81,53
2020-09-30,US,California,Santa Cruz,2394,10,0,37.05580291,-122.0066524,6087.0,876.2394175972593,0.4177109440267335,2384,2379,9,0,2370,2360,274255,15,1,0,14,19
2020-09-30,US,California,Shasta,943,20,0,40.76391419,-122.0396884,6089.0,523.6561528209685,2.1208907741251326,923,883,20,0,863,883,180040,60,0,0,60,0
2020-09-30,US,California,Sierra,6,0,0,39.57713498,-120.52007009999998,6091.0,199.6672212978369,0.0,6,6,0,0,6,6,2987,0,0,0,0,0
2020-09-30,US,California,Siskiyou,166,0,0,41.59198861,-122.54074340000001,6093.0,381.2673694848297,0.0,166,165,0,0,165,165,43724,1,0,0,1,0
2020-09-30,US,California,Solano,6445,71,0,38.26827353,-121.9357113,6095.0,1439.7633828742996,1.1016291698991467,6374,6419,69,0,6350,6400,446610,26,2,0,24,19
2020-09-30,US,California,Sonoma,7578,122,0,38.52746429,-122.88625060000001,6097.0,1532.965432418436,1.609923462655054,7456,7412,122,0,7290,7412,499942,166,0,0,166,0
2020-09-30,US,California,Stanislaus,16512,362,0,37.55862499,-120.9970722,6099.0,2998.583517960266,2.19234496124031,16150,16496,359,0,16137,16471,549815,16,3,0,13,25
2020-09-30,US,California,Sutter,1720,11,0,39.03417539,-121.6945899,6101.0,1773.7261655546506,0.6395348837209303,1709,1717,11,0,1706,1705,96807,3,0,0,3,12
2020-09-30,US,California,Tehama,585,5,0,40.12570935,-122.23701709999999,6103.0,898.8384241902771,0.8547008547008547,580,579,5,0,574,573,63916,6,0,0,6,6
2020-09-30,US,California,Trinity,16,0,0,40.64917670000001,-123.114713,6105.0,130.24013024013024,0.0,16,16,0,0,16,16,12535,0,0,0,0,0
2020-09-30,US,California,Tulare,16204,263,0,36.22026558,-118.8020203,6107.0,3475.7987537403874,1.6230560355467785,15941,16071,263,0,15808,15970,465861,133,0,0,133,101
2020-09-30,US,California,Tuolumne,227,4,0,38.02644018,-119.95250929999999,6109.0,416.6819633613569,1.7621145374449338,223,227,4,0,223,227,54539,0,0,0,0,0
2020-09-30,US,California,Ventura,12875,150,0,34.44465746,-119.09106129999999,6111.0,1521.8568189823716,1.1650485436893203,12725,12812,150,0,12662,12775,850967,63,0,0,63,37
2020-09-30,US,California,Yolo,2828,55,0,38.68278902,-121.90182879999999,6113.0,1282.5396825396824,1.9448373408769448,2773,2825,55,0,2770,2815,220408,3,0,0,3,10
2020-09-30,US,California,Yuba,1172,8,0,39.26255932,-121.35356440000001,6115.0,1489.8052575380082,0.6825938566552902,1164,1158,8,0,1150,1153,78041,14,0,0,14,5
2020-09-30,US,Colorado,Adams,9359,227,0,39.87432092,-104.3362578,8001.0,1808.778538172977,2.4254728069238167,9132,9256,226,0,9030,9149,511868,103,1,0,102,107
2020-09-30,US,Colorado,Alamosa,244,9,0,37.57250606,-105.7885451,8003.0,1503.1109468366903,3.6885245901639343,235,243,9,0,234,242,16683,1,0,0,1,1
2020-09-30,US,Colorado,Arapahoe,9417,371,0,39.64977461,-104.3353617,8005.0,1434.2283616868976,3.9396835510247423,9046,9354,371,0,8983,9298,651215,63,0,0,63,56
2020-09-30,US,Colorado,Archuleta,54,0,0,37.19474156,-107.04768670000001,8007.0,384.9169577304157,0.0,54,54,0,0,54,54,13765,0,0,0,0,0
2020-09-30,US,Colorado,Baca,18,0,0,37.31940883,-102.5603223,8009.0,502.65289025411903,0.0,18,18,0,0,18,17,3585,0,0,0,0,1
2020-09-30,US,Colorado,Bent,11,0,0,37.95474293,-103.0720195,8011.0,197.23865877712032,0.0,11,11,0,0,11,11,5882,0,0,0,0,0
2020-09-30,US,Colorado,Boulder,4435,79,0,40.09313619,-105.3546767,8013.0,1359.612012409717,1.7812852311161218,4356,4396,79,0,4317,4338,326078,39,0,0,39,58
2020-09-30,US,Colorado,Broomfield,659,33,0,39.95998787,-105.0566324,8014.0,935.2160647129781,5.007587253414264,626,653,33,0,620,648,69267,6,0,0,6,5
2020-09-30,US,Colorado,Chaffee,336,19,0,38.74745778,-106.19265729999998,8015.0,1650.6189821182943,5.654761904761906,317,334,19,0,315,334,20027,2,0,0,2,0
2020-09-30,US,Colorado,Cheyenne,14,0,0,38.82777431,-102.6032558,8017.0,764.6095030038231,0.0,14,14,0,0,14,14,1876,0,0,0,0,0
2020-09-30,US,Colorado,Clear Creek,40,1,0,39.68864463,-105.6463118,8019.0,412.37113402061857,2.5,39,39,1,0,38,39,9605,1,0,0,1,0
2020-09-30,US,Colorado,Conejos,35,0,0,37.201606,-106.19174879999998,8021.0,426.56916514320534,0.0,35,34,0,0,34,34,8200,1,0,0,1,0
2020-09-30,US,Colorado,Costilla,32,1,0,37.27732493,-105.4276548,8023.0,823.2570105479805,3.125,31,32,1,0,31,32,3828,0,0,0,0,0
2020-09-30,US,Colorado,Crowley,74,1,0,38.32608609,-103.7844965,8025.0,1220.9206401583895,1.351351351351351,73,74,1,0,73,73,5858,0,0,0,0,1
2020-09-30,US,Colorado,Custer,17,0,0,38.10883162,-105.3683478,8027.0,335.43804262036303,0.0,17,17,0,0,17,17,4954,0,0,0,0,0
2020-09-30,US,Colorado,Delta,189,3,0,38.86246243,-107.86313419999999,8029.0,606.5079263205185,1.5873015873015872,186,189,3,0,186,189,30953,0,0,0,0,0
2020-09-30,US,Colorado,Denver,13359,435,0,39.76018276,-104.87256950000001,8031.0,1837.0184169381373,3.256231753873793,12924,13298,434,0,12864,13208,716492,61,1,0,60,90
2020-09-30,US,Colorado,Dolores,3,0,0,37.75208676,-108.5211585,8033.0,145.98540145985402,0.0,3,3,0,0,3,3,2074,0,0,0,0,0
2020-09-30,US,Colorado,Douglas,2659,61,0,39.33133796,-104.930001,8035.0,757.2176310108955,2.294095524633321,2598,2625,60,0,2565,2608,342776,34,1,0,33,17
2020-09-30,US,Colorado,Eagle,1262,10,0,39.62754308,-106.6933637,8037.0,2289.2593465996697,0.7923930269413629,1252,1257,10,0,1247,1257,54993,5,0,0,5,0
2020-09-30,US,Colorado,El Paso,6962,174,0,38.83240149,-104.5251411,8041.0,966.4035269147964,2.4992818155702383,6788,6925,173,0,6752,6892,713856,37,1,0,36,33
2020-09-30,US,Colorado,Elbert,162,3,0,39.28656773,-104.13587209999999,8039.0,606.0832803322235,1.851851851851852,159,163,3,0,160,161,26282,-1,0,0,-1,2
2020-09-30,US,Colorado,Fremont,177,1,0,38.47362326,-105.43996670000001,8043.0,369.9910115177993,0.5649717514124294,176,176,1,0,175,176,48021,1,0,0,1,0
2020-09-30,US,Colorado,Garfield,956,5,0,39.59921777,-107.902708,8045.0,1591.7150896588464,0.5230125523012552,951,949,5,0,944,947,59770,7,0,0,7,2
2020-09-30,US,Colorado,Gilpin,19,0,0,39.85646523,-105.5252597,8047.0,304.340861765177,0.0,19,19,0,0,19,18,6121,0,0,0,0,1
2020-09-30,US,Colorado,Grand,76,1,0,40.10603347,-106.11780420000001,8049.0,483.03038006864114,1.3157894736842106,75,74,1,0,73,74,15525,2,0,0,2,0
2020-09-30,US,Colorado,Gunnison,297,7,0,38.66611652,-107.0320729,8051.0,1700.8361012484256,2.356902356902357,290,297,7,0,290,296,17246,0,0,0,0,1
2020-09-30,US,Colorado,Hinsdale,3,0,0,37.82247444,-107.3004345,8053.0,365.8536585365854,0.0,3,3,0,0,3,3,811,0,0,0,0,0
2020-09-30,US,Colorado,Huerfano,24,1,0,37.68473101,-104.9612585,8055.0,347.97738147020436,4.166666666666667,23,24,1,0,23,23,6889,0,0,0,0,1
2020-09-30,US,Colorado,Jackson,9,0,0,40.66593870000001,-106.3408905,8057.0,646.5517241379309,0.0,9,9,0,0,9,9,1399,0,0,0,0,0
2020-09-30,US,Colorado,Jefferson,5845,251,0,39.58635604,-105.2517692,8059.0,1002.7775823881717,4.2942686056458514,5594,5789,252,0,5537,5745,580233,56,-1,0,57,44
2020-09-30,US,Colorado,Kiowa,1,0,0,38.43260896,-102.7392145,8061.0,71.12375533428165,0.0,1,1,0,0,1,1,1383,0,0,0,0,0
2020-09-30,US,Colorado,Kit Carson,80,3,0,39.30497777,-102.60221990000001,8063.0,1127.236860645343,3.75,77,79,3,0,76,79,7163,1,0,0,1,0
2020-09-30,US,Colorado,La Plata,263,2,0,37.28632032,-107.8429014,8067.0,467.7967307589691,0.7604562737642585,261,263,2,0,261,262,56310,0,0,0,0,1
2020-09-30,US,Colorado,Lake,98,0,0,39.20278823,-106.35556969999999,8065.0,1205.8570198105085,0.0,98,96,0,0,96,95,7824,2,0,0,2,1
2020-09-30,US,Colorado,Larimer,2636,53,0,40.66671597,-105.4625784,8069.0,738.5843053637024,2.01062215477997,2583,2601,52,0,2549,2560,350518,35,1,0,34,41
2020-09-30,US,Colorado,Las Animas,25,0,0,37.3153406,-104.03764579999999,8071.0,172.34247897421756,0.0,25,25,0,0,25,25,14503,0,0,0,0,0
2020-09-30,US,Colorado,Lincoln,11,0,0,38.98749519,-103.51366490000001,8073.0,192.94860550780564,0.0,11,10,0,0,10,10,5610,1,0,0,1,0
2020-09-30,US,Colorado,Logan,882,6,0,40.7249637,-103.110817,8075.0,3935.9186041322682,0.6802721088435374,876,878,6,0,872,873,21528,4,0,0,4,5
2020-09-30,US,Colorado,Mesa,643,7,0,39.01787888,-108.469799,8077.0,416.96388042280006,1.088646967340591,636,636,7,0,629,629,153207,7,0,0,7,7
2020-09-30,US,Colorado,Mineral,20,0,0,37.66954283,-106.92816979999999,8079.0,2600.780234070221,0.0,20,20,0,0,20,20,776,0,0,0,0,0
2020-09-30,US,Colorado,Moffat,43,1,0,40.61810999,-108.2070876,8081.0,323.72205074154937,2.3255813953488373,42,42,1,0,41,42,13188,1,0,0,1,0
2020-09-30,US,Colorado,Montezuma,141,5,0,37.33859579,-108.59588570000001,8083.0,538.5173585914524,3.5460992907801416,136,139,5,0,134,138,26158,2,0,0,2,1
2020-09-30,US,Colorado,Montrose,385,13,0,38.40214114,-108.26390220000002,8085.0,900.4162963655922,3.3766233766233764,372,384,13,0,371,383,42214,1,0,0,1,1
2020-09-30,US,Colorado,Morgan,756,48,0,40.26279810000001,-103.8093302,8087.0,2600.7981285262144,6.349206349206349,708,755,48,0,707,750,28558,1,0,0,1,5
2020-09-30,US,Colorado,Otero,98,6,0,37.9014485,-103.7173385,8089.0,536.1636940584309,6.1224489795918355,92,98,6,0,92,97,18432,0,0,0,0,1
2020-09-30,US,Colorado,Ouray,26,1,0,38.14717457,-107.7675136,8091.0,525.0403877221323,3.8461538461538463,25,25,1,0,24,25,4833,1,0,0,1,0
2020-09-30,US,Colorado,Park,58,1,0,39.120926000000004,-105.7182065,8093.0,307.7739453435925,1.7241379310344829,57,58,1,0,57,57,18556,0,0,0,0,1
2020-09-30,US,Colorado,Phillips,33,0,0,40.59414277,-102.3577703,8095.0,773.7397420867526,0.0,33,34,0,0,34,34,4286,-1,0,0,-1,0
2020-09-30,US,Colorado,Pitkin,223,2,0,39.21720112,-106.9310027,8097.0,1255.1359261552316,0.8968609865470852,221,223,2,0,221,223,17950,0,0,0,0,0
2020-09-30,US,Colorado,Prowers,94,0,0,37.95544985,-102.3926052,8099.0,772.2642129477489,0.0,94,94,0,0,94,94,12164,0,0,0,0,0
2020-09-30,US,Colorado,Pueblo,1129,37,0,38.17359144,-104.5127437,8101.0,670.3320191896643,3.2772364924712134,1092,1114,37,0,1077,1091,167529,15,0,0,15,23
2020-09-30,US,Colorado,Rio Blanco,26,0,0,39.97913541,-108.2179009,8103.0,411.13219481340917,0.0,26,26,0,0,26,26,6336,0,0,0,0,0
2020-09-30,US,Colorado,Rio Grande,96,2,0,37.5836865,-106.3847838,8105.0,852.0457974616136,2.083333333333333,94,96,2,0,94,96,11250,0,0,0,0,0
2020-09-30,US,Colorado,Routt,159,8,0,40.48596505,-106.9905548,8107.0,620.1731804352912,5.031446540880503,151,158,8,0,150,158,25733,1,0,0,1,0
2020-09-30,US,Colorado,Saguache,111,2,0,38.08054629,-106.28246599999999,8109.0,1626.6119577960142,1.8018018018018016,109,111,2,0,109,111,6843,0,0,0,0,0
2020-09-30,US,Colorado,San Juan,6,0,0,37.76248981,-107.67632890000002,8111.0,824.1758241758242,0.0,6,6,0,0,6,6,762,0,0,0,0,0
2020-09-30,US,Colorado,San Miguel,94,0,0,38.00450883,-108.4020725,8113.0,1149.284753637364,0.0,94,97,0,0,97,97,8191,-3,0,0,-3,0
2020-09-30,US,Colorado,Sedgwick,15,1,0,40.87595412,-102.3519227,8115.0,667.2597864768683,6.666666666666668,14,15,1,0,14,15,2303,0,0,0,0,0
2020-09-30,US,Colorado,Summit,465,4,0,39.63803232,-106.1150762,8117.0,1499.4679307342553,0.8602150537634409,461,463,4,0,459,463,31007,2,0,0,2,0
2020-09-30,US,Colorado,Teller,177,4,0,38.88133511,-105.16148929999999,8119.0,697.1797699700647,2.2598870056497176,173,177,4,0,173,176,25083,0,0,0,0,1
2020-09-30,US,Colorado,Washington,65,0,0,39.97015535,-103.202587,8121.0,1324.3683781581092,0.0,65,64,0,0,64,61,4909,1,0,0,1,3
2020-09-30,US,Colorado,Weld,4784,151,0,40.55499405,-104.39296209999999,8123.0,1474.3044512653626,3.1563545150501677,4633,4763,150,0,4613,4741,314305,21,1,0,20,22
2020-09-30,US,Colorado,Yuma,125,1,0,40.00346839,-102.4258673,8125.0,1247.6295039425092,0.8,124,124,1,0,123,122,10020,1,0,0,1,2
2020-09-30,US,Connecticut,Fairfield,20225,1422,0,41.26809896,-73.3881171,9001.0,2143.995963245178,7.0309023485784925,18803,20190,1422,0,18768,20141,943823,35,0,0,35,49
2020-09-30,US,Connecticut,Hartford,14801,1437,0,41.80283011,-72.73103891,9003.0,1659.8259543354416,9.708803459225726,13364,14737,1436,0,13301,14670,892697,64,1,0,63,67
2020-09-30,US,Connecticut,Litchfield,1884,141,0,41.7937534,-73.2451475,9005.0,1044.7339089351367,7.484076433121018,1743,1874,141,0,1733,1872,181111,10,0,0,10,2
2020-09-30,US,Connecticut,Middlesex,1599,193,0,41.45949668,-72.53714864,9007.0,984.3876973084784,12.070043777360851,1406,1588,193,0,1395,1583,162682,11,0,0,11,5
2020-09-30,US,Connecticut,New Haven,14477,1115,0,41.408032500000004,-72.93620426,9009.0,1693.697740995394,7.701871934793121,13362,14451,1115,0,13336,14434,857620,26,0,0,26,17
2020-09-30,US,Connecticut,New London,2053,117,0,41.48896435,-72.10430976,9011.0,774.1152160961667,5.698977106673161,1936,1994,115,0,1879,1959,266784,59,2,0,57,35
2020-09-30,US,Connecticut,Tolland,1363,67,0,41.85853803,-72.3308481,9013.0,904.3199023361044,4.915627292736612,1296,1359,67,0,1292,1356,150921,4,0,0,4,3
2020-09-30,US,Connecticut,Unassigned,151,0,0,0.0,0.0,90009.0,0.0,0.0,151,146,0,0,146,147,,5,0,0,5,-1
2020-09-30,US,Connecticut,Windham,997,16,0,41.82972709,-71.98182316,9015.0,853.7274579986641,1.60481444332999,981,990,16,0,974,985,117027,7,0,0,7,5
2020-09-30,US,Delaware,Kent,2963,117,0,39.08646628,-75.56884914,10001.0,1638.9543438098083,3.948700641241985,2846,2949,117,0,2832,2937,178550,14,0,0,14,12
2020-09-30,US,Delaware,New Castle,10368,312,0,39.57992638,-75.64054974,10003.0,1855.5605070576803,3.0092592592592586,10056,10309,312,0,9997,10198,559335,59,0,0,59,111
2020-09-30,US,Delaware,Sussex,6791,207,0,38.66143781,-75.39031349,10005.0,2899.3489166399827,3.0481519658371363,6584,6782,206,0,6576,6761,229286,9,1,0,8,21
2020-09-30,US,Delaware,Unassigned,491,0,0,0.0,0.0,90010.0,0.0,0.0,491,491,0,0,491,493,,0,0,0,0,-2
2020-09-30,US,District of Columbia,District of Columbia,15326,627,0,38.90417773,-77.01655992,11001.0,2171.5935835544933,4.091087041628605,14699,15300,626,0,14674,15264,702455,26,1,0,25,36
2020-09-30,US,Florida,Alachua,8293,60,0,29.67866525,-82.35928158,12001.0,3082.406901499017,0.7235017484625588,8233,8230,56,0,8174,8164,269956,63,4,0,59,66
2020-09-30,US,Florida,Baker,1484,13,0,30.33060121,-82.28467476,12003.0,5080.451900034235,0.8760107816711591,1471,1475,12,0,1463,1472,28355,9,1,0,8,3
2020-09-30,US,Florida,Bay,6124,108,0,30.26548745,-85.62122584,12005.0,3505.3375690449616,1.7635532331809276,6016,6106,105,0,6001,6063,185287,18,3,0,15,43
2020-09-30,US,Florida,Bradford,1129,9,0,29.95079741,-82.16611613,12007.0,4003.4041346051563,0.7971656333038086,1120,1127,8,0,1119,1102,27732,2,1,0,1,25
2020-09-30,US,Florida,Brevard,9049,298,0,28.29409504,-80.73091022,12009.0,1503.300982486685,3.2931815670239803,8751,8983,295,0,8688,8848,596849,66,3,0,63,135
2020-09-30,US,Florida,Broward,77220,1396,0,26.15184651,-80.48725556,12011.0,3954.366548578487,1.807821807821808,75824,77122,1384,0,75738,76874,1951260,98,12,0,86,248
2020-09-30,US,Florida,Calhoun,620,11,0,30.40666734,-85.19394153,12013.0,4395.604395604396,1.7741935483870968,609,616,11,0,605,615,14587,4,0,0,4,1
2020-09-30,US,Florida,Charlotte,3082,136,0,26.90131002,-81.92949121,12015.0,1631.464718649092,4.412719013627513,2946,3074,136,0,2938,3046,184998,8,0,0,8,28
2020-09-30,US,Florida,Citrus,2783,106,0,28.84804315,-82.47614748,12017.0,1859.5855857059807,3.808839381961912,2677,2763,103,0,2660,2743,147929,20,3,0,17,20
2020-09-30,US,Florida,Clay,5151,100,0,29.98319144,-81.85609986,12019.0,2349.351431229817,1.9413706076490005,5051,5127,100,0,5027,5091,216072,24,0,0,24,36
2020-09-30,US,Florida,Collier,12751,221,0,26.11091986,-81.34687065,12021.0,3312.79130791734,1.7331973962826446,12530,12732,218,0,12514,12692,378488,19,3,0,16,40
2020-09-30,US,Florida,Columbia,3836,58,0,30.22509788,-82.62160164,12023.0,5351.114583042714,1.5119916579770594,3778,3828,56,0,3772,3790,70503,8,2,0,6,38
2020-09-30,US,Florida,DeSoto,1571,25,0,27.18677893,-81.80941373,12027.0,4134.10173416489,1.5913430935709738,1546,1566,25,0,1541,1565,37489,5,0,0,5,1
2020-09-30,US,Florida,Dixie,835,9,0,29.60631086,-83.15724673,12029.0,4962.557946035898,1.0778443113772456,826,834,8,0,826,832,16700,1,1,0,0,2
2020-09-30,US,Florida,Duval,30548,394,0,30.33225875,-81.66976468,12031.0,3189.542210690625,1.2897734712583475,30154,30418,385,0,30033,30264,950181,130,9,0,121,154
2020-09-30,US,Florida,Escambia,12353,235,0,30.67652764,-87.37284571,12033.0,3880.734867238844,1.9023718934671743,12118,12319,230,0,12089,12249,315534,34,5,0,29,70
2020-09-30,US,Florida,Flagler,1751,27,0,29.45933576,-81.31508595,12035.0,1521.5370043708344,1.5419760137064535,1724,1744,25,0,1719,1729,112067,7,2,0,5,15
2020-09-30,US,Florida,Franklin,627,4,0,29.83791238,-84.82731662,12037.0,5171.134020618557,0.6379585326953748,623,626,4,0,622,613,11736,1,0,0,1,13
2020-09-30,US,Florida,Gadsden,2833,47,0,30.57796289,-84.61915825,12039.0,6204.555409548841,1.659018708083304,2786,2828,47,0,2781,2797,45894,5,0,0,5,31
2020-09-30,US,Florida,Gilchrist,513,12,0,29.72856978,-82.79880657,12041.0,2760.736196319019,2.3391812865497075,501,512,12,0,500,511,18256,1,0,0,1,1
2020-09-30,US,Florida,Glades,542,4,0,26.95635849,-81.18996211,12043.0,3924.408080515531,0.7380073800738007,538,541,4,0,537,540,13724,1,0,0,1,1
2020-09-30,US,Florida,Gulf,875,14,0,29.93543004,-85.24270990000002,12045.0,6415.426350905492,1.6,861,875,14,0,861,875,16164,0,0,0,0,0
2020-09-30,US,Florida,Hamilton,859,8,0,30.49673973,-82.94998918,12047.0,5953.701136678679,0.9313154831199068,851,853,8,0,845,850,14310,6,0,0,6,3
2020-09-30,US,Florida,Hardee,1366,11,0,27.49293939,-81.80956574,12049.0,5071.091806808479,0.8052708638360175,1355,1364,11,0,1353,1361,27245,2,0,0,2,3
2020-09-30,US,Florida,Hendry,2076,42,0,26.55386945,-81.16469006,12051.0,4940.269382704299,2.0231213872832368,2034,2072,42,0,2030,2069,41556,4,0,0,4,3
2020-09-30,US,Florida,Hernando,3175,127,0,28.55364461,-82.42700204,12053.0,1637.273102310231,4.0,3048,3150,125,0,3025,3127,190865,25,2,0,23,23
2020-09-30,US,Florida,Highlands,2177,89,0,27.34254618,-81.34071957,12055.0,2049.500569567223,4.088194763435921,2088,2170,89,0,2081,2160,105424,7,0,0,7,10
2020-09-30,US,Florida,Hillsborough,42248,646,0,27.9276559,-82.32013172,12057.0,2870.1710906758844,1.5290664646847187,41602,42118,636,0,41482,41947,1436888,130,10,0,120,171
2020-09-30,US,Florida,Holmes,756,8,0,30.86747479,-85.81319222,12059.0,3853.800275271448,1.058201058201058,748,755,7,0,748,753,19477,1,1,0,0,2
2020-09-30,US,Florida,Indian River,3254,119,0,27.69308961,-80.60556721,12061.0,2034.7292134339648,3.657037492317148,3135,3243,117,0,3126,3225,157413,11,2,0,9,18
2020-09-30,US,Florida,Jackson,2833,80,0,30.795459700000002,-85.21500423,12063.0,6103.761796009825,2.823861630780092,2753,2822,79,0,2743,2811,48305,11,1,0,10,11
2020-09-30,US,Florida,Jefferson,560,9,0,30.43669112,-83.89442308,12065.0,3930.927979783799,1.6071428571428572,551,563,9,0,554,562,14288,-3,0,0,-3,1
2020-09-30,US,Florida,Lafayette,1233,12,0,29.98484137,-83.18166636,12067.0,14640.227974352883,0.97323600973236,1221,1233,12,0,1221,1233,8732,0,0,0,0,0
2020-09-30,US,Florida,Lake,7542,193,0,28.76202069,-81.7125123,12069.0,2054.380335477966,2.559002916998144,7349,7517,190,0,7327,7475,356495,25,3,0,22,42
2020-09-30,US,Florida,Lee,20516,468,0,26.58410348,-81.88399313,12071.0,2662.4204978866487,2.281146422304543,20048,20445,467,0,19978,20388,754610,71,1,0,70,57
2020-09-30,US,Florida,Leon,10645,77,0,30.45955727,-84.27491114,12073.0,3625.9034954459057,0.72334429309535,10568,10607,71,0,10536,10491,292502,38,6,0,32,116
2020-09-30,US,Florida,Levy,1044,9,0,29.31829741,-82.74007147,12075.0,2515.480808616245,0.8620689655172413,1035,1040,9,0,1031,1037,40770,4,0,0,4,3
2020-09-30,US,Florida,Liberty,517,8,0,30.23766008,-84.8829258,12077.0,6188.652142686136,1.5473887814313343,509,517,8,0,509,516,8457,0,0,0,0,1
2020-09-30,US,Florida,Madison,1017,20,0,30.44396917,-83.47398594,12079.0,5499.378143081166,1.966568338249754,997,1022,20,0,1002,1022,18529,-5,0,0,-5,0
2020-09-30,US,Florida,Manatee,11579,291,0,27.47196942,-82.31831044,12081.0,2871.398352895081,2.5131703946800243,11288,11546,290,0,11256,11486,394855,33,1,0,32,60
2020-09-30,US,Florida,Marion,9774,290,0,29.21227113,-82.05803627,12083.0,2673.5671359678754,2.9670554532432987,9484,9760,289,0,9471,9713,359977,14,1,0,13,47
2020-09-30,US,Florida,Martin,4927,143,0,27.0772071,-80.43109784,12085.0,3060.2484472049687,2.9023746701846966,4784,4908,142,0,4766,4894,160912,19,1,0,18,14
2020-09-30,US,Florida,Miami-Dade,170400,3280,0,25.6112362,-80.55170587,12086.0,6271.7616141688795,1.9248826291079808,167120,170086,3243,0,166843,169466,2761581,314,37,0,277,620
2020-09-30,US,Florida,Monroe,1847,22,0,25.20904673,-81.07812416,12087.0,2488.279355499273,1.1911207363291825,1825,1845,22,0,1823,1837,75027,2,0,0,2,8
2020-09-30,US,Florida,Nassau,2127,45,0,30.61037141,-81.80297522,12089.0,2400.0,2.1156558533145278,2082,2116,45,0,2071,2100,85832,11,0,0,11,16
2020-09-30,US,Florida,Okaloosa,5036,115,0,30.69143028,-86.59267105,12091.0,2389.697159506117,2.2835583796664016,4921,5010,113,0,4897,4971,207269,26,2,0,24,39
2020-09-30,US,Florida,Okeechobee,1575,27,0,27.386336199999995,-80.88944347,12093.0,3735.059760956176,1.7142857142857142,1548,1566,27,0,1539,1556,41537,9,0,0,9,10
2020-09-30,US,Florida,Orange,40329,458,0,28.51367621,-81.31799498,12095.0,2894.179347404863,1.1356592030548736,39871,40224,446,0,39778,39990,1380645,105,12,0,93,234
2020-09-30,US,Florida,Osceola,12556,153,0,28.06312234,-81.14882926,12097.0,3341.574606587873,1.218540936604014,12403,12513,148,0,12365,12455,367990,43,5,0,38,58
2020-09-30,US,Florida,Palm Beach,46552,1369,0,26.64676272,-80.46536002,12099.0,3110.1638862350264,2.940797387867331,45183,46485,1350,0,45135,46310,1485941,67,19,0,48,175
2020-09-30,US,Florida,Pasco,9322,209,0,28.30810945,-82.40227529,12101.0,1682.8324731427374,2.24200815275692,9113,9279,208,0,9071,9233,539630,43,1,0,42,46
2020-09-30,US,Florida,Pinellas,22181,753,0,27.93130349,-82.72239666,12103.0,2274.9836922407885,3.3947973490825483,21428,22129,752,0,21377,22049,975280,52,1,0,51,80
2020-09-30,US,Florida,Polk,20032,531,0,27.95027105,-81.69732947,12105.0,2763.8846155438155,2.6507587859424917,19501,19974,529,0,19445,19888,708009,58,2,0,56,86
2020-09-30,US,Florida,Putnam,2141,40,0,29.60779729,-81.74230285,12107.0,2873.0156600152973,1.8682858477347035,2101,2139,39,0,2100,2130,74163,2,1,0,1,9
2020-09-30,US,Florida,Santa Rosa,5354,77,0,30.69341450000001,-87.02458128,12113.0,2904.8412211835303,1.438177063877475,5277,5331,77,0,5254,5312,179349,23,0,0,23,19
2020-09-30,US,Florida,Sarasota,8189,258,0,27.18546175,-82.33174248,12115.0,1887.9887121837405,3.1505678349004764,7931,8177,256,0,7921,8147,426718,12,2,0,10,30
2020-09-30,US,Florida,Seminole,9097,214,0,28.7158582,-81.24060348,12117.0,1928.0412694510267,2.352423876003078,8883,9053,211,0,8842,9009,467832,44,3,0,41,44
2020-09-30,US,Florida,St. Johns,5391,70,0,29.90096506,-81.43589967,12109.0,2036.860718171926,1.2984603969578927,5321,5364,70,0,5294,5334,254261,27,0,0,27,30
2020-09-30,US,Florida,St. Lucie,8091,283,0,27.37763908,-80.47106649,12111.0,2464.536684770193,3.4977135088369797,7808,8054,280,0,7774,8009,321128,37,3,0,34,45
2020-09-30,US,Florida,Sumter,2313,70,0,28.70181754,-82.0794267,12119.0,1746.7149977344811,3.026372676178124,2243,2251,69,0,2182,2228,128754,62,1,0,61,23
2020-09-30,US,Florida,Suwannee,2739,71,0,30.19746066,-82.99099670000003,12121.0,6166.557849472049,2.592186929536328,2668,2732,70,0,2662,2717,44191,7,1,0,6,15
2020-09-30,US,Florida,Taylor,1329,13,0,30.04848048,-83.60445406,12123.0,6161.620844730865,0.9781790820165538,1316,1327,13,0,1314,1324,21623,2,0,0,2,3
2020-09-30,US,Florida,Unassigned,1730,0,0,0.0,0.0,90012.0,0.0,0.0,1730,1712,0,0,1712,1690,,18,0,0,18,22
2020-09-30,US,Florida,Union,969,16,0,30.04412971,-82.37497443,12125.0,6359.519590470565,1.6511867905056758,953,966,15,0,951,956,14940,3,1,0,2,10
2020-09-30,US,Florida,Volusia,10945,249,0,29.05858895,-81.18263252,12127.0,1978.1884167986057,2.2750114207400642,10696,10898,244,0,10654,10834,547538,47,5,0,42,64
2020-09-30,US,Florida,Wakulla,1142,10,0,30.16548905,-84.39895211,12129.0,3384.8069000266755,0.8756567425569177,1132,1139,10,0,1129,1126,32461,3,0,0,3,13
2020-09-30,US,Florida,Walton,1977,25,0,30.64204028,-86.16935664,12131.0,2669.0607660217897,1.2645422357106728,1952,1970,25,0,1945,1959,71375,7,0,0,7,11
2020-09-30,US,Florida,Washington,1084,22,0,30.61359259,-85.66002461,12133.0,4255.486201075649,2.029520295202952,1062,1077,22,0,1055,1077,24880,7,0,0,7,0
2020-09-30,US,Georgia,Appling,1040,29,0,31.74847232,-82.28909114,13001.0,5656.477754813445,2.7884615384615383,1011,1035,29,0,1006,1030,18507,5,0,0,5,5
2020-09-30,US,Georgia,Atkinson,444,3,0,31.29633502,-82.87545866,13003.0,5437.844458052664,0.6756756756756757,441,443,3,0,440,441,8297,1,0,0,1,2
2020-09-30,US,Georgia,Bacon,598,14,0,31.55456473,-82.45936528,13005.0,5356.503045503404,2.34113712374582,584,599,14,0,585,598,11185,-1,0,0,-1,1
2020-09-30,US,Georgia,Baker,84,4,0,31.32669878,-84.44218806,13007.0,2764.976958525345,4.761904761904762,80,84,4,0,80,84,3092,0,0,0,0,0
2020-09-30,US,Georgia,Baldwin,2134,57,0,33.06882326,-83.24701748,13009.0,4753.8427266651815,2.6710402999062794,2077,2134,57,0,2077,2113,44823,0,0,0,0,21
2020-09-30,US,Georgia,Banks,488,8,0,34.35607081,-83.49644388,13011.0,2537.173754809192,1.639344262295082,480,487,8,0,479,484,18988,1,0,0,1,3
2020-09-30,US,Georgia,Barrow,2219,48,0,33.99148694,-83.71436292,13013.0,2665.785679961557,2.163136547994592,2171,2200,48,0,2152,2184,80809,19,0,0,19,16
2020-09-30,US,Georgia,Bartow,2938,87,0,34.23732119,-84.83887523,13015.0,2726.9858360095786,2.9611980939414573,2851,2924,85,0,2839,2913,106408,14,2,0,12,11
2020-09-30,US,Georgia,Ben Hill,791,24,0,31.76095874,-83.22145359,13017.0,4736.526946107784,3.034134007585335,767,782,24,0,758,776,16787,9,0,0,9,6
2020-09-30,US,Georgia,Berrien,455,12,0,31.27590016,-83.22529920000002,13019.0,2345.7235654998194,2.6373626373626373,443,452,12,0,440,449,19252,3,0,0,3,3
2020-09-30,US,Georgia,Bibb,6089,171,0,32.80904227,-83.70489165,13021.0,3975.6070488838395,2.8083429134504847,5918,6075,170,0,5905,6068,153095,14,1,0,13,7
2020-09-30,US,Georgia,Bleckley,435,21,0,32.43829035,-83.33035166,13023.0,3379.1656956420416,4.827586206896552,414,434,21,0,413,433,12838,1,0,0,1,1
2020-09-30,US,Georgia,Brantley,346,10,0,31.19576557,-81.97743999,13025.0,1810.665131613376,2.8901734104046244,336,345,10,0,335,344,18897,1,0,0,1,1
2020-09-30,US,Georgia,Brooks,523,26,0,30.83922642,-83.58303423,13027.0,3383.580254900692,4.97131931166348,497,523,26,0,497,523,15513,0,0,0,0,0
2020-09-30,US,Georgia,Bryan,1154,11,0,32.00979311,-81.44002948,13029.0,2912.155853332324,0.9532062391681108,1143,1153,11,0,1142,1147,38109,1,0,0,1,6
2020-09-30,US,Georgia,Bulloch,2890,28,0,32.39577406,-81.74811421,13031.0,3630.2884132248023,0.9688581314878892,2862,2885,28,0,2857,2882,77296,5,0,0,5,3
2020-09-30,US,Georgia,Burke,813,10,0,33.05917989,-81.99928721,13033.0,3632.220881919314,1.2300123001230012,803,813,10,0,803,805,22423,0,0,0,0,8
2020-09-30,US,Georgia,Butts,661,42,0,33.283094500000004,-83.95435040000002,13035.0,2650.786012191209,6.3540090771558235,619,659,42,0,617,657,24193,2,0,0,2,2
2020-09-30,US,Georgia,Calhoun,246,8,0,31.53169785,-84.62725131,13037.0,3974.79398933592,3.2520325203252027,238,246,8,0,238,244,6352,0,0,0,0,2
2020-09-30,US,Georgia,Camden,1303,13,0,30.92951916,-81.66601818,13039.0,2383.5656532396742,0.997697620874904,1290,1296,11,0,1285,1290,53677,7,2,0,5,6
2020-09-30,US,Georgia,Candler,465,19,0,32.40209349,-82.07702563,13043.0,4304.35990002777,4.086021505376344,446,464,19,0,445,459,10836,1,0,0,1,5
2020-09-30,US,Georgia,Carroll,2807,68,0,33.58138199,-85.07976677,13045.0,2339.3226215081004,2.422515140719629,2739,2798,68,0,2730,2788,118121,9,0,0,9,10
2020-09-30,US,Georgia,Catoosa,1202,18,0,34.89872298,-85.13757014,13047.0,1778.6327315773894,1.4975041597337768,1184,1193,18,0,1175,1187,67420,9,0,0,9,6
2020-09-30,US,Georgia,Charlton,638,7,0,30.78371028,-82.13951596,13049.0,4764.038231780167,1.09717868338558,631,634,7,0,627,633,12968,4,0,0,4,1
2020-09-30,US,Georgia,Chatham,8511,163,0,32.00043026,-81.12489526,13051.0,2940.6074007532047,1.9151686053342731,8348,8482,162,0,8320,8446,289195,29,1,0,28,36
2020-09-30,US,Georgia,Chattahoochee,1666,1,0,32.34341231,-84.78809239,13053.0,15274.594297240305,0.060024009603841535,1665,1632,1,0,1631,1634,10684,34,0,0,34,-2
2020-09-30,US,Georgia,Chattooga,784,22,0,34.47197698,-85.34535662,13055.0,3162.693130017347,2.8061224489795915,762,771,22,0,749,766,24790,13,0,0,13,5
2020-09-30,US,Georgia,Cherokee,6118,92,0,34.24393976,-84.47431861,13057.0,2364.234290285308,1.5037593984962403,6026,6066,92,0,5974,6033,254149,52,0,0,52,33
2020-09-30,US,Georgia,Clarke,5084,44,0,33.95436462,-83.37124007,13059.0,3961.630471203373,0.8654602675059009,5040,5064,44,0,5020,5035,127330,20,0,0,20,29
2020-09-30,US,Georgia,Clay,122,2,0,31.62221166,-84.97713865,13061.0,4304.8694424841215,1.639344262295082,120,121,2,0,119,121,2887,1,0,0,1,0
2020-09-30,US,Georgia,Clayton,7107,162,0,33.54187245,-84.35594188,13063.0,2431.7721449687947,2.279442802870409,6945,7090,162,0,6928,7094,289615,17,0,0,17,-4
2020-09-30,US,Georgia,Clinch,379,6,0,30.91395822,-82.70432472,13065.0,5726.805681474766,1.5831134564643798,373,379,6,0,373,378,6648,0,0,0,0,1
2020-09-30,US,Georgia,Cobb,19740,427,0,33.94243204,-84.5761255,13067.0,2596.8866302435995,2.1631205673758864,19313,19634,427,0,19207,19576,756865,106,0,0,106,58
2020-09-30,US,Georgia,Coffee,2070,50,0,31.54892966,-82.85492059999999,13069.0,4783.583296743928,2.415458937198068,2020,2061,50,0,2011,2056,43093,9,0,0,9,5
2020-09-30,US,Georgia,Colquitt,1895,34,0,31.18810588,-83.7677946,13071.0,4155.701754385965,1.7941952506596306,1861,1890,34,0,1856,1882,45592,5,0,0,5,8
2020-09-30,US,Georgia,Columbia,3777,61,0,33.54534185,-82.263524,13073.0,2410.122899039013,1.6150383902568175,3716,3760,61,0,3699,3755,154291,17,0,0,17,5
2020-09-30,US,Georgia,Cook,551,13,0,31.16068491,-83.42947229,13075.0,3190.5037637521723,2.3593466424682394,538,549,13,0,536,549,17162,2,0,0,2,0
2020-09-30,US,Georgia,Coweta,2628,47,0,33.35334302,-84.76129976,13077.0,1769.5897218350406,1.7884322678843227,2581,2617,47,0,2570,2614,145864,11,0,0,11,3
2020-09-30,US,Georgia,Crawford,167,5,0,32.71391813,-83.98061238,13079.0,1346.3398903579491,2.9940119760479043,162,166,5,0,161,167,12318,1,0,0,1,-1
2020-09-30,US,Georgia,Crisp,571,17,0,31.92289565,-83.76811843,13081.0,2552.297514750581,2.9772329246935203,554,560,17,0,543,557,22601,11,0,0,11,3
2020-09-30,US,Georgia,Dade,286,5,0,34.854916700000004,-85.50490424,13083.0,1774.6339041945891,1.7482517482517483,281,282,5,0,277,282,16226,4,0,0,4,0
2020-09-30,US,Georgia,Dawson,830,8,0,34.44244079,-84.16964071,13085.0,3179.1021908993407,0.9638554216867471,822,821,7,0,814,814,25083,9,1,0,8,7
2020-09-30,US,Georgia,DeKalb,18859,367,0,33.76944049,-84.22396017,13089.0,2483.7448323910144,1.9460204676812127,18492,18773,365,0,18408,18699,756558,86,2,0,84,74
2020-09-30,US,Georgia,Decatur,1165,29,0,30.87967778,-84.57619536,13087.0,4412.210271171035,2.4892703862660945,1136,1156,29,0,1127,1155,26575,9,0,0,9,1
2020-09-30,US,Georgia,Dodge,431,12,0,32.17265114,-83.16948926,13091.0,2091.7253093909244,2.7842227378190256,419,426,12,0,414,426,20705,5,0,0,5,0
2020-09-30,US,Georgia,Dooly,340,14,0,32.15630737,-83.79746561,13093.0,2539.208364451083,4.117647058823529,326,338,14,0,324,338,13706,2,0,0,2,0
2020-09-30,US,Georgia,Dougherty,3159,187,0,31.53328528,-84.21722377,13095.0,3591.5685115284914,5.919594808483697,2972,3152,187,0,2965,3149,91243,7,0,0,7,3
2020-09-30,US,Georgia,Douglas,3595,71,0,33.70291126,-84.77026156,13097.0,2456.557539479169,1.9749652294853963,3524,3571,71,0,3500,3558,145331,24,0,0,24,13
2020-09-30,US,Georgia,Early,502,33,0,31.32155345,-84.90255207,13099.0,4926.39842983317,6.573705179282869,469,495,33,0,462,493,10247,7,0,0,7,2
2020-09-30,US,Georgia,Echols,241,2,0,30.71101099,-82.89687287,13101.0,6015.9760359460815,0.8298755186721992,239,241,2,0,239,240,4000,0,0,0,0,1
2020-09-30,US,Georgia,Effingham,1453,23,0,32.36616021,-81.34280942,13103.0,2259.860644519099,1.582931865106676,1430,1445,23,0,1422,1439,62190,8,0,0,8,6
2020-09-30,US,Georgia,Elbert,677,3,0,34.11302332,-82.83936148,13105.0,3527.1438991351465,0.4431314623338257,674,677,3,0,674,645,19120,0,0,0,0,32
2020-09-30,US,Georgia,Emanuel,1064,32,0,32.59221302,-82.30239915,13107.0,4698.401483705732,3.0075187969924815,1032,1058,31,0,1027,1050,22612,6,1,0,5,8
2020-09-30,US,Georgia,Evans,430,6,0,32.15328841,-81.8870105,13109.0,4036.042800825981,1.3953488372093024,424,430,6,0,424,428,10721,0,0,0,0,2
2020-09-30,US,Georgia,Fannin,681,24,0,34.86430205,-84.316964,13111.0,2600.427676798534,3.524229074889868,657,658,24,0,634,652,25964,23,0,0,23,6
2020-09-30,US,Georgia,Fayette,1877,50,0,33.41357794,-84.49089434,13113.0,1640.4331372737522,2.6638252530633992,1827,1860,50,0,1810,1855,113459,17,0,0,17,5
2020-09-30,US,Georgia,Floyd,3219,45,0,34.26268279,-85.21577392,13115.0,3268.0866616581047,1.3979496738117427,3174,3183,45,0,3138,3169,97927,36,0,0,36,14
2020-09-30,US,Georgia,Forsyth,4114,46,0,34.22604035,-84.12315129999998,13117.0,1684.3260239424853,1.118133203694701,4068,4052,45,0,4007,4022,236612,62,1,0,61,30
2020-09-30,US,Georgia,Franklin,758,13,0,34.37525597,-83.23159927,13119.0,3246.391708424343,1.7150395778364116,745,752,13,0,739,753,23023,6,0,0,6,-1
2020-09-30,US,Georgia,Fulton,27684,575,0,33.79216944,-84.46319413,13121.0,2602.033767036958,2.0770119924866353,27109,27650,576,0,27074,27605,1050114,34,-1,0,35,45
2020-09-30,US,Georgia,Gilmer,827,12,0,34.69316688,-84.45802506,13123.0,2636.360738308521,1.4510278113663846,815,820,13,0,807,819,30816,7,-1,0,8,1
2020-09-30,US,Georgia,Glascock,39,2,0,33.22879932,-82.61297636,13125.0,1312.6893301918547,5.128205128205129,37,39,2,0,37,39,2995,0,0,0,0,0
2020-09-30,US,Georgia,Glynn,3486,95,0,31.23279254,-81.53811412,13127.0,4087.1359564789204,2.7251864601262192,3391,3463,95,0,3368,3455,85219,23,0,0,23,8
2020-09-30,US,Georgia,Gordon,1870,36,0,34.50487351,-84.87296253,13129.0,3226.196021599986,1.925133689839572,1834,1867,36,0,1831,1846,57685,3,0,0,3,21
2020-09-30,US,Georgia,Grady,785,22,0,30.87454847,-84.23418364,13131.0,3186.781959160476,2.8025477707006368,763,778,22,0,756,774,24748,7,0,0,7,4
2020-09-30,US,Georgia,Greene,509,24,0,33.5769205,-83.17139104,13133.0,2777.777777777778,4.715127701375246,485,508,24,0,484,503,17698,1,0,0,1,5
2020-09-30,US,Georgia,Gwinnett,27647,409,0,33.96044201,-84.02137802,13135.0,2952.950600801068,1.4793648497124463,27238,27519,407,0,27112,27424,927781,128,2,0,126,95
2020-09-30,US,Georgia,Habersham,1674,67,0,34.63331566,-83.53094677,13137.0,3693.081539004589,4.002389486260453,1607,1654,67,0,1587,1639,45388,20,0,0,20,15
2020-09-30,US,Georgia,Hall,9373,154,0,34.32207823,-83.81896936,13139.0,4584.696807391862,1.6430171769977595,9219,9279,152,0,9127,9248,202148,94,2,0,92,31
2020-09-30,US,Georgia,Hancock,394,42,0,33.2721566,-82.99766919,13141.0,4658.862480785147,10.659898477157359,352,393,42,0,351,392,8348,1,0,0,1,1
2020-09-30,US,Georgia,Haralson,487,8,0,33.79602175,-85.21005667,13143.0,1634.6670247046186,1.6427104722792607,479,486,8,0,478,478,29533,1,0,0,1,8
2020-09-30,US,Georgia,Harris,799,22,0,32.73709786,-84.90538572,13145.0,2267.567260756045,2.7534418022528158,777,794,22,0,772,793,34475,5,0,0,5,1
2020-09-30,US,Georgia,Hart,521,13,0,34.34626973,-82.96567682,13147.0,1988.1701965273803,2.4952015355086368,508,515,13,0,502,510,26099,6,0,0,6,5
2020-09-30,US,Georgia,Heard,197,5,0,33.29686567,-85.12886832,13149.0,1652.2687243143505,2.538071065989848,192,195,5,0,190,194,11879,2,0,0,2,1
2020-09-30,US,Georgia,Henry,5281,102,0,33.4533428,-84.14814659999998,13151.0,2251.4399239430254,1.9314523764438556,5179,5248,102,0,5146,5218,230220,33,0,0,33,30
2020-09-30,US,Georgia,Houston,3163,82,0,32.45802497,-83.66879087,13153.0,2003.636064182234,2.592475497944989,3081,3158,82,0,3076,3155,155469,5,0,0,5,3
2020-09-30,US,Georgia,Irwin,305,4,0,31.60213036,-83.27501387,13155.0,3239.1673746813926,1.3114754098360657,301,300,4,0,296,295,9398,5,0,0,5,5
2020-09-30,US,Georgia,Jackson,2024,33,0,34.13794553,-83.56814788,13157.0,2773.4765748112427,1.6304347826086956,1991,2004,32,0,1972,1991,70422,20,1,0,19,13
2020-09-30,US,Georgia,Jasper,222,4,0,33.31535543,-83.68844964,13159.0,1561.291230044307,1.8018018018018016,218,221,4,0,217,221,14040,1,0,0,1,0
2020-09-30,US,Georgia,Jeff Davis,724,20,0,31.80405727,-82.63724870000001,13161.0,4789.943764472378,2.7624309392265194,704,720,20,0,700,716,15029,4,0,0,4,4
2020-09-30,US,Georgia,Jefferson,804,29,0,33.05867328,-82.41609057,13163.0,5233.693529488348,3.606965174129354,775,797,29,0,768,795,15430,7,0,0,7,2
2020-09-30,US,Georgia,Jenkins,429,30,0,32.79248718,-81.96040187,13165.0,4944.674965421854,6.9930069930069925,399,424,30,0,394,422,8683,5,0,0,5,2
2020-09-30,US,Georgia,Johnson,415,22,0,32.70211082,-82.66166794,13167.0,4303.6399460748735,5.301204819277109,393,417,22,0,395,416,9708,-2,0,0,-2,1
2020-09-30,US,Georgia,Jones,560,9,0,33.02512137,-83.56019163,13169.0,1948.84287454324,1.6071428571428572,551,559,8,0,551,557,28616,1,1,0,0,2
2020-09-30,US,Georgia,Lamar,372,18,0,33.07841647,-84.14263877,13171.0,1949.99213712848,4.838709677419356,354,369,18,0,351,367,19000,3,0,0,3,2
2020-09-30,US,Georgia,Lanier,295,5,0,31.03828570000001,-83.06472457,13173.0,2830.279190252327,1.6949152542372878,290,295,5,0,290,295,10340,0,0,0,0,0
2020-09-30,US,Georgia,Laurens,1661,75,0,32.46325233,-82.92221316,13175.0,3493.458966053927,4.515352197471404,1586,1657,74,0,1583,1652,47325,4,1,0,3,5
2020-09-30,US,Georgia,Lee,700,26,0,31.779330600000005,-84.14324253,13177.0,2333.95572152574,3.7142857142857135,674,699,26,0,673,698,29764,1,0,0,1,1
2020-09-30,US,Georgia,Liberty,1125,22,0,31.82588896,-81.49251135,13179.0,1831.2037112395208,1.9555555555555555,1103,1118,22,0,1096,1110,61497,7,0,0,7,8
2020-09-30,US,Georgia,Lincoln,213,7,0,33.79201475,-82.45024131,13181.0,2689.0544123216764,3.286384976525821,206,213,7,0,206,213,7915,0,0,0,0,0
2020-09-30,US,Georgia,Long,252,3,0,31.75218791,-81.74952375,13183.0,1288.409427884861,1.1904761904761905,249,251,3,0,248,251,18998,1,0,0,1,0
2020-09-30,US,Georgia,Lowndes,3920,82,0,30.83568832,-83.27056716,13185.0,3338.8412857945927,2.091836734693877,3838,3907,82,0,3825,3903,116321,13,0,0,13,4
2020-09-30,US,Georgia,Lumpkin,926,14,0,34.57286511,-84.00425681,13187.0,2755.1324010711096,1.5118790496760257,912,917,14,0,903,908,32955,9,0,0,9,9
2020-09-30,US,Georgia,Macon,234,10,0,32.35207048,-84.04234127,13193.0,1807.368502355758,4.2735042735042725,224,234,10,0,224,234,13143,0,0,0,0,0
2020-09-30,US,Georgia,Madison,704,8,0,34.12920917,-83.21218732,13195.0,2356.091030789826,1.1363636363636365,696,694,8,0,686,693,29650,10,0,0,10,1
2020-09-30,US,Georgia,Marion,192,8,0,32.3483402,-84.52733571,13197.0,2296.9254695537743,4.166666666666667,184,191,8,0,183,190,8351,1,0,0,1,1
2020-09-30,US,Georgia,McDuffie,605,14,0,33.47851918,-82.48252774,13189.0,2838.7762762762763,2.31404958677686,591,605,14,0,591,604,21531,0,0,0,0,1
2020-09-30,US,Georgia,McIntosh,293,7,0,31.49683595,-81.40163426,13191.0,2037.8355821393795,2.389078498293516,286,291,7,0,284,291,14340,2,0,0,2,0
2020-09-30,US,Georgia,Meriwether,546,13,0,33.04163534,-84.68859732,13199.0,2579.486937213587,2.380952380952381,533,545,13,0,532,544,21068,1,0,0,1,1
2020-09-30,US,Georgia,Miller,266,1,0,31.16568912,-84.73151117,13201.0,4651.976215459951,0.3759398496240601,265,261,1,0,260,261,5686,5,0,0,5,0
2020-09-30,US,Georgia,Mitchell,811,45,0,31.22483255,-84.19381821,13205.0,3709.4634771074416,5.548705302096177,766,813,45,0,768,808,22192,-2,0,0,-2,5
2020-09-30,US,Georgia,Monroe,699,52,0,33.014289,-83.92097166,13207.0,2534.6290521430124,7.439198855507867,647,693,51,0,642,690,27520,6,1,0,5,3
2020-09-30,US,Georgia,Montgomery,311,5,0,32.17201038,-82.53527476,13209.0,3390.754470126473,1.6077170418006432,306,310,5,0,305,306,9193,1,0,0,1,4
2020-09-30,US,Georgia,Morgan,485,3,0,33.59232073,-83.49129491,13211.0,2516.0821747250466,0.6185567010309279,482,485,3,0,482,481,18853,0,0,0,0,4
2020-09-30,US,Georgia,Murray,840,6,0,34.78897608,-84.74993177,13213.0,2094.972067039106,0.7142857142857143,834,837,6,0,831,833,39921,3,0,0,3,4
2020-09-30,US,Georgia,Muscogee,6048,170,0,32.50931999,-84.87142262,13215.0,3089.355311617264,2.8108465608465614,5878,6034,170,0,5864,6019,194160,14,0,0,14,15
2020-09-30,US,Georgia,Newton,2610,90,0,33.55514538,-83.84547140000002,13217.0,2335.6958762886597,3.4482758620689653,2520,2602,90,0,2512,2588,109541,8,0,0,8,14
2020-09-30,US,Georgia,Oconee,761,26,0,33.83749973,-83.43679568,13219.0,1889.2750744786488,3.416557161629435,735,750,26,0,724,745,39272,11,0,0,11,5
2020-09-30,US,Georgia,Oglethorpe,335,11,0,33.878629600000004,-83.08278123,13221.0,2195.425650435808,3.2835820895522385,324,330,11,0,319,330,15054,5,0,0,5,0
2020-09-30,US,Georgia,Out of GA,16541,160,0,0.0,0.0,80013.0,0.0,0.9672933921770148,16381,16287,158,0,16129,16318,,254,2,0,252,-31
2020-09-30,US,Georgia,Paulding,2806,54,0,33.91969522,-84.86848792,13223.0,1663.6330758239608,1.924447612259444,2752,2789,54,0,2735,2780,164044,17,0,0,17,9
2020-09-30,US,Georgia,Peach,670,24,0,32.56934316,-83.82937,13225.0,2432.2950700646193,3.582089552238806,646,672,24,0,648,672,27297,-2,0,0,-2,0
2020-09-30,US,Georgia,Pickens,619,10,0,34.46589159,-84.46406611,13227.0,1899.2973520297007,1.615508885298869,609,619,10,0,609,618,31980,0,0,0,0,1
2020-09-30,US,Georgia,Pierce,612,20,0,31.35928155,-82.21598442,13229.0,3144.1048034934497,3.2679738562091503,592,611,20,0,591,607,19389,1,0,0,1,4
2020-09-30,US,Georgia,Pike,333,10,0,33.09310242,-84.38790389,13231.0,1756.1438666807294,3.003003003003003,323,329,10,0,319,329,18634,4,0,0,4,0
2020-09-30,US,Georgia,Polk,1490,18,0,34.00267074,-85.18677781,13233.0,3496.5855490108647,1.2080536912751678,1472,1484,17,0,1467,1481,42470,6,1,0,5,3
2020-09-30,US,Georgia,Pulaski,313,22,0,32.23334561,-83.47549959999998,13235.0,2810.4516476609497,7.028753993610224,291,313,22,0,291,312,11069,0,0,0,0,1
2020-09-30,US,Georgia,Putnam,695,25,0,33.32056115,-83.37552891,13237.0,3142.0950314209504,3.5971223021582728,670,692,25,0,667,688,21809,3,0,0,3,4
2020-09-30,US,Georgia,Quitman,33,1,0,31.86728114,-85.01773177,13239.0,1435.4066985645934,3.0303030303030303,32,32,1,0,31,32,2279,1,0,0,1,0
2020-09-30,US,Georgia,Rabun,344,10,0,34.88389445,-83.40304637,13241.0,2007.3525121083042,2.9069767441860463,334,341,9,0,332,340,16867,3,1,0,2,1
2020-09-30,US,Georgia,Randolph,331,29,0,31.76622818,-84.75732369,13243.0,4883.446444378873,8.761329305135952,302,331,29,0,302,331,6833,0,0,0,0,0
2020-09-30,US,Georgia,Richmond,7147,162,0,33.35777107,-82.07026432,13245.0,3529.069021025292,2.2666853225129424,6985,7136,162,0,6974,7123,201554,11,0,0,11,13
2020-09-30,US,Georgia,Rockdale,1865,37,0,33.65145002,-84.02202167,13247.0,2051.7954585460307,1.9839142091152813,1828,1858,36,0,1822,1856,90594,7,1,0,6,2
2020-09-30,US,Georgia,Schley,105,2,0,32.2654021,-84.31258912,13249.0,1997.3368841544607,1.9047619047619049,103,105,2,0,103,105,5236,0,0,0,0,0
2020-09-30,US,Georgia,Screven,417,10,0,32.74976524,-81.60779441,13251.0,2985.822712301303,2.3980815347721824,407,416,10,0,406,414,13938,1,0,0,1,2
2020-09-30,US,Georgia,Seminole,361,9,0,30.93464824,-84.86823924,13253.0,4462.29913473424,2.4930747922437675,352,356,9,0,347,356,8315,5,0,0,5,0
2020-09-30,US,Georgia,Spalding,1341,61,0,33.26310031,-84.28013991,13255.0,2010.404329640346,4.548844146159582,1280,1335,61,0,1274,1336,66100,6,0,0,6,-1
2020-09-30,US,Georgia,Stephens,1083,38,0,34.55151201,-83.29405315,13257.0,4177.434908389585,3.5087719298245608,1045,1064,38,0,1026,1055,26035,19,0,0,19,9
2020-09-30,US,Georgia,Stewart,523,14,0,32.07996777,-84.83208037,13259.0,7899.10889593717,2.676864244741874,509,522,14,0,508,522,6199,1,0,0,1,0
2020-09-30,US,Georgia,Sumter,934,62,0,32.03650571,-84.19821492,13261.0,3163.5279772388567,6.638115631691649,872,933,62,0,871,933,29733,1,0,0,1,0
2020-09-30,US,Georgia,Talbot,166,6,0,32.69642758,-84.53351366,13263.0,2679.5803066989506,3.614457831325301,160,166,6,0,160,166,6272,0,0,0,0,0
2020-09-30,US,Georgia,Taliaferro,22,0,0,33.56543317,-82.88136816,13265.0,1431.3597918022122,0.0,22,22,0,0,22,22,1608,0,0,0,0,0
2020-09-30,US,Georgia,Tattnall,840,11,0,32.04785085,-82.05539188,13267.0,3321.996361623032,1.3095238095238095,829,836,11,0,825,834,25391,4,0,0,4,2
2020-09-30,US,Georgia,Taylor,213,11,0,32.55792548,-84.25077141,13269.0,2655.860349127182,5.164319248826291,202,213,11,0,202,212,8039,0,0,0,0,1
2020-09-30,US,Georgia,Telfair,391,19,0,31.92829517,-82.93491155,13271.0,2465.3215636822188,4.859335038363171,372,390,19,0,371,386,15876,1,0,0,1,4
2020-09-30,US,Georgia,Terrell,329,32,0,31.77527543,-84.44069698,13273.0,3856.523268081116,9.726443768996962,297,329,32,0,297,329,8611,0,0,0,0,0
2020-09-30,US,Georgia,Thomas,1497,64,0,30.86392347,-83.91847289,13275.0,3367.7532563946816,4.275217100868404,1433,1495,63,0,1432,1494,44448,2,1,0,1,1
2020-09-30,US,Georgia,Tift,1803,57,0,31.45743864,-83.5236119,13277.0,4436.079126070269,3.1613976705490847,1746,1787,57,0,1730,1775,40571,16,0,0,16,12
2020-09-30,US,Georgia,Toombs,1331,49,0,32.12059861,-82.32957247,13279.0,4960.864703689899,3.681442524417731,1282,1330,49,0,1281,1330,26887,1,0,0,1,0
2020-09-30,US,Georgia,Towns,341,9,0,34.91369188,-83.74107459999998,13281.0,2832.9317936362877,2.6392961876832843,332,334,9,0,325,331,11852,7,0,0,7,3
2020-09-30,US,Georgia,Treutlen,261,10,0,32.40422134,-82.56904553,13283.0,3782.060570931749,3.8314176245210727,251,258,9,0,249,258,6809,3,1,0,2,0
2020-09-30,US,Georgia,Troup,2822,100,0,33.03349196,-85.02812115,13285.0,4035.9257458310685,3.5435861091424523,2722,2808,100,0,2708,2805,70034,14,0,0,14,3
2020-09-30,US,Georgia,Turner,306,24,0,31.71612656,-83.62069378,13287.0,3832.185347526613,7.84313725490196,282,305,23,0,282,304,7912,1,1,0,0,1
2020-09-30,US,Georgia,Twiggs,197,7,0,32.67435595,-83.43078662,13289.0,2426.1083743842364,3.5532994923857872,190,195,7,0,188,194,8188,2,0,0,2,1
2020-09-30,US,Georgia,Unassigned,2206,7,0,0.0,0.0,90013.0,0.0,0.3173164097914778,2199,2231,6,0,2225,2223,,-25,1,0,-26,8
2020-09-30,US,Georgia,Union,777,20,0,34.82995757,-83.98967069,13291.0,3170.0053037411767,2.574002574002574,757,771,20,0,751,756,24001,6,0,0,6,15
2020-09-30,US,Georgia,Upson,799,62,0,32.87920671,-84.30024826,13293.0,3035.714285714286,7.759699624530662,737,796,62,0,734,791,26215,3,0,0,3,5
2020-09-30,US,Georgia,Walker,1569,36,0,34.73376362,-85.30165174,13295.0,2249.107667607976,2.294455066921606,1533,1552,36,0,1516,1535,69410,17,0,0,17,17
2020-09-30,US,Georgia,Walton,1836,55,0,33.78017694,-83.73552314,13297.0,1940.9470045352193,2.995642701525054,1781,1826,55,0,1771,1821,93503,10,0,0,10,5
2020-09-30,US,Georgia,Ware,1509,60,0,31.05449097,-82.42224148,13299.0,4222.868976325069,3.9761431411530817,1449,1501,59,0,1442,1497,35680,8,1,0,7,4
2020-09-30,US,Georgia,Warren,152,5,0,33.41146451,-82.67795848,13301.0,2893.033878949372,3.2894736842105265,147,152,5,0,147,151,5251,0,0,0,0,1
2020-09-30,US,Georgia,Washington,676,8,0,32.96711864,-82.79357039,13303.0,3317.954255423579,1.183431952662722,668,675,8,0,667,672,20386,1,0,0,1,3
2020-09-30,US,Georgia,Wayne,1140,30,0,31.5521809,-81.91894878,13305.0,3809.269221772981,2.631578947368421,1110,1139,30,0,1109,1130,29808,1,0,0,1,9
2020-09-30,US,Georgia,Webster,43,2,0,32.04066113,-84.54742852,13307.0,1649.4054468738013,4.651162790697675,41,44,2,0,42,44,2611,-1,0,0,-1,0
2020-09-30,US,Georgia,Wheeler,336,11,0,32.12009104,-82.72574721,13309.0,4277.530235518778,3.273809523809524,325,336,11,0,325,334,7879,0,0,0,0,2
2020-09-30,US,Georgia,White,848,19,0,34.64624278,-83.74905525,13311.0,2753.4255471134493,2.240566037735849,829,837,19,0,818,833,29970,11,0,0,11,4
2020-09-30,US,Georgia,Whitfield,4625,60,0,34.80987459,-84.96093476,13313.0,4420.4228313644535,1.2972972972972974,4565,4585,60,0,4525,4582,104062,40,0,0,40,3
2020-09-30,US,Georgia,Wilcox,247,20,0,31.97496928,-83.43438555,13315.0,2860.4516502605675,8.097165991902834,227,248,20,0,228,248,8812,-1,0,0,-1,0
2020-09-30,US,Georgia,Wilkes,268,5,0,33.78290391,-82.74286107,13317.0,2741.127135113021,1.8656716417910448,263,268,5,0,263,266,9876,0,0,0,0,2
2020-09-30,US,Georgia,Wilkinson,341,18,0,32.80291082,-83.17140684,13319.0,3808.353808353808,5.278592375366569,323,338,18,0,320,337,9036,3,0,0,3,1
2020-09-30,US,Georgia,Worth,535,30,0,31.55162306,-83.85090513,13321.0,2642.3667703857363,5.607476635514018,505,535,30,0,505,532,20299,0,0,0,0,3
2020-09-30,US,Hawaii,Hawaii,730,15,0,19.60121157,-155.5210167,15001.0,362.2595068308248,2.054794520547945,715,703,15,0,688,700,200983,27,0,0,27,3
2020-09-30,US,Hawaii,Honolulu,11197,111,0,21.45803166,-157.97121819999995,15003.0,1148.9252105815633,0.9913369652585514,11086,11106,109,0,10997,11026,980080,91,2,0,89,80
2020-09-30,US,Hawaii,Kauai,59,0,0,22.03935037,-159.5966786,15007.0,81.61232761124867,0.0,59,59,0,0,59,59,72133,0,0,0,0,0
2020-09-30,US,Hawaii,Maui,391,9,0,20.86399628,-156.56890969999995,15009.0,233.54856436323672,2.301790281329924,382,390,9,0,381,388,167207,1,0,0,1,2
2020-09-30,US,Hawaii,Out of HI,33,1,0,0.0,0.0,80015.0,0.0,3.0303030303030303,32,32,1,0,31,30,,1,0,0,1,2
2020-09-30,US,Idaho,Ada,13116,148,0,43.4526575,-116.24155159999998,16001.0,2723.49544319095,1.128392802683745,12968,13009,147,0,12862,12945,469966,107,1,0,106,64
2020-09-30,US,Idaho,Adams,29,2,0,44.89333571,-116.4545247,16003.0,675.3609687936656,6.896551724137932,27,28,2,0,26,28,4250,1,0,0,1,0
2020-09-30,US,Idaho,Bannock,1085,5,0,42.67002716,-112.2233311,16005.0,1235.6505102040817,0.4608294930875576,1080,1069,5,0,1064,1027,87138,16,0,0,16,42
2020-09-30,US,Idaho,Bear Lake,46,1,0,42.28269683,-111.32892379999998,16007.0,751.0204081632652,2.1739130434782608,45,46,1,0,45,44,6050,0,0,0,0,2
2020-09-30,US,Idaho,Benewah,151,3,0,47.21754179,-116.6586851,16009.0,1624.0051624005164,1.9867549668874167,148,149,3,0,146,142,9226,2,0,0,2,7
2020-09-30,US,Idaho,Bingham,960,10,0,43.21672879999999,-112.3978437,16011.0,2050.800025635,1.0416666666666667,950,937,10,0,927,916,46236,23,0,0,23,21
2020-09-30,US,Idaho,Blaine,683,6,0,43.4085812,-113.9752658,16013.0,2966.856348551323,0.8784773060029283,677,681,6,0,675,674,22601,2,0,0,2,7
2020-09-30,US,Idaho,Boise,70,2,0,43.98829931,-115.7309284,16015.0,893.8832843825819,2.8571428571428568,68,70,2,0,68,70,7634,0,0,0,0,0
2020-09-30,US,Idaho,Bonner,340,0,0,48.29996017,-116.6017932,16017.0,743.3481274186144,0.0,340,332,0,0,332,327,44727,8,0,0,8,5
2020-09-30,US,Idaho,Bonneville,2841,17,0,43.38713372,-111.6161537,16019.0,2386.151752868253,0.598380851812742,2824,2772,16,0,2756,2737,116854,69,1,0,68,35
2020-09-30,US,Idaho,Boundary,58,1,0,48.76684761,-116.4630179,16021.0,473.6627194773377,1.7241379310344829,57,57,1,0,56,57,11948,1,0,0,1,0
2020-09-30,US,Idaho,Butte,33,0,0,43.72592209,-113.1735463,16023.0,1270.6969580284945,0.0,33,31,0,0,31,30,2611,2,0,0,2,1
2020-09-30,US,Idaho,Camas,36,0,0,43.46665742,-114.8065892,16025.0,3254.97287522604,0.0,36,36,0,0,36,33,1127,0,0,0,0,3
2020-09-30,US,Idaho,Canyon,8296,102,0,43.61970148,-116.70954990000001,16027.0,3609.3261228023616,1.2295081967213115,8194,8242,101,0,8141,8201,223499,54,1,0,53,41
2020-09-30,US,Idaho,Caribou,125,0,0,42.77149116,-111.5597683,16029.0,1747.0300489168415,0.0,125,119,0,0,119,116,7060,6,0,0,6,3
2020-09-30,US,Idaho,Cassia,757,6,0,42.28347888,-113.6012409,16031.0,3150.2288805659587,0.7926023778071334,751,749,6,0,743,729,23864,8,0,0,8,20
2020-09-30,US,Idaho,Clark,35,0,0,44.28496071,-112.35057040000001,16033.0,4142.011834319525,0.0,35,34,0,0,34,33,852,1,0,0,1,1
2020-09-30,US,Idaho,Clearwater,52,0,0,46.67459924,-115.6622393,16035.0,593.8784833257196,0.0,52,48,0,0,48,47,8758,4,0,0,4,1
2020-09-30,US,Idaho,Custer,71,1,0,44.24186819,-114.2855494,16037.0,1645.422943221321,1.4084507042253518,70,66,1,0,65,66,4280,5,0,0,5,0
2020-09-30,US,Idaho,Elmore,361,3,0,43.3507101,-115.4701578,16039.0,1312.2023917705646,0.8310249307479224,358,354,3,0,351,346,27259,7,0,0,7,8
2020-09-30,US,Idaho,Franklin,129,0,0,42.18332217,-111.81496659999999,16041.0,929.662727010666,0.0,129,126,0,0,126,123,13726,3,0,0,3,3
2020-09-30,US,Idaho,Fremont,218,3,0,44.22800938,-111.48099429999999,16043.0,1664.2491793266659,1.3761467889908257,215,206,3,0,203,202,13168,12,0,0,12,4
2020-09-30,US,Idaho,Gem,340,3,0,44.06482372,-116.398376,16045.0,1877.208480565371,0.8823529411764706,337,336,3,0,333,331,17634,4,0,0,4,5
2020-09-30,US,Idaho,Gooding,304,1,0,42.96927962,-114.81083059999999,16047.0,2002.766980697016,0.32894736842105265,303,297,1,0,296,287,15196,7,0,0,7,10
2020-09-30,US,Idaho,Idaho,210,0,0,45.84721541,-115.4634436,16049.0,1259.97480050399,0.0,210,205,0,0,205,203,16513,5,0,0,5,2
2020-09-30,US,Idaho,Jefferson,607,2,0,43.82078483,-112.3131749,16051.0,2032.071239663888,0.32948929159802304,605,590,2,0,588,581,29439,17,0,0,17,9
2020-09-30,US,Idaho,Jerome,783,7,0,42.68891267,-114.2655033,16053.0,3207.438964443716,0.8939974457215837,776,773,7,0,766,764,24015,10,0,0,10,9
2020-09-30,US,Idaho,Kootenai,2743,34,0,47.67282258,-116.7020872,16055.0,1655.4312992993234,1.2395187750637988,2709,2712,34,0,2678,2689,161505,31,0,0,31,23
2020-09-30,US,Idaho,Latah,538,0,0,46.81587887,-116.71136979999999,16057.0,1341.3782786476513,0.0,538,486,0,0,486,477,40134,52,0,0,52,9
2020-09-30,US,Idaho,Lemhi,107,0,0,44.9438088,-113.9309747,16059.0,1333.0011212158965,0.0,107,104,0,0,104,99,7961,3,0,0,3,5
2020-09-30,US,Idaho,Lewis,35,0,0,46.23315327,-116.434146,16061.0,911.9332985930173,0.0,35,35,0,0,35,22,3861,0,0,0,0,13
2020-09-30,US,Idaho,Lincoln,94,0,0,43.0012336,-114.1358773,16063.0,1751.7704062616476,0.0,94,92,0,0,92,92,5360,2,0,0,2,0
2020-09-30,US,Idaho,Madison,847,2,0,43.78141028,-111.65384740000002,16065.0,2122.4346605858623,0.2361275088547816,845,813,1,0,812,768,39304,34,1,0,33,45
2020-09-30,US,Idaho,Minidoka,725,8,0,42.85518524,-113.6357257,16067.0,3445.981272874186,1.1034482758620692,717,717,8,0,709,695,20825,8,0,0,8,22
2020-09-30,US,Idaho,Nez Perce,461,24,0,46.32638236,-116.75009750000001,16069.0,1140.86319540685,5.206073752711497,437,456,24,0,432,442,40408,5,0,0,5,14
2020-09-30,US,Idaho,Oneida,26,0,0,42.19494279999999,-112.5407838,16071.0,573.8247627455307,0.0,26,26,0,0,26,26,4488,0,0,0,0,0
2020-09-30,US,Idaho,Owyhee,333,5,0,42.58016894,-116.16938710000001,16073.0,2816.5440243593,1.5015015015015014,328,331,5,0,326,329,11693,2,0,0,2,2
2020-09-30,US,Idaho,Payette,910,9,0,44.00545243,-116.7647695,16075.0,3799.423823639933,0.989010989010989,901,895,9,0,886,879,23551,15,0,0,15,16
2020-09-30,US,Idaho,Power,250,1,0,42.69254894,-112.83957420000002,16077.0,3254.7845332638976,0.4,249,240,1,0,239,237,7768,10,0,0,10,3
2020-09-30,US,Idaho,Shoshone,216,18,0,47.35364087,-115.89167490000001,16079.0,1676.7582673497907,8.333333333333334,198,215,18,0,197,215,12796,1,0,0,1,0
2020-09-30,US,Idaho,Teton,185,0,0,43.75303583,-111.2056773,16081.0,1523.6369626091255,0.0,185,176,0,0,176,170,11640,9,0,0,9,6
2020-09-30,US,Idaho,Twin Falls,2376,38,0,42.35440512,-114.6685381,16083.0,2734.8695872372755,1.5993265993265993,2338,2315,37,0,2278,2270,86081,61,1,0,60,45
2020-09-30,US,Idaho,Unassigned,1,0,0,0.0,0.0,90016.0,0.0,0.0,1,1,0,0,1,,,0,0,0,0,
2020-09-30,US,Idaho,Valley,97,1,0,44.76728382,-115.5676773,16085.0,851.4747191011238,1.0309278350515465,96,93,1,0,92,93,11041,4,0,0,4,0
2020-09-30,US,Idaho,Washington,368,6,0,44.45275475,-116.78476880000001,16087.0,3609.9666470472825,1.6304347826086956,362,365,6,0,359,361,10161,3,0,0,3,4
2020-09-30,US,Illinois,Adams,1199,10,0,39.98815591,-91.18786813,17001.0,1832.352716436158,0.8340283569641368,1189,1183,10,0,1173,1149,65691,16,0,0,16,34
2020-09-30,US,Illinois,Alexander,85,1,0,37.18049267,-89.32910838,17003.0,1475.4382919632008,1.1764705882352942,84,84,1,0,83,83,6060,1,0,0,1,1
2020-09-30,US,Illinois,Bond,342,6,0,38.88829622,-89.43534887,17005.0,2082.065018872519,1.7543859649122806,336,334,6,0,328,330,16630,8,0,0,8,4
2020-09-30,US,Illinois,Boone,1153,23,0,42.32359279,-88.82345779,17007.0,2153.3691916928133,1.9947961838681698,1130,1136,23,0,1113,1128,53577,17,0,0,17,8
2020-09-30,US,Illinois,Brown,69,0,0,39.96209138,-90.75068024,17009.0,1048.951048951049,0.0,69,67,0,0,67,62,6556,2,0,0,2,5
2020-09-30,US,Illinois,Bureau,671,12,0,41.40385234,-89.5283051,17011.0,2056.51587593478,1.7883755588673622,659,659,11,0,648,652,32993,12,1,0,11,7
2020-09-30,US,Illinois,Calhoun,62,0,0,39.16840183,-90.66330078,17013.0,1308.2928887951045,0.0,62,61,0,0,61,60,4802,1,0,0,1,1
2020-09-30,US,Illinois,Carroll,238,6,0,42.06823429,-89.93395545,17015.0,1663.7539321915415,2.5210084033613445,232,233,5,0,228,235,14312,5,1,0,4,-2
2020-09-30,US,Illinois,Cass,404,11,0,39.96991073,-90.24734436,17017.0,3325.924096484729,2.722772277227723,393,398,11,0,387,398,12260,6,0,0,6,0
2020-09-30,US,Illinois,Champaign,4818,21,0,40.13919438,-88.20046615,17019.0,2297.688481513098,0.4358655043586551,4797,4789,20,0,4769,4733,209983,29,1,0,28,56
2020-09-30,US,Illinois,Christian,565,11,0,39.54581621,-89.27780482,17021.0,1749.0094105993066,1.9469026548672568,554,560,11,0,549,554,32661,5,0,0,5,6
2020-09-30,US,Illinois,Clark,183,3,0,39.33425789,-87.78705622,17023.0,1185.156401787449,1.639344262295082,180,176,3,0,173,174,15596,7,0,0,7,2
2020-09-30,US,Illinois,Clay,159,0,0,38.75388572,-88.48914513,17025.0,1206.007281553398,0.0,159,157,0,0,157,156,13253,2,0,0,2,1
2020-09-30,US,Illinois,Clinton,1222,21,0,38.60704876,-89.42385254,17027.0,3253.28789734306,1.718494271685761,1201,1203,21,0,1182,1190,37639,19,0,0,19,13
2020-09-30,US,Illinois,Coles,1508,31,0,39.51949084,-88.22358557,17029.0,2979.0008099405377,2.055702917771883,1477,1488,31,0,1457,1472,50885,20,0,0,20,16
2020-09-30,US,Illinois,Cook,145462,5225,0,41.84144849,-87.81658794,17031.0,2824.377071872282,3.5920034098252462,140237,144697,5221,0,139476,144315,5180493,765,4,0,761,382
2020-09-30,US,Illinois,Crawford,466,4,0,39.0032229,-87.75954624,17033.0,2496.38399314298,0.8583690987124464,462,459,4,0,455,458,18807,7,0,0,7,1
2020-09-30,US,Illinois,Cumberland,219,5,0,39.27432424,-88.2401158,17035.0,2034.1816830763519,2.2831050228310503,214,218,5,0,213,218,10808,1,0,0,1,0
2020-09-30,US,Illinois,De Witt,129,2,0,40.17514519,-88.90959682,17039.0,824.9136718250415,1.5503875968992251,127,127,2,0,125,125,15769,2,0,0,2,2
2020-09-30,US,Illinois,DeKalb,1622,39,0,41.89373302,-88.76958483,17037.0,1546.2787305642678,2.4044389642416766,1583,1604,38,0,1566,1590,104143,18,1,0,17,14
2020-09-30,US,Illinois,Douglas,318,7,0,39.76768052,-88.21854195,17041.0,1633.7015155407141,2.2012578616352205,311,316,7,0,309,314,19479,2,0,0,2,2
2020-09-30,US,Illinois,DuPage,17786,563,0,41.85116968,-88.08642662,17043.0,1927.1421931021184,3.165410997413696,17223,17690,562,0,17128,17589,928589,96,1,0,95,101
2020-09-30,US,Illinois,Edgar,116,8,0,39.6809186,-87.74759563,17045.0,675.9512848901578,6.896551724137932,108,112,8,0,104,113,17360,4,0,0,4,-1
2020-09-30,US,Illinois,Edwards,68,0,0,38.41353228,-88.05720863,17047.0,1063.3307271305707,0.0,68,66,0,0,66,64,6392,2,0,0,2,2
2020-09-30,US,Illinois,Effingham,883,3,0,39.05935711,-88.58969584,17049.0,2596.447894613032,0.3397508493771235,880,879,2,0,877,872,34208,4,1,0,3,7
2020-09-30,US,Illinois,Fayette,437,6,0,39.00072038,-89.02452658,17051.0,2048.1814773153355,1.3729977116704806,431,424,3,0,421,418,21416,13,3,0,10,6
2020-09-30,US,Illinois,Ford,108,5,0,40.59706922,-88.22350769,17053.0,833.2690378828794,4.62962962962963,103,107,5,0,102,105,13264,1,0,0,1,2
2020-09-30,US,Illinois,Franklin,552,3,0,37.99189086,-88.92567818,17055.0,1434.9216252047104,0.5434782608695652,549,548,3,0,545,541,38701,4,0,0,4,7
2020-09-30,US,Illinois,Fulton,190,0,0,40.47289135,-90.20862357,17057.0,553.2906231799651,0.0,190,188,0,0,188,178,34844,2,0,0,2,10
2020-09-30,US,Illinois,Gallatin,75,2,0,37.76430935,-88.22953869,17059.0,1553.4382767191385,2.6666666666666665,73,74,2,0,72,73,5058,1,0,0,1,1
2020-09-30,US,Illinois,Greene,235,13,0,39.35907414,-90.388865,17061.0,1812.0132623949412,5.531914893617022,222,230,11,0,219,229,13044,5,2,0,3,1
2020-09-30,US,Illinois,Grundy,687,6,0,41.28569601,-88.41905692,17063.0,1345.6340345516512,0.8733624454148472,681,677,5,0,672,670,50972,10,1,0,9,7
2020-09-30,US,Illinois,Hamilton,74,2,0,38.08163641,-88.53883373,17065.0,911.7792015771316,2.702702702702702,72,73,2,0,71,71,8163,1,0,0,1,2
2020-09-30,US,Illinois,Hancock,228,3,0,40.40423981,-91.16313899,17067.0,1287.5536480686694,1.3157894736842106,225,223,3,0,220,218,17844,5,0,0,5,5
2020-09-30,US,Illinois,Hardin,39,0,0,37.51810645,-88.26873022,17069.0,1020.6752159120648,0.0,39,39,0,0,39,40,3910,0,0,0,0,-1
2020-09-30,US,Illinois,Henderson,71,0,0,40.81908672,-90.92491462,17071.0,1068.311766476076,0.0,71,70,0,0,70,69,6709,1,0,0,1,1
2020-09-30,US,Illinois,Henry,679,5,0,41.3533994,-90.13296166,17073.0,1388.179011714677,0.7363770250368189,674,669,5,0,664,666,49090,10,0,0,10,3
2020-09-30,US,Illinois,Iroquois,368,19,0,40.74717633,-87.82466784,17075.0,1357.2324260529615,5.163043478260869,349,367,19,0,348,367,27604,1,0,0,1,0
2020-09-30,US,Illinois,Jackson,1276,25,0,37.78595185,-89.38232563,17077.0,2248.4581497797362,1.9592476489028208,1251,1267,24,0,1243,1262,57419,9,1,0,8,5
2020-09-30,US,Illinois,Jasper,212,10,0,39.01054275,-88.15437049,17079.0,2206.0353798126957,4.716981132075472,202,212,10,0,202,213,9611,0,0,0,0,-1
2020-09-30,US,Illinois,Jefferson,641,38,0,38.29980057,-88.9240025,17081.0,1700.9871563528284,5.928237129485179,603,624,38,0,586,620,37820,17,0,0,17,4
2020-09-30,US,Illinois,Jersey,398,17,0,39.08869046,-90.35393073,17083.0,1827.9520507050013,4.271356783919598,381,395,15,0,380,394,21847,3,2,0,1,1
2020-09-30,US,Illinois,Jo Daviess,275,2,0,42.36542373,-90.21094405,17085.0,1295.0317871438665,0.7272727272727273,273,269,2,0,267,266,21366,6,0,0,6,3
2020-09-30,US,Illinois,Johnson,163,0,0,37.45939802,-88.88165419,17087.0,1312.716437142627,0.0,163,162,0,0,162,156,12456,1,0,0,1,6
2020-09-30,US,Illinois,Kane,13285,326,0,41.93842729,-88.42861412,17089.0,2495.290221880793,2.453895370718856,12959,13182,326,0,12856,13159,534216,103,0,0,103,23
2020-09-30,US,Illinois,Kankakee,2776,77,0,41.13746989,-87.86205334,17091.0,2526.806357066137,2.7737752161383287,2699,2764,77,0,2687,2752,110024,12,0,0,12,12
2020-09-30,US,Illinois,Kendall,2054,25,0,41.59081014,-88.42869583,17093.0,1592.371501666796,1.2171372930866602,2029,2034,25,0,2009,2020,127915,20,0,0,20,14
2020-09-30,US,Illinois,Knox,704,3,0,40.93148779,-90.21330340000002,17095.0,1416.5274955230484,0.4261363636363637,701,680,3,0,677,672,50112,24,0,0,24,8
2020-09-30,US,Illinois,LaSalle,1758,57,0,41.34426129999999,-88.88633881,17099.0,1617.7566739364493,3.2423208191126283,1701,1742,57,0,1685,1725,109430,16,0,0,16,17
2020-09-30,US,Illinois,Lake,17151,488,0,42.3224907,-88.00367925,17097.0,2462.331397560783,2.8453151419742286,16663,16992,487,0,16505,16953,700832,159,1,0,158,39
2020-09-30,US,Illinois,Lawrence,263,3,0,38.71987914,-87.72884035,17101.0,1677.5098864651104,1.1406844106463878,260,259,2,0,257,259,15765,4,1,0,3,0
2020-09-30,US,Illinois,Lee,394,1,0,41.74583951,-89.29977132,17103.0,1155.560769591741,0.2538071065989848,393,391,1,0,390,383,34223,3,0,0,3,8
2020-09-30,US,Illinois,Livingston,408,6,0,40.89188292,-88.55784752,17105.0,1144.524236983842,1.4705882352941178,402,406,6,0,400,403,35761,2,0,0,2,3
2020-09-30,US,Illinois,Logan,469,1,0,40.12581572,-89.36638784,17107.0,1638.8287092039975,0.2132196162046908,468,466,1,0,465,468,28925,3,0,0,3,-2
2020-09-30,US,Illinois,Macon,1636,45,0,39.86064913,-88.96342505,17115.0,1572.9408031997232,2.750611246943765,1591,1598,44,0,1554,1560,104712,38,1,0,37,38
2020-09-30,US,Illinois,Macoupin,567,7,0,39.26119767,-89.92424028,17117.0,1262.0754129012153,1.2345679012345678,560,556,7,0,549,550,45313,11,0,0,11,6
2020-09-30,US,Illinois,Madison,5828,143,0,38.83042506,-89.90422563,17119.0,2216.256093943704,2.4536719286204534,5685,5802,141,0,5661,5760,264461,26,2,0,24,42
2020-09-30,US,Illinois,Marion,573,2,0,38.64963204,-88.91899208,17121.0,1540.1155758634588,0.34904013961605584,571,569,2,0,567,566,37620,4,0,0,4,3
2020-09-30,US,Illinois,Marshall,111,0,0,41.0327901,-89.34510444,17123.0,970.4493792621088,0.0,111,109,0,0,109,105,11534,2,0,0,2,4
2020-09-30,US,Illinois,Mason,161,1,0,40.23917274,-89.91824452,17125.0,1205.1800284452431,0.6211180124223602,160,154,1,0,153,153,13565,7,0,0,7,1
2020-09-30,US,Illinois,Massac,117,2,0,37.22078441,-88.71036614,17127.0,849.5498112111528,1.709401709401709,115,113,2,0,111,113,14080,4,0,0,4,0
2020-09-30,US,Illinois,McDonough,490,15,0,40.45674722,-90.67775541,17109.0,1650.8321541675089,3.0612244897959178,475,491,15,0,476,482,29955,-1,0,0,-1,9
2020-09-30,US,Illinois,McHenry,4653,118,0,42.32451172,-88.45248227,17111.0,1511.8236108313242,2.535998280679132,4535,4625,118,0,4507,4609,308570,28,0,0,28,16
2020-09-30,US,Illinois,McLean,3325,23,0,40.48996987,-88.84621113,17113.0,1938.5833474232873,0.6917293233082706,3302,3305,23,0,3282,3295,172828,20,0,0,20,10
2020-09-30,US,Illinois,Menard,128,1,0,40.02742725,-89.80246001,17129.0,1049.5244342407348,0.78125,127,127,1,0,126,125,12288,1,0,0,1,2
2020-09-30,US,Illinois,Mercer,141,5,0,41.20596782,-90.74290052,17131.0,913.3899073654206,3.5460992907801416,136,141,5,0,136,140,15601,0,0,0,0,1
2020-09-30,US,Illinois,Monroe,690,16,0,38.27594376,-90.17761038,17133.0,1992.0893841845425,2.318840579710145,674,686,16,0,670,680,34335,4,0,0,4,6
2020-09-30,US,Illinois,Montgomery,389,13,0,39.23198845,-89.47809254,17135.0,1369.0434292954178,3.341902313624679,376,382,13,0,369,376,28601,7,0,0,7,6
2020-09-30,US,Illinois,Morgan,674,23,0,39.71654544,-90.20255104,17137.0,2002.4956919603067,3.4124629080118694,651,672,23,0,649,662,33976,2,0,0,2,10
2020-09-30,US,Illinois,Moultrie,222,4,0,39.64187451,-88.62099969,17139.0,1530.928901455072,1.8018018018018016,218,219,4,0,215,218,14717,3,0,0,3,1
2020-09-30,US,Illinois,Ogle,748,6,0,42.04165196,-89.32184679,17141.0,1477.0057066129568,0.8021390374331551,742,732,6,0,726,728,50923,16,0,0,16,4
2020-09-30,US,Illinois,Out of IL,3,0,0,0.0,0.0,80017.0,0.0,0.0,3,2,0,0,2,2,,1,0,0,1,0
2020-09-30,US,Illinois,Peoria,3555,52,0,40.78702156,-89.76078901,17143.0,1984.0494700829893,1.4627285513361463,3503,3526,51,0,3475,3510,180621,29,1,0,28,16
2020-09-30,US,Illinois,Perry,358,15,0,38.08510853,-89.36856219,17145.0,1711.608338114362,4.189944134078212,343,354,15,0,339,353,21174,4,0,0,4,1
2020-09-30,US,Illinois,Piatt,143,0,0,40.01360584,-88.59319339,17147.0,874.9388154674498,0.0,143,141,0,0,141,139,16396,2,0,0,2,2
2020-09-30,US,Illinois,Pike,139,1,0,39.62265059,-90.8877017,17149.0,893.2587879956302,0.7194244604316546,138,139,1,0,138,134,15611,0,0,0,0,5
2020-09-30,US,Illinois,Pope,30,1,0,37.41391284,-88.56152109,17151.0,718.2188173330143,3.333333333333333,29,29,1,0,28,29,4212,1,0,0,1,0
2020-09-30,US,Illinois,Pulaski,183,1,0,37.22631423,-89.13085001,17153.0,3430.178069353327,0.5464480874316939,182,181,1,0,180,181,5463,2,0,0,2,0
2020-09-30,US,Illinois,Putnam,63,0,0,41.2013541,-89.2869272,17155.0,1097.7522216414009,0.0,63,59,0,0,59,57,5740,4,0,0,4,2
2020-09-30,US,Illinois,Randolph,958,11,0,38.05095369,-89.82512254,17157.0,3014.28481530426,1.1482254697286012,947,945,11,0,934,941,32106,13,0,0,13,4
2020-09-30,US,Illinois,Richland,220,6,0,38.71240969,-88.08475366,17159.0,1418.1654096564173,2.727272727272727,214,217,6,0,211,213,15763,3,0,0,3,4
2020-09-30,US,Illinois,Rock Island,3071,77,0,41.46613806,-90.57042164,17161.0,2164.5204716695207,2.507326603712146,2994,3037,77,0,2960,3026,143477,34,0,0,34,11
2020-09-30,US,Illinois,Saline,362,4,0,37.75332999,-88.54119706,17165.0,1541.0157081435445,1.1049723756906078,358,350,4,0,346,346,23906,12,0,0,12,4
2020-09-30,US,Illinois,Sangamon,2479,45,0,39.75836914,-89.65872023,17167.0,1273.4240157803895,1.8152480839048004,2434,2450,45,0,2405,2432,195348,29,0,0,29,18
2020-09-30,US,Illinois,Schuyler,50,0,0,40.157179799999994,-90.61114163,17169.0,738.7706855791963,0.0,50,50,0,0,50,50,6907,0,0,0,0,0
2020-09-30,US,Illinois,Scott,80,0,0,39.642916899999996,-90.47814431,17171.0,1615.8351848111492,0.0,80,79,0,0,79,79,4926,1,0,0,1,0
2020-09-30,US,Illinois,Shelby,408,4,0,39.39133527,-88.80611122,17173.0,1885.920310622169,0.9803921568627452,404,402,4,0,398,394,21741,6,0,0,6,8
2020-09-30,US,Illinois,St. Clair,6747,192,0,38.46996033,-89.93063427,17163.0,2598.1377509761787,2.8457092040907073,6555,6729,190,0,6539,6665,261059,18,2,0,16,64
2020-09-30,US,Illinois,Stark,56,2,0,41.09309773,-89.79745866,17175.0,1048.2965181579932,3.571428571428572,54,55,2,0,53,55,5427,1,0,0,1,0
2020-09-30,US,Illinois,Stephenson,548,6,0,42.35129217,-89.662598,17177.0,1231.5160231920536,1.094890510948905,542,535,6,0,529,529,44753,13,0,0,13,6
2020-09-30,US,Illinois,Tazewell,1809,27,0,40.50716185,-89.51404662,17179.0,1372.502902058375,1.492537313432836,1782,1795,25,0,1770,1780,132328,14,2,0,12,15
2020-09-30,US,Illinois,Unassigned,2562,244,0,0.0,0.0,90017.0,0.0,9.523809523809524,2318,2542,244,0,2298,2532,,20,0,0,20,10
2020-09-30,US,Illinois,Union,524,24,0,37.47119609,-89.25548938,17181.0,3146.5801957605245,4.580152671755725,500,520,24,0,496,515,16841,4,0,0,4,5
2020-09-30,US,Illinois,Vermilion,830,4,0,40.18417171,-87.73384359,17183.0,1095.5938646743575,0.4819277108433735,826,817,4,0,813,791,76806,13,0,0,13,26
2020-09-30,US,Illinois,Wabash,162,3,0,38.44272901,-87.84922065,17185.0,1406.25,1.851851851851852,159,160,3,0,157,158,11549,2,0,0,2,2
2020-09-30,US,Illinois,Warren,334,2,0,40.84925021,-90.6147432,17187.0,1982.9019235336027,0.5988023952095808,332,333,2,0,331,333,17032,1,0,0,1,0
2020-09-30,US,Illinois,Washington,219,1,0,38.35309213,-89.40982703,17189.0,1577.0144739684595,0.45662100456620996,218,217,1,0,216,216,13995,2,0,0,2,1
2020-09-30,US,Illinois,Wayne,300,5,0,38.42955355,-88.42586459,17191.0,1850.1387604070305,1.6666666666666667,295,293,5,0,288,280,16332,7,0,0,7,13
2020-09-30,US,Illinois,White,176,0,0,38.08706198,-88.17657461,17193.0,1300.1403560611654,0.0,176,169,0,0,169,169,13665,7,0,0,7,0
2020-09-30,US,Illinois,Whiteside,784,21,0,41.75509713,-89.91556058,17195.0,1420.9333937471679,2.6785714285714284,763,765,21,0,744,753,55626,19,0,0,19,12
2020-09-30,US,Illinois,Will,14239,382,0,41.44619267,-87.97862712,17197.0,2061.4034452755945,2.682772666619847,13857,14133,379,0,13754,14045,692310,106,3,0,103,88
2020-09-30,US,Illinois,Williamson,1426,49,0,37.73033511,-88.92994027,17199.0,2141.2375932849827,3.436185133239832,1377,1416,47,0,1369,1406,67056,10,2,0,8,10
2020-09-30,US,Illinois,Winnebago,6300,151,0,42.33641854,-89.16085327,17201.0,2229.520263861954,2.3968253968253967,6149,6069,151,0,5918,6037,284081,231,0,0,231,32
2020-09-30,US,Illinois,Woodford,432,7,0,40.78579374,-89.20973757,17203.0,1123.2741360929822,1.6203703703703705,425,428,6,0,422,426,38463,4,1,0,3,2
2020-09-30,US,Indiana,Adams,283,3,0,40.7457653,-84.93671406,18001.0,791.0109847108478,1.060070671378092,280,277,3,0,274,276,35636,6,0,0,6,1
2020-09-30,US,Indiana,Allen,6411,206,0,41.09194313,-85.06800636,18003.0,1690.2232803144748,3.2132272656371863,6205,6364,205,0,6159,6330,375351,47,1,0,46,34
2020-09-30,US,Indiana,Bartholomew,1203,57,0,39.20744865,-85.89558181,18005.0,1435.9206961171653,4.7381546134663335,1146,1193,57,0,1136,1184,82753,10,0,0,10,9
2020-09-30,US,Indiana,Benton,87,0,0,40.60626947,-87.31093999,18007.0,994.5130315500688,0.0,87,86,0,0,86,87,8653,1,0,0,1,-1
2020-09-30,US,Indiana,Blackford,124,3,0,40.47388153,-85.32499702,18009.0,1054.6011226399048,2.419354838709677,121,122,3,0,119,121,11930,2,0,0,2,1
2020-09-30,US,Indiana,Boone,1003,46,0,40.0509304,-86.46841646,18011.0,1478.4133956340374,4.586241276171487,957,997,46,0,951,991,66999,6,0,0,6,6
2020-09-30,US,Indiana,Brown,102,3,0,39.19605589,-86.22868909,18013.0,675.8547574874108,2.9411764705882355,99,103,3,0,100,104,15234,-1,0,0,-1,-1
2020-09-30,US,Indiana,Carroll,283,13,0,40.580783200000006,-86.56198812,18015.0,1397.0479340474897,4.593639575971731,270,280,13,0,267,278,20127,3,0,0,3,2
2020-09-30,US,Indiana,Cass,1961,9,0,40.76135835,-86.34830753,18017.0,5203.1096606436895,0.4589495155532891,1952,1958,9,0,1949,1955,37955,3,0,0,3,3
2020-09-30,US,Indiana,Clark,2293,57,0,38.48015445,-85.70510334,18019.0,1938.259708204426,2.4858264282599216,2236,2267,57,0,2210,2259,117360,26,0,0,26,8
2020-09-30,US,Indiana,Clay,315,5,0,39.39561833,-87.11723506,18021.0,1201.1439466158247,1.5873015873015872,310,310,5,0,305,308,26170,5,0,0,5,2
2020-09-30,US,Indiana,Clinton,644,14,0,40.30319754,-86.47277257,18023.0,1987.715670236736,2.1739130434782608,630,634,14,0,620,623,32250,10,0,0,10,11
2020-09-30,US,Indiana,Crawford,111,0,0,38.28814402,-86.44518825,18025.0,1049.4469131133592,0.0,111,110,0,0,110,110,10558,1,0,0,1,0
2020-09-30,US,Indiana,Daviess,684,29,0,38.70186039,-87.07185406,18027.0,2050.9130161014664,4.239766081871345,655,681,29,0,652,680,33147,3,0,0,3,1
2020-09-30,US,Indiana,DeKalb,501,11,0,41.39804622,-84.99906934,18033.0,1152.3864289821734,2.1956087824351296,490,491,11,0,480,488,43226,10,0,0,10,3
2020-09-30,US,Indiana,Dearborn,679,28,0,39.14647946,-84.97333539,18029.0,1372.8820413279955,4.123711340206185,651,679,28,0,651,675,49568,0,0,0,0,4
2020-09-30,US,Indiana,Decatur,463,39,0,39.30712658,-85.50087166,18031.0,1743.2885274294965,8.423326133909287,424,461,39,0,422,459,26794,2,0,0,2,2
2020-09-30,US,Indiana,Delaware,2041,62,0,40.22787247,-85.39732772,18035.0,1788.233232575459,3.0377266046055853,1979,2011,62,0,1949,2001,114772,30,0,0,30,10
2020-09-30,US,Indiana,Dubois,1021,19,0,38.36597551,-86.87924170000002,18037.0,2389.086484462748,1.860920666013712,1002,1009,19,0,990,999,42565,12,0,0,12,10
2020-09-30,US,Indiana,Elkhart,6755,112,0,41.59761169,-85.85875695,18039.0,3273.7071158906856,1.6580310880829014,6643,6734,112,0,6622,6707,205560,21,0,0,21,27
2020-09-30,US,Indiana,Fayette,423,14,0,39.63684962,-85.17797541,18041.0,1831.010302138343,3.309692671394799,409,423,14,0,409,423,23047,0,0,0,0,0
2020-09-30,US,Indiana,Floyd,1420,64,0,38.32117957,-85.90385377,18043.0,1808.4103818038254,4.507042253521127,1356,1404,64,0,1340,1396,77781,16,0,0,16,8
2020-09-30,US,Indiana,Fountain,130,2,0,40.12361933,-87.24217689,18045.0,795.3016028386148,1.5384615384615383,128,130,2,0,128,129,16351,0,0,0,0,1
2020-09-30,US,Indiana,Franklin,315,25,0,39.4142482,-85.06062647,18047.0,1384.1286580543106,7.936507936507938,290,315,25,0,290,313,22736,0,0,0,0,2
2020-09-30,US,Indiana,Fulton,247,2,0,41.0469907,-86.26252745,18049.0,1236.6075898668269,0.8097165991902834,245,246,2,0,244,244,20092,1,0,0,1,2
2020-09-30,US,Indiana,Gibson,560,6,0,38.30393723,-87.58054938,18051.0,1663.745209305089,1.0714285714285714,554,545,5,0,540,535,33452,15,1,0,14,10
2020-09-30,US,Indiana,Grant,972,37,0,40.51587228,-85.65468702,18053.0,1477.8999224558686,3.8065843621399176,935,966,36,0,930,951,65936,6,1,0,5,15
2020-09-30,US,Indiana,Greene,432,36,0,39.03630547,-86.96223202,18055.0,1353.2986654971496,8.333333333333334,396,429,36,0,393,427,32006,3,0,0,3,2
2020-09-30,US,Indiana,Hamilton,4997,110,0,40.07306535,-86.05244729,18057.0,1478.3542547431894,2.2013207924754847,4887,4965,109,0,4856,4938,330086,32,1,0,31,27
2020-09-30,US,Indiana,Hancock,951,43,0,39.82304555,-85.77566351,18059.0,1216.6103776481425,4.52155625657203,908,948,43,0,905,946,76351,3,0,0,3,2
2020-09-30,US,Indiana,Harrison,601,24,0,38.19467379,-86.10948271,18061.0,1483.4012094286068,3.9933444259567383,577,598,24,0,574,592,40350,3,0,0,3,6
2020-09-30,US,Indiana,Hendricks,2789,125,0,39.76719009,-86.51037283,18063.0,1637.5924044835626,4.481893151667263,2664,2779,124,0,2655,2766,167009,10,1,0,9,13
2020-09-30,US,Indiana,Henry,830,27,0,39.93029017,-85.39625719,18065.0,1730.1759359626444,3.2530120481927716,803,822,26,0,796,812,48271,8,1,0,7,10
2020-09-30,US,Indiana,Howard,1341,64,0,40.48527731,-86.11351892,18067.0,1624.5880984686953,4.772557792692021,1277,1339,64,0,1275,1326,82366,2,0,0,2,13
2020-09-30,US,Indiana,Huntington,254,3,0,40.82907273,-85.48822092,18069.0,695.5093099671412,1.1811023622047243,251,250,3,0,247,247,36240,4,0,0,4,3
2020-09-30,US,Indiana,Jackson,779,10,0,38.90915820000001,-86.03851889,18071.0,1761.2082023919877,1.2836970474967908,769,776,10,0,766,773,44111,3,0,0,3,3
2020-09-30,US,Indiana,Jasper,403,2,0,41.02078733,-87.11553319,18073.0,1200.7627674155294,0.4962779156327544,401,403,2,0,401,401,33370,0,0,0,0,2
2020-09-30,US,Indiana,Jay,193,1,0,40.43781032,-85.00576229,18075.0,944.4118222744175,0.5181347150259067,192,192,0,0,192,192,20764,1,1,0,0,0
2020-09-30,US,Indiana,Jefferson,254,3,0,38.78576239,-85.43633383,18077.0,786.1829887334407,1.1811023622047243,251,252,3,0,249,250,32208,2,0,0,2,2
2020-09-30,US,Indiana,Jennings,318,12,0,38.99588883,-85.62710784,18079.0,1146.5657111952407,3.7735849056603774,306,317,12,0,305,316,27611,1,0,0,1,1
2020-09-30,US,Indiana,Johnson,2383,126,0,39.48994426,-86.10149107,18081.0,1506.6353917062345,5.287452790600084,2257,2362,125,0,2237,2352,156225,21,1,0,20,10
2020-09-30,US,Indiana,Knox,544,10,0,38.68861576,-87.4194665,18083.0,1486.5824998633655,1.8382352941176472,534,537,9,0,528,528,36895,7,1,0,6,9
2020-09-30,US,Indiana,Kosciusko,1301,17,0,41.24521668,-85.86312322,18085.0,1637.3842126459924,1.306687163720215,1284,1271,17,0,1254,1259,79344,30,0,0,30,12
2020-09-30,US,Indiana,LaGrange,651,11,0,41.64232188,-85.42674232,18087.0,1643.3584086434091,1.6897081413210446,640,647,11,0,636,640,39330,4,0,0,4,7
2020-09-30,US,Indiana,LaPorte,1532,41,0,41.54366008,-86.74072188,18091.0,1394.1467676179382,2.6762402088772848,1491,1519,41,0,1478,1491,110007,13,0,0,13,28
2020-09-30,US,Indiana,Lake,10772,325,0,41.41874274,-87.38277575,18089.0,2218.775553921477,3.0170813219457853,10447,10745,324,0,10421,10688,484411,27,1,0,26,57
2020-09-30,US,Indiana,Lawrence,530,29,0,38.84112637,-86.48361629,18093.0,1168.1728014106238,5.471698113207546,501,518,29,0,489,516,45668,12,0,0,12,2
2020-09-30,US,Indiana,Madison,1735,75,0,40.16143691,-85.71964711,18095.0,1339.0548665189974,4.322766570605188,1660,1714,75,0,1639,1703,129641,21,0,0,21,11
2020-09-30,US,Indiana,Marion,21671,768,0,39.78163624,-86.13826325,18097.0,2246.672651988115,3.543906603294725,20903,21563,768,0,20795,21502,954670,108,0,0,108,61
2020-09-30,US,Indiana,Marshall,1029,24,0,41.32467367,-86.26185087,18099.0,2224.4800899303905,2.332361516034985,1005,1021,24,0,997,1015,46248,8,0,0,8,6
2020-09-30,US,Indiana,Martin,169,0,0,38.7099921,-86.80373186,18101.0,1647.9765967820574,0.0,169,169,0,0,169,168,10217,0,0,0,0,1
2020-09-30,US,Indiana,Miami,439,4,0,40.76940965,-86.04525048,18103.0,1236.0626196643766,0.9111617312072892,435,439,4,0,435,439,35567,0,0,0,0,0
2020-09-30,US,Indiana,Monroe,2708,37,0,39.16130004,-86.52414358,18105.0,1824.4167323537533,1.3663220088626291,2671,2671,37,0,2634,2655,146917,37,0,0,37,16
2020-09-30,US,Indiana,Montgomery,512,22,0,40.04034823,-86.89335024,18107.0,1335.4895925713392,4.296875,490,513,21,0,492,511,38346,-1,1,0,-2,2
2020-09-30,US,Indiana,Morgan,739,40,0,39.47899078,-86.44573375,18109.0,1048.3905290187124,5.412719891745602,699,739,40,0,699,734,70116,0,0,0,0,5
2020-09-30,US,Indiana,Newton,175,11,0,40.95610449,-87.39635768,18111.0,1251.4302059496567,6.2857142857142865,164,174,11,0,163,174,14011,1,0,0,1,0
2020-09-30,US,Indiana,Noble,935,32,0,41.39672484,-85.41966713,18113.0,1958.3612600536194,3.4224598930481283,903,929,32,0,897,931,47532,6,0,0,6,-2
2020-09-30,US,Indiana,Ohio,79,7,0,38.955304999999996,-84.96515993,18115.0,1344.6808510638298,8.860759493670884,72,79,7,0,72,79,5844,0,0,0,0,0
2020-09-30,US,Indiana,Orange,289,24,0,38.54118920000001,-86.49523093,18117.0,1471.0373612949204,8.304498269896193,265,287,24,0,263,288,19489,2,0,0,2,-1
2020-09-30,US,Indiana,Owen,172,1,0,39.31145587,-86.83900724,18119.0,826.9628347516707,0.5813953488372093,171,171,1,0,170,171,20845,1,0,0,1,0
2020-09-30,US,Indiana,Parke,111,2,0,39.77202286,-87.20375833,18121.0,655.3699002184567,1.8018018018018016,109,107,2,0,105,107,16927,4,0,0,4,0
2020-09-30,US,Indiana,Perry,226,13,0,38.07809328,-86.63741946,18123.0,1178.9869059418854,5.7522123893805315,213,222,13,0,209,221,19102,4,0,0,4,1
2020-09-30,US,Indiana,Pike,177,1,0,38.40112197,-87.23574907,18125.0,1428.6867382355317,0.5649717514124294,176,169,1,0,168,164,12410,8,0,0,8,5
2020-09-30,US,Indiana,Porter,2233,47,0,41.45986947,-87.06848888,18127.0,1310.5306093703232,2.104791759964174,2186,2224,47,0,2177,2199,169594,9,0,0,9,25
2020-09-30,US,Indiana,Posey,371,2,0,38.02097333,-87.86480429,18129.0,1459.0789318441027,0.5390835579514824,369,354,1,0,353,346,25540,17,1,0,16,8
2020-09-30,US,Indiana,Pulaski,114,1,0,41.04166107,-86.69890683,18131.0,922.852748320246,0.8771929824561403,113,114,1,0,113,114,12469,0,0,0,0,0
2020-09-30,US,Indiana,Putnam,592,11,0,39.66437981,-86.84517605,18133.0,1575.4737066212476,1.858108108108108,581,590,11,0,579,584,37779,2,0,0,2,6
2020-09-30,US,Indiana,Randolph,230,8,0,40.15734772,-85.01139319,18135.0,932.4954388810055,3.4782608695652173,222,223,8,0,215,223,24851,7,0,0,7,0
2020-09-30,US,Indiana,Ripley,309,8,0,39.10235626,-85.26212744,18137.0,1090.9476062703006,2.588996763754045,301,310,8,0,302,307,28523,-1,0,0,-1,3
2020-09-30,US,Indiana,Rush,158,4,0,39.62002287,-85.4655599,18139.0,952.8978951812317,2.5316455696202533,154,158,4,0,154,157,16663,0,0,0,0,1
2020-09-30,US,Indiana,Scott,396,11,0,38.68672078,-85.74627859,18143.0,1658.7776986553852,2.7777777777777777,385,393,11,0,382,390,23878,3,0,0,3,3
2020-09-30,US,Indiana,Shelby,689,29,0,39.52305623,-85.79158570000001,18145.0,1540.3876679559125,4.208998548621191,660,683,29,0,654,680,44593,6,0,0,6,3
2020-09-30,US,Indiana,Spencer,269,3,0,38.01519732,-87.0079644,18147.0,1326.6262267593825,1.1152416356877324,266,268,3,0,265,263,20327,1,0,0,1,5
2020-09-30,US,Indiana,St. Joseph,6763,116,0,41.61756781,-86.29040834,18141.0,2487.988639791632,1.7152151412095225,6647,6679,115,0,6564,6619,270771,84,1,0,83,60
2020-09-30,US,Indiana,Starke,274,7,0,41.27890281,-86.64686895,18149.0,1191.5633833442052,2.554744525547445,267,273,7,0,266,271,22935,1,0,0,1,2
2020-09-30,US,Indiana,Steuben,399,7,0,41.64423868,-85.00101094,18151.0,1153.379198704978,1.7543859649122806,392,397,7,0,390,390,34586,2,0,0,2,7
2020-09-30,US,Indiana,Sullivan,339,12,0,39.08952258,-87.41414469,18153.0,1640.1374038415015,3.5398230088495577,327,338,12,0,326,338,20690,1,0,0,1,0
2020-09-30,US,Indiana,Switzerland,68,0,0,38.82767338,-85.03022429,18155.0,632.4993023904752,0.0,68,69,0,0,69,69,10717,-1,0,0,-1,0
2020-09-30,US,Indiana,Tippecanoe,2652,13,0,40.38872739,-86.89413959,18157.0,1354.9138618110478,0.4901960784313725,2639,2590,13,0,2577,2566,193048,62,0,0,62,24
2020-09-30,US,Indiana,Tipton,233,23,0,40.31123252,-86.05234925,18159.0,1538.1568523897547,9.871244635193133,210,229,22,0,207,228,15128,4,1,0,3,1
2020-09-30,US,Indiana,Unassigned,0,227,0,0.0,0.0,90018.0,0.0,0.0,-227,0,227,0,-227,0,,0,0,0,0,0
2020-09-30,US,Indiana,Union,79,0,0,39.62550777,-84.92497066,18161.0,1119.9319535015593,0.0,79,79,0,0,79,79,7037,0,0,0,0,0
2020-09-30,US,Indiana,Vanderburgh,3906,32,0,38.02658833,-87.58763124,18163.0,2152.647271164116,0.819252432155658,3874,3842,31,0,3811,3781,180974,64,1,0,63,61
2020-09-30,US,Indiana,Vermillion,133,0,0,39.8523352,-87.46160542,18165.0,858.1752484191509,0.0,133,132,0,0,132,131,15479,1,0,0,1,1
2020-09-30,US,Indiana,Vigo,1906,28,0,39.42944561,-87.39169027,18167.0,1780.6760215998056,1.4690451206715636,1878,1879,28,0,1851,1868,107386,27,0,0,27,11
2020-09-30,US,Indiana,Wabash,275,8,0,40.84704239,-85.79328272,18169.0,887.2112530649116,2.9090909090909087,267,275,8,0,267,272,31280,0,0,0,0,3
2020-09-30,US,Indiana,Warren,41,1,0,40.34728141,-87.35602659,18171.0,496.06775559588624,2.4390243902439024,40,41,1,0,40,41,8263,0,0,0,0,0
2020-09-30,US,Indiana,Warrick,1428,47,0,38.08922676,-87.2716085,18173.0,2266.738626623068,3.2913165266106432,1381,1407,43,0,1364,1382,62567,21,4,0,17,25
2020-09-30,US,Indiana,Washington,270,2,0,38.60219804,-86.1049363,18175.0,963.0475103438437,0.7407407407407407,268,270,2,0,268,270,27943,0,0,0,0,0
2020-09-30,US,Indiana,Wayne,781,15,0,39.863344399999995,-85.01044989,18177.0,1185.4167931515994,1.9206145966709347,766,773,14,0,759,770,65936,8,1,0,7,3
2020-09-30,US,Indiana,Wells,273,4,0,40.72934187,-85.22132966,18179.0,964.8006785411368,1.465201465201465,269,269,4,0,265,267,28206,4,0,0,4,2
2020-09-30,US,Indiana,White,491,14,0,40.74911165,-86.86492015,18181.0,2037.1753381462117,2.8513238289205702,477,488,14,0,474,487,24133,3,0,0,3,1
2020-09-30,US,Indiana,Whitley,295,6,0,41.13863784,-85.50791236,18183.0,868.5667177010953,2.0338983050847457,289,287,6,0,281,282,34074,8,0,0,8,5
2020-09-30,US,Iowa,Adair,76,1,0,41.33075609,-94.47105874,19001.0,1062.639821029083,1.3157894736842106,75,73,1,0,72,72,7063,3,0,0,3,1
2020-09-30,US,Iowa,Adams,38,0,0,41.02903567,-94.69932645,19003.0,1054.9694614103275,0.0,38,33,0,0,33,33,3645,5,0,0,5,0
2020-09-30,US,Iowa,Allamakee,265,6,0,43.28383218,-91.37860922,19005.0,1936.1437860743767,2.2641509433962264,259,265,6,0,259,266,13832,0,0,0,0,-1
2020-09-30,US,Iowa,Appanoose,144,3,0,40.74324454,-92.86865906,19007.0,1158.8604538870109,2.083333333333333,141,144,3,0,141,142,12437,0,0,0,0,2
2020-09-30,US,Iowa,Audubon,91,1,0,41.6844628,-94.90581859,19009.0,1655.749636098981,1.0989010989010992,90,89,1,0,88,87,5506,2,0,0,2,2
2020-09-30,US,Iowa,Benton,344,1,0,42.08011739,-92.06463573,19011.0,1341.3920842269451,0.2906976744186047,343,338,1,0,337,328,25642,6,0,0,6,10
2020-09-30,US,Iowa,Black Hawk,4559,92,0,42.4704581,-92.30524729,19013.0,3474.106135885634,2.0179864005264307,4467,4541,92,0,4449,4509,132408,18,0,0,18,32
2020-09-30,US,Iowa,Boone,532,8,0,42.03657094,-93.9313999,19015.0,2027.902721658916,1.5037593984962403,524,526,8,0,518,517,26346,6,0,0,6,9
2020-09-30,US,Iowa,Bremer,513,7,0,42.77461496,-92.31795937,19017.0,2046.9236293990905,1.364522417153996,506,506,7,0,499,502,24947,7,0,0,7,4
2020-09-30,US,Iowa,Buchanan,299,1,0,42.4709188,-91.83510825,19019.0,1412.0425029515939,0.33444816053511706,298,292,1,0,291,286,21199,7,0,0,7,6
2020-09-30,US,Iowa,Buena Vista,2026,12,0,42.73545875,-95.15100162,19021.0,10326.19775739042,0.5923000987166831,2014,2003,12,0,1991,1999,19874,23,0,0,23,4
2020-09-30,US,Iowa,Butler,280,2,0,42.73172833,-92.79015971,19023.0,1939.1924648521365,0.7142857142857143,278,279,2,0,277,275,14539,1,0,0,1,4
2020-09-30,US,Iowa,Calhoun,195,3,0,42.38521079,-94.64046046,19025.0,2016.9631774927593,1.5384615384615383,192,188,3,0,185,187,9699,7,0,0,7,1
2020-09-30,US,Iowa,Carroll,711,5,0,42.03617207,-94.86032705,19027.0,3525.9112323332506,0.7032348804500703,706,695,5,0,690,685,20154,16,0,0,16,10
2020-09-30,US,Iowa,Cass,181,2,0,41.33149454,-94.92792482,19029.0,1410.0966033032098,1.1049723756906078,179,176,2,0,174,169,12930,5,0,0,5,7
2020-09-30,US,Iowa,Cedar,256,1,0,41.77233777,-91.13246684,19031.0,1374.3490631878456,0.390625,255,253,1,0,252,252,18627,3,0,0,3,1
2020-09-30,US,Iowa,Cerro Gordo,1076,22,0,43.08177563,-93.2612239,19033.0,2534.7467608951706,2.044609665427509,1054,1064,21,0,1043,1059,42647,12,1,0,11,5
2020-09-30,US,Iowa,Cherokee,269,2,0,42.73538914,-95.62389402,19035.0,2394.303515798843,0.7434944237918215,267,257,2,0,255,255,11321,12,0,0,12,2
2020-09-30,US,Iowa,Chickasaw,274,1,0,43.06001295,-92.31773347,19037.0,2296.153523841448,0.36496350364963503,273,270,1,0,269,266,11964,4,0,0,4,4
2020-09-30,US,Iowa,Clarke,270,3,0,41.02868181,-93.78499767,19039.0,2873.869079297499,1.1111111111111112,267,269,3,0,266,268,9423,1,0,0,1,1
2020-09-30,US,Iowa,Clay,350,4,0,43.08247182,-95.15096481,19041.0,2185.3146853146854,1.1428571428571428,346,343,4,0,339,334,16134,7,0,0,7,9
2020-09-30,US,Iowa,Clayton,271,3,0,42.84443388,-91.34133693,19043.0,1544.2475354721066,1.1070110701107012,268,268,3,0,265,263,17556,3,0,0,3,5
2020-09-30,US,Iowa,Clinton,1152,22,0,41.89981633,-90.53275096,19045.0,2481.207865773547,1.9097222222222223,1130,1139,21,0,1118,1130,46518,13,1,0,12,9
2020-09-30,US,Iowa,Crawford,1117,6,0,42.03718237,-95.3819718,19047.0,6640.9036860879905,0.5371530886302597,1111,1108,6,0,1102,1100,17158,9,0,0,9,8
2020-09-30,US,Iowa,Dallas,2860,38,0,41.68560356,-94.04127625,19049.0,3060.3618931441474,1.3286713286713288,2822,2829,38,0,2791,2807,90180,31,0,0,31,22
2020-09-30,US,Iowa,Davis,130,4,0,40.74773536,-92.41005468,19051.0,1444.4444444444446,3.0769230769230766,126,128,4,0,124,127,9017,2,0,0,2,1
2020-09-30,US,Iowa,Decatur,67,0,0,40.73742757,-93.78645949,19053.0,851.3341804320203,0.0,67,67,0,0,67,67,7890,0,0,0,0,0
2020-09-30,US,Iowa,Delaware,466,3,0,42.47104597,-91.3664492,19055.0,2739.40391511375,0.6437768240343348,463,441,3,0,438,423,17069,25,0,0,25,18
2020-09-30,US,Iowa,Des Moines,824,9,0,40.92012606,-91.18326592,19057.0,2114.6097980342347,1.0922330097087378,815,806,8,0,798,800,39138,18,1,0,17,6
2020-09-30,US,Iowa,Dickinson,554,6,0,43.37787725,-95.1510206,19059.0,3210.1054583381624,1.083032490974729,548,542,6,0,536,530,17153,12,0,0,12,12
2020-09-30,US,Iowa,Dubuque,3474,43,0,42.46815349,-90.88181925,19061.0,3569.9972253907576,1.2377662636729994,3431,3402,42,0,3360,3332,96854,72,1,0,71,70
2020-09-30,US,Iowa,Emmet,279,10,0,43.37782951,-94.67858943,19063.0,3029.97393570808,3.584229390681004,269,275,10,0,265,270,9253,4,0,0,4,5
2020-09-30,US,Iowa,Fayette,240,2,0,42.86271799,-91.84412309999999,19065.0,1221.3740458015268,0.8333333333333334,238,238,2,0,236,231,19660,2,0,0,2,7
2020-09-30,US,Iowa,Floyd,357,5,0,43.06000529999999,-92.78940097,19067.0,2282.3168392788652,1.4005602240896358,352,357,3,0,354,354,15761,0,2,0,-2,3
2020-09-30,US,Iowa,Franklin,353,18,0,42.73270384,-93.26256925,19069.0,3505.461767626614,5.09915014164306,335,352,18,0,334,351,10124,1,0,0,1,1
2020-09-30,US,Iowa,Fremont,125,0,0,40.74542720000001,-95.60129045,19071.0,1795.9770114942526,0.0,125,122,0,0,122,121,6993,3,0,0,3,1
2020-09-30,US,Iowa,Greene,109,0,0,42.03614551,-94.39658081,19073.0,1226.3726372637266,0.0,109,105,0,0,105,103,8981,4,0,0,4,2
2020-09-30,US,Iowa,Grundy,229,4,0,42.40183723,-92.78829551,19075.0,1872.138652714192,1.7467248908296944,225,229,4,0,225,224,12304,0,0,0,0,5
2020-09-30,US,Iowa,Guthrie,271,10,0,41.68378965,-94.50111014,19077.0,2535.3166806997847,3.690036900369004,261,264,9,0,255,252,10720,7,1,0,6,12
2020-09-30,US,Iowa,Hamilton,337,3,0,42.38382428,-93.70197703,19079.0,2281.1886549786773,0.8902077151335311,334,334,3,0,331,332,14952,3,0,0,3,2
2020-09-30,US,Iowa,Hancock,203,2,0,43.08178477,-93.73454884,19081.0,1909.6895578551266,0.9852216748768472,201,199,2,0,197,195,10712,4,0,0,4,4
2020-09-30,US,Iowa,Hardin,311,1,0,42.38353877,-93.23654611,19083.0,1846.13558114686,0.3215434083601286,310,311,1,0,310,307,16868,0,0,0,0,4
2020-09-30,US,Iowa,Harrison,270,5,0,41.68330137,-95.81558439,19085.0,1921.844971172325,1.851851851851852,265,259,3,0,256,252,14134,11,2,0,9,7
2020-09-30,US,Iowa,Henry,777,4,0,40.98767962,-91.54436349,19087.0,3893.956099027764,0.5148005148005148,773,773,4,0,769,755,20067,4,0,0,4,18
2020-09-30,US,Iowa,Howard,193,7,0,43.35671042,-92.31702714,19089.0,2107.447040838611,3.6269430051813467,186,192,7,0,185,192,9187,1,0,0,1,0
2020-09-30,US,Iowa,Humboldt,196,3,0,42.7764426,-94.20722537,19091.0,2050.6382088302994,1.5306122448979589,193,194,3,0,191,191,9547,2,0,0,2,3
2020-09-30,US,Iowa,Ida,135,2,0,42.38696136,-95.51355387,19093.0,1967.930029154519,1.4814814814814814,133,128,1,0,127,126,6841,7,1,0,6,2
2020-09-30,US,Iowa,Iowa,229,1,0,41.68630265,-92.0643373,19095.0,1414.9777558082055,0.4366812227074236,228,222,1,0,221,216,16141,7,0,0,7,6
2020-09-30,US,Iowa,Jackson,368,3,0,42.17178824,-90.57354837,19097.0,1893.101496990586,0.8152173913043478,365,358,3,0,355,352,19432,10,0,0,10,6
2020-09-30,US,Iowa,Jasper,883,34,0,41.68576082,-93.05567785,19099.0,2374.6134193895386,3.8505096262740657,849,870,34,0,836,864,37147,13,0,0,13,6
2020-09-30,US,Iowa,Jefferson,141,1,0,41.03192394,-91.94849466,19101.0,770.7023776988248,0.7092198581560284,140,140,1,0,139,139,18381,1,0,0,1,1
2020-09-30,US,Iowa,Johnson,5203,27,0,41.67169354,-91.58754744,19103.0,3442.503639010189,0.5189313857389968,5176,5179,27,0,5152,5170,151260,24,0,0,24,9
2020-09-30,US,Iowa,Jones,295,3,0,42.12118609,-91.13139641,19105.0,1426.4300565736667,1.0169491525423728,292,289,3,0,286,284,20744,6,0,0,6,5
2020-09-30,US,Iowa,Keokuk,120,1,0,41.33649833,-92.1785067,19107.0,1171.1887565879367,0.8333333333333334,119,119,1,0,118,114,10225,1,0,0,1,5
2020-09-30,US,Iowa,Kossuth,290,0,0,43.20405458,-94.20691791,19109.0,1957.7398231283328,0.0,290,286,0,0,286,280,14908,4,0,0,4,6
2020-09-30,US,Iowa,Lee,666,7,0,40.64181461,-91.48183025,19111.0,1978.7859880559765,1.0510510510510511,659,652,7,0,645,643,34055,14,0,0,14,9
2020-09-30,US,Iowa,Linn,4199,115,0,42.07923082,-91.59809485,19113.0,1852.1785925383533,2.7387473207906643,4084,4163,114,0,4049,4101,225909,36,1,0,35,62
2020-09-30,US,Iowa,Louisa,439,15,0,41.21842119,-91.26102611,19115.0,3978.2510194834613,3.416856492027335,424,434,15,0,419,431,11169,5,0,0,5,3
2020-09-30,US,Iowa,Lucas,159,6,0,41.02958964,-93.32780803,19117.0,1848.8372093023252,3.7735849056603774,153,156,6,0,150,156,8645,3,0,0,3,0
2020-09-30,US,Iowa,Lyon,390,4,0,43.38107862,-96.20926845,19119.0,3317.7371331348363,1.0256410256410255,386,375,4,0,371,351,11811,15,0,0,15,24
2020-09-30,US,Iowa,Madison,245,2,0,41.33081904,-94.01554631,19121.0,1499.5715509854324,0.8163265306122449,243,234,2,0,232,227,16249,11,0,0,11,7
2020-09-30,US,Iowa,Mahaska,435,20,0,41.33521503,-92.64083907,19123.0,1968.7712152070605,4.597701149425287,415,427,20,0,407,415,22000,8,0,0,8,12
2020-09-30,US,Iowa,Marion,779,9,0,41.33445101,-93.09934783,19125.0,2342.645776320933,1.1553273427471116,770,772,8,0,764,769,33407,7,1,0,6,3
2020-09-30,US,Iowa,Marshall,1802,35,0,42.03586837,-92.99908190000001,19127.0,4577.205415428382,1.9422863485016648,1767,1794,34,0,1760,1791,39981,8,1,0,7,3
2020-09-30,US,Iowa,Mills,203,1,0,41.03299766,-95.61920963,19129.0,1343.5700575815738,0.4926108374384237,202,191,1,0,190,183,15063,12,0,0,12,8
2020-09-30,US,Iowa,Mitchell,195,0,0,43.35638371,-92.78887719,19131.0,1842.0555450595127,0.0,195,197,0,0,197,191,10569,-2,0,0,-2,6
2020-09-30,US,Iowa,Monona,167,1,0,42.05220391,-95.95743843,19133.0,1938.479396401625,0.5988023952095808,166,162,1,0,161,160,8679,5,0,0,5,2
2020-09-30,US,Iowa,Monroe,163,11,0,41.02988815,-92.8690667,19135.0,2114.9604255871286,6.7484662576687136,152,162,11,0,151,160,7790,1,0,0,1,2
2020-09-30,US,Iowa,Montgomery,100,5,0,41.03018714,-95.15642896,19137.0,1008.369466572552,5.0,95,99,5,0,94,97,10003,1,0,0,1,2
2020-09-30,US,Iowa,Muscatine,1138,56,0,41.48370744,-91.11216970000001,19139.0,2667.3542096381025,4.92091388400703,1082,1128,55,0,1073,1121,42929,10,1,0,9,7
2020-09-30,US,Iowa,O'Brien,413,9,0,43.08310673,-95.62474482,19141.0,3002.98116774522,2.179176755447942,404,407,9,0,398,397,13840,6,0,0,6,10
2020-09-30,US,Iowa,Osceola,181,0,0,43.37824276,-95.62422844,19143.0,3037.9321920107427,0.0,181,177,0,0,177,169,6040,4,0,0,4,8
2020-09-30,US,Iowa,Page,208,0,0,40.7393172,-95.1497813,19145.0,1376.8451711127288,0.0,208,191,0,0,191,171,15249,17,0,0,17,20
2020-09-30,US,Iowa,Palo Alto,214,0,0,43.08193849,-94.67824621,19147.0,2408.282691874859,0.0,214,208,0,0,208,205,8929,6,0,0,6,3
2020-09-30,US,Iowa,Plymouth,1191,21,0,42.737633,-96.21366621,19149.0,4730.508003336378,1.7632241813602014,1170,1182,21,0,1161,1161,25095,9,0,0,9,21
2020-09-30,US,Iowa,Pocahontas,168,2,0,42.73420133,-94.67862564,19151.0,2538.1477564586794,1.1904761904761905,166,166,2,0,164,165,6740,2,0,0,2,1
2020-09-30,US,Iowa,Polk,16204,264,0,41.68679484,-93.57767461,19153.0,3305.852566809681,1.6292273512712911,15940,16113,264,0,15849,16010,487204,91,0,0,91,103
2020-09-30,US,Iowa,Pottawattamie,2225,39,0,41.33640314,-95.53907776,19155.0,2387.1853743321244,1.752808988764045,2186,2201,39,0,2162,2159,93533,24,0,0,24,42
2020-09-30,US,Iowa,Poweshiek,327,8,0,41.68625425,-92.53155731,19157.0,1767.1854734111546,2.4464831804281344,319,311,8,0,303,307,18699,16,0,0,16,4
2020-09-30,US,Iowa,Ringgold,53,2,0,40.73518949,-94.24368535,19159.0,1082.9587249693502,3.7735849056603774,51,53,2,0,51,53,4968,0,0,0,0,0
2020-09-30,US,Iowa,Sac,275,0,0,42.38624071,-95.10547892,19161.0,2828.927065116757,0.0,275,267,0,0,267,265,9719,8,0,0,8,2
2020-09-30,US,Iowa,Scott,3128,29,0,41.63935978,-90.61959493,19163.0,1808.6884117888555,0.9271099744245525,3099,3095,28,0,3067,3045,173283,33,1,0,32,50
2020-09-30,US,Iowa,Shelby,278,1,0,41.6850066,-95.31015553,19165.0,2427.099703160468,0.3597122302158273,277,270,1,0,269,268,11578,8,0,0,8,2
2020-09-30,US,Iowa,Sioux,1753,3,0,43.08221074,-96.17675679999999,19167.0,5029.407545545832,0.17113519680547631,1750,1707,3,0,1704,1680,34909,46,0,0,46,27
2020-09-30,US,Iowa,Story,3507,17,0,42.03621213,-93.46499005,19169.0,3611.1082508726586,0.4847447961220416,3490,3485,17,0,3468,3462,98105,22,0,0,22,23
2020-09-30,US,Iowa,Tama,757,32,0,42.07991767,-92.53266945,19171.0,4491.515367271864,4.227212681638044,725,753,32,0,721,739,16904,4,0,0,4,14
2020-09-30,US,Iowa,Taylor,143,1,0,40.73710579,-94.69778563,19173.0,2336.219571965365,0.6993006993006993,142,134,1,0,133,132,6191,9,0,0,9,2
2020-09-30,US,Iowa,Unassigned,4,0,0,0.0,0.0,90019.0,0.0,0.0,4,14,0,0,14,14,,-10,0,0,-10,0
2020-09-30,US,Iowa,Union,146,3,0,41.0277278,-94.24234847,19175.0,1192.7130136426765,2.054794520547945,143,142,3,0,139,138,12359,4,0,0,4,4
2020-09-30,US,Iowa,Van Buren,122,1,0,40.75326764,-91.95017958,19177.0,1731.970471323112,0.819672131147541,121,118,1,0,117,115,7020,4,0,0,4,3
2020-09-30,US,Iowa,Wapello,1345,57,0,41.03064984,-92.40954728,19179.0,3846.263833681261,4.237918215613383,1288,1341,57,0,1284,1340,35205,4,0,0,4,1
2020-09-30,US,Iowa,Warren,972,6,0,41.33559454,-93.56007641,19181.0,1888.6255003303152,0.6172839506172839,966,969,6,0,963,966,51056,3,0,0,3,3
2020-09-30,US,Iowa,Washington,493,11,0,41.33577126,-91.71725711,19183.0,2244.479854313681,2.231237322515213,482,485,11,0,474,472,22141,8,0,0,8,13
2020-09-30,US,Iowa,Wayne,89,3,0,40.73969028,-93.32752197,19185.0,1381.7730166123272,3.3707865168539324,86,88,2,0,86,87,6401,1,1,0,0,1
2020-09-30,US,Iowa,Webster,1327,14,0,42.42853483,-94.17987389,19187.0,3695.967023172905,1.0550113036925397,1313,1317,14,0,1303,1280,36277,10,0,0,10,37
2020-09-30,US,Iowa,Winnebago,325,14,0,43.37751174,-93.73407298,19189.0,3138.8835232760284,4.307692307692308,311,323,13,0,310,317,10518,2,1,0,1,6
2020-09-30,US,Iowa,Winneshiek,346,8,0,43.29094334,-91.84422722,19191.0,1730.7788504827172,2.3121387283237,338,340,8,0,332,340,20029,6,0,0,6,0
2020-09-30,US,Iowa,Woodbury,5682,68,0,42.38979414,-96.0459439,19193.0,5510.780063429254,1.196761703625484,5614,5597,68,0,5529,5554,102539,85,0,0,85,43
2020-09-30,US,Iowa,Worth,110,0,0,43.37750768,-93.26087602,19195.0,1490.3129657228021,0.0,110,109,0,0,109,109,7453,1,0,0,1,0
2020-09-30,US,Iowa,Wright,603,1,0,42.73305373,-93.73515113,19197.0,4800.191052380194,0.16583747927031509,602,597,1,0,596,596,12690,6,0,0,6,1
2020-09-30,US,Kansas,Allen,40,0,0,37.88582951,-95.30030847,20001.0,323.3891179561808,0.0,40,38,0,0,38,38,12444,2,0,0,2,0
2020-09-30,US,Kansas,Anderson,74,0,0,38.21413251,-95.29272815,20003.0,941.7154492237213,0.0,74,73,0,0,73,73,7878,1,0,0,1,0
2020-09-30,US,Kansas,Atchison,331,2,0,39.53185661,-95.30870026,20005.0,2059.354196478567,0.6042296072507553,329,331,2,0,329,331,16193,0,0,0,0,0
2020-09-30,US,Kansas,Barber,8,0,0,37.2288586,-98.68460053,20007.0,180.70928393946238,0.0,8,6,0,0,6,6,4472,2,0,0,2,0
2020-09-30,US,Kansas,Barton,513,7,0,38.47889676,-98.75636726,20009.0,1989.9918538345166,1.364522417153996,506,513,7,0,506,498,26111,0,0,0,0,15
2020-09-30,US,Kansas,Bourbon,157,2,0,37.85508555,-94.84865997,20011.0,1080.2256777212056,1.2738853503184713,155,156,2,0,154,156,14653,1,0,0,1,0
2020-09-30,US,Kansas,Brown,128,5,0,39.82652589,-95.56421698,20013.0,1338.3521539104975,3.90625,123,120,4,0,116,120,9598,8,1,0,7,0
2020-09-30,US,Kansas,Butler,571,3,0,37.78134351,-96.83878537,20015.0,853.3723901899539,0.5253940455341506,568,566,3,0,563,566,66765,5,0,0,5,0
2020-09-30,US,Kansas,Chase,82,1,0,38.30292938,-96.59563862,20017.0,3096.676737160121,1.2195121951219512,81,82,1,0,81,82,2629,0,0,0,0,0
2020-09-30,US,Kansas,Chautauqua,15,0,0,37.14994405,-96.2454192,20019.0,461.5384615384616,0.0,15,15,0,0,15,15,3309,0,0,0,0,0
2020-09-30,US,Kansas,Cherokee,525,7,0,37.16928494,-94.8462897,20021.0,2633.0307437684937,1.3333333333333333,518,507,7,0,500,507,20015,18,0,0,18,0
2020-09-30,US,Kansas,Cheyenne,63,2,0,39.78580976,-101.7318201,20023.0,2371.0952201731275,3.1746031746031744,61,60,2,0,58,60,2660,3,0,0,3,0
2020-09-30,US,Kansas,Clark,50,1,0,37.23577007,-99.81883015,20025.0,2507.522567703109,2.0,49,48,1,0,47,48,2005,2,0,0,2,0
2020-09-30,US,Kansas,Clay,55,2,0,39.34948772,-97.16518128,20027.0,687.3281679580106,3.636363636363636,53,49,2,0,47,49,7997,6,0,0,6,0
2020-09-30,US,Kansas,Cloud,69,0,0,39.48028352,-97.64925343,20029.0,785.3403141361258,0.0,69,70,0,0,70,70,8729,-1,0,0,-1,0
2020-09-30,US,Kansas,Coffey,117,8,0,38.2365018,-95.73379515,20031.0,1430.492725272038,6.837606837606838,109,115,8,0,107,115,8233,2,0,0,2,0
2020-09-30,US,Kansas,Comanche,13,0,0,37.19114520000001,-99.27113247,20033.0,764.7058823529413,0.0,13,11,0,0,11,11,1748,2,0,0,2,0
2020-09-30,US,Kansas,Cowley,381,5,0,37.23781842,-96.83776647,20035.0,1091.4403575111721,1.3123359580052494,376,375,5,0,370,375,35218,6,0,0,6,0
2020-09-30,US,Kansas,Crawford,1041,8,0,37.50675523,-94.85245778,20037.0,2681.7455819465195,0.7684918347742555,1033,1041,8,0,1033,1041,39019,0,0,0,0,0
2020-09-30,US,Kansas,Decatur,27,1,0,39.78468441,-100.45940809999999,20039.0,955.076052352317,3.703703703703704,26,25,1,0,24,25,2871,2,0,0,2,0
2020-09-30,US,Kansas,Dickinson,214,1,0,38.86600962,-97.15532383,20041.0,1158.886602404419,0.4672897196261682,213,203,1,0,202,203,18717,11,0,0,11,0
2020-09-30,US,Kansas,Doniphan,123,0,0,39.79067154,-95.14056866,20043.0,1618.421052631579,0.0,123,110,0,0,110,110,7682,13,0,0,13,0
2020-09-30,US,Kansas,Douglas,2343,13,0,38.88503636,-95.2925121,20045.0,1916.423330797733,0.5548442168160478,2330,2286,10,0,2276,2286,121436,57,3,0,54,0
2020-09-30,US,Kansas,Edwards,53,0,0,37.88735543,-99.31263309,20047.0,1894.2101501072195,0.0,53,52,0,0,52,52,2849,1,0,0,1,0
2020-09-30,US,Kansas,Elk,1,0,0,37.45338105,-96.24369667,20049.0,39.52569169960474,0.0,1,1,0,0,1,1,2508,0,0,0,0,0
2020-09-30,US,Kansas,Ellis,1042,5,0,38.91458712,-99.31751551,20051.0,3649.3538332224293,0.4798464491362764,1037,1009,4,0,1005,1009,28710,33,1,0,32,0
2020-09-30,US,Kansas,Ellsworth,58,0,0,38.69677695,-98.20462799,20053.0,950.508030154048,0.0,58,54,0,0,54,54,6196,4,0,0,4,0
2020-09-30,US,Kansas,Finney,2174,12,0,38.04340344,-100.73819379999999,20055.0,5961.5542819535485,0.5519779208831647,2162,2165,12,0,2153,2162,36611,9,0,0,9,3
2020-09-30,US,Kansas,Ford,2831,13,0,37.69200114,-99.88825298,20057.0,8420.833457271186,0.4592016955139527,2818,2802,10,0,2792,2802,33888,29,3,0,26,0
2020-09-30,US,Kansas,Franklin,385,3,0,38.56443815,-95.28644341,20059.0,1507.2032571249606,0.7792207792207793,382,373,3,0,370,373,25631,12,0,0,12,0
2020-09-30,US,Kansas,Geary,310,2,0,38.99871131,-96.7577178,20061.0,978.8443321755603,0.6451612903225806,308,306,2,0,304,304,32594,4,0,0,4,2
2020-09-30,US,Kansas,Gove,76,0,0,38.91588178,-100.4829321,20063.0,2883.156297420334,0.0,76,53,0,0,53,53,2612,23,0,0,23,0
2020-09-30,US,Kansas,Graham,37,1,0,39.34987223,-99.88332493,20065.0,1490.7332796132152,2.702702702702702,36,37,1,0,36,37,2492,0,0,0,0,0
2020-09-30,US,Kansas,Grant,303,5,0,37.56227336,-101.3079758,20067.0,4237.7622377622365,1.6501650165016502,298,301,5,0,296,293,7336,2,0,0,2,8
2020-09-30,US,Kansas,Gray,136,0,0,37.73836671,-100.4369088,20069.0,2271.2090848363396,0.0,136,136,0,0,136,136,6033,0,0,0,0,0
2020-09-30,US,Kansas,Greeley,8,0,0,38.4808095,-101.8061079,20071.0,649.3506493506493,0.0,8,7,0,0,7,7,1227,1,0,0,1,0
2020-09-30,US,Kansas,Greenwood,49,0,0,37.8774388,-96.23250453,20073.0,819.1240387830157,0.0,49,49,0,0,49,49,6055,0,0,0,0,0
2020-09-30,US,Kansas,Hamilton,44,0,0,37.99978709,-101.7921066,20075.0,1732.965734541158,0.0,44,44,0,0,44,44,2607,0,0,0,0,0
2020-09-30,US,Kansas,Harper,120,2,0,37.19175361,-98.07578384,20077.0,2207.5055187637968,1.6666666666666667,118,120,2,0,118,120,5506,0,0,0,0,0
2020-09-30,US,Kansas,Harvey,359,7,0,38.04293782,-97.42747573,20079.0,1042.7256092247817,1.9498607242339836,352,358,7,0,351,358,34210,1,0,0,1,0
2020-09-30,US,Kansas,Haskell,103,1,0,37.562039399999996,-100.8710738,20081.0,2595.766129032258,0.9708737864077671,102,103,1,0,102,103,3997,0,0,0,0,0
2020-09-30,US,Kansas,Hodgeman,26,0,0,38.08780079,-99.89829881,20083.0,1449.2753623188407,0.0,26,25,0,0,25,25,1818,1,0,0,1,0
2020-09-30,US,Kansas,Jackson,250,2,0,39.41673394,-95.79356799,20085.0,1898.1094829549768,0.8,248,241,2,0,239,241,13280,9,0,0,9,0
2020-09-30,US,Kansas,Jefferson,199,4,0,39.2347941,-95.38289232,20087.0,1045.003413327732,2.010050251256281,195,197,4,0,193,192,18975,2,0,0,2,5
2020-09-30,US,Kansas,Jewell,17,1,0,39.78470589,-98.21820662,20089.0,590.4828065300452,5.882352941176472,16,17,1,0,16,17,2841,0,0,0,0,0
2020-09-30,US,Kansas,Johnson,11209,154,0,38.88548175,-94.82250877,20091.0,1860.7206827345904,1.3738959764474976,11055,11123,153,0,10970,11019,597555,86,1,0,85,104
2020-09-30,US,Kansas,Kearny,97,1,0,38.00017981,-101.32168100000001,20093.0,2527.3579989577906,1.0309278350515465,96,95,1,0,94,95,3943,2,0,0,2,0
2020-09-30,US,Kansas,Kingman,94,1,0,37.55909527,-98.13638678,20095.0,1314.317673378076,1.0638297872340423,93,90,1,0,89,90,7310,4,0,0,4,0
2020-09-30,US,Kansas,Kiowa,28,0,0,37.55848695,-99.2856537,20097.0,1131.3131313131316,0.0,28,25,0,0,25,25,2516,3,0,0,3,0
2020-09-30,US,Kansas,Labette,243,4,0,37.19113093,-95.29849679,20099.0,1238.6583749617698,1.6460905349794241,239,243,4,0,239,237,19964,0,0,0,0,6
2020-09-30,US,Kansas,Lane,14,0,0,38.48119447,-100.46607540000001,20101.0,912.0521172638437,0.0,14,13,0,0,13,13,1560,1,0,0,1,0
2020-09-30,US,Kansas,Leavenworth,2201,11,0,39.20183497,-95.03620809,20103.0,2692.091293818342,0.4997728305315766,2190,2178,11,0,2167,2178,81352,23,0,0,23,0
2020-09-30,US,Kansas,Lincoln,13,0,0,39.04549684,-98.20756994,20105.0,438.8926401080352,0.0,13,13,0,0,13,13,3023,0,0,0,0,0
2020-09-30,US,Kansas,Linn,82,0,0,38.21267844,-94.84254089,20107.0,845.0994537771824,0.0,82,76,0,0,76,76,9750,6,0,0,6,0
2020-09-30,US,Kansas,Logan,29,0,0,38.91735806,-101.148475,20109.0,1037.9384395132429,0.0,29,18,0,0,18,18,2844,11,0,0,11,0
2020-09-30,US,Kansas,Lyon,1141,35,0,38.45576156,-96.15275715,20111.0,3437.264648290405,3.0674846625766867,1106,1136,35,0,1101,1128,33406,5,0,0,5,8
2020-09-30,US,Kansas,Marion,79,1,0,38.35855394,-97.09852509999999,20115.0,664.7593402894647,1.2658227848101269,78,78,1,0,77,78,11950,1,0,0,1,0
2020-09-30,US,Kansas,Marshall,28,0,0,39.78359669,-96.52278974,20117.0,288.45163284227874,0.0,28,26,0,0,26,26,9722,2,0,0,2,0
2020-09-30,US,Kansas,McPherson,287,1,0,38.39184858,-97.64769869,20113.0,1005.535701772826,0.3484320557491289,286,285,1,0,284,283,28537,2,0,0,2,2
2020-09-30,US,Kansas,Meade,120,1,0,37.23859987,-100.36483100000001,20119.0,2975.45251673692,0.8333333333333334,119,116,1,0,115,116,4146,4,0,0,4,0
2020-09-30,US,Kansas,Miami,407,1,0,38.56383358,-94.83832189,20121.0,1188.77238075766,0.2457002457002457,406,370,1,0,369,370,33680,37,0,0,37,0
2020-09-30,US,Kansas,Mitchell,47,0,0,39.39331582,-98.20906732,20123.0,786.0846295367119,0.0,47,47,0,0,47,47,6150,0,0,0,0,0
2020-09-30,US,Kansas,Montgomery,429,6,0,37.19236568,-95.74329258,20125.0,1347.8274529517107,1.3986013986013983,423,429,6,0,423,429,32120,0,0,0,0,0
2020-09-30,US,Kansas,Morris,39,0,0,38.68827511,-96.65128437,20127.0,693.9501779359433,0.0,39,37,0,0,37,37,5521,2,0,0,2,0
2020-09-30,US,Kansas,Morton,20,2,0,37.19141121,-101.79925190000002,20129.0,773.0962504831851,10.0,18,15,2,0,13,15,2667,5,0,0,5,0
2020-09-30,US,Kansas,Nemaha,122,1,0,39.78345387,-96.01392079,20131.0,1192.4543055419801,0.819672131147541,121,122,1,0,121,100,10155,0,0,0,0,22
2020-09-30,US,Kansas,Neosho,179,0,0,37.55862897,-95.30670046,20133.0,1118.2607609170987,0.0,179,179,0,0,179,173,15951,0,0,0,0,6
2020-09-30,US,Kansas,Ness,82,7,0,38.47974157,-99.91547333,20135.0,2981.818181818182,8.536585365853659,75,82,7,0,75,82,2840,0,0,0,0,0
2020-09-30,US,Kansas,Norton,36,0,0,39.78443827,-99.90286639,20137.0,671.5165081141577,0.0,36,33,0,0,33,33,5430,3,0,0,3,0
2020-09-30,US,Kansas,Osage,108,0,0,38.65235984,-95.72707998,20139.0,677.1584425355821,0.0,108,108,0,0,108,108,15941,0,0,0,0,0
2020-09-30,US,Kansas,Osborne,10,0,0,39.3503437,-98.76753828,20141.0,292.3121894182986,0.0,10,8,0,0,8,8,3475,2,0,0,2,0
2020-09-30,US,Kansas,Ottawa,58,0,0,39.13237408,-97.65020313,20143.0,1016.8302945301544,0.0,58,56,0,0,56,56,5802,2,0,0,2,0
2020-09-30,US,Kansas,Pawnee,463,1,0,38.18108732,-99.23692334,20145.0,7218.584346741502,0.2159827213822894,462,463,1,0,462,414,6562,0,0,0,0,49
2020-09-30,US,Kansas,Phillips,121,8,0,39.78465501,-99.34668865,20147.0,2311.807413068399,6.6115702479338845,113,119,8,0,111,119,5317,2,0,0,2,0
2020-09-30,US,Kansas,Pottawatomie,268,0,0,39.37925655,-96.34564657,20149.0,1099.1264405528439,0.0,268,268,0,0,268,268,24277,0,0,0,0,0
2020-09-30,US,Kansas,Pratt,77,0,0,37.64780729,-98.73922153,20151.0,840.2444347446532,0.0,77,76,0,0,76,76,9378,1,0,0,1,0
2020-09-30,US,Kansas,Rawlins,31,0,0,39.78525843,-101.07616170000001,20153.0,1225.296442687747,0.0,31,28,0,0,28,28,2508,3,0,0,3,0
2020-09-30,US,Kansas,Reno,1101,4,0,37.95230263,-98.08607292,20155.0,1775.8637375399207,0.3633060853769301,1097,1077,4,0,1073,1071,62342,24,0,0,24,6
2020-09-30,US,Kansas,Republic,48,1,0,39.82799632,-97.65036709,20157.0,1035.3753235547886,2.083333333333333,47,48,1,0,47,48,4664,0,0,0,0,0
2020-09-30,US,Kansas,Rice,85,1,0,38.34616184,-98.19992118,20159.0,891.2655971479503,1.1764705882352942,84,81,1,0,80,81,9531,4,0,0,4,0
2020-09-30,US,Kansas,Riley,1869,8,0,39.28935726,-96.73420026,20161.0,2517.7820885871324,0.4280363830925629,1861,1827,8,0,1819,1827,73703,42,0,0,42,0
2020-09-30,US,Kansas,Rooks,106,4,0,39.35022773,-99.32484567,20163.0,2154.471544715447,3.7735849056603774,102,100,3,0,97,100,5013,6,1,0,5,0
2020-09-30,US,Kansas,Rush,64,0,0,38.52275276,-99.30863983,20165.0,2108.0368906455865,0.0,64,50,0,0,50,50,3093,14,0,0,14,0
2020-09-30,US,Kansas,Russell,110,1,0,38.91462787,-98.76254297,20167.0,1604.4340723453906,0.9090909090909092,109,101,0,0,101,101,6907,9,1,0,8,0
2020-09-30,US,Kansas,Saline,781,11,0,38.78369175,-97.65185177,20169.0,1440.3216287990558,1.4084507042253518,770,757,11,0,746,757,54401,24,0,0,24,0
2020-09-30,US,Kansas,Scott,115,1,0,38.48222076,-100.90665390000001,20171.0,2384.4080447854035,0.8695652173913043,114,112,1,0,111,109,4897,3,0,0,3,3
2020-09-30,US,Kansas,Sedgwick,8598,93,0,37.6842718,-97.4608198,20173.0,1666.1434534398363,1.0816468946266573,8505,8571,86,0,8485,8546,513607,27,7,0,20,25
2020-09-30,US,Kansas,Seward,1738,5,0,37.19324632,-100.85072009999999,20175.0,8110.88295687885,0.28768699654775604,1733,1738,5,0,1733,1708,21780,0,0,0,0,30
2020-09-30,US,Kansas,Shawnee,2780,32,0,39.04100763,-95.75572640000001,20177.0,1571.7314487632514,1.1510791366906474,2748,2751,32,0,2719,2734,177499,29,0,0,29,17
2020-09-30,US,Kansas,Sheridan,30,0,0,39.35018161,-100.44182590000001,20179.0,1190.0039666798891,0.0,30,21,0,0,21,21,2533,9,0,0,9,0
2020-09-30,US,Kansas,Sherman,41,0,0,39.35147699,-101.71976240000001,20181.0,692.9187088051378,0.0,41,37,0,0,37,37,5899,4,0,0,4,0
2020-09-30,US,Kansas,Smith,8,0,0,39.78516566,-98.78566062,20183.0,223.27658386826684,0.0,8,8,0,0,8,8,3603,0,0,0,0,0
2020-09-30,US,Kansas,Stafford,58,1,0,38.03100851,-98.71762001,20185.0,1395.572666025024,1.7241379310344829,57,58,1,0,57,58,4178,0,0,0,0,0
2020-09-30,US,Kansas,Stanton,48,2,0,37.56304714,-101.78435340000001,20187.0,2392.8215353938185,4.166666666666667,46,48,2,0,46,48,1987,0,0,0,0,0
2020-09-30,US,Kansas,Stevens,161,1,0,37.1923008,-101.3118967,20189.0,2935.278030993619,0.6211180124223602,160,153,1,0,152,153,5559,8,0,0,8,0
2020-09-30,US,Kansas,Sumner,203,3,0,37.23682549,-97.47721621,20191.0,888.9472762305134,1.477832512315271,200,200,3,0,197,200,22996,3,0,0,3,0
2020-09-30,US,Kansas,Thomas,171,0,0,39.35107575,-101.0553705,20193.0,2198.791307702199,0.0,171,167,0,0,167,126,7711,4,0,0,4,41
2020-09-30,US,Kansas,Trego,61,3,0,38.91467218,-99.87284448,20195.0,2176.2397431323584,4.918032786885246,58,58,3,0,55,58,2793,3,0,0,3,0
2020-09-30,US,Kansas,Wabaunsee,70,1,0,38.95471985,-96.20350509,20197.0,1009.9552734093204,1.4285714285714286,69,69,1,0,68,69,6899,1,0,0,1,0
2020-09-30,US,Kansas,Wallace,18,0,0,38.91686134,-101.76388759999999,20199.0,1185.7707509881425,0.0,18,18,0,0,18,18,1503,0,0,0,0,0
2020-09-30,US,Kansas,Washington,21,0,0,39.78420784,-97.08753229999999,20201.0,388.457269700333,0.0,21,19,0,0,19,19,5420,2,0,0,2,0
2020-09-30,US,Kansas,Wichita,6,0,0,38.48178252,-101.3471509,20203.0,283.15243039169417,0.0,6,6,0,0,6,6,2105,0,0,0,0,0
2020-09-30,US,Kansas,Wilson,63,2,0,37.55937174,-95.74323255,20205.0,739.0029325513194,3.1746031746031744,61,62,2,0,60,62,8665,1,0,0,1,0
2020-09-30,US,Kansas,Woodson,17,0,0,37.8865336,-95.74006277,20207.0,541.7463352453792,0.0,17,17,0,0,17,17,3183,0,0,0,0,0
2020-09-30,US,Kansas,Wyandotte,6986,134,0,39.11727348,-94.76378225,20209.0,4222.959698722715,1.9181219582021185,6852,6991,134,0,6857,6956,165324,-5,0,0,-5,35
2020-09-30,US,Kentucky,Adair,316,19,0,37.10459774,-85.28129668,21001.0,1645.6619102176855,6.012658227848102,297,314,19,0,295,310,19215,2,0,0,2,4
2020-09-30,US,Kentucky,Allen,364,9,0,36.75197631,-86.19457544,21003.0,1707.7175697865353,2.4725274725274726,355,351,9,0,342,347,21122,13,0,0,13,4
2020-09-30,US,Kentucky,Anderson,167,1,0,38.00671029,-84.99171713,21005.0,734.1627467358333,0.5988023952095808,166,167,1,0,166,161,22663,0,0,0,0,6
2020-09-30,US,Kentucky,Ballard,57,1,0,37.05842757,-88.99427697,21007.0,722.6166328600406,1.7543859649122806,56,57,1,0,56,57,7979,0,0,0,0,0
2020-09-30,US,Kentucky,Barren,796,13,0,36.96469836,-85.93338945,21009.0,1798.9107098465506,1.6331658291457287,783,790,13,0,777,762,44176,6,0,0,6,28
2020-09-30,US,Kentucky,Bath,90,1,0,38.14735938,-83.74588932,21011.0,720.0,1.1111111111111112,89,88,1,0,87,88,12383,2,0,0,2,0
2020-09-30,US,Kentucky,Bell,507,15,0,36.73355174,-83.67766671,21013.0,1947.60295021512,2.9585798816568047,492,504,15,0,489,502,26569,3,0,0,3,2
2020-09-30,US,Kentucky,Boone,1610,25,0,38.97065142,-84.72615357,21015.0,1205.2612272703454,1.5527950310559009,1585,1597,25,0,1572,1585,131533,13,0,0,13,12
2020-09-30,US,Kentucky,Bourbon,200,1,0,38.2054607,-84.21827874,21017.0,1010.713563776026,0.5,199,199,1,0,198,195,20184,1,0,0,1,4
2020-09-30,US,Kentucky,Boyd,470,8,0,38.36176608,-82.68652187,21019.0,1006.0362173038228,1.702127659574468,462,465,8,0,457,447,47240,5,0,0,5,18
2020-09-30,US,Kentucky,Boyle,294,0,0,37.62680923,-84.8633779,21021.0,978.0439121756488,0.0,294,293,0,0,293,286,30100,1,0,0,1,7
2020-09-30,US,Kentucky,Bracken,41,0,0,38.69158994,-84.08532444,21023.0,493.7974226183307,0.0,41,41,0,0,41,41,8239,0,0,0,0,0
2020-09-30,US,Kentucky,Breathitt,91,0,0,37.52333168,-83.31959161,21025.0,720.5067300079178,0.0,91,89,0,0,89,87,12726,2,0,0,2,2
2020-09-30,US,Kentucky,Breckinridge,139,2,0,37.77377239,-86.42885017,21027.0,678.8103726131758,1.4388489208633093,137,139,2,0,137,136,20388,0,0,0,0,3
2020-09-30,US,Kentucky,Bullitt,912,11,0,37.97162523,-85.68955617,21029.0,1116.607081639649,1.2061403508771928,901,900,10,0,890,892,81069,12,1,0,11,8
2020-09-30,US,Kentucky,Butler,340,16,0,37.20946153,-86.68748787,21031.0,2639.956518363227,4.705882352941177,324,340,16,0,324,341,12772,0,0,0,0,-1
2020-09-30,US,Kentucky,Caldwell,166,0,0,37.14749129,-87.86948214,21033.0,1302.2672001255198,0.0,166,161,0,0,161,157,12715,5,0,0,5,4
2020-09-30,US,Kentucky,Calloway,614,8,0,36.62093411,-88.2731593,21035.0,1574.3186072151996,1.3029315960912051,606,608,8,0,600,587,39135,6,0,0,6,21
2020-09-30,US,Kentucky,Campbell,893,16,0,38.94384345,-84.37875208,21037.0,954.2229440930072,1.7917133258678613,877,884,16,0,868,879,93152,9,0,0,9,5
2020-09-30,US,Kentucky,Carlisle,80,1,0,36.85372876,-88.96692220000001,21039.0,1680.672268907563,1.25,79,79,1,0,78,79,4771,1,0,0,1,0
2020-09-30,US,Kentucky,Carroll,202,5,0,38.66599534,-85.12601074,21041.0,1900.103470981093,2.4752475247524752,197,201,5,0,196,199,10737,1,0,0,1,2
2020-09-30,US,Kentucky,Carter,200,3,0,38.31690743,-83.05092385,21043.0,746.3522036048813,1.5,197,196,3,0,193,186,27004,4,0,0,4,10
2020-09-30,US,Kentucky,Casey,275,15,0,37.32533118,-84.92726209,21045.0,1701.8379850238255,5.454545454545454,260,273,15,0,258,272,15888,2,0,0,2,1
2020-09-30,US,Kentucky,Christian,1335,22,0,36.89267803,-87.49055367,21047.0,1894.6651339038615,1.647940074906367,1313,1327,21,0,1306,1304,71671,8,1,0,7,23
2020-09-30,US,Kentucky,Clark,328,8,0,37.9689263,-84.14615986,21049.0,904.5032126409841,2.4390243902439024,320,324,8,0,316,318,36249,4,0,0,4,6
2020-09-30,US,Kentucky,Clay,330,6,0,37.16451126,-83.712575,21051.0,1658.2081302447116,1.818181818181818,324,328,6,0,322,326,20105,2,0,0,2,2
2020-09-30,US,Kentucky,Clinton,123,2,0,36.72581156,-85.13377529,21053.0,1203.7580739870814,1.6260162601626016,121,121,2,0,119,121,10206,2,0,0,2,0
2020-09-30,US,Kentucky,Crittenden,121,1,0,37.35839237,-88.08826090000002,21055.0,1374.0631387690214,0.8264462809917356,120,121,1,0,120,121,8915,0,0,0,0,0
2020-09-30,US,Kentucky,Cumberland,103,0,0,36.78926125,-85.39050034,21057.0,1557.3026912609616,0.0,103,102,0,0,102,103,6659,1,0,0,1,-1
2020-09-30,US,Kentucky,Daviess,1431,14,0,37.73028906,-87.09019479999998,21059.0,1409.6994414398441,0.9783368273934312,1417,1405,14,0,1391,1395,101104,26,0,0,26,10
2020-09-30,US,Kentucky,Edmonson,138,12,0,37.21218923,-86.23955613,21061.0,1135.8024691358025,8.695652173913043,126,137,12,0,125,136,12274,1,0,0,1,1
2020-09-30,US,Kentucky,Elliott,42,0,0,38.11624059,-83.09771563,21063.0,558.7335373154184,0.0,42,41,0,0,41,39,7508,1,0,0,1,2
2020-09-30,US,Kentucky,Estill,166,0,0,37.69241417,-83.95956369,21065.0,1176.8041967956894,0.0,166,161,0,0,161,160,14198,5,0,0,5,1
2020-09-30,US,Kentucky,Fayette,6451,75,0,38.0368225,-84.45576892,21067.0,1996.274199138486,1.1626104479925592,6376,6294,74,0,6220,6162,323780,157,1,0,156,132
2020-09-30,US,Kentucky,Fleming,85,0,0,38.36758311,-83.69657514,21069.0,582.9504149235306,0.0,85,84,0,0,84,84,14432,1,0,0,1,0
2020-09-30,US,Kentucky,Floyd,193,4,0,37.56213922,-82.74750924,21071.0,542.3023968080025,2.0725388601036268,189,184,4,0,180,180,35845,9,0,0,9,4
2020-09-30,US,Kentucky,Franklin,672,11,0,38.2379395,-84.87962551,21073.0,1317.8796258163204,1.636904761904762,661,667,12,0,655,654,50815,5,-1,0,6,13
2020-09-30,US,Kentucky,Fulton,157,3,0,36.55238827,-89.20140068,21075.0,2630.256324342436,1.9108280254777068,154,157,3,0,154,154,6120,0,0,0,0,3
2020-09-30,US,Kentucky,Gallatin,99,8,0,38.75398691,-84.8558382,21077.0,1116.2476040139813,8.080808080808081,91,99,8,0,91,99,8832,0,0,0,0,0
2020-09-30,US,Kentucky,Garrard,165,3,0,37.638866799999995,-84.53289319,21079.0,933.9975093399753,1.818181818181818,162,164,3,0,161,159,17560,1,0,0,1,5
2020-09-30,US,Kentucky,Grant,170,6,0,38.64962758,-84.62415957,21081.0,678.1283657106386,3.5294117647058822,164,169,6,0,163,164,25121,1,0,0,1,5
2020-09-30,US,Kentucky,Graves,743,29,0,36.72292505,-88.65143315,21083.0,1993.7744861267645,3.9030955585464335,714,740,29,0,711,738,37317,3,0,0,3,2
2020-09-30,US,Kentucky,Grayson,409,14,0,37.46231118,-86.34248968,21085.0,1547.6595905702502,3.4229828850855744,395,402,14,0,388,400,26321,7,0,0,7,2
2020-09-30,US,Kentucky,Green,276,8,0,37.26484328,-85.5540745,21087.0,2522.621332602139,2.898550724637681,268,272,8,0,264,271,11049,4,0,0,4,1
2020-09-30,US,Kentucky,Greenup,429,4,0,38.54332505,-82.9215658,21089.0,1222.2918684825347,0.9324009324009324,425,425,4,0,421,416,35268,4,0,0,4,9
2020-09-30,US,Kentucky,Hancock,89,0,0,37.83766422,-86.78280584,21091.0,1020.4081632653059,0.0,89,84,0,0,84,83,8758,5,0,0,5,1
2020-09-30,US,Kentucky,Hardin,1346,11,0,37.6976111,-85.96319251,21093.0,1213.0716126822765,0.8172362555720654,1335,1334,11,0,1323,1312,110356,12,0,0,12,22
2020-09-30,US,Kentucky,Harlan,428,10,0,36.85699301,-83.21899516,21095.0,1645.5209534794312,2.336448598130841,418,408,10,0,398,403,26409,20,0,0,20,5
2020-09-30,US,Kentucky,Harrison,183,0,0,38.44188174,-84.32869741,21097.0,968.9717250873663,0.0,183,178,0,0,178,177,18778,5,0,0,5,1
2020-09-30,US,Kentucky,Hart,182,1,0,37.29943898,-85.88461055,21099.0,956.133438402942,0.5494505494505495,181,179,1,0,178,175,18906,3,0,0,3,4
2020-09-30,US,Kentucky,Henderson,802,4,0,37.79344553,-87.57392021,21101.0,1773.943817739438,0.4987531172069826,798,778,4,0,774,765,45591,24,0,0,24,13
2020-09-30,US,Kentucky,Henry,202,2,0,38.44942688,-85.11587507,21103.0,1252.635495473149,0.99009900990099,200,194,2,0,192,196,16106,8,0,0,8,-2
2020-09-30,US,Kentucky,Hickman,78,1,0,36.67948079999999,-88.97875928,21105.0,1780.8219178082193,1.2820512820512822,77,77,1,0,76,77,4421,1,0,0,1,0
2020-09-30,US,Kentucky,Hopkins,646,39,0,37.30939025,-87.54670406,21107.0,1445.6429306717987,6.037151702786377,607,637,39,0,598,633,45068,9,0,0,9,4
2020-09-30,US,Kentucky,Jackson,374,17,0,37.41866422,-83.99825483,21109.0,2805.9119213744466,4.545454545454546,357,368,17,0,351,368,13442,6,0,0,6,0
2020-09-30,US,Kentucky,Jefferson,15978,308,0,38.18664655,-85.65931031,21111.0,2083.841425640718,1.9276505194642637,15670,15788,307,0,15481,15608,770517,190,1,0,189,180
2020-09-30,US,Kentucky,Jessamine,628,0,0,37.87119786,-84.58252003,21113.0,1160.4915457821307,0.0,628,617,0,0,617,611,53920,11,0,0,11,6
2020-09-30,US,Kentucky,Johnson,161,2,0,37.85106355,-82.8264322,21115.0,725.6174508743463,1.2422360248447204,159,161,2,0,159,158,22386,0,0,0,0,3
2020-09-30,US,Kentucky,Kenton,2068,49,0,38.93950319,-84.53241199,21117.0,1238.3381836908227,2.369439071566731,2019,2048,49,0,1999,2037,166051,20,0,0,20,11
2020-09-30,US,Kentucky,Knott,214,1,0,37.35388197,-82.94981134,21119.0,1445.3599891935696,0.4672897196261682,213,211,1,0,210,208,15126,3,0,0,3,3
2020-09-30,US,Kentucky,Knox,515,9,0,36.89225732,-83.85403396,21121.0,1653.5559479852304,1.7475728155339805,506,497,9,0,488,493,31304,18,0,0,18,4
2020-09-30,US,Kentucky,Larue,132,1,0,37.54567114,-85.70138352,21123.0,916.7939991665507,0.7575757575757576,131,128,1,0,127,124,14307,4,0,0,4,4
2020-09-30,US,Kentucky,Laurel,947,6,0,37.10975748,-84.11321779,21125.0,1557.2328285070623,0.6335797254487856,941,936,6,0,930,880,60669,11,0,0,11,56
2020-09-30,US,Kentucky,Lawrence,57,0,0,38.07136018,-82.72882223,21127.0,372.1355356793105,0.0,57,57,0,0,57,57,15571,0,0,0,0,0
2020-09-30,US,Kentucky,Lee,17,0,0,37.59645942,-83.71513901,21129.0,229.6366337971093,0.0,17,17,0,0,17,17,7033,0,0,0,0,0
2020-09-30,US,Kentucky,Leslie,78,0,0,37.09246661,-83.37999606,21131.0,789.7134757517465,0.0,78,79,0,0,79,75,10143,-1,0,0,-1,4
2020-09-30,US,Kentucky,Letcher,167,2,0,37.12306748,-82.85346474,21133.0,774.8341298195147,1.1976047904191616,165,158,2,0,156,157,21899,9,0,0,9,1
2020-09-30,US,Kentucky,Lewis,222,14,0,38.53184419,-83.37735618,21135.0,1672.316384180791,6.306306306306308,208,221,14,0,207,222,13257,1,0,0,1,-1
2020-09-30,US,Kentucky,Lincoln,210,13,0,37.45475628,-84.6565327,21137.0,855.4319931565442,6.190476190476191,197,200,13,0,187,192,24644,10,0,0,10,8
2020-09-30,US,Kentucky,Livingston,87,1,0,37.21137452,-88.34797529,21139.0,946.2693060691755,1.1494252873563218,86,87,1,0,86,87,9242,0,0,0,0,0
2020-09-30,US,Kentucky,Logan,565,28,0,36.85949479,-86.877635,21141.0,2084.7169950557154,4.955752212389379,537,560,28,0,532,554,26989,5,0,0,5,6
2020-09-30,US,Kentucky,Lyon,77,4,0,37.02080035,-88.07886257,21143.0,937.8806333739343,5.194805194805196,73,75,4,0,71,72,8009,2,0,0,2,3
2020-09-30,US,Kentucky,Madison,1809,7,0,37.71659336,-84.27220275,21151.0,1945.4332326024066,0.3869541182974019,1802,1784,7,0,1777,1761,92368,25,0,0,25,23
2020-09-30,US,Kentucky,Magoffin,96,0,0,37.70820545,-83.0657714,21153.0,789.4087657265027,0.0,96,92,0,0,92,84,12362,4,0,0,4,8
2020-09-30,US,Kentucky,Marion,234,8,0,37.55218078,-85.26898542,21155.0,1214.133762258081,3.418803418803418,226,230,8,0,222,228,19404,4,0,0,4,2
2020-09-30,US,Kentucky,Marshall,317,4,0,36.88007070000001,-88.32803576,21157.0,1019.2926045016077,1.2618296529968454,313,314,4,0,310,307,31191,3,0,0,3,7
2020-09-30,US,Kentucky,Martin,82,3,0,37.79990579,-82.51247478,21159.0,732.4698526127736,3.6585365853658534,79,80,3,0,77,78,11323,2,0,0,2,2
2020-09-30,US,Kentucky,Mason,126,2,0,38.59471935,-83.82151043,21161.0,738.1370826010544,1.5873015873015872,124,124,2,0,122,124,17150,2,0,0,2,0
2020-09-30,US,Kentucky,McCracken,755,10,0,37.05350953,-88.70445755,21145.0,1154.1166039927848,1.3245033112582782,745,746,10,0,736,746,65346,9,0,0,9,0
2020-09-30,US,Kentucky,McCreary,182,0,0,36.73874143,-84.48102924,21147.0,1056.2358539840984,0.0,182,174,0,0,174,172,17408,8,0,0,8,2
2020-09-30,US,Kentucky,McLean,80,1,0,37.5301951,-87.26803443,21149.0,868.9040947105466,1.25,79,77,1,0,76,77,9252,3,0,0,3,0
2020-09-30,US,Kentucky,Meade,224,3,0,37.96163597,-86.21028219,21163.0,783.9843203135938,1.3392857142857142,221,222,3,0,219,219,28715,2,0,0,2,3
2020-09-30,US,Kentucky,Menifee,51,0,0,37.94090733,-83.59985712,21165.0,785.9454461396208,0.0,51,49,0,0,49,46,6451,2,0,0,2,3
2020-09-30,US,Kentucky,Mercer,251,2,0,37.81474237,-84.87488475,21167.0,1144.3942917065608,0.796812749003984,249,248,2,0,246,244,21774,3,0,0,3,4
2020-09-30,US,Kentucky,Metcalfe,120,2,0,36.99459295,-85.63123699,21169.0,1191.5400655347034,1.6666666666666667,118,117,2,0,115,116,10030,3,0,0,3,1
2020-09-30,US,Kentucky,Monroe,214,4,0,36.71225341,-85.71596443,21171.0,2009.3896713615025,1.8691588785046729,210,208,4,0,204,207,10718,6,0,0,6,1
2020-09-30,US,Kentucky,Montgomery,291,3,0,38.03253032,-83.9145241,21173.0,1033.490783819299,1.0309278350515465,288,285,3,0,282,283,28203,6,0,0,6,2
2020-09-30,US,Kentucky,Morgan,64,0,0,37.92465657,-83.25558245,21175.0,480.8776016229619,0.0,64,63,0,0,63,58,13345,1,0,0,1,5
2020-09-30,US,Kentucky,Muhlenberg,785,12,0,37.21425819,-87.14632053,21177.0,2563.516426098883,1.5286624203821657,773,780,12,0,768,774,30774,5,0,0,5,6
2020-09-30,US,Kentucky,Nelson,519,4,0,37.80335779,-85.4657193,21179.0,1122.5747842450196,0.7707129094412332,515,510,4,0,506,503,45851,9,0,0,9,7
2020-09-30,US,Kentucky,Nicholas,37,1,0,38.33342292,-84.01889177,21181.0,509.01086806988576,2.702702702702702,36,34,1,0,33,33,7166,3,0,0,3,1
2020-09-30,US,Kentucky,Ohio,464,9,0,37.47751843,-86.85368087,21183.0,1933.816787530216,1.9396551724137927,455,463,9,0,454,459,24087,1,0,0,1,4
2020-09-30,US,Kentucky,Oldham,1147,25,0,38.39791089,-85.448222,21185.0,1717.0915732271442,2.1795989537925022,1122,1132,25,0,1107,1122,66470,15,0,0,15,10
2020-09-30,US,Kentucky,Owen,102,2,0,38.51679143,-84.82404619,21187.0,935.6939730299972,1.96078431372549,100,101,2,0,99,101,10880,1,0,0,1,0
2020-09-30,US,Kentucky,Owsley,42,1,0,37.42823949,-83.68811419,21189.0,951.3023782559455,2.380952380952381,41,42,1,0,41,39,4472,0,0,0,0,3
2020-09-30,US,Kentucky,Pendleton,102,0,0,38.69607718,-84.35599463,21191.0,699.1089787525702,0.0,102,102,0,0,102,102,14529,0,0,0,0,0
2020-09-30,US,Kentucky,Perry,341,9,0,37.25023553,-83.22922731,21193.0,1323.8605481792065,2.6392961876832843,332,339,9,0,330,335,26092,2,0,0,2,4
2020-09-30,US,Kentucky,Pike,467,3,0,37.47088263,-82.39487445,21195.0,806.8975050107124,0.6423982869379015,464,458,3,0,455,450,58402,9,0,0,9,8
2020-09-30,US,Kentucky,Powell,100,0,0,37.83218794,-83.82553961,21197.0,809.1269520187718,0.0,100,97,0,0,97,96,12442,3,0,0,3,1
2020-09-30,US,Kentucky,Pulaski,808,10,0,37.10466131,-84.57629079,21199.0,1243.4786623370626,1.2376237623762376,798,800,10,0,790,793,64623,8,0,0,8,7
2020-09-30,US,Kentucky,Robertson,12,0,0,38.51923469,-84.05055616,21201.0,569.2599620493359,0.0,12,12,0,0,12,12,2135,0,0,0,0,0
2020-09-30,US,Kentucky,Rockcastle,178,1,0,37.36642393,-84.31176452,21203.0,1066.187481281821,0.5617977528089888,177,176,1,0,175,174,16750,2,0,0,2,2
2020-09-30,US,Kentucky,Rowan,249,1,0,38.19484205,-83.42088935,21205.0,1017.9885527391659,0.4016064257028112,248,237,1,0,236,221,24583,12,0,0,12,16
2020-09-30,US,Kentucky,Russell,255,6,0,36.99308373,-85.06070117,21207.0,1422.752887351448,2.3529411764705883,249,250,6,0,244,250,17821,5,0,0,5,0
2020-09-30,US,Kentucky,Scott,800,11,0,38.29622293,-84.5816631,21209.0,1403.4102869974038,1.375,789,776,11,0,765,764,56031,24,0,0,24,12
2020-09-30,US,Kentucky,Shelby,1085,25,0,38.21476019,-85.194223,21211.0,2213.201697127937,2.3041474654377883,1060,1067,24,0,1043,1064,48518,18,1,0,17,3
2020-09-30,US,Kentucky,Simpson,284,8,0,36.74058474,-86.58047435,21213.0,1529.1837174240793,2.8169014084507036,276,278,8,0,270,277,18529,6,0,0,6,1
2020-09-30,US,Kentucky,Spencer,216,0,0,38.03223971,-85.32749335,21215.0,1116.2213839078083,0.0,216,215,0,0,215,214,18794,1,0,0,1,1
2020-09-30,US,Kentucky,Taylor,303,7,0,37.3677562,-85.3329931,21217.0,1175.831425356048,2.31023102310231,296,301,7,0,294,299,25549,2,0,0,2,2
2020-09-30,US,Kentucky,Todd,190,8,0,36.8381152,-87.17878374,21219.0,1545.4693346347813,4.2105263157894735,182,190,8,0,182,188,12311,0,0,0,0,2
2020-09-30,US,Kentucky,Trigg,182,0,0,36.80767017,-87.87333656,21221.0,1242.2360248447205,0.0,182,181,0,0,181,174,14643,1,0,0,1,7
2020-09-30,US,Kentucky,Trimble,68,0,0,38.61056487,-85.33775972,21223.0,802.7387557549284,0.0,68,69,0,0,69,67,8515,-1,0,0,-1,2
2020-09-30,US,Kentucky,Union,350,3,0,37.66166713,-87.94300009,21225.0,2433.7667756067035,0.8571428571428571,347,347,3,0,344,336,14505,3,0,0,3,11
2020-09-30,US,Kentucky,Warren,4403,50,0,36.99903045,-86.42672751,21227.0,3313.117023838189,1.1355893708834883,4353,4380,50,0,4330,4354,131264,23,0,0,23,26
2020-09-30,US,Kentucky,Washington,146,1,0,37.75599461,-85.17407732,21229.0,1207.1103761885076,0.6849315068493149,145,146,1,0,145,146,12084,0,0,0,0,0
2020-09-30,US,Kentucky,Wayne,158,0,0,36.80310688,-84.8251971,21231.0,777.0619190478533,0.0,158,155,0,0,155,152,20468,3,0,0,3,3
2020-09-30,US,Kentucky,Webster,171,3,0,37.52168356,-87.67989953,21233.0,1321.279554937413,1.7543859649122806,168,167,3,0,164,164,13111,4,0,0,4,3
2020-09-30,US,Kentucky,Whitley,414,2,0,36.75700531,-84.14541217,21235.0,1141.62806088683,0.4830917874396135,412,383,2,0,381,372,36242,31,0,0,31,11
2020-09-30,US,Kentucky,Wolfe,41,0,0,37.73941626,-83.49303612,21237.0,572.8657258627917,0.0,41,41,0,0,41,39,7177,0,0,0,0,2
2020-09-30,US,Kentucky,Woodford,282,0,0,38.04178222,-84.7417556,21239.0,1054.836537742201,0.0,282,277,0,0,277,274,26533,5,0,0,5,3
2020-09-30,US,Louisiana,Acadia,2969,99,0,30.295064899999996,-92.41419698,22001.0,4785.236521879281,3.334456045806669,2870,2963,99,0,2864,2959,62190,6,0,0,6,4
2020-09-30,US,Louisiana,Allen,1596,50,0,30.65385745,-92.82442028,22003.0,6227.806610215788,3.1328320802005014,1546,1588,50,0,1538,1590,25605,8,0,0,8,-2
2020-09-30,US,Louisiana,Ascension,3784,98,0,30.20406249,-90.91328409999998,22005.0,2988.8471138352656,2.5898520084566594,3686,3768,98,0,3670,3757,124672,16,0,0,16,11
2020-09-30,US,Louisiana,Assumption,764,24,0,29.89946234,-91.06461642,22007.0,3490.018729158101,3.141361256544503,740,763,24,0,739,760,22300,1,0,0,1,3
2020-09-30,US,Louisiana,Avoyelles,1529,57,0,31.07796211,-92.00079449,22009.0,3808.7883618971705,3.727926749509483,1472,1528,55,0,1473,1528,40462,1,2,0,-1,0
2020-09-30,US,Louisiana,Beauregard,1013,38,0,30.64836518,-93.34173616,22011.0,2701.5494572899165,3.751233958538993,975,1010,37,0,973,1007,37253,3,1,0,2,3
2020-09-30,US,Louisiana,Bienville,491,32,0,32.34569994,-93.05398492,22013.0,3708.1791405482973,6.517311608961303,459,491,32,0,459,484,13308,0,0,0,0,7
2020-09-30,US,Louisiana,Bossier,3329,107,0,32.67932307,-93.60460152,22015.0,2620.455135824432,3.2141784319615496,3222,3318,107,0,3211,3303,127185,11,0,0,11,15
2020-09-30,US,Louisiana,Caddo,8654,361,0,32.57991587,-93.88375652,22017.0,3602.770978002032,4.171481395886294,8293,8601,358,0,8243,8556,242922,53,3,0,50,45
2020-09-30,US,Louisiana,Calcasieu,7892,212,0,30.22931235,-93.35400434,22019.0,3879.3527202658333,2.6862645717181954,7680,7869,212,0,7657,7854,203112,23,0,0,23,15
2020-09-30,US,Louisiana,Caldwell,302,3,0,32.0902519,-92.11752148,22021.0,3044.9687436983263,0.9933774834437086,299,301,3,0,298,302,9960,1,0,0,1,-1
2020-09-30,US,Louisiana,Cameron,225,2,0,29.87592238,-93.19310676,22023.0,3226.7316793345763,0.8888888888888888,223,225,2,0,223,225,6968,0,0,0,0,0
2020-09-30,US,Louisiana,Catahoula,437,10,0,31.66778967,-91.84526385,22025.0,4602.907099220561,2.2883295194508007,427,437,10,0,427,434,9608,0,0,0,0,3
2020-09-30,US,Louisiana,Claiborne,517,23,0,32.82308512,-92.99526883,22027.0,3299.298021697511,4.448742746615086,494,515,23,0,492,513,15944,2,0,0,2,2
2020-09-30,US,Louisiana,Concordia,513,14,0,31.44817835,-91.63814433,22029.0,2663.6897035152397,2.729044834307992,499,511,14,0,497,512,19572,2,0,0,2,-1
2020-09-30,US,Louisiana,De Soto,909,35,0,32.05457447,-93.74130302,22031.0,3309.907876051415,3.8503850385038505,874,906,35,0,871,904,27436,3,0,0,3,2
2020-09-30,US,Louisiana,East Baton Rouge,15192,442,0,30.53842039,-91.09777565,22033.0,3452.264355461427,2.9094260136914167,14750,15179,441,0,14738,15141,440956,13,1,0,12,38
2020-09-30,US,Louisiana,East Carroll,550,4,0,32.73926954,-91.23425694,22035.0,8016.324150998396,0.7272727272727273,546,548,4,0,544,548,7037,2,0,0,2,0
2020-09-30,US,Louisiana,East Feliciana,1742,72,0,30.84425359,-91.04976723,22037.0,9103.73660830938,4.133180252583236,1670,1742,72,0,1670,1745,19305,0,0,0,0,-3
2020-09-30,US,Louisiana,Evangeline,1334,32,0,30.72985248,-92.39915924,22039.0,3994.609971552629,2.39880059970015,1302,1330,32,0,1298,1327,33443,4,0,0,4,3
2020-09-30,US,Louisiana,Franklin,1215,39,0,32.13675181,-91.67589857,22041.0,6070.447164626529,3.2098765432098766,1176,1215,39,0,1176,1204,20156,0,0,0,0,11
2020-09-30,US,Louisiana,Grant,498,30,0,31.59882456,-92.56124347,22043.0,2224.306579123677,6.024096385542169,468,498,30,0,468,499,22482,0,0,0,0,-1
2020-09-30,US,Louisiana,Iberia,2936,89,0,29.86803617,-91.75871777,22045.0,4204.496634684233,3.0313351498637604,2847,2934,89,0,2845,2932,70941,2,0,0,2,2
2020-09-30,US,Louisiana,Iberville,1417,58,0,30.25734305,-91.3499598,22047.0,4358.524806988404,4.093154551870148,1359,1410,58,0,1352,1410,32721,7,0,0,7,0
2020-09-30,US,Louisiana,Jackson,662,22,0,32.30251776,-92.55692092,22049.0,4204.776422764227,3.323262839879154,640,655,22,0,633,648,15902,7,0,0,7,7
2020-09-30,US,Louisiana,Jefferson,17633,569,0,29.74075478,-90.11115756,22051.0,4077.060206754792,3.226904100266545,17064,17601,569,0,17032,17540,434051,32,0,0,32,61
2020-09-30,US,Louisiana,Jefferson Davis,1249,39,0,30.26896765,-92.81210004,22053.0,3981.7648559041054,3.122497998398719,1210,1246,39,0,1207,1241,31582,3,0,0,3,5
2020-09-30,US,Louisiana,LaSalle,425,7,0,31.67884782,-92.15907765,22059.0,2853.8812785388127,1.6470588235294117,418,426,7,0,419,425,14917,-1,0,0,-1,1
2020-09-30,US,Louisiana,Lafayette,8982,132,0,30.2049055,-92.06959876,22055.0,3675.273129015098,1.4696058784235138,8850,8969,132,0,8837,8969,242782,13,0,0,13,0
2020-09-30,US,Louisiana,Lafourche,3683,122,0,29.52470226,-90.40976986,22057.0,3773.024361259656,3.3125169698615258,3561,3681,122,0,3559,3663,98115,2,0,0,2,18
2020-09-30,US,Louisiana,Lincoln,1353,48,0,32.6003154,-92.66597409999999,22061.0,2894.612981900645,3.547671840354768,1305,1338,48,0,1290,1333,47196,15,0,0,15,5
2020-09-30,US,Louisiana,Livingston,3810,76,0,30.44143993,-90.73061664,22063.0,2706.1773291947525,1.9947506561679789,3734,3795,76,0,3719,3771,139567,15,0,0,15,24
2020-09-30,US,Louisiana,Madison,881,8,0,32.36918118,-91.23973355,22065.0,8044.927403890056,0.9080590238365494,873,880,8,0,872,878,11161,1,0,0,1,2
2020-09-30,US,Louisiana,Morehouse,790,22,0,32.81686191,-91.80421614,22067.0,3176.007075661333,2.7848101265822787,768,786,22,0,764,783,25398,4,0,0,4,3
2020-09-30,US,Louisiana,Natchitoches,1176,26,0,31.72321584,-93.09816516,22069.0,3081.9225326274964,2.2108843537414966,1150,1166,26,0,1140,1144,38659,10,0,0,10,22
2020-09-30,US,Louisiana,Orleans,12672,587,0,30.06971951,-89.92660315,22071.0,3248.031496062992,4.632260101010101,12085,12649,587,0,12062,12599,391006,23,0,0,23,50
2020-09-30,US,Louisiana,Ouachita,6294,144,0,32.47645559,-92.15704172,22073.0,4106.237645078582,2.2878932316491896,6150,6276,144,0,6132,6258,154475,18,0,0,18,18
2020-09-30,US,Louisiana,Plaquemines,730,19,0,29.42245447,-89.60322085,22075.0,3146.958658447213,2.602739726027397,711,723,19,0,704,689,23410,7,0,0,7,34
2020-09-30,US,Louisiana,Pointe Coupee,1061,40,0,30.71409502,-91.60209535,22077.0,4882.650713299586,3.7700282752120637,1021,1063,40,0,1023,1062,21940,-2,0,0,-2,1
2020-09-30,US,Louisiana,Rapides,4259,149,0,31.19778499,-92.52997303,22079.0,3285.048747377515,3.4984738201455743,4110,4238,149,0,4089,4223,130562,21,0,0,21,15
2020-09-30,US,Louisiana,Red River,359,23,0,32.09530039,-93.34213308,22081.0,4252.546789860223,6.406685236768802,336,358,22,0,336,357,8477,1,1,0,0,1
2020-09-30,US,Louisiana,Richland,782,12,0,32.41391005,-91.76634876,22083.0,3886.293608985191,1.5345268542199488,770,779,12,0,767,788,20192,3,0,0,3,-9
2020-09-30,US,Louisiana,Sabine,866,14,0,31.56388699,-93.55433981,22085.0,3625.858315190085,1.6166281755196306,852,858,13,0,845,857,24032,8,1,0,7,1
2020-09-30,US,Louisiana,St. Bernard,1426,30,0,29.87761636,-89.51887093,22087.0,3018.372703412073,2.1037868162692845,1396,1421,30,0,1391,1411,46721,5,0,0,5,10
2020-09-30,US,Louisiana,St. Charles,1818,60,0,29.90709658,-90.35555967,22089.0,3423.728813559321,3.3003300330033003,1758,1817,59,0,1758,1798,52879,1,1,0,0,19
2020-09-30,US,Louisiana,St. Helena,417,4,0,30.82210324,-90.71013176,22091.0,4115.673114883537,0.9592326139088728,413,418,4,0,414,414,10262,-1,0,0,-1,4
2020-09-30,US,Louisiana,St. James,813,40,0,30.02531716,-90.80212061,22093.0,3853.811149032992,4.920049200492005,773,812,40,0,772,810,21037,1,0,0,1,2
2020-09-30,US,Louisiana,St. John the Baptist,1593,100,0,30.12597499,-90.4753503,22095.0,3718.747811471392,6.277463904582548,1493,1591,100,0,1491,1586,43184,2,0,0,2,5
2020-09-30,US,Louisiana,St. Landry,3314,124,0,30.59724262,-92.00135806,22097.0,4035.361161170912,3.7417018708509353,3190,3312,124,0,3188,3317,82764,2,0,0,2,-5
2020-09-30,US,Louisiana,St. Martin,2106,61,0,30.13112107,-91.61403569,22099.0,3941.532069397915,2.8964862298195637,2045,2103,61,0,2042,2095,53621,3,0,0,3,8
2020-09-30,US,Louisiana,St. Mary,1934,77,0,29.69262097,-91.44702164,22101.0,3919.105130907028,3.9813857290589447,1857,1934,77,0,1857,1924,49774,0,0,0,0,10
2020-09-30,US,Louisiana,St. Tammany,6993,255,0,30.40942847,-89.95642711,22103.0,2685.2879398200594,3.646503646503647,6738,6975,254,0,6721,6955,258111,18,1,0,17,20
2020-09-30,US,Louisiana,Tangipahoa,4514,119,0,30.62888673,-90.40664996,22105.0,3349.7083661081347,2.6362428001772265,4395,4491,119,0,4372,4475,133777,23,0,0,23,16
2020-09-30,US,Louisiana,Tensas,162,2,0,32.00760749,-91.32915234,22107.0,3737.886479003231,1.2345679012345678,160,162,2,0,160,161,4462,0,0,0,0,1
2020-09-30,US,Louisiana,Terrebonne,3650,117,0,29.37343766,-90.82626855,22109.0,3304.333656222558,3.2054794520547945,3533,3646,116,0,3530,3632,111021,4,1,0,3,14
2020-09-30,US,Louisiana,Unassigned,194,190,0,0.0,0.0,90022.0,0.0,97.93814432989691,4,196,182,0,14,193,,-2,8,0,-10,3
2020-09-30,US,Louisiana,Union,969,44,0,32.83121059,-92.3749373,22111.0,4383.028767866836,4.540763673890608,925,967,43,0,924,969,22330,2,1,0,1,-2
2020-09-30,US,Louisiana,Vermilion,2041,61,0,29.83517605,-92.30292538,22113.0,3429.618053805179,2.9887310142087213,1980,2044,61,0,1983,2039,59830,-3,0,0,-3,5
2020-09-30,US,Louisiana,Vernon,1069,51,0,31.10884837,-93.18153838,22115.0,2253.895296126843,4.770813844714686,1018,1068,51,0,1017,1051,48860,1,0,0,1,17
2020-09-30,US,Louisiana,Washington,1643,67,0,30.85288548,-90.03866652,22117.0,3556.73897042906,4.077906269020085,1576,1637,67,0,1570,1638,46582,6,0,0,6,-1
2020-09-30,US,Louisiana,Webster,1282,25,0,32.70847669,-93.33121835,22119.0,3343.766301512781,1.9500780031201248,1257,1276,25,0,1251,1263,38798,6,0,0,6,13
2020-09-30,US,Louisiana,West Baton Rouge,912,41,0,30.46058217,-91.30989571,22121.0,3446.0608350651805,4.495614035087719,871,915,41,0,874,906,26427,-3,0,0,-3,9
2020-09-30,US,Louisiana,West Carroll,349,10,0,32.78550125,-91.461201,22123.0,3222.53000923361,2.8653295128939833,339,347,10,0,337,347,10982,2,0,0,2,0
2020-09-30,US,Louisiana,West Feliciana,725,25,0,30.87882871,-91.41485379999999,22125.0,4656.988694758479,3.4482758620689653,700,723,25,0,698,758,15460,2,0,0,2,-35
2020-09-30,US,Louisiana,Winn,634,18,0,31.94449367,-92.63789413,22127.0,4559.838895281933,2.8391167192429023,616,632,18,0,614,627,14134,2,0,0,2,5
2020-09-30,US,Maine,Androscoggin,737,10,0,44.1664747,-70.20380627,23001.0,680.6616363585988,1.35685210312076,727,723,10,0,713,714,107679,14,0,0,14,9
2020-09-30,US,Maine,Aroostook,43,1,0,46.65926321,-68.59841248,23003.0,64.12646335098054,2.3255813953488373,42,43,1,0,42,43,67111,0,0,0,0,0
2020-09-30,US,Maine,Cumberland,2332,70,0,43.8370751,-70.37226999,23005.0,790.5004355887908,3.0017152658662094,2262,2316,70,0,2246,2308,293557,16,0,0,16,8
2020-09-30,US,Maine,Franklin,62,1,0,44.97330019,-70.44381045,23007.0,205.3048114175966,1.6129032258064515,61,62,1,0,61,62,29897,0,0,0,0,0
2020-09-30,US,Maine,Hancock,54,1,0,44.59816444,-68.38401854,23009.0,98.20503027988434,1.851851851851852,53,54,1,0,53,54,54811,0,0,0,0,0
2020-09-30,US,Maine,Kennebec,215,11,0,44.40759555,-69.76738544,23011.0,175.79434514562314,5.116279069767441,204,215,11,0,204,215,122083,0,0,0,0,0
2020-09-30,US,Maine,Knox,41,1,0,44.11486325,-69.10529169,23013.0,103.08759931610176,2.4390243902439024,40,39,1,0,38,41,39771,2,0,0,2,-2
2020-09-30,US,Maine,Lincoln,47,1,0,44.05996956,-69.54227124,23015.0,135.7047987526708,2.127659574468085,46,42,1,0,41,42,34342,5,0,0,5,0
2020-09-30,US,Maine,Oxford,152,1,0,44.49952995,-70.75682123,23017.0,262.1819749892195,0.6578947368421053,151,149,1,0,148,148,57618,3,0,0,3,1
2020-09-30,US,Maine,Penobscot,254,6,0,45.40194593,-68.65020455,23019.0,166.9427136735284,2.3622047244094486,248,254,6,0,248,254,151096,0,0,0,0,0
2020-09-30,US,Maine,Piscataquis,9,0,0,45.83839062,-69.2860223,23021.0,53.61930294906166,0.0,9,9,0,0,9,9,16800,0,0,0,0,0
2020-09-30,US,Maine,Sagadahoc,68,0,0,43.95415864,-69.85074999,23023.0,189.6474788041053,0.0,68,67,0,0,67,66,35634,1,0,0,1,1
2020-09-30,US,Maine,Somerset,86,8,0,45.51229767,-69.95995554,23025.0,170.35100229775767,9.30232558139535,78,86,8,0,78,86,50592,0,0,0,0,0
2020-09-30,US,Maine,Waldo,74,14,0,44.4858305,-69.12061935,23027.0,186.3275840362584,18.918918918918923,60,74,14,0,60,73,39694,0,0,0,0,1
2020-09-30,US,Maine,Washington,16,0,0,45.01607142,-67.62813524,23029.0,50.989515280920365,0.0,16,16,0,0,16,16,31490,0,0,0,0,0
2020-09-30,US,Maine,York,1199,16,0,43.47808377,-70.71052375,23031.0,577.4389451023643,1.3344453711426187,1183,1188,16,0,1172,1169,206229,11,0,0,11,19
2020-09-30,US,Maryland,Allegany,474,23,0,39.62357628,-78.69280486,24001.0,673.1424676209953,4.852320675105485,451,473,23,0,450,464,70975,1,0,0,1,9
2020-09-30,US,Maryland,Anne Arundel,10117,250,0,39.00670238,-76.60329337,24003.0,1746.6170839418958,2.4710882672729064,9867,10073,248,0,9825,10027,576031,44,2,0,42,46
2020-09-30,US,Maryland,Baltimore,17994,632,0,39.45784712,-76.62911955,24005.0,2174.843177780195,3.5122818717350226,17362,17939,630,0,17309,17902,828431,55,2,0,53,37
2020-09-30,US,Maryland,Baltimore City,15629,486,0,39.30211911,-76.61151012,24510.0,2633.4057861126557,3.109603941391004,15143,15606,485,0,15121,15582,621342,23,1,0,22,24
2020-09-30,US,Maryland,Calvert,972,28,0,38.53961642,-76.56820632,24009.0,1050.5268846257768,2.8806584362139915,944,961,28,0,933,950,92003,11,0,0,11,11
2020-09-30,US,Maryland,Caroline,657,7,0,38.87172293,-75.82904158,24011.0,1966.7125666048016,1.06544901065449,650,654,7,0,647,652,33304,3,0,0,3,2
2020-09-30,US,Maryland,Carroll,1965,126,0,39.56453592,-77.02373735,24013.0,1166.5390300806782,6.412213740458015,1839,1957,126,0,1831,1952,168429,8,0,0,8,5
2020-09-30,US,Maryland,Cecil,1085,35,0,39.56647682,-75.94627411,24015.0,1054.883087842108,3.2258064516129035,1050,1079,35,0,1044,1068,102826,6,0,0,6,11
2020-09-30,US,Maryland,Charles,2798,101,0,38.51092331,-76.98580666,24017.0,1713.8621927390554,3.6097212294496073,2697,2779,101,0,2678,2770,161503,19,0,0,19,9
2020-09-30,US,Maryland,Dorchester,594,10,0,38.45413522,-76.02752426,24019.0,1860.3777130508315,1.6835016835016836,584,594,10,0,584,593,31998,0,0,0,0,1
2020-09-30,US,Maryland,Frederick,4088,133,0,39.47296601,-77.39999394,24021.0,1575.0519173791254,3.2534246575342465,3955,4073,133,0,3940,4054,255648,15,0,0,15,19
2020-09-30,US,Maryland,Garrett,74,1,0,39.52786077,-79.27355126,24023.0,255.04928655132005,1.351351351351351,73,74,1,0,73,74,29163,0,0,0,0,0
2020-09-30,US,Maryland,Harford,3060,76,0,39.55010644,-76.30775940000002,24025.0,1197.9282887242066,2.4836601307189543,2984,3045,76,0,2969,3039,253956,15,0,0,15,6
2020-09-30,US,Maryland,Howard,5120,122,0,39.25305293,-76.93126208,24027.0,1572.047038594983,2.3828125,4998,5098,122,0,4976,5082,323196,22,0,0,22,16
2020-09-30,US,Maryland,Kent,305,24,0,39.24976208,-76.04741541,24029.0,1570.3841005045824,7.868852459016392,281,303,24,0,279,304,19383,2,0,0,2,-1
2020-09-30,US,Maryland,Montgomery,22584,849,0,39.13676329,-77.20358245,24031.0,2149.4487421575195,3.7592986184909667,21735,22512,848,0,21664,22421,1052567,72,1,0,71,91
2020-09-30,US,Maryland,Prince George's,29494,828,0,38.83070039,-76.8496441,24033.0,3243.4976636567485,2.8073506475893404,28666,29416,828,0,28588,29305,909308,78,0,0,78,111
2020-09-30,US,Maryland,Queen Anne's,666,26,0,39.06198912,-76.03530977,24035.0,1321.9269168932733,3.903903903903904,640,666,26,0,640,662,50251,0,0,0,0,4
2020-09-30,US,Maryland,Somerset,277,5,0,38.1163542,-75.75118623,24039.0,1081.3554028732042,1.8050541516245489,272,276,5,0,271,278,25675,1,0,0,1,-2
2020-09-30,US,Maryland,St. Mary's,1310,57,0,38.30058422,-76.60629279999998,24037.0,1154.0833406748304,4.351145038167939,1253,1306,57,0,1249,1302,112664,4,0,0,4,4
2020-09-30,US,Maryland,Talbot,568,6,0,38.76618159,-76.10882561,24041.0,1527.6619778919342,1.056338028169014,562,565,6,0,559,565,36968,3,0,0,3,0
2020-09-30,US,Maryland,Unassigned,0,10,0,0.0,0.0,90024.0,0.0,0.0,-10,0,14,0,-14,0,,0,-4,0,4,0
2020-09-30,US,Maryland,Washington,1827,39,0,39.60835778,-77.82002295,24043.0,1209.541274685698,2.134646962233169,1788,1811,38,0,1773,1794,150926,16,1,0,15,17
2020-09-30,US,Maryland,Wicomico,2009,48,0,38.37301947,-75.62705831,24045.0,1939.0207414413806,2.389248382279741,1961,1998,48,0,1950,1992,103195,11,0,0,11,6
2020-09-30,US,Maryland,Worcester,1058,27,0,38.21274277,-75.33200012,24047.0,2023.8732879332767,2.5519848771266544,1031,1053,27,0,1026,1048,51823,5,0,0,5,5
2020-09-30,US,Massachusetts,Barnstable,1786,174,0,41.72980578,-70.28854339,25001.0,838.5370205173951,9.742441209406497,1612,1779,174,0,1605,1766,213413,7,0,0,7,13
2020-09-30,US,Massachusetts,Berkshire,716,50,0,42.37428441,-73.20524838,25003.0,573.0567294147778,6.983240223463688,666,717,50,0,667,713,126348,-1,0,0,-1,4
2020-09-30,US,Massachusetts,Bristol,10114,701,0,41.79228404,-71.10872211,25005.0,1789.4012388162423,6.930986751038165,9413,10074,697,0,9377,10050,564022,40,4,0,36,24
2020-09-30,US,Massachusetts,Dukes and Nantucket,168,1,0,41.40674725,-70.68763497,0.0,584.734259162577,0.5952380952380952,167,169,1,0,168,167,26707,-1,0,0,-1,2
2020-09-30,US,Massachusetts,Essex,20031,1290,0,42.6687626,-70.94687179,25009.0,2538.673872101836,6.4400179721431785,18741,19921,1283,0,18638,19819,790638,110,7,0,103,102
2020-09-30,US,Massachusetts,Franklin,412,68,0,42.58119713,-72.58602547,25011.0,587.0618409803362,16.50485436893204,344,411,68,0,343,410,70963,1,0,0,1,1
2020-09-30,US,Massachusetts,Hampden,8283,781,0,42.13440424,-72.63235561,25013.0,1776.0500201555842,9.428950863213812,7502,8254,779,0,7475,8240,470406,29,2,0,27,14
2020-09-30,US,Massachusetts,Hampshire,1251,144,0,42.33997957,-72.65898478,25015.0,777.8399552322328,11.510791366906474,1107,1235,144,0,1091,1230,161355,16,0,0,16,5
2020-09-30,US,Massachusetts,Middlesex,27624,2154,0,42.48607732,-71.39049229,25017.0,1713.9676825511465,7.797567332754128,25470,27507,2149,0,25358,27392,1614714,117,5,0,112,115
2020-09-30,US,Massachusetts,Norfolk,10338,1066,0,42.16073095,-71.20530408,25021.0,1462.7002935870678,10.311472238343974,9272,10308,1061,0,9247,10271,705388,30,5,0,25,37
2020-09-30,US,Massachusetts,Plymouth,9777,770,0,41.94070556,-70.80802823,25023.0,1875.8561939516733,7.8756264702874095,9007,9726,770,0,8956,9699,518132,51,0,0,51,27
2020-09-30,US,Massachusetts,Suffolk,24479,1137,0,42.327951399999996,-71.07850442,25025.0,3045.0039619010663,4.644797581600557,23342,24426,1135,0,23291,24360,807252,53,2,0,51,66
2020-09-30,US,Massachusetts,Unassigned,2666,5,0,0.0,0.0,90025.0,0.0,0.18754688672168046,2661,2640,5,0,2635,2580,,26,0,0,26,60
2020-09-30,US,Massachusetts,Worcester,14471,1115,0,42.35026951,-71.90493363,25027.0,1742.1883841265942,7.705065303019833,13356,14417,1107,0,13310,14375,830839,54,8,0,46,42
2020-09-30,US,Michigan,Alcona,47,2,0,44.6846864,-83.59507875,26001.0,451.7059106198943,4.25531914893617,45,45,2,0,43,43,10362,2,0,0,2,2
2020-09-30,US,Michigan,Alger,19,0,0,46.41292944,-86.60260122,26003.0,208.60781730346955,0.0,19,19,0,0,19,18,9097,0,0,0,0,1
2020-09-30,US,Michigan,Allegan,785,7,0,42.59147037,-85.89102866,26005.0,664.7978929717736,0.89171974522293,778,776,7,0,769,774,117327,9,0,0,9,2
2020-09-30,US,Michigan,Alpena,148,14,0,45.03477666,-83.62212411,26007.0,521.0350290441824,9.459459459459461,134,148,14,0,134,148,28360,0,0,0,0,0
2020-09-30,US,Michigan,Antrim,72,0,0,44.99690221,-85.15503082,26009.0,308.6949065340422,0.0,72,71,0,0,71,71,23365,1,0,0,1,0
2020-09-30,US,Michigan,Arenac,71,3,0,44.0636262,-83.89277559,26011.0,477.05435732043264,4.225352112676056,68,70,3,0,67,70,15041,1,0,0,1,0
2020-09-30,US,Michigan,Baraga,36,2,0,46.6720582,-88.36363591,26013.0,438.5430624923864,5.5555555555555545,34,35,2,0,33,31,8320,1,0,0,1,4
2020-09-30,US,Michigan,Barry,326,4,0,42.59513984,-85.30834519,26015.0,529.6506904955321,1.2269938650306749,322,317,4,0,313,309,61157,9,0,0,9,8
2020-09-30,US,Michigan,Bay,1027,52,0,43.70639106,-83.98731479,26017.0,995.8691309660028,5.063291139240507,975,1018,52,0,966,1012,103923,9,0,0,9,6
2020-09-30,US,Michigan,Benzie,84,2,0,44.63899297,-86.01608482,26019.0,472.81323877068564,2.380952380952381,82,81,2,0,79,80,17753,3,0,0,3,1
2020-09-30,US,Michigan,Berrien,1908,74,0,41.95447397,-86.41313079999998,26021.0,1243.7989322103506,3.878406708595388,1834,1898,74,0,1824,1891,154141,10,0,0,10,7
2020-09-30,US,Michigan,Branch,640,5,0,41.91600556,-85.05929476,26023.0,1470.6896155525424,0.78125,635,635,5,0,630,625,43622,5,0,0,5,10
2020-09-30,US,Michigan,Calhoun,1492,46,0,42.24633834,-85.00493569,26025.0,1112.113238768923,3.0831099195710454,1446,1442,46,0,1396,1401,134487,50,0,0,50,41
2020-09-30,US,Michigan,Cass,611,17,0,41.91522292,-85.99405727,26027.0,1179.8327765655474,2.782324058919804,594,600,17,0,583,594,51653,11,0,0,11,6
2020-09-30,US,Michigan,Charlevoix,107,3,0,45.37790017,-85.19614053,26029.0,409.2873809432736,2.803738317757009,104,107,3,0,104,107,26244,0,0,0,0,0
2020-09-30,US,Michigan,Cheboygan,93,2,0,45.44787015,-84.50122149,26031.0,367.9379648678589,2.150537634408602,91,93,2,0,91,94,25413,0,0,0,0,-1
2020-09-30,US,Michigan,Chippewa,80,0,0,46.29552653,-84.54353449,26033.0,214.19582853623925,0.0,80,78,0,0,78,78,37517,2,0,0,2,0
2020-09-30,US,Michigan,Clare,113,4,0,43.98794227,-84.84819859999998,26035.0,365.1050080775444,3.5398230088495577,109,113,4,0,109,112,30757,0,0,0,0,1
2020-09-30,US,Michigan,Clinton,699,14,0,42.94400871,-84.60145248,26037.0,878.1958665745337,2.0028612303290414,685,691,14,0,677,681,79332,8,0,0,8,10
2020-09-30,US,Michigan,Crawford,127,5,0,44.68255561,-84.61006219,26039.0,905.2676598474588,3.9370078740157477,122,125,5,0,120,125,13901,2,0,0,2,0
2020-09-30,US,Michigan,Delta,560,8,0,45.90484910000001,-86.9080745,26041.0,1564.945226917058,1.4285714285714286,552,496,8,0,488,471,35857,64,0,0,64,25
2020-09-30,US,Michigan,Dickinson,174,2,0,46.00999672,-87.86961634,26043.0,689.4092475930107,1.1494252873563218,172,159,2,0,157,143,25383,15,0,0,15,16
2020-09-30,US,Michigan,Eaton,694,10,0,42.59599185,-84.83740035,26045.0,629.3757028330975,1.4409221902017288,684,690,10,0,680,670,109826,4,0,0,4,20
2020-09-30,US,Michigan,Emmet,160,4,0,45.52625509,-84.89083249,26047.0,478.82687415831225,2.5,156,158,4,0,154,158,33308,2,0,0,2,0
2020-09-30,US,Michigan,Federal Correctional Institution (FCI),195,5,0,0.0,0.0,0.0,0.0,2.5641025641025643,190,195,5,0,190,195,,0,0,0,0,0
2020-09-30,US,Michigan,Genesee,4727,309,0,43.02244215,-83.70589709,26049.0,1164.8222210722672,6.536915591284112,4418,4651,309,0,4342,4616,406892,76,0,0,76,35
2020-09-30,US,Michigan,Gladwin,105,2,0,43.98901072,-84.38774817,26051.0,412.5898856536603,1.9047619047619049,103,100,2,0,98,98,25337,5,0,0,5,2
2020-09-30,US,Michigan,Gogebic,167,2,0,46.40862701,-89.69377193,26053.0,1194.9910554561718,1.1976047904191616,165,164,2,0,162,162,15096,3,0,0,3,2
2020-09-30,US,Michigan,Grand Traverse,496,9,0,44.69565625,-85.55585247,26055.0,532.8291509109661,1.814516129032258,487,491,9,0,482,485,92573,5,0,0,5,6
2020-09-30,US,Michigan,Gratiot,292,15,0,43.29265605,-84.60505416,26057.0,717.25086585935,5.136986301369864,277,288,15,0,273,274,40599,4,0,0,4,14
2020-09-30,US,Michigan,Hillsdale,358,27,0,41.88753639,-84.59312019,26059.0,785.0016445565179,7.5418994413407825,331,355,27,0,328,352,45749,3,0,0,3,3
2020-09-30,US,Michigan,Houghton,562,2,0,46.89988536,-88.68495385,26061.0,1574.9355453424505,0.3558718861209965,560,531,1,0,530,505,36219,31,1,0,30,26
2020-09-30,US,Michigan,Huron,227,5,0,43.83353985,-83.04078453,26063.0,732.7071430876988,2.202643171806167,222,226,5,0,221,226,31166,1,0,0,1,0
2020-09-30,US,Michigan,Ingham,3607,49,0,42.59716886,-84.37472069,26065.0,1233.558818902485,1.3584696423620737,3558,3588,48,0,3540,3537,292735,19,1,0,18,51
2020-09-30,US,Michigan,Ionia,378,7,0,42.94502238,-85.07413319,26067.0,584.2620214229407,1.851851851851852,371,371,7,0,364,368,64210,7,0,0,7,3
2020-09-30,US,Michigan,Iosco,228,12,0,44.35486835,-83.63484895,26069.0,907.3904564810762,5.2631578947368425,216,223,12,0,211,222,25081,5,0,0,5,1
2020-09-30,US,Michigan,Iron,203,4,0,46.20974132,-88.53136251,26071.0,1834.447858304717,1.9704433497536944,199,197,2,0,195,179,11117,6,2,0,4,18
2020-09-30,US,Michigan,Isabella,724,14,0,43.64060976,-84.84664923,26073.0,1036.1804442408977,1.9337016574585637,710,716,14,0,702,712,70562,8,0,0,8,4
2020-09-30,US,Michigan,Jackson,1129,45,0,42.24807035,-84.42258681,26075.0,712.2579017096713,3.985828166519044,1084,1123,45,0,1078,1100,158823,6,0,0,6,23
2020-09-30,US,Michigan,Kalamazoo,3053,96,0,42.24542231,-85.53038622,26077.0,1151.788611138358,3.144448083851949,2957,2999,94,0,2905,2944,264870,54,2,0,52,55
2020-09-30,US,Michigan,Kalkaska,88,4,0,44.68512729,-85.09085699,26079.0,487.8589644084709,4.545454545454546,84,86,4,0,82,85,17824,2,0,0,2,1
2020-09-30,US,Michigan,Kent,10187,176,0,43.03197711,-85.54934642,26081.0,1550.6389326513993,1.7276921566702659,10011,10061,176,0,9885,9978,653786,126,0,0,126,83
2020-09-30,US,Michigan,Keweenaw,11,0,0,47.63197653,-88.41434263,26083.0,519.8487712665407,0.0,11,10,0,0,10,12,2113,1,0,0,1,-2
2020-09-30,US,Michigan,Lake,35,0,0,43.99050893,-85.802173,26085.0,295.2838943727326,0.0,35,35,0,0,35,35,11881,0,0,0,0,0
2020-09-30,US,Michigan,Lapeer,636,36,0,43.09052506,-83.22153148,26087.0,725.9693860079674,5.660377358490566,600,627,36,0,591,618,88028,9,0,0,9,9
2020-09-30,US,Michigan,Leelanau,115,1,0,44.94430054,-85.80150326,26089.0,528.468360829006,0.8695652173913043,114,115,1,0,114,115,21764,0,0,0,0,0
2020-09-30,US,Michigan,Lenawee,842,18,0,41.89475156,-84.06603727,26091.0,855.247788239835,2.1377672209026133,824,814,18,0,796,803,98266,28,0,0,28,11
2020-09-30,US,Michigan,Livingston,1417,32,0,42.60302282,-83.91297209,26093.0,738.0400531263838,2.2582921665490474,1385,1403,31,0,1372,1391,191224,14,1,0,13,12
2020-09-30,US,Michigan,Luce,13,0,0,46.47227431,-85.54471223,26095.0,208.7012361534757,0.0,13,13,0,0,13,13,6283,0,0,0,0,0
2020-09-30,US,Michigan,Mackinac,68,0,0,46.07028979,-85.04980537,26097.0,629.6879340679693,0.0,68,62,0,0,62,61,10787,6,0,0,6,1
2020-09-30,US,Michigan,Macomb,14819,1024,0,42.69158356,-82.92752801,26099.0,1695.5920784647562,6.910047911465012,13795,14718,1023,0,13695,14628,874759,101,1,0,100,90
2020-09-30,US,Michigan,Manistee,80,3,0,44.33352407,-86.05626916,26101.0,325.7594266634091,3.75,77,78,3,0,75,77,24528,2,0,0,2,1
2020-09-30,US,Michigan,Marquette,396,12,0,46.4338914,-87.64043701,26103.0,593.7120496559169,3.0303030303030303,384,384,12,0,372,376,66516,12,0,0,12,8
2020-09-30,US,Michigan,Mason,135,0,0,43.99509218,-86.24988902,26105.0,463.21712874004936,0.0,135,135,0,0,135,134,29100,0,0,0,0,1
2020-09-30,US,Michigan,Mecosta,228,3,0,43.64064262,-85.32463223,26107.0,524.7048535198951,1.3157894736842106,225,220,3,0,217,214,43545,8,0,0,8,6
2020-09-30,US,Michigan,Menominee,419,2,0,45.58038692,-87.55370409,26109.0,1839.3327480245832,0.47732696897374705,417,408,2,0,406,396,22983,11,0,0,11,12
2020-09-30,US,Michigan,Michigan Department of Corrections (MDOC),5611,73,0,0.0,0.0,0.0,0.0,1.3010158617002316,5538,5603,73,0,5530,5599,,8,0,0,8,4
2020-09-30,US,Michigan,Midland,629,11,0,43.64330771,-84.38804374,26111.0,756.40963971331,1.7488076311605725,618,621,11,0,610,618,83209,8,0,0,8,3
2020-09-30,US,Michigan,Missaukee,64,1,0,44.33772443,-85.09256478,26113.0,423.33642016139686,1.5625,63,64,1,0,63,63,15113,0,0,0,0,1
2020-09-30,US,Michigan,Monroe,1548,28,0,41.92734151,-83.53749864,26115.0,1028.5714285714287,1.8087855297157625,1520,1540,28,0,1512,1528,150439,8,0,0,8,12
2020-09-30,US,Michigan,Montcalm,342,6,0,43.31082541,-85.15252824,26117.0,535.3117956423741,1.7543859649122806,336,338,6,0,332,325,63968,4,0,0,4,13
2020-09-30,US,Michigan,Montmorency,16,0,0,45.0275929,-84.12696227,26119.0,171.52658662092625,0.0,16,15,0,0,15,15,9265,1,0,0,1,0
2020-09-30,US,Michigan,Muskegon,1558,70,0,43.29123859,-86.15176712,26121.0,897.6412431006073,4.492939666238769,1488,1546,70,0,1476,1535,173588,12,0,0,12,11
2020-09-30,US,Michigan,Newaygo,389,2,0,43.554373999999996,-85.80070107,26123.0,794.2017149857085,0.5141388174807198,387,376,2,0,374,372,48892,13,0,0,13,4
2020-09-30,US,Michigan,Oakland,20854,1203,0,42.66090111,-83.38595416,26125.0,1658.2590109288922,5.768677471947828,19651,20771,1203,0,19568,20650,1259201,83,0,0,83,121
2020-09-30,US,Michigan,Oceana,528,6,0,43.64124435,-86.26726673,26127.0,1994.9370914723995,1.1363636363636365,522,526,6,0,520,520,26625,2,0,0,2,6
2020-09-30,US,Michigan,Ogemaw,68,5,0,44.33481032,-84.12725175,26129.0,323.85578892222696,7.352941176470589,63,68,5,0,63,68,20952,0,0,0,0,0
2020-09-30,US,Michigan,Ontonagon,43,0,0,46.665226200000006,-89.31390481,26131.0,751.7482517482518,0.0,43,42,0,0,42,42,5795,1,0,0,1,0
2020-09-30,US,Michigan,Osceola,99,0,0,43.98992088,-85.32566756,26133.0,421.994884910486,0.0,99,97,0,0,97,95,23341,2,0,0,2,2
2020-09-30,US,Michigan,Oscoda,31,1,0,44.68192279,-84.12939244,26135.0,376.1679407838855,3.2258064516129035,30,31,1,0,30,31,8276,0,0,0,0,0
2020-09-30,US,Michigan,Otsego,182,11,0,45.02085831,-84.59898295,26137.0,737.7979568671964,6.043956043956044,171,180,11,0,169,179,24665,2,0,0,2,1
2020-09-30,US,Michigan,Ottawa,3514,66,0,42.95996803,-85.9969107,26139.0,1204.1256896138166,1.8782014797951048,3448,3479,66,0,3413,3452,290494,35,0,0,35,27
2020-09-30,US,Michigan,Out of MI,188,2,0,0.0,0.0,80026.0,0.0,1.0638297872340423,186,185,2,0,183,186,,3,0,0,3,-1
2020-09-30,US,Michigan,Presque Isle,27,1,0,45.34018577,-83.91498656,26141.0,214.42185514612453,3.703703703703704,26,27,1,0,26,27,12738,0,0,0,0,0
2020-09-30,US,Michigan,Roscommon,102,4,0,44.33473082,-84.61067651,26143.0,424.66380781881,3.92156862745098,98,103,4,0,99,101,23884,-1,0,0,-1,2
2020-09-30,US,Michigan,Saginaw,3003,140,0,43.33433923,-84.05131209999998,26145.0,1576.055295766221,4.662004662004662,2863,2991,140,0,2851,2971,190800,12,0,0,12,20
2020-09-30,US,Michigan,Sanilac,151,7,0,43.42406072,-82.82055898,26151.0,366.7719213019189,4.635761589403972,144,149,7,0,142,148,41182,2,0,0,2,1
2020-09-30,US,Michigan,Schoolcraft,29,0,0,46.19235734,-86.19972234,26153.0,358.29009142574745,0.0,29,29,0,0,29,27,8068,0,0,0,0,2
2020-09-30,US,Michigan,Shiawassee,525,32,0,42.95392800000001,-84.14585902,26155.0,770.6761398667097,6.095238095238094,493,521,32,0,489,518,68192,4,0,0,4,3
2020-09-30,US,Michigan,St. Clair,1035,57,0,42.92655373,-82.67937954,26147.0,650.4197878437484,5.507246376811594,978,1027,56,0,971,1015,159337,8,1,0,7,12
2020-09-30,US,Michigan,St. Joseph,807,11,0,41.91441767,-85.52797979,26149.0,1323.7320385801456,1.3630731102850062,796,793,11,0,782,786,61043,14,0,0,14,7
2020-09-30,US,Michigan,Tuscola,514,31,0,43.46606813,-83.41897025,26157.0,983.8262034644464,6.031128404669262,483,515,31,0,484,513,52516,-1,0,0,-1,2
2020-09-30,US,Michigan,Unassigned,10,0,0,0.0,0.0,90026.0,0.0,0.0,10,18,0,0,18,9,,-8,0,0,-8,9
2020-09-30,US,Michigan,Van Buren,776,17,0,42.25190229,-86.01939087,26159.0,1025.4106267426032,2.1907216494845363,759,769,17,0,752,767,75448,7,0,0,7,2
2020-09-30,US,Michigan,Washtenaw,3773,116,0,42.253105,-83.83853204,26161.0,1026.3845854608664,3.074476543864299,3657,3722,116,0,3606,3659,370963,51,0,0,51,63
2020-09-30,US,Michigan,Wayne,35456,2984,0,42.28098405,-83.281255,26163.0,2026.8180682690588,8.416064981949459,32472,35295,2982,0,32313,35141,1753893,161,2,0,159,154
2020-09-30,US,Michigan,Wexford,129,4,0,44.33853602,-85.57712739,26165.0,383.57467812434953,3.1007751937984502,125,127,4,0,123,125,33466,2,0,0,2,2
2020-09-30,US,Minnesota,Aitkin,88,1,0,46.60962049,-93.41168259999999,27001.0,553.9468714591465,1.1363636363636365,87,84,1,0,83,83,15902,4,0,0,4,1
2020-09-30,US,Minnesota,Anoka,6343,138,0,45.27476015,-93.24604565,27003.0,1777.1439618290885,2.1756266750748856,6205,6281,137,0,6144,6238,353813,62,1,0,61,43
2020-09-30,US,Minnesota,Becker,286,2,0,46.93479392,-95.67158144,27005.0,830.8398454521686,0.6993006993006993,284,284,2,0,282,281,34371,2,0,0,2,3
2020-09-30,US,Minnesota,Beltrami,473,5,0,47.97373527,-94.93732139,27007.0,1002.3734847842672,1.0570824524312896,468,460,5,0,455,450,46847,13,0,0,13,10
2020-09-30,US,Minnesota,Benton,568,3,0,45.69804958,-93.99514135,27009.0,1389.1266599819025,0.528169014084507,565,563,3,0,560,560,40545,5,0,0,5,3
2020-09-30,US,Minnesota,Big Stone,83,0,0,45.42712824,-96.41403739,27011.0,1662.9933880985775,0.0,83,83,0,0,83,83,4989,0,0,0,0,0
2020-09-30,US,Minnesota,Blue Earth,1743,7,0,44.03554215,-94.06699781,27013.0,2576.3824220655397,0.4016064257028112,1736,1736,6,0,1730,1726,67427,7,1,0,6,10
2020-09-30,US,Minnesota,Brown,199,2,0,44.24205652,-94.72562874,27015.0,795.7453614843249,1.0050251256281406,197,196,2,0,194,196,25111,3,0,0,3,0
2020-09-30,US,Minnesota,Carlton,286,1,0,46.59180601,-92.67601019,27017.0,797.3014412756824,0.34965034965034963,285,279,1,0,278,276,35837,7,0,0,7,3
2020-09-30,US,Minnesota,Carver,1451,7,0,44.82017001,-93.80099179999999,27019.0,1380.7344251063384,0.4824259131633356,1444,1446,7,0,1439,1437,103551,5,0,0,5,9
2020-09-30,US,Minnesota,Cass,188,4,0,46.95043611,-94.32603968,27021.0,631.3173713019241,2.127659574468085,184,186,4,0,182,184,29519,2,0,0,2,2
2020-09-30,US,Minnesota,Chippewa,233,1,0,45.02343421,-95.56403693,27023.0,1974.5762711864406,0.4291845493562232,232,232,1,0,231,223,11924,1,0,0,1,9
2020-09-30,US,Minnesota,Chisago,522,1,0,45.5021011,-92.90861945,27025.0,922.6037929267044,0.19157088122605365,521,517,1,0,516,513,55922,5,0,0,5,4
2020-09-30,US,Minnesota,Clay,1457,41,0,46.89289518,-96.48761922,27027.0,2268.6929712559563,2.8140013726835966,1416,1424,41,0,1383,1417,63955,33,0,0,33,7
2020-09-30,US,Minnesota,Clearwater,32,0,0,47.57992111,-95.37790562,27029.0,362.8940802903154,0.0,32,31,0,0,31,28,8810,1,0,0,1,3
2020-09-30,US,Minnesota,Cook,7,0,0,47.90504893,-90.52629546,27031.0,128.1347245103423,0.0,7,7,0,0,7,6,5393,0,0,0,0,1
2020-09-30,US,Minnesota,Cottonwood,229,0,0,44.00715262,-95.18138802,27033.0,2045.3733476241518,0.0,229,229,0,0,229,228,11277,0,0,0,0,1
2020-09-30,US,Minnesota,Crow Wing,563,18,0,46.48096553,-94.06755609,27035.0,865.4215663669203,3.197158081705151,545,554,18,0,536,555,64889,9,0,0,9,-1
2020-09-30,US,Minnesota,Dakota,7724,127,0,44.67172617,-93.06299363,27037.0,1800.378070071162,1.6442257897462456,7597,7692,126,0,7566,7635,425423,32,1,0,31,57
2020-09-30,US,Minnesota,Dodge,268,0,0,44.02238415,-92.86244324,27039.0,1280.2140059233784,0.0,268,261,0,0,261,257,20822,7,0,0,7,4
2020-09-30,US,Minnesota,Douglas,362,2,0,45.93348491,-95.45335469,27041.0,949.1098817545424,0.5524861878453039,360,352,2,0,350,337,37964,10,0,0,10,15
2020-09-30,US,Minnesota,Faribault,149,0,0,43.67381499,-93.94787458,27043.0,1091.3352376767011,0.0,149,147,0,0,147,147,13758,2,0,0,2,0
2020-09-30,US,Minnesota,Fillmore,134,0,0,43.67394126,-92.08980382,27045.0,636.0658850334646,0.0,134,133,0,0,133,133,21058,1,0,0,1,0
2020-09-30,US,Minnesota,Freeborn,548,4,0,43.67385583,-93.34884422,27047.0,1809.715663287209,0.7299270072992701,544,546,4,0,542,546,30444,2,0,0,2,0
2020-09-30,US,Minnesota,Goodhue,392,9,0,44.40849741,-92.72341949999999,27049.0,845.9214501510575,2.295918367346939,383,389,9,0,380,382,46403,3,0,0,3,7
2020-09-30,US,Minnesota,Grant,64,4,0,45.93424769,-96.01139609,27051.0,1071.667782987274,6.25,60,63,4,0,59,63,6021,1,0,0,1,0
2020-09-30,US,Minnesota,Hennepin,27728,936,0,45.00761521,-93.47694895,27053.0,2190.477018082021,3.3756491633006345,26792,27557,932,0,26625,27372,1259428,171,4,0,167,185
2020-09-30,US,Minnesota,Houston,135,0,0,43.67129565,-91.49143057,27055.0,725.8064516129033,0.0,135,130,0,0,130,128,18578,5,0,0,5,2
2020-09-30,US,Minnesota,Hubbard,126,1,0,47.10778564,-94.91693868,27057.0,586.2919361593225,0.7936507936507936,125,122,1,0,121,117,21332,4,0,0,4,5
2020-09-30,US,Minnesota,Isanti,324,1,0,45.56181234,-93.29487636,27059.0,798.1081879988176,0.308641975308642,323,319,1,0,318,315,39966,5,0,0,5,4
2020-09-30,US,Minnesota,Itasca,356,16,0,47.51009045,-93.63092229,27061.0,788.8322623532017,4.49438202247191,340,352,15,0,337,347,45108,4,1,0,3,5
2020-09-30,US,Minnesota,Jackson,154,1,0,43.67423373,-95.15398258,27063.0,1564.0869388584194,0.6493506493506493,153,153,1,0,152,149,9911,1,0,0,1,4
2020-09-30,US,Minnesota,Kanabec,131,8,0,45.9459309,-93.29275192,27065.0,801.8608067576666,6.106870229007634,123,128,8,0,120,127,16207,3,0,0,3,1
2020-09-30,US,Minnesota,Kandiyohi,1057,3,0,45.1526059,-95.00586446,27067.0,2446.815898516169,0.2838221381267739,1054,1056,3,0,1053,1055,42855,1,0,0,1,1
2020-09-30,US,Minnesota,Kittson,12,0,0,48.77754106,-96.78317184,27069.0,279.1996277338297,0.0,12,12,0,0,12,12,4248,0,0,0,0,0
2020-09-30,US,Minnesota,Koochiching,123,4,0,48.24539665,-93.78352843,27071.0,1005.8058712895577,3.2520325203252027,119,123,3,0,120,123,12440,0,1,0,-1,0
2020-09-30,US,Minnesota,Lac qui Parle,72,1,0,44.9973857,-96.17488219,27073.0,1087.120640193266,1.3888888888888888,71,68,1,0,67,65,6658,4,0,0,4,3
2020-09-30,US,Minnesota,Lake,61,0,0,47.64270764,-91.44557998,27075.0,573.2543933840805,0.0,61,60,0,0,60,60,10658,1,0,0,1,0
2020-09-30,US,Minnesota,Lake of the Woods,24,1,0,48.77217001,-94.90274472,27077.0,641.7112299465241,4.166666666666667,23,24,1,0,23,23,3758,0,0,0,0,1
2020-09-30,US,Minnesota,Le Sueur,480,4,0,44.37136597,-93.72844721,27079.0,1661.6471076955027,0.8333333333333334,476,476,4,0,472,474,28494,4,0,0,4,2
2020-09-30,US,Minnesota,Lincoln,118,0,0,44.41311883,-96.26688165,27081.0,2092.569604539812,0.0,118,118,0,0,118,116,5673,0,0,0,0,2
2020-09-30,US,Minnesota,Lyon,738,4,0,44.41327865,-95.83806103,27083.0,2897.0715239067285,0.5420054200542005,734,733,4,0,729,722,25629,5,0,0,5,11
2020-09-30,US,Minnesota,Mahnomen,49,1,0,47.32557075,-95.80921485,27087.0,886.5569024787407,2.0408163265306123,48,49,1,0,48,49,5519,0,0,0,0,0
2020-09-30,US,Minnesota,Marshall,53,1,0,48.35825983,-96.37017407,27089.0,567.6949443016281,1.8867924528301887,52,53,1,0,52,53,9390,0,0,0,0,0
2020-09-30,US,Minnesota,Martin,462,11,0,43.67429718,-94.55099908,27091.0,2347.2031702484383,2.380952380952381,451,446,11,0,435,430,19785,16,0,0,16,16
2020-09-30,US,Minnesota,McLeod,503,2,0,44.82367677,-94.27287017,27085.0,1401.3874571643494,0.3976143141153082,501,502,2,0,500,501,35873,1,0,0,1,1
2020-09-30,US,Minnesota,Meeker,214,2,0,45.12328869,-94.52839455,27093.0,921.5399190422876,0.9345794392523364,212,213,2,0,211,213,23141,1,0,0,1,0
2020-09-30,US,Minnesota,Mille Lacs,172,3,0,45.93705297,-93.63236823,27095.0,654.5648285572935,1.7441860465116281,169,169,3,0,166,169,26139,3,0,0,3,0
2020-09-30,US,Minnesota,Morrison,280,2,0,46.01265363,-94.27341528,27097.0,838.6748936680043,0.7142857142857143,278,270,2,0,268,268,33169,10,0,0,10,2
2020-09-30,US,Minnesota,Mower,1348,6,0,43.67142874,-92.75234549,27099.0,3364.784583894963,0.4451038575667656,1342,1344,6,0,1338,1342,40011,4,0,0,4,2
2020-09-30,US,Minnesota,Murray,176,2,0,44.02216709,-95.76328482,27101.0,2147.9131071515744,1.1363636363636365,174,174,2,0,172,172,8276,2,0,0,2,2
2020-09-30,US,Minnesota,Nicollet,553,17,0,44.35291112,-94.24710352,27103.0,1613.46793487775,3.0741410488245933,536,547,17,0,530,545,34220,6,0,0,6,2
2020-09-30,US,Minnesota,Nobles,1979,16,0,43.67434621,-95.75329576,27105.0,9149.752646909245,0.8084891359272359,1963,1979,16,0,1963,1977,21924,0,0,0,0,2
2020-09-30,US,Minnesota,Norman,58,0,0,47.32628443,-96.45620947,27107.0,909.8039215686273,0.0,58,56,0,0,56,54,6475,2,0,0,2,2
2020-09-30,US,Minnesota,Olmsted,2544,28,0,44.00374114,-92.40209944,27109.0,1607.1462414636148,1.1006289308176103,2516,2535,28,0,2507,2519,156277,9,0,0,9,16
2020-09-30,US,Minnesota,Otter Tail,473,4,0,46.40846929,-95.70835255,27111.0,805.1612024648488,0.8456659619450317,469,469,4,0,465,462,58812,4,0,0,4,7
2020-09-30,US,Minnesota,Pennington,120,1,0,48.06642577,-96.0370814,27113.0,849.9185494723422,0.8333333333333334,119,120,1,0,119,120,14178,0,0,0,0,0
2020-09-30,US,Minnesota,Pine,361,0,0,46.12105238,-92.74070188,27115.0,1220.460461814125,0.0,361,355,0,0,355,343,29483,6,0,0,6,12
2020-09-30,US,Minnesota,Pipestone,239,10,0,44.02301619,-96.25841142,27117.0,2618.891080429542,4.184100418410042,229,238,10,0,228,232,9047,1,0,0,1,6
2020-09-30,US,Minnesota,Polk,334,4,0,47.77372465,-96.40134647,27119.0,1064.9151893891085,1.1976047904191616,330,327,4,0,323,322,31529,7,0,0,7,5
2020-09-30,US,Minnesota,Pope,100,0,0,45.58606667,-95.44451209,27121.0,888.9679082585118,0.0,100,100,0,0,100,99,11097,0,0,0,0,1
2020-09-30,US,Minnesota,Ramsey,11209,325,0,45.01625271,-93.09872295,27123.0,2036.8112428927843,2.899455794450888,10884,11167,323,0,10844,11088,550210,42,2,0,40,79
2020-09-30,US,Minnesota,Red Lake,45,1,0,47.87197525,-96.09561104,27125.0,1109.7410604192357,2.2222222222222223,44,45,1,0,44,45,3999,0,0,0,0,0
2020-09-30,US,Minnesota,Redwood,180,5,0,44.40555844,-95.25207021,27127.0,1186.5524060646012,2.7777777777777777,175,178,3,0,175,177,15249,2,2,0,0,1
2020-09-30,US,Minnesota,Renville,163,8,0,44.72836381,-94.94553734,27129.0,1120.4289249381359,4.9079754601227,155,161,8,0,153,157,14612,2,0,0,2,4
2020-09-30,US,Minnesota,Rice,1351,8,0,44.3543376,-93.29658715,27131.0,2017.260944872484,0.5921539600296077,1343,1347,8,0,1339,1343,66523,4,0,0,4,4
2020-09-30,US,Minnesota,Rock,184,1,0,43.67482683,-96.25296832,27133.0,1975.3086419753085,0.5434782608695652,183,181,0,0,181,176,9414,3,1,0,2,5
2020-09-30,US,Minnesota,Roseau,125,0,0,48.77501878,-95.81079919,27135.0,824.2664029014177,0.0,125,126,0,0,126,125,15150,-1,0,0,-1,1
2020-09-30,US,Minnesota,Scott,2663,33,0,44.6490231,-93.53340251,27139.0,1787.0924013341119,1.2392039053698836,2630,2648,33,0,2615,2625,147381,15,0,0,15,23
2020-09-30,US,Minnesota,Sherburne,1185,14,0,45.44447208,-93.77617511,27141.0,1218.6593718505114,1.181434599156118,1171,1177,14,0,1163,1169,96036,8,0,0,8,8
2020-09-30,US,Minnesota,Sibley,203,3,0,44.5796592,-94.23164924,27143.0,1365.623948873192,1.477832512315271,200,202,3,0,199,199,15028,1,0,0,1,3
2020-09-30,US,Minnesota,St. Louis,1747,42,0,47.604840700000004,-92.46879855,27137.0,877.5807504897774,2.4041213508872348,1705,1725,42,0,1683,1659,199754,22,0,0,22,66
2020-09-30,US,Minnesota,Stearns,4119,25,0,45.55192576,-94.61078221,27145.0,2557.1938537948167,0.6069434328720563,4094,4094,24,0,4070,4077,159256,25,1,0,24,17
2020-09-30,US,Minnesota,Steele,560,2,0,44.02240351,-93.22627088,27147.0,1528.0089497667059,0.35714285714285715,558,555,2,0,553,555,36803,5,0,0,5,0
2020-09-30,US,Minnesota,Stevens,107,1,0,45.58613007,-96.00163705,27149.0,1091.2799592044876,0.9345794392523364,106,107,1,0,106,104,9753,0,0,0,0,3
2020-09-30,US,Minnesota,Swift,145,1,0,45.2829032,-95.68264092,27151.0,1564.8607813511765,0.6896551724137931,144,144,1,0,143,144,9345,1,0,0,1,0
2020-09-30,US,Minnesota,Todd,514,2,0,46.06996226,-94.89785296,27153.0,2084.009082062925,0.3891050583657588,512,507,2,0,505,504,24582,7,0,0,7,3
2020-09-30,US,Minnesota,Traverse,36,0,0,45.77298854,-96.47062949,27155.0,1104.633323105247,0.0,36,34,0,0,34,34,3308,2,0,0,2,0
2020-09-30,US,Minnesota,Unassigned,154,53,0,0.0,0.0,90027.0,0.0,34.41558441558441,101,153,52,0,101,154,,1,1,0,0,-1
2020-09-30,US,Minnesota,Wabasha,208,0,0,44.28424356,-92.23121312,27157.0,961.76076201045,0.0,208,206,0,0,206,202,21645,2,0,0,2,4
2020-09-30,US,Minnesota,Wadena,73,0,0,46.58589171,-94.96968506,27159.0,533.5477269405059,0.0,73,73,0,0,73,72,13773,0,0,0,0,1
2020-09-30,US,Minnesota,Waseca,722,8,0,44.02211116,-93.58720034,27161.0,3879.217709004943,1.10803324099723,714,722,8,0,714,689,18691,0,0,0,0,33
2020-09-30,US,Minnesota,Washington,3950,55,0,45.03864533,-92.88429635,27163.0,1505.1059289742416,1.3924050632911391,3895,3918,55,0,3863,3883,259201,32,0,0,32,35
2020-09-30,US,Minnesota,Watonwan,535,4,0,43.97823903,-94.61413846,27165.0,4909.608149031844,0.7476635514018691,531,535,4,0,531,530,10980,0,0,0,0,5
2020-09-30,US,Minnesota,Wilkin,71,3,0,46.35721532,-96.4684375,27167.0,1143.8698243918154,4.225352112676056,68,71,3,0,68,70,6254,0,0,0,0,1
2020-09-30,US,Minnesota,Winona,923,18,0,43.98772283,-91.78081305,27169.0,1828.302036288725,1.9501625135427951,905,920,18,0,902,913,50825,3,0,0,3,7
2020-09-30,US,Minnesota,Wright,1713,7,0,45.17297924,-93.96234781,27171.0,1237.922487118524,0.4086398131932282,1706,1701,7,0,1694,1695,136349,12,0,0,12,6
2020-09-30,US,Minnesota,Yellow Medicine,200,3,0,44.71710183,-95.86842453,27173.0,2059.9443815016994,1.5,197,198,2,0,196,190,9795,2,1,0,1,8
2020-09-30,US,Mississippi,Adams,949,37,0,31.47669768,-91.35326037,28001.0,3091.9102075391784,3.898840885142255,912,945,37,0,908,943,31192,4,0,0,4,2
2020-09-30,US,Mississippi,Alcorn,834,11,0,34.88084463,-88.57996173,28003.0,2256.920953643818,1.3189448441247005,823,832,11,0,821,827,36925,2,0,0,2,5
2020-09-30,US,Mississippi,Amite,342,10,0,31.17467303,-90.80501621,28005.0,2781.166138082459,2.9239766081871346,332,342,10,0,332,335,12326,0,0,0,0,7
2020-09-30,US,Mississippi,Attala,672,25,0,33.08658803,-89.57838564,28007.0,3697.589963684384,3.7202380952380953,647,672,25,0,647,671,18365,0,0,0,0,1
2020-09-30,US,Mississippi,Benton,233,3,0,34.81681228,-89.18945516,28009.0,2821.1647899261407,1.2875536480686696,230,233,3,0,230,229,8271,0,0,0,0,4
2020-09-30,US,Mississippi,Bolivar,1873,70,0,33.79696941,-90.87372121,28011.0,6115.319315658874,3.737319807794981,1803,1857,70,0,1787,1849,31333,16,0,0,16,8
2020-09-30,US,Mississippi,Calhoun,529,12,0,33.93683395,-89.33686647,28013.0,3683.5874939071095,2.268431001890359,517,527,12,0,515,524,14436,2,0,0,2,3
2020-09-30,US,Mississippi,Carroll,331,12,0,33.44834567,-89.91994479,28015.0,3327.636473308535,3.625377643504532,319,323,12,0,311,321,9911,8,0,0,8,2
2020-09-30,US,Mississippi,Chickasaw,695,24,0,33.91983202,-88.9481545,28017.0,4063.61457054318,3.4532374100719423,671,692,24,0,668,685,17171,3,0,0,3,7
2020-09-30,US,Mississippi,Choctaw,187,6,0,33.34598242,-89.24809382,28019.0,2277.710109622412,3.2085561497326203,181,187,6,0,181,186,8278,0,0,0,0,1
2020-09-30,US,Mississippi,Claiborne,465,16,0,31.97061673,-90.90702196,28021.0,5173.564753004005,3.4408602150537635,449,465,16,0,449,465,9002,0,0,0,0,0
2020-09-30,US,Mississippi,Clarke,611,49,0,32.04158545,-88.68896219999998,28023.0,3931.535937198378,8.019639934533549,562,610,48,0,562,603,15604,1,1,0,0,7
2020-09-30,US,Mississippi,Clay,599,19,0,33.65358105,-88.77784255,28025.0,3101.0561192793543,3.1719532554257097,580,599,18,0,581,598,19386,0,1,0,-1,1
2020-09-30,US,Mississippi,Coahoma,1175,30,0,34.22772299,-90.60415045,28027.0,5310.974507322365,2.5531914893617023,1145,1167,30,0,1137,1163,22628,8,0,0,8,4
2020-09-30,US,Mississippi,Copiah,1199,33,0,31.86977774,-90.44565118,28029.0,4272.225191519687,2.7522935779816518,1166,1199,33,0,1166,1193,28543,0,0,0,0,6
2020-09-30,US,Mississippi,Covington,832,23,0,31.63225413,-89.55389939,28031.0,4464.47735565572,2.7644230769230766,809,830,23,0,807,827,18853,2,0,0,2,3
2020-09-30,US,Mississippi,DeSoto,5694,64,0,34.87625235,-89.99091418,28033.0,3078.753142826245,1.1239901650860555,5630,5678,63,0,5615,5650,182001,16,1,0,15,28
2020-09-30,US,Mississippi,Forrest,2542,75,0,31.18961454,-89.25832496,28035.0,3393.994419002096,2.9504327301337527,2467,2524,76,0,2448,2509,75036,18,-1,0,19,15
2020-09-30,US,Mississippi,Franklin,199,3,0,31.47786634,-90.89672989,28037.0,2580.059639569558,1.5075376884422111,196,197,3,0,194,193,7788,2,0,0,2,4
2020-09-30,US,Mississippi,George,785,13,0,30.86259065,-88.64436789,28039.0,3204.0816326530608,1.6560509554140128,772,784,13,0,771,783,24250,1,0,0,1,1
2020-09-30,US,Mississippi,Greene,389,17,0,31.21444233,-88.63922281,28041.0,2863.2415722066835,4.370179948586118,372,389,17,0,372,386,13586,0,0,0,0,3
2020-09-30,US,Mississippi,Grenada,1101,36,0,33.77036166,-89.80245083,28043.0,5303.979188746507,3.2697547683923704,1065,1098,36,0,1062,1095,21055,3,0,0,3,3
2020-09-30,US,Mississippi,Hancock,598,22,0,30.41830223,-89.48851033,28045.0,1255.4585152838429,3.6789297658862883,576,595,22,0,573,590,47334,3,0,0,3,5
2020-09-30,US,Mississippi,Harrison,3941,75,0,30.51359752,-89.12467576,28047.0,1893.9830834294503,1.9030702867292568,3866,3917,74,0,3843,3888,206650,24,1,0,23,29
2020-09-30,US,Mississippi,Hinds,7189,161,0,32.2656285,-90.44435448,28049.0,3100.8454106280187,2.239532619279455,7028,7179,161,0,7018,7151,237085,10,0,0,10,28
2020-09-30,US,Mississippi,Holmes,1100,60,0,33.12345854,-90.08923538,28051.0,6466.784244562023,5.454545454545454,1040,1100,60,0,1040,1100,17622,0,0,0,0,0
2020-09-30,US,Mississippi,Humphreys,377,15,0,33.12825718,-90.52252707,28053.0,4675.099206349207,3.9787798408488064,362,377,15,0,362,378,8257,0,0,0,0,-1
2020-09-30,US,Mississippi,Issaquena,106,3,0,32.72531359,-90.97392828,28055.0,7987.942727957799,2.830188679245283,103,105,3,0,102,105,1308,1,0,0,1,0
2020-09-30,US,Mississippi,Itawamba,859,21,0,34.27993475,-88.3606733,28057.0,3672.509619495511,2.444703143189756,838,850,21,0,829,835,23517,9,0,0,9,15
2020-09-30,US,Mississippi,Jackson,3585,70,0,30.54020656,-88.64184064,28059.0,2496.2225920329765,1.9525801952580195,3515,3553,70,0,3483,3527,143277,32,0,0,32,26
2020-09-30,US,Mississippi,Jasper,584,15,0,32.01922104,-89.11786866,28061.0,3564.670695232863,2.568493150684932,569,581,15,0,566,578,16428,3,0,0,3,3
2020-09-30,US,Mississippi,Jefferson,243,9,0,31.73397872,-91.03764977,28063.0,3476.3948497854076,3.703703703703704,234,242,9,0,233,243,7106,1,0,0,1,-1
2020-09-30,US,Mississippi,Jefferson Davis,347,11,0,31.56884708,-89.82670990000004,28065.0,3118.2602444284694,3.1700288184438037,336,346,11,0,335,342,11234,1,0,0,1,4
2020-09-30,US,Mississippi,Jones,2527,80,0,31.62257767,-89.16896899999998,28067.0,3710.8285118505682,3.165809259992085,2447,2515,80,0,2435,2504,68461,12,0,0,12,11
2020-09-30,US,Mississippi,Kemper,291,15,0,32.75462946,-88.64105766,28069.0,2987.066310819134,5.154639175257731,276,291,15,0,276,290,10027,0,0,0,0,1
2020-09-30,US,Mississippi,Lafayette,2212,40,0,34.35687874,-89.48490961,28071.0,4094.8555138007,1.8083182640144664,2172,2208,40,0,2168,2198,54793,4,0,0,4,10
2020-09-30,US,Mississippi,Lamar,1762,37,0,31.20572971,-89.5077704,28073.0,2781.680690841924,2.0998864926220207,1725,1743,36,0,1707,1728,62447,19,1,0,18,15
2020-09-30,US,Mississippi,Lauderdale,2078,126,0,32.40419769,-88.66229662,28075.0,2803.3726812816194,6.063522617901829,1952,2077,126,0,1951,2065,75317,1,0,0,1,12
2020-09-30,US,Mississippi,Lawrence,439,14,0,31.55147224,-90.10841127,28077.0,3488.0025425075482,3.1890660592255125,425,437,14,0,423,433,12455,2,0,0,2,4
2020-09-30,US,Mississippi,Leake,965,38,0,32.7536828,-89.52402044,28079.0,4235.056613710172,3.937823834196891,927,963,38,0,925,962,22763,2,0,0,2,1
2020-09-30,US,Mississippi,Lee,2935,72,0,34.291877500000005,-88.68149954,28081.0,3435.3200056182404,2.4531516183986373,2863,2804,71,0,2733,2764,85202,131,1,0,130,40
2020-09-30,US,Mississippi,Leflore,1438,82,0,33.55545125,-90.29900733,28083.0,5102.366674945889,5.702364394993046,1356,1426,81,0,1345,1417,28919,12,1,0,11,9
2020-09-30,US,Mississippi,Lincoln,1123,53,0,31.53288662,-90.45391915,28085.0,3288.1445261031236,4.719501335707926,1070,1123,53,0,1070,1114,34205,0,0,0,0,9
2020-09-30,US,Mississippi,Lowndes,1608,58,0,33.47386518,-88.44191529999998,28087.0,2744.2614557556108,3.606965174129354,1550,1598,58,0,1540,1581,58930,10,0,0,10,17
2020-09-30,US,Mississippi,Madison,3341,90,0,32.63389156,-90.03513564,28089.0,3143.819632640771,2.6938042502244834,3251,3331,90,0,3241,3314,105630,10,0,0,10,17
2020-09-30,US,Mississippi,Marion,875,37,0,31.23132643,-89.8209217,28091.0,3560.818784845156,4.228571428571429,838,871,36,0,835,869,24715,4,1,0,3,2
2020-09-30,US,Mississippi,Marshall,1118,21,0,34.76216286,-89.50299462,28093.0,3167.6772255907517,1.8783542039355996,1097,1118,21,0,1097,1115,35451,0,0,0,0,3
2020-09-30,US,Mississippi,Monroe,1253,69,0,33.89236763,-88.4808438,28095.0,3554.4082605242256,5.506783719074222,1184,1246,69,0,1177,1239,35564,7,0,0,7,7
2020-09-30,US,Mississippi,Montgomery,470,20,0,33.49419589,-89.61729103,28097.0,4808.1841432225065,4.25531914893617,450,469,20,0,449,465,10023,1,0,0,1,4
2020-09-30,US,Mississippi,Neshoba,1599,104,0,32.75339664,-89.11726492,28099.0,5491.448588501958,6.5040650406504055,1495,1597,104,0,1493,1581,29125,2,0,0,2,16
2020-09-30,US,Mississippi,Newton,781,24,0,32.40021118,-89.11843336,28101.0,3715.862593967076,3.072983354673496,757,778,24,0,754,773,21443,3,0,0,3,5
2020-09-30,US,Mississippi,Noxubee,558,16,0,33.11009499,-88.56949061,28103.0,5356.628587885188,2.867383512544803,542,558,16,0,542,555,10535,0,0,0,0,3
2020-09-30,US,Mississippi,Oktibbeha,1819,52,0,33.42491685,-88.87905132,28105.0,3668.3001593159497,2.8587135788895,1767,1811,52,0,1759,1802,49599,8,0,0,8,9
2020-09-30,US,Mississippi,Panola,1516,31,0,34.36398677,-89.95064249,28107.0,4433.78568086102,2.0448548812664913,1485,1512,31,0,1481,1510,34178,4,0,0,4,2
2020-09-30,US,Mississippi,Pearl River,914,53,0,30.77090935,-89.58677275,28109.0,1645.8089493112452,5.7986870897155365,861,909,53,0,856,896,55387,5,0,0,5,13
2020-09-30,US,Mississippi,Perry,432,21,0,31.17161885,-88.99281835,28111.0,3608.118266098722,4.861111111111111,411,428,21,0,407,424,11931,4,0,0,4,4
2020-09-30,US,Mississippi,Pike,1249,54,0,31.17507789,-90.40392572,28113.0,3179.087762166565,4.323458767013611,1195,1249,53,0,1196,1242,39563,0,1,0,-1,7
2020-09-30,US,Mississippi,Pontotoc,1301,16,0,34.226046000000004,-89.03636807,28115.0,4043.637719898055,1.2298232129131437,1285,1293,16,0,1277,1282,31833,8,0,0,8,11
2020-09-30,US,Mississippi,Prentiss,884,18,0,34.61810501,-88.51986294,28117.0,3518.267929634641,2.0361990950226243,866,879,18,0,861,865,25315,5,0,0,5,14
2020-09-30,US,Mississippi,Quitman,390,5,0,34.25157572,-90.28908,28119.0,5742.049469964664,1.2820512820512822,385,387,5,0,382,380,7051,3,0,0,3,7
2020-09-30,US,Mississippi,Rankin,3372,80,0,32.26469147,-89.94537876,28121.0,2171.6869215758256,2.372479240806643,3292,3346,79,0,3267,3311,153902,26,1,0,25,35
2020-09-30,US,Mississippi,Scott,1180,27,0,32.406704100000006,-89.53789439,28123.0,4195.704736168397,2.2881355932203387,1153,1177,27,0,1150,1176,28287,3,0,0,3,1
2020-09-30,US,Mississippi,Sharkey,267,14,0,32.88149103,-90.81595379999999,28125.0,6179.125202499421,5.243445692883896,253,266,14,0,252,266,4377,1,0,0,1,0
2020-09-30,US,Mississippi,Simpson,1058,47,0,31.91282117,-89.91716179,28127.0,3968.789856703429,4.44234404536862,1011,1050,47,0,1003,1048,26758,8,0,0,8,2
2020-09-30,US,Mississippi,Smith,551,15,0,32.01744532,-89.50644846,28129.0,3461.925106810756,2.722323049001815,536,545,15,0,530,538,16002,6,0,0,6,7
2020-09-30,US,Mississippi,Stone,380,13,0,30.79187949,-89.11547539,28131.0,2072.425828970332,3.421052631578948,367,379,13,0,366,376,18717,1,0,0,1,3
2020-09-30,US,Mississippi,Sunflower,1491,46,0,33.60192578,-90.58882684,28133.0,5937.873357228196,3.085177733065057,1445,1485,46,0,1439,1480,25735,6,0,0,6,5
2020-09-30,US,Mississippi,Tallahatchie,783,24,0,33.95339918,-90.1729398,28135.0,5670.215077123615,3.0651340996168583,759,777,24,0,753,776,13987,6,0,0,6,1
2020-09-30,US,Mississippi,Tate,1019,38,0,34.65133709,-89.94485778,28137.0,3598.0367924861407,3.7291462217860647,981,1012,38,0,974,1011,28759,7,0,0,7,1
2020-09-30,US,Mississippi,Tippah,705,18,0,34.76872156,-88.90988194,28139.0,3202.3620258914366,2.5531914893617023,687,687,18,0,669,673,21995,18,0,0,18,14
2020-09-30,US,Mississippi,Tishomingo,710,39,0,34.74023475,-88.23917219,28141.0,3663.0036630036625,5.492957746478874,671,703,38,0,665,694,19454,7,1,0,6,9
2020-09-30,US,Mississippi,Tunica,500,15,0,34.64967704,-90.37481167,28143.0,5191.029900332226,3.0,485,499,15,0,484,499,9944,1,0,0,1,0
2020-09-30,US,Mississippi,Union,1012,24,0,34.49162015,-89.00776006,28145.0,3512.0596911330904,2.3715415019762847,988,1002,24,0,978,999,28606,10,0,0,10,3
2020-09-30,US,Mississippi,Walthall,604,26,0,31.14971548,-90.10446654,28147.0,4227.915441691166,4.304635761589403,578,604,26,0,578,602,14465,0,0,0,0,2
2020-09-30,US,Mississippi,Warren,1418,50,0,32.35810271,-90.83352619,28149.0,3124.6556929111302,3.5260930888575457,1368,1415,50,0,1365,1409,46176,3,0,0,3,6
2020-09-30,US,Mississippi,Washington,2278,79,0,33.28392041,-90.94196237,28151.0,5188.002459632422,3.4679543459174718,2199,2263,79,0,2184,2259,45063,15,0,0,15,4
2020-09-30,US,Mississippi,Wayne,915,21,0,31.64135687,-88.69573913,28153.0,4533.518307486498,2.295081967213114,894,912,21,0,891,908,20298,3,0,0,3,4
2020-09-30,US,Mississippi,Webster,339,13,0,33.61300486,-89.28392912,28155.0,3498.813087005883,3.834808259587021,326,339,13,0,326,338,9788,0,0,0,0,1
2020-09-30,US,Mississippi,Wilkinson,308,18,0,31.16078225,-91.31018819,28157.0,3568.945538818077,5.8441558441558445,290,307,18,0,289,305,8792,1,0,0,1,2
2020-09-30,US,Mississippi,Winston,746,19,0,33.08747908,-89.03391385,28159.0,4154.8315232525765,2.5469168900804293,727,746,19,0,727,742,18165,0,0,0,0,4
2020-09-30,US,Mississippi,Yalobusha,444,14,0,34.02824175,-89.70762049999998,28161.0,3666.997026759168,3.1531531531531534,430,442,14,0,428,437,12392,2,0,0,2,5
2020-09-30,US,Mississippi,Yazoo,1067,33,0,32.77890365,-90.39656148,28163.0,3593.802627147188,3.0927835051546397,1034,1066,31,0,1035,1062,28248,1,2,0,-1,4
2020-09-30,US,Missouri,Adair,350,0,0,40.19058551,-92.60078167,29001.0,1381.0519670125873,0.0,350,350,0,0,350,350,25339,0,0,0,0,0
2020-09-30,US,Missouri,Andrew,259,2,0,39.98492163,-94.80163024,29003.0,1462.2854561878953,0.7722007722007722,257,259,2,0,257,259,17607,0,0,0,0,0
2020-09-30,US,Missouri,Atchison,54,0,0,40.43238737,-95.42970639,29005.0,1049.970834143496,0.0,54,54,0,0,54,54,5171,0,0,0,0,0
2020-09-30,US,Missouri,Audrain,447,4,0,39.215877,-91.84242683,29007.0,1760.67433433118,0.8948545861297539,443,447,4,0,443,447,25473,0,0,0,0,0
2020-09-30,US,Missouri,Barry,494,6,0,36.70978521,-93.82919888,29009.0,1380.3123864874685,1.214574898785425,488,494,6,0,488,494,35886,0,0,0,0,0
2020-09-30,US,Missouri,Barton,192,0,0,37.50207671,-94.34757022,29011.0,1633.486472690148,0.0,192,192,0,0,192,192,11798,0,0,0,0,0
2020-09-30,US,Missouri,Bates,126,2,0,38.25271289,-94.34113157,29013.0,779.1244125649271,1.5873015873015872,124,126,2,0,124,126,16320,0,0,0,0,0
2020-09-30,US,Missouri,Benton,335,3,0,38.29503305,-93.28756116,29015.0,1722.9851360386774,0.8955223880597015,332,335,3,0,332,335,19278,0,0,0,0,0
2020-09-30,US,Missouri,Bollinger,355,1,0,37.32449052,-90.02725304,29017.0,2925.9045578175233,0.28169014084507044,354,355,1,0,354,355,12169,0,0,0,0,0
2020-09-30,US,Missouri,Boone,4727,10,0,38.99186229,-92.30723575,29019.0,2619.3735003851207,0.2115506663845991,4717,4727,10,0,4717,4727,180005,0,0,0,0,0
2020-09-30,US,Missouri,Buchanan,2026,16,0,39.65816401,-94.80138942,29021.0,2319.0330113090063,0.7897334649555775,2010,2026,16,0,2010,2026,88571,0,0,0,0,0
2020-09-30,US,Missouri,Butler,659,7,0,36.71462476,-90.40421163,29023.0,1551.3913084420171,1.0622154779969648,652,659,7,0,652,659,42639,0,0,0,0,0
2020-09-30,US,Missouri,Caldwell,100,1,0,39.65620858,-93.98308093,29025.0,1108.6474501108646,1.0,99,100,1,0,99,100,9108,0,0,0,0,0
2020-09-30,US,Missouri,Callaway,672,3,0,38.83674754,-91.92186505,29027.0,1501.9109134389735,0.44642857142857145,669,672,3,0,669,672,44889,0,0,0,0,0
2020-09-30,US,Missouri,Camden,1023,11,0,38.02199522,-92.76083747,29029.0,2209.26465824425,1.075268817204301,1012,1023,11,0,1012,1023,45815,0,0,0,0,0
2020-09-30,US,Missouri,Cape Girardeau,1807,15,0,37.38489388,-89.6843587,29031.0,2291.0829075325532,0.8301051466519093,1792,1807,15,0,1792,1807,78753,0,0,0,0,0
2020-09-30,US,Missouri,Carroll,132,2,0,39.42762566,-93.50626255,29033.0,1520.912547528517,1.5151515151515151,130,132,2,0,130,132,8743,0,0,0,0,0
2020-09-30,US,Missouri,Carter,107,1,0,36.94160441,-90.96051322,29035.0,1788.699431628218,0.9345794392523364,106,107,1,0,106,107,6054,0,0,0,0,0
2020-09-30,US,Missouri,Cass,1527,24,0,38.64789422,-94.353399,29037.0,1443.562110039705,1.5717092337917484,1503,1527,24,0,1503,1527,104954,0,0,0,0,0
2020-09-30,US,Missouri,Cedar,121,0,0,37.72391475,-93.85445441,29039.0,843.264338978326,0.0,121,121,0,0,121,121,14165,0,0,0,0,0
2020-09-30,US,Missouri,Chariton,48,0,0,39.51499357,-92.9629191,29041.0,646.3775922434688,0.0,48,48,0,0,48,48,7451,0,0,0,0,0
2020-09-30,US,Missouri,Christian,1472,6,0,36.9711783,-93.18537118,29043.0,1661.4933122636717,0.4076086956521739,1466,1472,6,0,1466,1472,86983,0,0,0,0,0
2020-09-30,US,Missouri,Clark,65,0,0,40.41040752,-91.73661677,29045.0,956.3042518758276,0.0,65,65,0,0,65,65,6842,0,0,0,0,0
2020-09-30,US,Missouri,Clay,1827,41,0,39.31132056,-94.41850862,29047.0,730.9520380239087,2.2441160372194857,1786,1827,41,0,1786,1827,246365,0,0,0,0,0
2020-09-30,US,Missouri,Clinton,244,0,0,39.6013098,-94.40465394,29049.0,1196.841124245843,0.0,244,244,0,0,244,244,20470,0,0,0,0,0
2020-09-30,US,Missouri,Cole,1584,14,0,38.50455671,-92.27860244,29051.0,2063.9781093230827,0.8838383838383839,1570,1584,14,0,1570,1584,76796,0,0,0,0,0
2020-09-30,US,Missouri,Cooper,434,2,0,38.844478,-92.80896081,29053.0,2450.731266587611,0.4608294930875576,432,434,2,0,432,434,17603,0,0,0,0,0
2020-09-30,US,Missouri,Crawford,407,4,0,37.97663738,-91.30528104,29055.0,1701.505016722408,0.9828009828009828,403,407,4,0,403,407,23957,0,0,0,0,0
2020-09-30,US,Missouri,Dade,70,0,0,37.431814,-93.8503345,29057.0,925.8034651501123,0.0,70,70,0,0,70,70,7569,0,0,0,0,0
2020-09-30,US,Missouri,Dallas,194,1,0,37.681135499999996,-93.02127031,29059.0,1149.425287356322,0.5154639175257731,193,194,1,0,193,194,16762,0,0,0,0,0
2020-09-30,US,Missouri,Daviess,123,1,0,39.96145298,-93.98519678,29061.0,1485.8661512442618,0.8130081300813008,122,123,1,0,122,123,8313,0,0,0,0,0
2020-09-30,US,Missouri,DeKalb,136,2,0,39.89201062,-94.40476508,29063.0,1083.9244440902207,1.4705882352941178,134,136,2,0,134,136,12630,0,0,0,0,0
2020-09-30,US,Missouri,Dent,150,2,0,37.60663134,-91.50790473,29065.0,963.2055480639567,1.3333333333333333,148,150,2,0,148,150,15441,0,0,0,0,0
2020-09-30,US,Missouri,Douglas,208,3,0,36.9325593,-92.49905109,29067.0,1577.550246492226,1.4423076923076923,205,208,3,0,205,208,13373,0,0,0,0,0
2020-09-30,US,Missouri,Dunklin,800,8,0,36.27167174,-90.09122243,29069.0,2746.215371940545,1.0,792,800,8,0,792,800,29423,0,0,0,0,0
2020-09-30,US,Missouri,Franklin,1757,29,0,38.41127108,-91.07522826,29071.0,1689.9593140131005,1.6505406943653955,1728,1757,29,0,1728,1757,103670,0,0,0,0,0
2020-09-30,US,Missouri,Gasconade,166,20,0,38.43947277,-91.50847147,29073.0,1128.7909696722427,12.048192771084338,146,166,20,0,146,166,14705,0,0,0,0,0
2020-09-30,US,Missouri,Gentry,125,9,0,40.21097916,-94.40944419,29075.0,1902.2979759549528,7.2,116,125,9,0,116,125,6628,0,0,0,0,0
2020-09-30,US,Missouri,Greene,6398,58,0,37.2575872,-93.34230916,29077.0,2182.97701016084,0.9065332916536416,6340,6398,58,0,6340,6398,291923,0,0,0,0,0
2020-09-30,US,Missouri,Grundy,195,4,0,40.11406587,-93.56509276,29079.0,1979.6954314720813,2.051282051282051,191,195,4,0,191,195,9914,0,0,0,0,0
2020-09-30,US,Missouri,Harrison,115,1,0,40.35570088,-93.99222144,29081.0,1376.9157088122604,0.8695652173913043,114,115,1,0,114,115,8414,0,0,0,0,0
2020-09-30,US,Missouri,Henry,205,5,0,38.38482826,-93.79293734,29083.0,939.3328445747801,2.4390243902439024,200,205,5,0,200,205,21792,0,0,0,0,0
2020-09-30,US,Missouri,Hickory,109,3,0,37.94163617,-93.3203037,29085.0,1142.0787929589274,2.7522935779816518,106,109,3,0,106,109,9509,0,0,0,0,0
2020-09-30,US,Missouri,Holt,79,1,0,40.09799248,-95.21638879999999,29087.0,1794.231205995912,1.2658227848101269,78,79,1,0,78,79,4404,0,0,0,0,0
2020-09-30,US,Missouri,Howard,176,2,0,39.1435761,-92.69756691,29089.0,1759.8240175982403,1.1363636363636365,174,176,2,0,174,176,10137,0,0,0,0,0
2020-09-30,US,Missouri,Howell,634,3,0,36.77383887,-91.88683935,29091.0,1580.3773961163595,0.473186119873817,631,634,3,0,631,634,40076,0,0,0,0,0
2020-09-30,US,Missouri,Iron,56,0,0,37.55487945,-90.7735296,29093.0,553.0864197530864,0.0,56,56,0,0,56,56,10177,0,0,0,0,0
2020-09-30,US,Missouri,Jackson,7588,102,0,39.01002188,-94.34724536,29095.0,1079.3572220064837,1.3442277279915655,7486,7588,102,0,7486,7588,700307,0,0,0,0,0
2020-09-30,US,Missouri,Jasper,3830,53,0,37.20351921,-94.34050458,29097.0,3156.732164051168,1.3838120104438645,3777,3830,53,0,3777,3830,120636,0,0,0,0,0
2020-09-30,US,Missouri,Jefferson,4282,59,0,38.25926778,-90.53870896,29099.0,1902.4262376655515,1.3778608127043437,4223,4282,59,0,4223,4282,224347,0,0,0,0,0
2020-09-30,US,Missouri,Johnson,1111,4,0,38.74719601,-93.80691168,29101.0,2055.0479079575307,0.36003600360036003,1107,1111,4,0,1107,1111,53652,0,0,0,0,0
2020-09-30,US,Missouri,Kansas City,11276,125,0,39.0997,-94.5786,0.0,2306.1992911239145,1.1085491308974813,11151,11276,125,0,11151,11276,491918,0,0,0,0,0
2020-09-30,US,Missouri,Knox,50,1,0,40.12699751,-92.14780832,29103.0,1262.945188178833,2.0,49,50,1,0,49,50,3947,0,0,0,0,0
2020-09-30,US,Missouri,Laclede,668,4,0,37.65896829,-92.5888493,29105.0,1869.94373372897,0.5988023952095808,664,668,4,0,664,668,35713,0,0,0,0,0
2020-09-30,US,Missouri,Lafayette,533,2,0,39.06986886,-93.78076396,29107.0,1629.570747217806,0.37523452157598497,531,533,2,0,531,533,32598,0,0,0,0,0
2020-09-30,US,Missouri,Lawrence,635,4,0,37.10626634,-93.83293097,29109.0,1655.585973145613,0.6299212598425197,631,635,4,0,631,635,38359,0,0,0,0,0
2020-09-30,US,Missouri,Lewis,92,2,0,40.09673161,-91.72070156,29111.0,941.0801963993454,2.1739130434782608,90,92,2,0,90,92,9855,0,0,0,0,0
2020-09-30,US,Missouri,Lincoln,787,3,0,39.05345619,-90.95588181,29113.0,1333.6044600342298,0.3811944091486658,784,787,3,0,784,787,57686,0,0,0,0,0
2020-09-30,US,Missouri,Linn,85,1,0,39.87001769,-93.10704106,29115.0,713.0872483221477,1.1764705882352942,84,85,1,0,84,85,12037,0,0,0,0,0
2020-09-30,US,Missouri,Livingston,408,1,0,39.78110272,-93.54645978,29117.0,2679.450975241348,0.24509803921568624,407,408,1,0,407,408,15146,0,0,0,0,0
2020-09-30,US,Missouri,Macon,151,0,0,39.83049768,-92.56453089,29121.0,998.8754382483296,0.0,151,151,0,0,151,151,15153,0,0,0,0,0
2020-09-30,US,Missouri,Madison,312,1,0,37.47865134,-90.34671429999999,29123.0,2581.0721376571805,0.3205128205128205,311,312,1,0,311,312,12188,0,0,0,0,0
2020-09-30,US,Missouri,Maries,84,0,0,38.16193985,-91.92249662,29125.0,965.8502932045532,0.0,84,84,0,0,84,84,8769,0,0,0,0,0
2020-09-30,US,Missouri,Marion,671,14,0,39.80601912,-91.62203062,29127.0,2351.9102698913425,2.0864381520119224,657,671,14,0,657,671,28592,0,0,0,0,0
2020-09-30,US,Missouri,McDonald,1118,11,0,36.62869595,-94.34867205,29119.0,4895.564215965321,0.9838998211091234,1107,1118,11,0,1107,1118,23078,0,0,0,0,0
2020-09-30,US,Missouri,Mercer,28,0,0,40.42212303,-93.56829590000001,29129.0,774.1222007188278,0.0,28,28,0,0,28,28,3641,0,0,0,0,0
2020-09-30,US,Missouri,Miller,510,1,0,38.21450288,-92.42610898,29131.0,1990.7100199070999,0.19607843137254904,509,510,1,0,509,510,25336,0,0,0,0,0
2020-09-30,US,Missouri,Mississippi,300,3,0,36.82516239,-89.29505753,29133.0,2276.176024279211,1.0,297,300,3,0,297,300,13336,0,0,0,0,0
2020-09-30,US,Missouri,Moniteau,324,4,0,38.63571781,-92.57976951,29135.0,2008.4304487974214,1.2345679012345678,320,324,4,0,320,324,16121,0,0,0,0,0
2020-09-30,US,Missouri,Monroe,90,1,0,39.49593978,-92.00043978,29137.0,1041.184636742249,1.1111111111111112,89,90,1,0,89,90,8664,0,0,0,0,0
2020-09-30,US,Missouri,Montgomery,85,1,0,38.94022054,-91.47000721,29139.0,735.8670245000432,1.1764705882352942,84,85,1,0,84,85,11534,0,0,0,0,0
2020-09-30,US,Missouri,Morgan,373,2,0,38.4181765,-92.88791859,29141.0,1808.309497260872,0.5361930294906166,371,373,2,0,371,373,20358,0,0,0,0,0
2020-09-30,US,Missouri,New Madrid,537,16,0,36.59666326,-89.66070007,29143.0,3144.764581869291,2.97951582867784,521,537,16,0,521,537,17296,0,0,0,0,0
2020-09-30,US,Missouri,Newton,1507,15,0,36.90519407,-94.3394104,29145.0,2587.7464111546124,0.99535500995355,1492,1507,15,0,1492,1507,58266,0,0,0,0,0
2020-09-30,US,Missouri,Nodaway,789,10,0,40.36079813,-94.88133008,29147.0,3571.4285714285716,1.267427122940431,779,776,10,0,766,764,22304,13,0,0,13,12
2020-09-30,US,Missouri,Oregon,126,0,0,36.68710164,-91.4033755,29149.0,1196.6948428150822,0.0,126,126,0,0,126,126,10541,0,0,0,0,0
2020-09-30,US,Missouri,Osage,159,2,0,38.46036182,-91.8613635,29151.0,1167.8295997062064,1.2578616352201255,157,159,2,0,157,159,13714,0,0,0,0,0
2020-09-30,US,Missouri,Ozark,128,0,0,36.64916339,-92.44459066,29153.0,1395.247438412906,0.0,128,128,0,0,128,128,9017,0,0,0,0,0
2020-09-30,US,Missouri,Pemiscot,536,10,0,36.2130572,-89.78742322,29155.0,3391.331857007276,1.8656716417910448,526,536,10,0,526,536,16272,0,0,0,0,0
2020-09-30,US,Missouri,Perry,634,7,0,37.70660776,-89.82741088,29157.0,3313.1270903010027,1.1041009463722398,627,634,7,0,627,634,19150,0,0,0,0,0
2020-09-30,US,Missouri,Pettis,1159,12,0,38.72798918,-93.28471706,29159.0,2737.428848106946,1.035375323554789,1147,1159,12,0,1147,1159,42542,0,0,0,0,0
2020-09-30,US,Missouri,Phelps,490,8,0,37.87736118,-91.79351727,29161.0,1099.3202162744262,1.6326530612244898,482,490,8,0,482,490,44732,0,0,0,0,0
2020-09-30,US,Missouri,Pike,241,4,0,39.34310674,-91.16980779,29163.0,1316.7959785815758,1.6597510373443984,237,241,4,0,237,241,18504,0,0,0,0,0
2020-09-30,US,Missouri,Platte,711,10,0,39.38154439,-94.77068479,29165.0,680.9170832615066,1.4064697609001406,701,711,10,0,701,711,102985,0,0,0,0,0
2020-09-30,US,Missouri,Polk,666,3,0,37.616229600000004,-93.39828174,29167.0,2071.6040934399202,0.4504504504504505,663,666,3,0,663,666,32201,0,0,0,0,0
2020-09-30,US,Missouri,Pulaski,676,5,0,37.82462075,-92.20783203,29169.0,1285.0000950443855,0.7396449704142012,671,676,5,0,671,676,52014,0,0,0,0,0
2020-09-30,US,Missouri,Putnam,33,1,0,40.47942497,-93.02042674,29171.0,702.725724020443,3.0303030303030303,32,33,1,0,32,33,4757,0,0,0,0,0
2020-09-30,US,Missouri,Ralls,151,0,0,39.52817427,-91.51838643,29173.0,1464.739547967795,0.0,151,151,0,0,151,151,10212,0,0,0,0,0
2020-09-30,US,Missouri,Randolph,264,2,0,39.44007257,-92.49713740000001,29175.0,1066.7528689187004,0.7575757575757576,262,264,2,0,262,264,24763,0,0,0,0,0
2020-09-30,US,Missouri,Ray,167,0,0,39.353746799999996,-93.98905745,29177.0,725.5191589191068,0.0,167,167,0,0,167,167,22883,0,0,0,0,0
2020-09-30,US,Missouri,Reynolds,39,0,0,37.36085952,-90.97009925,29179.0,622.0095693779904,0.0,39,39,0,0,39,39,6254,0,0,0,0,0
2020-09-30,US,Missouri,Ripley,170,0,0,36.65460667,-90.85990261,29181.0,1279.3497892835644,0.0,170,170,0,0,170,170,13401,0,0,0,0,0
2020-09-30,US,Missouri,Saline,728,9,0,39.13734288,-93.20259964,29195.0,3198.4534950134002,1.2362637362637363,719,728,9,0,719,728,22895,0,0,0,0,0
2020-09-30,US,Missouri,Schuyler,24,0,0,40.46921489,-92.52311943,29197.0,515.0214592274679,0.0,24,24,0,0,24,24,4599,0,0,0,0,0
2020-09-30,US,Missouri,Scotland,31,1,0,40.45214695,-92.14709064,29199.0,632.3949408404733,3.2258064516129035,30,31,1,0,30,31,4966,0,0,0,0,0
2020-09-30,US,Missouri,Scott,891,17,0,37.05588075,-89.56474493,29201.0,2327.586206896552,1.9079685746352413,874,891,17,0,874,891,38458,0,0,0,0,0
2020-09-30,US,Missouri,Shannon,110,1,0,37.15772072,-91.40190382,29203.0,1347.0487386725447,0.9090909090909092,109,110,1,0,109,110,8189,0,0,0,0,0
2020-09-30,US,Missouri,Shelby,68,1,0,39.79742518,-92.07634971,29205.0,1146.7116357504215,1.4705882352941178,67,68,1,0,67,68,6050,0,0,0,0,0
2020-09-30,US,Missouri,St. Charles,7751,120,0,38.77875681,-90.66662425,29183.0,1928.003940082881,1.5481873306670106,7631,7751,120,0,7631,7751,399182,0,0,0,0,0
2020-09-30,US,Missouri,St. Clair,76,0,0,38.03699437,-93.77631447,29185.0,808.7687559859529,0.0,76,76,0,0,76,76,9395,0,0,0,0,0
2020-09-30,US,Missouri,St. Francois,2131,11,0,37.81214171,-90.47598685,29187.0,3170.4232686156365,0.5161895823557016,2120,2131,11,0,2120,2131,66692,0,0,0,0,0
2020-09-30,US,Missouri,St. Louis,24573,810,0,38.63770039999999,-90.4458375,29189.0,2471.623055607244,3.296300817970944,23763,24425,809,0,23616,24207,996945,148,1,0,147,218
2020-09-30,US,Missouri,St. Louis City,7148,200,0,38.63555736,-90.24349225,29510.0,2378.100713297137,2.7979854504756574,6948,7125,198,0,6927,7089,302838,23,2,0,21,36
2020-09-30,US,Missouri,Ste. Genevieve,203,1,0,37.89090059,-90.1949941,29186.0,1134.458477702023,0.4926108374384237,202,203,1,0,202,203,17888,0,0,0,0,0
2020-09-30,US,Missouri,Stoddard,520,13,0,36.85571651,-89.9444155,29207.0,1791.5590008613267,2.5,507,520,13,0,507,520,29206,0,0,0,0,0
2020-09-30,US,Missouri,Stone,470,4,0,36.75000327,-93.45256475,29209.0,1470.956434651978,0.851063829787234,466,470,4,0,466,470,31749,0,0,0,0,0
2020-09-30,US,Missouri,Sullivan,209,0,0,40.2099105,-93.11150106,29211.0,3432.419116439481,0.0,209,209,0,0,209,209,6221,0,0,0,0,0
2020-09-30,US,Missouri,Taney,1219,31,0,36.65465345,-93.04075153,29213.0,2179.5880417679873,2.543068088597211,1188,1219,31,0,1188,1219,55852,0,0,0,0,0
2020-09-30,US,Missouri,Texas,329,2,0,37.31728859,-91.96564727,29215.0,1295.3775887865186,0.6079027355623101,327,329,2,0,327,329,25571,0,0,0,0,0
2020-09-30,US,Missouri,Vernon,187,1,0,37.8457799,-94.34127305,29217.0,909.4003793220834,0.5347593582887701,186,187,1,0,186,187,20528,0,0,0,0,0
2020-09-30,US,Missouri,Warren,482,1,0,38.76529479,-91.16124662,29219.0,1352.0715868607815,0.2074688796680498,481,482,1,0,481,482,34711,0,0,0,0,0
2020-09-30,US,Missouri,Washington,430,10,0,37.96130078,-90.87948158,29221.0,1738.7788111605335,2.3255813953488373,420,430,10,0,420,430,24943,0,0,0,0,0
2020-09-30,US,Missouri,Wayne,226,0,0,37.11303869,-90.46001416,29223.0,1755.6125223335666,0.0,226,226,0,0,226,226,13122,0,0,0,0,0
2020-09-30,US,Missouri,Webster,665,5,0,37.2813734,-92.876329,29225.0,1679.6322489391794,0.7518796992481203,660,665,5,0,660,665,39109,0,0,0,0,0
2020-09-30,US,Missouri,Worth,21,0,0,40.47945588,-94.42328751,29227.0,1043.2190760059614,0.0,21,21,0,0,21,21,2040,0,0,0,0,0
2020-09-30,US,Missouri,Wright,359,0,0,37.27029221,-92.46914488,29229.0,1962.9285362786375,0.0,359,359,0,0,359,359,18378,0,0,0,0,0
2020-09-30,US,Montana,Beaverhead,102,1,0,45.13434354,-112.89846940000001,30001.0,1079.0225325293557,0.9803921568627452,101,94,1,0,93,85,9404,8,0,0,8,9
2020-09-30,US,Montana,Big Horn,931,22,0,45.42335905,-107.492347,30003.0,6990.014265335236,2.363050483351236,909,928,22,0,906,912,13338,3,0,0,3,16
2020-09-30,US,Montana,Blaine,34,0,0,48.43175214,-108.9582723,30005.0,508.90585241730275,0.0,34,31,0,0,31,25,6807,3,0,0,3,6
2020-09-30,US,Montana,Broadwater,18,0,0,46.33277565,-111.49558130000001,30007.0,288.6002886002886,0.0,18,18,0,0,18,17,6085,0,0,0,0,1
2020-09-30,US,Montana,Carbon,122,0,0,45.22850116,-109.0274047,30009.0,1137.5291375291376,0.0,122,119,0,0,119,118,10714,3,0,0,3,1
2020-09-30,US,Montana,Carter,6,0,0,45.5197966,-104.53955359999999,30011.0,479.2332268370607,0.0,6,6,0,0,6,4,1238,0,0,0,0,2
2020-09-30,US,Montana,Cascade,729,5,0,47.30797024,-111.3467922,30013.0,895.9516259862842,0.6858710562414266,724,729,5,0,724,700,81643,0,0,0,0,29
2020-09-30,US,Montana,Chouteau,31,0,0,47.88084126,-110.4353362,30015.0,550.1330967169476,0.0,31,29,0,0,29,29,5745,2,0,0,2,0
2020-09-30,US,Montana,Custer,117,2,0,46.25319932,-105.57375259999998,30017.0,1026.135765655148,1.709401709401709,115,116,2,0,114,116,11586,1,0,0,1,0
2020-09-30,US,Montana,Daniels,5,0,0,48.78420029,-105.54763429999998,30019.0,295.8579881656805,0.0,5,5,0,0,5,5,1747,0,0,0,0,0
2020-09-30,US,Montana,Dawson,79,1,0,47.26584855,-104.89444170000002,30021.0,917.2181585974687,1.2658227848101269,78,78,1,0,77,78,8680,1,0,0,1,0
2020-09-30,US,Montana,Deer Lodge,117,0,0,46.05953325,-113.073353,30023.0,1280.0875273522975,0.0,117,115,0,0,115,116,9131,2,0,0,2,-1
2020-09-30,US,Montana,Fallon,8,0,0,46.33478338,-104.41835649999999,30025.0,281.09627547435,0.0,8,5,0,0,5,5,2920,3,0,0,3,0
2020-09-30,US,Montana,Fergus,65,1,0,47.26331584,-109.2245206,30027.0,588.2352941176471,1.5384615384615383,64,65,1,0,64,64,11113,0,0,0,0,1
2020-09-30,US,Montana,Flathead,1176,19,0,48.29575866,-114.05205690000001,30029.0,1132.8824923414834,1.6156462585034013,1157,1112,18,0,1094,1062,102106,64,1,0,63,50
2020-09-30,US,Montana,Gallatin,1412,4,0,45.54486106,-111.1692571,30031.0,1233.8990160267053,0.28328611898017,1408,1380,4,0,1376,1369,111876,32,0,0,32,11
2020-09-30,US,Montana,Garfield,18,0,0,47.27545948,-107.0002351,30033.0,1430.8426073131955,0.0,18,17,0,0,17,17,1268,1,0,0,1,0
2020-09-30,US,Montana,Glacier,386,1,0,48.70513576,-112.9934235,30035.0,2806.66036501127,0.2590673575129533,385,340,1,0,339,315,13747,46,0,0,46,25
2020-09-30,US,Montana,Golden Valley,5,0,0,46.3816474,-109.17685220000001,30037.0,609.0133982947625,0.0,5,5,0,0,5,5,826,0,0,0,0,0
2020-09-30,US,Montana,Granite,22,0,0,46.40605220000001,-113.4414186,30039.0,651.0802012429713,0.0,22,22,0,0,22,22,3378,0,0,0,0,0
2020-09-30,US,Montana,Hill,185,3,0,48.62879827,-110.1129252,30041.0,1122.3004125212326,1.6216216216216215,182,179,3,0,176,173,16347,6,0,0,6,6
2020-09-30,US,Montana,Jefferson,83,0,0,46.14907081,-112.094396,30043.0,679.1588249734066,0.0,83,83,0,0,83,82,12097,0,0,0,0,1
2020-09-30,US,Montana,Judith Basin,8,0,0,47.04581276,-110.26606880000001,30045.0,398.6048829098157,0.0,8,8,0,0,8,7,1952,0,0,0,0,1
2020-09-30,US,Montana,Lake,284,1,0,47.64514965,-114.0898013,30047.0,932.4315450784687,0.35211267605633795,283,281,1,0,280,277,30250,3,0,0,3,4
2020-09-30,US,Montana,Lewis and Clark,313,3,0,47.12610041,-112.39469799999999,30049.0,450.8007835004032,0.9584664536741214,310,308,3,0,305,275,68700,5,0,0,5,33
2020-09-30,US,Montana,Liberty,20,0,0,48.56084317,-111.02430700000001,30051.0,855.7980316645271,0.0,20,20,0,0,20,19,2430,0,0,0,0,1
2020-09-30,US,Montana,Lincoln,128,3,0,48.54265777,-115.4046155,30053.0,640.6406406406406,2.34375,125,126,3,0,123,120,19794,2,0,0,2,6
2020-09-30,US,Montana,Madison,109,1,0,45.30080065,-111.9173017,30057.0,1267.4418604651162,0.9174311926605504,108,110,1,0,109,104,8768,-1,0,0,-1,6
2020-09-30,US,Montana,McCone,23,0,0,47.64469406,-105.79449939999999,30055.0,1382.2115384615383,0.0,23,23,0,0,23,23,1675,0,0,0,0,0
2020-09-30,US,Montana,Meagher,25,2,0,46.59907074,-110.8898557,30059.0,1342.6423200859292,8.0,23,25,2,0,23,25,1866,0,0,0,0,0
2020-09-30,US,Montana,Mineral,5,0,0,47.15283992,-115.00152390000001,30061.0,113.71389583807141,0.0,5,4,0,0,4,4,4316,1,0,0,1,0
2020-09-30,US,Montana,Missoula,825,3,0,47.03728583,-113.92135079999998,30063.0,689.7993311036789,0.3636363636363637,822,794,3,0,791,739,118791,31,0,0,31,55
2020-09-30,US,Montana,Musselshell,37,1,0,46.49684637,-108.39498,30065.0,798.6186056550831,2.702702702702702,36,37,1,0,36,36,4651,0,0,0,0,1
2020-09-30,US,Montana,Park,103,0,0,45.48965095,-110.52643940000002,30067.0,620.2577381669278,0.0,103,100,0,0,100,100,16736,3,0,0,3,0
2020-09-30,US,Montana,Phillips,122,0,0,48.25936577,-107.9128511,30071.0,3085.483055134041,0.0,122,122,0,0,122,122,4074,0,0,0,0,0
2020-09-30,US,Montana,Pondera,54,0,0,48.22773388,-112.22527029999999,30073.0,913.5510065978683,0.0,54,49,0,0,49,37,5972,5,0,0,5,12
2020-09-30,US,Montana,Powder River,17,0,0,45.39617714,-105.636738,30075.0,1010.7015457788347,0.0,17,10,0,0,10,10,1716,7,0,0,7,0
2020-09-30,US,Montana,Powell,12,0,0,46.85538891,-112.93591640000001,30077.0,174.1654571843251,0.0,12,12,0,0,12,12,6968,0,0,0,0,0
2020-09-30,US,Montana,Prairie,4,0,0,46.86048047,-105.379384,30079.0,371.4020427112349,0.0,4,4,0,0,4,4,1087,0,0,0,0,0
2020-09-30,US,Montana,Ravalli,154,2,0,46.08520862,-114.11891640000002,30081.0,351.5500159795463,1.2987012987012987,152,149,2,0,147,141,43172,5,0,0,5,8
2020-09-30,US,Montana,Richland,87,2,0,47.78668011,-104.5610786,30083.0,805.3318522632602,2.2988505747126435,85,83,2,0,81,83,10913,4,0,0,4,0
2020-09-30,US,Montana,Roosevelt,394,5,0,48.29607488,-105.00792679999999,30085.0,3580.516175936023,1.269035532994924,389,384,4,0,380,383,11059,10,1,0,9,1
2020-09-30,US,Montana,Rosebud,646,19,0,46.23397237,-106.72928799999998,30087.0,7228.376412666443,2.9411764705882355,627,639,19,0,620,641,9063,7,0,0,7,-2
2020-09-30,US,Montana,Sanders,48,1,0,47.67657534,-115.1329916,30089.0,396.26847188970527,2.083333333333333,47,47,1,0,46,46,11844,1,0,0,1,1
2020-09-30,US,Montana,Sheridan,16,0,0,48.72085833,-104.50382900000001,30091.0,483.5297673012995,0.0,16,16,0,0,16,14,3424,0,0,0,0,2
2020-09-30,US,Montana,Silver Bow,270,0,0,45.90018933,-112.6620092,30093.0,773.3066017471001,0.0,270,267,0,0,267,264,34993,3,0,0,3,3
2020-09-30,US,Montana,Stillwater,77,2,0,45.67071407,-109.3950061,30095.0,798.58950425223,2.5974025974025974,75,77,2,0,75,72,9534,0,0,0,0,5
2020-09-30,US,Montana,Sweet Grass,47,1,0,45.81367654,-109.9425686,30097.0,1257.6933369012575,2.127659574468085,46,47,1,0,46,45,3710,0,0,0,0,2
2020-09-30,US,Montana,Teton,26,0,0,47.83741052,-112.24106880000001,30099.0,422.9705547421506,0.0,26,25,0,0,25,24,6162,1,0,0,1,1
2020-09-30,US,Montana,Toole,111,6,0,48.65577551,-111.69424140000001,30101.0,2343.75,5.405405405405406,105,107,6,0,101,107,4853,4,0,0,4,0
2020-09-30,US,Montana,Treasure,3,0,0,46.20973220000001,-107.26665159999999,30103.0,431.0344827586207,0.0,3,3,0,0,3,3,679,0,0,0,0,0
2020-09-30,US,Montana,Valley,92,0,0,48.36435097,-106.6669635,30105.0,1243.9156300703082,0.0,92,86,0,0,86,86,7437,6,0,0,6,0
2020-09-30,US,Montana,Wheatland,20,1,0,46.46652491,-109.84646359999999,30107.0,940.7337723424272,5.0,19,20,1,0,19,18,2236,0,0,0,0,2
2020-09-30,US,Montana,Wibaux,9,0,0,46.95925154,-104.2510927,30109.0,928.7925696594427,0.0,9,9,0,0,9,9,1034,0,0,0,0,0
2020-09-30,US,Montana,Yellowstone,3331,68,0,45.93955949,-108.26914860000001,30111.0,2065.096094234346,2.04142900030021,3263,3256,67,0,3189,3244,160137,75,1,0,74,12
2020-09-30,US,Nebraska,Adams,574,12,0,40.52449420000001,-98.50117804,31001.0,1830.1820616650195,2.0905923344947737,562,570,12,0,558,558,31511,4,0,0,4,12
2020-09-30,US,Nebraska,Antelope,80,1,0,42.17695516,-98.06662829999999,31003.0,1270.2445220704985,1.25,79,79,1,0,78,76,6336,1,0,0,1,3
2020-09-30,US,Nebraska,Arthur,1,0,0,41.56896142,-101.6959559,31005.0,215.98272138228938,0.0,1,1,0,0,1,1,465,0,0,0,0,0
2020-09-30,US,Nebraska,Banner,2,0,0,41.54634427,-103.7114332,31007.0,268.4563758389262,0.0,2,2,0,0,2,2,730,0,0,0,0,0
2020-09-30,US,Nebraska,Blaine,1,0,0,41.91311716,-99.97677845,31009.0,215.05376344086025,0.0,1,1,0,0,1,1,476,0,0,0,0,0
2020-09-30,US,Nebraska,Boone,88,0,0,41.70759415,-98.06737183,31011.0,1694.9152542372879,0.0,88,85,0,0,85,85,5239,3,0,0,3,0
2020-09-30,US,Nebraska,Box Butte,91,1,0,42.22079243,-103.08788340000001,31013.0,843.9209867383845,1.0989010989010992,90,88,1,0,87,83,10772,3,0,0,3,5
2020-09-30,US,Nebraska,Boyd,30,0,0,42.899727399999996,-98.76486568,31015.0,1563.314226159458,0.0,30,27,0,0,27,26,1955,3,0,0,3,1
2020-09-30,US,Nebraska,Brown,38,0,0,42.43018907,-99.92904055,31017.0,1285.9560067681896,0.0,38,35,0,0,35,34,2973,3,0,0,3,1
2020-09-30,US,Nebraska,Buffalo,1120,6,0,40.85486962,-99.07500296,31019.0,2255.3817032159327,0.5357142857142857,1114,1097,6,0,1091,1085,49615,23,0,0,23,12
2020-09-30,US,Nebraska,Burt,81,0,0,41.85056773,-96.32605633,31021.0,1254.0640966093824,0.0,81,78,0,0,78,77,6488,3,0,0,3,1
2020-09-30,US,Nebraska,Butler,125,1,0,41.22703692,-97.13106306,31023.0,1559.3812375249502,0.8,124,123,1,0,122,120,8058,2,0,0,2,3
2020-09-30,US,Nebraska,Cass,343,2,0,40.90899107,-96.13971217,31025.0,1306.7662298079856,0.5830903790087464,341,336,2,0,334,334,26159,7,0,0,7,2
2020-09-30,US,Nebraska,Cedar,89,0,0,42.598885100000004,-97.25311951,31027.0,1059.271601999524,0.0,89,89,0,0,89,87,8446,0,0,0,0,2
2020-09-30,US,Nebraska,Chase,24,0,0,40.523719799999995,-101.69780259999999,31029.0,611.6207951070336,0.0,24,23,0,0,23,23,3977,1,0,0,1,0
2020-09-30,US,Nebraska,Cherry,51,4,0,42.54502621,-101.1244332,31031.0,896.4668658815257,7.84313725490196,47,50,4,0,46,47,5761,1,0,0,1,3
2020-09-30,US,Nebraska,Cheyenne,43,0,0,41.21999357,-102.9941693,31033.0,482.60381593714925,0.0,43,39,0,0,39,39,9310,4,0,0,4,0
2020-09-30,US,Nebraska,Clay,80,0,0,40.52439441,-98.05126296,31035.0,1289.6985329679187,0.0,80,77,0,0,77,72,6214,3,0,0,3,5
2020-09-30,US,Nebraska,Colfax,794,5,0,41.57486951,-97.0868542,31037.0,7414.3244000373525,0.6297229219143576,789,789,5,0,784,786,10881,5,0,0,5,3
2020-09-30,US,Nebraska,Cuming,158,0,0,41.91637624,-96.78730772,31039.0,1786.1180194438166,0.0,158,154,0,0,154,152,8940,4,0,0,4,2
2020-09-30,US,Nebraska,Custer,91,4,0,41.39374521,-99.72805369,31041.0,844.3908323281063,4.395604395604397,87,87,4,0,83,87,10840,4,0,0,4,0
2020-09-30,US,Nebraska,Dakota,2240,43,0,42.39040144,-96.56656425,31043.0,11185.458903425548,1.9196428571428568,2197,2225,43,0,2182,2217,20083,15,0,0,15,8
2020-09-30,US,Nebraska,Dawes,130,0,0,42.71985036,-103.1313774,31045.0,1513.5638607521246,0.0,130,126,0,0,126,124,8716,4,0,0,4,2
2020-09-30,US,Nebraska,Dawson,1090,13,0,40.87028216,-99.82014609999999,31047.0,4619.6228014409835,1.1926605504587156,1077,1090,13,0,1077,1086,23709,0,0,0,0,4
2020-09-30,US,Nebraska,Deuel,4,0,0,41.11168186,-102.33333309999999,31049.0,222.9654403567447,0.0,4,4,0,0,4,4,1825,0,0,0,0,0
2020-09-30,US,Nebraska,Dixon,95,2,0,42.49188363,-96.86782408,31051.0,1685.5926188786375,2.1052631578947367,93,92,2,0,90,91,5709,3,0,0,3,1
2020-09-30,US,Nebraska,Dodge,1227,12,0,41.58071748,-96.65598179,31053.0,3355.667988513606,0.9779951100244498,1215,1214,12,0,1202,1194,36791,13,0,0,13,20
2020-09-30,US,Nebraska,Douglas,16424,193,0,41.29518299,-96.15085305,31055.0,2874.710979876673,1.1751095957135902,16231,16283,193,0,16090,16150,566880,141,0,0,141,133
2020-09-30,US,Nebraska,Dundy,12,1,0,40.17638677,-101.6876522,31057.0,708.8009450679268,8.333333333333334,11,12,1,0,11,11,1770,0,0,0,0,1
2020-09-30,US,Nebraska,Fillmore,57,1,0,40.52458567,-97.59646937,31059.0,1043.5737824972537,1.7543859649122806,56,56,1,0,55,55,5527,1,0,0,1,1
2020-09-30,US,Nebraska,Franklin,31,0,0,40.17636348,-98.95299073,31061.0,1040.6176569318563,0.0,31,31,0,0,31,28,3023,0,0,0,0,3
2020-09-30,US,Nebraska,Frontier,8,0,0,40.52993007,-100.3924658,31063.0,304.52988199467075,0.0,8,8,0,0,8,8,2608,0,0,0,0,0
2020-09-30,US,Nebraska,Furnas,40,2,0,40.17642064,-99.91247454,31065.0,855.4319931565442,5.0,38,40,2,0,38,39,4715,0,0,0,0,1
2020-09-30,US,Nebraska,Gage,265,5,0,40.26186809,-96.68946704,31067.0,1231.8133221772882,1.8867924528301887,260,260,5,0,255,255,21493,5,0,0,5,5
2020-09-30,US,Nebraska,Garden,10,0,0,41.61703149,-102.3313973,31069.0,544.3658138268917,0.0,10,10,0,0,10,10,1897,0,0,0,0,0
2020-09-30,US,Nebraska,Garfield,12,0,0,41.91428955,-98.99111827,31071.0,609.4464195022854,0.0,12,12,0,0,12,12,1987,0,0,0,0,0
2020-09-30,US,Nebraska,Gosper,39,0,0,40.51481965,-99.83020279,31073.0,1959.7989949748746,0.0,39,38,0,0,38,35,1996,1,0,0,1,3
2020-09-30,US,Nebraska,Grant,1,0,0,41.91528587,-101.740701,31075.0,160.5136436597111,0.0,1,1,0,0,1,1,660,0,0,0,0,0
2020-09-30,US,Nebraska,Greeley,32,0,0,41.56742671,-98.52150266,31077.0,1358.2342954159594,0.0,32,31,0,0,31,28,2356,1,0,0,1,3
2020-09-30,US,Nebraska,Hall,2039,47,0,40.87257079,-98.50218293,31079.0,3323.3908692321484,2.30505149583129,1992,2033,47,0,1986,2018,61607,6,0,0,6,15
2020-09-30,US,Nebraska,Hamilton,140,12,0,40.87349452,-98.02099117,31081.0,1501.5015015015015,8.571428571428571,128,132,12,0,120,131,9280,8,0,0,8,1
2020-09-30,US,Nebraska,Harlan,24,0,0,40.17658508,-99.40438879,31083.0,710.0591715976332,0.0,24,23,0,0,23,23,3401,1,0,0,1,0
2020-09-30,US,Nebraska,Hitchcock,6,0,0,40.17609175,-101.04164770000001,31087.0,217.2338884866039,0.0,6,5,0,0,5,4,2806,1,0,0,1,1
2020-09-30,US,Nebraska,Holt,93,1,0,42.45522056,-98.78402558,31089.0,923.8104698519916,1.075268817204301,92,88,1,0,87,84,10178,5,0,0,5,4
2020-09-30,US,Nebraska,Hooker,13,1,0,41.91586243,-101.1354293,31091.0,1906.158357771261,7.6923076923076925,12,11,1,0,10,11,682,2,0,0,2,0
2020-09-30,US,Nebraska,Howard,100,5,0,41.2200529,-98.5166499,31093.0,1551.5903801396432,5.0,95,98,5,0,93,98,6468,2,0,0,2,0
2020-09-30,US,Nebraska,Jefferson,32,0,0,40.17584531,-97.142601,31095.0,454.1583877377236,0.0,32,32,0,0,32,31,7097,0,0,0,0,1
2020-09-30,US,Nebraska,Johnson,65,0,0,40.39257596,-96.26522753,31097.0,1281.7984618418461,0.0,65,61,0,0,61,58,5134,4,0,0,4,3
2020-09-30,US,Nebraska,Kearney,149,0,0,40.50663314,-98.94877182,31099.0,2294.072363356428,0.0,149,149,0,0,149,145,6544,0,0,0,0,4
2020-09-30,US,Nebraska,Keith,65,0,0,41.19930341,-101.66201640000001,31101.0,809.0614886731391,0.0,65,65,0,0,65,65,8021,0,0,0,0,0
2020-09-30,US,Nebraska,Keya Paha,5,0,0,42.87990694,-99.71343729,31103.0,620.3473945409428,0.0,5,5,0,0,5,5,810,0,0,0,0,0
2020-09-30,US,Nebraska,Kimball,17,0,0,41.19774275,-103.7148131,31105.0,468.06167400881066,0.0,17,15,0,0,15,15,3618,2,0,0,2,0
2020-09-30,US,Nebraska,Knox,181,0,0,42.63758421,-97.89178836,31107.0,2172.347575612098,0.0,181,176,0,0,176,172,8419,5,0,0,5,4
2020-09-30,US,Nebraska,Lancaster,6490,24,0,40.78416049,-96.68777155,31109.0,2033.908928515466,0.3697996918335901,6466,6388,24,0,6364,6313,317272,102,0,0,102,75
2020-09-30,US,Nebraska,Lincoln,439,4,0,41.04658298,-100.74753740000001,31111.0,1257.3752649367016,0.9111617312072892,435,431,4,0,427,428,35185,8,0,0,8,3
2020-09-30,US,Nebraska,Logan,7,0,0,41.56650314,-100.4817851,31113.0,935.8288770053476,0.0,7,6,0,0,6,6,749,1,0,0,1,0
2020-09-30,US,Nebraska,Loup,3,0,0,41.91371961,-99.45440415,31115.0,451.8072289156627,0.0,3,3,0,0,3,3,618,0,0,0,0,0
2020-09-30,US,Nebraska,Madison,847,5,0,41.91676024,-97.6005481,31119.0,2413.174164506111,0.5903187721369539,842,839,5,0,834,833,35392,8,0,0,8,6
2020-09-30,US,Nebraska,McPherson,6,0,0,41.56797682,-101.05993620000001,31117.0,1214.5748987854256,0.0,6,6,0,0,6,6,492,0,0,0,0,0
2020-09-30,US,Nebraska,Merrick,82,1,0,41.16624273,-98.0374887,31121.0,1057.3823339780786,1.2195121951219512,81,81,1,0,80,80,7733,1,0,0,1,1
2020-09-30,US,Nebraska,Morrill,79,0,0,41.71711774,-103.0061405,31123.0,1701.8526497199482,0.0,79,78,0,0,78,78,4686,1,0,0,1,0
2020-09-30,US,Nebraska,Nance,50,0,0,41.39750195,-97.99327291,31125.0,1420.8581983518045,0.0,50,49,0,0,49,49,3532,1,0,0,1,0
2020-09-30,US,Nebraska,Nemaha,130,0,0,40.38514847,-95.85433992,31127.0,1864.601262191624,0.0,130,128,0,0,128,122,6958,2,0,0,2,6
2020-09-30,US,Nebraska,Nuckolls,17,0,0,40.17637905,-98.04743961,31129.0,409.8360655737705,0.0,17,16,0,0,16,16,4195,1,0,0,1,0
2020-09-30,US,Nebraska,Otoe,167,1,0,40.64843556,-96.13374142,31131.0,1042.9677741693733,0.5988023952095808,166,163,1,0,162,155,15985,4,0,0,4,8
2020-09-30,US,Nebraska,Pawnee,19,0,0,40.13141096,-96.23705437,31133.0,727.1335629544585,0.0,19,19,0,0,19,20,2632,0,0,0,0,-1
2020-09-30,US,Nebraska,Perkins,32,10,0,40.85082525,-101.6502942,31135.0,1106.8834313386371,31.25,22,32,10,0,22,32,2929,0,0,0,0,0
2020-09-30,US,Nebraska,Phelps,110,0,0,40.51156033,-99.41461667,31137.0,1217.6223156962585,0.0,110,108,0,0,108,107,8996,2,0,0,2,1
2020-09-30,US,Nebraska,Pierce,109,8,0,42.26434853,-97.60122773,31139.0,1524.9020705092335,7.339449541284404,101,110,8,0,102,108,7142,-1,0,0,-1,2
2020-09-30,US,Nebraska,Platte,1135,4,0,41.57246836,-97.52144359,31141.0,3391.0965043322376,0.3524229074889868,1131,1131,4,0,1127,1111,33363,4,0,0,4,20
2020-09-30,US,Nebraska,Polk,65,1,0,41.18813488,-97.56630712,31143.0,1246.8827930174566,1.5384615384615383,64,61,1,0,60,60,5278,4,0,0,4,1
2020-09-30,US,Nebraska,Red Willow,42,0,0,40.17556879999999,-100.476998,31145.0,391.644908616188,0.0,42,40,0,0,40,39,10726,2,0,0,2,1
2020-09-30,US,Nebraska,Richardson,57,1,0,40.1247415,-95.71755036,31147.0,724.7298156389065,1.7543859649122806,56,56,1,0,55,55,7937,1,0,0,1,1
2020-09-30,US,Nebraska,Rock,44,1,0,42.42252217,-99.44832069,31149.0,3242.4465733235083,2.272727272727273,43,42,1,0,41,42,1360,2,0,0,2,0
2020-09-30,US,Nebraska,Saline,746,2,0,40.52418865,-97.14085859,31151.0,5244.656917885264,0.2680965147453083,744,743,2,0,741,739,14350,3,0,0,3,4
2020-09-30,US,Nebraska,Sarpy,3778,16,0,41.11314181,-96.11156432,31153.0,2018.2055172119065,0.4235044997353097,3762,3729,16,0,3713,3687,184459,49,0,0,49,42
2020-09-30,US,Nebraska,Saunders,489,3,0,41.227810299999994,-96.63773905,31155.0,2266.1970525535266,0.6134969325153374,486,480,3,0,477,474,21303,9,0,0,9,6
2020-09-30,US,Nebraska,Scotts Bluff,424,8,0,41.85070896,-103.70809859999999,31157.0,1190.4093435903196,1.8867924528301887,416,423,8,0,415,419,35989,1,0,0,1,4
2020-09-30,US,Nebraska,Seward,239,3,0,40.87241834,-97.139673,31159.0,1382.7817634806759,1.2552301255230125,236,238,3,0,235,233,17318,1,0,0,1,5
2020-09-30,US,Nebraska,Sheridan,49,0,0,42.50284406,-102.4126613,31161.0,934.0449866565002,0.0,49,49,0,0,49,49,5190,0,0,0,0,0
2020-09-30,US,Nebraska,Sherman,27,2,0,41.22045983,-98.97588642,31163.0,899.7000999666777,7.407407407407407,25,26,2,0,24,24,3038,1,0,0,1,2
2020-09-30,US,Nebraska,Sioux,7,0,0,42.48932059,-103.7576544,31165.0,600.3430531732419,0.0,7,7,0,0,7,7,1187,0,0,0,0,0
2020-09-30,US,Nebraska,Stanton,41,0,0,41.9169835,-97.19394708,31167.0,692.5675675675676,0.0,41,39,0,0,39,39,5970,2,0,0,2,0
2020-09-30,US,Nebraska,Thayer,31,0,0,40.17626377,-97.59504381,31169.0,619.6282230661603,0.0,31,31,0,0,31,31,5039,0,0,0,0,0
2020-09-30,US,Nebraska,Thomas,5,0,0,41.91358968,-100.5556632,31171.0,692.5207756232687,0.0,5,5,0,0,5,4,720,0,0,0,0,1
2020-09-30,US,Nebraska,Thurston,266,4,0,42.15725356,-96.54157099,31173.0,3682.1705426356593,1.5037593984962403,262,262,4,0,258,260,7303,4,0,0,4,2
2020-09-30,US,Nebraska,Unassigned,290,0,0,0.0,0.0,90031.0,0.0,0.0,290,299,0,0,299,302,,-9,0,0,-9,-3
2020-09-30,US,Nebraska,Valley,43,0,0,41.56730777,-98.98197724,31175.0,1034.1510341510339,0.0,43,42,0,0,42,42,4190,1,0,0,1,0
2020-09-30,US,Nebraska,Washington,279,4,0,41.52815707,-96.22019892,31177.0,1345.9404698731246,1.4336917562724014,275,273,4,0,269,274,20667,6,0,0,6,-1
2020-09-30,US,Nebraska,Wayne,169,0,0,42.20934475,-97.11926964,31179.0,1800.7458710708574,0.0,169,162,0,0,162,161,9403,7,0,0,7,1
2020-09-30,US,Nebraska,Webster,18,0,0,40.17642643,-98.50019851,31181.0,516.2030398623458,0.0,18,18,0,0,18,17,3533,0,0,0,0,1
2020-09-30,US,Nebraska,Wheeler,1,0,0,41.91482725,-98.52798941,31183.0,127.7139208173691,0.0,1,1,0,0,1,1,805,0,0,0,0,0
2020-09-30,US,Nebraska,York,182,2,0,40.87272618,-97.59710186,31185.0,1330.5066159807006,1.0989010989010992,180,174,2,0,172,169,13772,8,0,0,8,5
2020-09-30,US,Nevada,Carson City,547,8,0,39.15509045,-119.7480219,32510.0,978.2530939266043,1.4625228519195612,539,543,8,0,535,540,55414,4,0,0,4,3
2020-09-30,US,Nevada,Churchill,154,3,0,39.58105744,-118.3394607,32001.0,618.2504315709183,1.9480519480519483,151,150,3,0,147,149,24440,4,0,0,4,1
2020-09-30,US,Nevada,Clark,67176,1391,0,36.21458855,-115.0130241,32003.0,2963.5838647558253,2.0706800047636063,65785,66899,1385,0,65514,66620,2231647,277,6,0,271,279
2020-09-30,US,Nevada,Douglas,308,1,0,38.912862,-119.61713329999999,32005.0,629.7924547592271,0.3246753246753247,307,306,1,0,305,304,48467,2,0,0,2,2
2020-09-30,US,Nevada,Elko,971,10,0,41.14531606,-115.3577619,32007.0,1839.7817272348327,1.0298661174047374,961,968,10,0,958,961,52460,3,0,0,3,7
2020-09-30,US,Nevada,Eureka,10,0,0,39.98100864,-116.26832040000001,32011.0,492.8536224741252,0.0,10,10,0,0,10,10,2003,0,0,0,0,0
2020-09-30,US,Nevada,Humboldt,129,4,0,41.40692186,-118.11094270000001,32013.0,766.442873269562,3.1007751937984502,125,127,4,0,123,126,16786,2,0,0,2,1
2020-09-30,US,Nevada,Lander,74,1,0,39.933223299999995,-117.03970749999999,32015.0,1337.6717281272595,1.351351351351351,73,73,1,0,72,73,5575,1,0,0,1,0
2020-09-30,US,Nevada,Lincoln,7,0,0,37.64268459,-114.8790388,32017.0,135.05691684352692,0.0,7,7,0,0,7,7,5201,0,0,0,0,0
2020-09-30,US,Nevada,Lyon,439,7,0,39.01777974,-119.18704790000001,32019.0,763.3455051295427,1.5945330296127562,432,438,7,0,431,436,55808,1,0,0,1,2
2020-09-30,US,Nevada,Mineral,13,0,0,38.53841696,-118.4344506,32021.0,288.56825749167587,0.0,13,13,0,0,13,13,4514,0,0,0,0,0
2020-09-30,US,Nevada,Nye,513,15,0,38.04264256,-116.47227020000001,32023.0,1102.6803946435098,2.9239766081871346,498,510,15,0,495,508,45346,3,0,0,3,2
2020-09-30,US,Nevada,Pershing,22,0,0,40.44003782,-118.40056409999998,32027.0,327.13754646840147,0.0,22,22,0,0,22,22,6666,0,0,0,0,0
2020-09-30,US,Nevada,Storey,10,0,0,39.44875482,-119.5250207,32029.0,242.5418384671356,0.0,10,10,0,0,10,10,4029,0,0,0,0,0
2020-09-30,US,Nevada,Washoe,9542,159,0,40.66562265,-119.6631594,32031.0,2023.6724288947,1.6663173338922657,9383,9455,158,0,9297,9349,465735,87,1,0,86,106
2020-09-30,US,Nevada,White Pine,65,1,0,39.44157041,-114.89996599999999,32033.0,678.4968684759916,1.5384615384615383,64,64,1,0,63,63,9475,1,0,0,1,1
2020-09-30,US,New Hampshire,Belknap,148,4,0,43.51637314,-71.41684235,33001.0,241.42374761430926,2.702702702702702,144,148,4,0,144,148,61022,0,0,0,0,0
2020-09-30,US,New Hampshire,Carroll,123,2,0,43.87498583,-71.20430216,33003.0,251.4823144551216,1.6260162601626016,121,123,2,0,121,124,48779,0,0,0,0,-1
2020-09-30,US,New Hampshire,Cheshire,152,3,0,42.92015988,-72.25311043,33005.0,199.77656568311755,1.973684210526316,149,151,3,0,148,151,76493,1,0,0,1,0
2020-09-30,US,New Hampshire,Coos,22,0,0,44.69063265,-71.30633239,33007.0,69.70186610905174,0.0,22,22,0,0,22,22,31589,0,0,0,0,0
2020-09-30,US,New Hampshire,Grafton,144,1,0,43.93779815,-71.82057197,33009.0,160.2029237033576,0.6944444444444444,143,142,1,0,141,142,89786,2,0,0,2,0
2020-09-30,US,New Hampshire,Hillsborough,4426,289,0,42.91537785,-71.7200253,33011.0,1061.3272585576403,6.529597830998644,4137,4408,289,0,4119,4400,415247,18,0,0,18,8
2020-09-30,US,New Hampshire,Merrimack,592,23,0,43.29662971,-71.6811573,33013.0,391.0404185189344,3.885135135135135,569,588,23,0,565,587,151132,4,0,0,4,1
2020-09-30,US,New Hampshire,Rockingham,2036,103,0,42.98499744,-71.12883377,33015.0,657.2639612098047,5.05893909626719,1933,2033,103,0,1930,2020,309176,3,0,0,3,13
2020-09-30,US,New Hampshire,Strafford,562,13,0,43.291833000000004,-71.02336013,33017.0,430.21288648350725,2.3131672597864767,549,557,13,0,544,552,130090,5,0,0,5,5
2020-09-30,US,New Hampshire,Sullivan,58,1,0,43.36094111,-72.22203125,33019.0,134.42729337597925,1.7241379310344829,57,58,1,0,57,57,43144,0,0,0,0,1
2020-09-30,US,New Hampshire,Unassigned,3,0,0,0.0,0.0,90033.0,0.0,0.0,3,3,0,0,3,5,,0,0,0,0,-2
2020-09-30,US,New Jersey,Atlantic,4128,256,0,39.47538693,-74.65848483,34001.0,1565.5933553305267,6.2015503875969005,3872,4114,256,0,3858,4096,265429,14,0,0,14,18
2020-09-30,US,New Jersey,Bergen,22510,2045,0,40.96010917,-74.07164325,34003.0,2414.7126910261936,9.084851177254553,20465,22473,2047,0,20426,22439,936692,37,-2,0,39,34
2020-09-30,US,New Jersey,Burlington,7184,499,0,39.87681124,-74.66927768,34005.0,1613.1169038214969,6.945991091314031,6685,7169,497,0,6672,7145,445384,15,2,0,13,24
2020-09-30,US,New Jersey,Camden,9962,612,0,39.80343818,-74.96388753,34007.0,1966.9438131699546,6.143344709897611,9350,9927,611,0,9316,9907,507078,35,1,0,34,20
2020-09-30,US,New Jersey,Cape May,1023,97,0,39.15008829,-74.80170244,34009.0,1111.485348602223,9.481915933528835,926,1026,96,0,930,1023,92560,-3,1,0,-4,3
2020-09-30,US,New Jersey,Cumberland,3803,160,0,39.37199394,-75.10712559,34011.0,2543.3533743069816,4.2072048382855645,3643,3794,160,0,3634,3790,150972,9,0,0,9,4
2020-09-30,US,New Jersey,Essex,21121,2128,0,40.78681335,-74.24657979,34013.0,2643.5119997496795,10.075280526490225,18993,21091,2129,0,18962,21070,799767,30,-1,0,31,21
2020-09-30,US,New Jersey,Gloucester,4670,228,0,39.71581067,-75.13995546,34015.0,1601.3112235800793,4.882226980728052,4442,4560,228,0,4332,4523,291408,110,0,0,110,37
2020-09-30,US,New Jersey,Hudson,20732,1517,0,40.73766234,-74.07515667,34017.0,3083.325029633056,7.3171908161296555,19215,20692,1515,0,19177,20661,676061,40,2,0,38,31
2020-09-30,US,New Jersey,Hunterdon,1332,125,0,40.56335249,-74.91284156,34019.0,1070.9892177436861,9.384384384384383,1207,1330,125,0,1205,1324,124714,2,0,0,2,6
2020-09-30,US,New Jersey,Mercer,8663,636,0,40.28047017,-74.70479631,34021.0,2357.728002612743,7.341567586286505,8027,8653,637,0,8016,8643,369811,10,-1,0,11,10
2020-09-30,US,New Jersey,Middlesex,19604,1429,0,40.43629879,-74.41426991,34023.0,2376.0638594432903,7.2893287084268525,18175,19539,1428,0,18111,19503,829685,65,1,0,64,36
2020-09-30,US,New Jersey,Monmouth,11949,868,0,40.26549699,-74.22240686,34025.0,1931.011077982208,7.264206209724662,11081,11892,868,0,11024,11856,621354,57,0,0,57,36
2020-09-30,US,New Jersey,Morris,7902,830,0,40.86095313,-74.54553709999998,34027.0,1606.603706452236,10.503669956972919,7072,7887,831,0,7056,7871,494228,15,-1,0,16,16
2020-09-30,US,New Jersey,Ocean,13665,1049,0,39.8895449,-74.28089251,34029.0,2250.5459612046398,7.676545920234175,12616,13481,1048,0,12433,13402,601651,184,1,0,183,79
2020-09-30,US,New Jersey,Passaic,19113,1254,0,41.03238628,-74.29954144,34031.0,3808.690661703458,6.560979438078794,17859,19065,1255,0,17810,19023,503310,48,-1,0,49,42
2020-09-30,US,New Jersey,Salem,1072,88,0,39.58719656,-75.34696629999998,34033.0,1718.3617856856615,8.208955223880597,984,1072,89,0,983,1068,62607,0,-1,0,1,4
2020-09-30,US,New Jersey,Somerset,5830,577,0,40.56465737,-74.61683016,34035.0,1772.3920300120997,9.897084048027445,5253,5819,573,0,5246,5808,331164,11,4,0,7,11
2020-09-30,US,New Jersey,Sussex,1511,197,0,41.13891592,-74.69118243,34037.0,1075.5367006434712,13.037723362011914,1314,1506,198,0,1308,1502,140799,5,-1,0,6,4
2020-09-30,US,New Jersey,Unassigned,329,0,0,0.0,0.0,90034.0,0.0,0.0,329,339,0,0,339,339,,-10,0,0,-10,0
2020-09-30,US,New Jersey,Union,17727,1356,0,40.65835409,-74.30680092,34039.0,3186.3551311156293,7.649348451514639,16371,17689,1355,0,16334,17671,558067,38,1,0,37,18
2020-09-30,US,New Jersey,Warren,1445,171,0,40.85951833,-74.99556527,34041.0,1372.6998964537795,11.833910034602075,1274,1445,171,0,1274,1443,105779,0,0,0,0,2
2020-09-30,US,New Mexico,Bernalillo,6607,177,0,35.05163625,-106.6703554,35001.0,972.87523136525,2.678976842742546,6430,6547,177,0,6370,6499,678701,60,0,0,60,48
2020-09-30,US,New Mexico,Catron,9,1,0,33.91514144,-108.4046587,35003.0,255.17436915225403,11.111111111111109,8,9,1,0,8,9,3578,0,0,0,0,0
2020-09-30,US,New Mexico,Chaves,1222,12,0,33.36406072,-104.4665365,35005.0,1891.2017333436509,0.9819967266775778,1210,1192,12,0,1180,1164,64689,30,0,0,30,28
2020-09-30,US,New Mexico,Cibola,426,21,0,34.91131525,-107.998876,35006.0,1597.0009372071231,4.929577464788731,405,423,21,0,402,420,26746,3,0,0,3,3
2020-09-30,US,New Mexico,Colfax,36,1,0,36.60569702,-104.64726740000002,35007.0,301.48228791558495,2.7777777777777777,35,36,1,0,35,36,12110,0,0,0,0,0
2020-09-30,US,New Mexico,Curry,851,6,0,34.57421077,-103.34688759999999,35009.0,1738.3666298974551,0.7050528789659224,845,818,6,0,812,801,49437,33,0,0,33,17
2020-09-30,US,New Mexico,De Baca,1,0,0,34.34274529,-104.4117842,35011.0,57.20823798627003,0.0,1,1,0,0,1,1,1781,0,0,0,0,0
2020-09-30,US,New Mexico,Dona Ana,3428,55,0,32.35275771,-106.83293870000001,35013.0,1571.0717477485737,1.604434072345391,3373,3387,55,0,3332,3362,217522,41,0,0,41,25
2020-09-30,US,New Mexico,Eddy,861,11,0,32.47167456,-104.3053527,35015.0,1472.8019158398904,1.2775842044134726,850,839,11,0,828,826,57900,22,0,0,22,13
2020-09-30,US,New Mexico,Grant,124,2,0,32.73911281,-108.3827845,35017.0,459.29328098377664,1.6129032258064515,122,124,2,0,122,124,27346,0,0,0,0,0
2020-09-30,US,New Mexico,Guadalupe,34,1,0,34.86319296,-104.790669,35019.0,790.6976744186046,2.9411764705882355,33,34,1,0,33,34,4341,0,0,0,0,0
2020-09-30,US,New Mexico,Harding,2,0,0,35.85751555,-103.82209379999999,35021.0,320.0,0.0,2,2,0,0,2,2,655,0,0,0,0,0
2020-09-30,US,New Mexico,Hidalgo,101,2,0,31.91383467,-108.7151824,35023.0,2405.9075750357315,1.98019801980198,99,99,2,0,97,99,4240,2,0,0,2,0
2020-09-30,US,New Mexico,Lea,1448,24,0,32.79215361,-103.4123733,35025.0,2037.4278879977487,1.6574585635359116,1424,1419,22,0,1397,1414,69611,29,2,0,27,5
2020-09-30,US,New Mexico,Lincoln,215,3,0,33.74526079,-105.4586166,35027.0,1098.5080727569998,1.3953488372093024,212,212,3,0,209,211,19556,3,0,0,3,1
2020-09-30,US,New Mexico,Los Alamos,33,0,0,35.86631386,-106.31349850000001,35028.0,170.37534204140638,0.0,33,33,0,0,33,33,19101,0,0,0,0,0
2020-09-30,US,New Mexico,Luna,424,7,0,32.18179341,-107.75088259999998,35029.0,1788.350415454047,1.650943396226415,417,422,7,0,415,422,23963,2,0,0,2,0
2020-09-30,US,New Mexico,McKinley,4343,257,0,35.58007720000001,-108.262245,35031.0,6085.445654153879,5.917568501036151,4086,4338,257,0,4081,4335,72290,5,0,0,5,3
2020-09-30,US,New Mexico,Mora,7,0,0,36.01095101,-104.9497716,35033.0,154.83300154833,0.0,7,7,0,0,7,7,4506,0,0,0,0,0
2020-09-30,US,New Mexico,Otero,270,13,0,32.61348406,-105.7417604,35035.0,400.0592680397097,4.814814814814816,257,268,13,0,255,264,66781,2,0,0,2,4
2020-09-30,US,New Mexico,Quay,74,2,0,35.10403332,-103.54817270000001,35037.0,896.6436447352478,2.702702702702702,72,74,2,0,72,74,8253,0,0,0,0,0
2020-09-30,US,New Mexico,Rio Arriba,400,13,0,36.51072137,-106.69316740000001,35039.0,1027.7228231545953,3.25,387,400,13,0,387,399,39006,0,0,0,0,1
2020-09-30,US,New Mexico,Roosevelt,285,4,0,34.02097406,-103.4799493,35041.0,1540.5405405405404,1.4035087719298245,281,282,4,0,278,282,18743,3,0,0,3,0
2020-09-30,US,New Mexico,San Juan,3359,199,0,36.50838318,-108.32043700000001,35045.0,2709.788799432066,5.924382256623995,3160,3341,199,0,3142,3336,125043,18,0,0,18,5
2020-09-30,US,New Mexico,San Miguel,101,0,0,35.48014807,-104.8163562,35047.0,370.27532353264655,0.0,101,100,0,0,100,100,27591,1,0,0,1,0
2020-09-30,US,New Mexico,Sandoval,1375,42,0,35.68862401,-106.86878030000001,35043.0,936.9804017771963,3.0545454545454547,1333,1367,42,0,1325,1357,145179,8,0,0,8,10
2020-09-30,US,New Mexico,Santa Fe,1028,6,0,35.50708973,-105.9774716,35049.0,683.7015655967757,0.5836575875486382,1022,1021,6,0,1015,1014,150056,7,0,0,7,7
2020-09-30,US,New Mexico,Sierra,47,1,0,33.13028233,-107.1925893,35051.0,435.5481419701603,2.127659574468085,46,46,1,0,45,46,10968,1,0,0,1,0
2020-09-30,US,New Mexico,Socorro,107,6,0,34.00715494,-106.9298354,35053.0,643.1447977399773,5.607476635514018,101,106,6,0,100,105,16735,1,0,0,1,1
2020-09-30,US,New Mexico,Taos,146,4,0,36.58006022,-105.63101979999999,35055.0,446.16936099990835,2.7397260273972597,142,145,4,0,141,144,32835,1,0,0,1,1
2020-09-30,US,New Mexico,Torrance,76,1,0,34.64048375,-105.8508949,35057.0,491.55940754155614,1.3157894736842106,75,74,1,0,73,74,15591,2,0,0,2,0
2020-09-30,US,New Mexico,Unassigned,1379,0,0,0.0,0.0,90035.0,0.0,0.0,1379,1379,0,0,1379,1379,,0,0,0,0,0
2020-09-30,US,New Mexico,Union,31,2,0,36.48126404,-103.4709624,35059.0,763.7349100763735,6.451612903225807,29,31,2,0,29,31,4118,0,0,0,0,0
2020-09-30,US,New Mexico,Valencia,585,4,0,34.71669834,-106.8103733,35061.0,762.8312121844357,0.6837606837606838,581,581,4,0,577,581,76456,4,0,0,4,0
2020-09-30,US,New York,Albany,3120,134,0,42.60060306,-73.97723916,36001.0,1021.2565383331261,4.294871794871796,2986,3116,134,0,2982,3104,307117,4,0,0,4,12
2020-09-30,US,New York,Allegany,114,1,0,42.25748406,-78.02750466,36003.0,247.3367902627411,0.8771929824561403,113,108,1,0,107,106,46430,6,0,0,6,2
2020-09-30,US,New York,Bronx,53091,4952,0,40.85209301,-73.86282755,36005.0,3743.5296821973097,9.32738128873067,48139,53025,4950,0,48075,52956,1432132,66,2,0,64,69
2020-09-30,US,New York,Broome,1673,82,0,42.15903158,-75.81326086,36007.0,878.2705472260719,4.901374775851763,1591,1642,82,0,1560,1606,191659,31,0,0,31,36
2020-09-30,US,New York,Cattaraugus,276,6,0,42.24778241,-78.67923096,36009.0,362.5996820683947,2.1739130434782608,270,271,6,0,265,260,76840,5,0,0,5,11
2020-09-30,US,New York,Cayuga,220,2,0,42.91261714,-76.55731592,36011.0,287.29628081905565,0.9090909090909092,218,219,2,0,217,218,77145,1,0,0,1,1
2020-09-30,US,New York,Chautauqua,590,9,0,42.22769210000001,-79.36691763,36013.0,464.922027060038,1.5254237288135593,581,585,9,0,576,578,127939,5,0,0,5,7
2020-09-30,US,New York,Chemung,510,3,0,42.13891056,-76.7638805,36015.0,611.1004601226994,0.5882352941176471,507,492,3,0,489,470,84254,18,0,0,18,22
2020-09-30,US,New York,Chenango,253,7,0,42.49430041,-75.60887553,36017.0,535.9374669010951,2.766798418972332,246,251,7,0,244,251,47536,2,0,0,2,0
2020-09-30,US,New York,Clinton,162,5,0,44.74530905,-73.67875352,36019.0,201.2797415667516,3.08641975308642,157,162,5,0,157,161,80695,0,0,0,0,1
2020-09-30,US,New York,Columbia,595,37,0,42.24819348,-73.63089095,36021.0,1000.6558920973413,6.218487394957982,558,592,37,0,555,591,59916,3,0,0,3,1
2020-09-30,US,New York,Cortland,184,0,0,42.59509207,-76.07048931,36023.0,386.70898047539987,0.0,184,181,0,0,181,171,47823,3,0,0,3,10
2020-09-30,US,New York,Delaware,136,4,0,42.19837623,-74.96709306,36025.0,308.14546278463797,2.9411764705882355,132,136,4,0,132,135,44527,0,0,0,0,1
2020-09-30,US,New York,Dutchess,5137,156,0,41.76486060000001,-73.74356679,36027.0,1745.984270167019,3.036791901888261,4981,5130,156,0,4974,5124,293718,7,0,0,7,6
2020-09-30,US,New York,Erie,11500,693,0,42.76249024,-78.73063652,36029.0,1251.7660786631573,6.0260869565217385,10807,11445,693,0,10752,11359,919719,55,0,0,55,86
2020-09-30,US,New York,Essex,169,0,0,44.11630765,-73.77297842,36031.0,458.1808323166599,0.0,169,168,0,0,168,168,37300,1,0,0,1,0
2020-09-30,US,New York,Franklin,66,0,0,44.59040891,-74.29926032,36033.0,131.94194554396066,0.0,66,66,0,0,66,66,50293,0,0,0,0,0
2020-09-30,US,New York,Fulton,339,24,0,43.11363907,-74.41798804,36035.0,635.0336249367776,7.079646017699115,315,339,24,0,315,337,53591,0,0,0,0,2
2020-09-30,US,New York,Genesee,330,5,0,43.0022601,-78.19135193,36037.0,576.1173184357542,1.5151515151515151,325,327,5,0,322,321,57511,3,0,0,3,6
2020-09-30,US,New York,Greene,325,18,0,42.275797,-74.12384884,36039.0,688.7344240061032,5.538461538461538,307,323,18,0,305,323,47491,2,0,0,2,0
2020-09-30,US,New York,Hamilton,15,0,0,43.66146647,-74.49721957,36041.0,339.67391304347825,0.0,15,15,0,0,15,15,4434,0,0,0,0,0
2020-09-30,US,New York,Herkimer,338,10,0,43.42034246,-74.96145307,36043.0,551.2157732513576,2.9585798816568047,328,337,10,0,327,335,61833,1,0,0,1,2
2020-09-30,US,New York,Jefferson,172,0,0,44.04200959,-75.94653457,36045.0,156.59995993954513,0.0,172,170,0,0,170,170,111755,2,0,0,2,0
2020-09-30,US,New York,Kings,68844,7330,0,40.636182500000004,-73.94935552,36047.0,2689.3206500402553,10.647260472953343,61514,68658,7329,0,61329,68462,2582830,186,1,0,185,196
2020-09-30,US,New York,Lewis,50,0,0,43.784415700000004,-75.44903992,36049.0,190.14298752661998,0.0,50,50,0,0,50,50,26447,0,0,0,0,0
2020-09-30,US,New York,Livingston,208,8,0,42.72596275,-77.77966158,36051.0,330.610039100995,3.8461538461538463,200,207,8,0,199,207,63227,1,0,0,1,0
2020-09-30,US,New York,Madison,497,17,0,42.91653905,-75.67266639,36053.0,700.5821739191722,3.420523138832998,480,497,17,0,480,493,70795,0,0,0,0,4
2020-09-30,US,New York,Monroe,6085,289,0,43.14638895,-77.69322942,36055.0,820.3351443169714,4.749383730484799,5796,6074,289,0,5785,6045,742474,11,0,0,11,29
2020-09-30,US,New York,Montgomery,235,4,0,42.90123494,-74.44011632,36057.0,477.4384917006968,1.702127659574468,231,234,4,0,230,232,49455,1,0,0,1,2
2020-09-30,US,New York,Nassau,46857,2201,0,40.74066522,-73.58941873,36059.0,3453.177923008216,4.697270418507373,44656,46791,2201,0,44590,46711,1358343,66,0,0,66,80
2020-09-30,US,New York,New York,33561,3178,0,40.76727260000001,-73.97152637,36061.0,2060.5928878508457,9.469324513572301,30383,33497,3178,0,30319,33418,,64,0,0,64,79
2020-09-30,US,New York,Niagara,1788,101,0,43.19898042,-78.74777412,36063.0,854.3537158174893,5.648769574944072,1687,1783,101,0,1682,1780,210433,5,0,0,5,3
2020-09-30,US,New York,Oneida,2436,123,0,43.24375382,-75.43710392,36065.0,1065.2859348146462,5.0492610837438425,2313,2432,123,0,2309,2420,229577,4,0,0,4,12
2020-09-30,US,New York,Onondaga,4424,205,0,43.00491923,-76.19971155,36067.0,960.6364868151339,4.633815551537071,4219,4409,205,0,4204,4379,461809,15,0,0,15,30
2020-09-30,US,New York,Ontario,475,35,0,42.85145728,-77.30874425,36069.0,432.69537334778687,7.36842105263158,440,475,35,0,440,474,109864,0,0,0,0,1
2020-09-30,US,New York,Orange,12143,498,0,41.40337468,-74.30240757,36071.0,3154.5175871564397,4.101128222020917,11645,12122,498,0,11624,12062,381951,21,0,0,21,60
2020-09-30,US,New York,Orleans,336,54,0,43.2516977,-78.2320066,36073.0,832.6724821570183,16.071428571428573,282,335,54,0,281,335,40612,1,0,0,1,0
2020-09-30,US,New York,Oswego,503,3,0,43.42778894,-76.14635194,36075.0,429.4593763874184,0.5964214711729622,500,499,3,0,496,493,117898,4,0,0,4,6
2020-09-30,US,New York,Otsego,341,5,0,42.63492579,-75.03151402,36077.0,573.1766762476258,1.4662756598240467,336,340,5,0,335,340,59749,1,0,0,1,0
2020-09-30,US,New York,Putnam,1617,63,0,41.42630093,-73.74965532,36079.0,1644.6297803091945,3.8961038961038965,1554,1612,63,0,1549,1604,98892,5,0,0,5,8
2020-09-30,US,New York,Queens,72556,7253,0,40.71088124,-73.81684712,36081.0,3219.191271144855,9.996416561001158,65303,72465,7252,0,65213,72323,2278906,91,1,0,90,142
2020-09-30,US,New York,Rensselaer,919,42,0,42.71348136,-73.51089874,36083.0,579.0289451466159,4.570184983677911,877,916,42,0,874,913,159442,3,0,0,3,3
2020-09-30,US,New York,Richmond,15989,1086,0,40.58582155,-74.14808598,36085.0,3358.024795072069,6.79216961661142,14903,15950,1086,0,14864,15913,476179,39,0,0,39,37
2020-09-30,US,New York,Rockland,15452,675,0,41.15027894,-74.02560498,36087.0,4742.947122217141,4.368366554491328,14777,15342,675,0,14667,15277,325695,110,0,0,110,65
2020-09-30,US,New York,Saratoga,1066,17,0,43.10904162,-73.86653895,36091.0,463.75449724401057,1.594746716697936,1049,1060,17,0,1043,1052,230163,6,0,0,6,8
2020-09-30,US,New York,Schenectady,1410,48,0,42.81668777,-74.05278291,36093.0,907.9260008113381,3.404255319148936,1362,1405,48,0,1357,1403,155350,5,0,0,5,2
2020-09-30,US,New York,Schoharie,85,0,0,42.58831742,-74.44339029999998,36095.0,274.20239362560085,0.0,85,85,0,0,85,85,31097,0,0,0,0,0
2020-09-30,US,New York,Schuyler,43,0,0,42.39184015,-76.8773299,36097.0,241.47807042174423,0.0,43,43,0,0,43,41,17912,0,0,0,0,2
2020-09-30,US,New York,Seneca,107,3,0,42.78081007,-76.82497064,36099.0,314.5578551269992,2.803738317757009,104,107,3,0,104,106,34300,0,0,0,0,1
2020-09-30,US,New York,St. Lawrence,327,4,0,44.4976179,-75.06550039,36089.0,303.5084462595136,1.2232415902140672,323,325,4,0,321,324,108047,2,0,0,2,1
2020-09-30,US,New York,Steuben,453,42,0,42.2689144,-77.3829924,36101.0,474.9473154467965,9.271523178807945,411,450,42,0,408,420,95796,3,0,0,3,30
2020-09-30,US,New York,Suffolk,46517,2011,0,40.88320119,-72.8012172,36103.0,3150.2755314401115,4.323150676096912,44506,46464,2011,0,44453,46428,1481093,53,0,0,53,36
2020-09-30,US,New York,Sullivan,1604,48,0,41.71579493,-74.76394559,36105.0,2126.418496128964,2.9925187032418954,1556,1600,48,0,1552,1594,75498,4,0,0,4,6
2020-09-30,US,New York,Tioga,249,25,0,42.16852837,-76.30835812,36107.0,516.5653590025518,10.040160642570283,224,242,25,0,217,237,48560,7,0,0,7,5
2020-09-30,US,New York,Tompkins,421,0,0,42.44945765,-76.47229843,36109.0,412.01800743785486,0.0,421,417,0,0,417,414,102793,4,0,0,4,3
2020-09-30,US,New York,Ulster,2280,95,0,41.89027881,-74.26252104,36111.0,1283.9789832913789,4.166666666666667,2185,2272,95,0,2177,2264,178599,8,0,0,8,8
2020-09-30,US,New York,Unassigned,0,24,0,0.0,0.0,90036.0,0.0,0.0,-24,0,19,0,-19,0,,0,5,0,-5,0
2020-09-30,US,New York,Warren,391,33,0,43.56173026,-73.8433699,36113.0,611.4725384711622,8.439897698209718,358,386,33,0,353,383,64265,5,0,0,5,3
2020-09-30,US,New York,Washington,302,14,0,43.31153794,-73.43043448,36115.0,493.43180184301684,4.635761589403972,288,301,14,0,287,299,61197,1,0,0,1,2
2020-09-30,US,New York,Wayne,323,5,0,43.15494365,-77.02976528,36117.0,359.21617473698257,1.547987616099071,318,321,5,0,316,320,90064,2,0,0,2,1
2020-09-30,US,New York,Westchester,38239,1454,0,41.16278376,-73.75741653,36119.0,3952.3269106341454,3.8024006903946233,36785,38182,1454,0,36728,38133,967612,57,0,0,57,49
2020-09-30,US,New York,Wyoming,137,5,0,42.70145109,-78.22199579,36121.0,343.7115833312426,3.6496350364963503,132,137,5,0,132,137,40085,0,0,0,0,0
2020-09-30,US,New York,Yates,64,7,0,42.63505484,-77.10369919,36123.0,256.89399108898965,10.9375,57,64,7,0,57,64,24841,0,0,0,0,0
2020-09-30,US,North Carolina,Alamance,3977,55,0,36.0434701,-79.39976137,37001.0,2346.1881080060652,1.3829519738496354,3922,3962,54,0,3908,3950,166436,15,1,0,14,12
2020-09-30,US,North Carolina,Alexander,534,7,0,35.922379600000006,-81.17751948,37003.0,1424.1139291143286,1.310861423220974,527,528,7,0,521,528,37353,6,0,0,6,0
2020-09-30,US,North Carolina,Alleghany,237,0,0,36.49360862,-81.12857041,37005.0,2128.041662925384,0.0,237,236,0,0,236,233,11161,1,0,0,1,3
2020-09-30,US,North Carolina,Anson,616,6,0,34.97403241,-80.09953279,37007.0,2519.8396465679457,0.9740259740259741,610,606,4,0,602,605,24877,10,2,0,8,1
2020-09-30,US,North Carolina,Ashe,269,1,0,36.43296207,-81.49862729,37009.0,988.8615226261808,0.3717472118959108,268,268,1,0,267,269,27109,1,0,0,1,-1
2020-09-30,US,North Carolina,Avery,362,0,0,36.07569796,-81.92308483,37011.0,2061.855670103093,0.0,362,362,0,0,362,359,17505,0,0,0,0,3
2020-09-30,US,North Carolina,Beaufort,981,25,0,35.48531943,-76.84325809,37013.0,2087.5005319828065,2.5484199796126403,956,971,24,0,947,966,47079,10,1,0,9,5
2020-09-30,US,North Carolina,Bertie,605,10,0,36.0688473,-76.96545943,37015.0,3193.117643954188,1.6528925619834711,595,594,9,0,585,590,19026,11,1,0,10,4
2020-09-30,US,North Carolina,Bladen,925,15,0,34.61296243,-78.56180059,37017.0,2826.844324919014,1.6216216216216215,910,914,15,0,899,907,33190,11,0,0,11,7
2020-09-30,US,North Carolina,Brunswick,1667,27,0,34.070565,-78.22814204,37019.0,1167.2034729029547,1.6196760647870423,1640,1646,27,0,1619,1642,136744,21,0,0,21,4
2020-09-30,US,North Carolina,Buncombe,3179,82,0,35.61113393,-82.53305,37021.0,1217.1169756997756,2.5794274929223024,3097,3151,82,0,3069,3141,259103,28,0,0,28,10
2020-09-30,US,North Carolina,Burke,2142,42,0,35.74989637,-81.70755735,37023.0,2367.2431894789192,1.96078431372549,2100,2130,40,0,2090,2127,90382,12,2,0,10,3
2020-09-30,US,North Carolina,Cabarrus,4074,73,0,35.3877799,-80.55267168,37025.0,1882.163795373592,1.7918507609229262,4001,4041,70,0,3971,4031,211342,33,3,0,30,10
2020-09-30,US,North Carolina,Caldwell,1681,18,0,35.95204977,-81.54799522,37027.0,2045.5596388327772,1.0707911957168352,1663,1675,18,0,1657,1672,82029,6,0,0,6,3
2020-09-30,US,North Carolina,Camden,116,3,0,36.33804939,-76.15568396,37029.0,1067.451918652802,2.586206896551724,113,115,3,0,112,115,10710,1,0,0,1,0
2020-09-30,US,North Carolina,Carteret,727,5,0,34.8932941,-76.54120135,37031.0,1046.4496998834081,0.687757909215956,722,718,5,0,713,713,69524,9,0,0,9,5
2020-09-30,US,North Carolina,Caswell,367,5,0,36.39312665,-79.33353281,37033.0,1623.6064413378162,1.3623978201634876,362,362,5,0,357,361,22698,5,0,0,5,1
2020-09-30,US,North Carolina,Catawba,3217,52,0,35.66211129,-81.2132617,37035.0,2016.2831947151694,1.616412806963009,3165,3204,52,0,3152,3188,158652,13,0,0,13,16
2020-09-30,US,North Carolina,Chatham,1695,58,0,35.70394416,-79.25541492,37037.0,2276.084329260105,3.4218289085545717,1637,1689,58,0,1631,1684,73139,6,0,0,6,5
2020-09-30,US,North Carolina,Cherokee,649,12,0,35.1349263,-84.05970864,37039.0,2268.279043757864,1.8489984591679507,637,646,12,0,634,628,28383,3,0,0,3,18
2020-09-30,US,North Carolina,Chowan,369,4,0,36.12908077,-76.60118385,37041.0,2646.489277773793,1.084010840108401,365,361,4,0,357,360,14029,8,0,0,8,1
2020-09-30,US,North Carolina,Clay,124,2,0,35.05704275,-83.74353633,37043.0,1104.086902323925,1.6129032258064515,122,123,2,0,121,119,11139,1,0,0,1,4
2020-09-30,US,North Carolina,Cleveland,2290,65,0,35.33553364,-81.55204486,37045.0,2337.999121974129,2.838427947598253,2225,2254,63,0,2191,2242,97645,36,2,0,34,12
2020-09-30,US,North Carolina,Columbus,1401,57,0,34.26744084,-78.65801424,37047.0,2523.960510196729,4.0685224839400425,1344,1378,57,0,1321,1377,55655,23,0,0,23,1
2020-09-30,US,North Carolina,Craven,1685,39,0,35.11833364,-77.08398081,37049.0,1649.712646491546,2.314540059347181,1646,1669,39,0,1630,1636,102912,16,0,0,16,33
2020-09-30,US,North Carolina,Cumberland,5610,77,0,35.04762133,-78.82623165,37051.0,1672.0862927671094,1.3725490196078431,5533,5533,77,0,5456,5515,332330,77,0,0,77,18
2020-09-30,US,North Carolina,Currituck,184,3,0,36.36123664,-75.95876401,37053.0,662.7525843748874,1.6304347826086956,181,184,3,0,181,184,27072,0,0,0,0,0
2020-09-30,US,North Carolina,Dare,276,3,0,35.66520691,-75.71767334,37055.0,745.764543759626,1.0869565217391304,273,272,3,0,269,274,36501,4,0,0,4,-2
2020-09-30,US,North Carolina,Davidson,2820,37,0,35.79115496,-80.21256572,37057.0,1682.4872172735354,1.3120567375886525,2783,2797,37,0,2760,2783,166614,23,0,0,23,14
2020-09-30,US,North Carolina,Davie,576,6,0,35.93099927,-80.54496571,37059.0,1344.3495308780282,1.0416666666666667,570,568,6,0,562,563,42733,8,0,0,8,5
2020-09-30,US,North Carolina,Duplin,2403,54,0,34.93449805,-77.93140529,37061.0,4090.8394477451866,2.247191011235955,2349,2394,54,0,2340,2379,58856,9,0,0,9,15
2020-09-30,US,North Carolina,Durham,7825,95,0,36.03638492,-78.87608331,37063.0,2433.9944259194745,1.2140575079872205,7730,7780,95,0,7685,7756,316739,45,0,0,45,24
2020-09-30,US,North Carolina,Edgecombe,1386,49,0,35.91230639,-77.59436892,37065.0,2692.7261423686664,3.5353535353535355,1337,1373,49,0,1324,1366,52005,13,0,0,13,7
2020-09-30,US,North Carolina,Forsyth,7097,103,0,36.12859861,-80.25459052,37067.0,1856.4197805359736,1.4513174580808792,6994,7067,103,0,6964,7041,379099,30,0,0,30,26
2020-09-30,US,North Carolina,Franklin,1225,31,0,36.081519,-78.28708884,37069.0,1757.9105976896033,2.5306122448979598,1194,1212,31,0,1181,1212,67560,13,0,0,13,0
2020-09-30,US,North Carolina,Gaston,5275,85,0,35.29373559,-81.17477045,37071.0,2349.36244315879,1.6113744075829384,5190,5224,84,0,5140,5181,222846,51,1,0,50,43
2020-09-30,US,North Carolina,Gates,145,3,0,36.44667547,-76.69749701,37073.0,1254.1082857637084,2.0689655172413794,142,144,3,0,141,142,11573,1,0,0,1,2
2020-09-30,US,North Carolina,Graham,174,3,0,35.3506925,-83.83369267,37075.0,2061.36713659519,1.7241379310344829,171,165,3,0,162,158,8484,9,0,0,9,7
2020-09-30,US,North Carolina,Granville,1760,50,0,36.30337451,-78.65184241,37077.0,2911.834290157669,2.8409090909090913,1710,1746,50,0,1696,1740,60115,14,0,0,14,6
2020-09-30,US,North Carolina,Greene,623,5,0,35.48544173,-77.67578087,37079.0,2956.9509706203426,0.8025682182985554,618,618,5,0,613,607,21012,5,0,0,5,11
2020-09-30,US,North Carolina,Guilford,8736,185,0,36.07959451,-79.78824948,37081.0,1626.2886885813534,2.1176739926739927,8551,8689,181,0,8508,8635,533670,47,4,0,43,54
2020-09-30,US,North Carolina,Halifax,1046,19,0,36.25669272,-77.6556109,37083.0,2091.5816836632675,1.816443594646272,1027,1040,19,0,1021,1030,50574,6,0,0,6,10
2020-09-30,US,North Carolina,Harnett,2287,54,0,35.36731853,-78.87243571,37085.0,1681.9144554921454,2.3611718408395284,2233,2272,54,0,2218,2249,134214,15,0,0,15,23
2020-09-30,US,North Carolina,Haywood,618,31,0,35.55269063,-82.98196486,37087.0,991.7037084583659,5.016181229773463,587,613,31,0,582,610,61971,5,0,0,5,3
2020-09-30,US,North Carolina,Henderson,2048,64,0,35.33788927,-82.4766782,37089.0,1744.2108042276673,3.125,1984,2032,64,0,1968,2024,116748,16,0,0,16,8
2020-09-30,US,North Carolina,Hertford,765,30,0,36.3607755,-76.98104134,37091.0,3230.983655023863,3.92156862745098,735,755,30,0,725,755,23659,10,0,0,10,0
2020-09-30,US,North Carolina,Hoke,1217,18,0,35.01888303,-79.23651674,37093.0,2203.3530072057065,1.4790468364831553,1199,1195,18,0,1177,1179,54764,22,0,0,22,16
2020-09-30,US,North Carolina,Hyde,126,5,0,35.42017674,-76.15180542,37095.0,2552.157180473972,3.968253968253968,121,126,5,0,121,125,5230,0,0,0,0,1
2020-09-30,US,North Carolina,Iredell,3100,32,0,35.80950511,-80.8743128,37097.0,1705.114242654258,1.032258064516129,3068,3098,32,0,3066,3089,178435,2,0,0,2,9
2020-09-30,US,North Carolina,Jackson,660,7,0,35.28814273,-83.14093385,37099.0,1502.1166188720472,1.0606060606060606,653,659,7,0,652,655,43327,1,0,0,1,4
2020-09-30,US,North Carolina,Johnston,4566,57,0,35.51745004,-78.36622717,37101.0,2181.151147182321,1.2483574244415243,4509,4542,57,0,4485,4534,202675,24,0,0,24,8
2020-09-30,US,North Carolina,Jones,159,11,0,35.02254606,-77.35870791,37103.0,1688.0772905828644,6.918238993710692,148,159,11,0,148,159,9637,0,0,0,0,0
2020-09-30,US,North Carolina,Lee,1671,15,0,35.47623147,-79.17569362,37105.0,2704.802602826203,0.8976660682226212,1656,1661,15,0,1646,1646,61452,10,0,0,10,15
2020-09-30,US,North Carolina,Lenoir,1021,33,0,35.24032589999999,-77.64245615,37107.0,1824.8762265634768,3.2321253672869736,988,1014,33,0,981,1016,55976,7,0,0,7,-2
2020-09-30,US,North Carolina,Lincoln,1687,14,0,35.48508185,-81.21740317,37109.0,1959.099302063616,0.8298755186721992,1673,1659,14,0,1645,1653,83770,28,0,0,28,6
2020-09-30,US,North Carolina,Macon,621,2,0,35.14867843,-83.41696617,37113.0,1731.831111606894,0.322061191626409,619,604,2,0,602,603,35285,17,0,0,17,1
2020-09-30,US,North Carolina,Madison,109,1,0,35.85402722,-82.71346418,37115.0,501.0342450011492,0.9174311926605504,108,110,1,0,109,110,21763,-1,0,0,-1,0
2020-09-30,US,North Carolina,Martin,466,9,0,35.84326734,-77.10860251,37117.0,2076.648841354724,1.931330472103004,457,461,9,0,452,462,22671,5,0,0,5,-1
2020-09-30,US,North Carolina,McDowell,1018,27,0,35.67736232,-82.0482425,37111.0,2224.844829093452,2.652259332023576,991,1011,27,0,984,1008,45507,7,0,0,7,3
2020-09-30,US,North Carolina,Mecklenburg,28975,356,0,35.24469268,-80.8317671,37119.0,2609.523432124472,1.2286453839516824,28619,28844,354,0,28490,28774,1093901,131,2,0,129,70
2020-09-30,US,North Carolina,Mitchell,161,3,0,36.01059309,-82.1582442,37121.0,1075.9155306067896,1.8633540372670807,158,159,3,0,156,158,15000,2,0,0,2,1
2020-09-30,US,North Carolina,Montgomery,1049,32,0,35.33155144,-79.90416657,37123.0,3860.449711110293,3.0505243088655862,1017,1052,30,0,1022,1052,27271,-3,2,0,-5,0
2020-09-30,US,North Carolina,Moore,1722,33,0,35.30885257,-79.48474178,37125.0,1706.9785884218875,1.9163763066202089,1689,1703,29,0,1674,1690,98682,19,4,0,15,13
2020-09-30,US,North Carolina,Nash,2431,41,0,35.96575634,-77.98422508,37127.0,2577.997412458377,1.6865487453722747,2390,2400,40,0,2360,2377,94016,31,1,0,30,23
2020-09-30,US,North Carolina,New Hanover,4352,32,0,34.25758282,-77.87075626,37129.0,1856.07724556772,0.7352941176470589,4320,4328,30,0,4298,4316,232274,24,2,0,22,12
2020-09-30,US,North Carolina,Northampton,462,17,0,36.41736238,-77.39769443,37131.0,2371.2980547143666,3.67965367965368,445,459,17,0,442,454,19676,3,0,0,3,5
2020-09-30,US,North Carolina,Onslow,2260,25,0,34.72607366,-77.42908179,37133.0,1141.771665875173,1.106194690265487,2235,2237,25,0,2212,2205,197683,23,0,0,23,32
2020-09-30,US,North Carolina,Orange,2688,55,0,36.06092947,-79.12167935,37135.0,1810.393598965489,2.046130952380953,2633,2675,55,0,2620,2668,146027,13,0,0,13,7
2020-09-30,US,North Carolina,Pamlico,269,2,0,35.15253315,-76.66559823,37137.0,2113.782806852114,0.7434944237918215,267,270,2,0,268,270,12670,-1,0,0,-1,0
2020-09-30,US,North Carolina,Pasquotank,711,31,0,36.26723798,-76.25134778,37139.0,1785.3555644837286,4.3600562587904355,680,709,31,0,678,710,39639,2,0,0,2,-1
2020-09-30,US,North Carolina,Pender,970,7,0,34.52265624,-77.90352133,37141.0,1538.2175705677132,0.7216494845360825,963,966,7,0,959,968,62162,4,0,0,4,-2
2020-09-30,US,North Carolina,Perquimans,188,3,0,36.17847453,-76.40603143,37143.0,1396.4198172769811,1.5957446808510638,185,187,3,0,184,187,13422,1,0,0,1,0
2020-09-30,US,North Carolina,Person,441,8,0,36.38989032,-78.97217358,37145.0,1116.7384147885539,1.8140589569161,433,437,8,0,429,437,39507,4,0,0,4,0
2020-09-30,US,North Carolina,Pitt,4976,29,0,35.59535426,-77.37353178,37147.0,2753.0955726947805,0.5827974276527331,4947,4945,29,0,4916,4931,179914,31,0,0,31,14
2020-09-30,US,North Carolina,Polk,322,11,0,35.27820615,-82.16812354,37149.0,1553.7541015248019,3.4161490683229814,311,320,11,0,309,315,20611,2,0,0,2,5
2020-09-30,US,North Carolina,Randolph,2884,54,0,35.71015088,-79.80570339,37151.0,2007.4199363806574,1.8723994452149797,2830,2863,54,0,2809,2843,143351,21,0,0,21,20
2020-09-30,US,North Carolina,Richmond,1037,17,0,35.00417719,-79.74491009,37153.0,2313.2347364429274,1.639344262295082,1020,1026,17,0,1009,1023,44887,11,0,0,11,3
2020-09-30,US,North Carolina,Robeson,4624,78,0,34.64244496,-79.10250529999998,37155.0,3539.904306220096,1.6868512110726643,4546,4565,76,0,4489,4546,131831,59,2,0,57,19
2020-09-30,US,North Carolina,Rockingham,1291,14,0,36.39593137,-79.77504841,37157.0,1418.5254367651905,1.0844306738962044,1277,1286,14,0,1272,1276,90690,5,0,0,5,10
2020-09-30,US,North Carolina,Rowan,3421,102,0,35.64003916,-80.52446628,37159.0,2407.662856821125,2.9815843320666477,3319,3402,100,0,3302,3388,141262,19,2,0,17,14
2020-09-30,US,North Carolina,Rutherford,1241,32,0,35.40114178,-81.92112099,37161.0,1851.4374375270406,2.5785656728444803,1209,1231,32,0,1199,1212,66826,10,0,0,10,19
2020-09-30,US,North Carolina,Sampson,2254,28,0,34.98820368,-78.36914061,37163.0,3547.8742661063106,1.2422360248447204,2226,2250,28,0,2222,2240,63626,4,0,0,4,10
2020-09-30,US,North Carolina,Scotland,1202,15,0,34.8386299,-79.4757978,37165.0,3451.7416649915285,1.2479201331114809,1187,1174,13,0,1161,1170,34810,28,2,0,26,4
2020-09-30,US,North Carolina,Stanly,2014,56,0,35.31647813,-80.25093221,37167.0,3206.699996815591,2.780536246276068,1958,1989,56,0,1933,1982,62075,25,0,0,25,7
2020-09-30,US,North Carolina,Stokes,458,4,0,36.4017975,-80.23893369,37169.0,1004.5842381171724,0.8733624454148472,454,453,3,0,450,447,45467,5,1,0,4,6
2020-09-30,US,North Carolina,Surry,1345,23,0,36.41689489,-80.69102283,37171.0,1873.702687265787,1.7100371747211895,1322,1334,23,0,1311,1332,71948,11,0,0,11,2
2020-09-30,US,North Carolina,Swain,150,3,0,35.48665845,-83.48748932,37173.0,1051.0826150935463,2.0,147,144,3,0,141,144,14245,6,0,0,6,0
2020-09-30,US,North Carolina,Transylvania,333,8,0,35.20383864,-82.79638423,37175.0,968.4455431147304,2.4024024024024024,325,333,7,0,326,329,34215,0,1,0,-1,4
2020-09-30,US,North Carolina,Tyrrell,116,3,0,35.87147226,-76.17055253,37177.0,2888.4462151394428,2.586206896551724,113,116,3,0,113,117,4131,0,0,0,0,-1
2020-09-30,US,North Carolina,Union,4893,59,0,34.98960527,-80.52955873,37179.0,2039.948469725964,1.2058042100960555,4834,4849,59,0,4790,4834,235908,44,0,0,44,15
2020-09-30,US,North Carolina,Vance,1057,44,0,36.36880673,-78.40670845,37181.0,2373.414168631413,4.162724692526017,1013,1050,44,0,1006,1047,44582,7,0,0,7,3
2020-09-30,US,North Carolina,Wake,17756,245,0,35.78879266,-78.65249174,37183.0,1597.105852786705,1.3798152737102949,17511,17681,244,0,17437,17651,1092305,75,1,0,74,30
2020-09-30,US,North Carolina,Warren,348,7,0,36.39728256,-78.10652228,37185.0,1763.722061730272,2.0114942528735638,341,347,7,0,340,346,19807,1,0,0,1,1
2020-09-30,US,North Carolina,Washington,212,8,0,35.83810081,-76.57299037,37187.0,1830.7426597582041,3.7735849056603774,204,209,8,0,201,208,11859,3,0,0,3,1
2020-09-30,US,North Carolina,Watauga,905,1,0,36.23103603,-81.70033724,37189.0,1610.9795823913696,0.11049723756906077,904,896,1,0,895,852,55945,9,0,0,9,44
2020-09-30,US,North Carolina,Wayne,3427,69,0,35.36438125,-78.00027268,37191.0,2783.2146250741084,2.0134228187919465,3358,3400,69,0,3331,3390,123248,27,0,0,27,10
2020-09-30,US,North Carolina,Wilkes,1258,34,0,36.2084135,-81.16232895,37193.0,1838.8586797637838,2.702702702702702,1224,1244,34,0,1210,1243,68557,14,0,0,14,1
2020-09-30,US,North Carolina,Wilson,2275,53,0,35.70625477,-77.917978,37195.0,2781.1395948704785,2.32967032967033,2222,2262,52,0,2210,2252,81455,13,1,0,12,10
2020-09-30,US,North Carolina,Yadkin,749,9,0,36.16222629,-80.66239436,37197.0,1988.4779780709905,1.2016021361815754,740,746,9,0,737,744,37543,3,0,0,3,2
2020-09-30,US,North Carolina,Yancey,216,0,0,35.90079156,-82.31237181,37199.0,1195.4175659970115,0.0,216,215,0,0,215,212,17903,1,0,0,1,3
2020-09-30,US,North Dakota,Adams,21,0,0,46.09686891,-102.5285397,38001.0,947.6534296028881,0.0,21,21,0,0,21,21,2294,0,0,0,0,0
2020-09-30,US,North Dakota,Barnes,242,0,0,46.93579637,-98.06605978,38003.0,2323.571771483437,0.0,242,237,0,0,237,235,10542,5,0,0,5,2
2020-09-30,US,North Dakota,Benson,345,6,0,48.0683985,-99.35916363,38005.0,5049.765807962529,1.7391304347826086,339,344,6,0,338,343,6962,1,0,0,1,1
2020-09-30,US,North Dakota,Billings,16,0,0,47.02366884,-103.3762965,38007.0,1724.1379310344828,0.0,16,17,0,0,17,18,919,-1,0,0,-1,-1
2020-09-30,US,North Dakota,Bottineau,98,4,0,48.79106111,-100.8378166,38009.0,1560.012734797835,4.081632653061225,94,94,4,0,90,82,6411,4,0,0,4,12
2020-09-30,US,North Dakota,Bowman,42,0,0,46.11285362,-103.5203343,38011.0,1388.888888888889,0.0,42,42,0,0,42,41,3076,0,0,0,0,1
2020-09-30,US,North Dakota,Burke,35,1,0,48.79094471,-102.51821170000001,38013.0,1654.8463356973996,2.8571428571428568,34,35,1,0,34,33,2100,0,0,0,0,2
2020-09-30,US,North Dakota,Burleigh,3790,48,0,46.97847375,-100.46452140000001,38015.0,3963.3572459372967,1.2664907651715043,3742,3712,46,0,3666,3651,95273,78,2,0,76,61
2020-09-30,US,North Dakota,Cass,5334,77,0,46.93201724,-97.24447190000001,38017.0,2932.0096964100208,1.4435695538057742,5257,5250,77,0,5173,5177,181516,84,0,0,84,73
2020-09-30,US,North Dakota,Cavalier,55,0,0,48.77286211,-98.46685243,38019.0,1461.9883040935672,0.0,55,55,0,0,55,55,3829,0,0,0,0,0
2020-09-30,US,North Dakota,Dickey,79,0,0,46.11017712,-98.50490079999999,38021.0,1621.510673234811,0.0,79,77,0,0,77,70,4903,2,0,0,2,7
2020-09-30,US,North Dakota,Divide,8,0,0,48.814938700000006,-103.48736109999999,38023.0,353.356890459364,0.0,8,8,0,0,8,7,2283,0,0,0,0,1
2020-09-30,US,North Dakota,Dunn,113,1,0,47.35423935,-102.61604679999999,38025.0,2554.249547920434,0.8849557522123894,112,108,1,0,107,106,4332,5,0,0,5,2
2020-09-30,US,North Dakota,Eddy,88,3,0,47.71701474,-98.90432337,38027.0,3847.8355924792304,3.4090909090909087,85,84,3,0,81,84,2313,4,0,0,4,0
2020-09-30,US,North Dakota,Emmons,186,2,0,46.28398398,-100.2389766,38029.0,5738.9694538722615,1.075268817204301,184,183,1,0,182,174,3295,3,1,0,2,9
2020-09-30,US,North Dakota,Foster,66,0,0,47.457108399999996,-98.88279923,38031.0,2056.07476635514,0.0,66,65,0,0,65,64,3216,1,0,0,1,1
2020-09-30,US,North Dakota,Golden Valley,51,0,0,46.94022281,-103.8465421,38033.0,2896.081771720613,0.0,51,49,0,0,49,46,1769,2,0,0,2,3
2020-09-30,US,North Dakota,Grand Forks,2295,13,0,47.92093639,-97.45450447,38035.0,3304.488056327483,0.5664488017429193,2282,2261,13,0,2248,2238,70770,34,0,0,34,23
2020-09-30,US,North Dakota,Grant,29,1,0,46.35821257,-101.63900129999999,38037.0,1275.2858399296395,3.4482758620689653,28,25,1,0,24,21,2374,4,0,0,4,4
2020-09-30,US,North Dakota,Griggs,60,1,0,47.45785838,-98.23850925,38039.0,2689.376961004034,1.6666666666666667,59,60,1,0,59,58,2232,0,0,0,0,2
2020-09-30,US,North Dakota,Hettinger,65,0,0,46.43375068,-102.4632417,38041.0,2601.0404161664665,0.0,65,64,0,0,64,64,2514,1,0,0,1,0
2020-09-30,US,North Dakota,Kidder,56,0,0,46.97830064,-99.77507857,38043.0,2258.064516129032,0.0,56,52,0,0,52,51,2450,4,0,0,4,1
2020-09-30,US,North Dakota,LaMoure,68,0,0,46.45681054,-98.53542355,38045.0,1680.672268907563,0.0,68,66,0,0,66,65,4062,2,0,0,2,1
2020-09-30,US,North Dakota,Logan,69,0,0,46.45729487,-99.47719806,38047.0,3729.7297297297296,0.0,69,64,0,0,64,59,1903,5,0,0,5,5
2020-09-30,US,North Dakota,McHenry,88,1,0,48.23104458,-100.6324822,38049.0,1531.7667536988683,1.1363636363636365,87,89,1,0,88,62,5816,-1,0,0,-1,27
2020-09-30,US,North Dakota,McIntosh,76,3,0,46.11182017,-99.44145858,38051.0,3043.652382859432,3.947368421052632,73,70,3,0,67,68,2585,6,0,0,6,2
2020-09-30,US,North Dakota,McKenzie,250,2,0,47.74133370000001,-103.395905,38053.0,1664.004259850905,0.8,248,242,2,0,240,235,13632,8,0,0,8,7
2020-09-30,US,North Dakota,McLean,293,4,0,47.60766714,-101.3182418,38055.0,3100.529100529101,1.3651877133105803,289,281,3,0,278,274,9541,12,1,0,11,7
2020-09-30,US,North Dakota,Mercer,166,1,0,47.31213126,-101.8318399,38057.0,2027.604739220716,0.6024096385542169,165,156,0,0,156,147,8267,10,1,0,9,9
2020-09-30,US,North Dakota,Morton,1332,28,0,46.71681782,-101.2822377,38059.0,4246.907282234409,2.1021021021021022,1304,1289,26,0,1263,1276,31095,43,2,0,41,13
2020-09-30,US,North Dakota,Mountrail,271,2,0,48.20197971,-102.3555315,38061.0,2569.938359412044,0.7380073800738007,269,269,2,0,267,257,10218,2,0,0,2,12
2020-09-30,US,North Dakota,Nelson,74,0,0,47.9226426,-98.19038437,38063.0,2570.336922542549,0.0,74,70,0,0,70,57,2869,4,0,0,4,13
2020-09-30,US,North Dakota,Oliver,24,0,0,47.11530482,-101.3406158,38065.0,1225.1148545176109,0.0,24,22,0,0,22,21,1952,2,0,0,2,1
2020-09-30,US,North Dakota,Pembina,92,0,0,48.76623521,-97.5523809,38067.0,1352.7422437876785,0.0,92,88,0,0,88,85,6947,4,0,0,4,3
2020-09-30,US,North Dakota,Pierce,36,0,0,48.24977025,-99.96407787,38069.0,905.6603773584906,0.0,36,34,0,0,34,33,4081,2,0,0,2,1
2020-09-30,US,North Dakota,Ramsey,249,2,0,48.26886249,-98.72223879,38071.0,2161.645976213213,0.8032128514056225,247,246,2,0,244,240,11481,3,0,0,3,6
2020-09-30,US,North Dakota,Ransom,83,0,0,46.45621782,-97.65742504,38073.0,1590.6477577615944,0.0,83,82,0,0,82,82,5237,1,0,0,1,0
2020-09-30,US,North Dakota,Renville,69,1,0,48.71982533,-101.6603912,38075.0,2965.191233347658,1.4492753623188406,68,68,1,0,67,67,2374,1,0,0,1,1
2020-09-30,US,North Dakota,Richland,243,1,0,46.26440649,-96.94852979,38077.0,1502.1326574766645,0.41152263374485604,242,243,1,0,242,242,16239,0,0,0,0,1
2020-09-30,US,North Dakota,Rolette,205,5,0,48.77245354,-99.84097493,38079.0,1446.1060948081265,2.4390243902439024,200,195,5,0,190,187,14301,10,0,0,10,8
2020-09-30,US,North Dakota,Sargent,76,0,0,46.10830372,-97.63217159,38081.0,1949.7178040020526,0.0,76,76,0,0,76,74,3870,0,0,0,0,2
2020-09-30,US,North Dakota,Sheridan,15,0,0,47.57700669,-100.3426391,38083.0,1140.6844106463875,0.0,15,13,0,0,13,12,1349,2,0,0,2,1
2020-09-30,US,North Dakota,Sioux,155,3,0,46.11323337,-101.04401490000001,38085.0,3664.302600472813,1.935483870967742,152,152,3,0,149,152,4358,3,0,0,3,0
2020-09-30,US,North Dakota,Slope,7,0,0,46.44737738,-103.4601547,38087.0,933.3333333333336,0.0,7,7,0,0,7,7,763,0,0,0,0,0
2020-09-30,US,North Dakota,Stark,1664,14,0,46.80851182,-102.65763259999999,38089.0,5284.385023341484,0.8413461538461539,1650,1659,14,0,1645,1639,30997,5,0,0,5,20
2020-09-30,US,North Dakota,Steele,29,0,0,47.45611548,-97.72728747,38091.0,1534.3915343915344,0.0,29,28,0,0,28,28,1903,1,0,0,1,0
2020-09-30,US,North Dakota,Stutsman,527,3,0,46.97962541,-98.95637318,38093.0,2545.401854714065,0.5692599620493358,524,515,3,0,512,513,20917,12,0,0,12,2
2020-09-30,US,North Dakota,Towner,22,0,0,48.68565745,-99.24564265,38095.0,1005.0251256281407,0.0,22,21,0,0,21,19,2192,1,0,0,1,2
2020-09-30,US,North Dakota,Traill,124,0,0,47.45367788,-97.16323288,38097.0,1543.0562468889996,0.0,124,123,0,0,123,122,8037,1,0,0,1,1
2020-09-30,US,North Dakota,Walsh,218,1,0,48.36876964,-97.72574783,38099.0,2048.6796353726154,0.4587155963302753,217,209,1,0,208,195,10667,9,0,0,9,14
2020-09-30,US,North Dakota,Ward,1123,11,0,48.22390169,-101.54367629999999,38101.0,1660.2356558891793,0.9795191451469278,1112,1097,11,0,1086,1071,67744,26,0,0,26,26
2020-09-30,US,North Dakota,Wells,38,0,0,47.58614526,-99.65904998,38103.0,991.13197704747,0.0,38,38,0,0,38,36,3957,0,0,0,0,2
2020-09-30,US,North Dakota,Williams,1086,7,0,48.34522353,-103.4793387,38105.0,2889.14310037511,0.6445672191528545,1079,1046,7,0,1039,1019,35350,40,0,0,40,27
2020-09-30,US,Ohio,Adams,139,4,0,38.84541072,-83.4718964,39001.0,501.841288179652,2.8776978417266186,135,137,4,0,133,136,27724,2,0,0,2,1
2020-09-30,US,Ohio,Allen,1479,72,0,40.77285242,-84.10802343,39003.0,1445.0274056921771,4.8681541582150105,1407,1473,72,0,1401,1462,102663,6,0,0,6,11
2020-09-30,US,Ohio,Ashland,261,4,0,40.84772277,-82.27280781,39005.0,487.9964101413507,1.5325670498084292,257,248,4,0,244,246,53745,13,0,0,13,2
2020-09-30,US,Ohio,Ashtabula,664,48,0,41.70860332,-80.74830218,39007.0,682.8395429911253,7.2289156626506035,616,662,48,0,614,660,97493,2,0,0,2,2
2020-09-30,US,Ohio,Athens,757,2,0,39.33425634,-82.04278644,39009.0,1158.78580066435,0.26420079260237783,755,740,2,0,738,724,65818,17,0,0,17,16
2020-09-30,US,Ohio,Auglaize,634,13,0,40.55998859,-84.22421429999999,39011.0,1388.6455230418783,2.050473186119874,621,625,11,0,614,611,45804,9,2,0,7,14
2020-09-30,US,Ohio,Belmont,723,27,0,40.01625942,-80.9924051,39013.0,1079.0078500432796,3.734439834024896,696,724,27,0,697,724,67505,-1,0,0,-1,0
2020-09-30,US,Ohio,Brown,295,3,0,38.93416837,-83.86788395,39015.0,679.2226929452937,1.0169491525423728,292,292,3,0,289,292,43602,3,0,0,3,0
2020-09-30,US,Ohio,Butler,6231,113,0,39.44012838,-84.57388716,39017.0,1626.3239493232136,1.8135130797624777,6118,6151,112,0,6039,6085,382378,80,1,0,79,66
2020-09-30,US,Ohio,Carroll,152,7,0,40.578968599999996,-81.09178213,39019.0,564.7618339897451,4.605263157894737,145,152,7,0,145,152,27081,0,0,0,0,0
2020-09-30,US,Ohio,Champaign,314,3,0,40.13923427,-83.76875242,39021.0,807.5093223608075,0.9554140127388536,311,314,3,0,311,313,38754,0,0,0,0,1
2020-09-30,US,Ohio,Clark,1873,41,0,39.91592258,-83.78498252,39023.0,1396.895952507029,2.189001601708489,1832,1853,41,0,1812,1839,134585,20,0,0,20,14
2020-09-30,US,Ohio,Clermont,1764,23,0,39.04847534,-84.15375786,39025.0,854.5352374677854,1.303854875283447,1741,1761,23,0,1738,1744,205466,3,0,0,3,17
2020-09-30,US,Ohio,Clinton,308,14,0,39.41485808,-83.80852286,39027.0,733.8924895158217,4.545454545454546,294,305,12,0,293,302,42057,3,2,0,1,3
2020-09-30,US,Ohio,Columbiana,1959,80,0,40.76932373,-80.78094576,39029.0,1922.7937928800684,4.083716181725371,1879,1951,80,0,1871,1940,102665,8,0,0,8,11
2020-09-30,US,Ohio,Coshocton,235,11,0,40.30096166,-81.91729018,39031.0,642.0765027322402,4.680851063829787,224,235,11,0,224,234,36629,0,0,0,0,1
2020-09-30,US,Ohio,Crawford,249,6,0,40.85065156,-82.91989099,39033.0,600.0867595314985,2.409638554216868,243,248,6,0,242,247,41550,1,0,0,1,1
2020-09-30,US,Ohio,Cuyahoga,17649,658,0,41.424119,-81.65918339,39035.0,1428.985516633848,3.7282565584452376,16991,17603,657,0,16946,17554,1243857,46,1,0,45,49
2020-09-30,US,Ohio,Darke,832,44,0,40.13412966,-84.6194517,39037.0,1627.765930389529,5.288461538461538,788,811,44,0,767,806,51323,21,0,0,21,5
2020-09-30,US,Ohio,Defiance,334,12,0,41.32398837,-84.49076944,39039.0,876.9396381967599,3.5928143712574854,322,332,12,0,320,330,38165,2,0,0,2,2
2020-09-30,US,Ohio,Delaware,2342,21,0,40.27942393,-83.00457058,39041.0,1119.6259627014442,0.8966695132365501,2321,2328,21,0,2307,2306,204826,14,0,0,14,22
2020-09-30,US,Ohio,Erie,966,48,0,41.36796058,-82.62904521,39043.0,1300.7298090647134,4.9689440993788825,918,960,47,0,913,959,74615,6,1,0,5,1
2020-09-30,US,Ohio,Fairfield,2175,54,0,39.75107189,-82.63088163,39045.0,1380.3038572353307,2.4827586206896552,2121,2146,54,0,2092,2132,155782,29,0,0,29,14
2020-09-30,US,Ohio,Fayette,245,6,0,39.56021306,-83.4562016,39047.0,858.8957055214723,2.4489795918367347,239,234,6,0,228,233,28666,11,0,0,11,1
2020-09-30,US,Ohio,Franklin,27424,615,0,39.96995815,-83.01115755,39049.0,2082.6941361953163,2.242561260210035,26809,27283,615,0,26668,27119,1310300,141,0,0,141,164
2020-09-30,US,Ohio,Fulton,301,1,0,41.60213491,-84.12571393,39051.0,714.523097374543,0.3322259136212625,300,299,1,0,298,259,42276,2,0,0,2,40
2020-09-30,US,Ohio,Gallia,208,13,0,38.82708533,-82.31647569,39053.0,695.6987089437421,6.25,195,197,13,0,184,196,29979,11,0,0,11,1
2020-09-30,US,Ohio,Geauga,735,49,0,41.49952319,-81.17935342,39055.0,784.8455402620423,6.666666666666668,686,733,49,0,684,726,94031,2,0,0,2,7
2020-09-30,US,Ohio,Greene,1561,34,0,39.69116283,-83.89032084,39057.0,924.0130936384568,2.1780909673286355,1527,1536,34,0,1502,1490,167995,25,0,0,25,46
2020-09-30,US,Ohio,Guernsey,175,8,0,40.05026529,-81.49248905,39059.0,450.1607717041802,4.571428571428571,167,174,8,0,166,173,39022,1,0,0,1,1
2020-09-30,US,Ohio,Hamilton,13426,320,0,39.19673558,-84.54502924,39061.0,1642.3784027117715,2.383435125875168,13106,13340,321,0,13019,13237,816684,86,-1,0,87,103
2020-09-30,US,Ohio,Hancock,741,11,0,41.00250487,-83.66838948,39063.0,977.791853054115,1.484480431848853,730,731,10,0,721,720,75930,10,1,0,9,11
2020-09-30,US,Ohio,Hardin,257,13,0,40.66015414,-83.65929931,39065.0,819.3846644348796,5.058365758754863,244,257,13,0,244,257,31480,0,0,0,0,0
2020-09-30,US,Ohio,Harrison,67,3,0,40.29380509,-81.09068544,39067.0,445.4787234042552,4.477611940298506,64,64,3,0,61,64,15174,3,0,0,3,0
2020-09-30,US,Ohio,Henry,342,15,0,41.333964200000004,-84.06830637,39069.0,1266.3852477227285,4.385964912280701,327,337,15,0,322,334,27086,5,0,0,5,3
2020-09-30,US,Ohio,Highland,234,3,0,39.1839264,-83.60331456,39071.0,542.1561131577118,1.2820512820512822,231,231,3,0,228,230,43058,3,0,0,3,1
2020-09-30,US,Ohio,Hocking,170,9,0,39.49537927,-82.47991446,39073.0,601.4718369657513,5.294117647058823,161,167,9,0,158,167,28385,3,0,0,3,0
2020-09-30,US,Ohio,Holmes,404,9,0,40.56163713,-81.92635677,39075.0,919.0172884440401,2.227722772277228,395,399,9,0,390,395,43892,5,0,0,5,4
2020-09-30,US,Ohio,Huron,588,7,0,41.14651175,-82.59867951,39077.0,1009.1648645865512,1.1904761904761905,581,572,7,0,565,555,58504,16,0,0,16,17
2020-09-30,US,Ohio,Jackson,275,7,0,39.01914254,-82.61818559999998,39079.0,848.4250146546138,2.5454545454545454,268,266,7,0,259,261,32384,9,0,0,9,5
2020-09-30,US,Ohio,Jefferson,345,4,0,40.38614126,-80.76259514,39081.0,528.1285878300804,1.1594202898550725,341,342,4,0,338,338,65767,3,0,0,3,4
2020-09-30,US,Ohio,Knox,293,15,0,40.39830217,-82.42027563,39083.0,470.1389557459645,5.119453924914676,278,289,15,0,274,288,61893,4,0,0,4,1
2020-09-30,US,Ohio,Lake,1671,53,0,41.69710807,-81.23676539,39085.0,726.0513841033417,3.1717534410532617,1618,1660,51,0,1609,1648,230514,11,2,0,9,12
2020-09-30,US,Ohio,Lawrence,690,22,0,38.59743452,-82.53466552,39087.0,1160.3854497754905,3.188405797101449,668,686,22,0,664,671,59866,4,0,0,4,15
2020-09-30,US,Ohio,Licking,1967,63,0,40.09136236,-82.48185785,39089.0,1112.1665479300243,3.2028469750889683,1904,1960,63,0,1897,1949,175769,7,0,0,7,11
2020-09-30,US,Ohio,Logan,317,3,0,40.38996525,-83.76784341,39091.0,694.0795235592924,0.946372239747634,314,314,3,0,311,313,45358,3,0,0,3,1
2020-09-30,US,Ohio,Lorain,2345,86,0,41.29553751,-82.15083537,39093.0,756.8593403543199,3.6673773987206815,2259,2342,86,0,2256,2333,309461,3,0,0,3,9
2020-09-30,US,Ohio,Lucas,7401,364,0,41.62101218,-83.65468618,39095.0,1727.8007601296142,4.918254289960816,7037,7377,364,0,7013,7343,429899,24,0,0,24,34
2020-09-30,US,Ohio,Madison,876,12,0,39.89381073,-83.40178317,39097.0,1958.373387583555,1.3698630136986298,864,855,12,0,843,843,44413,21,0,0,21,12
2020-09-30,US,Ohio,Mahoning,3126,282,0,41.01631101,-80.77287029,39099.0,1366.9577537464525,9.021113243761995,2844,3114,282,0,2832,3095,229642,12,0,0,12,19
2020-09-30,US,Ohio,Marion,3125,48,0,40.58610662,-83.15736305,39101.0,4800.823437235955,1.536,3077,3114,47,0,3067,3111,65256,11,1,0,10,3
2020-09-30,US,Ohio,Medina,1503,39,0,41.11770589,-81.89986209999998,39103.0,836.1799428081848,2.594810379241517,1464,1493,39,0,1454,1475,179146,10,0,0,10,18
2020-09-30,US,Ohio,Meigs,180,11,0,39.09224872,-82.0305041,39105.0,785.7860042781682,6.111111111111112,169,177,11,0,166,176,23106,3,0,0,3,1
2020-09-30,US,Ohio,Mercer,1161,19,0,40.54043046,-84.62912742,39107.0,2819.877586709414,1.6365202411714042,1142,1139,19,0,1120,1132,40959,22,0,0,22,7
2020-09-30,US,Ohio,Miami,1494,53,0,40.0543329,-84.22871271,39109.0,1396.4313421256784,3.5475234270414995,1441,1476,52,0,1424,1463,106222,18,1,0,17,13
2020-09-30,US,Ohio,Monroe,110,18,0,39.72984936,-81.08464734,39111.0,805.6247253552073,16.363636363636363,92,110,18,0,92,110,13790,0,0,0,0,0
2020-09-30,US,Ohio,Montgomery,8037,166,0,39.75394919,-84.29050975,39113.0,1511.6036314598628,2.0654473062087844,7871,7993,166,0,7827,7938,532331,44,0,0,44,55
2020-09-30,US,Ohio,Morgan,51,0,0,39.62081738,-81.85308173,39115.0,351.53019023986764,0.0,51,50,0,0,50,50,14604,1,0,0,1,0
2020-09-30,US,Ohio,Morrow,262,2,0,40.52363560000001,-82.7892599,39117.0,741.6213768115942,0.7633587786259542,260,262,2,0,260,261,35112,0,0,0,0,1
2020-09-30,US,Ohio,Muskingum,482,3,0,39.96575964,-81.94363275,39119.0,559.0674476599199,0.6224066390041494,479,455,3,0,452,438,86183,27,0,0,27,17
2020-09-30,US,Ohio,Noble,43,0,0,39.76818851,-81.45937183,39121.0,298.114254021076,0.0,43,35,0,0,35,34,14354,8,0,0,8,1
2020-09-30,US,Ohio,Ottawa,473,30,0,41.53781826,-83.0940185,39123.0,1167.1807526218386,6.342494714587738,443,472,30,0,442,471,40769,1,0,0,1,1
2020-09-30,US,Ohio,Paulding,118,0,0,41.11676341,-84.5801017,39125.0,631.9622964867182,0.0,118,113,0,0,113,110,18760,5,0,0,5,3
2020-09-30,US,Ohio,Perry,306,9,0,39.73508655,-82.23804971,39127.0,846.8478441357173,2.9411764705882355,297,303,9,0,294,300,36033,3,0,0,3,3
2020-09-30,US,Ohio,Pickaway,2692,45,0,39.64170392,-83.0243386,39129.0,4605.094342850301,1.6716196136701338,2647,2684,45,0,2639,2679,58086,8,0,0,8,5
2020-09-30,US,Ohio,Pike,206,0,0,39.07634001,-83.06769584,39131.0,741.7542848912573,0.0,206,204,0,0,204,202,28067,2,0,0,2,2
2020-09-30,US,Ohio,Portage,1187,66,0,41.16793482,-81.19735782,39133.0,730.6144054756073,5.560235888795281,1121,1177,66,0,1111,1168,162927,10,0,0,10,9
2020-09-30,US,Ohio,Preble,453,16,0,39.7420247,-84.64787018,39135.0,1108.0671200039135,3.5320088300220753,437,447,16,0,431,445,40997,6,0,0,6,2
2020-09-30,US,Ohio,Putnam,626,25,0,41.02094889,-84.1336111,39137.0,1848.7345323528546,3.9936102236421727,601,625,23,0,602,619,33780,1,2,0,-1,6
2020-09-30,US,Ohio,Richland,949,19,0,40.77180308,-82.53799609999999,39139.0,783.3005926341681,2.0021074815595363,930,941,19,0,922,922,121099,8,0,0,8,19
2020-09-30,US,Ohio,Ross,914,27,0,39.33705391,-83.06000914,39141.0,1192.1842798633031,2.9540481400437635,887,904,26,0,878,896,76931,10,1,0,9,8
2020-09-30,US,Ohio,Sandusky,591,20,0,41.35624126,-83.137872,39143.0,1009.9456577463344,3.3840947546531304,571,587,20,0,567,580,58799,4,0,0,4,7
2020-09-30,US,Ohio,Scioto,539,7,0,38.80270163,-82.98907345,39145.0,715.6703932867728,1.2987012987012987,532,528,7,0,521,516,75502,11,0,0,11,12
2020-09-30,US,Ohio,Seneca,497,14,0,41.12351311,-83.12783209,39147.0,900.7213019681757,2.8169014084507036,483,495,14,0,481,488,55207,2,0,0,2,7
2020-09-30,US,Ohio,Shelby,680,10,0,40.33163494,-84.20258189,39149.0,1399.4649104754064,1.4705882352941178,670,669,10,0,659,660,48627,11,0,0,11,9
2020-09-30,US,Ohio,Stark,2956,175,0,40.81482476,-81.36437305,39151.0,797.6125588900342,5.920162381596753,2781,2946,175,0,2771,2913,371574,10,0,0,10,33
2020-09-30,US,Ohio,Summit,5428,253,0,41.12464734,-81.53123079,39153.0,1003.3030629578217,4.6610169491525415,5175,5393,252,0,5141,5366,541918,35,1,0,34,27
2020-09-30,US,Ohio,Trumbull,1931,132,0,41.31735028,-80.76109643,39155.0,975.38060553406,6.835836354220611,1799,1921,132,0,1789,1916,198627,10,0,0,10,5
2020-09-30,US,Ohio,Tuscarawas,950,20,0,40.44214695,-81.47226262,39157.0,1032.7546283714003,2.1052631578947367,930,943,20,0,923,941,92176,7,0,0,7,2
2020-09-30,US,Ohio,Union,557,2,0,40.30016061,-83.37239023,39159.0,944.2598494609073,0.3590664272890485,555,551,2,0,549,551,57835,6,0,0,6,0
2020-09-30,US,Ohio,Van Wert,128,3,0,40.8554138,-84.59111700000003,39161.0,452.69672855879753,2.34375,125,128,3,0,125,124,28281,0,0,0,0,4
2020-09-30,US,Ohio,Vinton,48,3,0,39.25208988,-82.4831444,39163.0,366.8322506687046,6.25,45,48,3,0,45,47,13139,0,0,0,0,1
2020-09-30,US,Ohio,Warren,3167,55,0,39.42581994,-84.16557457,39165.0,1349.9458657641453,1.7366592990211556,3112,3136,49,0,3087,3115,232173,31,6,0,25,21
2020-09-30,US,Ohio,Washington,263,23,0,39.45690571,-81.49121382,39167.0,438.984493665604,8.745247148288973,240,263,23,0,240,262,60155,0,0,0,0,1
2020-09-30,US,Ohio,Wayne,950,68,0,40.82925852,-81.88844833,39169.0,821.0180623973728,7.157894736842105,882,942,68,0,874,940,115967,8,0,0,8,2
2020-09-30,US,Ohio,Williams,222,3,0,41.56052014,-84.58429552,39171.0,605.0365202223917,1.351351351351351,219,216,3,0,213,214,36804,6,0,0,6,2
2020-09-30,US,Ohio,Wood,1974,73,0,41.36224827,-83.62285108,39173.0,1508.9781909079095,3.6980749746707193,1901,1942,73,0,1869,1921,130696,32,0,0,32,21
2020-09-30,US,Ohio,Wyandot,215,12,0,40.84339621,-83.30734173,39175.0,987.5068895829506,5.5813953488372094,203,215,12,0,203,213,21935,0,0,0,0,2
2020-09-30,US,Oklahoma,Adair,639,10,0,35.88494195,-94.65859267,40001.0,2879.156528791565,1.5649452269170578,629,634,10,0,624,622,22082,5,0,0,5,12
2020-09-30,US,Oklahoma,Alfalfa,72,0,0,36.73090616,-98.32408495,40003.0,1262.7148368993335,0.0,72,72,0,0,72,72,5754,0,0,0,0,0
2020-09-30,US,Oklahoma,Atoka,312,1,0,34.37366573,-96.03802487,40005.0,2267.77147841256,0.3205128205128205,311,310,1,0,309,303,13838,2,0,0,2,7
2020-09-30,US,Oklahoma,Beaver,60,0,0,36.7496847,-100.4758872,40007.0,1129.730747505178,0.0,60,60,0,0,60,57,5319,0,0,0,0,3
2020-09-30,US,Oklahoma,Beckham,567,3,0,35.26862449,-99.68128023,40009.0,2593.8972505604097,0.5291005291005291,564,556,3,0,553,538,21709,11,0,0,11,18
2020-09-30,US,Oklahoma,Blaine,137,1,0,35.87518314,-98.43307003,40011.0,1452.9642592003393,0.7299270072992701,136,134,1,0,133,131,9485,3,0,0,3,3
2020-09-30,US,Oklahoma,Bryan,1003,5,0,33.96472458,-96.25903472,40013.0,2089.801020939681,0.4985044865403789,998,978,4,0,974,965,47192,25,1,0,24,13
2020-09-30,US,Oklahoma,Caddo,805,21,0,35.17364557,-98.37534464,40015.0,2798.8317919477086,2.608695652173913,784,791,21,0,770,779,28977,14,0,0,14,12
2020-09-30,US,Oklahoma,Canadian,2379,17,0,35.5426055,-97.98465569,40017.0,1604.1158145995441,0.7145859604875998,2362,2360,17,0,2343,2325,144447,19,0,0,19,35
2020-09-30,US,Oklahoma,Carter,564,9,0,34.25103751,-97.28552485,40019.0,1172.2890814990335,1.5957446808510638,555,555,8,0,547,553,48177,9,1,0,8,2
2020-09-30,US,Oklahoma,Cherokee,1105,8,0,35.90692775,-94.99980896,40021.0,2270.9990340547097,0.7239819004524887,1097,1099,8,0,1091,1085,48675,6,0,0,6,14
2020-09-30,US,Oklahoma,Choctaw,329,2,0,34.02807439,-95.54771129,40023.0,2242.3664122137407,0.6079027355623101,327,324,2,0,322,322,14668,5,0,0,5,2
2020-09-30,US,Oklahoma,Cimarron,26,0,0,36.74817177,-102.5173885,40025.0,1216.6588675713615,0.0,26,25,0,0,25,25,2153,1,0,0,1,0
2020-09-30,US,Oklahoma,Cleveland,6195,71,0,35.20413532,-97.32519562,40027.0,2181.2305027216967,1.146085552865214,6124,6124,70,0,6054,6063,281669,71,1,0,70,61
2020-09-30,US,Oklahoma,Coal,71,0,0,34.58840127,-96.29798747,40029.0,1292.083712465878,0.0,71,70,0,0,70,70,5520,1,0,0,1,0
2020-09-30,US,Oklahoma,Comanche,1648,13,0,34.65973764,-98.47195055,40031.0,1364.81461544195,0.7888349514563107,1635,1640,13,0,1627,1610,120422,8,0,0,8,30
2020-09-30,US,Oklahoma,Cotton,69,3,0,34.28845626,-98.37053567,40033.0,1217.7903282739144,4.3478260869565215,66,68,3,0,65,68,5776,1,0,0,1,0
2020-09-30,US,Oklahoma,Craig,510,1,0,36.76268118,-95.20916602,40035.0,3606.2791684344506,0.19607843137254904,509,511,1,0,510,507,14306,-1,0,0,-1,4
2020-09-30,US,Oklahoma,Creek,1185,34,0,35.90230551,-96.37086028,40037.0,1656.8328626156986,2.869198312236287,1151,1175,34,0,1141,1157,71604,10,0,0,10,18
2020-09-30,US,Oklahoma,Custer,718,0,0,35.63853802,-99.00170785,40039.0,2475.605971796021,0.0,718,704,0,0,704,685,29036,14,0,0,14,19
2020-09-30,US,Oklahoma,Delaware,789,25,0,36.40823634,-94.80325046,40041.0,1834.4997558650518,3.168567807351077,764,775,25,0,750,756,42733,14,0,0,14,19
2020-09-30,US,Oklahoma,Dewey,68,1,0,35.98772922,-99.00730714,40043.0,1390.3087303209977,1.4705882352941178,67,68,1,0,67,67,4894,0,0,0,0,1
2020-09-30,US,Oklahoma,Ellis,11,0,0,36.218019399999996,-99.75324573,40045.0,285.0479398807981,0.0,11,11,0,0,11,11,3952,0,0,0,0,0
2020-09-30,US,Oklahoma,Garfield,1739,21,0,36.3791334,-97.78265517,40047.0,2848.204926624738,1.207590569292697,1718,1701,20,0,1681,1680,60913,38,1,0,37,21
2020-09-30,US,Oklahoma,Garvin,381,5,0,34.70418038,-97.30811132,40049.0,1374.905272274548,1.3123359580052494,376,373,5,0,368,372,27811,8,0,0,8,1
2020-09-30,US,Oklahoma,Grady,1130,11,0,35.0167709,-97.88339847,40051.0,2023.856431564996,0.9734513274336284,1119,1107,11,0,1096,1083,55551,23,0,0,23,24
2020-09-30,US,Oklahoma,Grant,50,1,0,36.796296999999996,-97.78638765,40053.0,1153.9349180706208,2.0,49,50,1,0,49,48,4326,0,0,0,0,2
2020-09-30,US,Oklahoma,Greer,109,8,0,34.93535801,-99.56056120000001,40055.0,1908.2633053221286,7.339449541284404,101,108,8,0,100,108,5821,1,0,0,1,0
2020-09-30,US,Oklahoma,Harmon,46,0,0,34.7440135,-99.84741652,40057.0,1733.8861666038447,0.0,46,44,0,0,44,44,2664,2,0,0,2,0
2020-09-30,US,Oklahoma,Harper,29,1,0,36.78836519,-99.6679804,40059.0,786.3340563991324,3.4482758620689653,28,29,1,0,28,29,3797,0,0,0,0,0
2020-09-30,US,Oklahoma,Haskell,285,4,0,35.22257600000001,-95.11513306,40061.0,2257.0681872178666,1.4035087719298245,281,281,4,0,277,279,12668,4,0,0,4,2
2020-09-30,US,Oklahoma,Hughes,298,4,0,35.04912569,-96.24921145,40063.0,2244.144890428496,1.342281879194631,294,297,4,0,293,296,13335,1,0,0,1,1
2020-09-30,US,Oklahoma,Jackson,793,10,0,34.58781741,-99.41138784,40065.0,3232.776192417449,1.261034047919294,783,785,10,0,775,775,24949,8,0,0,8,10
2020-09-30,US,Oklahoma,Jefferson,43,0,0,34.11130184,-97.83182974,40067.0,716.4278573808731,0.0,43,43,0,0,43,42,6123,0,0,0,0,1
2020-09-30,US,Oklahoma,Johnston,189,4,0,34.31440473,-96.66011537,40069.0,1705.0067658998646,2.1164021164021163,185,180,4,0,176,173,10949,9,0,0,9,7
2020-09-30,US,Oklahoma,Kay,637,13,0,36.81799745,-97.14421435,40071.0,1463.0897147319586,2.0408163265306123,624,616,13,0,603,596,44161,21,0,0,21,20
2020-09-30,US,Oklahoma,Kingfisher,367,2,0,35.94530008,-97.94193268,40073.0,2327.941642879797,0.5449591280653951,365,357,2,0,355,352,15816,10,0,0,10,5
2020-09-30,US,Oklahoma,Kiowa,78,2,0,34.91671958,-98.97720696,40075.0,895.7280661460727,2.5641025641025643,76,77,2,0,75,76,8729,1,0,0,1,1
2020-09-30,US,Oklahoma,Latimer,139,2,0,34.87844729,-95.25215049,40077.0,1379.9265362851183,1.4388489208633093,137,138,2,0,136,137,10231,1,0,0,1,1
2020-09-30,US,Oklahoma,Le Flore,1175,19,0,34.89851864,-94.70392124,40079.0,2356.929372354723,1.6170212765957446,1156,1163,18,0,1145,1136,49980,12,1,0,11,27
2020-09-30,US,Oklahoma,Lincoln,476,10,0,35.70270942,-96.8812462,40081.0,1364.7962840840669,2.100840336134454,466,460,10,0,450,452,34920,16,0,0,16,8
2020-09-30,US,Oklahoma,Logan,513,1,0,35.91899576,-97.44352845,40083.0,1068.50513424007,0.1949317738791423,512,504,1,0,503,492,47291,9,0,0,9,12
2020-09-30,US,Oklahoma,Love,197,1,0,33.95273467,-97.23906784,40085.0,1921.3888617965479,0.5076142131979695,196,186,1,0,185,179,10134,11,0,0,11,7
2020-09-30,US,Oklahoma,Major,96,1,0,36.31149996,-98.53467076,40093.0,1258.3562721195435,1.0416666666666667,95,96,1,0,95,91,7644,0,0,0,0,5
2020-09-30,US,Oklahoma,Marshall,187,2,0,34.02311222,-96.76855464,40095.0,1104.4829011871714,1.0695187165775402,185,183,2,0,181,181,16806,4,0,0,4,2
2020-09-30,US,Oklahoma,Mayes,671,11,0,36.30179091,-95.23175116,40097.0,1632.603406326034,1.639344262295082,660,653,11,0,642,641,41107,18,0,0,18,12
2020-09-30,US,Oklahoma,McClain,904,7,0,35.01123903,-97.44572302,40087.0,2233.532638236893,0.7743362831858407,897,884,7,0,877,874,39985,20,0,0,20,10
2020-09-30,US,Oklahoma,McCurtain,1309,34,0,34.11664328,-94.77222373,40089.0,3986.9639376218324,2.5974025974025974,1275,1289,34,0,1255,1285,32703,20,0,0,20,4
2020-09-30,US,Oklahoma,McIntosh,331,6,0,35.37235506,-95.66599306,40091.0,1689.1202286180853,1.8126888217522656,325,328,5,0,323,324,19815,3,1,0,2,4
2020-09-30,US,Oklahoma,Murray,148,1,0,34.48116015,-97.06826283,40099.0,1051.6592055709514,0.6756756756756757,147,144,1,0,143,139,13953,4,0,0,4,5
2020-09-30,US,Oklahoma,Muskogee,1854,23,0,35.61318461,-95.37802952,40101.0,2726.590879009368,1.2405609492988134,1831,1846,23,0,1823,1832,68362,8,0,0,8,14
2020-09-30,US,Oklahoma,Noble,158,3,0,36.38953329,-97.22928674,40103.0,1419.4591680891206,1.8987341772151896,155,152,2,0,150,152,11289,6,1,0,5,0
2020-09-30,US,Oklahoma,Nowata,151,4,0,36.79843529,-95.61902331,40105.0,1498.6105597459314,2.6490066225165565,147,151,4,0,147,151,10218,0,0,0,0,0
2020-09-30,US,Oklahoma,Okfuskee,143,5,0,35.46485198,-96.32639984,40107.0,1192.362211289919,3.4965034965034967,138,143,5,0,138,140,12098,0,0,0,0,3
2020-09-30,US,Oklahoma,Oklahoma,18344,195,0,35.55140095,-97.40716948,40109.0,2300.378463923033,1.0630178805058874,18149,18175,195,0,17980,18018,792582,169,0,0,169,157
2020-09-30,US,Oklahoma,Okmulgee,852,8,0,35.64661916,-95.96432828,40111.0,2215.0006499415053,0.9389671361502347,844,849,7,0,842,835,38335,3,1,0,2,14
2020-09-30,US,Oklahoma,Osage,1006,13,0,36.62888819,-96.39635704,40113.0,2142.111875306092,1.2922465208747516,993,1000,13,0,987,985,47014,6,0,0,6,15
2020-09-30,US,Oklahoma,Ottawa,885,6,0,36.83532655,-94.81011909,40115.0,2843.190798984804,0.6779661016949152,879,875,6,0,869,871,31175,10,0,0,10,4
2020-09-30,US,Oklahoma,Pawnee,257,3,0,36.31743373,-96.70331759999999,40117.0,1569.3698094772835,1.1673151750972763,254,258,3,0,255,255,16390,-1,0,0,-1,3
2020-09-30,US,Oklahoma,Payne,2309,7,0,36.07695283,-96.97584944,40119.0,2823.290619192018,0.303161541792984,2302,2275,7,0,2268,2254,82040,34,0,0,34,21
2020-09-30,US,Oklahoma,Pittsburg,972,20,0,34.92065823,-95.75134320000001,40121.0,2226.60008246667,2.05761316872428,952,969,19,0,950,963,43877,3,1,0,2,6
2020-09-30,US,Oklahoma,Pontotoc,442,3,0,34.72959848,-96.68337199,40123.0,1154.5293072824154,0.6787330316742082,439,434,3,0,431,427,38247,8,0,0,8,7
2020-09-30,US,Oklahoma,Pottawatomie,1404,10,0,35.20614018,-96.94923008,40125.0,1934.0974212034384,0.7122507122507122,1394,1371,10,0,1361,1364,72679,33,0,0,33,7
2020-09-30,US,Oklahoma,Pushmataha,165,2,0,34.41635232,-95.37603505,40127.0,1487.0223503965392,1.2121212121212122,163,164,2,0,162,164,11179,1,0,0,1,0
2020-09-30,US,Oklahoma,Roger Mills,59,1,0,35.68711719,-99.69666167,40129.0,1646.664806028468,1.6949152542372878,58,57,1,0,56,52,3656,2,0,0,2,5
2020-09-30,US,Oklahoma,Rogers,1918,52,0,36.37004357,-95.60406759,40131.0,2074.4329919207435,2.711157455683003,1866,1905,52,0,1853,1875,91984,13,0,0,13,30
2020-09-30,US,Oklahoma,Seminole,472,6,0,35.16478725,-96.61686741,40133.0,1945.7498557177007,1.2711864406779658,466,460,6,0,454,453,24578,12,0,0,12,7
2020-09-30,US,Oklahoma,Sequoyah,926,11,0,35.49447108,-94.75463785,40135.0,2227.6215449012484,1.1879049676025921,915,907,11,0,896,898,41179,19,0,0,19,9
2020-09-30,US,Oklahoma,Stephens,455,5,0,34.48556989,-97.85141892,40137.0,1054.6322694295714,1.0989010989010992,450,450,5,0,445,444,43265,5,0,0,5,6
2020-09-30,US,Oklahoma,Texas,1563,10,0,36.74777635,-101.4889765,40139.0,7821.64840114097,0.6397952655150352,1553,1540,10,0,1530,1520,20455,23,0,0,23,20
2020-09-30,US,Oklahoma,Tillman,107,2,0,34.37288446,-98.92426619,40141.0,1475.8620689655172,1.8691588785046729,105,99,2,0,97,99,7348,8,0,0,8,0
2020-09-30,US,Oklahoma,Tulsa,17324,166,0,36.11939621,-95.94013939,40143.0,2658.882176710377,0.9582082659893788,17158,17207,162,0,17045,17004,648360,117,4,0,113,203
2020-09-30,US,Oklahoma,Unassigned,29,0,0,0.0,0.0,90040.0,0.0,0.0,29,23,0,0,23,51,,6,0,0,6,-28
2020-09-30,US,Oklahoma,Wagoner,1508,26,0,35.96024096,-95.51911308,40145.0,1855.10954741724,1.7241379310344829,1482,1498,26,0,1472,1481,80110,10,0,0,10,17
2020-09-30,US,Oklahoma,Washington,1005,40,0,36.71380786,-95.90514104,40147.0,1950.4337531779456,3.9800995024875614,965,1000,40,0,960,993,51843,5,0,0,5,7
2020-09-30,US,Oklahoma,Washita,93,0,0,35.29071824,-98.99180434,40149.0,851.9604250641263,0.0,93,87,0,0,87,86,11127,6,0,0,6,1
2020-09-30,US,Oklahoma,Woods,115,0,0,36.76705782,-98.86573064,40151.0,1307.8585238257706,0.0,115,113,0,0,113,113,8897,2,0,0,2,0
2020-09-30,US,Oklahoma,Woodward,1101,4,0,36.42316318,-99.26283045,40153.0,5447.528573549057,0.3633060853769301,1097,1091,4,0,1087,1059,20222,10,0,0,10,32
2020-09-30,US,Oregon,Baker,98,2,0,44.70915557,-117.6749883,41001.0,607.7896303646737,2.0408163265306123,96,95,2,0,93,94,16006,3,0,0,3,1
2020-09-30,US,Oregon,Benton,328,6,0,44.49167306,-123.4316987,41003.0,352.48729218832284,1.8292682926829267,322,322,6,0,316,314,92101,6,0,0,6,8
2020-09-30,US,Oregon,Clackamas,2466,63,0,45.18787398,-122.2179634,41005.0,589.6883451661578,2.554744525547445,2403,2448,62,0,2386,2420,416075,18,1,0,17,28
2020-09-30,US,Oregon,Clatsop,221,0,0,45.99712889,-123.660711,41007.0,549.42322991249,0.0,221,218,0,0,218,217,39764,3,0,0,3,1
2020-09-30,US,Oregon,Columbia,184,1,0,45.94464254,-123.08908980000001,41009.0,351.45356610765174,0.5434782608695652,183,182,1,0,181,179,52377,2,0,0,2,3
2020-09-30,US,Oregon,Coos,160,0,0,43.17406868,-124.0594514,41011.0,248.1120225781941,0.0,160,158,0,0,158,157,64389,2,0,0,2,1
2020-09-30,US,Oregon,Crook,63,1,0,44.14230227,-120.356297,41013.0,258.1544009178823,1.5873015873015872,62,63,1,0,62,62,23867,0,0,0,0,1
2020-09-30,US,Oregon,Curry,32,0,0,42.45911325,-124.15728200000001,41015.0,139.5856052344602,0.0,32,31,0,0,31,31,22813,1,0,0,1,0
2020-09-30,US,Oregon,Deschutes,873,12,0,43.91570171,-121.2289121,41017.0,441.59601804827713,1.3745704467353952,861,859,12,0,847,852,191996,14,0,0,14,7
2020-09-30,US,Oregon,Douglas,243,4,0,43.27941273,-123.16729099999999,41019.0,218.95837087763562,1.6460905349794241,239,239,4,0,235,233,110283,4,0,0,4,6
2020-09-30,US,Oregon,Gilliam,8,0,0,45.37160076,-120.20488689999999,41021.0,418.41004184100416,0.0,8,8,0,0,8,8,1894,0,0,0,0,0
2020-09-30,US,Oregon,Grant,10,0,0,44.49024544,-119.0068631,41023.0,138.90818169190166,0.0,10,10,0,0,10,10,7176,0,0,0,0,0
2020-09-30,US,Oregon,Harney,12,0,0,43.06422669,-118.96663059999999,41025.0,162.31570404436633,0.0,12,12,0,0,12,12,7329,0,0,0,0,0
2020-09-30,US,Oregon,Hood River,252,0,0,45.51872811,-121.65520359999998,41027.0,1077.752117013087,0.0,252,252,0,0,252,252,23428,0,0,0,0,0
2020-09-30,US,Oregon,Jackson,1190,6,0,42.43201126,-122.72893090000001,41029.0,538.5980157868057,0.5042016806722689,1184,1171,5,0,1166,1161,219564,19,1,0,18,10
2020-09-30,US,Oregon,Jefferson,545,8,0,44.62806839,-121.17832,41031.0,2210.23602887501,1.4678899082568808,537,545,8,0,537,541,24192,0,0,0,0,4
2020-09-30,US,Oregon,Josephine,204,2,0,42.3665549,-123.5561938,41033.0,233.17750065724047,0.9803921568627452,202,203,2,0,201,198,87393,1,0,0,1,5
2020-09-30,US,Oregon,Klamath,290,2,0,42.68762984,-121.64964609999998,41035.0,424.983147220024,0.6896551724137931,288,290,2,0,288,280,67653,0,0,0,0,10
2020-09-30,US,Oregon,Lake,34,0,0,42.79246693,-120.38501629999999,41037.0,432.0752319227348,0.0,34,33,0,0,33,33,7879,1,0,0,1,0
2020-09-30,US,Oregon,Lane,1293,17,0,43.93727035,-122.847753,41039.0,338.42231859857037,1.31477184841454,1276,1267,17,0,1250,1234,379611,26,0,0,26,33
2020-09-30,US,Oregon,Lincoln,481,13,0,44.64252874,-123.86991200000001,41041.0,962.7316760738161,2.702702702702702,468,481,13,0,468,482,49388,0,0,0,0,-1
2020-09-30,US,Oregon,Linn,532,13,0,44.48899494,-122.53731540000001,41043.0,410.0224279185196,2.443609022556391,519,525,13,0,512,522,127335,7,0,0,7,3
2020-09-30,US,Oregon,Malheur,1650,30,0,43.1937027,-117.62273950000001,41045.0,5397.271924372772,1.818181818181818,1620,1642,30,0,1612,1633,30725,8,0,0,8,9
2020-09-30,US,Oregon,Marion,4779,96,0,44.90287942,-122.58151170000001,41047.0,1373.994445370855,2.008788449466416,4683,4743,95,0,4648,4695,346868,36,1,0,35,48
2020-09-30,US,Oregon,Morrow,513,6,0,45.41846568,-119.584546,41049.0,4421.270361113505,1.1695906432748535,507,509,6,0,503,505,11372,4,0,0,4,4
2020-09-30,US,Oregon,Multnomah,7274,140,0,45.54747959,-122.4169351,41051.0,894.8705488678792,1.92466318394281,7134,7257,140,0,7117,7204,811880,17,0,0,17,53
2020-09-30,US,Oregon,Polk,535,15,0,44.90322804,-123.4128888,41053.0,621.4787709821687,2.803738317757009,520,535,15,0,520,532,85234,0,0,0,0,3
2020-09-30,US,Oregon,Sherman,18,0,0,45.41501554,-120.6827834,41055.0,1011.2359550561798,0.0,18,18,0,0,18,18,1708,0,0,0,0,0
2020-09-30,US,Oregon,Tillamook,53,0,0,45.46248721,-123.712066,41057.0,196.0349164077526,0.0,53,53,0,0,53,53,26787,0,0,0,0,0
2020-09-30,US,Oregon,Umatilla,3004,41,0,45.59073056,-118.7353826,41059.0,3853.752405388069,1.3648468708388817,2963,2998,41,0,2957,2987,77516,6,0,0,6,11
2020-09-30,US,Oregon,Union,446,2,0,45.30915495,-118.0068979,41061.0,1662.0085708962176,0.4484304932735426,444,446,2,0,444,446,26461,0,0,0,0,0
2020-09-30,US,Oregon,Wallowa,33,1,0,45.57894064,-117.18353799999998,41063.0,457.8246392896782,3.0303030303030303,32,32,1,0,31,31,7081,1,0,0,1,1
2020-09-30,US,Oregon,Wasco,296,4,0,45.16292781,-121.16709540000001,41065.0,1109.36211678285,1.351351351351351,292,296,3,0,293,296,26505,0,1,0,-1,0
2020-09-30,US,Oregon,Washington,4615,60,0,45.55972701,-123.0955257,41067.0,767.1312118512215,1.3001083423618636,4555,4581,60,0,4521,4540,597695,34,0,0,34,41
2020-09-30,US,Oregon,Yamhill,774,14,0,45.23330449,-123.3086963,41071.0,722.6890756302521,1.8087855297157625,760,769,14,0,755,762,107002,5,0,0,5,7
2020-09-30,US,Pennsylvania,Adams,852,26,0,39.87140411,-77.21610347,42001.0,827.1121940801289,3.0516431924882634,826,837,26,0,811,835,102811,15,0,0,15,2
2020-09-30,US,Pennsylvania,Allegheny,12348,361,0,40.46809875,-79.98167747,42003.0,1015.4229489862628,2.9235503725299643,11987,12305,357,0,11948,12234,1218452,43,4,0,39,71
2020-09-30,US,Pennsylvania,Armstrong,448,18,0,40.81665618,-79.46290811,42005.0,692.0522128678458,4.017857142857143,430,444,18,0,426,439,65263,4,0,0,4,5
2020-09-30,US,Pennsylvania,Beaver,1924,122,0,40.6825484,-80.34921611,42007.0,1173.6788487698946,6.340956340956341,1802,1905,122,0,1783,1901,164742,19,0,0,19,4
2020-09-30,US,Pennsylvania,Bedford,245,6,0,40.00522157,-78.48998442,42009.0,511.61042432342117,2.4489795918367347,239,243,6,0,237,242,48176,2,0,0,2,1
2020-09-30,US,Pennsylvania,Berks,7186,395,0,40.41570541,-75.92457766,42011.0,1706.223703830337,5.496799332034511,6791,7141,394,0,6747,7091,420152,45,1,0,44,50
2020-09-30,US,Pennsylvania,Blair,716,18,0,40.47961444,-78.34917412,42013.0,587.7090019617659,2.5139664804469275,698,705,18,0,687,689,122492,11,0,0,11,16
2020-09-30,US,Pennsylvania,Bradford,168,5,0,41.78869215,-76.51570822,42015.0,278.50073769540643,2.9761904761904763,163,166,4,0,162,156,60833,2,1,0,1,10
2020-09-30,US,Pennsylvania,Bucks,8893,607,0,40.33682119,-75.10836643,42017.0,1415.4742387826886,6.825593163162037,8286,8849,607,0,8242,8819,628195,44,0,0,44,30
2020-09-30,US,Pennsylvania,Butler,1074,25,0,40.91152759,-79.91351055,42019.0,571.7236349698968,2.3277467411545625,1049,1059,25,0,1034,1052,187888,15,0,0,15,7
2020-09-30,US,Pennsylvania,Cambria,591,7,0,40.49527404,-78.71377428,42021.0,453.9449428536316,1.1844331641285957,584,585,7,0,578,579,131730,6,0,0,6,6
2020-09-30,US,Pennsylvania,Cameron,8,0,0,41.43625568,-78.20376845,42023.0,179.89655947830002,0.0,8,8,0,0,8,8,4492,0,0,0,0,0
2020-09-30,US,Pennsylvania,Carbon,469,28,0,40.91545395,-75.7068525,42025.0,730.7344738400177,5.970149253731344,441,467,28,0,439,466,64227,2,0,0,2,1
2020-09-30,US,Pennsylvania,Centre,2710,11,0,40.92058903,-77.82200624,42027.0,1668.8733565292362,0.4059040590405904,2699,2667,11,0,2656,2551,162805,43,0,0,43,116
2020-09-30,US,Pennsylvania,Chester,6958,369,0,39.97291773,-75.74768357,42029.0,1325.3611028040586,5.303248059787295,6589,6920,367,0,6553,6777,522046,38,2,0,36,143
2020-09-30,US,Pennsylvania,Clarion,127,3,0,41.19265812,-79.42413524,42031.0,330.4022061501638,2.3622047244094486,124,127,3,0,124,122,38779,0,0,0,0,5
2020-09-30,US,Pennsylvania,Clearfield,330,6,0,41.00110782,-78.47592663,42033.0,416.3775156141568,1.818181818181818,324,329,6,0,323,324,79388,1,0,0,1,5
2020-09-30,US,Pennsylvania,Clinton,207,6,0,41.23255967,-77.63785995,42035.0,535.8252226133775,2.898550724637681,201,208,6,0,202,207,38684,-1,0,0,-1,1
2020-09-30,US,Pennsylvania,Columbia,919,35,0,41.04821986,-76.40565017,42037.0,1414.6296410319562,3.808487486398259,884,907,35,0,872,893,65456,12,0,0,12,14
2020-09-30,US,Pennsylvania,Crawford,316,3,0,41.68447709,-80.10760592,42039.0,373.3944628909712,0.9493670886075948,313,311,3,0,308,308,85063,5,0,0,5,3
2020-09-30,US,Pennsylvania,Cumberland,1908,77,0,40.1625372,-77.26130755,42041.0,753.048900816987,4.035639412997903,1831,1890,77,0,1813,1877,251423,18,0,0,18,13
2020-09-30,US,Pennsylvania,Dauphin,3858,181,0,40.41377078,-76.77993242,42043.0,1386.2787864850393,4.691550025920166,3677,3830,181,0,3649,3806,277097,28,0,0,28,24
2020-09-30,US,Pennsylvania,Delaware,11536,756,0,39.91680171,-75.40243663,42045.0,2035.4761472050131,6.553398058252427,10780,11482,756,0,10726,11422,564751,54,0,0,54,60
2020-09-30,US,Pennsylvania,Elk,73,2,0,41.42822061,-78.64524744,42047.0,244.06552992310262,2.7397260273972597,71,73,2,0,71,73,30169,0,0,0,0,0
2020-09-30,US,Pennsylvania,Erie,1567,38,0,41.99253829,-80.03301954,42049.0,580.9556293747776,2.4250159540523293,1529,1563,38,0,1525,1552,272061,4,0,0,4,11
2020-09-30,US,Pennsylvania,Fayette,812,7,0,39.92041012,-79.64291195,42051.0,628.1232111638843,0.8620689655172413,805,809,7,0,802,803,130441,3,0,0,3,6
2020-09-30,US,Pennsylvania,Forest,15,0,0,41.51095103,-79.23229292,42053.0,206.9821995308404,0.0,15,15,0,0,15,15,7279,0,0,0,0,0
2020-09-30,US,Pennsylvania,Franklin,1795,50,0,39.92956518,-77.72157791,42055.0,1157.8628238951926,2.7855153203342615,1745,1790,50,0,1740,1777,154835,5,0,0,5,13
2020-09-30,US,Pennsylvania,Fulton,52,2,0,39.92913544,-78.11163677,42057.0,357.8802477632485,3.8461538461538463,50,53,2,0,51,50,14523,-1,0,0,-1,3
2020-09-30,US,Pennsylvania,Greene,190,1,0,39.85746531,-80.22357106,42059.0,524.3838489774515,0.5263157894736842,189,188,1,0,187,188,36506,2,0,0,2,0
2020-09-30,US,Pennsylvania,Huntingdon,417,6,0,40.42162652,-77.97673273,42061.0,923.7107921318448,1.4388489208633093,411,405,6,0,399,404,45168,12,0,0,12,1
2020-09-30,US,Pennsylvania,Indiana,737,12,0,40.65241041,-79.08963285,42063.0,876.6191286144182,1.6282225237449115,725,730,12,0,718,717,84501,7,0,0,7,13
2020-09-30,US,Pennsylvania,Jefferson,112,3,0,41.12913106,-78.9986361,42065.0,257.915947035118,2.6785714285714284,109,112,3,0,109,112,43641,0,0,0,0,0
2020-09-30,US,Pennsylvania,Juniata,193,7,0,40.53358749,-77.39975129999998,42067.0,779.3886039655937,3.6269430051813467,186,194,7,0,187,191,24704,-1,0,0,-1,3
2020-09-30,US,Pennsylvania,Lackawanna,2594,217,0,41.43564672,-75.60379201,42069.0,1237.1586367408454,8.365458750963763,2377,2579,217,0,2362,2555,210793,15,0,0,15,24
2020-09-30,US,Pennsylvania,Lancaster,7993,459,0,40.03904563,-76.24770128,42071.0,1464.6597913963833,5.742524709120481,7534,7938,459,0,7479,7887,543557,55,0,0,55,51
2020-09-30,US,Pennsylvania,Lawrence,531,23,0,40.99206278,-80.33393706,42073.0,620.9654785293292,4.331450094161959,508,531,23,0,508,531,86184,0,0,0,0,0
2020-09-30,US,Pennsylvania,Lebanon,2078,59,0,40.36680311,-76.45651841,42075.0,1465.516633402213,2.8392685274302214,2019,2057,59,0,1998,2049,141314,21,0,0,21,8
2020-09-30,US,Pennsylvania,Lehigh,5688,353,0,40.6154815,-75.59435245,42077.0,1540.136142836255,6.206047819971872,5335,5669,353,0,5316,5637,368100,19,0,0,19,32
2020-09-30,US,Pennsylvania,Luzerne,4135,190,0,41.17823008,-75.98447579,42079.0,1302.7027537907547,4.5949214026602165,3945,4126,190,0,3936,4114,317646,9,0,0,9,12
2020-09-30,US,Pennsylvania,Lycoming,709,26,0,41.34310539,-77.06629984,42081.0,625.7778091598337,3.667136812411848,683,699,25,0,674,694,113664,10,1,0,9,5
2020-09-30,US,Pennsylvania,McKean,59,2,0,41.80938602,-78.56478358,42083.0,145.23076923076925,3.3898305084745757,57,58,2,0,56,57,40968,1,0,0,1,1
2020-09-30,US,Pennsylvania,Mercer,744,20,0,41.30248872,-80.25816981,42085.0,679.923965492031,2.6881720430107525,724,741,18,0,723,735,110683,3,2,0,1,6
2020-09-30,US,Pennsylvania,Mifflin,229,2,0,40.61116939,-77.61070738,42087.0,496.3370757293337,0.8733624454148472,227,229,2,0,227,226,46222,0,0,0,0,3
2020-09-30,US,Pennsylvania,Monroe,1804,133,0,41.05934058,-75.34031025,42089.0,1059.4875228312517,7.37250554323725,1671,1801,133,0,1668,1797,169507,3,0,0,3,4
2020-09-30,US,Pennsylvania,Montgomery,12285,878,0,40.21053671,-75.36652296,42091.0,1478.4905796621795,7.146927146927147,11407,12258,878,0,11380,12209,828604,27,0,0,27,49
2020-09-30,US,Pennsylvania,Montour,185,5,0,41.03023987,-76.66345939,42093.0,1014.8107515085023,2.702702702702702,180,173,5,0,168,174,18240,12,0,0,12,-1
2020-09-30,US,Pennsylvania,Northampton,4523,305,0,40.75182733,-75.30471829,42095.0,1481.5664051623892,6.743311961087773,4218,4513,305,0,4208,4503,304807,10,0,0,10,10
2020-09-30,US,Pennsylvania,Northumberland,1067,63,0,40.84785433,-76.70798222,42097.0,1174.553900685799,5.90440487347704,1004,1053,57,0,996,1039,91083,14,6,0,8,14
2020-09-30,US,Pennsylvania,Perry,235,6,0,40.40206612,-77.26297447,42099.0,507.8665283540802,2.5531914893617023,229,228,6,0,222,223,46139,7,0,0,7,5
2020-09-30,US,Pennsylvania,Philadelphia,37226,1811,0,40.00338507,-75.1379271,42101.0,2350.031311866187,4.864879385375811,35415,37067,1801,0,35266,36452,1584138,159,10,0,149,615
2020-09-30,US,Pennsylvania,Pike,580,22,0,41.33155042,-75.03208106,42103.0,1039.2589008941209,3.7931034482758617,558,579,22,0,557,576,55933,1,0,0,1,3
2020-09-30,US,Pennsylvania,Potter,29,0,0,41.74471626,-77.89559864,42105.0,175.48106014764613,0.0,29,29,0,0,29,29,16622,0,0,0,0,0
2020-09-30,US,Pennsylvania,Schuylkill,1188,52,0,40.70497338,-76.2150785,42107.0,840.4134154882249,4.377104377104377,1136,1175,52,0,1123,1160,142067,13,0,0,13,15
2020-09-30,US,Pennsylvania,Snyder,342,6,0,40.77129231,-77.06840691,42109.0,847.1217675616762,1.7543859649122806,336,325,5,0,320,315,40540,17,1,0,16,10
2020-09-30,US,Pennsylvania,Somerset,220,3,0,39.97172723,-79.02699593,42111.0,299.53571963456636,1.3636363636363635,217,219,3,0,216,219,73952,1,0,0,1,0
2020-09-30,US,Pennsylvania,Sullivan,13,0,0,41.44634738,-76.51246591,42113.0,214.3092647543686,0.0,13,13,0,0,13,13,6071,0,0,0,0,0
2020-09-30,US,Pennsylvania,Susquehanna,297,28,0,41.82147784,-75.80071959,42115.0,736.4610196389606,9.427609427609427,269,294,28,0,266,293,40589,3,0,0,3,1
2020-09-30,US,Pennsylvania,Tioga,78,3,0,41.77255149,-77.25433032,42117.0,192.1608238279421,3.8461538461538463,75,73,3,0,70,70,40763,5,0,0,5,3
2020-09-30,US,Pennsylvania,Union,472,6,0,40.96188846,-77.05996014,42119.0,1050.6867306279635,1.2711864406779658,466,475,6,0,469,475,44785,-3,0,0,-3,0
2020-09-30,US,Pennsylvania,Venango,88,1,0,41.40323442,-79.75845449,42121.0,173.67964000947342,1.1363636363636365,87,87,1,0,86,84,51266,1,0,0,1,3
2020-09-30,US,Pennsylvania,Warren,44,1,0,41.81304978,-79.26969577,42123.0,112.2706743895282,2.272727272727273,43,44,1,0,43,43,39498,0,0,0,0,1
2020-09-30,US,Pennsylvania,Washington,1375,30,0,40.19208869,-80.24582867,42125.0,664.6846977497402,2.1818181818181817,1345,1364,30,0,1334,1346,207346,11,0,0,11,18
2020-09-30,US,Pennsylvania,Wayne,238,10,0,41.64938475,-75.29956506,42127.0,463.38661630419966,4.201680672268908,228,237,10,0,227,234,51276,1,0,0,1,3
2020-09-30,US,Pennsylvania,Westmoreland,2277,56,0,40.31377979999999,-79.46615476,42129.0,652.6243984648853,2.4593763724198507,2221,2260,56,0,2204,2246,350611,17,0,0,17,14
2020-09-30,US,Pennsylvania,Wyoming,78,8,0,41.51955538,-76.01074915,42131.0,291.10994998880346,10.256410256410255,70,78,8,0,70,78,27046,0,0,0,0,0
2020-09-30,US,Pennsylvania,York,4941,159,0,39.9210089,-76.73040131,42133.0,1100.30330157797,3.217972070431087,4782,4891,158,0,4733,4851,448273,50,1,0,49,40
2020-09-30,US,Puerto Rico,Adjuntas,150,0,0,18.180117000000006,-66.754367,72001.0,769.9019658163527,0.0,150,150,0,0,150,150,,0,0,0,0,0
2020-09-30,US,Puerto Rico,Aguada,348,0,0,18.360255,-67.17513100000001,72003.0,829.3810624657402,0.0,348,348,0,0,348,342,,0,0,0,0,6
2020-09-30,US,Puerto Rico,Aguadilla,439,0,0,18.459681,-67.12081500000001,72005.0,720.2743277166154,0.0,439,438,0,0,438,435,,1,0,0,1,3
2020-09-30,US,Puerto Rico,Aguas Buenas,287,0,0,18.251619,-66.126806,72007.0,1001.4306151645208,0.0,287,282,0,0,282,270,,5,0,0,5,12
2020-09-30,US,Puerto Rico,Aibonito,158,0,0,18.131361,-66.264131,72009.0,610.0386100386098,0.0,158,158,0,0,158,157,,0,0,0,0,1
2020-09-30,US,Puerto Rico,Anasco,226,0,0,18.287985,-67.120611,72011.0,772.3591128122757,0.0,226,225,0,0,225,222,,1,0,0,1,3
2020-09-30,US,Puerto Rico,Arecibo,849,0,0,18.406631,-66.675077,72013.0,880.3401078390709,0.0,849,845,0,0,845,836,,4,0,0,4,9
2020-09-30,US,Puerto Rico,Arroyo,169,0,0,17.998457000000005,-66.056546,72015.0,863.3461047254152,0.0,169,169,0,0,169,165,,0,0,0,0,4
2020-09-30,US,Puerto Rico,Barceloneta,250,0,0,18.445532999999998,-66.56053100000001,72017.0,1007.4145712443584,0.0,250,250,0,0,250,245,,0,0,0,0,5
2020-09-30,US,Puerto Rico,Barranquitas,488,0,0,18.201592,-66.30963,72019.0,1609.6048552015304,0.0,488,476,0,0,476,456,,12,0,0,12,20
2020-09-30,US,Puerto Rico,Bayamon,3873,0,0,18.34946,-66.168435,72021.0,1860.9813757712045,0.0,3873,3847,0,0,3847,3767,,26,0,0,26,80
2020-09-30,US,Puerto Rico,Cabo Rojo,349,0,0,18.040993,-67.154391,72023.0,685.4292279592278,0.0,349,349,0,0,349,347,,0,0,0,0,2
2020-09-30,US,Puerto Rico,Caguas,1658,0,0,18.211615,-66.050779,72025.0,1160.3087625006124,0.0,1658,1653,0,0,1653,1627,,5,0,0,5,26
2020-09-30,US,Puerto Rico,Camuy,297,0,0,18.418578,-66.860206,72027.0,844.7339230353537,0.0,297,295,0,0,295,290,,2,0,0,2,5
2020-09-30,US,Puerto Rico,Canovanas,734,0,0,18.328802,-65.887612,72029.0,1540.4633982538614,0.0,734,729,0,0,729,715,,5,0,0,5,14
2020-09-30,US,Puerto Rico,Carolina,2924,0,0,18.374986,-65.95683100000001,72031.0,1654.2016949344315,0.0,2924,2912,0,0,2912,2842,,12,0,0,12,70
2020-09-30,US,Puerto Rico,Catano,470,0,0,18.437269,-66.14330600000001,72033.0,1670.2203269367444,0.0,470,469,0,0,469,455,,1,0,0,1,14
2020-09-30,US,Puerto Rico,Cayey,363,0,0,18.102851,-66.14914,72035.0,754.3797668280721,0.0,363,363,0,0,363,357,,0,0,0,0,6
2020-09-30,US,Puerto Rico,Ceiba,144,0,0,18.251818,-65.666416,72037.0,1056.4155234392194,0.0,144,144,0,0,144,141,,0,0,0,0,3
2020-09-30,US,Puerto Rico,Ciales,270,0,0,18.28885,-66.516475,72039.0,1437.5465871579172,0.0,270,259,0,0,259,253,,11,0,0,11,6
2020-09-30,US,Puerto Rico,Cidra,342,0,0,18.173559,-66.161179,72041.0,786.5685372585097,0.0,342,342,0,0,342,329,,0,0,0,0,13
2020-09-30,US,Puerto Rico,Coamo,307,0,0,18.097597,-66.36014,72043.0,757.8001579778831,0.0,307,307,0,0,307,294,,0,0,0,0,13
2020-09-30,US,Puerto Rico,Comerio,254,0,0,18.224687,-66.221622,72045.0,1222.4468187506016,0.0,254,254,0,0,254,252,,0,0,0,0,2
2020-09-30,US,Puerto Rico,Corozal,638,0,0,18.304264,-66.327738,72047.0,1717.7319476603311,0.0,638,634,0,0,634,617,,4,0,0,4,17
2020-09-30,US,Puerto Rico,Culebra,22,0,0,18.31586,-65.28813000000001,72049.0,1210.1210121012102,0.0,22,23,0,0,23,23,,-1,0,0,-1,0
2020-09-30,US,Puerto Rico,Dorado,816,0,0,18.436115,-66.278669,72051.0,2138.084632516704,0.0,816,811,0,0,811,802,,5,0,0,5,9
2020-09-30,US,Puerto Rico,Fajardo,571,0,0,18.318373,-65.666866,72053.0,1543.5352634282162,0.0,571,570,0,0,570,552,,1,0,0,1,18
2020-09-30,US,Puerto Rico,Florida,275,0,0,18.373715,-66.560488,72054.0,2168.769716088328,0.0,275,270,0,0,270,269,,5,0,0,5,1
2020-09-30,US,Puerto Rico,Guanica,107,0,0,17.982429,-66.91964300000001,72055.0,550.77984248726,0.0,107,107,0,0,107,107,,0,0,0,0,0
2020-09-30,US,Puerto Rico,Guayama,302,0,0,18.007516,-66.13390799999999,72057.0,665.7554781535207,0.0,302,301,0,0,301,287,,1,0,0,1,14
2020-09-30,US,Puerto Rico,Guayanilla,183,0,0,18.039942,-66.79186,72059.0,847.9681201056485,0.0,183,183,0,0,183,179,,0,0,0,0,4
2020-09-30,US,Puerto Rico,Guaynabo,1806,0,0,18.345114000000002,-66.11452299999999,72061.0,1844.2874065601893,0.0,1806,1796,0,0,1796,1757,,10,0,0,10,39
2020-09-30,US,Puerto Rico,Gurabo,562,0,0,18.266461,-65.97970500000001,72063.0,1238.7312922920935,0.0,562,562,0,0,562,543,,0,0,0,0,19
2020-09-30,US,Puerto Rico,Hatillo,322,0,0,18.410928,-66.79632600000001,72065.0,767.5255643219792,0.0,322,314,0,0,314,312,,8,0,0,8,2
2020-09-30,US,Puerto Rico,Hormigueros,175,0,0,18.134532,-67.113972,72067.0,1014.4927536231884,0.0,175,175,0,0,175,175,,0,0,0,0,0
2020-09-30,US,Puerto Rico,Humacao,564,0,0,18.145211,-65.810174,72069.0,964.6632230698184,0.0,564,554,0,0,554,545,,10,0,0,10,9
2020-09-30,US,Puerto Rico,Isabela,277,0,0,18.44981,-67.005093,72071.0,607.0434572987663,0.0,277,276,0,0,276,275,,1,0,0,1,1
2020-09-30,US,Puerto Rico,Jayuya,233,0,0,18.211446,-66.58878,72073.0,1400.0721067179425,0.0,233,233,0,0,233,230,,0,0,0,0,3
2020-09-30,US,Puerto Rico,Juana Diaz,354,0,0,18.050764,-66.49458100000001,72075.0,443.070453208506,0.0,354,355,0,0,355,354,,-1,0,0,-1,1
2020-09-30,US,Puerto Rico,Juncos,410,0,0,18.223793,-65.909109,72077.0,1017.6222387689253,0.0,410,407,0,0,407,402,,3,0,0,3,5
2020-09-30,US,Puerto Rico,Lajas,169,0,0,18.011661,-67.040585,72079.0,656.2342251388187,0.0,169,167,0,0,167,164,,2,0,0,2,3
2020-09-30,US,Puerto Rico,Lares,346,0,0,18.269035000000002,-66.867236,72081.0,1125.0934868142945,0.0,346,346,0,0,346,333,,0,0,0,0,13
2020-09-30,US,Puerto Rico,Las Marias,108,0,0,18.23679,-66.98362,72083.0,1093.0067806902136,0.0,108,109,0,0,109,109,,-1,0,0,-1,0
2020-09-30,US,Puerto Rico,Las Piedras,504,0,0,18.187527,-65.86946800000001,72085.0,1303.1674208144796,0.0,504,499,0,0,499,492,,5,0,0,5,7
2020-09-30,US,Puerto Rico,Loiza,289,0,0,18.425688,-65.89943000000001,72087.0,961.410512308716,0.0,289,289,0,0,289,286,,0,0,0,0,3
2020-09-30,US,Puerto Rico,Luquillo,274,0,0,18.342114000000002,-65.72509699999999,72089.0,1365.3577835359774,0.0,274,274,0,0,274,266,,0,0,0,0,8
2020-09-30,US,Puerto Rico,Manati,586,0,0,18.420473,-66.490461,72091.0,1328.4065921610409,0.0,586,578,0,0,578,561,,8,0,0,8,17
2020-09-30,US,Puerto Rico,Maricao,84,0,0,18.171795,-66.942126,72093.0,1338.4321223709371,0.0,84,85,0,0,85,85,,-1,0,0,-1,0
2020-09-30,US,Puerto Rico,Maunabo,126,0,0,18.017889,-65.922235,72095.0,1030.6748466257668,0.0,126,125,0,0,125,121,,1,0,0,1,4
2020-09-30,US,Puerto Rico,Mayaguez,836,0,0,18.2013,-67.1452,72097.0,938.4822631342613,0.0,836,834,0,0,834,831,,2,0,0,2,3
2020-09-30,US,Puerto Rico,Moca,360,0,0,18.377805,-67.080952,72099.0,897.5541649006458,0.0,360,357,0,0,357,348,,3,0,0,3,9
2020-09-30,US,Puerto Rico,Morovis,529,0,0,18.316963,-66.420383,72101.0,1622.2017785955234,0.0,529,527,0,0,527,523,,2,0,0,2,4
2020-09-30,US,Puerto Rico,Naguabo,215,0,0,18.230636999999998,-65.753897,72103.0,804.6407185628743,0.0,215,213,0,0,213,209,,2,0,0,2,4
2020-09-30,US,Puerto Rico,Naranjito,637,0,0,18.288019,-66.252703,72105.0,2095.256890994013,0.0,637,634,0,0,634,628,,3,0,0,3,6
2020-09-30,US,Puerto Rico,Orocovis,349,0,0,18.215046,-66.433604,72107.0,1489.988472868548,0.0,349,348,0,0,348,340,,1,0,0,1,8
2020-09-30,US,Puerto Rico,Out of PR,791,0,0,0.0,0.0,72888.0,0.0,0.0,791,791,0,0,791,791,,0,0,0,0,0
2020-09-30,US,Puerto Rico,Patillas,176,0,0,18.03174,-66.012242,72109.0,913.0051356538879,0.0,176,176,0,0,176,170,,0,0,0,0,6
2020-09-30,US,Puerto Rico,Penuelas,123,0,0,18.059645,-66.721572,72111.0,506.548060291574,0.0,123,123,0,0,123,122,,0,0,0,0,1
2020-09-30,US,Puerto Rico,Ponce,952,0,0,18.059498,-66.613748,72113.0,572.3664828921343,0.0,952,950,0,0,950,932,,2,0,0,2,18
2020-09-30,US,Puerto Rico,Quebradillas,183,0,0,18.439692,-66.926113,72115.0,706.0457579381921,0.0,183,183,0,0,183,181,,0,0,0,0,2
2020-09-30,US,Puerto Rico,Rincon,196,0,0,18.335442999999998,-67.23174,72117.0,1289.4736842105262,0.0,196,196,0,0,196,194,,0,0,0,0,2
2020-09-30,US,Puerto Rico,Rio Grande,618,0,0,18.346329,-65.813742,72119.0,1138.037713612257,0.0,618,616,0,0,616,607,,2,0,0,2,9
2020-09-30,US,Puerto Rico,Sabana Grande,203,0,0,18.08282,-66.943758,72121.0,803.4830793587967,0.0,203,203,0,0,203,203,,0,0,0,0,0
2020-09-30,US,Puerto Rico,Salinas,449,0,0,18.010386999999994,-66.256592,72123.0,1444.751914537615,0.0,449,447,0,0,447,437,,2,0,0,2,10
2020-09-30,US,Puerto Rico,San German,265,0,0,18.111484,-67.03858100000001,72125.0,745.9115602218031,0.0,265,265,0,0,265,265,,0,0,0,0,0
2020-09-30,US,Puerto Rico,San Juan,7885,0,0,18.386933,-66.061128,72127.0,1994.5563914339048,0.0,7885,7850,0,0,7850,7658,,35,0,0,35,192
2020-09-30,US,Puerto Rico,San Lorenzo,525,0,0,18.147987,-65.976392,72129.0,1278.6789419845095,0.0,525,520,0,0,520,505,,5,0,0,5,15
2020-09-30,US,Puerto Rico,San Sebastian,397,0,0,18.328646,-66.971214,72131.0,935.6587320292247,0.0,397,397,0,0,397,368,,0,0,0,0,29
2020-09-30,US,Puerto Rico,Santa Isabel,181,0,0,17.994525,-66.388913,72133.0,777.6918449772278,0.0,181,181,0,0,181,176,,0,0,0,0,5
2020-09-30,US,Puerto Rico,Toa Alta,1321,0,0,18.362406,-66.246616,72135.0,1783.544406340291,0.0,1321,1309,0,0,1309,1281,,12,0,0,12,28
2020-09-30,US,Puerto Rico,Toa Baja,1444,0,0,18.431445999999998,-66.213553,72137.0,1611.4452789340357,0.0,1444,1431,0,0,1431,1387,,13,0,0,13,44
2020-09-30,US,Puerto Rico,Trujillo Alto,1136,0,0,18.336159,-65.99888399999999,72139.0,1517.8643007936719,0.0,1136,1129,0,0,1129,1103,,7,0,0,7,26
2020-09-30,US,Puerto Rico,Unassigned,634,661,0,0.0,0.0,72999.0,0.0,104.25867507886437,-27,602,654,0,-52,553,,32,7,0,25,49
2020-09-30,US,Puerto Rico,Utuado,153,0,0,18.271214,-66.702984,72141.0,461.55238468732085,0.0,153,152,0,0,152,145,,1,0,0,1,7
2020-09-30,US,Puerto Rico,Vega Alta,780,0,0,18.409346,-66.33725,72143.0,1952.3916798077648,0.0,780,779,0,0,779,771,,1,0,0,1,8
2020-09-30,US,Puerto Rico,Vega Baja,999,0,0,18.428262,-66.397924,72145.0,1674.4326371895008,0.0,999,985,0,0,985,959,,14,0,0,14,26
2020-09-30,US,Puerto Rico,Vieques,93,0,0,18.123276,-65.44097099999999,72147.0,999.8924846790668,0.0,93,93,0,0,93,89,,0,0,0,0,4
2020-09-30,US,Puerto Rico,Villalba,136,0,0,18.127951,-66.473115,72149.0,521.6123959651748,0.0,136,136,0,0,136,134,,0,0,0,0,2
2020-09-30,US,Puerto Rico,Yabucoa,323,0,0,18.070399,-65.896289,72151.0,851.3217890935927,0.0,323,318,0,0,318,313,,5,0,0,5,5
2020-09-30,US,Puerto Rico,Yauco,414,0,0,18.080374,-66.858814,72153.0,984.7061341959422,0.0,414,415,0,0,415,406,,-1,0,0,-1,9
2020-09-30,US,Rhode Island,Bristol,414,0,0,41.71018079,-71.28652315,44001.0,853.9780110975888,0.0,414,404,0,0,404,404,48649,10,0,0,10,0
2020-09-30,US,Rhode Island,Kent,1945,0,0,41.67106337,-71.57641596,44003.0,1183.867747668785,0.0,1945,1867,0,0,1867,1867,163861,78,0,0,78,0
2020-09-30,US,Rhode Island,Newport,530,0,0,41.5642026,-71.26569799,44005.0,645.6957676469872,0.0,530,518,0,0,518,518,82542,12,0,0,12,0
2020-09-30,US,Rhode Island,Providence,18927,0,0,41.87064746,-71.57753536,44007.0,2962.2917028599327,0.0,18927,18437,0,0,18437,18437,636084,490,0,0,490,0
2020-09-30,US,Rhode Island,Unassigned,2055,1114,0,0.0,0.0,90044.0,0.0,54.209245742092456,941,2527,1113,0,1414,2395,,-472,1,0,-473,132
2020-09-30,US,Rhode Island,Washington,877,0,0,41.45961631,-71.61435303,44009.0,698.3762950221776,0.0,877,803,0,0,803,803,126179,74,0,0,74,0
2020-09-30,US,South Carolina,Abbeville,591,13,0,34.22333378,-82.46170658,45001.0,2409.589432054471,2.1996615905245345,578,582,13,0,569,579,24541,9,0,0,9,3
2020-09-30,US,South Carolina,Aiken,4281,82,0,33.54338026,-81.63645384,45003.0,2505.3841471979026,1.9154403176827843,4199,4208,82,0,4126,4160,169401,73,0,0,73,48
2020-09-30,US,South Carolina,Allendale,396,6,0,32.98837386,-81.35321066,45005.0,4558.0110497237565,1.5151515151515151,390,398,6,0,392,388,8903,-2,0,0,-2,10
2020-09-30,US,South Carolina,Anderson,4556,178,0,34.51828081,-82.63959517,45007.0,2249.2323186445365,3.906935908691835,4378,4540,178,0,4362,4501,200482,16,0,0,16,39
2020-09-30,US,South Carolina,Bamberg,650,34,0,33.21927586,-81.05659969,45009.0,4621.072088724583,5.230769230769232,616,649,33,0,616,648,14275,1,1,0,0,1
2020-09-30,US,South Carolina,Barnwell,741,16,0,33.26679302,-81.43584352,45011.0,3551.2316687434113,2.1592442645074224,725,732,16,0,716,719,21112,9,0,0,9,13
2020-09-30,US,South Carolina,Beaufort,5692,83,0,32.39226291,-80.72619758,45013.0,2962.7007838769123,1.4581869290231904,5609,5685,83,0,5602,5646,188715,7,0,0,7,39
2020-09-30,US,South Carolina,Berkeley,5514,89,0,33.20222596,-79.94654523,45015.0,2419.407916386948,1.6140732680449763,5425,5518,89,0,5429,5526,221091,-4,0,0,-4,-8
2020-09-30,US,South Carolina,Calhoun,453,17,0,33.66926881,-80.77722168,45017.0,3112.7602556173993,3.752759381898455,436,458,17,0,441,455,14520,-5,0,0,-5,3
2020-09-30,US,South Carolina,Charleston,15886,263,0,32.82487866,-79.96512315,45019.0,3861.3923958328273,1.6555457635654034,15623,15888,261,0,15627,15865,405905,-2,2,0,-4,23
2020-09-30,US,South Carolina,Cherokee,1172,39,0,35.05122251,-81.61828622,45021.0,2045.3752181500872,3.3276450511945392,1133,1172,37,0,1135,1165,57078,0,2,0,-2,7
2020-09-30,US,South Carolina,Chester,1047,21,0,34.69249168,-81.1583216,45023.0,3247.115742463714,2.005730659025788,1026,1047,21,0,1026,1045,32251,0,0,0,0,2
2020-09-30,US,South Carolina,Chesterfield,1242,37,0,34.64137396,-80.15640140000002,45025.0,2720.7009857612265,2.9790660225442838,1205,1237,37,0,1200,1230,45754,5,0,0,5,7
2020-09-30,US,South Carolina,Clarendon,1106,67,0,33.66610974,-80.21647898,45027.0,3277.522595940139,6.0578661844484625,1039,1108,67,0,1041,1105,33700,-2,0,0,-2,3
2020-09-30,US,South Carolina,Colleton,1054,42,0,32.87582989,-80.67641292,45029.0,2797.4626429917457,3.984819734345351,1012,1056,42,0,1014,1042,37660,-2,0,0,-2,14
2020-09-30,US,South Carolina,Darlington,2077,57,0,34.33358335,-79.96027485,45031.0,3117.7759764628167,2.7443428021184397,2020,2072,54,0,2018,2058,66802,5,3,0,2,14
2020-09-30,US,South Carolina,Dillon,1061,39,0,34.39007791,-79.37741872,45033.0,3481.085337445454,3.6757775683317626,1022,1058,39,0,1019,1047,30599,3,0,0,3,11
2020-09-30,US,South Carolina,Dorchester,4197,91,0,33.0794369,-80.40502652,45035.0,2577.867316917369,2.1682153919466285,4106,4193,91,0,4102,4185,160647,4,0,0,4,8
2020-09-30,US,South Carolina,Edgefield,823,19,0,33.77221995,-81.96231108,45037.0,3019.075568598679,2.3086269744835968,804,823,18,0,805,816,27052,0,1,0,-1,7
2020-09-30,US,South Carolina,Fairfield,772,36,0,34.39287073,-81.1195624,45039.0,3454.6024074819893,4.66321243523316,736,772,35,0,737,769,22402,0,1,0,-1,3
2020-09-30,US,South Carolina,Florence,4958,192,0,34.02361754,-79.70189312,45041.0,3585.141691914992,3.8725292456635736,4766,4953,191,0,4762,4941,138159,5,1,0,4,12
2020-09-30,US,South Carolina,Georgetown,1909,45,0,33.43443342,-79.33202141,45043.0,3045.628589661774,2.357255107386066,1864,1908,45,0,1863,1895,62249,1,0,0,1,13
2020-09-30,US,South Carolina,Greenville,14550,306,0,34.89502264,-82.37295012,45045.0,2779.1466587207897,2.1030927835051547,14244,14537,305,0,14232,14423,514213,13,1,0,12,114
2020-09-30,US,South Carolina,Greenwood,2221,73,0,34.15272415,-82.12715789,45047.0,3136.5183375464258,3.286807744259342,2148,2216,72,0,2144,2214,70741,5,1,0,4,2
2020-09-30,US,South Carolina,Hampton,665,27,0,32.77419582,-81.13845571,45049.0,3459.5775673707208,4.06015037593985,638,663,27,0,636,654,19351,2,0,0,2,9
2020-09-30,US,South Carolina,Horry,10391,197,0,33.9212828,-78.99555293,45051.0,2934.639249211339,1.8958714271966124,10194,10387,197,0,10190,10361,344147,4,0,0,4,26
2020-09-30,US,South Carolina,Jasper,821,22,0,32.43171982,-81.02487495,45053.0,2730.0236092175705,2.679658952496955,799,822,20,0,802,816,28971,-1,2,0,-3,6
2020-09-30,US,South Carolina,Kershaw,2022,38,0,34.33988254,-80.58763164,45055.0,3038.271400880528,1.8793273986152323,1984,2017,38,0,1979,1999,65592,5,0,0,5,18
2020-09-30,US,South Carolina,Lancaster,2182,52,0,34.68270843,-80.70513032,45057.0,2226.25800922336,2.383134738771769,2130,2178,52,0,2126,2168,95380,4,0,0,4,10
2020-09-30,US,South Carolina,Laurens,1688,56,0,34.48244419,-82.00490796,45059.0,2501.0001037144593,3.3175355450236967,1632,1685,56,0,1629,1679,66994,3,0,0,3,6
2020-09-30,US,South Carolina,Lee,718,35,0,34.16393091,-80.25690731,45061.0,4266.698359876395,4.874651810584958,683,719,35,0,684,720,17142,-1,0,0,-1,-1
2020-09-30,US,South Carolina,Lexington,7464,163,0,33.89665987,-81.27146426,45063.0,2498.410041841005,2.183815648445873,7301,7419,161,0,7258,7352,295032,45,2,0,43,67
2020-09-30,US,South Carolina,Marion,897,26,0,34.07859748,-79.36400756,45067.0,2925.922301595068,2.898550724637681,871,896,25,0,871,884,31039,1,1,0,0,12
2020-09-30,US,South Carolina,Marlboro,931,11,0,34.59905577,-79.67561152,45069.0,3564.5914694846465,1.1815252416756177,920,934,11,0,923,934,26398,-3,0,0,-3,0
2020-09-30,US,South Carolina,McCormick,236,6,0,33.90161443,-82.30794338,45065.0,2493.9237028426505,2.5423728813559316,230,236,6,0,230,234,9410,0,0,0,0,2
2020-09-30,US,South Carolina,Newberry,1273,27,0,34.28629098,-81.59935761,45071.0,3311.6545265348595,2.1209740769835035,1246,1266,27,0,1239,1264,38520,7,0,0,7,2
2020-09-30,US,South Carolina,Oconee,1697,28,0,34.75225169,-83.06742317,45073.0,2133.3567998390868,1.6499705362404242,1669,1694,27,0,1667,1426,78374,3,1,0,2,268
2020-09-30,US,South Carolina,Orangeburg,3134,126,0,33.4391073,-80.79886287,45075.0,3636.7856106759496,4.020421186981493,3008,3133,126,0,3007,3121,86934,1,0,0,1,12
2020-09-30,US,South Carolina,Pickens,3155,45,0,34.88807695,-82.72791551,45077.0,2486.5231234828657,1.4263074484944531,3110,3152,45,0,3107,2951,124937,3,0,0,3,201
2020-09-30,US,South Carolina,Richland,15449,244,0,34.01791263,-80.90267209,45079.0,3715.8546176991963,1.5793902517962328,15205,15396,244,0,15152,15340,414576,53,0,0,53,56
2020-09-30,US,South Carolina,Saluda,691,21,0,34.00795823,-81.72713237,45081.0,3375.177062472525,3.0390738060781475,670,691,21,0,670,688,20544,0,0,0,0,3
2020-09-30,US,South Carolina,Spartanburg,6979,199,0,34.92960077,-81.99225984,45083.0,2182.4038025548416,2.851411376988107,6780,6948,199,0,6749,6928,313888,31,0,0,31,20
2020-09-30,US,South Carolina,Sumter,3238,78,0,33.91826534,-80.37942316,45085.0,3034.0795157466664,2.408894379246449,3160,3238,78,0,3160,3222,106512,0,0,0,0,16
2020-09-30,US,South Carolina,Union,575,12,0,34.68835752,-81.61730349,45087.0,2104.993410455411,2.0869565217391304,563,574,12,0,562,565,27410,1,0,0,1,9
2020-09-30,US,South Carolina,Williamsburg,1333,45,0,33.62190129,-79.72767442,45089.0,4389.488935721813,3.3758439609902475,1288,1337,45,0,1292,1339,30606,-4,0,0,-4,-2
2020-09-30,US,South Carolina,York,5454,75,0,34.97281497,-81.18085944,45091.0,1941.070329099328,1.375137513751375,5379,5439,75,0,5364,5388,274118,15,0,0,15,51
2020-09-30,US,South Dakota,Aurora,59,0,0,43.71757685,-98.56050467,46003.0,2144.674663758633,0.0,59,58,0,0,58,56,2801,1,0,0,1,2
2020-09-30,US,South Dakota,Beadle,815,9,0,44.41464384,-98.27858469,46005.0,4416.62602286891,1.1042944785276074,806,804,9,0,795,801,18883,11,0,0,11,3
2020-09-30,US,South Dakota,Bennett,67,1,0,43.19486375,-101.6665572,46007.0,1991.0846953937594,1.492537313432836,66,67,1,0,66,67,3468,0,0,0,0,0
2020-09-30,US,South Dakota,Bon Homme,91,1,0,42.98914167,-97.88592746,46009.0,1318.6494710911459,1.0989010989010992,90,85,1,0,84,83,6980,6,0,0,6,2
2020-09-30,US,South Dakota,Brookings,779,2,0,44.36974375,-96.79079945,46011.0,2220.828463095476,0.2567394094993581,777,771,2,0,769,768,35232,8,0,0,8,3
2020-09-30,US,South Dakota,Brown,1240,4,0,45.58994323,-98.35165355,46013.0,3192.667164448106,0.3225806451612903,1236,1223,4,0,1219,1205,39316,17,0,0,17,18
2020-09-30,US,South Dakota,Brule,132,0,0,43.71756379,-99.08118954,46015.0,2491.976590522937,0.0,132,126,0,0,126,121,5229,6,0,0,6,5
2020-09-30,US,South Dakota,Buffalo,140,3,0,44.07657829,-99.20814467,46017.0,7135.575942915392,2.142857142857143,137,138,3,0,135,138,2036,2,0,0,2,0
2020-09-30,US,South Dakota,Butte,110,3,0,44.90608745,-103.5079318,46019.0,1054.7511746092623,2.727272727272727,107,106,3,0,103,104,10222,4,0,0,4,2
2020-09-30,US,South Dakota,Campbell,36,0,0,45.77074915,-100.0510181,46021.0,2616.279069767442,0.0,36,31,0,0,31,30,1377,5,0,0,5,1
2020-09-30,US,South Dakota,Charles Mix,184,0,0,43.20660134,-98.58856175,46023.0,1980.1980198019805,0.0,184,177,0,0,177,174,9338,7,0,0,7,3
2020-09-30,US,South Dakota,Clark,43,0,0,44.85834507,-97.72925109,46025.0,1150.963597430407,0.0,43,43,0,0,43,40,3739,0,0,0,0,3
2020-09-30,US,South Dakota,Clay,568,6,0,42.91296147,-96.97656917,46027.0,4036.958066808813,1.056338028169014,562,564,6,0,558,564,14041,4,0,0,4,0
2020-09-30,US,South Dakota,Codington,894,6,0,44.97788119,-97.18827677,46029.0,3191.831197115213,0.6711409395973155,888,882,6,0,876,876,28015,12,0,0,12,6
2020-09-30,US,South Dakota,Corson,92,1,0,45.70889983,-101.1970473,46031.0,2251.5907978463047,1.0869565217391304,91,92,1,0,91,91,4165,0,0,0,0,1
2020-09-30,US,South Dakota,Custer,189,2,0,43.67741105,-103.45345209999999,46033.0,2106.5537226928227,1.058201058201058,187,186,2,0,184,186,8726,3,0,0,3,0
2020-09-30,US,South Dakota,Davison,329,2,0,43.67490933,-98.14458906,46035.0,1663.716814159292,0.6079027355623101,327,320,2,0,318,305,19790,9,0,0,9,15
2020-09-30,US,South Dakota,Day,84,0,0,45.367281,-97.60737498,46037.0,1548.6725663716811,0.0,84,79,0,0,79,76,5505,5,0,0,5,3
2020-09-30,US,South Dakota,Deuel,87,0,0,44.75994309,-96.66943645,46039.0,1999.5403355550447,0.0,87,86,0,0,86,84,4337,1,0,0,1,2
2020-09-30,US,South Dakota,Dewey,158,0,0,45.15639647,-100.8709139,46041.0,2681.602172437203,0.0,158,153,0,0,153,146,5904,5,0,0,5,7
2020-09-30,US,South Dakota,Douglas,87,1,0,43.38520741,-98.36978007,46043.0,2978.4320438206096,1.1494252873563218,86,83,1,0,82,82,2935,4,0,0,4,1
2020-09-30,US,South Dakota,Edmunds,98,0,0,45.41846445,-99.21545423,46045.0,2559.4149908592317,0.0,98,94,0,0,94,94,3875,4,0,0,4,0
2020-09-30,US,South Dakota,Fall River,96,4,0,43.23929297,-103.5275691,46047.0,1430.0610755251005,4.166666666666667,92,95,4,0,91,95,6758,1,0,0,1,0
2020-09-30,US,South Dakota,Faulk,74,1,0,45.07082625,-99.14535601,46049.0,3218.7907785993907,1.351351351351351,73,73,1,0,72,73,2330,1,0,0,1,0
2020-09-30,US,South Dakota,Grant,144,1,0,45.1723937,-96.77002276,46051.0,2041.973908111174,0.6944444444444444,143,139,1,0,138,133,7147,5,0,0,5,6
2020-09-30,US,South Dakota,Gregory,136,3,0,43.19419064,-99.18883902,46053.0,3249.7013142174433,2.2058823529411766,133,130,3,0,127,128,4212,6,0,0,6,2
2020-09-30,US,South Dakota,Haakon,27,0,0,44.29299053,-101.539099,46055.0,1421.8009478672986,0.0,27,26,0,0,26,26,1918,1,0,0,1,0
2020-09-30,US,South Dakota,Hamlin,101,0,0,44.67385954,-97.18829593,46057.0,1638.5463984425699,0.0,101,100,0,0,100,99,6111,1,0,0,1,1
2020-09-30,US,South Dakota,Hand,47,0,0,44.54708407,-99.00386459,46059.0,1472.892510184895,0.0,47,43,0,0,43,40,3262,4,0,0,4,3
2020-09-30,US,South Dakota,Hanson,42,0,0,43.6746384,-97.78715148,46061.0,1216.3336229365766,0.0,42,42,0,0,42,40,3376,0,0,0,0,2
2020-09-30,US,South Dakota,Harding,4,0,0,45.58015551,-103.4958629,46063.0,308.1664098613251,0.0,4,4,0,0,4,4,1249,0,0,0,0,0
2020-09-30,US,South Dakota,Hughes,459,5,0,44.39091534,-99.99661148,46065.0,2618.9661074974324,1.0893246187363834,454,453,5,0,448,446,17650,6,0,0,6,7
2020-09-30,US,South Dakota,Hutchinson,105,2,0,43.33449012,-97.75536441,46067.0,1440.1316691811826,1.9047619047619049,103,101,2,0,99,99,7380,4,0,0,4,2
2020-09-30,US,South Dakota,Hyde,20,0,0,44.54747703,-99.48572582,46069.0,1537.279016141429,0.0,20,19,0,0,19,19,1282,1,0,0,1,0
2020-09-30,US,South Dakota,Jackson,36,1,0,43.69318385,-101.6255063,46071.0,1076.5550239234449,2.7777777777777777,35,35,1,0,34,35,3307,1,0,0,1,0
2020-09-30,US,South Dakota,Jerauld,96,1,0,44.06637798,-98.62965972,46073.0,4769.001490312966,1.0416666666666667,95,92,1,0,91,85,2043,4,0,0,4,7
2020-09-30,US,South Dakota,Jones,14,0,0,43.96278565,-100.6940008,46075.0,1550.387596899225,0.0,14,14,0,0,14,13,928,0,0,0,0,1
2020-09-30,US,South Dakota,Kingsbury,59,0,0,44.36956169,-97.4913945,46077.0,1194.5738003644462,0.0,59,57,0,0,57,56,4919,2,0,0,2,1
2020-09-30,US,South Dakota,Lake,201,7,0,44.02193107,-97.12926365,46079.0,1570.6806282722516,3.4825870646766166,194,198,7,0,191,196,13057,3,0,0,3,2
2020-09-30,US,South Dakota,Lawrence,428,5,0,44.35919441,-103.79294279999999,46081.0,1656.0903884847546,1.1682242990654206,423,418,5,0,413,412,25741,10,0,0,10,6
2020-09-30,US,South Dakota,Lincoln,1408,2,0,43.27841182,-96.72039050000001,46083.0,2303.3634341054835,0.14204545454545456,1406,1385,2,0,1383,1363,58807,23,0,0,23,22
2020-09-30,US,South Dakota,Lyman,165,3,0,43.89522709,-99.85201878,46085.0,4363.924887595874,1.818181818181818,162,165,3,0,162,162,3821,0,0,0,0,3
2020-09-30,US,South Dakota,Marshall,43,0,0,45.75870838,-97.59855639,46091.0,871.3272543059778,0.0,43,40,0,0,40,38,5112,3,0,0,3,2
2020-09-30,US,South Dakota,McCook,106,1,0,43.6742571,-97.36863144,46087.0,1897.6011457214465,0.9433962264150944,105,98,1,0,97,97,5546,8,0,0,8,1
2020-09-30,US,South Dakota,McPherson,36,0,0,45.76626028,-99.22118798,46089.0,1513.2408575031525,0.0,36,33,0,0,33,33,2407,3,0,0,3,0
2020-09-30,US,South Dakota,Meade,560,5,0,44.56676791,-102.71627409999999,46093.0,1976.563602993082,0.8928571428571429,555,548,5,0,543,542,28294,12,0,0,12,6
2020-09-30,US,South Dakota,Mellette,32,0,0,43.58078848,-100.7563186,46095.0,1552.6443474041728,0.0,32,31,0,0,31,30,2042,1,0,0,1,1
2020-09-30,US,South Dakota,Miner,25,0,0,44.02197882,-97.60992207,46097.0,1128.158844765343,0.0,25,24,0,0,24,23,2213,1,0,0,1,1
2020-09-30,US,South Dakota,Minnehaha,6816,81,0,43.67441641,-96.7910885,46099.0,3529.155922830781,1.1883802816901408,6735,6732,81,0,6651,6691,192876,84,0,0,84,41
2020-09-30,US,South Dakota,Moody,98,0,0,44.02266214,-96.67081159,46101.0,1490.2676399026764,0.0,98,96,0,0,96,94,6579,2,0,0,2,2
2020-09-30,US,South Dakota,Oglala Lakota,295,3,0,43.33749164,-102.55554980000001,46102.0,2080.8351555336108,1.0169491525423728,292,290,3,0,287,287,14309,5,0,0,5,3
2020-09-30,US,South Dakota,Pennington,2405,37,0,44.0025835,-102.8240777,46103.0,2113.8211382113823,1.5384615384615383,2368,2365,37,0,2328,2328,111729,40,0,0,40,37
2020-09-30,US,South Dakota,Perkins,41,0,0,45.49049506,-102.47555859999999,46105.0,1431.0645724258288,0.0,41,40,0,0,40,40,2922,1,0,0,1,0
2020-09-30,US,South Dakota,Potter,46,0,0,45.06583079,-99.95498503,46107.0,2136.553646075244,0.0,46,46,0,0,46,45,2207,0,0,0,0,1
2020-09-30,US,South Dakota,Roberts,217,1,0,45.62975048,-96.94672673,46109.0,2087.742928612661,0.4608294930875576,216,212,1,0,211,209,10447,5,0,0,5,3
2020-09-30,US,South Dakota,Sanborn,31,0,0,44.02351092,-98.09098159999999,46111.0,1322.5255972696245,0.0,31,29,0,0,29,29,2429,2,0,0,2,0
2020-09-30,US,South Dakota,Spink,140,0,0,44.93837606,-98.34626602,46115.0,2195.7340025094104,0.0,140,137,0,0,137,136,6495,3,0,0,3,1
2020-09-30,US,South Dakota,Stanley,42,0,0,44.41381872,-100.7349153,46117.0,1355.713363460297,0.0,42,42,0,0,42,42,3022,0,0,0,0,0
2020-09-30,US,South Dakota,Sully,13,0,0,44.71571812,-100.1278092,46119.0,934.5794392523364,0.0,13,12,0,0,12,11,1392,1,0,0,1,1
2020-09-30,US,South Dakota,Todd,128,5,0,43.19338568,-100.71955030000001,46121.0,1257.7380367495332,3.90625,123,124,5,0,119,120,10283,4,0,0,4,4
2020-09-30,US,South Dakota,Tripp,164,0,0,43.34459388,-99.8854891,46123.0,3014.1518103289836,0.0,164,162,0,0,162,158,5478,2,0,0,2,4
2020-09-30,US,South Dakota,Turner,168,2,0,43.3109081,-97.14865776,46125.0,2003.8167938931297,1.1904761904761905,166,167,2,0,165,164,8424,1,0,0,1,3
2020-09-30,US,South Dakota,Union,408,7,0,42.83112163,-96.6557828,46127.0,2560.8837559628423,1.7156862745098038,401,404,7,0,397,402,15619,4,0,0,4,2
2020-09-30,US,South Dakota,Walworth,133,1,0,45.43019636,-100.03075140000001,46129.0,2447.1021159153634,0.7518796992481203,132,126,1,0,125,126,5587,7,0,0,7,0
2020-09-30,US,South Dakota,Yankton,435,4,0,43.00924485,-97.39467635,46135.0,1906.723941439467,0.9195402298850576,431,420,4,0,416,417,22869,15,0,0,15,3
2020-09-30,US,South Dakota,Ziebach,63,0,0,44.97881876,-101.6654622,46137.0,2285.921625544267,0.0,63,62,0,0,62,61,2742,1,0,0,1,1
2020-09-30,US,Tennessee,Anderson,1224,13,0,36.12684348,-84.19965764,47001.0,1590.0646938086206,1.062091503267974,1211,1210,13,0,1197,1202,76482,14,0,0,14,8
2020-09-30,US,Tennessee,Bedford,1380,17,0,35.51123746,-86.45549096,47003.0,2775.933860358457,1.2318840579710144,1363,1373,17,0,1356,1370,49038,7,0,0,7,3
2020-09-30,US,Tennessee,Benton,342,8,0,36.07110411,-88.06849355,47005.0,2116.3366336633662,2.3391812865497075,334,341,8,0,333,339,16184,1,0,0,1,2
2020-09-30,US,Tennessee,Bledsoe,864,4,0,35.59942968,-85.20611967,47007.0,5735.528412108338,0.462962962962963,860,862,4,0,858,862,14755,2,0,0,2,0
2020-09-30,US,Tennessee,Blount,2589,24,0,35.68938198,-83.92847788,47009.0,1945.3294061072365,0.9269988412514484,2565,2563,24,0,2539,2548,131349,26,0,0,26,15
2020-09-30,US,Tennessee,Bradley,2988,17,0,35.15739424,-84.857186,47011.0,2763.8516325964288,0.5689424364123159,2971,2972,17,0,2955,2967,106727,16,0,0,16,5
2020-09-30,US,Tennessee,Campbell,467,4,0,36.40355516,-84.15108559999999,47013.0,1172.1299131569701,0.8565310492505354,463,461,4,0,457,456,39583,6,0,0,6,5
2020-09-30,US,Tennessee,Cannon,304,1,0,35.80990797,-86.05738983,47015.0,2071.1268565199616,0.32894736842105265,303,295,0,0,295,295,14462,9,1,0,8,0
2020-09-30,US,Tennessee,Carroll,917,20,0,35.97366108,-88.45189331,47017.0,3302.4813627687545,2.1810250817884405,897,913,20,0,893,905,28020,4,0,0,4,8
2020-09-30,US,Tennessee,Carter,1199,28,0,36.28969086,-82.12588974,47019.0,2126.2258161763402,2.335279399499583,1171,1180,28,0,1152,1179,56351,19,0,0,19,1
2020-09-30,US,Tennessee,Cheatham,828,9,0,36.26136216,-87.08903581,47021.0,2036.0488848452067,1.0869565217391304,819,819,9,0,810,819,40439,9,0,0,9,0
2020-09-30,US,Tennessee,Chester,653,11,0,35.42527478,-88.6095842,47023.0,3775.2211366132856,1.6845329249617151,642,650,11,0,639,646,17276,3,0,0,3,4
2020-09-30,US,Tennessee,Claiborne,449,5,0,36.48319149,-83.65947309,47025.0,1404.9250602334241,1.11358574610245,444,445,5,0,440,442,31756,4,0,0,4,3
2020-09-30,US,Tennessee,Clay,243,5,0,36.55151008,-85.53930419,47027.0,3191.070256073539,2.05761316872428,238,235,5,0,230,234,7717,8,0,0,8,1
2020-09-30,US,Tennessee,Cocke,759,10,0,35.9278914,-83.11828725,47029.0,2108.099100099989,1.3175230566534917,749,753,10,0,743,753,35774,6,0,0,6,0
2020-09-30,US,Tennessee,Coffee,1302,14,0,35.49090731,-86.07311784,47031.0,2303.6093418259024,1.075268817204301,1288,1277,13,0,1264,1255,55700,25,1,0,24,22
2020-09-30,US,Tennessee,Crockett,558,19,0,35.81830662,-89.14916269,47033.0,3921.293042867182,3.4050179211469533,539,544,19,0,525,544,14328,14,0,0,14,0
2020-09-30,US,Tennessee,Cumberland,1223,19,0,35.95271721,-84.99840585,47035.0,2020.8195637805688,1.5535568274734262,1204,1219,19,0,1200,1217,59673,4,0,0,4,2
2020-09-30,US,Tennessee,Davidson,26874,312,0,36.17007426,-86.78646056,47037.0,3871.5309791628247,1.1609734315695468,26562,26797,311,0,26486,26685,692587,77,1,0,76,112
2020-09-30,US,Tennessee,DeKalb,576,14,0,35.97616272,-85.83689361,47041.0,2811.1273792093707,2.430555555555556,562,574,14,0,560,572,20138,2,0,0,2,2
2020-09-30,US,Tennessee,Decatur,538,7,0,35.60048904,-88.11043779,47039.0,4612.878333190432,1.3011152416356877,531,534,7,0,527,531,11706,4,0,0,4,3
2020-09-30,US,Tennessee,Dickson,1297,16,0,36.14669837,-87.35891709,47043.0,2404.1669756061387,1.2336160370084812,1281,1280,15,0,1265,1277,53446,17,1,0,16,3
2020-09-30,US,Tennessee,Dyer,1430,17,0,36.05931946,-89.41542855,47045.0,3848.3274576818535,1.1888111888111887,1413,1420,17,0,1403,1403,37320,10,0,0,10,17
2020-09-30,US,Tennessee,Fayette,1236,21,0,35.19615831,-89.41399032,47047.0,3004.886587411567,1.699029126213592,1215,1227,19,0,1208,1206,40507,9,2,0,7,21
2020-09-30,US,Tennessee,Fentress,588,4,0,36.38128818,-84.92870012,47049.0,3174.431787507423,0.6802721088435374,584,546,3,0,543,527,18217,42,1,0,41,19
2020-09-30,US,Tennessee,Franklin,1010,10,0,35.15634626,-86.09201039,47051.0,2392.9112964366946,0.99009900990099,1000,994,10,0,984,989,41890,16,0,0,16,5
2020-09-30,US,Tennessee,Gibson,1746,25,0,35.99438059,-88.93358327,47053.0,3553.6197667555407,1.4318442153493702,1721,1726,24,0,1702,1713,49045,20,1,0,19,13
2020-09-30,US,Tennessee,Giles,654,17,0,35.20222469,-87.03992678,47055.0,2219.657887591637,2.599388379204893,637,644,17,0,627,637,29503,10,0,0,10,7
2020-09-30,US,Tennessee,Grainger,404,3,0,36.27469206,-83.51254721,47057.0,1732.418524871355,0.7425742574257426,401,394,3,0,391,386,23145,10,0,0,10,8
2020-09-30,US,Tennessee,Greene,1185,46,0,36.17470125,-82.84691273,47059.0,1715.675628719107,3.881856540084388,1139,1169,46,0,1123,1166,69087,16,0,0,16,3
2020-09-30,US,Tennessee,Grundy,326,6,0,35.38433717,-85.72142731,47061.0,2427.9436955388396,1.8404907975460123,320,317,6,0,311,312,13346,9,0,0,9,5
2020-09-30,US,Tennessee,Hamblen,1965,28,0,36.21990035,-83.26586179,47063.0,3026.149628853913,1.4249363867684484,1937,1948,28,0,1920,1943,64569,17,0,0,17,5
2020-09-30,US,Tennessee,Hamilton,9687,95,0,35.17670231,-85.16652245,47065.0,2633.7397091929397,0.9806957778465986,9592,9634,95,0,9539,9564,364286,53,0,0,53,70
2020-09-30,US,Tennessee,Hancock,109,3,0,36.52692871,-83.22375847,47067.0,1646.5256797583081,2.7522935779816518,106,107,3,0,104,107,6549,2,0,0,2,0
2020-09-30,US,Tennessee,Hardeman,1589,26,0,35.20772017,-88.99161161,47069.0,6343.3133732534925,1.6362492133417244,1563,1584,26,0,1558,1583,25220,5,0,0,5,1
2020-09-30,US,Tennessee,Hardin,1077,16,0,35.19732531,-88.18593755,47071.0,4198.503040698581,1.4856081708449396,1061,1055,16,0,1039,1052,25776,22,0,0,22,3
2020-09-30,US,Tennessee,Hawkins,843,20,0,36.44355426,-82.94885298,47073.0,1484.5208325995843,2.372479240806643,823,827,20,0,807,823,56530,16,0,0,16,4
2020-09-30,US,Tennessee,Haywood,1006,23,0,35.58332824,-89.28536625,47075.0,5813.684697179842,2.286282306163022,983,998,21,0,977,992,17335,8,2,0,6,6
2020-09-30,US,Tennessee,Henderson,1195,24,0,35.65581134,-88.38600175,47077.0,4250.097805598037,2.00836820083682,1171,1191,25,0,1166,1191,27847,4,-1,0,5,0
2020-09-30,US,Tennessee,Henry,640,10,0,36.33160906,-88.30121797,47079.0,1978.6674911114544,1.5625,630,630,9,0,621,628,32358,10,1,0,9,2
2020-09-30,US,Tennessee,Hickman,612,8,0,35.80609681,-87.47643507,47081.0,2430.693462546668,1.30718954248366,604,600,8,0,592,599,25063,12,0,0,12,1
2020-09-30,US,Tennessee,Houston,243,2,0,36.28872054,-87.71878828,47083.0,2963.053286184612,0.8230452674897121,241,234,3,0,231,228,8263,9,-1,0,10,6
2020-09-30,US,Tennessee,Humphreys,268,3,0,36.03958805,-87.77992872,47085.0,1442.2559466150033,1.1194029850746268,265,267,3,0,264,263,18486,1,0,0,1,4
2020-09-30,US,Tennessee,Jackson,335,5,0,36.36380466,-85.67239905,47087.0,2842.355336840319,1.492537313432836,330,332,5,0,327,332,11758,3,0,0,3,0
2020-09-30,US,Tennessee,Jefferson,1161,14,0,36.04818632,-83.45148924,47089.0,2130.4706853839803,1.205857019810508,1147,1144,14,0,1130,1134,54012,17,0,0,17,10
2020-09-30,US,Tennessee,Johnson,752,3,0,36.45523950000001,-81.84886538,47091.0,4227.56914774005,0.398936170212766,749,732,3,0,729,729,17778,20,0,0,20,3
2020-09-30,US,Tennessee,Knox,9681,80,0,35.99508821,-83.94635435,47093.0,2058.4164163014843,0.826360913128809,9601,9605,79,0,9526,9550,465289,76,1,0,75,55
2020-09-30,US,Tennessee,Lake,928,2,0,36.34180170000001,-89.48921915,47095.0,13226.90992018244,0.21551724137931036,926,925,2,0,923,925,7411,3,0,0,3,0
2020-09-30,US,Tennessee,Lauderdale,1017,16,0,35.75893438,-89.63015909999999,47097.0,3967.5418405961072,1.5732546705998034,1001,1003,16,0,987,995,25825,14,0,0,14,8
2020-09-30,US,Tennessee,Lawrence,1108,14,0,35.21675201,-87.39787695,47099.0,2510.0811018984186,1.263537906137184,1094,1089,13,0,1076,1077,43734,19,1,0,18,12
2020-09-30,US,Tennessee,Lewis,211,1,0,35.52853208,-87.49022694,47101.0,1719.9217476361264,0.4739336492890995,210,208,1,0,207,207,12086,3,0,0,3,1
2020-09-30,US,Tennessee,Lincoln,646,1,0,35.13738622,-86.58910106,47103.0,1879.7648838968744,0.15479876160990713,645,633,1,0,632,628,34117,13,0,0,13,5
2020-09-30,US,Tennessee,Loudon,1226,7,0,35.73939663,-84.31145275,47105.0,2267.5149811348674,0.5709624796084829,1219,1199,6,0,1193,1190,53054,27,1,0,26,9
2020-09-30,US,Tennessee,Macon,1070,21,0,36.53157855,-86.00778595,47111.0,4349.239899195188,1.9626168224299063,1049,1067,21,0,1046,1068,24265,3,0,0,3,-1
2020-09-30,US,Tennessee,Madison,3063,66,0,35.61181957,-88.84076036,47113.0,3126.0205747877203,2.1547502448579823,2997,2992,65,0,2927,2943,97605,71,1,0,70,49
2020-09-30,US,Tennessee,Marion,555,8,0,35.12997174,-85.62265895,47115.0,1919.950185076279,1.4414414414414414,547,551,8,0,543,538,28575,4,0,0,4,13
2020-09-30,US,Tennessee,Marshall,791,5,0,35.45798777,-86.76420988,47117.0,2301.090909090909,0.6321112515802781,786,781,5,0,776,780,33683,10,0,0,10,1
2020-09-30,US,Tennessee,Maury,2457,26,0,35.618741299999996,-87.07462444,47119.0,2549.0989448784585,1.058201058201058,2431,2427,25,0,2402,2420,94340,30,1,0,29,7
2020-09-30,US,Tennessee,McMinn,1176,26,0,35.42812616,-84.61520715,47107.0,2186.1174108636646,2.2108843537414966,1150,1163,25,0,1138,1150,53285,13,1,0,12,13
2020-09-30,US,Tennessee,McNairy,930,18,0,35.17468549,-88.5647812,47109.0,3619.5220674087336,1.935483870967742,912,925,18,0,907,918,25832,5,0,0,5,7
2020-09-30,US,Tennessee,Meigs,231,3,0,35.51558739,-84.81482914,47121.0,1859.6039285139268,1.2987012987012987,228,232,3,0,229,228,12306,-1,0,0,-1,4
2020-09-30,US,Tennessee,Monroe,1083,19,0,35.44550387,-84.24902965,47123.0,2326.7805349661617,1.7543859649122806,1064,1066,18,0,1048,1058,46357,17,1,0,16,8
2020-09-30,US,Tennessee,Montgomery,3174,46,0,36.49609412,-87.38550661,47125.0,1518.7111530051245,1.4492753623188406,3128,3133,44,0,3089,3123,205950,41,2,0,39,10
2020-09-30,US,Tennessee,Moore,188,1,0,35.27724699,-86.36230578,47127.0,2897.657213316893,0.5319148936170213,187,183,1,0,182,180,6411,5,0,0,5,3
2020-09-30,US,Tennessee,Morgan,325,3,0,36.13248031,-84.64880098,47129.0,1518.478717936738,0.9230769230769232,322,321,3,0,318,321,21579,4,0,0,4,0
2020-09-30,US,Tennessee,Obion,1220,11,0,36.35732446,-89.14921589,47131.0,4057.334796634408,0.9016393442622952,1209,1202,11,0,1191,1200,30267,18,0,0,18,2
2020-09-30,US,Tennessee,Out of TN,2939,27,0,0.0,0.0,80047.0,0.0,0.9186798230690713,2912,2977,27,0,2950,2997,,-38,0,0,-38,-20
2020-09-30,US,Tennessee,Overton,782,6,0,36.34117832,-85.28989535,47133.0,3516.028955532575,0.7672634271099744,776,770,6,0,764,766,22068,12,0,0,12,4
2020-09-30,US,Tennessee,Perry,153,0,0,35.63708728,-87.86139634,47135.0,1894.502228826152,0.0,153,153,0,0,153,153,8064,0,0,0,0,0
2020-09-30,US,Tennessee,Pickett,131,2,0,36.55606529,-85.07763299999998,47137.0,2595.087163232964,1.5267175572519085,129,126,2,0,124,123,5082,5,0,0,5,3
2020-09-30,US,Tennessee,Polk,410,10,0,35.12245443,-84.52075859,47139.0,2435.836501901141,2.4390243902439024,400,407,10,0,397,406,16898,3,0,0,3,1
2020-09-30,US,Tennessee,Putnam,3383,44,0,36.14005459,-85.50646123,47141.0,4215.838993083681,1.300620750812888,3339,3365,41,0,3324,3355,78843,18,3,0,15,10
2020-09-30,US,Tennessee,Rhea,863,15,0,35.60536161,-84.93076643,47143.0,2601.9838996593,1.7381228273464655,848,854,13,0,841,850,33044,9,2,0,7,4
2020-09-30,US,Tennessee,Roane,917,6,0,35.84923189,-84.52458689,47145.0,1717.8075006556514,0.6543075245365322,911,912,6,0,906,909,53140,5,0,0,5,3
2020-09-30,US,Tennessee,Robertson,2255,39,0,36.52454807,-86.87346725,47147.0,3140.099981897428,1.729490022172949,2216,2239,39,0,2200,2231,71012,16,0,0,16,8
2020-09-30,US,Tennessee,Rutherford,9523,92,0,35.84591405,-86.4107263,47149.0,2865.913297320072,0.9660821169799432,9431,9452,90,0,9362,9408,324890,71,2,0,69,44
2020-09-30,US,Tennessee,Scott,225,2,0,36.42325673,-84.50360494,47151.0,1019.5758564437192,0.8888888888888888,223,219,2,0,217,218,22039,6,0,0,6,1
2020-09-30,US,Tennessee,Sequatchie,249,3,0,35.36979721,-85.41022136,47153.0,1657.1276454146146,1.2048192771084338,246,244,1,0,243,242,14876,5,2,0,3,2
2020-09-30,US,Tennessee,Sevier,2677,15,0,35.78077323,-83.52244332,47155.0,2724.6819338422392,0.5603287261860291,2662,2664,15,0,2649,2647,97892,13,0,0,13,17
2020-09-30,US,Tennessee,Shelby,31202,472,0,35.1864775,-89.89692423,47157.0,3329.399487390708,1.512723543362605,30730,31097,466,0,30631,31034,935764,105,6,0,99,63
2020-09-30,US,Tennessee,Smith,745,11,0,36.25359775,-85.95411046,47159.0,3695.986505928461,1.4765100671140938,734,740,11,0,729,734,19942,5,0,0,5,6
2020-09-30,US,Tennessee,Stewart,223,2,0,36.50235092,-87.83920548,47161.0,1625.9569814072186,0.8968609865470852,221,221,2,0,219,219,13561,2,0,0,2,2
2020-09-30,US,Tennessee,Sullivan,2265,33,0,36.51240691,-82.30412917,47163.0,1430.393816151767,1.456953642384106,2232,2231,33,0,2198,2220,157668,34,0,0,34,11
2020-09-30,US,Tennessee,Sumner,4922,98,0,36.46824103,-86.45917204,47165.0,2573.150776598025,1.9910605444941083,4824,4895,98,0,4797,4883,187149,27,0,0,27,12
2020-09-30,US,Tennessee,Tipton,1860,19,0,35.501942,-89.73694895,47167.0,3019.5295378171722,1.021505376344086,1841,1845,19,0,1826,1836,61581,15,0,0,15,9
2020-09-30,US,Tennessee,Trousdale,1675,7,0,36.39026213,-86.16087954,47169.0,14844.026940801134,0.41791044776119396,1668,1669,7,0,1662,1668,11012,6,0,0,6,1
2020-09-30,US,Tennessee,Unassigned,3083,4,0,0.0,0.0,90047.0,0.0,0.12974375608173858,3079,3044,4,0,3040,3047,,39,0,0,39,-3
2020-09-30,US,Tennessee,Unicoi,292,1,0,36.10890856,-82.43709629,47171.0,1632.8356539730469,0.3424657534246575,291,291,1,0,290,288,17761,1,0,0,1,3
2020-09-30,US,Tennessee,Union,382,2,0,36.28590426,-83.83651902,47173.0,1912.677748848388,0.5235602094240838,380,376,2,0,374,371,19688,6,0,0,6,5
2020-09-30,US,Tennessee,Van Buren,167,0,0,35.69864497,-85.45221699,47175.0,2844.0054495912805,0.0,167,166,0,0,166,166,5765,1,0,0,1,0
2020-09-30,US,Tennessee,Warren,1085,7,0,35.672829899999996,-85.77969117,47177.0,2628.5825035734188,0.6451612903225806,1078,1077,7,0,1070,1078,40878,8,0,0,8,-1
2020-09-30,US,Tennessee,Washington,2393,38,0,36.29472368,-82.49454720000001,47179.0,1849.6618357487923,1.5879648976180527,2355,2355,38,0,2317,2337,128607,38,0,0,38,18
2020-09-30,US,Tennessee,Wayne,1505,5,0,35.23868267,-87.78644456,47181.0,9026.569903436692,0.3322259136212625,1500,1501,5,0,1496,1502,16558,4,0,0,4,-1
2020-09-30,US,Tennessee,Weakley,1234,21,0,36.29896232,-88.71990865,47183.0,3702.5924147863648,1.701782820097245,1213,1216,20,0,1196,1212,33415,18,1,0,17,4
2020-09-30,US,Tennessee,White,856,10,0,35.92929884,-85.45591799,47185.0,3130.3711830316333,1.1682242990654206,846,855,10,0,845,849,27107,1,0,0,1,6
2020-09-30,US,Tennessee,Williamson,5423,36,0,35.89099229,-86.89281867,47187.0,2274.633827156352,0.6638392033929559,5387,5366,36,0,5330,5341,231729,57,0,0,57,25
2020-09-30,US,Tennessee,Wilson,3605,47,0,36.15496772,-86.29775884,47189.0,2492.102006816124,1.3037447988904298,3558,3562,47,0,3515,3538,140625,43,0,0,43,24
2020-09-30,US,Texas,Anderson,2832,32,0,31.81534745,-95.65354823,48001.0,4905.170174071187,1.1299435028248588,2800,2824,31,0,2793,2840,58057,8,1,0,7,-16
2020-09-30,US,Texas,Andrews,425,9,0,32.30468633,-102.63765479999999,48003.0,2272.1197540764497,2.117647058823529,416,425,9,0,416,425,18128,0,0,0,0,0
2020-09-30,US,Texas,Angelina,2163,83,0,31.25457347,-94.60901487,48005.0,2494.378135270714,3.837263060564032,2080,2153,82,0,2071,2144,87092,10,1,0,9,9
2020-09-30,US,Texas,Aransas,323,18,0,28.10556197,-96.9995047,48007.0,1373.8834538494255,5.572755417956658,305,323,18,0,305,323,23792,0,0,0,0,0
2020-09-30,US,Texas,Archer,87,1,0,33.61569967,-98.68754589,48009.0,1017.1869519466852,1.1494252873563218,86,87,1,0,86,87,8786,0,0,0,0,0
2020-09-30,US,Texas,Armstrong,13,1,0,34.96507426,-101.35748740000001,48011.0,688.924218335983,7.6923076923076925,12,13,1,0,12,13,1892,0,0,0,0,0
2020-09-30,US,Texas,Atascosa,1147,32,0,28.89333001,-98.52730485,48013.0,2242.2927296541748,2.7898866608544033,1115,1146,32,0,1114,1144,50310,1,0,0,1,2
2020-09-30,US,Texas,Austin,497,9,0,29.88548725,-96.27736949,48015.0,1654.9014384656366,1.8108651911468812,488,499,9,0,490,499,29989,-2,0,0,-2,0
2020-09-30,US,Texas,Bailey,226,5,0,34.06854817,-102.8299707,48017.0,3228.5714285714284,2.2123893805309733,221,224,5,0,219,219,7027,2,0,0,2,5
2020-09-30,US,Texas,Bandera,160,8,0,29.74619598,-99.24598147,48019.0,692.2810661128418,5.0,152,159,8,0,151,157,22824,1,0,0,1,2
2020-09-30,US,Texas,Bastrop,1850,30,0,30.10370699,-97.31206354,48021.0,2085.141395128659,1.6216216216216215,1820,1832,29,0,1803,1818,86976,18,1,0,17,14
2020-09-30,US,Texas,Baylor,20,1,0,33.61640794,-99.21352901,48023.0,569.9629524080933,5.0,19,19,1,0,18,19,3582,1,0,0,1,0
2020-09-30,US,Texas,Bee,1817,34,0,28.41761668,-97.74215593,48025.0,5579.610010747736,1.8712162905888827,1783,1820,33,0,1787,1820,32587,-3,1,0,-4,0
2020-09-30,US,Texas,Bell,5551,86,0,31.03736027,-97.4785025,48027.0,1529.521332289956,1.5492704017294183,5465,5534,85,0,5449,5473,355642,17,1,0,16,61
2020-09-30,US,Texas,Bexar,57832,1313,0,29.44928723,-98.52019748,48029.0,2886.4707414923682,2.270369345690967,56519,57677,1303,0,56374,57208,1986049,155,10,0,145,469
2020-09-30,US,Texas,Blanco,145,5,0,30.26640707,-98.3999852,48031.0,1215.3214315648308,3.4482758620689653,140,144,5,0,139,144,11702,1,0,0,1,0
2020-09-30,US,Texas,Borden,1,0,0,32.74363984,-101.43165090000001,48033.0,152.9051987767584,0.0,1,1,0,0,1,1,648,0,0,0,0,0
2020-09-30,US,Texas,Bosque,339,6,0,31.89978581,-97.63613524,48035.0,1814.2895370618146,1.7699115044247788,333,335,6,0,329,324,18691,4,0,0,4,11
2020-09-30,US,Texas,Bowie,1407,53,0,33.44626922,-94.41834132,48037.0,1508.928092659124,3.766879886282872,1354,1382,53,0,1329,1377,94324,25,0,0,25,5
2020-09-30,US,Texas,Brazoria,11440,167,0,29.18757369,-95.44563172,48039.0,3056.665882906184,1.4597902097902098,11273,11412,167,0,11245,11395,370200,28,0,0,28,17
2020-09-30,US,Texas,Brazos,6492,64,0,30.663644800000004,-96.30205577,48041.0,2832.3248011657383,0.9858287122612446,6428,6453,64,0,6389,6402,226758,39,0,0,39,51
2020-09-30,US,Texas,Brewster,221,4,0,29.81008251,-103.25203259999999,48043.0,2401.390850809519,1.8099547511312215,217,220,3,0,217,218,9267,1,1,0,0,2
2020-09-30,US,Texas,Briscoe,14,1,0,34.53026962,-101.2084947,48045.0,905.5627425614488,7.142857142857142,13,14,1,0,13,12,1516,0,0,0,0,2
2020-09-30,US,Texas,Brooks,320,22,0,27.03103197,-98.21808402,48047.0,4511.490201607218,6.875,298,317,22,0,295,317,7114,3,0,0,3,0
2020-09-30,US,Texas,Brown,586,25,0,31.77430356,-98.99907113,48049.0,1547.6442002957956,4.266211604095563,561,580,25,0,555,570,37924,6,0,0,6,10
2020-09-30,US,Texas,Burleson,345,6,0,30.49273808,-96.62158484,48051.0,1870.6284227078024,1.7391304347826086,339,342,6,0,336,339,18389,3,0,0,3,3
2020-09-30,US,Texas,Burnet,748,12,0,30.78801353,-98.181887,48053.0,1553.3174125220642,1.60427807486631,736,739,12,0,727,729,47542,9,0,0,9,10
2020-09-30,US,Texas,Caldwell,1541,35,0,29.83668859,-97.61814775,48055.0,3529.223158666179,2.2712524334847504,1506,1527,35,0,1492,1523,43247,14,0,0,14,4
2020-09-30,US,Texas,Calhoun,823,8,0,28.47048236,-96.61633945,48057.0,3865.664631282292,0.9720534629404616,815,823,7,0,816,821,21561,0,1,0,-1,2
2020-09-30,US,Texas,Callahan,93,3,0,32.29760619,-99.37326312,48059.0,667.0013626909563,3.2258064516129035,90,94,3,0,91,88,13994,-1,0,0,-1,6
2020-09-30,US,Texas,Cameron,22825,935,0,26.14524221,-97.48140372,48061.0,5393.902586001139,4.096385542168675,21890,22781,926,0,21855,22698,423908,44,9,0,35,83
2020-09-30,US,Texas,Camp,359,11,0,32.97195142,-94.97790104,48063.0,2741.7137620284093,3.064066852367688,348,358,11,0,347,355,13033,1,0,0,1,3
2020-09-30,US,Texas,Carson,28,0,0,35.40365929,-101.35426690000001,48065.0,472.4940938238272,0.0,28,23,0,0,23,23,6005,5,0,0,5,0
2020-09-30,US,Texas,Cass,375,15,0,33.07499881,-94.34646905,48067.0,1248.9176047425565,4.0,360,373,15,0,358,372,30119,2,0,0,2,1
2020-09-30,US,Texas,Castro,262,5,0,34.53016752,-102.2617243,48069.0,3479.4156706507306,1.9083969465648856,257,259,5,0,254,257,7665,3,0,0,3,2
2020-09-30,US,Texas,Chambers,1342,8,0,29.70972016,-94.67154501,48071.0,3061.340876428588,0.5961251862891207,1334,1309,8,0,1301,1309,42454,33,0,0,33,0
2020-09-30,US,Texas,Cherokee,1564,30,0,31.837258000000002,-95.16559897,48073.0,2970.78600463473,1.918158567774936,1534,1561,30,0,1531,1547,52592,3,0,0,3,14
2020-09-30,US,Texas,Childress,74,0,0,34.529304100000004,-100.2077916,48075.0,1012.8661374212976,0.0,74,72,0,0,72,69,7291,2,0,0,2,3
2020-09-30,US,Texas,Clay,79,2,0,33.78686685,-98.20771198,48077.0,754.4647120618853,2.5316455696202533,77,79,2,0,77,90,10456,0,0,0,0,-11
2020-09-30,US,Texas,Cochran,52,1,0,33.60425307,-102.82844990000001,48079.0,1822.6428321065546,1.9230769230769231,51,52,1,0,51,52,2836,0,0,0,0,0
2020-09-30,US,Texas,Coke,53,3,0,31.88911733,-100.5297533,48081.0,1564.8066135222912,5.660377358490566,50,53,3,0,50,53,3370,0,0,0,0,0
2020-09-30,US,Texas,Coleman,79,4,0,31.76736834,-99.45240766,48083.0,966.3608562691134,5.063291139240507,75,77,4,0,73,72,8397,2,0,0,2,5
2020-09-30,US,Texas,Collin,13922,148,0,33.18820114,-96.57264368,48085.0,1345.4717655813595,1.0630656514868553,13774,13825,146,0,13679,13770,1005146,97,2,0,95,55
2020-09-30,US,Texas,Collingsworth,19,0,0,34.96489496,-100.27001109999999,48087.0,650.6849315068494,0.0,19,18,0,0,18,18,2962,1,0,0,1,0
2020-09-30,US,Texas,Colorado,484,4,0,29.622097999999998,-96.5273805,48089.0,2251.895966128507,0.8264462809917356,480,486,4,0,482,486,21217,-2,0,0,-2,0
2020-09-30,US,Texas,Comal,2744,102,0,29.80811278,-98.27647225,48091.0,1756.6209373339566,3.7172011661807587,2642,2744,102,0,2642,2714,148373,0,0,0,0,30
2020-09-30,US,Texas,Comanche,309,4,0,31.94854689,-98.55876441,48093.0,2266.2266226622664,1.2944983818770226,305,309,4,0,305,300,13534,0,0,0,0,9
2020-09-30,US,Texas,Concho,138,2,0,31.32635934,-99.86473038,48095.0,5062.362435803375,1.4492753623188406,136,132,2,0,130,130,4276,6,0,0,6,2
2020-09-30,US,Texas,Cooke,460,6,0,33.63979567,-97.21240912,48097.0,1114.9623094262793,1.3043478260869563,454,461,6,0,455,440,40574,-1,0,0,-1,21
2020-09-30,US,Texas,Coryell,1831,12,0,31.39078397,-97.79936155,48099.0,2410.764835222709,0.6553795740032768,1819,1824,12,0,1812,1816,74808,7,0,0,7,8
2020-09-30,US,Texas,Cottle,29,3,0,34.07783319,-100.27850620000001,48101.0,2074.3919885550786,10.344827586206897,26,29,3,0,26,27,1389,0,0,0,0,2
2020-09-30,US,Texas,Crane,72,2,0,31.43052248,-102.5143314,48103.0,1500.93808630394,2.7777777777777777,70,72,2,0,70,72,4794,0,0,0,0,0
2020-09-30,US,Texas,Crockett,164,7,0,30.72367027,-101.4134238,48105.0,4734.411085450346,4.2682926829268295,157,164,7,0,157,164,3499,0,0,0,0,0
2020-09-30,US,Texas,Crosby,88,3,0,33.61431553,-101.30003640000001,48107.0,1533.9027366219282,3.4090909090909087,85,88,3,0,85,87,5779,0,0,0,0,1
2020-09-30,US,Texas,Culberson,55,2,0,31.44506775,-104.5185739,48109.0,2533.394748963611,3.636363636363636,53,55,2,0,53,54,2204,0,0,0,0,1
2020-09-30,US,Texas,Dallam,257,9,0,36.27787176,-102.60207249999999,48111.0,3526.8285988747084,3.5019455252918283,248,257,9,0,248,249,7200,0,0,0,0,8
2020-09-30,US,Texas,Dallas,82410,1133,0,32.76670599,-96.77796049999999,48113.0,3126.9019045985688,1.374833151316588,81277,82161,1126,0,81035,81372,2637772,249,7,0,242,789
2020-09-30,US,Texas,Dawson,433,10,0,32.74255572,-101.94772420000001,48115.0,3401.948460087995,2.3094688221709005,423,433,10,0,423,433,12619,0,0,0,0,0
2020-09-30,US,Texas,DeWitt,997,39,0,29.08101855,-97.35681170000001,48123.0,4945.436507936508,3.9117352056168495,958,997,38,0,959,996,20187,0,1,0,-1,1
2020-09-30,US,Texas,Deaf Smith,900,22,0,34.96522957,-102.6054267,48117.0,4852.798447104497,2.4444444444444446,878,892,22,0,870,886,18760,8,0,0,8,6
2020-09-30,US,Texas,Delta,28,0,0,33.38570922,-95.66921122,48119.0,525.2297880322641,0.0,28,27,0,0,27,26,5349,1,0,0,1,1
2020-09-30,US,Texas,Denton,12242,152,0,33.20521901,-97.11691153,48121.0,1379.8358218544265,1.241627185100474,12090,12148,152,0,11996,12058,859064,94,0,0,94,90
2020-09-30,US,Texas,Dickens,50,2,0,33.61616822,-100.7788855,48125.0,2261.420171867933,4.0,48,50,2,0,48,49,2249,0,0,0,0,1
2020-09-30,US,Texas,Dimmit,257,7,0,28.42270064,-99.75645095,48127.0,2538.5223231924138,2.723735408560312,250,256,7,0,249,256,10308,1,0,0,1,0
2020-09-30,US,Texas,Donley,66,1,0,34.96517499,-100.8140093,48129.0,2013.4228187919464,1.5151515151515151,65,65,1,0,64,64,3319,1,0,0,1,1
2020-09-30,US,Texas,Duval,448,16,0,27.68184592,-98.50864568,48131.0,4015.416330554809,3.571428571428572,432,441,16,0,425,439,11212,7,0,0,7,2
2020-09-30,US,Texas,Eastland,183,4,0,32.32743996,-98.83243566,48133.0,996.7320261437908,2.1857923497267757,179,182,3,0,179,171,18322,1,1,0,0,11
2020-09-30,US,Texas,Ector,4905,99,0,31.86898877,-102.54294279999999,48135.0,2950.855176479789,2.018348623853211,4806,4873,99,0,4774,4851,162124,32,0,0,32,22
2020-09-30,US,Texas,Edwards,67,2,0,29.98202582,-100.304252,48137.0,3467.9089026915112,2.985074626865672,65,67,1,0,66,67,1928,0,1,0,-1,0
2020-09-30,US,Texas,El Paso,24446,526,0,31.76980765,-106.23632749999999,48141.0,2912.880493971912,2.1516812566473043,23920,24170,523,0,23647,23905,840758,276,3,0,273,265
2020-09-30,US,Texas,Ellis,4451,68,0,32.34894117,-96.79371841,48139.0,2408.2109659896337,1.5277465738036395,4383,4450,68,0,4382,4398,179436,1,0,0,1,52
2020-09-30,US,Texas,Erath,883,12,0,32.23602653,-98.21773417,48143.0,2068.012553281184,1.359003397508494,871,880,12,0,868,847,42446,3,0,0,3,33
2020-09-30,US,Texas,Falls,288,5,0,31.25350609,-96.93630086,48145.0,1665.0286176793666,1.7361111111111112,283,282,5,0,277,279,17335,6,0,0,6,3
2020-09-30,US,Texas,Fannin,695,15,0,33.59564294,-96.10751083,48147.0,1956.974714197218,2.1582733812949644,680,691,15,0,676,679,35286,4,0,0,4,12
2020-09-30,US,Texas,Fayette,609,21,0,29.87788372,-96.92076062,48149.0,2402.745995423341,3.4482758620689653,588,604,20,0,584,597,25349,5,1,0,4,7
2020-09-30,US,Texas,Fisher,66,3,0,32.74281316,-100.40193020000001,48151.0,1723.237597911227,4.545454545454546,63,66,3,0,63,66,3839,0,0,0,0,0
2020-09-30,US,Texas,Floyd,111,9,0,34.07227468,-101.3031546,48153.0,1943.2773109243692,8.108108108108109,102,111,9,0,102,111,5837,0,0,0,0,0
2020-09-30,US,Texas,Foard,13,0,0,33.97308618,-99.7767797,48155.0,1125.5411255411254,0.0,13,13,0,0,13,9,1200,0,0,0,0,4
2020-09-30,US,Texas,Fort Bend,16472,290,0,29.52704478,-95.77219463,48157.0,2029.3511792708528,1.7605633802816902,16182,16387,288,0,16099,16295,787858,85,2,0,83,92
2020-09-30,US,Texas,Franklin,135,6,0,33.17653242,-95.21917243,48159.0,1258.7412587412587,4.4444444444444455,129,134,6,0,128,134,10766,1,0,0,1,0
2020-09-30,US,Texas,Freestone,415,2,0,31.70422788,-96.15072516,48161.0,2104.7826748491148,0.4819277108433735,413,414,2,0,412,410,19808,1,0,0,1,4
2020-09-30,US,Texas,Frio,979,9,0,28.86751206,-99.10804207,48163.0,4821.235102925244,0.919305413687436,970,977,9,0,968,975,19816,2,0,0,2,2
2020-09-30,US,Texas,Gaines,343,9,0,32.74055318,-102.6353295,48165.0,1595.9426763446866,2.623906705539359,334,343,9,0,334,343,20901,0,0,0,0,0
2020-09-30,US,Texas,Galveston,11670,159,0,29.40167322,-94.90469073,48167.0,3410.894402567377,1.3624678663239074,11511,11636,158,0,11478,11604,337890,34,1,0,33,32
2020-09-30,US,Texas,Garza,105,4,0,33.17969345,-101.2984114,48169.0,1685.6638304703806,3.809523809523809,101,105,4,0,101,105,6578,0,0,0,0,0
2020-09-30,US,Texas,Gillespie,314,10,0,30.31824095,-98.94676915,48171.0,1163.4800652141694,3.1847133757961785,304,314,10,0,304,312,26804,0,0,0,0,2
2020-09-30,US,Texas,Glasscock,9,0,0,31.86942909,-101.5207776,48173.0,638.7508871540099,0.0,9,9,0,0,9,9,1388,0,0,0,0,0
2020-09-30,US,Texas,Goliad,155,6,0,28.65696592,-97.42760647,48175.0,2024.0271611386786,3.870967741935484,149,154,6,0,148,154,7584,1,0,0,1,0
2020-09-30,US,Texas,Gonzales,1058,18,0,29.45634206,-97.49424032,48177.0,5077.506358880837,1.7013232514177694,1040,1058,18,0,1040,1058,20826,0,0,0,0,0
2020-09-30,US,Texas,Gray,317,6,0,35.40081878,-100.8129222,48179.0,1448.414511559901,1.892744479495268,311,314,6,0,308,310,21895,3,0,0,3,4
2020-09-30,US,Texas,Grayson,1908,47,0,33.62744998,-96.67753461,48181.0,1400.7576424984586,2.4633123689727463,1861,1891,46,0,1845,1866,133991,17,1,0,16,25
2020-09-30,US,Texas,Gregg,2265,67,0,32.47940482,-94.81591935,48183.0,1827.4234539513488,2.958057395143488,2198,2241,66,0,2175,2225,123707,24,1,0,23,16
2020-09-30,US,Texas,Grimes,1090,32,0,30.54579585,-95.98902499,48185.0,3774.238227146815,2.9357798165137616,1058,1091,32,0,1059,1087,28360,-1,0,0,-1,4
2020-09-30,US,Texas,Guadalupe,3597,76,0,29.58165339,-97.94786822,48187.0,2155.867351525649,2.11287183764248,3521,3574,76,0,3498,3560,163694,23,0,0,23,14
2020-09-30,US,Texas,Hale,1909,56,0,34.07044901,-101.82681140000001,48189.0,5714.542297790816,2.933473022524882,1853,1880,56,0,1824,1865,33830,29,0,0,29,15
2020-09-30,US,Texas,Hall,34,1,0,34.5307555,-100.68138520000001,48191.0,1147.098515519568,2.9411764705882355,33,31,1,0,30,28,3028,3,0,0,3,3
2020-09-30,US,Texas,Hamilton,145,4,0,31.70470573,-98.11083887,48193.0,1713.7454201631012,2.7586206896551726,141,144,4,0,140,137,8484,1,0,0,1,7
2020-09-30,US,Texas,Hansford,125,5,0,36.27743284,-101.3545796,48195.0,2315.243563622893,4.0,120,119,5,0,114,114,5463,6,0,0,6,5
2020-09-30,US,Texas,Hardeman,30,0,0,34.28944521,-99.74632408,48197.0,762.7765064836003,0.0,30,30,0,0,30,25,3922,0,0,0,0,5
2020-09-30,US,Texas,Hardin,1350,32,0,30.33364686,-94.38931817,48199.0,2343.66862261727,2.3703703703703702,1318,1342,30,0,1312,1342,57207,8,2,0,6,0
2020-09-30,US,Texas,Harris,142681,2599,0,29.85864939,-95.39339521,48201.0,3027.1835699850953,1.8215459661762956,140082,142315,2588,0,139727,141707,4698619,366,11,0,355,608
2020-09-30,US,Texas,Harrison,905,32,0,32.54935988,-94.36934071,48203.0,1359.8184905263474,3.5359116022099446,873,898,32,0,866,896,66726,7,0,0,7,2
2020-09-30,US,Texas,Hartley,135,0,0,35.84008013,-102.6029022,48205.0,2421.090387374462,0.0,135,133,0,0,133,130,5619,2,0,0,2,3
2020-09-30,US,Texas,Haskell,69,2,0,33.17823584,-99.73037358,48207.0,1219.5121951219512,2.898550724637681,67,69,2,0,67,65,5813,0,0,0,0,4
2020-09-30,US,Texas,Hays,5940,65,0,30.05669873,-98.02944344,48209.0,2580.465787107228,1.0942760942760943,5875,5926,63,0,5863,5916,222631,14,2,0,12,10
2020-09-30,US,Texas,Hemphill,74,0,0,35.83764858,-100.2703577,48211.0,1937.6800209478922,0.0,74,73,0,0,73,73,3825,1,0,0,1,0
2020-09-30,US,Texas,Henderson,984,23,0,32.21128872,-95.85846587,48213.0,1189.3107074223144,2.3373983739837403,961,973,23,0,950,963,82299,11,0,0,11,10
2020-09-30,US,Texas,Hidalgo,31984,1698,0,26.39418217,-98.18299696,48215.0,3681.793746337948,5.3089044522261135,30286,31835,1681,0,30154,31677,865939,149,17,0,132,158
2020-09-30,US,Texas,Hill,692,14,0,31.99045053,-97.13423143,48217.0,1888.1824879260007,2.0231213872832368,678,670,14,0,656,650,36354,22,0,0,22,20
2020-09-30,US,Texas,Hockley,360,9,0,33.60771256,-102.3431676,48219.0,1563.789583423831,2.5,351,356,8,0,348,351,22980,4,1,0,3,5
2020-09-30,US,Texas,Hood,969,28,0,32.42990927,-97.83242024,48221.0,1571.9546420518145,2.8895768833849327,941,966,27,0,939,945,60537,3,1,0,2,21
2020-09-30,US,Texas,Hopkins,364,8,0,33.14875072,-95.56351139,48223.0,981.5553877683096,2.1978021978021984,356,360,8,0,352,354,36810,4,0,0,4,6
2020-09-30,US,Texas,Houston,374,11,0,31.31925973,-95.42226208,48225.0,1628.352490421456,2.9411764705882355,363,373,11,0,362,373,23169,1,0,0,1,0
2020-09-30,US,Texas,Howard,823,16,0,32.30621324,-101.4356444,48227.0,2244.708706087716,1.9441069258809236,807,823,16,0,807,757,36459,0,0,0,0,66
2020-09-30,US,Texas,Hudspeth,52,3,0,31.45628381,-105.388178,48229.0,1064.2652476463363,5.769230769230768,49,49,3,0,46,47,4795,3,0,0,3,2
2020-09-30,US,Texas,Hunt,1662,38,0,33.12351514,-96.08551032,48231.0,1685.7009554333936,2.2864019253910954,1624,1632,37,0,1595,1632,96493,30,1,0,29,0
2020-09-30,US,Texas,Hutchinson,224,5,0,35.84006574,-101.3546643,48233.0,1069.825198204222,2.232142857142857,219,221,5,0,216,211,21198,3,0,0,3,10
2020-09-30,US,Texas,Irion,10,0,0,31.30375559,-100.982439,48235.0,651.0416666666666,0.0,10,10,0,0,10,10,1522,0,0,0,0,0
2020-09-30,US,Texas,Jack,140,3,0,33.23377248,-98.17283469,48237.0,1566.8718522663685,2.142857142857143,137,141,2,0,139,133,8843,-1,1,0,-2,8
2020-09-30,US,Texas,Jackson,607,16,0,28.95472367,-96.57749563,48239.0,4112.466124661247,2.6359143327841843,591,608,16,0,592,606,14874,-1,0,0,-1,2
2020-09-30,US,Texas,Jasper,480,26,0,30.74685667,-94.02667579,48241.0,1351.0090348729207,5.416666666666668,454,480,26,0,454,473,35872,0,0,0,0,7
2020-09-30,US,Texas,Jeff Davis,14,0,0,30.71490589,-104.1399973,48243.0,615.6552330694811,0.0,14,14,0,0,14,14,2252,0,0,0,0,0
2020-09-30,US,Texas,Jefferson,7511,134,0,29.8832777,-94.16434171,48245.0,2985.7094587879883,1.784050059912129,7377,7459,133,0,7326,7402,255001,52,1,0,51,57
2020-09-30,US,Texas,Jim Hogg,111,3,0,27.04453923,-98.69681870000001,48247.0,2134.6153846153848,2.702702702702702,108,108,3,0,105,108,5248,3,0,0,3,0
2020-09-30,US,Texas,Jim Wells,1485,37,0,27.73103938,-98.0904705,48249.0,3668.297020898177,2.491582491582492,1448,1475,37,0,1438,1474,40822,10,0,0,10,1
2020-09-30,US,Texas,Johnson,3113,50,0,32.37877812,-97.36615819,48251.0,1770.5910122456876,1.6061676839061998,3063,3102,50,0,3052,3011,171361,11,0,0,11,91
2020-09-30,US,Texas,Jones,577,0,0,32.73997145,-99.87861576,48253.0,2873.0767315640087,0.0,577,577,0,0,577,575,19817,0,0,0,0,2
2020-09-30,US,Texas,Karnes,940,16,0,28.90705334,-97.85960149,48255.0,6025.254791359527,1.702127659574468,924,937,16,0,921,937,15650,3,0,0,3,0
2020-09-30,US,Texas,Kaufman,3184,47,0,32.599141700000004,-96.28734728,48257.0,2338.5284310413213,1.4761306532663316,3137,3193,47,0,3146,3136,128622,-9,0,0,-9,57
2020-09-30,US,Texas,Kendall,339,8,0,29.94414155,-98.7113588,48259.0,714.7224389112607,2.359882005899705,331,334,7,0,327,328,45641,5,1,0,4,6
2020-09-30,US,Texas,Kenedy,7,2,0,26.92601662,-97.66413984,48261.0,1732.6732673267327,28.57142857142857,5,7,2,0,5,7,442,0,0,0,0,0
2020-09-30,US,Texas,Kent,9,0,0,33.18104136,-100.7780939,48263.0,1181.1023622047244,0.0,9,9,0,0,9,9,726,0,0,0,0,0
2020-09-30,US,Texas,Kerr,592,10,0,30.06040006,-99.34930144,48265.0,1125.4752851711028,1.6891891891891893,582,592,10,0,582,591,52405,0,0,0,0,1
2020-09-30,US,Texas,Kimble,16,1,0,30.48678918,-99.74856473,48267.0,368.9186073322573,6.25,15,16,1,0,15,16,4362,0,0,0,0,0
2020-09-30,US,Texas,Kinney,44,1,0,29.34967888,-100.41866379999999,48271.0,1199.890919007363,2.272727272727273,43,44,1,0,43,44,3767,0,0,0,0,0
2020-09-30,US,Texas,Kleberg,1003,44,0,27.42435506,-97.69894948,48273.0,3269.230769230769,4.3868394815553335,959,1003,43,0,960,1001,31129,0,1,0,-1,2
2020-09-30,US,Texas,Knox,95,8,0,33.60519951,-99.74229059999999,48275.0,2592.794759825328,8.421052631578947,87,92,8,0,84,73,3653,3,0,0,3,19
2020-09-30,US,Texas,La Salle,357,11,0,28.34453111,-99.09908775,48283.0,4747.340425531916,3.0812324929971986,346,357,11,0,346,362,7531,0,0,0,0,-5
2020-09-30,US,Texas,Lamar,1220,35,0,33.66981763,-95.57404777,48277.0,2446.9002587296177,2.8688524590163933,1185,1199,35,0,1164,1161,49728,21,0,0,21,38
2020-09-30,US,Texas,Lamb,337,23,0,34.06859623,-102.35162890000001,48279.0,2613.8214535019,6.824925816023739,314,336,22,0,314,336,13158,1,1,0,0,0
2020-09-30,US,Texas,Lampasas,261,8,0,31.19531316,-98.24206613,48281.0,1218.0324808661564,3.0651340996168583,253,254,8,0,246,250,21229,7,0,0,7,4
2020-09-30,US,Texas,Lavaca,988,35,0,29.38508402,-96.93186692,48285.0,4902.2526545598885,3.5425101214574903,953,986,35,0,951,981,20110,2,0,0,2,5
2020-09-30,US,Texas,Lee,228,14,0,30.31120597,-96.97045773,48287.0,1322.5825163872614,6.140350877192982,214,226,14,0,212,221,17144,2,0,0,2,5
2020-09-30,US,Texas,Leon,249,6,0,31.29872538,-95.9936328,48289.0,1430.7055849230062,2.409638554216868,243,244,6,0,238,240,17270,5,0,0,5,4
2020-09-30,US,Texas,Liberty,2254,51,0,30.15152688,-94.81205615,48291.0,2555.005157619107,2.2626441881100265,2203,2260,51,0,2209,2256,86323,-6,0,0,-6,4
2020-09-30,US,Texas,Limestone,575,14,0,31.5454767,-96.58095444,48293.0,2453.385672227674,2.4347826086956523,561,572,14,0,558,568,23519,3,0,0,3,4
2020-09-30,US,Texas,Lipscomb,32,1,0,36.27783108,-100.27331509999999,48295.0,989.7927621404268,3.125,31,32,0,0,32,32,3355,0,1,0,-1,0
2020-09-30,US,Texas,Live Oak,374,9,0,28.35101362,-98.1246786,48297.0,3063.815843368559,2.406417112299465,365,374,9,0,365,374,12166,0,0,0,0,0
2020-09-30,US,Texas,Llano,132,2,0,30.70645047,-98.68475262,48299.0,605.6434962147282,1.5151515151515151,130,128,2,0,126,124,21646,4,0,0,4,4
2020-09-30,US,Texas,Lubbock,11952,126,0,33.61008596,-101.82047890000001,48303.0,3848.4201578393213,1.0542168674698795,11826,11764,126,0,11638,11422,307412,188,0,0,188,342
2020-09-30,US,Texas,Lynn,99,5,0,33.17657705,-101.8162849,48305.0,1663.5859519408502,5.05050505050505,94,99,5,0,94,99,5877,0,0,0,0,0
2020-09-30,US,Texas,Madison,721,6,0,30.96694679,-95.93003775,48313.0,5047.605712685522,0.8321775312066574,715,719,6,0,713,722,14422,2,0,0,2,-3
2020-09-30,US,Texas,Marion,150,14,0,32.79868409,-94.35661230000001,48315.0,1522.224477369596,9.333333333333334,136,150,14,0,136,150,9928,0,0,0,0,0
2020-09-30,US,Texas,Martin,77,6,0,32.30600051,-101.9513518,48317.0,1334.2574943683935,7.792207792207793,71,77,6,0,71,77,5753,0,0,0,0,0
2020-09-30,US,Texas,Mason,77,2,0,30.71780434,-99.22629416,48319.0,1801.5910154422088,2.5974025974025974,75,77,2,0,75,77,4280,0,0,0,0,0
2020-09-30,US,Texas,Matagorda,1041,48,0,28.81955746,-96.01230294,48321.0,2840.924596785197,4.610951008645533,993,1036,48,0,988,1035,36552,5,0,0,5,1
2020-09-30,US,Texas,Maverick,3712,124,0,28.7429195,-100.3157686,48323.0,6321.310582064643,3.3405172413793105,3588,3712,124,0,3588,3712,58485,0,0,0,0,0
2020-09-30,US,Texas,McCulloch,159,4,0,31.1925468,-99.34682807,48307.0,1991.482965931864,2.5157232704402515,155,156,4,0,152,155,7987,3,0,0,3,1
2020-09-30,US,Texas,McLennan,8122,105,0,31.55255453,-97.20217694,48309.0,3164.9540376349737,1.2927850283181483,8017,8061,104,0,7957,8000,254607,61,1,0,60,61
2020-09-30,US,Texas,McMullen,24,1,0,28.35251708,-98.56769164,48311.0,3230.1480484522212,4.166666666666667,23,24,1,0,23,24,749,0,0,0,0,0
2020-09-30,US,Texas,Medina,1223,46,0,29.355730100000002,-99.11030298,48325.0,2370.890198511166,3.7612428454619784,1177,1207,45,0,1162,1198,50921,16,1,0,15,9
2020-09-30,US,Texas,Menard,26,0,0,30.88990665,-99.82047940000001,48327.0,1216.0898035547239,0.0,26,26,0,0,26,26,2139,0,0,0,0,0
2020-09-30,US,Texas,Midland,3890,85,0,31.86904128,-102.03156820000001,48329.0,2199.8280854144045,2.185089974293059,3805,3857,85,0,3772,3759,172578,33,0,0,33,98
2020-09-30,US,Texas,Milam,501,6,0,30.78581830000001,-96.97718698,48331.0,2018.2894895862707,1.1976047904191616,495,498,6,0,492,498,25131,3,0,0,3,0
2020-09-30,US,Texas,Mills,59,0,0,31.49557106,-98.59272068,48333.0,1210.7531294890214,0.0,59,59,0,0,59,59,4921,0,0,0,0,0
2020-09-30,US,Texas,Mitchell,92,1,0,32.30623474,-100.9212058,48335.0,1076.6530134581626,1.0869565217391304,91,91,1,0,90,90,8145,1,0,0,1,1
2020-09-30,US,Texas,Montague,188,4,0,33.67521893,-97.72500958,48337.0,948.632556261984,2.127659574468085,184,187,4,0,183,180,19596,1,0,0,1,7
2020-09-30,US,Texas,Montgomery,11092,159,0,30.30079133,-95.50572772,48339.0,1826.1712801144567,1.4334655607645148,10933,10996,158,0,10838,10912,590925,96,1,0,95,84
2020-09-30,US,Texas,Moore,1183,22,0,35.83769242,-101.8930281,48341.0,5649.474689589303,1.8596787827557055,1161,1182,22,0,1160,1174,21485,1,0,0,1,8
2020-09-30,US,Texas,Morris,189,3,0,33.11304005,-94.73255695,48343.0,1525.6700032289316,1.5873015873015872,186,188,3,0,185,186,12339,1,0,0,1,2
2020-09-30,US,Texas,Motley,9,0,0,34.07408766,-100.77972199999999,48345.0,750.0,0.0,9,9,0,0,9,9,1234,0,0,0,0,0
2020-09-30,US,Texas,Nacogdoches,1626,63,0,31.62017125,-94.61803994,48347.0,2493.712042206,3.8745387453874534,1563,1614,63,0,1551,1599,65711,12,0,0,12,15
2020-09-30,US,Texas,Navarro,1303,27,0,32.04620681,-96.47428766,48349.0,2600.123720391914,2.0721412125863394,1276,1294,27,0,1267,1283,49565,9,0,0,9,11
2020-09-30,US,Texas,Newton,181,11,0,30.78548982,-93.74408813,48351.0,1331.3718278778965,6.077348066298343,170,181,10,0,171,180,13746,0,1,0,-1,1
2020-09-30,US,Texas,Nolan,262,5,0,32.30365282,-100.4060208,48353.0,1780.6170993611527,1.9083969465648856,257,260,5,0,255,256,14751,2,0,0,2,4
2020-09-30,US,Texas,Nueces,20541,417,0,27.736286,-97.5433285,48355.0,5669.704714955257,2.0300861691251644,20124,20534,417,0,20117,20472,362265,7,0,0,7,62
2020-09-30,US,Texas,Ochiltree,140,5,0,36.27829105,-100.8158184,48357.0,1423.3428222854818,3.571428571428572,135,137,5,0,132,137,9947,3,0,0,3,0
2020-09-30,US,Texas,Oldham,18,1,0,35.40425596,-102.6027606,48359.0,852.2727272727273,5.5555555555555545,17,18,1,0,17,17,2131,0,0,0,0,1
2020-09-30,US,Texas,Orange,2008,44,0,30.11879481,-93.89412775,48361.0,2407.7893424145045,2.191235059760956,1964,1981,43,0,1938,1996,83572,27,1,0,26,-15
2020-09-30,US,Texas,Palo Pinto,581,15,0,32.75310985,-98.31319001,48363.0,1990.4758641954159,2.5817555938037864,566,582,15,0,567,561,28875,-1,0,0,-1,21
2020-09-30,US,Texas,Panola,388,26,0,32.163959600000005,-94.30552481,48365.0,1672.8464257997755,6.7010309278350535,362,386,26,0,360,386,23148,2,0,0,2,0
2020-09-30,US,Texas,Parker,2025,34,0,32.77757172,-97.80500621,48367.0,1417.2930752110192,1.6790123456790125,1991,2019,34,0,1985,1967,138371,6,0,0,6,52
2020-09-30,US,Texas,Parmer,443,8,0,34.52993409,-102.78446679999999,48369.0,4612.1811556481,1.8058690744920995,435,439,7,0,432,433,9864,4,1,0,3,6
2020-09-30,US,Texas,Pecos,377,5,0,30.78097267,-102.72412609999999,48371.0,2382.607596536687,1.326259946949602,372,376,5,0,371,368,15673,1,0,0,1,8
2020-09-30,US,Texas,Polk,863,22,0,30.79472531,-94.82766240000001,48373.0,1680.5249936712555,2.5492468134414827,841,856,22,0,834,855,50031,7,0,0,7,1
2020-09-30,US,Texas,Potter,5989,70,0,35.40133773,-101.893964,48375.0,5100.711152748797,1.1688094840540992,5919,5938,70,0,5868,4881,119648,51,0,0,51,1057
2020-09-30,US,Texas,Presidio,97,7,0,29.99954402,-104.24080790000001,48377.0,1446.8973747016707,7.216494845360825,90,97,6,0,91,97,6948,0,1,0,-1,0
2020-09-30,US,Texas,Rains,71,4,0,32.87109387,-95.79232691,48379.0,567.3645517020936,5.633802816901407,67,69,3,0,66,68,12159,2,1,0,1,1
2020-09-30,US,Texas,Randall,2982,42,0,34.96585996,-101.8971322,48381.0,2165.3729132325925,1.4084507042253518,2940,2918,41,0,2877,2833,136271,64,1,0,63,85
2020-09-30,US,Texas,Reagan,87,6,0,31.36607041,-101.52326590000001,48383.0,2260.327357755261,6.896551724137932,81,87,6,0,81,87,3741,0,0,0,0,0
2020-09-30,US,Texas,Real,118,7,0,29.83321503,-99.82018052,48385.0,3418.308227114717,5.932203389830509,111,118,7,0,111,118,3478,0,0,0,0,0
2020-09-30,US,Texas,Red River,164,14,0,33.61886692,-95.04841765,48387.0,1364.0522332196624,8.536585365853659,150,162,14,0,148,162,12175,2,0,0,2,0
2020-09-30,US,Texas,Reeves,200,6,0,31.32323325,-103.69038959999999,48389.0,1251.8778167250875,3.0,194,199,6,0,193,196,15695,1,0,0,1,3
2020-09-30,US,Texas,Refugio,308,14,0,28.323897600000002,-97.15766311,48391.0,4432.930339666091,4.545454545454546,294,307,14,0,293,307,7032,1,0,0,1,0
2020-09-30,US,Texas,Roberts,11,0,0,35.83809685,-100.813175,48393.0,1288.0562060889931,0.0,11,10,0,0,10,9,903,1,0,0,1,1
2020-09-30,US,Texas,Robertson,315,3,0,31.02539637,-96.51272246,48395.0,1844.9103900667685,0.9523809523809524,312,313,3,0,310,309,17284,2,0,0,2,4
2020-09-30,US,Texas,Rockwall,1656,27,0,32.89779518,-96.40771592,48397.0,1578.4206262212267,1.6304347826086956,1629,1662,26,0,1636,1629,100657,-6,1,0,-7,33
2020-09-30,US,Texas,Runnels,278,6,0,31.8314342,-99.97616148,48399.0,2708.495713172253,2.1582733812949644,272,278,6,0,272,270,10234,0,0,0,0,8
2020-09-30,US,Texas,Rusk,972,11,0,32.10773545,-94.76176432,48401.0,1786.5676579788994,1.131687242798354,961,964,11,0,953,962,54450,8,0,0,8,2
2020-09-30,US,Texas,Sabine,81,8,0,31.34318809,-93.85440451,48403.0,768.3551508252704,9.876543209876543,73,81,8,0,73,78,10589,0,0,0,0,3
2020-09-30,US,Texas,San Augustine,204,15,0,31.39457611,-94.17000399,48405.0,2476.6298409615147,7.352941176470589,189,202,15,0,187,201,8232,2,0,0,2,1
2020-09-30,US,Texas,San Jacinto,227,9,0,30.57933681,-95.16260304,48407.0,786.5830416854361,3.9647577092511015,218,227,9,0,218,227,28719,0,0,0,0,0
2020-09-30,US,Texas,San Patricio,1466,77,0,28.00880118,-97.51763891,48409.0,2196.9129327139217,5.252387448840382,1389,1466,76,0,1390,1466,66893,0,1,0,-1,0
2020-09-30,US,Texas,San Saba,66,0,0,31.1577796,-98.81758731,48411.0,1090.0082576383154,0.0,66,65,0,0,65,65,6054,1,0,0,1,0
2020-09-30,US,Texas,Schleicher,53,2,0,30.89740592,-100.5384842,48413.0,1897.6011457214465,3.7735849056603774,51,53,2,0,51,53,2895,0,0,0,0,0
2020-09-30,US,Texas,Scurry,646,4,0,32.74613808,-100.91626640000001,48415.0,3867.568700233491,0.6191950464396285,642,646,4,0,642,646,16866,0,0,0,0,0
2020-09-30,US,Texas,Shackelford,30,0,0,32.73587756,-99.35401337,48417.0,918.8361408882083,0.0,30,34,0,0,34,25,3253,-4,0,0,-4,9
2020-09-30,US,Texas,Shelby,483,27,0,31.79211404,-94.14550696,48419.0,1911.0548389649439,5.590062111801243,456,480,27,0,453,480,25418,3,0,0,3,0
2020-09-30,US,Texas,Sherman,66,0,0,36.27751473,-101.8933156,48421.0,2183.9841164791533,0.0,66,66,0,0,66,63,3079,0,0,0,0,3
2020-09-30,US,Texas,Smith,3819,106,0,32.37474036,-95.27175679999999,48423.0,1640.8092768666947,2.7755957056821154,3713,3812,105,0,3707,3766,230221,7,1,0,6,46
2020-09-30,US,Texas,Somervell,146,5,0,32.22236802,-97.77403489,48425.0,1599.4741454864154,3.4246575342465757,141,145,5,0,140,143,9016,1,0,0,1,2
2020-09-30,US,Texas,Starr,3432,169,0,26.56150059,-98.73892358,48427.0,5309.980969473798,4.924242424242424,3263,3413,167,0,3246,3409,64525,19,2,0,17,4
2020-09-30,US,Texas,Stephens,137,4,0,32.73553157,-98.83631615,48429.0,1462.73756139227,2.9197080291970803,133,136,4,0,132,134,9433,1,0,0,1,2
2020-09-30,US,Texas,Sterling,5,0,0,31.82781912,-101.05007459999999,48431.0,387.29666924864443,0.0,5,5,0,0,5,5,1311,0,0,0,0,0
2020-09-30,US,Texas,Stonewall,14,1,0,33.17906744,-100.25384009999999,48433.0,1037.037037037037,7.142857142857142,13,14,1,0,13,14,1362,0,0,0,0,0
2020-09-30,US,Texas,Sutton,84,3,0,30.49856623,-100.5382014,48435.0,2224.576271186441,3.571428571428572,81,84,3,0,81,81,3758,0,0,0,0,3
2020-09-30,US,Texas,Swisher,107,3,0,34.53028891,-101.73491740000001,48437.0,1446.5323779910775,2.803738317757009,104,106,3,0,103,109,7462,1,0,0,1,-3
2020-09-30,US,Texas,Tarrant,50417,721,0,32.77143818,-97.29101614,48439.0,2397.937707935497,1.4300731895987464,49696,47917,719,0,47198,47917,2084931,2500,2,0,2498,0
2020-09-30,US,Texas,Taylor,1508,56,0,32.30163422,-99.89007449,48441.0,1092.4844603503484,3.713527851458886,1452,1508,55,0,1453,1485,137640,0,1,0,-1,23
2020-09-30,US,Texas,Terrell,3,0,0,30.22429013,-102.0766732,48443.0,386.59793814432993,0.0,3,3,0,0,3,3,823,0,0,0,0,0
2020-09-30,US,Texas,Terry,242,4,0,33.17402785,-102.3354521,48445.0,1961.5789900299912,1.6528925619834711,238,242,4,0,238,242,12287,0,0,0,0,0
2020-09-30,US,Texas,Throckmorton,8,2,0,33.17751417,-99.21226795,48447.0,532.9780146568954,25.0,6,8,2,0,6,8,1515,0,0,0,0,0
2020-09-30,US,Texas,Titus,1600,28,0,33.21339719,-94.96797273,48449.0,4885.496183206107,1.75,1572,1600,28,0,1572,1600,33033,0,0,0,0,0
2020-09-30,US,Texas,Tom Green,3740,69,0,31.40464436,-100.46244300000001,48451.0,3137.583892617449,1.8449197860962567,3671,3718,69,0,3649,3686,118189,22,0,0,22,32
2020-09-30,US,Texas,Travis,29514,427,0,30.33432034,-97.78535620000001,48453.0,2316.724151735463,1.4467710239208507,29087,29421,426,0,28995,29343,1248743,93,1,0,92,78
2020-09-30,US,Texas,Trinity,197,7,0,31.0879489,-95.1367187,48455.0,1344.6181148044502,3.5532994923857872,190,196,7,0,189,196,14740,1,0,0,1,0
2020-09-30,US,Texas,Tyler,228,4,0,30.77031716,-94.37690895,48457.0,1052.0487264673309,1.7543859649122806,224,227,4,0,223,216,21696,1,0,0,1,11
2020-09-30,US,Texas,Upshur,393,10,0,32.73706798,-94.93999853,48459.0,941.2497305582832,2.544529262086514,383,390,10,0,380,389,41260,3,0,0,3,1
2020-09-30,US,Texas,Upton,25,2,0,31.36868194,-102.0423217,48461.0,683.6204539239814,8.0,23,25,2,0,23,25,3671,0,0,0,0,0
2020-09-30,US,Texas,Uvalde,790,34,0,29.35739637,-99.76229172,48463.0,2954.264986350548,4.30379746835443,756,790,34,0,756,785,26846,0,0,0,0,5
2020-09-30,US,Texas,Val Verde,2203,104,0,29.89149232,-101.1525205,48465.0,4493.625701172871,4.720835224693599,2099,2203,104,0,2099,2186,49208,0,0,0,0,17
2020-09-30,US,Texas,Van Zandt,593,19,0,32.56483801,-95.83766469,48467.0,1047.8883194910761,3.2040472175379433,574,589,19,0,570,586,56019,4,0,0,4,3
2020-09-30,US,Texas,Victoria,4069,96,0,28.79780988,-96.96813006,48469.0,4418.79153816081,2.3593020398132216,3973,4062,96,0,3966,4046,92035,7,0,0,7,16
2020-09-30,US,Texas,Walker,3735,57,0,30.73872995,-95.57440968,48471.0,5118.471721642844,1.5261044176706828,3678,3732,57,0,3675,3709,72480,3,0,0,3,23
2020-09-30,US,Texas,Waller,858,14,0,30.01058447,-95.99011759,48473.0,1553.0536147413388,1.6317016317016315,844,856,14,0,842,856,53126,2,0,0,2,0
2020-09-30,US,Texas,Ward,134,1,0,31.50999644,-103.09279090000001,48475.0,1116.8528088014666,0.746268656716418,133,134,1,0,133,128,11720,0,0,0,0,6
2020-09-30,US,Texas,Washington,641,48,0,30.21498498,-96.40946246,48477.0,1786.411013878825,7.488299531981279,593,641,48,0,593,640,35108,0,0,0,0,1
2020-09-30,US,Texas,Webb,13884,297,0,27.7610369,-99.33237355,48479.0,5018.579298179662,2.1391529818496107,13587,13697,292,0,13405,13697,275910,187,5,0,182,0
2020-09-30,US,Texas,Wharton,1372,52,0,29.27765923,-96.22319248,48481.0,3301.568967176822,3.7900874635568513,1320,1366,52,0,1314,1364,41619,6,0,0,6,2
2020-09-30,US,Texas,Wheeler,48,0,0,35.40114335,-100.26995140000001,48483.0,949.3670886075952,0.0,48,48,0,0,48,48,5191,0,0,0,0,0
2020-09-30,US,Texas,Wichita,1839,24,0,33.98842886,-98.70410340000001,48485.0,1390.7585268093476,1.3050570962479608,1815,1797,24,0,1773,1741,132064,42,0,0,42,56
2020-09-30,US,Texas,Wilbarger,209,2,0,34.07945812,-99.24178437,48487.0,1636.7765682512336,0.9569377990430622,207,207,2,0,205,188,12820,2,0,0,2,19
2020-09-30,US,Texas,Willacy,1204,50,0,26.47411727,-97.61535848,48489.0,5637.23195055717,4.1528239202657815,1154,1214,49,0,1165,1213,21515,-10,1,0,-11,1
2020-09-30,US,Texas,Williamson,8663,144,0,30.64655664,-97.60048540000001,48491.0,1466.9351165267692,1.6622417176497748,8519,8642,144,0,8498,8624,566719,21,0,0,21,18
2020-09-30,US,Texas,Wilson,902,26,0,29.1732598,-98.08693082,48493.0,1766.203250440572,2.882483370288248,876,897,26,0,871,892,50224,5,0,0,5,5
2020-09-30,US,Texas,Winkler,118,4,0,31.85008651,-103.04851629999999,48495.0,1473.1585518102372,3.3898305084745757,114,115,3,0,112,115,7720,3,1,0,2,0
2020-09-30,US,Texas,Wise,771,14,0,33.21570665,-97.65460265,48497.0,1101.6803840877917,1.8158236057068744,757,768,14,0,754,760,68305,3,0,0,3,8
2020-09-30,US,Texas,Wood,526,25,0,32.78722382,-95.38236368,48499.0,1155.0539098355255,4.752851711026616,501,526,24,0,502,525,45129,0,1,0,-1,1
2020-09-30,US,Texas,Yoakum,224,5,0,33.17320212,-102.82764329999999,48501.0,2570.871112131298,2.232142857142857,219,224,5,0,219,224,8591,0,0,0,0,0
2020-09-30,US,Texas,Young,332,6,0,33.17659707,-98.68790885,48503.0,1843.4203220433087,1.8072289156626504,326,327,6,0,321,314,18045,5,0,0,5,13
2020-09-30,US,Texas,Zapata,333,6,0,27.00156391,-99.16987152,48505.0,2348.5436208477327,1.8018018018018016,327,333,6,0,327,333,14190,0,0,0,0,0
2020-09-30,US,Texas,Zavala,369,16,0,28.86617238,-99.76050829,48507.0,3116.554054054054,4.336043360433604,353,365,16,0,349,357,11983,4,0,0,4,8
2020-09-30,US,Utah,Bear River,3425,11,0,41.52106798,-113.08328159999999,0.0,1833.3351176010879,0.32116788321167883,3414,3398,11,0,3387,3372,,27,0,0,27,26
2020-09-30,US,Utah,Central Utah,681,3,0,39.37231946,-111.5758676,0.0,830.9539497767039,0.4405286343612335,678,671,3,0,668,661,,10,0,0,10,10
2020-09-30,US,Utah,Davis,5307,30,0,40.99001837,-112.1139997,49011.0,1492.9067938933445,0.5652911249293386,5277,5215,29,0,5186,5167,351713,92,1,0,91,48
2020-09-30,US,Utah,Salt Lake,31700,253,0,40.66616532,-111.92160109999999,49035.0,2731.7295122440937,0.7981072555205048,31447,31345,253,0,31092,31079,1152633,355,0,0,355,266
2020-09-30,US,Utah,San Juan,703,29,0,37.62762978,-109.80337140000002,49037.0,4592.370002613013,4.125177809388337,674,701,29,0,672,700,15449,2,0,0,2,1
2020-09-30,US,Utah,Southeast Utah,223,1,0,38.99617072,-110.70139579999999,0.0,554.3264808968654,0.4484304932735426,222,221,1,0,220,216,,2,0,0,2,5
2020-09-30,US,Utah,Southwest Utah,4304,34,0,37.85447192,-111.4418764,0.0,1707.651899286627,0.7899628252788105,4270,4255,33,0,4222,4234,,49,1,0,48,21
2020-09-30,US,Utah,Summit,1022,1,0,40.86688146,-110.9535882,49043.0,2424.96144263851,0.09784735812133072,1021,1014,1,0,1013,1005,41933,8,0,0,8,9
2020-09-30,US,Utah,Tooele,893,0,0,40.44862644,-113.12957150000001,49045.0,1235.8322146722207,0.0,893,891,0,0,891,887,69907,2,0,0,2,4
2020-09-30,US,Utah,TriCounty,240,2,0,40.12491499,-109.5174415,0.0,423.8635159478648,0.8333333333333334,238,238,2,0,236,237,,2,0,0,2,1
2020-09-30,US,Utah,Utah,19360,57,0,40.116672200000004,-111.66576620000001,49049.0,3042.900814950451,0.2944214876033058,19303,19046,57,0,18989,18792,622213,314,0,0,314,254
2020-09-30,US,Utah,Wasatch,793,7,0,40.33110236,-111.1691419,49051.0,2326.127130327653,0.8827238335435057,786,781,7,0,774,770,33240,12,0,0,12,11
2020-09-30,US,Utah,Weber-Morgan,4391,31,0,41.27116049,-111.9145117,0.0,1612.3405927215179,0.7059895240264177,4360,4360,31,0,4329,4322,,31,0,0,31,38
2020-09-30,US,Vermont,Addison,84,2,0,44.03217337,-73.14130877,50001.0,228.4036218288604,2.380952380952381,82,84,2,0,82,83,36973,0,0,0,0,1
2020-09-30,US,Vermont,Bennington,115,1,0,43.03519828,-73.09048868,50003.0,324.2176487172258,0.8695652173913043,114,115,1,0,114,114,35631,0,0,0,0,1
2020-09-30,US,Vermont,Caledonia,34,0,0,44.46548598,-72.10314651,50005.0,113.35978394958825,0.0,34,34,0,0,34,34,30302,0,0,0,0,0
2020-09-30,US,Vermont,Chittenden,837,39,0,44.46322849,-73.08359212,50007.0,511.0701332323813,4.659498207885305,798,837,39,0,798,836,164572,0,0,0,0,1
2020-09-30,US,Vermont,Essex,6,0,0,44.72736416,-71.73579864,50009.0,97.35518416355671,0.0,6,6,0,0,6,6,6250,0,0,0,0,0
2020-09-30,US,Vermont,Franklin,128,7,0,44.85627605,-72.91249563,50011.0,259.09882191004414,5.46875,121,128,7,0,121,127,49421,0,0,0,0,1
2020-09-30,US,Vermont,Grand Isle,16,0,0,44.797582399999996,-73.29679772,50013.0,221.147201105736,0.0,16,14,0,0,14,14,7090,2,0,0,2,0
2020-09-30,US,Vermont,Lamoille,59,1,0,44.60353043,-72.64356694,50015.0,232.63149593880607,1.6949152542372878,58,58,1,0,57,58,25300,1,0,0,1,0
2020-09-30,US,Vermont,Orange,25,0,0,44.00470222,-72.37640104,50017.0,86.52914301536758,0.0,25,25,0,0,25,25,28999,0,0,0,0,0
2020-09-30,US,Vermont,Orleans,21,0,0,44.82964024,-72.24562697,50019.0,77.67133927580724,0.0,21,21,0,0,21,21,26907,0,0,0,0,0
2020-09-30,US,Vermont,Rutland,131,1,0,43.57723578,-73.03741676,50021.0,225.12072313588013,0.7633587786259542,130,131,1,0,130,131,58672,0,0,0,0,0
2020-09-30,US,Vermont,Unassigned,8,0,0,0.0,0.0,90050.0,0.0,0.0,8,8,0,0,8,8,,0,0,0,0,0
2020-09-30,US,Vermont,Washington,78,2,0,44.27343241,-72.61604978,50023.0,133.54106387714222,2.5641025641025643,76,78,2,0,76,78,58140,0,0,0,0,0
2020-09-30,US,Vermont,Windham,123,3,0,42.986982,-72.71268875,50025.0,291.3173227227512,2.4390243902439024,120,123,3,0,120,123,42756,0,0,0,0,0
2020-09-30,US,Vermont,Windsor,87,2,0,43.58010937,-72.58595157,50027.0,158.00370491446006,2.2988505747126435,85,87,2,0,85,87,55286,0,0,0,0,0
2020-09-30,US,Virginia,Accomack,1182,19,0,37.76707161,-75.63234615,51001.0,3657.630894912737,1.6074450084602367,1163,1175,19,0,1156,1175,32412,7,0,0,7,0
2020-09-30,US,Virginia,Albemarle,1306,21,0,38.02080697,-78.55481085,51003.0,1194.5486142870207,1.6079632465543643,1285,1283,21,0,1262,1274,108718,23,0,0,23,9
2020-09-30,US,Virginia,Alexandria,3852,69,0,38.814003,-77.08183073,51510.0,2416.137692249793,1.7912772585669785,3783,3841,69,0,3772,3825,160530,11,0,0,11,16
2020-09-30,US,Virginia,Alleghany,79,4,0,37.78636074,-80.00222498,51005.0,531.628532974428,5.063291139240507,75,79,4,0,75,79,14910,0,0,0,0,0
2020-09-30,US,Virginia,Amelia,124,5,0,37.34081025,-77.98584649,51007.0,943.3244579688094,4.032258064516129,119,124,5,0,119,124,13013,0,0,0,0,0
2020-09-30,US,Virginia,Amherst,403,4,0,37.60308293,-79.14548696,51009.0,1275.1146970416073,0.9925558312655088,399,402,4,0,398,398,31666,1,0,0,1,4
2020-09-30,US,Virginia,Appomattox,216,3,0,37.37569884,-78.81340003,51011.0,1357.5513795487398,1.3888888888888888,213,215,3,0,212,216,15841,1,0,0,1,-1
2020-09-30,US,Virginia,Arlington,3995,150,0,38.8767675,-77.10139853,51013.0,1686.7785274571231,3.7546933667083855,3845,3985,150,0,3835,3963,237521,10,0,0,10,22
2020-09-30,US,Virginia,Augusta,512,7,0,38.16404586,-79.12461614,51015.0,677.6251356573757,1.3671875,505,505,7,0,498,500,75457,7,0,0,7,5
2020-09-30,US,Virginia,Bath,15,0,0,38.05852573,-79.73912095,51017.0,361.7072582589824,0.0,15,10,0,0,10,9,4292,5,0,0,5,1
2020-09-30,US,Virginia,Bedford,786,13,0,37.3080028,-79.5281964,51019.0,994.9744927022548,1.653944020356234,773,776,13,0,763,769,78747,10,0,0,10,7
2020-09-30,US,Virginia,Bland,64,5,0,37.13128068,-81.13599391,51021.0,1019.108280254777,7.8125,59,64,5,0,59,64,6293,0,0,0,0,0
2020-09-30,US,Virginia,Botetourt,306,10,0,37.55531756,-79.80982182,51023.0,915.6467877554685,3.2679738562091503,296,305,10,0,295,302,33277,1,0,0,1,3
2020-09-30,US,Virginia,Bristol,187,5,0,36.616302399999995,-82.16359122,51520.0,1115.6186612576064,2.6737967914438503,182,186,5,0,181,186,16482,1,0,0,1,0
2020-09-30,US,Virginia,Brunswick,361,5,0,36.76366949,-77.8593436,51025.0,2224.138993284456,1.3850415512465375,356,361,5,0,356,358,16384,0,0,0,0,3
2020-09-30,US,Virginia,Buchanan,157,2,0,37.26818323,-82.03749726,51027.0,747.4766711102648,1.2738853503184713,155,149,2,0,147,140,21221,8,0,0,8,9
2020-09-30,US,Virginia,Buckingham,681,9,0,37.57242268,-78.52518834,51029.0,3971.308607417776,1.3215859030837005,672,681,9,0,672,679,16999,0,0,0,0,2
2020-09-30,US,Virginia,Buena Vista,88,1,0,37.73484642,-79.35296097,51530.0,1358.4439641864776,1.1363636363636365,87,85,1,0,84,83,6237,3,0,0,3,2
2020-09-30,US,Virginia,Campbell,460,4,0,37.20553386,-79.09678609,51031.0,838.116060854514,0.8695652173913043,456,458,4,0,454,453,54973,2,0,0,2,5
2020-09-30,US,Virginia,Caroline,365,5,0,38.02679129,-77.34901405,51033.0,1187.9576891781935,1.3698630136986298,360,362,5,0,357,358,30772,3,0,0,3,4
2020-09-30,US,Virginia,Carroll,505,24,0,36.73066666,-80.73455942,51035.0,1695.1428283709845,4.752475247524752,481,505,24,0,481,502,29636,0,0,0,0,3
2020-09-30,US,Virginia,Charles City,83,5,0,37.35358063,-77.05634116,51036.0,1192.0149360907656,6.024096385542169,78,83,5,0,78,84,6941,0,0,0,0,-1
2020-09-30,US,Virginia,Charlotte,107,0,0,37.01909701,-78.66314092,51037.0,900.6734006734007,0.0,107,108,0,0,108,107,11938,-1,0,0,-1,1
2020-09-30,US,Virginia,Charlottesville,1246,29,0,38.03527919,-78.48569588,51540.0,2636.1443743917403,2.3274478330658104,1217,1233,28,0,1205,1222,48117,13,1,0,12,11
2020-09-30,US,Virginia,Chesapeake,4350,72,0,36.67670048,-76.30545744,51550.0,1776.7067616966528,1.6551724137931034,4278,4333,72,0,4261,4315,242634,17,0,0,17,18
2020-09-30,US,Virginia,Chesterfield,6053,95,0,37.37373208,-77.58680140000001,51041.0,1715.6932216937546,1.5694696844539897,5958,6036,95,0,5941,6000,348556,17,0,0,17,36
2020-09-30,US,Virginia,Clarke,95,1,0,39.11271747,-77.99199425,51043.0,649.8392502907176,1.0526315789473684,94,95,0,0,95,94,14523,0,1,0,-1,1
2020-09-30,US,Virginia,Colonial Heights,263,26,0,37.26420587,-77.39609676,51570.0,1514.104778353483,9.88593155893536,237,260,26,0,234,256,17833,3,0,0,3,4
2020-09-30,US,Virginia,Covington,32,0,0,37.7824656,-79.98631446,51580.0,577.825929938606,0.0,32,32,0,0,32,32,5460,0,0,0,0,0
2020-09-30,US,Virginia,Craig,31,0,0,37.48133648,-80.21072274,51045.0,604.1707269538101,0.0,31,31,0,0,31,31,5064,0,0,0,0,0
2020-09-30,US,Virginia,Culpeper,1210,17,0,38.48199985,-77.95630870000002,51047.0,2300.1615815987075,1.4049586776859504,1193,1205,17,0,1188,1199,51859,5,0,0,5,6
2020-09-30,US,Virginia,Cumberland,105,2,0,37.51328851,-78.24398086,51049.0,1057.188884414015,1.9047619047619049,103,105,2,0,103,105,9809,0,0,0,0,0
2020-09-30,US,Virginia,Danville,903,28,0,36.58022376,-79.40395668,51590.0,2255.019478573569,3.1007751937984502,875,885,28,0,857,880,40693,18,0,0,18,5
2020-09-30,US,Virginia,Dickenson,102,1,0,37.12560977,-82.35124171,51051.0,712.3899986031569,0.9803921568627452,101,102,1,0,101,101,14523,0,0,0,0,1
2020-09-30,US,Virginia,Dinwiddie,399,11,0,37.07544585,-77.63451754,51053.0,1397.8419282511206,2.7568922305764407,388,398,11,0,387,391,28529,1,0,0,1,7
2020-09-30,US,Virginia,Emporia,259,26,0,36.69455571,-77.53406129,51595.0,4844.743733632623,10.038610038610038,233,259,26,0,233,259,5121,0,0,0,0,0
2020-09-30,US,Virginia,Essex,180,2,0,37.93357639,-76.94230311,51057.0,1643.3853738701723,1.1111111111111112,178,180,2,0,178,180,10919,0,0,0,0,0
2020-09-30,US,Virginia,Fairfax,20981,588,0,38.83677558,-77.27565836,51059.0,1828.3585991501761,2.802535627472475,20393,20924,586,0,20338,20822,1150795,57,2,0,55,102
2020-09-30,US,Virginia,Fairfax,20981,588,0,38.83677558,-77.27565836,51059.0,1828.3585991501761,2.802535627472475,20393,20924,586,0,20338,20822,24574,57,2,0,55,102
2020-09-30,US,Virginia,Fairfax City,137,8,0,38.85157547,-77.29779640000002,51600.0,570.3817810899704,5.8394160583941614,129,138,8,0,130,138,24574,-1,0,0,-1,0
2020-09-30,US,Virginia,Falls Church,70,7,0,38.88485255,-77.17560759,51610.0,478.8944379831703,10.0,63,70,7,0,63,70,14772,0,0,0,0,0
2020-09-30,US,Virginia,Fauquier,940,25,0,38.73564842,-77.80647472,51061.0,1319.8169105051809,2.6595744680851063,915,939,25,0,914,939,70675,1,0,0,1,0
2020-09-30,US,Virginia,Floyd,205,9,0,36.9302126,-80.36738849,51063.0,1301.6699472982414,4.390243902439025,196,203,9,0,194,203,15795,2,0,0,2,0
2020-09-30,US,Virginia,Fluvanna,381,9,0,37.84157909,-78.27715475,51065.0,1397.1397139713974,2.3622047244094486,372,379,9,0,370,379,26783,2,0,0,2,0
2020-09-30,US,Virginia,Franklin,194,1,0,36.99536167,-79.88023649,51067.0,346.1689447200313,0.5154639175257731,193,194,1,0,193,194,56195,0,0,0,0,0
2020-09-30,US,Virginia,Franklin,194,1,0,36.99536167,-79.88023649,51067.0,346.1689447200313,0.5154639175257731,193,194,1,0,193,194,8013,0,0,0,0,0
2020-09-30,US,Virginia,Franklin City,422,9,0,36.6831435,-76.93859681,51620.0,5296.849504204845,2.1327014218009483,413,422,9,0,413,416,8013,0,0,0,0,6
2020-09-30,US,Virginia,Frederick,899,13,0,39.20172582,-78.25974949,51069.0,1006.5723914771646,1.4460511679644048,886,895,13,0,882,888,88355,4,0,0,4,7
2020-09-30,US,Virginia,Fredericksburg,547,5,0,38.2977863,-77.4922454,51630.0,1883.868301418928,0.9140767824497258,542,546,5,0,541,539,29144,1,0,0,1,7
2020-09-30,US,Virginia,Galax,419,30,0,36.66601852,-80.91703124,51640.0,6601.544036552701,7.1599045346062065,389,418,30,0,388,418,6423,1,0,0,1,0
2020-09-30,US,Virginia,Giles,90,0,0,37.31234791,-80.70636931,51071.0,538.2775119617224,0.0,90,90,0,0,90,90,16844,0,0,0,0,0
2020-09-30,US,Virginia,Gloucester,249,2,0,37.40809042,-76.53524337,51073.0,666.7023669272786,0.8032128514056225,247,249,2,0,247,247,37349,0,0,0,0,2
2020-09-30,US,Virginia,Goochland,275,7,0,37.71714806,-77.90381514,51075.0,1157.7484949269565,2.5454545454545454,268,274,7,0,267,272,23244,1,0,0,1,2
2020-09-30,US,Virginia,Grayson,322,15,0,36.65677234,-81.23215889,51077.0,2070.7395498392284,4.658385093167702,307,322,15,0,307,320,15631,0,0,0,0,2
2020-09-30,US,Virginia,Greene,223,3,0,38.29545894,-78.46525378,51079.0,1125.1829052929006,1.345291479820628,220,221,3,0,218,219,19779,2,0,0,2,2
2020-09-30,US,Virginia,Greensville,795,11,0,36.67878901,-77.56351439,51081.0,7013.055751587863,1.3836477987421385,784,794,11,0,783,789,11627,1,0,0,1,5
2020-09-30,US,Virginia,Halifax,361,7,0,36.76654925,-78.93512622,51083.0,1064.5513255285896,1.9390581717451525,354,357,6,0,351,351,34120,4,1,0,3,6
2020-09-30,US,Virginia,Hampton,1846,27,0,37.03513786,-76.35879121,51650.0,1372.3886699873615,1.4626218851570965,1819,1837,26,0,1811,1827,134313,9,1,0,8,10
2020-09-30,US,Virginia,Hanover,1320,38,0,37.7583355,-77.49464673,51085.0,1224.8761204832692,2.878787878787879,1282,1311,38,0,1273,1297,107239,9,0,0,9,14
2020-09-30,US,Virginia,Harrisonburg,2667,34,0,38.43542574,-78.87536254,51660.0,5030.556813037573,1.274840644919385,2633,2652,34,0,2618,2636,54033,15,0,0,15,16
2020-09-30,US,Virginia,Henrico,5491,216,0,37.53460572,-77.39326555,51087.0,1659.8250397499532,3.9337097067929334,5275,5478,212,0,5266,5452,329261,13,4,0,9,26
2020-09-30,US,Virginia,Henry,1075,25,0,36.68542395,-79.87634026,51089.0,2126.31287457721,2.3255813953488373,1050,1070,26,0,1044,1065,50953,5,-1,0,6,5
2020-09-30,US,Virginia,Highland,7,0,0,38.35799465,-79.56124594,51091.0,319.634703196347,0.0,7,7,0,0,7,7,2210,0,0,0,0,0
2020-09-30,US,Virginia,Hopewell,402,7,0,37.29186313,-77.29754684,51670.0,1784.3668161036883,1.7412935323383083,395,401,7,0,394,395,22596,1,0,0,1,6
2020-09-30,US,Virginia,Isle of Wight,753,18,0,36.90579348,-76.70842863,51093.0,2029.157347274246,2.3904382470119523,735,750,19,0,731,742,36953,3,-1,0,4,8
2020-09-30,US,Virginia,James City,856,21,0,37.31156958,-76.76950618,51095.0,1118.6179318636227,2.453271028037383,835,856,21,0,835,852,76397,0,0,0,0,4
2020-09-30,US,Virginia,King George,232,4,0,38.26818502,-77.15852768,51099.0,864.5103592189598,1.7241379310344829,228,229,4,0,225,229,26575,3,0,0,3,0
2020-09-30,US,Virginia,King William,161,2,0,37.70965316,-77.09384941,51101.0,938.8850011663167,1.2422360248447204,159,161,2,0,159,161,16939,0,0,0,0,0
2020-09-30,US,Virginia,King and Queen,73,1,0,37.71044922,-76.88689628,51097.0,1039.1459074733095,1.3698630136986298,72,72,1,0,71,72,7042,1,0,0,1,0
2020-09-30,US,Virginia,Lancaster,151,0,0,37.71889653,-76.46400482,51103.0,1424.125247571442,0.0,151,151,0,0,151,149,10783,0,0,0,0,2
2020-09-30,US,Virginia,Lee,280,7,0,36.70586667,-83.12606515,51105.0,1195.406224650984,2.5,273,273,7,0,266,270,23541,7,0,0,7,3
2020-09-30,US,Virginia,Lexington,106,1,0,37.78258621,-79.44262866,51678.0,1423.58313188289,0.9433962264150944,105,101,1,0,100,86,7136,5,0,0,5,15
2020-09-30,US,Virginia,Loudoun,6889,125,0,39.08990083,-77.63481877,51107.0,1665.868674704622,1.8144868631151108,6764,6851,124,0,6727,6830,406850,38,1,0,37,21
2020-09-30,US,Virginia,Louisa,294,6,0,37.97850256,-77.96274807,51109.0,782.1020989066533,2.0408163265306123,288,293,6,0,287,291,36778,1,0,0,1,2
2020-09-30,US,Virginia,Lunenburg,118,3,0,36.94618528,-78.24133319,51111.0,967.5303378156772,2.5423728813559316,115,118,3,0,115,118,12086,0,0,0,0,0
2020-09-30,US,Virginia,Lynchburg,1441,13,0,37.40021399,-79.19888138,51680.0,1753.7240774997565,0.9021512838306732,1428,1426,13,0,1413,1408,82126,15,0,0,15,18
2020-09-30,US,Virginia,Madison,110,3,0,38.41531222,-78.28220331,51113.0,829.5000377045471,2.727272727272727,107,108,3,0,105,108,13295,2,0,0,2,0
2020-09-30,US,Virginia,Manassas,1931,26,0,38.7464321,-77.48509905,51683.0,4700.012169891688,1.3464526152252718,1905,1926,25,0,1901,1919,41641,5,1,0,4,7
2020-09-30,US,Virginia,Manassas Park,614,8,0,38.77058531,-77.44399307,51685.0,3512.98775603616,1.3029315960912051,606,616,8,0,608,613,17307,-2,0,0,-2,3
2020-09-30,US,Virginia,Martinsville,385,18,0,36.68212094,-79.86352771,51690.0,3066.751632945675,4.675324675324675,367,382,17,0,365,383,12902,3,1,0,2,-1
2020-09-30,US,Virginia,Mathews,81,0,0,37.44164146,-76.34098896,51115.0,916.9119311750056,0.0,81,75,0,0,75,74,8802,6,0,0,6,1
2020-09-30,US,Virginia,Mecklenburg,733,33,0,36.67882005,-78.36131056,51117.0,2396.442933272305,4.502046384720328,700,719,33,0,686,718,30650,14,0,0,14,1
2020-09-30,US,Virginia,Middlesex,121,10,0,37.63191998,-76.55064617,51119.0,1143.4511434511435,8.264462809917353,111,120,10,0,110,119,10769,1,0,0,1,1
2020-09-30,US,Virginia,Montgomery,1997,4,0,37.17746986,-80.37868691,51121.0,2026.6910234941895,0.20030045067601399,1993,1975,4,0,1971,1943,98985,22,0,0,22,32
2020-09-30,US,Virginia,Nelson,106,2,0,37.78790447,-78.88498513,51125.0,709.9799062290691,1.8867924528301887,104,104,2,0,102,104,14836,2,0,0,2,0
2020-09-30,US,Virginia,New Kent,194,3,0,37.50694406,-76.99828634,51127.0,840.1541726213676,1.5463917525773196,191,194,3,0,191,191,22391,0,0,0,0,3
2020-09-30,US,Virginia,Newport News,2760,41,0,37.08166899,-76.51754109,51700.0,1539.9637327381784,1.4855072463768115,2719,2753,40,0,2713,2744,178626,7,1,0,6,9
2020-09-30,US,Virginia,Norfolk,4881,78,0,36.89934014,-76.26420872,51710.0,2010.7768742121264,1.5980331899200984,4803,4870,78,0,4792,4840,244076,11,0,0,11,30
2020-09-30,US,Virginia,Northampton,305,31,0,37.34062933,-75.87751591,51131.0,2604.611443210931,10.163934426229508,274,305,31,0,274,305,11735,0,0,0,0,0
2020-09-30,US,Virginia,Northumberland,173,6,0,37.89202088,-76.41949732,51133.0,1430.343116990492,3.4682080924855487,167,173,6,0,167,165,12147,0,0,0,0,8
2020-09-30,US,Virginia,Norton,34,0,0,36.93357076,-82.62750411,51720.0,854.0567696558653,0.0,34,34,0,0,34,34,3968,0,0,0,0,0
2020-09-30,US,Virginia,Nottoway,266,18,0,37.1435975,-78.05065922,51135.0,1746.3235294117646,6.7669172932330826,248,266,18,0,248,265,15420,0,0,0,0,1
2020-09-30,US,Virginia,Orange,329,5,0,38.24530219,-78.01560400000002,51137.0,887.9652371056113,1.5197568389057752,324,327,4,0,323,327,36644,2,1,0,1,0
2020-09-30,US,Virginia,Page,404,29,0,38.61807452,-78.48797204,51139.0,1690.2351267676345,7.1782178217821775,375,398,29,0,369,397,23933,6,0,0,6,1
2020-09-30,US,Virginia,Patrick,277,25,0,36.680163799999995,-80.2865648,51141.0,1573.148568832349,9.025270758122744,252,276,25,0,251,276,17673,1,0,0,1,0
2020-09-30,US,Virginia,Petersburg,747,29,0,37.20530399,-77.39368102,51730.0,2383.0791807567152,3.882195448460509,718,745,29,0,716,745,31567,2,0,0,2,0
2020-09-30,US,Virginia,Pittsylvania,1022,10,0,36.81980341,-79.39731264,51143.0,1693.3426119229878,0.9784735812133072,1012,1008,10,0,998,1002,60949,14,0,0,14,6
2020-09-30,US,Virginia,Poquoson,75,2,0,37.14259351,-76.35798148,51735.0,611.1971314481298,2.6666666666666665,73,75,2,0,73,75,12190,0,0,0,0,0
2020-09-30,US,Virginia,Portsmouth,2594,59,0,36.85914825,-76.35971629,51740.0,2747.9395749909954,2.2744795682343866,2535,2567,59,0,2508,2561,94632,27,0,0,27,6
2020-09-30,US,Virginia,Powhatan,230,5,0,37.55016038,-77.91267882,51145.0,775.6643733980844,2.1739130434782608,225,229,5,0,224,223,29189,1,0,0,1,6
2020-09-30,US,Virginia,Prince Edward,583,12,0,37.22554789,-78.43597949,51147.0,2556.793263748794,2.0583190394511153,571,582,12,0,570,580,22950,1,0,0,1,2
2020-09-30,US,Virginia,Prince George,825,5,0,37.18497668,-77.22922187,51149.0,2151.0703204442943,0.6060606060606061,820,820,5,0,815,811,38082,5,0,0,5,9
2020-09-30,US,Virginia,Prince William,12567,205,0,38.70916224,-77.48713689,51153.0,2671.9253298181084,1.6312564653457469,12362,12541,203,0,12338,12484,468011,26,2,0,24,57
2020-09-30,US,Virginia,Pulaski,236,5,0,37.06474963,-80.71229738,51155.0,693.5668733652687,2.1186440677966103,231,236,5,0,231,236,34066,0,0,0,0,0
2020-09-30,US,Virginia,Radford,746,1,0,37.12222899,-80.56027320000003,51750.0,4087.895227135733,0.13404825737265416,745,745,1,0,744,740,18339,1,0,0,1,5
2020-09-30,US,Virginia,Rappahannock,64,2,0,38.68295619,-78.15826963,51157.0,868.3853459972862,3.125,62,63,2,0,61,63,7252,1,0,0,1,0
2020-09-30,US,Virginia,Richmond,354,4,0,37.937575,-76.72920628,51159.0,3923.307104067384,1.1299435028248588,350,354,4,0,350,352,9038,0,0,0,0,2
2020-09-30,US,Virginia,Richmond City,4674,61,0,37.53255773,-77.47966921,51760.0,2028.3289069416242,1.305091998288404,4613,4649,61,0,4588,4647,228783,25,0,0,25,2
2020-09-30,US,Virginia,Roanoke,910,9,0,37.26865804,-80.06396753,51161.0,966.1733166287984,0.989010989010989,901,891,9,0,882,880,94073,19,0,0,19,11
2020-09-30,US,Virginia,Roanoke City,1787,28,0,37.27791025,-79.96189766,51770.0,1802.4469705375063,1.5668718522663685,1759,1744,27,0,1717,1716,99920,43,1,0,42,28
2020-09-30,US,Virginia,Rockbridge,119,2,0,37.81204314,-79.44605905,51163.0,527.1784875736499,1.680672268907563,117,114,2,0,112,114,22752,5,0,0,5,0
2020-09-30,US,Virginia,Rockingham,1460,22,0,38.51006137,-78.87260325,51165.0,1781.6176111680575,1.5068493150684932,1438,1445,22,0,1423,1437,81244,15,0,0,15,8
2020-09-30,US,Virginia,Russell,275,5,0,36.93028320000001,-82.10095486,51167.0,1034.3789964643045,1.818181818181818,270,272,5,0,267,264,26748,3,0,0,3,8
2020-09-30,US,Virginia,Salem,275,6,0,37.2836193,-80.06219455,51775.0,1086.9135607288251,2.1818181818181817,269,271,6,0,265,267,25643,4,0,0,4,4
2020-09-30,US,Virginia,Scott,191,4,0,36.71466456,-82.60171704,51169.0,885.6533432254474,2.094240837696335,187,189,4,0,185,189,21534,2,0,0,2,0
2020-09-30,US,Virginia,Shenandoah,808,59,0,38.85905135,-78.56813762,51171.0,1852.5311812179016,7.301980198019803,749,806,58,0,748,806,43497,2,1,0,1,0
2020-09-30,US,Virginia,Smyth,515,20,0,36.84455636,-81.53344948,51173.0,1710.7361148020198,3.8834951456310685,495,512,20,0,492,496,30472,3,0,0,3,16
2020-09-30,US,Virginia,Southampton,774,25,0,36.72231125,-77.10642712,51175.0,4389.994895354773,3.2299741602067185,749,760,25,0,735,757,17586,14,0,0,14,3
2020-09-30,US,Virginia,Spotsylvania,2153,44,0,38.18574462,-77.655399,51177.0,1580.5895092317292,2.0436600092893635,2109,2151,44,0,2107,2145,134238,2,0,0,2,6
2020-09-30,US,Virginia,Stafford,2028,17,0,38.41758738,-77.45917053,51179.0,1326.5132585915935,0.8382642998027613,2011,2024,17,0,2007,2018,149960,4,0,0,4,6
2020-09-30,US,Virginia,Staunton,268,0,0,38.15965544,-79.05979937,51790.0,1074.923792716188,0.0,268,263,0,0,263,259,24922,5,0,0,5,4
2020-09-30,US,Virginia,Suffolk,1983,73,0,36.70155394,-76.63603554,51800.0,2152.907456464151,3.681290973272819,1910,1984,72,0,1912,1974,91185,-1,1,0,-2,10
2020-09-30,US,Virginia,Surry,121,3,0,37.11781893,-76.88450012,51181.0,1884.148240423544,2.479338842975207,118,121,3,0,118,119,6474,0,0,0,0,2
2020-09-30,US,Virginia,Sussex,516,12,0,36.92432914,-77.25791182,51183.0,4624.0702571915035,2.3255813953488373,504,509,11,0,498,466,11237,7,1,0,6,43
2020-09-30,US,Virginia,Tazewell,321,2,0,37.12191123,-81.56685568,51185.0,790.7377755881266,0.6230529595015576,319,316,2,0,314,304,40855,5,0,0,5,12
2020-09-30,US,Virginia,Virginia Beach,6937,91,0,36.73285734,-76.04566934,51810.0,1541.644628356305,1.311806256306761,6846,6901,91,0,6810,6858,450189,36,0,0,36,43
2020-09-30,US,Virginia,Warren,440,7,0,38.90847745,-78.20280433,51187.0,1095.5084154964643,1.5909090909090908,433,435,7,0,428,431,40003,5,0,0,5,4
2020-09-30,US,Virginia,Washington,593,21,0,36.72341572,-81.95666289,51191.0,1103.461109043543,3.5413153456998314,572,585,20,0,565,581,54402,8,1,0,7,4
2020-09-30,US,Virginia,Waynesboro,276,3,0,38.06451466,-78.90293905,51820.0,1219.6199734865222,1.0869565217391304,273,271,3,0,268,272,22628,5,0,0,5,-1
2020-09-30,US,Virginia,Westmoreland,276,3,0,38.11021557,-76.80213247,51193.0,1532.0566194837634,1.0869565217391304,273,276,3,0,273,275,17830,0,0,0,0,1
2020-09-30,US,Virginia,Williamsburg,183,7,0,37.28131268,-76.70905141,51830.0,1223.75284204895,3.8251366120218577,176,183,7,0,176,182,14896,0,0,0,0,1
2020-09-30,US,Virginia,Winchester,508,4,0,39.17054517,-78.17325058,51840.0,1809.245672768716,0.7874015748031497,504,505,4,0,501,500,28108,3,0,0,3,5
2020-09-30,US,Virginia,Wise,425,9,0,36.9746148,-82.62410519,51195.0,1136.8804001819008,2.117647058823529,416,421,9,0,412,412,38012,4,0,0,4,9
2020-09-30,US,Virginia,Wythe,245,4,0,36.91582035,-81.07834059,51197.0,854.1347092455725,1.6326530612244898,241,244,4,0,240,238,28754,1,0,0,1,6
2020-09-30,US,Virginia,York,553,8,0,37.24374789,-76.54412815,51199.0,809.9004100761571,1.4466546112115732,545,549,8,0,541,546,67846,4,0,0,4,3
2020-09-30,US,Washington,Adams,866,10,0,46.98299757,-118.56017340000001,53001.0,4333.683631086424,1.1547344110854505,856,864,10,0,854,858,19759,2,0,0,2,6
2020-09-30,US,Washington,Asotin,122,3,0,46.18894415,-117.2022851,53003.0,540.253299087769,2.459016393442623,119,116,3,0,113,111,22610,6,0,0,6,5
2020-09-30,US,Washington,Benton,4586,132,0,46.23946995,-119.51208340000001,53005.0,2243.7496942120456,2.8783253379851717,4454,4572,133,0,4439,4545,201877,14,-1,0,15,27
2020-09-30,US,Washington,Chelan,1852,16,0,47.87046092,-120.6173956,53007.0,2398.963730569948,0.8639308855291576,1836,1852,16,0,1836,1848,77036,0,0,0,0,4
2020-09-30,US,Washington,Clallam,235,1,0,48.04754642,-123.92263190000001,53009.0,303.8884793937748,0.425531914893617,234,231,1,0,230,231,76737,4,0,0,4,0
2020-09-30,US,Washington,Clark,3313,66,0,45.77568046,-122.48292040000001,53011.0,678.5583349206643,1.9921521279806824,3247,3291,66,0,3225,3245,481857,22,0,0,22,46
2020-09-30,US,Washington,Columbia,14,1,0,46.29442881,-117.9051983,53013.0,351.3174404015057,7.142857142857142,13,14,1,0,13,14,4059,0,0,0,0,0
2020-09-30,US,Washington,Cowlitz,684,7,0,46.19074721,-122.6782231,53015.0,618.4839908493302,1.023391812865497,677,679,7,0,672,661,108987,5,0,0,5,18
2020-09-30,US,Washington,Douglas,1191,9,0,47.7361335,-119.69293700000001,53017.0,2742.4071472978885,0.7556675062972292,1182,1190,9,0,1181,1189,42907,1,0,0,1,1
2020-09-30,US,Washington,Ferry,30,0,0,48.471143100000006,-118.5154041,53019.0,393.3394519470304,0.0,30,30,0,0,30,30,7649,0,0,0,0,0
2020-09-30,US,Washington,Franklin,4332,66,0,46.53351425,-118.9018212,53021.0,4549.368843334522,1.5235457063711912,4266,4310,66,0,4244,4297,94347,22,0,0,22,13
2020-09-30,US,Washington,Garfield,12,0,0,46.43197502,-117.54540320000001,53023.0,539.3258426966294,0.0,12,13,0,0,13,11,2247,-1,0,0,-1,2
2020-09-30,US,Washington,Grant,2976,22,0,47.20753737,-119.4500749,53025.0,3045.030849354875,0.739247311827957,2954,2973,21,0,2952,2953,97331,3,1,0,2,20
2020-09-30,US,Washington,Grays Harbor,518,11,0,47.14003705,-123.7820567,53027.0,690.1053809568217,2.123552123552124,507,501,10,0,491,502,73901,17,1,0,16,-1
2020-09-30,US,Washington,Island,314,12,0,48.14713305,-122.5216407,53029.0,368.7999906038218,3.8216560509554136,302,313,12,0,301,313,84460,1,0,0,1,0
2020-09-30,US,Washington,Jefferson,71,0,0,47.75003077,-123.56097040000002,53031.0,220.35318581049626,0.0,71,71,0,0,71,71,31729,0,0,0,0,0
2020-09-30,US,Washington,King,22367,761,0,47.49137892,-121.8346131,53033.0,992.8612710861504,3.402333795323468,21606,22237,761,0,21476,22198,2233163,130,0,0,130,39
2020-09-30,US,Washington,Kitsap,1222,12,0,47.63479026,-122.6436061,53035.0,450.1368460215197,0.9819967266775778,1210,1216,12,0,1204,1213,269805,6,0,0,6,3
2020-09-30,US,Washington,Kittitas,543,22,0,47.12521214,-120.67943899999999,53037.0,1132.7839783039533,4.051565377532229,521,542,22,0,520,537,47364,1,0,0,1,5
2020-09-30,US,Washington,Klickitat,193,3,0,45.87325839,-120.7913598,53039.0,860.6465997770346,1.5544041450777202,190,193,3,0,190,193,22107,0,0,0,0,0
2020-09-30,US,Washington,Lewis,547,5,0,46.57756476,-122.39257690000001,53041.0,677.7602934070155,0.9140767824497258,542,537,5,0,532,524,79604,10,0,0,10,13
2020-09-30,US,Washington,Lincoln,50,1,0,47.57705241,-118.41943880000001,53043.0,457.0801718621446,2.0,49,51,1,0,50,48,10740,-1,0,0,-1,3
2020-09-30,US,Washington,Mason,406,5,0,47.35007586,-123.1863685,53045.0,608.0757248981547,1.2315270935960592,401,403,5,0,398,401,65507,3,0,0,3,2
2020-09-30,US,Washington,Okanogan,1056,10,0,48.54855019,-119.73872240000001,53047.0,2499.8224557914928,0.946969696969697,1046,1049,10,0,1039,1050,42132,7,0,0,7,-1
2020-09-30,US,Washington,Pacific,86,3,0,46.55418369,-123.7285716,53049.0,382.7154999777491,3.4883720930232562,83,83,3,0,80,80,22036,3,0,0,3,3
2020-09-30,US,Washington,Pend Oreille,65,0,0,48.53234021,-117.2741804,53051.0,473.62285048090934,0.0,65,65,0,0,65,62,13602,0,0,0,0,3
2020-09-30,US,Washington,Pierce,8064,207,0,47.03892768,-122.14059579999999,53053.0,891.0694158986937,2.5669642857142856,7857,8002,206,0,7796,7961,891299,62,1,0,61,41
2020-09-30,US,Washington,San Juan,29,0,0,48.60182783,-122.96745,53055.0,164.94141735866228,0.0,29,29,0,0,29,29,17128,0,0,0,0,0
2020-09-30,US,Washington,Skagit,1111,22,0,48.48171488,-121.766131,53057.0,859.8738438914903,1.98019801980198,1089,1107,23,0,1084,1107,128206,4,-1,0,5,0
2020-09-30,US,Washington,Skamania,65,1,0,46.02408726,-121.91644029999999,53059.0,537.9458743689481,1.5384615384615383,64,65,1,0,64,65,11924,0,0,0,0,0
2020-09-30,US,Washington,Snohomish,6990,212,0,48.04615983,-121.7170703,53061.0,850.2791080705963,3.032904148783977,6778,6950,215,0,6735,6920,814901,40,-3,0,43,30
2020-09-30,US,Washington,Spokane,6995,170,0,47.62113146,-117.4046494,53063.0,1337.9928767898882,2.4303073624017157,6825,6922,169,0,6753,6866,514631,73,1,0,72,56
2020-09-30,US,Washington,Stevens,181,2,0,48.40035475,-117.8542701,53065.0,395.862038798854,1.1049723756906078,179,167,2,0,165,167,45260,14,0,0,14,0
2020-09-30,US,Washington,Thurston,1109,18,0,46.9291895,-122.82906559999999,53067.0,381.7082908830577,1.623083859332732,1091,1103,19,0,1084,1101,286419,6,-1,0,7,2
2020-09-30,US,Washington,Unassigned,302,4,0,0.0,0.0,90053.0,0.0,1.3245033112582782,298,309,3,0,306,300,,-7,1,0,-8,9
2020-09-30,US,Washington,Wahkiakum,6,0,0,46.29180039999999,-123.4250831,53069.0,133.6898395721925,0.0,6,6,0,0,6,6,4426,0,0,0,0,0
2020-09-30,US,Washington,Walla Walla,914,5,0,46.23040051,-118.4775539,53071.0,1504.2791310072414,0.5470459518599562,909,901,5,0,896,898,60922,13,0,0,13,3
2020-09-30,US,Washington,Whatcom,1355,45,0,48.82227976,-121.74900179999999,53073.0,591.0655319371683,3.3210332103321027,1310,1353,44,0,1309,1345,225685,2,1,0,1,8
2020-09-30,US,Washington,Whitman,1319,0,0,46.90022523,-117.52417630000001,53075.0,2632.524349353345,0.0,1319,1319,0,0,1319,1283,49791,0,0,0,0,36
2020-09-30,US,Washington,Yakima,11431,262,0,46.45738486,-120.73801259999999,53077.0,4556.488741315327,2.2920129472487103,11169,11413,260,0,11153,11405,251446,18,2,0,16,8
2020-09-30,US,West Virginia,Barbour,81,1,0,39.1307219,-80.00350858,54001.0,492.6707621190925,1.2345679012345678,80,78,1,0,77,66,16535,3,0,0,3,12
2020-09-30,US,West Virginia,Berkeley,1025,15,0,39.46704621,-78.02414609,54003.0,860.1085834640977,1.4634146341463414,1010,1009,15,0,994,1002,117123,16,0,0,16,7
2020-09-30,US,West Virginia,Boone,232,2,0,38.01974191,-81.69888019,54005.0,1081.2322319056716,0.8620689655172413,230,227,1,0,226,220,21951,5,1,0,4,7
2020-09-30,US,West Virginia,Braxton,13,0,0,38.70036159,-80.72011184,54007.0,93.14322562155192,0.0,13,13,0,0,13,13,14089,0,0,0,0,0
2020-09-30,US,West Virginia,Brooke,114,1,0,40.27367263,-80.57915332,54009.0,519.6225899083823,0.8771929824561403,113,114,1,0,113,113,22203,0,0,0,0,1
2020-09-30,US,West Virginia,Cabell,852,10,0,38.42424062,-82.23855912,54011.0,926.6409266409266,1.1737089201877935,842,843,10,0,833,823,93224,9,0,0,9,20
2020-09-30,US,West Virginia,Calhoun,25,0,0,38.84315422,-81.11934872,54013.0,351.6669011112674,0.0,25,25,0,0,25,25,7254,0,0,0,0,0
2020-09-30,US,West Virginia,Clay,37,2,0,38.46231092,-81.07652217,54015.0,434.88481429243063,5.405405405405406,35,36,2,0,34,36,8632,1,0,0,1,0
2020-09-30,US,West Virginia,Doddridge,27,1,0,39.27057157,-80.70671527,54017.0,319.60227272727275,3.703703703703704,26,26,1,0,25,25,8406,1,0,0,1,1
2020-09-30,US,West Virginia,Fayette,630,14,0,38.02974928,-81.08286634,54019.0,1485.6388246946187,2.2222222222222223,616,629,13,0,616,622,43018,1,1,0,0,7
2020-09-30,US,West Virginia,Gilmer,48,0,0,38.9251277,-80.85952723,54021.0,613.5753547232521,0.0,48,48,0,0,48,46,8026,0,0,0,0,2
2020-09-30,US,West Virginia,Grant,161,7,0,39.10314817,-79.19440518,54023.0,1391.770401106501,4.3478260869565215,154,161,7,0,154,161,11626,0,0,0,0,0
2020-09-30,US,West Virginia,Greenbrier,128,3,0,37.9463652,-80.45335881,54025.0,369.2804800646241,2.34375,125,127,3,0,124,127,34786,1,0,0,1,0
2020-09-30,US,West Virginia,Hampshire,108,1,0,39.32103553,-78.60826476,54027.0,466.0194174757282,0.925925925925926,107,108,1,0,107,108,23347,0,0,0,0,0
2020-09-30,US,West Virginia,Hancock,150,0,0,40.51943859,-80.57461608,54029.0,520.6525511975009,0.0,150,150,0,0,150,150,29094,0,0,0,0,0
2020-09-30,US,West Virginia,Hardy,91,1,0,39.00683177,-78.85855301,54031.0,660.569105691057,1.0989010989010992,90,91,1,0,90,90,13775,0,0,0,0,1
2020-09-30,US,West Virginia,Harrison,392,9,0,39.2853852,-80.37919577,54033.0,582.8476269775188,2.295918367346939,383,382,9,0,373,369,67554,10,0,0,10,13
2020-09-30,US,West Virginia,Jackson,271,23,0,38.84263974,-81.68148753,54035.0,948.3482642777157,8.487084870848706,248,270,23,0,247,266,28706,1,0,0,1,4
2020-09-30,US,West Virginia,Jefferson,439,4,0,39.30776166,-77.86014147,54037.0,768.2077485738284,0.9111617312072892,435,436,4,0,432,433,56811,3,0,0,3,3
2020-09-30,US,West Virginia,Kanawha,2747,81,0,38.33860077,-81.52857054,54039.0,1542.1840964721205,2.9486712777575534,2666,2704,79,0,2625,2688,180454,43,2,0,41,16
2020-09-30,US,West Virginia,Lewis,38,2,0,38.9947249,-80.49988181,54041.0,238.888539636638,5.2631578947368425,36,38,2,0,36,38,16024,0,0,0,0,0
2020-09-30,US,West Virginia,Lincoln,172,2,0,38.172154,-82.07017953,54043.0,842.7654466166887,1.162790697674419,170,171,2,0,169,169,20599,1,0,0,1,2
2020-09-30,US,West Virginia,Logan,622,42,0,37.8299889,-81.93528571,54045.0,1942.5965832786785,6.752411575562701,580,620,42,0,578,620,32607,2,0,0,2,0
2020-09-30,US,West Virginia,Marion,285,3,0,39.50984542,-80.24244659,54049.0,508.2750749036952,1.0526315789473684,282,284,3,0,281,274,56097,1,0,0,1,10
2020-09-30,US,West Virginia,Marshall,179,1,0,39.86064362,-80.66591062,54051.0,586.2893452556418,0.5586592178770949,178,179,1,0,178,178,30785,0,0,0,0,1
2020-09-30,US,West Virginia,Mason,143,6,0,38.77071799,-82.02524219,54053.0,539.297028209383,4.195804195804196,137,143,6,0,137,142,26718,0,0,0,0,1
2020-09-30,US,West Virginia,McDowell,87,1,0,37.38002939,-81.65083669,54047.0,493.6450295052202,1.1494252873563218,86,87,1,0,86,86,18223,0,0,0,0,1
2020-09-30,US,West Virginia,Mercer,427,28,0,37.40481169,-81.11023142,54055.0,726.7095544436502,6.557377049180328,399,425,28,0,397,418,59131,2,0,0,2,7
2020-09-30,US,West Virginia,Mineral,175,4,0,39.41561583,-78.94104895,54057.0,651.3324400774154,2.2857142857142856,171,175,4,0,171,175,26940,0,0,0,0,0
2020-09-30,US,West Virginia,Mingo,385,9,0,37.73048351,-82.13338365,54059.0,1643.613387978142,2.3376623376623376,376,377,9,0,368,377,23785,8,0,0,8,0
2020-09-30,US,West Virginia,Monongalia,2049,5,0,39.63218457,-80.04766838,54061.0,1940.1204408589933,0.2440214738897023,2044,2035,5,0,2030,2021,106420,14,0,0,14,14
2020-09-30,US,West Virginia,Monroe,151,8,0,37.56274716,-80.54577965,54063.0,1137.476459510358,5.298013245033113,143,151,8,0,143,149,13280,0,0,0,0,2
2020-09-30,US,West Virginia,Morgan,56,0,0,39.55439028,-78.26311676,54065.0,313.12905390292997,0.0,56,55,0,0,55,55,17787,1,0,0,1,0
2020-09-30,US,West Virginia,Nicholas,112,3,0,38.29617706,-80.79759588,54067.0,457.217504898759,2.6785714285714284,109,105,3,0,102,104,24842,7,0,0,7,1
2020-09-30,US,West Virginia,Ohio,375,6,0,40.0955451,-80.62203992,54069.0,905.5564946511796,1.6,369,374,6,0,368,373,41755,1,0,0,1,1
2020-09-30,US,West Virginia,Pendleton,53,1,0,38.68314479,-79.35084086,54071.0,760.5108336920648,1.8867924528301887,52,53,1,0,52,53,6997,0,0,0,0,0
2020-09-30,US,West Virginia,Pleasants,18,3,0,39.37091679,-81.16771771,54073.0,241.28686327077747,16.666666666666668,15,18,3,0,15,17,7507,0,0,0,0,1
2020-09-30,US,West Virginia,Pocahontas,59,0,0,38.32758728,-80.00993811,54075.0,715.4116648478232,0.0,59,59,0,0,59,59,8414,0,0,0,0,0
2020-09-30,US,West Virginia,Preston,157,5,0,39.46770987,-79.66712803,54077.0,469.60995453457764,3.1847133757961785,152,157,5,0,152,157,33839,0,0,0,0,0
2020-09-30,US,West Virginia,Putnam,583,9,0,38.50782345,-81.9082131,54079.0,1032.772364924712,1.5437392795883362,574,576,8,0,568,566,56682,7,1,0,6,10
2020-09-30,US,West Virginia,Raleigh,528,8,0,37.76936795,-81.2456041,54081.0,719.7284660787068,1.5151515151515151,520,526,8,0,518,521,74254,2,0,0,2,5
2020-09-30,US,West Virginia,Randolph,259,2,0,38.769899,-79.87919615,54083.0,902.5962711273739,0.7722007722007722,257,256,2,0,254,252,28823,3,0,0,3,4
2020-09-30,US,West Virginia,Ritchie,13,0,0,39.18094587,-81.06356878,54085.0,136.068662340381,0.0,13,13,0,0,13,13,9721,0,0,0,0,0
2020-09-30,US,West Virginia,Roane,53,2,0,38.71622686,-81.35243568,54087.0,387.2004675628288,3.7735849056603774,51,52,2,0,50,51,13932,1,0,0,1,1
2020-09-30,US,West Virginia,Summers,55,0,0,37.65390597,-80.86009693,54089.0,437.4453193350832,0.0,55,55,0,0,55,55,12760,0,0,0,0,0
2020-09-30,US,West Virginia,Taylor,129,7,0,39.33602617,-80.0421439,54091.0,772.6864330637918,5.426356589147288,122,127,7,0,120,127,16862,2,0,0,2,0
2020-09-30,US,West Virginia,Tucker,35,0,0,39.11240885,-79.57053576,54093.0,511.77072671443193,0.0,35,34,0,0,34,29,6955,1,0,0,1,5
2020-09-30,US,West Virginia,Tyler,16,1,0,39.46811972,-80.88772676,54095.0,186.2414154347573,6.25,15,16,1,0,15,16,8746,0,0,0,0,0
2020-09-30,US,West Virginia,Upshur,87,1,0,38.89285061,-80.23689136,54097.0,359.86101919258766,1.1494252873563218,86,84,1,0,83,81,24415,3,0,0,3,3
2020-09-30,US,West Virginia,Wayne,406,11,0,38.14901357,-82.42287994,54099.0,1030.4045479924878,2.70935960591133,395,403,11,0,392,398,39944,3,0,0,3,5
2020-09-30,US,West Virginia,Webster,8,0,0,38.49370949,-80.4202023,54101.0,98.59502095144195,0.0,8,8,0,0,8,8,8285,0,0,0,0,0
2020-09-30,US,West Virginia,Wetzel,58,0,0,39.6065771,-80.64016540000001,54103.0,384.9983405243943,0.0,58,56,0,0,56,55,15270,2,0,0,2,1
2020-09-30,US,West Virginia,Wirt,12,0,0,39.02775007,-81.37473928,54105.0,206.15014602302008,0.0,12,12,0,0,12,12,5830,0,0,0,0,0
2020-09-30,US,West Virginia,Wood,375,6,0,39.20967886,-81.5162836,54107.0,449.0050049091214,1.6,369,374,6,0,368,366,84203,1,0,0,1,8
2020-09-30,US,West Virginia,Wyoming,119,4,0,37.612327,-81.54511071,54109.0,583.5049524369913,3.361344537815126,115,118,4,0,114,118,20786,1,0,0,1,0
2020-09-30,US,Wisconsin,Adams,259,4,0,43.96974651,-89.76782777,55001.0,1280.9099901088032,1.5444015444015444,255,255,4,0,251,253,20348,4,0,0,4,2
2020-09-30,US,Wisconsin,Ashland,127,2,0,46.31956891,-90.67837132,55003.0,816.0904768024676,1.5748031496062993,125,122,2,0,120,110,15600,5,0,0,5,12
2020-09-30,US,Wisconsin,Barron,490,6,0,45.42372701,-91.84833627,55005.0,1083.0165325789058,1.2244897959183674,484,482,5,0,477,478,45164,8,1,0,7,4
2020-09-30,US,Wisconsin,Bayfield,115,1,0,46.52868768,-91.19716729,55007.0,764.831072093642,0.8695652173913043,114,113,1,0,112,105,15042,2,0,0,2,8
2020-09-30,US,Wisconsin,Brown,9536,65,0,44.452655299999996,-88.00411844,55009.0,3604.7206114719024,0.6816275167785235,9471,9223,63,0,9160,8985,263378,313,2,0,311,238
2020-09-30,US,Wisconsin,Buffalo,143,2,0,44.37835084,-91.75332578,55011.0,1097.3831632261529,1.3986013986013983,141,141,2,0,139,140,13125,2,0,0,2,1
2020-09-30,US,Wisconsin,Burnett,205,3,0,45.86303537,-92.36711412,55013.0,1329.9597768262618,1.4634146341463414,202,199,3,0,196,194,15392,6,0,0,6,5
2020-09-30,US,Wisconsin,Calumet,1282,5,0,44.0816316,-88.21780273,55015.0,2559.444189342969,0.39001560062402496,1277,1236,4,0,1232,1183,50159,46,1,0,45,53
2020-09-30,US,Wisconsin,Chippewa,585,0,0,45.06939744,-91.28068855,55017.0,904.7604318104487,0.0,585,567,0,0,567,555,64135,18,0,0,18,12
2020-09-30,US,Wisconsin,Clark,416,8,0,44.73483377,-90.61207486,55019.0,1196.296083280612,1.9230769230769231,408,407,8,0,399,402,34709,9,0,0,9,5
2020-09-30,US,Wisconsin,Columbia,679,3,0,43.46492199,-89.33589004,55021.0,1180.2127511645692,0.4418262150220913,676,657,3,0,654,645,57358,22,0,0,22,12
2020-09-30,US,Wisconsin,Crawford,179,0,0,43.23870316,-90.93073686,55023.0,1109.6646209162484,0.0,179,173,0,0,173,168,16291,6,0,0,6,5
2020-09-30,US,Wisconsin,Dane,10129,43,0,43.06601594,-89.41733797,55025.0,1852.7698259541426,0.4245236449797611,10086,9857,42,0,9815,9763,542364,272,1,0,271,94
2020-09-30,US,Wisconsin,Dodge,1959,17,0,43.41576662,-88.70928178,55027.0,2230.216646364371,0.8677896886166412,1942,1931,17,0,1914,1884,87847,28,0,0,28,47
2020-09-30,US,Wisconsin,Door,370,3,0,44.95856458,-87.30002707,55029.0,1337.2849501228854,0.8108108108108109,367,354,3,0,351,340,27610,16,0,0,16,14
2020-09-30,US,Wisconsin,Douglas,503,0,0,46.43222285,-91.91595768,55031.0,1165.7010428736965,0.0,503,493,0,0,493,489,43208,10,0,0,10,4
2020-09-30,US,Wisconsin,Dunn,612,1,0,44.94562799,-91.8962481,55033.0,1348.9684359019573,0.16339869281045752,611,593,0,0,593,556,45131,19,1,0,18,37
2020-09-30,US,Wisconsin,Eau Claire,2000,6,0,44.726614,-91.28609183,55035.0,1911.2053972440413,0.3,1994,1969,6,0,1963,1940,104534,31,0,0,31,29
2020-09-30,US,Wisconsin,Florence,98,2,0,45.84963535,-88.39804137,55037.0,2281.722933643772,2.0408163265306123,96,96,2,0,94,94,4321,2,0,0,2,2
2020-09-30,US,Wisconsin,Fond du Lac,2222,14,0,43.75354908,-88.48885325,55039.0,2148.873823776873,0.6300630063006301,2208,2171,14,0,2157,2121,103066,51,0,0,51,50
2020-09-30,US,Wisconsin,Forest,294,6,0,45.66678019,-88.77084892,55041.0,3265.2154597956464,2.0408163265306123,288,289,6,0,283,274,8991,5,0,0,5,15
2020-09-30,US,Wisconsin,Grant,1059,19,0,42.8671731,-90.7063218,55043.0,2058.7491980792784,1.7941454202077431,1040,1030,19,0,1011,1016,51554,29,0,0,29,14
2020-09-30,US,Wisconsin,Green,556,3,0,42.6794956,-89.60243287,55045.0,1504.3290043290044,0.5395683453237411,553,536,3,0,533,526,36929,20,0,0,20,10
2020-09-30,US,Wisconsin,Green Lake,304,0,0,43.80025981,-89.04679553,55047.0,1607.3600169195788,0.0,304,296,0,0,296,286,18918,8,0,0,8,10
2020-09-30,US,Wisconsin,Iowa,194,0,0,43.00050278,-90.13469017,55049.0,819.325956584171,0.0,194,187,0,0,187,186,23771,7,0,0,7,1
2020-09-30,US,Wisconsin,Iron,142,1,0,46.26302338,-90.24295041,55051.0,2496.922806400563,0.7042253521126759,141,143,1,0,142,142,5676,-1,0,0,-1,1
2020-09-30,US,Wisconsin,Jackson,156,1,0,44.31864893,-90.80566792,55053.0,755.704112774306,0.6410256410256411,155,152,1,0,151,150,20478,4,0,0,4,2
2020-09-30,US,Wisconsin,Jefferson,1515,8,0,43.02054068,-88.77529134,55055.0,1787.2099470325236,0.5280528052805279,1507,1486,8,0,1478,1430,85129,29,0,0,29,56
2020-09-30,US,Wisconsin,Juneau,411,2,0,43.92456975,-90.11120239,55057.0,1540.0756922846329,0.4866180048661801,409,388,2,0,386,382,26617,23,0,0,23,6
2020-09-30,US,Wisconsin,Kenosha,3589,68,0,42.57639354,-88.04051686,55059.0,2116.6423882850413,1.8946781833379769,3521,3549,67,0,3482,3522,169290,40,1,0,39,27
2020-09-30,US,Wisconsin,Kewaunee,602,2,0,44.51727459,-87.61468386,55061.0,2946.0702750318096,0.3322259136212625,600,585,2,0,583,540,20383,17,0,0,17,45
2020-09-30,US,Wisconsin,La Crosse,3130,3,0,43.90632465,-91.11451093,55063.0,2652.182754880694,0.09584664536741214,3127,3095,2,0,3093,3055,118230,35,1,0,34,40
2020-09-30,US,Wisconsin,Lafayette,309,0,0,42.66005229,-90.1317729,55065.0,1854.1854185418545,0.0,309,299,0,0,299,289,16665,10,0,0,10,10
2020-09-30,US,Wisconsin,Langlade,221,2,0,45.26271619,-89.07483625,55067.0,1151.7014956485484,0.9049773755656108,219,198,2,0,196,198,19268,23,0,0,23,0
2020-09-30,US,Wisconsin,Lincoln,244,1,0,45.33737523,-89.73411273,55069.0,884.2822454970462,0.4098360655737705,243,234,1,0,233,229,27689,10,0,0,10,5
2020-09-30,US,Wisconsin,Manitowoc,1187,4,0,44.11946801,-87.80928853,55071.0,1502.8931008723614,0.3369839932603201,1183,1170,3,0,1167,1105,79074,17,1,0,16,65
2020-09-30,US,Wisconsin,Marathon,1547,15,0,44.89792533,-89.75863384,55073.0,1140.081950299207,0.9696186166774402,1532,1458,14,0,1444,1434,135428,89,1,0,88,24
2020-09-30,US,Wisconsin,Marinette,1004,8,0,45.38553432,-88.03324599999998,55075.0,2488.228004956629,0.796812749003984,996,976,8,0,968,944,40434,28,0,0,28,32
2020-09-30,US,Wisconsin,Marquette,304,2,0,43.81911946,-89.40073763,55077.0,1951.971234108129,0.6578947368421053,302,281,1,0,280,271,15434,23,1,0,22,10
2020-09-30,US,Wisconsin,Menominee,88,0,0,45.00422544,-88.70950714,55078.0,1931.5188762071994,0.0,88,81,0,0,81,74,4658,7,0,0,7,7
2020-09-30,US,Wisconsin,Milwaukee,29149,532,0,43.00486062,-87.96733172,55079.0,3082.1823657169202,1.8251054924697243,28617,28934,529,0,28405,28692,948201,215,3,0,212,242
2020-09-30,US,Wisconsin,Monroe,567,3,0,43.94641218,-90.61881899999999,55081.0,1225.8664302856032,0.5291005291005291,564,549,3,0,546,540,46051,18,0,0,18,9
2020-09-30,US,Wisconsin,Oconto,966,4,0,45.02715345,-88.26807503,55083.0,2546.796730819932,0.4140786749482402,962,916,4,0,912,881,37830,50,0,0,50,35
2020-09-30,US,Wisconsin,Oneida,490,2,0,45.70677897,-89.51944105,55085.0,1376.5978367748278,0.4081632653061225,488,461,2,0,459,449,35470,29,0,0,29,12
2020-09-30,US,Wisconsin,Outagamie,4881,30,0,44.41578887,-88.46565023,55087.0,2597.865715730367,0.6146281499692686,4851,4760,29,0,4731,4604,187365,121,1,0,120,156
2020-09-30,US,Wisconsin,Ozaukee,1393,19,0,43.38352225,-87.94625009,55089.0,1561.2916241691978,1.3639626704953338,1374,1385,19,0,1366,1355,89147,8,0,0,8,30
2020-09-30,US,Wisconsin,Pepin,68,0,0,44.58307413,-91.99949611,55091.0,933.168656511596,0.0,68,67,0,0,67,67,7289,1,0,0,1,0
2020-09-30,US,Wisconsin,Pierce,450,7,0,44.71850291,-92.4224416,55093.0,1052.533096318473,1.5555555555555556,443,448,7,0,441,442,42555,2,0,0,2,6
2020-09-30,US,Wisconsin,Polk,253,2,0,45.46130348,-92.44182875,55095.0,577.8498503985566,0.7905138339920948,251,250,2,0,248,248,43598,3,0,0,3,2
2020-09-30,US,Wisconsin,Portage,1512,6,0,44.47558711,-89.50152965,55097.0,2136.4381393771546,0.3968253968253968,1506,1481,6,0,1475,1464,70942,31,0,0,31,17
2020-09-30,US,Wisconsin,Price,119,0,0,45.68051754,-90.36098879999999,55099.0,891.3190023219232,0.0,119,118,0,0,118,110,13397,1,0,0,1,8
2020-09-30,US,Wisconsin,Racine,4976,98,0,42.74753117,-88.05941254,55101.0,2534.7535288394433,1.969453376205788,4878,4947,95,0,4852,4908,196584,29,3,0,26,39
2020-09-30,US,Wisconsin,Richland,147,4,0,43.3762778,-90.43012729,55103.0,852.0751217250174,2.7210884353741496,143,141,4,0,137,134,17377,6,0,0,6,7
2020-09-30,US,Wisconsin,Rock,2619,32,0,42.67151616,-89.07147900000002,55105.0,1603.2665254600436,1.221840397098129,2587,2601,32,0,2569,2573,163129,18,0,0,18,28
2020-09-30,US,Wisconsin,Rusk,64,1,0,45.47498854,-91.1333012,55107.0,451.40358301594017,1.5625,63,64,1,0,63,62,14147,0,0,0,0,2
2020-09-30,US,Wisconsin,Sauk,944,4,0,43.42574087,-89.94966132,55111.0,1464.8831507402006,0.42372881355932196,940,928,3,0,925,907,64249,16,1,0,15,21
2020-09-30,US,Wisconsin,Sawyer,225,1,0,45.87931905,-91.14504927,55113.0,1358.8597656721827,0.4444444444444444,224,219,1,0,218,214,16489,6,0,0,6,5
2020-09-30,US,Wisconsin,Shawano,1014,1,0,44.78902246,-88.76443896,55115.0,2479.278221961417,0.09861932938856016,1013,968,1,0,967,922,40796,46,0,0,46,46
2020-09-30,US,Wisconsin,Sheboygan,1814,18,0,43.72099677,-87.94579284,55117.0,1572.7414600312118,0.9922822491730982,1796,1710,16,0,1694,1594,115456,104,2,0,102,116
2020-09-30,US,Wisconsin,St. Croix,960,9,0,45.03437474,-92.45000068,55109.0,1058.5861259055873,0.9375,951,947,8,0,939,934,89694,13,1,0,12,13
2020-09-30,US,Wisconsin,Taylor,202,4,0,45.21179252,-90.5004405,55119.0,992.9705549820576,1.98019801980198,198,194,4,0,190,191,20412,8,0,0,8,3
2020-09-30,US,Wisconsin,Trempealeau,670,2,0,44.30360275,-91.35893614,55121.0,2259.772673614625,0.29850746268656714,668,656,2,0,654,634,29442,14,0,0,14,22
2020-09-30,US,Wisconsin,Vernon,247,1,0,43.59422667,-90.8324691,55123.0,801.3756407760692,0.4048582995951417,246,238,1,0,237,234,30785,9,0,0,9,4
2020-09-30,US,Wisconsin,Vilas,237,1,0,46.05467334,-89.51719204,55125.0,1067.8080648794773,0.4219409282700422,236,227,1,0,226,217,21938,10,0,0,10,10
2020-09-30,US,Wisconsin,Walworth,2629,35,0,42.66858202,-88.54163073,55127.0,2531.097161782262,1.3313046785850131,2594,2618,35,0,2583,2584,103718,11,0,0,11,34
2020-09-30,US,Wisconsin,Washburn,114,1,0,45.89838588,-91.79050449,55129.0,725.1908396946567,0.8771929824561403,113,113,1,0,112,107,15878,1,0,0,1,6
2020-09-30,US,Wisconsin,Washington,2697,34,0,43.36863664,-88.22974712,55131.0,1982.5925871473307,1.2606599925843531,2663,2662,32,0,2630,2604,135693,35,2,0,33,58
2020-09-30,US,Wisconsin,Waukesha,7604,90,0,43.01833055,-88.30431188,55133.0,1881.256216012944,1.1835875854813256,7514,7529,89,0,7440,7398,403072,75,1,0,74,131
2020-09-30,US,Wisconsin,Waupaca,1122,20,0,44.47068056,-88.96534501,55135.0,2200.4314571484606,1.7825311942959,1102,1092,20,0,1072,1065,51128,30,0,0,30,27
2020-09-30,US,Wisconsin,Waushara,385,3,0,44.11324419,-89.24317107,55137.0,1575.093073681627,0.7792207792207793,382,372,2,0,370,358,24263,13,1,0,12,14
2020-09-30,US,Wisconsin,Winnebago,4134,28,0,44.06886922,-88.64477096,55139.0,2404.788635715823,0.6773101112723754,4106,4057,27,0,4030,3809,171020,77,1,0,76,248
2020-09-30,US,Wisconsin,Wood,857,5,0,44.45537896,-90.04158336,55141.0,1173.9886847765038,0.5834305717619603,852,831,5,0,826,829,73055,26,0,0,26,2
2020-09-30,US,Wyoming,Albany,575,0,0,41.65498705,-105.72354150000001,56001.0,1478.909465020576,0.0,575,557,0,0,557,548,38601,18,0,0,18,9
2020-09-30,US,Wyoming,Big Horn,62,2,0,44.52405055,-107.9960365,56003.0,525.8693808312129,3.2258064516129035,60,59,2,0,57,60,11881,3,0,0,3,-1
2020-09-30,US,Wyoming,Campbell,325,1,0,44.24886082,-105.54744040000001,56005.0,701.3228027017112,0.3076923076923077,324,323,1,0,322,318,46140,2,0,0,2,5
2020-09-30,US,Wyoming,Carbon,231,2,0,41.69357844,-106.9326084,56007.0,1560.8108108108108,0.8658008658008658,229,228,2,0,226,228,14971,3,0,0,3,0
2020-09-30,US,Wyoming,Converse,132,0,0,42.97272268,-105.5081848,56009.0,954.9992765156996,0.0,132,129,0,0,129,122,13640,3,0,0,3,7
2020-09-30,US,Wyoming,Crook,47,0,0,44.58855102,-104.56977049999999,56011.0,619.7257383966245,0.0,47,45,0,0,45,46,7450,2,0,0,2,-1
2020-09-30,US,Wyoming,Fremont,741,14,0,43.04183996,-108.6296893,56013.0,1887.369144953007,1.889338731443995,727,729,14,0,715,726,39531,12,0,0,12,3
2020-09-30,US,Wyoming,Goshen,106,2,0,42.08798185,-104.3534743,56015.0,802.3616683067141,1.8867924528301887,104,104,2,0,102,101,13376,2,0,0,2,3
2020-09-30,US,Wyoming,Hot Springs,38,0,0,43.71930657,-108.44231740000001,56017.0,861.0922275096308,0.0,38,38,0,0,38,38,4555,0,0,0,0,0
2020-09-30,US,Wyoming,Johnson,40,1,0,44.04057166,-106.58451740000001,56019.0,473.6530491415039,2.5,39,40,1,0,39,36,8460,0,0,0,0,4
2020-09-30,US,Wyoming,Laramie,718,4,0,41.30702520000001,-104.6887497,56021.0,721.608040201005,0.5571030640668524,714,707,4,0,703,704,98976,11,0,0,11,3
2020-09-30,US,Wyoming,Lincoln,208,1,0,42.26376367,-110.6563997,56023.0,1048.915784165406,0.4807692307692308,207,196,1,0,195,187,19434,12,0,0,12,9
2020-09-30,US,Wyoming,Natrona,603,4,0,42.96180148,-106.79788500000001,56025.0,755.0902852563298,0.6633499170812603,599,584,4,0,580,577,79115,19,0,0,19,7
2020-09-30,US,Wyoming,Niobrara,4,0,0,43.05607708,-104.47588959999999,56027.0,169.77928692699493,0.0,4,4,0,0,4,4,2388,0,0,0,0,0
2020-09-30,US,Wyoming,Park,245,2,0,44.52157546,-109.58528249999999,56029.0,839.2135370281565,0.8163265306122449,243,240,2,0,238,238,29324,5,0,0,5,2
2020-09-30,US,Wyoming,Platte,33,1,0,42.13299116,-104.96633100000001,56031.0,393.1847968545217,3.0303030303030303,32,32,1,0,31,30,8566,1,0,0,1,2
2020-09-30,US,Wyoming,Sheridan,296,4,0,44.79048913,-106.8862389,56033.0,970.9693291782843,1.351351351351351,292,295,4,0,291,292,30233,1,0,0,1,3
2020-09-30,US,Wyoming,Sublette,116,1,0,42.76558279,-109.91309220000001,56035.0,1179.9410029498524,0.8620689655172413,115,108,1,0,107,100,9813,8,0,0,8,8
2020-09-30,US,Wyoming,Sweetwater,339,2,0,41.65943896,-108.8827882,56037.0,800.604586354297,0.5899705014749262,337,336,2,0,334,334,43051,3,0,0,3,2
2020-09-30,US,Wyoming,Teton,577,1,0,43.93522482,-110.5890801,56039.0,2459.0862598022504,0.1733102253032929,576,560,1,0,559,560,23081,17,0,0,17,0
2020-09-30,US,Wyoming,Uinta,357,2,0,41.2878183,-110.54757820000002,56041.0,1765.054879857609,0.5602240896358543,355,354,2,0,352,354,20299,3,0,0,3,0
2020-09-30,US,Wyoming,Washakie,116,6,0,43.90451606,-107.68018700000002,56043.0,1486.2267777065986,5.172413793103448,110,116,6,0,110,115,7885,0,0,0,0,1
2020-09-30,US,Wyoming,Weston,39,0,0,43.83961191,-104.56748809999999,56045.0,563.014291901256,0.0,39,37,0,0,37,36,6967,2,0,0,2,1
