Date,Country/Region,Province/State,Admin2,Confirmed,Deaths,Recovered,Latitude,Longitude,FIPS,Incidence_Rate,Case-Fatality_Ratio,Active Cases,Previous Confirmed,Previous Deaths,Previous Recovered,Previous Active,Prev2 Confirmed,Population,Daily Confirmed,Daily Deaths,Daily Recovered,Daily Active,Previous Daily Confirmed
2020-07-29,US,Alabama,Autauga,949,20,0,32.53952745,-86.64408227,1001.0,1698.6164062360165,2.107481559536354,929,941,20,0,921,932,55601,8,0,0,8,9
2020-07-29,US,Alabama,Baldwin,2865,20,0,30.72774991,-87.72207058,1003.0,1283.406649524714,0.6980802792321117,2845,2793,17,0,2776,2727,218022,72,3,0,69,66
2020-07-29,US,Alabama,Barbour,538,4,0,31.868263,-85.3871286,1005.0,2179.3729239244917,0.7434944237918215,534,535,4,0,531,529,24881,3,0,0,3,6
2020-07-29,US,Alabama,Bibb,336,2,0,32.99642064,-87.12511459999996,1007.0,1500.4018933642942,0.5952380952380952,334,330,2,0,328,327,22400,6,0,0,6,3
2020-07-29,US,Alabama,Blount,623,3,0,33.98210918,-86.56790593,1009.0,1077.3700411579566,0.4815409309791333,620,607,1,0,606,601,57840,16,2,0,14,6
2020-07-29,US,Alabama,Bullock,425,11,0,32.10030533,-85.71265535,1011.0,4207.504207504207,2.588235294117647,414,422,11,0,411,409,10138,3,0,0,3,13
2020-07-29,US,Alabama,Butler,728,35,0,31.75300095,-86.68057478,1013.0,3743.315508021391,4.807692307692308,693,722,35,0,687,718,19680,6,0,0,6,4
2020-07-29,US,Alabama,Calhoun,1253,6,0,33.77483727,-85.82630386,1015.0,1102.9444126578937,0.4788507581803671,1247,1206,6,0,1200,1157,114277,47,0,0,47,49
2020-07-29,US,Alabama,Chambers,796,38,0,32.91360079,-85.39072749,1017.0,2393.6969988572805,4.773869346733668,758,790,38,0,752,779,33615,6,0,0,6,11
2020-07-29,US,Alabama,Cherokee,211,7,0,34.17805983,-85.60638968,1019.0,805.4664834325853,3.3175355450236967,204,206,7,0,199,205,26032,5,0,0,5,1
2020-07-29,US,Alabama,Chilton,637,5,0,32.85044126,-86.7173256,1021.0,1433.7804987845502,0.7849293563579278,632,614,5,0,609,600,44153,23,0,0,23,14
2020-07-29,US,Alabama,Choctaw,265,12,0,32.02227341,-88.26564429999998,1023.0,2105.0123123361664,4.528301886792453,253,264,12,0,252,263,12841,1,0,0,1,1
2020-07-29,US,Alabama,Clarke,453,9,0,31.68099859,-87.83548597,1025.0,1917.7038354076708,1.9867549668874167,444,443,9,0,434,440,23920,10,0,0,10,3
2020-07-29,US,Alabama,Clay,182,4,0,33.26984193,-85.85836077,1027.0,1375.1416698148846,2.1978021978021984,178,177,4,0,173,175,13275,5,0,0,5,2
2020-07-29,US,Alabama,Cleburne,109,1,0,33.67679204,-85.52005899,1029.0,731.0529845741112,0.9174311926605504,108,105,1,0,104,101,14987,4,0,0,4,4
2020-07-29,US,Alabama,Coffee,664,5,0,31.39932826,-85.98901039,1031.0,1268.579725650529,0.7530120481927711,659,649,5,0,644,644,51909,15,0,0,15,5
2020-07-29,US,Alabama,Colbert,950,11,0,34.69847452,-87.80168544,1033.0,1719.7371517532267,1.1578947368421053,939,931,11,0,920,922,54762,19,0,0,19,9
2020-07-29,US,Alabama,Conecuh,350,10,0,31.43401703,-86.99320044,1035.0,2900.472362641916,2.8571428571428568,340,342,9,0,333,340,12277,8,1,0,7,2
2020-07-29,US,Alabama,Coosa,88,2,0,32.93690146,-86.24847739,1037.0,825.2836912688738,2.272727272727273,86,87,2,0,85,85,10715,1,0,0,1,2
2020-07-29,US,Alabama,Covington,651,20,0,31.2477854,-86.45050893,1039.0,1757.1324462198706,3.072196620583717,631,644,19,0,625,641,36986,7,1,0,6,3
2020-07-29,US,Alabama,Crenshaw,264,3,0,31.72941803,-86.31593104,1041.0,1916.9329073482431,1.1363636363636365,261,236,3,0,233,229,13824,28,0,0,28,7
2020-07-29,US,Alabama,Cullman,1018,10,0,34.13020303,-86.86888037,1043.0,1215.261197593353,0.9823182711198428,1008,999,10,0,989,985,83442,19,0,0,19,14
2020-07-29,US,Alabama,Dale,729,17,0,31.43037123,-85.61095742,1045.0,1482.5510453103393,2.3319615912208507,712,713,17,0,696,705,48956,16,0,0,16,8
2020-07-29,US,Alabama,Dallas,1227,22,0,32.32688101,-87.10866709999998,1047.0,3298.741800193569,1.7929910350448248,1205,1215,21,0,1194,1207,38310,12,1,0,11,8
2020-07-29,US,Alabama,DeKalb,1537,10,0,34.45946862,-85.80782906,1049.0,2149.2595751821345,0.6506180871828237,1527,1523,9,0,1514,1498,71385,14,1,0,13,25
2020-07-29,US,Alabama,Elmore,1486,35,0,32.59785413,-86.14415284,1051.0,1829.846445591006,2.3553162853297445,1451,1475,34,0,1441,1466,81887,11,1,0,10,9
2020-07-29,US,Alabama,Escambia,872,14,0,31.1256789,-87.15918694,1053.0,2380.367428275053,1.6055045871559632,858,859,13,0,846,841,36748,13,1,0,12,18
2020-07-29,US,Alabama,Etowah,1743,19,0,34.04567266,-86.04051873,1055.0,1704.345445300583,1.0900745840504875,1724,1723,17,0,1706,1690,102501,20,2,0,18,33
2020-07-29,US,Alabama,Fayette,156,5,0,33.72076938,-87.73886638,1057.0,956.9377990430625,3.2051282051282053,151,151,5,0,146,144,16433,5,0,0,5,7
2020-07-29,US,Alabama,Franklin,1117,20,0,34.44235334,-87.84289505,1059.0,3561.635099802309,1.7905102954341987,1097,1105,20,0,1085,1098,31363,12,0,0,12,7
2020-07-29,US,Alabama,Geneva,198,0,0,31.09389027,-85.83572839,1061.0,753.6827680712573,0.0,198,194,0,0,194,192,26314,4,0,0,4,2
2020-07-29,US,Alabama,Greene,237,11,0,32.85504247,-87.95684022,1063.0,2921.957835038836,4.641350210970463,226,237,11,0,226,235,8233,0,0,0,0,2
2020-07-29,US,Alabama,Hale,432,25,0,32.76039258,-87.63284988,1065.0,2948.6041908402162,5.787037037037037,407,431,23,0,408,429,14726,1,2,0,-1,2
2020-07-29,US,Alabama,Henry,227,3,0,31.51148016,-85.24267944,1067.0,1319.3839000290614,1.3215859030837005,224,224,3,0,221,223,17209,3,0,0,3,1
2020-07-29,US,Alabama,Houston,1187,12,0,31.15197924,-85.29939599,1069.0,1121.0592924198636,1.0109519797809603,1175,1162,11,0,1151,1139,104722,25,1,0,24,23
2020-07-29,US,Alabama,Jackson,690,3,0,34.78144169,-85.99750489,1071.0,1336.5358540270406,0.43478260869565216,687,669,3,0,666,655,51736,21,0,0,21,14
2020-07-29,US,Alabama,Jefferson,10690,208,0,33.55554728,-86.89506300000002,1073.0,1623.2065389865666,1.9457436856875585,10482,10563,203,0,10360,10420,659300,127,5,0,122,143
2020-07-29,US,Alabama,Lamar,177,2,0,33.77995024,-88.09668032,1075.0,1282.1441506700467,1.1299435028248588,175,173,1,0,172,167,13844,4,1,0,3,6
2020-07-29,US,Alabama,Lauderdale,946,9,0,34.90171875,-87.65624729,1077.0,1020.1770751329144,0.9513742071881608,937,928,9,0,919,918,92387,18,0,0,18,10
2020-07-29,US,Alabama,Lawrence,267,0,0,34.52041498,-87.31069453,1079.0,810.9585712550114,0.0,267,261,0,0,261,254,32957,6,0,0,6,7
2020-07-29,US,Alabama,Lee,2356,40,0,32.60154883,-85.35132246,1081.0,1431.853265427672,1.6977928692699489,2316,2322,40,0,2282,2286,163941,34,0,0,34,36
2020-07-29,US,Alabama,Limestone,1080,11,0,34.81185586,-86.98310072,1083.0,1091.8465349037047,1.0185185185185186,1069,1047,10,0,1037,1031,96174,33,1,0,32,16
2020-07-29,US,Alabama,Lowndes,541,24,0,32.1597283,-86.65158371,1085.0,5562.410034957846,4.436229205175602,517,541,24,0,517,538,9974,0,0,0,0,3
2020-07-29,US,Alabama,Macon,295,12,0,32.38759944,-85.69267724,1087.0,1632.7208324108926,4.067796610169491,283,294,12,0,282,291,18439,1,0,0,1,3
2020-07-29,US,Alabama,Madison,4501,25,0,34.76327133,-86.55069633,1089.0,1206.9968812766656,0.555432126194179,4476,4445,21,0,4424,4332,366519,56,4,0,52,113
2020-07-29,US,Alabama,Marengo,496,13,0,32.24767634,-87.78796182,1091.0,2629.486295923236,2.620967741935484,483,492,13,0,479,484,19066,4,0,0,4,8
2020-07-29,US,Alabama,Marion,496,24,0,34.13697363,-87.88704173,1093.0,1669.5277525329025,4.838709677419356,472,488,24,0,464,484,29763,8,0,0,8,4
2020-07-29,US,Alabama,Marshall,2727,28,0,34.36975964,-86.30486727,1095.0,2817.905635811272,1.0267693436010268,2699,2715,26,0,2689,2705,96109,12,2,0,10,10
2020-07-29,US,Alabama,Mobile,7683,180,0,30.78472347,-88.20842409,1097.0,1859.345127175044,2.3428348301444752,7503,7495,177,0,7318,7361,413757,188,3,0,185,134
2020-07-29,US,Alabama,Monroe,370,3,0,31.56729412,-87.36995001,1099.0,1784.5946076303478,0.8108108108108109,367,362,3,0,359,362,21067,8,0,0,8,0
2020-07-29,US,Alabama,Montgomery,5885,138,0,32.2206831,-86.20969272,1101.0,2598.394602756903,2.344944774851317,5747,5838,138,0,5700,5768,225763,47,0,0,47,70
2020-07-29,US,Alabama,Morgan,2031,14,0,34.45500589,-86.85475946,1103.0,1697.039580878851,0.6893156080748399,2017,1998,13,0,1985,1973,119089,33,1,0,32,25
2020-07-29,US,Alabama,Perry,403,3,0,32.64048341,-87.29770589,1105.0,4516.41824498487,0.7444168734491315,400,397,3,0,394,387,9140,6,0,0,6,10
2020-07-29,US,Alabama,Pickens,340,9,0,33.28094866,-88.08818103,1107.0,1705.9708981435022,2.647058823529412,331,340,9,0,331,338,19938,0,0,0,0,2
2020-07-29,US,Alabama,Pike,616,7,0,31.80396383,-85.9408295,1109.0,1860.2403817116626,1.1363636363636365,609,612,7,0,605,603,33338,4,0,0,4,9
2020-07-29,US,Alabama,Randolph,378,10,0,33.29526734,-85.45708831,1111.0,1663.5859519408502,2.6455026455026456,368,371,10,0,361,367,22725,7,0,0,7,4
2020-07-29,US,Alabama,Russell,1121,1,0,32.28725256,-85.18415324,1113.0,1934.05910871103,0.08920606601248884,1120,1104,1,0,1103,1081,57781,17,0,0,17,23
2020-07-29,US,Alabama,Shelby,2784,30,0,33.26879845,-86.66232561,1117.0,1278.812321430212,1.0775862068965518,2754,2726,29,0,2697,2684,215707,58,1,0,57,42
2020-07-29,US,Alabama,St. Clair,1097,9,0,33.71902176,-86.31029372,1115.0,1225.5340066136384,0.8204193254329991,1088,1041,9,0,1032,1015,88690,56,0,0,56,26
2020-07-29,US,Alabama,Sumter,350,16,0,32.59117397,-88.19916205,1119.0,2816.448056650841,4.571428571428571,334,349,15,0,334,348,12691,1,1,0,0,1
2020-07-29,US,Alabama,Talladega,790,12,0,33.37823223,-86.16886178,1121.0,987.77163720023,1.5189873417721518,778,765,9,0,756,748,79828,25,3,0,22,17
2020-07-29,US,Alabama,Tallapoosa,771,78,0,32.86698258,-85.79833053,1123.0,1909.9759704709293,10.116731517509725,693,770,78,0,692,769,40497,1,0,0,1,1
2020-07-29,US,Alabama,Tuscaloosa,3694,61,0,33.28726072,-87.52556818,1125.0,1764.4670535692962,1.6513264753654575,3633,3675,58,0,3617,3636,208911,19,3,0,16,39
2020-07-29,US,Alabama,Unassigned,2210,49,0,0.0,0.0,90001.0,0.0,2.2171945701357467,2161,2057,45,0,2012,1986,,153,4,0,149,71
2020-07-29,US,Alabama,Walker,1407,59,0,33.80270512,-87.30027177,1127.0,2215.0155066828293,4.193319118692252,1348,1407,57,0,1350,1398,63711,0,2,0,-2,9
2020-07-29,US,Alabama,Washington,294,10,0,31.4092794,-88.20689944,1129.0,1800.808526277104,3.4013605442176873,284,288,10,0,278,278,16378,6,0,0,6,10
2020-07-29,US,Alabama,Wilcox,392,9,0,31.98773215,-87.30891118,1131.0,3779.0417429865997,2.295918367346939,383,388,9,0,379,385,10627,4,0,0,4,3
2020-07-29,US,Alabama,Winston,401,10,0,34.15030532,-87.37325922,1133.0,1697.067163231622,2.4937655860349133,391,390,10,0,380,387,23660,11,0,0,11,3
2020-07-29,US,Alaska,Aleutians East,1,0,0,55.32222414,-161.9722021,2013.0,29.96703626011388,0.0,1,1,0,0,1,1,3515,0,0,0,0,0
2020-07-29,US,Alaska,Aleutians West,3,0,0,52.3233,-174.1596,2016.0,53.24813631522897,0.0,3,3,0,0,3,4,5723,0,0,0,0,-1
2020-07-29,US,Alaska,Anchorage,1534,9,0,61.14998174,-149.14269860000005,2020.0,532.6388888888888,0.5867014341590613,1525,1482,9,0,1473,1402,291538,52,0,0,52,80
2020-07-29,US,Alaska,Bethel,18,0,0,60.90980451,-159.8561831,2050.0,97.90057652561731,0.0,18,18,0,0,18,18,18216,0,0,0,0,0
2020-07-29,US,Alaska,Bristol Bay,6,0,0,58.74513976,-156.701064,2060.0,717.7033492822967,0.0,6,6,0,0,6,6,877,0,0,0,0,0
2020-07-29,US,Alaska,Denali,1,0,0,63.67264044,-150.0076108,2068.0,47.687172150691474,0.0,1,1,0,0,1,1,2059,0,0,0,0,0
2020-07-29,US,Alaska,Dillingham,1,0,0,59.79603738,-158.23819419999995,2070.0,20.34174125305126,0.0,1,1,0,0,1,1,5000,0,0,0,0,0
2020-07-29,US,Alaska,Fairbanks North Star,380,5,0,64.80726247,-146.5692662,2090.0,392.3633697818253,1.3157894736842106,375,378,5,0,373,372,98971,2,0,0,2,6
2020-07-29,US,Alaska,Haines,4,0,0,59.09893571,-135.4679843,2100.0,158.10276679841897,0.0,4,4,0,0,4,4,2474,0,0,0,0,0
2020-07-29,US,Alaska,Juneau,85,2,0,58.45031811,-134.200436,2110.0,265.84099580909486,2.3529411764705883,83,84,2,0,82,78,32113,1,0,0,1,6
2020-07-29,US,Alaska,Kenai Peninsula,287,2,0,60.24429722,-151.53888840000005,2122.0,488.8601212781904,0.6968641114982579,285,282,2,0,280,276,58533,5,0,0,5,6
2020-07-29,US,Alaska,Ketchikan Gateway,34,0,0,55.57445008,-130.975561,2130.0,244.5867203798288,0.0,34,34,0,0,34,33,13918,0,0,0,0,1
2020-07-29,US,Alaska,Kodiak Island,5,0,0,57.65529415,-153.7493579,2150.0,38.46745653177412,0.0,5,5,0,0,5,5,13345,0,0,0,0,0
2020-07-29,US,Alaska,Kusilvak,4,0,0,62.15429159999999,-163.39678830000003,2158.0,48.11161895597787,0.0,4,4,0,0,4,4,8303,0,0,0,0,0
2020-07-29,US,Alaska,Matanuska-Susitna,245,2,0,62.31305045,-149.5741743,2170.0,226.18794833682617,0.8163265306122449,243,240,2,0,238,235,107610,5,0,0,5,5
2020-07-29,US,Alaska,Nome,17,0,0,64.90320724,-164.0353804,2180.0,169.93202718912434,0.0,17,17,0,0,17,17,10008,0,0,0,0,0
2020-07-29,US,Alaska,North Slope,12,0,0,69.31479216,-153.4836093,2185.0,122.05044751830758,0.0,12,12,0,0,12,11,9872,0,0,0,0,1
2020-07-29,US,Alaska,Northwest Arctic,19,0,0,67.04919196,-159.7503946,2188.0,249.31111402703056,0.0,19,19,0,0,19,19,7671,0,0,0,0,0
2020-07-29,US,Alaska,Petersburg,6,1,0,57.13978948,-132.9540995,2195.0,183.71096142069808,16.666666666666668,5,6,1,0,5,6,3221,0,0,0,0,0
2020-07-29,US,Alaska,Prince of Wales-Hyder,7,0,0,55.76261984,-133.0511621,2198.0,112.84862163469288,0.0,7,5,0,0,5,4,6422,2,0,0,2,1
2020-07-29,US,Alaska,Sitka,21,0,0,57.24124555,-135.3206587,2220.0,247.2624514305899,0.0,21,21,0,0,21,21,8647,0,0,0,0,0
2020-07-29,US,Alaska,Southeast Fairbanks,14,0,0,63.87692095,-143.2127643,2240.0,203.10459886841724,0.0,14,14,0,0,14,13,6918,0,0,0,0,1
2020-07-29,US,Alaska,Valdez-Cordova,42,0,0,61.47502768,-144.7126799,2261.0,456.42251684416425,0.0,42,41,0,0,41,41,9164,1,0,0,1,0
2020-07-29,US,Alaska,Wrangell,5,0,0,56.3202004,-132.05837309999998,2275.0,199.84012789768192,0.0,5,5,0,0,5,5,2503,0,0,0,0,0
2020-07-29,US,Alaska,Yakutat,5,0,0,59.8909808,-140.36014509999998,2282.0,863.5578583765113,0.0,5,5,0,0,5,4,604,0,0,0,0,1
2020-07-29,US,Alaska,Yukon-Koyukuk,42,1,0,65.50815459,-151.3907387,2290.0,803.0592734225621,2.380952380952381,41,42,1,0,41,42,5327,0,0,0,0,0
2020-07-29,US,Arizona,Apache,2950,128,0,35.39465006,-109.4892383,4001.0,4103.662692837372,4.3389830508474585,2822,2945,128,0,2817,2930,71818,5,0,0,5,15
2020-07-29,US,Arizona,Cochise,1442,44,0,31.87934684,-109.7516088,4003.0,1145.1533488985244,3.0513176144244105,1398,1422,44,0,1378,1399,126770,20,0,0,20,23
2020-07-29,US,Arizona,Coconino,2903,114,0,35.83883429,-111.7707178,4005.0,2023.3349131562072,3.926972097829831,2789,2880,112,0,2768,2870,142854,23,2,0,21,10
2020-07-29,US,Arizona,Gila,730,24,0,33.80190085,-110.8132779,4007.0,1351.4013847236106,3.287671232876712,706,724,21,0,703,703,53889,6,3,0,3,21
2020-07-29,US,Arizona,Graham,442,6,0,32.93166885,-109.8882178,4009.0,1138.0899657543064,1.3574660633484164,436,431,6,0,425,396,38072,11,0,0,11,35
2020-07-29,US,Arizona,Greenlee,52,1,0,33.21498827,-109.2405279,4011.0,547.4836807749,1.9230769230769231,51,52,1,0,51,54,9483,0,0,0,0,-2
2020-07-29,US,Arizona,La Paz,466,10,0,33.72854224,-113.9810029,4012.0,2207.693765397006,2.145922746781116,456,466,9,0,457,463,21098,0,1,0,-1,3
2020-07-29,US,Arizona,Maricopa,113148,1915,0,33.34835867,-112.4918154,4013.0,2522.5765113320645,1.6924735744334851,111233,111446,1882,0,109564,109988,4410824,1702,33,0,1669,1458
2020-07-29,US,Arizona,Mohave,2828,145,0,35.70471703,-113.7577902,4015.0,1332.8243339413048,5.127298444130127,2683,2791,142,0,2649,2725,209550,37,3,0,34,66
2020-07-29,US,Arizona,Navajo,5130,180,0,35.3997715,-110.3218983,4017.0,4624.788143233205,3.5087719298245608,4950,5106,179,0,4927,5079,110445,24,1,0,23,27
2020-07-29,US,Arizona,Pima,15601,431,0,32.0971334,-111.7890033,4019.0,1489.6698969424576,2.762643420293571,15170,15292,431,0,14861,15109,1039073,309,0,0,309,183
2020-07-29,US,Arizona,Pinal,7720,123,0,32.90525627,-111.3449483,4021.0,1668.1468228501542,1.593264248704663,7597,7655,123,0,7532,7561,447138,65,0,0,65,94
2020-07-29,US,Arizona,Santa Cruz,2543,49,0,31.52508998,-110.8479088,4023.0,5469.052432362682,1.9268580416830516,2494,2535,49,0,2486,2517,46511,8,0,0,8,18
2020-07-29,US,Arizona,Yavapai,1661,54,0,34.59933926,-112.5538588,4025.0,706.5108741423828,3.2510535821794098,1607,1627,54,0,1573,1599,231993,34,0,0,34,28
2020-07-29,US,Arizona,Yuma,10657,230,0,32.76895712,-113.90666740000002,4027.0,4984.8681163962265,2.158205874073379,10427,10562,226,0,10336,10434,212128,95,4,0,91,128
2020-07-29,US,Arkansas,Arkansas,181,1,0,34.29145151,-91.37277296,5001.0,1035.1138053299783,0.5524861878453039,180,172,1,0,171,168,17769,9,0,0,9,4
2020-07-29,US,Arkansas,Ashley,197,4,0,33.19153461,-91.76984709999999,5003.0,1002.1875158976446,2.0304568527918785,193,187,4,0,183,187,20046,10,0,0,10,0
2020-07-29,US,Arkansas,Baxter,56,0,0,36.28784385,-92.33782872,5005.0,133.54955642468758,0.0,56,56,0,0,56,56,41619,0,0,0,0,0
2020-07-29,US,Arkansas,Benton,4355,35,0,36.33644656,-94.25680817,5007.0,1560.1434400535932,0.8036739380022963,4320,4321,35,0,4286,4263,272608,34,0,0,34,58
2020-07-29,US,Arkansas,Boone,130,1,0,36.3084504,-93.09374925,5009.0,347.29643086129516,0.7692307692307693,129,126,1,0,125,118,37480,4,0,0,4,8
2020-07-29,US,Arkansas,Bradley,123,3,0,33.46755808,-92.15980837,5011.0,1142.8040509151724,2.4390243902439024,120,122,3,0,119,120,10897,1,0,0,1,2
2020-07-29,US,Arkansas,Calhoun,10,0,0,33.55598792,-92.49974403,5013.0,192.71535941414533,0.0,10,10,0,0,10,9,5277,0,0,0,0,1
2020-07-29,US,Arkansas,Carroll,331,6,0,36.34038560000001,-93.54270261,5015.0,1166.3143058491894,1.8126888217522656,325,328,6,0,322,325,28223,3,0,0,3,3
2020-07-29,US,Arkansas,Chicot,483,4,0,33.26458973,-91.29539209,5017.0,4773.670685906305,0.8281573498964804,479,331,4,0,327,325,10438,152,0,0,152,6
2020-07-29,US,Arkansas,Clark,148,0,0,34.04613432,-93.17484713,5019.0,663.0824372759856,0.0,148,145,0,0,145,138,22061,3,0,0,3,7
2020-07-29,US,Arkansas,Clay,104,4,0,36.36826212,-90.4148172,5021.0,714.7275101367602,3.8461538461538463,100,103,4,0,99,103,14847,1,0,0,1,0
2020-07-29,US,Arkansas,Cleburne,175,5,0,35.53864922,-92.02640019,5023.0,702.2753722059473,2.8571428571428568,170,175,5,0,170,175,24965,0,0,0,0,0
2020-07-29,US,Arkansas,Cleveland,63,1,0,33.89723187,-92.18537045,5025.0,791.8552036199095,1.5873015873015872,62,62,1,0,61,61,8018,1,0,0,1,1
2020-07-29,US,Arkansas,Columbia,172,6,0,33.21230701,-93.22642793,5027.0,733.2565971778148,3.4883720930232562,166,169,6,0,163,166,23537,3,0,0,3,3
2020-07-29,US,Arkansas,Conway,129,3,0,35.26205537,-92.70506566,5029.0,618.8237551568646,2.3255813953488373,126,124,3,0,121,122,20891,5,0,0,5,2
2020-07-29,US,Arkansas,Craighead,1031,11,0,35.83018283,-90.63235729,5031.0,934.4523800891852,1.066925315227934,1020,1006,11,0,995,969,108558,25,0,0,25,37
2020-07-29,US,Arkansas,Crawford,487,3,0,35.58928601,-94.2446814,5033.0,769.8752707210269,0.6160164271047228,484,473,3,0,470,464,63406,14,0,0,14,9
2020-07-29,US,Arkansas,Crittenden,1127,17,0,35.21247318,-90.30839406,5035.0,2350.1199040767387,1.5084294587400178,1110,1113,17,0,1096,1100,48342,14,0,0,14,13
2020-07-29,US,Arkansas,Cross,156,1,0,35.29631396,-90.77185818,5037.0,950.1187648456056,0.6410256410256411,155,155,1,0,154,151,16676,1,0,0,1,4
2020-07-29,US,Arkansas,Dallas,51,0,0,33.97042763,-92.65167437,5039.0,727.6358967042372,0.0,51,49,0,0,49,48,7182,2,0,0,2,1
2020-07-29,US,Arkansas,Desha,136,2,0,33.83011025,-91.25500948,5041.0,1197.0777220315113,1.4705882352941178,134,133,2,0,131,129,11512,3,0,0,3,4
2020-07-29,US,Arkansas,Drew,149,2,0,33.59035001,-91.71777921,5043.0,817.8275426752292,1.342281879194631,147,146,2,0,144,143,18328,3,0,0,3,3
2020-07-29,US,Arkansas,Faulkner,1138,4,0,35.14719007,-92.33717519,5045.0,903.1244295951813,0.351493848857645,1134,1120,4,0,1116,1081,124806,18,0,0,18,39
2020-07-29,US,Arkansas,Franklin,96,2,0,35.51202821,-93.89299569,5047.0,541.913632514818,2.083333333333333,94,85,2,0,83,83,17810,11,0,0,11,2
2020-07-29,US,Arkansas,Fulton,26,0,0,36.38177105,-91.81729127,5049.0,208.38342550292538,0.0,26,26,0,0,26,23,12269,0,0,0,0,3
2020-07-29,US,Arkansas,Garland,735,7,0,34.57692074,-93.14921604,5051.0,739.5407803916045,0.9523809523809524,728,713,7,0,706,695,99154,22,0,0,22,18
2020-07-29,US,Arkansas,Grant,122,0,0,34.29017991,-92.42320562,5053.0,667.9441554886396,0.0,122,118,0,0,118,115,18188,4,0,0,4,3
2020-07-29,US,Arkansas,Greene,269,1,0,36.11735460000001,-90.55832668,5055.0,593.4914506343077,0.3717472118959108,268,247,1,0,246,230,45325,22,0,0,22,17
2020-07-29,US,Arkansas,Hempstead,190,2,0,33.73325583,-93.66935133,5057.0,882.4075794166821,1.0526315789473684,188,180,2,0,178,174,21741,10,0,0,10,6
2020-07-29,US,Arkansas,Hot Spring,1419,7,0,34.31709259,-92.95396325,5059.0,4201.829972461579,0.4933051444679352,1412,1411,7,0,1404,1402,33701,8,0,0,8,9
2020-07-29,US,Arkansas,Howard,282,2,0,34.09007427,-93.9934871,5061.0,2136.039993940312,0.7092198581560284,280,275,2,0,273,246,13341,7,0,0,7,29
2020-07-29,US,Arkansas,Independence,266,0,0,35.74242707,-91.57001641,5063.0,703.2385988103108,0.0,266,259,0,0,259,233,37678,7,0,0,7,26
2020-07-29,US,Arkansas,Izard,37,1,0,36.09604046,-91.90847954,5065.0,271.47993249688164,2.702702702702702,36,35,1,0,34,34,13593,2,0,0,2,1
2020-07-29,US,Arkansas,Jackson,55,1,0,35.59802983,-91.21494602,5067.0,328.9670434834618,1.818181818181818,54,55,1,0,54,54,16811,0,0,0,0,1
2020-07-29,US,Arkansas,Jefferson,1239,37,0,34.26767081,-91.92619839,5069.0,1854.124266730516,2.9862792574656982,1202,1222,36,0,1186,1204,68114,17,1,0,16,18
2020-07-29,US,Arkansas,Johnson,597,0,0,35.56759135,-93.46036368,5071.0,2246.218677101362,0.0,597,592,0,0,592,585,26742,5,0,0,5,7
2020-07-29,US,Arkansas,Lafayette,48,2,0,33.24116713,-93.60677071,5073.0,724.6376811594204,4.166666666666667,46,48,2,0,46,47,6682,0,0,0,0,1
2020-07-29,US,Arkansas,Lawrence,169,9,0,36.04188196,-91.10867198,5075.0,1030.1109350237718,5.325443786982248,160,162,9,0,153,158,16434,7,0,0,7,4
2020-07-29,US,Arkansas,Lee,878,6,0,34.78498904,-90.78383866,5077.0,9913.063113921191,0.683371298405467,872,876,6,0,870,876,8985,2,0,0,2,0
2020-07-29,US,Arkansas,Lincoln,1155,11,0,33.95317155,-91.74002806,5079.0,8868.243243243243,0.9523809523809524,1144,1155,11,0,1144,1152,13383,0,0,0,0,3
2020-07-29,US,Arkansas,Little River,138,1,0,33.70375665,-94.23468591,5081.0,1125.703564727955,0.7246376811594203,137,106,1,0,105,82,12326,32,0,0,32,24
2020-07-29,US,Arkansas,Logan,130,0,0,35.21413234,-93.71951016,5083.0,605.6088698406783,0.0,130,129,0,0,129,127,21737,1,0,0,1,2
2020-07-29,US,Arkansas,Lonoke,383,2,0,34.75392199,-91.88742357,5085.0,522.4460843825451,0.5221932114882507,381,368,2,0,366,356,73657,15,0,0,15,12
2020-07-29,US,Arkansas,Madison,246,1,0,36.01038185,-93.72524943,5087.0,1484.0733590733594,0.4065040650406504,245,246,1,0,245,246,16481,0,0,0,0,0
2020-07-29,US,Arkansas,Marion,21,0,0,36.26844485,-92.68451899,5089.0,125.79369833473105,0.0,21,18,0,0,18,18,16722,3,0,0,3,0
2020-07-29,US,Arkansas,Miller,438,4,0,33.31403423,-93.89285258,5091.0,1012.5528816145364,0.9132420091324199,434,428,4,0,424,423,43592,10,0,0,10,5
2020-07-29,US,Arkansas,Mississippi,625,8,0,35.76271485,-90.05194370000002,5093.0,1537.477552827729,1.28,617,603,8,0,595,553,41239,22,0,0,22,50
2020-07-29,US,Arkansas,Monroe,48,0,0,34.6815935,-91.20540287,5095.0,716.310998358454,0.0,48,48,0,0,48,46,6900,0,0,0,0,2
2020-07-29,US,Arkansas,Montgomery,24,0,0,34.53704874,-93.65824478,5097.0,267.08212775428444,0.0,24,23,0,0,23,22,8924,1,0,0,1,1
2020-07-29,US,Arkansas,Nevada,128,8,0,33.66340119,-93.30632432,5099.0,1551.1391177896269,6.25,120,127,8,0,119,126,8326,1,0,0,1,1
2020-07-29,US,Arkansas,Newton,90,0,0,35.91947491,-93.21612969,5101.0,1160.8409647878239,0.0,90,89,0,0,89,85,7805,1,0,0,1,4
2020-07-29,US,Arkansas,Ouachita,72,1,0,33.58839816,-92.87795984,5103.0,307.92917628945344,1.3888888888888888,71,71,1,0,70,68,23606,1,0,0,1,3
2020-07-29,US,Arkansas,Perry,46,0,0,34.945915299999996,-92.94372564,5105.0,439.9808703969394,0.0,46,45,0,0,45,44,10352,1,0,0,1,1
2020-07-29,US,Arkansas,Phillips,260,6,0,34.43268455,-90.84800154,5107.0,1462.1527387245526,2.3076923076923075,254,256,6,0,250,250,18029,4,0,0,4,6
2020-07-29,US,Arkansas,Pike,65,1,0,34.16250414,-93.65789349,5109.0,606.4564284381414,1.5384615384615383,64,60,1,0,59,58,10673,5,0,0,5,2
2020-07-29,US,Arkansas,Poinsett,133,3,0,35.57433534,-90.66268713,5111.0,565.2839170350221,2.255639097744361,130,130,3,0,127,125,23974,3,0,0,3,5
2020-07-29,US,Arkansas,Polk,124,0,0,34.48254879,-94.22728802,5113.0,621.1180124223603,0.0,124,123,0,0,123,121,20049,1,0,0,1,2
2020-07-29,US,Arkansas,Pope,1119,8,0,35.44871474,-93.03212219,5115.0,1746.472718192034,0.7149240393208222,1111,1110,6,0,1104,1074,64000,9,2,0,7,36
2020-07-29,US,Arkansas,Prairie,57,0,0,34.83624419,-91.55162157,5117.0,707.0205904242122,0.0,57,56,0,0,56,56,8074,1,0,0,1,0
2020-07-29,US,Arkansas,Pulaski,4575,75,0,34.77054088,-92.31355101,5119.0,1167.3568743924004,1.639344262295082,4500,4492,74,0,4418,4437,392680,83,1,0,82,55
2020-07-29,US,Arkansas,Randolph,152,2,0,36.3415714,-91.02455531,5121.0,846.4194230983403,1.3157894736842106,150,145,2,0,143,142,17948,7,0,0,7,3
2020-07-29,US,Arkansas,Saline,809,4,0,34.64916145,-92.67583224,5125.0,660.7479765103686,0.4944375772558714,805,798,4,0,794,777,121421,11,0,0,11,21
2020-07-29,US,Arkansas,Scott,34,0,0,34.85588887,-94.0632176,5127.0,330.7071296566482,0.0,34,33,0,0,33,31,10319,1,0,0,1,2
2020-07-29,US,Arkansas,Searcy,25,0,0,35.9109364,-92.69936482,5129.0,317.218627077782,0.0,25,23,0,0,23,23,7958,2,0,0,2,0
2020-07-29,US,Arkansas,Sebastian,1543,13,0,35.19605503,-94.27162713,5131.0,1207.1002213929764,0.8425145819831497,1530,1499,13,0,1486,1454,127753,44,0,0,44,45
2020-07-29,US,Arkansas,Sevier,918,10,0,33.99780401,-94.2424869,5133.0,5397.777385782325,1.0893246187363834,908,913,10,0,903,906,17139,5,0,0,5,7
2020-07-29,US,Arkansas,Sharp,94,5,0,36.16258158,-91.47819342,5135.0,538.9290219011582,5.319148936170213,89,89,5,0,84,92,17366,5,0,0,5,-3
2020-07-29,US,Arkansas,St. Francis,1086,3,0,35.02201976,-90.74828138,5123.0,4345.042810274466,0.27624309392265195,1083,1083,3,0,1080,1079,25439,3,0,0,3,4
2020-07-29,US,Arkansas,Stone,45,1,0,35.86251946,-92.15684085,5137.0,359.827282904206,2.2222222222222223,44,44,1,0,43,43,12457,1,0,0,1,1
2020-07-29,US,Arkansas,Unassigned,1545,0,0,0.0,0.0,90005.0,0.0,0.0,1545,1514,0,0,1514,1499,,31,0,0,31,15
2020-07-29,US,Arkansas,Union,379,16,0,33.16887091,-92.59746952,5139.0,979.78387880668,4.221635883905013,363,376,15,0,361,373,39126,3,1,0,2,3
2020-07-29,US,Arkansas,Van Buren,49,2,0,35.58095779,-92.51295036,5141.0,296.161982472046,4.081632653061225,47,46,2,0,44,44,16603,3,0,0,3,2
2020-07-29,US,Arkansas,Washington,5812,43,0,35.976844,-94.21800746,5143.0,2429.897945958601,0.7398485891259463,5769,5783,42,0,5741,5729,236961,29,1,0,28,54
2020-07-29,US,Arkansas,White,241,2,0,35.25688493,-91.74908296,5145.0,306.02008812362703,0.8298755186721992,239,230,2,0,228,222,78727,11,0,0,11,8
2020-07-29,US,Arkansas,Woodruff,17,0,0,35.18902527,-91.2439489,5147.0,268.9873417721519,0.0,17,17,0,0,17,17,6490,0,0,0,0,0
2020-07-29,US,Arkansas,Yell,982,14,0,35.00292371,-93.41171338,5149.0,4601.471346234946,1.4256619144602851,968,975,14,0,961,967,21535,7,0,0,7,8
2020-07-29,US,California,Alameda,10773,181,0,37.64629437,-121.8929271,6001.0,644.5768606899062,1.6801262415297502,10592,10633,181,0,10452,10438,1666753,140,0,0,140,195
2020-07-29,US,California,Alpine,2,0,0,38.59678594,-119.8223594,6003.0,177.14791851195747,0.0,2,2,0,0,2,2,1101,0,0,0,0,0
2020-07-29,US,California,Amador,89,0,0,38.44583082,-120.65696,6005.0,223.88810625880456,0.0,89,84,0,0,84,81,39383,5,0,0,5,3
2020-07-29,US,California,Butte,883,7,0,39.66727762,-121.6005252,6007.0,402.8541968921373,0.7927519818799547,876,866,7,0,859,820,231256,17,0,0,17,46
2020-07-29,US,California,Calaveras,108,1,0,38.20537103,-120.552913,6009.0,235.2684892713212,0.925925925925926,107,99,1,0,98,99,45602,9,0,0,9,0
2020-07-29,US,California,Colusa,304,3,0,39.17881957,-122.2331726,6011.0,1410.8692625423496,0.986842105263158,301,292,2,0,290,273,21627,12,1,0,11,19
2020-07-29,US,California,Contra Costa,7714,109,0,37.91923498,-121.9289527,6013.0,668.7322175659673,1.4130152968628469,7605,7304,108,0,7196,7073,1150215,410,1,0,409,231
2020-07-29,US,California,Del Norte,88,0,0,41.74228275,-123.89740630000001,6015.0,316.41018265496916,0.0,88,88,0,0,88,87,27828,0,0,0,0,1
2020-07-29,US,California,El Dorado,589,1,0,38.77965956,-120.5233166,6017.0,305.4298055931509,0.1697792869269949,588,555,1,0,554,513,190678,34,0,0,34,42
2020-07-29,US,California,Fresno,13336,120,0,36.75733899,-119.6466953,6019.0,1334.7999851866828,0.8998200359928015,13216,13209,112,0,13097,12564,994400,127,8,0,119,645
2020-07-29,US,California,Glenn,311,1,0,39.59875897,-122.3938452,6021.0,1095.3404008030147,0.3215434083601286,310,303,1,0,302,265,28047,8,0,0,8,38
2020-07-29,US,California,Humboldt,228,4,0,40.69923009,-123.876044,6023.0,168.1936883105387,1.7543859649122806,224,217,4,0,213,205,136373,11,0,0,11,12
2020-07-29,US,California,Imperial,9241,188,0,33.0393082,-115.3669042,6025.0,5099.4674833761,2.0344118601882912,9053,9189,188,0,9001,9162,181827,52,0,0,52,27
2020-07-29,US,California,Inyo,47,1,0,36.51112084,-117.41119779999998,6027.0,260.5465934918787,2.127659574468085,46,46,1,0,45,40,17987,1,0,0,1,6
2020-07-29,US,California,Kern,17344,135,0,35.34329425,-118.7277796,6029.0,1926.6786787854278,0.7783671586715867,17209,16896,135,0,16761,15003,896764,448,0,0,448,1893
2020-07-29,US,California,Kings,4036,50,0,36.07409056,-119.8159973,6031.0,2638.943376487512,1.2388503468780971,3986,3966,49,0,3917,3842,151366,70,1,0,69,124
2020-07-29,US,California,Lake,181,1,0,39.10124298,-122.7536244,6033.0,281.11701301525176,0.5524861878453039,180,180,1,0,179,175,64382,1,0,0,1,5
2020-07-29,US,California,Lassen,558,0,0,40.67311306,-120.59350990000002,6035.0,1825.1398292611127,0.0,558,558,0,0,558,555,30802,0,0,0,0,3
2020-07-29,US,California,Los Angeles,183456,4518,0,34.30828379,-118.2282411,6037.0,1827.4135338930048,2.4627158555729984,178938,178642,4426,0,174216,176028,10105518,4814,92,0,4722,2614
2020-07-29,US,California,Madera,1850,28,0,37.21513971,-119.76655890000002,6039.0,1175.8947923751168,1.5135135135135136,1822,1723,21,0,1702,1630,157672,127,7,0,120,93
2020-07-29,US,California,Marin,4817,61,0,38.07122463,-122.7210631,6041.0,1861.0958713575915,1.2663483495951835,4756,4769,59,0,4710,4637,259666,48,2,0,46,132
2020-07-29,US,California,Mariposa,51,2,0,37.57978556,-119.9073334,6043.0,296.4599197814335,3.92156862745098,49,48,2,0,46,46,17471,3,0,0,3,2
2020-07-29,US,California,Mendocino,280,6,0,39.4381191,-123.3911313,6045.0,322.7702913001878,2.142857142857143,274,274,6,0,268,265,87606,6,0,0,6,9
2020-07-29,US,California,Merced,3906,35,0,37.18922369,-120.7209035,6047.0,1406.6551426101987,0.8960573476702509,3871,3510,29,0,3481,3245,274765,396,6,0,390,265
2020-07-29,US,California,Modoc,2,0,0,41.58965602,-120.7244817,6049.0,22.621875353466802,0.0,2,,,,,,8777,,,,,
2020-07-29,US,California,Mono,125,1,0,37.93899289,-118.8872409,6051.0,865.4112434228746,0.8,124,118,1,0,117,113,14250,7,0,0,7,5
2020-07-29,US,California,Monterey,4288,26,0,36.21862405,-121.2413397,6053.0,987.8795837451418,0.6063432835820896,4262,4140,24,0,4116,4082,435594,148,2,0,146,58
2020-07-29,US,California,Napa,860,8,0,38.50735751,-122.332839,6055.0,624.3466140085957,0.9302325581395348,852,806,8,0,798,766,139417,54,0,0,54,40
2020-07-29,US,California,Nevada,288,1,0,39.30394768,-120.7627281,6057.0,288.70733296576617,0.3472222222222222,287,273,1,0,272,255,99696,15,0,0,15,18
2020-07-29,US,California,Orange,35272,587,0,33.70147516,-117.76459979999998,6059.0,1110.6870565533434,1.6642095713313676,34685,34833,581,0,34252,34646,3185968,439,6,0,433,187
2020-07-29,US,California,Placer,1790,15,0,39.06167234,-120.7240569,6061.0,449.3772735602981,0.8379888268156425,1775,1753,15,0,1738,1685,393149,37,0,0,37,68
2020-07-29,US,California,Plumas,31,0,0,40.00355989,-120.8395236,6063.0,164.83224331365983,0.0,31,29,0,0,29,29,18804,2,0,0,2,0
2020-07-29,US,California,Riverside,36159,682,0,33.74314981,-115.9933578,6065.0,1463.6035920804557,1.8861141071379184,35477,35187,671,0,34516,33467,2450758,972,11,0,961,1720
2020-07-29,US,California,Sacramento,9514,126,0,38.45106826,-121.3425374,6067.0,612.9925556905735,1.3243640950178683,9388,9418,121,0,9297,9018,1540975,96,5,0,91,400
2020-07-29,US,California,San Benito,601,4,0,36.60308176,-121.069975,6069.0,956.8844733155013,0.6655574043261231,597,553,2,0,551,536,61537,48,2,0,46,17
2020-07-29,US,California,San Bernardino,32309,419,0,34.84060306,-116.1774685,6071.0,1482.0064355288898,1.2968522702652512,31890,29962,395,0,29567,27992,2171603,2347,24,0,2323,1970
2020-07-29,US,California,San Diego,28287,552,0,33.03484597,-116.7365326,6073.0,847.3398375834622,1.9514264503128649,27735,27507,533,0,26974,27507,3343364,780,19,0,761,0
2020-07-29,US,California,San Francisco,6197,57,0,37.75215114,-122.4385672,6075.0,702.9671634815535,0.9197999031789575,6140,6065,56,0,6009,6022,883305,132,1,0,131,43
2020-07-29,US,California,San Joaquin,11209,146,0,37.93433732,-121.2730061,6077.0,1470.7117252817038,1.3025247568917837,11063,10923,133,0,10790,10675,752660,286,13,0,273,248
2020-07-29,US,California,San Luis Obispo,1710,12,0,35.38822029,-120.4039028,6079.0,604.0033767674163,0.7017543859649122,1698,1644,9,0,1635,1644,284010,66,3,0,63,0
2020-07-29,US,California,San Mateo,5306,118,0,37.4228808,-122.32755459999998,6081.0,692.1715218250577,2.223897474557105,5188,5198,118,0,5080,5124,769545,108,0,0,108,74
2020-07-29,US,California,Santa Barbara,6021,32,0,34.65329488,-120.0188492,6083.0,1348.4912620185041,0.5314731772130875,5989,5633,32,0,5601,5576,446527,388,0,0,388,57
2020-07-29,US,California,Santa Clara,9612,187,0,37.23104908,-121.6970462,6085.0,498.58599104080605,1.94548481065335,9425,9215,184,0,9031,9215,1937570,397,3,0,394,0
2020-07-29,US,California,Santa Cruz,1030,4,0,37.05580291,-122.0066524,6087.0,376.9952381475258,0.3883495145631068,1026,980,4,0,976,920,274255,50,0,0,50,60
2020-07-29,US,California,Shasta,348,8,0,40.76391419,-122.0396884,6089.0,193.2474455797424,2.2988505747126435,340,323,8,0,315,311,180040,25,0,0,25,12
2020-07-29,US,California,Sierra,2,0,0,39.57713498,-120.52007009999998,6091.0,66.55574043261231,0.0,2,2,0,0,2,1,2987,0,0,0,0,1
2020-07-29,US,California,Siskiyou,67,0,0,41.59198861,-122.54074340000001,6093.0,153.88502262339512,0.0,67,66,0,0,66,65,43724,1,0,0,1,1
2020-07-29,US,California,Solano,3462,37,0,38.26827353,-121.9357113,6095.0,773.3841476355043,1.0687463893703062,3425,3283,36,0,3247,3129,446610,179,1,0,178,154
2020-07-29,US,California,Sonoma,2662,31,0,38.52746429,-122.8862506,6097.0,538.5001294665976,1.1645379413974457,2631,2617,24,0,2593,2599,499942,45,7,0,38,18
2020-07-29,US,California,Stanislaus,8492,103,0,37.55862499,-120.9970722,6099.0,1542.149420695166,1.2129062647197362,8389,8228,95,0,8133,7994,549815,264,8,0,256,234
2020-07-29,US,California,Sutter,731,6,0,39.03417539,-121.6945899,6101.0,753.8336203607263,0.8207934336525308,725,670,6,0,664,647,96807,61,0,0,61,23
2020-07-29,US,California,Tehama,219,1,0,40.12570935,-122.2370171,6103.0,336.4882305943089,0.45662100456620996,218,214,1,0,213,189,63916,5,0,0,5,25
2020-07-29,US,California,Trinity,4,0,0,40.64917670000001,-123.114713,6105.0,32.56003256003256,0.0,4,3,0,0,3,3,12535,1,0,0,1,0
2020-07-29,US,California,Tulare,9076,173,0,36.22026558,-118.8020203,6107.0,1946.824826521091,1.9061260467166152,8903,8862,173,0,8689,8534,465861,214,0,0,214,328
2020-07-29,US,California,Tuolumne,132,2,0,38.02644018,-119.9525093,6109.0,242.29964389294759,1.5151515151515151,130,131,2,0,129,131,54539,1,0,0,1,0
2020-07-29,US,California,Ventura,6997,73,0,34.44465746,-119.0910613,6111.0,827.0626922267691,1.0433042732599689,6924,6830,70,0,6760,6392,850967,167,3,0,164,438
2020-07-29,US,California,Yolo,1477,41,0,38.68278902,-121.9018288,6113.0,669.8412698412699,2.7758970886932968,1436,1446,39,0,1407,1424,220408,31,2,0,29,22
2020-07-29,US,California,Yuba,441,4,0,39.26255932,-121.3535644,6115.0,560.5837189200183,0.90702947845805,437,397,3,0,394,382,78041,44,1,0,43,15
2020-07-29,US,Colorado,Adams,5794,168,0,39.87432092,-104.3362578,8001.0,1119.7844695132203,2.89955125992406,5626,5713,168,0,5545,5626,511868,81,0,0,81,87
2020-07-29,US,Colorado,Alamosa,221,8,0,37.57250606,-105.7885451,8003.0,1361.4242592250355,3.619909502262444,213,221,8,0,213,220,16683,0,0,0,0,1
2020-07-29,US,Colorado,Arapahoe,6749,362,0,39.64977461,-104.3353617,8005.0,1027.8865045157556,5.3637575937175885,6387,6691,362,0,6329,6570,651215,58,0,0,58,121
2020-07-29,US,Colorado,Archuleta,30,0,0,37.19474156,-107.04768670000001,8007.0,213.84275429467533,0.0,30,32,0,0,32,28,13765,-2,0,0,-2,4
2020-07-29,US,Colorado,Baca,14,0,0,37.31940883,-102.5603223,8009.0,390.9522479754258,0.0,14,14,0,0,14,14,3585,0,0,0,0,0
2020-07-29,US,Colorado,Bent,5,0,0,37.95474293,-103.0720195,8011.0,89.65393580778195,0.0,5,5,0,0,5,5,5882,0,0,0,0,0
2020-07-29,US,Colorado,Boulder,1825,75,0,40.09313619,-105.3546767,8013.0,559.4795766962194,4.109589041095891,1750,1813,74,0,1739,1782,326078,12,1,0,11,31
2020-07-29,US,Colorado,Broomfield,387,33,0,39.95998787,-105.0566324,8014.0,549.2088270772723,8.527131782945737,354,385,32,0,353,383,69267,2,1,0,1,2
2020-07-29,US,Colorado,Chaffee,281,19,0,38.74745778,-106.19265729999998,8015.0,1380.4283749263116,6.761565836298933,262,281,19,0,262,278,20027,0,0,0,0,3
2020-07-29,US,Colorado,Cheyenne,8,0,0,38.82777431,-102.6032558,8017.0,436.9197160021846,0.0,8,8,0,0,8,8,1876,0,0,0,0,0
2020-07-29,US,Colorado,Clear Creek,26,1,0,39.68864463,-105.6463118,8019.0,268.0412371134021,3.8461538461538463,25,26,1,0,25,26,9605,0,0,0,0,0
2020-07-29,US,Colorado,Conejos,21,0,0,37.201606,-106.19174879999998,8021.0,255.94149908592323,0.0,21,21,0,0,21,21,8200,0,0,0,0,0
2020-07-29,US,Colorado,Costilla,22,0,0,37.27732493,-105.4276548,8023.0,565.9891947517366,0.0,22,22,0,0,22,22,3828,0,0,0,0,0
2020-07-29,US,Colorado,Crowley,72,1,0,38.32608609,-103.7844965,8025.0,1187.922785018974,1.3888888888888888,71,72,1,0,71,72,5858,0,0,0,0,0
2020-07-29,US,Colorado,Custer,10,0,0,38.10883162,-105.3683478,8027.0,197.3164956590371,0.0,10,10,0,0,10,10,4954,0,0,0,0,0
2020-07-29,US,Colorado,Delta,100,1,0,38.86246243,-107.86313419999999,8029.0,320.9036647198511,1.0,99,100,1,0,99,98,30953,0,0,0,0,2
2020-07-29,US,Colorado,Denver,9482,408,0,39.76018276,-104.87256950000001,8031.0,1303.8856672960114,4.302889685720312,9074,9387,407,0,8980,9256,716492,95,1,0,94,131
2020-07-29,US,Colorado,Dolores,1,0,0,37.75208676,-108.5211585,8033.0,48.661800486618006,0.0,1,1,0,0,1,1,2074,0,0,0,0,0
2020-07-29,US,Colorado,Douglas,1577,58,0,39.33133796,-104.930001,8035.0,449.0907123370373,3.677869372225745,1519,1558,56,0,1502,1529,342776,19,2,0,17,29
2020-07-29,US,Colorado,Eagle,1002,9,0,39.62754308,-106.6933637,8037.0,1817.6211293921308,0.8982035928143712,993,983,9,0,974,972,54993,19,0,0,19,11
2020-07-29,US,Colorado,El Paso,4327,130,0,38.83240149,-104.5251411,8041.0,600.6360328871477,3.004391033048301,4197,4265,127,0,4138,4150,713856,62,3,0,59,115
2020-07-29,US,Colorado,Elbert,82,2,0,39.28656773,-104.13587209999999,8039.0,306.78289498297727,2.4390243902439024,80,81,2,0,79,79,26282,1,0,0,1,2
2020-07-29,US,Colorado,Fremont,95,0,0,38.47362326,-105.43996670000001,8043.0,198.582746294864,0.0,95,94,0,0,94,91,48021,1,0,0,1,3
2020-07-29,US,Colorado,Garfield,664,4,0,39.59921777,-107.902708,8045.0,1105.5426982567724,0.6024096385542169,660,639,4,0,635,626,59770,25,0,0,25,13
2020-07-29,US,Colorado,Gilpin,13,0,0,39.85646523,-105.5252597,8047.0,208.23322120775268,0.0,13,13,0,0,13,13,6121,0,0,0,0,0
2020-07-29,US,Colorado,Grand,41,1,0,40.10603347,-106.11780420000001,8049.0,260.58217872124055,2.4390243902439024,40,40,1,0,39,39,15525,1,0,0,1,1
2020-07-29,US,Colorado,Gunnison,244,6,0,38.66611652,-107.0320729,8051.0,1397.319894628336,2.459016393442623,238,230,6,0,224,220,17246,14,0,0,14,10
2020-07-29,US,Colorado,Hinsdale,3,0,0,37.82247444,-107.3004345,8053.0,365.8536585365854,0.0,3,3,0,0,3,3,811,0,0,0,0,0
2020-07-29,US,Colorado,Huerfano,6,1,0,37.68473101,-104.9612585,8055.0,86.99434536755109,16.666666666666668,5,6,1,0,5,6,6889,0,0,0,0,0
2020-07-29,US,Colorado,Jackson,8,0,0,40.66593870000001,-106.3408905,8057.0,574.7126436781608,0.0,8,8,0,0,8,8,1399,0,0,0,0,0
2020-07-29,US,Colorado,Jefferson,3782,225,0,39.58635604,-105.2517692,8059.0,648.8459908626288,5.949233209941831,3557,3739,224,0,3515,3676,580233,43,1,0,42,63
2020-07-29,US,Colorado,Kit Carson,42,3,0,39.30497777,-102.60221990000001,8063.0,591.7993518388051,7.142857142857142,39,42,3,0,39,42,7163,0,0,0,0,0
2020-07-29,US,Colorado,La Plata,196,2,0,37.28632032,-107.8429014,8067.0,348.6241795770264,1.020408163265306,194,192,2,0,190,188,56310,4,0,0,4,4
2020-07-29,US,Colorado,Lake,68,0,0,39.20278823,-106.35556969999999,8065.0,836.7171157868833,0.0,68,67,0,0,67,61,7824,1,0,0,1,6
2020-07-29,US,Colorado,Larimer,1314,34,0,40.66671597,-105.4625784,8069.0,368.1713874233328,2.5875190258751903,1280,1299,33,0,1266,1261,350518,15,1,0,14,38
2020-07-29,US,Colorado,Las Animas,14,0,0,37.3153406,-104.03764579999999,8071.0,96.51178822556184,0.0,14,14,0,0,14,13,14503,0,0,0,0,1
2020-07-29,US,Colorado,Lincoln,6,0,0,38.98749519,-103.51366490000001,8073.0,105.24469391334854,0.0,6,6,0,0,6,6,5610,0,0,0,0,0
2020-07-29,US,Colorado,Logan,647,5,0,40.7249637,-103.110817,8075.0,2887.2328082466865,0.7727975270479135,642,647,5,0,642,645,21528,0,0,0,0,2
2020-07-29,US,Colorado,Mesa,244,2,0,39.01787888,-108.469799,8077.0,158.22579599247783,0.819672131147541,242,241,1,0,240,233,153207,3,1,0,2,8
2020-07-29,US,Colorado,Mineral,18,0,0,37.66954283,-106.92816979999999,8079.0,2340.702210663199,0.0,18,18,0,0,18,18,776,0,0,0,0,0
2020-07-29,US,Colorado,Moffat,24,1,0,40.61810999,-108.2070876,8081.0,180.68207483249267,4.166666666666667,23,23,1,0,22,23,13188,1,0,0,1,0
2020-07-29,US,Colorado,Montezuma,103,4,0,37.33859579,-108.59588570000001,8083.0,393.3850208150327,3.8834951456310685,99,103,4,0,99,102,26158,0,0,0,0,1
2020-07-29,US,Colorado,Montrose,265,13,0,38.40214114,-108.26390220000002,8085.0,619.7670611347584,4.90566037735849,252,263,13,0,250,260,42214,2,0,0,2,3
2020-07-29,US,Colorado,Morgan,673,46,0,40.26279810000001,-103.8093302,8087.0,2315.2607678546856,6.8350668647845465,627,673,46,0,627,673,28558,0,0,0,0,0
2020-07-29,US,Colorado,Otero,44,4,0,37.9014485,-103.7173385,8089.0,240.7265565160302,9.090909090909092,40,40,3,0,37,38,18432,4,1,0,3,2
2020-07-29,US,Colorado,Ouray,12,1,0,38.14717457,-107.7675136,8091.0,242.3263327948304,8.333333333333334,11,12,1,0,11,12,4833,0,0,0,0,0
2020-07-29,US,Colorado,Park,41,1,0,39.120926000000004,-105.7182065,8093.0,217.5643406739188,2.4390243902439024,40,40,1,0,39,40,18556,1,0,0,1,0
2020-07-29,US,Colorado,Phillips,19,0,0,40.59414277,-102.3577703,8095.0,445.48651817116064,0.0,19,19,0,0,19,19,4286,0,0,0,0,0
2020-07-29,US,Colorado,Pitkin,160,2,0,39.21720112,-106.9310027,8097.0,900.5459559858164,1.25,158,158,2,0,156,151,17950,2,0,0,2,7
2020-07-29,US,Colorado,Prowers,46,0,0,37.95544985,-102.3926052,8099.0,377.91652974038783,0.0,46,46,0,0,46,46,12164,0,0,0,0,0
2020-07-29,US,Colorado,Pueblo,577,34,0,38.17359144,-104.5127437,8101.0,342.5877547142925,5.8925476603119575,543,575,34,0,541,563,167529,2,0,0,2,12
2020-07-29,US,Colorado,Rio Blanco,6,0,0,39.97913541,-108.2179009,8103.0,94.87666034155598,0.0,6,6,0,0,6,6,6336,0,0,0,0,0
2020-07-29,US,Colorado,Rio Grande,87,2,0,37.5836865,-106.3847838,8105.0,772.1665039495872,2.2988505747126435,85,87,2,0,85,87,11250,0,0,0,0,0
2020-07-29,US,Colorado,Routt,96,6,0,40.48596505,-106.9905548,8107.0,374.4441844137608,6.25,90,96,6,0,90,95,25733,0,0,0,0,1
2020-07-29,US,Colorado,Saguache,107,2,0,38.08054629,-106.28246599999999,8109.0,1567.9953106682299,1.8691588785046729,105,107,2,0,105,107,6843,0,0,0,0,0
2020-07-29,US,Colorado,San Juan,2,0,0,37.76248981,-107.67632890000002,8111.0,274.72527472527474,0.0,2,2,0,0,2,2,762,0,0,0,0,0
2020-07-29,US,Colorado,San Miguel,73,0,0,38.00450883,-108.4020725,8113.0,892.5296491013571,0.0,73,73,0,0,73,73,8191,0,0,0,0,0
2020-07-29,US,Colorado,Sedgwick,11,1,0,40.87595412,-102.3519227,8115.0,489.32384341637015,9.090909090909092,10,11,0,0,11,11,2303,0,1,0,-1,0
2020-07-29,US,Colorado,Summit,320,4,0,39.63803232,-106.1150762,8117.0,1031.8919093224986,1.25,316,318,4,0,314,318,31007,2,0,0,2,0
2020-07-29,US,Colorado,Teller,106,2,0,38.88133511,-105.16148929999999,8119.0,417.5200882306602,1.8867924528301887,104,102,2,0,100,97,25083,4,0,0,4,5
2020-07-29,US,Colorado,Washington,46,0,0,39.97015535,-103.202587,8121.0,937.2453137734312,0.0,46,46,0,0,46,46,4909,0,0,0,0,0
2020-07-29,US,Colorado,Weld,3462,141,0,40.55499405,-104.39296209999999,8123.0,1066.89841352021,4.072790294627383,3321,3452,139,0,3313,3422,314305,10,2,0,8,30
2020-07-29,US,Colorado,Yuma,57,0,0,40.00346839,-102.4258673,8125.0,568.9190537977843,0.0,57,57,0,0,57,57,10020,0,0,0,0,0
2020-07-29,US,Connecticut,Fairfield,17733,1404,0,41.26809896,-73.3881171,9001.0,1879.82597855262,7.9174420571815265,16329,17494,1403,0,16091,17459,943823,239,1,0,238,35
2020-07-29,US,Connecticut,Hartford,12542,1411,0,41.80283011,-72.73103891,9003.0,1406.4953124299109,11.250199330250359,11131,12401,1411,0,10990,12390,892697,141,0,0,141,11
2020-07-29,US,Connecticut,Litchfield,1593,138,0,41.7937534,-73.2451475,9005.0,883.3657733193593,8.662900188323917,1455,1570,138,0,1432,1568,181111,23,0,0,23,2
2020-07-29,US,Connecticut,Middlesex,1375,189,0,41.45949668,-72.53714864,9007.0,846.4872318944076,13.745454545454544,1186,1374,189,0,1185,1373,162682,1,0,0,1,1
2020-07-29,US,Connecticut,New Haven,12983,1100,0,41.4080325,-72.93620426,9009.0,1518.9112227217795,8.472618038974042,11883,12965,1099,0,11866,12941,857620,18,1,0,17,24
2020-07-29,US,Connecticut,New London,1387,103,0,41.48896435,-72.10430976,9011.0,522.9896759500161,7.426099495313626,1284,1382,103,0,1279,1373,266784,5,0,0,5,9
2020-07-29,US,Connecticut,Tolland,1001,65,0,41.85853803,-72.3308481,9013.0,664.1410287882909,6.493506493506493,936,972,65,0,907,969,150921,29,0,0,29,3
2020-07-29,US,Connecticut,Unassigned,250,0,0,0.0,0.0,90009.0,0.0,0.0,250,245,0,0,245,242,,5,0,0,5,3
2020-07-29,US,Connecticut,Windham,676,15,0,41.82972709,-71.98182316,9015.0,578.8563305988937,2.218934911242604,661,674,15,0,659,668,117027,2,0,0,2,6
2020-07-29,US,Delaware,Kent,2142,95,0,39.08646628,-75.56884914,10001.0,1184.8262586704725,4.435107376283846,2047,2132,95,0,2037,2125,178550,10,0,0,10,7
2020-07-29,US,Delaware,New Castle,6682,285,0,39.57992638,-75.64054974,10003.0,1195.8772480863636,4.2651900628554325,6397,6588,285,0,6303,6560,559335,94,0,0,94,28
2020-07-29,US,Delaware,Sussex,5575,191,0,38.66143781,-75.39031349,10005.0,2380.1899882591524,3.4260089686098656,5384,5564,190,0,5374,5529,229286,11,1,0,10,35
2020-07-29,US,Delaware,Unassigned,203,10,0,0.0,0.0,90010.0,0.0,4.9261083743842375,193,192,10,0,182,192,,11,0,0,11,0
2020-07-29,US,District of Columbia,District of Columbia,11999,584,0,38.90417773,-77.01655992,11001.0,1700.1795255820416,4.867072256021335,11415,11945,583,0,11362,11858,702455,54,1,0,53,87
2020-07-29,US,Florida,Alachua,3353,20,0,29.67866525,-82.35928158,12001.0,1246.2691837364287,0.5964807634953773,3333,3297,20,0,3277,3186,269956,56,0,0,56,111
2020-07-29,US,Florida,Baker,329,4,0,30.33060121,-82.28467476,12003.0,1126.3266004792881,1.2158054711246202,325,322,4,0,318,310,28355,7,0,0,7,12
2020-07-29,US,Florida,Bay,3257,19,0,30.26548745,-85.62122584,12005.0,1864.2855098594773,0.5833589192508444,3238,3146,18,0,3128,3026,185287,111,1,0,110,120
2020-07-29,US,Florida,Bradford,307,3,0,29.95079741,-82.16611613,12007.0,1088.6138789404629,0.977198697068404,304,240,3,0,237,236,27732,67,0,0,67,4
2020-07-29,US,Florida,Brevard,5254,95,0,28.29409504,-80.73091022,12009.0,872.8415694535353,1.8081461743433571,5159,5155,85,0,5070,5069,596849,99,10,0,89,86
2020-07-29,US,Florida,Broward,52970,638,0,26.15184651,-80.48725556,12011.0,2712.5459217586435,1.2044553520860866,52332,51657,607,0,51050,50784,1951260,1313,31,0,1282,873
2020-07-29,US,Florida,Calhoun,271,7,0,30.40666734,-85.19394153,12013.0,1921.3045019496633,2.5830258302583027,264,265,7,0,258,261,14587,6,0,0,6,4
2020-07-29,US,Florida,Charlotte,1807,85,0,26.90131002,-81.92949121,12015.0,956.5401513948441,4.703929164360818,1722,1784,84,0,1700,1717,184998,23,1,0,22,67
2020-07-29,US,Florida,Citrus,1160,23,0,28.84804315,-82.47614748,12017.0,775.1057417962406,1.9827586206896552,1137,1123,20,0,1103,1102,147929,37,3,0,34,21
2020-07-29,US,Florida,Clay,2697,47,0,29.98319144,-81.85609986,12019.0,1230.0914016747854,1.7426770485724878,2650,2615,47,0,2568,2577,216072,82,0,0,82,38
2020-07-29,US,Florida,Collier,9178,120,0,26.11091986,-81.34687065,12021.0,2384.5030683134933,1.3074743952930925,9058,9069,120,0,8949,8870,378488,109,0,0,109,199
2020-07-29,US,Florida,Columbia,2323,10,0,30.22509788,-82.62160164,12023.0,3240.521161733115,0.4304778303917348,2313,2285,10,0,2275,2203,70503,38,0,0,38,82
2020-07-29,US,Florida,DeSoto,1240,14,0,27.18677893,-81.80941373,12027.0,3263.072024420411,1.1290322580645162,1226,1227,14,0,1213,1205,37489,13,0,0,13,22
2020-07-29,US,Florida,Dixie,241,4,0,29.60631086,-83.15724673,12029.0,1432.3071437061692,1.6597510373443984,237,238,4,0,234,231,16700,3,0,0,3,7
2020-07-29,US,Florida,Duval,20398,149,0,30.33225875,-81.66976468,12031.0,2129.772227761797,0.7304637709579369,20249,20138,146,0,19992,20001,950181,260,3,0,257,137
2020-07-29,US,Florida,Escambia,7429,88,0,30.67652764,-87.37284571,12033.0,2333.844355923045,1.1845470453627676,7341,7250,85,0,7165,7158,315534,179,3,0,176,92
2020-07-29,US,Florida,Flagler,850,10,0,29.45933576,-81.31508595,12035.0,738.6101962965216,1.1764705882352942,840,838,10,0,828,813,112067,12,0,0,12,25
2020-07-29,US,Florida,Franklin,103,1,0,29.83791238,-84.82731662,12037.0,849.4845360824742,0.9708737864077671,102,95,1,0,94,87,11736,8,0,0,8,8
2020-07-29,US,Florida,Gadsden,1267,14,0,30.57796289,-84.61915825,12039.0,2774.857643451599,1.1049723756906078,1253,1224,13,0,1211,1197,45894,43,1,0,42,27
2020-07-29,US,Florida,Gilchrist,334,2,0,29.72856978,-82.79880657,12041.0,1797.4383812291464,0.5988023952095808,332,324,1,0,323,315,18256,10,1,0,9,9
2020-07-29,US,Florida,Glades,390,3,0,26.95635849,-81.18996211,12043.0,2823.8360726956776,0.7692307692307693,387,389,3,0,386,383,13724,1,0,0,1,6
2020-07-29,US,Florida,Gulf,286,0,0,29.93543004,-85.24270990000002,12045.0,2096.927927267395,0.0,286,265,0,0,265,249,16164,21,0,0,21,16
2020-07-29,US,Florida,Hamilton,564,3,0,30.49673973,-82.94998918,12047.0,3909.065705572497,0.5319148936170213,561,565,3,0,562,560,14310,-1,0,0,-1,5
2020-07-29,US,Florida,Hardee,812,7,0,27.49293939,-81.80956574,12049.0,3014.4411033151428,0.8620689655172413,805,805,6,0,799,789,27245,7,1,0,6,16
2020-07-29,US,Florida,Hendry,1606,34,0,26.55386945,-81.16469006,12051.0,3821.8076245776015,2.1170610211706102,1572,1589,34,0,1555,1573,41556,17,0,0,17,16
2020-07-29,US,Florida,Hernando,1579,26,0,28.55364461,-82.42700204,12053.0,814.253300330033,1.6466117796073465,1553,1521,23,0,1498,1490,190865,58,3,0,55,31
2020-07-29,US,Florida,Highlands,1115,25,0,27.34254618,-81.34071957,12055.0,1049.6982705867954,2.242152466367713,1090,1103,24,0,1079,1068,105424,12,1,0,11,35
2020-07-29,US,Florida,Hillsborough,28268,323,0,27.9276559,-82.32013172,12057.0,1920.4221830909369,1.142634781378237,27945,27823,310,0,27513,27483,1436888,445,13,0,432,340
2020-07-29,US,Florida,Holmes,402,1,0,30.86747479,-85.81319222,12059.0,2049.243003517357,0.24875621890547264,401,399,1,0,398,384,19477,3,0,0,3,15
2020-07-29,US,Florida,Indian River,2118,38,0,27.69308961,-80.60556721,12061.0,1324.3873614176825,1.7941454202077431,2080,2073,38,0,2035,2031,157413,45,0,0,45,42
2020-07-29,US,Florida,Jackson,1544,26,0,30.7954597,-85.21500423,12063.0,3326.5824966604905,1.6839378238341969,1518,1297,26,0,1271,1270,48305,247,0,0,247,27
2020-07-29,US,Florida,Jefferson,188,5,0,30.43669112,-83.89442308,12065.0,1319.6686789274181,2.6595744680851063,183,184,5,0,179,177,14288,4,0,0,4,7
2020-07-29,US,Florida,Lafayette,95,1,0,29.98484137,-83.18166636,12067.0,1127.998100213726,1.0526315789473684,94,92,0,0,92,83,8732,3,1,0,2,9
2020-07-29,US,Florida,Lake,4326,50,0,28.76202069,-81.7125123,12069.0,1178.3677182813155,1.155802126675913,4276,4259,49,0,4210,4169,356495,67,1,0,66,90
2020-07-29,US,Florida,Lee,14877,279,0,26.58410348,-81.88399313,12071.0,1930.6312023327973,1.8753781004234724,14598,14716,272,0,14444,14540,754610,161,7,0,154,176
2020-07-29,US,Florida,Leon,4004,14,0,30.45955727,-84.27491114,12073.0,1363.843832387544,0.34965034965034963,3990,3949,14,0,3935,3868,292502,55,0,0,55,81
2020-07-29,US,Florida,Levy,509,2,0,29.31829741,-82.74007147,12075.0,1226.4173674192227,0.3929273084479371,507,493,2,0,491,474,40770,16,0,0,16,19
2020-07-29,US,Florida,Liberty,348,2,0,30.23766008,-84.8829258,12077.0,4165.669140531482,0.5747126436781609,346,340,2,0,338,339,8457,8,0,0,8,1
2020-07-29,US,Florida,Madison,564,6,0,30.44396917,-83.47398594,12079.0,3049.802628021413,1.0638297872340423,558,560,6,0,554,553,18529,4,0,0,4,7
2020-07-29,US,Florida,Manatee,8187,173,0,27.47196942,-82.31831044,12081.0,2030.2390806763992,2.1131061438866494,8014,8090,158,0,7932,7982,394855,97,15,0,82,108
2020-07-29,US,Florida,Marion,4314,55,0,29.21227113,-82.05803627,12083.0,1180.045899791837,1.2749188687992583,4259,3928,51,0,3877,3581,359977,386,4,0,382,347
2020-07-29,US,Florida,Martin,3527,73,0,27.0772071,-80.43109784,12085.0,2190.6832298136646,2.069747660901616,3454,3485,68,0,3417,3451,160912,42,5,0,37,34
2020-07-29,US,Florida,Miami-Dade,113143,1455,0,25.6112362,-80.55170587,12086.0,4164.3540159149625,1.2859832247686556,111688,110352,1425,0,108927,107315,2761581,2791,30,0,2761,3037
2020-07-29,US,Florida,Monroe,1198,6,0,25.20904673,-81.07812416,12087.0,1613.9462197553485,0.5008347245409015,1192,1175,6,0,1169,1145,75027,23,0,0,23,30
2020-07-29,US,Florida,Nassau,1009,8,0,30.61037141,-81.80297522,12089.0,1138.5049365303246,0.7928642220019821,1001,986,8,0,978,967,85832,23,0,0,23,19
2020-07-29,US,Florida,Okaloosa,2577,22,0,30.69143028,-86.59267105,12091.0,1222.8454289212198,0.8537058595265813,2555,2482,20,0,2462,2411,207269,95,2,0,93,71
2020-07-29,US,Florida,Okeechobee,858,3,0,27.386336199999995,-80.88944347,12093.0,2034.7182697780304,0.34965034965034963,855,853,2,0,851,837,41537,5,1,0,4,16
2020-07-29,US,Florida,Orange,28191,203,0,28.51367621,-81.31799498,12095.0,2023.105209221416,0.7200879713383704,27988,27820,179,0,27641,27393,1380645,371,24,0,347,427
2020-07-29,US,Florida,Osceola,8130,61,0,28.06312234,-81.14882926,12097.0,2163.6668964287524,0.7503075030750308,8069,7973,55,0,7918,7728,367990,157,6,0,151,245
2020-07-29,US,Florida,Palm Beach,32171,795,0,26.64676272,-80.46536002,12099.0,2149.361625366623,2.4711696869851734,31376,31598,779,0,30819,30958,1485941,573,16,0,557,640
2020-07-29,US,Florida,Pasco,6101,68,0,28.30810945,-82.40227529,12101.0,1101.3689035232612,1.114571381740698,6033,5992,68,0,5924,5911,539630,109,0,0,109,81
2020-07-29,US,Florida,Pinellas,15800,400,0,27.93130349,-82.72239666,12103.0,1620.5194687978208,2.5316455696202533,15400,15541,395,0,15146,15339,975280,259,5,0,254,202
2020-07-29,US,Florida,Polk,12059,251,0,27.95027105,-81.69732947,12105.0,1663.8221135604474,2.081432954639688,11808,11893,236,0,11657,11717,708009,166,15,0,151,176
2020-07-29,US,Florida,Putnam,1223,15,0,29.60779729,-81.74230285,12107.0,1641.1481327411066,1.226492232215863,1208,1191,15,0,1176,1176,74163,32,0,0,32,15
2020-07-29,US,Florida,Santa Rosa,3125,22,0,30.69341450000001,-87.02458128,12113.0,1695.4853971233715,0.7040000000000001,3103,2945,22,0,2923,2789,179349,180,0,0,180,156
2020-07-29,US,Florida,Sarasota,5349,116,0,27.18546175,-82.33174248,12115.0,1233.2215925596322,2.1686296504019444,5233,5274,115,0,5159,5168,426718,75,1,0,74,106
2020-07-29,US,Florida,Seminole,6333,72,0,28.7158582,-81.24060348,12117.0,1342.2320940346656,1.1369019422074846,6261,6231,71,0,6160,6116,467832,102,1,0,101,115
2020-07-29,US,Florida,St. Johns,3136,23,0,29.90096506,-81.43589967,12109.0,1184.862773546125,0.7334183673469388,3113,3057,22,0,3035,2993,254261,79,1,0,78,64
2020-07-29,US,Florida,St. Lucie,4805,114,0,27.37763908,-80.47106649,12111.0,1463.6137399976242,2.372528616024974,4691,4714,109,0,4605,4546,321128,91,5,0,86,168
2020-07-29,US,Florida,Sumter,1045,27,0,28.70181754,-82.0794267,12119.0,789.1557166591149,2.583732057416268,1018,1028,27,0,1001,1003,128754,17,0,0,17,25
2020-07-29,US,Florida,Suwannee,1060,32,0,30.19746066,-82.99099670000003,12121.0,2386.4736474773167,3.018867924528302,1028,1038,32,0,1006,1024,44191,22,0,0,22,14
2020-07-29,US,Florida,Taylor,288,3,0,30.04848048,-83.60445406,12123.0,1335.2496638694422,1.0416666666666667,285,291,3,0,288,272,21623,-3,0,0,-3,19
2020-07-29,US,Florida,Unassigned,528,0,0,0.0,0.0,90012.0,0.0,0.0,528,517,0,0,517,501,,11,0,0,11,16
2020-07-29,US,Florida,Union,200,4,0,30.04412971,-82.37497443,12125.0,1312.5943427183831,2.0,196,247,4,0,243,234,14940,-47,0,0,-47,13
2020-07-29,US,Florida,Volusia,6572,107,0,29.05858895,-81.18263252,12127.0,1187.816745107395,1.6281192939744369,6465,6473,103,0,6370,6341,547538,99,4,0,95,132
2020-07-29,US,Florida,Wakulla,543,2,0,30.16548905,-84.39895211,12129.0,1609.4134384540146,0.3683241252302026,541,535,2,0,533,515,32461,8,0,0,8,20
2020-07-29,US,Florida,Walton,1119,12,0,30.64204028,-86.16935664,12131.0,1510.712694576825,1.0723860589812333,1107,1094,12,0,1082,1066,71375,25,0,0,25,28
2020-07-29,US,Florida,Washington,469,13,0,30.61359259,-85.66002461,12133.0,1841.1651552624344,2.771855010660981,456,460,13,0,447,437,24880,9,0,0,9,23
2020-07-29,US,Georgia,Appling,536,16,0,31.74847232,-82.28909114,13001.0,2915.26161209616,2.985074626865672,520,530,16,0,514,518,18507,6,0,0,6,12
2020-07-29,US,Georgia,Atkinson,274,2,0,31.29633502,-82.87545866,13003.0,3355.786895284752,0.7299270072992701,272,273,2,0,271,268,8297,1,0,0,1,5
2020-07-29,US,Georgia,Bacon,396,6,0,31.55456473,-82.45936528,13005.0,3547.1157291293443,1.5151515151515151,390,394,5,0,389,389,11185,2,1,0,1,5
2020-07-29,US,Georgia,Baker,53,3,0,31.32669878,-84.44218806,13007.0,1744.5687952600395,5.660377358490566,50,53,3,0,50,52,3092,0,0,0,0,1
2020-07-29,US,Georgia,Baldwin,884,38,0,33.06882326,-83.24701748,13009.0,1969.2581866785479,4.298642533936651,846,863,37,0,826,854,44823,21,1,0,20,9
2020-07-29,US,Georgia,Banks,223,3,0,34.35607081,-83.49644388,13011.0,1159.405219923053,1.345291479820628,220,213,3,0,210,209,18988,10,0,0,10,4
2020-07-29,US,Georgia,Barrow,1004,32,0,33.99148694,-83.71436292,13013.0,1206.1508889956751,3.187250996015936,972,979,32,0,947,940,80809,25,0,0,25,39
2020-07-29,US,Georgia,Bartow,1440,55,0,34.23732119,-84.83887523,13015.0,1336.5757671387994,3.8194444444444446,1385,1410,55,0,1355,1367,106408,30,0,0,30,43
2020-07-29,US,Georgia,Ben Hill,319,2,0,31.76095874,-83.22145359,13017.0,1910.179640718563,0.6269592476489029,317,314,1,0,313,303,16787,5,1,0,4,11
2020-07-29,US,Georgia,Berrien,244,0,0,31.27590016,-83.22529920000002,13019.0,1257.9264834768264,0.0,244,236,0,0,236,229,19252,8,0,0,8,7
2020-07-29,US,Georgia,Bibb,2894,58,0,32.80904227,-83.70489165,13021.0,1889.5396287518201,2.0041465100207327,2836,2798,56,0,2742,2731,153095,96,2,0,94,67
2020-07-29,US,Georgia,Bleckley,118,3,0,32.43829035,-83.33035166,13023.0,916.647246174163,2.5423728813559316,115,117,3,0,114,116,12838,1,0,0,1,1
2020-07-29,US,Georgia,Brantley,217,4,0,31.19576557,-81.97743999,13025.0,1135.5905594222618,1.8433179723502304,213,214,4,0,210,205,18897,3,0,0,3,9
2020-07-29,US,Georgia,Brooks,346,14,0,30.83922642,-83.58303423,13027.0,2238.468008022255,4.0462427745664735,332,337,13,0,324,328,15513,9,1,0,8,9
2020-07-29,US,Georgia,Bryan,497,6,0,32.00979311,-81.44002948,13029.0,1254.1953718424306,1.2072434607645874,491,484,6,0,478,475,38109,13,0,0,13,9
2020-07-29,US,Georgia,Bulloch,1002,11,0,32.39577406,-81.74811421,13031.0,1258.6674706059696,1.0978043912175648,991,977,11,0,966,941,77296,25,0,0,25,36
2020-07-29,US,Georgia,Burke,372,7,0,33.05917989,-81.99928721,13033.0,1661.975606487066,1.8817204301075268,365,370,7,0,363,339,22423,2,0,0,2,31
2020-07-29,US,Georgia,Butts,432,36,0,33.283094500000004,-83.95435040000002,13035.0,1732.435033686237,8.333333333333334,396,428,36,0,392,411,24193,4,0,0,4,17
2020-07-29,US,Georgia,Calhoun,183,6,0,31.53169785,-84.62725131,13037.0,2956.858943286476,3.278688524590164,177,182,6,0,176,182,6352,1,0,0,1,0
2020-07-29,US,Georgia,Camden,568,4,0,30.92951916,-81.66601818,13039.0,1039.0370614275785,0.7042253521126759,564,541,4,0,537,508,53677,27,0,0,27,33
2020-07-29,US,Georgia,Candler,197,3,0,32.40209349,-82.07702563,13043.0,1823.5675275386466,1.5228426395939083,194,191,1,0,190,181,10836,6,2,0,4,10
2020-07-29,US,Georgia,Carroll,1653,42,0,33.58138199,-85.07976677,13045.0,1377.5918394559635,2.5408348457350267,1611,1619,42,0,1577,1587,118121,34,0,0,34,32
2020-07-29,US,Georgia,Catoosa,491,9,0,34.89872298,-85.13757014,13047.0,726.546315477952,1.8329938900203664,482,470,8,0,462,457,67420,21,1,0,20,13
2020-07-29,US,Georgia,Charlton,296,3,0,30.78371028,-82.13951596,13049.0,2210.274790919952,1.0135135135135136,293,296,3,0,293,279,12968,0,0,0,0,17
2020-07-29,US,Georgia,Chatham,4590,57,0,32.00043026,-81.12489526,13051.0,1585.8756866945373,1.2418300653594772,4533,4505,55,0,4450,4382,289195,85,2,0,83,123
2020-07-29,US,Georgia,Chattahoochee,552,1,0,32.34341231,-84.78809239,13053.0,5060.970019253689,0.18115942028985507,551,518,1,0,517,509,10684,34,0,0,34,9
2020-07-29,US,Georgia,Chattooga,158,2,0,34.47197698,-85.34535662,13055.0,637.3794828351284,1.2658227848101269,156,156,2,0,154,145,24790,2,0,0,2,11
2020-07-29,US,Georgia,Cherokee,2623,53,0,34.24393976,-84.47431861,13057.0,1013.6297063449432,2.0205871139916125,2570,2579,52,0,2527,2481,254149,44,1,0,43,98
2020-07-29,US,Georgia,Clarke,1557,16,0,33.95436462,-83.37124007,13059.0,1213.2688126797113,1.027617212588311,1541,1507,15,0,1492,1475,127330,50,1,0,49,32
2020-07-29,US,Georgia,Clay,69,2,0,31.62221166,-84.97713865,13061.0,2434.721242060692,2.898550724637681,67,69,2,0,67,69,2887,0,0,0,0,0
2020-07-29,US,Georgia,Clayton,4248,95,0,33.54187245,-84.35594188,13063.0,1453.5202014672068,2.236346516007533,4153,4151,94,0,4057,4063,289615,97,1,0,96,88
2020-07-29,US,Georgia,Clinch,166,4,0,30.91395822,-82.70432472,13065.0,2508.310667875491,2.409638554216868,162,161,4,0,157,160,6648,5,0,0,5,1
2020-07-29,US,Georgia,Cobb,10653,297,0,33.94243204,-84.5761255,13067.0,1401.4505203639847,2.7879470571669955,10356,10453,292,0,10161,10240,756865,200,5,0,195,213
2020-07-29,US,Georgia,Coffee,1245,23,0,31.54892966,-82.85492059999999,13069.0,2877.0827074619287,1.847389558232932,1222,1236,23,0,1213,1208,43093,9,0,0,9,28
2020-07-29,US,Georgia,Colquitt,1437,21,0,31.18810588,-83.7677946,13071.0,3151.315789473684,1.4613778705636744,1416,1430,21,0,1409,1426,45592,7,0,0,7,4
2020-07-29,US,Georgia,Columbia,1689,19,0,33.54534185,-82.263524,13073.0,1077.759485432061,1.1249259917110717,1670,1615,18,0,1597,1548,154291,74,1,0,73,67
2020-07-29,US,Georgia,Cook,367,6,0,31.16068491,-83.42947229,13075.0,2125.07237984945,1.6348773841961852,361,347,5,0,342,344,17162,20,1,0,19,3
2020-07-29,US,Georgia,Coweta,1258,18,0,33.35334302,-84.76129976,13077.0,847.0867085496503,1.4308426073131957,1240,1233,17,0,1216,1207,145864,25,1,0,24,26
2020-07-29,US,Georgia,Crawford,86,0,0,32.71391813,-83.98061238,13079.0,693.3247339567881,0.0,86,82,0,0,82,81,12318,4,0,0,4,1
2020-07-29,US,Georgia,Crisp,350,14,0,31.92289565,-83.76811843,13081.0,1564.4555694618273,4.0,336,348,14,0,334,348,22601,2,0,0,2,0
2020-07-29,US,Georgia,Dade,102,1,0,34.854916700000004,-85.50490424,13083.0,632.9113924050632,0.9803921568627452,101,100,1,0,99,97,16226,2,0,0,2,3
2020-07-29,US,Georgia,Dawson,256,3,0,34.44244079,-84.16964071,13085.0,980.5423624942548,1.171875,253,244,3,0,241,241,25083,12,0,0,12,3
2020-07-29,US,Georgia,DeKalb,11679,213,0,33.76944049,-84.22396017,13089.0,1538.133299617936,1.823786283072181,11466,11494,208,0,11286,11281,756558,185,5,0,180,213
2020-07-29,US,Georgia,Decatur,564,8,0,30.87967778,-84.57619536,13087.0,2136.039993940312,1.4184397163120568,556,541,8,0,533,515,26575,23,0,0,23,26
2020-07-29,US,Georgia,Dodge,178,2,0,32.17265114,-83.16948926,13091.0,863.8679932055327,1.1235955056179776,176,205,2,0,203,203,20705,-27,0,0,-27,2
2020-07-29,US,Georgia,Dooly,236,14,0,32.15630737,-83.79746561,13093.0,1762.5093353248694,5.932203389830509,222,234,14,0,220,231,13706,2,0,0,2,3
2020-07-29,US,Georgia,Dougherty,2523,167,0,31.53328528,-84.21722377,13095.0,2868.479694392651,6.6191042409829555,2356,2493,166,0,2327,2476,91243,30,1,0,29,17
2020-07-29,US,Georgia,Douglas,2158,46,0,33.70291126,-84.77026156,13097.0,1474.61784984591,2.131603336422613,2112,2117,46,0,2071,2078,145331,41,0,0,41,39
2020-07-29,US,Georgia,Early,335,31,0,31.32155345,-84.90255207,13099.0,3287.5368007850834,9.253731343283581,304,334,31,0,303,326,10247,1,0,0,1,8
2020-07-29,US,Georgia,Echols,220,0,0,30.71101099,-82.89687287,13101.0,5491.762356465302,0.0,220,218,0,0,218,217,4000,2,0,0,2,1
2020-07-29,US,Georgia,Effingham,571,1,0,32.36616021,-81.34280942,13103.0,888.080129401518,0.17513134851138354,570,556,1,0,555,542,62190,15,0,0,15,14
2020-07-29,US,Georgia,Elbert,306,1,0,34.11302332,-82.83936148,13105.0,1594.248202563301,0.32679738562091504,305,299,1,0,298,286,19120,7,0,0,7,13
2020-07-29,US,Georgia,Emanuel,374,6,0,32.59221302,-82.30239915,13107.0,1651.5057846860373,1.60427807486631,368,365,5,0,360,330,22612,9,1,0,8,35
2020-07-29,US,Georgia,Evans,193,1,0,32.15328841,-81.8870105,13109.0,1811.5261873474758,0.5181347150259067,192,192,1,0,191,176,10721,1,0,0,1,16
2020-07-29,US,Georgia,Fannin,252,2,0,34.86430205,-84.316964,13111.0,962.2727967007788,0.7936507936507936,250,243,2,0,241,238,25964,9,0,0,9,5
2020-07-29,US,Georgia,Fayette,873,24,0,33.41357794,-84.49089434,13113.0,762.971832093759,2.7491408934707904,849,855,23,0,832,825,113459,18,1,0,17,30
2020-07-29,US,Georgia,Floyd,1138,15,0,34.26268279,-85.21577392,13115.0,1155.3534081910293,1.3181019332161688,1123,1103,15,0,1088,1069,97927,35,0,0,35,34
2020-07-29,US,Georgia,Forsyth,1730,18,0,34.22604035,-84.12315129999998,13117.0,708.2848861012397,1.0404624277456649,1712,1691,17,0,1674,1641,236612,39,1,0,38,50
2020-07-29,US,Georgia,Franklin,339,4,0,34.37525597,-83.23159927,13119.0,1451.882307593473,1.1799410029498525,335,331,3,0,328,327,23023,8,1,0,7,4
2020-07-29,US,Georgia,Fulton,16867,381,0,33.79216944,-84.46319413,13121.0,1585.3382296132197,2.2588486393549534,16486,16482,373,0,16109,16073,1050114,385,8,0,377,409
2020-07-29,US,Georgia,Gilmer,463,3,0,34.69316688,-84.45802506,13123.0,1475.9794701775638,0.6479481641468683,460,459,3,0,456,437,30816,4,0,0,4,22
2020-07-29,US,Georgia,Glascock,19,0,0,33.22879932,-82.61297636,13125.0,639.5153147088522,0.0,19,20,0,0,20,19,2995,-1,0,0,-1,1
2020-07-29,US,Georgia,Glynn,2209,25,0,31.23279254,-81.53811412,13127.0,2589.9263705857525,1.1317338162064283,2184,2183,23,0,2160,2127,85219,26,2,0,24,56
2020-07-29,US,Georgia,Gordon,923,23,0,34.50487351,-84.87296253,13129.0,1592.395148629298,2.4918743228602382,900,891,23,0,868,834,57685,32,0,0,32,57
2020-07-29,US,Georgia,Grady,375,4,0,30.87454847,-84.23418364,13131.0,1522.3480696626475,1.0666666666666669,371,366,4,0,362,358,24748,9,0,0,9,8
2020-07-29,US,Georgia,Greene,222,11,0,33.5769205,-83.17139104,13133.0,1211.5258677144727,4.954954954954955,211,217,11,0,206,215,17698,5,0,0,5,2
2020-07-29,US,Georgia,Gwinnett,16255,223,0,33.96044201,-84.02137802,13135.0,1736.1815754339118,1.3718855736696398,16032,15915,217,0,15698,15534,927781,340,6,0,334,381
2020-07-29,US,Georgia,Habersham,983,48,0,34.63331566,-83.53094677,13137.0,2168.6374867631484,4.883011190233979,935,961,48,0,913,943,45388,22,0,0,22,18
2020-07-29,US,Georgia,Hall,5165,72,0,34.32207823,-83.81896936,13139.0,2526.401260021229,1.393998063891578,5093,5017,71,0,4946,4924,202148,148,1,0,147,93
2020-07-29,US,Georgia,Hancock,275,34,0,33.2721566,-82.99766919,13141.0,3251.7441172992785,12.363636363636365,241,272,34,0,238,264,8348,3,0,0,3,8
2020-07-29,US,Georgia,Haralson,179,6,0,33.79602175,-85.21005667,13143.0,600.8324382384532,3.35195530726257,173,176,6,0,170,176,29533,3,0,0,3,0
2020-07-29,US,Georgia,Harris,591,15,0,32.73709786,-84.90538572,13145.0,1677.261891247588,2.538071065989848,576,580,14,0,566,567,34475,11,1,0,10,13
2020-07-29,US,Georgia,Hart,230,1,0,34.34626973,-82.96567682,13147.0,877.6950963556574,0.43478260869565216,229,219,0,0,219,207,26099,11,1,0,10,12
2020-07-29,US,Georgia,Heard,125,3,0,33.29686567,-85.12886832,13149.0,1048.3938606055524,2.4,122,120,3,0,117,120,11879,5,0,0,5,0
2020-07-29,US,Georgia,Henry,2751,39,0,33.4533428,-84.14814659999998,13151.0,1172.829242712983,1.4176663031624863,2712,2696,39,0,2657,2630,230220,55,0,0,55,66
2020-07-29,US,Georgia,Houston,1572,42,0,32.45802497,-83.66879087,13153.0,995.8001558313221,2.6717557251908395,1530,1533,42,0,1491,1497,155469,39,0,0,39,36
2020-07-29,US,Georgia,Irwin,141,1,0,31.60213036,-83.27501387,13155.0,1497.4511469838574,0.7092198581560284,140,134,1,0,133,130,9398,7,0,0,7,4
2020-07-29,US,Georgia,Jackson,849,13,0,34.13794553,-83.56814788,13157.0,1163.3802430902888,1.5312131919905771,836,819,13,0,806,793,70422,30,0,0,30,26
2020-07-29,US,Georgia,Jasper,116,1,0,33.31535543,-83.68844964,13159.0,815.8098319150432,0.8620689655172413,115,118,1,0,117,112,14040,-2,0,0,-2,6
2020-07-29,US,Georgia,Jeff Davis,330,5,0,31.80405727,-82.63724870000001,13161.0,2183.261660602051,1.5151515151515151,325,332,5,0,327,319,15029,-2,0,0,-2,13
2020-07-29,US,Georgia,Jefferson,394,5,0,33.05867328,-82.41609057,13163.0,2564.7702122119517,1.269035532994924,389,389,5,0,384,382,15430,5,0,0,5,7
2020-07-29,US,Georgia,Jenkins,217,19,0,32.79248718,-81.96040187,13165.0,2501.152604887045,8.755760368663594,198,213,19,0,194,211,8683,4,0,0,4,2
2020-07-29,US,Georgia,Johnson,213,7,0,32.70211082,-82.66166794,13167.0,2208.8561650938504,3.286384976525821,206,213,6,0,207,209,9708,0,1,0,-1,4
2020-07-29,US,Georgia,Jones,235,1,0,33.02512137,-83.56019163,13169.0,817.817991995824,0.425531914893617,234,232,1,0,231,225,28616,3,0,0,3,7
2020-07-29,US,Georgia,Lamar,212,8,0,33.07841647,-84.14263877,13171.0,1111.2858415893484,3.7735849056603774,204,208,8,0,200,200,19000,4,0,0,4,8
2020-07-29,US,Georgia,Lanier,206,4,0,31.03828570000001,-83.06472457,13173.0,1976.3983498033201,1.9417475728155342,202,204,4,0,200,202,10340,2,0,0,2,2
2020-07-29,US,Georgia,Laurens,637,3,0,32.46325233,-82.92221316,13175.0,1339.7551844529507,0.4709576138147567,634,630,2,0,628,605,47325,7,1,0,6,25
2020-07-29,US,Georgia,Lee,490,22,0,31.779330600000005,-84.14324253,13177.0,1633.7690050680178,4.489795918367347,468,488,22,0,466,483,29764,2,0,0,2,5
2020-07-29,US,Georgia,Liberty,548,2,0,31.82588896,-81.49251135,13179.0,891.9996744526735,0.36496350364963503,546,524,2,0,522,485,61497,24,0,0,24,39
2020-07-29,US,Georgia,Lincoln,115,4,0,33.79201475,-82.45024131,13181.0,1451.8368892816566,3.4782608695652173,111,112,3,0,109,105,7915,3,1,0,2,7
2020-07-29,US,Georgia,Long,105,1,0,31.75218791,-81.74952375,13183.0,536.8372616186922,0.9523809523809524,104,102,1,0,101,95,18998,3,0,0,3,7
2020-07-29,US,Georgia,Lowndes,2744,27,0,30.83568832,-83.27056716,13185.0,2337.188900056215,0.9839650145772596,2717,2687,27,0,2660,2668,116321,57,0,0,57,19
2020-07-29,US,Georgia,Lumpkin,259,6,0,34.57286511,-84.00425681,13187.0,770.6039869086583,2.3166023166023164,253,247,6,0,241,242,32955,12,0,0,12,5
2020-07-29,US,Georgia,Macon,166,10,0,32.35207048,-84.04234127,13193.0,1282.1503050899823,6.024096385542169,156,165,10,0,155,161,13143,1,0,0,1,4
2020-07-29,US,Georgia,Madison,294,4,0,34.12920917,-83.21218732,13195.0,983.9357429718876,1.3605442176870748,290,283,4,0,279,277,29650,11,0,0,11,6
2020-07-29,US,Georgia,Marion,128,4,0,32.3483402,-84.52733571,13197.0,1531.2836463691824,3.125,124,126,4,0,122,126,8351,2,0,0,2,0
2020-07-29,US,Georgia,McDuffie,261,9,0,33.47851918,-82.48252774,13189.0,1224.662162162162,3.4482758620689653,252,251,9,0,242,239,21531,10,0,0,10,12
2020-07-29,US,Georgia,McIntosh,135,2,0,31.49683595,-81.40163426,13191.0,938.9344832382808,1.4814814814814814,133,134,2,0,132,127,14340,1,0,0,1,7
2020-07-29,US,Georgia,Meriwether,338,5,0,33.04163534,-84.68859732,13199.0,1596.8252468465064,1.4792899408284024,333,332,5,0,327,323,21068,6,0,0,6,9
2020-07-29,US,Georgia,Miller,120,0,0,31.16568912,-84.73151117,13201.0,2098.6358866736623,0.0,120,118,0,0,118,111,5686,2,0,0,2,7
2020-07-29,US,Georgia,Mitchell,572,41,0,31.22483255,-84.19381821,13205.0,2616.2923660979736,7.167832167832168,531,563,41,0,522,555,22192,9,0,0,9,8
2020-07-29,US,Georgia,Monroe,399,23,0,33.014289,-83.92097166,13207.0,1446.8054246138227,5.764411027568923,376,385,23,0,362,376,27520,14,0,0,14,9
2020-07-29,US,Georgia,Montgomery,115,0,0,32.17201038,-82.53527476,13209.0,1253.8159616223288,0.0,115,114,0,0,114,108,9193,1,0,0,1,6
2020-07-29,US,Georgia,Morgan,177,0,0,33.59232073,-83.49129491,13211.0,918.240298817182,0.0,177,175,0,0,175,157,18853,2,0,0,2,18
2020-07-29,US,Georgia,Murray,495,2,0,34.78897608,-84.74993177,13213.0,1234.5371109337586,0.404040404040404,493,489,2,0,487,470,39921,6,0,0,6,19
2020-07-29,US,Georgia,Muscogee,4044,80,0,32.50931999,-84.87142262,13215.0,2065.699880982178,1.9782393669634024,3964,3976,76,0,3900,3893,194160,68,4,0,64,83
2020-07-29,US,Georgia,Newton,1455,29,0,33.55514538,-83.84547140000002,13217.0,1302.0833333333333,1.9931271477663235,1426,1423,25,0,1398,1386,109541,32,4,0,28,37
2020-07-29,US,Georgia,Oconee,359,15,0,33.83749973,-83.43679568,13219.0,891.2611717974181,4.178272980501393,344,360,15,0,345,346,39272,-1,0,0,-1,14
2020-07-29,US,Georgia,Oglethorpe,175,7,0,33.878629600000004,-83.08278123,13221.0,1146.8641457500494,4.0,168,170,7,0,163,164,15054,5,0,0,5,6
2020-07-29,US,Georgia,Out of GA,14776,76,0,0.0,0.0,80013.0,0.0,0.5143475906876015,14700,15014,75,0,14939,14936,,-238,1,0,-239,78
2020-07-29,US,Georgia,Paulding,1306,18,0,33.91969522,-84.86848792,13223.0,774.306770144723,1.3782542113323124,1288,1267,18,0,1249,1231,164044,39,0,0,39,36
2020-07-29,US,Georgia,Peach,280,12,0,32.56934316,-83.82937,13225.0,1016.4815218180498,4.285714285714286,268,273,12,0,261,256,27297,7,0,0,7,17
2020-07-29,US,Georgia,Pickens,252,5,0,34.46589159,-84.46406611,13227.0,773.2196005032064,1.984126984126984,247,243,5,0,238,232,31980,9,0,0,9,11
2020-07-29,US,Georgia,Pierce,364,5,0,31.35928155,-82.21598442,13229.0,1870.0231184176728,1.3736263736263736,359,367,5,0,362,363,19389,-3,0,0,-3,4
2020-07-29,US,Georgia,Pike,178,3,0,33.09310242,-84.38790389,13231.0,938.7195443518616,1.6853932584269662,175,177,3,0,174,167,18634,1,0,0,1,10
2020-07-29,US,Georgia,Polk,584,6,0,34.00267074,-85.18677781,13233.0,1370.4737990753995,1.0273972602739727,578,547,5,0,542,531,42470,37,1,0,36,16
2020-07-29,US,Georgia,Pulaski,78,3,0,32.23334561,-83.47549959999998,13235.0,700.3681422286072,3.8461538461538463,75,77,3,0,74,74,11069,1,0,0,1,3
2020-07-29,US,Georgia,Putnam,343,17,0,33.32056115,-83.37552891,13237.0,1550.7030155070306,4.956268221574344,326,330,17,0,313,317,21809,13,0,0,13,13
2020-07-29,US,Georgia,Quitman,27,1,0,31.86728114,-85.01773177,13239.0,1174.42366246194,3.703703703703704,26,25,1,0,24,25,2279,2,0,0,2,0
2020-07-29,US,Georgia,Rabun,172,3,0,34.88389445,-83.40304637,13241.0,1003.6762560541516,1.7441860465116281,169,164,3,0,161,159,16867,8,0,0,8,5
2020-07-29,US,Georgia,Randolph,241,26,0,31.76622818,-84.75732369,13243.0,3555.621127176157,10.78838174273859,215,237,26,0,211,235,6833,4,0,0,4,2
2020-07-29,US,Georgia,Richmond,3200,77,0,33.35777107,-82.07026432,13245.0,1580.1064596727206,2.40625,3123,3073,75,0,2998,2903,201554,127,2,0,125,170
2020-07-29,US,Georgia,Rockdale,1057,14,0,33.65145002,-84.02202167,13247.0,1162.8674529132195,1.3245033112582782,1043,1027,12,0,1015,990,90594,30,2,0,28,37
2020-07-29,US,Georgia,Schley,46,1,0,32.2654021,-84.31258912,13249.0,875.0237778200494,2.1739130434782608,45,46,1,0,45,45,5236,0,0,0,0,1
2020-07-29,US,Georgia,Screven,161,9,0,32.74976524,-81.60779441,13251.0,1152.799656308177,5.590062111801243,152,157,9,0,148,160,13938,4,0,0,4,-3
2020-07-29,US,Georgia,Seminole,115,2,0,30.93464824,-84.86823924,13253.0,1421.5080346106306,1.7391304347826086,113,107,2,0,105,92,8315,8,0,0,8,15
2020-07-29,US,Georgia,Spalding,802,38,0,33.26310031,-84.28013991,13255.0,1202.3447221264412,4.7381546134663335,764,791,38,0,753,762,66100,11,0,0,11,29
2020-07-29,US,Georgia,Stephens,506,10,0,34.55151201,-83.29405315,13257.0,1951.7839922854391,1.9762845849802368,496,495,8,0,487,484,26035,11,2,0,9,11
2020-07-29,US,Georgia,Stewart,244,5,0,32.07996777,-84.83208037,13259.0,3685.243920857877,2.0491803278688523,239,240,5,0,235,239,6199,4,0,0,4,1
2020-07-29,US,Georgia,Sumter,708,56,0,32.03650571,-84.19821492,13261.0,2398.0490448448722,7.909604519774011,652,703,55,0,648,698,29733,5,1,0,4,5
2020-07-29,US,Georgia,Talbot,123,3,0,32.69642758,-84.53351366,13263.0,1985.4721549636804,2.4390243902439024,120,123,3,0,120,121,6272,0,0,0,0,2
2020-07-29,US,Georgia,Taliaferro,7,0,0,33.56543317,-82.88136816,13265.0,455.4326610279765,0.0,7,7,0,0,7,7,1608,0,0,0,0,0
2020-07-29,US,Georgia,Tattnall,365,1,0,32.04785085,-82.05539188,13267.0,1443.4865142766748,0.273972602739726,364,358,1,0,357,334,25391,7,0,0,7,24
2020-07-29,US,Georgia,Taylor,65,2,0,32.55792548,-84.25077141,13269.0,810.4738154613466,3.0769230769230766,63,62,2,0,60,62,8039,3,0,0,3,0
2020-07-29,US,Georgia,Telfair,238,6,0,31.92829517,-82.93491155,13271.0,1500.6305170239593,2.5210084033613445,232,236,5,0,231,237,15876,2,1,0,1,-1
2020-07-29,US,Georgia,Terrell,285,29,0,31.77527543,-84.44069698,13273.0,3340.75723830735,10.175438596491228,256,280,29,0,251,277,8611,5,0,0,5,3
2020-07-29,US,Georgia,Thomas,902,39,0,30.86392347,-83.91847289,13275.0,2029.2006928977976,4.323725055432372,863,879,38,0,841,850,44448,23,1,0,22,29
2020-07-29,US,Georgia,Tift,1189,34,0,31.45743864,-83.5236119,13277.0,2925.4010432044092,2.8595458368376785,1155,1180,34,0,1146,1158,40571,9,0,0,9,22
2020-07-29,US,Georgia,Toombs,558,7,0,32.12059861,-82.32957247,13279.0,2079.7614610510627,1.254480286738351,551,548,7,0,541,527,26887,10,0,0,10,21
2020-07-29,US,Georgia,Towns,107,1,0,34.91369188,-83.74107459999998,13281.0,888.9258120794217,0.9345794392523364,106,105,1,0,104,101,11852,2,0,0,2,4
2020-07-29,US,Georgia,Treutlen,78,3,0,32.40422134,-82.56904553,13283.0,1130.2709752209826,3.8461538461538463,75,77,2,0,75,78,6809,1,1,0,0,-1
2020-07-29,US,Georgia,Troup,2130,53,0,33.03349196,-85.02812115,13285.0,3046.251537427419,2.488262910798122,2077,2109,53,0,2056,2090,70034,21,0,0,21,19
2020-07-29,US,Georgia,Turner,214,18,0,31.71612656,-83.62069378,13287.0,2680.025046963056,8.411214953271028,196,212,18,0,194,209,7912,2,0,0,2,3
2020-07-29,US,Georgia,Twiggs,76,3,0,32.67435595,-83.43078662,13289.0,935.9605911330052,3.947368421052632,73,74,3,0,71,69,8188,2,0,0,2,5
2020-07-29,US,Georgia,Unassigned,2429,6,0,0.0,0.0,90013.0,0.0,0.2470152326060107,2423,2334,7,0,2327,2202,,95,-1,0,96,132
2020-07-29,US,Georgia,Union,184,6,0,34.82995757,-83.98967069,13291.0,750.6833666517073,3.260869565217391,178,180,6,0,174,176,24001,4,0,0,4,4
2020-07-29,US,Georgia,Upson,457,45,0,32.87920671,-84.30024826,13293.0,1736.322188449848,9.846827133479213,412,452,45,0,407,448,26215,5,0,0,5,4
2020-07-29,US,Georgia,Walker,504,14,0,34.73376362,-85.30165174,13295.0,722.4667077593498,2.7777777777777777,490,490,14,0,476,469,69410,14,0,0,14,21
2020-07-29,US,Georgia,Walton,840,32,0,33.78017694,-83.73552314,13297.0,888.0149693951984,3.809523809523809,808,802,32,0,770,762,93503,38,0,0,38,40
2020-07-29,US,Georgia,Ware,1038,24,0,31.05449097,-82.42224148,13299.0,2904.7965523031285,2.3121387283237,1014,1044,20,0,1024,1028,35680,-6,4,0,-10,16
2020-07-29,US,Georgia,Warren,46,0,0,33.41146451,-82.67795848,13301.0,875.5234107346784,0.0,46,46,0,0,46,46,5251,0,0,0,0,0
2020-07-29,US,Georgia,Washington,376,1,0,32.96711864,-82.79357039,13303.0,1845.489349170512,0.26595744680851063,375,365,1,0,364,337,20386,11,0,0,11,28
2020-07-29,US,Georgia,Wayne,541,4,0,31.5521809,-81.91894878,13305.0,1807.7321482273533,0.7393715341959335,537,535,2,0,533,526,29808,6,2,0,4,9
2020-07-29,US,Georgia,Webster,36,2,0,32.04066113,-84.54742852,13307.0,1380.8975834292291,5.5555555555555545,34,36,2,0,34,36,2611,0,0,0,0,0
2020-07-29,US,Georgia,Wheeler,82,1,0,32.12009104,-82.72574721,13309.0,1043.9210693825592,1.2195121951219512,81,82,1,0,81,80,7879,0,0,0,0,2
2020-07-29,US,Georgia,White,278,5,0,34.64624278,-83.74905525,13311.0,902.656016624456,1.7985611510791366,273,268,5,0,263,254,29970,10,0,0,10,14
2020-07-29,US,Georgia,Whitfield,2881,24,0,34.80987459,-84.96093476,13313.0,2753.5650112780518,0.8330440819160014,2857,2812,24,0,2788,2726,104062,69,0,0,69,86
2020-07-29,US,Georgia,Wilcox,154,18,0,31.97496928,-83.43438555,13315.0,1783.4394904458602,11.688311688311687,136,153,18,0,135,150,8812,1,0,0,1,3
2020-07-29,US,Georgia,Wilkes,168,3,0,33.78290391,-82.74286107,13317.0,1718.318502608162,1.7857142857142858,165,167,3,0,164,164,9876,1,0,0,1,3
2020-07-29,US,Georgia,Wilkinson,162,10,0,32.80291082,-83.17140684,13319.0,1809.2472637927185,6.172839506172839,152,159,10,0,149,157,9036,3,0,0,3,2
2020-07-29,US,Georgia,Worth,408,23,0,31.55162306,-83.85090513,13321.0,2015.1133501259449,5.637254901960786,385,400,23,0,377,399,20299,8,0,0,8,1
2020-07-29,US,Hawaii,Hawaii,116,0,0,19.60121157,-155.5210167,15001.0,57.56452437311737,0.0,116,116,0,0,116,117,200983,0,0,0,0,-1
2020-07-29,US,Hawaii,Honolulu,1516,19,0,21.45803166,-157.97121819999995,15003.0,155.55690088788512,1.2532981530343008,1497,1419,19,0,1400,1373,980080,97,0,0,97,46
2020-07-29,US,Hawaii,Kauai,47,0,0,22.03935037,-159.5966786,15007.0,65.01321013099471,0.0,47,45,0,0,45,45,72133,2,0,0,2,0
2020-07-29,US,Hawaii,Maui,163,6,0,20.86399628,-156.56890969999995,15009.0,97.3616777268736,3.6809815950920246,157,154,6,0,148,153,167207,9,0,0,9,1
2020-07-29,US,Hawaii,Out of HI,23,1,0,0.0,0.0,80015.0,0.0,4.3478260869565215,22,23,1,0,22,23,,0,0,0,0,0
2020-07-29,US,Idaho,Ada,7515,53,0,43.4526575,-116.24155159999998,16001.0,1560.4657102455008,0.7052561543579507,7462,7378,50,0,7328,7203,469966,137,3,0,134,175
2020-07-29,US,Idaho,Adams,18,0,0,44.89333571,-116.4545247,16003.0,419.18956683744767,0.0,18,17,0,0,17,17,4250,1,0,0,1,0
2020-07-29,US,Idaho,Bannock,290,2,0,42.67002716,-112.2233311,16005.0,330.2660349854226,0.6896551724137931,288,279,2,0,277,262,87138,11,0,0,11,17
2020-07-29,US,Idaho,Bear Lake,6,0,0,42.28269683,-111.32892379999998,16007.0,97.95918367346935,0.0,6,6,0,0,6,6,6050,0,0,0,0,0
2020-07-29,US,Idaho,Benewah,49,0,0,47.21754179,-116.6586851,16009.0,526.9950526995053,0.0,49,48,0,0,48,42,9226,1,0,0,1,6
2020-07-29,US,Idaho,Bingham,164,2,0,43.21672879999999,-112.3978437,16011.0,350.34500437931257,1.2195121951219512,162,159,2,0,157,148,46236,5,0,0,5,11
2020-07-29,US,Idaho,Blaine,567,6,0,43.4085812,-113.9752658,16013.0,2462.968593892533,1.058201058201058,561,566,6,0,560,563,22601,1,0,0,1,3
2020-07-29,US,Idaho,Boise,34,1,0,43.98829931,-115.7309284,16015.0,434.1718809858257,2.9411764705882355,33,33,1,0,32,33,7634,1,0,0,1,0
2020-07-29,US,Idaho,Bonner,141,0,0,48.29996017,-116.6017932,16017.0,308.270841076543,0.0,141,140,0,0,140,135,44727,1,0,0,1,5
2020-07-29,US,Idaho,Bonneville,603,1,0,43.38713372,-111.6161537,16019.0,506.45881977457117,0.16583747927031509,602,588,1,0,587,548,116854,15,0,0,15,40
2020-07-29,US,Idaho,Boundary,32,0,0,48.76684761,-116.4630179,16021.0,261.3311555737036,0.0,32,29,0,0,29,28,11948,3,0,0,3,1
2020-07-29,US,Idaho,Camas,1,0,0,43.46665742,-114.8065892,16025.0,90.41591320072331,0.0,1,1,0,0,1,1,1127,0,0,0,0,0
2020-07-29,US,Idaho,Canyon,4449,34,0,43.61970148,-116.7095499,16027.0,1935.6186017776886,0.7642166779051472,4415,4333,32,0,4301,4255,223499,116,2,0,114,78
2020-07-29,US,Idaho,Caribou,22,0,0,42.77149116,-111.5597683,16029.0,307.4772886093641,0.0,22,21,0,0,21,21,7060,1,0,0,1,0
2020-07-29,US,Idaho,Cassia,435,1,0,42.28347888,-113.6012409,16031.0,1810.2372034956304,0.2298850574712644,434,430,1,0,429,424,23864,5,0,0,5,6
2020-07-29,US,Idaho,Clark,1,0,0,44.28496071,-112.3505704,16033.0,118.3431952662722,0.0,1,1,0,0,1,1,852,0,0,0,0,0
2020-07-29,US,Idaho,Clearwater,15,0,0,46.67459924,-115.6622393,16035.0,171.31110095934216,0.0,15,15,0,0,15,14,8758,0,0,0,0,1
2020-07-29,US,Idaho,Custer,7,0,0,44.24186819,-114.2855494,16037.0,162.22479721900348,0.0,7,7,0,0,7,7,4280,0,0,0,0,0
2020-07-29,US,Idaho,Elmore,184,2,0,43.3507101,-115.4701578,16039.0,668.8233797390135,1.0869565217391304,182,155,2,0,153,150,27259,29,0,0,29,5
2020-07-29,US,Idaho,Franklin,45,0,0,42.18332217,-111.8149666,16041.0,324.30095128279044,0.0,45,45,0,0,45,45,13726,0,0,0,0,0
2020-07-29,US,Idaho,Fremont,42,0,0,44.22800938,-111.4809943,16043.0,320.6351629895412,0.0,42,40,0,0,40,37,13168,2,0,0,2,3
2020-07-29,US,Idaho,Gem,140,0,0,44.06482372,-116.398376,16045.0,772.9681978798585,0.0,140,134,0,0,134,128,17634,6,0,0,6,6
2020-07-29,US,Idaho,Gooding,126,1,0,42.96927962,-114.8108306,16047.0,830.0942091046843,0.7936507936507936,125,124,1,0,123,119,15196,2,0,0,2,5
2020-07-29,US,Idaho,Idaho,27,0,0,45.84721541,-115.4634436,16049.0,161.99676006479868,0.0,27,25,0,0,25,25,16513,2,0,0,2,0
2020-07-29,US,Idaho,Jefferson,109,1,0,43.82078483,-112.3131749,16051.0,364.9024137122962,0.9174311926605504,108,107,1,0,106,97,29439,2,0,0,2,10
2020-07-29,US,Idaho,Jerome,398,6,0,42.68891267,-114.2655033,16053.0,1630.3457316074066,1.5075376884422111,392,392,6,0,386,383,24015,6,0,0,6,9
2020-07-29,US,Idaho,Kootenai,1426,7,0,47.67282258,-116.7020872,16055.0,860.6070115934508,0.4908835904628331,1419,1377,1,0,1376,1339,161505,49,6,0,43,38
2020-07-29,US,Idaho,Latah,73,0,0,46.81587887,-116.7113698,16057.0,182.00857684252517,0.0,73,71,0,0,71,71,40134,2,0,0,2,0
2020-07-29,US,Idaho,Lemhi,11,0,0,44.9438088,-113.9309747,16059.0,137.0374984427557,0.0,11,8,0,0,8,8,7961,3,0,0,3,0
2020-07-29,US,Idaho,Lewis,1,0,0,46.23315327,-116.434146,16061.0,26.055237102657642,0.0,1,1,0,0,1,1,3861,0,0,0,0,0
2020-07-29,US,Idaho,Lincoln,50,0,0,43.0012336,-114.1358773,16063.0,931.7927692881103,0.0,50,49,0,0,49,48,5360,1,0,0,1,1
2020-07-29,US,Idaho,Madison,128,0,0,43.78141028,-111.65384740000002,16065.0,320.74573383115745,0.0,128,125,0,0,125,118,39304,3,0,0,3,7
2020-07-29,US,Idaho,Minidoka,409,2,0,42.85518524,-113.6357257,16067.0,1944.0087456628169,0.4889975550122249,407,401,1,0,400,391,20825,8,1,0,7,10
2020-07-29,US,Idaho,Nez Perce,124,19,0,46.32638236,-116.7500975,16069.0,306.8699267471788,15.32258064516129,105,123,19,0,104,123,40408,1,0,0,1,0
2020-07-29,US,Idaho,Oneida,8,0,0,42.19494279999999,-112.5407838,16071.0,176.5614654601633,0.0,8,8,0,0,8,8,4488,0,0,0,0,0
2020-07-29,US,Idaho,Owyhee,206,0,0,42.58016894,-116.1693871,16073.0,1742.3665736276748,0.0,206,197,0,0,197,193,11693,9,0,0,9,4
2020-07-29,US,Idaho,Payette,302,2,0,44.00545243,-116.7647695,16075.0,1260.9076865266584,0.6622516556291391,300,290,2,0,288,288,23551,12,0,0,12,2
2020-07-29,US,Idaho,Power,35,0,0,42.69254894,-112.83957420000002,16077.0,455.66983465694574,0.0,35,32,0,0,32,30,7768,3,0,0,3,2
2020-07-29,US,Idaho,Shoshone,59,1,0,47.35364087,-115.8916749,16079.0,458.00341561869277,1.6949152542372878,58,58,0,0,58,56,12796,1,1,0,0,2
2020-07-29,US,Idaho,Teton,54,0,0,43.75303583,-111.2056773,16081.0,444.7372755723933,0.0,54,53,0,0,53,52,11640,1,0,0,1,1
2020-07-29,US,Idaho,Twin Falls,1146,29,0,42.35440512,-114.6685381,16083.0,1319.0911392987869,2.5305410122164047,1117,1138,29,0,1109,1064,86081,8,0,0,8,74
2020-07-29,US,Idaho,Valley,45,1,0,44.76728382,-115.5676773,16085.0,395.0140449438202,2.2222222222222223,44,45,1,0,44,43,11041,0,0,0,0,2
2020-07-29,US,Idaho,Washington,177,2,0,44.45275475,-116.7847688,16087.0,1736.3154796939373,1.1299435028248588,175,171,2,0,169,167,10161,6,0,0,6,4
2020-07-29,US,Illinois,Adams,351,1,0,39.98815591,-91.18786813,17001.0,536.4101780392756,0.2849002849002849,350,355,1,0,354,352,65691,-4,0,0,-4,3
2020-07-29,US,Illinois,Alexander,35,0,0,37.18049267,-89.32910838,17003.0,607.5334143377886,0.0,35,35,0,0,35,35,6060,0,0,0,0,0
2020-07-29,US,Illinois,Bond,42,2,0,38.88829622,-89.43534887,17005.0,255.69219530013402,4.761904761904762,40,41,2,0,39,40,16630,1,0,0,1,1
2020-07-29,US,Illinois,Boone,710,23,0,42.32359279,-88.82345779,17007.0,1326.0122516061556,3.2394366197183104,687,708,23,0,685,695,53577,2,0,0,2,13
2020-07-29,US,Illinois,Brown,13,0,0,39.96209138,-90.75068024,17009.0,197.6284584980237,0.0,13,12,0,0,12,12,6556,1,0,0,1,0
2020-07-29,US,Illinois,Bureau,91,2,0,41.40385234,-89.5283051,17011.0,278.90155694495525,2.1978021978021984,89,84,2,0,82,80,32993,7,0,0,7,4
2020-07-29,US,Illinois,Calhoun,6,0,0,39.16840183,-90.66330078,17013.0,126.60898923823594,0.0,6,6,0,0,6,6,4802,0,0,0,0,0
2020-07-29,US,Illinois,Carroll,39,3,0,42.06823429,-89.93395545,17015.0,272.6319468717232,7.6923076923076925,36,36,2,0,34,35,14312,3,1,0,2,1
2020-07-29,US,Illinois,Cass,183,11,0,39.96991073,-90.24734436,17017.0,1506.544825882934,6.0109289617486334,172,174,11,0,163,173,12260,9,0,0,9,1
2020-07-29,US,Illinois,Champaign,1442,18,0,40.13919438,-88.20046615,17019.0,687.6850955462613,1.2482662968099858,1424,1425,18,0,1407,1419,209983,17,0,0,17,6
2020-07-29,US,Illinois,Christian,89,4,0,39.54581621,-89.27780482,17021.0,275.5076770678553,4.49438202247191,85,80,4,0,76,80,32661,9,0,0,9,0
2020-07-29,US,Illinois,Clark,63,0,0,39.33425789,-87.78705622,17023.0,408.00466291043335,0.0,63,63,0,0,63,59,15596,0,0,0,0,4
2020-07-29,US,Illinois,Clay,10,0,0,38.75388572,-88.48914513,17025.0,75.8495145631068,0.0,10,10,0,0,10,10,13253,0,0,0,0,0
2020-07-29,US,Illinois,Clinton,319,17,0,38.60704876,-89.42385254,17027.0,849.2625525797348,5.329153605015674,302,311,17,0,294,306,37639,8,0,0,8,5
2020-07-29,US,Illinois,Coles,361,20,0,39.51949084,-88.22358557,17029.0,713.1427668358981,5.54016620498615,341,327,20,0,307,315,50885,34,0,0,34,12
2020-07-29,US,Illinois,Cook,104001,4864,0,41.84144849,-87.81658794,17031.0,2019.3455325225088,4.676878106941278,99137,103441,4857,0,98584,103008,5180493,560,7,0,553,433
2020-07-29,US,Illinois,Crawford,30,0,0,39.0032229,-87.75954624,17033.0,160.7114158675738,0.0,30,30,0,0,30,30,18807,0,0,0,0,0
2020-07-29,US,Illinois,Cumberland,39,2,0,39.27432424,-88.2401158,17035.0,362.251532602638,5.128205128205129,37,39,2,0,37,39,10808,0,0,0,0,0
2020-07-29,US,Illinois,De Witt,26,0,0,40.17514519,-88.90959682,17039.0,166.26167029031842,0.0,26,26,0,0,26,25,15769,0,0,0,0,1
2020-07-29,US,Illinois,DeKalb,794,26,0,41.89373302,-88.76958483,17037.0,756.932991410622,3.2745591939546603,768,788,25,0,763,784,104143,6,1,0,5,4
2020-07-29,US,Illinois,Douglas,103,2,0,39.76768052,-88.21854195,17041.0,529.1548933984074,1.9417475728155342,101,101,2,0,99,96,19479,2,0,0,2,5
2020-07-29,US,Illinois,DuPage,11084,508,0,41.85116968,-88.08642662,17043.0,1200.9695304365166,4.583182966438109,10576,11005,510,0,10495,10953,928589,79,-2,0,81,52
2020-07-29,US,Illinois,Edgar,26,0,0,39.6809186,-87.74759563,17045.0,151.50632247538022,0.0,26,25,0,0,25,24,17360,1,0,0,1,1
2020-07-29,US,Illinois,Edwards,10,0,0,38.41353228,-88.05720863,17047.0,156.3721657544957,0.0,10,7,0,0,7,6,6392,3,0,0,3,1
2020-07-29,US,Illinois,Effingham,73,1,0,39.05935711,-88.58969584,17049.0,214.65537520583402,1.3698630136986298,72,67,1,0,66,68,34208,6,0,0,6,-1
2020-07-29,US,Illinois,Fayette,51,3,0,39.00072038,-89.02452658,17051.0,239.0326209223847,5.882352941176472,48,44,3,0,41,43,21416,7,0,0,7,1
2020-07-29,US,Illinois,Ford,38,1,0,40.59706922,-88.22350769,17053.0,293.187254069902,2.631578947368421,37,38,1,0,37,37,13264,0,0,0,0,1
2020-07-29,US,Illinois,Franklin,107,0,0,37.99189086,-88.92567818,17055.0,278.14603966830435,0.0,107,105,0,0,105,106,38701,2,0,0,2,-1
2020-07-29,US,Illinois,Fulton,24,0,0,40.47289135,-90.20862357,17057.0,69.88934187536401,0.0,24,24,0,0,24,24,34844,0,0,0,0,0
2020-07-29,US,Illinois,Gallatin,41,0,0,37.76430935,-88.22953869,17059.0,849.2129246064623,0.0,41,39,0,0,39,37,5058,2,0,0,2,2
2020-07-29,US,Illinois,Greene,17,0,0,39.35907414,-90.388865,17061.0,131.08181047112342,0.0,17,17,0,0,17,17,13044,0,0,0,0,0
2020-07-29,US,Illinois,Grundy,259,5,0,41.28569601,-88.41905692,17063.0,507.3059897363577,1.9305019305019304,254,254,5,0,249,249,50972,5,0,0,5,5
2020-07-29,US,Illinois,Hamilton,14,0,0,38.08163641,-88.53883373,17065.0,172.4987678659438,0.0,14,13,0,0,13,13,8163,1,0,0,1,0
2020-07-29,US,Illinois,Hancock,27,1,0,40.40423981,-91.16313899,17067.0,152.47345832392142,3.703703703703704,26,27,1,0,26,27,17844,0,0,0,0,0
2020-07-29,US,Illinois,Hardin,16,0,0,37.51810645,-88.26873022,17069.0,418.73855011777016,0.0,16,16,0,0,16,16,3910,0,0,0,0,0
2020-07-29,US,Illinois,Henderson,9,0,0,40.81908672,-90.92491462,17071.0,135.4198013842913,0.0,9,9,0,0,9,9,6709,0,0,0,0,0
2020-07-29,US,Illinois,Henry,179,1,0,41.3533994,-90.13296166,17073.0,365.9558808496719,0.5586592178770949,178,178,1,0,177,173,49090,1,0,0,1,5
2020-07-29,US,Illinois,Iroquois,240,7,0,40.74717633,-87.82466784,17075.0,885.1515822084532,2.9166666666666665,233,235,7,0,228,219,27604,5,0,0,5,16
2020-07-29,US,Illinois,Jackson,572,19,0,37.78595185,-89.38232563,17077.0,1007.9295154185022,3.3216783216783217,553,556,19,0,537,544,57419,16,0,0,16,12
2020-07-29,US,Illinois,Jasper,50,7,0,39.01054275,-88.15437049,17079.0,520.2913631633713,14.0,43,50,7,0,43,49,9611,0,0,0,0,1
2020-07-29,US,Illinois,Jefferson,169,17,0,38.29980057,-88.9240025,17081.0,448.4661925485617,10.059171597633137,152,163,17,0,146,162,37820,6,0,0,6,1
2020-07-29,US,Illinois,Jersey,59,1,0,39.08869046,-90.35393073,17083.0,270.9778165617966,1.6949152542372878,58,59,1,0,58,59,21847,0,0,0,0,0
2020-07-29,US,Illinois,Jo Daviess,106,1,0,42.36542373,-90.21094405,17085.0,499.1758888627266,0.9433962264150944,105,103,1,0,102,99,21366,3,0,0,3,4
2020-07-29,US,Illinois,Johnson,51,0,0,37.45939802,-88.88165419,17087.0,410.72722879922685,0.0,51,49,0,0,49,50,12456,2,0,0,2,-1
2020-07-29,US,Illinois,Kane,8884,296,0,41.93842729,-88.42861412,17089.0,1668.6607701308972,3.3318325078793336,8588,8820,293,0,8527,8782,534216,64,3,0,61,38
2020-07-29,US,Illinois,Kankakee,1634,67,0,41.13746989,-87.86205334,17091.0,1487.320456572791,4.100367197062424,1567,1624,66,0,1558,1606,110024,10,1,0,9,18
2020-07-29,US,Illinois,Kendall,1232,22,0,41.59081014,-88.42869583,17093.0,955.1127994418173,1.7857142857142858,1210,1225,21,0,1204,1219,127915,7,1,0,6,6
2020-07-29,US,Illinois,Knox,227,1,0,40.93148779,-90.21330340000002,17095.0,456.7496327893922,0.4405286343612335,226,223,1,0,222,223,50112,4,0,0,4,0
2020-07-29,US,Illinois,LaSalle,442,18,0,41.34426129999999,-88.88633881,17099.0,406.7397325824292,4.072398190045249,424,428,18,0,410,419,109430,14,0,0,14,9
2020-07-29,US,Illinois,Lake,11649,439,0,42.3224907,-88.00367925,17097.0,1672.4213427896661,3.7685638252210487,11210,11608,439,0,11169,11523,700832,41,0,0,41,85
2020-07-29,US,Illinois,Lawrence,39,0,0,38.71987914,-87.72884035,17101.0,248.75621890547265,0.0,39,38,0,0,38,37,15765,1,0,0,1,1
2020-07-29,US,Illinois,Lee,131,2,0,41.74583951,-89.29977132,17103.0,384.2092914124824,1.5267175572519085,129,129,2,0,127,129,34223,2,0,0,2,0
2020-07-29,US,Illinois,Livingston,79,2,0,40.89188292,-88.55784752,17105.0,221.6113105924596,2.5316455696202533,77,76,2,0,74,74,35761,3,0,0,3,2
2020-07-29,US,Illinois,Logan,70,0,0,40.12581572,-89.36638784,17107.0,244.60129988119363,0.0,70,67,0,0,67,65,28925,3,0,0,3,2
2020-07-29,US,Illinois,Macon,406,22,0,39.86064913,-88.96342505,17115.0,390.3508350238922,5.41871921182266,384,386,22,0,364,377,104712,20,0,0,20,9
2020-07-29,US,Illinois,Macoupin,122,3,0,39.26119767,-89.92424028,17117.0,271.55767261719274,2.459016393442623,119,117,3,0,114,112,45313,5,0,0,5,5
2020-07-29,US,Illinois,Madison,1975,71,0,38.83042506,-89.90422563,17119.0,751.0476639565571,3.59493670886076,1904,1942,71,0,1871,1915,264461,33,0,0,33,27
2020-07-29,US,Illinois,Marion,122,0,0,38.64963204,-88.91899208,17121.0,327.9129149307889,0.0,122,116,0,0,116,116,37620,6,0,0,6,0
2020-07-29,US,Illinois,Marshall,17,0,0,41.0327901,-89.34510444,17123.0,148.62738240951217,0.0,17,17,0,0,17,17,11534,0,0,0,0,0
2020-07-29,US,Illinois,Mason,41,0,0,40.23917274,-89.91824452,17125.0,306.90919979040353,0.0,41,40,0,0,40,40,13565,1,0,0,1,0
2020-07-29,US,Illinois,Massac,32,0,0,37.22078441,-88.71036614,17127.0,232.35550392099915,0.0,32,31,0,0,31,31,14080,1,0,0,1,0
2020-07-29,US,Illinois,McDonough,121,15,0,40.45674722,-90.67775541,17109.0,407.65447072299713,12.396694214876034,106,121,15,0,106,121,29955,0,0,0,0,0
2020-07-29,US,Illinois,McHenry,2783,111,0,42.32451172,-88.45248227,17111.0,904.234925627246,3.9885016169601153,2672,2743,111,0,2632,2705,308570,40,0,0,40,38
2020-07-29,US,Illinois,McLean,504,15,0,40.48996987,-88.84621113,17113.0,293.848423188372,2.9761904761904763,489,487,15,0,472,471,172828,17,0,0,17,16
2020-07-29,US,Illinois,Menard,40,0,0,40.02742725,-89.80246001,17129.0,327.9763857002296,0.0,40,40,0,0,40,40,12288,0,0,0,0,0
2020-07-29,US,Illinois,Mercer,52,0,0,41.20596782,-90.74290052,17131.0,336.85301548228284,0.0,52,49,0,0,49,48,15601,3,0,0,3,1
2020-07-29,US,Illinois,Monroe,239,13,0,38.27594376,-90.17761038,17133.0,690.0135693045012,5.439330543933054,226,230,13,0,217,227,34335,9,0,0,9,3
2020-07-29,US,Illinois,Montgomery,132,6,0,39.23198845,-89.47809254,17135.0,464.55972407967903,4.545454545454546,126,128,5,0,123,128,28601,4,1,0,3,0
2020-07-29,US,Illinois,Morgan,167,5,0,39.71654544,-90.20255104,17137.0,496.16733020381486,2.9940119760479043,162,161,5,0,156,160,33976,6,0,0,6,1
2020-07-29,US,Illinois,Moultrie,51,0,0,39.64187451,-88.62099969,17139.0,351.6998827667058,0.0,51,50,0,0,50,47,14717,1,0,0,1,3
2020-07-29,US,Illinois,Ogle,363,5,0,42.04165196,-89.32184679,17141.0,716.7821811504057,1.3774104683195592,358,361,5,0,356,357,50923,2,0,0,2,4
2020-07-29,US,Illinois,Out of IL,2,0,0,0.0,0.0,80017.0,0.0,0.0,2,,,,,4,,,,,,
2020-07-29,US,Illinois,Peoria,1106,34,0,40.78702156,-89.76078901,17143.0,617.2598351369303,3.0741410488245933,1072,1066,33,0,1033,1036,180621,40,1,0,39,30
2020-07-29,US,Illinois,Perry,94,1,0,38.08510853,-89.36856219,17145.0,449.41671447695535,1.0638297872340423,93,92,1,0,91,92,21174,2,0,0,2,0
2020-07-29,US,Illinois,Piatt,34,0,0,40.01360584,-88.59319339,17147.0,208.02741067058247,0.0,34,34,0,0,34,35,16396,0,0,0,0,-1
2020-07-29,US,Illinois,Pike,11,0,0,39.62265059,-90.8877017,17149.0,70.6895443737549,0.0,11,11,0,0,11,11,15611,0,0,0,0,0
2020-07-29,US,Illinois,Pope,7,0,0,37.41391284,-88.56152109,17151.0,167.58439071103663,0.0,7,7,0,0,7,7,4212,0,0,0,0,0
2020-07-29,US,Illinois,Pulaski,90,0,0,37.22631423,-89.13085001,17153.0,1686.9728209934397,0.0,90,90,0,0,90,89,5463,0,0,0,0,1
2020-07-29,US,Illinois,Putnam,7,0,0,41.2013541,-89.2869272,17155.0,121.97246907126677,0.0,7,7,0,0,7,8,5740,0,0,0,0,-1
2020-07-29,US,Illinois,Randolph,415,7,0,38.05095369,-89.82512254,17157.0,1305.770561953307,1.686746987951807,408,411,7,0,404,409,32106,4,0,0,4,2
2020-07-29,US,Illinois,Richland,12,0,0,38.71240969,-88.08475366,17159.0,77.35447689035003,0.0,12,11,0,0,11,12,15763,1,0,0,1,-1
2020-07-29,US,Illinois,Rock Island,1478,30,0,41.46613806,-90.57042164,17161.0,1041.7327440988447,2.029769959404601,1448,1467,30,0,1437,1454,143477,11,0,0,11,13
2020-07-29,US,Illinois,Saline,86,1,0,37.75332999,-88.54119706,17165.0,366.09765442084205,1.162790697674419,85,83,0,0,83,83,23906,3,1,0,2,0
2020-07-29,US,Illinois,Sangamon,875,33,0,39.75836914,-89.65872023,17167.0,449.4739870140544,3.7714285714285714,842,850,33,0,817,823,195348,25,0,0,25,27
2020-07-29,US,Illinois,Schuyler,15,0,0,40.157179799999994,-90.61114163,17169.0,221.6312056737589,0.0,15,14,0,0,14,14,6907,1,0,0,1,0
2020-07-29,US,Illinois,Scott,6,0,0,39.642916899999996,-90.47814431,17171.0,121.1876388608362,0.0,6,6,0,0,6,6,4926,0,0,0,0,0
2020-07-29,US,Illinois,Shelby,46,1,0,39.39133527,-88.80611122,17173.0,212.6282703152445,2.1739130434782608,45,41,1,0,40,40,21741,5,0,0,5,1
2020-07-29,US,Illinois,St. Clair,3340,154,0,38.46996033,-89.93063427,17163.0,1286.1686806373853,4.610778443113771,3186,3264,154,0,3110,3202,261059,76,0,0,76,62
2020-07-29,US,Illinois,Stark,7,0,0,41.09309773,-89.79745866,17175.0,131.03706476974915,0.0,7,6,0,0,6,6,5427,1,0,0,1,0
2020-07-29,US,Illinois,Stephenson,311,6,0,42.35129217,-89.662598,17177.0,698.9078160816216,1.929260450160772,305,311,6,0,305,307,44753,0,0,0,0,4
2020-07-29,US,Illinois,Tazewell,304,8,0,40.50716185,-89.51404662,17179.0,230.64725385613377,2.631578947368421,296,290,8,0,282,280,132328,14,0,0,14,10
2020-07-29,US,Illinois,Unassigned,1297,192,0,0.0,0.0,90017.0,0.0,14.803392444101773,1105,1297,192,0,1105,1312,,0,0,0,0,-15
2020-07-29,US,Illinois,Union,275,21,0,37.47119609,-89.25548938,17181.0,1651.3541103705038,7.636363636363638,254,273,21,0,252,273,16841,2,0,0,2,0
2020-07-29,US,Illinois,Vermilion,188,2,0,40.18417171,-87.73384359,17183.0,248.15861031178227,1.0638297872340423,186,181,2,0,179,180,76806,7,0,0,7,1
2020-07-29,US,Illinois,Wabash,26,0,0,38.44272901,-87.84922065,17185.0,225.69444444444446,0.0,26,26,0,0,26,25,11549,0,0,0,0,1
2020-07-29,US,Illinois,Warren,175,0,0,40.84925021,-90.6147432,17187.0,1038.9456186179054,0.0,175,172,0,0,172,170,17032,3,0,0,3,2
2020-07-29,US,Illinois,Washington,52,0,0,38.35309213,-89.40982703,17189.0,374.45092532584437,0.0,52,50,0,0,50,50,13995,2,0,0,2,0
2020-07-29,US,Illinois,Wayne,34,1,0,38.42955355,-88.42586459,17191.0,209.6823928461301,2.9411764705882355,33,32,1,0,31,32,16332,2,0,0,2,0
2020-07-29,US,Illinois,White,50,0,0,38.08706198,-88.17657461,17193.0,369.3580556991948,0.0,50,49,0,0,49,48,13665,1,0,0,1,1
2020-07-29,US,Illinois,Whiteside,297,16,0,41.75509713,-89.91556058,17195.0,538.2872677843227,5.387205387205388,281,289,16,0,273,284,55626,8,0,0,8,5
2020-07-29,US,Illinois,Will,8260,338,0,41.44619267,-87.97862712,17197.0,1195.8137831291813,4.092009685230024,7922,8191,338,0,7853,8148,692310,69,0,0,69,43
2020-07-29,US,Illinois,Williamson,280,5,0,37.73033511,-88.92994027,17199.0,420.4393591302912,1.7857142857142858,275,270,5,0,265,270,67056,10,0,0,10,0
2020-07-29,US,Illinois,Winnebago,3582,121,0,42.33641854,-89.16085327,17201.0,1267.6415214529395,3.378001116694584,3461,3570,120,0,3450,3539,284081,12,1,0,11,31
2020-07-29,US,Illinois,Woodford,78,3,0,40.78579374,-89.20973757,17203.0,202.8133856834551,3.8461538461538463,75,75,3,0,72,73,38463,3,0,0,3,2
2020-07-29,US,Indiana,Adams,73,1,0,40.7457653,-84.93671406,18001.0,204.041702769936,1.3698630136986298,72,73,1,0,72,71,35636,0,0,0,0,2
2020-07-29,US,Indiana,Allen,3441,155,0,41.09194313,-85.06800636,18003.0,907.1998607958368,4.504504504504505,3286,3416,155,0,3261,3375,375351,25,0,0,25,41
2020-07-29,US,Indiana,Bartholomew,702,47,0,39.20744865,-85.89558181,18005.0,837.918810203034,6.695156695156696,655,697,46,0,651,687,82753,5,1,0,4,10
2020-07-29,US,Indiana,Benton,56,0,0,40.60626947,-87.31093999,18007.0,640.1463191586648,0.0,56,56,0,0,56,56,8653,0,0,0,0,0
2020-07-29,US,Indiana,Blackford,51,2,0,40.47388153,-85.32499702,18009.0,433.74723592447685,3.92156862745098,49,51,2,0,49,48,11930,0,0,0,0,3
2020-07-29,US,Indiana,Boone,598,45,0,40.0509304,-86.46841646,18011.0,881.4468699792168,7.525083612040134,553,592,45,0,547,584,66999,6,0,0,6,8
2020-07-29,US,Indiana,Brown,66,1,0,39.19605589,-86.22868909,18013.0,437.31778425655983,1.5151515151515151,65,66,1,0,65,64,15234,0,0,0,0,2
2020-07-29,US,Indiana,Carroll,123,2,0,40.580783200000006,-86.56198812,18015.0,607.1975119711705,1.6260162601626016,121,122,2,0,120,122,20127,1,0,0,1,0
2020-07-29,US,Indiana,Cass,1732,9,0,40.76135835,-86.34830753,18017.0,4595.505319854599,0.5196304849884527,1723,1728,9,0,1719,1719,37955,4,0,0,4,9
2020-07-29,US,Indiana,Clark,967,45,0,38.48015445,-85.70510334,18019.0,817.3995367787527,4.653567735263702,922,950,45,0,905,924,117360,17,0,0,17,26
2020-07-29,US,Indiana,Clay,89,5,0,39.39561833,-87.11723506,18021.0,339.3708293612965,5.617977528089888,84,88,5,0,83,83,26170,1,0,0,1,5
2020-07-29,US,Indiana,Clinton,328,3,0,40.30319754,-86.47277257,18023.0,1012.3769252137413,0.9146341463414634,325,326,3,0,323,326,32250,2,0,0,2,0
2020-07-29,US,Indiana,Crawford,40,0,0,38.28814402,-86.44518825,18025.0,378.1790677885979,0.0,40,40,0,0,40,40,10558,0,0,0,0,0
2020-07-29,US,Indiana,Daviess,221,19,0,38.70186039,-87.07185406,18027.0,662.6487961380467,8.597285067873303,202,212,19,0,193,204,33147,9,0,0,9,8
2020-07-29,US,Indiana,DeKalb,207,4,0,41.39804622,-84.99906934,18033.0,476.1357101782634,1.932367149758454,203,205,4,0,201,198,43226,2,0,0,2,7
2020-07-29,US,Indiana,Dearborn,423,27,0,39.14647946,-84.97333539,18029.0,855.2711391483682,6.382978723404255,396,421,27,0,394,404,49568,2,0,0,2,17
2020-07-29,US,Indiana,Decatur,290,32,0,39.30712658,-85.50087166,18031.0,1091.908580895365,11.034482758620689,258,285,32,0,253,278,26794,5,0,0,5,7
2020-07-29,US,Indiana,Delaware,579,52,0,40.22787247,-85.39732772,18035.0,507.29399395452754,8.981001727115716,527,573,52,0,521,561,114772,6,0,0,6,12
2020-07-29,US,Indiana,Dubois,581,10,0,38.36597551,-86.87924170000002,18037.0,1359.5095469861474,1.721170395869191,571,570,10,0,560,558,42565,11,0,0,11,12
2020-07-29,US,Indiana,Elkhart,4423,72,0,41.59761169,-85.85875695,18039.0,2143.5390930547005,1.6278543974677822,4351,4399,72,0,4327,4378,205560,24,0,0,24,21
2020-07-29,US,Indiana,Fayette,138,7,0,39.63684962,-85.17797541,18041.0,597.3508787117999,5.0724637681159415,131,136,7,0,129,136,23047,2,0,0,2,0
2020-07-29,US,Indiana,Floyd,618,44,0,38.32117957,-85.90385377,18043.0,787.0405746160312,7.119741100323624,574,609,44,0,565,583,77781,9,0,0,9,26
2020-07-29,US,Indiana,Fountain,58,2,0,40.12361933,-87.24217689,18045.0,354.8268689587667,3.4482758620689653,56,57,2,0,55,55,16351,1,0,0,1,2
2020-07-29,US,Indiana,Franklin,181,8,0,39.4142482,-85.06062647,18047.0,795.3247209772388,4.419889502762431,173,175,8,0,167,173,22736,6,0,0,6,2
2020-07-29,US,Indiana,Fulton,125,1,0,41.0469907,-86.26252745,18049.0,625.8135576249124,0.8,124,122,1,0,121,119,20092,3,0,0,3,3
2020-07-29,US,Indiana,Gibson,189,3,0,38.30393723,-87.58054938,18051.0,561.5140081404676,1.5873015873015872,186,186,2,0,184,182,33452,3,1,0,2,4
2020-07-29,US,Indiana,Grant,475,29,0,40.51587228,-85.65468702,18053.0,722.2247563441744,6.105263157894738,446,472,29,0,443,462,65936,3,0,0,3,10
2020-07-29,US,Indiana,Greene,229,34,0,39.03630547,-86.96223202,18055.0,717.3735981454796,14.847161572052402,195,225,34,0,191,222,32006,4,0,0,4,3
2020-07-29,US,Indiana,Hamilton,2316,103,0,40.07306535,-86.05244729,18057.0,685.1848016780519,4.447322970639033,2213,2288,103,0,2185,2253,330086,28,0,0,28,35
2020-07-29,US,Indiana,Hancock,587,37,0,39.82304555,-85.77566351,18059.0,750.9466789479071,6.303236797274276,550,579,37,0,542,580,76351,8,0,0,8,-1
2020-07-29,US,Indiana,Harrison,266,22,0,38.19467379,-86.10948271,18061.0,656.5469579168209,8.270676691729323,244,263,22,0,241,252,40350,3,0,0,3,11
2020-07-29,US,Indiana,Hendricks,1673,105,0,39.76719009,-86.51037283,18063.0,982.3205782362854,6.276150627615063,1568,1666,105,0,1561,1660,167009,7,0,0,7,6
2020-07-29,US,Indiana,Henry,348,18,0,39.93029017,-85.39625719,18065.0,725.4231635120487,5.172413793103448,330,346,18,0,328,344,48271,2,0,0,2,2
2020-07-29,US,Indiana,Howard,763,63,0,40.48527731,-86.11351892,18067.0,924.3554952510176,8.256880733944952,700,758,63,0,695,751,82366,5,0,0,5,7
2020-07-29,US,Indiana,Huntington,116,3,0,40.82907273,-85.48822092,18069.0,317.6341730558598,2.586206896551724,113,116,3,0,113,116,36240,0,0,0,0,0
2020-07-29,US,Indiana,Jackson,534,4,0,38.90915820000001,-86.03851889,18071.0,1207.298048879745,0.7490636704119851,530,532,4,0,528,526,44111,2,0,0,2,6
2020-07-29,US,Indiana,Jasper,189,2,0,41.02078733,-87.11553319,18073.0,563.1368809963649,1.058201058201058,187,189,2,0,187,188,33370,0,0,0,0,1
2020-07-29,US,Indiana,Jay,76,0,0,40.43781032,-85.00576229,18075.0,371.8927383049521,0.0,76,75,0,0,75,75,20764,1,0,0,1,0
2020-07-29,US,Indiana,Jefferson,145,2,0,38.78576239,-85.43633383,18077.0,448.80524947381446,1.3793103448275863,143,145,2,0,143,143,32208,0,0,0,0,2
2020-07-29,US,Indiana,Jennings,196,12,0,38.99588883,-85.62710784,18079.0,706.6882999819722,6.1224489795918355,184,195,12,0,183,194,27611,1,0,0,1,1
2020-07-29,US,Indiana,Johnson,1586,118,0,39.48994426,-86.10149107,18081.0,1002.7376127763694,7.440100882723835,1468,1574,118,0,1456,1555,156225,12,0,0,12,19
2020-07-29,US,Indiana,Knox,118,0,0,38.68861576,-87.4194665,18083.0,322.45723342624467,0.0,118,113,0,0,113,107,36895,5,0,0,5,6
2020-07-29,US,Indiana,Kosciusko,769,11,0,41.24521668,-85.86312322,18085.0,967.8312525171164,1.4304291287386215,758,768,11,0,757,766,79344,1,0,0,1,2
2020-07-29,US,Indiana,LaGrange,531,10,0,41.64232188,-85.42674232,18087.0,1340.4351996768821,1.8832391713747645,521,528,10,0,518,524,39330,3,0,0,3,4
2020-07-29,US,Indiana,LaPorte,770,29,0,41.54366008,-86.74072188,18091.0,700.713453698311,3.7662337662337664,741,772,29,0,743,760,110007,-2,0,0,-2,12
2020-07-29,US,Indiana,Lake,6821,266,0,41.41874274,-87.38277575,18089.0,1404.9636143054583,3.899721448467967,6555,6791,266,0,6525,6731,484411,30,0,0,30,60
2020-07-29,US,Indiana,Lawrence,307,27,0,38.84112637,-86.48361629,18093.0,676.6585849680406,8.794788273615637,280,300,27,0,273,297,45668,7,0,0,7,3
2020-07-29,US,Indiana,Madison,785,64,0,40.16143691,-85.71964711,18095.0,605.8547955143591,8.152866242038218,721,774,64,0,710,767,129641,11,0,0,11,7
2020-07-29,US,Indiana,Marion,14096,714,0,39.78163624,-86.13826325,18097.0,1461.3583915105194,5.0652667423382525,13382,13954,713,0,13241,13818,954670,142,1,0,141,136
2020-07-29,US,Indiana,Marshall,720,20,0,41.32467367,-86.26185087,18099.0,1556.4875264819061,2.7777777777777777,700,718,20,0,698,712,46248,2,0,0,2,6
2020-07-29,US,Indiana,Martin,42,0,0,38.7099921,-86.80373186,18101.0,409.55631399317406,0.0,42,40,0,0,40,39,10217,2,0,0,2,1
2020-07-29,US,Indiana,Miami,238,2,0,40.76940965,-86.04525048,18103.0,670.1205090663364,0.8403361344537815,236,241,2,0,239,236,35567,-3,0,0,-3,5
2020-07-29,US,Indiana,Monroe,636,30,0,39.16130004,-86.52414358,18105.0,428.48192089253587,4.716981132075472,606,620,30,0,590,603,146917,16,0,0,16,17
2020-07-29,US,Indiana,Montgomery,324,21,0,40.04034823,-86.89335024,18107.0,845.1145077990506,6.481481481481483,303,321,21,0,300,319,38346,3,0,0,3,2
2020-07-29,US,Indiana,Morgan,402,31,0,39.47899078,-86.44573375,18109.0,570.3017492090962,7.711442786069652,371,399,31,0,368,393,70116,3,0,0,3,6
2020-07-29,US,Indiana,Newton,108,10,0,40.95610449,-87.39635768,18111.0,772.3112128146453,9.25925925925926,98,106,10,0,96,105,14011,2,0,0,2,1
2020-07-29,US,Indiana,Noble,608,28,0,41.39672484,-85.41966713,18113.0,1273.4584450402144,4.605263157894737,580,605,28,0,577,602,47532,3,0,0,3,3
2020-07-29,US,Indiana,Ohio,40,3,0,38.955304999999996,-84.96515993,18115.0,680.8510638297872,7.5,37,37,3,0,34,36,5844,3,0,0,3,1
2020-07-29,US,Indiana,Orange,158,24,0,38.54118920000001,-86.49523093,18117.0,804.2349587702331,15.189873417721516,134,156,24,0,132,158,19489,2,0,0,2,-2
2020-07-29,US,Indiana,Owen,70,1,0,39.31145587,-86.83900724,18119.0,336.5546420500985,1.4285714285714286,69,70,1,0,69,70,20845,0,0,0,0,0
2020-07-29,US,Indiana,Parke,40,0,0,39.77202286,-87.20375833,18121.0,236.16933341205643,0.0,40,38,0,0,38,38,16927,2,0,0,2,0
2020-07-29,US,Indiana,Perry,165,12,0,38.07809328,-86.63741946,18123.0,860.7647764619959,7.272727272727272,153,164,12,0,152,163,19102,1,0,0,1,1
2020-07-29,US,Indiana,Pike,30,0,0,38.40112197,-87.23574907,18125.0,242.15029461619181,0.0,30,28,0,0,28,26,12410,2,0,0,2,2
2020-07-29,US,Indiana,Porter,1102,39,0,41.45986947,-87.06848888,18127.0,646.7553656632764,3.5390199637023594,1063,1083,39,0,1044,1059,169594,19,0,0,19,24
2020-07-29,US,Indiana,Posey,150,0,0,38.02097333,-87.86480429,18129.0,589.9240964329257,0.0,150,147,0,0,147,145,25540,3,0,0,3,2
2020-07-29,US,Indiana,Pulaski,69,1,0,41.04166107,-86.69890683,18131.0,558.5687687201488,1.4492753623188406,68,69,1,0,68,69,12469,0,0,0,0,0
2020-07-29,US,Indiana,Putnam,212,8,0,39.66437981,-86.84517605,18133.0,564.1899084522036,3.7735849056603774,204,212,8,0,204,208,37779,0,0,0,0,4
2020-07-29,US,Indiana,Randolph,98,4,0,40.15734772,-85.01139319,18135.0,397.32414352321103,4.081632653061225,94,96,4,0,92,92,24851,2,0,0,2,4
2020-07-29,US,Indiana,Ripley,179,7,0,39.10235626,-85.26212744,18137.0,631.9728851857083,3.910614525139665,172,179,7,0,172,177,28523,0,0,0,0,2
2020-07-29,US,Indiana,Rush,79,4,0,39.62002287,-85.4655599,18139.0,476.44894759061583,5.063291139240507,75,78,4,0,74,76,16663,1,0,0,1,2
2020-07-29,US,Indiana,Scott,233,10,0,38.68672078,-85.74627859,18143.0,975.9979893603653,4.291845493562231,223,228,10,0,218,223,23878,5,0,0,5,5
2020-07-29,US,Indiana,Shelby,498,26,0,39.52305623,-85.79158570000001,18145.0,1113.3716380871472,5.220883534136545,472,493,26,0,467,491,44593,5,0,0,5,2
2020-07-29,US,Indiana,Spencer,109,2,0,38.01519732,-87.0079644,18147.0,537.5548651181141,1.834862385321101,107,105,2,0,103,104,20327,4,0,0,4,1
2020-07-29,US,Indiana,St. Joseph,2893,77,0,41.61756781,-86.29040834,18141.0,1064.2837697644818,2.661596958174905,2816,2854,76,0,2778,2830,270771,39,1,0,38,24
2020-07-29,US,Indiana,Starke,152,6,0,41.27890281,-86.64686895,18149.0,661.0132637529897,3.947368421052632,146,151,5,0,146,151,22935,1,1,0,0,0
2020-07-29,US,Indiana,Steuben,189,3,0,41.64423868,-85.00101094,18151.0,546.3375151760421,1.5873015873015872,186,189,3,0,186,186,34586,0,0,0,0,3
2020-07-29,US,Indiana,Sullivan,66,1,0,39.08952258,-87.41414469,18153.0,319.318786588611,1.5151515151515151,65,66,1,0,65,66,20690,0,0,0,0,0
2020-07-29,US,Indiana,Switzerland,38,0,0,38.82767338,-85.03022429,18155.0,353.45549251232444,0.0,38,38,0,0,38,38,10717,0,0,0,0,0
2020-07-29,US,Indiana,Tippecanoe,1019,11,0,40.38872739,-86.89413959,18157.0,520.6098134183476,1.0794896957801767,1008,996,11,0,985,979,193048,23,0,0,23,17
2020-07-29,US,Indiana,Tipton,89,5,0,40.31123252,-86.05234925,18159.0,587.5363084235543,5.617977528089888,84,87,3,0,84,82,15128,2,2,0,0,5
2020-07-29,US,Indiana,Unassigned,0,199,0,0.0,0.0,90018.0,0.0,0.0,-199,0,199,0,-199,0,,0,0,0,0,0
2020-07-29,US,Indiana,Union,24,0,0,39.62550777,-84.92497066,18161.0,340.2324922030054,0.0,24,24,0,0,24,24,7037,0,0,0,0,0
2020-07-29,US,Indiana,Vanderburgh,1529,8,0,38.02658833,-87.58763124,18163.0,842.6517351791944,0.5232177894048398,1521,1500,8,0,1492,1458,180974,29,0,0,29,42
2020-07-29,US,Indiana,Vermillion,24,0,0,39.8523352,-87.46160542,18165.0,154.85869144405729,0.0,24,22,0,0,22,22,15479,2,0,0,2,0
2020-07-29,US,Indiana,Vigo,393,10,0,39.42944561,-87.39169027,18167.0,367.1593265942936,2.544529262086514,383,386,9,0,377,374,107386,7,1,0,6,12
2020-07-29,US,Indiana,Wabash,147,3,0,40.84704239,-85.79328272,18169.0,474.2547425474256,2.0408163265306123,144,147,3,0,144,145,31280,0,0,0,0,2
2020-07-29,US,Indiana,Warren,19,1,0,40.34728141,-87.35602659,18171.0,229.88505747126442,5.2631578947368425,18,19,1,0,18,19,8263,0,0,0,0,0
2020-07-29,US,Indiana,Warrick,446,29,0,38.08922676,-87.2716085,18173.0,707.9589828248515,6.502242152466367,417,439,29,0,410,431,62567,7,0,0,7,8
2020-07-29,US,Indiana,Washington,96,1,0,38.60219804,-86.1049363,18175.0,342.41689256669997,1.0416666666666667,95,91,1,0,90,88,27943,5,0,0,5,3
2020-07-29,US,Indiana,Wayne,281,8,0,39.863344399999995,-85.01044989,18177.0,426.5071944629956,2.846975088967972,273,274,8,0,266,270,65936,7,0,0,7,4
2020-07-29,US,Indiana,Wells,117,2,0,40.72934187,-85.22132966,18179.0,413.48600508905855,1.709401709401709,115,117,2,0,115,117,28206,0,0,0,0,0
2020-07-29,US,Indiana,White,332,10,0,40.74911165,-86.86492015,18181.0,1377.4790473819598,3.0120481927710845,322,329,10,0,319,327,24133,3,0,0,3,2
2020-07-29,US,Indiana,Whitley,140,6,0,41.13863784,-85.50791236,18183.0,412.20115416323165,4.285714285714286,134,138,6,0,132,137,34074,2,0,0,2,1
2020-07-29,US,Iowa,Adair,20,0,0,41.33075609,-94.47105874,19001.0,279.6420581655481,0.0,20,20,0,0,20,20,7063,0,0,0,0,0
2020-07-29,US,Iowa,Adams,15,0,0,41.02903567,-94.69932645,19003.0,416.43531371460296,0.0,15,13,0,0,13,13,3645,2,0,0,2,0
2020-07-29,US,Iowa,Allamakee,146,4,0,43.28383218,-91.37860922,19005.0,1066.705633082487,2.7397260273972597,142,145,4,0,141,146,13832,1,0,0,1,-1
2020-07-29,US,Iowa,Appanoose,37,3,0,40.74324454,-92.86865906,19007.0,297.76275551263484,8.108108108108109,34,36,3,0,33,36,12437,1,0,0,1,0
2020-07-29,US,Iowa,Audubon,27,1,0,41.6844628,-94.90581859,19009.0,491.26637554585153,3.703703703703704,26,25,1,0,24,25,5506,2,0,0,2,0
2020-07-29,US,Iowa,Benton,120,1,0,42.08011739,-92.06463573,19011.0,467.92747124195745,0.8333333333333334,119,117,1,0,116,117,25642,3,0,0,3,0
2020-07-29,US,Iowa,Black Hawk,2918,62,0,42.4704581,-92.30524729,19013.0,2223.6108147651416,2.1247429746401645,2856,2886,62,0,2824,2868,132408,32,0,0,32,18
2020-07-29,US,Iowa,Boone,221,2,0,42.03657094,-93.9313999,19015.0,842.4182358771063,0.9049773755656108,219,219,1,0,218,218,26346,2,1,0,1,1
2020-07-29,US,Iowa,Bremer,174,7,0,42.77461496,-92.31795937,19017.0,694.2781900885803,4.022988505747127,167,169,7,0,162,166,24947,5,0,0,5,3
2020-07-29,US,Iowa,Buchanan,95,1,0,42.4709188,-91.83510825,19019.0,448.642266824085,1.0526315789473684,94,94,1,0,93,91,21199,1,0,0,1,3
2020-07-29,US,Iowa,Buena Vista,1779,12,0,42.73545875,-95.15100162,19021.0,9067.278287461773,0.6745362563237775,1767,1777,12,0,1765,1776,19874,2,0,0,2,1
2020-07-29,US,Iowa,Butler,102,2,0,42.73172833,-92.79015971,19023.0,706.4201121961355,1.96078431372549,100,99,2,0,97,99,14539,3,0,0,3,0
2020-07-29,US,Iowa,Calhoun,78,2,0,42.38521079,-94.64046046,19025.0,806.7852709971037,2.5641025641025643,76,76,2,0,74,75,9699,2,0,0,2,1
2020-07-29,US,Iowa,Carroll,173,1,0,42.03617207,-94.86032705,19027.0,857.922142325812,0.5780346820809249,172,168,1,0,167,168,20154,5,0,0,5,0
2020-07-29,US,Iowa,Cass,37,0,0,41.33149454,-94.92792482,19029.0,288.2517918354628,0.0,37,36,0,0,36,37,12930,1,0,0,1,-1
2020-07-29,US,Iowa,Cedar,115,1,0,41.77233777,-91.13246684,19031.0,617.3833682289151,0.8695652173913043,114,110,1,0,109,109,18627,5,0,0,5,1
2020-07-29,US,Iowa,Cerro Gordo,558,17,0,43.08177563,-93.2612239,19033.0,1314.4876325088342,3.046594982078853,541,552,16,0,536,552,42647,6,1,0,5,0
2020-07-29,US,Iowa,Cherokee,97,1,0,42.73538914,-95.62389402,19035.0,863.3733867378728,1.0309278350515465,96,96,1,0,95,96,11321,1,0,0,1,0
2020-07-29,US,Iowa,Chickasaw,48,0,0,43.06001295,-92.31773347,19037.0,402.2458727897428,0.0,48,48,0,0,48,47,11964,0,0,0,0,1
2020-07-29,US,Iowa,Clarke,166,3,0,41.02868181,-93.78499767,19039.0,1766.897285790314,1.8072289156626504,163,161,3,0,158,161,9423,5,0,0,5,0
2020-07-29,US,Iowa,Clay,168,1,0,43.08247182,-95.15096481,19041.0,1048.951048951049,0.5952380952380952,167,167,1,0,166,166,16134,1,0,0,1,1
2020-07-29,US,Iowa,Clayton,84,3,0,42.84443388,-91.34133693,19043.0,478.6597526924611,3.571428571428572,81,84,3,0,81,82,17556,0,0,0,0,2
2020-07-29,US,Iowa,Clinton,270,2,0,41.89981633,-90.53275096,19045.0,581.5330935406749,0.7407407407407407,268,247,2,0,245,243,46518,23,0,0,23,4
2020-07-29,US,Iowa,Crawford,700,3,0,42.03718237,-95.3819718,19047.0,4161.7122473246145,0.42857142857142855,697,702,3,0,699,699,17158,-2,0,0,-2,3
2020-07-29,US,Iowa,Dallas,1706,34,0,41.68560356,-94.04127625,19049.0,1825.516569826544,1.9929660023446656,1672,1677,34,0,1643,1674,90180,29,0,0,29,3
2020-07-29,US,Iowa,Davis,49,1,0,40.74773536,-92.41005468,19051.0,544.4444444444445,2.0408163265306123,48,48,1,0,47,48,9017,1,0,0,1,0
2020-07-29,US,Iowa,Decatur,17,0,0,40.73742757,-93.78645949,19053.0,216.01016518424402,0.0,17,17,0,0,17,17,7890,0,0,0,0,0
2020-07-29,US,Iowa,Delaware,81,1,0,42.47104597,-91.3664492,19055.0,476.1624830991712,1.2345679012345678,80,80,1,0,79,79,17069,1,0,0,1,1
2020-07-29,US,Iowa,Des Moines,131,2,0,40.92012606,-91.18326592,19057.0,336.18189750301536,1.5267175572519085,129,132,2,0,130,131,39138,-1,0,0,-1,1
2020-07-29,US,Iowa,Dickinson,365,4,0,43.37787725,-95.1510206,19059.0,2114.9611774249624,1.095890410958904,361,361,4,0,357,359,17153,4,0,0,4,2
2020-07-29,US,Iowa,Dubuque,1416,28,0,42.46815349,-90.88181925,19061.0,1455.128402749946,1.9774011299435028,1388,1384,26,0,1358,1368,96854,32,2,0,30,16
2020-07-29,US,Iowa,Emmet,162,1,0,43.37782951,-94.67858943,19063.0,1759.3397046046914,0.6172839506172839,161,148,1,0,147,145,9253,14,0,0,14,3
2020-07-29,US,Iowa,Fayette,75,0,0,42.86271799,-91.84412309999999,19065.0,381.6793893129772,0.0,75,72,0,0,72,71,19660,3,0,0,3,1
2020-07-29,US,Iowa,Floyd,101,2,0,43.06000529999999,-92.78940097,19067.0,645.6974811405191,1.98019801980198,99,96,2,0,94,95,15761,5,0,0,5,1
2020-07-29,US,Iowa,Franklin,185,4,0,42.73270384,-93.26256925,19069.0,1837.1400198609729,2.1621621621621623,181,175,3,0,172,173,10124,10,1,0,9,2
2020-07-29,US,Iowa,Fremont,27,0,0,40.74542720000001,-95.60129045,19071.0,387.93103448275866,0.0,27,25,0,0,25,23,6993,2,0,0,2,2
2020-07-29,US,Iowa,Greene,37,0,0,42.03614551,-94.39658081,19073.0,416.2916291629163,0.0,37,37,0,0,37,37,8981,0,0,0,0,0
2020-07-29,US,Iowa,Grundy,68,1,0,42.40183723,-92.78829551,19075.0,555.9189012426423,1.4705882352941178,67,66,1,0,65,65,12304,2,0,0,2,1
2020-07-29,US,Iowa,Guthrie,122,5,0,41.68378965,-94.50111014,19077.0,1141.3602769201984,4.0983606557377055,117,122,5,0,117,122,10720,0,0,0,0,0
2020-07-29,US,Iowa,Hamilton,235,1,0,42.38382428,-93.70197703,19079.0,1590.7398632640627,0.425531914893617,234,228,1,0,227,226,14952,7,0,0,7,2
2020-07-29,US,Iowa,Hancock,107,2,0,43.08178477,-93.73454884,19081.0,1006.5851364063968,1.8691588785046729,105,106,2,0,104,105,10712,1,0,0,1,1
2020-07-29,US,Iowa,Hardin,148,0,0,42.38353877,-93.23654611,19083.0,878.5468360441647,0.0,148,139,0,0,139,138,16868,9,0,0,9,1
2020-07-29,US,Iowa,Harrison,88,0,0,41.68330137,-95.81558439,19085.0,626.3791017154248,0.0,88,84,0,0,84,84,14134,4,0,0,4,0
2020-07-29,US,Iowa,Henry,107,3,0,40.98767962,-91.54436349,19087.0,536.233336674351,2.803738317757009,104,107,3,0,104,105,20067,0,0,0,0,2
2020-07-29,US,Iowa,Howard,47,0,0,43.35671042,-92.31702714,19089.0,513.2124918104388,0.0,47,47,0,0,47,47,9187,0,0,0,0,0
2020-07-29,US,Iowa,Humboldt,83,1,0,42.7764426,-94.20722537,19091.0,868.3825068005859,1.2048192771084338,82,84,1,0,83,82,9547,-1,0,0,-1,2
2020-07-29,US,Iowa,Ida,29,0,0,42.38696136,-95.51355387,19093.0,422.7405247813411,0.0,29,28,0,0,28,28,6841,1,0,0,1,0
2020-07-29,US,Iowa,Iowa,81,1,0,41.68630265,-92.0643373,19095.0,500.49431537320817,1.2345679012345678,80,78,1,0,77,77,16141,3,0,0,3,1
2020-07-29,US,Iowa,Jackson,129,1,0,42.17178824,-90.57354837,19097.0,663.6143834559391,0.7751937984496124,128,126,0,0,126,126,19432,3,1,0,2,0
2020-07-29,US,Iowa,Jasper,443,24,0,41.68576082,-93.05567785,19099.0,1191.340594325669,5.417607223476298,419,439,24,0,415,439,37147,4,0,0,4,0
2020-07-29,US,Iowa,Jefferson,72,0,0,41.03192394,-91.94849466,19101.0,393.5501503142936,0.0,72,72,0,0,72,71,18381,0,0,0,0,1
2020-07-29,US,Iowa,Johnson,1822,14,0,41.67169354,-91.58754744,19103.0,1205.5048299589785,0.7683863885839737,1808,1781,12,0,1769,1766,151260,41,2,0,39,15
2020-07-29,US,Iowa,Jones,115,1,0,42.12118609,-91.13139641,19105.0,556.0659542575311,0.8695652173913043,114,112,1,0,111,111,20744,3,0,0,3,1
2020-07-29,US,Iowa,Keokuk,27,1,0,41.33649833,-92.1785067,19107.0,263.51747023228575,3.703703703703704,26,27,1,0,26,27,10225,0,0,0,0,0
2020-07-29,US,Iowa,Kossuth,74,0,0,43.20405458,-94.20691791,19109.0,499.56119624654025,0.0,74,72,0,0,72,72,14908,2,0,0,2,0
2020-07-29,US,Iowa,Lee,83,2,0,40.64181461,-91.48183025,19111.0,246.60546097394302,2.409638554216868,81,80,2,0,78,77,34055,3,0,0,3,3
2020-07-29,US,Iowa,Linn,1932,87,0,42.07923082,-91.59809485,19113.0,852.2050585339603,4.503105590062113,1845,1877,87,0,1790,1851,225909,55,0,0,55,26
2020-07-29,US,Iowa,Louisa,375,14,0,41.21842119,-91.26102611,19115.0,3398.278205709107,3.733333333333333,361,374,14,0,360,373,11169,1,0,0,1,1
2020-07-29,US,Iowa,Lucas,40,4,0,41.02958964,-93.32780803,19117.0,465.11627906976736,10.0,36,40,4,0,36,40,8645,0,0,0,0,0
2020-07-29,US,Iowa,Lyon,94,0,0,43.38107862,-96.20926845,19119.0,799.6597192683963,0.0,94,91,0,0,91,90,11811,3,0,0,3,1
2020-07-29,US,Iowa,Madison,91,2,0,41.33081904,-94.01554631,19121.0,556.9837189374465,2.1978021978021984,89,87,2,0,85,87,16249,4,0,0,4,0
2020-07-29,US,Iowa,Mahaska,133,17,0,41.33521503,-92.64083907,19123.0,601.9461416610092,12.781954887218044,116,133,17,0,116,132,22000,0,0,0,0,1
2020-07-29,US,Iowa,Marion,141,0,0,41.33445101,-93.09934783,19125.0,424.0218927615554,0.0,141,138,0,0,138,137,33407,3,0,0,3,1
2020-07-29,US,Iowa,Marshall,1348,24,0,42.03586837,-92.99908190000001,19127.0,3424.013817978613,1.7804154302670625,1324,1316,23,0,1293,1310,39981,32,1,0,31,6
2020-07-29,US,Iowa,Mills,72,0,0,41.03299766,-95.61920963,19129.0,476.5371632801641,0.0,72,70,0,0,70,71,15063,2,0,0,2,-1
2020-07-29,US,Iowa,Mitchell,76,0,0,43.35638371,-92.78887719,19131.0,717.9293406385792,0.0,76,75,0,0,75,75,10569,1,0,0,1,0
2020-07-29,US,Iowa,Monona,89,0,0,42.05220391,-95.95743843,19133.0,1033.081834010447,0.0,89,88,0,0,88,87,8679,1,0,0,1,1
2020-07-29,US,Iowa,Monroe,66,7,0,41.02988815,-92.8690667,19135.0,856.3643441027639,10.606060606060606,59,66,7,0,59,65,7790,0,0,0,0,1
2020-07-29,US,Iowa,Montgomery,40,2,0,41.03018714,-95.15642896,19137.0,403.34778662902085,5.0,38,40,2,0,38,38,10003,0,0,0,0,2
2020-07-29,US,Iowa,Muscatine,789,47,0,41.48370744,-91.11216970000001,19139.0,1849.3343333958373,5.9569074778200255,742,778,46,0,732,772,42929,11,1,0,10,6
2020-07-29,US,Iowa,O'Brien,114,1,0,43.08310673,-95.62474482,19141.0,828.9100559877844,0.8771929824561403,113,113,1,0,112,112,13840,1,0,0,1,1
2020-07-29,US,Iowa,Osceola,75,0,0,43.37824276,-95.62422844,19143.0,1258.8116817724072,0.0,75,75,0,0,75,75,6040,0,0,0,0,0
2020-07-29,US,Iowa,Page,65,0,0,40.7393172,-95.1497813,19145.0,430.2641159727279,0.0,65,56,0,0,56,56,15249,9,0,0,9,0
2020-07-29,US,Iowa,Palo Alto,69,0,0,43.08193849,-94.67824621,19147.0,776.5023632680621,0.0,69,65,0,0,65,64,8929,4,0,0,4,1
2020-07-29,US,Iowa,Plymouth,423,8,0,42.737633,-96.21366621,19149.0,1680.1048576081344,1.8912529550827424,415,417,8,0,409,416,25095,6,0,0,6,1
2020-07-29,US,Iowa,Pocahontas,112,1,0,42.73420133,-94.67862564,19151.0,1692.0985043057865,0.8928571428571429,111,112,1,0,111,112,6740,0,0,0,0,0
2020-07-29,US,Iowa,Polk,9262,193,0,41.68679484,-93.57767461,19153.0,1889.5832185751208,2.083783200172749,9069,9126,193,0,8933,9109,487204,136,0,0,136,17
2020-07-29,US,Iowa,Pottawattamie,1092,21,0,41.33640314,-95.53907776,19155.0,1171.5983949531144,1.9230769230769231,1071,1054,19,0,1035,1049,93533,38,2,0,36,5
2020-07-29,US,Iowa,Poweshiek,135,8,0,41.68625425,-92.53155731,19157.0,729.5719844357976,5.925925925925926,127,128,8,0,120,123,18699,7,0,0,7,5
2020-07-29,US,Iowa,Ringgold,21,1,0,40.73518949,-94.24368535,19159.0,429.09685328974257,4.761904761904762,20,21,1,0,20,21,4968,0,0,0,0,0
2020-07-29,US,Iowa,Sac,77,0,0,42.38624071,-95.10547892,19161.0,792.0995782326921,0.0,77,76,0,0,76,76,9719,1,0,0,1,0
2020-07-29,US,Iowa,Scott,1525,11,0,41.63935978,-90.61959493,19163.0,881.7934232666254,0.7213114754098361,1514,1500,11,0,1489,1491,173283,25,0,0,25,9
2020-07-29,US,Iowa,Shelby,143,0,0,41.6850066,-95.31015553,19165.0,1248.472149467435,0.0,143,139,0,0,139,135,11578,4,0,0,4,4
2020-07-29,US,Iowa,Sioux,574,2,0,43.08221074,-96.17675679999999,19167.0,1646.8225505666333,0.3484320557491289,572,568,1,0,567,563,34909,6,1,0,5,5
2020-07-29,US,Iowa,Story,1075,13,0,42.03621213,-93.46499005,19169.0,1106.9122810630477,1.2093023255813953,1062,1057,11,0,1046,1055,98105,18,2,0,16,2
2020-07-29,US,Iowa,Tama,529,29,0,42.07991767,-92.53266945,19171.0,3138.7207784502198,5.4820415879017,500,524,29,0,495,521,16904,5,0,0,5,3
2020-07-29,US,Iowa,Taylor,94,0,0,40.73710579,-94.69778563,19173.0,1535.6967815716391,0.0,94,93,0,0,93,93,6191,1,0,0,1,0
2020-07-29,US,Iowa,Unassigned,1,0,0,0.0,0.0,90019.0,0.0,0.0,1,8,0,0,8,2,,-7,0,0,-7,6
2020-07-29,US,Iowa,Union,66,1,0,41.0277278,-94.24234847,19175.0,539.1716363042235,1.5151515151515151,65,66,1,0,65,64,12359,0,0,0,0,2
2020-07-29,US,Iowa,Van Buren,25,1,0,40.75326764,-91.95017958,19177.0,354.9119818285065,4.0,24,24,1,0,23,24,7020,1,0,0,1,0
2020-07-29,US,Iowa,Wapello,812,31,0,41.03064984,-92.40954728,19179.0,2322.056678772627,3.817733990147784,781,808,31,0,777,796,35205,4,0,0,4,12
2020-07-29,US,Iowa,Warren,486,1,0,41.33559454,-93.56007641,19181.0,944.3127501651576,0.20576131687242802,485,478,1,0,477,474,51056,8,0,0,8,4
2020-07-29,US,Iowa,Washington,281,10,0,41.33577126,-91.71725711,19183.0,1279.3079899840654,3.5587188612099645,271,281,10,0,271,280,22141,0,0,0,0,1
2020-07-29,US,Iowa,Wayne,14,1,0,40.73969028,-93.32752197,19185.0,217.3575531749728,7.142857142857142,13,14,1,0,13,14,6401,0,0,0,0,0
2020-07-29,US,Iowa,Webster,668,5,0,42.42853483,-94.17987389,19187.0,1860.5169340463456,0.7485029940119761,663,657,5,0,652,654,36277,11,0,0,11,3
2020-07-29,US,Iowa,Winnebago,69,0,0,43.37751174,-93.73407298,19189.0,666.4091172493722,0.0,69,69,0,0,69,69,10518,0,0,0,0,0
2020-07-29,US,Iowa,Winneshiek,73,1,0,43.29094334,-91.84422722,19191.0,365.1643239457756,1.3698630136986298,72,72,1,0,71,71,20029,1,0,0,1,1
2020-07-29,US,Iowa,Woodbury,3585,47,0,42.38979414,-96.0459439,19193.0,3476.970525764497,1.3110181311018132,3538,3575,47,0,3528,3569,102539,10,0,0,10,6
2020-07-29,US,Iowa,Worth,55,0,0,43.37750768,-93.26087602,19195.0,745.1564828614011,0.0,55,51,0,0,51,51,7453,4,0,0,4,0
2020-07-29,US,Iowa,Wright,437,1,0,42.73305373,-93.73515113,19197.0,3478.745422703392,0.2288329519450801,436,431,1,0,430,431,12690,6,0,0,6,0
2020-07-29,US,Kansas,Allen,14,0,0,37.88582951,-95.30030847,20001.0,113.18619128466328,0.0,14,14,0,0,14,12,12444,0,0,0,0,2
2020-07-29,US,Kansas,Anderson,26,0,0,38.21413251,-95.29272815,20003.0,330.8729956731993,0.0,26,26,0,0,26,25,7878,0,0,0,0,1
2020-07-29,US,Kansas,Atchison,59,0,0,39.53185661,-95.30870026,20005.0,367.0752193118895,0.0,59,59,0,0,59,59,16193,0,0,0,0,0
2020-07-29,US,Kansas,Barber,4,0,0,37.2288586,-98.68460053,20007.0,90.35464196973119,0.0,4,4,0,0,4,4,4472,0,0,0,0,0
2020-07-29,US,Kansas,Barton,99,3,0,38.47889676,-98.75636726,20009.0,384.0335156522752,3.0303030303030303,96,97,3,0,94,95,26111,2,0,0,2,2
2020-07-29,US,Kansas,Bourbon,65,1,0,37.85508555,-94.84865997,20011.0,447.22719141323785,1.5384615384615383,64,65,1,0,64,62,14653,0,0,0,0,3
2020-07-29,US,Kansas,Brown,32,0,0,39.82652589,-95.56421698,20013.0,334.58803847762437,0.0,32,27,0,0,27,27,9598,5,0,0,5,0
2020-07-29,US,Kansas,Butler,181,0,0,37.78134351,-96.83878537,20015.0,270.508586032192,0.0,181,181,0,0,181,169,66765,0,0,0,0,12
2020-07-29,US,Kansas,Chase,6,0,0,38.30292938,-96.59563862,20017.0,226.5861027190332,0.0,6,6,0,0,6,6,2629,0,0,0,0,0
2020-07-29,US,Kansas,Chautauqua,5,0,0,37.14994405,-96.2454192,20019.0,153.84615384615384,0.0,5,5,0,0,5,5,3309,0,0,0,0,0
2020-07-29,US,Kansas,Cherokee,72,1,0,37.16928494,-94.8462897,20021.0,361.10135914539353,1.3888888888888888,71,67,1,0,66,67,20015,5,0,0,5,0
2020-07-29,US,Kansas,Cheyenne,2,0,0,39.78580976,-101.7318201,20023.0,75.27286413248024,0.0,2,2,0,0,2,2,2660,0,0,0,0,0
2020-07-29,US,Kansas,Clark,42,1,0,37.23577007,-99.81883015,20025.0,2106.318956870612,2.380952380952381,41,41,1,0,40,41,2005,1,0,0,1,0
2020-07-29,US,Kansas,Clay,17,2,0,39.34948772,-97.16518128,20027.0,212.44688827793053,11.764705882352944,15,17,2,0,15,17,7997,0,0,0,0,0
2020-07-29,US,Kansas,Cloud,28,0,0,39.48028352,-97.64925343,20029.0,318.6888231277032,0.0,28,28,0,0,28,28,8729,0,0,0,0,0
2020-07-29,US,Kansas,Coffey,64,8,0,38.2365018,-95.73379515,20031.0,782.4917471573543,12.5,56,64,8,0,56,64,8233,0,0,0,0,0
2020-07-29,US,Kansas,Comanche,3,0,0,37.19114520000001,-99.27113247,20033.0,176.47058823529412,0.0,3,3,0,0,3,3,1748,0,0,0,0,0
2020-07-29,US,Kansas,Cowley,146,2,0,37.23781842,-96.83776647,20035.0,418.24223673656473,1.3698630136986298,144,140,2,0,138,140,35218,6,0,0,6,0
2020-07-29,US,Kansas,Crawford,366,1,0,37.50675523,-94.85245778,20037.0,942.8615590705343,0.27322404371584696,365,364,1,0,363,364,39019,2,0,0,2,0
2020-07-29,US,Kansas,Decatur,5,0,0,39.78468441,-100.4594081,20039.0,176.86593562079943,0.0,5,5,0,0,5,5,2871,0,0,0,0,0
2020-07-29,US,Kansas,Dickinson,40,1,0,38.86600962,-97.15532383,20041.0,216.61431820643344,2.5,39,39,1,0,38,39,18717,1,0,0,1,0
2020-07-29,US,Kansas,Doniphan,44,0,0,39.79067154,-95.14056866,20043.0,578.9473684210526,0.0,44,43,0,0,43,43,7682,1,0,0,1,0
2020-07-29,US,Kansas,Douglas,630,3,0,38.88503636,-95.2925121,20045.0,515.2994871543199,0.4761904761904762,627,614,2,0,612,608,121436,16,1,0,15,6
2020-07-29,US,Kansas,Edwards,10,0,0,37.88735543,-99.31263309,20047.0,357.39814152966414,0.0,10,10,0,0,10,10,2849,0,0,0,0,0
2020-07-29,US,Kansas,Elk,1,0,0,37.45338105,-96.24369667,20049.0,39.52569169960474,0.0,1,1,0,0,1,1,2508,0,0,0,0,0
2020-07-29,US,Kansas,Ellis,125,1,0,38.91458712,-99.31751551,20051.0,437.7823696284103,0.8,124,113,0,0,113,113,28710,12,1,0,11,0
2020-07-29,US,Kansas,Ellsworth,18,0,0,38.69677695,-98.20462799,20053.0,294.9852507374631,0.0,18,16,0,0,16,16,6196,2,0,0,2,0
2020-07-29,US,Kansas,Finney,1708,10,0,38.04340344,-100.7381938,20055.0,4683.6866207804305,0.585480093676815,1698,1691,10,0,1681,1688,36611,17,0,0,17,3
2020-07-29,US,Kansas,Ford,2017,8,0,37.69200114,-99.88825298,20057.0,5999.583568815253,0.3966286564204264,2009,2005,8,0,1997,2005,33888,12,0,0,12,0
2020-07-29,US,Kansas,Franklin,142,1,0,38.56443815,-95.28644341,20059.0,555.903538991544,0.7042253521126759,141,137,1,0,136,141,25631,5,0,0,5,-4
2020-07-29,US,Kansas,Geary,124,2,0,38.99871131,-96.7577178,20061.0,391.53773287022415,1.6129032258064515,122,125,2,0,123,113,32594,-1,0,0,-1,12
2020-07-29,US,Kansas,Gove,3,0,0,38.91588178,-100.4829321,20063.0,113.80880121396058,0.0,3,3,0,0,3,3,2612,0,0,0,0,0
2020-07-29,US,Kansas,Graham,15,0,0,39.34987223,-99.88332493,20065.0,604.351329572925,0.0,15,14,0,0,14,14,2492,1,0,0,1,0
2020-07-29,US,Kansas,Grant,89,2,0,37.56227336,-101.3079758,20067.0,1244.7552447552448,2.247191011235955,87,88,2,0,86,88,7336,1,0,0,1,0
2020-07-29,US,Kansas,Gray,71,0,0,37.73836671,-100.4369088,20069.0,1185.7047428189712,0.0,71,67,0,0,67,51,6033,4,0,0,4,16
2020-07-29,US,Kansas,Greeley,3,0,0,38.4808095,-101.8061079,20071.0,243.50649350649346,0.0,3,3,0,0,3,3,1227,0,0,0,0,0
2020-07-29,US,Kansas,Greenwood,15,0,0,37.8774388,-96.23250453,20073.0,250.7522567703109,0.0,15,14,0,0,14,14,6055,1,0,0,1,0
2020-07-29,US,Kansas,Hamilton,36,0,0,37.99978709,-101.7921066,20075.0,1417.8810555336747,0.0,36,36,0,0,36,36,2607,0,0,0,0,0
2020-07-29,US,Kansas,Harper,8,0,0,37.19175361,-98.07578384,20077.0,147.16703458425312,0.0,8,8,0,0,8,8,5506,0,0,0,0,0
2020-07-29,US,Kansas,Harvey,147,1,0,38.04293782,-97.42747573,20079.0,426.9656394318743,0.6802721088435374,146,137,1,0,136,134,34210,10,0,0,10,3
2020-07-29,US,Kansas,Haskell,46,0,0,37.5620394,-100.8710738,20081.0,1159.274193548387,0.0,46,46,0,0,46,46,3997,0,0,0,0,0
2020-07-29,US,Kansas,Hodgeman,11,0,0,38.08780079,-99.89829881,20083.0,613.1549609810479,0.0,11,11,0,0,11,11,1818,0,0,0,0,0
2020-07-29,US,Kansas,Jackson,136,1,0,39.41673394,-95.79356799,20085.0,1032.5715587275074,0.7352941176470589,135,136,1,0,135,131,13280,0,0,0,0,5
2020-07-29,US,Kansas,Jefferson,53,0,0,39.2347941,-95.38289232,20087.0,278.317491991808,0.0,53,51,0,0,51,50,18975,2,0,0,2,1
2020-07-29,US,Kansas,Jewell,8,0,0,39.78470589,-98.21820662,20089.0,277.8742618964918,0.0,8,8,0,0,8,8,2841,0,0,0,0,0
2020-07-29,US,Kansas,Johnson,4717,96,0,38.88548175,-94.82250877,20091.0,783.0332286964995,2.0351918592325635,4621,4586,96,0,4490,4538,597555,131,0,0,131,48
2020-07-29,US,Kansas,Kearny,54,1,0,38.00017981,-101.321681,20093.0,1406.9828035435125,1.851851851851852,53,54,1,0,53,54,3943,0,0,0,0,0
2020-07-29,US,Kansas,Kingman,8,0,0,37.55909527,-98.13638678,20095.0,111.85682326621924,0.0,8,7,0,0,7,7,7310,1,0,0,1,0
2020-07-29,US,Kansas,Kiowa,6,0,0,37.55848695,-99.2856537,20097.0,242.42424242424244,0.0,6,6,0,0,6,6,2516,0,0,0,0,0
2020-07-29,US,Kansas,Labette,107,0,0,37.19113093,-95.29849679,20099.0,545.4174737485981,0.0,107,104,0,0,104,110,19964,3,0,0,3,-6
2020-07-29,US,Kansas,Lane,5,0,0,38.48119447,-100.4660754,20101.0,325.73289902280135,0.0,5,5,0,0,5,5,1560,0,0,0,0,0
2020-07-29,US,Kansas,Leavenworth,1376,8,0,39.20183497,-95.03620809,20103.0,1683.0157293475863,0.5813953488372093,1368,1361,7,0,1354,1361,81352,15,1,0,14,0
2020-07-29,US,Kansas,Lincoln,6,0,0,39.04549684,-98.20756994,20105.0,202.56583389601624,0.0,6,6,0,0,6,6,3023,0,0,0,0,0
2020-07-29,US,Kansas,Linn,29,0,0,38.21267844,-94.84254089,20107.0,298.8766360919303,0.0,29,27,0,0,27,27,9750,2,0,0,2,0
2020-07-29,US,Kansas,Logan,2,0,0,38.91735806,-101.148475,20109.0,71.58196134574086,0.0,2,2,0,0,2,2,2844,0,0,0,0,0
2020-07-29,US,Kansas,Lyon,629,10,0,38.45576156,-96.15275715,20111.0,1894.863684289803,1.5898251192368842,619,624,9,0,615,620,33406,5,1,0,4,4
2020-07-29,US,Kansas,Marion,48,1,0,38.35855394,-97.0985251,20115.0,403.9044092898014,2.083333333333333,47,40,1,0,39,40,11950,8,0,0,8,0
2020-07-29,US,Kansas,Marshall,9,0,0,39.78359669,-96.52278974,20117.0,92.71659627073248,0.0,9,8,0,0,8,8,9722,1,0,0,1,0
2020-07-29,US,Kansas,McPherson,124,0,0,38.39184858,-97.64769869,20113.0,434.4474809053325,0.0,124,115,0,0,115,115,28537,9,0,0,9,0
2020-07-29,US,Kansas,Meade,36,0,0,37.23859987,-100.364831,20119.0,892.6357550210761,0.0,36,36,0,0,36,36,4146,0,0,0,0,0
2020-07-29,US,Kansas,Miami,117,0,0,38.56383358,-94.83832189,20121.0,341.73554925957296,0.0,117,103,0,0,103,103,33680,14,0,0,14,0
2020-07-29,US,Kansas,Mitchell,27,0,0,39.39331582,-98.20906732,20123.0,451.58053186151534,0.0,27,26,0,0,26,26,6150,1,0,0,1,0
2020-07-29,US,Kansas,Montgomery,134,4,0,37.19236568,-95.74329258,20125.0,420.99971723899597,2.985074626865672,130,134,4,0,130,132,32120,0,0,0,0,2
2020-07-29,US,Kansas,Morris,7,0,0,38.68827511,-96.65128437,20127.0,124.55516014234877,0.0,7,7,0,0,7,7,5521,0,0,0,0,0
2020-07-29,US,Kansas,Morton,9,2,0,37.19141121,-101.79925190000002,20129.0,347.89331271743333,22.222222222222218,7,9,2,0,7,9,2667,0,0,0,0,0
2020-07-29,US,Kansas,Nemaha,45,0,0,39.78345387,-96.01392079,20131.0,439.8397028638452,0.0,45,45,0,0,45,45,10155,0,0,0,0,0
2020-07-29,US,Kansas,Neosho,48,0,0,37.55862897,-95.30670046,20133.0,299.86880739676394,0.0,48,48,0,0,48,48,15951,0,0,0,0,0
2020-07-29,US,Kansas,Ness,5,0,0,38.47974157,-99.91547333,20135.0,181.8181818181818,0.0,5,5,0,0,5,5,2840,0,0,0,0,0
2020-07-29,US,Kansas,Norton,22,0,0,39.78443827,-99.90286639,20137.0,410.37119940309645,0.0,22,22,0,0,22,22,5430,0,0,0,0,0
2020-07-29,US,Kansas,Osage,37,0,0,38.65235984,-95.72707998,20139.0,231.9894664242273,0.0,37,34,0,0,34,34,15941,3,0,0,3,0
2020-07-29,US,Kansas,Osborne,3,0,0,39.3503437,-98.76753828,20141.0,87.69365682548961,0.0,3,3,0,0,3,3,3475,0,0,0,0,0
2020-07-29,US,Kansas,Ottawa,30,0,0,39.13237408,-97.65020313,20143.0,525.9467040673212,0.0,30,30,0,0,30,30,5802,0,0,0,0,0
2020-07-29,US,Kansas,Pawnee,7,0,0,38.18108732,-99.23692334,20145.0,109.13626442157779,0.0,7,7,0,0,7,7,6562,0,0,0,0,0
2020-07-29,US,Kansas,Phillips,44,8,0,39.78465501,-99.34668865,20147.0,840.6572411157814,18.181818181818183,36,44,8,0,36,44,5317,0,0,0,0,0
2020-07-29,US,Kansas,Pottawatomie,101,0,0,39.37925655,-96.34564657,20149.0,414.2230242381987,0.0,101,100,0,0,100,100,24277,1,0,0,1,0
2020-07-29,US,Kansas,Pratt,33,0,0,37.64780729,-98.73922153,20151.0,360.10475774770845,0.0,33,32,0,0,32,32,9378,1,0,0,1,0
2020-07-29,US,Kansas,Reno,207,1,0,37.95230263,-98.08607292,20155.0,333.8817381205845,0.4830917874396135,206,206,1,0,205,205,62342,1,0,0,1,1
2020-07-29,US,Kansas,Republic,25,0,0,39.82799632,-97.65036709,20157.0,539.2579810181189,0.0,25,25,0,0,25,25,4664,0,0,0,0,0
2020-07-29,US,Kansas,Rice,22,0,0,38.34616184,-98.19992118,20159.0,230.68050749711648,0.0,22,21,0,0,21,21,9531,1,0,0,1,0
2020-07-29,US,Kansas,Riley,441,4,0,39.28935726,-96.73420026,20161.0,594.0834141610087,0.90702947845805,437,428,4,0,424,426,73703,13,0,0,13,2
2020-07-29,US,Kansas,Rooks,14,0,0,39.35022773,-99.32484567,20163.0,284.5528455284553,0.0,14,14,0,0,14,14,5013,0,0,0,0,0
2020-07-29,US,Kansas,Rush,5,0,0,38.52275276,-99.30863983,20165.0,164.69038208168644,0.0,5,5,0,0,5,5,3093,0,0,0,0,0
2020-07-29,US,Kansas,Russell,9,0,0,38.91462787,-98.76254297,20167.0,131.27187864644108,0.0,9,9,0,0,9,9,6907,0,0,0,0,0
2020-07-29,US,Kansas,Saline,329,5,0,38.78369175,-97.65185177,20169.0,606.7424018884627,1.5197568389057752,324,322,4,0,318,322,54401,7,1,0,6,0
2020-07-29,US,Kansas,Scott,27,0,0,38.48222076,-100.9066539,20171.0,559.8175409496164,0.0,27,26,0,0,26,22,4897,1,0,0,1,4
2020-07-29,US,Kansas,Sedgwick,3870,38,0,37.6842718,-97.4608198,20173.0,749.9389584568698,0.9819121447028424,3832,3790,38,0,3752,3740,513607,80,0,0,80,50
2020-07-29,US,Kansas,Seward,1169,4,0,37.19324632,-100.8507201,20175.0,5455.478812768341,0.3421727972626176,1165,1160,4,0,1156,1160,21780,9,0,0,9,0
2020-07-29,US,Kansas,Shawnee,1367,19,0,39.04100763,-95.7557264,20177.0,772.862190812721,1.3899049012435991,1348,1328,19,0,1309,1315,177499,39,0,0,39,13
2020-07-29,US,Kansas,Sheridan,7,0,0,39.35018161,-100.4418259,20179.0,277.66759222530743,0.0,7,7,0,0,7,7,2533,0,0,0,0,0
2020-07-29,US,Kansas,Sherman,12,0,0,39.35147699,-101.7197624,20181.0,202.80547574784518,0.0,12,9,0,0,9,9,5899,3,0,0,3,0
2020-07-29,US,Kansas,Smith,3,0,0,39.78516566,-98.78566062,20183.0,83.72871895060004,0.0,3,3,0,0,3,3,3603,0,0,0,0,0
2020-07-29,US,Kansas,Stafford,3,0,0,38.03100851,-98.71762001,20185.0,72.18479307025987,0.0,3,2,0,0,2,2,4178,1,0,0,1,0
2020-07-29,US,Kansas,Stanton,16,1,0,37.56304714,-101.7843534,20187.0,797.6071784646061,6.25,15,16,0,0,16,16,1987,0,1,0,-1,0
2020-07-29,US,Kansas,Stevens,43,0,0,37.1923008,-101.3118967,20189.0,783.9562443026434,0.0,43,42,0,0,42,42,5559,1,0,0,1,0
2020-07-29,US,Kansas,Sumner,92,3,0,37.23682549,-97.47721621,20191.0,402.8726572079173,3.260869565217391,89,88,2,0,86,88,22996,4,1,0,3,0
2020-07-29,US,Kansas,Thomas,32,0,0,39.35107575,-101.0553705,20193.0,411.46971840041147,0.0,32,31,0,0,31,26,7711,1,0,0,1,5
2020-07-29,US,Kansas,Trego,5,1,0,38.91467218,-99.87284448,20195.0,178.38030681412772,20.0,4,5,0,0,5,5,2793,0,1,0,-1,0
2020-07-29,US,Kansas,Unassigned,0,1,0,0.0,0.0,90020.0,0.0,0.0,-1,0,1,0,-1,0,,0,0,0,0,0
2020-07-29,US,Kansas,Wabaunsee,40,0,0,38.95471985,-96.20350509,20197.0,577.1172990910403,0.0,40,40,0,0,40,40,6899,0,0,0,0,0
2020-07-29,US,Kansas,Washington,2,0,0,39.78420784,-97.0875323,20201.0,36.99593044765076,0.0,2,2,0,0,2,2,5420,0,0,0,0,0
2020-07-29,US,Kansas,Wichita,3,0,0,38.48178252,-101.3471509,20203.0,141.57621519584708,0.0,3,2,0,0,2,2,2105,1,0,0,1,0
2020-07-29,US,Kansas,Wilson,8,0,0,37.55937174,-95.74323255,20205.0,93.84164222873899,0.0,8,8,0,0,8,8,8665,0,0,0,0,0
2020-07-29,US,Kansas,Woodson,11,0,0,37.8865336,-95.74006277,20207.0,350.54174633524536,0.0,11,11,0,0,11,11,3183,0,0,0,0,0
2020-07-29,US,Kansas,Wyandotte,4268,93,0,39.11727348,-94.76378225,20209.0,2579.958773854645,2.17900656044986,4175,4197,92,0,4105,4128,165324,71,1,0,70,69
2020-07-29,US,Kentucky,Adair,192,19,0,37.10459774,-85.28129668,21001.0,999.8958441828977,9.895833333333334,173,185,19,0,166,183,19215,7,0,0,7,2
2020-07-29,US,Kentucky,Allen,214,8,0,36.75197631,-86.19457544,21003.0,1003.9878020173587,3.7383177570093458,206,212,8,0,204,211,21122,2,0,0,2,1
2020-07-29,US,Kentucky,Anderson,60,1,0,38.00671029,-84.99171713,21005.0,263.77104673143714,1.6666666666666667,59,53,1,0,52,51,22663,7,0,0,7,2
2020-07-29,US,Kentucky,Ballard,29,0,0,37.05842757,-88.99427697,21007.0,367.6470588235293,0.0,29,28,0,0,28,28,7979,1,0,0,1,0
2020-07-29,US,Kentucky,Barren,290,2,0,36.96469836,-85.93338945,21009.0,655.3820425320346,0.6896551724137931,288,276,2,0,274,262,44176,14,0,0,14,14
2020-07-29,US,Kentucky,Bath,31,1,0,38.14735938,-83.74588932,21011.0,248.0,3.2258064516129035,30,31,1,0,30,29,12383,0,0,0,0,2
2020-07-29,US,Kentucky,Bell,260,2,0,36.73355174,-83.67766671,21013.0,998.7707437000612,0.7692307692307693,258,239,2,0,237,234,26569,21,0,0,21,5
2020-07-29,US,Kentucky,Boone,957,24,0,38.97065142,-84.72615357,21015.0,716.4192512408201,2.5078369905956115,933,946,24,0,922,934,131533,11,0,0,11,12
2020-07-29,US,Kentucky,Bourbon,66,1,0,38.2054607,-84.21827874,21017.0,333.5354760460885,1.5151515151515151,65,64,1,0,63,64,20184,2,0,0,2,0
2020-07-29,US,Kentucky,Boyd,157,3,0,38.36176608,-82.68652187,21019.0,336.058906631277,1.9108280254777068,154,152,3,0,149,146,47240,5,0,0,5,6
2020-07-29,US,Kentucky,Boyle,121,0,0,37.62680923,-84.8633779,21021.0,402.5282767797737,0.0,121,113,0,0,113,108,30100,8,0,0,8,5
2020-07-29,US,Kentucky,Bracken,28,0,0,38.69158994,-84.08532444,21023.0,337.22750812959174,0.0,28,28,0,0,28,27,8239,0,0,0,0,1
2020-07-29,US,Kentucky,Breathitt,22,0,0,37.52333168,-83.31959161,21025.0,174.18844022169438,0.0,22,21,0,0,21,20,12726,1,0,0,1,1
2020-07-29,US,Kentucky,Breckinridge,43,2,0,37.77377239,-86.42885017,21027.0,209.9916980026371,4.651162790697675,41,43,2,0,41,43,20388,0,0,0,0,0
2020-07-29,US,Kentucky,Bullitt,277,4,0,37.97162523,-85.68955617,21029.0,339.1449140506391,1.444043321299639,273,273,4,0,269,267,81069,4,0,0,4,6
2020-07-29,US,Kentucky,Butler,287,15,0,37.20946153,-86.68748787,21031.0,2228.433884618371,5.2264808362369335,272,287,15,0,272,286,12772,0,0,0,0,1
2020-07-29,US,Kentucky,Caldwell,43,0,0,37.14749129,-87.86948214,21033.0,337.33427473130934,0.0,43,42,0,0,42,42,12715,1,0,0,1,0
2020-07-29,US,Kentucky,Calloway,157,2,0,36.62093411,-88.2731593,21035.0,402.5537806722904,1.2738853503184713,155,155,2,0,153,155,39135,2,0,0,2,0
2020-07-29,US,Kentucky,Campbell,475,13,0,38.94384345,-84.37875208,21037.0,507.56539579415283,2.736842105263158,462,468,13,0,455,463,93152,7,0,0,7,5
2020-07-29,US,Kentucky,Carlisle,18,1,0,36.85372876,-88.96692220000001,21039.0,378.1512605042017,5.5555555555555545,17,18,1,0,17,17,4771,0,0,0,0,1
2020-07-29,US,Kentucky,Carroll,136,2,0,38.66599534,-85.12601074,21041.0,1279.277584422914,1.4705882352941178,134,135,2,0,133,134,10737,1,0,0,1,1
2020-07-29,US,Kentucky,Carter,90,1,0,38.31690743,-83.05092385,21043.0,335.8584916221965,1.1111111111111112,89,85,1,0,84,80,27004,5,0,0,5,5
2020-07-29,US,Kentucky,Casey,141,9,0,37.32533118,-84.92726209,21045.0,872.5787486849432,6.382978723404255,132,138,9,0,129,136,15888,3,0,0,3,2
2020-07-29,US,Kentucky,Christian,455,5,0,36.89267803,-87.49055367,21047.0,645.747292828657,1.0989010989010992,450,420,5,0,415,409,71671,35,0,0,35,11
2020-07-29,US,Kentucky,Clark,137,7,0,37.9689263,-84.14615986,21049.0,377.7955491823622,5.109489051094892,130,132,7,0,125,132,36249,5,0,0,5,0
2020-07-29,US,Kentucky,Clay,139,5,0,37.16451126,-83.712575,21051.0,698.4573639515602,3.5971223021582728,134,136,4,0,132,134,20105,3,1,0,2,2
2020-07-29,US,Kentucky,Clinton,18,0,0,36.72581156,-85.13377529,21053.0,176.15971814445095,0.0,18,17,0,0,17,16,10206,1,0,0,1,1
2020-07-29,US,Kentucky,Crittenden,23,1,0,37.35839237,-88.08826090000002,21055.0,261.1855553032024,4.3478260869565215,22,23,1,0,22,23,8915,0,0,0,0,0
2020-07-29,US,Kentucky,Cumberland,31,0,0,36.78926125,-85.39050034,21057.0,468.70275173873597,0.0,31,30,0,0,30,30,6659,1,0,0,1,0
2020-07-29,US,Kentucky,Daviess,671,7,0,37.73028906,-87.09019479999998,21059.0,661.0121070622887,1.0432190760059612,664,661,7,0,654,655,101104,10,0,0,10,6
2020-07-29,US,Kentucky,Edmonson,88,12,0,37.21218923,-86.23955613,21061.0,724.2798353909465,13.636363636363635,76,87,12,0,75,87,12274,1,0,0,1,0
2020-07-29,US,Kentucky,Elliott,7,0,0,38.11624059,-83.09771563,21063.0,93.1222562192364,0.0,7,7,0,0,7,7,7508,0,0,0,0,0
2020-07-29,US,Kentucky,Estill,11,0,0,37.69241417,-83.95956369,21065.0,77.98100099248546,0.0,11,10,0,0,10,10,14198,1,0,0,1,0
2020-07-29,US,Kentucky,Fayette,2562,45,0,38.0368225,-84.45576892,21067.0,792.8157647175321,1.7564402810304451,2517,2498,45,0,2453,2474,323780,64,0,0,64,24
2020-07-29,US,Kentucky,Fleming,46,0,0,38.36758311,-83.69657514,21069.0,315.4790480762636,0.0,46,46,0,0,46,45,14432,0,0,0,0,1
2020-07-29,US,Kentucky,Floyd,75,1,0,37.56213922,-82.74750924,21071.0,210.73927337098544,1.3333333333333333,74,75,1,0,74,75,35845,0,0,0,0,0
2020-07-29,US,Kentucky,Franklin,227,5,0,38.2379395,-84.87962551,21073.0,445.1765997921202,2.202643171806167,222,223,5,0,218,216,50815,4,0,0,4,7
2020-07-29,US,Kentucky,Fulton,46,1,0,36.55238827,-89.20140068,21075.0,770.6483498073378,2.1739130434782608,45,45,1,0,44,41,6120,1,0,0,1,4
2020-07-29,US,Kentucky,Gallatin,77,8,0,38.75398691,-84.8558382,21077.0,868.1925808997631,10.389610389610391,69,77,8,0,69,77,8832,0,0,0,0,0
2020-07-29,US,Kentucky,Garrard,64,0,0,37.638866799999995,-84.53289319,21079.0,362.2778218045964,0.0,64,63,0,0,63,59,17560,1,0,0,1,4
2020-07-29,US,Kentucky,Grant,89,5,0,38.64962758,-84.62415957,21081.0,355.020144401452,5.617977528089888,84,87,5,0,82,85,25121,2,0,0,2,2
2020-07-29,US,Kentucky,Graves,456,22,0,36.72292505,-88.65143315,21083.0,1223.6354854290773,4.824561403508771,434,449,21,0,428,435,37317,7,1,0,6,14
2020-07-29,US,Kentucky,Grayson,169,11,0,37.46231118,-86.34248968,21085.0,639.497483634162,6.508875739644972,158,167,11,0,156,166,26321,2,0,0,2,1
2020-07-29,US,Kentucky,Green,25,1,0,37.26484328,-85.5540745,21087.0,228.4983091125125,4.0,24,24,1,0,23,24,11049,1,0,0,1,0
2020-07-29,US,Kentucky,Greenup,74,0,0,38.54332505,-82.9215658,21089.0,210.83822440025074,0.0,74,74,0,0,74,69,35268,0,0,0,0,5
2020-07-29,US,Kentucky,Hancock,42,0,0,37.83766422,-86.78280584,21091.0,481.54093097913324,0.0,42,42,0,0,42,42,8758,0,0,0,0,0
2020-07-29,US,Kentucky,Hardin,477,8,0,37.6976111,-85.96319251,21093.0,429.89239171578436,1.6771488469601676,469,461,8,0,453,452,110356,16,0,0,16,9
2020-07-29,US,Kentucky,Harlan,177,3,0,36.85699301,-83.21899516,21095.0,680.5074971164937,1.6949152542372878,174,175,3,0,172,163,26409,2,0,0,2,12
2020-07-29,US,Kentucky,Harrison,111,0,0,38.44188174,-84.32869741,21097.0,587.7369480038124,0.0,111,111,0,0,111,110,18778,0,0,0,0,1
2020-07-29,US,Kentucky,Hart,72,0,0,37.29943898,-85.88461055,21099.0,378.25059101654847,0.0,72,72,0,0,72,68,18906,0,0,0,0,4
2020-07-29,US,Kentucky,Henderson,295,4,0,37.79344553,-87.57392021,21101.0,652.510506525105,1.3559322033898304,291,291,4,0,287,284,45591,4,0,0,4,7
2020-07-29,US,Kentucky,Henry,83,2,0,38.44942688,-85.11587507,21103.0,514.6967629914424,2.409638554216868,81,80,2,0,78,74,16106,3,0,0,3,6
2020-07-29,US,Kentucky,Hickman,20,0,0,36.67948079999999,-88.97875928,21105.0,456.6210045662101,0.0,20,19,0,0,19,16,4421,1,0,0,1,3
2020-07-29,US,Kentucky,Hopkins,386,33,0,37.30939025,-87.54670406,21107.0,863.8052186367095,8.549222797927461,353,377,33,0,344,374,45068,9,0,0,9,3
2020-07-29,US,Kentucky,Jackson,133,14,0,37.41866422,-83.99825483,21109.0,997.8242928951912,10.526315789473683,119,131,14,0,117,127,13442,2,0,0,2,4
2020-07-29,US,Kentucky,Jefferson,6549,231,0,38.18664655,-85.65931031,21111.0,854.116754069412,3.527256069628951,6318,6450,230,0,6220,6320,770517,99,1,0,98,130
2020-07-29,US,Kentucky,Jessamine,251,0,0,37.87119786,-84.58252003,21113.0,463.82703501801717,0.0,251,245,0,0,245,242,53920,6,0,0,6,3
2020-07-29,US,Kentucky,Johnson,29,0,0,37.85106355,-82.8264322,21115.0,130.70127997115557,0.0,29,29,0,0,29,26,22386,0,0,0,0,3
2020-07-29,US,Kentucky,Kenton,1239,37,0,38.93950319,-84.53241199,21117.0,741.9250529946466,2.9862792574656982,1202,1224,37,0,1187,1201,166051,15,0,0,15,23
2020-07-29,US,Kentucky,Knott,32,1,0,37.35388197,-82.94981134,21119.0,216.12859651492641,3.125,31,32,0,0,32,32,15126,0,1,0,-1,0
2020-07-29,US,Kentucky,Knox,179,8,0,36.89225732,-83.85403396,21121.0,574.7310964841869,4.46927374301676,171,174,8,0,166,167,31304,5,0,0,5,7
2020-07-29,US,Kentucky,Larue,44,1,0,37.54567114,-85.70138352,21123.0,305.59799972218366,2.272727272727273,43,44,1,0,43,42,14307,0,0,0,0,2
2020-07-29,US,Kentucky,Laurel,341,4,0,37.10975748,-84.11321779,21125.0,560.7353690822686,1.1730205278592376,337,332,4,0,328,322,60669,9,0,0,9,10
2020-07-29,US,Kentucky,Lawrence,32,0,0,38.07136018,-82.72882223,21127.0,208.9181954690866,0.0,32,31,0,0,31,27,15571,1,0,0,1,4
2020-07-29,US,Kentucky,Lee,3,0,0,37.59645942,-83.71513901,21129.0,40.52411184654871,0.0,3,3,0,0,3,3,7033,0,0,0,0,0
2020-07-29,US,Kentucky,Leslie,21,0,0,37.09246661,-83.37999606,21131.0,212.61516654854717,0.0,21,21,0,0,21,21,10143,0,0,0,0,0
2020-07-29,US,Kentucky,Letcher,41,0,0,37.12306748,-82.85346474,21133.0,190.22873845868324,0.0,41,40,0,0,40,37,21899,1,0,0,1,3
2020-07-29,US,Kentucky,Lewis,29,0,0,38.53184419,-83.37735618,21135.0,218.4557438794727,0.0,29,29,0,0,29,29,13257,0,0,0,0,0
2020-07-29,US,Kentucky,Lincoln,90,1,0,37.45475628,-84.6565327,21137.0,366.6137113528046,1.1111111111111112,89,87,1,0,86,84,24644,3,0,0,3,3
2020-07-29,US,Kentucky,Livingston,32,1,0,37.21137452,-88.34797529,21139.0,348.0530780944094,3.125,31,32,1,0,31,32,9242,0,0,0,0,0
2020-07-29,US,Kentucky,Logan,294,22,0,36.85949479,-86.877635,21141.0,1084.790790347576,7.482993197278912,272,293,22,0,271,288,26989,1,0,0,1,5
2020-07-29,US,Kentucky,Lyon,28,4,0,37.02080035,-88.07886257,21143.0,341.047503045067,14.285714285714285,24,28,4,0,24,28,8009,0,0,0,0,0
2020-07-29,US,Kentucky,Madison,338,1,0,37.71659336,-84.27220275,21151.0,363.49167087872496,0.2958579881656805,337,331,1,0,330,312,92368,7,0,0,7,19
2020-07-29,US,Kentucky,Magoffin,16,0,0,37.70820545,-83.0657714,21153.0,131.5681276210838,0.0,16,15,0,0,15,14,12362,1,0,0,1,1
2020-07-29,US,Kentucky,Marion,97,0,0,37.55218078,-85.26898542,21155.0,503.294764696726,0.0,97,94,0,0,94,92,19404,3,0,0,3,2
2020-07-29,US,Kentucky,Marshall,113,2,0,36.88007070000001,-88.32803576,21157.0,363.3440514469453,1.7699115044247788,111,112,2,0,110,112,31191,1,0,0,1,0
2020-07-29,US,Kentucky,Martin,29,0,0,37.79990579,-82.51247478,21159.0,259.04421616793206,0.0,29,28,0,0,28,26,11323,1,0,0,1,2
2020-07-29,US,Kentucky,Mason,48,1,0,38.59471935,-83.82151043,21161.0,281.195079086116,2.083333333333333,47,48,1,0,47,46,17150,0,0,0,0,2
2020-07-29,US,Kentucky,McCracken,306,4,0,37.05350953,-88.70445755,21145.0,467.76116665138034,1.30718954248366,302,303,3,0,300,296,65346,3,1,0,2,7
2020-07-29,US,Kentucky,McCreary,27,0,0,36.73874143,-84.48102924,21147.0,156.69432998665198,0.0,27,27,0,0,27,27,17408,0,0,0,0,0
2020-07-29,US,Kentucky,McLean,38,1,0,37.5301951,-87.26803443,21149.0,412.7294449875095,2.631578947368421,37,38,1,0,37,38,9252,0,0,0,0,0
2020-07-29,US,Kentucky,Meade,77,2,0,37.96163597,-86.21028219,21163.0,269.4946101077978,2.5974025974025974,75,72,2,0,70,71,28715,5,0,0,5,1
2020-07-29,US,Kentucky,Menifee,26,0,0,37.94090733,-83.59985712,21165.0,400.6780705809832,0.0,26,24,0,0,24,24,6451,2,0,0,2,0
2020-07-29,US,Kentucky,Mercer,38,0,0,37.81474237,-84.87488475,21167.0,173.2549126886427,0.0,38,38,0,0,38,37,21774,0,0,0,0,1
2020-07-29,US,Kentucky,Metcalfe,38,2,0,36.99459295,-85.63123699,21169.0,377.3210207526561,5.2631578947368425,36,33,2,0,31,27,10030,5,0,0,5,6
2020-07-29,US,Kentucky,Monroe,83,2,0,36.71225341,-85.71596443,21171.0,779.3427230046948,2.409638554216868,81,83,2,0,81,83,10718,0,0,0,0,0
2020-07-29,US,Kentucky,Montgomery,103,0,0,38.03253032,-83.9145241,21173.0,365.80601626593744,0.0,103,100,0,0,100,97,28203,3,0,0,3,3
2020-07-29,US,Kentucky,Morgan,28,0,0,37.92465657,-83.25558245,21175.0,210.3839507100459,0.0,28,28,0,0,28,28,13345,0,0,0,0,0
2020-07-29,US,Kentucky,Muhlenberg,604,9,0,37.21425819,-87.14632053,21177.0,1972.4381163869118,1.4900662251655632,595,603,9,0,594,598,30774,1,0,0,1,5
2020-07-29,US,Kentucky,Nelson,178,2,0,37.80335779,-85.4657193,21179.0,385.0063807237255,1.1235955056179776,176,177,2,0,175,177,45851,1,0,0,1,0
2020-07-29,US,Kentucky,Nicholas,20,0,0,38.33342292,-84.01889177,21181.0,275.14100976750586,0.0,20,20,0,0,20,20,7166,0,0,0,0,0
2020-07-29,US,Kentucky,Ohio,336,5,0,37.47751843,-86.85368087,21183.0,1400.3500875218806,1.488095238095238,331,331,5,0,326,330,24087,5,0,0,5,1
2020-07-29,US,Kentucky,Oldham,518,10,0,38.39791089,-85.448222,21185.0,775.460710489678,1.9305019305019304,508,503,10,0,493,497,66470,15,0,0,15,6
2020-07-29,US,Kentucky,Owen,41,0,0,38.51679143,-84.82404619,21187.0,376.1122832767636,0.0,41,29,0,0,29,29,10880,12,0,0,12,0
2020-07-29,US,Kentucky,Owsley,9,0,0,37.42823949,-83.68811419,21189.0,203.85050962627412,0.0,9,9,0,0,9,6,4472,0,0,0,0,3
2020-07-29,US,Kentucky,Pendleton,32,0,0,38.69607718,-84.35599463,21191.0,219.32830705962985,0.0,32,32,0,0,32,32,14529,0,0,0,0,0
2020-07-29,US,Kentucky,Perry,167,2,0,37.25023553,-83.22922731,21193.0,648.3422625980277,1.1976047904191616,165,160,2,0,158,158,26092,7,0,0,7,2
2020-07-29,US,Kentucky,Pike,206,3,0,37.47088263,-82.39487445,21195.0,355.9333748012993,1.4563106796116505,203,196,3,0,193,194,58402,10,0,0,10,2
2020-07-29,US,Kentucky,Powell,40,0,0,37.83218794,-83.82553961,21197.0,323.6507808075087,0.0,40,38,0,0,38,38,12442,2,0,0,2,0
2020-07-29,US,Kentucky,Pulaski,211,2,0,37.10466131,-84.57629079,21199.0,324.72029424891116,0.9478672985781992,209,189,2,0,187,183,64623,22,0,0,22,6
2020-07-29,US,Kentucky,Robertson,3,0,0,38.51923469,-84.05055616,21201.0,142.31499051233396,0.0,3,2,0,0,2,2,2135,1,0,0,1,0
2020-07-29,US,Kentucky,Rockcastle,52,0,0,37.36642393,-84.31176452,21203.0,311.47050014974536,0.0,52,48,0,0,48,47,16750,4,0,0,4,1
2020-07-29,US,Kentucky,Rowan,64,0,0,38.19484205,-83.42088935,21205.0,261.6516762060507,0.0,64,62,0,0,62,58,24583,2,0,0,2,4
2020-07-29,US,Kentucky,Russell,90,5,0,36.99308373,-85.06070117,21207.0,502.14807788874634,5.5555555555555545,85,87,5,0,82,87,17821,3,0,0,3,0
2020-07-29,US,Kentucky,Scott,286,0,0,38.29622293,-84.5816631,21209.0,501.7191776015718,0.0,286,268,0,0,268,262,56031,18,0,0,18,6
2020-07-29,US,Kentucky,Shelby,671,22,0,38.21476019,-85.194223,21211.0,1368.717362924282,3.278688524590164,649,668,22,0,646,663,48518,3,0,0,3,5
2020-07-29,US,Kentucky,Simpson,130,5,0,36.74058474,-86.58047435,21213.0,699.9784622011632,3.8461538461538463,125,126,5,0,121,124,18529,4,0,0,4,2
2020-07-29,US,Kentucky,Spencer,84,0,0,38.03223971,-85.32749335,21215.0,434.0860937419255,0.0,84,82,0,0,82,77,18794,2,0,0,2,5
2020-07-29,US,Kentucky,Taylor,91,1,0,37.3677562,-85.3329931,21217.0,353.13749078349963,1.0989010989010992,90,86,1,0,85,81,25549,5,0,0,5,5
2020-07-29,US,Kentucky,Todd,31,0,0,36.8381152,-87.17878374,21219.0,252.155523019359,0.0,31,31,0,0,31,31,12311,0,0,0,0,0
2020-07-29,US,Kentucky,Trigg,45,0,0,36.80767017,-87.87333656,21221.0,307.1462698791891,0.0,45,45,0,0,45,45,14643,0,0,0,0,0
2020-07-29,US,Kentucky,Trimble,28,0,0,38.61056487,-85.33775972,21223.0,330.53948766379415,0.0,28,27,0,0,27,27,8515,1,0,0,1,0
2020-07-29,US,Kentucky,Union,50,0,0,37.66166713,-87.94300009,21225.0,347.68096794381484,0.0,50,50,0,0,50,49,14505,0,0,0,0,1
2020-07-29,US,Kentucky,Warren,2305,21,0,36.99903045,-86.42672751,21227.0,1734.438959788105,0.9110629067245122,2284,2261,21,0,2240,2244,131264,44,0,0,44,17
2020-07-29,US,Kentucky,Washington,53,0,0,37.75599461,-85.17407732,21229.0,438.1976023150062,0.0,53,52,0,0,52,49,12084,1,0,0,1,3
2020-07-29,US,Kentucky,Wayne,54,0,0,36.80310688,-84.8251971,21231.0,265.5781242315448,0.0,54,53,0,0,53,52,20468,1,0,0,1,1
2020-07-29,US,Kentucky,Webster,74,1,0,37.52168356,-87.67989953,21233.0,571.7817957039098,1.351351351351351,73,74,1,0,73,74,13111,0,0,0,0,0
2020-07-29,US,Kentucky,Whitley,106,1,0,36.75700531,-84.14541217,21235.0,292.30090447827047,0.9433962264150944,105,102,1,0,101,96,36242,4,0,0,4,6
2020-07-29,US,Kentucky,Wolfe,9,0,0,37.73941626,-83.49303612,21237.0,125.75101299427135,0.0,9,9,0,0,9,8,7177,0,0,0,0,1
2020-07-29,US,Kentucky,Woodford,120,0,0,38.04178222,-84.7417556,21239.0,448.8666118051919,0.0,120,118,0,0,118,115,26533,2,0,0,2,3
2020-07-29,US,Louisiana,Acadia,2266,70,0,30.295064899999996,-92.41419698,22001.0,3652.1879281166894,3.089143865842895,2196,2229,65,0,2164,2215,62190,37,5,0,32,14
2020-07-29,US,Louisiana,Allen,1021,18,0,30.65385745,-92.82442028,22003.0,3984.079291372381,1.7629774730656218,1003,1001,17,0,984,993,25605,20,1,0,19,8
2020-07-29,US,Louisiana,Ascension,2383,66,0,30.20406249,-90.91328409999998,22005.0,1882.2470064136999,2.7696181284095682,2317,2357,65,0,2292,2335,124672,26,1,0,25,22
2020-07-29,US,Louisiana,Assumption,521,19,0,29.89946234,-91.06461642,22007.0,2379.973505093417,3.646833013435701,502,515,18,0,497,509,22300,6,1,0,5,6
2020-07-29,US,Louisiana,Avoyelles,867,26,0,31.07796211,-92.00079449,22009.0,2159.724990035871,2.9988465974625145,841,851,24,0,827,842,40462,16,2,0,14,9
2020-07-29,US,Louisiana,Beauregard,678,13,0,30.64836518,-93.34173616,22011.0,1808.1446515721245,1.9174041297935105,665,661,13,0,648,648,37253,17,0,0,17,13
2020-07-29,US,Louisiana,Bienville,345,29,0,32.34569994,-93.05398492,22013.0,2605.5433879616344,8.405797101449275,316,340,29,0,311,340,13308,5,0,0,5,0
2020-07-29,US,Louisiana,Bossier,1978,64,0,32.67932307,-93.60460152,22015.0,1557.0021804327805,3.2355915065722947,1914,1926,63,0,1863,1894,127185,52,1,0,51,32
2020-07-29,US,Louisiana,Caddo,5933,274,0,32.57991587,-93.88375652,22017.0,2469.983847063329,4.618236979605597,5659,5809,267,0,5542,5745,242922,124,7,0,117,64
2020-07-29,US,Louisiana,Calcasieu,5810,116,0,30.22931235,-93.35400434,22019.0,2855.9350360801427,1.9965576592082617,5694,5709,107,0,5602,5626,203112,101,9,0,92,83
2020-07-29,US,Louisiana,Caldwell,185,1,0,32.0902519,-92.11752148,22021.0,1865.2954224642065,0.5405405405405406,184,181,1,0,180,178,9960,4,0,0,4,3
2020-07-29,US,Louisiana,Cameron,158,0,0,29.87592238,-93.19310676,22023.0,2265.8826903771687,0.0,158,157,0,0,157,157,6968,1,0,0,1,0
2020-07-29,US,Louisiana,Catahoula,246,3,0,31.66778967,-91.84526385,22025.0,2591.110174847272,1.2195121951219512,243,243,3,0,240,243,9608,3,0,0,3,0
2020-07-29,US,Louisiana,Claiborne,208,10,0,32.82308512,-92.99526883,22027.0,1327.3771537970645,4.807692307692308,198,201,10,0,191,200,15944,7,0,0,7,1
2020-07-29,US,Louisiana,Concordia,242,7,0,31.44817835,-91.63814433,22029.0,1256.555376706994,2.8925619834710745,235,239,7,0,232,238,19572,3,0,0,3,1
2020-07-29,US,Louisiana,De Soto,601,24,0,32.05457447,-93.74130302,22031.0,2188.3989367512654,3.9933444259567383,577,590,24,0,566,582,27436,11,0,0,11,8
2020-07-29,US,Louisiana,East Baton Rouge,10345,320,0,30.53842039,-91.09777565,22033.0,2350.821139892605,3.0932817786370226,10025,10155,315,0,9840,9985,440956,190,5,0,185,170
2020-07-29,US,Louisiana,East Carroll,492,1,0,32.73926954,-91.23425694,22035.0,7170.966331438564,0.2032520325203252,491,490,1,0,489,489,7037,2,0,0,2,1
2020-07-29,US,Louisiana,East Feliciana,484,35,0,30.84425359,-91.04976723,22037.0,2529.396394042331,7.231404958677686,449,480,35,0,445,468,19305,4,0,0,4,12
2020-07-29,US,Louisiana,Evangeline,667,2,0,30.72985248,-92.39915924,22039.0,1997.3049857763128,0.29985007496251875,665,652,2,0,650,641,33443,15,0,0,15,11
2020-07-29,US,Louisiana,Franklin,745,16,0,32.13675181,-91.67589857,22041.0,3722.2083437421934,2.1476510067114094,729,731,16,0,715,729,20156,14,0,0,14,2
2020-07-29,US,Louisiana,Grant,260,6,0,31.59882456,-92.56124347,22043.0,1161.2845593818392,2.3076923076923075,254,255,3,0,252,244,22482,5,3,0,2,11
2020-07-29,US,Louisiana,Iberia,2111,60,0,29.86803617,-91.75871777,22045.0,3023.055993126164,2.8422548555187115,2051,2080,58,0,2022,2057,70941,31,2,0,29,23
2020-07-29,US,Louisiana,Iberville,1066,47,0,30.25734305,-91.3499598,22047.0,3278.8902217710934,4.409005628517824,1019,1053,47,0,1006,1047,32721,13,0,0,13,6
2020-07-29,US,Louisiana,Jackson,345,18,0,32.30251776,-92.55692092,22049.0,2191.310975609756,5.217391304347826,327,341,18,0,323,340,15902,4,0,0,4,1
2020-07-29,US,Louisiana,Jefferson,13872,510,0,29.74075478,-90.11115756,22051.0,3207.4507564284277,3.6764705882352944,13362,13780,510,0,13270,13680,434051,92,0,0,92,100
2020-07-29,US,Louisiana,Jefferson Davis,924,23,0,30.26896765,-92.81210004,22053.0,2945.6771231828607,2.4891774891774894,901,914,23,0,891,910,31582,10,0,0,10,4
2020-07-29,US,Louisiana,LaSalle,208,2,0,31.67884782,-92.15907765,22059.0,1396.7230727907602,0.9615384615384616,206,197,2,0,195,197,14917,11,0,0,11,0
2020-07-29,US,Louisiana,Lafayette,6023,80,0,30.2049055,-92.06959876,22055.0,2464.503457588281,1.3282417399966795,5943,5944,79,0,5865,5888,242782,79,1,0,78,56
2020-07-29,US,Louisiana,Lafourche,2446,96,0,29.52470226,-90.40976986,22057.0,2505.788104165386,3.924775143090761,2350,2404,95,0,2309,2393,98115,42,1,0,41,11
2020-07-29,US,Louisiana,Lincoln,662,24,0,32.6003154,-92.66597409999999,22061.0,1416.2851397030508,3.625377643504532,638,642,24,0,618,641,47196,20,0,0,20,1
2020-07-29,US,Louisiana,Livingston,2463,48,0,30.44143993,-90.73061664,22063.0,1749.426446668419,1.94884287454324,2415,2412,47,0,2365,2380,139567,51,1,0,50,32
2020-07-29,US,Louisiana,Madison,533,6,0,32.36918118,-91.23973355,22065.0,4867.135421422701,1.125703564727955,527,527,6,0,521,526,11161,6,0,0,6,1
2020-07-29,US,Louisiana,Morehouse,420,11,0,32.81686191,-91.80421614,22067.0,1688.5100908579238,2.619047619047619,409,401,11,0,390,396,25398,19,0,0,19,5
2020-07-29,US,Louisiana,Natchitoches,648,16,0,31.72321584,-93.09816516,22069.0,1698.202211855967,2.469135802469136,632,608,15,0,593,602,38659,40,1,0,39,6
2020-07-29,US,Louisiana,Orleans,10120,559,0,30.06971951,-89.92660315,22071.0,2593.914041994751,5.523715415019763,9561,10071,553,0,9518,10011,391006,49,6,0,43,60
2020-07-29,US,Louisiana,Ouachita,4246,103,0,32.47645559,-92.15704172,22073.0,2770.112017954188,2.4258125294394723,4143,4169,100,0,4069,4144,154475,77,3,0,74,25
2020-07-29,US,Louisiana,Plaquemines,417,18,0,29.42245447,-89.60322085,22075.0,1797.6462473595725,4.316546762589929,399,382,18,0,364,381,23410,35,0,0,35,1
2020-07-29,US,Louisiana,Pointe Coupee,676,30,0,30.71409502,-91.60209535,22077.0,3110.906580763921,4.437869822485207,646,664,29,0,635,646,21940,12,1,0,11,18
2020-07-29,US,Louisiana,Rapides,2817,100,0,31.19778499,-92.52997303,22079.0,2172.806368011848,3.549875754348598,2717,2786,98,0,2688,2743,130562,31,2,0,29,43
2020-07-29,US,Louisiana,Red River,171,9,0,32.09530039,-93.34213308,22081.0,2025.586353944563,5.2631578947368425,162,169,9,0,160,169,8477,2,0,0,2,0
2020-07-29,US,Louisiana,Richland,487,5,0,32.41391005,-91.76634876,22083.0,2420.236557002286,1.026694045174538,482,479,5,0,474,477,20192,8,0,0,8,2
2020-07-29,US,Louisiana,Sabine,497,7,0,31.56388699,-93.55433981,22085.0,2080.8909730363425,1.4084507042253518,490,474,6,0,468,469,24032,23,1,0,22,5
2020-07-29,US,Louisiana,St. Bernard,990,23,0,29.87761636,-89.51887093,22087.0,2095.504191008382,2.323232323232323,967,981,23,0,958,976,46721,9,0,0,9,5
2020-07-29,US,Louisiana,St. Charles,1298,50,0,29.90709658,-90.35555967,22089.0,2444.444444444445,3.852080123266564,1248,1276,50,0,1226,1261,52879,22,0,0,22,15
2020-07-29,US,Louisiana,St. Helena,230,1,0,30.82210324,-90.71013176,22091.0,2270.0355309909196,0.43478260869565216,229,225,1,0,224,224,10262,5,0,0,5,1
2020-07-29,US,Louisiana,St. James,604,30,0,30.02531716,-90.80212061,22093.0,2863.1020098596887,4.966887417218543,574,599,30,0,569,591,21037,5,0,0,5,8
2020-07-29,US,Louisiana,St. John the Baptist,1316,88,0,30.12597499,-90.4753503,22095.0,3072.1105586292224,6.6869300911854115,1228,1297,88,0,1209,1291,43184,19,0,0,19,6
2020-07-29,US,Louisiana,St. Landry,2034,70,0,30.59724262,-92.00135806,22097.0,2476.742486970922,3.4414945919370696,1964,1981,69,0,1912,1927,82764,53,1,0,52,54
2020-07-29,US,Louisiana,St. Martin,1453,40,0,30.13112107,-91.61403569,22099.0,2719.395107709008,2.752924982794219,1413,1442,37,0,1405,1429,53621,11,3,0,8,13
2020-07-29,US,Louisiana,St. Mary,1342,47,0,29.69262097,-91.44702164,22101.0,2719.461781632488,3.5022354694485838,1295,1322,42,0,1280,1312,49774,20,5,0,15,10
2020-07-29,US,Louisiana,St. Tammany,4487,200,0,30.40942847,-89.95642711,22103.0,1722.992561986645,4.457321149988856,4287,4409,198,0,4211,4375,258111,78,2,0,76,34
2020-07-29,US,Louisiana,Tangipahoa,2955,58,0,30.62888673,-90.40664996,22105.0,2192.819721278143,1.962774957698816,2897,2916,58,0,2858,2895,133777,39,0,0,39,21
2020-07-29,US,Louisiana,Tensas,54,0,0,32.00760749,-91.32915234,22107.0,1245.9621596677434,0.0,54,54,0,0,54,52,4462,0,0,0,0,2
2020-07-29,US,Louisiana,Terrebonne,2601,73,0,29.37343766,-90.82626855,22109.0,2354.677216393116,2.8066128412149167,2528,2546,72,0,2474,2519,111021,55,1,0,54,27
2020-07-29,US,Louisiana,Unassigned,10,114,0,0.0,0.0,90022.0,0.0,1140.0,-104,10,112,0,-102,10,,0,2,0,-2,0
2020-07-29,US,Louisiana,Union,561,31,0,32.83121059,-92.3749373,22111.0,2537.542970870273,5.52584670231729,530,551,31,0,520,547,22330,10,0,0,10,4
2020-07-29,US,Louisiana,Vermilion,1184,15,0,29.83517605,-92.30292538,22113.0,1989.548150762044,1.266891891891892,1169,1158,15,0,1143,1142,59830,26,0,0,26,16
2020-07-29,US,Louisiana,Vernon,631,21,0,31.10884837,-93.18153838,22115.0,1330.409664972907,3.328050713153724,610,611,19,0,592,599,48860,20,2,0,18,12
2020-07-29,US,Louisiana,Washington,1133,56,0,30.85288548,-90.03866652,22117.0,2452.6994847815736,4.942630185348632,1077,1128,56,0,1072,1123,46582,5,0,0,5,5
2020-07-29,US,Louisiana,Webster,791,13,0,32.70847669,-93.33121835,22119.0,2063.1194574856545,1.6434892541087232,778,772,12,0,760,770,38798,19,1,0,18,2
2020-07-29,US,Louisiana,West Baton Rouge,593,34,0,30.46058217,-91.30989571,22121.0,2240.6952578877763,5.733558178752108,559,582,33,0,549,573,26427,11,1,0,10,9
2020-07-29,US,Louisiana,West Carroll,234,5,0,32.78550125,-91.461201,22123.0,2160.6648199445985,2.1367521367521367,229,226,5,0,221,226,10982,8,0,0,8,0
2020-07-29,US,Louisiana,West Feliciana,321,15,0,30.87882871,-91.41485379999999,22125.0,2061.921891058582,4.672897196261682,306,320,15,0,305,319,15460,1,0,0,1,1
2020-07-29,US,Louisiana,Winn,364,7,0,31.94449367,-92.63789413,22127.0,2617.95166858458,1.9230769230769231,357,363,8,0,355,358,14134,1,-1,0,2,5
2020-07-29,US,Maine,Androscoggin,545,6,0,44.1664747,-70.20380627,23001.0,503.3386591796965,1.1009174311926606,539,544,6,0,538,543,107679,1,0,0,1,1
2020-07-29,US,Maine,Aroostook,31,1,0,46.65926321,-68.59841248,23003.0,46.230706136753405,3.2258064516129035,30,31,1,0,30,31,67111,0,0,0,0,0
2020-07-29,US,Maine,Cumberland,2029,68,0,43.8370751,-70.37226999,23005.0,687.7896156988234,3.3514046328240514,1961,2016,68,0,1948,2016,293557,13,0,0,13,0
2020-07-29,US,Maine,Franklin,45,1,0,44.97330019,-70.44381045,23007.0,149.01155667406206,2.2222222222222223,44,45,1,0,44,45,29897,0,0,0,0,0
2020-07-29,US,Maine,Hancock,23,1,0,44.59816444,-68.38401854,23009.0,41.82806845254333,4.3478260869565215,22,18,1,0,17,19,54811,5,0,0,5,-1
2020-07-29,US,Maine,Kennebec,160,10,0,44.40759555,-69.76738544,23011.0,130.82369871302186,6.25,150,159,10,0,149,159,122083,1,0,0,1,0
2020-07-29,US,Maine,Knox,25,1,0,44.11486325,-69.10529169,23013.0,62.858292265915715,4.0,24,25,1,0,24,25,39771,0,0,0,0,0
2020-07-29,US,Maine,Lincoln,33,1,0,44.05996956,-69.54227124,23015.0,95.28209274123694,3.0303030303030303,32,33,1,0,32,33,34342,0,0,0,0,0
2020-07-29,US,Maine,Oxford,51,0,0,44.49952995,-70.75682123,23017.0,87.96895213454077,0.0,51,49,0,0,49,49,57618,2,0,0,2,0
2020-07-29,US,Maine,Penobscot,141,5,0,45.40194593,-68.65020455,23019.0,92.67292373215557,3.5460992907801416,136,140,5,0,135,139,151096,1,0,0,1,1
2020-07-29,US,Maine,Piscataquis,3,0,0,45.83839062,-69.2860223,23021.0,17.873100983020553,0.0,3,3,0,0,3,3,16800,0,0,0,0,0
2020-07-29,US,Maine,Sagadahoc,43,0,0,43.95415864,-69.85074999,23023.0,119.92414100847836,0.0,43,43,0,0,43,43,35634,0,0,0,0,0
2020-07-29,US,Maine,Somerset,34,1,0,45.51229767,-69.95995554,23025.0,67.34807067585771,2.9411764705882355,33,34,1,0,33,34,50592,0,0,0,0,0
2020-07-29,US,Maine,Unassigned,1,0,0,0.0,0.0,90023.0,0.0,0.0,1,1,0,0,1,1,,0,0,0,0,0
2020-07-29,US,Maine,Waldo,62,14,0,44.4858305,-69.12061935,23027.0,156.11230013848672,22.580645161290327,48,60,14,0,46,60,39694,2,0,0,2,0
2020-07-29,US,Maine,Washington,7,0,0,45.01607142,-67.62813524,23029.0,22.307912935402666,0.0,7,7,0,0,7,7,31490,0,0,0,0,0
2020-07-29,US,Maine,York,633,12,0,43.47808377,-70.71052375,23031.0,304.8530877813148,1.895734597156398,621,630,12,0,618,625,206229,3,0,0,3,5
2020-07-29,US,Maryland,Allegany,260,18,0,39.62357628,-78.69280486,24001.0,369.2342649397864,6.9230769230769225,242,262,18,0,244,260,70975,-2,0,0,-2,2
2020-07-29,US,Maryland,Anne Arundel,6599,214,0,39.00670238,-76.60329337,24003.0,1139.2632338571284,3.242915593271708,6385,6537,214,0,6323,6469,576031,62,0,0,62,68
2020-07-29,US,Maryland,Baltimore,11423,538,0,39.45784712,-76.62911955,24005.0,1380.6398588297861,4.709796025562461,10885,11252,534,0,10718,11124,828431,171,4,0,167,128
2020-07-29,US,Maryland,Baltimore City,10826,404,0,39.30211911,-76.61151012,24510.0,1824.1250905659745,3.731756881581378,10422,10702,403,0,10299,10579,621342,124,1,0,123,123
2020-07-29,US,Maryland,Calvert,559,27,0,38.53961642,-76.56820632,24009.0,604.1610375574169,4.83005366726297,532,552,27,0,525,546,92003,7,0,0,7,6
2020-07-29,US,Maryland,Caroline,418,3,0,38.87172293,-75.82904158,24011.0,1251.2722265461293,0.7177033492822966,415,416,3,0,413,412,33304,2,0,0,2,4
2020-07-29,US,Maryland,Carroll,1414,116,0,39.56453592,-77.02373735,24013.0,839.4331748265033,8.203677510608205,1298,1402,116,0,1286,1391,168429,12,0,0,12,11
2020-07-29,US,Maryland,Cecil,612,30,0,39.56647682,-75.94627411,24015.0,595.0123960915853,4.901960784313727,582,607,30,0,577,601,102826,5,0,0,5,6
2020-07-29,US,Maryland,Charles,1796,90,0,38.51092331,-76.98580666,24017.0,1100.1059678911163,5.011135857461023,1706,1772,90,0,1682,1753,161503,24,0,0,24,19
2020-07-29,US,Maryland,Dorchester,319,5,0,38.45413522,-76.02752426,24019.0,999.0917347865576,1.567398119122257,314,319,5,0,314,319,31998,0,0,0,0,0
2020-07-29,US,Maryland,Frederick,2947,121,0,39.47296601,-77.39999394,24021.0,1135.439824001048,4.105870376654225,2826,2931,120,0,2811,2909,255648,16,1,0,15,22
2020-07-29,US,Maryland,Garrett,45,0,0,39.52786077,-79.27355126,24023.0,155.097539119046,0.0,45,48,0,0,48,43,29163,-3,0,0,-3,5
2020-07-29,US,Maryland,Harford,1676,67,0,39.55010644,-76.30775940000002,24025.0,656.1201999678987,3.9976133651551313,1609,1648,67,0,1581,1631,253956,28,0,0,28,17
2020-07-29,US,Maryland,Howard,3441,102,0,39.25305293,-76.93126208,24027.0,1056.5261444932296,2.9642545771578033,3339,3410,102,0,3308,3373,323196,31,0,0,31,37
2020-07-29,US,Maryland,Kent,224,23,0,39.24976208,-76.04741541,24029.0,1153.3312738132015,10.267857142857142,201,224,23,0,201,229,19383,0,0,0,0,-5
2020-07-29,US,Maryland,Montgomery,17305,787,0,39.13676329,-77.20358245,24031.0,1647.0160504355242,4.5478185495521535,16518,17230,787,0,16443,17164,1052567,75,0,0,75,66
2020-07-29,US,Maryland,Prince George's,22044,733,0,38.83070039,-76.8496441,24033.0,2424.2104325506666,3.3251678461259297,21311,21870,731,0,21139,21770,909308,174,2,0,172,100
2020-07-29,US,Maryland,Queen Anne's,376,23,0,39.06198912,-76.03530977,24035.0,746.3130942220282,6.117021276595745,353,375,23,0,352,370,50251,1,0,0,1,5
2020-07-29,US,Maryland,Somerset,116,3,0,38.1163542,-75.75118623,24039.0,452.84197376639605,2.586206896551724,113,116,3,0,113,115,25675,0,0,0,0,1
2020-07-29,US,Maryland,St. Mary's,863,53,0,38.30058422,-76.60629279999998,24037.0,760.2854374063959,6.141367323290845,810,855,53,0,802,849,112664,8,0,0,8,6
2020-07-29,US,Maryland,Talbot,323,4,0,38.76618159,-76.10882561,24041.0,868.7232726392513,1.238390092879257,319,320,4,0,316,317,36968,3,0,0,3,3
2020-07-29,US,Maryland,Unassigned,0,26,0,0.0,0.0,90024.0,0.0,0.0,-26,0,15,0,-15,0,,0,11,0,-11,0
2020-07-29,US,Maryland,Washington,931,30,0,39.60835778,-77.82002295,24043.0,616.3562817363902,3.2223415682062297,901,914,30,0,884,897,150926,17,0,0,17,17
2020-07-29,US,Maryland,Wicomico,1260,43,0,38.37301947,-75.62705831,24045.0,1216.1105695451167,3.412698412698413,1217,1256,42,0,1214,1249,103195,4,1,0,3,7
2020-07-29,US,Maryland,Worcester,508,18,0,38.21274277,-75.33200012,24047.0,971.7652460019896,3.543307086614173,490,506,18,0,488,506,51823,2,0,0,2,0
2020-07-29,US,Massachusetts,Barnstable,1731,155,0,41.72980578,-70.28854339,25001.0,812.7142119348326,8.954361640670133,1576,1718,155,0,1563,1698,213413,13,0,0,13,20
2020-07-29,US,Massachusetts,Berkshire,648,45,0,42.37428441,-73.20524838,25003.0,518.6323472915866,6.9444444444444455,603,647,45,0,602,645,126348,1,0,0,1,2
2020-07-29,US,Massachusetts,Bristol,8987,622,0,41.79228404,-71.10872211,25005.0,1590.008793083011,6.921108267497496,8365,8932,621,0,8311,8907,564022,55,1,0,54,25
2020-07-29,US,Massachusetts,Dukes and Nantucket,98,1,0,41.40674725,-70.68763497,0.0,341.09498451150324,1.020408163265306,97,99,1,0,98,95,26707,-1,0,0,-1,4
2020-07-29,US,Massachusetts,Essex,17119,1175,0,42.6687626,-70.94687179,25009.0,2169.6149975793187,6.863718675156258,15944,17033,1170,0,15863,16990,790638,86,5,0,81,43
2020-07-29,US,Massachusetts,Franklin,397,60,0,42.58119713,-72.58602547,25011.0,565.6882302650328,15.113350125944585,337,398,59,0,339,396,70963,-1,1,0,-2,2
2020-07-29,US,Massachusetts,Hampden,7353,692,0,42.13440424,-72.63235561,25013.0,1576.6383916701689,9.411124711002312,6661,7326,689,0,6637,7309,470406,27,3,0,24,17
2020-07-29,US,Massachusetts,Hampshire,1102,127,0,42.33997957,-72.65898478,25015.0,685.195548094261,11.524500907441015,975,1095,127,0,968,1095,161355,7,0,0,7,0
2020-07-29,US,Massachusetts,Middlesex,25535,1971,0,42.48607732,-71.39049229,25017.0,1584.3529095693427,7.718817309575093,23564,25429,1961,0,23468,25396,1614714,106,10,0,96,33
2020-07-29,US,Massachusetts,Norfolk,10103,979,0,42.16073095,-71.20530408,25021.0,1429.4506738353793,9.690191032366622,9124,10034,977,0,9057,10013,705388,69,2,0,67,21
2020-07-29,US,Massachusetts,Plymouth,9043,707,0,41.94070556,-70.80802823,25023.0,1735.0278778669306,7.818201924140219,8336,9018,706,0,8312,9000,518132,25,1,0,24,18
2020-07-29,US,Massachusetts,Suffolk,21030,1054,0,42.3279514,-71.07850442,25025.0,2615.9742358257863,5.011887779362816,19976,20960,1052,0,19908,20914,807252,70,2,0,68,46
2020-07-29,US,Massachusetts,Unassigned,334,6,0,0.0,0.0,90025.0,0.0,1.7964071856287425,328,327,6,0,321,328,,7,0,0,7,-1
2020-07-29,US,Massachusetts,Worcester,13204,986,0,42.35026951,-71.90493363,25027.0,1589.652092046683,7.467434110875492,12218,13166,982,0,12184,13140,830839,38,4,0,34,26
2020-07-29,US,Michigan,Alcona,28,1,0,44.6846864,-83.59507875,26001.0,269.1013935607881,3.571428571428572,27,27,1,0,26,27,10362,1,0,0,1,0
2020-07-29,US,Michigan,Alger,5,0,0,46.41292944,-86.60260122,26003.0,54.89679402722882,0.0,5,5,0,0,5,5,9097,0,0,0,0,0
2020-07-29,US,Michigan,Allegan,482,7,0,42.59147037,-85.89102866,26005.0,408.1943750476368,1.4522821576763485,475,477,7,0,470,472,117327,5,0,0,5,5
2020-07-29,US,Michigan,Alpena,126,13,0,45.03477666,-83.62212411,26007.0,443.5838760781552,10.317460317460318,113,125,13,0,112,125,28360,1,0,0,1,0
2020-07-29,US,Michigan,Antrim,34,0,0,44.99690221,-85.15503082,26009.0,145.7725947521866,0.0,34,35,0,0,35,35,23365,-1,0,0,-1,0
2020-07-29,US,Michigan,Arenac,40,3,0,44.0636262,-83.89277559,26011.0,268.76301820869446,7.5,37,40,3,0,37,41,15041,0,0,0,0,-1
2020-07-29,US,Michigan,Baraga,5,0,0,46.6720582,-88.36363591,26013.0,60.9087586794981,0.0,5,5,0,0,5,5,8320,0,0,0,0,0
2020-07-29,US,Michigan,Barry,168,2,0,42.59513984,-85.30834519,26015.0,272.94882209585705,1.1904761904761905,166,168,2,0,166,170,61157,0,0,0,0,-2
2020-07-29,US,Michigan,Bay,534,31,0,43.70639106,-83.98731479,26017.0,517.8131605996548,5.805243445692883,503,532,31,0,501,524,103923,2,0,0,2,8
2020-07-29,US,Michigan,Benzie,30,1,0,44.63899297,-86.01608482,26019.0,168.86187098953056,3.333333333333333,29,30,1,0,29,30,17753,0,0,0,0,0
2020-07-29,US,Michigan,Berrien,1254,64,0,41.95447397,-86.41313079999998,26021.0,817.4653359495703,5.103668261562999,1190,1241,64,0,1177,1232,154141,13,0,0,13,9
2020-07-29,US,Michigan,Branch,310,2,0,41.91600556,-85.05929476,26023.0,712.365282533263,0.6451612903225806,308,308,2,0,306,307,43622,2,0,0,2,1
2020-07-29,US,Michigan,Calhoun,708,41,0,42.24633834,-85.00493569,26025.0,527.7320194694355,5.7909604519774005,667,705,40,0,665,699,134487,3,1,0,2,6
2020-07-29,US,Michigan,Cass,268,9,0,41.91522292,-85.99405727,26027.0,517.5043929943809,3.3582089552238807,259,265,9,0,256,263,51653,3,0,0,3,2
2020-07-29,US,Michigan,Charlevoix,43,2,0,45.37790017,-85.19614053,26029.0,164.47997551925943,4.651162790697675,41,43,2,0,41,41,26244,0,0,0,0,2
2020-07-29,US,Michigan,Cheboygan,36,2,0,45.44787015,-84.50122149,26031.0,142.42759930368732,5.5555555555555545,34,34,2,0,32,34,25413,2,0,0,2,0
2020-07-29,US,Michigan,Chippewa,27,0,0,46.29552653,-84.54353449,26033.0,72.29109213098073,0.0,27,27,0,0,27,28,37517,0,0,0,0,-1
2020-07-29,US,Michigan,Clare,54,3,0,43.98794227,-84.84819859999998,26035.0,174.47495961227787,5.5555555555555545,51,53,3,0,50,52,30757,1,0,0,1,1
2020-07-29,US,Michigan,Clinton,388,12,0,42.94400871,-84.60145248,26037.0,487.4678057666938,3.0927835051546397,376,380,12,0,368,367,79332,8,0,0,8,13
2020-07-29,US,Michigan,Crawford,93,5,0,44.68255561,-84.61006219,26039.0,662.9125383134933,5.376344086021504,88,93,5,0,88,94,13901,0,0,0,0,-1
2020-07-29,US,Michigan,Delta,63,3,0,45.90484910000001,-86.9080745,26041.0,176.05633802816902,4.761904761904762,60,62,3,0,59,60,35857,1,0,0,1,2
2020-07-29,US,Michigan,Dickinson,43,2,0,46.00999672,-87.86961634,26043.0,170.37125084195094,4.651162790697675,41,43,2,0,41,42,25383,0,0,0,0,1
2020-07-29,US,Michigan,Eaton,433,7,0,42.59599185,-84.83740035,26045.0,392.67965320854637,1.6166281755196306,426,432,7,0,425,421,109826,1,0,0,1,11
2020-07-29,US,Michigan,Emmet,56,2,0,45.52625509,-84.89083249,26047.0,167.58940595540923,3.571428571428572,54,54,2,0,52,53,33308,2,0,0,2,1
2020-07-29,US,Michigan,Federal Correctional Institution (FCI),193,5,0,0.0,0.0,0.0,0.0,2.5906735751295336,188,193,5,0,188,192,,0,0,0,0,1
2020-07-29,US,Michigan,Genesee,3374,294,0,43.02244215,-83.70589709,26049.0,831.4174262529785,8.71369294605809,3080,3340,294,0,3046,3327,406892,34,0,0,34,13
2020-07-29,US,Michigan,Gladwin,45,2,0,43.98901072,-84.38774817,26051.0,176.82423670871154,4.4444444444444455,43,45,2,0,43,37,25337,0,0,0,0,8
2020-07-29,US,Michigan,Gogebic,67,1,0,46.40862701,-89.69377193,26053.0,479.4275491949912,1.492537313432836,66,64,1,0,63,62,15096,3,0,0,3,2
2020-07-29,US,Michigan,Grand Traverse,173,5,0,44.69565625,-85.55585247,26055.0,185.8456514266071,2.8901734104046244,168,171,5,0,166,168,92573,2,0,0,2,3
2020-07-29,US,Michigan,Gratiot,135,15,0,43.29265605,-84.60505416,26057.0,331.6057085308638,11.111111111111109,120,134,15,0,119,134,40599,1,0,0,1,0
2020-07-29,US,Michigan,Hillsdale,238,25,0,41.88753639,-84.59312019,26059.0,521.8726016884115,10.504201680672267,213,232,25,0,207,230,45749,6,0,0,6,2
2020-07-29,US,Michigan,Houghton,47,0,0,46.89988536,-88.68495385,26061.0,131.7116915144042,0.0,47,46,0,0,46,43,36219,1,0,0,1,3
2020-07-29,US,Michigan,Huron,142,3,0,43.83353985,-83.04078453,26063.0,458.34543752622574,2.112676056338028,139,140,3,0,137,133,31166,2,0,0,2,7
2020-07-29,US,Michigan,Ingham,1430,30,0,42.59716886,-84.37472069,26065.0,489.0460524065854,2.097902097902098,1400,1415,30,0,1385,1398,292735,15,0,0,15,17
2020-07-29,US,Michigan,Ionia,259,5,0,42.94502238,-85.07413319,26067.0,400.3276813453483,1.9305019305019304,254,257,5,0,252,256,64210,2,0,0,2,1
2020-07-29,US,Michigan,Iosco,128,12,0,44.35486835,-83.63484895,26069.0,509.4121860946393,9.375,116,126,11,0,115,124,25081,2,1,0,1,2
2020-07-29,US,Michigan,Iron,15,1,0,46.20974132,-88.53136251,26071.0,135.5503343574914,6.666666666666668,14,15,1,0,14,13,11117,0,0,0,0,2
2020-07-29,US,Michigan,Isabella,200,8,0,43.64060976,-84.84664923,26073.0,286.2376917792535,4.0,192,197,8,0,189,194,70562,3,0,0,3,3
2020-07-29,US,Michigan,Jackson,652,33,0,42.24807035,-84.42258681,26075.0,411.3305154248943,5.0613496932515325,619,636,33,0,603,630,158823,16,0,0,16,6
2020-07-29,US,Michigan,Kalamazoo,1469,78,0,42.24542231,-85.53038622,26077.0,554.2015950744343,5.3097345132743365,1391,1455,78,0,1377,1449,264870,14,0,0,14,6
2020-07-29,US,Michigan,Kalkaska,47,4,0,44.68512729,-85.09085699,26079.0,260.56103780906966,8.51063829787234,43,47,4,0,43,47,17824,0,0,0,0,0
2020-07-29,US,Michigan,Kent,6945,154,0,43.03197711,-85.54934642,26081.0,1057.1500331072903,2.217422606191505,6791,6902,154,0,6748,6823,653786,43,0,0,43,79
2020-07-29,US,Michigan,Keweenaw,3,0,0,47.63197653,-88.41434263,26083.0,141.77693761814746,0.0,3,2,0,0,2,2,2113,1,0,0,1,0
2020-07-29,US,Michigan,Lake,16,0,0,43.99050893,-85.802173,26085.0,134.98692314182065,0.0,16,16,0,0,16,16,11881,0,0,0,0,0
2020-07-29,US,Michigan,Lapeer,393,32,0,43.09052506,-83.22153148,26087.0,448.5942904105837,8.142493638676845,361,392,32,0,360,390,88028,1,0,0,1,2
2020-07-29,US,Michigan,Leelanau,62,0,0,44.94430054,-85.80150326,26089.0,284.91337714259447,0.0,62,63,0,0,63,63,21764,-1,0,0,-1,0
2020-07-29,US,Michigan,Lenawee,378,12,0,41.89475156,-84.06603727,26091.0,383.9473443642015,3.1746031746031744,366,372,11,0,361,366,98266,6,1,0,5,6
2020-07-29,US,Michigan,Livingston,737,28,0,42.60302282,-83.91297209,26093.0,383.8641631292482,3.799185888738128,709,722,28,0,694,719,191224,15,0,0,15,3
2020-07-29,US,Michigan,Luce,3,0,0,46.47227431,-85.54471223,26095.0,48.16182372772515,0.0,3,3,0,0,3,3,6283,0,0,0,0,0
2020-07-29,US,Michigan,Mackinac,19,0,0,46.07028979,-85.04980537,26097.0,175.94221687193257,0.0,19,19,0,0,19,16,10787,0,0,0,0,3
2020-07-29,US,Michigan,Macomb,9166,933,0,42.69158356,-82.92752801,26099.0,1048.7750179639622,10.178922103425704,8233,9055,937,0,8118,8983,874759,111,-4,0,115,72
2020-07-29,US,Michigan,Manistee,31,0,0,44.33352407,-86.05626916,26101.0,126.23177783207102,0.0,31,31,0,0,31,31,24528,0,0,0,0,0
2020-07-29,US,Michigan,Marquette,122,11,0,46.4338914,-87.64043701,26103.0,182.91128802530773,9.016393442622949,111,120,11,0,109,115,66516,2,0,0,2,5
2020-07-29,US,Michigan,Mason,94,0,0,43.99509218,-86.24988902,26105.0,322.5363711227011,0.0,94,93,0,0,93,93,29100,1,0,0,1,0
2020-07-29,US,Michigan,Mecosta,52,2,0,43.64064262,-85.32463223,26107.0,119.66952799576552,3.8461538461538463,50,51,2,0,49,50,43545,1,0,0,1,1
2020-07-29,US,Michigan,Menominee,77,0,0,45.58038692,-87.55370409,26109.0,338.0158033362598,0.0,77,75,0,0,75,73,22983,2,0,0,2,2
2020-07-29,US,Michigan,Michigan Department of Corrections (MDOC),4128,68,0,0.0,0.0,0.0,0.0,1.6472868217054264,4060,4125,68,0,4057,4124,,3,0,0,3,1
2020-07-29,US,Michigan,Midland,285,9,0,43.64330771,-84.38804374,26111.0,342.7293280100053,3.1578947368421053,276,278,9,0,269,270,83209,7,0,0,7,8
2020-07-29,US,Michigan,Missaukee,40,1,0,44.33772443,-85.09256478,26113.0,264.58526260087314,2.5,39,40,1,0,39,40,15113,0,0,0,0,0
2020-07-29,US,Michigan,Monroe,833,21,0,41.92734151,-83.53749864,26115.0,553.4883720930233,2.5210084033613445,812,817,21,0,796,803,150439,16,0,0,16,14
2020-07-29,US,Michigan,Montcalm,173,1,0,43.31082541,-85.15252824,26117.0,270.786376158277,0.5780346820809249,172,173,1,0,172,172,63968,0,0,0,0,1
2020-07-29,US,Michigan,Montmorency,7,0,0,45.0275929,-84.12696227,26119.0,75.04288164665523,0.0,7,7,0,0,7,7,9265,0,0,0,0,0
2020-07-29,US,Michigan,Muskegon,1103,57,0,43.29123859,-86.15176712,26121.0,635.4931265339986,5.167724388032639,1046,1096,57,0,1039,1089,173588,7,0,0,7,7
2020-07-29,US,Michigan,Newaygo,246,0,0,43.554374,-85.80070107,26123.0,502.2458146182115,0.0,246,245,0,0,245,243,48892,1,0,0,1,2
2020-07-29,US,Michigan,Oakland,14362,1122,0,42.66090111,-83.38595416,26125.0,1142.0310690975712,7.812282411920347,13240,14200,1126,0,13074,14111,1259201,162,-4,0,166,89
2020-07-29,US,Michigan,Oceana,461,6,0,43.64124435,-86.26726673,26127.0,1741.7916650923792,1.3015184381778742,455,460,5,0,455,458,26625,1,1,0,0,2
2020-07-29,US,Michigan,Ogemaw,50,2,0,44.33481032,-84.12725175,26129.0,238.12925656046104,4.0,48,49,2,0,47,50,20952,1,0,0,1,-1
2020-07-29,US,Michigan,Ontonagon,3,0,0,46.665226200000006,-89.31390481,26131.0,52.447552447552454,0.0,3,3,0,0,3,3,5795,0,0,0,0,0
2020-07-29,US,Michigan,Osceola,65,0,0,43.98992088,-85.32566756,26133.0,277.0673486786019,0.0,65,65,0,0,65,64,23341,0,0,0,0,1
2020-07-29,US,Michigan,Oscoda,24,1,0,44.68192279,-84.12939244,26135.0,291.2267928649436,4.166666666666667,23,23,1,0,22,23,8276,1,0,0,1,0
2020-07-29,US,Michigan,Otsego,132,10,0,45.02085831,-84.59898295,26137.0,535.1062104751095,7.575757575757576,122,130,10,0,120,129,24665,2,0,0,2,1
2020-07-29,US,Michigan,Ottawa,1641,54,0,42.95996803,-85.9969107,26139.0,562.3136757701402,3.2906764168190135,1587,1626,53,0,1573,1606,290494,15,1,0,14,20
2020-07-29,US,Michigan,Out of MI,194,0,0,0.0,0.0,80026.0,0.0,0.0,194,153,0,0,153,93,,41,0,0,41,60
2020-07-29,US,Michigan,Presque Isle,14,1,0,45.34018577,-83.91498656,26141.0,111.18170266836088,7.142857142857142,13,14,1,0,13,14,12738,0,0,0,0,0
2020-07-29,US,Michigan,Roscommon,46,0,0,44.33473082,-84.61067651,26143.0,191.51505058495357,0.0,46,45,0,0,45,45,23884,1,0,0,1,0
2020-07-29,US,Michigan,Saginaw,1792,126,0,43.33433923,-84.05131209999998,26145.0,940.4898734642253,7.03125,1666,1778,125,0,1653,1755,190800,14,1,0,13,23
2020-07-29,US,Michigan,Sanilac,90,6,0,43.42406072,-82.82055898,26151.0,218.60578090842847,6.666666666666668,84,88,6,0,82,88,41182,2,0,0,2,0
2020-07-29,US,Michigan,Schoolcraft,8,0,0,46.19235734,-86.19972234,26153.0,98.838645910551,0.0,8,8,0,0,8,8,8068,0,0,0,0,0
2020-07-29,US,Michigan,Shiawassee,307,28,0,42.95392800000001,-84.14585902,26155.0,450.6620475030093,9.120521172638435,279,302,28,0,274,301,68192,5,0,0,5,1
2020-07-29,US,Michigan,St. Clair,742,53,0,42.92655373,-82.67937954,26147.0,466.2912875169675,7.142857142857142,689,723,53,0,670,710,159337,19,0,0,19,13
2020-07-29,US,Michigan,St. Joseph,543,7,0,41.91441767,-85.52797979,26149.0,890.6895872974214,1.2891344383057088,536,536,7,0,529,528,61043,7,0,0,7,8
2020-07-29,US,Michigan,Tuscola,292,27,0,43.46606813,-83.41897025,26157.0,558.9051583883627,9.246575342465754,265,286,27,0,259,276,52516,6,0,0,6,10
2020-07-29,US,Michigan,Unassigned,3,0,0,0.0,0.0,90026.0,0.0,0.0,3,3,0,0,3,3,,0,0,0,0,0
2020-07-29,US,Michigan,Van Buren,374,11,0,42.25190229,-86.01939087,26159.0,494.2056371156362,2.9411764705882355,363,369,11,0,358,364,75448,5,0,0,5,5
2020-07-29,US,Michigan,Washtenaw,2326,110,0,42.253105,-83.83853204,26161.0,632.7512710792407,4.729148753224419,2216,2311,110,0,2201,2270,370963,15,0,0,15,41
2020-07-29,US,Michigan,Wayne,26689,2792,0,42.28098405,-83.281255,26163.0,1525.6584900731302,10.461238712578217,23897,26331,2789,0,23542,26161,1753893,358,3,0,355,170
2020-07-29,US,Michigan,Wexford,61,4,0,44.33853602,-85.57712739,26165.0,181.38027415182412,6.557377049180328,57,61,4,0,57,58,33466,0,0,0,0,3
2020-07-29,US,Minnesota,Aitkin,25,0,0,46.60962049,-93.4116826,27001.0,157.37127030089385,0.0,25,25,0,0,25,25,15902,0,0,0,0,0
2020-07-29,US,Minnesota,Anoka,3130,112,0,45.27476015,-93.24604565,27003.0,876.9447580837216,3.5782747603833864,3018,3083,112,0,2971,3050,353813,47,0,0,47,33
2020-07-29,US,Minnesota,Becker,120,1,0,46.93479392,-95.67158144,27005.0,348.6041309589519,0.8333333333333334,119,114,1,0,113,111,34371,6,0,0,6,3
2020-07-29,US,Minnesota,Beltrami,164,0,0,47.97373527,-94.93732139,27007.0,347.5459862676952,0.0,164,157,0,0,157,157,46847,7,0,0,7,0
2020-07-29,US,Minnesota,Benton,292,3,0,45.69804958,-93.99514135,27009.0,714.1284942160485,1.0273972602739727,289,290,3,0,287,288,40545,2,0,0,2,2
2020-07-29,US,Minnesota,Big Stone,22,0,0,45.42712824,-96.41403739,27011.0,440.79342817070733,0.0,22,21,0,0,21,21,4989,1,0,0,1,0
2020-07-29,US,Minnesota,Blue Earth,794,4,0,44.03554215,-94.06699781,27013.0,1173.6360545725986,0.5037783375314862,790,783,4,0,779,774,67427,11,0,0,11,9
2020-07-29,US,Minnesota,Brown,76,2,0,44.24205652,-94.72562874,27015.0,303.90275111964166,2.631578947368421,74,73,2,0,71,72,25111,3,0,0,3,1
2020-07-29,US,Minnesota,Carlton,116,0,0,46.59180601,-92.67601019,27017.0,323.38100415377323,0.0,116,115,0,0,115,115,35837,1,0,0,1,0
2020-07-29,US,Minnesota,Carver,710,2,0,44.82017001,-93.8009918,27019.0,675.6178096660925,0.28169014084507044,708,693,2,0,691,684,103551,17,0,0,17,9
2020-07-29,US,Minnesota,Cass,46,2,0,46.95043611,-94.32603968,27021.0,154.47127170153465,4.3478260869565215,44,45,2,0,43,43,29519,1,0,0,1,2
2020-07-29,US,Minnesota,Chippewa,92,1,0,45.02343421,-95.56403693,27023.0,779.6610169491527,1.0869565217391304,91,90,1,0,89,90,11924,2,0,0,2,0
2020-07-29,US,Minnesota,Chisago,158,1,0,45.5021011,-92.90861945,27025.0,279.2555541808798,0.6329113924050633,157,156,1,0,155,156,55922,2,0,0,2,0
2020-07-29,US,Minnesota,Clay,725,39,0,46.89289518,-96.48761922,27027.0,1128.8966397807606,5.379310344827586,686,717,39,0,678,707,63955,8,0,0,8,10
2020-07-29,US,Minnesota,Clearwater,14,0,0,47.57992111,-95.37790562,27029.0,158.76616012701294,0.0,14,15,0,0,15,15,8810,-1,0,0,-1,0
2020-07-29,US,Minnesota,Cook,2,0,0,47.90504893,-90.52629546,27031.0,36.60992128866923,0.0,2,2,0,0,2,2,5393,0,0,0,0,0
2020-07-29,US,Minnesota,Cottonwood,162,0,0,44.00715262,-95.18138802,27033.0,1446.9453376205786,0.0,162,159,0,0,159,159,11277,3,0,0,3,0
2020-07-29,US,Minnesota,Crow Wing,170,13,0,46.48096553,-94.06755609,27035.0,261.3173468603489,7.647058823529411,157,166,12,0,154,161,64889,4,1,0,3,5
2020-07-29,US,Minnesota,Dakota,3656,102,0,44.67172617,-93.06299363,27037.0,852.1727374650658,2.789934354485777,3554,3565,102,0,3463,3537,425423,91,0,0,91,28
2020-07-29,US,Minnesota,Dodge,119,0,0,44.02238415,-92.86244324,27039.0,568.4532339734402,0.0,119,118,0,0,118,118,20822,1,0,0,1,0
2020-07-29,US,Minnesota,Douglas,119,0,0,45.93348491,-95.45335469,27041.0,312.0002097480402,0.0,119,117,0,0,117,115,37964,2,0,0,2,2
2020-07-29,US,Minnesota,Faribault,76,0,0,43.67381499,-93.94787458,27043.0,556.6542151908005,0.0,76,75,0,0,75,76,13758,1,0,0,1,-1
2020-07-29,US,Minnesota,Fillmore,56,0,0,43.67394126,-92.08980382,27045.0,265.8185788199554,0.0,56,57,0,0,57,55,21058,-1,0,0,-1,2
2020-07-29,US,Minnesota,Freeborn,349,1,0,43.67385583,-93.34884422,27047.0,1152.5378950497009,0.28653295128939826,348,344,1,0,343,342,30444,5,0,0,5,2
2020-07-29,US,Minnesota,Goodhue,161,8,0,44.40849741,-92.7234195,27049.0,347.43202416918433,4.9689440993788825,153,159,8,0,151,159,46403,2,0,0,2,0
2020-07-29,US,Minnesota,Grant,43,1,0,45.93424769,-96.01139609,27051.0,720.0267916945746,2.3255813953488373,42,41,1,0,40,41,6021,2,0,0,2,0
2020-07-29,US,Minnesota,Hennepin,16881,810,0,45.00761521,-93.47694895,27053.0,1333.5777027640868,4.798293939932469,16071,16661,808,0,15853,16506,1259428,220,2,0,218,155
2020-07-29,US,Minnesota,Houston,37,0,0,43.67129565,-91.49143057,27055.0,198.92473118279568,0.0,37,37,0,0,37,34,18578,0,0,0,0,3
2020-07-29,US,Minnesota,Hubbard,22,0,0,47.10778564,-94.91693868,27057.0,102.3684332976595,0.0,22,21,0,0,21,20,21332,1,0,0,1,1
2020-07-29,US,Minnesota,Isanti,101,0,0,45.56181234,-93.29487636,27059.0,248.7929845304956,0.0,101,101,0,0,101,101,39966,0,0,0,0,0
2020-07-29,US,Minnesota,Itasca,122,12,0,47.51009045,-93.63092229,27061.0,270.3301573232883,9.836065573770492,110,121,12,0,109,120,45108,1,0,0,1,1
2020-07-29,US,Minnesota,Jackson,67,0,0,43.67423373,-95.15398258,27063.0,680.4793824903514,0.0,67,65,0,0,65,64,9911,2,0,0,2,1
2020-07-29,US,Minnesota,Kanabec,23,1,0,45.9459309,-93.29275192,27065.0,140.78472179714757,4.3478260869565215,22,23,1,0,22,23,16207,0,0,0,0,0
2020-07-29,US,Minnesota,Kandiyohi,650,1,0,45.1526059,-95.00586446,27067.0,1504.6644598254584,0.15384615384615385,649,648,1,0,647,647,42855,2,0,0,2,1
2020-07-29,US,Minnesota,Kittson,3,0,0,48.77754106,-96.78317184,27069.0,69.79990693345742,0.0,3,3,0,0,3,3,4248,0,0,0,0,0
2020-07-29,US,Minnesota,Koochiching,61,3,0,48.24539665,-93.78352843,27071.0,498.8142938915692,4.918032786885246,58,60,3,0,57,58,12440,1,0,0,1,2
2020-07-29,US,Minnesota,Lac qui Parle,6,0,0,44.9973857,-96.17488219,27073.0,90.59338668277216,0.0,6,6,0,0,6,6,6658,0,0,0,0,0
2020-07-29,US,Minnesota,Lake,14,0,0,47.64270764,-91.44557998,27075.0,131.56658208814957,0.0,14,14,0,0,14,14,10658,0,0,0,0,0
2020-07-29,US,Minnesota,Lake of the Woods,1,0,0,48.77217001,-94.90274472,27077.0,26.73796791443851,0.0,1,1,0,0,1,1,3758,0,0,0,0,0
2020-07-29,US,Minnesota,Le Sueur,190,1,0,44.37136597,-93.72844721,27079.0,657.7353134628032,0.5263157894736842,189,187,1,0,186,185,28494,3,0,0,3,2
2020-07-29,US,Minnesota,Lincoln,53,0,0,44.41311883,-96.26688165,27081.0,939.8829579712717,0.0,53,53,0,0,53,53,5673,0,0,0,0,0
2020-07-29,US,Minnesota,Lyon,412,3,0,44.41327865,-95.83806103,27083.0,1617.3353222893936,0.7281553398058253,409,410,3,0,407,409,25629,2,0,0,2,1
2020-07-29,US,Minnesota,Mahnomen,20,1,0,47.32557075,-95.80921485,27087.0,361.85996019540437,5.0,19,20,1,0,19,18,5519,0,0,0,0,2
2020-07-29,US,Minnesota,Marshall,26,0,0,48.35825983,-96.37017407,27089.0,278.49185946872325,0.0,26,26,0,0,26,25,9390,0,0,0,0,1
2020-07-29,US,Minnesota,Martin,199,5,0,43.67429718,-94.55099908,27091.0,1011.024742163288,2.512562814070352,194,196,5,0,191,193,19785,3,0,0,3,3
2020-07-29,US,Minnesota,McLeod,119,0,0,44.82367677,-94.27287017,27085.0,331.5409689911682,0.0,119,118,0,0,118,116,35873,1,0,0,1,2
2020-07-29,US,Minnesota,Meeker,82,2,0,45.12328869,-94.52839455,27093.0,353.1134269227456,2.4390243902439024,80,81,2,0,79,81,23141,1,0,0,1,0
2020-07-29,US,Minnesota,Mille Lacs,52,3,0,45.93705297,-93.63236823,27095.0,197.8916923545306,5.769230769230768,49,50,3,0,47,50,26139,2,0,0,2,0
2020-07-29,US,Minnesota,Morrison,80,1,0,46.01265363,-94.27341528,27097.0,239.62139819085846,1.25,79,79,1,0,78,79,33169,1,0,0,1,0
2020-07-29,US,Minnesota,Mower,1054,2,0,43.67142874,-92.75234549,27099.0,2630.922070790275,0.189753320683112,1052,1054,2,0,1052,1052,40011,0,0,0,0,2
2020-07-29,US,Minnesota,Murray,118,1,0,44.02216709,-95.76328482,27101.0,1440.0781059311691,0.8474576271186439,117,118,1,0,117,118,8276,0,0,0,0,0
2020-07-29,US,Minnesota,Nicollet,281,13,0,44.35291112,-94.24710352,27103.0,819.8634533465599,4.6263345195729535,268,271,13,0,258,270,34220,10,0,0,10,1
2020-07-29,US,Minnesota,Nobles,1734,6,0,43.67434621,-95.75329576,27105.0,8017.01419390633,0.3460207612456747,1728,1728,6,0,1722,1728,21924,6,0,0,6,0
2020-07-29,US,Minnesota,Norman,32,0,0,47.32628443,-96.45620947,27107.0,501.9607843137255,0.0,32,31,0,0,31,29,6475,1,0,0,1,2
2020-07-29,US,Minnesota,Olmsted,1547,21,0,44.00374114,-92.40209944,27109.0,977.3015862988257,1.3574660633484164,1526,1531,21,0,1510,1525,156277,16,0,0,16,6
2020-07-29,US,Minnesota,Otter Tail,159,2,0,46.40846929,-95.70835255,27111.0,270.65672556429377,1.2578616352201255,157,155,2,0,153,149,58812,4,0,0,4,6
2020-07-29,US,Minnesota,Pennington,65,1,0,48.06642577,-96.0370814,27113.0,460.37254763085207,1.5384615384615383,64,65,1,0,64,63,14178,0,0,0,0,2
2020-07-29,US,Minnesota,Pine,122,0,0,46.12105238,-92.74070188,27115.0,412.4547821089286,0.0,122,122,0,0,122,122,29483,0,0,0,0,0
2020-07-29,US,Minnesota,Pipestone,138,8,0,44.02301619,-96.25841142,27117.0,1512.163050624589,5.797101449275362,130,136,8,0,128,136,9047,2,0,0,2,0
2020-07-29,US,Minnesota,Polk,121,3,0,47.77372465,-96.40134647,27119.0,385.7926284912639,2.479338842975207,118,117,3,0,114,115,31529,4,0,0,4,2
2020-07-29,US,Minnesota,Pope,35,0,0,45.58606667,-95.44451209,27121.0,311.1387678904792,0.0,35,35,0,0,35,35,11097,0,0,0,0,0
2020-07-29,US,Minnesota,Ramsey,6503,257,0,45.01625271,-93.09872295,27123.0,1181.6739684656773,3.9520221436260186,6246,6416,254,0,6162,6347,550210,87,3,0,84,69
2020-07-29,US,Minnesota,Red Lake,10,0,0,47.87197525,-96.09561104,27125.0,246.60912453760795,0.0,10,9,0,0,9,10,3999,1,0,0,1,-1
2020-07-29,US,Minnesota,Redwood,30,0,0,44.40555844,-95.25207021,27127.0,197.7587343441002,0.0,30,30,0,0,30,30,15249,0,0,0,0,0
2020-07-29,US,Minnesota,Renville,53,4,0,44.72836381,-94.94553734,27129.0,364.3112455320319,7.547169811320754,49,53,4,0,49,53,14612,0,0,0,0,0
2020-07-29,US,Minnesota,Rice,961,8,0,44.3543376,-93.29658715,27131.0,1434.9280296243203,0.8324661810613944,953,956,8,0,948,953,66523,5,0,0,5,3
2020-07-29,US,Minnesota,Rock,64,0,0,43.67482683,-96.25296832,27133.0,687.0638754696728,0.0,64,62,0,0,62,62,9414,2,0,0,2,0
2020-07-29,US,Minnesota,Roseau,41,0,0,48.77501878,-95.81079919,27135.0,270.359380151665,0.0,41,41,0,0,41,41,15150,0,0,0,0,0
2020-07-29,US,Minnesota,Scott,1249,11,0,44.6490231,-93.53340251,27139.0,838.1819035923039,0.8807045636509208,1238,1217,11,0,1206,1198,147381,32,0,0,32,19
2020-07-29,US,Minnesota,Sherburne,595,6,0,45.44447208,-93.77617511,27141.0,611.9006972582736,1.0084033613445378,589,587,5,0,582,571,96036,8,1,0,7,16
2020-07-29,US,Minnesota,Sibley,76,2,0,44.5796592,-94.23164924,27143.0,511.26807938109647,2.631578947368421,74,74,2,0,72,74,15028,2,0,0,2,0
2020-07-29,US,Minnesota,St. Louis,348,18,0,47.6048407,-92.46879855,27137.0,174.81287989149544,5.172413793103448,330,332,18,0,314,331,199754,16,0,0,16,1
2020-07-29,US,Minnesota,Stearns,2758,20,0,45.55192576,-94.61078221,27145.0,1712.2458482073569,0.7251631617113851,2738,2742,19,0,2723,2734,159256,16,1,0,15,8
2020-07-29,US,Minnesota,Steele,315,1,0,44.02240351,-93.22627088,27147.0,859.505034243772,0.31746031746031744,314,315,1,0,314,311,36803,0,0,0,0,4
2020-07-29,US,Minnesota,Stevens,15,0,0,45.58613007,-96.00163705,27149.0,152.98317185109642,0.0,15,15,0,0,15,15,9753,0,0,0,0,0
2020-07-29,US,Minnesota,Swift,51,1,0,45.2829032,-95.68264092,27151.0,550.3993093028275,1.96078431372549,50,51,1,0,50,50,9345,0,0,0,0,1
2020-07-29,US,Minnesota,Todd,412,2,0,46.06996226,-94.89785296,27153.0,1670.4508595523841,0.4854368932038835,410,410,2,0,408,411,24582,2,0,0,2,-1
2020-07-29,US,Minnesota,Traverse,9,0,0,45.77298854,-96.47062949,27155.0,276.15833077631174,0.0,9,9,0,0,9,9,3308,0,0,0,0,0
2020-07-29,US,Minnesota,Unassigned,114,40,0,0.0,0.0,90027.0,0.0,35.087719298245624,74,186,40,0,146,180,,-72,0,0,-72,6
2020-07-29,US,Minnesota,Wabasha,74,0,0,44.28424356,-92.23121312,27157.0,342.164886484487,0.0,74,70,0,0,70,66,21645,4,0,0,4,4
2020-07-29,US,Minnesota,Wadena,23,0,0,46.58589171,-94.96968506,27159.0,168.10407835111826,0.0,23,20,0,0,20,20,13773,3,0,0,3,0
2020-07-29,US,Minnesota,Waseca,119,0,0,44.02211116,-93.58720034,27161.0,639.3724478830861,0.0,119,117,0,0,117,115,18691,2,0,0,2,2
2020-07-29,US,Minnesota,Washington,1760,43,0,45.03864533,-92.88429635,27163.0,670.6294772138392,2.4431818181818183,1717,1723,42,0,1681,1700,259201,37,1,0,36,23
2020-07-29,US,Minnesota,Watonwan,297,0,0,43.97823903,-94.61413846,27165.0,2725.520785537304,0.0,297,293,0,0,293,292,10980,4,0,0,4,1
2020-07-29,US,Minnesota,Wilkin,25,3,0,46.35721532,-96.4684375,27167.0,402.7710649266957,12.0,22,24,3,0,21,24,6254,1,0,0,1,0
2020-07-29,US,Minnesota,Winona,231,16,0,43.98772283,-91.78081305,27169.0,457.5707154742096,6.926406926406926,215,228,16,0,212,221,50825,3,0,0,3,7
2020-07-29,US,Minnesota,Wright,744,5,0,45.17297924,-93.96234781,27171.0,537.6616056136496,0.6720430107526881,739,734,5,0,729,722,136349,10,0,0,10,12
2020-07-29,US,Minnesota,Yellow Medicine,46,0,0,44.71710183,-95.86842453,27173.0,473.78720774539084,0.0,46,43,0,0,43,42,9795,3,0,0,3,1
2020-07-29,US,Mississippi,Adams,539,23,0,31.47669768,-91.35326037,28001.0,1756.100739582315,4.267161410018553,516,531,23,0,508,518,31192,8,0,0,8,13
2020-07-29,US,Mississippi,Alcorn,312,3,0,34.88084463,-88.57996173,28003.0,844.3157524422916,0.9615384615384616,309,305,3,0,302,278,36925,7,0,0,7,27
2020-07-29,US,Mississippi,Amite,188,4,0,31.17467303,-90.80501621,28005.0,1528.828169472229,2.127659574468085,184,181,4,0,177,179,12326,7,0,0,7,2
2020-07-29,US,Mississippi,Attala,475,23,0,33.08658803,-89.57838564,28007.0,2613.6238582590513,4.842105263157895,452,467,23,0,444,459,18365,8,0,0,8,8
2020-07-29,US,Mississippi,Benton,107,0,0,34.81681228,-89.18945516,28009.0,1295.5563627557815,0.0,107,102,0,0,102,91,8271,5,0,0,5,11
2020-07-29,US,Mississippi,Bolivar,860,26,0,33.79696941,-90.87372121,28011.0,2807.888206869531,3.0232558139534884,834,812,25,0,787,766,31333,48,1,0,47,46
2020-07-29,US,Mississippi,Calhoun,355,8,0,33.93683395,-89.33686647,28013.0,2471.972703850707,2.2535211267605635,347,345,8,0,337,342,14436,10,0,0,10,3
2020-07-29,US,Mississippi,Carroll,236,11,0,33.44834567,-89.91994479,28015.0,2372.5746456217953,4.6610169491525415,225,233,11,0,222,232,9911,3,0,0,3,1
2020-07-29,US,Mississippi,Chickasaw,398,19,0,33.91983202,-88.9481545,28017.0,2327.077120972929,4.773869346733668,379,396,19,0,377,391,17171,2,0,0,2,5
2020-07-29,US,Mississippi,Choctaw,117,4,0,33.34598242,-89.24809382,28019.0,1425.0913520097442,3.418803418803418,113,111,4,0,107,106,8278,6,0,0,6,5
2020-07-29,US,Mississippi,Claiborne,387,12,0,31.97061673,-90.90702196,28021.0,4305.740987983979,3.1007751937984502,375,385,12,0,373,385,9002,2,0,0,2,0
2020-07-29,US,Mississippi,Clarke,284,25,0,32.04158545,-88.68896219999998,28023.0,1827.42423267486,8.80281690140845,259,282,25,0,257,278,15604,2,0,0,2,4
2020-07-29,US,Mississippi,Clay,355,13,0,33.65358105,-88.77784255,28025.0,1837.8546282874304,3.661971830985916,342,350,13,0,337,345,19386,5,0,0,5,5
2020-07-29,US,Mississippi,Coahoma,593,7,0,34.22772299,-90.60415045,28027.0,2680.347134333755,1.1804384485666104,586,567,7,0,560,547,22628,26,0,0,26,20
2020-07-29,US,Mississippi,Copiah,862,22,0,31.86977774,-90.44565118,28029.0,3071.441296989133,2.5522041763341066,840,852,21,0,831,835,28543,10,1,0,9,17
2020-07-29,US,Mississippi,Covington,558,9,0,31.63225413,-89.55389939,28031.0,2994.204764971025,1.6129032258064515,549,549,8,0,541,540,18853,9,1,0,8,9
2020-07-29,US,Mississippi,DeSoto,2970,25,0,34.87625235,-89.99091418,28033.0,1605.8828300305497,0.8417508417508418,2945,2668,21,0,2647,2668,182001,302,4,0,298,0
2020-07-29,US,Mississippi,Forrest,1491,48,0,31.18961454,-89.25832496,28035.0,1990.733941279357,3.2193158953722336,1443,1464,48,0,1416,1428,75036,27,0,0,27,36
2020-07-29,US,Mississippi,Franklin,95,2,0,31.47786634,-90.89672989,28037.0,1231.686762608583,2.1052631578947367,93,94,2,0,92,88,7788,1,0,0,1,6
2020-07-29,US,Mississippi,George,378,5,0,30.86259065,-88.64436789,28039.0,1542.857142857143,1.3227513227513228,373,256,5,0,251,247,24250,122,0,0,122,9
2020-07-29,US,Mississippi,Greene,211,10,0,31.21444233,-88.63922281,28041.0,1553.0693360812604,4.739336492890995,201,205,10,0,195,200,13586,6,0,0,6,5
2020-07-29,US,Mississippi,Grenada,781,19,0,33.77036166,-89.80245083,28043.0,3762.404855959148,2.4327784891165174,762,775,19,0,756,770,21055,6,0,0,6,5
2020-07-29,US,Mississippi,Hancock,298,14,0,30.41830223,-89.48851033,28045.0,625.6298286865972,4.697986577181208,284,291,14,0,277,277,47334,7,0,0,7,14
2020-07-29,US,Mississippi,Harrison,1944,27,0,30.51359752,-89.12467576,28047.0,934.2560553633217,1.3888888888888888,1917,1868,27,0,1841,1824,206650,76,0,0,76,44
2020-07-29,US,Mississippi,Hinds,4838,94,0,32.2656285,-90.44435448,28049.0,2086.783988957902,1.94295163290616,4744,4737,93,0,4644,4624,237085,101,1,0,100,113
2020-07-29,US,Mississippi,Holmes,799,45,0,33.12345854,-90.08923538,28051.0,4697.236919459142,5.632040050062578,754,791,45,0,746,772,17622,8,0,0,8,19
2020-07-29,US,Mississippi,Humphreys,255,10,0,33.12825718,-90.52252707,28053.0,3162.202380952381,3.92156862745098,245,253,10,0,243,248,8257,2,0,0,2,5
2020-07-29,US,Mississippi,Issaquena,19,1,0,32.72531359,-90.97392828,28055.0,1431.8010550113038,5.2631578947368425,18,19,1,0,18,18,1308,0,0,0,0,1
2020-07-29,US,Mississippi,Itawamba,275,9,0,34.27993475,-88.3606733,28057.0,1175.7161179991451,3.272727272727273,266,273,9,0,264,257,23517,2,0,0,2,16
2020-07-29,US,Mississippi,Jackson,1772,30,0,30.54020656,-88.64184064,28059.0,1233.8372198277366,1.693002257336343,1742,1638,29,0,1609,1596,143277,134,1,0,133,42
2020-07-29,US,Mississippi,Jasper,356,7,0,32.01922104,-89.11786866,28061.0,2172.984190929622,1.9662921348314608,349,348,7,0,341,341,16428,8,0,0,8,7
2020-07-29,US,Mississippi,Jefferson,178,5,0,31.73397872,-91.03764977,28063.0,2546.494992846924,2.808988764044944,173,171,5,0,166,166,7106,7,0,0,7,5
2020-07-29,US,Mississippi,Jefferson Davis,187,5,0,31.56884708,-89.82670990000004,28065.0,1680.4457225017973,2.6737967914438503,182,182,5,0,177,177,11234,5,0,0,5,5
2020-07-29,US,Mississippi,Jones,1635,56,0,31.62257767,-89.16896899999998,28067.0,2400.95156979647,3.4250764525993884,1579,1621,56,0,1565,1591,68461,14,0,0,14,30
2020-07-29,US,Mississippi,Kemper,218,15,0,32.75462946,-88.64105766,28069.0,2237.733524943543,6.8807339449541285,203,214,15,0,199,209,10027,4,0,0,4,5
2020-07-29,US,Mississippi,Lafayette,787,5,0,34.35687874,-89.48490961,28071.0,1456.8947962753846,0.6353240152477764,782,758,4,0,754,739,54793,29,1,0,28,19
2020-07-29,US,Mississippi,Lamar,1011,11,0,31.20572971,-89.5077704,28073.0,1596.0721784569723,1.0880316518298714,1000,991,11,0,980,972,62447,20,0,0,20,19
2020-07-29,US,Mississippi,Lauderdale,1259,86,0,32.40419769,-88.66229662,28075.0,1698.4822934232716,6.830818109610803,1173,1254,85,0,1169,1222,75317,5,1,0,4,32
2020-07-29,US,Mississippi,Lawrence,284,3,0,31.55147224,-90.10841127,28077.0,2256.475448911489,1.056338028169014,281,276,3,0,273,273,12455,8,0,0,8,3
2020-07-29,US,Mississippi,Leake,738,25,0,32.7536828,-89.52402044,28079.0,3238.830861055035,3.3875338753387534,713,734,24,0,710,725,22763,4,1,0,3,9
2020-07-29,US,Mississippi,Lee,1069,28,0,34.291877500000005,-88.68149954,28081.0,1251.2289901212605,2.6192703461178666,1041,1050,28,0,1022,1020,85202,19,0,0,19,30
2020-07-29,US,Mississippi,Leflore,785,57,0,33.55545125,-90.29900733,28083.0,2785.367065252103,7.261146496815287,728,767,57,0,710,736,28919,18,0,0,18,31
2020-07-29,US,Mississippi,Lincoln,698,38,0,31.53288662,-90.45391915,28085.0,2043.7443269990922,5.444126074498566,660,688,38,0,650,681,34205,10,0,0,10,7
2020-07-29,US,Mississippi,Lowndes,885,24,0,33.47386518,-88.44191529999998,28087.0,1510.3677788207183,2.7118644067796613,861,833,23,0,810,816,58930,52,1,0,51,17
2020-07-29,US,Mississippi,Madison,2167,50,0,32.63389156,-90.03513564,28089.0,2039.107196627522,2.3073373327180438,2117,2139,50,0,2089,2096,105630,28,0,0,28,43
2020-07-29,US,Mississippi,Marion,550,16,0,31.23132643,-89.8209217,28091.0,2238.2289504740975,2.9090909090909087,534,532,16,0,516,516,24715,18,0,0,18,16
2020-07-29,US,Mississippi,Marshall,500,5,0,34.76216286,-89.50299462,28093.0,1416.6713889046298,1.0,495,482,5,0,477,456,35451,18,0,0,18,26
2020-07-29,US,Mississippi,Monroe,620,49,0,33.89236763,-88.4808438,28095.0,1758.7654601157376,7.903225806451613,571,613,49,0,564,599,35564,7,0,0,7,14
2020-07-29,US,Mississippi,Montgomery,258,3,0,33.49419589,-89.61729103,28097.0,2639.3861892583122,1.162790697674419,255,252,3,0,249,250,10023,6,0,0,6,2
2020-07-29,US,Mississippi,Neshoba,1165,83,0,32.75339664,-89.11726492,28099.0,4000.9616045058037,7.124463519313305,1082,1158,83,0,1075,1149,29125,7,0,0,7,9
2020-07-29,US,Mississippi,Newton,498,10,0,32.40021118,-89.11843336,28101.0,2369.397659149301,2.0080321285140563,488,490,10,0,480,475,21443,8,0,0,8,15
2020-07-29,US,Mississippi,Noxubee,389,10,0,33.11009499,-88.56949061,28103.0,3734.2805030239033,2.570694087403599,379,374,10,0,364,370,10535,15,0,0,15,4
2020-07-29,US,Mississippi,Oktibbeha,1011,31,0,33.42491685,-88.87905132,28105.0,2038.8408252162867,3.066271018793274,980,995,31,0,964,981,49599,16,0,0,16,14
2020-07-29,US,Mississippi,Panola,826,10,0,34.36398677,-89.95064249,28107.0,2415.7697707065977,1.2106537530266344,816,768,10,0,758,747,34178,58,0,0,58,21
2020-07-29,US,Mississippi,Pearl River,452,35,0,30.77090935,-89.58677275,28109.0,813.9011434230665,7.743362831858407,417,444,35,0,409,431,55387,8,0,0,8,13
2020-07-29,US,Mississippi,Perry,196,7,0,31.17161885,-88.99281835,28111.0,1637.0166207299758,3.571428571428572,189,189,7,0,182,179,11931,7,0,0,7,10
2020-07-29,US,Mississippi,Pike,781,30,0,31.17507789,-90.40392572,28113.0,1987.8843412746894,3.841229193341869,751,751,29,0,722,730,39563,30,1,0,29,21
2020-07-29,US,Mississippi,Pontotoc,649,6,0,34.226046000000004,-89.03636807,28115.0,2017.1567103872687,0.9244992295839752,643,638,6,0,632,617,31833,11,0,0,11,21
2020-07-29,US,Mississippi,Prentiss,282,6,0,34.61810501,-88.51986294,28117.0,1122.343389317838,2.127659574468085,276,267,6,0,261,255,25315,15,0,0,15,12
2020-07-29,US,Mississippi,Quitman,195,1,0,34.25157572,-90.28908,28119.0,2871.024734982332,0.5128205128205128,194,183,1,0,182,172,7051,12,0,0,12,11
2020-07-29,US,Mississippi,Rankin,1988,27,0,32.26469147,-89.94537876,28121.0,1280.3421115340275,1.3581488933601609,1961,1920,25,0,1895,1856,153902,68,2,0,66,64
2020-07-29,US,Mississippi,Scott,941,17,0,32.406704100000006,-89.53789439,28123.0,3345.8967429953063,1.8065887353878851,924,936,17,0,919,932,28287,5,0,0,5,4
2020-07-29,US,Mississippi,Sharkey,122,1,0,32.88149103,-90.81595379999999,28125.0,2823.420504512844,0.819672131147541,121,117,1,0,116,103,4377,5,0,0,5,14
2020-07-29,US,Mississippi,Simpson,665,17,0,31.91282117,-89.91716179,28127.0,2494.560732237977,2.556390977443609,648,642,15,0,627,626,26758,23,2,0,21,16
2020-07-29,US,Mississippi,Smith,361,12,0,32.01744532,-89.50644846,28129.0,2268.157828600151,3.324099722991689,349,355,12,0,343,350,16002,6,0,0,6,5
2020-07-29,US,Mississippi,Stone,134,3,0,30.79187949,-89.11547539,28131.0,730.802792321117,2.238805970149253,131,132,3,0,129,129,18717,2,0,0,2,3
2020-07-29,US,Mississippi,Sunflower,854,17,0,33.60192578,-90.58882684,28133.0,3401.035444046196,1.990632318501171,837,824,14,0,810,797,25735,30,3,0,27,27
2020-07-29,US,Mississippi,Tallahatchie,371,9,0,33.95339918,-90.1729398,28135.0,2686.653631689478,2.4258760107816717,362,363,9,0,354,349,13987,8,0,0,8,14
2020-07-29,US,Mississippi,Tate,587,19,0,34.65133709,-89.94485778,28137.0,2072.666925602909,3.2367972742759794,568,576,19,0,557,565,28759,11,0,0,11,11
2020-07-29,US,Mississippi,Tippah,264,11,0,34.76872156,-88.90988194,28139.0,1199.182375652964,4.166666666666667,253,255,11,0,244,240,21995,9,0,0,9,15
2020-07-29,US,Mississippi,Tishomingo,246,3,0,34.74023475,-88.23917219,28141.0,1269.153381829438,1.2195121951219512,243,240,3,0,237,230,19454,6,0,0,6,10
2020-07-29,US,Mississippi,Tunica,209,4,0,34.64967704,-90.37481167,28143.0,2169.8504983388707,1.9138755980861244,205,196,4,0,192,184,9944,13,0,0,13,12
2020-07-29,US,Mississippi,Union,452,13,0,34.49162015,-89.00776006,28145.0,1568.6274509803925,2.8761061946902653,439,439,13,0,426,410,28606,13,0,0,13,29
2020-07-29,US,Mississippi,Walthall,416,16,0,31.14971548,-90.10446654,28147.0,2911.9417611647773,3.8461538461538463,400,404,15,0,389,397,14465,12,1,0,11,7
2020-07-29,US,Mississippi,Warren,897,24,0,32.35810271,-90.83352619,28149.0,1976.5981357836981,2.6755852842809364,873,886,24,0,862,856,46176,11,0,0,11,30
2020-07-29,US,Mississippi,Washington,1322,26,0,33.28392041,-90.94196237,28151.0,3010.7722790316334,1.966717095310136,1296,1296,25,0,1271,1283,45063,26,1,0,25,13
2020-07-29,US,Mississippi,Wayne,708,21,0,31.64135687,-88.69573913,28153.0,3507.9026903829954,2.9661016949152543,687,702,21,0,681,693,20298,6,0,0,6,9
2020-07-29,US,Mississippi,Webster,175,11,0,33.61300486,-89.28392912,28155.0,1806.1719475694085,6.2857142857142865,164,174,11,0,163,171,9788,1,0,0,1,3
2020-07-29,US,Mississippi,Wilkinson,160,12,0,31.16078225,-91.31018819,28157.0,1853.9976825028966,7.5,148,158,12,0,146,154,8792,2,0,0,2,4
2020-07-29,US,Mississippi,Winston,527,14,0,33.08747908,-89.03391385,28159.0,2935.115566694514,2.6565464895635675,513,505,14,0,491,483,18165,22,0,0,22,22
2020-07-29,US,Mississippi,Yalobusha,298,10,0,34.02824175,-89.70762049999998,28161.0,2461.182689131153,3.355704697986577,288,286,10,0,276,279,12392,12,0,0,12,7
2020-07-29,US,Mississippi,Yazoo,726,11,0,32.77890365,-90.39656148,28163.0,2445.2677669248906,1.5151515151515151,715,717,11,0,706,694,28248,9,0,0,9,23
2020-07-29,US,Missouri,Adair,128,0,0,40.19058551,-92.60078167,29001.0,505.0704336503176,0.0,128,123,0,0,123,121,25339,5,0,0,5,2
2020-07-29,US,Missouri,Andrew,80,1,0,39.98492163,-94.80163024,29003.0,451.67118337850053,1.25,79,78,1,0,77,75,17607,2,0,0,2,3
2020-07-29,US,Missouri,Atchison,11,0,0,40.43238737,-95.42970639,29005.0,213.88294769589734,0.0,11,11,0,0,11,13,5171,0,0,0,0,-2
2020-07-29,US,Missouri,Audrain,187,1,0,39.215877,-91.84242683,29007.0,736.5684575389947,0.5347593582887701,186,180,1,0,179,180,25473,7,0,0,7,0
2020-07-29,US,Missouri,Barry,213,0,0,36.70978521,-93.82919888,29009.0,595.1549358741512,0.0,213,207,0,0,207,194,35886,6,0,0,6,13
2020-07-29,US,Missouri,Barton,62,0,0,37.50207671,-94.34757022,29011.0,527.4800068061936,0.0,62,62,0,0,62,55,11798,0,0,0,0,7
2020-07-29,US,Missouri,Bates,32,1,0,38.25271289,-94.34113157,29013.0,197.87286668315608,3.125,31,32,1,0,31,32,16320,0,0,0,0,0
2020-07-29,US,Missouri,Benton,63,1,0,38.29503305,-93.28756116,29015.0,324.0240703595124,1.5873015873015872,62,61,1,0,60,57,19278,2,0,0,2,4
2020-07-29,US,Missouri,Bollinger,53,0,0,37.32449052,-90.02725304,29017.0,436.82518750515123,0.0,53,53,0,0,53,50,12169,0,0,0,0,3
2020-07-29,US,Missouri,Boone,1069,3,0,38.99186229,-92.30723575,29019.0,592.3651939732797,0.2806361085126286,1066,1023,3,0,1020,956,180005,46,0,0,46,67
2020-07-29,US,Missouri,Buchanan,1039,10,0,39.65816401,-94.80138942,29021.0,1189.2770477542238,0.9624639076034648,1029,1028,10,0,1018,1018,88571,11,0,0,11,10
2020-07-29,US,Missouri,Butler,215,2,0,36.71462476,-90.40421163,29023.0,506.1443570789586,0.9302325581395348,213,210,2,0,208,201,42639,5,0,0,5,9
2020-07-29,US,Missouri,Caldwell,29,1,0,39.65620858,-93.98308093,29025.0,321.5077605321508,3.4482758620689653,28,29,1,0,28,28,9108,0,0,0,0,1
2020-07-29,US,Missouri,Callaway,102,1,0,38.83674754,-91.92186505,29027.0,227.96862078984418,0.9803921568627452,101,100,1,0,99,95,44889,2,0,0,2,5
2020-07-29,US,Missouri,Camden,262,3,0,38.02199522,-92.76083747,29029.0,565.8136270381168,1.1450381679389312,259,241,3,0,238,216,45815,21,0,0,21,25
2020-07-29,US,Missouri,Cape Girardeau,565,3,0,37.38489388,-89.6843587,29031.0,716.3596252107872,0.5309734513274337,562,560,3,0,557,540,78753,5,0,0,5,20
2020-07-29,US,Missouri,Carroll,84,0,0,39.42762566,-93.50626255,29033.0,967.8534393363292,0.0,84,79,0,0,79,74,8743,5,0,0,5,5
2020-07-29,US,Missouri,Carter,10,1,0,36.94160441,-90.96051322,29035.0,167.16817118020728,10.0,9,10,1,0,9,10,6054,0,0,0,0,0
2020-07-29,US,Missouri,Cass,559,8,0,38.64789422,-94.353399,29037.0,528.4552845528456,1.4311270125223614,551,517,8,0,509,472,104954,42,0,0,42,45
2020-07-29,US,Missouri,Cedar,32,0,0,37.72391475,-93.85445441,29039.0,223.0120565893094,0.0,32,32,0,0,32,31,14165,0,0,0,0,1
2020-07-29,US,Missouri,Chariton,14,0,0,39.51499357,-92.9629191,29041.0,188.52679773767846,0.0,14,14,0,0,14,14,7451,0,0,0,0,0
2020-07-29,US,Missouri,Christian,230,1,0,36.9711783,-93.18537118,29043.0,259.6083300411987,0.43478260869565216,229,210,1,0,209,188,86983,20,0,0,20,22
2020-07-29,US,Missouri,Clark,3,0,0,40.41040752,-91.73661677,29045.0,44.137119317345885,0.0,3,2,0,0,2,2,6842,1,0,0,1,0
2020-07-29,US,Missouri,Clay,826,19,0,39.31132056,-94.41850862,29047.0,330.46873749739945,2.3002421307506054,807,784,19,0,765,744,246365,42,0,0,42,40
2020-07-29,US,Missouri,Clinton,57,0,0,39.6013098,-94.40465394,29049.0,279.5899347623485,0.0,57,57,0,0,57,53,20470,0,0,0,0,4
2020-07-29,US,Missouri,Cole,250,2,0,38.50455671,-92.27860244,29051.0,325.754120789628,0.8,248,248,2,0,246,229,76796,2,0,0,2,19
2020-07-29,US,Missouri,Cooper,73,0,0,38.844478,-92.80896081,29053.0,412.2197752555198,0.0,73,65,0,0,65,57,17603,8,0,0,8,8
2020-07-29,US,Missouri,Crawford,36,0,0,37.97663738,-91.30528104,29055.0,150.50167224080266,0.0,36,33,0,0,33,35,23957,3,0,0,3,-2
2020-07-29,US,Missouri,Dade,14,0,0,37.431814,-93.8503345,29057.0,185.16069303002246,0.0,14,11,0,0,11,10,7569,3,0,0,3,1
2020-07-29,US,Missouri,Dallas,44,1,0,37.681135499999996,-93.02127031,29059.0,260.694395070506,2.272727272727273,43,43,1,0,42,40,16762,1,0,0,1,3
2020-07-29,US,Missouri,Daviess,18,0,0,39.96145298,-93.98519678,29061.0,217.4438270113554,0.0,18,17,0,0,17,18,8313,1,0,0,1,-1
2020-07-29,US,Missouri,DeKalb,29,1,0,39.89201062,-94.40476508,29063.0,231.1309476368853,3.4482758620689653,28,29,1,0,28,28,12630,0,0,0,0,1
2020-07-29,US,Missouri,Dent,9,0,0,37.60663134,-91.50790473,29065.0,57.792332883837396,0.0,9,9,0,0,9,9,15441,0,0,0,0,0
2020-07-29,US,Missouri,Douglas,56,2,0,36.9325593,-92.49905109,29067.0,424.7250663632916,3.571428571428572,54,53,2,0,51,47,13373,3,0,0,3,6
2020-07-29,US,Missouri,Dunklin,228,3,0,36.27167174,-90.09122243,29069.0,782.6713810030552,1.3157894736842106,225,218,3,0,215,205,29423,10,0,0,10,13
2020-07-29,US,Missouri,Franklin,484,18,0,38.41127108,-91.07522826,29071.0,465.53233237469584,3.71900826446281,466,469,18,0,451,451,103670,15,0,0,15,18
2020-07-29,US,Missouri,Gasconade,14,0,0,38.43947277,-91.50847147,29073.0,95.19923840609276,0.0,14,14,0,0,14,13,14705,0,0,0,0,1
2020-07-29,US,Missouri,Gentry,81,9,0,40.21097916,-94.40944419,29075.0,1232.68908841881,11.111111111111109,72,80,9,0,71,76,6628,1,0,0,1,4
2020-07-29,US,Missouri,Greene,1030,10,0,37.2575872,-93.34230916,29077.0,351.4326852869124,0.9708737864077671,1020,972,10,0,962,914,291923,58,0,0,58,58
2020-07-29,US,Missouri,Grundy,24,1,0,40.11406587,-93.56509276,29079.0,243.65482233502541,4.166666666666667,23,24,1,0,23,24,9914,0,0,0,0,0
2020-07-29,US,Missouri,Harrison,53,1,0,40.35570088,-93.99222144,29081.0,634.5785440613026,1.8867924528301887,52,44,1,0,43,44,8414,9,0,0,9,0
2020-07-29,US,Missouri,Henry,62,3,0,38.38482826,-93.79293734,29083.0,284.09090909090907,4.838709677419356,59,58,3,0,55,54,21792,4,0,0,4,4
2020-07-29,US,Missouri,Hickory,15,0,0,37.94163617,-93.3203037,29085.0,157.16680637049456,0.0,15,14,0,0,14,8,9509,1,0,0,1,6
2020-07-29,US,Missouri,Holt,5,0,0,40.09799248,-95.21638879999999,29087.0,113.55893708834887,0.0,5,5,0,0,5,2,4404,0,0,0,0,3
2020-07-29,US,Missouri,Howard,40,0,0,39.1435761,-92.69756691,29089.0,399.9600039996,0.0,40,40,0,0,40,39,10137,0,0,0,0,1
2020-07-29,US,Missouri,Howell,121,0,0,36.77383887,-91.88683935,29091.0,301.6177680285166,0.0,121,112,0,0,112,108,40076,9,0,0,9,4
2020-07-29,US,Missouri,Iron,10,0,0,37.55487945,-90.7735296,29093.0,98.76543209876543,0.0,10,9,0,0,9,9,10177,1,0,0,1,0
2020-07-29,US,Missouri,Jackson,2957,55,0,39.01002188,-94.34724536,29095.0,420.6193075215039,1.8599932363882312,2902,2795,55,0,2740,2591,700307,162,0,0,162,204
2020-07-29,US,Missouri,Jasper,1592,23,0,37.20351921,-94.34050458,29097.0,1312.1455888170908,1.4447236180904524,1569,1572,23,0,1549,1531,120636,20,0,0,20,41
2020-07-29,US,Missouri,Jefferson,1133,24,0,38.25926778,-90.53870896,29099.0,503.3743407928701,2.118270079435128,1109,1065,24,0,1041,1021,224347,68,0,0,68,44
2020-07-29,US,Missouri,Johnson,437,1,0,38.74719601,-93.80691168,29101.0,808.3311753172284,0.2288329519450801,436,427,1,0,426,417,53652,10,0,0,10,10
2020-07-29,US,Missouri,Kansas City,5428,49,0,39.0997,-94.5786,0.0,1110.1498538684468,0.9027266028002948,5379,5263,46,0,5217,4949,491918,165,3,0,162,314
2020-07-29,US,Missouri,Knox,6,0,0,40.12699751,-92.14780832,29103.0,151.55342258145996,0.0,6,5,0,0,5,5,3947,1,0,0,1,0
2020-07-29,US,Missouri,Laclede,184,1,0,37.65896829,-92.5888493,29105.0,515.0743218654649,0.5434782608695652,183,177,1,0,176,173,35713,7,0,0,7,4
2020-07-29,US,Missouri,Lafayette,137,2,0,39.06986886,-93.78076396,29107.0,418.8577717989483,1.45985401459854,135,135,2,0,133,131,32598,2,0,0,2,4
2020-07-29,US,Missouri,Lawrence,159,2,0,37.10626634,-93.83293097,29109.0,414.54829878764167,1.2578616352201255,157,152,2,0,150,142,38359,7,0,0,7,10
2020-07-29,US,Missouri,Lewis,28,1,0,40.09673161,-91.72070156,29111.0,286.4157119476268,3.571428571428572,27,27,1,0,26,25,9855,1,0,0,1,2
2020-07-29,US,Missouri,Lincoln,258,1,0,39.05345619,-90.95588181,29113.0,437.1918051954654,0.3875968992248062,257,242,1,0,241,228,57686,16,0,0,16,14
2020-07-29,US,Missouri,Linn,30,1,0,39.87001769,-93.10704106,29115.0,251.6778523489933,3.333333333333333,29,28,1,0,27,28,12037,2,0,0,2,0
2020-07-29,US,Missouri,Livingston,47,0,0,39.78110272,-93.54645978,29117.0,308.66224469692,0.0,47,40,0,0,40,39,15146,7,0,0,7,1
2020-07-29,US,Missouri,Macon,47,0,0,39.83049768,-92.56453089,29121.0,310.908248991202,0.0,47,43,0,0,43,41,15153,4,0,0,4,2
2020-07-29,US,Missouri,Madison,16,0,0,37.47865134,-90.34671429999999,29123.0,132.36267372600926,0.0,16,18,0,0,18,16,12188,-2,0,0,-2,2
2020-07-29,US,Missouri,Maries,10,0,0,38.16193985,-91.92249662,29125.0,114.98217776244681,0.0,10,11,0,0,11,11,8769,-1,0,0,-1,0
2020-07-29,US,Missouri,Marion,111,1,0,39.80601912,-91.62203062,29127.0,389.0641430073608,0.9009009009009008,110,102,1,0,101,92,28592,9,0,0,9,10
2020-07-29,US,Missouri,McDonald,910,7,0,36.62869595,-94.34867205,29119.0,3984.7615711345625,0.7692307692307693,903,896,7,0,889,888,23078,14,0,0,14,8
2020-07-29,US,Missouri,Mercer,8,0,0,40.42212303,-93.56829590000001,29129.0,221.1777716339508,0.0,8,8,0,0,8,8,3641,0,0,0,0,0
2020-07-29,US,Missouri,Miller,81,0,0,38.21450288,-92.42610898,29131.0,316.1715913970101,0.0,81,78,0,0,78,67,25336,3,0,0,3,11
2020-07-29,US,Missouri,Mississippi,128,0,0,36.82516239,-89.29505753,29133.0,971.1684370257966,0.0,128,126,0,0,126,122,13336,2,0,0,2,4
2020-07-29,US,Missouri,Moniteau,102,2,0,38.63571781,-92.57976951,29135.0,632.2836598065958,1.96078431372549,100,96,2,0,94,94,16121,6,0,0,6,2
2020-07-29,US,Missouri,Monroe,12,0,0,39.49593978,-92.00043978,29137.0,138.82461823229985,0.0,12,11,0,0,11,9,8664,1,0,0,1,2
2020-07-29,US,Missouri,Montgomery,31,0,0,38.94022054,-91.47000721,29139.0,268.37503246472164,0.0,31,31,0,0,31,29,11534,0,0,0,0,2
2020-07-29,US,Missouri,Morgan,55,0,0,38.4181765,-92.88791859,29141.0,266.6408105880642,0.0,55,55,0,0,55,46,20358,0,0,0,0,9
2020-07-29,US,Missouri,New Madrid,149,1,0,36.59666326,-89.66070007,29143.0,872.5696884516278,0.6711409395973155,148,142,1,0,141,134,17296,7,0,0,7,8
2020-07-29,US,Missouri,Newton,778,4,0,36.90519407,-94.3394104,29145.0,1335.9434027062298,0.5141388174807198,774,771,4,0,767,753,58266,7,0,0,7,18
2020-07-29,US,Missouri,Nodaway,125,0,0,40.36079813,-94.88133008,29147.0,565.815679884121,0.0,125,109,0,0,109,96,22304,16,0,0,16,13
2020-07-29,US,Missouri,Oregon,12,0,0,36.68710164,-91.4033755,29149.0,113.9709374109602,0.0,12,12,0,0,12,12,10541,0,0,0,0,0
2020-07-29,US,Missouri,Osage,32,0,0,38.46036182,-91.8613635,29151.0,235.03488799118614,0.0,32,32,0,0,32,32,13714,0,0,0,0,0
2020-07-29,US,Missouri,Ozark,5,0,0,36.64916339,-92.44459066,29153.0,54.50185306300414,0.0,5,5,0,0,5,4,9017,0,0,0,0,1
2020-07-29,US,Missouri,Pemiscot,192,6,0,36.2130572,-89.78742322,29155.0,1214.8054413160394,3.125,186,186,6,0,180,181,16272,6,0,0,6,5
2020-07-29,US,Missouri,Perry,191,3,0,37.70660776,-89.82741088,29157.0,998.11872909699,1.5706806282722514,188,192,3,0,189,188,19150,-1,0,0,-1,4
2020-07-29,US,Missouri,Pettis,351,3,0,38.72798918,-93.28471706,29159.0,829.0228867002055,0.8547008547008547,348,322,3,0,319,296,42542,29,0,0,29,26
2020-07-29,US,Missouri,Phelps,66,0,0,37.87736118,-91.79351727,29161.0,148.07170260022883,0.0,66,65,0,0,65,59,44732,1,0,0,1,6
2020-07-29,US,Missouri,Pike,65,1,0,39.34310674,-91.16980779,29163.0,355.1524423560266,1.5384615384615383,64,64,1,0,63,56,18504,1,0,0,1,8
2020-07-29,US,Missouri,Platte,283,7,0,39.38154439,-94.77068479,29165.0,271.0260683024,2.4734982332155475,276,270,6,0,264,260,102985,13,1,0,12,10
2020-07-29,US,Missouri,Polk,184,0,0,37.616229600000004,-93.39828174,29167.0,572.3350648542722,0.0,184,170,0,0,170,153,32201,14,0,0,14,17
2020-07-29,US,Missouri,Pulaski,174,1,0,37.82462075,-92.20783203,29169.0,330.75446233390994,0.5747126436781609,173,174,1,0,173,172,52014,0,0,0,0,2
2020-07-29,US,Missouri,Putnam,6,0,0,40.47942497,-93.02042674,29171.0,127.76831345826237,0.0,6,4,0,0,4,4,4757,2,0,0,2,0
2020-07-29,US,Missouri,Ralls,23,0,0,39.52817427,-91.51838643,29173.0,223.10602386264432,0.0,23,17,0,0,17,17,10212,6,0,0,6,0
2020-07-29,US,Missouri,Randolph,48,1,0,39.44007257,-92.49713740000001,29175.0,193.95506707612736,2.083333333333333,47,47,1,0,46,32,24763,1,0,0,1,15
2020-07-29,US,Missouri,Ray,72,0,0,39.353746799999996,-93.98905745,29177.0,312.79867929446516,0.0,72,67,0,0,67,58,22883,5,0,0,5,9
2020-07-29,US,Missouri,Reynolds,15,0,0,37.36085952,-90.97009925,29179.0,239.2344497607656,0.0,15,14,0,0,14,12,6254,1,0,0,1,2
2020-07-29,US,Missouri,Ripley,38,0,0,36.65460667,-90.85990261,29181.0,285.9723058398555,0.0,38,38,0,0,38,37,13401,0,0,0,0,1
2020-07-29,US,Missouri,Saline,389,6,0,39.13734288,-93.20259964,29195.0,1709.0637493958966,1.5424164524421593,383,378,6,0,372,371,22895,11,0,0,11,7
2020-07-29,US,Missouri,Schuyler,9,0,0,40.46921489,-92.52311943,29197.0,193.13304721030042,0.0,9,9,0,0,9,9,4599,0,0,0,0,0
2020-07-29,US,Missouri,Scotland,12,1,0,40.45214695,-92.14709064,29199.0,244.79804161566707,8.333333333333334,11,11,1,0,10,11,4966,1,0,0,1,0
2020-07-29,US,Missouri,Scott,313,13,0,37.05588075,-89.56474493,29201.0,817.6593521421107,4.15335463258786,300,311,13,0,298,294,38458,2,0,0,2,17
2020-07-29,US,Missouri,Shannon,41,0,0,37.15772072,-91.40190382,29203.0,502.0818025961303,0.0,41,41,0,0,41,41,8189,0,0,0,0,0
2020-07-29,US,Missouri,Shelby,11,0,0,39.79742518,-92.07634971,29205.0,185.49747048903882,0.0,11,11,0,0,11,11,6050,0,0,0,0,0
2020-07-29,US,Missouri,St. Charles,3111,84,0,38.77875681,-90.66662425,29183.0,773.8382476580882,2.700096432015429,3027,2912,84,0,2828,2764,399182,199,0,0,199,148
2020-07-29,US,Missouri,St. Clair,15,0,0,38.03699437,-93.77631447,29185.0,159.6254123656486,0.0,15,15,0,0,15,15,9395,0,0,0,0,0
2020-07-29,US,Missouri,St. Francois,261,2,0,37.81214171,-90.47598685,29187.0,388.3061816558804,0.7662835249042146,259,250,2,0,248,238,66692,11,0,0,11,12
2020-07-29,US,Missouri,St. Louis,12018,646,0,38.63770039999999,-90.4458375,29189.0,1208.8050251205734,5.375270427691794,11372,11595,643,0,10952,11507,996945,423,3,0,420,88
2020-07-29,US,Missouri,St. Louis City,4236,167,0,38.63555736,-90.24349225,29510.0,1409.2941552219738,3.942398489140699,4069,4125,167,0,3958,4042,302838,111,0,0,111,83
2020-07-29,US,Missouri,Ste. Genevieve,43,1,0,37.89090059,-90.1949941,29186.0,240.30401251816247,2.3255813953488373,42,43,1,0,42,40,17888,0,0,0,0,3
2020-07-29,US,Missouri,Stoddard,202,9,0,36.85571651,-89.9444155,29207.0,695.9517657192076,4.455445544554456,193,202,9,0,193,191,29206,0,0,0,0,11
2020-07-29,US,Missouri,Stone,71,1,0,36.75000327,-93.45256475,29209.0,222.20831246870304,1.4084507042253518,70,70,1,0,69,59,31749,1,0,0,1,11
2020-07-29,US,Missouri,Sullivan,130,0,0,40.2099105,-93.11150106,29211.0,2134.997536541304,0.0,130,129,0,0,129,124,6221,1,0,0,1,5
2020-07-29,US,Missouri,Taney,304,3,0,36.65465345,-93.04075153,29213.0,543.5560005721642,0.986842105263158,301,284,3,0,281,267,55852,20,0,0,20,17
2020-07-29,US,Missouri,Texas,25,0,0,37.31728859,-91.96564727,29215.0,98.43294747617922,0.0,25,23,0,0,23,21,25571,2,0,0,2,2
2020-07-29,US,Missouri,Vernon,46,0,0,37.8457799,-94.34127305,29217.0,223.70276710596698,0.0,46,45,0,0,45,46,20528,1,0,0,1,-1
2020-07-29,US,Missouri,Warren,136,0,0,38.76529479,-91.16124662,29219.0,381.4973772055317,0.0,136,128,0,0,128,122,34711,8,0,0,8,6
2020-07-29,US,Missouri,Washington,50,1,0,37.96130078,-90.87948158,29221.0,202.18358269308533,2.0,49,49,1,0,48,46,24943,1,0,0,1,3
2020-07-29,US,Missouri,Wayne,17,0,0,37.11303869,-90.46001416,29223.0,132.05934902509128,0.0,17,15,0,0,15,12,13122,2,0,0,2,3
2020-07-29,US,Missouri,Webster,103,1,0,37.2813734,-92.876329,29225.0,260.1535663770459,0.9708737864077671,102,102,1,0,101,101,39109,1,0,0,1,1
2020-07-29,US,Missouri,Worth,7,0,0,40.47945588,-94.42328751,29227.0,347.73969200198707,0.0,7,5,0,0,5,5,2040,2,0,0,2,0
2020-07-29,US,Missouri,Wright,55,0,0,37.27029221,-92.46914488,29229.0,300.72721307889987,0.0,55,54,0,0,54,54,18378,1,0,0,1,0
2020-07-29,US,Montana,Beaverhead,32,0,0,45.13434354,-112.8984694,30001.0,338.51687295038613,0.0,32,27,0,0,27,26,9404,5,0,0,5,1
2020-07-29,US,Montana,Big Horn,271,5,0,45.42335905,-107.492347,30003.0,2034.687288835498,1.845018450184502,266,226,5,0,221,226,13338,45,0,0,45,0
2020-07-29,US,Montana,Blaine,7,0,0,48.43175214,-108.9582723,30005.0,104.77473432120941,0.0,7,7,0,0,7,7,6807,0,0,0,0,0
2020-07-29,US,Montana,Broadwater,10,0,0,46.33277565,-111.4955813,30007.0,160.333493666827,0.0,10,10,0,0,10,10,6085,0,0,0,0,0
2020-07-29,US,Montana,Carbon,48,0,0,45.22850116,-109.0274047,30009.0,447.5524475524477,0.0,48,47,0,0,47,47,10714,1,0,0,1,0
2020-07-29,US,Montana,Cascade,132,2,0,47.30797024,-111.3467922,30013.0,162.22992404689919,1.5151515151515151,130,125,2,0,123,115,81643,7,0,0,7,10
2020-07-29,US,Montana,Chouteau,3,0,0,47.88084126,-110.4353362,30015.0,53.23868677905946,0.0,3,3,0,0,3,3,5745,0,0,0,0,0
2020-07-29,US,Montana,Custer,52,2,0,46.25319932,-105.57375259999998,30017.0,456.060340291177,3.8461538461538463,50,47,2,0,45,47,11586,5,0,0,5,0
2020-07-29,US,Montana,Daniels,2,0,0,48.78420029,-105.54763429999998,30019.0,118.3431952662722,0.0,2,1,0,0,1,1,1747,1,0,0,1,0
2020-07-29,US,Montana,Dawson,12,0,0,47.26584855,-104.89444170000002,30021.0,139.32427725531173,0.0,12,9,0,0,9,10,8680,3,0,0,3,-1
2020-07-29,US,Montana,Deer Lodge,18,0,0,46.05953325,-113.073353,30023.0,196.93654266958424,0.0,18,14,0,0,14,14,9131,4,0,0,4,0
2020-07-29,US,Montana,Fallon,2,0,0,46.33478338,-104.4183565,30025.0,70.27406886858749,0.0,2,2,0,0,2,2,2920,0,0,0,0,0
2020-07-29,US,Montana,Fergus,5,0,0,47.26331584,-109.2245206,30027.0,45.248868778280546,0.0,5,5,0,0,5,4,11113,0,0,0,0,1
2020-07-29,US,Montana,Flathead,213,2,0,48.29575866,-114.0520569,30029.0,205.19045141899312,0.9389671361502347,211,201,2,0,199,190,102106,12,0,0,12,11
2020-07-29,US,Montana,Gallatin,813,2,0,45.54486106,-111.1692571,30031.0,710.4531869898807,0.24600246002460024,811,802,1,0,801,774,111876,11,1,0,10,28
2020-07-29,US,Montana,Garfield,12,0,0,47.27545948,-107.0002351,30033.0,953.8950715421304,0.0,12,12,0,0,12,12,1268,0,0,0,0,0
2020-07-29,US,Montana,Glacier,52,1,0,48.70513576,-112.9934235,30035.0,378.0993237839017,1.9230769230769231,51,51,1,0,50,51,13747,1,0,0,1,0
2020-07-29,US,Montana,Golden Valley,3,0,0,46.3816474,-109.1768522,30037.0,365.4080389768576,0.0,3,3,0,0,3,3,826,0,0,0,0,0
2020-07-29,US,Montana,Granite,6,0,0,46.40605220000001,-113.4414186,30039.0,177.56732761171943,0.0,6,6,0,0,6,6,3378,0,0,0,0,0
2020-07-29,US,Montana,Hill,43,0,0,48.62879827,-110.1129252,30041.0,260.85901480223254,0.0,43,40,0,0,40,39,16347,3,0,0,3,1
2020-07-29,US,Montana,Jefferson,20,0,0,46.14907081,-112.094396,30043.0,163.65272890925456,0.0,20,19,0,0,19,19,12097,1,0,0,1,0
2020-07-29,US,Montana,Judith Basin,1,0,0,47.04581276,-110.2660688,30045.0,49.82561036372696,0.0,1,1,0,0,1,1,1952,0,0,0,0,0
2020-07-29,US,Montana,Lake,160,1,0,47.64514965,-114.0898013,30047.0,525.313546523081,0.625,159,146,1,0,145,140,30250,14,0,0,14,6
2020-07-29,US,Montana,Lewis and Clark,113,1,0,47.12610041,-112.394698,30049.0,162.74916465030537,0.8849557522123894,112,104,1,0,103,105,68700,9,0,0,9,-1
2020-07-29,US,Montana,Liberty,1,0,0,48.56084317,-111.024307,30051.0,42.78990158322636,0.0,1,1,0,0,1,1,2430,0,0,0,0,0
2020-07-29,US,Montana,Lincoln,60,2,0,48.54265777,-115.4046155,30053.0,300.3003003003003,3.333333333333333,58,56,2,0,54,55,19794,4,0,0,4,1
2020-07-29,US,Montana,Madison,68,1,0,45.30080065,-111.9173017,30057.0,790.6976744186046,1.4705882352941178,67,63,1,0,62,61,8768,5,0,0,5,2
2020-07-29,US,Montana,McCone,1,0,0,47.64469406,-105.79449939999999,30055.0,60.09615384615386,0.0,1,,,,,,1675,,,,,
2020-07-29,US,Montana,Meagher,4,0,0,46.59907074,-110.8898557,30059.0,214.8227712137487,0.0,4,4,0,0,4,4,1866,0,0,0,0,0
2020-07-29,US,Montana,Missoula,224,1,0,47.03728583,-113.92135079999998,30063.0,187.29096989966555,0.44642857142857145,223,206,1,0,205,204,118791,18,0,0,18,2
2020-07-29,US,Montana,Musselshell,2,0,0,46.49684637,-108.39498,30065.0,43.16857327865314,0.0,2,1,0,0,1,1,4651,1,0,0,1,0
2020-07-29,US,Montana,Park,44,0,0,45.48965095,-110.52643940000002,30067.0,264.96447067325056,0.0,44,42,0,0,42,40,16736,2,0,0,2,2
2020-07-29,US,Montana,Pondera,9,0,0,48.22773388,-112.2252703,30073.0,152.25850109964472,0.0,9,9,0,0,9,8,5972,0,0,0,0,1
2020-07-29,US,Montana,Powder River,1,0,0,45.39617714,-105.636738,30075.0,59.453032104637344,0.0,1,1,0,0,1,1,1716,0,0,0,0,0
2020-07-29,US,Montana,Powell,1,0,0,46.85538891,-112.9359164,30077.0,14.513788098693759,0.0,1,,,,,,6968,,,,,
2020-07-29,US,Montana,Ravalli,63,1,0,46.08520862,-114.11891640000002,30081.0,143.81591562799616,1.5873015873015872,62,62,1,0,61,62,43172,1,0,0,1,0
2020-07-29,US,Montana,Richland,45,0,0,47.78668011,-104.5610786,30083.0,416.5509580672036,0.0,45,44,0,0,44,41,10913,1,0,0,1,3
2020-07-29,US,Montana,Roosevelt,14,0,0,48.29607488,-105.0079268,30085.0,127.22646310432569,0.0,14,11,0,0,11,10,11059,3,0,0,3,1
2020-07-29,US,Montana,Rosebud,20,1,0,46.23397237,-106.72928799999998,30087.0,223.78874342620568,5.0,19,20,1,0,19,19,9063,0,0,0,0,1
2020-07-29,US,Montana,Sanders,9,0,0,47.67657534,-115.1329916,30089.0,74.30033847931973,0.0,9,9,0,0,9,7,11844,0,0,0,0,2
2020-07-29,US,Montana,Sheridan,3,0,0,48.72085833,-104.503829,30091.0,90.66183136899366,0.0,3,3,0,0,3,3,3424,0,0,0,0,0
2020-07-29,US,Montana,Silver Bow,47,0,0,45.90018933,-112.6620092,30093.0,134.6126306744952,0.0,47,44,0,0,44,39,34993,3,0,0,3,5
2020-07-29,US,Montana,Stillwater,17,0,0,45.67071407,-109.3950061,30095.0,176.3119684712715,0.0,17,17,0,0,17,16,9534,0,0,0,0,1
2020-07-29,US,Montana,Sweet Grass,4,1,0,45.81367654,-109.9425686,30097.0,107.03773080010704,25.0,3,4,1,0,3,4,3710,0,0,0,0,0
2020-07-29,US,Montana,Teton,15,0,0,47.83741052,-112.2410688,30099.0,244.0214738897023,0.0,15,15,0,0,15,15,6162,0,0,0,0,0
2020-07-29,US,Montana,Toole,31,6,0,48.65577551,-111.6942414,30101.0,654.5608108108107,19.354838709677423,25,31,6,0,25,31,4853,0,0,0,0,0
2020-07-29,US,Montana,Treasure,2,0,0,46.20973220000001,-107.2666516,30103.0,287.3563218390805,0.0,2,2,0,0,2,2,679,0,0,0,0,0
2020-07-29,US,Montana,Valley,8,0,0,48.36435097,-106.6669635,30105.0,108.1665765278529,0.0,8,8,0,0,8,8,7437,0,0,0,0,0
2020-07-29,US,Montana,Wheatland,2,0,0,46.46652491,-109.8464636,30107.0,94.07337723424273,0.0,2,2,0,0,2,2,2236,0,0,0,0,0
2020-07-29,US,Montana,Wibaux,1,0,0,46.95925154,-104.2510927,30109.0,103.19917440660471,0.0,1,1,0,0,1,1,1034,0,0,0,0,0
2020-07-29,US,Montana,Yellowstone,950,25,0,45.93955949,-108.2691486,30111.0,588.9646621202728,2.631578947368421,925,910,23,0,887,893,160137,40,2,0,38,17
2020-07-29,US,Nebraska,Adams,331,11,0,40.52449420000001,-98.50117804,31001.0,1055.3837324235565,3.323262839879154,320,329,11,0,318,328,31511,2,0,0,2,1
2020-07-29,US,Nebraska,Antelope,18,1,0,42.17695516,-98.0666283,31003.0,285.8050174658622,5.5555555555555545,17,18,1,0,17,17,6336,0,0,0,0,1
2020-07-29,US,Nebraska,Banner,2,0,0,41.54634427,-103.7114332,31007.0,268.4563758389262,0.0,2,2,0,0,2,2,730,0,0,0,0,0
2020-07-29,US,Nebraska,Boone,7,0,0,41.70759415,-98.06737183,31011.0,134.82280431432974,0.0,7,7,0,0,7,7,5239,0,0,0,0,0
2020-07-29,US,Nebraska,Box Butte,10,0,0,42.22079243,-103.0878834,31013.0,92.73856997125105,0.0,10,10,0,0,10,10,10772,0,0,0,0,0
2020-07-29,US,Nebraska,Boyd,1,0,0,42.8997274,-98.76486568,31015.0,52.110474205315285,0.0,1,1,0,0,1,1,1955,0,0,0,0,0
2020-07-29,US,Nebraska,Buffalo,305,1,0,40.85486962,-99.07500296,31019.0,614.1887673936245,0.3278688524590164,304,293,1,0,292,287,49615,12,0,0,12,6
2020-07-29,US,Nebraska,Burt,16,0,0,41.85056773,-96.32605633,31021.0,247.71636476234715,0.0,16,16,0,0,16,16,6488,0,0,0,0,0
2020-07-29,US,Nebraska,Butler,53,0,0,41.22703692,-97.13106306,31023.0,661.1776447105789,0.0,53,53,0,0,53,54,8058,0,0,0,0,-1
2020-07-29,US,Nebraska,Cass,147,1,0,40.90899107,-96.13971217,31025.0,560.0426699177079,0.6802721088435374,146,145,1,0,144,141,26159,2,0,0,2,4
2020-07-29,US,Nebraska,Cedar,21,0,0,42.5988851,-97.25311951,31027.0,249.94049035943826,0.0,21,20,0,0,20,20,8446,1,0,0,1,0
2020-07-29,US,Nebraska,Chase,4,0,0,40.5237198,-101.6978026,31029.0,101.9367991845056,0.0,4,4,0,0,4,4,3977,0,0,0,0,0
2020-07-29,US,Nebraska,Cherry,4,0,0,42.54502621,-101.1244332,31031.0,70.31112673580594,0.0,4,5,0,0,5,5,5761,-1,0,0,-1,0
2020-07-29,US,Nebraska,Cheyenne,24,0,0,41.21999357,-102.9941693,31033.0,269.36026936026934,0.0,24,23,0,0,23,23,9310,1,0,0,1,0
2020-07-29,US,Nebraska,Clay,45,0,0,40.52439441,-98.05126296,31035.0,725.4554247944542,0.0,45,45,0,0,45,45,6214,0,0,0,0,0
2020-07-29,US,Nebraska,Colfax,690,4,0,41.57486951,-97.0868542,31037.0,6443.178634793167,0.5797101449275363,686,689,4,0,685,690,10881,1,0,0,1,-1
2020-07-29,US,Nebraska,Cuming,49,0,0,41.91637624,-96.78730772,31039.0,553.9226769161203,0.0,49,48,0,0,48,48,8940,1,0,0,1,0
2020-07-29,US,Nebraska,Custer,43,4,0,41.39374521,-99.72805369,31041.0,398.9978658253688,9.30232558139535,39,43,4,0,39,42,10840,0,0,0,0,1
2020-07-29,US,Nebraska,Dakota,1892,39,0,42.39040144,-96.56656425,31043.0,9447.717966643364,2.061310782241015,1853,1893,39,0,1854,1890,20083,-1,0,0,-1,3
2020-07-29,US,Nebraska,Dawes,4,0,0,42.71985036,-103.1313774,31045.0,46.57119571545,0.0,4,4,0,0,4,4,8716,0,0,0,0,0
2020-07-29,US,Nebraska,Dawson,927,9,0,40.87028216,-99.8201461,31047.0,3928.7984742530202,0.9708737864077671,918,917,9,0,908,916,23709,10,0,0,10,1
2020-07-29,US,Nebraska,Deuel,1,0,0,41.11168186,-102.3333331,31049.0,55.74136008918617,0.0,1,1,0,0,1,1,1825,0,0,0,0,0
2020-07-29,US,Nebraska,Dixon,56,2,0,42.49188363,-96.86782408,31051.0,993.61249112846,3.571428571428572,54,56,2,0,54,56,5709,0,0,0,0,0
2020-07-29,US,Nebraska,Dodge,750,8,0,41.58071748,-96.65598179,31053.0,2051.1418022699304,1.0666666666666669,742,748,8,0,740,746,36791,2,0,0,2,2
2020-07-29,US,Nebraska,Douglas,9894,126,0,41.29518299,-96.15085305,31055.0,1731.7578199524967,1.2734990903577923,9768,9810,124,0,9686,9712,566880,84,2,0,82,98
2020-07-29,US,Nebraska,Dundy,1,0,0,40.17638677,-101.6876522,31057.0,59.06674542232722,0.0,1,1,0,0,1,,1770,0,0,0,0,
2020-07-29,US,Nebraska,Fillmore,22,1,0,40.52458567,-97.59646937,31059.0,402.7828634199927,4.545454545454546,21,21,0,0,21,21,5527,1,1,0,0,0
2020-07-29,US,Nebraska,Franklin,9,0,0,40.17636348,-98.95299073,31061.0,302.1148036253776,0.0,9,9,0,0,9,9,3023,0,0,0,0,0
2020-07-29,US,Nebraska,Frontier,3,0,0,40.52993007,-100.3924658,31063.0,114.19870574800152,0.0,3,3,0,0,3,3,2608,0,0,0,0,0
2020-07-29,US,Nebraska,Furnas,14,1,0,40.17642064,-99.91247454,31065.0,299.40119760479035,7.142857142857142,13,14,1,0,13,13,4715,0,0,0,0,1
2020-07-29,US,Nebraska,Gage,77,4,0,40.26186809,-96.68946704,31067.0,357.9231162552875,5.194805194805196,73,76,4,0,72,74,21493,1,0,0,1,2
2020-07-29,US,Nebraska,Garden,4,0,0,41.61703149,-102.3313973,31069.0,217.74632553075668,0.0,4,4,0,0,4,4,1897,0,0,0,0,0
2020-07-29,US,Nebraska,Garfield,3,0,0,41.91428955,-98.99111827,31071.0,152.36160487557137,0.0,3,3,0,0,3,3,1987,0,0,0,0,0
2020-07-29,US,Nebraska,Gosper,14,0,0,40.51481965,-99.83020279,31073.0,703.5175879396985,0.0,14,14,0,0,14,13,1996,0,0,0,0,1
2020-07-29,US,Nebraska,Greeley,8,0,0,41.56742671,-98.52150266,31077.0,339.55857385398986,0.0,8,8,0,0,8,8,2356,0,0,0,0,0
2020-07-29,US,Nebraska,Hall,1696,46,0,40.87257079,-98.50218293,31079.0,2764.3310025589617,2.712264150943396,1650,1688,46,0,1642,1683,61607,8,0,0,8,5
2020-07-29,US,Nebraska,Hamilton,90,12,0,40.87349452,-98.02099117,31081.0,965.2509652509652,13.333333333333336,78,89,12,0,77,87,9280,1,0,0,1,2
2020-07-29,US,Nebraska,Harlan,1,0,0,40.17658508,-99.40438879,31083.0,29.58579881656805,0.0,1,1,0,0,1,1,3401,0,0,0,0,0
2020-07-29,US,Nebraska,Hitchcock,1,0,0,40.17609175,-101.0416477,31087.0,36.205648081100655,0.0,1,1,0,0,1,1,2806,0,0,0,0,0
2020-07-29,US,Nebraska,Holt,6,0,0,42.45522056,-98.78402558,31089.0,59.600675474322045,0.0,6,6,0,0,6,6,10178,0,0,0,0,0
2020-07-29,US,Nebraska,Hooker,4,0,0,41.91586243,-101.1354293,31091.0,586.5102639296188,0.0,4,4,0,0,4,4,682,0,0,0,0,0
2020-07-29,US,Nebraska,Howard,53,4,0,41.2200529,-98.5166499,31093.0,822.3429014740109,7.547169811320754,49,53,4,0,49,53,6468,0,0,0,0,0
2020-07-29,US,Nebraska,Jefferson,12,0,0,40.17584531,-97.142601,31095.0,170.3093954016463,0.0,12,12,0,0,12,12,7097,0,0,0,0,0
2020-07-29,US,Nebraska,Johnson,11,0,0,40.39257596,-96.26522753,31097.0,216.9197396963124,0.0,11,11,0,0,11,11,5134,0,0,0,0,0
2020-07-29,US,Nebraska,Kearney,23,0,0,40.50663314,-98.94877182,31099.0,354.1185527328714,0.0,23,22,0,0,22,20,6544,1,0,0,1,2
2020-07-29,US,Nebraska,Keith,18,0,0,41.19930341,-101.6620164,31101.0,224.04779686333083,0.0,18,15,0,0,15,15,8021,3,0,0,3,0
2020-07-29,US,Nebraska,Kimball,15,0,0,41.19774275,-103.7148131,31105.0,412.9955947136564,0.0,15,15,0,0,15,15,3618,0,0,0,0,0
2020-07-29,US,Nebraska,Knox,28,0,0,42.63758421,-97.89178836,31107.0,336.0537686029765,0.0,28,28,0,0,28,28,8419,0,0,0,0,0
2020-07-29,US,Nebraska,Lancaster,2923,14,0,40.78416049,-96.68777155,31109.0,916.0424958475667,0.4789599726308587,2909,2871,14,0,2857,2814,317272,52,0,0,52,57
2020-07-29,US,Nebraska,Lincoln,83,2,0,41.04658298,-100.7475374,31111.0,237.72698630921693,2.409638554216868,81,82,2,0,80,80,35185,1,0,0,1,2
2020-07-29,US,Nebraska,Madison,404,5,0,41.91676024,-97.6005481,31119.0,1151.0299438730447,1.2376237623762376,399,406,5,0,401,405,35392,-2,0,0,-2,1
2020-07-29,US,Nebraska,McPherson,4,0,0,41.56797682,-101.0599362,31117.0,809.7165991902832,0.0,4,4,0,0,4,4,492,0,0,0,0,0
2020-07-29,US,Nebraska,Merrick,46,0,0,41.16624273,-98.0374887,31121.0,593.1656995486783,0.0,46,44,0,0,44,44,7733,2,0,0,2,0
2020-07-29,US,Nebraska,Morrill,58,0,0,41.71711774,-103.0061405,31123.0,1249.4614390348986,0.0,58,58,0,0,58,57,4686,0,0,0,0,1
2020-07-29,US,Nebraska,Nance,8,0,0,41.39750195,-97.99327291,31125.0,227.33731173628868,0.0,8,7,0,0,7,7,3532,1,0,0,1,0
2020-07-29,US,Nebraska,Nemaha,15,0,0,40.38514847,-95.85433992,31127.0,215.14629948364887,0.0,15,14,0,0,14,11,6958,1,0,0,1,3
2020-07-29,US,Nebraska,Nuckolls,5,0,0,40.17637905,-98.04743961,31129.0,120.54001928640308,0.0,5,5,0,0,5,5,4195,0,0,0,0,0
2020-07-29,US,Nebraska,Otoe,39,0,0,40.64843556,-96.13374142,31131.0,243.56732450662003,0.0,39,39,0,0,39,39,15985,0,0,0,0,0
2020-07-29,US,Nebraska,Pawnee,6,0,0,40.13141096,-96.23705437,31133.0,229.62112514351318,0.0,6,6,0,0,6,5,2632,0,0,0,0,1
2020-07-29,US,Nebraska,Perkins,11,1,0,40.85082525,-101.6502942,31135.0,380.49117952265647,9.090909090909092,10,10,1,0,9,10,2929,1,0,0,1,0
2020-07-29,US,Nebraska,Phelps,33,0,0,40.51156033,-99.41461667,31137.0,365.28669470887763,0.0,33,32,0,0,32,32,8996,1,0,0,1,0
2020-07-29,US,Nebraska,Pierce,17,0,0,42.26434853,-97.60122773,31139.0,237.82876329043086,0.0,17,18,0,0,18,18,7142,-1,0,0,-1,0
2020-07-29,US,Nebraska,Platte,749,3,0,41.57246836,-97.52144359,31141.0,2237.8249178368687,0.4005340453938585,746,743,3,0,740,738,33363,6,0,0,6,5
2020-07-29,US,Nebraska,Polk,23,0,0,41.18813488,-97.56630712,31143.0,441.2046806061769,0.0,23,22,0,0,22,20,5278,1,0,0,1,2
2020-07-29,US,Nebraska,Red Willow,13,0,0,40.17556879999999,-100.476998,31145.0,121.22342409548678,0.0,13,13,0,0,13,13,10726,0,0,0,0,0
2020-07-29,US,Nebraska,Richardson,18,1,0,40.1247415,-95.71755036,31147.0,228.86204704386523,5.5555555555555545,17,17,1,0,16,17,7937,1,0,0,1,0
2020-07-29,US,Nebraska,Rock,2,0,0,42.42252217,-99.44832069,31149.0,147.38393515106853,0.0,2,2,0,0,2,2,1360,0,0,0,0,0
2020-07-29,US,Nebraska,Saline,576,2,0,40.52418865,-97.14085859,31151.0,4049.493813273341,0.3472222222222222,574,574,2,0,572,572,14350,2,0,0,2,2
2020-07-29,US,Nebraska,Sarpy,1880,9,0,41.11314181,-96.11156432,31153.0,1004.2949635675976,0.4787234042553192,1871,1831,9,0,1822,1784,184459,49,0,0,49,47
2020-07-29,US,Nebraska,Saunders,122,2,0,41.2278103,-96.63773905,31155.0,565.390675688201,1.639344262295082,120,119,2,0,117,117,21303,3,0,0,3,2
2020-07-29,US,Nebraska,Scotts Bluff,273,6,0,41.85070896,-103.7080986,31157.0,766.4663933965973,2.1978021978021984,267,273,6,0,267,274,35989,0,0,0,0,-1
2020-07-29,US,Nebraska,Seward,70,1,0,40.87241834,-97.139673,31159.0,404.998842860449,1.4285714285714286,69,68,1,0,67,66,17318,2,0,0,2,2
2020-07-29,US,Nebraska,Sheridan,9,0,0,42.50284406,-102.4126613,31161.0,171.55928326343883,0.0,9,9,0,0,9,9,5190,0,0,0,0,0
2020-07-29,US,Nebraska,Sherman,6,0,0,41.22045983,-98.97588642,31163.0,199.93335554815064,0.0,6,6,0,0,6,6,3038,0,0,0,0,0
2020-07-29,US,Nebraska,Sioux,5,0,0,42.48932059,-103.7576544,31165.0,428.8164665523156,0.0,5,5,0,0,5,5,1187,0,0,0,0,0
2020-07-29,US,Nebraska,Stanton,26,0,0,41.9169835,-97.19394708,31167.0,439.1891891891892,0.0,26,25,0,0,25,25,5970,1,0,0,1,0
2020-07-29,US,Nebraska,Thayer,25,0,0,40.17626377,-97.59504381,31169.0,499.7001798920648,0.0,25,25,0,0,25,25,5039,0,0,0,0,0
2020-07-29,US,Nebraska,Thomas,1,0,0,41.91358968,-100.5556632,31171.0,138.50415512465375,0.0,1,1,0,0,1,1,720,0,0,0,0,0
2020-07-29,US,Nebraska,Thurston,199,3,0,42.15725356,-96.54157099,31173.0,2754.706533776301,1.5075376884422111,196,197,3,0,194,195,7303,2,0,0,2,2
2020-07-29,US,Nebraska,Unassigned,149,0,0,0.0,0.0,90031.0,0.0,0.0,149,144,0,0,144,142,,5,0,0,5,2
2020-07-29,US,Nebraska,Valley,9,0,0,41.56730777,-98.98197724,31175.0,216.4502164502165,0.0,9,9,0,0,9,9,4190,0,0,0,0,0
2020-07-29,US,Nebraska,Washington,95,1,0,41.52815707,-96.22019892,31177.0,458.29514207149407,1.0526315789473684,94,91,1,0,90,90,20667,4,0,0,4,1
2020-07-29,US,Nebraska,Wayne,35,0,0,42.20934475,-97.11926964,31179.0,372.9355354288759,0.0,35,35,0,0,35,35,9403,0,0,0,0,0
2020-07-29,US,Nebraska,Webster,10,0,0,40.17642643,-98.50019851,31181.0,286.77946659019216,0.0,10,10,0,0,10,10,3533,0,0,0,0,0
2020-07-29,US,Nebraska,Wheeler,2,0,0,41.91482725,-98.52798941,31183.0,255.4278416347382,0.0,2,1,0,0,1,1,805,1,0,0,1,0
2020-07-29,US,Nebraska,York,66,0,0,40.87272618,-97.59710186,31185.0,482.4914101908034,0.0,66,63,0,0,63,63,13772,3,0,0,3,0
2020-07-29,US,Nevada,Carson City,300,7,0,39.15509045,-119.7480219,32510.0,536.5190643107518,2.333333333333333,293,288,7,0,281,280,55414,12,0,0,12,8
2020-07-29,US,Nevada,Churchill,43,1,0,39.58105744,-118.3394607,32001.0,172.6283672568148,2.3255813953488373,42,43,1,0,42,44,24440,0,0,0,0,-1
2020-07-29,US,Nevada,Clark,39345,645,0,36.21458855,-115.0130241,32003.0,1735.7718107481535,1.639344262295082,38700,38534,626,0,37908,37492,2231647,811,19,0,792,1042
2020-07-29,US,Nevada,Douglas,149,0,0,38.912862,-119.6171333,32005.0,304.67232389326244,0.0,149,144,0,0,144,140,48467,5,0,0,5,4
2020-07-29,US,Nevada,Elko,426,2,0,41.14531606,-115.3577619,32007.0,807.1544961915953,0.4694835680751174,424,426,2,0,424,416,52460,0,0,0,0,10
2020-07-29,US,Nevada,Eureka,2,0,0,39.98100864,-116.2683204,32011.0,98.57072449482504,0.0,2,2,0,0,2,2,2003,0,0,0,0,0
2020-07-29,US,Nevada,Humboldt,95,4,0,41.40692186,-118.1109427,32013.0,564.4346741132434,4.2105263157894735,91,95,4,0,91,95,16786,0,0,0,0,0
2020-07-29,US,Nevada,Lander,49,1,0,39.9332233,-117.0397075,32015.0,885.7556037599421,2.0408163265306123,48,50,1,0,49,51,5575,-1,0,0,-1,-1
2020-07-29,US,Nevada,Lincoln,3,0,0,37.64268459,-114.8790388,32017.0,57.88153579008296,0.0,3,3,0,0,3,3,5201,0,0,0,0,0
2020-07-29,US,Nevada,Lyon,183,3,0,39.01777974,-119.1870479,32019.0,318.2055294731352,1.639344262295082,180,180,3,0,177,177,55808,3,0,0,3,3
2020-07-29,US,Nevada,Mineral,11,0,0,38.53841696,-118.4344506,32021.0,244.173140954495,0.0,11,11,0,0,11,11,4514,0,0,0,0,0
2020-07-29,US,Nevada,Nye,311,7,0,38.04264256,-116.4722702,32023.0,668.4865550372932,2.2508038585209005,304,310,7,0,303,305,45346,1,0,0,1,5
2020-07-29,US,Nevada,Pershing,13,0,0,40.44003782,-118.40056409999998,32027.0,193.3085501858736,0.0,13,13,0,0,13,13,6666,0,0,0,0,0
2020-07-29,US,Nevada,Storey,4,0,0,39.44875482,-119.5250207,32029.0,97.01673538685421,0.0,4,3,0,0,3,3,4029,1,0,0,1,0
2020-07-29,US,Nevada,Washoe,4861,109,0,40.66562265,-119.6631594,32031.0,1030.9234622570884,2.2423369677021188,4752,4823,107,0,4716,4788,465735,38,2,0,36,35
2020-07-29,US,Nevada,White Pine,11,1,0,39.44157041,-114.899966,32033.0,114.82254697286012,9.090909090909092,10,11,1,0,10,11,9475,0,0,0,0,0
2020-07-29,US,New Hampshire,Belknap,102,4,0,43.51637314,-71.41684235,33001.0,166.38663686932125,3.92156862745098,98,101,4,0,97,101,61022,1,0,0,1,0
2020-07-29,US,New Hampshire,Carroll,84,1,0,43.87498583,-71.20430216,33003.0,171.74401962788798,1.1904761904761905,83,84,1,0,83,81,48779,0,0,0,0,3
2020-07-29,US,New Hampshire,Cheshire,85,2,0,42.92015988,-72.25311043,33005.0,111.71715844121708,2.3529411764705883,83,85,2,0,83,82,76493,0,0,0,0,3
2020-07-29,US,New Hampshire,Coos,16,0,0,44.69063265,-71.30633239,33007.0,50.69226626112854,0.0,16,16,0,0,16,16,31589,0,0,0,0,0
2020-07-29,US,New Hampshire,Grafton,103,1,0,43.93779815,-71.82057197,33009.0,114.58959126004049,0.9708737864077671,102,103,1,0,102,101,89786,0,0,0,0,2
2020-07-29,US,New Hampshire,Hillsborough,3701,274,0,42.91537785,-71.7200253,33011.0,887.4767699778191,7.40340448527425,3427,3692,272,0,3420,3669,415247,9,2,0,7,23
2020-07-29,US,New Hampshire,Merrimack,452,21,0,43.29662971,-71.6811573,33013.0,298.56464386918634,4.6460176991150455,431,452,21,0,431,452,151132,0,0,0,0,0
2020-07-29,US,New Hampshire,Rockingham,1609,94,0,42.98499744,-71.12883377,33015.0,519.4193092271984,5.84213797389683,1515,1607,94,0,1513,1581,309176,2,0,0,2,26
2020-07-29,US,New Hampshire,Strafford,323,13,0,43.291833,-71.02336013,33017.0,247.2575842245068,4.0247678018575845,310,322,13,0,309,320,130090,1,0,0,1,2
2020-07-29,US,New Hampshire,Sullivan,38,1,0,43.36094111,-72.22203125,33019.0,88.07305428081398,2.631578947368421,37,38,1,0,37,38,43144,0,0,0,0,0
2020-07-29,US,New Jersey,Atlantic,3323,247,0,39.47538693,-74.65848483,34001.0,1260.2874805628246,7.433042431537768,3076,3297,242,0,3055,3271,265429,26,5,0,21,26
2020-07-29,US,New Jersey,Bergen,20391,2038,0,40.96010917,-74.07164325,34003.0,2187.4014430348793,9.994605463194548,18353,20341,2046,0,18295,20280,936692,50,-8,0,58,61
2020-07-29,US,New Jersey,Burlington,5721,470,0,39.87681124,-74.66927768,34005.0,1284.6104964870246,8.215346967313408,5251,5684,471,0,5213,5642,445384,37,-1,0,38,42
2020-07-29,US,New Jersey,Camden,8225,571,0,39.80343818,-74.96388753,34007.0,1623.9824195264882,6.942249240121582,7654,8167,569,0,7598,8130,507078,58,2,0,56,37
2020-07-29,US,New Jersey,Cape May,802,86,0,39.15008829,-74.80170244,34009.0,871.3697454340007,10.723192019950122,716,800,86,0,714,800,92560,2,0,0,2,0
2020-07-29,US,New Jersey,Cumberland,3178,157,0,39.37199394,-75.10712559,34011.0,2125.3686625157998,4.9402139710509765,3021,3166,156,0,3010,3144,150972,12,1,0,11,22
2020-07-29,US,New Jersey,Essex,19428,2100,0,40.78681335,-74.24657979,34013.0,2431.6155073688165,10.809141445336628,17328,19376,2103,0,17273,19335,799767,52,-3,0,55,41
2020-07-29,US,New Jersey,Gloucester,3017,205,0,39.71581067,-75.13995546,34015.0,1034.5087712079442,6.794829300629765,2812,2999,203,0,2796,2986,291408,18,2,0,16,13
2020-07-29,US,New Jersey,Hudson,19430,1500,0,40.73766234,-74.07515667,34017.0,2889.6876965932024,7.7200205867215645,17930,19399,1505,0,17894,19387,676061,31,-5,0,36,12
2020-07-29,US,New Jersey,Hunterdon,1125,126,0,40.56335249,-74.91284156,34019.0,904.5517041754108,11.2,999,1123,126,0,997,1122,124714,2,0,0,2,1
2020-07-29,US,New Jersey,Mercer,7984,611,0,40.28047017,-74.70479631,34021.0,2172.930898402417,7.652805611222445,7373,7966,612,0,7354,7934,369811,18,-1,0,19,32
2020-07-29,US,New Jersey,Middlesex,17615,1403,0,40.43629879,-74.41426991,34023.0,2134.9910673379695,7.964802724950327,16212,17580,1408,0,16172,17557,829685,35,-5,0,40,23
2020-07-29,US,New Jersey,Monmouth,9985,858,0,40.26549699,-74.22240686,34025.0,1613.6200195541337,8.592889334001,9127,9947,856,0,9091,9908,621354,38,2,0,36,39
2020-07-29,US,New Jersey,Morris,7102,828,0,40.86095313,-74.54553709999998,34027.0,1443.9508381705618,11.658687693607435,6274,7091,829,0,6262,7076,494228,11,-1,0,12,15
2020-07-29,US,New Jersey,Ocean,10330,1010,0,39.8895449,-74.28089251,34029.0,1701.2908729779672,9.777347531461762,9320,10293,1012,0,9281,10238,601651,37,-2,0,39,55
2020-07-29,US,New Jersey,Passaic,17370,1241,0,41.03238628,-74.29954144,34031.0,3461.359116506518,7.144502014968336,16129,17348,1246,0,16102,17327,503310,22,-5,0,27,21
2020-07-29,US,New Jersey,Salem,866,83,0,39.58719656,-75.34696629999998,34033.0,1388.1542037348722,9.584295612009237,783,866,83,0,783,859,62607,0,0,0,0,7
2020-07-29,US,New Jersey,Somerset,5163,553,0,40.56465737,-74.61683016,34035.0,1569.6157891856726,10.710827038543485,4610,5155,558,0,4597,5139,331164,8,-5,0,13,16
2020-07-29,US,New Jersey,Sussex,1290,195,0,41.13891592,-74.69118243,34037.0,918.2278913501508,15.116279069767444,1095,1286,195,0,1091,1285,140799,4,0,0,4,1
2020-07-29,US,New Jersey,Unassigned,489,0,0,0.0,0.0,90034.0,0.0,0.0,489,680,0,0,680,701,,-191,0,0,-191,-21
2020-07-29,US,New Jersey,Union,16439,1345,0,40.65835409,-74.30680092,34039.0,2954.842443753022,8.18176288095383,15094,16410,1349,0,15061,16376,558067,29,-4,0,33,34
2020-07-29,US,New Jersey,Warren,1327,171,0,40.85951833,-74.99556527,34041.0,1260.6039879544396,12.886209495101733,1156,1321,170,0,1151,1315,105779,6,1,0,5,6
2020-07-29,US,New Mexico,Bernalillo,4627,117,0,35.05163625,-106.6703554,35001.0,681.3218852016062,2.528636265398746,4510,4542,114,0,4428,4466,678701,85,3,0,82,76
2020-07-29,US,New Mexico,Catron,4,1,0,33.91514144,-108.4046587,35003.0,113.41083073433514,25.0,3,4,1,0,3,4,3578,0,0,0,0,0
2020-07-29,US,New Mexico,Chaves,300,5,0,33.36406072,-104.4665365,35005.0,464.28847790760665,1.6666666666666667,295,289,4,0,285,270,64689,11,1,0,10,19
2020-07-29,US,New Mexico,Cibola,306,17,0,34.91131525,-107.998876,35006.0,1147.1415182755388,5.5555555555555545,289,292,17,0,275,302,26746,14,0,0,14,-10
2020-07-29,US,New Mexico,Colfax,13,1,0,36.60569702,-104.64726740000002,35007.0,108.8686039695168,7.6923076923076925,12,13,1,0,12,13,12110,0,0,0,0,0
2020-07-29,US,New Mexico,Curry,426,2,0,34.57421077,-103.3468876,35009.0,870.2046819463167,0.4694835680751174,424,410,2,0,408,395,49437,16,0,0,16,15
2020-07-29,US,New Mexico,Dona Ana,2118,19,0,32.35275771,-106.83293870000001,35013.0,970.6913540640253,0.8970727101038716,2099,2082,19,0,2063,2064,217522,36,0,0,36,18
2020-07-29,US,New Mexico,Eddy,236,3,0,32.47167456,-104.3053527,35015.0,403.69483407458085,1.2711864406779658,233,233,3,0,230,225,57900,3,0,0,3,8
2020-07-29,US,New Mexico,Grant,65,2,0,32.73911281,-108.3827845,35017.0,240.75857470923768,3.0769230769230766,63,65,2,0,63,63,27346,0,0,0,0,2
2020-07-29,US,New Mexico,Guadalupe,31,0,0,34.86319296,-104.790669,35019.0,720.9302325581398,0.0,31,31,0,0,31,29,4341,0,0,0,0,2
2020-07-29,US,New Mexico,Harding,1,0,0,35.85751555,-103.8220938,35021.0,160.0,0.0,1,1,0,0,1,1,655,0,0,0,0,0
2020-07-29,US,New Mexico,Hidalgo,85,0,0,31.91383467,-108.7151824,35023.0,2024.7737017627442,0.0,85,85,0,0,85,85,4240,0,0,0,0,0
2020-07-29,US,New Mexico,Lea,581,3,0,32.79215361,-103.4123733,35025.0,817.5038694245111,0.5163511187607573,578,571,3,0,568,546,69611,10,0,0,10,25
2020-07-29,US,New Mexico,Lincoln,88,1,0,33.74526079,-105.4586166,35027.0,449.62190884937684,1.1363636363636365,87,79,1,0,78,75,19556,9,0,0,9,4
2020-07-29,US,New Mexico,Los Alamos,17,0,0,35.86631386,-106.3134985,35028.0,87.76911559708813,0.0,17,17,0,0,17,17,19101,0,0,0,0,0
2020-07-29,US,New Mexico,Luna,218,3,0,32.18179341,-107.75088259999998,35029.0,919.4820532287317,1.3761467889908257,215,215,3,0,212,197,23963,3,0,0,3,18
2020-07-29,US,New Mexico,McKinley,3942,217,0,35.58007720000001,-108.262245,35031.0,5523.561309849089,5.504819888381532,3725,3934,216,0,3718,3921,72290,8,1,0,7,13
2020-07-29,US,New Mexico,Mora,6,0,0,36.01095101,-104.9497716,35033.0,132.71400132713998,0.0,6,6,0,0,6,6,4506,0,0,0,0,0
2020-07-29,US,New Mexico,Otero,176,10,0,32.61348406,-105.7417604,35035.0,260.779374722181,5.6818181818181825,166,174,10,0,164,168,66781,2,0,0,2,6
2020-07-29,US,New Mexico,Quay,31,1,0,35.10403332,-103.5481727,35037.0,375.6209863080092,3.2258064516129035,30,31,1,0,30,31,8253,0,0,0,0,0
2020-07-29,US,New Mexico,Rio Arriba,285,4,0,36.51072137,-106.6931674,35039.0,732.2525114976489,1.4035087719298245,281,281,3,0,278,280,39006,4,1,0,3,1
2020-07-29,US,New Mexico,Roosevelt,131,1,0,34.02097406,-103.4799493,35041.0,708.108108108108,0.7633587786259542,130,122,1,0,121,117,18743,9,0,0,9,5
2020-07-29,US,New Mexico,San Juan,2964,178,0,36.50838318,-108.320437,35045.0,2391.1324803562493,6.005398110661267,2786,2946,178,0,2768,2926,125043,18,0,0,18,20
2020-07-29,US,New Mexico,San Miguel,40,0,0,35.48014807,-104.8163562,35047.0,146.64369248817684,0.0,40,40,0,0,40,39,27591,0,0,0,0,1
2020-07-29,US,New Mexico,Sandoval,1049,33,0,35.68862401,-106.8687803,35043.0,714.8308665194755,3.145853193517636,1016,1032,33,0,999,1018,145179,17,0,0,17,14
2020-07-29,US,New Mexico,Santa Fe,535,3,0,35.50708973,-105.9774716,35049.0,355.81744902166827,0.5607476635514018,532,524,3,0,521,510,150056,11,0,0,11,14
2020-07-29,US,New Mexico,Sierra,28,0,0,33.13028233,-107.1925893,35051.0,259.475488833287,0.0,28,27,0,0,27,26,10968,1,0,0,1,1
2020-07-29,US,New Mexico,Socorro,71,5,0,34.00715494,-106.9298354,35053.0,426.7596321452185,7.042253521126762,66,71,5,0,66,71,16735,0,0,0,0,0
2020-07-29,US,New Mexico,Taos,89,1,0,36.58006022,-105.6310198,35055.0,271.9799529383003,1.1235955056179776,88,87,1,0,86,86,32835,2,0,0,2,1
2020-07-29,US,New Mexico,Torrance,59,1,0,34.64048375,-105.8508949,35057.0,381.6053295388397,1.6949152542372878,58,58,1,0,57,56,15591,1,0,0,1,2
2020-07-29,US,New Mexico,Unassigned,1248,0,0,0.0,0.0,90035.0,0.0,0.0,1248,1172,0,0,1172,1153,,76,0,0,76,19
2020-07-29,US,New Mexico,Union,24,0,0,36.48126404,-103.4709624,35059.0,591.2786400591277,0.0,24,24,0,0,24,23,4118,0,0,0,0,1
2020-07-29,US,New Mexico,Valencia,342,4,0,34.71669834,-106.8103733,35061.0,445.9628625078238,1.1695906432748535,338,333,4,0,329,319,76456,9,0,0,9,14
2020-07-29,US,New York,Albany,2480,124,0,42.60060306,-73.97723916,36001.0,811.7680176494079,5.0,2356,2468,124,0,2344,2453,307117,12,0,0,12,15
2020-07-29,US,New York,Allegany,74,1,0,42.25748406,-78.02750466,36003.0,160.55195157406,1.351351351351351,73,74,1,0,73,74,46430,0,0,0,0,0
2020-07-29,US,New York,Broome,1015,64,0,42.15903158,-75.81326086,36007.0,532.8419637982445,6.305418719211823,951,992,64,0,928,986,191659,23,0,0,23,6
2020-07-29,US,New York,Cattaraugus,157,6,0,42.24778241,-78.67923096,36009.0,206.26141335049988,3.8216560509554136,151,153,6,0,147,153,76840,4,0,0,4,0
2020-07-29,US,New York,Cayuga,141,2,0,42.91261714,-76.55731592,36011.0,184.13079816130383,1.4184397163120568,139,140,2,0,138,140,77145,1,0,0,1,0
2020-07-29,US,New York,Chautauqua,223,9,0,42.22769210000001,-79.36691763,36013.0,175.7247661599804,4.035874439461884,214,219,9,0,210,218,127939,4,0,0,4,1
2020-07-29,US,New York,Chemung,161,3,0,42.13891056,-76.7638805,36015.0,192.916027607362,1.8633540372670807,158,160,3,0,157,160,84254,1,0,0,1,0
2020-07-29,US,New York,Chenango,205,6,0,42.49430041,-75.60887553,36017.0,434.2576312834961,2.9268292682926833,199,203,6,0,197,203,47536,2,0,0,2,0
2020-07-29,US,New York,Clinton,123,4,0,44.74530905,-73.67875352,36019.0,152.82350748586694,3.2520325203252027,119,123,4,0,119,120,80695,0,0,0,0,3
2020-07-29,US,New York,Columbia,510,37,0,42.24819348,-73.63089095,36021.0,857.7050503691495,7.254901960784314,473,504,37,0,467,503,59916,6,0,0,6,1
2020-07-29,US,New York,Cortland,90,0,0,42.59509207,-76.07048931,36023.0,189.1511317542717,0.0,90,89,0,0,89,87,47823,1,0,0,1,2
2020-07-29,US,New York,Delaware,101,4,0,42.19837623,-74.96709306,36025.0,228.84332162682682,3.96039603960396,97,99,4,0,95,98,44527,2,0,0,2,1
2020-07-29,US,New York,Dutchess,4453,153,0,41.76486060000001,-73.74356679,36027.0,1513.5035925742136,3.4358859196047606,4300,4447,153,0,4294,4440,293718,6,0,0,6,7
2020-07-29,US,New York,Erie,8410,663,0,42.76249024,-78.73063652,36029.0,915.4219757875786,7.88347205707491,7747,8364,663,0,7701,8327,919719,46,0,0,46,37
2020-07-29,US,New York,Essex,55,0,0,44.11630765,-73.77297842,36031.0,149.1121051918124,0.0,55,55,0,0,55,55,37300,0,0,0,0,0
2020-07-29,US,New York,Franklin,48,0,0,44.59040891,-74.29926032,36033.0,95.95777857742591,0.0,48,47,0,0,47,44,50293,1,0,0,1,3
2020-07-29,US,New York,Fulton,270,24,0,43.11363907,-74.41798804,36035.0,505.7789933124778,8.888888888888891,246,270,24,0,246,270,53591,0,0,0,0,0
2020-07-29,US,New York,Genesee,267,5,0,43.0022601,-78.19135193,36037.0,466.1312849162011,1.8726591760299625,262,266,5,0,261,266,57511,1,0,0,1,0
2020-07-29,US,New York,Greene,285,18,0,42.275797,-74.12384884,36039.0,603.9671102822751,6.315789473684211,267,283,18,0,265,282,47491,2,0,0,2,1
2020-07-29,US,New York,Hamilton,7,0,0,43.66146647,-74.49721957,36041.0,158.5144927536232,0.0,7,7,0,0,7,7,4434,0,0,0,0,0
2020-07-29,US,New York,Herkimer,236,4,0,43.42034246,-74.96145307,36043.0,384.87255173763435,1.6949152542372878,232,236,4,0,232,234,61833,0,0,0,0,2
2020-07-29,US,New York,Jefferson,128,0,0,44.04200959,-75.94653457,36045.0,116.53950507128941,0.0,128,128,0,0,128,128,111755,0,0,0,0,0
2020-07-29,US,New York,Lewis,34,0,0,43.7844157,-75.44903992,36049.0,129.29723151810163,0.0,34,34,0,0,34,34,26447,0,0,0,0,0
2020-07-29,US,New York,Livingston,163,8,0,42.72596275,-77.77966158,36051.0,259.0838287185682,4.9079754601227,155,162,8,0,154,162,63227,1,0,0,1,0
2020-07-29,US,New York,Madison,393,17,0,42.91653905,-75.67266639,36053.0,553.9814775658647,4.325699745547073,376,391,17,0,374,390,70795,2,0,0,2,1
2020-07-29,US,New York,Monroe,4656,277,0,43.14638895,-77.69322942,36055.0,627.6878277633227,5.9493127147766325,4379,4632,277,0,4355,4620,742474,24,0,0,24,12
2020-07-29,US,New York,Montgomery,152,4,0,42.90123494,-74.44011632,36057.0,308.81127973832315,2.631578947368421,148,152,4,0,148,148,49455,0,0,0,0,4
2020-07-29,US,New York,Nassau,43100,2194,0,40.74066522,-73.58941873,36059.0,3176.301694125831,5.090487238979119,40906,43059,2194,0,40865,43017,1358343,41,0,0,41,42
2020-07-29,US,New York,New York City,224551,23512,0,40.76727260000001,-73.97152637,36061.0,2693.4860151062453,10.470672586628428,201039,224249,23507,0,200742,224051,1628701,302,5,0,297,198
2020-07-29,US,New York,Niagara,1430,96,0,43.19898042,-78.74777412,36063.0,683.2918420687976,6.713286713286713,1334,1424,96,0,1328,1424,210433,6,0,0,6,0
2020-07-29,US,New York,Oneida,2053,112,0,43.24375382,-75.43710392,36065.0,897.7963974443633,5.455431076473453,1941,2028,112,0,1916,2010,229577,25,0,0,25,18
2020-07-29,US,New York,Onondaga,3437,194,0,43.00491923,-76.19971155,36067.0,746.3172706111246,5.644457375618273,3243,3419,194,0,3225,3398,461809,18,0,0,18,21
2020-07-29,US,New York,Ontario,347,34,0,42.85145728,-77.30874425,36069.0,316.0953569509096,9.798270893371756,313,345,34,0,311,343,109864,2,0,0,2,2
2020-07-29,US,New York,Orange,11034,489,0,41.40337468,-74.30240757,36071.0,2866.420740894685,4.431756389342033,10545,11024,489,0,10535,11010,381951,10,0,0,10,14
2020-07-29,US,New York,Orleans,291,54,0,43.2516977,-78.2320066,36073.0,721.1538461538463,18.55670103092784,237,290,54,0,236,290,40612,1,0,0,1,0
2020-07-29,US,New York,Oswego,239,3,0,43.42778894,-76.14635194,36075.0,204.05723848229226,1.2552301255230125,236,239,3,0,236,239,117898,0,0,0,0,0
2020-07-29,US,New York,Otsego,107,5,0,42.63492579,-75.03151402,36077.0,179.85309196039867,4.672897196261682,102,105,5,0,100,103,59749,2,0,0,2,2
2020-07-29,US,New York,Putnam,1416,63,0,41.42630093,-73.74965532,36079.0,1440.1952807160294,4.4491525423728815,1353,1412,63,0,1349,1408,98892,4,0,0,4,4
2020-07-29,US,New York,Rensselaer,694,30,0,42.71348136,-73.51089874,36083.0,437.2645135274771,4.322766570605188,664,690,30,0,660,687,159442,4,0,0,4,3
2020-07-29,US,New York,Rockland,13852,673,0,41.15027894,-74.02560498,36087.0,4251.831707025099,4.858504187120993,13179,13845,673,0,13172,13841,325695,7,0,0,7,4
2020-07-29,US,New York,Saratoga,701,17,0,43.10904162,-73.86653895,36091.0,304.96426132087373,2.425106990014265,684,691,17,0,674,688,230163,10,0,0,10,3
2020-07-29,US,New York,Schenectady,1010,37,0,42.81668777,-74.05278291,36093.0,650.3583410067033,3.663366336633664,973,998,37,0,961,990,155350,12,0,0,12,8
2020-07-29,US,New York,Schoharie,68,0,0,42.58831742,-74.44339029999998,36095.0,219.36191490048063,0.0,68,68,0,0,68,68,31097,0,0,0,0,0
2020-07-29,US,New York,Schuyler,20,0,0,42.39184015,-76.8773299,36097.0,112.31538159150897,0.0,20,20,0,0,20,20,17912,0,0,0,0,0
2020-07-29,US,New York,Seneca,84,3,0,42.78081007,-76.82497064,36099.0,246.94261523988712,3.571428571428572,81,84,3,0,81,83,34300,0,0,0,0,1
2020-07-29,US,New York,St. Lawrence,259,4,0,44.4976179,-75.06550039,36089.0,240.39354000371262,1.5444015444015444,255,258,4,0,254,258,108047,1,0,0,1,0
2020-07-29,US,New York,Steuben,290,42,0,42.2689144,-77.3829924,36101.0,304.0501577915474,14.482758620689655,248,289,42,0,247,288,95796,1,0,0,1,1
2020-07-29,US,New York,Suffolk,43084,1996,0,40.88320119,-72.8012172,36103.0,2917.782122591005,4.632810324018197,41088,43024,1996,0,41028,42967,1481093,60,0,0,60,57
2020-07-29,US,New York,Sullivan,1476,48,0,41.71579493,-74.76394559,36105.0,1956.7292395800187,3.2520325203252027,1428,1476,48,0,1428,1476,75498,0,0,0,0,0
2020-07-29,US,New York,Tioga,183,24,0,42.16852837,-76.30835812,36107.0,379.6444204717548,13.114754098360656,159,180,24,0,156,180,48560,3,0,0,3,0
2020-07-29,US,New York,Tompkins,225,0,0,42.44945765,-76.47229843,36109.0,220.1996476805637,0.0,225,225,0,0,225,225,102793,0,0,0,0,0
2020-07-29,US,New York,Ulster,1973,90,0,41.89027881,-74.26252104,36111.0,1111.0923394885485,4.5615813482007095,1883,1942,90,0,1852,1926,178599,31,0,0,31,16
2020-07-29,US,New York,Warren,298,33,0,43.56173026,-73.8433699,36113.0,466.0327786813462,11.073825503355703,265,298,33,0,265,294,64265,0,0,0,0,4
2020-07-29,US,New York,Washington,254,14,0,43.31153794,-73.43043448,36115.0,415.00555519247115,5.511811023622046,240,254,14,0,240,254,61197,0,0,0,0,0
2020-07-29,US,New York,Wayne,243,3,0,43.15494365,-77.02976528,36117.0,270.2462243377299,1.2345679012345678,240,243,3,0,240,243,90064,0,0,0,0,0
2020-07-29,US,New York,Westchester,35874,1443,0,41.16278376,-73.75741653,36119.0,3707.88398211484,4.022411774544239,34431,35838,1443,0,34395,35799,967612,36,0,0,36,39
2020-07-29,US,New York,Wyoming,111,5,0,42.70145109,-78.22199579,36121.0,278.48164780852505,4.504504504504505,106,111,5,0,106,110,40085,0,0,0,0,1
2020-07-29,US,New York,Yates,52,7,0,42.63505484,-77.10369919,36123.0,208.72636775980408,13.461538461538463,45,52,7,0,45,52,24841,0,0,0,0,0
2020-07-29,US,North Carolina,Alamance,2066,41,0,36.0434701,-79.39976137,37001.0,1218.814340241521,1.9845111326234268,2025,2029,41,0,1988,2006,166436,37,0,0,37,23
2020-07-29,US,North Carolina,Alexander,258,3,0,35.922379600000006,-81.17751948,37003.0,688.0550444035523,1.162790697674419,255,258,2,0,256,256,37353,0,1,0,-1,2
2020-07-29,US,North Carolina,Alleghany,64,0,0,36.49360862,-81.12857041,37005.0,574.6610397773187,0.0,64,63,0,0,63,63,11161,1,0,0,1,0
2020-07-29,US,North Carolina,Anson,295,2,0,34.97403241,-80.09953279,37007.0,1206.7413891843246,0.6779661016949152,293,292,2,0,290,287,24877,3,0,0,3,5
2020-07-29,US,North Carolina,Ashe,100,1,0,36.43296207,-81.49862729,37009.0,367.60651398742783,1.0,99,99,1,0,98,96,27109,1,0,0,1,3
2020-07-29,US,North Carolina,Avery,82,0,0,36.07569796,-81.92308483,37011.0,467.05017941561766,0.0,82,78,0,0,78,72,17505,4,0,0,4,6
2020-07-29,US,North Carolina,Beaufort,324,2,0,35.48531943,-76.84325809,37013.0,689.4497169851469,0.6172839506172839,322,313,2,0,311,291,47079,11,0,0,11,22
2020-07-29,US,North Carolina,Bertie,222,4,0,36.0688473,-76.96545943,37015.0,1171.689449517074,1.8018018018018016,218,219,4,0,215,215,19026,3,0,0,3,4
2020-07-29,US,North Carolina,Bladen,549,6,0,34.61296243,-78.56180059,37017.0,1677.7703074384203,1.0928961748633879,543,539,6,0,533,536,33190,10,0,0,10,3
2020-07-29,US,North Carolina,Brunswick,1121,13,0,34.070565,-78.22814204,37019.0,784.9040750595154,1.159678858162355,1108,1101,13,0,1088,1075,136744,20,0,0,20,26
2020-07-29,US,North Carolina,Buncombe,1538,46,0,35.61113393,-82.53305,37021.0,588.8411162712346,2.990897269180754,1492,1505,46,0,1459,1473,259103,33,0,0,33,32
2020-07-29,US,North Carolina,Burke,1526,25,0,35.74989637,-81.70755735,37023.0,1686.4673702823673,1.6382699868938402,1501,1486,25,0,1461,1486,90382,40,0,0,40,0
2020-07-29,US,North Carolina,Cabarrus,2248,41,0,35.3877799,-80.55267168,37025.0,1038.5626440843969,1.8238434163701067,2207,2212,38,0,2174,2184,211342,36,3,0,33,28
2020-07-29,US,North Carolina,Caldwell,1022,12,0,35.95204977,-81.54799522,37027.0,1243.6418506169534,1.1741682974559686,1010,1010,11,0,999,981,82029,12,1,0,11,29
2020-07-29,US,North Carolina,Camden,53,2,0,36.33804939,-76.15568396,37029.0,487.7151007637802,3.7735849056603774,51,53,2,0,51,52,10710,0,0,0,0,1
2020-07-29,US,North Carolina,Carteret,279,5,0,34.8932941,-76.54120135,37031.0,401.5948641918444,1.7921146953405018,274,279,5,0,274,267,69524,0,0,0,0,12
2020-07-29,US,North Carolina,Caswell,173,2,0,36.39312665,-79.33353281,37033.0,765.3512652627852,1.1560693641618498,171,173,2,0,171,173,22698,0,0,0,0,0
2020-07-29,US,North Carolina,Catawba,1801,22,0,35.66211129,-81.2132617,37035.0,1128.7926744426547,1.2215435868961688,1779,1773,20,0,1753,1767,158652,28,2,0,26,6
2020-07-29,US,North Carolina,Chatham,1193,49,0,35.70394416,-79.25541492,37037.0,1601.9873774674365,4.1072925398155915,1144,1188,49,0,1139,1181,73139,5,0,0,5,7
2020-07-29,US,North Carolina,Cherokee,231,3,0,35.1349263,-84.05970864,37039.0,807.3535579477142,1.2987012987012987,228,228,3,0,225,221,28383,3,0,0,3,7
2020-07-29,US,North Carolina,Chowan,109,0,0,36.12908077,-76.60118385,37041.0,781.7542853044539,0.0,109,106,0,0,106,104,14029,3,0,0,3,2
2020-07-29,US,North Carolina,Clay,65,0,0,35.05704275,-83.74353633,37043.0,578.755231056896,0.0,65,62,0,0,62,57,11139,3,0,0,3,5
2020-07-29,US,North Carolina,Cleveland,910,13,0,35.33553364,-81.55204486,37045.0,929.0738868980163,1.4285714285714286,897,892,13,0,879,878,97645,18,0,0,18,14
2020-07-29,US,North Carolina,Columbus,775,44,0,34.26744084,-78.65801424,37047.0,1396.1951430424444,5.67741935483871,731,767,44,0,723,765,55655,8,0,0,8,2
2020-07-29,US,North Carolina,Craven,620,9,0,35.11833364,-77.08398081,37049.0,607.0159292728538,1.4516129032258065,611,611,8,0,603,611,102912,9,1,0,8,0
2020-07-29,US,North Carolina,Cumberland,2494,49,0,35.04762133,-78.82623165,37051.0,743.3481665171428,1.9647153167602245,2445,2489,49,0,2440,2357,332330,5,0,0,5,132
2020-07-29,US,North Carolina,Currituck,69,0,0,36.36123664,-75.95876401,37053.0,248.5322191405828,0.0,69,69,0,0,69,66,27072,0,0,0,0,3
2020-07-29,US,North Carolina,Dare,187,1,0,35.66520691,-75.71767334,37055.0,505.2824988516307,0.5347593582887701,186,184,1,0,183,183,36501,3,0,0,3,1
2020-07-29,US,North Carolina,Davidson,1578,16,0,35.79115496,-80.21256572,37057.0,941.4768896658293,1.0139416983523448,1562,1553,16,0,1537,1537,166614,25,0,0,25,16
2020-07-29,US,North Carolina,Davie,326,4,0,35.93099927,-80.54496571,37059.0,760.8644914344397,1.2269938650306749,322,313,4,0,309,309,42733,13,0,0,13,4
2020-07-29,US,North Carolina,Duplin,1890,42,0,34.93449805,-77.93140529,37061.0,3217.514172383855,2.2222222222222223,1848,1887,42,0,1845,1874,58856,3,0,0,3,13
2020-07-29,US,North Carolina,Durham,5629,76,0,36.03638492,-78.87608331,37063.0,1750.9207186582391,1.3501510037306803,5553,5567,76,0,5491,5535,316739,62,0,0,62,32
2020-07-29,US,North Carolina,Edgecombe,549,10,0,35.91230639,-77.59436892,37065.0,1066.5993161330432,1.8214936247723128,539,533,10,0,523,526,52005,16,0,0,16,7
2020-07-29,US,North Carolina,Forsyth,4703,49,0,36.12859861,-80.25459052,37067.0,1230.2018075046758,1.0418881564958538,4654,4654,44,0,4610,4607,379099,49,5,0,44,47
2020-07-29,US,North Carolina,Franklin,731,25,0,36.081519,-78.28708884,37069.0,1049.0062423764082,3.4199726402188784,706,723,25,0,698,705,67560,8,0,0,8,18
2020-07-29,US,North Carolina,Gaston,2805,32,0,35.29373559,-81.17477045,37071.0,1249.281829964058,1.1408199643493762,2773,2777,30,0,2747,2736,222846,28,2,0,26,41
2020-07-29,US,North Carolina,Gates,37,2,0,36.44667547,-76.69749701,37073.0,320.01383843625666,5.405405405405406,35,37,2,0,35,37,11573,0,0,0,0,0
2020-07-29,US,North Carolina,Graham,22,0,0,35.3506925,-83.83369267,37075.0,260.6326264660585,0.0,22,21,0,0,21,17,8484,1,0,0,1,4
2020-07-29,US,North Carolina,Granville,1126,25,0,36.30337451,-78.65184241,37077.0,1862.912165180418,2.2202486678507998,1101,1114,25,0,1089,1110,60115,12,0,0,12,4
2020-07-29,US,North Carolina,Greene,284,3,0,35.48544173,-77.67578087,37079.0,1347.951967345389,1.056338028169014,281,283,3,0,280,277,21012,1,0,0,1,6
2020-07-29,US,North Carolina,Guilford,4932,140,0,36.07959451,-79.78824948,37081.0,918.1382568776596,2.8386050283860498,4792,4862,139,0,4723,4789,533670,70,1,0,69,73
2020-07-29,US,North Carolina,Halifax,585,6,0,36.25669272,-77.6556109,37083.0,1169.766046790642,1.0256410256410255,579,579,6,0,573,566,50574,6,0,0,6,13
2020-07-29,US,North Carolina,Harnett,1058,36,0,35.36731853,-78.87243571,37085.0,778.0784844384302,3.4026465028355384,1022,1045,36,0,1009,1022,134214,13,0,0,13,23
2020-07-29,US,North Carolina,Haywood,255,2,0,35.55269063,-82.98196486,37087.0,409.19813213087923,0.7843137254901961,253,247,0,0,247,240,61971,8,2,0,6,7
2020-07-29,US,North Carolina,Henderson,1321,53,0,35.33788927,-82.4766782,37089.0,1125.0500353441157,4.012112036336109,1268,1321,53,0,1268,1288,116748,0,0,0,0,33
2020-07-29,US,North Carolina,Hertford,248,11,0,36.3607755,-76.98104134,37091.0,1047.4299953541408,4.435483870967742,237,241,11,0,230,237,23659,7,0,0,7,4
2020-07-29,US,North Carolina,Hoke,645,7,0,35.01888303,-79.23651674,37093.0,1167.758989028497,1.0852713178294573,638,632,7,0,625,623,54764,13,0,0,13,9
2020-07-29,US,North Carolina,Hyde,37,0,0,35.42017674,-76.15180542,37095.0,749.4429815677538,0.0,37,37,0,0,37,36,5230,0,0,0,0,1
2020-07-29,US,North Carolina,Iredell,1602,18,0,35.80950511,-80.8743128,37097.0,881.1590376555229,1.1235955056179776,1584,1567,18,0,1549,1521,178435,35,0,0,35,46
2020-07-29,US,North Carolina,Jackson,376,3,0,35.28814273,-83.14093385,37099.0,855.7512859028633,0.7978723404255319,373,372,3,0,369,372,43327,4,0,0,4,0
2020-07-29,US,North Carolina,Johnston,2832,43,0,35.51745004,-78.36622717,37101.0,1352.8296208542124,1.518361581920904,2789,2751,44,0,2707,2654,202675,81,-1,0,82,97
2020-07-29,US,North Carolina,Jones,55,3,0,35.02254606,-77.35870791,37103.0,583.9261068053934,5.454545454545454,52,50,3,0,47,46,9637,5,0,0,5,4
2020-07-29,US,North Carolina,Lee,1115,9,0,35.47623147,-79.17569362,37105.0,1804.820408229333,0.8071748878923767,1106,1095,9,0,1086,1074,61452,20,0,0,20,21
2020-07-29,US,North Carolina,Lenoir,507,12,0,35.24032589999999,-77.64245615,37107.0,906.1824161289746,2.366863905325444,495,499,11,0,488,491,55976,8,1,0,7,8
2020-07-29,US,North Carolina,Lincoln,692,2,0,35.48508185,-81.21740317,37109.0,803.6139401470195,0.28901734104046245,690,678,2,0,676,664,83770,14,0,0,14,14
2020-07-29,US,North Carolina,Macon,445,2,0,35.14867843,-83.41696617,37113.0,1241.0061910870654,0.44943820224719105,443,441,2,0,439,429,35285,4,0,0,4,12
2020-07-29,US,North Carolina,Madison,34,0,0,35.85402722,-82.71346418,37115.0,156.2859112847621,0.0,34,32,0,0,32,30,21763,2,0,0,2,2
2020-07-29,US,North Carolina,Martin,217,6,0,35.84326734,-77.10860251,37117.0,967.0231729055258,2.7649769585253456,211,216,6,0,210,211,22671,1,0,0,1,5
2020-07-29,US,North Carolina,McDowell,493,7,0,35.67736232,-82.0482425,37111.0,1077.4543229303258,1.4198782961460443,486,477,7,0,470,468,45507,16,0,0,16,9
2020-07-29,US,North Carolina,Mecklenburg,19924,192,0,35.24469268,-80.8317671,37119.0,1794.379460281207,0.9636619152780568,19732,19707,189,0,19518,19480,1093901,217,3,0,214,227
2020-07-29,US,North Carolina,Mitchell,108,2,0,36.01059309,-82.1582442,37121.0,721.7321571772252,1.851851851851852,106,106,2,0,104,103,15000,2,0,0,2,3
2020-07-29,US,North Carolina,Montgomery,561,14,0,35.33155144,-79.90416657,37123.0,2064.5493688587935,2.4955436720142603,547,552,14,0,538,543,27271,9,0,0,9,9
2020-07-29,US,North Carolina,Moore,851,20,0,35.30885257,-79.48474178,37125.0,843.5765265662172,2.3501762632197414,831,841,20,0,821,819,98682,10,0,0,10,22
2020-07-29,US,North Carolina,Nash,937,11,0,35.96575634,-77.98422508,37127.0,993.6584020870007,1.1739594450373532,926,897,11,0,886,880,94016,40,0,0,40,17
2020-07-29,US,North Carolina,New Hanover,2283,18,0,34.25758282,-77.87075626,37129.0,973.6728749152354,0.7884362680683311,2265,2212,17,0,2195,2119,232274,71,1,0,70,93
2020-07-29,US,North Carolina,Northampton,307,16,0,36.41736238,-77.39769443,37131.0,1575.7326900374685,5.2117263843648205,291,297,16,0,281,289,19676,10,0,0,10,8
2020-07-29,US,North Carolina,Onslow,838,9,0,34.72607366,-77.42908179,37133.0,423.36489203690047,1.0739856801909309,829,838,9,0,829,722,197683,0,0,0,0,116
2020-07-29,US,North Carolina,Orange,1241,45,0,36.06092947,-79.12167935,37135.0,835.8253185700046,3.6261079774375498,1196,1229,45,0,1184,1219,146027,12,0,0,12,10
2020-07-29,US,North Carolina,Pamlico,54,1,0,35.15253315,-76.66559823,37137.0,424.32814710042436,1.851851851851852,53,54,1,0,53,53,12670,0,0,0,0,1
2020-07-29,US,North Carolina,Pasquotank,314,17,0,36.26723798,-76.25134778,37139.0,788.4692647649658,5.414012738853503,297,311,17,0,294,305,39639,3,0,0,3,6
2020-07-29,US,North Carolina,Pender,582,3,0,34.52265624,-77.90352133,37141.0,922.9305423406281,0.5154639175257731,579,575,3,0,572,569,62162,7,0,0,7,6
2020-07-29,US,North Carolina,Perquimans,58,2,0,36.17847453,-76.40603143,37143.0,430.8103691599198,3.4482758620689653,56,57,2,0,55,56,13422,1,0,0,1,1
2020-07-29,US,North Carolina,Person,186,1,0,36.38989032,-78.97217358,37145.0,471.0053178019752,0.5376344086021505,185,185,1,0,184,176,39507,1,0,0,1,9
2020-07-29,US,North Carolina,Pitt,1579,11,0,35.59535426,-77.37353178,37147.0,873.6209624769008,0.6966434452184928,1568,1548,11,0,1537,1519,179914,31,0,0,31,29
2020-07-29,US,North Carolina,Polk,127,5,0,35.27820615,-82.16812354,37149.0,612.8160586759312,3.9370078740157477,122,124,5,0,119,124,20611,3,0,0,3,0
2020-07-29,US,North Carolina,Randolph,1961,36,0,35.71015088,-79.80570339,37151.0,1364.9620302505098,1.8357980622131564,1925,1950,36,0,1914,1939,143351,11,0,0,11,11
2020-07-29,US,North Carolina,Richmond,471,8,0,35.00417719,-79.74491009,37153.0,1050.6591715184368,1.6985138004246283,463,464,8,0,456,456,44887,7,0,0,7,8
2020-07-29,US,North Carolina,Robeson,2459,50,0,34.64244496,-79.10250529999998,37155.0,1882.4880382775118,2.03334688897926,2409,2429,50,0,2379,2395,131831,30,0,0,30,34
2020-07-29,US,North Carolina,Rockingham,446,7,0,36.39593137,-79.77504841,37157.0,490.0560377980442,1.5695067264573992,439,442,6,0,436,430,90690,4,1,0,3,12
2020-07-29,US,North Carolina,Rowan,1914,46,0,35.64003916,-80.52446628,37159.0,1347.0525308259669,2.4033437826541277,1868,1894,46,0,1848,1876,141262,20,0,0,20,18
2020-07-29,US,North Carolina,Rutherford,608,13,0,35.40114178,-81.92112099,37161.0,907.0700741470108,2.138157894736842,595,595,13,0,582,560,66826,13,0,0,13,35
2020-07-29,US,North Carolina,Sampson,1394,10,0,34.98820368,-78.36914061,37163.0,2194.2044041491554,0.7173601147776184,1384,1394,10,0,1384,1386,63626,0,0,0,0,8
2020-07-29,US,North Carolina,Scotland,242,2,0,34.8386299,-79.4757978,37165.0,694.9429974442177,0.8264462809917356,240,239,2,0,237,232,34810,3,0,0,3,7
2020-07-29,US,North Carolina,Stanly,854,9,0,35.31647813,-80.25093221,37167.0,1359.7426997420628,1.053864168618267,845,802,9,0,793,793,62075,52,0,0,52,9
2020-07-29,US,North Carolina,Stokes,240,3,0,36.4017975,-80.23893369,37169.0,526.4196880963349,1.25,237,226,3,0,223,221,45467,14,0,0,14,5
2020-07-29,US,North Carolina,Surry,802,7,0,36.41689489,-80.69102283,37171.0,1117.256174860343,0.8728179551122195,795,787,7,0,780,784,71948,15,0,0,15,3
2020-07-29,US,North Carolina,Swain,99,2,0,35.48665845,-83.48748932,37173.0,693.7145259617406,2.0202020202020203,97,96,2,0,94,91,14245,3,0,0,3,5
2020-07-29,US,North Carolina,Transylvania,113,1,0,35.20383864,-82.79638423,37175.0,328.63167078668016,0.8849557522123894,112,110,1,0,109,110,34215,3,0,0,3,0
2020-07-29,US,North Carolina,Tyrrell,91,1,0,35.87147226,-76.17055253,37177.0,2265.93625498008,1.0989010989010992,90,90,1,0,89,88,4131,1,0,0,1,2
2020-07-29,US,North Carolina,Union,2611,39,0,34.98960527,-80.52955873,37179.0,1088.556193430307,1.493680582152432,2572,2572,38,0,2534,2533,235908,39,1,0,38,39
2020-07-29,US,North Carolina,Vance,703,40,0,36.36880673,-78.40670845,37181.0,1578.5337375098236,5.689900426742533,663,699,40,0,659,687,44582,4,0,0,4,12
2020-07-29,US,North Carolina,Wake,10464,116,0,35.78879266,-78.65249174,37183.0,941.2094865713043,1.1085626911314983,10348,10289,115,0,10174,10240,1092305,175,1,0,174,49
2020-07-29,US,North Carolina,Warren,231,6,0,36.39728256,-78.10652228,37185.0,1170.746540976129,2.5974025974025974,225,231,6,0,225,228,19807,0,0,0,0,3
2020-07-29,US,North Carolina,Washington,110,3,0,35.83810081,-76.57299037,37187.0,949.9136442141624,2.727272727272727,107,108,3,0,105,103,11859,2,0,0,2,5
2020-07-29,US,North Carolina,Watauga,243,0,0,36.23103603,-81.70033724,37189.0,432.5613685316055,0.0,243,240,0,0,240,232,55945,3,0,0,3,8
2020-07-29,US,North Carolina,Wayne,2272,36,0,35.36438125,-78.00027268,37191.0,1845.1892699645093,1.5845070422535212,2236,2254,36,0,2218,2254,123248,18,0,0,18,0
2020-07-29,US,North Carolina,Wilkes,713,9,0,36.2084135,-81.16232895,37193.0,1042.214816114132,1.262272089761571,704,706,9,0,697,701,68557,7,0,0,7,5
2020-07-29,US,North Carolina,Wilson,1338,32,0,35.70625477,-77.917978,37195.0,1635.6768254666813,2.391629297458894,1306,1316,29,0,1287,1316,81455,22,3,0,19,0
2020-07-29,US,North Carolina,Yadkin,461,6,0,36.16222629,-80.66239436,37197.0,1223.8829744869515,1.3015184381778742,455,458,6,0,452,458,37543,3,0,0,3,0
2020-07-29,US,North Carolina,Yancey,94,0,0,35.90079156,-82.31237181,37199.0,520.2280148320327,0.0,94,94,0,0,94,93,17903,0,0,0,0,1
2020-07-29,US,North Dakota,Adams,2,0,0,46.09686891,-102.5285397,38001.0,90.25270758122744,0.0,2,2,0,0,2,,2294,0,0,0,0,
2020-07-29,US,North Dakota,Barnes,31,0,0,46.93579637,-98.06605978,38003.0,297.6476236197792,0.0,31,31,0,0,31,30,10542,0,0,0,0,1
2020-07-29,US,North Dakota,Benson,70,1,0,48.0683985,-99.35916363,38005.0,1024.5901639344265,1.4285714285714286,69,70,1,0,69,66,6962,0,0,0,0,4
2020-07-29,US,North Dakota,Billings,1,0,0,47.02366884,-103.3762965,38007.0,107.75862068965515,0.0,1,1,0,0,1,1,919,0,0,0,0,0
2020-07-29,US,North Dakota,Bottineau,10,0,0,48.79106111,-100.8378166,38009.0,159.18497293855458,0.0,10,10,0,0,10,9,6411,0,0,0,0,1
2020-07-29,US,North Dakota,Bowman,6,0,0,46.11285362,-103.5203343,38011.0,198.4126984126984,0.0,6,6,0,0,6,6,3076,0,0,0,0,0
2020-07-29,US,North Dakota,Burke,14,0,0,48.79094471,-102.51821170000001,38013.0,661.9385342789598,0.0,14,14,0,0,14,13,2100,0,0,0,0,1
2020-07-29,US,North Dakota,Burleigh,866,4,0,46.97847375,-100.46452140000001,38015.0,905.6114445862004,0.4618937644341801,862,839,3,0,836,788,95273,27,1,0,26,51
2020-07-29,US,North Dakota,Cass,2850,76,0,46.93201724,-97.24447190000001,38017.0,1566.5968569119902,2.6666666666666665,2774,2841,75,0,2766,2816,181516,9,1,0,8,25
2020-07-29,US,North Dakota,Cavalier,29,0,0,48.77286211,-98.46685243,38019.0,770.8665603402444,0.0,29,29,0,0,29,29,3829,0,0,0,0,0
2020-07-29,US,North Dakota,Dickey,10,0,0,46.11017712,-98.50490079999999,38021.0,205.2545155993432,0.0,10,10,0,0,10,9,4903,0,0,0,0,1
2020-07-29,US,North Dakota,Divide,1,0,0,48.814938700000006,-103.48736109999999,38023.0,44.16961130742049,0.0,1,1,0,0,1,1,2283,0,0,0,0,0
2020-07-29,US,North Dakota,Dunn,26,0,0,47.35423935,-102.61604679999999,38025.0,587.7034358047016,0.0,26,26,0,0,26,26,4332,0,0,0,0,0
2020-07-29,US,North Dakota,Eddy,13,0,0,47.71701474,-98.90432337,38027.0,568.4302579798863,0.0,13,13,0,0,13,12,2313,0,0,0,0,1
2020-07-29,US,North Dakota,Emmons,14,1,0,46.28398398,-100.2389766,38029.0,431.96544276457877,7.142857142857142,13,14,1,0,13,14,3295,0,0,0,0,0
2020-07-29,US,North Dakota,Foster,11,0,0,47.457108399999996,-98.88279923,38031.0,342.6791277258567,0.0,11,11,0,0,11,10,3216,0,0,0,0,1
2020-07-29,US,North Dakota,Golden Valley,4,0,0,46.94022281,-103.8465421,38033.0,227.14366837024414,0.0,4,4,0,0,4,4,1769,0,0,0,0,0
2020-07-29,US,North Dakota,Grand Forks,607,4,0,47.92093639,-97.45450447,38035.0,873.9974946365062,0.6589785831960461,603,605,4,0,601,601,70770,2,0,0,2,4
2020-07-29,US,North Dakota,Grant,4,0,0,46.35821257,-101.63900129999999,38037.0,175.9014951627089,0.0,4,4,0,0,4,4,2374,0,0,0,0,0
2020-07-29,US,North Dakota,Griggs,20,0,0,47.45785838,-98.23850925,38039.0,896.4589870013448,0.0,20,18,0,0,18,13,2232,2,0,0,2,5
2020-07-29,US,North Dakota,Hettinger,6,0,0,46.43375068,-102.4632417,38041.0,240.09603841536614,0.0,6,6,0,0,6,6,2514,0,0,0,0,0
2020-07-29,US,North Dakota,Kidder,10,0,0,46.97830064,-99.77507857,38043.0,403.22580645161287,0.0,10,10,0,0,10,10,2450,0,0,0,0,0
2020-07-29,US,North Dakota,LaMoure,14,0,0,46.45681054,-98.53542355,38045.0,346.02076124567475,0.0,14,14,0,0,14,14,4062,0,0,0,0,0
2020-07-29,US,North Dakota,Logan,3,0,0,46.45729487,-99.47719806,38047.0,162.16216216216216,0.0,3,2,0,0,2,1,1903,1,0,0,1,1
2020-07-29,US,North Dakota,McHenry,14,1,0,48.23104458,-100.6324822,38049.0,243.69016536118363,7.142857142857142,13,12,1,0,11,12,5816,2,0,0,2,0
2020-07-29,US,North Dakota,McIntosh,16,1,0,46.11182017,-99.44145858,38051.0,640.7689227072487,6.25,15,16,1,0,15,15,2585,0,0,0,0,1
2020-07-29,US,North Dakota,McKenzie,71,1,0,47.74133370000001,-103.395905,38053.0,472.5772097976571,1.4084507042253518,70,66,1,0,65,65,13632,5,0,0,5,1
2020-07-29,US,North Dakota,McLean,29,0,0,47.60766714,-101.3182418,38055.0,306.8783068783069,0.0,29,28,0,0,28,25,9541,1,0,0,1,3
2020-07-29,US,North Dakota,Mercer,20,0,0,47.31213126,-101.8318399,38057.0,244.28972761695368,0.0,20,20,0,0,20,19,8267,0,0,0,0,1
2020-07-29,US,North Dakota,Morton,252,3,0,46.71681782,-101.2822377,38059.0,803.4689452875908,1.1904761904761905,249,242,3,0,239,231,31095,10,0,0,10,11
2020-07-29,US,North Dakota,Mountrail,107,1,0,48.20197971,-102.3555315,38061.0,1014.6989094357516,0.9345794392523364,106,102,1,0,101,101,10218,5,0,0,5,1
2020-07-29,US,North Dakota,Nelson,10,0,0,47.9226426,-98.19038437,38063.0,347.34282737061477,0.0,10,8,0,0,8,5,2869,2,0,0,2,3
2020-07-29,US,North Dakota,Oliver,6,0,0,47.11530482,-101.3406158,38065.0,306.27871362940283,0.0,6,6,0,0,6,6,1952,0,0,0,0,0
2020-07-29,US,North Dakota,Pembina,28,0,0,48.76623521,-97.5523809,38067.0,411.70416115277163,0.0,28,28,0,0,28,27,6947,0,0,0,0,1
2020-07-29,US,North Dakota,Pierce,8,0,0,48.24977025,-99.96407787,38069.0,201.2578616352201,0.0,8,8,0,0,8,8,4081,0,0,0,0,0
2020-07-29,US,North Dakota,Ramsey,34,1,0,48.26886249,-98.72223879,38071.0,295.1645108082298,2.9411764705882355,33,31,1,0,30,30,11481,3,0,0,3,1
2020-07-29,US,North Dakota,Ransom,25,0,0,46.45621782,-97.65742504,38073.0,479.11077041011885,0.0,25,25,0,0,25,25,5237,0,0,0,0,0
2020-07-29,US,North Dakota,Renville,9,0,0,48.71982533,-101.6603912,38075.0,386.7640739149119,0.0,9,9,0,0,9,9,2374,0,0,0,0,0
2020-07-29,US,North Dakota,Richland,77,0,0,46.26440649,-96.94852979,38077.0,475.9844223279965,0.0,77,77,0,0,77,75,16239,0,0,0,0,2
2020-07-29,US,North Dakota,Rolette,21,0,0,48.77245354,-99.84097493,38079.0,148.13769751693002,0.0,21,20,0,0,20,18,14301,1,0,0,1,2
2020-07-29,US,North Dakota,Sargent,8,0,0,46.10830372,-97.63217159,38081.0,205.2334530528476,0.0,8,8,0,0,8,8,3870,0,0,0,0,0
2020-07-29,US,North Dakota,Sheridan,5,0,0,47.57700669,-100.3426391,38083.0,380.22813688212926,0.0,5,5,0,0,5,5,1349,0,0,0,0,0
2020-07-29,US,North Dakota,Sioux,56,0,0,46.11323337,-101.04401490000001,38085.0,1323.8770685579195,0.0,56,54,0,0,54,51,4358,2,0,0,2,3
2020-07-29,US,North Dakota,Slope,3,0,0,46.44737738,-103.4601547,38087.0,400.0,0.0,3,3,0,0,3,3,763,0,0,0,0,0
2020-07-29,US,North Dakota,Stark,164,3,0,46.80851182,-102.65763259999999,38089.0,520.8167931658675,1.8292682926829267,161,164,3,0,161,152,30997,0,0,0,0,12
2020-07-29,US,North Dakota,Steele,10,0,0,47.45611548,-97.72728747,38091.0,529.1005291005291,0.0,10,10,0,0,10,10,1903,0,0,0,0,0
2020-07-29,US,North Dakota,Stutsman,103,2,0,46.97962541,-98.95637318,38093.0,497.48840803709436,1.9417475728155342,101,101,2,0,99,101,20917,2,0,0,2,0
2020-07-29,US,North Dakota,Towner,5,0,0,48.68565745,-99.24564265,38095.0,228.41480127912288,0.0,5,5,0,0,5,5,2192,0,0,0,0,0
2020-07-29,US,North Dakota,Traill,42,0,0,47.45367788,-97.16323288,38097.0,522.6480836236934,0.0,42,39,0,0,39,36,8037,3,0,0,3,3
2020-07-29,US,North Dakota,Walsh,94,0,0,48.36876964,-97.72574783,38099.0,883.3756225918618,0.0,94,94,0,0,94,95,10667,0,0,0,0,-1
2020-07-29,US,North Dakota,Ward,164,1,0,48.22390169,-101.54367629999999,38101.0,242.4564982776718,0.6097560975609756,163,158,1,0,157,151,67744,6,0,0,6,7
2020-07-29,US,North Dakota,Wells,14,0,0,47.58614526,-99.65904998,38103.0,365.1538862806468,0.0,14,14,0,0,14,13,3957,0,0,0,0,1
2020-07-29,US,North Dakota,Williams,210,2,0,48.34522353,-103.4793387,38105.0,558.6740801830323,0.9523809523809524,208,207,2,0,205,202,35350,3,0,0,3,5
2020-07-29,US,Ohio,Adams,51,2,0,38.84541072,-83.4718964,39001.0,184.12881796519605,3.92156862745098,49,48,2,0,46,44,27724,3,0,0,3,4
2020-07-29,US,Ohio,Allen,583,41,0,40.77285242,-84.10802343,39003.0,569.60850406933,7.032590051457976,542,571,41,0,530,560,102663,12,0,0,12,11
2020-07-29,US,Ohio,Ashland,121,3,0,40.84772277,-82.27280781,39005.0,226.2358836287488,2.479338842975207,118,118,4,0,114,118,53745,3,-1,0,4,0
2020-07-29,US,Ohio,Ashtabula,525,44,0,41.70860332,-80.74830218,39007.0,539.895722997501,8.380952380952381,481,517,44,0,473,514,97493,8,0,0,8,3
2020-07-29,US,Ohio,Athens,330,1,0,39.33425634,-82.04278644,39009.0,505.1510095366388,0.30303030303030304,329,326,1,0,325,319,65818,4,0,0,4,7
2020-07-29,US,Ohio,Auglaize,189,5,0,40.55998859,-84.22421429999999,39011.0,413.96530576485014,2.6455026455026456,184,182,5,0,177,174,45804,7,0,0,7,8
2020-07-29,US,Ohio,Belmont,588,26,0,40.01625942,-80.9924051,39013.0,877.5333552219204,4.421768707482993,562,586,26,0,560,585,67505,2,0,0,2,1
2020-07-29,US,Ohio,Brown,96,1,0,38.93416837,-83.86788395,39015.0,221.0351814330448,1.0416666666666667,95,91,1,0,90,88,43602,5,0,0,5,3
2020-07-29,US,Ohio,Butler,2517,58,0,39.44012838,-84.57388716,39017.0,656.9503098132767,2.304330552244736,2459,2476,57,0,2419,2455,382378,41,1,0,40,21
2020-07-29,US,Ohio,Carroll,103,5,0,40.578968599999996,-81.09178213,39019.0,382.7004532956825,4.854368932038835,98,101,5,0,96,97,27081,2,0,0,2,4
2020-07-29,US,Ohio,Champaign,92,1,0,40.13923427,-83.76875242,39021.0,236.5950880802366,1.0869565217391304,91,86,1,0,85,85,38754,6,0,0,6,1
2020-07-29,US,Ohio,Clark,1031,13,0,39.91592258,-83.78498252,39023.0,768.9267095754122,1.2609117361784674,1018,1023,12,0,1011,1002,134585,8,1,0,7,21
2020-07-29,US,Ohio,Clermont,754,10,0,39.04847534,-84.15375786,39025.0,365.2605266727382,1.326259946949602,744,739,10,0,729,725,205466,15,0,0,15,14
2020-07-29,US,Ohio,Clinton,134,6,0,39.41485808,-83.80852286,39027.0,319.2908882958445,4.477611940298506,128,132,5,0,127,132,42057,2,1,0,1,0
2020-07-29,US,Ohio,Columbiana,1523,60,0,40.76932373,-80.78094576,39029.0,1494.8519380073221,3.939592908732765,1463,1510,60,0,1450,1507,102665,13,0,0,13,3
2020-07-29,US,Ohio,Coshocton,180,5,0,40.30096166,-81.91729018,39031.0,491.80327868852464,2.7777777777777777,175,179,5,0,174,175,36629,1,0,0,1,4
2020-07-29,US,Ohio,Crawford,160,5,0,40.85065156,-82.91989099,39033.0,385.59791777124406,3.125,155,158,5,0,153,158,41550,2,0,0,2,0
2020-07-29,US,Ohio,Cuyahoga,12088,465,0,41.424119,-81.65918339,39035.0,978.7283656337444,3.8467902051621436,11623,11938,460,0,11478,11788,1243857,150,5,0,145,150
2020-07-29,US,Ohio,Darke,304,26,0,40.13412966,-84.6194517,39037.0,594.7606284115587,8.552631578947368,278,281,26,0,255,279,51323,23,0,0,23,2
2020-07-29,US,Ohio,Defiance,120,4,0,41.32398837,-84.49076944,39039.0,315.0681334838659,3.333333333333333,116,118,4,0,114,115,38165,2,0,0,2,3
2020-07-29,US,Ohio,Delaware,1112,17,0,40.27942393,-83.00457058,39041.0,531.6072034688326,1.5287769784172662,1095,1095,17,0,1078,1073,204826,17,0,0,17,22
2020-07-29,US,Ohio,Erie,468,25,0,41.36796058,-82.62904521,39043.0,630.1672366897369,5.3418803418803416,443,458,24,0,434,449,74615,10,1,0,9,9
2020-07-29,US,Ohio,Fairfield,1141,21,0,39.75107189,-82.63088163,39045.0,724.104230393339,1.8404907975460123,1120,1102,21,0,1081,1091,155782,39,0,0,39,11
2020-07-29,US,Ohio,Fayette,76,0,0,39.56021306,-83.4562016,39047.0,266.43295354951795,0.0,76,73,0,0,73,71,28666,3,0,0,3,2
2020-07-29,US,Ohio,Franklin,16311,502,0,39.96995815,-83.01115755,39049.0,1238.7260813696691,3.0776776408558635,15809,16042,496,0,15546,15862,1310300,269,6,0,263,180
2020-07-29,US,Ohio,Fulton,127,0,0,41.60213491,-84.12571393,39051.0,301.4765228125148,0.0,127,127,0,0,127,122,42276,0,0,0,0,5
2020-07-29,US,Ohio,Gallia,49,1,0,38.82708533,-82.31647569,39053.0,163.89056124155462,2.0408163265306123,48,46,1,0,45,44,29979,3,0,0,3,2
2020-07-29,US,Ohio,Geauga,513,43,0,41.49952319,-81.17935342,39055.0,547.7901525910581,8.382066276803119,470,509,43,0,466,506,94031,4,0,0,4,3
2020-07-29,US,Ohio,Greene,587,11,0,39.69116283,-83.89032084,39057.0,347.46680715296236,1.8739352640545144,576,568,11,0,557,554,167995,19,0,0,19,14
2020-07-29,US,Ohio,Guernsey,102,6,0,40.05026529,-81.49248905,39059.0,262.37942122186496,5.882352941176472,96,101,6,0,95,99,39022,1,0,0,1,2
2020-07-29,US,Ohio,Hamilton,8702,240,0,39.19673558,-84.54502924,39061.0,1064.4999896021034,2.7579866697310953,8462,8633,233,0,8400,8591,816684,69,7,0,62,42
2020-07-29,US,Ohio,Hancock,279,2,0,41.00250487,-83.66838948,39063.0,368.15644669648873,0.7168458781362007,277,269,2,0,267,245,75930,10,0,0,10,24
2020-07-29,US,Ohio,Hardin,146,12,0,40.66015414,-83.65929931,39065.0,465.48700781125456,8.219178082191782,134,146,12,0,134,143,31480,0,0,0,0,3
2020-07-29,US,Ohio,Harrison,18,1,0,40.29380509,-81.09068544,39067.0,119.6808510638298,5.5555555555555545,17,17,1,0,16,16,15174,1,0,0,1,1
2020-07-29,US,Ohio,Henry,98,1,0,41.333964200000004,-84.06830637,39069.0,362.8823224468637,1.020408163265306,97,96,1,0,95,95,27086,2,0,0,2,1
2020-07-29,US,Ohio,Highland,106,1,0,39.1839264,-83.60331456,39071.0,245.59208544751044,0.9433962264150944,105,103,1,0,102,96,43058,3,0,0,3,7
2020-07-29,US,Ohio,Hocking,103,9,0,39.49537927,-82.47991446,39073.0,364.4211718086612,8.737864077669903,94,102,9,0,93,101,28385,1,0,0,1,1
2020-07-29,US,Ohio,Holmes,315,5,0,40.56163713,-81.92635677,39075.0,716.5605095541401,1.5873015873015872,310,313,5,0,308,313,43892,2,0,0,2,0
2020-07-29,US,Ohio,Huron,349,3,0,41.14651175,-82.59867951,39077.0,598.9771050012014,0.8595988538681948,346,343,3,0,340,334,58504,6,0,0,6,9
2020-07-29,US,Ohio,Jackson,62,0,0,39.01914254,-82.61818559999998,39079.0,191.28127603122203,0.0,62,59,0,0,59,55,32384,3,0,0,3,4
2020-07-29,US,Ohio,Jefferson,189,2,0,40.38614126,-80.76259514,39081.0,289.3226176808266,1.058201058201058,187,185,2,0,183,178,65767,4,0,0,4,7
2020-07-29,US,Ohio,Knox,139,2,0,40.39830217,-82.42027563,39083.0,223.03520426173745,1.4388489208633093,137,131,2,0,129,127,61893,8,0,0,8,4
2020-07-29,US,Ohio,Lake,971,31,0,41.69710807,-81.23676539,39085.0,421.9005948320436,3.192584963954686,940,957,29,0,928,929,230514,14,2,0,12,28
2020-07-29,US,Ohio,Lawrence,198,0,0,38.59743452,-82.53466552,39087.0,332.9801725442712,0.0,198,191,0,0,191,186,59866,7,0,0,7,5
2020-07-29,US,Ohio,Licking,1014,31,0,40.09136236,-82.48185785,39089.0,573.3283577026158,3.0571992110453654,983,985,29,0,956,953,175769,29,2,0,27,32
2020-07-29,US,Ohio,Logan,107,1,0,40.38996525,-83.76784341,39091.0,234.2792082676476,0.9345794392523364,106,104,1,0,103,102,45358,3,0,0,3,2
2020-07-29,US,Ohio,Lorain,1534,75,0,41.29553751,-82.15083537,39093.0,495.10542776269796,4.889178617992178,1459,1513,75,0,1438,1484,309461,21,0,0,21,29
2020-07-29,US,Ohio,Lucas,4407,313,0,41.62101218,-83.65468618,39095.0,1028.8363666925025,7.102337190832766,4094,4304,312,0,3992,4146,429899,103,1,0,102,158
2020-07-29,US,Ohio,Madison,299,9,0,39.89381073,-83.40178317,39097.0,668.4402316067158,3.0100334448160537,290,285,9,0,276,276,44413,14,0,0,14,9
2020-07-29,US,Ohio,Mahoning,2321,249,0,41.01631101,-80.77287029,39099.0,1014.9420813965183,10.728134424816892,2072,2306,249,0,2057,2280,229642,15,0,0,15,26
2020-07-29,US,Ohio,Marion,2841,42,0,40.58610662,-83.15736305,39101.0,4364.524603259952,1.478352692713833,2799,2836,42,0,2794,2825,65256,5,0,0,5,11
2020-07-29,US,Ohio,Medina,786,33,0,41.11770589,-81.89986209999998,39103.0,437.28372258631623,4.198473282442748,753,775,32,0,743,765,179146,11,1,0,10,10
2020-07-29,US,Ohio,Meigs,23,0,0,39.09224872,-82.0305041,39105.0,100.40598943554373,0.0,23,23,0,0,23,23,23106,0,0,0,0,0
2020-07-29,US,Ohio,Mercer,470,13,0,40.54043046,-84.62912742,39107.0,1141.552511415525,2.765957446808511,457,456,13,0,443,449,40959,14,0,0,14,7
2020-07-29,US,Ohio,Miami,711,36,0,40.0543329,-84.22871271,39109.0,664.566723059811,5.063291139240507,675,698,35,0,663,681,106222,13,1,0,12,17
2020-07-29,US,Ohio,Monroe,89,17,0,39.72984936,-81.08464734,39111.0,651.8236414237588,19.101123595505623,72,89,17,0,72,89,13790,0,0,0,0,0
2020-07-29,US,Ohio,Montgomery,3747,65,0,39.75394919,-84.29050975,39113.0,704.7379379221234,1.7347211102215103,3682,3653,58,0,3595,3567,532331,94,7,0,87,86
2020-07-29,US,Ohio,Morgan,17,0,0,39.62081738,-81.85308173,39115.0,117.17673007995589,0.0,17,17,0,0,17,16,14604,0,0,0,0,1
2020-07-29,US,Ohio,Morrow,151,2,0,40.52363560000001,-82.7892599,39117.0,427.4230072463768,1.3245033112582782,149,150,2,0,148,151,35112,1,0,0,1,-1
2020-07-29,US,Ohio,Muskingum,158,1,0,39.96575964,-81.94363275,39119.0,183.26277329930986,0.6329113924050633,157,153,1,0,152,150,86183,5,0,0,5,3
2020-07-29,US,Ohio,Noble,16,0,0,39.76818851,-81.45937183,39121.0,110.92623405435387,0.0,16,16,0,0,16,16,14354,0,0,0,0,0
2020-07-29,US,Ohio,Ottawa,324,24,0,41.53781826,-83.0940185,39123.0,799.5064774830353,7.407407407407407,300,321,24,0,297,316,40769,3,0,0,3,5
2020-07-29,US,Ohio,Paulding,56,0,0,41.11676341,-84.5801017,39125.0,299.9143101970865,0.0,56,55,0,0,55,55,18760,1,0,0,1,0
2020-07-29,US,Ohio,Perry,80,1,0,39.73508655,-82.23804971,39127.0,221.39812918580841,1.25,79,78,1,0,77,74,36033,2,0,0,2,4
2020-07-29,US,Ohio,Pickaway,2332,42,0,39.64170392,-83.0243386,39129.0,3989.2570607455054,1.8010291595197256,2290,2324,42,0,2282,2314,58086,8,0,0,8,10
2020-07-29,US,Ohio,Pike,55,0,0,39.07634001,-83.06769584,39131.0,198.04119256805416,0.0,55,53,0,0,53,50,28067,2,0,0,2,3
2020-07-29,US,Ohio,Portage,686,59,0,41.16793482,-81.19735782,39133.0,422.2421922125245,8.60058309037901,627,676,59,0,617,663,162927,10,0,0,10,13
2020-07-29,US,Ohio,Preble,131,2,0,39.7420247,-84.64787018,39135.0,320.43442101658434,1.5267175572519085,129,126,2,0,124,126,40997,5,0,0,5,0
2020-07-29,US,Ohio,Putnam,177,17,0,41.02094889,-84.1336111,39137.0,522.725259147692,9.604519774011301,160,177,16,0,161,176,33780,0,1,0,-1,1
2020-07-29,US,Ohio,Richland,496,10,0,40.77180308,-82.53799609999999,39139.0,409.3963055285009,2.0161290322580645,486,491,9,0,482,487,121099,5,1,0,4,4
2020-07-29,US,Ohio,Ross,327,5,0,39.33705391,-83.06000914,39141.0,426.52544804737437,1.529051987767584,322,300,5,0,295,283,76931,27,0,0,27,17
2020-07-29,US,Ohio,Sandusky,293,16,0,41.35624126,-83.137872,39143.0,500.70063911958715,5.460750853242321,277,288,16,0,272,282,58799,5,0,0,5,6
2020-07-29,US,Ohio,Scioto,155,1,0,38.80270163,-82.98907345,39145.0,205.80502960936886,0.6451612903225806,154,145,1,0,144,138,75502,10,0,0,10,7
2020-07-29,US,Ohio,Seneca,120,3,0,41.12351311,-83.12783209,39147.0,217.47798035448918,2.5,117,117,3,0,114,112,55207,3,0,0,3,5
2020-07-29,US,Ohio,Shelby,135,4,0,40.33163494,-84.20258189,39149.0,277.83494546202917,2.962962962962963,131,126,4,0,122,121,48627,9,0,0,9,5
2020-07-29,US,Ohio,Stark,1587,128,0,40.81482476,-81.36437305,39151.0,428.21756798324907,8.065532451165721,1459,1563,126,0,1437,1533,371574,24,2,0,22,30
2020-07-29,US,Ohio,Summit,3067,216,0,41.12464734,-81.53123079,39153.0,566.8995014907223,7.0427127486142815,2851,3011,216,0,2795,2951,541918,56,0,0,56,60
2020-07-29,US,Ohio,Trumbull,1347,97,0,41.31735028,-80.76109643,39155.0,680.3923747562811,7.201187824795843,1250,1324,96,0,1228,1312,198627,23,1,0,22,12
2020-07-29,US,Ohio,Tuscarawas,730,12,0,40.44214695,-81.47226262,39157.0,793.5903986432866,1.643835616438356,718,726,12,0,714,723,92176,4,0,0,4,3
2020-07-29,US,Ohio,Union,197,1,0,40.30016061,-83.37239023,39159.0,333.96623041974635,0.5076142131979695,196,195,1,0,194,190,57835,2,0,0,2,5
2020-07-29,US,Ohio,Van Wert,63,1,0,40.8554138,-84.59111700000003,39161.0,222.8116710875332,1.5873015873015872,62,62,1,0,61,61,28281,1,0,0,1,1
2020-07-29,US,Ohio,Vinton,28,2,0,39.25208988,-82.4831444,39163.0,213.98547955674442,7.142857142857142,26,27,2,0,25,26,13139,1,0,0,1,1
2020-07-29,US,Ohio,Warren,1481,33,0,39.42581994,-84.16557457,39165.0,631.2819157551941,2.2282241728561782,1448,1451,33,0,1418,1421,232173,30,0,0,30,30
2020-07-29,US,Ohio,Washington,190,21,0,39.45690571,-81.49121382,39167.0,317.1370866785732,11.052631578947368,169,185,21,0,164,180,60155,5,0,0,5,5
2020-07-29,US,Ohio,Wayne,463,58,0,40.82925852,-81.88844833,39169.0,400.1382767262985,12.526997840172784,405,452,58,0,394,447,115967,11,0,0,11,5
2020-07-29,US,Ohio,Williams,110,3,0,41.56052014,-84.58429552,39171.0,299.79287038046436,2.727272727272727,107,110,3,0,107,108,36804,0,0,0,0,2
2020-07-29,US,Ohio,Wood,809,58,0,41.36224827,-83.62285108,39173.0,618.4211532140317,7.1693448702101366,751,795,58,0,737,749,130696,14,0,0,14,46
2020-07-29,US,Ohio,Wyandot,113,5,0,40.84339621,-83.30734173,39175.0,519.0152489435974,4.424778761061948,108,110,5,0,105,106,21935,3,0,0,3,4
2020-07-29,US,Oklahoma,Adair,268,5,0,35.88494195,-94.65859267,40001.0,1207.5335676308912,1.8656716417910448,263,266,5,0,261,246,22082,2,0,0,2,20
2020-07-29,US,Oklahoma,Alfalfa,4,0,0,36.73090616,-98.32408495,40003.0,70.1508242721852,0.0,4,3,0,0,3,3,5754,1,0,0,1,0
2020-07-29,US,Oklahoma,Atoka,57,0,0,34.37366573,-96.03802487,40005.0,414.3044047099869,0.0,57,58,0,0,58,58,13838,-1,0,0,-1,0
2020-07-29,US,Oklahoma,Beaver,36,0,0,36.7496847,-100.4758872,40007.0,677.8384485031067,0.0,36,35,0,0,35,35,5319,1,0,0,1,0
2020-07-29,US,Oklahoma,Beckham,40,0,0,35.26862449,-99.68128023,40009.0,182.99098769385608,0.0,40,38,0,0,38,37,21709,2,0,0,2,1
2020-07-29,US,Oklahoma,Blaine,38,0,0,35.87518314,-98.43307003,40011.0,403.01198430374376,0.0,38,34,0,0,34,29,9485,4,0,0,4,5
2020-07-29,US,Oklahoma,Bryan,359,1,0,33.96472458,-96.25903472,40013.0,747.9945827690384,0.2785515320334262,358,356,1,0,355,323,47192,3,0,0,3,33
2020-07-29,US,Oklahoma,Caddo,328,13,0,35.17364557,-98.37534464,40015.0,1140.3935748557124,3.963414634146341,315,304,12,0,292,289,28977,24,1,0,23,15
2020-07-29,US,Oklahoma,Canadian,941,5,0,35.5426055,-97.98465569,40017.0,634.4989413779617,0.5313496280552603,936,913,5,0,908,877,144447,28,0,0,28,36
2020-07-29,US,Oklahoma,Carter,277,3,0,34.25103751,-97.28552485,40019.0,575.7519070482841,1.083032490974729,274,267,3,0,264,259,48177,10,0,0,10,8
2020-07-29,US,Oklahoma,Cherokee,274,1,0,35.90692775,-94.99980896,40021.0,563.1255523357379,0.36496350364963503,273,270,1,0,269,240,48675,4,0,0,4,30
2020-07-29,US,Oklahoma,Choctaw,158,1,0,34.02807439,-95.54771129,40023.0,1076.8811341330425,0.6329113924050633,157,157,1,0,156,155,14668,1,0,0,1,2
2020-07-29,US,Oklahoma,Cimarron,1,0,0,36.74817177,-102.5173885,40025.0,46.79457182966776,0.0,1,1,0,0,1,1,2153,0,0,0,0,0
2020-07-29,US,Oklahoma,Cleveland,2382,45,0,35.20413532,-97.32519562,40027.0,838.6910504411754,1.889168765743073,2337,2209,42,0,2167,2170,281669,173,3,0,170,39
2020-07-29,US,Oklahoma,Coal,27,0,0,34.58840127,-96.29798747,40029.0,491.35577797998184,0.0,27,27,0,0,27,25,5520,0,0,0,0,2
2020-07-29,US,Oklahoma,Comanche,735,10,0,34.65973764,-98.47195055,40031.0,608.7006931734426,1.3605442176870748,725,723,9,0,714,700,120422,12,1,0,11,23
2020-07-29,US,Oklahoma,Cotton,16,2,0,34.28845626,-98.37053567,40033.0,282.3861630780092,12.5,14,17,2,0,15,16,5776,-1,0,0,-1,1
2020-07-29,US,Oklahoma,Craig,64,0,0,36.76268118,-95.20916602,40035.0,452.55267996040163,0.0,64,62,0,0,62,52,14306,2,0,0,2,10
2020-07-29,US,Oklahoma,Creek,441,12,0,35.90230551,-96.37086028,40037.0,616.5934957076145,2.7210884353741496,429,429,12,0,417,410,71604,12,0,0,12,19
2020-07-29,US,Oklahoma,Custer,161,0,0,35.63853802,-99.00170785,40039.0,555.1149881046788,0.0,161,162,0,0,162,157,29036,-1,0,0,-1,5
2020-07-29,US,Oklahoma,Delaware,381,19,0,36.40823634,-94.80325046,40041.0,885.8610988397777,4.986876640419948,362,379,19,0,360,370,42733,2,0,0,2,9
2020-07-29,US,Oklahoma,Dewey,7,0,0,35.98772922,-99.00730714,40043.0,143.1200163565733,0.0,7,6,0,0,6,6,4894,1,0,0,1,0
2020-07-29,US,Oklahoma,Ellis,3,0,0,36.2180194,-99.75324573,40045.0,77.74034724021767,0.0,3,3,0,0,3,4,3952,0,0,0,0,-1
2020-07-29,US,Oklahoma,Garfield,322,4,0,36.3791334,-97.78265517,40047.0,527.3846960167715,1.2422360248447204,318,306,4,0,302,291,60913,16,0,0,16,15
2020-07-29,US,Oklahoma,Garvin,190,4,0,34.70418038,-97.30811132,40049.0,685.6482985096171,2.1052631578947367,186,184,4,0,180,176,27811,6,0,0,6,8
2020-07-29,US,Oklahoma,Grady,387,6,0,35.0167709,-97.88339847,40051.0,693.1260522262421,1.5503875968992251,381,380,6,0,374,376,55551,7,0,0,7,4
2020-07-29,US,Oklahoma,Grant,9,0,0,36.796297,-97.78638765,40053.0,207.70828525271176,0.0,9,10,0,0,10,7,4326,-1,0,0,-1,3
2020-07-29,US,Oklahoma,Greer,79,7,0,34.93535801,-99.5605612,40055.0,1383.0532212885157,8.860759493670884,72,79,7,0,72,78,5821,0,0,0,0,1
2020-07-29,US,Oklahoma,Harmon,12,0,0,34.7440135,-99.84741652,40057.0,452.31813041839433,0.0,12,9,0,0,9,5,2664,3,0,0,3,4
2020-07-29,US,Oklahoma,Harper,5,0,0,36.78836519,-99.6679804,40059.0,135.57483731019522,0.0,5,5,0,0,5,4,3797,0,0,0,0,1
2020-07-29,US,Oklahoma,Haskell,30,0,0,35.22257600000001,-95.11513306,40061.0,237.5861249703017,0.0,30,29,0,0,29,29,12668,1,0,0,1,0
2020-07-29,US,Oklahoma,Hughes,92,1,0,35.04912569,-96.24921145,40063.0,692.82325476316,1.0869565217391304,91,86,1,0,85,78,13335,6,0,0,6,8
2020-07-29,US,Oklahoma,Jackson,424,3,0,34.58781741,-99.41138784,40065.0,1728.4957195271095,0.7075471698113207,421,395,3,0,392,383,24949,29,0,0,29,12
2020-07-29,US,Oklahoma,Jefferson,28,0,0,34.11130184,-97.83182974,40067.0,466.5111629456848,0.0,28,27,0,0,27,27,6123,1,0,0,1,0
2020-07-29,US,Oklahoma,Johnston,36,0,0,34.31440473,-96.66011537,40069.0,324.76319350473614,0.0,36,36,0,0,36,36,10949,0,0,0,0,0
2020-07-29,US,Oklahoma,Kay,199,10,0,36.81799745,-97.14421435,40071.0,457.0719830952272,5.025125628140704,189,198,10,0,188,188,44161,1,0,0,1,10
2020-07-29,US,Oklahoma,Kingfisher,96,0,0,35.94530008,-97.94193268,40073.0,608.9438629876307,0.0,96,88,0,0,88,81,15816,8,0,0,8,7
2020-07-29,US,Oklahoma,Kiowa,24,1,0,34.91671958,-98.97720696,40075.0,275.6086357372531,4.166666666666667,23,24,1,0,23,24,8729,0,0,0,0,0
2020-07-29,US,Oklahoma,Latimer,57,1,0,34.87844729,-95.25215049,40077.0,565.8691551672789,1.7543859649122806,56,50,1,0,49,41,10231,7,0,0,7,9
2020-07-29,US,Oklahoma,Le Flore,167,1,0,34.89851864,-94.70392124,40079.0,334.9848554750968,0.5988023952095808,166,157,1,0,156,136,49980,10,0,0,10,21
2020-07-29,US,Oklahoma,Lincoln,106,2,0,35.70270942,-96.8812462,40081.0,303.9252229262838,1.8867924528301887,104,104,2,0,102,97,34920,2,0,0,2,7
2020-07-29,US,Oklahoma,Logan,164,1,0,35.91899576,-97.44352845,40083.0,341.58838599487615,0.6097560975609756,163,159,1,0,158,150,47291,5,0,0,5,9
2020-07-29,US,Oklahoma,Love,62,0,0,33.95273467,-97.23906784,40085.0,604.7010631034819,0.0,62,63,0,0,63,61,10134,-1,0,0,-1,2
2020-07-29,US,Oklahoma,Major,22,1,0,36.31149996,-98.53467076,40093.0,288.3733123607288,4.545454545454546,21,22,1,0,21,22,7644,0,0,0,0,0
2020-07-29,US,Oklahoma,Marshall,78,0,0,34.02311222,-96.76855464,40095.0,460.6934026342212,0.0,78,69,0,0,69,67,16806,9,0,0,9,2
2020-07-29,US,Oklahoma,Mayes,259,5,0,36.30179091,-95.23175116,40097.0,630.1703163017031,1.9305019305019304,254,257,5,0,252,247,41107,2,0,0,2,10
2020-07-29,US,Oklahoma,McClain,367,4,0,35.01123903,-97.44572302,40087.0,906.7549537974996,1.0899182561307903,363,356,4,0,352,349,39985,11,0,0,11,7
2020-07-29,US,Oklahoma,McCurtain,809,23,0,34.11664328,-94.77222373,40089.0,2464.059454191033,2.8430160692212607,786,804,21,0,783,791,32703,5,2,0,3,13
2020-07-29,US,Oklahoma,McIntosh,141,1,0,35.37235506,-95.66599306,40091.0,719.5345988977342,0.7092198581560284,140,138,1,0,137,127,19815,3,0,0,3,11
2020-07-29,US,Oklahoma,Murray,58,0,0,34.48116015,-97.06826283,40099.0,412.13671569672414,0.0,58,53,0,0,53,49,13953,5,0,0,5,4
2020-07-29,US,Oklahoma,Muskogee,396,16,0,35.61318461,-95.37802952,40101.0,582.3786343515155,4.040404040404041,380,387,16,0,371,359,68362,9,0,0,9,28
2020-07-29,US,Oklahoma,Noble,73,2,0,36.38953329,-97.22928674,40103.0,655.8260713323151,2.7397260273972597,71,74,2,0,72,74,11289,-1,0,0,-1,0
2020-07-29,US,Oklahoma,Nowata,51,1,0,36.79843529,-95.61902331,40105.0,506.15323541087736,1.96078431372549,50,49,1,0,48,47,10218,2,0,0,2,2
2020-07-29,US,Oklahoma,Okfuskee,49,0,0,35.46485198,-96.32639984,40107.0,408.5716668056366,0.0,49,46,0,0,46,42,12098,3,0,0,3,4
2020-07-29,US,Oklahoma,Oklahoma,8444,94,0,35.55140095,-97.40716948,40109.0,1058.8964102358314,1.113216485078162,8350,8274,92,0,8182,8019,792582,170,2,0,168,255
2020-07-29,US,Oklahoma,Okmulgee,353,1,0,35.64661916,-95.96432828,40111.0,917.7174054335112,0.28328611898017,352,349,0,0,349,326,38335,4,1,0,3,23
2020-07-29,US,Oklahoma,Osage,340,11,0,36.62888819,-96.39635704,40113.0,723.9741924493751,3.2352941176470584,329,334,10,0,324,325,47014,6,1,0,5,9
2020-07-29,US,Oklahoma,Ottawa,304,2,0,36.83532655,-94.81011909,40115.0,976.6440710637069,0.6578947368421053,302,297,2,0,295,277,31175,7,0,0,7,20
2020-07-29,US,Oklahoma,Pawnee,115,3,0,36.31743373,-96.7033176,40117.0,702.2471910112358,2.608695652173913,112,112,3,0,109,107,16390,3,0,0,3,5
2020-07-29,US,Oklahoma,Payne,635,3,0,36.07695283,-96.97584944,40119.0,776.435488604128,0.4724409448818898,632,626,3,0,623,622,82040,9,0,0,9,4
2020-07-29,US,Oklahoma,Pittsburg,159,3,0,34.92065823,-95.7513432,40121.0,364.227791267696,1.8867924528301887,156,158,3,0,155,143,43877,1,0,0,1,15
2020-07-29,US,Oklahoma,Pontotoc,159,2,0,34.72959848,-96.68337199,40123.0,415.31710375091416,1.2578616352201255,157,155,2,0,153,138,38247,4,0,0,4,17
2020-07-29,US,Oklahoma,Pottawatomie,329,6,0,35.20614018,-96.94923008,40125.0,453.2179854529425,1.82370820668693,323,318,6,0,312,305,72679,11,0,0,11,13
2020-07-29,US,Oklahoma,Pushmataha,79,0,0,34.41635232,-95.37603505,40127.0,711.9682768565248,0.0,79,78,0,0,78,67,11179,1,0,0,1,11
2020-07-29,US,Oklahoma,Roger Mills,7,0,0,35.68711719,-99.69666167,40129.0,195.36701088473347,0.0,7,7,0,0,7,6,3656,0,0,0,0,1
2020-07-29,US,Oklahoma,Rogers,701,13,0,36.37004357,-95.60406759,40131.0,758.1738932932435,1.854493580599144,688,693,13,0,680,654,91984,8,0,0,8,39
2020-07-29,US,Oklahoma,Seminole,175,5,0,35.16478725,-96.61686741,40133.0,721.411493115673,2.8571428571428568,170,165,5,0,160,146,24578,10,0,0,10,19
2020-07-29,US,Oklahoma,Sequoyah,199,4,0,35.49447108,-94.75463785,40135.0,478.7221246602034,2.010050251256281,195,191,3,0,188,160,41179,8,1,0,7,31
2020-07-29,US,Oklahoma,Stephens,164,2,0,34.48556989,-97.85141892,40137.0,380.13119161857077,1.2195121951219512,162,156,2,0,154,151,43265,8,0,0,8,5
2020-07-29,US,Oklahoma,Texas,1026,7,0,36.74777635,-101.4889765,40139.0,5134.364209578142,0.682261208576998,1019,1025,7,0,1018,1024,20455,1,0,0,1,1
2020-07-29,US,Oklahoma,Tillman,51,1,0,34.37288446,-98.92426619,40141.0,703.448275862069,1.96078431372549,50,47,1,0,46,47,7348,4,0,0,4,0
2020-07-29,US,Oklahoma,Tulsa,8319,94,0,36.11939621,-95.94013939,40143.0,1276.797554147635,1.1299435028248588,8225,8177,93,0,8084,7912,648360,142,1,0,141,265
2020-07-29,US,Oklahoma,Unassigned,18,0,0,0.0,0.0,90040.0,0.0,0.0,18,18,0,0,18,157,,0,0,0,0,-139
2020-07-29,US,Oklahoma,Wagoner,640,22,0,35.96024096,-95.51911308,40145.0,787.3143967818526,3.4375,618,631,21,0,610,606,80110,9,1,0,8,25
2020-07-29,US,Oklahoma,Washington,547,39,0,36.71380786,-95.90514104,40147.0,1061.5793661575483,7.1297989031078615,508,540,39,0,501,531,51843,7,0,0,7,9
2020-07-29,US,Oklahoma,Washita,23,0,0,35.29071824,-98.99180434,40149.0,210.69989006962257,0.0,23,18,0,0,18,17,11127,5,0,0,5,1
2020-07-29,US,Oklahoma,Woods,15,0,0,36.76705782,-98.86573064,40151.0,170.590242238144,0.0,15,15,0,0,15,13,8897,0,0,0,0,2
2020-07-29,US,Oklahoma,Woodward,31,0,0,36.42316318,-99.26283045,40153.0,153.3818217802187,0.0,31,28,0,0,28,28,20222,3,0,0,3,0
2020-07-29,US,Oregon,Baker,22,0,0,44.70915557,-117.6749883,41001.0,136.44257008186554,0.0,22,22,0,0,22,22,16006,0,0,0,0,0
2020-07-29,US,Oregon,Benton,141,6,0,44.49167306,-123.4316987,41003.0,151.52654938583387,4.25531914893617,135,138,6,0,132,136,92101,3,0,0,3,2
2020-07-29,US,Oregon,Clackamas,1319,36,0,45.18787398,-122.2179634,41005.0,315.40913514767317,2.7293404094010616,1283,1296,36,0,1260,1283,416075,23,0,0,23,13
2020-07-29,US,Oregon,Clatsop,71,0,0,45.99712889,-123.660711,41007.0,176.5115354017502,0.0,71,71,0,0,71,68,39764,0,0,0,0,3
2020-07-29,US,Oregon,Columbia,70,0,0,45.94464254,-123.0890898,41009.0,133.70516101921535,0.0,70,70,0,0,70,70,52377,0,0,0,0,0
2020-07-29,US,Oregon,Coos,80,0,0,43.17406868,-124.0594514,41011.0,124.05601128909704,0.0,80,80,0,0,80,80,64389,0,0,0,0,0
2020-07-29,US,Oregon,Crook,39,1,0,44.14230227,-120.356297,41013.0,159.80986723487953,2.5641025641025643,38,35,1,0,34,33,23867,4,0,0,4,2
2020-07-29,US,Oregon,Curry,14,0,0,42.45911325,-124.157282,41015.0,61.06870229007634,0.0,14,14,0,0,14,13,22813,0,0,0,0,1
2020-07-29,US,Oregon,Deschutes,494,5,0,43.91570171,-121.2289121,41017.0,249.88365740647063,1.0121457489878545,489,478,5,0,473,471,191996,16,0,0,16,7
2020-07-29,US,Oregon,Douglas,121,1,0,43.27941273,-123.167291,41019.0,109.02865381149755,0.8264462809917356,120,119,1,0,118,117,110283,2,0,0,2,2
2020-07-29,US,Oregon,Gilliam,3,0,0,45.37160076,-120.2048869,41021.0,156.90376569037656,0.0,3,3,0,0,3,3,1894,0,0,0,0,0
2020-07-29,US,Oregon,Grant,2,0,0,44.49024544,-119.0068631,41023.0,27.781636338380327,0.0,2,2,0,0,2,2,7176,0,0,0,0,0
2020-07-29,US,Oregon,Harney,8,0,0,43.06422669,-118.9666306,41025.0,108.21046936291086,0.0,8,8,0,0,8,7,7329,0,0,0,0,1
2020-07-29,US,Oregon,Hood River,157,0,0,45.51872811,-121.65520359999998,41027.0,671.4566760756138,0.0,157,151,0,0,151,151,23428,6,0,0,6,0
2020-07-29,US,Oregon,Jackson,325,1,0,42.43201126,-122.7289309,41029.0,147.09609674849736,0.3076923076923077,324,312,0,0,312,302,219564,13,1,0,12,10
2020-07-29,US,Oregon,Jefferson,281,3,0,44.62806839,-121.17832,41031.0,1139.5895855300512,1.0676156583629892,278,276,3,0,273,267,24192,5,0,0,5,9
2020-07-29,US,Oregon,Josephine,98,1,0,42.3665549,-123.5561938,41033.0,112.01664247259592,1.020408163265306,97,84,1,0,83,84,87393,14,0,0,14,0
2020-07-29,US,Oregon,Klamath,184,1,0,42.68762984,-121.64964609999998,41035.0,269.64447961546347,0.5434782608695652,183,182,1,0,181,180,67653,2,0,0,2,2
2020-07-29,US,Oregon,Lake,31,0,0,42.79246693,-120.3850163,41037.0,393.95094675308167,0.0,31,31,0,0,31,31,7879,0,0,0,0,0
2020-07-29,US,Oregon,Lane,474,3,0,43.93727035,-122.847753,41039.0,124.06201006629729,0.6329113924050633,471,461,3,0,458,455,379611,13,0,0,13,6
2020-07-29,US,Oregon,Lincoln,383,8,0,44.64252874,-123.869912,41041.0,766.5826027781113,2.0887728459530033,375,381,8,0,373,381,49388,2,0,0,2,0
2020-07-29,US,Oregon,Linn,229,10,0,44.48899494,-122.5373154,41043.0,176.49461652883645,4.366812227074236,219,229,10,0,219,224,127335,0,0,0,0,5
2020-07-29,US,Oregon,Malheur,616,9,0,43.1937027,-117.6227395,41045.0,2014.9815184325007,1.4610389610389611,607,599,9,0,590,584,30725,17,0,0,17,15
2020-07-29,US,Oregon,Marion,2495,67,0,44.90287942,-122.5815117,41047.0,717.3291779033863,2.685370741482966,2428,2474,67,0,2407,2437,346868,21,0,0,21,37
2020-07-29,US,Oregon,Morrow,260,2,0,45.41846568,-119.584546,41049.0,2240.799793156942,0.7692307692307693,258,256,1,0,255,250,11372,4,1,0,3,6
2020-07-29,US,Oregon,Multnomah,4201,87,0,45.54747959,-122.4169351,41051.0,516.8203431116251,2.0709354915496307,4114,4115,84,0,4031,4039,811880,86,3,0,83,76
2020-07-29,US,Oregon,Polk,269,12,0,44.90322804,-123.4128888,41053.0,312.48184933495963,4.4609665427509295,257,265,12,0,253,254,85234,4,0,0,4,11
2020-07-29,US,Oregon,Sherman,8,0,0,45.41501554,-120.6827834,41055.0,449.438202247191,0.0,8,8,0,0,8,8,1708,0,0,0,0,0
2020-07-29,US,Oregon,Tillamook,24,0,0,45.46248721,-123.712066,41057.0,88.7705281846427,0.0,24,24,0,0,24,24,26787,0,0,0,0,0
2020-07-29,US,Oregon,Umatilla,1802,20,0,45.59073056,-118.7353826,41059.0,2311.738293778063,1.109877913429523,1782,1796,17,0,1779,1723,77516,6,3,0,3,73
2020-07-29,US,Oregon,Union,386,2,0,45.30915495,-118.0068979,41061.0,1438.4199739146634,0.5181347150259067,384,385,2,0,383,385,26461,1,0,0,1,0
2020-07-29,US,Oregon,Wallowa,19,1,0,45.57894064,-117.18353799999998,41063.0,263.59600443951166,5.2631578947368425,18,18,1,0,17,18,7081,1,0,0,1,0
2020-07-29,US,Oregon,Wasco,150,3,0,45.16292781,-121.1670954,41065.0,562.1767483696874,2.0,147,147,3,0,144,147,26505,3,0,0,3,0
2020-07-29,US,Oregon,Washington,2638,22,0,45.55972701,-123.0955257,41067.0,438.5031715847285,0.8339651250947687,2616,2583,22,0,2561,2553,597695,55,0,0,55,30
2020-07-29,US,Oregon,Yamhill,307,10,0,45.23330449,-123.3086963,41071.0,286.64799253034545,3.2573289902280136,297,295,10,0,285,286,107002,12,0,0,12,9
2020-07-29,US,Pennsylvania,Adams,454,18,0,39.87140411,-77.21610347,42001.0,440.7381879253268,3.9647577092511015,436,448,18,0,430,442,102811,6,0,0,6,6
2020-07-29,US,Pennsylvania,Allegheny,7718,227,0,40.46809875,-79.98167747,42003.0,634.6804600158713,2.9411764705882355,7491,7593,223,0,7370,7474,1218452,125,4,0,121,119
2020-07-29,US,Pennsylvania,Armstrong,174,6,0,40.81665618,-79.46290811,42005.0,268.7881362477794,3.4482758620689653,168,169,6,0,163,166,65263,5,0,0,5,3
2020-07-29,US,Pennsylvania,Beaver,1176,85,0,40.6825484,-80.34921611,42007.0,717.3837454019728,7.227891156462585,1091,1164,85,0,1079,1127,164742,12,0,0,12,37
2020-07-29,US,Pennsylvania,Bedford,124,4,0,40.00522157,-78.48998442,42009.0,258.93752088205815,3.2258064516129035,120,123,4,0,119,123,48176,1,0,0,1,0
2020-07-29,US,Pennsylvania,Berks,5100,364,0,40.41570541,-75.92457766,42011.0,1210.9297090919451,7.137254901960786,4736,5080,364,0,4716,5044,420152,20,0,0,20,36
2020-07-29,US,Pennsylvania,Blair,199,2,0,40.47961444,-78.34917412,42013.0,163.34370305920598,1.0050251256281406,197,191,2,0,189,176,122492,8,0,0,8,15
2020-07-29,US,Pennsylvania,Bradford,80,3,0,41.78869215,-76.51570822,42015.0,132.61939890257443,3.75,77,76,3,0,73,75,60833,4,0,0,4,1
2020-07-29,US,Pennsylvania,Bucks,6796,574,0,40.33682119,-75.10836643,42017.0,1081.7005427602783,8.446144791053559,6222,6771,574,0,6197,6718,628195,25,0,0,25,53
2020-07-29,US,Pennsylvania,Butler,586,15,0,40.91152759,-79.91351055,42019.0,311.9460429165358,2.5597269624573378,571,577,14,0,563,562,187888,9,1,0,8,15
2020-07-29,US,Pennsylvania,Cambria,235,3,0,40.49527404,-78.71377428,42021.0,180.502642251444,1.2765957446808511,232,232,3,0,229,221,131730,3,0,0,3,11
2020-07-29,US,Pennsylvania,Cameron,5,0,0,41.43625568,-78.20376845,42023.0,112.4353496739375,0.0,5,5,0,0,5,5,4492,0,0,0,0,0
2020-07-29,US,Pennsylvania,Carbon,356,28,0,40.91545395,-75.7068525,42025.0,554.6726496525506,7.865168539325843,328,354,28,0,326,352,64227,2,0,0,2,2
2020-07-29,US,Pennsylvania,Centre,370,10,0,40.92058903,-77.82200624,42027.0,227.85355790251563,2.702702702702702,360,365,10,0,355,357,162805,5,0,0,5,8
2020-07-29,US,Pennsylvania,Chester,4796,346,0,39.97291773,-75.74768357,42029.0,913.5429504237233,7.214345287739782,4450,4780,343,0,4437,4709,522046,16,3,0,13,71
2020-07-29,US,Pennsylvania,Clarion,72,2,0,41.19265812,-79.42413524,42031.0,187.31463655757324,2.7777777777777777,70,72,2,0,70,72,38779,0,0,0,0,0
2020-07-29,US,Pennsylvania,Clearfield,120,0,0,41.00110782,-78.47592663,42033.0,151.4100056778752,0.0,120,120,0,0,120,116,79388,0,0,0,0,4
2020-07-29,US,Pennsylvania,Clinton,112,5,0,41.23255967,-77.63785995,42035.0,289.91509629322843,4.464285714285714,107,110,5,0,105,110,38684,2,0,0,2,0
2020-07-29,US,Pennsylvania,Columbia,453,35,0,41.04821986,-76.40565017,42037.0,697.3092789852843,7.7262693156732904,418,453,35,0,418,452,65456,0,0,0,0,1
2020-07-29,US,Pennsylvania,Crawford,120,1,0,41.68447709,-80.10760592,42039.0,141.79536565479918,0.8333333333333334,119,118,1,0,117,118,85063,2,0,0,2,0
2020-07-29,US,Pennsylvania,Cumberland,1180,70,0,40.1625372,-77.26130755,42041.0,465.7220665430005,5.932203389830509,1110,1165,70,0,1095,1142,251423,15,0,0,15,23
2020-07-29,US,Pennsylvania,Dauphin,2604,155,0,40.41377078,-76.77993242,42043.0,935.6842820132305,5.9523809523809526,2449,2585,154,0,2431,2559,277097,19,1,0,18,26
2020-07-29,US,Pennsylvania,Delaware,8551,684,0,39.91680171,-75.40243663,42045.0,1508.7861073812478,7.999064436907964,7867,8489,683,0,7806,8371,564751,62,1,0,61,118
2020-07-29,US,Pennsylvania,Elk,42,2,0,41.42822061,-78.64524744,42047.0,140.42126379137412,4.761904761904762,40,40,2,0,38,39,30169,2,0,0,2,1
2020-07-29,US,Pennsylvania,Erie,891,15,0,41.99253829,-80.03301954,42049.0,330.3327796891683,1.6835016835016836,876,871,15,0,856,865,272061,20,0,0,20,6
2020-07-29,US,Pennsylvania,Fayette,352,4,0,39.92041012,-79.64291195,42051.0,272.2898649380386,1.1363636363636365,348,336,4,0,332,314,130441,16,0,0,16,22
2020-07-29,US,Pennsylvania,Forest,9,0,0,41.51095103,-79.23229292,42053.0,124.1893197185042,0.0,9,9,0,0,9,7,7279,0,0,0,0,2
2020-07-29,US,Pennsylvania,Franklin,1231,46,0,39.92956518,-77.72157791,42055.0,794.0552290891264,3.7367993501218524,1185,1223,46,0,1177,1201,154835,8,0,0,8,22
2020-07-29,US,Pennsylvania,Fulton,22,2,0,39.92913544,-78.11163677,42057.0,151.41087405368202,9.090909090909092,20,21,2,0,19,21,14523,1,0,0,1,0
2020-07-29,US,Pennsylvania,Greene,103,0,0,39.85746531,-80.22357106,42059.0,284.2712444456712,0.0,103,100,0,0,100,99,36506,3,0,0,3,1
2020-07-29,US,Pennsylvania,Huntingdon,287,4,0,40.42162652,-77.97673273,42061.0,635.7433989012936,1.3937282229965158,283,287,4,0,283,286,45168,0,0,0,0,1
2020-07-29,US,Pennsylvania,Indiana,241,6,0,40.65241041,-79.08963285,42063.0,286.6556444994232,2.489626556016597,235,234,6,0,228,223,84501,7,0,0,7,11
2020-07-29,US,Pennsylvania,Jefferson,57,1,0,41.12913106,-78.9986361,42065.0,131.2607944732297,1.7543859649122806,56,55,1,0,54,51,43641,2,0,0,2,4
2020-07-29,US,Pennsylvania,Juniata,125,6,0,40.53358749,-77.39975129999998,42067.0,504.7853652626903,4.8,119,125,6,0,119,125,24704,0,0,0,0,0
2020-07-29,US,Pennsylvania,Lackawanna,1878,212,0,41.43564672,-75.60379201,42069.0,895.6761448725164,11.288604898828542,1666,1866,212,0,1654,1860,210793,12,0,0,12,6
2020-07-29,US,Pennsylvania,Lancaster,5414,405,0,40.03904563,-76.24770128,42071.0,992.0765808357338,7.480605836719617,5009,5376,403,0,4973,5328,543557,38,2,0,36,48
2020-07-29,US,Pennsylvania,Lawrence,319,11,0,40.99206278,-80.33393706,42073.0,373.0470577228927,3.4482758620689653,308,308,11,0,297,291,86184,11,0,0,11,17
2020-07-29,US,Pennsylvania,Lebanon,1559,54,0,40.36680311,-76.45651841,42075.0,1099.4901017680704,3.463758819756254,1505,1554,54,0,1500,1548,141314,5,0,0,5,6
2020-07-29,US,Pennsylvania,Lehigh,4775,335,0,40.6154815,-75.59435245,42077.0,1292.9237134393666,7.015706806282723,4440,4733,335,0,4398,4703,368100,42,0,0,42,30
2020-07-29,US,Pennsylvania,Luzerne,3225,183,0,41.17823008,-75.98447579,42079.0,1016.013635060504,5.674418604651162,3042,3191,183,0,3008,3156,317646,34,0,0,34,35
2020-07-29,US,Pennsylvania,Lycoming,306,20,0,41.34310539,-77.06629984,42081.0,270.0818189039621,6.5359477124183005,286,301,20,0,281,299,113664,5,0,0,5,2
2020-07-29,US,Pennsylvania,McKean,26,1,0,41.80938602,-78.56478358,42083.0,64.0,3.8461538461538463,25,26,1,0,25,26,40968,0,0,0,0,0
2020-07-29,US,Pennsylvania,Mercer,308,9,0,41.30248872,-80.25816981,42085.0,281.47389969293755,2.9220779220779223,299,303,9,0,294,300,110683,5,0,0,5,3
2020-07-29,US,Pennsylvania,Mifflin,93,1,0,40.61116939,-77.61070738,42087.0,201.56920542719658,1.075268817204301,92,93,1,0,92,91,46222,0,0,0,0,2
2020-07-29,US,Pennsylvania,Monroe,1570,123,0,41.05934058,-75.34031025,42089.0,922.0595403797477,7.834394904458598,1447,1562,122,0,1440,1557,169507,8,1,0,7,5
2020-07-29,US,Pennsylvania,Montgomery,9673,846,0,40.21053671,-75.36652296,42091.0,1164.1383294320115,8.74599400392846,8827,9621,845,0,8776,9555,828604,52,1,0,51,66
2020-07-29,US,Pennsylvania,Montour,92,3,0,41.03023987,-76.66345939,42093.0,504.66264399341736,3.260869565217391,89,92,3,0,89,91,18240,0,0,0,0,1
2020-07-29,US,Pennsylvania,Northampton,3806,289,0,40.75182733,-75.30471829,42095.0,1246.7038996347674,7.5932737782448765,3517,3780,289,0,3491,3758,304807,26,0,0,26,22
2020-07-29,US,Pennsylvania,Northumberland,398,11,0,40.84785433,-76.70798222,42097.0,438.1185121583392,2.7638190954773867,387,390,11,0,379,381,91083,8,0,0,8,9
2020-07-29,US,Pennsylvania,Perry,111,5,0,40.40206612,-77.26297447,42099.0,239.88589211618256,4.504504504504505,106,110,5,0,105,108,46139,1,0,0,1,2
2020-07-29,US,Pennsylvania,Philadelphia,30077,1680,0,40.00338507,-75.1379271,42101.0,1898.7237889378207,5.585663463776307,28397,29945,1678,0,28267,29803,1584138,132,2,0,130,142
2020-07-29,US,Pennsylvania,Pike,524,21,0,41.33155042,-75.03208106,42103.0,938.9166621871024,4.00763358778626,503,524,21,0,503,523,55933,0,0,0,0,1
2020-07-29,US,Pennsylvania,Potter,20,0,0,41.74471626,-77.89559864,42105.0,121.0214207914801,0.0,20,20,0,0,20,20,16622,0,0,0,0,0
2020-07-29,US,Pennsylvania,Schuylkill,867,49,0,40.70497338,-76.2150785,42107.0,613.3320128184267,5.651672433679353,818,860,49,0,811,849,142067,7,0,0,7,11
2020-07-29,US,Pennsylvania,Snyder,92,2,0,40.77129231,-77.06840691,42109.0,227.88070940255628,2.1739130434782608,90,90,2,0,88,87,40540,2,0,0,2,3
2020-07-29,US,Pennsylvania,Somerset,114,2,0,39.97172723,-79.02699593,42111.0,155.21396381063897,1.7543859649122806,112,113,2,0,111,112,73952,1,0,0,1,1
2020-07-29,US,Pennsylvania,Sullivan,10,0,0,41.44634738,-76.51246591,42113.0,164.85328058028355,0.0,10,10,0,0,10,10,6071,0,0,0,0,0
2020-07-29,US,Pennsylvania,Susquehanna,206,26,0,41.82147784,-75.80071959,42115.0,510.81134695496917,12.621359223300969,180,206,26,0,180,204,40589,0,0,0,0,2
2020-07-29,US,Pennsylvania,Tioga,34,2,0,41.77255149,-77.25433032,42117.0,83.76241038653889,5.882352941176472,32,34,2,0,32,34,40763,0,0,0,0,0
2020-07-29,US,Pennsylvania,Union,129,2,0,40.96188846,-77.05996014,42119.0,287.1580259555239,1.5503875968992251,127,128,2,0,126,124,44785,1,0,0,1,4
2020-07-29,US,Pennsylvania,Venango,60,0,0,41.40323442,-79.75845449,42121.0,118.41793637009552,0.0,60,59,0,0,59,55,51266,1,0,0,1,4
2020-07-29,US,Pennsylvania,Warren,15,1,0,41.81304978,-79.26969577,42123.0,38.27409354188462,6.666666666666668,14,14,1,0,13,14,39498,1,0,0,1,0
2020-07-29,US,Pennsylvania,Washington,710,10,0,40.19208869,-80.24582867,42125.0,343.21900756532034,1.4084507042253518,700,699,10,0,689,681,207346,11,0,0,11,18
2020-07-29,US,Pennsylvania,Wayne,156,8,0,41.64938475,-75.29956506,42127.0,303.73240396409733,5.128205128205129,148,154,8,0,146,154,51276,2,0,0,2,0
2020-07-29,US,Pennsylvania,Westmoreland,1351,45,0,40.31377979999999,-79.46615476,42129.0,387.2180774378832,3.3308660251665434,1306,1327,44,0,1283,1313,350611,24,1,0,23,14
2020-07-29,US,Pennsylvania,Wyoming,57,8,0,41.51955538,-76.01074915,42131.0,212.7341942225872,14.035087719298243,49,57,8,0,49,56,27046,0,0,0,0,1
2020-07-29,US,Pennsylvania,York,2223,84,0,39.9210089,-76.73040131,42133.0,495.03627593762945,3.778677462887989,2139,2196,84,0,2112,2182,448273,27,0,0,27,14
2020-07-29,US,Puerto Rico,Adjuntas,77,0,0,18.180117000000006,-66.754367,72001.0,395.21634245239443,0.0,77,77,0,0,77,77,,0,0,0,0,0
2020-07-29,US,Puerto Rico,Aguada,96,0,0,18.360255,-67.17513100000001,72003.0,228.794775852618,0.0,96,95,0,0,95,92,,1,0,0,1,3
2020-07-29,US,Puerto Rico,Aguadilla,160,0,0,18.459681,-67.12081500000001,72005.0,262.5145613545752,0.0,160,160,0,0,160,156,,0,0,0,0,4
2020-07-29,US,Puerto Rico,Aguas Buenas,99,0,0,18.251619,-66.126806,72007.0,345.4412226525699,0.0,99,97,0,0,97,94,,2,0,0,2,3
2020-07-29,US,Puerto Rico,Aibonito,71,0,0,18.131361,-66.264131,72009.0,274.1312741312741,0.0,71,71,0,0,71,70,,0,0,0,0,1
2020-07-29,US,Puerto Rico,Anasco,105,0,0,18.287985,-67.120611,72011.0,358.8394108198626,0.0,105,105,0,0,105,103,,0,0,0,0,2
2020-07-29,US,Puerto Rico,Arecibo,230,0,0,18.406631,-66.675077,72013.0,238.49025300705105,0.0,230,229,0,0,229,228,,1,0,0,1,1
2020-07-29,US,Puerto Rico,Arroyo,72,0,0,17.998457000000005,-66.056546,72015.0,367.8160919540229,0.0,72,71,0,0,71,71,,1,0,0,1,0
2020-07-29,US,Puerto Rico,Barceloneta,63,0,0,18.445532999999998,-66.56053100000001,72017.0,253.86847195357842,0.0,63,62,0,0,62,57,,1,0,0,1,5
2020-07-29,US,Puerto Rico,Barranquitas,164,0,0,18.201592,-66.30963,72019.0,540.9327792070717,0.0,164,164,0,0,164,163,,0,0,0,0,1
2020-07-29,US,Puerto Rico,Bayamon,1028,0,0,18.34946,-66.168435,72021.0,493.9552941628707,0.0,1028,1011,0,0,1011,980,,17,0,0,17,31
2020-07-29,US,Puerto Rico,Cabo Rojo,160,0,0,18.040993,-67.154391,72023.0,314.23689533947413,0.0,160,159,0,0,159,158,,1,0,0,1,1
2020-07-29,US,Puerto Rico,Caguas,542,0,0,18.211615,-66.050779,72025.0,379.3047944965813,0.0,542,536,0,0,536,522,,6,0,0,6,14
2020-07-29,US,Puerto Rico,Camuy,88,0,0,18.418578,-66.860206,72027.0,250.2915327512159,0.0,88,88,0,0,88,87,,0,0,0,0,1
2020-07-29,US,Puerto Rico,Canovanas,269,0,0,18.328802,-65.887612,72029.0,564.5567494963062,0.0,269,269,0,0,269,263,,0,0,0,0,6
2020-07-29,US,Puerto Rico,Carolina,813,0,0,18.374986,-65.95683100000001,72031.0,459.9404849458594,0.0,813,797,0,0,797,779,,16,0,0,16,18
2020-07-29,US,Puerto Rico,Catano,137,0,0,18.437269,-66.14330600000001,72033.0,486.8514570007108,0.0,137,134,0,0,134,128,,3,0,0,3,6
2020-07-29,US,Puerto Rico,Cayey,159,0,0,18.102851,-66.14914,72035.0,330.43080695775063,0.0,159,157,0,0,157,156,,2,0,0,2,1
2020-07-29,US,Puerto Rico,Ceiba,51,0,0,18.251818,-65.666416,72037.0,374.14716455139023,0.0,51,50,0,0,50,50,,1,0,0,1,0
2020-07-29,US,Puerto Rico,Ciales,111,0,0,18.28885,-66.516475,72039.0,590.9913747204771,0.0,111,108,0,0,108,105,,3,0,0,3,3
2020-07-29,US,Puerto Rico,Cidra,129,0,0,18.173559,-66.161179,72041.0,296.6881324747011,0.0,129,127,0,0,127,125,,2,0,0,2,2
2020-07-29,US,Puerto Rico,Coamo,102,0,0,18.097597,-66.36014,72043.0,251.77725118483409,0.0,102,102,0,0,102,97,,0,0,0,0,5
2020-07-29,US,Puerto Rico,Comerio,95,0,0,18.224687,-66.221622,72045.0,457.21436134372897,0.0,95,95,0,0,95,94,,0,0,0,0,1
2020-07-29,US,Puerto Rico,Corozal,129,0,0,18.304264,-66.327738,72047.0,347.3157072855526,0.0,129,124,0,0,124,118,,5,0,0,5,6
2020-07-29,US,Puerto Rico,Culebra,16,0,0,18.31586,-65.28813000000001,72049.0,880.0880088008803,0.0,16,16,0,0,16,14,,0,0,0,0,2
2020-07-29,US,Puerto Rico,Dorado,224,0,0,18.436115,-66.278669,72051.0,586.9251932398795,0.0,224,223,0,0,223,217,,1,0,0,1,6
2020-07-29,US,Puerto Rico,Fajardo,168,0,0,18.318373,-65.666866,72053.0,454.13997242721604,0.0,168,167,0,0,167,165,,1,0,0,1,2
2020-07-29,US,Puerto Rico,Florida,125,0,0,18.373715,-66.560488,72054.0,985.8044164037856,0.0,125,120,0,0,120,104,,5,0,0,5,16
2020-07-29,US,Puerto Rico,Guanica,52,0,0,17.982429,-66.91964300000001,72055.0,267.66870849848146,0.0,52,52,0,0,52,52,,0,0,0,0,0
2020-07-29,US,Puerto Rico,Guayama,122,0,0,18.007516,-66.13390799999999,72057.0,268.94757726731626,0.0,122,119,0,0,119,118,,3,0,0,3,1
2020-07-29,US,Puerto Rico,Guayanilla,111,0,0,18.039942,-66.79186,72059.0,514.3413187526063,0.0,111,111,0,0,111,111,,0,0,0,0,0
2020-07-29,US,Puerto Rico,Guaynabo,647,0,0,18.345114000000002,-66.11452299999999,72061.0,660.7164740002453,0.0,647,640,0,0,640,623,,7,0,0,7,17
2020-07-29,US,Puerto Rico,Gurabo,187,0,0,18.266461,-65.97970500000001,72063.0,412.1757146950562,0.0,187,184,0,0,184,177,,3,0,0,3,7
2020-07-29,US,Puerto Rico,Hatillo,74,0,0,18.410928,-66.79632600000001,72065.0,176.38786260815675,0.0,74,74,0,0,74,73,,0,0,0,0,1
2020-07-29,US,Puerto Rico,Hormigueros,77,0,0,18.134532,-67.113972,72067.0,446.3768115942029,0.0,77,76,0,0,76,76,,1,0,0,1,0
2020-07-29,US,Puerto Rico,Humacao,148,0,0,18.145211,-65.810174,72069.0,253.13857626654809,0.0,148,147,0,0,147,143,,1,0,0,1,4
2020-07-29,US,Puerto Rico,Isabela,106,0,0,18.44981,-67.005093,72071.0,232.29821831649537,0.0,106,105,0,0,105,101,,1,0,0,1,4
2020-07-29,US,Puerto Rico,Jayuya,175,0,0,18.211446,-66.58878,72073.0,1051.5563033289268,0.0,175,175,0,0,175,174,,0,0,0,0,1
2020-07-29,US,Puerto Rico,Juana Diaz,159,0,0,18.050764,-66.49458100000001,72075.0,199.0062205089052,0.0,159,158,0,0,158,157,,1,0,0,1,1
2020-07-29,US,Puerto Rico,Juncos,92,0,0,18.223793,-65.909109,72077.0,228.34450235790518,0.0,92,91,0,0,91,89,,1,0,0,1,2
2020-07-29,US,Puerto Rico,Lajas,66,0,0,18.011661,-67.040585,72079.0,256.2808216518464,0.0,66,66,0,0,66,66,,0,0,0,0,0
2020-07-29,US,Puerto Rico,Lares,117,0,0,18.269035000000002,-66.867236,72081.0,380.45068773778166,0.0,117,116,0,0,116,116,,1,0,0,1,0
2020-07-29,US,Puerto Rico,Las Marias,46,0,0,18.23679,-66.98362,72083.0,465.53992510879465,0.0,46,43,0,0,43,43,,3,0,0,3,0
2020-07-29,US,Puerto Rico,Las Piedras,120,0,0,18.187527,-65.86946800000001,72085.0,310.2779573367808,0.0,120,120,0,0,120,120,,0,0,0,0,0
2020-07-29,US,Puerto Rico,Loiza,74,0,0,18.425688,-65.89943000000001,72087.0,246.17431803060543,0.0,74,73,0,0,73,72,,1,0,0,1,1
2020-07-29,US,Puerto Rico,Luquillo,86,0,0,18.342114000000002,-65.72509699999999,72089.0,428.54295395654776,0.0,86,85,0,0,85,82,,1,0,0,1,3
2020-07-29,US,Puerto Rico,Manati,169,0,0,18.420473,-66.490461,72091.0,383.1070206061705,0.0,169,164,0,0,164,156,,5,0,0,5,8
2020-07-29,US,Puerto Rico,Maricao,39,0,0,18.171795,-66.942126,72093.0,621.414913957935,0.0,39,39,0,0,39,39,,0,0,0,0,0
2020-07-29,US,Puerto Rico,Maunabo,46,0,0,18.017889,-65.922235,72095.0,376.2781186094069,0.0,46,45,0,0,45,45,,1,0,0,1,0
2020-07-29,US,Puerto Rico,Mayaguez,403,0,0,18.2013,-67.1452,72097.0,452.40233497979347,0.0,403,402,0,0,402,394,,1,0,0,1,8
2020-07-29,US,Puerto Rico,Moca,137,0,0,18.377805,-67.080952,72099.0,341.56922386496797,0.0,137,136,0,0,136,131,,1,0,0,1,5
2020-07-29,US,Puerto Rico,Morovis,184,0,0,18.316963,-66.420383,72101.0,564.2440969027906,0.0,184,181,0,0,181,172,,3,0,0,3,9
2020-07-29,US,Puerto Rico,Naguabo,77,0,0,18.230636999999998,-65.753897,72103.0,288.17365269461084,0.0,77,77,0,0,77,77,,0,0,0,0,0
2020-07-29,US,Puerto Rico,Naranjito,194,0,0,18.288019,-66.252703,72105.0,638.1159134267483,0.0,194,192,0,0,192,179,,2,0,0,2,13
2020-07-29,US,Puerto Rico,Orocovis,156,0,0,18.215046,-66.433604,72107.0,666.0120394484054,0.0,156,154,0,0,154,147,,2,0,0,2,7
2020-07-29,US,Puerto Rico,Out of PR,555,0,0,0.0,0.0,72888.0,0.0,0.0,555,537,0,0,537,537,,18,0,0,18,0
2020-07-29,US,Puerto Rico,Patillas,90,0,0,18.03174,-66.012242,72109.0,466.8776261866473,0.0,90,88,0,0,88,85,,2,0,0,2,3
2020-07-29,US,Puerto Rico,Penuelas,54,0,0,18.059645,-66.721572,72111.0,222.38695329873985,0.0,54,53,0,0,53,52,,1,0,0,1,1
2020-07-29,US,Puerto Rico,Ponce,385,0,0,18.059498,-66.613748,72113.0,231.4717394049072,0.0,385,384,0,0,384,375,,1,0,0,1,9
2020-07-29,US,Puerto Rico,Quebradillas,62,0,0,18.439692,-66.926113,72115.0,239.2067595200432,0.0,62,60,0,0,60,60,,2,0,0,2,0
2020-07-29,US,Puerto Rico,Rincon,79,0,0,18.335442999999998,-67.23174,72117.0,519.7368421052631,0.0,79,79,0,0,79,78,,0,0,0,0,1
2020-07-29,US,Puerto Rico,Rio Grande,211,0,0,18.346329,-65.813742,72119.0,388.55332940483214,0.0,211,205,0,0,205,200,,6,0,0,6,5
2020-07-29,US,Puerto Rico,Sabana Grande,103,0,0,18.08282,-66.943758,72121.0,407.67860676825654,0.0,103,103,0,0,103,103,,0,0,0,0,0
2020-07-29,US,Puerto Rico,Salinas,130,0,0,18.010386999999994,-66.256592,72123.0,418.30233605766136,0.0,130,130,0,0,130,130,,0,0,0,0,0
2020-07-29,US,Puerto Rico,San German,117,0,0,18.111484,-67.03858100000001,72125.0,329.32699073943763,0.0,117,117,0,0,117,117,,0,0,0,0,0
2020-07-29,US,Puerto Rico,San Juan,2170,0,0,18.386933,-66.061128,72127.0,548.9140608004533,0.0,2170,2124,0,0,2124,2062,,46,0,0,46,62
2020-07-29,US,Puerto Rico,San Lorenzo,121,0,0,18.147987,-65.976392,72129.0,294.70505139071565,0.0,121,119,0,0,119,117,,2,0,0,2,2
2020-07-29,US,Puerto Rico,San Sebastian,158,0,0,18.328646,-66.971214,72131.0,372.378034409616,0.0,158,158,0,0,158,156,,0,0,0,0,2
2020-07-29,US,Puerto Rico,Santa Isabel,81,0,0,17.994525,-66.388913,72133.0,348.02784222737813,0.0,81,81,0,0,81,81,,0,0,0,0,0
2020-07-29,US,Puerto Rico,Toa Alta,384,0,0,18.362406,-66.246616,72135.0,518.4565117597818,0.0,384,378,0,0,378,363,,6,0,0,6,15
2020-07-29,US,Puerto Rico,Toa Baja,364,0,0,18.431445999999998,-66.213553,72137.0,406.2091977368345,0.0,364,354,0,0,354,344,,10,0,0,10,10
2020-07-29,US,Puerto Rico,Trujillo Alto,353,0,0,18.336159,-65.99888399999999,72139.0,471.6602976938083,0.0,353,344,0,0,344,338,,9,0,0,9,6
2020-07-29,US,Puerto Rico,Unassigned,431,211,0,0.0,0.0,72999.0,0.0,48.95591647331786,220,432,209,0,223,390,,-1,2,0,-3,42
2020-07-29,US,Puerto Rico,Utuado,54,0,0,18.271214,-66.702984,72141.0,162.90084165434854,0.0,54,53,0,0,53,53,,1,0,0,1,0
2020-07-29,US,Puerto Rico,Vega Alta,163,0,0,18.409346,-66.33725,72143.0,407.9997997546995,0.0,163,157,0,0,157,155,,6,0,0,6,2
2020-07-29,US,Puerto Rico,Vega Baja,269,0,0,18.428262,-66.397924,72145.0,450.87325265663236,0.0,269,266,0,0,266,263,,3,0,0,3,3
2020-07-29,US,Puerto Rico,Vieques,35,0,0,18.123276,-65.44097099999999,72147.0,376.30362326631547,0.0,35,34,0,0,34,33,,1,0,0,1,1
2020-07-29,US,Puerto Rico,Villalba,71,0,0,18.127951,-66.473115,72149.0,272.3123537759368,0.0,71,71,0,0,71,70,,0,0,0,0,1
2020-07-29,US,Puerto Rico,Yabucoa,88,0,0,18.070399,-65.896289,72151.0,231.93906328246487,0.0,88,88,0,0,88,81,,0,0,0,0,7
2020-07-29,US,Puerto Rico,Yauco,186,0,0,18.080374,-66.858814,72153.0,442.4042052184668,0.0,186,186,0,0,186,182,,0,0,0,0,4
2020-07-29,US,Rhode Island,Bristol,304,0,0,41.71018079,-71.28652315,44001.0,627.0756409991958,0.0,304,290,0,0,290,290,48649,14,0,0,14,0
2020-07-29,US,Rhode Island,Kent,1421,0,0,41.67106337,-71.57641596,44003.0,864.9234290166289,0.0,1421,1351,0,0,1351,1351,163861,70,0,0,70,0
2020-07-29,US,Rhode Island,Newport,380,0,0,41.5642026,-71.26569799,44005.0,462.9516824638777,0.0,380,365,0,0,365,365,82542,15,0,0,15,0
2020-07-29,US,Rhode Island,Providence,14549,0,0,41.87064746,-71.57753536,44007.0,2277.084693026321,0.0,14549,14033,0,0,14033,14033,636084,516,0,0,516,0
2020-07-29,US,Rhode Island,Unassigned,1556,1007,0,0.0,0.0,90044.0,0.0,64.7172236503856,549,2112,1005,0,1107,1902,,-556,2,0,-558,210
2020-07-29,US,Rhode Island,Washington,590,0,0,41.45961631,-71.61435303,44009.0,469.83125890887663,0.0,590,574,0,0,574,574,126179,16,0,0,16,0
2020-07-29,US,South Carolina,Abbeville,279,6,0,34.22333378,-82.46170658,45001.0,1137.5219146246993,2.150537634408602,273,269,6,0,263,272,24541,10,0,0,10,-3
2020-07-29,US,South Carolina,Aiken,1403,24,0,33.54338026,-81.63645384,45003.0,821.0824476801347,1.7106200997861725,1379,1355,23,0,1332,1301,169401,48,1,0,47,54
2020-07-29,US,South Carolina,Allendale,163,3,0,32.98837386,-81.35321066,45005.0,1876.1510128913446,1.8404907975460123,160,159,3,0,156,151,8903,4,0,0,4,8
2020-07-29,US,South Carolina,Anderson,1816,41,0,34.51828081,-82.63959517,45007.0,896.5333385993147,2.2577092511013217,1775,1793,40,0,1753,1738,200482,23,1,0,22,55
2020-07-29,US,South Carolina,Bamberg,387,11,0,33.21927586,-81.05659969,45009.0,2751.315228209868,2.842377260981912,376,384,10,0,374,371,14275,3,1,0,2,13
2020-07-29,US,South Carolina,Barnwell,300,3,0,33.26679302,-81.43584352,45011.0,1437.7456148758747,1.0,297,295,3,0,292,294,21112,5,0,0,5,1
2020-07-29,US,South Carolina,Beaufort,3285,39,0,32.39226291,-80.72619758,45013.0,1709.8510321566505,1.187214611872146,3246,3188,36,0,3152,3101,188715,97,3,0,94,87
2020-07-29,US,South Carolina,Berkeley,3636,56,0,33.20222596,-79.94654523,45015.0,1595.3875923073886,1.54015401540154,3580,3576,56,0,3520,3491,221091,60,0,0,60,85
2020-07-29,US,South Carolina,Calhoun,280,6,0,33.66926881,-80.77722168,45017.0,1924.0019240019242,2.142857142857143,274,281,6,0,275,272,14520,-1,0,0,-1,9
2020-07-29,US,South Carolina,Charleston,11125,154,0,32.82487866,-79.96512315,45019.0,2704.1414077577865,1.3842696629213482,10971,10920,144,0,10776,10740,405905,205,10,0,195,180
2020-07-29,US,South Carolina,Cherokee,512,22,0,35.05122251,-81.61828622,45021.0,893.542757417103,4.296875,490,502,20,0,482,480,57078,10,2,0,8,22
2020-07-29,US,South Carolina,Chester,499,10,0,34.69249168,-81.1583216,45023.0,1547.5747425877682,2.004008016032064,489,479,8,0,471,464,32251,20,2,0,18,15
2020-07-29,US,South Carolina,Chesterfield,649,19,0,34.64137396,-80.15640140000002,45025.0,1421.686746987952,2.9275808936825887,630,639,20,0,619,621,45754,10,-1,0,11,18
2020-07-29,US,South Carolina,Clarendon,712,49,0,33.66610974,-80.21647898,45027.0,2109.942213661283,6.882022471910112,663,703,49,0,654,681,33700,9,0,0,9,22
2020-07-29,US,South Carolina,Colleton,703,30,0,32.87582989,-80.67641292,45029.0,1865.8598083711547,4.2674253200568995,673,682,30,0,652,675,37660,21,0,0,21,7
2020-07-29,US,South Carolina,Darlington,945,33,0,34.33358335,-79.96027485,45031.0,1418.5355309375846,3.492063492063492,912,917,32,0,885,893,66802,28,1,0,27,24
2020-07-29,US,South Carolina,Dillon,521,21,0,34.39007791,-79.37741872,45033.0,1709.373667115063,4.030710172744722,500,516,21,0,495,506,30599,5,0,0,5,10
2020-07-29,US,South Carolina,Dorchester,2660,36,0,33.0794369,-80.40502652,45035.0,1633.8163123660238,1.3533834586466165,2624,2510,35,0,2475,2481,160647,150,1,0,149,29
2020-07-29,US,South Carolina,Edgefield,258,6,0,33.77221995,-81.96231108,45037.0,946.4416727806308,2.3255813953488373,252,240,6,0,234,235,27052,18,0,0,18,5
2020-07-29,US,South Carolina,Fairfield,508,23,0,34.39287073,-81.1195624,45039.0,2273.2357810891845,4.52755905511811,485,502,23,0,479,486,22402,6,0,0,6,16
2020-07-29,US,South Carolina,Florence,2676,88,0,34.02361754,-79.70189312,45041.0,1935.0220184680352,3.2884902840059786,2588,2623,87,0,2536,2544,138159,53,1,0,52,79
2020-07-29,US,South Carolina,Georgetown,1188,17,0,33.43443342,-79.33202141,45043.0,1895.3414167198468,1.4309764309764308,1171,1146,17,0,1129,1111,62249,42,0,0,42,35
2020-07-29,US,South Carolina,Greenville,9737,169,0,34.89502264,-82.37295012,45045.0,1859.8316849460025,1.7356475300400531,9568,9625,165,0,9460,9481,514213,112,4,0,108,144
2020-07-29,US,South Carolina,Greenwood,1170,14,0,34.15272415,-82.12715789,45047.0,1652.2856618322012,1.1965811965811963,1156,1155,14,0,1141,1132,70741,15,0,0,15,23
2020-07-29,US,South Carolina,Hampton,304,7,0,32.77419582,-81.13845571,45049.0,1581.5211736551867,2.3026315789473686,297,289,6,0,283,275,19351,15,1,0,14,14
2020-07-29,US,South Carolina,Horry,7792,121,0,33.9212828,-78.99555293,45051.0,2200.6264103411368,1.552874743326489,7671,7688,115,0,7573,7553,344147,104,6,0,98,135
2020-07-29,US,South Carolina,Jasper,466,10,0,32.43171982,-81.02487495,45053.0,1549.5627306886574,2.145922746781116,456,445,8,0,437,440,28971,21,2,0,19,5
2020-07-29,US,South Carolina,Kershaw,1216,22,0,34.33988254,-80.58763164,45055.0,1827.1701401932355,1.8092105263157892,1194,1198,21,0,1177,1163,65592,18,1,0,17,35
2020-07-29,US,South Carolina,Lancaster,984,21,0,34.68270843,-80.70513032,45057.0,1003.9586989348244,2.1341463414634148,963,969,21,0,948,925,95380,15,0,0,15,44
2020-07-29,US,South Carolina,Laurens,1155,31,0,34.48244419,-82.00490796,45059.0,1711.2885780747629,2.683982683982684,1124,1135,30,0,1105,1123,66994,20,1,0,19,12
2020-07-29,US,South Carolina,Lee,479,25,0,34.16393091,-80.25690731,45061.0,2846.4463988590446,5.21920668058455,454,453,25,0,428,447,17142,26,0,0,26,6
2020-07-29,US,South Carolina,Lexington,4429,93,0,33.89665987,-81.27146426,45063.0,1482.5104602510462,2.0997967938586592,4336,4320,89,0,4231,4244,295032,109,4,0,105,76
2020-07-29,US,South Carolina,Marion,486,12,0,34.07859748,-79.36400756,45067.0,1585.282317252177,2.469135802469136,474,477,12,0,465,465,31039,9,0,0,9,12
2020-07-29,US,South Carolina,Marlboro,399,4,0,34.59905577,-79.67561152,45069.0,1527.6820583505628,1.0025062656641603,395,395,4,0,391,391,26398,4,0,0,4,4
2020-07-29,US,South Carolina,McCormick,99,2,0,33.90161443,-82.30794338,45065.0,1046.1798583958578,2.0202020202020203,97,97,2,0,95,96,9410,2,0,0,2,1
2020-07-29,US,South Carolina,Newberry,722,7,0,34.28629098,-81.59935761,45071.0,1878.2518210197711,0.969529085872576,715,694,7,0,687,675,38520,28,0,0,28,19
2020-07-29,US,South Carolina,Oconee,676,5,0,34.75225169,-83.06742317,45073.0,849.8227440726123,0.7396449704142012,671,671,5,0,666,662,78374,5,0,0,5,9
2020-07-29,US,South Carolina,Orangeburg,2028,50,0,33.4391073,-80.79886287,45075.0,2353.350739773716,2.4654832347140037,1978,1992,48,0,1944,1950,86934,36,2,0,34,42
2020-07-29,US,South Carolina,Pickens,1616,19,0,34.88807695,-82.72791551,45077.0,1273.6042369408278,1.1757425742574257,1597,1599,18,0,1581,1589,124937,17,1,0,16,10
2020-07-29,US,South Carolina,Richland,7395,128,0,34.01791263,-80.90267209,45079.0,1778.6746648899966,1.7308992562542258,7267,7235,127,0,7108,7092,414576,160,1,0,159,143
2020-07-29,US,South Carolina,Saluda,394,7,0,34.00795823,-81.72713237,45081.0,1924.4859082694281,1.7766497461928934,387,386,6,0,380,379,20544,8,1,0,7,7
2020-07-29,US,South Carolina,Spartanburg,3544,81,0,34.92960077,-81.99225984,45083.0,1108.2446018418623,2.285553047404063,3463,3486,81,0,3405,3450,313888,58,0,0,58,36
2020-07-29,US,South Carolina,Sumter,2164,42,0,33.91826534,-80.37942316,45085.0,2027.7171315860987,1.9408502772643248,2122,2106,40,0,2066,2072,106512,58,2,0,56,34
2020-07-29,US,South Carolina,Union,302,2,0,34.68835752,-81.61730349,45087.0,1105.5791477522332,0.6622516556291391,300,291,2,0,289,274,27410,11,0,0,11,17
2020-07-29,US,South Carolina,Williamsburg,812,20,0,33.62190129,-79.72767442,45089.0,2673.867228661749,2.4630541871921183,792,790,19,0,771,773,30606,22,1,0,21,17
2020-07-29,US,South Carolina,York,2972,26,0,34.97281497,-81.18085944,45091.0,1057.7302930112214,0.8748317631224765,2946,2934,25,0,2909,2858,274118,38,1,0,37,76
2020-07-29,US,South Dakota,Aurora,37,0,0,43.71757685,-98.56050467,46003.0,1344.9654671028716,0.0,37,37,0,0,37,37,2801,0,0,0,0,0
2020-07-29,US,South Dakota,Beadle,585,9,0,44.41464384,-98.27858469,46005.0,3170.2162250040637,1.5384615384615383,576,583,9,0,574,583,18883,2,0,0,2,0
2020-07-29,US,South Dakota,Bennett,5,0,0,43.19486375,-101.6665572,46007.0,148.5884101040119,0.0,5,5,0,0,5,5,3468,0,0,0,0,0
2020-07-29,US,South Dakota,Bon Homme,13,0,0,42.98914167,-97.88592746,46009.0,188.37849587016373,0.0,13,13,0,0,13,13,6980,0,0,0,0,0
2020-07-29,US,South Dakota,Brookings,111,0,0,44.36974375,-96.79079945,46011.0,316.44667445904724,0.0,111,111,0,0,111,111,35232,0,0,0,0,0
2020-07-29,US,South Dakota,Brown,390,3,0,45.58994323,-98.35165355,46013.0,1004.145317850614,0.7692307692307693,387,385,2,0,383,379,39316,5,1,0,4,6
2020-07-29,US,South Dakota,Brule,38,0,0,43.71756379,-99.08118954,46015.0,717.3872003020577,0.0,38,38,0,0,38,38,5229,0,0,0,0,0
2020-07-29,US,South Dakota,Buffalo,105,3,0,44.07657829,-99.20814467,46017.0,5351.681957186544,2.8571428571428568,102,105,3,0,102,105,2036,0,0,0,0,0
2020-07-29,US,South Dakota,Butte,10,1,0,44.90608745,-103.5079318,46019.0,95.88647041902388,10.0,9,8,1,0,7,8,10222,2,0,0,2,0
2020-07-29,US,South Dakota,Campbell,1,0,0,45.77074915,-100.0510181,46021.0,72.67441860465118,0.0,1,1,0,0,1,1,1377,0,0,0,0,0
2020-07-29,US,South Dakota,Charles Mix,99,0,0,43.20660134,-98.58856175,46023.0,1065.4326302195436,0.0,99,99,0,0,99,99,9338,0,0,0,0,0
2020-07-29,US,South Dakota,Clark,16,0,0,44.85834507,-97.72925109,46025.0,428.2655246252677,0.0,16,16,0,0,16,16,3739,0,0,0,0,0
2020-07-29,US,South Dakota,Clay,110,0,0,42.91296147,-96.97656917,46027.0,781.8052594171997,0.0,110,107,0,0,107,106,14041,3,0,0,3,1
2020-07-29,US,South Dakota,Codington,117,0,0,44.97788119,-97.18827677,46029.0,417.72287479024595,0.0,117,112,0,0,112,111,28015,5,0,0,5,1
2020-07-29,US,South Dakota,Corson,26,0,0,45.70889983,-101.1970473,46031.0,636.3191385217817,0.0,26,24,0,0,24,24,4165,2,0,0,2,0
2020-07-29,US,South Dakota,Custer,13,0,0,43.67741105,-103.4534521,46033.0,144.89522960321,0.0,13,12,0,0,12,11,8726,1,0,0,1,1
2020-07-29,US,South Dakota,Davison,83,0,0,43.67490933,-98.14458906,46035.0,419.72187104930464,0.0,83,81,0,0,81,81,19790,2,0,0,2,0
2020-07-29,US,South Dakota,Day,21,0,0,45.367281,-97.60737498,46037.0,387.1681415929203,0.0,21,21,0,0,21,21,5505,0,0,0,0,0
2020-07-29,US,South Dakota,Deuel,9,0,0,44.75994309,-96.66943645,46039.0,206.84900022983226,0.0,9,8,0,0,8,8,4337,1,0,0,1,0
2020-07-29,US,South Dakota,Dewey,54,0,0,45.15639647,-100.8709139,46041.0,916.4969450101833,0.0,54,53,0,0,53,53,5904,1,0,0,1,0
2020-07-29,US,South Dakota,Douglas,16,0,0,43.38520741,-98.36978007,46043.0,547.757617254365,0.0,16,16,0,0,16,16,2935,0,0,0,0,0
2020-07-29,US,South Dakota,Edmunds,10,0,0,45.41846445,-99.21545423,46045.0,261.1647949856359,0.0,10,10,0,0,10,10,3875,0,0,0,0,0
2020-07-29,US,South Dakota,Fall River,14,0,0,43.23929297,-103.5275691,46047.0,208.5505735140772,0.0,14,14,0,0,14,14,6758,0,0,0,0,0
2020-07-29,US,South Dakota,Faulk,26,1,0,45.07082625,-99.14535601,46049.0,1130.9264897781645,3.8461538461538463,25,26,1,0,25,26,2330,0,0,0,0,0
2020-07-29,US,South Dakota,Grant,18,0,0,45.1723937,-96.77002276,46051.0,255.24673851389682,0.0,18,18,0,0,18,18,7147,0,0,0,0,0
2020-07-29,US,South Dakota,Gregory,7,0,0,43.19419064,-99.18883902,46053.0,167.26403823178018,0.0,7,7,0,0,7,6,4212,0,0,0,0,1
2020-07-29,US,South Dakota,Haakon,1,0,0,44.29299053,-101.539099,46055.0,52.6592943654555,0.0,1,1,0,0,1,1,1918,0,0,0,0,0
2020-07-29,US,South Dakota,Hamlin,14,0,0,44.67385954,-97.18829593,46057.0,227.125243348475,0.0,14,14,0,0,14,14,6111,0,0,0,0,0
2020-07-29,US,South Dakota,Hand,7,0,0,44.54708407,-99.00386459,46059.0,219.36696960200558,0.0,7,7,0,0,7,7,3262,0,0,0,0,0
2020-07-29,US,South Dakota,Hanson,20,0,0,43.6746384,-97.78715148,46061.0,579.2064871126556,0.0,20,18,0,0,18,17,3376,2,0,0,2,1
2020-07-29,US,South Dakota,Hughes,83,2,0,44.39091534,-99.99661148,46065.0,473.5821065845031,2.409638554216868,81,83,2,0,81,83,17650,0,0,0,0,0
2020-07-29,US,South Dakota,Hutchinson,24,0,0,43.33449012,-97.75536441,46067.0,329.1729529556988,0.0,24,24,0,0,24,24,7380,0,0,0,0,0
2020-07-29,US,South Dakota,Hyde,3,0,0,44.54747703,-99.48572582,46069.0,230.59185242121444,0.0,3,3,0,0,3,3,1282,0,0,0,0,0
2020-07-29,US,South Dakota,Jackson,7,1,0,43.69318385,-101.6255063,46071.0,209.33014354066987,14.285714285714285,6,7,1,0,6,7,3307,0,0,0,0,0
2020-07-29,US,South Dakota,Jerauld,39,1,0,44.06637798,-98.62965972,46073.0,1937.4068554396426,2.5641025641025643,38,39,1,0,38,39,2043,0,0,0,0,0
2020-07-29,US,South Dakota,Jones,1,0,0,43.96278565,-100.6940008,46075.0,110.74197120708747,0.0,1,1,0,0,1,1,928,0,0,0,0,0
2020-07-29,US,South Dakota,Kingsbury,11,0,0,44.36956169,-97.4913945,46077.0,222.71714922049,0.0,11,11,0,0,11,11,4919,0,0,0,0,0
2020-07-29,US,South Dakota,Lake,78,2,0,44.02193107,-97.12926365,46079.0,609.5178557474408,2.5641025641025643,76,69,2,0,67,67,13057,9,0,0,9,2
2020-07-29,US,South Dakota,Lawrence,26,0,0,44.35919441,-103.7929428,46081.0,100.60362173038229,0.0,26,26,0,0,26,26,25741,0,0,0,0,0
2020-07-29,US,South Dakota,Lincoln,521,2,0,43.27841182,-96.7203905,46083.0,852.3099070802251,0.3838771593090211,519,497,1,0,496,489,58807,24,1,0,23,8
2020-07-29,US,South Dakota,Lyman,85,2,0,43.89522709,-99.85201878,46085.0,2248.08251785242,2.3529411764705883,83,84,1,0,83,84,3821,1,1,0,0,0
2020-07-29,US,South Dakota,Marshall,8,0,0,45.75870838,-97.59855639,46091.0,162.10739614994938,0.0,8,8,0,0,8,8,5112,0,0,0,0,0
2020-07-29,US,South Dakota,McCook,24,1,0,43.6742571,-97.36863144,46087.0,429.6455424274973,4.166666666666667,23,24,1,0,23,23,5546,0,0,0,0,1
2020-07-29,US,South Dakota,McPherson,6,0,0,45.76626028,-99.22118798,46089.0,252.20680958385879,0.0,6,6,0,0,6,6,2407,0,0,0,0,0
2020-07-29,US,South Dakota,Meade,68,1,0,44.56676791,-102.7162741,46093.0,240.01129464916,1.4705882352941178,67,67,1,0,66,67,28294,1,0,0,1,0
2020-07-29,US,South Dakota,Mellette,23,0,0,43.58078848,-100.7563186,46095.0,1115.9631246967492,0.0,23,23,0,0,23,23,2042,0,0,0,0,0
2020-07-29,US,South Dakota,Miner,13,0,0,44.02197882,-97.60992207,46097.0,586.6425992779783,0.0,13,13,0,0,13,12,2213,0,0,0,0,1
2020-07-29,US,South Dakota,Minnehaha,4118,63,0,43.67441641,-96.7910885,46099.0,2132.1983700435967,1.52986886838271,4055,4058,62,0,3996,4036,192876,60,1,0,59,22
2020-07-29,US,South Dakota,Moody,29,0,0,44.02266214,-96.67081159,46101.0,440.99756690997566,0.0,29,28,0,0,28,28,6579,1,0,0,1,0
2020-07-29,US,South Dakota,Oglala Lakota,139,1,0,43.33749164,-102.5555498,46102.0,980.4613105734641,0.7194244604316546,138,136,1,0,135,136,14309,3,0,0,3,0
2020-07-29,US,South Dakota,Pennington,796,26,0,44.0025835,-102.8240777,46103.0,699.6264557240168,3.266331658291457,770,787,26,0,761,786,111729,9,0,0,9,1
2020-07-29,US,South Dakota,Perkins,6,0,0,45.49049506,-102.4755586,46105.0,209.42408376963348,0.0,6,4,0,0,4,4,2922,2,0,0,2,0
2020-07-29,US,South Dakota,Potter,1,0,0,45.06583079,-99.95498503,46107.0,46.44681839294008,0.0,1,1,0,0,1,1,2207,0,0,0,0,0
2020-07-29,US,South Dakota,Roberts,67,1,0,45.62975048,-96.94672673,46109.0,644.6026553781027,1.492537313432836,66,64,0,0,64,63,10447,3,1,0,2,1
2020-07-29,US,South Dakota,Sanborn,13,0,0,44.02351092,-98.0909816,46111.0,554.6075085324234,0.0,13,13,0,0,13,13,2429,0,0,0,0,0
2020-07-29,US,South Dakota,Spink,19,0,0,44.93837606,-98.34626602,46115.0,297.99247176913417,0.0,19,18,0,0,18,18,6495,1,0,0,1,0
2020-07-29,US,South Dakota,Stanley,14,0,0,44.41381872,-100.7349153,46117.0,451.9044544867656,0.0,14,14,0,0,14,14,3022,0,0,0,0,0
2020-07-29,US,South Dakota,Sully,1,0,0,44.71571812,-100.1278092,46119.0,71.89072609633357,0.0,1,1,0,0,1,1,1392,0,0,0,0,0
2020-07-29,US,South Dakota,Todd,66,4,0,43.19338568,-100.7195503,46121.0,648.5211751989781,6.0606060606060606,62,66,3,0,63,66,10283,0,1,0,-1,0
2020-07-29,US,South Dakota,Tripp,20,0,0,43.34459388,-99.8854891,46123.0,367.5794890645102,0.0,20,20,0,0,20,20,5478,0,0,0,0,0
2020-07-29,US,South Dakota,Turner,42,0,0,43.3109081,-97.14865776,46125.0,500.9541984732824,0.0,42,42,0,0,42,43,8424,0,0,0,0,-1
2020-07-29,US,South Dakota,Union,187,3,0,42.83112163,-96.6557828,46127.0,1173.738388149636,1.60427807486631,184,180,2,0,178,178,15619,7,1,0,6,2
2020-07-29,US,South Dakota,Walworth,18,0,0,45.43019636,-100.0307514,46129.0,331.1867525298988,0.0,18,18,0,0,18,18,5587,0,0,0,0,0
2020-07-29,US,South Dakota,Yankton,101,2,0,43.00924485,-97.39467635,46135.0,442.71061628824407,1.98019801980198,99,100,2,0,98,100,22869,1,0,0,1,0
2020-07-29,US,South Dakota,Ziebach,8,0,0,44.97881876,-101.6654622,46137.0,290.2757619738752,0.0,8,7,0,0,7,7,2742,1,0,0,1,0
2020-07-29,US,Tennessee,Anderson,536,5,0,36.12684348,-84.19965764,47001.0,696.3028397724025,0.9328358208955224,531,500,4,0,496,469,76482,36,1,0,35,31
2020-07-29,US,Tennessee,Bedford,806,10,0,35.51123746,-86.45549096,47003.0,1621.3062981513888,1.2406947890818858,796,785,10,0,775,780,49038,21,0,0,21,5
2020-07-29,US,Tennessee,Benton,55,1,0,36.07110411,-88.06849355,47005.0,340.34653465346537,1.818181818181818,54,53,1,0,52,50,16184,2,0,0,2,3
2020-07-29,US,Tennessee,Bledsoe,654,1,0,35.59942968,-85.20611967,47007.0,4341.476367498673,0.1529051987767584,653,653,1,0,652,649,14755,1,0,0,1,4
2020-07-29,US,Tennessee,Blount,957,7,0,35.68938198,-83.92847788,47009.0,719.0730944938687,0.7314524555903866,950,915,7,0,908,850,131349,42,0,0,42,65
2020-07-29,US,Tennessee,Bradley,1555,10,0,35.15739424,-84.857186,47011.0,1438.3498288779947,0.6430868167202572,1545,1525,10,0,1515,1492,106727,30,0,0,30,33
2020-07-29,US,Tennessee,Campbell,160,1,0,36.40355516,-84.15108559999999,47013.0,401.5862657497114,0.625,159,152,1,0,151,148,39583,8,0,0,8,4
2020-07-29,US,Tennessee,Cannon,105,0,0,35.80990797,-86.05738983,47015.0,715.3563155743291,0.0,105,102,0,0,102,98,14462,3,0,0,3,4
2020-07-29,US,Tennessee,Carroll,154,2,0,35.97366108,-88.45189331,47017.0,554.6151906939892,1.2987012987012987,152,151,2,0,149,139,28020,3,0,0,3,12
2020-07-29,US,Tennessee,Carter,333,4,0,36.28969086,-82.12588974,47019.0,590.5197637920945,1.2012012012012012,329,322,4,0,318,318,56351,11,0,0,11,4
2020-07-29,US,Tennessee,Cheatham,466,4,0,36.26136216,-87.08903581,47021.0,1145.8922467848624,0.8583690987124464,462,459,4,0,455,453,40439,7,0,0,7,6
2020-07-29,US,Tennessee,Chester,169,0,0,35.42527478,-88.6095842,47023.0,977.0480430132393,0.0,169,165,0,0,165,155,17276,4,0,0,4,10
2020-07-29,US,Tennessee,Claiborne,178,0,0,36.48319149,-83.65947309,47025.0,556.9636096248319,0.0,178,169,0,0,169,163,31756,9,0,0,9,6
2020-07-29,US,Tennessee,Clay,52,0,0,36.55151008,-85.53930419,47027.0,682.8627708470125,0.0,52,48,0,0,48,46,7717,4,0,0,4,2
2020-07-29,US,Tennessee,Cocke,342,1,0,35.9278914,-83.11828725,47029.0,949.8944561715364,0.29239766081871343,341,325,1,0,324,302,35774,17,0,0,17,23
2020-07-29,US,Tennessee,Coffee,333,0,0,35.49090731,-86.07311784,47031.0,589.171974522293,0.0,333,318,0,0,318,309,55700,15,0,0,15,9
2020-07-29,US,Tennessee,Crockett,179,3,0,35.81830662,-89.14916269,47033.0,1257.9058327477162,1.675977653631285,176,172,3,0,169,162,14328,7,0,0,7,10
2020-07-29,US,Tennessee,Cumberland,346,6,0,35.95271721,-84.99840585,47035.0,571.7118307997356,1.7341040462427746,340,337,6,0,331,325,59673,9,0,0,9,12
2020-07-29,US,Tennessee,Davidson,18545,194,0,36.17007426,-86.78646056,47037.0,2671.6358565369724,1.0461040711782152,18351,18377,194,0,18183,18136,692587,168,0,0,168,241
2020-07-29,US,Tennessee,DeKalb,269,1,0,35.97616272,-85.83689361,47041.0,1312.8355295265985,0.3717472118959108,268,265,1,0,264,255,20138,4,0,0,4,10
2020-07-29,US,Tennessee,Decatur,120,0,0,35.60048904,-88.11043779,47039.0,1028.8947955071594,0.0,120,117,0,0,117,105,11706,3,0,0,3,12
2020-07-29,US,Tennessee,Dickson,534,1,0,36.14669837,-87.35891709,47043.0,989.842070141618,0.18726591760299627,533,510,1,0,509,499,53446,24,0,0,24,11
2020-07-29,US,Tennessee,Dyer,459,5,0,36.05931946,-89.41542855,47045.0,1235.2323797734061,1.0893246187363834,454,457,5,0,452,446,37320,2,0,0,2,11
2020-07-29,US,Tennessee,Fayette,574,8,0,35.19615831,-89.41399032,47047.0,1395.473221014757,1.3937282229965158,566,567,8,0,559,541,40507,7,0,0,7,26
2020-07-29,US,Tennessee,Fentress,63,0,0,36.38128818,-84.92870012,47049.0,340.1176915186525,0.0,63,61,0,0,61,56,18217,2,0,0,2,5
2020-07-29,US,Tennessee,Franklin,232,3,0,35.15634626,-86.09201039,47051.0,549.6588324488248,1.293103448275862,229,218,3,0,215,213,41890,14,0,0,14,5
2020-07-29,US,Tennessee,Gibson,474,1,0,35.99438059,-88.93358327,47053.0,964.7283902875869,0.2109704641350211,473,465,1,0,464,438,49045,9,0,0,9,27
2020-07-29,US,Tennessee,Giles,304,8,0,35.20222469,-87.03992678,47055.0,1031.7675807765406,2.631578947368421,296,299,7,0,292,273,29503,5,1,0,4,26
2020-07-29,US,Tennessee,Grainger,140,0,0,36.27469206,-83.51254721,47057.0,600.3430531732419,0.0,140,131,0,0,131,115,23145,9,0,0,9,16
2020-07-29,US,Tennessee,Greene,316,5,0,36.17470125,-82.84691273,47059.0,457.5135009917619,1.5822784810126582,311,300,5,0,295,295,69087,16,0,0,16,5
2020-07-29,US,Tennessee,Grundy,89,2,0,35.38433717,-85.72142731,47061.0,662.8435242421987,2.247191011235955,87,89,2,0,87,87,13346,0,0,0,0,2
2020-07-29,US,Tennessee,Hamblen,1101,10,0,36.21990035,-83.26586179,47063.0,1695.5678073120398,0.9082652134423252,1091,1061,10,0,1051,1008,64569,40,0,0,40,53
2020-07-29,US,Tennessee,Hamilton,5344,45,0,35.17670231,-85.16652245,47065.0,1452.947765657796,0.8420658682634731,5299,5253,44,0,5209,5158,364286,91,1,0,90,95
2020-07-29,US,Tennessee,Hancock,70,2,0,36.52692871,-83.22375847,47067.0,1057.4018126888218,2.8571428571428568,68,69,0,0,69,68,6549,1,2,0,-1,1
2020-07-29,US,Tennessee,Hardeman,732,11,0,35.20772017,-88.99161161,47069.0,2922.1556886227545,1.5027322404371584,721,726,11,0,715,704,25220,6,0,0,6,22
2020-07-29,US,Tennessee,Hardin,350,7,0,35.19732531,-88.18593755,47071.0,1364.416029939186,2.0,343,344,7,0,337,336,25776,6,0,0,6,8
2020-07-29,US,Tennessee,Hawkins,254,3,0,36.44355426,-82.94885298,47073.0,447.29334695171343,1.1811023622047243,251,242,2,0,240,224,56530,12,1,0,11,18
2020-07-29,US,Tennessee,Haywood,319,5,0,35.58332824,-89.28536625,47075.0,1843.5043920480814,1.567398119122257,314,319,4,0,315,294,17335,0,1,0,-1,25
2020-07-29,US,Tennessee,Henderson,373,0,0,35.65581134,-88.38600175,47077.0,1326.5995660988017,0.0,373,349,0,0,349,320,27847,24,0,0,24,29
2020-07-29,US,Tennessee,Henry,151,0,0,36.33160906,-88.30121797,47079.0,466.84186118410884,0.0,151,121,1,0,120,115,32358,30,-1,0,31,6
2020-07-29,US,Tennessee,Hickman,198,0,0,35.80609681,-87.47643507,47081.0,786.4008261180395,0.0,198,185,0,0,185,181,25063,13,0,0,13,4
2020-07-29,US,Tennessee,Houston,48,0,0,36.28872054,-87.71878828,47083.0,585.2944762833799,0.0,48,42,0,0,42,42,8263,6,0,0,6,0
2020-07-29,US,Tennessee,Humphreys,87,3,0,36.03958805,-87.77992872,47085.0,468.1950274459154,3.4482758620689653,84,83,3,0,80,77,18486,4,0,0,4,6
2020-07-29,US,Tennessee,Jackson,103,0,0,36.36380466,-85.67239905,47087.0,873.9182080434413,0.0,103,99,0,0,99,97,11758,4,0,0,4,2
2020-07-29,US,Tennessee,Jefferson,441,2,0,36.04818632,-83.45148924,47089.0,809.2485549132947,0.453514739229025,439,420,2,0,418,392,54012,21,0,0,21,28
2020-07-29,US,Tennessee,Johnson,81,0,0,36.45523950000001,-81.84886538,47091.0,455.3631661794468,0.0,81,72,0,0,72,70,17778,9,0,0,9,2
2020-07-29,US,Tennessee,Knox,3444,27,0,35.99508821,-83.94635435,47093.0,732.2782912656039,0.7839721254355401,3417,3337,27,0,3310,3240,465289,107,0,0,107,97
2020-07-29,US,Tennessee,Lake,722,0,0,36.34180170000001,-89.48921915,47095.0,10290.763968072975,0.0,722,721,0,0,721,716,7411,1,0,0,1,5
2020-07-29,US,Tennessee,Lauderdale,371,6,0,35.75893438,-89.63015909999999,47097.0,1447.3530214957282,1.6172506738544474,365,364,6,0,358,345,25825,7,0,0,7,19
2020-07-29,US,Tennessee,Lawrence,408,6,0,35.21675201,-87.39787695,47099.0,924.2897920347967,1.4705882352941178,402,404,6,0,398,388,43734,4,0,0,4,16
2020-07-29,US,Tennessee,Lewis,39,1,0,35.52853208,-87.49022694,47101.0,317.9002282360613,2.5641025641025643,38,37,1,0,36,34,12086,2,0,0,2,3
2020-07-29,US,Tennessee,Lincoln,218,1,0,35.13738622,-86.58910106,47103.0,634.347901996159,0.4587155963302753,217,208,1,0,207,197,34117,10,0,0,10,11
2020-07-29,US,Tennessee,Loudon,575,3,0,35.73939663,-84.31145275,47105.0,1063.4756232891914,0.5217391304347826,572,560,3,0,557,544,53054,15,0,0,15,16
2020-07-29,US,Tennessee,Macon,794,13,0,36.53157855,-86.00778595,47111.0,3227.379887813999,1.6372795969773302,781,789,13,0,776,770,24265,5,0,0,5,19
2020-07-29,US,Tennessee,Madison,700,11,0,35.61181957,-88.84076036,47113.0,714.4023514043109,1.5714285714285714,689,677,10,0,667,636,97605,23,1,0,22,41
2020-07-29,US,Tennessee,Marion,183,4,0,35.12997174,-85.62265895,47115.0,633.0646556197461,2.1857923497267757,179,184,4,0,180,175,28575,-1,0,0,-1,9
2020-07-29,US,Tennessee,Marshall,234,2,0,35.45798777,-86.76420988,47117.0,680.7272727272727,0.8547008547008547,232,221,2,0,219,218,33683,13,0,0,13,3
2020-07-29,US,Tennessee,Maury,953,5,0,35.6187413,-87.07462444,47119.0,988.7225455714982,0.5246589716684156,948,933,4,0,929,904,94340,20,1,0,19,29
2020-07-29,US,Tennessee,McMinn,442,20,0,35.42812616,-84.61520715,47107.0,821.6529724504593,4.524886877828054,422,438,20,0,418,430,53285,4,0,0,4,8
2020-07-29,US,Tennessee,McNairy,268,4,0,35.17468549,-88.5647812,47109.0,1043.045068887678,1.492537313432836,264,259,2,0,257,247,25832,9,2,0,7,12
2020-07-29,US,Tennessee,Meigs,84,0,0,35.51558739,-84.81482914,47121.0,676.2196103687007,0.0,84,83,0,0,83,81,12306,1,0,0,1,2
2020-07-29,US,Tennessee,Monroe,297,9,0,35.44550387,-84.24902965,47123.0,638.0921688688368,3.0303030303030303,288,289,9,0,280,271,46357,8,0,0,8,18
2020-07-29,US,Tennessee,Montgomery,1524,10,0,36.49609412,-87.38550661,47125.0,729.2110262066194,0.6561679790026247,1514,1482,9,0,1473,1455,205950,42,1,0,41,27
2020-07-29,US,Tennessee,Moore,37,0,0,35.27724699,-86.36230578,47127.0,570.2836004932183,0.0,37,36,0,0,36,37,6411,1,0,0,1,-1
2020-07-29,US,Tennessee,Morgan,64,1,0,36.13248031,-84.64880098,47129.0,299.02350137831144,1.5625,63,62,1,0,61,59,21579,2,0,0,2,3
2020-07-29,US,Tennessee,Obion,330,4,0,36.35732446,-89.14921589,47131.0,1097.4758056470116,1.2121212121212122,326,316,4,0,312,294,30267,14,0,0,14,22
2020-07-29,US,Tennessee,Out of TN,2688,12,0,0.0,0.0,80047.0,0.0,0.44642857142857145,2676,2741,11,0,2730,2631,,-53,1,0,-54,110
2020-07-29,US,Tennessee,Overton,118,1,0,36.34117832,-85.28989535,47133.0,530.551683827166,0.8474576271186439,117,116,1,0,115,111,22068,2,0,0,2,5
2020-07-29,US,Tennessee,Perry,64,0,0,35.63708728,-87.86139634,47135.0,792.4715205547301,0.0,64,61,0,0,61,60,8064,3,0,0,3,1
2020-07-29,US,Tennessee,Pickett,22,1,0,36.55606529,-85.07763299999998,47137.0,435.8161648177496,4.545454545454546,21,22,1,0,21,19,5082,0,0,0,0,3
2020-07-29,US,Tennessee,Polk,123,0,0,35.12245443,-84.52075859,47139.0,730.7509505703423,0.0,123,116,0,0,116,110,16898,7,0,0,7,6
2020-07-29,US,Tennessee,Putnam,1465,13,0,36.14005459,-85.50646123,47141.0,1825.658919558851,0.8873720136518771,1452,1458,13,0,1445,1427,78843,7,0,0,7,31
2020-07-29,US,Tennessee,Rhea,454,1,0,35.60536161,-84.93076643,47143.0,1368.830464015437,0.22026431718061676,453,452,1,0,451,450,33044,2,0,0,2,2
2020-07-29,US,Tennessee,Roane,294,1,0,35.84923189,-84.52458689,47145.0,550.7474429583007,0.3401360544217687,293,273,1,0,272,249,53140,21,0,0,21,24
2020-07-29,US,Tennessee,Robertson,1344,16,0,36.52454807,-86.87346725,47147.0,1871.5274393215714,1.1904761904761905,1328,1315,16,0,1299,1296,71012,29,0,0,29,19
2020-07-29,US,Tennessee,Rutherford,5682,49,0,35.84591405,-86.4107263,47149.0,1709.9778804339649,0.8623724040830694,5633,5579,48,0,5531,5514,324890,103,1,0,102,65
2020-07-29,US,Tennessee,Scott,68,0,0,36.42325673,-84.50360494,47151.0,308.1384810585463,0.0,68,67,0,0,67,57,22039,1,0,0,1,10
2020-07-29,US,Tennessee,Sequatchie,88,0,0,35.36979721,-85.41022136,47153.0,585.6515373352855,0.0,88,86,0,0,86,83,14876,2,0,0,2,3
2020-07-29,US,Tennessee,Sevier,1541,5,0,35.78077323,-83.52244332,47155.0,1568.4478371501273,0.3244646333549643,1536,1497,5,0,1492,1401,97892,44,0,0,44,96
2020-07-29,US,Tennessee,Shelby,19522,273,0,35.1864775,-89.89692423,47157.0,2083.088801770444,1.3984222927978691,19249,19245,269,0,18976,18654,935764,277,4,0,273,591
2020-07-29,US,Tennessee,Smith,322,2,0,36.25359775,-85.95411046,47159.0,1597.4599394751206,0.6211180124223602,320,310,2,0,308,294,19942,12,0,0,12,16
2020-07-29,US,Tennessee,Stewart,63,0,0,36.50235092,-87.83920548,47161.0,459.3510754648195,0.0,63,60,0,0,60,59,13561,3,0,0,3,1
2020-07-29,US,Tennessee,Sullivan,650,7,0,36.51240691,-82.30412917,47163.0,410.48829161088236,1.0769230769230769,643,630,7,0,623,598,157668,20,0,0,20,32
2020-07-29,US,Tennessee,Sumner,3014,68,0,36.46824103,-86.45917204,47165.0,1575.6758310984244,2.2561380225613803,2946,2962,68,0,2894,2925,187149,52,0,0,52,37
2020-07-29,US,Tennessee,Tipton,1026,9,0,35.501942,-89.73694895,47167.0,1665.611454731408,0.8771929824561403,1017,1000,8,0,992,966,61581,26,1,0,25,34
2020-07-29,US,Tennessee,Trousdale,1565,6,0,36.39026213,-86.16087954,47169.0,13869.195320808225,0.38338658146964855,1559,1565,6,0,1559,1561,11012,0,0,0,0,4
2020-07-29,US,Tennessee,Unassigned,2931,5,0,0.0,0.0,90047.0,0.0,0.17059024223814398,2926,2925,3,0,2922,2907,,6,2,0,4,18
2020-07-29,US,Tennessee,Unicoi,120,0,0,36.10890856,-82.43709629,47171.0,671.0283509478276,0.0,120,110,0,0,110,108,17761,10,0,0,10,2
2020-07-29,US,Tennessee,Union,102,0,0,36.28590426,-83.83651902,47173.0,510.71500100140196,0.0,102,93,0,0,93,84,19688,9,0,0,9,9
2020-07-29,US,Tennessee,Van Buren,29,0,0,35.69864497,-85.45221699,47175.0,493.8692098092643,0.0,29,28,0,0,28,26,5765,1,0,0,1,2
2020-07-29,US,Tennessee,Warren,339,3,0,35.6728299,-85.77969117,47177.0,821.2806163238607,0.8849557522123894,336,332,3,0,329,317,40878,7,0,0,7,15
2020-07-29,US,Tennessee,Washington,840,2,0,36.29472368,-82.49454720000001,47179.0,649.2753623188406,0.2380952380952381,838,786,2,0,784,750,128607,54,0,0,54,36
2020-07-29,US,Tennessee,Wayne,191,1,0,35.23868267,-87.78644456,47181.0,1145.5646854195406,0.5235602094240838,190,186,1,0,185,186,16558,5,0,0,5,0
2020-07-29,US,Tennessee,Weakley,182,2,0,36.29896232,-88.71990865,47183.0,546.0873739798368,1.0989010989010992,180,177,2,0,175,165,33415,5,0,0,5,12
2020-07-29,US,Tennessee,White,175,3,0,35.92929884,-85.45591799,47185.0,639.9707441945511,1.7142857142857142,172,172,3,0,169,168,27107,3,0,0,3,4
2020-07-29,US,Tennessee,Williamson,3021,22,0,35.89099229,-86.89281867,47187.0,1267.1342046541279,0.7282356835484939,2999,2986,21,0,2965,2943,231729,35,1,0,34,43
2020-07-29,US,Tennessee,Wilson,1941,20,0,36.15496772,-86.29775884,47189.0,1341.7947282191667,1.0303967027305512,1921,1902,20,0,1882,1876,140625,39,0,0,39,26
2020-07-29,US,Texas,Anderson,2172,8,0,31.81534745,-95.65354823,48001.0,3762.016108080021,0.3683241252302026,2164,2162,8,0,2154,2142,58057,10,0,0,10,20
2020-07-29,US,Texas,Andrews,238,6,0,32.30468633,-102.6376548,48003.0,1272.3870622828122,2.5210084033613445,232,232,5,0,227,228,18128,6,1,0,5,4
2020-07-29,US,Texas,Angelina,1566,31,0,31.25457347,-94.60901487,48005.0,1805.9159314997405,1.9795657726692208,1535,1487,31,0,1456,1405,87092,79,0,0,79,82
2020-07-29,US,Texas,Aransas,136,10,0,28.10556197,-96.9995047,48007.0,578.477243726074,7.352941176470589,126,135,7,0,128,131,23792,1,3,0,-2,4
2020-07-29,US,Texas,Archer,15,0,0,33.61569967,-98.68754589,48009.0,175.377060680463,0.0,15,15,0,0,15,15,8786,0,0,0,0,0
2020-07-29,US,Texas,Armstrong,5,0,0,34.96507426,-101.3574874,48011.0,264.9708532061473,0.0,5,5,0,0,5,4,1892,0,0,0,0,1
2020-07-29,US,Texas,Atascosa,396,13,0,28.89333001,-98.52730485,48013.0,774.1481438038825,3.2828282828282833,383,396,11,0,385,393,50310,0,2,0,-2,3
2020-07-29,US,Texas,Austin,209,5,0,29.88548725,-96.27736949,48015.0,695.9243473628128,2.392344497607656,204,202,5,0,197,193,29989,7,0,0,7,9
2020-07-29,US,Texas,Bailey,148,3,0,34.06854817,-102.8299707,48017.0,2114.285714285714,2.0270270270270268,145,141,3,0,138,132,7027,7,0,0,7,9
2020-07-29,US,Texas,Bandera,79,1,0,29.74619598,-99.24598147,48019.0,341.8137763932156,1.2658227848101269,78,78,1,0,77,71,22824,1,0,0,1,7
2020-07-29,US,Texas,Bastrop,1273,17,0,30.10370699,-97.31206354,48021.0,1434.8027005398826,1.335428122545169,1256,1269,17,0,1252,1195,86976,4,0,0,4,74
2020-07-29,US,Texas,Baylor,5,0,0,33.61640794,-99.21352901,48023.0,142.4907381020234,0.0,5,5,0,0,5,5,3582,0,0,0,0,0
2020-07-29,US,Texas,Bee,461,7,0,28.41761668,-97.74215593,48025.0,1415.6302779057266,1.5184381778741864,454,417,7,0,410,399,32587,44,0,0,44,18
2020-07-29,US,Texas,Bell,3231,28,0,31.03736027,-97.4785025,48027.0,890.2690370435682,0.8666047663262147,3203,3142,26,0,3116,3078,355642,89,2,0,87,64
2020-07-29,US,Texas,Bexar,38930,521,0,29.44928723,-98.52019748,48029.0,1943.047205116508,1.3382995119445158,38409,36438,497,0,35941,36438,1986049,2492,24,0,2468,0
2020-07-29,US,Texas,Blanco,92,2,0,30.26640707,-98.3999852,48031.0,771.1004945100998,2.1739130434782608,90,91,2,0,89,85,11702,1,0,0,1,6
2020-07-29,US,Texas,Bosque,111,2,0,31.89978581,-97.63613524,48035.0,594.059405940594,1.8018018018018016,109,108,2,0,106,103,18691,3,0,0,3,5
2020-07-29,US,Texas,Bowie,693,29,0,33.44626922,-94.41834132,48037.0,743.2033889216583,4.1847041847041835,664,690,29,0,661,681,94324,3,0,0,3,9
2020-07-29,US,Texas,Brazoria,6032,60,0,29.18757369,-95.44563172,48039.0,1611.6965564414425,0.9946949602122016,5972,5896,52,0,5844,5573,370200,136,8,0,128,323
2020-07-29,US,Texas,Brazos,3781,44,0,30.663644800000004,-96.30205577,48041.0,1649.5717919297067,1.1637133033588998,3737,3747,40,0,3707,3724,226758,34,4,0,30,23
2020-07-29,US,Texas,Brewster,177,2,0,29.81008251,-103.2520326,48043.0,1923.285885037488,1.1299435028248588,175,177,2,0,175,176,9267,0,0,0,0,1
2020-07-29,US,Texas,Briscoe,11,1,0,34.53026962,-101.2084947,48045.0,711.5135834411383,9.090909090909092,10,11,1,0,10,10,1516,0,0,0,0,1
2020-07-29,US,Texas,Brooks,80,1,0,27.03103197,-98.21808402,48047.0,1127.8725504018046,1.25,79,79,1,0,78,77,7114,1,0,0,1,2
2020-07-29,US,Texas,Brown,343,13,0,31.77430356,-98.99907113,48049.0,905.8736530741603,3.7900874635568513,330,331,13,0,318,311,37924,12,0,0,12,20
2020-07-29,US,Texas,Burleson,228,5,0,30.49273808,-96.62158484,48051.0,1236.2413923982,2.1929824561403506,223,226,5,0,221,219,18389,2,0,0,2,7
2020-07-29,US,Texas,Burnet,533,11,0,30.78801353,-98.181887,48053.0,1106.8424877998132,2.063789868667917,522,524,10,0,514,507,47542,9,1,0,8,17
2020-07-29,US,Texas,Caldwell,1053,22,0,29.83668859,-97.61814775,48055.0,2411.597654818615,2.0892687559354224,1031,1043,19,0,1024,999,43247,10,3,0,7,44
2020-07-29,US,Texas,Calhoun,439,4,0,28.47048236,-96.61633945,48057.0,2062.000939408173,0.9111617312072892,435,432,2,0,430,393,21561,7,2,0,5,39
2020-07-29,US,Texas,Callahan,38,3,0,32.29760619,-99.37326312,48059.0,272.5381912070573,7.894736842105262,35,38,3,0,35,38,13994,0,0,0,0,0
2020-07-29,US,Texas,Cameron,8777,294,0,26.14524221,-97.48140372,48061.0,2074.1416428184884,3.3496638942691126,8483,8201,276,0,7925,7827,423908,576,18,0,558,374
2020-07-29,US,Texas,Camp,197,4,0,32.97195142,-94.97790104,48063.0,1504.5058805559795,2.0304568527918785,193,191,4,0,187,189,13033,6,0,0,6,2
2020-07-29,US,Texas,Carson,12,0,0,35.40365929,-101.3542669,48065.0,202.49746878164024,0.0,12,11,0,0,11,10,6005,1,0,0,1,1
2020-07-29,US,Texas,Cass,141,5,0,33.07499881,-94.34646905,48067.0,469.59301938320124,3.5460992907801416,136,140,5,0,135,136,30119,1,0,0,1,4
2020-07-29,US,Texas,Castro,161,2,0,34.53016752,-102.2617243,48069.0,2138.1142098273567,1.2422360248447204,159,160,2,0,158,147,7665,1,0,0,1,13
2020-07-29,US,Texas,Chambers,850,2,0,29.70972016,-94.67154501,48071.0,1939.00130027146,0.2352941176470588,848,832,2,0,830,812,42454,18,0,0,18,20
2020-07-29,US,Texas,Cherokee,717,4,0,31.837258,-95.16559897,48073.0,1361.926832048019,0.5578800557880056,713,665,4,0,661,655,52592,52,0,0,52,10
2020-07-29,US,Texas,Childress,28,0,0,34.529304100000004,-100.2077916,48075.0,383.24664659184236,0.0,28,27,0,0,27,20,7291,1,0,0,1,7
2020-07-29,US,Texas,Clay,32,1,0,33.78686685,-98.20771198,48077.0,305.6059593162067,3.125,31,26,1,0,25,25,10456,6,0,0,6,1
2020-07-29,US,Texas,Cochran,18,0,0,33.60425307,-102.8284499,48079.0,630.9148264984228,0.0,18,14,0,0,14,11,2836,4,0,0,4,3
2020-07-29,US,Texas,Coke,35,1,0,31.88911733,-100.5297533,48081.0,1033.3628579864187,2.8571428571428568,34,35,1,0,34,32,3370,0,0,0,0,3
2020-07-29,US,Texas,Coleman,9,0,0,31.76736834,-99.45240766,48083.0,110.09174311926607,0.0,9,10,0,0,10,9,8397,-1,0,0,-1,1
2020-07-29,US,Texas,Collin,6147,67,0,33.18820114,-96.57264368,48085.0,594.0680177437592,1.0899625833740036,6080,5938,67,0,5871,5789,1005146,209,0,0,209,149
2020-07-29,US,Texas,Collingsworth,6,0,0,34.96489496,-100.2700111,48087.0,205.4794520547945,0.0,6,6,0,0,6,6,2962,0,0,0,0,0
2020-07-29,US,Texas,Colorado,237,2,0,29.622098,-96.5273805,48089.0,1102.6845949844137,0.8438818565400844,235,237,1,0,236,233,21217,0,1,0,-1,4
2020-07-29,US,Texas,Comal,1602,57,0,29.80811278,-98.27647225,48091.0,1025.549104084912,3.5580524344569286,1545,1602,55,0,1547,1539,148373,0,2,0,-2,63
2020-07-29,US,Texas,Comanche,227,3,0,31.94854689,-98.55876441,48093.0,1664.8331499816647,1.3215859030837005,224,223,3,0,220,204,13534,4,0,0,4,19
2020-07-29,US,Texas,Concho,23,1,0,31.32635934,-99.86473038,48095.0,843.7270726338958,4.3478260869565215,22,23,1,0,22,22,4276,0,0,0,0,1
2020-07-29,US,Texas,Cooke,189,3,0,33.63979567,-97.21240912,48097.0,458.1040793077538,1.5873015873015872,186,182,3,0,179,172,40574,7,0,0,7,10
2020-07-29,US,Texas,Coryell,585,5,0,31.39078397,-97.79936155,48099.0,770.2334399810402,0.8547008547008547,580,575,5,0,570,569,74808,10,0,0,10,6
2020-07-29,US,Texas,Cottle,9,2,0,34.07783319,-100.2785062,48101.0,643.7768240343347,22.222222222222218,7,9,2,0,7,7,1389,0,0,0,0,2
2020-07-29,US,Texas,Crane,66,2,0,31.43052248,-102.5143314,48103.0,1375.8599124452787,3.0303030303030303,64,66,2,0,64,65,4794,0,0,0,0,1
2020-07-29,US,Texas,Crockett,141,2,0,30.72367027,-101.4134238,48105.0,4070.438799076213,1.4184397163120568,139,140,2,0,138,135,3499,1,0,0,1,5
2020-07-29,US,Texas,Crosby,51,2,0,33.61431553,-101.3000364,48107.0,888.9663587240718,3.92156862745098,49,51,2,0,49,46,5779,0,0,0,0,5
2020-07-29,US,Texas,Culberson,15,2,0,31.44506775,-104.5185739,48109.0,690.9258406264395,13.333333333333336,13,15,2,0,13,14,2204,0,0,0,0,1
2020-07-29,US,Texas,Dallam,173,5,0,36.27787176,-102.6020725,48111.0,2374.090846713325,2.8901734104046244,168,173,5,0,168,173,7200,0,0,0,0,0
2020-07-29,US,Texas,Dallas,48732,658,0,32.76670599,-96.7779605,48113.0,1849.049673764076,1.3502421406878438,48074,48028,622,0,47406,47239,2637772,704,36,0,668,789
2020-07-29,US,Texas,Dawson,128,4,0,32.74255572,-101.9477242,48115.0,1005.656819610308,3.125,124,127,4,0,123,122,12619,1,0,0,1,5
2020-07-29,US,Texas,DeWitt,522,12,0,29.08101855,-97.3568117,48123.0,2589.285714285714,2.2988505747126435,510,502,12,0,490,502,20187,20,0,0,20,0
2020-07-29,US,Texas,Deaf Smith,538,16,0,34.96522957,-102.6054267,48117.0,2900.895071713577,2.9739776951672865,522,519,16,0,503,510,18760,19,0,0,19,9
2020-07-29,US,Texas,Delta,13,0,0,33.38570922,-95.66921122,48119.0,243.8566873006941,0.0,13,12,0,0,12,12,5349,1,0,0,1,0
2020-07-29,US,Texas,Denton,6331,73,0,33.20521901,-97.11691153,48121.0,713.5876971214159,1.1530563891960195,6258,6208,71,0,6137,6121,859064,123,2,0,121,87
2020-07-29,US,Texas,Dickens,4,1,0,33.61616822,-100.7788855,48125.0,180.91361374943463,25.0,3,4,1,0,3,4,2249,0,0,0,0,0
2020-07-29,US,Texas,Dimmit,119,0,0,28.42270064,-99.75645095,48127.0,1175.4247333069932,0.0,119,98,0,0,98,87,10308,21,0,0,21,11
2020-07-29,US,Texas,Donley,43,0,0,34.96517499,-100.8140093,48129.0,1311.7754728492982,0.0,43,42,0,0,42,38,3319,1,0,0,1,4
2020-07-29,US,Texas,Duval,146,1,0,27.68184592,-98.50864568,48131.0,1308.5955005825938,0.6849315068493149,145,143,1,0,142,129,11212,3,0,0,3,14
2020-07-29,US,Texas,Eastland,45,1,0,32.32743996,-98.83243566,48133.0,245.09803921568627,2.2222222222222223,44,41,1,0,40,39,18322,4,0,0,4,2
2020-07-29,US,Texas,Ector,3138,42,0,31.86898877,-102.5429428,48135.0,1887.8253911913519,1.338432122370937,3096,3138,42,0,3096,3095,162124,0,0,0,0,43
2020-07-29,US,Texas,Edwards,22,0,0,29.98202582,-100.304252,48137.0,1138.7163561076604,0.0,22,22,0,0,22,22,1928,0,0,0,0,0
2020-07-29,US,Texas,El Paso,13807,232,0,31.76980765,-106.2363275,48141.0,1645.1828920997382,1.6803070906062143,13575,13552,220,0,13332,13240,840758,255,12,0,243,312
2020-07-29,US,Texas,Ellis,2387,33,0,32.34894117,-96.79371841,48139.0,1291.4849642366335,1.3824884792626728,2354,2332,33,0,2299,2268,179436,55,0,0,55,64
2020-07-29,US,Texas,Erath,430,5,0,32.23602653,-98.21773417,48143.0,1007.0729308164316,1.162790697674419,425,389,4,0,385,371,42446,41,1,0,40,18
2020-07-29,US,Texas,Falls,106,1,0,31.25350609,-96.93630086,48145.0,612.8230328958779,0.9433962264150944,105,106,1,0,105,103,17335,0,0,0,0,3
2020-07-29,US,Texas,Fannin,206,7,0,33.59564294,-96.10751083,48147.0,580.0529368699667,3.3980582524271843,199,196,7,0,189,186,35286,10,0,0,10,10
2020-07-29,US,Texas,Fayette,363,13,0,29.87788372,-96.92076062,48149.0,1432.178647518346,3.5812672176308538,350,357,13,0,344,346,25349,6,0,0,6,11
2020-07-29,US,Texas,Fisher,23,1,0,32.74281316,-100.4019302,48151.0,600.5221932114882,4.3478260869565215,22,23,1,0,22,23,3839,0,0,0,0,0
2020-07-29,US,Texas,Floyd,76,4,0,34.07227468,-101.3031546,48153.0,1330.532212885154,5.2631578947368425,72,73,4,0,69,65,5837,3,0,0,3,8
2020-07-29,US,Texas,Foard,2,0,0,33.97308618,-99.7767797,48155.0,173.16017316017312,0.0,2,2,0,0,2,2,1200,0,0,0,0,0
2020-07-29,US,Texas,Fort Bend,6852,135,0,29.52704478,-95.77219463,48157.0,844.1667241600221,1.9702276707530648,6717,6772,126,0,6646,6679,787858,80,9,0,71,93
2020-07-29,US,Texas,Franklin,80,1,0,33.17653242,-95.21917243,48159.0,745.920745920746,1.25,79,79,1,0,78,78,10766,1,0,0,1,1
2020-07-29,US,Texas,Freestone,138,0,0,31.70422788,-96.15072516,48161.0,699.9036364558502,0.0,138,135,0,0,135,129,19808,3,0,0,3,6
2020-07-29,US,Texas,Frio,447,5,0,28.86751206,-99.10804207,48163.0,2201.3198069536097,1.1185682326621924,442,432,5,0,427,425,19816,15,0,0,15,7
2020-07-29,US,Texas,Gaines,106,0,0,32.74055318,-102.6353295,48165.0,493.20677461380967,0.0,106,99,0,0,99,86,20901,7,0,0,7,13
2020-07-29,US,Texas,Galveston,8494,92,0,29.40167322,-94.90469073,48167.0,2482.616714259409,1.0831174947021427,8402,8367,90,0,8277,8205,337890,127,2,0,125,162
2020-07-29,US,Texas,Garza,95,1,0,33.17969345,-101.2984114,48169.0,1525.1244180446301,1.0526315789473684,94,94,1,0,93,94,6578,1,0,0,1,0
2020-07-29,US,Texas,Gillespie,165,2,0,30.31824095,-98.94676915,48171.0,611.3828368163628,1.2121212121212122,163,165,2,0,163,156,26804,0,0,0,0,9
2020-07-29,US,Texas,Glasscock,6,0,0,31.86942909,-101.5207776,48173.0,425.83392476934,0.0,6,6,0,0,6,6,1388,0,0,0,0,0
2020-07-29,US,Texas,Goliad,77,3,0,28.65696592,-97.42760647,48175.0,1005.4844606946983,3.8961038961038965,74,69,2,0,67,68,7584,8,1,0,7,1
2020-07-29,US,Texas,Gonzales,606,8,0,29.45634206,-97.49424032,48177.0,2908.2881412871334,1.32013201320132,598,598,8,0,590,569,20826,8,0,0,8,29
2020-07-29,US,Texas,Gray,160,3,0,35.40081878,-100.8129222,48179.0,731.0609522068903,1.875,157,157,3,0,154,150,21895,3,0,0,3,7
2020-07-29,US,Texas,Grayson,963,10,0,33.62744998,-96.67753461,48181.0,706.9861686195047,1.038421599169263,953,939,10,0,929,923,133991,24,0,0,24,16
2020-07-29,US,Texas,Gregg,1264,20,0,32.47940482,-94.81591935,48183.0,1019.8071725362056,1.5822784810126582,1244,1250,20,0,1230,1195,123707,14,0,0,14,55
2020-07-29,US,Texas,Grimes,828,20,0,30.54579585,-95.98902499,48185.0,2867.036011080333,2.415458937198068,808,824,18,0,806,804,28360,4,2,0,2,20
2020-07-29,US,Texas,Guadalupe,1542,35,0,29.58165339,-97.94786822,48187.0,924.200015583139,2.2697795071335927,1507,1542,34,0,1508,1519,163694,0,1,0,-1,23
2020-07-29,US,Texas,Hale,1162,21,0,34.07044901,-101.8268114,48189.0,3478.417050829192,1.8072289156626504,1141,1103,20,0,1083,1085,33830,59,1,0,58,18
2020-07-29,US,Texas,Hall,7,1,0,34.5307555,-100.6813852,48191.0,236.1673414304993,14.285714285714285,6,7,1,0,6,6,3028,0,0,0,0,1
2020-07-29,US,Texas,Hamilton,54,1,0,31.70470573,-98.11083887,48193.0,638.2224323366032,1.851851851851852,53,54,1,0,53,54,8484,0,0,0,0,0
2020-07-29,US,Texas,Hansford,59,2,0,36.27743284,-101.3545796,48195.0,1092.7949620300055,3.3898305084745757,57,49,2,0,47,47,5463,10,0,0,10,2
2020-07-29,US,Texas,Hardeman,14,0,0,34.28944521,-99.74632408,48197.0,355.9623696923468,0.0,14,13,0,0,13,11,3922,1,0,0,1,2
2020-07-29,US,Texas,Hardin,786,8,0,30.33364686,-94.38931817,48199.0,1364.535953612722,1.0178117048346056,778,734,8,0,726,682,57207,52,0,0,52,52
2020-07-29,US,Texas,Harris,69123,686,0,29.86,-95.39,48201.0,1466.5443185012705,0.9924337774691492,68437,67655,671,0,66984,66190,4698619,1468,15,0,1453,1465
2020-07-29,US,Texas,Harrison,596,22,0,32.54935988,-94.36934071,48203.0,895.5268733190089,3.6912751677852342,574,589,22,0,567,574,66726,7,0,0,7,15
2020-07-29,US,Texas,Hartley,81,2,0,35.84008013,-102.6029022,48205.0,1452.654232424677,2.469135802469136,79,81,2,0,79,81,5619,0,0,0,0,0
2020-07-29,US,Texas,Haskell,30,0,0,33.17823584,-99.73037358,48207.0,530.2226935312831,0.0,30,30,0,0,30,30,5813,0,0,0,0,0
2020-07-29,US,Texas,Hays,4276,28,0,30.05669873,-98.02944344,48209.0,1857.5878292374593,0.6548175865294668,4248,4245,28,0,4217,4203,222631,31,0,0,31,42
2020-07-29,US,Texas,Hemphill,38,0,0,35.83764858,-100.2703577,48211.0,995.0248756218906,0.0,38,36,0,0,36,34,3825,2,0,0,2,2
2020-07-29,US,Texas,Henderson,526,8,0,32.21128872,-95.85846587,48213.0,635.7494228700581,1.520912547528517,518,518,8,0,510,500,82299,8,0,0,8,18
2020-07-29,US,Texas,Hidalgo,16088,467,0,26.39418217,-98.18299696,48215.0,1851.9477798613336,2.902784684236698,15621,15759,467,0,15292,15749,865939,329,0,0,329,10
2020-07-29,US,Texas,Hill,300,1,0,31.99045053,-97.13423143,48217.0,818.5762230893068,0.3333333333333333,299,296,1,0,295,264,36354,4,0,0,4,32
2020-07-29,US,Texas,Hockley,171,4,0,33.60771256,-102.3431676,48219.0,742.8000521263194,2.3391812865497075,167,167,4,0,163,160,22980,4,0,0,4,7
2020-07-29,US,Texas,Hood,380,6,0,32.42990927,-97.83242024,48221.0,616.4528008046333,1.5789473684210529,374,355,6,0,349,308,60537,25,0,0,25,47
2020-07-29,US,Texas,Hopkins,157,1,0,33.14875072,-95.56351139,48223.0,423.36317549347433,0.6369426751592356,156,156,1,0,155,154,36810,1,0,0,1,2
2020-07-29,US,Texas,Houston,238,4,0,31.31925973,-95.42226208,48225.0,1036.2243120863811,1.680672268907563,234,235,4,0,231,236,23169,3,0,0,3,-1
2020-07-29,US,Texas,Howard,132,3,0,32.30621324,-101.4356444,48227.0,360.02618372245246,2.272727272727273,129,130,3,0,127,126,36459,2,0,0,2,4
2020-07-29,US,Texas,Hudspeth,19,2,0,31.45628381,-105.388178,48229.0,388.8661481784692,10.526315789473683,17,19,2,0,17,19,4795,0,0,0,0,0
2020-07-29,US,Texas,Hunt,1010,19,0,33.12351514,-96.08551032,48231.0,1024.40310769418,1.8811881188118809,991,985,17,0,968,948,96493,25,2,0,23,37
2020-07-29,US,Texas,Hutchinson,109,2,0,35.84006574,-101.3546643,48233.0,520.584583054733,1.834862385321101,107,108,2,0,106,105,21198,1,0,0,1,3
2020-07-29,US,Texas,Irion,7,0,0,31.30375559,-100.982439,48235.0,455.72916666666674,0.0,7,7,0,0,7,6,1522,0,0,0,0,1
2020-07-29,US,Texas,Jack,26,0,0,33.23377248,-98.17283469,48237.0,290.99048684946837,0.0,26,26,0,0,26,24,8843,0,0,0,0,2
2020-07-29,US,Texas,Jackson,272,3,0,28.95472367,-96.57749563,48239.0,1842.8184281842816,1.1029411764705883,269,251,3,0,248,202,14874,21,0,0,21,49
2020-07-29,US,Texas,Jasper,281,6,0,30.74685667,-94.02667579,48241.0,790.9032058318556,2.1352313167259784,275,268,6,0,262,268,35872,13,0,0,13,0
2020-07-29,US,Texas,Jeff Davis,8,0,0,30.71490589,-104.1399973,48243.0,351.8029903254178,0.0,8,8,0,0,8,8,2252,0,0,0,0,0
2020-07-29,US,Texas,Jefferson,5321,61,0,29.8832777,-94.16434171,48245.0,2115.1591040089043,1.1464010524337531,5260,5220,58,0,5162,5064,255001,101,3,0,98,156
2020-07-29,US,Texas,Jim Hogg,49,1,0,27.04453923,-98.6968187,48247.0,942.3076923076924,2.0408163265306123,48,49,1,0,48,48,5248,0,0,0,0,1
2020-07-29,US,Texas,Jim Wells,560,6,0,27.73103938,-98.0904705,48249.0,1383.3308630996494,1.0714285714285714,554,545,3,0,542,531,40822,15,3,0,12,14
2020-07-29,US,Texas,Johnson,1403,21,0,32.37877812,-97.36615819,48251.0,797.9888179186313,1.4967925873129009,1382,1354,21,0,1333,1234,171361,49,0,0,49,120
2020-07-29,US,Texas,Jones,621,0,0,32.73997145,-99.87861576,48253.0,3092.1675048548523,0.0,621,621,0,0,621,621,19817,0,0,0,0,0
2020-07-29,US,Texas,Karnes,239,3,0,28.90705334,-97.85960149,48255.0,1531.9530799307736,1.2552301255230125,236,239,3,0,236,206,15650,0,0,0,0,33
2020-07-29,US,Texas,Kaufman,1617,17,0,32.599141700000004,-96.28734728,48257.0,1187.6257766940375,1.051329622758194,1600,1563,17,0,1546,1440,128622,54,0,0,54,123
2020-07-29,US,Texas,Kendall,139,1,0,29.94414155,-98.7113588,48259.0,293.05728321140185,0.7194244604316546,138,139,1,0,138,137,45641,0,0,0,0,2
2020-07-29,US,Texas,Kenedy,5,1,0,26.92601662,-97.66413984,48261.0,1237.6237623762374,20.0,4,4,0,0,4,4,442,1,1,0,0,0
2020-07-29,US,Texas,Kent,2,0,0,33.18104136,-100.7780939,48263.0,262.46719160104993,0.0,2,2,0,0,2,2,726,0,0,0,0,0
2020-07-29,US,Texas,Kerr,336,4,0,30.06040006,-99.34930144,48265.0,638.7832699619772,1.1904761904761905,332,336,4,0,332,324,52405,0,0,0,0,12
2020-07-29,US,Texas,Kimble,13,0,0,30.48678918,-99.74856473,48267.0,299.7463684574591,0.0,13,13,0,0,13,13,4362,0,0,0,0,0
2020-07-29,US,Texas,Kinney,16,0,0,29.34967888,-100.4186638,48271.0,436.323970548132,0.0,16,14,0,0,14,14,3767,2,0,0,2,0
2020-07-29,US,Texas,Kleberg,315,2,0,27.42435506,-97.69894948,48273.0,1026.7275097783572,0.6349206349206349,313,311,2,0,309,308,31129,4,0,0,4,3
2020-07-29,US,Texas,Knox,44,0,0,33.60519951,-99.7422906,48275.0,1200.8733624454148,0.0,44,44,0,0,44,44,3653,0,0,0,0,0
2020-07-29,US,Texas,La Salle,350,1,0,28.34453111,-99.09908775,48283.0,4654.255319148936,0.2857142857142857,349,348,1,0,347,351,7531,2,0,0,2,-3
2020-07-29,US,Texas,Lamar,592,16,0,33.66981763,-95.57404777,48277.0,1187.348322268798,2.702702702702702,576,570,16,0,554,537,49728,22,0,0,22,33
2020-07-29,US,Texas,Lamb,194,4,0,34.06859623,-102.3516289,48279.0,1504.6924687815094,2.061855670103093,190,188,4,0,184,175,13158,6,0,0,6,13
2020-07-29,US,Texas,Lampasas,82,1,0,31.19531316,-98.24206613,48281.0,382.67687138323686,1.2195121951219512,81,80,1,0,79,76,21229,2,0,0,2,4
2020-07-29,US,Texas,Lavaca,582,11,0,29.38508402,-96.93186692,48285.0,2887.76421554034,1.8900343642611683,571,569,11,0,558,545,20110,13,0,0,13,24
2020-07-29,US,Texas,Lee,146,10,0,30.31120597,-96.97045773,48287.0,846.916874528685,6.849315068493151,136,144,10,0,134,143,17144,2,0,0,2,1
2020-07-29,US,Texas,Leon,135,1,0,31.29872538,-95.9936328,48289.0,775.6837508618709,0.7407407407407407,134,130,1,0,129,128,17270,5,0,0,5,2
2020-07-29,US,Texas,Liberty,813,26,0,30.15152688,-94.81205615,48291.0,921.5701832938482,3.1980319803198034,787,808,25,0,783,797,86323,5,1,0,4,11
2020-07-29,US,Texas,Limestone,163,3,0,31.5454767,-96.58095444,48293.0,695.4815036054104,1.8404907975460123,160,160,3,0,157,143,23519,3,0,0,3,17
2020-07-29,US,Texas,Lipscomb,15,0,0,36.27783108,-100.2733151,48295.0,463.96535725332507,0.0,15,15,0,0,15,15,3355,0,0,0,0,0
2020-07-29,US,Texas,Live Oak,126,1,0,28.35101362,-98.1246786,48297.0,1032.1946424182843,0.7936507936507936,125,115,1,0,114,115,12166,11,0,0,11,0
2020-07-29,US,Texas,Llano,85,0,0,30.70645047,-98.68475262,48299.0,389.99770589584773,0.0,85,84,0,0,84,81,21646,1,0,0,1,3
2020-07-29,US,Texas,Lubbock,5254,69,0,33.61008596,-101.8204789,48303.0,1691.7335600140384,1.3132851161020176,5185,5150,66,0,5084,5100,307412,104,3,0,101,50
2020-07-29,US,Texas,Lynn,62,4,0,33.17657705,-101.8162849,48305.0,1041.8417072760878,6.451612903225807,58,62,3,0,59,59,5877,0,1,0,-1,3
2020-07-29,US,Texas,Madison,633,0,0,30.96694679,-95.93003775,48313.0,4431.531783814057,0.0,633,631,0,0,631,609,14422,2,0,0,2,22
2020-07-29,US,Texas,Marion,122,7,0,32.79868409,-94.3566123,48315.0,1238.0759082606046,5.737704918032787,115,119,7,0,112,117,9928,3,0,0,3,2
2020-07-29,US,Texas,Martin,44,2,0,32.30600051,-101.9513518,48317.0,762.4328539247964,4.545454545454546,42,44,2,0,42,42,5753,0,0,0,0,2
2020-07-29,US,Texas,Mason,39,0,0,30.71780434,-99.22629416,48319.0,912.4941506785212,0.0,39,38,0,0,38,38,4280,1,0,0,1,0
2020-07-29,US,Texas,Matagorda,641,20,0,28.81955746,-96.01230294,48321.0,1749.3109188658136,3.1201248049922,621,610,20,0,590,588,36552,31,0,0,31,22
2020-07-29,US,Texas,Maverick,1802,34,0,28.7429195,-100.3157686,48323.0,3068.696570280304,1.8867924528301887,1768,1730,34,0,1696,1622,58485,72,0,0,72,108
2020-07-29,US,Texas,McCulloch,34,1,0,31.1925468,-99.34682807,48307.0,425.85170340681367,2.9411764705882355,33,34,0,0,34,34,7987,0,1,0,-1,0
2020-07-29,US,Texas,McLennan,4108,37,0,31.55255453,-97.20217694,48309.0,1600.7918230244366,0.9006815968841285,4071,4042,32,0,4010,3986,254607,66,5,0,61,56
2020-07-29,US,Texas,McMullen,7,0,0,28.35251708,-98.56769164,48311.0,942.1265141318976,0.0,7,7,0,0,7,7,749,0,0,0,0,0
2020-07-29,US,Texas,Medina,571,19,0,29.3557301,-99.11030298,48325.0,1106.9323821339951,3.327495621716287,552,562,16,0,546,546,50921,9,3,0,6,16
2020-07-29,US,Texas,Menard,16,0,0,30.88990665,-99.8204794,48327.0,748.3629560336763,0.0,16,16,0,0,16,16,2139,0,0,0,0,0
2020-07-29,US,Texas,Midland,2069,40,0,31.86904128,-102.0315682,48329.0,1170.0370973579445,1.9333011116481391,2029,1989,37,0,1952,1901,172578,80,3,0,77,88
2020-07-29,US,Texas,Milam,293,4,0,30.78581830000001,-96.97718698,48331.0,1180.3569270434675,1.3651877133105803,289,286,4,0,282,273,25131,7,0,0,7,13
2020-07-29,US,Texas,Mills,14,0,0,31.49557106,-98.59272068,48333.0,287.2973527601067,0.0,14,14,0,0,14,14,4921,0,0,0,0,0
2020-07-29,US,Texas,Mitchell,42,0,0,32.30623474,-100.9212058,48335.0,491.5155061439438,0.0,42,42,0,0,42,41,8145,0,0,0,0,1
2020-07-29,US,Texas,Montague,47,1,0,33.67521893,-97.72500958,48337.0,237.158139065496,2.127659574468085,46,46,1,0,45,45,19596,1,0,0,1,1
2020-07-29,US,Texas,Montgomery,5990,65,0,30.30079133,-95.50572772,48339.0,986.185175611756,1.0851419031719534,5925,5852,60,0,5792,5780,590925,138,5,0,133,72
2020-07-29,US,Texas,Moore,1000,13,0,35.83769242,-101.8930281,48341.0,4775.549188156639,1.3,987,986,13,0,973,978,21485,14,0,0,14,8
2020-07-29,US,Texas,Morris,84,1,0,33.11304005,-94.73255695,48343.0,678.0755569906362,1.1904761904761905,83,81,1,0,80,79,12339,3,0,0,3,2
2020-07-29,US,Texas,Motley,4,0,0,34.07408766,-100.779722,48345.0,333.3333333333333,0.0,4,4,0,0,4,4,1234,0,0,0,0,0
2020-07-29,US,Texas,Nacogdoches,936,34,0,31.62017125,-94.61803994,48347.0,1435.4947549230108,3.632478632478633,902,927,34,0,893,882,65711,9,0,0,9,45
2020-07-29,US,Texas,Navarro,734,9,0,32.04620681,-96.47428766,48349.0,1464.689801049628,1.2261580381471389,725,691,9,0,682,672,49565,43,0,0,43,19
2020-07-29,US,Texas,Newton,83,4,0,30.78548982,-93.74408813,48351.0,610.5185730047813,4.819277108433735,79,78,4,0,74,78,13746,5,0,0,5,0
2020-07-29,US,Texas,Nolan,127,3,0,32.30365282,-100.4060208,48353.0,863.1235557972,2.3622047244094486,124,125,3,0,122,122,14751,2,0,0,2,3
2020-07-29,US,Texas,Nueces,11160,162,0,27.736286,-97.5433285,48355.0,3080.3711902488035,1.4516129032258065,10998,10901,154,0,10747,10647,362265,259,8,0,251,254
2020-07-29,US,Texas,Ochiltree,78,3,0,36.27829105,-100.8158184,48357.0,793.0052867019114,3.8461538461538463,75,76,3,0,73,75,9947,2,0,0,2,1
2020-07-29,US,Texas,Oldham,13,1,0,35.40425596,-102.6027606,48359.0,615.530303030303,7.6923076923076925,12,13,1,0,12,12,2131,0,0,0,0,1
2020-07-29,US,Texas,Orange,945,15,0,30.11879481,-93.89412775,48361.0,1133.1478727996546,1.5873015873015872,930,878,15,0,863,827,83572,67,0,0,67,51
2020-07-29,US,Texas,Palo Pinto,158,3,0,32.75310985,-98.31319001,48363.0,541.2998047209567,1.8987341772151896,155,157,3,0,154,142,28875,1,0,0,1,15
2020-07-29,US,Texas,Panola,261,18,0,32.163959600000005,-94.30552481,48365.0,1125.291023540571,6.896551724137932,243,260,18,0,242,258,23148,1,0,0,1,2
2020-07-29,US,Texas,Parker,1029,10,0,32.77757172,-97.80500621,48367.0,720.1948515516734,0.9718172983479106,1019,982,8,0,974,824,138371,47,2,0,45,158
2020-07-29,US,Texas,Parmer,299,7,0,34.52993409,-102.7844668,48369.0,3112.961998958876,2.34113712374582,292,294,7,0,287,289,9864,5,0,0,5,5
2020-07-29,US,Texas,Pecos,208,1,0,30.78097267,-102.7241261,48371.0,1314.5421222271375,0.4807692307692308,207,203,1,0,202,194,15673,5,0,0,5,9
2020-07-29,US,Texas,Polk,648,6,0,30.79472531,-94.8276624,48373.0,1261.854224680155,0.925925925925926,642,628,6,0,622,601,50031,20,0,0,20,27
2020-07-29,US,Texas,Potter,3419,42,0,35.40133773,-101.893964,48375.0,2911.893710343653,1.2284293653114946,3377,3389,41,0,3348,3353,119648,30,1,0,29,36
2020-07-29,US,Texas,Presidio,35,0,0,29.99954402,-104.2408079,48377.0,522.0763723150358,0.0,35,34,0,0,34,35,6948,1,0,0,1,-1
2020-07-29,US,Texas,Rains,41,2,0,32.87109387,-95.79232691,48379.0,327.6330509828992,4.878048780487805,39,40,2,0,38,37,12159,1,0,0,1,3
2020-07-29,US,Texas,Randall,1505,18,0,34.96585996,-101.8971322,48381.0,1092.8525266314728,1.196013289036545,1487,1477,18,0,1459,1442,136271,28,0,0,28,35
2020-07-29,US,Texas,Reagan,55,3,0,31.36607041,-101.5232659,48383.0,1428.9425824889581,5.454545454545454,52,54,3,0,51,51,3741,1,0,0,1,3
2020-07-29,US,Texas,Real,74,0,0,29.83321503,-99.82018052,48385.0,2143.6848203939744,0.0,74,71,0,0,71,71,3478,3,0,0,3,0
2020-07-29,US,Texas,Red River,133,11,0,33.61886692,-95.04841765,48387.0,1106.2130915744822,8.270676691729323,122,132,11,0,121,131,12175,1,0,0,1,1
2020-07-29,US,Texas,Reeves,119,2,0,31.32323325,-103.6903896,48389.0,744.8673009514273,1.680672268907563,117,112,2,0,110,106,15695,7,0,0,7,6
2020-07-29,US,Texas,Refugio,179,0,0,28.3238976,-97.15766311,48391.0,2576.280944156592,0.0,179,160,0,0,160,156,7032,19,0,0,19,4
2020-07-29,US,Texas,Roberts,6,0,0,35.83809685,-100.813175,48393.0,702.5761124121782,0.0,6,6,0,0,6,6,903,0,0,0,0,0
2020-07-29,US,Texas,Robertson,202,1,0,31.02539637,-96.51272246,48395.0,1183.0853929951975,0.4950495049504951,201,199,1,0,198,194,17284,3,0,0,3,5
2020-07-29,US,Texas,Rockwall,699,17,0,32.89779518,-96.40771592,48397.0,666.2536338941047,2.4320457796852653,682,674,17,0,657,635,100657,25,0,0,25,39
2020-07-29,US,Texas,Runnels,100,1,0,31.8314342,-99.97616148,48399.0,974.2790335151989,1.0,99,90,1,0,89,78,10234,10,0,0,10,12
2020-07-29,US,Texas,Rusk,325,8,0,32.10773545,-94.76176432,48401.0,597.3605852295702,2.4615384615384617,317,320,8,0,312,300,54450,5,0,0,5,20
2020-07-29,US,Texas,Sabine,39,6,0,31.34318809,-93.85440451,48403.0,369.94877632327825,15.384615384615385,33,37,6,0,31,37,10589,2,0,0,2,0
2020-07-29,US,Texas,San Augustine,153,10,0,31.39457611,-94.17000399,48405.0,1857.4723807211358,6.5359477124183005,143,151,10,0,141,147,8232,2,0,0,2,4
2020-07-29,US,Texas,San Jacinto,138,6,0,30.57933681,-95.16260304,48407.0,478.1870473682386,4.3478260869565215,132,136,6,0,130,136,28719,2,0,0,2,0
2020-07-29,US,Texas,San Patricio,694,15,0,28.00880118,-97.51763891,48409.0,1040.0119886108198,2.161383285302594,679,694,14,0,680,666,66893,0,1,0,-1,28
2020-07-29,US,Texas,San Saba,21,0,0,31.1577796,-98.81758731,48411.0,346.82080924855484,0.0,21,20,0,0,20,19,6054,1,0,0,1,1
2020-07-29,US,Texas,Schleicher,34,1,0,30.89740592,-100.5384842,48413.0,1217.329036877909,2.9411764705882355,33,33,1,0,32,33,2895,1,0,0,1,0
2020-07-29,US,Texas,Scurry,403,1,0,32.74613808,-100.9162664,48415.0,2412.7402263066515,0.2481389578163772,402,396,1,0,395,387,16866,7,0,0,7,9
2020-07-29,US,Texas,Shackelford,16,0,0,32.73587756,-99.35401337,48417.0,490.04594180704436,0.0,16,17,0,0,17,16,3253,-1,0,0,-1,1
2020-07-29,US,Texas,Shelby,366,17,0,31.79211404,-94.14550696,48419.0,1448.128511513809,4.644808743169398,349,357,17,0,340,351,25418,9,0,0,9,6
2020-07-29,US,Texas,Sherman,36,0,0,36.27751473,-101.8933156,48421.0,1191.2640635340833,0.0,36,36,0,0,36,35,3079,0,0,0,0,1
2020-07-29,US,Texas,Smith,2222,16,0,32.37474036,-95.2717568,48423.0,954.6682935841307,0.7200720072007201,2206,2189,15,0,2174,2106,230221,33,1,0,32,83
2020-07-29,US,Texas,Somervell,49,0,0,32.22236802,-97.77403489,48425.0,536.8098159509202,0.0,49,46,0,0,46,46,9016,3,0,0,3,0
2020-07-29,US,Texas,Starr,1761,33,0,26.56150059,-98.73892358,48427.0,2724.614361084895,1.8739352640545144,1728,1715,29,0,1686,1655,64525,46,4,0,42,60
2020-07-29,US,Texas,Stephens,28,2,0,32.73553157,-98.83631615,48429.0,298.95366218236165,7.142857142857142,26,28,2,0,26,23,9433,0,0,0,0,5
2020-07-29,US,Texas,Sterling,1,0,0,31.82781912,-101.0500746,48431.0,77.45933384972889,0.0,1,1,0,0,1,1,1311,0,0,0,0,0
2020-07-29,US,Texas,Stonewall,4,0,0,33.17906744,-100.2538401,48433.0,296.2962962962963,0.0,4,4,0,0,4,4,1362,0,0,0,0,0
2020-07-29,US,Texas,Sutton,58,1,0,30.49856623,-100.5382014,48435.0,1536.0169491525423,1.7241379310344829,57,57,1,0,56,54,3758,1,0,0,1,3
2020-07-29,US,Texas,Swisher,73,2,0,34.53028891,-101.7349174,48437.0,986.8865756387725,2.7397260273972597,71,72,2,0,70,72,7462,1,0,0,1,0
2020-07-29,US,Texas,Tarrant,26315,351,0,32.77143818,-97.29101614,48439.0,1251.5963025234066,1.3338400152004561,25964,25739,343,0,25396,25499,2084931,576,8,0,568,240
2020-07-29,US,Texas,Taylor,1049,17,0,32.30163422,-99.89007449,48441.0,759.9576915832332,1.6205910390848428,1032,1036,16,0,1020,1019,137640,13,1,0,12,17
2020-07-29,US,Texas,Terrell,2,0,0,30.22429013,-102.0766732,48443.0,257.73195876288656,0.0,2,2,0,0,2,2,823,0,0,0,0,0
2020-07-29,US,Texas,Terry,104,2,0,33.17402785,-102.3354521,48445.0,842.9926238145416,1.9230769230769231,102,101,2,0,99,86,12287,3,0,0,3,15
2020-07-29,US,Texas,Throckmorton,2,0,0,33.17751417,-99.21226795,48447.0,133.24450366422386,0.0,2,2,0,0,2,2,1515,0,0,0,0,0
2020-07-29,US,Texas,Titus,1265,14,0,33.21339719,-94.96797273,48449.0,3862.595419847328,1.1067193675889329,1251,1256,13,0,1243,1224,33033,9,1,0,8,32
2020-07-29,US,Texas,Tom Green,2131,19,0,31.40464436,-100.462443,48451.0,1787.7516778523486,0.8916001877053027,2112,2082,19,0,2063,2046,118189,49,0,0,49,36
2020-07-29,US,Texas,Travis,19952,214,0,30.33432034,-97.7853562,48453.0,1566.1476003058194,1.0725741780272655,19738,19720,209,0,19511,19480,1248743,232,5,0,227,240
2020-07-29,US,Texas,Trinity,122,2,0,31.0879489,-95.1367187,48455.0,832.7076650058017,1.639344262295082,120,117,2,0,115,117,14740,5,0,0,5,0
2020-07-29,US,Texas,Tyler,109,1,0,30.77031716,-94.37690895,48457.0,502.953119232189,0.9174311926605504,108,102,1,0,101,102,21696,7,0,0,7,0
2020-07-29,US,Texas,Unassigned,0,151,0,0.0,0.0,90048.0,0.0,0.0,-151,0,81,0,-81,0,,0,70,0,-70,0
2020-07-29,US,Texas,Upshur,176,2,0,32.73706798,-94.93999853,48459.0,421.52659689124135,1.1363636363636365,174,175,2,0,173,164,41260,1,0,0,1,11
2020-07-29,US,Texas,Upton,13,1,0,31.36868194,-102.0423217,48461.0,355.48263604047025,7.6923076923076925,12,13,1,0,12,13,3671,0,0,0,0,0
2020-07-29,US,Texas,Uvalde,448,3,0,29.35739637,-99.76229172,48463.0,1675.3300175760069,0.6696428571428571,445,427,3,0,424,427,26846,21,0,0,21,0
2020-07-29,US,Texas,Val Verde,1396,22,0,29.89149232,-101.1525205,48465.0,2847.5267720550733,1.5759312320916905,1374,1344,22,0,1322,1288,49208,52,0,0,52,56
2020-07-29,US,Texas,Van Zandt,319,1,0,32.56483801,-95.83766469,48467.0,563.7038345997528,0.31347962382445144,318,309,1,0,308,297,56019,10,0,0,10,12
2020-07-29,US,Texas,Victoria,2960,26,0,28.79780988,-96.96813006,48469.0,3214.456365926763,0.8783783783783784,2934,2960,24,0,2936,2870,92035,0,2,0,-2,90
2020-07-29,US,Texas,Walker,2757,43,0,30.73872995,-95.57440968,48471.0,3778.213262803031,1.5596663039535728,2714,2749,41,0,2708,2738,72480,8,2,0,6,11
2020-07-29,US,Texas,Waller,388,4,0,30.01058447,-95.99011759,48473.0,702.3132896499294,1.0309278350515465,384,381,4,0,377,377,53126,7,0,0,7,4
2020-07-29,US,Texas,Ward,81,1,0,31.50999644,-103.0927909,48475.0,675.1125187531255,1.2345679012345678,80,80,1,0,79,74,11720,1,0,0,1,6
2020-07-29,US,Texas,Washington,452,38,0,30.21498498,-96.40946246,48477.0,1259.6845214870966,8.407079646017701,414,450,37,0,413,441,35108,2,1,0,1,9
2020-07-29,US,Texas,Webb,5396,71,0,27.7610369,-99.33237355,48479.0,1950.4648439194366,1.3157894736842106,5325,5136,65,0,5071,5081,275910,260,6,0,254,55
2020-07-29,US,Texas,Wharton,590,17,0,29.27765923,-96.22319248,48481.0,1419.7709115410528,2.8813559322033897,573,535,17,0,518,517,41619,55,0,0,55,18
2020-07-29,US,Texas,Wheeler,31,0,0,35.40114335,-100.2699514,48483.0,613.132911392405,0.0,31,32,0,0,32,31,5191,-1,0,0,-1,1
2020-07-29,US,Texas,Wichita,874,10,0,33.98842886,-98.7041034,48485.0,660.9695228011798,1.1441647597254003,864,862,10,0,852,824,132064,12,0,0,12,38
2020-07-29,US,Texas,Wilbarger,41,1,0,34.07945812,-99.24178437,48487.0,321.0901401832563,2.4390243902439024,40,35,1,0,34,35,12820,6,0,0,6,0
2020-07-29,US,Texas,Willacy,572,18,0,26.47411727,-97.61535848,48489.0,2678.1533851484223,3.1468531468531467,554,570,17,0,553,568,21515,2,1,0,1,2
2020-07-29,US,Texas,Williamson,5551,79,0,30.64655664,-97.6004854,48491.0,939.969621590684,1.4231669969374887,5472,5433,100,0,5333,5366,566719,118,-21,0,139,67
2020-07-29,US,Texas,Wilson,412,15,0,29.1732598,-98.08693082,48493.0,806.7358527511259,3.6407766990291264,397,412,14,0,398,403,50224,0,1,0,-1,9
2020-07-29,US,Texas,Winkler,65,1,0,31.85008651,-103.0485163,48495.0,811.4856429463173,1.5384615384615383,64,65,1,0,64,65,7720,0,0,0,0,0
2020-07-29,US,Texas,Wise,299,4,0,33.21570665,-97.65460265,48497.0,427.24051211705535,1.3377926421404682,295,290,4,0,286,272,68305,9,0,0,9,18
2020-07-29,US,Texas,Wood,262,6,0,32.78722382,-95.38236368,48499.0,575.3310349370869,2.2900763358778624,256,261,5,0,256,241,45129,1,1,0,0,20
2020-07-29,US,Texas,Yoakum,68,1,0,33.17320212,-102.8276433,48501.0,780.4430161827155,1.4705882352941178,67,66,1,0,65,63,8591,2,0,0,2,3
2020-07-29,US,Texas,Young,114,3,0,33.17659707,-98.68790885,48503.0,632.9816768461966,2.631578947368421,111,109,3,0,106,101,18045,5,0,0,5,8
2020-07-29,US,Texas,Zapata,127,1,0,27.00156391,-99.16987152,48505.0,895.6908103533394,0.7874015748031497,126,126,1,0,125,123,14190,1,0,0,1,3
2020-07-29,US,Texas,Zavala,169,4,0,28.86617238,-99.76050829,48507.0,1427.3648648648648,2.366863905325444,165,151,3,0,148,143,11983,18,1,0,17,8
2020-07-29,US,Utah,Bear River,2113,5,0,41.52106798,-113.08328159999999,0.0,1131.047329486452,0.23663038334122105,2108,2105,5,0,2100,2099,,8,0,0,8,6
2020-07-29,US,Utah,Central Utah,357,1,0,39.37231946,-111.5758676,0.0,435.61022036752325,0.2801120448179272,356,353,1,0,352,347,,4,0,0,4,6
2020-07-29,US,Utah,Davis,2819,12,0,40.99001837,-112.1139997,49011.0,793.0100342915656,0.4256828662646329,2807,2784,12,0,2772,2743,351713,35,0,0,35,41
2020-07-29,US,Utah,Salt Lake,18575,166,0,40.66616532,-111.92160109999999,49035.0,1600.6900848559635,0.8936742934051144,18409,18441,162,0,18279,18280,1152633,134,4,0,130,161
2020-07-29,US,Utah,San Juan,596,22,0,37.62762978,-109.80337140000002,49037.0,3893.38907760648,3.6912751677852342,574,591,22,0,569,590,15449,5,0,0,5,1
2020-07-29,US,Utah,Southeast Utah,79,0,0,38.99617072,-110.70139579999999,0.0,196.37574883790302,0.0,79,71,0,0,71,70,,8,0,0,8,1
2020-07-29,US,Utah,Southwest Utah,2827,24,0,37.85447192,-111.4418764,0.0,1121.6384570825496,0.8489564909798373,2803,2814,24,0,2790,2781,,13,0,0,13,33
2020-07-29,US,Utah,Summit,679,1,0,40.86688146,-110.9535882,49043.0,1611.104520109147,0.14727540500736375,678,673,1,0,672,673,41933,6,0,0,6,0
2020-07-29,US,Utah,Tooele,518,0,0,40.44862644,-113.12957150000001,49045.0,716.8657191491718,0.0,518,511,0,0,511,498,69907,7,0,0,7,13
2020-07-29,US,Utah,TriCounty,146,0,0,40.12491499,-109.5174415,0.0,257.8503055349511,0.0,146,144,0,0,144,142,,2,0,0,2,2
2020-07-29,US,Utah,Utah,7483,32,0,40.116672200000004,-111.66576620000001,49049.0,1176.137747844743,0.4276359748763865,7451,7422,31,0,7391,7296,622213,61,1,0,60,126
2020-07-29,US,Utah,Wasatch,522,4,0,40.33110236,-111.1691419,49051.0,1531.1959168108883,0.7662835249042146,518,519,4,0,515,515,33240,3,0,0,3,4
2020-07-29,US,Utah,Weber-Morgan,2480,25,0,41.27116049,-111.9145117,0.0,910.6364540991493,1.0080645161290325,2455,2427,24,0,2403,2375,,53,1,0,52,52
2020-07-29,US,Vermont,Addison,71,2,0,44.03217337,-73.14130877,50001.0,193.0554422601081,2.8169014084507036,69,71,2,0,69,71,36973,0,0,0,0,0
2020-07-29,US,Vermont,Bennington,83,1,0,43.03519828,-73.09048868,50003.0,234.0005638567804,1.2048192771084338,82,82,1,0,81,82,35631,1,0,0,1,0
2020-07-29,US,Vermont,Caledonia,26,0,0,44.46548598,-72.10314651,50005.0,86.68689360850867,0.0,26,26,0,0,26,25,30302,0,0,0,0,1
2020-07-29,US,Vermont,Chittenden,715,39,0,44.46322849,-73.08359212,50007.0,436.57723448166377,5.454545454545454,676,715,39,0,676,713,164572,0,0,0,0,2
2020-07-29,US,Vermont,Essex,4,0,0,44.72736416,-71.73579864,50009.0,64.9034561090378,0.0,4,4,0,0,4,4,6250,0,0,0,0,0
2020-07-29,US,Vermont,Franklin,115,6,0,44.85627605,-72.91249563,50011.0,232.7840978098053,5.217391304347826,109,115,6,0,109,115,49421,0,0,0,0,0
2020-07-29,US,Vermont,Grand Isle,13,0,0,44.7975824,-73.29679772,50013.0,179.68210089841045,0.0,13,13,0,0,13,13,7090,0,0,0,0,0
2020-07-29,US,Vermont,Lamoille,42,1,0,44.60353043,-72.64356694,50015.0,165.60208185474332,2.380952380952381,41,42,1,0,41,42,25300,0,0,0,0,0
2020-07-29,US,Vermont,Orange,15,0,0,44.00470222,-72.37640104,50017.0,51.917485809220544,0.0,15,15,0,0,15,15,28999,0,0,0,0,0
2020-07-29,US,Vermont,Orleans,14,0,0,44.82964024,-72.24562697,50019.0,51.78089285053815,0.0,14,14,0,0,14,14,26907,0,0,0,0,0
2020-07-29,US,Vermont,Rutland,84,1,0,43.57723578,-73.03741676,50021.0,144.3522194153735,1.1904761904761905,83,84,1,0,83,84,58672,0,0,0,0,0
2020-07-29,US,Vermont,Unassigned,7,0,0,0.0,0.0,90050.0,0.0,0.0,7,7,0,0,7,7,,0,0,0,0,0
2020-07-29,US,Vermont,Washington,47,1,0,44.27343241,-72.61604978,50023.0,80.4670513105857,2.127659574468085,46,47,1,0,46,47,58140,0,0,0,0,0
2020-07-29,US,Vermont,Windham,101,3,0,42.986982,-72.71268875,50025.0,239.211785325186,2.9702970297029703,98,101,3,0,98,101,42756,0,0,0,0,0
2020-07-29,US,Vermont,Windsor,69,2,0,43.58010937,-72.58595157,50027.0,125.31328320802004,2.898550724637681,67,69,2,0,67,69,55286,0,0,0,0,0
2020-07-29,US,Virginia,Accomack,1072,15,0,37.76707161,-75.63234615,51001.0,3317.2422329496226,1.3992537313432836,1057,1069,15,0,1054,1065,32412,3,0,0,3,4
2020-07-29,US,Virginia,Albemarle,724,10,0,38.02080697,-78.55481085,51003.0,662.215311442422,1.3812154696132597,714,723,10,0,713,718,108718,1,0,0,1,5
2020-07-29,US,Virginia,Alexandria,2759,57,0,38.814003,-77.08183073,51510.0,1730.561758285872,2.065965929684668,2702,2749,57,0,2692,2735,160530,10,0,0,10,14
2020-07-29,US,Virginia,Alleghany,56,2,0,37.78636074,-80.00222498,51005.0,376.8506056527591,3.571428571428572,54,57,2,0,55,57,14910,-1,0,0,-1,0
2020-07-29,US,Virginia,Amelia,71,1,0,37.34081025,-77.98584649,51007.0,540.1293267402053,1.4084507042253518,70,71,1,0,70,66,13013,0,0,0,0,5
2020-07-29,US,Virginia,Amherst,99,0,0,37.60308293,-79.14548696,51009.0,313.24157570004746,0.0,99,92,0,0,92,88,31666,7,0,0,7,4
2020-07-29,US,Virginia,Appomattox,67,0,0,37.37569884,-78.81340003,51011.0,421.0923260637295,0.0,67,63,0,0,63,61,15841,4,0,0,4,2
2020-07-29,US,Virginia,Arlington,2857,135,0,38.8767675,-77.10139853,51013.0,1206.2894250175225,4.725236261813091,2722,2843,135,0,2708,2823,237521,14,0,0,14,20
2020-07-29,US,Virginia,Augusta,245,4,0,38.16404586,-79.12461614,51015.0,324.25421530479895,1.6326530612244898,241,244,3,0,241,243,75457,1,1,0,0,1
2020-07-29,US,Virginia,Bath,4,0,0,38.05852573,-79.73912095,51017.0,96.45526886906195,0.0,4,4,0,0,4,3,4292,0,0,0,0,1
2020-07-29,US,Virginia,Bedford,255,5,0,37.3080028,-79.5281964,51019.0,322.7970682430978,1.96078431372549,250,244,4,0,240,236,78747,11,1,0,10,8
2020-07-29,US,Virginia,Bland,7,0,0,37.13128068,-81.13599391,51021.0,111.46496815286623,0.0,7,7,0,0,7,7,6293,0,0,0,0,0
2020-07-29,US,Virginia,Botetourt,182,4,0,37.55531756,-79.80982182,51023.0,544.6003770310302,2.1978021978021984,178,178,4,0,174,179,33277,4,0,0,4,-1
2020-07-29,US,Virginia,Bristol,48,0,0,36.6163024,-82.16359122,51520.0,286.36200930676534,0.0,48,44,0,0,44,41,16482,4,0,0,4,3
2020-07-29,US,Virginia,Brunswick,188,1,0,36.76366949,-77.8593436,51025.0,1158.2773704639274,0.5319148936170213,187,184,1,0,183,179,16384,4,0,0,4,5
2020-07-29,US,Virginia,Buchanan,67,0,0,37.26818323,-82.03749726,51027.0,318.98685964578175,0.0,67,64,0,0,64,64,21221,3,0,0,3,0
2020-07-29,US,Virginia,Buckingham,592,6,0,37.57242268,-78.52518834,51029.0,3452.2976440401208,1.0135135135135136,586,592,6,0,586,592,16999,0,0,0,0,0
2020-07-29,US,Virginia,Buena Vista,47,0,0,37.73484642,-79.35296097,51530.0,725.532571781414,0.0,47,47,0,0,47,45,6237,0,0,0,0,2
2020-07-29,US,Virginia,Campbell,131,2,0,37.20553386,-79.09678609,51031.0,238.68087819987247,1.5267175572519085,129,121,1,0,120,117,54973,10,1,0,9,4
2020-07-29,US,Virginia,Caroline,177,4,0,38.02679129,-77.34901405,51033.0,576.0781122864117,2.2598870056497176,173,174,4,0,170,171,30772,3,0,0,3,3
2020-07-29,US,Virginia,Carroll,303,11,0,36.73066666,-80.73455942,51035.0,1017.0856970225908,3.6303630363036303,292,300,11,0,289,299,29636,3,0,0,3,1
2020-07-29,US,Virginia,Charles City,46,3,0,37.35358063,-77.05634116,51036.0,660.6347838575326,6.521739130434782,43,45,3,0,42,45,6941,1,0,0,1,0
2020-07-29,US,Virginia,Charlotte,48,0,0,37.01909701,-78.66314092,51037.0,404.040404040404,0.0,48,48,0,0,48,46,11938,0,0,0,0,2
2020-07-29,US,Virginia,Charlottesville,443,8,0,38.03527919,-78.48569588,51540.0,937.2487623238693,1.8058690744920995,435,441,8,0,433,433,48117,2,0,0,2,8
2020-07-29,US,Virginia,Chesapeake,2348,27,0,36.67670048,-76.30545744,51550.0,959.0132129801705,1.1499148211243608,2321,2276,26,0,2250,2246,242634,72,1,0,71,30
2020-07-29,US,Virginia,Chesterfield,3829,69,0,37.37373208,-77.58680140000001,51041.0,1085.3113077590262,1.8020370854008882,3760,3796,66,0,3730,3766,348556,33,3,0,30,30
2020-07-29,US,Virginia,Clarke,66,0,0,39.11271747,-77.99199425,51043.0,451.46726862302484,0.0,66,64,0,0,64,64,14523,2,0,0,2,0
2020-07-29,US,Virginia,Colonial Heights,175,20,0,37.26420587,-77.39609676,51570.0,1007.4841681059296,11.428571428571427,155,175,20,0,155,173,17833,0,0,0,0,2
2020-07-29,US,Virginia,Covington,11,0,0,37.7824656,-79.98631446,51580.0,198.62766341639585,0.0,11,10,0,0,10,10,5460,1,0,0,1,0
2020-07-29,US,Virginia,Craig,15,0,0,37.48133648,-80.21072274,51045.0,292.34067433248885,0.0,15,15,0,0,15,14,5064,0,0,0,0,1
2020-07-29,US,Virginia,Culpeper,934,12,0,38.48199985,-77.95630870000002,51047.0,1775.4966257960266,1.284796573875803,922,932,12,0,920,926,51859,2,0,0,2,6
2020-07-29,US,Virginia,Cumberland,63,0,0,37.51328851,-78.24398086,51049.0,634.3133306484093,0.0,63,63,0,0,63,60,9809,0,0,0,0,3
2020-07-29,US,Virginia,Danville,278,4,0,36.58022376,-79.40395668,51590.0,694.2363400259717,1.4388489208633093,274,269,3,0,266,269,40693,9,1,0,8,0
2020-07-29,US,Virginia,Dickenson,18,0,0,37.12560977,-82.35124171,51051.0,125.71588210643944,0.0,18,16,0,0,16,16,14523,2,0,0,2,0
2020-07-29,US,Virginia,Dinwiddie,195,4,0,37.07544585,-77.63451754,51053.0,683.1558295964128,2.051282051282051,191,193,2,0,191,187,28529,2,2,0,0,6
2020-07-29,US,Virginia,Emporia,164,15,0,36.69455571,-77.53406129,51595.0,3067.714178825289,9.146341463414632,149,163,15,0,148,161,5121,1,0,0,1,2
2020-07-29,US,Virginia,Essex,74,1,0,37.93357639,-76.94230311,51057.0,675.6139870355154,1.351351351351351,73,74,1,0,73,73,10919,0,0,0,0,1
2020-07-29,US,Virginia,Fairfax,15570,519,0,38.83677558,-77.27565836,51059.0,1356.8249077149922,3.333333333333333,15051,15509,519,0,14990,15455,1150795,61,0,0,61,54
2020-07-29,US,Virginia,Fairfax,15570,519,0,38.83677558,-77.27565836,51059.0,1356.8249077149922,3.333333333333333,15051,15509,519,0,14990,15455,24574,61,0,0,61,54
2020-07-29,US,Virginia,Fairfax City,79,7,0,38.85157547,-77.29779640000002,51600.0,328.9062825263333,8.860759493670884,72,77,7,0,70,76,24574,2,0,0,2,1
2020-07-29,US,Virginia,Falls Church,54,6,0,38.88485255,-77.17560759,51610.0,369.43285215844566,11.111111111111109,48,53,6,0,47,55,14772,1,0,0,1,-2
2020-07-29,US,Virginia,Fauquier,570,8,0,38.73564842,-77.80647472,51061.0,800.3145095616522,1.4035087719298245,562,568,8,0,560,567,70675,2,0,0,2,1
2020-07-29,US,Virginia,Floyd,31,1,0,36.9302126,-80.36738849,51063.0,196.8378944694901,3.2258064516129035,30,29,1,0,28,29,15795,2,0,0,2,0
2020-07-29,US,Virginia,Fluvanna,170,8,0,37.84157909,-78.27715475,51065.0,623.3956729006234,4.705882352941177,162,167,8,0,159,165,26783,3,0,0,3,2
2020-07-29,US,Virginia,Franklin,150,1,0,36.99536167,-79.88023649,51067.0,267.6564005567253,0.6666666666666666,149,146,1,0,145,141,56195,4,0,0,4,5
2020-07-29,US,Virginia,Franklin,150,1,0,36.99536167,-79.88023649,51067.0,267.6564005567253,0.6666666666666666,149,146,1,0,145,141,8013,4,0,0,4,5
2020-07-29,US,Virginia,Franklin City,115,6,0,36.6831435,-76.93859681,51620.0,1443.4542487762021,5.217391304347826,109,114,5,0,109,109,8013,1,1,0,0,5
2020-07-29,US,Virginia,Frederick,644,7,0,39.20172582,-78.25974949,51069.0,721.0596441727408,1.0869565217391304,637,641,7,0,634,639,88355,3,0,0,3,2
2020-07-29,US,Virginia,Fredericksburg,340,2,0,38.2977863,-77.4922454,51630.0,1170.96018735363,0.5882352941176471,338,338,2,0,336,329,29144,2,0,0,2,9
2020-07-29,US,Virginia,Galax,327,17,0,36.66601852,-80.91703124,51640.0,5152.040334016071,5.198776758409786,310,326,16,0,310,326,6423,1,1,0,0,0
2020-07-29,US,Virginia,Giles,20,0,0,37.31234791,-80.70636931,51071.0,119.6172248803828,0.0,20,20,0,0,20,20,16844,0,0,0,0,0
2020-07-29,US,Virginia,Gloucester,138,2,0,37.40809042,-76.53524337,51073.0,369.49769733319056,1.4492753623188406,136,138,1,0,137,132,37349,0,1,0,-1,6
2020-07-29,US,Virginia,Goochland,149,7,0,37.71714806,-77.90381514,51075.0,627.2891845240601,4.697986577181208,142,148,7,0,141,147,23244,1,0,0,1,1
2020-07-29,US,Virginia,Grayson,123,4,0,36.65677234,-81.23215889,51077.0,790.9967845659164,3.2520325203252027,119,121,4,0,117,120,15631,2,0,0,2,1
2020-07-29,US,Virginia,Greene,134,2,0,38.29545894,-78.46525378,51079.0,676.1188758262274,1.492537313432836,132,134,2,0,132,134,19779,0,0,0,0,0
2020-07-29,US,Virginia,Greensville,411,9,0,36.67878901,-77.56351439,51081.0,3625.617501764291,2.18978102189781,402,410,9,0,401,406,11627,1,0,0,1,4
2020-07-29,US,Virginia,Halifax,128,1,0,36.76654925,-78.93512622,51083.0,377.4586417386689,0.78125,127,126,1,0,125,123,34120,2,0,0,2,3
2020-07-29,US,Virginia,Hampton,963,4,0,37.03513786,-76.35879121,51650.0,715.9319009739052,0.4153686396677051,959,938,4,0,934,916,134313,25,0,0,25,22
2020-07-29,US,Virginia,Hanover,579,30,0,37.7583355,-77.49464673,51085.0,537.2752073937977,5.181347150259066,549,576,30,0,546,575,107239,3,0,0,3,1
2020-07-29,US,Virginia,Harrisonburg,1037,29,0,38.43542574,-78.87536254,51660.0,1956.0132790101104,2.7965284474445515,1008,1035,29,0,1006,1028,54033,2,0,0,2,7
2020-07-29,US,Virginia,Henrico,3466,177,0,37.53460572,-77.39326555,51087.0,1047.705989395982,5.106751298326602,3289,3436,178,0,3258,3371,329261,30,-1,0,31,65
2020-07-29,US,Virginia,Henry,461,5,0,36.68542395,-79.87634026,51089.0,911.8420792372965,1.084598698481562,456,458,5,0,453,434,50953,3,0,0,3,24
2020-07-29,US,Virginia,Highland,3,0,0,38.35799465,-79.56124594,51091.0,136.98630136986299,0.0,3,3,0,0,3,3,2210,0,0,0,0,0
2020-07-29,US,Virginia,Hopewell,253,5,0,37.29186313,-77.29754684,51670.0,1122.9970260553066,1.9762845849802368,248,252,5,0,247,248,22596,1,0,0,1,4
2020-07-29,US,Virginia,Isle of Wight,318,9,0,36.90579348,-76.70842863,51093.0,856.9349753429087,2.830188679245283,309,314,9,0,305,315,36953,4,0,0,4,-1
2020-07-29,US,Virginia,James City,525,16,0,37.31156958,-76.76950618,51095.0,686.0682409210302,3.0476190476190474,509,518,16,0,502,510,76397,7,0,0,7,8
2020-07-29,US,Virginia,King George,119,4,0,38.26818502,-77.15852768,51099.0,443.43419287524216,3.361344537815126,115,119,4,0,115,118,26575,0,0,0,0,1
2020-07-29,US,Virginia,King William,76,2,0,37.70965316,-77.09384941,51101.0,443.2003732213669,2.631578947368421,74,75,2,0,73,73,16939,1,0,0,1,2
2020-07-29,US,Virginia,King and Queen,35,1,0,37.71044922,-76.88689628,51097.0,498.220640569395,2.8571428571428568,34,35,1,0,34,34,7042,0,0,0,0,1
2020-07-29,US,Virginia,Lancaster,29,0,0,37.71889653,-76.46400482,51103.0,273.507497877959,0.0,29,29,0,0,29,28,10783,0,0,0,0,1
2020-07-29,US,Virginia,Lee,83,0,0,36.70586667,-83.12606515,51105.0,354.3525594501131,0.0,83,80,0,0,80,78,23541,3,0,0,3,2
2020-07-29,US,Virginia,Lexington,28,0,0,37.78258621,-79.44262866,51678.0,376.04082728982,0.0,28,28,0,0,28,28,7136,0,0,0,0,0
2020-07-29,US,Virginia,Loudoun,4965,109,0,39.08990083,-77.63481877,51107.0,1200.6151792580126,2.1953675730110773,4856,4939,108,0,4831,4914,406850,26,1,0,25,25
2020-07-29,US,Virginia,Louisa,165,2,0,37.97850256,-77.96274807,51109.0,438.93485142720334,1.2121212121212122,163,165,2,0,163,165,36778,0,0,0,0,0
2020-07-29,US,Virginia,Lunenburg,53,0,0,36.94618528,-78.24133319,51111.0,434.5687110528042,0.0,53,52,0,0,52,46,12086,1,0,0,1,6
2020-07-29,US,Virginia,Lynchburg,392,2,0,37.40021399,-79.19888138,51680.0,477.0713659818908,0.5102040816326531,390,370,1,0,369,354,82126,22,1,0,21,16
2020-07-29,US,Virginia,Madison,58,1,0,38.41531222,-78.28220331,51113.0,437.37274715330665,1.7241379310344829,57,57,1,0,56,56,13295,1,0,0,1,1
2020-07-29,US,Virginia,Manassas,1586,20,0,38.7464321,-77.48509905,51683.0,3860.289643422173,1.261034047919294,1566,1584,20,0,1564,1575,41641,2,0,0,2,9
2020-07-29,US,Virginia,Manassas Park,493,7,0,38.77058531,-77.44399307,51685.0,2820.6888660029754,1.4198782961460443,486,488,7,0,481,486,17307,5,0,0,5,2
2020-07-29,US,Virginia,Martinsville,156,3,0,36.68212094,-79.86352771,51690.0,1242.6318304922736,1.9230769230769231,153,155,2,0,153,149,12902,1,1,0,0,6
2020-07-29,US,Virginia,Mathews,12,0,0,37.44164146,-76.34098896,51115.0,135.83880461851936,0.0,12,12,0,0,12,11,8802,0,0,0,0,1
2020-07-29,US,Virginia,Mecklenburg,303,31,0,36.67882005,-78.36131056,51117.0,990.6169287605844,10.231023102310232,272,297,30,0,267,295,30650,6,1,0,5,2
2020-07-29,US,Virginia,Middlesex,25,1,0,37.63191998,-76.55064617,51119.0,236.25023625023624,4.0,24,25,1,0,24,22,10769,0,0,0,0,3
2020-07-29,US,Virginia,Montgomery,260,3,0,37.17746986,-80.37868691,51121.0,263.86563150149686,1.1538461538461535,257,259,3,0,256,257,98985,1,0,0,1,2
2020-07-29,US,Virginia,Nelson,33,0,0,37.78790447,-78.88498513,51125.0,221.03148024112525,0.0,33,33,0,0,33,33,14836,0,0,0,0,0
2020-07-29,US,Virginia,New Kent,112,1,0,37.50694406,-76.99828634,51127.0,485.03746048243903,0.8928571428571429,111,111,1,0,110,108,22391,1,0,0,1,3
2020-07-29,US,Virginia,Newport News,1519,15,0,37.08166899,-76.51754109,51700.0,847.5380108801785,0.9874917709019092,1504,1489,15,0,1474,1474,178626,30,0,0,30,15
2020-07-29,US,Virginia,Norfolk,2937,22,0,36.89934014,-76.26420872,51710.0,1209.9265887238305,0.7490636704119851,2915,2814,20,0,2794,2779,244076,123,2,0,121,35
2020-07-29,US,Virginia,Northampton,297,28,0,37.34062933,-75.87751591,51131.0,2536.2937660119555,9.427609427609427,269,298,28,0,270,297,11735,-1,0,0,-1,1
2020-07-29,US,Virginia,Northumberland,60,2,0,37.89202088,-76.41949732,51133.0,496.07275733774287,3.333333333333333,58,60,1,0,59,59,12147,0,1,0,-1,1
2020-07-29,US,Virginia,Norton,10,0,0,36.93357076,-82.62750411,51720.0,251.19316754584275,0.0,10,10,0,0,10,10,3968,0,0,0,0,0
2020-07-29,US,Virginia,Nottoway,168,8,0,37.1435975,-78.05065922,51135.0,1102.9411764705883,4.761904761904762,160,168,6,0,162,159,15420,0,2,0,-2,9
2020-07-29,US,Virginia,Orange,204,3,0,38.24530219,-78.01560400000002,51137.0,550.592426655151,1.4705882352941178,201,202,3,0,199,201,36644,2,0,0,2,1
2020-07-29,US,Virginia,Page,330,24,0,38.61807452,-78.48797204,51139.0,1380.6376035478202,7.272727272727272,306,330,24,0,306,329,23933,0,0,0,0,1
2020-07-29,US,Virginia,Patrick,104,3,0,36.6801638,-80.2865648,51141.0,590.6406179009541,2.8846153846153846,101,104,3,0,101,99,17673,0,0,0,0,5
2020-07-29,US,Virginia,Petersburg,411,10,0,37.20530399,-77.39368102,51730.0,1311.1720793721688,2.4330900243309004,401,408,10,0,398,404,31567,3,0,0,3,4
2020-07-29,US,Virginia,Pittsylvania,296,2,0,36.81980341,-79.39731264,51143.0,490.4397388739769,0.6756756756756757,294,292,2,0,290,291,60949,4,0,0,4,1
2020-07-29,US,Virginia,Poquoson,34,0,0,37.14259351,-76.35798148,51735.0,277.07603292315207,0.0,34,34,0,0,34,33,12190,0,0,0,0,1
2020-07-29,US,Virginia,Portsmouth,1390,21,0,36.85914825,-76.35971629,51740.0,1472.488823915761,1.5107913669064748,1369,1367,21,0,1346,1291,94632,23,0,0,23,76
2020-07-29,US,Virginia,Powhatan,118,4,0,37.55016038,-77.91267882,51145.0,397.94954809119116,3.3898305084745757,114,116,4,0,112,112,29189,2,0,0,2,4
2020-07-29,US,Virginia,Prince Edward,289,7,0,37.22554789,-78.43597949,51147.0,1267.4326813437415,2.4221453287197234,282,284,6,0,278,258,22950,5,1,0,4,26
2020-07-29,US,Virginia,Prince George,327,2,0,37.18497668,-77.22922187,51149.0,852.6060542851927,0.6116207951070336,325,326,2,0,324,319,38082,1,0,0,1,7
2020-07-29,US,Virginia,Prince William,8724,168,0,38.70916224,-77.48713689,51153.0,1854.848140155421,1.9257221458046767,8556,8663,167,0,8496,8580,468011,61,1,0,60,83
2020-07-29,US,Virginia,Pulaski,74,3,0,37.06474963,-80.71229738,51155.0,217.47435859758426,4.0540540540540535,71,73,2,0,71,71,34066,1,1,0,0,2
2020-07-29,US,Virginia,Radford,26,0,0,37.12222899,-80.56027320000003,51750.0,142.4735601950792,0.0,26,26,0,0,26,25,18339,0,0,0,0,1
2020-07-29,US,Virginia,Rappahannock,40,2,0,38.68295619,-78.15826963,51157.0,542.7408412483039,5.0,38,40,2,0,38,39,7252,0,0,0,0,1
2020-07-29,US,Virginia,Richmond,315,4,0,37.937575,-76.72920628,51159.0,3491.078355314197,1.2698412698412698,311,316,4,0,312,316,9038,-1,0,0,-1,0
2020-07-29,US,Virginia,Richmond City,2831,39,0,37.53255773,-77.47966921,51760.0,1228.5406794077314,1.377605086541858,2792,2794,37,0,2757,2762,228783,37,2,0,35,32
2020-07-29,US,Virginia,Roanoke,414,7,0,37.26865804,-80.06396753,51161.0,439.5557726201346,1.6908212560386473,407,405,6,0,399,405,94073,9,1,0,8,0
2020-07-29,US,Virginia,Roanoke City,780,10,0,37.27791025,-79.96189766,51770.0,786.7423822155878,1.2820512820512822,770,739,10,0,729,737,99920,41,0,0,41,2
2020-07-29,US,Virginia,Rockbridge,63,0,0,37.81204314,-79.44605905,51163.0,279.0944934213441,0.0,63,62,0,0,62,62,22752,1,0,0,1,0
2020-07-29,US,Virginia,Rockingham,878,16,0,38.51006137,-78.87260325,51165.0,1071.4111387709281,1.8223234624145783,862,870,16,0,854,860,81244,8,0,0,8,10
2020-07-29,US,Virginia,Russell,59,1,0,36.93028320000001,-82.10095486,51167.0,221.92131196870534,1.6949152542372878,58,52,1,0,51,50,26748,7,0,0,7,2
2020-07-29,US,Virginia,Salem,128,3,0,37.2836193,-80.06219455,51775.0,505.9088573574167,2.34375,125,128,3,0,125,128,25643,0,0,0,0,0
2020-07-29,US,Virginia,Scott,45,3,0,36.71466456,-82.60171704,51169.0,208.66178243531482,6.666666666666668,42,41,3,0,38,40,21534,4,0,0,4,1
2020-07-29,US,Virginia,Shenandoah,665,40,0,38.85905135,-78.56813762,51171.0,1524.6698459280994,6.015037593984963,625,662,40,0,622,660,43497,3,0,0,3,2
2020-07-29,US,Virginia,Smyth,97,2,0,36.84455636,-81.53344948,51173.0,322.21631676853576,2.061855670103093,95,93,2,0,91,91,30472,4,0,0,4,2
2020-07-29,US,Virginia,Southampton,229,12,0,36.72231125,-77.10642712,51175.0,1298.8486189098746,5.240174672489083,217,229,12,0,217,226,17586,0,0,0,0,3
2020-07-29,US,Virginia,Spotsylvania,1271,33,0,38.18574462,-77.655399,51177.0,933.0837279301103,2.5963808025177024,1238,1254,33,0,1221,1244,134238,17,0,0,17,10
2020-07-29,US,Virginia,Stafford,1227,7,0,38.41758738,-77.45917053,51179.0,802.5797674023102,0.5704971475142624,1220,1214,7,0,1207,1202,149960,13,0,0,13,12
2020-07-29,US,Virginia,Staunton,139,0,0,38.15965544,-79.05979937,51790.0,557.5164447296647,0.0,139,137,0,0,137,135,24922,2,0,0,2,2
2020-07-29,US,Virginia,Suffolk,989,48,0,36.70155394,-76.63603554,51800.0,1073.7395231684545,4.853387259858443,941,974,46,0,928,948,91185,15,2,0,13,26
2020-07-29,US,Virginia,Surry,35,2,0,37.11781893,-76.88450012,51181.0,545.0015571473061,5.7142857142857135,33,35,2,0,33,35,6474,0,0,0,0,0
2020-07-29,US,Virginia,Sussex,271,8,0,36.92432914,-77.25791182,51183.0,2428.533022672282,2.9520295202952034,263,270,7,0,263,264,11237,1,1,0,0,6
2020-07-29,US,Virginia,Tazewell,80,0,0,37.12191123,-81.56685568,51185.0,197.0686045079443,0.0,80,77,0,0,77,68,40855,3,0,0,3,9
2020-07-29,US,Virginia,Virginia Beach,3908,43,0,36.73285734,-76.04566934,51810.0,868.4946241338388,1.1003070624360287,3865,3788,43,0,3745,3742,450189,120,0,0,120,46
2020-07-29,US,Virginia,Warren,344,7,0,38.90847745,-78.20280433,51187.0,856.4883975699631,2.0348837209302326,337,344,7,0,337,345,40003,0,0,0,0,-1
2020-07-29,US,Virginia,Washington,157,4,0,36.72341572,-81.95666289,51191.0,292.14737625604766,2.5477707006369426,153,146,4,0,142,146,54402,11,0,0,11,0
2020-07-29,US,Virginia,Waynesboro,165,2,0,38.06451466,-78.90293905,51820.0,729.1206363234644,1.2121212121212122,163,164,2,0,162,164,22628,1,0,0,1,0
2020-07-29,US,Virginia,Westmoreland,192,2,0,38.11021557,-76.80213247,51193.0,1065.7785179017483,1.0416666666666667,190,192,2,0,190,191,17830,0,0,0,0,1
2020-07-29,US,Virginia,Williamsburg,105,6,0,37.28131268,-76.70905141,51830.0,702.1532700280861,5.7142857142857135,99,105,6,0,99,105,14896,0,0,0,0,0
2020-07-29,US,Virginia,Winchester,390,4,0,39.17054517,-78.17325058,51840.0,1388.9878196452744,1.0256410256410255,386,390,4,0,386,390,28108,0,0,0,0,0
2020-07-29,US,Virginia,Wise,74,3,0,36.9746148,-82.62410519,51195.0,197.95094026696626,4.0540540540540535,71,70,3,0,67,70,38012,4,0,0,4,0
2020-07-29,US,Virginia,Wythe,95,3,0,36.91582035,-81.07834059,51197.0,331.1950913401198,3.1578947368421053,92,94,3,0,91,93,28754,1,0,0,1,1
2020-07-29,US,Virginia,York,290,3,0,37.24374789,-76.54412815,51199.0,424.721734036321,1.0344827586206895,287,287,3,0,284,282,67846,3,0,0,3,5
2020-07-29,US,Washington,Adams,371,2,0,46.98299757,-118.5601734,53001.0,1856.578091377671,0.5390835579514824,369,368,2,0,366,363,19759,3,0,0,3,5
2020-07-29,US,Washington,Asotin,22,2,0,46.18894415,-117.2022851,53003.0,97.42272606500751,9.090909090909092,20,22,2,0,20,22,22610,0,0,0,0,0
2020-07-29,US,Washington,Benton,3390,106,0,46.23946995,-119.5120834,53005.0,1658.5938646704828,3.1268436578171093,3284,3306,106,0,3200,3203,201877,84,0,0,84,103
2020-07-29,US,Washington,Chelan,998,8,0,47.87046092,-120.6173956,53007.0,1292.7461139896373,0.8016032064128257,990,960,8,0,952,951,77036,38,0,0,38,9
2020-07-29,US,Washington,Clallam,88,0,0,48.04754642,-123.9226319,53009.0,113.79653696447737,0.0,88,86,0,0,86,79,76737,2,0,0,2,7
2020-07-29,US,Washington,Clark,1398,39,0,45.77568046,-122.4829204,53011.0,286.33400308454225,2.7896995708154506,1359,1382,36,0,1346,1333,481857,16,3,0,13,49
2020-07-29,US,Washington,Columbia,13,0,0,46.29442881,-117.9051983,53013.0,326.2233375156838,0.0,13,13,0,0,13,12,4059,0,0,0,0,1
2020-07-29,US,Washington,Cowlitz,420,5,0,46.19074721,-122.6782231,53015.0,379.7708715741503,1.1904761904761905,415,415,5,0,410,402,108987,5,0,0,5,13
2020-07-29,US,Washington,Douglas,706,6,0,47.7361335,-119.692937,53017.0,1625.6418522185636,0.8498583569405099,700,681,6,0,675,665,42907,25,0,0,25,16
2020-07-29,US,Washington,Ferry,12,0,0,48.471143100000006,-118.5154041,53019.0,157.3357807788121,0.0,12,11,0,0,11,10,7649,1,0,0,1,1
2020-07-29,US,Washington,Franklin,3173,45,0,46.53351425,-118.9018212,53021.0,3332.2131440213398,1.4182161991805862,3128,3123,45,0,3078,3048,94347,50,0,0,50,75
2020-07-29,US,Washington,Garfield,2,0,0,46.43197502,-117.5454032,53023.0,89.88764044943821,0.0,2,2,0,0,2,2,2247,0,0,0,0,0
2020-07-29,US,Washington,Grant,1174,12,0,47.20753737,-119.4500749,53025.0,1201.2319278033008,1.0221465076660987,1162,1151,12,0,1139,1110,97331,23,0,0,23,41
2020-07-29,US,Washington,Grays Harbor,90,2,0,47.14003705,-123.7820567,53027.0,119.90247931682232,2.2222222222222223,88,85,2,0,83,81,73901,5,0,0,5,4
2020-07-29,US,Washington,Island,232,11,0,48.14713305,-122.5216407,53029.0,272.4891650321232,4.741379310344827,221,231,12,0,219,225,84460,1,-1,0,2,6
2020-07-29,US,Washington,Jefferson,51,0,0,47.75003077,-123.56097040000002,53031.0,158.2818658638776,0.0,51,50,0,0,50,50,31729,1,0,0,1,0
2020-07-29,US,Washington,King,14856,648,0,47.49137892,-121.8346131,53033.0,659.4512917805629,4.361873990306947,14208,14717,648,0,14069,14579,2233163,139,0,0,139,138
2020-07-29,US,Washington,Kitsap,575,3,0,47.63479026,-122.6436061,53035.0,211.8074357302568,0.5217391304347826,572,564,4,0,560,542,269805,11,-1,0,12,22
2020-07-29,US,Washington,Kittitas,326,16,0,47.12521214,-120.679439,53037.0,680.0876186502555,4.9079754601227,310,320,14,0,306,319,47364,6,2,0,4,1
2020-07-29,US,Washington,Klickitat,100,3,0,45.87325839,-120.7913598,53039.0,445.9308807134894,3.0,97,99,3,0,96,91,22107,1,0,0,1,8
2020-07-29,US,Washington,Lewis,160,3,0,46.57756476,-122.3925769,53041.0,198.24798344629338,1.875,157,156,3,0,153,151,79604,4,0,0,4,5
2020-07-29,US,Washington,Lincoln,10,0,0,47.57705241,-118.4194388,53043.0,91.41603437242891,0.0,10,9,0,0,9,9,10740,1,0,0,1,0
2020-07-29,US,Washington,Mason,134,1,0,47.35007586,-123.1863685,53045.0,200.69494368559788,0.746268656716418,133,124,1,0,123,115,65507,10,0,0,10,9
2020-07-29,US,Washington,Okanogan,673,2,0,48.54855019,-119.7387224,53047.0,1593.1633643443884,0.2971768202080238,671,655,2,0,653,635,42132,18,0,0,18,20
2020-07-29,US,Washington,Pacific,32,2,0,46.55418369,-123.7285716,53049.0,142.40576743358102,6.25,30,31,2,0,29,30,22036,1,0,0,1,1
2020-07-29,US,Washington,Pend Oreille,35,0,0,48.53234021,-117.2741804,53051.0,255.0276887204897,0.0,35,36,0,0,36,36,13602,-1,0,0,-1,0
2020-07-29,US,Washington,Pierce,4736,125,0,47.03892768,-122.1405958,53053.0,523.3264823532012,2.639358108108108,4611,4626,124,0,4502,4556,891299,110,1,0,109,70
2020-07-29,US,Washington,San Juan,28,0,0,48.60182783,-122.96745,53055.0,159.2537822773291,0.0,28,28,0,0,28,28,17128,0,0,0,0,0
2020-07-29,US,Washington,Skagit,766,20,0,48.48171488,-121.766131,53057.0,592.8563136101543,2.610966057441253,746,760,20,0,740,753,128206,6,0,0,6,7
2020-07-29,US,Washington,Skamania,47,1,0,46.02408726,-121.9164403,53059.0,388.976247620624,2.127659574468085,46,47,1,0,46,47,11924,0,0,0,0,0
2020-07-29,US,Washington,Snohomish,4903,187,0,48.04615983,-121.7170703,53061.0,596.4117978354983,3.8139914338160312,4716,4853,184,0,4669,4788,814901,50,3,0,47,65
2020-07-29,US,Washington,Spokane,3511,56,0,47.62113146,-117.4046494,53063.0,671.5786976996851,1.5949871831387066,3455,3422,54,0,3368,3319,514631,89,2,0,87,103
2020-07-29,US,Washington,Stevens,69,1,0,48.40035475,-117.8542701,53065.0,150.90873302276754,1.4492753623188406,68,66,1,0,65,59,45260,3,0,0,3,7
2020-07-29,US,Washington,Thurston,578,7,0,46.9291895,-122.8290656,53067.0,198.9426439408541,1.2110726643598615,571,570,7,0,563,564,286419,8,0,0,8,6
2020-07-29,US,Washington,Unassigned,151,0,0,0.0,0.0,90053.0,0.0,0.0,151,152,0,0,152,173,,-1,0,0,-1,-21
2020-07-29,US,Washington,Wahkiakum,5,0,0,46.29180039999999,-123.4250831,53069.0,111.40819964349377,0.0,5,5,0,0,5,5,4426,0,0,0,0,0
2020-07-29,US,Washington,Walla Walla,383,3,0,46.23040051,-118.4775539,53071.0,630.3489137590519,0.783289817232376,380,368,3,0,365,354,60922,15,0,0,15,14
2020-07-29,US,Washington,Whatcom,879,37,0,48.82227976,-121.7490018,53073.0,383.4292269909748,4.209328782707623,842,871,38,0,833,853,225685,8,-1,0,9,18
2020-07-29,US,Washington,Whitman,84,0,0,46.90022523,-117.5241763,53075.0,167.65128532652085,0.0,84,82,0,0,82,59,49791,2,0,0,2,23
2020-07-29,US,Washington,Yakima,9804,202,0,46.45738486,-120.7380126,53077.0,3907.953426634194,2.0603835169318647,9602,9758,203,0,9555,9700,251446,46,-1,0,47,58
2020-07-29,US,West Virginia,Barbour,29,1,0,39.1307219,-80.00350858,54001.0,176.38829754881093,3.4482758620689653,28,28,1,0,27,28,16535,1,0,0,1,0
2020-07-29,US,West Virginia,Berkeley,631,11,0,39.46704621,-78.02414609,54003.0,529.491235283752,1.7432646592709984,620,622,11,0,611,618,117123,9,0,0,9,4
2020-07-29,US,West Virginia,Boone,69,0,0,38.01974191,-81.69888019,54005.0,321.57337931677307,0.0,69,68,0,0,68,70,21951,1,0,0,1,-2
2020-07-29,US,West Virginia,Braxton,8,0,0,38.70036159,-80.72011184,54007.0,57.31890807480117,0.0,8,8,0,0,8,8,14089,0,0,0,0,0
2020-07-29,US,West Virginia,Brooke,53,1,0,40.27367263,-80.57915332,54009.0,241.57892337845848,1.8867924528301887,52,52,1,0,51,48,22203,1,0,0,1,4
2020-07-29,US,West Virginia,Cabell,291,2,0,38.42424062,-82.23855912,54011.0,316.4935559301757,0.6872852233676976,289,290,2,0,288,287,93224,1,0,0,1,3
2020-07-29,US,West Virginia,Calhoun,6,0,0,38.84315422,-81.11934872,54013.0,84.40005626670418,0.0,6,6,0,0,6,6,7254,0,0,0,0,0
2020-07-29,US,West Virginia,Clay,17,1,0,38.46231092,-81.07652217,54015.0,199.8119417019276,5.882352941176472,16,17,1,0,16,17,8632,0,0,0,0,0
2020-07-29,US,West Virginia,Doddridge,3,0,0,39.27057157,-80.70671527,54017.0,35.51136363636363,0.0,3,2,0,0,2,2,8406,1,0,0,1,0
2020-07-29,US,West Virginia,Fayette,122,5,0,38.02974928,-81.08286634,54019.0,287.6951374805452,4.0983606557377055,117,121,5,0,116,117,43018,1,0,0,1,4
2020-07-29,US,West Virginia,Gilmer,14,0,0,38.9251277,-80.85952723,54021.0,178.95947846094847,0.0,14,14,0,0,14,14,8026,0,0,0,0,0
2020-07-29,US,West Virginia,Grant,66,0,0,39.10314817,-79.19440518,54023.0,570.5394190871368,0.0,66,43,0,0,43,43,11626,23,0,0,23,0
2020-07-29,US,West Virginia,Greenbrier,83,3,0,37.9463652,-80.45335881,54025.0,239.45531129190468,3.614457831325301,80,83,3,0,80,82,34786,0,0,0,0,1
2020-07-29,US,West Virginia,Hampshire,67,1,0,39.32103553,-78.60826476,54027.0,289.10463861920175,1.492537313432836,66,65,1,0,64,62,23347,2,0,0,2,3
2020-07-29,US,West Virginia,Hancock,93,0,0,40.51943859,-80.57461608,54029.0,322.80458174245047,0.0,93,91,0,0,91,85,29094,2,0,0,2,6
2020-07-29,US,West Virginia,Hardy,52,0,0,39.00683177,-78.85855301,54031.0,377.4680603948897,0.0,52,51,0,0,51,51,13775,1,0,0,1,0
2020-07-29,US,West Virginia,Harrison,171,1,0,39.2853852,-80.37919577,54033.0,254.25240870702984,0.5847953216374269,170,166,1,0,165,162,67554,5,0,0,5,4
2020-07-29,US,West Virginia,Jackson,157,19,0,38.84263974,-81.68148753,54035.0,549.4120940649498,12.101910828025478,138,154,19,0,135,153,28706,3,0,0,3,1
2020-07-29,US,West Virginia,Jefferson,285,4,0,39.30776166,-77.86014147,54037.0,498.7225702586358,1.4035087719298245,281,285,4,0,281,284,56811,0,0,0,0,1
2020-07-29,US,West Virginia,Kanawha,723,20,0,38.33860077,-81.52857054,54039.0,405.8970155621926,2.7662517289073305,703,710,20,0,690,696,180454,13,0,0,13,14
2020-07-29,US,West Virginia,Lewis,25,2,0,38.9947249,-80.49988181,54041.0,157.16351291884075,8.0,23,25,2,0,23,25,16024,0,0,0,0,0
2020-07-29,US,West Virginia,Lincoln,56,0,0,38.172154,-82.07017953,54043.0,274.3887500612475,0.0,56,53,0,0,53,51,20599,3,0,0,3,2
2020-07-29,US,West Virginia,Logan,103,1,0,37.8299889,-81.93528571,54045.0,321.68400012492583,0.9708737864077671,102,93,1,0,92,89,32607,10,0,0,10,4
2020-07-29,US,West Virginia,Marion,162,2,0,39.50984542,-80.24244659,54049.0,288.9142531031531,1.2345679012345678,160,159,2,0,157,160,56097,3,0,0,3,-1
2020-07-29,US,West Virginia,Marshall,116,0,0,39.86064362,-80.66591062,54051.0,379.94169860142165,0.0,116,111,0,0,111,100,30785,5,0,0,5,11
2020-07-29,US,West Virginia,Mason,41,1,0,38.77071799,-82.02524219,54053.0,154.62362347262032,2.4390243902439024,40,41,1,0,40,41,26718,0,0,0,0,0
2020-07-29,US,West Virginia,McDowell,19,0,0,37.38002939,-81.65083669,54047.0,107.80753517930096,0.0,19,17,0,0,17,15,18223,2,0,0,2,2
2020-07-29,US,West Virginia,Mercer,125,2,0,37.40481169,-81.11023142,54055.0,212.7369890057524,1.6,123,108,0,0,108,87,59131,17,2,0,15,21
2020-07-29,US,West Virginia,Mineral,103,4,0,39.41561583,-78.94104895,54057.0,383.35566473127886,3.8834951456310685,99,98,4,0,94,99,26940,5,0,0,5,-1
2020-07-29,US,West Virginia,Mingo,111,2,0,37.73048351,-82.13338365,54059.0,473.87295081967216,1.8018018018018016,109,106,2,0,104,101,23785,5,0,0,5,5
2020-07-29,US,West Virginia,Monongalia,855,5,0,39.63218457,-80.04766838,54061.0,809.5670946483356,0.5847953216374269,850,840,5,0,835,830,106420,15,0,0,15,10
2020-07-29,US,West Virginia,Monroe,19,0,0,37.56274716,-80.54577965,54063.0,143.1261770244821,0.0,19,19,0,0,19,19,13280,0,0,0,0,0
2020-07-29,US,West Virginia,Morgan,25,0,0,39.55439028,-78.26311676,54065.0,139.78975620666515,0.0,25,25,0,0,25,25,17787,0,0,0,0,0
2020-07-29,US,West Virginia,Nicholas,28,1,0,38.29617706,-80.79759588,54067.0,114.30437622468979,3.571428571428572,27,27,1,0,26,24,24842,1,0,0,1,3
2020-07-29,US,West Virginia,Ohio,241,3,0,40.0955451,-80.62203992,54069.0,581.9709738958247,1.2448132780082988,238,241,3,0,238,230,41755,0,0,0,0,11
2020-07-29,US,West Virginia,Pendleton,37,1,0,38.68314479,-79.35084086,54071.0,530.9226574831397,2.702702702702702,36,28,1,0,27,28,6997,9,0,0,9,0
2020-07-29,US,West Virginia,Pleasants,7,0,0,39.37091679,-81.16771771,54073.0,93.83378016085793,0.0,7,7,0,0,7,7,7507,0,0,0,0,0
2020-07-29,US,West Virginia,Pocahontas,41,0,0,38.32758728,-80.00993811,54075.0,497.1504789620468,0.0,41,41,0,0,41,40,8414,0,0,0,0,1
2020-07-29,US,West Virginia,Preston,120,3,0,39.46770987,-79.66712803,54077.0,358.9375448671932,2.5,117,120,2,0,118,120,33839,0,1,0,-1,0
2020-07-29,US,West Virginia,Putnam,153,0,0,38.50782345,-81.9082131,54079.0,271.03631532329496,0.0,153,153,0,0,153,149,56682,0,0,0,0,4
2020-07-29,US,West Virginia,Raleigh,147,0,0,37.76936795,-81.2456041,54081.0,200.37894794236718,0.0,147,138,0,0,138,135,74254,9,0,0,9,3
2020-07-29,US,West Virginia,Randolph,206,0,0,38.769899,-79.87919615,54083.0,717.8951036765989,0.0,206,206,0,0,206,206,28823,0,0,0,0,0
2020-07-29,US,West Virginia,Ritchie,3,0,0,39.18094587,-81.06356878,54085.0,31.400460540087924,0.0,3,3,0,0,3,3,9721,0,0,0,0,0
2020-07-29,US,West Virginia,Roane,14,1,0,38.71622686,-81.35243568,54087.0,102.27936879018118,7.142857142857142,13,14,1,0,13,14,13932,0,0,0,0,0
2020-07-29,US,West Virginia,Summers,5,0,0,37.65390597,-80.86009693,54089.0,39.767756303189365,0.0,5,5,0,0,5,6,12760,0,0,0,0,-1
2020-07-29,US,West Virginia,Taylor,43,0,0,39.33602617,-80.0421439,54091.0,257.5621443545972,0.0,43,39,0,0,39,40,16862,4,0,0,4,-1
2020-07-29,US,West Virginia,Tucker,9,0,0,39.11240885,-79.57053576,54093.0,131.59818686942535,0.0,9,8,0,0,8,8,6955,1,0,0,1,0
2020-07-29,US,West Virginia,Tyler,11,0,0,39.46811972,-80.88772676,54095.0,128.04097311139566,0.0,11,11,0,0,11,11,8746,0,0,0,0,0
2020-07-29,US,West Virginia,Upshur,38,0,0,38.89285061,-80.23689136,54097.0,157.180675049636,0.0,38,36,0,0,36,36,24415,2,0,0,2,0
2020-07-29,US,West Virginia,Wayne,178,9,0,38.14901357,-82.42287994,54099.0,451.75371808537636,5.056179775280898,169,176,9,0,167,177,39944,2,0,0,2,-1
2020-07-29,US,West Virginia,Webster,3,0,0,38.49370949,-80.4202023,54101.0,36.973132856790734,0.0,3,3,0,0,3,3,8285,0,0,0,0,0
2020-07-29,US,West Virginia,Wetzel,41,0,0,39.6065771,-80.64016540000001,54103.0,272.15399933620984,0.0,41,41,0,0,41,41,15270,0,0,0,0,0
2020-07-29,US,West Virginia,Wirt,6,0,0,39.02775007,-81.37473928,54105.0,103.07507301151009,0.0,6,6,0,0,6,6,5830,0,0,0,0,0
2020-07-29,US,West Virginia,Wood,229,4,0,39.20967886,-81.5162836,54107.0,274.19238966450354,1.7467248908296944,225,229,4,0,225,224,84203,0,0,0,0,5
2020-07-29,US,West Virginia,Wyoming,17,1,0,37.612327,-81.54511071,54109.0,83.35785034814161,5.882352941176472,16,17,1,0,16,16,20786,0,0,0,0,1
2020-07-29,US,Wisconsin,Adams,65,2,0,43.96974651,-89.76782777,55001.0,321.46389713155287,3.0769230769230766,63,64,2,0,62,62,20348,1,0,0,1,2
2020-07-29,US,Wisconsin,Ashland,15,0,0,46.31956891,-90.67837132,55003.0,96.38863899241743,0.0,15,15,0,0,15,15,15600,0,0,0,0,0
2020-07-29,US,Wisconsin,Barron,145,3,0,45.42372701,-91.84833627,55005.0,320.48448413049243,2.0689655172413794,142,133,3,0,130,125,45164,12,0,0,12,8
2020-07-29,US,Wisconsin,Bayfield,19,1,0,46.52868768,-91.19716729,55007.0,126.36339451981907,5.2631578947368425,18,19,1,0,18,19,15042,0,0,0,0,0
2020-07-29,US,Wisconsin,Brown,3855,50,0,44.4526553,-88.00411844,55009.0,1457.235524037771,1.2970168612191961,3805,3822,50,0,3772,3768,263378,33,0,0,33,54
2020-07-29,US,Wisconsin,Buffalo,40,2,0,44.37835084,-91.75332578,55011.0,306.96032537794486,5.0,38,37,2,0,35,36,13125,3,0,0,3,1
2020-07-29,US,Wisconsin,Burnett,13,1,0,45.86303537,-92.36711412,55013.0,84.33891267678733,7.6923076923076925,12,13,1,0,12,11,15392,0,0,0,0,2
2020-07-29,US,Wisconsin,Calumet,224,2,0,44.0816316,-88.21780273,55015.0,447.2039769210805,0.8928571428571429,222,221,2,0,219,218,50159,3,0,0,3,3
2020-07-29,US,Wisconsin,Chippewa,198,0,0,45.06939744,-91.28068855,55017.0,306.22660768969035,0.0,198,198,0,0,198,194,64135,0,0,0,0,4
2020-07-29,US,Wisconsin,Clark,166,7,0,44.73483377,-90.61207486,55019.0,477.3681486167826,4.216867469879518,159,161,7,0,154,158,34709,5,0,0,5,3
2020-07-29,US,Wisconsin,Columbia,204,1,0,43.46492199,-89.33589004,55021.0,354.5852742821386,0.4901960784313725,203,198,1,0,197,196,57358,6,0,0,6,2
2020-07-29,US,Wisconsin,Crawford,54,0,0,43.23870316,-90.93073686,55023.0,334.7591593825553,0.0,54,53,0,0,53,52,16291,1,0,0,1,1
2020-07-29,US,Wisconsin,Dane,3970,35,0,43.06601594,-89.41733797,55025.0,726.1818747199077,0.8816120906801007,3935,3904,35,0,3869,3870,542364,66,0,0,66,34
2020-07-29,US,Wisconsin,Dodge,634,5,0,43.41576662,-88.70928178,55027.0,721.775065745284,0.7886435331230284,629,627,5,0,622,622,87847,7,0,0,7,5
2020-07-29,US,Wisconsin,Door,82,3,0,44.95856458,-87.30002707,55029.0,296.3712592164233,3.6585365853658534,79,81,3,0,78,82,27610,1,0,0,1,-1
2020-07-29,US,Wisconsin,Douglas,102,0,0,46.43222285,-91.91595768,55031.0,236.3847045191193,0.0,102,96,0,0,96,92,43208,6,0,0,6,4
2020-07-29,US,Wisconsin,Dunn,98,0,0,44.94562799,-91.8962481,55033.0,216.0112854875684,0.0,98,95,0,0,95,91,45131,3,0,0,3,4
2020-07-29,US,Wisconsin,Eau Claire,448,3,0,44.726614,-91.28609183,55035.0,428.1100089826654,0.6696428571428571,445,441,3,0,438,436,104534,7,0,0,7,5
2020-07-29,US,Wisconsin,Florence,5,0,0,45.84963535,-88.39804137,55037.0,116.41443538998837,0.0,5,5,0,0,5,5,4321,0,0,0,0,0
2020-07-29,US,Wisconsin,Fond du Lac,513,6,0,43.75354908,-88.48885325,55039.0,496.1171339322844,1.1695906432748535,507,503,7,0,496,499,103066,10,-1,0,11,4
2020-07-29,US,Wisconsin,Forest,57,4,0,45.66678019,-88.77084892,55041.0,633.0519768991559,7.0175438596491215,53,57,4,0,53,57,8991,0,0,0,0,0
2020-07-29,US,Wisconsin,Grant,303,14,0,42.8671731,-90.7063218,55043.0,589.0472209801901,4.62046204620462,289,299,14,0,285,291,51554,4,0,0,4,8
2020-07-29,US,Wisconsin,Green,121,1,0,42.6794956,-89.60243287,55045.0,327.38095238095235,0.8264462809917356,120,121,1,0,120,120,36929,0,0,0,0,1
2020-07-29,US,Wisconsin,Green Lake,50,0,0,43.80025981,-89.04679553,55047.0,264.36842383545707,0.0,50,49,0,0,49,49,18918,1,0,0,1,0
2020-07-29,US,Wisconsin,Iowa,56,0,0,43.00050278,-90.13469017,55049.0,236.50646169439983,0.0,56,58,0,0,58,57,23771,-2,0,0,-2,1
2020-07-29,US,Wisconsin,Iron,68,1,0,46.26302338,-90.24295041,55051.0,1195.7095129242132,1.4705882352941178,67,67,1,0,66,62,5676,1,0,0,1,5
2020-07-29,US,Wisconsin,Jackson,43,1,0,44.31864893,-90.80566792,55053.0,208.30305672625104,2.3255813953488373,42,43,1,0,42,40,20478,0,0,0,0,3
2020-07-29,US,Wisconsin,Jefferson,535,4,0,43.02054068,-88.77529134,55055.0,631.1269449916832,0.7476635514018691,531,525,4,0,521,516,85129,10,0,0,10,9
2020-07-29,US,Wisconsin,Juneau,114,1,0,43.92456975,-90.11120239,55057.0,427.174279611796,0.8771929824561403,113,112,1,0,111,109,26617,2,0,0,2,3
2020-07-29,US,Wisconsin,Kenosha,2341,51,0,42.57639354,-88.04051686,55059.0,1380.6240821887106,2.1785561725758225,2290,2305,51,0,2254,2292,169290,36,0,0,36,13
2020-07-29,US,Wisconsin,Kewaunee,106,2,0,44.51727459,-87.61468386,55061.0,518.7432710188901,1.8867924528301887,104,105,2,0,103,100,20383,1,0,0,1,5
2020-07-29,US,Wisconsin,La Crosse,762,1,0,43.90632465,-91.11451093,55063.0,645.6751626898048,0.13123359580052493,761,759,1,0,758,754,118230,3,0,0,3,5
2020-07-29,US,Wisconsin,Lafayette,101,0,0,42.66005229,-90.1317729,55065.0,606.060606060606,0.0,101,101,0,0,101,99,16665,0,0,0,0,2
2020-07-29,US,Wisconsin,Langlade,38,1,0,45.26271619,-89.07483625,55067.0,198.03012142373242,2.631578947368421,37,35,1,0,34,31,19268,3,0,0,3,4
2020-07-29,US,Wisconsin,Lincoln,56,0,0,45.33737523,-89.73411273,55069.0,202.9500235566992,0.0,56,56,0,0,56,55,27689,0,0,0,0,1
2020-07-29,US,Wisconsin,Manitowoc,272,1,0,44.11946801,-87.80928853,55071.0,344.3866246312404,0.36764705882352944,271,257,1,0,256,255,79074,15,0,0,15,2
2020-07-29,US,Wisconsin,Marathon,518,4,0,44.89792533,-89.75863384,55073.0,381.7468973852549,0.7722007722007722,514,512,4,0,508,499,135428,6,0,0,6,13
2020-07-29,US,Wisconsin,Marinette,257,3,0,45.38553432,-88.03324599999998,55075.0,636.9268897149938,1.1673151750972763,254,255,3,0,252,232,40434,2,0,0,2,23
2020-07-29,US,Wisconsin,Marquette,67,1,0,43.81911946,-89.40073763,55077.0,430.20418646462053,1.492537313432836,66,66,1,0,65,67,15434,1,0,0,1,-1
2020-07-29,US,Wisconsin,Menominee,18,0,0,45.00422544,-88.70950714,55078.0,395.0834064969271,0.0,18,18,0,0,18,17,4658,0,0,0,0,1
2020-07-29,US,Wisconsin,Milwaukee,18769,429,0,43.00486062,-87.96733172,55079.0,1984.612879417505,2.2856838403750865,18340,18528,428,0,18100,18302,948201,241,1,0,240,226
2020-07-29,US,Wisconsin,Monroe,192,1,0,43.94641218,-90.618819,55081.0,415.1082091972413,0.5208333333333334,191,184,1,0,183,181,46051,8,0,0,8,3
2020-07-29,US,Wisconsin,Oconto,154,0,0,45.02715345,-88.26807503,55083.0,406.01107302926437,0.0,154,149,0,0,149,143,37830,5,0,0,5,6
2020-07-29,US,Wisconsin,Oneida,74,0,0,45.70677897,-89.51944105,55085.0,207.89436718640255,0.0,74,70,0,0,70,69,35470,4,0,0,4,1
2020-07-29,US,Wisconsin,Outagamie,1008,12,0,44.41578887,-88.46565023,55087.0,536.4983899725896,1.1904761904761905,996,991,12,0,979,975,187365,17,0,0,17,16
2020-07-29,US,Wisconsin,Ozaukee,494,16,0,43.38352225,-87.94625009,55089.0,553.6813082121921,3.238866396761133,478,482,16,0,466,468,89147,12,0,0,12,14
2020-07-29,US,Wisconsin,Pepin,41,0,0,44.58307413,-91.99949611,55091.0,562.6458076025799,0.0,41,41,0,0,41,39,7289,0,0,0,0,2
2020-07-29,US,Wisconsin,Pierce,159,0,0,44.71850291,-92.4224416,55093.0,371.8950273658605,0.0,159,152,0,0,152,148,42555,7,0,0,7,4
2020-07-29,US,Wisconsin,Polk,105,2,0,45.46130348,-92.44182875,55095.0,239.8191078729187,1.9047619047619049,103,103,2,0,101,98,43598,2,0,0,2,5
2020-07-29,US,Wisconsin,Portage,327,0,0,44.47558711,-89.50152965,55097.0,462.0471372859323,0.0,327,323,0,0,323,322,70942,4,0,0,4,1
2020-07-29,US,Wisconsin,Price,18,0,0,45.68051754,-90.3609888,55099.0,134.82136169575313,0.0,18,19,0,0,19,19,13397,-1,0,0,-1,0
2020-07-29,US,Wisconsin,Racine,3011,75,0,42.74753117,-88.05941254,55101.0,1533.7907707667935,2.490866821653936,2936,2984,73,0,2911,2951,196584,27,2,0,25,33
2020-07-29,US,Wisconsin,Richland,22,4,0,43.3762778,-90.43012729,55103.0,127.52144678877808,18.181818181818183,18,21,4,0,17,21,17377,1,0,0,1,0
2020-07-29,US,Wisconsin,Rock,1325,26,0,42.67151616,-89.07147900000002,55105.0,811.121858050614,1.962264150943396,1299,1305,25,0,1280,1299,163129,20,1,0,19,6
2020-07-29,US,Wisconsin,Rusk,13,1,0,45.47498854,-91.1333012,55107.0,91.69135280011284,7.6923076923076925,12,13,1,0,12,13,14147,0,0,0,0,0
2020-07-29,US,Wisconsin,Sauk,319,3,0,43.42574087,-89.94966132,55111.0,495.01877657428383,0.9404388714733544,316,309,3,0,306,293,64249,10,0,0,10,16
2020-07-29,US,Wisconsin,Sawyer,27,0,0,45.87931905,-91.14504927,55113.0,163.0631718806619,0.0,27,26,0,0,26,25,16489,1,0,0,1,1
2020-07-29,US,Wisconsin,Shawano,139,0,0,44.78902246,-88.76443896,55115.0,339.8616103083205,0.0,139,138,0,0,138,132,40796,1,0,0,1,6
2020-07-29,US,Wisconsin,Sheboygan,558,5,0,43.72099677,-87.94579284,55117.0,483.7870643315416,0.8960573476702509,553,505,5,0,500,483,115456,53,0,0,53,22
2020-07-29,US,Wisconsin,St. Croix,424,2,0,45.03437474,-92.45000068,55109.0,467.54220560830106,0.4716981132075472,422,400,2,0,398,398,89694,24,0,0,24,2
2020-07-29,US,Wisconsin,Taylor,42,0,0,45.21179252,-90.5004405,55119.0,206.4592243032001,0.0,42,41,0,0,41,41,20412,1,0,0,1,0
2020-07-29,US,Wisconsin,Trempealeau,281,1,0,44.30360275,-91.35893614,55121.0,947.755404904044,0.3558718861209965,280,277,1,0,276,262,29442,4,0,0,4,15
2020-07-29,US,Wisconsin,Vernon,51,0,0,43.59422667,-90.8324691,55123.0,165.46622542339887,0.0,51,51,0,0,51,48,30785,0,0,0,0,3
2020-07-29,US,Wisconsin,Vilas,25,0,0,46.05467334,-89.51719204,55125.0,112.63798152737102,0.0,25,24,0,0,24,22,21938,1,0,0,1,2
2020-07-29,US,Wisconsin,Walworth,1103,21,0,42.66858202,-88.54163073,55127.0,1061.9247506450497,1.9038984587488668,1082,1083,21,0,1062,1067,103718,20,0,0,20,16
2020-07-29,US,Wisconsin,Washburn,14,0,0,45.89838588,-91.79050449,55129.0,89.05852417302799,0.0,14,13,0,0,13,12,15878,1,0,0,1,1
2020-07-29,US,Wisconsin,Washington,747,22,0,43.36863664,-88.22974712,55131.0,549.1274240263464,2.9451137884872827,725,724,21,0,703,703,135693,23,1,0,22,21
2020-07-29,US,Wisconsin,Waukesha,3284,49,0,43.01833055,-88.30431188,55133.0,812.4730948693464,1.492082825822168,3235,3174,48,0,3126,3092,403072,110,1,0,109,82
2020-07-29,US,Wisconsin,Waupaca,334,14,0,44.47068056,-88.96534501,55135.0,655.0303981172779,4.1916167664670665,320,331,14,0,317,330,51128,3,0,0,3,1
2020-07-29,US,Wisconsin,Waushara,89,0,0,44.11324419,-89.24317107,55137.0,364.1124248251033,0.0,89,86,0,0,86,77,24263,3,0,0,3,9
2020-07-29,US,Wisconsin,Winnebago,978,16,0,44.06886922,-88.64477096,55139.0,568.912260699099,1.6359918200408998,962,970,16,0,954,960,171020,8,0,0,8,10
2020-07-29,US,Wisconsin,Wood,189,1,0,44.45537896,-90.04158336,55141.0,258.90765626926395,0.5291005291005291,188,176,1,0,175,171,73055,13,0,0,13,5
2020-07-29,US,Wyoming,Albany,80,0,0,41.65498705,-105.7235415,56001.0,205.761316872428,0.0,80,78,0,0,78,77,38601,2,0,0,2,1
2020-07-29,US,Wyoming,Big Horn,35,0,0,44.52405055,-107.9960365,56003.0,296.86174724342663,0.0,35,33,0,0,33,33,11881,2,0,0,2,0
2020-07-29,US,Wyoming,Campbell,113,0,0,44.24886082,-105.5474404,56005.0,243.84454370859498,0.0,113,111,0,0,111,108,46140,2,0,0,2,3
2020-07-29,US,Wyoming,Carbon,70,0,0,41.69357844,-106.9326084,56007.0,472.97297297297297,0.0,70,69,0,0,69,68,14971,1,0,0,1,1
2020-07-29,US,Wyoming,Converse,30,0,0,42.97272268,-105.5081848,56009.0,217.04529011720444,0.0,30,30,0,0,30,30,13640,0,0,0,0,0
2020-07-29,US,Wyoming,Crook,9,0,0,44.58855102,-104.5697705,56011.0,118.67088607594937,0.0,9,9,0,0,9,9,7450,0,0,0,0,0
2020-07-29,US,Wyoming,Fremont,459,0,0,43.04183996,-108.6296893,56013.0,1169.099105983037,0.0,459,458,0,0,458,455,39531,1,0,0,1,3
2020-07-29,US,Wyoming,Goshen,14,0,0,42.08798185,-104.3534743,56015.0,105.97229581409431,0.0,14,12,0,0,12,11,13376,2,0,0,2,1
2020-07-29,US,Wyoming,Hot Springs,17,0,0,43.71930657,-108.4423174,56017.0,385.2254702016768,0.0,17,17,0,0,17,17,4555,0,0,0,0,0
2020-07-29,US,Wyoming,Johnson,22,1,0,44.04057166,-106.5845174,56019.0,260.5091770278271,4.545454545454546,21,22,1,0,21,22,8460,0,0,0,0,0
2020-07-29,US,Wyoming,Laramie,442,0,0,41.30702520000001,-104.6887497,56021.0,444.2211055276381,0.0,442,432,0,0,432,422,98976,10,0,0,10,10
2020-07-29,US,Wyoming,Lincoln,89,0,0,42.26376367,-110.6563997,56023.0,448.81492687846696,0.0,89,88,0,0,88,89,19434,1,0,0,1,-1
2020-07-29,US,Wyoming,Natrona,210,0,0,42.96180148,-106.797885,56025.0,262.96676600966714,0.0,210,209,0,0,209,200,79115,1,0,0,1,9
2020-07-29,US,Wyoming,Niobrara,2,0,0,43.05607708,-104.4758896,56027.0,84.88964346349746,0.0,2,2,0,0,2,2,2388,0,0,0,0,0
2020-07-29,US,Wyoming,Park,108,0,0,44.52157546,-109.5852825,56029.0,369.9390285675137,0.0,108,107,0,0,107,101,29324,1,0,0,1,6
2020-07-29,US,Wyoming,Platte,5,0,0,42.13299116,-104.966331,56031.0,59.57345406886692,0.0,5,5,0,0,5,5,8566,0,0,0,0,0
2020-07-29,US,Wyoming,Sheridan,45,0,0,44.79048913,-106.8862389,56033.0,147.61358044940138,0.0,45,44,0,0,44,43,30233,1,0,0,1,1
2020-07-29,US,Wyoming,Sublette,31,0,0,42.76558279,-109.9130922,56035.0,315.32906113315016,0.0,31,31,0,0,31,30,9813,0,0,0,0,1
2020-07-29,US,Wyoming,Sweetwater,234,0,0,41.65943896,-108.8827882,56037.0,552.6297144746475,0.0,234,228,0,0,228,221,43051,6,0,0,6,7
2020-07-29,US,Wyoming,Teton,318,0,0,43.93522482,-110.5890801,56039.0,1355.2676440504606,0.0,318,311,0,0,311,292,23081,7,0,0,7,19
2020-07-29,US,Wyoming,Uinta,245,0,0,41.2878183,-110.54757820000002,56041.0,1211.3121724513005,0.0,245,243,0,0,243,235,20299,2,0,0,2,8
2020-07-29,US,Wyoming,Unassigned,0,25,0,0.0,0.0,90056.0,0.0,0.0,-25,0,25,0,-25,0,,0,0,0,0,0
2020-07-29,US,Wyoming,Washakie,45,0,0,43.90451606,-107.68018700000002,56043.0,576.5534913516976,0.0,45,45,0,0,45,45,7885,0,0,0,0,0
2020-07-29,US,Wyoming,Weston,5,0,0,43.83961191,-104.5674881,56045.0,72.18131947452,0.0,5,5,0,0,5,5,6967,0,0,0,0,0
