Date,Country/Region,Province/State,Admin2,Confirmed,Deaths,Recovered,Latitude,Longitude,FIPS,Incidence_Rate,Case-Fatality_Ratio,Active Cases,Previous Confirmed,Previous Deaths,Previous Recovered,Previous Active,Prev2 Confirmed,Population,Daily Confirmed,Daily Deaths,Daily Recovered,Daily Active,Previous Daily Confirmed
2020-11-03,US,Alabama,Autauga,2197,31,0,32.53952745,-86.64408227,1001.0,3932.413324025846,1.4110150204824758,2166,2186,31,0,2155,2173,55601,11,0,0,11,13
2020-11-03,US,Alabama,Baldwin,6995,74,0,30.72774991,-87.72207058,1003.0,3133.4832507592932,1.0578984989278055,6921,6985,71,0,6914,6966,218022,10,3,0,7,19
2020-11-03,US,Alabama,Barbour,1074,9,0,31.868263,-85.3871286,1005.0,4350.644089767479,0.8379888268156425,1065,1065,9,0,1056,1061,24881,9,0,0,9,4
2020-11-03,US,Alabama,Bibb,890,15,0,32.99642064,-87.12511459999996,1007.0,3974.2788246851837,1.6853932584269662,875,883,15,0,868,878,22400,7,0,0,7,5
2020-11-03,US,Alabama,Blount,2162,25,0,33.98210918,-86.56790593,1009.0,3738.802614740774,1.156336725254394,2137,2108,25,0,2083,2095,57840,54,0,0,54,13
2020-11-03,US,Alabama,Bullock,657,17,0,32.10030533,-85.71265535,1011.0,6504.3065043065035,2.5875190258751903,640,655,17,0,638,655,10138,2,0,0,2,0
2020-11-03,US,Alabama,Butler,1029,41,0,31.75300095,-86.68057478,1013.0,5291.03249691485,3.984450923226433,988,1026,41,0,985,1024,19680,3,0,0,3,2
2020-11-03,US,Alabama,Calhoun,4951,65,0,33.77483727,-85.82630386,1015.0,4358.082830861318,1.3128660876590588,4886,4925,65,0,4860,4892,114277,26,0,0,26,33
2020-11-03,US,Alabama,Chambers,1428,47,0,32.91360079,-85.39072749,1017.0,4294.220244181151,3.2913165266106432,1381,1397,47,0,1350,1392,33615,31,0,0,31,5
2020-11-03,US,Alabama,Cherokee,808,15,0,34.17805983,-85.60638968,1019.0,3084.4403725759657,1.8564356435643563,793,791,15,0,776,787,26032,17,0,0,17,4
2020-11-03,US,Alabama,Chilton,1962,33,0,32.85044126,-86.7173256,1021.0,4416.133969568739,1.6819571865443426,1929,1958,33,0,1925,1946,44153,4,0,0,4,12
2020-11-03,US,Alabama,Choctaw,396,12,0,32.02227341,-88.26564429999998,1023.0,3145.603304472158,3.0303030303030303,384,395,12,0,383,395,12841,1,0,0,1,0
2020-11-03,US,Alabama,Clarke,1409,17,0,31.68099859,-87.83548597,1025.0,5964.7785962238595,1.20652945351313,1392,1408,17,0,1391,1406,23920,1,0,0,1,2
2020-11-03,US,Alabama,Clay,785,13,0,33.26984193,-85.85836077,1027.0,5931.242916509255,1.6560509554140128,772,779,12,0,767,776,13275,6,1,0,5,3
2020-11-03,US,Alabama,Cleburne,590,9,0,33.67679204,-85.52005899,1029.0,3957.0757880617043,1.5254237288135593,581,591,9,0,582,590,14987,-1,0,0,-1,1
2020-11-03,US,Alabama,Coffee,1893,11,0,31.39932826,-85.98901039,1031.0,3616.5985250850176,0.5810882197569994,1882,1885,11,0,1874,1878,51909,8,0,0,8,7
2020-11-03,US,Alabama,Colbert,2336,32,0,34.69847452,-87.80168544,1033.0,4228.743143679513,1.3698630136986298,2304,2313,32,0,2281,2307,54762,23,0,0,23,6
2020-11-03,US,Alabama,Conecuh,584,13,0,31.43401703,-86.99320044,1035.0,4839.645313665368,2.2260273972602738,571,578,13,0,565,577,12277,6,0,0,6,1
2020-11-03,US,Alabama,Coosa,228,3,0,32.93690146,-86.24847739,1037.0,2138.235018287536,1.3157894736842106,225,225,3,0,222,223,10715,3,0,0,3,2
2020-11-03,US,Alabama,Covington,1895,30,0,31.247785399999998,-86.45050893,1039.0,5114.8479041269675,1.5831134564643798,1865,1894,30,0,1864,1892,36986,1,0,0,1,2
2020-11-03,US,Alabama,Crenshaw,626,30,0,31.72941803,-86.31593104,1041.0,4545.454545454545,4.792332268370607,596,624,30,0,594,621,13824,2,0,0,2,3
2020-11-03,US,Alabama,Cullman,2915,25,0,34.13020303,-86.86888037,1043.0,3479.849107057588,0.8576329331046312,2890,2866,25,0,2841,2831,83442,49,0,0,49,35
2020-11-03,US,Alabama,Dale,1955,52,0,31.43037123,-85.61095742,1045.0,3975.839908891239,2.659846547314578,1903,1945,52,0,1893,1926,48956,10,0,0,10,19
2020-11-03,US,Alabama,Dallas,1924,27,0,32.32688101,-87.10866709999998,1047.0,5172.599204215508,1.4033264033264032,1897,1909,27,0,1882,1907,38310,15,0,0,15,2
2020-11-03,US,Alabama,DeKalb,3721,30,0,34.45946862,-85.80782906,1049.0,5203.249758785116,0.8062348830959419,3691,3703,30,0,3673,3691,71385,18,0,0,18,12
2020-11-03,US,Alabama,Elmore,3342,59,0,32.59785413,-86.14415284,1051.0,4115.307416665641,1.765409934171155,3283,3325,59,0,3266,3314,81887,17,0,0,17,11
2020-11-03,US,Alabama,Escambia,1785,31,0,31.1256789,-87.15918694,1053.0,4872.655802145608,1.7366946778711485,1754,1768,31,0,1737,1768,36748,17,0,0,17,0
2020-11-03,US,Alabama,Etowah,4578,54,0,34.04567266,-86.04051873,1055.0,4476.473579223218,1.1795543905635648,4524,4563,54,0,4509,4530,102501,15,0,0,15,33
2020-11-03,US,Alabama,Fayette,616,15,0,33.72076938,-87.73886638,1057.0,3778.677462887989,2.435064935064935,601,610,14,0,596,608,16433,6,1,0,5,2
2020-11-03,US,Alabama,Franklin,2192,32,0,34.44235334,-87.84289505,1059.0,6989.350168994324,1.45985401459854,2160,2189,32,0,2157,2185,31363,3,0,0,3,4
2020-11-03,US,Alabama,Geneva,985,7,0,31.09389027,-85.83572839,1061.0,3749.381447223174,0.7106598984771574,978,984,7,0,977,975,26314,1,0,0,1,9
2020-11-03,US,Alabama,Greene,351,17,0,32.85504247,-87.95684022,1063.0,4327.456540500555,4.843304843304844,334,351,17,0,334,351,8233,0,0,0,0,0
2020-11-03,US,Alabama,Hale,801,30,0,32.76039258,-87.63284988,1065.0,5467.203603849566,3.7453183520599245,771,798,30,0,768,796,14726,3,0,0,3,2
2020-11-03,US,Alabama,Henry,757,6,0,31.51148016,-85.24267944,1067.0,4399.883754722465,0.7926023778071334,751,752,6,0,746,747,17209,5,0,0,5,5
2020-11-03,US,Alabama,Houston,4341,35,0,31.15197924,-85.29939599,1069.0,4099.846999489998,0.8062658373646625,4306,4341,35,0,4306,4320,104722,0,0,0,0,21
2020-11-03,US,Alabama,Jackson,2363,19,0,34.78144169,-85.99750489,1071.0,4577.1510479215885,0.8040626322471435,2344,2359,19,0,2340,2347,51736,4,0,0,4,12
2020-11-03,US,Alabama,Jefferson,24754,388,0,33.55554728,-86.89506300000002,1073.0,3758.732896732784,1.5674234467156822,24366,24597,388,0,24209,24472,659300,157,0,0,157,125
2020-11-03,US,Alabama,Lamar,533,7,0,33.77995024,-88.09668032,1075.0,3860.919956537487,1.3133208255159474,526,535,6,0,529,534,13844,-2,1,0,-3,1
2020-11-03,US,Alabama,Lauderdale,2798,43,0,34.90171875,-87.65624729,1077.0,3017.3947740189155,1.5368120085775554,2755,2765,43,0,2722,2743,92387,33,0,0,33,22
2020-11-03,US,Alabama,Lawrence,958,33,0,34.52041498,-87.31069453,1079.0,2909.731502855061,3.444676409185804,925,946,33,0,913,941,32957,12,0,0,12,5
2020-11-03,US,Alabama,Lee,6749,65,0,32.60154883,-85.35132246,1081.0,4101.688322738268,0.9631056452807824,6684,6736,65,0,6671,6715,163941,13,0,0,13,21
2020-11-03,US,Alabama,Limestone,3166,34,0,34.81185586,-86.98310072,1083.0,3200.727897689936,1.0739102969046117,3132,3141,34,0,3107,3108,96174,25,0,0,25,33
2020-11-03,US,Alabama,Lowndes,733,29,0,32.1597283,-86.65158371,1085.0,7536.500102817191,3.9563437926330147,704,731,29,0,702,728,9974,2,0,0,2,3
2020-11-03,US,Alabama,Macon,572,21,0,32.38759944,-85.69267724,1087.0,3165.818020810272,3.6713286713286712,551,569,21,0,548,565,18439,3,0,0,3,4
2020-11-03,US,Alabama,Madison,9893,101,0,34.76327133,-86.55069633,1089.0,2652.92604898246,1.0209238855756595,9792,9852,101,0,9751,9787,366519,41,0,0,41,65
2020-11-03,US,Alabama,Marengo,1069,24,0,32.24767634,-87.78796182,1091.0,5667.17913375391,2.2450888681010293,1045,1071,23,0,1048,1066,19066,-2,1,0,-3,5
2020-11-03,US,Alabama,Marion,1150,31,0,34.13697363,-87.88704173,1093.0,3870.8808778484636,2.6956521739130435,1119,1134,31,0,1103,1127,29763,16,0,0,16,7
2020-11-03,US,Alabama,Marshall,4618,53,0,34.36975964,-86.30486727,1095.0,4771.942877219089,1.147682979644868,4565,4593,52,0,4541,4570,96109,25,1,0,24,23
2020-11-03,US,Alabama,Mobile,17406,323,0,30.78472347,-88.20842409,1097.0,4212.385953873333,1.8556819487533036,17083,17342,322,0,17020,17298,413757,64,1,0,63,44
2020-11-03,US,Alabama,Monroe,674,10,0,31.56729412,-87.36995001,1099.0,3250.856123088796,1.483679525222552,664,668,10,0,658,668,21067,6,0,0,6,0
2020-11-03,US,Alabama,Montgomery,10814,211,0,32.2206831,-86.20969272,1101.0,4774.688060189151,1.9511744035509524,10603,10760,210,0,10550,10702,225763,54,1,0,53,58
2020-11-03,US,Alabama,Morgan,4594,37,0,34.45500589,-86.85475946,1103.0,3838.601592593521,0.805398345668263,4557,4567,36,0,4531,4523,119089,27,1,0,26,44
2020-11-03,US,Alabama,Perry,606,6,0,32.64048341,-87.29770589,1105.0,6791.437857222906,0.99009900990099,600,606,6,0,600,606,9140,0,0,0,0,0
2020-11-03,US,Alabama,Pickens,944,18,0,33.28094866,-88.08818103,1107.0,4736.578023080783,1.9067796610169487,926,932,18,0,914,929,19938,12,0,0,12,3
2020-11-03,US,Alabama,Pike,1399,14,0,31.80396383,-85.9408295,1109.0,4224.799178595156,1.0007147962830594,1385,1393,14,0,1379,1385,33338,6,0,0,6,8
2020-11-03,US,Alabama,Randolph,871,16,0,33.29526734,-85.45708831,1111.0,3833.289323122965,1.8369690011481057,855,870,16,0,854,865,22725,1,0,0,1,5
2020-11-03,US,Alabama,Russell,2006,3,0,32.28725256,-85.18415324,1113.0,3460.947878746053,0.14955134596211367,2003,2008,3,0,2005,2007,57781,-2,0,0,-2,1
2020-11-03,US,Alabama,Shelby,7870,70,0,33.26879845,-86.66232561,1117.0,3615.0333942729053,0.8894536213468869,7800,7826,70,0,7756,7788,215707,44,0,0,44,38
2020-11-03,US,Alabama,St. Clair,3298,46,0,33.71902176,-86.31029372,1115.0,3684.422200375368,1.3947847180109156,3252,3254,43,0,3211,3240,88690,44,3,0,41,14
2020-11-03,US,Alabama,Sumter,489,21,0,32.59117397,-88.19916205,1119.0,3934.980284863604,4.294478527607362,468,488,21,0,467,488,12691,1,0,0,1,0
2020-11-03,US,Alabama,Talladega,2843,38,0,33.37823223,-86.16886178,1121.0,3554.7275500762707,1.3366162504396764,2805,2818,38,0,2780,2808,79828,25,0,0,25,10
2020-11-03,US,Alabama,Tallapoosa,1419,87,0,32.86698258,-85.79833053,1123.0,3515.2476032402706,6.13107822410148,1332,1409,87,0,1322,1403,40497,10,0,0,10,6
2020-11-03,US,Alabama,Tuscaloosa,10844,145,0,33.28726072,-87.52556818,1125.0,5179.718659692866,1.3371449649575802,10699,10824,145,0,10679,10792,208911,20,0,0,20,32
2020-11-03,US,Alabama,Walker,2992,95,0,33.80270512,-87.30027177,1127.0,4710.2533020575875,3.1751336898395723,2897,2985,95,0,2890,2966,63711,7,0,0,7,19
2020-11-03,US,Alabama,Washington,779,12,0,31.4092794,-88.20689944,1129.0,4771.53007472743,1.5404364569961488,767,776,12,0,764,774,16378,3,0,0,3,2
2020-11-03,US,Alabama,Wilcox,579,12,0,31.98773215,-87.30891118,1131.0,5581.7989009929615,2.0725388601036268,567,577,12,0,565,576,10627,2,0,0,2,1
2020-11-03,US,Alabama,Winston,988,13,0,34.15030532,-87.37325922,1133.0,4181.30263659063,1.3157894736842106,975,985,13,0,972,981,23660,3,0,0,3,4
2020-11-03,US,Alaska,Aleutians East,17,0,0,55.32222414,-161.9722021,2013.0,509.439616421936,0.0,17,17,0,0,17,16,3515,0,0,0,0,1
2020-11-03,US,Alaska,Aleutians West,101,0,0,52.3233,-174.1596,2016.0,1792.687255946042,0.0,101,100,0,0,100,100,5723,1,0,0,1,0
2020-11-03,US,Alaska,Anchorage,8922,51,0,61.14998174,-149.14269860000005,2020.0,3097.916666666666,0.5716207128446537,8871,8734,51,0,8683,8558,291538,188,0,0,188,176
2020-11-03,US,Alaska,Bethel,524,1,0,60.90980451,-159.8561831,2050.0,2849.994561079082,0.19083969465648856,523,499,1,0,498,486,18216,25,0,0,25,13
2020-11-03,US,Alaska,Bristol Bay plus Lake and Peninsula,115,0,0,58.62403337,-156.21405890000003,2164.0,2860.696517412936,0.0,115,113,0,0,113,113,,2,0,0,2,0
2020-11-03,US,Alaska,Denali,32,0,0,63.67264044,-150.0076108,2068.0,1525.9895088221274,0.0,32,31,0,0,31,31,2059,1,0,0,1,0
2020-11-03,US,Alaska,Dillingham,63,0,0,59.79603738,-158.23819419999995,2070.0,1281.5296989422295,0.0,63,62,0,0,62,61,5000,1,0,0,1,1
2020-11-03,US,Alaska,Fairbanks North Star,2394,16,0,64.80726247,-146.5692662,2090.0,2471.8892296254994,0.6683375104427736,2378,2352,16,0,2336,2297,98971,42,0,0,42,55
2020-11-03,US,Alaska,Haines,14,0,0,59.09893571,-135.4679843,2100.0,553.3596837944664,0.0,14,13,0,0,13,13,2474,1,0,0,1,0
2020-11-03,US,Alaska,Juneau,614,3,0,58.45031811,-134.200436,2110.0,1920.3102520798147,0.488599348534202,611,594,3,0,591,590,32113,20,0,0,20,4
2020-11-03,US,Alaska,Kenai Peninsula,1159,4,0,60.24429722,-151.53888840000005,2122.0,1974.1772841861414,0.3451251078515962,1155,1138,4,0,1134,1124,58533,21,0,0,21,14
2020-11-03,US,Alaska,Ketchikan Gateway,92,0,0,55.57445008,-130.975561,2130.0,661.8228904395368,0.0,92,92,0,0,92,90,13918,0,0,0,0,2
2020-11-03,US,Alaska,Kodiak Island,124,0,0,57.65529415,-153.7493579,2150.0,953.9929219879981,0.0,124,124,0,0,124,124,13345,0,0,0,0,0
2020-11-03,US,Alaska,Kusilvak,278,0,0,62.15429159999999,-163.39678830000003,2158.0,3343.757517440462,0.0,278,259,0,0,259,250,8303,19,0,0,19,9
2020-11-03,US,Alaska,Matanuska-Susitna,1632,3,0,62.31305045,-149.5741743,2170.0,1506.6887007579605,0.18382352941176472,1629,1588,3,0,1585,1520,107610,44,0,0,44,68
2020-11-03,US,Alaska,Nome,142,0,0,64.90320724,-164.0353804,2180.0,1419.4322271091564,0.0,142,141,0,0,141,138,10008,1,0,0,1,3
2020-11-03,US,Alaska,North Slope,286,0,0,69.31479216,-153.4836093,2185.0,2908.868999186331,0.0,286,281,0,0,281,281,9872,5,0,0,5,0
2020-11-03,US,Alaska,Northwest Arctic,273,0,0,67.04919196,-159.7503946,2188.0,3582.2070594410193,0.0,273,261,0,0,261,258,7671,12,0,0,12,3
2020-11-03,US,Alaska,Petersburg,20,1,0,57.13978948,-132.9540995,2195.0,612.369871402327,5.0,19,20,1,0,19,20,3221,0,0,0,0,0
2020-11-03,US,Alaska,Prince of Wales-Hyder,35,1,0,55.76261984,-133.0511621,2198.0,564.2431081734644,2.8571428571428568,34,35,1,0,34,35,6422,0,0,0,0,0
2020-11-03,US,Alaska,Sitka,83,0,0,57.24124555,-135.3206587,2220.0,977.275403273284,0.0,83,82,0,0,82,82,8647,1,0,0,1,0
2020-11-03,US,Alaska,Skagway,7,0,0,59.56149996,-135.33377480000001,2230.0,591.7159763313608,0.0,7,8,0,0,8,8,1148,-1,0,0,-1,0
2020-11-03,US,Alaska,Southeast Fairbanks,92,1,0,63.87692095,-143.2127643,2240.0,1334.687363992456,1.0869565217391304,91,90,1,0,89,90,6918,2,0,0,2,0
2020-11-03,US,Alaska,Unassigned,71,0,0,0.0,0.0,90002.0,0.0,0.0,71,69,0,0,69,68,,2,0,0,2,1
2020-11-03,US,Alaska,Valdez-Cordova,178,1,0,61.47502768,-144.7126799,2261.0,1934.3620951966964,0.5617977528089888,177,176,1,0,175,176,9164,2,0,0,2,0
2020-11-03,US,Alaska,Wrangell,19,0,0,56.3202004,-132.05837309999998,2275.0,759.3924860111911,0.0,19,19,0,0,19,19,2503,0,0,0,0,0
2020-11-03,US,Alaska,Yakutat,37,0,0,59.890980799999994,-140.36014509999998,2282.0,6390.328151986183,0.0,37,37,0,0,37,37,604,0,0,0,0,0
2020-11-03,US,Alaska,Yukon-Koyukuk,124,2,0,65.50815459,-151.39073869999999,2290.0,2370.93690248566,1.6129032258064515,122,122,2,0,120,120,5327,2,0,0,2,2
2020-11-03,US,Arizona,Apache,4042,174,0,35.39465006,-109.4892383,4001.0,5622.71342523683,4.304799604156358,3868,4006,171,0,3835,4003,71818,36,3,0,33,3
2020-11-03,US,Arizona,Cochise,2256,75,0,31.87934684,-109.7516088,4003.0,1791.585267070091,3.3244680851063837,2181,2205,75,0,2130,2205,126770,51,0,0,51,0
2020-11-03,US,Arizona,Coconino,5470,149,0,35.83883429,-111.77071780000001,4005.0,3812.4843179347054,2.7239488117001827,5321,5429,149,0,5280,5405,142854,41,0,0,41,24
2020-11-03,US,Arizona,Gila,2034,72,0,33.80190085,-110.8132779,4007.0,3765.41152949017,3.5398230088495577,1962,1992,72,0,1920,1989,53889,42,0,0,42,3
2020-11-03,US,Arizona,Graham,1307,31,0,32.93166885,-109.8882178,4009.0,3365.3474779205394,2.3718439173680186,1276,1283,29,0,1254,1281,38072,24,2,0,22,2
2020-11-03,US,Arizona,Greenlee,104,2,0,33.21498827,-109.2405279,4011.0,1094.9673615498,1.9230769230769231,102,104,1,0,103,104,9483,0,1,0,-1,0
2020-11-03,US,Arizona,La Paz,630,18,0,33.72854224,-113.98100290000001,4012.0,2984.650369528141,2.8571428571428568,612,628,17,0,611,628,21098,2,1,0,1,0
2020-11-03,US,Arizona,Maricopa,161154,3632,0,33.34835867,-112.49181540000001,4013.0,3592.845610237985,2.253744865160033,157522,160184,3609,0,156575,159781,4410824,970,23,0,947,403
2020-11-03,US,Arizona,Mohave,4538,235,0,35.70471703,-113.7577902,4015.0,2138.7400379864357,5.178492728074041,4303,4453,234,0,4219,4453,209550,85,1,0,84,0
2020-11-03,US,Arizona,Navajo,6579,243,0,35.3997715,-110.3218983,4017.0,5931.0879521113575,3.693570451436389,6336,6545,241,0,6304,6538,110445,34,2,0,32,7
2020-11-03,US,Arizona,Pima,29141,646,0,32.0971334,-111.7890033,4019.0,2782.5440976091377,2.216807933838921,28495,28914,641,0,28273,28824,1039073,227,5,0,222,90
2020-11-03,US,Arizona,Pinal,12312,228,0,32.90525627,-111.3449483,4021.0,2660.391668773458,1.851851851851852,12084,12210,228,0,11982,12174,447138,102,0,0,102,36
2020-11-03,US,Arizona,Santa Cruz,3078,65,0,31.52508998,-110.8479088,4023.0,6619.639554389436,2.1117608836907085,3013,3066,65,0,3001,3065,46511,12,0,0,12,1
2020-11-03,US,Arizona,Yavapai,3102,91,0,34.59933926,-112.5538588,4025.0,1319.4441490606084,2.933591231463572,3011,3079,91,0,2988,3029,231993,23,0,0,23,50
2020-11-03,US,Arizona,Yuma,14071,359,0,32.76895712,-113.90666740000002,4027.0,6581.784673530196,2.5513467415251228,13712,14041,358,0,13683,13994,212128,30,1,0,29,47
2020-11-03,US,Arkansas,Arkansas,734,20,0,34.29145151,-91.37277296,5001.0,4197.643829349194,2.7247956403269757,714,728,19,0,709,726,17769,6,1,0,5,2
2020-11-03,US,Arkansas,Ashley,580,13,0,33.19153461,-91.76984709999999,5003.0,2950.6028386834205,2.2413793103448274,567,576,11,0,565,573,20046,4,2,0,2,3
2020-11-03,US,Arkansas,Baxter,801,11,0,36.28784385,-92.33782872,5005.0,1910.2356195745485,1.373283395755306,790,785,11,0,774,776,41619,16,0,0,16,9
2020-11-03,US,Arkansas,Benton,8747,127,0,36.33644656,-94.25680817,5007.0,3133.54183011453,1.4519263747570597,8620,8651,127,0,8524,8619,272608,96,0,0,96,32
2020-11-03,US,Arkansas,Boone,1114,37,0,36.3084504,-93.09374925,5009.0,2976.0632613806374,3.3213644524236985,1077,1104,37,0,1067,1099,37480,10,0,0,10,5
2020-11-03,US,Arkansas,Bradley,375,8,0,33.46755808,-92.15980837,5011.0,3484.158691814551,2.1333333333333333,367,374,8,0,366,373,10897,1,0,0,1,1
2020-11-03,US,Arkansas,Calhoun,60,0,0,33.55598792,-92.49974403,5013.0,1156.2921564848718,0.0,60,60,0,0,60,59,5277,0,0,0,0,1
2020-11-03,US,Arkansas,Carroll,1056,19,0,36.34038560000001,-93.54270261,5015.0,3720.930232558139,1.7992424242424243,1037,1051,19,0,1032,1049,28223,5,0,0,5,2
2020-11-03,US,Arkansas,Chicot,1057,23,0,33.26458973,-91.29539209,5017.0,10446.728602490612,2.1759697256386,1034,1057,23,0,1034,1056,10438,0,0,0,0,1
2020-11-03,US,Arkansas,Clark,543,6,0,34.04613432,-93.17484713,5019.0,2432.7956989247314,1.1049723756906078,537,533,5,0,528,530,22061,10,1,0,9,3
2020-11-03,US,Arkansas,Clay,524,15,0,36.36826212,-90.4148172,5021.0,3601.1270703044465,2.862595419847328,509,519,14,0,505,517,14847,5,1,0,4,2
2020-11-03,US,Arkansas,Cleburne,506,17,0,35.53864922,-92.02640019,5023.0,2030.5790762069105,3.3596837944664038,489,502,16,0,486,500,24965,4,1,0,3,2
2020-11-03,US,Arkansas,Cleveland,262,13,0,33.89723187,-92.18537045,5025.0,3293.112116641528,4.961832061068702,249,259,13,0,246,257,8018,3,0,0,3,2
2020-11-03,US,Arkansas,Columbia,764,22,0,33.21230701,-93.22642793,5027.0,3257.023489789828,2.8795811518324608,742,760,22,0,738,757,23537,4,0,0,4,3
2020-11-03,US,Arkansas,Conway,360,4,0,35.26205537,-92.70506566,5029.0,1726.95001439125,1.1111111111111112,356,361,4,0,357,361,20891,-1,0,0,-1,0
2020-11-03,US,Arkansas,Craighead,5005,50,0,35.83018283,-90.63235729,5031.0,4536.30859587427,0.999000999000999,4955,4972,50,0,4922,4938,108558,33,0,0,33,34
2020-11-03,US,Arkansas,Crawford,2224,30,0,35.58928601,-94.2446814,5033.0,3515.8164313830875,1.3489208633093526,2194,2204,30,0,2174,2189,63406,20,0,0,20,15
2020-11-03,US,Arkansas,Crittenden,2561,53,0,35.21247318,-90.30839406,5035.0,5340.423313523094,2.0695040999609526,2508,2543,53,0,2490,2532,48342,18,0,0,18,11
2020-11-03,US,Arkansas,Cross,635,22,0,35.29631396,-90.77185818,5037.0,3867.470613313844,3.4645669291338583,613,628,22,0,606,616,16676,7,0,0,7,12
2020-11-03,US,Arkansas,Dallas,188,6,0,33.97042763,-92.65167437,5039.0,2682.2656584391502,3.191489361702128,182,188,6,0,182,188,7182,0,0,0,0,0
2020-11-03,US,Arkansas,Desha,435,7,0,33.83011025,-91.25500948,5041.0,3828.888302086084,1.6091954022988506,428,433,7,0,426,431,11512,2,0,0,2,2
2020-11-03,US,Arkansas,Drew,444,7,0,33.59035001,-91.71777921,5043.0,2437.016301663099,1.576576576576577,437,443,7,0,436,440,18328,1,0,0,1,3
2020-11-03,US,Arkansas,Faulkner,3582,41,0,35.14719007,-92.33717519,5045.0,2842.699215122969,1.1446119486320492,3541,3554,41,0,3513,3543,124806,28,0,0,28,11
2020-11-03,US,Arkansas,Franklin,585,2,0,35.51202821,-93.89299569,5047.0,3302.286198137172,0.3418803418803419,583,580,2,0,578,575,17810,5,0,0,5,5
2020-11-03,US,Arkansas,Fulton,351,10,0,36.38177105,-91.81729127,5049.0,2813.176244289493,2.849002849002849,341,350,10,0,340,348,12269,1,0,0,1,2
2020-11-03,US,Arkansas,Garland,2666,73,0,34.57692074,-93.14921604,5051.0,2682.470368059888,2.738184546136534,2593,2660,73,0,2587,2645,99154,6,0,0,6,15
2020-11-03,US,Arkansas,Grant,386,4,0,34.29017991,-92.42320562,5053.0,2113.331508349302,1.0362694300518134,382,383,4,0,379,382,18188,3,0,0,3,1
2020-11-03,US,Arkansas,Greene,1714,20,0,36.11735460000001,-90.55832668,5055.0,3781.5774958632105,1.166861143523921,1694,1681,20,0,1661,1666,45325,33,0,0,33,15
2020-11-03,US,Arkansas,Hempstead,605,5,0,33.73325583,-93.66935133,5057.0,2809.771502879434,0.8264462809917356,600,599,5,0,594,593,21741,6,0,0,6,6
2020-11-03,US,Arkansas,Hot Spring,2302,37,0,34.31709259,-92.95396325,5059.0,6816.499363359096,1.6072980017376195,2265,2300,37,0,2263,2297,33701,2,0,0,2,3
2020-11-03,US,Arkansas,Howard,628,14,0,34.09007427,-93.9934871,5061.0,4756.8550219663675,2.2292993630573252,614,625,14,0,611,625,13341,3,0,0,3,0
2020-11-03,US,Arkansas,Independence,1541,60,0,35.74242707,-91.57001641,5063.0,4074.025115664243,3.893575600259572,1481,1530,60,0,1470,1528,37678,11,0,0,11,2
2020-11-03,US,Arkansas,Izard,685,2,0,36.09604046,-91.90847954,5065.0,5026.047398928755,0.291970802919708,683,679,2,0,677,673,13593,6,0,0,6,6
2020-11-03,US,Arkansas,Jackson,930,6,0,35.59802983,-91.21494602,5067.0,5562.53364435672,0.6451612903225806,924,920,6,0,914,907,16811,10,0,0,10,13
2020-11-03,US,Arkansas,Jefferson,4329,102,0,34.26767081,-91.92619839,5069.0,6478.2114210463305,2.3562023562023557,4227,4312,102,0,4210,4302,68114,17,0,0,17,10
2020-11-03,US,Arkansas,Johnson,1065,9,0,35.56759135,-93.46036368,5071.0,4007.0735194521785,0.8450704225352113,1056,1064,8,0,1056,1063,26742,1,1,0,0,1
2020-11-03,US,Arkansas,Lafayette,207,3,0,33.24116713,-93.60677071,5073.0,3125.0,1.4492753623188406,204,204,3,0,201,201,6682,3,0,0,3,3
2020-11-03,US,Arkansas,Lawrence,902,22,0,36.04188196,-91.10867198,5075.0,5497.988540777765,2.4390243902439024,880,893,22,0,871,884,16434,9,0,0,9,9
2020-11-03,US,Arkansas,Lee,1115,18,0,34.78498904,-90.78383866,5077.0,12588.912724398779,1.6143497757847534,1097,1114,18,0,1096,1113,8985,1,0,0,1,1
2020-11-03,US,Arkansas,Lincoln,2339,18,0,33.95317155,-91.74002806,5079.0,17959.152334152335,0.7695596408721675,2321,2338,18,0,2320,2337,13383,1,0,0,1,1
2020-11-03,US,Arkansas,Little River,491,37,0,33.70375665,-94.23468591,5081.0,4005.2206542132312,7.535641547861508,454,490,37,0,453,489,12326,1,0,0,1,1
2020-11-03,US,Arkansas,Logan,617,5,0,35.21413234,-93.71951016,5083.0,2874.3128668592194,0.8103727714748784,612,616,5,0,611,617,21737,1,0,0,1,-1
2020-11-03,US,Arkansas,Lonoke,1898,34,0,34.75392199,-91.88742357,5085.0,2589.040909028905,1.7913593256059008,1864,1887,34,0,1853,1877,73657,11,0,0,11,10
2020-11-03,US,Arkansas,Madison,450,6,0,36.01038185,-93.72524943,5087.0,2714.76833976834,1.3333333333333333,444,445,6,0,439,444,16481,5,0,0,5,1
2020-11-03,US,Arkansas,Marion,183,2,0,36.26844485,-92.68451899,5089.0,1096.2022283455133,1.0928961748633879,181,180,2,0,178,180,16722,3,0,0,3,0
2020-11-03,US,Arkansas,Miller,1663,22,0,33.31403423,-93.89285258,5091.0,3844.464479737384,1.32291040288635,1641,1637,21,0,1616,1613,43592,26,1,0,25,24
2020-11-03,US,Arkansas,Mississippi,2448,69,0,35.76271485,-90.05194370000002,5093.0,6021.9920789156495,2.8186274509803924,2379,2422,69,0,2353,2412,41239,26,0,0,26,10
2020-11-03,US,Arkansas,Monroe,235,2,0,34.6815935,-91.20540287,5095.0,3506.939262796597,0.851063829787234,233,235,2,0,233,230,6900,0,0,0,0,5
2020-11-03,US,Arkansas,Montgomery,191,8,0,34.53704874,-93.65824478,5097.0,2125.528600044513,4.18848167539267,183,188,8,0,180,188,8924,3,0,0,3,0
2020-11-03,US,Arkansas,Nevada,340,14,0,33.66340119,-93.30632432,5099.0,4120.213281628697,4.117647058823529,326,339,14,0,325,335,8326,1,0,0,1,4
2020-11-03,US,Arkansas,Newton,327,21,0,35.91947491,-93.21612969,5101.0,4217.722172062428,6.422018348623853,306,324,21,0,303,324,7805,3,0,0,3,0
2020-11-03,US,Arkansas,Ouachita,407,9,0,33.58839816,-92.87795984,5103.0,1740.655204858438,2.211302211302211,398,404,9,0,395,401,23606,3,0,0,3,3
2020-11-03,US,Arkansas,Perry,156,2,0,34.945915299999996,-92.94372564,5105.0,1492.1090387374459,1.2820512820512822,154,154,2,0,152,152,10352,2,0,0,2,2
2020-11-03,US,Arkansas,Phillips,792,16,0,34.43268455,-90.84800154,5107.0,4453.942188730177,2.0202020202020203,776,786,16,0,770,781,18029,6,0,0,6,5
2020-11-03,US,Arkansas,Pike,278,1,0,34.16250414,-93.65789349,5109.0,2593.767493935436,0.3597122302158273,277,277,1,0,276,276,10673,1,0,0,1,1
2020-11-03,US,Arkansas,Poinsett,1225,27,0,35.57433534,-90.66268713,5111.0,5206.562393743625,2.204081632653061,1198,1210,24,0,1186,1203,23974,15,3,0,12,7
2020-11-03,US,Arkansas,Polk,385,5,0,34.48254879,-94.22728802,5113.0,1928.4712482468444,1.2987012987012987,380,378,5,0,373,374,20049,7,0,0,7,4
2020-11-03,US,Arkansas,Pope,2858,37,0,35.44871474,-93.03212219,5115.0,4460.606817330503,1.2946116165150454,2821,2840,37,0,2803,2835,64000,18,0,0,18,5
2020-11-03,US,Arkansas,Prairie,252,5,0,34.83624419,-91.55162157,5117.0,3125.775241875465,1.984126984126984,247,251,5,0,246,248,8074,1,0,0,1,3
2020-11-03,US,Arkansas,Pulaski,12591,222,0,34.77054088,-92.31355101,5119.0,3212.7192143114125,1.763164164879676,12369,12518,221,0,12297,12467,392680,73,1,0,72,51
2020-11-03,US,Arkansas,Randolph,700,26,0,36.3415714,-91.02455531,5121.0,3897.9841853213047,3.7142857142857135,674,695,26,0,669,693,17948,5,0,0,5,2
2020-11-03,US,Arkansas,Saline,3110,36,0,34.64916145,-92.67583224,5125.0,2540.0818380064848,1.157556270096463,3074,3083,34,0,3049,3056,121421,27,2,0,25,27
2020-11-03,US,Arkansas,Scott,235,2,0,34.85588887,-94.0632176,5127.0,2285.76986674448,0.851063829787234,233,233,2,0,231,233,10319,2,0,0,2,0
2020-11-03,US,Arkansas,Searcy,219,1,0,35.9109364,-92.69936482,5129.0,2778.8351732013703,0.45662100456620996,218,214,1,0,213,212,7958,5,0,0,5,2
2020-11-03,US,Arkansas,Sebastian,5166,103,0,35.19605503,-94.27162713,5131.0,4041.3997042878254,1.9938056523422376,5063,5133,101,0,5032,5104,127753,33,2,0,31,29
2020-11-03,US,Arkansas,Sevier,1436,16,0,33.99780401,-94.2424869,5133.0,8443.582054448168,1.1142061281337048,1420,1417,16,0,1401,1409,17139,19,0,0,19,8
2020-11-03,US,Arkansas,Sharp,394,10,0,36.16258158,-91.47819342,5135.0,2258.915262011237,2.538071065989848,384,388,10,0,378,384,17366,6,0,0,6,4
2020-11-03,US,Arkansas,St. Francis,1813,10,0,35.02201976,-90.74828138,5123.0,7253.7408978154735,0.5515719801434087,1803,1805,10,0,1795,1794,25439,8,0,0,8,11
2020-11-03,US,Arkansas,Stone,410,22,0,35.86251946,-92.15684085,5137.0,3278.4263553494325,5.365853658536587,388,409,22,0,387,409,12457,1,0,0,1,0
2020-11-03,US,Arkansas,Unassigned,1738,0,0,0.0,0.0,90005.0,0.0,0.0,1738,1675,0,0,1675,1640,,63,0,0,63,35
2020-11-03,US,Arkansas,Union,1199,52,0,33.16887091,-92.59746952,5139.0,3099.6329041931654,4.336947456213511,1147,1198,52,0,1146,1187,39126,1,0,0,1,11
2020-11-03,US,Arkansas,Van Buren,217,3,0,35.58095779,-92.51295036,5141.0,1311.5744938047749,1.3824884792626728,214,215,3,0,212,215,16603,2,0,0,2,0
2020-11-03,US,Arkansas,Washington,11995,155,0,35.976844,-94.21800746,5143.0,5014.904656189508,1.2922050854522718,11840,11912,154,0,11758,11881,236961,83,1,0,82,31
2020-11-03,US,Arkansas,White,1677,35,0,35.25688493,-91.74908296,5145.0,2129.442687897604,2.0870602265951104,1642,1651,34,0,1617,1622,78727,26,1,0,25,29
2020-11-03,US,Arkansas,Woodruff,144,0,0,35.18902527,-91.2439489,5147.0,2278.4810126582283,0.0,144,143,0,0,143,136,6490,1,0,0,1,7
2020-11-03,US,Arkansas,Yell,1372,32,0,35.00292371,-93.41171338,5149.0,6428.93959983131,2.332361516034985,1340,1372,32,0,1340,1368,21535,0,0,0,0,4
2020-11-03,US,California,Alameda,24162,466,0,37.64629437,-121.8929271,6001.0,1445.6758663315243,1.928648290704412,23696,24095,464,0,23631,23994,1666753,67,2,0,65,101
2020-11-03,US,California,Alpine,16,0,0,38.59678594,-119.82235940000001,6003.0,1417.1833480956598,0.0,16,8,0,0,8,8,1101,8,0,0,8,0
2020-11-03,US,California,Amador,357,16,0,38.44583082,-120.65696000000001,6005.0,898.0680217347556,4.481792717086835,341,352,16,0,336,347,39383,5,0,0,5,5
2020-11-03,US,California,Butte,3198,54,0,39.66727762,-121.6005252,6007.0,1459.0347923681256,1.6885553470919326,3144,3185,53,0,3132,3172,231256,13,1,0,12,13
2020-11-03,US,California,Calaveras,354,21,0,38.20537103,-120.55291299999999,6009.0,771.1578259448863,5.932203389830509,333,354,21,0,333,354,45602,0,0,0,0,0
2020-11-03,US,California,Colusa,572,6,0,39.17881957,-122.2331726,6011.0,2654.661901888894,1.048951048951049,566,567,6,0,561,557,21627,5,0,0,5,10
2020-11-03,US,California,Contra Costa,19339,247,0,37.91923498,-121.9289527,6013.0,1676.511842819321,1.2772118516986402,19092,19254,247,0,19007,19195,1150215,85,0,0,85,59
2020-11-03,US,California,Del Norte,193,1,0,41.74228275,-123.89740630000001,6015.0,693.9450596864663,0.5181347150259067,192,181,1,0,180,181,27828,12,0,0,12,0
2020-11-03,US,California,El Dorado,1429,4,0,38.77965956,-120.5233166,6017.0,741.01730423194,0.27991602519244224,1425,1394,4,0,1390,1390,190678,35,0,0,35,4
2020-11-03,US,California,Fresno,31738,447,0,36.75733899,-119.6466953,6019.0,3176.655813576405,1.4084063268006806,31291,31613,443,0,31170,31558,994400,125,4,0,121,55
2020-11-03,US,California,Glenn,702,3,0,39.59875897,-122.3938452,6021.0,2472.4403902370304,0.4273504273504273,699,688,3,0,685,685,28047,14,0,0,14,3
2020-11-03,US,California,Humboldt,586,10,0,40.69923009,-123.876044,6023.0,432.28728662270026,1.706484641638225,576,579,10,0,569,571,136373,7,0,0,7,8
2020-11-03,US,California,Imperial,13260,338,0,33.0393082,-115.36690420000001,6025.0,7317.2750600115905,2.5490196078431366,12922,13198,338,0,12860,13038,181827,62,0,0,62,160
2020-11-03,US,California,Inyo,243,15,0,36.51112084,-117.41119779999998,6027.0,1347.0813237984364,6.172839506172839,228,241,15,0,226,241,17987,2,0,0,2,0
2020-11-03,US,California,Kern,34563,424,0,35.34329425,-118.72777959999999,6029.0,3839.471585266418,1.2267453635390446,34139,34457,424,0,34033,34378,896764,106,0,0,106,79
2020-11-03,US,California,Kings,8654,84,0,36.07409056,-119.8159973,6031.0,5658.428141754936,0.9706494106771436,8570,8641,83,0,8558,8612,151366,13,1,0,12,29
2020-11-03,US,California,Lake,731,17,0,39.10124298,-122.75362439999999,6033.0,1135.339980741155,2.3255813953488373,714,727,18,0,709,727,64382,4,-1,0,5,0
2020-11-03,US,California,Lassen,782,1,0,40.67311306,-120.59350990000002,6035.0,2557.8124488928147,0.1278772378516624,781,782,1,0,781,782,30802,0,0,0,0,0
2020-11-03,US,California,Los Angeles,311745,7097,0,34.30828379,-118.22824109999999,6037.0,3105.306079514841,2.276540120932172,304648,310595,7076,0,303519,309190,10105518,1150,21,0,1129,1405
2020-11-03,US,California,Madera,5158,76,0,37.21513971,-119.76655890000002,6039.0,3278.521804903164,1.4734393175649476,5082,5141,76,0,5065,5094,157672,17,0,0,17,47
2020-11-03,US,California,Marin,7167,127,0,38.07122463,-122.72106310000001,6041.0,2769.0417500560216,1.7720106041579462,7040,7157,127,0,7030,7133,259666,10,0,0,10,24
2020-11-03,US,California,Mariposa,81,2,0,37.57978556,-119.9073334,6043.0,470.8481078881591,2.469135802469136,79,81,2,0,79,81,17471,0,0,0,0,0
2020-11-03,US,California,Mendocino,1179,21,0,39.4381191,-123.39113130000001,6045.0,1359.093476581863,1.7811704834605595,1158,1176,21,0,1155,1165,87606,3,0,0,3,11
2020-11-03,US,California,Merced,9779,158,0,37.18922369,-120.72090349999999,6047.0,3521.679631230193,1.6157071275181512,9621,9674,156,0,9518,9674,274765,105,2,0,103,0
2020-11-03,US,California,Modoc,52,0,0,41.58965602,-120.7244817,6049.0,588.1687591901367,0.0,52,51,0,0,51,51,8777,1,0,0,1,0
2020-11-03,US,California,Mono,236,2,0,37.93899289,-118.8872409,6051.0,1633.896427582387,0.8474576271186439,234,211,2,0,209,194,14250,25,0,0,25,17
2020-11-03,US,California,Monterey,11817,96,0,36.21862405,-121.24133970000001,6053.0,2722.428414439445,0.8123889312008123,11721,11802,96,0,11706,11752,435594,15,0,0,15,50
2020-11-03,US,California,Napa,2081,16,0,38.50735751,-122.33283899999999,6055.0,1510.7736090138226,0.7688611244593945,2065,2067,16,0,2051,2040,139417,14,0,0,14,27
2020-11-03,US,California,Nevada,664,9,0,39.30394768,-120.76272809999999,6057.0,665.6307954488498,1.355421686746988,655,646,9,0,637,644,99696,18,0,0,18,2
2020-11-03,US,California,Orange,60604,1484,0,33.70147516,-117.76459979999998,6059.0,1908.371466754333,2.4486832552306783,59120,60298,1484,0,58814,60115,3185968,306,0,0,306,183
2020-11-03,US,California,Placer,4527,60,0,39.06167234,-120.72405690000001,6061.0,1136.49771922205,1.3253810470510272,4467,4467,59,0,4408,4374,393149,60,1,0,59,93
2020-11-03,US,California,Plumas,86,0,0,40.00355989,-120.8395236,6063.0,457.2765459669272,0.0,86,86,0,0,86,85,18804,0,0,0,0,1
2020-11-03,US,California,Riverside,69407,1324,0,33.74314981,-115.9933578,6065.0,2809.3789793835053,1.907588571757892,68083,68920,1322,0,67598,68178,2450758,487,2,0,485,742
2020-11-03,US,California,Sacramento,26716,502,0,38.45106826,-121.34253740000001,6067.0,1721.3274246194405,1.879023805958976,26214,26442,500,0,25942,26316,1540975,274,2,0,272,126
2020-11-03,US,California,San Benito,1478,15,0,36.60308176,-121.069975,6069.0,2353.2034135778877,1.0148849797023003,1463,1477,15,0,1462,1473,61537,1,0,0,1,4
2020-11-03,US,California,San Bernardino,65997,1079,0,34.84060306,-116.1774685,6071.0,3027.267285449879,1.6349227995211904,64918,65331,1079,0,64252,65207,2171603,666,0,0,666,124
2020-11-03,US,California,San Diego,57702,901,0,33.03484597,-116.73653259999999,6073.0,1728.4690249316275,1.561471006204291,56801,57409,891,0,56518,57102,3343364,293,10,0,283,307
2020-11-03,US,California,San Francisco,12554,149,0,37.75215114,-122.43856720000001,6075.0,1424.0841972482528,1.1868727098932612,12405,12508,148,0,12360,12454,883305,46,1,0,45,54
2020-11-03,US,California,San Joaquin,22167,494,0,37.93433732,-121.2730061,6077.0,2908.490214499021,2.228537916723057,21673,22106,494,0,21612,22106,752660,61,0,0,61,0
2020-11-03,US,California,San Luis Obispo,4342,33,0,35.38822029,-120.4039028,6079.0,1533.6740713006561,0.7600184246890834,4309,4303,32,0,4271,4298,284010,39,1,0,38,5
2020-11-03,US,California,San Mateo,11479,161,0,37.422880799999994,-122.32755459999998,6081.0,1497.4438181360415,1.4025611987106892,11318,11451,161,0,11290,11371,769545,28,0,0,28,80
2020-11-03,US,California,Santa Barbara,9992,129,0,34.65329488,-120.0188492,6083.0,2237.854956002141,1.291032826261009,9863,9969,128,0,9841,9957,446527,23,1,0,22,12
2020-11-03,US,California,Santa Clara,25421,412,0,37.23104908,-121.6970462,6085.0,1318.6178192101884,1.6207072892490462,25009,25277,409,0,24868,25139,1937570,144,3,0,141,138
2020-11-03,US,California,Santa Cruz,2964,26,0,37.05580291,-122.0066524,6087.0,1084.8678503585118,0.8771929824561403,2938,2921,26,0,2895,2895,274255,43,0,0,43,26
2020-11-03,US,California,Shasta,2284,32,0,40.76391419,-122.0396884,6089.0,1268.3251888049754,1.4010507880910683,2252,2172,31,0,2141,2122,180040,112,1,0,111,50
2020-11-03,US,California,Sierra,6,0,0,39.57713498,-120.52007009999998,6091.0,199.6672212978369,0.0,6,6,0,0,6,6,2987,0,0,0,0,0
2020-11-03,US,California,Siskiyou,268,0,0,41.59198861,-122.54074340000001,6093.0,615.5400904935805,0.0,268,241,0,0,241,241,43724,27,0,0,27,0
2020-11-03,US,California,Solano,7849,76,0,38.26827353,-121.9357113,6095.0,1753.4061741164276,0.968276213530386,7773,7801,76,0,7725,7634,446610,48,0,0,48,167
2020-11-03,US,California,Sonoma,9953,142,0,38.52746429,-122.88625060000001,6097.0,2013.4078845157944,1.4267055159248467,9811,9866,142,0,9724,9686,499942,87,0,0,87,180
2020-11-03,US,California,Stanislaus,18076,403,0,37.55862499,-120.9970722,6099.0,3282.606326953111,2.2294755476875414,17673,18027,402,0,17625,17979,549815,49,1,0,48,48
2020-11-03,US,California,Sutter,1938,12,0,39.03417539,-121.6945899,6101.0,1998.5356446772744,0.6191950464396285,1926,1912,12,0,1900,1912,96807,26,0,0,26,0
2020-11-03,US,California,Tehama,971,14,0,40.12570935,-122.23701709999999,6103.0,1491.9181365619809,1.4418125643666324,957,965,14,0,951,953,63916,6,0,0,6,12
2020-11-03,US,California,Trinity,35,0,0,40.64917670000001,-123.114713,6105.0,284.9002849002849,0.0,35,33,0,0,33,33,12535,2,0,0,2,0
2020-11-03,US,California,Tulare,17947,295,0,36.22026558,-118.8020203,6107.0,3849.676637458574,1.6437287568953027,17652,17852,293,0,17559,17852,465861,95,2,0,93,0
2020-11-03,US,California,Tuolumne,306,6,0,38.02644018,-119.95250929999999,6109.0,561.6946290245604,1.96078431372549,300,295,6,0,289,291,54539,11,0,0,11,4
2020-11-03,US,California,Ventura,14767,167,0,34.44465746,-119.09106129999999,6111.0,1745.495894828169,1.1308999796844317,14600,14686,166,0,14520,14635,850967,81,1,0,80,51
2020-11-03,US,California,Yolo,3344,61,0,38.68278902,-121.90182879999999,6113.0,1516.5532879818595,1.8241626794258372,3283,3320,61,0,3259,3303,220408,24,0,0,24,17
2020-11-03,US,California,Yuba,1383,10,0,39.26255932,-121.35356440000001,6115.0,1758.0210504906695,0.7230657989877078,1373,1353,10,0,1343,1353,78041,30,0,0,30,0
2020-11-03,US,Colorado,Adams,16234,264,0,39.87432092,-104.3362578,8001.0,3137.48378979593,1.6262165824812125,15970,15877,263,0,15614,15538,511868,357,1,0,356,339
2020-11-03,US,Colorado,Alamosa,361,9,0,37.57250606,-105.7885451,8003.0,2223.8649664264153,2.4930747922437675,352,361,9,0,352,360,16683,0,0,0,0,1
2020-11-03,US,Colorado,Arapahoe,14502,389,0,39.64977461,-104.3353617,8005.0,2208.684262629647,2.6823886360502,14113,14226,389,0,13837,13956,651215,276,0,0,276,270
2020-11-03,US,Colorado,Archuleta,69,0,0,37.19474156,-107.04768670000001,8007.0,491.8383348777532,0.0,69,68,0,0,68,68,13765,1,0,0,1,0
2020-11-03,US,Colorado,Baca,38,0,0,37.31940883,-102.5603223,8009.0,1061.1561016475844,0.0,38,37,0,0,37,37,3585,1,0,0,1,0
2020-11-03,US,Colorado,Bent,19,0,0,37.95474293,-103.0720195,8011.0,340.6849560695714,0.0,19,19,0,0,19,18,5882,0,0,0,0,1
2020-11-03,US,Colorado,Boulder,6155,92,0,40.09313619,-105.3546767,8013.0,1886.902353186428,1.4947197400487409,6063,6060,88,0,5972,5988,326078,95,4,0,91,72
2020-11-03,US,Colorado,Broomfield,1137,42,0,39.95998787,-105.0566324,8014.0,1613.5670190874905,3.693931398416887,1095,1120,42,0,1078,1091,69267,17,0,0,17,29
2020-11-03,US,Colorado,Chaffee,435,20,0,38.74745778,-106.19265729999998,8015.0,2136.962075063864,4.597701149425287,415,435,20,0,415,433,20027,0,0,0,0,2
2020-11-03,US,Colorado,Cheyenne,15,0,0,38.82777431,-102.6032558,8017.0,819.2244675040961,0.0,15,15,0,0,15,15,1876,0,0,0,0,0
2020-11-03,US,Colorado,Clear Creek,94,1,0,39.68864463,-105.6463118,8019.0,969.0721649484536,1.0638297872340423,93,93,1,0,92,93,9605,1,0,0,1,0
2020-11-03,US,Colorado,Conejos,86,0,0,37.201606,-106.19174879999998,8021.0,1048.1413772090186,0.0,86,84,0,0,84,82,8200,2,0,0,2,2
2020-11-03,US,Colorado,Costilla,42,1,0,37.27732493,-105.4276548,8023.0,1080.5248263442245,2.380952380952381,41,42,1,0,41,42,3828,0,0,0,0,0
2020-11-03,US,Colorado,Crowley,165,1,0,38.32608609,-103.7844965,8025.0,2722.323049001815,0.6060606060606061,164,112,1,0,111,99,5858,53,0,0,53,13
2020-11-03,US,Colorado,Custer,27,0,0,38.10883162,-105.3683478,8027.0,532.7545382794002,0.0,27,24,0,0,24,24,4954,3,0,0,3,0
2020-11-03,US,Colorado,Delta,230,3,0,38.86246243,-107.86313419999999,8029.0,738.0784288556575,1.3043478260869563,227,220,3,0,217,217,30953,10,0,0,10,3
2020-11-03,US,Colorado,Denver,20621,452,0,39.76018276,-104.87256950000001,8031.0,2835.6281739412634,2.191940255079773,20169,20312,452,0,19860,19878,716492,309,0,0,309,434
2020-11-03,US,Colorado,Dolores,3,0,0,37.75208676,-108.5211585,8033.0,145.98540145985402,0.0,3,3,0,0,3,3,2074,0,0,0,0,0
2020-11-03,US,Colorado,Douglas,4687,65,0,39.33133796,-104.930001,8035.0,1334.7420220188294,1.386814593556646,4622,4568,65,0,4503,4458,342776,119,0,0,119,110
2020-11-03,US,Colorado,Eagle,1561,10,0,39.62754308,-106.6933637,8037.0,2831.64329638834,0.6406149903907752,1551,1525,10,0,1515,1521,54993,36,0,0,36,4
2020-11-03,US,Colorado,El Paso,11849,207,0,38.83240149,-104.5251411,8041.0,1644.7738279823932,1.7469828677525532,11642,11396,204,0,11192,11214,713856,453,3,0,450,182
2020-11-03,US,Colorado,Elbert,261,3,0,39.28656773,-104.13587209999999,8039.0,976.4675072019156,1.1494252873563218,258,254,3,0,251,246,26282,7,0,0,7,8
2020-11-03,US,Colorado,Fremont,913,2,0,38.47362326,-105.43996670000001,8043.0,1908.4847091285355,0.2190580503833516,911,882,2,0,880,839,48021,31,0,0,31,43
2020-11-03,US,Colorado,Garfield,1261,5,0,39.59921777,-107.902708,8045.0,2099.5321423219725,0.3965107057890563,1256,1249,5,0,1244,1239,59770,12,0,0,12,10
2020-11-03,US,Colorado,Gilpin,33,0,0,39.85646523,-105.5252597,8047.0,528.5920230658337,0.0,33,33,0,0,33,30,6121,0,0,0,0,3
2020-11-03,US,Colorado,Grand,162,1,0,40.10603347,-106.11780420000001,8049.0,1029.6173890936825,0.6172839506172839,161,161,1,0,160,159,15525,1,0,0,1,2
2020-11-03,US,Colorado,Gunnison,323,7,0,38.66611652,-107.0320729,8051.0,1849.7308441186576,2.1671826625387,316,322,7,0,315,322,17246,1,0,0,1,0
2020-11-03,US,Colorado,Hinsdale,4,0,0,37.82247444,-107.3004345,8053.0,487.8048780487805,0.0,4,4,0,0,4,4,811,0,0,0,0,0
2020-11-03,US,Colorado,Huerfano,39,2,0,37.68473101,-104.9612585,8055.0,565.4632448890823,5.128205128205129,37,38,2,0,36,38,6889,1,0,0,1,0
2020-11-03,US,Colorado,Jackson,9,0,0,40.66593870000001,-106.3408905,8057.0,646.5517241379309,0.0,9,9,0,0,9,9,1399,0,0,0,0,0
2020-11-03,US,Colorado,Jefferson,10018,327,0,39.58635604,-105.2517692,8059.0,1718.7041608836112,3.264124575763625,9691,9779,319,0,9460,9533,580233,239,8,0,231,246
2020-11-03,US,Colorado,Kiowa,6,0,0,38.43260896,-102.7392145,8061.0,426.7425320056898,0.0,6,6,0,0,6,6,1383,0,0,0,0,0
2020-11-03,US,Colorado,Kit Carson,139,3,0,39.30497777,-102.60221990000001,8063.0,1958.5740453712835,2.1582733812949644,136,139,3,0,136,139,7163,0,0,0,0,0
2020-11-03,US,Colorado,La Plata,401,2,0,37.28632032,-107.8429014,8067.0,713.2566122978958,0.4987531172069826,399,396,2,0,394,395,56310,5,0,0,5,1
2020-11-03,US,Colorado,Lake,151,0,0,39.20278823,-106.35556969999999,8065.0,1858.0041835855786,0.0,151,151,0,0,151,143,7824,0,0,0,0,8
2020-11-03,US,Colorado,Larimer,4716,59,0,40.66671597,-105.4625784,8069.0,1321.3822397933307,1.2510602205258694,4657,4627,57,0,4570,4555,350518,89,2,0,87,72
2020-11-03,US,Colorado,Las Animas,88,1,0,37.3153406,-104.03764579999999,8071.0,606.6455259892458,1.1363636363636365,87,86,1,0,85,85,14503,2,0,0,2,1
2020-11-03,US,Colorado,Lincoln,25,0,0,38.98749519,-103.51366490000001,8073.0,438.5195579722856,0.0,25,25,0,0,25,25,5610,0,0,0,0,0
2020-11-03,US,Colorado,Logan,1387,13,0,40.7249637,-103.110817,8075.0,6189.477442099156,0.9372746935832732,1374,1369,13,0,1356,1321,21528,18,0,0,18,48
2020-11-03,US,Colorado,Mesa,1903,16,0,39.01787888,-108.469799,8077.0,1234.0315154659233,0.8407777193904361,1887,1802,16,0,1786,1757,153207,101,0,0,101,45
2020-11-03,US,Colorado,Mineral,21,0,0,37.66954283,-106.92816979999999,8079.0,2730.8192457737327,0.0,21,21,0,0,21,21,776,0,0,0,0,0
2020-11-03,US,Colorado,Moffat,77,1,0,40.61810999,-108.2070876,8081.0,579.688323420914,1.2987012987012987,76,78,1,0,77,77,13188,-1,0,0,-1,1
2020-11-03,US,Colorado,Montezuma,235,5,0,37.33859579,-108.59588570000001,8083.0,897.5289309857541,2.127659574468085,230,234,5,0,229,229,26158,1,0,0,1,5
2020-11-03,US,Colorado,Montrose,497,13,0,38.40214114,-108.26390220000002,8085.0,1162.3555825810374,2.6156941649899395,484,496,13,0,483,493,42214,1,0,0,1,3
2020-11-03,US,Colorado,Morgan,937,48,0,40.26279810000001,-103.8093302,8087.0,3223.4759873400303,5.122732123799358,889,929,48,0,881,913,28558,8,0,0,8,16
2020-11-03,US,Colorado,Otero,189,7,0,37.9014485,-103.7173385,8089.0,1034.0299813984025,3.703703703703704,182,185,7,0,178,182,18432,4,0,0,4,3
2020-11-03,US,Colorado,Ouray,44,2,0,38.14717457,-107.7675136,8091.0,888.529886914378,4.545454545454546,42,44,2,0,42,40,4833,0,0,0,0,4
2020-11-03,US,Colorado,Park,113,1,0,39.120926000000004,-105.7182065,8093.0,599.6285486866543,0.8849557522123894,112,107,1,0,106,109,18556,6,0,0,6,-2
2020-11-03,US,Colorado,Phillips,70,0,0,40.59414277,-102.3577703,8095.0,1641.26611957796,0.0,70,67,0,0,67,61,4286,3,0,0,3,6
2020-11-03,US,Colorado,Pitkin,302,2,0,39.21720112,-106.9310027,8097.0,1699.7804919232285,0.6622516556291391,300,298,2,0,296,298,17950,4,0,0,4,0
2020-11-03,US,Colorado,Prowers,212,4,0,37.95544985,-102.3926052,8099.0,1741.7022674991786,1.8867924528301887,208,206,4,0,202,202,12164,6,0,0,6,4
2020-11-03,US,Colorado,Pueblo,2635,48,0,38.17359144,-104.5127437,8101.0,1564.5038711822547,1.821631878557875,2587,2509,47,0,2462,2436,167529,126,1,0,125,73
2020-11-03,US,Colorado,Rio Blanco,31,0,0,39.97913541,-108.2179009,8103.0,490.19607843137254,0.0,31,31,0,0,31,31,6336,0,0,0,0,0
2020-11-03,US,Colorado,Rio Grande,133,3,0,37.5836865,-106.3847838,8105.0,1180.4384485666105,2.255639097744361,130,132,3,0,129,132,11250,1,0,0,1,0
2020-11-03,US,Colorado,Routt,239,9,0,40.48596505,-106.9905548,8107.0,932.2100007800921,3.7656903765690375,230,230,9,0,221,230,25733,9,0,0,9,0
2020-11-03,US,Colorado,Saguache,149,2,0,38.08054629,-106.28246599999999,8109.0,2183.470105509965,1.342281879194631,147,148,2,0,146,147,6843,1,0,0,1,1
2020-11-03,US,Colorado,San Juan,11,0,0,37.76248981,-107.67632890000002,8111.0,1510.989010989011,0.0,11,11,0,0,11,10,762,0,0,0,0,1
2020-11-03,US,Colorado,San Miguel,112,0,0,38.00450883,-108.4020725,8113.0,1369.3605575253698,0.0,112,111,0,0,111,110,8191,1,0,0,1,1
2020-11-03,US,Colorado,Sedgwick,50,1,0,40.87595412,-102.3519227,8115.0,2224.199288256228,2.0,49,46,1,0,45,46,2303,4,0,0,4,0
2020-11-03,US,Colorado,Summit,826,4,0,39.63803232,-106.1150762,8117.0,2663.570990938699,0.4842615012106538,822,799,4,0,795,778,31007,27,0,0,27,21
2020-11-03,US,Colorado,Teller,278,4,0,38.88133511,-105.16148929999999,8119.0,1095.0055144162598,1.4388489208633093,274,274,4,0,270,263,25083,4,0,0,4,11
2020-11-03,US,Colorado,Unassigned,23,0,0,0.0,0.0,90008.0,0.0,0.0,23,23,0,0,23,23,,0,0,0,0,0
2020-11-03,US,Colorado,Washington,110,0,0,39.97015535,-103.202587,8121.0,2241.238793806031,0.0,110,110,0,0,110,106,4909,0,0,0,0,4
2020-11-03,US,Colorado,Weld,7017,159,0,40.55499405,-104.39296209999999,8123.0,2162.457009725972,2.265925609234716,6858,6902,159,0,6743,6766,314305,115,0,0,115,136
2020-11-03,US,Colorado,Yuma,229,1,0,40.00346839,-102.4258673,8125.0,2285.657251222677,0.4366812227074236,228,227,1,0,226,227,10020,2,0,0,2,0
2020-11-03,US,Connecticut,Fairfield,25365,1442,0,41.26809896,-73.3881171,9001.0,2688.873058477821,5.684999014389907,23923,25048,1439,0,23609,24155,943823,317,3,0,314,893
2020-11-03,US,Connecticut,Hartford,19043,1491,0,41.80283011,-72.73103891,9003.0,2135.5358184183374,7.829648689807278,17552,18739,1488,0,17251,18184,892697,304,3,0,301,555
2020-11-03,US,Connecticut,Litchfield,2430,145,0,41.7937534,-73.2451475,9005.0,1347.5071118430906,5.967078189300412,2285,2404,145,0,2259,2305,181111,26,0,0,26,99
2020-11-03,US,Connecticut,Middlesex,2129,197,0,41.45949668,-72.53714864,9007.0,1310.6700485114138,9.253170502583373,1932,2092,197,0,1895,2018,162682,37,0,0,37,74
2020-11-03,US,Connecticut,New Haven,18244,1130,0,41.408032500000004,-72.93620426,9009.0,2134.4077907522255,6.193817145362859,17114,18048,1128,0,16920,17352,857620,196,2,0,194,696
2020-11-03,US,Connecticut,New London,4041,143,0,41.48896435,-72.10430976,9011.0,1523.7211827786703,3.5387280376144514,3898,3955,142,0,3813,3803,266784,86,1,0,85,152
2020-11-03,US,Connecticut,Tolland,1849,68,0,41.85853803,-72.3308481,9013.0,1226.7699922373124,3.6776636019469984,1781,1825,68,0,1757,1780,150921,24,0,0,24,45
2020-11-03,US,Connecticut,Unassigned,185,0,0,0.0,0.0,90009.0,0.0,0.0,185,219,1,0,218,141,,-34,-1,0,-33,78
2020-11-03,US,Connecticut,Windham,1557,19,0,41.82972709,-71.98182316,9015.0,1333.253412340943,1.2202954399486192,1538,1528,19,0,1509,1469,117027,29,0,0,29,59
2020-11-03,US,Delaware,Kent,3629,122,0,39.08646628,-75.56884914,10001.0,2007.3457015476865,3.3618076605125378,3507,3613,121,0,3492,3606,178550,16,1,0,15,7
2020-11-03,US,Delaware,New Castle,13451,354,0,39.57992638,-75.64054974,10003.0,2407.3248823719964,2.6317745892498703,13097,13394,353,0,13041,13259,559335,57,1,0,56,135
2020-11-03,US,Delaware,Sussex,8255,236,0,38.66143781,-75.39031349,10005.0,3524.388942256377,2.858873410054513,8019,8213,236,0,7977,8170,229286,42,0,0,42,43
2020-11-03,US,Delaware,Unassigned,91,0,0,0.0,0.0,90010.0,0.0,0.0,91,91,0,0,91,91,,0,0,0,0,0
2020-11-03,US,District of Columbia,District of Columbia,17524,647,0,38.90417773,-77.01655992,11001.0,2483.035753504433,3.6920794339191967,16877,17438,647,0,16791,17369,702455,86,0,0,86,69
2020-11-03,US,Florida,Alachua,10842,78,0,29.67866525,-82.35928158,12001.0,4029.839096352628,0.7194244604316546,10764,10760,78,0,10682,10706,269956,82,0,0,82,54
2020-11-03,US,Florida,Baker,1819,24,0,30.33060121,-82.28467476,12003.0,6227.319411160562,1.319406267179769,1795,1811,24,0,1787,1805,28355,8,0,0,8,6
2020-11-03,US,Florida,Bay,6979,135,0,30.26548745,-85.62122584,12005.0,3994.7339801379467,1.9343745522281128,6844,6905,135,0,6770,6879,185287,74,0,0,74,26
2020-11-03,US,Florida,Bradford,1246,15,0,29.95079741,-82.16611613,12007.0,4418.283039608525,1.203852327447833,1231,1243,15,0,1228,1241,27732,3,0,0,3,2
2020-11-03,US,Florida,Brevard,12034,378,0,28.29409504,-80.73091022,12009.0,1999.1959358210595,3.1411002160545123,11656,11888,375,0,11513,11780,596849,146,3,0,143,108
2020-11-03,US,Florida,Broward,87959,1532,0,26.15184651,-80.48725556,12011.0,4504.301052142127,1.741720574358508,86427,87456,1531,0,85925,86961,1951260,503,1,0,502,495
2020-11-03,US,Florida,Calhoun,734,14,0,30.40666734,-85.19394153,12013.0,5203.828429634881,1.9073569482288828,720,733,14,0,719,731,14587,1,0,0,1,2
2020-11-03,US,Florida,Charlotte,3811,161,0,26.90131002,-81.92949121,12015.0,2017.362765337992,4.22461296247704,3650,3773,161,0,3612,3741,184998,38,0,0,38,32
2020-11-03,US,Florida,Citrus,3344,136,0,28.84804315,-82.47614748,12017.0,2234.442759109163,4.066985645933015,3208,3328,135,0,3193,3308,147929,16,1,0,15,20
2020-11-03,US,Florida,Clay,6291,127,0,29.98319144,-81.85609986,12019.0,2869.3010782113734,2.018756954379272,6164,6255,127,0,6128,6200,216072,36,0,0,36,55
2020-11-03,US,Florida,Collier,14839,256,0,26.11091986,-81.34687065,12021.0,3855.2670549906206,1.7251836377114362,14583,14742,256,0,14486,14664,378488,97,0,0,97,78
2020-11-03,US,Florida,Columbia,4327,79,0,30.22509788,-82.62160164,12023.0,6036.046089892029,1.8257453200831983,4248,4311,79,0,4232,4300,70503,16,0,0,16,11
2020-11-03,US,Florida,DeSoto,1694,29,0,27.18677893,-81.80941373,12027.0,4457.777426909818,1.7119244391971664,1665,1690,29,0,1661,1685,37489,4,0,0,4,5
2020-11-03,US,Florida,Dixie,914,11,0,29.60631086,-83.15724673,12029.0,5432.069416379412,1.2035010940919038,903,912,11,0,901,910,16700,2,0,0,2,2
2020-11-03,US,Florida,Duval,35956,531,0,30.33225875,-81.66976468,12031.0,3754.1960104619648,1.4768049838691737,35425,35806,525,0,35281,35429,950181,150,6,0,144,377
2020-11-03,US,Florida,Escambia,13804,273,0,30.67652764,-87.37284571,12033.0,4336.571205971424,1.977687626774848,13531,13730,272,0,13458,13704,315534,74,1,0,73,26
2020-11-03,US,Florida,Flagler,2205,41,0,29.45933576,-81.31508595,12035.0,1916.0417445103885,1.8594104308390025,2164,2193,40,0,2153,2181,112067,12,1,0,11,12
2020-11-03,US,Florida,Franklin,786,4,0,29.83791238,-84.82731662,12037.0,6482.474226804124,0.5089058524173028,782,785,4,0,781,784,11736,1,0,0,1,1
2020-11-03,US,Florida,Gadsden,3075,56,0,30.57796289,-84.61915825,12039.0,6734.559789750329,1.8211382113821135,3019,3073,56,0,3017,3072,45894,2,0,0,2,1
2020-11-03,US,Florida,Gilchrist,616,19,0,29.72856978,-82.79880657,12041.0,3315.0360563986656,3.0844155844155843,597,615,19,0,596,614,18256,1,0,0,1,1
2020-11-03,US,Florida,Glades,614,6,0,26.95635849,-81.18996211,12043.0,4445.731663167041,0.977198697068404,608,613,6,0,607,610,13724,1,0,0,1,3
2020-11-03,US,Florida,Gulf,960,15,0,29.93543004,-85.24270990000002,12045.0,7038.639196422025,1.5625,945,958,15,0,943,956,16164,2,0,0,2,2
2020-11-03,US,Florida,Hamilton,913,10,0,30.49673973,-82.94998918,12047.0,6327.973385084558,1.095290251916758,903,912,10,0,902,910,14310,1,0,0,1,2
2020-11-03,US,Florida,Hardee,1630,17,0,27.49293939,-81.80956574,12049.0,6051.156401974978,1.0429447852760736,1613,1627,17,0,1610,1625,27245,3,0,0,3,2
2020-11-03,US,Florida,Hendry,2262,44,0,26.55386945,-81.16469006,12051.0,5382.894674218267,1.945181255526083,2218,2255,44,0,2211,2242,41556,7,0,0,7,13
2020-11-03,US,Florida,Hernando,3846,177,0,28.55364461,-82.42700204,12053.0,1983.2920792079208,4.602184087363495,3669,3817,177,0,3640,3812,190865,29,0,0,29,5
2020-11-03,US,Florida,Highlands,2758,119,0,27.34254618,-81.34071957,12055.0,2596.473390384199,4.314720812182741,2639,2732,118,0,2614,2706,105424,26,1,0,25,26
2020-11-03,US,Florida,Hillsborough,49150,822,0,27.9276559,-82.32013172,12057.0,3339.0671536337745,1.6724313326551374,48328,48925,822,0,48103,48669,1436888,225,0,0,225,256
2020-11-03,US,Florida,Holmes,946,13,0,30.86747479,-85.81319222,12059.0,4822.347963501045,1.3742071881606766,933,936,12,0,924,932,19477,10,1,0,9,4
2020-11-03,US,Florida,Indian River,3980,125,0,27.69308961,-80.60556721,12061.0,2488.697685761273,3.1407035175879403,3855,3956,125,0,3831,3927,157413,24,0,0,24,29
2020-11-03,US,Florida,Jackson,3202,83,0,30.795459700000002,-85.21500423,12063.0,6898.780540354202,2.5921299188007496,3119,3167,83,0,3084,3162,48305,35,0,0,35,5
2020-11-03,US,Florida,Jefferson,683,11,0,30.43669112,-83.89442308,12065.0,4794.328232486312,1.6105417276720349,672,682,9,0,673,682,14288,1,2,0,-1,0
2020-11-03,US,Florida,Lafayette,1283,16,0,29.98484137,-83.18166636,12067.0,15233.911184991686,1.2470771628994544,1267,1279,16,0,1263,1279,8732,4,0,0,4,0
2020-11-03,US,Florida,Lake,8851,228,0,28.76202069,-81.7125123,12069.0,2410.941441171504,2.575980115241216,8623,8785,227,0,8558,8729,356495,66,1,0,65,56
2020-11-03,US,Florida,Lee,23980,523,0,26.58410348,-81.88399313,12071.0,3111.953769707635,2.180984153461217,23457,23834,518,0,23316,23685,754610,146,5,0,141,149
2020-11-03,US,Florida,Leon,12551,118,0,30.45955727,-84.27491114,12073.0,4275.125859214802,0.9401641303481796,12433,12483,118,0,12365,12430,292502,68,0,0,68,53
2020-11-03,US,Florida,Levy,1167,12,0,29.31829741,-82.74007147,12075.0,2811.8449268727563,1.0282776349614395,1155,1161,12,0,1149,1159,40770,6,0,0,6,2
2020-11-03,US,Florida,Liberty,542,11,0,30.23766008,-84.8829258,12077.0,6487.909983241561,2.029520295202952,531,540,11,0,529,539,8457,2,0,0,2,1
2020-11-03,US,Florida,Madison,1086,25,0,30.44396917,-83.47398594,12079.0,5872.492294381656,2.3020257826887662,1061,1085,25,0,1060,1084,18529,1,0,0,1,1
2020-11-03,US,Florida,Manatee,13753,330,0,27.47196942,-82.31831044,12081.0,3410.513994936181,2.399476477859376,13423,13699,330,0,13369,13550,394855,54,0,0,54,149
2020-11-03,US,Florida,Marion,11048,351,0,29.21227113,-82.05803627,12083.0,3022.055424408951,3.177045619116582,10697,10998,351,0,10647,10977,359977,50,0,0,50,21
2020-11-03,US,Florida,Martin,5455,170,0,27.0772071,-80.43109784,12085.0,3388.198757763975,3.1164069660861595,5285,5437,167,0,5270,5425,160912,18,3,0,15,12
2020-11-03,US,Florida,Miami-Dade,188636,3675,0,25.6112362,-80.55170587,12086.0,6942.957886445783,1.9481965266439067,184961,187757,3669,0,184088,186809,2761581,879,6,0,873,948
2020-11-03,US,Florida,Monroe,2401,25,0,25.20904673,-81.07812416,12087.0,3234.6284420973216,1.0412328196584757,2376,2366,25,0,2341,2334,75027,35,0,0,35,32
2020-11-03,US,Florida,Nassau,2517,52,0,30.61037141,-81.80297522,12089.0,2840.0564174894207,2.0659515295987285,2465,2514,52,0,2462,2504,85832,3,0,0,3,10
2020-11-03,US,Florida,Okaloosa,6657,130,0,30.69143028,-86.59267105,12091.0,3158.8987273296702,1.9528316058284512,6527,6590,130,0,6460,6545,207269,67,0,0,67,45
2020-11-03,US,Florida,Okeechobee,1769,41,0,27.386336199999995,-80.88944347,12093.0,4195.124264845381,2.3176936122102885,1728,1763,40,0,1723,1763,41537,6,1,0,5,0
2020-11-03,US,Florida,Orange,47346,561,0,28.51367621,-81.31799498,12095.0,3397.7488998544623,1.1848941832467368,46785,46986,561,0,46425,46725,1380645,360,0,0,360,261
2020-11-03,US,Florida,Osceola,14564,212,0,28.06312234,-81.14882926,12097.0,3875.97105529992,1.455644053831365,14352,14474,207,0,14267,14380,367990,90,5,0,85,94
2020-11-03,US,Florida,Palm Beach,53511,1599,0,26.64676272,-80.46536002,12099.0,3575.098378508388,2.9881706565005333,51912,53151,1595,0,51556,52779,1485941,360,4,0,356,372
2020-11-03,US,Florida,Pasco,11242,244,0,28.30810945,-82.40227529,12101.0,2029.4360290785944,2.1704323074186087,10998,11147,244,0,10903,11063,539630,95,0,0,95,84
2020-11-03,US,Florida,Pinellas,26477,828,0,27.93130349,-82.72239666,12103.0,2715.600884516449,3.127242512369226,25649,26339,825,0,25514,26214,975280,138,3,0,135,125
2020-11-03,US,Florida,Polk,23525,633,0,27.95027105,-81.69732947,12105.0,3245.8259575014117,2.6907545164718383,22892,23405,625,0,22780,23306,708009,120,8,0,112,99
2020-11-03,US,Florida,Putnam,2426,50,0,29.60779729,-81.74230285,12107.0,3255.4581929925794,2.061005770816158,2376,2416,50,0,2366,2412,74163,10,0,0,10,4
2020-11-03,US,Florida,Santa Rosa,6073,88,0,30.69341450000001,-87.02458128,12113.0,3294.938501353676,1.4490367199077885,5985,6048,88,0,5960,6021,179349,25,0,0,25,27
2020-11-03,US,Florida,Sarasota,10024,345,0,27.18546175,-82.33174248,12115.0,2311.051270109881,3.4417398244213886,9679,9966,344,0,9622,9811,426718,58,1,0,57,155
2020-11-03,US,Florida,Seminole,10576,245,0,28.7158582,-81.24060348,12117.0,2241.504283358696,2.3165658093797283,10331,10512,243,0,10269,10470,467832,64,2,0,62,42
2020-11-03,US,Florida,St. Johns,6782,85,0,29.90096506,-81.43589967,12109.0,2562.4168782493052,1.253317605426128,6697,6720,85,0,6635,6639,254261,62,0,0,62,81
2020-11-03,US,Florida,St. Lucie,9265,336,0,27.37763908,-80.47106649,12111.0,2822.1397088611834,3.626551538046411,8929,9213,336,0,8877,9179,321128,52,0,0,52,34
2020-11-03,US,Florida,Sumter,2991,86,0,28.70181754,-82.0794267,12119.0,2258.7222473946536,2.8752925442995654,2905,2967,86,0,2881,2960,128754,24,0,0,24,7
2020-11-03,US,Florida,Suwannee,3034,78,0,30.19746066,-82.99099670000003,12121.0,6830.717968345453,2.5708635464733027,2956,3028,78,0,2950,3022,44191,6,0,0,6,6
2020-11-03,US,Florida,Taylor,1508,18,0,30.04848048,-83.60445406,12123.0,6991.515601094163,1.1936339522546422,1490,1501,18,0,1483,1496,21623,7,0,0,7,5
2020-11-03,US,Florida,Unassigned,1899,0,0,0.0,0.0,90012.0,0.0,0.0,1899,1915,0,0,1915,1925,,-16,0,0,-16,-10
2020-11-03,US,Florida,Union,1159,45,0,30.04412971,-82.37497443,12125.0,7606.484216053029,3.882657463330457,1114,1151,45,0,1106,1147,14940,8,0,0,8,4
2020-11-03,US,Florida,Volusia,13186,324,0,29.05858895,-81.18263252,12127.0,2383.2245284519345,2.457151524344001,12862,13089,324,0,12765,13008,547538,97,0,0,97,81
2020-11-03,US,Florida,Wakulla,1350,11,0,30.16548905,-84.39895211,12129.0,4001.304128753075,0.8148148148148148,1339,1345,11,0,1334,1334,32461,5,0,0,5,11
2020-11-03,US,Florida,Walton,2586,30,0,30.64204028,-86.16935664,12131.0,3491.2448866627965,1.160092807424594,2556,2553,30,0,2523,2526,71375,33,0,0,33,27
2020-11-03,US,Florida,Washington,1261,24,0,30.61359259,-85.66002461,12133.0,4950.339575236525,1.9032513877874704,1237,1257,24,0,1233,1255,24880,4,0,0,4,2
2020-11-03,US,Georgia,Appling,1179,38,0,31.74847232,-82.28909114,13001.0,6412.487762427934,3.2230703986429177,1141,1179,38,0,1141,1179,18507,0,0,0,0,0
2020-11-03,US,Georgia,Atkinson,489,7,0,31.29633502,-82.87545866,13003.0,5988.977342314758,1.4314928425357871,482,488,7,0,481,486,8297,1,0,0,1,2
2020-11-03,US,Georgia,Bacon,637,16,0,31.55456473,-82.45936528,13005.0,5705.8402006449305,2.5117739403453694,621,638,16,0,622,640,11185,-1,0,0,-1,-2
2020-11-03,US,Georgia,Baker,93,6,0,31.32669878,-84.44218806,13007.0,3061.2244897959185,6.451612903225807,87,92,6,0,86,92,3092,1,0,0,1,0
2020-11-03,US,Georgia,Baldwin,2343,65,0,33.06882326,-83.24701748,13009.0,5219.425261750946,2.7742210840802395,2278,2339,65,0,2274,2337,44823,4,0,0,4,2
2020-11-03,US,Georgia,Banks,583,8,0,34.35607081,-83.49644388,13011.0,3031.0907767495064,1.37221269296741,575,576,8,0,568,574,18988,7,0,0,7,2
2020-11-03,US,Georgia,Barrow,2702,52,0,33.99148694,-83.71436292,13013.0,3246.035559827006,1.924500370096225,2650,2683,51,0,2632,2672,80809,19,1,0,18,11
2020-11-03,US,Georgia,Bartow,3741,96,0,34.23732119,-84.83887523,13015.0,3472.3124617126728,2.566158781074579,3645,3717,96,0,3621,3714,106408,24,0,0,24,3
2020-11-03,US,Georgia,Ben Hill,888,34,0,31.76095874,-83.22145359,13017.0,5317.365269461078,3.8288288288288284,854,887,34,0,853,887,16787,1,0,0,1,0
2020-11-03,US,Georgia,Berrien,505,14,0,31.27590016,-83.22529920000002,13019.0,2603.495385884415,2.7722772277227716,491,503,14,0,489,503,19252,2,0,0,2,0
2020-11-03,US,Georgia,Bibb,6736,200,0,32.80904227,-83.70489165,13021.0,4398.043862913704,2.9691211401425184,6536,6719,200,0,6519,6707,153095,17,0,0,17,12
2020-11-03,US,Georgia,Bleckley,515,27,0,32.43829035,-83.33035166,13023.0,4000.621455760118,5.242718446601941,488,514,27,0,487,515,12838,1,0,0,1,-1
2020-11-03,US,Georgia,Brantley,476,13,0,31.19576557,-81.97743999,13025.0,2490.9728400230256,2.73109243697479,463,473,13,0,460,473,18897,3,0,0,3,0
2020-11-03,US,Georgia,Brooks,553,26,0,30.83922642,-83.58303423,13027.0,3577.667076405512,4.701627486437613,527,553,26,0,527,553,15513,0,0,0,0,0
2020-11-03,US,Georgia,Bryan,1311,16,0,32.00979311,-81.44002948,13029.0,3308.350367173897,1.2204424103737606,1295,1309,16,0,1293,1313,38109,2,0,0,2,-4
2020-11-03,US,Georgia,Bulloch,3130,33,0,32.39577406,-81.74811421,13031.0,3931.765651693297,1.0543130990415337,3097,3129,33,0,3096,3128,77296,1,0,0,1,1
2020-11-03,US,Georgia,Burke,904,12,0,33.05917989,-81.99928721,13033.0,4038.7794308180323,1.327433628318584,892,904,12,0,892,901,22423,0,0,0,0,3
2020-11-03,US,Georgia,Butts,758,44,0,33.283094500000004,-83.95435040000002,13035.0,3039.781841514277,5.804749340369392,714,751,44,0,707,749,24193,7,0,0,7,2
2020-11-03,US,Georgia,Calhoun,277,10,0,31.53169785,-84.62725131,13037.0,4475.682662788819,3.610108303249097,267,277,10,0,267,277,6352,0,0,0,0,0
2020-11-03,US,Georgia,Camden,1465,18,0,30.92951916,-81.66601818,13039.0,2679.910730618666,1.2286689419795225,1447,1467,18,0,1449,1459,53677,-2,0,0,-2,8
2020-11-03,US,Georgia,Candler,553,25,0,32.40209349,-82.07702563,13043.0,5118.948440248079,4.520795660036167,528,550,25,0,525,550,10836,3,0,0,3,0
2020-11-03,US,Georgia,Carroll,3458,78,0,33.58138199,-85.07976677,13045.0,2881.858790586038,2.255639097744361,3380,3442,78,0,3364,3428,118121,16,0,0,16,14
2020-11-03,US,Georgia,Catoosa,1523,23,0,34.89872298,-85.13757014,13047.0,2253.625332938739,1.510177281680893,1500,1504,23,0,1481,1493,67420,19,0,0,19,11
2020-11-03,US,Georgia,Charlton,651,10,0,30.78371028,-82.13951596,13049.0,4861.11111111111,1.5360983102918586,641,650,10,0,640,649,12968,1,0,0,1,1
2020-11-03,US,Georgia,Chatham,9569,192,0,32.00043026,-81.12489526,13051.0,3306.1534740697234,2.0064792559306093,9377,9548,191,0,9357,9547,289195,21,1,0,20,1
2020-11-03,US,Georgia,Chattahoochee,1813,1,0,32.34341231,-84.78809239,13053.0,16622.352617585042,0.055157198014340866,1812,1804,1,0,1803,1804,10684,9,0,0,9,0
2020-11-03,US,Georgia,Chattooga,989,29,0,34.47197698,-85.34535662,13055.0,3989.672838759127,2.9322548028311424,960,979,29,0,950,976,24790,10,0,0,10,3
2020-11-03,US,Georgia,Cherokee,7441,102,0,34.24393976,-84.47431861,13057.0,2875.493192875609,1.3707834968418224,7339,7386,102,0,7284,7364,254149,55,0,0,55,22
2020-11-03,US,Georgia,Clarke,5901,50,0,33.95436462,-83.37124007,13059.0,4598.265423007691,0.8473140145738011,5851,5877,50,0,5827,5865,127330,24,0,0,24,12
2020-11-03,US,Georgia,Clay,124,3,0,31.62221166,-84.97713865,13061.0,4375.441072688779,2.419354838709677,121,124,3,0,121,124,2887,0,0,0,0,0
2020-11-03,US,Georgia,Clayton,8532,179,0,33.54187245,-84.35594188,13063.0,2919.3583707434577,2.0979840600093764,8353,8485,179,0,8306,8467,289615,47,0,0,47,18
2020-11-03,US,Georgia,Clinch,461,13,0,30.91395822,-82.70432472,13065.0,6965.850710184346,2.8199566160520613,448,461,13,0,448,461,6648,0,0,0,0,0
2020-11-03,US,Georgia,Cobb,22587,465,0,33.94243204,-84.5761255,13067.0,2971.422407158672,2.0587063355027233,22122,22430,460,0,21970,22375,756865,157,5,0,152,55
2020-11-03,US,Georgia,Coffee,2316,64,0,31.54892966,-82.85492059999999,13069.0,5352.067108820743,2.763385146804836,2252,2308,64,0,2244,2305,43093,8,0,0,8,3
2020-11-03,US,Georgia,Colquitt,2146,40,0,31.18810588,-83.7677946,13071.0,4706.140350877193,1.863932898415657,2106,2142,40,0,2102,2142,45592,4,0,0,4,0
2020-11-03,US,Georgia,Columbia,4524,66,0,33.54534185,-82.263524,13073.0,2886.787396148398,1.4588859416445623,4458,4517,66,0,4451,4500,154291,7,0,0,7,17
2020-11-03,US,Georgia,Cook,623,16,0,31.16068491,-83.42947229,13075.0,3607.411696583671,2.5682182985553768,607,616,16,0,600,614,17162,7,0,0,7,2
2020-11-03,US,Georgia,Coweta,3038,63,0,33.35334302,-84.76129976,13077.0,2045.667265956945,2.0737327188940093,2975,3030,63,0,2967,3018,145864,8,0,0,8,12
2020-11-03,US,Georgia,Crawford,197,6,0,32.71391813,-83.98061238,13079.0,1588.1973556917126,3.045685279187817,191,197,6,0,191,196,12318,0,0,0,0,1
2020-11-03,US,Georgia,Crisp,670,24,0,31.92289565,-83.76811843,13081.0,2994.814947255498,3.582089552238806,646,666,24,0,642,664,22601,4,0,0,4,2
2020-11-03,US,Georgia,Dade,382,6,0,34.854916700000004,-85.50490424,13083.0,2370.315214693472,1.5706806282722514,376,377,6,0,371,376,16226,5,0,0,5,1
2020-11-03,US,Georgia,Dawson,931,11,0,34.44244079,-84.16964071,13085.0,3565.9567948521526,1.1815252416756177,920,927,11,0,916,927,25083,4,0,0,4,0
2020-11-03,US,Georgia,DeKalb,21882,404,0,33.76944049,-84.22396017,13089.0,2881.8762618580076,1.8462663376291013,21478,21744,404,0,21340,21678,756558,138,0,0,138,66
2020-11-03,US,Georgia,Decatur,1315,35,0,30.87967778,-84.57619536,13087.0,4980.306014240266,2.661596958174905,1280,1315,35,0,1280,1315,26575,0,0,0,0,0
2020-11-03,US,Georgia,Dodge,648,21,0,32.17265114,-83.16948926,13091.0,3144.867750545984,3.2407407407407414,627,638,21,0,617,642,20705,10,0,0,10,-4
2020-11-03,US,Georgia,Dooly,380,19,0,32.15630737,-83.79746561,13093.0,2837.9387602688566,5.0,361,380,18,0,362,379,13706,0,1,0,-1,1
2020-11-03,US,Georgia,Dougherty,3321,191,0,31.53328528,-84.21722377,13095.0,3775.751512119696,5.751279735019572,3130,3320,191,0,3129,3318,91243,1,0,0,1,2
2020-11-03,US,Georgia,Douglas,4237,73,0,33.70291126,-84.77026156,13097.0,2895.252933177535,1.7229171583667688,4164,4215,73,0,4142,4204,145331,22,0,0,22,11
2020-11-03,US,Georgia,Early,560,35,0,31.32155345,-84.90255207,13099.0,5495.583905789989,6.25,525,559,35,0,524,558,10247,1,0,0,1,1
2020-11-03,US,Georgia,Echols,246,2,0,30.71101099,-82.89687287,13101.0,6140.788816774838,0.8130081300813008,244,246,2,0,244,246,4000,0,0,0,0,0
2020-11-03,US,Georgia,Effingham,1867,29,0,32.36616021,-81.34280942,13103.0,2903.757621002862,1.553294054633101,1838,1864,29,0,1835,1863,62190,3,0,0,3,1
2020-11-03,US,Georgia,Elbert,778,11,0,34.11302332,-82.83936148,13105.0,4053.3500052099616,1.4138817480719794,767,771,11,0,760,769,19120,7,0,0,7,2
2020-11-03,US,Georgia,Emanuel,1223,39,0,32.59221302,-82.30239915,13107.0,5400.512231740705,3.1888798037612434,1184,1218,39,0,1179,1216,22612,5,0,0,5,2
2020-11-03,US,Georgia,Evans,491,7,0,32.15328841,-81.8870105,13109.0,4608.597709780363,1.4256619144602851,484,490,7,0,483,489,10721,1,0,0,1,1
2020-11-03,US,Georgia,Fannin,840,27,0,34.86430205,-84.316964,13111.0,3207.5759890025965,3.2142857142857144,813,838,27,0,811,841,25964,2,0,0,2,-3
2020-11-03,US,Georgia,Fayette,2217,57,0,33.41357794,-84.49089434,13113.0,1937.5813880319167,2.571041948579161,2160,2203,57,0,2146,2193,113459,14,0,0,14,10
2020-11-03,US,Georgia,Floyd,4174,61,0,34.26268279,-85.21577392,13115.0,4237.649495421227,1.4614278869190225,4113,4135,61,0,4074,4114,97927,39,0,0,39,21
2020-11-03,US,Georgia,Forsyth,4938,54,0,34.22604035,-84.12315129999998,13117.0,2021.6825246057351,1.0935601458080195,4884,4920,54,0,4866,4906,236612,18,0,0,18,14
2020-11-03,US,Georgia,Franklin,974,18,0,34.37525597,-83.23159927,13119.0,4171.4848601653175,1.8480492813141685,956,965,18,0,947,962,23023,9,0,0,9,3
2020-11-03,US,Georgia,Fulton,31971,629,0,33.79216944,-84.46319413,13121.0,3004.9711590065954,1.967407963466892,31342,31843,628,0,31215,31753,1050114,128,1,0,127,90
2020-11-03,US,Georgia,Gilmer,1074,24,0,34.69316688,-84.45802506,13123.0,3423.762313111671,2.23463687150838,1050,1064,22,0,1042,1065,30816,10,2,0,8,-1
2020-11-03,US,Georgia,Glascock,53,2,0,33.22879932,-82.61297636,13125.0,1783.9111410299563,3.7735849056603774,51,52,2,0,50,52,2995,1,0,0,1,0
2020-11-03,US,Georgia,Glynn,3817,104,0,31.23279254,-81.53811412,13127.0,4475.214557051072,2.724652868745088,3713,3800,104,0,3696,3792,85219,17,0,0,17,8
2020-11-03,US,Georgia,Gordon,2499,47,0,34.50487351,-84.87296253,13129.0,4311.371047047254,1.880752300920368,2452,2467,47,0,2420,2455,57685,32,0,0,32,12
2020-11-03,US,Georgia,Grady,875,25,0,30.87454847,-84.23418364,13131.0,3552.145495879511,2.8571428571428568,850,872,25,0,847,871,24748,3,0,0,3,1
2020-11-03,US,Georgia,Greene,590,25,0,33.5769205,-83.17139104,13133.0,3219.820999781707,4.2372881355932215,565,588,25,0,563,584,17698,2,0,0,2,4
2020-11-03,US,Georgia,Gwinnett,31473,452,0,33.96044201,-84.02137802,13135.0,3361.602136181576,1.4361516220252282,31021,31348,452,0,30896,31218,927781,125,0,0,125,130
2020-11-03,US,Georgia,Habersham,1917,78,0,34.63331566,-83.53094677,13137.0,4229.174020472997,4.068857589984351,1839,1910,78,0,1832,1909,45388,7,0,0,7,1
2020-11-03,US,Georgia,Hall,10929,182,0,34.32207823,-83.81896936,13139.0,5345.796586790321,1.6652941714703997,10747,10871,181,0,10690,10845,202148,58,1,0,57,26
2020-11-03,US,Georgia,Hancock,419,45,0,33.2721566,-82.99766919,13141.0,4954.47558235781,10.739856801909307,374,419,45,0,374,419,8348,0,0,0,0,0
2020-11-03,US,Georgia,Haralson,676,11,0,33.79602175,-85.21005667,13143.0,2269.06552094522,1.6272189349112427,665,674,11,0,663,673,29533,2,0,0,2,1
2020-11-03,US,Georgia,Harris,859,25,0,32.73709786,-84.90538572,13145.0,2437.847655806561,2.910360884749709,834,858,25,0,833,857,34475,1,0,0,1,1
2020-11-03,US,Georgia,Hart,605,17,0,34.34626973,-82.96567682,13147.0,2308.7197099790114,2.809917355371901,588,602,17,0,585,601,26099,3,0,0,3,1
2020-11-03,US,Georgia,Heard,244,6,0,33.29686567,-85.12886832,13149.0,2046.464815902038,2.459016393442623,238,243,6,0,237,241,11879,1,0,0,1,2
2020-11-03,US,Georgia,Henry,6447,115,0,33.4533428,-84.14814659999998,13151.0,2748.5387596403493,1.7837753994105785,6332,6425,114,0,6311,6395,230220,22,1,0,21,30
2020-11-03,US,Georgia,Houston,3765,96,0,32.45802497,-83.66879087,13153.0,2384.979380855552,2.549800796812749,3669,3754,95,0,3659,3740,155469,11,1,0,10,14
2020-11-03,US,Georgia,Irwin,362,8,0,31.60213036,-83.27501387,13155.0,3844.519966015293,2.209944751381216,354,361,8,0,353,361,9398,1,0,0,1,0
2020-11-03,US,Georgia,Jackson,2514,42,0,34.13794553,-83.56814788,13157.0,3444.92100250764,1.6706443914081146,2472,2484,42,0,2442,2473,70422,30,0,0,30,11
2020-11-03,US,Georgia,Jasper,251,4,0,33.31535543,-83.68844964,13159.0,1765.2436880230675,1.593625498007968,247,249,4,0,245,249,14040,2,0,0,2,0
2020-11-03,US,Georgia,Jeff Davis,813,25,0,31.80405727,-82.63724870000001,13161.0,5378.762818392325,3.0750307503075027,788,812,23,0,789,811,15029,1,2,0,-1,1
2020-11-03,US,Georgia,Jefferson,857,33,0,33.05867328,-82.41609057,13163.0,5578.700690014322,3.850641773628938,824,857,33,0,824,857,15430,0,0,0,0,0
2020-11-03,US,Georgia,Jenkins,474,32,0,32.79248718,-81.96040187,13165.0,5463.347164591978,6.751054852320674,442,475,32,0,443,472,8683,-1,0,0,-1,3
2020-11-03,US,Georgia,Johnson,439,23,0,32.70211082,-82.66166794,13167.0,4552.525147775587,5.239179954441913,416,440,23,0,417,440,9708,-1,0,0,-1,0
2020-11-03,US,Georgia,Jones,660,17,0,33.02512137,-83.56019163,13169.0,2296.850530711676,2.575757575757576,643,657,17,0,640,657,28616,3,0,0,3,0
2020-11-03,US,Georgia,Lamar,441,20,0,33.07841647,-84.14263877,13171.0,2311.6842270797297,4.5351473922902485,421,435,20,0,415,432,19000,6,0,0,6,3
2020-11-03,US,Georgia,Lanier,320,7,0,31.03828570000001,-83.06472457,13173.0,3070.133358917777,2.1875,313,320,7,0,313,320,10340,0,0,0,0,0
2020-11-03,US,Georgia,Laurens,2052,91,0,32.46325233,-82.92221316,13175.0,4315.82046859883,4.434697855750487,1961,2040,89,0,1951,2038,47325,12,2,0,10,2
2020-11-03,US,Georgia,Lee,759,30,0,31.779330600000005,-84.14324253,13177.0,2530.674846625767,3.9525691699604737,729,759,30,0,729,756,29764,0,0,0,0,3
2020-11-03,US,Georgia,Liberty,1293,25,0,31.82588896,-81.49251135,13179.0,2104.66346545129,1.9334880123743232,1268,1287,25,0,1262,1289,61497,6,0,0,6,-2
2020-11-03,US,Georgia,Lincoln,242,7,0,33.79201475,-82.45024131,13181.0,3055.1698017927033,2.8925619834710745,235,242,7,0,235,241,7915,0,0,0,0,1
2020-11-03,US,Georgia,Long,281,4,0,31.75218791,-81.74952375,13183.0,1436.678766808119,1.4234875444839858,277,281,4,0,277,279,18998,0,0,0,0,2
2020-11-03,US,Georgia,Lowndes,4545,89,0,30.83568832,-83.27056716,13185.0,3871.1820520245983,1.9581958195819584,4456,4535,87,0,4448,4535,116321,10,2,0,8,0
2020-11-03,US,Georgia,Lumpkin,1073,17,0,34.57286511,-84.00425681,13187.0,3192.502231478726,1.5843429636533084,1056,1065,17,0,1048,1064,32955,8,0,0,8,1
2020-11-03,US,Georgia,Macon,257,10,0,32.35207048,-84.04234127,13193.0,1985.015833783888,3.891050583657588,247,256,10,0,246,255,13143,1,0,0,1,1
2020-11-03,US,Georgia,Madison,826,11,0,34.12920917,-83.21218732,13195.0,2764.390896921017,1.3317191283292975,815,817,11,0,806,815,29650,9,0,0,9,2
2020-11-03,US,Georgia,Marion,205,9,0,32.3483402,-84.52733571,13197.0,2452.4464648881444,4.390243902439025,196,205,9,0,196,205,8351,0,0,0,0,0
2020-11-03,US,Georgia,McDuffie,712,16,0,33.47851918,-82.48252774,13189.0,3340.840840840841,2.247191011235955,696,707,16,0,691,703,21531,5,0,0,5,4
2020-11-03,US,Georgia,McIntosh,318,8,0,31.49683595,-81.40163426,13191.0,2211.712338294617,2.5157232704402515,310,316,8,0,308,316,14340,2,0,0,2,0
2020-11-03,US,Georgia,Meriwether,602,16,0,33.04163534,-84.68859732,13199.0,2844.049700004725,2.6578073089701,586,600,16,0,584,599,21068,2,0,0,2,1
2020-11-03,US,Georgia,Miller,323,2,0,31.16568912,-84.73151117,13201.0,5648.82826162994,0.6191950464396285,321,317,2,0,315,316,5686,6,0,0,6,1
2020-11-03,US,Georgia,Mitchell,849,46,0,31.22483255,-84.19381821,13205.0,3883.273109820245,5.418138987043581,803,849,46,0,803,850,22192,0,0,0,0,-1
2020-11-03,US,Georgia,Monroe,781,55,0,33.014289,-83.92097166,13207.0,2831.9675103343243,7.042253521126762,726,776,55,0,721,774,27520,5,0,0,5,2
2020-11-03,US,Georgia,Montgomery,374,9,0,32.17201038,-82.53527476,13209.0,4077.627562145661,2.406417112299465,365,379,9,0,370,377,9193,-5,0,0,-5,2
2020-11-03,US,Georgia,Morgan,545,6,0,33.59232073,-83.49129491,13211.0,2827.3500726291772,1.1009174311926606,539,546,6,0,540,540,18853,-1,0,0,-1,6
2020-11-03,US,Georgia,Murray,1126,10,0,34.78897608,-84.74993177,13213.0,2808.2601755786113,0.8880994671403197,1116,1114,10,0,1104,1105,39921,12,0,0,12,9
2020-11-03,US,Georgia,Muscogee,6440,176,0,32.50931999,-84.87142262,13215.0,3289.5913040369005,2.732919254658385,6264,6429,175,0,6254,6419,194160,11,1,0,10,10
2020-11-03,US,Georgia,Newton,2945,96,0,33.55514538,-83.84547140000002,13217.0,2635.488258877434,3.2597623089983023,2849,2938,96,0,2842,2925,109541,7,0,0,7,13
2020-11-03,US,Georgia,Oconee,886,31,0,33.83749973,-83.43679568,13219.0,2199.6027805362464,3.4988713318284423,855,881,31,0,850,877,39272,5,0,0,5,4
2020-11-03,US,Georgia,Oglethorpe,437,13,0,33.878629600000004,-83.08278123,13221.0,2863.8836096729797,2.9748283752860414,424,432,13,0,419,432,15054,5,0,0,5,0
2020-11-03,US,Georgia,Out of GA,15163,192,0,0.0,0.0,80013.0,0.0,1.2662401899360285,14971,15128,189,0,14939,15116,,35,3,0,32,12
2020-11-03,US,Georgia,Paulding,3291,62,0,33.91969522,-84.86848792,13223.0,1951.1819146602481,1.8839258584017016,3229,3261,61,0,3200,3251,164044,30,1,0,29,10
2020-11-03,US,Georgia,Peach,816,26,0,32.56934316,-83.82937,13225.0,2962.317577869745,3.1862745098039214,790,810,26,0,784,805,27297,6,0,0,6,5
2020-11-03,US,Georgia,Pickens,829,10,0,34.46589159,-84.46406611,13227.0,2543.6470191157073,1.20627261761158,819,822,10,0,812,820,31980,7,0,0,7,2
2020-11-03,US,Georgia,Pierce,692,24,0,31.35928155,-82.21598442,13229.0,3555.0988954533777,3.4682080924855487,668,690,24,0,666,688,19389,2,0,0,2,2
2020-11-03,US,Georgia,Pike,397,11,0,33.09310242,-84.38790389,13231.0,2093.6610062229724,2.7707808564231735,386,395,11,0,384,395,18634,2,0,0,2,0
2020-11-03,US,Georgia,Polk,1758,29,0,34.00267074,-85.18677781,13233.0,4125.501607490672,1.6496018202502845,1729,1752,29,0,1723,1751,42470,6,0,0,6,1
2020-11-03,US,Georgia,Pulaski,340,23,0,32.23334561,-83.47549959999998,13235.0,3052.886773817006,6.764705882352941,317,341,23,0,318,343,11069,-1,0,0,-1,-2
2020-11-03,US,Georgia,Putnam,830,27,0,33.32056115,-83.37552891,13237.0,3752.430037524301,3.2530120481927716,803,824,27,0,797,821,21809,6,0,0,6,3
2020-11-03,US,Georgia,Quitman,41,1,0,31.86728114,-85.01773177,13239.0,1783.3840800347978,2.4390243902439024,40,41,1,0,40,41,2279,0,0,0,0,0
2020-11-03,US,Georgia,Rabun,439,11,0,34.88389445,-83.40304637,13241.0,2561.70858376612,2.5056947608200457,428,437,11,0,426,437,16867,2,0,0,2,0
2020-11-03,US,Georgia,Randolph,342,30,0,31.76622818,-84.75732369,13243.0,5045.736205370316,8.771929824561402,312,341,30,0,311,340,6833,1,0,0,1,1
2020-11-03,US,Georgia,Richmond,8205,185,0,33.35777107,-82.07026432,13245.0,4051.491719254585,2.2547227300426567,8020,8193,185,0,8008,8160,201554,12,0,0,12,33
2020-11-03,US,Georgia,Rockdale,2207,42,0,33.65145002,-84.02202167,13247.0,2428.049639148037,1.9030357951971,2165,2197,42,0,2155,2175,90594,10,0,0,10,22
2020-11-03,US,Georgia,Schley,109,2,0,32.2654021,-84.31258912,13249.0,2073.4259083127263,1.834862385321101,107,109,2,0,107,109,5236,0,0,0,0,0
2020-11-03,US,Georgia,Screven,456,11,0,32.74976524,-81.60779441,13251.0,3265.0723184877556,2.4122807017543857,445,455,11,0,444,454,13938,1,0,0,1,1
2020-11-03,US,Georgia,Seminole,400,11,0,30.93464824,-84.86823924,13253.0,4944.375772558716,2.75,389,400,11,0,389,396,8315,0,0,0,0,4
2020-11-03,US,Georgia,Spalding,1652,64,0,33.26310031,-84.28013991,13255.0,2476.6502256270333,3.87409200968523,1588,1634,63,0,1571,1631,66100,18,1,0,17,3
2020-11-03,US,Georgia,Stephens,1305,42,0,34.55151201,-83.29405315,13257.0,5033.751205400193,3.218390804597701,1263,1293,42,0,1251,1293,26035,12,0,0,12,0
2020-11-03,US,Georgia,Stewart,571,17,0,32.07996777,-84.83208037,13259.0,8624.074913155113,2.9772329246935203,554,571,16,0,555,571,6199,0,1,0,-1,0
2020-11-03,US,Georgia,Sumter,970,68,0,32.03650571,-84.19821492,13261.0,3285.4626744343586,7.0103092783505145,902,969,68,0,901,967,29733,1,0,0,1,2
2020-11-03,US,Georgia,Talbot,180,8,0,32.69642758,-84.53351366,13263.0,2905.5690072639227,4.4444444444444455,172,180,8,0,172,180,6272,0,0,0,0,0
2020-11-03,US,Georgia,Taliaferro,31,0,0,33.56543317,-82.88136816,13265.0,2016.9160702667525,0.0,31,31,0,0,31,31,1608,0,0,0,0,0
2020-11-03,US,Georgia,Tattnall,957,16,0,32.04785085,-82.05539188,13267.0,3784.7029977062407,1.6718913270637408,941,957,16,0,941,955,25391,0,0,0,0,2
2020-11-03,US,Georgia,Taylor,240,12,0,32.55792548,-84.25077141,13269.0,2992.5187032418958,5.0,228,237,12,0,225,237,8039,3,0,0,3,0
2020-11-03,US,Georgia,Telfair,496,24,0,31.92829517,-82.93491155,13271.0,3127.3644388398493,4.838709677419356,472,496,24,0,472,495,15876,0,0,0,0,1
2020-11-03,US,Georgia,Terrell,342,32,0,31.77527543,-84.44069698,13273.0,4008.90868596882,9.35672514619883,310,342,32,0,310,341,8611,0,0,0,0,1
2020-11-03,US,Georgia,Thomas,1631,71,0,30.86392347,-83.91847289,13275.0,3669.208791703224,4.3531575720416935,1560,1626,71,0,1555,1625,44448,5,0,0,5,1
2020-11-03,US,Georgia,Tift,1990,65,0,31.45743864,-83.5236119,13277.0,4896.171636649936,3.266331658291457,1925,1987,65,0,1922,1984,40571,3,0,0,3,3
2020-11-03,US,Georgia,Toombs,1532,58,0,32.12059861,-82.32957247,13279.0,5710.026090197542,3.785900783289817,1474,1526,58,0,1468,1523,26887,6,0,0,6,3
2020-11-03,US,Georgia,Towns,464,13,0,34.91369188,-83.74107459999998,13281.0,3854.7810916341277,2.8017241379310347,451,456,13,0,443,455,11852,8,0,0,8,1
2020-11-03,US,Georgia,Treutlen,310,12,0,32.40422134,-82.56904553,13283.0,4492.102593826981,3.870967741935484,298,313,12,0,301,315,6809,-3,0,0,-3,-2
2020-11-03,US,Georgia,Troup,3082,110,0,33.03349196,-85.02812115,13285.0,4407.768656502961,3.5691109669046077,2972,3071,109,0,2962,3069,70034,11,1,0,10,2
2020-11-03,US,Georgia,Turner,339,24,0,31.71612656,-83.62069378,13287.0,4245.460237946149,7.079646017699115,315,339,24,0,315,339,7912,0,0,0,0,0
2020-11-03,US,Georgia,Twiggs,227,10,0,32.67435595,-83.43078662,13289.0,2795.5665024630543,4.405286343612334,217,226,10,0,216,224,8188,1,0,0,1,2
2020-11-03,US,Georgia,Unassigned,1953,6,0,0.0,0.0,90013.0,0.0,0.30721966205837176,1947,1920,6,0,1914,1901,,33,0,0,33,19
2020-11-03,US,Georgia,Union,926,28,0,34.82995757,-83.98967069,13291.0,3777.895638692832,3.0237580993520514,898,915,27,0,888,912,24001,11,1,0,10,3
2020-11-03,US,Georgia,Upson,846,70,0,32.87920671,-84.30024826,13293.0,3214.285714285714,8.274231678486997,776,845,70,0,775,843,26215,1,0,0,1,2
2020-11-03,US,Georgia,Walker,1978,46,0,34.73376362,-85.30165174,13295.0,2835.3951348174487,2.3255813953488373,1932,1958,46,0,1912,1952,69410,20,0,0,20,6
2020-11-03,US,Georgia,Walton,2407,70,0,33.78017694,-83.73552314,13297.0,2544.585751588384,2.9081844619858743,2337,2397,70,0,2327,2394,93503,10,0,0,10,3
2020-11-03,US,Georgia,Ware,1775,66,0,31.05449097,-82.42224148,13299.0,4967.258073543404,3.7183098591549295,1709,1768,66,0,1702,1765,35680,7,0,0,7,3
2020-11-03,US,Georgia,Warren,172,6,0,33.41146451,-82.67795848,13301.0,3273.6962314427105,3.4883720930232562,166,172,6,0,166,170,5251,0,0,0,0,2
2020-11-03,US,Georgia,Washington,809,13,0,32.96711864,-82.79357039,13303.0,3970.747030529106,1.6069221260815822,796,799,13,0,786,792,20386,10,0,0,10,7
2020-11-03,US,Georgia,Wayne,1269,33,0,31.5521809,-81.91894878,13305.0,4240.318107394662,2.600472813238771,1236,1268,33,0,1235,1268,29808,1,0,0,1,0
2020-11-03,US,Georgia,Webster,44,2,0,32.04066113,-84.54742852,13307.0,1687.7637130801688,4.545454545454546,42,44,2,0,42,44,2611,0,0,0,0,0
2020-11-03,US,Georgia,Wheeler,369,18,0,32.12009104,-82.72574721,13309.0,4697.644812221515,4.878048780487805,351,369,17,0,352,370,7879,0,1,0,-1,-1
2020-11-03,US,Georgia,White,1031,25,0,34.64624278,-83.74905525,13311.0,3347.619975323073,2.4248302618816684,1006,1022,25,0,997,1022,29970,9,0,0,9,0
2020-11-03,US,Georgia,Whitfield,5788,64,0,34.80987459,-84.96093476,13313.0,5531.979967121612,1.10573600552868,5724,5738,64,0,5674,5701,104062,50,0,0,50,37
2020-11-03,US,Georgia,Wilcox,261,25,0,31.97496928,-83.43438555,13315.0,3022.582513028373,9.578544061302683,236,260,25,0,235,259,8812,1,0,0,1,1
2020-11-03,US,Georgia,Wilkes,319,7,0,33.78290391,-82.74286107,13317.0,3262.759537690499,2.19435736677116,312,318,7,0,311,317,9876,1,0,0,1,1
2020-11-03,US,Georgia,Wilkinson,376,17,0,32.80291082,-83.17140684,13319.0,4199.240562876927,4.5212765957446805,359,376,17,0,359,374,9036,0,0,0,0,2
2020-11-03,US,Georgia,Worth,612,35,0,31.55162306,-83.85090513,13321.0,3022.6700251889174,5.718954248366012,577,612,35,0,577,612,20299,0,0,0,0,0
2020-11-03,US,Hawaii,Hawaii,1311,31,0,19.60121157,-155.5210167,15001.0,650.5783745961799,2.3646071700991613,1280,1304,31,0,1273,1300,200983,7,0,0,7,4
2020-11-03,US,Hawaii,Honolulu,13321,170,0,21.45803166,-157.97121819999995,15003.0,1366.8690479732968,1.276180466931912,13151,13250,170,0,13080,13186,980080,71,0,0,71,64
2020-11-03,US,Hawaii,Kauai,67,0,0,22.03935037,-159.5966786,15007.0,92.67840593141798,0.0,67,66,0,0,66,65,72133,1,0,0,1,1
2020-11-03,US,Hawaii,Maui,530,17,0,20.86399628,-156.56890969999995,15009.0,316.5747803389142,3.2075471698113214,513,527,17,0,510,524,167207,3,0,0,3,3
2020-11-03,US,Hawaii,Out of HI,89,1,0,0.0,0.0,80015.0,0.0,1.1235955056179776,88,84,1,0,83,79,,5,0,0,5,5
2020-11-03,US,Idaho,Ada,17828,184,0,43.4526575,-116.24155159999998,16001.0,3701.927169960983,1.0320843616782591,17644,17499,181,0,17318,17451,469966,329,3,0,326,48
2020-11-03,US,Idaho,Adams,71,2,0,44.89333571,-116.4545247,16003.0,1653.4699580810434,2.8169014084507036,69,65,2,0,63,65,4250,6,0,0,6,0
2020-11-03,US,Idaho,Bannock,2834,14,0,42.67002716,-112.2233311,16005.0,3227.496355685131,0.4940014114326041,2820,2782,14,0,2768,2732,87138,52,0,0,52,50
2020-11-03,US,Idaho,Bear Lake,81,1,0,42.28269683,-111.32892379999998,16007.0,1322.4489795918366,1.2345679012345678,80,79,1,0,78,77,6050,2,0,0,2,2
2020-11-03,US,Idaho,Benewah,190,3,0,47.21754179,-116.6586851,16009.0,2043.4502043450204,1.5789473684210529,187,189,3,0,186,188,9226,1,0,0,1,1
2020-11-03,US,Idaho,Bingham,1717,24,0,43.21672879999999,-112.3978437,16011.0,3667.9412958492658,1.3977868375072802,1693,1685,23,0,1662,1664,46236,32,1,0,31,21
2020-11-03,US,Idaho,Blaine,930,7,0,43.4085812,-113.9752658,16013.0,4039.7897571782287,0.7526881720430108,923,919,7,0,912,916,22601,11,0,0,11,3
2020-11-03,US,Idaho,Boise,90,2,0,43.98829931,-115.7309284,16015.0,1149.2785084918912,2.2222222222222223,88,87,2,0,85,87,7634,3,0,0,3,0
2020-11-03,US,Idaho,Bonner,541,2,0,48.29996017,-116.6017932,16017.0,1182.7980498043246,0.3696857670979667,539,533,1,0,532,527,44727,8,1,0,7,6
2020-11-03,US,Idaho,Bonneville,4890,39,0,43.38713372,-111.6161537,16019.0,4107.1038618534885,0.7975460122699386,4851,4797,38,0,4759,4764,116854,93,1,0,92,33
2020-11-03,US,Idaho,Boundary,219,1,0,48.76684761,-116.4630179,16021.0,1788.485095957534,0.45662100456620996,218,209,1,0,208,203,11948,10,0,0,10,6
2020-11-03,US,Idaho,Butte,105,0,0,43.72592209,-113.1735463,16023.0,4043.1266846361186,0.0,105,104,0,0,104,104,2611,1,0,0,1,0
2020-11-03,US,Idaho,Camas,45,0,0,43.46665742,-114.8065892,16025.0,4068.7160940325507,0.0,45,41,0,0,41,41,1127,4,0,0,4,0
2020-11-03,US,Idaho,Canyon,10603,114,0,43.61970148,-116.70954990000001,16027.0,4613.028553528621,1.0751674054512874,10489,10504,111,0,10393,10417,223499,99,3,0,96,87
2020-11-03,US,Idaho,Caribou,313,4,0,42.77149116,-111.5597683,16029.0,4374.56324248777,1.2779552715654952,309,307,4,0,303,306,7060,6,0,0,6,1
2020-11-03,US,Idaho,Cassia,1520,9,0,42.28347888,-113.6012409,16031.0,6325.426550145649,0.5921052631578947,1511,1490,9,0,1481,1469,23864,30,0,0,30,21
2020-11-03,US,Idaho,Clark,40,0,0,44.28496071,-112.35057040000001,16033.0,4733.727810650888,0.0,40,40,0,0,40,40,852,0,0,0,0,0
2020-11-03,US,Idaho,Clearwater,167,0,0,46.67459924,-115.6622393,16035.0,1907.2635906806759,0.0,167,165,0,0,165,149,8758,2,0,0,2,16
2020-11-03,US,Idaho,Custer,100,1,0,44.24186819,-114.2855494,16037.0,2317.497103128621,1.0,99,99,1,0,98,98,4280,1,0,0,1,1
2020-11-03,US,Idaho,Elmore,596,4,0,43.3507101,-115.4701578,16039.0,2166.406164806805,0.6711409395973155,592,581,4,0,577,581,27259,15,0,0,15,0
2020-11-03,US,Idaho,Franklin,395,2,0,42.18332217,-111.81496659999999,16041.0,2846.6416834822717,0.5063291139240507,393,388,2,0,386,384,13726,7,0,0,7,4
2020-11-03,US,Idaho,Fremont,524,5,0,44.22800938,-111.48099429999999,16043.0,4000.305366821895,0.9541984732824428,519,518,4,0,514,504,13168,6,1,0,5,14
2020-11-03,US,Idaho,Gem,463,6,0,44.06482372,-116.398376,16045.0,2556.316254416961,1.2958963282937366,457,457,6,0,451,452,17634,6,0,0,6,5
2020-11-03,US,Idaho,Gooding,669,9,0,42.96927962,-114.81083059999999,16047.0,4407.404967389156,1.345291479820628,660,646,9,0,637,636,15196,23,0,0,23,10
2020-11-03,US,Idaho,Idaho,428,1,0,45.84721541,-115.4634436,16049.0,2567.9486410271797,0.2336448598130841,427,402,1,0,401,380,16513,26,0,0,26,22
2020-11-03,US,Idaho,Jefferson,1055,4,0,43.82078483,-112.3131749,16051.0,3531.853637307087,0.3791469194312796,1051,1044,4,0,1040,1025,29439,11,0,0,11,19
2020-11-03,US,Idaho,Jerome,1254,9,0,42.68891267,-114.2655033,16053.0,5136.817958381124,0.7177033492822966,1245,1229,9,0,1220,1198,24015,25,0,0,25,31
2020-11-03,US,Idaho,Kootenai,4662,53,0,47.67282258,-116.7020872,16055.0,2813.569346457691,1.136851136851137,4609,4583,51,0,4532,4509,161505,79,2,0,77,74
2020-11-03,US,Idaho,Latah,1040,1,0,46.81587887,-116.71136979999999,16057.0,2592.9989029620024,0.09615384615384616,1039,1026,1,0,1025,982,40134,14,0,0,14,44
2020-11-03,US,Idaho,Lemhi,313,1,0,44.9438088,-113.9309747,16059.0,3899.3397284165935,0.3194888178913738,312,301,1,0,300,290,7961,12,0,0,12,11
2020-11-03,US,Idaho,Lewis,97,3,0,46.23315327,-116.434146,16061.0,2527.3579989577906,3.0927835051546397,94,90,3,0,87,85,3861,7,0,0,7,5
2020-11-03,US,Idaho,Lincoln,247,5,0,43.0012336,-114.1358773,16063.0,4603.056280283265,2.0242914979757085,242,243,4,0,239,240,5360,4,1,0,3,3
2020-11-03,US,Idaho,Madison,2811,5,0,43.78141028,-111.65384740000002,16065.0,7043.877014057684,0.17787264318747775,2806,2780,4,0,2776,2751,39304,31,1,0,30,29
2020-11-03,US,Idaho,Minidoka,1283,9,0,42.85518524,-113.6357257,16067.0,6098.19858358287,0.7014809041309431,1274,1267,9,0,1258,1260,20825,16,0,0,16,7
2020-11-03,US,Idaho,Nez Perce,1073,24,0,46.32638236,-116.75009750000001,16069.0,2655.4147693526033,2.2367194780987885,1049,1001,24,0,977,924,40408,72,0,0,72,77
2020-11-03,US,Idaho,Oneida,70,0,0,42.19494279999999,-112.5407838,16071.0,1544.912822776429,0.0,70,64,0,0,64,64,4488,6,0,0,6,0
2020-11-03,US,Idaho,Owyhee,411,5,0,42.58016894,-116.16938710000001,16073.0,3476.275057092109,1.2165450121654502,406,409,5,0,404,406,11693,2,0,0,2,3
2020-11-03,US,Idaho,Payette,1181,11,0,44.00545243,-116.7647695,16075.0,4930.900588701933,0.9314140558848434,1170,1178,10,0,1168,1174,23551,3,1,0,2,4
2020-11-03,US,Idaho,Power,386,2,0,42.69254894,-112.83957420000002,16077.0,5025.387319359458,0.5181347150259067,384,381,2,0,379,376,7768,5,0,0,5,5
2020-11-03,US,Idaho,Shoshone,296,20,0,47.35364087,-115.89167490000001,16079.0,2297.779847849713,6.756756756756758,276,290,20,0,270,288,12796,6,0,0,6,2
2020-11-03,US,Idaho,Teton,308,2,0,43.75303583,-111.2056773,16081.0,2536.649645857355,0.6493506493506493,306,305,2,0,303,305,11640,3,0,0,3,0
2020-11-03,US,Idaho,Twin Falls,4546,50,0,42.35440512,-114.6685381,16083.0,5232.625060429568,1.0998680158380991,4496,4444,50,0,4394,4363,86081,102,0,0,102,81
2020-11-03,US,Idaho,Unassigned,1,0,0,0.0,0.0,90016.0,0.0,0.0,1,2,0,0,2,,,-1,0,0,-1,
2020-11-03,US,Idaho,Valley,136,1,0,44.76728382,-115.5676773,16085.0,1193.8202247191016,0.7352941176470589,135,133,1,0,132,129,11041,3,0,0,3,4
2020-11-03,US,Idaho,Washington,495,8,0,44.45275475,-116.78476880000001,16087.0,4855.797527957622,1.616161616161616,487,489,8,0,481,484,10161,6,0,0,6,5
2020-11-03,US,Illinois,Adams,2346,26,0,39.98815591,-91.18786813,17001.0,3585.237258347979,1.1082693947144076,2320,2302,25,0,2277,2223,65691,44,1,0,43,79
2020-11-03,US,Illinois,Alexander,156,2,0,37.18049267,-89.32910838,17003.0,2707.8632181912867,1.2820512820512822,154,154,2,0,152,154,6060,2,0,0,2,0
2020-11-03,US,Illinois,Bond,566,9,0,38.88829622,-89.43534887,17005.0,3445.7567271399,1.5901060070671378,557,546,9,0,537,544,16630,20,0,0,20,2
2020-11-03,US,Illinois,Boone,2232,26,0,42.32359279,-88.82345779,17007.0,4168.5342895562535,1.1648745519713262,2206,2206,26,0,2180,2171,53577,26,0,0,26,35
2020-11-03,US,Illinois,Brown,133,0,0,39.96209138,-90.75068024,17009.0,2021.8911523259349,0.0,133,130,0,0,130,127,6556,3,0,0,3,3
2020-11-03,US,Illinois,Bureau,1055,19,0,41.40385234,-89.5283051,17011.0,3233.419149197009,1.800947867298578,1036,1038,19,0,1019,1022,32993,17,0,0,17,16
2020-11-03,US,Illinois,Calhoun,86,0,0,39.16840183,-90.66330078,17013.0,1814.7288457480481,0.0,86,85,0,0,85,84,4802,1,0,0,1,1
2020-11-03,US,Illinois,Carroll,559,14,0,42.06823429,-89.93395545,17015.0,3907.7245718280324,2.5044722719141324,545,521,14,0,507,506,14312,38,0,0,38,15
2020-11-03,US,Illinois,Cass,478,11,0,39.96991073,-90.24734436,17017.0,3935.1280151477727,2.301255230125523,467,476,11,0,465,476,12260,2,0,0,2,0
2020-11-03,US,Illinois,Champaign,6999,29,0,40.13919438,-88.20046615,17019.0,3337.80026610838,0.41434490641520216,6970,6906,29,0,6877,6824,209983,93,0,0,93,82
2020-11-03,US,Illinois,Christian,942,31,0,39.54581621,-89.27780482,17021.0,2916.047548291233,3.2908704883227182,911,924,31,0,893,912,32661,18,0,0,18,12
2020-11-03,US,Illinois,Clark,338,18,0,39.33425789,-87.78705622,17023.0,2188.977397836928,5.325443786982248,320,336,18,0,318,334,15596,2,0,0,2,2
2020-11-03,US,Illinois,Clay,363,15,0,38.75388572,-88.48914513,17025.0,2753.3373786407765,4.132231404958676,348,355,14,0,341,350,13253,8,1,0,7,5
2020-11-03,US,Illinois,Clinton,1966,32,0,38.60704876,-89.42385254,17027.0,5234.013098344071,1.6276703967446593,1934,1936,31,0,1905,1919,37639,30,1,0,29,17
2020-11-03,US,Illinois,Coles,2229,42,0,39.51949084,-88.22358557,17029.0,4403.310878884257,1.8842530282637957,2187,2192,40,0,2152,2178,50885,37,2,0,35,14
2020-11-03,US,Illinois,Cook,198184,5517,0,41.84144849,-87.81658794,17031.0,3848.058913062768,2.7837766923666893,192667,195740,5510,0,190230,193102,5180493,2444,7,0,2437,2638
2020-11-03,US,Illinois,Crawford,689,6,0,39.0032229,-87.75954624,17033.0,3691.005517758611,0.8708272859216255,683,686,6,0,680,684,18807,3,0,0,3,2
2020-11-03,US,Illinois,Cumberland,330,6,0,39.27432424,-88.2401158,17035.0,3065.205275868475,1.818181818181818,324,326,6,0,320,323,10808,4,0,0,4,3
2020-11-03,US,Illinois,De Witt,312,6,0,40.17514519,-88.90959682,17039.0,1995.140043483821,1.9230769230769231,306,307,6,0,301,303,15769,5,0,0,5,4
2020-11-03,US,Illinois,DeKalb,2895,43,0,41.89373302,-88.76958483,17037.0,2759.850138707494,1.4853195164075994,2852,2843,43,0,2800,2779,104143,52,0,0,52,64
2020-11-03,US,Illinois,Douglas,853,9,0,39.76768052,-88.21854195,17041.0,4382.224505522733,1.0550996483001172,844,842,9,0,833,825,19479,11,0,0,11,17
2020-11-03,US,Illinois,DuPage,26512,626,0,41.85116968,-88.08642662,17043.0,2872.618566486189,2.3611949305974647,25886,26065,624,0,25441,25681,928589,447,2,0,445,384
2020-11-03,US,Illinois,Edgar,185,11,0,39.6809186,-87.74759563,17045.0,1078.0257560748207,5.945945945945946,174,178,11,0,167,175,17360,7,0,0,7,3
2020-11-03,US,Illinois,Edwards,119,0,0,38.41353228,-88.05720863,17047.0,1860.8287724784989,0.0,119,118,0,0,118,116,6392,1,0,0,1,2
2020-11-03,US,Illinois,Effingham,1385,5,0,39.05935711,-88.58969584,17049.0,4072.571159727123,0.36101083032490977,1380,1356,4,0,1352,1330,34208,29,1,0,28,26
2020-11-03,US,Illinois,Fayette,762,24,0,39.00072038,-89.02452658,17051.0,3571.4285714285716,3.1496062992125986,738,750,24,0,726,735,21416,12,0,0,12,15
2020-11-03,US,Illinois,Ford,228,16,0,40.59706922,-88.22350769,17053.0,1759.123524419412,7.0175438596491215,212,224,16,0,208,222,13264,4,0,0,4,2
2020-11-03,US,Illinois,Franklin,1141,11,0,37.99189086,-88.92567818,17055.0,2966.0245912293017,0.9640666082383874,1130,1122,10,0,1112,1110,38701,19,1,0,18,12
2020-11-03,US,Illinois,Fulton,691,2,0,40.47289135,-90.20862357,17057.0,2012.2306348281888,0.2894356005788712,689,681,2,0,679,657,34844,10,0,0,10,24
2020-11-03,US,Illinois,Gallatin,122,2,0,37.76430935,-88.22953869,17059.0,2526.926263463132,1.639344262295082,120,119,2,0,117,117,5058,3,0,0,3,2
2020-11-03,US,Illinois,Greene,356,17,0,39.35907414,-90.388865,17061.0,2745.007325159997,4.775280898876406,339,349,17,0,332,342,13044,7,0,0,7,7
2020-11-03,US,Illinois,Grundy,1175,8,0,41.28569601,-88.41905692,17063.0,2301.4847024718924,0.6808510638297872,1167,1154,7,0,1147,1125,50972,21,1,0,20,29
2020-11-03,US,Illinois,Hamilton,155,2,0,38.08163641,-88.53883373,17065.0,1909.807787087235,1.2903225806451613,153,150,2,0,148,148,8163,5,0,0,5,2
2020-11-03,US,Illinois,Hancock,395,4,0,40.40423981,-91.16313899,17067.0,2230.630223627739,1.0126582278481011,391,388,4,0,384,369,17844,7,0,0,7,19
2020-11-03,US,Illinois,Hardin,61,0,0,37.51810645,-88.26873022,17069.0,1596.4407223239994,0.0,61,59,0,0,59,59,3910,2,0,0,2,0
2020-11-03,US,Illinois,Henderson,145,0,0,40.81908672,-90.92491462,17071.0,2181.763466746916,0.0,145,144,0,0,144,137,6709,1,0,0,1,7
2020-11-03,US,Illinois,Henry,914,9,0,41.3533994,-90.13296166,17073.0,1868.6238832212296,0.9846827133479212,905,911,9,0,902,888,49090,3,0,0,3,23
2020-11-03,US,Illinois,Iroquois,625,20,0,40.74717633,-87.82466784,17075.0,2305.0822453345136,3.2,605,593,20,0,573,572,27604,32,0,0,32,21
2020-11-03,US,Illinois,Jackson,1698,26,0,37.78595185,-89.38232563,17077.0,2992.070484581498,1.5312131919905771,1672,1672,26,0,1646,1660,57419,26,0,0,26,12
2020-11-03,US,Illinois,Jasper,301,10,0,39.01054275,-88.15437049,17079.0,3132.1540062434965,3.3222591362126246,291,295,10,0,285,294,9611,6,0,0,6,1
2020-11-03,US,Illinois,Jefferson,1036,52,0,38.29980057,-88.9240025,17081.0,2749.177369705976,5.019305019305019,984,1024,52,0,972,1017,37820,12,0,0,12,7
2020-11-03,US,Illinois,Jersey,517,21,0,39.08869046,-90.35393073,17083.0,2374.5005281771,4.061895551257253,496,507,21,0,486,495,21847,10,0,0,10,12
2020-11-03,US,Illinois,Jo Daviess,604,9,0,42.36542373,-90.21094405,17085.0,2844.360725217801,1.4900662251655632,595,606,9,0,597,584,21366,-2,0,0,-2,22
2020-11-03,US,Illinois,Johnson,417,0,0,37.45939802,-88.88165419,17087.0,3358.299106064267,0.0,417,409,0,0,409,408,12456,8,0,0,8,1
2020-11-03,US,Illinois,Kane,19337,360,0,41.93842729,-88.42861412,17089.0,3632.023110313052,1.8617158814707555,18977,18972,356,0,18616,18650,534216,365,4,0,361,322
2020-11-03,US,Illinois,Kankakee,3997,81,0,41.13746989,-87.86205334,17091.0,3638.200651726712,2.0265198899174384,3916,3930,81,0,3849,3867,110024,67,0,0,67,63
2020-11-03,US,Illinois,Kendall,3228,30,0,41.59081014,-88.42869583,17093.0,2502.519575160865,0.929368029739777,3198,3138,30,0,3108,3083,127915,90,0,0,90,55
2020-11-03,US,Illinois,Knox,1509,22,0,40.93148779,-90.21330340000002,17095.0,3036.278395943581,1.4579191517561298,1487,1477,21,0,1456,1467,50112,32,1,0,31,10
2020-11-03,US,Illinois,LaSalle,2937,70,0,41.34426129999999,-88.88633881,17099.0,2702.7027027027025,2.3833844058563156,2867,2842,69,0,2773,2776,109430,95,1,0,94,66
2020-11-03,US,Illinois,Lake,23177,524,0,42.3224907,-88.00367925,17097.0,3327.470981357721,2.260862061526513,22653,22817,523,0,22294,22618,700832,360,1,0,359,199
2020-11-03,US,Illinois,Lawrence,385,8,0,38.71987914,-87.72884035,17101.0,2455.6703661181273,2.0779220779220777,377,381,8,0,373,379,15765,4,0,0,4,2
2020-11-03,US,Illinois,Lee,973,4,0,41.74583951,-89.29977132,17103.0,2853.707179727827,0.4110996916752313,969,955,2,0,953,926,34223,18,2,0,16,29
2020-11-03,US,Illinois,Livingston,803,12,0,40.89188292,-88.55784752,17105.0,2252.58078994614,1.49439601494396,791,792,12,0,780,769,35761,11,0,0,11,23
2020-11-03,US,Illinois,Logan,705,4,0,40.12581572,-89.36638784,17107.0,2463.4845202320216,0.5673758865248227,701,688,4,0,684,666,28925,17,0,0,17,22
2020-11-03,US,Illinois,Macon,3861,64,0,39.86064913,-88.96342505,17115.0,3712.1787537616938,1.6576016576016577,3797,3753,59,0,3694,3685,104712,108,5,0,103,68
2020-11-03,US,Illinois,Macoupin,893,11,0,39.26119767,-89.92424028,17117.0,1987.7131282553528,1.2318029115341544,882,879,11,0,868,877,45313,14,0,0,14,2
2020-11-03,US,Illinois,Madison,7980,163,0,38.83042506,-89.90422563,17119.0,3034.612839682697,2.0426065162907268,7817,7891,159,0,7732,7751,264461,89,4,0,85,140
2020-11-03,US,Illinois,Marion,1238,25,0,38.64963204,-88.91899208,17121.0,3327.509743314071,2.0193861066235863,1213,1224,25,0,1199,1207,37620,14,0,0,14,17
2020-11-03,US,Illinois,Marshall,181,4,0,41.0327901,-89.34510444,17123.0,1582.4444833012765,2.209944751381216,177,179,3,0,176,174,11534,2,1,0,1,5
2020-11-03,US,Illinois,Mason,372,12,0,40.23917274,-89.91824452,17125.0,2784.6395688300013,3.2258064516129035,360,369,9,0,360,361,13565,3,3,0,0,8
2020-11-03,US,Illinois,Massac,181,2,0,37.22078441,-88.71036614,17127.0,1314.2608190531516,1.1049723756906078,179,178,2,0,176,172,14080,3,0,0,3,6
2020-11-03,US,Illinois,McDonough,858,21,0,40.45674722,-90.67775541,17109.0,2890.6407923994343,2.4475524475524475,837,836,21,0,815,828,29955,22,0,0,22,8
2020-11-03,US,Illinois,McHenry,7616,120,0,42.32451172,-88.45248227,17111.0,2474.5430088311555,1.5756302521008403,7496,7416,120,0,7296,7265,308570,200,0,0,200,151
2020-11-03,US,Illinois,McLean,4570,38,0,40.48996987,-88.84621113,17113.0,2664.458916608849,0.8315098468271335,4532,4538,38,0,4500,4500,172828,32,0,0,32,38
2020-11-03,US,Illinois,Menard,196,1,0,40.02742725,-89.80246001,17129.0,1607.0842899311249,0.5102040816326531,195,193,1,0,192,193,12288,3,0,0,3,0
2020-11-03,US,Illinois,Mercer,362,7,0,41.20596782,-90.74290052,17131.0,2345.015223165123,1.9337016574585637,355,351,6,0,345,339,15601,11,1,0,10,12
2020-11-03,US,Illinois,Monroe,1096,34,0,38.27594376,-90.17761038,17133.0,3164.2463261829835,3.102189781021898,1062,1085,34,0,1051,1068,34335,11,0,0,11,17
2020-11-03,US,Illinois,Montgomery,706,17,0,39.23198845,-89.47809254,17135.0,2484.690645456465,2.407932011331445,689,700,17,0,683,687,28601,6,0,0,6,13
2020-11-03,US,Illinois,Morgan,1099,26,0,39.71654544,-90.20255104,17137.0,3265.196981401153,2.3657870791628755,1073,1078,26,0,1052,1064,33976,21,0,0,21,14
2020-11-03,US,Illinois,Moultrie,526,6,0,39.64187451,-88.62099969,17139.0,3627.3360457899457,1.1406844106463878,520,513,6,0,507,496,14717,13,0,0,13,17
2020-11-03,US,Illinois,Ogle,1523,8,0,42.04165196,-89.32184679,17141.0,3007.3257903362755,0.5252790544977021,1515,1485,8,0,1477,1428,50923,38,0,0,38,57
2020-11-03,US,Illinois,Out of IL,1,0,0,0.0,0.0,80017.0,0.0,0.0,1,2,0,0,2,,,-1,0,0,-1,
2020-11-03,US,Illinois,Peoria,5217,85,0,40.78702156,-89.76078901,17143.0,2911.6135261386657,1.6292888633314164,5132,5155,79,0,5076,5083,180621,62,6,0,56,72
2020-11-03,US,Illinois,Perry,534,16,0,38.08510853,-89.36856219,17145.0,2553.0694205393,2.9962546816479403,518,513,16,0,497,507,21174,21,0,0,21,6
2020-11-03,US,Illinois,Piatt,302,3,0,40.01360584,-88.59319339,17147.0,1847.7728830151736,0.9933774834437086,299,294,3,0,291,290,16396,8,0,0,8,4
2020-11-03,US,Illinois,Pike,470,8,0,39.62265059,-90.8877017,17149.0,3020.371441424073,1.702127659574468,462,460,8,0,452,441,15611,10,0,0,10,19
2020-11-03,US,Illinois,Pope,47,1,0,37.41391284,-88.56152109,17151.0,1125.2094804883889,2.127659574468085,46,46,1,0,45,45,4212,1,0,0,1,1
2020-11-03,US,Illinois,Pulaski,255,1,0,37.22631423,-89.13085001,17153.0,4779.756326148079,0.392156862745098,254,250,1,0,249,247,5463,5,0,0,5,3
2020-11-03,US,Illinois,Putnam,115,0,0,41.2013541,-89.2869272,17155.0,2003.8334204565256,0.0,115,107,0,0,107,107,5740,8,0,0,8,0
2020-11-03,US,Illinois,Randolph,1445,15,0,38.05095369,-89.82512254,17157.0,4546.598703668743,1.038062283737024,1430,1414,15,0,1399,1403,32106,31,0,0,31,11
2020-11-03,US,Illinois,Richland,360,18,0,38.71240969,-88.08475366,17159.0,2320.6343067105013,5.0,342,355,18,0,337,355,15763,5,0,0,5,0
2020-11-03,US,Illinois,Rock Island,4684,95,0,41.46613806,-90.57042164,17161.0,3301.404718104864,2.0281810418445767,4589,4618,95,0,4523,4522,143477,66,0,0,66,96
2020-11-03,US,Illinois,Saline,673,11,0,37.75332999,-88.54119706,17165.0,2864.926993316589,1.6344725111441307,662,656,11,0,645,653,23906,17,0,0,17,3
2020-11-03,US,Illinois,Sangamon,4883,66,0,39.75836914,-89.65872023,17167.0,2508.321689816717,1.3516280974810568,4817,4750,66,0,4684,4638,195348,133,0,0,133,112
2020-11-03,US,Illinois,Schuyler,106,1,0,40.157179799999994,-90.61114163,17169.0,1566.193853427896,0.9433962264150944,105,101,1,0,100,101,6907,5,0,0,5,0
2020-11-03,US,Illinois,Scott,121,0,0,39.642916899999996,-90.47814431,17171.0,2443.9507170268635,0.0,121,118,0,0,118,116,4926,3,0,0,3,2
2020-11-03,US,Illinois,Shelby,784,14,0,39.39133527,-88.80611122,17173.0,3623.925302764168,1.7857142857142858,770,773,12,0,761,770,21741,11,2,0,9,3
2020-11-03,US,Illinois,St. Clair,8552,228,0,38.46996033,-89.93063427,17163.0,3293.207951140993,2.6660430308699716,8324,8466,224,0,8242,8405,261059,86,4,0,82,61
2020-11-03,US,Illinois,Stark,99,3,0,41.09309773,-89.79745866,17175.0,1853.2384874578809,3.0303030303030303,96,102,3,0,99,102,5427,-3,0,0,-3,0
2020-11-03,US,Illinois,Stephenson,1346,10,0,42.35129217,-89.662598,17177.0,3024.8550496651533,0.7429420505200595,1336,1318,9,0,1309,1242,44753,28,1,0,27,76
2020-11-03,US,Illinois,Tazewell,3144,60,0,40.50716185,-89.51404662,17179.0,2385.378178038436,1.9083969465648856,3084,3102,59,0,3043,3034,132328,42,1,0,41,68
2020-11-03,US,Illinois,Unassigned,6300,283,0,0.0,0.0,90017.0,0.0,4.492063492063492,6017,6299,283,0,6016,6320,,1,0,0,1,-21
2020-11-03,US,Illinois,Union,835,25,0,37.47119609,-89.25548938,17181.0,5014.111571488621,2.9940119760479043,810,827,25,0,802,821,16841,8,0,0,8,6
2020-11-03,US,Illinois,Vermilion,2036,12,0,40.18417171,-87.73384359,17183.0,2687.50494997228,0.5893909626719057,2024,2007,12,0,1995,1974,76806,29,0,0,29,33
2020-11-03,US,Illinois,Wabash,265,6,0,38.44272901,-87.84922065,17185.0,2300.347222222222,2.2641509433962264,259,264,6,0,258,264,11549,1,0,0,1,0
2020-11-03,US,Illinois,Warren,587,10,0,40.84925021,-90.6147432,17187.0,3484.9204464497748,1.7035775127768311,577,580,9,0,571,570,17032,7,1,0,6,10
2020-11-03,US,Illinois,Washington,362,2,0,38.35309213,-89.40982703,17189.0,2606.7545186145317,0.5524861878453039,360,358,2,0,356,353,13995,4,0,0,4,5
2020-11-03,US,Illinois,Wayne,550,18,0,38.42955355,-88.42586459,17191.0,3391.9210607462232,3.272727272727273,532,546,18,0,528,546,16332,4,0,0,4,0
2020-11-03,US,Illinois,White,304,5,0,38.08706198,-88.17657461,17193.0,2245.6969786511045,1.6447368421052633,299,302,5,0,297,299,13665,2,0,0,2,3
2020-11-03,US,Illinois,Whiteside,1892,32,0,41.75509713,-89.91556058,17195.0,3429.08926144087,1.6913319238900637,1860,1855,31,0,1824,1804,55626,37,1,0,36,51
2020-11-03,US,Illinois,Will,21419,448,0,41.44619267,-87.97862712,17197.0,3100.8638524024127,2.0916009150754005,20971,21043,446,0,20597,20657,692310,376,2,0,374,386
2020-11-03,US,Illinois,Williamson,2153,63,0,37.73033511,-88.92994027,17199.0,3232.8783578839893,2.9261495587552253,2090,2085,61,0,2024,2062,67056,68,2,0,66,23
2020-11-03,US,Illinois,Winnebago,12043,195,0,42.33641854,-89.16085327,17201.0,4261.922625030081,1.6191978742838162,11848,11800,187,0,11613,11638,284081,243,8,0,235,162
2020-11-03,US,Illinois,Woodford,817,17,0,40.78579374,-89.20973757,17203.0,2124.3402064536263,2.08078335373317,800,798,17,0,781,781,38463,19,0,0,19,17
2020-11-03,US,Indiana,Adams,744,9,0,40.7457653,-84.93671406,18001.0,2079.548313162087,1.2096774193548387,735,719,9,0,710,704,35636,25,0,0,25,15
2020-11-03,US,Indiana,Allen,9919,240,0,41.09194313,-85.06800636,18003.0,2615.0873057930553,2.419598749873979,9679,9765,239,0,9526,9638,375351,154,1,0,153,127
2020-11-03,US,Indiana,Bartholomew,1656,59,0,39.20744865,-85.89558181,18005.0,1976.62898817126,3.5628019323671496,1597,1623,59,0,1564,1597,82753,33,0,0,33,26
2020-11-03,US,Indiana,Benton,127,1,0,40.60626947,-87.31093999,18007.0,1451.7604023776864,0.7874015748031497,126,124,1,0,123,123,8653,3,0,0,3,1
2020-11-03,US,Indiana,Blackford,290,6,0,40.47388153,-85.32499702,18009.0,2466.405851335261,2.0689655172413794,284,288,6,0,282,287,11930,2,0,0,2,1
2020-11-03,US,Indiana,Boone,1458,51,0,40.0509304,-86.46841646,18011.0,2149.0794923573544,3.497942386831276,1407,1445,51,0,1394,1421,66999,13,0,0,13,24
2020-11-03,US,Indiana,Brown,166,3,0,39.19605589,-86.22868909,18013.0,1099.9204876755898,1.8072289156626504,163,162,3,0,159,160,15234,4,0,0,4,2
2020-11-03,US,Indiana,Carroll,408,13,0,40.580783200000006,-86.56198812,18015.0,2014.1185762946145,3.1862745098039214,395,396,13,0,383,386,20127,12,0,0,12,10
2020-11-03,US,Indiana,Cass,2423,26,0,40.76135835,-86.34830753,18017.0,6428.931518480194,1.0730499380932728,2397,2415,26,0,2389,2403,37955,8,0,0,8,12
2020-11-03,US,Indiana,Clark,3380,67,0,38.48015445,-85.70510334,18019.0,2857.0945546144612,1.982248520710059,3313,3343,67,0,3276,3310,117360,37,0,0,37,33
2020-11-03,US,Indiana,Clay,573,12,0,39.39561833,-87.11723506,18021.0,2184.9380362249767,2.094240837696335,561,560,11,0,549,554,26170,13,1,0,12,6
2020-11-03,US,Indiana,Clinton,1101,16,0,40.30319754,-86.47277257,18023.0,3398.253032501003,1.4532243415077202,1085,1087,16,0,1071,1055,32250,14,0,0,14,32
2020-11-03,US,Indiana,Crawford,181,1,0,38.28814402,-86.44518825,18025.0,1711.2602817434054,0.5524861878453039,180,180,1,0,179,177,10558,1,0,0,1,3
2020-11-03,US,Indiana,Daviess,1044,36,0,38.70186039,-87.07185406,18027.0,3130.340919312764,3.4482758620689653,1008,1036,36,0,1000,1010,33147,8,0,0,8,26
2020-11-03,US,Indiana,DeKalb,958,13,0,41.39804622,-84.99906934,18033.0,2203.5652673950544,1.356993736951983,945,939,13,0,926,914,43226,19,0,0,19,25
2020-11-03,US,Indiana,Dearborn,1187,28,0,39.14647946,-84.97333539,18029.0,2400.0161753406933,2.3588879528222404,1159,1174,28,0,1146,1150,49568,13,0,0,13,24
2020-11-03,US,Indiana,Decatur,643,39,0,39.30712658,-85.50087166,18031.0,2421.0248879852397,6.065318818040437,604,631,39,0,592,617,26794,12,0,0,12,14
2020-11-03,US,Indiana,Delaware,3458,85,0,40.22787247,-85.39732772,18035.0,3029.7454768475927,2.458068247541932,3373,3429,85,0,3344,3393,114772,29,0,0,29,36
2020-11-03,US,Indiana,Dubois,1675,28,0,38.36597551,-86.87924170000002,18037.0,3919.412205166604,1.6716417910447758,1647,1657,28,0,1629,1635,42565,18,0,0,18,22
2020-11-03,US,Indiana,Elkhart,10739,156,0,41.59761169,-85.85875695,18039.0,5204.491594011854,1.452649222460192,10583,10505,152,0,10353,10310,205560,234,4,0,230,195
2020-11-03,US,Indiana,Fayette,971,25,0,39.63684962,-85.17797541,18041.0,4203.099298762012,2.5746652935118437,946,951,23,0,928,925,23047,20,2,0,18,26
2020-11-03,US,Indiana,Floyd,2076,69,0,38.32117957,-85.90385377,18043.0,2643.845037059677,3.3236994219653178,2007,2052,69,0,1983,2032,77781,24,0,0,24,20
2020-11-03,US,Indiana,Fountain,424,3,0,40.12361933,-87.24217689,18045.0,2593.906766181329,0.7075471698113207,421,409,3,0,406,402,16351,15,0,0,15,7
2020-11-03,US,Indiana,Franklin,417,26,0,39.4142482,-85.06062647,18047.0,1832.322699709992,6.235011990407674,391,412,26,0,386,406,22736,5,0,0,5,6
2020-11-03,US,Indiana,Fulton,452,12,0,41.0469907,-86.26252745,18049.0,2262.941824371683,2.6548672566371683,440,444,12,0,432,440,20092,8,0,0,8,4
2020-11-03,US,Indiana,Gibson,1066,12,0,38.30393723,-87.58054938,18051.0,3167.0578448557594,1.125703564727955,1054,1051,12,0,1039,1038,33452,15,0,0,15,13
2020-11-03,US,Indiana,Grant,1517,42,0,40.51587228,-85.65468702,18053.0,2306.557800787605,2.7686222808174032,1475,1500,41,0,1459,1483,65936,17,1,0,16,17
2020-11-03,US,Indiana,Greene,654,40,0,39.03630547,-86.96223202,18055.0,2048.743813044296,6.116207951070336,614,642,40,0,602,636,32006,12,0,0,12,6
2020-11-03,US,Indiana,Hamilton,7283,131,0,40.07306535,-86.05244729,18057.0,2154.6636056223024,1.7987093230811482,7152,7199,126,0,7073,7085,330086,84,5,0,79,114
2020-11-03,US,Indiana,Hancock,1409,45,0,39.82304555,-85.77566351,18059.0,1802.5278886500867,3.1937544357700496,1364,1387,44,0,1343,1368,76351,22,1,0,21,19
2020-11-03,US,Indiana,Harrison,913,24,0,38.19467379,-86.10948271,18061.0,2253.4863630754044,2.628696604600219,889,904,24,0,880,888,40350,9,0,0,9,16
2020-11-03,US,Indiana,Hendricks,3756,142,0,39.76719009,-86.51037283,18063.0,2205.377221670943,3.780617678381257,3614,3724,142,0,3582,3678,167009,32,0,0,32,46
2020-11-03,US,Indiana,Henry,1576,30,0,39.93029017,-85.39625719,18065.0,3285.2497290085885,1.9035532994923856,1546,1563,30,0,1533,1556,48271,13,0,0,13,7
2020-11-03,US,Indiana,Howard,1869,69,0,40.48527731,-86.11351892,18067.0,2264.2469470827677,3.6918138041733553,1800,1845,68,0,1777,1827,82366,24,1,0,23,18
2020-11-03,US,Indiana,Huntington,577,6,0,40.82907273,-85.48822092,18069.0,1579.9561883899235,1.0398613518197577,571,566,5,0,561,552,36240,11,1,0,10,14
2020-11-03,US,Indiana,Jackson,1350,20,0,38.90915820000001,-86.03851889,18071.0,3052.1579887409284,1.4814814814814814,1330,1327,20,0,1307,1299,44111,23,0,0,23,28
2020-11-03,US,Indiana,Jasper,860,5,0,41.02078733,-87.11553319,18073.0,2562.421786544306,0.5813953488372093,855,844,5,0,839,819,33370,16,0,0,16,25
2020-11-03,US,Indiana,Jay,451,7,0,40.43781032,-85.00576229,18075.0,2206.8898023096494,1.5521064301552103,444,431,7,0,424,421,20764,20,0,0,20,10
2020-11-03,US,Indiana,Jefferson,479,6,0,38.78576239,-85.43633383,18077.0,1482.6049275721186,1.2526096033402925,473,467,5,0,462,448,32208,12,1,0,11,19
2020-11-03,US,Indiana,Jennings,467,13,0,38.99588883,-85.62710784,18079.0,1683.7930412835767,2.78372591006424,454,449,13,0,436,442,27611,18,0,0,18,7
2020-11-03,US,Indiana,Johnson,3709,150,0,39.48994426,-86.10149107,18081.0,2344.989789273363,4.044216770018873,3559,3667,149,0,3518,3599,156225,42,1,0,41,68
2020-11-03,US,Indiana,Knox,991,10,0,38.68861576,-87.4194665,18083.0,2708.0942230966825,1.0090817356205852,981,979,10,0,969,957,36895,12,0,0,12,22
2020-11-03,US,Indiana,Kosciusko,2497,30,0,41.24521668,-85.86312322,18085.0,3142.619814740234,1.2014417300760911,2467,2421,30,0,2391,2346,79344,76,0,0,76,75
2020-11-03,US,Indiana,LaGrange,915,16,0,41.64232188,-85.42674232,18087.0,2309.789468369768,1.7486338797814207,899,889,16,0,873,878,39330,26,0,0,26,11
2020-11-03,US,Indiana,LaPorte,2745,68,0,41.54366008,-86.74072188,18091.0,2497.997961560861,2.477231329690346,2677,2684,68,0,2616,2623,110007,61,0,0,61,61
2020-11-03,US,Indiana,Lake,16748,382,0,41.41874274,-87.38277575,18089.0,3449.689284912449,2.280869357535228,16366,16383,378,0,16005,16017,484411,365,4,0,361,366
2020-11-03,US,Indiana,Lawrence,1123,40,0,38.84112637,-86.48361629,18093.0,2475.2038792153407,3.5618878005342838,1083,1107,39,0,1068,1097,45668,16,1,0,15,10
2020-11-03,US,Indiana,Madison,2926,102,0,40.16143691,-85.71964711,18095.0,2258.2562186942864,3.4859876965140124,2824,2898,102,0,2796,2862,129641,28,0,0,28,36
2020-11-03,US,Indiana,Marion,28276,797,0,39.78163624,-86.13826325,18097.0,2931.425218384751,2.8186447870986,27479,27994,796,0,27198,27690,954670,282,1,0,281,304
2020-11-03,US,Indiana,Marshall,1723,31,0,41.32467367,-86.26185087,18099.0,3724.761122400449,1.7991874637260592,1692,1695,30,0,1665,1641,46248,28,1,0,27,54
2020-11-03,US,Indiana,Martin,217,0,0,38.7099921,-86.80373186,18101.0,2116.0409556313994,0.0,217,217,0,0,217,214,10217,0,0,0,0,3
2020-11-03,US,Indiana,Miami,809,5,0,40.76940965,-86.04525048,18103.0,2277.8466043473363,0.6180469715698393,804,801,5,0,796,780,35567,8,0,0,8,21
2020-11-03,US,Indiana,Monroe,3618,40,0,39.16130004,-86.52414358,18105.0,2437.496210360369,1.105583195135434,3578,3582,40,0,3542,3557,146917,36,0,0,36,25
2020-11-03,US,Indiana,Montgomery,765,22,0,40.04034823,-86.89335024,18107.0,1995.409254525536,2.8758169934640523,743,744,22,0,722,736,38346,21,0,0,21,8
2020-11-03,US,Indiana,Morgan,1147,41,0,39.47899078,-86.44573375,18109.0,1627.2042446339144,3.5745422842197034,1106,1105,41,0,1064,1079,70116,42,0,0,42,26
2020-11-03,US,Indiana,Newton,294,12,0,40.95610449,-87.39635768,18111.0,2102.402745995423,4.081632653061225,282,288,12,0,276,277,14011,6,0,0,6,11
2020-11-03,US,Indiana,Noble,1419,35,0,41.39672484,-85.41966713,18113.0,2972.1012064343163,2.466525722339676,1384,1393,35,0,1358,1357,47532,26,0,0,26,36
2020-11-03,US,Indiana,Ohio,155,7,0,38.955304999999996,-84.96515993,18115.0,2638.2978723404253,4.516129032258065,148,154,7,0,147,151,5844,1,0,0,1,3
2020-11-03,US,Indiana,Orange,464,25,0,38.54118920000001,-86.49523093,18117.0,2361.80392955309,5.387931034482759,439,461,25,0,436,455,19489,3,0,0,3,6
2020-11-03,US,Indiana,Owen,270,1,0,39.31145587,-86.83900724,18119.0,1298.1393336218084,0.3703703703703704,269,267,1,0,266,239,20845,3,0,0,3,28
2020-11-03,US,Indiana,Parke,293,4,0,39.77202286,-87.20375833,18121.0,1729.9403672433136,1.3651877133105803,289,290,4,0,286,283,16927,3,0,0,3,7
2020-11-03,US,Indiana,Perry,534,15,0,38.07809328,-86.63741946,18123.0,2785.7478220042767,2.808988764044944,519,529,14,0,515,505,19102,5,1,0,4,24
2020-11-03,US,Indiana,Pike,393,18,0,38.40112197,-87.23574907,18125.0,3172.1688594721118,4.580152671755725,375,389,18,0,371,383,12410,4,0,0,4,6
2020-11-03,US,Indiana,Porter,4311,59,0,41.45986947,-87.06848888,18127.0,2530.092905058425,1.3685919740199488,4252,4170,57,0,4113,4013,169594,141,2,0,139,157
2020-11-03,US,Indiana,Posey,877,11,0,38.02097333,-87.86480429,18129.0,3449.0895504778387,1.2542759407069557,866,873,11,0,862,855,25540,4,0,0,4,18
2020-11-03,US,Indiana,Pulaski,212,6,0,41.04166107,-86.69890683,18131.0,1716.182303893791,2.830188679245283,206,203,4,0,199,198,12469,9,2,0,7,5
2020-11-03,US,Indiana,Putnam,858,18,0,39.66437981,-86.84517605,18133.0,2283.3723653395787,2.097902097902098,840,843,17,0,826,837,37779,15,1,0,14,6
2020-11-03,US,Indiana,Randolph,543,12,0,40.15734772,-85.01139319,18135.0,2201.5001013582,2.209944751381216,531,518,11,0,507,510,24851,25,1,0,24,8
2020-11-03,US,Indiana,Ripley,588,9,0,39.10235626,-85.26212744,18137.0,2075.977969213388,1.5306122448979589,579,574,8,0,566,565,28523,14,1,0,13,9
2020-11-03,US,Indiana,Rush,315,5,0,39.62002287,-85.4655599,18139.0,1899.764791025873,1.5873015873015872,310,306,4,0,302,298,16663,9,1,0,8,8
2020-11-03,US,Indiana,Scott,617,16,0,38.68672078,-85.74627859,18143.0,2584.509697147405,2.593192868719611,601,613,16,0,597,608,23878,4,0,0,4,5
2020-11-03,US,Indiana,Shelby,1053,42,0,39.52305623,-85.79158570000001,18145.0,2354.177379328847,3.988603988603989,1011,1035,42,0,993,1019,44593,18,0,0,18,16
2020-11-03,US,Indiana,Spencer,480,6,0,38.01519732,-87.0079644,18147.0,2367.214084923805,1.25,474,473,6,0,467,461,20327,7,0,0,7,12
2020-11-03,US,Indiana,St. Joseph,10922,182,0,41.61756781,-86.29040834,18141.0,4018.0115220766224,1.6663614722578282,10740,10787,181,0,10606,10656,270771,135,1,0,134,131
2020-11-03,US,Indiana,Starke,558,11,0,41.27890281,-86.64686895,18149.0,2426.614481409002,1.971326164874552,547,552,10,0,542,530,22935,6,1,0,5,22
2020-11-03,US,Indiana,Steuben,776,10,0,41.64423868,-85.00101094,18151.0,2243.1635543735906,1.2886597938144329,766,762,9,0,753,751,34586,14,1,0,13,11
2020-11-03,US,Indiana,Sullivan,503,14,0,39.08952258,-87.41414469,18153.0,2433.5962068798685,2.7833001988071566,489,501,14,0,487,500,20690,2,0,0,2,1
2020-11-03,US,Indiana,Switzerland,114,0,0,38.82767338,-85.03022429,18155.0,1060.3664775369732,0.0,114,112,0,0,112,110,10717,2,0,0,2,2
2020-11-03,US,Indiana,Tippecanoe,4688,17,0,40.38872739,-86.89413959,18157.0,2395.111683322093,0.3626279863481229,4671,4622,17,0,4605,4499,193048,66,0,0,66,123
2020-11-03,US,Indiana,Tipton,313,23,0,40.31123252,-86.05234925,18159.0,2066.279376815421,7.348242811501597,290,310,23,0,287,304,15128,3,0,0,3,6
2020-11-03,US,Indiana,Unassigned,0,240,0,0.0,0.0,90018.0,0.0,0.0,-240,0,240,0,-240,0,,0,0,0,0,0
2020-11-03,US,Indiana,Union,137,0,0,39.62550777,-84.92497066,18161.0,1942.1604763254888,0.0,137,136,0,0,136,133,7037,1,0,0,1,3
2020-11-03,US,Indiana,Vanderburgh,6844,80,0,38.02658833,-87.58763124,18163.0,3771.817184804713,1.168907071887785,6764,6795,78,0,6717,6695,180974,49,2,0,47,100
2020-11-03,US,Indiana,Vermillion,318,2,0,39.8523352,-87.46160542,18165.0,2051.8776616337586,0.6289308176100629,316,310,1,0,309,306,15479,8,1,0,7,4
2020-11-03,US,Indiana,Vigo,3201,52,0,39.42944561,-87.39169027,18167.0,2990.526728825277,1.6244923461418306,3149,3120,49,0,3071,3073,107386,81,3,0,78,47
2020-11-03,US,Indiana,Wabash,630,12,0,40.84704239,-85.79328272,18169.0,2032.520325203252,1.9047619047619049,618,603,11,0,592,563,31280,27,1,0,26,40
2020-11-03,US,Indiana,Warren,123,1,0,40.34728141,-87.35602659,18171.0,1488.2032667876588,0.8130081300813008,122,116,1,0,115,115,8263,7,0,0,7,1
2020-11-03,US,Indiana,Warrick,2255,67,0,38.08922676,-87.2716085,18173.0,3579.4787136099562,2.971175166297117,2188,2238,66,0,2172,2212,62567,17,1,0,16,26
2020-11-03,US,Indiana,Washington,438,3,0,38.60219804,-86.1049363,18175.0,1562.2770723355686,0.6849315068493149,435,433,3,0,430,428,27943,5,0,0,5,5
2020-11-03,US,Indiana,Wayne,1784,38,0,39.863344399999995,-85.01044989,18177.0,2707.78944812094,2.1300448430493275,1746,1751,36,0,1715,1727,65936,33,2,0,31,24
2020-11-03,US,Indiana,Wells,573,14,0,40.72934187,-85.22132966,18179.0,2025.0212044105174,2.443280977312391,559,567,13,0,554,562,28206,6,1,0,5,5
2020-11-03,US,Indiana,White,711,16,0,40.74911165,-86.86492015,18181.0,2949.962658700523,2.2503516174402254,695,699,16,0,683,692,24133,12,0,0,12,7
2020-11-03,US,Indiana,Whitley,596,6,0,41.13863784,-85.50791236,18183.0,1754.7991991520432,1.0067114093959733,590,581,6,0,575,573,34074,15,0,0,15,8
2020-11-03,US,Iowa,Adair,250,1,0,41.33075609,-94.47105874,19001.0,3495.525727069351,0.4,249,231,1,0,230,222,7063,19,0,0,19,9
2020-11-03,US,Iowa,Adams,91,1,0,41.02903567,-94.69932645,19003.0,2526.3742365352578,1.0989010989010992,90,89,1,0,88,87,3645,2,0,0,2,2
2020-11-03,US,Iowa,Allamakee,449,9,0,43.28383218,-91.37860922,19005.0,3280.4851318769634,2.0044543429844097,440,438,9,0,429,431,13832,11,0,0,11,7
2020-11-03,US,Iowa,Appanoose,297,3,0,40.74324454,-92.86865906,19007.0,2390.1496861419605,1.0101010101010102,294,291,3,0,288,287,12437,6,0,0,6,4
2020-11-03,US,Iowa,Audubon,206,1,0,41.6844628,-94.90581859,19009.0,3748.180494905386,0.4854368932038835,205,195,1,0,194,192,5506,11,0,0,11,3
2020-11-03,US,Iowa,Benton,756,5,0,42.08011739,-92.06463573,19011.0,2947.9430688243324,0.6613756613756614,751,738,4,0,734,733,25642,18,1,0,17,5
2020-11-03,US,Iowa,Black Hawk,6652,106,0,42.4704581,-92.30524729,19013.0,5069.040143871735,1.5935057125676488,6546,6518,104,0,6414,6448,132408,134,2,0,132,70
2020-11-03,US,Iowa,Boone,816,10,0,42.03657094,-93.9313999,19015.0,3110.4673324693144,1.2254901960784317,806,807,10,0,797,797,26346,9,0,0,9,10
2020-11-03,US,Iowa,Bremer,852,9,0,42.77461496,-92.31795937,19017.0,3399.5690687096003,1.056338028169014,843,822,9,0,813,790,24947,30,0,0,30,32
2020-11-03,US,Iowa,Buchanan,576,5,0,42.4709188,-91.83510825,19019.0,2720.188902007084,0.8680555555555556,571,564,5,0,559,554,21199,12,0,0,12,10
2020-11-03,US,Iowa,Buena Vista,2374,12,0,42.73545875,-95.15100162,19021.0,12099.898063200815,0.5054759898904801,2362,2362,12,0,2350,2356,19874,12,0,0,12,6
2020-11-03,US,Iowa,Butler,466,3,0,42.73172833,-92.79015971,19023.0,3227.370316503913,0.6437768240343348,463,450,3,0,447,437,14539,16,0,0,16,13
2020-11-03,US,Iowa,Calhoun,376,5,0,42.38521079,-94.64046046,19025.0,3889.1187422424487,1.3297872340425532,371,363,4,0,359,348,9699,13,1,0,12,15
2020-11-03,US,Iowa,Carroll,1292,13,0,42.03617207,-94.86032705,19027.0,6407.141086040168,1.0061919504643964,1279,1273,13,0,1260,1264,20154,19,0,0,19,9
2020-11-03,US,Iowa,Cass,511,6,0,41.33149454,-94.92792482,19029.0,3980.990962916797,1.1741682974559686,505,503,5,0,498,498,12930,8,1,0,7,5
2020-11-03,US,Iowa,Cedar,560,8,0,41.77233777,-91.13246684,19031.0,3006.388575723412,1.4285714285714286,552,557,8,0,549,551,18627,3,0,0,3,6
2020-11-03,US,Iowa,Cerro Gordo,1681,27,0,43.08177563,-93.2612239,19033.0,3959.952885747938,1.6061867935752527,1654,1655,27,0,1628,1603,42647,26,0,0,26,52
2020-11-03,US,Iowa,Cherokee,465,3,0,42.73538914,-95.62389402,19035.0,4138.851802403205,0.6451612903225806,462,451,3,0,448,446,11321,14,0,0,14,5
2020-11-03,US,Iowa,Chickasaw,415,1,0,43.06001295,-92.31773347,19037.0,3477.750775161317,0.24096385542168675,414,406,1,0,405,393,11964,9,0,0,9,13
2020-11-03,US,Iowa,Clarke,374,3,0,41.02868181,-93.78499767,19039.0,3980.8408728046834,0.8021390374331551,371,371,3,0,368,368,9423,3,0,0,3,3
2020-11-03,US,Iowa,Clay,608,4,0,43.08247182,-95.15096481,19041.0,3796.2037962037957,0.6578947368421053,604,599,4,0,595,595,16134,9,0,0,9,4
2020-11-03,US,Iowa,Clayton,612,3,0,42.84443388,-91.34133693,19043.0,3487.378198187931,0.4901960784313725,609,577,3,0,574,568,17556,35,0,0,35,9
2020-11-03,US,Iowa,Clinton,1701,29,0,41.89981633,-90.53275096,19045.0,3663.658489306253,1.7048794826572604,1672,1679,29,0,1650,1652,46518,22,0,0,22,27
2020-11-03,US,Iowa,Crawford,1437,15,0,42.03718237,-95.3819718,19047.0,8543.400713436386,1.0438413361169103,1422,1435,15,0,1420,1415,17158,2,0,0,2,20
2020-11-03,US,Iowa,Dallas,3828,49,0,41.68560356,-94.04127625,19049.0,4096.176687746783,1.2800417972831766,3779,3802,49,0,3753,3776,90180,26,0,0,26,26
2020-11-03,US,Iowa,Davis,222,4,0,40.74773536,-92.41005468,19051.0,2466.6666666666665,1.8018018018018016,218,217,4,0,213,212,9017,5,0,0,5,5
2020-11-03,US,Iowa,Decatur,186,0,0,40.73742757,-93.78645949,19053.0,2363.405336721728,0.0,186,183,0,0,183,177,7890,3,0,0,3,6
2020-11-03,US,Iowa,Delaware,924,16,0,42.47104597,-91.3664492,19055.0,5431.779436834989,1.7316017316017316,908,896,16,0,880,883,17069,28,0,0,28,13
2020-11-03,US,Iowa,Des Moines,1652,12,0,40.92012606,-91.18326592,19057.0,4239.484692175431,0.7263922518159807,1640,1647,12,0,1635,1644,39138,5,0,0,5,3
2020-11-03,US,Iowa,Dickinson,854,9,0,43.37787725,-95.1510206,19059.0,4948.42971375594,1.053864168618267,845,853,9,0,844,846,17153,1,0,0,1,7
2020-11-03,US,Iowa,Dubuque,6026,63,0,42.46815349,-90.88181925,19061.0,6192.516776109587,1.0454696315964156,5963,5930,62,0,5868,5849,96854,96,1,0,95,81
2020-11-03,US,Iowa,Emmet,478,21,0,43.37782951,-94.67858943,19063.0,5191.138140747176,4.393305439330544,457,475,21,0,454,474,9253,3,0,0,3,1
2020-11-03,US,Iowa,Fayette,486,6,0,42.86271799,-91.84412309999999,19065.0,2473.2824427480914,1.2345679012345678,480,468,4,0,464,453,19660,18,2,0,16,15
2020-11-03,US,Iowa,Floyd,502,11,0,43.06000529999999,-92.78940097,19067.0,3209.3082725994122,2.191235059760956,491,491,11,0,480,485,15761,11,0,0,11,6
2020-11-03,US,Iowa,Franklin,418,18,0,42.73270384,-93.26256925,19069.0,4150.943396226415,4.30622009569378,400,417,18,0,399,412,10124,1,0,0,1,5
2020-11-03,US,Iowa,Fremont,230,2,0,40.74542720000001,-95.60129045,19071.0,3304.597701149425,0.8695652173913043,228,229,2,0,227,224,6993,1,0,0,1,5
2020-11-03,US,Iowa,Greene,218,0,0,42.03614551,-94.39658081,19073.0,2452.745274527453,0.0,218,210,0,0,210,209,8981,8,0,0,8,1
2020-11-03,US,Iowa,Grundy,390,6,0,42.40183723,-92.78829551,19075.0,3188.358404185743,1.5384615384615383,384,381,6,0,375,375,12304,9,0,0,9,6
2020-11-03,US,Iowa,Guthrie,453,15,0,41.68378965,-94.50111014,19077.0,4238.001683974179,3.3112582781456954,438,444,15,0,429,427,10720,9,0,0,9,17
2020-11-03,US,Iowa,Hamilton,519,5,0,42.38382428,-93.70197703,19079.0,3513.1659107831856,0.9633911368015414,514,513,5,0,508,504,14952,6,0,0,6,9
2020-11-03,US,Iowa,Hancock,436,6,0,43.08178477,-93.73454884,19081.0,4101.599247412983,1.3761467889908257,430,427,6,0,421,410,10712,9,0,0,9,17
2020-11-03,US,Iowa,Hardin,584,7,0,42.38353877,-93.23654611,19083.0,3466.6983260121087,1.1986301369863013,577,569,7,0,562,551,16868,15,0,0,15,18
2020-11-03,US,Iowa,Harrison,754,18,0,41.68330137,-95.81558439,19085.0,5366.930030607161,2.3872679045092844,736,746,18,0,728,741,14134,8,0,0,8,5
2020-11-03,US,Iowa,Henry,1198,6,0,40.98767962,-91.54436349,19087.0,6003.808760148341,0.5008347245409015,1192,1192,6,0,1186,1178,20067,6,0,0,6,14
2020-11-03,US,Iowa,Howard,299,9,0,43.35671042,-92.31702714,19089.0,3264.905001091941,3.0100334448160537,290,294,9,0,285,293,9187,5,0,0,5,1
2020-11-03,US,Iowa,Humboldt,415,3,0,42.7764426,-94.20722537,19091.0,4341.9125340029295,0.7228915662650602,412,404,3,0,401,395,9547,11,0,0,11,9
2020-11-03,US,Iowa,Ida,261,2,0,42.38696136,-95.51355387,19093.0,3804.664723032071,0.7662835249042146,259,255,2,0,253,247,6841,6,0,0,6,8
2020-11-03,US,Iowa,Iowa,505,12,0,41.68630265,-92.0643373,19095.0,3120.3657933761738,2.376237623762376,493,494,11,0,483,488,16141,11,1,0,10,6
2020-11-03,US,Iowa,Jackson,808,4,0,42.17178824,-90.57354837,19097.0,4156.592417305417,0.4950495049504951,804,795,3,0,792,768,19432,13,1,0,12,27
2020-11-03,US,Iowa,Jasper,1351,34,0,41.68576082,-93.05567785,19099.0,3633.1854242302,2.5166543301258333,1317,1341,34,0,1307,1318,37147,10,0,0,10,23
2020-11-03,US,Iowa,Jefferson,294,1,0,41.03192394,-91.94849466,19101.0,1606.9964471166986,0.3401360544217687,293,285,1,0,284,282,18381,9,0,0,9,3
2020-11-03,US,Iowa,Johnson,6368,33,0,41.67169354,-91.58754744,19103.0,4213.312160910415,0.5182160804020101,6335,6307,32,0,6275,6264,151260,61,1,0,60,43
2020-11-03,US,Iowa,Jones,645,4,0,42.12118609,-91.13139641,19105.0,3118.8046999661524,0.6201550387596899,641,612,4,0,608,590,20744,33,0,0,33,22
2020-11-03,US,Iowa,Keokuk,231,1,0,41.33649833,-92.1785067,19107.0,2254.538356431778,0.4329004329004329,230,220,1,0,219,213,10225,11,0,0,11,7
2020-11-03,US,Iowa,Kossuth,536,0,0,43.20405458,-94.20691791,19109.0,3618.443259299264,0.0,536,527,0,0,527,519,14908,9,0,0,9,8
2020-11-03,US,Iowa,Lee,1122,13,0,40.64181461,-91.48183025,19111.0,3333.630448346555,1.1586452762923352,1109,1108,13,0,1095,1093,34055,14,0,0,14,15
2020-11-03,US,Iowa,Linn,7041,137,0,42.07923082,-91.59809485,19113.0,3105.784584439759,1.9457463428490271,6904,6868,136,0,6732,6730,225909,173,1,0,172,138
2020-11-03,US,Iowa,Louisa,565,15,0,41.21842119,-91.26102611,19115.0,5120.0724966017215,2.6548672566371683,550,564,15,0,549,562,11169,1,0,0,1,2
2020-11-03,US,Iowa,Lucas,226,6,0,41.02958964,-93.32780803,19117.0,2627.906976744186,2.6548672566371683,220,223,6,0,217,222,8645,3,0,0,3,1
2020-11-03,US,Iowa,Lyon,607,8,0,43.38107862,-96.20926845,19119.0,5163.7601020842185,1.317957166392092,599,604,8,0,596,600,11811,3,0,0,3,4
2020-11-03,US,Iowa,Madison,405,3,0,41.33081904,-94.01554631,19121.0,2478.8835842820417,0.7407407407407407,402,401,3,0,398,397,16249,4,0,0,4,4
2020-11-03,US,Iowa,Mahaska,805,25,0,41.33521503,-92.64083907,19123.0,3643.358225842951,3.1055900621118013,780,793,25,0,768,787,22000,12,0,0,12,6
2020-11-03,US,Iowa,Marion,1179,12,0,41.33445101,-93.09934783,19125.0,3545.544762878537,1.0178117048346056,1167,1166,11,0,1155,1152,33407,13,1,0,12,14
2020-11-03,US,Iowa,Marshall,2318,37,0,42.03586837,-92.99908190000001,19127.0,5887.8813279483875,1.5962036238136323,2281,2277,36,0,2241,2246,39981,41,1,0,40,31
2020-11-03,US,Iowa,Mills,491,3,0,41.03299766,-95.61920963,19129.0,3249.71871070223,0.6109979633401222,488,488,3,0,485,477,15063,3,0,0,3,11
2020-11-03,US,Iowa,Mitchell,331,2,0,43.35638371,-92.78887719,19131.0,3126.771207254865,0.6042296072507553,329,325,2,0,323,322,10569,6,0,0,6,3
2020-11-03,US,Iowa,Monona,278,2,0,42.05220391,-95.95743843,19133.0,3226.9297736506096,0.7194244604316546,276,275,2,0,273,271,8679,3,0,0,3,4
2020-11-03,US,Iowa,Monroe,281,12,0,41.02988815,-92.8690667,19135.0,3646.0360711041913,4.270462633451957,269,280,12,0,268,280,7790,1,0,0,1,0
2020-11-03,US,Iowa,Montgomery,216,7,0,41.03018714,-95.15642896,19137.0,2178.078047796713,3.2407407407407414,209,215,7,0,208,213,10003,1,0,0,1,2
2020-11-03,US,Iowa,Muscatine,1649,58,0,41.48370744,-91.11216970000001,19139.0,3865.085317832365,3.51728320194057,1591,1634,58,0,1576,1620,42929,15,0,0,15,14
2020-11-03,US,Iowa,O'Brien,837,15,0,43.08310673,-95.62474482,19141.0,6085.944884752417,1.7921146953405018,822,827,15,0,812,820,13840,10,0,0,10,7
2020-11-03,US,Iowa,Osceola,322,0,0,43.37824276,-95.62422844,19143.0,5404.498153742867,0.0,322,322,0,0,322,319,6040,0,0,0,0,3
2020-11-03,US,Iowa,Page,461,0,0,40.7393172,-95.1497813,19145.0,3051.5654994373467,0.0,461,454,0,0,454,442,15249,7,0,0,7,12
2020-11-03,US,Iowa,Palo Alto,358,2,0,43.08193849,-94.67824621,19147.0,4028.809363042989,0.5586592178770949,356,353,2,0,351,353,8929,5,0,0,5,0
2020-11-03,US,Iowa,Plymouth,1869,31,0,42.737633,-96.21366621,19149.0,7423.442030424593,1.6586409844836811,1838,1857,31,0,1826,1842,25095,12,0,0,12,15
2020-11-03,US,Iowa,Pocahontas,284,2,0,42.73420133,-94.67862564,19151.0,4290.678350203958,0.7042253521126759,282,270,2,0,268,266,6740,14,0,0,14,4
2020-11-03,US,Iowa,Polk,21034,294,0,41.68679484,-93.57767461,19153.0,4291.243081354902,1.3977369972425595,20740,20868,291,0,20577,20776,487204,166,3,0,163,92
2020-11-03,US,Iowa,Pottawattamie,3611,47,0,41.33640314,-95.53907776,19155.0,3874.2141063880013,1.3015785101080033,3564,3591,45,0,3546,3577,93533,20,2,0,18,14
2020-11-03,US,Iowa,Poweshiek,546,11,0,41.68625425,-92.53155731,19157.0,2950.7133592736704,2.0146520146520146,535,540,11,0,529,536,18699,6,0,0,6,4
2020-11-03,US,Iowa,Ringgold,110,2,0,40.73518949,-94.24368535,19159.0,2247.6501838986514,1.818181818181818,108,109,2,0,107,105,4968,1,0,0,1,4
2020-11-03,US,Iowa,Sac,456,5,0,42.38624071,-95.10547892,19161.0,4690.87542433906,1.0964912280701755,451,440,5,0,435,432,9719,16,0,0,16,8
2020-11-03,US,Iowa,Scott,5415,50,0,41.63935978,-90.61959493,19163.0,3131.089434091001,0.9233610341643582,5365,5336,49,0,5287,5269,173283,79,1,0,78,67
2020-11-03,US,Iowa,Shelby,441,2,0,41.6850066,-95.31015553,19165.0,3850.183342063908,0.453514739229025,439,435,2,0,433,427,11578,6,0,0,6,8
2020-11-03,US,Iowa,Sioux,2701,19,0,43.08221074,-96.17675679999999,19167.0,7749.246879931144,0.7034431691965939,2682,2683,17,0,2666,2665,34909,18,2,0,16,18
2020-11-03,US,Iowa,Story,4351,18,0,42.03621213,-93.46499005,19169.0,4480.163102237508,0.4136980004596644,4333,4295,18,0,4277,4251,98105,56,0,0,56,44
2020-11-03,US,Iowa,Tama,1081,38,0,42.07991767,-92.53266945,19171.0,6413.907677702622,3.5152636447733583,1043,1063,38,0,1025,1053,16904,18,0,0,18,10
2020-11-03,US,Iowa,Taylor,278,2,0,40.73710579,-94.69778563,19173.0,4541.7415454991005,0.7194244604316546,276,275,2,0,273,273,6191,3,0,0,3,2
2020-11-03,US,Iowa,Unassigned,66,0,0,0.0,0.0,90019.0,0.0,0.0,66,52,0,0,52,47,,14,0,0,14,5
2020-11-03,US,Iowa,Union,299,6,0,41.0277278,-94.24234847,19175.0,2442.610897802467,2.0066889632107023,293,291,6,0,285,291,12359,8,0,0,8,0
2020-11-03,US,Iowa,Van Buren,209,2,0,40.75326764,-91.95017958,19177.0,2967.0641680863146,0.9569377990430622,207,205,2,0,203,202,7020,4,0,0,4,3
2020-11-03,US,Iowa,Wapello,1680,64,0,41.03064984,-92.40954728,19179.0,4804.255197460608,3.809523809523809,1616,1672,64,0,1608,1661,35205,8,0,0,8,11
2020-11-03,US,Iowa,Warren,1462,8,0,41.33559454,-93.56007641,19181.0,2840.710371896009,0.5471956224350205,1454,1449,7,0,1442,1437,51056,13,1,0,12,12
2020-11-03,US,Iowa,Washington,769,12,0,41.33577126,-91.71725711,19183.0,3501.024356931482,1.5604681404421326,757,756,12,0,744,729,22141,13,0,0,13,27
2020-11-03,US,Iowa,Wayne,194,4,0,40.73969028,-93.32752197,19185.0,3011.954665424624,2.061855670103093,190,163,4,0,159,161,6401,31,0,0,31,2
2020-11-03,US,Iowa,Webster,2113,16,0,42.42853483,-94.17987389,19187.0,5885.138146167558,0.7572172266919073,2097,2088,16,0,2072,2045,36277,25,0,0,25,43
2020-11-03,US,Iowa,Winnebago,561,20,0,43.37751174,-93.73407298,19189.0,5418.195866331853,3.5650623885918,541,554,20,0,534,544,10518,7,0,0,7,10
2020-11-03,US,Iowa,Winneshiek,557,9,0,43.29094334,-91.84422722,19191.0,2786.2538142163976,1.615798922800718,548,547,9,0,538,544,20029,10,0,0,10,3
2020-11-03,US,Iowa,Woodbury,7858,101,0,42.38979414,-96.0459439,19193.0,7621.209035274036,1.2853143293458895,7757,7813,100,0,7713,7729,102539,45,1,0,44,84
2020-11-03,US,Iowa,Worth,171,0,0,43.37750768,-93.26087602,19195.0,2316.759246714537,0.0,171,167,0,0,167,161,7453,4,0,0,4,6
2020-11-03,US,Iowa,Wright,830,1,0,42.73305373,-93.73515113,19197.0,6607.228148384015,0.12048192771084335,829,822,1,0,821,803,12690,8,0,0,8,19
2020-11-03,US,Kansas,Allen,112,1,0,37.88582951,-95.30030847,20001.0,905.489530277306,0.8928571428571429,111,112,1,0,111,112,12444,0,0,0,0,0
2020-11-03,US,Kansas,Anderson,219,0,0,38.21413251,-95.29272815,20003.0,2786.9686943242555,0.0,219,219,0,0,219,203,7878,0,0,0,0,16
2020-11-03,US,Kansas,Atchison,537,6,0,39.53185661,-95.30870026,20005.0,3341.0066571268585,1.11731843575419,531,537,6,0,531,537,16193,0,0,0,0,0
2020-11-03,US,Kansas,Barber,69,0,0,37.2288586,-98.68460053,20007.0,1558.6175739778628,0.0,69,69,0,0,69,57,4472,0,0,0,0,12
2020-11-03,US,Kansas,Barton,803,7,0,38.47889676,-98.75636726,20009.0,3114.9385158462323,0.8717310087173101,796,803,7,0,796,803,26111,0,0,0,0,0
2020-11-03,US,Kansas,Bourbon,306,3,0,37.85508555,-94.84865997,20011.0,2105.4080088069354,0.9803921568627452,303,306,3,0,303,306,14653,0,0,0,0,0
2020-11-03,US,Kansas,Brown,280,6,0,39.82652589,-95.56421698,20013.0,2927.645336679214,2.142857142857143,274,249,5,0,244,249,9598,31,1,0,30,0
2020-11-03,US,Kansas,Butler,1042,3,0,37.78134351,-96.83878537,20015.0,1557.2925229035584,0.28790786948176583,1039,1031,3,0,1028,990,66765,11,0,0,11,41
2020-11-03,US,Kansas,Chase,107,3,0,38.30292938,-96.59563862,20017.0,4040.785498489426,2.803738317757009,104,107,3,0,104,107,2629,0,0,0,0,0
2020-11-03,US,Kansas,Chautauqua,24,0,0,37.14994405,-96.2454192,20019.0,738.4615384615387,0.0,24,24,0,0,24,25,3309,0,0,0,0,-1
2020-11-03,US,Kansas,Cherokee,749,7,0,37.16928494,-94.8462897,20021.0,3756.4571944430513,0.9345794392523364,742,749,7,0,742,720,20015,0,0,0,0,29
2020-11-03,US,Kansas,Cheyenne,124,6,0,39.78580976,-101.7318201,20023.0,4666.917576213775,4.838709677419356,118,124,6,0,118,120,2660,0,0,0,0,4
2020-11-03,US,Kansas,Clark,68,4,0,37.23577007,-99.81883015,20025.0,3410.2306920762285,5.882352941176472,64,68,4,0,64,68,2005,0,0,0,0,0
2020-11-03,US,Kansas,Clay,135,3,0,39.34948772,-97.16518128,20027.0,1687.0782304423894,2.2222222222222223,132,135,3,0,132,114,7997,0,0,0,0,21
2020-11-03,US,Kansas,Cloud,193,1,0,39.48028352,-97.64925343,20029.0,2196.6765308445256,0.5181347150259067,192,193,1,0,192,166,8729,0,0,0,0,27
2020-11-03,US,Kansas,Coffey,173,9,0,38.2365018,-95.73379515,20031.0,2115.173004034723,5.202312138728324,164,173,9,0,164,173,8233,0,0,0,0,0
2020-11-03,US,Kansas,Comanche,22,0,0,37.19114520000001,-99.27113247,20033.0,1294.1176470588236,0.0,22,22,0,0,22,20,1748,0,0,0,0,2
2020-11-03,US,Kansas,Cowley,576,10,0,37.23781842,-96.83776647,20035.0,1650.0515641113784,1.7361111111111112,566,576,10,0,566,552,35218,0,0,0,0,24
2020-11-03,US,Kansas,Crawford,1530,14,0,37.50675523,-94.85245778,20037.0,3941.470451852233,0.915032679738562,1516,1530,14,0,1516,1449,39019,0,0,0,0,81
2020-11-03,US,Kansas,Decatur,147,1,0,39.78468441,-100.45940809999999,20039.0,5199.858507251503,0.6802721088435374,146,147,1,0,146,121,2871,0,0,0,0,26
2020-11-03,US,Kansas,Dickinson,380,5,0,38.86600962,-97.15532383,20041.0,2057.8360229611176,1.3157894736842106,375,380,5,0,375,349,18717,0,0,0,0,31
2020-11-03,US,Kansas,Doniphan,227,1,0,39.79067154,-95.14056866,20043.0,2986.842105263158,0.4405286343612335,226,215,1,0,214,215,7682,12,0,0,12,0
2020-11-03,US,Kansas,Douglas,3054,19,0,38.88503636,-95.2925121,20045.0,2497.9756091576082,0.6221349050425671,3035,3030,19,0,3011,2964,121436,24,0,0,24,66
2020-11-03,US,Kansas,Edwards,83,0,0,37.88735543,-99.31263309,20047.0,2966.4045746962115,0.0,83,83,0,0,83,82,2849,0,0,0,0,1
2020-11-03,US,Kansas,Elk,13,0,0,37.45338105,-96.24369667,20049.0,513.8339920948616,0.0,13,13,0,0,13,13,2508,0,0,0,0,0
2020-11-03,US,Kansas,Ellis,1483,18,0,38.91458712,-99.31751551,20051.0,5193.85003327146,1.2137559002022926,1465,1483,18,0,1465,1451,28710,0,0,0,0,32
2020-11-03,US,Kansas,Ellsworth,400,1,0,38.69677695,-98.20462799,20053.0,6555.227794165849,0.25,399,400,1,0,399,330,6196,0,0,0,0,70
2020-11-03,US,Kansas,Finney,3233,20,0,38.04340344,-100.73819379999999,20055.0,8865.549675048676,0.6186204763377667,3213,3202,20,0,3182,3110,36611,31,0,0,31,92
2020-11-03,US,Kansas,Ford,3345,13,0,37.69200114,-99.88825298,20057.0,9949.730806984146,0.3886397608370703,3332,3345,13,0,3332,3302,33888,0,0,0,0,43
2020-11-03,US,Kansas,Franklin,619,5,0,38.56443815,-95.28644341,20059.0,2423.2696523645473,0.8077544426494345,614,619,5,0,614,576,25631,0,0,0,0,43
2020-11-03,US,Kansas,Geary,419,4,0,38.99871131,-96.7577178,20061.0,1323.018629617935,0.9546539379474941,415,411,4,0,407,394,32594,8,0,0,8,17
2020-11-03,US,Kansas,Gove,202,16,0,38.91588178,-100.4829321,20063.0,7663.125948406677,7.920792079207921,186,202,16,0,186,185,2612,0,0,0,0,17
2020-11-03,US,Kansas,Graham,58,1,0,39.34987223,-99.88332493,20065.0,2336.8251410153102,1.7241379310344829,57,58,1,0,57,57,2492,0,0,0,0,1
2020-11-03,US,Kansas,Grant,486,8,0,37.56227336,-101.3079758,20067.0,6797.202797202795,1.6460905349794241,478,473,8,0,465,470,7336,13,0,0,13,3
2020-11-03,US,Kansas,Gray,211,2,0,37.73836671,-100.4369088,20069.0,3523.714094856379,0.9478672985781992,209,211,2,0,209,211,6033,0,0,0,0,0
2020-11-03,US,Kansas,Greeley,34,0,0,38.4808095,-101.8061079,20071.0,2759.74025974026,0.0,34,34,0,0,34,34,1227,0,0,0,0,0
2020-11-03,US,Kansas,Greenwood,108,0,0,37.8774388,-96.23250453,20073.0,1805.4162487462388,0.0,108,108,0,0,108,108,6055,0,0,0,0,0
2020-11-03,US,Kansas,Hamilton,64,0,0,37.99978709,-101.7921066,20075.0,2520.677432059866,0.0,64,64,0,0,64,64,2607,0,0,0,0,0
2020-11-03,US,Kansas,Harper,169,3,0,37.19175361,-98.07578384,20077.0,3108.9036055923475,1.7751479289940828,166,169,3,0,166,164,5506,0,0,0,0,5
2020-11-03,US,Kansas,Harvey,716,8,0,38.04293782,-97.42747573,20079.0,2079.6421621307627,1.11731843575419,708,658,7,0,651,619,34210,58,1,0,57,39
2020-11-03,US,Kansas,Haskell,103,1,0,37.562039399999996,-100.8710738,20081.0,2595.766129032258,0.9708737864077671,102,103,1,0,102,103,3997,0,0,0,0,0
2020-11-03,US,Kansas,Hodgeman,53,0,0,38.08780079,-99.89829881,20083.0,2954.2920847268683,0.0,53,53,0,0,53,36,1818,0,0,0,0,17
2020-11-03,US,Kansas,Jackson,355,4,0,39.41673394,-95.79356799,20085.0,2695.3154657960667,1.1267605633802815,351,344,4,0,340,344,13280,11,0,0,11,0
2020-11-03,US,Kansas,Jefferson,326,6,0,39.2347941,-95.38289232,20087.0,1711.9151394213095,1.8404907975460123,320,300,6,0,294,300,18975,26,0,0,26,0
2020-11-03,US,Kansas,Jewell,31,1,0,39.78470589,-98.21820662,20089.0,1076.7627648489058,3.2258064516129035,30,31,1,0,30,29,2841,0,0,0,0,2
2020-11-03,US,Kansas,Johnson,15414,219,0,38.88548175,-94.82250877,20091.0,2558.7606926283324,1.4207862981704944,15195,15218,213,0,15005,15049,597555,196,6,0,190,169
2020-11-03,US,Kansas,Kearny,159,6,0,38.00017981,-101.32168100000001,20093.0,4142.782699322564,3.7735849056603774,153,159,6,0,153,159,3943,0,0,0,0,0
2020-11-03,US,Kansas,Kingman,144,3,0,37.55909527,-98.13638678,20095.0,2013.4228187919464,2.083333333333333,141,144,3,0,141,136,7310,0,0,0,0,8
2020-11-03,US,Kansas,Kiowa,69,0,0,37.55848695,-99.2856537,20097.0,2787.878787878788,0.0,69,69,0,0,69,69,2516,0,0,0,0,0
2020-11-03,US,Kansas,Labette,432,6,0,37.19113093,-95.29849679,20099.0,2202.059333265369,1.3888888888888888,426,418,6,0,412,412,19964,14,0,0,14,6
2020-11-03,US,Kansas,Lane,33,0,0,38.48119447,-100.46607540000001,20101.0,2149.8371335504885,0.0,33,33,0,0,33,27,1560,0,0,0,0,6
2020-11-03,US,Kansas,Leavenworth,2651,20,0,39.20183497,-95.03620809,20103.0,3242.496147166027,0.7544322897019993,2631,2651,20,0,2631,2603,81352,0,0,0,0,48
2020-11-03,US,Kansas,Lincoln,23,1,0,39.04549684,-98.20756994,20105.0,776.5023632680621,4.3478260869565215,22,23,1,0,22,23,3023,0,0,0,0,0
2020-11-03,US,Kansas,Linn,127,1,0,38.21267844,-94.84254089,20107.0,1308.8735442646605,0.7874015748031497,126,127,1,0,126,117,9750,0,0,0,0,10
2020-11-03,US,Kansas,Logan,68,0,0,38.91735806,-101.148475,20109.0,2433.78668575519,0.0,68,68,0,0,68,68,2844,0,0,0,0,0
2020-11-03,US,Kansas,Lyon,1442,41,0,38.45576156,-96.15275715,20111.0,4344.0277150173215,2.8432732316227463,1401,1424,41,0,1383,1377,33406,18,0,0,18,47
2020-11-03,US,Kansas,Marion,154,1,0,38.35855394,-97.09852509999999,20115.0,1295.8599798047794,0.6493506493506493,153,154,1,0,153,130,11950,0,0,0,0,24
2020-11-03,US,Kansas,Marshall,81,0,0,39.78359669,-96.52278974,20117.0,834.4493664365923,0.0,81,81,0,0,81,77,9722,0,0,0,0,4
2020-11-03,US,Kansas,McPherson,539,7,0,38.39184858,-97.64769869,20113.0,1888.4450984514046,1.2987012987012987,532,472,7,0,465,472,28537,67,0,0,67,0
2020-11-03,US,Kansas,Meade,146,1,0,37.23859987,-100.36483100000001,20119.0,3620.133895363253,0.6849315068493149,145,146,1,0,145,146,4146,0,0,0,0,0
2020-11-03,US,Kansas,Miami,564,2,0,38.56383358,-94.83832189,20121.0,1647.340596430762,0.3546099290780142,562,564,2,0,562,563,33680,0,0,0,0,1
2020-11-03,US,Kansas,Mitchell,69,0,0,39.39331582,-98.20906732,20123.0,1154.039136979428,0.0,69,69,0,0,69,63,6150,0,0,0,0,6
2020-11-03,US,Kansas,Montgomery,706,6,0,37.19236568,-95.74329258,20125.0,2218.102987841277,0.8498583569405099,700,706,6,0,700,706,32120,0,0,0,0,0
2020-11-03,US,Kansas,Morris,76,0,0,38.68827511,-96.65128437,20127.0,1352.3131672597865,0.0,76,76,0,0,76,65,5521,0,0,0,0,11
2020-11-03,US,Kansas,Morton,56,2,0,37.19141121,-101.79925190000002,20129.0,2164.6695013529184,3.571428571428572,54,56,2,0,54,56,2667,0,0,0,0,0
2020-11-03,US,Kansas,Nemaha,418,4,0,39.78345387,-96.01392079,20131.0,4085.622128824162,0.9569377990430622,414,315,2,0,313,315,10155,103,2,0,101,0
2020-11-03,US,Kansas,Neosho,319,0,0,37.55862897,-95.30670046,20133.0,1992.8781158243269,0.0,319,274,0,0,274,274,15951,45,0,0,45,0
2020-11-03,US,Kansas,Ness,148,9,0,38.47974157,-99.91547333,20135.0,5381.818181818182,6.081081081081082,139,148,9,0,139,148,2840,0,0,0,0,0
2020-11-03,US,Kansas,Norton,778,18,0,39.78443827,-99.90286639,20137.0,14512.21786980041,2.3136246786632397,760,778,18,0,760,715,5430,0,0,0,0,63
2020-11-03,US,Kansas,Osage,175,4,0,38.65235984,-95.72707998,20139.0,1097.2474763308044,2.2857142857142856,171,175,4,0,171,166,15941,0,0,0,0,9
2020-11-03,US,Kansas,Osborne,26,0,0,39.3503437,-98.76753828,20141.0,760.0116924875767,0.0,26,26,0,0,26,24,3475,0,0,0,0,2
2020-11-03,US,Kansas,Ottawa,124,0,0,39.13237408,-97.65020313,20143.0,2173.913043478261,0.0,124,124,0,0,124,119,5802,0,0,0,0,5
2020-11-03,US,Kansas,Pawnee,431,1,0,38.18108732,-99.23692334,20145.0,6719.675709385719,0.2320185614849188,430,431,1,0,430,431,6562,0,0,0,0,0
2020-11-03,US,Kansas,Phillips,223,9,0,39.78465501,-99.34668865,20147.0,4260.603744745892,4.035874439461884,214,215,9,0,206,209,5317,8,0,0,8,6
2020-11-03,US,Kansas,Pottawatomie,413,0,0,39.37925655,-96.34564657,20149.0,1693.803059508674,0.0,413,413,0,0,413,382,24277,0,0,0,0,31
2020-11-03,US,Kansas,Pratt,205,0,0,37.64780729,-98.73922153,20151.0,2237.01440419031,0.0,205,205,0,0,205,192,9378,0,0,0,0,13
2020-11-03,US,Kansas,Rawlins,101,0,0,39.78525843,-101.07616170000001,20153.0,3992.0948616600785,0.0,101,101,0,0,101,96,2508,0,0,0,0,5
2020-11-03,US,Kansas,Reno,2394,18,0,37.95230263,-98.08607292,20155.0,3861.414884351108,0.7518796992481203,2376,2370,18,0,2352,2308,62342,24,0,0,24,62
2020-11-03,US,Kansas,Republic,89,1,0,39.82799632,-97.65036709,20157.0,1919.758412424504,1.1235955056179776,88,89,1,0,88,86,4664,0,0,0,0,3
2020-11-03,US,Kansas,Rice,172,1,0,38.34616184,-98.19992118,20159.0,1803.5021495229107,0.5813953488372093,171,172,1,0,171,156,9531,0,0,0,0,16
2020-11-03,US,Kansas,Riley,2263,11,0,39.28935726,-96.73420026,20161.0,3048.5504903545643,0.486080424215643,2252,2263,11,0,2252,2226,73703,0,0,0,0,37
2020-11-03,US,Kansas,Rooks,170,7,0,39.35022773,-99.32484567,20163.0,3455.284552845529,4.117647058823529,163,170,7,0,163,163,5013,0,0,0,0,7
2020-11-03,US,Kansas,Rush,98,0,0,38.52275276,-99.30863983,20165.0,3227.931488801054,0.0,98,98,0,0,98,98,3093,0,0,0,0,0
2020-11-03,US,Kansas,Russell,225,5,0,38.91462787,-98.76254297,20167.0,3281.7969661610273,2.2222222222222223,220,225,5,0,220,210,6907,0,0,0,0,15
2020-11-03,US,Kansas,Saline,1230,13,0,38.78369175,-97.65185177,20169.0,2268.368250221304,1.0569105691056908,1217,1230,13,0,1217,1171,54401,0,0,0,0,59
2020-11-03,US,Kansas,Scott,197,1,0,38.48222076,-100.90665390000001,20171.0,4084.5946506323867,0.5076142131979695,196,187,1,0,186,187,4897,10,0,0,10,0
2020-11-03,US,Kansas,Sedgwick,12840,133,0,37.6842718,-97.4608198,20173.0,2488.169567593336,1.0358255451713396,12707,12695,133,0,12562,12379,513607,145,0,0,145,316
2020-11-03,US,Kansas,Seward,2239,13,0,37.19324632,-100.85072009999999,20175.0,10448.945305208139,0.5806163465832961,2226,2201,13,0,2188,2201,21780,38,0,0,38,0
2020-11-03,US,Kansas,Shawnee,3870,85,0,39.04100763,-95.75572640000001,20177.0,2187.9858657243813,2.1963824289405687,3785,3804,84,0,3720,3647,177499,66,1,0,65,157
2020-11-03,US,Kansas,Sheridan,193,0,0,39.35018161,-100.44182590000001,20179.0,7655.692185640619,0.0,193,193,0,0,193,185,2533,0,0,0,0,8
2020-11-03,US,Kansas,Sherman,261,6,0,39.35147699,-101.71976240000001,20181.0,4411.019097515633,2.2988505747126435,255,260,6,0,254,239,5899,1,0,0,1,21
2020-11-03,US,Kansas,Smith,33,0,0,39.78516566,-98.78566062,20183.0,921.0159084566006,0.0,33,33,0,0,33,24,3603,0,0,0,0,9
2020-11-03,US,Kansas,Stafford,96,1,0,38.03100851,-98.71762001,20185.0,2309.913378248316,1.0416666666666667,95,96,1,0,95,93,4178,0,0,0,0,3
2020-11-03,US,Kansas,Stanton,53,2,0,37.56304714,-101.78435340000001,20187.0,2642.073778664008,3.7735849056603774,51,53,2,0,51,52,1987,0,0,0,0,1
2020-11-03,US,Kansas,Stevens,255,1,0,37.1923008,-101.3118967,20189.0,4649.042844120329,0.392156862745098,254,255,1,0,254,245,5559,0,0,0,0,10
2020-11-03,US,Kansas,Sumner,341,4,0,37.23682549,-97.47721621,20191.0,1493.2562620423892,1.1730205278592376,337,341,3,0,338,311,22996,0,1,0,-1,30
2020-11-03,US,Kansas,Thomas,412,2,0,39.35107575,-101.0553705,20193.0,5297.672624405298,0.4854368932038835,410,402,2,0,400,363,7711,10,0,0,10,39
2020-11-03,US,Kansas,Trego,117,3,0,38.91467218,-99.87284448,20195.0,4174.099179450589,2.5641025641025643,114,117,3,0,114,113,2793,0,0,0,0,4
2020-11-03,US,Kansas,Wabaunsee,93,1,0,38.95471985,-96.20350509,20197.0,1341.7977203866685,1.075268817204301,92,93,1,0,92,84,6899,0,0,0,0,9
2020-11-03,US,Kansas,Wallace,78,0,0,38.91686134,-101.76388759999999,20199.0,5138.339920948617,0.0,78,70,0,0,70,70,1503,8,0,0,8,0
2020-11-03,US,Kansas,Washington,57,0,0,39.78420784,-97.08753229999999,20201.0,1054.3840177580466,0.0,57,57,0,0,57,39,5420,0,0,0,0,18
2020-11-03,US,Kansas,Wichita,46,0,0,38.48178252,-101.3471509,20203.0,2170.8352996696553,0.0,46,46,0,0,46,44,2105,0,0,0,0,2
2020-11-03,US,Kansas,Wilson,127,3,0,37.55937174,-95.74323255,20205.0,1489.7360703812315,2.3622047244094486,124,127,3,0,124,122,8665,0,0,0,0,5
2020-11-03,US,Kansas,Woodson,27,0,0,37.8865336,-95.74006277,20207.0,860.4206500956022,0.0,27,27,0,0,27,27,3183,0,0,0,0,0
2020-11-03,US,Kansas,Wyandotte,8612,165,0,39.11727348,-94.76378225,20209.0,5205.858706756373,1.9159312587087785,8447,8580,165,0,8415,8564,165324,32,0,0,32,16
2020-11-03,US,Kentucky,Adair,525,22,0,37.10459774,-85.28129668,21001.0,2734.090198937611,4.190476190476192,503,520,22,0,498,517,19215,5,0,0,5,3
2020-11-03,US,Kentucky,Allen,576,11,0,36.75197631,-86.19457544,21003.0,2702.322308233638,1.9097222222222223,565,569,11,0,558,566,21122,7,0,0,7,3
2020-11-03,US,Kentucky,Anderson,287,1,0,38.00671029,-84.99171713,21005.0,1261.7048401987074,0.3484320557491289,286,280,1,0,279,280,22663,7,0,0,7,0
2020-11-03,US,Kentucky,Ballard,86,1,0,37.05842757,-88.99427697,21007.0,1090.26369168357,1.162790697674419,85,82,1,0,81,81,7979,4,0,0,4,1
2020-11-03,US,Kentucky,Barren,1381,13,0,36.96469836,-85.93338945,21009.0,3120.974485299103,0.9413468501086171,1368,1364,13,0,1351,1358,44176,17,0,0,17,6
2020-11-03,US,Kentucky,Bath,145,1,0,38.14735938,-83.74588932,21011.0,1160.0,0.6896551724137931,144,142,1,0,141,138,12383,3,0,0,3,4
2020-11-03,US,Kentucky,Bell,845,17,0,36.73355174,-83.67766671,21013.0,3246.0049170252,2.0118343195266277,828,834,17,0,817,825,26569,11,0,0,11,9
2020-11-03,US,Kentucky,Boone,2417,25,0,38.97065142,-84.72615357,21015.0,1809.3890598213816,1.034340091021928,2392,2362,25,0,2337,2338,131533,55,0,0,55,24
2020-11-03,US,Kentucky,Bourbon,340,1,0,38.2054607,-84.21827874,21017.0,1718.2130584192441,0.29411764705882354,339,338,1,0,337,335,20184,2,0,0,2,3
2020-11-03,US,Kentucky,Boyd,767,22,0,38.36176608,-82.68652187,21019.0,1641.7654865362388,2.86831812255541,745,749,22,0,727,743,47240,18,0,0,18,6
2020-11-03,US,Kentucky,Boyle,501,0,0,37.62680923,-84.8633779,21021.0,1666.666666666667,0.0,501,501,0,0,501,491,30100,0,0,0,0,10
2020-11-03,US,Kentucky,Bracken,75,1,0,38.69158994,-84.08532444,21023.0,903.2879682042636,1.3333333333333333,74,75,1,0,74,75,8239,0,0,0,0,0
2020-11-03,US,Kentucky,Breathitt,161,1,0,37.52333168,-83.31959161,21025.0,1274.7426761678544,0.6211180124223602,160,159,1,0,158,153,12726,2,0,0,2,6
2020-11-03,US,Kentucky,Breckinridge,240,2,0,37.77377239,-86.42885017,21027.0,1172.0466865263465,0.8333333333333334,238,221,2,0,219,219,20388,19,0,0,19,2
2020-11-03,US,Kentucky,Bullitt,1678,15,0,37.97162523,-85.68955617,21029.0,2054.459082227337,0.8939213349225268,1663,1647,15,0,1632,1617,81069,31,0,0,31,30
2020-11-03,US,Kentucky,Butler,441,16,0,37.20946153,-86.68748787,21031.0,3424.1788958770094,3.6281179138322,425,438,16,0,422,439,12772,3,0,0,3,-1
2020-11-03,US,Kentucky,Caldwell,323,0,0,37.14749129,-87.86948214,21033.0,2533.929552051463,0.0,323,308,0,0,308,306,12715,15,0,0,15,2
2020-11-03,US,Kentucky,Calloway,1097,10,0,36.62093411,-88.2731593,21035.0,2812.7483910668957,0.911577028258888,1087,1093,10,0,1083,1075,39135,4,0,0,4,18
2020-11-03,US,Kentucky,Campbell,1476,16,0,38.94384345,-84.37875208,21037.0,1577.1926825098305,1.084010840108401,1460,1437,16,0,1421,1420,93152,39,0,0,39,17
2020-11-03,US,Kentucky,Carlisle,112,1,0,36.85372876,-88.96692220000001,21039.0,2352.9411764705883,0.8928571428571429,111,111,1,0,110,111,4771,1,0,0,1,0
2020-11-03,US,Kentucky,Carroll,236,5,0,38.66599534,-85.12601074,21041.0,2219.9228670868215,2.1186440677966103,231,233,5,0,228,233,10737,3,0,0,3,0
2020-11-03,US,Kentucky,Carter,410,4,0,38.31690743,-83.05092385,21043.0,1530.0220173900063,0.975609756097561,406,409,4,0,405,396,27004,1,0,0,1,13
2020-11-03,US,Kentucky,Casey,329,16,0,37.32533118,-84.92726209,21045.0,2036.017080264868,4.863221884498481,313,328,16,0,312,326,15888,1,0,0,1,2
2020-11-03,US,Kentucky,Christian,2051,29,0,36.89267803,-87.49055367,21047.0,2910.8301045968688,1.4139444173573867,2022,2032,29,0,2003,2025,71671,19,0,0,19,7
2020-11-03,US,Kentucky,Clark,580,12,0,37.9689263,-84.14615986,21049.0,1599.4264125968618,2.0689655172413794,568,571,12,0,559,565,36249,9,0,0,9,6
2020-11-03,US,Kentucky,Clay,649,6,0,37.16451126,-83.712575,21051.0,3261.142656147933,0.9244992295839752,643,642,6,0,636,637,20105,7,0,0,7,5
2020-11-03,US,Kentucky,Clinton,256,3,0,36.72581156,-85.13377529,21053.0,2505.3826580544132,1.171875,253,253,3,0,250,251,10206,3,0,0,3,2
2020-11-03,US,Kentucky,Crittenden,176,1,0,37.35839237,-88.08826090000002,21055.0,1998.6372927549398,0.5681818181818182,175,173,1,0,172,173,8915,3,0,0,3,0
2020-11-03,US,Kentucky,Cumberland,155,0,0,36.78926125,-85.39050034,21057.0,2343.5137586936803,0.0,155,154,0,0,154,153,6659,1,0,0,1,1
2020-11-03,US,Kentucky,Daviess,2164,32,0,37.73028906,-87.09019479999998,21059.0,2131.7886731487233,1.478743068391867,2132,2131,32,0,2099,2111,101104,33,0,0,33,20
2020-11-03,US,Kentucky,Edmonson,192,12,0,37.21218923,-86.23955613,21061.0,1580.2469135802469,6.25,180,192,12,0,180,192,12274,0,0,0,0,0
2020-11-03,US,Kentucky,Elliott,342,0,0,38.11624059,-83.09771563,21063.0,4549.687375282692,0.0,342,340,0,0,340,340,7508,2,0,0,2,0
2020-11-03,US,Kentucky,Estill,313,0,0,37.69241417,-83.95956369,21065.0,2218.913937331632,0.0,313,311,0,0,311,306,14198,2,0,0,2,5
2020-11-03,US,Kentucky,Fayette,11616,93,0,38.0368225,-84.45576892,21067.0,3594.5932564242216,0.8006198347107438,11523,11515,93,0,11422,11369,323780,101,0,0,101,146
2020-11-03,US,Kentucky,Fleming,206,0,0,38.36758311,-83.69657514,21069.0,1412.7974761676153,0.0,206,203,0,0,203,200,14432,3,0,0,3,3
2020-11-03,US,Kentucky,Floyd,520,4,0,37.56213922,-82.74750924,21071.0,1461.125628705499,0.7692307692307693,516,497,4,0,493,475,35845,23,0,0,23,22
2020-11-03,US,Kentucky,Franklin,926,14,0,38.2379395,-84.87962551,21073.0,1816.0067462885609,1.5118790496760257,912,913,14,0,899,906,50815,13,0,0,13,7
2020-11-03,US,Kentucky,Fulton,240,3,0,36.55238827,-89.20140068,21075.0,4020.7739989948063,1.25,237,239,3,0,236,239,6120,1,0,0,1,0
2020-11-03,US,Kentucky,Gallatin,133,8,0,38.75398691,-84.8558382,21077.0,1499.605367008682,6.015037593984963,125,132,8,0,124,131,8832,1,0,0,1,1
2020-11-03,US,Kentucky,Garrard,372,4,0,37.638866799999995,-84.53289319,21079.0,2105.7398392392165,1.075268817204301,368,370,4,0,366,370,17560,2,0,0,2,0
2020-11-03,US,Kentucky,Grant,299,6,0,38.64962758,-84.62415957,21081.0,1192.7081255734174,2.0066889632107023,293,291,6,0,285,288,25121,8,0,0,8,3
2020-11-03,US,Kentucky,Graves,970,30,0,36.72292505,-88.65143315,21083.0,2602.908817689047,3.0927835051546397,940,959,30,0,929,948,37317,11,0,0,11,11
2020-11-03,US,Kentucky,Grayson,570,16,0,37.46231118,-86.34248968,21085.0,2156.8850039732088,2.8070175438596485,554,566,16,0,550,560,26321,4,0,0,4,6
2020-11-03,US,Kentucky,Green,346,8,0,37.26484328,-85.5540745,21087.0,3162.416598117174,2.3121387283237,338,346,8,0,338,344,11049,0,0,0,0,2
2020-11-03,US,Kentucky,Greenup,701,12,0,38.54332505,-82.9215658,21089.0,1997.264801413186,1.7118402282453635,689,684,12,0,672,679,35268,17,0,0,17,5
2020-11-03,US,Kentucky,Hancock,169,3,0,37.83766422,-86.78280584,21091.0,1937.6289841779408,1.7751479289940828,166,168,3,0,165,167,8758,1,0,0,1,1
2020-11-03,US,Kentucky,Hardin,2368,15,0,37.6976111,-85.96319251,21093.0,2134.1408460859066,0.6334459459459459,2353,2329,14,0,2315,2304,110356,39,1,0,38,25
2020-11-03,US,Kentucky,Harlan,646,14,0,36.85699301,-83.21899516,21095.0,2483.6601307189544,2.1671826625387,632,634,14,0,620,625,26409,12,0,0,12,9
2020-11-03,US,Kentucky,Harrison,293,1,0,38.44188174,-84.32869741,21097.0,1551.4137456316848,0.3412969283276451,292,288,1,0,287,286,18778,5,0,0,5,2
2020-11-03,US,Kentucky,Hart,502,1,0,37.29943898,-85.88461055,21099.0,2637.247176254269,0.199203187250996,501,494,1,0,493,484,18906,8,0,0,8,10
2020-11-03,US,Kentucky,Henderson,1431,29,0,37.79344553,-87.57392021,21101.0,3165.228931652289,2.026554856743536,1402,1409,29,0,1380,1405,45591,22,0,0,22,4
2020-11-03,US,Kentucky,Henry,324,2,0,38.44942688,-85.11587507,21103.0,2009.1777254123776,0.6172839506172839,322,320,2,0,318,317,16106,4,0,0,4,3
2020-11-03,US,Kentucky,Hickman,126,1,0,36.67948079999999,-88.97875928,21105.0,2876.7123287671234,0.7936507936507936,125,127,1,0,126,125,4421,-1,0,0,-1,2
2020-11-03,US,Kentucky,Hopkins,1157,43,0,37.30939025,-87.54670406,21107.0,2589.1778185561475,3.7165082108902334,1114,1138,43,0,1095,1119,45068,19,0,0,19,19
2020-11-03,US,Kentucky,Jackson,520,17,0,37.41866422,-83.99825483,21109.0,3901.267912071423,3.2692307692307687,503,510,17,0,493,500,13442,10,0,0,10,10
2020-11-03,US,Kentucky,Jefferson,24490,373,0,38.18664655,-85.65931031,21111.0,3193.971492924094,1.5230706410779908,24117,24095,368,0,23727,23898,770517,395,5,0,390,197
2020-11-03,US,Kentucky,Jessamine,1083,15,0,37.87119786,-84.58252003,21113.0,2001.2935415319225,1.3850415512465375,1068,1067,15,0,1052,1059,53920,16,0,0,16,8
2020-11-03,US,Kentucky,Johnson,428,2,0,37.85106355,-82.8264322,21115.0,1928.9706147467105,0.4672897196261682,426,420,2,0,418,417,22386,8,0,0,8,3
2020-11-03,US,Kentucky,Kenton,3085,51,0,38.93950319,-84.53241199,21117.0,1847.327512904346,1.653160453808752,3034,3035,51,0,2984,3006,166051,50,0,0,50,29
2020-11-03,US,Kentucky,Knott,381,6,0,37.35388197,-82.94981134,21119.0,2573.281102255842,1.5748031496062993,375,377,6,0,371,377,15126,4,0,0,4,0
2020-11-03,US,Kentucky,Knox,937,10,0,36.89225732,-83.85403396,21121.0,3008.508588858565,1.0672358591248663,927,918,10,0,908,915,31304,19,0,0,19,3
2020-11-03,US,Kentucky,Larue,333,1,0,37.54567114,-85.70138352,21123.0,2312.8212251701625,0.3003003003003003,332,331,1,0,330,322,14307,2,0,0,2,9
2020-11-03,US,Kentucky,Laurel,1633,8,0,37.10975748,-84.11321779,21125.0,2685.281107657902,0.4898958971218616,1625,1568,8,0,1560,1564,60669,65,0,0,65,4
2020-11-03,US,Kentucky,Lawrence,178,0,0,38.07136018,-82.72882223,21127.0,1162.1074622967944,0.0,178,175,0,0,175,175,15571,3,0,0,3,0
2020-11-03,US,Kentucky,Lee,189,7,0,37.59645942,-83.71513901,21129.0,2553.019046332568,3.703703703703704,182,189,7,0,182,189,7033,0,0,0,0,0
2020-11-03,US,Kentucky,Leslie,149,1,0,37.09246661,-83.37999606,21131.0,1508.555229320644,0.6711409395973155,148,144,1,0,143,139,10143,5,0,0,5,5
2020-11-03,US,Kentucky,Letcher,329,2,0,37.12306748,-82.85346474,21133.0,1526.4696329977264,0.6079027355623101,327,330,2,0,328,323,21899,-1,0,0,-1,7
2020-11-03,US,Kentucky,Lewis,340,17,0,38.53184419,-83.37735618,21135.0,2561.20527306968,5.0,323,340,17,0,323,330,13257,0,0,0,0,10
2020-11-03,US,Kentucky,Lincoln,373,19,0,37.45475628,-84.6565327,21137.0,1519.41015927329,5.093833780160859,354,365,19,0,346,360,24644,8,0,0,8,5
2020-11-03,US,Kentucky,Livingston,141,1,0,37.21137452,-88.34797529,21139.0,1533.6088753534916,0.7092198581560284,140,137,1,0,136,137,9242,4,0,0,4,0
2020-11-03,US,Kentucky,Logan,847,31,0,36.85949479,-86.877635,21141.0,3125.2306102870643,3.6599763872491136,816,843,31,0,812,841,26989,4,0,0,4,2
2020-11-03,US,Kentucky,Lyon,123,4,0,37.02080035,-88.07886257,21143.0,1498.1729598051154,3.2520325203252027,119,122,4,0,118,122,8009,1,0,0,1,0
2020-11-03,US,Kentucky,Madison,2500,14,0,37.71659336,-84.27220275,21151.0,2688.5478615290313,0.56,2486,2462,14,0,2448,2451,92368,38,0,0,38,11
2020-11-03,US,Kentucky,Magoffin,221,0,0,37.70820545,-83.0657714,21153.0,1817.2847627662202,0.0,221,204,0,0,204,203,12362,17,0,0,17,1
2020-11-03,US,Kentucky,Marion,552,10,0,37.55218078,-85.26898542,21155.0,2864.110413531884,1.8115942028985508,542,542,10,0,532,538,19404,10,0,0,10,4
2020-11-03,US,Kentucky,Marshall,549,7,0,36.88007070000001,-88.32803576,21157.0,1765.2733118971066,1.275045537340619,542,540,7,0,533,532,31191,9,0,0,9,8
2020-11-03,US,Kentucky,Martin,245,3,0,37.79990579,-82.51247478,21159.0,2188.476998660116,1.2244897959183674,242,236,3,0,233,235,11323,9,0,0,9,1
2020-11-03,US,Kentucky,Mason,201,2,0,38.59471935,-83.82151043,21161.0,1177.5043936731108,0.9950248756218906,199,194,2,0,192,192,17150,7,0,0,7,2
2020-11-03,US,Kentucky,McCracken,1346,12,0,37.05350953,-88.70445755,21145.0,2057.5376807606467,0.8915304606240714,1334,1328,12,0,1316,1299,65346,18,0,0,18,29
2020-11-03,US,Kentucky,McCreary,278,1,0,36.73874143,-84.48102924,21147.0,1613.3712494921942,0.3597122302158273,277,273,1,0,272,266,17408,5,0,0,5,7
2020-11-03,US,Kentucky,McLean,226,4,0,37.5301951,-87.26803443,21149.0,2454.6540675572933,1.7699115044247788,222,224,4,0,220,224,9252,2,0,0,2,0
2020-11-03,US,Kentucky,Meade,427,4,0,37.96163597,-86.21028219,21163.0,1494.470110597788,0.936768149882904,423,423,4,0,419,422,28715,4,0,0,4,1
2020-11-03,US,Kentucky,Menifee,96,1,0,37.94090733,-83.59985712,21165.0,1479.4267221451687,1.0416666666666667,95,94,1,0,93,92,6451,2,0,0,2,2
2020-11-03,US,Kentucky,Mercer,403,6,0,37.81474237,-84.87488475,21167.0,1837.413942461132,1.488833746898263,397,398,6,0,392,387,21774,5,0,0,5,11
2020-11-03,US,Kentucky,Metcalfe,220,2,0,36.99459295,-85.63123699,21169.0,2184.4901201469565,0.9090909090909092,218,215,2,0,213,212,10030,5,0,0,5,3
2020-11-03,US,Kentucky,Monroe,373,5,0,36.71225341,-85.71596443,21171.0,3502.347417840376,1.3404825737265416,368,356,4,0,352,352,10718,17,1,0,16,4
2020-11-03,US,Kentucky,Montgomery,595,7,0,38.03253032,-83.9145241,21173.0,2113.1512590119687,1.1764705882352942,588,577,6,0,571,571,28203,18,1,0,17,6
2020-11-03,US,Kentucky,Morgan,159,0,0,37.92465657,-83.25558245,21175.0,1194.680291532046,0.0,159,153,0,0,153,152,13345,6,0,0,6,1
2020-11-03,US,Kentucky,Muhlenberg,1004,16,0,37.21425819,-87.14632053,21177.0,3278.688524590164,1.593625498007968,988,997,14,0,983,995,30774,7,2,0,5,2
2020-11-03,US,Kentucky,Nelson,1129,4,0,37.80335779,-85.4657193,21179.0,2441.978673242057,0.354295837023915,1125,1107,4,0,1103,1100,45851,22,0,0,22,7
2020-11-03,US,Kentucky,Nicholas,123,3,0,38.33342292,-84.01889177,21181.0,1692.117210070161,2.4390243902439024,120,121,3,0,118,120,7166,2,0,0,2,1
2020-11-03,US,Kentucky,Ohio,639,11,0,37.47751843,-86.85368087,21183.0,2663.165791447862,1.7214397496087637,628,635,10,0,625,631,24087,4,1,0,3,4
2020-11-03,US,Kentucky,Oldham,1536,26,0,38.39791089,-85.448222,21185.0,2299.435620293717,1.6927083333333333,1510,1520,26,0,1494,1511,66470,16,0,0,16,9
2020-11-03,US,Kentucky,Owen,130,3,0,38.51679143,-84.82404619,21187.0,1192.5511420970556,2.3076923076923075,127,129,3,0,126,129,10880,1,0,0,1,0
2020-11-03,US,Kentucky,Owsley,103,1,0,37.42823949,-83.68811419,21189.0,2332.955832389581,0.9708737864077671,102,102,1,0,101,102,4472,1,0,0,1,0
2020-11-03,US,Kentucky,Pendleton,145,0,0,38.69607718,-84.35599463,21191.0,993.8313913639481,0.0,145,141,0,0,141,142,14529,4,0,0,4,-1
2020-11-03,US,Kentucky,Perry,594,9,0,37.25023553,-83.22922731,21193.0,2306.079664570231,1.5151515151515151,585,586,9,0,577,578,26092,8,0,0,8,8
2020-11-03,US,Kentucky,Pike,1081,5,0,37.47088263,-82.39487445,21195.0,1867.7863017485654,0.4625346901017576,1076,1044,5,0,1039,1033,58402,37,0,0,37,11
2020-11-03,US,Kentucky,Powell,165,0,0,37.83218794,-83.82553961,21197.0,1335.0594708309736,0.0,165,164,0,0,164,163,12442,1,0,0,1,1
2020-11-03,US,Kentucky,Pulaski,1038,13,0,37.10466131,-84.57629079,21199.0,1597.439172655781,1.2524084778420042,1025,1028,13,0,1015,1023,64623,10,0,0,10,5
2020-11-03,US,Kentucky,Robertson,40,1,0,38.51923469,-84.05055616,21201.0,1897.5332068311193,2.5,39,39,1,0,38,39,2135,1,0,0,1,0
2020-11-03,US,Kentucky,Rockcastle,389,2,0,37.36642393,-84.31176452,21203.0,2330.0389338125187,0.5141388174807198,387,379,2,0,377,377,16750,10,0,0,10,2
2020-11-03,US,Kentucky,Rowan,412,2,0,38.19484205,-83.42088935,21205.0,1684.382665576451,0.4854368932038835,410,390,2,0,388,386,24583,22,0,0,22,4
2020-11-03,US,Kentucky,Russell,407,7,0,36.99308373,-85.06070117,21207.0,2270.825196674664,1.71990171990172,400,406,7,0,399,406,17821,1,0,0,1,0
2020-11-03,US,Kentucky,Scott,1230,20,0,38.29622293,-84.5816631,21209.0,2157.743316258508,1.6260162601626016,1210,1219,20,0,1199,1214,56031,11,0,0,11,5
2020-11-03,US,Kentucky,Shelby,1576,25,0,38.21476019,-85.194223,21211.0,3214.7519582245427,1.5862944162436547,1551,1570,25,0,1545,1559,48518,6,0,0,6,11
2020-11-03,US,Kentucky,Simpson,383,8,0,36.74058474,-86.58047435,21213.0,2062.244238638811,2.0887728459530033,375,377,8,0,369,376,18529,6,0,0,6,1
2020-11-03,US,Kentucky,Spencer,347,1,0,38.03223971,-85.32749335,21215.0,1793.1889824815255,0.2881844380403458,346,341,1,0,340,339,18794,6,0,0,6,2
2020-11-03,US,Kentucky,Taylor,545,7,0,37.3677562,-85.3329931,21217.0,2114.9443129341457,1.2844036697247707,538,535,7,0,528,530,25549,10,0,0,10,5
2020-11-03,US,Kentucky,Todd,309,12,0,36.8381152,-87.17878374,21219.0,2513.421181063933,3.8834951456310685,297,307,12,0,295,305,12311,2,0,0,2,2
2020-11-03,US,Kentucky,Trigg,271,0,0,36.80767017,-87.87333656,21221.0,1849.7030919391168,0.0,271,262,0,0,262,261,14643,9,0,0,9,1
2020-11-03,US,Kentucky,Trimble,105,0,0,38.61056487,-85.33775972,21223.0,1239.5230787392281,0.0,105,103,0,0,103,102,8515,2,0,0,2,1
2020-11-03,US,Kentucky,Union,532,6,0,37.66166713,-87.94300009,21225.0,3699.3254989221887,1.1278195488721805,526,530,6,0,524,529,14505,2,0,0,2,1
2020-11-03,US,Kentucky,Warren,5551,58,0,36.99903045,-86.42672751,21227.0,4176.950397303154,1.0448567825617006,5493,5489,58,0,5431,5456,131264,62,0,0,62,33
2020-11-03,US,Kentucky,Washington,282,2,0,37.75599461,-85.17407732,21229.0,2331.5419594873915,0.7092198581560284,280,276,2,0,274,274,12084,6,0,0,6,2
2020-11-03,US,Kentucky,Wayne,310,2,0,36.80310688,-84.8251971,21231.0,1524.615157625535,0.6451612903225806,308,305,2,0,303,300,20468,5,0,0,5,5
2020-11-03,US,Kentucky,Webster,362,5,0,37.52168356,-87.67989953,21233.0,2797.0947303353423,1.3812154696132597,357,352,5,0,347,349,13111,10,0,0,10,3
2020-11-03,US,Kentucky,Whitley,936,8,0,36.75700531,-84.14541217,21235.0,2581.0721376571805,0.8547008547008547,928,903,8,0,895,882,36242,33,0,0,33,21
2020-11-03,US,Kentucky,Wolfe,82,0,0,37.73941626,-83.49303612,21237.0,1145.7314517255834,0.0,82,81,0,0,81,74,7177,1,0,0,1,7
2020-11-03,US,Kentucky,Woodford,432,0,0,38.04178222,-84.7417556,21239.0,1615.9198024986908,0.0,432,426,0,0,426,419,26533,6,0,0,6,7
2020-11-03,US,Louisiana,Acadia,3291,103,0,30.295064899999996,-92.41419698,22001.0,5304.21468289145,3.1297477970221816,3188,3183,102,0,3081,3182,62190,108,1,0,107,1
2020-11-03,US,Louisiana,Allen,1872,64,0,30.65385745,-92.82442028,22003.0,7304.795723260622,3.418803418803418,1808,1854,63,0,1791,1856,25605,18,1,0,17,-2
2020-11-03,US,Louisiana,Ascension,4338,100,0,30.20406249,-90.91328409999998,22005.0,3426.4320242646363,2.305209774089442,4238,4308,100,0,4208,4299,124672,30,0,0,30,9
2020-11-03,US,Louisiana,Assumption,814,24,0,29.89946234,-91.06461642,22007.0,3718.4230962496003,2.9484029484029484,790,808,24,0,784,813,22300,6,0,0,6,-5
2020-11-03,US,Louisiana,Avoyelles,1774,62,0,31.07796211,-92.00079449,22009.0,4419.091271422878,3.4949267192784665,1712,1756,62,0,1694,1757,40462,18,0,0,18,-1
2020-11-03,US,Louisiana,Beauregard,1092,41,0,30.64836518,-93.34173616,22011.0,2912.232978638291,3.7545787545787546,1051,1091,40,0,1051,1086,37253,1,1,0,0,5
2020-11-03,US,Louisiana,Bienville,633,35,0,32.34569994,-93.05398492,22013.0,4780.605694433955,5.529225908372828,598,628,35,0,593,623,13308,5,0,0,5,5
2020-11-03,US,Louisiana,Bossier,4446,123,0,32.67932307,-93.60460152,22015.0,3499.712686655279,2.7665317139001346,4323,4399,122,0,4277,4381,127185,47,1,0,46,18
2020-11-03,US,Louisiana,Caddo,10469,402,0,32.57991587,-93.88375652,22017.0,4358.378711428619,3.8399083006972967,10067,10370,396,0,9974,10350,242922,99,6,0,93,20
2020-11-03,US,Louisiana,Calcasieu,8544,230,0,30.22931235,-93.35400434,22019.0,4199.846634813897,2.691947565543072,8314,8531,230,0,8301,8530,203112,13,0,0,13,1
2020-11-03,US,Louisiana,Caldwell,384,3,0,32.0902519,-92.11752148,22021.0,3871.7483363581373,0.78125,381,381,3,0,378,376,9960,3,0,0,3,5
2020-11-03,US,Louisiana,Cameron,252,2,0,29.87592238,-93.19310676,22023.0,3613.939480854725,0.7936507936507936,250,245,2,0,243,240,6968,7,0,0,7,5
2020-11-03,US,Louisiana,Catahoula,466,15,0,31.66778967,-91.84526385,22025.0,4908.363176743206,3.218884120171674,451,465,15,0,450,464,9608,1,0,0,1,1
2020-11-03,US,Louisiana,Claiborne,621,26,0,32.82308512,-92.99526883,22027.0,3962.986598596043,4.186795491143316,595,614,26,0,588,607,15944,7,0,0,7,7
2020-11-03,US,Louisiana,Concordia,633,16,0,31.44817835,-91.63814433,22029.0,3286.7750142790387,2.527646129541864,617,614,16,0,598,613,19572,19,0,0,19,1
2020-11-03,US,Louisiana,De Soto,1054,35,0,32.05457447,-93.74130302,22031.0,3837.890980592069,3.3206831119544598,1019,1045,35,0,1010,1045,27436,9,0,0,9,0
2020-11-03,US,Louisiana,East Baton Rouge,16467,459,0,30.53842039,-91.09777565,22033.0,3741.998232055247,2.7873929677536893,16008,16314,459,0,15855,16289,440956,153,0,0,153,25
2020-11-03,US,Louisiana,East Carroll,594,6,0,32.73926954,-91.23425694,22035.0,8657.630083078271,1.0101010101010102,588,591,6,0,585,589,7037,3,0,0,3,2
2020-11-03,US,Louisiana,East Feliciana,1805,78,0,30.84425359,-91.04976723,22037.0,9432.976221583483,4.321329639889196,1727,1798,78,0,1720,1802,19305,7,0,0,7,-4
2020-11-03,US,Louisiana,Evangeline,1430,40,0,30.72985248,-92.39915924,22039.0,4282.078155412487,2.797202797202797,1390,1425,40,0,1385,1426,33443,5,0,0,5,-1
2020-11-03,US,Louisiana,Franklin,1379,47,0,32.13675181,-91.67589857,22041.0,6889.832625530852,3.4082668600435095,1332,1361,47,0,1314,1359,20156,18,0,0,18,2
2020-11-03,US,Louisiana,Grant,550,30,0,31.59882456,-92.56124347,22043.0,2456.5634910000445,5.454545454545454,520,543,30,0,513,545,22482,7,0,0,7,-2
2020-11-03,US,Louisiana,Iberia,3112,97,0,29.86803617,-91.75871777,22045.0,4456.537304883288,3.116966580976864,3015,3084,97,0,2987,3088,70941,28,0,0,28,-4
2020-11-03,US,Louisiana,Iberville,1506,61,0,30.25734305,-91.3499598,22047.0,4632.278305804191,4.050464807436919,1445,1496,61,0,1435,1497,32721,10,0,0,10,-1
2020-11-03,US,Louisiana,Jackson,879,24,0,32.30251776,-92.55692092,22049.0,5583.079268292683,2.7303754266211606,855,875,24,0,851,875,15902,4,0,0,4,0
2020-11-03,US,Louisiana,Jefferson,18934,589,0,29.74075478,-90.11115756,22051.0,4377.8743239774985,3.1108059575367064,18345,18884,589,0,18295,18866,434051,50,0,0,50,18
2020-11-03,US,Louisiana,Jefferson Davis,1370,44,0,30.26896765,-92.81210004,22053.0,4367.5082887018625,3.2116788321167884,1326,1366,44,0,1322,1357,31582,4,0,0,4,9
2020-11-03,US,Louisiana,LaSalle,529,10,0,31.67884782,-92.15907765,22059.0,3552.242814934193,1.8903591682419658,519,529,10,0,519,525,14917,0,0,0,0,4
2020-11-03,US,Louisiana,Lafayette,9600,140,0,30.2049055,-92.06959876,22055.0,3928.147632881869,1.4583333333333333,9460,9531,140,0,9391,9534,242782,69,0,0,69,-3
2020-11-03,US,Louisiana,Lafourche,3936,131,0,29.52470226,-90.40976986,22057.0,4032.2084946831396,3.328252032520325,3805,3930,131,0,3799,3925,98115,6,0,0,6,5
2020-11-03,US,Louisiana,Lincoln,1731,52,0,32.6003154,-92.66597409999999,22061.0,3703.3075178640197,3.0040439052570767,1679,1701,51,0,1650,1702,47196,30,1,0,29,-1
2020-11-03,US,Louisiana,Livingston,4295,80,0,30.44143993,-90.73061664,22063.0,3050.664469525318,1.8626309662398135,4215,4275,80,0,4195,4273,139567,20,0,0,20,2
2020-11-03,US,Louisiana,Madison,898,9,0,32.36918118,-91.23973355,22065.0,8200.164368550817,1.0022271714922049,889,896,9,0,887,896,11161,2,0,0,2,0
2020-11-03,US,Louisiana,Morehouse,912,28,0,32.81686191,-91.80421614,22067.0,3666.4790544343487,3.0701754385964914,884,902,28,0,874,900,25398,10,0,0,10,2
2020-11-03,US,Louisiana,Natchitoches,1536,32,0,31.72321584,-93.09816516,22069.0,4025.3682058808113,2.083333333333333,1504,1516,32,0,1484,1510,38659,20,0,0,20,6
2020-11-03,US,Louisiana,Orleans,13623,597,0,30.06971951,-89.92660315,22071.0,3491.7876476377946,4.3822946487557815,13026,13589,595,0,12994,13569,391006,34,2,0,32,20
2020-11-03,US,Louisiana,Ouachita,7224,168,0,32.47645559,-92.15704172,22073.0,4712.974380052062,2.3255813953488373,7056,7177,167,0,7010,7146,154475,47,1,0,46,31
2020-11-03,US,Louisiana,Plaquemines,909,19,0,29.42245447,-89.60322085,22075.0,3918.610165107557,2.09020902090209,890,903,19,0,884,904,23410,6,0,0,6,-1
2020-11-03,US,Louisiana,Pointe Coupee,1151,42,0,30.71409502,-91.60209535,22077.0,5296.824666359871,3.6490008688097317,1109,1148,42,0,1106,1144,21940,3,0,0,3,4
2020-11-03,US,Louisiana,Rapides,4828,161,0,31.19778499,-92.52997303,22079.0,3723.9294088609163,3.334714167357084,4667,4812,161,0,4651,4800,130562,16,0,0,16,12
2020-11-03,US,Louisiana,Red River,463,24,0,32.09530039,-93.34213308,22081.0,5484.482350153991,5.183585313174946,439,461,24,0,437,455,8477,2,0,0,2,6
2020-11-03,US,Louisiana,Richland,923,18,0,32.41391005,-91.76634876,22083.0,4587.019182983799,1.9501625135427951,905,918,18,0,900,911,20192,5,0,0,5,7
2020-11-03,US,Louisiana,Sabine,1035,15,0,31.56388699,-93.55433981,22085.0,4333.444984089767,1.4492753623188406,1020,1020,15,0,1005,1015,24032,15,0,0,15,5
2020-11-03,US,Louisiana,St. Bernard,1565,32,0,29.87761636,-89.51887093,22087.0,3312.58995851325,2.044728434504792,1533,1565,32,0,1533,1559,46721,0,0,0,0,6
2020-11-03,US,Louisiana,St. Charles,1975,64,0,29.90709658,-90.35555967,22089.0,3719.3973634651597,3.240506329113924,1911,1968,63,0,1905,1965,52879,7,1,0,6,3
2020-11-03,US,Louisiana,St. Helena,448,4,0,30.82210324,-90.71013176,22091.0,4421.634425582313,0.8928571428571429,444,440,4,0,436,442,10262,8,0,0,8,-2
2020-11-03,US,Louisiana,St. James,850,40,0,30.02531716,-90.80212061,22093.0,4029.199848312476,4.705882352941177,810,849,40,0,809,846,21037,1,0,0,1,3
2020-11-03,US,Louisiana,St. John the Baptist,1672,108,0,30.12597499,-90.4753503,22095.0,3903.1678222097717,6.45933014354067,1564,1661,107,0,1554,1663,43184,11,1,0,10,-2
2020-11-03,US,Louisiana,St. Landry,3745,137,0,30.59724262,-92.00135806,22097.0,4560.17729287419,3.658210947930574,3608,3704,136,0,3568,3702,82764,41,1,0,40,2
2020-11-03,US,Louisiana,St. Martin,2283,64,0,30.13112107,-91.61403569,22099.0,4272.800434204863,2.8033289531318446,2219,2271,64,0,2207,2259,53621,12,0,0,12,12
2020-11-03,US,Louisiana,St. Mary,2044,87,0,29.69262097,-91.44702164,22101.0,4142.011834319525,4.256360078277886,1957,2042,87,0,1955,2038,49774,2,0,0,2,4
2020-11-03,US,Louisiana,St. Tammany,7849,272,0,30.40942847,-89.95642711,22103.0,3013.9889946586077,3.4654096063192763,7577,7813,272,0,7541,7803,258111,36,0,0,36,10
2020-11-03,US,Louisiana,Tangipahoa,5091,127,0,30.62888673,-90.40664996,22105.0,3777.8833167604153,2.4945983107444514,4964,5080,127,0,4953,5079,133777,11,0,0,11,1
2020-11-03,US,Louisiana,Tensas,189,2,0,32.00760749,-91.32915234,22107.0,4360.867558837103,1.058201058201058,187,187,2,0,185,186,4462,2,0,0,2,1
2020-11-03,US,Louisiana,Terrebonne,3902,126,0,29.37343766,-90.82626855,22109.0,3532.4684730357317,3.229113275243465,3776,3900,126,0,3774,3894,111021,2,0,0,2,6
2020-11-03,US,Louisiana,Unassigned,306,214,0,0.0,0.0,90022.0,0.0,69.93464052287581,92,325,214,0,111,324,,-19,0,0,-19,1
2020-11-03,US,Louisiana,Union,1131,53,0,32.83121059,-92.3749373,22111.0,5115.795187262529,4.686118479221928,1078,1129,53,0,1076,1133,22330,2,0,0,2,-4
2020-11-03,US,Louisiana,Vermilion,2147,70,0,29.83517605,-92.30292538,22113.0,3607.736384870024,3.2603632976245924,2077,2141,70,0,2071,2134,59830,6,0,0,6,7
2020-11-03,US,Louisiana,Vernon,1136,56,0,31.10884837,-93.18153838,22115.0,2395.159079887833,4.929577464788731,1080,1133,56,0,1077,1133,48860,3,0,0,3,0
2020-11-03,US,Louisiana,Washington,1764,72,0,30.85288548,-90.03866652,22117.0,3818.677750357189,4.081632653061225,1692,1759,72,0,1687,1757,46582,5,0,0,5,2
2020-11-03,US,Louisiana,Webster,1530,41,0,32.70847669,-93.33121835,22119.0,3990.610328638498,2.6797385620915026,1489,1498,41,0,1457,1495,38798,32,0,0,32,3
2020-11-03,US,Louisiana,West Baton Rouge,980,42,0,30.46058217,-91.30989571,22121.0,3703.0039675042512,4.285714285714286,938,972,42,0,930,972,26427,8,0,0,8,0
2020-11-03,US,Louisiana,West Carroll,387,13,0,32.78550125,-91.461201,22123.0,3573.4072022160667,3.3591731266149867,374,387,13,0,374,379,10982,0,0,0,0,8
2020-11-03,US,Louisiana,West Feliciana,765,25,0,30.87882871,-91.41485379999999,22125.0,4913.926002055498,3.2679738562091503,740,757,25,0,732,755,15460,8,0,0,8,2
2020-11-03,US,Louisiana,Winn,708,20,0,31.94449367,-92.63789413,22127.0,5092.059838895282,2.824858757062147,688,698,20,0,678,699,14134,10,0,0,10,-1
2020-11-03,US,Maine,Androscoggin,893,11,0,44.1664747,-70.20380627,23001.0,824.7365553164567,1.2318029115341544,882,886,11,0,875,876,107679,7,0,0,7,10
2020-11-03,US,Maine,Aroostook,68,1,0,46.65926321,-68.59841248,23003.0,101.4092908806204,1.4705882352941178,67,67,1,0,66,67,67111,1,0,0,1,0
2020-11-03,US,Maine,Cumberland,2706,70,0,43.8370751,-70.37226999,23005.0,917.2788073341627,2.5868440502586845,2636,2660,70,0,2590,2638,293557,46,0,0,46,22
2020-11-03,US,Maine,Franklin,96,1,0,44.97330019,-70.44381045,23007.0,317.8913209046657,1.0416666666666667,95,90,1,0,89,86,29897,6,0,0,6,4
2020-11-03,US,Maine,Hancock,77,1,0,44.59816444,-68.38401854,23009.0,140.0330987324277,1.2987012987012987,76,76,1,0,75,74,54811,1,0,0,1,2
2020-11-03,US,Maine,Kennebec,379,11,0,44.40759555,-69.76738544,23011.0,309.8886363264705,2.9023746701846966,368,365,11,0,354,355,122083,14,0,0,14,10
2020-11-03,US,Maine,Knox,108,1,0,44.11486325,-69.10529169,23013.0,271.54782258875593,0.925925925925926,107,99,1,0,98,94,39771,9,0,0,9,5
2020-11-03,US,Maine,Lincoln,70,1,0,44.05996956,-69.54227124,23015.0,202.11353005716927,1.4285714285714286,69,65,1,0,64,65,34342,5,0,0,5,0
2020-11-03,US,Maine,Oxford,183,2,0,44.49952995,-70.75682123,23017.0,315.6532988357052,1.0928961748633879,181,182,2,0,180,179,57618,1,0,0,1,3
2020-11-03,US,Maine,Penobscot,324,6,0,45.40194593,-68.65020455,23019.0,212.95054815048505,1.851851851851852,318,318,6,0,312,311,151096,6,0,0,6,7
2020-11-03,US,Maine,Piscataquis,11,0,0,45.83839062,-69.2860223,23021.0,65.5347036044087,0.0,11,11,0,0,11,11,16800,0,0,0,0,0
2020-11-03,US,Maine,Sagadahoc,89,0,0,43.95415864,-69.85074999,23023.0,248.215082552432,0.0,89,88,0,0,88,88,35634,1,0,0,1,0
2020-11-03,US,Maine,Somerset,220,8,0,45.51229767,-69.95995554,23025.0,435.7816337849616,3.636363636363636,212,208,8,0,200,199,50592,12,0,0,12,9
2020-11-03,US,Maine,Waldo,157,14,0,44.4858305,-69.12061935,23027.0,395.3166309958453,8.917197452229301,143,156,14,0,142,154,39694,1,0,0,1,2
2020-11-03,US,Maine,Washington,77,0,0,45.01607142,-67.62813524,23029.0,245.38704228942925,0.0,77,72,0,0,72,68,31490,5,0,0,5,4
2020-11-03,US,Maine,York,1467,21,0,43.47808377,-70.71052375,23031.0,706.5078669434264,1.4314928425357871,1446,1455,21,0,1434,1446,206229,12,0,0,12,9
2020-11-03,US,Maryland,Allegany,845,24,0,39.62357628,-78.69280486,24001.0,1200.0113610543058,2.8402366863905324,821,791,24,0,767,775,70975,54,0,0,54,16
2020-11-03,US,Maryland,Anne Arundel,12448,282,0,39.00670238,-76.60329337,24003.0,2149.04511820784,2.265424164524421,12166,12361,282,0,12079,12256,576031,87,0,0,87,105
2020-11-03,US,Maryland,Baltimore,21479,676,0,39.45784712,-76.62911955,24005.0,2596.057386658931,3.1472601145304715,20803,21349,676,0,20673,21194,828431,130,0,0,130,155
2020-11-03,US,Maryland,Baltimore City,18292,508,0,39.30211911,-76.61151012,24510.0,3082.107533404101,2.7771703476929805,17784,18211,506,0,17705,18100,621342,81,2,0,79,111
2020-11-03,US,Maryland,Calvert,1224,29,0,38.53961642,-76.56820632,24009.0,1322.885706565793,2.3692810457516345,1195,1216,29,0,1187,1212,92003,8,0,0,8,4
2020-11-03,US,Maryland,Caroline,767,8,0,38.87172293,-75.82904158,24011.0,2295.994731485362,1.0430247718383312,759,767,8,0,759,765,33304,0,0,0,0,2
2020-11-03,US,Maryland,Carroll,2330,130,0,39.56453592,-77.02373735,24013.0,1383.2243969913386,5.579399141630901,2200,2311,130,0,2181,2301,168429,19,0,0,19,10
2020-11-03,US,Maryland,Cecil,1398,36,0,39.56647682,-75.94627411,24015.0,1359.1949832288174,2.5751072961373387,1362,1390,36,0,1354,1381,102826,8,0,0,8,9
2020-11-03,US,Maryland,Charles,3273,102,0,38.51092331,-76.98580666,24017.0,2004.81449493743,3.1164069660861595,3171,3263,102,0,3161,3247,161503,10,0,0,10,16
2020-11-03,US,Maryland,Dorchester,835,12,0,38.45413522,-76.02752426,24019.0,2615.1774249115224,1.4371257485029942,823,833,12,0,821,829,31998,2,0,0,2,4
2020-11-03,US,Maryland,Frederick,4951,140,0,39.47296601,-77.39999394,24021.0,1907.5543157886625,2.8277115734195117,4811,4936,139,0,4797,4909,255648,15,1,0,14,27
2020-11-03,US,Maryland,Garrett,161,1,0,39.52786077,-79.27355126,24023.0,554.9045288481423,0.6211180124223602,160,154,1,0,153,150,29163,7,0,0,7,4
2020-11-03,US,Maryland,Harford,3768,82,0,39.55010644,-76.30775940000002,24025.0,1475.0960104290227,2.1762208067940554,3686,3747,82,0,3665,3726,253956,21,0,0,21,21
2020-11-03,US,Maryland,Howard,6059,128,0,39.25305293,-76.93126208,24027.0,1860.358009149805,2.1125598283545144,5931,6019,128,0,5891,5988,323196,40,0,0,40,31
2020-11-03,US,Maryland,Kent,349,25,0,39.24976208,-76.04741541,24029.0,1796.9313150036041,7.163323782234957,324,348,25,0,323,348,19383,1,0,0,1,0
2020-11-03,US,Maryland,Montgomery,26398,876,0,39.13676329,-77.20358245,24031.0,2512.448985807395,3.3184332146374724,25522,26277,874,0,25403,26114,1052567,121,2,0,119,163
2020-11-03,US,Maryland,Prince George's,33488,863,0,38.83070039,-76.8496441,24033.0,3682.7235966819417,2.5770425226946965,32625,33360,863,0,32497,33248,909308,128,0,0,128,112
2020-11-03,US,Maryland,Queen Anne's,812,26,0,39.06198912,-76.03530977,24035.0,1611.7187034794863,3.2019704433497536,786,806,26,0,780,804,50251,6,0,0,6,2
2020-11-03,US,Maryland,Somerset,454,6,0,38.1163542,-75.75118623,24039.0,1772.3297938788253,1.3215859030837005,448,451,6,0,445,439,25675,3,0,0,3,12
2020-11-03,US,Maryland,St. Mary's,1515,60,0,38.30058422,-76.60629279999998,24037.0,1334.6841687957008,3.96039603960396,1455,1510,60,0,1450,1507,112664,5,0,0,5,3
2020-11-03,US,Maryland,Talbot,662,6,0,38.76618159,-76.10882561,24041.0,1780.4792770501062,0.9063444108761328,656,663,6,0,657,660,36968,-1,0,0,-1,3
2020-11-03,US,Maryland,Unassigned,0,12,0,0.0,0.0,90024.0,0.0,0.0,-12,0,11,0,-11,0,,0,1,0,-1,0
2020-11-03,US,Maryland,Washington,2404,47,0,39.60835778,-77.82002295,24043.0,1591.5365212613126,1.9550748752079867,2357,2393,47,0,2346,2378,150926,11,0,0,11,15
2020-11-03,US,Maryland,Wicomico,2601,52,0,38.37301947,-75.62705831,24045.0,2510.399675703848,1.9992310649750096,2549,2590,51,0,2539,2572,103195,11,1,0,10,18
2020-11-03,US,Maryland,Worcester,1253,31,0,38.21274277,-75.33200012,24047.0,2396.8934118907337,2.474062250598564,1222,1249,31,0,1218,1242,51823,4,0,0,4,7
2020-11-03,US,Massachusetts,Barnstable,2065,185,0,41.72980578,-70.28854339,25001.0,969.5290858725765,8.958837772397096,1880,2060,185,0,1875,2051,213413,5,0,0,5,9
2020-11-03,US,Massachusetts,Berkshire,808,52,0,42.37428441,-73.20524838,25003.0,646.689716993213,6.435643564356437,756,803,52,0,751,789,126348,5,0,0,5,14
2020-11-03,US,Massachusetts,Bristol,13010,766,0,41.79228404,-71.10872211,25005.0,2301.7708243028783,5.887778631821675,12244,12917,764,0,12153,12812,564022,93,2,0,91,105
2020-11-03,US,Massachusetts,Dukes and Nantucket,266,2,0,41.40674725,-70.68763497,0.0,925.8292436740803,0.7518796992481203,264,262,2,0,260,262,26707,4,0,0,4,0
2020-11-03,US,Massachusetts,Essex,24724,1361,0,42.6687626,-70.94687179,25009.0,3133.451790417143,5.504772690503155,23363,24612,1358,0,23254,24500,790638,112,3,0,109,112
2020-11-03,US,Massachusetts,Franklin,487,74,0,42.58119713,-72.58602547,25011.0,693.9298945568538,15.19507186858316,413,487,74,0,413,483,70963,0,0,0,0,4
2020-11-03,US,Massachusetts,Hampden,10523,824,0,42.13440424,-72.63235561,25013.0,2256.3532973677666,7.830466596978048,9699,10425,822,0,9603,10359,470406,98,2,0,96,66
2020-11-03,US,Massachusetts,Hampshire,1537,155,0,42.33997957,-72.65898478,25015.0,955.6674749735747,10.084580351333766,1382,1521,155,0,1366,1520,161355,16,0,0,16,1
2020-11-03,US,Massachusetts,Middlesex,33119,2290,0,42.48607732,-71.39049229,25017.0,2054.912238575565,6.91445997765633,30829,32907,2288,0,30619,32781,1614714,212,2,0,210,126
2020-11-03,US,Massachusetts,Norfolk,12222,1114,0,42.16073095,-71.20530408,25021.0,1729.263202575077,9.114711176566844,11108,12138,1114,0,11024,12089,705388,84,0,0,84,49
2020-11-03,US,Massachusetts,Plymouth,11747,843,0,41.94070556,-70.80802823,25023.0,2253.8286499284345,7.176300331999659,10904,11681,841,0,10840,11631,518132,66,2,0,64,50
2020-11-03,US,Massachusetts,Suffolk,29269,1184,0,42.327951399999996,-71.07850442,25025.0,3640.8440279783613,4.045235573473641,28085,29166,1184,0,27982,29031,807252,103,0,0,103,135
2020-11-03,US,Massachusetts,Unassigned,4607,5,0,0.0,0.0,90025.0,0.0,0.10853049706967656,4602,4493,5,0,4488,4382,,114,0,0,114,111
2020-11-03,US,Massachusetts,Worcester,17201,1180,0,42.35026951,-71.90493363,25027.0,2070.857742751817,6.860066275216558,16021,17077,1179,0,15898,17017,830839,124,1,0,123,60
2020-11-03,US,Michigan,Alcona,59,3,0,44.6846864,-83.59507875,26001.0,567.0350792888034,5.084745762711863,56,57,3,0,54,55,10362,2,0,0,2,2
2020-11-03,US,Michigan,Alger,130,1,0,46.41292944,-86.60260122,26003.0,1427.3166447079486,0.7692307692307693,129,126,1,0,125,121,9097,4,0,0,4,5
2020-11-03,US,Michigan,Allegan,1644,7,0,42.59147037,-85.89102866,26005.0,1392.2646319052176,0.4257907542579075,1637,1591,7,0,1584,1503,117327,53,0,0,53,88
2020-11-03,US,Michigan,Alpena,192,14,0,45.03477666,-83.62212411,26007.0,675.9373349762367,7.291666666666668,178,189,14,0,175,180,28360,3,0,0,3,9
2020-11-03,US,Michigan,Antrim,155,0,0,44.99690221,-85.15503082,26009.0,664.5515348996743,0.0,155,151,0,0,151,143,23365,4,0,0,4,8
2020-11-03,US,Michigan,Arenac,121,3,0,44.0636262,-83.89277559,26011.0,813.0081300813008,2.479338842975207,118,118,3,0,115,111,15041,3,0,0,3,7
2020-11-03,US,Michigan,Baraga,141,4,0,46.6720582,-88.36363591,26013.0,1717.6269947618466,2.8368794326241136,137,129,4,0,125,125,8320,12,0,0,12,4
2020-11-03,US,Michigan,Barry,908,6,0,42.59513984,-85.30834519,26015.0,1475.2233956133225,0.6607929515418502,902,874,6,0,868,803,61157,34,0,0,34,71
2020-11-03,US,Michigan,Bay,1762,66,0,43.70639106,-83.98731479,26017.0,1708.5894924655277,3.745743473325766,1696,1706,66,0,1640,1602,103923,56,0,0,56,104
2020-11-03,US,Michigan,Benzie,161,2,0,44.63899297,-86.01608482,26019.0,906.2253743104808,1.2422360248447204,159,157,2,0,155,145,17753,4,0,0,4,12
2020-11-03,US,Michigan,Berrien,3165,89,0,41.95447397,-86.41313079999998,26021.0,2063.2199268583645,2.812006319115324,3076,3133,86,0,3047,2985,154141,32,3,0,29,148
2020-11-03,US,Michigan,Branch,1046,12,0,41.91600556,-85.05929476,26023.0,2403.658340418687,1.147227533460803,1034,1013,12,0,1001,973,43622,33,0,0,33,40
2020-11-03,US,Michigan,Calhoun,3521,72,0,42.24633834,-85.00493569,26025.0,2624.497797389665,2.044873615450156,3449,3437,71,0,3366,3275,134487,84,1,0,83,162
2020-11-03,US,Michigan,Cass,1178,24,0,41.91522292,-85.99405727,26027.0,2274.7021453260472,2.037351443123939,1154,1157,24,0,1133,1103,51653,21,0,0,21,54
2020-11-03,US,Michigan,Charlevoix,249,4,0,45.37790017,-85.19614053,26029.0,952.4538117278047,1.606425702811245,245,237,4,0,233,220,26244,12,0,0,12,17
2020-11-03,US,Michigan,Cheboygan,212,3,0,45.44787015,-84.50122149,26031.0,838.7403070106029,1.4150943396226414,209,205,2,0,203,187,25413,7,1,0,6,18
2020-11-03,US,Michigan,Chippewa,209,0,0,46.29552653,-84.54353449,26033.0,559.5866020509252,0.0,209,204,0,0,204,187,37517,5,0,0,5,17
2020-11-03,US,Michigan,Clare,346,14,0,43.98794227,-84.84819859999998,26035.0,1117.9321486268177,4.0462427745664735,332,344,14,0,330,319,30757,2,0,0,2,25
2020-11-03,US,Michigan,Clinton,1380,16,0,42.94400871,-84.60145248,26037.0,1733.77724731453,1.1594202898550725,1364,1345,16,0,1329,1297,79332,35,0,0,35,48
2020-11-03,US,Michigan,Crawford,168,5,0,44.68255561,-84.61006219,26039.0,1197.5194240501814,2.9761904761904763,163,167,5,0,162,157,13901,1,0,0,1,10
2020-11-03,US,Michigan,Delta,1456,40,0,45.90484910000001,-86.9080745,26041.0,4068.8575899843504,2.7472527472527477,1416,1420,40,0,1380,1397,35857,36,0,0,36,23
2020-11-03,US,Michigan,Dickinson,833,21,0,46.00999672,-87.86961634,26043.0,3300.4477197987244,2.5210084033613445,812,810,21,0,789,760,25383,23,0,0,23,50
2020-11-03,US,Michigan,Eaton,1390,12,0,42.59599185,-84.83740035,26045.0,1260.5651684985671,0.8633093525179856,1378,1359,11,0,1348,1304,109826,31,1,0,30,55
2020-11-03,US,Michigan,Emmet,422,5,0,45.52625509,-84.89083249,26047.0,1262.9058805925486,1.1848341232227488,417,403,5,0,398,332,33308,19,0,0,19,71
2020-11-03,US,Michigan,Federal Correctional Institution (FCI),197,5,0,0.0,0.0,0.0,0.0,2.538071065989848,192,197,5,0,192,197,,0,0,0,0,0
2020-11-03,US,Michigan,Genesee,7712,347,0,43.02244215,-83.70589709,26049.0,1900.3826885782366,4.4994813278008285,7365,7590,343,0,7247,7352,406892,122,4,0,118,238
2020-11-03,US,Michigan,Gladwin,260,3,0,43.98901072,-84.38774817,26051.0,1021.6511454281112,1.1538461538461535,257,259,2,0,257,240,25337,1,1,0,0,19
2020-11-03,US,Michigan,Gogebic,488,14,0,46.40862701,-89.69377193,26053.0,3491.949910554562,2.8688524590163933,474,484,14,0,470,462,15096,4,0,0,4,22
2020-11-03,US,Michigan,Grand Traverse,923,13,0,44.69565625,-85.55585247,26055.0,991.534891715366,1.4084507042253518,910,908,14,0,894,874,92573,15,-1,0,16,34
2020-11-03,US,Michigan,Gratiot,660,17,0,43.29265605,-84.60505416,26057.0,1621.1834639286676,2.575757575757576,643,634,17,0,617,594,40599,26,0,0,26,40
2020-11-03,US,Michigan,Hillsdale,633,29,0,41.88753639,-84.59312019,26059.0,1388.0057011292624,4.581358609794629,604,614,29,0,585,579,45749,19,0,0,19,35
2020-11-03,US,Michigan,Houghton,1029,9,0,46.89988536,-88.68495385,26061.0,2883.6453312408917,0.8746355685131195,1020,1006,9,0,997,986,36219,23,0,0,23,20
2020-11-03,US,Michigan,Huron,321,7,0,43.83353985,-83.04078453,26063.0,1036.1189115909751,2.1806853582554515,314,303,7,0,296,292,31166,18,0,0,18,11
2020-11-03,US,Michigan,Ingham,5079,70,0,42.59716886,-84.37472069,26065.0,1736.9684616594736,1.378224059854302,5009,5039,70,0,4969,4928,292735,40,0,0,40,111
2020-11-03,US,Michigan,Ionia,895,8,0,42.94502238,-85.07413319,26067.0,1383.3717173902962,0.8938547486033519,887,875,8,0,867,834,64210,20,0,0,20,41
2020-11-03,US,Michigan,Iosco,338,17,0,44.35486835,-83.63484895,26069.0,1345.1665539061569,5.029585798816568,321,326,16,0,310,314,25081,12,1,0,11,12
2020-11-03,US,Michigan,Iron,495,27,0,46.20974132,-88.53136251,26071.0,4473.161033797217,5.454545454545454,468,491,26,0,465,475,11117,4,1,0,3,16
2020-11-03,US,Michigan,Isabella,1203,15,0,43.64060976,-84.84664923,26073.0,1721.7197160522098,1.2468827930174564,1188,1187,15,0,1172,1142,70562,16,0,0,16,45
2020-11-03,US,Michigan,Jackson,2148,70,0,42.24807035,-84.42258681,26075.0,1355.119550816983,3.258845437616387,2078,2117,70,0,2047,2004,158823,31,0,0,31,113
2020-11-03,US,Michigan,Kalamazoo,5501,118,0,42.24542231,-85.53038622,26077.0,2075.332181418967,2.1450645337211416,5383,5380,115,0,5265,5237,264870,121,3,0,118,143
2020-11-03,US,Michigan,Kalkaska,161,4,0,44.68512729,-85.09085699,26079.0,892.5601507927709,2.4844720496894412,157,158,4,0,154,145,17824,3,0,0,3,13
2020-11-03,US,Michigan,Kent,17036,193,0,43.03197711,-85.54934642,26081.0,2593.176092730857,1.1328950457853957,16843,16675,189,0,16486,15950,653786,361,4,0,357,725
2020-11-03,US,Michigan,Keweenaw,25,0,0,47.63197653,-88.41434263,26083.0,1181.4744801512288,0.0,25,25,0,0,25,23,2113,0,0,0,0,2
2020-11-03,US,Michigan,Lake,79,1,0,43.99050893,-85.802173,26085.0,666.4979330127394,1.2658227848101269,78,75,1,0,74,68,11881,4,0,0,4,7
2020-11-03,US,Michigan,Lapeer,1052,38,0,43.09052506,-83.22153148,26087.0,1200.8172862899085,3.612167300380228,1014,1031,38,0,993,993,88028,21,0,0,21,38
2020-11-03,US,Michigan,Leelanau,172,2,0,44.94430054,-85.80150326,26089.0,790.4048527181656,1.162790697674419,170,170,2,0,168,163,21764,2,0,0,2,7
2020-11-03,US,Michigan,Lenawee,1263,20,0,41.89475156,-84.06603727,26091.0,1282.8716823597524,1.5835312747426762,1243,1254,20,0,1234,1223,98266,9,0,0,9,31
2020-11-03,US,Michigan,Livingston,2487,35,0,42.60302282,-83.91297209,26093.0,1295.346232974817,1.4073180538801768,2452,2435,35,0,2400,2319,191224,52,0,0,52,116
2020-11-03,US,Michigan,Luce,86,0,0,46.47227431,-85.54471223,26095.0,1380.6389468614545,0.0,86,84,1,0,83,78,6283,2,-1,0,3,6
2020-11-03,US,Michigan,Mackinac,179,0,0,46.07028979,-85.04980537,26097.0,1657.5608852671546,0.0,179,178,0,0,178,171,10787,1,0,0,1,7
2020-11-03,US,Michigan,Macomb,20637,1102,0,42.69158356,-82.92752801,26099.0,2361.288462330601,5.339923438484276,19535,20380,1098,0,19282,19730,874759,257,4,0,253,650
2020-11-03,US,Michigan,Manistee,171,3,0,44.33352407,-86.05626916,26101.0,696.3107744930368,1.7543859649122806,168,164,3,0,161,154,24528,7,0,0,7,10
2020-11-03,US,Michigan,Marquette,1348,18,0,46.4338914,-87.64043701,26103.0,2021.0198053943839,1.3353115727002969,1330,1312,16,0,1296,1245,66516,36,2,0,34,67
2020-11-03,US,Michigan,Mason,318,3,0,43.99509218,-86.24988902,26105.0,1091.1336810321163,0.9433962264150944,315,301,2,0,299,280,29100,17,1,0,16,21
2020-11-03,US,Michigan,Mecosta,681,4,0,43.64064262,-85.32463223,26107.0,1567.21054932916,0.5873715124816447,677,662,4,0,658,615,43545,19,0,0,19,47
2020-11-03,US,Michigan,Menominee,821,7,0,45.58038692,-87.55370409,26109.0,3604.038630377524,0.8526187576126675,814,788,6,0,782,776,22983,33,1,0,32,12
2020-11-03,US,Michigan,Michigan Department of Corrections (MDOC),7061,75,0,0.0,0.0,0.0,0.0,1.0621724968134825,6986,7016,75,0,6941,6984,,45,0,0,45,32
2020-11-03,US,Michigan,Midland,1311,14,0,43.64330771,-84.38804374,26111.0,1576.5549088460245,1.0678871090770403,1297,1248,14,0,1234,1179,83209,63,0,0,63,69
2020-11-03,US,Michigan,Missaukee,120,1,0,44.33772443,-85.09256478,26113.0,793.7557878026194,0.8333333333333334,119,114,1,0,113,104,15113,6,0,0,6,10
2020-11-03,US,Michigan,Monroe,2341,44,0,41.92734151,-83.53749864,26115.0,1555.4817275747507,1.8795386586928664,2297,2312,42,0,2270,2206,150439,29,2,0,27,106
2020-11-03,US,Michigan,Montcalm,851,13,0,43.31082541,-85.15252824,26117.0,1332.0185324317556,1.5276145710928317,838,838,12,0,826,790,63968,13,1,0,12,48
2020-11-03,US,Michigan,Montmorency,39,0,0,45.0275929,-84.12696227,26119.0,418.0960548885077,0.0,39,38,0,0,38,37,9265,1,0,0,1,1
2020-11-03,US,Michigan,Muskegon,2846,86,0,43.29123859,-86.15176712,26121.0,1639.7220653814686,3.0217849613492618,2760,2764,84,0,2680,2558,173588,82,2,0,80,206
2020-11-03,US,Michigan,Newaygo,774,3,0,43.554373999999996,-85.80070107,26123.0,1580.2368313597387,0.3875968992248062,771,755,4,0,751,712,48892,19,-1,0,20,43
2020-11-03,US,Michigan,Oakland,27839,1244,0,42.66090111,-83.38595416,26125.0,2213.689105459357,4.468551312906356,26595,27476,1241,0,26235,26579,1259201,363,3,0,360,897
2020-11-03,US,Michigan,Oceana,704,6,0,43.64124435,-86.26726673,26127.0,2659.9161219632,0.8522727272727273,698,696,6,0,690,676,26625,8,0,0,8,20
2020-11-03,US,Michigan,Ogemaw,153,5,0,44.33481032,-84.12725175,26129.0,728.6755250750107,3.2679738562091503,148,145,5,0,140,135,20952,8,0,0,8,10
2020-11-03,US,Michigan,Ontonagon,145,1,0,46.665226200000006,-89.31390481,26131.0,2534.965034965035,0.6896551724137931,144,129,1,0,128,127,5795,16,0,0,16,2
2020-11-03,US,Michigan,Osceola,227,1,0,43.98992088,-85.32566756,26133.0,967.6044330775787,0.4405286343612335,226,219,1,0,218,201,23341,8,0,0,8,18
2020-11-03,US,Michigan,Oscoda,64,2,0,44.68192279,-84.12939244,26135.0,776.6047809731829,3.125,62,62,2,0,60,60,8276,2,0,0,2,2
2020-11-03,US,Michigan,Otsego,317,12,0,45.02085831,-84.59898295,26137.0,1285.065672125831,3.785488958990536,305,302,12,0,290,287,24665,15,0,0,15,15
2020-11-03,US,Michigan,Ottawa,6249,82,0,42.95996803,-85.9969107,26139.0,2141.3151492307165,1.3122099535925749,6167,6082,79,0,6003,5762,290494,167,3,0,164,320
2020-11-03,US,Michigan,Out of MI,372,4,0,0.0,0.0,80026.0,0.0,1.075268817204301,368,384,3,0,381,348,,-12,1,0,-13,36
2020-11-03,US,Michigan,Presque Isle,90,1,0,45.34018577,-83.91498656,26141.0,714.7395171537485,1.1111111111111112,89,85,1,0,84,81,12738,5,0,0,5,4
2020-11-03,US,Michigan,Roscommon,235,6,0,44.33473082,-84.61067651,26143.0,978.3921062492194,2.5531914893617023,229,233,6,0,227,217,23884,2,0,0,2,16
2020-11-03,US,Michigan,Saginaw,4482,159,0,43.33433923,-84.05131209999998,26145.0,2352.274337537197,3.5475234270414995,4323,4403,159,0,4244,4230,190800,79,0,0,79,173
2020-11-03,US,Michigan,Sanilac,265,7,0,43.42406072,-82.82055898,26151.0,643.6725771192616,2.641509433962264,258,250,7,0,243,232,41182,15,0,0,15,18
2020-11-03,US,Michigan,Schoolcraft,109,1,0,46.19235734,-86.19972234,26153.0,1346.6765505312578,0.9174311926605504,108,105,1,0,104,102,8068,4,0,0,4,3
2020-11-03,US,Michigan,Shiawassee,868,34,0,42.95392800000001,-84.14585902,26155.0,1274.1845512462935,3.91705069124424,834,845,34,0,811,787,68192,23,0,0,23,58
2020-11-03,US,Michigan,St. Clair,1853,66,0,42.92655373,-82.67937954,26147.0,1164.4713689608366,3.561791689152725,1787,1798,65,0,1733,1726,159337,55,1,0,54,72
2020-11-03,US,Michigan,St. Joseph,1478,25,0,41.91441767,-85.52797979,26149.0,2424.38160225707,1.6914749661705006,1453,1414,24,0,1390,1371,61043,64,1,0,63,43
2020-11-03,US,Michigan,Tuscola,783,37,0,43.46606813,-83.41897025,26157.0,1498.7080103359174,4.725415070242656,746,765,37,0,728,729,52516,18,0,0,18,36
2020-11-03,US,Michigan,Unassigned,30,0,0,0.0,0.0,90026.0,0.0,0.0,30,27,0,0,27,73,,3,0,0,3,-46
2020-11-03,US,Michigan,Van Buren,1338,20,0,42.25190229,-86.01939087,26159.0,1768.040487862891,1.4947683109118086,1318,1315,20,0,1295,1222,75448,23,0,0,23,93
2020-11-03,US,Michigan,Washtenaw,6008,121,0,42.253105,-83.83853204,26161.0,1634.3807552210142,2.0139813581890813,5887,5925,120,0,5805,5800,370963,83,1,0,82,125
2020-11-03,US,Michigan,Wayne,43349,3065,0,42.28098405,-83.281255,26163.0,2478.0160323046994,7.070520657915983,40284,42937,3060,0,39877,42172,1753893,412,5,0,407,765
2020-11-03,US,Michigan,Wexford,216,4,0,44.33853602,-85.57712739,26165.0,642.2645773244923,1.851851851851852,212,210,4,0,206,192,33466,6,0,0,6,18
2020-11-03,US,Minnesota,Aitkin,249,4,0,46.60962049,-93.41168259999999,27001.0,1567.4178521969034,1.606425702811245,245,244,4,0,240,232,15902,5,0,0,5,12
2020-11-03,US,Minnesota,Anoka,10514,161,0,45.27476015,-93.24604565,27003.0,2945.749899837779,1.5312916111850865,10353,10246,159,0,10087,9947,353813,268,2,0,266,299
2020-11-03,US,Minnesota,Becker,741,4,0,46.93479392,-95.67158144,27005.0,2152.630508671528,0.5398110661268556,737,721,4,0,717,696,34371,20,0,0,20,25
2020-11-03,US,Minnesota,Beltrami,1034,11,0,47.97373527,-94.93732139,27007.0,2191.235059760956,1.0638297872340423,1023,1024,11,0,1013,1016,46847,10,0,0,10,8
2020-11-03,US,Minnesota,Benton,1211,15,0,45.69804958,-93.99514135,27009.0,2961.676734574092,1.2386457473162675,1196,1160,15,0,1145,1134,40545,51,0,0,51,26
2020-11-03,US,Minnesota,Big Stone,187,1,0,45.42712824,-96.41403739,27011.0,3746.744139451012,0.5347593582887701,186,181,1,0,180,177,4989,6,0,0,6,4
2020-11-03,US,Minnesota,Blue Earth,2254,7,0,44.03554215,-94.06699781,27013.0,3331.7073891771242,0.3105590062111801,2247,2219,7,0,2212,2207,67427,35,0,0,35,12
2020-11-03,US,Minnesota,Brown,422,3,0,44.24205652,-94.72562874,27015.0,1687.4600127959054,0.7109004739336493,419,404,3,0,401,384,25111,18,0,0,18,20
2020-11-03,US,Minnesota,Carlton,629,3,0,46.59180601,-92.67601019,27017.0,1753.5056173510636,0.4769475357710652,626,605,2,0,603,580,35837,24,1,0,23,25
2020-11-03,US,Minnesota,Carver,2056,9,0,44.82017001,-93.80099179999999,27019.0,1956.4369248922344,0.4377431906614786,2047,2010,9,0,2001,1967,103551,46,0,0,46,43
2020-11-03,US,Minnesota,Cass,507,5,0,46.95043611,-94.32603968,27021.0,1702.5420598408277,0.9861932938856016,502,485,5,0,480,471,29519,22,0,0,22,14
2020-11-03,US,Minnesota,Chippewa,507,3,0,45.02343421,-95.56403693,27023.0,4296.610169491525,0.591715976331361,504,504,3,0,501,497,11924,3,0,0,3,7
2020-11-03,US,Minnesota,Chisago,1405,2,0,45.5021011,-92.90861945,27025.0,2483.253503950229,0.1423487544483986,1403,1356,2,0,1354,1249,55922,49,0,0,49,107
2020-11-03,US,Minnesota,Clay,2762,46,0,46.89289518,-96.48761922,27027.0,4300.706922861325,1.6654598117306298,2716,2712,46,0,2666,2690,63955,50,0,0,50,22
2020-11-03,US,Minnesota,Clearwater,167,1,0,47.57992111,-95.37790562,27029.0,1893.8534815150824,0.5988023952095808,166,163,1,0,162,155,8810,4,0,0,4,8
2020-11-03,US,Minnesota,Cook,27,0,0,47.90504893,-90.52629546,27031.0,494.2339373970346,0.0,27,25,0,0,25,24,5393,2,0,0,2,1
2020-11-03,US,Minnesota,Cottonwood,329,0,0,44.00715262,-95.18138802,27033.0,2938.5494819578416,0.0,329,321,0,0,321,318,11277,8,0,0,8,3
2020-11-03,US,Minnesota,Crow Wing,1399,22,0,46.48096553,-94.06755609,27035.0,2150.4880485742833,1.5725518227305215,1377,1331,22,0,1309,1279,64889,68,0,0,68,52
2020-11-03,US,Minnesota,Dakota,11184,141,0,44.67172617,-93.06299363,27037.0,2606.865398197291,1.2607296137339057,11043,10933,139,0,10794,10733,425423,251,2,0,249,200
2020-11-03,US,Minnesota,Dodge,450,0,0,44.02238415,-92.86244324,27039.0,2149.6130696474634,0.0,450,443,0,0,443,432,20822,7,0,0,7,11
2020-11-03,US,Minnesota,Douglas,899,5,0,45.93348491,-95.45335469,27041.0,2357.043601373849,0.5561735261401557,894,890,4,0,886,859,37964,9,1,0,8,31
2020-11-03,US,Minnesota,Faribault,277,0,0,43.67381499,-93.94787458,27043.0,2028.8581264191016,0.0,277,273,0,0,273,268,13758,4,0,0,4,5
2020-11-03,US,Minnesota,Fillmore,311,0,0,43.67394126,-92.08980382,27045.0,1476.2424645179667,0.0,311,312,0,0,312,309,21058,-1,0,0,-1,3
2020-11-03,US,Minnesota,Freeborn,780,5,0,43.67385583,-93.34884422,27047.0,2575.872659423401,0.6410256410256411,775,776,5,0,771,758,30444,4,0,0,4,18
2020-11-03,US,Minnesota,Goodhue,797,13,0,44.40849741,-92.72341949999999,27049.0,1719.8964177816144,1.6311166875784189,784,757,12,0,745,734,46403,40,1,0,39,23
2020-11-03,US,Minnesota,Grant,118,5,0,45.93424769,-96.01139609,27051.0,1975.8874748827866,4.2372881355932215,113,113,5,0,108,111,6021,5,0,0,5,2
2020-11-03,US,Minnesota,Hennepin,38272,1006,0,45.00761521,-93.47694895,27053.0,3023.439715667741,2.628553511705685,37266,37513,1004,0,36509,36936,1259428,759,2,0,757,577
2020-11-03,US,Minnesota,Houston,269,2,0,43.67129565,-91.49143057,27055.0,1446.236559139785,0.7434944237918215,267,262,2,0,260,260,18578,7,0,0,7,2
2020-11-03,US,Minnesota,Hubbard,535,5,0,47.10778564,-94.91693868,27057.0,2489.414173374901,0.9345794392523364,530,518,5,0,513,510,21332,17,0,0,17,8
2020-11-03,US,Minnesota,Isanti,689,7,0,45.56181234,-93.29487636,27059.0,1697.2115479357572,1.0159651669085632,682,665,7,0,658,636,39966,24,0,0,24,29
2020-11-03,US,Minnesota,Itasca,896,17,0,47.51009045,-93.63092229,27061.0,1985.3755816530027,1.8973214285714288,879,878,17,0,861,847,45108,18,0,0,18,31
2020-11-03,US,Minnesota,Jackson,248,1,0,43.67423373,-95.15398258,27063.0,2518.7893560836887,0.4032258064516129,247,241,1,0,240,240,9911,7,0,0,7,1
2020-11-03,US,Minnesota,Kanabec,258,10,0,45.9459309,-93.29275192,27065.0,1579.2373140723514,3.875968992248062,248,252,10,0,242,250,16207,6,0,0,6,2
2020-11-03,US,Minnesota,Kandiyohi,1988,5,0,45.1526059,-95.00586446,27067.0,4601.9583786661715,0.2515090543259557,1983,1967,5,0,1962,1921,42855,21,0,0,21,46
2020-11-03,US,Minnesota,Kittson,78,0,0,48.77754106,-96.78317184,27069.0,1814.797580269893,0.0,78,70,0,0,70,66,4248,8,0,0,8,4
2020-11-03,US,Minnesota,Koochiching,187,5,0,48.24539665,-93.78352843,27071.0,1529.1520157003845,2.6737967914438503,182,185,5,0,180,185,12440,2,0,0,2,0
2020-11-03,US,Minnesota,Lac qui Parle,158,3,0,44.9973857,-96.17488219,27073.0,2385.6258493130003,1.8987341772151896,155,155,3,0,152,153,6658,3,0,0,3,2
2020-11-03,US,Minnesota,Lake,151,0,0,47.64270764,-91.44557998,27075.0,1419.0395639507565,0.0,151,145,0,0,145,142,10658,6,0,0,6,3
2020-11-03,US,Minnesota,Lake of the Woods,55,1,0,48.77217001,-94.90274472,27077.0,1470.588235294117,1.818181818181818,54,53,1,0,52,50,3758,2,0,0,2,3
2020-11-03,US,Minnesota,Le Sueur,722,6,0,44.37136597,-93.72844721,27079.0,2499.394191158653,0.8310249307479224,716,712,6,0,706,702,28494,10,0,0,10,10
2020-11-03,US,Minnesota,Lincoln,212,0,0,44.41311883,-96.26688165,27081.0,3759.531831885086,0.0,212,210,0,0,210,208,5673,2,0,0,2,2
2020-11-03,US,Minnesota,Lyon,1100,6,0,44.41327865,-95.83806103,27083.0,4318.128287665855,0.5454545454545454,1094,1084,6,0,1078,1077,25629,16,0,0,16,7
2020-11-03,US,Minnesota,Mahnomen,140,2,0,47.32557075,-95.80921485,27087.0,2533.019721367831,1.4285714285714286,138,141,2,0,139,139,5519,-1,0,0,-1,2
2020-11-03,US,Minnesota,Marshall,204,1,0,48.35825983,-96.37017407,27089.0,2185.089974293059,0.4901960784313725,203,193,1,0,192,187,9390,11,0,0,11,6
2020-11-03,US,Minnesota,Martin,659,18,0,43.67429718,-94.55099908,27091.0,3348.066859726668,2.731411229135053,641,655,18,0,637,651,19785,4,0,0,4,4
2020-11-03,US,Minnesota,McLeod,699,4,0,44.82367677,-94.27287017,27085.0,1947.4549355027445,0.5722460658082976,695,678,4,0,674,657,35873,21,0,0,21,21
2020-11-03,US,Minnesota,Meeker,398,4,0,45.12328869,-94.52839455,27093.0,1713.8919989664969,1.0050251256281406,394,391,3,0,388,382,23141,7,1,0,6,9
2020-11-03,US,Minnesota,Mille Lacs,538,21,0,45.93705297,-93.63236823,27095.0,2047.4178939757205,3.903345724907063,517,510,20,0,490,498,26139,28,1,0,27,12
2020-11-03,US,Minnesota,Morrison,974,9,0,46.01265363,-94.27341528,27097.0,2917.390522973701,0.9240246406570842,965,936,9,0,927,903,33169,38,0,0,38,33
2020-11-03,US,Minnesota,Mower,1597,20,0,43.67142874,-92.75234549,27099.0,3986.321202136688,1.2523481527864746,1577,1595,19,0,1576,1572,40011,2,1,0,1,23
2020-11-03,US,Minnesota,Murray,321,3,0,44.02216709,-95.76328482,27101.0,3917.5006102025873,0.9345794392523364,318,318,3,0,315,314,8276,3,0,0,3,4
2020-11-03,US,Minnesota,Nicollet,829,18,0,44.35291112,-94.24710352,27103.0,2418.743070549104,2.1712907117008444,811,810,18,0,792,802,34220,19,0,0,19,8
2020-11-03,US,Minnesota,Nobles,2475,20,0,43.67434621,-95.75329576,27105.0,11442.970086457995,0.8080808080808081,2455,2450,19,0,2431,2442,21924,25,1,0,24,8
2020-11-03,US,Minnesota,Norman,155,0,0,47.32628443,-96.45620947,27107.0,2431.372549019608,0.0,155,151,0,0,151,150,6475,4,0,0,4,1
2020-11-03,US,Minnesota,Olmsted,3735,30,0,44.00374114,-92.40209944,27109.0,2359.548432337501,0.8032128514056225,3705,3686,30,0,3656,3623,156277,49,0,0,49,63
2020-11-03,US,Minnesota,Otter Tail,1080,8,0,46.40846929,-95.70835255,27111.0,1838.4230415687882,0.7407407407407407,1072,1058,8,0,1050,1031,58812,22,0,0,22,27
2020-11-03,US,Minnesota,Pennington,240,2,0,48.06642577,-96.0370814,27113.0,1699.8370989446844,0.8333333333333334,238,238,2,0,236,235,14178,2,0,0,2,3
2020-11-03,US,Minnesota,Pine,643,1,0,46.12105238,-92.74070188,27115.0,2173.8395483282056,0.15552099533437014,642,626,1,0,625,611,29483,17,0,0,17,15
2020-11-03,US,Minnesota,Pipestone,397,17,0,44.02301619,-96.25841142,27117.0,4350.208196362042,4.282115869017632,380,393,17,0,376,390,9047,4,0,0,4,3
2020-11-03,US,Minnesota,Polk,1070,6,0,47.77372465,-96.40134647,27119.0,3411.5546486417547,0.5607476635514018,1064,1010,5,0,1005,972,31529,60,1,0,59,38
2020-11-03,US,Minnesota,Pope,187,0,0,45.58606667,-95.44451209,27121.0,1662.3699884434175,0.0,187,184,0,0,184,178,11097,3,0,0,3,6
2020-11-03,US,Minnesota,Ramsey,15853,384,0,45.01625271,-93.09872295,27123.0,2880.682365383113,2.4222544628776888,15469,15547,384,0,15163,15318,550210,306,0,0,306,229
2020-11-03,US,Minnesota,Red Lake,95,2,0,47.87197525,-96.09561104,27125.0,2342.786683107275,2.1052631578947367,93,92,2,0,90,90,3999,3,0,0,3,2
2020-11-03,US,Minnesota,Redwood,340,12,0,44.40555844,-95.25207021,27127.0,2241.2656558998024,3.5294117647058822,328,329,12,0,317,317,15249,11,0,0,11,12
2020-11-03,US,Minnesota,Renville,319,13,0,44.72836381,-94.94553734,27129.0,2192.741270277701,4.075235109717869,306,310,13,0,297,304,14612,9,0,0,9,6
2020-11-03,US,Minnesota,Rice,1823,12,0,44.3543376,-93.29658715,27131.0,2722.033088454877,0.6582556226001097,1811,1798,12,0,1786,1783,66523,25,0,0,25,15
2020-11-03,US,Minnesota,Rock,402,6,0,43.67482683,-96.25296832,27133.0,4315.619967793881,1.492537313432836,396,401,6,0,395,397,9414,1,0,0,1,4
2020-11-03,US,Minnesota,Roseau,412,0,0,48.77501878,-95.81079919,27135.0,2716.782063963073,0.0,412,405,0,0,405,393,15150,7,0,0,7,12
2020-11-03,US,Minnesota,Scott,4013,37,0,44.6490231,-93.53340251,27139.0,2693.053626193688,0.922003488661849,3976,3918,37,0,3881,3836,147381,95,0,0,95,82
2020-11-03,US,Minnesota,Sherburne,2140,24,0,45.44447208,-93.77617511,27141.0,2200.78570106337,1.1214953271028036,2116,2064,24,0,2040,1985,96036,76,0,0,76,79
2020-11-03,US,Minnesota,Sibley,295,3,0,44.5796592,-94.23164924,27143.0,1984.5274133871508,1.0169491525423728,292,290,3,0,287,281,15028,5,0,0,5,9
2020-11-03,US,Minnesota,St. Louis,3618,75,0,47.604840700000004,-92.46879855,27137.0,1817.4511478374438,2.0729684908789388,3543,3538,75,0,3463,3457,199754,80,0,0,80,81
2020-11-03,US,Minnesota,Stearns,6946,53,0,45.55192576,-94.61078221,27145.0,4312.276889647679,0.7630290814857472,6893,6778,53,0,6725,6666,159256,168,0,0,168,112
2020-11-03,US,Minnesota,Steele,874,4,0,44.02240351,-93.22627088,27147.0,2384.78539660018,0.4576659038901602,870,857,4,0,853,845,36803,17,0,0,17,12
2020-11-03,US,Minnesota,Stevens,211,1,0,45.58613007,-96.00163705,27149.0,2151.9632840387562,0.4739336492890995,210,209,1,0,208,205,9753,2,0,0,2,4
2020-11-03,US,Minnesota,Swift,256,2,0,45.2829032,-95.68264092,27151.0,2762.788689833801,0.78125,254,252,2,0,250,245,9345,4,0,0,4,7
2020-11-03,US,Minnesota,Todd,1023,7,0,46.06996226,-94.89785296,27153.0,4147.7457022380795,0.6842619745845552,1016,1004,7,0,997,975,24582,19,0,0,19,29
2020-11-03,US,Minnesota,Traverse,63,0,0,45.77298854,-96.47062949,27155.0,1933.1083154341825,0.0,63,63,0,0,63,63,3308,0,0,0,0,0
2020-11-03,US,Minnesota,Unassigned,244,54,0,0.0,0.0,90027.0,0.0,22.131147540983605,190,233,54,0,179,236,,11,0,0,11,-3
2020-11-03,US,Minnesota,Wabasha,459,1,0,44.28424356,-92.23121312,27157.0,2122.347066167291,0.2178649237472767,458,454,1,0,453,446,21645,5,0,0,5,8
2020-11-03,US,Minnesota,Wadena,318,4,0,46.58589171,-94.96968506,27159.0,2324.221605028505,1.2578616352201255,314,308,3,0,305,298,13773,10,1,0,9,10
2020-11-03,US,Minnesota,Waseca,967,10,0,44.02211116,-93.58720034,27161.0,5195.572748764238,1.034126163391934,957,965,10,0,955,961,18691,2,0,0,2,4
2020-11-03,US,Minnesota,Washington,7340,75,0,45.03864533,-92.88429635,27163.0,2796.8297515622608,1.021798365122616,7265,7092,75,0,7017,6958,259201,248,0,0,248,134
2020-11-03,US,Minnesota,Watonwan,602,4,0,43.97823903,-94.61413846,27165.0,5524.456272368542,0.6644518272425249,598,596,4,0,592,593,10980,6,0,0,6,3
2020-11-03,US,Minnesota,Wilkin,155,4,0,46.35721532,-96.4684375,27167.0,2497.180602545513,2.5806451612903225,151,154,4,0,150,150,6254,1,0,0,1,4
2020-11-03,US,Minnesota,Winona,1463,19,0,43.98772283,-91.78081305,27169.0,2897.9478646699945,1.2987012987012987,1444,1433,19,0,1414,1406,50825,30,0,0,30,27
2020-11-03,US,Minnesota,Wright,3145,16,0,45.17297924,-93.96234781,27171.0,2272.776545235118,0.5087440381558028,3129,3050,16,0,3034,2982,136349,95,0,0,95,68
2020-11-03,US,Minnesota,Yellow Medicine,345,7,0,44.71710183,-95.86842453,27173.0,3553.404058090432,2.028985507246377,338,339,7,0,332,335,9795,6,0,0,6,4
2020-11-03,US,Mississippi,Adams,1137,45,0,31.47669768,-91.35326037,28001.0,3704.427719675496,3.9577836411609497,1092,1131,45,0,1086,1122,31192,6,0,0,6,9
2020-11-03,US,Mississippi,Alcorn,1138,13,0,34.88084463,-88.57996173,28003.0,3079.5875842286146,1.1423550087873462,1125,1131,12,0,1119,1130,36925,7,1,0,6,1
2020-11-03,US,Mississippi,Amite,438,13,0,31.17467303,-90.80501621,28005.0,3561.8443522810435,2.968036529680365,425,437,13,0,424,436,12326,1,0,0,1,1
2020-11-03,US,Mississippi,Attala,823,27,0,33.08658803,-89.57838564,28007.0,4528.4472323098935,3.280680437424058,796,819,27,0,792,819,18365,4,0,0,4,0
2020-11-03,US,Mississippi,Benton,383,11,0,34.81681228,-89.18945516,28009.0,4637.365298462283,2.8720626631853787,372,379,11,0,368,376,8271,4,0,0,4,3
2020-11-03,US,Mississippi,Bolivar,2076,81,0,33.79696941,-90.87372121,28011.0,6778.111531931566,3.9017341040462434,1995,2073,79,0,1994,2072,31333,3,2,0,1,1
2020-11-03,US,Mississippi,Calhoun,643,13,0,33.93683395,-89.33686647,28013.0,4477.404080495788,2.021772939346812,630,641,13,0,628,641,14436,2,0,0,2,0
2020-11-03,US,Mississippi,Carroll,535,12,0,33.44834567,-89.91994479,28015.0,5378.50608223585,2.2429906542056077,523,532,12,0,520,531,9911,3,0,0,3,1
2020-11-03,US,Mississippi,Chickasaw,884,31,0,33.91983202,-88.9481545,28017.0,5168.683856633339,3.5067873303167416,853,880,29,0,851,880,17171,4,2,0,2,0
2020-11-03,US,Mississippi,Choctaw,219,7,0,33.34598242,-89.24809382,28019.0,2667.47868453106,3.1963470319634704,212,217,6,0,211,217,8278,2,1,0,1,0
2020-11-03,US,Mississippi,Claiborne,545,16,0,31.97061673,-90.90702196,28021.0,6063.640409434804,2.9357798165137616,529,545,16,0,529,545,9002,0,0,0,0,0
2020-11-03,US,Mississippi,Clarke,796,53,0,32.04158545,-88.68896219999998,28023.0,5121.935525384467,6.658291457286433,743,795,53,0,742,791,15604,1,0,0,1,4
2020-11-03,US,Mississippi,Clay,735,22,0,33.65358105,-88.77784255,28025.0,3805.135638848623,2.993197278911565,713,725,22,0,703,723,19386,10,0,0,10,2
2020-11-03,US,Mississippi,Coahoma,1293,37,0,34.22772299,-90.60415045,28027.0,5844.331947206653,2.8615622583139984,1256,1288,37,0,1251,1286,22628,5,0,0,5,2
2020-11-03,US,Mississippi,Copiah,1415,38,0,31.86977774,-90.44565118,28029.0,5041.867094245502,2.685512367491166,1377,1413,38,0,1375,1412,28543,2,0,0,2,1
2020-11-03,US,Mississippi,Covington,1021,31,0,31.63225413,-89.55389939,28031.0,5478.64348572655,3.036238981390793,990,1016,29,0,987,1009,18853,5,2,0,3,7
2020-11-03,US,Mississippi,DeSoto,7691,82,0,34.87625235,-89.99091418,28033.0,4158.53361810268,1.0661812508126385,7609,7632,81,0,7551,7552,182001,59,1,0,58,80
2020-11-03,US,Mississippi,Forrest,3180,81,0,31.18961454,-89.25832496,28035.0,4245.830941159192,2.547169811320755,3099,3176,80,0,3096,3166,75036,4,1,0,3,10
2020-11-03,US,Mississippi,Franklin,259,3,0,31.47786634,-90.89672989,28037.0,3357.967068585505,1.1583011583011582,256,258,3,0,255,258,7788,1,0,0,1,0
2020-11-03,US,Mississippi,George,1044,20,0,30.86259065,-88.64436789,28039.0,4261.224489795918,1.9157088122605364,1024,1037,20,0,1017,1037,24250,7,0,0,7,0
2020-11-03,US,Mississippi,Greene,491,18,0,31.21444233,-88.63922281,28041.0,3614.014426615634,3.665987780040733,473,489,18,0,471,488,13586,2,0,0,2,1
2020-11-03,US,Mississippi,Grenada,1252,41,0,33.77036166,-89.80245083,28043.0,6031.409577030542,3.2747603833865813,1211,1249,41,0,1208,1245,21055,3,0,0,3,4
2020-11-03,US,Mississippi,Hancock,917,31,0,30.41830223,-89.48851033,28045.0,1925.1763520322472,3.380588876772083,886,900,30,0,870,898,47334,17,1,0,16,2
2020-11-03,US,Mississippi,Harrison,5681,91,0,30.51359752,-89.12467576,28047.0,2730.199923106497,1.6018306636155606,5590,5638,89,0,5549,5625,206650,43,2,0,41,13
2020-11-03,US,Mississippi,Hinds,8239,181,0,32.2656285,-90.44435448,28049.0,3553.7439613526567,2.196868552008739,8058,8207,180,0,8027,8193,237085,32,1,0,31,14
2020-11-03,US,Mississippi,Holmes,1158,60,0,33.12345854,-90.08923538,28051.0,6807.760141093474,5.181347150259066,1098,1156,60,0,1096,1156,17622,2,0,0,2,0
2020-11-03,US,Mississippi,Humphreys,473,18,0,33.12825718,-90.52252707,28053.0,5865.575396825397,3.8054968287526423,455,470,17,0,453,469,8257,3,1,0,2,1
2020-11-03,US,Mississippi,Issaquena,107,4,0,32.72531359,-90.97392828,28055.0,8063.300678221552,3.7383177570093458,103,107,4,0,103,107,1308,0,0,0,0,0
2020-11-03,US,Mississippi,Itawamba,1215,29,0,34.27993475,-88.3606733,28057.0,5194.527575887129,2.3868312757201644,1186,1207,29,0,1178,1207,23517,8,0,0,8,0
2020-11-03,US,Mississippi,Jackson,5024,99,0,30.54020656,-88.64184064,28059.0,3498.193110843424,1.970541401273885,4925,4978,91,0,4887,4952,143277,46,8,0,38,26
2020-11-03,US,Mississippi,Jasper,714,19,0,32.01922104,-89.11786866,28061.0,4358.176158212782,2.661064425770308,695,712,18,0,694,708,16428,2,1,0,1,4
2020-11-03,US,Mississippi,Jefferson,287,11,0,31.73397872,-91.03764977,28063.0,4105.865522174535,3.8327526132404177,276,287,10,0,277,287,7106,0,1,0,-1,0
2020-11-03,US,Mississippi,Jefferson Davis,429,13,0,31.56884708,-89.82670990000004,28065.0,3855.140186915888,3.0303030303030303,416,428,13,0,415,428,11234,1,0,0,1,0
2020-11-03,US,Mississippi,Jones,3042,84,0,31.62257767,-89.16896899999998,28067.0,4467.091544538753,2.7613412228796843,2958,3032,84,0,2948,3022,68461,10,0,0,10,10
2020-11-03,US,Mississippi,Kemper,338,15,0,32.75462946,-88.64105766,28069.0,3469.513446930815,4.437869822485207,323,337,15,0,322,336,10027,1,0,0,1,1
2020-11-03,US,Mississippi,Lafayette,2628,43,0,34.35687874,-89.48490961,28071.0,4864.954923267739,1.6362252663622527,2585,2614,43,0,2571,2607,54793,14,0,0,14,7
2020-11-03,US,Mississippi,Lamar,2400,40,0,31.20572971,-89.5077704,28073.0,3788.895379126344,1.6666666666666667,2360,2391,40,0,2351,2387,62447,9,0,0,9,4
2020-11-03,US,Mississippi,Lauderdale,2679,135,0,32.40419769,-88.66229662,28075.0,3614.165261382799,5.039193729003358,2544,2666,135,0,2531,2658,75317,13,0,0,13,8
2020-11-03,US,Mississippi,Lawrence,578,14,0,31.55147224,-90.10841127,28077.0,4592.404258700143,2.4221453287197234,564,574,14,0,560,571,12455,4,0,0,4,3
2020-11-03,US,Mississippi,Leake,1188,42,0,32.7536828,-89.52402044,28079.0,5213.727727552006,3.5353535353535355,1146,1183,42,0,1141,1181,22763,5,0,0,5,2
2020-11-03,US,Mississippi,Lee,3783,84,0,34.291877500000005,-88.68149954,28081.0,4427.875836883749,2.2204599524187154,3699,3752,83,0,3669,3743,85202,31,1,0,30,9
2020-11-03,US,Mississippi,Leflore,1779,88,0,33.55545125,-90.29900733,28083.0,6312.3159351382055,4.946599213041035,1691,1771,88,0,1683,1767,28919,8,0,0,8,4
2020-11-03,US,Mississippi,Lincoln,1484,61,0,31.53288662,-90.45391915,28085.0,4345.152695224431,4.110512129380054,1423,1484,61,0,1423,1483,34205,0,0,0,0,1
2020-11-03,US,Mississippi,Lowndes,1878,62,0,33.47386518,-88.44191529999998,28087.0,3205.051625565321,3.301384451544196,1816,1863,62,0,1801,1847,58930,15,0,0,15,16
2020-11-03,US,Mississippi,Madison,3930,94,0,32.63389156,-90.03513564,28089.0,3698.0578139114723,2.3918575063613234,3836,3918,94,0,3824,3914,105630,12,0,0,12,4
2020-11-03,US,Mississippi,Marion,984,45,0,31.23132643,-89.8209217,28091.0,4004.395067757295,4.573170731707316,939,982,45,0,937,979,24715,2,0,0,2,3
2020-11-03,US,Mississippi,Marshall,1595,34,0,34.76216286,-89.50299462,28093.0,4519.181730605767,2.1316614420062696,1561,1567,32,0,1535,1548,35451,28,2,0,26,19
2020-11-03,US,Mississippi,Monroe,1595,75,0,33.89236763,-88.4808438,28095.0,4524.565982071939,4.702194357366771,1520,1582,74,0,1508,1577,35564,13,1,0,12,5
2020-11-03,US,Mississippi,Montgomery,578,23,0,33.49419589,-89.61729103,28097.0,5913.04347826087,3.97923875432526,555,576,23,0,553,575,10023,2,0,0,2,1
2020-11-03,US,Mississippi,Neshoba,1913,111,0,32.75339664,-89.11726492,28099.0,6569.8193557249815,5.802404600104548,1802,1905,111,0,1794,1901,29125,8,0,0,8,4
2020-11-03,US,Mississippi,Newton,887,28,0,32.40021118,-89.11843336,28101.0,4220.192216195642,3.156708004509583,859,887,28,0,859,887,21443,0,0,0,0,0
2020-11-03,US,Mississippi,Noxubee,609,17,0,33.11009499,-88.56949061,28103.0,5846.212921186522,2.7914614121510675,592,608,17,0,591,606,10535,1,0,0,1,2
2020-11-03,US,Mississippi,Oktibbeha,2092,57,0,33.42491685,-88.87905132,28105.0,4218.8476818520985,2.7246653919694066,2035,2089,57,0,2032,2087,49599,3,0,0,3,2
2020-11-03,US,Mississippi,Panola,1754,41,0,34.36398677,-89.95064249,28107.0,5129.854936827328,2.33751425313569,1713,1743,41,0,1702,1742,34178,11,0,0,11,1
2020-11-03,US,Mississippi,Pearl River,1215,61,0,30.77090935,-89.58677275,28109.0,2187.809489511119,5.020576131687243,1154,1207,60,0,1147,1202,55387,8,1,0,7,5
2020-11-03,US,Mississippi,Perry,545,23,0,31.17161885,-88.99281835,28111.0,4551.908460703249,4.220183486238532,522,543,23,0,520,542,11931,2,0,0,2,1
2020-11-03,US,Mississippi,Pike,1428,56,0,31.17507789,-90.40392572,28113.0,3634.697617593158,3.92156862745098,1372,1424,56,0,1368,1423,39563,4,0,0,4,1
2020-11-03,US,Mississippi,Pontotoc,1576,21,0,34.226046000000004,-89.03636807,28115.0,4898.365139553677,1.3324873096446699,1555,1558,20,0,1538,1552,31833,18,1,0,17,6
2020-11-03,US,Mississippi,Prentiss,1124,20,0,34.61810501,-88.51986294,28117.0,4473.4537928838645,1.7793594306049825,1104,1120,20,0,1100,1118,25315,4,0,0,4,2
2020-11-03,US,Mississippi,Quitman,426,7,0,34.25157572,-90.28908,28119.0,6272.084805653711,1.6431924882629108,419,425,6,0,419,425,7051,1,1,0,0,0
2020-11-03,US,Mississippi,Rankin,4218,88,0,32.26469147,-89.94537876,28121.0,2716.540757771896,2.0862968231389285,4130,4192,86,0,4106,4187,153902,26,2,0,24,5
2020-11-03,US,Mississippi,Scott,1306,29,0,32.406704100000006,-89.53789439,28123.0,4643.720665623667,2.2205206738131698,1277,1299,29,0,1270,1299,28287,7,0,0,7,0
2020-11-03,US,Mississippi,Sharkey,292,15,0,32.88149103,-90.81595379999999,28125.0,6757.69497801435,5.136986301369864,277,293,15,0,278,293,4377,-1,0,0,-1,0
2020-11-03,US,Mississippi,Simpson,1269,50,0,31.91282117,-89.91716179,28127.0,4760.297096556381,3.9401103230890464,1219,1262,50,0,1212,1260,26758,7,0,0,7,2
2020-11-03,US,Mississippi,Smith,618,16,0,32.01744532,-89.50644846,28129.0,3882.885147021865,2.588996763754045,602,616,16,0,600,615,16002,2,0,0,2,1
2020-11-03,US,Mississippi,Stone,519,14,0,30.79187949,-89.11547539,28131.0,2830.4973821989533,2.697495183044316,505,513,14,0,499,510,18717,6,0,0,6,3
2020-11-03,US,Mississippi,Sunflower,1696,52,0,33.60192578,-90.58882684,28133.0,6754.281162883313,3.0660377358490565,1644,1692,51,0,1641,1681,25735,4,1,0,3,11
2020-11-03,US,Mississippi,Tallahatchie,873,26,0,33.95339918,-90.1729398,28135.0,6321.963936563112,2.9782359679266897,847,872,26,0,846,870,13987,1,0,0,1,2
2020-11-03,US,Mississippi,Tate,1286,39,0,34.65133709,-89.94485778,28137.0,4540.8001129903605,3.0326594090202184,1247,1276,39,0,1237,1268,28759,10,0,0,10,8
2020-11-03,US,Mississippi,Tippah,986,25,0,34.76872156,-88.90988194,28139.0,4478.764478764479,2.5354969574036508,961,977,25,0,952,975,21995,9,0,0,9,2
2020-11-03,US,Mississippi,Tishomingo,852,41,0,34.74023475,-88.23917219,28141.0,4395.604395604396,4.812206572769953,811,845,41,0,804,845,19454,7,0,0,7,0
2020-11-03,US,Mississippi,Tunica,546,17,0,34.64967704,-90.37481167,28143.0,5668.604651162789,3.1135531135531136,529,544,17,0,527,541,9944,2,0,0,2,3
2020-11-03,US,Mississippi,Union,1287,25,0,34.49162015,-89.00776006,28145.0,4466.423737636646,1.9425019425019423,1262,1279,25,0,1254,1278,28606,8,0,0,8,1
2020-11-03,US,Mississippi,Walthall,651,27,0,31.14971548,-90.10446654,28147.0,4556.908861822763,4.147465437788019,624,651,27,0,624,650,14465,0,0,0,0,1
2020-11-03,US,Mississippi,Warren,1584,56,0,32.35810271,-90.83352619,28149.0,3490.447544126397,3.5353535353535355,1528,1583,56,0,1527,1583,46176,1,0,0,1,0
2020-11-03,US,Mississippi,Washington,2694,100,0,33.28392041,-90.94196237,28151.0,6135.416429433602,3.7119524870081664,2594,2691,100,0,2591,2689,45063,3,0,0,3,2
2020-11-03,US,Mississippi,Wayne,1044,22,0,31.64135687,-88.69573913,28153.0,5172.670068869841,2.10727969348659,1022,1041,22,0,1019,1040,20298,3,0,0,3,1
2020-11-03,US,Mississippi,Webster,386,13,0,33.61300486,-89.28392912,28155.0,3983.899267210239,3.3678756476683938,373,384,13,0,371,384,9788,2,0,0,2,0
2020-11-03,US,Mississippi,Wilkinson,349,21,0,31.16078225,-91.31018819,28157.0,4044.032444959444,6.017191977077363,328,346,21,0,325,346,8792,3,0,0,3,0
2020-11-03,US,Mississippi,Winston,889,22,0,33.08747908,-89.03391385,28159.0,4951.267056530214,2.4746906636670416,867,886,22,0,864,885,18165,3,0,0,3,1
2020-11-03,US,Mississippi,Yalobusha,582,19,0,34.02824175,-89.70762049999998,28161.0,4806.739345887017,3.2646048109965635,563,578,18,0,560,578,12392,4,1,0,3,0
2020-11-03,US,Mississippi,Yazoo,1312,35,0,32.77890365,-90.39656148,28163.0,4418.996295048838,2.667682926829268,1277,1291,35,0,1256,1277,28248,21,0,0,21,14
2020-11-03,US,Missouri,Adair,592,0,0,40.19058551,-92.60078167,29001.0,2335.950755632719,0.0,592,581,0,0,581,578,25339,11,0,0,11,3
2020-11-03,US,Missouri,Andrew,489,8,0,39.98492163,-94.80163024,29003.0,2760.840108401084,1.6359918200408998,481,482,8,0,474,474,17607,7,0,0,7,8
2020-11-03,US,Missouri,Atchison,91,1,0,40.43238737,-95.42970639,29005.0,1769.3952945751507,1.0989010989010992,90,90,1,0,89,86,5171,1,0,0,1,4
2020-11-03,US,Missouri,Audrain,680,11,0,39.215877,-91.84242683,29007.0,2678.4307546872533,1.6176470588235294,669,664,10,0,654,654,25473,16,1,0,15,10
2020-11-03,US,Missouri,Barry,960,10,0,36.70978521,-93.82919888,29009.0,2682.3884433764565,1.0416666666666667,950,942,9,0,933,912,35886,18,1,0,17,30
2020-11-03,US,Missouri,Barton,455,4,0,37.50207671,-94.34757022,29011.0,3871.0226305938395,0.8791208791208791,451,456,4,0,452,453,11798,-1,0,0,-1,3
2020-11-03,US,Missouri,Bates,276,8,0,38.25271289,-94.34113157,29013.0,1706.6534751422214,2.898550724637681,268,272,8,0,264,271,16320,4,0,0,4,1
2020-11-03,US,Missouri,Benton,513,7,0,38.29503305,-93.28756116,29015.0,2638.481715784601,1.364522417153996,506,511,7,0,504,504,19278,2,0,0,2,7
2020-11-03,US,Missouri,Bollinger,567,3,0,37.32449052,-90.02725304,29017.0,4673.205307838128,0.5291005291005291,564,560,3,0,557,553,12169,7,0,0,7,7
2020-11-03,US,Missouri,Boone,6513,15,0,38.99186229,-92.30723575,29019.0,3609.0500545818254,0.2303086135421465,6498,6462,15,0,6447,6443,180005,51,0,0,51,19
2020-11-03,US,Missouri,Buchanan,3163,44,0,39.65816401,-94.80138942,29021.0,3620.4844100544847,1.3910844135314575,3119,3129,43,0,3086,3093,88571,34,1,0,33,36
2020-11-03,US,Missouri,Butler,1423,8,0,36.71462476,-90.40421163,29023.0,3349.969395922595,0.5621925509486999,1415,1394,8,0,1386,1313,42639,29,0,0,29,81
2020-11-03,US,Missouri,Caldwell,197,1,0,39.65620858,-93.98308093,29025.0,2184.0354767184035,0.5076142131979695,196,195,1,0,194,194,9108,2,0,0,2,1
2020-11-03,US,Missouri,Callaway,1563,7,0,38.83674754,-91.92186505,29027.0,3493.283865632613,0.44785668586052463,1556,1503,7,0,1496,1481,44889,60,0,0,60,22
2020-11-03,US,Missouri,Camden,1717,36,0,38.02199522,-92.76083747,29029.0,3708.022891696361,2.0966802562609197,1681,1696,36,0,1660,1684,45815,21,0,0,21,12
2020-11-03,US,Missouri,Cape Girardeau,2934,55,0,37.38489388,-89.6843587,29031.0,3719.9984785282295,1.874573960463531,2879,2909,55,0,2854,2871,78753,25,0,0,25,38
2020-11-03,US,Missouri,Carroll,228,4,0,39.42762566,-93.50626255,29033.0,2627.0307639128932,1.7543859649122806,224,223,4,0,219,216,8743,5,0,0,5,7
2020-11-03,US,Missouri,Carter,195,3,0,36.94160441,-90.96051322,29035.0,3259.779338014042,1.5384615384615383,192,194,3,0,191,191,6054,1,0,0,1,3
2020-11-03,US,Missouri,Cass,2285,32,0,38.64789422,-94.353399,29037.0,2160.1436944602005,1.400437636761488,2253,2237,32,0,2205,2203,104954,48,0,0,48,34
2020-11-03,US,Missouri,Cedar,262,4,0,37.72391475,-93.85445441,29039.0,1825.9112133249705,1.5267175572519085,258,259,4,0,255,254,14165,3,0,0,3,5
2020-11-03,US,Missouri,Chariton,76,0,0,39.51499357,-92.9629191,29041.0,1023.4311877188256,0.0,76,75,0,0,75,75,7451,1,0,0,1,0
2020-11-03,US,Missouri,Christian,2534,17,0,36.9711783,-93.18537118,29043.0,2860.206557932164,0.6708760852407262,2517,2500,16,0,2484,2463,86983,34,1,0,33,37
2020-11-03,US,Missouri,Clark,137,1,0,40.41040752,-91.73661677,29045.0,2015.5951154921286,0.7299270072992701,136,135,1,0,134,130,6842,2,0,0,2,5
2020-11-03,US,Missouri,Clay,2841,49,0,39.31132056,-94.41850862,29047.0,1136.6364203754379,1.7247448081661387,2792,2801,49,0,2752,2761,246365,40,0,0,40,40
2020-11-03,US,Missouri,Clinton,574,25,0,39.6013098,-94.40465394,29049.0,2815.519693922597,4.355400696864112,549,570,25,0,545,558,20470,4,0,0,4,12
2020-11-03,US,Missouri,Cole,3591,26,0,38.50455671,-92.27860244,29051.0,4679.132191022217,0.7240323029796714,3565,3506,26,0,3480,3430,76796,85,0,0,85,76
2020-11-03,US,Missouri,Cooper,698,4,0,38.844478,-92.80896081,29053.0,3941.498672991135,0.5730659025787965,694,685,4,0,681,678,17603,13,0,0,13,7
2020-11-03,US,Missouri,Crawford,722,9,0,37.97663738,-91.30528104,29055.0,3018.394648829432,1.2465373961218835,713,718,9,0,709,695,23957,4,0,0,4,23
2020-11-03,US,Missouri,Dade,155,1,0,37.431814,-93.8503345,29057.0,2049.993387118106,0.6451612903225806,154,154,0,0,154,152,7569,1,1,0,0,2
2020-11-03,US,Missouri,Dallas,414,2,0,37.681135499999996,-93.02127031,29059.0,2452.897262708852,0.4830917874396135,412,411,2,0,409,406,16762,3,0,0,3,5
2020-11-03,US,Missouri,Daviess,237,4,0,39.96145298,-93.98519678,29061.0,2863.010388982846,1.6877637130801688,233,234,4,0,230,233,8313,3,0,0,3,1
2020-11-03,US,Missouri,DeKalb,352,3,0,39.89201062,-94.40476508,29063.0,2805.4515023511603,0.8522727272727273,349,324,3,0,321,320,12630,28,0,0,28,4
2020-11-03,US,Missouri,Dent,284,4,0,37.60663134,-91.50790473,29065.0,1823.6691710010919,1.4084507042253518,280,280,4,0,276,276,15441,4,0,0,4,4
2020-11-03,US,Missouri,Douglas,312,13,0,36.9325593,-92.49905109,29067.0,2366.325369738339,4.166666666666667,299,308,12,0,296,305,13373,4,1,0,3,3
2020-11-03,US,Missouri,Dunklin,1222,13,0,36.27167174,-90.09122243,29069.0,4194.8439806391825,1.0638297872340423,1209,1209,13,0,1196,1198,29423,13,0,0,13,11
2020-11-03,US,Missouri,Franklin,3022,50,0,38.41127108,-91.07522826,29071.0,2906.6915463560554,1.6545334215751155,2972,2995,48,0,2947,2941,103670,27,2,0,25,54
2020-11-03,US,Missouri,Gasconade,303,24,0,38.43947277,-91.50847147,29073.0,2060.3835169318645,7.920792079207921,279,295,24,0,271,289,14705,8,0,0,8,6
2020-11-03,US,Missouri,Gentry,212,10,0,40.21097916,-94.40944419,29075.0,3226.297367219601,4.716981132075472,202,209,10,0,199,201,6628,3,0,0,3,8
2020-11-03,US,Missouri,Greene,9856,142,0,37.2575872,-93.34230916,29077.0,3362.835481735737,1.4407467532467533,9714,9767,140,0,9627,9668,291923,89,2,0,87,99
2020-11-03,US,Missouri,Grundy,288,11,0,40.11406587,-93.56509276,29079.0,2923.8578680203045,3.8194444444444446,277,286,11,0,275,284,9914,2,0,0,2,2
2020-11-03,US,Missouri,Harrison,203,1,0,40.35570088,-93.99222144,29081.0,2430.555555555556,0.4926108374384237,202,203,1,0,202,197,8414,0,0,0,0,6
2020-11-03,US,Missouri,Henry,469,8,0,38.38482826,-93.79293734,29083.0,2149.0102639296188,1.7057569296375266,461,465,8,0,457,444,21792,4,0,0,4,21
2020-11-03,US,Missouri,Hickory,261,4,0,37.94163617,-93.3203037,29085.0,2734.702430846605,1.5325670498084292,257,258,4,0,254,255,9509,3,0,0,3,3
2020-11-03,US,Missouri,Holt,131,1,0,40.09799248,-95.21638879999999,29087.0,2975.24415171474,0.7633587786259542,130,131,1,0,130,127,4404,0,0,0,0,4
2020-11-03,US,Missouri,Howard,277,2,0,39.1435761,-92.69756691,29089.0,2769.72302769723,0.7220216606498195,275,273,2,0,271,273,10137,4,0,0,4,0
2020-11-03,US,Missouri,Howell,1301,14,0,36.77383887,-91.88683935,29091.0,3243.014183513224,1.0760953112990008,1287,1293,14,0,1279,1274,40076,8,0,0,8,19
2020-11-03,US,Missouri,Iron,123,0,0,37.55487945,-90.7735296,29093.0,1214.8148148148148,0.0,123,118,0,0,118,115,10177,5,0,0,5,3
2020-11-03,US,Missouri,Jackson,10893,142,0,39.01002188,-94.34724536,29095.0,1549.4778886816848,1.3035894611218213,10751,10777,140,0,10637,10582,700307,116,2,0,114,195
2020-11-03,US,Missouri,Jasper,5625,77,0,37.20351921,-94.34050458,29097.0,4636.192799683503,1.3688888888888888,5548,5610,77,0,5533,5572,120636,15,0,0,15,38
2020-11-03,US,Missouri,Jefferson,6239,90,0,38.25926778,-90.53870896,29099.0,2771.8910081259637,1.4425388684083988,6149,6133,89,0,6044,6025,224347,106,1,0,105,108
2020-11-03,US,Missouri,Johnson,1626,10,0,38.74719601,-93.80691168,29101.0,3007.6578742924794,0.6150061500615006,1616,1612,10,0,1602,1574,53652,14,0,0,14,38
2020-11-03,US,Missouri,Kansas City,15738,222,0,39.0997,-94.5786,0.0,3218.780103202214,1.4105985512771635,15516,15593,213,0,15380,15372,491918,145,9,0,136,221
2020-11-03,US,Missouri,Knox,70,1,0,40.12699751,-92.14780832,29103.0,1768.1232634503665,1.4285714285714286,69,69,1,0,68,69,3947,1,0,0,1,0
2020-11-03,US,Missouri,Laclede,1284,23,0,37.65896829,-92.5888493,29105.0,3594.322985191613,1.7912772585669785,1261,1276,23,0,1253,1265,35713,8,0,0,8,11
2020-11-03,US,Missouri,Lafayette,953,26,0,39.06986886,-93.78076396,29107.0,2913.6602666014433,2.728226652675761,927,938,26,0,912,912,32598,15,0,0,15,26
2020-11-03,US,Missouri,Lawrence,1239,24,0,37.10626634,-93.83293097,29109.0,3230.348064137661,1.937046004842615,1215,1222,24,0,1198,1193,38359,17,0,0,17,29
2020-11-03,US,Missouri,Lewis,244,2,0,40.09673161,-91.72070156,29111.0,2495.9083469721772,0.819672131147541,242,235,2,0,233,226,9855,9,0,0,9,9
2020-11-03,US,Missouri,Lincoln,1349,5,0,39.05345619,-90.95588181,29113.0,2285.936996932879,0.3706449221645664,1344,1334,5,0,1329,1312,57686,15,0,0,15,22
2020-11-03,US,Missouri,Linn,179,7,0,39.87001769,-93.10704106,29115.0,1501.6778523489936,3.910614525139665,172,177,7,0,170,173,12037,2,0,0,2,4
2020-11-03,US,Missouri,Livingston,591,9,0,39.78110272,-93.54645978,29117.0,3881.263545018717,1.5228426395939083,582,588,9,0,579,584,15146,3,0,0,3,4
2020-11-03,US,Missouri,Macon,258,1,0,39.83049768,-92.56453089,29121.0,1706.6878348878745,0.3875968992248062,257,256,1,0,255,252,15153,2,0,0,2,4
2020-11-03,US,Missouri,Madison,553,3,0,37.47865134,-90.34671429999999,29123.0,4574.784910655195,0.5424954792043399,550,554,3,0,551,545,12188,-1,0,0,-1,9
2020-11-03,US,Missouri,Maries,230,1,0,38.16193985,-91.92249662,29125.0,2644.5900885362767,0.43478260869565216,229,226,0,0,226,222,8769,4,1,0,3,4
2020-11-03,US,Missouri,Marion,1065,14,0,39.80601912,-91.62203062,29127.0,3732.912723449001,1.3145539906103287,1051,1028,14,0,1014,1008,28592,37,0,0,37,20
2020-11-03,US,Missouri,McDonald,1266,12,0,36.62869595,-94.34867205,29119.0,5543.635328633358,0.9478672985781992,1254,1264,12,0,1252,1259,23078,2,0,0,2,5
2020-11-03,US,Missouri,Mercer,37,0,0,40.42212303,-93.56829590000001,29129.0,1022.9471938070224,0.0,37,37,0,0,37,37,3641,0,0,0,0,0
2020-11-03,US,Missouri,Miller,1004,15,0,38.21450288,-92.42610898,29131.0,3918.9663921308397,1.49402390438247,989,991,15,0,976,978,25336,13,0,0,13,13
2020-11-03,US,Missouri,Mississippi,487,6,0,36.82516239,-89.29505753,29133.0,3694.9924127465856,1.2320328542094456,481,467,6,0,461,464,13336,20,0,0,20,3
2020-11-03,US,Missouri,Moniteau,727,12,0,38.63571781,-92.57976951,29135.0,4506.570790974462,1.6506189821182944,715,719,12,0,707,706,16121,8,0,0,8,13
2020-11-03,US,Missouri,Monroe,198,2,0,39.49593978,-92.00043978,29137.0,2290.606200832948,1.0101010101010102,196,196,2,0,194,192,8664,2,0,0,2,4
2020-11-03,US,Missouri,Montgomery,202,1,0,38.94022054,-91.47000721,29139.0,1748.7663405765734,0.4950495049504951,201,200,1,0,199,191,11534,2,0,0,2,9
2020-11-03,US,Missouri,Morgan,771,8,0,38.4181765,-92.88791859,29141.0,3737.8193629708644,1.0376134889753568,763,762,8,0,754,745,20358,9,0,0,9,17
2020-11-03,US,Missouri,New Madrid,850,23,0,36.59666326,-89.66070007,29143.0,4977.746544858282,2.7058823529411766,827,835,23,0,812,827,17296,15,0,0,15,8
2020-11-03,US,Missouri,Newton,2192,22,0,36.90519407,-94.3394104,29145.0,3763.9947798612543,1.0036496350364963,2170,2188,22,0,2166,2181,58266,4,0,0,4,7
2020-11-03,US,Missouri,Nodaway,1303,11,0,40.36079813,-94.88133008,29147.0,5898.062647112077,0.8442056792018419,1292,1278,11,0,1267,1278,22304,25,0,0,25,0
2020-11-03,US,Missouri,Oregon,254,0,0,36.68710164,-91.4033755,29149.0,2412.3848418653242,0.0,254,253,0,0,253,247,10541,1,0,0,1,6
2020-11-03,US,Missouri,Osage,582,3,0,38.46036182,-91.8613635,29151.0,4274.6970253396985,0.5154639175257731,579,571,3,0,568,559,13714,11,0,0,11,12
2020-11-03,US,Missouri,Ozark,230,1,0,36.64916339,-92.44459066,29153.0,2507.0852408981905,0.43478260869565216,229,228,1,0,227,226,9017,2,0,0,2,2
2020-11-03,US,Missouri,Pemiscot,781,14,0,36.2130572,-89.78742322,29155.0,4941.474217019931,1.792573623559539,767,771,14,0,757,761,16272,10,0,0,10,10
2020-11-03,US,Missouri,Perry,900,8,0,37.70660776,-89.82741088,29157.0,4703.177257525083,0.8888888888888888,892,886,8,0,878,876,19150,14,0,0,14,10
2020-11-03,US,Missouri,Pettis,1855,24,0,38.72798918,-93.28471706,29159.0,4381.303290110773,1.293800539083558,1831,1837,24,0,1813,1795,42542,18,0,0,18,42
2020-11-03,US,Missouri,Phelps,953,30,0,37.87736118,-91.79351727,29161.0,2138.065645121486,3.1479538300104934,923,950,29,0,921,932,44732,3,1,0,2,18
2020-11-03,US,Missouri,Pike,409,8,0,39.34310674,-91.16980779,29163.0,2234.7284449786907,1.9559902200489,401,402,8,0,394,386,18504,7,0,0,7,16
2020-11-03,US,Missouri,Platte,1083,13,0,39.38154439,-94.77068479,29165.0,1037.177498132506,1.2003693444136658,1070,1067,13,0,1054,1055,102985,16,0,0,16,12
2020-11-03,US,Missouri,Polk,1100,11,0,37.616229600000004,-93.39828174,29167.0,3421.568322498367,1.0,1089,1091,10,0,1081,1086,32201,9,1,0,8,5
2020-11-03,US,Missouri,Pulaski,1095,11,0,37.82462075,-92.20783203,29169.0,2081.4720474461574,1.0045662100456618,1084,1090,11,0,1079,1074,52014,5,0,0,5,16
2020-11-03,US,Missouri,Putnam,61,1,0,40.47942497,-93.02042674,29171.0,1298.977853492334,1.639344262295082,60,61,1,0,60,61,4757,0,0,0,0,0
2020-11-03,US,Missouri,Ralls,223,0,0,39.52817427,-91.51838643,29173.0,2163.1584052769426,0.0,223,222,0,0,222,221,10212,1,0,0,1,1
2020-11-03,US,Missouri,Randolph,698,3,0,39.44007257,-92.49713740000001,29175.0,2820.4299337320185,0.4297994269340974,695,683,3,0,680,680,24763,15,0,0,15,3
2020-11-03,US,Missouri,Ray,340,2,0,39.353746799999996,-93.98905745,29177.0,1477.1048744460854,0.5882352941176471,338,333,2,0,331,315,22883,7,0,0,7,18
2020-11-03,US,Missouri,Reynolds,97,1,0,37.36085952,-90.97009925,29179.0,1547.049441786284,1.0309278350515465,96,95,1,0,94,96,6254,2,0,0,2,-1
2020-11-03,US,Missouri,Ripley,300,4,0,36.65460667,-90.85990261,29181.0,2257.676098735701,1.3333333333333333,296,296,4,0,292,290,13401,4,0,0,4,6
2020-11-03,US,Missouri,Saline,1050,11,0,39.13734288,-93.20259964,29195.0,4613.15407934625,1.0476190476190477,1039,1026,11,0,1015,1011,22895,24,0,0,24,15
2020-11-03,US,Missouri,Schuyler,51,0,0,40.46921489,-92.52311943,29197.0,1094.4206008583692,0.0,51,50,0,0,50,47,4599,1,0,0,1,3
2020-11-03,US,Missouri,Scotland,84,1,0,40.45214695,-92.14709064,29199.0,1713.5862913096696,1.1904761904761905,83,82,1,0,81,81,4966,2,0,0,2,1
2020-11-03,US,Missouri,Scott,1600,27,0,37.05588075,-89.56474493,29201.0,4179.728317659352,1.6875,1573,1585,26,0,1559,1551,38458,15,1,0,14,34
2020-11-03,US,Missouri,Shannon,277,5,0,37.15772072,-91.40190382,29203.0,3392.113641929953,1.8050541516245489,272,275,5,0,270,270,8189,2,0,0,2,5
2020-11-03,US,Missouri,Shelby,112,1,0,39.79742518,-92.07634971,29205.0,1888.7015177065769,0.8928571428571429,111,112,1,0,111,112,6050,0,0,0,0,0
2020-11-03,US,Missouri,St. Charles,11998,157,0,38.77875681,-90.66662425,29183.0,2984.413788300142,1.3085514252375396,11841,11832,156,0,11676,11681,399182,166,1,0,165,151
2020-11-03,US,Missouri,St. Clair,133,1,0,38.03699437,-93.77631447,29185.0,1415.3453229754175,0.7518796992481203,132,130,1,0,129,129,9395,3,0,0,3,1
2020-11-03,US,Missouri,St. Francois,3178,29,0,37.81214171,-90.47598685,29187.0,4728.111284683479,0.9125235997482694,3149,3126,29,0,3097,3050,66692,52,0,0,52,76
2020-11-03,US,Missouri,St. Louis,32801,894,0,38.63770039999999,-90.4458375,29189.0,3299.2189739540636,2.725526660772537,31907,32500,891,0,31609,31992,996945,301,3,0,298,508
2020-11-03,US,Missouri,St. Louis City,8976,225,0,38.63555736,-90.24349225,29510.0,2986.2663685723405,2.5066844919786098,8751,8901,225,0,8676,8746,302838,75,0,0,75,155
2020-11-03,US,Missouri,Ste. Genevieve,519,2,0,37.89090059,-90.1949941,29186.0,2900.413546440148,0.3853564547206166,517,503,1,0,502,480,17888,16,1,0,15,23
2020-11-03,US,Missouri,Stoddard,972,15,0,36.85571651,-89.9444155,29207.0,3348.837209302325,1.5432098765432098,957,965,15,0,950,951,29206,7,0,0,7,14
2020-11-03,US,Missouri,Stone,779,11,0,36.75000327,-93.45256475,29209.0,2438.032048072108,1.4120667522464698,768,770,11,0,759,753,31749,9,0,0,9,17
2020-11-03,US,Missouri,Sullivan,393,3,0,40.2099105,-93.11150106,29211.0,6454.261783544095,0.7633587786259542,390,384,3,0,381,381,6221,9,0,0,9,3
2020-11-03,US,Missouri,Taney,1928,35,0,36.65465345,-93.04075153,29213.0,3447.2893720497773,1.815352697095436,1893,1916,35,0,1881,1879,55852,12,0,0,12,37
2020-11-03,US,Missouri,Texas,656,3,0,37.31728859,-91.96564727,29215.0,2582.880541774943,0.4573170731707317,653,649,3,0,646,634,25571,7,0,0,7,15
2020-11-03,US,Missouri,Vernon,385,3,0,37.8457799,-94.34127305,29217.0,1872.2948986042893,0.7792207792207793,382,377,3,0,374,371,20528,8,0,0,8,6
2020-11-03,US,Missouri,Warren,689,2,0,38.76529479,-91.16124662,29219.0,1932.7330359897887,0.2902757619738752,687,681,2,0,679,672,34711,8,0,0,8,9
2020-11-03,US,Missouri,Washington,754,20,0,37.96130078,-90.87948158,29221.0,3048.9284270117273,2.6525198938992043,734,741,20,0,721,728,24943,13,0,0,13,13
2020-11-03,US,Missouri,Wayne,344,3,0,37.11303869,-90.46001416,29223.0,2672.259768507729,0.8720930232558141,341,336,3,0,333,331,13122,8,0,0,8,5
2020-11-03,US,Missouri,Webster,1266,17,0,37.2813734,-92.876329,29225.0,3197.615679935341,1.3428120063191151,1249,1256,16,0,1240,1239,39109,10,1,0,9,17
2020-11-03,US,Missouri,Worth,37,0,0,40.47945588,-94.42328751,29227.0,1838.0526577247888,0.0,37,37,0,0,37,36,2040,0,0,0,0,1
2020-11-03,US,Missouri,Wright,627,8,0,37.27029221,-92.46914488,29229.0,3428.2902290994593,1.2759170653907497,619,626,8,0,618,620,18378,1,0,0,1,6
2020-11-03,US,Montana,Beaverhead,308,1,0,45.13434354,-112.89846940000001,30001.0,3258.2249021474663,0.3246753246753247,307,305,1,0,304,284,9404,3,0,0,3,21
2020-11-03,US,Montana,Big Horn,1431,39,0,45.42335905,-107.492347,30003.0,10744.049853592613,2.7253668763102725,1392,1433,39,0,1394,1400,13338,-2,0,0,-2,33
2020-11-03,US,Montana,Blaine,385,7,0,48.43175214,-108.9582723,30005.0,5762.610387666517,1.818181818181818,378,373,7,0,366,349,6807,12,0,0,12,24
2020-11-03,US,Montana,Broadwater,94,0,0,46.33277565,-111.49558130000001,30007.0,1507.1348404681735,0.0,94,94,0,0,94,92,6085,0,0,0,0,2
2020-11-03,US,Montana,Carbon,284,1,0,45.22850116,-109.0274047,30009.0,2648.018648018648,0.35211267605633795,283,277,1,0,276,275,10714,7,0,0,7,2
2020-11-03,US,Montana,Carter,77,2,0,45.5197966,-104.53955359999999,30011.0,6150.159744408947,2.5974025974025974,75,77,2,0,75,77,1238,0,0,0,0,0
2020-11-03,US,Montana,Cascade,2374,16,0,47.30797024,-111.3467922,30013.0,2917.6806036919597,0.6739679865206403,2358,2241,16,0,2225,2199,81643,133,0,0,133,42
2020-11-03,US,Montana,Chouteau,126,0,0,47.88084126,-110.4353362,30015.0,2236.0248447204967,0.0,126,122,0,0,122,119,5745,4,0,0,4,3
2020-11-03,US,Montana,Custer,367,5,0,46.25319932,-105.57375259999998,30017.0,3218.733555516576,1.3623978201634876,362,345,3,0,342,344,11586,22,2,0,20,1
2020-11-03,US,Montana,Daniels,49,3,0,48.78420029,-105.54763429999998,30019.0,2899.408284023669,6.1224489795918355,46,49,3,0,46,49,1747,0,0,0,0,0
2020-11-03,US,Montana,Dawson,296,4,0,47.26584855,-104.89444170000002,30021.0,3436.665505631023,1.351351351351351,292,279,4,0,275,278,8680,17,0,0,17,1
2020-11-03,US,Montana,Deer Lodge,492,3,0,46.05953325,-113.073353,30023.0,5382.932166301969,0.6097560975609756,489,491,1,0,490,473,9131,1,2,0,-1,18
2020-11-03,US,Montana,Fallon,96,0,0,46.33478338,-104.41835649999999,30025.0,3373.1553056922,0.0,96,85,0,0,85,85,2920,11,0,0,11,0
2020-11-03,US,Montana,Fergus,270,2,0,47.26331584,-109.2245206,30027.0,2443.438914027149,0.7407407407407407,268,270,2,0,268,260,11113,0,0,0,0,10
2020-11-03,US,Montana,Flathead,3750,27,0,48.29575866,-114.05205690000001,30029.0,3612.507947517485,0.72,3723,3686,27,0,3659,3615,102106,64,0,0,64,71
2020-11-03,US,Montana,Gallatin,3743,9,0,45.54486106,-111.1692571,30031.0,3270.8810318611604,0.2404488378306172,3734,3607,9,0,3598,3550,111876,136,0,0,136,57
2020-11-03,US,Montana,Garfield,30,0,0,47.27545948,-107.0002351,30033.0,2384.737678855326,0.0,30,30,0,0,30,30,1268,0,0,0,0,0
2020-11-03,US,Montana,Glacier,1049,16,0,48.70513576,-112.9934235,30035.0,7627.426743256017,1.5252621544327931,1033,1012,16,0,996,1003,13747,37,0,0,37,9
2020-11-03,US,Montana,Golden Valley,16,0,0,46.3816474,-109.17685220000001,30037.0,1948.84287454324,0.0,16,16,0,0,16,16,826,0,0,0,0,0
2020-11-03,US,Montana,Granite,74,0,0,46.40605220000001,-113.4414186,30039.0,2189.9970405445397,0.0,74,74,0,0,74,71,3378,0,0,0,0,3
2020-11-03,US,Montana,Hill,934,20,0,48.62879827,-110.1129252,30041.0,5666.1004610531445,2.1413276231263385,914,913,20,0,893,896,16347,21,0,0,21,17
2020-11-03,US,Montana,Jefferson,197,0,0,46.14907081,-112.094396,30043.0,1611.9793797561576,0.0,197,186,0,0,186,186,12097,11,0,0,11,0
2020-11-03,US,Montana,Judith Basin,18,0,0,47.04581276,-110.26606880000001,30045.0,896.8609865470853,0.0,18,18,0,0,18,16,1952,0,0,0,0,2
2020-11-03,US,Montana,Lake,656,7,0,47.64514965,-114.0898013,30047.0,2153.785540744632,1.0670731707317074,649,645,6,0,639,613,30250,11,1,0,10,32
2020-11-03,US,Montana,Lewis and Clark,1173,6,0,47.12610041,-112.39469799999999,30049.0,1689.422744555825,0.5115089514066496,1167,1136,6,0,1130,1097,68700,37,0,0,37,39
2020-11-03,US,Montana,Liberty,38,0,0,48.56084317,-111.02430700000001,30051.0,1626.0162601626016,0.0,38,38,0,0,38,35,2430,0,0,0,0,3
2020-11-03,US,Montana,Lincoln,343,6,0,48.54265777,-115.4046155,30053.0,1716.7167167167165,1.749271137026239,337,336,5,0,331,329,19794,7,1,0,6,7
2020-11-03,US,Montana,Madison,214,1,0,45.30080065,-111.9173017,30057.0,2488.3720930232557,0.4672897196261682,213,211,1,0,210,205,8768,3,0,0,3,6
2020-11-03,US,Montana,McCone,68,0,0,47.64469406,-105.79449939999999,30055.0,4086.5384615384614,0.0,68,67,0,0,67,65,1675,1,0,0,1,2
2020-11-03,US,Montana,Meagher,91,5,0,46.59907074,-110.8898557,30059.0,4887.218045112782,5.494505494505495,86,84,5,0,79,84,1866,7,0,0,7,0
2020-11-03,US,Montana,Mineral,17,0,0,47.15283992,-115.00152390000001,30061.0,386.62724584944283,0.0,17,17,0,0,17,16,4316,0,0,0,0,1
2020-11-03,US,Montana,Missoula,2534,23,0,47.03728583,-113.92135079999998,30063.0,2118.7290969899664,0.9076558800315706,2511,2467,20,0,2447,2414,118791,67,3,0,64,53
2020-11-03,US,Montana,Musselshell,130,2,0,46.49684637,-108.39498,30065.0,2805.9572631124543,1.5384615384615383,128,128,2,0,126,128,4651,2,0,0,2,0
2020-11-03,US,Montana,Park,295,0,0,45.48965095,-110.52643940000002,30067.0,1776.4663374683844,0.0,295,286,0,0,286,285,16736,9,0,0,9,1
2020-11-03,US,Montana,Petroleum,4,0,0,47.118246299999996,-108.2508876,30069.0,821.3552361396304,0.0,4,4,0,0,4,4,513,0,0,0,0,0
2020-11-03,US,Montana,Phillips,196,1,0,48.25936577,-107.9128511,30071.0,4957.0055639858365,0.5102040816326531,195,195,1,0,194,193,4074,1,0,0,1,2
2020-11-03,US,Montana,Pondera,196,1,0,48.22773388,-112.22527029999999,30073.0,3315.8518017255965,0.5102040816326531,195,192,1,0,191,192,5972,4,0,0,4,0
2020-11-03,US,Montana,Powder River,67,5,0,45.39617714,-105.636738,30075.0,3983.3531510107014,7.462686567164179,62,65,5,0,60,65,1716,2,0,0,2,0
2020-11-03,US,Montana,Powell,198,0,0,46.85538891,-112.93591640000001,30077.0,2873.730043541365,0.0,198,193,0,0,193,183,6968,5,0,0,5,10
2020-11-03,US,Montana,Prairie,33,0,0,46.86048047,-105.379384,30079.0,3064.066852367688,0.0,33,33,0,0,33,33,1087,0,0,0,0,0
2020-11-03,US,Montana,Ravalli,577,4,0,46.08520862,-114.11891640000002,30081.0,1317.1711637675205,0.6932409012131716,573,556,4,0,552,535,43172,21,0,0,21,21
2020-11-03,US,Montana,Richland,365,6,0,47.78668011,-104.5610786,30083.0,3378.691104322873,1.643835616438356,359,361,5,0,356,359,10913,4,1,0,3,2
2020-11-03,US,Montana,Roosevelt,1043,30,0,48.29607488,-105.00792679999999,30085.0,9478.371501272264,2.8763183125599237,1013,1024,30,0,994,1022,11059,19,0,0,19,2
2020-11-03,US,Montana,Rosebud,870,21,0,46.23397237,-106.72928799999998,30087.0,9734.810339039946,2.413793103448276,849,864,21,0,843,858,9063,6,0,0,6,6
2020-11-03,US,Montana,Sanders,113,2,0,47.67657534,-115.1329916,30089.0,932.8820275736812,1.7699115044247788,111,108,2,0,106,108,11844,5,0,0,5,0
2020-11-03,US,Montana,Sheridan,93,0,0,48.72085833,-104.50382900000001,30091.0,2810.516772438804,0.0,93,91,0,0,91,83,3424,2,0,0,2,8
2020-11-03,US,Montana,Silver Bow,699,5,0,45.90018933,-112.6620092,30093.0,2002.0048689674923,0.7153075822603719,694,679,2,0,677,654,34993,20,3,0,17,25
2020-11-03,US,Montana,Stillwater,248,3,0,45.67071407,-109.3950061,30095.0,2572.080481227961,1.2096774193548387,245,231,3,0,228,231,9534,17,0,0,17,0
2020-11-03,US,Montana,Sweet Grass,110,2,0,45.81367654,-109.9425686,30097.0,2943.5375970029436,1.818181818181818,108,104,2,0,102,97,3710,6,0,0,6,7
2020-11-03,US,Montana,Teton,94,1,0,47.83741052,-112.24106880000001,30099.0,1529.2012363754675,1.0638297872340423,93,92,1,0,91,92,6162,2,0,0,2,0
2020-11-03,US,Montana,Toole,430,8,0,48.65577551,-111.69424140000001,30101.0,9079.391891891892,1.8604651162790695,422,336,8,0,328,336,4853,94,0,0,94,0
2020-11-03,US,Montana,Treasure,24,1,0,46.20973220000001,-107.26665159999999,30103.0,3448.2758620689656,4.166666666666667,23,24,1,0,23,24,679,0,0,0,0,0
2020-11-03,US,Montana,Valley,401,5,0,48.36435097,-106.6669635,30105.0,5421.849648458627,1.2468827930174564,396,401,5,0,396,383,7437,0,0,0,0,18
2020-11-03,US,Montana,Wheatland,74,3,0,46.46652491,-109.84646359999999,30107.0,3480.7149576669813,4.0540540540540535,71,74,3,0,71,73,2236,0,0,0,0,1
2020-11-03,US,Montana,Wibaux,45,0,0,46.95925154,-104.2510927,30109.0,4643.962848297214,0.0,45,45,0,0,45,44,1034,0,0,0,0,1
2020-11-03,US,Montana,Yellowstone,7260,96,0,45.93955949,-108.26914860000001,30111.0,4500.929944203348,1.3223140495867771,7164,7182,96,0,7086,6988,160137,78,0,0,78,194
2020-11-03,US,Nebraska,Adams,955,15,0,40.52449420000001,-98.50117804,31001.0,3044.989318623856,1.5706806282722514,940,932,15,0,917,922,31511,23,0,0,23,10
2020-11-03,US,Nebraska,Antelope,187,1,0,42.17695516,-98.06662829999999,31003.0,2969.1965703397905,0.5347593582887701,186,183,1,0,182,182,6336,4,0,0,4,1
2020-11-03,US,Nebraska,Arthur,5,0,0,41.56896142,-101.6959559,31005.0,1079.913606911447,0.0,5,5,0,0,5,5,465,0,0,0,0,0
2020-11-03,US,Nebraska,Banner,4,0,0,41.54634427,-103.7114332,31007.0,536.9127516778524,0.0,4,4,0,0,4,4,730,0,0,0,0,0
2020-11-03,US,Nebraska,Blaine,4,0,0,41.91311716,-99.97677845,31009.0,860.2150537634409,0.0,4,4,0,0,4,4,476,0,0,0,0,0
2020-11-03,US,Nebraska,Boone,177,0,0,41.70759415,-98.06737183,31011.0,3409.090909090909,0.0,177,171,0,0,171,170,5239,6,0,0,6,1
2020-11-03,US,Nebraska,Box Butte,283,1,0,42.22079243,-103.08788340000001,31013.0,2624.501530186405,0.353356890459364,282,280,1,0,279,280,10772,3,0,0,3,0
2020-11-03,US,Nebraska,Boyd,82,0,0,42.899727399999996,-98.76486568,31015.0,4273.058884835852,0.0,82,80,0,0,80,78,1955,2,0,0,2,2
2020-11-03,US,Nebraska,Brown,86,0,0,42.43018907,-99.92904055,31017.0,2910.321489001692,0.0,86,86,0,0,86,86,2973,0,0,0,0,0
2020-11-03,US,Nebraska,Buffalo,2066,19,0,40.85486962,-99.07500296,31019.0,4160.3737489679625,0.9196515004840272,2047,2020,19,0,2001,2011,49615,46,0,0,46,9
2020-11-03,US,Nebraska,Burt,172,1,0,41.85056773,-96.32605633,31021.0,2662.950921195232,0.5813953488372093,171,161,1,0,160,152,6488,11,0,0,11,9
2020-11-03,US,Nebraska,Butler,317,2,0,41.22703692,-97.13106306,31023.0,3954.590818363273,0.6309148264984227,315,310,2,0,308,305,8058,7,0,0,7,5
2020-11-03,US,Nebraska,Cass,633,4,0,40.90899107,-96.13971217,31025.0,2411.61231331911,0.631911532385466,629,618,4,0,614,605,26159,15,0,0,15,13
2020-11-03,US,Nebraska,Cedar,171,0,0,42.598885100000004,-97.25311951,31027.0,2035.2297072125684,0.0,171,168,0,0,168,168,8446,3,0,0,3,0
2020-11-03,US,Nebraska,Chase,167,0,0,40.523719799999995,-101.69780259999999,31029.0,4255.861365953109,0.0,167,165,0,0,165,164,3977,2,0,0,2,1
2020-11-03,US,Nebraska,Cherry,83,4,0,42.54502621,-101.1244332,31031.0,1458.9558797679733,4.819277108433735,79,82,4,0,78,81,5761,1,0,0,1,1
2020-11-03,US,Nebraska,Cheyenne,138,0,0,41.21999357,-102.9941693,31033.0,1548.8215488215487,0.0,138,132,0,0,132,130,9310,6,0,0,6,2
2020-11-03,US,Nebraska,Clay,209,1,0,40.52439441,-98.05126296,31035.0,3369.337417378688,0.4784688995215311,208,202,1,0,201,195,6214,7,0,0,7,7
2020-11-03,US,Nebraska,Colfax,987,7,0,41.57486951,-97.0868542,31037.0,9216.546829769351,0.7092198581560284,980,974,7,0,967,971,10881,13,0,0,13,3
2020-11-03,US,Nebraska,Cuming,338,3,0,41.91637624,-96.78730772,31039.0,3820.936016278544,0.8875739644970414,335,329,3,0,326,322,8940,9,0,0,9,7
2020-11-03,US,Nebraska,Custer,262,5,0,41.39374521,-99.72805369,31041.0,2431.103275494108,1.9083969465648856,257,253,5,0,248,250,10840,9,0,0,9,3
2020-11-03,US,Nebraska,Dakota,2628,49,0,42.39040144,-96.56656425,31043.0,13122.940177768898,1.8645357686453576,2579,2614,49,0,2565,2604,20083,14,0,0,14,10
2020-11-03,US,Nebraska,Dawes,273,5,0,42.71985036,-103.1313774,31045.0,3178.4841075794625,1.8315018315018317,268,272,5,0,267,270,8716,1,0,0,1,2
2020-11-03,US,Nebraska,Dawson,1386,15,0,40.87028216,-99.82014609999999,31047.0,5874.125874125874,1.0822510822510822,1371,1377,15,0,1362,1363,23709,9,0,0,9,14
2020-11-03,US,Nebraska,Deuel,15,0,0,41.11168186,-102.33333309999999,31049.0,836.1204013377928,0.0,15,15,0,0,15,15,1825,0,0,0,0,0
2020-11-03,US,Nebraska,Dixon,179,2,0,42.49188363,-96.86782408,31051.0,3176.0113555713274,1.11731843575419,177,173,2,0,171,170,5709,6,0,0,6,3
2020-11-03,US,Nebraska,Dodge,1847,21,0,41.58071748,-96.65598179,31053.0,5051.278545056748,1.136978884677856,1826,1813,21,0,1792,1776,36791,34,0,0,34,37
2020-11-03,US,Nebraska,Douglas,24260,233,0,41.29518299,-96.15085305,31055.0,4246.254771785685,0.9604286892003298,24027,23894,232,0,23662,23605,566880,366,1,0,365,289
2020-11-03,US,Nebraska,Dundy,33,1,0,40.17638677,-101.6876522,31057.0,1949.2025989367985,3.0303030303030303,32,33,1,0,32,29,1770,0,0,0,0,4
2020-11-03,US,Nebraska,Fillmore,134,2,0,40.52458567,-97.59646937,31059.0,2453.3138044672282,1.492537313432836,132,129,2,0,127,128,5527,5,0,0,5,1
2020-11-03,US,Nebraska,Franklin,102,0,0,40.17636348,-98.95299073,31061.0,3423.9677744209466,0.0,102,94,0,0,94,94,3023,8,0,0,8,0
2020-11-03,US,Nebraska,Frontier,48,0,0,40.52993007,-100.3924658,31063.0,1827.179291968025,0.0,48,46,0,0,46,45,2608,2,0,0,2,1
2020-11-03,US,Nebraska,Furnas,123,3,0,40.17642064,-99.91247454,31065.0,2630.453378956373,2.4390243902439024,120,116,3,0,113,112,4715,7,0,0,7,4
2020-11-03,US,Nebraska,Gage,624,5,0,40.26186809,-96.68946704,31067.0,2900.571747315577,0.8012820512820513,619,616,5,0,611,600,21493,8,0,0,8,16
2020-11-03,US,Nebraska,Garden,49,0,0,41.61703149,-102.3313973,31069.0,2667.3924877517693,0.0,49,48,0,0,48,48,1897,1,0,0,1,0
2020-11-03,US,Nebraska,Garfield,37,0,0,41.91428955,-98.99111827,31071.0,1879.1264601320468,0.0,37,37,0,0,37,35,1987,0,0,0,0,2
2020-11-03,US,Nebraska,Gosper,67,0,0,40.51481965,-99.83020279,31073.0,3366.834170854271,0.0,67,63,0,0,63,62,1996,4,0,0,4,1
2020-11-03,US,Nebraska,Grant,5,0,0,41.91528587,-101.740701,31075.0,802.5682182985554,0.0,5,5,0,0,5,5,660,0,0,0,0,0
2020-11-03,US,Nebraska,Greeley,52,0,0,41.56742671,-98.52150266,31077.0,2207.1307300509343,0.0,52,52,0,0,52,48,2356,0,0,0,0,4
2020-11-03,US,Nebraska,Hall,2857,52,0,40.87257079,-98.50218293,31079.0,4656.6590060795725,1.8200910045502277,2805,2805,52,0,2753,2790,61607,52,0,0,52,15
2020-11-03,US,Nebraska,Hamilton,263,12,0,40.87349452,-98.02099117,31081.0,2820.677820677821,4.56273764258555,251,260,12,0,248,255,9280,3,0,0,3,5
2020-11-03,US,Nebraska,Harlan,68,0,0,40.17658508,-99.40438879,31083.0,2011.8343195266275,0.0,68,66,0,0,66,66,3401,2,0,0,2,0
2020-11-03,US,Nebraska,Hayes,27,0,0,40.52451972,-101.0603568,31085.0,2928.416485900217,0.0,27,26,0,0,26,25,916,1,0,0,1,1
2020-11-03,US,Nebraska,Hitchcock,56,0,0,40.17609175,-101.04164770000001,31087.0,2027.5162925416364,0.0,56,55,0,0,55,53,2806,1,0,0,1,2
2020-11-03,US,Nebraska,Holt,340,5,0,42.45522056,-98.78402558,31089.0,3377.371610211583,1.4705882352941178,335,338,5,0,333,328,10178,2,0,0,2,10
2020-11-03,US,Nebraska,Hooker,25,1,0,41.91586243,-101.1354293,31091.0,3665.689149560117,4.0,24,25,1,0,24,25,682,0,0,0,0,0
2020-11-03,US,Nebraska,Howard,182,5,0,41.2200529,-98.5166499,31093.0,2823.8944918541506,2.7472527472527477,177,175,5,0,170,172,6468,7,0,0,7,3
2020-11-03,US,Nebraska,Jefferson,113,0,0,40.17584531,-97.142601,31095.0,1603.7468066988363,0.0,113,106,0,0,106,103,7097,7,0,0,7,3
2020-11-03,US,Nebraska,Johnson,121,0,0,40.39257596,-96.26522753,31097.0,2386.1171366594367,0.0,121,119,0,0,119,116,5134,2,0,0,2,3
2020-11-03,US,Nebraska,Kearney,270,0,0,40.50663314,-98.94877182,31099.0,4157.043879907621,0.0,270,267,0,0,267,263,6544,3,0,0,3,4
2020-11-03,US,Nebraska,Keith,125,0,0,41.19930341,-101.66201640000001,31101.0,1555.8874782175753,0.0,125,125,0,0,125,123,8021,0,0,0,0,2
2020-11-03,US,Nebraska,Keya Paha,9,0,0,42.87990694,-99.71343729,31103.0,1116.6253101736972,0.0,9,9,0,0,9,9,810,0,0,0,0,0
2020-11-03,US,Nebraska,Kimball,76,0,0,41.19774275,-103.7148131,31105.0,2092.5110132158593,0.0,76,69,0,0,69,65,3618,7,0,0,7,4
2020-11-03,US,Nebraska,Knox,301,1,0,42.63758421,-97.89178836,31107.0,3612.578012481997,0.3322259136212625,300,296,1,0,295,285,8419,5,0,0,5,11
2020-11-03,US,Nebraska,Lancaster,9913,47,0,40.78416049,-96.68777155,31109.0,3106.647027484409,0.4741248865126602,9866,9743,45,0,9698,9653,317272,170,2,0,168,90
2020-11-03,US,Nebraska,Lincoln,1090,8,0,41.04658298,-100.74753740000001,31111.0,3121.956808157186,0.7339449541284404,1082,1052,8,0,1044,1033,35185,38,0,0,38,19
2020-11-03,US,Nebraska,Logan,13,0,0,41.56650314,-100.4817851,31113.0,1737.9679144385027,0.0,13,12,0,0,12,12,749,1,0,0,1,0
2020-11-03,US,Nebraska,Loup,8,0,0,41.91371961,-99.45440415,31115.0,1204.8192771084334,0.0,8,8,0,0,8,8,618,0,0,0,0,0
2020-11-03,US,Nebraska,Madison,1621,11,0,41.91676024,-97.6005481,31119.0,4618.3651955896175,0.6785934608266502,1610,1556,11,0,1545,1534,35392,65,0,0,65,22
2020-11-03,US,Nebraska,McPherson,10,0,0,41.56797682,-101.05993620000001,31117.0,2024.2914979757086,0.0,10,10,0,0,10,10,492,0,0,0,0,0
2020-11-03,US,Nebraska,Merrick,173,1,0,41.16624273,-98.0374887,31121.0,2230.818826563508,0.5780346820809249,172,167,1,0,166,163,7733,6,0,0,6,4
2020-11-03,US,Nebraska,Morrill,142,0,0,41.71711774,-103.0061405,31123.0,3059.0262817750972,0.0,142,138,0,0,138,134,4686,4,0,0,4,4
2020-11-03,US,Nebraska,Nance,127,0,0,41.39750195,-97.99327291,31125.0,3608.979823813584,0.0,127,122,0,0,122,119,3532,5,0,0,5,3
2020-11-03,US,Nebraska,Nemaha,184,0,0,40.38514847,-95.85433992,31127.0,2639.1279403327594,0.0,184,178,0,0,178,175,6958,6,0,0,6,3
2020-11-03,US,Nebraska,Nuckolls,118,0,0,40.17637905,-98.04743961,31129.0,2844.7444551591134,0.0,118,114,0,0,114,111,4195,4,0,0,4,3
2020-11-03,US,Nebraska,Otoe,351,1,0,40.64843556,-96.13374142,31131.0,2192.10592055958,0.2849002849002849,350,347,1,0,346,345,15985,4,0,0,4,2
2020-11-03,US,Nebraska,Pawnee,35,0,0,40.13141096,-96.23705437,31133.0,1339.4565633371606,0.0,35,34,0,0,34,33,2632,1,0,0,1,1
2020-11-03,US,Nebraska,Perkins,52,10,0,40.85082525,-101.6502942,31135.0,1798.6855759252853,19.23076923076923,42,52,10,0,42,51,2929,0,0,0,0,1
2020-11-03,US,Nebraska,Phelps,331,2,0,40.51156033,-99.41461667,31137.0,3663.9362408678335,0.6042296072507553,329,329,2,0,327,329,8996,2,0,0,2,0
2020-11-03,US,Nebraska,Pierce,249,11,0,42.26434853,-97.60122773,31139.0,3483.4918858421943,4.417670682730924,238,241,11,0,230,234,7142,8,0,0,8,7
2020-11-03,US,Nebraska,Platte,1845,7,0,41.57246836,-97.52144359,31141.0,5512.399163429936,0.3794037940379404,1838,1804,7,0,1797,1777,33363,41,0,0,41,27
2020-11-03,US,Nebraska,Polk,212,6,0,41.18813488,-97.56630712,31143.0,4066.7561864569348,2.830188679245283,206,208,6,0,202,205,5278,4,0,0,4,3
2020-11-03,US,Nebraska,Red Willow,297,0,0,40.17556879999999,-100.476998,31145.0,2769.4889966430437,0.0,297,288,0,0,288,284,10726,9,0,0,9,4
2020-11-03,US,Nebraska,Richardson,136,2,0,40.1247415,-95.71755036,31147.0,1729.1799109980927,1.4705882352941178,134,135,2,0,133,135,7937,1,0,0,1,0
2020-11-03,US,Nebraska,Rock,61,1,0,42.42252217,-99.44832069,31149.0,4495.210022107591,1.639344262295082,60,59,1,0,58,59,1360,2,0,0,2,0
2020-11-03,US,Nebraska,Saline,1015,2,0,40.52418865,-97.14085859,31151.0,7135.826771653543,0.19704433497536947,1013,1008,2,0,1006,993,14350,7,0,0,7,15
2020-11-03,US,Nebraska,Sarpy,6534,39,0,41.11314181,-96.11156432,31153.0,3490.4591978461076,0.5968778696051423,6495,6426,39,0,6387,6275,184459,108,0,0,108,151
2020-11-03,US,Nebraska,Saunders,755,4,0,41.227810299999994,-96.63773905,31155.0,3498.9340995458338,0.5298013245033113,751,730,4,0,726,728,21303,25,0,0,25,2
2020-11-03,US,Nebraska,Scotts Bluff,1134,9,0,41.85070896,-103.70809859999999,31157.0,3183.7834802627885,0.7936507936507936,1125,1068,9,0,1059,1042,35989,66,0,0,66,26
2020-11-03,US,Nebraska,Seward,451,3,0,40.87241834,-97.139673,31159.0,2609.349687572321,0.6651884700665188,448,443,3,0,440,441,17318,8,0,0,8,2
2020-11-03,US,Nebraska,Sheridan,148,0,0,42.50284406,-102.4126613,31161.0,2821.1971025543266,0.0,148,148,0,0,148,148,5190,0,0,0,0,0
2020-11-03,US,Nebraska,Sherman,71,3,0,41.22045983,-98.97588642,31163.0,2365.8780406531155,4.225352112676056,68,68,3,0,65,67,3038,3,0,0,3,1
2020-11-03,US,Nebraska,Sioux,12,0,0,42.48932059,-103.7576544,31165.0,1029.1595197255574,0.0,12,12,0,0,12,12,1187,0,0,0,0,0
2020-11-03,US,Nebraska,Stanton,91,0,0,41.9169835,-97.19394708,31167.0,1537.1621621621618,0.0,91,89,0,0,89,86,5970,2,0,0,2,3
2020-11-03,US,Nebraska,Thayer,78,0,0,40.17626377,-97.59504381,31169.0,1559.0645612632418,0.0,78,75,0,0,75,73,5039,3,0,0,3,2
2020-11-03,US,Nebraska,Thomas,15,0,0,41.91358968,-100.5556632,31171.0,2077.562326869806,0.0,15,15,0,0,15,15,720,0,0,0,0,0
2020-11-03,US,Nebraska,Thurston,369,4,0,42.15725356,-96.54157099,31173.0,5107.97342192691,1.084010840108401,365,358,4,0,354,353,7303,11,0,0,11,5
2020-11-03,US,Nebraska,Unassigned,586,2,0,0.0,0.0,90031.0,0.0,0.3412969283276451,584,532,1,0,531,531,,54,1,0,53,1
2020-11-03,US,Nebraska,Valley,98,1,0,41.56730777,-98.98197724,31175.0,2356.902356902357,1.020408163265306,97,95,1,0,94,95,4190,3,0,0,3,0
2020-11-03,US,Nebraska,Washington,580,7,0,41.52815707,-96.22019892,31177.0,2798.012446331227,1.206896551724138,573,566,7,0,559,559,20667,14,0,0,14,7
2020-11-03,US,Nebraska,Wayne,402,2,0,42.20934475,-97.11926964,31179.0,4283.4310069259445,0.4975124378109453,400,394,2,0,392,386,9403,8,0,0,8,8
2020-11-03,US,Nebraska,Webster,128,0,0,40.17642643,-98.50019851,31181.0,3670.7771723544593,0.0,128,125,0,0,125,124,3533,3,0,0,3,1
2020-11-03,US,Nebraska,Wheeler,5,0,0,41.91482725,-98.52798941,31183.0,638.5696040868455,0.0,5,4,0,0,4,4,805,1,0,0,1,0
2020-11-03,US,Nebraska,York,599,2,0,40.87272618,-97.59710186,31185.0,4378.97507127714,0.333889816360601,597,570,2,0,568,558,13772,29,0,0,29,12
2020-11-03,US,Nevada,Carson City,821,9,0,39.15509045,-119.7480219,32510.0,1468.2738393304242,1.0962241169305724,812,808,9,0,799,795,55414,13,0,0,13,13
2020-11-03,US,Nevada,Churchill,271,4,0,39.58105744,-118.3394607,32001.0,1087.960175037135,1.4760147601476017,267,246,4,0,242,245,24440,25,0,0,25,1
2020-11-03,US,Nevada,Clark,84129,1540,0,36.21458855,-115.0130241,32003.0,3711.4943872520366,1.8305221742799749,82589,83419,1518,0,81901,82966,2231647,710,22,0,688,453
2020-11-03,US,Nevada,Douglas,436,1,0,38.912862,-119.61713329999999,32005.0,891.5243840098151,0.22935779816513766,435,429,1,0,428,426,48467,7,0,0,7,3
2020-11-03,US,Nevada,Elko,1582,14,0,41.14531606,-115.3577619,32007.0,2997.4610633218385,0.8849557522123894,1568,1550,14,0,1536,1520,52460,32,0,0,32,30
2020-11-03,US,Nevada,Eureka,14,0,0,39.98100864,-116.26832040000001,32011.0,689.9950714637752,0.0,14,13,0,0,13,13,2003,1,0,0,1,0
2020-11-03,US,Nevada,Humboldt,186,4,0,41.40692186,-118.11094270000001,32013.0,1105.1036777375082,2.150537634408602,182,186,4,0,182,178,16786,0,0,0,0,8
2020-11-03,US,Nevada,Lander,115,4,0,39.933223299999995,-117.03970749999999,32015.0,2078.81417208966,3.4782608695652173,111,111,4,0,107,111,5575,4,0,0,4,0
2020-11-03,US,Nevada,Lincoln,49,0,0,37.64268459,-114.8790388,32017.0,945.3984179046885,0.0,49,49,0,0,49,49,5201,0,0,0,0,0
2020-11-03,US,Nevada,Lyon,635,13,0,39.01777974,-119.18704790000001,32019.0,1104.1557989914797,2.047244094488189,622,629,13,0,616,625,55808,6,0,0,6,4
2020-11-03,US,Nevada,Mineral,18,0,0,38.53841696,-118.4344506,32021.0,399.5560488346282,0.0,18,18,0,0,18,18,4514,0,0,0,0,0
2020-11-03,US,Nevada,Nye,734,16,0,38.04264256,-116.47227020000001,32023.0,1577.7142488661527,2.1798365122615806,718,730,16,0,714,726,45346,4,0,0,4,4
2020-11-03,US,Nevada,Pershing,24,0,0,40.44003782,-118.40056409999998,32027.0,356.8773234200744,0.0,24,24,0,0,24,24,6666,0,0,0,0,0
2020-11-03,US,Nevada,Storey,24,0,0,39.44875482,-119.5250207,32029.0,582.1004123211254,0.0,24,24,0,0,24,22,4029,0,0,0,0,2
2020-11-03,US,Nevada,Washoe,13860,201,0,40.66562265,-119.6631594,32031.0,2939.4361626996997,1.4502164502164503,13659,13752,200,0,13552,13637,465735,108,1,0,107,115
2020-11-03,US,Nevada,White Pine,127,1,0,39.44157041,-114.89996599999999,32033.0,1325.678496868476,0.7874015748031497,126,126,1,0,125,122,9475,1,0,0,1,4
2020-11-03,US,New Hampshire,Belknap,259,5,0,43.51637314,-71.41684235,33001.0,422.4915583250412,1.9305019305019304,254,253,5,0,248,248,61022,6,0,0,6,5
2020-11-03,US,New Hampshire,Carroll,163,2,0,43.87498583,-71.20430216,33003.0,333.26518094459215,1.2269938650306749,161,162,2,0,160,161,48779,1,0,0,1,1
2020-11-03,US,New Hampshire,Cheshire,214,3,0,42.92015988,-72.25311043,33005.0,281.2643753696524,1.4018691588785046,211,209,3,0,206,206,76493,5,0,0,5,3
2020-11-03,US,New Hampshire,Coos,116,0,0,44.69063265,-71.30633239,33007.0,367.51893039318185,0.0,116,98,0,0,98,96,31589,18,0,0,18,2
2020-11-03,US,New Hampshire,Grafton,269,1,0,43.93779815,-71.82057197,33009.0,299.2679616402998,0.3717472118959108,268,264,1,0,263,255,89786,5,0,0,5,9
2020-11-03,US,New Hampshire,Hillsborough,5682,323,0,42.91537785,-71.7200253,33011.0,1362.5082429110964,5.684618092221049,5359,5646,323,0,5323,5615,415247,36,0,0,36,31
2020-11-03,US,New Hampshire,Merrimack,979,29,0,43.29662971,-71.6811573,33013.0,646.6698813007379,2.96220633299285,950,967,29,0,938,951,151132,12,0,0,12,16
2020-11-03,US,New Hampshire,Rockingham,2824,105,0,42.98499744,-71.12883377,33015.0,911.6470660395328,3.7181303116147317,2719,2790,105,0,2685,2766,309176,34,0,0,34,24
2020-11-03,US,New Hampshire,Strafford,807,14,0,43.291833000000004,-71.02336013,33017.0,617.761208882901,1.7348203221809169,793,800,14,0,786,787,130090,7,0,0,7,13
2020-11-03,US,New Hampshire,Sullivan,99,1,0,43.36094111,-72.22203125,33019.0,229.453483521068,1.0101010101010102,98,95,1,0,94,93,43144,4,0,0,4,2
2020-11-03,US,New Hampshire,Unassigned,36,0,0,0.0,0.0,90033.0,0.0,0.0,36,36,0,0,36,36,,0,0,0,0,0
2020-11-03,US,New Jersey,Atlantic,5454,266,0,39.47538693,-74.65848483,34001.0,2068.4947092957104,4.8771543821048775,5188,5387,267,0,5120,5341,265429,67,-1,0,68,46
2020-11-03,US,New Jersey,Bergen,25852,2064,0,40.96010917,-74.07164325,34003.0,2773.2186800714867,7.983908401671051,23788,25677,2063,0,23614,25526,936692,175,1,0,174,151
2020-11-03,US,New Jersey,Burlington,8851,519,0,39.87681124,-74.66927768,34005.0,1987.4300829237293,5.86374420969382,8332,8794,517,0,8277,8721,445384,57,2,0,55,73
2020-11-03,US,New Jersey,Camden,12172,637,0,39.80343818,-74.96388753,34007.0,2403.296536228136,5.233322379231021,11535,12060,637,0,11423,11988,507078,112,0,0,112,72
2020-11-03,US,New Jersey,Cape May,1161,101,0,39.15008829,-74.80170244,34009.0,1261.4217885896194,8.699397071490095,1060,1153,100,0,1053,1151,92560,8,1,0,7,2
2020-11-03,US,New Jersey,Cumberland,4092,162,0,39.37199394,-75.10712559,34011.0,2736.629505039224,3.958944281524927,3930,4080,162,0,3918,4068,150972,12,0,0,12,12
2020-11-03,US,New Jersey,Essex,25696,2148,0,40.78681335,-74.24657979,34013.0,3216.120654588692,8.359277708592778,23548,25437,2145,0,23292,25292,799767,259,3,0,256,145
2020-11-03,US,New Jersey,Gloucester,5778,249,0,39.71581067,-75.13995546,34015.0,1981.2368843352676,4.30944963655244,5529,5713,249,0,5464,5679,291408,65,0,0,65,34
2020-11-03,US,New Jersey,Hudson,23917,1534,0,40.73766234,-74.07515667,34017.0,3557.0077529294713,6.413847890621732,22383,23730,1531,0,22199,23633,676061,187,3,0,184,97
2020-11-03,US,New Jersey,Hunterdon,1663,127,0,40.56335249,-74.91284156,34019.0,1337.1284302610734,7.6368009621166575,1536,1643,127,0,1516,1626,124714,20,0,0,20,17
2020-11-03,US,New Jersey,Mercer,9535,641,0,40.28047017,-74.70479631,34021.0,2595.0521187709223,6.722600943890928,8894,9479,640,0,8839,9438,369811,56,1,0,55,41
2020-11-03,US,New Jersey,Middlesex,22988,1450,0,40.43629879,-74.41426991,34023.0,2786.2148541564147,6.307638768052898,21538,22804,1449,0,21355,22676,829685,184,1,0,183,128
2020-11-03,US,New Jersey,Monmouth,14583,873,0,40.26549699,-74.22240686,34025.0,2356.6770901510195,5.986422546801069,13710,14499,873,0,13626,14415,621354,84,0,0,84,84
2020-11-03,US,New Jersey,Morris,9549,839,0,40.86095313,-74.54553709999998,34027.0,1941.4652990271325,8.786260341397005,8710,9448,839,0,8609,9357,494228,101,0,0,101,91
2020-11-03,US,New Jersey,Ocean,17105,1073,0,39.8895449,-74.28089251,34029.0,2817.093938266034,6.273019584916692,16032,17034,1070,0,15964,16990,601651,71,3,0,68,44
2020-11-03,US,New Jersey,Passaic,21546,1263,0,41.03238628,-74.29954144,34031.0,4293.52006472363,5.8618769145084935,20283,21383,1262,0,20121,21282,503310,163,1,0,162,101
2020-11-03,US,New Jersey,Salem,1198,89,0,39.58719656,-75.34696629999998,34033.0,1920.3334134808047,7.429048414023372,1109,1195,89,0,1106,1193,62607,3,0,0,3,2
2020-11-03,US,New Jersey,Somerset,6663,595,0,40.56465737,-74.61683016,34035.0,2025.6343217788367,8.929911451298214,6068,6614,595,0,6019,6575,331164,49,0,0,49,39
2020-11-03,US,New Jersey,Sussex,1792,197,0,41.13891592,-74.69118243,34037.0,1275.5537839530778,10.993303571428573,1595,1773,197,0,1576,1761,140799,19,0,0,19,12
2020-11-03,US,New Jersey,Unassigned,550,0,0,0.0,0.0,90034.0,0.0,0.0,550,624,0,0,624,611,,-74,0,0,-74,13
2020-11-03,US,New Jersey,Union,21020,1373,0,40.65835409,-74.30680092,34039.0,3778.258298417697,6.531874405328258,19647,20820,1374,0,19446,20674,558067,200,-1,0,201,146
2020-11-03,US,New Jersey,Warren,1660,171,0,40.85951833,-74.99556527,34041.0,1576.9424416008812,10.301204819277107,1489,1650,171,0,1479,1632,105779,10,0,0,10,18
2020-11-03,US,New Mexico,Bernalillo,12362,214,0,35.05163625,-106.6703554,35001.0,1820.294174381296,1.7311114706358195,12148,12102,213,0,11889,11859,678701,260,1,0,259,243
2020-11-03,US,New Mexico,Catron,10,1,0,33.91514144,-108.4046587,35003.0,283.5270768358378,10.0,9,10,1,0,9,10,3578,0,0,0,0,0
2020-11-03,US,New Mexico,Chaves,2287,20,0,33.36406072,-104.4665365,35005.0,3539.4258299156545,0.8745080891998251,2267,2180,19,0,2161,2169,64689,107,1,0,106,11
2020-11-03,US,New Mexico,Cibola,694,25,0,34.91131525,-107.998876,35006.0,2601.6869728209936,3.6023054755043233,669,676,24,0,652,658,26746,18,1,0,17,18
2020-11-03,US,New Mexico,Colfax,48,1,0,36.60569702,-104.64726740000002,35007.0,401.9763838874466,2.083333333333333,47,46,1,0,45,46,12110,2,0,0,2,0
2020-11-03,US,New Mexico,Curry,1730,12,0,34.57421077,-103.34688759999999,35009.0,3533.9298116599257,0.6936416184971098,1718,1703,12,0,1691,1650,49437,27,0,0,27,53
2020-11-03,US,New Mexico,De Baca,3,0,0,34.34274529,-104.4117842,35011.0,171.6247139588101,0.0,3,3,0,0,3,2,1781,0,0,0,0,1
2020-11-03,US,New Mexico,Dona Ana,7299,86,0,32.35275771,-106.83293870000001,35013.0,3345.172895804212,1.1782435950130157,7213,7029,85,0,6944,6809,217522,270,1,0,269,220
2020-11-03,US,New Mexico,Eddy,1610,24,0,32.47167456,-104.3053527,35015.0,2754.0198426274374,1.4906832298136643,1586,1591,24,0,1567,1582,57900,19,0,0,19,9
2020-11-03,US,New Mexico,Grant,215,4,0,32.73911281,-108.3827845,35017.0,796.3552855767094,1.8604651162790695,211,209,4,0,205,206,27346,6,0,0,6,3
2020-11-03,US,New Mexico,Guadalupe,47,1,0,34.86319296,-104.790669,35019.0,1093.0232558139535,2.127659574468085,46,47,1,0,46,46,4341,0,0,0,0,1
2020-11-03,US,New Mexico,Harding,1,0,0,35.85751555,-103.82209379999999,35021.0,160.0,0.0,1,1,0,0,1,1,655,0,0,0,0,0
2020-11-03,US,New Mexico,Hidalgo,127,2,0,31.91383467,-108.7151824,35023.0,3025.2501191043348,1.5748031496062993,125,127,2,0,125,125,4240,0,0,0,0,2
2020-11-03,US,New Mexico,Lea,2318,32,0,32.79215361,-103.4123733,35025.0,3261.5730969466717,1.380500431406385,2286,2233,31,0,2202,2217,69611,85,1,0,84,16
2020-11-03,US,New Mexico,Lincoln,405,6,0,33.74526079,-105.4586166,35027.0,2069.2826486817903,1.4814814814814814,399,398,6,0,392,395,19556,7,0,0,7,3
2020-11-03,US,New Mexico,Los Alamos,53,0,0,35.86631386,-106.31349850000001,35028.0,273.6331250968042,0.0,53,50,0,0,50,50,19101,3,0,0,3,0
2020-11-03,US,New Mexico,Luna,1215,12,0,32.18179341,-107.75088259999998,35029.0,5124.636214095913,0.9876543209876544,1203,1179,12,0,1167,1158,23963,36,0,0,36,21
2020-11-03,US,New Mexico,McKinley,4822,262,0,35.58007720000001,-108.262245,35031.0,6756.62421006908,5.433430111986729,4560,4799,262,0,4537,4752,72290,23,0,0,23,47
2020-11-03,US,New Mexico,Mora,15,0,0,36.01095101,-104.9497716,35033.0,331.78500331785006,0.0,15,15,0,0,15,15,4506,0,0,0,0,0
2020-11-03,US,New Mexico,Otero,589,17,0,32.61348406,-105.7417604,35035.0,872.7218847236627,2.8862478777589136,572,578,15,0,563,569,66781,11,2,0,9,9
2020-11-03,US,New Mexico,Quay,114,2,0,35.10403332,-103.54817270000001,35037.0,1381.315885132679,1.7543859649122806,112,113,2,0,111,112,8253,1,0,0,1,1
2020-11-03,US,New Mexico,Rio Arriba,558,15,0,36.51072137,-106.69316740000001,35039.0,1433.6733383006604,2.6881720430107525,543,549,15,0,534,543,39006,9,0,0,9,6
2020-11-03,US,New Mexico,Roosevelt,532,10,0,34.02097406,-103.4799493,35041.0,2875.6756756756763,1.8796992481203008,522,513,10,0,503,493,18743,19,0,0,19,20
2020-11-03,US,New Mexico,San Juan,3914,205,0,36.50838318,-108.32043700000001,35045.0,3157.5210958550483,5.237608584568217,3709,3891,205,0,3686,3861,125043,23,0,0,23,30
2020-11-03,US,New Mexico,San Miguel,203,0,0,35.48014807,-104.8163562,35047.0,744.2167393774976,0.0,203,200,0,0,200,196,27591,3,0,0,3,4
2020-11-03,US,New Mexico,Sandoval,2202,49,0,35.68862401,-106.86878030000001,35043.0,1500.5315234279171,2.225249772933697,2153,2165,49,0,2116,2131,145179,37,0,0,37,34
2020-11-03,US,New Mexico,Santa Fe,2058,15,0,35.50708973,-105.9774716,35049.0,1368.733289881483,0.7288629737609329,2043,1961,14,0,1947,1899,150056,97,1,0,96,62
2020-11-03,US,New Mexico,Sierra,138,1,0,33.13028233,-107.1925893,35051.0,1278.843480678343,0.7246376811594203,137,137,1,0,136,130,10968,1,0,0,1,7
2020-11-03,US,New Mexico,Socorro,282,15,0,34.00715494,-106.9298354,35053.0,1695.0171304922762,5.319148936170213,267,278,14,0,264,270,16735,4,1,0,3,8
2020-11-03,US,New Mexico,Taos,273,5,0,36.58006022,-105.63101979999999,35055.0,834.2755859792807,1.8315018315018317,268,272,5,0,267,262,32835,1,0,0,1,10
2020-11-03,US,New Mexico,Torrance,120,1,0,34.64048375,-105.8508949,35057.0,776.1464329603517,0.8333333333333334,119,119,1,0,118,112,15591,1,0,0,1,7
2020-11-03,US,New Mexico,Unassigned,1830,0,0,0.0,0.0,90035.0,0.0,0.0,1830,1789,0,0,1789,1784,,41,0,0,41,5
2020-11-03,US,New Mexico,Union,46,2,0,36.48126404,-103.4709624,35059.0,1133.2840601133285,4.3478260869565215,44,45,2,0,43,45,4118,1,0,0,1,0
2020-11-03,US,New Mexico,Valencia,1120,6,0,34.71669834,-106.8103733,35061.0,1460.4631754642187,0.5357142857142857,1114,1096,6,0,1090,1075,76456,24,0,0,24,21
2020-11-03,US,New York,Albany,3802,140,0,42.60060306,-73.97723916,36001.0,1244.4927431867136,3.682272488164123,3662,3771,140,0,3631,3750,307117,31,0,0,31,21
2020-11-03,US,New York,Allegany,374,8,0,42.25748406,-78.02750466,36003.0,811.4382417391681,2.1390374331550803,366,364,8,0,356,348,46430,10,0,0,10,16
2020-11-03,US,New York,Bronx,56165,4997,0,40.85209301,-73.86282755,36005.0,3960.2822437063137,8.896999910976588,51168,55999,4997,0,51002,55912,1432132,166,0,0,166,87
2020-11-03,US,New York,Broome,3789,98,0,42.15903158,-75.81326086,36007.0,1989.101675696107,2.5864344154130383,3691,3759,98,0,3661,3738,191659,30,0,0,30,21
2020-11-03,US,New York,Cattaraugus,562,18,0,42.24778241,-78.67923096,36009.0,738.3370337769487,3.2028469750889683,544,550,18,0,532,549,76840,12,0,0,12,1
2020-11-03,US,New York,Cayuga,465,2,0,42.91261714,-76.55731592,36011.0,607.2398662766402,0.4301075268817205,463,456,2,0,454,453,77145,9,0,0,9,3
2020-11-03,US,New York,Chautauqua,1040,14,0,42.22769210000001,-79.36691763,36013.0,819.5235731227788,1.3461538461538465,1026,1023,14,0,1009,1017,127939,17,0,0,17,6
2020-11-03,US,New York,Chemung,1923,3,0,42.13891056,-76.7638805,36015.0,2304.2082055214723,0.15600624024961,1920,1890,3,0,1887,1852,84254,33,0,0,33,38
2020-11-03,US,New York,Chenango,430,7,0,42.49430041,-75.60887553,36017.0,910.8818607409918,1.627906976744186,423,428,7,0,421,425,47536,2,0,0,2,3
2020-11-03,US,New York,Clinton,279,5,0,44.74530905,-73.67875352,36019.0,346.6484438094056,1.7921146953405018,274,273,5,0,268,270,80695,6,0,0,6,3
2020-11-03,US,New York,Columbia,745,38,0,42.24819348,-73.63089095,36021.0,1252.9220833823852,5.100671140939597,707,739,38,0,701,736,59916,6,0,0,6,3
2020-11-03,US,New York,Cortland,598,0,0,42.59509207,-76.07048931,36023.0,1256.8041865450493,0.0,598,592,0,0,592,589,47823,6,0,0,6,3
2020-11-03,US,New York,Delaware,197,7,0,42.19837623,-74.96709306,36025.0,446.3577659453948,3.5532994923857872,190,193,7,0,186,192,44527,4,0,0,4,1
2020-11-03,US,New York,Dutchess,5612,165,0,41.76486060000001,-73.74356679,36027.0,1907.4291851620228,2.9401282965074835,5447,5585,165,0,5420,5565,293718,27,0,0,27,20
2020-11-03,US,New York,Erie,13748,717,0,42.76249024,-78.73063652,36029.0,1496.4591347357468,5.215304044224615,13031,13584,717,0,12867,13531,919719,164,0,0,164,53
2020-11-03,US,New York,Essex,207,0,0,44.11630765,-73.77297842,36031.0,561.2037413582757,0.0,207,204,0,0,204,203,37300,3,0,0,3,1
2020-11-03,US,New York,Franklin,96,0,0,44.59040891,-74.29926032,36033.0,191.91555715485183,0.0,96,88,0,0,88,87,50293,8,0,0,8,1
2020-11-03,US,New York,Fulton,368,24,0,43.11363907,-74.41798804,36035.0,689.3580353295993,6.521739130434782,344,367,24,0,343,367,53591,1,0,0,1,0
2020-11-03,US,New York,Genesee,420,5,0,43.0022601,-78.19135193,36037.0,733.2402234636871,1.1904761904761905,415,413,5,0,408,411,57511,7,0,0,7,2
2020-11-03,US,New York,Greene,518,18,0,42.275797,-74.12384884,36039.0,1097.736712723574,3.474903474903475,500,517,18,0,499,516,47491,1,0,0,1,1
2020-11-03,US,New York,Hamilton,19,0,0,43.66146647,-74.49721957,36041.0,430.2536231884058,0.0,19,19,0,0,19,19,4434,0,0,0,0,0
2020-11-03,US,New York,Herkimer,414,10,0,43.42034246,-74.96145307,36043.0,675.1577814380535,2.415458937198068,404,407,10,0,397,399,61833,7,0,0,7,8
2020-11-03,US,New York,Jefferson,237,0,0,44.04200959,-75.94653457,36045.0,215.78017735855926,0.0,237,231,0,0,231,222,111755,6,0,0,6,9
2020-11-03,US,New York,Kings,76663,7409,0,40.636182500000004,-73.94935552,36047.0,2994.7619109005304,9.664375252729476,69254,76446,7406,0,69040,76238,2582830,217,3,0,214,208
2020-11-03,US,New York,Lewis,155,0,0,43.784415700000004,-75.44903992,36049.0,589.4432613325221,0.0,155,153,0,0,153,148,26447,2,0,0,2,5
2020-11-03,US,New York,Livingston,359,8,0,42.72596275,-77.77966158,36051.0,570.6202117175828,2.2284122562674096,351,356,8,0,348,350,63227,3,0,0,3,6
2020-11-03,US,New York,Madison,601,17,0,42.91653905,-75.67266639,36053.0,847.1828702724797,2.8286189683860234,584,597,17,0,580,593,70795,4,0,0,4,4
2020-11-03,US,New York,Monroe,7923,300,0,43.14638895,-77.69322942,36055.0,1068.1208460843657,3.786444528587656,7623,7817,300,0,7517,7705,742474,106,0,0,106,112
2020-11-03,US,New York,Montgomery,281,4,0,42.90123494,-74.44011632,36057.0,570.894536884663,1.4234875444839858,277,276,4,0,272,273,49455,5,0,0,5,3
2020-11-03,US,New York,Nassau,50602,2216,0,40.74066522,-73.58941873,36059.0,3729.1697987507036,4.379273546500138,48386,50407,2216,0,48191,50294,1358343,195,0,0,195,113
2020-11-03,US,New York,New York,36980,3200,0,40.76727260000001,-73.97152637,36061.0,2270.514138217701,8.653326122228231,33780,36814,3200,0,33614,36712,,166,0,0,166,102
2020-11-03,US,New York,Niagara,2166,102,0,43.19898042,-78.74777412,36063.0,1034.9721188258848,4.709141274238228,2064,2155,102,0,2053,2137,210433,11,0,0,11,18
2020-11-03,US,New York,Oneida,2896,129,0,43.24375382,-75.43710392,36065.0,1266.4483034578059,4.454419889502763,2767,2867,129,0,2738,2851,229577,29,0,0,29,16
2020-11-03,US,New York,Onondaga,5881,212,0,43.00491923,-76.19971155,36067.0,1277.0124726401,3.60482911069546,5669,5795,212,0,5583,5762,461809,86,0,0,86,33
2020-11-03,US,New York,Ontario,736,35,0,42.85145728,-77.30874425,36069.0,670.4500942820446,4.755434782608695,701,721,35,0,686,710,109864,15,0,0,15,11
2020-11-03,US,New York,Orange,13998,507,0,41.40337468,-74.30240757,36071.0,3636.4108692263735,3.621945992284612,13491,13933,507,0,13426,13889,381951,65,0,0,65,44
2020-11-03,US,New York,Orleans,418,54,0,43.2516977,-78.2320066,36073.0,1035.8842188739095,12.91866028708134,364,415,54,0,361,413,40612,3,0,0,3,2
2020-11-03,US,New York,Oswego,669,4,0,43.42778894,-76.14635194,36075.0,571.1895085550358,0.5979073243647235,665,661,4,0,657,648,117898,8,0,0,8,13
2020-11-03,US,New York,Otsego,422,5,0,42.63492579,-75.03151402,36077.0,709.327147731666,1.1848341232227488,417,422,5,0,417,421,59749,0,0,0,0,1
2020-11-03,US,New York,Putnam,1874,63,0,41.42630093,-73.74965532,36079.0,1906.0211554109032,3.3617929562433297,1811,1869,63,0,1806,1861,98892,5,0,0,5,8
2020-11-03,US,New York,Queens,78013,7298,0,40.71088124,-73.81684712,36081.0,3461.309452503219,9.35485111455783,70715,77834,7297,0,70537,77649,2278906,179,1,0,178,185
2020-11-03,US,New York,Rensselaer,1135,42,0,42.71348136,-73.51089874,36083.0,715.1227995009892,3.7004405286343616,1093,1131,42,0,1089,1124,159442,4,0,0,4,7
2020-11-03,US,New York,Richmond,17777,1097,0,40.58582155,-74.14808598,36085.0,3733.542234160746,6.170894976655227,16680,17703,1097,0,16606,17644,476179,74,0,0,74,59
2020-11-03,US,New York,Rockland,18466,684,0,41.15027894,-74.02560498,36087.0,5668.085785585149,3.7041048413300115,17782,18353,684,0,17669,18265,325695,113,0,0,113,88
2020-11-03,US,New York,Saratoga,1448,17,0,43.10904162,-73.86653895,36091.0,629.9404427854852,1.1740331491712708,1431,1438,17,0,1421,1423,230163,10,0,0,10,15
2020-11-03,US,New York,Schenectady,1644,50,0,42.81668777,-74.05278291,36093.0,1058.6030817970495,3.0413625304136254,1594,1631,50,0,1581,1622,155350,13,0,0,13,9
2020-11-03,US,New York,Schoharie,116,0,0,42.58831742,-74.44339029999998,36095.0,374.20561953611406,0.0,116,116,0,0,116,115,31097,0,0,0,0,1
2020-11-03,US,New York,Schuyler,159,0,0,42.39184015,-76.8773299,36097.0,892.9072836524962,0.0,159,155,0,0,155,149,17912,4,0,0,4,6
2020-11-03,US,New York,Seneca,154,3,0,42.78081007,-76.82497064,36099.0,452.728127939793,1.9480519480519483,151,152,3,0,149,149,34300,2,0,0,2,3
2020-11-03,US,New York,St. Lawrence,436,4,0,44.4976179,-75.06550039,36089.0,404.67792834601823,0.9174311926605504,432,428,4,0,424,423,108047,8,0,0,8,5
2020-11-03,US,New York,Steuben,1131,57,0,42.2689144,-77.3829924,36101.0,1185.7956153870348,5.039787798408488,1074,1109,57,0,1052,1087,95796,22,0,0,22,22
2020-11-03,US,New York,Suffolk,49780,2021,0,40.88320119,-72.8012172,36103.0,3371.2560129649105,4.059863398955404,47759,49604,2021,0,47583,49538,1481093,176,0,0,176,66
2020-11-03,US,New York,Sullivan,1837,48,0,41.71579493,-74.76394559,36105.0,2435.305970940715,2.61295590636908,1789,1825,48,0,1777,1818,75498,12,0,0,12,7
2020-11-03,US,New York,Tioga,732,30,0,42.16852837,-76.30835812,36107.0,1518.5776818870193,4.0983606557377055,702,717,30,0,687,699,48560,15,0,0,15,18
2020-11-03,US,New York,Tompkins,660,0,0,42.44945765,-76.47229843,36109.0,645.9189665296535,0.0,660,659,0,0,659,656,102793,1,0,0,1,3
2020-11-03,US,New York,Ulster,2568,95,0,41.89027881,-74.26252104,36111.0,1446.1658022334475,3.6993769470404985,2473,2559,95,0,2464,2556,178599,9,0,0,9,3
2020-11-03,US,New York,Unassigned,0,20,0,0.0,0.0,90036.0,0.0,0.0,-20,0,20,0,-20,0,,0,0,0,0,0
2020-11-03,US,New York,Warren,470,33,0,43.56173026,-73.8433699,36113.0,735.0181408732643,7.0212765957446805,437,469,33,0,436,468,64265,1,0,0,1,1
2020-11-03,US,New York,Washington,356,14,0,43.31153794,-73.43043448,36115.0,581.6613293248807,3.9325842696629216,342,353,14,0,339,350,61197,3,0,0,3,3
2020-11-03,US,New York,Wayne,588,5,0,43.15494365,-77.02976528,36117.0,653.929135434507,0.8503401360544217,583,573,5,0,568,561,90064,15,0,0,15,12
2020-11-03,US,New York,Westchester,41226,1472,0,41.16278376,-73.75741653,36119.0,4261.0588461466905,3.57056226653083,39754,41061,1472,0,39589,40946,967612,165,0,0,165,115
2020-11-03,US,New York,Wyoming,216,5,0,42.70145109,-78.22199579,36121.0,541.9102335733461,2.314814814814815,211,205,5,0,200,203,40085,11,0,0,11,2
2020-11-03,US,New York,Yates,145,7,0,42.63505484,-77.10369919,36123.0,582.0254485609922,4.827586206896552,138,137,7,0,130,134,24841,8,0,0,8,3
2020-11-03,US,North Carolina,Alamance,5464,88,0,36.0434701,-79.39976137,37001.0,3223.4276646077788,1.6105417276720349,5376,5437,88,0,5349,5409,166436,27,0,0,27,28
2020-11-03,US,North Carolina,Alexander,1009,10,0,35.922379600000006,-81.17751948,37003.0,2690.8819372216444,0.9910802775024776,999,980,10,0,970,975,37353,29,0,0,29,5
2020-11-03,US,North Carolina,Alleghany,326,1,0,36.49360862,-81.12857041,37005.0,2927.1796713657177,0.3067484662576687,325,319,1,0,318,316,11161,7,0,0,7,3
2020-11-03,US,North Carolina,Anson,742,11,0,34.97403241,-80.09953279,37007.0,3035.261392456844,1.482479784366577,731,739,11,0,728,737,24877,3,0,0,3,2
2020-11-03,US,North Carolina,Ashe,507,3,0,36.43296207,-81.49862729,37009.0,1863.7650259162592,0.591715976331361,504,496,3,0,493,481,27109,11,0,0,11,15
2020-11-03,US,North Carolina,Avery,666,2,0,36.07569796,-81.92308483,37011.0,3793.358774278066,0.3003003003003003,664,648,1,0,647,647,17505,18,1,0,17,1
2020-11-03,US,North Carolina,Beaufort,1450,46,0,35.48531943,-76.84325809,37013.0,3085.5002766310595,3.1724137931034484,1404,1442,45,0,1397,1442,47079,8,1,0,7,0
2020-11-03,US,North Carolina,Bertie,740,21,0,36.0688473,-76.96545943,37015.0,3905.631498390247,2.8378378378378377,719,737,20,0,717,737,19026,3,1,0,2,0
2020-11-03,US,North Carolina,Bladen,1106,19,0,34.61296243,-78.56180059,37017.0,3379.988998227492,1.7179023508137432,1087,1104,19,0,1085,1105,33190,2,0,0,2,-1
2020-11-03,US,North Carolina,Brunswick,2271,52,0,34.070565,-78.22814204,37019.0,1590.1134294916678,2.289740202553941,2219,2257,49,0,2208,2250,136744,14,3,0,11,7
2020-11-03,US,North Carolina,Buncombe,4360,109,0,35.61113393,-82.53305,37021.0,1669.2765064646176,2.5,4251,4321,108,0,4213,4306,259103,39,1,0,38,15
2020-11-03,US,North Carolina,Burke,2840,52,0,35.74989637,-81.70755735,37023.0,3138.641763828259,1.8309859154929575,2788,2810,52,0,2758,2798,90382,30,0,0,30,12
2020-11-03,US,North Carolina,Cabarrus,5153,95,0,35.3877799,-80.55267168,37025.0,2380.655384771752,1.843586260430817,5058,5098,93,0,5005,5063,211342,55,2,0,53,35
2020-11-03,US,North Carolina,Caldwell,2744,19,0,35.95204977,-81.54799522,37027.0,3339.0931879578475,0.6924198250728864,2725,2703,19,0,2684,2685,82029,41,0,0,41,18
2020-11-03,US,North Carolina,Camden,144,3,0,36.33804939,-76.15568396,37029.0,1325.1127266034784,2.083333333333333,141,144,3,0,141,142,10710,0,0,0,0,2
2020-11-03,US,North Carolina,Carteret,1232,5,0,34.8932941,-76.54120135,37031.0,1773.3507981517996,0.40584415584415584,1227,1208,5,0,1203,1204,69524,24,0,0,24,4
2020-11-03,US,North Carolina,Caswell,657,5,0,36.39312665,-79.33353281,37033.0,2906.5652096973986,0.7610350076103499,652,648,5,0,643,643,22698,9,0,0,9,5
2020-11-03,US,North Carolina,Catawba,4847,62,0,35.66211129,-81.2132617,37035.0,3037.9001071757616,1.2791417371570044,4785,4739,62,0,4677,4701,158652,108,0,0,108,38
2020-11-03,US,North Carolina,Chatham,1996,61,0,35.70394416,-79.25541492,37037.0,2680.273935813079,3.056112224448898,1935,1982,61,0,1921,1978,73139,14,0,0,14,4
2020-11-03,US,North Carolina,Cherokee,794,15,0,35.1349263,-84.05970864,37039.0,2775.0594156298052,1.889168765743073,779,785,15,0,770,782,28383,9,0,0,9,3
2020-11-03,US,North Carolina,Chowan,544,13,0,36.12908077,-76.60118385,37041.0,3901.5993688589256,2.389705882352941,531,538,12,0,526,538,14029,6,1,0,5,0
2020-11-03,US,North Carolina,Clay,248,3,0,35.05704275,-83.74353633,37043.0,2208.17380464785,1.2096774193548387,245,244,3,0,241,241,11139,4,0,0,4,3
2020-11-03,US,North Carolina,Cleveland,3403,87,0,35.33553364,-81.55204486,37045.0,3474.327952872472,2.556567734352042,3316,3365,86,0,3279,3344,97645,38,1,0,37,21
2020-11-03,US,North Carolina,Columbus,1796,63,0,34.26744084,-78.65801424,37047.0,3235.569647618361,3.507795100222717,1733,1790,62,0,1728,1787,55655,6,1,0,5,3
2020-11-03,US,North Carolina,Craven,2465,62,0,35.11833364,-77.08398081,37049.0,2413.3778478348136,2.5152129817444218,2403,2441,62,0,2379,2441,102912,24,0,0,24,0
2020-11-03,US,North Carolina,Cumberland,7397,102,0,35.04762133,-78.82623165,37051.0,2204.7098587519267,1.3789374070569151,7295,7348,100,0,7248,7324,332330,49,2,0,47,24
2020-11-03,US,North Carolina,Currituck,232,4,0,36.36123664,-75.95876401,37053.0,835.6445629074667,1.7241379310344829,228,227,4,0,223,227,27072,5,0,0,5,0
2020-11-03,US,North Carolina,Dare,396,3,0,35.66520691,-75.71767334,37055.0,1070.0099975681592,0.7575757575757576,393,385,3,0,382,385,36501,11,0,0,11,0
2020-11-03,US,North Carolina,Davidson,3910,44,0,35.79115496,-80.21256572,37057.0,2332.8102906168524,1.1253196930946292,3866,3884,44,0,3840,3874,166614,26,0,0,26,10
2020-11-03,US,North Carolina,Davie,803,8,0,35.93099927,-80.54496571,37059.0,1874.1539466928068,0.99626400996264,795,799,8,0,791,794,42733,4,0,0,4,5
2020-11-03,US,North Carolina,Duplin,2886,54,0,34.93449805,-77.93140529,37061.0,4913.0930695766165,1.8711018711018712,2832,2862,54,0,2808,2862,58856,24,0,0,24,0
2020-11-03,US,North Carolina,Durham,9369,102,0,36.03638492,-78.87608331,37063.0,2914.261185487483,1.0886967659301954,9267,9309,102,0,9207,9292,316739,60,0,0,60,17
2020-11-03,US,North Carolina,Edgecombe,2094,61,0,35.91230639,-77.59436892,37065.0,4068.2312713708425,2.9130850047755485,2033,2068,60,0,2008,2068,52005,26,1,0,25,0
2020-11-03,US,North Carolina,Forsyth,9336,121,0,36.12859861,-80.25459052,37067.0,2442.0931479616524,1.2960582690659812,9215,9289,121,0,9168,9221,379099,47,0,0,47,68
2020-11-03,US,North Carolina,Franklin,1510,32,0,36.081519,-78.28708884,37069.0,2166.893879601062,2.119205298013245,1478,1509,32,0,1477,1497,67560,1,0,0,1,12
2020-11-03,US,North Carolina,Gaston,7970,141,0,35.29373559,-81.17477045,37071.0,3549.6528288105324,1.769134253450439,7829,7910,135,0,7775,7863,222846,60,6,0,54,47
2020-11-03,US,North Carolina,Gates,170,3,0,36.44667547,-76.69749701,37073.0,1470.333852274693,1.7647058823529411,167,169,3,0,166,169,11573,1,0,0,1,0
2020-11-03,US,North Carolina,Graham,253,8,0,35.3506925,-83.83369267,37075.0,2997.275204359673,3.1620553359683794,245,252,8,0,244,252,8484,1,0,0,1,0
2020-11-03,US,North Carolina,Granville,2138,51,0,36.30337451,-78.65184241,37077.0,3537.2168820210773,2.3854069223573435,2087,2080,50,0,2030,2069,60115,58,1,0,57,11
2020-11-03,US,North Carolina,Greene,980,15,0,35.48544173,-77.67578087,37079.0,4651.383549290426,1.5306122448979589,965,975,13,0,962,973,21012,5,2,0,3,2
2020-11-03,US,North Carolina,Guilford,12173,211,0,36.07959451,-79.78824948,37081.0,2266.118613335716,1.733344286535776,11962,12027,210,0,11817,11962,533670,146,1,0,145,65
2020-11-03,US,North Carolina,Halifax,1511,28,0,36.25669272,-77.6556109,37083.0,3021.395720855829,1.8530774321641297,1483,1488,27,0,1461,1484,50574,23,1,0,22,4
2020-11-03,US,North Carolina,Harnett,3088,72,0,35.36731853,-78.87243571,37085.0,2270.9889980584812,2.33160621761658,3016,3072,72,0,3000,3059,134214,16,0,0,16,13
2020-11-03,US,North Carolina,Haywood,766,36,0,35.55269063,-82.98196486,37087.0,1229.1990949500134,4.699738903394255,730,754,36,0,718,751,61971,12,0,0,12,3
2020-11-03,US,North Carolina,Henderson,2596,67,0,35.33788927,-82.4766782,37089.0,2210.923460827649,2.5808936825885977,2529,2578,67,0,2511,2575,116748,18,0,0,18,3
2020-11-03,US,North Carolina,Hertford,870,35,0,36.3607755,-76.98104134,37091.0,3674.45199983106,4.022988505747127,835,865,34,0,831,865,23659,5,1,0,4,0
2020-11-03,US,North Carolina,Hoke,1608,25,0,35.01888303,-79.23651674,37093.0,2911.2503168338344,1.554726368159204,1583,1604,25,0,1579,1596,54764,4,0,0,4,8
2020-11-03,US,North Carolina,Hyde,177,5,0,35.42017674,-76.15180542,37095.0,3585.173182094389,2.824858757062147,172,175,5,0,170,175,5230,2,0,0,2,0
2020-11-03,US,North Carolina,Iredell,4035,34,0,35.80950511,-80.8743128,37097.0,2219.398699712881,0.8426270136307311,4001,3990,34,0,3956,3967,178435,45,0,0,45,23
2020-11-03,US,North Carolina,Jackson,1134,7,0,35.28814273,-83.14093385,37099.0,2580.909463334699,0.6172839506172839,1127,1120,7,0,1113,1117,43327,14,0,0,14,3
2020-11-03,US,North Carolina,Johnston,5926,66,0,35.51745004,-78.36622717,37101.0,2830.815089400446,1.113736078299021,5860,5878,66,0,5812,5845,202675,48,0,0,48,33
2020-11-03,US,North Carolina,Jones,203,15,0,35.02254606,-77.35870791,37103.0,2155.2181760271787,7.389162561576356,188,204,15,0,189,202,9637,-1,0,0,-1,2
2020-11-03,US,North Carolina,Lee,2173,22,0,35.47623147,-79.17569362,37105.0,3517.376454782369,1.0124252185918086,2151,2164,20,0,2144,2157,61452,9,2,0,7,7
2020-11-03,US,North Carolina,Lenoir,1556,42,0,35.24032589999999,-77.64245615,37107.0,2781.104219914565,2.6992287917737787,1514,1550,41,0,1509,1538,55976,6,1,0,5,12
2020-11-03,US,North Carolina,Lincoln,2588,16,0,35.48508185,-81.21740317,37109.0,3005.423232804171,0.6182380216383307,2572,2568,16,0,2552,2546,83770,20,0,0,20,22
2020-11-03,US,North Carolina,Macon,778,7,0,35.14867843,-83.41696617,37113.0,2169.6692509342406,0.8997429305912596,771,775,7,0,768,773,35285,3,0,0,3,2
2020-11-03,US,North Carolina,Madison,309,5,0,35.85402722,-82.71346418,37115.0,1420.3631349115146,1.6181229773462784,304,304,5,0,299,303,21763,5,0,0,5,1
2020-11-03,US,North Carolina,Martin,680,20,0,35.84326734,-77.10860251,37117.0,3030.3030303030305,2.9411764705882355,660,674,18,0,656,670,22671,6,2,0,4,4
2020-11-03,US,North Carolina,McDowell,1392,33,0,35.67736232,-82.0482425,37111.0,3042.223970626803,2.3706896551724137,1359,1385,32,0,1353,1379,45507,7,1,0,6,6
2020-11-03,US,North Carolina,Mecklenburg,35076,398,0,35.24469268,-80.8317671,37119.0,3158.986847461535,1.1346789827802486,34678,34871,396,0,34475,34668,1093901,205,2,0,203,203
2020-11-03,US,North Carolina,Mitchell,257,4,0,36.01059309,-82.1582442,37121.0,1717.4552258754345,1.5564202334630348,253,249,4,0,245,247,15000,8,0,0,8,2
2020-11-03,US,North Carolina,Montgomery,1223,38,0,35.33155144,-79.90416657,37123.0,4500.791226585213,3.1071136549468523,1185,1218,38,0,1180,1213,27271,5,0,0,5,5
2020-11-03,US,North Carolina,Moore,2335,46,0,35.30885257,-79.48474178,37125.0,2314.631245043616,1.9700214132762317,2289,2324,46,0,2278,2314,98682,11,0,0,11,10
2020-11-03,US,North Carolina,Nash,3612,83,0,35.96575634,-77.98422508,37127.0,3830.4099768818,2.297895902547065,3529,3569,80,0,3489,3550,94016,43,3,0,40,19
2020-11-03,US,North Carolina,New Hanover,5517,40,0,34.25758282,-77.87075626,37129.0,2352.936158960733,0.7250317201377561,5477,5468,40,0,5428,5447,232274,49,0,0,49,21
2020-11-03,US,North Carolina,Northampton,594,22,0,36.41736238,-77.39769443,37131.0,3048.811784632757,3.703703703703704,572,586,19,0,567,580,19676,8,3,0,5,6
2020-11-03,US,North Carolina,Onslow,3615,32,0,34.72607366,-77.42908179,37133.0,1826.329456698562,0.8852005532503457,3583,3551,32,0,3519,3535,197683,64,0,0,64,16
2020-11-03,US,North Carolina,Orange,3191,59,0,36.06092947,-79.12167935,37135.0,2149.168889248094,1.848950172359762,3132,3174,59,0,3115,3160,146027,17,0,0,17,14
2020-11-03,US,North Carolina,Pamlico,331,3,0,35.15253315,-76.66559823,37137.0,2600.974383152601,0.9063444108761328,328,330,3,0,327,330,12670,1,0,0,1,0
2020-11-03,US,North Carolina,Pasquotank,908,35,0,36.26723798,-76.25134778,37139.0,2280.032141422258,3.8546255506607934,873,907,35,0,872,904,39639,1,0,0,1,3
2020-11-03,US,North Carolina,Pender,1470,17,0,34.52265624,-77.90352133,37141.0,2331.113225499524,1.1564625850340136,1453,1461,17,0,1444,1455,62162,9,0,0,9,6
2020-11-03,US,North Carolina,Perquimans,264,4,0,36.17847453,-76.40603143,37143.0,1960.9299561761866,1.5151515151515151,260,261,4,0,257,259,13422,3,0,0,3,2
2020-11-03,US,North Carolina,Person,730,10,0,36.38989032,-78.97217358,37145.0,1848.56925804001,1.3698630136986298,720,716,10,0,706,713,39507,14,0,0,14,3
2020-11-03,US,North Carolina,Pitt,6372,41,0,35.59535426,-77.37353178,37147.0,3525.467240597094,0.6434400502197113,6331,6332,41,0,6291,6331,179914,40,0,0,40,1
2020-11-03,US,North Carolina,Polk,409,12,0,35.27820615,-82.16812354,37149.0,1973.5572283342983,2.9339853300733503,397,410,11,0,399,407,20611,-1,1,0,-2,3
2020-11-03,US,North Carolina,Randolph,4055,66,0,35.71015088,-79.80570339,37151.0,2822.4992517418755,1.6276202219482119,3989,3983,65,0,3918,3950,143351,72,1,0,71,33
2020-11-03,US,North Carolina,Richmond,1480,31,0,35.00417719,-79.74491009,37153.0,3301.434339378527,2.0945945945945947,1449,1477,30,0,1447,1463,44887,3,1,0,2,14
2020-11-03,US,North Carolina,Robeson,6258,97,0,34.64244496,-79.10250529999998,37155.0,4790.813397129185,1.550015979546181,6161,6207,97,0,6110,6185,131831,51,0,0,51,22
2020-11-03,US,North Carolina,Rockingham,2202,19,0,36.39593137,-79.77504841,37157.0,2419.514339083617,0.8628519527702089,2183,2163,19,0,2144,2155,90690,39,0,0,39,8
2020-11-03,US,North Carolina,Rowan,4320,119,0,35.64003916,-80.52446628,37159.0,3040.3693485727154,2.7546296296296298,4201,4296,119,0,4177,4274,141262,24,0,0,24,22
2020-11-03,US,North Carolina,Rutherford,1821,64,0,35.40114178,-81.92112099,37161.0,2716.734547733071,3.5145524437122457,1757,1818,61,0,1757,1811,66826,3,3,0,0,7
2020-11-03,US,North Carolina,Sampson,2896,31,0,34.98820368,-78.36914061,37163.0,4558.404558404558,1.0704419889502763,2865,2875,31,0,2844,2867,63626,21,0,0,21,8
2020-11-03,US,North Carolina,Scotland,1682,29,0,34.8386299,-79.4757978,37165.0,4830.140998765184,1.7241379310344829,1653,1674,28,0,1646,1672,34810,8,1,0,7,2
2020-11-03,US,North Carolina,Stanly,2488,74,0,35.31647813,-80.25093221,37167.0,3961.404961309429,2.974276527331189,2414,2482,73,0,2409,2468,62075,6,1,0,5,14
2020-11-03,US,North Carolina,Stokes,730,13,0,36.4017975,-80.23893369,37169.0,1601.1932179596854,1.7808219178082192,717,726,13,0,713,719,45467,4,0,0,4,7
2020-11-03,US,North Carolina,Surry,2021,35,0,36.41689489,-80.69102283,37171.0,2815.4298371480713,1.731815932706581,1986,2009,33,0,1976,1998,71948,12,2,0,10,11
2020-11-03,US,North Carolina,Swain,302,5,0,35.48665845,-83.48748932,37173.0,2116.179665055007,1.6556291390728477,297,299,4,0,295,298,14245,3,1,0,2,1
2020-11-03,US,North Carolina,Transylvania,441,9,0,35.20383864,-82.79638423,37175.0,1282.5359895303184,2.0408163265306123,432,435,9,0,426,434,34215,6,0,0,6,1
2020-11-03,US,North Carolina,Tyrrell,132,3,0,35.87147226,-76.17055253,37177.0,3286.8525896414344,2.272727272727273,129,132,3,0,129,132,4131,0,0,0,0,0
2020-11-03,US,North Carolina,Unassigned,1,0,0,0.0,0.0,90037.0,0.0,0.0,1,4,0,0,4,2,,-3,0,0,-3,2
2020-11-03,US,North Carolina,Union,6163,65,0,34.98960527,-80.52955873,37179.0,2569.4262045618466,1.0546811617718643,6098,6100,65,0,6035,6073,235908,63,0,0,63,27
2020-11-03,US,North Carolina,Vance,1254,47,0,36.36880673,-78.40670845,37181.0,2815.7628831256316,3.748006379585327,1207,1245,47,0,1198,1237,44582,9,0,0,9,8
2020-11-03,US,North Carolina,Wake,22120,277,0,35.78879266,-78.65249174,37183.0,1989.6362617505026,1.2522603978300182,21843,21961,275,0,21686,21826,1092305,159,2,0,157,135
2020-11-03,US,North Carolina,Warren,497,7,0,36.39728256,-78.10652228,37185.0,2518.878921494096,1.4084507042253518,490,495,7,0,488,491,19807,2,0,0,2,4
2020-11-03,US,North Carolina,Washington,273,8,0,35.83810081,-76.57299037,37187.0,2357.5129533678755,2.93040293040293,265,271,8,0,263,264,11859,2,0,0,2,7
2020-11-03,US,North Carolina,Watauga,1447,6,0,36.23103603,-81.70033724,37189.0,2575.787243889848,0.41465100207325506,1441,1441,6,0,1435,1434,55945,6,0,0,6,7
2020-11-03,US,North Carolina,Wayne,4804,88,0,35.36438125,-78.00027268,37191.0,3901.535762724253,1.8318068276436303,4716,4773,81,0,4692,4756,123248,31,7,0,24,17
2020-11-03,US,North Carolina,Wilkes,1900,41,0,36.2084135,-81.16232895,37193.0,2777.290533824476,2.1578947368421053,1859,1887,38,0,1849,1869,68557,13,3,0,10,18
2020-11-03,US,North Carolina,Wilson,3210,64,0,35.70625477,-77.917978,37195.0,3924.157406388675,1.9937694704049844,3146,3178,64,0,3114,3173,81455,32,0,0,32,5
2020-11-03,US,North Carolina,Yadkin,1118,11,0,36.16222629,-80.66239436,37197.0,2968.1153264130407,0.9838998211091234,1107,1110,9,0,1101,1102,37543,8,2,0,6,8
2020-11-03,US,North Carolina,Yancey,347,2,0,35.90079156,-82.31237181,37199.0,1920.4161824118653,0.5763688760806917,345,344,1,0,343,340,17903,3,1,0,2,4
2020-11-03,US,North Dakota,Adams,100,0,0,46.09686891,-102.5285397,38001.0,4512.635379061372,0.0,100,95,0,0,95,91,2294,5,0,0,5,4
2020-11-03,US,North Dakota,Barnes,425,1,0,46.93579637,-98.06605978,38003.0,4080.6529044647145,0.2352941176470588,424,416,1,0,415,410,10542,9,0,0,9,6
2020-11-03,US,North Dakota,Benson,561,11,0,48.0683985,-99.35916363,38005.0,8211.358313817329,1.96078431372549,550,559,10,0,549,557,6962,2,1,0,1,2
2020-11-03,US,North Dakota,Billings,34,0,0,47.02366884,-103.3762965,38007.0,3663.793103448276,0.0,34,34,0,0,34,34,919,0,0,0,0,0
2020-11-03,US,North Dakota,Bottineau,359,17,0,48.79106111,-100.8378166,38009.0,5714.740528494112,4.735376044568246,342,356,17,0,339,345,6411,3,0,0,3,11
2020-11-03,US,North Dakota,Bowman,150,2,0,46.11285362,-103.5203343,38011.0,4960.31746031746,1.3333333333333333,148,150,2,0,148,148,3076,0,0,0,0,2
2020-11-03,US,North Dakota,Burke,93,1,0,48.79094471,-102.51821170000001,38013.0,4397.163120567376,1.075268817204301,92,88,1,0,87,86,2100,5,0,0,5,2
2020-11-03,US,North Dakota,Burleigh,7740,83,0,46.97847375,-100.46452140000001,38015.0,8094.033003576433,1.0723514211886305,7657,7591,80,0,7511,7486,95273,149,3,0,146,105
2020-11-03,US,North Dakota,Cass,10343,89,0,46.93201724,-97.24447190000001,38017.0,5685.372382821302,0.8604853524122595,10254,10160,87,0,10073,9930,181516,183,2,0,181,230
2020-11-03,US,North Dakota,Cavalier,145,1,0,48.77286211,-98.46685243,38019.0,3854.332801701223,0.6896551724137931,144,128,1,0,127,111,3829,17,0,0,17,17
2020-11-03,US,North Dakota,Dickey,352,9,0,46.11017712,-98.50490079999999,38021.0,7224.95894909688,2.5568181818181817,343,338,8,0,330,333,4903,14,1,0,13,5
2020-11-03,US,North Dakota,Divide,75,1,0,48.814938700000006,-103.48736109999999,38023.0,3312.720848056537,1.3333333333333333,74,71,1,0,70,71,2283,4,0,0,4,0
2020-11-03,US,North Dakota,Dunn,219,6,0,47.35423935,-102.61604679999999,38025.0,4950.2712477396035,2.7397260273972597,213,217,6,0,211,217,4332,2,0,0,2,0
2020-11-03,US,North Dakota,Eddy,221,3,0,47.71701474,-98.90432337,38027.0,9663.314385658068,1.3574660633484164,218,219,3,0,216,219,2313,2,0,0,2,0
2020-11-03,US,North Dakota,Emmons,294,9,0,46.28398398,-100.2389766,38029.0,9071.274298056156,3.0612244897959178,285,294,9,0,285,292,3295,0,0,0,0,2
2020-11-03,US,North Dakota,Foster,221,2,0,47.457108399999996,-98.88279923,38031.0,6884.735202492212,0.9049773755656108,219,209,2,0,207,205,3216,12,0,0,12,4
2020-11-03,US,North Dakota,Golden Valley,124,0,0,46.94022281,-103.8465421,38033.0,7041.453719477569,0.0,124,124,0,0,124,121,1769,0,0,0,0,3
2020-11-03,US,North Dakota,Grand Forks,4999,22,0,47.92093639,-97.45450447,38035.0,7197.880520078905,0.4400880176035207,4977,4780,22,0,4758,4624,70770,219,0,0,219,156
2020-11-03,US,North Dakota,Grant,86,4,0,46.35821257,-101.63900129999999,38037.0,3781.882145998241,4.651162790697675,82,85,4,0,81,84,2374,1,0,0,1,1
2020-11-03,US,North Dakota,Griggs,117,1,0,47.45785838,-98.23850925,38039.0,5244.285073957866,0.8547008547008547,116,116,1,0,115,110,2232,1,0,0,1,6
2020-11-03,US,North Dakota,Hettinger,143,2,0,46.43375068,-102.4632417,38041.0,5722.288915566227,1.3986013986013983,141,143,2,0,141,141,2514,0,0,0,0,2
2020-11-03,US,North Dakota,Kidder,118,2,0,46.97830064,-99.77507857,38043.0,4758.064516129032,1.6949152542372878,116,116,2,0,114,111,2450,2,0,0,2,5
2020-11-03,US,North Dakota,LaMoure,229,12,0,46.45681054,-98.53542355,38045.0,5659.911023232822,5.240174672489083,217,226,11,0,215,224,4062,3,1,0,2,2
2020-11-03,US,North Dakota,Logan,133,3,0,46.45729487,-99.47719806,38047.0,7189.189189189189,2.255639097744361,130,133,3,0,130,131,1903,0,0,0,0,2
2020-11-03,US,North Dakota,McHenry,250,14,0,48.23104458,-100.6324822,38049.0,4351.610095735422,5.6,236,244,14,0,230,237,5816,6,0,0,6,7
2020-11-03,US,North Dakota,McIntosh,180,5,0,46.11182017,-99.44145858,38051.0,7208.650380456548,2.7777777777777777,175,179,5,0,174,176,2585,1,0,0,1,3
2020-11-03,US,North Dakota,McKenzie,612,4,0,47.74133370000001,-103.395905,38053.0,4073.482428115016,0.6535947712418301,608,601,4,0,597,591,13632,11,0,0,11,10
2020-11-03,US,North Dakota,McLean,677,11,0,47.60766714,-101.3182418,38055.0,7164.021164021165,1.6248153618906942,666,666,11,0,655,651,9541,11,0,0,11,15
2020-11-03,US,North Dakota,Mercer,536,3,0,47.31213126,-101.8318399,38057.0,6546.964700134359,0.5597014925373134,533,534,3,0,531,531,8267,2,0,0,2,3
2020-11-03,US,North Dakota,Morton,2639,55,0,46.71681782,-101.2822377,38059.0,8414.10534370616,2.0841227737779464,2584,2599,55,0,2544,2552,31095,40,0,0,40,47
2020-11-03,US,North Dakota,Mountrail,601,9,0,48.20197971,-102.3555315,38061.0,5699.383594120436,1.4975041597337768,592,588,9,0,579,581,10218,13,0,0,13,7
2020-11-03,US,North Dakota,Nelson,185,3,0,47.9226426,-98.19038437,38063.0,6425.842306356374,1.6216216216216215,182,179,3,0,176,177,2869,6,0,0,6,2
2020-11-03,US,North Dakota,Oliver,91,2,0,47.11530482,-101.3406158,38065.0,4645.227156712608,2.1978021978021984,89,90,2,0,88,87,1952,1,0,0,1,3
2020-11-03,US,North Dakota,Pembina,275,0,0,48.76623521,-97.5523809,38067.0,4043.5230113218654,0.0,275,264,0,0,264,257,6947,11,0,0,11,7
2020-11-03,US,North Dakota,Pierce,157,2,0,48.24977025,-99.96407787,38069.0,3949.685534591195,1.2738853503184713,155,153,1,0,152,150,4081,4,1,0,3,3
2020-11-03,US,North Dakota,Ramsey,621,4,0,48.26886249,-98.72223879,38071.0,5391.092976820904,0.644122383252818,617,620,4,0,616,601,11481,1,0,0,1,19
2020-11-03,US,North Dakota,Ransom,249,3,0,46.45621782,-97.65742504,38073.0,4771.943273284784,1.2048192771084338,246,227,3,0,224,225,5237,22,0,0,22,2
2020-11-03,US,North Dakota,Renville,122,2,0,48.71982533,-101.6603912,38075.0,5242.801890846584,1.639344262295082,120,122,2,0,120,119,2374,0,0,0,0,3
2020-11-03,US,North Dakota,Richland,579,4,0,46.26440649,-96.94852979,38077.0,3579.155591271558,0.690846286701209,575,559,4,0,555,552,16239,20,0,0,20,7
2020-11-03,US,North Dakota,Rolette,551,10,0,48.77245354,-99.84097493,38079.0,3886.8510158013537,1.8148820326678765,541,519,9,0,510,488,14301,32,1,0,31,31
2020-11-03,US,North Dakota,Sargent,144,3,0,46.10830372,-97.63217159,38081.0,3694.2021549512565,2.083333333333333,141,142,3,0,139,142,3870,2,0,0,2,0
2020-11-03,US,North Dakota,Sheridan,61,1,0,47.57700669,-100.3426391,38083.0,4638.7832699619785,1.639344262295082,60,61,1,0,60,57,1349,0,0,0,0,4
2020-11-03,US,North Dakota,Sioux,282,5,0,46.11323337,-101.04401490000001,38085.0,6666.666666666668,1.7730496453900708,277,277,5,0,272,276,4358,5,0,0,5,1
2020-11-03,US,North Dakota,Slope,15,0,0,46.44737738,-103.4601547,38087.0,2000.0,0.0,15,15,0,0,15,15,763,0,0,0,0,0
2020-11-03,US,North Dakota,Stark,2508,35,0,46.80851182,-102.65763259999999,38089.0,7964.686080853631,1.3955342902711323,2473,2498,34,0,2464,2473,30997,10,1,0,9,25
2020-11-03,US,North Dakota,Steele,65,1,0,47.45611548,-97.72728747,38091.0,3439.1534391534387,1.5384615384615383,64,65,1,0,64,65,1903,0,0,0,0,0
2020-11-03,US,North Dakota,Stutsman,1147,10,0,46.97962541,-98.95637318,38093.0,5539.9922720247305,0.8718395815170009,1137,1068,10,0,1058,1061,20917,79,0,0,79,7
2020-11-03,US,North Dakota,Towner,128,6,0,48.68565745,-99.24564265,38095.0,5847.418912745546,4.6875,122,126,5,0,121,125,2192,2,1,0,1,1
2020-11-03,US,North Dakota,Traill,397,5,0,47.45367788,-97.16323288,38097.0,4940.268790443007,1.2594458438287153,392,380,5,0,375,363,8037,17,0,0,17,17
2020-11-03,US,North Dakota,Walsh,682,2,0,48.36876964,-97.72574783,38099.0,6409.172070294146,0.2932551319648094,680,659,2,0,657,634,10667,23,0,0,23,25
2020-11-03,US,North Dakota,Ward,3897,56,0,48.22390169,-101.54367629999999,38101.0,5761.298620659069,1.437002822684116,3841,3707,54,0,3653,3586,67744,190,2,0,188,121
2020-11-03,US,North Dakota,Wells,213,1,0,47.58614526,-99.65904998,38103.0,5555.555555555556,0.4694835680751174,212,208,0,0,208,201,3957,5,1,0,4,7
2020-11-03,US,North Dakota,Williams,2042,18,0,48.34522353,-103.4793387,38105.0,5432.440341589295,0.8814887365328109,2024,2017,18,0,1999,1989,35350,25,0,0,25,28
2020-11-03,US,Ohio,Adams,290,6,0,38.84541072,-83.4718964,39001.0,1047.0070041158206,2.0689655172413794,284,281,6,0,275,270,27724,9,0,0,9,11
2020-11-03,US,Ohio,Allen,2715,80,0,40.77285242,-84.10802343,39003.0,2652.636515520122,2.9465930018416207,2635,2653,80,0,2573,2580,102663,62,0,0,62,73
2020-11-03,US,Ohio,Ashland,529,19,0,40.84772277,-82.27280781,39005.0,989.0808466083316,3.5916824196597354,510,518,9,0,509,511,53745,11,10,0,1,7
2020-11-03,US,Ohio,Ashtabula,927,48,0,41.70860332,-80.74830218,39007.0,953.3015908927304,5.17799352750809,879,917,48,0,869,890,97493,10,0,0,10,27
2020-11-03,US,Ohio,Athens,1402,2,0,39.33425634,-82.04278644,39009.0,2146.126410213235,0.14265335235378032,1400,1393,2,0,1391,1388,65818,9,0,0,9,5
2020-11-03,US,Ohio,Auglaize,1341,19,0,40.55998859,-84.22421429999999,39011.0,2937.1824075696513,1.4168530947054436,1322,1300,19,0,1281,1279,45804,41,0,0,41,21
2020-11-03,US,Ohio,Belmont,927,27,0,40.01625942,-80.9924051,39013.0,1383.4581977733335,2.9126213592233015,900,897,27,0,870,885,67505,30,0,0,30,12
2020-11-03,US,Ohio,Brown,499,4,0,38.93416837,-83.86788395,39015.0,1148.9224534905138,0.8016032064128257,495,491,4,0,487,485,43602,8,0,0,8,6
2020-11-03,US,Ohio,Butler,9836,134,0,39.44012838,-84.57388716,39017.0,2567.248012444732,1.362342415616104,9702,9683,134,0,9549,9565,382378,153,0,0,153,118
2020-11-03,US,Ohio,Carroll,268,8,0,40.578968599999996,-81.09178213,39019.0,995.7642862450772,2.985074626865672,260,268,8,0,260,265,27081,0,0,0,0,3
2020-11-03,US,Ohio,Champaign,495,4,0,40.13923427,-83.76875242,39021.0,1272.9844413012731,0.8080808080808081,491,484,4,0,480,475,38754,11,0,0,11,9
2020-11-03,US,Ohio,Clark,3069,57,0,39.91592258,-83.78498252,39023.0,2288.88076788258,1.857282502443793,3012,2982,57,0,2925,2924,134585,87,0,0,87,58
2020-11-03,US,Ohio,Clermont,3064,40,0,39.04847534,-84.15375786,39025.0,1484.2947662138854,1.3054830287206267,3024,3006,39,0,2967,2961,205466,58,1,0,57,45
2020-11-03,US,Ohio,Clinton,629,13,0,39.41485808,-83.80852286,39027.0,1498.7609607319864,2.066772655007949,616,607,13,0,594,575,42057,22,0,0,22,32
2020-11-03,US,Ohio,Columbiana,2315,88,0,40.76932373,-80.78094576,39029.0,2272.2142064917607,3.801295896328294,2227,2303,88,0,2215,2269,102665,12,0,0,12,34
2020-11-03,US,Ohio,Coshocton,443,13,0,40.30096166,-81.91729018,39031.0,1210.3825136612022,2.9345372460496613,430,427,12,0,415,417,36629,16,1,0,15,10
2020-11-03,US,Ohio,Crawford,631,8,0,40.85065156,-82.91989099,39033.0,1520.7017882103437,1.2678288431061806,623,618,8,0,610,609,41550,13,0,0,13,9
2020-11-03,US,Ohio,Cuyahoga,22268,693,0,41.424119,-81.65918339,39035.0,1802.971810550316,3.1120890964612897,21575,21893,690,0,21203,21777,1243857,375,3,0,372,116
2020-11-03,US,Ohio,Darke,1344,51,0,40.13412966,-84.6194517,39037.0,2629.4680413984697,3.7946428571428568,1293,1336,51,0,1285,1317,51323,8,0,0,8,19
2020-11-03,US,Ohio,Defiance,667,14,0,41.32398837,-84.49076944,39039.0,1751.2537086144876,2.098950524737631,653,619,14,0,605,607,38165,48,0,0,48,12
2020-11-03,US,Ohio,Delaware,3312,29,0,40.27942393,-83.00457058,39041.0,1583.3480736409836,0.8756038647342995,3283,3268,28,0,3240,3227,204826,44,1,0,43,41
2020-11-03,US,Ohio,Erie,1297,55,0,41.36796058,-82.62904521,39043.0,1746.4250127918565,4.240555127216654,1242,1282,54,0,1228,1274,74615,15,1,0,14,8
2020-11-03,US,Ohio,Fairfield,3190,58,0,39.75107189,-82.63088163,39045.0,2024.4456572784848,1.818181818181818,3132,3137,58,0,3079,3097,155782,53,0,0,53,40
2020-11-03,US,Ohio,Fayette,522,12,0,39.56021306,-83.4562016,39047.0,1829.9737072743208,2.2988505747126435,510,509,12,0,497,507,28666,13,0,0,13,2
2020-11-03,US,Ohio,Franklin,35292,643,0,39.96995815,-83.01115755,39049.0,2680.223215235017,1.8219426498923268,34649,34871,643,0,34228,34517,1310300,421,0,0,421,354
2020-11-03,US,Ohio,Fulton,691,18,0,41.60213491,-84.12571393,39051.0,1640.3171438066752,2.6049204052098407,673,675,17,0,658,647,42276,16,1,0,15,28
2020-11-03,US,Ohio,Gallia,350,13,0,38.82708533,-82.31647569,39053.0,1170.6468660111045,3.7142857142857135,337,340,13,0,327,334,29979,10,0,0,10,6
2020-11-03,US,Ohio,Geauga,1023,50,0,41.49952319,-81.17935342,39055.0,1092.3768539973732,4.887585532746823,973,1001,50,0,951,991,94031,22,0,0,22,10
2020-11-03,US,Ohio,Greene,2972,45,0,39.69116283,-83.89032084,39057.0,1759.2356914115912,1.5141318977119784,2927,2903,44,0,2859,2828,167995,69,1,0,68,75
2020-11-03,US,Ohio,Guernsey,471,8,0,40.05026529,-81.49248905,39059.0,1211.5755627009646,1.6985138004246283,463,457,8,0,449,439,39022,14,0,0,14,18
2020-11-03,US,Ohio,Hamilton,19564,351,0,39.19673558,-84.54502924,39061.0,2393.2288895168404,1.7941116336127578,19213,19272,350,0,18922,19030,816684,292,1,0,291,242
2020-11-03,US,Ohio,Hancock,1349,30,0,41.00250487,-83.66838948,39063.0,1780.0826042780045,2.223869532987398,1319,1298,30,0,1268,1284,75930,51,0,0,51,14
2020-11-03,US,Ohio,Hardin,439,14,0,40.66015414,-83.65929931,39065.0,1399.6492906105532,3.1890660592255125,425,425,14,0,411,416,31480,14,0,0,14,9
2020-11-03,US,Ohio,Harrison,99,3,0,40.29380509,-81.09068544,39067.0,658.2446808510638,3.0303030303030303,96,95,3,0,92,93,15174,4,0,0,4,2
2020-11-03,US,Ohio,Henry,617,18,0,41.333964200000004,-84.06830637,39069.0,2284.677479078723,2.9173419773095626,599,599,18,0,581,584,27086,18,0,0,18,15
2020-11-03,US,Ohio,Highland,619,9,0,39.1839264,-83.60331456,39071.0,1434.1651027548019,1.4539579967689822,610,593,9,0,584,580,43058,26,0,0,26,13
2020-11-03,US,Ohio,Hocking,285,9,0,39.49537927,-82.47991446,39073.0,1008.3498443249364,3.1578947368421053,276,252,9,0,243,249,28385,33,0,0,33,3
2020-11-03,US,Ohio,Holmes,1006,15,0,40.56163713,-81.92635677,39075.0,2288.444040036397,1.4910536779324055,991,969,14,0,955,929,43892,37,1,0,36,40
2020-11-03,US,Ohio,Huron,797,16,0,41.14651175,-82.59867951,39077.0,1367.864620876669,2.0075282308657467,781,784,16,0,768,773,58504,13,0,0,13,11
2020-11-03,US,Ohio,Jackson,561,9,0,39.01914254,-82.61818559999998,39079.0,1730.7870298954126,1.60427807486631,552,544,8,0,536,539,32384,17,1,0,16,5
2020-11-03,US,Ohio,Jefferson,573,4,0,40.38614126,-80.76259514,39081.0,877.1526980482205,0.6980802792321117,569,560,4,0,556,553,65767,13,0,0,13,7
2020-11-03,US,Ohio,Knox,540,17,0,40.39830217,-82.42027563,39083.0,866.4677000096274,3.1481481481481484,523,523,17,0,506,512,61893,17,0,0,17,11
2020-11-03,US,Ohio,Lake,2580,60,0,41.69710807,-81.23676539,39085.0,1121.0129090284986,2.3255813953488373,2520,2486,60,0,2426,2411,230514,94,0,0,94,75
2020-11-03,US,Ohio,Lawrence,1131,30,0,38.59743452,-82.53466552,39087.0,1902.0231068059127,2.6525198938992043,1101,1114,29,0,1085,1103,59866,17,1,0,16,11
2020-11-03,US,Ohio,Licking,3168,70,0,40.09136236,-82.48185785,39089.0,1791.2270583845032,2.2095959595959602,3098,3104,70,0,3034,3064,175769,64,0,0,64,40
2020-11-03,US,Ohio,Logan,583,3,0,40.38996525,-83.76784341,39091.0,1276.4932562620425,0.5145797598627787,580,557,3,0,554,530,45358,26,0,0,26,27
2020-11-03,US,Ohio,Lorain,3239,91,0,41.29553751,-82.15083537,39093.0,1045.401877785775,2.8095091077493053,3148,3191,91,0,3100,3146,309461,48,0,0,48,45
2020-11-03,US,Ohio,Lucas,9360,388,0,41.62101218,-83.65468618,39095.0,2185.1391858955803,4.145299145299147,8972,9168,388,0,8780,9086,429899,192,0,0,192,82
2020-11-03,US,Ohio,Madison,1148,16,0,39.89381073,-83.40178317,39097.0,2566.452795600367,1.3937282229965158,1132,1135,16,0,1119,1129,44413,13,0,0,13,6
2020-11-03,US,Ohio,Mahoning,4243,287,0,41.01631101,-80.77287029,39099.0,1855.40682954133,6.764082017440491,3956,4146,287,0,3859,4090,229642,97,0,0,97,56
2020-11-03,US,Ohio,Marion,3624,50,0,40.58610662,-83.15736305,39101.0,5567.418923693792,1.379690949227373,3574,3603,50,0,3553,3585,65256,21,0,0,21,18
2020-11-03,US,Ohio,Medina,2318,44,0,41.11770589,-81.89986209999998,39103.0,1289.5975431998486,1.8981880931837791,2274,2253,44,0,2209,2197,179146,65,0,0,65,56
2020-11-03,US,Ohio,Meigs,242,12,0,39.09224872,-82.0305041,39105.0,1056.4456279739818,4.958677685950414,230,240,12,0,228,238,23106,2,0,0,2,2
2020-11-03,US,Ohio,Mercer,1806,31,0,40.54043046,-84.62912742,39107.0,4386.476245992422,1.7165005537098559,1775,1775,30,0,1745,1761,40959,31,1,0,30,14
2020-11-03,US,Ohio,Miami,2467,61,0,40.0543329,-84.22871271,39109.0,2305.8876312075304,2.4726388325901905,2406,2423,61,0,2362,2381,106222,44,0,0,44,42
2020-11-03,US,Ohio,Monroe,208,18,0,39.72984936,-81.08464734,39111.0,1523.363117035301,8.653846153846152,190,201,18,0,183,201,13790,7,0,0,7,0
2020-11-03,US,Ohio,Montgomery,12561,190,0,39.75394919,-84.29050975,39113.0,2362.4801810087515,1.5126184221001513,12371,12328,190,0,12138,12156,532331,233,0,0,233,172
2020-11-03,US,Ohio,Morgan,107,0,0,39.62081738,-81.85308173,39115.0,737.5241246208988,0.0,107,104,0,0,104,104,14604,3,0,0,3,0
2020-11-03,US,Ohio,Morrow,495,2,0,40.52363560000001,-82.7892599,39117.0,1401.1548913043478,0.404040404040404,493,480,2,0,478,474,35112,15,0,0,15,6
2020-11-03,US,Ohio,Muskingum,1138,4,0,39.96575964,-81.94363275,39119.0,1319.9559241431305,0.351493848857645,1134,1104,4,0,1100,1096,86183,34,0,0,34,8
2020-11-03,US,Ohio,Noble,260,0,0,39.76818851,-81.45937183,39121.0,1802.5513033832501,0.0,260,245,0,0,245,239,14354,15,0,0,15,6
2020-11-03,US,Ohio,Ottawa,690,30,0,41.53781826,-83.0940185,39123.0,1702.6526835286859,4.3478260869565215,660,675,30,0,645,665,40769,15,0,0,15,10
2020-11-03,US,Ohio,Paulding,328,5,0,41.11676341,-84.5801017,39125.0,1756.6409597257925,1.5243902439024388,323,303,4,0,299,295,18760,25,1,0,24,8
2020-11-03,US,Ohio,Perry,443,11,0,39.73508655,-82.23804971,39127.0,1225.992140366414,2.4830699774266365,432,437,11,0,426,432,36033,6,0,0,6,5
2020-11-03,US,Ohio,Pickaway,3275,46,0,39.64170392,-83.0243386,39129.0,5602.408608036677,1.4045801526717556,3229,3258,46,0,3212,3243,58086,17,0,0,17,15
2020-11-03,US,Ohio,Pike,406,0,0,39.07634001,-83.06769584,39131.0,1461.904076047818,0.0,406,390,0,0,390,384,28067,16,0,0,16,6
2020-11-03,US,Ohio,Portage,2005,68,0,41.16793482,-81.19735782,39133.0,1234.1043664520578,3.391521197007481,1937,1965,68,0,1897,1945,162927,40,0,0,40,20
2020-11-03,US,Ohio,Preble,828,18,0,39.7420247,-84.64787018,39135.0,2025.3412259674185,2.1739130434782608,810,807,18,0,789,798,40997,21,0,0,21,9
2020-11-03,US,Ohio,Putnam,1443,30,0,41.02094889,-84.1336111,39137.0,4261.539824576948,2.079002079002079,1413,1394,28,0,1366,1341,33780,49,2,0,47,53
2020-11-03,US,Ohio,Richland,1709,26,0,40.77180308,-82.53799609999999,39139.0,1410.6013833633224,1.5213575190169688,1683,1670,26,0,1644,1646,121099,39,0,0,39,24
2020-11-03,US,Ohio,Ross,1690,44,0,39.33705391,-83.06000914,39141.0,2204.366994495604,2.603550295857988,1646,1662,44,0,1618,1648,76931,28,0,0,28,14
2020-11-03,US,Ohio,Sandusky,863,22,0,41.35624126,-83.137872,39143.0,1474.7599029358487,2.5492468134414827,841,845,22,0,823,828,58799,18,0,0,18,17
2020-11-03,US,Ohio,Scioto,1110,9,0,38.80270163,-82.98907345,39145.0,1473.8295668799958,0.8108108108108109,1101,1077,9,0,1068,1057,75502,33,0,0,33,20
2020-11-03,US,Ohio,Seneca,788,14,0,41.12351311,-83.12783209,39147.0,1428.1054043278118,1.7766497461928934,774,758,14,0,744,735,55207,30,0,0,30,23
2020-11-03,US,Ohio,Shelby,1109,14,0,40.33163494,-84.20258189,39149.0,2282.362626054744,1.2623985572587917,1095,1096,14,0,1082,1093,48627,13,0,0,13,3
2020-11-03,US,Ohio,Stark,4700,186,0,40.81482476,-81.36437305,39151.0,1268.1931755017458,3.9574468085106393,4514,4609,186,0,4423,4528,371574,91,0,0,91,81
2020-11-03,US,Ohio,Summit,7843,276,0,41.12464734,-81.53123079,39153.0,1449.6879002907508,3.5190615835777126,7567,7678,274,0,7404,7580,541918,165,2,0,163,98
2020-11-03,US,Ohio,Trumbull,2649,138,0,41.31735028,-80.76109643,39155.0,1338.0544920040006,5.209513023782558,2511,2573,137,0,2436,2544,198627,76,1,0,75,29
2020-11-03,US,Ohio,Tuscarawas,1650,43,0,40.44214695,-81.47226262,39157.0,1793.7317229608532,2.606060606060606,1607,1616,41,0,1575,1576,92176,34,2,0,32,40
2020-11-03,US,Ohio,Union,945,3,0,40.30016061,-83.37239023,39159.0,1602.0207499830474,0.31746031746031744,942,916,3,0,913,902,57835,29,0,0,29,14
2020-11-03,US,Ohio,Van Wert,381,5,0,40.8554138,-84.59111700000003,39161.0,1347.480106100796,1.3123359580052494,376,362,5,0,357,351,28281,19,0,0,19,11
2020-11-03,US,Ohio,Vinton,139,5,0,39.25208988,-82.4831444,39163.0,1062.2850592281238,3.5971223021582728,134,131,5,0,126,129,13139,8,0,0,8,2
2020-11-03,US,Ohio,Warren,5084,68,0,39.42581994,-84.16557457,39165.0,2167.0744494931837,1.3375295043273014,5016,4980,68,0,4912,4921,232173,104,0,0,104,59
2020-11-03,US,Ohio,Washington,492,25,0,39.45690571,-81.49121382,39167.0,821.218140241358,5.08130081300813,467,470,25,0,445,461,60155,22,0,0,22,9
2020-11-03,US,Ohio,Wayne,1956,75,0,40.82925852,-81.88844833,39169.0,1690.432978999222,3.834355828220859,1881,1900,74,0,1826,1858,115967,56,1,0,55,42
2020-11-03,US,Ohio,Williams,479,4,0,41.56052014,-84.58429552,39171.0,1305.461681020386,0.8350730688935282,475,469,4,0,465,452,36804,10,0,0,10,17
2020-11-03,US,Ohio,Wood,2881,84,0,41.36224827,-83.62285108,39173.0,2202.3131550180788,2.9156542867060047,2797,2836,84,0,2752,2808,130696,45,0,0,45,28
2020-11-03,US,Ohio,Wyandot,346,13,0,40.84339621,-83.30734173,39175.0,1589.1971339334925,3.757225433526012,333,342,13,0,329,337,21935,4,0,0,4,5
2020-11-03,US,Oklahoma,Adair,873,12,0,35.88494195,-94.65859267,40001.0,3933.495539334956,1.3745704467353952,861,859,12,0,847,855,22082,14,0,0,14,4
2020-11-03,US,Oklahoma,Alfalfa,139,0,0,36.73090616,-98.32408495,40003.0,2437.7411434584355,0.0,139,138,0,0,138,132,5754,1,0,0,1,6
2020-11-03,US,Oklahoma,Atoka,481,1,0,34.37366573,-96.03802487,40005.0,3496.1476958860303,0.2079002079002079,480,470,1,0,469,467,13838,11,0,0,11,3
2020-11-03,US,Oklahoma,Beaver,103,1,0,36.7496847,-100.4758872,40007.0,1939.3711165505554,0.9708737864077671,102,101,1,0,100,99,5319,2,0,0,2,2
2020-11-03,US,Oklahoma,Beckham,964,12,0,35.26862449,-99.68128023,40009.0,4410.082803421931,1.2448132780082988,952,961,11,0,950,949,21709,3,1,0,2,12
2020-11-03,US,Oklahoma,Blaine,229,1,0,35.87518314,-98.43307003,40011.0,2428.677484356772,0.4366812227074236,228,227,1,0,226,225,9485,2,0,0,2,2
2020-11-03,US,Oklahoma,Bryan,1743,14,0,33.96472458,-96.25903472,40013.0,3631.6282946140223,0.8032128514056225,1729,1684,14,0,1670,1655,47192,59,0,0,59,29
2020-11-03,US,Oklahoma,Caddo,1203,26,0,35.17364557,-98.37534464,40015.0,4182.602044364092,2.1612635078969245,1177,1191,26,0,1165,1187,28977,12,0,0,12,4
2020-11-03,US,Oklahoma,Canadian,4289,24,0,35.5426055,-97.98465569,40017.0,2891.9935808396153,0.559570995570063,4265,4232,24,0,4208,4208,144447,57,0,0,57,24
2020-11-03,US,Oklahoma,Carter,949,10,0,34.25103751,-97.28552485,40019.0,1972.5218764939407,1.053740779768177,939,939,10,0,929,924,48177,10,0,0,10,15
2020-11-03,US,Oklahoma,Cherokee,1463,8,0,35.90692775,-94.99980896,40021.0,3006.7616170335205,0.5468215994531784,1455,1447,8,0,1439,1439,48675,16,0,0,16,8
2020-11-03,US,Oklahoma,Choctaw,495,2,0,34.02807439,-95.54771129,40023.0,3373.7731733914948,0.404040404040404,493,496,2,0,494,488,14668,-1,0,0,-1,8
2020-11-03,US,Oklahoma,Cimarron,41,0,0,36.74817177,-102.5173885,40025.0,1918.5774450163776,0.0,41,41,0,0,41,40,2153,0,0,0,0,1
2020-11-03,US,Oklahoma,Cleveland,8826,106,0,35.20413532,-97.32519562,40027.0,3107.593287654834,1.2009970541581692,8720,8778,106,0,8672,8726,281669,48,0,0,48,52
2020-11-03,US,Oklahoma,Coal,123,0,0,34.58840127,-96.29798747,40029.0,2238.3985441310283,0.0,123,123,0,0,123,119,5520,0,0,0,0,4
2020-11-03,US,Oklahoma,Comanche,2685,20,0,34.65973764,-98.47195055,40031.0,2223.6208995519632,0.74487895716946,2665,2653,18,0,2635,2590,120422,32,2,0,30,63
2020-11-03,US,Oklahoma,Cotton,114,3,0,34.28845626,-98.37053567,40033.0,2012.0014119308155,2.631578947368421,111,112,3,0,109,110,5776,2,0,0,2,2
2020-11-03,US,Oklahoma,Craig,662,2,0,36.76268118,-95.20916602,40035.0,4681.0917833404055,0.3021148036253776,660,656,2,0,654,649,14306,6,0,0,6,7
2020-11-03,US,Oklahoma,Creek,1691,39,0,35.90230551,-96.37086028,40037.0,2364.3074858085624,2.306327616794796,1652,1668,39,0,1629,1651,71604,23,0,0,23,17
2020-11-03,US,Oklahoma,Custer,1142,7,0,35.63853802,-99.00170785,40039.0,3937.5237044443684,0.6129597197898424,1135,1136,7,0,1129,1129,29036,6,0,0,6,7
2020-11-03,US,Oklahoma,Delaware,1346,29,0,36.40823634,-94.80325046,40041.0,3129.577530284359,2.1545319465081723,1317,1327,28,0,1299,1319,42733,19,1,0,18,8
2020-11-03,US,Oklahoma,Dewey,95,1,0,35.98772922,-99.00730714,40043.0,1942.3430791249234,1.0526315789473684,94,95,1,0,94,94,4894,0,0,0,0,1
2020-11-03,US,Oklahoma,Ellis,31,0,0,36.218019399999996,-99.75324573,40045.0,803.3169214822493,0.0,31,32,0,0,32,30,3952,-1,0,0,-1,2
2020-11-03,US,Oklahoma,Garfield,2574,29,0,36.3791334,-97.78265517,40047.0,4215.801886792453,1.1266511266511263,2545,2558,29,0,2529,2543,60913,16,0,0,16,15
2020-11-03,US,Oklahoma,Garvin,806,8,0,34.70418038,-97.30811132,40049.0,2908.592255782902,0.9925558312655088,798,791,6,0,785,774,27811,15,2,0,13,17
2020-11-03,US,Oklahoma,Grady,1706,17,0,35.0167709,-97.88339847,40051.0,3055.4859046459137,0.9964830011723328,1689,1698,17,0,1681,1692,55551,8,0,0,8,6
2020-11-03,US,Oklahoma,Grant,120,2,0,36.796296999999996,-97.78638765,40053.0,2769.4438033694896,1.6666666666666667,118,119,2,0,117,114,4326,1,0,0,1,5
2020-11-03,US,Oklahoma,Greer,161,8,0,34.93535801,-99.56056120000001,40055.0,2818.627450980392,4.9689440993788825,153,161,8,0,153,159,5821,0,0,0,0,2
2020-11-03,US,Oklahoma,Harmon,80,0,0,34.7440135,-99.84741652,40057.0,3015.4542027892962,0.0,80,79,0,0,79,78,2664,1,0,0,1,1
2020-11-03,US,Oklahoma,Harper,81,2,0,36.78836519,-99.6679804,40059.0,2196.3123644251627,2.469135802469136,79,79,2,0,77,80,3797,2,0,0,2,-1
2020-11-03,US,Oklahoma,Haskell,420,5,0,35.22257600000001,-95.11513306,40061.0,3326.205749584224,1.1904761904761905,415,407,5,0,402,404,12668,13,0,0,13,3
2020-11-03,US,Oklahoma,Hughes,436,7,0,35.04912569,-96.24921145,40063.0,3283.379772573236,1.6055045871559632,429,431,6,0,425,422,13335,5,1,0,4,9
2020-11-03,US,Oklahoma,Jackson,1204,14,0,34.58781741,-99.41138784,40065.0,4908.27558092132,1.162790697674419,1190,1198,14,0,1184,1189,24949,6,0,0,6,9
2020-11-03,US,Oklahoma,Jefferson,93,0,0,34.11130184,-97.83182974,40067.0,1549.483505498167,0.0,93,90,0,0,90,90,6123,3,0,0,3,0
2020-11-03,US,Oklahoma,Johnston,322,4,0,34.31440473,-96.66011537,40069.0,2904.826341903473,1.2422360248447204,318,311,4,0,307,310,10949,11,0,0,11,1
2020-11-03,US,Oklahoma,Kay,946,16,0,36.81799745,-97.14421435,40071.0,2172.8145528044465,1.6913319238900637,930,924,16,0,908,920,44161,22,0,0,22,4
2020-11-03,US,Oklahoma,Kingfisher,604,5,0,35.94530008,-97.94193268,40073.0,3831.271804630511,0.8278145695364238,599,595,5,0,590,591,15816,9,0,0,9,4
2020-11-03,US,Oklahoma,Kiowa,197,3,0,34.91671958,-98.97720696,40075.0,2262.2875516766194,1.5228426395939083,194,193,3,0,190,191,8729,4,0,0,4,2
2020-11-03,US,Oklahoma,Latimer,234,3,0,34.87844729,-95.25215049,40077.0,2323.04179489725,1.2820512820512822,231,233,2,0,231,231,10231,1,1,0,0,2
2020-11-03,US,Oklahoma,Le Flore,1779,24,0,34.89851864,-94.70392124,40079.0,3568.4913646119594,1.349072512647555,1755,1756,24,0,1732,1749,49980,23,0,0,23,7
2020-11-03,US,Oklahoma,Lincoln,859,22,0,35.70270942,-96.8812462,40081.0,2462.9411933365827,2.561117578579744,837,850,22,0,828,836,34920,9,0,0,9,14
2020-11-03,US,Oklahoma,Logan,913,2,0,35.91899576,-97.44352845,40083.0,1901.6475391056217,0.2190580503833516,911,912,2,0,910,907,47291,1,0,0,1,5
2020-11-03,US,Oklahoma,Love,301,1,0,33.95273467,-97.23906784,40085.0,2935.7261289378716,0.3322259136212625,300,293,1,0,292,292,10134,8,0,0,8,1
2020-11-03,US,Oklahoma,Major,212,2,0,36.31149996,-98.53467076,40093.0,2778.870100930659,0.9433962264150944,210,210,2,0,208,204,7644,2,0,0,2,6
2020-11-03,US,Oklahoma,Marshall,323,2,0,34.02311222,-96.76855464,40095.0,1907.74319295966,0.6191950464396285,321,299,2,0,297,295,16806,24,0,0,24,4
2020-11-03,US,Oklahoma,Mayes,1038,16,0,36.30179091,-95.23175116,40097.0,2525.5474452554745,1.5414258188824663,1022,1027,16,0,1011,1018,41107,11,0,0,11,9
2020-11-03,US,Oklahoma,McClain,1445,15,0,35.01123903,-97.44572302,40087.0,3570.193210456095,1.038062283737024,1430,1435,14,0,1421,1416,39985,10,1,0,9,19
2020-11-03,US,Oklahoma,McCurtain,1720,41,0,34.11664328,-94.77222373,40089.0,5238.79142300195,2.3837209302325584,1679,1680,41,0,1639,1671,32703,40,0,0,40,9
2020-11-03,US,Oklahoma,McIntosh,549,11,0,35.37235506,-95.66599306,40091.0,2801.5921616656456,2.0036429872495445,538,529,10,0,519,526,19815,20,1,0,19,3
2020-11-03,US,Oklahoma,Murray,344,3,0,34.48116015,-97.06826283,40099.0,2444.397072408157,0.8720930232558141,341,341,3,0,338,337,13953,3,0,0,3,4
2020-11-03,US,Oklahoma,Muskogee,2510,28,0,35.61318461,-95.37802952,40101.0,3691.339323793697,1.1155378486055776,2482,2489,28,0,2461,2461,68362,21,0,0,21,28
2020-11-03,US,Oklahoma,Noble,213,3,0,36.38953329,-97.22928674,40103.0,1913.5747012847007,1.4084507042253518,210,206,3,0,203,205,11289,7,0,0,7,1
2020-11-03,US,Oklahoma,Nowata,279,4,0,36.79843529,-95.61902331,40105.0,2768.9559348947996,1.4336917562724014,275,276,4,0,272,272,10218,3,0,0,3,4
2020-11-03,US,Oklahoma,Okfuskee,608,8,0,35.46485198,-96.32639984,40107.0,5069.623947302594,1.3157894736842106,600,604,8,0,596,582,12098,4,0,0,4,22
2020-11-03,US,Oklahoma,Oklahoma,25315,235,0,35.55140095,-97.40716948,40109.0,3174.557392837526,0.9283033774442031,25080,25091,233,0,24858,24869,792582,224,2,0,222,222
2020-11-03,US,Oklahoma,Okmulgee,1339,14,0,35.64661916,-95.96432828,40111.0,3481.0867021968024,1.0455563853622103,1325,1326,14,0,1312,1313,38335,13,0,0,13,13
2020-11-03,US,Oklahoma,Osage,1443,15,0,36.62888819,-96.39635704,40113.0,3072.631646189553,1.0395010395010396,1428,1430,15,0,1415,1427,47014,13,0,0,13,3
2020-11-03,US,Oklahoma,Ottawa,1312,21,0,36.83532655,-94.81011909,40115.0,4214.99020143284,1.6006097560975612,1291,1306,19,0,1287,1300,31175,6,2,0,4,6
2020-11-03,US,Oklahoma,Pawnee,355,5,0,36.31743373,-96.70331759999999,40117.0,2167.8065461651195,1.4084507042253518,350,353,5,0,348,349,16390,2,0,0,2,4
2020-11-03,US,Oklahoma,Payne,2929,14,0,36.07695283,-96.97584944,40119.0,3581.385112002348,0.4779788323659952,2915,2919,14,0,2905,2917,82040,10,0,0,10,2
2020-11-03,US,Oklahoma,Pittsburg,1323,21,0,34.92065823,-95.75134320000001,40121.0,3030.6501122463005,1.5873015873015872,1302,1310,21,0,1289,1303,43877,13,0,0,13,7
2020-11-03,US,Oklahoma,Pontotoc,936,5,0,34.72959848,-96.68337199,40123.0,2444.8855918921745,0.5341880341880342,931,883,5,0,878,877,38247,53,0,0,53,6
2020-11-03,US,Oklahoma,Pottawatomie,2375,16,0,35.20614018,-96.94923008,40125.0,3271.7103813092353,0.6736842105263158,2359,2361,15,0,2346,2326,72679,14,1,0,13,35
2020-11-03,US,Oklahoma,Pushmataha,310,6,0,34.41635232,-95.37603505,40127.0,2793.79956741168,1.935483870967742,304,304,6,0,298,298,11179,6,0,0,6,6
2020-11-03,US,Oklahoma,Roger Mills,94,4,0,35.68711719,-99.69666167,40129.0,2623.499860452135,4.25531914893617,90,93,4,0,89,92,3656,1,0,0,1,1
2020-11-03,US,Oklahoma,Rogers,2657,55,0,36.37004357,-95.60406759,40131.0,2873.7061832812383,2.0700037636432067,2602,2634,55,0,2579,2608,91984,23,0,0,23,26
2020-11-03,US,Oklahoma,Seminole,883,7,0,35.16478725,-96.61686741,40133.0,3640.036276692225,0.7927519818799547,876,867,6,0,861,847,24578,16,1,0,15,20
2020-11-03,US,Oklahoma,Sequoyah,1323,14,0,35.49447108,-94.75463785,40135.0,3182.660155404268,1.058201058201058,1309,1311,14,0,1297,1302,41179,12,0,0,12,9
2020-11-03,US,Oklahoma,Stephens,834,9,0,34.48556989,-97.85141892,40137.0,1933.1061817676105,1.0791366906474822,825,816,8,0,808,813,43265,18,1,0,17,3
2020-11-03,US,Oklahoma,Texas,1860,10,0,36.74777635,-101.4889765,40139.0,9307.911724966221,0.5376344086021505,1850,1856,10,0,1846,1849,20455,4,0,0,4,7
2020-11-03,US,Oklahoma,Tillman,166,4,0,34.37288446,-98.92426619,40141.0,2289.655172413793,2.409638554216868,162,163,4,0,159,160,7348,3,0,0,3,3
2020-11-03,US,Oklahoma,Tulsa,23153,218,0,36.11939621,-95.94013939,40143.0,3553.515298855656,0.9415626484688808,22935,22919,214,0,22705,22742,648360,234,4,0,230,177
2020-11-03,US,Oklahoma,Unassigned,16,0,0,0.0,0.0,90040.0,0.0,0.0,16,9,0,0,9,3,,7,0,0,7,6
2020-11-03,US,Oklahoma,Wagoner,2019,31,0,35.96024096,-95.51911308,40145.0,2483.73088609775,1.5354135710747896,1988,2009,31,0,1978,1995,80110,10,0,0,10,14
2020-11-03,US,Oklahoma,Washington,1414,42,0,36.71380786,-95.90514104,40147.0,2744.1923651677757,2.9702970297029703,1372,1402,42,0,1360,1397,51843,12,0,0,12,5
2020-11-03,US,Oklahoma,Washita,195,0,0,35.29071824,-98.99180434,40149.0,1786.368633198974,0.0,195,195,0,0,195,193,11127,0,0,0,0,2
2020-11-03,US,Oklahoma,Woods,194,0,0,36.76705782,-98.86573064,40151.0,2206.3004662799954,0.0,194,192,0,0,192,190,8897,2,0,0,2,2
2020-11-03,US,Oklahoma,Woodward,1317,6,0,36.42316318,-99.26283045,40153.0,6516.2535253080005,0.4555808656036446,1311,1306,6,0,1300,1297,20222,11,0,0,11,9
2020-11-03,US,Oregon,Baker,152,3,0,44.70915557,-117.6749883,41001.0,942.6941205656163,1.973684210526316,149,144,3,0,141,144,16006,8,0,0,8,0
2020-11-03,US,Oregon,Benton,474,6,0,44.49167306,-123.4316987,41003.0,509.38712346727135,1.2658227848101269,468,466,6,0,460,465,92101,8,0,0,8,1
2020-11-03,US,Oregon,Clackamas,3535,69,0,45.18787398,-122.2179634,41005.0,845.3156123934987,1.951909476661952,3466,3478,67,0,3411,3383,416075,57,2,0,55,95
2020-11-03,US,Oregon,Clatsop,268,0,0,45.99712889,-123.660711,41007.0,666.2688941925219,0.0,268,260,0,0,260,257,39764,8,0,0,8,3
2020-11-03,US,Oregon,Columbia,285,2,0,45.94464254,-123.08908980000001,41009.0,544.371012721091,0.7017543859649122,283,281,2,0,279,280,52377,4,0,0,4,1
2020-11-03,US,Oregon,Coos,273,1,0,43.17406868,-124.0594514,41011.0,423.34113852404363,0.3663003663003663,272,272,1,0,271,271,64389,1,0,0,1,1
2020-11-03,US,Oregon,Crook,118,4,0,44.14230227,-120.356297,41013.0,483.527290608097,3.3898305084745757,114,118,4,0,114,116,23867,0,0,0,0,2
2020-11-03,US,Oregon,Curry,66,2,0,42.45911325,-124.15728200000001,41015.0,287.89531079607417,3.0303030303030303,64,66,2,0,64,62,22813,0,0,0,0,4
2020-11-03,US,Oregon,Deschutes,1308,13,0,43.91570171,-121.2289121,41017.0,661.6352710276592,0.9938837920489296,1295,1296,13,0,1283,1267,191996,12,0,0,12,29
2020-11-03,US,Oregon,Douglas,400,8,0,43.27941273,-123.16729099999999,41019.0,360.42530185619034,2.0,392,390,8,0,382,384,110283,10,0,0,10,6
2020-11-03,US,Oregon,Gilliam,17,0,0,45.37160076,-120.20488689999999,41021.0,889.121338912134,0.0,17,17,0,0,17,17,1894,0,0,0,0,0
2020-11-03,US,Oregon,Grant,18,0,0,44.49024544,-119.0068631,41023.0,250.03472704542298,0.0,18,14,0,0,14,14,7176,4,0,0,4,0
2020-11-03,US,Oregon,Harney,39,0,0,43.06422669,-118.96663059999999,41025.0,527.5260381441905,0.0,39,39,0,0,39,39,7329,0,0,0,0,0
2020-11-03,US,Oregon,Hood River,291,1,0,45.51872811,-121.65520359999998,41027.0,1244.5470875032076,0.3436426116838488,290,290,1,0,289,290,23428,1,0,0,1,0
2020-11-03,US,Oregon,Jackson,1998,7,0,42.43201126,-122.72893090000001,41029.0,904.3015424723004,0.35035035035035034,1991,1928,7,0,1921,1911,219564,70,0,0,70,17
2020-11-03,US,Oregon,Jefferson,613,11,0,44.62806839,-121.17832,41031.0,2486.008597615378,1.7944535073409462,602,612,10,0,602,611,24192,1,1,0,0,1
2020-11-03,US,Oregon,Josephine,279,4,0,42.3665549,-123.5561938,41033.0,318.9045229576966,1.4336917562724014,275,277,3,0,274,277,87393,2,1,0,1,0
2020-11-03,US,Oregon,Klamath,444,3,0,42.68762984,-121.64964609999998,41035.0,650.6638529851402,0.6756756756756757,441,437,3,0,434,437,67653,7,0,0,7,0
2020-11-03,US,Oregon,Lake,47,0,0,42.79246693,-120.38501629999999,41037.0,597.280467657898,0.0,47,48,0,0,48,47,7879,-1,0,0,-1,1
2020-11-03,US,Oregon,Lane,2633,28,0,43.93727035,-122.847753,41039.0,689.1461445243898,1.0634257500949489,2605,2607,28,0,2579,2596,379611,26,0,0,26,11
2020-11-03,US,Oregon,Lincoln,522,13,0,44.64252874,-123.86991200000001,41041.0,1044.7940434730394,2.490421455938697,509,522,13,0,509,521,49388,0,0,0,0,1
2020-11-03,US,Oregon,Linn,923,17,0,44.48899494,-122.53731540000001,41043.0,711.3734980616423,1.841820151679307,906,902,17,0,885,890,127335,21,0,0,21,12
2020-11-03,US,Oregon,Malheur,2008,38,0,43.1937027,-117.62273950000001,41045.0,6568.3163782669835,1.8924302788844625,1970,1992,38,0,1954,1985,30725,16,0,0,16,7
2020-11-03,US,Oregon,Marion,6375,114,0,44.90287942,-122.58151170000001,41047.0,1832.8551138813973,1.7882352941176471,6261,6311,112,0,6199,6252,346868,64,2,0,62,59
2020-11-03,US,Oregon,Morrow,560,7,0,45.41846568,-119.584546,41049.0,4826.338016030337,1.25,553,559,7,0,552,559,11372,1,0,0,1,0
2020-11-03,US,Oregon,Multnomah,10139,175,0,45.54747959,-122.4169351,41051.0,1247.3319349699516,1.7260084820988264,9964,10090,173,0,9917,9894,811880,49,2,0,47,196
2020-11-03,US,Oregon,Polk,719,15,0,44.90322804,-123.4128888,41053.0,835.2210024975315,2.086230876216968,704,706,15,0,691,695,85234,13,0,0,13,11
2020-11-03,US,Oregon,Sherman,23,0,0,45.41501554,-120.6827834,41055.0,1292.134831460674,0.0,23,21,0,0,21,21,1708,2,0,0,2,0
2020-11-03,US,Oregon,Tillamook,80,0,0,45.46248721,-123.712066,41057.0,295.90176061547567,0.0,80,78,0,0,78,77,26787,2,0,0,2,1
2020-11-03,US,Oregon,Umatilla,3509,45,0,45.59073056,-118.7353826,41059.0,4501.603592046185,1.2824166429182102,3464,3493,45,0,3448,3481,77516,16,0,0,16,12
2020-11-03,US,Oregon,Union,503,2,0,45.30915495,-118.0068979,41061.0,1874.4177380286935,0.3976143141153082,501,495,2,0,493,494,26461,8,0,0,8,1
2020-11-03,US,Oregon,Wallowa,58,2,0,45.57894064,-117.18353799999998,41063.0,804.661487236404,3.4482758620689653,56,56,2,0,54,56,7081,2,0,0,2,0
2020-11-03,US,Oregon,Wasco,368,16,0,45.16292781,-121.16709540000001,41065.0,1379.2069560003,4.3478260869565215,352,367,16,0,351,362,26505,1,0,0,1,5
2020-11-03,US,Oregon,Washington,6356,80,0,45.55972701,-123.0955257,41067.0,1056.530007047966,1.2586532410320956,6276,6298,79,0,6219,6230,597695,58,1,0,57,68
2020-11-03,US,Oregon,Wheeler,1,0,0,44.72698162,-120.02814270000002,41069.0,75.07507507507508,0.0,1,1,0,0,1,1,1366,0,0,0,0,0
2020-11-03,US,Oregon,Yamhill,1058,15,0,45.23330449,-123.3086963,41071.0,987.8618113912233,1.4177693761814745,1043,1047,15,0,1032,1043,107002,11,0,0,11,4
2020-11-03,US,Pennsylvania,Adams,1229,31,0,39.87140411,-77.21610347,42001.0,1193.0996320709842,2.5223759153783565,1198,1195,31,0,1164,1184,102811,34,0,0,34,11
2020-11-03,US,Pennsylvania,Allegheny,16210,423,0,40.46809875,-79.98167747,42003.0,1333.0098803909395,2.6095003084515733,15787,16060,421,0,15639,15940,1218452,150,2,0,148,120
2020-11-03,US,Pennsylvania,Armstrong,827,22,0,40.81665618,-79.46290811,42005.0,1277.5160268788134,2.660217654171705,805,808,21,0,787,786,65263,19,1,0,18,22
2020-11-03,US,Pennsylvania,Beaver,2380,142,0,40.6825484,-80.34921611,42007.0,1451.8480561706592,5.966386554621849,2238,2365,141,0,2224,2343,164742,15,1,0,14,22
2020-11-03,US,Pennsylvania,Bedford,498,9,0,40.00522157,-78.48998442,42009.0,1039.9264951553623,1.8072289156626504,489,483,8,0,475,462,48176,15,1,0,14,21
2020-11-03,US,Pennsylvania,Berks,9860,427,0,40.41570541,-75.92457766,42011.0,2341.1307709110943,4.330628803245436,9433,9735,425,0,9310,9648,420152,125,2,0,123,87
2020-11-03,US,Pennsylvania,Blair,1574,32,0,40.47961444,-78.34917412,42013.0,1291.9748171617596,2.0330368487928845,1542,1529,32,0,1497,1456,122492,45,0,0,45,73
2020-11-03,US,Pennsylvania,Bradford,973,15,0,41.78869215,-76.51570822,42015.0,1612.983439152562,1.5416238437821173,958,940,15,0,925,895,60833,33,0,0,33,45
2020-11-03,US,Pennsylvania,Bucks,10679,627,0,40.33682119,-75.10836643,42017.0,1699.7469240931446,5.871336267440772,10052,10585,626,0,9959,10513,628195,94,1,0,93,72
2020-11-03,US,Pennsylvania,Butler,1996,28,0,40.91152759,-79.91351055,42019.0,1062.5329379887464,1.4028056112224452,1968,1961,28,0,1933,1892,187888,35,0,0,35,69
2020-11-03,US,Pennsylvania,Cambria,1296,9,0,40.49527404,-78.71377428,42021.0,995.4528696079635,0.6944444444444444,1287,1249,9,0,1240,1225,131730,47,0,0,47,24
2020-11-03,US,Pennsylvania,Cameron,14,0,0,41.43625568,-78.20376845,42023.0,314.81897908702496,0.0,14,11,0,0,11,10,4492,3,0,0,3,1
2020-11-03,US,Pennsylvania,Carbon,638,31,0,40.91545395,-75.7068525,42025.0,994.0481755009192,4.858934169278998,607,624,31,0,593,616,64227,14,0,0,14,8
2020-11-03,US,Pennsylvania,Centre,4356,19,0,40.92058903,-77.82200624,42027.0,2682.5137789820487,0.4361799816345271,4337,4317,19,0,4298,4292,162805,39,0,0,39,25
2020-11-03,US,Pennsylvania,Chester,8361,381,0,39.97291773,-75.74768357,42029.0,1592.604797433851,4.556871187656978,7980,8361,381,0,7980,8198,522046,0,0,0,0,163
2020-11-03,US,Pennsylvania,Clarion,264,4,0,41.19265812,-79.42413524,42031.0,686.8203340444353,1.5151515151515151,260,262,4,0,258,245,38779,2,0,0,2,17
2020-11-03,US,Pennsylvania,Clearfield,525,7,0,41.00110782,-78.47592663,42033.0,662.4187748407039,1.3333333333333333,518,513,7,0,506,502,79388,12,0,0,12,11
2020-11-03,US,Pennsylvania,Clinton,289,7,0,41.23255967,-77.63785995,42035.0,748.0844895423484,2.4221453287197234,282,284,7,0,277,282,38684,5,0,0,5,2
2020-11-03,US,Pennsylvania,Columbia,1089,43,0,41.04821986,-76.40565017,42037.0,1676.3130349116434,3.948576675849403,1046,1087,43,0,1044,1079,65456,2,0,0,2,8
2020-11-03,US,Pennsylvania,Crawford,624,3,0,41.68447709,-80.10760592,42039.0,737.3359014049557,0.4807692307692308,621,598,3,0,595,585,85063,26,0,0,26,13
2020-11-03,US,Pennsylvania,Cumberland,2627,82,0,40.1625372,-77.26130755,42041.0,1036.8236176342898,3.1214312904453747,2545,2591,81,0,2510,2566,251423,36,1,0,35,25
2020-11-03,US,Pennsylvania,Dauphin,5119,196,0,40.41377078,-76.77993242,42043.0,1839.3885712848407,3.828872826723969,4923,5036,196,0,4840,4998,277097,83,0,0,83,38
2020-11-03,US,Pennsylvania,Delaware,14219,771,0,39.91680171,-75.40243663,42045.0,2508.879623535722,5.422322244883606,13448,14081,771,0,13310,14001,564751,138,0,0,138,80
2020-11-03,US,Pennsylvania,Elk,221,2,0,41.42822061,-78.64524744,42047.0,738.8833166165163,0.9049773755656108,219,203,2,0,201,198,30169,18,0,0,18,5
2020-11-03,US,Pennsylvania,Erie,2352,40,0,41.99253829,-80.03301954,42049.0,871.989559852889,1.7006802721088434,2312,2302,40,0,2262,2261,272061,50,0,0,50,41
2020-11-03,US,Pennsylvania,Fayette,1097,15,0,39.92041012,-79.64291195,42051.0,848.5851756733757,1.3673655423883315,1082,1083,15,0,1068,1074,130441,14,0,0,14,9
2020-11-03,US,Pennsylvania,Forest,19,1,0,41.51095103,-79.23229292,42053.0,262.17745273906445,5.2631578947368425,18,19,1,0,18,19,7279,0,0,0,0,0
2020-11-03,US,Pennsylvania,Franklin,2419,57,0,39.92956518,-77.72157791,42055.0,1560.3733543189248,2.3563455973542786,2362,2346,55,0,2291,2329,154835,73,2,0,71,17
2020-11-03,US,Pennsylvania,Fulton,101,4,0,39.92913544,-78.11163677,42057.0,695.1135581555403,3.96039603960396,97,99,4,0,95,95,14523,2,0,0,2,4
2020-11-03,US,Pennsylvania,Greene,285,1,0,39.85746531,-80.22357106,42059.0,786.5757734661772,0.3508771929824561,284,276,1,0,275,268,36506,9,0,0,9,8
2020-11-03,US,Pennsylvania,Huntingdon,1094,20,0,40.42162652,-77.97673273,42061.0,2423.3563707247918,1.828153564899452,1074,1055,19,0,1036,1041,45168,39,1,0,38,14
2020-11-03,US,Pennsylvania,Indiana,1263,17,0,40.65241041,-79.08963285,42063.0,1502.2658879783044,1.3460015835312746,1246,1245,17,0,1228,1222,84501,18,0,0,18,23
2020-11-03,US,Pennsylvania,Jefferson,239,4,0,41.12913106,-78.9986361,42065.0,550.3742084052965,1.6736401673640169,235,232,4,0,228,226,43641,7,0,0,7,6
2020-11-03,US,Pennsylvania,Juniata,255,8,0,40.53358749,-77.39975129999998,42067.0,1029.7621451358882,3.1372549019607843,247,255,8,0,247,248,24704,0,0,0,0,7
2020-11-03,US,Pennsylvania,Lackawanna,3936,220,0,41.43564672,-75.60379201,42069.0,1877.19984356668,5.589430894308944,3716,3901,219,0,3682,3875,210793,35,1,0,34,26
2020-11-03,US,Pennsylvania,Lancaster,10164,481,0,40.03904563,-76.24770128,42071.0,1862.4799349121533,4.7323888232979145,9683,10033,479,0,9554,9929,543557,131,2,0,129,104
2020-11-03,US,Pennsylvania,Lawrence,1024,36,0,40.99206278,-80.33393706,42073.0,1197.4927495556176,3.515625,988,1003,35,0,968,957,86184,21,1,0,20,46
2020-11-03,US,Pennsylvania,Lebanon,3315,68,0,40.36680311,-76.45651841,42075.0,2337.9151298018937,2.051282051282051,3247,3256,67,0,3189,3215,141314,59,1,0,58,41
2020-11-03,US,Pennsylvania,Lehigh,7027,366,0,40.6154815,-75.59435245,42077.0,1902.69632132742,5.208481571082966,6661,6944,366,0,6578,6863,368100,83,0,0,83,81
2020-11-03,US,Pennsylvania,Luzerne,5727,209,0,41.17823008,-75.98447579,42079.0,1804.2511900748852,3.6493801292125023,5518,5674,207,0,5467,5624,317646,53,2,0,51,50
2020-11-03,US,Pennsylvania,Lycoming,1022,32,0,41.34310539,-77.06629984,42081.0,902.0379703263047,3.131115459882583,990,1014,32,0,982,1004,113664,8,0,0,8,10
2020-11-03,US,Pennsylvania,McKean,172,2,0,41.80938602,-78.56478358,42083.0,423.3846153846154,1.162790697674419,170,165,2,0,163,162,40968,7,0,0,7,3
2020-11-03,US,Pennsylvania,Mercer,1194,27,0,41.30248872,-80.25816981,42085.0,1091.1682994589853,2.2613065326633164,1167,1165,27,0,1138,1146,110683,29,0,0,29,19
2020-11-03,US,Pennsylvania,Mifflin,491,4,0,40.61116939,-77.61070738,42087.0,1064.1987082231567,0.8146639511201629,487,471,4,0,467,457,46222,20,0,0,20,14
2020-11-03,US,Pennsylvania,Monroe,2131,135,0,41.05934058,-75.34031025,42089.0,1251.5343188211732,6.335053965274518,1996,2092,135,0,1957,2081,169507,39,0,0,39,11
2020-11-03,US,Pennsylvania,Montgomery,14629,896,0,40.21053671,-75.36652296,42091.0,1760.5892299453012,6.124820561897602,13733,14498,895,0,13603,14421,828604,131,1,0,130,77
2020-11-03,US,Pennsylvania,Montour,313,11,0,41.03023987,-76.66345939,42093.0,1716.9500822819527,3.514376996805112,302,312,11,0,301,311,18240,1,0,0,1,1
2020-11-03,US,Pennsylvania,Northampton,5700,315,0,40.75182733,-75.30471829,42095.0,1867.1077845292104,5.526315789473684,5385,5655,315,0,5340,5619,304807,45,0,0,45,36
2020-11-03,US,Pennsylvania,Northumberland,1626,112,0,40.84785433,-76.70798222,42097.0,1789.901258214722,6.888068880688808,1514,1615,112,0,1503,1594,91083,11,0,0,11,21
2020-11-03,US,Pennsylvania,Perry,385,6,0,40.40206612,-77.26297447,42099.0,832.0366528354083,1.5584415584415583,379,382,6,0,376,382,46139,3,0,0,3,0
2020-11-03,US,Pennsylvania,Philadelphia,46093,1879,0,40.00338507,-75.1379271,42101.0,2909.794048725304,4.076540906428308,44214,45451,1878,0,43573,44505,1584138,642,1,0,641,946
2020-11-03,US,Pennsylvania,Pike,643,23,0,41.33155042,-75.03208106,42103.0,1152.1439194395168,3.576982892690513,620,635,23,0,612,634,55933,8,0,0,8,1
2020-11-03,US,Pennsylvania,Potter,66,1,0,41.74471626,-77.89559864,42105.0,399.3706886118843,1.5151515151515151,65,64,1,0,63,60,16622,2,0,0,2,4
2020-11-03,US,Pennsylvania,Schuylkill,2267,99,0,40.70497338,-76.2150785,42107.0,1603.7181926867056,4.3670048522276135,2168,2230,97,0,2133,2188,142067,37,2,0,35,42
2020-11-03,US,Pennsylvania,Snyder,519,18,0,40.77129231,-77.06840691,42109.0,1285.5444367383334,3.4682080924855487,501,514,18,0,496,511,40540,5,0,0,5,3
2020-11-03,US,Pennsylvania,Somerset,498,3,0,39.97172723,-79.02699593,42111.0,678.0399471727912,0.6024096385542169,495,488,3,0,485,474,73952,10,0,0,10,14
2020-11-03,US,Pennsylvania,Sullivan,22,1,0,41.44634738,-76.51246591,42113.0,362.6772172766238,4.545454545454546,21,21,1,0,20,21,6071,1,0,0,1,0
2020-11-03,US,Pennsylvania,Susquehanna,439,29,0,41.82147784,-75.80071959,42115.0,1088.5736956952983,6.605922551252848,410,425,28,0,397,420,40589,14,1,0,13,5
2020-11-03,US,Pennsylvania,Tioga,272,4,0,41.77255149,-77.25433032,42117.0,670.0992830923111,1.4705882352941178,268,258,3,0,255,253,40763,14,1,0,13,5
2020-11-03,US,Pennsylvania,Union,749,11,0,40.96188846,-77.05996014,42119.0,1667.2973755092044,1.4686248331108145,738,746,11,0,735,745,44785,3,0,0,3,1
2020-11-03,US,Pennsylvania,Venango,313,1,0,41.40323442,-79.75845449,42121.0,617.7469013973316,0.3194888178913738,312,307,1,0,306,297,51266,6,0,0,6,10
2020-11-03,US,Pennsylvania,Warren,78,1,0,41.81304978,-79.26969577,42123.0,199.02528641779998,1.2820512820512822,77,74,1,0,73,71,39498,4,0,0,4,3
2020-11-03,US,Pennsylvania,Washington,2233,37,0,40.19208869,-80.24582867,42125.0,1079.447949145578,1.6569637259292431,2196,2188,37,0,2151,2153,207346,45,0,0,45,35
2020-11-03,US,Pennsylvania,Wayne,297,12,0,41.64938475,-75.29956506,42127.0,578.2597690854927,4.040404040404041,285,294,12,0,282,294,51276,3,0,0,3,0
2020-11-03,US,Pennsylvania,Westmoreland,4671,109,0,40.31377979999999,-79.46615476,42129.0,1338.7828569299425,2.3335474202526227,4562,4601,105,0,4496,4538,350611,70,4,0,66,63
2020-11-03,US,Pennsylvania,Wyoming,185,8,0,41.51955538,-76.01074915,42131.0,690.4530865119058,4.3243243243243255,177,179,8,0,171,171,27046,6,0,0,6,8
2020-11-03,US,Pennsylvania,York,6881,208,0,39.9210089,-76.73040131,42133.0,1532.318765059302,3.0228164510972237,6673,6798,207,0,6591,6742,448273,83,1,0,82,56
2020-11-03,US,Puerto Rico,Adjuntas,203,0,0,18.180117000000006,-66.754367,72001.0,1041.9339937381308,0.0,203,199,0,0,199,196,,4,0,0,4,3
2020-11-03,US,Puerto Rico,Aguada,472,0,0,18.360255,-67.17513100000001,72003.0,1124.9076479420387,0.0,472,469,0,0,469,462,,3,0,0,3,7
2020-11-03,US,Puerto Rico,Aguadilla,667,0,0,18.459681,-67.12081500000001,72005.0,1094.3575776468851,0.0,667,656,0,0,656,634,,11,0,0,11,22
2020-11-03,US,Puerto Rico,Aguas Buenas,418,0,0,18.251619,-66.126806,72007.0,1458.5296067552952,0.0,418,397,0,0,397,386,,21,0,0,21,11
2020-11-03,US,Puerto Rico,Aibonito,223,0,0,18.131361,-66.264131,72009.0,861.003861003861,0.0,223,222,0,0,222,220,,1,0,0,1,2
2020-11-03,US,Puerto Rico,Anasco,321,0,0,18.287985,-67.120611,72011.0,1097.0233416492945,0.0,321,315,0,0,315,303,,6,0,0,6,12
2020-11-03,US,Puerto Rico,Arecibo,1164,0,0,18.406631,-66.675077,72013.0,1206.96806304438,0.0,1164,1146,0,0,1146,1123,,18,0,0,18,23
2020-11-03,US,Puerto Rico,Arroyo,213,0,0,17.998457000000005,-66.056546,72015.0,1088.1226053639846,0.0,213,212,0,0,212,205,,1,0,0,1,7
2020-11-03,US,Puerto Rico,Barceloneta,343,0,0,18.445532999999998,-66.56053100000001,72017.0,1382.17279174726,0.0,343,334,0,0,334,325,,9,0,0,9,9
2020-11-03,US,Puerto Rico,Barranquitas,653,0,0,18.201592,-66.30963,72019.0,2153.8360050135234,0.0,653,651,0,0,651,640,,2,0,0,2,11
2020-11-03,US,Puerto Rico,Bayamon,5258,0,0,18.34946,-66.168435,72021.0,2526.475619366123,0.0,5258,5161,0,0,5161,5062,,97,0,0,97,99
2020-11-03,US,Puerto Rico,Cabo Rojo,557,0,0,18.040993,-67.154391,72023.0,1093.937191900544,0.0,557,545,0,0,545,540,,12,0,0,12,5
2020-11-03,US,Puerto Rico,Caguas,2391,0,0,18.211615,-66.050779,72025.0,1673.2800067183136,0.0,2391,2362,0,0,2362,2293,,29,0,0,29,69
2020-11-03,US,Puerto Rico,Camuy,426,0,0,18.418578,-66.860206,72027.0,1211.6385562729315,0.0,426,421,0,0,421,393,,5,0,0,5,28
2020-11-03,US,Puerto Rico,Canovanas,981,0,0,18.328802,-65.887612,72029.0,2058.8482202820687,0.0,981,970,0,0,970,956,,11,0,0,11,14
2020-11-03,US,Puerto Rico,Carolina,4318,0,0,18.374986,-65.95683100000001,72031.0,2442.832735542708,0.0,4318,4295,0,0,4295,4165,,23,0,0,23,130
2020-11-03,US,Puerto Rico,Catano,651,0,0,18.437269,-66.14330600000001,72033.0,2313.4328358208954,0.0,651,637,0,0,637,623,,14,0,0,14,14
2020-11-03,US,Puerto Rico,Cayey,556,0,0,18.102851,-66.14914,72035.0,1155.4687337642094,0.0,556,550,0,0,550,541,,6,0,0,6,9
2020-11-03,US,Puerto Rico,Ceiba,211,0,0,18.251818,-65.666416,72037.0,1547.9421905949673,0.0,211,211,0,0,211,208,,0,0,0,0,3
2020-11-03,US,Puerto Rico,Ciales,367,0,0,18.28885,-66.516475,72039.0,1953.9985092109464,0.0,367,364,0,0,364,352,,3,0,0,3,12
2020-11-03,US,Puerto Rico,Cidra,464,0,0,18.173559,-66.161179,72041.0,1067.1573137074515,0.0,464,457,0,0,457,451,,7,0,0,7,6
2020-11-03,US,Puerto Rico,Coamo,447,0,0,18.097597,-66.36014,72043.0,1103.3767772511846,0.0,447,446,0,0,446,434,,1,0,0,1,12
2020-11-03,US,Puerto Rico,Comerio,314,0,0,18.224687,-66.221622,72045.0,1511.213783809799,0.0,314,299,0,0,299,295,,15,0,0,15,4
2020-11-03,US,Puerto Rico,Corozal,937,0,0,18.304264,-66.327738,72047.0,2522.750525012116,0.0,937,931,0,0,931,914,,6,0,0,6,17
2020-11-03,US,Puerto Rico,Culebra,23,0,0,18.31586,-65.28813000000001,72049.0,1265.1265126512649,0.0,23,23,0,0,23,23,,0,0,0,0,0
2020-11-03,US,Puerto Rico,Dorado,1197,0,0,18.436115,-66.278669,72051.0,3136.381501375606,0.0,1197,1176,0,0,1176,1158,,21,0,0,21,18
2020-11-03,US,Puerto Rico,Fajardo,776,0,0,18.318373,-65.666866,72053.0,2097.6941583542834,0.0,776,773,0,0,773,759,,3,0,0,3,14
2020-11-03,US,Puerto Rico,Florida,410,0,0,18.373715,-66.560488,72054.0,3233.4384858044164,0.0,410,407,0,0,407,401,,3,0,0,3,6
2020-11-03,US,Puerto Rico,Guanica,179,0,0,17.982429,-66.91964300000001,72055.0,921.3980542543884,0.0,179,178,0,0,178,173,,1,0,0,1,5
2020-11-03,US,Puerto Rico,Guayama,394,0,0,18.007516,-66.13390799999999,72057.0,868.5684052731361,0.0,394,394,0,0,394,389,,0,0,0,0,5
2020-11-03,US,Puerto Rico,Guayanilla,273,0,0,18.039942,-66.79186,72059.0,1265.001621796951,0.0,273,264,0,0,264,260,,9,0,0,9,4
2020-11-03,US,Puerto Rico,Guaynabo,2443,0,0,18.345114000000002,-66.11452299999999,72061.0,2494.7918794166903,0.0,2443,2427,0,0,2427,2373,,16,0,0,16,54
2020-11-03,US,Puerto Rico,Gurabo,818,0,0,18.266461,-65.97970500000001,72063.0,1802.9932332650048,0.0,818,811,0,0,811,794,,7,0,0,7,17
2020-11-03,US,Puerto Rico,Hatillo,466,0,0,18.410928,-66.79632600000001,72065.0,1110.7668104783922,0.0,466,459,0,0,459,452,,7,0,0,7,7
2020-11-03,US,Puerto Rico,Hormigueros,227,0,0,18.134532,-67.113972,72067.0,1315.9420289855072,0.0,227,224,0,0,224,224,,3,0,0,3,0
2020-11-03,US,Puerto Rico,Humacao,840,0,0,18.145211,-65.810174,72069.0,1436.732459891219,0.0,840,831,0,0,831,816,,9,0,0,9,15
2020-11-03,US,Puerto Rico,Isabela,419,0,0,18.44981,-67.005093,72071.0,918.2354101378447,0.0,419,412,0,0,412,405,,7,0,0,7,7
2020-11-03,US,Puerto Rico,Jayuya,301,0,0,18.211446,-66.58878,72073.0,1808.6768417257545,0.0,301,301,0,0,301,292,,0,0,0,0,9
2020-11-03,US,Puerto Rico,Juana Diaz,481,0,0,18.050764,-66.49458100000001,72075.0,602.0251073256818,0.0,481,476,0,0,476,464,,5,0,0,5,12
2020-11-03,US,Puerto Rico,Juncos,627,0,0,18.223793,-65.909109,72077.0,1556.217423678332,0.0,627,622,0,0,622,615,,5,0,0,5,7
2020-11-03,US,Puerto Rico,Lajas,227,0,0,18.011661,-67.040585,72079.0,881.4507047722595,0.0,227,226,0,0,226,222,,1,0,0,1,4
2020-11-03,US,Puerto Rico,Lares,483,0,0,18.269035000000002,-66.867236,72081.0,1570.5784801482782,0.0,483,477,0,0,477,458,,6,0,0,6,19
2020-11-03,US,Puerto Rico,Las Marias,131,0,0,18.23679,-66.98362,72083.0,1325.7767432446108,0.0,131,131,0,0,131,130,,0,0,0,0,1
2020-11-03,US,Puerto Rico,Las Piedras,736,0,0,18.187527,-65.86946800000001,72085.0,1903.0381383322558,0.0,736,726,0,0,726,708,,10,0,0,10,18
2020-11-03,US,Puerto Rico,Loiza,399,0,0,18.425688,-65.89943000000001,72087.0,1327.3453093812375,0.0,399,397,0,0,397,388,,2,0,0,2,9
2020-11-03,US,Puerto Rico,Luquillo,346,0,0,18.342114000000002,-65.72509699999999,72089.0,1724.1379310344828,0.0,346,340,0,0,340,334,,6,0,0,6,6
2020-11-03,US,Puerto Rico,Manati,801,0,0,18.420473,-66.490461,72091.0,1815.791263346406,0.0,801,796,0,0,796,772,,5,0,0,5,24
2020-11-03,US,Puerto Rico,Maricao,97,0,0,18.171795,-66.942126,72093.0,1545.570427023582,0.0,97,97,0,0,97,96,,0,0,0,0,1
2020-11-03,US,Puerto Rico,Maunabo,177,0,0,18.017889,-65.922235,72095.0,1447.8527607361966,0.0,177,177,0,0,177,177,,0,0,0,0,0
2020-11-03,US,Puerto Rico,Mayaguez,1047,0,0,18.2013,-67.1452,72097.0,1175.3480017961385,0.0,1047,1040,0,0,1040,1028,,7,0,0,7,12
2020-11-03,US,Puerto Rico,Moca,509,0,0,18.377805,-67.080952,72099.0,1269.0418609289686,0.0,509,504,0,0,504,480,,5,0,0,5,24
2020-11-03,US,Puerto Rico,Morovis,644,0,0,18.316963,-66.420383,72101.0,1974.854339159767,0.0,644,639,0,0,639,621,,5,0,0,5,18
2020-11-03,US,Puerto Rico,Naguabo,405,0,0,18.230636999999998,-65.753897,72103.0,1515.7185628742511,0.0,405,399,0,0,399,396,,6,0,0,6,3
2020-11-03,US,Puerto Rico,Naranjito,881,0,0,18.288019,-66.252703,72105.0,2897.8356687060063,0.0,881,877,0,0,877,862,,4,0,0,4,15
2020-11-03,US,Puerto Rico,Orocovis,444,0,0,18.215046,-66.433604,72107.0,1895.5727276608457,0.0,444,444,0,0,444,441,,0,0,0,0,3
2020-11-03,US,Puerto Rico,Out of PR,804,0,0,0.0,0.0,72888.0,0.0,0.0,804,804,0,0,804,804,,0,0,0,0,0
2020-11-03,US,Puerto Rico,Patillas,217,0,0,18.03174,-66.012242,72109.0,1125.6938320278052,0.0,217,217,0,0,217,212,,0,0,0,0,5
2020-11-03,US,Puerto Rico,Penuelas,165,0,0,18.059645,-66.721572,72111.0,679.5156906350383,0.0,165,160,0,0,160,157,,5,0,0,5,3
2020-11-03,US,Puerto Rico,Ponce,1361,0,0,18.059498,-66.613748,72113.0,818.267629428776,0.0,1361,1341,0,0,1341,1284,,20,0,0,20,57
2020-11-03,US,Puerto Rico,Quebradillas,291,0,0,18.439692,-66.926113,72115.0,1122.7285003279449,0.0,291,284,0,0,284,278,,7,0,0,7,6
2020-11-03,US,Puerto Rico,Rincon,246,0,0,18.335442999999998,-67.23174,72117.0,1618.421052631579,0.0,246,245,0,0,245,243,,1,0,0,1,2
2020-11-03,US,Puerto Rico,Rio Grande,909,0,0,18.346329,-65.813742,72119.0,1673.9098408956986,0.0,909,900,0,0,900,885,,9,0,0,9,15
2020-11-03,US,Puerto Rico,Sabana Grande,247,0,0,18.08282,-66.943758,72121.0,977.6370472986343,0.0,247,243,0,0,243,242,,4,0,0,4,1
2020-11-03,US,Puerto Rico,Salinas,585,0,0,18.010386999999994,-66.256592,72123.0,1882.360512259476,0.0,585,577,0,0,577,563,,8,0,0,8,14
2020-11-03,US,Puerto Rico,San German,348,0,0,18.111484,-67.03858100000001,72125.0,979.5366904044812,0.0,348,342,0,0,342,338,,6,0,0,6,4
2020-11-03,US,Puerto Rico,San Juan,10953,0,0,18.386933,-66.061128,72127.0,2770.624750206159,0.0,10953,10872,0,0,10872,10677,,81,0,0,81,195
2020-11-03,US,Puerto Rico,San Lorenzo,756,0,0,18.147987,-65.976392,72129.0,1841.297676457694,0.0,756,749,0,0,749,738,,7,0,0,7,11
2020-11-03,US,Puerto Rico,San Sebastian,816,0,0,18.328646,-66.971214,72131.0,1923.1675701154845,0.0,816,812,0,0,812,774,,4,0,0,4,38
2020-11-03,US,Puerto Rico,Santa Isabel,293,0,0,17.994525,-66.388913,72133.0,1258.9155280570594,0.0,293,283,0,0,283,267,,10,0,0,10,16
2020-11-03,US,Puerto Rico,Toa Alta,1885,0,0,18.362406,-66.246616,72135.0,2545.027407987471,0.0,1885,1862,0,0,1862,1811,,23,0,0,23,51
2020-11-03,US,Puerto Rico,Toa Baja,2122,0,0,18.431445999999998,-66.213553,72137.0,2368.065707685612,0.0,2122,2082,0,0,2082,2043,,40,0,0,40,39
2020-11-03,US,Puerto Rico,Trujillo Alto,1687,0,0,18.336159,-65.99888399999999,72139.0,2254.0819326046867,0.0,1687,1681,0,0,1681,1619,,6,0,0,6,62
2020-11-03,US,Puerto Rico,Unassigned,1376,842,0,0.0,0.0,72999.0,0.0,61.19186046511628,534,1360,839,0,521,1311,,16,3,0,13,49
2020-11-03,US,Puerto Rico,Utuado,289,0,0,18.271214,-66.702984,72141.0,871.8211710760505,0.0,289,289,0,0,289,271,,0,0,0,0,18
2020-11-03,US,Puerto Rico,Vega Alta,1039,0,0,18.409346,-66.33725,72143.0,2600.685840154189,0.0,1039,1007,0,0,1007,996,,32,0,0,32,11
2020-11-03,US,Puerto Rico,Vega Baja,1293,0,0,18.428262,-66.397924,72145.0,2167.208608494519,0.0,1293,1275,0,0,1275,1250,,18,0,0,18,25
2020-11-03,US,Puerto Rico,Vieques,107,0,0,18.123276,-65.44097099999999,72147.0,1150.4139339855928,0.0,107,107,0,0,107,105,,0,0,0,0,2
2020-11-03,US,Puerto Rico,Villalba,280,0,0,18.127951,-66.473115,72149.0,1073.9078740459481,0.0,280,274,0,0,274,265,,6,0,0,6,9
2020-11-03,US,Puerto Rico,Yabucoa,499,0,0,18.070399,-65.896289,72151.0,1315.1999156585225,0.0,499,497,0,0,497,490,,2,0,0,2,7
2020-11-03,US,Puerto Rico,Yauco,619,0,0,18.080374,-66.858814,72153.0,1472.3021668291985,0.0,619,611,0,0,611,606,,8,0,0,8,5
2020-11-03,US,Rhode Island,Bristol,558,19,0,41.71018079,-71.28652315,44001.0,1151.0138410445759,3.4050179211469533,539,558,19,0,539,558,48649,0,0,0,0,0
2020-11-03,US,Rhode Island,Kent,2566,121,0,41.67106337,-71.57641596,44003.0,1561.8532856134198,4.715510522213561,2445,2566,121,0,2445,2566,163861,0,0,0,0,0
2020-11-03,US,Rhode Island,Newport,678,10,0,41.5642026,-71.26569799,44005.0,826.0032650276552,1.4749262536873156,668,678,10,0,668,678,82542,0,0,0,0,0
2020-11-03,US,Rhode Island,Providence,23320,951,0,41.87064746,-71.57753536,44007.0,3649.8463840383392,4.078044596912521,22369,23320,951,0,22369,23320,636084,0,0,0,0,0
2020-11-03,US,Rhode Island,Unassigned,6086,33,0,0.0,0.0,90044.0,0.0,0.5422280644101216,6053,5663,31,0,5632,4417,,423,2,0,421,1246
2020-11-03,US,Rhode Island,Washington,1335,78,0,41.45961631,-71.61435303,44009.0,1063.0927638022886,5.842696629213482,1257,1335,78,0,1257,1335,126179,0,0,0,0,0
2020-11-03,US,South Carolina,Abbeville,808,18,0,34.22333378,-82.46170658,45001.0,3294.3286989847925,2.227722772277228,790,806,17,0,789,805,24541,2,1,0,1,1
2020-11-03,US,South Carolina,Aiken,5210,87,0,33.54338026,-81.63645384,45003.0,3049.0659675078423,1.6698656429942418,5123,5160,87,0,5073,5140,169401,50,0,0,50,20
2020-11-03,US,South Carolina,Allendale,426,7,0,32.98837386,-81.35321066,45005.0,4903.3149171270725,1.6431924882629108,419,424,7,0,417,424,8903,2,0,0,2,0
2020-11-03,US,South Carolina,Anderson,6150,209,0,34.51828081,-82.63959517,45007.0,3036.16741871464,3.398373983739837,5941,6083,209,0,5874,6051,200482,67,0,0,67,32
2020-11-03,US,South Carolina,Bamberg,699,34,0,33.21927586,-81.05659969,45009.0,4969.429830797668,4.8640915593705305,665,699,34,0,665,699,14275,0,0,0,0,0
2020-11-03,US,South Carolina,Barnwell,894,25,0,33.26679302,-81.43584352,45011.0,4284.481932330106,2.796420581655481,869,887,25,0,862,887,21112,7,0,0,7,0
2020-11-03,US,South Carolina,Beaufort,6261,93,0,32.39226291,-80.72619758,45013.0,3258.866761745141,1.4853857211308097,6168,6240,93,0,6147,6214,188715,21,0,0,21,26
2020-11-03,US,South Carolina,Berkeley,6292,95,0,33.20222596,-79.94654523,45015.0,2760.7752284923235,1.5098537825810554,6197,6268,95,0,6173,6232,221091,24,0,0,24,36
2020-11-03,US,South Carolina,Calhoun,515,18,0,33.66926881,-80.77722168,45017.0,3538.789253074968,3.4951456310679614,497,515,18,0,497,515,14520,0,0,0,0,0
2020-11-03,US,South Carolina,Charleston,17596,283,0,32.82487866,-79.96512315,45019.0,4277.040198733125,1.6083200727438054,17313,17529,279,0,17250,17480,405905,67,4,0,63,49
2020-11-03,US,South Carolina,Cherokee,1589,53,0,35.05122251,-81.61828622,45021.0,2773.1239092495643,3.3354310887350533,1536,1582,52,0,1530,1558,57078,7,1,0,6,24
2020-11-03,US,South Carolina,Chester,1285,28,0,34.69249168,-81.1583216,45023.0,3985.23756357772,2.1789883268482493,1257,1277,28,0,1249,1265,32251,8,0,0,8,12
2020-11-03,US,South Carolina,Chesterfield,1532,46,0,34.64137396,-80.15640140000002,45025.0,3355.969331872947,3.0026109660574414,1486,1516,46,0,1470,1513,45754,16,0,0,16,3
2020-11-03,US,South Carolina,Clarendon,1207,68,0,33.66610974,-80.21647898,45027.0,3576.826196473552,5.633802816901407,1139,1195,68,0,1127,1195,33700,12,0,0,12,0
2020-11-03,US,South Carolina,Colleton,1313,49,0,32.87582989,-80.67641292,45029.0,3484.884677654802,3.731911652703732,1264,1299,49,0,1250,1292,37660,14,0,0,14,7
2020-11-03,US,South Carolina,Darlington,2584,67,0,34.33358335,-79.96027485,45031.0,3878.831547029331,2.5928792569659445,2517,2569,67,0,2502,2556,66802,15,0,0,15,13
2020-11-03,US,South Carolina,Dillon,1361,48,0,34.39007791,-79.37741872,45033.0,4465.369598740116,3.526818515797208,1313,1346,48,0,1298,1336,30599,15,0,0,15,10
2020-11-03,US,South Carolina,Dorchester,4946,103,0,33.0794369,-80.40502652,45035.0,3037.91559434675,2.0824909017387787,4843,4929,102,0,4827,4918,160647,17,1,0,16,11
2020-11-03,US,South Carolina,Edgefield,953,22,0,33.77221995,-81.96231108,45037.0,3495.964783565664,2.308499475341028,931,944,23,0,921,939,27052,9,-1,0,10,5
2020-11-03,US,South Carolina,Fairfield,886,40,0,34.39287073,-81.1195624,45039.0,3964.737996151609,4.514672686230249,846,880,40,0,840,875,22402,6,0,0,6,5
2020-11-03,US,South Carolina,Florence,5771,204,0,34.02361754,-79.70189312,45041.0,4173.023941920415,3.5349159591058736,5567,5747,203,0,5544,5720,138159,24,1,0,23,27
2020-11-03,US,South Carolina,Georgetown,2436,56,0,33.43443342,-79.33202141,45043.0,3886.407147415443,2.2988505747126435,2380,2413,56,0,2357,2403,62249,23,0,0,23,10
2020-11-03,US,South Carolina,Greenville,18437,359,0,34.89502264,-82.37295012,45045.0,3521.589480882145,1.9471714487172531,18078,18345,355,0,17990,18207,514213,92,4,0,88,138
2020-11-03,US,South Carolina,Greenwood,2627,77,0,34.15272415,-82.12715789,45047.0,3709.875584301874,2.9311001141987063,2550,2616,77,0,2539,2604,70741,11,0,0,11,12
2020-11-03,US,South Carolina,Hampton,776,31,0,32.77419582,-81.13845571,45049.0,4037.0408906461353,3.9948453608247423,745,776,31,0,745,772,19351,0,0,0,0,4
2020-11-03,US,South Carolina,Horry,12743,235,0,33.9212828,-78.99555293,45051.0,3598.8940383697523,1.8441497292631248,12508,12676,233,0,12443,12640,344147,67,2,0,65,36
2020-11-03,US,South Carolina,Jasper,949,23,0,32.43171982,-81.02487495,45053.0,3155.654573870249,2.4236037934668078,926,948,23,0,925,943,28971,1,0,0,1,5
2020-11-03,US,South Carolina,Kershaw,2588,51,0,34.33988254,-80.58763164,45055.0,3888.746976003366,1.9706336939721796,2537,2562,50,0,2512,2535,65592,26,1,0,25,27
2020-11-03,US,South Carolina,Lancaster,2693,62,0,34.68270843,-80.70513032,45057.0,2747.6227400726443,2.302265131823245,2631,2679,62,0,2617,2658,95380,14,0,0,14,21
2020-11-03,US,South Carolina,Laurens,1982,62,0,34.48244419,-82.00490796,45059.0,2936.6008326789447,3.1281533804238144,1920,1977,62,0,1915,1973,66994,5,0,0,5,4
2020-11-03,US,South Carolina,Lee,796,36,0,34.16393091,-80.25690731,45061.0,4730.2115521749465,4.522613065326633,760,795,36,0,759,795,17142,1,0,0,1,0
2020-11-03,US,South Carolina,Lexington,9388,214,0,33.89665987,-81.27146426,45063.0,3142.4267782426778,2.2795057520238604,9174,9324,214,0,9110,9265,295032,64,0,0,64,59
2020-11-03,US,South Carolina,Marion,1187,45,0,34.07859748,-79.36400756,45067.0,3871.872655510976,3.7910699241786014,1142,1184,44,0,1140,1170,31039,3,1,0,2,14
2020-11-03,US,South Carolina,Marlboro,1173,14,0,34.59905577,-79.67561152,45069.0,4491.155524925339,1.1935208866155158,1159,1165,14,0,1151,1159,26398,8,0,0,8,6
2020-11-03,US,South Carolina,McCormick,284,7,0,33.90161443,-82.30794338,45065.0,3001.162422064884,2.4647887323943656,277,284,7,0,277,283,9410,0,0,0,0,1
2020-11-03,US,South Carolina,Newberry,1723,56,0,34.28629098,-81.59935761,45071.0,4482.310093652445,3.2501450957632034,1667,1718,56,0,1662,1703,38520,5,0,0,5,15
2020-11-03,US,South Carolina,Oconee,2577,34,0,34.75225169,-83.06742317,45073.0,3239.6349282176348,1.3193636010865348,2543,2563,34,0,2529,2547,78374,14,0,0,14,16
2020-11-03,US,South Carolina,Orangeburg,3419,131,0,33.4391073,-80.79886287,45075.0,3967.5079779518414,3.831529687042995,3288,3404,131,0,3273,3397,86934,15,0,0,15,7
2020-11-03,US,South Carolina,Pickens,4757,68,0,34.88807695,-82.72791551,45077.0,3749.0936603511873,1.4294723565272234,4689,4724,68,0,4656,4670,124937,33,0,0,33,54
2020-11-03,US,South Carolina,Richland,17788,276,0,34.01791263,-80.90267209,45079.0,4278.440154031542,1.5516078255003374,17512,17716,275,0,17441,17654,414576,72,1,0,71,62
2020-11-03,US,South Carolina,Saluda,743,25,0,34.00795823,-81.72713237,45081.0,3629.170126508084,3.3647375504710637,718,736,24,0,712,735,20544,7,1,0,6,1
2020-11-03,US,South Carolina,Spartanburg,9523,241,0,34.92960077,-81.99225984,45083.0,2977.938302296856,2.530715110784417,9282,9462,238,0,9224,9414,313888,61,3,0,58,48
2020-11-03,US,South Carolina,Sumter,3644,91,0,33.91826534,-80.37942316,45085.0,3414.510733595075,2.497255762897914,3553,3630,90,0,3540,3619,106512,14,1,0,13,11
2020-11-03,US,South Carolina,Union,807,20,0,34.68835752,-81.61730349,45087.0,2954.3124908478553,2.4783147459727384,787,806,19,0,787,796,27410,1,1,0,0,10
2020-11-03,US,South Carolina,Williamsburg,1481,50,0,33.62190129,-79.72767442,45089.0,4876.844046364595,3.37609723160027,1431,1473,50,0,1423,1467,30606,8,0,0,8,6
2020-11-03,US,South Carolina,York,7153,107,0,34.97281497,-81.18085944,45091.0,2545.741852593966,1.4958758562840766,7046,7046,107,0,6939,7000,274118,107,0,0,107,46
2020-11-03,US,South Dakota,Aurora,215,0,0,43.71757685,-98.56050467,46003.0,7815.339876408579,0.0,215,209,0,0,209,205,2801,6,0,0,6,4
2020-11-03,US,South Dakota,Beadle,1434,15,0,44.41464384,-98.27858469,46005.0,7771.094131035604,1.0460251046025104,1419,1423,15,0,1408,1397,18883,11,0,0,11,26
2020-11-03,US,South Dakota,Bennett,225,5,0,43.19486375,-101.6665572,46007.0,6686.478454680535,2.2222222222222223,220,222,5,0,217,220,3468,3,0,0,3,2
2020-11-03,US,South Dakota,Bon Homme,1086,1,0,42.98914167,-97.88592746,46009.0,15736.84973192291,0.09208103130755063,1085,1022,1,0,1021,1016,6980,64,0,0,64,6
2020-11-03,US,South Dakota,Brookings,1590,7,0,44.36974375,-96.79079945,46011.0,4532.884796305271,0.440251572327044,1583,1565,6,0,1559,1545,35232,25,1,0,24,20
2020-11-03,US,South Dakota,Brown,2313,6,0,45.58994323,-98.35165355,46013.0,5955.35415432941,0.2594033722438392,2307,2274,6,0,2268,2220,39316,39,0,0,39,54
2020-11-03,US,South Dakota,Brule,334,2,0,43.71756379,-99.08118954,46015.0,6305.4559184444015,0.5988023952095808,332,328,2,0,326,317,5229,6,0,0,6,11
2020-11-03,US,South Dakota,Buffalo,277,4,0,44.07657829,-99.20814467,46017.0,14118.246687054028,1.444043321299639,273,272,4,0,268,272,2036,5,0,0,5,0
2020-11-03,US,South Dakota,Butte,440,3,0,44.90608745,-103.5079318,46019.0,4219.00469843705,0.6818181818181818,437,425,3,0,422,420,10222,15,0,0,15,5
2020-11-03,US,South Dakota,Campbell,84,1,0,45.77074915,-100.0510181,46021.0,6104.651162790698,1.1904761904761905,83,83,1,0,82,82,1377,1,0,0,1,1
2020-11-03,US,South Dakota,Charles Mix,453,1,0,43.20660134,-98.58856175,46023.0,4875.161429186397,0.22075055187637968,452,443,1,0,442,438,9338,10,0,0,10,5
2020-11-03,US,South Dakota,Clark,151,1,0,44.85834507,-97.72925109,46025.0,4041.7558886509637,0.6622516556291391,150,146,1,0,145,145,3739,5,0,0,5,1
2020-11-03,US,South Dakota,Clay,896,8,0,42.91296147,-96.97656917,46027.0,6368.1592039801,0.8928571428571429,888,884,8,0,876,877,14041,12,0,0,12,7
2020-11-03,US,South Dakota,Codington,1735,15,0,44.97788119,-97.18827677,46029.0,6194.437502231424,0.8645533141210374,1720,1706,15,0,1691,1666,28015,29,0,0,29,40
2020-11-03,US,South Dakota,Corson,241,2,0,45.70889983,-101.1970473,46031.0,5898.188937836515,0.8298755186721992,239,238,2,0,236,238,4165,3,0,0,3,0
2020-11-03,US,South Dakota,Custer,345,3,0,43.67741105,-103.45345209999999,46033.0,3845.296477931342,0.8695652173913043,342,337,3,0,334,336,8726,8,0,0,8,1
2020-11-03,US,South Dakota,Davison,1189,10,0,43.67490933,-98.14458906,46035.0,6012.642225031605,0.8410428931875525,1179,1143,10,0,1133,1099,19790,46,0,0,46,44
2020-11-03,US,South Dakota,Day,183,2,0,45.367281,-97.60737498,46037.0,3373.8938053097345,1.0928961748633879,181,180,2,0,178,177,5505,3,0,0,3,3
2020-11-03,US,South Dakota,Deuel,205,1,0,44.75994309,-96.66943645,46039.0,4711.560560790623,0.4878048780487805,204,203,1,0,202,201,4337,2,0,0,2,2
2020-11-03,US,South Dakota,Dewey,427,1,0,45.15639647,-100.8709139,46041.0,7247.114731839782,0.234192037470726,426,406,0,0,406,404,5904,21,1,0,20,2
2020-11-03,US,South Dakota,Douglas,185,5,0,43.38520741,-98.36978007,46043.0,6333.447449503595,2.702702702702702,180,180,5,0,175,180,2935,5,0,0,5,0
2020-11-03,US,South Dakota,Edmunds,162,1,0,45.41846445,-99.21545423,46045.0,4230.8696787673025,0.6172839506172839,161,157,1,0,156,154,3875,5,0,0,5,3
2020-11-03,US,South Dakota,Fall River,238,6,0,43.23929297,-103.5275691,46047.0,3545.359749739312,2.5210084033613445,232,235,6,0,229,233,6758,3,0,0,3,2
2020-11-03,US,South Dakota,Faulk,228,2,0,45.07082625,-99.14535601,46049.0,9917.355371900827,0.8771929824561403,226,225,2,0,223,224,2330,3,0,0,3,1
2020-11-03,US,South Dakota,Grant,334,3,0,45.1723937,-96.77002276,46051.0,4736.245036868972,0.8982035928143712,331,330,3,0,327,326,7147,4,0,0,4,4
2020-11-03,US,South Dakota,Gregory,261,10,0,43.19419064,-99.18883902,46053.0,6236.559139784948,3.8314176245210727,251,257,10,0,247,254,4212,4,0,0,4,3
2020-11-03,US,South Dakota,Haakon,105,2,0,44.29299053,-101.539099,46055.0,5529.2259083728295,1.9047619047619049,103,104,2,0,102,104,1918,1,0,0,1,0
2020-11-03,US,South Dakota,Hamlin,234,0,0,44.67385954,-97.18829593,46057.0,3796.2362102530815,0.0,234,230,0,0,230,225,6111,4,0,0,4,5
2020-11-03,US,South Dakota,Hand,158,1,0,44.54708407,-99.00386459,46059.0,4951.425885302413,0.6329113924050633,157,155,1,0,154,150,3262,3,0,0,3,5
2020-11-03,US,South Dakota,Hanson,114,1,0,43.6746384,-97.78715148,46061.0,3301.476976542137,0.8771929824561403,113,111,1,0,110,110,3376,3,0,0,3,1
2020-11-03,US,South Dakota,Harding,62,0,0,45.58015551,-103.4958629,46063.0,4776.579352850539,0.0,62,60,0,0,60,58,1249,2,0,0,2,2
2020-11-03,US,South Dakota,Hughes,943,8,0,44.39091534,-99.99661148,46065.0,5380.577427821522,0.8483563096500529,935,937,8,0,929,921,17650,6,0,0,6,16
2020-11-03,US,South Dakota,Hutchinson,261,2,0,43.33449012,-97.75536441,46067.0,3579.7558633932244,0.7662835249042146,259,257,2,0,255,252,7380,4,0,0,4,5
2020-11-03,US,South Dakota,Hyde,53,0,0,44.54747703,-99.48572582,46069.0,4073.7893927747887,0.0,53,52,0,0,52,51,1282,1,0,0,1,1
2020-11-03,US,South Dakota,Jackson,141,3,0,43.69318385,-101.6255063,46071.0,4216.5071770334935,2.127659574468085,138,137,3,0,134,137,3307,4,0,0,4,0
2020-11-03,US,South Dakota,Jerauld,170,13,0,44.06637798,-98.62965972,46073.0,8445.106805762543,7.647058823529411,157,169,13,0,156,170,2043,1,0,0,1,-1
2020-11-03,US,South Dakota,Jones,37,0,0,43.96278565,-100.6940008,46075.0,4097.452934662237,0.0,37,35,0,0,35,34,928,2,0,0,2,1
2020-11-03,US,South Dakota,Kingsbury,232,2,0,44.36956169,-97.4913945,46077.0,4697.307147195788,0.8620689655172413,230,228,2,0,226,221,4919,4,0,0,4,7
2020-11-03,US,South Dakota,Lake,464,9,0,44.02193107,-97.12926365,46079.0,3625.8498085488786,1.9396551724137927,455,453,9,0,444,447,13057,11,0,0,11,6
2020-11-03,US,South Dakota,Lawrence,1115,7,0,44.35919441,-103.79294279999999,46081.0,4314.347624206779,0.6278026905829597,1108,1070,6,0,1064,1061,25741,45,1,0,44,9
2020-11-03,US,South Dakota,Lincoln,3292,22,0,43.27841182,-96.72039050000001,46083.0,5385.420756445492,0.6682867557715675,3270,3226,21,0,3205,3193,58807,66,1,0,65,33
2020-11-03,US,South Dakota,Lyman,296,6,0,43.89522709,-99.85201878,46085.0,7828.6167680507815,2.0270270270270268,290,294,6,0,288,294,3821,2,0,0,2,0
2020-11-03,US,South Dakota,Marshall,69,1,0,45.75870838,-97.59855639,46091.0,1398.1762917933127,1.4492753623188406,68,67,1,0,66,65,5112,2,0,0,2,2
2020-11-03,US,South Dakota,McCook,315,1,0,43.6742571,-97.36863144,46087.0,5639.0977443609045,0.31746031746031744,314,307,1,0,306,302,5546,8,0,0,8,5
2020-11-03,US,South Dakota,McPherson,73,0,0,45.76626028,-99.22118798,46089.0,3068.5161832702806,0.0,73,72,0,0,72,72,2407,1,0,0,1,0
2020-11-03,US,South Dakota,Meade,1076,10,0,44.56676791,-102.71627409999999,46093.0,3797.825780036708,0.929368029739777,1066,1052,10,0,1042,1040,28294,24,0,0,24,12
2020-11-03,US,South Dakota,Mellette,98,1,0,43.58078848,-100.7563186,46095.0,4754.9733139252785,1.020408163265306,97,94,1,0,93,94,2042,4,0,0,4,0
2020-11-03,US,South Dakota,Miner,149,2,0,44.02197882,-97.60992207,46097.0,6723.826714801444,1.342281879194631,147,148,2,0,146,148,2213,1,0,0,1,0
2020-11-03,US,South Dakota,Minnehaha,12985,115,0,43.67441641,-96.7910885,46099.0,6723.311276108816,0.8856372737774355,12870,12758,111,0,12647,12667,192876,227,4,0,223,91
2020-11-03,US,South Dakota,Moody,252,3,0,44.02266214,-96.67081159,46101.0,3832.1167883211683,1.1904761904761905,249,245,3,0,242,240,6579,7,0,0,7,5
2020-11-03,US,South Dakota,Oglala Lakota,1089,9,0,43.33749164,-102.55554980000001,46102.0,7681.455879241024,0.8264462809917356,1080,1063,9,0,1054,1051,14309,26,0,0,26,12
2020-11-03,US,South Dakota,Pennington,5049,49,0,44.0025835,-102.8240777,46103.0,4437.705998681608,0.9704892057833234,5000,4948,49,0,4899,4914,111729,101,0,0,101,34
2020-11-03,US,South Dakota,Perkins,82,0,0,45.49049506,-102.47555859999999,46105.0,2862.1291448516577,0.0,82,80,0,0,80,82,2922,2,0,0,2,-2
2020-11-03,US,South Dakota,Potter,143,0,0,45.06583079,-99.95498503,46107.0,6641.895030190432,0.0,143,141,0,0,141,139,2207,2,0,0,2,2
2020-11-03,US,South Dakota,Roberts,402,6,0,45.62975048,-96.94672673,46109.0,3867.615932268617,1.492537313432836,396,390,6,0,384,388,10447,12,0,0,12,2
2020-11-03,US,South Dakota,Sanborn,123,1,0,44.02351092,-98.09098159999999,46111.0,5247.440273037542,0.8130081300813008,122,116,1,0,115,115,2429,7,0,0,7,1
2020-11-03,US,South Dakota,Spink,334,1,0,44.93837606,-98.34626602,46115.0,5238.393977415309,0.2994011976047904,333,318,1,0,317,315,6495,16,0,0,16,3
2020-11-03,US,South Dakota,Stanley,102,0,0,44.41381872,-100.7349153,46117.0,3292.4467398321503,0.0,102,102,0,0,102,101,3022,0,0,0,0,1
2020-11-03,US,South Dakota,Sully,48,0,0,44.71571812,-100.1278092,46119.0,3450.7548526240116,0.0,48,47,0,0,47,45,1392,1,0,0,1,2
2020-11-03,US,South Dakota,Todd,529,6,0,43.19338568,-100.71955030000001,46121.0,5197.99548000393,1.1342155009451795,523,514,6,0,508,511,10283,15,0,0,15,3
2020-11-03,US,South Dakota,Tripp,293,2,0,43.34459388,-99.8854891,46123.0,5385.039514795075,0.6825938566552902,291,289,2,0,287,288,5478,4,0,0,4,1
2020-11-03,US,South Dakota,Turner,546,18,0,43.3109081,-97.14865776,46125.0,6512.404580152672,3.2967032967032965,528,534,18,0,516,531,8424,12,0,0,12,3
2020-11-03,US,South Dakota,Union,820,12,0,42.83112163,-96.6557828,46127.0,5146.874215415516,1.4634146341463414,808,808,12,0,796,807,15619,12,0,0,12,1
2020-11-03,US,South Dakota,Walworth,289,10,0,45.43019636,-100.03075140000001,46129.0,5317.387304507821,3.460207612456748,279,289,10,0,279,287,5587,0,0,0,0,2
2020-11-03,US,South Dakota,Yankton,969,6,0,43.00924485,-97.39467635,46135.0,4247.391952309985,0.6191950464396285,963,947,6,0,941,940,22869,22,0,0,22,7
2020-11-03,US,South Dakota,Ziebach,111,2,0,44.97881876,-101.6654622,46137.0,4027.5761973875183,1.8018018018018016,109,110,2,0,108,108,2742,1,0,0,1,2
2020-11-03,US,Tennessee,Anderson,1909,16,0,36.12684348,-84.19965764,47001.0,2479.929330458053,0.8381351492928235,1893,1902,16,0,1886,1869,76482,7,0,0,7,33
2020-11-03,US,Tennessee,Bedford,1861,23,0,35.51123746,-86.45549096,47003.0,3743.487618932673,1.2358946802794195,1838,1847,23,0,1824,1830,49038,14,0,0,14,17
2020-11-03,US,Tennessee,Benton,462,10,0,36.07110411,-88.06849355,47005.0,2858.910891089109,2.1645021645021645,452,462,10,0,452,441,16184,0,0,0,0,21
2020-11-03,US,Tennessee,Bledsoe,1054,4,0,35.59942968,-85.20611967,47007.0,6996.813595326606,0.3795066413662239,1050,1050,4,0,1046,1047,14755,4,0,0,4,3
2020-11-03,US,Tennessee,Blount,3662,43,0,35.68938198,-83.92847788,47009.0,2751.562875691272,1.1742217367558712,3619,3650,42,0,3608,3602,131349,12,1,0,11,48
2020-11-03,US,Tennessee,Bradley,3823,24,0,35.15739424,-84.857186,47011.0,3536.213116270465,0.6277792309704421,3799,3778,24,0,3754,3754,106727,45,0,0,45,24
2020-11-03,US,Tennessee,Campbell,1149,14,0,36.40355516,-84.15108559999999,47013.0,2883.8913709151147,1.2184508268059182,1135,1140,13,0,1127,1133,39583,9,1,0,8,7
2020-11-03,US,Tennessee,Cannon,451,2,0,35.80990797,-86.05738983,47015.0,3072.6256983240223,0.4434589800443459,449,447,2,0,445,442,14462,4,0,0,4,5
2020-11-03,US,Tennessee,Carroll,1211,28,0,35.97366108,-88.45189331,47017.0,4361.292181366371,2.3121387283237,1183,1208,27,0,1181,1192,28020,3,1,0,2,16
2020-11-03,US,Tennessee,Carter,1798,37,0,36.28969086,-82.12588974,47019.0,3188.4520579525106,2.057842046718576,1761,1748,36,0,1712,1747,56351,50,1,0,49,1
2020-11-03,US,Tennessee,Cheatham,1146,12,0,36.26136216,-87.08903581,47021.0,2818.009688445177,1.0471204188481675,1134,1139,12,0,1127,1127,40439,7,0,0,7,12
2020-11-03,US,Tennessee,Chester,759,17,0,35.42527478,-88.6095842,47023.0,4388.044169509163,2.2397891963109355,742,758,16,0,742,754,17276,1,1,0,0,4
2020-11-03,US,Tennessee,Claiborne,557,8,0,36.48319149,-83.65947309,47025.0,1742.8580368597266,1.4362657091561941,549,556,8,0,548,556,31756,1,0,0,1,0
2020-11-03,US,Tennessee,Clay,431,16,0,36.55151008,-85.53930419,47027.0,5659.881812212738,3.712296983758701,415,427,16,0,411,426,7717,4,0,0,4,1
2020-11-03,US,Tennessee,Cocke,1209,18,0,35.9278914,-83.11828725,47029.0,3357.9602266414845,1.488833746898263,1191,1201,17,0,1184,1178,35774,8,1,0,7,23
2020-11-03,US,Tennessee,Coffee,2095,30,0,35.49090731,-86.07311784,47031.0,3706.652512384997,1.431980906921241,2065,2058,30,0,2028,2036,55700,37,0,0,37,22
2020-11-03,US,Tennessee,Crockett,952,23,0,35.81830662,-89.14916269,47033.0,6690.0913562895275,2.4159663865546217,929,945,23,0,922,929,14328,7,0,0,7,16
2020-11-03,US,Tennessee,Cumberland,1735,28,0,35.95271721,-84.99840585,47035.0,2866.8208856576343,1.6138328530259367,1707,1732,27,0,1705,1708,59673,3,1,0,2,24
2020-11-03,US,Tennessee,Davidson,33627,355,0,36.17007426,-86.78646056,47037.0,4844.383874239351,1.0556992892616053,33272,33402,353,0,33049,33119,692587,225,2,0,223,283
2020-11-03,US,Tennessee,DeKalb,798,18,0,35.97616272,-85.83689361,47041.0,3894.582723279649,2.255639097744361,780,796,18,0,778,793,20138,2,0,0,2,3
2020-11-03,US,Tennessee,Decatur,690,11,0,35.60048904,-88.11043779,47039.0,5916.145074166167,1.5942028985507246,679,689,11,0,678,689,11706,1,0,0,1,0
2020-11-03,US,Tennessee,Dickson,1873,21,0,36.14669837,-87.35891709,47043.0,3471.8617928375475,1.1211959423384943,1852,1843,20,0,1823,1797,53446,30,1,0,29,46
2020-11-03,US,Tennessee,Dyer,2440,38,0,36.05931946,-89.41542855,47045.0,6566.376920799808,1.5573770491803278,2402,2431,38,0,2393,2398,37320,9,0,0,9,33
2020-11-03,US,Tennessee,Fayette,1798,29,0,35.19615831,-89.41399032,47047.0,4371.186152237862,1.6129032258064515,1769,1798,27,0,1771,1788,40507,0,2,0,-2,10
2020-11-03,US,Tennessee,Fentress,972,13,0,36.38128818,-84.92870012,47049.0,5247.5300977163515,1.337448559670782,959,970,12,0,958,958,18217,2,1,0,1,12
2020-11-03,US,Tennessee,Franklin,1391,26,0,35.15634626,-86.09201039,47051.0,3295.5837755875664,1.8691588785046729,1365,1373,25,0,1348,1357,41890,18,1,0,17,16
2020-11-03,US,Tennessee,Gibson,2276,49,0,35.99438059,-88.93358327,47053.0,4632.324506950522,2.152899824253076,2227,2272,49,0,2223,2244,49045,4,0,0,4,28
2020-11-03,US,Tennessee,Giles,1056,38,0,35.20222469,-87.03992678,47055.0,3584.0347542764052,3.5984848484848486,1018,1035,38,0,997,1027,29503,21,0,0,21,8
2020-11-03,US,Tennessee,Grainger,659,4,0,36.27469206,-83.51254721,47057.0,2825.90051457976,0.6069802731411229,655,655,4,0,651,649,23145,4,0,0,4,6
2020-11-03,US,Tennessee,Greene,2038,57,0,36.17470125,-82.84691273,47059.0,2950.672515889907,2.7968596663395484,1981,1998,56,0,1942,1973,69087,40,1,0,39,25
2020-11-03,US,Tennessee,Grundy,617,14,0,35.38433717,-85.72142731,47061.0,4595.218589409399,2.26904376012966,603,609,14,0,595,605,13346,8,0,0,8,4
2020-11-03,US,Tennessee,Hamblen,2620,50,0,36.21990035,-83.26586179,47063.0,4034.866171805217,1.9083969465648856,2570,2600,50,0,2550,2584,64569,20,0,0,20,16
2020-11-03,US,Tennessee,Hamilton,12532,113,0,35.17670231,-85.16652245,47065.0,3407.2495133277507,0.901691669326524,12419,12395,111,0,12284,12313,364286,137,2,0,135,82
2020-11-03,US,Tennessee,Hancock,129,3,0,36.52692871,-83.22375847,47067.0,1948.6404833836857,2.3255813953488373,126,129,3,0,126,128,6549,0,0,0,0,1
2020-11-03,US,Tennessee,Hardeman,1972,33,0,35.20772017,-88.99161161,47069.0,7872.255489021955,1.6734279918864097,1939,1968,33,0,1935,1956,25220,4,0,0,4,12
2020-11-03,US,Tennessee,Hardin,1461,23,0,35.19732531,-88.18593755,47071.0,5695.462342117575,1.5742642026009583,1438,1461,23,0,1438,1453,25776,0,0,0,0,8
2020-11-03,US,Tennessee,Hawkins,1324,30,0,36.44355426,-82.94885298,47073.0,2331.56059592153,2.2658610271903323,1294,1312,29,0,1283,1300,56530,12,1,0,11,12
2020-11-03,US,Tennessee,Haywood,1353,28,0,35.58332824,-89.28536625,47075.0,7819.001386962553,2.0694752402069474,1325,1352,28,0,1324,1339,17335,1,0,0,1,13
2020-11-03,US,Tennessee,Henderson,1465,27,0,35.65581134,-88.38600175,47077.0,5210.3709499591,1.8430034129692836,1438,1468,26,0,1442,1455,27847,-3,1,0,-4,13
2020-11-03,US,Tennessee,Henry,892,13,0,36.33160906,-88.30121797,47079.0,2757.76781573659,1.4573991031390134,879,888,12,0,876,860,32358,4,1,0,3,28
2020-11-03,US,Tennessee,Hickman,862,15,0,35.80609681,-87.47643507,47081.0,3423.623798554293,1.740139211136891,847,850,15,0,835,846,25063,12,0,0,12,4
2020-11-03,US,Tennessee,Houston,456,18,0,36.28872054,-87.71878828,47083.0,5560.2975246921105,3.947368421052632,438,451,17,0,434,439,8263,5,1,0,4,12
2020-11-03,US,Tennessee,Humphreys,486,6,0,36.03958805,-87.77992872,47085.0,2615.4342912495968,1.2345679012345678,480,482,4,0,478,472,18486,4,2,0,2,10
2020-11-03,US,Tennessee,Jackson,490,7,0,36.36380466,-85.67239905,47087.0,4157.474970303751,1.4285714285714286,483,488,8,0,480,484,11758,2,-1,0,3,4
2020-11-03,US,Tennessee,Jefferson,1668,24,0,36.04818632,-83.45148924,47089.0,3060.831268923754,1.4388489208633093,1644,1652,24,0,1628,1636,54012,16,0,0,16,16
2020-11-03,US,Tennessee,Johnson,1234,10,0,36.45523950000001,-81.84886538,47091.0,6937.261074881943,0.8103727714748784,1224,1232,9,0,1223,1222,17778,2,1,0,1,10
2020-11-03,US,Tennessee,Knox,13747,100,0,35.99508821,-83.94635435,47093.0,2922.947058660933,0.7274314395868191,13647,13615,97,0,13518,13469,465289,132,3,0,129,146
2020-11-03,US,Tennessee,Lake,1003,4,0,36.34180170000001,-89.48921915,47095.0,14295.895096921318,0.3988035892323031,999,1003,4,0,999,998,7411,0,0,0,0,5
2020-11-03,US,Tennessee,Lauderdale,1537,18,0,35.75893438,-89.63015909999999,47097.0,5996.1768033394455,1.1711125569290826,1519,1532,18,0,1514,1515,25825,5,0,0,5,17
2020-11-03,US,Tennessee,Lawrence,1802,24,0,35.21675201,-87.39787695,47099.0,4082.2799148203526,1.3318534961154274,1778,1780,20,0,1760,1746,43734,22,4,0,18,34
2020-11-03,US,Tennessee,Lewis,503,6,0,35.52853208,-87.49022694,47101.0,4100.097815454842,1.1928429423459244,497,491,6,0,485,481,12086,12,0,0,12,10
2020-11-03,US,Tennessee,Lincoln,993,5,0,35.13738622,-86.58910106,47103.0,2889.4837921201192,0.5035246727089627,988,988,4,0,984,972,34117,5,1,0,4,16
2020-11-03,US,Tennessee,Loudon,1742,13,0,35.73939663,-84.31145275,47105.0,3221.8687578604718,0.746268656716418,1729,1724,13,0,1711,1714,53054,18,0,0,18,10
2020-11-03,US,Tennessee,Macon,1396,26,0,36.53157855,-86.00778595,47111.0,5674.335419884562,1.8624641833810889,1370,1394,25,0,1369,1390,24265,2,1,0,1,4
2020-11-03,US,Tennessee,Madison,4008,85,0,35.61181957,-88.84076036,47113.0,4090.46374918354,2.1207584830339323,3923,3994,81,0,3913,3956,97605,14,4,0,10,38
2020-11-03,US,Tennessee,Marion,855,14,0,35.12997174,-85.62265895,47115.0,2957.761095928322,1.6374269005847952,841,845,14,0,831,835,28575,10,0,0,10,10
2020-11-03,US,Tennessee,Marshall,1246,12,0,35.45798777,-86.76420988,47117.0,3624.727272727273,0.9630818619582664,1234,1235,12,0,1223,1221,33683,11,0,0,11,14
2020-11-03,US,Tennessee,Maury,3832,39,0,35.618741299999996,-87.07462444,47119.0,3975.6398684469896,1.0177453027139876,3793,3806,39,0,3767,3661,94340,26,0,0,26,145
2020-11-03,US,Tennessee,McMinn,1773,41,0,35.42812616,-84.61520715,47107.0,3295.906606684761,2.3124647490129724,1732,1763,40,0,1723,1744,53285,10,1,0,9,19
2020-11-03,US,Tennessee,McNairy,1184,30,0,35.17468549,-88.5647812,47109.0,4608.079707324668,2.533783783783784,1154,1181,30,0,1151,1171,25832,3,0,0,3,10
2020-11-03,US,Tennessee,Meigs,353,8,0,35.51558739,-84.81482914,47121.0,2841.732410239897,2.26628895184136,345,349,6,0,343,339,12306,4,2,0,2,10
2020-11-03,US,Tennessee,Monroe,1563,31,0,35.44550387,-84.24902965,47123.0,3358.0406058652916,1.983365323096609,1532,1559,30,0,1529,1546,46357,4,1,0,3,13
2020-11-03,US,Tennessee,Montgomery,4534,63,0,36.49609412,-87.38550661,47125.0,2169.450651457226,1.3895015438906044,4471,4520,62,0,4458,4480,205950,14,1,0,13,40
2020-11-03,US,Tennessee,Moore,290,2,0,35.27724699,-86.36230578,47127.0,4469.790382244143,0.6896551724137931,288,288,2,0,286,286,6411,2,0,0,2,2
2020-11-03,US,Tennessee,Morgan,466,7,0,36.13248031,-84.64880098,47129.0,2177.26486941083,1.502145922746781,459,466,7,0,459,463,21579,0,0,0,0,3
2020-11-03,US,Tennessee,Obion,1914,28,0,36.35732446,-89.14921589,47131.0,6365.359672752668,1.4629049111807733,1886,1915,27,0,1888,1883,30267,-1,1,0,-2,32
2020-11-03,US,Tennessee,Out of TN,4392,38,0,0.0,0.0,80047.0,0.0,0.8652094717668488,4354,4357,37,0,4320,4241,,35,1,0,34,116
2020-11-03,US,Tennessee,Overton,1295,26,0,36.34117832,-85.28989535,47133.0,5822.579919967629,2.007722007722008,1269,1291,25,0,1266,1282,22068,4,1,0,3,9
2020-11-03,US,Tennessee,Perry,366,10,0,35.63708728,-87.86139634,47135.0,4531.946508172363,2.7322404371584703,356,364,9,0,355,355,8064,2,1,0,1,9
2020-11-03,US,Tennessee,Pickett,293,9,0,36.55606529,-85.07763299999998,47137.0,5804.278922345484,3.0716723549488054,284,290,9,0,281,289,5082,3,0,0,3,1
2020-11-03,US,Tennessee,Polk,552,13,0,35.12245443,-84.52075859,47139.0,3279.467680608365,2.355072463768116,539,545,13,0,532,542,16898,7,0,0,7,3
2020-11-03,US,Tennessee,Putnam,4690,64,0,36.14005459,-85.50646123,47141.0,5844.600909714001,1.3646055437100213,4626,4681,61,0,4620,4650,78843,9,3,0,6,31
2020-11-03,US,Tennessee,Rhea,1187,23,0,35.60536161,-84.93076643,47143.0,3578.858503934634,1.9376579612468408,1164,1182,22,0,1160,1168,33044,5,1,0,4,14
2020-11-03,US,Tennessee,Roane,1535,9,0,35.84923189,-84.52458689,47145.0,2875.5011052414675,0.5863192182410424,1526,1528,8,0,1520,1461,53140,7,1,0,6,67
2020-11-03,US,Tennessee,Robertson,2731,43,0,36.52454807,-86.87346725,47147.0,3802.9326166571523,1.5745148297326987,2688,2729,43,0,2686,2712,71012,2,0,0,2,17
2020-11-03,US,Tennessee,Rutherford,12822,117,0,35.84591405,-86.4107263,47149.0,3858.7357238515133,0.9124941506785212,12705,12730,117,0,12613,12607,324890,92,0,0,92,123
2020-11-03,US,Tennessee,Scott,449,5,0,36.42325673,-84.50360494,47151.0,2034.620264636577,1.11358574610245,444,437,5,0,432,423,22039,12,0,0,12,14
2020-11-03,US,Tennessee,Sequatchie,382,3,0,35.36979721,-85.41022136,47153.0,2542.260082523626,0.7853403141361257,379,375,2,0,373,370,14876,7,1,0,6,5
2020-11-03,US,Tennessee,Sevier,3601,24,0,35.78077323,-83.52244332,47155.0,3665.1399491094153,0.6664815329075257,3577,3580,23,0,3557,3548,97892,21,1,0,20,32
2020-11-03,US,Tennessee,Shelby,38333,578,0,35.1864775,-89.89692423,47157.0,4090.310574647394,1.507839198601727,37755,38288,572,0,37716,37762,935764,45,6,0,39,526
2020-11-03,US,Tennessee,Smith,1059,14,0,36.25359775,-85.95411046,47159.0,5253.757999702337,1.3220018885741265,1045,1051,14,0,1037,1046,19942,8,0,0,8,5
2020-11-03,US,Tennessee,Stewart,370,13,0,36.50235092,-87.83920548,47161.0,2697.7761574917968,3.5135135135135136,357,364,13,0,351,362,13561,6,0,0,6,2
2020-11-03,US,Tennessee,Sullivan,4242,58,0,36.51240691,-82.30412917,47163.0,2678.909743097481,1.3672795851013673,4184,4167,55,0,4112,4144,157668,75,3,0,72,23
2020-11-03,US,Tennessee,Sumner,6639,120,0,36.46824103,-86.45917204,47165.0,3470.773670425496,1.807501129688206,6519,6598,119,0,6479,6500,187149,41,1,0,40,98
2020-11-03,US,Tennessee,Tipton,2566,24,0,35.501942,-89.73694895,47167.0,4165.652039805841,0.9353078721745908,2542,2565,23,0,2542,2506,61581,1,1,0,0,59
2020-11-03,US,Tennessee,Trousdale,1809,10,0,36.39026213,-86.16087954,47169.0,16031.549096065228,0.552791597567717,1799,1802,9,0,1793,1795,11012,7,1,0,6,7
2020-11-03,US,Tennessee,Unassigned,2516,6,0,0.0,0.0,90047.0,0.0,0.2384737678855326,2510,2439,6,0,2433,2247,,77,0,0,77,192
2020-11-03,US,Tennessee,Unicoi,525,7,0,36.10890856,-82.43709629,47171.0,2935.749035396745,1.3333333333333333,518,515,6,0,509,505,17761,10,1,0,9,10
2020-11-03,US,Tennessee,Union,568,4,0,36.28590426,-83.83651902,47173.0,2843.981574203885,0.7042253521126759,564,567,4,0,563,565,19688,1,0,0,1,2
2020-11-03,US,Tennessee,Van Buren,220,2,0,35.69864497,-85.45221699,47175.0,3746.5940054495923,0.9090909090909092,218,218,2,0,216,217,5765,2,0,0,2,1
2020-11-03,US,Tennessee,Warren,1571,11,0,35.672829899999996,-85.77969117,47177.0,3805.993652639485,0.7001909611712285,1560,1567,11,0,1556,1542,40878,4,0,0,4,25
2020-11-03,US,Tennessee,Washington,4069,67,0,36.29472368,-82.49454720000001,47179.0,3145.1207729468597,1.6465962152863112,4002,3967,60,0,3907,3948,128607,102,7,0,95,19
2020-11-03,US,Tennessee,Wayne,1628,7,0,35.23868267,-87.78644456,47181.0,9764.289569963414,0.42997542997543,1621,1624,7,0,1617,1624,16558,4,0,0,4,0
2020-11-03,US,Tennessee,Weakley,1654,27,0,36.29896232,-88.71990865,47183.0,4962.794047047528,1.6324062877871826,1627,1649,27,0,1622,1636,33415,5,0,0,5,13
2020-11-03,US,Tennessee,White,1298,15,0,35.92929884,-85.45591799,47185.0,4746.754434083014,1.1556240369799693,1283,1295,15,0,1280,1273,27107,3,0,0,3,22
2020-11-03,US,Tennessee,Williamson,7697,59,0,35.89099229,-86.89281867,47187.0,3228.444876935725,0.7665324152267117,7638,7662,57,0,7605,7582,231729,35,2,0,33,80
2020-11-03,US,Tennessee,Wilson,5114,66,0,36.15496772,-86.29775884,47189.0,3535.259268476465,1.2905748924520923,5048,5065,65,0,5000,4999,140625,49,1,0,48,66
2020-11-03,US,Texas,Anderson,2987,39,0,31.81534745,-95.65354823,48001.0,5173.638174417598,1.3056578506863072,2948,2979,39,0,2940,2979,58057,8,0,0,8,0
2020-11-03,US,Texas,Andrews,667,10,0,32.30468633,-102.63765479999999,48003.0,3565.891472868217,1.4992503748125936,657,667,10,0,657,667,18128,0,0,0,0,0
2020-11-03,US,Texas,Angelina,2326,93,0,31.25457347,-94.60901487,48005.0,2682.350227757597,3.998280309544282,2233,2317,93,0,2224,2317,87092,9,0,0,9,0
2020-11-03,US,Texas,Aransas,351,18,0,28.10556197,-96.9995047,48007.0,1492.9817099106765,5.128205128205129,333,351,18,0,333,351,23792,0,0,0,0,0
2020-11-03,US,Texas,Archer,170,1,0,33.61569967,-98.68754589,48009.0,1987.606687711914,0.5882352941176471,169,165,1,0,164,165,8786,5,0,0,5,0
2020-11-03,US,Texas,Armstrong,28,1,0,34.96507426,-101.35748740000001,48011.0,1483.836777954425,3.571428571428572,27,27,1,0,26,27,1892,1,0,0,1,0
2020-11-03,US,Texas,Atascosa,1291,37,0,28.89333001,-98.52730485,48013.0,2523.8011455828587,2.8659953524399686,1254,1289,37,0,1252,1287,50310,2,0,0,2,2
2020-11-03,US,Texas,Austin,522,10,0,29.88548725,-96.27736949,48015.0,1738.1459776238678,1.9157088122605364,512,523,10,0,513,521,29989,-1,0,0,-1,2
2020-11-03,US,Texas,Bailey,314,5,0,34.06854817,-102.8299707,48017.0,4485.714285714285,1.5923566878980893,309,311,5,0,306,311,7027,3,0,0,3,0
2020-11-03,US,Texas,Bandera,192,8,0,29.74619598,-99.24598147,48019.0,830.7372793354103,4.166666666666667,184,190,8,0,182,190,22824,2,0,0,2,0
2020-11-03,US,Texas,Bastrop,2034,33,0,30.10370699,-97.31206354,48021.0,2292.5284311846985,1.6224188790560472,2001,2023,32,0,1991,2023,86976,11,1,0,10,0
2020-11-03,US,Texas,Baylor,46,3,0,33.61640794,-99.21352901,48023.0,1310.9147905386149,6.521739130434782,43,46,3,0,43,46,3582,0,0,0,0,0
2020-11-03,US,Texas,Bee,1874,39,0,28.41761668,-97.74215593,48025.0,5754.6445570397655,2.08110992529349,1835,1868,39,0,1829,1868,32587,6,0,0,6,0
2020-11-03,US,Texas,Bell,6647,101,0,31.03736027,-97.4785025,48027.0,1831.5129338373874,1.5194824732962238,6546,6560,100,0,6460,6560,355642,87,1,0,86,0
2020-11-03,US,Texas,Bexar,66529,1415,0,29.44928723,-98.52019748,48029.0,3320.549383745085,2.1268920320461757,65114,66231,1414,0,64817,66064,1986049,298,1,0,297,167
2020-11-03,US,Texas,Blanco,163,6,0,30.26640707,-98.3999852,48031.0,1366.188919621155,3.6809815950920246,157,163,6,0,157,163,11702,0,0,0,0,0
2020-11-03,US,Texas,Borden,3,0,0,32.74363984,-101.43165090000001,48033.0,458.7155963302752,0.0,3,2,0,0,2,2,648,1,0,0,1,0
2020-11-03,US,Texas,Bosque,421,12,0,31.89978581,-97.63613524,48035.0,2253.1442333422533,2.8503562945368173,409,420,11,0,409,418,18691,1,1,0,0,2
2020-11-03,US,Texas,Bowie,2059,79,0,33.44626922,-94.41834132,48037.0,2208.1612955118235,3.836813987372511,1980,2044,77,0,1967,2040,94324,15,2,0,13,4
2020-11-03,US,Texas,Brazoria,12687,186,0,29.18757369,-95.44563172,48039.0,3389.853151785905,1.4660676282809175,12501,12687,185,0,12502,12501,370200,0,1,0,-1,186
2020-11-03,US,Texas,Brazos,7856,76,0,30.663644800000004,-96.30205577,48041.0,3427.4096792911328,0.9674134419551936,7780,7814,76,0,7738,7782,226758,42,0,0,42,32
2020-11-03,US,Texas,Brewster,270,5,0,29.81008251,-103.25203259999999,48043.0,2933.8259263283708,1.851851851851852,265,256,5,0,251,256,9267,14,0,0,14,0
2020-11-03,US,Texas,Briscoe,25,1,0,34.53026962,-101.2084947,48045.0,1617.0763260025876,4.0,24,25,1,0,24,25,1516,0,0,0,0,0
2020-11-03,US,Texas,Brooks,366,23,0,27.03103197,-98.21808402,48047.0,5160.016918088256,6.284153005464481,343,365,23,0,342,365,7114,1,0,0,1,0
2020-11-03,US,Texas,Brown,701,28,0,31.77430356,-98.99907113,48049.0,1851.362772026199,3.9942938659058487,673,701,28,0,673,701,37924,0,0,0,0,0
2020-11-03,US,Texas,Burleson,487,6,0,30.49273808,-96.62158484,48051.0,2640.5682372715937,1.2320328542094456,481,483,6,0,477,482,18389,4,0,0,4,1
2020-11-03,US,Texas,Burnet,1097,15,0,30.78801353,-98.181887,48053.0,2278.060429861904,1.3673655423883315,1082,1096,15,0,1081,1096,47542,1,0,0,1,0
2020-11-03,US,Texas,Caldwell,1729,37,0,29.83668859,-97.61814775,48055.0,3959.783803591059,2.1399652978600345,1692,1726,37,0,1689,1726,43247,3,0,0,3,0
2020-11-03,US,Texas,Calhoun,935,9,0,28.47048236,-96.61633945,48057.0,4391.73320807891,0.962566844919786,926,935,9,0,926,935,21561,0,0,0,0,0
2020-11-03,US,Texas,Callahan,146,6,0,32.29760619,-99.37326312,48059.0,1047.1204188481674,4.109589041095891,140,137,6,0,131,137,13994,9,0,0,9,0
2020-11-03,US,Texas,Cameron,24380,1085,0,26.14524221,-97.48140372,48061.0,5761.373276964196,4.450369155045119,23295,24280,1083,0,23197,24280,423908,100,2,0,98,0
2020-11-03,US,Texas,Camp,408,13,0,32.97195142,-94.97790104,48063.0,3115.93096074538,3.1862745098039214,395,407,13,0,394,407,13033,1,0,0,1,0
2020-11-03,US,Texas,Carson,57,1,0,35.40365929,-101.35426690000001,48065.0,961.8629767127912,1.7543859649122806,56,55,1,0,54,55,6005,2,0,0,2,0
2020-11-03,US,Texas,Cass,567,25,0,33.07499881,-94.34646905,48067.0,1888.3634183707447,4.409171075837743,542,565,25,0,540,562,30119,2,0,0,2,3
2020-11-03,US,Texas,Castro,323,7,0,34.53016752,-102.2617243,48069.0,4289.508632138114,2.1671826625387,316,320,7,0,313,320,7665,3,0,0,3,0
2020-11-03,US,Texas,Chambers,1604,10,0,29.70972016,-94.67154501,48071.0,3659.0095125122607,0.6234413965087282,1594,1592,10,0,1582,1585,42454,12,0,0,12,7
2020-11-03,US,Texas,Cherokee,1660,38,0,31.837258000000002,-95.16559897,48073.0,3153.1360407248408,2.289156626506024,1622,1657,38,0,1619,1657,52592,3,0,0,3,0
2020-11-03,US,Texas,Childress,130,0,0,34.529304100000004,-100.2077916,48075.0,1779.3594306049822,0.0,130,125,0,0,125,125,7291,5,0,0,5,0
2020-11-03,US,Texas,Clay,134,3,0,33.78686685,-98.20771198,48077.0,1279.7249546366154,2.238805970149253,131,133,3,0,130,133,10456,1,0,0,1,0
2020-11-03,US,Texas,Cochran,118,2,0,33.60425307,-102.82844990000001,48079.0,4135.997195934106,1.6949152542372878,116,116,2,0,114,116,2836,2,0,0,2,0
2020-11-03,US,Texas,Coke,129,7,0,31.88911733,-100.5297533,48081.0,3808.680248007086,5.426356589147288,122,129,7,0,122,129,3370,0,0,0,0,0
2020-11-03,US,Texas,Coleman,98,4,0,31.76736834,-99.45240766,48083.0,1198.776758409786,4.081632653061225,94,96,4,0,92,96,8397,2,0,0,2,0
2020-11-03,US,Texas,Collin,18905,190,0,33.18820114,-96.57264368,48085.0,1827.0466691793995,1.0050251256281406,18715,18844,189,0,18655,18748,1005146,61,1,0,60,96
2020-11-03,US,Texas,Collingsworth,21,0,0,34.96489496,-100.27001109999999,48087.0,719.1780821917807,0.0,21,21,0,0,21,21,2962,0,0,0,0,0
2020-11-03,US,Texas,Colorado,510,4,0,29.622097999999998,-96.5273805,48089.0,2372.865584143675,0.7843137254901961,506,510,4,0,506,510,21217,0,0,0,0,0
2020-11-03,US,Texas,Comal,2904,106,0,29.80811278,-98.27647225,48091.0,1859.0478141464318,3.6501377410468323,2798,2884,106,0,2778,2884,148373,20,0,0,20,0
2020-11-03,US,Texas,Comanche,381,5,0,31.94854689,-98.55876441,48093.0,2794.279427942795,1.3123359580052494,376,375,5,0,370,375,13534,6,0,0,6,0
2020-11-03,US,Texas,Concho,144,2,0,31.32635934,-99.86473038,48095.0,5282.465150403522,1.3888888888888888,142,144,2,0,142,144,4276,0,0,0,0,0
2020-11-03,US,Texas,Cooke,587,9,0,33.63979567,-97.21240912,48097.0,1422.7888600722301,1.5332197614991483,578,570,9,0,561,570,40574,17,0,0,17,0
2020-11-03,US,Texas,Coryell,2029,14,0,31.39078397,-97.79936155,48099.0,2671.459230293216,0.6899950714637753,2015,2020,14,0,2006,2019,74808,9,0,0,9,1
2020-11-03,US,Texas,Cottle,42,3,0,34.07783319,-100.27850620000001,48101.0,3004.291845493562,7.142857142857142,39,40,3,0,37,40,1389,2,0,0,2,0
2020-11-03,US,Texas,Crane,78,4,0,31.43052248,-102.5143314,48103.0,1626.0162601626016,5.128205128205129,74,77,4,0,73,77,4794,1,0,0,1,0
2020-11-03,US,Texas,Crockett,166,7,0,30.72367027,-101.4134238,48105.0,4792.147806004619,4.216867469879518,159,166,7,0,159,166,3499,0,0,0,0,0
2020-11-03,US,Texas,Crosby,128,8,0,33.61431553,-101.30003640000001,48107.0,2231.1312532682587,6.25,120,117,7,0,110,117,5779,11,1,0,10,0
2020-11-03,US,Texas,Culberson,127,3,0,31.44506775,-104.5185739,48109.0,5849.83878397052,2.3622047244094486,124,127,3,0,124,127,2204,0,0,0,0,0
2020-11-03,US,Texas,Dallam,395,10,0,36.27787176,-102.60207249999999,48111.0,5420.612048854124,2.5316455696202533,385,386,10,0,376,386,7200,9,0,0,9,0
2020-11-03,US,Texas,Dallas,97875,1277,0,32.76670599,-96.77796049999999,48113.0,3713.6940166555614,1.3047254150702428,96598,97875,1269,0,96606,97398,2637772,0,8,0,-8,477
2020-11-03,US,Texas,Dawson,928,19,0,32.74255572,-101.94772420000001,48115.0,7291.011942174731,2.0474137931034484,909,897,19,0,878,897,12619,31,0,0,31,0
2020-11-03,US,Texas,DeWitt,1103,44,0,29.08101855,-97.35681170000001,48123.0,5471.230158730159,3.9891205802357206,1059,1103,44,0,1059,1087,20187,0,0,0,0,16
2020-11-03,US,Texas,Deaf Smith,1070,27,0,34.96522957,-102.6054267,48117.0,5769.438153779791,2.5233644859813085,1043,1042,27,0,1015,1042,18760,28,0,0,28,0
2020-11-03,US,Texas,Delta,38,0,0,33.38570922,-95.66921122,48119.0,712.8118551866443,0.0,38,37,0,0,37,36,5349,1,0,0,1,1
2020-11-03,US,Texas,Denton,15139,178,0,33.20521901,-97.11691153,48121.0,1706.3661580668322,1.1757711870004623,14961,14978,177,0,14801,14978,859064,161,1,0,160,0
2020-11-03,US,Texas,Dickens,58,2,0,33.61616822,-100.7788855,48125.0,2623.2473993668023,3.4482758620689653,56,55,2,0,53,55,2249,3,0,0,3,0
2020-11-03,US,Texas,Dimmit,297,8,0,28.42270064,-99.75645095,48127.0,2933.6230738838403,2.6936026936026938,289,294,7,0,287,294,10308,3,1,0,2,0
2020-11-03,US,Texas,Donley,88,1,0,34.96517499,-100.8140093,48129.0,2684.5637583892617,1.1363636363636365,87,86,1,0,85,86,3319,2,0,0,2,0
2020-11-03,US,Texas,Duval,503,21,0,27.68184592,-98.50864568,48131.0,4508.380388993457,4.174950298210735,482,500,21,0,479,499,11212,3,0,0,3,1
2020-11-03,US,Texas,Eastland,273,8,0,32.32743996,-98.83243566,48133.0,1486.9281045751636,2.93040293040293,265,265,8,0,257,265,18322,8,0,0,8,0
2020-11-03,US,Texas,Ector,6955,121,0,31.86898877,-102.54294279999999,48135.0,4184.138175824043,1.7397555715312725,6834,6663,121,0,6542,6547,162124,292,0,0,292,116
2020-11-03,US,Texas,Edwards,72,2,0,29.98202582,-100.304252,48137.0,3726.7080745341614,2.7777777777777777,70,72,2,0,70,72,1928,0,0,0,0,0
2020-11-03,US,Texas,El Paso,52817,649,0,31.76980765,-106.23632749999999,48141.0,6293.4471508678125,1.2287710396273928,52168,51536,644,0,50892,50114,840758,1281,5,0,1276,1422
2020-11-03,US,Texas,Ellis,5130,83,0,32.34894117,-96.79371841,48139.0,2775.583521798881,1.6179337231968811,5047,5043,83,0,4960,5043,179436,87,0,0,87,0
2020-11-03,US,Texas,Erath,1090,17,0,32.23602653,-98.21773417,48143.0,2552.812778116071,1.5596330275229358,1073,1065,17,0,1048,1065,42446,25,0,0,25,0
2020-11-03,US,Texas,Falls,699,6,0,31.25350609,-96.93630086,48145.0,4041.1632074926288,0.8583690987124464,693,691,6,0,685,690,17335,8,0,0,8,1
2020-11-03,US,Texas,Fannin,815,20,0,33.59564294,-96.10751083,48147.0,2294.8696288787523,2.4539877300613497,795,798,20,0,778,798,35286,17,0,0,17,0
2020-11-03,US,Texas,Fayette,702,23,0,29.87788372,-96.92076062,48149.0,2769.6677976801075,3.276353276353277,679,686,22,0,664,683,25349,16,1,0,15,3
2020-11-03,US,Texas,Fisher,124,4,0,32.74281316,-100.40193020000001,48151.0,3237.597911227154,3.2258064516129035,120,117,4,0,113,117,3839,7,0,0,7,0
2020-11-03,US,Texas,Floyd,136,9,0,34.07227468,-101.3031546,48153.0,2380.952380952381,6.617647058823528,127,128,9,0,119,128,5837,8,0,0,8,0
2020-11-03,US,Texas,Foard,22,1,0,33.97308618,-99.7767797,48155.0,1904.7619047619046,4.545454545454546,21,22,1,0,21,22,1200,0,0,0,0,0
2020-11-03,US,Texas,Fort Bend,17807,311,0,29.52704478,-95.77219463,48157.0,2193.823242428125,1.7465041837479642,17496,17763,311,0,17452,17735,787858,44,0,0,44,28
2020-11-03,US,Texas,Franklin,226,7,0,33.17653242,-95.21917243,48159.0,2107.2261072261067,3.0973451327433628,219,225,7,0,218,223,10766,1,0,0,1,2
2020-11-03,US,Texas,Freestone,467,5,0,31.70422788,-96.15072516,48161.0,2368.5144798904503,1.0706638115631693,462,463,4,0,459,463,19808,4,1,0,3,0
2020-11-03,US,Texas,Frio,1022,9,0,28.86751206,-99.10804207,48163.0,5032.995173840244,0.8806262230919765,1013,1022,9,0,1013,1020,19816,0,0,0,0,2
2020-11-03,US,Texas,Gaines,597,12,0,32.74055318,-102.6353295,48165.0,2777.777777777778,2.010050251256281,585,581,12,0,569,581,20901,16,0,0,16,0
2020-11-03,US,Texas,Galveston,12787,169,0,29.40167322,-94.90469073,48167.0,3737.369899368385,1.3216548056620006,12618,12703,169,0,12534,12703,337890,84,0,0,84,0
2020-11-03,US,Texas,Garza,132,8,0,33.17969345,-101.2984114,48169.0,2119.1202440199067,6.0606060606060606,124,123,8,0,115,123,6578,9,0,0,9,0
2020-11-03,US,Texas,Gillespie,366,10,0,30.31824095,-98.94676915,48171.0,1356.1582925744776,2.7322404371584703,356,366,10,0,356,365,26804,0,0,0,0,1
2020-11-03,US,Texas,Glasscock,14,0,0,31.86942909,-101.5207776,48173.0,993.61249112846,0.0,14,13,0,0,13,13,1388,1,0,0,1,0
2020-11-03,US,Texas,Goliad,165,6,0,28.65696592,-97.42760647,48175.0,2154.6095586314964,3.636363636363636,159,166,6,0,160,166,7584,-1,0,0,-1,0
2020-11-03,US,Texas,Gonzales,1135,20,0,29.45634206,-97.49424032,48177.0,5447.0413207275515,1.7621145374449338,1115,1133,20,0,1113,1133,20826,2,0,0,2,0
2020-11-03,US,Texas,Gray,532,10,0,35.40081878,-100.8129222,48179.0,2430.7776660879103,1.8796992481203008,522,516,10,0,506,516,21895,16,0,0,16,0
2020-11-03,US,Texas,Grayson,2809,76,0,33.62744998,-96.67753461,48181.0,2062.2265292338416,2.7055891776432888,2733,2752,75,0,2677,2752,133991,57,1,0,56,0
2020-11-03,US,Texas,Gregg,2616,88,0,32.47940482,-94.81591935,48183.0,2110.613578603413,3.363914373088685,2528,2612,88,0,2524,2612,123707,4,0,0,4,0
2020-11-03,US,Texas,Grimes,1210,36,0,30.54579585,-95.98902499,48185.0,4189.750692520775,2.975206611570248,1174,1194,36,0,1158,1193,28360,16,0,0,16,1
2020-11-03,US,Texas,Guadalupe,3912,81,0,29.58165339,-97.94786822,48187.0,2344.663074553333,2.070552147239264,3831,3905,81,0,3824,3903,163694,7,0,0,7,2
2020-11-03,US,Texas,Hale,2709,64,0,34.07044901,-101.82681140000001,48189.0,8109.321678740345,2.3624953857512003,2645,2709,64,0,2645,2678,33830,0,0,0,0,31
2020-11-03,US,Texas,Hall,44,1,0,34.5307555,-100.68138520000001,48191.0,1484.4804318488532,2.272727272727273,43,44,1,0,43,44,3028,0,0,0,0,0
2020-11-03,US,Texas,Hamilton,209,6,0,31.70470573,-98.11083887,48193.0,2470.1571918212976,2.8708133971291865,203,206,5,0,201,206,8484,3,1,0,2,0
2020-11-03,US,Texas,Hansford,205,6,0,36.27743284,-101.3545796,48195.0,3796.999444341545,2.9268292682926833,199,199,6,0,193,199,5463,6,0,0,6,0
2020-11-03,US,Texas,Hardeman,65,3,0,34.28944521,-99.74632408,48197.0,1652.6824307144673,4.615384615384615,62,63,3,0,60,63,3922,2,0,0,2,0
2020-11-03,US,Texas,Hardin,1471,35,0,30.33364686,-94.38931817,48199.0,2553.7307732370405,2.3793337865397692,1436,1461,35,0,1426,1461,57207,10,0,0,10,0
2020-11-03,US,Texas,Harris,163845,2823,0,29.85864939,-95.39339521,48201.0,3476.208409137923,1.722969880069578,161022,163287,2814,0,160473,162306,4698619,558,9,0,549,981
2020-11-03,US,Texas,Harrison,1122,39,0,32.54935988,-94.36934071,48203.0,1685.8744158790741,3.475935828877005,1083,1121,39,0,1082,1121,66726,1,0,0,1,0
2020-11-03,US,Texas,Hartley,188,0,0,35.84008013,-102.6029022,48205.0,3371.592539454807,0.0,188,179,0,0,179,179,5619,9,0,0,9,0
2020-11-03,US,Texas,Haskell,89,3,0,33.17823584,-99.73037358,48207.0,1572.9939908094736,3.3707865168539324,86,86,3,0,83,86,5813,3,0,0,3,0
2020-11-03,US,Texas,Hays,6231,89,0,30.05669873,-98.02944344,48209.0,2706.8825453645018,1.4283421601669073,6142,6176,88,0,6088,6132,222631,55,1,0,54,44
2020-11-03,US,Texas,Hemphill,165,1,0,35.83764858,-100.2703577,48211.0,4320.502749410841,0.6060606060606061,164,156,1,0,155,156,3825,9,0,0,9,0
2020-11-03,US,Texas,Henderson,1358,36,0,32.21128872,-95.85846587,48213.0,1641.3454681702262,2.650957290132548,1322,1332,36,0,1296,1332,82299,26,0,0,26,0
2020-11-03,US,Texas,Hidalgo,36147,1961,0,26.39418217,-98.18299696,48215.0,4161.011710507685,5.425069853653139,34186,35945,1955,0,33990,35785,865939,202,6,0,196,160
2020-11-03,US,Texas,Hill,885,16,0,31.99045053,-97.13423143,48217.0,2414.799858113455,1.8079096045197742,869,859,16,0,843,858,36354,26,0,0,26,1
2020-11-03,US,Texas,Hockley,825,22,0,33.60771256,-102.3431676,48219.0,3583.684462012945,2.6666666666666665,803,754,20,0,734,754,22980,71,2,0,69,0
2020-11-03,US,Texas,Hood,1256,41,0,32.42990927,-97.83242024,48221.0,2037.5387310805768,3.264331210191082,1215,1233,41,0,1192,1233,60537,23,0,0,23,0
2020-11-03,US,Texas,Hopkins,700,41,0,33.14875072,-95.56351139,48223.0,1887.6065149390568,5.857142857142858,659,695,36,0,659,693,36810,5,5,0,0,2
2020-11-03,US,Texas,Houston,433,14,0,31.31925973,-95.42226208,48225.0,1885.231626610937,3.233256351039261,419,430,14,0,416,430,23169,3,0,0,3,0
2020-11-03,US,Texas,Howard,1231,21,0,32.30621324,-101.4356444,48227.0,3357.516910320751,1.7059301380991063,1210,1222,21,0,1201,1222,36459,9,0,0,9,0
2020-11-03,US,Texas,Hudspeth,116,3,0,31.45628381,-105.388178,48229.0,2374.130167826443,2.586206896551724,113,114,3,0,111,114,4795,2,0,0,2,0
2020-11-03,US,Texas,Hunt,2095,48,0,33.12351514,-96.08551032,48231.0,2124.8757530884227,2.2911694510739857,2047,2095,47,0,2048,2075,96493,0,1,0,-1,20
2020-11-03,US,Texas,Hutchinson,382,7,0,35.84006574,-101.3546643,48233.0,1824.4340433661291,1.8324607329842928,375,338,7,0,331,338,21198,44,0,0,44,0
2020-11-03,US,Texas,Irion,14,0,0,31.30375559,-100.982439,48235.0,911.4583333333336,0.0,14,14,0,0,14,14,1522,0,0,0,0,0
2020-11-03,US,Texas,Jack,158,3,0,33.23377248,-98.17283469,48237.0,1768.3268047006156,1.8987341772151896,155,155,3,0,152,155,8843,3,0,0,3,0
2020-11-03,US,Texas,Jackson,666,16,0,28.95472367,-96.57749563,48239.0,4512.195121951218,2.4024024024024024,650,663,16,0,647,656,14874,3,0,0,3,7
2020-11-03,US,Texas,Jasper,522,34,0,30.74685667,-94.02667579,48241.0,1469.222325424301,6.5134099616858245,488,520,34,0,486,520,35872,2,0,0,2,0
2020-11-03,US,Texas,Jeff Davis,23,0,0,30.71490589,-104.1399973,48243.0,1011.433597185576,0.0,23,23,0,0,23,23,2252,0,0,0,0,0
2020-11-03,US,Texas,Jefferson,8548,156,0,29.8832777,-94.16434171,48245.0,3397.928964681096,1.8249883013570425,8392,8471,155,0,8316,8471,255001,77,1,0,76,0
2020-11-03,US,Texas,Jim Hogg,184,6,0,27.04453923,-98.69681870000001,48247.0,3538.4615384615386,3.260869565217391,178,183,6,0,177,183,5248,1,0,0,1,0
2020-11-03,US,Texas,Jim Wells,1748,52,0,27.73103938,-98.0904705,48249.0,4317.968479818191,2.9748283752860414,1696,1726,52,0,1674,1726,40822,22,0,0,22,0
2020-11-03,US,Texas,Johnson,3903,67,0,32.37877812,-97.36615819,48251.0,2219.9218505605263,1.7166282346912631,3836,3821,67,0,3754,3821,171361,82,0,0,82,0
2020-11-03,US,Texas,Jones,613,3,0,32.73997145,-99.87861576,48253.0,3052.332818801972,0.4893964110929853,610,610,3,0,607,610,19817,3,0,0,3,0
2020-11-03,US,Texas,Karnes,961,18,0,28.90705334,-97.85960149,48255.0,6159.861547336709,1.8730489073881371,943,960,18,0,942,960,15650,1,0,0,1,0
2020-11-03,US,Texas,Kaufman,3683,59,0,32.599141700000004,-96.28734728,48257.0,2705.02519206193,1.6019549280477872,3624,3629,59,0,3570,3629,128622,54,0,0,54,0
2020-11-03,US,Texas,Kendall,392,11,0,29.94414155,-98.7113588,48259.0,826.4637051717232,2.8061224489795915,381,391,10,0,381,391,45641,1,1,0,0,0
2020-11-03,US,Texas,Kenedy,11,2,0,26.92601662,-97.66413984,48261.0,2722.772277227723,18.181818181818183,9,11,2,0,9,11,442,0,0,0,0,0
2020-11-03,US,Texas,Kent,12,0,0,33.18104136,-100.7780939,48263.0,1574.803149606299,0.0,12,12,0,0,12,12,726,0,0,0,0,0
2020-11-03,US,Texas,Kerr,714,14,0,30.06040006,-99.34930144,48265.0,1357.4144486692014,1.96078431372549,700,714,14,0,700,714,52405,0,0,0,0,0
2020-11-03,US,Texas,Kimble,33,2,0,30.48678918,-99.74856473,48267.0,760.8946276227807,6.0606060606060606,31,31,2,0,29,31,4362,2,0,0,2,0
2020-11-03,US,Texas,King,1,0,0,33.61643847,-100.2558057,48269.0,367.6470588235293,0.0,1,1,0,0,1,1,277,0,0,0,0,0
2020-11-03,US,Texas,Kinney,79,1,0,29.34967888,-100.41866379999999,48271.0,2154.3496045814013,1.2658227848101269,78,79,1,0,78,79,3767,0,0,0,0,0
2020-11-03,US,Texas,Kleberg,1036,53,0,27.42435506,-97.69894948,48273.0,3376.792698826597,5.115830115830116,983,1034,52,0,982,1034,31129,2,1,0,1,0
2020-11-03,US,Texas,Knox,114,9,0,33.60519951,-99.74229059999999,48275.0,3111.353711790393,7.894736842105262,105,114,9,0,105,114,3653,0,0,0,0,0
2020-11-03,US,Texas,La Salle,382,13,0,28.34453111,-99.09908775,48283.0,5079.787234042553,3.4031413612565444,369,381,13,0,368,381,7531,1,0,0,1,0
2020-11-03,US,Texas,Lamar,1953,49,0,33.66981763,-95.57404777,48277.0,3917.0460699171667,2.508960573476702,1904,1874,49,0,1825,1874,49728,79,0,0,79,0
2020-11-03,US,Texas,Lamb,616,24,0,34.06859623,-102.35162890000001,48279.0,4777.786395718607,3.8961038961038965,592,574,24,0,550,574,13158,42,0,0,42,0
2020-11-03,US,Texas,Lampasas,325,9,0,31.19531316,-98.24206613,48281.0,1516.7071121896586,2.769230769230769,316,316,9,0,307,315,21229,9,0,0,9,1
2020-11-03,US,Texas,Lavaca,1182,39,0,29.38508402,-96.93186692,48285.0,5864.840726406669,3.2994923857868015,1143,1177,39,0,1138,1177,20110,5,0,0,5,0
2020-11-03,US,Texas,Lee,246,15,0,30.31120597,-96.97045773,48287.0,1426.9969255757294,6.097560975609755,231,245,15,0,230,245,17144,1,0,0,1,0
2020-11-03,US,Texas,Leon,376,12,0,31.29872538,-95.9936328,48289.0,2160.4228912893586,3.191489361702128,364,375,12,0,363,372,17270,1,0,0,1,3
2020-11-03,US,Texas,Liberty,2316,59,0,30.15152688,-94.81205615,48291.0,2625.284802593545,2.547495682210708,2257,2316,59,0,2257,2312,86323,0,0,0,0,4
2020-11-03,US,Texas,Limestone,688,16,0,31.5454767,-96.58095444,48293.0,2935.5292912915475,2.3255813953488373,672,684,16,0,668,684,23519,4,0,0,4,0
2020-11-03,US,Texas,Lipscomb,74,1,0,36.27783108,-100.27331509999999,48295.0,2288.895762449737,1.351351351351351,73,74,1,0,73,74,3355,0,0,0,0,0
2020-11-03,US,Texas,Live Oak,393,10,0,28.35101362,-98.1246786,48297.0,3219.4642418284593,2.544529262086514,383,392,10,0,382,392,12166,1,0,0,1,0
2020-11-03,US,Texas,Llano,194,3,0,30.70645047,-98.68475262,48299.0,890.1124111034641,1.5463917525773196,191,189,3,0,186,189,21646,5,0,0,5,0
2020-11-03,US,Texas,Lubbock,20328,201,0,33.61008596,-101.82047890000001,48303.0,6545.405368855229,0.988783943329398,20127,19751,194,0,19557,19418,307412,577,7,0,570,333
2020-11-03,US,Texas,Lynn,213,6,0,33.17657705,-101.8162849,48305.0,3579.2303814484962,2.8169014084507036,207,198,6,0,192,198,5877,15,0,0,15,0
2020-11-03,US,Texas,Madison,771,8,0,30.96694679,-95.93003775,48313.0,5397.647717726127,1.0376134889753568,763,771,7,0,764,771,14422,0,1,0,-1,0
2020-11-03,US,Texas,Marion,174,14,0,32.79868409,-94.35661230000001,48315.0,1765.7803937487313,8.045977011494253,160,173,14,0,159,173,9928,1,0,0,1,0
2020-11-03,US,Texas,Martin,96,7,0,32.30600051,-101.9513518,48317.0,1663.489863108647,7.291666666666668,89,93,7,0,86,93,5753,3,0,0,3,0
2020-11-03,US,Texas,Mason,83,2,0,30.71780434,-99.22629416,48319.0,1941.9747309312118,2.409638554216868,81,83,2,0,81,83,4280,0,0,0,0,0
2020-11-03,US,Texas,Matagorda,1126,54,0,28.81955746,-96.01230294,48321.0,3072.892503343067,4.795737122557727,1072,1124,54,0,1070,1122,36552,2,0,0,2,2
2020-11-03,US,Texas,Maverick,4363,151,0,28.7429195,-100.3157686,48323.0,7429.924048908416,3.460921384368554,4212,4322,151,0,4171,4322,58485,41,0,0,41,0
2020-11-03,US,Texas,McCulloch,222,5,0,31.1925468,-99.34682807,48307.0,2780.561122244489,2.2522522522522523,217,220,5,0,215,220,7987,2,0,0,2,0
2020-11-03,US,Texas,McLennan,10450,147,0,31.55255453,-97.20217694,48309.0,4072.121360906856,1.4066985645933014,10303,10316,142,0,10174,10316,254607,134,5,0,129,0
2020-11-03,US,Texas,McMullen,25,1,0,28.35251708,-98.56769164,48311.0,3364.737550471063,4.0,24,25,1,0,24,25,749,0,0,0,0,0
2020-11-03,US,Texas,Medina,1292,49,0,29.355730100000002,-99.11030298,48325.0,2504.652605459057,3.792569659442724,1243,1294,49,0,1245,1294,50921,-2,0,0,-2,0
2020-11-03,US,Texas,Menard,78,0,0,30.88990665,-99.82047940000001,48327.0,3648.2694106641716,0.0,78,77,0,0,77,77,2139,1,0,0,1,0
2020-11-03,US,Texas,Midland,5843,98,0,31.86904128,-102.03156820000001,48329.0,3304.266196163591,1.6772206058531576,5745,5540,95,0,5445,5540,172578,303,3,0,300,0
2020-11-03,US,Texas,Milam,552,8,0,30.78581830000001,-96.97718698,48331.0,2223.7441082866694,1.4492753623188406,544,550,8,0,542,550,25131,2,0,0,2,0
2020-11-03,US,Texas,Mills,80,1,0,31.49557106,-98.59272068,48333.0,1641.6991586291813,1.25,79,79,1,0,78,79,4921,1,0,0,1,0
2020-11-03,US,Texas,Mitchell,212,2,0,32.30623474,-100.9212058,48335.0,2480.983031012288,0.9433962264150944,210,202,2,0,200,202,8145,10,0,0,10,0
2020-11-03,US,Texas,Montague,309,6,0,33.67521893,-97.72500958,48337.0,1559.1886164093246,1.9417475728155342,303,299,6,0,293,299,19596,10,0,0,10,0
2020-11-03,US,Texas,Montgomery,14231,183,0,30.30079133,-95.50572772,48339.0,2342.971825397479,1.2859250931065982,14048,14227,183,0,14044,14175,590925,4,0,0,4,52
2020-11-03,US,Texas,Moore,1372,22,0,35.83769242,-101.8930281,48341.0,6552.0534861509095,1.6034985422740524,1350,1352,22,0,1330,1352,21485,20,0,0,20,0
2020-11-03,US,Texas,Morris,240,5,0,33.11304005,-94.73255695,48343.0,1937.3587342589608,2.083333333333333,235,237,5,0,232,236,12339,3,0,0,3,1
2020-11-03,US,Texas,Motley,17,0,0,34.07408766,-100.77972199999999,48345.0,1416.666666666667,0.0,17,17,0,0,17,17,1234,0,0,0,0,0
2020-11-03,US,Texas,Nacogdoches,1827,72,0,31.62017125,-94.61803994,48347.0,2801.9753389362622,3.940886699507389,1755,1822,70,0,1752,1820,65711,5,2,0,3,2
2020-11-03,US,Texas,Navarro,1480,34,0,32.04620681,-96.47428766,48349.0,2953.325484405244,2.2972972972972974,1446,1472,34,0,1438,1472,49565,8,0,0,8,0
2020-11-03,US,Texas,Newton,190,14,0,30.78548982,-93.74408813,48351.0,1397.5726369988965,7.36842105263158,176,189,14,0,175,189,13746,1,0,0,1,0
2020-11-03,US,Texas,Nolan,448,7,0,32.30365282,-100.4060208,48353.0,3044.719314938154,1.5625,441,441,7,0,434,441,14751,7,0,0,7,0
2020-11-03,US,Texas,Nueces,21465,449,0,27.736286,-97.5433285,48355.0,5924.746200599513,2.091777311903098,21016,21432,449,0,20983,21378,362265,33,0,0,33,54
2020-11-03,US,Texas,Ochiltree,341,5,0,36.27829105,-100.8158184,48357.0,3466.856445709638,1.4662756598240467,336,338,5,0,333,338,9947,3,0,0,3,0
2020-11-03,US,Texas,Oldham,28,2,0,35.40425596,-102.6027606,48359.0,1325.7575757575758,7.142857142857142,26,27,2,0,25,27,2131,1,0,0,1,0
2020-11-03,US,Texas,Orange,2267,47,0,30.11879481,-93.89412775,48361.0,2718.355796441076,2.0732245258050286,2220,2267,46,0,2221,2267,83572,0,1,0,-1,0
2020-11-03,US,Texas,Palo Pinto,762,21,0,32.75310985,-98.31319001,48363.0,2610.5724759327145,2.755905511811024,741,745,21,0,724,745,28875,17,0,0,17,0
2020-11-03,US,Texas,Panola,490,30,0,32.163959600000005,-94.30552481,48365.0,2112.6153315512634,6.1224489795918355,460,489,30,0,459,486,23148,1,0,0,1,3
2020-11-03,US,Texas,Parker,2593,52,0,32.77757172,-97.80500621,48367.0,1814.835034085024,2.0053991515618974,2541,2528,52,0,2476,2528,138371,65,0,0,65,0
2020-11-03,US,Texas,Parmer,595,19,0,34.52993409,-102.78446679999999,48369.0,6194.6902654867245,3.1932773109243704,576,579,19,0,560,579,9864,16,0,0,16,0
2020-11-03,US,Texas,Pecos,526,8,0,30.78097267,-102.72412609999999,48371.0,3324.2747898628577,1.520912547528517,518,519,8,0,511,519,15673,7,0,0,7,0
2020-11-03,US,Texas,Polk,926,39,0,30.79472531,-94.82766240000001,48373.0,1803.2052655151601,4.211663066954643,887,918,36,0,882,918,50031,8,3,0,5,0
2020-11-03,US,Texas,Potter,8766,104,0,35.40133773,-101.893964,48375.0,7465.826342460503,1.1864020077572441,8662,8554,102,0,8452,8237,119648,212,2,0,210,317
2020-11-03,US,Texas,Presidio,180,7,0,29.99954402,-104.24080790000001,48377.0,2684.964200477327,3.888888888888889,173,174,7,0,167,174,6948,6,0,0,6,0
2020-11-03,US,Texas,Rains,97,5,0,32.87109387,-95.79232691,48379.0,775.1318523253958,5.154639175257731,92,97,5,0,92,97,12159,0,0,0,0,0
2020-11-03,US,Texas,Randall,5906,59,0,34.96585996,-101.8971322,48381.0,4288.6292506880245,0.9989840839823908,5847,5483,59,0,5424,5483,136271,423,0,0,423,0
2020-11-03,US,Texas,Reagan,97,6,0,31.36607041,-101.52326590000001,48383.0,2520.135100025981,6.185567010309278,91,97,6,0,91,97,3741,0,0,0,0,0
2020-11-03,US,Texas,Real,126,8,0,29.83321503,-99.82018052,48385.0,3650.057937427578,6.349206349206349,118,126,8,0,118,126,3478,0,0,0,0,0
2020-11-03,US,Texas,Red River,202,17,0,33.61886692,-95.04841765,48387.0,1680.113116526657,8.415841584158416,185,202,17,0,185,202,12175,0,0,0,0,0
2020-11-03,US,Texas,Reeves,292,7,0,31.32323325,-103.69038959999999,48389.0,1827.741612418628,2.3972602739726026,285,289,7,0,282,289,15695,3,0,0,3,0
2020-11-03,US,Texas,Refugio,314,16,0,28.323897600000002,-97.15766311,48391.0,4519.286125503742,5.095541401273885,298,314,16,0,298,314,7032,0,0,0,0,0
2020-11-03,US,Texas,Roberts,15,0,0,35.83809685,-100.813175,48393.0,1756.440281030445,0.0,15,15,0,0,15,15,903,0,0,0,0,0
2020-11-03,US,Texas,Robertson,436,4,0,31.02539637,-96.51272246,48395.0,2553.590254187654,0.9174311926605504,432,436,4,0,432,435,17284,0,0,0,0,1
2020-11-03,US,Texas,Rockwall,2046,33,0,32.89779518,-96.40771592,48397.0,1950.1501215269504,1.6129032258064515,2013,1988,33,0,1955,1988,100657,58,0,0,58,0
2020-11-03,US,Texas,Runnels,307,9,0,31.8314342,-99.97616148,48399.0,2991.0366328916602,2.931596091205212,298,303,9,0,294,303,10234,4,0,0,4,0
2020-11-03,US,Texas,Rusk,1057,28,0,32.10773545,-94.76176432,48401.0,1942.800426423556,2.6490066225165565,1029,1052,27,0,1025,1044,54450,5,1,0,4,8
2020-11-03,US,Texas,Sabine,105,9,0,31.34318809,-93.85440451,48403.0,996.01593625498,8.571428571428571,96,102,9,0,93,102,10589,3,0,0,3,0
2020-11-03,US,Texas,San Augustine,222,15,0,31.39457611,-94.17000399,48405.0,2695.156003399296,6.756756756756758,207,221,15,0,206,221,8232,1,0,0,1,0
2020-11-03,US,Texas,San Jacinto,242,13,0,30.57933681,-95.16260304,48407.0,838.5598946602446,5.371900826446281,229,242,13,0,229,242,28719,0,0,0,0,0
2020-11-03,US,Texas,San Patricio,1592,81,0,28.00880118,-97.51763891,48409.0,2385.7335531245317,5.087939698492463,1511,1592,81,0,1511,1592,66893,0,0,0,0,0
2020-11-03,US,Texas,San Saba,243,4,0,31.1577796,-98.81758731,48411.0,4013.212221304707,1.6460905349794241,239,242,3,0,239,242,6054,1,1,0,0,0
2020-11-03,US,Texas,Schleicher,55,2,0,30.89740592,-100.5384842,48413.0,1969.2087361260294,3.636363636363636,53,55,2,0,53,55,2895,0,0,0,0,0
2020-11-03,US,Texas,Scurry,1167,16,0,32.74613808,-100.91626640000001,48415.0,6986.768843920254,1.3710368466152527,1151,1140,16,0,1124,1140,16866,27,0,0,27,0
2020-11-03,US,Texas,Shackelford,40,0,0,32.73587756,-99.35401337,48417.0,1225.1148545176109,0.0,40,40,0,0,40,40,3253,0,0,0,0,0
2020-11-03,US,Texas,Shelby,561,31,0,31.79211404,-94.14550696,48419.0,2219.6723905990348,5.52584670231729,530,554,31,0,523,554,25418,7,0,0,7,0
2020-11-03,US,Texas,Sherman,79,1,0,36.27751473,-101.8933156,48421.0,2614.162806088683,1.2658227848101269,78,78,1,0,77,78,3079,1,0,0,1,0
2020-11-03,US,Texas,Smith,4682,145,0,32.37474036,-95.27175679999999,48423.0,2011.591786931098,3.096967108073473,4537,4633,145,0,4488,4633,230221,49,0,0,49,0
2020-11-03,US,Texas,Somervell,165,5,0,32.22236802,-97.77403489,48425.0,1807.624890446976,3.0303030303030303,160,160,5,0,155,160,9016,5,0,0,5,0
2020-11-03,US,Texas,Starr,3585,186,0,26.56150059,-98.73892358,48427.0,5546.702149056982,5.1882845188284525,3399,3585,186,0,3399,3585,64525,0,0,0,0,0
2020-11-03,US,Texas,Stephens,170,5,0,32.73553157,-98.83631615,48429.0,1815.0758061071963,2.9411764705882355,165,166,4,0,162,166,9433,4,1,0,3,0
2020-11-03,US,Texas,Sterling,21,0,0,31.82781912,-101.05007459999999,48431.0,1626.6460108443066,0.0,21,21,0,0,21,21,1311,0,0,0,0,0
2020-11-03,US,Texas,Stonewall,21,1,0,33.17906744,-100.25384009999999,48433.0,1555.5555555555554,4.761904761904762,20,21,1,0,20,21,1362,0,0,0,0,0
2020-11-03,US,Texas,Sutton,115,3,0,30.49856623,-100.5382014,48435.0,3045.550847457627,2.608695652173913,112,114,3,0,111,114,3758,1,0,0,1,0
2020-11-03,US,Texas,Swisher,162,5,0,34.53028891,-101.73491740000001,48437.0,2190.077058266865,3.08641975308642,157,161,5,0,156,161,7462,1,0,0,1,0
2020-11-03,US,Texas,Tarrant,69519,842,0,32.77143818,-97.29101614,48439.0,3306.468681555185,1.2111796774982382,68677,68803,836,0,67967,68233,2084931,716,6,0,710,570
2020-11-03,US,Texas,Taylor,2344,70,0,32.30163422,-99.89007449,48441.0,1698.132344205051,2.9863481228668936,2274,2322,69,0,2253,2298,137640,22,1,0,21,24
2020-11-03,US,Texas,Terrell,4,0,0,30.22429013,-102.0766732,48443.0,515.4639175257731,0.0,4,4,0,0,4,4,823,0,0,0,0,0
2020-11-03,US,Texas,Terry,641,10,0,33.17402785,-102.3354521,48445.0,5195.7526140877035,1.5600624024960998,631,626,10,0,616,626,12287,15,0,0,15,0
2020-11-03,US,Texas,Throckmorton,19,2,0,33.17751417,-99.21226795,48447.0,1265.822784810127,10.526315789473683,17,19,2,0,17,19,1515,0,0,0,0,0
2020-11-03,US,Texas,Titus,1757,36,0,33.21339719,-94.96797273,48449.0,5364.885496183206,2.0489470688673874,1721,1748,36,0,1712,1745,33033,9,0,0,9,3
2020-11-03,US,Texas,Tom Green,5184,82,0,31.40464436,-100.46244300000001,48451.0,4348.993288590605,1.5817901234567902,5102,5076,82,0,4994,5027,118189,108,0,0,108,49
2020-11-03,US,Texas,Travis,32451,456,0,30.33432034,-97.78535620000001,48453.0,2547.266227822983,1.4051955255616158,31995,32303,454,0,31849,32220,1248743,148,2,0,146,83
2020-11-03,US,Texas,Trinity,210,8,0,31.0879489,-95.1367187,48455.0,1433.349259436216,3.809523809523809,202,208,8,0,200,208,14740,2,0,0,2,0
2020-11-03,US,Texas,Tyler,276,4,0,30.77031716,-94.37690895,48457.0,1273.5326688815062,1.4492753623188406,272,273,4,0,269,273,21696,3,0,0,3,0
2020-11-03,US,Texas,Upshur,519,15,0,32.73706798,-94.93999853,48459.0,1243.0244533326947,2.8901734104046244,504,516,15,0,501,516,41260,3,0,0,3,0
2020-11-03,US,Texas,Upton,28,4,0,31.36868194,-102.0423217,48461.0,765.6549083948591,14.285714285714285,24,28,4,0,24,28,3671,0,0,0,0,0
2020-11-03,US,Texas,Uvalde,853,37,0,29.35739637,-99.76229172,48463.0,3189.858270072174,4.337631887456038,816,850,37,0,813,845,26846,3,0,0,3,5
2020-11-03,US,Texas,Val Verde,2637,129,0,29.89149232,-101.1525205,48465.0,5378.888322284549,4.891922639362912,2508,2637,128,0,2509,2637,49208,0,1,0,-1,0
2020-11-03,US,Texas,Van Zandt,726,29,0,32.56483801,-95.83766469,48467.0,1282.9121752959884,3.9944903581267215,697,719,29,0,690,719,56019,7,0,0,7,0
2020-11-03,US,Texas,Victoria,4324,98,0,28.79780988,-96.96813006,48469.0,4695.712610225446,2.266419981498613,4226,4302,98,0,4204,4302,92035,22,0,0,22,0
2020-11-03,US,Texas,Walker,3946,62,0,30.73872995,-95.57440968,48471.0,5407.627687711557,1.5712113532691332,3884,3963,62,0,3901,3959,72480,-17,0,0,-17,4
2020-11-03,US,Texas,Waller,1015,17,0,30.01058447,-95.99011759,48473.0,1837.2370850378309,1.6748768472906403,998,1015,17,0,998,1012,53126,0,0,0,0,3
2020-11-03,US,Texas,Ward,175,1,0,31.50999644,-103.09279090000001,48475.0,1458.5764294049009,0.5714285714285714,174,175,1,0,174,175,11720,0,0,0,0,0
2020-11-03,US,Texas,Washington,722,50,0,30.21498498,-96.40946246,48477.0,2012.1509391895652,6.9252077562326875,672,720,50,0,670,719,35108,2,0,0,2,1
2020-11-03,US,Texas,Webb,15477,356,0,27.7610369,-99.33237355,48479.0,5594.392955771149,2.3001873748142403,15121,15477,356,0,15121,15413,275910,0,0,0,0,64
2020-11-03,US,Texas,Wharton,1452,60,0,29.27765923,-96.22319248,48481.0,3494.0802772162865,4.132231404958676,1392,1472,60,0,1412,1471,41619,-20,0,0,-20,1
2020-11-03,US,Texas,Wheeler,98,0,0,35.40114335,-100.26995140000001,48483.0,1938.2911392405065,0.0,98,91,0,0,91,91,5191,7,0,0,7,0
2020-11-03,US,Texas,Wichita,4189,52,0,33.98842886,-98.70410340000001,48485.0,3167.964909627165,1.2413463833850562,4137,4001,49,0,3952,4001,132064,188,3,0,185,0
2020-11-03,US,Texas,Wilbarger,408,4,0,34.07945812,-99.24178437,48487.0,3195.2384681650874,0.9803921568627452,404,384,4,0,380,384,12820,24,0,0,24,0
2020-11-03,US,Texas,Willacy,1252,56,0,26.47411727,-97.61535848,48489.0,5861.972094765429,4.472843450479234,1196,1251,56,0,1195,1251,21515,1,0,0,1,0
2020-11-03,US,Texas,Williamson,9708,156,0,30.64655664,-97.60048540000001,48491.0,1643.8885041258081,1.6069221260815822,9552,9664,156,0,9508,9588,566719,44,0,0,44,76
2020-11-03,US,Texas,Wilson,1005,28,0,29.1732598,-98.08693082,48493.0,1967.8872136283533,2.7860696517412937,977,1005,28,0,977,1004,50224,0,0,0,0,1
2020-11-03,US,Texas,Winkler,153,5,0,31.85008651,-103.04851629999999,48495.0,1910.1123595505621,3.2679738562091503,148,153,5,0,148,153,7720,0,0,0,0,0
2020-11-03,US,Texas,Wise,998,16,0,33.21570665,-97.65460265,48497.0,1426.0402377686328,1.6032064128256514,982,965,16,0,949,965,68305,33,0,0,33,0
2020-11-03,US,Texas,Wood,672,41,0,32.78722382,-95.38236368,48499.0,1475.6582270142076,6.101190476190476,631,664,40,0,624,664,45129,8,1,0,7,0
2020-11-03,US,Texas,Yoakum,378,7,0,33.17320212,-102.82764329999999,48501.0,4338.3450017215655,1.851851851851852,371,338,7,0,331,338,8591,40,0,0,40,0
2020-11-03,US,Texas,Young,634,11,0,33.17659707,-98.68790885,48503.0,3520.266518600777,1.7350157728706626,623,620,11,0,609,620,18045,14,0,0,14,0
2020-11-03,US,Texas,Zapata,361,9,0,27.00156391,-99.16987152,48505.0,2546.018760138233,2.4930747922437675,352,358,9,0,349,358,14190,3,0,0,3,0
2020-11-03,US,Texas,Zavala,474,19,0,28.86617238,-99.76050829,48507.0,4003.3783783783783,4.008438818565401,455,470,19,0,451,470,11983,4,0,0,4,0
2020-11-03,US,Utah,Bear River,5721,19,0,41.52106798,-113.08328159999999,0.0,3062.3387468017,0.3321097710190526,5702,5652,19,0,5633,5614,,69,0,0,69,38
2020-11-03,US,Utah,Central Utah,1443,11,0,39.37231946,-111.5758676,0.0,1760.743831905703,0.7623007623007623,1432,1440,10,0,1430,1435,,3,1,0,2,5
2020-11-03,US,Utah,Davis,9266,43,0,40.99001837,-112.1139997,49011.0,2606.609073340066,0.4640621627455213,9223,9140,43,0,9097,9044,351713,126,0,0,126,96
2020-11-03,US,Utah,Salt Lake,51124,316,0,40.66616532,-111.92160109999999,49035.0,4405.581690345965,0.6181049996087943,50808,50461,313,0,50148,49887,1152633,663,3,0,660,574
2020-11-03,US,Utah,San Juan,847,30,0,37.62762978,-109.80337140000002,49037.0,5533.054611967596,3.541912632821724,817,847,30,0,817,848,15449,0,0,0,0,-1
2020-11-03,US,Utah,Southeast Utah,606,6,0,38.99617072,-110.70139579999999,0.0,1506.3759974148002,0.99009900990099,600,575,6,0,569,566,,31,0,0,31,9
2020-11-03,US,Utah,Southwest Utah,6741,57,0,37.85447192,-111.4418764,0.0,2674.55424095984,0.8455718736092568,6684,6632,57,0,6575,6568,,109,0,0,109,64
2020-11-03,US,Utah,Summit,1547,1,0,40.86688146,-110.9535882,49043.0,3670.6608138569227,0.06464124111182935,1546,1525,1,0,1524,1511,41933,22,0,0,22,14
2020-11-03,US,Utah,Tooele,1635,5,0,40.44862644,-113.12957150000001,49045.0,2262.693920480494,0.3058103975535168,1630,1615,4,0,1611,1597,69907,20,1,0,19,18
2020-11-03,US,Utah,TriCounty,597,3,0,40.12491499,-109.5174415,0.0,1054.3604959203135,0.5025125628140703,594,551,3,0,548,541,,46,0,0,46,10
2020-11-03,US,Utah,Utah,31095,84,0,40.116672200000004,-111.66576620000001,49049.0,4887.345084756419,0.27013989387361315,31011,30671,83,0,30588,30400,622213,424,1,0,423,271
2020-11-03,US,Utah,Wasatch,1259,9,0,40.33110236,-111.1691419,49051.0,3693.0568185151506,0.7148530579825259,1250,1227,9,0,1218,1219,33240,32,0,0,32,8
2020-11-03,US,Utah,Weber-Morgan,7494,36,0,41.27116049,-111.9145117,0.0,2751.7377367012195,0.4803843074459568,7458,7370,36,0,7334,7280,,124,0,0,124,90
2020-11-03,US,Vermont,Addison,125,2,0,44.03217337,-73.14130877,50001.0,339.8863420072328,1.6,123,124,2,0,122,124,36973,1,0,0,1,0
2020-11-03,US,Vermont,Bennington,142,1,0,43.03519828,-73.09048868,50003.0,400.3383140682267,0.7042253521126759,141,142,1,0,141,142,35631,0,0,0,0,0
2020-11-03,US,Vermont,Caledonia,48,0,0,44.46548598,-72.10314651,50005.0,160.0373420464775,0.0,48,46,0,0,46,46,30302,2,0,0,2,0
2020-11-03,US,Vermont,Chittenden,1038,39,0,44.46322849,-73.08359212,50007.0,633.8002369118419,3.757225433526012,999,1028,39,0,989,1009,164572,10,0,0,10,19
2020-11-03,US,Vermont,Essex,11,0,0,44.72736416,-71.73579864,50009.0,178.48450429985397,0.0,11,11,0,0,11,9,6250,0,0,0,0,2
2020-11-03,US,Vermont,Franklin,143,7,0,44.85627605,-72.91249563,50011.0,289.4619651026273,4.895104895104895,136,143,7,0,136,143,49421,0,0,0,0,0
2020-11-03,US,Vermont,Grand Isle,17,0,0,44.797582399999996,-73.29679772,50013.0,234.96890117484446,0.0,17,17,0,0,17,17,7090,0,0,0,0,0
2020-11-03,US,Vermont,Lamoille,63,1,0,44.60353043,-72.64356694,50015.0,248.403122782115,1.5873015873015872,62,63,1,0,62,63,25300,0,0,0,0,0
2020-11-03,US,Vermont,Orange,40,0,0,44.00470222,-72.37640104,50017.0,138.44662882458812,0.0,40,38,0,0,38,38,28999,2,0,0,2,0
2020-11-03,US,Vermont,Orleans,43,0,0,44.82964024,-72.24562697,50019.0,159.0413137552243,0.0,43,43,0,0,43,42,26907,0,0,0,0,1
2020-11-03,US,Vermont,Rutland,138,1,0,43.57723578,-73.03741676,50021.0,237.1500747538279,0.7246376811594203,137,137,1,0,136,137,58672,1,0,0,1,0
2020-11-03,US,Vermont,Unassigned,9,0,0,0.0,0.0,90050.0,0.0,0.0,9,8,0,0,8,8,,1,0,0,1,0
2020-11-03,US,Vermont,Washington,138,2,0,44.27343241,-72.61604978,50023.0,236.2649591672516,1.4492753623188406,136,137,2,0,135,137,58140,1,0,0,1,0
2020-11-03,US,Vermont,Windham,154,3,0,42.986982,-72.71268875,50025.0,364.73876178295683,1.9480519480519483,151,154,3,0,151,153,42756,0,0,0,0,1
2020-11-03,US,Vermont,Windsor,128,2,0,43.58010937,-72.58595157,50027.0,232.46522102357346,1.5625,126,128,2,0,126,128,55286,0,0,0,0,0
2020-11-03,US,Virginia,Accomack,1229,19,0,37.76707161,-75.63234615,51001.0,3803.069686842431,1.5459723352318961,1210,1229,19,0,1210,1227,32412,0,0,0,0,2
2020-11-03,US,Virginia,Albemarle,1619,24,0,38.02080697,-78.55481085,51003.0,1480.8378304216592,1.4823965410747375,1595,1616,24,0,1592,1612,108718,3,0,0,3,4
2020-11-03,US,Virginia,Alexandria,4377,74,0,38.814003,-77.08183073,51510.0,2745.439947813433,1.6906557002513136,4303,4363,74,0,4289,4349,160530,14,0,0,14,14
2020-11-03,US,Virginia,Alleghany,154,4,0,37.78636074,-80.00222498,51005.0,1036.3391655450876,2.5974025974025974,150,154,4,0,150,154,14910,0,0,0,0,0
2020-11-03,US,Virginia,Amelia,151,6,0,37.34081025,-77.98584649,51007.0,1148.7257512362116,3.9735099337748334,145,150,6,0,144,150,13013,1,0,0,1,0
2020-11-03,US,Virginia,Amherst,633,6,0,37.60308293,-79.14548696,51009.0,2002.8476506881823,0.9478672985781992,627,626,6,0,620,626,31666,7,0,0,7,0
2020-11-03,US,Virginia,Appomattox,317,6,0,37.37569884,-78.81340003,51011.0,1992.3323486895856,1.892744479495268,311,310,6,0,304,308,15841,7,0,0,7,2
2020-11-03,US,Virginia,Arlington,4813,154,0,38.8767675,-77.10139853,51013.0,2032.1564587362038,3.199667567006025,4659,4778,154,0,4624,4764,237521,35,0,0,35,14
2020-11-03,US,Virginia,Augusta,732,9,0,38.16404586,-79.12461614,51015.0,968.7921861351545,1.2295081967213115,723,719,9,0,710,718,75457,13,0,0,13,1
2020-11-03,US,Virginia,Bath,27,0,0,38.05852573,-79.73912095,51017.0,651.0730648661684,0.0,27,27,0,0,27,26,4292,0,0,0,0,1
2020-11-03,US,Virginia,Bedford,1330,18,0,37.3080028,-79.5281964,51019.0,1683.6082382875302,1.3533834586466165,1312,1319,18,0,1301,1308,78747,11,0,0,11,11
2020-11-03,US,Virginia,Bland,84,5,0,37.13128068,-81.13599391,51021.0,1337.5796178343946,5.9523809523809526,79,79,5,0,74,79,6293,5,0,0,5,0
2020-11-03,US,Virginia,Botetourt,491,13,0,37.55531756,-79.80982182,51023.0,1469.224094078219,2.6476578411405294,478,482,12,0,470,479,33277,9,1,0,8,3
2020-11-03,US,Virginia,Bristol,326,7,0,36.616302399999995,-82.16359122,51520.0,1944.8753132084478,2.147239263803681,319,321,7,0,314,314,16482,5,0,0,5,7
2020-11-03,US,Virginia,Brunswick,427,5,0,36.76366949,-77.8593436,51025.0,2630.768282915409,1.17096018735363,422,427,5,0,422,424,16384,0,0,0,0,3
2020-11-03,US,Virginia,Buchanan,278,4,0,37.26818323,-82.03749726,51027.0,1323.5574176347366,1.4388489208633093,274,278,4,0,274,276,21221,0,0,0,0,2
2020-11-03,US,Virginia,Buckingham,771,9,0,37.57242268,-78.52518834,51029.0,4496.151154653604,1.1673151750972763,762,764,9,0,755,763,16999,7,0,0,7,1
2020-11-03,US,Virginia,Buena Vista,132,1,0,37.73484642,-79.35296097,51530.0,2037.6659462797159,0.7575757575757576,131,129,1,0,128,129,6237,3,0,0,3,0
2020-11-03,US,Virginia,Campbell,803,9,0,37.20553386,-79.09678609,51031.0,1463.0591236221192,1.1207970112079702,794,787,9,0,778,784,54973,16,0,0,16,3
2020-11-03,US,Virginia,Caroline,455,6,0,38.02679129,-77.34901405,51033.0,1480.8787632221313,1.3186813186813189,449,451,6,0,445,450,30772,4,0,0,4,1
2020-11-03,US,Virginia,Carroll,645,29,0,36.73066666,-80.73455942,51035.0,2165.08341445403,4.496124031007752,616,636,29,0,607,635,29636,9,0,0,9,1
2020-11-03,US,Virginia,Charles City,106,5,0,37.35358063,-77.05634116,51036.0,1522.3323280195318,4.716981132075472,101,105,5,0,100,104,6941,1,0,0,1,1
2020-11-03,US,Virginia,Charlotte,227,1,0,37.01909701,-78.66314092,51037.0,1910.7744107744104,0.4405286343612335,226,225,1,0,224,225,11938,2,0,0,2,0
2020-11-03,US,Virginia,Charlottesville,1626,31,0,38.03527919,-78.48569588,51540.0,3440.104938010409,1.906519065190652,1595,1626,31,0,1595,1625,48117,0,0,0,0,1
2020-11-03,US,Virginia,Chesapeake,5077,80,0,36.67670048,-76.30545744,51550.0,2073.641431984806,1.5757337010045305,4997,5058,79,0,4979,5038,242634,19,1,0,18,20
2020-11-03,US,Virginia,Chesterfield,7361,120,0,37.37373208,-77.58680140000001,51041.0,2086.4394192776685,1.6302132862382828,7241,7320,120,0,7200,7302,348556,41,0,0,41,18
2020-11-03,US,Virginia,Clarke,127,1,0,39.11271747,-77.99199425,51043.0,868.732471441275,0.7874015748031497,126,125,1,0,124,125,14523,2,0,0,2,0
2020-11-03,US,Virginia,Colonial Heights,319,26,0,37.26420587,-77.39609676,51570.0,1836.4997121473805,8.150470219435737,293,320,26,0,294,317,17833,-1,0,0,-1,3
2020-11-03,US,Virginia,Covington,53,0,0,37.7824656,-79.98631446,51580.0,957.024196460816,0.0,53,53,0,0,53,50,5460,0,0,0,0,3
2020-11-03,US,Virginia,Craig,64,0,0,37.48133648,-80.21072274,51045.0,1247.3202104852855,0.0,64,62,0,0,62,61,5064,2,0,0,2,1
2020-11-03,US,Virginia,Culpeper,1416,18,0,38.48199985,-77.95630870000002,51047.0,2691.759338465925,1.2711864406779658,1398,1410,18,0,1392,1401,51859,6,0,0,6,9
2020-11-03,US,Virginia,Cumberland,128,2,0,37.51328851,-78.24398086,51049.0,1288.763592428514,1.5625,126,127,2,0,125,126,9809,1,0,0,1,1
2020-11-03,US,Virginia,Danville,1281,45,0,36.58022376,-79.40395668,51590.0,3198.981120767156,3.5128805620608903,1236,1268,44,0,1224,1253,40693,13,1,0,12,15
2020-11-03,US,Virginia,Dickenson,158,1,0,37.12560977,-82.35124171,51051.0,1103.506076267635,0.6329113924050633,157,156,1,0,155,155,14523,2,0,0,2,1
2020-11-03,US,Virginia,Dinwiddie,554,12,0,37.07544585,-77.63451754,51053.0,1940.863228699552,2.166064981949458,542,540,12,0,528,540,28529,14,0,0,14,0
2020-11-03,US,Virginia,Emporia,301,28,0,36.69455571,-77.53406129,51595.0,5630.377852600074,9.30232558139535,273,300,28,0,272,300,5121,1,0,0,1,0
2020-11-03,US,Virginia,Essex,201,2,0,37.93357639,-76.94230311,51057.0,1835.1136674883594,0.9950248756218906,199,201,2,0,199,201,10919,0,0,0,0,0
2020-11-03,US,Virginia,Fairfax,24458,604,0,38.83677558,-77.27565836,51059.0,2131.356685478052,2.4695396189385885,23854,24399,605,0,23794,24233,1150795,59,-1,0,60,166
2020-11-03,US,Virginia,Fairfax,24458,604,0,38.83677558,-77.27565836,51059.0,2131.356685478052,2.4695396189385885,23854,24399,605,0,23794,24233,24574,59,-1,0,60,166
2020-11-03,US,Virginia,Fairfax City,165,8,0,38.85157547,-77.29779640000002,51600.0,686.9561597068987,4.848484848484849,157,165,8,0,157,164,24574,0,0,0,0,1
2020-11-03,US,Virginia,Falls Church,78,7,0,38.88485255,-77.17560759,51610.0,533.6252308955326,8.974358974358974,71,78,7,0,71,78,14772,0,0,0,0,0
2020-11-03,US,Virginia,Fauquier,1128,27,0,38.73564842,-77.80647472,51061.0,1583.7802926062172,2.3936170212765955,1101,1129,27,0,1102,1122,70675,-1,0,0,-1,7
2020-11-03,US,Virginia,Floyd,261,15,0,36.9302126,-80.36738849,51063.0,1657.2480792431265,5.747126436781608,246,259,15,0,244,257,15795,2,0,0,2,2
2020-11-03,US,Virginia,Fluvanna,436,9,0,37.84157909,-78.27715475,51065.0,1598.8265493215988,2.0642201834862384,427,436,9,0,427,436,26783,0,0,0,0,0
2020-11-03,US,Virginia,Franklin,999,7,0,36.99536167,-79.88023649,51067.0,1782.5916277077906,0.7007007007007007,992,963,6,0,957,945,56195,36,1,0,35,18
2020-11-03,US,Virginia,Franklin,999,7,0,36.99536167,-79.88023649,51067.0,1782.5916277077906,0.7007007007007007,992,963,6,0,957,945,8013,36,1,0,35,18
2020-11-03,US,Virginia,Franklin City,514,13,0,36.6831435,-76.93859681,51620.0,6451.612903225807,2.5291828793774314,501,508,13,0,495,508,8013,6,0,0,6,0
2020-11-03,US,Virginia,Frederick,1240,13,0,39.20172582,-78.25974949,51069.0,1388.3757123822961,1.0483870967741935,1227,1229,13,0,1216,1215,88355,11,0,0,11,14
2020-11-03,US,Virginia,Fredericksburg,603,6,0,38.2977863,-77.4922454,51630.0,2076.7323322771726,0.9950248756218906,597,600,6,0,594,599,29144,3,0,0,3,1
2020-11-03,US,Virginia,Galax,466,30,0,36.66601852,-80.91703124,51640.0,7342.05136284859,6.437768240343348,436,463,30,0,433,460,6423,3,0,0,3,3
2020-11-03,US,Virginia,Giles,153,0,0,37.31234791,-80.70636931,51071.0,915.0717703349285,0.0,153,149,0,0,149,146,16844,4,0,0,4,3
2020-11-03,US,Virginia,Gloucester,358,3,0,37.40809042,-76.53524337,51073.0,958.5519974295813,0.8379888268156425,355,359,3,0,356,357,37349,-1,0,0,-1,2
2020-11-03,US,Virginia,Goochland,341,7,0,37.71714806,-77.90381514,51075.0,1435.6081337094265,2.0527859237536656,334,340,7,0,333,340,23244,1,0,0,1,0
2020-11-03,US,Virginia,Grayson,403,19,0,36.65677234,-81.23215889,51077.0,2591.639871382637,4.714640198511166,384,396,19,0,377,395,15631,7,0,0,7,1
2020-11-03,US,Virginia,Greene,300,3,0,38.29545894,-78.46525378,51079.0,1513.6989757303595,1.0,297,299,3,0,296,298,19779,1,0,0,1,1
2020-11-03,US,Virginia,Greensville,911,15,0,36.67878901,-77.56351439,51081.0,8036.344389555399,1.6465422612513718,896,910,15,0,895,909,11627,1,0,0,1,1
2020-11-03,US,Virginia,Halifax,565,8,0,36.76654925,-78.93512622,51083.0,1666.126035799593,1.4159292035398232,557,559,8,0,551,553,34120,6,0,0,6,6
2020-11-03,US,Virginia,Hampton,2215,33,0,37.03513786,-76.35879121,51650.0,1646.7177161549328,1.489841986455982,2182,2202,33,0,2169,2199,134313,13,0,0,13,3
2020-11-03,US,Virginia,Hanover,1747,44,0,37.7583355,-77.49464673,51085.0,1621.1049867305087,2.518603319977104,1703,1736,44,0,1692,1721,107239,11,0,0,11,15
2020-11-03,US,Virginia,Harrisonburg,3146,35,0,38.43542574,-78.87536254,51660.0,5934.057642975706,1.112523839796567,3111,3136,35,0,3101,3135,54033,10,0,0,10,1
2020-11-03,US,Virginia,Henrico,6619,240,0,37.53460572,-77.39326555,51087.0,2000.7980218730536,3.6259253663695423,6379,6569,240,0,6329,6526,329261,50,0,0,50,43
2020-11-03,US,Virginia,Henry,1412,32,0,36.68542395,-79.87634026,51089.0,2792.887236188856,2.26628895184136,1380,1401,32,0,1369,1397,50953,11,0,0,11,4
2020-11-03,US,Virginia,Highland,10,0,0,38.35799465,-79.56124594,51091.0,456.6210045662101,0.0,10,10,0,0,10,10,2210,0,0,0,0,0
2020-11-03,US,Virginia,Hopewell,531,8,0,37.29186313,-77.29754684,51670.0,2356.9621376892005,1.5065913370998116,523,530,8,0,522,529,22596,1,0,0,1,1
2020-11-03,US,Virginia,Isle of Wight,888,26,0,36.90579348,-76.70842863,51093.0,2392.9504971839715,2.927927927927928,862,885,26,0,859,883,36953,3,0,0,3,2
2020-11-03,US,Virginia,James City,981,22,0,37.31156958,-76.76950618,51095.0,1281.9675130352964,2.2426095820591234,959,975,22,0,953,969,76397,6,0,0,6,6
2020-11-03,US,Virginia,King George,296,5,0,38.26818502,-77.15852768,51099.0,1102.9959755552243,1.6891891891891893,291,292,5,0,287,290,26575,4,0,0,4,2
2020-11-03,US,Virginia,King William,217,5,0,37.70965316,-77.09384941,51101.0,1265.453697224166,2.3041474654377883,212,214,5,0,209,213,16939,3,0,0,3,1
2020-11-03,US,Virginia,King and Queen,88,2,0,37.71044922,-76.88689628,51097.0,1252.6690391459074,2.272727272727273,86,88,2,0,86,87,7042,0,0,0,0,1
2020-11-03,US,Virginia,Lancaster,206,1,0,37.71889653,-76.46400482,51103.0,1942.8463642365368,0.4854368932038835,205,206,1,0,205,204,10783,0,0,0,0,2
2020-11-03,US,Virginia,Lee,592,10,0,36.70586667,-83.12606515,51105.0,2527.430303547795,1.6891891891891893,582,589,10,0,579,579,23541,3,0,0,3,10
2020-11-03,US,Virginia,Lexington,261,1,0,37.78258621,-79.44262866,51678.0,3505.237711522965,0.3831417624521073,260,258,1,0,257,257,7136,3,0,0,3,1
2020-11-03,US,Virginia,Loudoun,8105,132,0,39.08990083,-77.63481877,51107.0,1959.9166219307529,1.6286243059839605,7973,8048,132,0,7916,8048,406850,57,0,0,57,0
2020-11-03,US,Virginia,Louisa,415,8,0,37.97850256,-77.96274807,51109.0,1103.9876566199357,1.9277108433734942,407,416,8,0,408,414,36778,-1,0,0,-1,2
2020-11-03,US,Virginia,Lunenburg,156,4,0,36.94618528,-78.24133319,51111.0,1279.1079042308954,2.5641025641025643,152,156,4,0,152,156,12086,0,0,0,0,0
2020-11-03,US,Virginia,Lynchburg,2118,27,0,37.40021399,-79.19888138,51680.0,2577.645798851135,1.274787535410765,2091,2102,27,0,2075,2091,82126,16,0,0,16,11
2020-11-03,US,Virginia,Madison,149,3,0,38.41531222,-78.28220331,51113.0,1123.5955056179776,2.0134228187919465,146,149,3,0,146,145,13295,0,0,0,0,4
2020-11-03,US,Virginia,Manassas,2066,27,0,38.7464321,-77.48509905,51683.0,5028.599245466716,1.3068731848983544,2039,2065,27,0,2038,2058,41641,1,0,0,1,7
2020-11-03,US,Virginia,Manassas Park,662,8,0,38.77058531,-77.44399307,51685.0,3787.618720677423,1.2084592145015105,654,660,8,0,652,657,17307,2,0,0,2,3
2020-11-03,US,Virginia,Martinsville,500,25,0,36.68212094,-79.86352771,51690.0,3982.794328500877,5.0,475,497,25,0,472,497,12902,3,0,0,3,0
2020-11-03,US,Virginia,Mathews,137,0,0,37.44164146,-76.34098896,51115.0,1550.826352728096,0.0,137,137,0,0,137,137,8802,0,0,0,0,0
2020-11-03,US,Virginia,Mecklenburg,909,35,0,36.67882005,-78.36131056,51117.0,2971.8507862817537,3.8503850385038505,874,908,35,0,873,904,30650,1,0,0,1,4
2020-11-03,US,Virginia,Middlesex,148,11,0,37.63191998,-76.55064617,51119.0,1398.6013986013986,7.432432432432432,137,148,11,0,137,148,10769,0,0,0,0,0
2020-11-03,US,Virginia,Montgomery,3009,5,0,37.17746986,-80.37868691,51121.0,3053.7372507230934,0.16616816218012628,3004,2977,5,0,2972,2958,98985,32,0,0,32,19
2020-11-03,US,Virginia,Nelson,142,2,0,37.78790447,-78.88498513,51125.0,951.1051574012056,1.4084507042253518,140,142,2,0,140,141,14836,0,0,0,0,1
2020-11-03,US,Virginia,New Kent,306,3,0,37.50694406,-76.99828634,51127.0,1325.1916331038067,0.9803921568627452,303,302,3,0,299,302,22391,4,0,0,4,0
2020-11-03,US,Virginia,Newport News,3308,51,0,37.08166899,-76.51754109,51700.0,1845.7246477890922,1.5417170495767836,3257,3291,51,0,3240,3282,178626,17,0,0,17,9
2020-11-03,US,Virginia,Norfolk,5563,84,0,36.89934014,-76.26420872,51710.0,2291.733610170469,1.5099766313140393,5479,5534,84,0,5450,5494,244076,29,0,0,29,40
2020-11-03,US,Virginia,Northampton,320,31,0,37.34062933,-75.87751591,51131.0,2732.707087959009,9.6875,289,320,31,0,289,320,11735,0,0,0,0,0
2020-11-03,US,Virginia,Northumberland,226,7,0,37.89202088,-76.41949732,51133.0,1868.5407193054984,3.0973451327433628,219,226,7,0,219,226,12147,0,0,0,0,0
2020-11-03,US,Virginia,Norton,54,0,0,36.93357076,-82.62750411,51720.0,1356.443104747551,0.0,54,52,0,0,52,52,3968,2,0,0,2,0
2020-11-03,US,Virginia,Nottoway,373,21,0,37.1435975,-78.05065922,51135.0,2448.7920168067226,5.630026809651475,352,369,21,0,348,368,15420,4,0,0,4,1
2020-11-03,US,Virginia,Orange,433,5,0,38.24530219,-78.01560400000002,51137.0,1168.659415400394,1.1547344110854505,428,430,5,0,425,427,36644,3,0,0,3,3
2020-11-03,US,Virginia,Page,495,31,0,38.61807452,-78.48797204,51139.0,2070.9564053217305,6.262626262626263,464,489,31,0,458,488,23933,6,0,0,6,1
2020-11-03,US,Virginia,Patrick,340,27,0,36.680163799999995,-80.2865648,51141.0,1930.940481599273,7.9411764705882355,313,337,27,0,310,337,17673,3,0,0,3,0
2020-11-03,US,Virginia,Petersburg,971,30,0,37.20530399,-77.39368102,51730.0,3097.68391501308,3.0895983522142116,941,956,30,0,926,955,31567,15,0,0,15,1
2020-11-03,US,Virginia,Pittsylvania,1388,17,0,36.81980341,-79.39731264,51143.0,2299.764721476621,1.2247838616714697,1371,1382,17,0,1365,1373,60949,6,0,0,6,9
2020-11-03,US,Virginia,Poquoson,104,2,0,37.14259351,-76.35798148,51735.0,847.5266889414065,1.9230769230769231,102,105,2,0,103,102,12190,-1,0,0,-1,3
2020-11-03,US,Virginia,Portsmouth,2875,69,0,36.85914825,-76.35971629,51740.0,3045.6153732070593,2.4,2806,2871,69,0,2802,2865,94632,4,0,0,4,6
2020-11-03,US,Virginia,Powhatan,324,5,0,37.55016038,-77.91267882,51145.0,1092.6750303520841,1.5432098765432098,319,324,5,0,319,324,29189,0,0,0,0,0
2020-11-03,US,Virginia,Prince Edward,787,13,0,37.22554789,-78.43597949,51147.0,3451.4516270502586,1.6518424396442186,774,783,13,0,770,783,22950,4,0,0,4,0
2020-11-03,US,Virginia,Prince George,1161,7,0,37.18497668,-77.22922187,51149.0,3027.1425964070613,0.602928509905254,1154,1124,7,0,1117,1124,38082,37,0,0,37,0
2020-11-03,US,Virginia,Prince William,14768,223,0,38.70916224,-77.48713689,51153.0,3139.889653119585,1.5100216684723726,14545,14660,223,0,14437,14554,468011,108,0,0,108,106
2020-11-03,US,Virginia,Pulaski,322,6,0,37.06474963,-80.71229738,51155.0,946.3073441678669,1.8633540372670807,316,318,6,0,312,314,34066,4,0,0,4,4
2020-11-03,US,Virginia,Radford,977,1,0,37.12222899,-80.56027320000003,51750.0,5353.71801194586,0.1023541453428864,976,967,1,0,966,964,18339,10,0,0,10,3
2020-11-03,US,Virginia,Rappahannock,69,2,0,38.68295619,-78.15826963,51157.0,936.2279511533244,2.898550724637681,67,69,2,0,67,70,7252,0,0,0,0,-1
2020-11-03,US,Virginia,Richmond,373,4,0,37.937575,-76.72920628,51159.0,4133.880084229192,1.0723860589812333,369,374,4,0,370,371,9038,-1,0,0,-1,3
2020-11-03,US,Virginia,Richmond City,5521,78,0,37.53255773,-77.47966921,51760.0,2395.893002829419,1.4127875384894042,5443,5499,78,0,5421,5456,228783,22,0,0,22,43
2020-11-03,US,Virginia,Roanoke,1724,15,0,37.26865804,-80.06396753,51161.0,1830.4206569978555,0.8700696055684455,1709,1688,15,0,1673,1651,94073,36,0,0,36,37
2020-11-03,US,Virginia,Roanoke City,3051,43,0,37.27791025,-79.96189766,51770.0,3077.3730873586637,1.4093739757456571,3008,2983,43,0,2940,2951,99920,68,0,0,68,32
2020-11-03,US,Virginia,Rockbridge,159,3,0,37.81204314,-79.44605905,51163.0,704.3813405395829,1.8867924528301887,156,155,3,0,152,155,22752,4,0,0,4,0
2020-11-03,US,Virginia,Rockingham,1827,27,0,38.51006137,-78.87260325,51165.0,2229.4625860301653,1.477832512315271,1800,1822,27,0,1795,1820,81244,5,0,0,5,2
2020-11-03,US,Virginia,Russell,543,8,0,36.93028320000001,-82.10095486,51167.0,2042.4283457458807,1.4732965009208103,535,537,8,0,529,527,26748,6,0,0,6,10
2020-11-03,US,Virginia,Salem,631,11,0,37.2836193,-80.06219455,51775.0,2493.97257025414,1.7432646592709984,620,621,10,0,611,613,25643,10,1,0,9,8
2020-11-03,US,Virginia,Scott,474,7,0,36.71466456,-82.60171704,51169.0,2197.90410831865,1.4767932489451476,467,464,7,0,457,461,21534,10,0,0,10,3
2020-11-03,US,Virginia,Shenandoah,1024,61,0,38.85905135,-78.56813762,51171.0,2347.762289068232,5.95703125,963,1011,61,0,950,999,43497,13,0,0,13,12
2020-11-03,US,Virginia,Smyth,675,27,0,36.84455636,-81.53344948,51173.0,2242.2269465851714,4.0,648,668,27,0,641,655,30472,7,0,0,7,13
2020-11-03,US,Virginia,Southampton,939,38,0,36.72231125,-77.10642712,51175.0,5325.846520333504,4.046858359957401,901,937,38,0,899,936,17586,2,0,0,2,1
2020-11-03,US,Virginia,Spotsylvania,2529,55,0,38.18574462,-77.655399,51177.0,1856.6237198546412,2.174772637406089,2474,2518,55,0,2463,2509,134238,11,0,0,11,9
2020-11-03,US,Virginia,Stafford,2480,22,0,38.41758738,-77.45917053,51179.0,1622.1661150429745,0.8870967741935484,2458,2464,21,0,2443,2452,149960,16,1,0,15,12
2020-11-03,US,Virginia,Staunton,432,4,0,38.15965544,-79.05979937,51790.0,1732.712979303706,0.925925925925926,428,426,4,0,422,426,24922,6,0,0,6,0
2020-11-03,US,Virginia,Suffolk,2364,78,0,36.70155394,-76.63603554,51800.0,2566.5523081599868,3.2994923857868015,2286,2355,78,0,2277,2346,91185,9,0,0,9,9
2020-11-03,US,Virginia,Surry,141,5,0,37.11781893,-76.88450012,51181.0,2195.5777016505763,3.5460992907801416,136,142,5,0,137,142,6474,-1,0,0,-1,0
2020-11-03,US,Virginia,Sussex,643,13,0,36.92432914,-77.25791182,51183.0,5762.16506855453,2.021772939346812,630,643,13,0,630,643,11237,0,0,0,0,0
2020-11-03,US,Virginia,Tazewell,572,2,0,37.12191123,-81.56685568,51185.0,1409.040522231802,0.34965034965034963,570,566,2,0,564,557,40855,6,0,0,6,9
2020-11-03,US,Virginia,Virginia Beach,8351,108,0,36.73285734,-76.04566934,51810.0,1855.8850066892755,1.2932582924200695,8243,8248,107,0,8141,8184,450189,103,1,0,102,64
2020-11-03,US,Virginia,Warren,634,22,0,38.90847745,-78.20280433,51187.0,1578.5280350562691,3.470031545741325,612,627,21,0,606,621,40003,7,1,0,6,6
2020-11-03,US,Virginia,Washington,1122,28,0,36.72341572,-81.95666289,51191.0,2087.830294008188,2.4955436720142603,1094,1105,26,0,1079,1078,54402,17,2,0,15,27
2020-11-03,US,Virginia,Waynesboro,407,4,0,38.06451466,-78.90293905,51820.0,1798.497569597879,0.9828009828009828,403,407,4,0,403,407,22628,0,0,0,0,0
2020-11-03,US,Virginia,Westmoreland,353,5,0,38.11021557,-76.80213247,51193.0,1959.4782126006103,1.4164305949008498,348,353,5,0,348,351,17830,0,0,0,0,2
2020-11-03,US,Virginia,Williamsburg,230,8,0,37.28131268,-76.70905141,51830.0,1538.050020061522,3.4782608695652173,222,228,8,0,220,225,14896,2,0,0,2,3
2020-11-03,US,Virginia,Winchester,664,4,0,39.17054517,-78.17325058,51840.0,2364.840800626825,0.6024096385542169,660,653,5,0,648,643,28108,11,-1,0,12,10
2020-11-03,US,Virginia,Wise,734,10,0,36.9746148,-82.62410519,51195.0,1963.4593264318005,1.3623978201634876,724,722,10,0,712,712,38012,12,0,0,12,10
2020-11-03,US,Virginia,Wythe,356,7,0,36.91582035,-81.07834059,51197.0,1241.1100264956074,1.9662921348314608,349,354,7,0,347,353,28754,2,0,0,2,1
2020-11-03,US,Virginia,York,665,9,0,37.24374789,-76.54412815,51199.0,973.9308728763913,1.3533834586466165,656,661,9,0,652,658,67846,4,0,0,4,3
2020-11-03,US,Washington,Adams,943,11,0,46.98299757,-118.56017340000001,53001.0,4719.0111594855625,1.1664899257688228,932,939,11,0,928,935,19759,4,0,0,4,4
2020-11-03,US,Washington,Asotin,308,8,0,46.18894415,-117.2022851,53003.0,1363.9181649101054,2.5974025974025974,300,301,8,0,293,294,22610,7,0,0,7,7
2020-11-03,US,Washington,Benton,5530,135,0,46.23946995,-119.51208340000001,53005.0,2705.611820539165,2.4412296564195297,5395,5442,135,0,5307,5385,201877,88,0,0,88,57
2020-11-03,US,Washington,Chelan,2039,17,0,47.87046092,-120.6173956,53007.0,2641.19170984456,0.8337420304070623,2022,2033,17,0,2016,2025,77036,6,0,0,6,8
2020-11-03,US,Washington,Clallam,273,1,0,48.04754642,-123.92263190000001,53009.0,353.02789308298094,0.3663003663003663,272,272,1,0,271,271,76737,1,0,0,1,1
2020-11-03,US,Washington,Clark,4678,81,0,45.77568046,-122.48292040000001,53011.0,958.1333808508502,1.7315091919623768,4597,4615,79,0,4536,4566,481857,63,2,0,61,49
2020-11-03,US,Washington,Columbia,17,1,0,46.29442881,-117.9051983,53013.0,426.59974905897116,5.882352941176472,16,17,1,0,16,17,4059,0,0,0,0,0
2020-11-03,US,Washington,Cowlitz,849,7,0,46.19074721,-122.6782231,53015.0,767.679690396318,0.8244994110718492,842,840,7,0,833,832,108987,9,0,0,9,8
2020-11-03,US,Washington,Douglas,1244,11,0,47.7361335,-119.69293700000001,53017.0,2864.4454166570727,0.8842443729903537,1233,1244,11,0,1233,1243,42907,0,0,0,0,1
2020-11-03,US,Washington,Ferry,35,1,0,48.471143100000006,-118.5154041,53019.0,458.89602727153533,2.8571428571428568,34,35,0,0,35,35,7649,0,1,0,-1,0
2020-11-03,US,Washington,Franklin,5005,69,0,46.53351425,-118.9018212,53021.0,5256.138287370565,1.3786213786213786,4936,4980,68,0,4912,4948,94347,25,1,0,24,32
2020-11-03,US,Washington,Garfield,31,0,0,46.43197502,-117.54540320000001,53023.0,1393.258426966292,0.0,31,27,0,0,27,26,2247,4,0,0,4,1
2020-11-03,US,Washington,Grant,3400,29,0,47.20753737,-119.4500749,53025.0,3478.865889719951,0.8529411764705882,3371,3396,28,0,3368,3382,97331,4,1,0,3,14
2020-11-03,US,Washington,Grays Harbor,737,11,0,47.14003705,-123.7820567,53027.0,981.8680806277561,1.492537313432836,726,737,11,0,726,726,73901,0,0,0,0,11
2020-11-03,US,Washington,Island,412,12,0,48.14713305,-122.5216407,53029.0,483.90317238463257,2.9126213592233015,400,408,12,0,396,404,84460,4,0,0,4,4
2020-11-03,US,Washington,Jefferson,89,0,0,47.75003077,-123.56097040000002,53031.0,276.21737376245306,0.0,89,89,0,0,89,88,31729,0,0,0,0,1
2020-11-03,US,Washington,King,28337,821,0,47.49137892,-121.8346131,53033.0,1257.8669396328628,2.897272117725941,27516,28223,817,0,27406,27951,2233163,114,4,0,110,272
2020-11-03,US,Washington,Kitsap,1612,22,0,47.63479026,-122.6436061,53035.0,593.7975415603025,1.3647642679900744,1590,1600,22,0,1578,1575,269805,12,0,0,12,25
2020-11-03,US,Washington,Kittitas,776,22,0,47.12521214,-120.67943899999999,53037.0,1618.8588713883387,2.8350515463917527,754,776,22,0,754,775,47364,0,0,0,0,1
2020-11-03,US,Washington,Klickitat,211,3,0,45.87325839,-120.7913598,53039.0,940.9141583054628,1.4218009478672986,208,213,3,0,210,214,22107,-2,0,0,-2,-1
2020-11-03,US,Washington,Lewis,766,13,0,46.57756476,-122.39257690000001,53041.0,949.1122207491296,1.6971279373368149,753,761,13,0,748,757,79604,5,0,0,5,4
2020-11-03,US,Washington,Lincoln,82,2,0,47.57705241,-118.41943880000001,53043.0,749.6114818539172,2.4390243902439024,80,81,2,0,79,81,10740,1,0,0,1,0
2020-11-03,US,Washington,Mason,543,10,0,47.35007586,-123.1863685,53045.0,813.2638389647735,1.8416206261510129,533,542,10,0,532,540,65507,1,0,0,1,2
2020-11-03,US,Washington,Okanogan,1129,11,0,48.54855019,-119.73872240000001,53047.0,2672.632152072533,0.9743135518157662,1118,1126,11,0,1115,1124,42132,3,0,0,3,2
2020-11-03,US,Washington,Pacific,122,3,0,46.55418369,-123.7285716,53049.0,542.9219883405278,2.459016393442623,119,121,3,0,118,119,22036,1,0,0,1,2
2020-11-03,US,Washington,Pend Oreille,152,1,0,48.53234021,-117.2741804,53051.0,1107.5488195861265,0.6578947368421053,151,150,1,0,149,148,13602,2,0,0,2,2
2020-11-03,US,Washington,Pierce,10685,231,0,47.03892768,-122.14059579999999,53053.0,1180.6890760016795,2.1619092185306505,10454,10616,229,0,10387,10514,891299,69,2,0,67,102
2020-11-03,US,Washington,San Juan,34,0,0,48.60182783,-122.96745,53055.0,193.37959276532814,0.0,34,34,0,0,34,34,17128,0,0,0,0,0
2020-11-03,US,Washington,Skagit,1304,25,0,48.48171488,-121.766131,53057.0,1009.2488680778607,1.9171779141104293,1279,1296,25,0,1271,1287,128206,8,0,0,8,9
2020-11-03,US,Washington,Skamania,73,1,0,46.02408726,-121.91644029999999,53059.0,604.1545973682033,1.3698630136986298,72,73,1,0,72,73,11924,0,0,0,0,0
2020-11-03,US,Washington,Snohomish,9233,235,0,48.04615983,-121.7170703,53061.0,1123.1226044085572,2.5452182389255933,8998,9125,234,0,8891,9024,814901,108,1,0,107,101
2020-11-03,US,Washington,Spokane,10101,207,0,47.62113146,-117.4046494,53063.0,1932.1037953473426,2.049302049302049,9894,10035,204,0,9831,9882,514631,66,3,0,63,153
2020-11-03,US,Washington,Stevens,293,5,0,48.40035475,-117.8542701,53065.0,640.8153445749404,1.706484641638225,288,287,5,0,282,282,45260,6,0,0,6,5
2020-11-03,US,Washington,Thurston,1745,35,0,46.9291895,-122.82906559999999,53067.0,600.6140375030977,2.005730659025788,1710,1728,33,0,1695,1694,286419,17,2,0,15,34
2020-11-03,US,Washington,Unassigned,373,3,0,0.0,0.0,90053.0,0.0,0.8042895442359249,370,371,3,0,368,363,,2,0,0,2,8
2020-11-03,US,Washington,Wahkiakum,11,0,0,46.29180039999999,-123.4250831,53069.0,245.09803921568627,0.0,11,11,0,0,11,11,4426,0,0,0,0,0
2020-11-03,US,Washington,Walla Walla,1305,7,0,46.23040051,-118.4775539,53071.0,2147.7946017116524,0.5363984674329502,1298,1301,7,0,1294,1240,60922,4,0,0,4,61
2020-11-03,US,Washington,Whatcom,1637,51,0,48.82227976,-121.74900179999999,53073.0,714.0769562960477,3.115455100794136,1586,1629,51,0,1578,1615,225685,8,0,0,8,14
2020-11-03,US,Washington,Whitman,1853,20,0,46.90022523,-117.52417630000001,53075.0,3698.3075203576564,1.0793308148947651,1833,1844,18,0,1826,1832,49791,9,2,0,7,12
2020-11-03,US,Washington,Yakima,12044,278,0,46.45738486,-120.73801259999999,53077.0,4800.835482495127,2.3082032547326468,11766,12036,275,0,11761,12003,251446,8,3,0,5,33
2020-11-03,US,West Virginia,Barbour,191,2,0,39.1307219,-80.00350858,54001.0,1161.729821786996,1.0471204188481675,189,188,1,0,187,187,16535,3,1,0,2,1
2020-11-03,US,West Virginia,Berkeley,1733,18,0,39.46704621,-78.02414609,54003.0,1454.2128537983233,1.03866128101558,1715,1709,18,0,1691,1692,117123,24,0,0,24,17
2020-11-03,US,West Virginia,Boone,420,3,0,38.01974191,-81.69888019,54005.0,1957.4031784499234,0.7142857142857143,417,415,3,0,412,408,21951,5,0,0,5,7
2020-11-03,US,West Virginia,Braxton,77,0,0,38.70036159,-80.72011184,54007.0,551.6944902199613,0.0,77,76,0,0,76,73,14089,1,0,0,1,3
2020-11-03,US,West Virginia,Brooke,257,4,0,40.27367263,-80.57915332,54009.0,1171.4298737408271,1.5564202334630348,253,253,4,0,249,249,22203,4,0,0,4,4
2020-11-03,US,West Virginia,Cabell,1572,30,0,38.42424062,-82.23855912,54011.0,1709.7177660557943,1.9083969465648856,1542,1559,29,0,1530,1548,93224,13,1,0,12,11
2020-11-03,US,West Virginia,Calhoun,37,0,0,38.84315422,-81.11934872,54013.0,520.4670136446757,0.0,37,36,0,0,36,36,7254,1,0,0,1,0
2020-11-03,US,West Virginia,Clay,65,3,0,38.46231092,-81.07652217,54015.0,763.9868359191347,4.615384615384615,62,65,3,0,62,65,8632,0,0,0,0,0
2020-11-03,US,West Virginia,Doddridge,73,1,0,39.27057157,-80.70671527,54017.0,864.1098484848485,1.3698630136986298,72,72,1,0,71,72,8406,1,0,0,1,0
2020-11-03,US,West Virginia,Fayette,804,24,0,38.02974928,-81.08286634,54019.0,1895.9581191340849,2.985074626865672,780,799,24,0,775,796,43018,5,0,0,5,3
2020-11-03,US,West Virginia,Gilmer,65,0,0,38.9251277,-80.85952723,54021.0,830.8832928544036,0.0,65,65,0,0,65,65,8026,0,0,0,0,0
2020-11-03,US,West Virginia,Grant,201,9,0,39.10314817,-79.19440518,54023.0,1737.551867219917,4.477611940298506,192,200,9,0,191,199,11626,1,0,0,1,1
2020-11-03,US,West Virginia,Greenbrier,217,4,0,37.9463652,-80.45335881,54025.0,626.045813859558,1.8433179723502304,213,217,4,0,213,217,34786,0,0,0,0,0
2020-11-03,US,West Virginia,Hampshire,149,1,0,39.32103553,-78.60826476,54027.0,642.9341963322546,0.6711409395973155,148,146,1,0,145,144,23347,3,0,0,3,2
2020-11-03,US,West Virginia,Hancock,249,1,0,40.51943859,-80.57461608,54029.0,864.2832349878514,0.4016064257028112,248,244,1,0,243,242,29094,5,0,0,5,2
2020-11-03,US,West Virginia,Hardy,110,1,0,39.00683177,-78.85855301,54031.0,798.4901277584204,0.9090909090909092,109,109,1,0,108,108,13775,1,0,0,1,1
2020-11-03,US,West Virginia,Harrison,691,13,0,39.2853852,-80.37919577,54033.0,1027.4176281670036,1.8813314037626627,678,688,12,0,676,682,67554,3,1,0,2,6
2020-11-03,US,West Virginia,Jackson,426,24,0,38.84263974,-81.68148753,54035.0,1490.7614781634936,5.633802816901407,402,420,24,0,396,411,28706,6,0,0,6,9
2020-11-03,US,West Virginia,Jefferson,659,9,0,39.30776166,-77.86014147,54037.0,1153.1865747383895,1.3657056145675266,650,634,5,0,629,626,56811,25,4,0,21,8
2020-11-03,US,West Virginia,Kanawha,3915,106,0,38.33860077,-81.52857054,54039.0,2197.907075969549,2.7075351213282253,3809,3894,106,0,3788,3828,180454,21,0,0,21,66
2020-11-03,US,West Virginia,Lewis,121,2,0,38.9947249,-80.49988181,54041.0,760.6714025271892,1.6528925619834711,119,115,2,0,113,110,16024,6,0,0,6,5
2020-11-03,US,West Virginia,Lincoln,274,2,0,38.172154,-82.07017953,54043.0,1342.5449556568178,0.7299270072992701,272,268,2,0,266,263,20599,6,0,0,6,5
2020-11-03,US,West Virginia,Logan,807,46,0,37.8299889,-81.93528571,54045.0,2520.3785252506327,5.700123915737299,761,805,46,0,759,801,32607,2,0,0,2,4
2020-11-03,US,West Virginia,Marion,433,5,0,39.50984542,-80.24244659,54049.0,772.2214295905264,1.1547344110854505,428,425,5,0,420,419,56097,8,0,0,8,6
2020-11-03,US,West Virginia,Marshall,467,4,0,39.86064362,-80.66591062,54051.0,1529.5928728177914,0.8565310492505354,463,451,4,0,447,420,30785,16,0,0,16,31
2020-11-03,US,West Virginia,Mason,186,6,0,38.77071799,-82.02524219,54053.0,701.4632674611555,3.2258064516129035,180,183,6,0,177,182,26718,3,0,0,3,1
2020-11-03,US,West Virginia,McDowell,139,1,0,37.38002939,-81.65083669,54047.0,788.6972310485703,0.7194244604316546,138,132,1,0,131,131,18223,7,0,0,7,1
2020-11-03,US,West Virginia,Mercer,824,31,0,37.40481169,-81.11023142,54055.0,1402.3622315259195,3.762135922330097,793,816,31,0,785,803,59131,8,0,0,8,13
2020-11-03,US,West Virginia,Mineral,263,4,0,39.41561583,-78.94104895,54057.0,978.859609944916,1.520912547528517,259,250,4,0,246,244,26940,13,0,0,13,6
2020-11-03,US,West Virginia,Mingo,688,10,0,37.73048351,-82.13338365,54059.0,2937.158469945355,1.4534883720930232,678,669,10,0,659,654,23785,19,0,0,19,15
2020-11-03,US,West Virginia,Monongalia,2409,7,0,39.63218457,-80.04766838,54061.0,2280.9907965003977,0.29057700290577004,2402,2378,7,0,2371,2363,106420,31,0,0,31,15
2020-11-03,US,West Virginia,Monroe,268,8,0,37.56274716,-80.54577965,54063.0,2018.832391713748,2.985074626865672,260,267,8,0,259,266,13280,1,0,0,1,1
2020-11-03,US,West Virginia,Morgan,167,0,0,39.55439028,-78.26311676,54065.0,933.7955714605232,0.0,167,161,0,0,161,157,17787,6,0,0,6,4
2020-11-03,US,West Virginia,Nicholas,193,3,0,38.29617706,-80.79759588,54067.0,787.8837361201828,1.5544041450777202,190,193,3,0,190,191,24842,0,0,0,0,2
2020-11-03,US,West Virginia,Ohio,654,9,0,40.0955451,-80.62203992,54069.0,1579.290526671657,1.3761467889908257,645,649,9,0,640,638,41755,5,0,0,5,11
2020-11-03,US,West Virginia,Pendleton,79,1,0,38.68314479,-79.35084086,54071.0,1133.5916200315685,1.2658227848101269,78,79,1,0,78,79,6997,0,0,0,0,0
2020-11-03,US,West Virginia,Pleasants,36,3,0,39.37091679,-81.16771771,54073.0,482.57372654155495,8.333333333333334,33,36,3,0,33,34,7507,0,0,0,0,2
2020-11-03,US,West Virginia,Pocahontas,74,0,0,38.32758728,-80.00993811,54075.0,897.2959864193042,0.0,74,73,0,0,73,73,8414,1,0,0,1,0
2020-11-03,US,West Virginia,Preston,236,4,0,39.46770987,-79.66712803,54077.0,705.9105049054797,1.6949152542372878,232,227,4,0,223,225,33839,9,0,0,9,2
2020-11-03,US,West Virginia,Putnam,1014,13,0,38.50782345,-81.9082131,54079.0,1796.2798937112489,1.2820512820512822,1001,1001,13,0,988,981,56682,13,0,0,13,20
2020-11-03,US,West Virginia,Raleigh,889,10,0,37.76936795,-81.2456041,54081.0,1211.8155423181254,1.124859392575928,879,880,10,0,870,866,74254,9,0,0,9,14
2020-11-03,US,West Virginia,Randolph,436,2,0,38.769899,-79.87919615,54083.0,1519.428471859209,0.4587155963302753,434,431,1,0,430,429,28823,5,1,0,4,2
2020-11-03,US,West Virginia,Ritchie,61,0,0,39.18094587,-81.06356878,54085.0,638.4760309817877,0.0,61,56,0,0,56,53,9721,5,0,0,5,3
2020-11-03,US,West Virginia,Roane,116,2,0,38.71622686,-81.35243568,54087.0,847.4576271186438,1.7241379310344829,114,116,2,0,114,116,13932,0,0,0,0,0
2020-11-03,US,West Virginia,Summers,152,1,0,37.65390597,-80.86009693,54089.0,1208.9397916169569,0.6578947368421053,151,142,1,0,141,140,12760,10,0,0,10,2
2020-11-03,US,West Virginia,Taylor,175,8,0,39.33602617,-80.0421439,54091.0,1048.2180293501046,4.571428571428571,167,174,8,0,166,172,16862,1,0,0,1,2
2020-11-03,US,West Virginia,Tucker,67,0,0,39.11240885,-79.57053576,54093.0,979.6753911390554,0.0,67,67,0,0,67,67,6955,0,0,0,0,0
2020-11-03,US,West Virginia,Tyler,59,1,0,39.46811972,-80.88772676,54095.0,686.7652194156675,1.6949152542372878,58,58,1,0,57,55,8746,1,0,0,1,3
2020-11-03,US,West Virginia,Upshur,284,4,0,38.89285061,-80.23689136,54097.0,1174.7187293183322,1.4084507042253518,280,279,4,0,275,277,24415,5,0,0,5,2
2020-11-03,US,West Virginia,Wayne,636,11,0,38.14901357,-82.42287994,54099.0,1614.1312623724689,1.729559748427673,625,630,11,0,619,626,39944,6,0,0,6,4
2020-11-03,US,West Virginia,Webster,38,0,0,38.49370949,-80.4202023,54101.0,468.3263495193492,0.0,38,38,0,0,38,36,8285,0,0,0,0,2
2020-11-03,US,West Virginia,Wetzel,237,7,0,39.6065771,-80.64016540000001,54103.0,1573.1828742117486,2.9535864978902957,230,232,7,0,225,229,15270,5,0,0,5,3
2020-11-03,US,West Virginia,Wirt,59,0,0,39.02775007,-81.37473928,54105.0,1013.5715512798488,0.0,59,56,0,0,56,56,5830,3,0,0,3,0
2020-11-03,US,West Virginia,Wood,775,8,0,39.20967886,-81.5162836,54107.0,927.9436768121844,1.032258064516129,767,748,6,0,742,720,84203,27,2,0,25,28
2020-11-03,US,West Virginia,Wyoming,369,5,0,37.612327,-81.54511071,54109.0,1809.3556928508385,1.3550135501355014,364,364,5,0,359,359,20786,5,0,0,5,5
2020-11-03,US,Wisconsin,Adams,607,6,0,43.96974651,-89.76782777,55001.0,3001.9782393669634,0.9884678747940692,601,594,6,0,588,587,20348,13,0,0,13,7
2020-11-03,US,Wisconsin,Ashland,324,3,0,46.31956891,-90.67837132,55003.0,2081.9946022362165,0.925925925925926,321,307,3,0,304,301,15600,17,0,0,17,6
2020-11-03,US,Wisconsin,Barron,1424,8,0,45.42372701,-91.84833627,55005.0,3147.3786579435937,0.5617977528089888,1416,1388,7,0,1381,1320,45164,36,1,0,35,68
2020-11-03,US,Wisconsin,Bayfield,311,2,0,46.52868768,-91.19716729,55007.0,2068.3692471401973,0.6430868167202572,309,302,2,0,300,280,15042,9,0,0,9,22
2020-11-03,US,Wisconsin,Brown,16558,103,0,44.452655299999996,-88.00411844,55009.0,6259.11953489427,0.6220558038410436,16455,16375,103,0,16272,16210,263378,183,0,0,183,165
2020-11-03,US,Wisconsin,Buffalo,355,3,0,44.37835084,-91.75332578,55011.0,2724.2728877292607,0.8450704225352113,352,343,3,0,340,338,13125,12,0,0,12,5
2020-11-03,US,Wisconsin,Burnett,346,6,0,45.86303537,-92.36711412,55013.0,2244.712598936032,1.7341040462427746,340,331,6,0,325,328,15392,15,0,0,15,3
2020-11-03,US,Wisconsin,Calumet,2960,14,0,44.0816316,-88.21780273,55015.0,5909.481123599991,0.472972972972973,2946,2893,14,0,2879,2857,50159,67,0,0,67,36
2020-11-03,US,Wisconsin,Chippewa,2128,24,0,45.06939744,-91.28068855,55017.0,3291.1627331498034,1.1278195488721805,2104,2033,24,0,2009,1958,64135,95,0,0,95,75
2020-11-03,US,Wisconsin,Clark,1069,17,0,44.73483377,-90.61207486,55019.0,3074.135848622534,1.5902712815715625,1052,1045,17,0,1028,1021,34709,24,0,0,24,24
2020-11-03,US,Wisconsin,Columbia,2012,7,0,43.46492199,-89.33589004,55021.0,3497.1841757630536,0.34791252485089463,2005,1974,7,0,1967,1945,57358,38,0,0,38,29
2020-11-03,US,Wisconsin,Crawford,412,1,0,43.23870316,-90.93073686,55023.0,2554.088401215052,0.2427184466019417,411,401,1,0,400,389,16291,11,0,0,11,12
2020-11-03,US,Wisconsin,Dane,16768,49,0,43.06601594,-89.41733797,55025.0,3067.158104610432,0.2922232824427481,16719,16207,49,0,16158,16011,542364,561,0,0,561,196
2020-11-03,US,Wisconsin,Dodge,4981,36,0,43.41576662,-88.70928178,55027.0,5670.601896651829,0.7227464364585424,4945,4844,35,0,4809,4746,87847,137,1,0,136,98
2020-11-03,US,Wisconsin,Door,990,9,0,44.95856458,-87.30002707,55029.0,3578.1408124909644,0.9090909090909092,981,960,9,0,951,953,27610,30,0,0,30,7
2020-11-03,US,Wisconsin,Douglas,888,1,0,46.43222285,-91.91595768,55031.0,2057.937427578216,0.1126126126126126,887,865,1,0,864,843,43208,23,0,0,23,22
2020-11-03,US,Wisconsin,Dunn,1284,1,0,44.94562799,-91.8962481,55033.0,2830.1886792452833,0.0778816199376947,1283,1245,1,0,1244,1193,45131,39,0,0,39,52
2020-11-03,US,Wisconsin,Eau Claire,4225,25,0,44.726614,-91.28609183,55035.0,4037.4214016780384,0.591715976331361,4200,4095,21,0,4074,3960,104534,130,4,0,126,135
2020-11-03,US,Wisconsin,Florence,228,8,0,45.84963535,-88.39804137,55037.0,5308.498253783469,3.5087719298245608,220,227,8,0,219,223,4321,1,0,0,1,4
2020-11-03,US,Wisconsin,Fond du Lac,5469,23,0,43.75354908,-88.48885325,55039.0,5289.014825488624,0.4205522033278479,5446,5371,23,0,5348,5111,103066,98,0,0,98,260
2020-11-03,US,Wisconsin,Forest,518,11,0,45.66678019,-88.77084892,55041.0,5752.998667258997,2.123552123552124,507,510,11,0,499,505,8991,8,0,0,8,5
2020-11-03,US,Wisconsin,Grant,2157,38,0,42.8671731,-90.7063218,55043.0,4193.316355294621,1.7617060732498842,2119,2085,36,0,2049,2043,51554,72,2,0,70,42
2020-11-03,US,Wisconsin,Green,1068,5,0,42.6794956,-89.60243287,55045.0,2889.6103896103896,0.4681647940074906,1063,1063,5,0,1058,1058,36929,5,0,0,5,5
2020-11-03,US,Wisconsin,Green Lake,843,4,0,43.80025981,-89.04679553,55047.0,4457.251625865807,0.4744958481613286,839,828,4,0,824,815,18918,15,0,0,15,13
2020-11-03,US,Wisconsin,Iowa,620,2,0,43.00050278,-90.13469017,55049.0,2618.464397330856,0.3225806451612903,618,584,2,0,582,569,23771,36,0,0,36,15
2020-11-03,US,Wisconsin,Iron,224,5,0,46.26302338,-90.24295041,55051.0,3938.8078072797607,2.232142857142857,219,217,4,0,213,216,5676,7,1,0,6,1
2020-11-03,US,Wisconsin,Jackson,666,2,0,44.31864893,-90.80566792,55053.0,3226.2752506903066,0.3003003003003003,664,605,2,0,603,602,20478,61,0,0,61,3
2020-11-03,US,Wisconsin,Jefferson,3152,19,0,43.02054068,-88.77529134,55055.0,3718.340431053805,0.6027918781725888,3133,3069,19,0,3050,3016,85129,83,0,0,83,53
2020-11-03,US,Wisconsin,Juneau,904,5,0,43.92456975,-90.11120239,55057.0,3387.4170944654693,0.5530973451327433,899,886,5,0,881,852,26617,18,0,0,18,34
2020-11-03,US,Wisconsin,Kenosha,5787,89,0,42.57639354,-88.04051686,55059.0,3412.9310395668817,1.5379298427509935,5698,5598,89,0,5509,5570,169290,189,0,0,189,28
2020-11-03,US,Wisconsin,Kewaunee,1219,9,0,44.51727459,-87.61468386,55061.0,5965.547616717236,0.7383100902379001,1210,1176,8,0,1168,1176,20383,43,1,0,42,0
2020-11-03,US,Wisconsin,La Crosse,4740,23,0,43.90632465,-91.11451093,55063.0,4016.4045553145343,0.4852320675105485,4717,4635,23,0,4612,4608,118230,105,0,0,105,27
2020-11-03,US,Wisconsin,Lafayette,615,1,0,42.66005229,-90.1317729,55065.0,3690.3690369036894,0.16260162601626016,614,604,1,0,603,600,16665,11,0,0,11,4
2020-11-03,US,Wisconsin,Langlade,1113,11,0,45.26271619,-89.07483625,55067.0,5800.198030121424,0.9883198562443846,1102,1102,11,0,1091,1081,19268,11,0,0,11,21
2020-11-03,US,Wisconsin,Lincoln,1033,13,0,45.33737523,-89.73411273,55069.0,3743.7031131083972,1.2584704743465631,1020,995,12,0,983,965,27689,38,1,0,37,30
2020-11-03,US,Wisconsin,Manitowoc,3205,16,0,44.11946801,-87.80928853,55071.0,4057.937985085021,0.499219968798752,3189,3101,16,0,3085,3058,79074,104,0,0,104,43
2020-11-03,US,Wisconsin,Marathon,5704,64,0,44.89792533,-89.75863384,55073.0,4203.637649971995,1.1220196353436185,5640,5577,61,0,5516,5441,135428,127,3,0,124,136
2020-11-03,US,Wisconsin,Marinette,1978,18,0,45.38553432,-88.03324599999998,55075.0,4902.106567534077,0.9100101112234581,1960,1935,16,0,1919,1915,40434,43,2,0,41,20
2020-11-03,US,Wisconsin,Marquette,726,5,0,43.81911946,-89.40073763,55077.0,4661.615513034545,0.6887052341597796,721,712,2,0,710,705,15434,14,3,0,11,7
2020-11-03,US,Wisconsin,Menominee,355,1,0,45.00422544,-88.70950714,55078.0,7791.922739244952,0.28169014084507044,354,344,0,0,344,344,4658,11,1,0,10,0
2020-11-03,US,Wisconsin,Milwaukee,44945,599,0,43.00486062,-87.96733172,55079.0,4752.4335801278585,1.3327400155745912,44346,44029,594,0,43435,43482,948201,916,5,0,911,547
2020-11-03,US,Wisconsin,Monroe,1347,8,0,43.94641218,-90.61881899999999,55081.0,2912.2435301493956,0.5939123979213066,1339,1312,8,0,1304,1267,46051,35,0,0,35,45
2020-11-03,US,Wisconsin,Oconto,2339,18,0,45.02715345,-88.26807503,55083.0,6166.622726074347,0.7695596408721675,2321,2299,18,0,2281,2270,37830,40,0,0,40,29
2020-11-03,US,Wisconsin,Oneida,1413,14,0,45.70677897,-89.51944105,55085.0,3969.658659924147,0.9907997169143666,1399,1400,14,0,1386,1373,35470,13,0,0,13,27
2020-11-03,US,Wisconsin,Outagamie,10114,82,0,44.41578887,-88.46565023,55087.0,5383.080075578146,0.8107573660272889,10032,9965,81,0,9884,9864,187365,149,1,0,148,101
2020-11-03,US,Wisconsin,Ozaukee,2635,25,0,43.38352225,-87.94625009,55089.0,2953.3405812532924,0.9487666034155596,2610,2546,25,0,2521,2529,89147,89,0,0,89,17
2020-11-03,US,Wisconsin,Pepin,192,0,0,44.58307413,-91.99949611,55091.0,2634.829147797448,0.0,192,177,0,0,177,172,7289,15,0,0,15,5
2020-11-03,US,Wisconsin,Pierce,883,7,0,44.71850291,-92.4224416,55093.0,2065.303831220471,0.7927519818799547,876,847,7,0,840,819,42555,36,0,0,36,28
2020-11-03,US,Wisconsin,Polk,709,3,0,45.46130348,-92.44182875,55095.0,1619.3499760180896,0.4231311706629055,706,680,3,0,677,664,43598,29,0,0,29,16
2020-11-03,US,Wisconsin,Portage,3138,22,0,44.47558711,-89.50152965,55097.0,4433.956932120048,0.7010834926704907,3116,3068,21,0,3047,3006,70942,70,1,0,69,62
2020-11-03,US,Wisconsin,Price,425,3,0,45.68051754,-90.36098879999999,55099.0,3183.2821511497277,0.7058823529411765,422,417,3,0,414,411,13397,8,0,0,8,6
2020-11-03,US,Wisconsin,Racine,8565,116,0,42.74753117,-88.05941254,55101.0,4362.97507526323,1.3543490951546993,8449,8343,114,0,8229,8178,196584,222,2,0,220,165
2020-11-03,US,Wisconsin,Richland,533,9,0,43.3762778,-90.43012729,55103.0,3089.4968699281244,1.6885553470919326,524,519,9,0,510,500,17377,14,0,0,14,19
2020-11-03,US,Wisconsin,Rock,5876,46,0,42.67151616,-89.07147900000002,55105.0,3597.0958776644593,0.7828454731109599,5830,5787,46,0,5741,5702,163129,89,0,0,89,85
2020-11-03,US,Wisconsin,Rusk,290,1,0,45.47498854,-91.1333012,55107.0,2045.4224855409784,0.3448275862068966,289,263,1,0,262,251,14147,27,0,0,27,12
2020-11-03,US,Wisconsin,Sauk,2096,8,0,43.42574087,-89.94966132,55111.0,3252.537165202818,0.3816793893129771,2088,1991,8,0,1983,1967,64249,105,0,0,105,24
2020-11-03,US,Wisconsin,Sawyer,431,4,0,45.87931905,-91.14504927,55113.0,2602.97137335427,0.9280742459396752,427,422,4,0,418,419,16489,9,0,0,9,3
2020-11-03,US,Wisconsin,Shawano,2741,32,0,44.78902246,-88.76443896,55115.0,6701.875351475586,1.1674571324334184,2709,2707,26,0,2681,2683,40796,34,6,0,28,24
2020-11-03,US,Wisconsin,Sheboygan,5546,33,0,43.72099677,-87.94579284,55117.0,4808.392578463672,0.5950234403173459,5513,5361,31,0,5330,5290,115456,185,2,0,183,71
2020-11-03,US,Wisconsin,St. Croix,2255,12,0,45.03437474,-92.45000068,55109.0,2486.5747019969785,0.532150776053215,2243,2191,12,0,2179,2103,89694,64,0,0,64,88
2020-11-03,US,Wisconsin,Taylor,597,7,0,45.21179252,-90.5004405,55119.0,2934.670402595488,1.1725293132328307,590,564,7,0,557,555,20412,33,0,0,33,9
2020-11-03,US,Wisconsin,Trempealeau,1198,5,0,44.30360275,-91.35893614,55121.0,4040.6084522243573,0.4173622704507513,1193,1158,4,0,1154,1144,29442,40,1,0,39,14
2020-11-03,US,Wisconsin,Vernon,562,2,0,43.59422667,-90.8324691,55123.0,1823.3729154500033,0.3558718861209965,560,556,2,0,554,543,30785,6,0,0,6,13
2020-11-03,US,Wisconsin,Vilas,673,7,0,46.05467334,-89.51719204,55125.0,3032.214462716828,1.0401188707280833,666,668,6,0,662,656,21938,5,1,0,4,12
2020-11-03,US,Wisconsin,Walworth,3684,39,0,42.66858202,-88.54163073,55127.0,3546.8094119459315,1.0586319218241045,3645,3594,39,0,3555,3590,103718,90,0,0,90,4
2020-11-03,US,Wisconsin,Washburn,284,2,0,45.89838588,-91.79050449,55129.0,1806.6157760814249,0.7042253521126759,282,272,2,0,270,267,15878,12,0,0,12,5
2020-11-03,US,Wisconsin,Washington,5038,45,0,43.36863664,-88.22974712,55131.0,3703.4858932325733,0.8932115919015482,4993,4906,44,0,4862,4887,135693,132,1,0,131,19
2020-11-03,US,Wisconsin,Waukesha,13887,129,0,43.01833055,-88.30431188,55133.0,3435.692408176191,0.9289263339814214,13758,13582,125,0,13457,13463,403072,305,4,0,301,119
2020-11-03,US,Wisconsin,Waupaca,2685,49,0,44.47068056,-88.96534501,55135.0,5265.738380074526,1.8249534450651768,2636,2650,47,0,2603,2616,51128,35,2,0,33,34
2020-11-03,US,Wisconsin,Waushara,1304,5,0,44.11324419,-89.24317107,55137.0,5334.860696313874,0.3834355828220859,1299,1115,5,0,1110,1107,24263,189,0,0,189,8
2020-11-03,US,Wisconsin,Winnebago,9664,73,0,44.06886922,-88.64477096,55139.0,5621.6442611411985,0.7553807947019867,9591,9521,67,0,9454,9438,171020,143,6,0,137,83
2020-11-03,US,Wisconsin,Wood,2051,10,0,44.45537896,-90.04158336,55141.0,2809.6275291442353,0.4875670404680644,2041,1959,10,0,1949,1933,73055,92,0,0,92,26
2020-11-03,US,Wyoming,Albany,1646,5,0,41.65498705,-105.72354150000001,56001.0,4233.539094650207,0.3037667071688943,1641,1616,5,0,1611,1562,38601,30,0,0,30,54
2020-11-03,US,Wyoming,Big Horn,268,7,0,44.52405055,-107.9960365,56003.0,2273.112807463953,2.611940298507463,261,263,7,0,256,263,11881,5,0,0,5,0
2020-11-03,US,Wyoming,Campbell,1328,3,0,44.24886082,-105.54744040000001,56005.0,2865.7128676549933,0.2259036144578313,1325,1265,3,0,1262,1190,46140,63,0,0,63,75
2020-11-03,US,Wyoming,Carbon,348,2,0,41.69357844,-106.9326084,56007.0,2351.351351351351,0.5747126436781609,346,346,2,0,344,336,14971,2,0,0,2,10
2020-11-03,US,Wyoming,Converse,356,3,0,42.97272268,-105.5081848,56009.0,2575.604109390826,0.8426966292134831,353,345,1,0,344,342,13640,11,2,0,9,3
2020-11-03,US,Wyoming,Crook,124,1,0,44.58855102,-104.56977049999999,56011.0,1635.0210970464136,0.8064516129032258,123,123,1,0,122,120,7450,1,0,0,1,3
2020-11-03,US,Wyoming,Fremont,1588,16,0,43.04183996,-108.6296893,56013.0,4044.7263187386975,1.0075566750629723,1572,1538,16,0,1522,1505,39531,50,0,0,50,33
2020-11-03,US,Wyoming,Goshen,201,6,0,42.08798185,-104.3534743,56015.0,1521.4593899023541,2.985074626865672,195,192,6,0,186,184,13376,9,0,0,9,8
2020-11-03,US,Wyoming,Hot Springs,55,0,0,43.71930657,-108.44231740000001,56017.0,1246.3176977113076,0.0,55,55,0,0,55,55,4555,0,0,0,0,0
2020-11-03,US,Wyoming,Johnson,135,2,0,44.04057166,-106.58451740000001,56019.0,1598.5790408525754,1.4814814814814814,133,133,2,0,131,132,8460,2,0,0,2,1
2020-11-03,US,Wyoming,Laramie,2031,7,0,41.30702520000001,-104.6887497,56021.0,2041.2060301507536,0.34465780403742,2024,1942,7,0,1935,1860,98976,89,0,0,89,82
2020-11-03,US,Wyoming,Lincoln,386,3,0,42.26376367,-110.6563997,56023.0,1946.54563792234,0.7772020725388601,383,375,3,0,372,370,19434,11,0,0,11,5
2020-11-03,US,Wyoming,Natrona,1813,11,0,42.96180148,-106.79788500000001,56025.0,2270.279746550127,0.6067291781577496,1802,1767,10,0,1757,1688,79115,46,1,0,45,79
2020-11-03,US,Wyoming,Niobrara,18,0,0,43.05607708,-104.47588959999999,56027.0,764.0067911714771,0.0,18,17,0,0,17,17,2388,1,0,0,1,0
2020-11-03,US,Wyoming,Park,744,3,0,44.52157546,-109.58528249999999,56029.0,2548.468863465096,0.4032258064516129,741,721,3,0,718,709,29324,23,0,0,23,12
2020-11-03,US,Wyoming,Platte,172,3,0,42.13299116,-104.96633100000001,56031.0,2049.326819969022,1.7441860465116281,169,159,2,0,157,156,8566,13,1,0,12,3
2020-11-03,US,Wyoming,Sheridan,871,6,0,44.79048913,-106.8862389,56033.0,2857.142857142857,0.6888633754305397,865,854,5,0,849,836,30233,17,1,0,16,18
2020-11-03,US,Wyoming,Sublette,194,1,0,42.76558279,-109.91309220000001,56035.0,1973.3496083816501,0.5154639175257731,193,187,1,0,186,187,9813,7,0,0,7,0
2020-11-03,US,Wyoming,Sweetwater,621,2,0,41.65943896,-108.8827882,56037.0,1466.594242259641,0.322061191626409,619,601,2,0,599,585,43051,20,0,0,20,16
2020-11-03,US,Wyoming,Teton,862,2,0,43.93522482,-110.5890801,56039.0,3673.712921922946,0.2320185614849188,860,847,1,0,846,814,23081,15,1,0,14,33
2020-11-03,US,Wyoming,Uinta,510,3,0,41.2878183,-110.54757820000002,56041.0,2521.506971225156,0.5882352941176471,507,492,3,0,489,488,20299,18,0,0,18,4
2020-11-03,US,Wyoming,Unassigned,2,0,0,0.0,0.0,90056.0,0.0,0.0,2,0,10,0,-10,0,,2,-10,0,12,0
2020-11-03,US,Wyoming,Washakie,167,7,0,43.90451606,-107.68018700000002,56043.0,2139.654067905189,4.1916167664670665,160,160,7,0,153,160,7885,7,0,0,7,0
2020-11-03,US,Wyoming,Weston,181,0,0,43.83961191,-104.56748809999999,56045.0,2612.963764977624,0.0,181,169,0,0,169,164,6967,12,0,0,12,5
