Date,Country/Region,Province/State,Admin2,Confirmed,Deaths,Recovered,Latitude,Longitude,FIPS,Incidence_Rate,Case-Fatality_Ratio,Active Cases,Previous Confirmed,Previous Deaths,Previous Recovered,Previous Active,Prev2 Confirmed,Population,Daily Confirmed,Daily Deaths,Daily Recovered,Daily Active,Previous Daily Confirmed
2020-07-14,US,Alabama,Autauga,733,17,0,32.53952745,-86.64408227,1001.0,1311.997708926238,2.3192360163710783,716,715,15,0,700,698,55601,18,2,0,16,17
2020-07-14,US,Alabama,Baldwin,1396,11,0,30.72774991,-87.72207058,1003.0,625.3527688434557,0.7879656160458453,1385,1341,11,0,1330,1277,218022,55,0,0,55,64
2020-07-14,US,Alabama,Barbour,413,3,0,31.868263,-85.3871286,1005.0,1673.0130438305112,0.7263922518159807,410,402,2,0,400,399,24881,11,1,0,10,3
2020-07-14,US,Alabama,Bibb,232,2,0,32.99642064,-87.12511459999996,1007.0,1035.991783513441,0.8620689655172413,230,227,1,0,226,224,22400,5,1,0,4,3
2020-07-14,US,Alabama,Blount,344,1,0,33.98210918,-86.56790593,1009.0,594.8881126137031,0.2906976744186047,343,331,1,0,330,320,57840,13,0,0,13,11
2020-07-14,US,Alabama,Bullock,380,10,0,32.10030533,-85.71265535,1011.0,3762.0037620037615,2.631578947368421,370,378,10,0,368,378,10138,2,0,0,2,0
2020-07-14,US,Alabama,Butler,656,31,0,31.75300095,-86.68057478,1013.0,3373.0974907445498,4.725609756097562,625,655,29,0,626,652,19680,1,2,0,-1,3
2020-07-14,US,Alabama,Calhoun,577,6,0,33.77483727,-85.82630386,1015.0,507.90018044980417,1.0398613518197577,571,554,5,0,549,515,114277,23,1,0,22,39
2020-07-14,US,Alabama,Chambers,693,32,0,32.91360079,-85.39072749,1017.0,2083.959824382029,4.617604617604617,661,685,30,0,655,677,33615,8,2,0,6,8
2020-07-14,US,Alabama,Cherokee,135,7,0,34.17805983,-85.60638968,1019.0,515.3458543289051,5.185185185185184,128,131,7,0,124,124,26032,4,0,0,4,7
2020-07-14,US,Alabama,Chilton,356,3,0,32.85044126,-86.7173256,1021.0,801.2964796974879,0.8426966292134831,353,345,2,0,343,331,44153,11,1,0,10,14
2020-07-14,US,Alabama,Choctaw,221,12,0,32.02227341,-88.26564429999998,1023.0,1755.5008340614822,5.429864253393665,209,220,12,0,208,217,12841,1,0,0,1,3
2020-07-14,US,Alabama,Clarke,329,6,0,31.68099859,-87.83548597,1025.0,1392.769452205571,1.82370820668693,323,323,6,0,317,317,23920,6,0,0,6,6
2020-07-14,US,Alabama,Clay,92,2,0,33.26984193,-85.85836077,1027.0,695.1265583679638,2.1739130434782608,90,89,2,0,87,85,13275,3,0,0,3,4
2020-07-14,US,Alabama,Cleburne,53,1,0,33.67679204,-85.52005899,1029.0,355.4661301140174,1.8867924528301887,52,48,1,0,47,45,14987,5,0,0,5,3
2020-07-14,US,Alabama,Coffee,453,4,0,31.39932826,-85.98901039,1031.0,865.4617706621832,0.8830022075055187,449,436,4,0,432,428,51909,17,0,0,17,8
2020-07-14,US,Alabama,Colbert,582,6,0,34.69847452,-87.80168544,1033.0,1053.5652866530297,1.0309278350515465,576,528,6,0,522,509,54762,54,0,0,54,19
2020-07-14,US,Alabama,Conecuh,247,8,0,31.43401703,-86.99320044,1035.0,2046.9047816358664,3.238866396761133,239,238,8,0,230,231,12277,9,0,0,9,7
2020-07-14,US,Alabama,Coosa,69,1,0,32.93690146,-86.24847739,1037.0,647.0974397449122,1.4492753623188406,68,67,1,0,66,66,10715,2,0,0,2,1
2020-07-14,US,Alabama,Covington,439,13,0,31.247785399999998,-86.45050893,1039.0,1184.9172717212339,2.9612756264236904,426,435,12,0,423,416,36986,4,1,0,3,19
2020-07-14,US,Alabama,Crenshaw,140,3,0,31.72941803,-86.31593104,1041.0,1016.5553296543712,2.142857142857143,137,134,3,0,131,132,13824,6,0,0,6,2
2020-07-14,US,Alabama,Cullman,689,6,0,34.13020303,-86.86888037,1043.0,822.5097889408844,0.8708272859216255,683,668,6,0,662,615,83442,21,0,0,21,53
2020-07-14,US,Alabama,Dale,414,2,0,31.43037123,-85.61095742,1045.0,841.9425689416742,0.4830917874396135,412,406,1,0,405,395,48956,8,1,0,7,11
2020-07-14,US,Alabama,Dallas,1028,10,0,32.32688101,-87.10866709999998,1047.0,2763.7380363479942,0.9727626459143968,1018,1018,9,0,1009,1002,38310,10,1,0,9,16
2020-07-14,US,Alabama,DeKalb,1118,7,0,34.45946862,-85.80782906,1049.0,1563.3521177967646,0.6261180679785331,1111,1001,7,0,994,967,71385,117,0,0,117,34
2020-07-14,US,Alabama,Elmore,1101,24,0,32.59785413,-86.14415284,1051.0,1355.761060966149,2.1798365122615806,1077,1076,22,0,1054,1067,81887,25,2,0,23,9
2020-07-14,US,Alabama,Escambia,522,8,0,31.1256789,-87.15918694,1053.0,1424.9447219719925,1.5325670498084292,514,512,8,0,504,488,36748,10,0,0,10,24
2020-07-14,US,Alabama,Etowah,1104,14,0,34.04567266,-86.04051873,1055.0,1079.5165643211951,1.2681159420289856,1090,1069,14,0,1055,1011,102501,35,0,0,35,58
2020-07-14,US,Alabama,Fayette,90,2,0,33.72076938,-87.73886638,1057.0,552.0794994479205,2.2222222222222223,88,90,1,0,89,85,16433,0,1,0,-1,5
2020-07-14,US,Alabama,Franklin,960,16,0,34.44235334,-87.84289505,1059.0,3061.029271092405,1.6666666666666667,944,950,16,0,934,938,31363,10,0,0,10,12
2020-07-14,US,Alabama,Geneva,106,0,0,31.09389027,-85.83572839,1061.0,403.48673442198617,0.0,106,101,0,0,101,98,26314,5,0,0,5,3
2020-07-14,US,Alabama,Greene,201,9,0,32.85504247,-87.95684022,1063.0,2478.1161385772407,4.477611940298506,192,200,9,0,191,198,8233,1,0,0,1,2
2020-07-14,US,Alabama,Hale,367,23,0,32.76039258,-87.63284988,1065.0,2504.9484676813872,6.267029972752043,344,363,23,0,340,354,14726,4,0,0,4,9
2020-07-14,US,Alabama,Henry,161,3,0,31.51148016,-85.24267944,1067.0,935.774484161581,1.8633540372670807,158,157,3,0,154,155,17209,4,0,0,4,2
2020-07-14,US,Alabama,Houston,658,7,0,31.15197924,-85.29939599,1069.0,621.4465159328307,1.0638297872340423,651,641,7,0,634,607,104722,17,0,0,17,34
2020-07-14,US,Alabama,Jackson,472,2,0,34.78144169,-85.99750489,1071.0,914.2680044938595,0.42372881355932196,470,442,2,0,440,435,51736,30,0,0,30,7
2020-07-14,US,Alabama,Jefferson,7186,174,0,33.55554728,-86.89506300000002,1073.0,1091.1470710156657,2.421374895630392,7012,7012,170,0,6842,6746,659300,174,4,0,170,266
2020-07-14,US,Alabama,Lamar,95,1,0,33.77995024,-88.09668032,1075.0,688.1564650488954,1.0526315789473684,94,89,1,0,88,89,13844,6,0,0,6,0
2020-07-14,US,Alabama,Lauderdale,633,7,0,34.90171875,-87.65624729,1077.0,682.6343430857661,1.1058451816745656,626,600,6,0,594,577,92387,33,1,0,32,23
2020-07-14,US,Alabama,Lawrence,151,0,0,34.52041498,-87.31069453,1079.0,458.6320009719353,0.0,151,146,0,0,146,136,32957,5,0,0,5,10
2020-07-14,US,Alabama,Lee,1716,37,0,32.60154883,-85.35132246,1081.0,1042.894823206233,2.156177156177156,1679,1647,37,0,1610,1596,163941,69,0,0,69,51
2020-07-14,US,Alabama,Limestone,691,4,0,34.81185586,-86.98310072,1083.0,698.5795885356114,0.5788712011577424,687,665,3,0,662,639,96174,26,1,0,25,26
2020-07-14,US,Alabama,Lowndes,497,23,0,32.1597283,-86.65158371,1085.0,5110.014394406745,4.627766599597585,474,492,22,0,470,484,9974,5,1,0,4,8
2020-07-14,US,Alabama,Macon,227,9,0,32.38759944,-85.69267724,1087.0,1256.3648439229578,3.9647577092511015,218,222,9,0,213,219,18439,5,0,0,5,3
2020-07-14,US,Alabama,Madison,2729,9,0,34.76327133,-86.55069633,1089.0,731.8139277947166,0.3297911322828875,2720,2535,9,0,2526,2268,366519,194,0,0,194,267
2020-07-14,US,Alabama,Marengo,364,11,0,32.24767634,-87.78796182,1091.0,1929.7036526533425,3.021978021978022,353,361,11,0,350,354,19066,3,0,0,3,7
2020-07-14,US,Alabama,Marion,332,14,0,34.13697363,-87.88704173,1093.0,1117.5064795179912,4.216867469879518,318,309,14,0,295,290,29763,23,0,0,23,19
2020-07-14,US,Alabama,Marshall,2090,12,0,34.36975964,-86.30486727,1095.0,2159.6709860086385,0.5741626794258373,2078,2050,12,0,2038,1980,96109,40,0,0,40,70
2020-07-14,US,Alabama,Mobile,5206,147,0,30.78472347,-88.20842409,1097.0,1259.8920645676533,2.8236650019208605,5059,5061,140,0,4921,4904,413757,145,7,0,138,157
2020-07-14,US,Alabama,Monroe,277,3,0,31.56729412,-87.36995001,1099.0,1336.0343413881253,1.083032490974729,274,268,3,0,265,260,21067,9,0,0,9,8
2020-07-14,US,Alabama,Montgomery,4690,114,0,32.2206831,-86.20969272,1101.0,2070.768171101084,2.4307036247334755,4576,4599,112,0,4487,4547,225763,91,2,0,89,52
2020-07-14,US,Alabama,Morgan,1429,6,0,34.45500589,-86.85475946,1103.0,1194.027356512003,0.4198740377886634,1423,1397,5,0,1392,1338,119089,32,1,0,31,59
2020-07-14,US,Alabama,Perry,263,2,0,32.64048341,-87.29770589,1105.0,2947.4392020620867,0.7604562737642585,261,255,2,0,253,250,9140,8,0,0,8,5
2020-07-14,US,Alabama,Pickens,280,6,0,33.28094866,-88.08818103,1107.0,1404.9172102358255,2.142857142857143,274,278,6,0,272,274,19938,2,0,0,2,4
2020-07-14,US,Alabama,Pike,491,5,0,31.80396383,-85.9408295,1109.0,1482.7565380201727,1.0183299389002036,486,480,5,0,475,479,33338,11,0,0,11,1
2020-07-14,US,Alabama,Randolph,279,10,0,33.29526734,-85.45708831,1111.0,1227.8848692896752,3.584229390681004,269,275,9,0,266,263,22725,4,1,0,3,12
2020-07-14,US,Alabama,Russell,734,0,0,32.28725256,-85.18415324,1113.0,1266.368765204189,0.0,734,713,0,0,713,686,57781,21,0,0,21,27
2020-07-14,US,Alabama,Shelby,1820,26,0,33.26879845,-86.66232561,1117.0,836.0051813947508,1.4285714285714286,1794,1764,25,0,1739,1691,215707,56,1,0,55,73
2020-07-14,US,Alabama,St. Clair,646,3,0,33.71902176,-86.31029372,1115.0,721.6909464652783,0.4643962848297213,643,598,3,0,595,544,88690,48,0,0,48,54
2020-07-14,US,Alabama,Sumter,304,13,0,32.59117397,-88.19916205,1119.0,2446.286312062445,4.276315789473684,291,297,13,0,284,292,12691,7,0,0,7,5
2020-07-14,US,Alabama,Talladega,433,7,0,33.37823223,-86.16886178,1121.0,541.3988846932907,1.6166281755196306,426,417,7,0,410,401,79828,16,0,0,16,16
2020-07-14,US,Alabama,Tallapoosa,646,69,0,32.86698258,-85.79833053,1123.0,1600.3170906928924,10.681114551083592,577,630,69,0,561,630,40497,16,0,0,16,0
2020-07-14,US,Alabama,Tuscaloosa,2777,54,0,33.28726072,-87.52556818,1125.0,1326.4550643643572,1.944544472452287,2723,2743,53,0,2690,2690,208911,34,1,0,33,53
2020-07-14,US,Alabama,Unassigned,814,28,0,0.0,0.0,90001.0,0.0,3.43980343980344,786,777,28,0,749,679,,37,0,0,37,98
2020-07-14,US,Alabama,Walker,1126,35,0,33.80270512,-87.30027177,1127.0,1772.6421183545606,3.108348134991119,1091,1113,32,0,1081,1075,63711,13,3,0,10,38
2020-07-14,US,Alabama,Washington,158,8,0,31.4092794,-88.20689944,1129.0,967.7814528972192,5.063291139240507,150,152,9,0,143,148,16378,6,-1,0,7,4
2020-07-14,US,Alabama,Wilcox,325,8,0,31.98773215,-87.30891118,1131.0,3133.1340981394005,2.4615384615384617,317,315,8,0,307,303,10627,10,0,0,10,12
2020-07-14,US,Alabama,Winston,315,7,0,34.15030532,-87.37325922,1133.0,1333.1076219899276,2.2222222222222223,308,309,5,0,304,299,23660,6,2,0,4,10
2020-07-14,US,Alaska,Aleutians West,1,0,0,52.3233,-174.1596,2016.0,17.749378771742986,0.0,1,1,0,0,1,1,5723,0,0,0,0,0
2020-07-14,US,Alaska,Anchorage,758,8,0,61.14998174,-149.14269860000005,2020.0,263.19444444444446,1.0554089709762533,750,740,8,0,732,705,291538,18,0,0,18,35
2020-07-14,US,Alaska,Bethel,16,0,0,60.90980451,-159.8561831,2050.0,87.02273468943761,0.0,16,16,0,0,16,14,18216,0,0,0,0,2
2020-07-14,US,Alaska,Bristol Bay,5,0,0,58.74513976,-156.701064,2060.0,598.0861244019137,0.0,5,5,0,0,5,3,877,0,0,0,0,2
2020-07-14,US,Alaska,Fairbanks North Star,260,2,0,64.80726247,-146.5692662,2090.0,268.4591477454594,0.7692307692307693,258,255,2,0,253,245,98971,5,0,0,5,10
2020-07-14,US,Alaska,Haines,2,0,0,59.09893571,-135.4679843,2100.0,79.05138339920948,0.0,2,2,0,0,2,2,2474,0,0,0,0,0
2020-07-14,US,Alaska,Juneau,52,2,0,58.45031811,-134.200436,2110.0,162.63213861262275,3.8461538461538463,50,51,2,0,49,51,32113,1,0,0,1,0
2020-07-14,US,Alaska,Kenai Peninsula,209,2,0,60.24429722,-151.53888840000005,2122.0,355.99918239422226,0.9569377990430622,207,203,2,0,201,200,58533,6,0,0,6,3
2020-07-14,US,Alaska,Ketchikan Gateway,23,0,0,55.57445008,-130.975561,2130.0,165.4557226098842,0.0,23,23,0,0,23,23,13918,0,0,0,0,0
2020-07-14,US,Alaska,Kodiak Island,6,0,0,57.65529415,-153.7493579,2150.0,46.16094783812894,0.0,6,6,0,0,6,5,13345,0,0,0,0,1
2020-07-14,US,Alaska,Kusilvak,2,0,0,62.15429159999999,-163.39678830000003,2158.0,24.05580947798893,0.0,2,2,0,0,2,2,8303,0,0,0,0,0
2020-07-14,US,Alaska,Matanuska-Susitna,158,2,0,62.31305045,-149.5741743,2170.0,145.86814627436138,1.2658227848101269,156,151,2,0,149,146,107610,7,0,0,7,5
2020-07-14,US,Alaska,Nome,15,0,0,64.90320724,-164.0353804,2180.0,149.94002399040383,0.0,15,15,0,0,15,15,10008,0,0,0,0,0
2020-07-14,US,Alaska,North Slope,5,0,0,69.31479216,-153.4836093,2185.0,50.854353132628155,0.0,5,5,0,0,5,4,9872,0,0,0,0,1
2020-07-14,US,Alaska,Northwest Arctic,7,0,0,67.04919196,-159.7503946,2188.0,91.8514630625902,0.0,7,7,0,0,7,6,7671,0,0,0,0,1
2020-07-14,US,Alaska,Petersburg,6,1,0,57.13978948,-132.9540995,2195.0,183.71096142069808,16.666666666666668,5,6,1,0,5,6,3221,0,0,0,0,0
2020-07-14,US,Alaska,Prince of Wales-Hyder,2,0,0,55.76261984,-133.0511621,2198.0,32.24246332419797,0.0,2,2,0,0,2,2,6422,0,0,0,0,0
2020-07-14,US,Alaska,Sitka,13,0,0,57.24124555,-135.3206587,2220.0,153.06723183798422,0.0,13,13,0,0,13,13,8647,0,0,0,0,0
2020-07-14,US,Alaska,Southeast Fairbanks,10,0,0,63.87692095,-143.2127643,2240.0,145.07471347744092,0.0,10,10,0,0,10,10,6918,0,0,0,0,0
2020-07-14,US,Alaska,Valdez-Cordova,12,0,0,61.47502768,-144.7126799,2261.0,130.40643338404695,0.0,12,10,0,0,10,10,9164,2,0,0,2,0
2020-07-14,US,Alaska,Wrangell,3,0,0,56.3202004,-132.05837309999998,2275.0,119.90407673860909,0.0,3,3,0,0,3,3,2503,0,0,0,0,0
2020-07-14,US,Alaska,Yukon-Koyukuk,14,0,0,65.50815459,-151.39073869999999,2290.0,267.6864244741874,0.0,14,13,0,0,13,13,5327,1,0,0,1,0
2020-07-14,US,Arizona,Apache,2611,104,0,35.39465006,-109.4892383,4001.0,3632.089251185889,3.983148219073152,2507,2580,104,0,2476,2579,71818,31,0,0,31,1
2020-07-14,US,Arizona,Cochise,1095,27,0,31.87934684,-109.7516088,4003.0,869.5859341497118,2.4657534246575343,1068,1062,23,0,1039,1049,126770,33,4,0,29,13
2020-07-14,US,Arizona,Coconino,2523,102,0,35.83883429,-111.7707178,4005.0,1758.4822548718948,4.042806183115339,2421,2475,102,0,2373,2457,142854,48,0,0,48,18
2020-07-14,US,Arizona,Gila,468,15,0,33.80190085,-110.8132779,4007.0,866.3778740419859,3.2051282051282053,453,446,12,0,434,445,53889,22,3,0,19,1
2020-07-14,US,Arizona,Graham,218,2,0,32.93166885,-109.8882178,4009.0,561.3203903494091,0.9174311926605504,216,207,2,0,205,204,38072,11,0,0,11,3
2020-07-14,US,Arizona,Greenlee,33,1,0,33.21498827,-109.2405279,4011.0,347.4415666456096,3.0303030303030303,32,33,1,0,32,32,9483,0,0,0,0,1
2020-07-14,US,Arizona,La Paz,412,7,0,33.72854224,-113.9810029,4012.0,1951.8665908660225,1.699029126213592,405,410,7,0,403,407,21098,2,0,0,2,3
2020-07-14,US,Arizona,Maricopa,84233,1198,0,33.34835867,-112.4918154,4013.0,1877.9314462388531,1.4222454382486671,83035,81216,1140,0,80076,80146,4410824,3017,58,0,2959,1070
2020-07-14,US,Arizona,Mohave,1937,99,0,35.70471703,-113.7577902,4015.0,912.899835517789,5.110996386164171,1838,1831,98,0,1733,1825,209550,106,1,0,105,6
2020-07-14,US,Arizona,Navajo,4482,145,0,35.3997715,-110.3218983,4017.0,4040.604377772168,3.2351628737170905,4337,4355,143,0,4212,4337,110445,127,2,0,125,18
2020-07-14,US,Arizona,Pima,12114,338,0,32.0971334,-111.7890033,4019.0,1156.7118217781508,2.7901601452864453,11776,11856,327,0,11529,11767,1039073,258,11,0,247,89
2020-07-14,US,Arizona,Pinal,5945,88,0,32.90525627,-111.3449483,4021.0,1284.6027023114204,1.4802354920100924,5857,5627,88,0,5539,5614,447138,318,0,0,318,13
2020-07-14,US,Arizona,Santa Cruz,2208,31,0,31.52508998,-110.8479088,4023.0,4748.591337261818,1.4039855072463767,2177,2186,29,0,2157,2180,46511,22,2,0,20,6
2020-07-14,US,Arizona,Yavapai,1189,21,0,34.59933926,-112.5538588,4025.0,505.74438853419196,1.7661900756938604,1168,1156,15,0,1141,1123,231993,33,6,0,27,33
2020-07-14,US,Arizona,Yuma,8629,159,0,32.76895712,-113.90666740000002,4027.0,4036.2603900143604,1.842623710742844,8470,8384,154,0,8230,8302,212128,245,5,0,240,82
2020-07-14,US,Arkansas,Arkansas,66,0,0,34.29145151,-91.37277296,5001.0,377.44481299325173,0.0,66,60,0,0,60,59,17769,6,0,0,6,1
2020-07-14,US,Arkansas,Ashley,111,3,0,33.19153461,-91.76984709999999,5003.0,564.6843363687236,2.702702702702702,108,110,3,0,107,100,20046,1,0,0,1,10
2020-07-14,US,Arkansas,Baxter,31,0,0,36.28784385,-92.33782872,5005.0,73.92921873509492,0.0,31,31,0,0,31,30,41619,0,0,0,0,1
2020-07-14,US,Arkansas,Benton,3551,23,0,36.33644656,-94.25680817,5007.0,1272.1169588129296,0.6477048718670797,3528,3496,22,0,3474,3470,272608,55,1,0,54,26
2020-07-14,US,Arkansas,Boone,63,1,0,36.3084504,-93.09374925,5009.0,168.30519341739688,1.5873015873015872,62,53,1,0,52,51,37480,10,0,0,10,2
2020-07-14,US,Arkansas,Bradley,82,2,0,33.46755808,-92.15980837,5011.0,761.8693672767813,2.4390243902439024,80,81,2,0,79,80,10897,1,0,0,1,1
2020-07-14,US,Arkansas,Calhoun,4,0,0,33.55598792,-92.49974403,5013.0,77.08614376565812,0.0,4,3,0,0,3,3,5277,1,0,0,1,0
2020-07-14,US,Arkansas,Carroll,236,6,0,36.34038560000001,-93.54270261,5015.0,831.5715292459479,2.5423728813559316,230,230,6,0,224,228,28223,6,0,0,6,2
2020-07-14,US,Arkansas,Chicot,224,3,0,33.26458973,-91.29539209,5017.0,2213.8762601304607,1.3392857142857142,221,218,3,0,215,217,10438,6,0,0,6,1
2020-07-14,US,Arkansas,Clark,76,0,0,34.04613432,-93.17484713,5019.0,340.5017921146953,0.0,76,73,0,0,73,71,22061,3,0,0,3,2
2020-07-14,US,Arkansas,Clay,84,3,0,36.36826212,-90.4148172,5021.0,577.2799120335372,3.571428571428572,81,82,3,0,79,81,14847,2,0,0,2,1
2020-07-14,US,Arkansas,Cleburne,137,4,0,35.53864922,-92.02640019,5023.0,549.7812913840844,2.9197080291970803,133,133,4,0,129,132,24965,4,0,0,4,1
2020-07-14,US,Arkansas,Cleveland,38,0,0,33.89723187,-92.18537045,5025.0,477.6269482151834,0.0,38,38,0,0,38,37,8018,0,0,0,0,1
2020-07-14,US,Arkansas,Columbia,112,5,0,33.21230701,-93.22642793,5027.0,477.46941211578627,4.464285714285714,107,109,5,0,104,109,23537,3,0,0,3,0
2020-07-14,US,Arkansas,Conway,98,3,0,35.26205537,-92.70506566,5029.0,470.1141705842848,3.0612244897959178,95,97,3,0,94,92,20891,1,0,0,1,5
2020-07-14,US,Arkansas,Craighead,610,7,0,35.83018283,-90.63235729,5031.0,552.8767719247362,1.147540983606557,603,565,7,0,558,545,108558,45,0,0,45,20
2020-07-14,US,Arkansas,Crawford,291,3,0,35.58928601,-94.2446814,5033.0,460.0281391782728,1.0309278350515465,288,284,3,0,281,275,63406,7,0,0,7,9
2020-07-14,US,Arkansas,Crittenden,879,14,0,35.21247318,-90.30839406,5035.0,1832.9684078823896,1.5927189988623436,865,865,14,0,851,841,48342,14,0,0,14,24
2020-07-14,US,Arkansas,Cross,102,1,0,35.29631396,-90.77185818,5037.0,621.2315000913577,0.9803921568627452,101,101,1,0,100,101,16676,1,0,0,1,0
2020-07-14,US,Arkansas,Dallas,13,0,0,33.97042763,-92.65167437,5039.0,185.47581680696248,0.0,13,12,0,0,12,12,7182,1,0,0,1,0
2020-07-14,US,Arkansas,Desha,85,1,0,33.83011025,-91.25500948,5041.0,748.1735762696945,1.1764705882352942,84,84,1,0,83,81,11512,1,0,0,1,3
2020-07-14,US,Arkansas,Drew,96,2,0,33.59035001,-91.71777921,5043.0,526.9224436028322,2.083333333333333,94,95,2,0,93,92,18328,1,0,0,1,3
2020-07-14,US,Arkansas,Faulkner,810,4,0,35.14719007,-92.33717519,5045.0,642.8214305554452,0.4938271604938271,806,788,3,0,785,771,124806,22,1,0,21,17
2020-07-14,US,Arkansas,Franklin,34,1,0,35.51202821,-93.89299569,5047.0,191.92774484899803,2.9411764705882355,33,33,1,0,32,30,17810,1,0,0,1,3
2020-07-14,US,Arkansas,Fulton,18,0,0,36.38177105,-91.81729127,5049.0,144.2654484251022,0.0,18,18,0,0,18,18,12269,0,0,0,0,0
2020-07-14,US,Arkansas,Garland,347,3,0,34.57692074,-93.14921604,5051.0,349.14374257943774,0.8645533141210374,344,341,3,0,338,332,99154,6,0,0,6,9
2020-07-14,US,Arkansas,Grant,62,0,0,34.29017991,-92.42320562,5053.0,339.4470298384889,0.0,62,58,0,0,58,55,18188,4,0,0,4,3
2020-07-14,US,Arkansas,Greene,154,0,0,36.11735460000001,-90.55832668,5055.0,339.7683397683398,0.0,154,150,0,0,150,148,45325,4,0,0,4,2
2020-07-14,US,Arkansas,Hempstead,96,1,0,33.73325583,-93.66935133,5057.0,445.8480401263236,1.0416666666666667,95,87,1,0,86,79,21741,9,0,0,9,8
2020-07-14,US,Arkansas,Hot Spring,1294,1,0,34.31709259,-92.95396325,5059.0,3831.6899114624975,0.07727975270479134,1293,1270,1,0,1269,1266,33701,24,0,0,24,4
2020-07-14,US,Arkansas,Howard,154,1,0,34.09007427,-93.9934871,5061.0,1166.489925768823,0.6493506493506493,153,138,1,0,137,137,13341,16,0,0,16,1
2020-07-14,US,Arkansas,Independence,79,0,0,35.74242707,-91.57001641,5063.0,208.85657633840046,0.0,79,74,0,0,74,73,37678,5,0,0,5,1
2020-07-14,US,Arkansas,Izard,26,1,0,36.09604046,-91.90847954,5065.0,190.76968229510604,3.8461538461538463,25,25,1,0,24,25,13593,1,0,0,1,0
2020-07-14,US,Arkansas,Jackson,42,0,0,35.59802983,-91.21494602,5067.0,251.21119684191638,0.0,42,41,0,0,41,41,16811,1,0,0,1,0
2020-07-14,US,Arkansas,Jefferson,900,29,0,34.26767081,-91.92619839,5069.0,1346.8215012570333,3.2222222222222223,871,884,29,0,855,861,68114,16,0,0,16,23
2020-07-14,US,Arkansas,Johnson,427,0,0,35.56759135,-93.46036368,5071.0,1606.5919181277748,0.0,427,381,0,0,381,366,26742,46,0,0,46,15
2020-07-14,US,Arkansas,Lafayette,32,2,0,33.24116713,-93.60677071,5073.0,483.0917874396137,6.25,30,30,2,0,28,29,6682,2,0,0,2,1
2020-07-14,US,Arkansas,Lawrence,123,9,0,36.04188196,-91.10867198,5075.0,749.7257101060588,7.317073170731707,114,115,9,0,106,115,16434,8,0,0,8,0
2020-07-14,US,Arkansas,Lee,850,5,0,34.78498904,-90.78383866,5077.0,9596.928982725529,0.5882352941176471,845,828,4,0,824,827,8985,22,1,0,21,1
2020-07-14,US,Arkansas,Lincoln,1052,11,0,33.95317155,-91.74002806,5079.0,8077.395577395578,1.0456273764258557,1041,1048,11,0,1037,1048,13383,4,0,0,4,0
2020-07-14,US,Arkansas,Little River,50,0,0,33.70375665,-94.23468591,5081.0,407.86361040867934,0.0,50,45,0,0,45,43,12326,5,0,0,5,2
2020-07-14,US,Arkansas,Logan,89,0,0,35.21413234,-93.71951016,5083.0,414.6091493524644,0.0,89,87,0,0,87,81,21737,2,0,0,2,6
2020-07-14,US,Arkansas,Lonoke,213,1,0,34.75392199,-91.88742357,5085.0,290.55095554433973,0.4694835680751174,212,201,1,0,200,197,73657,12,0,0,12,4
2020-07-14,US,Arkansas,Madison,224,1,0,36.01038185,-93.72524943,5087.0,1351.3513513513512,0.44642857142857145,223,223,1,0,222,223,16481,1,0,0,1,0
2020-07-14,US,Arkansas,Marion,14,0,0,36.26844485,-92.68451899,5089.0,83.86246555648736,0.0,14,14,0,0,14,13,16722,0,0,0,0,1
2020-07-14,US,Arkansas,Miller,291,2,0,33.31403423,-93.89285258,5091.0,672.7234898397948,0.6872852233676976,289,280,2,0,278,265,43592,11,0,0,11,15
2020-07-14,US,Arkansas,Mississippi,349,3,0,35.76271485,-90.05194370000002,5093.0,858.5274654990037,0.8595988538681948,346,337,3,0,334,314,41239,12,0,0,12,23
2020-07-14,US,Arkansas,Monroe,27,0,0,34.6815935,-91.20540287,5095.0,402.92493657663033,0.0,27,22,0,0,22,21,6900,5,0,0,5,1
2020-07-14,US,Arkansas,Montgomery,7,0,0,34.53704874,-93.65824478,5097.0,77.89895392833294,0.0,7,7,0,0,7,7,8924,0,0,0,0,0
2020-07-14,US,Arkansas,Nevada,112,3,0,33.66340119,-93.30632432,5099.0,1357.2467280659234,2.6785714285714284,109,110,3,0,107,109,8326,2,0,0,2,1
2020-07-14,US,Arkansas,Newton,12,0,0,35.91947491,-93.21612969,5101.0,154.77879530504322,0.0,12,11,0,0,11,10,7805,1,0,0,1,1
2020-07-14,US,Arkansas,Ouachita,37,0,0,33.58839816,-92.87795984,5103.0,158.241382259858,0.0,37,36,0,0,36,34,23606,1,0,0,1,2
2020-07-14,US,Arkansas,Perry,34,0,0,34.945915299999996,-92.94372564,5105.0,325.2032520325203,0.0,34,34,0,0,34,34,10352,0,0,0,0,0
2020-07-14,US,Arkansas,Phillips,191,5,0,34.43268455,-90.84800154,5107.0,1074.119896524575,2.6178010471204187,186,175,5,0,170,173,18029,16,0,0,16,2
2020-07-14,US,Arkansas,Pike,20,0,0,34.16250414,-93.65789349,5109.0,186.6019779809666,0.0,20,20,0,0,20,19,10673,0,0,0,0,1
2020-07-14,US,Arkansas,Poinsett,78,3,0,35.57433534,-90.66268713,5111.0,331.51989119347166,3.8461538461538463,75,76,3,0,73,75,23974,2,0,0,2,1
2020-07-14,US,Arkansas,Polk,90,0,0,34.48254879,-94.22728802,5113.0,450.8114606291325,0.0,90,89,0,0,89,88,20049,1,0,0,1,1
2020-07-14,US,Arkansas,Pope,719,4,0,35.44871474,-93.03212219,5115.0,1122.1750530653014,0.5563282336578581,715,679,4,0,675,655,64000,40,0,0,40,24
2020-07-14,US,Arkansas,Prairie,38,0,0,34.83624419,-91.55162157,5117.0,471.3470602828082,0.0,38,30,0,0,30,30,8074,8,0,0,8,0
2020-07-14,US,Arkansas,Pulaski,3148,67,0,34.77054088,-92.31355101,5119.0,803.2435935709892,2.128335451080051,3081,3019,65,0,2954,2938,392680,129,2,0,127,81
2020-07-14,US,Arkansas,Randolph,80,2,0,36.3415714,-91.02455531,5121.0,445.4839068938634,2.5,78,78,2,0,76,76,17948,2,0,0,2,2
2020-07-14,US,Arkansas,Saline,512,3,0,34.64916145,-92.67583224,5125.0,418.1742447136078,0.5859375,509,490,3,0,487,471,121421,22,0,0,22,19
2020-07-14,US,Arkansas,Scott,17,0,0,34.85588887,-94.0632176,5127.0,165.3535648283241,0.0,17,17,0,0,17,16,10319,0,0,0,0,1
2020-07-14,US,Arkansas,Searcy,18,0,0,35.9109364,-92.69936482,5129.0,228.39741149600303,0.0,18,18,0,0,18,17,7958,0,0,0,0,1
2020-07-14,US,Arkansas,Sebastian,929,8,0,35.19605503,-94.27162713,5131.0,726.7635163150195,0.8611410118406889,921,874,7,0,867,834,127753,55,1,0,54,40
2020-07-14,US,Arkansas,Sevier,819,9,0,33.99780401,-94.2424869,5133.0,4815.664138295996,1.0989010989010992,810,811,9,0,802,807,17139,8,0,0,8,4
2020-07-14,US,Arkansas,Sharp,69,5,0,36.16258158,-91.47819342,5135.0,395.5968352253182,7.246376811594202,64,69,5,0,64,68,17366,0,0,0,0,1
2020-07-14,US,Arkansas,St. Francis,920,3,0,35.02201976,-90.74828138,5123.0,3680.883412018885,0.32608695652173914,917,911,3,0,908,906,25439,9,0,0,9,5
2020-07-14,US,Arkansas,Stone,22,1,0,35.86251946,-92.15684085,5137.0,175.91556053094516,4.545454545454546,21,22,1,0,21,22,12457,0,0,0,0,0
2020-07-14,US,Arkansas,Unassigned,1121,0,0,0.0,0.0,90005.0,0.0,0.0,1121,1121,0,0,1121,1073,,0,0,0,0,48
2020-07-14,US,Arkansas,Union,282,14,0,33.16887091,-92.59746952,5139.0,729.0212501938886,4.964539007092198,268,275,14,0,261,274,39126,7,0,0,7,1
2020-07-14,US,Arkansas,Van Buren,37,2,0,35.58095779,-92.51295036,5141.0,223.632517376851,5.405405405405406,35,36,2,0,34,35,16603,1,0,0,1,1
2020-07-14,US,Arkansas,Washington,4721,37,0,35.976844,-94.21800746,5143.0,1973.7694774381546,0.7837322601143826,4684,4594,37,0,4557,4526,236961,127,0,0,127,68
2020-07-14,US,Arkansas,White,156,2,0,35.25688493,-91.74908296,5145.0,198.08769189745152,1.2820512820512822,154,149,2,0,147,141,78727,7,0,0,7,8
2020-07-14,US,Arkansas,Woodruff,14,0,0,35.18902527,-91.2439489,5147.0,221.5189873417721,0.0,14,12,0,0,12,12,6490,2,0,0,2,0
2020-07-14,US,Arkansas,Yell,863,7,0,35.00292371,-93.41171338,5149.0,4043.859238086313,0.8111239860950173,856,838,5,0,833,832,21535,25,2,0,23,6
2020-07-14,US,California,Alameda,8321,152,0,37.64629437,-121.8929271,6001.0,497.86726610978445,1.8267035212113931,8169,7976,148,0,7828,7731,1666753,345,4,0,341,245
2020-07-14,US,California,Alpine,2,0,0,38.59678594,-119.82235940000001,6003.0,177.14791851195747,0.0,2,2,0,0,2,2,1101,0,0,0,0,0
2020-07-14,US,California,Amador,45,0,0,38.44583082,-120.65696000000001,6005.0,113.20185147917086,0.0,45,40,0,0,40,40,39383,5,0,0,5,0
2020-07-14,US,California,Butte,416,4,0,39.66727762,-121.6005252,6007.0,189.79314372268303,0.9615384615384616,412,338,4,0,334,338,231256,78,0,0,78,0
2020-07-14,US,California,Calaveras,75,0,0,38.20537103,-120.55291299999999,6009.0,163.3808953273064,0.0,75,67,0,0,67,67,45602,8,0,0,8,0
2020-07-14,US,California,Colusa,135,0,0,39.17881957,-122.2331726,6011.0,626.537336984267,0.0,135,113,0,0,113,113,21627,22,0,0,22,0
2020-07-14,US,California,Contra Costa,5023,92,0,37.91923498,-121.9289527,6013.0,435.4474888299007,1.83157475612184,4931,4852,90,0,4762,4661,1150215,171,2,0,169,191
2020-07-14,US,California,Del Norte,61,0,0,41.74228275,-123.89740630000001,6015.0,219.32978570401264,0.0,61,61,0,0,61,60,27828,0,0,0,0,1
2020-07-14,US,California,El Dorado,350,0,0,38.77965956,-120.5233166,6017.0,181.49479109949544,0.0,350,307,0,0,307,307,190678,43,0,0,43,0
2020-07-14,US,California,Fresno,8756,91,0,36.75733899,-119.6466953,6019.0,876.3878726975549,1.0392873458200091,8665,8282,88,0,8194,8282,994400,474,3,0,471,0
2020-07-14,US,California,Glenn,183,0,0,39.59875897,-122.3938452,6021.0,644.5250589934137,0.0,183,176,0,0,176,164,28047,7,0,0,7,12
2020-07-14,US,California,Humboldt,167,4,0,40.69923009,-123.876044,6023.0,123.19449977131559,2.395209580838323,163,165,4,0,161,165,136373,2,0,0,2,0
2020-07-14,US,California,Imperial,8119,141,0,33.0393082,-115.36690420000001,6025.0,4480.313439836657,1.7366670772262591,7978,7977,136,0,7841,7827,181827,142,5,0,137,150
2020-07-14,US,California,Inyo,37,1,0,36.51112084,-117.41119779999998,6027.0,205.11114806807475,2.702702702702702,36,35,1,0,34,35,17987,2,0,0,2,0
2020-07-14,US,California,Kern,6759,98,0,35.34329425,-118.72777959999999,6029.0,750.8314800455897,1.4499186270158309,6661,6601,98,0,6503,6502,896764,158,0,0,158,99
2020-07-14,US,California,Kings,3078,40,0,36.07409056,-119.8159973,6031.0,2012.5539427226365,1.299545159194282,3038,2970,39,0,2931,2918,151366,108,1,0,107,52
2020-07-14,US,California,Lake,122,1,0,39.10124298,-122.75362439999999,6033.0,189.48218556829124,0.819672131147541,121,121,1,0,120,108,64382,1,0,0,1,13
2020-07-14,US,California,Lassen,441,0,0,40.67311306,-120.59350990000002,6035.0,1442.4492198999114,0.0,441,428,0,0,428,337,30802,13,0,0,13,91
2020-07-14,US,California,Los Angeles,140576,3897,0,34.30828379,-118.22824109999999,6037.0,1400.2839097142803,2.7721659458228998,136679,136357,3824,0,132533,133549,10105518,4219,73,0,4146,2808
2020-07-14,US,California,Madera,1003,9,0,37.21513971,-119.76655890000002,6039.0,637.5256631093201,0.8973080757726819,994,893,8,0,885,893,157672,110,1,0,109,0
2020-07-14,US,California,Marin,3888,38,0,38.07122463,-122.72106310000001,6041.0,1502.1674793104248,0.977366255144033,3850,3702,32,0,3670,3434,259666,186,6,0,180,268
2020-07-14,US,California,Mariposa,34,1,0,37.57978556,-119.9073334,6043.0,197.6399465209556,2.9411764705882355,33,32,1,0,31,31,17471,2,0,0,2,1
2020-07-14,US,California,Mendocino,146,0,0,39.4381191,-123.39113130000001,6045.0,168.30165189224084,0.0,146,132,0,0,132,113,87606,14,0,0,14,19
2020-07-14,US,California,Merced,2183,13,0,37.18922369,-120.72090349999999,6047.0,786.1567271679631,0.5955107650022904,2170,1884,12,0,1872,1884,274765,299,1,0,298,0
2020-07-14,US,California,Mono,52,1,0,37.93899289,-118.8872409,6051.0,360.0110772639158,1.9230769230769231,51,52,1,0,51,51,14250,0,0,0,0,1
2020-07-14,US,California,Monterey,2835,18,0,36.21862405,-121.24133970000001,6053.0,653.1340065106058,0.6349206349206349,2817,2790,18,0,2772,2682,435594,45,0,0,45,108
2020-07-14,US,California,Napa,530,4,0,38.50735751,-122.33283899999999,6055.0,384.7717504936693,0.7547169811320755,526,518,4,0,514,477,139417,12,0,0,12,41
2020-07-14,US,California,Nevada,183,1,0,39.30394768,-120.76272809999999,6057.0,183.44945115533054,0.5464480874316939,182,163,1,0,162,163,99696,20,0,0,20,0
2020-07-14,US,California,Orange,26120,433,0,33.70147516,-117.76459979999998,6059.0,822.4978996703711,1.6577335375191424,25687,25255,424,0,24831,24715,3185968,865,9,0,856,540
2020-07-14,US,California,Placer,1151,11,0,39.06167234,-120.72405690000001,6061.0,288.95711836195716,0.9556907037358818,1140,1114,11,0,1103,1077,393149,37,0,0,37,37
2020-07-14,US,California,Plumas,20,0,0,40.00355989,-120.8395236,6063.0,106.3433827830063,0.0,20,19,0,0,19,17,18804,1,0,0,1,2
2020-07-14,US,California,Riverside,26481,553,0,33.74314981,-115.9933578,6065.0,1071.8683238442031,2.0882897171556967,25928,25748,550,0,25198,24765,2450758,733,3,0,730,983
2020-07-14,US,California,Sacramento,5938,91,0,38.45106826,-121.34253740000001,6067.0,382.5887950063722,1.532502526103065,5847,5714,83,0,5631,5489,1540975,224,8,0,216,225
2020-07-14,US,California,San Benito,398,2,0,36.60308176,-121.069975,6069.0,633.6772385683353,0.5025125628140703,396,362,2,0,360,362,61537,36,0,0,36,0
2020-07-14,US,California,San Bernardino,20456,309,0,34.84060306,-116.1774685,6071.0,938.3120382920848,1.5105592491200626,20147,19502,307,0,19195,19043,2171603,954,2,0,952,459
2020-07-14,US,California,San Diego,20887,436,0,33.03484597,-116.73653259999999,6073.0,625.6721174958736,2.0874227988701106,20451,19929,422,0,19507,19371,3343364,958,14,0,944,558
2020-07-14,US,California,San Francisco,4640,50,0,37.75215114,-122.43856720000001,6075.0,526.3462382692284,1.0775862068965518,4590,4590,50,0,4540,4522,883305,50,0,0,50,68
2020-07-14,US,California,San Joaquin,7216,73,0,37.93433732,-121.2730061,6077.0,946.7977348231576,1.0116407982261642,7143,6988,70,0,6918,6279,752660,228,3,0,225,709
2020-07-14,US,California,San Luis Obispo,1078,5,0,35.38822029,-120.4039028,6079.0,380.7693802077632,0.463821892393321,1073,1006,5,0,1001,905,284010,72,0,0,72,101
2020-07-14,US,California,San Mateo,4168,114,0,37.422880799999994,-122.32755459999998,6081.0,543.7186021422616,2.735124760076776,4054,4045,112,0,3933,3949,769545,123,2,0,121,96
2020-07-14,US,California,Santa Barbara,4323,31,0,34.65329488,-120.0188492,6083.0,968.1992568852338,0.7170946102243813,4292,3931,31,0,3900,3931,446527,392,0,0,392,0
2020-07-14,US,California,Santa Clara,6725,180,0,37.23104908,-121.6970462,6085.0,348.833831642678,2.6765799256505582,6545,6542,167,0,6375,6298,1937570,183,13,0,170,244
2020-07-14,US,California,Santa Cruz,600,3,0,37.05580291,-122.0066524,6087.0,219.60887659079185,0.5,597,569,3,0,566,569,274255,31,0,0,31,0
2020-07-14,US,California,Shasta,203,6,0,40.76391419,-122.0396884,6089.0,112.72767658818304,2.955665024630542,197,200,6,0,194,195,180040,3,0,0,3,5
2020-07-14,US,California,Sierra,1,0,0,39.57713498,-120.52007009999998,6091.0,33.277870216306155,0.0,1,1,0,0,1,1,2987,0,0,0,0,0
2020-07-14,US,California,Siskiyou,43,0,0,41.59198861,-122.54074340000001,6093.0,98.76202944486552,0.0,43,41,0,0,41,41,43724,2,0,0,2,0
2020-07-14,US,California,Solano,2313,31,0,38.26827353,-121.9357113,6095.0,516.7063932642753,1.340250756593169,2282,2075,28,0,2047,2075,446610,238,3,0,235,0
2020-07-14,US,California,Sonoma,1886,16,0,38.52746429,-122.88625060000001,6097.0,381.5218798549974,0.8483563096500529,1870,1819,16,0,1803,1703,499942,67,0,0,67,116
2020-07-14,US,California,Stanislaus,5356,57,0,37.55862499,-120.9970722,6099.0,972.6510006174408,1.0642270351008216,5299,4973,51,0,4922,4732,549815,383,6,0,377,241
2020-07-14,US,California,Sutter,441,4,0,39.03417539,-121.6945899,6101.0,454.77513895907026,0.90702947845805,437,403,4,0,399,388,96807,38,0,0,38,15
2020-07-14,US,California,Tehama,121,1,0,40.12570935,-122.23701709999999,6103.0,185.91358859320263,0.8264462809917356,120,107,1,0,106,107,63916,14,0,0,14,0
2020-07-14,US,California,Trinity,2,0,0,40.64917670000001,-123.114713,6105.0,16.28001628001628,0.0,2,2,0,0,2,2,12535,0,0,0,0,0
2020-07-14,US,California,Tulare,6209,153,0,36.22026558,-118.8020203,6107.0,1331.8461158957089,2.4641649218875825,6056,5942,152,0,5790,5678,465861,267,1,0,266,264
2020-07-14,US,California,Tuolumne,76,0,0,38.02644018,-119.95250929999999,6109.0,139.5058555747274,0.0,76,73,0,0,73,73,54539,3,0,0,3,0
2020-07-14,US,California,Ventura,4619,53,0,34.44465746,-119.09106129999999,6111.0,545.9772152916173,1.14743450963412,4566,4246,53,0,4193,4246,850967,373,0,0,373,0
2020-07-14,US,California,Yolo,999,29,0,38.68278902,-121.90182879999999,6113.0,453.06122448979585,2.9029029029029028,970,929,28,0,901,884,220408,70,1,0,69,45
2020-07-14,US,California,Yuba,221,3,0,39.26255932,-121.35356440000001,6115.0,280.92744190776426,1.3574660633484164,218,198,3,0,195,192,78041,23,0,0,23,6
2020-07-14,US,Colorado,Adams,4847,159,0,39.87432092,-104.3362578,8001.0,936.7613606714841,3.2803796162574788,4688,4788,158,0,4630,4757,511868,59,1,0,58,31
2020-07-14,US,Colorado,Alamosa,204,7,0,37.57250606,-105.7885451,8003.0,1256.6993162077251,3.431372549019608,197,204,6,0,198,204,16683,0,1,0,-1,0
2020-07-14,US,Colorado,Arapahoe,5734,352,0,39.64977461,-104.3353617,8005.0,873.2999284180388,6.138821067317754,5382,5682,349,0,5333,5647,651215,52,3,0,49,35
2020-07-14,US,Colorado,Archuleta,12,0,0,37.19474156,-107.0476867,8007.0,85.53710171787012,0.0,12,12,0,0,12,12,13765,0,0,0,0,0
2020-07-14,US,Colorado,Baca,14,0,0,37.31940883,-102.5603223,8009.0,390.9522479754258,0.0,14,14,0,0,14,14,3585,0,0,0,0,0
2020-07-14,US,Colorado,Bent,4,0,0,37.95474293,-103.0720195,8011.0,71.72314864622557,0.0,4,4,0,0,4,4,5882,0,0,0,0,0
2020-07-14,US,Colorado,Boulder,1558,74,0,40.09313619,-105.3546767,8013.0,477.6269482151834,4.7496790757381255,1484,1532,73,0,1459,1517,326078,26,1,0,25,15
2020-07-14,US,Colorado,Broomfield,348,30,0,39.95998787,-105.0566324,8014.0,493.8622010927411,8.620689655172415,318,342,30,0,312,341,69267,6,0,0,6,1
2020-07-14,US,Colorado,Chaffee,123,19,0,38.74745778,-106.19265729999998,8015.0,604.2444488111613,15.447154471544714,104,121,19,0,102,116,20027,2,0,0,2,5
2020-07-14,US,Colorado,Cheyenne,5,0,0,38.82777431,-102.6032558,8017.0,273.07482250136536,0.0,5,5,0,0,5,5,1876,0,0,0,0,0
2020-07-14,US,Colorado,Clear Creek,21,1,0,39.68864463,-105.6463118,8019.0,216.49484536082474,4.761904761904762,20,21,1,0,20,21,9605,0,0,0,0,0
2020-07-14,US,Colorado,Conejos,18,0,0,37.201606,-106.19174879999998,8021.0,219.37842778793416,0.0,18,18,0,0,18,18,8200,0,0,0,0,0
2020-07-14,US,Colorado,Costilla,22,0,0,37.27732493,-105.4276548,8023.0,565.9891947517366,0.0,22,22,0,0,22,22,3828,0,0,0,0,0
2020-07-14,US,Colorado,Crowley,71,1,0,38.32608609,-103.7844965,8025.0,1171.4238574492658,1.4084507042253518,70,71,1,0,70,71,5858,0,0,0,0,0
2020-07-14,US,Colorado,Custer,7,0,0,38.10883162,-105.3683478,8027.0,138.12154696132598,0.0,7,7,0,0,7,3,4954,0,0,0,0,4
2020-07-14,US,Colorado,Delta,84,1,0,38.86246243,-107.8631342,8029.0,269.5590783646749,1.1904761904761905,83,84,1,0,83,84,30953,0,0,0,0,0
2020-07-14,US,Colorado,Denver,8011,395,0,39.76018276,-104.8725695,8031.0,1101.605998809149,4.9307202596429915,7616,7952,394,0,7558,7902,716492,59,1,0,58,50
2020-07-14,US,Colorado,Douglas,1201,53,0,39.33133796,-104.930001,8035.0,342.01518422116794,4.412989175686928,1148,1178,52,0,1126,1161,342776,23,1,0,22,17
2020-07-14,US,Colorado,Eagle,783,8,0,39.62754308,-106.6933637,8037.0,1420.3566310519345,1.0217113665389528,775,766,8,0,758,763,54993,17,0,0,17,3
2020-07-14,US,Colorado,El Paso,3168,117,0,38.83240149,-104.5251411,8041.0,439.7538599922543,3.6931818181818175,3051,3102,116,0,2986,3059,713856,66,1,0,65,43
2020-07-14,US,Colorado,Elbert,65,2,0,39.28656773,-104.1358721,8039.0,243.18156309626247,3.0769230769230766,63,63,2,0,61,62,26282,2,0,0,2,1
2020-07-14,US,Colorado,Fremont,46,0,0,38.47362326,-105.4399667,8043.0,96.155856100671,0.0,46,45,0,0,45,43,48021,1,0,0,1,2
2020-07-14,US,Colorado,Garfield,441,3,0,39.59921777,-107.902708,8045.0,734.2535089325853,0.6802721088435374,438,423,3,0,420,415,59770,18,0,0,18,8
2020-07-14,US,Colorado,Gilpin,8,0,0,39.85646523,-105.5252597,8047.0,128.14352074323241,0.0,8,8,0,0,8,8,6121,0,0,0,0,0
2020-07-14,US,Colorado,Grand,29,1,0,40.10603347,-106.1178042,8049.0,184.31422397356044,3.4482758620689653,28,23,1,0,22,28,15525,6,0,0,6,-5
2020-07-14,US,Colorado,Gunnison,193,6,0,38.66611652,-107.0320729,8051.0,1105.2571297674954,3.1088082901554404,187,193,6,0,187,192,17246,0,0,0,0,1
2020-07-14,US,Colorado,Hinsdale,3,0,0,37.82247444,-107.3004345,8053.0,365.8536585365854,0.0,3,3,0,0,3,3,811,0,0,0,0,0
2020-07-14,US,Colorado,Huerfano,5,1,0,37.68473101,-104.9612585,8055.0,72.4952878062926,20.0,4,5,1,0,4,4,6889,0,0,0,0,1
2020-07-14,US,Colorado,Jackson,8,0,0,40.66593870000001,-106.3408905,8057.0,574.7126436781608,0.0,8,8,0,0,8,7,1399,0,0,0,0,1
2020-07-14,US,Colorado,Jefferson,3089,217,0,39.58635604,-105.2517692,8059.0,529.9537984597198,7.024927160893493,2872,3055,216,0,2839,3026,580233,34,1,0,33,29
2020-07-14,US,Colorado,Kit Carson,37,3,0,39.30497777,-102.6022199,8063.0,521.3470480484713,8.108108108108109,34,37,3,0,34,36,7163,0,0,0,0,1
2020-07-14,US,Colorado,La Plata,146,1,0,37.28632032,-107.8429014,8067.0,259.68943988900946,0.6849315068493149,145,136,1,0,135,136,56310,10,0,0,10,0
2020-07-14,US,Colorado,Lake,54,0,0,39.20278823,-106.3555697,8065.0,664.4518272425249,0.0,54,54,0,0,54,54,7824,0,0,0,0,0
2020-07-14,US,Colorado,Larimer,959,30,0,40.66671597,-105.4625784,8069.0,268.7034707298144,3.1282586027111576,929,946,30,0,916,917,350518,13,0,0,13,29
2020-07-14,US,Colorado,Las Animas,10,0,0,37.3153406,-104.0376458,8071.0,68.93699158968704,0.0,10,10,0,0,10,10,14503,0,0,0,0,0
2020-07-14,US,Colorado,Lincoln,4,0,0,38.98749519,-103.5136649,8073.0,70.1631292755657,0.0,4,4,0,0,4,4,5610,0,0,0,0,0
2020-07-14,US,Colorado,Logan,641,5,0,40.7249637,-103.110817,8075.0,2860.457851755991,0.7800312012480499,636,641,5,0,636,641,21528,0,0,0,0,0
2020-07-14,US,Colorado,Mesa,153,0,0,39.01787888,-108.469799,8077.0,99.21535568380779,0.0,153,146,0,0,146,142,153207,7,0,0,7,4
2020-07-14,US,Colorado,Mineral,17,0,0,37.66954283,-106.9281698,8079.0,2210.663198959688,0.0,17,17,0,0,17,17,776,0,0,0,0,0
2020-07-14,US,Colorado,Moffat,16,1,0,40.61810999,-108.2070876,8081.0,120.4547165549951,6.25,15,16,1,0,15,15,13188,0,0,0,0,1
2020-07-14,US,Colorado,Montezuma,81,3,0,37.33859579,-108.5958857,8083.0,309.36103578657907,3.703703703703704,78,80,3,0,77,80,26158,1,0,0,1,0
2020-07-14,US,Colorado,Montrose,223,12,0,38.40214114,-108.26390220000002,8085.0,521.5398288039665,5.381165919282512,211,218,12,0,206,218,42214,5,0,0,5,0
2020-07-14,US,Colorado,Morgan,661,46,0,40.26279810000001,-103.8093302,8087.0,2273.9782578780787,6.959152798789713,615,660,46,0,614,656,28558,1,0,0,1,4
2020-07-14,US,Colorado,Otero,23,1,0,37.9014485,-103.7173385,8089.0,125.83433636065216,4.3478260869565215,22,23,1,0,22,23,18432,0,0,0,0,0
2020-07-14,US,Colorado,Ouray,12,1,0,38.14717457,-107.7675136,8091.0,242.3263327948304,8.333333333333334,11,12,1,0,11,12,4833,0,0,0,0,0
2020-07-14,US,Colorado,Park,33,0,0,39.120926,-105.7182065,8093.0,175.11276200583708,0.0,33,32,0,0,32,33,18556,1,0,0,1,-1
2020-07-14,US,Colorado,Phillips,16,0,0,40.59414277,-102.3577703,8095.0,375.14654161781954,0.0,16,16,0,0,16,16,4286,0,0,0,0,0
2020-07-14,US,Colorado,Pitkin,138,2,0,39.21720112,-106.9310027,8097.0,776.7208870377666,1.4492753623188406,136,132,2,0,130,132,17950,6,0,0,6,0
2020-07-14,US,Colorado,Prowers,38,0,0,37.95544985,-102.3926052,8099.0,312.19191587249423,0.0,38,38,0,0,38,36,12164,0,0,0,0,2
2020-07-14,US,Colorado,Pueblo,450,32,0,38.17359144,-104.5127437,8101.0,267.18282430057474,7.111111111111112,418,444,31,0,413,432,167529,6,1,0,5,12
2020-07-14,US,Colorado,Rio Blanco,6,0,0,39.97913541,-108.2179009,8103.0,94.87666034155598,0.0,6,6,0,0,6,6,6336,0,0,0,0,0
2020-07-14,US,Colorado,Rio Grande,82,2,0,37.5836865,-106.3847838,8105.0,727.7891186651282,2.4390243902439024,80,81,2,0,79,81,11250,1,0,0,1,0
2020-07-14,US,Colorado,Routt,84,6,0,40.48596505,-106.9905548,8107.0,327.6386613620407,7.142857142857142,78,84,6,0,78,82,25733,0,0,0,0,2
2020-07-14,US,Colorado,Saguache,103,2,0,38.08054629,-106.282466,8109.0,1509.3786635404456,1.9417475728155342,101,103,2,0,101,103,6843,0,0,0,0,0
2020-07-14,US,Colorado,San Juan,2,0,0,37.76248981,-107.67632890000002,8111.0,274.72527472527474,0.0,2,2,0,0,2,2,762,0,0,0,0,0
2020-07-14,US,Colorado,San Miguel,50,0,0,38.00450883,-108.4020725,8113.0,611.321677466683,0.0,50,50,0,0,50,49,8191,0,0,0,0,1
2020-07-14,US,Colorado,Sedgwick,2,0,0,40.87595412,-102.3519227,8115.0,88.96797153024912,0.0,2,,,,,,2303,,,,,
2020-07-14,US,Colorado,Summit,293,4,0,39.63803232,-106.1150762,8117.0,944.8260294734126,1.3651877133105803,289,293,4,0,289,293,31007,0,0,0,0,0
2020-07-14,US,Colorado,Teller,65,2,0,38.88133511,-105.1614893,8119.0,256.0264691980463,3.0769230769230766,63,61,2,0,59,61,25083,4,0,0,4,0
2020-07-14,US,Colorado,Washington,46,0,0,39.97015535,-103.202587,8121.0,937.2453137734312,0.0,46,46,0,0,46,46,4909,0,0,0,0,0
2020-07-14,US,Colorado,Weld,3047,138,0,40.55499405,-104.3929621,8123.0,939.0062004610285,4.529044962257959,2909,3025,138,0,2887,2999,314305,22,0,0,22,26
2020-07-14,US,Colorado,Yuma,54,0,0,40.00346839,-102.4258673,8125.0,538.975945703164,0.0,54,54,0,0,54,54,10020,0,0,0,0,0
2020-07-14,US,Connecticut,Fairfield,16960,1385,0,41.26809896,-73.3881171,9001.0,1797.8823998337807,8.16627358490566,15575,16954,1385,0,15569,16906,943823,6,0,0,6,48
2020-07-14,US,Connecticut,Hartford,11950,1394,0,41.80283011,-72.73103891,9003.0,1340.1067599694973,11.665271966527195,10556,11949,1391,0,10558,11892,892697,1,3,0,-2,57
2020-07-14,US,Connecticut,Litchfield,1512,138,0,41.7937534,-73.2451475,9005.0,838.4488695912563,9.126984126984127,1374,1512,139,0,1373,1510,181111,0,-1,0,1,2
2020-07-14,US,Connecticut,Middlesex,1341,187,0,41.45949668,-72.53714864,9007.0,825.5559112512004,13.944817300522,1154,1340,187,0,1153,1335,162682,1,0,0,1,5
2020-07-14,US,Connecticut,New Haven,12617,1087,0,41.408032500000004,-72.93620426,9009.0,1476.092035514187,8.615360228263452,11530,12612,1087,0,11525,12532,857620,5,0,0,5,80
2020-07-14,US,Connecticut,New London,1334,102,0,41.48896435,-72.10430976,9011.0,503.0052110434907,7.646176911544227,1232,1328,101,0,1227,1322,266784,6,1,0,5,6
2020-07-14,US,Connecticut,Tolland,935,65,0,41.85853803,-72.3308481,9013.0,620.3515104066454,6.951871657754011,870,935,65,0,870,928,150921,0,0,0,0,7
2020-07-14,US,Connecticut,Unassigned,243,0,0,0.0,0.0,90009.0,0.0,0.0,243,244,2,0,242,230,,-1,-2,0,1,14
2020-07-14,US,Connecticut,Windham,638,14,0,41.82972709,-71.98182316,9015.0,546.3170694113819,2.19435736677116,624,636,14,0,622,632,117027,2,0,0,2,4
2020-07-14,US,Delaware,Kent,1865,83,0,39.08646628,-75.56884914,10001.0,1031.606429701415,4.450402144772118,1782,1857,83,0,1774,1848,178550,8,0,0,8,9
2020-07-14,US,Delaware,New Castle,5860,249,0,39.57992638,-75.64054974,10003.0,1048.763943996721,4.249146757679181,5611,5797,249,0,5548,5759,559335,63,0,0,63,38
2020-07-14,US,Delaware,Sussex,5130,177,0,38.66143781,-75.39031349,10005.0,2190.201729106628,3.450292397660818,4953,5119,176,0,4943,5093,229286,11,1,0,10,26
2020-07-14,US,Delaware,Unassigned,114,9,0,0.0,0.0,90010.0,0.0,7.894736842105262,105,106,9,0,97,104,,8,0,0,8,2
2020-07-14,US,District of Columbia,District of Columbia,10946,568,0,38.90417773,-77.01655992,11001.0,1550.9763386133031,5.189110177233694,10378,10906,568,0,10338,10847,702455,40,0,0,40,59
2020-07-14,US,Florida,Alachua,2258,12,0,29.67866525,-82.35928158,12001.0,839.2710458922924,0.5314437555358724,2246,2173,12,0,2161,2098,269956,85,0,0,85,75
2020-07-14,US,Florida,Baker,180,4,0,30.33060121,-82.28467476,12003.0,616.2273194111607,2.2222222222222223,176,175,4,0,171,162,28355,5,0,0,5,13
2020-07-14,US,Florida,Bay,1430,8,0,30.26548745,-85.62122584,12005.0,818.5226524713088,0.5594405594405595,1422,1322,8,0,1314,1193,185287,108,0,0,108,129
2020-07-14,US,Florida,Bradford,145,2,0,29.95079741,-82.16611613,12007.0,514.1661643204142,1.3793103448275863,143,144,2,0,142,133,27732,1,0,0,1,11
2020-07-14,US,Florida,Brevard,3632,34,0,28.29409504,-80.73091022,12009.0,603.3803921308032,0.9361233480176212,3598,3510,29,0,3481,3369,596849,122,5,0,117,141
2020-07-14,US,Florida,Broward,32814,464,0,26.15184651,-80.48725556,12011.0,1680.3753422047973,1.414030596696532,32350,31484,464,0,31020,30025,1951260,1330,0,0,1330,1459
2020-07-14,US,Florida,Calhoun,172,7,0,30.40666734,-85.19394153,12013.0,1219.4257355547682,4.069767441860465,165,162,7,0,155,174,14587,10,0,0,10,-12
2020-07-14,US,Florida,Charlotte,1212,79,0,26.90131002,-81.92949121,12015.0,641.5753533428618,6.518151815181517,1133,1158,79,0,1079,1117,184998,54,0,0,54,41
2020-07-14,US,Florida,Citrus,618,16,0,28.84804315,-82.47614748,12017.0,412.94426588799723,2.588996763754045,602,577,15,0,562,546,147929,41,1,0,40,31
2020-07-14,US,Florida,Clay,1602,39,0,29.98319144,-81.85609986,12019.0,730.6660828635543,2.4344569288389515,1563,1557,36,0,1521,1508,216072,45,3,0,42,49
2020-07-14,US,Florida,Collier,6731,96,0,26.11091986,-81.34687065,12021.0,1748.7568264129568,1.4262368147377804,6635,6465,94,0,6371,6220,378488,266,2,0,264,245
2020-07-14,US,Florida,Columbia,624,4,0,30.22509788,-82.62160164,12023.0,870.462851881818,0.6410256410256411,620,589,4,0,585,475,70503,35,0,0,35,114
2020-07-14,US,Florida,DeSoto,951,11,0,27.18677893,-81.80941373,12027.0,2502.565721954685,1.1566771819137749,940,886,11,0,875,831,37489,65,0,0,65,55
2020-07-14,US,Florida,Dixie,125,4,0,29.60631086,-83.15724673,12029.0,742.8978961131583,3.2,121,117,4,0,113,108,16700,8,0,0,8,9
2020-07-14,US,Florida,Duval,13724,87,0,30.33225875,-81.66976468,12031.0,1432.9343099226835,0.6339259691052171,13637,13370,84,0,13286,12864,950181,354,3,0,351,506
2020-07-14,US,Florida,Escambia,4483,54,0,30.67652764,-87.37284571,12033.0,1408.3489362771586,1.204550524202543,4429,4335,54,0,4281,4146,315534,148,0,0,148,189
2020-07-14,US,Florida,Flagler,529,5,0,29.45933576,-81.31508595,12035.0,459.6762280480705,0.9451795841209829,524,509,5,0,504,493,112067,20,0,0,20,16
2020-07-14,US,Florida,Franklin,45,0,0,29.83791238,-84.82731662,12037.0,371.1340206185567,0.0,45,44,0,0,44,33,11736,1,0,0,1,11
2020-07-14,US,Florida,Gadsden,624,8,0,30.57796289,-84.61915825,12039.0,1366.622864651774,1.2820512820512822,616,615,8,0,607,588,45894,9,0,0,9,27
2020-07-14,US,Florida,Gilchrist,156,0,0,29.72856978,-82.79880657,12041.0,839.5221181788828,0.0,156,143,0,0,143,135,18256,13,0,0,13,8
2020-07-14,US,Florida,Glades,209,1,0,26.95635849,-81.18996211,12043.0,1513.286510752299,0.4784688995215311,208,209,1,0,208,203,13724,0,0,0,0,6
2020-07-14,US,Florida,Gulf,101,0,0,29.93543004,-85.24270990000002,12045.0,740.5234987902339,0.0,101,98,0,0,98,90,16164,3,0,0,3,8
2020-07-14,US,Florida,Hamilton,439,2,0,30.49673973,-82.94998918,12047.0,3042.6947601885217,0.4555808656036446,437,434,2,0,432,425,14310,5,0,0,5,9
2020-07-14,US,Florida,Hardee,613,4,0,27.49293939,-81.80956574,12049.0,2275.680291049485,0.6525285481239804,609,607,4,0,603,602,27245,6,0,0,6,5
2020-07-14,US,Florida,Hendry,1267,30,0,26.55386945,-81.16469006,12051.0,3015.087335205369,2.3677979479084446,1237,1241,29,0,1212,1196,41556,26,1,0,25,45
2020-07-14,US,Florida,Hernando,946,10,0,28.55364461,-82.42700204,12053.0,487.83003300330034,1.0570824524312896,936,909,8,0,901,861,190865,37,2,0,35,48
2020-07-14,US,Florida,Highlands,590,13,0,27.34254618,-81.34071957,12055.0,555.4457216557931,2.2033898305084745,577,557,13,0,544,532,105424,33,0,0,33,25
2020-07-14,US,Florida,Hillsborough,20508,189,0,27.9276559,-82.32013172,12057.0,1393.2368094958586,0.9215915740198948,20319,19828,188,0,19640,19150,1436888,680,1,0,679,678
2020-07-14,US,Florida,Holmes,234,1,0,30.86747479,-85.81319222,12059.0,1192.8429423459245,0.4273504273504273,233,229,1,0,228,227,19477,5,0,0,5,2
2020-07-14,US,Florida,Indian River,1337,22,0,27.69308961,-80.60556721,12061.0,836.0273381564878,1.6454749439042633,1315,1259,21,0,1238,1185,157413,78,1,0,77,74
2020-07-14,US,Florida,Jackson,652,2,0,30.795459700000002,-85.21500423,12063.0,1404.7485672426426,0.3067484662576687,650,632,2,0,630,587,48305,20,0,0,20,45
2020-07-14,US,Florida,Jefferson,93,4,0,30.43669112,-83.89442308,12065.0,652.8148252140952,4.301075268817204,89,87,4,0,83,81,14288,6,0,0,6,6
2020-07-14,US,Florida,Lafayette,61,0,0,29.98484137,-83.18166636,12067.0,724.2935169793399,0.0,61,56,0,0,56,53,8732,5,0,0,5,3
2020-07-14,US,Florida,Lake,2783,27,0,28.76202069,-81.7125123,12069.0,758.0668885753355,0.9701760689902984,2756,2645,27,0,2618,2517,356495,138,0,0,138,128
2020-07-14,US,Florida,Lee,10631,203,0,26.58410348,-81.88399313,12071.0,1379.6155348524546,1.909509923807732,10428,10344,188,0,10156,10123,754610,287,15,0,272,221
2020-07-14,US,Florida,Leon,2520,10,0,30.45955727,-84.27491114,12073.0,858.3632511529999,0.3968253968253968,2510,2448,8,0,2440,2348,292502,72,2,0,70,100
2020-07-14,US,Florida,Levy,282,2,0,29.31829741,-82.74007147,12075.0,679.4689540515144,0.7092198581560284,280,273,2,0,271,263,40770,9,0,0,9,10
2020-07-14,US,Florida,Liberty,276,1,0,30.23766008,-84.8829258,12077.0,3303.806559731865,0.3623188405797101,275,276,1,0,275,274,8457,0,0,0,0,2
2020-07-14,US,Florida,Madison,382,4,0,30.44396917,-83.47398594,12079.0,2065.646460823014,1.0471204188481675,378,367,4,0,363,335,18529,15,0,0,15,32
2020-07-14,US,Florida,Manatee,5419,140,0,27.47196942,-82.31831044,12081.0,1343.8213726866259,2.583502491234545,5279,5266,140,0,5126,5112,394855,153,0,0,153,154
2020-07-14,US,Florida,Marion,1774,15,0,29.21227113,-82.05803627,12083.0,485.2576324132403,0.8455467869222097,1759,1642,15,0,1627,1489,359977,132,0,0,132,153
2020-07-14,US,Florida,Martin,2900,42,0,27.0772071,-80.43109784,12085.0,1801.2422360248447,1.4482758620689655,2858,2864,42,0,2822,2734,160912,36,0,0,36,130
2020-07-14,US,Florida,Miami-Dade,69803,1175,0,25.6112362,-80.55170587,12086.0,2569.1770889309296,1.683308740312021,68628,67713,1143,0,66570,64444,2761581,2090,32,0,2058,3269
2020-07-14,US,Florida,Monroe,641,6,0,25.20904673,-81.07812416,12087.0,863.5555316053243,0.93603744149766,635,611,6,0,605,572,75027,30,0,0,30,39
2020-07-14,US,Florida,Nassau,570,3,0,30.61037141,-81.80297522,12089.0,643.1593794076164,0.5263157894736842,567,546,2,0,544,524,85832,24,1,0,23,22
2020-07-14,US,Florida,Okaloosa,1445,10,0,30.69143028,-86.59267105,12091.0,685.6855431863262,0.6920415224913494,1435,1385,10,0,1375,1285,207269,60,0,0,60,100
2020-07-14,US,Florida,Okeechobee,581,2,0,27.386336199999995,-80.88944347,12093.0,1377.8220451527225,0.3442340791738382,579,566,2,0,564,527,41537,15,0,0,15,39
2020-07-14,US,Florida,Orange,19377,85,0,28.51367621,-81.31799498,12095.0,1390.5753481282457,0.43866439593332296,19292,18937,83,0,18854,18001,1380645,440,2,0,438,936
2020-07-14,US,Florida,Osceola,4575,37,0,28.06312234,-81.14882926,12097.0,1217.5616299091685,0.8087431693989071,4538,4442,31,0,4411,4167,367990,133,6,0,127,275
2020-07-14,US,Florida,Palm Beach,22279,624,0,26.64676272,-80.46536002,12099.0,1488.4718427012833,2.8008438439786345,21655,21806,611,0,21195,21018,1485941,473,13,0,460,788
2020-07-14,US,Florida,Pasco,4189,34,0,28.30810945,-82.40227529,12101.0,756.2095290704707,0.8116495583671519,4155,4060,29,0,4031,3875,539630,129,5,0,124,185
2020-07-14,US,Florida,Pinellas,11754,262,0,27.93130349,-82.72239666,12103.0,1205.5434073575684,2.2290284158584317,11492,11442,236,0,11206,10844,975280,312,26,0,286,598
2020-07-14,US,Florida,Polk,7881,151,0,27.95027105,-81.69732947,12105.0,1087.3689424471252,1.9160005075498032,7730,7630,141,0,7489,7246,708009,251,10,0,241,384
2020-07-14,US,Florida,Putnam,835,7,0,29.60779729,-81.74230285,12107.0,1120.489526442211,0.8383233532934131,828,775,7,0,768,738,74163,60,0,0,60,37
2020-07-14,US,Florida,Santa Rosa,1412,11,0,30.69341450000001,-87.02458128,12113.0,766.0881218362242,0.7790368271954674,1401,1379,11,0,1368,1331,179349,33,0,0,33,48
2020-07-14,US,Florida,Sarasota,3334,100,0,27.18546175,-82.33174248,12115.0,768.6597101502738,2.9994001199760048,3234,3219,100,0,3119,3106,426718,115,0,0,115,113
2020-07-14,US,Florida,Seminole,4536,25,0,28.7158582,-81.24060348,12117.0,961.371352998775,0.5511463844797179,4511,4466,24,0,4442,4229,467832,70,1,0,69,237
2020-07-14,US,Florida,St. Johns,2019,12,0,29.90096506,-81.43589967,12109.0,762.8309756982228,0.5943536404160475,2007,1905,12,0,1893,1843,254261,114,0,0,114,62
2020-07-14,US,Florida,St. Lucie,3134,64,0,27.37763908,-80.47106649,12111.0,954.623405026546,2.0421186981493302,3070,3061,64,0,2997,2862,321128,73,0,0,73,199
2020-07-14,US,Florida,Sumter,681,18,0,28.70181754,-82.0794267,12119.0,514.2727684639782,2.643171806167401,663,679,18,0,661,655,128754,2,0,0,2,24
2020-07-14,US,Florida,Suwannee,761,22,0,30.19746066,-82.99099670000003,12121.0,1713.3079676700365,2.890932982917214,739,750,22,0,728,735,44191,11,0,0,11,15
2020-07-14,US,Florida,Taylor,149,1,0,30.04848048,-83.60445406,12123.0,690.8062497102322,0.6711409395973155,148,143,1,0,142,136,21623,6,0,0,6,7
2020-07-14,US,Florida,Unassigned,328,0,0,0.0,0.0,90012.0,0.0,0.0,328,318,0,0,318,297,,10,0,0,10,21
2020-07-14,US,Florida,Union,120,2,0,30.04412971,-82.37497443,12125.0,787.5566056310298,1.6666666666666667,118,114,2,0,112,114,14940,6,0,0,6,0
2020-07-14,US,Florida,Volusia,4163,78,0,29.05858895,-81.18263252,12127.0,752.4164805054909,1.873648810953639,4085,3972,78,0,3894,3805,547538,191,0,0,191,167
2020-07-14,US,Florida,Wakulla,164,1,0,30.16548905,-84.39895211,12129.0,486.0843534188922,0.6097560975609756,163,137,1,0,136,128,32461,27,0,0,27,9
2020-07-14,US,Florida,Walton,622,10,0,30.64204028,-86.16935664,12131.0,839.7348489962334,1.6077170418006432,612,582,10,0,572,561,71375,40,0,0,40,21
2020-07-14,US,Florida,Washington,204,13,0,30.61359259,-85.66002461,12133.0,800.847956659993,6.372549019607844,191,191,13,0,178,163,24880,13,0,0,13,28
2020-07-14,US,Georgia,Appling,370,15,0,31.74847232,-82.28909114,13001.0,2012.4007396932445,4.0540540540540535,355,349,14,0,335,343,18507,21,1,0,20,6
2020-07-14,US,Georgia,Atkinson,205,2,0,31.29633502,-82.87545866,13003.0,2510.716472749541,0.975609756097561,203,196,2,0,194,194,8297,9,0,0,9,2
2020-07-14,US,Georgia,Bacon,314,5,0,31.55456473,-82.45936528,13005.0,2812.6119670369044,1.5923566878980893,309,310,5,0,305,304,11185,4,0,0,4,6
2020-07-14,US,Georgia,Baker,44,3,0,31.32669878,-84.44218806,13007.0,1448.3212639894668,6.8181818181818175,41,44,3,0,41,44,3092,0,0,0,0,0
2020-07-14,US,Georgia,Baldwin,681,35,0,33.06882326,-83.24701748,13009.0,1517.0416573847185,5.1395007342143915,646,654,35,0,619,647,44823,27,0,0,27,7
2020-07-14,US,Georgia,Banks,160,3,0,34.35607081,-83.49644388,13011.0,831.8602474784236,1.875,157,158,2,0,156,156,18988,2,1,0,1,2
2020-07-14,US,Georgia,Barrow,660,27,0,33.99148694,-83.71436292,13013.0,792.8880345987508,4.090909090909091,633,645,27,0,618,634,80809,15,0,0,15,11
2020-07-14,US,Georgia,Bartow,1013,44,0,34.23732119,-84.83887523,13015.0,940.2439250775027,4.343534057255677,969,1010,44,0,966,960,106408,3,0,0,3,50
2020-07-14,US,Georgia,Ben Hill,232,1,0,31.76095874,-83.22145359,13017.0,1389.2215568862275,0.4310344827586207,231,230,1,0,229,230,16787,2,0,0,2,0
2020-07-14,US,Georgia,Berrien,183,0,0,31.27590016,-83.22529920000002,13019.0,943.4448626076196,0.0,183,180,0,0,180,173,19252,3,0,0,3,7
2020-07-14,US,Georgia,Bibb,1895,43,0,32.80904227,-83.70489165,13021.0,1237.2762945696954,2.2691292875989446,1852,1725,43,0,1682,1677,153095,170,0,0,170,48
2020-07-14,US,Georgia,Bleckley,91,1,0,32.43829035,-83.33035166,13023.0,706.9059271343123,1.0989010989010992,90,90,1,0,89,88,12838,1,0,0,1,2
2020-07-14,US,Georgia,Brantley,147,3,0,31.19576557,-81.97743999,13025.0,769.271024124758,2.0408163265306123,144,144,3,0,141,140,18897,3,0,0,3,4
2020-07-14,US,Georgia,Brooks,234,11,0,30.83922642,-83.58303423,13027.0,1513.8772077375945,4.700854700854701,223,233,11,0,222,224,15513,1,0,0,1,9
2020-07-14,US,Georgia,Bryan,280,5,0,32.00979311,-81.44002948,13029.0,706.5889418830595,1.7857142857142858,275,267,5,0,262,255,38109,13,0,0,13,12
2020-07-14,US,Georgia,Bulloch,684,6,0,32.39577406,-81.74811421,13031.0,859.2101296352125,0.8771929824561403,678,660,6,0,654,623,77296,24,0,0,24,37
2020-07-14,US,Georgia,Burke,215,7,0,33.05917989,-81.99928721,13033.0,960.5504177277396,3.255813953488372,208,191,7,0,184,176,22423,24,0,0,24,15
2020-07-14,US,Georgia,Butts,349,35,0,33.283094500000004,-83.95435040000002,13035.0,1399.582932306705,10.028653295128938,314,345,35,0,310,342,24193,4,0,0,4,3
2020-07-14,US,Georgia,Calhoun,167,6,0,31.53169785,-84.62725131,13037.0,2698.335756988205,3.5928143712574854,161,170,6,0,164,170,6352,-3,0,0,-3,0
2020-07-14,US,Georgia,Camden,305,2,0,30.92951916,-81.66601818,13039.0,557.9336333369919,0.6557377049180327,303,301,2,0,299,283,53677,4,0,0,4,18
2020-07-14,US,Georgia,Candler,99,0,0,32.40209349,-82.07702563,13043.0,916.4121077478476,0.0,99,93,0,0,93,88,10836,6,0,0,6,5
2020-07-14,US,Georgia,Carroll,1108,40,0,33.58138199,-85.07976677,13045.0,923.3948929928662,3.610108303249097,1068,1101,40,0,1061,1050,118121,7,0,0,7,51
2020-07-14,US,Georgia,Catoosa,364,8,0,34.89872298,-85.13757014,13047.0,538.620893755549,2.1978021978021984,356,360,8,0,352,359,67420,4,0,0,4,1
2020-07-14,US,Georgia,Charlton,132,2,0,30.78371028,-82.13951596,13049.0,985.663082437276,1.5151515151515151,130,117,2,0,115,109,12968,15,0,0,15,8
2020-07-14,US,Georgia,Chatham,2816,39,0,32.00043026,-81.12489526,13051.0,972.9468265210933,1.384943181818182,2777,2709,39,0,2670,2554,289195,107,0,0,107,155
2020-07-14,US,Georgia,Chattahoochee,484,1,0,32.34341231,-84.78809239,13053.0,4437.517190794903,0.2066115702479339,483,468,0,0,468,463,10684,16,1,0,15,5
2020-07-14,US,Georgia,Chattooga,81,2,0,34.47197698,-85.34535662,13055.0,326.7578361369964,2.469135802469136,79,81,2,0,79,81,24790,0,0,0,0,0
2020-07-14,US,Georgia,Cherokee,1828,48,0,34.24393976,-84.47431861,13057.0,706.410637894989,2.62582056892779,1780,1799,48,0,1751,1753,254149,29,0,0,29,46
2020-07-14,US,Georgia,Clarke,1007,15,0,33.95436462,-83.37124007,13059.0,784.6895917588112,1.4895729890764648,992,977,15,0,962,939,127330,30,0,0,30,38
2020-07-14,US,Georgia,Clay,63,2,0,31.62221166,-84.97713865,13061.0,2223.0063514467183,3.1746031746031744,61,63,2,0,61,61,2887,0,0,0,0,2
2020-07-14,US,Georgia,Clayton,2984,82,0,33.54187245,-84.35594188,13063.0,1021.0226650607684,2.74798927613941,2902,2920,82,0,2838,2811,289615,64,0,0,64,109
2020-07-14,US,Georgia,Clinch,123,3,0,30.91395822,-82.70432472,13065.0,1858.5675430643696,2.4390243902439024,120,117,3,0,114,115,6648,6,0,0,6,2
2020-07-14,US,Georgia,Cobb,7388,256,0,33.94243204,-84.5761255,13067.0,971.9249455035316,3.4650785056848945,7132,7235,256,0,6979,7049,756865,153,0,0,153,186
2020-07-14,US,Georgia,Coffee,954,17,0,31.54892966,-82.85492059999999,13069.0,2204.607954151549,1.7819706498951782,937,942,17,0,925,931,43093,12,0,0,12,11
2020-07-14,US,Georgia,Colquitt,1278,20,0,31.18810588,-83.7677946,13071.0,2802.631578947369,1.5649452269170578,1258,1289,20,0,1269,1280,45592,-11,0,0,-11,9
2020-07-14,US,Georgia,Columbia,980,12,0,33.54534185,-82.263524,13073.0,625.3429814821905,1.2244897959183674,968,961,12,0,949,852,154291,19,0,0,19,109
2020-07-14,US,Georgia,Cook,249,4,0,31.16068491,-83.42947229,13075.0,1441.80660104227,1.606425702811245,245,248,4,0,244,242,17162,1,0,0,1,6
2020-07-14,US,Georgia,Coweta,914,16,0,33.35334302,-84.76129976,13077.0,615.4509154327347,1.7505470459518602,898,897,16,0,881,888,145864,17,0,0,17,9
2020-07-14,US,Georgia,Crawford,56,0,0,32.71391813,-83.98061238,13079.0,451.46726862302484,0.0,56,57,0,0,57,57,12318,-1,0,0,-1,0
2020-07-14,US,Georgia,Crisp,312,13,0,31.92289565,-83.76811843,13081.0,1394.6003933488296,4.166666666666667,299,311,13,0,298,311,22601,1,0,0,1,0
2020-07-14,US,Georgia,Dade,79,1,0,34.854916700000004,-85.50490424,13083.0,490.19607843137254,1.2658227848101269,78,79,1,0,78,79,16226,0,0,0,0,0
2020-07-14,US,Georgia,Dawson,184,3,0,34.44244079,-84.16964071,13085.0,704.7648230427455,1.6304347826086956,181,180,3,0,177,174,25083,4,0,0,4,6
2020-07-14,US,Georgia,DeKalb,8784,183,0,33.76944049,-84.22396017,13089.0,1156.8595687853372,2.083333333333333,8601,8618,182,0,8436,8253,756558,166,1,0,165,365
2020-07-14,US,Georgia,Decatur,324,8,0,30.87967778,-84.57619536,13087.0,1227.086805029541,2.469135802469136,316,318,8,0,310,312,26575,6,0,0,6,6
2020-07-14,US,Georgia,Dodge,146,2,0,32.17265114,-83.16948926,13091.0,708.5658820674594,1.3698630136986298,144,141,2,0,139,141,20705,5,0,0,5,0
2020-07-14,US,Georgia,Dooly,224,13,0,32.15630737,-83.79746561,13093.0,1672.8902165795369,5.803571428571429,211,224,13,0,211,223,13706,0,0,0,0,1
2020-07-14,US,Georgia,Dougherty,2182,156,0,31.53328528,-84.21722377,13095.0,2480.7858474691893,7.1494042163153075,2026,2173,156,0,2017,2160,91243,9,0,0,9,13
2020-07-14,US,Georgia,Douglas,1499,40,0,33.70291126,-84.77026156,13097.0,1024.3059114545963,2.6684456304202797,1459,1461,39,0,1422,1409,145331,38,1,0,37,52
2020-07-14,US,Georgia,Early,313,31,0,31.32155345,-84.90255207,13099.0,3071.6388616290483,9.904153354632587,282,306,31,0,275,306,10247,7,0,0,7,0
2020-07-14,US,Georgia,Echols,199,0,0,30.71101099,-82.89687287,13101.0,4967.548676984523,0.0,199,197,0,0,197,197,4000,2,0,0,2,0
2020-07-14,US,Georgia,Effingham,354,1,0,32.36616021,-81.34280942,13103.0,550.5785740948115,0.2824858757062147,353,333,1,0,332,284,62190,21,0,0,21,49
2020-07-14,US,Georgia,Elbert,191,0,0,34.11302332,-82.83936148,13105.0,995.1026362404918,0.0,191,184,0,0,184,173,19120,7,0,0,7,11
2020-07-14,US,Georgia,Emanuel,218,3,0,32.59221302,-82.30239915,13107.0,962.6424092554976,1.3761467889908257,215,215,3,0,212,211,22612,3,0,0,3,4
2020-07-14,US,Georgia,Evans,65,0,0,32.15328841,-81.8870105,13109.0,610.0994931481134,0.0,65,57,0,0,57,48,10721,8,0,0,8,9
2020-07-14,US,Georgia,Fannin,133,1,0,34.86430205,-84.316964,13111.0,507.86619825874453,0.7518796992481203,132,133,1,0,132,128,25964,0,0,0,0,5
2020-07-14,US,Georgia,Fayette,549,19,0,33.41357794,-84.49089434,13113.0,479.8070284300959,3.4608378870673957,530,532,19,0,513,514,113459,17,0,0,17,18
2020-07-14,US,Georgia,Floyd,755,15,0,34.26268279,-85.21577392,13115.0,766.5130256451907,1.9867549668874167,740,745,15,0,730,724,97927,10,0,0,10,21
2020-07-14,US,Georgia,Forsyth,1223,15,0,34.22604035,-84.12315129999998,13117.0,500.71237901839083,1.226492232215863,1208,1193,15,0,1178,1148,236612,30,0,0,30,45
2020-07-14,US,Georgia,Franklin,270,1,0,34.37525597,-83.23159927,13119.0,1156.3664396762174,0.3703703703703704,269,266,1,0,265,261,23023,4,0,0,4,5
2020-07-14,US,Georgia,Fulton,11354,327,0,33.79216944,-84.46319413,13121.0,1067.168450763532,2.8800422758499207,11027,11080,326,0,10754,10595,1050114,274,1,0,273,485
2020-07-14,US,Georgia,Gilmer,262,2,0,34.69316688,-84.45802506,13123.0,835.2194842041507,0.7633587786259542,260,257,2,0,255,241,30816,5,0,0,5,16
2020-07-14,US,Georgia,Glascock,15,0,0,33.22879932,-82.61297636,13125.0,504.88051161225184,0.0,15,15,0,0,15,15,2995,0,0,0,0,0
2020-07-14,US,Georgia,Glynn,1622,10,0,31.23279254,-81.53811412,13127.0,1901.7023870937485,0.6165228113440198,1612,1589,10,0,1579,1548,85219,33,0,0,33,41
2020-07-14,US,Georgia,Gordon,563,18,0,34.50487351,-84.87296253,13129.0,971.309283508445,3.197158081705151,545,551,18,0,533,527,57685,12,0,0,12,24
2020-07-14,US,Georgia,Grady,257,4,0,30.87454847,-84.23418364,13131.0,1043.3158770754676,1.5564202334630348,253,258,4,0,254,251,24748,-1,0,0,-1,7
2020-07-14,US,Georgia,Greene,123,10,0,33.5769205,-83.17139104,13133.0,671.2508185985592,8.130081300813009,113,120,10,0,110,117,17698,3,0,0,3,3
2020-07-14,US,Georgia,Gwinnett,11882,187,0,33.96044201,-84.02137802,13135.0,1269.105473965287,1.5738091230432587,11695,11691,185,0,11506,11304,927781,191,2,0,189,387
2020-07-14,US,Georgia,Habersham,785,41,0,34.63331566,-83.53094677,13137.0,1731.8213907518536,5.222929936305731,744,771,41,0,730,761,45388,14,0,0,14,10
2020-07-14,US,Georgia,Hall,3928,65,0,34.32207823,-83.81896936,13139.0,1921.3367181729693,1.654786150712831,3863,3874,64,0,3810,3813,202148,54,1,0,53,61
2020-07-14,US,Georgia,Hancock,236,33,0,33.2721566,-82.99766919,13141.0,2790.5876788459263,13.983050847457626,203,235,33,0,202,228,8348,1,0,0,1,7
2020-07-14,US,Georgia,Haralson,114,5,0,33.79602175,-85.21005667,13143.0,382.6530612244898,4.385964912280701,109,114,5,0,109,108,29533,0,0,0,0,6
2020-07-14,US,Georgia,Harris,465,13,0,32.73709786,-84.90538572,13145.0,1319.673061641503,2.795698924731183,452,445,12,0,433,425,34475,20,1,0,19,20
2020-07-14,US,Georgia,Hart,121,0,0,34.34626973,-82.96567682,13147.0,461.7439419958024,0.0,121,117,0,0,117,113,26099,4,0,0,4,4
2020-07-14,US,Georgia,Heard,85,3,0,33.29686567,-85.12886832,13149.0,712.9078252117756,3.5294117647058822,82,84,3,0,81,82,11879,1,0,0,1,2
2020-07-14,US,Georgia,Henry,1851,34,0,33.4533428,-84.14814659999998,13151.0,789.1337434611893,1.8368449486763911,1817,1809,34,0,1775,1769,230220,42,0,0,42,40
2020-07-14,US,Georgia,Houston,1017,31,0,32.45802497,-83.66879087,13153.0,644.2294901275156,3.0481809242871187,986,1003,30,0,973,989,155469,14,1,0,13,14
2020-07-14,US,Georgia,Irwin,107,1,0,31.60213036,-83.27501387,13155.0,1136.3636363636365,0.9345794392523364,106,107,1,0,106,104,9398,0,0,0,0,3
2020-07-14,US,Georgia,Jackson,548,12,0,34.13794553,-83.56814788,13157.0,750.9215232196443,2.18978102189781,536,531,12,0,519,516,70422,17,0,0,17,15
2020-07-14,US,Georgia,Jasper,89,1,0,33.31535543,-83.68844964,13159.0,625.9230606934383,1.1235955056179776,88,89,1,0,88,89,14040,0,0,0,0,0
2020-07-14,US,Georgia,Jeff Davis,171,3,0,31.80405727,-82.63724870000001,13161.0,1131.3264968574265,1.7543859649122806,168,161,3,0,158,158,15029,10,0,0,10,3
2020-07-14,US,Georgia,Jefferson,229,2,0,33.05867328,-82.41609057,13163.0,1490.691316234865,0.8733624454148472,227,215,2,0,213,204,15430,14,0,0,14,11
2020-07-14,US,Georgia,Jenkins,144,13,0,32.79248718,-81.96040187,13165.0,1659.7510373443986,9.027777777777779,131,142,13,0,129,139,8683,2,0,0,2,3
2020-07-14,US,Georgia,Johnson,132,2,0,32.70211082,-82.66166794,13167.0,1368.8686093539357,1.5151515151515151,130,130,2,0,128,126,9708,2,0,0,2,4
2020-07-14,US,Georgia,Jones,147,0,0,33.02512137,-83.56019163,13169.0,511.5712545676005,0.0,147,135,0,0,135,133,28616,12,0,0,12,2
2020-07-14,US,Georgia,Lamar,152,6,0,33.07841647,-84.14263877,13171.0,796.7709807621742,3.947368421052632,146,149,6,0,143,148,19000,3,0,0,3,1
2020-07-14,US,Georgia,Lanier,168,3,0,31.03828570000001,-83.06472457,13173.0,1611.8200134318336,1.7857142857142858,165,168,3,0,165,165,10340,0,0,0,0,3
2020-07-14,US,Georgia,Laurens,384,1,0,32.46325233,-82.92221316,13175.0,807.6389181003659,0.2604166666666667,383,381,1,0,380,367,47325,3,0,0,3,14
2020-07-14,US,Georgia,Lee,432,22,0,31.779330600000005,-84.14324253,13177.0,1440.3841024273142,5.092592592592593,410,426,22,0,404,423,29764,6,0,0,6,3
2020-07-14,US,Georgia,Liberty,281,2,0,31.82588896,-81.49251135,13179.0,457.39399365182715,0.7117437722419929,279,273,2,0,271,251,61497,8,0,0,8,22
2020-07-14,US,Georgia,Lincoln,69,2,0,33.79201475,-82.45024131,13181.0,871.1021335689937,2.898550724637681,67,67,2,0,65,64,7915,2,0,0,2,3
2020-07-14,US,Georgia,Long,73,1,0,31.75218791,-81.74952375,13183.0,373.22971522061454,1.3698630136986298,72,71,1,0,70,68,18998,2,0,0,2,3
2020-07-14,US,Georgia,Lowndes,1955,19,0,30.83568832,-83.27056716,13185.0,1665.1619167674564,0.9718670076726342,1936,1908,18,0,1890,1844,116321,47,1,0,46,64
2020-07-14,US,Georgia,Lumpkin,182,4,0,34.57286511,-84.00425681,13187.0,541.5055043141922,2.1978021978021984,178,178,4,0,174,170,32955,4,0,0,4,8
2020-07-14,US,Georgia,Macon,140,10,0,32.35207048,-84.04234127,13193.0,1081.331582606009,7.142857142857142,130,139,9,0,130,138,13143,1,1,0,0,1
2020-07-14,US,Georgia,Madison,184,4,0,34.12920917,-83.21218732,13195.0,615.7965194109772,2.1739130434782608,180,179,4,0,175,167,29650,5,0,0,5,12
2020-07-14,US,Georgia,Marion,101,3,0,32.3483402,-84.52733571,13197.0,1208.2785022131834,2.9702970297029703,98,100,3,0,97,100,8351,1,0,0,1,0
2020-07-14,US,Georgia,McDuffie,165,8,0,33.47851918,-82.48252774,13189.0,774.2117117117117,4.848484848484849,157,164,8,0,156,156,21531,1,0,0,1,8
2020-07-14,US,Georgia,McIntosh,85,1,0,31.49683595,-81.40163426,13191.0,591.1809709278064,1.1764705882352942,84,80,1,0,79,79,14340,5,0,0,5,1
2020-07-14,US,Georgia,Meriwether,259,3,0,33.04163534,-84.68859732,13199.0,1223.6027779090093,1.1583011583011582,256,254,3,0,251,251,21068,5,0,0,5,3
2020-07-14,US,Georgia,Miller,61,0,0,31.16568912,-84.73151117,13201.0,1066.8065757257782,0.0,61,61,0,0,61,60,5686,0,0,0,0,1
2020-07-14,US,Georgia,Mitchell,501,41,0,31.22483255,-84.19381821,13205.0,2291.5427891872114,8.183632734530939,460,501,41,0,460,491,22192,0,0,0,0,10
2020-07-14,US,Georgia,Monroe,240,20,0,33.014289,-83.92097166,13207.0,870.2589020233521,8.333333333333334,220,232,19,0,213,229,27520,8,1,0,7,3
2020-07-14,US,Georgia,Montgomery,63,0,0,32.17201038,-82.53527476,13209.0,686.8730920191888,0.0,63,55,0,0,55,54,9193,8,0,0,8,1
2020-07-14,US,Georgia,Morgan,88,0,0,33.59232073,-83.49129491,13211.0,456.52625025938994,0.0,88,81,0,0,81,80,18853,7,0,0,7,1
2020-07-14,US,Georgia,Murray,313,2,0,34.78897608,-84.74993177,13213.0,780.6264964086192,0.6389776357827476,311,308,2,0,306,292,39921,5,0,0,5,16
2020-07-14,US,Georgia,Muscogee,2976,63,0,32.50931999,-84.87142262,13215.0,1520.1589628592885,2.1169354838709675,2913,2889,58,0,2831,2766,194160,87,5,0,82,123
2020-07-14,US,Georgia,Newton,975,15,0,33.55514538,-83.84547140000002,13217.0,872.5300687285222,1.5384615384615383,960,951,15,0,936,906,109541,24,0,0,24,45
2020-07-14,US,Georgia,Oconee,252,13,0,33.83749973,-83.43679568,13219.0,625.6206554121153,5.158730158730159,239,243,13,0,230,236,39272,9,0,0,9,7
2020-07-14,US,Georgia,Oglethorpe,111,7,0,33.878629600000004,-83.08278123,13221.0,727.4395438757457,6.306306306306308,104,108,7,0,101,106,15054,3,0,0,3,2
2020-07-14,US,Georgia,Out of GA,9384,58,0,0.0,0.0,80013.0,0.0,0.6180733162830351,9326,8632,54,0,8578,8537,,752,4,0,748,95
2020-07-14,US,Georgia,Paulding,892,16,0,33.91969522,-84.86848792,13223.0,528.8527097772534,1.7937219730941705,876,879,16,0,863,854,164044,13,0,0,13,25
2020-07-14,US,Georgia,Peach,159,10,0,32.56934316,-83.82937,13225.0,577.2162927466783,6.289308176100628,149,150,10,0,140,148,27297,9,0,0,9,2
2020-07-14,US,Georgia,Pickens,122,5,0,34.46589159,-84.46406611,13227.0,374.3364732594889,4.0983606557377055,117,119,5,0,114,115,31980,3,0,0,3,4
2020-07-14,US,Georgia,Pierce,269,5,0,31.35928155,-82.21598442,13229.0,1381.9676342152582,1.858736059479554,264,264,5,0,259,256,19389,5,0,0,5,8
2020-07-14,US,Georgia,Pike,119,3,0,33.09310242,-84.38790389,13231.0,627.5709313363569,2.5210084033613445,116,116,3,0,113,115,18634,3,0,0,3,1
2020-07-14,US,Georgia,Polk,334,1,0,34.00267074,-85.18677781,13233.0,783.7983713890128,0.2994011976047904,333,330,1,0,329,323,42470,4,0,0,4,7
2020-07-14,US,Georgia,Pulaski,61,2,0,32.23334561,-83.47549959999998,13235.0,547.723803537757,3.278688524590164,59,61,2,0,59,60,11069,0,0,0,0,1
2020-07-14,US,Georgia,Putnam,225,12,0,33.32056115,-83.37552891,13237.0,1017.2250101722501,5.333333333333333,213,222,12,0,210,221,21809,3,0,0,3,1
2020-07-14,US,Georgia,Quitman,22,1,0,31.86728114,-85.01773177,13239.0,956.9377990430625,4.545454545454546,21,22,1,0,21,22,2279,0,0,0,0,0
2020-07-14,US,Georgia,Rabun,86,3,0,34.88389445,-83.40304637,13241.0,501.83812802707604,3.4883720930232562,83,86,3,0,83,81,16867,0,0,0,0,5
2020-07-14,US,Georgia,Randolph,212,25,0,31.76622818,-84.75732369,13243.0,3127.7663027441718,11.79245283018868,187,212,25,0,187,212,6833,0,0,0,0,0
2020-07-14,US,Georgia,Richmond,1830,62,0,33.35777107,-82.07026432,13245.0,903.6233816253372,3.387978142076503,1768,1759,61,0,1698,1611,201554,71,1,0,70,148
2020-07-14,US,Georgia,Rockdale,743,11,0,33.65145002,-84.02202167,13247.0,817.4177081499736,1.4804845222072678,732,721,11,0,710,700,90594,22,0,0,22,21
2020-07-14,US,Georgia,Schley,34,1,0,32.2654021,-84.31258912,13249.0,646.756705345254,2.9411764705882355,33,29,1,0,28,29,5236,5,0,0,5,0
2020-07-14,US,Georgia,Screven,121,8,0,32.74976524,-81.60779441,13251.0,866.3898038092509,6.6115702479338845,113,115,7,0,108,110,13938,6,1,0,5,5
2020-07-14,US,Georgia,Seminole,57,2,0,30.93464824,-84.86823924,13253.0,704.5735475896169,3.5087719298245608,55,56,2,0,54,55,8315,1,0,0,1,1
2020-07-14,US,Georgia,Spalding,590,33,0,33.26310031,-84.28013991,13255.0,884.5179377239405,5.59322033898305,557,578,33,0,545,565,66100,12,0,0,12,13
2020-07-14,US,Georgia,Stephens,333,6,0,34.55151201,-83.29405315,13257.0,1284.4744455159116,1.8018018018018016,327,323,6,0,317,322,26035,10,0,0,10,1
2020-07-14,US,Georgia,Stewart,225,3,0,32.07996777,-84.83208037,13259.0,3398.278205709107,1.3333333333333333,222,219,3,0,216,215,6199,6,0,0,6,4
2020-07-14,US,Georgia,Sumter,637,51,0,32.03650571,-84.19821492,13261.0,2157.566725375965,8.006279434850864,586,620,51,0,569,610,29733,17,0,0,17,10
2020-07-14,US,Georgia,Talbot,96,3,0,32.69642758,-84.53351366,13263.0,1549.636803874092,3.125,93,94,3,0,91,93,6272,2,0,0,2,1
2020-07-14,US,Georgia,Taliaferro,6,0,0,33.56543317,-82.88136816,13265.0,390.3708523096942,0.0,6,2,0,0,2,2,1608,4,0,0,4,0
2020-07-14,US,Georgia,Tattnall,206,0,0,32.04785085,-82.05539188,13267.0,814.6800601123151,0.0,206,201,0,0,201,193,25391,5,0,0,5,8
2020-07-14,US,Georgia,Taylor,39,2,0,32.55792548,-84.25077141,13269.0,486.284289276808,5.128205128205129,37,36,2,0,34,36,8039,3,0,0,3,0
2020-07-14,US,Georgia,Telfair,188,3,0,31.92829517,-82.93491155,13271.0,1185.3720050441361,1.5957446808510638,185,182,3,0,179,177,15876,6,0,0,6,5
2020-07-14,US,Georgia,Terrell,249,28,0,31.77527543,-84.44069698,13273.0,2918.7668503106315,11.244979919678713,221,249,28,0,221,248,8611,0,0,0,0,1
2020-07-14,US,Georgia,Thomas,609,33,0,30.86392347,-83.91847289,13275.0,1370.0479179321048,5.41871921182266,576,606,32,0,574,591,44448,3,1,0,2,15
2020-07-14,US,Georgia,Tift,999,28,0,31.45743864,-83.5236119,13277.0,2457.92736935341,2.8028028028028027,971,997,28,0,969,983,40571,2,0,0,2,14
2020-07-14,US,Georgia,Toombs,342,5,0,32.12059861,-82.32957247,13279.0,1274.692508386135,1.4619883040935673,337,329,5,0,324,325,26887,13,0,0,13,4
2020-07-14,US,Georgia,Towns,70,1,0,34.91369188,-83.74107459999998,13281.0,581.5402508930797,1.4285714285714286,69,70,1,0,69,70,11852,0,0,0,0,0
2020-07-14,US,Georgia,Treutlen,52,2,0,32.40422134,-82.56904553,13283.0,753.5139834806549,3.8461538461538463,50,48,2,0,46,46,6809,4,0,0,4,2
2020-07-14,US,Georgia,Troup,1767,38,0,33.03349196,-85.02812115,13285.0,2527.101627527817,2.150537634408602,1729,1756,38,0,1718,1750,70034,11,0,0,11,6
2020-07-14,US,Georgia,Turner,190,18,0,31.71612656,-83.62069378,13287.0,2379.4614902943013,9.473684210526317,172,189,18,0,171,189,7912,1,0,0,1,0
2020-07-14,US,Georgia,Twiggs,45,1,0,32.67435595,-83.43078662,13289.0,554.1871921182267,2.2222222222222223,44,40,1,0,39,41,8188,5,0,0,5,-1
2020-07-14,US,Georgia,Unassigned,1571,2,0,0.0,0.0,90013.0,0.0,0.1273074474856779,1569,1410,2,0,1408,1470,,161,0,0,161,-60
2020-07-14,US,Georgia,Union,120,4,0,34.82995757,-83.98967069,13291.0,489.5761086858962,3.333333333333333,116,115,4,0,111,109,24001,5,0,0,5,6
2020-07-14,US,Georgia,Upson,393,45,0,32.87920671,-84.30024826,13293.0,1493.161094224924,11.450381679389313,348,393,45,0,348,388,26215,0,0,0,0,5
2020-07-14,US,Georgia,Walker,384,12,0,34.73376362,-85.30165174,13295.0,550.4508249595046,3.125,372,378,12,0,366,374,69410,6,0,0,6,4
2020-07-14,US,Georgia,Walton,574,29,0,33.78017694,-83.73552314,13297.0,606.8102290867189,5.052264808362369,545,569,29,0,540,543,93503,5,0,0,5,26
2020-07-14,US,Georgia,Ware,703,17,0,31.05449097,-82.42224148,13299.0,1967.3140426484576,2.418207681365576,686,669,16,0,653,639,35680,34,1,0,33,30
2020-07-14,US,Georgia,Warren,34,0,0,33.41146451,-82.67795848,13301.0,647.1259992386753,0.0,34,34,0,0,34,31,5251,0,0,0,0,3
2020-07-14,US,Georgia,Washington,198,1,0,32.96711864,-82.79357039,13303.0,971.8268381270246,0.5050505050505051,197,197,1,0,196,188,20386,1,0,0,1,9
2020-07-14,US,Georgia,Wayne,192,0,0,31.5521809,-81.91894878,13305.0,641.561132088081,0.0,192,172,0,0,172,161,29808,20,0,0,20,11
2020-07-14,US,Georgia,Webster,33,2,0,32.04066113,-84.54742852,13307.0,1265.822784810127,6.0606060606060606,31,32,2,0,30,31,2611,1,0,0,1,1
2020-07-14,US,Georgia,Wheeler,62,0,0,32.12009104,-82.72574721,13309.0,789.3061744112033,0.0,62,60,0,0,60,57,7879,2,0,0,2,3
2020-07-14,US,Georgia,White,180,5,0,34.64624278,-83.74905525,13311.0,584.4535359438925,2.7777777777777777,175,174,5,0,169,172,29970,6,0,0,6,2
2020-07-14,US,Georgia,Whitfield,1869,15,0,34.80987459,-84.96093476,13313.0,1786.3287074205755,0.8025682182985554,1854,1840,15,0,1825,1787,104062,29,0,0,29,53
2020-07-14,US,Georgia,Wilcox,138,15,0,31.97496928,-83.43438555,13315.0,1598.1470758540822,10.869565217391305,123,137,15,0,122,135,8812,1,0,0,1,2
2020-07-14,US,Georgia,Wilkes,122,3,0,33.78290391,-82.74286107,13317.0,1247.8265316559273,2.459016393442623,119,115,2,0,113,109,9876,7,1,0,6,6
2020-07-14,US,Georgia,Wilkinson,122,9,0,32.80291082,-83.17140684,13319.0,1362.519544337726,7.3770491803278695,113,118,9,0,109,113,9036,4,0,0,4,5
2020-07-14,US,Georgia,Worth,357,22,0,31.55162306,-83.85090513,13321.0,1763.224181360201,6.162464985994397,335,356,22,0,334,356,20299,1,0,0,1,0
2020-07-14,US,Hawaii,Hawaii,105,0,0,19.60121157,-155.5210167,15001.0,52.10581947566658,0.0,105,102,0,0,102,101,200983,3,0,0,3,1
2020-07-14,US,Hawaii,Honolulu,960,15,0,21.45803166,-157.97121819999995,15003.0,98.50568921660273,1.5625,945,942,15,0,927,923,980080,18,0,0,18,19
2020-07-14,US,Hawaii,Kauai,43,0,0,22.03935037,-159.5966786,15007.0,59.480170970910045,0.0,43,43,0,0,43,43,72133,0,0,0,0,0
2020-07-14,US,Hawaii,Maui,135,6,0,20.86399628,-156.56890969999995,15009.0,80.63697235047815,4.4444444444444455,129,135,6,0,129,134,167207,0,0,0,0,1
2020-07-14,US,Hawaii,Out of HI,21,1,0,0.0,0.0,80015.0,0.0,4.761904761904762,20,21,1,0,20,19,,0,0,0,0,2
2020-07-14,US,Idaho,Ada,4541,25,0,43.4526575,-116.24155159999998,16001.0,942.924123782411,0.5505395287381634,4516,4448,25,0,4423,4146,469966,93,0,0,93,302
2020-07-14,US,Idaho,Adams,12,0,0,44.89333571,-116.4545247,16003.0,279.4597112249651,0.0,12,12,0,0,12,12,4250,0,0,0,0,0
2020-07-14,US,Idaho,Bannock,158,1,0,42.67002716,-112.2233311,16005.0,179.9380466472303,0.6329113924050633,157,146,1,0,145,141,87138,12,0,0,12,5
2020-07-14,US,Idaho,Bear Lake,2,0,0,42.28269683,-111.32892379999998,16007.0,32.6530612244898,0.0,2,2,0,0,2,2,6050,0,0,0,0,0
2020-07-14,US,Idaho,Benewah,29,0,0,47.21754179,-116.6586851,16009.0,311.8950311895032,0.0,29,29,0,0,29,29,9226,0,0,0,0,0
2020-07-14,US,Idaho,Bingham,91,1,0,43.21672879999999,-112.3978437,16011.0,194.3987524299844,1.0989010989010992,90,84,1,0,83,78,46236,7,0,0,7,6
2020-07-14,US,Idaho,Blaine,551,5,0,43.4085812,-113.9752658,16013.0,2393.4668346292515,0.9074410163339384,546,551,5,0,546,550,22601,0,0,0,0,1
2020-07-14,US,Idaho,Boise,11,0,0,43.98829931,-115.7309284,16015.0,140.46737326012004,0.0,11,10,0,0,10,9,7634,1,0,0,1,1
2020-07-14,US,Idaho,Bonner,76,0,0,48.29996017,-116.6017932,16017.0,166.1601696582785,0.0,76,75,0,0,75,71,44727,1,0,0,1,4
2020-07-14,US,Idaho,Bonneville,225,1,0,43.38713372,-111.6161537,16019.0,188.97717155767586,0.4444444444444444,224,208,1,0,207,197,116854,17,0,0,17,11
2020-07-14,US,Idaho,Boundary,10,0,0,48.76684761,-116.4630179,16021.0,81.66598611678236,0.0,10,7,0,0,7,7,11948,3,0,0,3,0
2020-07-14,US,Idaho,Camas,1,0,0,43.46665742,-114.8065892,16025.0,90.41591320072331,0.0,1,1,0,0,1,1,1127,0,0,0,0,0
2020-07-14,US,Idaho,Canyon,2281,12,0,43.61970148,-116.70954990000001,16027.0,992.390656474468,0.526085050416484,2269,2178,11,0,2167,2106,223499,103,1,0,102,72
2020-07-14,US,Idaho,Caribou,19,0,0,42.77149116,-111.5597683,16029.0,265.54856743535987,0.0,19,18,0,0,18,17,7060,1,0,0,1,1
2020-07-14,US,Idaho,Cassia,339,1,0,42.28347888,-113.6012409,16031.0,1410.7365792759051,0.2949852507374631,338,330,1,0,329,323,23864,9,0,0,9,7
2020-07-14,US,Idaho,Clearwater,7,0,0,46.67459924,-115.6622393,16035.0,79.945180447693,0.0,7,6,0,0,6,5,8758,1,0,0,1,1
2020-07-14,US,Idaho,Custer,6,0,0,44.24186819,-114.2855494,16037.0,139.04982618771726,0.0,6,6,0,0,6,6,4280,0,0,0,0,0
2020-07-14,US,Idaho,Elmore,105,2,0,43.3507101,-115.4701578,16039.0,381.66551561193705,1.9047619047619049,103,103,2,0,101,97,27259,2,0,0,2,6
2020-07-14,US,Idaho,Franklin,33,0,0,42.18332217,-111.81496659999999,16041.0,237.82069760737969,0.0,33,32,0,0,32,32,13726,1,0,0,1,0
2020-07-14,US,Idaho,Fremont,12,0,0,44.22800938,-111.48099429999999,16043.0,91.61004656844034,0.0,12,11,0,0,11,11,13168,1,0,0,1,0
2020-07-14,US,Idaho,Gem,69,0,0,44.06482372,-116.398376,16045.0,380.96289752650176,0.0,69,68,0,0,68,65,17634,1,0,0,1,3
2020-07-14,US,Idaho,Gooding,87,1,0,42.96927962,-114.81083059999999,16047.0,573.1602872389485,1.1494252873563218,86,86,1,0,85,85,15196,1,0,0,1,1
2020-07-14,US,Idaho,Idaho,13,0,0,45.84721541,-115.4634436,16049.0,77.99844003119938,0.0,13,13,0,0,13,11,16513,0,0,0,0,2
2020-07-14,US,Idaho,Jefferson,34,0,0,43.82078483,-112.3131749,16051.0,113.82277124970707,0.0,34,32,0,0,32,31,29439,2,0,0,2,1
2020-07-14,US,Idaho,Jerome,315,5,0,42.68891267,-114.2655033,16053.0,1290.3490086842535,1.5873015873015872,310,314,5,0,309,300,24015,1,0,0,1,14
2020-07-14,US,Idaho,Kootenai,747,1,0,47.67282258,-116.7020872,16055.0,450.82288755982313,0.13386880856760375,746,722,1,0,721,712,161505,25,0,0,25,10
2020-07-14,US,Idaho,Latah,36,0,0,46.81587887,-116.71136979999999,16057.0,89.7576543333001,0.0,36,36,0,0,36,36,40134,0,0,0,0,0
2020-07-14,US,Idaho,Lemhi,4,0,0,44.9438088,-113.9309747,16059.0,49.83181761554754,0.0,4,3,0,0,3,3,7961,1,0,0,1,0
2020-07-14,US,Idaho,Lewis,1,0,0,46.23315327,-116.434146,16061.0,26.055237102657642,0.0,1,1,0,0,1,1,3861,0,0,0,0,0
2020-07-14,US,Idaho,Lincoln,43,0,0,43.0012336,-114.1358773,16063.0,801.3417815877748,0.0,43,43,0,0,43,43,5360,0,0,0,0,0
2020-07-14,US,Idaho,Madison,75,0,0,43.78141028,-111.65384740000002,16065.0,187.93695341669385,0.0,75,72,0,0,72,69,39304,3,0,0,3,3
2020-07-14,US,Idaho,Minidoka,281,0,0,42.85518524,-113.6357257,16067.0,1335.614810589857,0.0,281,277,0,0,277,264,20825,4,0,0,4,13
2020-07-14,US,Idaho,Nez Perce,116,19,0,46.32638236,-116.75009750000001,16069.0,287.0718669570382,16.379310344827587,97,112,19,0,93,108,40408,4,0,0,4,4
2020-07-14,US,Idaho,Oneida,7,0,0,42.19494279999999,-112.5407838,16071.0,154.4912822776429,0.0,7,7,0,0,7,7,4488,0,0,0,0,0
2020-07-14,US,Idaho,Owyhee,101,0,0,42.58016894,-116.16938710000001,16073.0,854.2671064873552,0.0,101,96,0,0,96,93,11693,5,0,0,5,3
2020-07-14,US,Idaho,Payette,198,2,0,44.00545243,-116.7647695,16075.0,826.6878209678093,1.0101010101010102,196,191,2,0,189,188,23551,7,0,0,7,3
2020-07-14,US,Idaho,Power,20,0,0,42.69254894,-112.83957420000002,16077.0,260.38276266111177,0.0,20,20,0,0,20,20,7768,0,0,0,0,0
2020-07-14,US,Idaho,Shoshone,9,0,0,47.35364087,-115.89167490000001,16079.0,69.86492780624127,0.0,9,8,0,0,8,8,12796,1,0,0,1,0
2020-07-14,US,Idaho,Teton,35,0,0,43.75303583,-111.2056773,16081.0,288.2556415746994,0.0,35,35,0,0,35,33,11640,0,0,0,0,2
2020-07-14,US,Idaho,Twin Falls,861,25,0,42.35440512,-114.6685381,16083.0,991.044913556942,2.9036004645760745,836,853,25,0,828,830,86081,8,0,0,8,23
2020-07-14,US,Idaho,Unassigned,1,0,0,0.0,0.0,90016.0,0.0,0.0,1,1,0,0,1,1,,0,0,0,0,0
2020-07-14,US,Idaho,Valley,26,0,0,44.76728382,-115.5676773,16085.0,228.2303370786517,0.0,26,26,0,0,26,24,11041,0,0,0,0,2
2020-07-14,US,Idaho,Washington,132,2,0,44.45275475,-116.78476880000001,16087.0,1294.8793407886992,1.5151515151515151,130,131,2,0,129,131,10161,1,0,0,1,0
2020-07-14,US,Illinois,Adams,204,1,0,39.98815591,-91.18786813,17001.0,311.75976159547645,0.4901960784313725,203,189,1,0,188,169,65691,15,0,0,15,20
2020-07-14,US,Illinois,Alexander,25,0,0,37.18049267,-89.32910838,17003.0,433.9524388127061,0.0,25,25,0,0,25,25,6060,0,0,0,0,0
2020-07-14,US,Illinois,Bond,22,2,0,38.88829622,-89.43534887,17005.0,133.9340070619749,9.090909090909092,20,22,2,0,20,22,16630,0,0,0,0,0
2020-07-14,US,Illinois,Boone,640,21,0,42.32359279,-88.82345779,17007.0,1195.2786493351261,3.28125,619,639,21,0,618,637,53577,1,0,0,1,2
2020-07-14,US,Illinois,Brown,10,0,0,39.96209138,-90.75068024,17009.0,152.02189115232594,0.0,10,10,0,0,10,10,6556,0,0,0,0,0
2020-07-14,US,Illinois,Bureau,43,2,0,41.40385234,-89.5283051,17011.0,131.78864778717667,4.651162790697675,41,38,2,0,36,37,32993,5,0,0,5,1
2020-07-14,US,Illinois,Calhoun,2,0,0,39.16840183,-90.66330078,17013.0,42.202996412745314,0.0,2,2,0,0,2,1,4802,0,0,0,0,1
2020-07-14,US,Illinois,Carroll,21,2,0,42.06823429,-89.93395545,17015.0,146.8018175463125,9.523809523809524,19,21,2,0,19,21,14312,0,0,0,0,0
2020-07-14,US,Illinois,Cass,140,10,0,39.96991073,-90.24734436,17017.0,1152.5479542273813,7.142857142857142,130,140,9,0,131,140,12260,0,1,0,-1,0
2020-07-14,US,Illinois,Champaign,1057,17,0,40.13919438,-88.20046615,17019.0,504.07985158973526,1.6083254493850516,1040,1041,17,0,1024,1040,209983,16,0,0,16,1
2020-07-14,US,Illinois,Christian,52,4,0,39.54581621,-89.27780482,17021.0,160.97077761267954,7.6923076923076925,48,53,4,0,49,51,32661,-1,0,0,-1,2
2020-07-14,US,Illinois,Clark,41,0,0,39.33425789,-87.78705622,17023.0,265.5268441163137,0.0,41,40,0,0,40,41,15596,1,0,0,1,-1
2020-07-14,US,Illinois,Clay,8,0,0,38.75388572,-88.48914513,17025.0,60.67961165048544,0.0,8,8,0,0,8,5,13253,0,0,0,0,3
2020-07-14,US,Illinois,Clinton,252,16,0,38.60704876,-89.42385254,17027.0,670.8907938874395,6.349206349206349,236,246,16,0,230,246,37639,6,0,0,6,0
2020-07-14,US,Illinois,Coles,202,17,0,39.51949084,-88.22358557,17029.0,399.0438750716106,8.415841584158416,185,199,17,0,182,191,50885,3,0,0,3,8
2020-07-14,US,Illinois,Cook,96186,4741,0,41.84144849,-87.81658794,17031.0,1867.6048248690884,4.928991745160419,91445,95884,4729,0,91155,95557,5180493,302,12,0,290,327
2020-07-14,US,Illinois,Crawford,20,0,0,39.0032229,-87.75954624,17033.0,107.14094391171587,0.0,20,20,0,0,20,20,18807,0,0,0,0,0
2020-07-14,US,Illinois,Cumberland,30,0,0,39.27432424,-88.2401158,17035.0,278.65502507895224,0.0,30,30,0,0,30,29,10808,0,0,0,0,1
2020-07-14,US,Illinois,De Witt,18,0,0,40.17514519,-88.90959682,17039.0,115.10423327791278,0.0,18,18,0,0,18,18,15769,0,0,0,0,0
2020-07-14,US,Illinois,DeKalb,657,22,0,41.89373302,-88.76958483,17037.0,626.3286843284365,3.34855403348554,635,650,20,0,630,642,104143,7,2,0,5,8
2020-07-14,US,Illinois,Douglas,61,0,0,39.76768052,-88.21854195,17041.0,313.3829951194452,0.0,61,61,0,0,61,61,19479,0,0,0,0,0
2020-07-14,US,Illinois,DuPage,9810,491,0,41.85116968,-88.08642662,17043.0,1062.9295465158991,5.005096839959227,9319,9794,487,0,9307,9719,928589,16,4,0,12,75
2020-07-14,US,Illinois,Edgar,23,0,0,39.6809186,-87.74759563,17045.0,134.02482372822098,0.0,23,20,0,0,20,19,17360,3,0,0,3,1
2020-07-14,US,Illinois,Edwards,5,0,0,38.41353228,-88.05720863,17047.0,78.18608287724786,0.0,5,5,0,0,5,5,6392,0,0,0,0,0
2020-07-14,US,Illinois,Effingham,34,1,0,39.05935711,-88.58969584,17049.0,99.97647612326513,2.9411764705882355,33,32,1,0,31,31,34208,2,0,0,2,1
2020-07-14,US,Illinois,Fayette,26,3,0,39.00072038,-89.02452658,17051.0,121.85976752905887,11.538461538461537,23,25,3,0,22,24,21416,1,0,0,1,1
2020-07-14,US,Illinois,Ford,42,1,0,40.59706922,-88.22350769,17053.0,324.04907028778644,2.380952380952381,41,42,1,0,41,42,13264,0,0,0,0,0
2020-07-14,US,Illinois,Franklin,50,0,0,37.99189086,-88.92567818,17055.0,129.974784891731,0.0,50,46,0,0,46,46,38701,4,0,0,4,0
2020-07-14,US,Illinois,Fulton,17,0,0,40.47289135,-90.20862357,17057.0,49.504950495049506,0.0,17,16,0,0,16,16,34844,1,0,0,1,0
2020-07-14,US,Illinois,Gallatin,7,0,0,37.76430935,-88.22953869,17059.0,144.98757249378625,0.0,7,7,0,0,7,6,5058,0,0,0,0,1
2020-07-14,US,Illinois,Greene,11,0,0,39.35907414,-90.388865,17061.0,84.81764206955047,0.0,11,11,0,0,11,9,13044,0,0,0,0,2
2020-07-14,US,Illinois,Grundy,196,5,0,41.28569601,-88.41905692,17063.0,383.9072354761625,2.5510204081632653,191,196,5,0,191,194,50972,0,0,0,0,2
2020-07-14,US,Illinois,Hamilton,7,0,0,38.08163641,-88.53883373,17065.0,86.2493839329719,0.0,7,7,0,0,7,7,8163,0,0,0,0,0
2020-07-14,US,Illinois,Hancock,21,1,0,40.40423981,-91.16313899,17067.0,118.5904675852722,4.761904761904762,20,21,1,0,20,21,17844,0,0,0,0,0
2020-07-14,US,Illinois,Hardin,1,0,0,37.51810645,-88.26873022,17069.0,26.17115938236064,0.0,1,1,0,0,1,1,3910,0,0,0,0,0
2020-07-14,US,Illinois,Henderson,8,0,0,40.81908672,-90.92491462,17071.0,120.37315678603672,0.0,8,8,0,0,8,8,6709,0,0,0,0,0
2020-07-14,US,Illinois,Henry,122,1,0,41.3533994,-90.13296166,17073.0,249.42244393106128,0.819672131147541,121,120,1,0,119,116,49090,2,0,0,2,4
2020-07-14,US,Illinois,Iroquois,176,5,0,40.74717633,-87.82466784,17075.0,649.111160286199,2.8409090909090913,171,176,5,0,171,175,27604,0,0,0,0,1
2020-07-14,US,Illinois,Jackson,359,19,0,37.78595185,-89.38232563,17077.0,632.5991189427313,5.2924791086350975,340,357,19,0,338,356,57419,2,0,0,2,1
2020-07-14,US,Illinois,Jasper,47,7,0,39.01054275,-88.15437049,17079.0,489.0738813735692,14.893617021276595,40,47,7,0,40,47,9611,0,0,0,0,0
2020-07-14,US,Illinois,Jefferson,117,17,0,38.29980057,-88.9240025,17081.0,310.47659484131196,14.52991452991453,100,115,17,0,98,114,37820,2,0,0,2,1
2020-07-14,US,Illinois,Jersey,45,1,0,39.08869046,-90.35393073,17083.0,206.6779956827264,2.2222222222222223,44,44,1,0,43,43,21847,1,0,0,1,1
2020-07-14,US,Illinois,Jo Daviess,55,1,0,42.36542373,-90.21094405,17085.0,259.00635742877324,1.818181818181818,54,56,1,0,55,55,21366,-1,0,0,-1,1
2020-07-14,US,Illinois,Johnson,28,0,0,37.45939802,-88.88165419,17087.0,225.49730208585004,0.0,28,28,0,0,28,26,12456,0,0,0,0,2
2020-07-14,US,Illinois,Kane,8151,285,0,41.93842729,-88.42861412,17089.0,1530.9831086601694,3.4965034965034967,7866,8137,281,0,7856,8107,534216,14,4,0,10,30
2020-07-14,US,Illinois,Kankakee,1443,66,0,41.13746989,-87.86205334,17091.0,1313.4659845988606,4.573804573804574,1377,1439,66,0,1373,1431,110024,4,0,0,4,8
2020-07-14,US,Illinois,Kendall,1068,21,0,41.59081014,-88.42869583,17093.0,827.9711605550818,1.9662921348314608,1047,1071,23,0,1048,1063,127915,-3,-2,0,-1,8
2020-07-14,US,Illinois,Knox,175,0,0,40.93148779,-90.21330340000002,17095.0,352.1197609609851,0.0,175,171,0,0,171,170,50112,4,0,0,4,1
2020-07-14,US,Illinois,LaSalle,280,17,0,41.34426129999999,-88.88633881,17099.0,257.6631790114936,6.071428571428571,263,270,17,0,253,259,109430,10,0,0,10,11
2020-07-14,US,Illinois,Lake,10464,429,0,42.3224907,-88.00367925,17097.0,1502.2934956606632,4.099770642201835,10035,10422,428,0,9994,10378,700832,42,1,0,41,44
2020-07-14,US,Illinois,Lawrence,13,0,0,38.71987914,-87.72884035,17101.0,82.91873963515755,0.0,13,12,0,0,12,12,15765,1,0,0,1,0
2020-07-14,US,Illinois,Lee,109,2,0,41.74583951,-89.29977132,17103.0,319.68559361801965,1.834862385321101,107,107,2,0,105,107,34223,2,0,0,2,0
2020-07-14,US,Illinois,Livingston,55,2,0,40.89188292,-88.55784752,17105.0,154.286355475763,3.636363636363636,53,55,2,0,53,55,35761,0,0,0,0,0
2020-07-14,US,Illinois,Logan,24,0,0,40.12581572,-89.36638784,17107.0,83.86330281640926,0.0,24,20,0,0,20,21,28925,4,0,0,4,-1
2020-07-14,US,Illinois,Macon,254,22,0,39.86064913,-88.96342505,17115.0,244.20963570460248,8.661417322834646,232,253,22,0,231,253,104712,1,0,0,1,0
2020-07-14,US,Illinois,Macoupin,72,3,0,39.26119767,-89.92424028,17117.0,160.2635444953924,4.166666666666667,69,70,3,0,67,69,45313,2,0,0,2,1
2020-07-14,US,Illinois,Madison,1285,71,0,38.83042506,-89.90422563,17119.0,488.65632819451935,5.525291828793773,1214,1258,70,0,1188,1198,264461,27,1,0,26,60
2020-07-14,US,Illinois,Marion,79,0,0,38.64963204,-88.91899208,17121.0,212.33705147157642,0.0,79,79,0,0,79,77,37620,0,0,0,0,2
2020-07-14,US,Illinois,Marshall,13,0,0,41.0327901,-89.34510444,17123.0,113.656233607274,0.0,13,12,0,0,12,12,11534,1,0,0,1,0
2020-07-14,US,Illinois,Mason,28,0,0,40.23917274,-89.91824452,17125.0,209.59652668612918,0.0,28,25,0,0,25,24,13565,3,0,0,3,1
2020-07-14,US,Illinois,Massac,16,0,0,37.22078441,-88.71036614,17127.0,116.17775196049955,0.0,16,16,0,0,16,16,14080,0,0,0,0,0
2020-07-14,US,Illinois,McDonough,108,15,0,40.45674722,-90.67775541,17109.0,363.8568829593693,13.888888888888891,93,107,15,0,92,108,29955,1,0,0,1,-1
2020-07-14,US,Illinois,McHenry,2309,103,0,42.32451172,-88.45248227,17111.0,750.2258150461051,4.460805543525336,2206,2285,102,0,2183,2266,308570,24,1,0,23,19
2020-07-14,US,Illinois,McLean,334,15,0,40.48996987,-88.84621113,17113.0,194.7328836208656,4.491017964071856,319,326,15,0,311,322,172828,8,0,0,8,4
2020-07-14,US,Illinois,Menard,32,0,0,40.02742725,-89.80246001,17129.0,262.3811085601837,0.0,32,33,0,0,33,32,12288,-1,0,0,-1,1
2020-07-14,US,Illinois,Mercer,29,0,0,41.20596782,-90.74290052,17131.0,187.860335557427,0.0,29,29,0,0,29,29,15601,0,0,0,0,0
2020-07-14,US,Illinois,Monroe,170,13,0,38.27594376,-90.17761038,17133.0,490.8046308860466,7.647058823529411,157,165,13,0,152,159,34335,5,0,0,5,6
2020-07-14,US,Illinois,Montgomery,89,2,0,39.23198845,-89.47809254,17135.0,313.22587456887453,2.247191011235955,87,80,2,0,78,74,28601,9,0,0,9,6
2020-07-14,US,Illinois,Morgan,134,4,0,39.71654544,-90.20255104,17137.0,398.122288906055,2.985074626865672,130,134,4,0,130,134,33976,0,0,0,0,0
2020-07-14,US,Illinois,Moultrie,25,0,0,39.64187451,-88.62099969,17139.0,172.40190331701262,0.0,25,24,0,0,24,24,14717,1,0,0,1,0
2020-07-14,US,Illinois,Ogle,319,4,0,42.04165196,-89.32184679,17141.0,629.8994925261143,1.2539184952978055,315,316,4,0,312,314,50923,3,0,0,3,2
2020-07-14,US,Illinois,Out of IL,3,0,0,0.0,0.0,80017.0,0.0,0.0,3,3,0,0,3,,,0,0,0,0,
2020-07-14,US,Illinois,Peoria,710,30,0,40.78702156,-89.76078901,17143.0,396.2517928998377,4.225352112676056,680,687,30,0,657,666,180621,23,0,0,23,21
2020-07-14,US,Illinois,Perry,61,1,0,38.08510853,-89.36856219,17145.0,291.6427615222796,1.639344262295082,60,61,1,0,60,61,21174,0,0,0,0,0
2020-07-14,US,Illinois,Piatt,21,0,0,40.01360584,-88.59319339,17147.0,128.48751835535975,0.0,21,21,0,0,21,21,16396,0,0,0,0,0
2020-07-14,US,Illinois,Pike,8,0,0,39.62265059,-90.8877017,17149.0,51.41057772636721,0.0,8,8,0,0,8,7,15611,0,0,0,0,1
2020-07-14,US,Illinois,Pope,1,0,0,37.41391284,-88.56152109,17151.0,23.94062724443381,0.0,1,1,0,0,1,1,4212,0,0,0,0,0
2020-07-14,US,Illinois,Pulaski,85,0,0,37.22631423,-89.13085001,17153.0,1593.2521087160262,0.0,85,85,0,0,85,84,5463,0,0,0,0,1
2020-07-14,US,Illinois,Putnam,1,0,0,41.2013541,-89.2869272,17155.0,17.424638438752392,0.0,1,1,0,0,1,1,5740,0,0,0,0,0
2020-07-14,US,Illinois,Randolph,327,7,0,38.05095369,-89.82512254,17157.0,1028.8842741174249,2.1406727828746184,320,319,7,0,312,315,32106,8,0,0,8,4
2020-07-14,US,Illinois,Richland,9,0,0,38.71240969,-88.08475366,17159.0,58.015857667762525,0.0,9,9,0,0,9,9,15763,0,0,0,0,0
2020-07-14,US,Illinois,Rock Island,1232,30,0,41.46613806,-90.57042164,17161.0,868.3455620634485,2.435064935064935,1202,1217,30,0,1187,1194,143477,15,0,0,15,23
2020-07-14,US,Illinois,Saline,17,0,0,37.75332999,-88.54119706,17165.0,72.36814099016645,0.0,17,17,0,0,17,17,23906,0,0,0,0,0
2020-07-14,US,Illinois,Sangamon,553,33,0,39.75836914,-89.65872023,17167.0,284.0675597928824,5.967450271247738,520,547,33,0,514,531,195348,6,0,0,6,16
2020-07-14,US,Illinois,Schuyler,14,0,0,40.1571798,-90.61114163,17169.0,206.85579196217486,0.0,14,13,0,0,13,13,6907,1,0,0,1,0
2020-07-14,US,Illinois,Scott,1,0,0,39.6429169,-90.47814431,17171.0,20.197939810139367,0.0,1,1,0,0,1,1,4926,0,0,0,0,0
2020-07-14,US,Illinois,Shelby,21,1,0,39.39133527,-88.80611122,17173.0,97.06942775261163,4.761904761904762,20,21,1,0,20,20,21741,0,0,0,0,1
2020-07-14,US,Illinois,St. Clair,2386,145,0,38.46996033,-89.93063427,17163.0,918.8019377247908,6.077116512992456,2241,2347,144,0,2203,2304,261059,39,1,0,38,43
2020-07-14,US,Illinois,Stark,6,0,0,41.09309773,-89.79745866,17175.0,112.31748408835642,0.0,6,6,0,0,6,6,5427,0,0,0,0,0
2020-07-14,US,Illinois,Stephenson,287,6,0,42.35129217,-89.662598,17177.0,644.9728077666413,2.0905923344947737,281,286,6,0,280,285,44753,1,0,0,1,1
2020-07-14,US,Illinois,Tazewell,191,8,0,40.50716185,-89.51404662,17179.0,144.91324173197881,4.18848167539267,183,178,8,0,170,175,132328,13,0,0,13,3
2020-07-14,US,Illinois,Unassigned,1174,201,0,0.0,0.0,90017.0,0.0,17.120954003407153,973,1184,201,0,983,1185,,-10,0,0,-10,-1
2020-07-14,US,Illinois,Union,214,19,0,37.47119609,-89.25548938,17181.0,1285.0537440701376,8.878504672897197,195,212,19,0,193,212,16841,2,0,0,2,0
2020-07-14,US,Illinois,Vermilion,90,2,0,40.18417171,-87.73384359,17183.0,118.79933472372556,2.2222222222222223,88,89,2,0,87,89,76806,1,0,0,1,0
2020-07-14,US,Illinois,Wabash,23,0,0,38.44272901,-87.84922065,17185.0,199.65277777777766,0.0,23,23,0,0,23,23,11549,0,0,0,0,0
2020-07-14,US,Illinois,Warren,150,0,0,40.84925021,-90.6147432,17187.0,890.5248159582048,0.0,150,150,0,0,150,149,17032,0,0,0,0,1
2020-07-14,US,Illinois,Washington,25,0,0,38.35309213,-89.40982703,17189.0,180.02448332973285,0.0,25,25,0,0,25,25,13995,0,0,0,0,0
2020-07-14,US,Illinois,Wayne,21,1,0,38.42955355,-88.42586459,17191.0,129.50971322849213,4.761904761904762,20,19,1,0,18,19,16332,2,0,0,2,0
2020-07-14,US,Illinois,White,10,0,0,38.08706198,-88.17657461,17193.0,73.87161113983895,0.0,10,10,0,0,10,10,13665,0,0,0,0,0
2020-07-14,US,Illinois,Whiteside,220,15,0,41.75509713,-89.91556058,17195.0,398.7313094698686,6.8181818181818175,205,218,15,0,203,212,55626,2,0,0,2,6
2020-07-14,US,Illinois,Will,7382,326,0,41.44619267,-87.97862712,17197.0,1068.7042793050382,4.416147385532376,7056,7340,326,0,7014,7278,692310,42,0,0,42,62
2020-07-14,US,Illinois,Williamson,164,4,0,37.73033511,-88.92994027,17199.0,246.25733891917054,2.4390243902439024,160,162,4,0,158,161,67056,2,0,0,2,1
2020-07-14,US,Illinois,Winnebago,3202,106,0,42.33641854,-89.16085327,17201.0,1133.1625214104727,3.310430980637102,3096,3191,106,0,3085,3169,284081,11,0,0,11,22
2020-07-14,US,Illinois,Woodford,53,2,0,40.78579374,-89.20973757,17203.0,137.80909540029643,3.7735849056603774,51,54,2,0,52,48,38463,-1,0,0,-1,6
2020-07-14,US,Indiana,Adams,49,1,0,40.7457653,-84.93671406,18001.0,136.95949911954608,2.0408163265306123,48,49,1,0,48,49,35636,0,0,0,0,0
2020-07-14,US,Indiana,Allen,2988,135,0,41.09194313,-85.06800636,18003.0,787.7690160005693,4.518072289156627,2853,2971,134,0,2837,2952,375351,17,1,0,16,19
2020-07-14,US,Indiana,Bartholomew,609,45,0,39.20744865,-85.89558181,18005.0,726.9124720992136,7.389162561576356,564,605,45,0,560,601,82753,4,0,0,4,4
2020-07-14,US,Indiana,Benton,51,0,0,40.60626947,-87.31093999,18007.0,582.9903978052126,0.0,51,51,0,0,51,51,8653,0,0,0,0,0
2020-07-14,US,Indiana,Blackford,41,2,0,40.47388153,-85.32499702,18009.0,348.69875829222656,4.878048780487805,39,40,2,0,38,40,11930,1,0,0,1,0
2020-07-14,US,Indiana,Boone,497,44,0,40.0509304,-86.46841646,18011.0,732.5737364208542,8.853118712273641,453,492,44,0,448,491,66999,5,0,0,5,1
2020-07-14,US,Indiana,Brown,46,1,0,39.19605589,-86.22868909,18013.0,304.79724357275376,2.1739130434782608,45,44,1,0,43,43,15234,2,0,0,2,1
2020-07-14,US,Indiana,Carroll,114,2,0,40.580783200000006,-86.56198812,18015.0,562.7684257293776,1.7543859649122806,112,114,2,0,112,114,20127,0,0,0,0,0
2020-07-14,US,Indiana,Cass,1651,9,0,40.76135835,-86.34830753,18017.0,4380.588500623524,0.5451241671714112,1642,1648,9,0,1639,1645,37955,3,0,0,3,3
2020-07-14,US,Indiana,Clark,728,44,0,38.48015445,-85.70510334,18019.0,615.3742117631148,6.043956043956044,684,719,44,0,675,711,117360,9,0,0,9,8
2020-07-14,US,Indiana,Clay,65,5,0,39.39561833,-87.11723506,18021.0,247.85510009532888,7.6923076923076925,60,64,5,0,59,64,26170,1,0,0,1,0
2020-07-14,US,Indiana,Clinton,291,3,0,40.30319754,-86.47277257,18023.0,898.1758696256057,1.0309278350515465,288,290,3,0,287,290,32250,1,0,0,1,0
2020-07-14,US,Indiana,Crawford,35,0,0,38.28814402,-86.44518825,18025.0,330.9066843150232,0.0,35,33,0,0,33,33,10558,2,0,0,2,0
2020-07-14,US,Indiana,Daviess,151,17,0,38.70186039,-87.07185406,18027.0,452.7600371802943,11.258278145695362,134,151,17,0,134,151,33147,0,0,0,0,0
2020-07-14,US,Indiana,DeKalb,171,4,0,41.39804622,-84.99906934,18033.0,393.3294997124784,2.3391812865497075,167,169,4,0,165,169,43226,2,0,0,2,0
2020-07-14,US,Indiana,Dearborn,277,23,0,39.14647946,-84.97333539,18029.0,560.0711714990497,8.303249097472925,254,271,23,0,248,265,49568,6,0,0,6,6
2020-07-14,US,Indiana,Decatur,257,32,0,39.30712658,-85.50087166,18031.0,967.6569147934787,12.451361867704279,225,257,32,0,225,256,26794,0,0,0,0,1
2020-07-14,US,Indiana,Delaware,484,52,0,40.22787247,-85.39732772,18035.0,424.0592281070662,10.743801652892563,432,481,52,0,429,475,114772,3,0,0,3,6
2020-07-14,US,Indiana,Dubois,344,7,0,38.36597551,-86.87924170000002,18037.0,804.9419692998877,2.0348837209302326,337,319,6,0,313,309,42565,25,1,0,24,10
2020-07-14,US,Indiana,Elkhart,3720,61,0,41.59761169,-85.85875695,18039.0,1802.8409283661515,1.6397849462365592,3659,3662,60,0,3602,3618,205560,58,1,0,57,44
2020-07-14,US,Indiana,Fayette,108,7,0,39.63684962,-85.17797541,18041.0,467.49199203532163,6.481481481481483,101,108,7,0,101,106,23047,0,0,0,0,2
2020-07-14,US,Indiana,Floyd,425,44,0,38.32117957,-85.90385377,18043.0,541.2495861032577,10.352941176470589,381,418,44,0,374,414,77781,7,0,0,7,4
2020-07-14,US,Indiana,Fountain,38,2,0,40.12361933,-87.24217689,18045.0,232.4727762143644,5.2631578947368425,36,36,2,0,34,36,16351,2,0,0,2,0
2020-07-14,US,Indiana,Franklin,128,8,0,39.4142482,-85.06062647,18047.0,562.4395816855612,6.25,120,128,8,0,120,128,22736,0,0,0,0,0
2020-07-14,US,Indiana,Fulton,79,1,0,41.0469907,-86.26252745,18049.0,395.5141684189446,1.2658227848101269,78,76,1,0,75,73,20092,3,0,0,3,3
2020-07-14,US,Indiana,Gibson,133,2,0,38.30393723,-87.58054938,18051.0,395.1394872099587,1.5037593984962403,131,128,2,0,126,124,33452,5,0,0,5,4
2020-07-14,US,Indiana,Grant,334,26,0,40.51587228,-85.65468702,18053.0,507.83803919779837,7.7844311377245505,308,322,26,0,296,322,65936,12,0,0,12,0
2020-07-14,US,Indiana,Greene,200,32,0,39.03630547,-86.96223202,18055.0,626.5271599523841,16.0,168,199,32,0,167,196,32006,1,0,0,1,3
2020-07-14,US,Indiana,Hamilton,1779,101,0,40.07306535,-86.05244729,18057.0,526.3142323770528,5.67734682405846,1678,1735,101,0,1634,1708,330086,44,0,0,44,27
2020-07-14,US,Indiana,Hancock,472,36,0,39.82304555,-85.77566351,18059.0,603.8276532596459,7.627118644067798,436,474,36,0,438,468,76351,-2,0,0,-2,6
2020-07-14,US,Indiana,Harrison,220,22,0,38.19467379,-86.10948271,18061.0,543.0087621868444,10.0,198,218,22,0,196,218,40350,2,0,0,2,0
2020-07-14,US,Indiana,Hendricks,1482,100,0,39.76719009,-86.51037283,18063.0,870.1728015219217,6.747638326585696,1382,1470,100,0,1370,1466,167009,12,0,0,12,4
2020-07-14,US,Indiana,Henry,306,18,0,39.93029017,-85.39625719,18065.0,637.872092053698,5.882352941176472,288,303,18,0,285,296,48271,3,0,0,3,7
2020-07-14,US,Indiana,Howard,617,58,0,40.48527731,-86.11351892,18067.0,747.48013180849,9.40032414910859,559,610,58,0,552,607,82366,7,0,0,7,3
2020-07-14,US,Indiana,Huntington,93,2,0,40.82907273,-85.48822092,18069.0,254.65498357064618,2.150537634408602,91,94,2,0,92,94,36240,-1,0,0,-1,0
2020-07-14,US,Indiana,Jackson,481,3,0,38.90915820000001,-86.03851889,18071.0,1087.4725870995455,0.6237006237006237,478,479,3,0,476,478,44111,2,0,0,2,1
2020-07-14,US,Indiana,Jasper,142,2,0,41.02078733,-87.11553319,18073.0,423.0975508015017,1.4084507042253518,140,136,2,0,134,136,33370,6,0,0,6,0
2020-07-14,US,Indiana,Jay,72,0,0,40.43781032,-85.00576229,18075.0,352.3194362889019,0.0,72,72,0,0,72,72,20764,0,0,0,0,0
2020-07-14,US,Indiana,Jefferson,93,2,0,38.78576239,-85.43633383,18077.0,287.85440138665354,2.150537634408602,91,87,2,0,85,87,32208,6,0,0,6,0
2020-07-14,US,Indiana,Jennings,180,12,0,38.99588883,-85.62710784,18079.0,648.9994591671174,6.666666666666668,168,179,12,0,167,179,27611,1,0,0,1,0
2020-07-14,US,Indiana,Johnson,1366,118,0,39.48994426,-86.10149107,18081.0,863.6441229839348,8.63836017569546,1248,1351,118,0,1233,1345,156225,15,0,0,15,6
2020-07-14,US,Indiana,Knox,73,0,0,38.68861576,-87.4194665,18083.0,199.4862545772531,0.0,73,71,0,0,71,71,36895,2,0,0,2,0
2020-07-14,US,Indiana,Kosciusko,587,4,0,41.24521668,-85.86312322,18085.0,738.7736608940797,0.6814310051107325,583,584,4,0,580,582,79344,3,0,0,3,2
2020-07-14,US,Indiana,LaGrange,491,10,0,41.64232188,-85.42674232,18087.0,1239.4607966880396,2.0366598778004072,481,487,10,0,477,486,39330,4,0,0,4,1
2020-07-14,US,Indiana,LaPorte,639,28,0,41.54366008,-86.74072188,18091.0,581.5011648223648,4.381846635367761,611,629,28,0,601,623,110007,10,0,0,10,6
2020-07-14,US,Indiana,Lake,5764,251,0,41.41874274,-87.38277575,18089.0,1187.2467780173968,4.354614850798057,5513,5677,249,0,5428,5650,484411,87,2,0,85,27
2020-07-14,US,Indiana,Lawrence,253,25,0,38.84112637,-86.48361629,18093.0,557.6372052016751,9.881422924901186,228,253,25,0,228,252,45668,0,0,0,0,1
2020-07-14,US,Indiana,Madison,685,64,0,40.16143691,-85.71964711,18095.0,528.6758406717656,9.343065693430656,621,681,64,0,617,678,129641,4,0,0,4,3
2020-07-14,US,Indiana,Marion,12192,697,0,39.78163624,-86.13826325,18097.0,1263.9671899330488,5.716863517060367,11495,12111,693,0,11418,12074,954670,81,4,0,77,37
2020-07-14,US,Indiana,Marshall,574,12,0,41.32467367,-86.26185087,18099.0,1240.866444723075,2.0905923344947737,562,570,11,0,559,557,46248,4,1,0,3,13
2020-07-14,US,Indiana,Martin,26,0,0,38.7099921,-86.80373186,18101.0,253.53486104339348,0.0,26,26,0,0,26,26,10217,0,0,0,0,0
2020-07-14,US,Indiana,Miami,197,2,0,40.76940965,-86.04525048,18103.0,554.6795810339003,1.0152284263959392,195,194,2,0,192,194,35567,3,0,0,3,0
2020-07-14,US,Indiana,Monroe,375,28,0,39.16130004,-86.52414358,18105.0,252.6426420356933,7.466666666666668,347,361,28,0,333,348,146917,14,0,0,14,13
2020-07-14,US,Indiana,Montgomery,297,20,0,40.04034823,-86.89335024,18107.0,774.6882988157962,6.7340067340067336,277,297,20,0,277,298,38346,0,0,0,0,-1
2020-07-14,US,Indiana,Morgan,344,31,0,39.47899078,-86.44573375,18109.0,488.01940728340594,9.011627906976743,313,344,31,0,313,345,70116,0,0,0,0,-1
2020-07-14,US,Indiana,Newton,101,10,0,40.95610449,-87.39635768,18111.0,722.254004576659,9.900990099009901,91,101,10,0,91,101,14011,0,0,0,0,0
2020-07-14,US,Indiana,Noble,526,28,0,41.39672484,-85.41966713,18113.0,1101.7091152815017,5.32319391634981,498,524,28,0,496,520,47532,2,0,0,2,4
2020-07-14,US,Indiana,Ohio,23,0,0,38.955304999999996,-84.96515993,18115.0,391.48936170212767,0.0,23,23,0,0,23,23,5844,0,0,0,0,0
2020-07-14,US,Indiana,Orange,140,23,0,38.54118920000001,-86.49523093,18117.0,712.6132546065356,16.428571428571427,117,138,23,0,115,137,19489,2,0,0,2,1
2020-07-14,US,Indiana,Owen,54,1,0,39.31145587,-86.83900724,18119.0,259.62786672436175,1.851851851851852,53,53,1,0,52,52,20845,1,0,0,1,1
2020-07-14,US,Indiana,Parke,28,0,0,39.77202286,-87.20375833,18121.0,165.3185333884395,0.0,28,28,0,0,28,27,16927,0,0,0,0,1
2020-07-14,US,Indiana,Perry,160,10,0,38.07809328,-86.63741946,18123.0,834.680995357087,6.25,150,151,10,0,141,149,19102,9,0,0,9,2
2020-07-14,US,Indiana,Pike,15,0,0,38.40112197,-87.23574907,18125.0,121.07514730809591,0.0,15,12,0,0,12,12,12410,3,0,0,3,0
2020-07-14,US,Indiana,Porter,867,38,0,41.45986947,-87.06848888,18127.0,508.83566427410216,4.382929642445212,829,849,38,0,811,840,169594,18,0,0,18,9
2020-07-14,US,Indiana,Posey,68,0,0,38.02097333,-87.86480429,18129.0,267.43225704959303,0.0,68,64,0,0,64,61,25540,4,0,0,4,3
2020-07-14,US,Indiana,Pulaski,66,1,0,41.04166107,-86.69890683,18131.0,534.2831700801423,1.5151515151515151,65,66,1,0,65,66,12469,0,0,0,0,0
2020-07-14,US,Indiana,Putnam,175,8,0,39.66437981,-86.84517605,18133.0,465.7228017883755,4.571428571428571,167,174,8,0,166,173,37779,1,0,0,1,1
2020-07-14,US,Indiana,Randolph,81,4,0,40.15734772,-85.01139319,18135.0,328.4005676059193,4.938271604938271,77,80,4,0,76,80,24851,1,0,0,1,0
2020-07-14,US,Indiana,Ripley,135,7,0,39.10235626,-85.26212744,18137.0,476.62759497246145,5.185185185185184,128,135,7,0,128,134,28523,0,0,0,0,1
2020-07-14,US,Indiana,Rush,63,3,0,39.62002287,-85.4655599,18139.0,379.95295820517464,4.761904761904762,60,62,3,0,59,62,16663,1,0,0,1,0
2020-07-14,US,Indiana,Scott,166,9,0,38.68672078,-85.74627859,18143.0,695.3462070121058,5.421686746987952,157,165,9,0,156,165,23878,1,0,0,1,0
2020-07-14,US,Indiana,Shelby,462,25,0,39.52305623,-85.79158570000001,18145.0,1032.8869413579557,5.4112554112554125,437,460,25,0,435,459,44593,2,0,0,2,1
2020-07-14,US,Indiana,Spencer,62,1,0,38.01519732,-87.0079644,18147.0,305.7651526359915,1.6129032258064515,61,59,1,0,58,57,20327,3,0,0,3,2
2020-07-14,US,Indiana,St. Joseph,2235,70,0,41.61756781,-86.29040834,18141.0,822.2171536203308,3.131991051454139,2165,2211,69,0,2142,2148,270771,24,1,0,23,63
2020-07-14,US,Indiana,Starke,110,3,0,41.27890281,-86.64686895,18149.0,478.36486192650574,2.727272727272727,107,109,3,0,106,108,22935,1,0,0,1,1
2020-07-14,US,Indiana,Steuben,140,3,0,41.64423868,-85.00101094,18151.0,404.6944556859571,2.142857142857143,137,140,2,0,138,138,34586,0,1,0,-1,2
2020-07-14,US,Indiana,Sullivan,54,1,0,39.08952258,-87.41414469,18153.0,261.2608253906817,1.851851851851852,53,51,1,0,50,50,20690,3,0,0,3,1
2020-07-14,US,Indiana,Switzerland,32,0,0,38.82767338,-85.03022429,18155.0,297.64673053669424,0.0,32,32,0,0,32,32,10717,0,0,0,0,0
2020-07-14,US,Indiana,Tippecanoe,795,10,0,40.38872739,-86.89413959,18157.0,406.1676169456195,1.2578616352201255,785,785,9,0,776,779,193048,10,1,0,9,6
2020-07-14,US,Indiana,Tipton,36,1,0,40.31123252,-86.05234925,18159.0,237.65513599155003,2.7777777777777777,35,33,1,0,32,32,15128,3,0,0,3,1
2020-07-14,US,Indiana,Unassigned,0,193,0,0.0,0.0,90018.0,0.0,0.0,-193,0,193,0,-193,0,,0,0,0,0,0
2020-07-14,US,Indiana,Union,15,0,0,39.62550777,-84.92497066,18161.0,212.6453076268784,0.0,15,14,0,0,14,14,7037,1,0,0,1,0
2020-07-14,US,Indiana,Vanderburgh,858,6,0,38.02658833,-87.58763124,18163.0,472.8549305322098,0.6993006993006993,852,801,6,0,795,768,180974,57,0,0,57,33
2020-07-14,US,Indiana,Vermillion,20,0,0,39.8523352,-87.46160542,18165.0,129.0489095367144,0.0,20,20,0,0,20,20,15479,0,0,0,0,0
2020-07-14,US,Indiana,Vigo,263,8,0,39.42944561,-87.39169027,18167.0,245.70713204656292,3.041825095057034,255,261,8,0,253,258,107386,2,0,0,2,3
2020-07-14,US,Indiana,Wabash,120,3,0,40.84704239,-85.79328272,18169.0,387.14672861014327,2.5,117,119,3,0,116,116,31280,1,0,0,1,3
2020-07-14,US,Indiana,Warren,16,1,0,40.34728141,-87.35602659,18171.0,193.58741681790684,6.25,15,15,1,0,14,15,8263,1,0,0,1,0
2020-07-14,US,Indiana,Warrick,279,29,0,38.08922676,-87.2716085,18173.0,442.87120226038917,10.394265232974911,250,268,29,0,239,261,62567,11,0,0,11,7
2020-07-14,US,Indiana,Washington,68,1,0,38.60219804,-86.1049363,18175.0,242.54529890141248,1.4705882352941178,67,68,1,0,67,68,27943,0,0,0,0,0
2020-07-14,US,Indiana,Wayne,165,6,0,39.863344399999995,-85.01044989,18177.0,250.44016756723946,3.636363636363636,159,159,6,0,153,158,65936,6,0,0,6,1
2020-07-14,US,Indiana,Wells,84,1,0,40.72934187,-85.22132966,18179.0,296.86174724342663,1.1904761904761905,83,83,1,0,82,82,28206,1,0,0,1,1
2020-07-14,US,Indiana,White,281,10,0,40.74911165,-86.86492015,18181.0,1165.8783503443694,3.5587188612099645,271,278,10,0,268,276,24133,3,0,0,3,2
2020-07-14,US,Indiana,Whitley,108,6,0,41.13863784,-85.50791236,18183.0,317.9837474973501,5.5555555555555545,102,108,6,0,102,107,34074,0,0,0,0,1
2020-07-14,US,Iowa,Adair,17,0,0,41.33075609,-94.47105874,19001.0,237.69574944071587,0.0,17,17,0,0,17,17,7063,0,0,0,0,0
2020-07-14,US,Iowa,Adams,8,0,0,41.02903567,-94.69932645,19003.0,222.0988339811216,0.0,8,8,0,0,8,8,3645,0,0,0,0,0
2020-07-14,US,Iowa,Allamakee,138,4,0,43.28383218,-91.37860922,19005.0,1008.2560093519397,2.898550724637681,134,138,4,0,134,138,13832,0,0,0,0,0
2020-07-14,US,Iowa,Appanoose,29,3,0,40.74324454,-92.86865906,19007.0,233.3816191855786,10.344827586206897,26,24,3,0,21,22,12437,5,0,0,5,2
2020-07-14,US,Iowa,Audubon,17,1,0,41.6844628,-94.90581859,19009.0,309.315866084425,5.882352941176472,16,18,1,0,17,18,5506,-1,0,0,-1,0
2020-07-14,US,Iowa,Benton,78,1,0,42.08011739,-92.06463573,19011.0,304.1528563072724,1.2820512820512822,77,78,1,0,77,75,25642,0,0,0,0,3
2020-07-14,US,Iowa,Black Hawk,2544,59,0,42.4704581,-92.30524729,19013.0,1938.610662358643,2.319182389937107,2485,2534,59,0,2475,2519,132408,10,0,0,10,15
2020-07-14,US,Iowa,Boone,174,1,0,42.03657094,-93.9313999,19015.0,663.2614164824274,0.5747126436781609,173,175,1,0,174,172,26346,-1,0,0,-1,3
2020-07-14,US,Iowa,Bremer,116,7,0,42.77461496,-92.31795937,19017.0,462.8521267257202,6.0344827586206895,109,116,7,0,109,116,24947,0,0,0,0,0
2020-07-14,US,Iowa,Buchanan,66,1,0,42.4709188,-91.83510825,19019.0,311.68831168831167,1.5151515151515151,65,65,1,0,64,65,21199,1,0,0,1,0
2020-07-14,US,Iowa,Buena Vista,1737,11,0,42.73545875,-95.15100162,19021.0,8853.211009174309,0.6332757628094415,1726,1738,11,0,1727,1738,19874,-1,0,0,-1,0
2020-07-14,US,Iowa,Butler,70,2,0,42.73172833,-92.79015971,19023.0,484.7981162130341,2.8571428571428568,68,70,2,0,68,70,14539,0,0,0,0,0
2020-07-14,US,Iowa,Calhoun,66,2,0,42.38521079,-94.64046046,19025.0,682.6644600744725,3.0303030303030303,64,65,2,0,63,65,9699,1,0,0,1,0
2020-07-14,US,Iowa,Carroll,117,1,0,42.03617207,-94.86032705,19027.0,580.2132407636992,0.8547008547008547,116,117,1,0,116,117,20154,0,0,0,0,0
2020-07-14,US,Iowa,Cass,29,0,0,41.33149454,-94.92792482,19029.0,225.9270800872546,0.0,29,30,0,0,30,30,12930,-1,0,0,-1,0
2020-07-14,US,Iowa,Cedar,96,1,0,41.77233777,-91.13246684,19031.0,515.3808986954419,1.0416666666666667,95,96,1,0,95,96,18627,0,0,0,0,0
2020-07-14,US,Iowa,Cerro Gordo,345,1,0,43.08177563,-93.2612239,19033.0,812.7208480565373,0.2898550724637681,344,329,1,0,328,317,42647,16,0,0,16,12
2020-07-14,US,Iowa,Cherokee,85,1,0,42.73538914,-95.62389402,19035.0,756.564307966177,1.1764705882352942,84,85,1,0,84,85,11321,0,0,0,0,0
2020-07-14,US,Iowa,Chickasaw,32,0,0,43.06001295,-92.31773347,19037.0,268.1639151931618,0.0,32,31,0,0,31,31,11964,1,0,0,1,0
2020-07-14,US,Iowa,Clarke,145,3,0,41.02868181,-93.78499767,19039.0,1543.3741351782862,2.0689655172413794,142,145,3,0,142,144,9423,0,0,0,0,1
2020-07-14,US,Iowa,Clay,151,1,0,43.08247182,-95.15096481,19041.0,942.8071928071927,0.6622516556291391,150,151,1,0,150,150,16134,0,0,0,0,1
2020-07-14,US,Iowa,Clayton,51,3,0,42.84443388,-91.34133693,19043.0,290.61484984899425,5.882352941176472,48,50,3,0,47,50,17556,1,0,0,1,0
2020-07-14,US,Iowa,Clinton,144,1,0,41.89981633,-90.53275096,19045.0,310.15098322169337,0.6944444444444444,143,139,1,0,138,138,46518,5,0,0,5,1
2020-07-14,US,Iowa,Crawford,680,3,0,42.03718237,-95.3819718,19047.0,4042.8061831153386,0.4411764705882353,677,681,3,0,678,681,17158,-1,0,0,-1,0
2020-07-14,US,Iowa,Dallas,1428,31,0,41.68560356,-94.04127625,19049.0,1528.0408333600851,2.1708683473389354,1397,1415,31,0,1384,1409,90180,13,0,0,13,6
2020-07-14,US,Iowa,Davis,43,1,0,40.74773536,-92.41005468,19051.0,477.77777777777777,2.3255813953488373,42,43,1,0,42,43,9017,0,0,0,0,0
2020-07-14,US,Iowa,Decatur,13,0,0,40.73742757,-93.78645949,19053.0,165.18424396442185,0.0,13,13,0,0,13,13,7890,0,0,0,0,0
2020-07-14,US,Iowa,Delaware,57,1,0,42.47104597,-91.3664492,19055.0,335.07730292163893,1.7543859649122806,56,58,1,0,57,56,17069,-1,0,0,-1,2
2020-07-14,US,Iowa,Des Moines,103,2,0,40.92012606,-91.18326592,19057.0,264.32622475427934,1.9417475728155342,101,102,2,0,100,102,39138,1,0,0,1,0
2020-07-14,US,Iowa,Dickinson,309,3,0,43.37787725,-95.1510206,19059.0,1790.4739830803103,0.9708737864077671,306,307,3,0,304,306,17153,2,0,0,2,1
2020-07-14,US,Iowa,Dubuque,1016,23,0,42.46815349,-90.88181925,19061.0,1044.0751816341424,2.263779527559055,993,1000,23,0,977,978,96854,16,0,0,16,22
2020-07-14,US,Iowa,Emmet,99,0,0,43.37782951,-94.67858943,19063.0,1075.1520417028669,0.0,99,97,0,0,97,97,9253,2,0,0,2,0
2020-07-14,US,Iowa,Fayette,61,0,0,42.86271799,-91.8441231,19065.0,310.43256997455467,0.0,61,59,0,0,59,59,19660,2,0,0,2,0
2020-07-14,US,Iowa,Floyd,84,2,0,43.06000529999999,-92.78940097,19067.0,537.0157268891446,2.380952380952381,82,82,2,0,80,82,15761,2,0,0,2,0
2020-07-14,US,Iowa,Franklin,117,0,0,42.73270384,-93.26256925,19069.0,1161.8669314796425,0.0,117,113,0,0,113,112,10124,4,0,0,4,1
2020-07-14,US,Iowa,Fremont,11,0,0,40.74542720000001,-95.60129045,19071.0,158.04597701149424,0.0,11,11,0,0,11,11,6993,0,0,0,0,0
2020-07-14,US,Iowa,Greene,31,0,0,42.03614551,-94.39658081,19073.0,348.7848784878488,0.0,31,31,0,0,31,31,8981,0,0,0,0,0
2020-07-14,US,Iowa,Grundy,48,0,0,42.40183723,-92.78829551,19075.0,392.4133420536298,0.0,48,47,0,0,47,47,12304,1,0,0,1,0
2020-07-14,US,Iowa,Guthrie,82,4,0,41.68378965,-94.50111014,19077.0,767.1437926840676,4.878048780487805,78,81,4,0,77,78,10720,1,0,0,1,3
2020-07-14,US,Iowa,Hamilton,207,1,0,42.38382428,-93.70197703,19079.0,1401.2049008326,0.4830917874396135,206,204,1,0,203,202,14952,3,0,0,3,2
2020-07-14,US,Iowa,Hancock,63,1,0,43.08178477,-93.73454884,19081.0,592.662276575729,1.5873015873015872,62,62,1,0,61,61,10712,1,0,0,1,1
2020-07-14,US,Iowa,Hardin,92,0,0,42.38353877,-93.23654611,19083.0,546.1237088923186,0.0,92,92,0,0,92,92,16868,0,0,0,0,0
2020-07-14,US,Iowa,Harrison,63,0,0,41.68330137,-95.81558439,19085.0,448.43049327354265,0.0,63,62,0,0,62,62,14134,1,0,0,1,0
2020-07-14,US,Iowa,Henry,93,3,0,40.98767962,-91.54436349,19087.0,466.07196552069763,3.2258064516129035,90,93,3,0,90,93,20067,0,0,0,0,0
2020-07-14,US,Iowa,Howard,37,0,0,43.35671042,-92.31702714,19089.0,404.01834461672854,0.0,37,37,0,0,37,37,9187,0,0,0,0,0
2020-07-14,US,Iowa,Humboldt,61,1,0,42.7764426,-94.20722537,19091.0,638.2088302992257,1.639344262295082,60,60,1,0,59,60,9547,1,0,0,1,0
2020-07-14,US,Iowa,Ida,24,0,0,42.38696136,-95.51355387,19093.0,349.8542274052478,0.0,24,23,0,0,23,23,6841,1,0,0,1,0
2020-07-14,US,Iowa,Iowa,63,1,0,41.68630265,-92.0643373,19095.0,389.2733564013842,1.5873015873015872,62,63,1,0,62,63,16141,0,0,0,0,0
2020-07-14,US,Iowa,Jackson,72,0,0,42.17178824,-90.57354837,19097.0,370.38942332424506,0.0,72,67,0,0,67,61,19432,5,0,0,5,6
2020-07-14,US,Iowa,Jasper,359,17,0,41.68576082,-93.05567785,19099.0,965.4430549952938,4.735376044568246,342,357,17,0,340,354,37147,2,0,0,2,3
2020-07-14,US,Iowa,Jefferson,63,0,0,41.03192394,-91.94849466,19101.0,344.3563815250068,0.0,63,63,0,0,63,63,18381,0,0,0,0,0
2020-07-14,US,Iowa,Johnson,1493,8,0,41.67169354,-91.58754744,19103.0,987.82585682149,0.535833891493637,1485,1487,8,0,1479,1479,151260,6,0,0,6,8
2020-07-14,US,Iowa,Jones,74,1,0,42.12118609,-91.13139641,19105.0,357.8163531744113,1.351351351351351,73,74,1,0,73,72,20744,0,0,0,0,2
2020-07-14,US,Iowa,Keokuk,23,1,0,41.33649833,-92.1785067,19107.0,224.47784501268788,4.3478260869565215,22,24,1,0,23,23,10225,-1,0,0,-1,1
2020-07-14,US,Iowa,Kossuth,43,0,0,43.20405458,-94.20691791,19109.0,290.28555998109766,0.0,43,43,0,0,43,42,14908,0,0,0,0,1
2020-07-14,US,Iowa,Lee,54,2,0,40.64181461,-91.48183025,19111.0,160.44210713967374,3.703703703703704,52,54,2,0,52,54,34055,0,0,0,0,0
2020-07-14,US,Iowa,Linn,1416,84,0,42.07923082,-91.59809485,19113.0,624.5974963168156,5.932203389830509,1332,1410,83,0,1327,1399,225909,6,1,0,5,11
2020-07-14,US,Iowa,Louisa,367,13,0,41.21842119,-91.26102611,19115.0,3325.7816039873132,3.5422343324250685,354,367,13,0,354,367,11169,0,0,0,0,0
2020-07-14,US,Iowa,Lucas,35,4,0,41.02958964,-93.32780803,19117.0,406.9767441860465,11.428571428571427,31,35,4,0,31,35,8645,0,0,0,0,0
2020-07-14,US,Iowa,Lyon,63,0,0,43.38107862,-96.20926845,19119.0,535.9421522756273,0.0,63,61,0,0,61,60,11811,2,0,0,2,1
2020-07-14,US,Iowa,Madison,57,2,0,41.33081904,-94.01554631,19121.0,348.87991186191704,3.5087719298245608,55,56,2,0,54,55,16249,1,0,0,1,1
2020-07-14,US,Iowa,Mahaska,120,17,0,41.33521503,-92.64083907,19123.0,543.1093007467753,14.166666666666664,103,119,17,0,102,119,22000,1,0,0,1,0
2020-07-14,US,Iowa,Marion,85,0,0,41.33445101,-93.09934783,19125.0,255.61603464349082,0.0,85,84,0,0,84,85,33407,1,0,0,1,-1
2020-07-14,US,Iowa,Marshall,1105,19,0,42.03586837,-92.9990819,19127.0,2806.776905687216,1.7194570135746607,1086,1100,19,0,1081,1100,39981,5,0,0,5,0
2020-07-14,US,Iowa,Mills,52,0,0,41.03299766,-95.61920963,19129.0,344.16572903567413,0.0,52,53,0,0,53,53,15063,-1,0,0,-1,0
2020-07-14,US,Iowa,Mitchell,48,0,0,43.35638371,-92.78887719,19131.0,453.42905724541845,0.0,48,47,0,0,47,46,10569,1,0,0,1,1
2020-07-14,US,Iowa,Monona,78,0,0,42.05220391,-95.95743843,19133.0,905.3975623911784,0.0,78,78,0,0,78,78,8679,0,0,0,0,0
2020-07-14,US,Iowa,Monroe,54,7,0,41.02988815,-92.8690667,19135.0,700.6617360840794,12.962962962962965,47,52,7,0,45,52,7790,2,0,0,2,0
2020-07-14,US,Iowa,Montgomery,15,2,0,41.03018714,-95.15642896,19137.0,151.25541998588284,13.333333333333336,13,15,2,0,13,15,10003,0,0,0,0,0
2020-07-14,US,Iowa,Muscatine,697,45,0,41.48370744,-91.1121697,19139.0,1633.6958559909995,6.456241032998565,652,695,45,0,650,693,42929,2,0,0,2,2
2020-07-14,US,Iowa,O'Brien,97,1,0,43.08310673,-95.62474482,19141.0,705.3006616738166,1.0309278350515465,96,97,1,0,96,97,13840,0,0,0,0,0
2020-07-14,US,Iowa,Osceola,70,0,0,43.37824276,-95.62422844,19143.0,1174.8909029875795,0.0,70,69,0,0,69,69,6040,1,0,0,1,0
2020-07-14,US,Iowa,Page,22,0,0,40.7393172,-95.1497813,19145.0,145.62785463692327,0.0,22,22,0,0,22,22,15249,0,0,0,0,0
2020-07-14,US,Iowa,Palo Alto,53,0,0,43.08193849,-94.67824621,19147.0,596.4438442493811,0.0,53,53,0,0,53,53,8929,0,0,0,0,0
2020-07-14,US,Iowa,Plymouth,354,5,0,42.737633,-96.21366621,19149.0,1406.0451999841125,1.4124293785310735,349,353,5,0,348,352,25095,1,0,0,1,1
2020-07-14,US,Iowa,Pocahontas,109,1,0,42.73420133,-94.67862564,19151.0,1646.774437226167,0.9174311926605504,108,109,1,0,108,109,6740,0,0,0,0,0
2020-07-14,US,Iowa,Polk,7663,185,0,41.68679484,-93.57767461,19153.0,1563.3638743188462,2.414198094740963,7478,7611,185,0,7426,7538,487204,52,0,0,52,73
2020-07-14,US,Iowa,Pottawattamie,842,13,0,41.33640314,-95.53907776,19155.0,903.3753191854602,1.5439429928741093,829,841,13,0,828,835,93533,1,0,0,1,6
2020-07-14,US,Iowa,Poweshiek,111,8,0,41.68625425,-92.53155731,19157.0,599.870298313878,7.207207207207206,103,112,8,0,104,113,18699,-1,0,0,-1,-1
2020-07-14,US,Iowa,Ringgold,16,1,0,40.73518949,-94.24368535,19159.0,326.9309358398038,6.25,15,16,1,0,15,16,4968,0,0,0,0,0
2020-07-14,US,Iowa,Sac,69,0,0,42.38624071,-95.10547892,19161.0,709.8035181565683,0.0,69,68,0,0,68,68,9719,1,0,0,1,0
2020-07-14,US,Iowa,Scott,1122,10,0,41.63935978,-90.61959493,19163.0,648.7686694460025,0.8912655971479501,1112,1098,10,0,1088,1084,173283,24,0,0,24,14
2020-07-14,US,Iowa,Shelby,121,0,0,41.6850066,-95.31015553,19165.0,1056.3995110878295,0.0,121,119,0,0,119,119,11578,2,0,0,2,0
2020-07-14,US,Iowa,Sioux,515,0,0,43.08221074,-96.1767568,19167.0,1477.5498493759862,0.0,515,505,0,0,505,505,34909,10,0,0,10,0
2020-07-14,US,Iowa,Story,880,8,0,42.03621213,-93.46499005,19169.0,906.1235417074248,0.9090909090909092,872,877,8,0,869,872,98105,3,0,0,3,5
2020-07-14,US,Iowa,Tama,490,29,0,42.07991767,-92.53266945,19171.0,2907.3217040465165,5.918367346938775,461,488,29,0,459,487,16904,2,0,0,2,1
2020-07-14,US,Iowa,Taylor,81,0,0,40.73710579,-94.69778563,19173.0,1323.313184120242,0.0,81,81,0,0,81,81,6191,0,0,0,0,0
2020-07-14,US,Iowa,Unassigned,31,0,0,0.0,0.0,90019.0,0.0,0.0,31,35,0,0,35,35,,-4,0,0,-4,0
2020-07-14,US,Iowa,Union,42,0,0,41.0277278,-94.24234847,19175.0,343.1092231026877,0.0,42,43,0,0,43,43,12359,-1,0,0,-1,0
2020-07-14,US,Iowa,Van Buren,21,1,0,40.75326764,-91.95017958,19177.0,298.12606473594553,4.761904761904762,20,21,1,0,20,21,7020,0,0,0,0,0
2020-07-14,US,Iowa,Wapello,715,31,0,41.03064984,-92.40954728,19179.0,2044.6681346335326,4.335664335664337,684,716,31,0,685,715,35205,-1,0,0,-1,1
2020-07-14,US,Iowa,Warren,337,1,0,41.33559454,-93.56007641,19181.0,654.8012279951813,0.2967359050445104,336,337,1,0,336,333,51056,0,0,0,0,4
2020-07-14,US,Iowa,Washington,254,9,0,41.33577126,-91.71725711,19183.0,1156.3851582062373,3.543307086614173,245,255,9,0,246,256,22141,-1,0,0,-1,-1
2020-07-14,US,Iowa,Wayne,11,0,0,40.73969028,-93.32752197,19185.0,170.78093463747862,0.0,11,11,0,0,11,11,6401,0,0,0,0,0
2020-07-14,US,Iowa,Webster,439,5,0,42.42853483,-94.17987389,19187.0,1222.704991087344,1.1389521640091116,434,429,5,0,424,428,36277,10,0,0,10,1
2020-07-14,US,Iowa,Winnebago,46,0,0,43.37751174,-93.73407298,19189.0,444.2727448329149,0.0,46,44,0,0,44,44,10518,2,0,0,2,0
2020-07-14,US,Iowa,Winneshiek,52,1,0,43.29094334,-91.84422722,19191.0,260.11705267370314,1.9230769230769231,51,50,0,0,50,50,20029,2,1,0,1,0
2020-07-14,US,Iowa,Woodbury,3360,44,0,42.38979414,-96.0459439,19193.0,3258.7506182897378,1.3095238095238095,3316,3349,44,0,3305,3346,102539,11,0,0,11,3
2020-07-14,US,Iowa,Worth,28,0,0,43.37750768,-93.26087602,19195.0,379.352391274895,0.0,28,27,0,0,27,25,7453,1,0,0,1,2
2020-07-14,US,Iowa,Wright,402,1,0,42.73305373,-93.73515113,19197.0,3200.127368253463,0.24875621890547264,401,399,1,0,398,399,12690,3,0,0,3,0
2020-07-14,US,Kansas,Allen,10,0,0,37.88582951,-95.30030847,20001.0,80.84727948904519,0.0,10,8,0,0,8,6,12444,2,0,0,2,2
2020-07-14,US,Kansas,Anderson,15,0,0,38.21413251,-95.29272815,20003.0,190.8882667345381,0.0,15,15,0,0,15,8,7878,0,0,0,0,7
2020-07-14,US,Kansas,Atchison,44,0,0,39.53185661,-95.30870026,20005.0,273.7510110122566,0.0,44,44,0,0,44,42,16193,0,0,0,0,2
2020-07-14,US,Kansas,Barber,3,0,0,37.2288586,-98.68460053,20007.0,67.7659814772984,0.0,3,3,0,0,3,2,4472,0,0,0,0,1
2020-07-14,US,Kansas,Barton,63,2,0,38.47889676,-98.75636726,20009.0,244.3849645059932,3.1746031746031744,61,63,2,0,61,63,26111,0,0,0,0,0
2020-07-14,US,Kansas,Bourbon,56,1,0,37.85508555,-94.84865997,20011.0,385.3034264483281,1.7857142857142858,55,54,1,0,53,50,14653,2,0,0,2,4
2020-07-14,US,Kansas,Brown,23,0,0,39.82652589,-95.56421698,20013.0,240.48515265579255,0.0,23,23,0,0,23,19,9598,0,0,0,0,4
2020-07-14,US,Kansas,Butler,102,0,0,37.78134351,-96.83878537,20015.0,152.44130262587618,0.0,102,97,0,0,97,88,66765,5,0,0,5,9
2020-07-14,US,Kansas,Chase,6,0,0,38.30292938,-96.59563862,20017.0,226.5861027190332,0.0,6,6,0,0,6,5,2629,0,0,0,0,1
2020-07-14,US,Kansas,Chautauqua,5,0,0,37.14994405,-96.2454192,20019.0,153.84615384615384,0.0,5,5,0,0,5,5,3309,0,0,0,0,0
2020-07-14,US,Kansas,Cherokee,56,1,0,37.16928494,-94.8462897,20021.0,280.8566126686393,1.7857142857142858,55,56,1,0,55,52,20015,0,0,0,0,4
2020-07-14,US,Kansas,Cheyenne,2,0,0,39.78580976,-101.7318201,20023.0,75.27286413248024,0.0,2,2,0,0,2,2,2660,0,0,0,0,0
2020-07-14,US,Kansas,Clark,34,1,0,37.23577007,-99.81883015,20025.0,1705.1153460381142,2.9411764705882355,33,34,1,0,33,34,2005,0,0,0,0,0
2020-07-14,US,Kansas,Clay,13,2,0,39.34948772,-97.16518128,20027.0,162.45938515371157,15.384615384615385,11,13,2,0,11,10,7997,0,0,0,0,3
2020-07-14,US,Kansas,Cloud,26,0,0,39.48028352,-97.64925343,20029.0,295.92533576143865,0.0,26,26,0,0,26,26,8729,0,0,0,0,0
2020-07-14,US,Kansas,Coffey,56,8,0,38.2365018,-95.73379515,20031.0,684.6802787626849,14.285714285714285,48,55,8,0,47,54,8233,1,0,0,1,1
2020-07-14,US,Kansas,Comanche,3,0,0,37.19114520000001,-99.27113247,20033.0,176.47058823529412,0.0,3,3,0,0,3,3,1748,0,0,0,0,0
2020-07-14,US,Kansas,Cowley,88,1,0,37.23781842,-96.83776647,20035.0,252.09121118368282,1.1363636363636365,87,88,1,0,87,83,35218,0,0,0,0,5
2020-07-14,US,Kansas,Crawford,313,1,0,37.50675523,-94.85245778,20037.0,806.3269617187902,0.3194888178913738,312,313,1,0,312,298,39019,0,0,0,0,15
2020-07-14,US,Kansas,Decatur,2,0,0,39.78468441,-100.45940809999999,20039.0,70.74637424831977,0.0,2,2,0,0,2,,2871,0,0,0,0,
2020-07-14,US,Kansas,Dickinson,23,1,0,38.86600962,-97.15532383,20041.0,124.55323296869922,4.3478260869565215,22,23,1,0,22,23,18717,0,0,0,0,0
2020-07-14,US,Kansas,Doniphan,26,0,0,39.79067154,-95.14056866,20043.0,342.10526315789474,0.0,26,26,0,0,26,26,7682,0,0,0,0,0
2020-07-14,US,Kansas,Douglas,461,0,0,38.88503636,-95.2925121,20045.0,377.06835488593885,0.0,461,448,0,0,448,415,121436,13,0,0,13,33
2020-07-14,US,Kansas,Edwards,8,0,0,37.88735543,-99.31263309,20047.0,285.91851322373117,0.0,8,8,0,0,8,8,2849,0,0,0,0,0
2020-07-14,US,Kansas,Elk,1,0,0,37.45338105,-96.24369667,20049.0,39.52569169960474,0.0,1,1,0,0,1,1,2508,0,0,0,0,0
2020-07-14,US,Kansas,Ellis,55,0,0,38.91458712,-99.31751551,20051.0,192.62424263650055,0.0,55,55,0,0,55,42,28710,0,0,0,0,13
2020-07-14,US,Kansas,Ellsworth,14,0,0,38.69677695,-98.20462799,20053.0,229.43297279580463,0.0,14,13,0,0,13,11,6196,1,0,0,1,2
2020-07-14,US,Kansas,Finney,1605,10,0,38.04340344,-100.73819379999999,20055.0,4401.239476787232,0.6230529595015576,1595,1605,10,0,1595,1604,36611,0,0,0,0,1
2020-07-14,US,Kansas,Ford,1976,8,0,37.69200114,-99.88825298,20057.0,5877.6287218537145,0.4048582995951417,1968,1976,8,0,1968,1965,33888,0,0,0,0,11
2020-07-14,US,Kansas,Franklin,94,1,0,38.56443815,-95.28644341,20059.0,367.9924835577826,1.0638297872340423,93,94,1,0,93,88,25631,0,0,0,0,6
2020-07-14,US,Kansas,Geary,86,1,0,38.99871131,-96.7577178,20061.0,271.5503631196716,1.162790697674419,85,86,1,0,85,85,32594,0,0,0,0,1
2020-07-14,US,Kansas,Gove,2,0,0,38.91588178,-100.4829321,20063.0,75.87253414264036,0.0,2,2,0,0,2,2,2612,0,0,0,0,0
2020-07-14,US,Kansas,Graham,7,0,0,39.34987223,-99.88332493,20065.0,282.03062046736505,0.0,7,7,0,0,7,6,2492,0,0,0,0,1
2020-07-14,US,Kansas,Grant,66,2,0,37.56227336,-101.3079758,20067.0,923.0769230769232,3.0303030303030303,64,66,2,0,64,61,7336,0,0,0,0,5
2020-07-14,US,Kansas,Gray,41,0,0,37.73836671,-100.4369088,20069.0,684.7027388109552,0.0,41,41,0,0,41,37,6033,0,0,0,0,4
2020-07-14,US,Kansas,Greeley,1,0,0,38.4808095,-101.8061079,20071.0,81.16883116883119,0.0,1,1,0,0,1,1,1227,0,0,0,0,0
2020-07-14,US,Kansas,Greenwood,11,0,0,37.8774388,-96.23250453,20073.0,183.884988298228,0.0,11,11,0,0,11,11,6055,0,0,0,0,0
2020-07-14,US,Kansas,Hamilton,33,0,0,37.99978709,-101.7921066,20075.0,1299.7243009058686,0.0,33,33,0,0,33,33,2607,0,0,0,0,0
2020-07-14,US,Kansas,Harper,2,0,0,37.19175361,-98.07578384,20077.0,36.79175864606328,0.0,2,2,0,0,2,2,5506,0,0,0,0,0
2020-07-14,US,Kansas,Harvey,91,1,0,38.04293782,-97.42747573,20079.0,264.312062505446,1.0989010989010992,90,88,0,0,88,64,34210,3,1,0,2,24
2020-07-14,US,Kansas,Haskell,33,0,0,37.562039399999996,-100.8710738,20081.0,831.6532258064516,0.0,33,33,0,0,33,32,3997,0,0,0,0,1
2020-07-14,US,Kansas,Hodgeman,10,0,0,38.08780079,-99.89829881,20083.0,557.4136008918617,0.0,10,10,0,0,10,9,1818,0,0,0,0,1
2020-07-14,US,Kansas,Jackson,124,1,0,39.41673394,-95.79356799,20085.0,941.4623035456683,0.8064516129032258,123,123,1,0,122,117,13280,1,0,0,1,6
2020-07-14,US,Kansas,Jefferson,37,0,0,39.2347941,-95.38289232,20087.0,194.29711705088485,0.0,37,36,0,0,36,37,18975,1,0,0,1,-1
2020-07-14,US,Kansas,Jewell,4,0,0,39.78470589,-98.21820662,20089.0,138.9371309482459,0.0,4,4,0,0,4,4,2841,0,0,0,0,0
2020-07-14,US,Kansas,Johnson,3158,93,0,38.88548175,-94.82250877,20091.0,524.2355175373215,2.9449018366054465,3065,3081,93,0,2988,2967,597555,77,0,0,77,114
2020-07-14,US,Kansas,Kearny,48,1,0,38.00017981,-101.32168100000001,20093.0,1250.6513809275666,2.083333333333333,47,48,1,0,47,48,3943,0,0,0,0,0
2020-07-14,US,Kansas,Kingman,5,0,0,37.55909527,-98.13638678,20095.0,69.91051454138703,0.0,5,4,0,0,4,4,7310,1,0,0,1,0
2020-07-14,US,Kansas,Kiowa,3,0,0,37.55848695,-99.2856537,20097.0,121.21212121212122,0.0,3,3,0,0,3,3,2516,0,0,0,0,0
2020-07-14,US,Kansas,Labette,81,0,0,37.19113093,-95.29849679,20099.0,412.8861249872566,0.0,81,75,0,0,75,66,19964,6,0,0,6,9
2020-07-14,US,Kansas,Lane,5,0,0,38.48119447,-100.46607540000001,20101.0,325.73289902280135,0.0,5,5,0,0,5,5,1560,0,0,0,0,0
2020-07-14,US,Kansas,Leavenworth,1227,7,0,39.20183497,-95.03620809,20103.0,1500.7705667946868,0.5704971475142624,1220,1227,7,0,1220,1213,81352,0,0,0,0,14
2020-07-14,US,Kansas,Lincoln,4,0,0,39.04549684,-98.20756994,20105.0,135.0438892640108,0.0,4,4,0,0,4,2,3023,0,0,0,0,2
2020-07-14,US,Kansas,Linn,17,0,0,38.21267844,-94.84254089,20107.0,175.20354529526955,0.0,17,17,0,0,17,16,9750,0,0,0,0,1
2020-07-14,US,Kansas,Logan,2,0,0,38.91735806,-101.148475,20109.0,71.58196134574086,0.0,2,2,0,0,2,2,2844,0,0,0,0,0
2020-07-14,US,Kansas,Lyon,532,7,0,38.45576156,-96.15275715,20111.0,1602.651001656876,1.3157894736842106,525,532,7,0,525,523,33406,0,0,0,0,9
2020-07-14,US,Kansas,Marion,20,1,0,38.35855394,-97.09852509999999,20115.0,168.2935038707506,5.0,19,20,1,0,19,20,11950,0,0,0,0,0
2020-07-14,US,Kansas,Marshall,6,0,0,39.78359669,-96.52278974,20117.0,61.81106418048831,0.0,6,6,0,0,6,2,9722,0,0,0,0,4
2020-07-14,US,Kansas,McPherson,90,0,0,38.39184858,-97.64769869,20113.0,315.3247845280639,0.0,90,89,0,0,89,85,28537,1,0,0,1,4
2020-07-14,US,Kansas,Meade,30,0,0,37.23859987,-100.36483100000001,20119.0,743.86312918423,0.0,30,30,0,0,30,30,4146,0,0,0,0,0
2020-07-14,US,Kansas,Miami,57,0,0,38.56383358,-94.83832189,20121.0,166.4865496392791,0.0,57,57,0,0,57,52,33680,0,0,0,0,5
2020-07-14,US,Kansas,Mitchell,16,0,0,39.39331582,-98.20906732,20123.0,267.6032781401572,0.0,16,13,0,0,13,11,6150,3,0,0,3,2
2020-07-14,US,Kansas,Montgomery,70,3,0,37.19236568,-95.74329258,20125.0,219.9252254233561,4.285714285714286,67,70,3,0,67,64,32120,0,0,0,0,6
2020-07-14,US,Kansas,Morris,5,0,0,38.68827511,-96.65128437,20127.0,88.96797153024912,0.0,5,5,0,0,5,5,5521,0,0,0,0,0
2020-07-14,US,Kansas,Morton,7,2,0,37.19141121,-101.79925190000002,20129.0,270.5836876691148,28.57142857142857,5,7,2,0,5,7,2667,0,0,0,0,0
2020-07-14,US,Kansas,Nemaha,33,0,0,39.78345387,-96.01392079,20131.0,322.5491154334865,0.0,33,32,0,0,32,30,10155,1,0,0,1,2
2020-07-14,US,Kansas,Neosho,41,0,0,37.55862897,-95.30670046,20133.0,256.1379396514025,0.0,41,41,0,0,41,37,15951,0,0,0,0,4
2020-07-14,US,Kansas,Ness,4,0,0,38.47974157,-99.91547333,20135.0,145.45454545454547,0.0,4,4,0,0,4,4,2840,0,0,0,0,0
2020-07-14,US,Kansas,Norton,21,0,0,39.78443827,-99.90286639,20137.0,391.717963066592,0.0,21,21,0,0,21,18,5430,0,0,0,0,3
2020-07-14,US,Kansas,Osage,29,0,0,38.65235984,-95.72707998,20139.0,181.82958179196186,0.0,29,29,0,0,29,28,15941,0,0,0,0,1
2020-07-14,US,Kansas,Osborne,3,0,0,39.3503437,-98.76753828,20141.0,87.69365682548961,0.0,3,3,0,0,3,3,3475,0,0,0,0,0
2020-07-14,US,Kansas,Ottawa,20,0,0,39.13237408,-97.65020313,20143.0,350.6311360448808,0.0,20,20,0,0,20,15,5802,0,0,0,0,5
2020-07-14,US,Kansas,Pawnee,4,0,0,38.18108732,-99.23692334,20145.0,62.363579669473026,0.0,4,4,0,0,4,4,6562,0,0,0,0,0
2020-07-14,US,Kansas,Phillips,36,4,0,39.78465501,-99.34668865,20147.0,687.8104700038211,11.111111111111109,32,36,4,0,32,36,5317,0,0,0,0,0
2020-07-14,US,Kansas,Pottawatomie,86,0,0,39.37925655,-96.34564657,20149.0,352.7047533117336,0.0,86,86,0,0,86,83,24277,0,0,0,0,3
2020-07-14,US,Kansas,Pratt,16,0,0,37.64780729,-98.73922153,20151.0,174.59624618070708,0.0,16,16,0,0,16,14,9378,0,0,0,0,2
2020-07-14,US,Kansas,Reno,128,0,0,37.95230263,-98.08607292,20155.0,206.45827284751118,0.0,128,128,0,0,128,127,62342,0,0,0,0,1
2020-07-14,US,Kansas,Republic,21,0,0,39.82799632,-97.65036709,20157.0,452.97670405522,0.0,21,21,0,0,21,21,4664,0,0,0,0,0
2020-07-14,US,Kansas,Rice,10,0,0,38.34616184,-98.19992118,20159.0,104.85477613505293,0.0,10,10,0,0,10,8,9531,0,0,0,0,2
2020-07-14,US,Kansas,Riley,364,3,0,39.28935726,-96.73420026,20161.0,490.354564069404,0.8241758241758241,361,355,3,0,352,337,73703,9,0,0,9,18
2020-07-14,US,Kansas,Rooks,9,0,0,39.35022773,-99.32484567,20163.0,182.9268292682927,0.0,9,9,0,0,9,9,5013,0,0,0,0,0
2020-07-14,US,Kansas,Rush,4,0,0,38.52275276,-99.30863983,20165.0,131.75230566534916,0.0,4,4,0,0,4,3,3093,0,0,0,0,1
2020-07-14,US,Kansas,Russell,2,0,0,38.91462787,-98.76254297,20167.0,29.171528588098017,0.0,2,2,0,0,2,2,6907,0,0,0,0,0
2020-07-14,US,Kansas,Saline,236,3,0,38.78369175,-97.65185177,20169.0,435.2316317497786,1.2711864406779658,233,236,3,0,233,210,54401,0,0,0,0,26
2020-07-14,US,Kansas,Scott,19,0,0,38.48222076,-100.90665390000001,20171.0,393.94567696454493,0.0,19,19,0,0,19,17,4897,0,0,0,0,2
2020-07-14,US,Kansas,Sedgwick,2219,28,0,37.6842718,-97.4608198,20173.0,430.0037593839261,1.2618296529968454,2191,2156,28,0,2128,2023,513607,63,0,0,63,133
2020-07-14,US,Kansas,Seward,1097,2,0,37.19324632,-100.85072009999999,20175.0,5119.469852529402,0.1823154056517776,1095,1082,2,0,1080,1082,21780,15,0,0,15,0
2020-07-14,US,Kansas,Shawnee,1066,13,0,39.04100763,-95.75572640000001,20177.0,602.6855123674911,1.2195121951219512,1053,1035,13,0,1022,990,177499,31,0,0,31,45
2020-07-14,US,Kansas,Sheridan,6,0,0,39.35018161,-100.44182590000001,20179.0,238.00079333597785,0.0,6,6,0,0,6,6,2533,0,0,0,0,0
2020-07-14,US,Kansas,Sherman,9,0,0,39.35147699,-101.71976240000001,20181.0,152.1041068108839,0.0,9,9,0,0,9,8,5899,0,0,0,0,1
2020-07-14,US,Kansas,Smith,3,0,0,39.78516566,-98.78566062,20183.0,83.72871895060004,0.0,3,3,0,0,3,3,3603,0,0,0,0,0
2020-07-14,US,Kansas,Stafford,2,0,0,38.03100851,-98.71762001,20185.0,48.12319538017324,0.0,2,2,0,0,2,1,4178,0,0,0,0,1
2020-07-14,US,Kansas,Stanton,12,0,0,37.56304714,-101.78435340000001,20187.0,598.2053838484546,0.0,12,12,0,0,12,12,1987,0,0,0,0,0
2020-07-14,US,Kansas,Stevens,36,0,0,37.1923008,-101.3118967,20189.0,656.3354603463993,0.0,36,36,0,0,36,34,5559,0,0,0,0,2
2020-07-14,US,Kansas,Sumner,48,1,0,37.23682549,-97.47721621,20191.0,210.19442984760903,2.083333333333333,47,48,1,0,47,32,22996,0,0,0,0,16
2020-07-14,US,Kansas,Thomas,18,0,0,39.35107575,-101.0553705,20193.0,231.45171660023144,0.0,18,18,0,0,18,18,7711,0,0,0,0,0
2020-07-14,US,Kansas,Trego,5,0,0,38.91467218,-99.87284448,20195.0,178.38030681412772,0.0,5,5,0,0,5,2,2793,0,0,0,0,3
2020-07-14,US,Kansas,Unassigned,0,1,0,0.0,0.0,90020.0,0.0,0.0,-1,0,1,0,-1,0,,0,0,0,0,0
2020-07-14,US,Kansas,Wabaunsee,37,0,0,38.95471985,-96.20350509,20197.0,533.8335016592123,0.0,37,37,0,0,37,38,6899,0,0,0,0,-1
2020-07-14,US,Kansas,Washington,1,0,0,39.78420784,-97.08753229999999,20201.0,18.49796522382538,0.0,1,1,0,0,1,1,5420,0,0,0,0,0
2020-07-14,US,Kansas,Wilson,4,0,0,37.55937174,-95.74323255,20205.0,46.920821114369495,0.0,4,4,0,0,4,4,8665,0,0,0,0,0
2020-07-14,US,Kansas,Woodson,10,0,0,37.8865336,-95.74006277,20207.0,318.6743148502232,0.0,10,10,0,0,10,12,3183,0,0,0,0,-2
2020-07-14,US,Kansas,Wyandotte,3114,88,0,39.11727348,-94.76378225,20209.0,1882.3785430607693,2.825947334617855,3026,3108,88,0,3020,3050,165324,6,0,0,6,58
2020-07-14,US,Kentucky,Adair,149,19,0,37.10459774,-85.28129668,21001.0,775.9608374127695,12.751677852348996,130,142,19,0,123,142,19215,7,0,0,7,0
2020-07-14,US,Kentucky,Allen,193,7,0,36.75197631,-86.19457544,21003.0,905.465634529674,3.6269430051813467,186,191,7,0,184,189,21122,2,0,0,2,2
2020-07-14,US,Kentucky,Anderson,34,1,0,38.00671029,-84.99171713,21005.0,149.47025981448104,2.9411764705882355,33,31,1,0,30,31,22663,3,0,0,3,0
2020-07-14,US,Kentucky,Ballard,22,0,0,37.05842757,-88.99427697,21007.0,278.9046653144016,0.0,22,18,0,0,18,18,7979,4,0,0,4,0
2020-07-14,US,Kentucky,Barren,135,2,0,36.96469836,-85.93338945,21009.0,305.09164048905063,1.4814814814814814,133,129,2,0,127,128,44176,6,0,0,6,1
2020-07-14,US,Kentucky,Bath,22,1,0,38.14735938,-83.74588932,21011.0,176.0,4.545454545454546,21,21,1,0,20,21,12383,1,0,0,1,0
2020-07-14,US,Kentucky,Bell,114,0,0,36.73355174,-83.67766671,21013.0,437.922556853104,0.0,114,105,0,0,105,103,26569,9,0,0,9,2
2020-07-14,US,Kentucky,Boone,755,23,0,38.97065142,-84.72615357,21015.0,565.200140738578,3.04635761589404,732,733,23,0,710,726,131533,22,0,0,22,7
2020-07-14,US,Kentucky,Bourbon,47,1,0,38.2054607,-84.21827874,21017.0,237.51768748736612,2.127659574468085,46,46,1,0,45,44,20184,1,0,0,1,2
2020-07-14,US,Kentucky,Boyd,101,3,0,38.36176608,-82.68652187,21019.0,216.19076159082152,2.9702970297029703,98,93,3,0,90,86,47240,8,0,0,8,7
2020-07-14,US,Kentucky,Boyle,48,0,0,37.62680923,-84.8633779,21021.0,159.6806387225549,0.0,48,48,0,0,48,47,30100,0,0,0,0,1
2020-07-14,US,Kentucky,Bracken,20,0,0,38.69158994,-84.08532444,21023.0,240.87679152113685,0.0,20,19,0,0,19,19,8239,1,0,0,1,0
2020-07-14,US,Kentucky,Breathitt,15,0,0,37.52333168,-83.31959161,21025.0,118.76484560570073,0.0,15,15,0,0,15,15,12726,0,0,0,0,0
2020-07-14,US,Kentucky,Breckinridge,30,2,0,37.77377239,-86.42885017,21027.0,146.50583581579332,6.666666666666668,28,30,2,0,28,30,20388,0,0,0,0,0
2020-07-14,US,Kentucky,Bullitt,180,4,0,37.97162523,-85.68955617,21029.0,220.3829766394045,2.2222222222222223,176,174,4,0,170,173,81069,6,0,0,6,1
2020-07-14,US,Kentucky,Butler,267,14,0,37.20946153,-86.68748787,21031.0,2073.142324714652,5.243445692883896,253,266,14,0,252,265,12772,1,0,0,1,1
2020-07-14,US,Kentucky,Caldwell,34,0,0,37.14749129,-87.86948214,21033.0,266.7294265317329,0.0,34,34,0,0,34,34,12715,0,0,0,0,0
2020-07-14,US,Kentucky,Calloway,117,1,0,36.62093411,-88.2731593,21035.0,299.99230788954134,0.8547008547008547,116,111,1,0,110,111,39135,6,0,0,6,0
2020-07-14,US,Kentucky,Campbell,342,13,0,38.94384345,-84.37875208,21037.0,365.44708497179016,3.801169590643275,329,333,13,0,320,330,93152,9,0,0,9,3
2020-07-14,US,Kentucky,Carlisle,13,1,0,36.85372876,-88.96692220000001,21039.0,273.109243697479,7.6923076923076925,12,11,1,0,10,11,4771,2,0,0,2,0
2020-07-14,US,Kentucky,Carroll,88,1,0,38.66599534,-85.12601074,21041.0,827.7678487442386,1.1363636363636365,87,85,1,0,84,85,10737,3,0,0,3,0
2020-07-14,US,Kentucky,Carter,48,1,0,38.31690743,-83.05092385,21043.0,179.12452886517147,2.083333333333333,47,38,0,0,38,38,27004,10,1,0,9,0
2020-07-14,US,Kentucky,Casey,49,2,0,37.32533118,-84.92726209,21045.0,303.2365864224272,4.081632653061225,47,41,1,0,40,41,15888,8,1,0,7,0
2020-07-14,US,Kentucky,Christian,309,4,0,36.89267803,-87.49055367,21047.0,438.54046919572517,1.2944983818770226,305,297,4,0,293,285,71671,12,0,0,12,12
2020-07-14,US,Kentucky,Clark,117,6,0,37.9689263,-84.14615986,21049.0,322.642914265229,5.128205128205129,111,114,6,0,108,113,36249,3,0,0,3,1
2020-07-14,US,Kentucky,Clay,88,4,0,37.16451126,-83.712575,21051.0,442.188834731923,4.545454545454546,84,85,4,0,81,82,20105,3,0,0,3,3
2020-07-14,US,Kentucky,Clinton,9,0,0,36.72581156,-85.13377529,21053.0,88.07985907222547,0.0,9,9,0,0,9,7,10206,0,0,0,0,2
2020-07-14,US,Kentucky,Crittenden,12,1,0,37.35839237,-88.08826090000002,21055.0,136.2707245060186,8.333333333333334,11,12,1,0,11,12,8915,0,0,0,0,0
2020-07-14,US,Kentucky,Cumberland,8,0,0,36.78926125,-85.39050034,21057.0,120.95554883580284,0.0,8,7,0,0,7,7,6659,1,0,0,1,0
2020-07-14,US,Kentucky,Daviess,518,8,0,37.73028906,-87.09019479999998,21059.0,510.2895252731231,1.5444015444015444,510,511,8,0,503,499,101104,7,0,0,7,12
2020-07-14,US,Kentucky,Edmonson,81,12,0,37.21218923,-86.23955613,21061.0,666.6666666666666,14.814814814814815,69,77,12,0,65,76,12274,4,0,0,4,1
2020-07-14,US,Kentucky,Elliott,5,0,0,38.11624059,-83.09771563,21063.0,66.51589729945456,0.0,5,3,0,0,3,3,7508,2,0,0,2,0
2020-07-14,US,Kentucky,Estill,7,0,0,37.69241417,-83.95956369,21065.0,49.62427335885439,0.0,7,6,0,0,6,6,14198,1,0,0,1,0
2020-07-14,US,Kentucky,Fayette,1940,37,0,38.0368225,-84.45576892,21067.0,600.3366836658911,1.9072164948453607,1903,1912,36,0,1876,1834,323780,28,1,0,27,78
2020-07-14,US,Kentucky,Fleming,31,0,0,38.36758311,-83.69657514,21069.0,212.6054454426994,0.0,31,31,0,0,31,30,14432,0,0,0,0,1
2020-07-14,US,Kentucky,Floyd,44,1,0,37.56213922,-82.74750924,21071.0,123.63370704431142,2.272727272727273,43,40,0,0,40,40,35845,4,1,0,3,0
2020-07-14,US,Kentucky,Franklin,168,4,0,38.2379395,-84.87962551,21073.0,329.4699064540802,2.380952380952381,164,164,4,0,160,163,50815,4,0,0,4,1
2020-07-14,US,Kentucky,Fulton,29,1,0,36.55238827,-89.20140068,21075.0,485.8435248785392,3.4482758620689653,28,28,1,0,27,28,6120,1,0,0,1,0
2020-07-14,US,Kentucky,Gallatin,68,8,0,38.75398691,-84.8558382,21077.0,766.7155259894013,11.764705882352944,60,68,8,0,60,68,8832,0,0,0,0,0
2020-07-14,US,Kentucky,Garrard,40,0,0,37.638866799999995,-84.53289319,21079.0,226.42363862787275,0.0,40,39,0,0,39,39,17560,1,0,0,1,0
2020-07-14,US,Kentucky,Grant,70,5,0,38.64962758,-84.62415957,21081.0,279.2293270573217,7.142857142857142,65,69,5,0,64,67,25121,1,0,0,1,2
2020-07-14,US,Kentucky,Graves,328,21,0,36.72292505,-88.65143315,21083.0,880.1588579402136,6.402439024390245,307,313,21,0,292,305,37317,15,0,0,15,8
2020-07-14,US,Kentucky,Grayson,150,11,0,37.46231118,-86.34248968,21085.0,567.6013168350553,7.333333333333332,139,147,11,0,136,147,26321,3,0,0,3,0
2020-07-14,US,Kentucky,Green,13,1,0,37.26484328,-85.5540745,21087.0,118.81912073850654,7.6923076923076925,12,10,1,0,9,10,11049,3,0,0,3,0
2020-07-14,US,Kentucky,Greenup,45,0,0,38.54332505,-82.9215658,21089.0,128.21243375690923,0.0,45,44,0,0,44,44,35268,1,0,0,1,0
2020-07-14,US,Kentucky,Hancock,32,0,0,37.83766422,-86.78280584,21091.0,366.8883283650538,0.0,32,32,0,0,32,27,8758,0,0,0,0,5
2020-07-14,US,Kentucky,Hardin,286,6,0,37.6976111,-85.96319251,21093.0,257.7551866471998,2.097902097902098,280,274,6,0,268,266,110356,12,0,0,12,8
2020-07-14,US,Kentucky,Harlan,45,2,0,36.85699301,-83.21899516,21095.0,173.01038062283737,4.4444444444444455,43,37,2,0,35,37,26409,8,0,0,8,0
2020-07-14,US,Kentucky,Harrison,82,0,0,38.44188174,-84.32869741,21097.0,434.184051678492,0.0,82,81,0,0,81,81,18778,1,0,0,1,0
2020-07-14,US,Kentucky,Hart,50,0,0,37.29943898,-85.88461055,21099.0,262.6740215392697,0.0,50,48,0,0,48,48,18906,2,0,0,2,0
2020-07-14,US,Kentucky,Henderson,214,3,0,37.79344553,-87.57392021,21101.0,473.34660473346605,1.4018691588785046,211,210,3,0,207,203,45591,4,0,0,4,7
2020-07-14,US,Kentucky,Henry,45,2,0,38.44942688,-85.11587507,21103.0,279.0524618628302,4.4444444444444455,43,45,2,0,43,44,16106,0,0,0,0,1
2020-07-14,US,Kentucky,Hickman,7,0,0,36.67948079999999,-88.97875928,21105.0,159.8173515981735,0.0,7,7,0,0,7,7,4421,0,0,0,0,0
2020-07-14,US,Kentucky,Hopkins,317,33,0,37.30939025,-87.54670406,21107.0,709.3944412120128,10.410094637223974,284,305,33,0,272,305,45068,12,0,0,12,0
2020-07-14,US,Kentucky,Jackson,117,14,0,37.41866422,-83.99825483,21109.0,877.7852802160703,11.965811965811966,103,117,14,0,103,117,13442,0,0,0,0,0
2020-07-14,US,Kentucky,Jefferson,4661,206,0,38.18664655,-85.65931031,21111.0,607.8848970403923,4.4196524350997635,4455,4588,206,0,4382,4561,770517,73,0,0,73,27
2020-07-14,US,Kentucky,Jessamine,147,0,0,37.87119786,-84.58252003,21113.0,271.64372170377897,0.0,147,143,0,0,143,138,53920,4,0,0,4,5
2020-07-14,US,Kentucky,Johnson,12,0,0,37.85106355,-82.8264322,21115.0,54.08328826392645,0.0,12,11,0,0,11,11,22386,1,0,0,1,0
2020-07-14,US,Kentucky,Kenton,909,37,0,38.93950319,-84.53241199,21117.0,544.3178960227068,4.0704070407040716,872,890,37,0,853,886,166051,19,0,0,19,4
2020-07-14,US,Kentucky,Knott,23,0,0,37.35388197,-82.94981134,21119.0,155.34242874510338,0.0,23,20,0,0,20,17,15126,3,0,0,3,3
2020-07-14,US,Kentucky,Knox,106,5,0,36.89225732,-83.85403396,21121.0,340.3435543425911,4.716981132075472,101,95,5,0,90,94,31304,11,0,0,11,1
2020-07-14,US,Kentucky,Larue,21,1,0,37.54567114,-85.70138352,21123.0,145.8535907764967,4.761904761904762,20,19,1,0,18,19,14307,2,0,0,2,0
2020-07-14,US,Kentucky,Laurel,191,3,0,37.10975748,-84.11321779,21125.0,314.07758209593345,1.5706806282722514,188,187,3,0,184,188,60669,4,0,0,4,-1
2020-07-14,US,Kentucky,Lawrence,13,0,0,38.07136018,-82.72882223,21127.0,84.87301690931645,0.0,13,11,0,0,11,11,15571,2,0,0,2,0
2020-07-14,US,Kentucky,Lee,1,0,0,37.59645942,-83.71513901,21129.0,13.508037282182901,0.0,1,1,0,0,1,1,7033,0,0,0,0,0
2020-07-14,US,Kentucky,Leslie,11,0,0,37.09246661,-83.37999606,21131.0,111.36984914447709,0.0,11,11,0,0,11,11,10143,0,0,0,0,0
2020-07-14,US,Kentucky,Letcher,21,0,0,37.12306748,-82.85346474,21133.0,97.4342318934719,0.0,21,20,0,0,20,20,21899,1,0,0,1,0
2020-07-14,US,Kentucky,Lewis,24,0,0,38.53184419,-83.37735618,21135.0,180.7909604519774,0.0,24,22,0,0,22,22,13257,2,0,0,2,0
2020-07-14,US,Kentucky,Lincoln,61,1,0,37.45475628,-84.6565327,21137.0,248.4826265835676,1.639344262295082,60,56,1,0,55,53,24644,5,0,0,5,3
2020-07-14,US,Kentucky,Livingston,23,0,0,37.21137452,-88.34797529,21139.0,250.16314988035674,0.0,23,19,0,0,19,17,9242,4,0,0,4,2
2020-07-14,US,Kentucky,Logan,253,13,0,36.85949479,-86.877635,21141.0,933.5104420337982,5.138339920948616,240,247,13,0,234,246,26989,6,0,0,6,1
2020-07-14,US,Kentucky,Lyon,23,3,0,37.02080035,-88.07886257,21143.0,280.1461632155907,13.043478260869565,20,23,3,0,20,23,8009,0,0,0,0,0
2020-07-14,US,Kentucky,Madison,210,1,0,37.71659336,-84.27220275,21151.0,225.8380203684386,0.4761904761904762,209,193,1,0,192,187,92368,17,0,0,17,6
2020-07-14,US,Kentucky,Magoffin,7,0,0,37.70820545,-83.0657714,21153.0,57.561055834224156,0.0,7,7,0,0,7,7,12362,0,0,0,0,0
2020-07-14,US,Kentucky,Marion,68,0,0,37.55218078,-85.26898542,21155.0,352.82519586986984,0.0,68,65,0,0,65,63,19404,3,0,0,3,2
2020-07-14,US,Kentucky,Marshall,74,2,0,36.88007070000001,-88.32803576,21157.0,237.94212218649517,2.702702702702702,72,72,2,0,70,70,31191,2,0,0,2,2
2020-07-14,US,Kentucky,Martin,12,0,0,37.79990579,-82.51247478,21159.0,107.19071013845465,0.0,12,12,0,0,12,12,11323,0,0,0,0,0
2020-07-14,US,Kentucky,Mason,40,1,0,38.59471935,-83.82151043,21161.0,234.3292325717633,2.5,39,39,1,0,38,39,17150,1,0,0,1,0
2020-07-14,US,Kentucky,McCracken,210,3,0,37.05350953,-88.70445755,21145.0,321.0125653489865,1.4285714285714286,207,206,3,0,203,203,65346,4,0,0,4,3
2020-07-14,US,Kentucky,McCreary,18,0,0,36.73874143,-84.48102924,21147.0,104.46288665776798,0.0,18,18,0,0,18,18,17408,0,0,0,0,0
2020-07-14,US,Kentucky,McLean,29,1,0,37.5301951,-87.26803443,21149.0,314.97773433257305,3.4482758620689653,28,28,1,0,27,28,9252,1,0,0,1,0
2020-07-14,US,Kentucky,Meade,35,2,0,37.96163597,-86.21028219,21163.0,122.49755004899902,5.7142857142857135,33,33,2,0,31,33,28715,2,0,0,2,0
2020-07-14,US,Kentucky,Menifee,14,0,0,37.94090733,-83.59985712,21165.0,215.7497303128371,0.0,14,15,0,0,15,14,6451,-1,0,0,-1,1
2020-07-14,US,Kentucky,Mercer,31,0,0,37.81474237,-84.87488475,21167.0,141.3395340354717,0.0,31,30,0,0,30,30,21774,1,0,0,1,0
2020-07-14,US,Kentucky,Metcalfe,17,2,0,36.99459295,-85.63123699,21169.0,168.801509284083,11.764705882352944,15,17,2,0,15,17,10030,0,0,0,0,0
2020-07-14,US,Kentucky,Monroe,53,2,0,36.71225341,-85.71596443,21171.0,497.6525821596244,3.7735849056603774,51,50,2,0,48,50,10718,3,0,0,3,0
2020-07-14,US,Kentucky,Montgomery,76,0,0,38.03253032,-83.9145241,21173.0,269.91511879816744,0.0,76,65,0,0,65,64,28203,11,0,0,11,1
2020-07-14,US,Kentucky,Morgan,20,0,0,37.92465657,-83.25558245,21175.0,150.2742505071756,0.0,20,15,0,0,15,15,13345,5,0,0,5,0
2020-07-14,US,Kentucky,Muhlenberg,543,8,0,37.21425819,-87.14632053,21177.0,1773.2349291359153,1.4732965009208103,535,542,8,0,534,537,30774,1,0,0,1,5
2020-07-14,US,Kentucky,Nelson,119,2,0,37.80335779,-85.4657193,21179.0,257.391906214176,1.680672268907563,117,116,2,0,114,115,45851,3,0,0,3,1
2020-07-14,US,Kentucky,Nicholas,12,0,0,38.33342292,-84.01889177,21181.0,165.0846058605035,0.0,12,12,0,0,12,12,7166,0,0,0,0,0
2020-07-14,US,Kentucky,Ohio,224,1,0,37.47751843,-86.85368087,21183.0,933.566725014587,0.44642857142857145,223,221,0,0,221,218,24087,3,1,0,2,3
2020-07-14,US,Kentucky,Oldham,178,7,0,38.39791089,-85.448222,21185.0,266.4710549559125,3.9325842696629216,171,174,7,0,167,173,66470,4,0,0,4,1
2020-07-14,US,Kentucky,Owen,11,0,0,38.51679143,-84.82404619,21187.0,100.90817356205852,0.0,11,10,0,0,10,10,10880,1,0,0,1,0
2020-07-14,US,Kentucky,Owsley,3,0,0,37.42823949,-83.68811419,21189.0,67.95016987542469,0.0,3,3,0,0,3,3,4472,0,0,0,0,0
2020-07-14,US,Kentucky,Pendleton,23,0,0,38.69607718,-84.35599463,21191.0,157.64222069910898,0.0,23,22,0,0,22,22,14529,1,0,0,1,0
2020-07-14,US,Kentucky,Perry,98,2,0,37.25023553,-83.22922731,21193.0,380.46432176411207,2.0408163265306123,96,91,2,0,89,86,26092,7,0,0,7,5
2020-07-14,US,Kentucky,Pike,128,3,0,37.47088263,-82.39487445,21195.0,221.16248531342868,2.34375,125,120,3,0,117,120,58402,8,0,0,8,0
2020-07-14,US,Kentucky,Powell,13,0,0,37.83218794,-83.82553961,21197.0,105.18650376244032,0.0,13,10,0,0,10,10,12442,3,0,0,3,0
2020-07-14,US,Kentucky,Pulaski,130,2,0,37.10466131,-84.57629079,21199.0,200.06463626710166,1.5384615384615383,128,127,2,0,125,127,64623,3,0,0,3,0
2020-07-14,US,Kentucky,Robertson,1,0,0,38.51923469,-84.05055616,21201.0,47.43833017077799,0.0,1,1,0,0,1,1,2135,0,0,0,0,0
2020-07-14,US,Kentucky,Rockcastle,34,0,0,37.36642393,-84.31176452,21203.0,203.65378855944888,0.0,34,32,0,0,32,32,16750,2,0,0,2,0
2020-07-14,US,Kentucky,Rowan,34,0,0,38.19484205,-83.42088935,21205.0,139.00245298446444,0.0,34,31,0,0,31,30,24583,3,0,0,3,1
2020-07-14,US,Kentucky,Russell,68,5,0,36.99308373,-85.06070117,21207.0,379.40076996038607,7.352941176470589,63,62,5,0,57,62,17821,6,0,0,6,0
2020-07-14,US,Kentucky,Scott,131,0,0,38.29622293,-84.5816631,21209.0,229.80843449582488,0.0,131,127,0,0,127,127,56031,4,0,0,4,0
2020-07-14,US,Kentucky,Shelby,577,20,0,38.21476019,-85.194223,21211.0,1176.9745430809398,3.466204506065858,557,573,19,0,554,569,48518,4,1,0,3,4
2020-07-14,US,Kentucky,Simpson,90,3,0,36.74058474,-86.58047435,21213.0,484.6004738315744,3.333333333333333,87,88,3,0,85,88,18529,2,0,0,2,0
2020-07-14,US,Kentucky,Spencer,52,0,0,38.03223971,-85.32749335,21215.0,268.71996279262055,0.0,52,49,0,0,49,48,18794,3,0,0,3,1
2020-07-14,US,Kentucky,Taylor,55,1,0,37.3677562,-85.3329931,21217.0,213.4347471768404,1.818181818181818,54,52,1,0,51,52,25549,3,0,0,3,0
2020-07-14,US,Kentucky,Todd,27,0,0,36.8381152,-87.17878374,21219.0,219.6193265007321,0.0,27,27,0,0,27,28,12311,0,0,0,0,-1
2020-07-14,US,Kentucky,Trigg,31,0,0,36.80767017,-87.87333656,21221.0,211.5896525834414,0.0,31,30,0,0,30,29,14643,1,0,0,1,1
2020-07-14,US,Kentucky,Trimble,16,0,0,38.61056487,-85.33775972,21223.0,188.8797072364537,0.0,16,15,0,0,15,15,8515,1,0,0,1,0
2020-07-14,US,Kentucky,Unassigned,11,0,0,0.0,0.0,90021.0,0.0,0.0,11,11,0,0,11,9,,0,0,0,0,2
2020-07-14,US,Kentucky,Union,32,0,0,37.66166713,-87.94300009,21225.0,222.51581948404143,0.0,32,32,0,0,32,32,14505,0,0,0,0,0
2020-07-14,US,Kentucky,Warren,1808,18,0,36.99903045,-86.42672751,21227.0,1360.4623163977847,0.9955752212389379,1790,1742,18,0,1724,1733,131264,66,0,0,66,9
2020-07-14,US,Kentucky,Washington,35,0,0,37.75599461,-85.17407732,21229.0,289.37577511368335,0.0,35,32,0,0,32,30,12084,3,0,0,3,2
2020-07-14,US,Kentucky,Wayne,23,0,0,36.80310688,-84.8251971,21231.0,113.11660846899127,0.0,23,20,0,0,20,20,20468,3,0,0,3,0
2020-07-14,US,Kentucky,Webster,55,0,0,37.52168356,-87.67989953,21233.0,424.9729562664194,0.0,55,55,0,0,55,55,13111,0,0,0,0,0
2020-07-14,US,Kentucky,Whitley,57,0,0,36.75700531,-84.14541217,21235.0,157.180675049636,0.0,57,54,0,0,54,54,36242,3,0,0,3,0
2020-07-14,US,Kentucky,Wolfe,6,0,0,37.73941626,-83.49303612,21237.0,83.83400866284757,0.0,6,4,0,0,4,4,7177,2,0,0,2,0
2020-07-14,US,Kentucky,Woodford,86,0,0,38.04178222,-84.7417556,21239.0,321.68773846038755,0.0,86,84,0,0,84,83,26533,2,0,0,2,1
2020-07-14,US,Louisiana,Acadia,1453,46,0,30.295064899999996,-92.41419698,22001.0,2341.8486582319283,3.165863730213352,1407,1383,45,0,1338,1339,62190,70,1,0,69,44
2020-07-14,US,Louisiana,Allen,497,14,0,30.65385745,-92.82442028,22003.0,1939.3608303742144,2.8169014084507036,483,480,12,0,468,467,25605,17,2,0,15,13
2020-07-14,US,Louisiana,Ascension,1655,64,0,30.20406249,-90.91328409999998,22005.0,1307.2256800732996,3.8670694864048336,1591,1622,64,0,1558,1597,124672,33,0,0,33,25
2020-07-14,US,Louisiana,Assumption,432,17,0,29.89946234,-91.06461642,22007.0,1973.4137316705496,3.935185185185185,415,430,16,0,414,424,22300,2,1,0,1,6
2020-07-14,US,Louisiana,Avoyelles,512,17,0,31.07796211,-92.00079449,22009.0,1275.4085292945394,3.3203125,495,489,17,0,472,482,40462,23,0,0,23,7
2020-07-14,US,Louisiana,Beauregard,375,9,0,30.64836518,-93.34173616,22011.0,1000.0800064005119,2.4,366,367,9,0,358,361,37253,8,0,0,8,6
2020-07-14,US,Louisiana,Bienville,272,28,0,32.34569994,-93.05398492,22013.0,2054.2255116683027,10.294117647058824,244,266,28,0,238,265,13308,6,0,0,6,1
2020-07-14,US,Louisiana,Bossier,1370,39,0,32.67932307,-93.60460152,22015.0,1078.4089925141097,2.846715328467153,1331,1315,39,0,1276,1274,127185,55,0,0,55,41
2020-07-14,US,Louisiana,Caddo,4522,249,0,32.57991587,-93.88375652,22017.0,1882.5664851542856,5.50641309155241,4273,4413,248,0,4165,4323,242922,109,1,0,108,90
2020-07-14,US,Louisiana,Calcasieu,3435,72,0,30.22931235,-93.35400434,22019.0,1688.4917123812893,2.096069868995633,3363,3236,71,0,3165,3127,203112,199,1,0,198,109
2020-07-14,US,Louisiana,Caldwell,124,1,0,32.0902519,-92.11752148,22021.0,1250.2520669489816,0.8064516129032258,123,128,1,0,127,128,9960,-4,0,0,-4,0
2020-07-14,US,Louisiana,Cameron,115,0,0,29.87592238,-93.19310676,22023.0,1649.2184138821167,0.0,115,100,0,0,100,100,6968,15,0,0,15,0
2020-07-14,US,Louisiana,Catahoula,217,3,0,31.66778967,-91.84526385,22025.0,2285.654097324626,1.3824884792626728,214,215,3,0,212,215,9608,2,0,0,2,0
2020-07-14,US,Louisiana,Claiborne,154,10,0,32.82308512,-92.99526883,22027.0,982.7696234843652,6.493506493506493,144,150,10,0,140,149,15944,4,0,0,4,1
2020-07-14,US,Louisiana,Concordia,153,7,0,31.44817835,-91.63814433,22029.0,794.4337712238437,4.575163398692809,146,154,7,0,147,151,19572,-1,0,0,-1,3
2020-07-14,US,Louisiana,De Soto,449,21,0,32.05457447,-93.74130302,22031.0,1634.9269926810614,4.67706013363029,428,434,21,0,413,431,27436,15,0,0,15,3
2020-07-14,US,Louisiana,East Baton Rouge,7421,279,0,30.53842039,-91.09777565,22033.0,1686.3647829041104,3.7596011319229214,7142,7300,279,0,7021,7100,440956,121,0,0,121,200
2020-07-14,US,Louisiana,East Carroll,463,1,0,32.73926954,-91.23425694,22035.0,6748.287421658652,0.2159827213822894,462,456,1,0,455,456,7037,7,0,0,7,0
2020-07-14,US,Louisiana,East Feliciana,361,33,0,30.84425359,-91.04976723,22037.0,1886.595244316697,9.141274238227147,328,362,33,0,329,355,19305,-1,0,0,-1,7
2020-07-14,US,Louisiana,Evangeline,359,1,0,30.72985248,-92.39915924,22039.0,1075.011229225932,0.2785515320334262,358,334,1,0,333,332,33443,25,0,0,25,2
2020-07-14,US,Louisiana,Franklin,575,14,0,32.13675181,-91.67589857,22041.0,2872.8453659755187,2.4347826086956523,561,568,14,0,554,558,20156,7,0,0,7,10
2020-07-14,US,Louisiana,Grant,136,2,0,31.59882456,-92.56124347,22043.0,607.4411541381927,1.4705882352941178,134,133,2,0,131,128,22482,3,0,0,3,5
2020-07-14,US,Louisiana,Iberia,1408,52,0,29.86803617,-91.75871777,22045.0,2016.3253615924384,3.6931818181818175,1356,1337,51,0,1286,1272,70941,71,1,0,70,65
2020-07-14,US,Louisiana,Iberville,857,43,0,30.25734305,-91.3499598,22047.0,2636.030881855372,5.017502917152858,814,844,43,0,801,831,32721,13,0,0,13,13
2020-07-14,US,Louisiana,Jackson,243,17,0,32.30251776,-92.55692092,22049.0,1543.4451219512196,6.99588477366255,226,236,17,0,219,235,15902,7,0,0,7,1
2020-07-14,US,Louisiana,Jefferson,11450,495,0,29.74075478,-90.11115756,22051.0,2647.441692697917,4.323144104803493,10955,11256,495,0,10761,11100,434051,194,0,0,194,156
2020-07-14,US,Louisiana,Jefferson Davis,640,14,0,30.26896765,-92.81210004,22053.0,2040.29584289722,2.1875,626,624,13,0,611,606,31582,16,1,0,15,18
2020-07-14,US,Louisiana,LaSalle,125,0,0,31.67884782,-92.15907765,22059.0,839.3768466290628,0.0,125,125,0,0,125,121,14917,0,0,0,0,4
2020-07-14,US,Louisiana,Lafayette,4216,55,0,30.2049055,-92.06959876,22055.0,1725.1115021072876,1.3045540796963946,4161,3988,54,0,3934,3834,242782,228,1,0,227,154
2020-07-14,US,Louisiana,Lafourche,1677,91,0,29.52470226,-90.40976986,22057.0,1717.9912717438074,5.426356589147288,1586,1612,91,0,1521,1567,98115,65,0,0,65,45
2020-07-14,US,Louisiana,Lincoln,460,19,0,32.6003154,-92.66597409999999,22061.0,984.1256257755338,4.130434782608695,441,442,19,0,423,438,47196,18,0,0,18,4
2020-07-14,US,Louisiana,Livingston,1645,41,0,30.44143993,-90.73061664,22063.0,1168.4151460696505,2.4924012158054705,1604,1565,40,0,1525,1528,139567,80,1,0,79,37
2020-07-14,US,Louisiana,Madison,441,4,0,32.36918118,-91.23973355,22065.0,4027.0294950232856,0.90702947845805,437,436,4,0,432,428,11161,5,0,0,5,8
2020-07-14,US,Louisiana,Morehouse,294,10,0,32.81686191,-91.80421614,22067.0,1181.9570636005467,3.4013605442176873,284,291,10,0,281,283,25398,3,0,0,3,8
2020-07-14,US,Louisiana,Natchitoches,433,14,0,31.72321584,-93.09816516,22069.0,1134.7554903296816,3.233256351039261,419,406,14,0,392,403,38659,27,0,0,27,3
2020-07-14,US,Louisiana,Orleans,8846,542,0,30.06971951,-89.92660315,22071.0,2267.3679461942256,6.127063079357902,8304,8745,540,0,8205,8665,391006,101,2,0,99,80
2020-07-14,US,Louisiana,Ouachita,3214,90,0,32.47645559,-92.15704172,22073.0,2096.8299636610363,2.8002489110143123,3124,3175,86,0,3089,3120,154475,39,4,0,35,55
2020-07-14,US,Louisiana,Plaquemines,322,18,0,29.42245447,-89.60322085,22075.0,1388.1105315342502,5.590062111801243,304,315,18,0,297,310,23410,7,0,0,7,5
2020-07-14,US,Louisiana,Pointe Coupee,413,28,0,30.71409502,-91.60209535,22077.0,1900.5982512655319,6.779661016949151,385,393,28,0,365,377,21940,20,0,0,20,16
2020-07-14,US,Louisiana,Rapides,2059,79,0,31.19778499,-92.52997303,22079.0,1588.1463655436255,3.836813987372511,1980,2019,79,0,1940,2001,130562,40,0,0,40,18
2020-07-14,US,Louisiana,Red River,96,9,0,32.09530039,-93.34213308,22081.0,1137.1712864250178,9.375,87,91,9,0,82,80,8477,5,0,0,5,11
2020-07-14,US,Louisiana,Richland,294,5,0,32.41391005,-91.76634876,22083.0,1461.0873670609287,1.7006802721088434,289,290,5,0,285,283,20192,4,0,0,4,7
2020-07-14,US,Louisiana,Sabine,236,1,0,31.56388699,-93.55433981,22085.0,988.1091944397923,0.42372881355932196,235,220,1,0,219,210,24032,16,0,0,16,10
2020-07-14,US,Louisiana,St. Bernard,738,24,0,29.87761636,-89.51887093,22087.0,1562.1031242062484,3.2520325203252027,714,721,24,0,697,706,46721,17,0,0,17,15
2020-07-14,US,Louisiana,St. Charles,903,49,0,29.90709658,-90.35555967,22089.0,1700.5649717514123,5.426356589147288,854,882,49,0,833,871,52879,21,0,0,21,11
2020-07-14,US,Louisiana,St. Helena,145,1,0,30.82210324,-90.71013176,22091.0,1431.1093564942755,0.6896551724137931,144,122,1,0,121,121,10262,23,0,0,23,1
2020-07-14,US,Louisiana,St. James,465,30,0,30.02531716,-90.80212061,22093.0,2204.2093287827074,6.451612903225807,435,454,30,0,424,444,21037,11,0,0,11,10
2020-07-14,US,Louisiana,St. John the Baptist,1098,88,0,30.12597499,-90.4753503,22095.0,2563.2047062119195,8.014571948998178,1010,1097,87,0,1010,1081,43184,1,1,0,0,16
2020-07-14,US,Louisiana,St. Landry,1198,60,0,30.59724262,-92.00135806,22097.0,1458.7696653840533,5.0083472454090145,1138,1159,60,0,1099,1128,82764,39,0,0,39,31
2020-07-14,US,Louisiana,St. Martin,1110,29,0,30.13112107,-91.61403569,22099.0,2077.445677602889,2.612612612612613,1081,1050,27,0,1023,1021,53621,60,2,0,58,29
2020-07-14,US,Louisiana,St. Mary,843,39,0,29.69262097,-91.44702164,22101.0,1708.2759179703332,4.6263345195729535,804,801,39,0,762,762,49774,42,0,0,42,39
2020-07-14,US,Louisiana,St. Tammany,3342,187,0,30.40942847,-89.95642711,22103.0,1283.3165014841468,5.5954518252543375,3155,3257,187,0,3070,3169,258111,85,0,0,85,88
2020-07-14,US,Louisiana,Tangipahoa,2020,44,0,30.62888673,-90.40664996,22105.0,1498.9833627688156,2.1782178217821784,1976,1914,44,0,1870,1894,133777,106,0,0,106,20
2020-07-14,US,Louisiana,Tensas,35,0,0,32.00760749,-91.32915234,22107.0,807.5680664513153,0.0,35,35,0,0,35,32,4462,0,0,0,0,3
2020-07-14,US,Louisiana,Terrebonne,1750,67,0,29.37343766,-90.82626855,22109.0,1584.2695612025964,3.8285714285714287,1683,1734,67,0,1667,1661,111021,16,0,0,16,73
2020-07-14,US,Louisiana,Unassigned,0,108,0,0.0,0.0,90022.0,0.0,0.0,-108,7,108,0,-101,4,,-7,0,0,-7,3
2020-07-14,US,Louisiana,Union,483,28,0,32.83121059,-92.3749373,22111.0,2184.729509679754,5.797101449275362,455,478,28,0,450,476,22330,5,0,0,5,2
2020-07-14,US,Louisiana,Vermilion,609,8,0,29.83517605,-92.30292538,22113.0,1023.34022281595,1.3136288998357963,601,568,7,0,561,542,59830,41,1,0,40,26
2020-07-14,US,Louisiana,Vernon,301,10,0,31.10884837,-93.18153838,22115.0,634.6328195829558,3.3222591362126246,291,288,9,0,279,277,48860,13,1,0,12,11
2020-07-14,US,Louisiana,Washington,871,51,0,30.85288548,-90.03866652,22117.0,1885.526258821492,5.855338691159588,820,852,51,0,801,839,46582,19,0,0,19,13
2020-07-14,US,Louisiana,Webster,554,12,0,32.70847669,-93.33121835,22119.0,1444.9660928534167,2.166064981949458,542,542,12,0,530,535,38798,12,0,0,12,7
2020-07-14,US,Louisiana,West Baton Rouge,415,32,0,30.46058217,-91.30989571,22121.0,1568.1088229737384,7.710843373493977,383,392,31,0,361,378,26427,23,1,0,22,14
2020-07-14,US,Louisiana,West Carroll,173,5,0,32.78550125,-91.461201,22123.0,1597.4145891043397,2.8901734104046244,168,176,5,0,171,176,10982,-3,0,0,-3,0
2020-07-14,US,Louisiana,West Feliciana,275,14,0,30.87882871,-91.41485379999999,22125.0,1766.4439876670092,5.090909090909091,261,261,14,0,247,261,15460,14,0,0,14,0
2020-07-14,US,Louisiana,Winn,295,5,0,31.94449367,-92.63789413,22127.0,2121.6915995397007,1.6949152542372878,290,292,5,0,287,290,14134,3,0,0,3,2
2020-07-14,US,Maine,Androscoggin,502,4,0,44.1664747,-70.20380627,23001.0,463.6257007490049,0.796812749003984,498,502,4,0,498,501,107679,0,0,0,0,1
2020-07-14,US,Maine,Aroostook,25,1,0,46.65926321,-68.59841248,23003.0,37.28282752963985,4.0,24,24,1,0,23,24,67111,1,0,0,1,0
2020-07-14,US,Maine,Cumberland,1897,67,0,43.8370751,-70.37226999,23005.0,643.0443080239863,3.531892461781761,1830,1890,67,0,1823,1872,293557,7,0,0,7,18
2020-07-14,US,Maine,Franklin,41,1,0,44.97330019,-70.44381045,23007.0,135.76608496970098,2.4390243902439024,40,42,1,0,41,42,29897,-1,0,0,-1,0
2020-07-14,US,Maine,Hancock,18,1,0,44.59816444,-68.38401854,23009.0,32.73501009329477,5.5555555555555545,17,18,1,0,17,18,54811,0,0,0,0,0
2020-07-14,US,Maine,Kennebec,147,10,0,44.40759555,-69.76738544,23011.0,120.19427319258884,6.802721088435375,137,146,10,0,136,146,122083,1,0,0,1,0
2020-07-14,US,Maine,Knox,25,1,0,44.11486325,-69.10529169,23013.0,62.858292265915715,4.0,24,25,1,0,24,25,39771,0,0,0,0,0
2020-07-14,US,Maine,Lincoln,26,0,0,44.05996956,-69.54227124,23015.0,75.07073973552002,0.0,26,26,0,0,26,26,34342,0,0,0,0,0
2020-07-14,US,Maine,Oxford,46,0,0,44.49952995,-70.75682123,23017.0,79.34454506252695,0.0,46,46,0,0,46,45,57618,0,0,0,0,1
2020-07-14,US,Maine,Penobscot,124,4,0,45.40194593,-68.65020455,23019.0,81.49959250203749,3.2258064516129035,120,124,4,0,120,124,151096,0,0,0,0,0
2020-07-14,US,Maine,Piscataquis,5,0,0,45.83839062,-69.2860223,23021.0,29.788501638367592,0.0,5,5,0,0,5,5,16800,0,0,0,0,0
2020-07-14,US,Maine,Sagadahoc,34,0,0,43.95415864,-69.85074999,23023.0,94.82373940205264,0.0,34,34,0,0,34,34,35634,0,0,0,0,0
2020-07-14,US,Maine,Somerset,31,0,0,45.51229767,-69.95995554,23025.0,61.405593851517324,0.0,31,31,0,0,31,31,50592,0,0,0,0,0
2020-07-14,US,Maine,Unassigned,2,0,0,0.0,0.0,90023.0,0.0,0.0,2,3,0,0,3,10,,-1,0,0,-1,-7
2020-07-14,US,Maine,Waldo,59,14,0,44.4858305,-69.12061935,23027.0,148.5584791640438,23.728813559322035,45,59,14,0,45,59,39694,0,0,0,0,0
2020-07-14,US,Maine,Washington,4,0,0,45.01607142,-67.62813524,23029.0,12.747378820230091,0.0,4,5,0,0,5,5,31490,-1,0,0,-1,0
2020-07-14,US,Maine,York,580,11,0,43.47808377,-70.71052375,23031.0,279.32826368588087,1.8965517241379308,569,578,11,0,567,572,206229,2,0,0,2,6
2020-07-14,US,Maryland,Allegany,220,18,0,39.62357628,-78.69280486,24001.0,312.4289934105885,8.181818181818182,202,218,18,0,200,216,70975,2,0,0,2,2
2020-07-14,US,Maryland,Anne Arundel,5619,210,0,39.00670238,-76.60329337,24003.0,970.0742705020767,3.737319807794981,5409,5562,210,0,5352,5514,576031,57,0,0,57,48
2020-07-14,US,Maryland,Baltimore,8990,498,0,39.45784712,-76.62911955,24005.0,1086.5755345250614,5.53948832035595,8492,8892,496,0,8396,8797,828431,98,2,0,96,95
2020-07-14,US,Maryland,Baltimore City,8689,367,0,39.30211911,-76.61151012,24510.0,1464.051626817638,4.2237311543330645,8322,8566,366,0,8200,8489,621342,123,1,0,122,77
2020-07-14,US,Maryland,Calvert,458,27,0,38.53961642,-76.56820632,24009.0,495.00135098622,5.895196506550218,431,453,27,0,426,449,92003,5,0,0,5,4
2020-07-14,US,Maryland,Caroline,345,3,0,38.87172293,-75.82904158,24011.0,1032.7486080344847,0.8695652173913043,342,336,3,0,333,336,33304,9,0,0,9,0
2020-07-14,US,Maryland,Carroll,1224,116,0,39.56453592,-77.02373735,24013.0,726.6380523250638,9.477124183006538,1108,1221,116,0,1105,1217,168429,3,0,0,3,4
2020-07-14,US,Maryland,Cecil,531,29,0,39.56647682,-75.94627411,24015.0,516.2607554324048,5.4613935969868175,502,529,29,0,500,527,102826,2,0,0,2,2
2020-07-14,US,Maryland,Charles,1534,90,0,38.51092331,-76.98580666,24017.0,939.6228033101185,5.867014341590612,1444,1528,90,0,1438,1517,161503,6,0,0,6,11
2020-07-14,US,Maryland,Dorchester,217,5,0,38.45413522,-76.02752426,24019.0,679.6329355758087,2.3041474654377883,212,217,5,0,212,217,31998,0,0,0,0,0
2020-07-14,US,Maryland,Frederick,2619,120,0,39.47296601,-77.39999394,24021.0,1009.0657954050713,4.581901489117984,2499,2605,120,0,2485,2598,255648,14,0,0,14,7
2020-07-14,US,Maryland,Garrett,27,0,0,39.52786077,-79.27355126,24023.0,93.05852347142759,0.0,27,27,0,0,27,26,29163,0,0,0,0,1
2020-07-14,US,Maryland,Harford,1311,66,0,39.55010644,-76.30775940000002,24025.0,513.23006095341,5.034324942791762,1245,1288,66,0,1222,1279,253956,23,0,0,23,9
2020-07-14,US,Maryland,Howard,2891,96,0,39.25305293,-76.93126208,24027.0,887.6539040191592,3.3206502940159117,2795,2850,96,0,2754,2825,323196,41,0,0,41,25
2020-07-14,US,Maryland,Kent,205,23,0,39.24976208,-76.04741541,24029.0,1055.5040675522605,11.219512195121949,182,205,23,0,182,204,19383,0,0,0,0,1
2020-07-14,US,Maryland,Montgomery,15883,762,0,39.13676329,-77.20358245,24031.0,1511.6761588597187,4.797582320720267,15121,15780,760,0,15020,15727,1052567,103,2,0,101,53
2020-07-14,US,Maryland,Prince George's,19956,715,0,38.83070039,-76.8496441,24033.0,2194.59006496013,3.582882341150531,19241,19773,714,0,19059,19713,909308,183,1,0,182,60
2020-07-14,US,Maryland,Queen Anne's,296,23,0,39.06198912,-76.03530977,24035.0,587.5230741747881,7.77027027027027,273,290,23,0,267,290,50251,6,0,0,6,0
2020-07-14,US,Maryland,Somerset,103,3,0,38.1163542,-75.75118623,24039.0,402.0924422236103,2.9126213592233015,100,101,3,0,98,99,25675,2,0,0,2,2
2020-07-14,US,Maryland,St. Mary's,721,51,0,38.30058422,-76.60629279999998,24037.0,635.1863271958417,7.0735090152565885,670,708,51,0,657,700,112664,13,0,0,13,8
2020-07-14,US,Maryland,Talbot,197,4,0,38.76618159,-76.10882561,24041.0,529.8405099378715,2.0304568527918785,193,189,4,0,185,185,36968,8,0,0,8,4
2020-07-14,US,Maryland,Unassigned,0,19,0,0.0,0.0,90024.0,0.0,0.0,-19,0,16,0,-16,0,,0,3,0,-3,0
2020-07-14,US,Maryland,Washington,737,29,0,39.60835778,-77.82002295,24043.0,487.92113817370523,3.9348710990502034,708,728,29,0,699,727,150926,9,0,0,9,1
2020-07-14,US,Maryland,Wicomico,1156,42,0,38.37301947,-75.62705831,24045.0,1115.7331892017103,3.633217993079585,1114,1139,42,0,1097,1136,103195,17,0,0,17,3
2020-07-14,US,Maryland,Worcester,331,18,0,38.21274277,-75.33200012,24047.0,633.177748871375,5.4380664652567985,313,322,18,0,304,321,51823,9,0,0,9,1
2020-07-14,US,Massachusetts,Barnstable,1586,152,0,41.72980578,-70.28854339,25001.0,744.6358983989859,9.583858764186633,1434,1582,151,0,1431,1578,213413,4,1,0,3,4
2020-07-14,US,Massachusetts,Berkshire,615,45,0,42.37428441,-73.20524838,25003.0,492.2205147906262,7.317073170731707,570,615,45,0,570,613,126348,0,0,0,0,2
2020-07-14,US,Massachusetts,Bristol,8527,601,0,41.79228404,-71.10872211,25005.0,1508.6241213551612,7.048199835815645,7926,8491,601,0,7890,8460,564022,36,0,0,36,31
2020-07-14,US,Massachusetts,Dukes and Nantucket,80,1,0,41.40674725,-70.68763497,0.0,278.44488531551286,1.25,79,80,1,0,79,80,26707,0,0,0,0,0
2020-07-14,US,Massachusetts,Essex,16530,1136,0,42.6687626,-70.94687179,25009.0,2094.966756819098,6.872353297035693,15394,16485,1136,0,15349,16469,790638,45,0,0,45,16
2020-07-14,US,Massachusetts,Franklin,384,57,0,42.58119713,-72.58602547,25011.0,547.1644343117697,14.84375,327,384,57,0,327,384,70963,0,0,0,0,0
2020-07-14,US,Massachusetts,Hampden,7039,679,0,42.13440424,-72.63235561,25013.0,1509.310164418104,9.646256570535588,6360,7019,678,0,6341,7000,470406,20,1,0,19,19
2020-07-14,US,Massachusetts,Hampshire,1012,117,0,42.33997957,-72.65898478,25015.0,629.2358390847478,11.561264822134387,895,1008,117,0,891,1008,161355,4,0,0,4,0
2020-07-14,US,Massachusetts,Middlesex,24600,1923,0,42.48607732,-71.39049229,25017.0,1526.3395956689185,7.817073170731707,22677,24536,1921,0,22615,24483,1614714,64,2,0,62,53
2020-07-14,US,Massachusetts,Norfolk,9530,959,0,42.16073095,-71.20530408,25021.0,1348.3781967387074,10.06295907660021,8571,9485,958,0,8527,9462,705388,45,1,0,44,23
2020-07-14,US,Massachusetts,Plymouth,8830,680,0,41.94070556,-70.80802823,25023.0,1694.1608052156366,7.7010192525481305,8150,8822,679,0,8143,8811,518132,8,1,0,7,11
2020-07-14,US,Massachusetts,Suffolk,20386,1022,0,42.327951399999996,-71.07850442,25025.0,2535.8654670254145,5.013244383400373,19364,20342,1020,0,19322,20301,807252,44,2,0,42,41
2020-07-14,US,Massachusetts,Unassigned,301,7,0,0.0,0.0,90025.0,0.0,2.3255813953488373,294,299,7,0,292,300,,2,0,0,2,-1
2020-07-14,US,Massachusetts,Worcester,12710,961,0,42.35026951,-71.90493363,25027.0,1530.178589057357,7.560975609756098,11749,12679,959,0,11720,12648,830839,31,2,0,29,31
2020-07-14,US,Michigan,Alcona,24,1,0,44.6846864,-83.59507875,26001.0,230.6583373378184,4.166666666666667,23,24,1,0,23,24,10362,0,0,0,0,0
2020-07-14,US,Michigan,Alger,4,0,0,46.41292944,-86.60260122,26003.0,43.917435221783045,0.0,4,4,0,0,4,4,9097,0,0,0,0,0
2020-07-14,US,Michigan,Allegan,388,7,0,42.59147037,-85.89102866,26005.0,328.58800315037985,1.8041237113402064,381,378,7,0,371,373,117327,10,0,0,10,5
2020-07-14,US,Michigan,Alpena,123,12,0,45.03477666,-83.62212411,26007.0,433.0223552191516,9.75609756097561,111,123,12,0,111,123,28360,0,0,0,0,0
2020-07-14,US,Michigan,Antrim,27,0,0,44.99690221,-85.15503082,26009.0,115.76058995026578,0.0,27,27,0,0,27,25,23365,0,0,0,0,2
2020-07-14,US,Michigan,Arenac,38,2,0,44.0636262,-83.89277559,26011.0,255.32486729825973,5.2631578947368425,36,38,2,0,36,38,15041,0,0,0,0,0
2020-07-14,US,Michigan,Baraga,6,0,0,46.6720582,-88.36363591,26013.0,73.09051041539773,0.0,6,5,0,0,5,5,8320,1,0,0,1,0
2020-07-14,US,Michigan,Barry,140,2,0,42.59513984,-85.30834519,26015.0,227.45735174654754,1.4285714285714286,138,139,2,0,137,134,61157,1,0,0,1,5
2020-07-14,US,Michigan,Bay,438,31,0,43.70639106,-83.98731479,26017.0,424.7231541997169,7.077625570776257,407,435,31,0,404,431,103923,3,0,0,3,4
2020-07-14,US,Michigan,Benzie,16,0,0,44.63899297,-86.01608482,26019.0,90.05966452774963,0.0,16,15,0,0,15,14,17753,1,0,0,1,1
2020-07-14,US,Michigan,Berrien,1026,61,0,41.95447397,-86.41313079999998,26021.0,668.8352748678301,5.9454191033138395,965,1019,60,0,959,1006,154141,7,1,0,6,13
2020-07-14,US,Michigan,Branch,278,2,0,41.91600556,-85.05929476,26023.0,638.8308017556358,0.7194244604316546,276,269,2,0,267,269,43622,9,0,0,9,0
2020-07-14,US,Michigan,Calhoun,622,39,0,42.24633834,-85.00493569,26025.0,463.62897755648146,6.270096463022507,583,615,39,0,576,608,134487,7,0,0,7,7
2020-07-14,US,Michigan,Cass,197,6,0,41.91522292,-85.99405727,26027.0,380.4043485816904,3.045685279187817,191,193,6,0,187,187,51653,4,0,0,4,6
2020-07-14,US,Michigan,Charlevoix,32,2,0,45.37790017,-85.19614053,26029.0,122.40370271200705,6.25,30,32,2,0,30,32,26244,0,0,0,0,0
2020-07-14,US,Michigan,Cheboygan,29,2,0,45.44787015,-84.50122149,26031.0,114.73334388352586,6.896551724137932,27,27,2,0,25,30,25413,2,0,0,2,-3
2020-07-14,US,Michigan,Chippewa,21,0,0,46.29552653,-84.54353449,26033.0,56.226404990762795,0.0,21,20,0,0,20,18,37517,1,0,0,1,2
2020-07-14,US,Michigan,Clare,34,3,0,43.98794227,-84.84819859999998,26035.0,109.85460420032308,8.823529411764708,31,32,3,0,29,32,30757,2,0,0,2,0
2020-07-14,US,Michigan,Clinton,296,12,0,42.94400871,-84.60145248,26037.0,371.88265594572516,4.0540540540540535,284,294,12,0,282,291,79332,2,0,0,2,3
2020-07-14,US,Michigan,Crawford,84,5,0,44.68255561,-84.61006219,26039.0,598.7597120250907,5.9523809523809526,79,84,5,0,79,86,13901,0,0,0,0,-2
2020-07-14,US,Michigan,Delta,34,3,0,45.90484910000001,-86.9080745,26041.0,95.01453163424995,8.823529411764708,31,34,4,0,30,32,35857,0,-1,0,1,2
2020-07-14,US,Michigan,Dickinson,21,2,0,46.00999672,-87.86961634,26043.0,83.2045643646737,9.523809523809524,19,17,2,0,15,17,25383,4,0,0,4,0
2020-07-14,US,Michigan,Eaton,358,7,0,42.59599185,-84.83740035,26045.0,324.663546994595,1.9553072625698324,351,358,7,0,351,356,109826,0,0,0,0,2
2020-07-14,US,Michigan,Emmet,40,2,0,45.52625509,-84.89083249,26047.0,119.70671853957806,5.0,38,40,2,0,38,39,33308,0,0,0,0,1
2020-07-14,US,Michigan,Federal Correctional Institution (FCI),187,5,0,0.0,0.0,0.0,0.0,2.6737967914438503,182,187,5,0,182,187,,0,0,0,0,0
2020-07-14,US,Michigan,Genesee,2931,291,0,43.02244215,-83.70589709,26049.0,722.2538459832484,9.92835209825998,2640,2916,291,0,2625,2910,406892,15,0,0,15,6
2020-07-14,US,Michigan,Gladwin,28,1,0,43.98901072,-84.38774817,26051.0,110.02396950764273,3.571428571428572,27,28,1,0,27,27,25337,0,0,0,0,1
2020-07-14,US,Michigan,Gogebic,16,1,0,46.40862701,-89.69377193,26053.0,114.4901610017889,6.25,15,14,1,0,13,12,15096,2,0,0,2,2
2020-07-14,US,Michigan,Grand Traverse,99,5,0,44.69565625,-85.55585247,26055.0,106.3509797181162,5.05050505050505,94,90,5,0,85,90,92573,9,0,0,9,0
2020-07-14,US,Michigan,Gratiot,107,14,0,43.29265605,-84.60505416,26057.0,262.82822824298097,13.08411214953271,93,107,14,0,93,105,40599,0,0,0,0,2
2020-07-14,US,Michigan,Hillsdale,211,25,0,41.88753639,-84.59312019,26059.0,462.66856704308736,11.848341232227488,186,208,25,0,183,205,45749,3,0,0,3,3
2020-07-14,US,Michigan,Houghton,30,0,0,46.89988536,-88.68495385,26061.0,84.07129245600271,0.0,30,27,0,0,27,27,36219,3,0,0,3,0
2020-07-14,US,Michigan,Huron,80,3,0,43.83353985,-83.04078453,26063.0,258.2227817049159,3.75,77,78,3,0,75,77,31166,2,0,0,2,1
2020-07-14,US,Michigan,Ingham,1207,29,0,42.59716886,-84.37472069,26065.0,412.7822274508731,2.4026512013256007,1178,1187,29,0,1158,1174,292735,20,0,0,20,13
2020-07-14,US,Michigan,Ionia,218,5,0,42.94502238,-85.07413319,26067.0,336.9553456883627,2.2935779816513757,213,211,5,0,206,209,64210,7,0,0,7,2
2020-07-14,US,Michigan,Iosco,122,11,0,44.35486835,-83.63484895,26069.0,485.533489871453,9.016393442622949,111,122,11,0,111,122,25081,0,0,0,0,0
2020-07-14,US,Michigan,Iron,8,1,0,46.20974132,-88.53136251,26071.0,72.29351165732875,12.5,7,8,1,0,7,7,11117,0,0,0,0,1
2020-07-14,US,Michigan,Isabella,163,8,0,43.64060976,-84.84664923,26073.0,233.28371880009158,4.9079754601227,155,161,8,0,153,159,70562,2,0,0,2,2
2020-07-14,US,Michigan,Jackson,558,32,0,42.24807035,-84.42258681,26075.0,352.0282632010599,5.734767025089606,526,555,32,0,523,551,158823,3,0,0,3,4
2020-07-14,US,Michigan,Kalamazoo,1252,71,0,42.24542231,-85.53038622,26077.0,472.3351919899195,5.670926517571885,1181,1237,70,0,1167,1234,264870,15,1,0,14,3
2020-07-14,US,Michigan,Kalkaska,42,2,0,44.68512729,-85.09085699,26079.0,232.84177846767932,4.761904761904762,40,42,2,0,40,42,17824,0,0,0,0,0
2020-07-14,US,Michigan,Kent,5982,145,0,43.03197711,-85.54934642,26081.0,910.5646505468412,2.4239384821130057,5837,5885,145,0,5740,5851,653786,97,0,0,97,34
2020-07-14,US,Michigan,Keweenaw,2,0,0,47.63197653,-88.41434263,26083.0,94.5179584120983,0.0,2,1,0,0,1,1,2113,1,0,0,1,0
2020-07-14,US,Michigan,Lake,14,0,0,43.99050893,-85.802173,26085.0,118.11355774909306,0.0,14,12,0,0,12,12,11881,2,0,0,2,0
2020-07-14,US,Michigan,Lapeer,331,32,0,43.09052506,-83.22153148,26087.0,377.82368988779433,9.667673716012084,299,325,32,0,293,321,88028,6,0,0,6,4
2020-07-14,US,Michigan,Leelanau,46,0,0,44.94430054,-85.80150326,26089.0,211.3873443316024,0.0,46,42,0,0,42,42,21764,4,0,0,4,0
2020-07-14,US,Michigan,Lenawee,285,11,0,41.89475156,-84.06603727,26091.0,289.48410884602487,3.8596491228070176,274,283,11,0,272,278,98266,2,0,0,2,5
2020-07-14,US,Michigan,Livingston,619,28,0,42.60302282,-83.91297209,26093.0,322.40422927680413,4.523424878836834,591,618,28,0,590,615,191224,1,0,0,1,3
2020-07-14,US,Michigan,Luce,3,0,0,46.47227431,-85.54471223,26095.0,48.16182372772515,0.0,3,3,0,0,3,3,6283,0,0,0,0,0
2020-07-14,US,Michigan,Mackinac,9,0,0,46.07028979,-85.04980537,26097.0,83.34105009723123,0.0,9,9,0,0,9,9,10787,0,0,0,0,0
2020-07-14,US,Michigan,Macomb,7922,929,0,42.69158356,-82.92752801,26099.0,906.4363618056414,11.726836657409745,6993,7877,928,0,6949,7830,874759,45,1,0,44,47
2020-07-14,US,Michigan,Manistee,29,0,0,44.33352407,-86.05626916,26101.0,118.08779216548581,0.0,29,29,0,0,29,29,24528,0,0,0,0,0
2020-07-14,US,Michigan,Marquette,96,11,0,46.4338914,-87.64043701,26103.0,143.93019385597984,11.458333333333336,85,90,11,0,79,88,66516,6,0,0,6,2
2020-07-14,US,Michigan,Mason,79,0,0,43.99509218,-86.24988902,26105.0,271.0678012626956,0.0,79,76,0,0,76,76,29100,3,0,0,3,0
2020-07-14,US,Michigan,Mecosta,40,2,0,43.64064262,-85.32463223,26107.0,92.05348307366579,5.0,38,40,2,0,38,39,43545,0,0,0,0,1
2020-07-14,US,Michigan,Menominee,49,0,0,45.58038692,-87.55370409,26109.0,215.10096575943808,0.0,49,45,0,0,45,43,22983,4,0,0,4,2
2020-07-14,US,Michigan,Michigan Department of Corrections (MDOC),4115,68,0,0.0,0.0,0.0,0.0,1.6524908869987849,4047,4111,68,0,4043,4111,,4,0,0,4,0
2020-07-14,US,Michigan,Midland,192,9,0,43.64330771,-84.38804374,26111.0,230.8913367646352,4.6875,183,184,9,0,175,183,83209,8,0,0,8,1
2020-07-14,US,Michigan,Missaukee,37,1,0,44.33772443,-85.09256478,26113.0,244.7413679058076,2.702702702702702,36,36,1,0,35,36,15113,1,0,0,1,0
2020-07-14,US,Michigan,Monroe,673,23,0,41.92734151,-83.53749864,26115.0,447.1760797342193,3.4175334323922733,650,671,21,0,650,661,150439,2,2,0,0,10
2020-07-14,US,Michigan,Montcalm,128,1,0,43.31082541,-85.15252824,26117.0,200.3506135737541,0.78125,127,127,1,0,126,125,63968,1,0,0,1,2
2020-07-14,US,Michigan,Montmorency,7,0,0,45.0275929,-84.12696227,26119.0,75.04288164665523,0.0,7,7,0,0,7,7,9265,0,0,0,0,0
2020-07-14,US,Michigan,Muskegon,944,54,0,43.29123859,-86.15176712,26121.0,543.8853231623706,5.720338983050849,890,937,54,0,883,927,173588,7,0,0,7,10
2020-07-14,US,Michigan,Newaygo,200,0,0,43.554373999999996,-85.80070107,26123.0,408.32993058391196,0.0,200,201,0,0,201,197,48892,-1,0,0,-1,4
2020-07-14,US,Michigan,Oakland,12814,1109,0,42.66090111,-83.38595416,26125.0,1018.937899973282,8.654596535039799,11705,12752,1109,0,11643,12700,1259201,62,0,0,62,52
2020-07-14,US,Michigan,Oceana,407,5,0,43.64124435,-86.26726673,26127.0,1537.7640080099748,1.2285012285012284,402,406,5,0,401,404,26625,1,0,0,1,2
2020-07-14,US,Michigan,Ogemaw,46,2,0,44.33481032,-84.12725175,26129.0,219.07891603562413,4.3478260869565215,44,46,2,0,44,46,20952,0,0,0,0,0
2020-07-14,US,Michigan,Ontonagon,1,0,0,46.665226200000006,-89.31390481,26131.0,17.482517482517483,0.0,1,1,0,0,1,1,5795,0,0,0,0,0
2020-07-14,US,Michigan,Osceola,52,0,0,43.98992088,-85.32566756,26133.0,221.6538789428815,0.0,52,49,0,0,49,46,23341,3,0,0,3,3
2020-07-14,US,Michigan,Oscoda,23,1,0,44.68192279,-84.12939244,26135.0,279.09234316223757,4.3478260869565215,22,23,1,0,22,23,8276,0,0,0,0,0
2020-07-14,US,Michigan,Otsego,125,10,0,45.02085831,-84.59898295,26137.0,506.72936598021727,8.0,115,125,10,0,115,125,24665,0,0,0,0,0
2020-07-14,US,Michigan,Ottawa,1333,53,0,42.95996803,-85.9969107,26139.0,456.7727786725149,3.9759939984996246,1280,1302,53,0,1249,1294,290494,31,0,0,31,8
2020-07-14,US,Michigan,Out of MI,52,0,0,0.0,0.0,80026.0,0.0,0.0,52,79,0,0,79,69,,-27,0,0,-27,10
2020-07-14,US,Michigan,Presque Isle,15,0,0,45.34018577,-83.91498656,26141.0,119.12325285895807,0.0,15,16,0,0,16,13,12738,-1,0,0,-1,3
2020-07-14,US,Michigan,Roscommon,34,0,0,44.33473082,-84.61067651,26143.0,141.55460260627004,0.0,34,34,0,0,34,33,23884,0,0,0,0,1
2020-07-14,US,Michigan,Saginaw,1432,125,0,43.33433923,-84.05131209999998,26145.0,751.5521756700728,8.72905027932961,1307,1418,125,0,1293,1401,190800,14,0,0,14,17
2020-07-14,US,Michigan,Sanilac,57,6,0,43.42406072,-82.82055898,26151.0,138.45032790867137,10.526315789473683,51,57,6,0,51,57,41182,0,0,0,0,0
2020-07-14,US,Michigan,Schoolcraft,7,0,0,46.19235734,-86.19972234,26153.0,86.48381517173216,0.0,7,7,0,0,7,7,8068,0,0,0,0,0
2020-07-14,US,Michigan,Shiawassee,285,28,0,42.95392800000001,-84.14585902,26155.0,418.36704735621385,9.824561403508772,257,284,28,0,256,285,68192,1,0,0,1,-1
2020-07-14,US,Michigan,St. Clair,615,53,0,42.92655373,-82.67937954,26147.0,386.4813232115027,8.617886178861788,562,612,53,0,559,608,159337,3,0,0,3,4
2020-07-14,US,Michigan,St. Joseph,406,5,0,41.91441767,-85.52797979,26149.0,665.966800078735,1.2315270935960592,401,388,5,0,383,382,61043,18,0,0,18,6
2020-07-14,US,Michigan,Tuscola,243,27,0,43.46606813,-83.41897025,26157.0,465.11627906976736,11.111111111111109,216,244,27,0,217,247,52516,-1,0,0,-1,-3
2020-07-14,US,Michigan,Unassigned,23,0,0,0.0,0.0,90026.0,0.0,0.0,23,5,0,0,5,3,,18,0,0,18,2
2020-07-14,US,Michigan,Van Buren,279,9,0,42.25190229,-86.01939087,26159.0,368.6721196664773,3.2258064516129035,270,273,9,0,264,273,75448,6,0,0,6,0
2020-07-14,US,Michigan,Washtenaw,1955,108,0,42.253105,-83.83853204,26161.0,531.8266272398606,5.524296675191816,1847,1938,108,0,1830,1914,370963,17,0,0,17,24
2020-07-14,US,Michigan,Wayne,24270,2762,0,42.28098405,-83.281255,26163.0,1387.3780041992914,11.380304903172641,21508,24076,2761,0,21315,23996,1753893,194,1,0,193,80
2020-07-14,US,Michigan,Wexford,53,4,0,44.33853602,-85.57712739,26165.0,157.59269721388006,7.547169811320754,49,54,4,0,50,53,33466,-1,0,0,-1,1
2020-07-14,US,Minnesota,Aitkin,17,0,0,46.60962049,-93.41168259999999,27001.0,107.01246380460785,0.0,17,16,0,0,16,16,15902,1,0,0,1,0
2020-07-14,US,Minnesota,Anoka,2477,114,0,45.27476015,-93.24604565,27003.0,693.9911072758397,4.602341542188131,2363,2458,111,0,2347,2422,353813,19,3,0,16,36
2020-07-14,US,Minnesota,Becker,69,0,0,46.93479392,-95.67158144,27005.0,200.44737530139733,0.0,69,68,0,0,68,66,34371,1,0,0,1,2
2020-07-14,US,Minnesota,Beltrami,58,0,0,47.97373527,-94.93732139,27007.0,122.91260489955073,0.0,58,55,0,0,55,53,46847,3,0,0,3,2
2020-07-14,US,Minnesota,Benton,243,3,0,45.69804958,-93.99514135,27009.0,594.2918633373279,1.2345679012345678,240,242,3,0,239,239,40545,1,0,0,1,3
2020-07-14,US,Minnesota,Big Stone,18,0,0,45.42712824,-96.41403739,27011.0,360.649168503306,0.0,18,18,0,0,18,17,4989,0,0,0,0,1
2020-07-14,US,Minnesota,Blue Earth,600,2,0,44.03554215,-94.06699781,27013.0,886.8786306593943,0.3333333333333333,598,586,2,0,584,575,67427,14,0,0,14,11
2020-07-14,US,Minnesota,Brown,51,2,0,44.24205652,-94.72562874,27015.0,203.93474088291745,3.92156862745098,49,49,2,0,47,46,25111,2,0,0,2,3
2020-07-14,US,Minnesota,Carlton,96,0,0,46.59180601,-92.67601019,27017.0,267.6256586100193,0.0,96,94,0,0,94,94,35837,2,0,0,2,0
2020-07-14,US,Minnesota,Carver,509,2,0,44.82017001,-93.80099179999999,27019.0,484.35135932400163,0.3929273084479371,507,500,2,0,498,494,103551,9,0,0,9,6
2020-07-14,US,Minnesota,Cass,21,2,0,46.95043611,-94.32603968,27021.0,70.5194936028745,9.523809523809524,19,20,2,0,18,19,29519,1,0,0,1,1
2020-07-14,US,Minnesota,Chippewa,82,1,0,45.02343421,-95.56403693,27023.0,694.9152542372881,1.2195121951219512,81,81,1,0,80,81,11924,1,0,0,1,0
2020-07-14,US,Minnesota,Chisago,112,1,0,45.5021011,-92.90861945,27025.0,197.95330422948444,0.8928571428571429,111,111,1,0,110,110,55922,1,0,0,1,1
2020-07-14,US,Minnesota,Clay,627,38,0,46.89289518,-96.48761922,27027.0,976.3009560586714,6.0606060606060606,589,620,38,0,582,613,63955,7,0,0,7,7
2020-07-14,US,Minnesota,Clearwater,14,0,0,47.57992111,-95.37790562,27029.0,158.76616012701294,0.0,14,15,0,0,15,13,8810,-1,0,0,-1,2
2020-07-14,US,Minnesota,Cook,1,0,0,47.90504893,-90.52629546,27031.0,18.304960644334614,0.0,1,1,0,0,1,1,5393,0,0,0,0,0
2020-07-14,US,Minnesota,Cottonwood,142,0,0,44.00715262,-95.18138802,27033.0,1268.3101107538407,0.0,142,142,0,0,142,141,11277,0,0,0,0,1
2020-07-14,US,Minnesota,Crow Wing,116,12,0,46.48096553,-94.06755609,27035.0,178.31066021059104,10.344827586206897,104,115,12,0,103,113,64889,1,0,0,1,2
2020-07-14,US,Minnesota,Dakota,2781,96,0,44.67172617,-93.06299363,27037.0,648.2200172019551,3.4519956850053934,2685,2753,96,0,2657,2713,425423,28,0,0,28,40
2020-07-14,US,Minnesota,Dodge,100,0,0,44.02238415,-92.86244324,27039.0,477.6917932549919,0.0,100,99,0,0,99,97,20822,1,0,0,1,2
2020-07-14,US,Minnesota,Douglas,75,0,0,45.93348491,-95.45335469,27041.0,196.63878765632785,0.0,75,74,0,0,74,73,37964,1,0,0,1,1
2020-07-14,US,Minnesota,Faribault,64,0,0,43.67381499,-93.94787458,27043.0,468.76144437120047,0.0,64,61,0,0,61,62,13758,3,0,0,3,-1
2020-07-14,US,Minnesota,Fillmore,38,0,0,43.67394126,-92.08980382,27045.0,180.376892770684,0.0,38,36,0,0,36,36,21058,2,0,0,2,0
2020-07-14,US,Minnesota,Freeborn,316,0,0,43.67385583,-93.34884422,27047.0,1043.5586671510187,0.0,316,314,0,0,314,313,30444,2,0,0,2,1
2020-07-14,US,Minnesota,Goodhue,142,8,0,44.40849741,-92.72341949999999,27049.0,306.4307293914545,5.633802816901407,134,142,8,0,134,142,46403,0,0,0,0,0
2020-07-14,US,Minnesota,Grant,31,0,0,45.93424769,-96.01139609,27051.0,519.0890823844609,0.0,31,32,0,0,32,32,6021,-1,0,0,-1,0
2020-07-14,US,Minnesota,Hennepin,13790,791,0,45.00761521,-93.47694895,27053.0,1089.3926024001396,5.736040609137056,12999,13697,791,0,12906,13568,1259428,93,0,0,93,129
2020-07-14,US,Minnesota,Houston,32,0,0,43.67129565,-91.49143057,27055.0,172.04301075268813,0.0,32,32,0,0,32,32,18578,0,0,0,0,0
2020-07-14,US,Minnesota,Hubbard,11,0,0,47.10778564,-94.91693868,27057.0,51.18421664882975,0.0,11,10,0,0,10,10,21332,1,0,0,1,0
2020-07-14,US,Minnesota,Isanti,84,0,0,45.56181234,-93.29487636,27059.0,206.9169376293231,0.0,84,83,0,0,83,83,39966,1,0,0,1,0
2020-07-14,US,Minnesota,Itasca,76,12,0,47.51009045,-93.63092229,27061.0,168.4023930866386,15.789473684210524,64,76,12,0,64,71,45108,0,0,0,0,5
2020-07-14,US,Minnesota,Jackson,58,0,0,43.67423373,-95.15398258,27063.0,589.0717042453787,0.0,58,58,0,0,58,57,9911,0,0,0,0,1
2020-07-14,US,Minnesota,Kanabec,18,1,0,45.9459309,-93.29275192,27065.0,110.17934749341984,5.5555555555555545,17,18,1,0,17,17,16207,0,0,0,0,1
2020-07-14,US,Minnesota,Kandiyohi,595,1,0,45.1526059,-95.00586446,27067.0,1377.3466978402278,0.16806722689075632,594,595,1,0,594,593,42855,0,0,0,0,2
2020-07-14,US,Minnesota,Kittson,2,0,0,48.77754106,-96.78317184,27069.0,46.533271288971605,0.0,2,2,0,0,2,2,4248,0,0,0,0,0
2020-07-14,US,Minnesota,Koochiching,24,1,0,48.24539665,-93.78352843,27071.0,196.25480415406003,4.166666666666667,23,22,1,0,21,21,12440,2,0,0,2,1
2020-07-14,US,Minnesota,Lac qui Parle,6,0,0,44.9973857,-96.17488219,27073.0,90.59338668277216,0.0,6,5,0,0,5,5,6658,1,0,0,1,0
2020-07-14,US,Minnesota,Lake,9,0,0,47.64270764,-91.44557998,27075.0,84.57851705666761,0.0,9,9,0,0,9,9,10658,0,0,0,0,0
2020-07-14,US,Minnesota,Le Sueur,142,1,0,44.37136597,-93.72844721,27079.0,491.570602693253,0.7042253521126759,141,136,1,0,135,132,28494,6,0,0,6,4
2020-07-14,US,Minnesota,Lincoln,32,0,0,44.41311883,-96.26688165,27081.0,567.4765029260507,0.0,32,25,0,0,25,19,5673,7,0,0,7,6
2020-07-14,US,Minnesota,Lyon,359,2,0,44.41327865,-95.83806103,27083.0,1409.280050247311,0.5571030640668524,357,351,2,0,349,344,25629,8,0,0,8,7
2020-07-14,US,Minnesota,Mahnomen,13,1,0,47.32557075,-95.80921485,27087.0,235.20897412701282,7.6923076923076925,12,13,1,0,12,13,5519,0,0,0,0,0
2020-07-14,US,Minnesota,Marshall,16,0,0,48.35825983,-96.37017407,27089.0,171.37960582690658,0.0,16,16,0,0,16,16,9390,0,0,0,0,0
2020-07-14,US,Minnesota,Martin,176,5,0,43.67429718,-94.55099908,27091.0,894.1726362851193,2.8409090909090913,171,175,5,0,170,175,19785,1,0,0,1,0
2020-07-14,US,Minnesota,McLeod,102,0,0,44.82367677,-94.27287017,27085.0,284.1779734210013,0.0,102,103,0,0,103,103,35873,-1,0,0,-1,0
2020-07-14,US,Minnesota,Meeker,66,1,0,45.12328869,-94.52839455,27093.0,284.2132460597709,1.5151515151515151,65,66,1,0,65,64,23141,0,0,0,0,2
2020-07-14,US,Minnesota,Mille Lacs,40,2,0,45.93705297,-93.63236823,27095.0,152.22437873425432,5.0,38,41,2,0,39,40,26139,-1,0,0,-1,1
2020-07-14,US,Minnesota,Morrison,70,1,0,46.01265363,-94.27341528,27097.0,209.6687234170012,1.4285714285714286,69,69,1,0,68,66,33169,1,0,0,1,3
2020-07-14,US,Minnesota,Mower,990,2,0,43.67142874,-92.75234549,27099.0,2471.169686985173,0.202020202020202,988,987,2,0,985,983,40011,3,0,0,3,4
2020-07-14,US,Minnesota,Murray,85,0,0,44.02216709,-95.76328482,27101.0,1037.344398340249,0.0,85,83,0,0,83,82,8276,2,0,0,2,1
2020-07-14,US,Minnesota,Nicollet,212,12,0,44.35291112,-94.24710352,27103.0,618.5446694287215,5.660377358490566,200,207,12,0,195,206,34220,5,0,0,5,1
2020-07-14,US,Minnesota,Nobles,1697,6,0,43.67434621,-95.75329576,27105.0,7845.947570391604,0.3535651149086623,1691,1694,6,0,1688,1688,21924,3,0,0,3,6
2020-07-14,US,Minnesota,Norman,21,0,0,47.32628443,-96.45620947,27107.0,329.4117647058824,0.0,21,21,0,0,21,21,6475,0,0,0,0,0
2020-07-14,US,Minnesota,Olmsted,1319,20,0,44.00374114,-92.40209944,27109.0,833.2648948468977,1.516300227445034,1299,1302,20,0,1282,1276,156277,17,0,0,17,26
2020-07-14,US,Minnesota,Otter Tail,121,1,0,46.40846929,-95.70835255,27111.0,205.97147039798455,0.8264462809917356,120,115,1,0,114,114,58812,6,0,0,6,1
2020-07-14,US,Minnesota,Pennington,54,0,0,48.06642577,-96.0370814,27113.0,382.463347262554,0.0,54,54,0,0,54,54,14178,0,0,0,0,0
2020-07-14,US,Minnesota,Pine,114,0,0,46.12105238,-92.74070188,27115.0,385.40856688867103,0.0,114,115,0,0,115,113,29483,-1,0,0,-1,2
2020-07-14,US,Minnesota,Pipestone,90,4,0,44.02301619,-96.25841142,27117.0,986.1932938856016,4.4444444444444455,86,86,4,0,82,74,9047,4,0,0,4,12
2020-07-14,US,Minnesota,Polk,89,3,0,47.77372465,-96.40134647,27119.0,283.7648259150618,3.3707865168539324,86,90,3,0,87,90,31529,-1,0,0,-1,0
2020-07-14,US,Minnesota,Pope,14,0,0,45.58606667,-95.44451209,27121.0,124.45550715619166,0.0,14,13,0,0,13,13,11097,1,0,0,1,0
2020-07-14,US,Minnesota,Ramsey,5357,237,0,45.01625271,-93.09872295,27123.0,973.4318697632837,4.424117976479373,5120,5313,234,0,5079,5256,550210,44,3,0,41,57
2020-07-14,US,Minnesota,Red Lake,5,0,0,47.87197525,-96.09561104,27125.0,123.30456226880396,0.0,5,5,0,0,5,4,3999,0,0,0,0,1
2020-07-14,US,Minnesota,Redwood,25,0,0,44.40555844,-95.25207021,27127.0,164.79894528675015,0.0,25,25,0,0,25,25,15249,0,0,0,0,0
2020-07-14,US,Minnesota,Renville,37,3,0,44.72836381,-94.94553734,27129.0,254.3304921638713,8.108108108108109,34,37,3,0,34,37,14612,0,0,0,0,0
2020-07-14,US,Minnesota,Rice,895,8,0,44.3543376,-93.29658715,27131.0,1336.3793824284776,0.8938547486033519,887,892,8,0,884,884,66523,3,0,0,3,8
2020-07-14,US,Minnesota,Rock,35,0,0,43.67482683,-96.25296832,27133.0,375.7380568974772,0.0,35,35,0,0,35,34,9414,0,0,0,0,1
2020-07-14,US,Minnesota,Roseau,30,0,0,48.77501878,-95.81079919,27135.0,197.8239366963403,0.0,30,28,0,0,28,28,15150,2,0,0,2,0
2020-07-14,US,Minnesota,Scott,923,4,0,44.6490231,-93.53340251,27139.0,619.409044848436,0.4333694474539545,919,899,4,0,895,881,147381,24,0,0,24,18
2020-07-14,US,Minnesota,Sherburne,371,5,0,45.44447208,-93.77617511,27141.0,381.5380818198647,1.3477088948787062,366,372,5,0,367,369,96036,-1,0,0,-1,3
2020-07-14,US,Minnesota,Sibley,58,2,0,44.5796592,-94.23164924,27143.0,390.17827110662626,3.4482758620689653,56,57,2,0,55,58,15028,1,0,0,1,-1
2020-07-14,US,Minnesota,St. Louis,241,16,0,47.604840700000004,-92.46879855,27137.0,121.06294268347817,6.639004149377594,225,238,16,0,222,235,199754,3,0,0,3,3
2020-07-14,US,Minnesota,Stearns,2549,19,0,45.55192576,-94.61078221,27145.0,1582.4926276579233,0.745390349156532,2530,2536,19,0,2517,2523,159256,13,0,0,13,13
2020-07-14,US,Minnesota,Steele,266,1,0,44.02240351,-93.22627088,27147.0,725.8042511391852,0.3759398496240601,265,250,1,0,249,247,36803,16,0,0,16,3
2020-07-14,US,Minnesota,Stevens,11,0,0,45.58613007,-96.00163705,27149.0,112.18765935747068,0.0,11,11,0,0,11,11,9753,0,0,0,0,0
2020-07-14,US,Minnesota,Swift,35,1,0,45.2829032,-95.68264092,27151.0,377.72501618821497,2.8571428571428568,34,35,1,0,34,33,9345,0,0,0,0,2
2020-07-14,US,Minnesota,Todd,404,2,0,46.06996226,-94.89785296,27153.0,1638.0149205319494,0.4950495049504951,402,404,2,0,402,403,24582,0,0,0,0,1
2020-07-14,US,Minnesota,Traverse,8,0,0,45.77298854,-96.47062949,27155.0,245.474071801166,0.0,8,7,0,0,7,6,3308,1,0,0,1,1
2020-07-14,US,Minnesota,Unassigned,92,38,0,0.0,0.0,90027.0,0.0,41.30434782608695,54,88,38,0,50,88,,4,0,0,4,0
2020-07-14,US,Minnesota,Wabasha,44,0,0,44.28424356,-92.23121312,27157.0,203.449391963749,0.0,44,43,0,0,43,39,21645,1,0,0,1,4
2020-07-14,US,Minnesota,Wadena,18,0,0,46.58589171,-94.96968506,27159.0,131.5597134921795,0.0,18,18,0,0,18,17,13773,0,0,0,0,1
2020-07-14,US,Minnesota,Waseca,80,0,0,44.02211116,-93.58720034,27161.0,429.8302170642597,0.0,80,80,0,0,80,78,18691,0,0,0,0,2
2020-07-14,US,Minnesota,Washington,1324,41,0,45.03864533,-92.88429635,27163.0,504.4962658131382,3.0966767371601214,1283,1306,41,0,1265,1283,259201,18,0,0,18,23
2020-07-14,US,Minnesota,Watonwan,272,0,0,43.97823903,-94.61413846,27165.0,2496.0998439937603,0.0,272,272,0,0,272,271,10980,0,0,0,0,1
2020-07-14,US,Minnesota,Wilkin,23,3,0,46.35721532,-96.4684375,27167.0,370.54937973256006,13.043478260869565,20,22,3,0,19,22,6254,1,0,0,1,0
2020-07-14,US,Minnesota,Winona,153,15,0,43.98772283,-91.78081305,27169.0,303.06631804135964,9.803921568627453,138,150,15,0,135,144,50825,3,0,0,3,6
2020-07-14,US,Minnesota,Wright,555,5,0,45.17297924,-93.96234781,27171.0,401.0782138650209,0.9009009009009008,550,547,5,0,542,539,136349,8,0,0,8,8
2020-07-14,US,Minnesota,Yellow Medicine,32,0,0,44.71710183,-95.86842453,27173.0,329.5911010402719,0.0,32,31,0,0,31,31,9795,1,0,0,1,0
2020-07-14,US,Mississippi,Adams,388,20,0,31.47669768,-91.35326037,28001.0,1264.1318867494215,5.154639175257731,368,367,20,0,347,358,31192,21,0,0,21,9
2020-07-14,US,Mississippi,Alcorn,113,2,0,34.88084463,-88.57996173,28003.0,305.793846237112,1.7699115044247788,111,111,2,0,109,107,36925,2,0,0,2,4
2020-07-14,US,Mississippi,Amite,118,3,0,31.17467303,-90.80501621,28005.0,959.5836382857608,2.5423728813559316,115,111,3,0,108,112,12326,7,0,0,7,-1
2020-07-14,US,Mississippi,Attala,390,24,0,33.08658803,-89.57838564,28007.0,2145.922746781116,6.153846153846153,366,386,24,0,362,386,18365,4,0,0,4,0
2020-07-14,US,Mississippi,Benton,49,0,0,34.81681228,-89.18945516,28009.0,593.2921661218065,0.0,49,47,0,0,47,47,8271,2,0,0,2,0
2020-07-14,US,Mississippi,Bolivar,428,18,0,33.79696941,-90.87372121,28011.0,1397.4141308606506,4.205607476635514,410,416,18,0,398,412,31333,12,0,0,12,4
2020-07-14,US,Mississippi,Calhoun,176,5,0,33.93683395,-89.33686647,28013.0,1225.54139683866,2.8409090909090913,171,170,5,0,165,170,14436,6,0,0,6,0
2020-07-14,US,Mississippi,Carroll,189,11,0,33.44834567,-89.91994479,28015.0,1900.070372976777,5.8201058201058204,178,183,11,0,172,182,9911,6,0,0,6,1
2020-07-14,US,Mississippi,Chickasaw,304,19,0,33.91983202,-88.9481545,28017.0,1777.4659416476638,6.25,285,302,19,0,283,300,17171,2,0,0,2,2
2020-07-14,US,Mississippi,Choctaw,76,4,0,33.34598242,-89.24809382,28019.0,925.7003654080388,5.2631578947368425,72,76,4,0,72,76,8278,0,0,0,0,0
2020-07-14,US,Mississippi,Claiborne,318,11,0,31.97061673,-90.90702196,28021.0,3538.0507343124164,3.459119496855346,307,315,11,0,304,308,9002,3,0,0,3,7
2020-07-14,US,Mississippi,Clarke,234,25,0,32.04158545,-88.68896219999998,28023.0,1505.6946142461875,10.683760683760683,209,228,25,0,203,223,15604,6,0,0,6,5
2020-07-14,US,Mississippi,Clay,268,11,0,33.65358105,-88.77784255,28025.0,1387.450817974736,4.104477611940299,257,262,11,0,251,261,19386,6,0,0,6,1
2020-07-14,US,Mississippi,Coahoma,237,6,0,34.22772299,-90.60415045,28027.0,1071.2348580726812,2.5316455696202533,231,235,6,0,229,230,22628,2,0,0,2,5
2020-07-14,US,Mississippi,Copiah,690,16,0,31.86977774,-90.44565118,28029.0,2458.578300374132,2.318840579710145,674,675,16,0,659,670,28543,15,0,0,15,5
2020-07-14,US,Mississippi,Covington,466,5,0,31.63225413,-89.55389939,28031.0,2500.5365958360157,1.072961373390558,461,450,5,0,445,446,18853,16,0,0,16,4
2020-07-14,US,Mississippi,DeSoto,2050,20,0,34.87625235,-89.99091418,28033.0,1108.43764362378,0.975609756097561,2030,2009,20,0,1989,1959,182001,41,0,0,41,50
2020-07-14,US,Mississippi,Forrest,1071,43,0,31.18961454,-89.25832496,28035.0,1429.9638169753127,4.014939309056956,1028,1043,43,0,1000,1038,75036,28,0,0,28,5
2020-07-14,US,Mississippi,Franklin,58,2,0,31.47786634,-90.89672989,28037.0,751.9771813820822,3.4482758620689653,56,57,2,0,55,54,7788,1,0,0,1,3
2020-07-14,US,Mississippi,George,131,3,0,30.86259065,-88.64436789,28039.0,534.6938775510204,2.2900763358778624,128,125,3,0,122,123,24250,6,0,0,6,2
2020-07-14,US,Mississippi,Greene,118,10,0,31.21444233,-88.63922281,28041.0,868.5411452966289,8.474576271186441,108,116,10,0,106,116,13586,2,0,0,2,0
2020-07-14,US,Mississippi,Grenada,634,12,0,33.77036166,-89.80245083,28043.0,3054.244146834955,1.892744479495268,622,625,9,0,616,604,21055,9,3,0,6,21
2020-07-14,US,Mississippi,Hancock,158,13,0,30.41830223,-89.48851033,28045.0,331.709774941216,8.227848101265822,145,152,13,0,139,148,47334,6,0,0,6,4
2020-07-14,US,Mississippi,Harrison,1231,16,0,30.51359752,-89.12467576,28047.0,591.5993848519803,1.2997562956945572,1215,1183,16,0,1167,1177,206650,48,0,0,48,6
2020-07-14,US,Mississippi,Hinds,3102,58,0,32.2656285,-90.44435448,28049.0,1337.991718426501,1.8697614442295292,3044,3041,54,0,2987,2992,237085,61,4,0,57,49
2020-07-14,US,Mississippi,Holmes,608,42,0,33.12345854,-90.08923538,28051.0,3574.3680188124627,6.907894736842105,566,598,41,0,557,595,17622,10,1,0,9,3
2020-07-14,US,Mississippi,Humphreys,178,10,0,33.12825718,-90.52252707,28053.0,2207.34126984127,5.617977528089888,168,174,10,0,164,169,8257,4,0,0,4,5
2020-07-14,US,Mississippi,Issaquena,11,1,0,32.72531359,-90.97392828,28055.0,828.9374529012813,9.090909090909092,10,11,1,0,10,10,1308,0,0,0,0,1
2020-07-14,US,Mississippi,Itawamba,152,8,0,34.27993475,-88.3606733,28057.0,649.8503634031638,5.2631578947368425,144,147,8,0,139,147,23517,5,0,0,5,0
2020-07-14,US,Mississippi,Jackson,809,19,0,30.54020656,-88.64184064,28059.0,563.3037871561166,2.348578491965389,790,804,19,0,785,798,143277,5,0,0,5,6
2020-07-14,US,Mississippi,Jasper,295,6,0,32.01922104,-89.11786866,28061.0,1800.6470121467373,2.0338983050847457,289,282,6,0,276,281,16428,13,0,0,13,1
2020-07-14,US,Mississippi,Jefferson,135,3,0,31.73397872,-91.03764977,28063.0,1931.3304721030042,2.2222222222222223,132,137,3,0,134,128,7106,-2,0,0,-2,9
2020-07-14,US,Mississippi,Jefferson Davis,129,4,0,31.56884708,-89.82670990000004,28065.0,1159.237958303379,3.1007751937984502,125,125,4,0,121,125,11234,4,0,0,4,0
2020-07-14,US,Mississippi,Jones,1254,50,0,31.62257767,-89.16896899999998,28067.0,1841.4637727980264,3.9872408293460926,1204,1231,49,0,1182,1224,68461,23,1,0,22,7
2020-07-14,US,Mississippi,Kemper,184,14,0,32.75462946,-88.64105766,28069.0,1888.7292137138165,7.608695652173912,170,184,14,0,170,184,10027,0,0,0,0,0
2020-07-14,US,Mississippi,Lafayette,527,4,0,34.35687874,-89.48490961,28071.0,975.582665358485,0.7590132827324478,523,509,4,0,505,506,54793,18,0,0,18,3
2020-07-14,US,Mississippi,Lamar,612,7,0,31.20572971,-89.5077704,28073.0,966.1683216772176,1.1437908496732023,605,584,7,0,577,583,62447,28,0,0,28,1
2020-07-14,US,Mississippi,Lauderdale,975,81,0,32.40419769,-88.66229662,28075.0,1315.345699831366,8.307692307692307,894,972,81,0,891,966,75317,3,0,0,3,6
2020-07-14,US,Mississippi,Lawrence,218,2,0,31.55147224,-90.10841127,28077.0,1732.0832671221995,0.9174311926605504,216,216,2,0,214,213,12455,2,0,0,2,3
2020-07-14,US,Mississippi,Leake,651,20,0,32.7536828,-89.52402044,28079.0,2857.017466865619,3.072196620583717,631,635,20,0,615,634,22763,16,0,0,16,1
2020-07-14,US,Mississippi,Lee,640,23,0,34.291877500000005,-88.68149954,28081.0,749.0987405777423,3.59375,617,630,22,0,608,628,85202,10,1,0,9,2
2020-07-14,US,Mississippi,Leflore,569,56,0,33.55545125,-90.29900733,28083.0,2018.947592520313,9.84182776801406,513,539,56,0,483,534,28919,30,0,0,30,5
2020-07-14,US,Mississippi,Lincoln,541,36,0,31.53288662,-90.45391915,28085.0,1584.0482534477208,6.654343807763401,505,538,35,0,503,533,34205,3,1,0,2,5
2020-07-14,US,Mississippi,Lowndes,553,17,0,33.47386518,-88.44191529999998,28087.0,943.7665329806296,3.0741410488245933,536,549,17,0,532,548,58930,4,0,0,4,1
2020-07-14,US,Mississippi,Madison,1560,39,0,32.63389156,-90.03513564,28089.0,1467.9313459801267,2.5,1521,1508,39,0,1469,1484,105630,52,0,0,52,24
2020-07-14,US,Mississippi,Marion,356,12,0,31.23132643,-89.8209217,28091.0,1448.744557034143,3.3707865168539324,344,349,12,0,337,345,24715,7,0,0,7,4
2020-07-14,US,Mississippi,Marshall,307,4,0,34.76216286,-89.50299462,28093.0,869.8362327874428,1.3029315960912051,303,297,3,0,294,292,35451,10,1,0,9,5
2020-07-14,US,Mississippi,Monroe,472,39,0,33.89236763,-88.4808438,28095.0,1338.931124475207,8.26271186440678,433,460,36,0,424,461,35564,12,3,0,9,-1
2020-07-14,US,Mississippi,Montgomery,190,3,0,33.49419589,-89.61729103,28097.0,1943.7340153452685,1.5789473684210529,187,186,3,0,183,179,10023,4,0,0,4,7
2020-07-14,US,Mississippi,Neshoba,1050,77,0,32.75339664,-89.11726492,28099.0,3606.016896764888,7.333333333333332,973,1045,77,0,968,1046,29125,5,0,0,5,-1
2020-07-14,US,Mississippi,Newton,379,10,0,32.40021118,-89.11843336,28101.0,1803.2162907983638,2.638522427440633,369,377,10,0,367,376,21443,2,0,0,2,1
2020-07-14,US,Mississippi,Noxubee,281,9,0,33.11009499,-88.56949061,28103.0,2697.513679562254,3.2028469750889683,272,279,9,0,270,279,10535,2,0,0,2,0
2020-07-14,US,Mississippi,Oktibbeha,632,28,0,33.42491685,-88.87905132,28105.0,1274.5275979591424,4.4303797468354436,604,623,28,0,595,619,49599,9,0,0,9,4
2020-07-14,US,Mississippi,Panola,469,6,0,34.36398677,-89.95064249,28107.0,1371.665886757136,1.279317697228145,463,461,6,0,455,454,34178,8,0,0,8,7
2020-07-14,US,Mississippi,Pearl River,317,32,0,30.77090935,-89.58677275,28109.0,570.8112001440533,10.094637223974763,285,308,32,0,276,303,55387,9,0,0,9,5
2020-07-14,US,Mississippi,Perry,95,4,0,31.17161885,-88.99281835,28111.0,793.4519335170801,4.2105263157894735,91,91,4,0,87,91,11931,4,0,0,4,0
2020-07-14,US,Mississippi,Pike,528,21,0,31.17507789,-90.40392572,28113.0,1343.9218081857055,3.977272727272727,507,511,20,0,491,505,39563,17,1,0,16,6
2020-07-14,US,Mississippi,Pontotoc,390,6,0,34.226046000000004,-89.03636807,28115.0,1212.1588860570648,1.5384615384615383,384,363,6,0,357,355,31833,27,0,0,27,8
2020-07-14,US,Mississippi,Prentiss,129,4,0,34.61810501,-88.51986294,28117.0,513.4124014964578,3.1007751937984502,125,127,4,0,123,127,25315,2,0,0,2,0
2020-07-14,US,Mississippi,Quitman,104,1,0,34.25157572,-90.28908,28119.0,1531.2131919905773,0.9615384615384616,103,101,1,0,100,101,7051,3,0,0,3,0
2020-07-14,US,Mississippi,Rankin,1173,20,0,32.26469147,-89.94537876,28121.0,755.4533686264659,1.7050298380221651,1153,1137,19,0,1118,1126,153902,36,1,0,35,11
2020-07-14,US,Mississippi,Scott,837,15,0,32.406704100000006,-89.53789439,28123.0,2976.105817095719,1.7921146953405018,822,831,15,0,816,824,28287,6,0,0,6,7
2020-07-14,US,Mississippi,Sharkey,52,0,0,32.88149103,-90.8159538,28125.0,1203.4251330710483,0.0,52,48,0,0,48,48,4377,4,0,0,4,0
2020-07-14,US,Mississippi,Simpson,461,3,0,31.91282117,-89.91716179,28127.0,1729.3120264085828,0.6507592190889371,458,453,3,0,450,443,26758,8,0,0,8,10
2020-07-14,US,Mississippi,Smith,261,12,0,32.01744532,-89.50644846,28129.0,1639.8592611208844,4.597701149425287,249,256,12,0,244,252,16002,5,0,0,5,4
2020-07-14,US,Mississippi,Stone,80,2,0,30.79187949,-89.11547539,28131.0,436.3001745200698,2.5,78,77,2,0,75,77,18717,3,0,0,3,0
2020-07-14,US,Mississippi,Sunflower,526,9,0,33.60192578,-90.58882684,28133.0,2094.7829549980092,1.7110266159695815,517,505,8,0,497,504,25735,21,1,0,20,1
2020-07-14,US,Mississippi,Tallahatchie,206,4,0,33.95339918,-90.1729398,28135.0,1491.7807227170686,1.9417475728155342,202,197,4,0,193,195,13987,9,0,0,9,2
2020-07-14,US,Mississippi,Tate,418,13,0,34.65133709,-89.94485778,28137.0,1475.9365841601639,3.1100478468899517,405,395,13,0,382,392,28759,23,0,0,23,3
2020-07-14,US,Mississippi,Tippah,151,11,0,34.76872156,-88.90988194,28139.0,685.8959800136271,7.284768211920531,140,147,11,0,136,146,21995,4,0,0,4,1
2020-07-14,US,Mississippi,Tishomingo,111,1,0,34.74023475,-88.23917219,28141.0,572.6667698498684,0.9009009009009008,110,109,1,0,108,106,19454,2,0,0,2,3
2020-07-14,US,Mississippi,Tunica,127,3,0,34.64967704,-90.37481167,28143.0,1318.5215946843855,2.3622047244094486,124,126,3,0,123,125,9944,1,0,0,1,1
2020-07-14,US,Mississippi,Union,258,11,0,34.49162015,-89.00776006,28145.0,895.3669963560643,4.263565891472869,247,256,12,0,244,254,28606,2,-1,0,3,2
2020-07-14,US,Mississippi,Walthall,289,9,0,31.14971548,-90.10446654,28147.0,2022.9595408091839,3.1141868512110733,280,274,8,0,266,270,14465,15,1,0,14,4
2020-07-14,US,Mississippi,Warren,612,22,0,32.35810271,-90.83352619,28149.0,1348.5820056851987,3.594771241830065,590,600,21,0,579,600,46176,12,1,0,11,0
2020-07-14,US,Mississippi,Washington,782,14,0,33.28392041,-90.94196237,28151.0,1780.9560682320252,1.7902813299232736,768,753,13,0,740,737,45063,29,1,0,28,16
2020-07-14,US,Mississippi,Wayne,575,19,0,31.64135687,-88.69573913,28153.0,2848.932269731953,3.3043478260869565,556,568,19,0,549,565,20298,7,0,0,7,3
2020-07-14,US,Mississippi,Webster,135,11,0,33.61300486,-89.28392912,28155.0,1393.3326452678295,8.148148148148149,124,135,11,0,124,134,9788,0,0,0,0,1
2020-07-14,US,Mississippi,Wilkinson,104,9,0,31.16078225,-91.31018819,28157.0,1205.0984936268828,8.653846153846152,95,101,9,0,92,98,8792,3,0,0,3,3
2020-07-14,US,Mississippi,Winston,305,13,0,33.08747908,-89.03391385,28159.0,1698.6911723753824,4.262295081967213,292,302,11,0,291,301,18165,3,2,0,1,1
2020-07-14,US,Mississippi,Yalobusha,208,9,0,34.02824175,-89.70762049999998,28161.0,1717.8724810042947,4.326923076923077,199,208,9,0,199,208,12392,0,0,0,0,0
2020-07-14,US,Mississippi,Yazoo,574,7,0,32.77890365,-90.39656148,28163.0,1933.310879083867,1.2195121951219512,567,566,7,0,559,560,28248,8,0,0,8,6
2020-07-14,US,Missouri,Adair,102,0,0,40.19058551,-92.60078167,29001.0,402.4780018150969,0.0,102,100,0,0,100,100,25339,2,0,0,2,0
2020-07-14,US,Missouri,Andrew,55,1,0,39.98492163,-94.80163024,29003.0,310.5239385727191,1.818181818181818,54,55,1,0,54,55,17607,0,0,0,0,0
2020-07-14,US,Missouri,Atchison,6,0,0,40.43238737,-95.42970639,29005.0,116.663426015944,0.0,6,6,0,0,6,6,5171,0,0,0,0,0
2020-07-14,US,Missouri,Audrain,143,1,0,39.215877,-91.84242683,29007.0,563.2582322357019,0.6993006993006993,142,142,1,0,141,142,25473,1,0,0,1,0
2020-07-14,US,Missouri,Barry,105,0,0,36.70978521,-93.82919888,29009.0,293.3862359942999,0.0,105,97,0,0,97,96,35886,8,0,0,8,1
2020-07-14,US,Missouri,Barton,37,0,0,37.50207671,-94.34757022,29011.0,314.786455674664,0.0,37,34,0,0,34,34,11798,3,0,0,3,0
2020-07-14,US,Missouri,Bates,16,1,0,38.25271289,-94.34113157,29013.0,98.93643334157804,6.25,15,14,1,0,13,13,16320,2,0,0,2,1
2020-07-14,US,Missouri,Benton,26,0,0,38.29503305,-93.28756116,29015.0,133.72421951344958,0.0,26,23,0,0,23,22,19278,3,0,0,3,1
2020-07-14,US,Missouri,Bollinger,27,1,0,37.32449052,-90.02725304,29017.0,222.53358608752987,3.703703703703704,26,23,0,0,23,22,12169,4,1,0,3,1
2020-07-14,US,Missouri,Boone,627,2,0,38.99186229,-92.30723575,29019.0,347.4396413669284,0.3189792663476874,625,595,2,0,593,570,180005,32,0,0,32,25
2020-07-14,US,Missouri,Buchanan,956,5,0,39.65816401,-94.80138942,29021.0,1094.2722402820384,0.5230125523012552,951,945,5,0,940,938,88571,11,0,0,11,7
2020-07-14,US,Missouri,Butler,122,0,0,36.71462476,-90.40421163,29023.0,287.2074956448044,0.0,122,118,0,0,118,117,42639,4,0,0,4,1
2020-07-14,US,Missouri,Caldwell,15,1,0,39.65620858,-93.98308093,29025.0,166.29711751662973,6.666666666666668,14,15,1,0,14,15,9108,0,0,0,0,0
2020-07-14,US,Missouri,Callaway,64,1,0,38.83674754,-91.92186505,29027.0,143.03913461323557,1.5625,63,64,1,0,63,63,44889,0,0,0,0,1
2020-07-14,US,Missouri,Camden,90,2,0,38.02199522,-92.76083747,29029.0,194.3634596695821,2.2222222222222223,88,87,2,0,85,85,45815,3,0,0,3,2
2020-07-14,US,Missouri,Cape Girardeau,361,3,0,37.38489388,-89.6843587,29031.0,457.7094242497242,0.8310249307479224,358,330,3,0,327,328,78753,31,0,0,31,2
2020-07-14,US,Missouri,Carroll,39,0,0,39.42762566,-93.50626255,29033.0,449.3605254061528,0.0,39,38,0,0,38,31,8743,1,0,0,1,7
2020-07-14,US,Missouri,Carter,8,1,0,36.94160441,-90.96051322,29035.0,133.73453694416582,12.5,7,7,1,0,6,7,6054,1,0,0,1,0
2020-07-14,US,Missouri,Cass,217,8,0,38.64789422,-94.353399,29037.0,205.14274910190963,3.6866359447004617,209,207,8,0,199,205,104954,10,0,0,10,2
2020-07-14,US,Missouri,Cedar,12,0,0,37.72391475,-93.85445441,29039.0,83.62952122099102,0.0,12,12,0,0,12,12,14165,0,0,0,0,0
2020-07-14,US,Missouri,Chariton,7,0,0,39.51499357,-92.9629191,29041.0,94.26339886883923,0.0,7,6,0,0,6,6,7451,1,0,0,1,0
2020-07-14,US,Missouri,Christian,80,1,0,36.9711783,-93.18537118,29043.0,90.29854957954737,1.25,79,77,1,0,76,76,86983,3,0,0,3,1
2020-07-14,US,Missouri,Clark,2,0,0,40.41040752,-91.73661677,29045.0,29.424746211563924,0.0,2,2,0,0,2,2,6842,0,0,0,0,0
2020-07-14,US,Missouri,Clay,579,13,0,39.31132056,-94.41850862,29047.0,231.64818282202697,2.245250431778929,566,565,13,0,552,558,246365,14,0,0,14,7
2020-07-14,US,Missouri,Clinton,35,0,0,39.6013098,-94.40465394,29049.0,171.67803011723157,0.0,35,33,0,0,33,33,20470,2,0,0,2,0
2020-07-14,US,Missouri,Cole,116,2,0,38.50455671,-92.27860244,29051.0,151.1499120463874,1.7241379310344829,114,111,2,0,109,103,76796,5,0,0,5,8
2020-07-14,US,Missouri,Cooper,30,0,0,38.844478,-92.80896081,29053.0,169.4053870913095,0.0,30,28,0,0,28,28,17603,2,0,0,2,0
2020-07-14,US,Missouri,Crawford,23,0,0,37.97663738,-91.30528104,29055.0,96.15384615384615,0.0,23,22,0,0,22,22,23957,1,0,0,1,0
2020-07-14,US,Missouri,Dade,2,0,0,37.431814,-93.8503345,29057.0,26.451527575717503,0.0,2,2,0,0,2,2,7569,0,0,0,0,0
2020-07-14,US,Missouri,Dallas,20,1,0,37.6811355,-93.02127031,29059.0,118.49745230477542,5.0,19,18,1,0,17,18,16762,2,0,0,2,0
2020-07-14,US,Missouri,Daviess,11,0,0,39.96145298,-93.98519678,29061.0,132.88233872916163,0.0,11,11,0,0,11,11,8313,0,0,0,0,0
2020-07-14,US,Missouri,DeKalb,17,0,0,39.89201062,-94.40476508,29063.0,135.4905555112776,0.0,17,16,0,0,16,16,12630,1,0,0,1,0
2020-07-14,US,Missouri,Dent,9,0,0,37.60663134,-91.50790473,29065.0,57.792332883837396,0.0,9,5,0,0,5,5,15441,4,0,0,4,0
2020-07-14,US,Missouri,Douglas,16,0,0,36.9325593,-92.49905109,29067.0,121.35001896094046,0.0,16,13,0,0,13,12,13373,3,0,0,3,1
2020-07-14,US,Missouri,Dunklin,136,3,0,36.27167174,-90.09122243,29069.0,466.85661322989256,2.2058823529411766,133,134,3,0,131,127,29423,2,0,0,2,7
2020-07-14,US,Missouri,Franklin,305,18,0,38.41127108,-91.07522826,29071.0,293.3623168890128,5.9016393442622945,287,283,18,0,265,279,103670,22,0,0,22,4
2020-07-14,US,Missouri,Gasconade,17,0,0,38.43947277,-91.50847147,29073.0,115.59907520739834,0.0,17,15,0,0,15,15,14705,2,0,0,2,0
2020-07-14,US,Missouri,Gentry,67,9,0,40.21097916,-94.40944419,29075.0,1019.6317151118553,13.432835820895527,58,66,9,0,57,66,6628,1,0,0,1,0
2020-07-14,US,Missouri,Greene,492,9,0,37.2575872,-93.34230916,29077.0,167.86881666132126,1.8292682926829267,483,469,9,0,460,435,291923,23,0,0,23,34
2020-07-14,US,Missouri,Grundy,22,1,0,40.11406587,-93.56509276,29079.0,223.35025380710653,4.545454545454546,21,22,1,0,21,21,9914,0,0,0,0,1
2020-07-14,US,Missouri,Harrison,31,0,0,40.35570088,-93.99222144,29081.0,371.1685823754789,0.0,31,29,0,0,29,28,8414,2,0,0,2,1
2020-07-14,US,Missouri,Henry,27,3,0,38.38482826,-93.79293734,29083.0,123.71700879765396,11.111111111111109,24,25,3,0,22,25,21792,2,0,0,2,0
2020-07-14,US,Missouri,Hickory,1,0,0,37.94163617,-93.3203037,29085.0,10.477787091366304,0.0,1,1,0,0,1,1,9509,0,0,0,0,0
2020-07-14,US,Missouri,Holt,1,0,0,40.09799248,-95.2163888,29087.0,22.71178741766977,0.0,1,1,0,0,1,1,4404,0,0,0,0,0
2020-07-14,US,Missouri,Howard,5,0,0,39.1435761,-92.69756691,29089.0,49.99500049995,0.0,5,5,0,0,5,5,10137,0,0,0,0,0
2020-07-14,US,Missouri,Howell,52,0,0,36.77383887,-91.88683935,29091.0,129.62085898746167,0.0,52,49,0,0,49,49,40076,3,0,0,3,0
2020-07-14,US,Missouri,Iron,3,0,0,37.55487945,-90.7735296,29093.0,29.62962962962963,0.0,3,3,0,0,3,3,10177,0,0,0,0,0
2020-07-14,US,Missouri,Jackson,1646,46,0,39.01002188,-94.34724536,29095.0,234.135738985592,2.794653705953828,1600,1610,44,0,1566,1586,700307,36,2,0,34,24
2020-07-14,US,Missouri,Jasper,1056,11,0,37.20351921,-94.34050458,29097.0,870.3679282605829,1.0416666666666667,1045,1019,11,0,1008,1008,120636,37,0,0,37,11
2020-07-14,US,Missouri,Jefferson,613,22,0,38.25926778,-90.53870896,29099.0,272.34639974053783,3.5889070146818924,591,594,22,0,572,583,224347,19,0,0,19,11
2020-07-14,US,Missouri,Johnson,264,1,0,38.74719601,-93.80691168,29101.0,488.3282157522844,0.3787878787878788,263,249,1,0,248,246,53652,15,0,0,15,3
2020-07-14,US,Missouri,Kansas City,3215,36,0,39.0997,-94.5786,0.0,657.5408585458837,1.119751166407465,3179,3157,34,0,3123,3113,491918,58,2,0,56,44
2020-07-14,US,Missouri,Knox,2,0,0,40.12699751,-92.14780832,29103.0,50.51780752715332,0.0,2,2,0,0,2,2,3947,0,0,0,0,0
2020-07-14,US,Missouri,Laclede,102,1,0,37.65896829,-92.5888493,29105.0,285.53033059933375,0.9803921568627452,101,89,1,0,88,87,35713,13,0,0,13,2
2020-07-14,US,Missouri,Lafayette,104,2,0,39.06986886,-93.78076396,29107.0,317.9650238473768,1.9230769230769231,102,103,2,0,101,103,32598,1,0,0,1,0
2020-07-14,US,Missouri,Lawrence,60,2,0,37.10626634,-93.83293097,29109.0,156.43332029722333,3.333333333333333,58,60,2,0,58,59,38359,0,0,0,0,1
2020-07-14,US,Missouri,Lewis,9,1,0,40.09673161,-91.72070156,29111.0,92.06219312602293,11.111111111111109,8,9,1,0,8,8,9855,0,0,0,0,1
2020-07-14,US,Missouri,Lincoln,122,1,0,39.05345619,-90.95588181,29113.0,206.73410943351465,0.819672131147541,121,120,1,0,119,119,57686,2,0,0,2,1
2020-07-14,US,Missouri,Linn,22,1,0,39.87001769,-93.10704106,29115.0,184.5637583892617,4.545454545454546,21,20,1,0,19,20,12037,2,0,0,2,0
2020-07-14,US,Missouri,Livingston,27,0,0,39.78110272,-93.54645978,29117.0,177.3166086556774,0.0,27,26,0,0,26,25,15146,1,0,0,1,1
2020-07-14,US,Missouri,Macon,28,0,0,39.83049768,-92.56453089,29121.0,185.22193556922667,0.0,28,25,0,0,25,25,15153,3,0,0,3,0
2020-07-14,US,Missouri,Madison,7,0,0,37.47865134,-90.3467143,29123.0,57.90866975512906,0.0,7,7,0,0,7,7,12188,0,0,0,0,0
2020-07-14,US,Missouri,Maries,6,0,0,38.16193985,-91.92249662,29125.0,68.98930665746809,0.0,6,7,0,0,7,7,8769,-1,0,0,-1,0
2020-07-14,US,Missouri,Marion,36,0,0,39.80601912,-91.62203062,29127.0,126.18296529968454,0.0,36,33,0,0,33,31,28592,3,0,0,3,2
2020-07-14,US,Missouri,McDonald,743,1,0,36.62869595,-94.34867205,29119.0,3253.4921399483296,0.13458950201884254,742,712,1,0,711,707,23078,31,0,0,31,5
2020-07-14,US,Missouri,Mercer,7,0,0,40.42212303,-93.5682959,29129.0,193.53055017970692,0.0,7,7,0,0,7,7,3641,0,0,0,0,0
2020-07-14,US,Missouri,Miller,28,0,0,38.21450288,-92.42610898,29131.0,109.29388344588,0.0,28,25,0,0,25,24,25336,3,0,0,3,1
2020-07-14,US,Missouri,Mississippi,99,0,0,36.82516239,-89.29505753,29133.0,751.1380880121396,0.0,99,99,0,0,99,99,13336,0,0,0,0,0
2020-07-14,US,Missouri,Moniteau,68,1,0,38.63571781,-92.57976951,29135.0,421.5224398710637,1.4705882352941178,67,66,1,0,65,68,16121,2,0,0,2,-2
2020-07-14,US,Missouri,Monroe,6,0,0,39.49593978,-92.00043978,29137.0,69.41230911614993,0.0,6,5,0,0,5,5,8664,1,0,0,1,0
2020-07-14,US,Missouri,Montgomery,22,0,0,38.94022054,-91.47000721,29139.0,190.4597004588348,0.0,22,23,0,0,23,22,11534,-1,0,0,-1,1
2020-07-14,US,Missouri,Morgan,28,0,0,38.4181765,-92.88791859,29141.0,135.74441266301451,0.0,28,28,0,0,28,28,20358,0,0,0,0,0
2020-07-14,US,Missouri,New Madrid,57,1,0,36.59666326,-89.66070007,29143.0,333.80182712579057,1.7543859649122806,56,52,1,0,51,52,17296,5,0,0,5,0
2020-07-14,US,Missouri,Newton,587,2,0,36.90519407,-94.3394104,29145.0,1007.9675801909473,0.34071550255536626,585,560,2,0,558,552,58266,27,0,0,27,8
2020-07-14,US,Missouri,Nodaway,26,0,0,40.36079813,-94.88133008,29147.0,117.68966141589716,0.0,26,26,0,0,26,26,22304,0,0,0,0,0
2020-07-14,US,Missouri,Oregon,9,0,0,36.68710164,-91.4033755,29149.0,85.47820305822016,0.0,9,9,0,0,9,9,10541,0,0,0,0,0
2020-07-14,US,Missouri,Osage,15,0,0,38.46036182,-91.8613635,29151.0,110.17260374586851,0.0,15,15,0,0,15,13,13714,0,0,0,0,2
2020-07-14,US,Missouri,Ozark,2,0,0,36.64916339,-92.44459066,29153.0,21.80074122520166,0.0,2,2,0,0,2,2,9017,0,0,0,0,0
2020-07-14,US,Missouri,Pemiscot,136,6,0,36.2130572,-89.78742322,29155.0,860.4871875988613,4.411764705882354,130,120,6,0,114,116,16272,16,0,0,16,4
2020-07-14,US,Missouri,Perry,172,3,0,37.70660776,-89.82741088,29157.0,898.8294314381271,1.7441860465116281,169,172,3,0,169,170,19150,0,0,0,0,2
2020-07-14,US,Missouri,Pettis,163,2,0,38.72798918,-93.28471706,29159.0,384.9878362738847,1.2269938650306749,161,156,1,0,155,148,42542,7,1,0,6,8
2020-07-14,US,Missouri,Phelps,52,0,0,37.87736118,-91.79351727,29161.0,116.66255356381666,0.0,52,53,0,0,53,53,44732,-1,0,0,-1,0
2020-07-14,US,Missouri,Pike,44,1,0,39.34310674,-91.16980779,29163.0,240.41088405638732,2.272727272727273,43,40,1,0,39,40,18504,4,0,0,4,0
2020-07-14,US,Missouri,Platte,164,6,0,39.38154439,-94.77068479,29165.0,157.06104311517169,3.6585365853658534,158,156,6,0,150,154,102985,8,0,0,8,2
2020-07-14,US,Missouri,Polk,22,0,0,37.6162296,-93.39828174,29167.0,68.43136644996734,0.0,22,22,0,0,22,21,32201,0,0,0,0,1
2020-07-14,US,Missouri,Pulaski,145,1,0,37.82462075,-92.20783203,29169.0,275.6287186115916,0.6896551724137931,144,141,1,0,140,143,52014,4,0,0,4,-2
2020-07-14,US,Missouri,Putnam,3,0,0,40.47942497,-93.02042674,29171.0,63.884156729131185,0.0,3,3,0,0,3,3,4757,0,0,0,0,0
2020-07-14,US,Missouri,Ralls,10,0,0,39.52817427,-91.51838643,29173.0,97.00261907071491,0.0,10,10,0,0,10,10,10212,0,0,0,0,0
2020-07-14,US,Missouri,Randolph,21,0,0,39.44007257,-92.4971374,29175.0,84.85534184580573,0.0,21,17,0,0,17,17,24763,4,0,0,4,0
2020-07-14,US,Missouri,Ray,31,0,0,39.3537468,-93.98905745,29177.0,134.67720914067252,0.0,31,31,0,0,31,31,22883,0,0,0,0,0
2020-07-14,US,Missouri,Reynolds,10,0,0,37.36085952,-90.97009925,29179.0,159.48963317384369,0.0,10,10,0,0,10,10,6254,0,0,0,0,0
2020-07-14,US,Missouri,Ripley,20,0,0,36.65460667,-90.85990261,29181.0,150.51173991571343,0.0,20,20,0,0,20,20,13401,0,0,0,0,0
2020-07-14,US,Missouri,Saline,319,5,0,39.13734288,-93.20259964,29195.0,1401.5201441061465,1.567398119122257,314,314,5,0,309,310,22895,5,0,0,5,4
2020-07-14,US,Missouri,Schuyler,5,0,0,40.46921489,-92.52311943,29197.0,107.2961373390558,0.0,5,5,0,0,5,5,4599,0,0,0,0,0
2020-07-14,US,Missouri,Scotland,11,1,0,40.45214695,-92.14709064,29199.0,224.3982048143615,9.090909090909092,10,11,1,0,10,11,4966,0,0,0,0,0
2020-07-14,US,Missouri,Scott,219,12,0,37.05588075,-89.56474493,29201.0,572.1003134796239,5.479452054794519,207,209,12,0,197,207,38458,10,0,0,10,2
2020-07-14,US,Missouri,Shannon,29,0,0,37.15772072,-91.40190382,29203.0,355.13103110458,0.0,29,28,0,0,28,27,8189,1,0,0,1,1
2020-07-14,US,Missouri,Shelby,5,0,0,39.79742518,-92.07634971,29205.0,84.31703204047217,0.0,5,4,0,0,4,4,6050,1,0,0,1,0
2020-07-14,US,Missouri,St. Charles,1437,79,0,38.77875681,-90.66662425,29183.0,357.4431250031093,5.497564370215727,1358,1371,79,0,1292,1341,399182,66,0,0,66,30
2020-07-14,US,Missouri,St. Clair,6,0,0,38.03699437,-93.77631447,29185.0,63.85016494625946,0.0,6,5,0,0,5,5,9395,1,0,0,1,0
2020-07-14,US,Missouri,St. Francois,173,2,0,37.81214171,-90.47598685,29187.0,257.3830246224801,1.1560693641618498,171,167,2,0,165,165,66692,6,0,0,6,2
2020-07-14,US,Missouri,St. Louis,8140,604,0,38.63770039999999,-90.4458375,29189.0,818.7446251024687,7.42014742014742,7536,7897,603,0,7294,7809,996945,243,1,0,242,88
2020-07-14,US,Missouri,St. Louis City,3044,161,0,38.63555736,-90.24349225,29510.0,1012.722239965932,5.289093298291722,2883,2970,159,0,2811,2946,302838,74,2,0,72,24
2020-07-14,US,Missouri,Ste. Genevieve,25,1,0,37.89090059,-90.1949941,29186.0,139.7116351849782,4.0,24,24,1,0,23,24,17888,1,0,0,1,0
2020-07-14,US,Missouri,Stoddard,155,9,0,36.85571651,-89.9444155,29207.0,534.0223944875107,5.806451612903227,146,153,9,0,144,153,29206,2,0,0,2,0
2020-07-14,US,Missouri,Stone,30,0,0,36.75000327,-93.45256475,29209.0,93.89083625438155,0.0,30,22,0,0,22,22,31749,8,0,0,8,0
2020-07-14,US,Missouri,Sullivan,118,0,0,40.2099105,-93.11150106,29211.0,1937.920840860568,0.0,118,118,0,0,118,117,6221,0,0,0,0,1
2020-07-14,US,Missouri,Taney,135,3,0,36.65465345,-93.04075153,29213.0,241.3817765698756,2.2222222222222223,132,126,3,0,123,123,55852,9,0,0,9,3
2020-07-14,US,Missouri,Texas,13,0,0,37.31728859,-91.96564727,29215.0,51.1851326876132,0.0,13,11,0,0,11,11,25571,2,0,0,2,0
2020-07-14,US,Missouri,Vernon,36,0,0,37.8457799,-94.34127305,29217.0,175.07173077858292,0.0,36,34,0,0,34,32,20528,2,0,0,2,2
2020-07-14,US,Missouri,Warren,60,0,0,38.76529479,-91.16124662,29219.0,168.30766641420516,0.0,60,57,0,0,57,57,34711,3,0,0,3,0
2020-07-14,US,Missouri,Washington,27,1,0,37.96130078,-90.87948158,29221.0,109.17913465426606,3.703703703703704,26,27,1,0,26,26,24943,0,0,0,0,1
2020-07-14,US,Missouri,Wayne,6,0,0,37.11303869,-90.46001416,29223.0,46.60918200885576,0.0,6,6,0,0,6,5,13122,0,0,0,0,1
2020-07-14,US,Missouri,Webster,55,1,0,37.2813734,-92.876329,29225.0,138.91695291978178,1.818181818181818,54,54,1,0,53,51,39109,1,0,0,1,3
2020-07-14,US,Missouri,Worth,4,0,0,40.47945588,-94.42328751,29227.0,198.7083954297069,0.0,4,4,0,0,4,4,2040,0,0,0,0,0
2020-07-14,US,Missouri,Wright,45,0,0,37.27029221,-92.46914488,29229.0,246.04953797364536,0.0,45,39,0,0,39,38,18378,6,0,0,6,1
2020-07-14,US,Montana,Beaverhead,5,0,0,45.13434354,-112.89846940000001,30001.0,52.89326139849785,0.0,5,5,0,0,5,5,9404,0,0,0,0,0
2020-07-14,US,Montana,Big Horn,121,5,0,45.42335905,-107.492347,30003.0,908.4766123582853,4.132231404958676,116,119,5,0,114,115,13338,2,0,0,2,4
2020-07-14,US,Montana,Broadwater,9,0,0,46.33277565,-111.49558130000001,30007.0,144.3001443001443,0.0,9,9,0,0,9,9,6085,0,0,0,0,0
2020-07-14,US,Montana,Carbon,34,0,0,45.22850116,-109.0274047,30009.0,317.0163170163172,0.0,34,34,0,0,34,34,10714,0,0,0,0,0
2020-07-14,US,Montana,Cascade,50,2,0,47.30797024,-111.3467922,30013.0,61.45072880564364,4.0,48,50,2,0,48,48,81643,0,0,0,0,2
2020-07-14,US,Montana,Custer,38,0,0,46.25319932,-105.57375259999998,30017.0,333.27486405893706,0.0,38,38,0,0,38,38,11586,0,0,0,0,0
2020-07-14,US,Montana,Dawson,8,0,0,47.26584855,-104.89444170000002,30021.0,92.88285150354116,0.0,8,8,0,0,8,8,8680,0,0,0,0,0
2020-07-14,US,Montana,Deer Lodge,6,0,0,46.05953325,-113.073353,30023.0,65.64551422319475,0.0,6,6,0,0,6,6,9131,0,0,0,0,0
2020-07-14,US,Montana,Fallon,1,0,0,46.33478338,-104.41835649999999,30025.0,35.137034434293746,0.0,1,1,0,0,1,1,2920,0,0,0,0,0
2020-07-14,US,Montana,Fergus,2,0,0,47.26331584,-109.2245206,30027.0,18.099547511312217,0.0,2,2,0,0,2,2,11113,0,0,0,0,0
2020-07-14,US,Montana,Flathead,84,2,0,48.29575866,-114.05205690000001,30029.0,80.92017802439166,2.380952380952381,82,75,2,0,73,66,102106,9,0,0,9,9
2020-07-14,US,Montana,Gallatin,417,1,0,45.54486106,-111.1692571,30031.0,364.4021881608613,0.23980815347721826,416,404,1,0,403,403,111876,13,0,0,13,1
2020-07-14,US,Montana,Garfield,1,0,0,47.27545948,-107.0002351,30033.0,79.4912559618442,0.0,1,1,0,0,1,,1268,0,0,0,0,
2020-07-14,US,Montana,Glacier,28,0,0,48.70513576,-112.9934235,30035.0,203.59194357594703,0.0,28,28,0,0,28,28,13747,0,0,0,0,0
2020-07-14,US,Montana,Golden Valley,3,0,0,46.3816474,-109.17685220000001,30037.0,365.4080389768576,0.0,3,3,0,0,3,3,826,0,0,0,0,0
2020-07-14,US,Montana,Granite,6,0,0,46.40605220000001,-113.4414186,30039.0,177.56732761171943,0.0,6,6,0,0,6,6,3378,0,0,0,0,0
2020-07-14,US,Montana,Hill,14,0,0,48.62879827,-110.1129252,30041.0,84.93084202863382,0.0,14,14,0,0,14,13,16347,0,0,0,0,1
2020-07-14,US,Montana,Jefferson,12,0,0,46.14907081,-112.094396,30043.0,98.1916373455527,0.0,12,10,0,0,10,10,12097,2,0,0,2,0
2020-07-14,US,Montana,Lake,80,0,0,47.64514965,-114.0898013,30047.0,262.6567732615405,0.0,80,53,0,0,53,51,30250,27,0,0,27,2
2020-07-14,US,Montana,Lewis and Clark,57,0,0,47.12610041,-112.39469799999999,30049.0,82.09471137227791,0.0,57,49,0,0,49,46,68700,8,0,0,8,3
2020-07-14,US,Montana,Liberty,1,0,0,48.56084317,-111.02430700000001,30051.0,42.78990158322636,0.0,1,1,0,0,1,1,2430,0,0,0,0,0
2020-07-14,US,Montana,Lincoln,40,1,0,48.54265777,-115.4046155,30053.0,200.2002002002002,2.5,39,33,1,0,32,14,19794,7,0,0,7,19
2020-07-14,US,Montana,Madison,34,1,0,45.30080065,-111.9173017,30057.0,395.3488372093023,2.9411764705882355,33,34,1,0,33,29,8768,0,0,0,0,5
2020-07-14,US,Montana,Meagher,4,0,0,46.59907074,-110.8898557,30059.0,214.8227712137487,0.0,4,4,0,0,4,4,1866,0,0,0,0,0
2020-07-14,US,Montana,Missoula,125,1,0,47.03728583,-113.92135079999998,30063.0,104.51505016722409,0.8,124,124,1,0,123,124,118791,1,0,0,1,0
2020-07-14,US,Montana,Musselshell,1,0,0,46.49684637,-108.39498,30065.0,21.58428663932657,0.0,1,1,0,0,1,1,4651,0,0,0,0,0
2020-07-14,US,Montana,Park,20,0,0,45.48965095,-110.52643940000002,30067.0,120.43839576056848,0.0,20,17,0,0,17,17,16736,3,0,0,3,0
2020-07-14,US,Montana,Pondera,2,0,0,48.22773388,-112.22527029999999,30073.0,33.83522246658772,0.0,2,2,0,0,2,2,5972,0,0,0,0,0
2020-07-14,US,Montana,Ravalli,45,1,0,46.08520862,-114.11891640000002,30081.0,102.72565401999728,2.2222222222222223,44,44,1,0,43,44,43172,1,0,0,1,0
2020-07-14,US,Montana,Richland,30,0,0,47.78668011,-104.5610786,30083.0,277.700638711469,0.0,30,30,0,0,30,30,10913,0,0,0,0,0
2020-07-14,US,Montana,Roosevelt,9,0,0,48.29607488,-105.00792679999999,30085.0,81.78844056706652,0.0,9,10,0,0,10,10,11059,-1,0,0,-1,0
2020-07-14,US,Montana,Rosebud,14,1,0,46.23397237,-106.72928799999998,30087.0,156.65212039834395,7.142857142857142,13,14,1,0,13,12,9063,0,0,0,0,2
2020-07-14,US,Montana,Sanders,3,0,0,47.67657534,-115.1329916,30089.0,24.76677949310658,0.0,3,,,,,,11844,,,,,
2020-07-14,US,Montana,Sheridan,2,0,0,48.72085833,-104.50382900000001,30091.0,60.44122091266244,0.0,2,1,0,0,1,1,3424,1,0,0,1,0
2020-07-14,US,Montana,Silver Bow,25,0,0,45.90018933,-112.6620092,30093.0,71.60246312473149,0.0,25,25,0,0,25,25,34993,0,0,0,0,0
2020-07-14,US,Montana,Stillwater,9,0,0,45.67071407,-109.3950061,30095.0,93.34163036714376,0.0,9,9,0,0,9,9,9534,0,0,0,0,0
2020-07-14,US,Montana,Teton,15,0,0,47.83741052,-112.24106880000001,30099.0,244.0214738897023,0.0,15,15,0,0,15,15,6162,0,0,0,0,0
2020-07-14,US,Montana,Toole,31,6,0,48.65577551,-111.69424140000001,30101.0,654.5608108108107,19.354838709677423,25,31,6,0,25,31,4853,0,0,0,0,0
2020-07-14,US,Montana,Treasure,2,0,0,46.20973220000001,-107.26665159999999,30103.0,287.3563218390805,0.0,2,2,0,0,2,2,679,0,0,0,0,0
2020-07-14,US,Montana,Valley,4,0,0,48.36435097,-106.6669635,30105.0,54.08328826392645,0.0,4,4,0,0,4,4,7437,0,0,0,0,0
2020-07-14,US,Montana,Wheatland,2,0,0,46.46652491,-109.84646359999999,30107.0,94.07337723424273,0.0,2,2,0,0,2,2,2236,0,0,0,0,0
2020-07-14,US,Montana,Wibaux,1,0,0,46.95925154,-104.2510927,30109.0,103.19917440660471,0.0,1,,,,,,1034,,,,,
2020-07-14,US,Montana,Yellowstone,557,13,0,45.93955949,-108.26914860000001,30111.0,345.31928084314933,2.3339317773788157,544,525,11,0,514,489,160137,32,2,0,30,36
2020-07-14,US,Nebraska,Adams,315,11,0,40.52449420000001,-98.50117804,31001.0,1004.3682045722667,3.492063492063492,304,314,11,0,303,312,31511,1,0,0,1,2
2020-07-14,US,Nebraska,Antelope,16,1,0,42.17695516,-98.06662829999999,31003.0,254.0489044140997,6.25,15,16,1,0,15,15,6336,0,0,0,0,1
2020-07-14,US,Nebraska,Banner,2,0,0,41.54634427,-103.7114332,31007.0,268.4563758389262,0.0,2,2,0,0,2,2,730,0,0,0,0,0
2020-07-14,US,Nebraska,Boone,7,0,0,41.70759415,-98.06737183,31011.0,134.82280431432974,0.0,7,7,0,0,7,7,5239,0,0,0,0,0
2020-07-14,US,Nebraska,Box Butte,4,0,0,42.22079243,-103.08788340000001,31013.0,37.095427988500425,0.0,4,4,0,0,4,4,10772,0,0,0,0,0
2020-07-14,US,Nebraska,Boyd,1,0,0,42.899727399999996,-98.76486568,31015.0,52.110474205315285,0.0,1,1,0,0,1,1,1955,0,0,0,0,0
2020-07-14,US,Nebraska,Buffalo,218,1,0,40.85486962,-99.07500296,31019.0,438.9939386616726,0.4587155963302753,217,217,1,0,216,212,49615,1,0,0,1,5
2020-07-14,US,Nebraska,Burt,15,0,0,41.85056773,-96.32605633,31021.0,232.23409196470038,0.0,15,15,0,0,15,14,6488,0,0,0,0,1
2020-07-14,US,Nebraska,Butler,53,0,0,41.22703692,-97.13106306,31023.0,661.1776447105789,0.0,53,52,0,0,52,52,8058,1,0,0,1,0
2020-07-14,US,Nebraska,Cass,95,1,0,40.90899107,-96.13971217,31025.0,361.93233770192006,1.0526315789473684,94,88,1,0,87,86,26159,7,0,0,7,2
2020-07-14,US,Nebraska,Cedar,19,0,0,42.598885100000004,-97.25311951,31027.0,226.13663413472983,0.0,19,19,0,0,19,19,8446,0,0,0,0,0
2020-07-14,US,Nebraska,Chase,1,0,0,40.523719799999995,-101.69780259999999,31029.0,25.4841997961264,0.0,1,1,0,0,1,1,3977,0,0,0,0,0
2020-07-14,US,Nebraska,Cherry,3,0,0,42.54502621,-101.1244332,31031.0,52.73334505185446,0.0,3,3,0,0,3,3,5761,0,0,0,0,0
2020-07-14,US,Nebraska,Cheyenne,21,0,0,41.21999357,-102.9941693,31033.0,235.69023569023568,0.0,21,21,0,0,21,21,9310,0,0,0,0,0
2020-07-14,US,Nebraska,Clay,33,0,0,40.52439441,-98.05126296,31035.0,532.0006448492667,0.0,33,31,0,0,31,29,6214,2,0,0,2,2
2020-07-14,US,Nebraska,Colfax,680,4,0,41.57486951,-97.0868542,31037.0,6349.799234288916,0.5882352941176471,676,679,4,0,675,678,10881,1,0,0,1,1
2020-07-14,US,Nebraska,Cuming,39,0,0,41.91637624,-96.78730772,31039.0,440.87723264752435,0.0,39,38,0,0,38,38,8940,1,0,0,1,0
2020-07-14,US,Nebraska,Custer,40,3,0,41.39374521,-99.72805369,31041.0,371.16080541894775,7.5,37,40,4,0,36,40,10840,0,-1,0,1,0
2020-07-14,US,Nebraska,Dakota,1859,36,0,42.39040144,-96.56656425,31043.0,9282.9321881554,1.9365250134480905,1823,1792,36,0,1756,1790,20083,67,0,0,67,2
2020-07-14,US,Nebraska,Dawes,4,0,0,42.71985036,-103.1313774,31045.0,46.57119571545,0.0,4,4,0,0,4,4,8716,0,0,0,0,0
2020-07-14,US,Nebraska,Dawson,878,8,0,40.87028216,-99.82014609999999,31047.0,3721.1273574909937,0.9111617312072892,870,878,8,0,870,877,23709,0,0,0,0,1
2020-07-14,US,Nebraska,Deuel,1,0,0,41.11168186,-102.33333309999999,31049.0,55.74136008918617,0.0,1,,,,,,1825,,,,,
2020-07-14,US,Nebraska,Dixon,57,1,0,42.49188363,-96.86782408,31051.0,1011.3555713271824,1.7543859649122806,56,55,2,0,53,53,5709,2,-1,0,3,2
2020-07-14,US,Nebraska,Dodge,714,8,0,41.58071748,-96.65598179,31053.0,1952.6869957609736,1.1204481792717087,706,712,8,0,704,709,36791,2,0,0,2,3
2020-07-14,US,Nebraska,Douglas,8233,100,0,41.29518299,-96.15085305,31055.0,1441.031143285719,1.2146240738491436,8133,8113,100,0,8013,8024,566880,120,0,0,120,89
2020-07-14,US,Nebraska,Fillmore,20,1,0,40.52458567,-97.59646937,31059.0,366.16623947272063,5.0,19,20,1,0,19,18,5527,0,0,0,0,2
2020-07-14,US,Nebraska,Franklin,8,0,0,40.17636348,-98.95299073,31061.0,268.5464921114468,0.0,8,8,0,0,8,8,3023,0,0,0,0,0
2020-07-14,US,Nebraska,Frontier,2,0,0,40.52993007,-100.3924658,31063.0,76.13247049866769,0.0,2,2,0,0,2,2,2608,0,0,0,0,0
2020-07-14,US,Nebraska,Furnas,10,1,0,40.17642064,-99.91247454,31065.0,213.85799828913602,10.0,9,10,1,0,9,10,4715,0,0,0,0,0
2020-07-14,US,Nebraska,Gage,67,3,0,40.26186809,-96.68946704,31067.0,311.43959466369165,4.477611940298506,64,65,3,0,62,63,21493,2,0,0,2,2
2020-07-14,US,Nebraska,Garden,4,0,0,41.61703149,-102.3313973,31069.0,217.74632553075668,0.0,4,4,0,0,4,4,1897,0,0,0,0,0
2020-07-14,US,Nebraska,Garfield,3,0,0,41.91428955,-98.99111827,31071.0,152.36160487557137,0.0,3,3,0,0,3,3,1987,0,0,0,0,0
2020-07-14,US,Nebraska,Gosper,13,0,0,40.51481965,-99.83020279,31073.0,653.2663316582915,0.0,13,13,0,0,13,13,1996,0,0,0,0,0
2020-07-14,US,Nebraska,Greeley,5,0,0,41.56742671,-98.52150266,31077.0,212.22410865874363,0.0,5,5,0,0,5,5,2356,0,0,0,0,0
2020-07-14,US,Nebraska,Hall,1627,47,0,40.87257079,-98.50218293,31079.0,2651.867064365231,2.8887523048555623,1580,1624,47,0,1577,1620,61607,3,0,0,3,4
2020-07-14,US,Nebraska,Hamilton,73,12,0,40.87349452,-98.02099117,31081.0,782.925782925783,16.438356164383563,61,72,12,0,60,69,9280,1,0,0,1,3
2020-07-14,US,Nebraska,Harlan,1,0,0,40.17658508,-99.40438879,31083.0,29.58579881656805,0.0,1,1,0,0,1,1,3401,0,0,0,0,0
2020-07-14,US,Nebraska,Hitchcock,1,0,0,40.17609175,-101.04164770000001,31087.0,36.205648081100655,0.0,1,1,0,0,1,1,2806,0,0,0,0,0
2020-07-14,US,Nebraska,Holt,4,0,0,42.45522056,-98.78402558,31089.0,39.73378364954803,0.0,4,4,0,0,4,4,10178,0,0,0,0,0
2020-07-14,US,Nebraska,Hooker,2,0,0,41.91586243,-101.1354293,31091.0,293.2551319648094,0.0,2,2,0,0,2,2,682,0,0,0,0,0
2020-07-14,US,Nebraska,Howard,48,4,0,41.2200529,-98.5166499,31093.0,744.7633824670288,8.333333333333334,44,47,4,0,43,47,6468,1,0,0,1,0
2020-07-14,US,Nebraska,Jefferson,11,0,0,40.17584531,-97.142601,31095.0,156.11694578484247,0.0,11,11,0,0,11,11,7097,0,0,0,0,0
2020-07-14,US,Nebraska,Johnson,8,0,0,40.39257596,-96.26522753,31097.0,157.75981068822716,0.0,8,7,0,0,7,7,5134,1,0,0,1,0
2020-07-14,US,Nebraska,Kearney,18,0,0,40.50663314,-98.94877182,31099.0,277.1362586605081,0.0,18,18,0,0,18,18,6544,0,0,0,0,0
2020-07-14,US,Nebraska,Keith,6,0,0,41.19930341,-101.66201640000001,31101.0,74.68259895444362,0.0,6,6,0,0,6,4,8021,0,0,0,0,2
2020-07-14,US,Nebraska,Kimball,13,0,0,41.19774275,-103.7148131,31105.0,357.9295154185022,0.0,13,12,0,0,12,12,3618,1,0,0,1,0
2020-07-14,US,Nebraska,Knox,26,0,0,42.63758421,-97.89178836,31107.0,312.04992798847815,0.0,26,26,0,0,26,25,8419,0,0,0,0,1
2020-07-14,US,Nebraska,Lancaster,2216,13,0,40.78416049,-96.68777155,31109.0,694.4749130339403,0.5866425992779783,2203,2171,13,0,2158,2114,317272,45,0,0,45,57
2020-07-14,US,Nebraska,Lincoln,62,2,0,41.04658298,-100.74753740000001,31111.0,177.57919459242714,3.2258064516129035,60,62,2,0,60,66,35185,0,0,0,0,-4
2020-07-14,US,Nebraska,Madison,387,4,0,41.91676024,-97.6005481,31119.0,1102.5955155417532,1.0335917312661498,383,385,4,0,381,384,35392,2,0,0,2,1
2020-07-14,US,Nebraska,McPherson,3,0,0,41.56797682,-101.05993620000001,31117.0,607.2874493927128,0.0,3,3,0,0,3,3,492,0,0,0,0,0
2020-07-14,US,Nebraska,Merrick,39,0,0,41.16624273,-98.0374887,31121.0,502.9013539651838,0.0,39,39,0,0,39,39,7733,0,0,0,0,0
2020-07-14,US,Nebraska,Morrill,53,0,0,41.71711774,-103.0061405,31123.0,1141.7492460146484,0.0,53,52,0,0,52,52,4686,1,0,0,1,0
2020-07-14,US,Nebraska,Nance,6,0,0,41.39750195,-97.99327291,31125.0,170.50298380221653,0.0,6,6,0,0,6,6,3532,0,0,0,0,0
2020-07-14,US,Nebraska,Nemaha,6,0,0,40.38514847,-95.85433992,31127.0,86.05851979345955,0.0,6,5,0,0,5,5,6958,1,0,0,1,0
2020-07-14,US,Nebraska,Nuckolls,4,0,0,40.17637905,-98.04743961,31129.0,96.43201542912249,0.0,4,3,0,0,3,2,4195,1,0,0,1,1
2020-07-14,US,Nebraska,Otoe,29,0,0,40.64843556,-96.13374142,31131.0,181.11416437671744,0.0,29,27,0,0,27,27,15985,2,0,0,2,0
2020-07-14,US,Nebraska,Pawnee,1,0,0,40.13141096,-96.23705437,31133.0,38.270187523918864,0.0,1,1,0,0,1,1,2632,0,0,0,0,0
2020-07-14,US,Nebraska,Phelps,27,0,0,40.51156033,-99.41461667,31137.0,298.87093203453617,0.0,27,27,0,0,27,27,8996,0,0,0,0,0
2020-07-14,US,Nebraska,Pierce,11,0,0,42.26434853,-97.60122773,31139.0,153.8891997761612,0.0,11,11,0,0,11,10,7142,0,0,0,0,1
2020-07-14,US,Nebraska,Platte,699,3,0,41.57246836,-97.52144359,31141.0,2088.437406632805,0.4291845493562232,696,696,3,0,693,692,33363,3,0,0,3,4
2020-07-14,US,Nebraska,Polk,13,0,0,41.18813488,-97.56630712,31143.0,249.37655860349128,0.0,13,13,0,0,13,13,5278,0,0,0,0,0
2020-07-14,US,Nebraska,Red Willow,9,0,0,40.17556879999999,-100.476998,31145.0,83.92390898918316,0.0,9,9,0,0,9,8,10726,0,0,0,0,1
2020-07-14,US,Nebraska,Richardson,10,1,0,40.1247415,-95.71755036,31147.0,127.14558169103624,10.0,9,9,1,0,8,9,7937,1,0,0,1,0
2020-07-14,US,Nebraska,Rock,2,0,0,42.42252217,-99.44832069,31149.0,147.38393515106853,0.0,2,2,0,0,2,2,1360,0,0,0,0,0
2020-07-14,US,Nebraska,Saline,548,2,0,40.52418865,-97.14085859,31151.0,3852.6434195725533,0.36496350364963503,546,546,2,0,544,546,14350,2,0,0,2,0
2020-07-14,US,Nebraska,Sarpy,1405,8,0,41.11314181,-96.11156432,31153.0,750.5502254321674,0.5693950177935944,1397,1373,8,0,1365,1348,184459,32,0,0,32,25
2020-07-14,US,Nebraska,Saunders,97,2,0,41.227810299999994,-96.63773905,31155.0,449.5319306701271,2.061855670103093,95,95,2,0,93,89,21303,2,0,0,2,6
2020-07-14,US,Nebraska,Scotts Bluff,244,5,0,41.85070896,-103.70809859999999,31157.0,685.0468864057499,2.0491803278688523,239,243,5,0,238,241,35989,1,0,0,1,2
2020-07-14,US,Nebraska,Seward,52,1,0,40.87241834,-97.139673,31159.0,300.8562832677621,1.9230769230769231,51,52,1,0,51,48,17318,0,0,0,0,4
2020-07-14,US,Nebraska,Sheridan,8,0,0,42.50284406,-102.4126613,31161.0,152.49714067861228,0.0,8,8,0,0,8,8,5190,0,0,0,0,0
2020-07-14,US,Nebraska,Sherman,5,0,0,41.22045983,-98.97588642,31163.0,166.61112962345885,0.0,5,5,0,0,5,5,3038,0,0,0,0,0
2020-07-14,US,Nebraska,Sioux,6,0,0,42.48932059,-103.7576544,31165.0,514.5797598627787,0.0,6,6,0,0,6,6,1187,0,0,0,0,0
2020-07-14,US,Nebraska,Stanton,21,0,0,41.9169835,-97.19394708,31167.0,354.72972972972974,0.0,21,21,0,0,21,21,5970,0,0,0,0,0
2020-07-14,US,Nebraska,Thayer,16,0,0,40.17626377,-97.59504381,31169.0,319.80811513092146,0.0,16,10,0,0,10,9,5039,6,0,0,6,1
2020-07-14,US,Nebraska,Thomas,1,0,0,41.91358968,-100.5556632,31171.0,138.50415512465375,0.0,1,1,0,0,1,1,720,0,0,0,0,0
2020-07-14,US,Nebraska,Thurston,179,1,0,42.15725356,-96.54157099,31173.0,2477.8516057585825,0.5586592178770949,178,178,1,0,177,179,7303,1,0,0,1,-1
2020-07-14,US,Nebraska,Unassigned,116,1,0,0.0,0.0,90031.0,0.0,0.8620689655172413,115,115,1,0,114,116,,1,0,0,1,-1
2020-07-14,US,Nebraska,Valley,8,0,0,41.56730777,-98.98197724,31175.0,192.40019240019242,0.0,8,8,0,0,8,8,4190,0,0,0,0,0
2020-07-14,US,Nebraska,Washington,61,1,0,41.52815707,-96.22019892,31177.0,294.27372280380143,1.639344262295082,60,60,1,0,59,58,20667,1,0,0,1,2
2020-07-14,US,Nebraska,Wayne,34,0,0,42.20934475,-97.11926964,31179.0,362.2802344166223,0.0,34,33,0,0,33,32,9403,1,0,0,1,1
2020-07-14,US,Nebraska,Webster,9,0,0,40.17642643,-98.50019851,31181.0,258.1015199311729,0.0,9,9,0,0,9,7,3533,0,0,0,0,2
2020-07-14,US,Nebraska,York,52,0,0,40.87272618,-97.59710186,31185.0,380.14474742305725,0.0,52,52,0,0,52,52,13772,0,0,0,0,0
2020-07-14,US,Nevada,Carson City,223,6,0,39.15509045,-119.7480219,32510.0,398.8125044709922,2.690582959641256,217,220,6,0,214,213,55414,3,0,0,3,7
2020-07-14,US,Nevada,Churchill,29,1,0,39.58105744,-118.3394607,32001.0,116.42378256854951,3.4482758620689653,28,29,1,0,28,27,24440,0,0,0,0,2
2020-07-14,US,Nevada,Clark,24824,498,0,36.21458855,-115.0130241,32003.0,1095.153118058512,2.006123106670964,24326,23803,483,0,23320,23048,2231647,1021,15,0,1006,755
2020-07-14,US,Nevada,Douglas,88,0,0,38.912862,-119.61713329999999,32005.0,179.94070135977915,0.0,88,86,0,0,86,86,48467,2,0,0,2,0
2020-07-14,US,Nevada,Elko,264,1,0,41.14531606,-115.3577619,32007.0,500.20842017507294,0.3787878787878788,263,244,1,0,243,244,52460,20,0,0,20,0
2020-07-14,US,Nevada,Eureka,1,0,0,39.98100864,-116.26832040000001,32011.0,49.28536224741252,0.0,1,1,0,0,1,1,2003,0,0,0,0,0
2020-07-14,US,Nevada,Humboldt,91,4,0,41.40692186,-118.11094270000001,32013.0,540.6690036242646,4.395604395604397,87,91,4,0,87,90,16786,0,0,0,0,1
2020-07-14,US,Nevada,Lander,45,0,0,39.933223299999995,-117.03970749999999,32015.0,813.4490238611712,0.0,45,43,0,0,43,43,5575,2,0,0,2,0
2020-07-14,US,Nevada,Lincoln,2,0,0,37.64268459,-114.8790388,32017.0,38.58769052672198,0.0,2,2,0,0,2,2,5201,0,0,0,0,0
2020-07-14,US,Nevada,Lyon,147,2,0,39.01777974,-119.18704790000001,32019.0,255.60772039645283,1.3605442176870748,145,145,2,0,143,142,55808,2,0,0,2,3
2020-07-14,US,Nevada,Mineral,6,0,0,38.53841696,-118.4344506,32021.0,133.18534961154273,0.0,6,6,0,0,6,6,4514,0,0,0,0,0
2020-07-14,US,Nevada,Nye,188,3,0,38.04264256,-116.47227020000001,32023.0,404.10119725727066,1.5957446808510638,185,188,3,0,185,186,45346,0,0,0,0,2
2020-07-14,US,Nevada,Pershing,12,0,0,40.44003782,-118.40056409999998,32027.0,178.43866171003717,0.0,12,12,0,0,12,12,6666,0,0,0,0,0
2020-07-14,US,Nevada,Storey,2,0,0,39.44875482,-119.5250207,32029.0,48.508367693427104,0.0,2,2,0,0,2,2,4029,0,0,0,0,0
2020-07-14,US,Nevada,Washoe,3689,97,0,40.66562265,-119.6631594,32031.0,782.3650796680513,2.629438872323123,3592,3635,93,0,3542,3574,465735,54,4,0,50,61
2020-07-14,US,Nevada,White Pine,8,0,0,39.44157041,-114.89996599999999,32033.0,83.5073068893528,0.0,8,8,0,0,8,7,9475,0,0,0,0,1
2020-07-14,US,New Hampshire,Belknap,92,3,0,43.51637314,-71.41684235,33001.0,150.07422148997603,3.260869565217391,89,91,3,0,88,90,61022,1,0,0,1,1
2020-07-14,US,New Hampshire,Carroll,68,0,0,43.87498583,-71.20430216,33003.0,139.03087303209978,0.0,68,67,0,0,67,67,48779,1,0,0,1,0
2020-07-14,US,New Hampshire,Cheshire,77,2,0,42.92015988,-72.25311043,33005.0,101.20260235263193,2.5974025974025974,75,76,2,0,74,76,76493,1,0,0,1,0
2020-07-14,US,New Hampshire,Coos,11,0,0,44.69063265,-71.30633239,33007.0,34.85093305452587,0.0,11,11,0,0,11,11,31589,0,0,0,0,0
2020-07-14,US,New Hampshire,Grafton,94,1,0,43.93779815,-71.82057197,33009.0,104.57690852858065,1.0638297872340423,93,92,1,0,91,91,89786,2,0,0,2,1
2020-07-14,US,New Hampshire,Hillsborough,3443,261,0,42.91537785,-71.7200253,33011.0,825.6099754211377,7.580598315422598,3182,3433,260,0,3173,3427,415247,10,1,0,9,6
2020-07-14,US,New Hampshire,Merrimack,432,19,0,43.29662971,-71.6811573,33013.0,285.35381891922236,4.398148148148149,413,430,19,0,411,427,151132,2,0,0,2,3
2020-07-14,US,New Hampshire,Rockingham,1531,92,0,42.98499744,-71.12883377,33015.0,494.2392557034435,6.009144350097976,1439,1526,92,0,1434,1523,309176,5,0,0,5,3
2020-07-14,US,New Hampshire,Strafford,306,13,0,43.291833000000004,-71.02336013,33017.0,234.2440271600591,4.248366013071895,293,301,13,0,288,301,130090,5,0,0,5,0
2020-07-14,US,New Hampshire,Sullivan,37,1,0,43.36094111,-72.22203125,33019.0,85.7553423260557,2.702702702702702,36,36,1,0,35,35,43144,1,0,0,1,1
2020-07-14,US,New Jersey,Atlantic,3047,233,0,39.47538693,-74.65848483,34001.0,1155.6111806424694,7.646865769609453,2814,3023,232,0,2791,3015,265429,24,1,0,23,8
2020-07-14,US,New Jersey,Bergen,19907,2032,0,40.96010917,-74.07164325,34003.0,2135.481365626764,10.207464710905713,17875,19891,2030,0,17861,19871,936692,16,2,0,14,20
2020-07-14,US,New Jersey,Burlington,5412,451,0,39.87681124,-74.66927768,34005.0,1215.2267098388006,8.333333333333334,4961,5382,449,0,4933,5375,445384,30,2,0,28,7
2020-07-14,US,New Jersey,Camden,7746,551,0,39.80343818,-74.96388753,34007.0,1529.406422085371,7.113348825200102,7195,7716,551,0,7165,7692,507078,30,0,0,30,24
2020-07-14,US,New Jersey,Cape May,740,79,0,39.15008829,-74.80170244,34009.0,804.0069970338661,10.675675675675675,661,733,77,0,656,732,92560,7,2,0,5,1
2020-07-14,US,New Jersey,Cumberland,3063,152,0,39.37199394,-75.10712559,34011.0,2048.4594755462226,4.962455109369898,2911,3056,150,0,2906,3051,150972,7,2,0,5,5
2020-07-14,US,New Jersey,Essex,19058,2078,0,40.78681335,-74.24657979,34013.0,2385.306173534841,10.903557561129183,16980,19039,2077,0,16962,19008,799767,19,1,0,18,31
2020-07-14,US,New Jersey,Gloucester,2788,193,0,39.71581067,-75.13995546,34015.0,955.9862294092636,6.9225251076040175,2595,2764,193,0,2571,2758,291408,24,0,0,24,6
2020-07-14,US,New Jersey,Hudson,19193,1487,0,40.73766234,-74.07515667,34017.0,2854.4403479523075,7.747616318449434,17706,19135,1484,0,17651,19121,676061,58,3,0,55,14
2020-07-14,US,New Jersey,Hunterdon,1095,126,0,40.56335249,-74.91284156,34019.0,880.4303253973998,11.506849315068493,969,1094,126,0,968,1094,124714,1,0,0,1,0
2020-07-14,US,New Jersey,Mercer,7807,603,0,40.28047017,-74.70479631,34021.0,2124.758457393245,7.723837581657487,7204,7795,602,0,7193,7789,369811,12,1,0,11,6
2020-07-14,US,New Jersey,Middlesex,17089,1379,0,40.43629879,-74.41426991,34023.0,2071.2382826987546,8.069518403651472,15710,17059,1377,0,15682,17035,829685,30,2,0,28,24
2020-07-14,US,New Jersey,Monmouth,9542,840,0,40.26549699,-74.22240686,34025.0,1542.0292665583918,8.803185914902537,8702,9515,838,0,8677,9482,621354,27,2,0,25,33
2020-07-14,US,New Jersey,Morris,6921,820,0,40.86095313,-74.54553709999998,34027.0,1407.1506267218329,11.847998844097676,6101,6909,819,0,6090,6902,494228,12,1,0,11,7
2020-07-14,US,New Jersey,Ocean,9867,998,0,39.8895449,-74.28089251,34029.0,1625.0374679258084,10.114523158001418,8869,9828,997,0,8831,9820,601651,39,1,0,38,8
2020-07-14,US,New Jersey,Passaic,17105,1225,0,41.03238628,-74.29954144,34031.0,3408.5519682120894,7.161648640748319,15880,17080,1224,0,15856,17064,503310,25,1,0,24,16
2020-07-14,US,New Jersey,Salem,818,78,0,39.58719656,-75.34696629999998,34033.0,1311.2126312414846,9.535452322738386,740,815,78,0,737,815,62607,3,0,0,3,0
2020-07-14,US,New Jersey,Somerset,5036,551,0,40.56465737,-74.61683016,34035.0,1531.0062200927844,10.941223193010323,4485,5018,551,0,4467,5014,331164,18,0,0,18,4
2020-07-14,US,New Jersey,Sussex,1233,195,0,41.13891592,-74.69118243,34037.0,877.6550310346793,15.815085158150852,1038,1230,195,0,1035,1229,140799,3,0,0,3,1
2020-07-14,US,New Jersey,Unassigned,644,0,0,0.0,0.0,90034.0,0.0,0.0,644,656,0,0,656,665,,-12,0,0,-12,-9
2020-07-14,US,New Jersey,Union,16537,1344,0,40.65835409,-74.30680092,34039.0,2972.4575395306115,8.127229848219145,15193,16519,1343,0,15176,16501,558067,18,1,0,17,18
2020-07-14,US,New Jersey,Warren,1267,167,0,40.85951833,-74.99556527,34041.0,1203.6060683785042,13.180741910023675,1100,1265,167,0,1098,1265,105779,2,0,0,2,0
2020-07-14,US,New Mexico,Bernalillo,3200,97,0,35.05163625,-106.6703554,35001.0,471.1973271331619,3.03125,3103,3134,96,0,3038,3076,678701,66,1,0,65,58
2020-07-14,US,New Mexico,Catron,3,1,0,33.91514144,-108.4046587,35003.0,85.05812305075135,33.333333333333336,2,3,1,0,2,3,3578,0,0,0,0,0
2020-07-14,US,New Mexico,Chaves,184,3,0,33.36406072,-104.4665365,35005.0,284.76359978333204,1.6304347826086956,181,179,3,0,176,162,64689,5,0,0,5,17
2020-07-14,US,New Mexico,Cibola,253,14,0,34.91131525,-107.998876,35006.0,948.4536082474228,5.533596837944664,239,251,14,0,237,249,26746,2,0,0,2,2
2020-07-14,US,New Mexico,Colfax,9,1,0,36.60569702,-104.64726740000002,35007.0,75.37057197889624,11.111111111111109,8,9,1,0,8,9,12110,0,0,0,0,0
2020-07-14,US,New Mexico,Curry,267,1,0,34.57421077,-103.34688759999999,35009.0,545.4099767128324,0.3745318352059925,266,262,1,0,261,251,49437,5,0,0,5,11
2020-07-14,US,New Mexico,Dona Ana,1536,11,0,32.35275771,-106.83293870000001,35013.0,703.9574692362338,0.7161458333333334,1525,1487,11,0,1476,1404,217522,49,0,0,49,83
2020-07-14,US,New Mexico,Eddy,150,1,0,32.47167456,-104.3053527,35015.0,256.5856996236743,0.6666666666666666,149,144,1,0,143,140,57900,6,0,0,6,4
2020-07-14,US,New Mexico,Grant,41,0,0,32.73911281,-108.3827845,35017.0,151.86310097044225,0.0,41,35,0,0,35,33,27346,6,0,0,6,2
2020-07-14,US,New Mexico,Guadalupe,20,0,0,34.86319296,-104.790669,35019.0,465.11627906976736,0.0,20,20,0,0,20,20,4341,0,0,0,0,0
2020-07-14,US,New Mexico,Harding,1,0,0,35.85751555,-103.82209379999999,35021.0,160.0,0.0,1,1,0,0,1,1,655,0,0,0,0,0
2020-07-14,US,New Mexico,Hidalgo,75,0,0,31.91383467,-108.7151824,35023.0,1786.5650309671273,0.0,75,74,0,0,74,72,4240,1,0,0,1,2
2020-07-14,US,New Mexico,Lea,291,0,0,32.79215361,-103.4123733,35025.0,409.4554664415365,0.0,291,285,0,0,285,280,69611,6,0,0,6,5
2020-07-14,US,New Mexico,Lincoln,25,0,0,33.74526079,-105.4586166,35027.0,127.73349683220928,0.0,25,24,0,0,24,24,19556,1,0,0,1,0
2020-07-14,US,New Mexico,Los Alamos,13,0,0,35.86631386,-106.31349850000001,35028.0,67.11755898600858,0.0,13,12,0,0,12,12,19101,1,0,0,1,0
2020-07-14,US,New Mexico,Luna,132,3,0,32.18179341,-107.75088259999998,35029.0,556.7506010375806,2.272727272727273,129,128,3,0,125,122,23963,4,0,0,4,6
2020-07-14,US,New Mexico,McKinley,3679,192,0,35.58007720000001,-108.262245,35031.0,5155.043647624252,5.218809459092144,3487,3657,191,0,3466,3634,72290,22,1,0,21,23
2020-07-14,US,New Mexico,Mora,2,0,0,36.01095101,-104.9497716,35033.0,44.238000442380006,0.0,2,3,0,0,3,3,4506,-1,0,0,-1,0
2020-07-14,US,New Mexico,Otero,83,9,0,32.61348406,-105.7417604,35035.0,122.9811823973922,10.843373493975903,74,79,9,0,70,77,66781,4,0,0,4,2
2020-07-14,US,New Mexico,Quay,17,1,0,35.10403332,-103.54817270000001,35037.0,205.98570216890832,5.882352941176472,16,16,1,0,15,16,8253,1,0,0,1,0
2020-07-14,US,New Mexico,Rio Arriba,140,1,0,36.51072137,-106.69316740000001,35039.0,359.70298810410833,0.7142857142857143,139,139,1,0,138,139,39006,1,0,0,1,0
2020-07-14,US,New Mexico,Roosevelt,81,1,0,34.02097406,-103.4799493,35041.0,437.8378378378378,1.2345679012345678,80,79,1,0,78,79,18743,2,0,0,2,0
2020-07-14,US,New Mexico,San Juan,2742,173,0,36.50838318,-108.32043700000001,35045.0,2212.0395617870568,6.309263311451494,2569,2731,172,0,2559,2711,125043,11,1,0,10,20
2020-07-14,US,New Mexico,San Miguel,28,0,0,35.48014807,-104.8163562,35047.0,102.6505847417238,0.0,28,27,0,0,27,26,27591,1,0,0,1,1
2020-07-14,US,New Mexico,Sandoval,853,30,0,35.68862401,-106.86878030000001,35043.0,581.2685692479625,3.5169988276670576,823,847,30,0,817,838,145179,6,0,0,6,9
2020-07-14,US,New Mexico,Santa Fe,352,3,0,35.50708973,-105.9774716,35049.0,234.10792907593878,0.8522727272727273,349,341,3,0,338,337,150056,11,0,0,11,4
2020-07-14,US,New Mexico,Sierra,16,0,0,33.13028233,-107.1925893,35051.0,148.27170790473542,0.0,16,16,0,0,16,14,10968,0,0,0,0,2
2020-07-14,US,New Mexico,Socorro,65,5,0,34.00715494,-106.9298354,35053.0,390.69543787942536,7.6923076923076925,60,66,5,0,61,64,16735,-1,0,0,-1,2
2020-07-14,US,New Mexico,Taos,59,1,0,36.58006022,-105.63101979999999,35055.0,180.3013171164013,1.6949152542372878,58,57,1,0,56,53,32835,2,0,0,2,4
2020-07-14,US,New Mexico,Torrance,49,1,0,34.64048375,-105.8508949,35057.0,316.926460125477,2.0408163265306123,48,49,1,0,48,49,15591,0,0,0,0,0
2020-07-14,US,New Mexico,Unassigned,936,0,0,0.0,0.0,90035.0,0.0,0.0,936,936,0,0,936,936,,0,0,0,0,0
2020-07-14,US,New Mexico,Union,14,0,0,36.48126404,-103.4709624,35059.0,344.91254003449126,0.0,14,8,0,0,8,8,4118,6,0,0,6,0
2020-07-14,US,New Mexico,Valencia,198,2,0,34.71669834,-106.8103733,35061.0,258.1890256624244,1.0101010101010102,196,192,2,0,190,186,76456,6,0,0,6,6
2020-07-14,US,New York,Albany,2247,121,0,42.60060306,-73.97723916,36001.0,735.5011030879917,5.3849577214063205,2126,2225,121,0,2104,2219,307117,22,0,0,22,6
2020-07-14,US,New York,Allegany,68,1,0,42.25748406,-78.02750466,36003.0,147.53422577075784,1.4705882352941178,67,66,1,0,65,66,46430,2,0,0,2,0
2020-07-14,US,New York,Broome,841,60,0,42.15903158,-75.81326086,36007.0,441.4976271471169,7.13436385255648,781,827,60,0,767,820,191659,14,0,0,14,7
2020-07-14,US,New York,Cattaraugus,139,6,0,42.24778241,-78.67923096,36009.0,182.61360799821327,4.316546762589929,133,138,6,0,132,138,76840,1,0,0,1,0
2020-07-14,US,New York,Cayuga,127,2,0,42.91261714,-76.55731592,36011.0,165.84830756372753,1.5748031496062993,125,126,2,0,124,126,77145,1,0,0,1,0
2020-07-14,US,New York,Chautauqua,180,7,0,42.22769210000001,-79.36691763,36013.0,141.84061842509632,3.888888888888889,173,171,7,0,164,170,127939,9,0,0,9,1
2020-07-14,US,New York,Chemung,149,2,0,42.13891056,-76.7638805,36015.0,178.53719325153375,1.342281879194631,147,148,2,0,146,148,84254,1,0,0,1,0
2020-07-14,US,New York,Chenango,171,6,0,42.49430041,-75.60887553,36017.0,362.23441438769686,3.5087719298245608,165,169,6,0,163,166,47536,2,0,0,2,3
2020-07-14,US,New York,Clinton,110,4,0,44.74530905,-73.67875352,36019.0,136.67142945890538,3.636363636363636,106,109,4,0,105,109,80695,1,0,0,1,0
2020-07-14,US,New York,Columbia,489,37,0,42.24819348,-73.63089095,36021.0,822.3877835892433,7.566462167689163,452,487,37,0,450,486,59916,2,0,0,2,1
2020-07-14,US,New York,Cortland,59,0,0,42.59509207,-76.07048931,36023.0,123.99907526113363,0.0,59,59,0,0,59,58,47823,0,0,0,0,1
2020-07-14,US,New York,Delaware,92,4,0,42.19837623,-74.96709306,36025.0,208.45134247196103,4.3478260869565215,88,92,4,0,88,92,44527,0,0,0,0,0
2020-07-14,US,New York,Dutchess,4318,152,0,41.76486060000001,-73.74356679,36027.0,1467.6192483124755,3.520148216767022,4166,4280,152,0,4128,4276,293718,38,0,0,38,4
2020-07-14,US,New York,Erie,7833,646,0,42.76249024,-78.73063652,36029.0,852.6159734059578,8.247159453593769,7187,7766,646,0,7120,7742,919719,67,0,0,67,24
2020-07-14,US,New York,Essex,51,0,0,44.11630765,-73.77297842,36031.0,138.2675884505897,0.0,51,51,0,0,51,51,37300,0,0,0,0,0
2020-07-14,US,New York,Franklin,36,0,0,44.59040891,-74.29926032,36033.0,71.96833393306945,0.0,36,36,0,0,36,36,50293,0,0,0,0,0
2020-07-14,US,New York,Fulton,266,24,0,43.11363907,-74.41798804,36035.0,498.2859711893299,9.022556390977444,242,265,24,0,241,265,53591,1,0,0,1,0
2020-07-14,US,New York,Genesee,252,5,0,43.0022601,-78.19135193,36037.0,439.9441340782123,1.984126984126984,247,250,5,0,245,250,57511,2,0,0,2,0
2020-07-14,US,New York,Greene,267,18,0,42.275797,-74.12384884,36039.0,565.8218191065525,6.741573033707866,249,266,18,0,248,266,47491,1,0,0,1,0
2020-07-14,US,New York,Hamilton,6,0,0,43.66146647,-74.49721957,36041.0,135.8695652173913,0.0,6,6,0,0,6,6,4434,0,0,0,0,0
2020-07-14,US,New York,Herkimer,195,4,0,43.42034246,-74.96145307,36043.0,318.0090999527063,2.051282051282051,191,193,4,0,189,192,61833,2,0,0,2,1
2020-07-14,US,New York,Jefferson,100,0,0,44.04200959,-75.94653457,36045.0,91.04648833694485,0.0,100,99,0,0,99,97,111755,1,0,0,1,2
2020-07-14,US,New York,Lewis,32,0,0,43.784415700000004,-75.44903992,36049.0,121.6915120170368,0.0,32,31,0,0,31,31,26447,1,0,0,1,0
2020-07-14,US,New York,Livingston,151,8,0,42.72596275,-77.77966158,36051.0,240.01017261658768,5.298013245033113,143,147,8,0,139,147,63227,4,0,0,4,0
2020-07-14,US,New York,Madison,376,17,0,42.91653905,-75.67266639,36053.0,530.01790220042,4.5212765957446805,359,375,17,0,358,374,70795,1,0,0,1,1
2020-07-14,US,New York,Monroe,4247,277,0,43.14638895,-77.69322942,36055.0,572.5494425495774,6.5222510007063805,3970,4200,277,0,3923,4177,742474,47,0,0,47,23
2020-07-14,US,New York,Montgomery,141,4,0,42.90123494,-74.44011632,36057.0,286.4630950204181,2.8368794326241136,137,133,4,0,129,132,49455,8,0,0,8,1
2020-07-14,US,New York,Nassau,42423,2190,0,40.74066522,-73.58941873,36059.0,3126.4094378167088,5.1622940386111305,40233,42354,2190,0,40164,42307,1358343,69,0,0,69,47
2020-07-14,US,New York,New York City,219616,23336,0,40.76727260000001,-73.97152637,36061.0,2634.290761090234,10.625819612414396,196280,219301,23323,0,195978,219051,1628701,315,13,0,302,250
2020-07-14,US,New York,Niagara,1351,94,0,43.19898042,-78.74777412,36063.0,645.5435514929687,6.9578090303478906,1257,1342,94,0,1248,1340,210433,9,0,0,9,2
2020-07-14,US,New York,Oneida,1847,104,0,43.24375382,-75.43710392,36065.0,807.7106410519917,5.630752571737952,1743,1830,104,0,1726,1823,229577,17,0,0,17,7
2020-07-14,US,New York,Onondaga,3179,191,0,43.00491923,-76.19971155,36067.0,690.2946183511099,6.008178672538534,2988,3142,191,0,2951,3124,461809,37,0,0,37,18
2020-07-14,US,New York,Ontario,307,33,0,42.85145728,-77.30874425,36069.0,279.6578518268854,10.749185667752442,274,302,33,0,269,300,109864,5,0,0,5,2
2020-07-14,US,New York,Orange,10850,484,0,41.40337468,-74.30240757,36071.0,2818.6210838052684,4.460829493087559,10366,10841,484,0,10357,10835,381951,9,0,0,9,6
2020-07-14,US,New York,Orleans,288,54,0,43.2516977,-78.2320066,36073.0,713.7192704203012,18.75,234,287,54,0,233,287,40612,1,0,0,1,0
2020-07-14,US,New York,Oswego,225,3,0,43.42778894,-76.14635194,36075.0,192.1040948055053,1.3333333333333333,222,222,3,0,219,220,117898,3,0,0,3,2
2020-07-14,US,New York,Otsego,90,5,0,42.63492579,-75.03151402,36077.0,151.27830164893348,5.5555555555555545,85,89,5,0,84,89,59749,1,0,0,1,0
2020-07-14,US,New York,Putnam,1376,63,0,41.42630093,-73.74965532,36079.0,1399.5117982099268,4.578488372093024,1313,1365,63,0,1302,1361,98892,11,0,0,11,4
2020-07-14,US,New York,Rensselaer,625,30,0,42.71348136,-73.51089874,36083.0,393.79008783094116,4.8,595,617,30,0,587,616,159442,8,0,0,8,1
2020-07-14,US,New York,Rockland,13733,670,0,41.15027894,-74.02560498,36087.0,4215.304998020191,4.8787591931843,13063,13719,670,0,13049,13716,325695,14,0,0,14,3
2020-07-14,US,New York,Saratoga,616,17,0,43.10904162,-73.86653895,36091.0,267.9857132291844,2.75974025974026,599,610,17,0,593,602,230163,6,0,0,6,8
2020-07-14,US,New York,Schenectady,883,37,0,42.81668777,-74.05278291,36093.0,568.5806090187316,4.190260475651189,846,868,37,0,831,864,155350,15,0,0,15,4
2020-07-14,US,New York,Schoharie,62,0,0,42.58831742,-74.44339029999998,36095.0,200.00645182102642,0.0,62,62,0,0,62,62,31097,0,0,0,0,0
2020-07-14,US,New York,Schuyler,15,0,0,42.39184015,-76.8773299,36097.0,84.23653619363172,0.0,15,15,0,0,15,15,17912,0,0,0,0,0
2020-07-14,US,New York,Seneca,74,0,0,42.78081007,-76.82497064,36099.0,217.54468485418636,0.0,74,74,0,0,74,74,34300,0,0,0,0,0
2020-07-14,US,New York,St. Lawrence,233,2,0,44.4976179,-75.06550039,36089.0,216.2613699647299,0.8583690987124464,231,231,2,0,229,230,108047,2,0,0,2,1
2020-07-14,US,New York,Steuben,278,41,0,42.2689144,-77.3829924,36101.0,291.4687719518972,14.748201438848922,237,276,41,0,235,274,95796,2,0,0,2,2
2020-07-14,US,New York,Suffolk,42214,1993,0,40.88320119,-72.8012172,36103.0,2858.8630239313125,4.721182546074762,40221,42112,1993,0,40119,42028,1481093,102,0,0,102,84
2020-07-14,US,New York,Sullivan,1466,48,0,41.71579493,-74.76394559,36105.0,1943.472266412133,3.2742155525238745,1418,1465,48,0,1417,1465,75498,1,0,0,1,0
2020-07-14,US,New York,Tioga,161,24,0,42.16852837,-76.30835812,36107.0,334.00410762815585,14.906832298136644,137,161,24,0,137,161,48560,0,0,0,0,0
2020-07-14,US,New York,Tompkins,186,0,0,42.44945765,-76.47229843,36109.0,182.03170874926602,0.0,186,186,0,0,186,186,102793,0,0,0,0,0
2020-07-14,US,New York,Ulster,1872,88,0,41.89027881,-74.26252104,36111.0,1054.2143231234481,4.700854700854701,1784,1862,88,0,1774,1859,178599,10,0,0,10,3
2020-07-14,US,New York,Warren,280,33,0,43.56173026,-73.8433699,36113.0,437.88314775428495,11.785714285714285,247,280,33,0,247,277,64265,0,0,0,0,3
2020-07-14,US,New York,Washington,250,14,0,43.31153794,-73.43043448,36115.0,408.4700346382589,5.6,236,249,14,0,235,249,61197,1,0,0,1,0
2020-07-14,US,New York,Wayne,214,3,0,43.15494365,-77.02976528,36117.0,237.9946173180008,1.4018691588785046,211,209,3,0,206,205,90064,5,0,0,5,4
2020-07-14,US,New York,Westchester,35366,1435,0,41.16278376,-73.75741653,36119.0,3655.377847785957,4.057569416954136,33931,35327,1435,0,33892,35297,967612,39,0,0,39,30
2020-07-14,US,New York,Wyoming,103,5,0,42.70145109,-78.22199579,36121.0,258.4108984169196,4.854368932038835,98,102,5,0,97,101,40085,1,0,0,1,1
2020-07-14,US,New York,Yates,49,6,0,42.63505484,-77.10369919,36123.0,196.6844619275077,12.244897959183671,43,48,6,0,42,48,24841,1,0,0,1,0
2020-07-14,US,North Carolina,Alamance,1519,38,0,36.0434701,-79.39976137,37001.0,896.1176102743808,2.5016458196181697,1481,1480,37,0,1443,1428,166436,39,1,0,38,52
2020-07-14,US,North Carolina,Alexander,183,1,0,35.922379600000006,-81.17751948,37003.0,488.0390431234498,0.5464480874316939,182,174,1,0,173,163,37353,9,0,0,9,11
2020-07-14,US,North Carolina,Alleghany,43,0,0,36.49360862,-81.12857041,37005.0,386.1003861003861,0.0,43,42,0,0,42,41,11161,1,0,0,1,1
2020-07-14,US,North Carolina,Anson,214,2,0,34.97403241,-80.09953279,37007.0,875.3988382557474,0.9345794392523364,212,208,2,0,206,194,24877,6,0,0,6,14
2020-07-14,US,North Carolina,Ashe,65,1,0,36.43296207,-81.49862729,37009.0,238.9442340918281,1.5384615384615383,64,64,1,0,63,63,27109,1,0,0,1,1
2020-07-14,US,North Carolina,Avery,31,0,0,36.07569796,-81.92308483,37011.0,176.56775075468477,0.0,31,30,0,0,30,27,17505,1,0,0,1,3
2020-07-14,US,North Carolina,Beaufort,157,0,0,35.48531943,-76.84325809,37013.0,334.0852023662595,0.0,157,154,0,0,154,148,47079,3,0,0,3,6
2020-07-14,US,North Carolina,Bertie,157,4,0,36.0688473,-76.96545943,37015.0,828.6272233071197,2.5477707006369426,153,157,4,0,153,156,19026,0,0,0,0,1
2020-07-14,US,North Carolina,Bladen,455,5,0,34.61296243,-78.56180059,37017.0,1390.501803068272,1.0989010989010992,450,446,5,0,441,438,33190,9,0,0,9,8
2020-07-14,US,North Carolina,Brunswick,832,10,0,34.070565,-78.22814204,37019.0,582.5514633804789,1.2019230769230769,822,802,8,0,794,781,136744,30,2,0,28,21
2020-07-14,US,North Carolina,Buncombe,928,40,0,35.61113393,-82.53305,37021.0,355.2955499998085,4.310344827586206,888,898,31,0,867,865,259103,30,9,0,21,33
2020-07-14,US,North Carolina,Burke,1238,21,0,35.74989637,-81.70755735,37023.0,1368.1825716969665,1.6962843295638126,1217,1217,21,0,1196,1206,90382,21,0,0,21,11
2020-07-14,US,North Carolina,Cabarrus,1721,33,0,35.3877799,-80.55267168,37025.0,795.0917751197719,1.9174898314933175,1688,1677,33,0,1644,1640,211342,44,0,0,44,37
2020-07-14,US,North Carolina,Caldwell,683,8,0,35.95204977,-81.54799522,37027.0,831.1226849035022,1.171303074670571,675,653,6,0,647,619,82029,30,2,0,28,34
2020-07-14,US,North Carolina,Camden,39,1,0,36.33804939,-76.15568396,37029.0,358.88469678844206,2.5641025641025643,38,38,1,0,37,35,10710,1,0,0,1,3
2020-07-14,US,North Carolina,Carteret,162,4,0,34.8932941,-76.54120135,37031.0,233.1841146920386,2.469135802469136,158,154,4,0,150,133,69524,8,0,0,8,21
2020-07-14,US,North Carolina,Caswell,156,2,0,36.39312665,-79.33353281,37033.0,690.1433374623961,1.2820512820512822,154,154,2,0,152,150,22698,2,0,0,2,4
2020-07-14,US,North Carolina,Catawba,1290,14,0,35.66211129,-81.2132617,37035.0,808.5189061804689,1.0852713178294573,1276,1253,14,0,1239,1184,158652,37,0,0,37,69
2020-07-14,US,North Carolina,Chatham,1067,46,0,35.70394416,-79.25541492,37037.0,1432.791728212703,4.3111527647610135,1021,1061,45,0,1016,1052,73139,6,1,0,5,9
2020-07-14,US,North Carolina,Cherokee,106,2,0,35.1349263,-84.05970864,37039.0,370.47392702362646,1.8867924528301887,104,80,2,0,78,66,28383,26,0,0,26,14
2020-07-14,US,North Carolina,Chowan,39,0,0,36.12908077,-76.60118385,37041.0,279.7102488704009,0.0,39,37,0,0,37,37,14029,2,0,0,2,0
2020-07-14,US,North Carolina,Clay,18,0,0,35.05704275,-83.74353633,37043.0,160.270679369602,0.0,18,18,0,0,18,18,11139,0,0,0,0,0
2020-07-14,US,North Carolina,Cleveland,544,9,0,35.33553364,-81.55204486,37045.0,555.4024115082647,1.6544117647058822,535,528,8,0,520,519,97645,16,1,0,15,9
2020-07-14,US,North Carolina,Columbus,646,39,0,34.26744084,-78.65801424,37047.0,1163.7962095553794,6.037151702786377,607,623,39,0,584,615,55655,23,0,0,23,8
2020-07-14,US,North Carolina,Craven,470,8,0,35.11833364,-77.08398081,37049.0,460.1572367068408,1.702127659574468,462,452,8,0,444,443,102912,18,0,0,18,9
2020-07-14,US,North Carolina,Cumberland,1686,43,0,35.04762133,-78.82623165,37051.0,502.5200516230564,2.550415183867141,1643,1633,41,0,1592,1613,332330,53,2,0,51,20
2020-07-14,US,North Carolina,Currituck,32,0,0,36.36123664,-75.95876401,37053.0,115.26131902171957,0.0,32,25,0,0,25,24,27072,7,0,0,7,1
2020-07-14,US,North Carolina,Dare,124,1,0,35.66520691,-75.71767334,37055.0,335.0536356021508,0.8064516129032258,123,118,1,0,117,112,36501,6,0,0,6,6
2020-07-14,US,North Carolina,Davidson,1277,16,0,35.79115496,-80.21256572,37057.0,761.8922611554273,1.2529365700861397,1261,1263,15,0,1248,1247,166614,14,1,0,13,16
2020-07-14,US,North Carolina,Davie,273,4,0,35.93099927,-80.54496571,37059.0,637.1656630723987,1.465201465201465,269,253,4,0,249,252,42733,20,0,0,20,1
2020-07-14,US,North Carolina,Duplin,1696,33,0,34.93449805,-77.93140529,37061.0,2887.250812890485,1.9457547169811318,1663,1672,33,0,1639,1672,58856,24,0,0,24,0
2020-07-14,US,North Carolina,Durham,4655,71,0,36.03638492,-78.87608331,37063.0,1447.9545115214253,1.5252416756176157,4584,4604,70,0,4534,4499,316739,51,1,0,50,105
2020-07-14,US,North Carolina,Edgecombe,402,9,0,35.91230639,-77.59436892,37065.0,781.0071495181846,2.238805970149253,393,388,9,0,379,379,52005,14,0,0,14,9
2020-07-14,US,North Carolina,Forsyth,3785,40,0,36.12859861,-80.25459052,37067.0,990.0731110791403,1.056803170409511,3745,3731,40,0,3691,3675,379099,54,0,0,54,56
2020-07-14,US,North Carolina,Franklin,518,22,0,36.081519,-78.28708884,37069.0,743.3450527373178,4.247104247104248,496,504,21,0,483,480,67560,14,1,0,13,24
2020-07-14,US,North Carolina,Gaston,1946,16,0,35.29373559,-81.17477045,37071.0,866.7031875615178,0.8221993833504625,1930,1859,15,0,1844,1811,222846,87,1,0,86,48
2020-07-14,US,North Carolina,Gates,30,2,0,36.44667547,-76.69749701,37073.0,259.47067981318105,6.666666666666668,28,29,2,0,27,29,11573,1,0,0,1,0
2020-07-14,US,North Carolina,Graham,10,0,0,35.3506925,-83.83369267,37075.0,118.46937566639023,0.0,10,10,0,0,10,10,8484,0,0,0,0,0
2020-07-14,US,North Carolina,Granville,975,25,0,36.30337451,-78.65184241,37077.0,1613.0900186952995,2.5641025641025643,950,944,24,0,920,938,60115,31,1,0,30,6
2020-07-14,US,North Carolina,Greene,237,3,0,35.48544173,-77.67578087,37079.0,1124.8754093692157,1.2658227848101269,234,223,3,0,220,213,21012,14,0,0,14,10
2020-07-14,US,North Carolina,Guilford,3760,128,0,36.07959451,-79.78824948,37081.0,699.9594172465532,3.404255319148936,3632,3682,125,0,3557,3604,533670,78,3,0,75,78
2020-07-14,US,North Carolina,Halifax,430,4,0,36.25669272,-77.6556109,37083.0,859.8280343931214,0.9302325581395348,426,428,4,0,424,425,50574,2,0,0,2,3
2020-07-14,US,North Carolina,Harnett,804,32,0,35.36731853,-78.87243571,37085.0,591.2808142613403,3.9800995024875614,772,793,32,0,761,784,134214,11,0,0,11,9
2020-07-14,US,North Carolina,Haywood,138,0,0,35.55269063,-82.98196486,37087.0,221.44840091788762,0.0,138,128,0,0,128,127,61971,10,0,0,10,1
2020-07-14,US,North Carolina,Henderson,973,51,0,35.33788927,-82.4766782,37089.0,828.6704650944922,5.241521068859198,922,948,51,0,897,885,116748,25,0,0,25,63
2020-07-14,US,North Carolina,Hertford,181,11,0,36.3607755,-76.98104134,37091.0,764.4549562866918,6.077348066298343,170,179,10,0,169,179,23659,2,1,0,1,0
2020-07-14,US,North Carolina,Hoke,480,5,0,35.01888303,-79.23651674,37093.0,869.0299453235326,1.0416666666666667,475,467,5,0,462,458,54764,13,0,0,13,9
2020-07-14,US,North Carolina,Hyde,31,0,0,35.42017674,-76.15180542,37095.0,627.9116872594692,0.0,31,34,0,0,34,34,5230,-3,0,0,-3,0
2020-07-14,US,North Carolina,Iredell,1179,10,0,35.80950511,-80.8743128,37097.0,648.4934490610871,0.8481764206955047,1169,1138,10,0,1128,1108,178435,41,0,0,41,30
2020-07-14,US,North Carolina,Jackson,220,1,0,35.28814273,-83.14093385,37099.0,500.70553962401567,0.4545454545454545,219,206,1,0,205,198,43327,14,0,0,14,8
2020-07-14,US,North Carolina,Johnston,2160,35,0,35.51745004,-78.36622717,37101.0,1031.8192023464333,1.6203703703703705,2125,2091,35,0,2056,2044,202675,69,0,0,69,47
2020-07-14,US,North Carolina,Jones,43,3,0,35.02254606,-77.35870791,37103.0,456.52404713876206,6.9767441860465125,40,43,3,0,40,43,9637,0,0,0,0,0
2020-07-14,US,North Carolina,Lee,950,8,0,35.47623147,-79.17569362,37105.0,1537.7393612716296,0.8421052631578947,942,950,8,0,942,927,61452,0,0,0,0,23
2020-07-14,US,North Carolina,Lenoir,432,11,0,35.24032589999999,-77.64245615,37107.0,772.1317628554576,2.5462962962962963,421,427,11,0,416,427,55976,5,0,0,5,0
2020-07-14,US,North Carolina,Lincoln,450,2,0,35.48508185,-81.21740317,37109.0,522.5813194597672,0.4444444444444444,448,433,2,0,431,414,83770,17,0,0,17,19
2020-07-14,US,North Carolina,Macon,336,3,0,35.14867843,-83.41696617,37113.0,937.0293937196719,0.8928571428571429,333,328,3,0,325,323,35285,8,0,0,8,5
2020-07-14,US,North Carolina,Madison,18,0,0,35.85402722,-82.71346418,37115.0,82.73960009193289,0.0,18,18,0,0,18,17,21763,0,0,0,0,1
2020-07-14,US,North Carolina,Martin,175,6,0,35.84326734,-77.10860251,37117.0,779.8573975044562,3.4285714285714284,169,171,5,0,166,170,22671,4,1,0,3,1
2020-07-14,US,North Carolina,McDowell,332,2,0,35.67736232,-82.0482425,37111.0,725.5879010403007,0.6024096385542169,330,319,2,0,317,317,45507,13,0,0,13,2
2020-07-14,US,North Carolina,Mecklenburg,15680,163,0,35.24469268,-80.8317671,37119.0,1412.1597037346578,1.0395408163265305,15517,15319,163,0,15156,15024,1093901,361,0,0,361,295
2020-07-14,US,North Carolina,Mitchell,59,1,0,36.01059309,-82.1582442,37121.0,394.2796043838546,1.6949152542372878,58,59,0,0,59,59,15000,0,1,0,-1,0
2020-07-14,US,North Carolina,Montgomery,459,9,0,35.33155144,-79.90416657,37123.0,1689.176756339013,1.96078431372549,450,402,9,0,393,399,27271,57,0,0,57,3
2020-07-14,US,North Carolina,Moore,646,15,0,35.30885257,-79.48474178,37125.0,640.3647898493259,2.321981424148607,631,640,15,0,625,635,98682,6,0,0,6,5
2020-07-14,US,North Carolina,Nash,666,6,0,35.96575634,-77.98422508,37127.0,706.2716070330231,0.9009009009009008,660,640,6,0,634,625,94016,26,0,0,26,15
2020-07-14,US,North Carolina,New Hanover,1560,8,0,34.25758282,-77.87075626,37129.0,665.3218067751937,0.5128205128205128,1552,1484,8,0,1476,1451,232274,76,0,0,76,33
2020-07-14,US,North Carolina,Northampton,211,16,0,36.41736238,-77.39769443,37131.0,1082.9954319150027,7.582938388625592,195,211,16,0,195,211,19676,0,0,0,0,0
2020-07-14,US,North Carolina,Onslow,489,4,0,34.72607366,-77.42908179,37133.0,247.04705513847767,0.8179959100204499,485,448,4,0,444,448,197683,41,0,0,41,0
2020-07-14,US,North Carolina,Orange,1003,43,0,36.06092947,-79.12167935,37135.0,675.5300519949352,4.287138584247258,960,992,43,0,949,961,146027,11,0,0,11,31
2020-07-14,US,North Carolina,Pamlico,40,1,0,35.15253315,-76.66559823,37137.0,314.3171460003143,2.5,39,36,1,0,35,35,12670,4,0,0,4,1
2020-07-14,US,North Carolina,Pasquotank,255,17,0,36.26723798,-76.25134778,37139.0,640.3173965447971,6.666666666666668,238,244,17,0,227,243,39639,11,0,0,11,1
2020-07-14,US,North Carolina,Pender,415,2,0,34.52265624,-77.90352133,37141.0,658.1033935934031,0.4819277108433735,413,382,2,0,380,365,62162,33,0,0,33,17
2020-07-14,US,North Carolina,Perquimans,38,2,0,36.17847453,-76.40603143,37143.0,282.2550694496026,5.2631578947368425,36,39,2,0,37,39,13422,-1,0,0,-1,0
2020-07-14,US,North Carolina,Person,134,1,0,36.38989032,-78.97217358,37145.0,339.32641174981006,0.746268656716418,133,131,1,0,130,130,39507,3,0,0,3,1
2020-07-14,US,North Carolina,Pitt,986,9,0,35.59535426,-77.37353178,37147.0,545.5289860685397,0.9127789046653144,977,963,9,0,954,946,179914,23,0,0,23,17
2020-07-14,US,North Carolina,Polk,101,4,0,35.27820615,-82.16812354,37149.0,487.3576529627485,3.96039603960396,97,101,4,0,97,99,20611,0,0,0,0,2
2020-07-14,US,North Carolina,Randolph,1543,33,0,35.71015088,-79.80570339,37151.0,1074.0114292078208,2.138690861957226,1510,1512,32,0,1480,1475,143351,31,1,0,30,37
2020-07-14,US,North Carolina,Richmond,375,7,0,35.00417719,-79.74491009,37153.0,836.5120792344243,1.8666666666666667,368,373,7,0,366,365,44887,2,0,0,2,8
2020-07-14,US,North Carolina,Robeson,1708,44,0,34.64244496,-79.10250529999998,37155.0,1307.5598086124405,2.5761124121779857,1664,1638,44,0,1594,1632,131831,70,0,0,70,6
2020-07-14,US,North Carolina,Rockingham,310,2,0,36.39593137,-79.77504841,37157.0,340.62190968025493,0.6451612903225806,308,307,2,0,305,294,90690,3,0,0,3,13
2020-07-14,US,North Carolina,Rowan,1547,44,0,35.64003916,-80.52446628,37159.0,1088.761894037498,2.8442146089204914,1503,1522,44,0,1478,1499,141262,25,0,0,25,23
2020-07-14,US,North Carolina,Rutherford,415,10,0,35.40114178,-81.92112099,37161.0,619.1350012681079,2.409638554216868,405,395,10,0,385,383,66826,20,0,0,20,12
2020-07-14,US,North Carolina,Sampson,1217,7,0,34.98820368,-78.36914061,37163.0,1915.6002581416947,0.5751848808545604,1210,1198,7,0,1191,1190,63626,19,0,0,19,8
2020-07-14,US,North Carolina,Scotland,174,2,0,34.8386299,-79.4757978,37165.0,499.66975849295005,1.1494252873563218,172,170,2,0,168,166,34810,4,0,0,4,4
2020-07-14,US,North Carolina,Stanly,589,6,0,35.31647813,-80.25093221,37167.0,937.8084896347484,1.0186757215619695,583,572,5,0,567,563,62075,17,1,0,16,9
2020-07-14,US,North Carolina,Stokes,170,1,0,36.4017975,-80.23893369,37169.0,372.8806124015705,0.5882352941176471,169,169,1,0,168,168,45467,1,0,0,1,1
2020-07-14,US,North Carolina,Surry,592,3,0,36.41689489,-80.69102283,37171.0,824.7077998969115,0.5067567567567568,589,582,3,0,579,580,71948,10,0,0,10,2
2020-07-14,US,North Carolina,Swain,75,1,0,35.48665845,-83.48748932,37173.0,525.5413075467732,1.3333333333333333,74,71,1,0,70,71,14245,4,0,0,4,0
2020-07-14,US,North Carolina,Transylvania,58,1,0,35.20383864,-82.79638423,37175.0,168.67820270466777,1.7241379310344829,57,52,1,0,51,48,34215,6,0,0,6,4
2020-07-14,US,North Carolina,Tyrrell,61,1,0,35.87147226,-76.17055253,37177.0,1518.9243027888447,1.639344262295082,60,53,1,0,52,50,4131,8,0,0,8,3
2020-07-14,US,North Carolina,Union,1909,27,0,34.98960527,-80.52955873,37179.0,795.884248662756,1.4143530644316396,1882,1858,26,0,1832,1821,235908,51,1,0,50,37
2020-07-14,US,North Carolina,Vance,589,40,0,36.36880673,-78.40670845,37181.0,1322.5552935893118,6.7911714770797955,549,585,40,0,545,563,44582,4,0,0,4,22
2020-07-14,US,North Carolina,Wake,7901,76,0,35.78879266,-78.65249174,37183.0,710.6743265863797,0.961903556511834,7825,7668,71,0,7597,7447,1092305,233,5,0,228,221
2020-07-14,US,North Carolina,Warren,192,6,0,36.39728256,-78.10652228,37185.0,973.0880340580812,3.125,186,191,6,0,185,191,19807,1,0,0,1,0
2020-07-14,US,North Carolina,Washington,54,3,0,35.83810081,-76.57299037,37187.0,466.32124352331596,5.5555555555555545,51,51,3,0,48,50,11859,3,0,0,3,1
2020-07-14,US,North Carolina,Watauga,137,0,0,36.23103603,-81.70033724,37189.0,243.8720472791356,0.0,137,128,0,0,128,120,55945,9,0,0,9,8
2020-07-14,US,North Carolina,Wayne,2051,32,0,35.36438125,-78.00027268,37191.0,1665.7056305885599,1.5602145294978058,2019,2026,30,0,1996,1990,123248,25,2,0,23,36
2020-07-14,US,North Carolina,Wilkes,634,7,0,36.2084135,-81.16232895,37193.0,926.7379991814302,1.1041009463722398,627,628,7,0,621,620,68557,6,0,0,6,8
2020-07-14,US,North Carolina,Wilson,1003,27,0,35.70625477,-77.917978,37195.0,1226.146379628611,2.691924227318046,976,945,24,0,921,920,81455,58,3,0,55,25
2020-07-14,US,North Carolina,Yadkin,392,5,0,36.16222629,-80.66239436,37197.0,1040.6987548782754,1.2755102040816326,387,385,5,0,380,377,37543,7,0,0,7,8
2020-07-14,US,North Carolina,Yancey,61,0,0,35.90079156,-82.31237181,37199.0,337.5947755824893,0.0,61,60,0,0,60,59,17903,1,0,0,1,1
2020-07-14,US,North Dakota,Barnes,25,0,0,46.93579637,-98.06605978,38003.0,240.03840614498318,0.0,25,24,0,0,24,24,10542,1,0,0,1,0
2020-07-14,US,North Dakota,Benson,16,0,0,48.0683985,-99.35916363,38005.0,234.192037470726,0.0,16,16,0,0,16,16,6962,0,0,0,0,0
2020-07-14,US,North Dakota,Billings,1,0,0,47.02366884,-103.3762965,38007.0,107.75862068965515,0.0,1,1,0,0,1,1,919,0,0,0,0,0
2020-07-14,US,North Dakota,Bottineau,7,0,0,48.79106111,-100.8378166,38009.0,111.42948105698822,0.0,7,6,0,0,6,5,6411,1,0,0,1,1
2020-07-14,US,North Dakota,Bowman,1,0,0,46.11285362,-103.5203343,38011.0,33.06878306878307,0.0,1,1,0,0,1,1,3076,0,0,0,0,0
2020-07-14,US,North Dakota,Burke,7,0,0,48.79094471,-102.51821170000001,38013.0,330.9692671394799,0.0,7,7,0,0,7,7,2100,0,0,0,0,0
2020-07-14,US,North Dakota,Burleigh,469,0,0,46.97847375,-100.46452140000001,38015.0,490.45238742601373,0.0,469,466,0,0,466,444,95273,3,0,0,3,22
2020-07-14,US,North Dakota,Cass,2503,73,0,46.93201724,-97.24447190000001,38017.0,1375.8568185441093,2.9165001997602875,2430,2492,72,0,2420,2464,181516,11,1,0,10,28
2020-07-14,US,North Dakota,Cavalier,18,0,0,48.77286211,-98.46685243,38019.0,478.4688995215312,0.0,18,17,0,0,17,15,3829,1,0,0,1,2
2020-07-14,US,North Dakota,Dickey,6,0,0,46.11017712,-98.50490079999999,38021.0,123.15270935960592,0.0,6,6,0,0,6,5,4903,0,0,0,0,1
2020-07-14,US,North Dakota,Divide,1,0,0,48.814938700000006,-103.48736109999999,38023.0,44.16961130742049,0.0,1,1,0,0,1,1,2283,0,0,0,0,0
2020-07-14,US,North Dakota,Dunn,26,0,0,47.35423935,-102.61604679999999,38025.0,587.7034358047016,0.0,26,25,0,0,25,23,4332,1,0,0,1,2
2020-07-14,US,North Dakota,Eddy,5,0,0,47.71701474,-98.90432337,38027.0,218.62702229995628,0.0,5,5,0,0,5,5,2313,0,0,0,0,0
2020-07-14,US,North Dakota,Emmons,5,1,0,46.28398398,-100.2389766,38029.0,154.27337241592105,20.0,4,4,1,0,3,4,3295,1,0,0,1,0
2020-07-14,US,North Dakota,Foster,3,0,0,47.457108399999996,-98.88279923,38031.0,93.45794392523364,0.0,3,3,0,0,3,3,3216,0,0,0,0,0
2020-07-14,US,North Dakota,Golden Valley,1,0,0,46.94022281,-103.8465421,38033.0,56.785917092561036,0.0,1,,,,,,1769,,,,,
2020-07-14,US,North Dakota,Grand Forks,461,4,0,47.92093639,-97.45450447,38035.0,663.7773394191588,0.8676789587852495,457,458,4,0,454,447,70770,3,0,0,3,11
2020-07-14,US,North Dakota,Grant,4,0,0,46.35821257,-101.63900129999999,38037.0,175.9014951627089,0.0,4,4,0,0,4,3,2374,0,0,0,0,1
2020-07-14,US,North Dakota,Griggs,2,0,0,47.45785838,-98.23850925,38039.0,89.64589870013447,0.0,2,2,0,0,2,2,2232,0,0,0,0,0
2020-07-14,US,North Dakota,Hettinger,1,0,0,46.43375068,-102.4632417,38041.0,40.01600640256103,0.0,1,1,0,0,1,1,2514,0,0,0,0,0
2020-07-14,US,North Dakota,Kidder,3,0,0,46.97830064,-99.77507857,38043.0,120.96774193548387,0.0,3,3,0,0,3,3,2450,0,0,0,0,0
2020-07-14,US,North Dakota,LaMoure,14,0,0,46.45681054,-98.53542355,38045.0,346.02076124567475,0.0,14,14,0,0,14,13,4062,0,0,0,0,1
2020-07-14,US,North Dakota,Logan,1,0,0,46.45729487,-99.47719806,38047.0,54.05405405405406,0.0,1,1,0,0,1,1,1903,0,0,0,0,0
2020-07-14,US,North Dakota,McHenry,9,1,0,48.23104458,-100.6324822,38049.0,156.65796344647518,11.111111111111109,8,9,1,0,8,9,5816,0,0,0,0,0
2020-07-14,US,North Dakota,McIntosh,8,0,0,46.11182017,-99.44145858,38051.0,320.3844613536244,0.0,8,8,0,0,8,7,2585,0,0,0,0,1
2020-07-14,US,North Dakota,McKenzie,39,0,0,47.74133370000001,-103.395905,38053.0,259.58466453674123,0.0,39,38,0,0,38,33,13632,1,0,0,1,5
2020-07-14,US,North Dakota,McLean,12,0,0,47.60766714,-101.3182418,38055.0,126.984126984127,0.0,12,11,0,0,11,11,9541,1,0,0,1,0
2020-07-14,US,North Dakota,Mercer,9,0,0,47.31213126,-101.8318399,38057.0,109.93037742762917,0.0,9,9,0,0,9,9,8267,0,0,0,0,0
2020-07-14,US,North Dakota,Morton,139,2,0,46.71681782,-101.2822377,38059.0,443.1832674403775,1.4388489208633093,137,135,2,0,133,131,31095,4,0,0,4,4
2020-07-14,US,North Dakota,Mountrail,69,0,0,48.20197971,-102.3555315,38061.0,654.3385490753911,0.0,69,66,0,0,66,64,10218,3,0,0,3,2
2020-07-14,US,North Dakota,Nelson,2,0,0,47.9226426,-98.19038437,38063.0,69.46856547412295,0.0,2,2,0,0,2,2,2869,0,0,0,0,0
2020-07-14,US,North Dakota,Oliver,2,0,0,47.11530482,-101.3406158,38065.0,102.09290454313421,0.0,2,2,0,0,2,2,1952,0,0,0,0,0
2020-07-14,US,North Dakota,Pembina,15,0,0,48.76623521,-97.5523809,38067.0,220.55580061755626,0.0,15,14,0,0,14,14,6947,1,0,0,1,0
2020-07-14,US,North Dakota,Pierce,8,0,0,48.24977025,-99.96407787,38069.0,201.2578616352201,0.0,8,8,0,0,8,8,4081,0,0,0,0,0
2020-07-14,US,North Dakota,Ramsey,22,1,0,48.26886249,-98.72223879,38071.0,190.98880111120758,4.545454545454546,21,22,1,0,21,20,11481,0,0,0,0,2
2020-07-14,US,North Dakota,Ransom,21,0,0,46.45621782,-97.65742504,38073.0,402.4530471444998,0.0,21,21,0,0,21,21,5237,0,0,0,0,0
2020-07-14,US,North Dakota,Renville,7,0,0,48.71982533,-101.6603912,38075.0,300.8165019338204,0.0,7,7,0,0,7,7,2374,0,0,0,0,0
2020-07-14,US,North Dakota,Richland,47,0,0,46.26440649,-96.94852979,38077.0,290.5359460963096,0.0,47,47,0,0,47,47,16239,0,0,0,0,0
2020-07-14,US,North Dakota,Rolette,12,0,0,48.77245354,-99.84097493,38079.0,84.65011286681715,0.0,12,12,0,0,12,12,14301,0,0,0,0,0
2020-07-14,US,North Dakota,Sargent,8,0,0,46.10830372,-97.63217159,38081.0,205.2334530528476,0.0,8,8,0,0,8,8,3870,0,0,0,0,0
2020-07-14,US,North Dakota,Sheridan,2,0,0,47.57700669,-100.3426391,38083.0,152.09125475285168,0.0,2,2,0,0,2,2,1349,0,0,0,0,0
2020-07-14,US,North Dakota,Sioux,38,0,0,46.11323337,-101.04401490000001,38085.0,898.3451536643026,0.0,38,37,0,0,37,37,4358,1,0,0,1,0
2020-07-14,US,North Dakota,Slope,3,0,0,46.44737738,-103.4601547,38087.0,400.0,0.0,3,3,0,0,3,3,763,0,0,0,0,0
2020-07-14,US,North Dakota,Stark,99,3,0,46.80851182,-102.65763259999999,38089.0,314.3955031915907,3.0303030303030303,96,99,3,0,96,98,30997,0,0,0,0,1
2020-07-14,US,North Dakota,Steele,4,0,0,47.45611548,-97.72728747,38091.0,211.64021164021165,0.0,4,4,0,0,4,4,1903,0,0,0,0,0
2020-07-14,US,North Dakota,Stutsman,69,2,0,46.97962541,-98.95637318,38093.0,333.26893353941267,2.898550724637681,67,68,2,0,66,66,20917,1,0,0,1,2
2020-07-14,US,North Dakota,Towner,3,0,0,48.68565745,-99.24564265,38095.0,137.04888076747372,0.0,3,3,0,0,3,3,2192,0,0,0,0,0
2020-07-14,US,North Dakota,Traill,28,0,0,47.45367788,-97.16323288,38097.0,348.4320557491289,0.0,28,28,0,0,28,28,8037,0,0,0,0,0
2020-07-14,US,North Dakota,Walsh,60,0,0,48.36876964,-97.72574783,38099.0,563.8567803777839,0.0,60,59,0,0,59,48,10667,1,0,0,1,11
2020-07-14,US,North Dakota,Ward,76,1,0,48.22390169,-101.54367629999999,38101.0,112.35788944575035,1.3157894736842106,75,76,1,0,75,73,67744,0,0,0,0,3
2020-07-14,US,North Dakota,Wells,10,0,0,47.58614526,-99.65904998,38103.0,260.8242044861763,0.0,10,10,0,0,10,10,3957,0,0,0,0,0
2020-07-14,US,North Dakota,Williams,92,0,0,48.34522353,-103.4793387,38105.0,244.7524541754236,0.0,92,77,0,0,77,69,35350,15,0,0,15,8
2020-07-14,US,Ohio,Adams,28,2,0,38.84541072,-83.4718964,39001.0,101.09033143187234,7.142857142857142,26,28,2,0,26,26,27724,0,0,0,0,2
2020-07-14,US,Ohio,Allen,391,41,0,40.77285242,-84.10802343,39003.0,382.01873943586287,10.485933503836318,350,385,41,0,344,366,102663,6,0,0,6,19
2020-07-14,US,Ohio,Ashland,78,2,0,40.84772277,-82.27280781,39005.0,145.83800762844962,2.5641025641025643,76,69,2,0,67,68,53745,9,0,0,9,1
2020-07-14,US,Ohio,Ashtabula,452,44,0,41.70860332,-80.74830218,39007.0,464.8245081807057,9.734513274336283,408,452,44,0,408,448,97493,0,0,0,0,4
2020-07-14,US,Ohio,Athens,201,1,0,39.33425634,-82.04278644,39009.0,307.68288762686177,0.4975124378109453,200,192,1,0,191,167,65818,9,0,0,9,25
2020-07-14,US,Ohio,Auglaize,112,4,0,40.55998859,-84.22421429999999,39011.0,245.31277378657788,3.571428571428572,108,112,4,0,108,111,45804,0,0,0,0,1
2020-07-14,US,Ohio,Belmont,572,24,0,40.01625942,-80.9924051,39013.0,853.6548965764259,4.195804195804196,548,573,24,0,549,570,67505,-1,0,0,-1,3
2020-07-14,US,Ohio,Brown,62,1,0,38.93416837,-83.86788395,39015.0,142.7518880088414,1.6129032258064515,61,62,1,0,61,63,43602,0,0,0,0,-1
2020-07-14,US,Ohio,Butler,1942,47,0,39.44012838,-84.57388716,39017.0,506.8722692321745,2.4201853759011334,1895,1897,47,0,1850,1863,382378,45,0,0,45,34
2020-07-14,US,Ohio,Carroll,71,3,0,40.5789686,-81.09178213,39019.0,263.8032250873151,4.225352112676056,68,71,3,0,68,70,27081,0,0,0,0,1
2020-07-14,US,Ohio,Champaign,60,1,0,40.13923427,-83.76875242,39021.0,154.3011444001543,1.6666666666666667,59,57,1,0,56,55,38754,3,0,0,3,2
2020-07-14,US,Ohio,Clark,832,10,0,39.91592258,-83.78498252,39023.0,620.5111759134268,1.2019230769230769,822,820,10,0,810,816,134585,12,0,0,12,4
2020-07-14,US,Ohio,Clermont,532,7,0,39.04847534,-84.15375786,39025.0,257.7169763791734,1.3157894736842106,525,515,7,0,508,497,205466,17,0,0,17,18
2020-07-14,US,Ohio,Clinton,92,2,0,39.41485808,-83.80852286,39027.0,219.21463972550515,2.1739130434782608,90,91,2,0,89,89,42057,1,0,0,1,2
2020-07-14,US,Ohio,Columbiana,1405,60,0,40.76932373,-80.78094576,39029.0,1379.0328121472671,4.270462633451957,1345,1395,60,0,1335,1385,102665,10,0,0,10,10
2020-07-14,US,Ohio,Coshocton,155,4,0,40.30096166,-81.91729018,39031.0,423.4972677595628,2.5806451612903225,151,143,4,0,139,142,36629,12,0,0,12,1
2020-07-14,US,Ohio,Crawford,140,5,0,40.85065156,-82.91989099,39033.0,337.39817804983846,3.571428571428572,135,140,5,0,135,141,41550,0,0,0,0,-1
2020-07-14,US,Ohio,Cuyahoga,9509,400,0,41.424119,-81.65918339,39035.0,769.9146284589078,4.2065411715217165,9109,9359,399,0,8960,9208,1243857,150,1,0,149,151
2020-07-14,US,Ohio,Darke,261,26,0,40.13412966,-84.6194517,39037.0,510.6333026822922,9.961685823754788,235,261,26,0,235,259,51323,0,0,0,0,2
2020-07-14,US,Ohio,Defiance,56,3,0,41.32398837,-84.49076944,39039.0,147.0317956258041,5.357142857142857,53,55,3,0,52,54,38165,1,0,0,1,1
2020-07-14,US,Ohio,Delaware,784,15,0,40.27942393,-83.00457058,39041.0,374.8022010068029,1.913265306122449,769,763,15,0,748,724,204826,21,0,0,21,39
2020-07-14,US,Ohio,Erie,308,22,0,41.36796058,-82.62904521,39043.0,414.7254463684593,7.142857142857142,286,301,22,0,279,286,74615,7,0,0,7,15
2020-07-14,US,Ohio,Fairfield,751,17,0,39.75107189,-82.63088163,39045.0,476.6014697856245,2.2636484687083893,734,719,17,0,702,692,155782,32,0,0,32,27
2020-07-14,US,Ohio,Fayette,58,0,0,39.56021306,-83.4562016,39047.0,203.33041191936897,0.0,58,58,0,0,58,55,28666,0,0,0,0,3
2020-07-14,US,Ohio,Franklin,12574,449,0,39.96995815,-83.01115755,39049.0,954.9225520901367,3.5708605058056313,12125,12301,449,0,11852,12035,1310300,273,0,0,273,266
2020-07-14,US,Ohio,Fulton,71,0,0,41.60213491,-84.12571393,39051.0,168.5419930684138,0.0,71,68,0,0,68,67,42276,3,0,0,3,1
2020-07-14,US,Ohio,Gallia,21,1,0,38.82708533,-82.31647569,39053.0,70.23881196066627,4.761904761904762,20,21,1,0,20,21,29979,0,0,0,0,0
2020-07-14,US,Ohio,Geauga,436,43,0,41.49952319,-81.17935342,39055.0,465.5682388493203,9.862385321100918,393,431,43,0,388,428,94031,5,0,0,5,3
2020-07-14,US,Ohio,Greene,380,9,0,39.69116283,-83.89032084,39057.0,224.93592285881718,2.3684210526315788,371,365,9,0,356,346,167995,15,0,0,15,19
2020-07-14,US,Ohio,Guernsey,83,4,0,40.05026529,-81.49248905,39059.0,213.5048231511254,4.819277108433735,79,82,4,0,78,81,39022,1,0,0,1,1
2020-07-14,US,Ohio,Hamilton,7179,208,0,39.19673558,-84.54502924,39061.0,878.1941421918523,2.8973394623206574,6971,7046,208,0,6838,6950,816684,133,0,0,133,96
2020-07-14,US,Ohio,Hancock,92,1,0,41.00250487,-83.66838948,39063.0,121.39925840887798,1.0869565217391304,91,87,1,0,86,86,75930,5,0,0,5,1
2020-07-14,US,Ohio,Hardin,125,12,0,40.66015414,-83.65929931,39065.0,398.5333970986769,9.6,113,125,12,0,113,123,31480,0,0,0,0,2
2020-07-14,US,Ohio,Harrison,13,1,0,40.29380509,-81.09068544,39067.0,86.43617021276596,7.6923076923076925,12,13,1,0,12,14,15174,0,0,0,0,-1
2020-07-14,US,Ohio,Henry,38,0,0,41.3339642,-84.06830637,39069.0,140.70947196919204,0.0,38,37,0,0,37,35,27086,1,0,0,1,2
2020-07-14,US,Ohio,Highland,58,1,0,39.1839264,-83.60331456,39071.0,134.380575056185,1.7241379310344829,57,58,1,0,57,53,43058,0,0,0,0,5
2020-07-14,US,Ohio,Hocking,84,8,0,39.49537927,-82.47991446,39073.0,297.19784885366545,9.523809523809524,76,83,9,0,74,81,28385,1,-1,0,2,2
2020-07-14,US,Ohio,Holmes,264,5,0,40.56163713,-81.92635677,39075.0,600.5459508644223,1.893939393939394,259,262,5,0,257,261,43892,2,0,0,2,1
2020-07-14,US,Ohio,Huron,264,3,0,41.14651175,-82.59867951,39077.0,453.0944289980434,1.1363636363636365,261,260,2,0,258,247,58504,4,1,0,3,13
2020-07-14,US,Ohio,Jackson,32,0,0,39.01914254,-82.61818559999998,39079.0,98.72581988708237,0.0,32,31,0,0,31,30,32384,1,0,0,1,1
2020-07-14,US,Ohio,Jefferson,132,2,0,40.38614126,-80.76259514,39081.0,202.06659012629163,1.5151515151515151,130,127,2,0,125,115,65767,5,0,0,5,12
2020-07-14,US,Ohio,Knox,59,1,0,40.39830217,-82.42027563,39083.0,94.66961907512596,1.6949152542372878,58,57,1,0,56,55,61893,2,0,0,2,2
2020-07-14,US,Ohio,Lake,643,22,0,41.69710807,-81.23676539,39085.0,279.3842250020639,3.421461897356143,621,627,23,0,604,609,230514,16,-1,0,17,18
2020-07-14,US,Ohio,Lawrence,93,0,0,38.59743452,-82.53466552,39087.0,156.3997780132183,0.0,93,92,0,0,92,86,59866,1,0,0,1,6
2020-07-14,US,Ohio,Licking,619,13,0,40.09136236,-82.48185785,39089.0,349.9903879861135,2.10016155088853,606,600,12,0,588,583,175769,19,1,0,18,17
2020-07-14,US,Ohio,Logan,73,1,0,40.38996525,-83.76784341,39091.0,159.83534769661938,1.3698630136986298,72,71,1,0,70,71,45358,2,0,0,2,0
2020-07-14,US,Ohio,Lorain,1208,70,0,41.29553751,-82.15083537,39093.0,389.8874555002211,5.794701986754967,1138,1189,70,0,1119,1152,309461,19,0,0,19,37
2020-07-14,US,Ohio,Lucas,3110,306,0,41.62101218,-83.65468618,39095.0,726.0451782195786,9.839228295819936,2804,3079,306,0,2773,3007,429899,31,0,0,31,72
2020-07-14,US,Ohio,Madison,230,9,0,39.89381073,-83.40178317,39097.0,514.1847935436275,3.9130434782608696,221,225,9,0,216,222,44413,5,0,0,5,3
2020-07-14,US,Ohio,Mahoning,1996,239,0,41.01631101,-80.77287029,39099.0,872.8239528080354,11.973947895791586,1757,1971,239,0,1732,1948,229642,25,0,0,25,23
2020-07-14,US,Ohio,Marion,2757,39,0,40.58610662,-83.15736305,39101.0,4235.478469267047,1.4145810663764962,2718,2755,39,0,2716,2748,65256,2,0,0,2,7
2020-07-14,US,Ohio,Medina,614,32,0,41.11770589,-81.89986209999998,39103.0,341.593136982186,5.2117263843648205,582,599,32,0,567,589,179146,15,0,0,15,10
2020-07-14,US,Ohio,Meigs,13,0,0,39.09224872,-82.0305041,39105.0,56.75121142008993,0.0,13,13,0,0,13,13,23106,0,0,0,0,0
2020-07-14,US,Ohio,Mercer,304,10,0,40.54043046,-84.62912742,39107.0,738.3658797240843,3.2894736842105265,294,304,10,0,294,302,40959,0,0,0,0,2
2020-07-14,US,Ohio,Miami,520,31,0,40.0543329,-84.22871271,39109.0,486.04036004374365,5.961538461538463,489,514,31,0,483,510,106222,6,0,0,6,4
2020-07-14,US,Ohio,Monroe,89,17,0,39.72984936,-81.08464734,39111.0,651.8236414237588,19.101123595505623,72,89,17,0,72,89,13790,0,0,0,0,0
2020-07-14,US,Ohio,Montgomery,2647,37,0,39.75394919,-84.29050975,39113.0,497.84929855347224,1.3978088401964488,2610,2579,36,0,2543,2513,532331,68,1,0,67,66
2020-07-14,US,Ohio,Morgan,13,0,0,39.62081738,-81.85308173,39115.0,89.60573476702507,0.0,13,12,0,0,12,11,14604,1,0,0,1,1
2020-07-14,US,Ohio,Morrow,129,1,0,40.52363560000001,-82.7892599,39117.0,365.1494565217391,0.7751937984496124,128,127,1,0,126,121,35112,2,0,0,2,6
2020-07-14,US,Ohio,Muskingum,106,1,0,39.96575964,-81.94363275,39119.0,122.94844284637243,0.9433962264150944,105,106,1,0,105,104,86183,0,0,0,0,2
2020-07-14,US,Ohio,Noble,14,0,0,39.76818851,-81.45937183,39121.0,97.06045479755964,0.0,14,14,0,0,14,14,14354,0,0,0,0,0
2020-07-14,US,Ohio,Ottawa,219,24,0,41.53781826,-83.0940185,39123.0,540.407156076496,10.958904109589039,195,217,24,0,193,193,40769,2,0,0,2,24
2020-07-14,US,Ohio,Paulding,35,0,0,41.11676341,-84.5801017,39125.0,187.4464438731791,0.0,35,34,0,0,34,32,18760,1,0,0,1,2
2020-07-14,US,Ohio,Perry,50,1,0,39.73508655,-82.23804971,39127.0,138.37383074113023,2.0,49,48,1,0,47,46,36033,2,0,0,2,2
2020-07-14,US,Ohio,Pickaway,2235,42,0,39.64170392,-83.0243386,39129.0,3823.3231264006013,1.8791946308724832,2193,2229,42,0,2187,2227,58086,6,0,0,6,2
2020-07-14,US,Ohio,Pike,29,0,0,39.07634001,-83.06769584,39131.0,104.42171971770128,0.0,29,29,0,0,29,29,28067,0,0,0,0,0
2020-07-14,US,Ohio,Portage,507,60,0,41.16793482,-81.19735782,39133.0,312.06529366144304,11.83431952662722,447,509,60,0,449,502,162927,-2,0,0,-2,7
2020-07-14,US,Ohio,Preble,96,1,0,39.7420247,-84.64787018,39135.0,234.82217112665717,1.0416666666666667,95,96,1,0,95,91,40997,0,0,0,0,5
2020-07-14,US,Ohio,Putnam,146,15,0,41.02094889,-84.1336111,39137.0,431.1745075455538,10.273972602739725,131,145,15,0,130,142,33780,1,0,0,1,3
2020-07-14,US,Ohio,Richland,392,6,0,40.77180308,-82.53799609999999,39139.0,323.55514469187983,1.5306122448979589,386,390,6,0,384,378,121099,2,0,0,2,12
2020-07-14,US,Ohio,Ross,154,3,0,39.33705391,-83.06000914,39141.0,200.87131192445148,1.9480519480519483,151,150,3,0,147,148,76931,4,0,0,4,2
2020-07-14,US,Ohio,Sandusky,180,15,0,41.35624126,-83.137872,39143.0,307.5976622577668,8.333333333333334,165,176,15,0,161,169,58799,4,0,0,4,7
2020-07-14,US,Ohio,Scioto,80,0,0,38.80270163,-82.98907345,39145.0,106.22195076612579,0.0,80,77,0,0,77,71,75502,3,0,0,3,6
2020-07-14,US,Ohio,Seneca,43,2,0,41.12351311,-83.12783209,39147.0,77.92960962702526,4.651162790697675,41,44,2,0,42,41,55207,-1,0,0,-1,3
2020-07-14,US,Ohio,Shelby,78,4,0,40.33163494,-84.20258189,39149.0,160.52685737806132,5.128205128205129,74,77,4,0,73,75,48627,1,0,0,1,2
2020-07-14,US,Ohio,Stark,1252,116,0,40.81482476,-81.36437305,39151.0,337.8250756868481,9.26517571884984,1136,1244,116,0,1128,1225,371574,8,0,0,8,19
2020-07-14,US,Ohio,Summit,2420,209,0,41.12464734,-81.53123079,39153.0,447.3090295427282,8.636363636363637,2211,2382,209,0,2173,2351,541918,38,0,0,38,31
2020-07-14,US,Ohio,Trumbull,1071,78,0,41.31735028,-80.76109643,39155.0,540.9801287037692,7.282913165266106,993,1066,78,0,988,1053,198627,5,0,0,5,13
2020-07-14,US,Ohio,Tuscarawas,628,11,0,40.44214695,-81.47226262,39157.0,682.705164860252,1.751592356687898,617,621,10,0,611,609,92176,7,1,0,6,12
2020-07-14,US,Ohio,Union,119,1,0,40.30016061,-83.37239023,39159.0,201.73594629416152,0.8403361344537815,118,115,1,0,114,102,57835,4,0,0,4,13
2020-07-14,US,Ohio,Van Wert,50,1,0,40.8554138,-84.59111700000003,39161.0,176.8346595932803,2.0,49,49,1,0,48,49,28281,1,0,0,1,0
2020-07-14,US,Ohio,Vinton,23,2,0,39.25208988,-82.4831444,39163.0,175.7737867787543,8.695652173913043,21,23,2,0,21,23,13139,0,0,0,0,0
2020-07-14,US,Ohio,Warren,1068,27,0,39.42581994,-84.16557457,39165.0,455.2390857707948,2.5280898876404496,1041,1018,26,0,992,1009,232173,50,1,0,49,9
2020-07-14,US,Ohio,Washington,149,20,0,39.45690571,-81.49121382,39167.0,248.70224165846005,13.422818791946307,129,147,20,0,127,146,60155,2,0,0,2,1
2020-07-14,US,Ohio,Wayne,378,56,0,40.82925852,-81.88844833,39169.0,326.67876588021784,14.814814814814815,322,376,55,0,321,373,115967,2,1,0,1,3
2020-07-14,US,Ohio,Williams,77,2,0,41.56052014,-84.58429552,39171.0,209.8550092663251,2.5974025974025974,75,77,2,0,75,76,36804,0,0,0,0,1
2020-07-14,US,Ohio,Wood,515,51,0,41.36224827,-83.62285108,39173.0,393.67972052561976,9.902912621359222,464,510,51,0,459,494,130696,5,0,0,5,16
2020-07-14,US,Ohio,Wyandot,66,5,0,40.84339621,-83.30734173,39175.0,303.14164982546384,7.575757575757576,61,66,5,0,61,63,21935,0,0,0,0,3
2020-07-14,US,Oklahoma,Adair,144,4,0,35.88494195,-94.65859267,40001.0,648.8240064882401,2.7777777777777777,140,137,4,0,133,137,22082,7,0,0,7,0
2020-07-14,US,Oklahoma,Alfalfa,1,0,0,36.73090616,-98.32408495,40003.0,17.5377060680463,0.0,1,1,0,0,1,1,5754,0,0,0,0,0
2020-07-14,US,Oklahoma,Atoka,42,0,0,34.37366573,-96.03802487,40005.0,305.27692978630614,0.0,42,34,0,0,34,34,13838,8,0,0,8,0
2020-07-14,US,Oklahoma,Beaver,32,0,0,36.7496847,-100.4758872,40007.0,602.5230653360949,0.0,32,32,0,0,32,32,5319,0,0,0,0,0
2020-07-14,US,Oklahoma,Beckham,22,0,0,35.26862449,-99.68128023,40009.0,100.64504323162085,0.0,22,22,0,0,22,19,21709,0,0,0,0,3
2020-07-14,US,Oklahoma,Blaine,22,0,0,35.87518314,-98.43307003,40011.0,233.32272775479905,0.0,22,22,0,0,22,22,9485,0,0,0,0,0
2020-07-14,US,Oklahoma,Bryan,190,1,0,33.96472458,-96.25903472,40013.0,395.8745702677362,0.5263157894736842,189,184,1,0,183,183,47192,6,0,0,6,1
2020-07-14,US,Oklahoma,Caddo,210,11,0,35.17364557,-98.37534464,40015.0,730.130032682011,5.238095238095238,199,208,11,0,197,206,28977,2,0,0,2,2
2020-07-14,US,Oklahoma,Canadian,543,3,0,35.5426055,-97.98465569,40017.0,366.13488328186315,0.5524861878453039,540,519,3,0,516,502,144447,24,0,0,24,17
2020-07-14,US,Oklahoma,Carter,186,2,0,34.25103751,-97.28552485,40019.0,386.6059736858515,1.075268817204301,184,182,2,0,180,182,48177,4,0,0,4,0
2020-07-14,US,Oklahoma,Cherokee,131,1,0,35.90692775,-94.99980896,40021.0,269.23155969336375,0.7633587786259542,130,121,1,0,120,120,48675,10,0,0,10,1
2020-07-14,US,Oklahoma,Choctaw,128,1,0,34.02807439,-95.54771129,40023.0,872.4100327153762,0.78125,127,126,1,0,125,122,14668,2,0,0,2,4
2020-07-14,US,Oklahoma,Cimarron,1,0,0,36.74817177,-102.5173885,40025.0,46.79457182966776,0.0,1,1,0,0,1,1,2153,0,0,0,0,0
2020-07-14,US,Oklahoma,Cleveland,1448,40,0,35.20413532,-97.32519562,40027.0,509.83402226650804,2.7624309392265194,1408,1348,40,0,1308,1319,281669,100,0,0,100,29
2020-07-14,US,Oklahoma,Coal,12,0,0,34.58840127,-96.29798747,40029.0,218.3803457688808,0.0,12,11,0,0,11,10,5520,1,0,0,1,1
2020-07-14,US,Oklahoma,Comanche,517,9,0,34.65973764,-98.47195055,40031.0,428.16089574240783,1.7408123791102514,508,502,9,0,493,498,120422,15,0,0,15,4
2020-07-14,US,Oklahoma,Cotton,12,2,0,34.28845626,-98.37053567,40033.0,211.7896223085069,16.666666666666668,10,11,2,0,9,11,5776,1,0,0,1,0
2020-07-14,US,Oklahoma,Craig,27,0,0,36.76268118,-95.20916602,40035.0,190.92066185829444,0.0,27,27,0,0,27,27,14306,0,0,0,0,0
2020-07-14,US,Oklahoma,Creek,223,8,0,35.90230551,-96.37086028,40037.0,311.7921758340092,3.5874439461883414,215,217,8,0,209,212,71604,6,0,0,6,5
2020-07-14,US,Oklahoma,Custer,85,0,0,35.63853802,-99.00170785,40039.0,293.0731303658242,0.0,85,78,0,0,78,78,29036,7,0,0,7,0
2020-07-14,US,Oklahoma,Delaware,261,17,0,36.40823634,-94.80325046,40041.0,606.8497291264619,6.5134099616858245,244,244,17,0,227,242,42733,17,0,0,17,2
2020-07-14,US,Oklahoma,Dewey,4,0,0,35.98772922,-99.00730714,40043.0,81.78286648947045,0.0,4,4,0,0,4,4,4894,0,0,0,0,0
2020-07-14,US,Oklahoma,Ellis,2,0,0,36.218019399999996,-99.75324573,40045.0,51.82689816014511,0.0,2,2,0,0,2,2,3952,0,0,0,0,0
2020-07-14,US,Oklahoma,Garfield,132,2,0,36.3791334,-97.78265517,40047.0,216.19496855345912,1.5151515151515151,130,108,2,0,106,104,60913,24,0,0,24,4
2020-07-14,US,Oklahoma,Garvin,133,3,0,34.70418038,-97.30811132,40049.0,479.953808956732,2.255639097744361,130,123,3,0,120,122,27811,10,0,0,10,1
2020-07-14,US,Oklahoma,Grady,254,5,0,35.0167709,-97.88339847,40051.0,454.91994125443284,1.9685039370078738,249,241,5,0,236,241,55551,13,0,0,13,0
2020-07-14,US,Oklahoma,Grant,3,0,0,36.796296999999996,-97.78638765,40053.0,69.23609508423725,0.0,3,3,0,0,3,2,4326,0,0,0,0,1
2020-07-14,US,Oklahoma,Greer,69,7,0,34.93535801,-99.56056120000001,40055.0,1207.9831932773109,10.144927536231883,62,68,7,0,61,68,5821,1,0,0,1,0
2020-07-14,US,Oklahoma,Harmon,3,0,0,34.7440135,-99.84741652,40057.0,113.07953260459855,0.0,3,3,0,0,3,3,2664,0,0,0,0,0
2020-07-14,US,Oklahoma,Harper,2,0,0,36.78836519,-99.6679804,40059.0,54.2299349240781,0.0,2,1,0,0,1,1,3797,1,0,0,1,0
2020-07-14,US,Oklahoma,Haskell,17,0,0,35.22257600000001,-95.11513306,40061.0,134.632137483171,0.0,17,16,0,0,16,16,12668,1,0,0,1,0
2020-07-14,US,Oklahoma,Hughes,15,0,0,35.04912569,-96.24921145,40063.0,112.96031327660215,0.0,15,14,0,0,14,14,13335,1,0,0,1,0
2020-07-14,US,Oklahoma,Jackson,72,3,0,34.58781741,-99.41138784,40065.0,293.5181410517733,4.166666666666667,69,57,3,0,54,57,24949,15,0,0,15,0
2020-07-14,US,Oklahoma,Jefferson,18,0,0,34.11130184,-97.83182974,40067.0,299.9000333222258,0.0,18,17,0,0,17,16,6123,1,0,0,1,1
2020-07-14,US,Oklahoma,Johnston,18,0,0,34.31440473,-96.66011537,40069.0,162.3815967523681,0.0,18,17,0,0,17,16,10949,1,0,0,1,1
2020-07-14,US,Oklahoma,Kay,129,8,0,36.81799745,-97.14421435,40071.0,296.2928935642427,6.2015503875969005,121,126,8,0,118,124,44161,3,0,0,3,2
2020-07-14,US,Oklahoma,Kingfisher,50,0,0,35.94530008,-97.94193268,40073.0,317.1582619727244,0.0,50,46,0,0,46,46,15816,4,0,0,4,0
2020-07-14,US,Oklahoma,Kiowa,17,1,0,34.91671958,-98.97720696,40075.0,195.22278364722087,5.882352941176472,16,17,1,0,16,16,8729,0,0,0,0,1
2020-07-14,US,Oklahoma,Latimer,22,1,0,34.87844729,-95.25215049,40077.0,218.4056388364936,4.545454545454546,21,20,1,0,19,20,10231,2,0,0,2,0
2020-07-14,US,Oklahoma,Le Flore,63,1,0,34.89851864,-94.70392124,40079.0,126.37153230497664,1.5873015873015872,62,61,1,0,60,57,49980,2,0,0,2,4
2020-07-14,US,Oklahoma,Lincoln,47,2,0,35.70270942,-96.8812462,40081.0,134.75929695788057,4.25531914893617,45,46,2,0,44,44,34920,1,0,0,1,2
2020-07-14,US,Oklahoma,Logan,101,1,0,35.91899576,-97.44352845,40083.0,210.36845722855182,0.99009900990099,100,98,1,0,97,98,47291,3,0,0,3,0
2020-07-14,US,Oklahoma,Love,48,0,0,33.95273467,-97.23906784,40085.0,468.1556617575344,0.0,48,46,0,0,46,46,10134,2,0,0,2,0
2020-07-14,US,Oklahoma,Major,15,1,0,36.31149996,-98.53467076,40093.0,196.61816751867872,6.666666666666668,14,14,1,0,13,14,7644,1,0,0,1,0
2020-07-14,US,Oklahoma,Marshall,47,0,0,34.02311222,-96.76855464,40095.0,277.59730671549227,0.0,47,43,0,0,43,43,16806,4,0,0,4,0
2020-07-14,US,Oklahoma,Mayes,139,5,0,36.30179091,-95.23175116,40097.0,338.1995133819952,3.5971223021582728,134,122,5,0,117,122,41107,17,0,0,17,0
2020-07-14,US,Oklahoma,McClain,261,4,0,35.01123903,-97.44572302,40087.0,644.8584276325543,1.5325670498084292,257,241,4,0,237,238,39985,20,0,0,20,3
2020-07-14,US,Oklahoma,McCurtain,631,12,0,34.11664328,-94.77222373,40089.0,1921.9054580896689,1.901743264659271,619,622,11,0,611,610,32703,9,1,0,8,12
2020-07-14,US,Oklahoma,McIntosh,88,1,0,35.37235506,-95.66599306,40091.0,449.07123902837316,1.1363636363636365,87,87,1,0,86,86,19815,1,0,0,1,1
2020-07-14,US,Oklahoma,Murray,25,0,0,34.48116015,-97.06826283,40099.0,177.64513607617425,0.0,25,25,0,0,25,25,13953,0,0,0,0,0
2020-07-14,US,Oklahoma,Muskogee,216,14,0,35.61318461,-95.37802952,40101.0,317.6610732826448,6.481481481481483,202,200,14,0,186,196,68362,16,0,0,16,4
2020-07-14,US,Oklahoma,Noble,53,1,0,36.38953329,-97.22928674,40103.0,476.1476956248316,1.8867924528301887,52,53,1,0,52,52,11289,0,0,0,0,1
2020-07-14,US,Oklahoma,Nowata,39,1,0,36.79843529,-95.61902331,40105.0,387.05835649067086,2.5641025641025643,38,38,1,0,37,38,10218,1,0,0,1,0
2020-07-14,US,Oklahoma,Okfuskee,20,0,0,35.46485198,-96.32639984,40107.0,166.76394563495373,0.0,20,19,0,0,19,19,12098,1,0,0,1,0
2020-07-14,US,Oklahoma,Oklahoma,5259,75,0,35.55140095,-97.40716948,40109.0,659.4903151859588,1.426126640045636,5184,4986,74,0,4912,4802,792582,273,1,0,272,184
2020-07-14,US,Oklahoma,Okmulgee,186,0,0,35.64661916,-95.96432828,40111.0,483.5564799168074,0.0,186,157,0,0,157,151,38335,29,0,0,29,6
2020-07-14,US,Oklahoma,Osage,221,8,0,36.62888819,-96.39635704,40113.0,470.58322509209376,3.619909502262444,213,218,8,0,210,215,47014,3,0,0,3,3
2020-07-14,US,Oklahoma,Ottawa,183,2,0,36.83532655,-94.81011909,40115.0,587.9140296205866,1.0928961748633879,181,157,2,0,155,148,31175,26,0,0,26,9
2020-07-14,US,Oklahoma,Pawnee,73,3,0,36.31743373,-96.70331759999999,40117.0,445.7743038593063,4.109589041095891,70,71,3,0,68,70,16390,2,0,0,2,1
2020-07-14,US,Oklahoma,Payne,484,2,0,36.07695283,-96.97584944,40119.0,591.802797613225,0.4132231404958678,482,481,2,0,479,480,82040,3,0,0,3,1
2020-07-14,US,Oklahoma,Pittsburg,81,3,0,34.92065823,-95.75134320000001,40121.0,185.55000687222247,3.703703703703704,78,76,3,0,73,71,43877,5,0,0,5,5
2020-07-14,US,Oklahoma,Pontotoc,82,2,0,34.72959848,-96.68337199,40123.0,214.1886950161948,2.4390243902439024,80,72,2,0,70,70,38247,10,0,0,10,2
2020-07-14,US,Oklahoma,Pottawatomie,172,4,0,35.20614018,-96.94923008,40125.0,236.9407097200793,2.3255813953488373,168,159,4,0,155,158,72679,13,0,0,13,1
2020-07-14,US,Oklahoma,Pushmataha,31,0,0,34.41635232,-95.37603505,40127.0,279.379956741168,0.0,31,25,0,0,25,25,11179,6,0,0,6,0
2020-07-14,US,Oklahoma,Roger Mills,1,0,0,35.68711719,-99.69666167,40129.0,27.909572983533355,0.0,1,1,0,0,1,1,3656,0,0,0,0,0
2020-07-14,US,Oklahoma,Rogers,359,7,0,36.37004357,-95.60406759,40131.0,388.2802106879806,1.9498607242339836,352,342,7,0,335,331,91984,17,0,0,17,11
2020-07-14,US,Oklahoma,Seminole,78,3,0,35.16478725,-96.61686741,40133.0,321.54340836012864,3.8461538461538463,75,72,3,0,69,70,24578,6,0,0,6,2
2020-07-14,US,Oklahoma,Sequoyah,70,3,0,35.49447108,-94.75463785,40135.0,168.39471721715705,4.285714285714286,67,65,3,0,62,63,41179,5,0,0,5,2
2020-07-14,US,Oklahoma,Stephens,89,1,0,34.48556989,-97.85141892,40137.0,206.29070764666344,1.1235955056179776,88,83,1,0,82,82,43265,6,0,0,6,1
2020-07-14,US,Oklahoma,Texas,1006,6,0,36.74777635,-101.4889765,40139.0,5034.279137266677,0.5964214711729622,1000,1006,6,0,1000,1005,20455,0,0,0,0,1
2020-07-14,US,Oklahoma,Tillman,26,1,0,34.37288446,-98.92426619,40141.0,358.62068965517244,3.8461538461538463,25,26,1,0,25,26,7348,0,0,0,0,0
2020-07-14,US,Oklahoma,Tulsa,5448,78,0,36.11939621,-95.94013939,40143.0,836.15735965817,1.4317180616740088,5370,5267,76,0,5191,5099,648360,181,2,0,179,168
2020-07-14,US,Oklahoma,Wagoner,400,19,0,35.96024096,-95.51911308,40145.0,492.07149798865777,4.75,381,376,19,0,357,370,80110,24,0,0,24,6
2020-07-14,US,Oklahoma,Washington,465,39,0,36.71380786,-95.90514104,40147.0,902.4394977390492,8.387096774193548,426,449,39,0,410,448,51843,16,0,0,16,1
2020-07-14,US,Oklahoma,Washita,10,0,0,35.29071824,-98.99180434,40149.0,91.60864785635763,0.0,10,8,0,0,8,8,11127,2,0,0,2,0
2020-07-14,US,Oklahoma,Woods,11,0,0,36.76705782,-98.86573064,40151.0,125.09951097463892,0.0,11,9,0,0,9,9,8897,2,0,0,2,0
2020-07-14,US,Oklahoma,Woodward,15,0,0,36.42316318,-99.26283045,40153.0,74.2170105388155,0.0,15,15,0,0,15,15,20222,0,0,0,0,0
2020-07-14,US,Oregon,Baker,12,0,0,44.70915557,-117.6749883,41001.0,74.42322004465395,0.0,12,12,0,0,12,12,16006,0,0,0,0,0
2020-07-14,US,Oregon,Benton,116,6,0,44.49167306,-123.4316987,41003.0,124.66013992026049,5.172413793103448,110,115,6,0,109,114,92101,1,0,0,1,1
2020-07-14,US,Oregon,Clackamas,1027,29,0,45.18787398,-122.2179634,41005.0,245.5839134167251,2.823758519961052,998,1006,28,0,978,987,416075,21,1,0,20,19
2020-07-14,US,Oregon,Clatsop,56,0,0,45.99712889,-123.660711,41007.0,139.2203659506762,0.0,56,55,0,0,55,55,39764,1,0,0,1,0
2020-07-14,US,Oregon,Columbia,57,0,0,45.94464254,-123.08908980000001,41009.0,108.87420254421819,0.0,57,54,0,0,54,48,52377,3,0,0,3,6
2020-07-14,US,Oregon,Coos,55,0,0,43.17406868,-124.0594514,41011.0,85.28850776125421,0.0,55,54,0,0,54,53,64389,1,0,0,1,1
2020-07-14,US,Oregon,Crook,19,1,0,44.14230227,-120.356297,41013.0,77.85608916571054,5.2631578947368425,18,18,1,0,17,18,23867,1,0,0,1,0
2020-07-14,US,Oregon,Curry,9,0,0,42.45911325,-124.15728200000001,41015.0,39.25845147219193,0.0,9,9,0,0,9,9,22813,0,0,0,0,0
2020-07-14,US,Oregon,Deschutes,276,0,0,43.91570171,-121.2289121,41017.0,139.61111223519413,0.0,276,268,0,0,268,268,191996,8,0,0,8,0
2020-07-14,US,Oregon,Douglas,66,0,0,43.27941273,-123.16729099999999,41019.0,59.4701748062714,0.0,66,64,0,0,64,64,110283,2,0,0,2,0
2020-07-14,US,Oregon,Gilliam,2,0,0,45.37160076,-120.20488689999999,41021.0,104.60251046025104,0.0,2,2,0,0,2,1,1894,0,0,0,0,1
2020-07-14,US,Oregon,Grant,1,0,0,44.49024544,-119.0068631,41023.0,13.890818169190164,0.0,1,1,0,0,1,1,7176,0,0,0,0,0
2020-07-14,US,Oregon,Harney,2,0,0,43.06422669,-118.96663059999999,41025.0,27.052617340727714,0.0,2,2,0,0,2,2,7329,0,0,0,0,0
2020-07-14,US,Oregon,Hood River,109,0,0,45.51872811,-121.65520359999998,41027.0,466.17055854931135,0.0,109,106,0,0,106,105,23428,3,0,0,3,1
2020-07-14,US,Oregon,Jackson,187,0,0,42.43201126,-122.72893090000001,41029.0,84.63683105221233,0.0,187,181,0,0,181,179,219564,6,0,0,6,2
2020-07-14,US,Oregon,Jefferson,169,0,0,44.62806839,-121.17832,41031.0,685.3759428988564,0.0,169,168,0,0,168,168,24192,1,0,0,1,0
2020-07-14,US,Oregon,Josephine,64,1,0,42.3665549,-123.5561938,41033.0,73.15372569638917,1.5625,63,57,1,0,56,57,87393,7,0,0,7,0
2020-07-14,US,Oregon,Klamath,140,1,0,42.68762984,-121.64964609999998,41035.0,205.16427796828742,0.7142857142857143,139,138,1,0,137,137,67653,2,0,0,2,1
2020-07-14,US,Oregon,Lake,24,0,0,42.79246693,-120.38501629999999,41037.0,304.99428135722457,0.0,24,24,0,0,24,24,7879,0,0,0,0,0
2020-07-14,US,Oregon,Lane,317,3,0,43.93727035,-122.847753,41039.0,82.96974090931695,0.946372239747634,314,309,3,0,306,305,379611,8,0,0,8,4
2020-07-14,US,Oregon,Lincoln,360,7,0,44.64252874,-123.86991200000001,41041.0,720.5476161883031,1.9444444444444444,353,361,5,0,356,361,49388,-1,2,0,-3,0
2020-07-14,US,Oregon,Linn,184,10,0,44.48899494,-122.53731540000001,41043.0,141.81226830264592,5.434782608695652,174,182,10,0,172,181,127335,2,0,0,2,1
2020-07-14,US,Oregon,Malheur,434,3,0,43.1937027,-117.62273950000001,41045.0,1419.6460698047172,0.6912442396313364,431,400,2,0,398,373,30725,34,1,0,33,27
2020-07-14,US,Oregon,Marion,1939,56,0,44.90287942,-122.58151170000001,41047.0,557.4754613044753,2.888086642599278,1883,1893,54,0,1839,1859,346868,46,2,0,44,34
2020-07-14,US,Oregon,Morrow,161,1,0,45.41846568,-119.584546,41049.0,1387.5721796087219,0.6211180124223602,160,154,1,0,153,145,11372,7,0,0,7,9
2020-07-14,US,Oregon,Multnomah,3038,72,0,45.54747959,-122.4169351,41051.0,373.74439475675246,2.369980250164582,2966,2966,72,0,2894,2888,811880,72,0,0,72,78
2020-07-14,US,Oregon,Polk,180,12,0,44.90322804,-123.4128888,41053.0,209.09566126502875,6.666666666666668,168,179,12,0,167,177,85234,1,0,0,1,2
2020-07-14,US,Oregon,Sherman,5,0,0,45.41501554,-120.6827834,41055.0,280.8988764044944,0.0,5,5,0,0,5,5,1708,0,0,0,0,0
2020-07-14,US,Oregon,Tillamook,19,0,0,45.46248721,-123.712066,41057.0,70.27666814617547,0.0,19,16,0,0,16,16,26787,3,0,0,3,0
2020-07-14,US,Oregon,Umatilla,1115,8,0,45.59073056,-118.7353826,41059.0,1430.4041051956385,0.7174887892376681,1107,1041,8,0,1033,1013,77516,74,0,0,74,28
2020-07-14,US,Oregon,Union,372,2,0,45.30915495,-118.0068979,41061.0,1386.2493012856344,0.5376344086021505,370,369,2,0,367,369,26461,3,0,0,3,0
2020-07-14,US,Oregon,Wallowa,15,0,0,45.57894064,-117.18353799999998,41063.0,208.10210876803555,0.0,15,15,0,0,15,14,7081,0,0,0,0,1
2020-07-14,US,Oregon,Wasco,119,2,0,45.16292781,-121.16709540000001,41065.0,445.9935537066186,1.680672268907563,117,117,1,0,116,117,26505,2,1,0,1,0
2020-07-14,US,Oregon,Washington,1945,21,0,45.55972701,-123.0955257,41067.0,323.30882059601856,1.0796915167095116,1924,1892,21,0,1871,1847,597695,53,0,0,53,45
2020-07-14,US,Oregon,Yamhill,211,9,0,45.23330449,-123.3086963,41071.0,197.01213818860882,4.265402843601897,202,205,9,0,196,198,107002,6,0,0,6,7
2020-07-14,US,Pennsylvania,Adams,399,14,0,39.87140411,-77.21610347,42001.0,387.34479511499,3.5087719298245608,385,398,14,0,384,396,102811,1,0,0,1,2
2020-07-14,US,Pennsylvania,Allegheny,5364,199,0,40.46809875,-79.98167747,42003.0,441.1020973730413,3.709917971662938,5165,5033,197,0,4836,4962,1218452,331,2,0,329,71
2020-07-14,US,Pennsylvania,Armstrong,88,6,0,40.81665618,-79.46290811,42005.0,135.93882752761257,6.8181818181818175,82,86,6,0,80,86,65263,2,0,0,2,0
2020-07-14,US,Pennsylvania,Beaver,870,79,0,40.6825484,-80.34921611,42007.0,530.7175667514595,9.080459770114944,791,845,79,0,766,837,164742,25,0,0,25,8
2020-07-14,US,Pennsylvania,Bedford,93,4,0,40.00522157,-78.48998442,42009.0,194.20314066154359,4.301075268817204,89,92,4,0,88,92,48176,1,0,0,1,0
2020-07-14,US,Pennsylvania,Berks,4710,358,0,40.41570541,-75.92457766,42011.0,1118.3292019260905,7.600849256900212,4352,4700,358,0,4342,4692,420152,10,0,0,10,8
2020-07-14,US,Pennsylvania,Blair,107,1,0,40.47961444,-78.34917412,42013.0,87.82802124288963,0.9345794392523364,106,105,1,0,104,104,122492,2,0,0,2,1
2020-07-14,US,Pennsylvania,Bradford,59,3,0,41.78869215,-76.51570822,42015.0,97.80680669064868,5.084745762711863,56,59,3,0,56,59,60833,0,0,0,0,0
2020-07-14,US,Pennsylvania,Bucks,6137,572,0,40.33682119,-75.10836643,42017.0,976.8093335667786,9.320514909564935,5565,6105,572,0,5533,6083,628195,32,0,0,32,22
2020-07-14,US,Pennsylvania,Butler,444,13,0,40.91152759,-79.91351055,42019.0,236.35502227805787,2.927927927927928,431,429,13,0,416,421,187888,15,0,0,15,8
2020-07-14,US,Pennsylvania,Cambria,137,3,0,40.49527404,-78.71377428,42021.0,105.22919995084185,2.18978102189781,134,137,3,0,134,136,131730,0,0,0,0,1
2020-07-14,US,Pennsylvania,Cameron,4,0,0,41.43625568,-78.20376845,42023.0,89.94827973915001,0.0,4,4,0,0,4,4,4492,0,0,0,0,0
2020-07-14,US,Pennsylvania,Carbon,301,27,0,40.91545395,-75.7068525,42025.0,468.9788414197127,8.970099667774086,274,299,27,0,272,298,64227,2,0,0,2,1
2020-07-14,US,Pennsylvania,Centre,253,8,0,40.92058903,-77.82200624,42027.0,155.8025679711796,3.1620553359683794,245,251,8,0,243,243,162805,2,0,0,2,8
2020-07-14,US,Pennsylvania,Chester,4053,333,0,39.97291773,-75.74768357,42029.0,772.0161755770122,8.216136195410806,3720,4016,333,0,3683,4012,522046,37,0,0,37,4
2020-07-14,US,Pennsylvania,Clarion,66,2,0,41.19265812,-79.42413524,42031.0,171.70508351110882,3.0303030303030303,64,63,2,0,61,62,38779,3,0,0,3,1
2020-07-14,US,Pennsylvania,Clearfield,95,0,0,41.00110782,-78.47592663,42033.0,119.86625449498457,0.0,95,93,0,0,93,90,79388,2,0,0,2,3
2020-07-14,US,Pennsylvania,Clinton,96,5,0,41.23255967,-77.63785995,42035.0,248.49865396562438,5.208333333333333,91,96,5,0,91,97,38684,0,0,0,0,-1
2020-07-14,US,Pennsylvania,Columbia,421,35,0,41.04821986,-76.40565017,42037.0,648.0512283726373,8.31353919239905,386,420,35,0,385,419,65456,1,0,0,1,1
2020-07-14,US,Pennsylvania,Crawford,80,1,0,41.68447709,-80.10760592,42039.0,94.53024376986612,1.25,79,78,1,0,77,77,85063,2,0,0,2,1
2020-07-14,US,Pennsylvania,Cumberland,961,66,0,40.1625372,-77.26130755,42041.0,379.2872084303588,6.867845993756504,895,951,66,0,885,947,251423,10,0,0,10,4
2020-07-14,US,Pennsylvania,Dauphin,2309,149,0,40.41377078,-76.77993242,42043.0,829.6831824764013,6.453009961022088,2160,2296,149,0,2147,2290,277097,13,0,0,13,6
2020-07-14,US,Pennsylvania,Delaware,7606,669,0,39.91680171,-75.40243663,42045.0,1342.0450394973418,8.795687615040757,6937,7569,668,0,6901,7548,564751,37,1,0,36,21
2020-07-14,US,Pennsylvania,Elk,31,0,0,41.42822061,-78.64524744,42047.0,103.64426613172851,0.0,31,30,0,0,30,29,30169,1,0,0,1,1
2020-07-14,US,Pennsylvania,Erie,740,13,0,41.99253829,-80.03301954,42049.0,274.35045675643613,1.7567567567567568,727,718,13,0,705,712,272061,22,0,0,22,6
2020-07-14,US,Pennsylvania,Fayette,213,4,0,39.92041012,-79.64291195,42051.0,164.76631031761994,1.8779342723004693,209,202,4,0,198,196,130441,11,0,0,11,6
2020-07-14,US,Pennsylvania,Forest,7,0,0,41.51095103,-79.23229292,42053.0,96.59169311439214,0.0,7,7,0,0,7,7,7279,0,0,0,0,0
2020-07-14,US,Pennsylvania,Franklin,1016,46,0,39.92956518,-77.72157791,42055.0,655.3697097924877,4.52755905511811,970,1006,46,0,960,1003,154835,10,0,0,10,3
2020-07-14,US,Pennsylvania,Fulton,19,1,0,39.92913544,-78.11163677,42057.0,130.76393668272544,5.2631578947368425,18,19,1,0,18,19,14523,0,0,0,0,0
2020-07-14,US,Pennsylvania,Greene,72,0,0,39.85746531,-80.22357106,42059.0,198.7138796125079,0.0,72,70,0,0,70,70,36506,2,0,0,2,0
2020-07-14,US,Pennsylvania,Huntingdon,260,4,0,40.42162652,-77.97673273,42061.0,575.9347864611022,1.5384615384615383,256,260,4,0,256,258,45168,0,0,0,0,2
2020-07-14,US,Pennsylvania,Indiana,169,6,0,40.65241041,-79.08963285,42063.0,201.01578390208508,3.5502958579881656,163,156,6,0,150,150,84501,13,0,0,13,6
2020-07-14,US,Pennsylvania,Jefferson,41,1,0,41.12913106,-78.9986361,42065.0,94.41565918249857,2.4390243902439024,40,39,1,0,38,37,43641,2,0,0,2,2
2020-07-14,US,Pennsylvania,Juniata,116,6,0,40.53358749,-77.39975129999998,42067.0,468.4408189637766,5.172413793103448,110,116,6,0,110,116,24704,0,0,0,0,0
2020-07-14,US,Pennsylvania,Lackawanna,1770,211,0,41.43564672,-75.60379201,42069.0,844.1676125795282,11.920903954802261,1559,1764,209,0,1555,1761,210793,6,2,0,4,3
2020-07-14,US,Pennsylvania,Lancaster,4876,386,0,40.03904563,-76.24770128,42071.0,893.4919483108678,7.9163248564397035,4490,4851,383,0,4468,4844,543557,25,3,0,22,7
2020-07-14,US,Pennsylvania,Lawrence,200,9,0,40.99206278,-80.33393706,42073.0,233.88530264758163,4.5,191,197,9,0,188,174,86184,3,0,0,3,23
2020-07-14,US,Pennsylvania,Lebanon,1474,50,0,40.36680311,-76.45651841,42075.0,1039.5435599782782,3.3921302578019,1424,1448,50,0,1398,1441,141314,26,0,0,26,7
2020-07-14,US,Pennsylvania,Lehigh,4450,329,0,40.6154815,-75.59435245,42077.0,1204.9236701162686,7.393258426966293,4121,4439,327,0,4112,4430,368100,11,2,0,9,9
2020-07-14,US,Pennsylvania,Luzerne,3025,181,0,41.17823008,-75.98447579,42079.0,953.005037537372,5.983471074380165,2844,3024,181,0,2843,3017,317646,1,0,0,1,7
2020-07-14,US,Pennsylvania,Lycoming,249,20,0,41.34310539,-77.06629984,42081.0,219.77246048067505,8.032128514056225,229,247,20,0,227,242,113664,2,0,0,2,5
2020-07-14,US,Pennsylvania,McKean,20,1,0,41.80938602,-78.56478358,42083.0,49.23076923076921,5.0,19,20,1,0,19,20,40968,0,0,0,0,0
2020-07-14,US,Pennsylvania,Mercer,186,6,0,41.30248872,-80.25816981,42085.0,169.98099137300775,3.2258064516129035,180,175,6,0,169,169,110683,11,0,0,11,6
2020-07-14,US,Pennsylvania,Mifflin,74,1,0,40.61116939,-77.61070738,42087.0,160.38840001733928,1.351351351351351,73,74,1,0,73,72,46222,0,0,0,0,2
2020-07-14,US,Pennsylvania,Monroe,1474,111,0,41.05934058,-75.34031025,42089.0,865.6788296304128,7.530529172320218,1363,1473,111,0,1362,1471,169507,1,0,0,1,2
2020-07-14,US,Pennsylvania,Montgomery,8907,829,0,40.21053671,-75.36652296,42091.0,1071.9508012251554,9.307286403951947,8078,8876,829,0,8047,8856,828604,31,0,0,31,20
2020-07-14,US,Pennsylvania,Montour,80,2,0,41.03023987,-76.66345939,42093.0,438.83708173340654,2.5,78,79,2,0,77,79,18240,1,0,0,1,0
2020-07-14,US,Pennsylvania,Northampton,3558,281,0,40.75182733,-75.30471829,42095.0,1165.468332869286,7.89769533445756,3277,3555,279,0,3276,3554,304807,3,2,0,1,1
2020-07-14,US,Pennsylvania,Northumberland,351,10,0,40.84785433,-76.70798222,42097.0,386.3808989135101,2.849002849002849,341,346,9,0,337,346,91083,5,1,0,4,0
2020-07-14,US,Pennsylvania,Perry,95,5,0,40.40206612,-77.26297447,42099.0,205.30774550484088,5.2631578947368425,90,94,5,0,89,92,46139,1,0,0,1,2
2020-07-14,US,Pennsylvania,Philadelphia,27723,1646,0,40.00338507,-75.1379271,42101.0,1750.1186820734515,5.937308372109801,26077,27575,1640,0,25935,27367,1584138,148,6,0,142,208
2020-07-14,US,Pennsylvania,Pike,507,21,0,41.33155042,-75.03208106,42103.0,908.4556254367577,4.142011834319527,486,505,21,0,484,504,55933,2,0,0,2,1
2020-07-14,US,Pennsylvania,Potter,18,0,0,41.74471626,-77.89559864,42105.0,108.91927871233207,0.0,18,18,0,0,18,18,16622,0,0,0,0,0
2020-07-14,US,Pennsylvania,Schuylkill,779,48,0,40.70497338,-76.2150785,42107.0,551.0791672267064,6.161745827984595,731,776,47,0,729,776,142067,3,1,0,2,0
2020-07-14,US,Pennsylvania,Snyder,74,2,0,40.77129231,-77.06840691,42109.0,183.2953532150996,2.702702702702702,72,72,2,0,70,72,40540,2,0,0,2,0
2020-07-14,US,Pennsylvania,Somerset,84,1,0,39.97172723,-79.02699593,42111.0,114.3681838604708,1.1904761904761905,83,81,1,0,80,81,73952,3,0,0,3,0
2020-07-14,US,Pennsylvania,Sullivan,10,0,0,41.44634738,-76.51246591,42113.0,164.85328058028355,0.0,10,10,0,0,10,10,6071,0,0,0,0,0
2020-07-14,US,Pennsylvania,Susquehanna,195,25,0,41.82147784,-75.80071959,42115.0,483.53501289426697,12.82051282051282,170,196,25,0,171,195,40589,-1,0,0,-1,1
2020-07-14,US,Pennsylvania,Tioga,30,2,0,41.77255149,-77.25433032,42117.0,73.90800916459314,6.666666666666668,28,29,2,0,27,29,40763,1,0,0,1,0
2020-07-14,US,Pennsylvania,Union,105,2,0,40.96188846,-77.05996014,42119.0,233.73327694054268,1.9047619047619049,103,100,2,0,98,99,44785,5,0,0,5,1
2020-07-14,US,Pennsylvania,Venango,46,0,0,41.40323442,-79.75845449,42121.0,90.78708455040658,0.0,46,38,0,0,38,36,51266,8,0,0,8,2
2020-07-14,US,Pennsylvania,Warren,10,1,0,41.81304978,-79.26969577,42123.0,25.51606236125641,10.0,9,10,1,0,9,10,39498,0,0,0,0,0
2020-07-14,US,Pennsylvania,Washington,465,6,0,40.19208869,-80.24582867,42125.0,224.7842796026394,1.2903225806451613,459,454,6,0,448,447,207346,11,0,0,11,7
2020-07-14,US,Pennsylvania,Wayne,141,8,0,41.64938475,-75.29956506,42127.0,274.52736512139563,5.673758865248227,133,141,8,0,133,141,51276,0,0,0,0,0
2020-07-14,US,Pennsylvania,Westmoreland,1033,39,0,40.31377979999999,-79.46615476,42129.0,296.0742220528004,3.7754114230396896,994,1010,39,0,971,994,350611,23,0,0,23,16
2020-07-14,US,Pennsylvania,Wyoming,48,7,0,41.51955538,-76.01074915,42131.0,179.14458460849445,14.583333333333336,41,47,7,0,40,45,27046,1,0,0,1,2
2020-07-14,US,Pennsylvania,York,1872,63,0,39.9210089,-76.73040131,42133.0,416.87265342116166,3.3653846153846154,1809,1858,63,0,1795,1850,448273,14,0,0,14,8
2020-07-14,US,Rhode Island,Bristol,256,0,0,41.71018079,-71.28652315,44001.0,528.0636976835331,0.0,256,256,0,0,256,256,48649,0,0,0,0,0
2020-07-14,US,Rhode Island,Kent,1234,0,0,41.67106337,-71.57641596,44003.0,751.1016969785504,0.0,1234,1234,0,0,1234,1234,163861,0,0,0,0,0
2020-07-14,US,Rhode Island,Newport,331,0,0,41.5642026,-71.26569799,44005.0,403.25528130406167,0.0,331,331,0,0,331,331,82542,0,0,0,0,0
2020-07-14,US,Rhode Island,Providence,13144,0,0,41.87064746,-71.57753536,44007.0,2057.1861437307,0.0,13144,13144,0,0,13144,13144,636084,0,0,0,0,0
2020-07-14,US,Rhode Island,Unassigned,2085,985,0,0.0,0.0,90044.0,0.0,47.242206235011984,1100,1984,984,0,1000,1809,,101,1,0,100,175
2020-07-14,US,Rhode Island,Washington,538,0,0,41.45961631,-71.61435303,44009.0,428.4224021914842,0.0,538,538,0,0,538,538,126179,0,0,0,0,0
2020-07-14,US,South Carolina,Abbeville,162,1,0,34.22333378,-82.46170658,45001.0,660.4965955885351,0.6172839506172839,161,157,1,0,156,153,24541,5,0,0,5,4
2020-07-14,US,South Carolina,Aiken,800,13,0,33.54338026,-81.63645384,45003.0,468.186712861089,1.625,787,735,13,0,722,697,169401,65,0,0,65,38
2020-07-14,US,South Carolina,Allendale,92,3,0,32.98837386,-81.35321066,45005.0,1058.9318600368324,3.260869565217391,89,88,3,0,85,85,8903,4,0,0,4,3
2020-07-14,US,South Carolina,Anderson,1134,20,0,34.51828081,-82.63959517,45007.0,559.8396508654312,1.7636684303350971,1114,1067,20,0,1047,1021,200482,67,0,0,67,46
2020-07-14,US,South Carolina,Bamberg,206,3,0,33.21927586,-81.05659969,45009.0,1464.5243850419452,1.4563106796116505,203,199,3,0,196,184,14275,7,0,0,7,15
2020-07-14,US,South Carolina,Barnwell,153,1,0,33.26679302,-81.43584352,45011.0,733.2502635866963,0.6535947712418301,152,135,1,0,134,133,21112,18,0,0,18,2
2020-07-14,US,South Carolina,Beaufort,2098,23,0,32.39226291,-80.72619758,45013.0,1092.0144491521012,1.0962821734985702,2075,2020,23,0,1997,1986,188715,78,0,0,78,34
2020-07-14,US,South Carolina,Berkeley,2450,28,0,33.20222596,-79.94654523,45015.0,1074.9998903061335,1.1428571428571428,2422,2290,25,0,2265,2204,221091,160,3,0,157,86
2020-07-14,US,South Carolina,Calhoun,170,2,0,33.66926881,-80.77722168,45017.0,1168.1440252868824,1.1764705882352942,168,166,2,0,164,156,14520,4,0,0,4,10
2020-07-14,US,South Carolina,Charleston,8250,67,0,32.82487866,-79.96512315,45019.0,2005.3183473259992,0.8121212121212121,8183,7835,61,0,7774,7555,405905,415,6,0,409,280
2020-07-14,US,South Carolina,Cherokee,269,9,0,35.05122251,-81.61828622,45021.0,469.4589877835952,3.3457249070631967,260,258,9,0,249,248,57078,11,0,0,11,10
2020-07-14,US,South Carolina,Chester,301,4,0,34.69249168,-81.1583216,45023.0,933.5070090559483,1.32890365448505,297,293,4,0,289,285,32251,8,0,0,8,8
2020-07-14,US,South Carolina,Chesterfield,468,15,0,34.64137396,-80.15640140000002,45025.0,1025.1916757940858,3.2051282051282053,453,459,15,0,444,449,45754,9,0,0,9,10
2020-07-14,US,South Carolina,Clarendon,500,47,0,33.66610974,-80.21647898,45027.0,1481.700992739665,9.4,453,489,47,0,442,487,33700,11,0,0,11,2
2020-07-14,US,South Carolina,Colleton,508,23,0,32.87582989,-80.67641292,45029.0,1348.3026780263822,4.52755905511811,485,475,22,0,453,473,37660,33,1,0,32,2
2020-07-14,US,South Carolina,Darlington,590,17,0,34.33358335,-79.96027485,45031.0,885.6465219610318,2.8813559322033897,573,572,17,0,555,563,66802,18,0,0,18,9
2020-07-14,US,South Carolina,Dillon,402,14,0,34.39007791,-79.37741872,45033.0,1318.940910134847,3.4825870646766166,388,397,14,0,383,384,30599,5,0,0,5,13
2020-07-14,US,South Carolina,Dorchester,1669,8,0,33.0794369,-80.40502652,45035.0,1025.1276035108624,0.4793289394847214,1661,1610,8,0,1602,1527,160647,59,0,0,59,83
2020-07-14,US,South Carolina,Edgefield,136,4,0,33.77221995,-81.96231108,45037.0,498.89948642699926,2.9411764705882355,132,130,4,0,126,125,27052,6,0,0,6,5
2020-07-14,US,South Carolina,Fairfield,382,22,0,34.39287073,-81.1195624,45039.0,1709.4017094017097,5.7591623036649215,360,377,22,0,355,369,22402,5,0,0,5,8
2020-07-14,US,South Carolina,Florence,1728,59,0,34.02361754,-79.70189312,45041.0,1249.520944660973,3.414351851851852,1669,1659,58,0,1601,1621,138159,69,1,0,68,38
2020-07-14,US,South Carolina,Georgetown,830,9,0,33.43443342,-79.33202141,45043.0,1324.1863433312062,1.0843373493975903,821,799,7,0,792,791,62249,31,2,0,29,8
2020-07-14,US,South Carolina,Greenville,7464,106,0,34.89502264,-82.37295012,45045.0,1425.6735849272839,1.420150053590568,7358,7261,106,0,7155,7145,514213,203,0,0,203,116
2020-07-14,US,South Carolina,Greenwood,845,7,0,34.15272415,-82.12715789,45047.0,1193.3174224343675,0.8284023668639053,838,824,7,0,817,799,70741,21,0,0,21,25
2020-07-14,US,South Carolina,Hampton,120,3,0,32.77419582,-81.13845571,45049.0,624.2846738112579,2.5,117,109,3,0,106,106,19351,11,0,0,11,3
2020-07-14,US,South Carolina,Horry,6055,75,0,33.9212828,-78.99555293,45051.0,1710.0606923274618,1.2386457473162675,5980,5905,73,0,5832,5793,344147,150,2,0,148,112
2020-07-14,US,South Carolina,Jasper,277,3,0,32.43171982,-81.02487495,45053.0,921.0920094436873,1.083032490974729,274,270,3,0,267,265,28971,7,0,0,7,5
2020-07-14,US,South Carolina,Kershaw,892,17,0,34.33988254,-80.58763164,45055.0,1340.325464681222,1.9058295964125558,875,866,17,0,849,859,65592,26,0,0,26,7
2020-07-14,US,South Carolina,Lancaster,672,16,0,34.68270843,-80.70513032,45057.0,685.63033097988,2.380952380952381,656,659,15,0,644,657,95380,13,1,0,12,2
2020-07-14,US,South Carolina,Laurens,789,14,0,34.48244419,-82.00490796,45059.0,1169.0101195679554,1.7743979721166032,775,765,14,0,751,756,66994,24,0,0,24,9
2020-07-14,US,South Carolina,Lee,350,23,0,34.16393091,-80.25690731,45061.0,2079.8668885191346,6.571428571428571,327,344,23,0,321,345,17142,6,0,0,6,-1
2020-07-14,US,South Carolina,Lexington,3151,64,0,33.89665987,-81.27146426,45063.0,1054.7280334728034,2.0311012377023165,3087,3036,62,0,2974,2943,295032,115,2,0,113,93
2020-07-14,US,South Carolina,Marion,339,10,0,34.07859748,-79.36400756,45067.0,1105.7833447499756,2.949852507374631,329,325,10,0,315,321,31039,14,0,0,14,4
2020-07-14,US,South Carolina,Marlboro,341,4,0,34.59905577,-79.67561152,45069.0,1305.6129872118845,1.1730205278592376,337,335,4,0,331,334,26398,6,0,0,6,1
2020-07-14,US,South Carolina,McCormick,51,2,0,33.90161443,-82.30794338,45065.0,538.9411391736237,3.92156862745098,49,51,2,0,49,49,9410,0,0,0,0,2
2020-07-14,US,South Carolina,Newberry,446,4,0,34.28629098,-81.59935761,45071.0,1160.2497398543185,0.8968609865470852,442,423,4,0,419,419,38520,23,0,0,23,4
2020-07-14,US,South Carolina,Oconee,460,1,0,34.75225169,-83.06742317,45073.0,578.2817489251502,0.21739130434782608,459,448,1,0,447,443,78374,12,0,0,12,5
2020-07-14,US,South Carolina,Orangeburg,1271,26,0,33.4391073,-80.79886287,45075.0,1474.9057151145926,2.045633359559402,1245,1226,25,0,1201,1174,86934,45,1,0,44,52
2020-07-14,US,South Carolina,Pickens,1227,8,0,34.88807695,-82.72791551,45077.0,967.0249992118788,0.6519967400162999,1219,1197,8,0,1189,1181,124937,30,0,0,30,16
2020-07-14,US,South Carolina,Richland,5229,99,0,34.01791263,-80.90267209,45079.0,1257.6997731859085,1.8932874354561104,5130,4995,99,0,4896,4875,414576,234,0,0,234,120
2020-07-14,US,South Carolina,Saluda,300,2,0,34.00795823,-81.72713237,45081.0,1465.3446002051487,0.6666666666666666,298,290,2,0,288,281,20544,10,0,0,10,9
2020-07-14,US,South Carolina,Spartanburg,2648,57,0,34.92960077,-81.99225984,45083.0,828.0563503603984,2.152567975830816,2591,2562,58,0,2504,2460,313888,86,-1,0,87,102
2020-07-14,US,South Carolina,Sumter,1489,31,0,33.91826534,-80.37942316,45085.0,1395.2268063455178,2.0819341840161183,1458,1449,29,0,1420,1421,106512,40,2,0,38,28
2020-07-14,US,South Carolina,Union,163,0,0,34.68835752,-81.61730349,45087.0,596.7198711377947,0.0,163,162,0,0,162,154,27410,1,0,0,1,8
2020-07-14,US,South Carolina,Williamsburg,523,16,0,33.62190129,-79.72767442,45089.0,1722.2075869336145,3.0592734225621414,507,507,15,0,492,487,30606,16,1,0,15,20
2020-07-14,US,South Carolina,York,1989,13,0,34.97281497,-81.18085944,45091.0,707.8820837144413,0.6535947712418301,1976,1949,13,0,1936,1885,274118,40,0,0,40,64
2020-07-14,US,South Dakota,Aurora,34,0,0,43.71757685,-98.56050467,46003.0,1235.9142130134496,0.0,34,34,0,0,34,34,2801,0,0,0,0,0
2020-07-14,US,South Dakota,Beadle,553,8,0,44.41464384,-98.27858469,46005.0,2996.8026879098247,1.4466546112115732,545,553,8,0,545,553,18883,0,0,0,0,0
2020-07-14,US,South Dakota,Bennett,4,0,0,43.19486375,-101.6665572,46007.0,118.87072808320951,0.0,4,4,0,0,4,4,3468,0,0,0,0,0
2020-07-14,US,South Dakota,Bon Homme,13,0,0,42.98914167,-97.88592746,46009.0,188.37849587016373,0.0,13,14,0,0,14,14,6980,-1,0,0,-1,0
2020-07-14,US,South Dakota,Brookings,95,0,0,44.36974375,-96.79079945,46011.0,270.8327394018873,0.0,95,95,0,0,95,95,35232,0,0,0,0,0
2020-07-14,US,South Dakota,Brown,361,2,0,45.58994323,-98.35165355,46013.0,929.478101907876,0.554016620498615,359,359,2,0,357,358,39316,2,0,0,2,1
2020-07-14,US,South Dakota,Brule,34,0,0,43.71756379,-99.08118954,46015.0,641.872758164999,0.0,34,34,0,0,34,34,5229,0,0,0,0,0
2020-07-14,US,South Dakota,Buffalo,86,3,0,44.07657829,-99.20814467,46017.0,4383.2823649337415,3.4883720930232562,83,86,3,0,83,86,2036,0,0,0,0,0
2020-07-14,US,South Dakota,Butte,3,0,0,44.90608745,-103.5079318,46019.0,28.765941125707158,0.0,3,3,0,0,3,3,10222,0,0,0,0,0
2020-07-14,US,South Dakota,Campbell,1,0,0,45.77074915,-100.0510181,46021.0,72.67441860465118,0.0,1,1,0,0,1,1,1377,0,0,0,0,0
2020-07-14,US,South Dakota,Charles Mix,97,0,0,43.20660134,-98.58856175,46023.0,1043.908738699957,0.0,97,96,0,0,96,96,9338,1,0,0,1,0
2020-07-14,US,South Dakota,Clark,15,0,0,44.85834507,-97.72925109,46025.0,401.4989293361885,0.0,15,15,0,0,15,15,3739,0,0,0,0,0
2020-07-14,US,South Dakota,Clay,94,0,0,42.91296147,-96.97656917,46027.0,668.0881307746979,0.0,94,93,0,0,93,93,14041,1,0,0,1,0
2020-07-14,US,South Dakota,Codington,93,0,0,44.97788119,-97.18827677,46029.0,332.03613124352887,0.0,93,92,0,0,92,92,28015,1,0,0,1,0
2020-07-14,US,South Dakota,Corson,20,0,0,45.70889983,-101.1970473,46031.0,489.47626040137055,0.0,20,20,0,0,20,20,4165,0,0,0,0,0
2020-07-14,US,South Dakota,Custer,11,0,0,43.67741105,-103.45345209999999,46033.0,122.60365581810076,0.0,11,11,0,0,11,10,8726,0,0,0,0,1
2020-07-14,US,South Dakota,Davison,57,0,0,43.67490933,-98.14458906,46035.0,288.2427307206068,0.0,57,56,0,0,56,55,19790,1,0,0,1,1
2020-07-14,US,South Dakota,Day,19,0,0,45.367281,-97.60737498,46037.0,350.29498525073745,0.0,19,19,0,0,19,19,5505,0,0,0,0,0
2020-07-14,US,South Dakota,Deuel,5,0,0,44.75994309,-96.66943645,46039.0,114.91611123879568,0.0,5,5,0,0,5,5,4337,0,0,0,0,0
2020-07-14,US,South Dakota,Dewey,37,0,0,45.15639647,-100.8709139,46041.0,627.9701289884589,0.0,37,37,0,0,37,35,5904,0,0,0,0,2
2020-07-14,US,South Dakota,Douglas,10,0,0,43.38520741,-98.36978007,46043.0,342.3485107839781,0.0,10,10,0,0,10,10,2935,0,0,0,0,0
2020-07-14,US,South Dakota,Edmunds,9,0,0,45.41846445,-99.21545423,46045.0,235.04831548707241,0.0,9,8,0,0,8,8,3875,1,0,0,1,0
2020-07-14,US,South Dakota,Fall River,13,0,0,43.23929297,-103.5275691,46047.0,193.65410397735738,0.0,13,13,0,0,13,13,6758,0,0,0,0,0
2020-07-14,US,South Dakota,Faulk,24,1,0,45.07082625,-99.14535601,46049.0,1043.9321444106133,4.166666666666667,23,24,1,0,23,24,2330,0,0,0,0,0
2020-07-14,US,South Dakota,Grant,18,0,0,45.1723937,-96.77002276,46051.0,255.24673851389682,0.0,18,17,0,0,17,17,7147,1,0,0,1,0
2020-07-14,US,South Dakota,Gregory,6,0,0,43.19419064,-99.18883902,46053.0,143.36917562724008,0.0,6,5,0,0,5,5,4212,1,0,0,1,0
2020-07-14,US,South Dakota,Haakon,1,0,0,44.29299053,-101.539099,46055.0,52.6592943654555,0.0,1,1,0,0,1,1,1918,0,0,0,0,0
2020-07-14,US,South Dakota,Hamlin,13,0,0,44.67385954,-97.18829593,46057.0,210.90201168072682,0.0,13,13,0,0,13,13,6111,0,0,0,0,0
2020-07-14,US,South Dakota,Hand,7,0,0,44.54708407,-99.00386459,46059.0,219.36696960200558,0.0,7,7,0,0,7,7,3262,0,0,0,0,0
2020-07-14,US,South Dakota,Hanson,14,0,0,43.6746384,-97.78715148,46061.0,405.4445409788591,0.0,14,14,0,0,14,13,3376,0,0,0,0,1
2020-07-14,US,South Dakota,Hughes,72,2,0,44.39091534,-99.99661148,46065.0,410.8182129407737,2.7777777777777777,70,70,2,0,68,70,17650,2,0,0,2,0
2020-07-14,US,South Dakota,Hutchinson,18,0,0,43.33449012,-97.75536441,46067.0,246.8797147167741,0.0,18,17,0,0,17,17,7380,1,0,0,1,0
2020-07-14,US,South Dakota,Hyde,3,0,0,44.54747703,-99.48572582,46069.0,230.59185242121444,0.0,3,3,0,0,3,3,1282,0,0,0,0,0
2020-07-14,US,South Dakota,Jackson,7,1,0,43.69318385,-101.6255063,46071.0,209.33014354066987,14.285714285714285,6,7,1,0,6,7,3307,0,0,0,0,0
2020-07-14,US,South Dakota,Jerauld,39,1,0,44.06637798,-98.62965972,46073.0,1937.4068554396426,2.5641025641025643,38,39,1,0,38,39,2043,0,0,0,0,0
2020-07-14,US,South Dakota,Jones,1,0,0,43.96278565,-100.6940008,46075.0,110.74197120708747,0.0,1,1,0,0,1,1,928,0,0,0,0,0
2020-07-14,US,South Dakota,Kingsbury,8,0,0,44.36956169,-97.4913945,46077.0,161.97610852399268,0.0,8,8,0,0,8,8,4919,0,0,0,0,0
2020-07-14,US,South Dakota,Lake,37,1,0,44.02193107,-97.12926365,46079.0,289.13026490583735,2.702702702702702,36,35,1,0,34,29,13057,2,0,0,2,6
2020-07-14,US,South Dakota,Lawrence,21,0,0,44.35919441,-103.79294279999999,46081.0,81.25677139761645,0.0,21,20,0,0,20,20,25741,1,0,0,1,0
2020-07-14,US,South Dakota,Lincoln,400,1,0,43.27841182,-96.72039050000001,46083.0,654.3646119617853,0.25,399,397,1,0,396,396,58807,3,0,0,3,1
2020-07-14,US,South Dakota,Lyman,82,1,0,43.89522709,-99.85201878,46085.0,2168.7384289870406,1.2195121951219512,81,82,1,0,81,82,3821,0,0,0,0,0
2020-07-14,US,South Dakota,Marshall,5,0,0,45.75870838,-97.59855639,46091.0,101.31712259371834,0.0,5,5,0,0,5,5,5112,0,0,0,0,0
2020-07-14,US,South Dakota,McCook,17,1,0,43.6742571,-97.36863144,46087.0,304.33225921947724,5.882352941176472,16,17,1,0,16,17,5546,0,0,0,0,0
2020-07-14,US,South Dakota,McPherson,6,0,0,45.76626028,-99.22118798,46089.0,252.20680958385879,0.0,6,6,0,0,6,6,2407,0,0,0,0,0
2020-07-14,US,South Dakota,Meade,54,1,0,44.56676791,-102.71627409999999,46093.0,190.5972045743329,1.851851851851852,53,54,1,0,53,53,28294,0,0,0,0,1
2020-07-14,US,South Dakota,Mellette,9,0,0,43.58078848,-100.7563186,46095.0,436.6812227074236,0.0,9,9,0,0,9,9,2042,0,0,0,0,0
2020-07-14,US,South Dakota,Miner,10,0,0,44.02197882,-97.60992207,46097.0,451.2635379061372,0.0,10,10,0,0,10,10,2213,0,0,0,0,0
2020-07-14,US,South Dakota,Minnehaha,3778,60,0,43.67441641,-96.7910885,46099.0,1956.154794080793,1.5881418740074114,3718,3760,60,0,3700,3756,192876,18,0,0,18,4
2020-07-14,US,South Dakota,Moody,23,0,0,44.02266214,-96.67081159,46101.0,349.7566909975669,0.0,23,23,0,0,23,23,6579,0,0,0,0,0
2020-07-14,US,South Dakota,Oglala Lakota,111,0,0,43.33749164,-102.55554980000001,46102.0,782.9583127601044,0.0,111,112,0,0,112,112,14309,-1,0,0,-1,0
2020-07-14,US,South Dakota,Pennington,649,21,0,44.0025835,-102.8240777,46103.0,570.4240826192047,3.2357473035439135,628,641,21,0,620,635,111729,8,0,0,8,6
2020-07-14,US,South Dakota,Perkins,1,0,0,45.49049506,-102.47555859999999,46105.0,34.904013961605585,0.0,1,1,0,0,1,1,2922,0,0,0,0,0
2020-07-14,US,South Dakota,Roberts,58,0,0,45.62975048,-96.94672673,46109.0,558.0142389840291,0.0,58,58,0,0,58,57,10447,0,0,0,0,1
2020-07-14,US,South Dakota,Sanborn,12,0,0,44.02351092,-98.09098159999999,46111.0,511.9453924914676,0.0,12,12,0,0,12,12,2429,0,0,0,0,0
2020-07-14,US,South Dakota,Spink,14,0,0,44.93837606,-98.34626602,46115.0,219.57340025094103,0.0,14,14,0,0,14,14,6495,0,0,0,0,0
2020-07-14,US,South Dakota,Stanley,14,0,0,44.41381872,-100.7349153,46117.0,451.9044544867656,0.0,14,14,0,0,14,14,3022,0,0,0,0,0
2020-07-14,US,South Dakota,Sully,1,0,0,44.71571812,-100.1278092,46119.0,71.89072609633357,0.0,1,1,0,0,1,1,1392,0,0,0,0,0
2020-07-14,US,South Dakota,Todd,64,2,0,43.19338568,-100.71955030000001,46121.0,628.8690183747666,3.125,62,66,2,0,64,66,10283,-2,0,0,-2,0
2020-07-14,US,South Dakota,Tripp,19,0,0,43.34459388,-99.8854891,46123.0,349.2005146112847,0.0,19,19,0,0,19,19,5478,0,0,0,0,0
2020-07-14,US,South Dakota,Turner,29,0,0,43.3109081,-97.14865776,46125.0,345.89694656488547,0.0,29,29,0,0,29,29,8424,0,0,0,0,0
2020-07-14,US,South Dakota,Union,156,1,0,42.83112163,-96.6557828,46127.0,979.1614361034397,0.6410256410256411,155,151,1,0,150,151,15619,5,0,0,5,0
2020-07-14,US,South Dakota,Walworth,16,0,0,45.43019636,-100.03075140000001,46129.0,294.3882244710212,0.0,16,16,0,0,16,16,5587,0,0,0,0,0
2020-07-14,US,South Dakota,Yankton,88,2,0,43.00924485,-97.39467635,46135.0,385.7280617164899,2.272727272727273,86,85,2,0,83,85,22869,3,0,0,3,0
2020-07-14,US,South Dakota,Ziebach,3,0,0,44.97881876,-101.6654622,46137.0,108.8534107402032,0.0,3,3,0,0,3,3,2742,0,0,0,0,0
2020-07-14,US,Tennessee,Anderson,219,2,0,36.12684348,-84.19965764,47001.0,284.4968692353658,0.9132420091324199,217,211,2,0,209,200,76482,8,0,0,8,11
2020-07-14,US,Tennessee,Bedford,635,9,0,35.51123746,-86.45549096,47003.0,1277.3318850200149,1.4173228346456692,626,630,9,0,621,624,49038,5,0,0,5,6
2020-07-14,US,Tennessee,Benton,17,1,0,36.07110411,-88.06849355,47005.0,105.19801980198021,5.882352941176472,16,16,1,0,15,15,16184,1,0,0,1,1
2020-07-14,US,Tennessee,Bledsoe,634,1,0,35.59942968,-85.20611967,47007.0,4208.709506107276,0.15772870662460567,633,631,1,0,630,629,14755,3,0,0,3,2
2020-07-14,US,Tennessee,Blount,358,3,0,35.68938198,-83.92847788,47009.0,268.9949507093051,0.8379888268156425,355,348,3,0,345,339,131349,10,0,0,10,9
2020-07-14,US,Tennessee,Bradley,1061,5,0,35.15739424,-84.857186,47011.0,981.4078253630562,0.47125353440150797,1056,1010,4,0,1006,972,106727,51,1,0,50,38
2020-07-14,US,Tennessee,Campbell,75,1,0,36.40355516,-84.15108559999999,47013.0,188.2435620701772,1.3333333333333333,74,72,1,0,71,70,39583,3,0,0,3,2
2020-07-14,US,Tennessee,Cannon,60,0,0,35.80990797,-86.05738983,47015.0,408.77503747104515,0.0,60,58,0,0,58,50,14462,2,0,0,2,8
2020-07-14,US,Tennessee,Carroll,58,1,0,35.97366108,-88.45189331,47017.0,208.88104584578807,1.7241379310344829,57,57,1,0,56,52,28020,1,0,0,1,5
2020-07-14,US,Tennessee,Carter,120,2,0,36.28969086,-82.12588974,47019.0,212.79991488003404,1.6666666666666667,118,108,2,0,106,105,56351,12,0,0,12,3
2020-07-14,US,Tennessee,Cheatham,301,3,0,36.26136216,-87.08903581,47021.0,740.1578675584627,0.9966777408637874,298,287,3,0,284,275,40439,14,0,0,14,12
2020-07-14,US,Tennessee,Chester,83,0,0,35.42527478,-88.6095842,47023.0,479.8519974562063,0.0,83,81,0,0,81,69,17276,2,0,0,2,12
2020-07-14,US,Tennessee,Claiborne,80,0,0,36.48319149,-83.65947309,47025.0,250.32072342689068,0.0,80,76,0,0,76,68,31756,4,0,0,4,8
2020-07-14,US,Tennessee,Clay,27,0,0,36.55151008,-85.53930419,47027.0,354.5633617859488,0.0,27,23,0,0,23,20,7717,4,0,0,4,3
2020-07-14,US,Tennessee,Cocke,152,0,0,35.9278914,-83.11828725,47029.0,422.17531385401617,0.0,152,146,0,0,146,138,35774,6,0,0,6,8
2020-07-14,US,Tennessee,Coffee,155,0,0,35.49090731,-86.07311784,47031.0,274.23920736022654,0.0,155,152,0,0,152,143,55700,3,0,0,3,9
2020-07-14,US,Tennessee,Crockett,71,3,0,35.81830662,-89.14916269,47033.0,498.9458889669712,4.225352112676056,68,65,3,0,62,54,14328,6,0,0,6,11
2020-07-14,US,Tennessee,Cumberland,228,5,0,35.95271721,-84.99840585,47035.0,376.73496364838064,2.1929824561403506,223,229,4,0,225,221,59673,-1,1,0,-2,8
2020-07-14,US,Tennessee,Davidson,14205,155,0,36.17007426,-86.78646056,47037.0,2046.405356813572,1.0911650827173531,14050,13976,146,0,13830,13309,692587,229,9,0,220,667
2020-07-14,US,Tennessee,DeKalb,100,0,0,35.97616272,-85.83689361,47041.0,488.0429477794046,0.0,100,99,0,0,99,85,20138,1,0,0,1,14
2020-07-14,US,Tennessee,Decatur,39,0,0,35.60048904,-88.11043779,47039.0,334.3908085398268,0.0,39,35,0,0,35,29,11706,4,0,0,4,6
2020-07-14,US,Tennessee,Dickson,295,0,0,36.14669837,-87.35891709,47043.0,546.8228664640023,0.0,295,282,0,0,282,275,53446,13,0,0,13,7
2020-07-14,US,Tennessee,Dyer,310,3,0,36.05931946,-89.41542855,47045.0,834.2528055114508,0.967741935483871,307,302,3,0,299,292,37320,8,0,0,8,10
2020-07-14,US,Tennessee,Fayette,393,6,0,35.19615831,-89.41399032,47047.0,955.4372401721248,1.5267175572519085,387,380,5,0,375,370,40507,13,1,0,12,10
2020-07-14,US,Tennessee,Fentress,29,0,0,36.38128818,-84.92870012,47049.0,156.5621119689035,0.0,29,29,0,0,29,27,18217,0,0,0,0,2
2020-07-14,US,Tennessee,Franklin,124,3,0,35.15634626,-86.09201039,47051.0,293.78316906747534,2.419354838709677,121,122,3,0,119,116,41890,2,0,0,2,6
2020-07-14,US,Tennessee,Gibson,217,1,0,35.99438059,-88.93358327,47053.0,441.6583558911527,0.4608294930875576,216,203,1,0,202,181,49045,14,0,0,14,22
2020-07-14,US,Tennessee,Giles,131,1,0,35.20222469,-87.03992678,47055.0,444.61037197936463,0.7633587786259542,130,122,1,0,121,105,29503,9,0,0,9,17
2020-07-14,US,Tennessee,Grainger,59,0,0,36.27469206,-83.51254721,47057.0,253.0017152658662,0.0,59,59,0,0,59,56,23145,0,0,0,0,3
2020-07-14,US,Tennessee,Greene,163,2,0,36.17470125,-82.84691273,47059.0,235.9958881698012,1.2269938650306749,161,157,2,0,155,151,69087,6,0,0,6,6
2020-07-14,US,Tennessee,Grundy,67,2,0,35.38433717,-85.72142731,47061.0,498.9945631935652,2.985074626865672,65,67,2,0,65,65,13346,0,0,0,0,2
2020-07-14,US,Tennessee,Hamblen,514,4,0,36.21990035,-83.26586179,47063.0,791.5729817969014,0.7782101167315175,510,508,4,0,504,474,64569,6,0,0,6,34
2020-07-14,US,Tennessee,Hamilton,3648,38,0,35.17670231,-85.16652245,47065.0,991.8326064969386,1.0416666666666667,3610,3535,38,0,3497,3364,364286,113,0,0,113,171
2020-07-14,US,Tennessee,Hancock,12,0,0,36.52692871,-83.22375847,47067.0,181.2688821752266,0.0,12,12,0,0,12,12,6549,0,0,0,0,0
2020-07-14,US,Tennessee,Hardeman,456,4,0,35.20772017,-88.99161161,47069.0,1820.3592814371245,0.8771929824561403,452,444,4,0,440,418,25220,12,0,0,12,26
2020-07-14,US,Tennessee,Hardin,142,7,0,35.19732531,-88.18593755,47071.0,553.5630750038983,4.929577464788731,135,140,7,0,133,128,25776,2,0,0,2,12
2020-07-14,US,Tennessee,Hawkins,100,2,0,36.44355426,-82.94885298,47073.0,176.09974289437537,2.0,98,95,2,0,93,91,56530,5,0,0,5,4
2020-07-14,US,Tennessee,Haywood,150,3,0,35.58332824,-89.28536625,47075.0,866.8515950069348,2.0,147,141,3,0,138,121,17335,9,0,0,9,20
2020-07-14,US,Tennessee,Henderson,90,0,0,35.65581134,-88.38600175,47077.0,320.09104812035423,0.0,90,83,0,0,83,74,27847,7,0,0,7,9
2020-07-14,US,Tennessee,Henry,56,0,0,36.33160906,-88.30121797,47079.0,173.13340547225232,0.0,56,54,0,0,54,53,32358,2,0,0,2,1
2020-07-14,US,Tennessee,Hickman,114,0,0,35.80609681,-87.47643507,47081.0,452.7762332194773,0.0,114,112,0,0,112,105,25063,2,0,0,2,7
2020-07-14,US,Tennessee,Houston,24,0,0,36.28872054,-87.71878828,47083.0,292.64723814168997,0.0,24,23,0,0,23,20,8263,1,0,0,1,3
2020-07-14,US,Tennessee,Humphreys,52,2,0,36.03958805,-87.77992872,47085.0,279.8407060596276,3.8461538461538463,50,48,2,0,46,47,18486,4,0,0,4,1
2020-07-14,US,Tennessee,Jackson,52,0,0,36.36380466,-85.67239905,47087.0,441.2014254199898,0.0,52,50,0,0,50,47,11758,2,0,0,2,3
2020-07-14,US,Tennessee,Jefferson,196,1,0,36.04818632,-83.45148924,47089.0,359.6660244059088,0.5102040816326531,195,193,1,0,192,187,54012,3,0,0,3,6
2020-07-14,US,Tennessee,Johnson,49,0,0,36.45523950000001,-81.84886538,47091.0,275.4666067011468,0.0,49,49,0,0,49,46,17778,0,0,0,0,3
2020-07-14,US,Tennessee,Knox,1815,12,0,35.99508821,-83.94635435,47093.0,385.9132109892773,0.6611570247933884,1803,1717,10,0,1707,1620,465289,98,2,0,96,97
2020-07-14,US,Tennessee,Lake,696,0,0,36.34180170000001,-89.48921915,47095.0,9920.18244013683,0.0,696,696,0,0,696,696,7411,0,0,0,0,0
2020-07-14,US,Tennessee,Lauderdale,204,4,0,35.75893438,-89.63015909999999,47097.0,795.8491007685408,1.96078431372549,200,193,4,0,189,182,25825,11,0,0,11,11
2020-07-14,US,Tennessee,Lawrence,259,6,0,35.21675201,-87.39787695,47099.0,586.7427846495401,2.3166023166023164,253,250,6,0,244,239,43734,9,0,0,9,11
2020-07-14,US,Tennessee,Lewis,12,0,0,35.52853208,-87.49022694,47101.0,97.81545484186502,0.0,12,12,0,0,12,11,12086,0,0,0,0,1
2020-07-14,US,Tennessee,Lincoln,106,0,0,35.13738622,-86.58910106,47103.0,308.4443927137287,0.0,106,95,0,0,95,87,34117,11,0,0,11,8
2020-07-14,US,Tennessee,Loudon,334,2,0,35.73939663,-84.31145275,47105.0,617.7406229192867,0.5988023952095808,332,331,2,0,329,328,53054,3,0,0,3,3
2020-07-14,US,Tennessee,Macon,652,7,0,36.53157855,-86.00778595,47111.0,2650.1910413787496,1.0736196319018405,645,646,7,0,639,603,24265,6,0,0,6,43
2020-07-14,US,Tennessee,Madison,395,2,0,35.61181957,-88.84076036,47113.0,403.12704114957535,0.5063291139240507,393,384,2,0,382,363,97605,11,0,0,11,21
2020-07-14,US,Tennessee,Marion,100,4,0,35.12997174,-85.62265895,47115.0,345.9369702840143,4.0,96,101,4,0,97,95,28575,-1,0,0,-1,6
2020-07-14,US,Tennessee,Marshall,132,2,0,35.45798777,-86.76420988,47117.0,384.0,1.5151515151515151,130,123,2,0,121,118,33683,9,0,0,9,5
2020-07-14,US,Tennessee,Maury,513,3,0,35.618741299999996,-87.07462444,47119.0,532.2294500295683,0.5847953216374269,510,499,3,0,496,462,94340,14,0,0,14,37
2020-07-14,US,Tennessee,McMinn,307,19,0,35.42812616,-84.61520715,47107.0,570.6956166115181,6.188925081433225,288,293,19,0,274,284,53285,14,0,0,14,9
2020-07-14,US,Tennessee,McNairy,126,1,0,35.17468549,-88.5647812,47109.0,490.3868607456994,0.7936507936507936,125,117,1,0,116,107,25832,9,0,0,9,10
2020-07-14,US,Tennessee,Meigs,40,0,0,35.51558739,-84.81482914,47121.0,322.00933827080985,0.0,40,40,0,0,40,38,12306,0,0,0,0,2
2020-07-14,US,Tennessee,Monroe,156,6,0,35.44550387,-84.24902965,47123.0,335.1595230422172,3.8461538461538463,150,156,6,0,150,155,46357,0,0,0,0,1
2020-07-14,US,Tennessee,Montgomery,850,7,0,36.49609412,-87.38550661,47125.0,406.7121865325634,0.8235294117647058,843,824,7,0,817,778,205950,26,0,0,26,46
2020-07-14,US,Tennessee,Moore,23,0,0,35.27724699,-86.36230578,47127.0,354.50061652281136,0.0,23,23,0,0,23,21,6411,0,0,0,0,2
2020-07-14,US,Tennessee,Morgan,34,1,0,36.13248031,-84.64880098,47129.0,158.85623510722797,2.9411764705882355,33,34,1,0,33,32,21579,0,0,0,0,2
2020-07-14,US,Tennessee,Obion,131,3,0,36.35732446,-89.14921589,47131.0,435.66463799926834,2.2900763358778624,128,127,3,0,124,124,30267,4,0,0,4,3
2020-07-14,US,Tennessee,Out of TN,1737,11,0,0.0,0.0,80047.0,0.0,0.6332757628094415,1726,1660,12,0,1648,1416,,77,-1,0,78,244
2020-07-14,US,Tennessee,Overton,80,1,0,36.34117832,-85.28989535,47133.0,359.696056831977,1.25,79,79,1,0,78,73,22068,1,0,0,1,6
2020-07-14,US,Tennessee,Perry,44,0,0,35.63708728,-87.86139634,47135.0,544.8241703813769,0.0,44,43,0,0,43,38,8064,1,0,0,1,5
2020-07-14,US,Tennessee,Pickett,8,0,0,36.55606529,-85.07763299999998,47137.0,158.47860538827257,0.0,8,8,0,0,8,7,5082,0,0,0,0,1
2020-07-14,US,Tennessee,Polk,57,0,0,35.12245443,-84.52075859,47139.0,338.6406844106464,0.0,57,57,0,0,57,55,16898,0,0,0,0,2
2020-07-14,US,Tennessee,Putnam,1091,7,0,36.14005459,-85.50646123,47141.0,1359.5862670571375,0.6416131989000916,1084,1081,7,0,1074,1019,78843,10,0,0,10,62
2020-07-14,US,Tennessee,Rhea,362,0,0,35.60536161,-84.93076643,47143.0,1091.4463171224409,0.0,362,350,0,0,350,343,33044,12,0,0,12,7
2020-07-14,US,Tennessee,Roane,94,0,0,35.84923189,-84.52458689,47145.0,176.0893184968716,0.0,94,88,0,0,88,85,53140,6,0,0,6,3
2020-07-14,US,Tennessee,Robertson,984,13,0,36.52454807,-86.87346725,47147.0,1370.2254466461504,1.3211382113821135,971,973,13,0,960,948,71012,11,0,0,11,25
2020-07-14,US,Tennessee,Rutherford,3839,39,0,35.84591405,-86.4107263,47149.0,1155.3335239327685,1.015889554571503,3800,3755,39,0,3716,3602,324890,84,0,0,84,153
2020-07-14,US,Tennessee,Scott,30,0,0,36.42325673,-84.50360494,47151.0,135.94344752582924,0.0,30,29,0,0,29,28,22039,1,0,0,1,1
2020-07-14,US,Tennessee,Sequatchie,53,0,0,35.36979721,-85.41022136,47153.0,352.72194862238786,0.0,53,52,0,0,52,49,14876,1,0,0,1,3
2020-07-14,US,Tennessee,Sevier,942,4,0,35.78077323,-83.52244332,47155.0,958.7786259541983,0.4246284501061571,938,924,4,0,920,912,97892,18,0,0,18,12
2020-07-14,US,Tennessee,Shelby,14447,229,0,35.1864775,-89.89692423,47157.0,1541.56254068116,1.5851041738769294,14218,14163,224,0,13939,13594,935764,284,5,0,279,569
2020-07-14,US,Tennessee,Smith,187,2,0,36.25359775,-85.95411046,47159.0,927.7174182666072,1.0695187165775402,185,185,2,0,183,160,19942,2,0,0,2,25
2020-07-14,US,Tennessee,Stewart,32,0,0,36.50235092,-87.83920548,47161.0,233.32118118847976,0.0,32,27,0,0,27,26,13561,5,0,0,5,1
2020-07-14,US,Tennessee,Sullivan,277,5,0,36.51240691,-82.30412917,47163.0,174.93116427109908,1.8050541516245489,272,248,5,0,243,221,157668,29,0,0,29,27
2020-07-14,US,Tennessee,Sumner,2103,57,0,36.46824103,-86.45917204,47165.0,1099.4181396151253,2.7104136947218262,2046,2040,56,0,1984,1945,187149,63,1,0,62,95
2020-07-14,US,Tennessee,Tipton,727,7,0,35.501942,-89.73694895,47167.0,1180.213964512411,0.9628610729023384,720,717,7,0,710,698,61581,10,0,0,10,19
2020-07-14,US,Tennessee,Trousdale,1513,5,0,36.39026213,-86.16087954,47169.0,13408.365827720669,0.3304692663582287,1508,1510,5,0,1505,1510,11012,3,0,0,3,0
2020-07-14,US,Tennessee,Unassigned,1051,1,0,0.0,0.0,90047.0,0.0,0.09514747859181732,1050,1077,2,0,1075,890,,-26,-1,0,-25,187
2020-07-14,US,Tennessee,Unicoi,61,0,0,36.10890856,-82.43709629,47171.0,341.106078398479,0.0,61,60,0,0,60,58,17761,1,0,0,1,2
2020-07-14,US,Tennessee,Union,29,0,0,36.28590426,-83.83651902,47173.0,145.20328459843782,0.0,29,28,0,0,28,24,19688,1,0,0,1,4
2020-07-14,US,Tennessee,Van Buren,11,0,0,35.69864497,-85.45221699,47175.0,187.32970027247958,0.0,11,9,0,0,9,9,5765,2,0,0,2,0
2020-07-14,US,Tennessee,Warren,164,0,0,35.672829899999996,-85.77969117,47177.0,397.31569639266417,0.0,164,159,0,0,159,127,40878,5,0,0,5,32
2020-07-14,US,Tennessee,Washington,293,0,0,36.29472368,-82.49454720000001,47179.0,226.47342995169083,0.0,293,276,0,0,276,262,128607,17,0,0,17,14
2020-07-14,US,Tennessee,Wayne,126,0,0,35.23868267,-87.78644456,47181.0,755.7128291249326,0.0,126,123,0,0,123,116,16558,3,0,0,3,7
2020-07-14,US,Tennessee,Weakley,81,1,0,36.29896232,-88.71990865,47183.0,243.03888622179542,1.2345679012345678,80,79,1,0,78,74,33415,2,0,0,2,5
2020-07-14,US,Tennessee,White,94,3,0,35.92929884,-85.45591799,47185.0,343.75571402450174,3.191489361702128,91,93,3,0,90,86,27107,1,0,0,1,7
2020-07-14,US,Tennessee,Williamson,1990,16,0,35.89099229,-86.89281867,47187.0,834.6895290505513,0.8040201005025126,1974,1939,16,0,1923,1763,231729,51,0,0,51,176
2020-07-14,US,Tennessee,Wilson,1275,17,0,36.15496772,-86.29775884,47189.0,881.3953006076442,1.3333333333333333,1258,1261,17,0,1244,1187,140625,14,0,0,14,74
2020-07-14,US,Texas,Anderson,1917,3,0,31.81534745,-95.65354823,48001.0,3320.342946219797,0.1564945226917058,1914,1890,3,0,1887,1796,58057,27,0,0,27,94
2020-07-14,US,Texas,Andrews,170,2,0,32.30468633,-102.63765479999999,48003.0,908.8479016305804,1.1764705882352942,168,169,2,0,167,169,18128,1,0,0,1,0
2020-07-14,US,Texas,Angelina,834,12,0,31.25457347,-94.60901487,48005.0,961.771319840858,1.4388489208633093,822,743,9,0,734,743,87092,91,3,0,88,0
2020-07-14,US,Texas,Aransas,57,0,0,28.10556197,-96.9995047,48007.0,242.4500212675457,0.0,57,56,0,0,56,55,23792,1,0,0,1,1
2020-07-14,US,Texas,Archer,12,0,0,33.61569967,-98.68754589,48009.0,140.3016485443704,0.0,12,10,0,0,10,10,8786,2,0,0,2,0
2020-07-14,US,Texas,Armstrong,3,0,0,34.96507426,-101.35748740000001,48011.0,158.9825119236884,0.0,3,3,0,0,3,3,1892,0,0,0,0,0
2020-07-14,US,Texas,Atascosa,275,2,0,28.89333001,-98.52730485,48013.0,537.602877641585,0.7272727272727273,273,275,2,0,273,275,50310,0,0,0,0,0
2020-07-14,US,Texas,Austin,140,0,0,29.88548725,-96.27736949,48015.0,466.1694192860948,0.0,140,134,0,0,134,130,29989,6,0,0,6,4
2020-07-14,US,Texas,Bailey,112,1,0,34.06854817,-102.8299707,48017.0,1600.0,0.8928571428571429,111,112,1,0,111,112,7027,0,0,0,0,0
2020-07-14,US,Texas,Bandera,44,0,0,29.74619598,-99.24598147,48019.0,190.3772931810315,0.0,44,44,0,0,44,44,22824,0,0,0,0,0
2020-07-14,US,Texas,Bastrop,800,11,0,30.10370699,-97.31206354,48021.0,901.6827654610415,1.375,789,735,11,0,724,734,86976,65,0,0,65,1
2020-07-14,US,Texas,Baylor,1,0,0,33.61640794,-99.21352901,48023.0,28.498147620404676,0.0,1,1,0,0,1,1,3582,0,0,0,0,0
2020-07-14,US,Texas,Bee,152,0,0,28.41761668,-97.74215593,48025.0,466.7587901120836,0.0,152,146,0,0,146,146,32587,6,0,0,6,0
2020-07-14,US,Texas,Bell,2243,14,0,31.03736027,-97.4785025,48027.0,618.035731998986,0.6241640659830584,2229,2083,14,0,2069,2083,355642,160,0,0,160,0
2020-07-14,US,Texas,Bexar,21067,201,0,29.44928723,-98.52019748,48029.0,1051.4815173436805,0.9540988275501971,20866,20213,195,0,20018,19648,1986049,854,6,0,848,565
2020-07-14,US,Texas,Blanco,49,1,0,30.26640707,-98.3999852,48031.0,410.69482859777054,2.0408163265306123,48,49,1,0,48,49,11702,0,0,0,0,0
2020-07-14,US,Texas,Bosque,41,0,0,31.89978581,-97.63613524,48035.0,219.4273481402194,0.0,41,41,0,0,41,41,18691,0,0,0,0,0
2020-07-14,US,Texas,Bowie,533,16,0,33.44626922,-94.41834132,48037.0,571.6124188964558,3.00187617260788,517,517,16,0,501,504,94324,16,0,0,16,13
2020-07-14,US,Texas,Brazoria,3834,28,0,29.18757369,-95.44563172,48039.0,1024.4105764914605,0.7303077725612936,3806,3550,28,0,3522,3458,370200,284,0,0,284,92
2020-07-14,US,Texas,Brazos,3066,35,0,30.663644800000004,-96.30205577,48041.0,1337.6321380736524,1.1415525114155252,3031,3006,35,0,2971,2961,226758,60,0,0,60,45
2020-07-14,US,Texas,Brewster,153,1,0,29.81008251,-103.25203259999999,48043.0,1662.5013582527436,0.6535947712418301,152,150,1,0,149,150,9267,3,0,0,3,0
2020-07-14,US,Texas,Briscoe,9,1,0,34.53026962,-101.2084947,48045.0,582.1474773609315,11.111111111111109,8,9,1,0,8,9,1516,0,0,0,0,0
2020-07-14,US,Texas,Brooks,41,0,0,27.03103197,-98.21808402,48047.0,578.0346820809249,0.0,41,41,0,0,41,41,7114,0,0,0,0,0
2020-07-14,US,Texas,Brown,237,13,0,31.77430356,-98.99907113,48049.0,625.9243608704837,5.485232067510547,224,171,13,0,158,171,37924,66,0,0,66,0
2020-07-14,US,Texas,Burleson,154,0,0,30.49273808,-96.62158484,48051.0,835.0051510058017,0.0,154,152,0,0,152,151,18389,2,0,0,2,1
2020-07-14,US,Texas,Burnet,256,3,0,30.78801353,-98.181887,48053.0,531.6166545530059,1.171875,253,239,3,0,236,238,47542,17,0,0,17,1
2020-07-14,US,Texas,Caldwell,710,5,0,29.83668859,-97.61814775,48055.0,1626.053499450348,0.7042253521126759,705,667,5,0,662,652,43247,43,0,0,43,15
2020-07-14,US,Texas,Calhoun,164,3,0,28.47048236,-96.61633945,48057.0,770.3147017379051,1.8292682926829267,161,154,3,0,151,154,21561,10,0,0,10,0
2020-07-14,US,Texas,Callahan,28,2,0,32.29760619,-99.37326312,48059.0,200.81761457362117,7.142857142857142,26,27,2,0,25,27,13994,1,0,0,1,0
2020-07-14,US,Texas,Cameron,4175,79,0,26.14524221,-97.48140372,48061.0,986.6174500133518,1.8922155688622757,4096,3854,79,0,3775,3854,423908,321,0,0,321,0
2020-07-14,US,Texas,Camp,144,2,0,32.97195142,-94.97790104,48063.0,1099.7403390866043,1.3888888888888888,142,142,2,0,140,137,13033,2,0,0,2,5
2020-07-14,US,Texas,Carson,10,0,0,35.40365929,-101.35426690000001,48065.0,168.74789065136684,0.0,10,10,0,0,10,10,6005,0,0,0,0,0
2020-07-14,US,Texas,Cass,70,3,0,33.07499881,-94.34646905,48067.0,233.13128621861054,4.285714285714286,67,62,3,0,59,58,30119,8,0,0,8,4
2020-07-14,US,Texas,Castro,121,1,0,34.53016752,-102.2617243,48069.0,1606.9057104913682,0.8264462809917356,120,120,1,0,119,120,7665,1,0,0,1,0
2020-07-14,US,Texas,Chambers,590,2,0,29.70972016,-94.67154501,48071.0,1345.8950201884254,0.3389830508474576,588,590,2,0,588,590,42454,0,0,0,0,0
2020-07-14,US,Texas,Cherokee,364,2,0,31.837258000000002,-95.16559897,48073.0,691.4105535083388,0.5494505494505495,362,364,2,0,362,364,52592,0,0,0,0,0
2020-07-14,US,Texas,Childress,7,0,0,34.529304100000004,-100.2077916,48075.0,95.81166164796059,0.0,7,7,0,0,7,7,7291,0,0,0,0,0
2020-07-14,US,Texas,Clay,19,0,0,33.78686685,-98.20771198,48077.0,181.45353834399768,0.0,19,16,0,0,16,16,10456,3,0,0,3,0
2020-07-14,US,Texas,Cochran,6,0,0,33.60425307,-102.82844990000001,48079.0,210.3049421661409,0.0,6,6,0,0,6,6,2836,0,0,0,0,0
2020-07-14,US,Texas,Coke,5,1,0,31.88911733,-100.5297533,48081.0,147.62326542663124,20.0,4,6,1,0,5,6,3370,-1,0,0,-1,0
2020-07-14,US,Texas,Coleman,5,0,0,31.76736834,-99.45240766,48083.0,61.162079510703364,0.0,5,5,0,0,5,5,8397,0,0,0,0,0
2020-07-14,US,Texas,Collin,4685,58,0,33.18820114,-96.57264368,48085.0,452.7751200796344,1.2379935965848452,4627,4533,56,0,4477,4459,1005146,152,2,0,150,74
2020-07-14,US,Texas,Collingsworth,6,0,0,34.96489496,-100.27001109999999,48087.0,205.4794520547945,0.0,6,6,0,0,6,6,2962,0,0,0,0,0
2020-07-14,US,Texas,Colorado,179,0,0,29.622097999999998,-96.5273805,48089.0,832.8292932582701,0.0,179,170,0,0,170,167,21217,9,0,0,9,3
2020-07-14,US,Texas,Comal,1017,29,0,29.80811278,-98.27647225,48091.0,651.050835739298,2.8515240904621435,988,977,22,0,955,977,148373,40,7,0,33,0
2020-07-14,US,Texas,Comanche,128,2,0,31.94854689,-98.55876441,48093.0,938.7605427209387,1.5625,126,102,2,0,100,102,13534,26,0,0,26,0
2020-07-14,US,Texas,Concho,15,0,0,31.32635934,-99.86473038,48095.0,550.2567865003668,0.0,15,15,0,0,15,13,4276,0,0,0,0,2
2020-07-14,US,Texas,Cooke,98,0,0,33.63979567,-97.21240912,48097.0,237.5354485299464,0.0,98,87,0,0,87,87,40574,11,0,0,11,0
2020-07-14,US,Texas,Coryell,416,3,0,31.39078397,-97.79936155,48099.0,547.721557319851,0.7211538461538461,413,404,2,0,402,401,74808,12,1,0,11,3
2020-07-14,US,Texas,Cottle,4,1,0,34.07783319,-100.27850620000001,48101.0,286.12303290414883,25.0,3,4,1,0,3,4,1389,0,0,0,0,0
2020-07-14,US,Texas,Crane,64,9,0,31.43052248,-102.5143314,48103.0,1334.1671878257246,14.0625,55,64,9,0,55,64,4794,0,0,0,0,0
2020-07-14,US,Texas,Crockett,41,1,0,30.72367027,-101.4134238,48105.0,1183.6027713625865,2.4390243902439024,40,38,1,0,37,35,3499,3,0,0,3,3
2020-07-14,US,Texas,Crosby,35,2,0,33.61431553,-101.30003640000001,48107.0,610.0749520655395,5.7142857142857135,33,35,2,0,33,35,5779,0,0,0,0,0
2020-07-14,US,Texas,Culberson,7,1,0,31.44506775,-104.5185739,48109.0,322.4320589590052,14.285714285714285,6,6,1,0,5,6,2204,1,0,0,1,0
2020-07-14,US,Texas,Dallam,126,1,0,36.27787176,-102.60207249999999,48111.0,1729.106628242075,0.7936507936507936,125,116,1,0,115,116,7200,10,0,0,10,0
2020-07-14,US,Texas,Dallas,35914,477,0,32.76670599,-96.77796049999999,48113.0,1362.6933018050356,1.3281728573815226,35437,34914,457,0,34457,33800,2637772,1000,20,0,980,1114
2020-07-14,US,Texas,Dawson,92,1,0,32.74255572,-101.94772420000001,48115.0,722.8158390949087,1.0869565217391304,91,83,1,0,82,83,12619,9,0,0,9,0
2020-07-14,US,Texas,DeWitt,188,3,0,29.08101855,-97.35681170000001,48123.0,932.5396825396823,1.5957446808510638,185,159,3,0,156,159,20187,29,0,0,29,0
2020-07-14,US,Texas,Deaf Smith,410,17,0,34.96522957,-102.6054267,48117.0,2210.7192925698264,4.146341463414634,393,409,17,0,392,409,18760,1,0,0,1,0
2020-07-14,US,Texas,Delta,9,0,0,33.38570922,-95.66921122,48119.0,168.82386043894203,0.0,9,8,0,0,8,8,5349,1,0,0,1,0
2020-07-14,US,Texas,Denton,4162,40,0,33.20521901,-97.11691153,48121.0,469.1126197155794,0.9610764055742432,4122,4049,40,0,4009,3937,859064,113,0,0,113,112
2020-07-14,US,Texas,Dickens,2,0,0,33.61616822,-100.7788855,48125.0,90.45680687471732,0.0,2,2,0,0,2,2,2249,0,0,0,0,0
2020-07-14,US,Texas,Dimmit,38,0,0,28.42270064,-99.75645095,48127.0,375.34571315685486,0.0,38,38,0,0,38,38,10308,0,0,0,0,0
2020-07-14,US,Texas,Donley,33,0,0,34.96517499,-100.8140093,48129.0,1006.7114093959732,0.0,33,32,0,0,32,32,3319,1,0,0,1,0
2020-07-14,US,Texas,Duval,89,0,0,27.68184592,-98.50864568,48131.0,797.7054763825403,0.0,89,83,0,0,83,80,11212,6,0,0,6,3
2020-07-14,US,Texas,Eastland,20,0,0,32.32743996,-98.83243566,48133.0,108.93246187363836,0.0,20,20,0,0,20,20,18322,0,0,0,0,0
2020-07-14,US,Texas,Ector,1370,19,0,31.86898877,-102.54294279999999,48135.0,824.1940044398187,1.3868613138686132,1351,1235,14,0,1221,1235,162124,135,5,0,130,0
2020-07-14,US,Texas,Edwards,10,0,0,29.98202582,-100.304252,48137.0,517.5983436853002,0.0,10,10,0,0,10,10,1928,0,0,0,0,0
2020-07-14,US,Texas,El Paso,9953,152,0,31.76980765,-106.23632749999999,48141.0,1185.9567846069888,1.5271777353561742,9801,9716,152,0,9564,9510,840758,237,0,0,237,206
2020-07-14,US,Texas,Ellis,1729,21,0,32.34894117,-96.79371841,48139.0,935.4744462359192,1.214574898785425,1708,1510,20,0,1490,1510,179436,219,1,0,218,0
2020-07-14,US,Texas,Erath,288,1,0,32.23602653,-98.21773417,48143.0,674.5046606398428,0.3472222222222222,287,272,1,0,271,272,42446,16,0,0,16,0
2020-07-14,US,Texas,Falls,57,0,0,31.25350609,-96.93630086,48145.0,329.53691391570794,0.0,57,56,0,0,56,56,17335,1,0,0,1,0
2020-07-14,US,Texas,Fannin,145,8,0,33.59564294,-96.10751083,48147.0,408.28968857352027,5.517241379310344,137,137,8,0,129,137,35286,8,0,0,8,0
2020-07-14,US,Texas,Fayette,174,4,0,29.87788372,-96.92076062,48149.0,686.4988558352403,2.2988505747126435,170,158,4,0,154,156,25349,16,0,0,16,2
2020-07-14,US,Texas,Fisher,14,1,0,32.74281316,-100.40193020000001,48151.0,365.53524804177545,7.142857142857142,13,13,1,0,12,13,3839,1,0,0,1,0
2020-07-14,US,Texas,Floyd,53,2,0,34.07227468,-101.3031546,48153.0,927.8711484593837,3.7735849056603774,51,52,1,0,51,52,5837,1,1,0,0,0
2020-07-14,US,Texas,Foard,1,0,0,33.97308618,-99.7767797,48155.0,86.5800865800866,0.0,1,1,0,0,1,1,1200,0,0,0,0,0
2020-07-14,US,Texas,Fort Bend,5015,63,0,29.52704478,-95.77219463,48157.0,617.8482372537231,1.2562313060817547,4952,4799,63,0,4736,4758,787858,216,0,0,216,41
2020-07-14,US,Texas,Franklin,61,1,0,33.17653242,-95.21917243,48159.0,568.7645687645688,1.639344262295082,60,58,1,0,57,57,10766,3,0,0,3,1
2020-07-14,US,Texas,Freestone,77,0,0,31.70422788,-96.15072516,48161.0,390.52594208043814,0.0,77,73,0,0,73,73,19808,4,0,0,4,0
2020-07-14,US,Texas,Frio,336,0,0,28.86751206,-99.10804207,48163.0,1654.6833448241898,0.0,336,336,0,0,336,336,19816,0,0,0,0,0
2020-07-14,US,Texas,Gaines,45,0,0,32.74055318,-102.6353295,48165.0,209.38023450586263,0.0,45,43,0,0,43,43,20901,2,0,0,2,0
2020-07-14,US,Texas,Galveston,6201,54,0,29.40167322,-94.90469073,48167.0,1812.4212673796328,0.8708272859216255,6147,5873,54,0,5819,5873,337890,328,0,0,328,0
2020-07-14,US,Texas,Garza,22,1,0,33.17969345,-101.2984114,48169.0,353.1867073366512,4.545454545454546,21,21,1,0,20,21,6578,1,0,0,1,0
2020-07-14,US,Texas,Gillespie,65,0,0,30.31824095,-98.94676915,48171.0,240.84778420038532,0.0,65,65,0,0,65,65,26804,0,0,0,0,0
2020-07-14,US,Texas,Glasscock,6,0,0,31.86942909,-101.5207776,48173.0,425.83392476934,0.0,6,6,0,0,6,6,1388,0,0,0,0,0
2020-07-14,US,Texas,Goliad,33,0,0,28.65696592,-97.42760647,48175.0,430.9219117262993,0.0,33,33,0,0,33,33,7584,0,0,0,0,0
2020-07-14,US,Texas,Gonzales,348,4,0,29.45634206,-97.49424032,48177.0,1670.1060613332056,1.1494252873563218,344,348,4,0,344,348,20826,0,0,0,0,0
2020-07-14,US,Texas,Gray,133,4,0,35.40081878,-100.8129222,48179.0,607.6944165219775,3.0075187969924815,129,133,4,0,129,133,21895,0,0,0,0,0
2020-07-14,US,Texas,Grayson,754,7,0,33.62744998,-96.67753461,48181.0,553.5488796875459,0.9283819628647216,747,743,7,0,736,736,133991,11,0,0,11,7
2020-07-14,US,Texas,Gregg,837,15,0,32.47940482,-94.81591935,48183.0,675.2995280164589,1.7921146953405018,822,762,13,0,749,762,123707,75,2,0,73,0
2020-07-14,US,Texas,Grimes,658,2,0,30.54579585,-95.98902499,48185.0,2278.393351800555,0.30395136778115506,656,647,2,0,645,646,28360,11,0,0,11,1
2020-07-14,US,Texas,Guadalupe,1044,3,0,29.58165339,-97.94786822,48187.0,625.7229677488957,0.28735632183908044,1041,1044,3,0,1041,1044,163694,0,0,0,0,0
2020-07-14,US,Texas,Hale,776,11,0,34.07044901,-101.82681140000001,48189.0,2322.935999521045,1.4175257731958764,765,763,11,0,752,763,33830,13,0,0,13,0
2020-07-14,US,Texas,Hall,2,1,0,34.5307555,-100.68138520000001,48191.0,67.47638326585695,50.0,1,2,1,0,1,2,3028,0,0,0,0,0
2020-07-14,US,Texas,Hamilton,34,1,0,31.70470573,-98.11083887,48193.0,401.84375369341683,2.9411764705882355,33,32,1,0,31,32,8484,2,0,0,2,0
2020-07-14,US,Texas,Hansford,38,2,0,36.27743284,-101.3545796,48195.0,703.8340433413596,5.2631578947368425,36,35,2,0,33,35,5463,3,0,0,3,0
2020-07-14,US,Texas,Hardeman,6,0,0,34.28944521,-99.74632408,48197.0,152.55530129672007,0.0,6,5,0,0,5,5,3922,1,0,0,1,0
2020-07-14,US,Texas,Hardin,404,5,0,30.33364686,-94.38931817,48199.0,701.3645359536129,1.2376237623762376,399,404,5,0,399,404,57207,0,0,0,0,0
2020-07-14,US,Texas,Harris,49027,473,0,29.86,-95.39,48201.0,1040.1786424657753,0.96477451200359,48554,47369,466,0,46903,45368,4698619,1658,7,0,1651,2001
2020-07-14,US,Texas,Harrison,451,31,0,32.54935988,-94.36934071,48203.0,677.6554024611962,6.873614190687362,420,429,31,0,398,425,66726,22,0,0,22,4
2020-07-14,US,Texas,Hartley,59,2,0,35.84008013,-102.6029022,48205.0,1058.106169296987,3.3898305084745757,57,55,2,0,53,55,5619,4,0,0,4,0
2020-07-14,US,Texas,Haskell,8,0,0,33.17823584,-99.73037358,48207.0,141.39271827500886,0.0,8,6,0,0,6,6,5813,2,0,0,2,0
2020-07-14,US,Texas,Hays,3643,11,0,30.05669873,-98.02944344,48209.0,1582.5987983891634,0.3019489431786989,3632,3555,11,0,3544,3534,222631,88,0,0,88,21
2020-07-14,US,Texas,Hemphill,22,0,0,35.83764858,-100.2703577,48211.0,576.0670332547787,0.0,22,20,0,0,20,20,3825,2,0,0,2,0
2020-07-14,US,Texas,Henderson,319,5,0,32.21128872,-95.85846587,48213.0,385.55906063792503,1.567398119122257,314,256,4,0,252,256,82299,63,1,0,62,0
2020-07-14,US,Texas,Hidalgo,8040,150,0,26.39418217,-98.18299696,48215.0,925.513435485152,1.8656716417910448,7890,8040,150,0,7890,7727,865939,0,0,0,0,313
2020-07-14,US,Texas,Hill,154,2,0,31.99045053,-97.13423143,48217.0,420.20246118584396,1.2987012987012987,152,145,2,0,143,145,36354,9,0,0,9,0
2020-07-14,US,Texas,Hockley,109,1,0,33.60771256,-102.3431676,48219.0,473.4807349811042,0.9174311926605504,108,108,1,0,107,108,22980,1,0,0,1,0
2020-07-14,US,Texas,Hood,216,5,0,32.42990927,-97.83242024,48221.0,350.4047499310546,2.314814814814815,211,185,5,0,180,185,60537,31,0,0,31,0
2020-07-14,US,Texas,Hopkins,88,1,0,33.14875072,-95.56351139,48223.0,237.29910473519573,1.1363636363636365,87,86,1,0,85,82,36810,2,0,0,2,4
2020-07-14,US,Texas,Houston,188,0,0,31.31925973,-95.42226208,48225.0,818.5301288749565,0.0,188,187,0,0,187,185,23169,1,0,0,1,2
2020-07-14,US,Texas,Howard,71,1,0,32.30621324,-101.4356444,48227.0,193.6504473052585,1.4084507042253518,70,67,1,0,66,67,36459,4,0,0,4,0
2020-07-14,US,Texas,Hudspeth,18,0,0,31.45628381,-105.388178,48229.0,368.3995088006549,0.0,18,17,0,0,17,17,4795,1,0,0,1,0
2020-07-14,US,Texas,Hunt,720,8,0,33.12351514,-96.08551032,48231.0,730.2675619206038,1.1111111111111112,712,720,8,0,712,720,96493,0,0,0,0,0
2020-07-14,US,Texas,Hutchinson,81,0,0,35.84006574,-101.3546643,48233.0,386.85643327920525,0.0,81,73,0,0,73,73,21198,8,0,0,8,0
2020-07-14,US,Texas,Irion,3,0,0,31.30375559,-100.982439,48235.0,195.3125,0.0,3,3,0,0,3,3,1522,0,0,0,0,0
2020-07-14,US,Texas,Jack,13,0,0,33.23377248,-98.17283469,48237.0,145.49524342473418,0.0,13,12,0,0,12,12,8843,1,0,0,1,0
2020-07-14,US,Texas,Jackson,90,1,0,28.95472367,-96.57749563,48239.0,609.7560975609756,1.1111111111111112,89,89,1,0,88,89,14874,1,0,0,1,0
2020-07-14,US,Texas,Jasper,80,1,0,30.74685667,-94.02667579,48241.0,225.16817247882008,1.25,79,71,1,0,70,71,35872,9,0,0,9,0
2020-07-14,US,Texas,Jeff Davis,5,0,0,30.71490589,-104.1399973,48243.0,219.87686895338607,0.0,5,5,0,0,5,5,2252,0,0,0,0,0
2020-07-14,US,Texas,Jefferson,3665,42,0,29.8832777,-94.16434171,48245.0,1456.8799316280088,1.145975443383356,3623,3548,39,0,3509,3548,255001,117,3,0,114,0
2020-07-14,US,Texas,Jim Hogg,34,0,0,27.04453923,-98.69681870000001,48247.0,653.8461538461537,0.0,34,34,0,0,34,33,5248,0,0,0,0,1
2020-07-14,US,Texas,Jim Wells,318,0,0,27.73103938,-98.0904705,48249.0,785.5343115458722,0.0,318,276,0,0,276,271,40822,42,0,0,42,5
2020-07-14,US,Texas,Johnson,885,4,0,32.37877812,-97.36615819,48251.0,503.3642935552307,0.4519774011299435,881,788,4,0,784,788,171361,97,0,0,97,0
2020-07-14,US,Texas,Jones,607,0,0,32.73997145,-99.87861576,48253.0,3022.4568042623114,0.0,607,604,0,0,604,604,19817,3,0,0,3,0
2020-07-14,US,Texas,Karnes,86,0,0,28.90705334,-97.85960149,48255.0,551.2467149541696,0.0,86,81,0,0,81,81,15650,5,0,0,5,0
2020-07-14,US,Texas,Kaufman,1061,5,0,32.599141700000004,-96.28734728,48257.0,779.2646561981288,0.47125353440150797,1056,971,5,0,966,971,128622,90,0,0,90,0
2020-07-14,US,Texas,Kendall,106,0,0,29.94414155,-98.7113588,48259.0,223.48253252092513,0.0,106,106,0,0,106,106,45641,0,0,0,0,0
2020-07-14,US,Texas,Kenedy,3,0,0,26.92601662,-97.66413984,48261.0,742.5742574257425,0.0,3,3,0,0,3,3,442,0,0,0,0,0
2020-07-14,US,Texas,Kent,1,0,0,33.18104136,-100.7780939,48263.0,131.23359580052494,0.0,1,,,,,,726,,,,,
2020-07-14,US,Texas,Kerr,190,1,0,30.06040006,-99.34930144,48265.0,361.21673003802283,0.5263157894736842,189,190,1,0,189,190,52405,0,0,0,0,0
2020-07-14,US,Texas,Kimble,9,0,0,30.48678918,-99.74856473,48267.0,207.51671662439475,0.0,9,9,0,0,9,9,4362,0,0,0,0,0
2020-07-14,US,Texas,Kinney,3,0,0,29.34967888,-100.41866379999999,48271.0,81.81074447777475,0.0,3,3,0,0,3,3,3767,0,0,0,0,0
2020-07-14,US,Texas,Kleberg,186,1,0,27.42435506,-97.69894948,48273.0,606.2581486310299,0.5376344086021505,185,177,1,0,176,177,31129,9,0,0,9,0
2020-07-14,US,Texas,Knox,10,0,0,33.60519951,-99.74229059999999,48275.0,272.9257641921397,0.0,10,6,0,0,6,6,3653,4,0,0,4,0
2020-07-14,US,Texas,La Salle,87,0,0,28.34453111,-99.09908775,48283.0,1156.914893617021,0.0,87,76,0,0,76,76,7531,11,0,0,11,0
2020-07-14,US,Texas,Lamar,418,14,0,33.66981763,-95.57404777,48277.0,838.3641870073607,3.3492822966507183,404,410,14,0,396,397,49728,8,0,0,8,13
2020-07-14,US,Texas,Lamb,89,0,0,34.06859623,-102.35162890000001,48279.0,690.2970604203831,0.0,89,75,0,0,75,75,13158,14,0,0,14,0
2020-07-14,US,Texas,Lampasas,40,0,0,31.19531316,-98.24206613,48281.0,186.67164457718872,0.0,40,39,0,0,39,39,21229,1,0,0,1,0
2020-07-14,US,Texas,Lavaca,340,1,0,29.38508402,-96.93186692,48285.0,1687.0100228242532,0.29411764705882354,339,337,1,0,336,337,20110,3,0,0,3,0
2020-07-14,US,Texas,Lee,98,3,0,30.31120597,-96.97045773,48287.0,568.4784500261036,3.0612244897959178,95,98,3,0,95,98,17144,0,0,0,0,0
2020-07-14,US,Texas,Leon,98,0,0,31.29872538,-95.9936328,48289.0,563.0889450700987,0.0,98,98,0,0,98,97,17270,0,0,0,0,1
2020-07-14,US,Texas,Liberty,550,3,0,30.15152688,-94.81205615,48291.0,623.4484634829233,0.5454545454545454,547,532,3,0,529,522,86323,18,0,0,18,10
2020-07-14,US,Texas,Limestone,107,1,0,31.5454767,-96.58095444,48293.0,456.54307291888887,0.9345794392523364,106,103,1,0,102,102,23519,4,0,0,4,1
2020-07-14,US,Texas,Lipscomb,12,0,0,36.27783108,-100.27331509999999,48295.0,371.17228580266,0.0,12,11,0,0,11,11,3355,1,0,0,1,0
2020-07-14,US,Texas,Live Oak,69,0,0,28.35101362,-98.1246786,48297.0,565.2494470385842,0.0,69,69,0,0,69,69,12166,0,0,0,0,0
2020-07-14,US,Texas,Llano,48,0,0,30.70645047,-98.68475262,48299.0,220.23399862353747,0.0,48,47,0,0,47,46,21646,1,0,0,1,1
2020-07-14,US,Texas,Lubbock,3823,63,0,33.61008596,-101.82047890000001,48303.0,1230.9663875016502,1.6479204812974104,3760,3748,60,0,3688,3668,307412,75,3,0,72,80
2020-07-14,US,Texas,Lynn,53,2,0,33.17657705,-101.8162849,48305.0,890.6066207360108,3.7735849056603774,51,53,1,0,52,53,5877,0,1,0,-1,0
2020-07-14,US,Texas,Madison,137,0,0,30.96694679,-95.93003775,48313.0,959.1150938112573,0.0,137,130,0,0,130,116,14422,7,0,0,7,14
2020-07-14,US,Texas,Marion,64,2,0,32.79868409,-94.35661230000001,48315.0,649.4824436776944,3.125,62,58,2,0,56,40,9928,6,0,0,6,18
2020-07-14,US,Texas,Martin,26,1,0,32.30600051,-101.9513518,48317.0,450.5285045919251,3.8461538461538463,25,25,1,0,24,25,5753,1,0,0,1,0
2020-07-14,US,Texas,Mason,36,0,0,30.71780434,-99.22629416,48319.0,842.3022929340196,0.0,36,35,0,0,35,35,4280,1,0,0,1,0
2020-07-14,US,Texas,Matagorda,382,5,0,28.81955746,-96.01230294,48321.0,1042.4910624130118,1.3089005235602094,377,372,5,0,367,358,36552,10,0,0,10,14
2020-07-14,US,Texas,Maverick,776,7,0,28.7429195,-100.3157686,48323.0,1321.4808759919622,0.9020618556701032,769,776,7,0,769,776,58485,0,0,0,0,0
2020-07-14,US,Texas,McCulloch,25,0,0,31.1925468,-99.34682807,48307.0,313.1262525050101,0.0,25,23,0,0,23,23,7987,2,0,0,2,0
2020-07-14,US,Texas,McLennan,2744,19,0,31.55255453,-97.20217694,48309.0,1069.2728243376469,0.6924198250728864,2725,2557,17,0,2540,2537,254607,187,2,0,185,20
2020-07-14,US,Texas,McMullen,1,0,0,28.35251708,-98.56769164,48311.0,134.5895020188425,0.0,1,,,,,,749,,,,,
2020-07-14,US,Texas,Medina,360,3,0,29.355730100000002,-99.11030298,48325.0,697.8908188585608,0.8333333333333334,357,343,3,0,340,343,50921,17,0,0,17,0
2020-07-14,US,Texas,Menard,14,0,0,30.88990665,-99.82047940000001,48327.0,654.8175865294668,0.0,14,14,0,0,14,14,2139,0,0,0,0,0
2020-07-14,US,Texas,Midland,1194,21,0,31.86904128,-102.03156820000001,48329.0,675.2171552660152,1.7587939698492463,1173,1104,19,0,1085,1104,172578,90,2,0,88,0
2020-07-14,US,Texas,Milam,149,1,0,30.78581830000001,-96.97718698,48331.0,600.2497683599888,0.6711409395973155,148,149,1,0,148,149,25131,0,0,0,0,0
2020-07-14,US,Texas,Mills,7,0,0,31.49557106,-98.59272068,48333.0,143.64867638005336,0.0,7,7,0,0,7,7,4921,0,0,0,0,0
2020-07-14,US,Texas,Mitchell,26,0,0,32.30623474,-100.9212058,48335.0,304.27150380339384,0.0,26,25,0,0,25,25,8145,1,0,0,1,0
2020-07-14,US,Texas,Montague,27,1,0,33.67521893,-97.72500958,48337.0,136.23978201634878,3.703703703703704,26,26,1,0,25,26,19596,1,0,0,1,0
2020-07-14,US,Texas,Montgomery,3471,44,0,30.30079133,-95.50572772,48339.0,571.4605583553263,1.2676462114664362,3427,3112,42,0,3070,3007,590925,359,2,0,357,105
2020-07-14,US,Texas,Moore,921,15,0,35.83769242,-101.8930281,48341.0,4398.280802292264,1.6286644951140066,906,916,15,0,901,916,21485,5,0,0,5,0
2020-07-14,US,Texas,Morris,54,0,0,33.11304005,-94.73255695,48343.0,435.90571520826614,0.0,54,51,0,0,51,50,12339,3,0,0,3,1
2020-07-14,US,Texas,Motley,2,0,0,34.07408766,-100.77972199999999,48345.0,166.66666666666666,0.0,2,2,0,0,2,2,1234,0,0,0,0,0
2020-07-14,US,Texas,Nacogdoches,611,33,0,31.62017125,-94.61803994,48347.0,937.0590761302988,5.400981996726677,578,593,33,0,560,586,65711,18,0,0,18,7
2020-07-14,US,Texas,Navarro,470,7,0,32.04620681,-96.47428766,48349.0,937.8803903178816,1.4893617021276595,463,446,7,0,439,446,49565,24,0,0,24,0
2020-07-14,US,Texas,Newton,21,0,0,30.78548982,-93.74408813,48351.0,154.46855461566753,0.0,21,12,0,0,12,12,13746,9,0,0,9,0
2020-07-14,US,Texas,Nolan,70,0,0,32.30365282,-100.4060208,48353.0,475.7373929590866,0.0,70,67,0,0,67,67,14751,3,0,0,3,0
2020-07-14,US,Texas,Nueces,6427,58,0,27.736286,-97.5433285,48355.0,1773.9736236316364,0.9024428193558426,6369,6427,58,0,6369,6174,362265,0,0,0,0,253
2020-07-14,US,Texas,Ochiltree,62,2,0,36.27829105,-100.8158184,48357.0,630.3375355835708,3.2258064516129035,60,63,2,0,61,63,9947,-1,0,0,-1,0
2020-07-14,US,Texas,Oldham,4,1,0,35.40425596,-102.6027606,48359.0,189.3939393939394,25.0,3,4,1,0,3,4,2131,0,0,0,0,0
2020-07-14,US,Texas,Orange,498,5,0,30.11879481,-93.89412775,48361.0,597.1509424912466,1.0040160642570282,493,498,5,0,493,498,83572,0,0,0,0,0
2020-07-14,US,Texas,Palo Pinto,76,2,0,32.75310985,-98.31319001,48363.0,260.3720579670424,2.631578947368421,74,61,2,0,59,61,28875,15,0,0,15,0
2020-07-14,US,Texas,Panola,234,24,0,32.163959600000005,-94.30552481,48365.0,1008.881607312236,10.256410256410255,210,231,24,0,207,229,23148,3,0,0,3,2
2020-07-14,US,Texas,Parker,615,1,0,32.77757172,-97.80500621,48367.0,430.43715617519837,0.16260162601626016,614,556,1,0,555,556,138371,59,0,0,59,0
2020-07-14,US,Texas,Parmer,236,8,0,34.52993409,-102.78446679999999,48369.0,2457.0536179073397,3.3898305084745757,228,236,8,0,228,236,9864,0,0,0,0,0
2020-07-14,US,Texas,Pecos,148,1,0,30.78097267,-102.72412609999999,48371.0,935.3472792770018,0.6756756756756757,147,139,1,0,138,139,15673,9,0,0,9,0
2020-07-14,US,Texas,Polk,380,0,0,30.79472531,-94.82766240000001,48373.0,739.9762428679921,0.0,380,321,0,0,321,321,50031,59,0,0,59,0
2020-07-14,US,Texas,Potter,3056,39,0,35.40133773,-101.893964,48375.0,2602.7338926031603,1.2761780104712042,3017,3048,39,0,3009,3048,119648,8,0,0,8,0
2020-07-14,US,Texas,Presidio,27,0,0,29.99954402,-104.24080790000001,48377.0,402.74463007159903,0.0,27,26,0,0,26,26,6948,1,0,0,1,0
2020-07-14,US,Texas,Rains,19,0,0,32.87109387,-95.79232691,48379.0,151.8299504554899,0.0,19,16,0,0,16,16,12159,3,0,0,3,0
2020-07-14,US,Texas,Randall,1105,7,0,34.96585996,-101.8971322,48381.0,802.3933833407158,0.6334841628959276,1098,1045,7,0,1038,1045,136271,60,0,0,60,0
2020-07-14,US,Texas,Reagan,39,0,0,31.36607041,-101.52326590000001,48383.0,1013.2501948558067,0.0,39,37,0,0,37,31,3741,2,0,0,2,6
2020-07-14,US,Texas,Real,6,0,0,29.83321503,-99.82018052,48385.0,173.81228273464657,0.0,6,6,0,0,6,6,3478,0,0,0,0,0
2020-07-14,US,Texas,Red River,123,12,0,33.61886692,-95.04841765,48387.0,1023.0391749147467,9.75609756097561,111,123,12,0,111,120,12175,0,0,0,0,3
2020-07-14,US,Texas,Reeves,83,1,0,31.32323325,-103.69038959999999,48389.0,519.5292939409113,1.2048192771084338,82,78,1,0,77,77,15695,5,0,0,5,1
2020-07-14,US,Texas,Refugio,51,0,0,28.323897600000002,-97.15766311,48391.0,734.0241796200345,0.0,51,51,0,0,51,51,7032,0,0,0,0,0
2020-07-14,US,Texas,Roberts,6,0,0,35.83809685,-100.813175,48393.0,702.5761124121782,0.0,6,6,0,0,6,6,903,0,0,0,0,0
2020-07-14,US,Texas,Robertson,115,0,0,31.02539637,-96.51272246,48395.0,673.5387138338996,0.0,115,115,0,0,115,112,17284,0,0,0,0,3
2020-07-14,US,Texas,Rockwall,491,17,0,32.89779518,-96.40771592,48397.0,467.9979030643855,3.4623217922606924,474,433,17,0,416,433,100657,58,0,0,58,0
2020-07-14,US,Texas,Runnels,25,0,0,31.8314342,-99.97616148,48399.0,243.56975837879972,0.0,25,24,0,0,24,24,10234,1,0,0,1,0
2020-07-14,US,Texas,Rusk,264,3,0,32.10773545,-94.76176432,48401.0,485.24059846340487,1.1363636363636365,261,266,3,0,263,266,54450,-2,0,0,-2,0
2020-07-14,US,Texas,Sabine,34,1,0,31.34318809,-93.85440451,48403.0,322.51944602542216,2.9411764705882355,33,33,1,0,32,31,10589,1,0,0,1,2
2020-07-14,US,Texas,San Augustine,130,12,0,31.39457611,-94.17000399,48405.0,1578.2445064950832,9.23076923076923,118,126,9,0,117,126,8232,4,3,0,1,0
2020-07-14,US,Texas,San Jacinto,104,2,0,30.57933681,-95.16260304,48407.0,360.372847292006,1.9230769230769231,102,100,2,0,98,85,28719,4,0,0,4,15
2020-07-14,US,Texas,San Patricio,339,0,0,28.00880118,-97.51763891,48409.0,508.01738348568864,0.0,339,310,0,0,310,310,66893,29,0,0,29,0
2020-07-14,US,Texas,San Saba,10,0,0,31.1577796,-98.81758731,48411.0,165.15276630883568,0.0,10,10,0,0,10,10,6054,0,0,0,0,0
2020-07-14,US,Texas,Schleicher,25,1,0,30.89740592,-100.5384842,48413.0,895.0948800572861,4.0,24,24,1,0,23,24,2895,1,0,0,1,0
2020-07-14,US,Texas,Scurry,350,1,0,32.74613808,-100.91626640000001,48415.0,2095.431958330839,0.2857142857142857,349,321,1,0,320,321,16866,29,0,0,29,0
2020-07-14,US,Texas,Shackelford,9,0,0,32.73587756,-99.35401337,48417.0,275.65084226646246,0.0,9,8,0,0,8,8,3253,1,0,0,1,0
2020-07-14,US,Texas,Shelby,303,14,0,31.79211404,-94.14550696,48419.0,1198.8604890401202,4.62046204620462,289,303,14,0,289,297,25418,0,0,0,0,6
2020-07-14,US,Texas,Sherman,33,0,0,36.27751473,-101.8933156,48421.0,1091.9920582395764,0.0,33,32,0,0,32,32,3079,1,0,0,1,0
2020-07-14,US,Texas,Smith,1441,7,0,32.37474036,-95.27175679999999,48423.0,619.1165666312927,0.4857737682165163,1434,1299,7,0,1292,1299,230221,142,0,0,142,0
2020-07-14,US,Texas,Somervell,30,0,0,32.22236802,-97.77403489,48425.0,328.6590709903593,0.0,30,25,0,0,25,25,9016,5,0,0,5,0
2020-07-14,US,Texas,Starr,1017,8,0,26.56150059,-98.73892358,48427.0,1573.4996054647006,0.7866273352999017,1009,1005,4,0,1001,1005,64525,12,4,0,8,0
2020-07-14,US,Texas,Stephens,16,0,0,32.73553157,-98.83631615,48429.0,170.8306641042067,0.0,16,15,0,0,15,15,9433,1,0,0,1,0
2020-07-14,US,Texas,Sterling,1,0,0,31.82781912,-101.05007459999999,48431.0,77.45933384972889,0.0,1,1,0,0,1,1,1311,0,0,0,0,0
2020-07-14,US,Texas,Sutton,25,0,0,30.49856623,-100.5382014,48435.0,662.0762711864406,0.0,25,21,0,0,21,21,3758,4,0,0,4,0
2020-07-14,US,Texas,Swisher,58,1,0,34.53028891,-101.73491740000001,48437.0,784.101662836285,1.7241379310344829,57,53,1,0,52,53,7462,5,0,0,5,0
2020-07-14,US,Texas,Tarrant,18483,272,0,32.77143818,-97.29101614,48439.0,879.0900421637898,1.471622572093275,18211,18161,272,0,17889,17757,2084931,322,0,0,322,404
2020-07-14,US,Texas,Taylor,794,9,0,32.30163422,-99.89007449,48441.0,575.2205978237246,1.1335012594458438,785,1174,7,0,1167,750,137640,-380,2,0,-382,424
2020-07-14,US,Texas,Terrell,2,0,0,30.22429013,-102.0766732,48443.0,257.73195876288656,0.0,2,2,0,0,2,2,823,0,0,0,0,0
2020-07-14,US,Texas,Terry,56,0,0,33.17402785,-102.3354521,48445.0,453.91910513090704,0.0,56,48,0,0,48,48,12287,8,0,0,8,0
2020-07-14,US,Texas,Throckmorton,2,0,0,33.17751417,-99.21226795,48447.0,133.24450366422386,0.0,2,1,0,0,1,1,1515,1,0,0,1,0
2020-07-14,US,Texas,Titus,985,6,0,33.21339719,-94.96797273,48449.0,3007.6335877862603,0.6091370558375635,979,985,6,0,979,965,33033,0,0,0,0,20
2020-07-14,US,Texas,Tom Green,1160,7,0,31.40464436,-100.46244300000001,48451.0,973.1543624161072,0.603448275862069,1153,1065,7,0,1058,975,118189,95,0,0,95,90
2020-07-14,US,Texas,Travis,15445,172,0,30.33432034,-97.78535620000001,48453.0,1212.3671655334495,1.1136290061508578,15273,14788,169,0,14619,14622,1248743,657,3,0,654,166
2020-07-14,US,Texas,Trinity,83,0,0,31.0879489,-95.1367187,48455.0,566.5142311105044,0.0,83,81,0,0,81,69,14740,2,0,0,2,12
2020-07-14,US,Texas,Tyler,45,0,0,30.77031716,-94.37690895,48457.0,207.64119601328903,0.0,45,37,0,0,37,37,21696,8,0,0,8,0
2020-07-14,US,Texas,Upshur,107,0,0,32.73706798,-94.93999853,48459.0,256.26901061001604,0.0,107,100,0,0,100,95,41260,7,0,0,7,5
2020-07-14,US,Texas,Upton,10,0,0,31.36868194,-102.0423217,48461.0,273.4481815695926,0.0,10,10,0,0,10,10,3671,0,0,0,0,0
2020-07-14,US,Texas,Uvalde,259,2,0,29.35739637,-99.76229172,48463.0,968.550166411129,0.7722007722007722,257,259,2,0,257,237,26846,0,0,0,0,22
2020-07-14,US,Texas,Val Verde,699,3,0,29.89149232,-101.1525205,48465.0,1425.8031616522187,0.4291845493562232,696,699,3,0,696,622,49208,0,0,0,0,77
2020-07-14,US,Texas,Van Zandt,209,3,0,32.56483801,-95.83766469,48467.0,369.32320197914834,1.4354066985645932,206,182,3,0,179,182,56019,27,0,0,27,0
2020-07-14,US,Texas,Victoria,1599,10,0,28.79780988,-96.96813006,48469.0,1736.458016593545,0.6253908692933083,1589,1599,10,0,1589,1599,92035,0,0,0,0,0
2020-07-14,US,Texas,Walker,2490,28,0,30.73872995,-95.57440968,48471.0,3412.314481095229,1.1244979919678717,2462,2256,28,0,2228,2239,72480,234,0,0,234,17
2020-07-14,US,Texas,Waller,257,0,0,30.01058447,-95.99011759,48473.0,465.1920501031749,0.0,257,253,0,0,253,247,53126,4,0,0,4,6
2020-07-14,US,Texas,Ward,53,0,0,31.50999644,-103.09279090000001,48475.0,441.74029004834136,0.0,53,48,0,0,48,46,11720,5,0,0,5,2
2020-07-14,US,Texas,Washington,357,33,0,30.21498498,-96.40946246,48477.0,994.9278189621538,9.243697478991596,324,350,33,0,317,349,35108,7,0,0,7,1
2020-07-14,US,Texas,Webb,3001,46,0,27.7610369,-99.33237355,48479.0,1084.7563003339937,1.5328223925358213,2955,2880,43,0,2837,2722,275910,121,3,0,118,158
2020-07-14,US,Texas,Wharton,359,1,0,29.27765923,-96.22319248,48481.0,863.8945038020984,0.2785515320334262,358,349,1,0,348,339,41619,10,0,0,10,10
2020-07-14,US,Texas,Wheeler,23,0,0,35.40114335,-100.26995140000001,48483.0,454.90506329113924,0.0,23,20,0,0,20,20,5191,3,0,0,3,0
2020-07-14,US,Texas,Wichita,636,5,0,33.98842886,-98.70410340000001,48485.0,480.9801104136731,0.7861635220125787,631,604,3,0,601,601,132064,32,2,0,30,3
2020-07-14,US,Texas,Wilbarger,19,0,0,34.07945812,-99.24178437,48487.0,148.79786984102122,0.0,19,17,0,0,17,17,12820,2,0,0,2,0
2020-07-14,US,Texas,Willacy,356,3,0,26.47411727,-97.61535848,48489.0,1666.8227362112555,0.8426966292134831,353,346,3,0,343,325,21515,10,0,0,10,21
2020-07-14,US,Texas,Williamson,4153,56,0,30.64655664,-97.60048540000001,48491.0,703.2415489940753,1.3484228268721403,4097,4042,56,0,3986,3810,566719,111,0,0,111,232
2020-07-14,US,Texas,Wilson,203,5,0,29.1732598,-98.08693082,48493.0,397.4936361856276,2.4630541871921183,198,201,5,0,196,201,50224,2,0,0,2,0
2020-07-14,US,Texas,Winkler,45,0,0,31.85008651,-103.04851629999999,48495.0,561.7977528089888,0.0,45,41,0,0,41,40,7720,4,0,0,4,1
2020-07-14,US,Texas,Wise,202,5,0,33.21570665,-97.65460265,48497.0,288.6374028349337,2.4752475247524752,197,184,5,0,179,184,68305,18,0,0,18,0
2020-07-14,US,Texas,Wood,144,5,0,32.78722382,-95.38236368,48499.0,316.21247721733016,3.4722222222222223,139,123,5,0,118,123,45129,21,0,0,21,0
2020-07-14,US,Texas,Yoakum,44,0,0,33.17320212,-102.82764329999999,48501.0,504.99253988293367,0.0,44,42,0,0,42,42,8591,2,0,0,2,0
2020-07-14,US,Texas,Young,62,1,0,33.17659707,-98.68790885,48503.0,344.25319267073854,1.6129032258064515,61,53,1,0,52,53,18045,9,0,0,9,0
2020-07-14,US,Texas,Zapata,86,0,0,27.00156391,-99.16987152,48505.0,606.5307849636788,0.0,86,81,0,0,81,76,14190,5,0,0,5,5
2020-07-14,US,Texas,Zavala,60,0,0,28.86617238,-99.76050829,48507.0,506.75675675675683,0.0,60,60,0,0,60,60,11983,0,0,0,0,0
2020-07-14,US,Utah,Bear River,1806,4,0,41.52106798,-113.0832816,0.0,966.7162693102376,0.22148394241417496,1802,1775,3,0,1772,1777,,31,1,0,30,-2
2020-07-14,US,Utah,Central Utah,273,0,0,39.37231946,-111.5758676,0.0,333.1136979281061,0.0,273,271,0,0,271,270,,2,0,0,2,1
2020-07-14,US,Utah,Davis,1976,6,0,40.99001837,-112.1139997,49011.0,555.8665582689372,0.30364372469635625,1970,1909,6,0,1903,1846,351713,67,0,0,67,63
2020-07-14,US,Utah,Salt Lake,15083,130,0,40.66616532,-111.9216011,49035.0,1299.7689663462986,0.8618975004972486,14953,14869,130,0,14739,14609,1152633,214,0,0,214,260
2020-07-14,US,Utah,San Juan,481,17,0,37.62762978,-109.80337140000002,49037.0,3142.147896524693,3.5343035343035343,464,481,11,0,470,477,15449,0,6,0,-6,4
2020-07-14,US,Utah,Southeast Utah,54,0,0,38.99617072,-110.7013958,0.0,134.2315245221109,0.0,54,55,0,0,55,54,,-1,0,0,-1,1
2020-07-14,US,Utah,Southwest Utah,2140,19,0,37.85447192,-111.4418764,0.0,849.0648383999492,0.8878504672897196,2121,2116,18,0,2098,2069,,24,1,0,23,47
2020-07-14,US,Utah,Summit,596,1,0,40.86688146,-110.9535882,49043.0,1414.1653814212837,0.16778523489932887,595,591,1,0,590,584,41933,5,0,0,5,7
2020-07-14,US,Utah,Tooele,364,0,0,40.44862644,-113.1295715,49045.0,503.7434783210397,0.0,364,358,0,0,358,346,69907,6,0,0,6,12
2020-07-14,US,Utah,TriCounty,73,0,0,40.12491499,-109.5174415,0.0,128.92515276747554,0.0,73,72,0,0,72,69,,1,0,0,1,3
2020-07-14,US,Utah,Utah,5560,29,0,40.1166722,-111.6657662,49049.0,873.8909365250263,0.5215827338129496,5531,5491,28,0,5463,5369,622213,69,1,0,68,122
2020-07-14,US,Utah,Wasatch,464,4,0,40.33110236,-111.1691419,49051.0,1361.0630371652342,0.8620689655172413,460,462,4,0,458,456,33240,2,0,0,2,6
2020-07-14,US,Utah,Weber-Morgan,1608,16,0,41.27116049,-111.9145117,0.0,590.4449266900938,0.9950248756218906,1592,1580,15,0,1565,1558,,28,1,0,27,22
2020-07-14,US,Vermont,Addison,68,2,0,44.03217337,-73.14130877,50001.0,184.89817005193456,2.9411764705882355,66,68,2,0,66,68,36973,0,0,0,0,0
2020-07-14,US,Vermont,Bennington,74,1,0,43.03519828,-73.09048868,50003.0,208.62700873978008,1.351351351351351,73,74,1,0,73,74,35631,0,0,0,0,0
2020-07-14,US,Vermont,Caledonia,22,0,0,44.46548598,-72.10314651,50005.0,73.35044843796885,0.0,22,22,0,0,22,21,30302,0,0,0,0,1
2020-07-14,US,Vermont,Chittenden,662,39,0,44.46322849,-73.08359212,50007.0,404.21556535225375,5.891238670694864,623,659,39,0,620,658,164572,3,0,0,3,1
2020-07-14,US,Vermont,Essex,5,0,0,44.72736416,-71.73579864,50009.0,81.12932013629725,0.0,5,5,0,0,5,5,6250,0,0,0,0,0
2020-07-14,US,Vermont,Franklin,110,6,0,44.85627605,-72.91249563,50011.0,222.66305007894417,5.454545454545454,104,110,6,0,104,110,49421,0,0,0,0,0
2020-07-14,US,Vermont,Grand Isle,13,0,0,44.797582399999996,-73.29679772,50013.0,179.68210089841045,0.0,13,13,0,0,13,13,7090,0,0,0,0,0
2020-07-14,US,Vermont,Lamoille,40,1,0,44.60353043,-72.64356694,50015.0,157.71626843308889,2.5,39,39,1,0,38,38,25300,1,0,0,1,1
2020-07-14,US,Vermont,Orange,10,0,0,44.00470222,-72.37640104,50017.0,34.61165720614703,0.0,10,10,0,0,10,10,28999,0,0,0,0,0
2020-07-14,US,Vermont,Orleans,14,0,0,44.82964024,-72.24562697,50019.0,51.78089285053815,0.0,14,14,0,0,14,14,26907,0,0,0,0,0
2020-07-14,US,Vermont,Rutland,78,1,0,43.57723578,-73.03741676,50021.0,134.04134659998968,1.2820512820512822,77,78,1,0,77,76,58672,0,0,0,0,2
2020-07-14,US,Vermont,Unassigned,5,0,0,0.0,0.0,90050.0,0.0,0.0,5,5,0,0,5,5,,0,0,0,0,0
2020-07-14,US,Vermont,Washington,43,1,0,44.27343241,-72.61604978,50023.0,73.6187916245784,2.3255813953488373,42,43,1,0,42,43,58140,0,0,0,0,0
2020-07-14,US,Vermont,Windham,99,3,0,42.986982,-72.71268875,50025.0,234.4749182890436,3.0303030303030303,96,99,3,0,96,99,42756,0,0,0,0,0
2020-07-14,US,Vermont,Windsor,62,2,0,43.58010937,-72.58595157,50027.0,112.60034143329338,3.2258064516129035,60,62,2,0,60,62,55286,0,0,0,0,0
2020-07-14,US,Virginia,Accomack,1045,14,0,37.76707161,-75.63234615,51001.0,3233.692288649585,1.3397129186602872,1031,1041,14,0,1027,1042,32412,4,0,0,4,-1
2020-07-14,US,Virginia,Albemarle,578,10,0,38.02080697,-78.55481085,51003.0,528.6746547150827,1.7301038062283738,568,563,10,0,553,552,108718,15,0,0,15,11
2020-07-14,US,Virginia,Alexandria,2465,57,0,38.814003,-77.08183073,51510.0,1546.1524951702334,2.31237322515213,2408,2456,57,0,2399,2455,160530,9,0,0,9,1
2020-07-14,US,Virginia,Alleghany,52,2,0,37.78636074,-80.00222498,51005.0,349.93270524899066,3.8461538461538463,50,52,2,0,50,52,14910,0,0,0,0,0
2020-07-14,US,Virginia,Amelia,53,1,0,37.34081025,-77.98584649,51007.0,403.19513122860405,1.8867924528301887,52,51,1,0,50,50,13013,2,0,0,2,1
2020-07-14,US,Virginia,Amherst,40,0,0,37.60308293,-79.14548696,51009.0,126.56225280809996,0.0,40,40,0,0,40,40,31666,0,0,0,0,0
2020-07-14,US,Virginia,Appomattox,48,0,0,37.37569884,-78.81340003,51011.0,301.6780843441644,0.0,48,48,0,0,48,47,15841,0,0,0,0,1
2020-07-14,US,Virginia,Arlington,2660,134,0,38.8767675,-77.10139853,51013.0,1123.1116102718267,5.037593984962406,2526,2626,134,0,2492,2615,237521,34,0,0,34,11
2020-07-14,US,Virginia,Augusta,213,2,0,38.16404586,-79.12461614,51015.0,281.9026443262129,0.9389671361502347,211,213,2,0,211,208,75457,0,0,0,0,5
2020-07-14,US,Virginia,Bath,1,0,0,38.05852573,-79.73912095,51017.0,24.11381721726549,0.0,1,1,0,0,1,1,4292,0,0,0,0,0
2020-07-14,US,Virginia,Bedford,170,4,0,37.3080028,-79.5281964,51019.0,215.19804549539856,2.3529411764705883,166,167,4,0,163,162,78747,3,0,0,3,5
2020-07-14,US,Virginia,Bland,3,0,0,37.13128068,-81.13599391,51021.0,47.77070063694269,0.0,3,3,0,0,3,3,6293,0,0,0,0,0
2020-07-14,US,Virginia,Botetourt,160,4,0,37.55531756,-79.80982182,51023.0,478.7695622250815,2.5,156,156,4,0,152,155,33277,4,0,0,4,1
2020-07-14,US,Virginia,Bristol,14,0,0,36.616302399999995,-82.16359122,51520.0,83.5222527144732,0.0,14,13,0,0,13,13,16482,1,0,0,1,0
2020-07-14,US,Virginia,Brunswick,143,1,0,36.76366949,-77.8593436,51025.0,881.0301275337317,0.6993006993006993,142,138,1,0,137,130,16384,5,0,0,5,8
2020-07-14,US,Virginia,Buchanan,46,0,0,37.26818323,-82.03749726,51027.0,219.0059036374024,0.0,46,42,0,0,42,39,21221,4,0,0,4,3
2020-07-14,US,Virginia,Buckingham,577,6,0,37.57242268,-78.52518834,51029.0,3364.823886167483,1.0398613518197577,571,577,6,0,571,577,16999,0,0,0,0,0
2020-07-14,US,Virginia,Buena Vista,22,0,0,37.73484642,-79.35296097,51530.0,339.6109910466193,0.0,22,23,0,0,23,21,6237,-1,0,0,-1,2
2020-07-14,US,Virginia,Campbell,70,1,0,37.20553386,-79.09678609,51031.0,127.53940056481736,1.4285714285714286,69,66,1,0,65,65,54973,4,0,0,4,1
2020-07-14,US,Virginia,Caroline,145,4,0,38.02679129,-77.34901405,51033.0,471.92839707078934,2.7586206896551726,141,142,4,0,138,140,30772,3,0,0,3,2
2020-07-14,US,Virginia,Carroll,255,10,0,36.73066666,-80.73455942,51035.0,855.9632103655466,3.92156862745098,245,251,9,0,242,249,29636,4,1,0,3,2
2020-07-14,US,Virginia,Charles City,41,3,0,37.35358063,-77.05634116,51036.0,588.8266551773661,7.317073170731707,38,41,3,0,38,41,6941,0,0,0,0,0
2020-07-14,US,Virginia,Charlotte,38,0,0,37.01909701,-78.66314092,51037.0,319.8653198653198,0.0,38,38,0,0,38,36,11938,0,0,0,0,2
2020-07-14,US,Virginia,Charlottesville,310,7,0,38.03527919,-78.48569588,51540.0,655.8625650573351,2.2580645161290325,303,285,7,0,278,276,48117,25,0,0,25,9
2020-07-14,US,Virginia,Chesapeake,1379,23,0,36.67670048,-76.30545744,51550.0,563.23646537464,1.6678752719361856,1356,1326,22,0,1304,1253,242634,53,1,0,52,73
2020-07-14,US,Virginia,Chesterfield,3278,63,0,37.37373208,-77.58680140000001,51041.0,929.1330548012767,1.9219035997559488,3215,3216,62,0,3154,3189,348556,62,1,0,61,27
2020-07-14,US,Virginia,Clarke,61,0,0,39.11271747,-77.99199425,51043.0,417.2652028182502,0.0,61,61,0,0,61,60,14523,0,0,0,0,1
2020-07-14,US,Virginia,Colonial Heights,161,20,0,37.26420587,-77.39609676,51570.0,926.8854346574553,12.422360248447205,141,158,20,0,138,157,17833,3,0,0,3,1
2020-07-14,US,Virginia,Covington,5,0,0,37.7824656,-79.98631446,51580.0,90.2853015529072,0.0,5,5,0,0,5,5,5460,0,0,0,0,0
2020-07-14,US,Virginia,Craig,9,0,0,37.48133648,-80.21072274,51045.0,175.4044045994933,0.0,9,9,0,0,9,9,5064,0,0,0,0,0
2020-07-14,US,Virginia,Culpeper,863,12,0,38.48199985,-77.95630870000002,51047.0,1640.5284668757724,1.3904982618771726,851,857,12,0,845,853,51859,6,0,0,6,4
2020-07-14,US,Virginia,Cumberland,61,0,0,37.51328851,-78.24398086,51049.0,614.1763995167137,0.0,61,61,0,0,61,59,9809,0,0,0,0,2
2020-07-14,US,Virginia,Danville,138,2,0,36.58022376,-79.40395668,51590.0,344.6209169913097,1.4492753623188406,136,138,2,0,136,135,40693,0,0,0,0,3
2020-07-14,US,Virginia,Dickenson,6,0,0,37.12560977,-82.35124171,51051.0,41.90529403547981,0.0,6,6,0,0,6,6,14523,0,0,0,0,0
2020-07-14,US,Virginia,Dinwiddie,160,2,0,37.07544585,-77.63451754,51053.0,560.5381165919282,1.25,158,156,2,0,154,156,28529,4,0,0,4,0
2020-07-14,US,Virginia,Emporia,146,15,0,36.69455571,-77.53406129,51595.0,2731.013842124953,10.273972602739725,131,146,15,0,131,146,5121,0,0,0,0,0
2020-07-14,US,Virginia,Essex,66,0,0,37.93357639,-76.94230311,51057.0,602.5746370857299,0.0,66,64,0,0,64,63,10919,2,0,0,2,1
2020-07-14,US,Virginia,Fairfax,14574,500,0,38.83677558,-77.27565836,51059.0,1270.0299425201215,3.4307671195279266,14074,14556,500,0,14056,14482,1150795,18,0,0,18,74
2020-07-14,US,Virginia,Fairfax,14574,500,0,38.83677558,-77.27565836,51059.0,1270.0299425201215,3.4307671195279266,14074,14556,500,0,14056,14482,24574,18,0,0,18,74
2020-07-14,US,Virginia,Fairfax City,74,7,0,38.85157547,-77.29779640000002,51600.0,308.08942920188184,9.459459459459461,67,73,7,0,66,72,24574,1,0,0,1,1
2020-07-14,US,Virginia,Falls Church,53,7,0,38.88485255,-77.17560759,51610.0,362.5915030444004,13.20754716981132,46,53,7,0,46,53,14772,0,0,0,0,0
2020-07-14,US,Virginia,Fauquier,497,8,0,38.73564842,-77.80647472,51061.0,697.8180899160371,1.6096579476861168,489,497,8,0,489,492,70675,0,0,0,0,5
2020-07-14,US,Virginia,Floyd,25,1,0,36.9302126,-80.36738849,51063.0,158.74023747539528,4.0,24,24,1,0,23,20,15795,1,0,0,1,4
2020-07-14,US,Virginia,Fluvanna,139,8,0,37.84157909,-78.27715475,51065.0,509.71763843050974,5.755395683453237,131,138,8,0,130,134,26783,1,0,0,1,4
2020-07-14,US,Virginia,Franklin,114,1,0,36.99536167,-79.88023649,51067.0,203.41886442311127,0.8771929824561403,113,106,1,0,105,106,56195,8,0,0,8,0
2020-07-14,US,Virginia,Franklin,114,1,0,36.99536167,-79.88023649,51067.0,203.41886442311127,0.8771929824561403,113,106,1,0,105,106,8013,8,0,0,8,0
2020-07-14,US,Virginia,Franklin City,78,3,0,36.6831435,-76.93859681,51620.0,979.0385339525543,3.8461538461538463,75,77,3,0,74,75,8013,1,0,0,1,2
2020-07-14,US,Virginia,Frederick,558,6,0,39.20172582,-78.25974949,51069.0,624.7690705720332,1.075268817204301,552,553,6,0,547,551,88355,5,0,0,5,2
2020-07-14,US,Virginia,Fredericksburg,287,0,0,38.2977863,-77.4922454,51630.0,988.4281581485053,0.0,287,285,0,0,285,279,29144,2,0,0,2,6
2020-07-14,US,Virginia,Galax,290,16,0,36.66601852,-80.91703124,51640.0,4569.087757995902,5.517241379310344,274,289,16,0,273,288,6423,1,0,0,1,1
2020-07-14,US,Virginia,Giles,18,0,0,37.31234791,-80.70636931,51071.0,107.65550239234449,0.0,18,18,0,0,18,18,16844,0,0,0,0,0
2020-07-14,US,Virginia,Gloucester,76,1,0,37.40809042,-76.53524337,51073.0,203.49148548784407,1.3157894736842106,75,69,1,0,68,67,37349,7,0,0,7,2
2020-07-14,US,Virginia,Goochland,131,6,0,37.71714806,-77.90381514,51075.0,551.5092830379319,4.580152671755725,125,131,6,0,125,130,23244,0,0,0,0,1
2020-07-14,US,Virginia,Grayson,93,4,0,36.65677234,-81.23215889,51077.0,598.0707395498392,4.301075268817204,89,92,4,0,88,92,15631,1,0,0,1,0
2020-07-14,US,Virginia,Greene,87,2,0,38.29545894,-78.46525378,51079.0,438.97270296180426,2.2988505747126435,85,87,2,0,85,84,19779,0,0,0,0,3
2020-07-14,US,Virginia,Greensville,382,9,0,36.67878901,-77.56351439,51081.0,3369.795342272407,2.356020942408377,373,381,9,0,372,376,11627,1,0,0,1,5
2020-07-14,US,Virginia,Halifax,89,1,0,36.76654925,-78.93512622,51083.0,262.4517118339182,1.1235955056179776,88,87,1,0,86,83,34120,2,0,0,2,4
2020-07-14,US,Virginia,Hampton,568,4,0,37.03513786,-76.35879121,51650.0,422.27343691918816,0.7042253521126759,564,544,4,0,540,488,134313,24,0,0,24,56
2020-07-14,US,Virginia,Hanover,486,31,0,37.7583355,-77.49464673,51085.0,450.9771170870217,6.378600823045268,455,483,31,0,452,476,107239,3,0,0,3,7
2020-07-14,US,Virginia,Harrisonburg,992,28,0,38.43542574,-78.87536254,51660.0,1871.133242794628,2.8225806451612905,964,988,28,0,960,979,54033,4,0,0,4,9
2020-07-14,US,Virginia,Henrico,2925,173,0,37.53460572,-77.39326555,51087.0,884.1719616224028,5.914529914529915,2752,2891,173,0,2718,2860,329261,34,0,0,34,31
2020-07-14,US,Virginia,Henry,363,5,0,36.68542395,-79.87634026,51089.0,718.0014636944438,1.3774104683195592,358,350,5,0,345,350,50953,13,0,0,13,0
2020-07-14,US,Virginia,Highland,3,0,0,38.35799465,-79.56124594,51091.0,136.98630136986299,0.0,3,3,0,0,3,3,2210,0,0,0,0,0
2020-07-14,US,Virginia,Hopewell,210,5,0,37.29186313,-77.29754684,51670.0,932.1319188601358,2.380952380952381,205,209,5,0,204,201,22596,1,0,0,1,8
2020-07-14,US,Virginia,Isle of Wight,237,9,0,36.90579348,-76.70842863,51093.0,638.6590853970736,3.79746835443038,228,226,9,0,217,224,36953,11,0,0,11,2
2020-07-14,US,Virginia,James City,378,16,0,37.31156958,-76.76950618,51095.0,493.96913346314176,4.232804232804233,362,361,16,0,345,341,76397,17,0,0,17,20
2020-07-14,US,Virginia,King George,104,4,0,38.26818502,-77.15852768,51099.0,387.5391265464302,3.8461538461538463,100,105,4,0,101,105,26575,-1,0,0,-1,0
2020-07-14,US,Virginia,King William,58,2,0,37.70965316,-77.09384941,51101.0,338.2318637742012,3.4482758620689653,56,56,2,0,54,54,16939,2,0,0,2,2
2020-07-14,US,Virginia,King and Queen,30,1,0,37.71044922,-76.88689628,51097.0,427.0462633451957,3.333333333333333,29,28,1,0,27,27,7042,2,0,0,2,1
2020-07-14,US,Virginia,Lancaster,20,0,0,37.71889653,-76.46400482,51103.0,188.625860605489,0.0,20,16,0,0,16,13,10783,4,0,0,4,3
2020-07-14,US,Virginia,Lee,22,0,0,36.70586667,-83.12606515,51105.0,93.92477479400593,0.0,22,20,0,0,20,19,23541,2,0,0,2,1
2020-07-14,US,Virginia,Lexington,19,0,0,37.78258621,-79.44262866,51678.0,255.17056137523502,0.0,19,19,0,0,19,17,7136,0,0,0,0,2
2020-07-14,US,Virginia,Loudoun,4458,99,0,39.08990083,-77.63481877,51107.0,1078.0145959984332,2.220726783310902,4359,4431,99,0,4332,4407,406850,27,0,0,27,24
2020-07-14,US,Virginia,Louisa,138,2,0,37.97850256,-77.96274807,51109.0,367.10914846638815,1.4492753623188406,136,138,2,0,136,137,36778,0,0,0,0,1
2020-07-14,US,Virginia,Lunenburg,42,0,0,36.94618528,-78.24133319,51111.0,344.3752049852411,0.0,42,41,0,0,41,41,12086,1,0,0,1,0
2020-07-14,US,Virginia,Lynchburg,193,1,0,37.40021399,-79.19888138,51680.0,234.884626618635,0.5181347150259067,192,194,1,0,193,191,82126,-1,0,0,-1,3
2020-07-14,US,Virginia,Madison,49,1,0,38.41531222,-78.28220331,51113.0,369.50456225020736,2.0408163265306123,48,48,1,0,47,47,13295,1,0,0,1,1
2020-07-14,US,Virginia,Manassas,1494,19,0,38.7464321,-77.48509905,51683.0,3636.363636363637,1.2717536813922357,1475,1493,19,0,1474,1485,41641,1,0,0,1,8
2020-07-14,US,Virginia,Manassas Park,461,6,0,38.77058531,-77.44399307,51685.0,2637.601556242133,1.3015184381778742,455,462,6,0,456,458,17307,-1,0,0,-1,4
2020-07-14,US,Virginia,Martinsville,117,1,0,36.68212094,-79.86352771,51690.0,931.973872869205,0.8547008547008547,116,112,1,0,111,112,12902,5,0,0,5,0
2020-07-14,US,Virginia,Mathews,7,0,0,37.44164146,-76.34098896,51115.0,79.23930269413628,0.0,7,7,0,0,7,7,8802,0,0,0,0,0
2020-07-14,US,Virginia,Mecklenburg,263,29,0,36.67882005,-78.36131056,51117.0,859.8424167129826,11.02661596958175,234,262,29,0,233,257,30650,1,0,0,1,5
2020-07-14,US,Virginia,Middlesex,17,0,0,37.63191998,-76.55064617,51119.0,160.6501606501606,0.0,17,17,0,0,17,17,10769,0,0,0,0,0
2020-07-14,US,Virginia,Montgomery,199,3,0,37.17746986,-80.37868691,51121.0,201.95869487999187,1.5075376884422111,196,197,3,0,194,191,98985,2,0,0,2,6
2020-07-14,US,Virginia,Nelson,25,0,0,37.78790447,-78.88498513,51125.0,167.44809109176154,0.0,25,25,0,0,25,25,14836,0,0,0,0,0
2020-07-14,US,Virginia,New Kent,76,1,0,37.50694406,-76.99828634,51127.0,329.1325624702265,1.3157894736842106,75,74,1,0,73,73,22391,2,0,0,2,1
2020-07-14,US,Virginia,Newport News,856,10,0,37.08166899,-76.51754109,51700.0,477.61194029850753,1.1682242990654206,846,815,10,0,805,719,178626,41,0,0,41,96
2020-07-14,US,Virginia,Norfolk,1606,16,0,36.89934014,-76.26420872,51710.0,661.6077975793229,0.99626400996264,1590,1588,16,0,1572,1548,244076,18,0,0,18,40
2020-07-14,US,Virginia,Northampton,274,28,0,37.34062933,-75.87751591,51131.0,2339.880444064902,10.218978102189784,246,274,28,0,246,274,11735,0,0,0,0,0
2020-07-14,US,Virginia,Northumberland,47,1,0,37.89202088,-76.41949732,51133.0,388.59032658123186,2.127659574468085,46,47,1,0,46,40,12147,0,0,0,0,7
2020-07-14,US,Virginia,Norton,4,0,0,36.93357076,-82.62750411,51720.0,100.4772670183371,0.0,4,4,0,0,4,4,3968,0,0,0,0,0
2020-07-14,US,Virginia,Nottoway,124,5,0,37.1435975,-78.05065922,51135.0,814.0756302521007,4.032258064516129,119,120,5,0,115,120,15420,4,0,0,4,0
2020-07-14,US,Virginia,Orange,165,3,0,38.24530219,-78.01560400000002,51137.0,445.33210979460745,1.818181818181818,162,161,3,0,158,160,36644,4,0,0,4,1
2020-07-14,US,Virginia,Page,303,23,0,38.61807452,-78.48797204,51139.0,1267.676345075726,7.590759075907591,280,302,23,0,279,299,23933,1,0,0,1,3
2020-07-14,US,Virginia,Patrick,52,1,0,36.680163799999995,-80.2865648,51141.0,295.32030895047706,1.9230769230769231,51,48,1,0,47,48,17673,4,0,0,4,0
2020-07-14,US,Virginia,Petersburg,338,8,0,37.20530399,-77.39368102,51730.0,1078.2875007975501,2.366863905325444,330,335,8,0,327,332,31567,3,0,0,3,3
2020-07-14,US,Virginia,Pittsylvania,175,2,0,36.81980341,-79.39731264,51143.0,289.95592669914174,1.1428571428571428,173,173,2,0,171,171,60949,2,0,0,2,2
2020-07-14,US,Virginia,Poquoson,23,0,0,37.14259351,-76.35798148,51735.0,187.43378697742645,0.0,23,22,0,0,22,20,12190,1,0,0,1,2
2020-07-14,US,Virginia,Portsmouth,761,19,0,36.85914825,-76.35971629,51740.0,806.1611474819383,2.4967148488830486,742,714,19,0,695,686,94632,47,0,0,47,28
2020-07-14,US,Virginia,Powhatan,97,3,0,37.55016038,-77.91267882,51145.0,327.1280183461487,3.0927835051546397,94,92,2,0,90,92,29189,5,1,0,4,0
2020-07-14,US,Virginia,Prince Edward,238,6,0,37.22554789,-78.43597949,51147.0,1043.7680905183756,2.5210084033613445,232,238,6,0,232,237,22950,0,0,0,0,1
2020-07-14,US,Virginia,Prince George,265,2,0,37.18497668,-77.22922187,51149.0,690.9498605063492,0.7547169811320755,263,265,2,0,263,262,38082,0,0,0,0,3
2020-07-14,US,Virginia,Prince William,7890,157,0,38.70916224,-77.48713689,51153.0,1677.527719604112,1.9898605830164768,7733,7847,157,0,7690,7809,468011,43,0,0,43,38
2020-07-14,US,Virginia,Pulaski,55,2,0,37.06474963,-80.71229738,51155.0,161.63634760631263,3.636363636363636,53,53,2,0,51,51,34066,2,0,0,2,2
2020-07-14,US,Virginia,Radford,18,0,0,37.12222899,-80.56027320000003,51750.0,98.63554167351637,0.0,18,17,0,0,17,16,18339,1,0,0,1,1
2020-07-14,US,Virginia,Rappahannock,32,1,0,38.68295619,-78.15826963,51157.0,434.19267299864316,3.125,31,32,1,0,31,32,7252,0,0,0,0,0
2020-07-14,US,Virginia,Richmond,310,5,0,37.937575,-76.72920628,51159.0,3435.6644131663525,1.6129032258064515,305,312,6,0,306,311,9038,-2,-1,0,-1,1
2020-07-14,US,Virginia,Richmond City,2457,36,0,37.53255773,-77.47966921,51760.0,1066.239650054679,1.465201465201465,2421,2432,35,0,2397,2415,228783,25,1,0,24,17
2020-07-14,US,Virginia,Roanoke,341,6,0,37.26865804,-80.06396753,51161.0,362.0495615059563,1.7595307917888563,335,328,6,0,322,324,94073,13,0,0,13,4
2020-07-14,US,Virginia,Roanoke City,611,10,0,37.27791025,-79.96189766,51770.0,616.2815327355436,1.6366612111292962,601,588,10,0,578,582,99920,23,0,0,23,6
2020-07-14,US,Virginia,Rockbridge,36,0,0,37.81204314,-79.44605905,51163.0,159.48256766933952,0.0,36,35,0,0,35,35,22752,1,0,0,1,0
2020-07-14,US,Virginia,Rockingham,799,15,0,38.51006137,-78.87260325,51165.0,975.0085420022451,1.8773466833541927,784,795,12,0,783,782,81244,4,3,0,1,13
2020-07-14,US,Virginia,Russell,26,0,0,36.93028320000001,-82.10095486,51167.0,97.7958323929888,0.0,26,23,0,0,23,23,26748,3,0,0,3,0
2020-07-14,US,Virginia,Salem,101,3,0,37.2836193,-80.06219455,51775.0,399.1937077585866,2.9702970297029703,98,96,3,0,93,95,25643,5,0,0,5,1
2020-07-14,US,Virginia,Scott,16,2,0,36.71466456,-82.60171704,51169.0,74.19085597700085,12.5,14,16,2,0,14,14,21534,0,0,0,0,2
2020-07-14,US,Virginia,Shenandoah,616,35,0,38.85905135,-78.56813762,51171.0,1412.3257520176082,5.6818181818181825,581,615,35,0,580,611,43497,1,0,0,1,4
2020-07-14,US,Virginia,Smyth,45,1,0,36.84455636,-81.53344948,51173.0,149.4817964390114,2.2222222222222223,44,45,1,0,44,43,30472,0,0,0,0,2
2020-07-14,US,Virginia,Southampton,186,11,0,36.72231125,-77.10642712,51175.0,1054.9600136123872,5.913978494623656,175,184,10,0,174,181,17586,2,1,0,1,3
2020-07-14,US,Virginia,Spotsylvania,1088,32,0,38.18574462,-77.655399,51177.0,798.7372903131079,2.9411764705882355,1056,1083,31,0,1052,1082,134238,5,1,0,4,1
2020-07-14,US,Virginia,Stafford,1075,6,0,38.41758738,-77.45917053,51179.0,703.1566829319345,0.5581395348837209,1069,1065,6,0,1059,1060,149960,10,0,0,10,5
2020-07-14,US,Virginia,Staunton,99,0,0,38.15965544,-79.05979937,51790.0,397.0800577570993,0.0,99,98,0,0,98,95,24922,1,0,0,1,3
2020-07-14,US,Virginia,Suffolk,612,42,0,36.70155394,-76.63603554,51800.0,664.4373995744128,6.862745098039214,570,573,42,0,531,554,91185,39,0,0,39,19
2020-07-14,US,Virginia,Surry,21,1,0,37.11781893,-76.88450012,51181.0,327.0009342883837,4.761904761904762,20,19,1,0,18,18,6474,2,0,0,2,1
2020-07-14,US,Virginia,Sussex,216,7,0,36.92432914,-77.25791182,51183.0,1935.6573169638853,3.2407407407407414,209,214,7,0,207,212,11237,2,0,0,2,2
2020-07-14,US,Virginia,Tazewell,33,0,0,37.12191123,-81.56685568,51185.0,81.29079935952703,0.0,33,30,0,0,30,28,40855,3,0,0,3,2
2020-07-14,US,Virginia,Virginia Beach,1993,32,0,36.73285734,-76.04566934,51810.0,442.91447950326017,1.6056196688409432,1961,1978,32,0,1946,1821,450189,15,0,0,15,157
2020-07-14,US,Virginia,Warren,314,8,0,38.90847745,-78.20280433,51187.0,781.7946419679315,2.5477707006369426,306,313,8,0,305,312,40003,1,0,0,1,1
2020-07-14,US,Virginia,Washington,89,4,0,36.72341572,-81.95666289,51191.0,165.6122069222181,4.49438202247191,85,88,4,0,84,87,54402,1,0,0,1,1
2020-07-14,US,Virginia,Waynesboro,126,0,0,38.06451466,-78.90293905,51820.0,556.7830313742818,0.0,126,125,0,0,125,123,22628,1,0,0,1,2
2020-07-14,US,Virginia,Westmoreland,185,2,0,38.11021557,-76.80213247,51193.0,1026.9220094365803,1.0810810810810811,183,183,2,0,181,183,17830,2,0,0,2,0
2020-07-14,US,Virginia,Williamsburg,85,6,0,37.28131268,-76.70905141,51830.0,568.4097900227364,7.0588235294117645,79,82,6,0,76,78,14896,3,0,0,3,4
2020-07-14,US,Virginia,Winchester,357,3,0,39.17054517,-78.17325058,51840.0,1271.4580810599045,0.8403361344537815,354,356,3,0,353,354,28108,1,0,0,1,2
2020-07-14,US,Virginia,Wise,47,2,0,36.9746148,-82.62410519,51195.0,125.72559719658669,4.25531914893617,45,40,2,0,38,41,38012,7,0,0,7,-1
2020-07-14,US,Virginia,Wythe,59,1,0,36.91582035,-81.07834059,51197.0,205.6895830428113,1.6949152542372878,58,59,1,0,58,59,28754,0,0,0,0,0
2020-07-14,US,Virginia,York,176,3,0,37.24374789,-76.54412815,51199.0,257.7621558289397,1.7045454545454546,173,168,3,0,165,160,67846,8,0,0,8,8
2020-07-14,US,Washington,Adams,251,0,0,46.98299757,-118.56017340000001,53001.0,1256.0676575088823,0.0,251,244,0,0,244,238,19759,7,0,0,7,6
2020-07-14,US,Washington,Asotin,21,2,0,46.18894415,-117.2022851,53003.0,92.99442033477993,9.523809523809524,19,21,2,0,19,21,22610,0,0,0,0,0
2020-07-14,US,Washington,Benton,2487,93,0,46.23946995,-119.51208340000001,53005.0,1216.7914281520625,3.7394451145958985,2394,2387,92,0,2295,2341,201877,100,1,0,99,46
2020-07-14,US,Washington,Chelan,593,7,0,47.87046092,-120.6173956,53007.0,768.1347150259066,1.1804384485666104,586,590,7,0,583,553,77036,3,0,0,3,37
2020-07-14,US,Washington,Clallam,62,0,0,48.04754642,-123.92263190000001,53009.0,80.17483286133633,0.0,62,60,0,0,60,56,76737,2,0,0,2,4
2020-07-14,US,Washington,Clark,1086,33,0,45.77568046,-122.48292040000001,53011.0,222.43113544335685,3.0386740331491717,1053,1078,33,0,1045,1065,481857,8,0,0,8,13
2020-07-14,US,Washington,Columbia,9,0,0,46.29442881,-117.9051983,53013.0,225.84692597239646,0.0,9,9,0,0,9,9,4059,0,0,0,0,0
2020-07-14,US,Washington,Cowlitz,289,0,0,46.19074721,-122.6782231,53015.0,261.318528297451,0.0,289,287,0,0,287,268,108987,2,0,0,2,19
2020-07-14,US,Washington,Douglas,400,3,0,47.7361335,-119.69293700000001,53017.0,921.0435423334636,0.75,397,396,3,0,393,380,42907,4,0,0,4,16
2020-07-14,US,Washington,Ferry,4,0,0,48.471143100000006,-118.5154041,53019.0,52.445260259604034,0.0,4,4,0,0,4,4,7649,0,0,0,0,0
2020-07-14,US,Washington,Franklin,2505,39,0,46.53351425,-118.9018212,53021.0,2630.6945873852687,1.5568862275449102,2466,2465,38,0,2427,2397,94347,40,1,0,39,68
2020-07-14,US,Washington,Garfield,2,0,0,46.43197502,-117.54540320000001,53023.0,89.88764044943821,0.0,2,1,0,0,1,1,2247,1,0,0,1,0
2020-07-14,US,Washington,Grant,866,8,0,47.20753737,-119.4500749,53025.0,886.0876060286699,0.9237875288683602,858,853,8,0,845,796,97331,13,0,0,13,57
2020-07-14,US,Washington,Grays Harbor,52,0,0,47.14003705,-123.7820567,53027.0,69.27698804971956,0.0,52,51,0,0,51,43,73901,1,0,0,1,8
2020-07-14,US,Washington,Island,206,11,0,48.14713305,-122.5216407,53029.0,241.95158619231628,5.339805825242719,195,206,11,0,195,206,84460,0,0,0,0,0
2020-07-14,US,Washington,Jefferson,44,0,0,47.75003077,-123.56097040000002,53031.0,136.55690388256107,0.0,44,43,0,0,43,41,31729,1,0,0,1,2
2020-07-14,US,Washington,King,12213,624,0,47.49137892,-121.8346131,53033.0,542.1296867606363,5.109309751903709,11589,12077,624,0,11453,11825,2233163,136,0,0,136,252
2020-07-14,US,Washington,Kitsap,312,2,0,47.63479026,-122.6436061,53035.0,114.92855643102631,0.6410256410256411,310,306,2,0,304,291,269805,6,0,0,6,15
2020-07-14,US,Washington,Kittitas,185,0,0,47.12521214,-120.67943899999999,53037.0,385.9392927923228,0.0,185,181,0,0,181,176,47364,4,0,0,4,5
2020-07-14,US,Washington,Klickitat,79,3,0,45.87325839,-120.7913598,53039.0,352.2853957636566,3.79746835443038,76,79,3,0,76,78,22107,0,0,0,0,1
2020-07-14,US,Washington,Lewis,104,3,0,46.57756476,-122.39257690000001,53041.0,128.86118924009068,2.8846153846153846,101,101,3,0,98,94,79604,3,0,0,3,7
2020-07-14,US,Washington,Lincoln,4,0,0,47.57705241,-118.41943880000001,53043.0,36.56641374897157,0.0,4,4,0,0,4,4,10740,0,0,0,0,0
2020-07-14,US,Washington,Mason,65,1,0,47.35007586,-123.1863685,53045.0,97.35202492211836,1.5384615384615383,64,62,1,0,61,60,65507,3,0,0,3,2
2020-07-14,US,Washington,Okanogan,232,2,0,48.54855019,-119.73872240000001,53047.0,549.2034183178279,0.8620689655172413,230,232,2,0,230,203,42132,0,0,0,0,29
2020-07-14,US,Washington,Pacific,18,1,0,46.55418369,-123.7285716,53049.0,80.10324418138934,5.5555555555555545,17,18,1,0,17,18,22036,0,0,0,0,0
2020-07-14,US,Washington,Pend Oreille,13,0,0,48.53234021,-117.2741804,53051.0,94.72457009618185,0.0,13,12,0,0,12,9,13602,1,0,0,1,3
2020-07-14,US,Washington,Pierce,3312,108,0,47.03892768,-122.14059579999999,53053.0,365.97493867267787,3.260869565217391,3204,3257,110,0,3147,3185,891299,55,-2,0,57,72
2020-07-14,US,Washington,San Juan,22,0,0,48.60182783,-122.96745,53055.0,125.12797178933,0.0,22,22,0,0,22,20,17128,0,0,0,0,2
2020-07-14,US,Washington,Skagit,627,17,0,48.48171488,-121.766131,53057.0,485.2753376417321,2.7113237639553427,610,619,16,0,603,605,128206,8,1,0,7,14
2020-07-14,US,Washington,Skamania,34,0,0,46.02408726,-121.91644029999999,53059.0,281.3870727468344,0.0,34,28,0,0,28,23,11924,6,0,0,6,5
2020-07-14,US,Washington,Snohomish,4072,177,0,48.04615983,-121.7170703,53061.0,495.32711417217,4.346758349705304,3895,4033,176,0,3857,3966,814901,39,1,0,38,67
2020-07-14,US,Washington,Spokane,2210,41,0,47.62113146,-117.4046494,53063.0,422.7254121094572,1.8552036199095023,2169,2133,41,0,2092,2063,514631,77,0,0,77,70
2020-07-14,US,Washington,Stevens,28,1,0,48.40035475,-117.8542701,53065.0,61.23832644402161,3.571428571428572,27,28,1,0,27,27,45260,0,0,0,0,1
2020-07-14,US,Washington,Thurston,384,5,0,46.9291895,-122.82906559999999,53067.0,132.16950739323178,1.3020833333333333,379,376,5,0,371,352,286419,8,0,0,8,24
2020-07-14,US,Washington,Unassigned,143,1,0,0.0,0.0,90053.0,0.0,0.6993006993006993,142,171,1,0,170,137,,-28,0,0,-28,34
2020-07-14,US,Washington,Wahkiakum,5,0,0,46.29180039999999,-123.4250831,53069.0,111.40819964349377,0.0,5,5,0,0,5,5,4426,0,0,0,0,0
2020-07-14,US,Washington,Walla Walla,235,3,0,46.23040051,-118.4775539,53071.0,386.76761026991437,1.2765957446808511,232,230,3,0,227,219,60922,5,0,0,5,11
2020-07-14,US,Washington,Whatcom,725,36,0,48.82227976,-121.74900179999999,53073.0,316.25277539073574,4.965517241379311,689,718,36,0,682,710,225685,7,0,0,7,8
2020-07-14,US,Washington,Whitman,48,0,0,46.90022523,-117.52417630000001,53075.0,95.80073447229765,0.0,48,45,0,0,45,45,49791,3,0,0,3,0
2020-07-14,US,Washington,Yakima,8357,183,0,46.45738486,-120.73801259999999,53077.0,3331.1675628704565,2.18978102189781,8174,8325,180,0,8145,8122,251446,32,3,0,29,203
2020-07-14,US,West Virginia,Barbour,20,1,0,39.1307219,-80.00350858,54001.0,121.64710175780064,5.0,19,20,1,0,19,19,16535,0,0,0,0,1
2020-07-14,US,West Virginia,Berkeley,543,10,0,39.46704621,-78.02414609,54003.0,455.6477666546392,1.8416206261510129,533,537,10,0,527,533,117123,6,0,0,6,4
2020-07-14,US,West Virginia,Boone,38,0,0,38.01974191,-81.69888019,54005.0,177.09838281213592,0.0,38,34,0,0,34,33,21951,4,0,0,4,1
2020-07-14,US,West Virginia,Braxton,5,0,0,38.70036159,-80.72011184,54007.0,35.82431754675073,0.0,5,5,0,0,5,5,14089,0,0,0,0,0
2020-07-14,US,West Virginia,Brooke,30,0,0,40.27367263,-80.57915332,54009.0,136.74278681799535,0.0,30,28,0,0,28,27,22203,2,0,0,2,1
2020-07-14,US,West Virginia,Cabell,202,0,0,38.42424062,-82.23855912,54011.0,219.69655772472674,0.0,202,199,0,0,199,200,93224,3,0,0,3,-1
2020-07-14,US,West Virginia,Calhoun,4,0,0,38.84315422,-81.11934872,54013.0,56.2667041778028,0.0,4,4,0,0,4,4,7254,0,0,0,0,0
2020-07-14,US,West Virginia,Clay,13,1,0,38.46231092,-81.07652217,54015.0,152.797367183827,7.6923076923076925,12,12,1,0,11,12,8632,1,0,0,1,0
2020-07-14,US,West Virginia,Fayette,84,4,0,38.02974928,-81.08286634,54019.0,198.08517662594917,4.761904761904762,80,84,4,0,80,81,43018,0,0,0,0,3
2020-07-14,US,West Virginia,Gilmer,13,0,0,38.9251277,-80.85952723,54021.0,166.17665857088068,0.0,13,13,0,0,13,13,8026,0,0,0,0,0
2020-07-14,US,West Virginia,Grant,21,0,0,39.10314817,-79.19440518,54023.0,181.5352697095436,0.0,21,22,0,0,22,20,11626,-1,0,0,-1,2
2020-07-14,US,West Virginia,Greenbrier,71,3,0,37.9463652,-80.45335881,54025.0,204.83526628584613,4.225352112676056,68,71,3,0,68,71,34786,0,0,0,0,0
2020-07-14,US,West Virginia,Hampshire,44,1,0,39.32103553,-78.60826476,54027.0,189.85976267529662,2.272727272727273,43,42,1,0,41,42,23347,2,0,0,2,0
2020-07-14,US,West Virginia,Hancock,46,0,0,40.51943859,-80.57461608,54029.0,159.6667823672336,0.0,46,44,0,0,44,42,29094,2,0,0,2,2
2020-07-14,US,West Virginia,Hardy,47,0,0,39.00683177,-78.85855301,54031.0,341.17305458768874,0.0,47,47,0,0,47,47,13775,0,0,0,0,0
2020-07-14,US,West Virginia,Harrison,126,1,0,39.2853852,-80.37919577,54033.0,187.3438800999168,0.7936507936507936,125,122,1,0,121,122,67554,4,0,0,4,0
2020-07-14,US,West Virginia,Jackson,148,18,0,38.84263974,-81.68148753,54035.0,517.9171332586786,12.162162162162161,130,148,18,0,130,148,28706,0,0,0,0,0
2020-07-14,US,West Virginia,Jefferson,258,4,0,39.30776166,-77.86014147,54037.0,451.47516886571236,1.5503875968992251,254,258,4,0,254,256,56811,0,0,0,0,2
2020-07-14,US,West Virginia,Kanawha,434,20,0,38.33860077,-81.52857054,54039.0,243.65049066942126,4.6082949308755765,414,433,20,0,413,421,180454,1,0,0,1,12
2020-07-14,US,West Virginia,Lewis,23,2,0,38.9947249,-80.49988181,54041.0,144.5904318853335,8.695652173913043,21,22,2,0,20,24,16024,1,0,0,1,-2
2020-07-14,US,West Virginia,Lincoln,9,0,0,38.172154,-82.07017953,54043.0,44.098191974129065,0.0,9,9,0,0,9,9,20599,0,0,0,0,0
2020-07-14,US,West Virginia,Logan,39,1,0,37.8299889,-81.93528571,54045.0,121.8026796589525,2.5641025641025643,38,39,1,0,38,40,32607,0,0,0,0,-1
2020-07-14,US,West Virginia,Marion,113,2,0,39.50984542,-80.24244659,54049.0,201.52660864602655,1.7699115044247788,111,109,2,0,107,111,56097,4,0,0,4,-2
2020-07-14,US,West Virginia,Marshall,68,0,0,39.86064362,-80.66591062,54051.0,222.72444400772983,0.0,68,66,0,0,66,65,30785,2,0,0,2,1
2020-07-14,US,West Virginia,Mason,26,0,0,38.77071799,-82.02524219,54053.0,98.05400512897872,0.0,26,25,0,0,25,24,26718,1,0,0,1,1
2020-07-14,US,West Virginia,McDowell,11,0,0,37.38002939,-81.65083669,54047.0,62.41488878801635,0.0,11,8,0,0,8,8,18223,3,0,0,3,0
2020-07-14,US,West Virginia,Mercer,63,0,0,37.40481169,-81.11023142,54055.0,107.21944245889921,0.0,63,63,0,0,63,62,59131,0,0,0,0,1
2020-07-14,US,West Virginia,Mineral,70,3,0,39.41561583,-78.94104895,54057.0,260.5329760309662,4.285714285714286,67,68,3,0,65,68,26940,2,0,0,2,0
2020-07-14,US,West Virginia,Mingo,31,2,0,37.73048351,-82.13338365,54059.0,132.34289617486343,6.451612903225807,29,31,2,0,29,32,23785,0,0,0,0,-1
2020-07-14,US,West Virginia,Monongalia,610,5,0,39.63218457,-80.04766838,54061.0,577.5858803923796,0.819672131147541,605,568,5,0,563,539,106420,42,0,0,42,29
2020-07-14,US,West Virginia,Monroe,15,0,0,37.56274716,-80.54577965,54063.0,112.99435028248587,0.0,15,15,0,0,15,15,13280,0,0,0,0,0
2020-07-14,US,West Virginia,Morgan,20,0,0,39.55439028,-78.26311676,54065.0,111.83180496533214,0.0,20,20,0,0,20,20,17787,0,0,0,0,0
2020-07-14,US,West Virginia,Nicholas,20,1,0,38.29617706,-80.79759588,54067.0,81.64598301763553,5.0,19,20,1,0,19,21,24842,0,0,0,0,-1
2020-07-14,US,West Virginia,Ohio,148,3,0,40.0955451,-80.62203992,54069.0,357.39296322233224,2.0270270270270268,145,147,3,0,144,148,41755,1,0,0,1,-1
2020-07-14,US,West Virginia,Pendleton,17,1,0,38.68314479,-79.35084086,54071.0,243.93743722198303,5.882352941176472,16,16,1,0,15,16,6997,1,0,0,1,0
2020-07-14,US,West Virginia,Pleasants,5,0,0,39.37091679,-81.16771771,54073.0,67.02412868632706,0.0,5,5,0,0,5,5,7507,0,0,0,0,0
2020-07-14,US,West Virginia,Pocahontas,38,0,0,38.32758728,-80.00993811,54075.0,460.7736146477507,0.0,38,38,0,0,38,37,8414,0,0,0,0,1
2020-07-14,US,West Virginia,Preston,105,2,0,39.46770987,-79.66712803,54077.0,314.07035175879395,1.9047619047619049,103,102,2,0,100,100,33839,3,0,0,3,2
2020-07-14,US,West Virginia,Putnam,91,0,0,38.50782345,-81.9082131,54079.0,161.2046058458813,0.0,91,91,0,0,91,89,56682,0,0,0,0,2
2020-07-14,US,West Virginia,Raleigh,84,0,0,37.76936795,-81.2456041,54081.0,114.50225596706696,0.0,84,83,0,0,83,80,74254,1,0,0,1,3
2020-07-14,US,West Virginia,Randolph,191,0,0,38.769899,-79.87919615,54083.0,665.6211883603415,0.0,191,190,0,0,190,189,28823,1,0,0,1,1
2020-07-14,US,West Virginia,Ritchie,2,0,0,39.18094587,-81.06356878,54085.0,20.933640360058615,0.0,2,2,0,0,2,2,9721,0,0,0,0,0
2020-07-14,US,West Virginia,Roane,12,1,0,38.71622686,-81.35243568,54087.0,87.66803039158388,8.333333333333334,11,12,1,0,11,12,13932,0,0,0,0,0
2020-07-14,US,West Virginia,Summers,2,0,0,37.65390597,-80.86009693,54089.0,15.90710252127575,0.0,2,2,0,0,2,2,12760,0,0,0,0,0
2020-07-14,US,West Virginia,Taylor,23,0,0,39.33602617,-80.0421439,54091.0,137.76579814315664,0.0,23,23,0,0,23,23,16862,0,0,0,0,0
2020-07-14,US,West Virginia,Tucker,7,0,0,39.11240885,-79.57053576,54093.0,102.35414534288635,0.0,7,6,0,0,6,6,6955,1,0,0,1,0
2020-07-14,US,West Virginia,Tyler,10,0,0,39.46811972,-80.88772676,54095.0,116.40088464672331,0.0,10,10,0,0,10,10,8746,0,0,0,0,0
2020-07-14,US,West Virginia,Upshur,33,0,0,38.89285061,-80.23689136,54097.0,136.49900727994705,0.0,33,33,0,0,33,32,24415,0,0,0,0,1
2020-07-14,US,West Virginia,Wayne,129,9,0,38.14901357,-82.42287994,54099.0,327.39454850007616,6.9767441860465125,120,128,9,0,119,124,39944,1,0,0,1,4
2020-07-14,US,West Virginia,Webster,1,0,0,38.49370949,-80.4202023,54101.0,12.324377618930244,0.0,1,1,0,0,1,1,8285,0,0,0,0,0
2020-07-14,US,West Virginia,Wetzel,37,0,0,39.6065771,-80.64016540000001,54103.0,245.60238964487223,0.0,37,37,0,0,37,36,15270,0,0,0,0,1
2020-07-14,US,West Virginia,Wirt,6,0,0,39.02775007,-81.37473928,54105.0,103.07507301151009,0.0,6,6,0,0,6,6,5830,0,0,0,0,0
2020-07-14,US,West Virginia,Wood,194,2,0,39.20967886,-81.5162836,54107.0,232.28525587298543,1.0309278350515465,192,188,2,0,186,185,84203,6,0,0,6,3
2020-07-14,US,West Virginia,Wyoming,7,0,0,37.612327,-81.54511071,54109.0,34.32382073158772,0.0,7,7,0,0,7,7,20786,0,0,0,0,0
2020-07-14,US,Wisconsin,Adams,43,2,0,43.96974651,-89.76782777,55001.0,212.66073194856568,4.651162790697675,41,41,2,0,39,41,20348,2,0,0,2,0
2020-07-14,US,Wisconsin,Ashland,8,0,0,46.31956891,-90.67837132,55003.0,51.40727412928929,0.0,8,8,0,0,8,8,15600,0,0,0,0,0
2020-07-14,US,Wisconsin,Barron,51,1,0,45.42372701,-91.84833627,55005.0,112.72212890106978,1.96078431372549,50,48,1,0,47,46,45164,3,0,0,3,2
2020-07-14,US,Wisconsin,Bayfield,9,1,0,46.52868768,-91.19716729,55007.0,59.85634477254589,11.111111111111109,8,7,1,0,6,6,15042,2,0,0,2,1
2020-07-14,US,Wisconsin,Brown,3305,44,0,44.452655299999996,-88.00411844,55009.0,1249.3290290388672,1.3313161875945536,3261,3229,44,0,3185,3228,263378,76,0,0,76,1
2020-07-14,US,Wisconsin,Buffalo,16,2,0,44.37835084,-91.75332578,55011.0,122.78413015117796,12.5,14,15,2,0,13,14,13125,1,0,0,1,1
2020-07-14,US,Wisconsin,Burnett,5,1,0,45.86303537,-92.36711412,55013.0,32.4380433372259,20.0,4,5,1,0,4,5,15392,0,0,0,0,0
2020-07-14,US,Wisconsin,Calumet,161,2,0,44.0816316,-88.21780273,55015.0,321.42785841202664,1.2422360248447204,159,159,2,0,157,154,50159,2,0,0,2,5
2020-07-14,US,Wisconsin,Chippewa,141,0,0,45.06939744,-91.28068855,55017.0,218.0704630517492,0.0,141,140,0,0,140,139,64135,1,0,0,1,1
2020-07-14,US,Wisconsin,Clark,118,7,0,44.73483377,-90.61207486,55019.0,339.33398516132735,5.932203389830509,111,111,7,0,104,101,34709,7,0,0,7,10
2020-07-14,US,Wisconsin,Columbia,125,1,0,43.46492199,-89.33589004,55021.0,217.27038865327125,0.8,124,123,1,0,122,120,57358,2,0,0,2,3
2020-07-14,US,Wisconsin,Crawford,45,0,0,43.23870316,-90.93073686,55023.0,278.96596615212945,0.0,45,45,0,0,45,45,16291,0,0,0,0,0
2020-07-14,US,Wisconsin,Dane,3148,33,0,43.06601594,-89.41733797,55025.0,575.8238140096397,1.048284625158831,3115,3049,33,0,3016,2995,542364,99,0,0,99,54
2020-07-14,US,Wisconsin,Dodge,528,5,0,43.41576662,-88.70928178,55027.0,601.099739295757,0.946969696969697,523,523,5,0,518,515,87847,5,0,0,5,8
2020-07-14,US,Wisconsin,Door,58,3,0,44.95856458,-87.30002707,55029.0,209.6284516408848,5.172413793103448,55,54,3,0,51,54,27610,4,0,0,4,0
2020-07-14,US,Wisconsin,Douglas,63,0,0,46.43222285,-91.91595768,55031.0,146.00231749710312,0.0,63,61,0,0,61,60,43208,2,0,0,2,1
2020-07-14,US,Wisconsin,Dunn,57,0,0,44.94562799,-91.8962481,55033.0,125.63921706929995,0.0,57,57,0,0,57,57,45131,0,0,0,0,0
2020-07-14,US,Wisconsin,Eau Claire,346,1,0,44.726614,-91.28609183,55035.0,330.6385337232192,0.28901734104046245,345,340,1,0,339,338,104534,6,0,0,6,2
2020-07-14,US,Wisconsin,Florence,5,0,0,45.84963535,-88.39804137,55037.0,116.41443538998837,0.0,5,4,0,0,4,4,4321,1,0,0,1,0
2020-07-14,US,Wisconsin,Fond du Lac,403,6,0,43.75354908,-88.48885325,55039.0,389.73724166610253,1.488833746898263,397,399,6,0,393,396,103066,4,0,0,4,3
2020-07-14,US,Wisconsin,Forest,48,3,0,45.66678019,-88.77084892,55041.0,533.0964015992892,6.25,45,48,3,0,45,48,8991,0,0,0,0,0
2020-07-14,US,Wisconsin,Grant,218,13,0,42.8671731,-90.7063218,55043.0,423.8029510682556,5.963302752293577,205,210,13,0,197,204,51554,8,0,0,8,6
2020-07-14,US,Wisconsin,Green,110,1,0,42.6794956,-89.60243287,55045.0,297.61904761904765,0.9090909090909092,109,110,1,0,109,110,36929,0,0,0,0,0
2020-07-14,US,Wisconsin,Green Lake,43,0,0,43.80025981,-89.04679553,55047.0,227.35684449849307,0.0,43,43,0,0,43,43,18918,0,0,0,0,0
2020-07-14,US,Wisconsin,Iowa,47,0,0,43.00050278,-90.13469017,55049.0,198.49649463637127,0.0,47,45,0,0,45,45,23771,2,0,0,2,0
2020-07-14,US,Wisconsin,Iron,17,1,0,46.26302338,-90.24295041,55051.0,298.9273782310533,5.882352941176472,16,17,1,0,16,16,5676,0,0,0,0,1
2020-07-14,US,Wisconsin,Jackson,36,1,0,44.31864893,-90.80566792,55053.0,174.39325679407062,2.7777777777777777,35,36,1,0,35,35,20478,0,0,0,0,1
2020-07-14,US,Wisconsin,Jefferson,369,4,0,43.02054068,-88.77529134,55055.0,435.3006405643572,1.084010840108401,365,361,4,0,357,360,85129,8,0,0,8,1
2020-07-14,US,Wisconsin,Juneau,54,1,0,43.92456975,-90.11120239,55057.0,202.34571139506127,1.851851851851852,53,52,1,0,51,51,26617,2,0,0,2,1
2020-07-14,US,Wisconsin,Kenosha,1796,47,0,42.57639354,-88.04051686,55059.0,1059.205831529656,2.6169265033407574,1749,1765,46,0,1719,1734,169290,31,1,0,30,31
2020-07-14,US,Wisconsin,Kewaunee,83,1,0,44.51727459,-87.61468386,55061.0,406.18576881667815,1.2048192771084338,82,77,1,0,76,77,20383,6,0,0,6,0
2020-07-14,US,Wisconsin,La Crosse,611,0,0,43.90632465,-91.11451093,55063.0,517.7264099783081,0.0,611,591,0,0,591,586,118230,20,0,0,20,5
2020-07-14,US,Wisconsin,Lafayette,83,0,0,42.66005229,-90.1317729,55065.0,498.04980498049804,0.0,83,81,0,0,81,81,16665,2,0,0,2,0
2020-07-14,US,Wisconsin,Langlade,11,1,0,45.26271619,-89.07483625,55067.0,57.32450883318568,9.090909090909092,10,11,1,0,10,11,19268,0,0,0,0,0
2020-07-14,US,Wisconsin,Lincoln,22,0,0,45.33737523,-89.73411273,55069.0,79.73036639727465,0.0,22,23,0,0,23,22,27689,-1,0,0,-1,1
2020-07-14,US,Wisconsin,Manitowoc,162,1,0,44.11946801,-87.80928853,55071.0,205.1126220230182,0.6172839506172839,161,155,1,0,154,152,79074,7,0,0,7,3
2020-07-14,US,Wisconsin,Marathon,304,1,0,44.89792533,-89.75863384,55073.0,224.03678919906844,0.32894736842105265,303,293,1,0,292,278,135428,11,0,0,11,15
2020-07-14,US,Wisconsin,Marinette,121,3,0,45.38553432,-88.03324599999998,55075.0,299.8760842627013,2.479338842975207,118,100,3,0,97,95,40434,21,0,0,21,5
2020-07-14,US,Wisconsin,Marquette,53,1,0,43.81911946,-89.40073763,55077.0,340.3107743675357,1.8867924528301887,52,53,1,0,52,49,15434,0,0,0,0,4
2020-07-14,US,Wisconsin,Menominee,10,0,0,45.00422544,-88.70950714,55078.0,219.4907813871817,0.0,10,9,0,0,9,9,4658,1,0,0,1,0
2020-07-14,US,Wisconsin,Milwaukee,14399,402,0,43.00486062,-87.96733172,55079.0,1522.5340109080219,2.7918605458712404,13997,14098,398,0,13700,13928,948201,301,4,0,297,170
2020-07-14,US,Wisconsin,Monroe,139,1,0,43.94641218,-90.61881899999999,55081.0,300.5210472834195,0.7194244604316546,138,137,1,0,136,134,46051,2,0,0,2,3
2020-07-14,US,Wisconsin,Oconto,98,0,0,45.02715345,-88.26807503,55083.0,258.37068283680463,0.0,98,88,0,0,88,85,37830,10,0,0,10,3
2020-07-14,US,Wisconsin,Oneida,32,0,0,45.70677897,-89.51944105,55085.0,89.90026689141733,0.0,32,28,0,0,28,28,35470,4,0,0,4,0
2020-07-14,US,Wisconsin,Outagamie,695,9,0,44.41578887,-88.46565023,55087.0,369.9071240386406,1.2949640287769784,686,665,9,0,656,654,187365,30,0,0,30,11
2020-07-14,US,Wisconsin,Ozaukee,330,16,0,43.38352225,-87.94625009,55089.0,369.8680803846628,4.848484848484849,314,315,16,0,299,315,89147,15,0,0,15,0
2020-07-14,US,Wisconsin,Pepin,16,0,0,44.58307413,-91.99949611,55091.0,219.56909564978733,0.0,16,15,0,0,15,15,7289,1,0,0,1,0
2020-07-14,US,Wisconsin,Pierce,110,0,0,44.71850291,-92.4224416,55093.0,257.2858679889601,0.0,110,103,0,0,103,100,42555,7,0,0,7,3
2020-07-14,US,Wisconsin,Polk,75,2,0,45.46130348,-92.44182875,55095.0,171.2993627663705,2.6666666666666665,73,69,2,0,67,69,43598,6,0,0,6,0
2020-07-14,US,Wisconsin,Portage,258,0,0,44.47558711,-89.50152965,55097.0,364.5509523540383,0.0,258,254,0,0,254,250,70942,4,0,0,4,4
2020-07-14,US,Wisconsin,Price,8,0,0,45.68051754,-90.36098879999999,55099.0,59.9206051981125,0.0,8,8,0,0,8,8,13397,0,0,0,0,0
2020-07-14,US,Wisconsin,Racine,2391,65,0,42.74753117,-88.05941254,55101.0,1217.9653712731329,2.718527812630698,2326,2349,65,0,2284,2339,196584,42,0,0,42,10
2020-07-14,US,Wisconsin,Richland,17,4,0,43.3762778,-90.43012729,55103.0,98.53929979132856,23.529411764705888,13,17,4,0,13,17,17377,0,0,0,0,0
2020-07-14,US,Wisconsin,Rock,1071,24,0,42.67151616,-89.07147900000002,55105.0,655.6313282809114,2.2408963585434174,1047,1041,24,0,1017,1041,163129,30,0,0,30,0
2020-07-14,US,Wisconsin,Rusk,11,1,0,45.47498854,-91.1333012,55107.0,77.58499083086474,9.090909090909092,10,11,1,0,10,11,14147,0,0,0,0,0
2020-07-14,US,Wisconsin,Sauk,190,3,0,43.42574087,-89.94966132,55111.0,294.8387697464387,1.5789473684210529,187,169,3,0,166,164,64249,21,0,0,21,5
2020-07-14,US,Wisconsin,Sawyer,15,0,0,45.87931905,-91.14504927,55113.0,90.59065104481218,0.0,15,15,0,0,15,15,16489,0,0,0,0,0
2020-07-14,US,Wisconsin,Shawano,101,0,0,44.78902246,-88.76443896,55115.0,246.94980317367168,0.0,101,95,0,0,95,95,40796,6,0,0,6,0
2020-07-14,US,Wisconsin,Sheboygan,312,4,0,43.72099677,-87.94579284,55117.0,270.50459511010916,1.2820512820512822,308,293,4,0,289,287,115456,19,0,0,19,6
2020-07-14,US,Wisconsin,St. Croix,294,2,0,45.03437474,-92.45000068,55109.0,324.19200105858613,0.6802721088435374,292,288,2,0,286,280,89694,6,0,0,6,8
2020-07-14,US,Wisconsin,Taylor,23,0,0,45.21179252,-90.5004405,55119.0,113.06100378508577,0.0,23,21,0,0,21,17,20412,2,0,0,2,4
2020-07-14,US,Wisconsin,Trempealeau,187,0,0,44.30360275,-91.35893614,55121.0,630.7126715909474,0.0,187,184,0,0,184,180,29442,3,0,0,3,4
2020-07-14,US,Wisconsin,Vernon,42,0,0,43.59422667,-90.8324691,55123.0,136.26630328985792,0.0,42,40,0,0,40,40,30785,2,0,0,2,0
2020-07-14,US,Wisconsin,Vilas,17,0,0,46.05467334,-89.51719204,55125.0,76.5938274386123,0.0,17,17,0,0,17,17,21938,0,0,0,0,0
2020-07-14,US,Wisconsin,Walworth,800,18,0,42.66858202,-88.54163073,55127.0,770.2083413563369,2.25,782,791,18,0,773,754,103718,9,0,0,9,37
2020-07-14,US,Wisconsin,Washburn,6,0,0,45.89838588,-91.79050449,55129.0,38.16793893129771,0.0,6,6,0,0,6,6,15878,0,0,0,0,0
2020-07-14,US,Wisconsin,Washington,500,19,0,43.36863664,-88.22974712,55131.0,367.55517003102165,3.8,481,489,19,0,470,490,135693,11,0,0,11,-1
2020-07-14,US,Wisconsin,Waukesha,1804,40,0,43.01833055,-88.30431188,55133.0,446.315914477558,2.217294900221729,1764,1725,40,0,1685,1680,403072,79,0,0,79,45
2020-07-14,US,Wisconsin,Waupaca,188,13,0,44.47068056,-88.96534501,55135.0,368.6997450480486,6.914893617021277,175,182,13,0,169,175,51128,6,0,0,6,7
2020-07-14,US,Wisconsin,Waushara,47,0,0,44.11324419,-89.24317107,55137.0,192.2840895143804,0.0,47,45,0,0,45,44,24263,2,0,0,2,1
2020-07-14,US,Wisconsin,Winnebago,788,14,0,44.06886922,-88.64477096,55139.0,458.38738387616564,1.7766497461928934,774,777,13,0,764,771,171020,11,1,0,10,6
2020-07-14,US,Wisconsin,Wood,109,1,0,44.45537896,-90.04158336,55141.0,149.3171139330676,0.9174311926605504,108,109,1,0,108,107,73055,0,0,0,0,2
2020-07-14,US,Wyoming,Albany,52,0,0,41.65498705,-105.72354150000001,56001.0,133.74485596707822,0.0,52,49,0,0,49,49,38601,3,0,0,3,0
2020-07-14,US,Wyoming,Big Horn,30,0,0,44.52405055,-107.9960365,56003.0,254.45292620865138,0.0,30,30,0,0,30,30,11881,0,0,0,0,0
2020-07-14,US,Wyoming,Campbell,89,0,0,44.24886082,-105.54744040000001,56005.0,192.05455212446861,0.0,89,88,0,0,88,88,46140,1,0,0,1,0
2020-07-14,US,Wyoming,Carbon,29,0,0,41.69357844,-106.9326084,56007.0,195.945945945946,0.0,29,29,0,0,29,29,14971,0,0,0,0,0
2020-07-14,US,Wyoming,Converse,28,0,0,42.97272268,-105.5081848,56009.0,202.57560410939084,0.0,28,28,0,0,28,28,13640,0,0,0,0,0
2020-07-14,US,Wyoming,Crook,8,0,0,44.58855102,-104.56977049999999,56011.0,105.48523206751057,0.0,8,7,0,0,7,7,7450,1,0,0,1,0
2020-07-14,US,Wyoming,Fremont,397,0,0,43.04183996,-108.6296893,56013.0,1011.1815796846744,0.0,397,387,0,0,387,386,39531,10,0,0,10,1
2020-07-14,US,Wyoming,Goshen,10,0,0,42.08798185,-104.3534743,56015.0,75.69449701006738,0.0,10,10,0,0,10,9,13376,0,0,0,0,1
2020-07-14,US,Wyoming,Hot Springs,12,0,0,43.71930657,-108.44231740000001,56017.0,271.92386131883075,0.0,12,12,0,0,12,12,4555,0,0,0,0,0
2020-07-14,US,Wyoming,Johnson,22,1,0,44.04057166,-106.58451740000001,56019.0,260.5091770278271,4.545454545454546,21,21,1,0,20,21,8460,1,0,0,1,0
2020-07-14,US,Wyoming,Laramie,352,0,0,41.30702520000001,-104.6887497,56021.0,353.76884422110555,0.0,352,338,0,0,338,329,98976,14,0,0,14,9
2020-07-14,US,Wyoming,Lincoln,43,0,0,42.26376367,-110.6563997,56023.0,216.84316691880989,0.0,43,41,0,0,41,41,19434,2,0,0,2,0
2020-07-14,US,Wyoming,Natrona,171,0,0,42.96180148,-106.79788500000001,56025.0,214.13008089358613,0.0,171,167,0,0,167,165,79115,4,0,0,4,2
2020-07-14,US,Wyoming,Niobrara,2,0,0,43.05607708,-104.47588959999999,56027.0,84.88964346349746,0.0,2,2,0,0,2,2,2388,0,0,0,0,0
2020-07-14,US,Wyoming,Park,84,0,0,44.52157546,-109.58528249999999,56029.0,287.7303555525108,0.0,84,84,0,0,84,85,29324,0,0,0,0,-1
2020-07-14,US,Wyoming,Platte,4,0,0,42.13299116,-104.96633100000001,56031.0,47.658763255093525,0.0,4,4,0,0,4,4,8566,0,0,0,0,0
2020-07-14,US,Wyoming,Sheridan,33,0,0,44.79048913,-106.8862389,56033.0,108.24995899622765,0.0,33,33,0,0,33,29,30233,0,0,0,0,4
2020-07-14,US,Wyoming,Sublette,10,0,0,42.76558279,-109.91309220000001,56035.0,101.71905197843556,0.0,10,10,0,0,10,7,9813,0,0,0,0,3
2020-07-14,US,Wyoming,Sweetwater,156,0,0,41.65943896,-108.8827882,56037.0,368.419809649765,0.0,156,150,0,0,150,138,43051,6,0,0,6,12
2020-07-14,US,Wyoming,Teton,164,0,0,43.93522482,-110.5890801,56039.0,698.9430617115581,0.0,164,162,0,0,162,157,23081,2,0,0,2,5
2020-07-14,US,Wyoming,Uinta,208,0,0,41.2878183,-110.54757820000002,56041.0,1028.379313754573,0.0,208,205,0,0,205,202,20299,3,0,0,3,3
2020-07-14,US,Wyoming,Unassigned,0,21,0,0.0,0.0,90056.0,0.0,0.0,-21,0,20,0,-20,0,,0,1,0,-1,0
2020-07-14,US,Wyoming,Washakie,43,0,0,43.90451606,-107.68018700000002,56043.0,550.9288917360666,0.0,43,43,0,0,43,43,7885,0,0,0,0,0
2020-07-14,US,Wyoming,Weston,3,0,0,43.83961191,-104.56748809999999,56045.0,43.308791684712,0.0,3,3,0,0,3,1,6967,0,0,0,0,2
