Date,Country/Region,Province/State,Admin2,Confirmed,Deaths,Recovered,Latitude,Longitude,FIPS,Incidence_Rate,Case-Fatality_Ratio,Active Cases,Previous Confirmed,Previous Deaths,Previous Recovered,Previous Active,Prev2 Confirmed,Population,Daily Confirmed,Daily Deaths,Daily Recovered,Daily Active,Previous Daily Confirmed
2020-08-20,US,Alabama,Autauga,1240,22,0,32.53952745,-86.64408227,1001.0,2219.4777067783566,1.7741935483870968,1218,1241,22,0,1219,1235,55601,-1,0,0,-1,6
2020-08-20,US,Alabama,Baldwin,3957,31,0,30.72774991,-87.72207058,1003.0,1772.5794457833483,0.7834217841799342,3926,3931,30,0,3901,3906,218022,26,1,0,25,25
2020-08-20,US,Alabama,Barbour,619,7,0,31.868263,-85.3871286,1005.0,2507.494126225391,1.1308562197092085,612,613,7,0,606,606,24881,6,0,0,6,7
2020-08-20,US,Alabama,Bibb,494,6,0,32.99642064,-87.12511459999996,1007.0,2205.948021791551,1.214574898785425,488,490,5,0,485,476,22400,4,1,0,3,14
2020-08-20,US,Alabama,Blount,912,5,0,33.98210918,-86.56790593,1009.0,1577.1452287898178,0.5482456140350878,907,901,5,0,896,887,57840,11,0,0,11,14
2020-08-20,US,Alabama,Bullock,527,13,0,32.10030533,-85.71265535,1011.0,5217.305217305217,2.4667931688804554,514,522,13,0,509,504,10138,5,0,0,5,18
2020-08-20,US,Alabama,Butler,796,36,0,31.75300095,-86.68057478,1013.0,4092.96585767174,4.522613065326633,760,796,36,0,760,796,19680,0,0,0,0,0
2020-08-20,US,Alabama,Calhoun,2072,23,0,33.77483727,-85.82630386,1015.0,1823.8633862946174,1.1100386100386102,2049,2028,23,0,2005,1982,114277,44,0,0,44,46
2020-08-20,US,Alabama,Chambers,861,38,0,32.91360079,-85.39072749,1017.0,2589.1622060504,4.413472706155633,823,859,38,0,821,859,33615,2,0,0,2,0
2020-08-20,US,Alabama,Cherokee,319,9,0,34.17805983,-85.60638968,1019.0,1217.7431668957092,2.8213166144200628,310,313,8,0,305,313,26032,6,1,0,5,0
2020-08-20,US,Alabama,Chilton,891,9,0,32.85044126,-86.7173256,1021.0,2005.4920320518595,1.0101010101010102,882,884,9,0,875,880,44153,7,0,0,7,4
2020-08-20,US,Alabama,Choctaw,301,12,0,32.02227341,-88.26564429999998,1023.0,2390.9762491063625,3.986710963455149,289,301,12,0,289,297,12841,0,0,0,0,4
2020-08-20,US,Alabama,Clarke,861,11,0,31.68099859,-87.83548597,1025.0,3644.9072898145796,1.2775842044134726,850,861,10,0,851,839,23920,0,1,0,-1,22
2020-08-20,US,Alabama,Clay,314,5,0,33.26984193,-85.85836077,1027.0,2372.497166603702,1.5923566878980893,309,313,5,0,308,310,13275,1,0,0,1,3
2020-08-20,US,Alabama,Cleburne,169,2,0,33.67679204,-85.52005899,1029.0,1133.4674714956407,1.183431952662722,167,164,1,0,163,148,14987,5,1,0,4,16
2020-08-20,US,Alabama,Coffee,850,6,0,31.39932826,-85.98901039,1031.0,1623.9348897634784,0.7058823529411765,844,848,6,0,842,847,51909,2,0,0,2,1
2020-08-20,US,Alabama,Colbert,1316,19,0,34.69847452,-87.80168544,1033.0,2382.288517586576,1.4437689969604863,1297,1304,18,0,1286,1300,54762,12,1,0,11,4
2020-08-20,US,Alabama,Conecuh,412,11,0,31.43401703,-86.99320044,1035.0,3414.270324024198,2.66990291262136,401,410,10,0,400,408,12277,2,1,0,1,2
2020-08-20,US,Alabama,Coosa,109,3,0,32.93690146,-86.24847739,1037.0,1022.2263903216733,2.7522935779816518,106,106,3,0,103,106,10715,3,0,0,3,0
2020-08-20,US,Alabama,Covington,794,21,0,31.247785399999998,-86.45050893,1039.0,2143.107776188291,2.6448362720403025,773,786,22,0,764,786,36986,8,-1,0,9,0
2020-08-20,US,Alabama,Crenshaw,361,11,0,31.72941803,-86.31593104,1041.0,2621.2605286087714,3.0470914127423825,350,357,9,0,348,353,13824,4,2,0,2,4
2020-08-20,US,Alabama,Cullman,1326,11,0,34.13020303,-86.86888037,1043.0,1582.9433673956644,0.8295625942684767,1315,1317,12,0,1305,1303,83442,9,-1,0,10,14
2020-08-20,US,Alabama,Dale,893,32,0,31.43037123,-85.61095742,1045.0,1816.0741885625966,3.5834266517357225,861,890,29,0,861,890,48956,3,3,0,0,0
2020-08-20,US,Alabama,Dallas,1388,25,0,32.32688101,-87.10866709999998,1047.0,3731.5840412947628,1.8011527377521614,1363,1381,25,0,1356,1368,38310,7,0,0,7,13
2020-08-20,US,Alabama,DeKalb,1951,14,0,34.45946862,-85.80782906,1049.0,2728.1752967991833,0.7175807278318811,1937,1944,14,0,1930,1932,71385,7,0,0,7,12
2020-08-20,US,Alabama,Elmore,1882,40,0,32.59785413,-86.14415284,1051.0,2317.477126919431,2.1253985122210413,1842,1848,40,0,1808,1837,81887,34,0,0,34,11
2020-08-20,US,Alabama,Escambia,1152,17,0,31.1256789,-87.15918694,1053.0,3144.705593317501,1.4756944444444444,1135,1142,17,0,1125,1126,36748,10,0,0,10,16
2020-08-20,US,Alabama,Etowah,2392,37,0,34.04567266,-86.04051873,1055.0,2338.952556029257,1.5468227424749164,2355,2377,36,0,2341,2336,102501,15,1,0,14,41
2020-08-20,US,Alabama,Fayette,256,6,0,33.72076938,-87.73886638,1057.0,1570.3594650963073,2.34375,250,252,6,0,246,247,16433,4,0,0,4,5
2020-08-20,US,Alabama,Franklin,1406,22,0,34.44235334,-87.84289505,1059.0,4483.132453287418,1.5647226173541964,1384,1383,22,0,1361,1373,31363,23,0,0,23,10
2020-08-20,US,Alabama,Geneva,306,2,0,31.09389027,-85.83572839,1061.0,1164.7824597464885,0.6535947712418301,304,300,2,0,298,297,26314,6,0,0,6,3
2020-08-20,US,Alabama,Greene,268,14,0,32.85504247,-87.95684022,1063.0,3304.1548514363208,5.223880597014926,254,265,13,0,252,261,8233,3,1,0,2,4
2020-08-20,US,Alabama,Hale,507,26,0,32.76039258,-87.63284988,1065.0,3460.514640638865,5.128205128205129,481,504,26,0,478,498,14726,3,0,0,3,6
2020-08-20,US,Alabama,Henry,278,3,0,31.51148016,-85.24267944,1067.0,1615.8093577448417,1.0791366906474822,275,278,3,0,275,278,17209,0,0,0,0,0
2020-08-20,US,Alabama,Houston,1568,13,0,31.15197924,-85.29939599,1069.0,1480.8938252016394,0.8290816326530612,1555,1550,13,0,1537,1540,104722,18,0,0,18,10
2020-08-20,US,Alabama,Jackson,1170,5,0,34.78144169,-85.99750489,1071.0,2266.299926393677,0.4273504273504273,1165,1165,5,0,1160,1156,51736,5,0,0,5,9
2020-08-20,US,Alabama,Jefferson,14419,276,0,33.55554728,-86.89506300000002,1073.0,2189.430784438476,1.9141410638740548,14143,14337,272,0,14065,14198,659300,82,4,0,78,139
2020-08-20,US,Alabama,Lamar,255,2,0,33.77995024,-88.09668032,1075.0,1847.1568272365084,0.7843137254901961,253,249,2,0,247,247,13844,6,0,0,6,2
2020-08-20,US,Alabama,Lauderdale,1287,22,0,34.90171875,-87.65624729,1077.0,1387.9153231459409,1.709401709401709,1265,1278,21,0,1257,1269,92387,9,1,0,8,9
2020-08-20,US,Alabama,Lawrence,383,4,0,34.52041498,-87.31069453,1079.0,1163.2851415380878,1.0443864229765014,379,379,3,0,376,377,32957,4,1,0,3,2
2020-08-20,US,Alabama,Lee,2899,47,0,32.60154883,-85.35132246,1081.0,1761.860193749924,1.6212487064505,2852,2888,47,0,2841,2861,163941,11,0,0,11,27
2020-08-20,US,Alabama,Limestone,1498,14,0,34.81185586,-86.98310072,1083.0,1514.431582671991,0.9345794392523364,1484,1492,13,0,1479,1473,96174,6,1,0,5,19
2020-08-20,US,Alabama,Lowndes,584,24,0,32.1597283,-86.65158371,1085.0,6004.523956405512,4.109589041095891,560,585,24,0,561,585,9974,-1,0,0,-1,0
2020-08-20,US,Alabama,Macon,364,15,0,32.38759944,-85.69267724,1087.0,2014.6114677883552,4.12087912087912,349,360,15,0,345,355,18439,4,0,0,4,5
2020-08-20,US,Alabama,Madison,5800,38,0,34.76327133,-86.55069633,1089.0,1555.3392382592,0.6551724137931034,5762,5769,38,0,5731,5773,366519,31,0,0,31,-4
2020-08-20,US,Alabama,Marengo,597,17,0,32.24767634,-87.78796182,1091.0,3164.9260456979273,2.847571189279732,580,595,17,0,578,591,19066,2,0,0,2,4
2020-08-20,US,Alabama,Marion,628,27,0,34.13697363,-87.88704173,1093.0,2113.837557642465,4.2993630573248405,601,622,27,0,595,619,29763,6,0,0,6,3
2020-08-20,US,Alabama,Marshall,3326,38,0,34.36975964,-86.30486727,1095.0,3436.8735404137474,1.1425135297654843,3288,3323,38,0,3285,3317,96109,3,0,0,3,6
2020-08-20,US,Alabama,Mobile,11329,235,0,30.78472347,-88.20842409,1097.0,2741.705186224922,2.074322535086945,11094,11264,230,0,11034,11138,413757,65,5,0,60,126
2020-08-20,US,Alabama,Monroe,440,6,0,31.56729412,-87.36995001,1099.0,2122.220614479333,1.3636363636363635,434,438,6,0,432,434,21067,2,0,0,2,4
2020-08-20,US,Alabama,Montgomery,7293,156,0,32.2206831,-86.20969272,1101.0,3220.0665824819193,2.1390374331550803,7137,7257,153,0,7104,7226,225763,36,3,0,33,31
2020-08-20,US,Alabama,Morgan,2577,22,0,34.45500589,-86.85475946,1103.0,2153.259970420876,0.8537058595265813,2555,2577,22,0,2555,2555,119089,0,0,0,0,22
2020-08-20,US,Alabama,Perry,459,4,0,32.64048341,-87.29770589,1105.0,5144.009862153984,0.8714596949891068,455,460,4,0,456,459,9140,-1,0,0,-1,1
2020-08-20,US,Alabama,Pickens,461,10,0,33.28094866,-88.08818103,1107.0,2313.095835423984,2.169197396963124,451,457,10,0,447,443,19938,4,0,0,4,14
2020-08-20,US,Alabama,Pike,753,7,0,31.80396383,-85.9408295,1109.0,2273.962674397536,0.9296148738379814,746,740,7,0,733,731,33338,13,0,0,13,9
2020-08-20,US,Alabama,Randolph,418,11,0,33.29526734,-85.45708831,1111.0,1839.6267934160726,2.631578947368421,407,417,11,0,406,416,22725,1,0,0,1,1
2020-08-20,US,Alabama,Russell,1471,2,0,32.28725256,-85.18415324,1113.0,2537.91342454409,0.13596193065941534,1469,1462,2,0,1460,1453,57781,9,0,0,9,9
2020-08-20,US,Alabama,Shelby,3582,39,0,33.26879845,-86.66232561,1117.0,1645.368439426372,1.0887772194304857,3543,3572,38,0,3534,3538,215707,10,1,0,9,34
2020-08-20,US,Alabama,St. Clair,1487,23,0,33.71902176,-86.31029372,1115.0,1661.2297792474747,1.546738399462004,1464,1472,22,0,1450,1442,88690,15,1,0,14,30
2020-08-20,US,Alabama,Sumter,380,19,0,32.59117397,-88.19916205,1119.0,3057.8578900780562,5.0,361,379,19,0,360,379,12691,1,0,0,1,0
2020-08-20,US,Alabama,Talladega,1208,15,0,33.37823223,-86.16886178,1121.0,1510.415364225162,1.2417218543046358,1193,1190,15,0,1175,1170,79828,18,0,0,18,20
2020-08-20,US,Alabama,Tallapoosa,905,78,0,32.86698258,-85.79833053,1123.0,2241.9302895929845,8.61878453038674,827,901,79,0,822,902,40497,4,-1,0,5,-1
2020-08-20,US,Alabama,Tuscaloosa,4648,86,0,33.28726072,-87.52556818,1125.0,2220.1523727639656,1.8502581755593803,4562,4617,85,0,4532,4524,208911,31,1,0,30,93
2020-08-20,US,Alabama,Unassigned,4966,69,0,0.0,0.0,90001.0,0.0,1.3894482480869916,4897,4694,68,0,4626,4546,,272,1,0,271,148
2020-08-20,US,Alabama,Walker,1684,67,0,33.80270512,-87.30027177,1127.0,2651.0917649281337,3.9786223277909736,1617,1658,67,0,1591,1645,63711,26,0,0,26,13
2020-08-20,US,Alabama,Washington,477,13,0,31.4092794,-88.20689944,1129.0,2921.7199558985667,2.7253668763102725,464,476,13,0,463,475,16378,1,0,0,1,1
2020-08-20,US,Alabama,Wilcox,461,10,0,31.98773215,-87.30891118,1131.0,4444.230213053119,2.169197396963124,451,458,10,0,448,456,10627,3,0,0,3,2
2020-08-20,US,Alabama,Winston,492,11,0,34.15030532,-87.37325922,1133.0,2082.187142917601,2.2357723577235773,481,488,11,0,477,484,23660,4,0,0,4,4
2020-08-20,US,Alaska,Aleutians East,2,0,0,55.32222414,-161.9722021,2013.0,59.93407252022774,0.0,2,2,0,0,2,2,3515,0,0,0,0,0
2020-08-20,US,Alaska,Aleutians West,5,0,0,52.3233,-174.1596,2016.0,88.74689385871494,0.0,5,5,0,0,5,5,5723,0,0,0,0,0
2020-08-20,US,Alaska,Anchorage,2593,16,0,61.14998174,-149.14269860000005,2020.0,900.3472222222223,0.6170458927882762,2577,2551,16,0,2535,2519,291538,42,0,0,42,32
2020-08-20,US,Alaska,Bethel,37,0,0,60.90980451,-159.8561831,2050.0,201.2400739693245,0.0,37,35,0,0,35,33,18216,2,0,0,2,2
2020-08-20,US,Alaska,Bristol Bay,11,0,0,58.74513976,-156.701064,2060.0,1315.7894736842104,0.0,11,11,0,0,11,11,877,0,0,0,0,0
2020-08-20,US,Alaska,Denali,1,0,0,63.67264044,-150.0076108,2068.0,47.687172150691474,0.0,1,1,0,0,1,1,2059,0,0,0,0,0
2020-08-20,US,Alaska,Dillingham,5,0,0,59.79603738,-158.23819419999995,2070.0,101.70870626525631,0.0,5,5,0,0,5,4,5000,0,0,0,0,1
2020-08-20,US,Alaska,Fairbanks North Star,528,6,0,64.80726247,-146.5692662,2090.0,545.1785769600099,1.1363636363636365,522,517,6,0,511,503,98971,11,0,0,11,14
2020-08-20,US,Alaska,Haines,5,0,0,59.09893571,-135.4679843,2100.0,197.6284584980237,0.0,5,5,0,0,5,5,2474,0,0,0,0,0
2020-08-20,US,Alaska,Juneau,155,1,0,58.45031811,-134.200436,2110.0,484.7688747107025,0.6451612903225806,154,150,1,0,149,150,32113,5,0,0,5,0
2020-08-20,US,Alaska,Kenai Peninsula,383,2,0,60.24429722,-151.53888840000005,2122.0,652.3812768276896,0.5221932114882507,381,381,2,0,379,379,58533,2,0,0,2,2
2020-08-20,US,Alaska,Ketchikan Gateway,41,0,0,55.57445008,-130.975561,2130.0,294.9428098697936,0.0,41,40,0,0,40,39,13918,1,0,0,1,1
2020-08-20,US,Alaska,Kodiak Island,14,0,0,57.65529415,-153.7493579,2150.0,107.70887828896757,0.0,14,12,0,0,12,11,13345,2,0,0,2,1
2020-08-20,US,Alaska,Kusilvak,8,0,0,62.15429159999999,-163.39678830000003,2158.0,96.22323791195574,0.0,8,8,0,0,8,8,8303,0,0,0,0,0
2020-08-20,US,Alaska,Matanuska-Susitna,406,2,0,62.31305045,-149.5741743,2170.0,374.8257429581691,0.4926108374384237,404,396,2,0,394,389,107610,10,0,0,10,7
2020-08-20,US,Alaska,Nome,27,0,0,64.90320724,-164.0353804,2180.0,269.8920431827269,0.0,27,26,0,0,26,26,10008,1,0,0,1,0
2020-08-20,US,Alaska,North Slope,28,0,0,69.31479216,-153.4836093,2185.0,284.7843775427177,0.0,28,26,0,0,26,24,9872,2,0,0,2,2
2020-08-20,US,Alaska,Northwest Arctic,54,0,0,67.04919196,-159.7503946,2188.0,708.5684293399817,0.0,54,51,0,0,51,48,7671,3,0,0,3,3
2020-08-20,US,Alaska,Petersburg,7,1,0,57.13978948,-132.9540995,2195.0,214.32945499081444,14.285714285714285,6,7,1,0,6,7,3221,0,0,0,0,0
2020-08-20,US,Alaska,Prince of Wales-Hyder,16,0,0,55.76261984,-133.0511621,2198.0,257.93970659358376,0.0,16,16,0,0,16,16,6422,0,0,0,0,0
2020-08-20,US,Alaska,Sitka,33,0,0,57.24124555,-135.3206587,2220.0,388.55528081949836,0.0,33,33,0,0,33,33,8647,0,0,0,0,0
2020-08-20,US,Alaska,Southeast Fairbanks,18,0,0,63.87692095,-143.2127643,2240.0,261.13448425939356,0.0,18,18,0,0,18,18,6918,0,0,0,0,0
2020-08-20,US,Alaska,Unassigned,1,0,0,0.0,0.0,90002.0,0.0,0.0,1,1,0,0,1,1,,0,0,0,0,0
2020-08-20,US,Alaska,Valdez-Cordova,65,0,0,61.47502768,-144.7126799,2261.0,706.3681808302542,0.0,65,64,0,0,64,63,9164,1,0,0,1,1
2020-08-20,US,Alaska,Wrangell,8,0,0,56.3202004,-132.05837309999998,2275.0,319.744204636291,0.0,8,8,0,0,8,8,2503,0,0,0,0,0
2020-08-20,US,Alaska,Yakutat,9,0,0,59.890980799999994,-140.36014509999998,2282.0,1554.4041450777206,0.0,9,9,0,0,9,9,604,0,0,0,0,0
2020-08-20,US,Alaska,Yukon-Koyukuk,60,1,0,65.50815459,-151.39073869999999,2290.0,1147.227533460803,1.6666666666666667,59,60,1,0,59,59,5327,0,0,0,0,1
2020-08-20,US,Arizona,Apache,3277,145,0,35.39465006,-109.4892383,4001.0,4558.543269297647,4.424778761061948,3132,3269,144,0,3125,3257,71818,8,1,0,7,12
2020-08-20,US,Arizona,Cochise,1775,57,0,31.87934684,-109.7516088,4003.0,1409.6027699687106,3.211267605633803,1718,1769,57,0,1712,1772,126770,6,0,0,6,-3
2020-08-20,US,Arizona,Coconino,3213,121,0,35.83883429,-111.77071780000001,4005.0,2239.3989238618306,3.7659508247743534,3092,3200,121,0,3079,3196,142854,13,0,0,13,4
2020-08-20,US,Arizona,Gila,1033,42,0,33.80190085,-110.8132779,4007.0,1912.3255211225887,4.065827686350437,991,1021,42,0,979,1016,53889,12,0,0,12,5
2020-08-20,US,Arizona,Graham,624,21,0,32.93166885,-109.8882178,4009.0,1606.7152457707855,3.3653846153846154,603,621,21,0,600,614,38072,3,0,0,3,7
2020-08-20,US,Arizona,Greenlee,57,1,0,33.21498827,-109.2405279,4011.0,600.1263423878711,1.7543859649122806,56,57,1,0,56,57,9483,0,0,0,0,0
2020-08-20,US,Arizona,La Paz,494,13,0,33.72854224,-113.98100290000001,4012.0,2340.34489293159,2.631578947368421,481,492,13,0,479,492,21098,2,0,0,2,0
2020-08-20,US,Arizona,Maricopa,130800,2739,0,33.34835867,-112.49181540000001,4013.0,2916.1187796711743,2.0940366972477062,128061,130384,2697,0,127687,129958,4410824,416,42,0,374,426
2020-08-20,US,Arizona,Mohave,3454,191,0,35.70471703,-113.7577902,4015.0,1627.855463024493,5.529820497973364,3263,3411,189,0,3222,3383,209550,43,2,0,41,28
2020-08-20,US,Arizona,Navajo,5477,213,0,35.3997715,-110.3218983,4017.0,4937.614943564963,3.8889903231696175,5264,5470,213,0,5257,5468,110445,7,0,0,7,2
2020-08-20,US,Arizona,Pima,20139,534,0,32.0971334,-111.7890033,4019.0,1922.9832737981,2.651571577536124,19605,20047,537,0,19510,19976,1039073,92,-3,0,95,71
2020-08-20,US,Arizona,Pinal,9065,176,0,32.90525627,-111.3449483,4021.0,1958.7760296809129,1.9415333701047988,8889,8989,171,0,8818,8935,447138,76,5,0,71,54
2020-08-20,US,Arizona,Santa Cruz,2711,55,0,31.52508998,-110.8479088,4023.0,5830.3582949804295,2.0287716709701216,2656,2709,55,0,2654,2708,46511,2,0,0,2,1
2020-08-20,US,Arizona,Unassigned,0,1,0,0.0,0.0,90004.0,0.0,0.0,-1,0,1,0,-1,0,,0,0,0,0,0
2020-08-20,US,Arizona,Yavapai,2197,76,0,34.59933926,-112.5538588,4025.0,934.4999340703281,3.459262630860264,2121,2191,74,0,2117,2180,231993,6,2,0,4,11
2020-08-20,US,Arizona,Yuma,11964,299,0,32.76895712,-113.90666740000002,4027.0,5596.224279306039,2.499164159144099,11665,11927,298,0,11629,11908,212128,37,1,0,36,19
2020-08-20,US,Arkansas,Arkansas,256,2,0,34.29145151,-91.37277296,5001.0,1464.0283655495825,0.78125,254,255,2,0,253,251,17769,1,0,0,1,4
2020-08-20,US,Arkansas,Ashley,369,7,0,33.19153461,-91.76984709999999,5003.0,1877.1938749554865,1.897018970189702,362,367,6,0,361,362,20046,2,1,0,1,5
2020-08-20,US,Arkansas,Baxter,96,0,0,36.28784385,-92.33782872,5005.0,228.94209672803586,0.0,96,91,0,0,91,89,41619,5,0,0,5,2
2020-08-20,US,Arkansas,Benton,5000,43,0,36.33644656,-94.25680817,5007.0,1791.2094604518866,0.86,4957,4980,43,0,4937,4950,272608,20,0,0,20,30
2020-08-20,US,Arkansas,Boone,242,2,0,36.3084504,-93.09374925,5009.0,646.5056636033339,0.8264462809917356,240,238,2,0,236,232,37480,4,0,0,4,6
2020-08-20,US,Arkansas,Bradley,233,4,0,33.46755808,-92.15980837,5011.0,2164.8239338474405,1.7167381974248928,229,231,4,0,227,230,10897,2,0,0,2,1
2020-08-20,US,Arkansas,Calhoun,22,0,0,33.55598792,-92.49974403,5013.0,423.9737907111197,0.0,22,22,0,0,22,22,5277,0,0,0,0,0
2020-08-20,US,Arkansas,Carroll,409,7,0,36.34038560000001,-93.54270261,5015.0,1441.1557434813249,1.7114914425427872,402,408,7,0,401,401,28223,1,0,0,1,7
2020-08-20,US,Arkansas,Chicot,932,9,0,33.26458973,-91.29539209,5017.0,9211.306582328523,0.965665236051502,923,931,9,0,922,926,10438,1,0,0,1,5
2020-08-20,US,Arkansas,Clark,196,2,0,34.04613432,-93.17484713,5019.0,878.1362007168459,1.020408163265306,194,196,2,0,194,195,22061,0,0,0,0,1
2020-08-20,US,Arkansas,Clay,154,5,0,36.36826212,-90.4148172,5021.0,1058.3465053948182,3.2467532467532467,149,150,5,0,145,147,14847,4,0,0,4,3
2020-08-20,US,Arkansas,Cleburne,237,5,0,35.53864922,-92.02640019,5023.0,951.0815040731972,2.109704641350211,232,233,5,0,228,229,24965,4,0,0,4,4
2020-08-20,US,Arkansas,Cleveland,124,2,0,33.89723187,-92.18537045,5025.0,1558.5721468074412,1.6129032258064515,122,124,2,0,122,121,8018,0,0,0,0,3
2020-08-20,US,Arkansas,Columbia,255,12,0,33.21230701,-93.22642793,5027.0,1087.0955365136206,4.705882352941177,243,252,12,0,240,250,23537,3,0,0,3,2
2020-08-20,US,Arkansas,Conway,178,3,0,35.26205537,-92.70506566,5029.0,853.880840449007,1.6853932584269662,175,175,3,0,172,169,20891,3,0,0,3,6
2020-08-20,US,Arkansas,Craighead,1598,13,0,35.83018283,-90.63235729,5031.0,1448.3558713700468,0.8135168961201502,1585,1560,13,0,1547,1512,108558,38,0,0,38,48
2020-08-20,US,Arkansas,Crawford,790,6,0,35.58928601,-94.2446814,5033.0,1248.8736424427334,0.7594936708860759,784,768,5,0,763,757,63406,22,1,0,21,11
2020-08-20,US,Arkansas,Crittenden,1530,26,0,35.21247318,-90.30839406,5035.0,3190.491085392556,1.699346405228758,1504,1515,26,0,1489,1503,48342,15,0,0,15,12
2020-08-20,US,Arkansas,Cross,236,4,0,35.29631396,-90.77185818,5037.0,1437.3591570741214,1.6949152542372878,232,233,4,0,229,229,16676,3,0,0,3,4
2020-08-20,US,Arkansas,Dallas,70,2,0,33.97042763,-92.65167437,5039.0,998.7159366528748,2.8571428571428568,68,70,2,0,68,71,7182,0,0,0,0,-1
2020-08-20,US,Arkansas,Desha,213,4,0,33.83011025,-91.25500948,5041.0,1874.8349617111166,1.8779342723004693,209,212,3,0,209,212,11512,1,1,0,0,0
2020-08-20,US,Arkansas,Drew,286,3,0,33.59035001,-91.71777921,5043.0,1569.7897799001043,1.048951048951049,283,283,3,0,280,277,18328,3,0,0,3,6
2020-08-20,US,Arkansas,Faulkner,1438,7,0,35.14719007,-92.33717519,5045.0,1141.2064409120128,0.4867872044506258,1431,1422,7,0,1415,1412,124806,16,0,0,16,10
2020-08-20,US,Arkansas,Franklin,147,2,0,35.51202821,-93.89299569,5047.0,829.805249788315,1.3605442176870748,145,147,2,0,145,146,17810,0,0,0,0,1
2020-08-20,US,Arkansas,Fulton,52,0,0,36.38177105,-91.81729127,5049.0,416.7668510058508,0.0,52,51,0,0,51,51,12269,1,0,0,1,0
2020-08-20,US,Arkansas,Garland,1256,21,0,34.57692074,-93.14921604,5051.0,1263.7594832270138,1.6719745222929936,1235,1233,19,0,1214,1207,99154,23,2,0,21,26
2020-08-20,US,Arkansas,Grant,159,0,0,34.29017991,-92.42320562,5053.0,870.517382972899,0.0,159,157,0,0,157,157,18188,2,0,0,2,0
2020-08-20,US,Arkansas,Greene,563,3,0,36.11735460000001,-90.55832668,5055.0,1242.1400992829565,0.5328596802841918,560,559,3,0,556,548,45325,4,0,0,4,11
2020-08-20,US,Arkansas,Hempstead,284,3,0,33.73325583,-93.66935133,5057.0,1318.9671187070408,1.056338028169014,281,277,3,0,274,272,21741,7,0,0,7,5
2020-08-20,US,Arkansas,Hot Spring,1659,14,0,34.31709259,-92.95396325,5059.0,4912.498889579817,0.8438818565400844,1645,1655,14,0,1641,1647,33701,4,0,0,4,8
2020-08-20,US,Arkansas,Howard,383,3,0,34.09007427,-93.9934871,5061.0,2901.0755946068766,0.783289817232376,380,380,3,0,377,376,13341,3,0,0,3,4
2020-08-20,US,Arkansas,Independence,651,3,0,35.74242707,-91.57001641,5063.0,1721.0839391936554,0.4608294930875576,648,635,3,0,632,626,37678,16,0,0,16,9
2020-08-20,US,Arkansas,Izard,69,0,0,36.09604046,-91.90847954,5065.0,506.2733876293198,0.0,69,69,0,0,69,65,13593,0,0,0,0,4
2020-08-20,US,Arkansas,Jackson,155,1,0,35.59802983,-91.21494602,5067.0,927.08894072612,0.6451612903225806,154,153,1,0,152,131,16811,2,0,0,2,22
2020-08-20,US,Arkansas,Jefferson,1831,41,0,34.26767081,-91.92619839,5069.0,2740.033520890698,2.2392135445111956,1790,1776,41,0,1735,1718,68114,55,0,0,55,58
2020-08-20,US,Arkansas,Johnson,724,3,0,35.56759135,-93.46036368,5071.0,2724.0574911581007,0.4143646408839779,721,717,2,0,715,695,26742,7,1,0,6,22
2020-08-20,US,Arkansas,Lafayette,64,2,0,33.24116713,-93.60677071,5073.0,966.1835748792273,3.125,62,63,2,0,61,62,6682,1,0,0,1,1
2020-08-20,US,Arkansas,Lawrence,238,9,0,36.04188196,-91.10867198,5075.0,1450.6887724003411,3.7815126050420167,229,234,9,0,225,232,16434,4,0,0,4,2
2020-08-20,US,Arkansas,Lee,986,8,0,34.78498904,-90.78383866,5077.0,11132.437619961609,0.8113590263691683,978,983,8,0,975,983,8985,3,0,0,3,0
2020-08-20,US,Arkansas,Lincoln,1360,12,0,33.95317155,-91.74002806,5079.0,10442.260442260442,0.8823529411764706,1348,1356,12,0,1344,1355,13383,4,0,0,4,1
2020-08-20,US,Arkansas,Little River,248,6,0,33.70375665,-94.23468591,5081.0,2023.0035076270487,2.419354838709677,242,237,5,0,232,227,12326,11,1,0,10,10
2020-08-20,US,Arkansas,Logan,343,1,0,35.21413234,-93.71951016,5083.0,1597.8757104257895,0.2915451895043732,342,339,1,0,338,337,21737,4,0,0,4,2
2020-08-20,US,Arkansas,Lonoke,611,2,0,34.75392199,-91.88742357,5085.0,833.4583748243733,0.3273322422258593,609,604,2,0,602,589,73657,7,0,0,7,15
2020-08-20,US,Arkansas,Madison,286,2,0,36.01038185,-93.72524943,5087.0,1725.3861003861005,0.6993006993006993,284,284,2,0,282,280,16481,2,0,0,2,4
2020-08-20,US,Arkansas,Marion,38,0,0,36.26844485,-92.68451899,5089.0,227.6266922247514,0.0,38,37,0,0,37,34,16722,1,0,0,1,3
2020-08-20,US,Arkansas,Miller,541,5,0,33.31403423,-93.89285258,5091.0,1250.6646323138452,0.9242144177449167,536,546,5,0,541,541,43592,-5,0,0,-5,5
2020-08-20,US,Arkansas,Mississippi,1216,16,0,35.76271485,-90.05194370000002,5093.0,2991.316326781629,1.3157894736842106,1200,1196,16,0,1180,1164,41239,20,0,0,20,32
2020-08-20,US,Arkansas,Monroe,84,0,0,34.6815935,-91.20540287,5095.0,1253.5442471272945,0.0,84,81,0,0,81,79,6900,3,0,0,3,2
2020-08-20,US,Arkansas,Montgomery,56,2,0,34.53704874,-93.65824478,5097.0,623.1916314266638,3.571428571428572,54,53,1,0,52,45,8924,3,1,0,2,8
2020-08-20,US,Arkansas,Nevada,150,9,0,33.66340119,-93.30632432,5099.0,1817.7411536597185,6.0,141,147,9,0,138,147,8326,3,0,0,3,0
2020-08-20,US,Arkansas,Newton,107,12,0,35.91947491,-93.21612969,5101.0,1380.110924803302,11.214953271028037,95,107,11,0,96,107,7805,0,1,0,-1,0
2020-08-20,US,Arkansas,Ouachita,124,3,0,33.58839816,-92.87795984,5103.0,530.3224702762809,2.419354838709677,121,120,3,0,117,118,23606,4,0,0,4,2
2020-08-20,US,Arkansas,Perry,56,0,0,34.945915299999996,-92.94372564,5105.0,535.6288857006217,0.0,56,55,0,0,55,55,10352,1,0,0,1,0
2020-08-20,US,Arkansas,Phillips,366,9,0,34.43268455,-90.84800154,5107.0,2058.261162973794,2.459016393442623,357,360,9,0,351,357,18029,6,0,0,6,3
2020-08-20,US,Arkansas,Pike,151,1,0,34.16250414,-93.65789349,5109.0,1408.844933756298,0.6622516556291391,150,151,1,0,150,146,10673,0,0,0,0,5
2020-08-20,US,Arkansas,Poinsett,367,4,0,35.57433534,-90.66268713,5111.0,1559.8435906154364,1.0899182561307903,363,358,4,0,354,350,23974,9,0,0,9,8
2020-08-20,US,Arkansas,Polk,191,2,0,34.48254879,-94.22728802,5113.0,956.7220997796032,1.0471204188481675,189,186,2,0,184,177,20049,5,0,0,5,9
2020-08-20,US,Arkansas,Pope,1520,14,0,35.44871474,-93.03212219,5115.0,2372.3311274815837,0.9210526315789472,1506,1499,14,0,1485,1468,64000,21,0,0,21,31
2020-08-20,US,Arkansas,Prairie,112,0,0,34.83624419,-91.55162157,5117.0,1389.23344083354,0.0,112,112,0,0,112,112,8074,0,0,0,0,0
2020-08-20,US,Arkansas,Pulaski,6341,91,0,34.77054088,-92.31355101,5119.0,1617.9693859064942,1.4351048730484153,6250,6284,91,0,6193,6201,392680,57,0,0,57,83
2020-08-20,US,Arkansas,Randolph,285,11,0,36.3415714,-91.02455531,5121.0,1587.0364183093884,3.8596491228070176,274,280,11,0,269,271,17948,5,0,0,5,9
2020-08-20,US,Arkansas,Saline,1334,10,0,34.64916145,-92.67583224,5125.0,1089.5399266561576,0.7496251874062968,1324,1319,10,0,1309,1293,121421,15,0,0,15,26
2020-08-20,US,Arkansas,Scott,84,0,0,34.85588887,-94.0632176,5127.0,817.0411438576014,0.0,84,80,0,0,80,79,10319,4,0,0,4,1
2020-08-20,US,Arkansas,Searcy,39,0,0,35.9109364,-92.69936482,5129.0,494.86105824134,0.0,39,37,0,0,37,35,7958,2,0,0,2,2
2020-08-20,US,Arkansas,Sebastian,2583,27,0,35.19605503,-94.27162713,5131.0,2020.6998521439127,1.0452961672473868,2556,2552,27,0,2525,2499,127753,31,0,0,31,53
2020-08-20,US,Arkansas,Sevier,1086,11,0,33.99780401,-94.2424869,5133.0,6385.605926971248,1.0128913443830572,1075,1079,11,0,1068,1074,17139,7,0,0,7,5
2020-08-20,US,Arkansas,Sharp,130,5,0,36.16258158,-91.47819342,5135.0,745.3273707143677,3.8461538461538463,125,128,5,0,123,126,17366,2,0,0,2,2
2020-08-20,US,Arkansas,St. Francis,1252,3,0,35.02201976,-90.74828138,5123.0,5009.202208530047,0.2396166134185304,1249,1245,3,0,1242,1243,25439,7,0,0,7,2
2020-08-20,US,Arkansas,Stone,113,1,0,35.86251946,-92.15684085,5137.0,903.5662881816728,0.8849557522123894,112,98,1,0,97,91,12457,15,0,0,15,7
2020-08-20,US,Arkansas,Unassigned,774,0,0,0.0,0.0,90005.0,0.0,0.0,774,786,0,0,786,785,,-12,0,0,-12,1
2020-08-20,US,Arkansas,Union,597,21,0,33.16887091,-92.59746952,5139.0,1543.3534977508914,3.5175879396984926,576,589,21,0,568,578,39126,8,0,0,8,11
2020-08-20,US,Arkansas,Van Buren,70,2,0,35.58095779,-92.51295036,5141.0,423.08854638863687,2.8571428571428568,68,64,2,0,62,62,16603,6,0,0,6,2
2020-08-20,US,Arkansas,Washington,6517,53,0,35.976844,-94.21800746,5143.0,2724.6464063682392,0.8132576338806199,6464,6507,53,0,6454,6472,236961,10,0,0,10,35
2020-08-20,US,Arkansas,White,422,5,0,35.25688493,-91.74908296,5145.0,535.852602440542,1.1848341232227488,417,412,5,0,407,409,78727,10,0,0,10,3
2020-08-20,US,Arkansas,Woodruff,26,0,0,35.18902527,-91.2439489,5147.0,411.39240506329116,0.0,26,26,0,0,26,25,6490,0,0,0,0,1
2020-08-20,US,Arkansas,Yell,1100,20,0,35.00292371,-93.41171338,5149.0,5154.397638348719,1.818181818181818,1080,1097,19,0,1078,1093,21535,3,1,0,2,4
2020-08-20,US,California,Alameda,16184,231,0,37.64629437,-121.8929271,6001.0,968.3311903281759,1.4273356401384083,15953,15836,228,0,15608,15437,1666753,348,3,0,345,399
2020-08-20,US,California,Alpine,2,0,0,38.59678594,-119.82235940000001,6003.0,177.14791851195747,0.0,2,2,0,0,2,2,1101,0,0,0,0,0
2020-08-20,US,California,Amador,262,13,0,38.44583082,-120.65696000000001,6005.0,659.0863352787281,4.961832061068702,249,262,13,0,249,211,39383,0,0,0,0,51
2020-08-20,US,California,Butte,1517,14,0,39.66727762,-121.6005252,6007.0,692.1062476618033,0.9228740936058009,1503,1494,14,0,1480,1421,231256,23,0,0,23,73
2020-08-20,US,California,Calaveras,181,1,0,38.20537103,-120.55291299999999,6009.0,394.2925607232328,0.5524861878453039,180,181,1,0,180,174,45602,0,0,0,0,7
2020-08-20,US,California,Colusa,421,5,0,39.17881957,-122.2331726,6011.0,1953.868287928714,1.187648456057007,416,421,5,0,416,420,21627,0,0,0,0,1
2020-08-20,US,California,Contra Costa,11895,158,0,37.91923498,-121.9289527,6013.0,1031.186119775367,1.3282891971416562,11737,11886,158,0,11728,11668,1150215,9,0,0,9,218
2020-08-20,US,California,Del Norte,112,1,0,41.74228275,-123.89740630000001,6015.0,402.703868833597,0.8928571428571429,111,112,0,0,112,108,27828,0,1,0,-1,4
2020-08-20,US,California,El Dorado,877,2,0,38.77965956,-120.5233166,6017.0,454.7740908407357,0.2280501710376283,875,877,2,0,875,849,190678,0,0,0,0,28
2020-08-20,US,California,Fresno,22167,208,0,36.75733899,-119.6466953,6019.0,2218.6946064511994,0.9383317544097082,21959,21798,208,0,21590,21010,994400,369,0,0,369,788
2020-08-20,US,California,Glenn,423,3,0,39.59875897,-122.3938452,6021.0,1489.8038248864154,0.7092198581560284,420,423,3,0,420,421,28047,0,0,0,0,2
2020-08-20,US,California,Humboldt,342,4,0,40.69923009,-123.876044,6023.0,252.29053246580798,1.1695906432748535,338,333,4,0,329,320,136373,9,0,0,9,13
2020-08-20,US,California,Imperial,10325,266,0,33.0393082,-115.36690420000001,6025.0,5697.6519603785555,2.5762711864406778,10059,10304,265,0,10039,10268,181827,21,1,0,20,36
2020-08-20,US,California,Inyo,149,9,0,36.51112084,-117.41119779999998,6027.0,825.9881368146793,6.040268456375839,140,149,9,0,140,148,17987,0,0,0,0,1
2020-08-20,US,California,Kern,27184,228,0,35.34329425,-118.72777959999999,6029.0,3019.766674590814,0.8387286639199529,26956,27184,228,0,26956,26968,896764,0,0,0,0,216
2020-08-20,US,California,Kings,5631,68,0,36.07409056,-119.8159973,6031.0,3681.8360141231856,1.2076007813887408,5563,5631,68,0,5563,5543,151366,0,0,0,0,88
2020-08-20,US,California,Lake,281,3,0,39.10124298,-122.75362439999999,6033.0,436.43027987450694,1.0676156583629892,278,281,3,0,278,275,64382,0,0,0,0,6
2020-08-20,US,California,Lassen,703,0,0,40.67311306,-120.59350990000002,6035.0,2299.4145160762764,0.0,703,703,0,0,703,703,30802,0,0,0,0,0
2020-08-20,US,California,Los Angeles,227346,5446,0,34.30828379,-118.22824109999999,6037.0,2264.603813865118,2.395467701213129,221900,225827,5392,0,220435,224105,10105518,1519,54,0,1465,1722
2020-08-20,US,California,Madera,3278,49,0,37.21513971,-119.76655890000002,6039.0,2083.558448327369,1.4948139109212937,3229,3236,47,0,3189,3129,157672,42,2,0,40,107
2020-08-20,US,California,Marin,5832,83,0,38.07122463,-122.72106310000001,6041.0,2253.251218965637,1.4231824417009602,5749,5832,83,0,5749,5788,259666,0,0,0,0,44
2020-08-20,US,California,Mariposa,69,2,0,37.57978556,-119.9073334,6043.0,401.09283264546883,2.898550724637681,67,69,2,0,67,64,17471,0,0,0,0,5
2020-08-20,US,California,Mendocino,579,13,0,39.4381191,-123.39113130000001,6045.0,667.4428523671742,2.245250431778929,566,579,13,0,566,556,87606,0,0,0,0,23
2020-08-20,US,California,Merced,7229,97,0,37.18922369,-120.72090349999999,6047.0,2603.356381446269,1.3418176787937477,7132,7229,97,0,7132,7041,274765,0,0,0,0,188
2020-08-20,US,California,Modoc,5,0,0,41.58965602,-120.7244817,6049.0,56.55468838366701,0.0,5,5,0,0,5,5,8777,0,0,0,0,0
2020-08-20,US,California,Mono,162,2,0,37.93899289,-118.8872409,6051.0,1121.5729714760457,1.2345679012345678,160,161,1,0,160,161,14250,1,1,0,0,0
2020-08-20,US,California,Monterey,6785,47,0,36.21862405,-121.24133970000001,6053.0,1563.1443506788214,0.6927044952100221,6738,6785,47,0,6738,6662,435594,0,0,0,0,123
2020-08-20,US,California,Napa,1293,13,0,38.50735751,-122.33283899999999,6055.0,938.6978743175746,1.0054137664346479,1280,1282,13,0,1269,1264,139417,11,0,0,11,18
2020-08-20,US,California,Nevada,398,2,0,39.30394768,-120.76272809999999,6057.0,398.97749486241287,0.5025125628140703,396,394,2,0,392,385,99696,4,0,0,4,9
2020-08-20,US,California,Orange,44936,856,0,33.70147516,-117.76459979999998,6059.0,1414.9986837514468,1.9049314580737051,44080,44507,833,0,43674,44212,3185968,429,23,0,406,295
2020-08-20,US,California,Placer,2689,30,0,39.06167234,-120.72405690000001,6061.0,675.0701053651629,1.1156563778356263,2659,2663,30,0,2633,2643,393149,26,0,0,26,20
2020-08-20,US,California,Plumas,40,0,0,40.00355989,-120.8395236,6063.0,212.6867655660127,0.0,40,40,0,0,40,39,18804,0,0,0,0,1
2020-08-20,US,California,Riverside,48956,922,0,33.74314981,-115.9933578,6065.0,1981.5862566412445,1.8833238009641307,48034,48630,917,0,47713,47490,2450758,326,5,0,321,1140
2020-08-20,US,California,Sacramento,14764,230,0,38.45106826,-121.34253740000001,6067.0,951.2531103863388,1.5578434028718504,14534,14760,230,0,14530,14602,1540975,4,0,0,4,158
2020-08-20,US,California,San Benito,902,7,0,36.60308176,-121.069975,6069.0,1436.1227869061263,0.7760532150776053,895,872,5,0,867,848,61537,30,2,0,28,24
2020-08-20,US,California,San Bernardino,43469,625,0,34.84060306,-116.1774685,6071.0,1993.9130813706809,1.4378062527318318,42844,42947,621,0,42326,42150,2171603,522,4,0,518,797
2020-08-20,US,California,San Diego,35608,644,0,33.03484597,-116.73653259999999,6073.0,1066.6411049836297,1.808582341046956,34964,35376,638,0,34738,34960,3343364,232,6,0,226,416
2020-08-20,US,California,San Francisco,8611,72,0,37.75215114,-122.43856720000001,6075.0,976.8033314086908,0.8361398211589827,8539,8528,72,0,8456,8427,883305,83,0,0,83,101
2020-08-20,US,California,San Joaquin,15677,288,0,37.93433732,-121.2730061,6077.0,2056.9495688501447,1.8370861772022709,15389,15379,287,0,15092,15201,752660,298,1,0,297,178
2020-08-20,US,California,San Luis Obispo,2579,20,0,35.38822029,-120.4039028,6079.0,910.9501220369397,0.7754943776657619,2559,2579,20,0,2559,2571,284010,0,0,0,0,8
2020-08-20,US,California,San Mateo,7382,127,0,37.422880799999994,-122.32755459999998,6081.0,962.9872171339192,1.7204009753454348,7255,7321,127,0,7194,7228,769545,61,0,0,61,93
2020-08-20,US,California,Santa Barbara,7508,82,0,34.65329488,-120.0188492,6083.0,1681.5267223442831,1.0921683537559936,7426,7508,82,0,7426,7454,446527,0,0,0,0,54
2020-08-20,US,California,Santa Clara,15258,217,0,37.23104908,-121.6970462,6085.0,791.4507960154617,1.4222047450517759,15041,15085,216,0,14869,14636,1937570,173,1,0,172,449
2020-08-20,US,California,Santa Cruz,1569,7,0,37.05580291,-122.0066524,6087.0,574.2772122849208,0.4461440407903123,1562,1546,7,0,1539,1505,274255,23,0,0,23,41
2020-08-20,US,California,Shasta,521,11,0,40.76391419,-122.0396884,6089.0,289.31585961794764,2.111324376199616,510,515,11,0,504,511,180040,6,0,0,6,4
2020-08-20,US,California,Sierra,6,0,0,39.57713498,-120.52007009999998,6091.0,199.6672212978369,0.0,6,6,0,0,6,6,2987,0,0,0,0,0
2020-08-20,US,California,Siskiyou,114,0,0,41.59198861,-122.54074340000001,6093.0,261.8342175980156,0.0,114,114,0,0,114,114,43724,0,0,0,0,0
2020-08-20,US,California,Solano,5006,44,0,38.26827353,-121.9357113,6095.0,1118.3018610812635,0.8789452656811826,4962,4943,44,0,4899,4767,446610,63,0,0,63,176
2020-08-20,US,California,Sonoma,4863,70,0,38.52746429,-122.88625060000001,6097.0,983.7438503366133,1.4394406744807733,4793,4779,65,0,4714,4465,499942,84,5,0,79,314
2020-08-20,US,California,Stanislaus,13084,223,0,37.55862499,-120.9970722,6099.0,2376.057821523263,1.7043717517578725,12861,12935,212,0,12723,12668,549815,149,11,0,138,267
2020-08-20,US,California,Sutter,1186,7,0,39.03417539,-121.6945899,6101.0,1223.0460653184973,0.5902192242833052,1179,1186,7,0,1179,1157,96807,0,0,0,0,29
2020-08-20,US,California,Tehama,342,1,0,40.12570935,-122.23701709999999,6103.0,525.4747710650852,0.29239766081871343,341,340,1,0,339,330,63916,2,0,0,2,10
2020-08-20,US,California,Trinity,8,0,0,40.64917670000001,-123.114713,6105.0,65.12006512006512,0.0,8,8,0,0,8,8,12535,0,0,0,0,0
2020-08-20,US,California,Tulare,12836,208,0,36.22026558,-118.8020203,6107.0,2753.3542830789693,1.6204425054534122,12628,12836,208,0,12628,12718,465861,0,0,0,0,118
2020-08-20,US,California,Tuolumne,166,2,0,38.02644018,-119.95250929999999,6109.0,304.71015822900983,1.2048192771084338,164,166,2,0,164,165,54539,0,0,0,0,1
2020-08-20,US,California,Ventura,9587,98,0,34.44465746,-119.09106129999999,6111.0,1133.2070930939024,1.0222175863148013,9489,9490,98,0,9392,9297,850967,97,0,0,97,193
2020-08-20,US,California,Yolo,2147,47,0,38.68278902,-121.90182879999999,6113.0,973.6961451247164,2.1891010712622263,2100,2118,47,0,2071,2076,220408,29,0,0,29,42
2020-08-20,US,California,Yuba,821,4,0,39.26255932,-121.35356440000001,6115.0,1043.6263792139116,0.48721071863581,817,821,4,0,817,786,78041,0,0,0,0,35
2020-08-20,US,Colorado,Adams,7021,186,0,39.87432092,-104.3362578,8001.0,1356.9221195119642,2.6491952713288707,6835,6967,186,0,6781,6899,511868,54,0,0,54,68
2020-08-20,US,Colorado,Alamosa,235,9,0,37.57250606,-105.7885451,8003.0,1447.6683299451736,3.8297872340425534,226,235,9,0,226,234,16683,0,0,0,0,1
2020-08-20,US,Colorado,Arapahoe,7706,364,0,39.64977461,-104.3353617,8005.0,1173.6395619793175,4.7235920062289125,7342,7669,364,0,7305,7646,651215,37,0,0,37,23
2020-08-20,US,Colorado,Archuleta,43,0,0,37.19474156,-107.04768670000001,8007.0,306.50794782236795,0.0,43,42,0,0,42,42,13765,1,0,0,1,0
2020-08-20,US,Colorado,Baca,15,0,0,37.31940883,-102.5603223,8009.0,418.8774085450991,0.0,15,15,0,0,15,15,3585,0,0,0,0,0
2020-08-20,US,Colorado,Bent,11,0,0,37.95474293,-103.0720195,8011.0,197.23865877712032,0.0,11,11,0,0,11,11,5882,0,0,0,0,0
2020-08-20,US,Colorado,Boulder,2184,78,0,40.09313619,-105.3546767,8013.0,669.5361071257771,3.571428571428572,2106,2166,78,0,2088,2145,326078,18,0,0,18,21
2020-08-20,US,Colorado,Broomfield,505,32,0,39.95998787,-105.0566324,8014.0,716.66784928688,6.336633663366338,473,498,32,0,466,498,69267,7,0,0,7,0
2020-08-20,US,Colorado,Chaffee,306,19,0,38.74745778,-106.19265729999998,8015.0,1503.2422872863035,6.209150326797387,287,305,19,0,286,305,20027,1,0,0,1,0
2020-08-20,US,Colorado,Cheyenne,9,0,0,38.82777431,-102.6032558,8017.0,491.53468050245766,0.0,9,9,0,0,9,9,1876,0,0,0,0,0
2020-08-20,US,Colorado,Clear Creek,31,1,0,39.68864463,-105.6463118,8019.0,319.5876288659793,3.2258064516129035,30,31,1,0,30,31,9605,0,0,0,0,0
2020-08-20,US,Colorado,Conejos,29,0,0,37.201606,-106.19174879999998,8021.0,353.4430225472273,0.0,29,30,0,0,30,27,8200,-1,0,0,-1,3
2020-08-20,US,Colorado,Costilla,26,0,0,37.27732493,-105.4276548,8023.0,668.8963210702342,0.0,26,25,0,0,25,25,3828,1,0,0,1,0
2020-08-20,US,Colorado,Crowley,73,1,0,38.32608609,-103.7844965,8025.0,1204.4217125886814,1.3698630136986298,72,73,1,0,72,73,5858,0,0,0,0,0
2020-08-20,US,Colorado,Custer,13,0,0,38.10883162,-105.3683478,8027.0,256.5114443567482,0.0,13,13,0,0,13,13,4954,0,0,0,0,0
2020-08-20,US,Colorado,Delta,140,1,0,38.86246243,-107.86313419999999,8029.0,449.2651306077916,0.7142857142857143,139,138,1,0,137,138,30953,2,0,0,2,0
2020-08-20,US,Colorado,Denver,10732,421,0,39.76018276,-104.87256950000001,8031.0,1475.775256424889,3.922847558702944,10311,10691,421,0,10270,10651,716492,41,0,0,41,40
2020-08-20,US,Colorado,Dolores,2,0,0,37.75208676,-108.5211585,8033.0,97.32360097323601,0.0,2,2,0,0,2,2,2074,0,0,0,0,0
2020-08-20,US,Colorado,Douglas,1876,59,0,39.33133796,-104.930001,8035.0,534.2385392164122,3.14498933901919,1817,1862,59,0,1803,1849,342776,14,0,0,14,13
2020-08-20,US,Colorado,Eagle,1158,9,0,39.62754308,-106.6933637,8037.0,2100.6040597166543,0.7772020725388601,1149,1157,9,0,1148,1155,54993,1,0,0,1,2
2020-08-20,US,Colorado,El Paso,5622,147,0,38.83240149,-104.5251411,8041.0,780.3965280544362,2.614727854855923,5475,5567,144,0,5423,5534,713856,55,3,0,52,33
2020-08-20,US,Colorado,Elbert,117,2,0,39.28656773,-104.13587209999999,8039.0,437.72681357327247,1.709401709401709,115,115,2,0,113,114,26282,2,0,0,2,1
2020-08-20,US,Colorado,Fremont,143,0,0,38.47362326,-105.43996670000001,8043.0,298.9192917912164,0.0,143,143,0,0,143,138,48021,0,0,0,0,5
2020-08-20,US,Colorado,Garfield,807,4,0,39.59921777,-107.902708,8045.0,1343.6339721283362,0.4956629491945477,803,805,4,0,801,804,59770,2,0,0,2,1
2020-08-20,US,Colorado,Gilpin,17,0,0,39.85646523,-105.5252597,8047.0,272.30498157936887,0.0,17,17,0,0,17,17,6121,0,0,0,0,0
2020-08-20,US,Colorado,Grand,56,1,0,40.10603347,-106.11780420000001,8049.0,355.91712215584084,1.7857142857142858,55,56,1,0,55,55,15525,0,0,0,0,1
2020-08-20,US,Colorado,Gunnison,281,7,0,38.66611652,-107.0320729,8051.0,1609.208567174436,2.491103202846975,274,280,7,0,273,280,17246,1,0,0,1,0
2020-08-20,US,Colorado,Hinsdale,3,0,0,37.82247444,-107.3004345,8053.0,365.8536585365854,0.0,3,3,0,0,3,3,811,0,0,0,0,0
2020-08-20,US,Colorado,Huerfano,8,1,0,37.68473101,-104.9612585,8055.0,115.99246049006815,12.5,7,8,1,0,7,8,6889,0,0,0,0,0
2020-08-20,US,Colorado,Jackson,9,0,0,40.66593870000001,-106.3408905,8057.0,646.5517241379309,0.0,9,9,0,0,9,9,1399,0,0,0,0,0
2020-08-20,US,Colorado,Jefferson,4501,234,0,39.58635604,-105.2517692,8059.0,772.198785000712,5.198844701177516,4267,4475,234,0,4241,4453,580233,26,0,0,26,22
2020-08-20,US,Colorado,Kit Carson,68,3,0,39.30497777,-102.60221990000001,8063.0,958.1513315485415,4.411764705882354,65,68,3,0,65,70,7163,0,0,0,0,-2
2020-08-20,US,Colorado,La Plata,229,2,0,37.28632032,-107.8429014,8067.0,407.3211077711176,0.8733624454148472,227,229,2,0,227,233,56310,0,0,0,0,-4
2020-08-20,US,Colorado,Lake,79,0,0,39.20278823,-106.35556969999999,8065.0,972.0684139288793,0.0,79,79,0,0,79,79,7824,0,0,0,0,0
2020-08-20,US,Colorado,Larimer,1746,37,0,40.66671597,-105.4625784,8069.0,489.2140353433325,2.119129438717068,1709,1725,37,0,1688,1711,350518,21,0,0,21,14
2020-08-20,US,Colorado,Las Animas,19,0,0,37.3153406,-104.03764579999999,8071.0,130.98028402040538,0.0,19,19,0,0,19,19,14503,0,0,0,0,0
2020-08-20,US,Colorado,Lincoln,8,0,0,38.98749519,-103.51366490000001,8073.0,140.3262585511314,0.0,8,8,0,0,8,8,5610,0,0,0,0,0
2020-08-20,US,Colorado,Logan,659,5,0,40.7249637,-103.110817,8075.0,2940.782721228078,0.7587253414264037,654,658,5,0,653,658,21528,1,0,0,1,0
2020-08-20,US,Colorado,Mesa,372,5,0,39.01787888,-108.469799,8077.0,241.2294922508268,1.3440860215053765,367,371,5,0,366,369,153207,1,0,0,1,2
2020-08-20,US,Colorado,Mineral,18,0,0,37.66954283,-106.92816979999999,8079.0,2340.702210663199,0.0,18,18,0,0,18,18,776,0,0,0,0,0
2020-08-20,US,Colorado,Moffat,33,1,0,40.61810999,-108.2070876,8081.0,248.43785289467738,3.0303030303030303,32,33,1,0,32,33,13188,0,0,0,0,0
2020-08-20,US,Colorado,Montezuma,117,5,0,37.33859579,-108.59588570000001,8083.0,446.8548294695031,4.2735042735042725,112,117,5,0,112,117,26158,0,0,0,0,0
2020-08-20,US,Colorado,Montrose,329,13,0,38.40214114,-108.26390220000002,8085.0,769.4466532578699,3.951367781155015,316,328,13,0,315,327,42214,1,0,0,1,1
2020-08-20,US,Colorado,Morgan,702,47,0,40.26279810000001,-103.8093302,8087.0,2415.026833631485,6.695156695156696,655,701,47,0,654,700,28558,1,0,0,1,1
2020-08-20,US,Colorado,Otero,79,6,0,37.9014485,-103.7173385,8089.0,432.21359010832697,7.594936708860758,73,79,6,0,73,78,18432,0,0,0,0,1
2020-08-20,US,Colorado,Ouray,13,1,0,38.14717457,-107.7675136,8091.0,262.52019386106616,7.6923076923076925,12,13,1,0,12,13,4833,0,0,0,0,0
2020-08-20,US,Colorado,Park,42,1,0,39.120926000000004,-105.7182065,8093.0,222.870788007429,2.380952380952381,41,42,1,0,41,42,18556,0,0,0,0,0
2020-08-20,US,Colorado,Phillips,19,0,0,40.59414277,-102.3577703,8095.0,445.48651817116064,0.0,19,19,0,0,19,19,4286,0,0,0,0,0
2020-08-20,US,Colorado,Pitkin,191,2,0,39.21720112,-106.9310027,8097.0,1075.0267349580683,1.0471204188481675,189,190,2,0,188,190,17950,1,0,0,1,0
2020-08-20,US,Colorado,Prowers,76,0,0,37.95544985,-102.3926052,8099.0,624.3838317449885,0.0,76,70,0,0,70,70,12164,6,0,0,6,0
2020-08-20,US,Colorado,Pueblo,779,34,0,38.17359144,-104.5127437,8101.0,462.5231558447727,4.364569961489089,745,770,34,0,736,760,167529,9,0,0,9,10
2020-08-20,US,Colorado,Rio Blanco,20,0,0,39.97913541,-108.2179009,8103.0,316.25553447185325,0.0,20,20,0,0,20,20,6336,0,0,0,0,0
2020-08-20,US,Colorado,Rio Grande,93,2,0,37.5836865,-106.3847838,8105.0,825.4193662909381,2.150537634408602,91,93,2,0,91,92,11250,0,0,0,0,1
2020-08-20,US,Colorado,Routt,131,8,0,40.48596505,-106.9905548,8107.0,510.9602933146112,6.106870229007634,123,129,8,0,121,129,25733,2,0,0,2,0
2020-08-20,US,Colorado,Saguache,108,2,0,38.08054629,-106.28246599999999,8109.0,1582.6494724501758,1.851851851851852,106,108,2,0,106,108,6843,0,0,0,0,0
2020-08-20,US,Colorado,San Juan,2,0,0,37.76248981,-107.67632890000002,8111.0,274.72527472527474,0.0,2,2,0,0,2,2,762,0,0,0,0,0
2020-08-20,US,Colorado,San Miguel,93,0,0,38.00450883,-108.4020725,8113.0,1137.0583200880305,0.0,93,93,0,0,93,93,8191,0,0,0,0,0
2020-08-20,US,Colorado,Sedgwick,11,1,0,40.87595412,-102.3519227,8115.0,489.32384341637015,9.090909090909092,10,11,1,0,10,11,2303,0,0,0,0,0
2020-08-20,US,Colorado,Summit,346,4,0,39.63803232,-106.1150762,8117.0,1115.7331269549516,1.1560693641618498,342,346,4,0,342,346,31007,0,0,0,0,0
2020-08-20,US,Colorado,Teller,149,3,0,38.88133511,-105.16148929999999,8119.0,586.89144477706,2.0134228187919465,146,147,3,0,144,145,25083,2,0,0,2,2
2020-08-20,US,Colorado,Washington,51,0,0,39.97015535,-103.202587,8121.0,1039.119804400978,0.0,51,51,0,0,51,51,4909,0,0,0,0,0
2020-08-20,US,Colorado,Weld,3887,145,0,40.55499405,-104.39296209999999,8123.0,1197.872366653107,3.730383329045536,3742,3865,145,0,3720,3855,314305,22,0,0,22,10
2020-08-20,US,Colorado,Yuma,63,0,0,40.00346839,-102.4258673,8125.0,628.8052699870246,0.0,63,63,0,0,63,63,10020,0,0,0,0,0
2020-08-20,US,Connecticut,Fairfield,18401,1410,0,41.26809896,-73.3881171,9001.0,1950.6387994894687,7.662627031139612,16991,18347,1410,0,16937,18322,943823,54,0,0,54,25
2020-08-20,US,Connecticut,Hartford,12978,1420,0,41.80283011,-72.73103891,9003.0,1455.3895841744045,10.941593465865312,11558,12956,1419,0,11537,12949,892697,22,1,0,21,7
2020-08-20,US,Connecticut,Litchfield,1642,139,0,41.7937534,-73.2451475,9005.0,910.5377274264833,8.465286236297198,1503,1638,139,0,1499,1636,181111,4,0,0,4,2
2020-08-20,US,Connecticut,Middlesex,1425,192,0,41.45949668,-72.53714864,9007.0,877.2685857814771,13.473684210526313,1233,1425,192,0,1233,1424,162682,0,0,0,0,1
2020-08-20,US,Connecticut,New Haven,13422,1111,0,41.408032500000004,-72.93620426,9009.0,1570.2708489079353,8.27745492475041,12311,13388,1111,0,12277,13376,857620,34,0,0,34,12
2020-08-20,US,Connecticut,New London,1503,106,0,41.48896435,-72.10430976,9011.0,566.7292595190154,7.052561543579508,1397,1499,106,0,1393,1497,266784,4,0,0,4,2
2020-08-20,US,Connecticut,Tolland,1082,65,0,41.85853803,-72.3308481,9013.0,717.8827104384923,6.007393715341959,1017,1081,65,0,1016,1075,150921,1,0,0,1,6
2020-08-20,US,Connecticut,Unassigned,212,0,0,0.0,0.0,90009.0,0.0,0.0,212,213,0,0,213,214,,-1,0,0,-1,-1
2020-08-20,US,Connecticut,Windham,767,15,0,41.82972709,-71.98182316,9015.0,656.7792981795142,1.9556714471968708,752,767,15,0,752,762,117027,0,0,0,0,5
2020-08-20,US,Delaware,Kent,2525,109,0,39.08646628,-75.56884914,10001.0,1396.6789463785913,4.316831683168317,2416,2505,109,0,2396,2503,178550,20,0,0,20,2
2020-08-20,US,Delaware,New Castle,7705,292,0,39.57992638,-75.64054974,10003.0,1378.9635133950064,3.7897469175859833,7413,7661,292,0,7369,7617,559335,44,0,0,44,44
2020-08-20,US,Delaware,Sussex,6221,194,0,38.66143781,-75.39031349,10005.0,2655.993168961469,3.1184696994052405,6027,6213,194,0,6019,6209,229286,8,0,0,8,4
2020-08-20,US,Delaware,Unassigned,267,0,0,0.0,0.0,90010.0,0.0,0.0,267,264,0,0,264,264,,3,0,0,3,0
2020-08-20,US,District of Columbia,District of Columbia,13409,601,0,38.90417773,-77.01655992,11001.0,1899.9672688165344,4.482064285181594,12808,13354,600,0,12754,13325,702455,55,1,0,54,29
2020-08-20,US,Florida,Alachua,4813,31,0,29.67866525,-82.35928158,12001.0,1788.9333675286111,0.6440889258258882,4782,4759,31,0,4728,4713,269956,54,0,0,54,46
2020-08-20,US,Florida,Baker,1098,4,0,30.33060121,-82.28467476,12003.0,3758.98664840808,0.3642987249544625,1094,1088,4,0,1084,1086,28355,10,0,0,10,2
2020-08-20,US,Florida,Bay,5003,69,0,30.26548745,-85.62122584,12005.0,2863.684496723047,1.3791724965020988,4934,4938,67,0,4871,4886,185287,65,2,0,63,52
2020-08-20,US,Florida,Bradford,613,4,0,29.95079741,-82.16611613,12007.0,2173.681784333889,0.6525285481239804,609,589,4,0,585,581,27732,24,0,0,24,8
2020-08-20,US,Florida,Brevard,6753,192,0,28.29409504,-80.73091022,12009.0,1121.8688843775647,2.8431808085295422,6561,6667,189,0,6478,6614,596849,86,3,0,83,53
2020-08-20,US,Florida,Broward,68068,1051,0,26.15184651,-80.48725556,12011.0,3485.7008835617767,1.5440441911030147,67017,67534,1049,0,66485,67193,1951260,534,2,0,532,341
2020-08-20,US,Florida,Calhoun,517,8,0,30.40666734,-85.19394153,12013.0,3665.366891173343,1.5473887814313343,509,511,8,0,503,506,14587,6,0,0,6,5
2020-08-20,US,Florida,Charlotte,2435,106,0,26.90131002,-81.92949121,12015.0,1288.9735853051718,4.353182751540041,2329,2415,106,0,2309,2394,184998,20,0,0,20,21
2020-08-20,US,Florida,Citrus,1882,46,0,28.84804315,-82.47614748,12017.0,1257.5422466039008,2.4442082890541976,1836,1834,45,0,1789,1823,147929,48,1,0,47,11
2020-08-20,US,Florida,Clay,3580,72,0,29.98319144,-81.85609986,12019.0,1632.8243299947094,2.011173184357542,3508,3538,70,0,3468,3512,216072,42,2,0,40,26
2020-08-20,US,Florida,Collier,11095,161,0,26.11091986,-81.34687065,12021.0,2882.551922307497,1.4511041009463723,10934,11016,160,0,10856,10977,378488,79,1,0,78,39
2020-08-20,US,Florida,Columbia,3125,31,0,30.22509788,-82.62160164,12023.0,4359.289122004297,0.992,3094,3095,29,0,3066,3071,70503,30,2,0,28,24
2020-08-20,US,Florida,DeSoto,1438,21,0,27.18677893,-81.80941373,12027.0,3784.1109444488293,1.4603616133518775,1417,1426,21,0,1405,1424,37489,12,0,0,12,2
2020-08-20,US,Florida,Dixie,625,4,0,29.60631086,-83.15724673,12029.0,3714.489480565791,0.64,621,621,4,0,617,609,16700,4,0,0,4,12
2020-08-20,US,Florida,Duval,25117,232,0,30.33225875,-81.66976468,12031.0,2622.486961696885,0.9236771907473026,24885,24966,232,0,24734,24836,950181,151,0,0,151,130
2020-08-20,US,Florida,Escambia,10595,170,0,30.67652764,-87.37284571,12033.0,3328.4534864725624,1.6045304388862671,10425,10499,164,0,10335,10405,315534,96,6,0,90,94
2020-08-20,US,Florida,Flagler,1194,15,0,29.45933576,-81.31508595,12035.0,1037.5300875035844,1.256281407035176,1179,1181,14,0,1167,1170,112067,13,1,0,12,11
2020-08-20,US,Florida,Franklin,485,3,0,29.83791238,-84.82731662,12037.0,4000.0,0.6185567010309279,482,480,3,0,477,479,11736,5,0,0,5,1
2020-08-20,US,Florida,Gadsden,2085,29,0,30.57796289,-84.61915825,12039.0,4566.360052562418,1.3908872901678655,2056,2068,29,0,2039,2060,45894,17,0,0,17,8
2020-08-20,US,Florida,Gilchrist,420,9,0,29.72856978,-82.79880657,12041.0,2260.2518566354543,2.142857142857143,411,420,9,0,411,416,18256,0,0,0,0,4
2020-08-20,US,Florida,Glades,432,3,0,26.95635849,-81.18996211,12043.0,3127.941495909058,0.6944444444444444,429,425,3,0,422,423,13724,7,0,0,7,2
2020-08-20,US,Florida,Gulf,770,7,0,29.93543004,-85.24270990000002,12045.0,5645.575188796834,0.9090909090909092,763,765,6,0,759,760,16164,5,1,0,4,5
2020-08-20,US,Florida,Hamilton,645,4,0,30.49673973,-82.94998918,12047.0,4470.474078181314,0.6201550387596899,641,642,4,0,638,640,14310,3,0,0,3,2
2020-08-20,US,Florida,Hardee,1045,8,0,27.49293939,-81.80956574,12049.0,3879.422355867394,0.7655502392344498,1037,1023,8,0,1015,1019,27245,22,0,0,22,4
2020-08-20,US,Florida,Hendry,1900,39,0,26.55386945,-81.16469006,12051.0,4521.4411498738755,2.0526315789473686,1861,1891,39,0,1852,1886,41556,9,0,0,9,5
2020-08-20,US,Florida,Hernando,2364,69,0,28.55364461,-82.42700204,12053.0,1219.0594059405942,2.918781725888325,2295,2317,67,0,2250,2284,190865,47,2,0,45,33
2020-08-20,US,Florida,Highlands,1679,50,0,27.34254618,-81.34071957,12055.0,1580.6667231526721,2.977963073257892,1629,1660,47,0,1613,1639,105424,19,3,0,16,21
2020-08-20,US,Florida,Hillsborough,35061,512,0,27.9276559,-82.32013172,12057.0,2381.9131937650823,1.4603120276090242,34549,34851,508,0,34343,34605,1436888,210,4,0,206,246
2020-08-20,US,Florida,Holmes,562,4,0,30.86747479,-85.81319222,12059.0,2864.8621093949127,0.7117437722419929,558,557,4,0,553,556,19477,5,0,0,5,1
2020-08-20,US,Florida,Indian River,2693,69,0,27.69308961,-80.60556721,12061.0,1683.9353939083185,2.562198291867805,2624,2679,67,0,2612,2668,157413,14,2,0,12,11
2020-08-20,US,Florida,Jackson,2180,57,0,30.795459700000002,-85.21500423,12063.0,4696.858706424786,2.614678899082569,2123,2159,53,0,2106,2111,48305,21,4,0,17,48
2020-08-20,US,Florida,Jefferson,477,5,0,30.43669112,-83.89442308,12065.0,3348.308297065843,1.0482180293501049,472,473,5,0,468,474,14288,4,0,0,4,-1
2020-08-20,US,Florida,Lafayette,1129,4,0,29.98484137,-83.18166636,12067.0,13405.366896224175,0.354295837023915,1125,1122,4,0,1118,1030,8732,7,0,0,7,92
2020-08-20,US,Florida,Lake,5852,91,0,28.76202069,-81.7125123,12069.0,1594.03788427699,1.5550239234449759,5761,5756,91,0,5665,5698,356495,96,0,0,96,58
2020-08-20,US,Florida,Lee,17730,393,0,26.58410348,-81.88399313,12071.0,2300.8732417396313,2.2165820642978,17337,17596,384,0,17212,17495,754610,134,9,0,125,101
2020-08-20,US,Florida,Leon,5643,27,0,30.45955727,-84.27491114,12073.0,1922.1205659747527,0.4784688995215311,5616,5561,27,0,5534,5516,292502,82,0,0,82,45
2020-08-20,US,Florida,Levy,821,5,0,29.31829741,-82.74007147,12075.0,1978.1702527528128,0.6090133982947625,816,803,5,0,798,794,40770,18,0,0,18,9
2020-08-20,US,Florida,Liberty,412,7,0,30.23766008,-84.8829258,12077.0,4931.769212353363,1.699029126213592,405,410,7,0,403,412,8457,2,0,0,2,-2
2020-08-20,US,Florida,Madison,782,12,0,30.44396917,-83.47398594,12079.0,4228.627048072243,1.5345268542199488,770,778,12,0,766,772,18529,4,0,0,4,6
2020-08-20,US,Florida,Manatee,9997,247,0,27.47196942,-82.31831044,12081.0,2479.0888102506365,2.4707412223667102,9750,9924,247,0,9677,9891,394855,73,0,0,73,33
2020-08-20,US,Florida,Marion,7691,121,0,29.21227113,-82.05803627,12083.0,2103.7860489798377,1.5732674554674295,7570,7614,121,0,7493,7448,359977,77,0,0,77,166
2020-08-20,US,Florida,Martin,4015,109,0,27.0772071,-80.43109784,12085.0,2493.7888198757764,2.7148194271481945,3906,3997,104,0,3893,3967,160912,18,5,0,13,30
2020-08-20,US,Florida,Miami-Dade,149162,2185,0,25.6112362,-80.55170587,12086.0,5490.0733913888425,1.4648502969925317,146977,148093,2166,0,145927,146990,2761581,1069,19,0,1050,1103
2020-08-20,US,Florida,Monroe,1675,14,0,25.20904673,-81.07812416,12087.0,2256.5608665193727,0.8358208955223879,1661,1666,13,0,1653,1650,75027,9,1,0,8,16
2020-08-20,US,Florida,Nassau,1396,14,0,30.61037141,-81.80297522,12089.0,1575.1763046544434,1.002865329512894,1382,1372,13,0,1359,1354,85832,24,1,0,23,18
2020-08-20,US,Florida,Okaloosa,3847,67,0,30.69143028,-86.59267105,12091.0,1825.4894703375753,1.7416168442942552,3780,3803,64,0,3739,3773,207269,44,3,0,41,30
2020-08-20,US,Florida,Okeechobee,1177,12,0,27.386336199999995,-80.88944347,12093.0,2791.2160880288375,1.0195412064570943,1165,1169,12,0,1157,1155,41537,8,0,0,8,14
2020-08-20,US,Florida,Orange,34135,359,0,28.51367621,-81.31799498,12095.0,2449.6717504442204,1.0517064596455252,33776,33946,356,0,33590,33709,1380645,189,3,0,186,237
2020-08-20,US,Florida,Osceola,10551,124,0,28.06312234,-81.14882926,12097.0,2807.9765589446197,1.175244052696427,10427,10480,122,0,10358,10424,367990,71,2,0,69,56
2020-08-20,US,Florida,Palm Beach,39886,1039,0,26.64676272,-80.46536002,12099.0,2664.8048798412588,2.604924033495462,38847,39662,1022,0,38640,39460,1485941,224,17,0,207,202
2020-08-20,US,Florida,Pasco,7608,155,0,28.30810945,-82.40227529,12101.0,1373.4165903958321,2.0373291272344902,7453,7560,155,0,7405,7527,539630,48,0,0,48,33
2020-08-20,US,Florida,Pinellas,19087,587,0,27.93130349,-82.72239666,12103.0,1957.6490570217725,3.075391627809504,18500,18994,582,0,18412,18876,975280,93,5,0,88,118
2020-08-20,US,Florida,Polk,15887,396,0,27.95027105,-81.69732947,12105.0,2191.984569046755,2.492604015862025,15491,15723,389,0,15334,15607,708009,164,7,0,157,116
2020-08-20,US,Florida,Putnam,1669,33,0,29.60779729,-81.74230285,12107.0,2239.63714925994,1.977231875374476,1636,1640,33,0,1607,1624,74163,29,0,0,29,16
2020-08-20,US,Florida,Santa Rosa,4341,53,0,30.69341450000001,-87.02458128,12113.0,2355.232674852018,1.2209168394379175,4288,4303,50,0,4253,4264,179349,38,3,0,35,39
2020-08-20,US,Florida,Sarasota,6850,180,0,27.18546175,-82.33174248,12115.0,1579.2798483891345,2.627737226277372,6670,6814,179,0,6635,6764,426718,36,1,0,35,50
2020-08-20,US,Florida,Seminole,7641,152,0,28.7158582,-81.24060348,12117.0,1619.452933920555,1.989268420363827,7489,7568,153,0,7415,7530,467832,73,-1,0,74,38
2020-08-20,US,Florida,St. Johns,4075,50,0,29.90096506,-81.43589967,12109.0,1539.6415185588198,1.2269938650306749,4025,4033,50,0,3983,4021,254261,42,0,0,42,12
2020-08-20,US,Florida,St. Lucie,6458,212,0,27.37763908,-80.47106649,12111.0,1967.1212347356204,3.282750077423351,6246,6380,208,0,6172,6326,321128,78,4,0,74,54
2020-08-20,US,Florida,Sumter,1628,46,0,28.70181754,-82.0794267,12119.0,1229.4215375320948,2.8255528255528257,1582,1611,46,0,1565,1586,128754,17,0,0,17,25
2020-08-20,US,Florida,Suwannee,2299,50,0,30.19746066,-82.99099670000003,12121.0,5175.946146745616,2.174858634188778,2249,2294,50,0,2244,2292,44191,5,0,0,5,2
2020-08-20,US,Florida,Taylor,1125,5,0,30.04848048,-83.60445406,12123.0,5215.818999490009,0.4444444444444444,1120,1114,5,0,1109,1110,21623,11,0,0,11,4
2020-08-20,US,Florida,Unassigned,798,0,0,0.0,0.0,90012.0,0.0,0.0,798,786,0,0,786,780,,12,0,0,12,6
2020-08-20,US,Florida,Union,505,5,0,30.04412971,-82.37497443,12125.0,3314.3007153639173,0.99009900990099,500,501,5,0,496,493,14940,4,0,0,4,8
2020-08-20,US,Florida,Volusia,8666,173,0,29.05858895,-81.18263252,12127.0,1566.2842229307196,1.996307408262174,8493,8608,171,0,8437,8543,547538,58,2,0,56,65
2020-08-20,US,Florida,Wakulla,815,5,0,30.16548905,-84.39895211,12129.0,2415.602122173153,0.6134969325153374,810,796,5,0,791,791,32461,19,0,0,19,5
2020-08-20,US,Florida,Walton,1535,18,0,30.64204028,-86.16935664,12131.0,2072.3360019440806,1.1726384364820848,1517,1526,18,0,1508,1506,71375,9,0,0,9,20
2020-08-20,US,Florida,Washington,965,14,0,30.61359259,-85.66002461,12133.0,3788.324893023986,1.4507772020725391,951,957,14,0,943,934,24880,8,0,0,8,23
2020-08-20,US,Georgia,Appling,833,20,0,31.74847232,-82.28909114,13001.0,4530.621124768846,2.4009603841536613,813,822,19,0,803,814,18507,11,1,0,10,8
2020-08-20,US,Georgia,Atkinson,370,3,0,31.29633502,-82.87545866,13003.0,4531.537048377219,0.8108108108108109,367,365,3,0,362,361,8297,5,0,0,5,4
2020-08-20,US,Georgia,Bacon,480,8,0,31.55456473,-82.45936528,13005.0,4299.534217126478,1.6666666666666667,472,477,8,0,469,473,11185,3,0,0,3,4
2020-08-20,US,Georgia,Baker,73,3,0,31.32669878,-84.44218806,13007.0,2402.896642527979,4.109589041095891,70,73,3,0,70,73,3092,0,0,0,0,0
2020-08-20,US,Georgia,Baldwin,1241,46,0,33.06882326,-83.24701748,13009.0,2764.5355312987303,3.706688154713941,1195,1219,46,0,1173,1201,44823,22,0,0,22,18
2020-08-20,US,Georgia,Banks,315,6,0,34.35607081,-83.49644388,13011.0,1637.7248622231464,1.9047619047619049,309,311,6,0,305,307,18988,4,0,0,4,4
2020-08-20,US,Georgia,Barrow,1524,36,0,33.99148694,-83.71436292,13013.0,1830.850552618933,2.3622047244094486,1488,1489,34,0,1455,1466,80809,35,2,0,33,23
2020-08-20,US,Georgia,Bartow,2159,65,0,34.23732119,-84.83887523,13015.0,2003.9354730921314,3.0106530801296896,2094,2114,65,0,2049,2083,106408,45,0,0,45,31
2020-08-20,US,Georgia,Ben Hill,569,7,0,31.76095874,-83.22145359,13017.0,3407.1856287425153,1.2302284710017577,562,556,7,0,549,550,16787,13,0,0,13,6
2020-08-20,US,Georgia,Berrien,354,1,0,31.27590016,-83.22529920000002,13019.0,1825.0244883229368,0.2824858757062147,353,339,1,0,338,340,19252,15,0,0,15,-1
2020-08-20,US,Georgia,Bibb,4354,88,0,32.80904227,-83.70489165,13021.0,2842.797354383353,2.0211299954065227,4266,4314,86,0,4228,4262,153095,40,2,0,38,52
2020-08-20,US,Georgia,Bleckley,295,11,0,32.43829035,-83.33035166,13023.0,2291.618115435408,3.7288135593220337,284,292,11,0,281,286,12838,3,0,0,3,6
2020-08-20,US,Georgia,Brantley,283,8,0,31.19576557,-81.97743999,13025.0,1480.977549845623,2.826855123674912,275,279,8,0,271,277,18897,4,0,0,4,2
2020-08-20,US,Georgia,Brooks,444,19,0,30.83922642,-83.58303423,13027.0,2872.484958271333,4.27927927927928,425,443,18,0,425,440,15513,1,1,0,0,3
2020-08-20,US,Georgia,Bryan,771,9,0,32.00979311,-81.44002948,13029.0,1945.6431221137107,1.1673151750972763,762,759,9,0,750,749,38109,12,0,0,12,10
2020-08-20,US,Georgia,Bulloch,1435,19,0,32.39577406,-81.74811421,13031.0,1802.5826550095471,1.32404181184669,1416,1427,19,0,1408,1416,77296,8,0,0,8,11
2020-08-20,US,Georgia,Burke,602,7,0,33.05917989,-81.99928721,13033.0,2689.5411696376714,1.162790697674419,595,580,7,0,573,573,22423,22,0,0,22,7
2020-08-20,US,Georgia,Butts,526,40,0,33.283094500000004,-83.95435040000002,13035.0,2109.400064164261,7.604562737642587,486,521,40,0,481,515,24193,5,0,0,5,6
2020-08-20,US,Georgia,Calhoun,220,7,0,31.53169785,-84.62725131,13037.0,3554.693811601228,3.1818181818181817,213,215,7,0,208,215,6352,5,0,0,5,0
2020-08-20,US,Georgia,Camden,908,7,0,30.92951916,-81.66601818,13039.0,1660.9958658032415,0.7709251101321586,901,888,7,0,881,873,53677,20,0,0,20,15
2020-08-20,US,Georgia,Candler,293,11,0,32.40209349,-82.07702563,13043.0,2712.2095714153475,3.754266211604096,282,289,10,0,279,284,10836,4,1,0,3,5
2020-08-20,US,Georgia,Carroll,2136,55,0,33.58138199,-85.07976677,13045.0,1780.1186745783054,2.5749063670411987,2081,2093,54,0,2039,2082,118121,43,1,0,42,11
2020-08-20,US,Georgia,Catoosa,747,17,0,34.89872298,-85.13757014,13047.0,1105.3566143829537,2.275769745649264,730,738,17,0,721,727,67420,9,0,0,9,11
2020-08-20,US,Georgia,Charlton,510,4,0,30.78371028,-82.13951596,13049.0,3808.2437275985662,0.7843137254901961,506,504,4,0,500,499,12968,6,0,0,6,5
2020-08-20,US,Georgia,Chatham,6498,108,0,32.00043026,-81.12489526,13051.0,2245.1024427322673,1.6620498614958448,6390,6425,106,0,6319,6371,289195,73,2,0,71,54
2020-08-20,US,Georgia,Chattahoochee,851,2,0,32.34341231,-84.78809239,13053.0,7802.3287796827735,0.2350176263219741,849,844,2,0,842,821,10684,7,0,0,7,23
2020-08-20,US,Georgia,Chattooga,395,5,0,34.47197698,-85.34535662,13055.0,1593.4487070878213,1.2658227848101269,390,388,5,0,383,379,24790,7,0,0,7,9
2020-08-20,US,Georgia,Cherokee,4186,67,0,34.24393976,-84.47431861,13057.0,1617.6339880899475,1.6005733397037745,4119,4126,67,0,4059,4065,254149,60,0,0,60,61
2020-08-20,US,Georgia,Clarke,2372,22,0,33.95436462,-83.37124007,13059.0,1848.345294589772,0.9274873524451941,2350,2341,21,0,2320,2305,127330,31,1,0,30,36
2020-08-20,US,Georgia,Clay,107,2,0,31.62221166,-84.97713865,13061.0,3775.582215949189,1.8691588785046729,105,106,2,0,104,106,2887,1,0,0,1,0
2020-08-20,US,Georgia,Clayton,5827,118,0,33.54187245,-84.35594188,13063.0,1993.7999562027808,2.0250557748412557,5709,5712,118,0,5594,5640,289615,115,0,0,115,72
2020-08-20,US,Georgia,Clinch,223,4,0,30.91395822,-82.70432472,13065.0,3369.598065880931,1.7937219730941705,219,218,4,0,214,217,6648,5,0,0,5,1
2020-08-20,US,Georgia,Cobb,15449,354,0,33.94243204,-84.5761255,13067.0,2032.386096789937,2.291410447278141,15095,15247,352,0,14895,15086,756865,202,2,0,200,161
2020-08-20,US,Georgia,Coffee,1664,33,0,31.54892966,-82.85492059999999,13069.0,3845.3539158366652,1.9831730769230769,1631,1630,33,0,1597,1616,43093,34,0,0,34,14
2020-08-20,US,Georgia,Colquitt,1649,24,0,31.18810588,-83.7677946,13071.0,3616.228070175439,1.4554275318374772,1625,1645,24,0,1621,1640,45592,4,0,0,4,5
2020-08-20,US,Georgia,Columbia,2869,35,0,33.54534185,-82.263524,13073.0,1830.7234835432694,1.2199372603694667,2834,2804,35,0,2769,2761,154291,65,0,0,65,43
2020-08-20,US,Georgia,Cook,490,10,0,31.16068491,-83.42947229,13075.0,2837.2900984365947,2.0408163265306123,480,478,9,0,469,475,17162,12,1,0,11,3
2020-08-20,US,Georgia,Coweta,1925,26,0,33.35334302,-84.76129976,13077.0,1296.2177376455302,1.3506493506493509,1899,1875,26,0,1849,1832,145864,50,0,0,50,43
2020-08-20,US,Georgia,Crawford,128,0,0,32.71391813,-83.98061238,13079.0,1031.9251854240567,0.0,128,126,0,0,126,124,12318,2,0,0,2,2
2020-08-20,US,Georgia,Crisp,422,15,0,31.92289565,-83.76811843,13081.0,1886.2864294654032,3.5545023696682465,407,419,15,0,404,417,22601,3,0,0,3,2
2020-08-20,US,Georgia,Dade,170,2,0,34.854916700000004,-85.50490424,13083.0,1054.8523206751054,1.1764705882352942,168,165,2,0,163,161,16226,5,0,0,5,4
2020-08-20,US,Georgia,Dawson,548,5,0,34.44244079,-84.16964071,13085.0,2098.973494714264,0.9124087591240876,543,528,5,0,523,504,25083,20,0,0,20,24
2020-08-20,US,Georgia,DeKalb,15605,268,0,33.76944049,-84.22396017,13089.0,2055.190524919761,1.7173982697853252,15337,15422,267,0,15155,15312,756558,183,1,0,182,110
2020-08-20,US,Georgia,Decatur,883,18,0,30.87967778,-84.57619536,13087.0,3344.190274200879,2.0385050962627407,865,870,18,0,852,860,26575,13,0,0,13,10
2020-08-20,US,Georgia,Dodge,272,5,0,32.17265114,-83.16948926,13091.0,1320.0679446736228,1.8382352941176472,267,267,4,0,263,260,20705,5,1,0,4,7
2020-08-20,US,Georgia,Dooly,270,14,0,32.15630737,-83.79746561,13093.0,2016.430171769977,5.185185185185184,256,268,14,0,254,266,13706,2,0,0,2,2
2020-08-20,US,Georgia,Dougherty,2863,172,0,31.53328528,-84.21722377,13095.0,3255.0366092136987,6.007684247293049,2691,2845,173,0,2672,2837,91243,18,-1,0,19,8
2020-08-20,US,Georgia,Douglas,2963,60,0,33.70291126,-84.77026156,13097.0,2024.6954073648885,2.0249746878164023,2903,2928,60,0,2868,2911,145331,35,0,0,35,17
2020-08-20,US,Georgia,Early,392,32,0,31.32155345,-84.90255207,13099.0,3846.908734052993,8.16326530612245,360,388,32,0,356,390,10247,4,0,0,4,-2
2020-08-20,US,Georgia,Echols,228,2,0,30.71101099,-82.89687287,13101.0,5691.462805791313,0.8771929824561403,226,228,2,0,226,226,4000,0,0,0,0,2
2020-08-20,US,Georgia,Effingham,884,11,0,32.36616021,-81.34280942,13103.0,1374.8911285305462,1.2443438914027152,873,864,10,0,854,857,62190,20,1,0,19,7
2020-08-20,US,Georgia,Elbert,410,1,0,34.11302332,-82.83936148,13105.0,2136.084192976972,0.24390243902439024,409,407,1,0,406,403,19120,3,0,0,3,4
2020-08-20,US,Georgia,Emanuel,637,15,0,32.59221302,-82.30239915,13107.0,2812.8587830080373,2.3547880690737832,622,626,15,0,611,619,22612,11,0,0,11,7
2020-08-20,US,Georgia,Evans,326,3,0,32.15328841,-81.8870105,13109.0,3059.883611789,0.9202453987730062,323,322,3,0,319,322,10721,4,0,0,4,0
2020-08-20,US,Georgia,Fannin,398,5,0,34.86430205,-84.316964,13111.0,1519.7800519321827,1.256281407035176,393,396,5,0,391,388,25964,2,0,0,2,8
2020-08-20,US,Georgia,Fayette,1388,34,0,33.41357794,-84.49089434,13113.0,1213.0640354480386,2.44956772334294,1354,1365,34,0,1331,1341,113459,23,0,0,23,24
2020-08-20,US,Georgia,Floyd,1912,20,0,34.26268279,-85.21577392,13115.0,1941.1561656074234,1.0460251046025104,1892,1871,20,0,1851,1845,97927,41,0,0,41,26
2020-08-20,US,Georgia,Forsyth,2710,31,0,34.22604035,-84.12315129999998,13117.0,1109.5098504822888,1.1439114391143912,2679,2681,29,0,2652,2625,236612,29,2,0,27,56
2020-08-20,US,Georgia,Franklin,483,6,0,34.37525597,-83.23159927,13119.0,2068.611075420789,1.2422360248447204,477,479,6,0,473,471,23023,4,0,0,4,8
2020-08-20,US,Georgia,Fulton,23068,481,0,33.79216944,-84.46319413,13121.0,2168.1734914755293,2.0851395873070917,22587,22760,479,0,22281,22484,1050114,308,2,0,306,276
2020-08-20,US,Georgia,Gilmer,699,4,0,34.69316688,-84.45802506,13123.0,2228.314578086646,0.5722460658082976,695,695,4,0,691,687,30816,4,0,0,4,8
2020-08-20,US,Georgia,Glascock,32,1,0,33.22879932,-82.61297636,13125.0,1077.0784247728038,3.125,31,29,1,0,28,28,2995,3,0,0,3,1
2020-08-20,US,Georgia,Glynn,2808,61,0,31.23279254,-81.53811412,13127.0,3292.2196689021252,2.1723646723646723,2747,2782,59,0,2723,2766,85219,26,2,0,24,16
2020-08-20,US,Georgia,Gordon,1399,25,0,34.50487351,-84.87296253,13129.0,2413.6086814002037,1.7869907076483202,1374,1380,25,0,1355,1358,57685,19,0,0,19,22
2020-08-20,US,Georgia,Grady,599,7,0,30.87454847,-84.23418364,13131.0,2431.6973166078023,1.1686143572621035,592,587,8,0,579,567,24748,12,-1,0,13,20
2020-08-20,US,Georgia,Greene,389,14,0,33.5769205,-83.17139104,13133.0,2122.8989303645494,3.5989717223650386,375,383,14,0,369,384,17698,6,0,0,6,-1
2020-08-20,US,Georgia,Gwinnett,22455,295,0,33.96044201,-84.02137802,13135.0,2398.3978638184244,1.3137385882876864,22160,22196,295,0,21901,21936,927781,259,0,0,259,260
2020-08-20,US,Georgia,Habersham,1245,53,0,34.63331566,-83.53094677,13137.0,2746.646664313449,4.257028112449799,1192,1236,53,0,1183,1219,45388,9,0,0,9,17
2020-08-20,US,Georgia,Hall,6848,109,0,34.32207823,-83.81896936,13139.0,3349.621651234341,1.5917056074766356,6739,6764,109,0,6655,6687,202148,84,0,0,84,77
2020-08-20,US,Georgia,Hancock,342,37,0,33.2721566,-82.99766919,13141.0,4043.9872295140117,10.8187134502924,305,340,37,0,303,340,8348,2,0,0,2,0
2020-08-20,US,Georgia,Haralson,269,7,0,33.79602175,-85.21005667,13143.0,902.9269602577873,2.6022304832713754,262,257,7,0,250,256,29533,12,0,0,12,1
2020-08-20,US,Georgia,Harris,699,19,0,32.73709786,-84.90538572,13145.0,1983.7666023385173,2.718168812589413,680,696,19,0,677,692,34475,3,0,0,3,4
2020-08-20,US,Georgia,Hart,369,10,0,34.34626973,-82.96567682,13147.0,1408.128219805381,2.710027100271003,359,363,9,0,354,357,26099,6,1,0,5,6
2020-08-20,US,Georgia,Heard,157,5,0,33.29686567,-85.12886832,13149.0,1316.7826889205735,3.1847133757961785,152,154,5,0,149,153,11879,3,0,0,3,1
2020-08-20,US,Georgia,Henry,3948,59,0,33.4533428,-84.14814659999998,13151.0,1683.1442567178688,1.4944275582573454,3889,3886,59,0,3827,3819,230220,62,0,0,62,67
2020-08-20,US,Georgia,Houston,2333,62,0,32.45802497,-83.66879087,13153.0,1477.8637172738388,2.657522503214745,2271,2307,62,0,2245,2273,155469,26,0,0,26,34
2020-08-20,US,Georgia,Irwin,190,2,0,31.60213036,-83.27501387,13155.0,2017.8419711129986,1.0526315789473684,188,185,1,0,184,184,9398,5,1,0,4,1
2020-08-20,US,Georgia,Jackson,1271,19,0,34.13794553,-83.56814788,13157.0,1741.6446277594312,1.4948859166011017,1252,1246,19,0,1227,1221,70422,25,0,0,25,25
2020-08-20,US,Georgia,Jasper,186,2,0,33.31535543,-83.68844964,13159.0,1308.1088684155004,1.075268817204301,184,186,2,0,184,185,14040,0,0,0,0,1
2020-08-20,US,Georgia,Jeff Davis,570,8,0,31.80405727,-82.63724870000001,13161.0,3771.088322858088,1.4035087719298245,562,565,8,0,557,554,15029,5,0,0,5,11
2020-08-20,US,Georgia,Jefferson,600,13,0,33.05867328,-82.41609057,13163.0,3905.7414399166773,2.1666666666666665,587,594,12,0,582,589,15430,6,1,0,5,5
2020-08-20,US,Georgia,Jenkins,283,24,0,32.79248718,-81.96040187,13165.0,3261.8718303365613,8.480565371024735,259,277,24,0,253,265,8683,6,0,0,6,12
2020-08-20,US,Georgia,Johnson,274,12,0,32.70211082,-82.66166794,13167.0,2841.4393860831688,4.37956204379562,262,274,12,0,262,272,9708,0,0,0,0,2
2020-08-20,US,Georgia,Jones,371,5,0,33.02512137,-83.56019163,13169.0,1291.1084043848966,1.3477088948787062,366,366,4,0,362,362,28616,5,1,0,4,4
2020-08-20,US,Georgia,Lamar,303,14,0,33.07841647,-84.14263877,13171.0,1588.300047177229,4.62046204620462,289,299,14,0,285,298,19000,4,0,0,4,1
2020-08-20,US,Georgia,Lanier,242,5,0,31.03828570000001,-83.06472457,13173.0,2321.788352681569,2.066115702479338,237,238,5,0,233,233,10340,4,0,0,4,5
2020-08-20,US,Georgia,Laurens,1179,25,0,32.46325233,-82.92221316,13175.0,2479.7038657300304,2.1204410517387617,1154,1167,19,0,1148,1154,47325,12,6,0,6,13
2020-08-20,US,Georgia,Lee,624,23,0,31.779330600000005,-84.14324253,13177.0,2080.5548146172314,3.685897435897436,601,617,23,0,594,616,29764,7,0,0,7,1
2020-08-20,US,Georgia,Liberty,837,11,0,31.82588896,-81.49251135,13179.0,1362.415561162204,1.3142174432497014,826,819,9,0,810,811,61497,18,2,0,16,8
2020-08-20,US,Georgia,Lincoln,180,5,0,33.79201475,-82.45024131,13181.0,2272.440348440853,2.7777777777777777,175,178,5,0,173,173,7915,2,0,0,2,5
2020-08-20,US,Georgia,Long,160,2,0,31.75218791,-81.74952375,13183.0,818.037731990388,1.25,158,154,2,0,152,152,18998,6,0,0,6,2
2020-08-20,US,Georgia,Lowndes,3306,53,0,30.83568832,-83.27056716,13185.0,2815.8697170502364,1.6031457955232908,3253,3289,52,0,3237,3276,116321,17,1,0,16,13
2020-08-20,US,Georgia,Lumpkin,492,10,0,34.57286511,-84.00425681,13187.0,1463.8500446295745,2.0325203252032518,482,466,10,0,456,444,32955,26,0,0,26,22
2020-08-20,US,Georgia,Macon,193,10,0,32.35207048,-84.04234127,13193.0,1490.6928245925697,5.181347150259066,183,190,10,0,180,189,13143,3,0,0,3,1
2020-08-20,US,Georgia,Madison,477,7,0,34.12920917,-83.21218732,13195.0,1596.3855421686746,1.4675052410901468,470,472,7,0,465,462,29650,5,0,0,5,10
2020-08-20,US,Georgia,Marion,164,5,0,32.3483402,-84.52733571,13197.0,1961.957171910516,3.0487804878048776,159,163,5,0,158,162,8351,1,0,0,1,1
2020-08-20,US,Georgia,McDuffie,460,12,0,33.47851918,-82.48252774,13189.0,2158.4084084084084,2.608695652173913,448,455,11,0,444,443,21531,5,1,0,4,12
2020-08-20,US,Georgia,McIntosh,223,3,0,31.49683595,-81.40163426,13191.0,1550.9806649047155,1.345291479820628,220,214,3,0,211,213,14340,9,0,0,9,1
2020-08-20,US,Georgia,Meriwether,447,7,0,33.04163534,-84.68859732,13199.0,2111.7777672792554,1.5659955257270697,440,441,7,0,434,442,21068,6,0,0,6,-1
2020-08-20,US,Georgia,Miller,181,0,0,31.16568912,-84.73151117,13201.0,3165.4424623994405,0.0,181,171,0,0,171,171,5686,10,0,0,10,0
2020-08-20,US,Georgia,Mitchell,677,41,0,31.22483255,-84.19381821,13205.0,3096.555824909665,6.056129985228951,636,676,41,0,635,676,22192,1,0,0,1,0
2020-08-20,US,Georgia,Monroe,519,32,0,33.014289,-83.92097166,13207.0,1881.9348756254983,6.165703275529865,487,516,32,0,484,508,27520,3,0,0,3,8
2020-08-20,US,Georgia,Montgomery,194,2,0,32.17201038,-82.53527476,13209.0,2115.133013519407,1.0309278350515465,192,189,2,0,187,183,9193,5,0,0,5,6
2020-08-20,US,Georgia,Morgan,361,1,0,33.59232073,-83.49129491,13211.0,1872.795185723179,0.2770083102493075,360,341,1,0,340,335,18853,20,0,0,20,6
2020-08-20,US,Georgia,Murray,675,3,0,34.78897608,-84.74993177,13213.0,1683.459696727853,0.4444444444444444,672,669,3,0,666,662,39921,6,0,0,6,7
2020-08-20,US,Georgia,Muscogee,5195,117,0,32.50931999,-84.87142262,13215.0,2653.6377056633073,2.252165543792108,5078,5163,117,0,5046,5136,194160,32,0,0,32,27
2020-08-20,US,Georgia,Newton,2095,52,0,33.55514538,-83.84547140000002,13217.0,1874.8210194730814,2.4821002386634845,2043,2078,52,0,2026,2060,109541,17,0,0,17,18
2020-08-20,US,Georgia,Oconee,486,18,0,33.83749973,-83.43679568,13219.0,1206.5541211519364,3.703703703703704,468,483,17,0,466,475,39272,3,1,0,2,8
2020-08-20,US,Georgia,Oglethorpe,256,8,0,33.878629600000004,-83.08278123,13221.0,1677.6984074972147,3.125,248,255,8,0,247,253,15054,1,0,0,1,2
2020-08-20,US,Georgia,Out of GA,16453,107,0,0.0,0.0,80013.0,0.0,0.6503373245000912,16346,16727,105,0,16622,16996,,-274,2,0,-276,-269
2020-08-20,US,Georgia,Paulding,1982,29,0,33.91969522,-84.86848792,13223.0,1175.0964919041662,1.4631685166498487,1953,1945,28,0,1917,1916,164044,37,1,0,36,29
2020-08-20,US,Georgia,Peach,490,16,0,32.56934316,-83.82937,13225.0,1778.8426631815867,3.26530612244898,474,482,16,0,466,477,27297,8,0,0,8,5
2020-08-20,US,Georgia,Pickens,463,6,0,34.46589159,-84.46406611,13227.0,1420.6375993372405,1.2958963282937366,457,452,6,0,446,450,31980,11,0,0,11,2
2020-08-20,US,Georgia,Pierce,478,10,0,31.35928155,-82.21598442,13229.0,2455.6896994605704,2.092050209205021,468,469,10,0,459,469,19389,9,0,0,9,0
2020-08-20,US,Georgia,Pike,261,6,0,33.09310242,-84.38790389,13231.0,1376.4370846957074,2.2988505747126435,255,258,6,0,252,254,18634,3,0,0,3,4
2020-08-20,US,Georgia,Polk,1018,12,0,34.00267074,-85.18677781,13233.0,2388.942341538967,1.1787819253438114,1006,991,12,0,979,974,42470,27,0,0,27,17
2020-08-20,US,Georgia,Pulaski,157,4,0,32.23334561,-83.47549959999998,13235.0,1409.7153632037353,2.5477707006369426,153,151,3,0,148,148,11069,6,1,0,5,3
2020-08-20,US,Georgia,Putnam,519,18,0,33.32056115,-83.37552891,13237.0,2346.39902346399,3.4682080924855487,501,508,18,0,490,502,21809,11,0,0,11,6
2020-08-20,US,Georgia,Quitman,32,1,0,31.86728114,-85.01773177,13239.0,1391.9095258808175,3.125,31,32,1,0,31,32,2279,0,0,0,0,0
2020-08-20,US,Georgia,Rabun,240,4,0,34.88389445,-83.40304637,13241.0,1400.4784968197464,1.6666666666666667,236,239,3,0,236,237,16867,1,1,0,0,2
2020-08-20,US,Georgia,Randolph,296,26,0,31.76622818,-84.75732369,13243.0,4367.069932133372,8.783783783783784,270,292,26,0,266,290,6833,4,0,0,4,2
2020-08-20,US,Georgia,Richmond,5456,105,0,33.35777107,-82.07026432,13245.0,2694.0815137419877,1.9244868035190617,5351,5369,103,0,5266,5268,201554,87,2,0,85,101
2020-08-20,US,Georgia,Rockdale,1548,27,0,33.65145002,-84.02202167,13247.0,1703.045238514346,1.7441860465116281,1521,1522,27,0,1495,1503,90594,26,0,0,26,19
2020-08-20,US,Georgia,Schley,87,2,0,32.2654021,-84.31258912,13249.0,1654.9362754422675,2.2988505747126435,85,87,2,0,85,83,5236,0,0,0,0,4
2020-08-20,US,Georgia,Screven,247,9,0,32.74976524,-81.60779441,13251.0,1768.5808391808675,3.643724696356276,238,246,9,0,237,243,13938,1,0,0,1,3
2020-08-20,US,Georgia,Seminole,256,5,0,30.93464824,-84.86823924,13253.0,3164.400494437577,1.953125,251,252,6,0,246,250,8315,4,-1,0,5,2
2020-08-20,US,Georgia,Spalding,1075,43,0,33.26310031,-84.28013991,13255.0,1611.6216661919254,4.0,1032,1052,43,0,1009,1049,66100,23,0,0,23,3
2020-08-20,US,Georgia,Stephens,727,19,0,34.55151201,-83.29405315,13257.0,2804.2430086788813,2.6134800550206325,708,722,19,0,703,711,26035,5,0,0,5,11
2020-08-20,US,Georgia,Stewart,297,10,0,32.07996777,-84.83208037,13259.0,4485.7272315360215,3.3670033670033668,287,275,10,0,265,275,6199,22,0,0,22,0
2020-08-20,US,Georgia,Sumter,803,56,0,32.03650571,-84.19821492,13261.0,2719.821162444113,6.973848069738481,747,795,56,0,739,794,29733,8,0,0,8,1
2020-08-20,US,Georgia,Talbot,149,5,0,32.69642758,-84.53351366,13263.0,2405.1654560129136,3.355704697986577,144,149,5,0,144,148,6272,0,0,0,0,1
2020-08-20,US,Georgia,Taliaferro,17,0,0,33.56543317,-82.88136816,13265.0,1106.0507482108003,0.0,17,17,0,0,17,17,1608,0,0,0,0,0
2020-08-20,US,Georgia,Tattnall,621,3,0,32.04785085,-82.05539188,13267.0,2455.9044530570277,0.4830917874396135,618,613,3,0,610,608,25391,8,0,0,8,5
2020-08-20,US,Georgia,Taylor,112,4,0,32.55792548,-84.25077141,13269.0,1396.508728179551,3.571428571428572,108,111,4,0,107,108,8039,1,0,0,1,3
2020-08-20,US,Georgia,Telfair,324,12,0,31.92829517,-82.93491155,13271.0,2042.875157629256,3.703703703703704,312,321,12,0,309,316,15876,3,0,0,3,5
2020-08-20,US,Georgia,Terrell,310,30,0,31.77527543,-84.44069698,13273.0,3633.806118860626,9.677419354838712,280,311,30,0,281,310,8611,-1,0,0,-1,1
2020-08-20,US,Georgia,Thomas,1286,45,0,30.86392347,-83.91847289,13275.0,2893.073271692425,3.4992223950233283,1241,1275,45,0,1230,1261,44448,11,0,0,11,14
2020-08-20,US,Georgia,Tift,1418,47,0,31.45743864,-83.5236119,13277.0,3488.829839582719,3.3145275035260933,1371,1415,46,0,1369,1412,40571,3,1,0,2,3
2020-08-20,US,Georgia,Toombs,936,10,0,32.12059861,-82.32957247,13279.0,3488.632128214685,1.0683760683760684,926,902,9,0,893,892,26887,34,1,0,33,10
2020-08-20,US,Georgia,Towns,175,3,0,34.91369188,-83.74107459999998,13281.0,1453.8506272326993,1.7142857142857142,172,173,3,0,170,165,11852,2,0,0,2,8
2020-08-20,US,Georgia,Treutlen,165,3,0,32.40422134,-82.56904553,13283.0,2390.957832198232,1.818181818181818,162,160,3,0,157,146,6809,5,0,0,5,14
2020-08-20,US,Georgia,Troup,2454,77,0,33.03349196,-85.02812115,13285.0,3509.6250107262376,3.1377343113284435,2377,2438,77,0,2361,2431,70034,16,0,0,16,7
2020-08-20,US,Georgia,Turner,268,18,0,31.71612656,-83.62069378,13287.0,3356.293049467752,6.7164179104477615,250,267,18,0,249,266,7912,1,0,0,1,1
2020-08-20,US,Georgia,Twiggs,147,4,0,32.67435595,-83.43078662,13289.0,1810.344827586207,2.7210884353741496,143,144,4,0,140,142,8188,3,0,0,3,2
2020-08-20,US,Georgia,Unassigned,2719,7,0,0.0,0.0,90013.0,0.0,0.2574475910261125,2712,2766,8,0,2758,2725,,-47,-1,0,-46,41
2020-08-20,US,Georgia,Union,384,7,0,34.82995757,-83.98967069,13291.0,1566.6435477948676,1.8229166666666667,377,371,7,0,364,363,24001,13,0,0,13,8
2020-08-20,US,Georgia,Upson,639,49,0,32.87920671,-84.30024826,13293.0,2427.811550151976,7.6682316118935825,590,636,49,0,587,639,26215,3,0,0,3,-3
2020-08-20,US,Georgia,Walker,863,18,0,34.73376362,-85.30165174,13295.0,1237.0808904688865,2.085747392815759,845,847,17,0,830,837,69410,16,1,0,15,10
2020-08-20,US,Georgia,Walton,1330,43,0,33.78017694,-83.73552314,13297.0,1406.0237015423975,3.233082706766917,1287,1309,43,0,1266,1294,93503,21,0,0,21,15
2020-08-20,US,Georgia,Ware,1274,40,0,31.05449097,-82.42224148,13299.0,3565.231991940449,3.1397174254317117,1234,1248,36,0,1212,1242,35680,26,4,0,22,6
2020-08-20,US,Georgia,Warren,100,3,0,33.41146451,-82.67795848,13301.0,1903.3117624666918,3.0,97,98,2,0,96,97,5251,2,1,0,1,1
2020-08-20,US,Georgia,Washington,575,3,0,32.96711864,-82.79357039,13303.0,2822.224403651713,0.5217391304347826,572,564,3,0,561,559,20386,11,0,0,11,5
2020-08-20,US,Georgia,Wayne,905,15,0,31.5521809,-81.91894878,13305.0,3024.025127811007,1.6574585635359116,890,889,13,0,876,882,29808,16,2,0,14,7
2020-08-20,US,Georgia,Webster,39,2,0,32.04066113,-84.54742852,13307.0,1495.9723820483316,5.128205128205129,37,39,2,0,37,40,2611,0,0,0,0,-1
2020-08-20,US,Georgia,Wheeler,127,3,0,32.12009104,-82.72574721,13309.0,1616.8045830681094,2.3622047244094486,124,120,3,0,117,113,7879,7,0,0,7,7
2020-08-20,US,Georgia,White,420,9,0,34.64624278,-83.74905525,13311.0,1363.7249172024158,2.142857142857143,411,413,8,0,405,400,29970,7,1,0,6,13
2020-08-20,US,Georgia,Whitfield,3790,43,0,34.80987459,-84.96093476,13313.0,3622.3573039721678,1.1345646437994723,3747,3771,42,0,3729,3740,104062,19,1,0,18,31
2020-08-20,US,Georgia,Wilcox,203,20,0,31.97496928,-83.43438555,13315.0,2350.897510133179,9.852216748768473,183,201,19,0,182,199,8812,2,1,0,1,2
2020-08-20,US,Georgia,Wilkes,209,3,0,33.78290391,-82.74286107,13317.0,2137.670041935154,1.4354066985645932,206,207,3,0,204,202,9876,2,0,0,2,5
2020-08-20,US,Georgia,Wilkinson,248,13,0,32.80291082,-83.17140684,13319.0,2769.7118606209515,5.241935483870968,235,243,12,0,231,245,9036,5,1,0,4,-2
2020-08-20,US,Georgia,Worth,480,24,0,31.55162306,-83.85090513,13321.0,2370.721588383464,5.0,456,476,24,0,452,473,20299,4,0,0,4,3
2020-08-20,US,Hawaii,Hawaii,164,0,0,19.60121157,-155.5210167,15001.0,81.38432756199352,0.0,164,159,0,0,159,152,200983,5,0,0,5,7
2020-08-20,US,Hawaii,Honolulu,5340,37,0,21.45803166,-157.97121819999995,15003.0,547.9378962673527,0.6928838951310862,5303,5111,35,0,5076,4878,980080,229,2,0,227,233
2020-08-20,US,Hawaii,Kauai,54,0,0,22.03935037,-159.5966786,15007.0,74.69602866114285,0.0,54,54,0,0,54,54,72133,0,0,0,0,0
2020-08-20,US,Hawaii,Maui,263,7,0,20.86399628,-156.56890969999995,15009.0,157.09276835685742,2.661596958174905,256,262,6,0,256,242,167207,1,1,0,0,20
2020-08-20,US,Hawaii,Out of HI,23,1,0,0.0,0.0,80015.0,0.0,4.3478260869565215,22,23,1,0,22,23,,0,0,0,0,0
2020-08-20,US,Idaho,Ada,10348,102,0,43.4526575,-116.24155159999998,16001.0,2148.729097753885,0.9856977193660612,10246,10228,102,0,10126,10132,469966,120,0,0,120,96
2020-08-20,US,Idaho,Adams,23,0,0,44.89333571,-116.4545247,16003.0,535.6311131811831,0.0,23,23,0,0,23,22,4250,0,0,0,0,1
2020-08-20,US,Idaho,Bannock,548,2,0,42.67002716,-112.2233311,16005.0,624.0889212827989,0.36496350364963503,546,536,2,0,534,529,87138,12,0,0,12,7
2020-08-20,US,Idaho,Bear Lake,25,0,0,42.28269683,-111.32892379999998,16007.0,408.1632653061225,0.0,25,25,0,0,25,24,6050,0,0,0,0,1
2020-08-20,US,Idaho,Benewah,92,1,0,47.21754179,-116.6586851,16009.0,989.46009894601,1.0869565217391304,91,90,1,0,89,86,9226,2,0,0,2,4
2020-08-20,US,Idaho,Bingham,387,4,0,43.21672879999999,-112.3978437,16011.0,826.7287603341098,1.0335917312661498,383,360,2,0,358,360,46236,27,2,0,25,0
2020-08-20,US,Idaho,Blaine,593,6,0,43.4085812,-113.9752658,16013.0,2575.908952695365,1.011804384485666,587,592,6,0,586,590,22601,1,0,0,1,2
2020-08-20,US,Idaho,Boise,57,1,0,43.98829931,-115.7309284,16015.0,727.876388711531,1.7543859649122806,56,56,1,0,55,54,7634,1,0,0,1,2
2020-08-20,US,Idaho,Bonner,194,0,0,48.29996017,-116.6017932,16017.0,424.1456962329741,0.0,194,192,0,0,192,192,44727,2,0,0,2,0
2020-08-20,US,Idaho,Bonneville,1441,6,0,43.38713372,-111.6161537,16019.0,1210.2937965093818,0.4163775156141568,1435,1394,6,0,1388,1374,116854,47,0,0,47,20
2020-08-20,US,Idaho,Boundary,42,0,0,48.76684761,-116.4630179,16021.0,342.99714169048593,0.0,42,42,0,0,42,42,11948,0,0,0,0,0
2020-08-20,US,Idaho,Butte,4,0,0,43.72592209,-113.1735463,16023.0,154.02387370042356,0.0,4,4,0,0,4,3,2611,0,0,0,0,1
2020-08-20,US,Idaho,Camas,2,0,0,43.46665742,-114.8065892,16025.0,180.83182640144662,0.0,2,2,0,0,2,1,1127,0,0,0,0,1
2020-08-20,US,Idaho,Canyon,6650,63,0,43.61970148,-116.70954990000001,16027.0,2893.203799015876,0.9473684210526316,6587,6589,61,0,6528,6501,223499,61,2,0,59,88
2020-08-20,US,Idaho,Caribou,35,0,0,42.77149116,-111.5597683,16029.0,489.1684136967156,0.0,35,34,0,0,34,34,7060,1,0,0,1,0
2020-08-20,US,Idaho,Cassia,569,1,0,42.28347888,-113.6012409,16031.0,2367.8734914689967,0.1757469244288225,568,565,1,0,564,560,23864,4,0,0,4,5
2020-08-20,US,Idaho,Clark,15,0,0,44.28496071,-112.35057040000001,16033.0,1775.1479289940826,0.0,15,15,0,0,15,15,852,0,0,0,0,0
2020-08-20,US,Idaho,Clearwater,20,0,0,46.67459924,-115.6622393,16035.0,228.41480127912288,0.0,20,18,0,0,18,18,8758,2,0,0,2,0
2020-08-20,US,Idaho,Custer,17,0,0,44.24186819,-114.2855494,16037.0,393.97450753186564,0.0,17,16,0,0,16,15,4280,1,0,0,1,1
2020-08-20,US,Idaho,Elmore,253,3,0,43.3507101,-115.4701578,16039.0,919.6321471411436,1.1857707509881423,250,245,3,0,242,241,27259,8,0,0,8,4
2020-08-20,US,Idaho,Franklin,54,0,0,42.18332217,-111.81496659999999,16041.0,389.16114153934853,0.0,54,53,0,0,53,53,13726,1,0,0,1,0
2020-08-20,US,Idaho,Fremont,97,0,0,44.22800938,-111.48099429999999,16043.0,740.5145430948927,0.0,97,96,0,0,96,96,13168,1,0,0,1,0
2020-08-20,US,Idaho,Gem,198,1,0,44.06482372,-116.398376,16045.0,1115.2826855123674,0.5050505050505051,197,198,1,0,197,195,17634,0,0,0,0,3
2020-08-20,US,Idaho,Gooding,191,1,0,42.96927962,-114.81083059999999,16047.0,1258.3174122142434,0.5235602094240838,190,188,1,0,187,185,15196,3,0,0,3,3
2020-08-20,US,Idaho,Idaho,38,0,0,45.84721541,-115.4634436,16049.0,227.99544009119816,0.0,38,38,0,0,38,36,16513,0,0,0,0,2
2020-08-20,US,Idaho,Jefferson,289,1,0,43.82078483,-112.3131749,16051.0,967.4935556225099,0.3460207612456747,288,281,1,0,280,270,29439,8,0,0,8,11
2020-08-20,US,Idaho,Jerome,544,6,0,42.68891267,-114.2655033,16053.0,2228.4122562674092,1.1029411764705883,538,537,6,0,531,532,24015,7,0,0,7,5
2020-08-20,US,Idaho,Kootenai,2049,23,0,47.67282258,-116.7020872,16055.0,1236.5945068407998,1.1224987798926305,2026,2033,22,0,2011,2015,161505,16,1,0,15,18
2020-08-20,US,Idaho,Latah,172,0,0,46.81587887,-116.71136979999999,16057.0,428.8421262591005,0.0,172,156,0,0,156,154,40134,16,0,0,16,2
2020-08-20,US,Idaho,Lemhi,61,0,0,44.9438088,-113.9309747,16059.0,759.9352186370998,0.0,61,61,0,0,61,53,7961,0,0,0,0,8
2020-08-20,US,Idaho,Lincoln,63,0,0,43.0012336,-114.1358773,16063.0,1174.058889303019,0.0,63,63,0,0,63,62,5360,0,0,0,0,1
2020-08-20,US,Idaho,Madison,206,0,0,43.78141028,-111.65384740000002,16065.0,516.200165384519,0.0,206,204,0,0,204,200,39304,2,0,0,2,4
2020-08-20,US,Idaho,Minidoka,524,2,0,42.85518524,-113.6357257,16067.0,2490.6126717049287,0.3816793893129771,522,517,2,0,515,509,20825,7,0,0,7,8
2020-08-20,US,Idaho,Nez Perce,219,19,0,46.32638236,-116.75009750000001,16069.0,541.971886755098,8.67579908675799,200,201,19,0,182,194,40408,18,0,0,18,7
2020-08-20,US,Idaho,Oneida,18,0,0,42.19494279999999,-112.5407838,16071.0,397.26329728536746,0.0,18,18,0,0,18,16,4488,0,0,0,0,2
2020-08-20,US,Idaho,Owyhee,286,4,0,42.58016894,-116.16938710000001,16073.0,2419.013786686966,1.3986013986013983,282,283,4,0,279,282,11693,3,0,0,3,1
2020-08-20,US,Idaho,Payette,509,4,0,44.00545243,-116.7647695,16075.0,2125.172226629368,0.7858546168958742,505,495,4,0,491,468,23551,14,0,0,14,27
2020-08-20,US,Idaho,Power,81,0,0,42.69254894,-112.83957420000002,16077.0,1054.5501887775029,0.0,81,76,0,0,76,74,7768,5,0,0,5,2
2020-08-20,US,Idaho,Shoshone,182,9,0,47.35364087,-115.89167490000001,16079.0,1412.8240956373236,4.945054945054945,173,176,7,0,169,172,12796,6,2,0,4,4
2020-08-20,US,Idaho,Teton,109,0,0,43.75303583,-111.2056773,16081.0,897.7104266183493,0.0,109,107,0,0,107,102,11640,2,0,0,2,5
2020-08-20,US,Idaho,Twin Falls,1571,33,0,42.35440512,-114.6685381,16083.0,1808.2828794401346,2.100572883513685,1538,1548,33,0,1515,1537,86081,23,0,0,23,11
2020-08-20,US,Idaho,Unassigned,3,0,0,0.0,0.0,90016.0,0.0,0.0,3,3,0,0,3,3,,0,0,0,0,0
2020-08-20,US,Idaho,Valley,78,1,0,44.76728382,-115.5676773,16085.0,684.6910112359551,1.2820512820512822,77,77,1,0,76,76,11041,1,0,0,1,1
2020-08-20,US,Idaho,Washington,253,3,0,44.45275475,-116.78476880000001,16087.0,2481.852069845007,1.1857707509881423,250,245,3,0,242,244,10161,8,0,0,8,1
2020-08-20,US,Illinois,Adams,692,7,0,39.98815591,-91.18786813,17001.0,1057.538014823871,1.0115606936416186,685,693,7,0,686,672,65691,-1,0,0,-1,21
2020-08-20,US,Illinois,Alexander,40,0,0,37.18049267,-89.32910838,17003.0,694.3239021003299,0.0,40,40,0,0,40,40,6060,0,0,0,0,0
2020-08-20,US,Illinois,Bond,95,3,0,38.88829622,-89.43534887,17005.0,578.3513941312552,3.1578947368421053,92,92,3,0,89,88,16630,3,0,0,3,4
2020-08-20,US,Illinois,Boone,796,23,0,42.32359279,-88.82345779,17007.0,1486.6278201105633,2.8894472361809047,773,793,23,0,770,778,53577,3,0,0,3,15
2020-08-20,US,Illinois,Brown,16,0,0,39.96209138,-90.75068024,17009.0,243.2350258437215,0.0,16,15,0,0,15,15,6556,1,0,0,1,0
2020-08-20,US,Illinois,Bureau,291,4,0,41.40385234,-89.5283051,17011.0,891.8720117690327,1.3745704467353952,287,281,4,0,277,282,32993,10,0,0,10,-1
2020-08-20,US,Illinois,Calhoun,19,0,0,39.16840183,-90.66330078,17013.0,400.9284659210804,0.0,19,17,0,0,17,15,4802,2,0,0,2,2
2020-08-20,US,Illinois,Carroll,97,4,0,42.06823429,-89.93395545,17015.0,678.0845858091576,4.123711340206185,93,94,4,0,90,92,14312,3,0,0,3,2
2020-08-20,US,Illinois,Cass,272,11,0,39.96991073,-90.24734436,17017.0,2239.236025356055,4.044117647058823,261,265,11,0,254,259,12260,7,0,0,7,6
2020-08-20,US,Illinois,Champaign,1835,20,0,40.13919438,-88.20046615,17019.0,875.1055134031827,1.0899182561307903,1815,1827,19,0,1808,1793,209983,8,1,0,7,34
2020-08-20,US,Illinois,Christian,167,4,0,39.54581621,-89.27780482,17021.0,516.9638434868747,2.395209580838323,163,166,4,0,162,161,32661,1,0,0,1,5
2020-08-20,US,Illinois,Clark,104,2,0,39.33425789,-87.78705622,17023.0,673.531507026747,1.9230769230769231,102,98,2,0,96,96,15596,6,0,0,6,2
2020-08-20,US,Illinois,Clay,51,0,0,38.75388572,-88.48914513,17025.0,386.83252427184476,0.0,51,47,0,0,47,40,13253,4,0,0,4,7
2020-08-20,US,Illinois,Clinton,548,17,0,38.60704876,-89.42385254,17027.0,1458.9212501996699,3.102189781021898,531,524,17,0,507,512,37639,24,0,0,24,12
2020-08-20,US,Illinois,Coles,697,21,0,39.51949084,-88.22358557,17029.0,1376.8989154698645,3.012912482065997,676,676,21,0,655,648,50885,21,0,0,21,28
2020-08-20,US,Illinois,Cook,118757,4988,0,41.84144849,-87.81658794,17031.0,2305.856841816671,4.200173463458996,113769,118012,4984,0,113028,117171,5180493,745,4,0,741,841
2020-08-20,US,Illinois,Crawford,43,0,0,39.0032229,-87.75954624,17033.0,230.3530294101891,0.0,43,40,0,0,40,38,18807,3,0,0,3,2
2020-08-20,US,Illinois,Cumberland,86,3,0,39.27432424,-88.2401158,17035.0,798.8110718929962,3.4883720930232562,83,82,3,0,79,75,10808,4,0,0,4,7
2020-08-20,US,Illinois,De Witt,37,1,0,40.17514519,-88.90959682,17039.0,236.60314618237626,2.702702702702702,36,38,0,0,38,38,15769,-1,1,0,-2,0
2020-08-20,US,Illinois,DeKalb,1017,33,0,41.89373302,-88.76958483,17037.0,969.5224839604564,3.2448377581120944,984,1013,33,0,980,1004,104143,4,0,0,4,9
2020-08-20,US,Illinois,Douglas,167,3,0,39.76768052,-88.21854195,17041.0,857.9501669663499,1.7964071856287425,164,161,3,0,158,152,19479,6,0,0,6,9
2020-08-20,US,Illinois,DuPage,13410,528,0,41.85116968,-88.08642662,17043.0,1452.995435145587,3.9373601789709167,12882,13289,527,0,12762,13151,928589,121,1,0,120,138
2020-08-20,US,Illinois,Edgar,49,0,0,39.6809186,-87.74759563,17045.0,285.53114620360117,0.0,49,51,0,0,51,46,17360,-2,0,0,-2,5
2020-08-20,US,Illinois,Edwards,28,0,0,38.41353228,-88.05720863,17047.0,437.842064112588,0.0,28,29,0,0,29,28,6392,-1,0,0,-1,1
2020-08-20,US,Illinois,Effingham,317,1,0,39.05935711,-88.58969584,17049.0,932.133615619854,0.3154574132492113,316,285,1,0,284,266,34208,32,0,0,32,19
2020-08-20,US,Illinois,Fayette,97,3,0,39.00072038,-89.02452658,17051.0,454.63067116610426,3.0927835051546397,94,87,3,0,84,81,21416,10,0,0,10,6
2020-08-20,US,Illinois,Ford,63,2,0,40.59706922,-88.22350769,17053.0,486.0736054316797,3.1746031746031744,61,62,2,0,60,61,13264,1,0,0,1,1
2020-08-20,US,Illinois,Franklin,270,1,0,37.99189086,-88.92567818,17055.0,701.8638384153475,0.3703703703703704,269,266,1,0,265,258,38701,4,0,0,4,8
2020-08-20,US,Illinois,Fulton,58,0,0,40.47289135,-90.20862357,17057.0,168.899242865463,0.0,58,54,0,0,54,48,34844,4,0,0,4,6
2020-08-20,US,Illinois,Gallatin,57,2,0,37.76430935,-88.22953869,17059.0,1180.6130903065452,3.5087719298245608,55,56,2,0,54,56,5058,1,0,0,1,0
2020-08-20,US,Illinois,Greene,87,0,0,39.35907414,-90.388865,17061.0,670.8304418228082,0.0,87,84,0,0,84,78,13044,3,0,0,3,6
2020-08-20,US,Illinois,Grundy,410,5,0,41.28569601,-88.41905692,17063.0,803.0712578838092,1.2195121951219512,405,400,5,0,395,392,50972,10,0,0,10,8
2020-08-20,US,Illinois,Hamilton,42,0,0,38.08163641,-88.53883373,17065.0,517.4963035978315,0.0,42,39,0,0,39,38,8163,3,0,0,3,1
2020-08-20,US,Illinois,Hancock,106,1,0,40.40423981,-91.16313899,17067.0,598.5995030494691,0.9433962264150944,105,102,1,0,101,102,17844,4,0,0,4,0
2020-08-20,US,Illinois,Hardin,18,0,0,37.51810645,-88.26873022,17069.0,471.08086888249153,0.0,18,18,0,0,18,18,3910,0,0,0,0,0
2020-08-20,US,Illinois,Henderson,25,0,0,40.81908672,-90.92491462,17071.0,376.16611495636477,0.0,25,24,0,0,24,24,6709,1,0,0,1,0
2020-08-20,US,Illinois,Henry,337,1,0,41.3533994,-90.13296166,17073.0,688.9783902030133,0.2967359050445104,336,335,1,0,334,318,49090,2,0,0,2,17
2020-08-20,US,Illinois,Iroquois,281,14,0,40.74717633,-87.82466784,17075.0,1036.3649775023973,4.98220640569395,267,282,14,0,268,280,27604,-1,0,0,-1,2
2020-08-20,US,Illinois,Jackson,814,20,0,37.78595185,-89.38232563,17077.0,1434.3612334801765,2.457002457002457,794,807,20,0,787,796,57419,7,0,0,7,11
2020-08-20,US,Illinois,Jasper,75,7,0,39.01054275,-88.15437049,17079.0,780.4370447450572,9.333333333333334,68,73,7,0,66,73,9611,2,0,0,2,0
2020-08-20,US,Illinois,Jefferson,369,31,0,38.29980057,-88.9240025,17081.0,979.1954144995224,8.401084010840107,338,360,26,0,334,357,37820,9,5,0,4,3
2020-08-20,US,Illinois,Jersey,199,2,0,39.08869046,-90.35393073,17083.0,913.9760253525008,1.0050251256281406,197,174,2,0,172,173,21847,25,0,0,25,1
2020-08-20,US,Illinois,Jo Daviess,152,2,0,42.36542373,-90.21094405,17085.0,715.799387803155,1.3157894736842106,150,149,2,0,147,148,21366,3,0,0,3,1
2020-08-20,US,Illinois,Johnson,87,0,0,37.45939802,-88.88165419,17087.0,700.6523314810339,0.0,87,86,0,0,86,81,12456,1,0,0,1,5
2020-08-20,US,Illinois,Kane,10516,306,0,41.93842729,-88.42861412,17089.0,1975.195481618248,2.909851654621529,10210,10466,305,0,10161,10384,534216,50,1,0,49,82
2020-08-20,US,Illinois,Kankakee,1960,71,0,41.13746989,-87.86205334,17091.0,1784.0563616173017,3.622448979591837,1889,1935,71,0,1864,1909,110024,25,0,0,25,26
2020-08-20,US,Illinois,Kendall,1535,23,0,41.59081014,-88.42869583,17093.0,1190.0147298240174,1.498371335504886,1512,1518,23,0,1495,1495,127915,17,0,0,17,23
2020-08-20,US,Illinois,Knox,395,2,0,40.93148779,-90.21330340000002,17095.0,794.7846033119379,0.5063291139240507,393,395,2,0,393,384,50112,0,0,0,0,11
2020-08-20,US,Illinois,LaSalle,1031,38,0,41.34426129999999,-88.88633881,17099.0,948.7526341458928,3.685741998060136,993,1008,37,0,971,992,109430,23,1,0,22,16
2020-08-20,US,Illinois,Lake,13668,453,0,42.3224907,-88.00367925,17097.0,1962.2847380246506,3.3143107989464444,13215,13591,452,0,13139,13485,700832,77,1,0,76,106
2020-08-20,US,Illinois,Lawrence,74,0,0,38.71987914,-87.72884035,17101.0,471.998979461666,0.0,74,68,0,0,68,67,15765,6,0,0,6,1
2020-08-20,US,Illinois,Lee,205,1,0,41.74583951,-89.29977132,17103.0,601.2435476302205,0.4878048780487805,204,203,1,0,202,199,34223,2,0,0,2,4
2020-08-20,US,Illinois,Livingston,157,3,0,40.89188292,-88.55784752,17105.0,440.4174147217235,1.9108280254777068,154,152,3,0,149,151,35761,5,0,0,5,1
2020-08-20,US,Illinois,Logan,211,1,0,40.12581572,-89.36638784,17107.0,737.2982039275978,0.4739336492890995,210,208,1,0,207,204,28925,3,0,0,3,4
2020-08-20,US,Illinois,Macon,785,23,0,39.86064913,-88.96342505,17115.0,754.7423780634367,2.929936305732484,762,778,23,0,755,772,104712,7,0,0,7,6
2020-08-20,US,Illinois,Macoupin,274,3,0,39.26119767,-89.92424028,17117.0,609.8918221074656,1.094890510948905,271,260,3,0,257,252,45313,14,0,0,14,8
2020-08-20,US,Illinois,Madison,3366,88,0,38.83042506,-89.90422563,17119.0,1280.0133857608967,2.6143790849673203,3278,3289,87,0,3202,3241,264461,77,1,0,76,48
2020-08-20,US,Illinois,Marion,209,0,0,38.64963204,-88.91899208,17121.0,561.7524526273352,0.0,209,201,0,0,201,196,37620,8,0,0,8,5
2020-08-20,US,Illinois,Marshall,36,0,0,41.0327901,-89.34510444,17123.0,314.74033922014337,0.0,36,36,0,0,36,36,11534,0,0,0,0,0
2020-08-20,US,Illinois,Mason,66,0,0,40.23917274,-89.91824452,17125.0,494.0489557601617,0.0,66,65,0,0,65,64,13565,1,0,0,1,1
2020-08-20,US,Illinois,Massac,47,0,0,37.22078441,-88.71036614,17127.0,341.27214638396754,0.0,47,47,0,0,47,45,14080,0,0,0,0,2
2020-08-20,US,Illinois,McDonough,160,15,0,40.45674722,-90.67775541,17109.0,539.0472340138805,9.375,145,158,15,0,143,157,29955,2,0,0,2,1
2020-08-20,US,Illinois,McHenry,3496,115,0,42.32451172,-88.45248227,17111.0,1135.8984189697635,3.2894736842105265,3381,3471,115,0,3356,3446,308570,25,0,0,25,25
2020-08-20,US,Illinois,McLean,896,16,0,40.48996987,-88.84621113,17113.0,522.3971967793278,1.7857142857142858,880,876,16,0,860,834,172828,20,0,0,20,42
2020-08-20,US,Illinois,Menard,61,0,0,40.02742725,-89.80246001,17129.0,500.1639881928501,0.0,61,61,0,0,61,62,12288,0,0,0,0,-1
2020-08-20,US,Illinois,Mercer,83,4,0,41.20596782,-90.74290052,17131.0,537.6692362505668,4.819277108433735,79,83,4,0,79,82,15601,0,0,0,0,1
2020-08-20,US,Illinois,Monroe,373,13,0,38.27594376,-90.17761038,17133.0,1076.8831018852673,3.4852546916890086,360,367,13,0,354,369,34335,6,0,0,6,-2
2020-08-20,US,Illinois,Montgomery,199,8,0,39.23198845,-89.47809254,17135.0,700.3589779686072,4.0201005025125625,191,196,7,0,189,193,28601,3,1,0,2,3
2020-08-20,US,Illinois,Morgan,422,17,0,39.71654544,-90.20255104,17137.0,1253.7881038683227,4.028436018957346,405,415,15,0,400,405,33976,7,2,0,5,10
2020-08-20,US,Illinois,Moultrie,124,0,0,39.64187451,-88.62099969,17139.0,855.1134404523826,0.0,124,123,0,0,123,115,14717,1,0,0,1,8
2020-08-20,US,Illinois,Ogle,450,5,0,42.04165196,-89.32184679,17141.0,888.572951839346,1.1111111111111112,445,449,5,0,444,439,50923,1,0,0,1,10
2020-08-20,US,Illinois,Out of IL,3,0,0,0.0,0.0,80017.0,0.0,0.0,3,2,0,0,2,1,,1,0,0,1,1
2020-08-20,US,Illinois,Peoria,2050,38,0,40.78702156,-89.76078901,17143.0,1144.107289358686,1.8536585365853657,2012,2015,37,0,1978,1966,180621,35,1,0,34,49
2020-08-20,US,Illinois,Perry,242,5,0,38.08510853,-89.36856219,17145.0,1157.0089883342896,2.066115702479338,237,239,4,0,235,228,21174,3,1,0,2,11
2020-08-20,US,Illinois,Piatt,71,0,0,40.01360584,-88.59319339,17147.0,434.41018110621627,0.0,71,71,0,0,71,70,16396,0,0,0,0,1
2020-08-20,US,Illinois,Pike,41,0,0,39.62265059,-90.8877017,17149.0,263.4792108476319,0.0,41,39,0,0,39,38,15611,2,0,0,2,1
2020-08-20,US,Illinois,Pope,11,0,0,37.41391284,-88.56152109,17151.0,263.3468996887718,0.0,11,11,0,0,11,11,4212,0,0,0,0,0
2020-08-20,US,Illinois,Pulaski,102,1,0,37.22631423,-89.13085001,17153.0,1911.9025304592315,0.9803921568627452,101,102,1,0,101,101,5463,0,0,0,0,1
2020-08-20,US,Illinois,Putnam,13,0,0,41.2013541,-89.2869272,17155.0,226.5202997037812,0.0,13,13,0,0,13,13,5740,0,0,0,0,0
2020-08-20,US,Illinois,Randolph,596,7,0,38.05095369,-89.82512254,17157.0,1875.2753130702915,1.174496644295302,589,570,7,0,563,550,32106,26,0,0,26,20
2020-08-20,US,Illinois,Richland,46,1,0,38.71240969,-88.08475366,17159.0,296.5254947463418,2.1739130434782608,45,46,0,0,46,42,15763,0,1,0,-1,4
2020-08-20,US,Illinois,Rock Island,1944,45,0,41.46613806,-90.57042164,17161.0,1370.1816336455713,2.314814814814815,1899,1933,44,0,1889,1897,143477,11,1,0,10,36
2020-08-20,US,Illinois,Saline,149,2,0,37.75332999,-88.54119706,17165.0,634.2854710314589,1.342281879194631,147,147,2,0,145,145,23906,2,0,0,2,2
2020-08-20,US,Illinois,Sangamon,1544,35,0,39.75836914,-89.65872023,17167.0,793.1289553710858,2.266839378238342,1509,1532,35,0,1497,1487,195348,12,0,0,12,45
2020-08-20,US,Illinois,Schuyler,19,0,0,40.157179799999994,-90.61114163,17169.0,280.73286052009456,0.0,19,19,0,0,19,19,6907,0,0,0,0,0
2020-08-20,US,Illinois,Scott,36,0,0,39.642916899999996,-90.47814431,17171.0,727.1258331650173,0.0,36,36,0,0,36,35,4926,0,0,0,0,1
2020-08-20,US,Illinois,Shelby,123,2,0,39.39133527,-88.80611122,17173.0,568.5495054081538,1.6260162601626016,121,119,2,0,117,112,21741,4,0,0,4,7
2020-08-20,US,Illinois,St. Clair,4664,166,0,38.46996033,-89.93063427,17163.0,1796.015187572684,3.55917667238422,4498,4626,165,0,4461,4551,261059,38,1,0,37,75
2020-08-20,US,Illinois,Stark,9,0,0,41.09309773,-89.79745866,17175.0,168.4762261325346,0.0,9,7,0,0,7,7,5427,2,0,0,2,0
2020-08-20,US,Illinois,Stephenson,355,6,0,42.35129217,-89.662598,17177.0,797.7886646590857,1.6901408450704225,349,353,6,0,347,351,44753,2,0,0,2,2
2020-08-20,US,Illinois,Tazewell,852,9,0,40.50716185,-89.51404662,17179.0,646.4192772546908,1.056338028169014,843,806,9,0,797,765,132328,46,0,0,46,41
2020-08-20,US,Illinois,Unassigned,1384,211,0,0.0,0.0,90017.0,0.0,15.245664739884393,1173,1388,211,0,1177,1370,,-4,0,0,-4,18
2020-08-20,US,Illinois,Union,382,23,0,37.47119609,-89.25548938,17181.0,2293.8809824055725,6.020942408376963,359,375,23,0,352,368,16841,7,0,0,7,7
2020-08-20,US,Illinois,Vermilion,276,2,0,40.18417171,-87.73384359,17183.0,364.31795981942497,0.7246376811594203,274,274,2,0,272,273,76806,2,0,0,2,1
2020-08-20,US,Illinois,Wabash,80,1,0,38.44272901,-87.84922065,17185.0,694.4444444444445,1.25,79,80,1,0,79,70,11549,0,0,0,0,10
2020-08-20,US,Illinois,Warren,213,0,0,40.84925021,-90.6147432,17187.0,1264.5452386606507,0.0,213,210,0,0,210,209,17032,3,0,0,3,1
2020-08-20,US,Illinois,Washington,80,1,0,38.35309213,-89.40982703,17189.0,576.0783466551451,1.25,79,78,1,0,77,76,13995,2,0,0,2,2
2020-08-20,US,Illinois,Wayne,82,2,0,38.42955355,-88.42586459,17191.0,505.70459451125504,2.4390243902439024,80,80,2,0,78,77,16332,2,0,0,2,3
2020-08-20,US,Illinois,White,101,0,0,38.08706198,-88.17657461,17193.0,746.1032725123735,0.0,101,98,0,0,98,95,13665,3,0,0,3,3
2020-08-20,US,Illinois,Whiteside,418,18,0,41.75509713,-89.91556058,17195.0,757.5894879927504,4.30622009569378,400,416,17,0,399,406,55626,2,1,0,1,10
2020-08-20,US,Illinois,Will,10357,353,0,41.44619267,-87.97862712,17197.0,1499.3999215337685,3.408322873418944,10004,10239,353,0,9886,10102,692310,118,0,0,118,137
2020-08-20,US,Illinois,Williamson,637,8,0,37.73033511,-88.92994027,17199.0,956.4995420214124,1.2558869701726845,629,620,7,0,613,568,67056,17,1,0,16,52
2020-08-20,US,Illinois,Winnebago,3981,136,0,42.33641854,-89.16085327,17201.0,1408.8444714975299,3.4162270786234616,3845,3966,135,0,3831,3901,284081,15,1,0,14,65
2020-08-20,US,Illinois,Woodford,214,3,0,40.78579374,-89.20973757,17203.0,556.4367248238384,1.4018691588785046,211,205,3,0,202,200,38463,9,0,0,9,5
2020-08-20,US,Indiana,Adams,148,2,0,40.7457653,-84.93671406,18001.0,413.6735891774045,1.351351351351351,146,142,2,0,140,141,35636,6,0,0,6,1
2020-08-20,US,Indiana,Allen,4421,171,0,41.09194313,-85.06800636,18003.0,1165.5712248120876,3.8679031893236826,4250,4370,171,0,4199,4350,375351,51,0,0,51,20
2020-08-20,US,Indiana,Bartholomew,950,49,0,39.20744865,-85.89558181,18005.0,1133.935711813223,5.157894736842105,901,941,49,0,892,936,82753,9,0,0,9,5
2020-08-20,US,Indiana,Benton,72,0,0,40.60626947,-87.31093999,18007.0,823.0452674897119,0.0,72,72,0,0,72,72,8653,0,0,0,0,0
2020-08-20,US,Indiana,Blackford,68,2,0,40.47388153,-85.32499702,18009.0,578.3296478993026,2.9411764705882355,66,67,2,0,65,67,11930,1,0,0,1,0
2020-08-20,US,Indiana,Boone,757,46,0,40.0509304,-86.46841646,18011.0,1115.8115059770353,6.07661822985469,711,751,46,0,705,748,66999,6,0,0,6,3
2020-08-20,US,Indiana,Brown,81,2,0,39.19605589,-86.22868909,18013.0,536.7081897694143,2.469135802469136,79,81,2,0,79,80,15234,0,0,0,0,1
2020-08-20,US,Indiana,Carroll,239,9,0,40.580783200000006,-86.56198812,18015.0,1179.8390679765018,3.7656903765690375,230,234,7,0,227,233,20127,5,2,0,3,1
2020-08-20,US,Indiana,Cass,1828,9,0,40.76135835,-86.34830753,18017.0,4850.2215500543925,0.4923413566739606,1819,1819,9,0,1810,1818,37955,9,0,0,9,1
2020-08-20,US,Indiana,Clark,1497,50,0,38.48015445,-85.70510334,18019.0,1265.405487650251,3.3400133600534403,1447,1461,50,0,1411,1458,117360,36,0,0,36,3
2020-08-20,US,Indiana,Clay,188,5,0,39.39561833,-87.11723506,18021.0,716.8732125834127,2.6595744680851063,183,187,5,0,182,187,26170,1,0,0,1,0
2020-08-20,US,Indiana,Clinton,485,6,0,40.30319754,-86.47277257,18023.0,1496.9597827093426,1.2371134020618555,479,480,6,0,474,479,32250,5,0,0,5,1
2020-08-20,US,Indiana,Crawford,54,0,0,38.28814402,-86.44518825,18025.0,510.54174151460717,0.0,54,52,0,0,52,52,10558,2,0,0,2,0
2020-08-20,US,Indiana,Daviess,360,22,0,38.70186039,-87.07185406,18027.0,1079.4279032112981,6.111111111111112,338,346,22,0,324,332,33147,14,0,0,14,14
2020-08-20,US,Indiana,DeKalb,267,4,0,41.39804622,-84.99906934,18033.0,614.1460609545716,1.49812734082397,263,260,4,0,256,256,43226,7,0,0,7,4
2020-08-20,US,Indiana,Dearborn,544,28,0,39.14647946,-84.97333539,18029.0,1099.9231671317077,5.147058823529412,516,541,28,0,513,539,49568,3,0,0,3,2
2020-08-20,US,Indiana,Decatur,361,32,0,39.30712658,-85.50087166,18031.0,1359.237923114575,8.86426592797784,329,360,32,0,328,359,26794,1,0,0,1,1
2020-08-20,US,Indiana,Delaware,831,53,0,40.22787247,-85.39732772,18035.0,728.0851623077934,6.377858002406738,778,825,53,0,772,813,114772,6,0,0,6,12
2020-08-20,US,Indiana,Dubois,772,16,0,38.36597551,-86.87924170000002,18037.0,1806.439535754399,2.0725388601036268,756,767,14,0,753,758,42565,5,2,0,3,9
2020-08-20,US,Indiana,Elkhart,5238,93,0,41.59761169,-85.85875695,18039.0,2538.5163394575,1.7754868270332187,5145,5209,93,0,5116,5190,205560,29,0,0,29,19
2020-08-20,US,Indiana,Fayette,252,8,0,39.63684962,-85.17797541,18041.0,1090.814648082417,3.1746031746031744,244,241,8,0,233,235,23047,11,0,0,11,6
2020-08-20,US,Indiana,Floyd,937,54,0,38.32117957,-85.90385377,18043.0,1193.296146302947,5.763073639274279,883,925,54,0,871,920,77781,12,0,0,12,5
2020-08-20,US,Indiana,Fountain,81,2,0,40.12361933,-87.24217689,18045.0,495.5340756148293,2.469135802469136,79,77,2,0,75,76,16351,4,0,0,4,1
2020-08-20,US,Indiana,Franklin,256,22,0,39.4142482,-85.06062647,18047.0,1124.8791633711223,8.59375,234,254,22,0,232,253,22736,2,0,0,2,1
2020-08-20,US,Indiana,Fulton,186,2,0,41.0469907,-86.26252745,18049.0,931.2105737458696,1.075268817204301,184,184,2,0,182,184,20092,2,0,0,2,0
2020-08-20,US,Indiana,Gibson,268,4,0,38.30393723,-87.58054938,18051.0,796.220921596007,1.492537313432836,264,260,4,0,256,254,33452,8,0,0,8,6
2020-08-20,US,Indiana,Grant,554,30,0,40.51587228,-85.65468702,18053.0,842.3421368729947,5.415162454873647,524,545,30,0,515,545,65936,9,0,0,9,0
2020-08-20,US,Indiana,Greene,302,35,0,39.03630547,-86.96223202,18055.0,946.0560115280997,11.589403973509931,267,291,35,0,256,275,32006,11,0,0,11,16
2020-08-20,US,Indiana,Hamilton,3308,106,0,40.07306535,-86.05244729,18057.0,978.6663747629517,3.2043530834340985,3202,3265,106,0,3159,3231,330086,43,0,0,43,34
2020-08-20,US,Indiana,Hancock,735,41,0,39.82304555,-85.77566351,18059.0,940.2824685293216,5.578231292517007,694,729,41,0,688,723,76351,6,0,0,6,6
2020-08-20,US,Indiana,Harrison,404,24,0,38.19467379,-86.10948271,18061.0,997.1615451067506,5.9405940594059405,380,400,24,0,376,395,40350,4,0,0,4,5
2020-08-20,US,Indiana,Hendricks,2071,110,0,39.76719009,-86.51037283,18063.0,1216.0107098190954,5.311443746982135,1961,2045,109,0,1936,2038,167009,26,1,0,25,7
2020-08-20,US,Indiana,Henry,523,21,0,39.93029017,-85.39625719,18065.0,1090.21929458851,4.0152963671128115,502,516,21,0,495,515,48271,7,0,0,7,1
2020-08-20,US,Indiana,Howard,998,61,0,40.48527731,-86.11351892,18067.0,1209.0521418879628,6.112224448897796,937,990,61,0,929,988,82366,8,0,0,8,2
2020-08-20,US,Indiana,Huntington,140,3,0,40.82907273,-85.48822092,18069.0,383.3515881708652,2.142857142857143,137,137,3,0,134,137,36240,3,0,0,3,0
2020-08-20,US,Indiana,Jackson,642,7,0,38.90915820000001,-86.03851889,18071.0,1451.4706879790192,1.0903426791277258,635,633,7,0,626,632,44111,9,0,0,9,1
2020-08-20,US,Indiana,Jasper,283,2,0,41.02078733,-87.11553319,18073.0,843.2155413860913,0.7067137809187279,281,276,2,0,274,276,33370,7,0,0,7,0
2020-08-20,US,Indiana,Jay,108,0,0,40.43781032,-85.00576229,18075.0,528.479154433353,0.0,108,104,0,0,104,104,20764,4,0,0,4,0
2020-08-20,US,Indiana,Jefferson,191,2,0,38.78576239,-85.43633383,18077.0,591.1848458586109,1.0471204188481675,189,189,2,0,187,187,32208,2,0,0,2,2
2020-08-20,US,Indiana,Jennings,240,12,0,38.99588883,-85.62710784,18079.0,865.3326122228232,5.0,228,238,12,0,226,238,27611,2,0,0,2,0
2020-08-20,US,Indiana,Johnson,1885,120,0,39.48994426,-86.10149107,18081.0,1191.7783102669964,6.366047745358091,1765,1872,120,0,1752,1862,156225,13,0,0,13,10
2020-08-20,US,Indiana,Knox,250,3,0,38.68861576,-87.4194665,18083.0,683.1721047166203,1.2,247,211,3,0,208,205,36895,39,0,0,39,6
2020-08-20,US,Indiana,Kosciusko,899,12,0,41.24521668,-85.86312322,18085.0,1131.4438179621425,1.3348164627363737,887,890,12,0,878,888,79344,9,0,0,9,2
2020-08-20,US,Indiana,LaGrange,575,10,0,41.64232188,-85.42674232,18087.0,1451.5070429646084,1.7391304347826086,565,575,10,0,565,575,39330,0,0,0,0,0
2020-08-20,US,Indiana,LaPorte,1042,30,0,41.54366008,-86.74072188,18091.0,948.2382061735583,2.8790786948176583,1012,1016,30,0,986,1011,110007,26,0,0,26,5
2020-08-20,US,Indiana,Lake,8355,288,0,41.41874274,-87.38277575,18089.0,1720.931094784065,3.4470377019748653,8067,8298,287,0,8011,8256,484411,57,1,0,56,42
2020-08-20,US,Indiana,Lawrence,373,27,0,38.84112637,-86.48361629,18093.0,822.1291602380428,7.238605898123325,346,372,27,0,345,370,45668,1,0,0,1,2
2020-08-20,US,Indiana,Madison,1146,67,0,40.16143691,-85.71964711,18095.0,884.4708224961219,5.846422338568934,1079,1137,67,0,1070,1124,129641,9,0,0,9,13
2020-08-20,US,Indiana,Marion,17068,742,0,39.78163624,-86.13826325,18097.0,1769.471128426614,4.347316615889383,16326,16944,740,0,16204,16869,954670,124,2,0,122,75
2020-08-20,US,Indiana,Marshall,827,23,0,41.32467367,-86.26185087,18099.0,1787.798867222967,2.7811366384522365,804,821,23,0,798,814,46248,6,0,0,6,7
2020-08-20,US,Indiana,Martin,61,0,0,38.7099921,-86.80373186,18101.0,594.8317893710386,0.0,61,56,0,0,56,55,10217,5,0,0,5,1
2020-08-20,US,Indiana,Miami,291,2,0,40.76940965,-86.04525048,18103.0,819.3490257911927,0.6872852233676976,289,289,2,0,287,288,35567,2,0,0,2,1
2020-08-20,US,Indiana,Monroe,822,35,0,39.16130004,-86.52414358,18105.0,553.7926713422398,4.257907542579075,787,809,34,0,775,808,146917,13,1,0,12,1
2020-08-20,US,Indiana,Montgomery,376,21,0,40.04034823,-86.89335024,18107.0,980.7501695445771,5.585106382978723,355,372,21,0,351,370,38346,4,0,0,4,2
2020-08-20,US,Indiana,Morgan,527,35,0,39.47899078,-86.44573375,18109.0,747.6343826696364,6.6413662239089195,492,521,35,0,486,520,70116,6,0,0,6,1
2020-08-20,US,Indiana,Newton,123,10,0,40.95610449,-87.39635768,18111.0,879.5766590389019,8.130081300813009,113,123,10,0,113,123,14011,0,0,0,0,0
2020-08-20,US,Indiana,Noble,749,30,0,41.39672484,-85.41966713,18113.0,1568.7835120643426,4.005340453938585,719,745,29,0,716,745,47532,4,1,0,3,0
2020-08-20,US,Indiana,Ohio,68,7,0,38.955304999999996,-84.96515993,18115.0,1157.4468085106382,10.294117647058824,61,68,7,0,61,68,5844,0,0,0,0,0
2020-08-20,US,Indiana,Orange,198,24,0,38.54118920000001,-86.49523093,18117.0,1007.838745800672,12.12121212121212,174,196,24,0,172,195,19489,2,0,0,2,1
2020-08-20,US,Indiana,Owen,123,1,0,39.31145587,-86.83900724,18119.0,591.3745853166017,0.8130081300813008,122,118,1,0,117,117,20845,5,0,0,5,1
2020-08-20,US,Indiana,Parke,71,1,0,39.77202286,-87.20375833,18121.0,419.2005668064002,1.4084507042253518,70,66,1,0,65,65,16927,5,0,0,5,1
2020-08-20,US,Indiana,Perry,196,13,0,38.07809328,-86.63741946,18123.0,1022.4842193124316,6.632653061224491,183,195,13,0,182,195,19102,1,0,0,1,0
2020-08-20,US,Indiana,Pike,77,0,0,38.40112197,-87.23574907,18125.0,621.5190895148922,0.0,77,77,0,0,77,76,12410,0,0,0,0,1
2020-08-20,US,Indiana,Porter,1505,39,0,41.45986947,-87.06848888,18127.0,883.2729812370517,2.5913621262458477,1466,1487,39,0,1448,1481,169594,18,0,0,18,6
2020-08-20,US,Indiana,Posey,192,0,0,38.02097333,-87.86480429,18129.0,755.1028434341447,0.0,192,192,0,0,192,191,25540,0,0,0,0,1
2020-08-20,US,Indiana,Pulaski,90,1,0,41.04166107,-86.69890683,18131.0,728.5679592001942,1.1111111111111112,89,88,1,0,87,87,12469,2,0,0,2,1
2020-08-20,US,Indiana,Putnam,386,8,0,39.66437981,-86.84517605,18133.0,1027.2514370875026,2.0725388601036268,378,375,8,0,367,364,37779,11,0,0,11,11
2020-08-20,US,Indiana,Randolph,140,6,0,40.15734772,-85.01139319,18135.0,567.6059193188729,4.285714285714286,134,139,6,0,133,139,24851,1,0,0,1,0
2020-08-20,US,Indiana,Ripley,229,8,0,39.10235626,-85.26212744,18137.0,808.5016240643978,3.4934497816593884,221,227,8,0,219,227,28523,2,0,0,2,0
2020-08-20,US,Indiana,Rush,120,4,0,39.62002287,-85.4655599,18139.0,723.7199203908087,3.333333333333333,116,116,4,0,112,105,16663,4,0,0,4,11
2020-08-20,US,Indiana,Scott,294,10,0,38.68672078,-85.74627859,18143.0,1231.5167762744522,3.4013605442176873,284,293,10,0,283,291,23878,1,0,0,1,2
2020-08-20,US,Indiana,Shelby,596,28,0,39.52305623,-85.79158570000001,18145.0,1332.4688680721679,4.697986577181208,568,589,28,0,561,587,44593,7,0,0,7,2
2020-08-20,US,Indiana,Spencer,143,3,0,38.01519732,-87.0079644,18147.0,705.2325294668836,2.097902097902098,140,142,3,0,139,141,20327,1,0,0,1,1
2020-08-20,US,Indiana,St. Joseph,4041,87,0,41.61756781,-86.29040834,18141.0,1486.6127596330005,2.1529324424647363,3954,3971,87,0,3884,3938,270771,70,0,0,70,33
2020-08-20,US,Indiana,Starke,185,7,0,41.27890281,-86.64686895,18149.0,804.5227223309415,3.783783783783784,178,184,7,0,177,184,22935,1,0,0,1,0
2020-08-20,US,Indiana,Steuben,231,3,0,41.64423868,-85.00101094,18151.0,667.7458518818293,1.2987012987012987,228,228,3,0,225,226,34586,3,0,0,3,2
2020-08-20,US,Indiana,Sullivan,222,2,0,39.08952258,-87.41414469,18153.0,1074.0722821616914,0.9009009009009008,220,204,1,0,203,203,20690,18,1,0,17,1
2020-08-20,US,Indiana,Switzerland,62,0,0,38.82767338,-85.03022429,18155.0,576.6905404148451,0.0,62,62,0,0,62,61,10717,0,0,0,0,1
2020-08-20,US,Indiana,Tippecanoe,1383,12,0,40.38872739,-86.89413959,18157.0,706.5783826865303,0.8676789587852495,1371,1369,12,0,1357,1363,193048,14,0,0,14,6
2020-08-20,US,Indiana,Tipton,167,18,0,40.31123252,-86.05234925,18159.0,1102.4557697385794,10.778443113772457,149,166,18,0,148,166,15128,1,0,0,1,0
2020-08-20,US,Indiana,Unassigned,0,212,0,0.0,0.0,90018.0,0.0,0.0,-212,0,212,0,-212,0,,0,0,0,0,0
2020-08-20,US,Indiana,Union,48,0,0,39.62550777,-84.92497066,18161.0,680.4649844060108,0.0,48,48,0,0,48,47,7037,0,0,0,0,1
2020-08-20,US,Indiana,Vanderburgh,2252,17,0,38.02658833,-87.58763124,18163.0,1241.1064144038887,0.7548845470692718,2235,2240,17,0,2223,2222,180974,12,0,0,12,18
2020-08-20,US,Indiana,Vermillion,69,0,0,39.8523352,-87.46160542,18165.0,445.2187379016647,0.0,69,68,0,0,68,67,15479,1,0,0,1,1
2020-08-20,US,Indiana,Vigo,929,14,0,39.42944561,-87.39169027,18167.0,867.916067191091,1.5069967707212055,915,900,14,0,886,883,107386,29,0,0,29,17
2020-08-20,US,Indiana,Wabash,190,5,0,40.84704239,-85.79328272,18169.0,612.9823202993935,2.631578947368421,185,186,5,0,181,185,31280,4,0,0,4,1
2020-08-20,US,Indiana,Warren,31,1,0,40.34728141,-87.35602659,18171.0,375.0756200846945,3.2258064516129035,30,29,1,0,28,28,8263,2,0,0,2,1
2020-08-20,US,Indiana,Warrick,653,30,0,38.08922676,-87.2716085,18173.0,1036.540842566431,4.59418070444104,623,644,30,0,614,638,62567,9,0,0,9,6
2020-08-20,US,Indiana,Washington,167,1,0,38.60219804,-86.1049363,18175.0,595.6627193608217,0.5988023952095808,166,163,1,0,162,162,27943,4,0,0,4,1
2020-08-20,US,Indiana,Wayne,449,10,0,39.863344399999995,-85.01044989,18177.0,681.5008196223666,2.2271714922049,439,438,10,0,428,436,65936,11,0,0,11,2
2020-08-20,US,Indiana,Wells,185,2,0,40.72934187,-85.22132966,18179.0,653.8026576194516,1.0810810810810811,183,183,2,0,181,183,28206,2,0,0,2,0
2020-08-20,US,Indiana,White,399,11,0,40.74911165,-86.86492015,18181.0,1655.4642768235,2.7568922305764407,388,398,11,0,387,398,24133,1,0,0,1,0
2020-08-20,US,Indiana,Whitley,177,6,0,41.13863784,-85.50791236,18183.0,521.1400306206572,3.3898305084745757,171,172,6,0,166,171,34074,5,0,0,5,1
2020-08-20,US,Iowa,Adair,42,1,0,41.33075609,-94.47105874,19001.0,587.248322147651,2.380952380952381,41,42,1,0,41,42,7063,0,0,0,0,0
2020-08-20,US,Iowa,Adams,20,0,0,41.02903567,-94.69932645,19003.0,555.247084952804,0.0,20,18,0,0,18,17,3645,2,0,0,2,1
2020-08-20,US,Iowa,Allamakee,164,4,0,43.28383218,-91.37860922,19005.0,1198.2172864762185,2.4390243902439024,160,163,4,0,159,164,13832,1,0,0,1,-1
2020-08-20,US,Iowa,Appanoose,62,3,0,40.74324454,-92.86865906,19007.0,498.95380653468527,4.838709677419356,59,59,3,0,56,59,12437,3,0,0,3,0
2020-08-20,US,Iowa,Audubon,30,1,0,41.6844628,-94.90581859,19009.0,545.8515283842795,3.333333333333333,29,30,1,0,29,30,5506,0,0,0,0,0
2020-08-20,US,Iowa,Benton,181,1,0,42.08011739,-92.06463573,19011.0,705.7906024566192,0.5524861878453039,180,179,1,0,178,177,25642,2,0,0,2,2
2020-08-20,US,Iowa,Black Hawk,3433,67,0,42.4704581,-92.30524729,19013.0,2616.0575486938765,1.951645790853481,3366,3396,67,0,3329,3343,132408,37,0,0,37,53
2020-08-20,US,Iowa,Boone,302,3,0,42.03657094,-93.9313999,19015.0,1151.1778607913395,0.9933774834437086,299,298,3,0,295,296,26346,4,0,0,4,2
2020-08-20,US,Iowa,Bremer,257,7,0,42.77461496,-92.31795937,19017.0,1025.4568669699147,2.723735408560312,250,250,7,0,243,248,24947,7,0,0,7,2
2020-08-20,US,Iowa,Buchanan,157,1,0,42.4709188,-91.83510825,19019.0,741.4403778040141,0.6369426751592356,156,154,1,0,153,151,21199,3,0,0,3,3
2020-08-20,US,Iowa,Buena Vista,1809,12,0,42.73545875,-95.15100162,19021.0,9220.183486238531,0.6633499170812603,1797,1808,12,0,1796,1808,19874,1,0,0,1,0
2020-08-20,US,Iowa,Butler,149,2,0,42.73172833,-92.79015971,19023.0,1031.9274187963156,1.342281879194631,147,146,2,0,144,142,14539,3,0,0,3,4
2020-08-20,US,Iowa,Calhoun,97,2,0,42.38521079,-94.64046046,19025.0,1003.30988829127,2.061855670103093,95,92,2,0,90,99,9699,5,0,0,5,-7
2020-08-20,US,Iowa,Carroll,269,2,0,42.03617207,-94.86032705,19027.0,1333.9945450037194,0.7434944237918215,267,246,2,0,244,224,20154,23,0,0,23,22
2020-08-20,US,Iowa,Cass,102,2,0,41.33149454,-94.92792482,19029.0,794.6400747896541,1.96078431372549,100,97,2,0,95,96,12930,5,0,0,5,1
2020-08-20,US,Iowa,Cedar,142,1,0,41.77233777,-91.13246684,19031.0,762.3342459870081,0.7042253521126759,141,140,1,0,139,139,18627,2,0,0,2,1
2020-08-20,US,Iowa,Cerro Gordo,691,20,0,43.08177563,-93.2612239,19033.0,1627.7974087161367,2.894356005788712,671,673,20,0,653,695,42647,18,0,0,18,-22
2020-08-20,US,Iowa,Cherokee,123,1,0,42.73538914,-95.62389402,19035.0,1094.7930574098798,0.8130081300813008,122,122,1,0,121,115,11321,1,0,0,1,7
2020-08-20,US,Iowa,Chickasaw,79,0,0,43.06001295,-92.31773347,19037.0,662.0296656331183,0.0,79,76,0,0,76,70,11964,3,0,0,3,6
2020-08-20,US,Iowa,Clarke,216,3,0,41.02868181,-93.78499767,19039.0,2299.095263437999,1.3888888888888888,213,212,3,0,209,213,9423,4,0,0,4,-1
2020-08-20,US,Iowa,Clay,226,1,0,43.08247182,-95.15096481,19041.0,1411.0889110889111,0.4424778761061947,225,223,1,0,222,218,16134,3,0,0,3,5
2020-08-20,US,Iowa,Clayton,139,3,0,42.84443388,-91.34133693,19043.0,792.0679240982392,2.1582733812949644,136,132,3,0,129,125,17556,7,0,0,7,7
2020-08-20,US,Iowa,Clinton,600,5,0,41.89981633,-90.53275096,19045.0,1292.2957634237225,0.8333333333333334,595,564,5,0,559,543,46518,36,0,0,36,21
2020-08-20,US,Iowa,Crawford,769,3,0,42.03718237,-95.3819718,19047.0,4571.938168846611,0.3901170351105331,766,765,3,0,762,756,17158,4,0,0,4,9
2020-08-20,US,Iowa,Dallas,2056,35,0,41.68560356,-94.04127625,19049.0,2200.036381924604,1.7023346303501945,2021,2018,35,0,1983,2002,90180,38,0,0,38,16
2020-08-20,US,Iowa,Davis,72,2,0,40.74773536,-92.41005468,19051.0,800.0,2.7777777777777777,70,72,2,0,70,72,9017,0,0,0,0,0
2020-08-20,US,Iowa,Decatur,32,0,0,40.73742757,-93.78645949,19053.0,406.6073697585769,0.0,32,31,0,0,31,31,7890,1,0,0,1,0
2020-08-20,US,Iowa,Delaware,151,2,0,42.47104597,-91.3664492,19055.0,887.66092528364,1.3245033112582782,149,147,2,0,145,145,17069,4,0,0,4,2
2020-08-20,US,Iowa,Des Moines,368,2,0,40.92012606,-91.18326592,19057.0,944.3888418405318,0.5434782608695652,366,327,2,0,325,289,39138,41,0,0,41,38
2020-08-20,US,Iowa,Dickinson,393,5,0,43.37787725,-95.1510206,19059.0,2277.2047745972877,1.272264631043257,388,392,5,0,387,393,17153,1,0,0,1,-1
2020-08-20,US,Iowa,Dubuque,1868,34,0,42.46815349,-90.88181925,19061.0,1919.6185426108045,1.820128479657388,1834,1849,34,0,1815,1823,96854,19,0,0,19,26
2020-08-20,US,Iowa,Emmet,209,6,0,43.37782951,-94.67858943,19063.0,2269.765421372719,2.8708133971291865,203,206,6,0,200,200,9253,3,0,0,3,6
2020-08-20,US,Iowa,Fayette,114,0,0,42.86271799,-91.84412309999999,19065.0,580.1526717557252,0.0,114,114,0,0,114,106,19660,0,0,0,0,8
2020-08-20,US,Iowa,Floyd,179,3,0,43.06000529999999,-92.78940097,19067.0,1144.3549418232965,1.675977653631285,176,172,3,0,169,185,15761,7,0,0,7,-13
2020-08-20,US,Iowa,Franklin,268,16,0,42.73270384,-93.26256925,19069.0,2661.3704071499506,5.970149253731344,252,267,16,0,251,271,10124,1,0,0,1,-4
2020-08-20,US,Iowa,Fremont,50,0,0,40.74542720000001,-95.60129045,19071.0,718.3908045977013,0.0,50,48,0,0,48,46,6993,2,0,0,2,2
2020-08-20,US,Iowa,Greene,43,0,0,42.03614551,-94.39658081,19073.0,483.79837983798376,0.0,43,43,0,0,43,42,8981,0,0,0,0,1
2020-08-20,US,Iowa,Grundy,104,1,0,42.40183723,-92.78829551,19075.0,850.2289077828647,0.9615384615384616,103,98,1,0,97,95,12304,6,0,0,6,3
2020-08-20,US,Iowa,Guthrie,155,5,0,41.68378965,-94.50111014,19077.0,1450.088876415006,3.2258064516129035,150,150,5,0,145,149,10720,5,0,0,5,1
2020-08-20,US,Iowa,Hamilton,242,2,0,42.38382428,-93.70197703,19079.0,1638.1236038719285,0.8264462809917356,240,239,1,0,238,263,14952,3,1,0,2,-24
2020-08-20,US,Iowa,Hancock,129,2,0,43.08178477,-93.73454884,19081.0,1213.546566321731,1.5503875968992251,127,126,2,0,124,129,10712,3,0,0,3,-3
2020-08-20,US,Iowa,Hardin,205,1,0,42.38353877,-93.23654611,19083.0,1216.9060904665794,0.4878048780487805,204,197,1,0,196,194,16868,8,0,0,8,3
2020-08-20,US,Iowa,Harrison,129,1,0,41.68330137,-95.81558439,19085.0,918.2148195601112,0.7751937984496124,128,125,1,0,124,119,14134,4,0,0,4,6
2020-08-20,US,Iowa,Henry,190,4,0,40.98767962,-91.54436349,19087.0,952.190037085296,2.1052631578947367,186,178,4,0,174,171,20067,12,0,0,12,7
2020-08-20,US,Iowa,Howard,78,0,0,43.35671042,-92.31702714,19089.0,851.7143481109413,0.0,78,71,0,0,71,67,9187,7,0,0,7,4
2020-08-20,US,Iowa,Humboldt,96,2,0,42.7764426,-94.20722537,19091.0,1004.3942247332076,2.083333333333333,94,96,2,0,94,134,9547,0,0,0,0,-38
2020-08-20,US,Iowa,Ida,35,0,0,42.38696136,-95.51355387,19093.0,510.20408163265313,0.0,35,34,0,0,34,34,6841,1,0,0,1,0
2020-08-20,US,Iowa,Iowa,103,1,0,41.68630265,-92.0643373,19095.0,636.4310430054375,0.9708737864077671,102,101,1,0,100,100,16141,2,0,0,2,1
2020-08-20,US,Iowa,Jackson,174,1,0,42.17178824,-90.57354837,19097.0,895.1077730335923,0.5747126436781609,173,174,1,0,173,171,19432,0,0,0,0,3
2020-08-20,US,Iowa,Jasper,510,29,0,41.68576082,-93.05567785,19099.0,1371.5207745058492,5.686274509803924,481,507,29,0,478,503,37147,3,0,0,3,4
2020-08-20,US,Iowa,Jefferson,98,0,0,41.03192394,-91.94849466,19101.0,535.6654823722329,0.0,98,95,0,0,95,95,18381,3,0,0,3,0
2020-08-20,US,Iowa,Johnson,2311,24,0,41.67169354,-91.58754744,19103.0,1529.045917692206,1.0385114668974469,2287,2279,22,0,2257,2255,151260,32,2,0,30,24
2020-08-20,US,Iowa,Jones,146,2,0,42.12118609,-91.13139641,19105.0,705.9619941008656,1.3698630136986298,144,141,2,0,139,140,20744,5,0,0,5,1
2020-08-20,US,Iowa,Keokuk,47,1,0,41.33649833,-92.1785067,19107.0,458.7155963302752,2.127659574468085,46,46,1,0,45,44,10225,1,0,0,1,2
2020-08-20,US,Iowa,Kossuth,109,0,0,43.20405458,-94.20691791,19109.0,735.8401404172013,0.0,109,106,0,0,106,107,14908,3,0,0,3,-1
2020-08-20,US,Iowa,Lee,210,5,0,40.64181461,-91.48183025,19111.0,623.9415277653981,2.380952380952381,205,189,5,0,184,169,34055,21,0,0,21,20
2020-08-20,US,Iowa,Linn,2667,89,0,42.07923082,-91.59809485,19113.0,1176.4135047153584,3.33708286464192,2578,2623,90,0,2533,2596,225909,44,-1,0,45,27
2020-08-20,US,Iowa,Louisa,381,14,0,41.21842119,-91.26102611,19115.0,3452.650657000453,3.674540682414698,367,379,14,0,365,378,11169,2,0,0,2,1
2020-08-20,US,Iowa,Lucas,79,4,0,41.02958964,-93.32780803,19117.0,918.6046511627907,5.063291139240507,75,78,4,0,74,78,8645,1,0,0,1,0
2020-08-20,US,Iowa,Lyon,132,2,0,43.38107862,-96.20926845,19119.0,1122.9264142917907,1.5151515151515151,130,132,2,0,130,130,11811,0,0,0,0,2
2020-08-20,US,Iowa,Madison,144,2,0,41.33081904,-94.01554631,19121.0,881.3808299669482,1.3888888888888888,142,141,2,0,139,140,16249,3,0,0,3,1
2020-08-20,US,Iowa,Mahaska,153,17,0,41.33521503,-92.64083907,19123.0,692.4643584521385,11.111111111111109,136,150,17,0,133,150,22000,3,0,0,3,0
2020-08-20,US,Iowa,Marion,247,0,0,41.33445101,-93.09934783,19125.0,742.7901241993204,0.0,247,222,0,0,222,217,33407,25,0,0,25,5
2020-08-20,US,Iowa,Marshall,1545,28,0,42.03586837,-92.99908190000001,19127.0,3924.4075287662877,1.812297734627832,1517,1528,28,0,1500,1522,39981,17,0,0,17,6
2020-08-20,US,Iowa,Mills,111,1,0,41.03299766,-95.61920963,19129.0,734.6614600569197,0.9009009009009008,110,104,1,0,103,101,15063,7,0,0,7,3
2020-08-20,US,Iowa,Mitchell,86,0,0,43.35638371,-92.78887719,19131.0,812.3937275647081,0.0,86,85,0,0,85,85,10569,1,0,0,1,0
2020-08-20,US,Iowa,Monona,97,1,0,42.05220391,-95.95743843,19133.0,1125.943122460824,1.0309278350515465,96,95,1,0,94,93,8679,2,0,0,2,2
2020-08-20,US,Iowa,Monroe,87,8,0,41.02988815,-92.8690667,19135.0,1128.8439081354613,9.195402298850574,79,82,8,0,74,81,7790,5,0,0,5,1
2020-08-20,US,Iowa,Montgomery,66,4,0,41.03018714,-95.15642896,19137.0,665.5238479378844,6.0606060606060606,62,66,4,0,62,65,10003,0,0,0,0,1
2020-08-20,US,Iowa,Muscatine,916,48,0,41.48370744,-91.11216970000001,19139.0,2147.0091880742552,5.240174672489083,868,902,48,0,854,901,42929,14,0,0,14,1
2020-08-20,US,Iowa,O'Brien,158,7,0,43.08310673,-95.62474482,19141.0,1148.8402530357014,4.4303797468354436,151,155,6,0,149,151,13840,3,1,0,2,4
2020-08-20,US,Iowa,Osceola,90,0,0,43.37824276,-95.62422844,19143.0,1510.5740181268882,0.0,90,90,0,0,90,90,6040,0,0,0,0,0
2020-08-20,US,Iowa,Page,105,0,0,40.7393172,-95.1497813,19145.0,695.0420334944066,0.0,105,104,0,0,104,104,15249,1,0,0,1,0
2020-08-20,US,Iowa,Palo Alto,102,0,0,43.08193849,-94.67824621,19147.0,1147.8730587440918,0.0,102,101,0,0,101,104,8929,1,0,0,1,-3
2020-08-20,US,Iowa,Plymouth,572,15,0,42.737633,-96.21366621,19149.0,2271.914842912182,2.6223776223776225,557,544,14,0,530,530,25095,28,1,0,27,14
2020-08-20,US,Iowa,Pocahontas,119,2,0,42.73420133,-94.67862564,19151.0,1797.854660824898,1.680672268907563,117,119,2,0,117,122,6740,0,0,0,0,-3
2020-08-20,US,Iowa,Polk,11436,212,0,41.68679484,-93.57767461,19153.0,2333.1109574201128,1.8537950332284012,11224,11220,212,0,11008,11101,487204,216,0,0,216,119
2020-08-20,US,Iowa,Pottawattamie,1484,31,0,41.33640314,-95.53907776,19155.0,1592.1721777567968,2.0889487870619945,1453,1461,31,0,1430,1431,93533,23,0,0,23,30
2020-08-20,US,Iowa,Poweshiek,172,8,0,41.68625425,-92.53155731,19157.0,929.5287505404236,4.651162790697675,164,167,8,0,159,164,18699,5,0,0,5,3
2020-08-20,US,Iowa,Ringgold,28,1,0,40.73518949,-94.24368535,19159.0,572.1291377196568,3.571428571428572,27,25,1,0,24,25,4968,3,0,0,3,0
2020-08-20,US,Iowa,Sac,97,0,0,42.38624071,-95.10547892,19161.0,997.8397284230016,0.0,97,94,0,0,94,91,9719,3,0,0,3,3
2020-08-20,US,Iowa,Scott,1933,17,0,41.63935978,-90.61959493,19163.0,1117.7093030651718,0.8794619762027935,1916,1903,17,0,1886,1874,173283,30,0,0,30,29
2020-08-20,US,Iowa,Shelby,203,1,0,41.6850066,-95.31015553,19165.0,1772.3066177754495,0.4926108374384237,202,199,1,0,198,195,11578,4,0,0,4,4
2020-08-20,US,Iowa,Sioux,735,3,0,43.08221074,-96.17675679999999,19167.0,2108.7361927987376,0.4081632653061225,732,715,3,0,712,703,34909,20,0,0,20,12
2020-08-20,US,Iowa,Story,1477,16,0,42.03621213,-93.46499005,19169.0,1520.845989888485,1.0832769126607988,1461,1440,16,0,1424,1420,98105,37,0,0,37,20
2020-08-20,US,Iowa,Tama,577,29,0,42.07991767,-92.53266945,19171.0,3423.5196392547764,5.025996533795494,548,572,29,0,543,563,16904,5,0,0,5,9
2020-08-20,US,Iowa,Taylor,105,0,0,40.73710579,-94.69778563,19173.0,1715.4059794151285,0.0,105,104,0,0,104,104,6191,1,0,0,1,0
2020-08-20,US,Iowa,Unassigned,5,0,0,0.0,0.0,90019.0,0.0,0.0,5,4,0,0,4,3,,1,0,0,1,1
2020-08-20,US,Iowa,Union,89,3,0,41.0277278,-94.24234847,19175.0,727.0647822890288,3.3707865168539324,86,89,3,0,86,88,12359,0,0,0,0,1
2020-08-20,US,Iowa,Van Buren,44,1,0,40.75326764,-91.95017958,19177.0,624.6450880181715,2.272727272727273,43,42,1,0,41,42,7020,2,0,0,2,0
2020-08-20,US,Iowa,Wapello,982,39,0,41.03064984,-92.40954728,19179.0,2808.2015499442364,3.9714867617107945,943,969,39,0,930,968,35205,13,0,0,13,1
2020-08-20,US,Iowa,Warren,628,4,0,41.33559454,-93.56007641,19181.0,1220.2230598841957,0.6369426751592356,624,612,3,0,609,608,51056,16,1,0,15,4
2020-08-20,US,Iowa,Washington,316,10,0,41.33577126,-91.71725711,19183.0,1438.6524015479172,3.1645569620253164,306,313,10,0,303,312,22141,3,0,0,3,1
2020-08-20,US,Iowa,Wayne,31,2,0,40.73969028,-93.32752197,19185.0,481.2917248874398,6.451612903225807,29,27,2,0,25,26,6401,4,0,0,4,1
2020-08-20,US,Iowa,Webster,687,8,0,42.42853483,-94.17987389,19187.0,1913.4358288770054,1.1644832605531297,679,683,8,0,675,891,36277,4,0,0,4,-208
2020-08-20,US,Iowa,Winnebago,123,2,0,43.37751174,-93.73407298,19189.0,1187.94668727062,1.6260162601626016,121,120,1,0,119,119,10518,3,1,0,2,1
2020-08-20,US,Iowa,Winneshiek,144,1,0,43.29094334,-91.84422722,19191.0,720.3241458656396,0.6944444444444444,143,124,1,0,123,116,20029,20,0,0,20,8
2020-08-20,US,Iowa,Woodbury,3884,54,0,42.38979414,-96.0459439,19193.0,3766.960536142066,1.3903192584963957,3830,3858,54,0,3804,3838,102539,26,0,0,26,20
2020-08-20,US,Iowa,Worth,73,0,0,43.37750768,-93.26087602,19195.0,989.0258772524048,0.0,73,71,0,0,71,71,7453,2,0,0,2,0
2020-08-20,US,Iowa,Wright,490,1,0,42.73305373,-93.73515113,19197.0,3900.652762298997,0.20408163265306126,489,488,1,0,487,496,12690,2,0,0,2,-8
2020-08-20,US,Kansas,Allen,20,0,0,37.88582951,-95.30030847,20001.0,161.69455897809038,0.0,20,20,0,0,20,20,12444,0,0,0,0,0
2020-08-20,US,Kansas,Anderson,32,0,0,38.21413251,-95.29272815,20003.0,407.22830236701446,0.0,32,32,0,0,32,32,7878,0,0,0,0,0
2020-08-20,US,Kansas,Atchison,99,0,0,39.53185661,-95.30870026,20005.0,615.9397747775773,0.0,99,99,0,0,99,99,16193,0,0,0,0,0
2020-08-20,US,Kansas,Barber,6,0,0,37.2288586,-98.68460053,20007.0,135.5319629545968,0.0,6,6,0,0,6,6,4472,0,0,0,0,0
2020-08-20,US,Kansas,Barton,204,3,0,38.47889676,-98.75636726,20009.0,791.3417898289305,1.4705882352941178,201,195,3,0,192,195,26111,9,0,0,9,0
2020-08-20,US,Kansas,Bourbon,82,2,0,37.85508555,-94.84865997,20011.0,564.1943030136233,2.4390243902439024,80,82,2,0,80,82,14653,0,0,0,0,0
2020-08-20,US,Kansas,Brown,53,0,0,39.82652589,-95.56421698,20013.0,554.1614387285655,0.0,53,53,0,0,53,53,9598,0,0,0,0,0
2020-08-20,US,Kansas,Butler,374,2,0,37.78134351,-96.83878537,20015.0,558.9514429615459,0.5347593582887701,372,367,2,0,365,338,66765,7,0,0,7,29
2020-08-20,US,Kansas,Chase,58,0,0,38.30292938,-96.59563862,20017.0,2190.332326283988,0.0,58,58,0,0,58,58,2629,0,0,0,0,0
2020-08-20,US,Kansas,Chautauqua,7,0,0,37.14994405,-96.2454192,20019.0,215.38461538461544,0.0,7,7,0,0,7,6,3309,0,0,0,0,1
2020-08-20,US,Kansas,Cherokee,191,0,0,37.16928494,-94.8462897,20021.0,957.921661066252,0.0,191,191,0,0,191,168,20015,0,0,0,0,23
2020-08-20,US,Kansas,Cheyenne,5,0,0,39.78580976,-101.7318201,20023.0,188.1821603312006,0.0,5,5,0,0,5,5,2660,0,0,0,0,0
2020-08-20,US,Kansas,Clark,45,1,0,37.23577007,-99.81883015,20025.0,2256.7703109327986,2.2222222222222223,44,45,1,0,44,45,2005,0,0,0,0,0
2020-08-20,US,Kansas,Clay,22,2,0,39.34948772,-97.16518128,20027.0,274.93126718320417,9.090909090909092,20,22,2,0,20,21,7997,0,0,0,0,1
2020-08-20,US,Kansas,Cloud,43,0,0,39.48028352,-97.64925343,20029.0,489.4149783746869,0.0,43,43,0,0,43,42,8729,0,0,0,0,1
2020-08-20,US,Kansas,Coffey,71,8,0,38.2365018,-95.73379515,20031.0,868.0767820026898,11.267605633802814,63,71,8,0,63,71,8233,0,0,0,0,0
2020-08-20,US,Kansas,Comanche,9,0,0,37.19114520000001,-99.27113247,20033.0,529.4117647058823,0.0,9,9,0,0,9,9,1748,0,0,0,0,0
2020-08-20,US,Kansas,Cowley,203,2,0,37.23781842,-96.83776647,20035.0,581.5285894350865,0.9852216748768472,201,203,2,0,201,198,35218,0,0,0,0,5
2020-08-20,US,Kansas,Crawford,405,1,0,37.50675523,-94.85245778,20037.0,1043.3304137255914,0.2469135802469136,404,405,1,0,404,400,39019,0,0,0,0,5
2020-08-20,US,Kansas,Decatur,6,0,0,39.78468441,-100.45940809999999,20039.0,212.2391227449593,0.0,6,6,0,0,6,6,2871,0,0,0,0,0
2020-08-20,US,Kansas,Dickinson,53,1,0,38.86600962,-97.15532383,20041.0,287.0139716235243,1.8867924528301887,52,53,1,0,52,53,18717,0,0,0,0,0
2020-08-20,US,Kansas,Doniphan,58,0,0,39.79067154,-95.14056866,20043.0,763.1578947368422,0.0,58,58,0,0,58,50,7682,0,0,0,0,8
2020-08-20,US,Kansas,Douglas,873,5,0,38.88503636,-95.2925121,20045.0,714.0578607709862,0.572737686139748,868,861,5,0,856,847,121436,12,0,0,12,14
2020-08-20,US,Kansas,Edwards,12,0,0,37.88735543,-99.31263309,20047.0,428.87776983559684,0.0,12,12,0,0,12,12,2849,0,0,0,0,0
2020-08-20,US,Kansas,Elk,1,0,0,37.45338105,-96.24369667,20049.0,39.52569169960474,0.0,1,1,0,0,1,1,2508,0,0,0,0,0
2020-08-20,US,Kansas,Ellis,171,1,0,38.91458712,-99.31751551,20051.0,598.8862816516653,0.5847953216374269,170,171,1,0,170,161,28710,0,0,0,0,10
2020-08-20,US,Kansas,Ellsworth,22,0,0,38.69677695,-98.20462799,20053.0,360.53752867912164,0.0,22,22,0,0,22,22,6196,0,0,0,0,0
2020-08-20,US,Kansas,Finney,1837,12,0,38.04340344,-100.73819379999999,20055.0,5037.431102092302,0.65323897659227,1825,1830,12,0,1818,1830,36611,7,0,0,7,0
2020-08-20,US,Kansas,Ford,2198,10,0,37.69200114,-99.88825298,20057.0,6537.969600523515,0.4549590536851683,2188,2198,10,0,2188,2180,33888,0,0,0,0,18
2020-08-20,US,Kansas,Franklin,241,2,0,38.56443815,-95.28644341,20059.0,943.4700908236767,0.8298755186721992,239,241,2,0,239,237,25631,0,0,0,0,4
2020-08-20,US,Kansas,Geary,182,2,0,38.99871131,-96.7577178,20061.0,574.6763498579098,1.0989010989010992,180,176,2,0,174,174,32594,6,0,0,6,2
2020-08-20,US,Kansas,Gove,6,0,0,38.91588178,-100.4829321,20063.0,227.6176024279211,0.0,6,6,0,0,6,6,2612,0,0,0,0,0
2020-08-20,US,Kansas,Graham,23,0,0,39.34987223,-99.88332493,20065.0,926.6720386784853,0.0,23,23,0,0,23,23,2492,0,0,0,0,0
2020-08-20,US,Kansas,Grant,135,3,0,37.56227336,-101.3079758,20067.0,1888.1118881118882,2.2222222222222223,132,132,2,0,130,132,7336,3,1,0,2,0
2020-08-20,US,Kansas,Gray,98,0,0,37.73836671,-100.4369088,20069.0,1636.6065464261856,0.0,98,98,0,0,98,98,6033,0,0,0,0,0
2020-08-20,US,Kansas,Greeley,4,0,0,38.4808095,-101.8061079,20071.0,324.67532467532465,0.0,4,4,0,0,4,4,1227,0,0,0,0,0
2020-08-20,US,Kansas,Greenwood,23,0,0,37.8774388,-96.23250453,20073.0,384.4867937144768,0.0,23,23,0,0,23,23,6055,0,0,0,0,0
2020-08-20,US,Kansas,Hamilton,42,0,0,37.99978709,-101.7921066,20075.0,1654.1945647892871,0.0,42,42,0,0,42,42,2607,0,0,0,0,0
2020-08-20,US,Kansas,Harper,32,0,0,37.19175361,-98.07578384,20077.0,588.6681383370125,0.0,32,32,0,0,32,24,5506,0,0,0,0,8
2020-08-20,US,Kansas,Harvey,268,4,0,38.04293782,-97.42747573,20079.0,778.4135467193355,1.492537313432836,264,268,4,0,264,255,34210,0,0,0,0,13
2020-08-20,US,Kansas,Haskell,44,0,0,37.562039399999996,-100.8710738,20081.0,1108.8709677419354,0.0,44,44,0,0,44,44,3997,0,0,0,0,0
2020-08-20,US,Kansas,Hodgeman,12,0,0,38.08780079,-99.89829881,20083.0,668.8963210702342,0.0,12,12,0,0,12,11,1818,0,0,0,0,1
2020-08-20,US,Kansas,Jackson,176,1,0,39.41673394,-95.79356799,20085.0,1336.2690760003036,0.5681818181818182,175,176,1,0,175,174,13280,0,0,0,0,2
2020-08-20,US,Kansas,Jefferson,99,0,0,39.2347941,-95.38289232,20087.0,519.8760699469622,0.0,99,99,0,0,99,95,18975,0,0,0,0,4
2020-08-20,US,Kansas,Jewell,14,1,0,39.78470589,-98.21820662,20089.0,486.2799583188608,7.142857142857142,13,14,1,0,13,14,2841,0,0,0,0,0
2020-08-20,US,Kansas,Johnson,6860,110,0,38.88548175,-94.82250877,20091.0,1138.776330052573,1.6034985422740524,6750,6736,108,0,6628,6655,597555,124,2,0,122,81
2020-08-20,US,Kansas,Kearny,68,1,0,38.00017981,-101.32168100000001,20093.0,1771.756122980719,1.4705882352941178,67,68,1,0,67,67,3943,0,0,0,0,1
2020-08-20,US,Kansas,Kingman,33,0,0,37.55909527,-98.13638678,20095.0,461.40939597315435,0.0,33,31,0,0,31,27,7310,2,0,0,2,4
2020-08-20,US,Kansas,Kiowa,8,0,0,37.55848695,-99.2856537,20097.0,323.2323232323232,0.0,8,8,0,0,8,8,2516,0,0,0,0,0
2020-08-20,US,Kansas,Labette,165,1,0,37.19113093,-95.29849679,20099.0,841.0643286777449,0.6060606060606061,164,165,1,0,164,159,19964,0,0,0,0,6
2020-08-20,US,Kansas,Lane,6,0,0,38.48119447,-100.46607540000001,20101.0,390.8794788273616,0.0,6,6,0,0,6,6,1560,0,0,0,0,0
2020-08-20,US,Kansas,Leavenworth,1560,9,0,39.20183497,-95.03620809,20103.0,1908.0701582719726,0.5769230769230769,1551,1560,9,0,1551,1548,81352,0,0,0,0,12
2020-08-20,US,Kansas,Lincoln,6,0,0,39.04549684,-98.20756994,20105.0,202.56583389601624,0.0,6,6,0,0,6,6,3023,0,0,0,0,0
2020-08-20,US,Kansas,Linn,50,0,0,38.21267844,-94.84254089,20107.0,515.3045449860866,0.0,50,50,0,0,50,50,9750,0,0,0,0,0
2020-08-20,US,Kansas,Logan,2,0,0,38.91735806,-101.148475,20109.0,71.58196134574086,0.0,2,2,0,0,2,2,2844,0,0,0,0,0
2020-08-20,US,Kansas,Lyon,842,14,0,38.45576156,-96.15275715,20111.0,2536.5265853291157,1.66270783847981,828,765,14,0,751,765,33406,77,0,0,77,0
2020-08-20,US,Kansas,Marion,59,1,0,38.35855394,-97.09852509999999,20115.0,496.4658364187142,1.6949152542372878,58,59,1,0,58,59,11950,0,0,0,0,0
2020-08-20,US,Kansas,Marshall,13,0,0,39.78359669,-96.52278974,20117.0,133.92397239105802,0.0,13,13,0,0,13,15,9722,0,0,0,0,-2
2020-08-20,US,Kansas,McPherson,194,1,0,38.39184858,-97.64769869,20113.0,679.7000910938266,0.5154639175257731,193,176,1,0,175,176,28537,18,0,0,18,0
2020-08-20,US,Kansas,Meade,56,0,0,37.23859987,-100.36483100000001,20119.0,1388.5445078105633,0.0,56,56,0,0,56,52,4146,0,0,0,0,4
2020-08-20,US,Kansas,Miami,165,0,0,38.56383358,-94.83832189,20121.0,481.934748955808,0.0,165,165,0,0,165,150,33680,0,0,0,0,15
2020-08-20,US,Kansas,Mitchell,28,0,0,39.39331582,-98.20906732,20123.0,468.3057367452751,0.0,28,28,0,0,28,28,6150,0,0,0,0,0
2020-08-20,US,Kansas,Montgomery,198,5,0,37.19236568,-95.74329258,20125.0,622.0742090546357,2.525252525252525,193,193,5,0,188,193,32120,5,0,0,5,0
2020-08-20,US,Kansas,Morris,12,0,0,38.68827511,-96.65128437,20127.0,213.52313167259786,0.0,12,12,0,0,12,12,5521,0,0,0,0,0
2020-08-20,US,Kansas,Morton,10,2,0,37.19141121,-101.79925190000002,20129.0,386.54812524159263,20.0,8,10,2,0,8,10,2667,0,0,0,0,0
2020-08-20,US,Kansas,Nemaha,53,1,0,39.78345387,-96.01392079,20131.0,518.0334278174176,1.8867924528301887,52,53,1,0,52,53,10155,0,0,0,0,0
2020-08-20,US,Kansas,Neosho,66,0,0,37.55862897,-95.30670046,20133.0,412.3196101705504,0.0,66,66,0,0,66,66,15951,0,0,0,0,0
2020-08-20,US,Kansas,Ness,9,0,0,38.47974157,-99.91547333,20135.0,327.27272727272725,0.0,9,9,0,0,9,8,2840,0,0,0,0,1
2020-08-20,US,Kansas,Norton,23,0,0,39.78443827,-99.90286639,20137.0,429.0244357396009,0.0,23,23,0,0,23,23,5430,0,0,0,0,0
2020-08-20,US,Kansas,Osage,52,0,0,38.65235984,-95.72707998,20139.0,326.03925010972483,0.0,52,52,0,0,52,50,15941,0,0,0,0,2
2020-08-20,US,Kansas,Osborne,4,0,0,39.3503437,-98.76753828,20141.0,116.92487576731949,0.0,4,4,0,0,4,4,3475,0,0,0,0,0
2020-08-20,US,Kansas,Ottawa,39,0,0,39.13237408,-97.65020313,20143.0,683.7307152875176,0.0,39,39,0,0,39,39,5802,0,0,0,0,0
2020-08-20,US,Kansas,Pawnee,65,0,0,38.18108732,-99.23692334,20145.0,1013.4081696289368,0.0,65,65,0,0,65,65,6562,0,0,0,0,0
2020-08-20,US,Kansas,Phillips,51,8,0,39.78465501,-99.34668865,20147.0,974.3981658387466,15.68627450980392,43,51,8,0,43,51,5317,0,0,0,0,0
2020-08-20,US,Kansas,Pottawatomie,139,0,0,39.37925655,-96.34564657,20149.0,570.0693105852438,0.0,139,139,0,0,139,119,24277,0,0,0,0,20
2020-08-20,US,Kansas,Pratt,35,0,0,37.64780729,-98.73922153,20151.0,381.9292885202968,0.0,35,35,0,0,35,35,9378,0,0,0,0,0
2020-08-20,US,Kansas,Reno,549,1,0,37.95230263,-98.08607292,20155.0,885.5124358850287,0.18214936247723126,548,538,1,0,537,500,62342,11,0,0,11,38
2020-08-20,US,Kansas,Republic,34,0,0,39.82799632,-97.65036709,20157.0,733.3908541846422,0.0,34,34,0,0,34,32,4664,0,0,0,0,2
2020-08-20,US,Kansas,Rice,42,1,0,38.34616184,-98.19992118,20159.0,440.39005976722234,2.380952380952381,41,41,0,0,41,41,9531,1,1,0,0,0
2020-08-20,US,Kansas,Riley,544,5,0,39.28935726,-96.73420026,20161.0,732.8375902575708,0.9191176470588236,539,544,5,0,539,512,73703,0,0,0,0,32
2020-08-20,US,Kansas,Rooks,19,0,0,39.35022773,-99.32484567,20163.0,386.1788617886178,0.0,19,19,0,0,19,19,5013,0,0,0,0,0
2020-08-20,US,Kansas,Rush,10,0,0,38.52275276,-99.30863983,20165.0,329.3807641633729,0.0,10,10,0,0,10,10,3093,0,0,0,0,0
2020-08-20,US,Kansas,Russell,17,0,0,38.91462787,-98.76254297,20167.0,247.9579929988332,0.0,17,17,0,0,17,17,6907,0,0,0,0,0
2020-08-20,US,Kansas,Saline,428,9,0,38.78369175,-97.65185177,20169.0,789.3183830038361,2.102803738317757,419,428,9,0,419,416,54401,0,0,0,0,12
2020-08-20,US,Kansas,Scott,82,0,0,38.48222076,-100.90665390000001,20171.0,1700.1866058469836,0.0,82,82,0,0,82,79,4897,0,0,0,0,3
2020-08-20,US,Kansas,Sedgwick,5615,47,0,37.6842718,-97.4608198,20173.0,1088.0897291305746,0.8370436331255565,5568,5513,47,0,5466,5460,513607,102,0,0,102,53
2020-08-20,US,Kansas,Seward,1315,4,0,37.19324632,-100.85072009999999,20175.0,6136.830315475079,0.3041825095057034,1311,1306,4,0,1302,1306,21780,9,0,0,9,0
2020-08-20,US,Kansas,Shawnee,1914,21,0,39.04100763,-95.75572640000001,20177.0,1082.1201413427561,1.09717868338558,1893,1872,21,0,1851,1814,177499,42,0,0,42,58
2020-08-20,US,Kansas,Sheridan,9,0,0,39.35018161,-100.44182590000001,20179.0,357.0011900039666,0.0,9,9,0,0,9,9,2533,0,0,0,0,0
2020-08-20,US,Kansas,Sherman,17,0,0,39.35147699,-101.71976240000001,20181.0,287.30775730944737,0.0,17,17,0,0,17,17,5899,0,0,0,0,0
2020-08-20,US,Kansas,Smith,3,0,0,39.78516566,-98.78566062,20183.0,83.72871895060004,0.0,3,3,0,0,3,3,3603,0,0,0,0,0
2020-08-20,US,Kansas,Stafford,13,1,0,38.03100851,-98.71762001,20185.0,312.80076997112616,7.6923076923076925,12,13,1,0,12,12,4178,0,0,0,0,1
2020-08-20,US,Kansas,Stanton,20,1,0,37.56304714,-101.78435340000001,20187.0,997.0089730807578,5.0,19,20,1,0,19,20,1987,0,0,0,0,0
2020-08-20,US,Kansas,Stevens,47,0,0,37.1923008,-101.3118967,20189.0,856.8824065633546,0.0,47,46,0,0,46,46,5559,1,0,0,1,0
2020-08-20,US,Kansas,Sumner,108,3,0,37.23682549,-97.47721621,20191.0,472.93746715712035,2.7777777777777777,105,108,3,0,105,107,22996,0,0,0,0,1
2020-08-20,US,Kansas,Thomas,51,0,0,39.35107575,-101.0553705,20193.0,655.7798637006557,0.0,51,51,0,0,51,51,7711,0,0,0,0,0
2020-08-20,US,Kansas,Trego,7,1,0,38.91467218,-99.87284448,20195.0,249.73242953977882,14.285714285714285,6,7,1,0,6,7,2793,0,0,0,0,0
2020-08-20,US,Kansas,Wabaunsee,46,0,0,38.95471985,-96.20350509,20197.0,663.6848939546962,0.0,46,46,0,0,46,45,6899,0,0,0,0,1
2020-08-20,US,Kansas,Wallace,1,0,0,38.91686134,-101.76388759999999,20199.0,65.87615283267458,0.0,1,,,,,,1503,,,,,
2020-08-20,US,Kansas,Washington,2,0,0,39.78420784,-97.08753229999999,20201.0,36.99593044765076,0.0,2,2,0,0,2,2,5420,0,0,0,0,0
2020-08-20,US,Kansas,Wichita,4,0,0,38.48178252,-101.3471509,20203.0,188.76828692779614,0.0,4,4,0,0,4,4,2105,0,0,0,0,0
2020-08-20,US,Kansas,Wilson,16,0,0,37.55937174,-95.74323255,20205.0,187.68328445747798,0.0,16,16,0,0,16,16,8665,0,0,0,0,0
2020-08-20,US,Kansas,Woodson,12,0,0,37.8865336,-95.74006277,20207.0,382.4091778202677,0.0,12,12,0,0,12,12,3183,0,0,0,0,0
2020-08-20,US,Kansas,Wyandotte,5552,109,0,39.11727348,-94.76378225,20209.0,3356.1225661764256,1.963256484149856,5443,5501,109,0,5392,5450,165324,51,0,0,51,51
2020-08-20,US,Kentucky,Adair,237,19,0,37.10459774,-85.28129668,21001.0,1234.2464326632644,8.016877637130802,218,237,19,0,218,233,19215,0,0,0,0,4
2020-08-20,US,Kentucky,Allen,239,8,0,36.75197631,-86.19457544,21003.0,1121.2760966455548,3.3472803347280333,231,237,8,0,229,236,21122,2,0,0,2,1
2020-08-20,US,Kentucky,Anderson,97,1,0,38.00671029,-84.99171713,21005.0,426.42985888249,1.0309278350515465,96,95,1,0,94,94,22663,2,0,0,2,1
2020-08-20,US,Kentucky,Ballard,38,0,0,37.05842757,-88.99427697,21007.0,481.74442190669373,0.0,38,38,0,0,38,38,7979,0,0,0,0,0
2020-08-20,US,Kentucky,Barren,460,6,0,36.96469836,-85.93338945,21009.0,1039.5715157404686,1.3043478260869563,454,455,5,0,450,437,44176,5,1,0,4,18
2020-08-20,US,Kentucky,Bath,51,1,0,38.14735938,-83.74588932,21011.0,408.0,1.96078431372549,50,42,1,0,41,41,12383,9,0,0,9,1
2020-08-20,US,Kentucky,Bell,357,5,0,36.73355174,-83.67766671,21013.0,1371.3890596189306,1.4005602240896358,352,354,5,0,349,351,26569,3,0,0,3,3
2020-08-20,US,Kentucky,Boone,1193,24,0,38.97065142,-84.72615357,21015.0,893.0910833127466,2.0117351215423303,1169,1183,24,0,1159,1174,131533,10,0,0,10,9
2020-08-20,US,Kentucky,Bourbon,102,1,0,38.2054607,-84.21827874,21017.0,515.4639175257731,0.9803921568627452,101,100,1,0,99,98,20184,2,0,0,2,2
2020-08-20,US,Kentucky,Boyd,208,4,0,38.36176608,-82.68652187,21019.0,445.22453872169183,1.9230769230769231,204,205,4,0,201,203,47240,3,0,0,3,2
2020-08-20,US,Kentucky,Boyle,182,0,0,37.62680923,-84.8633779,21021.0,605.4557551563539,0.0,182,178,0,0,178,177,30100,4,0,0,4,1
2020-08-20,US,Kentucky,Bracken,37,0,0,38.69158994,-84.08532444,21023.0,445.6220643141034,0.0,37,37,0,0,37,37,8239,0,0,0,0,0
2020-08-20,US,Kentucky,Breathitt,36,0,0,37.52333168,-83.31959161,21025.0,285.03562945368174,0.0,36,34,0,0,34,33,12726,2,0,0,2,1
2020-08-20,US,Kentucky,Breckinridge,90,2,0,37.77377239,-86.42885017,21027.0,439.51750744738,2.2222222222222223,88,89,2,0,87,88,20388,1,0,0,1,1
2020-08-20,US,Kentucky,Bullitt,508,5,0,37.97162523,-85.68955617,21029.0,621.9697340712082,0.9842519685039369,503,488,5,0,483,467,81069,20,0,0,20,21
2020-08-20,US,Kentucky,Butler,309,16,0,37.20946153,-86.68748787,21031.0,2399.2546005124623,5.17799352750809,293,309,16,0,293,306,12772,0,0,0,0,3
2020-08-20,US,Kentucky,Caldwell,62,0,0,37.14749129,-87.86948214,21033.0,486.3889542637484,0.0,62,60,0,0,60,59,12715,2,0,0,2,1
2020-08-20,US,Kentucky,Calloway,308,5,0,36.62093411,-88.2731593,21035.0,789.7233404271684,1.6233766233766234,303,302,5,0,297,303,39135,6,0,0,6,-1
2020-08-20,US,Kentucky,Campbell,643,13,0,38.94384345,-84.37875208,21037.0,687.0832620960847,2.021772939346812,630,633,13,0,620,629,93152,10,0,0,10,4
2020-08-20,US,Kentucky,Carlisle,55,1,0,36.85372876,-88.96692220000001,21039.0,1155.4621848739494,1.818181818181818,54,51,1,0,50,51,4771,4,0,0,4,0
2020-08-20,US,Kentucky,Carroll,175,2,0,38.66599534,-85.12601074,21041.0,1646.1292446618381,1.1428571428571428,173,170,2,0,168,170,10737,5,0,0,5,0
2020-08-20,US,Kentucky,Carter,108,3,0,38.31690743,-83.05092385,21043.0,403.0301899466358,2.7777777777777777,105,107,3,0,104,105,27004,1,0,0,1,2
2020-08-20,US,Kentucky,Casey,219,11,0,37.32533118,-84.92726209,21045.0,1355.2818862553374,5.0228310502283104,208,218,11,0,207,216,15888,1,0,0,1,2
2020-08-20,US,Kentucky,Christian,631,10,0,36.89267803,-87.49055367,21047.0,895.5308610436978,1.584786053882726,621,560,10,0,550,543,71671,71,0,0,71,17
2020-08-20,US,Kentucky,Clark,208,7,0,37.9689263,-84.14615986,21049.0,573.587403138185,3.3653846153846154,201,205,7,0,198,195,36249,3,0,0,3,10
2020-08-20,US,Kentucky,Clay,192,6,0,37.16451126,-83.712575,21051.0,964.7756394151047,3.125,186,191,5,0,186,191,20105,1,1,0,0,0
2020-08-20,US,Kentucky,Clinton,51,1,0,36.72581156,-85.13377529,21053.0,499.1192014092777,1.96078431372549,50,51,1,0,50,50,10206,0,0,0,0,1
2020-08-20,US,Kentucky,Crittenden,34,1,0,37.35839237,-88.08826090000002,21055.0,386.1003861003861,2.9411764705882355,33,34,1,0,33,34,8915,0,0,0,0,0
2020-08-20,US,Kentucky,Cumberland,70,0,0,36.78926125,-85.39050034,21057.0,1058.361052313275,0.0,70,69,0,0,69,68,6659,1,0,0,1,1
2020-08-20,US,Kentucky,Daviess,859,10,0,37.73028906,-87.09019479999998,21059.0,846.2137108293683,1.1641443538998837,849,846,10,0,836,833,101104,13,0,0,13,13
2020-08-20,US,Kentucky,Edmonson,116,12,0,37.21218923,-86.23955613,21061.0,954.7325102880659,10.344827586206897,104,115,12,0,103,115,12274,1,0,0,1,0
2020-08-20,US,Kentucky,Elliott,18,0,0,38.11624059,-83.09771563,21063.0,239.45723027803646,0.0,18,16,0,0,16,15,7508,2,0,0,2,1
2020-08-20,US,Kentucky,Estill,28,0,0,37.69241417,-83.95956369,21065.0,198.49709343541755,0.0,28,27,0,0,27,27,14198,1,0,0,1,0
2020-08-20,US,Kentucky,Fayette,3589,52,0,38.0368225,-84.45576892,21067.0,1110.6228647818982,1.4488715519643354,3537,3534,50,0,3484,3493,323780,55,2,0,53,41
2020-08-20,US,Kentucky,Fleming,64,0,0,38.36758311,-83.69657514,21069.0,438.9273712365407,0.0,64,64,0,0,64,64,14432,0,0,0,0,0
2020-08-20,US,Kentucky,Floyd,127,2,0,37.56213922,-82.74750924,21071.0,356.85183624153535,1.5748031496062993,125,126,2,0,124,121,35845,1,0,0,1,5
2020-08-20,US,Kentucky,Franklin,405,11,0,38.2379395,-84.87962551,21073.0,794.2578102018002,2.716049382716049,394,400,11,0,389,375,50815,5,0,0,5,25
2020-08-20,US,Kentucky,Fulton,108,2,0,36.55238827,-89.20140068,21075.0,1809.348299547663,1.851851851851852,106,103,2,0,101,101,6120,5,0,0,5,2
2020-08-20,US,Kentucky,Gallatin,85,8,0,38.75398691,-84.8558382,21077.0,958.3944074867516,9.411764705882351,77,85,7,0,78,85,8832,0,1,0,-1,0
2020-08-20,US,Kentucky,Garrard,96,1,0,37.638866799999995,-84.53289319,21079.0,543.4167327068945,1.0416666666666667,95,95,1,0,94,96,17560,1,0,0,1,-1
2020-08-20,US,Kentucky,Grant,131,6,0,38.64962758,-84.62415957,21081.0,522.5577406358451,4.580152671755725,125,130,6,0,124,129,25121,1,0,0,1,1
2020-08-20,US,Kentucky,Graves,602,28,0,36.72292505,-88.65143315,21083.0,1615.4135136585626,4.651162790697675,574,591,27,0,564,586,37317,11,1,0,10,5
2020-08-20,US,Kentucky,Grayson,230,11,0,37.46231118,-86.34248968,21085.0,870.3220191470845,4.782608695652174,219,228,11,0,217,226,26321,2,0,0,2,2
2020-08-20,US,Kentucky,Green,66,2,0,37.26484328,-85.5540745,21087.0,603.2355360570332,3.0303030303030303,64,65,2,0,63,61,11049,1,0,0,1,4
2020-08-20,US,Kentucky,Greenup,157,1,0,38.54332505,-82.9215658,21089.0,447.31893555188316,0.6369426751592356,156,156,1,0,155,152,35268,1,0,0,1,4
2020-08-20,US,Kentucky,Hancock,55,0,0,37.83766422,-86.78280584,21091.0,630.5893143774364,0.0,55,55,0,0,55,55,8758,0,0,0,0,0
2020-08-20,US,Kentucky,Hardin,799,8,0,37.6976111,-85.96319251,21093.0,720.0922871717228,1.0012515644555695,791,789,8,0,781,776,110356,10,0,0,10,13
2020-08-20,US,Kentucky,Harlan,266,5,0,36.85699301,-83.21899516,21095.0,1022.6835832372163,1.8796992481203008,261,264,4,0,260,260,26409,2,1,0,1,4
2020-08-20,US,Kentucky,Harrison,137,0,0,38.44188174,-84.32869741,21097.0,725.4050619506512,0.0,137,137,0,0,137,132,18778,0,0,0,0,5
2020-08-20,US,Kentucky,Hart,116,1,0,37.29943898,-85.88461055,21099.0,609.4037299711057,0.8620689655172413,115,115,1,0,114,114,18906,1,0,0,1,1
2020-08-20,US,Kentucky,Henderson,395,3,0,37.79344553,-87.57392021,21101.0,873.7005087370053,0.7594936708860759,392,389,3,0,386,383,45591,6,0,0,6,6
2020-08-20,US,Kentucky,Henry,152,2,0,38.44942688,-85.11587507,21103.0,942.5772045144487,1.3157894736842106,150,147,2,0,145,145,16106,5,0,0,5,2
2020-08-20,US,Kentucky,Hickman,64,0,0,36.67948079999999,-88.97875928,21105.0,1461.1872146118722,0.0,64,64,0,0,64,62,4421,0,0,0,0,2
2020-08-20,US,Kentucky,Hopkins,466,36,0,37.30939025,-87.54670406,21107.0,1042.8322069551984,7.725321888412018,430,455,35,0,420,452,45068,11,1,0,10,3
2020-08-20,US,Kentucky,Jackson,169,15,0,37.41866422,-83.99825483,21109.0,1267.9120714232124,8.875739644970414,154,161,14,0,147,161,13442,8,1,0,7,0
2020-08-20,US,Kentucky,Jefferson,10054,255,0,38.18664655,-85.65931031,21111.0,1311.2368064458492,2.5363039586234333,9799,9901,255,0,9646,9749,770517,153,0,0,153,152
2020-08-20,US,Kentucky,Jessamine,397,0,0,37.87119786,-84.58252003,21113.0,733.6228402476207,0.0,397,393,0,0,393,386,53920,4,0,0,4,7
2020-08-20,US,Kentucky,Johnson,98,0,0,37.85106355,-82.8264322,21115.0,441.6801874887328,0.0,98,98,0,0,98,90,22386,0,0,0,0,8
2020-08-20,US,Kentucky,Kenton,1589,41,0,38.93950319,-84.53241199,21117.0,951.5084012982193,2.580239144115796,1548,1555,41,0,1514,1545,166051,34,0,0,34,10
2020-08-20,US,Kentucky,Knott,83,1,0,37.35388197,-82.94981134,21119.0,560.5835472105903,1.2048192771084338,82,83,1,0,82,82,15126,0,0,0,0,1
2020-08-20,US,Kentucky,Knox,305,8,0,36.89225732,-83.85403396,21121.0,979.2904157970779,2.622950819672131,297,293,8,0,285,288,31304,12,0,0,12,5
2020-08-20,US,Kentucky,Larue,75,1,0,37.54567114,-85.70138352,21123.0,520.9056813446311,1.3333333333333333,74,71,1,0,70,70,14307,4,0,0,4,1
2020-08-20,US,Kentucky,Laurel,505,5,0,37.10975748,-84.11321779,21125.0,830.4145495206618,0.99009900990099,500,497,5,0,492,488,60669,8,0,0,8,9
2020-08-20,US,Kentucky,Lawrence,39,0,0,38.07136018,-82.72882223,21127.0,254.6190507279493,0.0,39,39,0,0,39,39,15571,0,0,0,0,0
2020-08-20,US,Kentucky,Lee,7,0,0,37.59645942,-83.71513901,21129.0,94.55626097528031,0.0,7,6,0,0,6,6,7033,1,0,0,1,0
2020-08-20,US,Kentucky,Leslie,38,0,0,37.09246661,-83.37999606,21131.0,384.73220613546624,0.0,38,39,0,0,39,39,10143,-1,0,0,-1,0
2020-08-20,US,Kentucky,Letcher,66,2,0,37.12306748,-82.85346474,21133.0,306.2218716651974,3.0303030303030303,64,66,2,0,64,66,21899,0,0,0,0,0
2020-08-20,US,Kentucky,Lewis,87,1,0,38.53184419,-83.37735618,21135.0,655.3672316384179,1.1494252873563218,86,86,1,0,85,86,13257,1,0,0,1,0
2020-08-20,US,Kentucky,Lincoln,128,2,0,37.45475628,-84.6565327,21137.0,521.4061672573222,1.5625,126,123,2,0,121,121,24644,5,0,0,5,2
2020-08-20,US,Kentucky,Livingston,38,1,0,37.21137452,-88.34797529,21139.0,413.3130302371112,2.631578947368421,37,38,1,0,37,37,9242,0,0,0,0,1
2020-08-20,US,Kentucky,Logan,367,25,0,36.85949479,-86.877635,21141.0,1354.1436056379605,6.811989100817439,342,362,25,0,337,360,26989,5,0,0,5,2
2020-08-20,US,Kentucky,Lyon,32,4,0,37.02080035,-88.07886257,21143.0,389.768574908648,12.5,28,32,4,0,28,32,8009,0,0,0,0,0
2020-08-20,US,Kentucky,Madison,709,1,0,37.71659336,-84.27220275,21151.0,762.4721735296332,0.14104372355430184,708,696,1,0,695,686,92368,13,0,0,13,10
2020-08-20,US,Kentucky,Magoffin,55,0,0,37.70820545,-83.0657714,21153.0,452.26543869747553,0.0,55,55,0,0,55,54,12362,0,0,0,0,1
2020-08-20,US,Kentucky,Marion,161,1,0,37.55218078,-85.26898542,21155.0,835.3655372801328,0.6211180124223602,160,153,0,0,153,141,19404,8,1,0,7,12
2020-08-20,US,Kentucky,Marshall,169,2,0,36.88007070000001,-88.32803576,21157.0,543.4083601286173,1.183431952662722,167,165,2,0,163,157,31191,4,0,0,4,8
2020-08-20,US,Kentucky,Martin,45,0,0,37.79990579,-82.51247478,21159.0,401.965163019205,0.0,45,44,0,0,44,41,11323,1,0,0,1,3
2020-08-20,US,Kentucky,Mason,67,2,0,38.59471935,-83.82151043,21161.0,392.5014645577036,2.985074626865672,65,67,1,0,66,61,17150,0,1,0,-1,6
2020-08-20,US,Kentucky,McCracken,437,5,0,37.05350953,-88.70445755,21145.0,668.0118621786053,1.1441647597254003,432,425,5,0,420,414,65346,12,0,0,12,11
2020-08-20,US,Kentucky,McCreary,56,0,0,36.73874143,-84.48102924,21147.0,324.99564737972264,0.0,56,56,0,0,56,56,17408,0,0,0,0,0
2020-08-20,US,Kentucky,McLean,46,1,0,37.5301951,-87.26803443,21149.0,499.61985445856413,2.1739130434782608,45,45,1,0,44,44,9252,1,0,0,1,1
2020-08-20,US,Kentucky,Meade,110,3,0,37.96163597,-86.21028219,21163.0,384.9923001539969,2.727272727272727,107,108,3,0,105,107,28715,2,0,0,2,1
2020-08-20,US,Kentucky,Menifee,28,0,0,37.94090733,-83.59985712,21165.0,431.4994606256742,0.0,28,28,0,0,28,28,6451,0,0,0,0,0
2020-08-20,US,Kentucky,Mercer,99,1,0,37.81474237,-84.87488475,21167.0,451.3746409519902,1.0101010101010102,98,95,1,0,94,95,21774,4,0,0,4,0
2020-08-20,US,Kentucky,Metcalfe,75,2,0,36.99459295,-85.63123699,21169.0,744.7125409591897,2.6666666666666665,73,74,2,0,72,69,10030,1,0,0,1,5
2020-08-20,US,Kentucky,Monroe,108,2,0,36.71225341,-85.71596443,21171.0,1014.0845070422536,1.851851851851852,106,108,2,0,106,107,10718,0,0,0,0,1
2020-08-20,US,Kentucky,Montgomery,160,0,0,38.03253032,-83.9145241,21173.0,568.242355364563,0.0,160,160,0,0,160,154,28203,0,0,0,0,6
2020-08-20,US,Kentucky,Morgan,37,0,0,37.92465657,-83.25558245,21175.0,278.00736343827487,0.0,37,37,0,0,37,36,13345,0,0,0,0,1
2020-08-20,US,Kentucky,Muhlenberg,641,11,0,37.21425819,-87.14632053,21177.0,2093.2662791457124,1.71606864274571,630,640,11,0,629,641,30774,1,0,0,1,-1
2020-08-20,US,Kentucky,Nelson,291,2,0,37.80335779,-85.4657193,21179.0,629.4205437674389,0.6872852233676976,289,279,2,0,277,272,45851,12,0,0,12,7
2020-08-20,US,Kentucky,Nicholas,21,1,0,38.33342292,-84.01889177,21181.0,288.8980602558812,4.761904761904762,20,21,1,0,20,21,7166,0,0,0,0,0
2020-08-20,US,Kentucky,Ohio,368,9,0,37.47751843,-86.85368087,21183.0,1533.7167625239642,2.4456521739130435,359,366,9,0,357,365,24087,2,0,0,2,1
2020-08-20,US,Kentucky,Oldham,700,20,0,38.39791089,-85.448222,21185.0,1047.9198790401053,2.8571428571428568,680,692,19,0,673,682,66470,8,1,0,7,10
2020-08-20,US,Kentucky,Owen,70,0,0,38.51679143,-84.82404619,21187.0,642.1429226676453,0.0,70,69,0,0,69,68,10880,1,0,0,1,1
2020-08-20,US,Kentucky,Owsley,22,0,0,37.42823949,-83.68811419,21189.0,498.3012457531144,0.0,22,18,0,0,18,17,4472,4,0,0,4,1
2020-08-20,US,Kentucky,Pendleton,56,0,0,38.69607718,-84.35599463,21191.0,383.82453735435234,0.0,56,52,0,0,52,52,14529,4,0,0,4,0
2020-08-20,US,Kentucky,Perry,263,6,0,37.25023553,-83.22922731,21193.0,1021.0420063669541,2.281368821292776,257,264,6,0,258,260,26092,-1,0,0,-1,4
2020-08-20,US,Kentucky,Pike,288,3,0,37.47088263,-82.39487445,21195.0,497.6155919552146,1.0416666666666667,285,279,3,0,276,276,58402,9,0,0,9,3
2020-08-20,US,Kentucky,Powell,70,0,0,37.83218794,-83.82553961,21197.0,566.3888664131402,0.0,70,70,0,0,70,70,12442,0,0,0,0,0
2020-08-20,US,Kentucky,Pulaski,417,6,0,37.10466131,-84.57629079,21199.0,641.7457947952415,1.4388489208633093,411,409,5,0,404,395,64623,8,1,0,7,14
2020-08-20,US,Kentucky,Robertson,3,0,0,38.51923469,-84.05055616,21201.0,142.31499051233396,0.0,3,3,0,0,3,3,2135,0,0,0,0,0
2020-08-20,US,Kentucky,Rockcastle,101,0,0,37.36642393,-84.31176452,21203.0,604.9715483677747,0.0,101,100,0,0,100,97,16750,1,0,0,1,3
2020-08-20,US,Kentucky,Rowan,89,0,0,38.19484205,-83.42088935,21205.0,363.8593622240392,0.0,89,88,0,0,88,88,24583,1,0,0,1,0
2020-08-20,US,Kentucky,Russell,146,5,0,36.99308373,-85.06070117,21207.0,814.5957707972998,3.4246575342465757,141,146,5,0,141,146,17821,0,0,0,0,0
2020-08-20,US,Kentucky,Scott,486,0,0,38.29622293,-84.5816631,21209.0,852.5717493509227,0.0,486,484,0,0,484,463,56031,2,0,0,2,21
2020-08-20,US,Kentucky,Shelby,847,22,0,38.21476019,-85.194223,21211.0,1727.7251958224542,2.5974025974025974,825,841,22,0,819,827,48518,6,0,0,6,14
2020-08-20,US,Kentucky,Simpson,183,7,0,36.74058474,-86.58047435,21213.0,985.354296790868,3.8251366120218577,176,179,7,0,172,179,18529,4,0,0,4,0
2020-08-20,US,Kentucky,Spencer,146,0,0,38.03223971,-85.32749335,21215.0,754.4829724562038,0.0,146,145,0,0,145,142,18794,1,0,0,1,3
2020-08-20,US,Kentucky,Taylor,167,3,0,37.3677562,-85.3329931,21217.0,648.0655050642245,1.7964071856287425,164,161,3,0,158,159,25549,6,0,0,6,2
2020-08-20,US,Kentucky,Todd,38,0,0,36.8381152,-87.17878374,21219.0,309.09386692695625,0.0,38,38,0,0,38,38,12311,0,0,0,0,0
2020-08-20,US,Kentucky,Trigg,61,0,0,36.80767017,-87.87333656,21221.0,416.35383250290084,0.0,61,61,0,0,61,61,14643,0,0,0,0,0
2020-08-20,US,Kentucky,Trimble,38,0,0,38.61056487,-85.33775972,21223.0,448.58930468657775,0.0,38,38,0,0,38,36,8515,0,0,0,0,2
2020-08-20,US,Kentucky,Union,77,0,0,37.66166713,-87.94300009,21225.0,535.4286906334746,0.0,77,76,0,0,76,76,14505,1,0,0,1,0
2020-08-20,US,Kentucky,Warren,2901,24,0,36.99903045,-86.42672751,21227.0,2182.909944618348,0.827300930713547,2877,2859,23,0,2836,2828,131264,42,1,0,41,31
2020-08-20,US,Kentucky,Washington,109,1,0,37.75599461,-85.17407732,21229.0,901.1988424968996,0.9174311926605504,108,108,1,0,107,104,12084,1,0,0,1,4
2020-08-20,US,Kentucky,Wayne,81,0,0,36.80310688,-84.8251971,21231.0,398.3671863473172,0.0,81,80,0,0,80,80,20468,1,0,0,1,0
2020-08-20,US,Kentucky,Webster,96,1,0,37.52168356,-87.67989953,21233.0,741.7709782104776,1.0416666666666667,95,96,1,0,95,96,13111,0,0,0,0,0
2020-08-20,US,Kentucky,Whitley,172,1,0,36.75700531,-84.14541217,21235.0,474.2995808515332,0.5813953488372093,171,173,1,0,172,173,36242,-1,0,0,-1,0
2020-08-20,US,Kentucky,Wolfe,23,0,0,37.73941626,-83.49303612,21237.0,321.363699874249,0.0,23,19,0,0,19,19,7177,4,0,0,4,0
2020-08-20,US,Kentucky,Woodford,185,0,0,38.04178222,-84.7417556,21239.0,692.0026931996707,0.0,185,185,0,0,185,185,26533,0,0,0,0,0
2020-08-20,US,Louisiana,Acadia,2731,92,0,30.295064899999996,-92.41419698,22001.0,4401.643968087678,3.36872940314903,2639,2712,91,0,2621,2708,62190,19,1,0,18,4
2020-08-20,US,Louisiana,Allen,1390,36,0,30.65385745,-92.82442028,22003.0,5423.9669098997165,2.5899280575539567,1354,1389,36,0,1353,1386,25605,1,0,0,1,3
2020-08-20,US,Louisiana,Ascension,3140,83,0,30.20406249,-90.91328409999998,22005.0,2480.174402072604,2.643312101910828,3057,3118,81,0,3037,3108,124672,22,2,0,20,10
2020-08-20,US,Louisiana,Assumption,626,20,0,29.89946234,-91.06461642,22007.0,2859.6226759855654,3.194888178913738,606,623,20,0,603,617,22300,3,0,0,3,6
2020-08-20,US,Louisiana,Avoyelles,1178,40,0,31.07796211,-92.00079449,22009.0,2934.4360302909527,3.3955857385398978,1138,1172,40,0,1132,1157,40462,6,0,0,6,15
2020-08-20,US,Louisiana,Beauregard,920,28,0,30.64836518,-93.34173616,22011.0,2453.5296157025896,3.0434782608695654,892,909,28,0,881,896,37253,11,0,0,11,13
2020-08-20,US,Louisiana,Bienville,401,30,0,32.34569994,-93.05398492,22013.0,3028.4721697756972,7.481296758104738,371,401,30,0,371,400,13308,0,0,0,0,1
2020-08-20,US,Louisiana,Bossier,2508,86,0,32.67932307,-93.60460152,22015.0,1974.1969001645166,3.42902711323764,2422,2499,85,0,2414,2488,127185,9,1,0,8,11
2020-08-20,US,Louisiana,Caddo,7060,304,0,32.57991587,-93.88375652,22017.0,2939.1683735491497,4.305949008498583,6756,7012,304,0,6708,6980,242922,48,0,0,48,32
2020-08-20,US,Louisiana,Calcasieu,7194,160,0,30.22931235,-93.35400434,22019.0,3536.247271869285,2.2240756185710318,7034,7154,158,0,6996,7093,203112,40,2,0,38,61
2020-08-20,US,Louisiana,Caldwell,249,3,0,32.0902519,-92.11752148,22021.0,2510.586811857229,1.2048192771084338,246,245,3,0,242,245,9960,4,0,0,4,0
2020-08-20,US,Louisiana,Cameron,174,1,0,29.87592238,-93.19310676,22023.0,2495.339165352072,0.5747126436781609,173,174,1,0,173,174,6968,0,0,0,0,0
2020-08-20,US,Louisiana,Catahoula,329,5,0,31.66778967,-91.84526385,22025.0,3465.346534653465,1.5197568389057752,324,329,5,0,324,323,9608,0,0,0,0,6
2020-08-20,US,Louisiana,Claiborne,311,12,0,32.82308512,-92.99526883,22027.0,1984.68410976388,3.858520900321544,299,308,12,0,296,307,15944,3,0,0,3,1
2020-08-20,US,Louisiana,Concordia,386,9,0,31.44817835,-91.63814433,22029.0,2004.2577496235529,2.33160621761658,377,384,9,0,375,378,19572,2,0,0,2,6
2020-08-20,US,Louisiana,De Soto,799,30,0,32.05457447,-93.74130302,22031.0,2909.368969158504,3.7546933667083855,769,787,29,0,758,783,27436,12,1,0,11,4
2020-08-20,US,Louisiana,East Baton Rouge,13133,392,0,30.53842039,-91.09777565,22033.0,2984.3725500444257,2.984847331150537,12741,13018,390,0,12628,12942,440956,115,2,0,113,76
2020-08-20,US,Louisiana,East Carroll,527,2,0,32.73926954,-91.23425694,22035.0,7681.096050138463,0.3795066413662239,525,526,2,0,524,525,7037,1,0,0,1,1
2020-08-20,US,Louisiana,East Feliciana,674,41,0,30.84425359,-91.04976723,22037.0,3522.341259472172,6.083086053412463,633,658,41,0,617,647,19305,16,0,0,16,11
2020-08-20,US,Louisiana,Evangeline,992,17,0,30.72985248,-92.39915924,22039.0,2970.504566551879,1.7137096774193548,975,978,17,0,961,968,33443,14,0,0,14,10
2020-08-20,US,Louisiana,Franklin,1017,24,0,32.13675181,-91.67589857,22041.0,5081.189108168874,2.359882005899705,993,1004,23,0,981,998,20156,13,1,0,12,6
2020-08-20,US,Louisiana,Grant,369,24,0,31.59882456,-92.56124347,22043.0,1648.130778507303,6.5040650406504055,345,363,24,0,339,361,22482,6,0,0,6,2
2020-08-20,US,Louisiana,Iberia,2644,80,0,29.86803617,-91.75871777,22045.0,3786.3382500358007,3.02571860816944,2564,2636,79,0,2557,2632,70941,8,1,0,7,4
2020-08-20,US,Louisiana,Iberville,1318,52,0,30.25734305,-91.3499598,22047.0,4054.012488080957,3.9453717754172986,1266,1303,51,0,1252,1301,32721,15,1,0,14,2
2020-08-20,US,Louisiana,Jackson,406,19,0,32.30251776,-92.55692092,22049.0,2578.7601626016267,4.679802955665025,387,404,19,0,385,403,15902,2,0,0,2,1
2020-08-20,US,Louisiana,Jefferson,15964,534,0,29.74075478,-90.11115756,22051.0,3691.1580071816193,3.34502630919569,15430,15905,532,0,15373,15865,434051,59,2,0,57,40
2020-08-20,US,Louisiana,Jefferson Davis,1098,31,0,30.26896765,-92.81210004,22053.0,3500.382555470543,2.823315118397085,1067,1093,31,0,1062,1084,31582,5,0,0,5,9
2020-08-20,US,Louisiana,LaSalle,356,4,0,31.67884782,-92.15907765,22059.0,2390.5452591995704,1.1235955056179776,352,352,4,0,348,350,14917,4,0,0,4,2
2020-08-20,US,Louisiana,Lafayette,8074,104,0,30.2049055,-92.06959876,22055.0,3303.735832071688,1.2880852117909338,7970,8038,104,0,7934,8005,242782,36,0,0,36,33
2020-08-20,US,Louisiana,Lafourche,3061,107,0,29.52470226,-90.40976986,22057.0,3135.8206814596265,3.4955896765762824,2954,3044,106,0,2938,3030,98115,17,1,0,16,14
2020-08-20,US,Louisiana,Lincoln,867,40,0,32.6003154,-92.66597409999999,22061.0,1854.8628642334522,4.61361014994233,827,867,39,0,828,857,47196,0,1,0,-1,10
2020-08-20,US,Louisiana,Livingston,3197,60,0,30.44143993,-90.73061664,22063.0,2270.7739951274602,1.8767594619956207,3137,3170,59,0,3111,3146,139567,27,1,0,26,24
2020-08-20,US,Louisiana,Madison,650,6,0,32.36918118,-91.23973355,22065.0,5935.531001735001,0.9230769230769232,644,648,6,0,642,648,11161,2,0,0,2,0
2020-08-20,US,Louisiana,Morehouse,560,15,0,32.81686191,-91.80421614,22067.0,2251.3467878105653,2.6785714285714284,545,558,14,0,544,553,25398,2,1,0,1,5
2020-08-20,US,Louisiana,Natchitoches,857,20,0,31.72321584,-93.09816516,22069.0,2245.9248388280307,2.3337222870478413,837,853,19,0,834,851,38659,4,1,0,3,2
2020-08-20,US,Louisiana,Orleans,11104,569,0,30.06971951,-89.92660315,22071.0,2846.1286089238847,5.124279538904898,10535,11064,568,0,10496,11039,391006,40,1,0,39,25
2020-08-20,US,Louisiana,Ouachita,5259,121,0,32.47645559,-92.15704172,22073.0,3430.9983755113226,2.3008176459402927,5138,5220,121,0,5099,5187,154475,39,0,0,39,33
2020-08-20,US,Louisiana,Plaquemines,482,19,0,29.42245447,-89.60322085,22075.0,2077.85489502953,3.941908713692946,463,481,19,0,462,479,23410,1,0,0,1,2
2020-08-20,US,Louisiana,Pointe Coupee,868,34,0,30.71409502,-91.60209535,22077.0,3994.477680625863,3.91705069124424,834,861,34,0,827,852,21940,7,0,0,7,9
2020-08-20,US,Louisiana,Rapides,3597,130,0,31.19778499,-92.52997303,22079.0,2774.435394298408,3.6141228801779266,3467,3522,129,0,3393,3499,130562,75,1,0,74,23
2020-08-20,US,Louisiana,Red River,299,17,0,32.09530039,-93.34213308,22081.0,3541.8147358445867,5.685618729096991,282,297,17,0,280,296,8477,2,0,0,2,1
2020-08-20,US,Louisiana,Richland,653,8,0,32.41391005,-91.76634876,22083.0,3245.204254050293,1.2251148545176107,645,649,8,0,641,643,20192,4,0,0,4,6
2020-08-20,US,Louisiana,Sabine,706,13,0,31.56388699,-93.55433981,22085.0,2955.953776586837,1.841359773371105,693,708,12,0,696,703,24032,-2,1,0,-3,5
2020-08-20,US,Louisiana,St. Bernard,1160,24,0,29.87761636,-89.51887093,22087.0,2455.3382440098208,2.0689655172413794,1136,1152,24,0,1128,1147,46721,8,0,0,8,5
2020-08-20,US,Louisiana,St. Charles,1559,54,0,29.90709658,-90.35555967,22089.0,2935.969868173258,3.463758819756254,1505,1559,54,0,1505,1549,52879,0,0,0,0,10
2020-08-20,US,Louisiana,St. Helena,301,2,0,30.82210324,-90.71013176,22091.0,2970.785629688117,0.6644518272425249,299,298,2,0,296,294,10262,3,0,0,3,4
2020-08-20,US,Louisiana,St. James,743,33,0,30.02531716,-90.80212061,22093.0,3521.9946909366704,4.441453566621804,710,742,32,0,710,741,21037,1,1,0,0,1
2020-08-20,US,Louisiana,St. John the Baptist,1484,94,0,30.12597499,-90.4753503,22095.0,3464.29488526274,6.334231805929919,1390,1475,93,0,1382,1470,43184,9,1,0,8,5
2020-08-20,US,Louisiana,St. Landry,2968,102,0,30.59724262,-92.00135806,22097.0,3614.0470508012263,3.4366576819407006,2866,2950,102,0,2848,2925,82764,18,0,0,18,25
2020-08-20,US,Louisiana,St. Martin,1809,49,0,30.13112107,-91.61403569,22099.0,3385.6749826879527,2.7086788280818133,1760,1803,49,0,1754,1795,53621,6,0,0,6,8
2020-08-20,US,Louisiana,St. Mary,1703,65,0,29.69262097,-91.44702164,22101.0,3451.00105374078,3.816793893129771,1638,1694,65,0,1629,1689,49774,9,0,0,9,5
2020-08-20,US,Louisiana,St. Tammany,5717,221,0,30.40942847,-89.95642711,22103.0,2195.308330037363,3.8656638096903966,5496,5658,221,0,5437,5626,258111,59,0,0,59,32
2020-08-20,US,Louisiana,Tangipahoa,3868,87,0,30.62888673,-90.40664996,22105.0,2870.330518410781,2.249224405377456,3781,3826,87,0,3739,3798,133777,42,0,0,42,28
2020-08-20,US,Louisiana,Tensas,121,1,0,32.00760749,-91.32915234,22107.0,2791.8781725888325,0.8264462809917356,120,119,0,0,119,117,4462,2,1,0,1,2
2020-08-20,US,Louisiana,Terrebonne,3258,90,0,29.37343766,-90.82626855,22109.0,2949.457274513177,2.7624309392265194,3168,3239,90,0,3149,3227,111021,19,0,0,19,12
2020-08-20,US,Louisiana,Unassigned,248,141,0,0.0,0.0,90022.0,0.0,56.854838709677416,107,248,141,0,107,240,,0,0,0,0,8
2020-08-20,US,Louisiana,Union,768,35,0,32.83121059,-92.3749373,22111.0,3473.8556178758813,4.557291666666667,733,762,35,0,727,756,22330,6,0,0,6,6
2020-08-20,US,Louisiana,Vermilion,1761,32,0,29.83517605,-92.30292538,22113.0,2959.1168019357765,1.8171493469619533,1729,1753,32,0,1721,1737,59830,8,0,0,8,16
2020-08-20,US,Louisiana,Vernon,852,33,0,31.10884837,-93.18153838,22115.0,1796.3693099158747,3.8732394366197194,819,843,32,0,811,824,48860,9,1,0,8,19
2020-08-20,US,Louisiana,Washington,1369,59,0,30.85288548,-90.03866652,22117.0,2963.588344806685,4.309715120525931,1310,1354,59,0,1295,1346,46582,15,0,0,15,8
2020-08-20,US,Louisiana,Webster,969,19,0,32.70847669,-93.33121835,22119.0,2527.3865414710485,1.96078431372549,950,960,18,0,942,955,38798,9,1,0,8,5
2020-08-20,US,Louisiana,West Baton Rouge,766,38,0,30.46058217,-91.30989571,22121.0,2894.388815416588,4.9608355091383824,728,766,37,0,729,761,26427,0,1,0,-1,5
2020-08-20,US,Louisiana,West Carroll,315,8,0,32.78550125,-91.461201,22123.0,2908.5872576177285,2.5396825396825395,307,313,8,0,305,312,10982,2,0,0,2,1
2020-08-20,US,Louisiana,West Feliciana,455,18,0,30.87882871,-91.41485379999999,22125.0,2922.6618705035967,3.956043956043956,437,454,18,0,436,414,15460,1,0,0,1,40
2020-08-20,US,Louisiana,Winn,499,10,0,31.94449367,-92.63789413,22127.0,3588.8952819332567,2.004008016032064,489,499,10,0,489,495,14134,0,0,0,0,4
2020-08-20,US,Maine,Androscoggin,582,9,0,44.1664747,-70.20380627,23001.0,537.5102745735475,1.5463917525773196,573,581,9,0,572,581,107679,1,0,0,1,0
2020-08-20,US,Maine,Aroostook,35,1,0,46.65926321,-68.59841248,23003.0,52.195958541495784,2.8571428571428568,34,33,1,0,32,33,67111,2,0,0,2,0
2020-08-20,US,Maine,Cumberland,2148,69,0,43.8370751,-70.37226999,23005.0,728.1281885268962,3.2122905027932966,2079,2145,69,0,2076,2143,293557,3,0,0,3,2
2020-08-20,US,Maine,Franklin,47,1,0,44.97330019,-70.44381045,23007.0,155.6342925262426,2.127659574468085,46,47,1,0,46,47,29897,0,0,0,0,0
2020-08-20,US,Maine,Hancock,42,1,0,44.59816444,-68.38401854,23009.0,76.38169021768782,2.380952380952381,41,42,1,0,41,40,54811,0,0,0,0,2
2020-08-20,US,Maine,Kennebec,175,11,0,44.40759555,-69.76738544,23011.0,143.08842046736763,6.2857142857142865,164,172,11,0,161,172,122083,3,0,0,3,0
2020-08-20,US,Maine,Knox,28,1,0,44.11486325,-69.10529169,23013.0,70.40128733782561,3.571428571428572,27,28,1,0,27,28,39771,0,0,0,0,0
2020-08-20,US,Maine,Lincoln,35,1,0,44.05996956,-69.54227124,23015.0,101.05676502858464,2.8571428571428568,34,35,1,0,34,35,34342,0,0,0,0,0
2020-08-20,US,Maine,Oxford,59,0,0,44.49952995,-70.75682123,23017.0,101.76800344976284,0.0,59,60,0,0,60,59,57618,-1,0,0,-1,1
2020-08-20,US,Maine,Penobscot,202,5,0,45.40194593,-68.65020455,23019.0,132.76546520493204,2.4752475247524752,197,200,5,0,195,192,151096,2,0,0,2,8
2020-08-20,US,Maine,Piscataquis,7,0,0,45.83839062,-69.2860223,23021.0,41.70390229371464,0.0,7,7,0,0,7,12,16800,0,0,0,0,-5
2020-08-20,US,Maine,Sagadahoc,58,0,0,43.95415864,-69.85074999,23023.0,161.75814368585452,0.0,58,58,0,0,58,58,35634,0,0,0,0,0
2020-08-20,US,Maine,Somerset,42,1,0,45.51229767,-69.95995554,23025.0,83.19467554076539,2.380952380952381,41,41,1,0,40,40,50592,1,0,0,1,1
2020-08-20,US,Maine,Unassigned,1,0,0,0.0,0.0,90023.0,0.0,0.0,1,1,0,0,1,1,,0,0,0,0,0
2020-08-20,US,Maine,Waldo,64,14,0,44.4858305,-69.12061935,23027.0,161.1481807881153,21.875,50,64,14,0,50,63,39694,0,0,0,0,1
2020-08-20,US,Maine,Washington,15,0,0,45.01607142,-67.62813524,23029.0,47.802670575862855,0.0,15,15,0,0,15,15,31490,0,0,0,0,0
2020-08-20,US,Maine,York,713,14,0,43.47808377,-70.71052375,23031.0,343.3811241517812,1.9635343618513323,699,706,13,0,693,694,206229,7,1,0,6,12
2020-08-20,US,Maryland,Allegany,358,20,0,39.62357628,-78.69280486,24001.0,508.4071801863213,5.58659217877095,338,354,19,0,335,348,70975,4,1,0,3,6
2020-08-20,US,Maryland,Anne Arundel,7809,230,0,39.00670238,-76.60329337,24003.0,1348.1598110608147,2.945319503137405,7579,7782,229,0,7553,7734,576031,27,1,0,26,48
2020-08-20,US,Maryland,Baltimore,14327,582,0,39.45784712,-76.62911955,24005.0,1731.6315554105176,4.062260068402317,13745,14180,581,0,13599,14116,828431,147,1,0,146,64
2020-08-20,US,Maryland,Baltimore City,13708,445,0,39.30211911,-76.61151012,24510.0,2309.7272068611096,3.2462795447913626,13263,13643,444,0,13199,13566,621342,65,1,0,64,77
2020-08-20,US,Maryland,Calvert,755,28,0,38.53961642,-76.56820632,24009.0,815.9956768440962,3.708609271523178,727,748,28,0,720,745,92003,7,0,0,7,3
2020-08-20,US,Maryland,Caroline,472,3,0,38.87172293,-75.82904158,24011.0,1412.9198347602228,0.6355932203389829,469,471,3,0,468,468,33304,1,0,0,1,3
2020-08-20,US,Maryland,Carroll,1625,119,0,39.56453592,-77.02373735,24013.0,964.6951266570494,7.323076923076923,1506,1623,119,0,1504,1622,168429,2,0,0,2,1
2020-08-20,US,Maryland,Cecil,744,31,0,39.56647682,-75.94627411,24015.0,723.3484030917308,4.166666666666667,713,739,31,0,708,738,102826,5,0,0,5,1
2020-08-20,US,Maryland,Charles,2224,93,0,38.51092331,-76.98580666,24017.0,1362.2693054509148,4.181654676258993,2131,2213,93,0,2120,2198,161503,11,0,0,11,15
2020-08-20,US,Maryland,Dorchester,416,5,0,38.45413522,-76.02752426,24019.0,1302.890788937956,1.2019230769230769,411,408,5,0,403,407,31998,8,0,0,8,1
2020-08-20,US,Maryland,Frederick,3289,121,0,39.47296601,-77.39999394,24021.0,1267.2078660127067,3.6789297658862883,3168,3267,121,0,3146,3247,255648,22,0,0,22,20
2020-08-20,US,Maryland,Garrett,60,0,0,39.52786077,-79.27355126,24023.0,206.79671882539463,0.0,60,59,0,0,59,58,29163,1,0,0,1,1
2020-08-20,US,Maryland,Harford,2225,69,0,39.55010644,-76.30775940000002,24025.0,871.0426282390061,3.1011235955056184,2156,2202,69,0,2133,2183,253956,23,0,0,23,19
2020-08-20,US,Maryland,Howard,4148,117,0,39.25305293,-76.93126208,24027.0,1273.6037336117167,2.8206364513018323,4031,4125,117,0,4008,4111,323196,23,0,0,23,14
2020-08-20,US,Maryland,Kent,251,23,0,39.24976208,-76.04741541,24029.0,1292.3488827103286,9.163346613545816,228,251,23,0,228,249,19383,0,0,0,0,2
2020-08-20,US,Maryland,Montgomery,19264,814,0,39.13676329,-77.20358245,24031.0,1833.4653103490286,4.225498338870432,18450,19180,814,0,18366,19127,1052567,84,0,0,84,53
2020-08-20,US,Maryland,Prince George's,25058,772,0,38.83070039,-76.8496441,24033.0,2755.6643539672746,3.0808524223800777,24286,24949,769,0,24180,24888,909308,109,3,0,106,61
2020-08-20,US,Maryland,Queen Anne's,498,26,0,39.06198912,-76.03530977,24035.0,988.4678747940692,5.220883534136545,472,495,26,0,469,493,50251,3,0,0,3,2
2020-08-20,US,Maryland,Somerset,164,3,0,38.1163542,-75.75118623,24039.0,640.2248594628358,1.8292682926829267,161,159,3,0,156,155,25675,5,0,0,5,4
2020-08-20,US,Maryland,St. Mary's,1069,52,0,38.30058422,-76.60629279999998,24037.0,941.7672451766364,4.864359214218896,1017,1064,52,0,1012,1064,112664,5,0,0,5,0
2020-08-20,US,Maryland,Talbot,430,4,0,38.76618159,-76.10882561,24041.0,1156.5046663618516,0.9302325581395348,426,425,4,0,421,424,36968,5,0,0,5,1
2020-08-20,US,Maryland,Unassigned,0,14,0,0.0,0.0,90024.0,0.0,0.0,-14,0,13,0,-13,0,,0,1,0,-1,0
2020-08-20,US,Maryland,Washington,1170,31,0,39.60835778,-77.82002295,24043.0,774.5830823110381,2.649572649572649,1139,1160,31,0,1129,1148,150926,10,0,0,10,12
2020-08-20,US,Maryland,Wicomico,1424,45,0,38.37301947,-75.62705831,24045.0,1374.3979770097192,3.1601123595505616,1379,1415,45,0,1370,1410,103195,9,0,0,9,5
2020-08-20,US,Maryland,Worcester,741,22,0,38.21274277,-75.33200012,24047.0,1417.476471038335,2.968960863697706,719,737,22,0,715,736,51823,4,0,0,4,1
2020-08-20,US,Massachusetts,Barnstable,1582,164,0,41.72980578,-70.28854339,25001.0,742.7578759566177,10.366624525916562,1418,1803,158,0,1645,1803,213413,-221,6,0,-227,0
2020-08-20,US,Massachusetts,Berkshire,633,46,0,42.37428441,-73.20524838,25003.0,506.62696888205915,7.2669826224328595,587,667,46,0,621,667,126348,-34,0,0,-34,0
2020-08-20,US,Massachusetts,Bristol,8879,645,0,41.79228404,-71.10872211,25005.0,1570.9010875469064,7.264331568870367,8234,9408,637,0,8771,9408,564022,-529,8,0,-537,0
2020-08-20,US,Massachusetts,Dukes and Nantucket,85,1,0,41.40674725,-70.68763497,0.0,295.8476906477324,1.1764705882352942,84,103,1,0,102,103,26707,-18,0,0,-18,0
2020-08-20,US,Massachusetts,Essex,17487,1207,0,42.6687626,-70.94687179,25009.0,2216.254305898098,6.9022702579058715,16280,17930,1194,0,16736,17930,790638,-443,13,0,-456,0
2020-08-20,US,Massachusetts,Franklin,377,61,0,42.58119713,-72.58602547,25011.0,537.1900826446281,16.180371352785144,316,411,61,0,350,411,70963,-34,0,0,-34,0
2020-08-20,US,Massachusetts,Hampden,7505,732,0,42.13440424,-72.63235561,25013.0,1609.23039976671,9.753497668221184,6773,7637,709,0,6928,7637,470406,-132,23,0,-155,0
2020-08-20,US,Massachusetts,Hampshire,1110,131,0,42.33997957,-72.65898478,25015.0,690.1697444506623,11.801801801801801,979,1184,130,0,1054,1184,161355,-74,1,0,-75,0
2020-08-20,US,Massachusetts,Middlesex,24596,2036,0,42.48607732,-71.39049229,25017.0,1526.0914103688094,8.277768742885021,22560,26565,2006,0,24559,26565,1614714,-1969,30,0,-1999,0
2020-08-20,US,Massachusetts,Norfolk,9311,1004,0,42.16073095,-71.20530408,25021.0,1317.3923808850059,10.782944903877137,8307,10682,997,0,9685,10682,705388,-1371,7,0,-1378,0
2020-08-20,US,Massachusetts,Plymouth,8889,731,0,41.94070556,-70.80802823,25023.0,1705.4807924758538,8.223647204409945,8158,9288,723,0,8565,9288,518132,-399,8,0,-407,0
2020-08-20,US,Massachusetts,Suffolk,21459,1091,0,42.327951399999996,-71.07850442,25025.0,2669.338617526654,5.084113891607252,20368,22017,1076,0,20941,22017,807252,-558,15,0,-573,0
2020-08-20,US,Massachusetts,Unassigned,9684,5,0,0.0,0.0,90025.0,0.0,0.05163155720776538,9679,3034,131,0,2903,2682,,6650,-126,0,6776,352
2020-08-20,US,Massachusetts,Worcester,13131,1034,0,42.35026951,-71.90493363,25027.0,1580.863497475386,7.8744954687380995,12097,13686,1007,0,12679,13686,830839,-555,27,0,-582,0
2020-08-20,US,Michigan,Alcona,29,2,0,44.6846864,-83.59507875,26001.0,278.71215761653053,6.896551724137932,27,29,1,0,28,29,10362,0,1,0,-1,0
2020-08-20,US,Michigan,Alger,18,0,0,46.41292944,-86.60260122,26003.0,197.6284584980237,0.0,18,17,0,0,17,17,9097,1,0,0,1,0
2020-08-20,US,Michigan,Allegan,573,6,0,42.59147037,-85.89102866,26005.0,485.2601180545558,1.0471204188481675,567,573,6,0,567,573,117327,0,0,0,0,0
2020-08-20,US,Michigan,Alpena,130,14,0,45.03477666,-83.62212411,26007.0,457.6659038901602,10.769230769230768,116,130,14,0,116,130,28360,0,0,0,0,0
2020-08-20,US,Michigan,Antrim,45,0,0,44.99690221,-85.15503082,26009.0,192.9343165837764,0.0,45,45,0,0,45,43,23365,0,0,0,0,2
2020-08-20,US,Michigan,Arenac,49,3,0,44.0636262,-83.89277559,26011.0,329.23469730565074,6.1224489795918355,46,49,3,0,46,49,15041,0,0,0,0,0
2020-08-20,US,Michigan,Baraga,8,0,0,46.6720582,-88.36363591,26013.0,97.45401388719698,0.0,8,8,0,0,8,6,8320,0,0,0,0,2
2020-08-20,US,Michigan,Barry,200,2,0,42.59513984,-85.30834519,26015.0,324.9390739236393,1.0,198,199,2,0,197,198,61157,1,0,0,1,1
2020-08-20,US,Michigan,Bay,749,36,0,43.70639106,-83.98731479,26017.0,726.2959874328493,4.806408544726302,713,734,36,0,698,723,103923,15,0,0,15,11
2020-08-20,US,Michigan,Benzie,39,1,0,44.63899297,-86.01608482,26019.0,219.52043228638973,2.5641025641025643,38,40,1,0,39,37,17753,-1,0,0,-1,3
2020-08-20,US,Michigan,Berrien,1493,69,0,41.95447397,-86.41313079999998,26021.0,973.2661455922713,4.621567314132619,1424,1486,69,0,1417,1472,154141,7,0,0,7,14
2020-08-20,US,Michigan,Branch,395,3,0,41.91600556,-85.05929476,26023.0,907.691247098835,0.7594936708860759,392,388,2,0,386,387,43622,7,1,0,6,1
2020-08-20,US,Michigan,Calhoun,864,43,0,42.24633834,-85.00493569,26025.0,644.011955962701,4.976851851851851,821,862,43,0,819,853,134487,2,0,0,2,9
2020-08-20,US,Michigan,Cass,372,15,0,41.91522292,-85.99405727,26027.0,718.326993260857,4.032258064516129,357,370,15,0,355,369,51653,2,0,0,2,1
2020-08-20,US,Michigan,Charlevoix,58,2,0,45.37790017,-85.19614053,26029.0,221.85671116551282,3.4482758620689653,56,58,2,0,56,58,26244,0,0,0,0,0
2020-08-20,US,Michigan,Cheboygan,58,2,0,45.44787015,-84.50122149,26031.0,229.4666877670517,3.4482758620689653,56,58,2,0,56,57,25413,0,0,0,0,1
2020-08-20,US,Michigan,Chippewa,47,0,0,46.29552653,-84.54353449,26033.0,125.84004926504056,0.0,47,48,0,0,48,47,37517,-1,0,0,-1,1
2020-08-20,US,Michigan,Clare,90,3,0,43.98794227,-84.84819859999998,26035.0,290.7915993537965,3.333333333333333,87,88,3,0,85,88,30757,2,0,0,2,0
2020-08-20,US,Michigan,Clinton,442,13,0,42.94400871,-84.60145248,26037.0,555.311263270306,2.9411764705882355,429,441,13,0,428,443,79332,1,0,0,1,-2
2020-08-20,US,Michigan,Crawford,111,5,0,44.68255561,-84.61006219,26039.0,791.2181908902986,4.504504504504505,106,111,5,0,106,111,13901,0,0,0,0,0
2020-08-20,US,Michigan,Delta,121,3,0,45.90484910000001,-86.9080745,26041.0,338.1399508160072,2.479338842975207,118,122,3,0,119,116,35857,-1,0,0,-1,6
2020-08-20,US,Michigan,Dickinson,60,2,0,46.00999672,-87.86961634,26043.0,237.72732675621063,3.333333333333333,58,60,2,0,58,60,25383,0,0,0,0,0
2020-08-20,US,Michigan,Eaton,479,8,0,42.59599185,-84.83740035,26045.0,434.39619835310333,1.6701461377870563,471,480,8,0,472,476,109826,-1,0,0,-1,4
2020-08-20,US,Michigan,Emmet,91,2,0,45.52625509,-84.89083249,26047.0,272.33278467754,2.1978021978021984,89,88,2,0,86,85,33308,3,0,0,3,3
2020-08-20,US,Michigan,Federal Correctional Institution (FCI),195,5,0,0.0,0.0,0.0,0.0,2.5641025641025643,190,195,5,0,190,195,,0,0,0,0,0
2020-08-20,US,Michigan,Genesee,3814,300,0,43.02244215,-83.70589709,26049.0,939.8417497714464,7.865757734661773,3514,3787,299,0,3488,3771,406892,27,1,0,26,16
2020-08-20,US,Michigan,Gladwin,72,2,0,43.98901072,-84.38774817,26051.0,282.91877873393844,2.7777777777777777,70,70,2,0,68,70,25337,2,0,0,2,0
2020-08-20,US,Michigan,Gogebic,137,1,0,46.40862701,-89.69377193,26053.0,980.3220035778177,0.7299270072992701,136,137,1,0,136,137,15096,0,0,0,0,0
2020-08-20,US,Michigan,Grand Traverse,255,5,0,44.69565625,-85.55585247,26055.0,273.9343416981781,1.96078431372549,250,249,5,0,244,245,92573,6,0,0,6,4
2020-08-20,US,Michigan,Gratiot,168,15,0,43.29265605,-84.60505416,26057.0,412.6648817272973,8.928571428571429,153,168,15,0,153,168,40599,0,0,0,0,0
2020-08-20,US,Michigan,Hillsdale,284,25,0,41.88753639,-84.59312019,26059.0,622.7387347878522,8.80281690140845,259,283,25,0,258,283,45749,1,0,0,1,0
2020-08-20,US,Michigan,Houghton,57,0,0,46.89988536,-88.68495385,26061.0,159.73545566640507,0.0,57,56,0,0,56,55,36219,1,0,0,1,1
2020-08-20,US,Michigan,Huron,182,4,0,43.83353985,-83.04078453,26063.0,587.4568283786838,2.1978021978021984,178,182,4,0,178,178,31166,0,0,0,0,4
2020-08-20,US,Michigan,Ingham,1661,36,0,42.59716886,-84.37472069,26065.0,568.0457993338031,2.167369054786273,1625,1652,35,0,1617,1640,292735,9,1,0,8,12
2020-08-20,US,Michigan,Ionia,281,7,0,42.94502238,-85.07413319,26067.0,434.33234925885284,2.491103202846975,274,281,7,0,274,277,64210,0,0,0,0,4
2020-08-20,US,Michigan,Iosco,138,12,0,44.35486835,-83.63484895,26069.0,549.2100131332828,8.695652173913043,126,138,12,0,126,138,25081,0,0,0,0,0
2020-08-20,US,Michigan,Iron,23,1,0,46.20974132,-88.53136251,26071.0,207.84384601482017,4.3478260869565215,22,23,1,0,22,23,11117,0,0,0,0,0
2020-08-20,US,Michigan,Isabella,246,9,0,43.64060976,-84.84664923,26073.0,352.07236088848185,3.6585365853658534,237,231,9,0,222,228,70562,15,0,0,15,3
2020-08-20,US,Michigan,Jackson,751,36,0,42.24807035,-84.42258681,26075.0,473.7871427670178,4.793608521970706,715,750,36,0,714,748,158823,1,0,0,1,2
2020-08-20,US,Michigan,Kalamazoo,1784,86,0,42.24542231,-85.53038622,26077.0,673.039922132601,4.820627802690582,1698,1779,87,0,1692,1765,264870,5,-1,0,6,14
2020-08-20,US,Michigan,Kalkaska,58,4,0,44.68512729,-85.09085699,26079.0,321.54340836012864,6.896551724137932,54,58,4,0,54,56,17824,0,0,0,0,2
2020-08-20,US,Michigan,Kent,7899,159,0,43.03197711,-85.54934642,26081.0,1202.3654588213806,2.0129130269654385,7740,7875,158,0,7717,7843,653786,24,1,0,23,32
2020-08-20,US,Michigan,Keweenaw,2,0,0,47.63197653,-88.41434263,26083.0,94.5179584120983,0.0,2,2,0,0,2,2,2113,0,0,0,0,0
2020-08-20,US,Michigan,Lake,29,0,0,43.99050893,-85.802173,26085.0,244.6637981945499,0.0,29,29,0,0,29,29,11881,0,0,0,0,0
2020-08-20,US,Michigan,Lapeer,508,35,0,43.09052506,-83.22153148,26087.0,579.8623397673701,6.889763779527558,473,508,34,0,474,508,88028,0,1,0,-1,0
2020-08-20,US,Michigan,Leelanau,80,0,0,44.94430054,-85.80150326,26089.0,367.6301640549607,0.0,80,80,0,0,80,76,21764,0,0,0,0,4
2020-08-20,US,Michigan,Lenawee,487,13,0,41.89475156,-84.06603727,26091.0,494.6623193263654,2.6694045174537986,474,483,13,0,470,478,98266,4,0,0,4,5
2020-08-20,US,Michigan,Livingston,967,29,0,42.60302282,-83.91297209,26093.0,503.6589494518088,2.998965873836608,938,951,29,0,922,935,191224,16,0,0,16,16
2020-08-20,US,Michigan,Luce,4,0,0,46.47227431,-85.54471223,26095.0,64.21576497030021,0.0,4,4,0,0,4,4,6283,0,0,0,0,0
2020-08-20,US,Michigan,Mackinac,29,0,0,46.07028979,-85.04980537,26097.0,268.54338364663397,0.0,29,28,0,0,28,28,10787,1,0,0,1,0
2020-08-20,US,Michigan,Macomb,11674,958,0,42.69158356,-82.92752801,26099.0,1335.7407331127313,8.206270344354976,10716,11621,956,0,10665,11484,874759,53,2,0,51,137
2020-08-20,US,Michigan,Manistee,44,1,0,44.33352407,-86.05626916,26101.0,179.167684664875,2.272727272727273,43,43,1,0,42,43,24528,1,0,0,1,0
2020-08-20,US,Michigan,Marquette,223,11,0,46.4338914,-87.64043701,26103.0,334.33784614461985,4.932735426008969,212,217,11,0,206,210,66516,6,0,0,6,7
2020-08-20,US,Michigan,Mason,107,0,0,43.99509218,-86.24988902,26105.0,367.1424650013725,0.0,107,107,0,0,107,107,29100,0,0,0,0,0
2020-08-20,US,Michigan,Mecosta,76,2,0,43.64064262,-85.32463223,26107.0,174.90161783996498,2.631578947368421,74,76,2,0,74,76,43545,0,0,0,0,0
2020-08-20,US,Michigan,Menominee,208,0,0,45.58038692,-87.55370409,26109.0,913.081650570676,0.0,208,207,0,0,207,196,22983,1,0,0,1,11
2020-08-20,US,Michigan,Michigan Department of Corrections (MDOC),4906,69,0,0.0,0.0,0.0,0.0,1.4064410925397473,4837,4904,69,0,4835,4901,,2,0,0,2,3
2020-08-20,US,Michigan,Midland,369,10,0,43.64330771,-84.38804374,26111.0,443.7442878445332,2.710027100271003,359,365,10,0,355,362,83209,4,0,0,4,3
2020-08-20,US,Michigan,Missaukee,42,1,0,44.33772443,-85.09256478,26113.0,277.81452573091684,2.380952380952381,41,42,1,0,41,42,15113,0,0,0,0,0
2020-08-20,US,Michigan,Monroe,1136,25,0,41.92734151,-83.53749864,26115.0,754.8172757475082,2.2007042253521125,1111,1115,24,0,1091,1094,150439,21,1,0,20,21
2020-08-20,US,Michigan,Montcalm,207,3,0,43.31082541,-85.15252824,26117.0,324.0045078888054,1.4492753623188406,204,207,3,0,204,207,63968,0,0,0,0,0
2020-08-20,US,Michigan,Montmorency,11,0,0,45.0275929,-84.12696227,26119.0,117.92452830188678,0.0,11,10,0,0,10,8,9265,1,0,0,1,2
2020-08-20,US,Michigan,Muskegon,1261,63,0,43.29123859,-86.15176712,26121.0,726.5247801988869,4.9960348929421095,1198,1248,63,0,1185,1238,173588,13,0,0,13,10
2020-08-20,US,Michigan,Newaygo,271,0,0,43.554373999999996,-85.80070107,26123.0,553.2870559412005,0.0,271,271,0,0,271,275,48892,0,0,0,0,-4
2020-08-20,US,Michigan,Oakland,16885,1146,0,42.66090111,-83.38595416,26125.0,1342.653850557895,6.787089132366005,15739,16794,1144,0,15650,16639,1259201,91,2,0,89,155
2020-08-20,US,Michigan,Oceana,491,6,0,43.64124435,-86.26726673,26127.0,1855.1403634714927,1.2219959266802445,485,489,6,0,483,490,26625,2,0,0,2,-1
2020-08-20,US,Michigan,Ogemaw,54,3,0,44.33481032,-84.12725175,26129.0,257.17959708529787,5.5555555555555545,51,54,3,0,51,54,20952,0,0,0,0,0
2020-08-20,US,Michigan,Ontonagon,29,0,0,46.665226200000006,-89.31390481,26131.0,506.993006993007,0.0,29,30,0,0,30,30,5795,-1,0,0,-1,0
2020-08-20,US,Michigan,Osceola,72,0,0,43.98992088,-85.32566756,26133.0,306.90537084398983,0.0,72,71,0,0,71,71,23341,1,0,0,1,0
2020-08-20,US,Michigan,Oscoda,29,1,0,44.68192279,-84.12939244,26135.0,351.8990413784735,3.4482758620689653,28,29,1,0,28,29,8276,0,0,0,0,0
2020-08-20,US,Michigan,Otsego,136,11,0,45.02085831,-84.59898295,26137.0,551.3215501864763,8.088235294117647,125,136,11,0,125,136,24665,0,0,0,0,0
2020-08-20,US,Michigan,Ottawa,1965,61,0,42.95996803,-85.9969107,26139.0,673.337216872837,3.1043256997455466,1904,1956,60,0,1896,1943,290494,9,1,0,8,13
2020-08-20,US,Michigan,Out of MI,92,0,0,0.0,0.0,80026.0,0.0,0.0,92,97,1,0,96,128,,-5,-1,0,-4,-31
2020-08-20,US,Michigan,Presque Isle,21,1,0,45.34018577,-83.91498656,26141.0,166.77255400254128,4.761904761904762,20,21,1,0,20,21,12738,0,0,0,0,0
2020-08-20,US,Michigan,Roscommon,60,3,0,44.33473082,-84.61067651,26143.0,249.8022398934177,5.0,57,60,3,0,57,59,23884,0,0,0,0,1
2020-08-20,US,Michigan,Saginaw,2264,129,0,43.33433923,-84.05131209999998,26145.0,1188.2081883498915,5.6978798586572434,2135,2233,129,0,2104,2211,190800,31,0,0,31,22
2020-08-20,US,Michigan,Sanilac,116,6,0,43.42406072,-82.82055898,26151.0,281.75856205975225,5.172413793103448,110,117,6,0,111,117,41182,-1,0,0,-1,0
2020-08-20,US,Michigan,Schoolcraft,14,0,0,46.19235734,-86.19972234,26153.0,172.96763034346432,0.0,14,14,0,0,14,14,8068,0,0,0,0,0
2020-08-20,US,Michigan,Shiawassee,367,29,0,42.95392800000001,-84.14585902,26155.0,538.7393206306333,7.901907356948229,338,363,29,0,334,361,68192,4,0,0,4,2
2020-08-20,US,Michigan,St. Clair,861,53,0,42.92655373,-82.67937954,26147.0,541.0738524961038,6.155632984901277,808,857,53,0,804,847,159337,4,0,0,4,10
2020-08-20,US,Michigan,St. Joseph,644,10,0,41.91441767,-85.52797979,26149.0,1056.3611311593727,1.5527950310559009,634,641,10,0,631,636,61043,3,0,0,3,5
2020-08-20,US,Michigan,Tuscola,394,29,0,43.46606813,-83.41897025,26157.0,754.1391520719687,7.3604060913705585,365,392,29,0,363,391,52516,2,0,0,2,1
2020-08-20,US,Michigan,Unassigned,6,0,0,0.0,0.0,90026.0,0.0,0.0,6,5,0,0,5,23,,1,0,0,1,-18
2020-08-20,US,Michigan,Van Buren,531,14,0,42.25190229,-86.01939087,26159.0,701.6662922684567,2.6365348399246704,517,527,13,0,514,514,75448,4,1,0,3,13
2020-08-20,US,Michigan,Washtenaw,2722,115,0,42.253105,-83.83853204,26161.0,740.4767669293608,4.224834680382072,2607,2696,115,0,2581,2669,370963,26,0,0,26,27
2020-08-20,US,Michigan,Wayne,29622,2852,0,42.28098405,-83.281255,26163.0,1693.3214355332261,9.627979204645195,26770,29517,2847,0,26670,29394,1753893,105,5,0,100,123
2020-08-20,US,Michigan,Wexford,76,4,0,44.33853602,-85.57712739,26165.0,225.9819809104695,5.2631578947368425,72,76,4,0,72,75,33466,0,0,0,0,1
2020-08-20,US,Minnesota,Aitkin,44,1,0,46.60962049,-93.41168259999999,27001.0,276.97343572957317,2.272727272727273,43,44,1,0,43,44,15902,0,0,0,0,0
2020-08-20,US,Minnesota,Anoka,4177,116,0,45.27476015,-93.24604565,27003.0,1170.2869822733885,2.777112760354321,4061,4149,116,0,4033,4096,353813,28,0,0,28,53
2020-08-20,US,Minnesota,Becker,170,1,0,46.93479392,-95.67158144,27005.0,493.8558521918485,0.5882352941176471,169,168,1,0,167,167,34371,2,0,0,2,1
2020-08-20,US,Minnesota,Beltrami,286,1,0,47.97373527,-94.93732139,27007.0,606.0862931253707,0.34965034965034963,285,281,1,0,280,279,46847,5,0,0,5,2
2020-08-20,US,Minnesota,Benton,342,3,0,45.69804958,-93.99514135,27009.0,836.4107706229057,0.8771929824561403,339,340,3,0,337,338,40545,2,0,0,2,2
2020-08-20,US,Minnesota,Big Stone,29,0,0,45.42712824,-96.41403739,27011.0,581.0458825886595,0.0,29,28,0,0,28,26,4989,1,0,0,1,2
2020-08-20,US,Minnesota,Blue Earth,1018,5,0,44.03554215,-94.06699781,27013.0,1504.7374100187726,0.4911591355599214,1013,1007,5,0,1002,998,67427,11,0,0,11,9
2020-08-20,US,Minnesota,Brown,101,2,0,44.24205652,-94.72562874,27015.0,403.87076135636596,1.98019801980198,99,101,2,0,99,99,25111,0,0,0,0,2
2020-08-20,US,Minnesota,Carlton,162,1,0,46.59180601,-92.67601019,27017.0,451.6182989044075,0.6172839506172839,161,160,1,0,159,158,35837,2,0,0,2,2
2020-08-20,US,Minnesota,Carver,991,4,0,44.82017001,-93.80099179999999,27019.0,943.0102103930952,0.4036326942482341,987,987,4,0,983,973,103551,4,0,0,4,14
2020-08-20,US,Minnesota,Cass,86,3,0,46.95043611,-94.32603968,27021.0,288.79411665939085,3.4883720930232562,83,84,3,0,81,83,29519,2,0,0,2,1
2020-08-20,US,Minnesota,Chippewa,126,1,0,45.02343421,-95.56403693,27023.0,1067.7966101694915,0.7936507936507936,125,126,1,0,125,126,11924,0,0,0,0,0
2020-08-20,US,Minnesota,Chisago,238,1,0,45.5021011,-92.90861945,27025.0,420.65077148765437,0.4201680672268908,237,233,1,0,232,227,55922,5,0,0,5,6
2020-08-20,US,Minnesota,Clay,807,40,0,46.89289518,-96.48761922,27027.0,1256.5787424869982,4.956629491945477,767,802,40,0,762,799,63955,5,0,0,5,3
2020-08-20,US,Minnesota,Clearwater,15,0,0,47.57992111,-95.37790562,27029.0,170.10660013608532,0.0,15,15,0,0,15,14,8810,0,0,0,0,1
2020-08-20,US,Minnesota,Cook,6,0,0,47.90504893,-90.52629546,27031.0,109.82976386600771,0.0,6,6,0,0,6,6,5393,0,0,0,0,0
2020-08-20,US,Minnesota,Cottonwood,193,0,0,44.00715262,-95.18138802,27033.0,1723.8299392640229,0.0,193,188,0,0,188,188,11277,5,0,0,5,0
2020-08-20,US,Minnesota,Crow Wing,279,15,0,46.48096553,-94.06755609,27035.0,428.86788102374913,5.376344086021504,264,275,14,0,261,272,64889,4,1,0,3,3
2020-08-20,US,Minnesota,Dakota,5048,108,0,44.67172617,-93.06299363,27037.0,1176.6323793007805,2.13946117274168,4940,4992,108,0,4884,4921,425423,56,0,0,56,71
2020-08-20,US,Minnesota,Dodge,143,0,0,44.02238415,-92.86244324,27039.0,683.0992643546384,0.0,143,142,0,0,142,141,20822,1,0,0,1,1
2020-08-20,US,Minnesota,Douglas,146,1,0,45.93348491,-95.45335469,27041.0,382.79017330431816,0.6849315068493149,145,147,1,0,146,147,37964,-1,0,0,-1,0
2020-08-20,US,Minnesota,Faribault,99,0,0,43.67381499,-93.94787458,27043.0,725.1153592617007,0.0,99,96,0,0,96,96,13758,3,0,0,3,0
2020-08-20,US,Minnesota,Fillmore,78,0,0,43.67394126,-92.08980382,27045.0,370.2473062135092,0.0,78,78,0,0,78,77,21058,0,0,0,0,1
2020-08-20,US,Minnesota,Freeborn,377,1,0,43.67385583,-93.34884422,27047.0,1245.0051187213105,0.26525198938992045,376,375,1,0,374,374,30444,2,0,0,2,1
2020-08-20,US,Minnesota,Goodhue,232,9,0,44.40849741,-92.72341949999999,27049.0,500.6473888649115,3.8793103448275854,223,223,9,0,214,217,46403,9,0,0,9,6
2020-08-20,US,Minnesota,Grant,55,4,0,45.93424769,-96.01139609,27051.0,920.9645010046886,7.272727272727272,51,55,4,0,51,57,6021,0,0,0,0,-2
2020-08-20,US,Minnesota,Hennepin,21050,860,0,45.00761521,-93.47694895,27053.0,1662.9234431126135,4.085510688836105,20190,20853,855,0,19998,20722,1259428,197,5,0,192,131
2020-08-20,US,Minnesota,Houston,63,0,0,43.67129565,-91.49143057,27055.0,338.7096774193548,0.0,63,63,0,0,63,60,18578,0,0,0,0,3
2020-08-20,US,Minnesota,Hubbard,39,0,0,47.10778564,-94.91693868,27057.0,181.47131357312364,0.0,39,37,0,0,37,37,21332,2,0,0,2,0
2020-08-20,US,Minnesota,Isanti,156,0,0,45.56181234,-93.29487636,27059.0,384.27431274017135,0.0,156,151,0,0,151,148,39966,5,0,0,5,3
2020-08-20,US,Minnesota,Itasca,153,12,0,47.51009045,-93.63092229,27061.0,339.0206071349436,7.84313725490196,141,151,12,0,139,150,45108,2,0,0,2,1
2020-08-20,US,Minnesota,Jackson,87,0,0,43.67423373,-95.15398258,27063.0,883.6075563680682,0.0,87,85,0,0,85,85,9911,2,0,0,2,0
2020-08-20,US,Minnesota,Kanabec,48,4,0,45.9459309,-93.29275192,27065.0,293.81159331578624,8.333333333333334,44,46,4,0,42,45,16207,2,0,0,2,1
2020-08-20,US,Minnesota,Kandiyohi,753,1,0,45.1526059,-95.00586446,27067.0,1743.095904997801,0.13280212483399734,752,745,1,0,744,742,42855,8,0,0,8,3
2020-08-20,US,Minnesota,Kittson,3,0,0,48.77754106,-96.78317184,27069.0,69.79990693345742,0.0,3,3,0,0,3,3,4248,0,0,0,0,0
2020-08-20,US,Minnesota,Koochiching,84,3,0,48.24539665,-93.78352843,27071.0,686.89181453921,3.571428571428572,81,84,3,0,81,84,12440,0,0,0,0,0
2020-08-20,US,Minnesota,Lac qui Parle,10,0,0,44.9973857,-96.17488219,27073.0,150.98897780462028,0.0,10,10,0,0,10,10,6658,0,0,0,0,0
2020-08-20,US,Minnesota,Lake,25,0,0,47.64270764,-91.44557998,27075.0,234.9403251574101,0.0,25,25,0,0,25,25,10658,0,0,0,0,0
2020-08-20,US,Minnesota,Lake of the Woods,7,0,0,48.77217001,-94.90274472,27077.0,187.16577540106945,0.0,7,7,0,0,7,7,3758,0,0,0,0,0
2020-08-20,US,Minnesota,Le Sueur,285,2,0,44.37136597,-93.72844721,27079.0,986.602970194205,0.7017543859649122,283,263,2,0,261,259,28494,22,0,0,22,4
2020-08-20,US,Minnesota,Lincoln,62,0,0,44.41311883,-96.26688165,27081.0,1099.4857244192233,0.0,62,61,0,0,61,61,5673,1,0,0,1,0
2020-08-20,US,Minnesota,Lyon,436,3,0,44.41327865,-95.83806103,27083.0,1711.5490303839208,0.6880733944954128,433,434,3,0,431,432,25629,2,0,0,2,2
2020-08-20,US,Minnesota,Mahnomen,31,1,0,47.32557075,-95.80921485,27087.0,560.8829383028768,3.2258064516129035,30,30,1,0,29,29,5519,1,0,0,1,1
2020-08-20,US,Minnesota,Marshall,30,0,0,48.35825983,-96.37017407,27089.0,321.3367609254499,0.0,30,30,0,0,30,30,9390,0,0,0,0,0
2020-08-20,US,Minnesota,Martin,214,6,0,43.67429718,-94.55099908,27091.0,1087.2326373012243,2.803738317757009,208,212,6,0,206,212,19785,2,0,0,2,0
2020-08-20,US,Minnesota,McLeod,282,1,0,44.82367677,-94.27287017,27085.0,785.66851475218,0.3546099290780142,281,279,2,0,277,278,35873,3,-1,0,4,1
2020-08-20,US,Minnesota,Meeker,91,2,0,45.12328869,-94.52839455,27093.0,391.86977865816897,2.1978021978021984,89,91,2,0,89,91,23141,0,0,0,0,0
2020-08-20,US,Minnesota,Mille Lacs,83,3,0,45.93705297,-93.63236823,27095.0,315.86558587357763,3.614457831325301,80,82,3,0,79,79,26139,1,0,0,1,3
2020-08-20,US,Minnesota,Morrison,104,1,0,46.01265363,-94.27341528,27097.0,311.507817648116,0.9615384615384616,103,103,1,0,102,102,33169,1,0,0,1,1
2020-08-20,US,Minnesota,Mower,1139,3,0,43.67142874,-92.75234549,27099.0,2843.0932055314256,0.2633889376646181,1136,1134,3,0,1131,1128,40011,5,0,0,5,6
2020-08-20,US,Minnesota,Murray,132,1,0,44.02216709,-95.76328482,27101.0,1610.9348303636807,0.7575757575757576,131,131,1,0,130,130,8276,1,0,0,1,1
2020-08-20,US,Minnesota,Nicollet,396,13,0,44.35291112,-94.24710352,27103.0,1155.3947598762911,3.2828282828282833,383,386,13,0,373,384,34220,10,0,0,10,2
2020-08-20,US,Minnesota,Nobles,1807,11,0,43.67434621,-95.75329576,27105.0,8354.524018678627,0.6087437742114001,1796,1803,11,0,1792,1801,21924,4,0,0,4,2
2020-08-20,US,Minnesota,Norman,43,0,0,47.32628443,-96.45620947,27107.0,674.5098039215686,0.0,43,43,0,0,43,43,6475,0,0,0,0,0
2020-08-20,US,Minnesota,Olmsted,1877,24,0,44.00374114,-92.40209944,27109.0,1185.7757449792473,1.2786361214704316,1853,1866,24,0,1842,1851,156277,11,0,0,11,15
2020-08-20,US,Minnesota,Otter Tail,229,4,0,46.40846929,-95.70835255,27111.0,389.8137745548633,1.7467248908296944,225,227,4,0,223,227,58812,2,0,0,2,0
2020-08-20,US,Minnesota,Pennington,74,1,0,48.06642577,-96.0370814,27113.0,524.1164388412777,1.351351351351351,73,74,1,0,73,75,14178,0,0,0,0,-1
2020-08-20,US,Minnesota,Pine,132,0,0,46.12105238,-92.74070188,27115.0,446.26255113425066,0.0,132,132,0,0,132,132,29483,0,0,0,0,0
2020-08-20,US,Minnesota,Pipestone,166,9,0,44.02301619,-96.25841142,27117.0,1818.9787420556647,5.421686746987952,157,165,9,0,156,165,9047,1,0,0,1,0
2020-08-20,US,Minnesota,Polk,171,4,0,47.77372465,-96.40134647,27119.0,545.2110700165795,2.3391812865497075,167,168,4,0,164,161,31529,3,0,0,3,7
2020-08-20,US,Minnesota,Pope,55,0,0,45.58606667,-95.44451209,27121.0,488.9323495421816,0.0,55,52,0,0,52,49,11097,3,0,0,3,3
2020-08-20,US,Minnesota,Ramsey,8312,280,0,45.01625271,-93.09872295,27123.0,1510.3912080403982,3.3686236766121267,8032,8234,279,0,7955,8170,550210,78,1,0,77,64
2020-08-20,US,Minnesota,Red Lake,27,0,0,47.87197525,-96.09561104,27125.0,665.8446362515413,0.0,27,26,0,0,26,26,3999,1,0,0,1,0
2020-08-20,US,Minnesota,Redwood,40,0,0,44.40555844,-95.25207021,27127.0,263.6783124588003,0.0,40,39,0,0,39,38,15249,1,0,0,1,1
2020-08-20,US,Minnesota,Renville,69,5,0,44.72836381,-94.94553734,27129.0,474.2919989001925,7.246376811594202,64,69,5,0,64,69,14612,0,0,0,0,0
2020-08-20,US,Minnesota,Rice,1096,8,0,44.3543376,-93.29658715,27131.0,1636.5048079794547,0.7299270072992701,1088,1078,8,0,1070,1073,66523,18,0,0,18,5
2020-08-20,US,Minnesota,Rock,93,0,0,43.67482683,-96.25296832,27133.0,998.389694041868,0.0,93,90,0,0,90,90,9414,3,0,0,3,0
2020-08-20,US,Minnesota,Roseau,58,0,0,48.77501878,-95.81079919,27135.0,382.4596109462578,0.0,58,57,0,0,57,57,15150,1,0,0,1,0
2020-08-20,US,Minnesota,Scott,1782,25,0,44.6490231,-93.53340251,27139.0,1195.8688168146402,1.4029180695847363,1757,1761,25,0,1736,1750,147381,21,0,0,21,11
2020-08-20,US,Minnesota,Sherburne,801,11,0,45.44447208,-93.77617511,27141.0,823.7520310989531,1.373283395755306,790,790,11,0,779,787,96036,11,0,0,11,3
2020-08-20,US,Minnesota,Sibley,99,2,0,44.5796592,-94.23164924,27143.0,665.9939455095863,2.0202020202020203,97,97,2,0,95,93,15028,2,0,0,2,4
2020-08-20,US,Minnesota,St. Louis,707,21,0,47.604840700000004,-92.46879855,27137.0,355.1514542623197,2.9702970297029703,686,696,21,0,675,681,199754,11,0,0,11,15
2020-08-20,US,Minnesota,Stearns,3019,21,0,45.55192576,-94.61078221,27145.0,1874.2821666925345,0.6955945677376615,2998,2990,21,0,2969,2973,159256,29,0,0,29,17
2020-08-20,US,Minnesota,Steele,378,2,0,44.02240351,-93.22627088,27147.0,1031.4060410925265,0.5291005291005291,376,375,2,0,373,371,36803,3,0,0,3,4
2020-08-20,US,Minnesota,Stevens,22,0,0,45.58613007,-96.00163705,27149.0,224.37531871494136,0.0,22,22,0,0,22,22,9753,0,0,0,0,0
2020-08-20,US,Minnesota,Swift,58,1,0,45.2829032,-95.68264092,27151.0,625.9443125404705,1.7241379310344829,57,58,1,0,57,58,9345,0,0,0,0,0
2020-08-20,US,Minnesota,Todd,436,2,0,46.06996226,-94.89785296,27153.0,1767.758676613688,0.4587155963302753,434,436,2,0,434,436,24582,0,0,0,0,0
2020-08-20,US,Minnesota,Traverse,19,0,0,45.77298854,-96.47062949,27155.0,583.0009205277693,0.0,19,17,0,0,17,17,3308,2,0,0,2,0
2020-08-20,US,Minnesota,Unassigned,120,46,0,0.0,0.0,90027.0,0.0,38.333333333333336,74,125,45,0,80,148,,-5,1,0,-6,-23
2020-08-20,US,Minnesota,Wabasha,107,0,0,44.28424356,-92.23121312,27157.0,494.75193045729867,0.0,107,103,0,0,103,101,21645,4,0,0,4,2
2020-08-20,US,Minnesota,Wadena,31,0,0,46.58589171,-94.96968506,27159.0,226.57506212542026,0.0,31,30,0,0,30,30,13773,1,0,0,1,0
2020-08-20,US,Minnesota,Waseca,193,1,0,44.02211116,-93.58720034,27161.0,1036.9653986675264,0.5181347150259067,192,183,1,0,182,180,18691,10,0,0,10,3
2020-08-20,US,Minnesota,Washington,2478,51,0,45.03864533,-92.88429635,27163.0,944.2158207590306,2.0581113801452786,2427,2435,51,0,2384,2404,259201,43,0,0,43,31
2020-08-20,US,Minnesota,Watonwan,395,3,0,43.97823903,-94.61413846,27165.0,3624.850876387997,0.7594936708860759,392,394,3,0,391,394,10980,1,0,0,1,0
2020-08-20,US,Minnesota,Wilkin,41,3,0,46.35721532,-96.4684375,27167.0,660.5445464797809,7.317073170731707,38,39,3,0,36,39,6254,2,0,0,2,0
2020-08-20,US,Minnesota,Winona,286,17,0,43.98772283,-91.78081305,27169.0,566.51612392045,5.944055944055943,269,284,17,0,267,279,50825,2,0,0,2,5
2020-08-20,US,Minnesota,Wright,1019,6,0,45.17297924,-93.96234781,27171.0,736.3940539251465,0.5888125613346418,1013,1006,6,0,1000,990,136349,13,0,0,13,16
2020-08-20,US,Minnesota,Yellow Medicine,57,0,0,44.71710183,-95.86842453,27173.0,587.0841487279844,0.0,57,56,0,0,56,56,9795,1,0,0,1,0
2020-08-20,US,Mississippi,Adams,693,28,0,31.47669768,-91.35326037,28001.0,2257.843808034405,4.040404040404041,665,684,28,0,656,679,31192,9,0,0,9,5
2020-08-20,US,Mississippi,Alcorn,488,6,0,34.88084463,-88.57996173,28003.0,1320.596433307174,1.2295081967213115,482,475,6,0,469,465,36925,13,0,0,13,10
2020-08-20,US,Mississippi,Amite,257,6,0,31.17467303,-90.80501621,28005.0,2089.9406359274617,2.3346303501945527,251,253,6,0,247,252,12326,4,0,0,4,1
2020-08-20,US,Mississippi,Attala,563,25,0,33.08658803,-89.57838564,28007.0,3097.8320677891493,4.440497335701599,538,559,25,0,534,553,18365,4,0,0,4,6
2020-08-20,US,Mississippi,Benton,181,1,0,34.81681228,-89.18945516,28009.0,2191.548613633612,0.5524861878453039,180,174,1,0,173,169,8271,7,0,0,7,5
2020-08-20,US,Mississippi,Bolivar,1289,41,0,33.79696941,-90.87372121,28011.0,4208.567324017239,3.1807602792862686,1248,1269,40,0,1229,1251,31333,20,1,0,19,18
2020-08-20,US,Mississippi,Calhoun,442,9,0,33.93683395,-89.33686647,28013.0,3077.780098878908,2.0361990950226243,433,439,9,0,430,437,14436,3,0,0,3,2
2020-08-20,US,Mississippi,Carroll,279,11,0,33.44834567,-89.91994479,28015.0,2804.8657886800042,3.942652329749104,268,275,11,0,264,268,9911,4,0,0,4,7
2020-08-20,US,Mississippi,Chickasaw,535,20,0,33.91983202,-88.9481545,28017.0,3128.106180202304,3.7383177570093458,515,528,20,0,508,518,17171,7,0,0,7,10
2020-08-20,US,Mississippi,Choctaw,147,4,0,33.34598242,-89.24809382,28019.0,1790.4993909866016,2.7210884353741496,143,147,4,0,143,143,8278,0,0,0,0,4
2020-08-20,US,Mississippi,Claiborne,418,15,0,31.97061673,-90.90702196,28021.0,4650.645304850912,3.5885167464114827,403,418,15,0,403,416,9002,0,0,0,0,2
2020-08-20,US,Mississippi,Clarke,395,28,0,32.04158545,-88.68896219999998,28023.0,2541.6639855865133,7.0886075949367084,367,389,28,0,361,375,15604,6,0,0,6,14
2020-08-20,US,Mississippi,Clay,435,14,0,33.65358105,-88.77784255,28025.0,2252.0190515634713,3.218390804597701,421,431,14,0,417,430,19386,4,0,0,4,1
2020-08-20,US,Mississippi,Coahoma,890,14,0,34.22772299,-90.60415045,28027.0,4022.780690652685,1.5730337078651686,876,875,14,0,861,834,22628,15,0,0,15,41
2020-08-20,US,Mississippi,Copiah,1002,30,0,31.86977774,-90.44565118,28029.0,3570.2832709780864,2.9940119760479043,972,996,30,0,966,991,28543,6,0,0,6,5
2020-08-20,US,Mississippi,Covington,680,17,0,31.63225413,-89.55389939,28031.0,3648.851684910925,2.5,663,679,17,0,662,672,18853,1,0,0,1,7
2020-08-20,US,Mississippi,DeSoto,4143,37,0,34.87625235,-89.99091418,28033.0,2240.125442699181,0.8930726526671494,4106,4079,35,0,4044,3983,182001,64,2,0,62,96
2020-08-20,US,Mississippi,Forrest,1964,59,0,31.18961454,-89.25832496,28035.0,2622.267914602721,3.0040733197556007,1905,1947,59,0,1888,1937,75036,17,0,0,17,10
2020-08-20,US,Mississippi,Franklin,159,2,0,31.47786634,-90.89672989,28037.0,2061.4546868922603,1.2578616352201255,157,158,2,0,156,157,7788,1,0,0,1,1
2020-08-20,US,Mississippi,George,654,11,0,30.86259065,-88.64436789,28039.0,2669.387755102041,1.6819571865443426,643,647,10,0,637,641,24250,7,1,0,6,6
2020-08-20,US,Mississippi,Greene,276,14,0,31.21444233,-88.63922281,28041.0,2031.503017812454,5.0724637681159415,262,275,14,0,261,276,13586,1,0,0,1,-1
2020-08-20,US,Mississippi,Grenada,888,28,0,33.77036166,-89.80245083,28043.0,4277.868773484922,3.1531531531531534,860,885,28,0,857,878,21055,3,0,0,3,7
2020-08-20,US,Mississippi,Hancock,442,17,0,30.41830223,-89.48851033,28045.0,927.9475982532753,3.8461538461538463,425,436,17,0,419,432,47334,6,0,0,6,4
2020-08-20,US,Mississippi,Harrison,2927,41,0,30.51359752,-89.12467576,28047.0,1406.6705113417913,1.4007516228220018,2886,2868,40,0,2828,2836,206650,59,1,0,58,32
2020-08-20,US,Mississippi,Hinds,6098,130,0,32.2656285,-90.44435448,28049.0,2630.262249827468,2.1318465070514923,5968,6065,129,0,5936,5995,237085,33,1,0,32,70
2020-08-20,US,Mississippi,Holmes,983,50,0,33.12345854,-90.08923538,28051.0,5778.953556731334,5.0864699898270604,933,978,50,0,928,964,17622,5,0,0,5,14
2020-08-20,US,Mississippi,Humphreys,319,12,0,33.12825718,-90.52252707,28053.0,3955.853174603175,3.761755485893417,307,316,12,0,304,313,8257,3,0,0,3,3
2020-08-20,US,Mississippi,Issaquena,45,2,0,32.72531359,-90.97392828,28055.0,3391.107761868877,4.4444444444444455,43,29,2,0,27,28,1308,16,0,0,16,1
2020-08-20,US,Mississippi,Itawamba,465,12,0,34.27993475,-88.3606733,28057.0,1988.0290722531,2.5806451612903225,453,452,12,0,440,440,23517,13,0,0,13,12
2020-08-20,US,Mississippi,Jackson,2650,52,0,30.54020656,-88.64184064,28059.0,1845.185458545994,1.962264150943396,2598,2594,50,0,2544,2518,143277,56,2,0,54,76
2020-08-20,US,Mississippi,Jasper,448,12,0,32.01922104,-89.11786866,28061.0,2734.541903192333,2.6785714285714284,436,439,12,0,427,435,16428,9,0,0,9,4
2020-08-20,US,Mississippi,Jefferson,208,8,0,31.73397872,-91.03764977,28063.0,2975.6795422031482,3.8461538461538463,200,207,8,0,199,202,7106,1,0,0,1,5
2020-08-20,US,Mississippi,Jefferson Davis,261,7,0,31.56884708,-89.82670990000004,28065.0,2345.434938892883,2.681992337164751,254,260,7,0,253,255,11234,1,0,0,1,5
2020-08-20,US,Mississippi,Jones,2033,67,0,31.62257767,-89.16896899999998,28067.0,2985.403389233164,3.295622233152976,1966,2020,66,0,1954,2007,68461,13,1,0,12,13
2020-08-20,US,Mississippi,Kemper,255,14,0,32.75462946,-88.64105766,28069.0,2617.532334222952,5.490196078431373,241,254,14,0,240,253,10027,1,0,0,1,1
2020-08-20,US,Mississippi,Lafayette,1122,27,0,34.35687874,-89.48490961,28071.0,2077.0469649567744,2.406417112299465,1095,1105,26,0,1079,1084,54793,17,1,0,16,21
2020-08-20,US,Mississippi,Lamar,1317,24,0,31.20572971,-89.5077704,28073.0,2079.1563392955813,1.8223234624145783,1293,1302,24,0,1278,1298,62447,15,0,0,15,4
2020-08-20,US,Mississippi,Lauderdale,1578,101,0,32.40419769,-88.66229662,28075.0,2128.8364249578417,6.400506970849175,1477,1544,100,0,1444,1509,75317,34,1,0,33,35
2020-08-20,US,Mississippi,Lawrence,369,9,0,31.55147224,-90.10841127,28077.0,2931.8290163673933,2.4390243902439024,360,367,8,0,359,347,12455,2,1,0,1,20
2020-08-20,US,Mississippi,Leake,828,27,0,32.7536828,-89.52402044,28079.0,3633.8102343544283,3.260869565217391,801,826,27,0,799,818,22763,2,0,0,2,8
2020-08-20,US,Mississippi,Lee,1885,44,0,34.291877500000005,-88.68149954,28081.0,2206.3298843578823,2.3342175066313,1841,1844,43,0,1801,1780,85202,41,1,0,40,64
2020-08-20,US,Mississippi,Leflore,1163,70,0,33.55545125,-90.29900733,28083.0,4126.6011425327315,6.0189165950128976,1093,1150,70,0,1080,1002,28919,13,0,0,13,148
2020-08-20,US,Mississippi,Lincoln,903,46,0,31.53288662,-90.45391915,28085.0,2643.984423037508,5.094130675526023,857,896,46,0,850,885,34205,7,0,0,7,11
2020-08-20,US,Mississippi,Lowndes,1175,47,0,33.47386518,-88.44191529999998,28087.0,2005.2905538015189,4.0,1128,1167,47,0,1120,1153,58930,8,0,0,8,14
2020-08-20,US,Mississippi,Madison,2668,77,0,32.63389156,-90.03513564,28089.0,2510.5389942788315,2.886056971514243,2591,2662,75,0,2587,2583,105630,6,2,0,4,79
2020-08-20,US,Mississippi,Marion,725,24,0,31.23132643,-89.8209217,28091.0,2950.3927074431285,3.310344827586207,701,722,24,0,698,716,24715,3,0,0,3,6
2020-08-20,US,Mississippi,Marshall,859,10,0,34.76216286,-89.50299462,28093.0,2433.841446138154,1.1641443538998837,849,823,10,0,813,795,35451,36,0,0,36,28
2020-08-20,US,Mississippi,Monroe,938,56,0,33.89236763,-88.4808438,28095.0,2660.841938046068,5.970149253731344,882,918,55,0,863,893,35564,20,1,0,19,25
2020-08-20,US,Mississippi,Montgomery,381,11,0,33.49419589,-89.61729103,28097.0,3897.69820971867,2.8871391076115485,370,379,11,0,368,373,10023,2,0,0,2,6
2020-08-20,US,Mississippi,Neshoba,1364,97,0,32.75339664,-89.11726492,28099.0,4684.387663987911,7.111436950146628,1267,1349,97,0,1252,1337,29125,15,0,0,15,12
2020-08-20,US,Mississippi,Newton,614,13,0,32.40021118,-89.11843336,28101.0,2921.3055476258446,2.1172638436482085,601,604,13,0,591,591,21443,10,0,0,10,13
2020-08-20,US,Mississippi,Noxubee,499,13,0,33.11009499,-88.56949061,28103.0,4790.246712105211,2.6052104208416837,486,496,13,0,483,489,10535,3,0,0,3,7
2020-08-20,US,Mississippi,Oktibbeha,1237,45,0,33.42491685,-88.87905132,28105.0,2494.605440942182,3.6378334680679054,1192,1218,43,0,1175,1205,49599,19,2,0,17,13
2020-08-20,US,Mississippi,Panola,1184,20,0,34.36398677,-89.95064249,28107.0,3462.7983153954133,1.6891891891891893,1164,1175,19,0,1156,1152,34178,9,1,0,8,23
2020-08-20,US,Mississippi,Pearl River,643,44,0,30.77090935,-89.58677275,28109.0,1157.8283965067073,6.842923794712286,599,632,44,0,588,618,55387,11,0,0,11,14
2020-08-20,US,Mississippi,Perry,274,9,0,31.17161885,-88.99281835,28111.0,2288.4824187755785,3.2846715328467155,265,268,8,0,260,266,11931,6,1,0,5,2
2020-08-20,US,Mississippi,Pike,1052,39,0,31.17507789,-90.40392572,28113.0,2677.6623905518218,3.707224334600761,1013,1041,39,0,1002,1011,39563,11,0,0,11,30
2020-08-20,US,Mississippi,Pontotoc,927,9,0,34.226046000000004,-89.03636807,28115.0,2881.208429166408,0.9708737864077671,918,918,9,0,909,900,31833,9,0,0,9,18
2020-08-20,US,Mississippi,Prentiss,537,12,0,34.61810501,-88.51986294,28117.0,2137.2283690201384,2.23463687150838,525,524,12,0,512,506,25315,13,0,0,13,18
2020-08-20,US,Mississippi,Quitman,284,2,0,34.25157572,-90.28908,28119.0,4181.389870435807,0.7042253521126759,282,281,2,0,279,279,7051,3,0,0,3,2
2020-08-20,US,Mississippi,Rankin,2529,44,0,32.26469147,-89.94537876,28121.0,1628.7651911818689,1.7398181099248715,2485,2507,44,0,2463,2456,153902,22,0,0,22,51
2020-08-20,US,Mississippi,Scott,1057,21,0,32.406704100000006,-89.53789439,28123.0,3758.355852652539,1.9867549668874167,1036,1050,21,0,1029,1040,28287,7,0,0,7,10
2020-08-20,US,Mississippi,Sharkey,226,7,0,32.88149103,-90.81595379999999,28125.0,5230.270770654941,3.0973451327433628,219,220,7,0,213,220,4377,6,0,0,6,0
2020-08-20,US,Mississippi,Simpson,873,37,0,31.91282117,-89.91716179,28127.0,3274.814314652262,4.238258877434134,836,872,37,0,835,867,26758,1,0,0,1,5
2020-08-20,US,Mississippi,Smith,439,13,0,32.01744532,-89.50644846,28129.0,2758.230711233978,2.9612756264236904,426,435,13,0,422,429,16002,4,0,0,4,6
2020-08-20,US,Mississippi,Stone,269,9,0,30.79187949,-89.11547539,28131.0,1467.0593368237348,3.3457249070631967,260,264,9,0,255,259,18717,5,0,0,5,5
2020-08-20,US,Mississippi,Sunflower,1165,31,0,33.60192578,-90.58882684,28133.0,4639.585822381521,2.660944206008584,1134,1145,31,0,1114,1127,25735,20,0,0,20,18
2020-08-20,US,Mississippi,Tallahatchie,593,11,0,33.95339918,-90.1729398,28135.0,4294.300818306901,1.8549747048903882,582,589,11,0,578,580,13987,4,0,0,4,9
2020-08-20,US,Mississippi,Tate,801,31,0,34.65133709,-89.94485778,28137.0,2828.2899615126585,3.870162297128589,770,791,31,0,760,781,28759,10,0,0,10,10
2020-08-20,US,Mississippi,Tippah,465,14,0,34.76872156,-88.90988194,28139.0,2112.196229843289,3.010752688172043,451,459,14,0,445,451,21995,6,0,0,6,8
2020-08-20,US,Mississippi,Tishomingo,495,14,0,34.74023475,-88.23917219,28141.0,2553.784243925089,2.8282828282828283,481,489,14,0,475,478,19454,6,0,0,6,11
2020-08-20,US,Mississippi,Tunica,411,9,0,34.64967704,-90.37481167,28143.0,4267.02657807309,2.18978102189781,402,399,9,0,390,387,9944,12,0,0,12,12
2020-08-20,US,Mississippi,Union,802,19,0,34.49162015,-89.00776006,28145.0,2783.272601075829,2.3690773067331667,783,796,19,0,777,780,28606,6,0,0,6,16
2020-08-20,US,Mississippi,Walthall,539,23,0,31.14971548,-90.10446654,28147.0,3772.9245415091705,4.267161410018553,516,534,23,0,511,530,14465,5,0,0,5,4
2020-08-20,US,Mississippi,Warren,1220,38,0,32.35810271,-90.83352619,28149.0,2688.349749895331,3.114754098360656,1182,1207,38,0,1169,1204,46176,13,0,0,13,3
2020-08-20,US,Mississippi,Washington,1868,56,0,33.28392041,-90.94196237,28151.0,4254.253114395682,2.9978586723768736,1812,1854,51,0,1803,1834,45063,14,5,0,9,20
2020-08-20,US,Mississippi,Wayne,819,21,0,31.64135687,-88.69573913,28153.0,4057.870485061686,2.5641025641025643,798,816,21,0,795,813,20298,3,0,0,3,3
2020-08-20,US,Mississippi,Webster,278,13,0,33.61300486,-89.28392912,28155.0,2869.233150995975,4.676258992805756,265,274,13,0,261,257,9788,4,0,0,4,17
2020-08-20,US,Mississippi,Wilkinson,244,14,0,31.16078225,-91.31018819,28157.0,2827.3464658169178,5.737704918032787,230,241,14,0,227,239,8792,3,0,0,3,2
2020-08-20,US,Mississippi,Winston,667,18,0,33.08747908,-89.03391385,28159.0,3714.842662211083,2.6986506746626686,649,658,18,0,640,653,18165,9,0,0,9,5
2020-08-20,US,Mississippi,Yalobusha,339,10,0,34.02824175,-89.70762049999998,28161.0,2799.8017839445,2.949852507374631,329,339,10,0,329,329,12392,0,0,0,0,10
2020-08-20,US,Mississippi,Yazoo,912,17,0,32.77890365,-90.39656148,28163.0,3071.741327046144,1.8640350877192984,895,905,15,0,890,900,28248,7,2,0,5,5
2020-08-20,US,Missouri,Adair,197,0,0,40.19058551,-92.60078167,29001.0,777.334964289942,0.0,197,192,0,0,192,189,25339,5,0,0,5,3
2020-08-20,US,Missouri,Andrew,103,1,0,39.98492163,-94.80163024,29003.0,581.5266485998193,0.9708737864077671,102,102,1,0,101,102,17607,1,0,0,1,0
2020-08-20,US,Missouri,Atchison,21,0,0,40.43238737,-95.42970639,29005.0,408.321991055804,0.0,21,19,0,0,19,21,5171,2,0,0,2,-2
2020-08-20,US,Missouri,Audrain,235,1,0,39.215877,-91.84242683,29007.0,925.6341578698598,0.425531914893617,234,233,1,0,232,227,25473,2,0,0,2,6
2020-08-20,US,Missouri,Barry,313,4,0,36.70978521,-93.82919888,29009.0,874.5703987258655,1.2779552715654952,309,306,4,0,302,293,35886,7,0,0,7,13
2020-08-20,US,Missouri,Barton,75,0,0,37.50207671,-94.34757022,29011.0,638.080653394589,0.0,75,74,0,0,74,74,11798,1,0,0,1,0
2020-08-20,US,Missouri,Bates,56,1,0,38.25271289,-94.34113157,29013.0,346.2775166955232,1.7857142857142858,55,56,1,0,55,55,16320,0,0,0,0,1
2020-08-20,US,Missouri,Benton,130,1,0,38.29503305,-93.28756116,29015.0,668.6210975672477,0.7692307692307693,129,125,1,0,124,119,19278,5,0,0,5,6
2020-08-20,US,Missouri,Bollinger,87,1,0,37.32449052,-90.02725304,29017.0,717.0526662820407,1.1494252873563218,86,87,1,0,86,84,12169,0,0,0,0,3
2020-08-20,US,Missouri,Boone,1762,5,0,38.99186229,-92.30723575,29019.0,976.377429168306,0.2837684449489217,1757,1704,5,0,1699,1635,180005,58,0,0,58,69
2020-08-20,US,Missouri,Buchanan,1163,10,0,39.65816401,-94.80138942,29021.0,1331.2119408451995,0.8598452278589854,1153,1155,10,0,1145,1140,88571,8,0,0,8,15
2020-08-20,US,Missouri,Butler,327,2,0,36.71462476,-90.40421163,29023.0,769.8102547200904,0.6116207951070336,325,326,2,0,324,322,42639,1,0,0,1,4
2020-08-20,US,Missouri,Caldwell,37,1,0,39.65620858,-93.98308093,29025.0,410.19955654102006,2.702702702702702,36,37,1,0,36,36,9108,0,0,0,0,1
2020-08-20,US,Missouri,Callaway,223,1,0,38.83674754,-91.92186505,29027.0,498.4019846679928,0.4484304932735426,222,213,1,0,212,205,44889,10,0,0,10,8
2020-08-20,US,Missouri,Camden,434,8,0,38.02199522,-92.76083747,29029.0,937.2637944066516,1.8433179723502304,426,428,8,0,420,415,45815,6,0,0,6,13
2020-08-20,US,Missouri,Cape Girardeau,810,6,0,37.38489388,-89.6843587,29031.0,1026.993444992456,0.7407407407407407,804,800,6,0,794,776,78753,10,0,0,10,24
2020-08-20,US,Missouri,Carroll,105,0,0,39.42762566,-93.50626255,29033.0,1209.8167991704113,0.0,105,105,0,0,105,104,8743,0,0,0,0,1
2020-08-20,US,Missouri,Carter,24,1,0,36.94160441,-90.96051322,29035.0,401.2036108324975,4.166666666666667,23,23,1,0,22,23,6054,1,0,0,1,0
2020-08-20,US,Missouri,Cass,912,9,0,38.64789422,-94.353399,29037.0,862.1667612024958,0.986842105263158,903,901,9,0,892,887,104954,11,0,0,11,14
2020-08-20,US,Missouri,Cedar,45,0,0,37.72391475,-93.85445441,29039.0,313.6107045787163,0.0,45,45,0,0,45,45,14165,0,0,0,0,0
2020-08-20,US,Missouri,Chariton,22,0,0,39.51499357,-92.9629191,29041.0,296.25639644492327,0.0,22,22,0,0,22,21,7451,0,0,0,0,1
2020-08-20,US,Missouri,Christian,498,1,0,36.9711783,-93.18537118,29043.0,562.1084711326823,0.2008032128514056,497,489,1,0,488,472,86983,9,0,0,9,17
2020-08-20,US,Missouri,Clark,30,0,0,40.41040752,-91.73661677,29045.0,441.3711931734588,0.0,30,30,0,0,30,29,6842,0,0,0,0,1
2020-08-20,US,Missouri,Clay,1194,30,0,39.31132056,-94.41850862,29047.0,477.6993614671852,2.512562814070352,1164,1180,30,0,1150,1167,246365,14,0,0,14,13
2020-08-20,US,Missouri,Clinton,111,0,0,39.6013098,-94.40465394,29049.0,544.464609800363,0.0,111,105,0,0,105,103,20470,6,0,0,6,2
2020-08-20,US,Missouri,Cole,653,3,0,38.50455671,-92.27860244,29051.0,850.8697635025084,0.4594180704441042,650,634,3,0,631,613,76796,19,0,0,19,21
2020-08-20,US,Missouri,Cooper,174,0,0,38.844478,-92.80896081,29053.0,982.5512451295951,0.0,174,170,0,0,170,166,17603,4,0,0,4,4
2020-08-20,US,Missouri,Crawford,126,0,0,37.97663738,-91.30528104,29055.0,526.7558528428094,0.0,126,121,0,0,121,115,23957,5,0,0,5,6
2020-08-20,US,Missouri,Dade,19,0,0,37.431814,-93.8503345,29057.0,251.2895119693163,0.0,19,19,0,0,19,18,7569,0,0,0,0,1
2020-08-20,US,Missouri,Dallas,85,1,0,37.681135499999996,-93.02127031,29059.0,503.6141722952957,1.1764705882352942,84,83,1,0,82,81,16762,2,0,0,2,2
2020-08-20,US,Missouri,Daviess,20,0,0,39.96145298,-93.98519678,29061.0,241.60425223483932,0.0,20,19,0,0,19,19,8313,1,0,0,1,0
2020-08-20,US,Missouri,DeKalb,48,1,0,39.89201062,-94.40476508,29063.0,382.5615685024309,2.083333333333333,47,45,1,0,44,44,12630,3,0,0,3,1
2020-08-20,US,Missouri,Dent,26,0,0,37.60663134,-91.50790473,29065.0,166.95562833108585,0.0,26,25,0,0,25,22,15441,1,0,0,1,3
2020-08-20,US,Missouri,Douglas,97,2,0,36.9325593,-92.49905109,29067.0,735.6844899507014,2.061855670103093,95,95,2,0,93,94,13373,2,0,0,2,1
2020-08-20,US,Missouri,Dunklin,430,4,0,36.27167174,-90.09122243,29069.0,1476.0907624180427,0.9302325581395348,426,420,4,0,416,402,29423,10,0,0,10,18
2020-08-20,US,Missouri,Franklin,806,19,0,38.41127108,-91.07522826,29071.0,775.2459915165389,2.357320099255583,787,791,19,0,772,778,103670,15,0,0,15,13
2020-08-20,US,Missouri,Gasconade,39,0,0,38.43947277,-91.50847147,29073.0,265.1978784169727,0.0,39,38,0,0,38,41,14705,1,0,0,1,-3
2020-08-20,US,Missouri,Gentry,87,9,0,40.21097916,-94.40944419,29075.0,1323.9993912646478,10.344827586206897,78,87,9,0,78,87,6628,0,0,0,0,0
2020-08-20,US,Missouri,Greene,2174,10,0,37.2575872,-93.34230916,29077.0,741.7618037026675,0.4599816007359706,2164,2090,10,0,2080,2004,291923,84,0,0,84,86
2020-08-20,US,Missouri,Grundy,31,1,0,40.11406587,-93.56509276,29079.0,314.7208121827411,3.2258064516129035,30,31,1,0,30,30,9914,0,0,0,0,1
2020-08-20,US,Missouri,Harrison,62,1,0,40.35570088,-93.99222144,29081.0,742.337164750958,1.6129032258064515,61,62,1,0,61,62,8414,0,0,0,0,0
2020-08-20,US,Missouri,Henry,99,3,0,38.38482826,-93.79293734,29083.0,453.6290322580645,3.0303030303030303,96,98,3,0,95,95,21792,1,0,0,1,3
2020-08-20,US,Missouri,Hickory,49,0,0,37.94163617,-93.3203037,29085.0,513.4115674769489,0.0,49,48,0,0,48,45,9509,1,0,0,1,3
2020-08-20,US,Missouri,Holt,49,0,0,40.09799248,-95.21638879999999,29087.0,1112.8775834658188,0.0,49,49,0,0,49,46,4404,0,0,0,0,3
2020-08-20,US,Missouri,Howard,77,0,0,39.1435761,-92.69756691,29089.0,769.9230076992302,0.0,77,75,0,0,75,71,10137,2,0,0,2,4
2020-08-20,US,Missouri,Howell,186,2,0,36.77383887,-91.88683935,29091.0,463.6438417628437,1.075268817204301,184,184,2,0,182,178,40076,2,0,0,2,6
2020-08-20,US,Missouri,Iron,34,0,0,37.55487945,-90.7735296,29093.0,335.8024691358025,0.0,34,32,0,0,32,31,10177,2,0,0,2,1
2020-08-20,US,Missouri,Jackson,4828,70,0,39.01002188,-94.34724536,29095.0,686.76023561509,1.4498757249378624,4758,4758,67,0,4691,4712,700307,70,3,0,67,46
2020-08-20,US,Missouri,Jasper,2025,35,0,37.20351921,-94.34050458,29097.0,1669.0294078860609,1.728395061728395,1990,2010,35,0,1975,1981,120636,15,0,0,15,29
2020-08-20,US,Missouri,Jefferson,2140,30,0,38.25926778,-90.53870896,29099.0,950.7688343307519,1.4018691588785046,2110,2088,30,0,2058,2028,224347,52,0,0,52,60
2020-08-20,US,Missouri,Johnson,527,3,0,38.74719601,-93.80691168,29101.0,974.8067034145979,0.5692599620493358,524,523,3,0,520,520,53652,4,0,0,4,3
2020-08-20,US,Missouri,Kansas City,8073,66,0,39.0997,-94.5786,0.0,1651.1127063890885,0.8175399479747306,8007,7967,66,0,7901,7857,491918,106,0,0,106,110
2020-08-20,US,Missouri,Knox,36,0,0,40.12699751,-92.14780832,29103.0,909.3205354887598,0.0,36,36,0,0,36,36,3947,0,0,0,0,0
2020-08-20,US,Missouri,Laclede,248,1,0,37.65896829,-92.5888493,29105.0,694.2306077317136,0.4032258064516129,247,246,1,0,245,243,35713,2,0,0,2,3
2020-08-20,US,Missouri,Lafayette,203,2,0,39.06986886,-93.78076396,29107.0,620.6432677020912,0.9852216748768472,201,201,2,0,199,200,32598,2,0,0,2,1
2020-08-20,US,Missouri,Lawrence,293,2,0,37.10626634,-93.83293097,29109.0,763.9160474514405,0.6825938566552902,291,288,2,0,286,275,38359,5,0,0,5,13
2020-08-20,US,Missouri,Lewis,52,1,0,40.09673161,-91.72070156,29111.0,531.9148936170212,1.9230769230769231,51,53,1,0,52,53,9855,-1,0,0,-1,0
2020-08-20,US,Missouri,Lincoln,468,1,0,39.05345619,-90.95588181,29113.0,793.045600122007,0.21367521367521367,467,461,1,0,460,454,57686,7,0,0,7,7
2020-08-20,US,Missouri,Linn,41,1,0,39.87001769,-93.10704106,29115.0,343.9597315436242,2.4390243902439024,40,41,1,0,40,41,12037,0,0,0,0,0
2020-08-20,US,Missouri,Livingston,68,1,0,39.78110272,-93.54645978,29117.0,446.5751625402246,1.4705882352941178,67,67,1,0,66,65,15146,1,0,0,1,2
2020-08-20,US,Missouri,Macon,70,0,0,39.83049768,-92.56453089,29121.0,463.05483892306677,0.0,70,69,0,0,69,69,15153,1,0,0,1,0
2020-08-20,US,Missouri,Madison,49,0,0,37.47865134,-90.34671429999999,29123.0,405.3606882859034,0.0,49,46,0,0,46,41,12188,3,0,0,3,5
2020-08-20,US,Missouri,Maries,33,0,0,38.16193985,-91.92249662,29125.0,379.4411866160745,0.0,33,33,0,0,33,31,8769,0,0,0,0,2
2020-08-20,US,Missouri,Marion,307,1,0,39.80601912,-91.62203062,29127.0,1076.0602874167544,0.3257328990228013,306,293,1,0,292,278,28592,14,0,0,14,15
2020-08-20,US,Missouri,McDonald,971,8,0,36.62869595,-94.34867205,29119.0,4251.8719621666605,0.8238928939237901,963,967,8,0,959,964,23078,4,0,0,4,3
2020-08-20,US,Missouri,Mercer,15,0,0,40.42212303,-93.56829590000001,29129.0,414.7083218136577,0.0,15,15,0,0,15,15,3641,0,0,0,0,0
2020-08-20,US,Missouri,Miller,175,1,0,38.21450288,-92.42610898,29131.0,683.0867715367501,0.5714285714285714,174,166,1,0,165,161,25336,9,0,0,9,5
2020-08-20,US,Missouri,Mississippi,191,0,0,36.82516239,-89.29505753,29133.0,1449.1654021244312,0.0,191,184,0,0,184,180,13336,7,0,0,7,4
2020-08-20,US,Missouri,Moniteau,172,2,0,38.63571781,-92.57976951,29135.0,1066.2038184973965,1.162790697674419,170,167,2,0,165,166,16121,5,0,0,5,1
2020-08-20,US,Missouri,Monroe,40,0,0,39.49593978,-92.00043978,29137.0,462.7487274409995,0.0,40,38,0,0,38,37,8664,2,0,0,2,1
2020-08-20,US,Missouri,Montgomery,47,1,0,38.94022054,-91.47000721,29139.0,406.89117825296506,2.127659574468085,46,47,1,0,46,47,11534,0,0,0,0,0
2020-08-20,US,Missouri,Morgan,103,0,0,38.4181765,-92.88791859,29141.0,499.3455180103749,0.0,103,101,0,0,101,98,20358,2,0,0,2,3
2020-08-20,US,Missouri,New Madrid,322,3,0,36.59666326,-89.66070007,29143.0,1885.6875146404311,0.9316770186335404,319,316,3,0,313,306,17296,6,0,0,6,10
2020-08-20,US,Missouri,Newton,985,11,0,36.90519407,-94.3394104,29145.0,1691.3936396730544,1.116751269035533,974,974,11,0,963,963,58266,11,0,0,11,11
2020-08-20,US,Missouri,Nodaway,247,0,0,40.36079813,-94.88133008,29147.0,1118.0517834510229,0.0,247,245,0,0,245,238,22304,2,0,0,2,7
2020-08-20,US,Missouri,Oregon,25,0,0,36.68710164,-91.4033755,29149.0,237.43945293950043,0.0,25,25,0,0,25,25,10541,0,0,0,0,0
2020-08-20,US,Missouri,Osage,66,1,0,38.46036182,-91.8613635,29151.0,484.75945648182153,1.5151515151515151,65,66,1,0,65,64,13714,0,0,0,0,2
2020-08-20,US,Missouri,Ozark,17,0,0,36.64916339,-92.44459066,29153.0,185.3063004142141,0.0,17,17,0,0,17,16,9017,0,0,0,0,1
2020-08-20,US,Missouri,Pemiscot,281,9,0,36.2130572,-89.78742322,29155.0,1777.9183802594116,3.2028469750889683,272,276,9,0,267,274,16272,5,0,0,5,2
2020-08-20,US,Missouri,Perry,274,4,0,37.70660776,-89.82741088,29157.0,1431.85618729097,1.45985401459854,270,275,4,0,271,264,19150,-1,0,0,-1,11
2020-08-20,US,Missouri,Pettis,701,5,0,38.72798918,-93.28471706,29159.0,1655.6838848343134,0.7132667617689016,696,684,5,0,679,666,42542,17,0,0,17,18
2020-08-20,US,Missouri,Phelps,132,0,0,37.87736118,-91.79351727,29161.0,296.14340520045766,0.0,132,129,0,0,129,129,44732,3,0,0,3,0
2020-08-20,US,Missouri,Pike,133,1,0,39.34310674,-91.16980779,29163.0,726.6965358977161,0.7518796992481203,132,137,1,0,136,145,18504,-4,0,0,-4,-8
2020-08-20,US,Missouri,Platte,424,10,0,39.38154439,-94.77068479,29165.0,406.0602578099561,2.358490566037736,414,421,10,0,411,418,102985,3,0,0,3,3
2020-08-20,US,Missouri,Polk,252,0,0,37.616229600000004,-93.39828174,29167.0,783.8501975178077,0.0,252,249,0,0,249,244,32201,3,0,0,3,5
2020-08-20,US,Missouri,Pulaski,304,1,0,37.82462075,-92.20783203,29169.0,577.869865227061,0.32894736842105265,303,291,1,0,290,275,52014,13,0,0,13,16
2020-08-20,US,Missouri,Putnam,16,1,0,40.47942497,-93.02042674,29171.0,340.71550255536624,6.25,15,16,1,0,15,15,4757,0,0,0,0,1
2020-08-20,US,Missouri,Ralls,68,0,0,39.52817427,-91.51838643,29173.0,659.6178096808612,0.0,68,65,0,0,65,61,10212,3,0,0,3,4
2020-08-20,US,Missouri,Randolph,94,1,0,39.44007257,-92.49713740000001,29175.0,379.8286730240828,1.0638297872340423,93,92,1,0,91,87,24763,2,0,0,2,5
2020-08-20,US,Missouri,Ray,117,0,0,39.353746799999996,-93.98905745,29177.0,508.297853853506,0.0,117,116,0,0,116,119,22883,1,0,0,1,-3
2020-08-20,US,Missouri,Reynolds,17,0,0,37.36085952,-90.97009925,29179.0,271.13237639553427,0.0,17,16,0,0,16,16,6254,1,0,0,1,0
2020-08-20,US,Missouri,Ripley,77,0,0,36.65460667,-90.85990261,29181.0,579.4701986754967,0.0,77,77,0,0,77,76,13401,0,0,0,0,1
2020-08-20,US,Missouri,Saline,502,7,0,39.13734288,-93.20259964,29195.0,2205.526997935064,1.3944223107569722,495,496,7,0,489,483,22895,6,0,0,6,13
2020-08-20,US,Missouri,Schuyler,13,0,0,40.46921489,-92.52311943,29197.0,278.9699570815451,0.0,13,13,0,0,13,13,4599,0,0,0,0,0
2020-08-20,US,Missouri,Scotland,20,1,0,40.45214695,-92.14709064,29199.0,407.9967360261118,5.0,19,20,1,0,19,19,4966,0,0,0,0,1
2020-08-20,US,Missouri,Scott,519,13,0,37.05588075,-89.56474493,29201.0,1355.7993730407522,2.5048169556840083,506,515,13,0,502,492,38458,4,0,0,4,23
2020-08-20,US,Missouri,Shannon,45,1,0,37.15772072,-91.40190382,29203.0,551.0653930933138,2.2222222222222223,44,44,1,0,43,44,8189,1,0,0,1,0
2020-08-20,US,Missouri,Shelby,43,0,0,39.79742518,-92.07634971,29205.0,725.1264755480607,0.0,43,43,0,0,43,43,6050,0,0,0,0,0
2020-08-20,US,Missouri,St. Charles,5000,96,0,38.77875681,-90.66662425,29183.0,1243.7130306301644,1.92,4904,4945,96,0,4849,4810,399182,55,0,0,55,135
2020-08-20,US,Missouri,St. Clair,25,0,0,38.03699437,-93.77631447,29185.0,266.0423539427477,0.0,25,24,0,0,24,24,9395,1,0,0,1,0
2020-08-20,US,Missouri,St. Francois,674,4,0,37.81214171,-90.47598685,29187.0,1002.7523618239976,0.5934718100890207,670,661,4,0,657,612,66692,13,0,0,13,49
2020-08-20,US,Missouri,St. Louis,17294,710,0,38.63770039999999,-90.4458375,29189.0,1739.4802882705276,4.105470105238811,16584,17094,705,0,16389,16968,996945,200,5,0,195,126
2020-08-20,US,Missouri,St. Louis City,5773,181,0,38.63555736,-90.24349225,29510.0,1920.6456936016186,3.1352849471678503,5592,5728,181,0,5547,5693,302838,45,0,0,45,35
2020-08-20,US,Missouri,Ste. Genevieve,79,1,0,37.89090059,-90.1949941,29186.0,441.48876718453107,1.2658227848101269,78,79,1,0,78,75,17888,0,0,0,0,4
2020-08-20,US,Missouri,Stoddard,250,9,0,36.85571651,-89.9444155,29207.0,861.3264427217915,3.6,241,250,9,0,241,244,29206,0,0,0,0,6
2020-08-20,US,Missouri,Stone,223,1,0,36.75000327,-93.45256475,29209.0,697.9218828242365,0.4484304932735426,222,209,1,0,208,204,31749,14,0,0,14,5
2020-08-20,US,Missouri,Sullivan,155,0,0,40.2099105,-93.11150106,29211.0,2545.5739858761704,0.0,155,155,0,0,155,155,6221,0,0,0,0,0
2020-08-20,US,Missouri,Taney,816,3,0,36.65465345,-93.04075153,29213.0,1459.0187383779144,0.36764705882352944,813,800,3,0,797,778,55852,16,0,0,16,22
2020-08-20,US,Missouri,Texas,73,1,0,37.31728859,-91.96564727,29215.0,287.4242066304433,1.3698630136986298,72,68,1,0,67,67,25571,5,0,0,5,1
2020-08-20,US,Missouri,Vernon,68,0,0,37.8457799,-94.34127305,29217.0,330.6910470262121,0.0,68,66,0,0,66,64,20528,2,0,0,2,2
2020-08-20,US,Missouri,Warren,276,0,0,38.76529479,-91.16124662,29219.0,774.2152655053438,0.0,276,274,0,0,274,267,34711,2,0,0,2,7
2020-08-20,US,Missouri,Washington,169,1,0,37.96130078,-90.87948158,29221.0,683.3805095026282,0.591715976331361,168,156,1,0,155,149,24943,13,0,0,13,7
2020-08-20,US,Missouri,Wayne,71,0,0,37.11303869,-90.46001416,29223.0,551.5419871047931,0.0,71,70,0,0,70,69,13122,1,0,0,1,1
2020-08-20,US,Missouri,Webster,166,1,0,37.2813734,-92.876329,29225.0,419.276621539705,0.6024096385542169,165,164,1,0,163,161,39109,2,0,0,2,3
2020-08-20,US,Missouri,Worth,10,0,0,40.47945588,-94.42328751,29227.0,496.77098857426734,0.0,10,10,0,0,10,9,2040,0,0,0,0,1
2020-08-20,US,Missouri,Wright,77,0,0,37.27029221,-92.46914488,29229.0,421.01809831045983,0.0,77,76,0,0,76,73,18378,1,0,0,1,3
2020-08-20,US,Montana,Beaverhead,68,0,0,45.13434354,-112.89846940000001,30001.0,719.3483550195705,0.0,68,68,0,0,68,68,9404,0,0,0,0,0
2020-08-20,US,Montana,Big Horn,558,16,0,45.42335905,-107.492347,30003.0,4189.503716495233,2.867383512544803,542,552,14,0,538,543,13338,6,2,0,4,9
2020-08-20,US,Montana,Blaine,15,0,0,48.43175214,-108.9582723,30005.0,224.51728783116297,0.0,15,14,0,0,14,14,6807,1,0,0,1,0
2020-08-20,US,Montana,Broadwater,14,0,0,46.33277565,-111.49558130000001,30007.0,224.46689113355785,0.0,14,14,0,0,14,14,6085,0,0,0,0,0
2020-08-20,US,Montana,Carbon,81,0,0,45.22850116,-109.0274047,30009.0,755.2447552447552,0.0,81,80,0,0,80,77,10714,1,0,0,1,3
2020-08-20,US,Montana,Cascade,190,5,0,47.30797024,-111.3467922,30013.0,233.5127694614458,2.631578947368421,185,185,5,0,180,184,81643,5,0,0,5,1
2020-08-20,US,Montana,Chouteau,10,0,0,47.88084126,-110.4353362,30015.0,177.4622892635315,0.0,10,10,0,0,10,10,5745,0,0,0,0,0
2020-08-20,US,Montana,Custer,62,2,0,46.25319932,-105.57375259999998,30017.0,543.764251885634,3.2258064516129035,60,62,2,0,60,61,11586,0,0,0,0,1
2020-08-20,US,Montana,Daniels,3,0,0,48.78420029,-105.54763429999998,30019.0,177.5147928994083,0.0,3,3,0,0,3,3,1747,0,0,0,0,0
2020-08-20,US,Montana,Dawson,30,0,0,47.26584855,-104.89444170000002,30021.0,348.31069313827936,0.0,30,30,0,0,30,31,8680,0,0,0,0,-1
2020-08-20,US,Montana,Deer Lodge,31,0,0,46.05953325,-113.073353,30023.0,339.1684901531728,0.0,31,30,0,0,30,30,9131,1,0,0,1,0
2020-08-20,US,Montana,Fallon,2,0,0,46.33478338,-104.41835649999999,30025.0,70.27406886858749,0.0,2,2,0,0,2,2,2920,0,0,0,0,0
2020-08-20,US,Montana,Fergus,24,0,0,47.26331584,-109.2245206,30027.0,217.1945701357466,0.0,24,24,0,0,24,23,11113,0,0,0,0,1
2020-08-20,US,Montana,Flathead,432,3,0,48.29575866,-114.05205690000001,30029.0,416.1609155540142,0.6944444444444444,429,414,3,0,411,412,102106,18,0,0,18,2
2020-08-20,US,Montana,Gallatin,1003,3,0,45.54486106,-111.1692571,30031.0,876.4877571351171,0.2991026919242273,1000,996,3,0,993,993,111876,7,0,0,7,3
2020-08-20,US,Montana,Garfield,12,0,0,47.27545948,-107.0002351,30033.0,953.8950715421304,0.0,12,12,0,0,12,12,1268,0,0,0,0,0
2020-08-20,US,Montana,Glacier,92,1,0,48.70513576,-112.9934235,30035.0,668.9449574638261,1.0869565217391304,91,92,1,0,91,92,13747,0,0,0,0,0
2020-08-20,US,Montana,Golden Valley,3,0,0,46.3816474,-109.17685220000001,30037.0,365.4080389768576,0.0,3,3,0,0,3,3,826,0,0,0,0,0
2020-08-20,US,Montana,Granite,18,0,0,46.40605220000001,-113.4414186,30039.0,532.7019828351583,0.0,18,18,0,0,18,18,3378,0,0,0,0,0
2020-08-20,US,Montana,Hill,48,2,0,48.62879827,-110.1129252,30041.0,291.1914583838874,4.166666666666667,46,48,2,0,46,48,16347,0,0,0,0,0
2020-08-20,US,Montana,Jefferson,33,0,0,46.14907081,-112.094396,30043.0,270.02700270027003,0.0,33,33,0,0,33,32,12097,0,0,0,0,1
2020-08-20,US,Montana,Judith Basin,3,0,0,47.04581276,-110.26606880000001,30045.0,149.47683109118088,0.0,3,3,0,0,3,3,1952,0,0,0,0,0
2020-08-20,US,Montana,Lake,191,1,0,47.64514965,-114.0898013,30047.0,627.0930461619279,0.5235602094240838,190,191,1,0,190,189,30250,0,0,0,0,2
2020-08-20,US,Montana,Lewis and Clark,185,2,0,47.12610041,-112.39469799999999,30049.0,266.4477474363406,1.0810810810810811,183,183,2,0,181,180,68700,2,0,0,2,3
2020-08-20,US,Montana,Liberty,1,0,0,48.56084317,-111.02430700000001,30051.0,42.78990158322636,0.0,1,1,0,0,1,1,2430,0,0,0,0,0
2020-08-20,US,Montana,Lincoln,79,2,0,48.54265777,-115.4046155,30053.0,395.3953953953954,2.5316455696202533,77,79,2,0,77,79,19794,0,0,0,0,0
2020-08-20,US,Montana,Madison,88,1,0,45.30080065,-111.9173017,30057.0,1023.2558139534883,1.1363636363636365,87,89,1,0,88,87,8768,-1,0,0,-1,2
2020-08-20,US,Montana,McCone,5,0,0,47.64469406,-105.79449939999999,30055.0,300.48076923076917,0.0,5,5,0,0,5,5,1675,0,0,0,0,0
2020-08-20,US,Montana,Meagher,4,0,0,46.59907074,-110.8898557,30059.0,214.8227712137487,0.0,4,4,0,0,4,4,1866,0,0,0,0,0
2020-08-20,US,Montana,Mineral,2,0,0,47.15283992,-115.00152390000001,30061.0,45.48555833522857,0.0,2,2,0,0,2,2,4316,0,0,0,0,0
2020-08-20,US,Montana,Missoula,392,2,0,47.03728583,-113.92135079999998,30063.0,327.75919732441474,0.5102040816326531,390,390,2,0,388,388,118791,2,0,0,2,2
2020-08-20,US,Montana,Musselshell,4,0,0,46.49684637,-108.39498,30065.0,86.33714655730628,0.0,4,4,0,0,4,4,4651,0,0,0,0,0
2020-08-20,US,Montana,Park,64,0,0,45.48965095,-110.52643940000002,30067.0,385.4028664338191,0.0,64,64,0,0,64,63,16736,0,0,0,0,1
2020-08-20,US,Montana,Phillips,104,0,0,48.25936577,-107.9128511,30071.0,2630.2478502781987,0.0,104,96,0,0,96,93,4074,8,0,0,8,3
2020-08-20,US,Montana,Pondera,12,0,0,48.22773388,-112.22527029999999,30073.0,203.01133479952637,0.0,12,12,0,0,12,13,5972,0,0,0,0,-1
2020-08-20,US,Montana,Powder River,1,0,0,45.39617714,-105.636738,30075.0,59.453032104637344,0.0,1,1,0,0,1,1,1716,0,0,0,0,0
2020-08-20,US,Montana,Powell,2,0,0,46.85538891,-112.93591640000001,30077.0,29.027576197387518,0.0,2,2,0,0,2,2,6968,0,0,0,0,0
2020-08-20,US,Montana,Prairie,1,0,0,46.86048047,-105.379384,30079.0,92.85051067780873,0.0,1,1,0,0,1,1,1087,0,0,0,0,0
2020-08-20,US,Montana,Ravalli,90,2,0,46.08520862,-114.11891640000002,30081.0,205.45130803999456,2.2222222222222223,88,89,2,0,87,88,43172,1,0,0,1,1
2020-08-20,US,Montana,Richland,50,2,0,47.78668011,-104.5610786,30083.0,462.8343978524484,4.0,48,50,2,0,48,50,10913,0,0,0,0,0
2020-08-20,US,Montana,Roosevelt,31,1,0,48.29607488,-105.00792679999999,30085.0,281.71573973100686,3.2258064516129035,30,30,1,0,29,30,11059,1,0,0,1,0
2020-08-20,US,Montana,Rosebud,109,2,0,46.23397237,-106.72928799999998,30087.0,1219.648651672821,1.834862385321101,107,97,1,0,96,79,9063,12,1,0,11,18
2020-08-20,US,Montana,Sanders,26,0,0,47.67657534,-115.1329916,30089.0,214.64542227359038,0.0,26,20,0,0,20,18,11844,6,0,0,6,2
2020-08-20,US,Montana,Sheridan,5,0,0,48.72085833,-104.50382900000001,30091.0,151.1030522816561,0.0,5,5,0,0,5,5,3424,0,0,0,0,0
2020-08-20,US,Montana,Silver Bow,107,0,0,45.90018933,-112.6620092,30093.0,306.45854217385084,0.0,107,106,0,0,106,106,34993,1,0,0,1,0
2020-08-20,US,Montana,Stillwater,33,1,0,45.67071407,-109.3950061,30095.0,342.25264467952707,3.0303030303030303,32,32,1,0,31,32,9534,1,0,0,1,0
2020-08-20,US,Montana,Sweet Grass,8,1,0,45.81367654,-109.9425686,30097.0,214.07546160021408,12.5,7,7,1,0,6,7,3710,1,0,0,1,0
2020-08-20,US,Montana,Teton,16,0,0,47.83741052,-112.24106880000001,30099.0,260.2895721490158,0.0,16,16,0,0,16,16,6162,0,0,0,0,0
2020-08-20,US,Montana,Toole,47,6,0,48.65577551,-111.69424140000001,30101.0,992.3986486486486,12.76595744680851,41,47,6,0,41,47,4853,0,0,0,0,0
2020-08-20,US,Montana,Treasure,3,0,0,46.20973220000001,-107.26665159999999,30103.0,431.0344827586207,0.0,3,2,0,0,2,2,679,1,0,0,1,0
2020-08-20,US,Montana,Valley,36,0,0,48.36435097,-106.6669635,30105.0,486.749594375338,0.0,36,36,0,0,36,36,7437,0,0,0,0,0
2020-08-20,US,Montana,Wheatland,3,0,0,46.46652491,-109.84646359999999,30107.0,141.11006585136406,0.0,3,3,0,0,3,3,2236,0,0,0,0,0
2020-08-20,US,Montana,Wibaux,4,0,0,46.95925154,-104.2510927,30109.0,412.79669762641885,0.0,4,4,0,0,4,3,1034,0,0,0,0,1
2020-08-20,US,Montana,Yellowstone,1637,34,0,45.93955949,-108.26914860000001,30111.0,1014.8791072535647,2.0769700671960902,1603,1595,32,0,1563,1539,160137,42,2,0,40,56
2020-08-20,US,Nebraska,Adams,379,11,0,40.52449420000001,-98.50117804,31001.0,1208.4303159774256,2.9023746701846966,368,375,11,0,364,370,31511,4,0,0,4,5
2020-08-20,US,Nebraska,Antelope,21,1,0,42.17695516,-98.06662829999999,31003.0,333.4391870435058,4.761904761904762,20,20,1,0,19,21,6336,1,0,0,1,-1
2020-08-20,US,Nebraska,Arthur,1,0,0,41.56896142,-101.6959559,31005.0,215.98272138228938,0.0,1,1,0,0,1,1,465,0,0,0,0,0
2020-08-20,US,Nebraska,Banner,2,0,0,41.54634427,-103.7114332,31007.0,268.4563758389262,0.0,2,2,0,0,2,2,730,0,0,0,0,0
2020-08-20,US,Nebraska,Boone,16,0,0,41.70759415,-98.06737183,31011.0,308.1664098613251,0.0,16,16,0,0,16,15,5239,0,0,0,0,1
2020-08-20,US,Nebraska,Box Butte,18,0,0,42.22079243,-103.08788340000001,31013.0,166.92942594825192,0.0,18,18,0,0,18,18,10772,0,0,0,0,0
2020-08-20,US,Nebraska,Boyd,10,0,0,42.899727399999996,-98.76486568,31015.0,521.1047420531527,0.0,10,8,0,0,8,8,1955,2,0,0,2,0
2020-08-20,US,Nebraska,Brown,2,0,0,42.43018907,-99.92904055,31017.0,67.68189509306261,0.0,2,2,0,0,2,2,2973,0,0,0,0,0
2020-08-20,US,Nebraska,Buffalo,544,1,0,40.85486962,-99.07500296,31019.0,1095.471112990596,0.18382352941176472,543,535,1,0,534,515,49615,9,0,0,9,20
2020-08-20,US,Nebraska,Burt,56,0,0,41.85056773,-96.32605633,31021.0,867.0072766682149,0.0,56,54,0,0,54,54,6488,2,0,0,2,0
2020-08-20,US,Nebraska,Butler,70,0,0,41.22703692,-97.13106306,31023.0,873.253493013972,0.0,70,69,0,0,69,69,8058,1,0,0,1,0
2020-08-20,US,Nebraska,Cass,226,2,0,40.90899107,-96.13971217,31025.0,861.0179823224628,0.8849557522123894,224,225,2,0,223,223,26159,1,0,0,1,2
2020-08-20,US,Nebraska,Cedar,34,0,0,42.598885100000004,-97.25311951,31027.0,404.66555582004287,0.0,34,33,0,0,33,32,8446,1,0,0,1,1
2020-08-20,US,Nebraska,Chase,10,0,0,40.523719799999995,-101.69780259999999,31029.0,254.841997961264,0.0,10,10,0,0,10,9,3977,0,0,0,0,1
2020-08-20,US,Nebraska,Cherry,5,0,0,42.54502621,-101.1244332,31031.0,87.88890841975744,0.0,5,4,0,0,4,4,5761,1,0,0,1,0
2020-08-20,US,Nebraska,Cheyenne,27,0,0,41.21999357,-102.9941693,31033.0,303.030303030303,0.0,27,27,0,0,27,26,9310,0,0,0,0,1
2020-08-20,US,Nebraska,Clay,51,0,0,40.52439441,-98.05126296,31035.0,822.1828147670482,0.0,51,51,0,0,51,50,6214,0,0,0,0,1
2020-08-20,US,Nebraska,Colfax,710,4,0,41.57486951,-97.0868542,31037.0,6629.937435801663,0.5633802816901409,706,710,4,0,706,709,10881,0,0,0,0,1
2020-08-20,US,Nebraska,Cuming,73,0,0,41.91637624,-96.78730772,31039.0,825.2317431607506,0.0,73,73,0,0,73,73,8940,0,0,0,0,0
2020-08-20,US,Nebraska,Custer,64,4,0,41.39374521,-99.72805369,31041.0,593.8572886703164,6.25,60,63,4,0,59,63,10840,1,0,0,1,0
2020-08-20,US,Nebraska,Dakota,1953,42,0,42.39040144,-96.56656425,31043.0,9752.321981424151,2.150537634408602,1911,1946,42,0,1904,1944,20083,7,0,0,7,2
2020-08-20,US,Nebraska,Dawes,39,0,0,42.71985036,-103.1313774,31045.0,454.0691582256375,0.0,39,22,0,0,22,22,8716,17,0,0,17,0
2020-08-20,US,Nebraska,Dawson,983,9,0,40.87028216,-99.82014609999999,31047.0,4166.136893409621,0.9155645981688708,974,982,9,0,973,981,23709,1,0,0,1,1
2020-08-20,US,Nebraska,Deuel,2,0,0,41.11168186,-102.33333309999999,31049.0,111.48272017837236,0.0,2,2,0,0,2,2,1825,0,0,0,0,0
2020-08-20,US,Nebraska,Dixon,57,2,0,42.49188363,-96.86782408,31051.0,1011.3555713271824,3.5087719298245608,55,57,2,0,55,57,5709,0,0,0,0,0
2020-08-20,US,Nebraska,Dodge,859,11,0,41.58071748,-96.65598179,31053.0,2349.24107753316,1.280558789289872,848,855,11,0,844,852,36791,4,0,0,4,3
2020-08-20,US,Nebraska,Douglas,12421,148,0,41.29518299,-96.15085305,31055.0,2174.061439420857,1.1915304725867482,12273,12302,147,0,12155,12249,566880,119,1,0,118,53
2020-08-20,US,Nebraska,Dundy,3,0,0,40.17638677,-101.6876522,31057.0,177.2002362669817,0.0,3,3,0,0,3,3,1770,0,0,0,0,0
2020-08-20,US,Nebraska,Fillmore,29,1,0,40.52458567,-97.59646937,31059.0,530.9410472354449,3.4482758620689653,28,29,1,0,28,29,5527,0,0,0,0,0
2020-08-20,US,Nebraska,Franklin,16,0,0,40.17636348,-98.95299073,31061.0,537.0929842228936,0.0,16,16,0,0,16,16,3023,0,0,0,0,0
2020-08-20,US,Nebraska,Frontier,4,0,0,40.52993007,-100.3924658,31063.0,152.26494099733537,0.0,4,4,0,0,4,4,2608,0,0,0,0,0
2020-08-20,US,Nebraska,Furnas,17,1,0,40.17642064,-99.91247454,31065.0,363.5585970915312,5.882352941176472,16,17,1,0,16,17,4715,0,0,0,0,0
2020-08-20,US,Nebraska,Gage,110,4,0,40.26186809,-96.68946704,31067.0,511.31873750755364,3.636363636363636,106,109,4,0,105,108,21493,1,0,0,1,1
2020-08-20,US,Nebraska,Garden,5,0,0,41.61703149,-102.3313973,31069.0,272.18290691344583,0.0,5,5,0,0,5,4,1897,0,0,0,0,1
2020-08-20,US,Nebraska,Garfield,6,0,0,41.91428955,-98.99111827,31071.0,304.7232097511427,0.0,6,6,0,0,6,6,1987,0,0,0,0,0
2020-08-20,US,Nebraska,Gosper,22,0,0,40.51481965,-99.83020279,31073.0,1105.5276381909548,0.0,22,22,0,0,22,22,1996,0,0,0,0,0
2020-08-20,US,Nebraska,Greeley,10,0,0,41.56742671,-98.52150266,31077.0,424.44821731748726,0.0,10,10,0,0,10,10,2356,0,0,0,0,0
2020-08-20,US,Nebraska,Hall,1783,46,0,40.87257079,-98.50218293,31079.0,2906.1333594119287,2.579921480650589,1737,1782,46,0,1736,1779,61607,1,0,0,1,3
2020-08-20,US,Nebraska,Hamilton,104,12,0,40.87349452,-98.02099117,31081.0,1115.4011154011155,11.538461538461537,92,104,12,0,92,104,9280,0,0,0,0,0
2020-08-20,US,Nebraska,Harlan,2,0,0,40.17658508,-99.40438879,31083.0,59.1715976331361,0.0,2,2,0,0,2,2,3401,0,0,0,0,0
2020-08-20,US,Nebraska,Hitchcock,1,0,0,40.17609175,-101.04164770000001,31087.0,36.205648081100655,0.0,1,1,0,0,1,1,2806,0,0,0,0,0
2020-08-20,US,Nebraska,Holt,15,0,0,42.45522056,-98.78402558,31089.0,149.00168868580508,0.0,15,14,0,0,14,14,10178,1,0,0,1,0
2020-08-20,US,Nebraska,Hooker,4,0,0,41.91586243,-101.1354293,31091.0,586.5102639296188,0.0,4,4,0,0,4,4,682,0,0,0,0,0
2020-08-20,US,Nebraska,Howard,58,5,0,41.2200529,-98.5166499,31093.0,899.9224204809932,8.620689655172415,53,57,5,0,52,57,6468,1,0,0,1,0
2020-08-20,US,Nebraska,Jefferson,19,0,0,40.17584531,-97.142601,31095.0,269.6565427192733,0.0,19,19,0,0,19,19,7097,0,0,0,0,0
2020-08-20,US,Nebraska,Johnson,20,0,0,40.39257596,-96.26522753,31097.0,394.399526720568,0.0,20,20,0,0,20,20,5134,0,0,0,0,0
2020-08-20,US,Nebraska,Kearney,93,0,0,40.50663314,-98.94877182,31099.0,1431.8706697459586,0.0,93,88,0,0,88,85,6544,5,0,0,5,3
2020-08-20,US,Nebraska,Keith,40,0,0,41.19930341,-101.66201640000001,31101.0,497.8839930296241,0.0,40,41,0,0,41,43,8021,-1,0,0,-1,-2
2020-08-20,US,Nebraska,Kimball,15,0,0,41.19774275,-103.7148131,31105.0,412.9955947136564,0.0,15,15,0,0,15,15,3618,0,0,0,0,0
2020-08-20,US,Nebraska,Knox,45,0,0,42.63758421,-97.89178836,31107.0,540.0864138262122,0.0,45,44,0,0,44,44,8419,1,0,0,1,0
2020-08-20,US,Nebraska,Lancaster,3545,20,0,40.78416049,-96.68777155,31109.0,1110.9718261305588,0.5641748942172073,3525,3497,20,0,3477,3470,317272,48,0,0,48,27
2020-08-20,US,Nebraska,Lincoln,245,2,0,41.04658298,-100.74753740000001,31111.0,701.7242366958814,0.8163265306122449,243,222,2,0,220,213,35185,23,0,0,23,9
2020-08-20,US,Nebraska,Logan,2,0,0,41.56650314,-100.4817851,31113.0,267.379679144385,0.0,2,1,0,0,1,1,749,1,0,0,1,0
2020-08-20,US,Nebraska,Madison,519,5,0,41.91676024,-97.6005481,31119.0,1478.6746061141346,0.9633911368015414,514,515,5,0,510,499,35392,4,0,0,4,16
2020-08-20,US,Nebraska,McPherson,6,0,0,41.56797682,-101.05993620000001,31117.0,1214.5748987854256,0.0,6,6,0,0,6,6,492,0,0,0,0,0
2020-08-20,US,Nebraska,Merrick,64,0,0,41.16624273,-98.0374887,31121.0,825.2740167633784,0.0,64,64,0,0,64,63,7733,0,0,0,0,1
2020-08-20,US,Nebraska,Morrill,63,0,0,41.71711774,-103.0061405,31123.0,1357.1736320551486,0.0,63,63,0,0,63,63,4686,0,0,0,0,0
2020-08-20,US,Nebraska,Nance,11,0,0,41.39750195,-97.99327291,31125.0,312.588803637397,0.0,11,11,0,0,11,11,3532,0,0,0,0,0
2020-08-20,US,Nebraska,Nemaha,56,0,0,40.38514847,-95.85433992,31127.0,803.2128514056226,0.0,56,53,0,0,53,52,6958,3,0,0,3,1
2020-08-20,US,Nebraska,Nuckolls,8,0,0,40.17637905,-98.04743961,31129.0,192.8640308582449,0.0,8,6,0,0,6,6,4195,2,0,0,2,0
2020-08-20,US,Nebraska,Otoe,81,0,0,40.64843556,-96.13374142,31131.0,505.8705970522108,0.0,81,77,0,0,77,72,15985,4,0,0,4,5
2020-08-20,US,Nebraska,Pawnee,10,0,0,40.13141096,-96.23705437,31133.0,382.70187523918884,0.0,10,10,0,0,10,9,2632,0,0,0,0,1
2020-08-20,US,Nebraska,Perkins,25,7,0,40.85082525,-101.6502942,31135.0,864.7526807333103,28.0,18,25,7,0,18,24,2929,0,0,0,0,1
2020-08-20,US,Nebraska,Phelps,52,0,0,40.51156033,-99.41461667,31137.0,575.6032765109586,0.0,52,51,0,0,51,51,8996,1,0,0,1,0
2020-08-20,US,Nebraska,Pierce,53,1,0,42.26434853,-97.60122773,31139.0,741.4661443760492,1.8867924528301887,52,53,1,0,52,51,7142,0,0,0,0,2
2020-08-20,US,Nebraska,Platte,830,3,0,41.57246836,-97.52144359,31141.0,2479.8326859874514,0.3614457831325301,827,824,3,0,821,823,33363,6,0,0,6,1
2020-08-20,US,Nebraska,Polk,30,0,0,41.18813488,-97.56630712,31143.0,575.4843660080567,0.0,30,28,0,0,28,28,5278,2,0,0,2,0
2020-08-20,US,Nebraska,Red Willow,18,0,0,40.17556879999999,-100.476998,31145.0,167.84781797836632,0.0,18,18,0,0,18,18,10726,0,0,0,0,0
2020-08-20,US,Nebraska,Richardson,28,1,0,40.1247415,-95.71755036,31147.0,356.00762873490135,3.571428571428572,27,28,1,0,27,28,7937,0,0,0,0,0
2020-08-20,US,Nebraska,Rock,3,0,0,42.42252217,-99.44832069,31149.0,221.07590272660286,0.0,3,3,0,0,3,3,1360,0,0,0,0,0
2020-08-20,US,Nebraska,Saline,608,2,0,40.52418865,-97.14085859,31151.0,4274.465691788527,0.32894736842105265,606,607,2,0,605,604,14350,1,0,0,1,3
2020-08-20,US,Nebraska,Sarpy,2598,13,0,41.11314181,-96.11156432,31153.0,1387.8501677386264,0.5003849114703618,2585,2571,13,0,2558,2545,184459,27,0,0,27,26
2020-08-20,US,Nebraska,Saunders,188,2,0,41.227810299999994,-96.63773905,31155.0,871.2577625359163,1.0638297872340423,186,185,2,0,183,181,21303,3,0,0,3,4
2020-08-20,US,Nebraska,Scotts Bluff,322,6,0,41.85070896,-103.70809859999999,31157.0,904.0372845190634,1.8633540372670807,316,320,6,0,314,319,35989,2,0,0,2,1
2020-08-20,US,Nebraska,Seward,138,1,0,40.87241834,-97.139673,31159.0,798.4262902105994,0.7246376811594203,137,136,1,0,135,135,17318,2,0,0,2,1
2020-08-20,US,Nebraska,Sheridan,12,0,0,42.50284406,-102.4126613,31161.0,228.7457110179184,0.0,12,12,0,0,12,12,5190,0,0,0,0,0
2020-08-20,US,Nebraska,Sherman,14,1,0,41.22045983,-98.97588642,31163.0,466.5111629456848,7.142857142857142,13,14,0,0,14,15,3038,0,1,0,-1,-1
2020-08-20,US,Nebraska,Sioux,5,0,0,42.48932059,-103.7576544,31165.0,428.8164665523156,0.0,5,5,0,0,5,5,1187,0,0,0,0,0
2020-08-20,US,Nebraska,Stanton,32,0,0,41.9169835,-97.19394708,31167.0,540.5405405405405,0.0,32,32,0,0,32,32,5970,0,0,0,0,0
2020-08-20,US,Nebraska,Thayer,27,0,0,40.17626377,-97.59504381,31169.0,539.6761942834298,0.0,27,27,0,0,27,27,5039,0,0,0,0,0
2020-08-20,US,Nebraska,Thomas,2,0,0,41.91358968,-100.5556632,31171.0,277.0083102493075,0.0,2,2,0,0,2,2,720,0,0,0,0,0
2020-08-20,US,Nebraska,Thurston,215,4,0,42.15725356,-96.54157099,31173.0,2976.190476190476,1.8604651162790695,211,212,4,0,208,212,7303,3,0,0,3,0
2020-08-20,US,Nebraska,Unassigned,166,0,0,0.0,0.0,90031.0,0.0,0.0,166,178,0,0,178,163,,-12,0,0,-12,15
2020-08-20,US,Nebraska,Valley,17,0,0,41.56730777,-98.98197724,31175.0,408.85040885040877,0.0,17,15,0,0,15,13,4190,2,0,0,2,2
2020-08-20,US,Nebraska,Washington,152,1,0,41.52815707,-96.22019892,31177.0,733.2722273143904,0.6578947368421053,151,148,1,0,147,148,20667,4,0,0,4,0
2020-08-20,US,Nebraska,Wayne,40,0,0,42.20934475,-97.11926964,31179.0,426.212040490144,0.0,40,39,0,0,39,39,9403,1,0,0,1,0
2020-08-20,US,Nebraska,Webster,11,0,0,40.17642643,-98.50019851,31181.0,315.4574132492114,0.0,11,10,0,0,10,10,3533,1,0,0,1,0
2020-08-20,US,Nebraska,Wheeler,1,0,0,41.91482725,-98.52798941,31183.0,127.7139208173691,0.0,1,1,0,0,1,1,805,0,0,0,0,0
2020-08-20,US,Nebraska,York,97,0,0,40.87272618,-97.59710186,31185.0,709.1161634622414,0.0,97,97,0,0,97,94,13772,0,0,0,0,3
2020-08-20,US,Nevada,Carson City,396,8,0,39.15509045,-119.7480219,32510.0,708.2051648901926,2.0202020202020203,388,396,8,0,388,391,55414,0,0,0,0,5
2020-08-20,US,Nevada,Churchill,81,1,0,39.58105744,-118.3394607,32001.0,325.1836685535349,1.2345679012345678,80,81,1,0,80,87,24440,0,0,0,0,-6
2020-08-20,US,Nevada,Clark,54795,1006,0,36.21458855,-115.0130241,32003.0,2417.374923622953,1.835933935578064,53789,54353,969,0,53384,54076,2231647,442,37,0,405,277
2020-08-20,US,Nevada,Douglas,223,1,0,38.912862,-119.61713329999999,32005.0,455.98609549125854,0.4484304932735426,222,216,1,0,215,216,48467,7,0,0,7,0
2020-08-20,US,Nevada,Elko,669,3,0,41.14531606,-115.3577619,32007.0,1267.573610216378,0.4484304932735426,666,643,3,0,640,643,52460,26,0,0,26,0
2020-08-20,US,Nevada,Eureka,5,0,0,39.98100864,-116.26832040000001,32011.0,246.4268112370626,0.0,5,5,0,0,5,5,2003,0,0,0,0,0
2020-08-20,US,Nevada,Humboldt,105,4,0,41.40692186,-118.11094270000001,32013.0,623.8488503356901,3.809523809523809,101,105,4,0,101,104,16786,0,0,0,0,1
2020-08-20,US,Nevada,Lander,54,1,0,39.933223299999995,-117.03970749999999,32015.0,976.1388286334056,1.851851851851852,53,52,1,0,51,52,5575,2,0,0,2,0
2020-08-20,US,Nevada,Lincoln,5,0,0,37.64268459,-114.8790388,32017.0,96.46922631680496,0.0,5,5,0,0,5,5,5201,0,0,0,0,0
2020-08-20,US,Nevada,Lyon,281,6,0,39.01777974,-119.18704790000001,32019.0,488.61067640410363,2.1352313167259784,275,276,6,0,270,273,55808,5,0,0,5,3
2020-08-20,US,Nevada,Mineral,12,0,0,38.53841696,-118.4344506,32021.0,266.37069922308547,0.0,12,12,0,0,12,11,4514,0,0,0,0,1
2020-08-20,US,Nevada,Nye,442,13,0,38.04264256,-116.47227020000001,32023.0,950.0677084452852,2.9411764705882355,429,442,13,0,429,441,45346,0,0,0,0,1
2020-08-20,US,Nevada,Pershing,17,0,0,40.44003782,-118.40056409999998,32027.0,252.78810408921933,0.0,17,17,0,0,17,15,6666,0,0,0,0,2
2020-08-20,US,Nevada,Storey,6,0,0,39.44875482,-119.5250207,32029.0,145.52510308028138,0.0,6,6,0,0,6,6,4029,0,0,0,0,0
2020-08-20,US,Nevada,Washoe,6473,128,0,40.66562265,-119.6631594,32031.0,1372.7972785826234,1.977444770585509,6345,6402,127,0,6275,6297,465735,71,1,0,70,105
2020-08-20,US,Nevada,White Pine,20,1,0,39.44157041,-114.89996599999999,32033.0,208.76826722338203,5.0,19,17,1,0,16,17,9475,3,0,0,3,0
2020-08-20,US,New Hampshire,Belknap,121,4,0,43.51637314,-71.41684235,33001.0,197.38022609007717,3.3057851239669422,117,121,4,0,117,121,61022,0,0,0,0,0
2020-08-20,US,New Hampshire,Carroll,98,1,0,43.87498583,-71.20430216,33003.0,200.36802289920257,1.020408163265306,97,98,1,0,97,98,48779,0,0,0,0,0
2020-08-20,US,New Hampshire,Cheshire,108,3,0,42.92015988,-72.25311043,33005.0,141.9465071958993,2.7777777777777777,105,107,3,0,104,107,76493,1,0,0,1,0
2020-08-20,US,New Hampshire,Coos,17,0,0,44.69063265,-71.30633239,33007.0,53.86053290244907,0.0,17,17,0,0,17,17,31589,0,0,0,0,0
2020-08-20,US,New Hampshire,Grafton,107,1,0,43.93779815,-71.82057197,33009.0,119.03967247402264,0.9345794392523364,106,107,1,0,106,107,89786,0,0,0,0,0
2020-08-20,US,New Hampshire,Hillsborough,3963,283,0,42.91537785,-71.7200253,33011.0,950.3027396439064,7.141054756497603,3680,3960,282,0,3678,3948,415247,3,1,0,2,12
2020-08-20,US,New Hampshire,Merrimack,480,23,0,43.29662971,-71.6811573,33013.0,317.059798799136,4.791666666666667,457,477,23,0,454,475,151132,3,0,0,3,2
2020-08-20,US,New Hampshire,Rockingham,1742,99,0,42.98499744,-71.12883377,33015.0,562.3545286971905,5.683122847301951,1643,1738,99,0,1639,1733,309176,4,0,0,4,5
2020-08-20,US,New Hampshire,Strafford,368,13,0,43.291833000000004,-71.02336013,33017.0,281.7052352774567,3.532608695652174,355,367,13,0,354,367,130090,1,0,0,1,0
2020-08-20,US,New Hampshire,Sullivan,44,1,0,43.36094111,-72.22203125,33019.0,101.97932600936356,2.272727272727273,43,44,1,0,43,44,43144,0,0,0,0,0
2020-08-20,US,New Hampshire,Unassigned,2,0,0,0.0,0.0,90033.0,0.0,0.0,2,,,,,,,,,,,
2020-08-20,US,New Jersey,Atlantic,3643,253,0,39.47538693,-74.65848483,34001.0,1381.6513065574393,6.944825693110074,3390,3632,253,0,3379,3618,265429,11,0,0,11,14
2020-08-20,US,New Jersey,Bergen,21261,2034,0,40.96010917,-74.07164325,34003.0,2280.728854904838,9.566812473543107,19227,21307,2033,0,19274,21303,936692,-46,1,0,-47,4
2020-08-20,US,New Jersey,Burlington,6228,480,0,39.87681124,-74.66927768,34005.0,1398.4537969098392,7.707129094412331,5748,6201,480,0,5721,6175,445384,27,0,0,27,26
2020-08-20,US,New Jersey,Camden,8899,582,0,39.80343818,-74.96388753,34007.0,1757.06012782568,6.540060680975389,8317,8882,582,0,8300,8845,507078,17,0,0,17,37
2020-08-20,US,New Jersey,Cape May,863,90,0,39.15008829,-74.80170244,34009.0,937.645997892198,10.428736964078794,773,858,90,0,768,853,92560,5,0,0,5,5
2020-08-20,US,New Jersey,Cumberland,3465,159,0,39.37199394,-75.10712559,34011.0,2317.3072421703105,4.5887445887445875,3306,3454,158,0,3296,3441,150972,11,1,0,10,13
2020-08-20,US,New Jersey,Essex,20033,2112,0,40.78681335,-74.24657979,34013.0,2507.3375262054506,10.542604702241302,17921,20036,2112,0,17924,20001,799767,-3,0,0,-3,35
2020-08-20,US,New Jersey,Gloucester,3497,218,0,39.71581067,-75.13995546,34015.0,1199.0975051091084,6.233914784100658,3279,3481,218,0,3263,3458,291408,16,0,0,16,23
2020-08-20,US,New Jersey,Hudson,19970,1509,0,40.73766234,-74.07515667,34017.0,2969.998111218026,7.556334501752629,18461,19955,1509,0,18446,19936,676061,15,0,0,15,19
2020-08-20,US,New Jersey,Hunterdon,1180,124,0,40.56335249,-74.91284156,34019.0,948.7742319350972,10.508474576271187,1056,1171,124,0,1047,1165,124714,9,0,0,9,6
2020-08-20,US,New Jersey,Mercer,8237,624,0,40.28047017,-74.70479631,34021.0,2241.787551370329,7.575573631176399,7613,8225,624,0,7601,8211,369811,12,0,0,12,14
2020-08-20,US,New Jersey,Middlesex,18185,1418,0,40.43629879,-74.41426991,34023.0,2204.0767845325563,7.797635413802585,16767,18168,1418,0,16750,18133,829685,17,0,0,17,35
2020-08-20,US,New Jersey,Monmouth,10533,859,0,40.26549699,-74.22240686,34025.0,1702.179235449543,8.15532137092946,9674,10524,857,0,9667,10509,621354,9,2,0,7,15
2020-08-20,US,New Jersey,Morris,7382,830,0,40.86095313,-74.54553709999998,34027.0,1500.8793420691477,11.24356542942292,6552,7371,830,0,6541,7358,494228,11,0,0,11,13
2020-08-20,US,New Jersey,Ocean,10836,1024,0,39.8895449,-74.28089251,34029.0,1784.6261277433932,9.449981543004801,9812,10826,1023,0,9803,10805,601651,10,1,0,9,21
2020-08-20,US,New Jersey,Passaic,18058,1244,0,41.03238628,-74.29954144,34031.0,3598.458429814318,6.8889135009414115,16814,18039,1245,0,16794,18002,503310,19,-1,0,20,37
2020-08-20,US,New Jersey,Salem,941,88,0,39.58719656,-75.34696629999998,34033.0,1508.3754107557907,9.351753453772584,853,941,87,0,854,937,62607,0,1,0,-1,4
2020-08-20,US,New Jersey,Somerset,5331,565,0,40.56465737,-74.61683016,34035.0,1620.6898648361068,10.598386794222472,4766,5329,565,0,4764,5323,331164,2,0,0,2,6
2020-08-20,US,New Jersey,Sussex,1357,198,0,41.13891592,-74.69118243,34037.0,965.9187973350037,14.591009579955784,1159,1355,198,0,1157,1355,140799,2,0,0,2,0
2020-08-20,US,New Jersey,Unassigned,324,0,0,0.0,0.0,90034.0,0.0,0.0,324,378,0,0,378,402,,-54,0,0,-54,-24
2020-08-20,US,New Jersey,Union,16927,1350,0,40.65835409,-74.30680092,34039.0,3042.558430890407,7.975423879009867,15577,16921,1349,0,15572,16898,558067,6,1,0,5,23
2020-08-20,US,New Jersey,Warren,1377,171,0,40.85951833,-74.99556527,34041.0,1308.1022542677192,12.418300653594773,1206,1373,171,0,1202,1370,105779,4,0,0,4,3
2020-08-20,US,New Mexico,Bernalillo,5474,146,0,35.05163625,-106.6703554,35001.0,806.0419277271651,2.6671538180489587,5328,5416,143,0,5273,5383,678701,58,3,0,55,33
2020-08-20,US,New Mexico,Catron,5,1,0,33.91514144,-108.4046587,35003.0,141.7635384179189,20.0,4,5,1,0,4,5,3578,0,0,0,0,0
2020-08-20,US,New Mexico,Chaves,581,6,0,33.36406072,-104.4665365,35005.0,899.1720188810648,1.032702237521515,575,567,6,0,561,548,64689,14,0,0,14,19
2020-08-20,US,New Mexico,Cibola,391,19,0,34.91131525,-107.998876,35006.0,1465.7919400187438,4.859335038363171,372,388,19,0,369,385,26746,3,0,0,3,3
2020-08-20,US,New Mexico,Colfax,19,1,0,36.60569702,-104.64726740000002,35007.0,159.11565195544762,5.2631578947368425,18,19,1,0,18,19,12110,0,0,0,0,0
2020-08-20,US,New Mexico,Curry,619,3,0,34.57421077,-103.34688759999999,35009.0,1264.4523430158924,0.4846526655896608,616,611,3,0,608,603,49437,8,0,0,8,8
2020-08-20,US,New Mexico,Dona Ana,2685,37,0,32.35275771,-106.83293870000001,35013.0,1230.5506542313071,1.378026070763501,2648,2664,36,0,2628,2648,217522,21,1,0,20,16
2020-08-20,US,New Mexico,Eddy,397,5,0,32.47167456,-104.3053527,35015.0,679.0968183373246,1.2594458438287153,392,394,5,0,389,379,57900,3,0,0,3,15
2020-08-20,US,New Mexico,Grant,75,2,0,32.73911281,-108.3827845,35017.0,277.7983554337358,2.6666666666666665,73,72,2,0,70,72,27346,3,0,0,3,0
2020-08-20,US,New Mexico,Guadalupe,32,0,0,34.86319296,-104.790669,35019.0,744.1860465116278,0.0,32,32,0,0,32,32,4341,0,0,0,0,0
2020-08-20,US,New Mexico,Harding,2,0,0,35.85751555,-103.82209379999999,35021.0,320.0,0.0,2,2,0,0,2,2,655,0,0,0,0,0
2020-08-20,US,New Mexico,Hidalgo,93,0,0,31.91383467,-108.7151824,35023.0,2215.340638399238,0.0,93,93,0,0,93,93,4240,0,0,0,0,0
2020-08-20,US,New Mexico,Lea,991,7,0,32.79215361,-103.4123733,35025.0,1394.3998874349234,0.7063572149344097,984,965,7,0,958,942,69611,26,0,0,26,23
2020-08-20,US,New Mexico,Lincoln,161,2,0,33.74526079,-105.4586166,35027.0,822.6037195994278,1.2422360248447204,159,160,2,0,158,157,19556,1,0,0,1,3
2020-08-20,US,New Mexico,Los Alamos,24,0,0,35.86631386,-106.31349850000001,35028.0,123.90933966647735,0.0,24,24,0,0,24,23,19101,0,0,0,0,1
2020-08-20,US,New Mexico,Luna,263,5,0,32.18179341,-107.75088259999998,35029.0,1109.2833944915433,1.9011406844106464,258,259,5,0,254,257,23963,4,0,0,4,2
2020-08-20,US,New Mexico,McKinley,4141,236,0,35.58007720000001,-108.262245,35031.0,5802.4016702397485,5.699106496015455,3905,4134,235,0,3899,4131,72290,7,1,0,6,3
2020-08-20,US,New Mexico,Mora,6,0,0,36.01095101,-104.9497716,35033.0,132.71400132713998,0.0,6,6,0,0,6,6,4506,0,0,0,0,0
2020-08-20,US,New Mexico,Otero,212,11,0,32.61348406,-105.7417604,35035.0,314.12061046080896,5.188679245283018,201,211,11,0,200,211,66781,1,0,0,1,0
2020-08-20,US,New Mexico,Quay,58,1,0,35.10403332,-103.54817270000001,35037.0,702.7747485762752,1.7241379310344829,57,51,1,0,50,51,8253,7,0,0,7,0
2020-08-20,US,New Mexico,Rio Arriba,336,10,0,36.51072137,-106.69316740000001,35039.0,863.2871714498599,2.9761904761904763,326,331,10,0,321,327,39006,5,0,0,5,4
2020-08-20,US,New Mexico,Roosevelt,185,1,0,34.02097406,-103.4799493,35041.0,1000.0,0.5405405405405406,184,177,1,0,176,176,18743,8,0,0,8,1
2020-08-20,US,New Mexico,San Juan,3123,189,0,36.50838318,-108.32043700000001,35045.0,2519.401732844996,6.051873198847263,2934,3116,189,0,2927,3106,125043,7,0,0,7,10
2020-08-20,US,New Mexico,San Miguel,58,0,0,35.48014807,-104.8163562,35047.0,212.63335410785643,0.0,58,56,0,0,56,55,27591,2,0,0,2,1
2020-08-20,US,New Mexico,Sandoval,1176,33,0,35.68862401,-106.86878030000001,35043.0,801.3737836290784,2.8061224489795915,1143,1172,33,0,1139,1162,145179,4,0,0,4,10
2020-08-20,US,New Mexico,Santa Fe,736,3,0,35.50708973,-105.9774716,35049.0,489.49839715878096,0.4076086956521739,733,723,3,0,720,711,150056,13,0,0,13,12
2020-08-20,US,New Mexico,Sierra,36,1,0,33.13028233,-107.1925893,35051.0,333.6113427856547,2.7777777777777777,35,34,1,0,33,34,10968,2,0,0,2,0
2020-08-20,US,New Mexico,Socorro,75,6,0,34.00715494,-106.9298354,35053.0,450.8024283224138,8.0,69,75,6,0,69,75,16735,0,0,0,0,0
2020-08-20,US,New Mexico,Taos,115,2,0,36.58006022,-105.63101979999999,35055.0,351.43477065061273,1.7391304347826086,113,116,2,0,114,116,32835,-1,0,0,-1,0
2020-08-20,US,New Mexico,Torrance,63,1,0,34.64048375,-105.8508949,35057.0,407.4768773041847,1.5873015873015872,62,63,1,0,62,63,15591,0,0,0,0,0
2020-08-20,US,New Mexico,Unassigned,1314,0,0,0.0,0.0,90035.0,0.0,0.0,1314,1314,0,0,1314,1311,,0,0,0,0,3
2020-08-20,US,New Mexico,Union,31,2,0,36.48126404,-103.4709624,35059.0,763.7349100763735,6.451612903225807,29,31,2,0,29,30,4118,0,0,0,0,1
2020-08-20,US,New Mexico,Valencia,474,4,0,34.71669834,-106.8103733,35061.0,618.0888796161069,0.8438818565400844,470,468,4,0,464,466,76456,6,0,0,6,2
2020-08-20,US,New York,Albany,2684,129,0,42.60060306,-73.97723916,36001.0,878.542483617343,4.806259314456036,2555,2675,129,0,2546,2661,307117,9,0,0,9,14
2020-08-20,US,New York,Allegany,81,1,0,42.25748406,-78.02750466,36003.0,175.7392983445792,1.2345679012345678,80,80,1,0,79,80,46430,1,0,0,1,0
2020-08-20,US,New York,Broome,1196,69,0,42.15903158,-75.81326086,36007.0,627.861072613498,5.769230769230768,1127,1189,69,0,1120,1177,191659,7,0,0,7,12
2020-08-20,US,New York,Cattaraugus,174,6,0,42.24778241,-78.67923096,36009.0,228.59545173877052,3.4482758620689653,168,173,6,0,167,172,76840,1,0,0,1,1
2020-08-20,US,New York,Cayuga,164,2,0,42.91261714,-76.55731592,36011.0,214.16631842875046,1.2195121951219512,162,164,2,0,162,164,77145,0,0,0,0,0
2020-08-20,US,New York,Chautauqua,275,9,0,42.22769210000001,-79.36691763,36013.0,216.70094481611943,3.272727272727273,266,272,9,0,263,271,127939,3,0,0,3,1
2020-08-20,US,New York,Chemung,193,3,0,42.13891056,-76.7638805,36015.0,231.2595858895706,1.5544041450777202,190,191,3,0,188,190,84254,2,0,0,2,1
2020-08-20,US,New York,Chenango,219,6,0,42.49430041,-75.60887553,36017.0,463.9142500052958,2.7397260273972597,213,218,6,0,212,218,47536,1,0,0,1,0
2020-08-20,US,New York,Clinton,135,4,0,44.74530905,-73.67875352,36019.0,167.73311797229297,2.962962962962963,131,134,4,0,130,134,80695,1,0,0,1,0
2020-08-20,US,New York,Columbia,560,37,0,42.24819348,-73.63089095,36021.0,941.7937807974976,6.607142857142858,523,559,37,0,522,558,59916,1,0,0,1,1
2020-08-20,US,New York,Cortland,98,0,0,42.59509207,-76.07048931,36023.0,205.9645656879847,0.0,98,97,0,0,97,97,47823,1,0,0,1,0
2020-08-20,US,New York,Delaware,109,4,0,42.19837623,-74.96709306,36025.0,246.96952532004082,3.669724770642202,105,108,4,0,104,107,44527,1,0,0,1,1
2020-08-20,US,New York,Dutchess,4721,153,0,41.76486060000001,-73.74356679,36027.0,1604.5925130345527,3.240838805337852,4568,4710,153,0,4557,4704,293718,11,0,0,11,6
2020-08-20,US,New York,Erie,9283,676,0,42.76249024,-78.73063652,36029.0,1010.4473485417468,7.282128622212647,8607,9241,676,0,8565,9187,919719,42,0,0,42,54
2020-08-20,US,New York,Essex,85,0,0,44.11630765,-73.77297842,36031.0,230.4459807509828,0.0,85,63,0,0,63,63,37300,22,0,0,22,0
2020-08-20,US,New York,Franklin,56,0,0,44.59040891,-74.29926032,36033.0,111.9507416736636,0.0,56,56,0,0,56,55,50293,0,0,0,0,1
2020-08-20,US,New York,Fulton,305,24,0,43.11363907,-74.41798804,36035.0,571.3429368900213,7.868852459016392,281,305,24,0,281,305,53591,0,0,0,0,0
2020-08-20,US,New York,Genesee,290,5,0,43.0022601,-78.19135193,36037.0,506.2849162011173,1.7241379310344829,285,289,5,0,284,288,57511,1,0,0,1,1
2020-08-20,US,New York,Greene,301,18,0,42.275797,-74.12384884,36039.0,637.8740357718062,5.980066445182724,283,300,18,0,282,300,47491,1,0,0,1,0
2020-08-20,US,New York,Hamilton,12,0,0,43.66146647,-74.49721957,36041.0,271.7391304347826,0.0,12,11,0,0,11,11,4434,1,0,0,1,0
2020-08-20,US,New York,Herkimer,284,4,0,43.42034246,-74.96145307,36043.0,463.1517148029159,1.4084507042253518,280,284,4,0,280,284,61833,0,0,0,0,0
2020-08-20,US,New York,Jefferson,143,0,0,44.04200959,-75.94653457,36045.0,130.19647832183114,0.0,143,143,0,0,143,143,111755,0,0,0,0,0
2020-08-20,US,New York,Lewis,47,0,0,43.784415700000004,-75.44903992,36049.0,178.73440827502282,0.0,47,47,0,0,47,47,26447,0,0,0,0,0
2020-08-20,US,New York,Livingston,178,8,0,42.72596275,-77.77966158,36051.0,282.9258988460438,4.49438202247191,170,178,8,0,170,178,63227,0,0,0,0,0
2020-08-20,US,New York,Madison,424,17,0,42.91653905,-75.67266639,36053.0,597.6797620557928,4.0094339622641515,407,424,17,0,407,423,70795,0,0,0,0,1
2020-08-20,US,New York,Monroe,5256,285,0,43.14638895,-77.69322942,36055.0,708.5754344338542,5.422374429223743,4971,5241,285,0,4956,5213,742474,15,0,0,15,28
2020-08-20,US,New York,Montgomery,190,4,0,42.90123494,-74.44011632,36057.0,386.0140996729039,2.1052631578947367,186,189,4,0,185,188,49455,1,0,0,1,1
2020-08-20,US,New York,Nassau,44112,2195,0,40.74066522,-73.58941873,36059.0,3250.882142257046,4.9759702575262965,41917,44063,2195,0,41868,44001,1358343,49,0,0,49,62
2020-08-20,US,New York,New York City,231288,23639,0,40.76727260000001,-73.97152637,36061.0,2774.2962332026727,10.220590778596383,207649,231015,23643,0,207372,230742,1628701,273,-4,0,277,273
2020-08-20,US,New York,Niagara,1547,98,0,43.19898042,-78.74777412,36063.0,739.1975382380627,6.334841628959277,1449,1544,98,0,1446,1535,210433,3,0,0,3,9
2020-08-20,US,New York,Oneida,2222,117,0,43.24375382,-75.43710392,36065.0,971.701702445872,5.265526552655267,2105,2218,117,0,2101,2213,229577,4,0,0,4,5
2020-08-20,US,New York,Onondaga,3719,203,0,43.00491923,-76.19971155,36067.0,807.5513323836988,5.458456574347943,3516,3712,203,0,3509,3696,461809,7,0,0,7,16
2020-08-20,US,New York,Ontario,373,34,0,42.85145728,-77.30874425,36069.0,339.7797352815253,9.115281501340485,339,371,34,0,337,371,109864,2,0,0,2,0
2020-08-20,US,New York,Orange,11292,493,0,41.40337468,-74.30240757,36071.0,2933.4441731178886,4.3659227771873885,10799,11282,493,0,10789,11269,381951,10,0,0,10,13
2020-08-20,US,New York,Orleans,303,54,0,43.2516977,-78.2320066,36073.0,750.8921490880252,17.821782178217823,249,303,54,0,249,302,40612,0,0,0,0,1
2020-08-20,US,New York,Oswego,276,3,0,43.42778894,-76.14635194,36075.0,235.64768962808648,1.0869565217391304,273,274,3,0,271,272,117898,2,0,0,2,2
2020-08-20,US,New York,Otsego,123,5,0,42.63492579,-75.03151402,36077.0,206.74701225354244,4.0650406504065035,118,122,5,0,117,120,59749,1,0,0,1,2
2020-08-20,US,New York,Putnam,1468,63,0,41.42630093,-73.74965532,36079.0,1493.0838079739624,4.291553133514986,1405,1466,63,0,1403,1463,98892,2,0,0,2,3
2020-08-20,US,New York,Rensselaer,809,40,0,42.71348136,-73.51089874,36083.0,509.7218896883703,4.944375772558715,769,804,40,0,764,801,159442,5,0,0,5,3
2020-08-20,US,New York,Rockland,14089,674,0,41.15027894,-74.02560498,36087.0,4324.57817790042,4.7838739442117975,13415,14067,674,0,13393,14053,325695,22,0,0,22,14
2020-08-20,US,New York,Saratoga,802,17,0,43.10904162,-73.86653895,36091.0,348.9034772886458,2.119700748129676,785,800,17,0,783,800,230163,2,0,0,2,0
2020-08-20,US,New York,Schenectady,1143,37,0,42.81668777,-74.05278291,36093.0,735.9995878917442,3.2370953630796153,1106,1133,37,0,1096,1130,155350,10,0,0,10,3
2020-08-20,US,New York,Schoharie,69,0,0,42.58831742,-74.44339029999998,36095.0,222.58782541372295,0.0,69,69,0,0,69,69,31097,0,0,0,0,0
2020-08-20,US,New York,Schuyler,23,0,0,42.39184015,-76.8773299,36097.0,129.16268883023528,0.0,23,23,0,0,23,23,17912,0,0,0,0,0
2020-08-20,US,New York,Seneca,95,3,0,42.78081007,-76.82497064,36099.0,279.28033866415797,3.1578947368421053,92,95,3,0,92,95,34300,0,0,0,0,0
2020-08-20,US,New York,St. Lawrence,264,4,0,44.4976179,-75.06550039,36089.0,245.03434193428623,1.5151515151515151,260,264,4,0,260,263,108047,0,0,0,0,1
2020-08-20,US,New York,Steuben,307,42,0,42.2689144,-77.3829924,36101.0,321.8737877310519,13.680781758957655,265,307,42,0,265,307,95796,0,0,0,0,0
2020-08-20,US,New York,Suffolk,44353,2000,0,40.88320119,-72.8012172,36103.0,3003.7227389118652,4.509277839154059,42353,44305,2000,0,42305,44235,1481093,48,0,0,48,70
2020-08-20,US,New York,Sullivan,1495,48,0,41.71579493,-74.76394559,36105.0,1981.917488599003,3.210702341137124,1447,1494,48,0,1446,1493,75498,1,0,0,1,1
2020-08-20,US,New York,Tioga,203,25,0,42.16852837,-76.30835812,36107.0,421.13561396593565,12.31527093596059,178,199,25,0,174,198,48560,4,0,0,4,1
2020-08-20,US,New York,Tompkins,240,0,0,42.44945765,-76.47229843,36109.0,234.87962419260128,0.0,240,238,0,0,238,238,102793,2,0,0,2,0
2020-08-20,US,New York,Ulster,2113,93,0,41.89027881,-74.26252104,36111.0,1189.933154252054,4.401325130146711,2020,2106,93,0,2013,2100,178599,7,0,0,7,6
2020-08-20,US,New York,Warren,313,33,0,43.56173026,-73.8433699,36113.0,489.49080445389717,10.543130990415335,280,313,33,0,280,313,64265,0,0,0,0,0
2020-08-20,US,New York,Washington,264,14,0,43.31153794,-73.43043448,36115.0,431.34435657800145,5.303030303030303,250,262,14,0,248,262,61197,2,0,0,2,0
2020-08-20,US,New York,Wayne,270,3,0,43.15494365,-77.02976528,36117.0,300.2735825974777,1.1111111111111112,267,270,3,0,267,270,90064,0,0,0,0,0
2020-08-20,US,New York,Westchester,36586,1448,0,41.16278376,-73.75741653,36119.0,3781.47525700099,3.957798064833543,35138,36563,1448,0,35115,36540,967612,23,0,0,23,23
2020-08-20,US,New York,Wyoming,120,5,0,42.70145109,-78.22199579,36121.0,301.0612408740812,4.166666666666667,115,120,5,0,115,120,40085,0,0,0,0,0
2020-08-20,US,New York,Yates,59,7,0,42.63505484,-77.10369919,36123.0,236.82414803516238,11.864406779661017,52,59,7,0,52,59,24841,0,0,0,0,0
2020-08-20,US,North Carolina,Alamance,2726,44,0,36.0434701,-79.39976137,37001.0,1608.174197240265,1.6140865737344094,2682,2698,44,0,2654,2681,166436,28,0,0,28,17
2020-08-20,US,North Carolina,Alexander,354,2,0,35.922379600000006,-81.17751948,37003.0,944.0755260420833,0.5649717514124294,352,351,2,0,349,346,37353,3,0,0,3,5
2020-08-20,US,North Carolina,Alleghany,181,0,0,36.49360862,-81.12857041,37005.0,1625.21325312023,0.0,181,182,0,0,182,181,11161,-1,0,0,-1,1
2020-08-20,US,North Carolina,Anson,388,3,0,34.97403241,-80.09953279,37007.0,1587.171725435654,0.7731958762886598,385,384,3,0,381,381,24877,4,0,0,4,3
2020-08-20,US,North Carolina,Ashe,179,1,0,36.43296207,-81.49862729,37009.0,658.0156600374959,0.5586592178770949,178,177,1,0,176,175,27109,2,0,0,2,2
2020-08-20,US,North Carolina,Avery,114,0,0,36.07569796,-81.92308483,37011.0,649.3136640656148,0.0,114,113,0,0,113,110,17505,1,0,0,1,3
2020-08-20,US,North Carolina,Beaufort,470,9,0,35.48531943,-76.84325809,37013.0,1000.1276758735156,1.9148936170212767,461,465,3,0,462,462,47079,5,6,0,-1,3
2020-08-20,US,North Carolina,Bertie,340,5,0,36.0688473,-76.96545943,37015.0,1794.479337098221,1.4705882352941178,335,328,5,0,323,326,19026,12,0,0,12,2
2020-08-20,US,North Carolina,Bladen,663,8,0,34.61296243,-78.56180059,37017.0,2026.1597701851965,1.2066365007541475,655,659,8,0,651,658,33190,4,0,0,4,1
2020-08-20,US,North Carolina,Brunswick,1337,22,0,34.070565,-78.22814204,37019.0,936.1433972832937,1.6454749439042633,1315,1330,22,0,1308,1326,136744,7,0,0,7,4
2020-08-20,US,North Carolina,Buncombe,2167,54,0,35.61113393,-82.53305,37021.0,829.6610526396391,2.491924319335487,2113,2135,54,0,2081,2113,259103,32,0,0,32,22
2020-08-20,US,North Carolina,Burke,1753,27,0,35.74989637,-81.70755735,37023.0,1937.3376802784992,1.540216771249287,1726,1731,27,0,1704,1720,90382,22,0,0,22,11
2020-08-20,US,North Carolina,Cabarrus,2866,51,0,35.3877799,-80.55267168,37025.0,1324.074972395855,1.7794836008374042,2815,2840,50,0,2790,2828,211342,26,1,0,25,12
2020-08-20,US,North Carolina,Caldwell,1320,14,0,35.95204977,-81.54799522,37027.0,1606.2693178222885,1.0606060606060606,1306,1296,14,0,1282,1295,82029,24,0,0,24,1
2020-08-20,US,North Carolina,Camden,83,2,0,36.33804939,-76.15568396,37029.0,763.7802521395047,2.409638554216868,81,82,2,0,80,79,10710,1,0,0,1,3
2020-08-20,US,North Carolina,Carteret,399,5,0,34.8932941,-76.54120135,37031.0,574.3238380377989,1.2531328320802004,394,392,5,0,387,385,69524,7,0,0,7,7
2020-08-20,US,North Carolina,Caswell,207,2,0,36.39312665,-79.33353281,37033.0,915.767120863564,0.966183574879227,205,205,2,0,203,203,22698,2,0,0,2,2
2020-08-20,US,North Carolina,Catawba,2345,38,0,35.66211129,-81.2132617,37035.0,1469.7494844908524,1.6204690831556503,2307,2322,35,0,2287,2288,158652,23,3,0,20,34
2020-08-20,US,North Carolina,Chatham,1380,55,0,35.70394416,-79.25541492,37037.0,1853.0952061232708,3.985507246376812,1325,1377,55,0,1322,1372,73139,3,0,0,3,5
2020-08-20,US,North Carolina,Cherokee,346,5,0,35.1349263,-84.05970864,37039.0,1209.282818397875,1.4450867052023122,341,311,5,0,306,299,28383,35,0,0,35,12
2020-08-20,US,North Carolina,Chowan,170,2,0,36.12908077,-76.60118385,37041.0,1219.2498027684144,1.1764705882352942,168,168,2,0,166,168,14029,2,0,0,2,0
2020-08-20,US,North Carolina,Clay,80,1,0,35.05704275,-83.74353633,37043.0,712.3141305315644,1.25,79,77,1,0,76,76,11139,3,0,0,3,1
2020-08-20,US,North Carolina,Cleveland,1398,25,0,35.33553364,-81.55204486,37045.0,1427.3025207510184,1.78826895565093,1373,1358,24,0,1334,1341,97645,40,1,0,39,17
2020-08-20,US,North Carolina,Columbus,1013,50,0,34.26744084,-78.65801424,37047.0,1824.9621676154788,4.935834155972358,963,1003,50,0,953,990,55655,10,0,0,10,13
2020-08-20,US,North Carolina,Craven,844,23,0,35.11833364,-77.08398081,37049.0,826.3249101714331,2.7251184834123223,821,798,22,0,776,792,102912,46,1,0,45,6
2020-08-20,US,North Carolina,Cumberland,3573,63,0,35.04762133,-78.82623165,37051.0,1064.9490773719929,1.7632241813602014,3510,3528,61,0,3467,3493,332330,45,2,0,43,35
2020-08-20,US,North Carolina,Currituck,86,0,0,36.36123664,-75.95876401,37053.0,309.7647948708713,0.0,86,85,0,0,85,85,27072,1,0,0,1,0
2020-08-20,US,North Carolina,Dare,218,2,0,35.66520691,-75.71767334,37055.0,589.0459077521683,0.9174311926605504,216,216,2,0,214,216,36501,2,0,0,2,0
2020-08-20,US,North Carolina,Davidson,1965,31,0,35.79115496,-80.21256572,37057.0,1172.3714120363463,1.5776081424936388,1934,1933,30,0,1903,1913,166614,32,1,0,31,20
2020-08-20,US,North Carolina,Davie,449,5,0,35.93099927,-80.54496571,37059.0,1047.9391308406853,1.11358574610245,444,443,5,0,438,443,42733,6,0,0,6,0
2020-08-20,US,North Carolina,Duplin,2043,49,0,34.93449805,-77.93140529,37061.0,3477.979605386357,2.398433675966716,1994,2037,49,0,1988,2030,58856,6,0,0,6,7
2020-08-20,US,North Carolina,Durham,6508,81,0,36.03638492,-78.87608331,37063.0,2024.3368337231875,1.2446220036877689,6427,6461,81,0,6380,6447,316739,47,0,0,47,14
2020-08-20,US,North Carolina,Edgecombe,792,16,0,35.91230639,-77.59436892,37065.0,1538.7006527820956,2.0202020202020203,776,772,15,0,757,753,52005,20,1,0,19,19
2020-08-20,US,North Carolina,Forsyth,5681,63,0,36.12859861,-80.25459052,37067.0,1486.0251899710956,1.1089596901953882,5618,5620,62,0,5558,5601,379099,61,1,0,60,19
2020-08-20,US,North Carolina,Franklin,956,28,0,36.081519,-78.28708884,37069.0,1371.8877807275594,2.928870292887029,928,942,28,0,914,934,67560,14,0,0,14,8
2020-08-20,US,North Carolina,Gaston,3716,59,0,35.29373559,-81.17477045,37071.0,1655.0200642233294,1.58772874058127,3657,3655,58,0,3597,3636,222846,61,1,0,60,19
2020-08-20,US,North Carolina,Gates,66,2,0,36.44667547,-76.69749701,37073.0,570.8354955889985,3.0303030303030303,64,60,2,0,58,58,11573,6,0,0,6,2
2020-08-20,US,North Carolina,Graham,49,0,0,35.3506925,-83.83369267,37075.0,580.4999407653123,0.0,49,49,0,0,49,49,8484,0,0,0,0,0
2020-08-20,US,North Carolina,Granville,1391,35,0,36.30337451,-78.65184241,37077.0,2301.3417600052944,2.5161754133716747,1356,1370,29,0,1341,1364,60115,21,6,0,15,6
2020-08-20,US,North Carolina,Greene,355,3,0,35.48544173,-77.67578087,37079.0,1684.9399591817362,0.8450704225352113,352,349,3,0,346,346,21012,6,0,0,6,3
2020-08-20,US,North Carolina,Guilford,6165,160,0,36.07959451,-79.78824948,37081.0,1147.6728210970748,2.59529602595296,6005,6069,160,0,5909,6025,533670,96,0,0,96,44
2020-08-20,US,North Carolina,Halifax,789,9,0,36.25669272,-77.6556109,37083.0,1577.6844631073786,1.1406844106463878,780,767,9,0,758,761,50574,22,0,0,22,6
2020-08-20,US,North Carolina,Harnett,1463,41,0,35.36731853,-78.87243571,37085.0,1075.9251632641053,2.802460697197539,1422,1447,41,0,1406,1432,134214,16,0,0,16,15
2020-08-20,US,North Carolina,Haywood,474,25,0,35.55269063,-82.98196486,37087.0,760.6271161962227,5.274261603375527,449,469,25,0,444,467,61971,5,0,0,5,2
2020-08-20,US,North Carolina,Henderson,1620,59,0,35.33788927,-82.4766782,37089.0,1379.6979994379008,3.641975308641976,1561,1596,59,0,1537,1575,116748,24,0,0,24,21
2020-08-20,US,North Carolina,Hertford,425,12,0,36.3607755,-76.98104134,37091.0,1794.9909194577015,2.8235294117647056,413,420,12,0,408,410,23659,5,0,0,5,10
2020-08-20,US,North Carolina,Hoke,794,12,0,35.01888303,-79.23651674,37093.0,1437.5203678893436,1.5113350125944585,782,791,12,0,779,788,54764,3,0,0,3,3
2020-08-20,US,North Carolina,Hyde,64,0,0,35.42017674,-76.15180542,37095.0,1296.3338059550333,0.0,64,63,0,0,63,62,5230,1,0,0,1,1
2020-08-20,US,North Carolina,Iredell,2083,18,0,35.80950511,-80.8743128,37097.0,1145.7267636931676,0.8641382621219396,2065,2050,18,0,2032,2026,178435,33,0,0,33,24
2020-08-20,US,North Carolina,Jackson,462,7,0,35.28814273,-83.14093385,37099.0,1051.4816332104328,1.5151515151515151,455,465,7,0,458,460,43327,-3,0,0,-3,5
2020-08-20,US,North Carolina,Johnston,3507,47,0,35.51745004,-78.36622717,37101.0,1675.273121587473,1.3401767892785856,3460,3469,47,0,3422,3461,202675,38,0,0,38,8
2020-08-20,US,North Carolina,Jones,120,4,0,35.02254606,-77.35870791,37103.0,1274.0205966663127,3.333333333333333,116,118,4,0,114,113,9637,2,0,0,2,5
2020-08-20,US,North Carolina,Lee,1362,11,0,35.47623147,-79.17569362,37105.0,2204.6326421599574,0.8076358296622613,1351,1345,11,0,1334,1342,61452,17,0,0,17,3
2020-08-20,US,North Carolina,Lenoir,689,11,0,35.24032589999999,-77.64245615,37107.0,1231.478668072709,1.5965166908563135,678,672,11,0,661,649,55976,17,0,0,17,23
2020-08-20,US,North Carolina,Lincoln,966,10,0,35.48508185,-81.21740317,37109.0,1121.8078991069665,1.0351966873706004,956,952,10,0,942,939,83770,14,0,0,14,13
2020-08-20,US,North Carolina,Macon,492,2,0,35.14867843,-83.41696617,37113.0,1372.0787550895195,0.4065040650406504,490,485,2,0,483,480,35285,7,0,0,7,5
2020-08-20,US,North Carolina,Madison,52,1,0,35.85402722,-82.71346418,37115.0,239.02551137669502,1.9230769230769231,51,50,1,0,49,49,21763,2,0,0,2,1
2020-08-20,US,North Carolina,Martin,294,7,0,35.84326734,-77.10860251,37117.0,1310.1604278074867,2.380952380952381,287,290,7,0,283,286,22671,4,0,0,4,4
2020-08-20,US,North Carolina,McDowell,735,22,0,35.67736232,-82.0482425,37111.0,1606.3467086283765,2.993197278911565,713,729,21,0,708,720,45507,6,1,0,5,9
2020-08-20,US,North Carolina,Mecklenburg,23593,266,0,35.24469268,-80.8317671,37119.0,2124.8140236104455,1.1274530581104565,23327,23434,262,0,23172,23318,1093901,159,4,0,155,116
2020-08-20,US,North Carolina,Mitchell,83,3,0,36.01059309,-82.1582442,37121.0,554.6645282010157,3.614457831325301,80,82,3,0,79,80,15000,1,0,0,1,2
2020-08-20,US,North Carolina,Montgomery,739,16,0,35.33155144,-79.90416657,37123.0,2719.6113789423325,2.165087956698241,723,725,16,0,709,722,27271,14,0,0,14,3
2020-08-20,US,North Carolina,Moore,1132,21,0,35.30885257,-79.48474178,37125.0,1122.1252973830294,1.8551236749116609,1111,1117,21,0,1096,1108,98682,15,0,0,15,9
2020-08-20,US,North Carolina,Nash,1391,17,0,35.96575634,-77.98422508,37127.0,1475.1108188932958,1.2221423436376708,1374,1378,16,0,1362,1359,94016,13,1,0,12,19
2020-08-20,US,North Carolina,New Hanover,2770,21,0,34.25758282,-77.87075626,37129.0,1181.3726953636453,0.7581227436823105,2749,2736,21,0,2715,2729,232274,34,0,0,34,7
2020-08-20,US,North Carolina,Northampton,322,16,0,36.41736238,-77.39769443,37131.0,1652.7228866191033,4.9689440993788825,306,320,16,0,304,321,19676,2,0,0,2,-1
2020-08-20,US,North Carolina,Onslow,1280,12,0,34.72607366,-77.42908179,37133.0,646.6671381947883,0.9375,1268,1254,12,0,1242,1242,197683,26,0,0,26,12
2020-08-20,US,North Carolina,Orange,1650,49,0,36.06092947,-79.12167935,37135.0,1111.290713650691,2.9696969696969697,1601,1562,49,0,1513,1514,146027,88,0,0,88,48
2020-08-20,US,North Carolina,Pamlico,77,2,0,35.15253315,-76.66559823,37137.0,605.0605060506051,2.5974025974025974,75,75,2,0,73,74,12670,2,0,0,2,1
2020-08-20,US,North Carolina,Pasquotank,468,21,0,36.26723798,-76.25134778,37139.0,1175.1707513057452,4.487179487179487,447,464,21,0,443,458,39639,4,0,0,4,6
2020-08-20,US,North Carolina,Pender,716,4,0,34.52265624,-77.90352133,37141.0,1135.4265778623533,0.5586592178770949,712,708,4,0,704,705,62162,8,0,0,8,3
2020-08-20,US,North Carolina,Perquimans,97,2,0,36.17847453,-76.40603143,37143.0,720.4932035950383,2.061855670103093,95,94,2,0,92,93,13422,3,0,0,3,1
2020-08-20,US,North Carolina,Person,259,2,0,36.38989032,-78.97217358,37145.0,655.8622436059762,0.7722007722007722,257,252,2,0,250,250,39507,7,0,0,7,2
2020-08-20,US,North Carolina,Pitt,2404,14,0,35.59535426,-77.37353178,37147.0,1330.0727003131535,0.5823627287853578,2390,2350,14,0,2336,2341,179914,54,0,0,54,9
2020-08-20,US,North Carolina,Polk,190,6,0,35.27820615,-82.16812354,37149.0,916.8114263655664,3.1578947368421053,184,188,6,0,182,184,20611,2,0,0,2,4
2020-08-20,US,North Carolina,Randolph,2289,42,0,35.71015088,-79.80570339,37151.0,1593.2677650399885,1.834862385321101,2247,2280,40,0,2240,2269,143351,9,2,0,7,11
2020-08-20,US,North Carolina,Richmond,584,9,0,35.00417719,-79.74491009,37153.0,1302.7281447277433,1.5410958904109588,575,575,9,0,566,573,44887,9,0,0,9,2
2020-08-20,US,North Carolina,Robeson,3128,56,0,34.64244496,-79.10250529999998,37155.0,2394.6411483253587,1.7902813299232736,3072,3102,56,0,3046,3067,131831,26,0,0,26,35
2020-08-20,US,North Carolina,Rockingham,651,6,0,36.39593137,-79.77504841,37157.0,715.3060103285353,0.9216589861751152,645,637,6,0,631,626,90690,14,0,0,14,11
2020-08-20,US,North Carolina,Rowan,2443,53,0,35.64003916,-80.52446628,37159.0,1719.3570181859134,2.1694637740483014,2390,2412,53,0,2359,2390,141262,31,0,0,31,22
2020-08-20,US,North Carolina,Rutherford,855,17,0,35.40114178,-81.92112099,37161.0,1275.5672917692345,1.9883040935672516,838,844,16,0,828,843,66826,11,1,0,10,1
2020-08-20,US,North Carolina,Sampson,1531,19,0,34.98820368,-78.36914061,37163.0,2409.8471612283765,1.2410189418680602,1512,1523,19,0,1504,1517,63626,8,0,0,8,6
2020-08-20,US,North Carolina,Scotland,495,7,0,34.8386299,-79.4757978,37165.0,1421.474312954082,1.414141414141414,488,470,7,0,463,448,34810,25,0,0,25,22
2020-08-20,US,North Carolina,Stanly,1300,31,0,35.31647813,-80.25093221,37167.0,2069.8659363755055,2.3846153846153846,1269,1276,31,0,1245,1261,62075,24,0,0,24,15
2020-08-20,US,North Carolina,Stokes,310,3,0,36.4017975,-80.23893369,37169.0,679.9587637910993,0.967741935483871,307,308,3,0,305,306,45467,2,0,0,2,2
2020-08-20,US,North Carolina,Surry,1041,11,0,36.41689489,-80.69102283,37171.0,1450.2040873187243,1.0566762728146013,1030,1019,11,0,1008,1009,71948,22,0,0,22,10
2020-08-20,US,North Carolina,Swain,123,2,0,35.48665845,-83.48748932,37173.0,861.887744376708,1.6260162601626016,121,123,2,0,121,122,14245,0,0,0,0,1
2020-08-20,US,North Carolina,Transylvania,180,1,0,35.20383864,-82.79638423,37175.0,523.4840773593137,0.5555555555555556,179,175,1,0,174,164,34215,5,0,0,5,11
2020-08-20,US,North Carolina,Tyrrell,103,2,0,35.87147226,-76.17055253,37177.0,2564.741035856573,1.9417475728155342,101,103,2,0,101,103,4131,0,0,0,0,0
2020-08-20,US,North Carolina,Union,3551,47,0,34.98960527,-80.52955873,37179.0,1480.4530995293067,1.3235708251196845,3504,3475,46,0,3429,3419,235908,76,1,0,75,56
2020-08-20,US,North Carolina,Vance,832,41,0,36.36880673,-78.40670845,37181.0,1868.1935556304031,4.927884615384615,791,821,41,0,780,822,44582,11,0,0,11,-1
2020-08-20,US,North Carolina,Wake,13163,187,0,35.78879266,-78.65249174,37183.0,1183.9774915651835,1.4206487882701513,12976,12951,187,0,12764,12847,1092305,212,0,0,212,104
2020-08-20,US,North Carolina,Warren,277,6,0,36.39728256,-78.10652228,37185.0,1403.882215802544,2.166064981949458,271,274,6,0,268,273,19807,3,0,0,3,1
2020-08-20,US,North Carolina,Washington,155,4,0,35.83810081,-76.57299037,37187.0,1338.5146804835924,2.5806451612903225,151,153,4,0,149,146,11859,2,0,0,2,7
2020-08-20,US,North Carolina,Watauga,358,0,0,36.23103603,-81.70033724,37189.0,637.2714812111717,0.0,358,349,0,0,349,348,55945,9,0,0,9,1
2020-08-20,US,North Carolina,Wayne,2618,44,0,35.36438125,-78.00027268,37191.0,2126.1908049150893,1.680672268907563,2574,2583,44,0,2539,2555,123248,35,0,0,35,28
2020-08-20,US,North Carolina,Wilkes,945,19,0,36.2084135,-81.16232895,37193.0,1381.3366076126995,2.0105820105820107,926,933,19,0,914,920,68557,12,0,0,12,13
2020-08-20,US,North Carolina,Wilson,1604,36,0,35.70625477,-77.917978,37195.0,1960.8562242515368,2.244389027431421,1568,1584,36,0,1548,1582,81455,20,0,0,20,2
2020-08-20,US,North Carolina,Yadkin,587,7,0,36.16222629,-80.66239436,37197.0,1558.3932885549686,1.192504258943782,580,584,7,0,577,579,37543,3,0,0,3,5
2020-08-20,US,North Carolina,Yancey,83,0,0,35.90079156,-82.31237181,37199.0,459.3502684155183,0.0,83,83,0,0,83,84,17903,0,0,0,0,-1
2020-08-20,US,North Dakota,Adams,5,0,0,46.09686891,-102.5285397,38001.0,225.6317689530686,0.0,5,5,0,0,5,4,2294,0,0,0,0,1
2020-08-20,US,North Dakota,Barnes,48,0,0,46.93579637,-98.06605978,38003.0,460.87373979836775,0.0,48,48,0,0,48,47,10542,0,0,0,0,1
2020-08-20,US,North Dakota,Benson,197,2,0,48.0683985,-99.35916363,38005.0,2883.4894613583137,1.0152284263959392,195,177,2,0,175,176,6962,20,0,0,20,1
2020-08-20,US,North Dakota,Billings,3,0,0,47.02366884,-103.3762965,38007.0,323.27586206896547,0.0,3,3,0,0,3,3,919,0,0,0,0,0
2020-08-20,US,North Dakota,Bottineau,24,0,0,48.79106111,-100.8378166,38009.0,382.04393505253097,0.0,24,23,0,0,23,22,6411,1,0,0,1,1
2020-08-20,US,North Dakota,Bowman,14,0,0,46.11285362,-103.5203343,38011.0,462.9629629629631,0.0,14,14,0,0,14,11,3076,0,0,0,0,3
2020-08-20,US,North Dakota,Burke,24,0,0,48.79094471,-102.51821170000001,38013.0,1134.7517730496456,0.0,24,24,0,0,24,23,2100,0,0,0,0,1
2020-08-20,US,North Dakota,Burleigh,1552,12,0,46.97847375,-100.46452140000001,38015.0,1622.9895635078326,0.7731958762886598,1540,1502,12,0,1490,1460,95273,50,0,0,50,42
2020-08-20,US,North Dakota,Cass,3203,76,0,46.93201724,-97.24447190000001,38017.0,1760.6349939260017,2.372775522947237,3127,3182,76,0,3106,3148,181516,21,0,0,21,34
2020-08-20,US,North Dakota,Cavalier,31,0,0,48.77286211,-98.46685243,38019.0,824.0297713981925,0.0,31,31,0,0,31,31,3829,0,0,0,0,0
2020-08-20,US,North Dakota,Dickey,15,0,0,46.11017712,-98.50490079999999,38021.0,307.88177339901483,0.0,15,14,0,0,14,14,4903,1,0,0,1,0
2020-08-20,US,North Dakota,Divide,5,0,0,48.814938700000006,-103.48736109999999,38023.0,220.84805653710248,0.0,5,5,0,0,5,5,2283,0,0,0,0,0
2020-08-20,US,North Dakota,Dunn,36,0,0,47.35423935,-102.61604679999999,38025.0,813.74321880651,0.0,36,33,0,0,33,32,4332,3,0,0,3,1
2020-08-20,US,North Dakota,Eddy,22,0,0,47.71701474,-98.90432337,38027.0,961.9588981198076,0.0,22,21,0,0,21,21,2313,1,0,0,1,0
2020-08-20,US,North Dakota,Emmons,24,1,0,46.28398398,-100.2389766,38029.0,740.5121875964209,4.166666666666667,23,23,1,0,22,23,3295,1,0,0,1,0
2020-08-20,US,North Dakota,Foster,26,0,0,47.457108399999996,-98.88279923,38031.0,809.9688473520247,0.0,26,26,0,0,26,26,3216,0,0,0,0,0
2020-08-20,US,North Dakota,Golden Valley,15,0,0,46.94022281,-103.8465421,38033.0,851.7887563884157,0.0,15,14,0,0,14,14,1769,1,0,0,1,0
2020-08-20,US,North Dakota,Grand Forks,858,10,0,47.92093639,-97.45450447,38035.0,1235.4033779211245,1.1655011655011656,848,827,10,0,817,805,70770,31,0,0,31,22
2020-08-20,US,North Dakota,Grant,4,0,0,46.35821257,-101.63900129999999,38037.0,175.9014951627089,0.0,4,4,0,0,4,4,2374,0,0,0,0,0
2020-08-20,US,North Dakota,Griggs,38,1,0,47.45785838,-98.23850925,38039.0,1703.2720753025546,2.631578947368421,37,38,1,0,37,37,2232,0,0,0,0,1
2020-08-20,US,North Dakota,Hettinger,10,0,0,46.43375068,-102.4632417,38041.0,400.16006402561027,0.0,10,8,0,0,8,8,2514,2,0,0,2,0
2020-08-20,US,North Dakota,Kidder,24,0,0,46.97830064,-99.77507857,38043.0,967.741935483871,0.0,24,24,0,0,24,23,2450,0,0,0,0,1
2020-08-20,US,North Dakota,LaMoure,16,0,0,46.45681054,-98.53542355,38045.0,395.45229856648535,0.0,16,16,0,0,16,16,4062,0,0,0,0,0
2020-08-20,US,North Dakota,Logan,7,0,0,46.45729487,-99.47719806,38047.0,378.3783783783784,0.0,7,7,0,0,7,7,1903,0,0,0,0,0
2020-08-20,US,North Dakota,McHenry,25,1,0,48.23104458,-100.6324822,38049.0,435.16100957354223,4.0,24,25,1,0,24,24,5816,0,0,0,0,1
2020-08-20,US,North Dakota,McIntosh,42,2,0,46.11182017,-99.44145858,38051.0,1682.018422106528,4.761904761904762,40,42,2,0,40,41,2585,0,0,0,0,1
2020-08-20,US,North Dakota,McKenzie,94,2,0,47.74133370000001,-103.395905,38053.0,625.6656017039403,2.127659574468085,92,94,2,0,92,94,13632,0,0,0,0,0
2020-08-20,US,North Dakota,McLean,113,1,0,47.60766714,-101.3182418,38055.0,1195.7671957671955,0.8849557522123894,112,108,1,0,107,105,9541,5,0,0,5,3
2020-08-20,US,North Dakota,Mercer,34,0,0,47.31213126,-101.8318399,38057.0,415.2925369488214,0.0,34,34,0,0,34,34,8267,0,0,0,0,0
2020-08-20,US,North Dakota,Morton,498,4,0,46.71681782,-101.2822377,38059.0,1587.8076775921438,0.8032128514056225,494,484,4,0,480,473,31095,14,0,0,14,11
2020-08-20,US,North Dakota,Mountrail,156,1,0,48.20197971,-102.3555315,38061.0,1479.3741109530586,0.6410256410256411,155,156,1,0,155,156,10218,0,0,0,0,0
2020-08-20,US,North Dakota,Nelson,27,0,0,47.9226426,-98.19038437,38063.0,937.8256339006599,0.0,27,27,0,0,27,27,2869,0,0,0,0,0
2020-08-20,US,North Dakota,Oliver,7,0,0,47.11530482,-101.3406158,38065.0,357.32516590096986,0.0,7,7,0,0,7,7,1952,0,0,0,0,0
2020-08-20,US,North Dakota,Pembina,27,0,0,48.76623521,-97.5523809,38067.0,397.00044111160116,0.0,27,27,0,0,27,27,6947,0,0,0,0,0
2020-08-20,US,North Dakota,Pierce,20,0,0,48.24977025,-99.96407787,38069.0,503.1446540880503,0.0,20,18,0,0,18,16,4081,2,0,0,2,2
2020-08-20,US,North Dakota,Ramsey,95,2,0,48.26886249,-98.72223879,38071.0,824.72436843476,2.1052631578947367,93,89,2,0,87,89,11481,6,0,0,6,0
2020-08-20,US,North Dakota,Ransom,31,0,0,46.45621782,-97.65742504,38073.0,594.0973553085473,0.0,31,30,0,0,30,28,5237,1,0,0,1,2
2020-08-20,US,North Dakota,Renville,10,0,0,48.71982533,-101.6603912,38075.0,429.7378599054577,0.0,10,10,0,0,10,10,2374,0,0,0,0,0
2020-08-20,US,North Dakota,Richland,119,1,0,46.26440649,-96.94852979,38077.0,735.6122890523583,0.8403361344537815,118,119,1,0,118,117,16239,0,0,0,0,2
2020-08-20,US,North Dakota,Rolette,92,0,0,48.77245354,-99.84097493,38079.0,648.9841986455982,0.0,92,92,0,0,92,89,14301,0,0,0,0,3
2020-08-20,US,North Dakota,Sargent,10,0,0,46.10830372,-97.63217159,38081.0,256.5418163160595,0.0,10,10,0,0,10,10,3870,0,0,0,0,0
2020-08-20,US,North Dakota,Sheridan,9,0,0,47.57700669,-100.3426391,38083.0,684.4106463878327,0.0,9,9,0,0,9,9,1349,0,0,0,0,0
2020-08-20,US,North Dakota,Sioux,106,2,0,46.11323337,-101.04401490000001,38085.0,2505.9101654846336,1.8867924528301887,104,104,2,0,102,102,4358,2,0,0,2,2
2020-08-20,US,North Dakota,Slope,5,0,0,46.44737738,-103.4601547,38087.0,666.6666666666666,0.0,5,4,0,0,4,4,763,1,0,0,1,0
2020-08-20,US,North Dakota,Stark,483,6,0,46.80851182,-102.65763259999999,38089.0,1533.8689701165486,1.2422360248447204,477,418,6,0,412,402,30997,65,0,0,65,16
2020-08-20,US,North Dakota,Steele,16,0,0,47.45611548,-97.72728747,38091.0,846.5608465608466,0.0,16,16,0,0,16,16,1903,0,0,0,0,0
2020-08-20,US,North Dakota,Stutsman,134,3,0,46.97962541,-98.95637318,38093.0,647.2179289026275,2.238805970149253,131,131,3,0,128,130,20917,3,0,0,3,1
2020-08-20,US,North Dakota,Towner,6,0,0,48.68565745,-99.24564265,38095.0,274.09776153494744,0.0,6,6,0,0,6,6,2192,0,0,0,0,0
2020-08-20,US,North Dakota,Traill,65,0,0,47.45367788,-97.16323288,38097.0,808.8601294176207,0.0,65,64,0,0,64,64,8037,1,0,0,1,0
2020-08-20,US,North Dakota,Walsh,132,0,0,48.36876964,-97.72574783,38099.0,1240.4849168311248,0.0,132,127,0,0,127,122,10667,5,0,0,5,5
2020-08-20,US,North Dakota,Ward,343,1,0,48.22390169,-101.54367629999999,38101.0,507.08889578805747,0.2915451895043732,342,309,1,0,308,289,67744,34,0,0,34,20
2020-08-20,US,North Dakota,Wells,26,0,0,47.58614526,-99.65904998,38103.0,678.1429316640582,0.0,26,26,0,0,26,24,3957,0,0,0,0,2
2020-08-20,US,North Dakota,Williams,316,2,0,48.34522353,-103.4793387,38105.0,840.6714730373246,0.6329113924050633,314,313,2,0,311,307,35350,3,0,0,3,6
2020-08-20,US,Ohio,Adams,79,3,0,38.84541072,-83.4718964,39001.0,285.21914939706835,3.79746835443038,76,77,3,0,74,74,27724,2,0,0,2,3
2020-08-20,US,Ohio,Allen,945,47,0,40.77285242,-84.10802343,39003.0,923.2933728053464,4.973544973544974,898,914,47,0,867,899,102663,31,0,0,31,15
2020-08-20,US,Ohio,Ashland,162,3,0,40.84772277,-82.27280781,39005.0,302.89432353601075,1.851851851851852,159,162,3,0,159,162,53745,0,0,0,0,0
2020-08-20,US,Ohio,Ashtabula,591,46,0,41.70860332,-80.74830218,39007.0,607.7683281743298,7.783417935702198,545,590,46,0,544,588,97493,1,0,0,1,2
2020-08-20,US,Ohio,Athens,369,2,0,39.33425634,-82.04278644,39009.0,564.8506743000597,0.5420054200542005,367,368,2,0,366,368,65818,1,0,0,1,0
2020-08-20,US,Ohio,Auglaize,333,8,0,40.55998859,-84.22421429999999,39011.0,729.3674434904503,2.4024024024024024,325,320,8,0,312,310,45804,13,0,0,13,10
2020-08-20,US,Ohio,Belmont,666,26,0,40.01625942,-80.9924051,39013.0,993.9408411187056,3.903903903903904,640,649,26,0,623,644,67505,17,0,0,17,5
2020-08-20,US,Ohio,Brown,182,2,0,38.93416837,-83.86788395,39015.0,419.0458648001474,1.0989010989010992,180,179,2,0,177,169,43602,3,0,0,3,10
2020-08-20,US,Ohio,Butler,3333,69,0,39.44012838,-84.57388716,39017.0,869.9306247944584,2.07020702070207,3264,3301,69,0,3232,3265,382378,32,0,0,32,36
2020-08-20,US,Ohio,Carroll,119,6,0,40.578968599999996,-81.09178213,39019.0,442.14906739986617,5.042016806722689,113,118,6,0,112,117,27081,1,0,0,1,1
2020-08-20,US,Ohio,Champaign,223,2,0,40.13923427,-83.76875242,39021.0,573.4859200205735,0.8968609865470852,221,219,2,0,217,213,38754,4,0,0,4,6
2020-08-20,US,Ohio,Clark,1307,17,0,39.91592258,-83.78498252,39023.0,974.7693592774623,1.3006885998469775,1290,1291,16,0,1275,1275,134585,16,1,0,15,16
2020-08-20,US,Ohio,Clermont,1100,12,0,39.04847534,-84.15375786,39025.0,532.8734474005463,1.0909090909090908,1088,1081,12,0,1069,1062,205466,19,0,0,19,19
2020-08-20,US,Ohio,Clinton,196,6,0,39.41485808,-83.80852286,39027.0,467.0224933282501,3.0612244897959178,190,192,6,0,186,189,42057,4,0,0,4,3
2020-08-20,US,Ohio,Columbiana,1746,63,0,40.76932373,-80.78094576,39029.0,1713.7304555225112,3.608247422680413,1683,1737,62,0,1675,1733,102665,9,1,0,8,4
2020-08-20,US,Ohio,Coshocton,208,9,0,40.30096166,-81.91729018,39031.0,568.3060109289618,4.326923076923077,199,204,9,0,195,204,36629,4,0,0,4,0
2020-08-20,US,Ohio,Crawford,185,5,0,40.85065156,-82.91989099,39033.0,445.8475924230009,2.702702702702702,180,184,5,0,179,184,41550,1,0,0,1,0
2020-08-20,US,Ohio,Cuyahoga,14673,544,0,41.424119,-81.65918339,39035.0,1188.0279044460565,3.7074899475226606,14129,14585,542,0,14043,14487,1243857,88,2,0,86,98
2020-08-20,US,Ohio,Darke,505,31,0,40.13412966,-84.6194517,39037.0,988.0069649599907,6.138613861386138,474,498,31,0,467,479,51323,7,0,0,7,19
2020-08-20,US,Ohio,Defiance,184,4,0,41.32398837,-84.49076944,39039.0,483.1044713419277,2.1739130434782608,180,180,4,0,176,178,38165,4,0,0,4,2
2020-08-20,US,Ohio,Delaware,1469,19,0,40.27942393,-83.00457058,39041.0,702.2760628558589,1.2933968686181077,1450,1457,19,0,1438,1441,204826,12,0,0,12,16
2020-08-20,US,Ohio,Erie,677,33,0,41.36796058,-82.62904521,39043.0,911.5880752969057,4.874446085672083,644,672,32,0,640,662,74615,5,1,0,4,10
2020-08-20,US,Ohio,Fairfield,1538,37,0,39.75107189,-82.63088163,39045.0,976.0493482427304,2.4057217165149547,1501,1530,37,0,1493,1521,155782,8,0,0,8,9
2020-08-20,US,Ohio,Fayette,147,0,0,39.56021306,-83.4562016,39047.0,515.3374233128834,0.0,147,142,0,0,142,135,28666,5,0,0,5,7
2020-08-20,US,Ohio,Franklin,20150,547,0,39.96995815,-83.01115755,39049.0,1530.2759205198224,2.7146401985111663,19603,19980,545,0,19435,19818,1310300,170,2,0,168,162
2020-08-20,US,Ohio,Fulton,169,1,0,41.60213491,-84.12571393,39051.0,401.17742012059057,0.591715976331361,168,166,1,0,165,165,42276,3,0,0,3,1
2020-08-20,US,Ohio,Gallia,100,2,0,38.82708533,-82.31647569,39053.0,334.4705331460298,2.0,98,92,2,0,90,90,29979,8,0,0,8,2
2020-08-20,US,Ohio,Geauga,586,46,0,41.49952319,-81.17935342,39055.0,625.7407980864718,7.8498293515358375,540,583,46,0,537,579,94031,3,0,0,3,4
2020-08-20,US,Ohio,Greene,842,14,0,39.69116283,-83.89032084,39057.0,498.4106501240107,1.66270783847981,828,821,14,0,807,812,167995,21,0,0,21,9
2020-08-20,US,Ohio,Guernsey,124,7,0,40.05026529,-81.49248905,39059.0,318.97106109324767,5.645161290322582,117,122,7,0,115,121,39022,2,0,0,2,1
2020-08-20,US,Ohio,Hamilton,10362,274,0,39.19673558,-84.54502924,39061.0,1267.5648003053313,2.64427716657016,10088,10314,272,0,10042,10259,816684,48,2,0,46,55
2020-08-20,US,Ohio,Hancock,457,4,0,41.00250487,-83.66838948,39063.0,603.0376205745351,0.8752735229759301,453,452,3,0,449,444,75930,5,1,0,4,8
2020-08-20,US,Ohio,Hardin,195,12,0,40.66015414,-83.65929931,39065.0,621.712099473936,6.153846153846153,183,194,12,0,182,190,31480,1,0,0,1,4
2020-08-20,US,Ohio,Harrison,28,1,0,40.29380509,-81.09068544,39067.0,186.17021276595744,3.571428571428572,27,27,1,0,26,27,15174,1,0,0,1,0
2020-08-20,US,Ohio,Henry,144,2,0,41.333964200000004,-84.06830637,39069.0,533.2148411464119,1.3888888888888888,142,139,2,0,137,135,27086,5,0,0,5,4
2020-08-20,US,Ohio,Highland,180,3,0,39.1839264,-83.60331456,39071.0,417.0431639674706,1.6666666666666667,177,176,2,0,174,175,43058,4,1,0,3,1
2020-08-20,US,Ohio,Hocking,130,9,0,39.49537927,-82.47991446,39073.0,459.9490517973394,6.9230769230769225,121,129,9,0,120,129,28385,1,0,0,1,0
2020-08-20,US,Ohio,Holmes,339,7,0,40.56163713,-81.92635677,39075.0,771.1555959963604,2.0648967551622417,332,339,7,0,332,338,43892,0,0,0,0,1
2020-08-20,US,Ohio,Huron,425,6,0,41.14651175,-82.59867951,39077.0,729.4133800157898,1.4117647058823528,419,425,6,0,419,423,58504,0,0,0,0,2
2020-08-20,US,Ohio,Jackson,102,0,0,39.01914254,-82.61818559999998,39079.0,314.6885508900749,0.0,102,91,0,0,91,87,32384,11,0,0,11,4
2020-08-20,US,Ohio,Jefferson,259,4,0,40.38614126,-80.76259514,39081.0,396.47914274779953,1.5444015444015444,255,257,4,0,253,256,65767,2,0,0,2,1
2020-08-20,US,Ohio,Knox,232,13,0,40.39830217,-82.42027563,39083.0,372.2601970411732,5.603448275862068,219,231,13,0,218,230,61893,1,0,0,1,1
2020-08-20,US,Ohio,Lake,1216,45,0,41.69710807,-81.23676539,39085.0,528.353371076998,3.700657894736842,1171,1205,45,0,1160,1199,230514,11,0,0,11,6
2020-08-20,US,Ohio,Lawrence,380,6,0,38.59743452,-82.53466552,39087.0,639.0528563980962,1.5789473684210529,374,367,6,0,361,364,59866,13,0,0,13,3
2020-08-20,US,Ohio,Licking,1469,55,0,40.09136236,-82.48185785,39089.0,830.5910823127638,3.7440435670524166,1414,1457,55,0,1402,1443,175769,12,0,0,12,14
2020-08-20,US,Ohio,Logan,201,2,0,40.38996525,-83.76784341,39091.0,440.09458749343145,0.9950248756218906,199,196,2,0,194,191,45358,5,0,0,5,5
2020-08-20,US,Ohio,Lorain,1965,79,0,41.29553751,-82.15083537,39093.0,634.2126242201442,4.020356234096692,1886,1959,78,0,1881,1945,309461,6,1,0,5,14
2020-08-20,US,Ohio,Lucas,5909,333,0,41.62101218,-83.65468618,39095.0,1379.485838617199,5.635471314943308,5576,5843,332,0,5511,5783,429899,66,1,0,65,60
2020-08-20,US,Ohio,Madison,628,11,0,39.89381073,-83.40178317,39097.0,1403.9480449799914,1.751592356687898,617,605,11,0,594,601,44413,23,0,0,23,4
2020-08-20,US,Ohio,Mahoning,2729,262,0,41.01631101,-80.77287029,39099.0,1193.354993593752,9.600586295346279,2467,2710,261,0,2449,2702,229642,19,1,0,18,8
2020-08-20,US,Ohio,Marion,2974,46,0,40.58610662,-83.15736305,39101.0,4568.847648748712,1.546738399462004,2928,2970,45,0,2925,2968,65256,4,1,0,3,2
2020-08-20,US,Ohio,Medina,1038,36,0,41.11770589,-81.89986209999998,39103.0,577.4815573086466,3.4682080924855487,1002,1027,36,0,991,1015,179146,11,0,0,11,12
2020-08-20,US,Ohio,Meigs,74,0,0,39.09224872,-82.0305041,39105.0,323.04535731435806,0.0,74,74,0,0,74,70,23106,0,0,0,0,4
2020-08-20,US,Ohio,Mercer,733,14,0,40.54043046,-84.62912742,39107.0,1780.3361507820844,1.9099590723055933,719,720,14,0,706,705,40959,13,0,0,13,15
2020-08-20,US,Ohio,Miami,964,40,0,40.0543329,-84.22871271,39109.0,901.044052081094,4.149377593360996,924,943,40,0,903,927,106222,21,0,0,21,16
2020-08-20,US,Ohio,Monroe,101,18,0,39.72984936,-81.08464734,39111.0,739.7099750988722,17.821782178217823,83,100,18,0,82,100,13790,1,0,0,1,0
2020-08-20,US,Ohio,Montgomery,4853,114,0,39.75394919,-84.29050975,39113.0,912.7550607782398,2.349062435606841,4739,4783,111,0,4672,4741,532331,70,3,0,67,42
2020-08-20,US,Ohio,Morgan,39,0,0,39.62081738,-81.85308173,39115.0,268.81720430107526,0.0,39,36,0,0,36,35,14604,3,0,0,3,1
2020-08-20,US,Ohio,Morrow,204,2,0,40.52363560000001,-82.7892599,39117.0,577.445652173913,0.9803921568627452,202,199,2,0,197,195,35112,5,0,0,5,4
2020-08-20,US,Ohio,Muskingum,289,1,0,39.96575964,-81.94363275,39119.0,335.2084904019022,0.3460207612456747,288,285,1,0,284,275,86183,4,0,0,4,10
2020-08-20,US,Ohio,Noble,21,0,0,39.76818851,-81.45937183,39121.0,145.59068219633943,0.0,21,20,0,0,20,20,14354,1,0,0,1,0
2020-08-20,US,Ohio,Ottawa,432,28,0,41.53781826,-83.0940185,39123.0,1066.0086366440469,6.481481481481483,404,429,28,0,401,418,40769,3,0,0,3,11
2020-08-20,US,Ohio,Paulding,76,0,0,41.11676341,-84.5801017,39125.0,407.0265638389032,0.0,76,75,0,0,75,75,18760,1,0,0,1,0
2020-08-20,US,Ohio,Perry,187,5,0,39.73508655,-82.23804971,39127.0,517.5181269718271,2.6737967914438503,182,185,5,0,180,183,36033,2,0,0,2,2
2020-08-20,US,Ohio,Pickaway,2438,42,0,39.64170392,-83.0243386,39129.0,4170.586927143028,1.7227235438884332,2396,2431,42,0,2389,2428,58086,7,0,0,7,3
2020-08-20,US,Ohio,Pike,90,0,0,39.07634001,-83.06769584,39131.0,324.0674060204522,0.0,90,87,0,0,87,85,28067,3,0,0,3,2
2020-08-20,US,Ohio,Portage,804,65,0,41.16793482,-81.19735782,39133.0,494.8727733802765,8.08457711442786,739,798,65,0,733,793,162927,6,0,0,6,5
2020-08-20,US,Ohio,Preble,289,2,0,39.7420247,-84.64787018,39135.0,706.912577662541,0.6920415224913494,287,270,2,0,268,268,40997,19,0,0,19,2
2020-08-20,US,Ohio,Putnam,242,17,0,41.02094889,-84.1336111,39137.0,714.686512507014,7.024793388429752,225,242,17,0,225,235,33780,0,0,0,0,7
2020-08-20,US,Ohio,Richland,661,15,0,40.77180308,-82.53799609999999,39139.0,545.5866087789095,2.26928895612708,646,659,15,0,644,657,121099,2,0,0,2,2
2020-08-20,US,Ohio,Ross,592,6,0,39.33705391,-83.06000914,39141.0,772.1806276576317,1.0135135135135136,586,565,6,0,559,561,76931,27,0,0,27,4
2020-08-20,US,Ohio,Sandusky,492,17,0,41.35624126,-83.137872,39143.0,840.7669435045627,3.4552845528455283,475,480,17,0,463,472,58799,12,0,0,12,8
2020-08-20,US,Ohio,Scioto,285,1,0,38.80270163,-82.98907345,39145.0,378.4156996043232,0.3508771929824561,284,282,1,0,281,279,75502,3,0,0,3,3
2020-08-20,US,Ohio,Seneca,279,10,0,41.12351311,-83.12783209,39147.0,505.63630432418717,3.584229390681004,269,270,10,0,260,251,55207,9,0,0,9,19
2020-08-20,US,Ohio,Shelby,272,4,0,40.33163494,-84.20258189,39149.0,559.7859641901625,1.4705882352941178,268,265,4,0,261,256,48627,7,0,0,7,9
2020-08-20,US,Ohio,Stark,2091,146,0,40.81482476,-81.36437305,39151.0,564.2110489306704,6.982305117168819,1945,2065,146,0,1919,2046,371574,26,0,0,26,19
2020-08-20,US,Ohio,Summit,3937,231,0,41.12464734,-81.53123079,39153.0,727.7089459957524,5.867411734823469,3706,3874,231,0,3643,3846,541918,63,0,0,63,28
2020-08-20,US,Ohio,Trumbull,1675,114,0,41.31735028,-80.76109643,39155.0,846.07069615202,6.8059701492537314,1561,1662,113,0,1549,1642,198627,13,1,0,12,20
2020-08-20,US,Ohio,Tuscarawas,818,15,0,40.44214695,-81.47226262,39157.0,889.2560905345323,1.8337408312958436,803,818,15,0,803,818,92176,0,0,0,0,0
2020-08-20,US,Ohio,Union,312,1,0,40.30016061,-83.37239023,39159.0,528.9211365023394,0.3205128205128205,311,309,1,0,308,297,57835,3,0,0,3,12
2020-08-20,US,Ohio,Van Wert,78,2,0,40.8554138,-84.59111700000003,39161.0,275.86206896551727,2.5641025641025643,76,76,2,0,74,74,28281,2,0,0,2,2
2020-08-20,US,Ohio,Vinton,35,2,0,39.25208988,-82.4831444,39163.0,267.48184944593044,5.7142857142857135,33,35,2,0,33,34,13139,0,0,0,0,1
2020-08-20,US,Ohio,Warren,2034,41,0,39.42581994,-84.16557457,39165.0,867.0002813275247,2.015732546705998,1993,2009,40,0,1969,1981,232173,25,1,0,24,28
2020-08-20,US,Ohio,Washington,218,23,0,39.45690571,-81.49121382,39167.0,363.87307839962614,10.55045871559633,195,217,22,0,195,217,60155,1,1,0,0,0
2020-08-20,US,Ohio,Wayne,618,60,0,40.82925852,-81.88844833,39169.0,534.0938553279751,9.70873786407767,558,610,60,0,550,608,115967,8,0,0,8,2
2020-08-20,US,Ohio,Williams,143,3,0,41.56052014,-84.58429552,39171.0,389.7307314946037,2.097902097902098,140,143,3,0,140,143,36804,0,0,0,0,0
2020-08-20,US,Ohio,Wood,1186,59,0,41.36224827,-83.62285108,39173.0,906.6099971716214,4.974704890387859,1127,1168,58,0,1110,1163,130696,18,1,0,17,5
2020-08-20,US,Ohio,Wyandot,171,10,0,40.84339621,-83.30734173,39175.0,785.4124563659748,5.847953216374268,161,170,10,0,160,164,21935,1,0,0,1,6
2020-08-20,US,Oklahoma,Adair,400,6,0,35.88494195,-94.65859267,40001.0,1802.288906911778,1.5,394,385,6,0,379,384,22082,15,0,0,15,1
2020-08-20,US,Oklahoma,Alfalfa,6,0,0,36.73090616,-98.32408495,40003.0,105.2262364082778,0.0,6,6,0,0,6,6,5754,0,0,0,0,0
2020-08-20,US,Oklahoma,Atoka,90,1,0,34.37366573,-96.03802487,40005.0,654.1648495420848,1.1111111111111112,89,89,1,0,88,89,13838,1,0,0,1,0
2020-08-20,US,Oklahoma,Beaver,40,0,0,36.7496847,-100.4758872,40007.0,753.1538316701185,0.0,40,40,0,0,40,41,5319,0,0,0,0,-1
2020-08-20,US,Oklahoma,Beckham,103,1,0,35.26862449,-99.68128023,40009.0,471.2017933116794,0.9708737864077671,102,102,1,0,101,101,21709,1,0,0,1,1
2020-08-20,US,Oklahoma,Blaine,50,0,0,35.87518314,-98.43307003,40011.0,530.2789267154524,0.0,50,46,0,0,46,46,9485,4,0,0,4,0
2020-08-20,US,Oklahoma,Bryan,532,3,0,33.96472458,-96.25903472,40013.0,1108.4487967496614,0.5639097744360902,529,522,3,0,519,517,47192,10,0,0,10,5
2020-08-20,US,Oklahoma,Caddo,492,20,0,35.17364557,-98.37534464,40015.0,1710.5903622835683,4.0650406504065035,472,483,20,0,463,474,28977,9,0,0,9,9
2020-08-20,US,Oklahoma,Canadian,1361,9,0,35.5426055,-97.98465569,40017.0,917.6971936401764,0.6612784717119765,1352,1347,9,0,1338,1343,144447,14,0,0,14,4
2020-08-20,US,Oklahoma,Carter,375,5,0,34.25103751,-97.28552485,40019.0,779.4475275924425,1.3333333333333333,370,375,5,0,370,375,48177,0,0,0,0,0
2020-08-20,US,Oklahoma,Cherokee,569,2,0,35.90692775,-94.99980896,40021.0,1169.4103623322442,0.351493848857645,567,531,3,0,528,531,48675,38,-1,0,39,0
2020-08-20,US,Oklahoma,Choctaw,211,1,0,34.02807439,-95.54771129,40023.0,1438.1134133042526,0.4739336492890995,210,209,1,0,208,209,14668,2,0,0,2,0
2020-08-20,US,Oklahoma,Cimarron,14,0,0,36.74817177,-102.5173885,40025.0,655.1240056153488,0.0,14,14,0,0,14,14,2153,0,0,0,0,0
2020-08-20,US,Oklahoma,Cleveland,3399,62,0,35.20413532,-97.32519562,40027.0,1196.7719901131634,1.8240659017358047,3337,3336,61,0,3275,3246,281669,63,1,0,62,90
2020-08-20,US,Oklahoma,Coal,46,0,0,34.58840127,-96.29798747,40029.0,837.1246587807096,0.0,46,46,0,0,46,46,5520,0,0,0,0,0
2020-08-20,US,Oklahoma,Comanche,923,11,0,34.65973764,-98.47195055,40031.0,764.3955643524997,1.191765980498375,912,905,11,0,894,892,120422,18,0,0,18,13
2020-08-20,US,Oklahoma,Cotton,22,2,0,34.28845626,-98.37053567,40033.0,388.2809742322626,9.090909090909092,20,21,2,0,19,21,5776,1,0,0,1,0
2020-08-20,US,Oklahoma,Craig,97,1,0,36.76268118,-95.20916602,40035.0,685.9001555649837,1.0309278350515465,96,95,1,0,94,95,14306,2,0,0,2,0
2020-08-20,US,Oklahoma,Creek,721,19,0,35.90230551,-96.37086028,40037.0,1008.0814294902267,2.635228848821082,702,711,19,0,692,705,71604,10,0,0,10,6
2020-08-20,US,Oklahoma,Custer,249,0,0,35.63853802,-99.00170785,40039.0,858.5318760128263,0.0,249,247,0,0,247,243,29036,2,0,0,2,4
2020-08-20,US,Oklahoma,Delaware,493,20,0,36.40823634,-94.80325046,40041.0,1146.2717105722058,4.056795131845842,473,480,20,0,460,476,42733,13,0,0,13,4
2020-08-20,US,Oklahoma,Dewey,19,0,0,35.98772922,-99.00730714,40043.0,388.4686158249847,0.0,19,14,0,0,14,14,4894,5,0,0,5,0
2020-08-20,US,Oklahoma,Ellis,6,0,0,36.218019399999996,-99.75324573,40045.0,155.48069448043537,0.0,6,5,0,0,5,5,3952,1,0,0,1,0
2020-08-20,US,Oklahoma,Garfield,671,9,0,36.3791334,-97.78265517,40047.0,1098.9910901467506,1.3412816691505216,662,656,9,0,647,642,60913,15,0,0,15,14
2020-08-20,US,Oklahoma,Garvin,250,4,0,34.70418038,-97.30811132,40049.0,902.1688138284436,1.6,246,248,4,0,244,244,27811,2,0,0,2,4
2020-08-20,US,Oklahoma,Grady,481,7,0,35.0167709,-97.88339847,40051.0,861.4822509581975,1.4553014553014554,474,478,7,0,471,473,55551,3,0,0,3,5
2020-08-20,US,Oklahoma,Grant,18,0,0,36.796296999999996,-97.78638765,40053.0,415.4165705054235,0.0,18,17,0,0,17,17,4326,1,0,0,1,0
2020-08-20,US,Oklahoma,Greer,84,8,0,34.93535801,-99.56056120000001,40055.0,1470.588235294117,9.523809523809524,76,84,8,0,76,84,5821,0,0,0,0,0
2020-08-20,US,Oklahoma,Harmon,32,0,0,34.7440135,-99.84741652,40057.0,1206.181681115718,0.0,32,32,0,0,32,32,2664,0,0,0,0,0
2020-08-20,US,Oklahoma,Harper,13,0,0,36.78836519,-99.6679804,40059.0,352.49457700650765,0.0,13,13,0,0,13,13,3797,0,0,0,0,0
2020-08-20,US,Oklahoma,Haskell,133,1,0,35.22257600000001,-95.11513306,40061.0,1053.2984873683376,0.7518796992481203,132,94,1,0,93,92,12668,39,0,0,39,2
2020-08-20,US,Oklahoma,Hughes,185,3,0,35.04912569,-96.24921145,40063.0,1393.1771970780933,1.6216216216216215,182,184,3,0,181,181,13335,1,0,0,1,3
2020-08-20,US,Oklahoma,Jackson,553,7,0,34.58781741,-99.41138784,40065.0,2254.382388911537,1.2658227848101269,546,546,7,0,539,544,24949,7,0,0,7,2
2020-08-20,US,Oklahoma,Jefferson,34,0,0,34.11130184,-97.83182974,40067.0,566.47784071976,0.0,34,34,0,0,34,34,6123,0,0,0,0,0
2020-08-20,US,Oklahoma,Johnston,60,0,0,34.31440473,-96.66011537,40069.0,541.2719891745602,0.0,60,60,0,0,60,59,10949,0,0,0,0,1
2020-08-20,US,Oklahoma,Kay,275,11,0,36.81799745,-97.14421435,40071.0,631.632137443153,4.0,264,271,11,0,260,270,44161,4,0,0,4,1
2020-08-20,US,Oklahoma,Kingfisher,186,0,0,35.94530008,-97.94193268,40073.0,1179.8287345385347,0.0,186,171,0,0,171,169,15816,15,0,0,15,2
2020-08-20,US,Oklahoma,Kiowa,36,1,0,34.91671958,-98.97720696,40075.0,413.4129536058797,2.7777777777777777,35,34,1,0,33,33,8729,2,0,0,2,1
2020-08-20,US,Oklahoma,Latimer,103,2,0,34.87844729,-95.25215049,40077.0,1022.5354909163108,1.9417475728155342,101,102,2,0,100,101,10231,1,0,0,1,1
2020-08-20,US,Oklahoma,Le Flore,481,3,0,34.89851864,-94.70392124,40079.0,964.8366196618056,0.6237006237006237,478,449,3,0,446,436,49980,32,0,0,32,13
2020-08-20,US,Oklahoma,Lincoln,250,5,0,35.70270942,-96.8812462,40081.0,716.8047710525561,2.0,245,250,3,0,247,250,34920,0,2,0,-2,0
2020-08-20,US,Oklahoma,Logan,253,1,0,35.91899576,-97.44352845,40083.0,526.9625710774615,0.3952569169960474,252,248,1,0,247,246,47291,5,0,0,5,2
2020-08-20,US,Oklahoma,Love,82,0,0,33.95273467,-97.23906784,40085.0,799.7659221691213,0.0,82,81,0,0,81,84,10134,1,0,0,1,-3
2020-08-20,US,Oklahoma,Major,38,1,0,36.31149996,-98.53467076,40093.0,498.0993577139861,2.631578947368421,37,38,1,0,37,38,7644,0,0,0,0,0
2020-08-20,US,Oklahoma,Marshall,123,1,0,34.02311222,-96.76855464,40095.0,726.4780580001183,0.8130081300813008,122,123,1,0,122,126,16806,0,0,0,0,-3
2020-08-20,US,Oklahoma,Mayes,380,8,0,36.30179091,-95.23175116,40097.0,924.574209245742,2.1052631578947367,372,376,8,0,368,374,41107,4,0,0,4,2
2020-08-20,US,Oklahoma,McClain,506,4,0,35.01123903,-97.44572302,40087.0,1250.1853041458714,0.7905138339920948,502,503,4,0,499,494,39985,3,0,0,3,9
2020-08-20,US,Oklahoma,McCurtain,914,29,0,34.11664328,-94.77222373,40089.0,2783.869395711501,3.1728665207877462,885,902,29,0,873,903,32703,12,0,0,12,-1
2020-08-20,US,Oklahoma,McIntosh,213,3,0,35.37235506,-95.66599306,40091.0,1086.9565217391305,1.4084507042253518,210,210,3,0,207,208,19815,3,0,0,3,2
2020-08-20,US,Oklahoma,Murray,84,0,0,34.48116015,-97.06826283,40099.0,596.8876572159454,0.0,84,81,0,0,81,81,13953,3,0,0,3,0
2020-08-20,US,Oklahoma,Muskogee,628,16,0,35.61318461,-95.37802952,40101.0,923.5701575069487,2.5477707006369426,612,614,16,0,598,607,68362,14,0,0,14,7
2020-08-20,US,Oklahoma,Noble,92,2,0,36.38953329,-97.22928674,40103.0,826.5205282544246,2.1739130434782608,90,92,2,0,90,92,11289,0,0,0,0,0
2020-08-20,US,Oklahoma,Nowata,70,1,0,36.79843529,-95.61902331,40105.0,694.7201270345375,1.4285714285714286,69,67,1,0,66,63,10218,3,0,0,3,4
2020-08-20,US,Oklahoma,Okfuskee,89,3,0,35.46485198,-96.32639984,40107.0,742.0995580755441,3.3707865168539324,86,89,3,0,86,83,12098,0,0,0,0,6
2020-08-20,US,Oklahoma,Oklahoma,12037,139,0,35.55140095,-97.40716948,40109.0,1509.466614164934,1.1547727839162585,11898,11921,135,0,11786,11801,792582,116,4,0,112,120
2020-08-20,US,Oklahoma,Okmulgee,531,3,0,35.64661916,-95.96432828,40111.0,1380.4757571818536,0.5649717514124294,528,522,3,0,519,520,38335,9,0,0,9,2
2020-08-20,US,Oklahoma,Osage,582,12,0,36.62888819,-96.39635704,40113.0,1239.2734706045185,2.061855670103093,570,575,12,0,563,573,47014,7,0,0,7,2
2020-08-20,US,Oklahoma,Ottawa,442,3,0,36.83532655,-94.81011909,40115.0,1419.9890770071,0.6787330316742082,439,433,3,0,430,430,31175,9,0,0,9,3
2020-08-20,US,Oklahoma,Pawnee,178,3,0,36.31743373,-96.70331759999999,40117.0,1086.9565217391305,1.6853932584269662,175,172,3,0,169,170,16390,6,0,0,6,2
2020-08-20,US,Oklahoma,Payne,847,4,0,36.07695283,-96.97584944,40119.0,1035.654895823144,0.4722550177095632,843,836,4,0,832,814,82040,11,0,0,11,22
2020-08-20,US,Oklahoma,Pittsburg,502,11,0,34.92065823,-95.75134320000001,40121.0,1149.9518944426627,2.191235059760956,491,493,9,0,484,462,43877,9,2,0,7,31
2020-08-20,US,Oklahoma,Pontotoc,215,2,0,34.72959848,-96.68337199,40123.0,561.5923101034375,0.9302325581395348,213,213,2,0,211,215,38247,2,0,0,2,-2
2020-08-20,US,Oklahoma,Pottawatomie,631,9,0,35.20614018,-96.94923008,40125.0,869.2417897288957,1.4263074484944531,622,631,9,0,622,608,72679,0,0,0,0,23
2020-08-20,US,Oklahoma,Pushmataha,118,0,0,34.41635232,-95.37603505,40127.0,1063.4462869502524,0.0,118,118,0,0,118,117,11179,0,0,0,0,1
2020-08-20,US,Oklahoma,Roger Mills,9,1,0,35.68711719,-99.69666167,40129.0,251.18615685180012,11.111111111111109,8,9,1,0,8,9,3656,0,0,0,0,0
2020-08-20,US,Oklahoma,Rogers,1179,23,0,36.37004357,-95.60406759,40131.0,1275.1598005602486,1.9508057675996608,1156,1163,23,0,1140,1149,91984,16,0,0,16,14
2020-08-20,US,Oklahoma,Seminole,273,5,0,35.16478725,-96.61686741,40133.0,1125.40192926045,1.8315018315018317,268,268,5,0,263,265,24578,5,0,0,5,3
2020-08-20,US,Oklahoma,Sequoyah,483,5,0,35.49447108,-94.75463785,40135.0,1161.923548798383,1.0351966873706004,478,451,4,0,447,449,41179,32,1,0,31,2
2020-08-20,US,Oklahoma,Stephens,224,3,0,34.48556989,-97.85141892,40137.0,519.2035787960967,1.3392857142857142,221,224,3,0,221,225,43265,0,0,0,0,-1
2020-08-20,US,Oklahoma,Texas,1083,7,0,36.74777635,-101.4889765,40139.0,5419.606665665816,0.6463527239150508,1076,1083,7,0,1076,1081,20455,0,0,0,0,2
2020-08-20,US,Oklahoma,Tillman,59,1,0,34.37288446,-98.92426619,40141.0,813.7931034482757,1.6949152542372878,58,59,1,0,58,59,7348,0,0,0,0,0
2020-08-20,US,Oklahoma,Tulsa,11873,123,0,36.11939621,-95.94013939,40143.0,1822.264377977506,1.035963951823465,11750,11763,122,0,11641,11614,648360,110,1,0,109,149
2020-08-20,US,Oklahoma,Unassigned,17,0,0,0.0,0.0,90040.0,0.0,0.0,17,7,0,0,7,1,,10,0,0,10,6
2020-08-20,US,Oklahoma,Wagoner,1003,23,0,35.96024096,-95.51911308,40145.0,1233.8692812065592,2.2931206380857434,980,996,23,0,973,981,80110,7,0,0,7,15
2020-08-20,US,Oklahoma,Washington,724,39,0,36.71380786,-95.90514104,40147.0,1405.0885943291867,5.386740331491712,685,716,39,0,677,711,51843,8,0,0,8,5
2020-08-20,US,Oklahoma,Washita,37,0,0,35.29071824,-98.99180434,40149.0,338.95199706852327,0.0,37,36,0,0,36,36,11127,1,0,0,1,0
2020-08-20,US,Oklahoma,Woods,24,0,0,36.76705782,-98.86573064,40151.0,272.9443875810304,0.0,24,22,0,0,22,22,8897,2,0,0,2,0
2020-08-20,US,Oklahoma,Woodward,63,0,0,36.42316318,-99.26283045,40153.0,311.71144426302516,0.0,63,56,0,0,56,54,20222,7,0,0,7,2
2020-08-20,US,Oregon,Baker,55,1,0,44.70915557,-117.6749883,41001.0,341.1064252046639,1.818181818181818,54,55,0,0,55,54,16006,0,1,0,-1,1
2020-08-20,US,Oregon,Benton,194,6,0,44.49167306,-123.4316987,41003.0,208.48333745284944,3.0927835051546397,188,190,6,0,184,189,92101,4,0,0,4,1
2020-08-20,US,Oregon,Clackamas,1756,55,0,45.18787398,-122.2179634,41005.0,419.90784027241403,3.132118451025057,1701,1725,55,0,1670,1709,416075,31,0,0,31,16
2020-08-20,US,Oregon,Clatsop,92,0,0,45.99712889,-123.660711,41007.0,228.71917263325372,0.0,92,91,0,0,91,91,39764,1,0,0,1,0
2020-08-20,US,Oregon,Columbia,120,1,0,45.94464254,-123.08908980000001,41009.0,229.208847461512,0.8333333333333334,119,118,1,0,117,115,52377,2,0,0,2,3
2020-08-20,US,Oregon,Coos,93,0,0,43.17406868,-124.0594514,41011.0,144.2151131235753,0.0,93,93,0,0,93,93,64389,0,0,0,0,0
2020-08-20,US,Oregon,Crook,54,1,0,44.14230227,-120.356297,41013.0,221.27520078675627,1.851851851851852,53,54,1,0,53,53,23867,0,0,0,0,1
2020-08-20,US,Oregon,Curry,19,0,0,42.45911325,-124.15728200000001,41015.0,82.87895310796074,0.0,19,19,0,0,19,19,22813,0,0,0,0,0
2020-08-20,US,Oregon,Deschutes,655,11,0,43.91570171,-121.2289121,41017.0,331.3234728770006,1.6793893129770991,644,654,11,0,643,650,191996,1,0,0,1,4
2020-08-20,US,Oregon,Douglas,168,2,0,43.27941273,-123.16729099999999,41019.0,151.37862677959993,1.1904761904761905,166,166,1,0,165,165,110283,2,1,0,1,1
2020-08-20,US,Oregon,Gilliam,4,0,0,45.37160076,-120.20488689999999,41021.0,209.20502092050208,0.0,4,4,0,0,4,4,1894,0,0,0,0,0
2020-08-20,US,Oregon,Grant,4,0,0,44.49024544,-119.0068631,41023.0,55.563272676760654,0.0,4,4,0,0,4,4,7176,0,0,0,0,0
2020-08-20,US,Oregon,Harney,11,0,0,43.06422669,-118.96663059999999,41025.0,148.7893953740024,0.0,11,11,0,0,11,11,7329,0,0,0,0,0
2020-08-20,US,Oregon,Hood River,221,0,0,45.51872811,-121.65520359999998,41027.0,945.1714994440167,0.0,221,221,0,0,221,220,23428,0,0,0,0,1
2020-08-20,US,Oregon,Jackson,636,2,0,42.43201126,-122.72893090000001,41029.0,287.85574625244413,0.31446540880503143,634,618,2,0,616,594,219564,18,0,0,18,24
2020-08-20,US,Oregon,Jefferson,430,6,0,44.62806839,-121.17832,41031.0,1743.8559493876228,1.3953488372093024,424,426,6,0,420,417,24192,4,0,0,4,9
2020-08-20,US,Oregon,Josephine,149,2,0,42.3665549,-123.5561938,41033.0,170.31101763690606,1.342281879194631,147,150,2,0,148,148,87393,-1,0,0,-1,2
2020-08-20,US,Oregon,Klamath,219,2,0,42.68762984,-121.64964609999998,41035.0,320.93554910753534,0.9132420091324199,217,217,2,0,215,216,67653,2,0,0,2,1
2020-08-20,US,Oregon,Lake,32,0,0,42.79246693,-120.38501629999999,41037.0,406.6590418096328,0.0,32,32,0,0,32,32,7879,0,0,0,0,0
2020-08-20,US,Oregon,Lane,643,4,0,43.93727035,-122.847753,41039.0,168.29508960470284,0.6220839813374806,639,636,4,0,632,632,379611,7,0,0,7,4
2020-08-20,US,Oregon,Lincoln,444,11,0,44.64252874,-123.86991200000001,41041.0,888.6753932989071,2.477477477477477,433,440,11,0,429,440,49388,4,0,0,4,0
2020-08-20,US,Oregon,Linn,350,12,0,44.48899494,-122.53731540000001,41043.0,269.75159731481546,3.4285714285714284,338,344,11,0,333,342,127335,6,1,0,5,2
2020-08-20,US,Oregon,Malheur,963,16,0,43.1937027,-117.62273950000001,41045.0,3150.0441594975628,1.6614745586708204,947,956,16,0,940,947,30725,7,0,0,7,9
2020-08-20,US,Oregon,Marion,3369,73,0,44.90287942,-122.58151170000001,41047.0,968.6100201829692,2.1668150786583555,3296,3315,73,0,3242,3284,346868,54,0,0,54,31
2020-08-20,US,Oregon,Morrow,415,3,0,45.41846568,-119.584546,41049.0,3576.6612083081964,0.7228915662650602,412,410,3,0,407,410,11372,5,0,0,5,0
2020-08-20,US,Oregon,Multnomah,5505,108,0,45.54747959,-122.4169351,41051.0,677.2425586359191,1.9618528610354224,5397,5448,108,0,5340,5410,811880,57,0,0,57,38
2020-08-20,US,Oregon,Polk,379,13,0,44.90322804,-123.4128888,41053.0,440.2625312191439,3.430079155672823,366,374,13,0,361,370,85234,5,0,0,5,4
2020-08-20,US,Oregon,Sherman,17,0,0,45.41501554,-120.6827834,41055.0,955.0561797752812,0.0,17,16,0,0,16,16,1708,1,0,0,1,0
2020-08-20,US,Oregon,Tillamook,37,0,0,45.46248721,-123.712066,41057.0,136.8545642846575,0.0,37,36,0,0,36,35,26787,1,0,0,1,1
2020-08-20,US,Oregon,Umatilla,2497,32,0,45.59073056,-118.7353826,41059.0,3203.335471456061,1.2815378454144974,2465,2478,32,0,2446,2468,77516,19,0,0,19,10
2020-08-20,US,Oregon,Union,406,2,0,45.30915495,-118.0068979,41061.0,1512.9495062418484,0.4926108374384237,404,403,2,0,401,400,26461,3,0,0,3,3
2020-08-20,US,Oregon,Wallowa,21,1,0,45.57894064,-117.18353799999998,41063.0,291.34295227524973,4.761904761904762,20,21,1,0,20,21,7081,0,0,0,0,0
2020-08-20,US,Oregon,Wasco,205,3,0,45.16292781,-121.16709540000001,41065.0,768.3082227719061,1.4634146341463414,202,204,3,0,201,204,26505,1,0,0,1,0
2020-08-20,US,Oregon,Washington,3452,32,0,45.55972701,-123.0955257,41067.0,573.8108219524197,0.9269988412514484,3420,3403,31,0,3372,3380,597695,49,1,0,48,23
2020-08-20,US,Oregon,Yamhill,550,13,0,45.23330449,-123.3086963,41071.0,513.5387488328665,2.363636363636364,537,538,13,0,525,533,107002,12,0,0,12,5
2020-08-20,US,Pennsylvania,Adams,557,23,0,39.87140411,-77.21610347,42001.0,540.7294508246853,4.129263913824056,534,552,23,0,529,548,102811,5,0,0,5,4
2020-08-20,US,Pennsylvania,Allegheny,9676,282,0,40.46809875,-79.98167747,42003.0,795.6942382888791,2.9144274493592395,9394,9576,277,0,9299,9549,1218452,100,5,0,95,27
2020-08-20,US,Pennsylvania,Armstrong,266,9,0,40.81665618,-79.46290811,42005.0,410.90600139028345,3.3834586466165413,257,250,9,0,241,245,65263,16,0,0,16,5
2020-08-20,US,Pennsylvania,Beaver,1447,95,0,40.6825484,-80.34921611,42007.0,882.6992173440941,6.5653075328265365,1352,1437,95,0,1342,1423,164742,10,0,0,10,14
2020-08-20,US,Pennsylvania,Bedford,157,4,0,40.00522157,-78.48998442,42009.0,327.8483127297026,2.5477707006369426,153,156,4,0,152,155,48176,1,0,0,1,1
2020-08-20,US,Pennsylvania,Berks,5705,376,0,40.41570541,-75.92457766,42011.0,1354.5792137979504,6.590709903593338,5329,5683,376,0,5307,5645,420152,22,0,0,22,38
2020-08-20,US,Pennsylvania,Blair,376,8,0,40.47961444,-78.34917412,42013.0,308.6293082927711,2.127659574468085,368,366,8,0,358,355,122492,10,0,0,10,11
2020-08-20,US,Pennsylvania,Bradford,94,3,0,41.78869215,-76.51570822,42015.0,155.827793710525,3.191489361702128,91,93,3,0,90,93,60833,1,0,0,1,0
2020-08-20,US,Pennsylvania,Bucks,7512,584,0,40.33682119,-75.10836643,42017.0,1195.664284463686,7.774227902023429,6928,7481,584,0,6897,7458,628195,31,0,0,31,23
2020-08-20,US,Pennsylvania,Butler,737,17,0,40.91152759,-79.91351055,42019.0,392.32804373632575,2.306648575305292,720,732,17,0,715,729,187888,5,0,0,5,3
2020-08-20,US,Pennsylvania,Cambria,412,3,0,40.49527404,-78.71377428,42021.0,316.4556962025317,0.7281553398058253,409,407,3,0,404,402,131730,5,0,0,5,5
2020-08-20,US,Pennsylvania,Cameron,8,0,0,41.43625568,-78.20376845,42023.0,179.89655947830002,0.0,8,8,0,0,8,8,4492,0,0,0,0,0
2020-08-20,US,Pennsylvania,Carbon,411,28,0,40.91545395,-75.7068525,42025.0,640.3664578853884,6.81265206812652,383,408,28,0,380,406,64227,3,0,0,3,2
2020-08-20,US,Pennsylvania,Centre,407,11,0,40.92058903,-77.82200624,42027.0,250.63891369276718,2.702702702702702,396,406,11,0,395,399,162805,1,0,0,1,7
2020-08-20,US,Pennsylvania,Chester,5427,351,0,39.97291773,-75.74768357,42029.0,1033.7359449436085,6.467661691542289,5076,5417,351,0,5066,5362,522046,10,0,0,10,55
2020-08-20,US,Pennsylvania,Clarion,95,3,0,41.19265812,-79.42413524,42031.0,247.15125656902023,3.1578947368421053,92,93,3,0,90,94,38779,2,0,0,2,-1
2020-08-20,US,Pennsylvania,Clearfield,201,1,0,41.00110782,-78.47592663,42033.0,253.61175951044098,0.4975124378109453,200,201,1,0,200,195,79388,0,0,0,0,6
2020-08-20,US,Pennsylvania,Clinton,129,5,0,41.23255967,-77.63785995,42035.0,333.92006626630774,3.875968992248062,124,128,5,0,123,128,38684,1,0,0,1,0
2020-08-20,US,Pennsylvania,Columbia,499,35,0,41.04821986,-76.40565017,42037.0,768.1177267409643,7.014028056112225,464,496,35,0,461,496,65456,3,0,0,3,0
2020-08-20,US,Pennsylvania,Crawford,178,2,0,41.68447709,-80.10760592,42039.0,210.32979238795207,1.1235955056179776,176,177,1,0,176,172,85063,1,1,0,0,5
2020-08-20,US,Pennsylvania,Cumberland,1410,71,0,40.1625372,-77.26130755,42041.0,556.4984015471445,5.035460992907802,1339,1394,71,0,1323,1380,251423,16,0,0,16,14
2020-08-20,US,Pennsylvania,Dauphin,3063,161,0,40.41377078,-76.77993242,42043.0,1100.6148063773137,5.256284688214169,2902,3034,161,0,2873,3014,277097,29,0,0,29,20
2020-08-20,US,Pennsylvania,Delaware,9906,717,0,39.91680171,-75.40243663,42045.0,1747.8698608020866,7.238037552998183,9189,9822,717,0,9105,9793,564751,84,0,0,84,29
2020-08-20,US,Pennsylvania,Elk,63,2,0,41.42822061,-78.64524744,42047.0,210.6318956870612,3.1746031746031744,61,60,2,0,58,58,30169,3,0,0,3,2
2020-08-20,US,Pennsylvania,Erie,1264,28,0,41.99253829,-80.03301954,42049.0,468.6202396488314,2.2151898734177213,1236,1245,28,0,1217,1229,272061,19,0,0,19,16
2020-08-20,US,Pennsylvania,Fayette,644,6,0,39.92041012,-79.64291195,42051.0,498.16668471618425,0.9316770186335404,638,639,6,0,633,631,130441,5,0,0,5,8
2020-08-20,US,Pennsylvania,Forest,13,0,0,41.51095103,-79.23229292,42053.0,179.38457292672834,0.0,13,13,0,0,13,13,7279,0,0,0,0,0
2020-08-20,US,Pennsylvania,Franklin,1439,46,0,39.92956518,-77.72157791,42055.0,928.2254058970371,3.1966643502432244,1393,1432,46,0,1386,1427,154835,7,0,0,7,5
2020-08-20,US,Pennsylvania,Fulton,28,2,0,39.92913544,-78.11163677,42057.0,192.70474879559532,7.142857142857142,26,28,2,0,26,28,14523,0,0,0,0,0
2020-08-20,US,Pennsylvania,Greene,131,1,0,39.85746531,-80.22357106,42059.0,361.5488642949797,0.7633587786259542,130,129,1,0,128,129,36506,2,0,0,2,0
2020-08-20,US,Pennsylvania,Huntingdon,343,5,0,40.42162652,-77.97673273,42061.0,759.7908913698387,1.4577259475218658,338,341,5,0,336,340,45168,2,0,0,2,1
2020-08-20,US,Pennsylvania,Indiana,382,9,0,40.65241041,-79.08963285,42063.0,454.3670381692101,2.356020942408377,373,374,8,0,366,359,84501,8,1,0,7,15
2020-08-20,US,Pennsylvania,Jefferson,80,1,0,41.12913106,-78.9986361,42065.0,184.2256764536557,1.25,79,79,1,0,78,78,43641,1,0,0,1,1
2020-08-20,US,Pennsylvania,Juniata,142,6,0,40.53358749,-77.39975129999998,42067.0,573.4361749384162,4.225352112676056,136,140,6,0,134,140,24704,2,0,0,2,0
2020-08-20,US,Pennsylvania,Lackawanna,1975,213,0,41.43564672,-75.60379201,42069.0,941.9384377652929,10.784810126582279,1762,1970,212,0,1758,1967,210793,5,1,0,4,3
2020-08-20,US,Pennsylvania,Lancaster,6328,425,0,40.03904563,-76.24770128,42071.0,1159.5605104411754,6.716182048040456,5903,6287,425,0,5862,6260,543557,41,0,0,41,27
2020-08-20,US,Pennsylvania,Lawrence,433,16,0,40.99206278,-80.33393706,42073.0,506.36168023201424,3.6951501154734414,417,431,16,0,415,429,86184,2,0,0,2,2
2020-08-20,US,Pennsylvania,Lebanon,1663,55,0,40.36680311,-76.45651841,42075.0,1172.836458781463,3.307276007215875,1608,1655,55,0,1600,1653,141314,8,0,0,8,2
2020-08-20,US,Pennsylvania,Lehigh,5103,342,0,40.6154815,-75.59435245,42077.0,1381.736064854678,6.70194003527337,4761,5093,341,0,4752,5085,368100,10,1,0,9,8
2020-08-20,US,Pennsylvania,Luzerne,3651,185,0,41.17823008,-75.98447579,42079.0,1150.2219477847752,5.067104902766365,3466,3645,185,0,3460,3633,317646,6,0,0,6,12
2020-08-20,US,Pennsylvania,Lycoming,457,20,0,41.34310539,-77.06629984,42081.0,403.35748770951204,4.3763676148796495,437,456,20,0,436,452,113664,1,0,0,1,4
2020-08-20,US,Pennsylvania,McKean,34,1,0,41.80938602,-78.56478358,42083.0,83.69230769230771,2.9411764705882355,33,34,1,0,33,34,40968,0,0,0,0,0
2020-08-20,US,Pennsylvania,Mercer,510,12,0,41.30248872,-80.25816981,42085.0,466.0769118292148,2.3529411764705883,498,504,12,0,492,504,110683,6,0,0,6,0
2020-08-20,US,Pennsylvania,Mifflin,132,1,0,40.61116939,-77.61070738,42087.0,286.0982270579566,0.7575757575757576,131,132,1,0,131,130,46222,0,0,0,0,2
2020-08-20,US,Pennsylvania,Monroe,1679,125,0,41.05934058,-75.34031025,42089.0,986.075139043055,7.444907683144728,1554,1671,125,0,1546,1670,169507,8,0,0,8,1
2020-08-20,US,Pennsylvania,Montgomery,10568,860,0,40.21053671,-75.36652296,42091.0,1271.8509113447224,8.13777441332324,9708,10523,860,0,9663,10479,828604,45,0,0,45,44
2020-08-20,US,Pennsylvania,Montour,119,3,0,41.03023987,-76.66345939,42093.0,652.7701590784421,2.5210084033613445,116,116,3,0,113,116,18240,3,0,0,3,0
2020-08-20,US,Pennsylvania,Northampton,4036,296,0,40.75182733,-75.30471829,42095.0,1322.0433365543672,7.333994053518334,3740,4022,296,0,3726,4014,304807,14,0,0,14,8
2020-08-20,US,Pennsylvania,Northumberland,595,22,0,40.84785433,-76.70798222,42097.0,654.9761676738989,3.6974789915966384,573,590,20,0,570,586,91083,5,2,0,3,4
2020-08-20,US,Pennsylvania,Perry,154,5,0,40.40206612,-77.26297447,42099.0,332.81466113416315,3.2467532467532467,149,151,5,0,146,150,46139,3,0,0,3,1
2020-08-20,US,Pennsylvania,Philadelphia,32674,1735,0,40.00338507,-75.1379271,42101.0,2062.669185083431,5.3100324416967615,30939,32569,1735,0,30834,32432,1584138,105,0,0,105,137
2020-08-20,US,Pennsylvania,Pike,531,21,0,41.33155042,-75.03208106,42103.0,951.4594420254796,3.9548022598870056,510,529,21,0,508,528,55933,2,0,0,2,1
2020-08-20,US,Pennsylvania,Potter,22,0,0,41.74471626,-77.89559864,42105.0,133.1235628706281,0.0,22,22,0,0,22,21,16622,0,0,0,0,1
2020-08-20,US,Pennsylvania,Schuylkill,962,51,0,40.70497338,-76.2150785,42107.0,680.5367893094888,5.301455301455301,911,957,51,0,906,952,142067,5,0,0,5,5
2020-08-20,US,Pennsylvania,Snyder,131,2,0,40.77129231,-77.06840691,42109.0,324.482314475379,1.5267175572519085,129,129,2,0,127,128,40540,2,0,0,2,1
2020-08-20,US,Pennsylvania,Somerset,146,3,0,39.97172723,-79.02699593,42111.0,198.78279575748505,2.054794520547945,143,145,3,0,142,143,73952,1,0,0,1,2
2020-08-20,US,Pennsylvania,Sullivan,10,0,0,41.44634738,-76.51246591,42113.0,164.85328058028355,0.0,10,10,0,0,10,10,6071,0,0,0,0,0
2020-08-20,US,Pennsylvania,Susquehanna,235,27,0,41.82147784,-75.80071959,42115.0,582.7216822059115,11.48936170212766,208,229,27,0,202,226,40589,6,0,0,6,3
2020-08-20,US,Pennsylvania,Tioga,45,3,0,41.77255149,-77.25433032,42117.0,110.8620137468897,6.666666666666668,42,42,3,0,39,42,40763,3,0,0,3,0
2020-08-20,US,Pennsylvania,Union,344,2,0,40.96188846,-77.05996014,42119.0,765.7547358813971,0.5813953488372093,342,322,2,0,320,310,44785,22,0,0,22,12
2020-08-20,US,Pennsylvania,Venango,68,0,0,41.40323442,-79.75845449,42121.0,134.20699455277492,0.0,68,68,0,0,68,68,51266,0,0,0,0,0
2020-08-20,US,Pennsylvania,Warren,23,1,0,41.81304978,-79.26969577,42123.0,58.68694343088975,4.3478260869565215,22,23,1,0,22,23,39498,0,0,0,0,0
2020-08-20,US,Pennsylvania,Washington,941,21,0,40.19208869,-80.24582867,42125.0,454.88603678727685,2.2316684378320937,920,930,21,0,909,924,207346,11,0,0,11,6
2020-08-20,US,Pennsylvania,Wayne,168,10,0,41.64938475,-75.29956506,42127.0,327.0964350382586,5.9523809523809526,158,165,10,0,155,165,51276,3,0,0,3,0
2020-08-20,US,Pennsylvania,Westmoreland,1678,49,0,40.31377979999999,-79.46615476,42129.0,480.94147589990234,2.920143027413588,1629,1658,49,0,1609,1640,350611,20,0,0,20,18
2020-08-20,US,Pennsylvania,Wyoming,64,8,0,41.51955538,-76.01074915,42131.0,238.85944614465924,12.5,56,64,8,0,56,63,27046,0,0,0,0,1
2020-08-20,US,Pennsylvania,York,3011,111,0,39.9210089,-76.73040131,42133.0,670.5147219290159,3.6864828960478246,2900,2966,110,0,2856,2929,448273,45,1,0,44,37
2020-08-20,US,Puerto Rico,Adjuntas,104,0,0,18.180117000000006,-66.754367,72001.0,533.7986962993378,0.0,104,103,0,0,103,103,,1,0,0,1,0
2020-08-20,US,Puerto Rico,Aguada,177,0,0,18.360255,-67.17513100000001,72003.0,421.84036797826445,0.0,177,175,0,0,175,173,,2,0,0,2,2
2020-08-20,US,Puerto Rico,Aguadilla,263,0,0,18.459681,-67.12081500000001,72005.0,431.50831022658286,0.0,263,260,0,0,260,259,,3,0,0,3,1
2020-08-20,US,Puerto Rico,Aguas Buenas,168,0,0,18.251619,-66.126806,72007.0,586.2032869255731,0.0,168,165,0,0,165,160,,3,0,0,3,5
2020-08-20,US,Puerto Rico,Aibonito,104,0,0,18.131361,-66.264131,72009.0,401.54440154440147,0.0,104,103,0,0,103,103,,1,0,0,1,0
2020-08-20,US,Puerto Rico,Anasco,166,0,0,18.287985,-67.120611,72011.0,567.3080209152114,0.0,166,166,0,0,166,166,,0,0,0,0,0
2020-08-20,US,Puerto Rico,Arecibo,420,0,0,18.406631,-66.675077,72013.0,435.50394027374534,0.0,420,414,0,0,414,404,,6,0,0,6,10
2020-08-20,US,Puerto Rico,Arroyo,107,0,0,17.998457000000005,-66.056546,72015.0,546.6155810983397,0.0,107,107,0,0,107,107,,0,0,0,0,0
2020-08-20,US,Puerto Rico,Barceloneta,112,0,0,18.445532999999998,-66.56053100000001,72017.0,451.32172791747263,0.0,112,112,0,0,112,112,,0,0,0,0,0
2020-08-20,US,Puerto Rico,Barranquitas,289,0,0,18.201592,-66.30963,72019.0,953.2291048222176,0.0,289,288,0,0,288,288,,1,0,0,1,0
2020-08-20,US,Puerto Rico,Bayamon,2040,0,0,18.34946,-66.168435,72021.0,980.2225681831288,0.0,2040,2016,0,0,2016,1996,,24,0,0,24,20
2020-08-20,US,Puerto Rico,Cabo Rojo,247,0,0,18.040993,-67.154391,72023.0,485.103207180313,0.0,247,244,0,0,244,243,,3,0,0,3,1
2020-08-20,US,Puerto Rico,Caguas,939,0,0,18.211615,-66.050779,72025.0,657.1350591001659,0.0,939,933,0,0,933,924,,6,0,0,6,9
2020-08-20,US,Puerto Rico,Camuy,172,0,0,18.418578,-66.860206,72027.0,489.2061776501038,0.0,172,169,0,0,169,169,,3,0,0,3,0
2020-08-20,US,Puerto Rico,Canovanas,448,0,0,18.328802,-65.887612,72029.0,940.2283411685696,0.0,448,445,0,0,445,438,,3,0,0,3,7
2020-08-20,US,Puerto Rico,Carolina,1595,0,0,18.374986,-65.95683100000001,72031.0,902.3432638236724,0.0,1595,1589,0,0,1589,1580,,6,0,0,6,9
2020-08-20,US,Puerto Rico,Catano,252,0,0,18.437269,-66.14330600000001,72033.0,895.5223880597015,0.0,252,248,0,0,248,243,,4,0,0,4,5
2020-08-20,US,Puerto Rico,Cayey,232,0,0,18.102851,-66.14914,72035.0,482.13803279369904,0.0,232,229,0,0,229,229,,3,0,0,3,0
2020-08-20,US,Puerto Rico,Ceiba,78,0,0,18.251818,-65.666416,72037.0,572.2250751962439,0.0,78,77,0,0,77,77,,1,0,0,1,0
2020-08-20,US,Puerto Rico,Ciales,174,0,0,18.28885,-66.516475,72039.0,926.4189117239912,0.0,174,173,0,0,173,172,,1,0,0,1,1
2020-08-20,US,Puerto Rico,Cidra,211,0,0,18.173559,-66.161179,72041.0,485.28058877644895,0.0,211,209,0,0,209,208,,2,0,0,2,1
2020-08-20,US,Puerto Rico,Coamo,187,0,0,18.097597,-66.36014,72043.0,461.5916271721959,0.0,187,186,0,0,186,186,,1,0,0,1,0
2020-08-20,US,Puerto Rico,Comerio,146,0,0,18.224687,-66.221622,72045.0,702.6662816440465,0.0,146,144,0,0,144,144,,2,0,0,2,0
2020-08-20,US,Puerto Rico,Corozal,318,0,0,18.304264,-66.327738,72047.0,856.1736040062461,0.0,318,311,0,0,311,307,,7,0,0,7,4
2020-08-20,US,Puerto Rico,Culebra,19,0,0,18.31586,-65.28813000000001,72049.0,1045.1045104510451,0.0,19,19,0,0,19,19,,0,0,0,0,0
2020-08-20,US,Puerto Rico,Dorado,400,0,0,18.436115,-66.278669,72051.0,1048.0807022140705,0.0,400,398,0,0,398,395,,2,0,0,2,3
2020-08-20,US,Puerto Rico,Fajardo,306,0,0,18.318373,-65.666866,72053.0,827.1835212067148,0.0,306,303,0,0,303,301,,3,0,0,3,2
2020-08-20,US,Puerto Rico,Florida,195,0,0,18.373715,-66.560488,72054.0,1537.8548895899055,0.0,195,195,0,0,195,195,,0,0,0,0,0
2020-08-20,US,Puerto Rico,Guanica,72,0,0,17.982429,-66.91964300000001,72055.0,370.61821176712823,0.0,72,70,0,0,70,70,,2,0,0,2,0
2020-08-20,US,Puerto Rico,Guayama,196,0,0,18.007516,-66.13390799999999,72057.0,432.0797142983114,0.0,196,196,0,0,196,194,,0,0,0,0,2
2020-08-20,US,Puerto Rico,Guayanilla,139,0,0,18.039942,-66.79186,72059.0,644.085074834345,0.0,139,137,0,0,137,137,,2,0,0,2,0
2020-08-20,US,Puerto Rico,Guaynabo,1088,0,0,18.345114000000002,-66.11452299999999,72061.0,1111.0657244393612,0.0,1088,1080,0,0,1080,1065,,8,0,0,8,15
2020-08-20,US,Puerto Rico,Gurabo,315,0,0,18.266461,-65.97970500000001,72063.0,694.3066851815117,0.0,315,308,0,0,308,305,,7,0,0,7,3
2020-08-20,US,Puerto Rico,Hatillo,144,0,0,18.410928,-66.79632600000001,72065.0,343.2412461564131,0.0,144,138,0,0,138,137,,6,0,0,6,1
2020-08-20,US,Puerto Rico,Hormigueros,111,0,0,18.134532,-67.113972,72067.0,643.4782608695652,0.0,111,111,0,0,111,111,,0,0,0,0,0
2020-08-20,US,Puerto Rico,Humacao,241,0,0,18.145211,-65.810174,72069.0,412.20538432593287,0.0,241,238,0,0,238,236,,3,0,0,3,2
2020-08-20,US,Puerto Rico,Isabela,163,0,0,18.44981,-67.005093,72071.0,357.21329797725235,0.0,163,161,0,0,161,160,,2,0,0,2,1
2020-08-20,US,Puerto Rico,Jayuya,186,0,0,18.211446,-66.58878,72073.0,1117.6541281096022,0.0,186,186,0,0,186,186,,0,0,0,0,0
2020-08-20,US,Puerto Rico,Juana Diaz,232,0,0,18.050764,-66.49458100000001,72075.0,290.3738563400378,0.0,232,229,0,0,229,228,,3,0,0,3,1
2020-08-20,US,Puerto Rico,Juncos,185,0,0,18.223793,-65.909109,72077.0,459.1710101762224,0.0,185,184,0,0,184,181,,1,0,0,1,3
2020-08-20,US,Puerto Rico,Lajas,93,0,0,18.011661,-67.040585,72079.0,361.12297596396536,0.0,93,92,0,0,92,92,,1,0,0,1,0
2020-08-20,US,Puerto Rico,Lares,208,0,0,18.269035000000002,-66.867236,72081.0,676.3567782005007,0.0,208,207,0,0,207,206,,1,0,0,1,1
2020-08-20,US,Puerto Rico,Las Marias,79,0,0,18.23679,-66.98362,72083.0,799.5142192085823,0.0,79,79,0,0,79,80,,0,0,0,0,-1
2020-08-20,US,Puerto Rico,Las Piedras,209,0,0,18.187527,-65.86946800000001,72085.0,540.4007756948934,0.0,209,206,0,0,206,205,,3,0,0,3,1
2020-08-20,US,Puerto Rico,Loiza,167,0,0,18.425688,-65.89943000000001,72087.0,555.5555555555555,0.0,167,165,0,0,165,164,,2,0,0,2,1
2020-08-20,US,Puerto Rico,Luquillo,143,0,0,18.342114000000002,-65.72509699999999,72089.0,712.5772373928643,0.0,143,140,0,0,140,140,,3,0,0,3,0
2020-08-20,US,Puerto Rico,Manati,308,0,0,18.420473,-66.490461,72091.0,698.2068777911273,0.0,308,306,0,0,306,303,,2,0,0,2,3
2020-08-20,US,Puerto Rico,Maricao,45,0,0,18.171795,-66.942126,72093.0,717.0172084130019,0.0,45,44,0,0,44,44,,1,0,0,1,0
2020-08-20,US,Puerto Rico,Maunabo,75,0,0,18.017889,-65.922235,72095.0,613.4969325153372,0.0,75,74,0,0,74,72,,1,0,0,1,2
2020-08-20,US,Puerto Rico,Mayaguez,572,0,0,18.2013,-67.1452,72097.0,642.1194431971262,0.0,572,570,0,0,570,569,,2,0,0,2,1
2020-08-20,US,Puerto Rico,Moca,224,0,0,18.377805,-67.080952,72099.0,558.4781470492907,0.0,224,219,0,0,219,217,,5,0,0,5,2
2020-08-20,US,Puerto Rico,Morovis,323,0,0,18.316963,-66.420383,72101.0,990.49371358479,0.0,323,320,0,0,320,317,,3,0,0,3,3
2020-08-20,US,Puerto Rico,Naguabo,111,0,0,18.230636999999998,-65.753897,72103.0,415.4191616766466,0.0,111,111,0,0,111,109,,0,0,0,0,2
2020-08-20,US,Puerto Rico,Naranjito,386,0,0,18.288019,-66.252703,72105.0,1269.6533122820867,0.0,386,384,0,0,384,383,,2,0,0,2,1
2020-08-20,US,Puerto Rico,Orocovis,251,0,0,18.215046,-66.433604,72107.0,1071.5962942407036,0.0,251,249,0,0,249,248,,2,0,0,2,1
2020-08-20,US,Puerto Rico,Out of PR,700,0,0,0.0,0.0,72888.0,0.0,0.0,700,685,0,0,685,682,,15,0,0,15,3
2020-08-20,US,Puerto Rico,Patillas,122,0,0,18.03174,-66.012242,72109.0,632.8785599418998,0.0,122,121,0,0,121,119,,1,0,0,1,2
2020-08-20,US,Puerto Rico,Penuelas,87,0,0,18.059645,-66.721572,72111.0,358.29009142574745,0.0,87,85,0,0,85,85,,2,0,0,2,0
2020-08-20,US,Puerto Rico,Ponce,584,0,0,18.059498,-66.613748,72113.0,351.11557353887224,0.0,584,583,0,0,583,580,,1,0,0,1,3
2020-08-20,US,Puerto Rico,Quebradillas,91,0,0,18.439692,-66.926113,72115.0,351.0937921987732,0.0,91,88,0,0,88,88,,3,0,0,3,0
2020-08-20,US,Puerto Rico,Rincon,115,0,0,18.335442999999998,-67.23174,72117.0,756.578947368421,0.0,115,115,0,0,115,114,,0,0,0,0,1
2020-08-20,US,Puerto Rico,Rio Grande,381,0,0,18.346329,-65.813742,72119.0,701.6057748968767,0.0,381,378,0,0,378,374,,3,0,0,3,4
2020-08-20,US,Puerto Rico,Sabana Grande,138,0,0,18.08282,-66.943758,72121.0,546.2101721749456,0.0,138,136,0,0,136,136,,2,0,0,2,0
2020-08-20,US,Puerto Rico,Salinas,261,0,0,18.010386999999994,-66.256592,72123.0,839.8223823926894,0.0,261,259,0,0,259,254,,2,0,0,2,5
2020-08-20,US,Puerto Rico,San German,166,0,0,18.111484,-67.03858100000001,72125.0,467.2502603653559,0.0,166,164,0,0,164,164,,2,0,0,2,0
2020-08-20,US,Puerto Rico,San Juan,4412,0,0,18.386933,-66.061128,72127.0,1116.0409383647923,0.0,4412,4359,0,0,4359,4294,,53,0,0,53,65
2020-08-20,US,Puerto Rico,San Lorenzo,223,0,0,18.147987,-65.976392,72129.0,543.1341029762775,0.0,223,220,0,0,220,219,,3,0,0,3,1
2020-08-20,US,Puerto Rico,San Sebastian,258,0,0,18.328646,-66.971214,72131.0,608.0603346688664,0.0,258,257,0,0,257,257,,1,0,0,1,0
2020-08-20,US,Puerto Rico,Santa Isabel,118,0,0,17.994525,-66.388913,72133.0,507.0035232448225,0.0,118,117,0,0,117,113,,1,0,0,1,4
2020-08-20,US,Puerto Rico,Toa Alta,755,0,0,18.362406,-66.246616,72135.0,1019.3611103610292,0.0,755,749,0,0,749,741,,6,0,0,6,8
2020-08-20,US,Puerto Rico,Toa Baja,738,0,0,18.431445999999998,-66.213553,72137.0,823.5779888180873,0.0,738,725,0,0,725,716,,13,0,0,13,9
2020-08-20,US,Puerto Rico,Trujillo Alto,643,0,0,18.336159,-65.99888399999999,72139.0,859.1432618048689,0.0,643,636,0,0,636,631,,7,0,0,7,5
2020-08-20,US,Puerto Rico,Unassigned,605,367,0,0.0,0.0,72999.0,0.0,60.66115702479339,238,681,356,0,325,719,,-76,11,0,-87,-38
2020-08-20,US,Puerto Rico,Utuado,90,0,0,18.271214,-66.702984,72141.0,271.5014027572476,0.0,90,90,0,0,90,89,,0,0,0,0,1
2020-08-20,US,Puerto Rico,Vega Alta,351,0,0,18.409346,-66.33725,72143.0,878.5762559134938,0.0,351,345,0,0,345,342,,6,0,0,6,3
2020-08-20,US,Puerto Rico,Vega Baja,551,0,0,18.428262,-66.397924,72145.0,923.5359190104252,0.0,551,542,0,0,542,528,,9,0,0,9,14
2020-08-20,US,Puerto Rico,Vieques,76,0,0,18.123276,-65.44097099999999,72147.0,817.1164390925708,0.0,76,76,0,0,76,76,,0,0,0,0,0
2020-08-20,US,Puerto Rico,Villalba,90,0,0,18.127951,-66.473115,72149.0,345.18467380048327,0.0,90,90,0,0,90,90,,0,0,0,0,0
2020-08-20,US,Puerto Rico,Yabucoa,171,0,0,18.070399,-65.896289,72151.0,450.6997706966079,0.0,171,167,0,0,167,164,,4,0,0,4,3
2020-08-20,US,Puerto Rico,Yauco,282,0,0,18.080374,-66.858814,72153.0,670.7418595247723,0.0,282,281,0,0,281,278,,1,0,0,1,3
2020-08-20,US,Rhode Island,Bristol,329,0,0,41.71018079,-71.28652315,44001.0,678.6443614761031,0.0,329,329,0,0,329,322,48649,0,0,0,0,7
2020-08-20,US,Rhode Island,Kent,1592,0,0,41.67106337,-71.57641596,44003.0,969.0064032332676,0.0,1592,1592,0,0,1592,1544,163861,0,0,0,0,48
2020-08-20,US,Rhode Island,Newport,411,0,0,41.5642026,-71.26569799,44005.0,500.7187934017202,0.0,411,411,0,0,411,405,82542,0,0,0,0,6
2020-08-20,US,Rhode Island,Providence,16142,0,0,41.87064746,-71.57753536,44007.0,2526.407389843348,0.0,16142,16142,0,0,16142,15644,636084,0,0,0,0,498
2020-08-20,US,Rhode Island,Unassigned,1738,1028,0,0.0,0.0,90044.0,0.0,59.14844649021864,710,1662,1027,0,635,2156,,76,1,0,75,-494
2020-08-20,US,Rhode Island,Washington,659,0,0,41.45961631,-71.61435303,44009.0,524.7776264761859,0.0,659,659,0,0,659,621,126179,0,0,0,0,38
2020-08-20,US,South Carolina,Abbeville,376,8,0,34.22333378,-82.46170658,45001.0,1533.0044440820318,2.127659574468085,368,371,8,0,363,366,24541,5,0,0,5,5
2020-08-20,US,South Carolina,Aiken,2184,51,0,33.54338026,-81.63645384,45003.0,1278.149726110773,2.3351648351648358,2133,2172,50,0,2122,2155,169401,12,1,0,11,17
2020-08-20,US,South Carolina,Allendale,260,6,0,32.98837386,-81.35321066,45005.0,2992.633517495396,2.3076923076923075,254,254,6,0,248,255,8903,6,0,0,6,-1
2020-08-20,US,South Carolina,Anderson,2761,83,0,34.51828081,-82.63959517,45007.0,1363.0663809871742,3.0061571894241217,2678,2735,81,0,2654,2667,200482,26,2,0,24,68
2020-08-20,US,South Carolina,Bamberg,499,27,0,33.21927586,-81.05659969,45009.0,3547.5614958054884,5.410821643286573,472,495,27,0,468,493,14275,4,0,0,4,2
2020-08-20,US,South Carolina,Barnwell,480,10,0,33.26679302,-81.43584352,45011.0,2300.3929838014,2.083333333333333,470,472,9,0,463,469,21112,8,1,0,7,3
2020-08-20,US,South Carolina,Beaufort,4452,62,0,32.39226291,-80.72619758,45013.0,2317.277563215041,1.3926325247079965,4390,4416,61,0,4355,4397,188715,36,1,0,35,19
2020-08-20,US,South Carolina,Berkeley,4552,75,0,33.20222596,-79.94654523,45015.0,1997.3059186422531,1.6476274165202107,4477,4520,75,0,4445,4489,221091,32,0,0,32,31
2020-08-20,US,South Carolina,Calhoun,399,16,0,33.66926881,-80.77722168,45017.0,2741.7027417027416,4.010025062656641,383,399,15,0,384,396,14520,0,1,0,-1,3
2020-08-20,US,South Carolina,Charleston,13111,217,0,32.82487866,-79.96512315,45019.0,3186.876224459537,1.6550987720234918,12894,13062,217,0,12845,12956,405905,49,0,0,49,106
2020-08-20,US,South Carolina,Cherokee,747,31,0,35.05122251,-81.61828622,45021.0,1303.6649214659685,4.149933065595716,716,735,31,0,704,728,57078,12,0,0,12,7
2020-08-20,US,South Carolina,Chester,778,15,0,34.69249168,-81.1583216,45023.0,2412.8520034735143,1.9280205655526992,763,765,15,0,750,758,32251,13,0,0,13,7
2020-08-20,US,South Carolina,Chesterfield,874,23,0,34.64137396,-80.15640140000002,45025.0,1914.567360350493,2.631578947368421,851,848,23,0,825,841,45754,26,0,0,26,7
2020-08-20,US,South Carolina,Clarendon,930,60,0,33.66610974,-80.21647898,45027.0,2755.963846495777,6.451612903225807,870,916,59,0,857,911,33700,14,1,0,13,5
2020-08-20,US,South Carolina,Colleton,859,36,0,32.87582989,-80.67641292,45029.0,2279.905512646973,4.190919674039581,823,852,36,0,816,852,37660,7,0,0,7,0
2020-08-20,US,South Carolina,Darlington,1498,42,0,34.33358335,-79.96027485,45031.0,2248.6415083010597,2.803738317757009,1456,1473,41,0,1432,1463,66802,25,1,0,24,10
2020-08-20,US,South Carolina,Dillon,696,27,0,34.39007791,-79.37741872,45033.0,2283.5394862036155,3.8793103448275854,669,690,26,0,664,684,30599,6,1,0,5,6
2020-08-20,US,South Carolina,Dorchester,3353,62,0,33.0794369,-80.40502652,45035.0,2059.468456903488,1.8490903668356693,3291,3325,60,0,3265,3300,160647,28,2,0,26,25
2020-08-20,US,South Carolina,Edgefield,373,8,0,33.77221995,-81.96231108,45037.0,1368.3052090975787,2.1447721179624666,365,372,8,0,364,371,27052,1,0,0,1,1
2020-08-20,US,South Carolina,Fairfield,597,25,0,34.39287073,-81.1195624,45039.0,2671.4995301382737,4.1876046901172534,572,592,25,0,567,589,22402,5,0,0,5,3
2020-08-20,US,South Carolina,Florence,3896,139,0,34.02361754,-79.70189312,45041.0,2817.206944675436,3.56776180698152,3757,3845,137,0,3708,3816,138159,51,2,0,49,29
2020-08-20,US,South Carolina,Georgetown,1596,31,0,33.43443342,-79.33202141,45043.0,2546.2667517549453,1.9423558897243107,1565,1565,30,0,1535,1556,62249,31,1,0,30,9
2020-08-20,US,South Carolina,Greenville,11388,240,0,34.89502264,-82.37295012,45045.0,2175.1836528874474,2.107481559536354,11148,11350,237,0,11113,11327,514213,38,3,0,35,23
2020-08-20,US,South Carolina,Greenwood,1596,23,0,34.15272415,-82.12715789,45047.0,2253.887107935208,1.4411027568922306,1573,1578,21,0,1557,1571,70741,18,2,0,16,7
2020-08-20,US,South Carolina,Hampton,493,16,0,32.77419582,-81.13845571,45049.0,2564.769534907918,3.2454361054766734,477,481,15,0,466,482,19351,12,1,0,11,-1
2020-08-20,US,South Carolina,Horry,9002,176,0,33.9212828,-78.99555293,45051.0,2542.356127552735,1.9551210842035105,8826,8961,172,0,8789,8926,344147,41,4,0,37,35
2020-08-20,US,South Carolina,Jasper,645,19,0,32.43171982,-81.02487495,45053.0,2144.7810328201376,2.9457364341085266,626,644,19,0,625,641,28971,1,0,0,1,3
2020-08-20,US,South Carolina,Kershaw,1478,29,0,34.33988254,-80.58763164,45055.0,2220.8531802677644,1.962110960757781,1449,1466,30,0,1436,1457,65592,12,-1,0,13,9
2020-08-20,US,South Carolina,Lancaster,1450,27,0,34.68270843,-80.70513032,45057.0,1479.4106844059907,1.862068965517241,1423,1418,27,0,1391,1405,95380,32,0,0,32,13
2020-08-20,US,South Carolina,Laurens,1394,51,0,34.48244419,-82.00490796,45059.0,2065.399374749974,3.6585365853658534,1343,1394,51,0,1343,1386,66994,0,0,0,0,8
2020-08-20,US,South Carolina,Lee,595,30,0,34.16393091,-80.25690731,45061.0,3535.773710482529,5.042016806722689,565,592,30,0,562,588,17142,3,0,0,3,4
2020-08-20,US,South Carolina,Lexington,5347,127,0,33.89665987,-81.27146426,45063.0,1789.7907949790797,2.375163643164391,5220,5310,121,0,5189,5277,295032,37,6,0,31,33
2020-08-20,US,South Carolina,Marion,609,16,0,34.07859748,-79.36400756,45067.0,1986.4957432234075,2.6272577996715927,593,594,14,0,580,592,31039,15,2,0,13,2
2020-08-20,US,South Carolina,Marlboro,615,5,0,34.59905577,-79.67561152,45069.0,2354.6979094877092,0.8130081300813008,610,606,5,0,601,590,26398,9,0,0,9,16
2020-08-20,US,South Carolina,McCormick,149,3,0,33.90161443,-82.30794338,45065.0,1574.5535242523513,2.0134228187919465,146,148,3,0,145,147,9410,1,0,0,1,1
2020-08-20,US,South Carolina,Newberry,904,13,0,34.28629098,-81.59935761,45071.0,2351.716961498439,1.4380530973451326,891,901,13,0,888,901,38520,3,0,0,3,0
2020-08-20,US,South Carolina,Oconee,903,15,0,34.75225169,-83.06742317,45073.0,1135.1922158248058,1.6611295681063123,888,891,15,0,876,890,78374,12,0,0,12,1
2020-08-20,US,South Carolina,Orangeburg,2669,84,0,33.4391073,-80.79886287,45075.0,3097.1859588047582,3.1472461596103414,2585,2628,80,0,2548,2611,86934,41,4,0,37,17
2020-08-20,US,South Carolina,Pickens,1964,30,0,34.88807695,-82.72791551,45077.0,1547.8704958860062,1.5274949083503055,1934,1949,30,0,1919,1942,124937,15,0,0,15,7
2020-08-20,US,South Carolina,Richland,9681,179,0,34.01791263,-80.90267209,45079.0,2328.5124314807376,1.8489825431257099,9502,9564,178,0,9386,9468,414576,117,1,0,116,96
2020-08-20,US,South Carolina,Saluda,497,11,0,34.00795823,-81.72713237,45081.0,2427.5875543398624,2.2132796780684103,486,495,10,0,485,494,20544,2,1,0,1,1
2020-08-20,US,South Carolina,Spartanburg,4559,123,0,34.92960077,-81.99225984,45083.0,1425.6453554732086,2.697960078964685,4436,4526,121,0,4405,4469,313888,33,2,0,31,57
2020-08-20,US,South Carolina,Sumter,2698,59,0,33.91826534,-80.37942316,45085.0,2528.087255554202,2.1868050407709414,2639,2667,57,0,2610,2648,106512,31,2,0,29,19
2020-08-20,US,South Carolina,Union,413,5,0,34.68835752,-81.61730349,45087.0,1511.934397422756,1.2106537530266344,408,409,5,0,404,407,27410,4,0,0,4,2
2020-08-20,US,South Carolina,Williamsburg,1108,34,0,33.62190129,-79.72767442,45089.0,3648.577449947313,3.068592057761733,1074,1100,34,0,1066,1093,30606,8,0,0,8,7
2020-08-20,US,South Carolina,York,3892,32,0,34.97281497,-81.18085944,45091.0,1385.1568978464584,0.8221993833504625,3860,3865,32,0,3833,3848,274118,27,0,0,27,17
2020-08-20,US,South Dakota,Aurora,40,0,0,43.71757685,-98.56050467,46003.0,1454.0167211922933,0.0,40,40,0,0,40,40,2801,0,0,0,0,0
2020-08-20,US,South Dakota,Beadle,602,9,0,44.41464384,-98.27858469,46005.0,3262.342166585379,1.495016611295681,593,598,9,0,589,598,18883,4,0,0,4,0
2020-08-20,US,South Dakota,Bennett,6,0,0,43.19486375,-101.6665572,46007.0,178.30609212481426,0.0,6,6,0,0,6,6,3468,0,0,0,0,0
2020-08-20,US,South Dakota,Bon Homme,32,0,0,42.98914167,-97.88592746,46009.0,463.70091291117234,0.0,32,28,0,0,28,26,6980,4,0,0,4,2
2020-08-20,US,South Dakota,Brookings,166,1,0,44.36974375,-96.79079945,46011.0,473.2445762180346,0.6024096385542169,165,162,1,0,161,157,35232,4,0,0,4,5
2020-08-20,US,South Dakota,Brown,503,3,0,45.58994323,-98.35165355,46013.0,1295.0899868688693,0.5964214711729622,500,496,3,0,493,491,39316,7,0,0,7,5
2020-08-20,US,South Dakota,Brule,48,0,0,43.71756379,-99.08118954,46015.0,906.1733056447046,0.0,48,47,0,0,47,47,5229,1,0,0,1,0
2020-08-20,US,South Dakota,Buffalo,109,3,0,44.07657829,-99.20814467,46017.0,5555.555555555556,2.7522935779816518,106,109,3,0,106,109,2036,0,0,0,0,0
2020-08-20,US,South Dakota,Butte,22,1,0,44.90608745,-103.5079318,46019.0,210.95023492185246,4.545454545454546,21,21,1,0,20,20,10222,1,0,0,1,1
2020-08-20,US,South Dakota,Campbell,4,0,0,45.77074915,-100.0510181,46021.0,290.6976744186046,0.0,4,3,0,0,3,3,1377,1,0,0,1,0
2020-08-20,US,South Dakota,Charles Mix,114,0,0,43.20660134,-98.58856175,46023.0,1226.8618166164442,0.0,114,114,0,0,114,113,9338,0,0,0,0,1
2020-08-20,US,South Dakota,Clark,17,0,0,44.85834507,-97.72925109,46025.0,455.0321199143468,0.0,17,17,0,0,17,17,3739,0,0,0,0,0
2020-08-20,US,South Dakota,Clay,142,0,0,42.91296147,-96.97656917,46027.0,1009.2395167022032,0.0,142,142,0,0,142,141,14041,0,0,0,0,1
2020-08-20,US,South Dakota,Codington,191,1,0,44.97788119,-97.18827677,46029.0,681.9236673926238,0.5235602094240838,190,183,1,0,182,173,28015,8,0,0,8,10
2020-08-20,US,South Dakota,Corson,49,0,0,45.70889983,-101.1970473,46031.0,1199.216837983358,0.0,49,49,0,0,49,48,4165,0,0,0,0,1
2020-08-20,US,South Dakota,Custer,58,0,0,43.67741105,-103.45345209999999,46033.0,646.4556397681678,0.0,58,51,0,0,51,49,8726,7,0,0,7,2
2020-08-20,US,South Dakota,Davison,104,2,0,43.67490933,-98.14458906,46035.0,525.9165613147915,1.9230769230769231,102,101,1,0,100,101,19790,3,1,0,2,0
2020-08-20,US,South Dakota,Day,30,0,0,45.367281,-97.60737498,46037.0,553.0973451327434,0.0,30,29,0,0,29,29,5505,1,0,0,1,0
2020-08-20,US,South Dakota,Deuel,26,0,0,44.75994309,-96.66943645,46039.0,597.5637784417376,0.0,26,26,0,0,26,24,4337,0,0,0,0,2
2020-08-20,US,South Dakota,Dewey,61,0,0,45.15639647,-100.8709139,46041.0,1035.3021045485405,0.0,61,60,0,0,60,59,5904,1,0,0,1,1
2020-08-20,US,South Dakota,Douglas,20,0,0,43.38520741,-98.36978007,46043.0,684.6970215679562,0.0,20,20,0,0,20,20,2935,0,0,0,0,0
2020-08-20,US,South Dakota,Edmunds,22,0,0,45.41846445,-99.21545423,46045.0,574.562548968399,0.0,22,21,0,0,21,21,3875,1,0,0,1,0
2020-08-20,US,South Dakota,Fall River,23,0,0,43.23929297,-103.5275691,46047.0,342.6187993445553,0.0,23,23,0,0,23,23,6758,0,0,0,0,0
2020-08-20,US,South Dakota,Faulk,29,1,0,45.07082625,-99.14535601,46049.0,1261.418007829491,3.4482758620689653,28,29,1,0,28,29,2330,0,0,0,0,0
2020-08-20,US,South Dakota,Grant,34,0,0,45.1723937,-96.77002276,46051.0,482.1327283040272,0.0,34,34,0,0,34,34,7147,0,0,0,0,0
2020-08-20,US,South Dakota,Gregory,8,0,0,43.19419064,-99.18883902,46053.0,191.15890083632016,0.0,8,8,0,0,8,8,4212,0,0,0,0,0
2020-08-20,US,South Dakota,Haakon,3,0,0,44.29299053,-101.539099,46055.0,157.9778830963665,0.0,3,3,0,0,3,2,1918,0,0,0,0,1
2020-08-20,US,South Dakota,Hamlin,34,0,0,44.67385954,-97.18829593,46057.0,551.5898767034394,0.0,34,34,0,0,34,32,6111,0,0,0,0,2
2020-08-20,US,South Dakota,Hand,12,0,0,44.54708407,-99.00386459,46059.0,376.0576621748668,0.0,12,12,0,0,12,12,3262,0,0,0,0,0
2020-08-20,US,South Dakota,Hanson,22,0,0,43.6746384,-97.78715148,46061.0,637.1271358239213,0.0,22,22,0,0,22,22,3376,0,0,0,0,0
2020-08-20,US,South Dakota,Harding,2,0,0,45.58015551,-103.4958629,46063.0,154.08320493066256,0.0,2,2,0,0,2,2,1249,0,0,0,0,0
2020-08-20,US,South Dakota,Hughes,101,3,0,44.39091534,-99.99661148,46065.0,576.2866598196963,2.9702970297029703,98,100,3,0,97,100,17650,1,0,0,1,0
2020-08-20,US,South Dakota,Hutchinson,35,0,0,43.33449012,-97.75536441,46067.0,480.0438897270608,0.0,35,35,0,0,35,35,7380,0,0,0,0,0
2020-08-20,US,South Dakota,Hyde,4,0,0,44.54747703,-99.48572582,46069.0,307.455803228286,0.0,4,4,0,0,4,4,1282,0,0,0,0,0
2020-08-20,US,South Dakota,Jackson,12,1,0,43.69318385,-101.6255063,46071.0,358.85167464114835,8.333333333333334,11,12,1,0,11,12,3307,0,0,0,0,0
2020-08-20,US,South Dakota,Jerauld,39,1,0,44.06637798,-98.62965972,46073.0,1937.4068554396426,2.5641025641025643,38,39,1,0,38,39,2043,0,0,0,0,0
2020-08-20,US,South Dakota,Jones,2,0,0,43.96278565,-100.6940008,46075.0,221.48394241417492,0.0,2,2,0,0,2,2,928,0,0,0,0,0
2020-08-20,US,South Dakota,Kingsbury,16,0,0,44.36956169,-97.4913945,46077.0,323.95221704798536,0.0,16,15,0,0,15,15,4919,1,0,0,1,0
2020-08-20,US,South Dakota,Lake,105,5,0,44.02193107,-97.12926365,46079.0,820.5048058138626,4.761904761904762,100,105,5,0,100,104,13057,0,0,0,0,1
2020-08-20,US,South Dakota,Lawrence,83,1,0,44.35919441,-103.79294279999999,46081.0,321.1577155239127,1.2048192771084338,82,82,1,0,81,77,25741,1,0,0,1,5
2020-08-20,US,South Dakota,Lincoln,750,2,0,43.27841182,-96.72039050000001,46083.0,1226.933647428347,0.26666666666666666,748,738,2,0,736,723,58807,12,0,0,12,15
2020-08-20,US,South Dakota,Lyman,91,3,0,43.89522709,-99.85201878,46085.0,2406.770695583179,3.2967032967032965,88,91,3,0,88,91,3821,0,0,0,0,0
2020-08-20,US,South Dakota,Marshall,13,0,0,45.75870838,-97.59855639,46091.0,263.4245187436677,0.0,13,12,0,0,12,12,5112,1,0,0,1,0
2020-08-20,US,South Dakota,McCook,37,1,0,43.6742571,-97.36863144,46087.0,662.3702112423917,2.702702702702702,36,37,1,0,36,37,5546,0,0,0,0,0
2020-08-20,US,South Dakota,McPherson,8,0,0,45.76626028,-99.22118798,46089.0,336.27574611181166,0.0,8,8,0,0,8,8,2407,0,0,0,0,0
2020-08-20,US,South Dakota,Meade,127,1,0,44.56676791,-102.71627409999999,46093.0,448.2563885359311,0.7874015748031497,126,120,1,0,119,112,28294,7,0,0,7,8
2020-08-20,US,South Dakota,Mellette,24,0,0,43.58078848,-100.7563186,46095.0,1164.4832605531294,0.0,24,24,0,0,24,24,2042,0,0,0,0,0
2020-08-20,US,South Dakota,Miner,15,0,0,44.02197882,-97.60992207,46097.0,676.8953068592058,0.0,15,15,0,0,15,15,2213,0,0,0,0,0
2020-08-20,US,South Dakota,Minnehaha,4757,70,0,43.67441641,-96.7910885,46099.0,2463.0567378089827,1.471515661130965,4687,4727,69,0,4658,4682,192876,30,1,0,29,45
2020-08-20,US,South Dakota,Moody,34,0,0,44.02266214,-96.67081159,46101.0,517.0316301703161,0.0,34,34,0,0,34,33,6579,0,0,0,0,1
2020-08-20,US,South Dakota,Oglala Lakota,159,2,0,43.33749164,-102.55554980000001,46102.0,1121.5348804401494,1.2578616352201255,157,159,2,0,157,158,14309,0,0,0,0,1
2020-08-20,US,South Dakota,Pennington,975,33,0,44.0025835,-102.8240777,46103.0,856.9545154911009,3.3846153846153846,942,962,33,0,929,958,111729,13,0,0,13,4
2020-08-20,US,South Dakota,Perkins,6,0,0,45.49049506,-102.47555859999999,46105.0,209.42408376963348,0.0,6,6,0,0,6,6,2922,0,0,0,0,0
2020-08-20,US,South Dakota,Potter,3,0,0,45.06583079,-99.95498503,46107.0,139.34045517882026,0.0,3,2,0,0,2,2,2207,1,0,0,1,0
2020-08-20,US,South Dakota,Roberts,87,1,0,45.62975048,-96.94672673,46109.0,837.0213584760437,1.1494252873563218,86,87,1,0,86,87,10447,0,0,0,0,0
2020-08-20,US,South Dakota,Sanborn,13,0,0,44.02351092,-98.09098159999999,46111.0,554.6075085324234,0.0,13,13,0,0,13,13,2429,0,0,0,0,0
2020-08-20,US,South Dakota,Spink,27,0,0,44.93837606,-98.34626602,46115.0,423.4629861982434,0.0,27,27,0,0,27,27,6495,0,0,0,0,0
2020-08-20,US,South Dakota,Stanley,19,0,0,44.41381872,-100.7349153,46117.0,613.2989025177534,0.0,19,17,0,0,17,16,3022,2,0,0,2,1
2020-08-20,US,South Dakota,Sully,4,0,0,44.71571812,-100.1278092,46119.0,287.56290438533426,0.0,4,4,0,0,4,4,1392,0,0,0,0,0
2020-08-20,US,South Dakota,Todd,75,5,0,43.19338568,-100.71955030000001,46121.0,736.9558809079297,6.666666666666668,70,75,5,0,70,75,10283,0,0,0,0,0
2020-08-20,US,South Dakota,Tripp,20,0,0,43.34459388,-99.8854891,46123.0,367.5794890645102,0.0,20,20,0,0,20,20,5478,0,0,0,0,0
2020-08-20,US,South Dakota,Turner,64,0,0,43.3109081,-97.14865776,46125.0,763.3587786259543,0.0,64,63,0,0,63,60,8424,1,0,0,1,3
2020-08-20,US,South Dakota,Union,230,4,0,42.83112163,-96.6557828,46127.0,1443.6354506653274,1.7391304347826086,226,224,4,0,220,223,15619,6,0,0,6,1
2020-08-20,US,South Dakota,Walworth,24,0,0,45.43019636,-100.03075140000001,46129.0,441.58233670653175,0.0,24,23,0,0,23,18,5587,1,0,0,1,5
2020-08-20,US,South Dakota,Yankton,164,3,0,43.00924485,-97.39467635,46135.0,718.8568422898219,1.8292682926829267,161,159,3,0,156,158,22869,5,0,0,5,1
2020-08-20,US,South Dakota,Ziebach,35,0,0,44.97881876,-101.6654622,46137.0,1269.956458635704,0.0,35,35,0,0,35,35,2742,0,0,0,0,0
2020-08-20,US,Tennessee,Anderson,808,6,0,36.12684348,-84.19965764,47001.0,1049.6505495076517,0.7425742574257426,802,799,6,0,793,778,76482,9,0,0,9,21
2020-08-20,US,Tennessee,Bedford,1016,13,0,35.51123746,-86.45549096,47003.0,2043.731016032024,1.279527559055118,1003,1006,13,0,993,989,49038,10,0,0,10,17
2020-08-20,US,Tennessee,Benton,205,3,0,36.07110411,-88.06849355,47005.0,1268.5643564356435,1.4634146341463414,202,197,2,0,195,190,16184,8,1,0,7,7
2020-08-20,US,Tennessee,Bledsoe,759,3,0,35.59942968,-85.20611967,47007.0,5038.502389803505,0.3952569169960474,756,758,3,0,755,752,14755,1,0,0,1,6
2020-08-20,US,Tennessee,Blount,1648,15,0,35.68938198,-83.92847788,47009.0,1238.2784323154606,0.9101941747572816,1633,1584,15,0,1569,1542,131349,64,0,0,64,42
2020-08-20,US,Tennessee,Bradley,2247,16,0,35.15739424,-84.857186,47011.0,2078.438627324022,0.7120605251446372,2231,2232,16,0,2216,2192,106727,15,0,0,15,40
2020-08-20,US,Tennessee,Campbell,288,2,0,36.40355516,-84.15108559999999,47013.0,722.8552783494804,0.6944444444444444,286,284,2,0,282,279,39583,4,0,0,4,5
2020-08-20,US,Tennessee,Cannon,175,0,0,35.80990797,-86.05738983,47015.0,1192.260525957215,0.0,175,172,0,0,172,165,14462,3,0,0,3,7
2020-08-20,US,Tennessee,Carroll,449,6,0,35.97366108,-88.45189331,47017.0,1617.0274066337738,1.33630289532294,443,426,6,0,420,411,28020,23,0,0,23,15
2020-08-20,US,Tennessee,Carter,688,9,0,36.28969086,-82.12588974,47019.0,1220.0528453121954,1.3081395348837208,679,679,9,0,670,648,56351,9,0,0,9,31
2020-08-20,US,Tennessee,Cheatham,672,9,0,36.26136216,-87.08903581,47021.0,1652.4454717584285,1.3392857142857142,663,670,9,0,661,656,40439,2,0,0,2,14
2020-08-20,US,Tennessee,Chester,306,3,0,35.42527478,-88.6095842,47023.0,1769.0929062843268,0.9803921568627452,303,295,2,0,293,290,17276,11,1,0,10,5
2020-08-20,US,Tennessee,Claiborne,328,2,0,36.48319149,-83.65947309,47025.0,1026.314966050252,0.6097560975609756,326,323,1,0,322,315,31756,5,1,0,4,8
2020-08-20,US,Tennessee,Clay,95,0,0,36.55151008,-85.53930419,47027.0,1247.537754432042,0.0,95,94,0,0,94,92,7717,1,0,0,1,2
2020-08-20,US,Tennessee,Cocke,583,6,0,35.9278914,-83.11828725,47029.0,1619.2645261637595,1.0291595197255574,577,578,6,0,572,560,35774,5,0,0,5,18
2020-08-20,US,Tennessee,Coffee,660,5,0,35.49090731,-86.07311784,47031.0,1167.728237791932,0.7575757575757576,655,650,5,0,645,630,55700,10,0,0,10,20
2020-08-20,US,Tennessee,Crockett,340,11,0,35.81830662,-89.14916269,47033.0,2389.3183415319745,3.2352941176470584,329,320,8,0,312,313,14328,20,3,0,17,7
2020-08-20,US,Tennessee,Cumberland,658,7,0,35.95271721,-84.99840585,47035.0,1087.2438863185723,1.0638297872340423,651,627,7,0,620,598,59673,31,0,0,31,29
2020-08-20,US,Tennessee,Davidson,22461,242,0,36.17007426,-86.78646056,47037.0,3235.7839295592853,1.0774230889096656,22219,22326,235,0,22091,22190,692587,135,7,0,128,136
2020-08-20,US,Tennessee,DeKalb,405,4,0,35.97616272,-85.83689361,47041.0,1976.5739385065885,0.9876543209876544,401,398,4,0,394,394,20138,7,0,0,7,4
2020-08-20,US,Tennessee,Decatur,252,3,0,35.60048904,-88.11043779,47039.0,2160.6790705650346,1.1904761904761905,249,250,3,0,247,247,11706,2,0,0,2,3
2020-08-20,US,Tennessee,Dickson,813,5,0,36.14669837,-87.35891709,47043.0,1507.006747238081,0.6150061500615006,808,807,5,0,802,794,53446,6,0,0,6,13
2020-08-20,US,Tennessee,Dyer,794,9,0,36.05931946,-89.41542855,47045.0,2136.763637342232,1.1335012594458438,785,772,9,0,763,751,37320,22,0,0,22,21
2020-08-20,US,Tennessee,Fayette,797,10,0,35.19615831,-89.41399032,47047.0,1937.6169985170056,1.2547051442910917,787,787,10,0,777,766,40507,10,0,0,10,21
2020-08-20,US,Tennessee,Fentress,137,0,0,36.38128818,-84.92870012,47049.0,739.621011715165,0.0,137,135,0,0,135,127,18217,2,0,0,2,8
2020-08-20,US,Tennessee,Franklin,400,4,0,35.15634626,-86.09201039,47051.0,947.6876421531464,1.0,396,391,4,0,387,384,41890,9,0,0,9,7
2020-08-20,US,Tennessee,Gibson,912,11,0,35.99438059,-88.93358327,47053.0,1856.1862699204198,1.2061403508771928,901,877,11,0,866,846,49045,35,0,0,35,31
2020-08-20,US,Tennessee,Giles,424,14,0,35.20222469,-87.03992678,47055.0,1439.0442573988596,3.30188679245283,410,420,14,0,406,416,29503,4,0,0,4,4
2020-08-20,US,Tennessee,Grainger,242,1,0,36.27469206,-83.51254721,47057.0,1037.7358490566037,0.4132231404958678,241,234,1,0,233,228,23145,8,0,0,8,6
2020-08-20,US,Tennessee,Greene,669,9,0,36.17470125,-82.84691273,47059.0,968.5966207705336,1.345291479820628,660,653,9,0,644,627,69087,16,0,0,16,26
2020-08-20,US,Tennessee,Grundy,139,2,0,35.38433717,-85.72142731,47061.0,1035.2275266254562,1.4388489208633093,137,136,2,0,134,133,13346,3,0,0,3,3
2020-08-20,US,Tennessee,Hamblen,1539,16,0,36.21990035,-83.26586179,47063.0,2370.098869621461,1.0396361273554255,1523,1530,16,0,1514,1512,64569,9,0,0,9,18
2020-08-20,US,Tennessee,Hamilton,7223,61,0,35.17670231,-85.16652245,47065.0,1963.8176855064112,0.8445244358299875,7162,7145,61,0,7084,6995,364286,78,0,0,78,150
2020-08-20,US,Tennessee,Hancock,87,2,0,36.52692871,-83.22375847,47067.0,1314.1993957703928,2.2988505747126435,85,84,2,0,82,84,6549,3,0,0,3,0
2020-08-20,US,Tennessee,Hardeman,1133,22,0,35.20772017,-88.99161161,47069.0,4522.9540918163675,1.9417475728155342,1111,1108,19,0,1089,1091,25220,25,3,0,22,17
2020-08-20,US,Tennessee,Hardin,563,8,0,35.19732531,-88.18593755,47071.0,2194.7606424450337,1.4209591474245116,555,549,8,0,541,525,25776,14,0,0,14,24
2020-08-20,US,Tennessee,Hawkins,613,10,0,36.44355426,-82.94885298,47073.0,1079.4914239425211,1.6313213703099512,603,606,10,0,596,585,56530,7,0,0,7,21
2020-08-20,US,Tennessee,Haywood,655,9,0,35.58332824,-89.28536625,47075.0,3785.2519648636153,1.3740458015267176,646,648,9,0,639,625,17335,7,0,0,7,23
2020-08-20,US,Tennessee,Henderson,750,4,0,35.65581134,-88.38600175,47077.0,2667.425401002952,0.5333333333333333,746,732,4,0,728,716,27847,18,0,0,18,16
2020-08-20,US,Tennessee,Henry,368,4,0,36.33160906,-88.30121797,47079.0,1137.7338073890865,1.0869565217391304,364,357,3,0,354,336,32358,11,1,0,10,21
2020-08-20,US,Tennessee,Hickman,323,1,0,35.80609681,-87.47643507,47081.0,1282.8659941218525,0.30959752321981426,322,319,1,0,318,309,25063,4,0,0,4,10
2020-08-20,US,Tennessee,Houston,70,0,0,36.28872054,-87.71878828,47083.0,853.5544445799292,0.0,70,68,0,0,68,67,8263,2,0,0,2,1
2020-08-20,US,Tennessee,Humphreys,147,3,0,36.03958805,-87.77992872,47085.0,791.0881498224088,2.0408163265306123,144,146,3,0,143,145,18486,1,0,0,1,1
2020-08-20,US,Tennessee,Jackson,174,1,0,36.36380466,-85.67239905,47087.0,1476.3278465976584,0.5747126436781609,173,170,1,0,169,156,11758,4,0,0,4,14
2020-08-20,US,Tennessee,Jefferson,671,4,0,36.04818632,-83.45148924,47089.0,1231.305624369208,0.5961251862891207,667,667,4,0,663,652,54012,4,0,0,4,15
2020-08-20,US,Tennessee,Johnson,366,1,0,36.45523950000001,-81.84886538,47091.0,2057.566899033056,0.27322404371584696,365,362,1,0,361,353,17778,4,0,0,4,9
2020-08-20,US,Tennessee,Knox,5520,48,0,35.99508821,-83.94635435,47093.0,1173.6864598682155,0.8695652173913043,5472,5466,45,0,5421,5349,465289,54,3,0,51,117
2020-08-20,US,Tennessee,Lake,809,1,0,36.34180170000001,-89.48921915,47095.0,11530.78677309008,0.12360939431396785,808,807,1,0,806,805,7411,2,0,0,2,2
2020-08-20,US,Tennessee,Lauderdale,598,11,0,35.75893438,-89.63015909999999,47097.0,2332.9302071548395,1.8394648829431441,587,578,10,0,568,572,25825,20,1,0,19,6
2020-08-20,US,Tennessee,Lawrence,678,8,0,35.21675201,-87.39787695,47099.0,1535.9521544107654,1.1799410029498525,670,671,8,0,663,655,43734,7,0,0,7,16
2020-08-20,US,Tennessee,Lewis,98,1,0,35.52853208,-87.49022694,47101.0,798.8262145418976,1.020408163265306,97,93,1,0,92,92,12086,5,0,0,5,1
2020-08-20,US,Tennessee,Lincoln,369,1,0,35.13738622,-86.58910106,47103.0,1073.7356689751498,0.27100271002710025,368,362,1,0,361,351,34117,7,0,0,7,11
2020-08-20,US,Tennessee,Loudon,828,3,0,35.73939663,-84.31145275,47105.0,1531.4048975364356,0.3623188405797101,825,823,3,0,820,819,53054,5,0,0,5,4
2020-08-20,US,Tennessee,Macon,875,14,0,36.53157855,-86.00778595,47111.0,3556.621412893261,1.6,861,876,14,0,862,869,24265,-1,0,0,-1,7
2020-08-20,US,Tennessee,Madison,1487,28,0,35.61181957,-88.84076036,47113.0,1517.5947093403006,1.8829858776059176,1459,1458,28,0,1430,1414,97605,29,0,0,29,44
2020-08-20,US,Tennessee,Marion,278,5,0,35.12997174,-85.62265895,47115.0,961.7047773895596,1.7985611510791366,273,276,5,0,271,262,28575,2,0,0,2,14
2020-08-20,US,Tennessee,Marshall,405,4,0,35.45798777,-86.76420988,47117.0,1178.1818181818182,0.9876543209876544,401,400,4,0,396,373,33683,5,0,0,5,27
2020-08-20,US,Tennessee,Maury,1492,11,0,35.618741299999996,-87.07462444,47119.0,1547.9265876103625,0.7372654155495979,1481,1470,11,0,1459,1449,94340,22,0,0,22,21
2020-08-20,US,Tennessee,McMinn,661,20,0,35.42812616,-84.61520715,47107.0,1228.7615719225196,3.02571860816944,641,651,20,0,631,627,53285,10,0,0,10,24
2020-08-20,US,Tennessee,McNairy,454,7,0,35.17468549,-88.5647812,47109.0,1766.9494823694247,1.5418502202643172,447,445,7,0,438,437,25832,9,0,0,9,8
2020-08-20,US,Tennessee,Meigs,130,1,0,35.51558739,-84.81482914,47121.0,1046.530349380132,0.7692307692307693,129,124,1,0,123,121,12306,6,0,0,6,3
2020-08-20,US,Tennessee,Monroe,562,10,0,35.44550387,-84.24902965,47123.0,1207.4336663443978,1.7793594306049825,552,547,10,0,537,526,46357,15,0,0,15,21
2020-08-20,US,Tennessee,Montgomery,2240,22,0,36.49609412,-87.38550661,47125.0,1071.8062327446373,0.9821428571428572,2218,2212,21,0,2191,2182,205950,28,1,0,27,30
2020-08-20,US,Tennessee,Moore,81,0,0,35.27724699,-86.36230578,47127.0,1248.45869297164,0.0,81,80,0,0,80,77,6411,1,0,0,1,3
2020-08-20,US,Tennessee,Morgan,167,1,0,36.13248031,-84.64880098,47129.0,780.2644489090312,0.5988023952095808,166,162,1,0,161,148,21579,5,0,0,5,14
2020-08-20,US,Tennessee,Obion,716,5,0,36.35732446,-89.14921589,47131.0,2381.1899298280623,0.6983240223463687,711,700,4,0,696,687,30267,16,1,0,15,13
2020-08-20,US,Tennessee,Out of TN,2915,20,0,0.0,0.0,80047.0,0.0,0.6861063464837049,2895,2990,20,0,2970,2982,,-75,0,0,-75,8
2020-08-20,US,Tennessee,Overton,316,1,0,36.34117832,-85.28989535,47133.0,1420.7994244863091,0.3164556962025317,315,307,1,0,306,288,22068,9,0,0,9,19
2020-08-20,US,Tennessee,Perry,93,0,0,35.63708728,-87.86139634,47135.0,1151.5601783060922,0.0,93,93,0,0,93,92,8064,0,0,0,0,1
2020-08-20,US,Tennessee,Pickett,41,1,0,36.55606529,-85.07763299999998,47137.0,812.202852614897,2.4390243902439024,40,41,1,0,40,39,5082,0,0,0,0,2
2020-08-20,US,Tennessee,Polk,294,10,0,35.12245443,-84.52075859,47139.0,1746.6730038022813,3.4013605442176873,284,288,10,0,278,281,16898,6,0,0,6,7
2020-08-20,US,Tennessee,Putnam,2062,22,0,36.14005459,-85.50646123,47141.0,2569.6305065736183,1.066925315227934,2040,2008,22,0,1986,1959,78843,54,0,0,54,49
2020-08-20,US,Tennessee,Rhea,602,2,0,35.60536161,-84.93076643,47143.0,1815.05713510417,0.3322259136212625,600,596,2,0,594,589,33044,6,0,0,6,7
2020-08-20,US,Tennessee,Roane,567,2,0,35.84923189,-84.52458689,47145.0,1062.1557828481511,0.3527336860670194,565,559,2,0,557,545,53140,8,0,0,8,14
2020-08-20,US,Tennessee,Robertson,1694,23,0,36.52454807,-86.87346725,47147.0,2358.9043766448967,1.3577331759149942,1671,1678,23,0,1655,1650,71012,16,0,0,16,28
2020-08-20,US,Tennessee,Rutherford,7300,61,0,35.84591405,-86.4107263,47149.0,2196.909279684608,0.8356164383561644,7239,7223,61,0,7162,7179,324890,77,0,0,77,44
2020-08-20,US,Tennessee,Scott,151,2,0,36.42325673,-84.50360494,47151.0,684.2486858800072,1.3245033112582782,149,145,2,0,143,143,22039,6,0,0,6,2
2020-08-20,US,Tennessee,Sequatchie,132,1,0,35.36979721,-85.41022136,47153.0,878.4773060029283,0.7575757575757576,131,132,1,0,131,128,14876,0,0,0,0,4
2020-08-20,US,Tennessee,Sevier,2108,11,0,35.78077323,-83.52244332,47155.0,2145.547073791349,0.5218216318785579,2097,2096,10,0,2086,2060,97892,12,1,0,11,36
2020-08-20,US,Tennessee,Shelby,25210,346,0,35.1864775,-89.89692423,47157.0,2690.0250329183946,1.3724712415708051,24864,25096,341,0,24755,24905,935764,114,5,0,109,191
2020-08-20,US,Tennessee,Smith,492,7,0,36.25359775,-85.95411046,47159.0,2440.839410626581,1.4227642276422765,485,489,5,0,484,480,19942,3,2,0,1,9
2020-08-20,US,Tennessee,Stewart,89,0,0,36.50235092,-87.83920548,47161.0,648.9245351804592,0.0,89,89,0,0,89,85,13561,0,0,0,0,4
2020-08-20,US,Tennessee,Sullivan,1228,21,0,36.51240691,-82.30412917,47163.0,775.5071109202516,1.710097719869707,1207,1221,20,0,1201,1212,157668,7,1,0,6,9
2020-08-20,US,Tennessee,Sumner,3781,80,0,36.46824103,-86.45917204,47165.0,1976.6523946194905,2.1158423697434543,3701,3730,78,0,3652,3665,187149,51,2,0,49,65
2020-08-20,US,Tennessee,Tipton,1295,13,0,35.501942,-89.73694895,47167.0,2102.306855630773,1.003861003861004,1282,1295,12,0,1283,1274,61581,0,1,0,-1,21
2020-08-20,US,Tennessee,Trousdale,1589,6,0,36.39026213,-86.16087954,47169.0,14081.885856079405,0.3775959723096287,1583,1586,6,0,1580,1587,11012,3,0,0,3,-1
2020-08-20,US,Tennessee,Unassigned,3187,4,0,0.0,0.0,90047.0,0.0,0.12550988390335738,3183,3182,4,0,3178,3157,,5,0,0,5,25
2020-08-20,US,Tennessee,Unicoi,195,0,0,36.10890856,-82.43709629,47171.0,1090.4210702902199,0.0,195,191,0,0,191,184,17761,4,0,0,4,7
2020-08-20,US,Tennessee,Union,196,0,0,36.28590426,-83.83651902,47173.0,981.3739234928901,0.0,196,185,0,0,185,184,19688,11,0,0,11,1
2020-08-20,US,Tennessee,Van Buren,49,0,0,35.69864497,-85.45221699,47175.0,834.4686648501363,0.0,49,46,0,0,46,46,5765,3,0,0,3,0
2020-08-20,US,Tennessee,Warren,669,6,0,35.672829899999996,-85.77969117,47177.0,1620.7573224798316,0.8968609865470852,663,641,6,0,635,629,40878,28,0,0,28,12
2020-08-20,US,Tennessee,Washington,1524,4,0,36.29472368,-82.49454720000001,47179.0,1177.9710144927535,0.2624671916010499,1520,1513,4,0,1509,1476,128607,11,0,0,11,37
2020-08-20,US,Tennessee,Wayne,246,2,0,35.23868267,-87.78644456,47181.0,1475.4393330534397,0.8130081300813008,244,244,2,0,242,238,16558,2,0,0,2,6
2020-08-20,US,Tennessee,Weakley,671,7,0,36.29896232,-88.71990865,47183.0,2013.3221315410465,1.0432190760059612,664,658,7,0,651,637,33415,13,0,0,13,21
2020-08-20,US,Tennessee,White,384,6,0,35.92929884,-85.45591799,47185.0,1404.2786615469006,1.5625,378,364,6,0,358,349,27107,20,0,0,20,15
2020-08-20,US,Tennessee,Williamson,4014,26,0,35.89099229,-86.89281867,47187.0,1683.6400852306092,0.6477329347284504,3988,3979,26,0,3953,3932,231729,35,0,0,35,47
2020-08-20,US,Tennessee,Wilson,2581,27,0,36.15496772,-86.29775884,47189.0,1784.2206046026115,1.046106160402945,2554,2563,26,0,2537,2526,140625,18,1,0,17,37
2020-08-20,US,Texas,Anderson,2416,17,0,31.81534745,-95.65354823,48001.0,4184.636702173725,0.7036423841059603,2399,2423,17,0,2406,2438,58057,-7,0,0,-7,-15
2020-08-20,US,Texas,Andrews,350,7,0,32.30468633,-102.63765479999999,48003.0,1871.1574445335473,2.0,343,346,7,0,339,346,18128,4,0,0,4,0
2020-08-20,US,Texas,Angelina,1953,55,0,31.25457347,-94.60901487,48005.0,2252.205500778412,2.8161802355350742,1898,1930,54,0,1876,1930,87092,23,1,0,22,0
2020-08-20,US,Texas,Aransas,190,16,0,28.10556197,-96.9995047,48007.0,808.1667375584857,8.421052631578947,174,190,16,0,174,190,23792,0,0,0,0,0
2020-08-20,US,Texas,Archer,33,0,0,33.61569967,-98.68754589,48009.0,385.8295334970186,0.0,33,33,0,0,33,33,8786,0,0,0,0,0
2020-08-20,US,Texas,Armstrong,9,0,0,34.96507426,-101.35748740000001,48011.0,476.9475357710652,0.0,9,8,0,0,8,8,1892,1,0,0,1,0
2020-08-20,US,Texas,Atascosa,519,21,0,28.89333001,-98.52730485,48013.0,1014.6032490763004,4.0462427745664735,498,523,20,0,503,519,50310,-4,1,0,-5,4
2020-08-20,US,Texas,Austin,352,4,0,29.88548725,-96.27736949,48015.0,1172.0831113478955,1.1363636363636365,348,344,4,0,340,335,29989,8,0,0,8,9
2020-08-20,US,Texas,Bailey,196,4,0,34.06854817,-102.8299707,48017.0,2800.0,2.0408163265306123,192,195,4,0,191,195,7027,1,0,0,1,0
2020-08-20,US,Texas,Bandera,103,3,0,29.74619598,-99.24598147,48019.0,445.6559363101419,2.9126213592233015,100,102,3,0,99,100,22824,1,0,0,1,2
2020-08-20,US,Texas,Bastrop,1501,25,0,30.10370699,-97.31206354,48021.0,1691.7822886962797,1.665556295802798,1476,1477,24,0,1453,1469,86976,24,1,0,23,8
2020-08-20,US,Texas,Baylor,13,0,0,33.61640794,-99.21352901,48023.0,370.4759190652608,0.0,13,13,0,0,13,13,3582,0,0,0,0,0
2020-08-20,US,Texas,Bee,1438,18,0,28.41761668,-97.74215593,48025.0,4415.783816981422,1.2517385257301807,1420,1429,17,0,1412,1412,32587,9,1,0,8,17
2020-08-20,US,Texas,Bell,4452,51,0,31.03736027,-97.4785025,48027.0,1226.7031113952232,1.1455525606469004,4401,4423,51,0,4372,4369,355642,29,0,0,29,54
2020-08-20,US,Texas,Bexar,44642,957,0,29.44928723,-98.52019748,48029.0,2228.14059416417,2.1437211594462613,43685,44456,935,0,43521,44265,1986049,186,22,0,164,191
2020-08-20,US,Texas,Blanco,128,5,0,30.26640707,-98.3999852,48031.0,1072.8354706227474,3.90625,123,128,5,0,123,127,11702,0,0,0,0,1
2020-08-20,US,Texas,Bosque,193,3,0,31.89978581,-97.63613524,48035.0,1032.9141022210326,1.5544041450777202,190,188,3,0,185,181,18691,5,0,0,5,7
2020-08-20,US,Texas,Bowie,812,40,0,33.44626922,-94.41834132,48037.0,870.8241728779024,4.9261083743842375,772,812,39,0,773,811,94324,0,1,0,-1,1
2020-08-20,US,Texas,Brazoria,8438,121,0,29.18757369,-95.44563172,48039.0,2254.5582797169914,1.4339890969424034,8317,8367,118,0,8249,8303,370200,71,3,0,68,64
2020-08-20,US,Texas,Brazos,4251,53,0,30.663644800000004,-96.30205577,48041.0,1854.623032925994,1.2467654669489532,4198,4225,52,0,4173,4206,226758,26,1,0,25,19
2020-08-20,US,Texas,Brewster,187,2,0,29.81008251,-103.25203259999999,48043.0,2031.9461045311316,1.0695187165775402,185,187,2,0,185,187,9267,0,0,0,0,0
2020-08-20,US,Texas,Briscoe,12,1,0,34.53026962,-101.2084947,48045.0,776.1966364812421,8.333333333333334,11,12,1,0,11,12,1516,0,0,0,0,0
2020-08-20,US,Texas,Brooks,167,9,0,27.03103197,-98.21808402,48047.0,2354.4339489637673,5.389221556886229,158,152,9,0,143,151,7114,15,0,0,15,1
2020-08-20,US,Texas,Brown,427,19,0,31.77430356,-98.99907113,48049.0,1127.720261990281,4.4496487119437935,408,427,18,0,409,419,37924,0,1,0,-1,8
2020-08-20,US,Texas,Burleson,266,6,0,30.49273808,-96.62158484,48051.0,1442.2816244645667,2.255639097744361,260,265,6,0,259,257,18389,1,0,0,1,8
2020-08-20,US,Texas,Burnet,595,11,0,30.78801353,-98.181887,48053.0,1235.5933963243692,1.8487394957983196,584,586,11,0,575,578,47542,9,0,0,9,8
2020-08-20,US,Texas,Caldwell,1195,30,0,29.83668859,-97.61814775,48055.0,2736.8083547086844,2.510460251046025,1165,1195,30,0,1165,1189,43247,0,0,0,0,6
2020-08-20,US,Texas,Calhoun,565,7,0,28.47048236,-96.61633945,48057.0,2653.828088304368,1.2389380530973448,558,562,7,0,555,558,21561,3,0,0,3,4
2020-08-20,US,Texas,Callahan,56,3,0,32.29760619,-99.37326312,48059.0,401.63522914724234,5.357142857142857,53,56,3,0,53,56,13994,0,0,0,0,0
2020-08-20,US,Texas,Cameron,18559,611,0,26.14524221,-97.48140372,48061.0,4385.78042031085,3.292203243709252,17948,18338,602,0,17736,18170,423908,221,9,0,212,168
2020-08-20,US,Texas,Camp,270,7,0,32.97195142,-94.97790104,48063.0,2062.0131357873834,2.592592592592593,263,262,7,0,255,255,13033,8,0,0,8,7
2020-08-20,US,Texas,Carson,17,0,0,35.40365929,-101.35426690000001,48065.0,286.87141410732363,0.0,17,17,0,0,17,17,6005,0,0,0,0,0
2020-08-20,US,Texas,Cass,218,9,0,33.07499881,-94.34646905,48067.0,726.0374342236728,4.128440366972477,209,213,9,0,204,206,30119,5,0,0,5,7
2020-08-20,US,Texas,Castro,209,4,0,34.53016752,-102.2617243,48069.0,2775.5644090305445,1.9138755980861244,205,210,4,0,206,210,7665,-1,0,0,-1,0
2020-08-20,US,Texas,Chambers,1080,5,0,29.70972016,-94.67154501,48071.0,2463.672240344914,0.462962962962963,1075,1054,5,0,1049,1028,42454,26,0,0,26,26
2020-08-20,US,Texas,Cherokee,1307,13,0,31.837258000000002,-95.16559897,48073.0,2482.619762185161,0.9946442234123948,1294,1284,12,0,1272,1262,52592,23,1,0,22,22
2020-08-20,US,Texas,Childress,53,0,0,34.529304100000004,-100.2077916,48075.0,725.4311524774158,0.0,53,53,0,0,53,53,7291,0,0,0,0,0
2020-08-20,US,Texas,Clay,51,1,0,33.78686685,-98.20771198,48077.0,487.0594976602044,1.96078431372549,50,50,1,0,49,47,10456,1,0,0,1,3
2020-08-20,US,Texas,Cochran,35,0,0,33.60425307,-102.82844990000001,48079.0,1226.7788293024887,0.0,35,35,0,0,35,34,2836,0,0,0,0,1
2020-08-20,US,Texas,Coke,44,2,0,31.88911733,-100.5297533,48081.0,1299.0847357543546,4.545454545454546,42,43,2,0,41,43,3370,1,0,0,1,0
2020-08-20,US,Texas,Coleman,37,1,0,31.76736834,-99.45240766,48083.0,452.59938837920487,2.702702702702702,36,37,1,0,36,37,8397,0,0,0,0,0
2020-08-20,US,Texas,Collin,10451,106,0,33.18820114,-96.57264368,48085.0,1010.0219380901297,1.01425700889867,10345,10412,105,0,10307,10379,1005146,39,1,0,38,33
2020-08-20,US,Texas,Collingsworth,16,0,0,34.96489496,-100.27001109999999,48087.0,547.9452054794519,0.0,16,15,0,0,15,14,2962,1,0,0,1,1
2020-08-20,US,Texas,Colorado,378,3,0,29.622097999999998,-96.5273805,48089.0,1758.7121388358999,0.7936507936507936,375,370,2,0,368,364,21217,8,1,0,7,6
2020-08-20,US,Texas,Comal,2256,91,0,29.80811278,-98.27647225,48091.0,1444.2189630559058,4.033687943262412,2165,2200,88,0,2112,2132,148373,56,3,0,53,68
2020-08-20,US,Texas,Comanche,183,3,0,31.94854689,-98.55876441,48093.0,1342.134213421342,1.639344262295082,180,182,3,0,179,182,13534,1,0,0,1,0
2020-08-20,US,Texas,Concho,36,0,0,31.32635934,-99.86473038,48095.0,1320.6162876008805,0.0,36,36,0,0,36,36,4276,0,0,0,0,0
2020-08-20,US,Texas,Cooke,283,3,0,33.63979567,-97.21240912,48097.0,685.9442034079067,1.060070671378092,280,282,3,0,279,282,40574,1,0,0,1,0
2020-08-20,US,Texas,Coryell,763,6,0,31.39078397,-97.79936155,48099.0,1004.5950678727072,0.7863695937090432,757,739,6,0,733,737,74808,24,0,0,24,2
2020-08-20,US,Texas,Cottle,18,2,0,34.07783319,-100.27850620000001,48101.0,1287.5536480686694,11.111111111111109,16,18,2,0,16,18,1389,0,0,0,0,0
2020-08-20,US,Texas,Crane,71,2,0,31.43052248,-102.5143314,48103.0,1480.091723994163,2.8169014084507036,69,70,2,0,68,70,4794,1,0,0,1,0
2020-08-20,US,Texas,Crockett,157,4,0,30.72367027,-101.4134238,48105.0,4532.332563510393,2.5477707006369426,153,157,4,0,153,157,3499,0,0,0,0,0
2020-08-20,US,Texas,Crosby,72,1,0,33.61431553,-101.30003640000001,48107.0,1255.0113299633956,1.3888888888888888,71,72,1,0,71,69,5779,0,0,0,0,3
2020-08-20,US,Texas,Culberson,22,2,0,31.44506775,-104.5185739,48109.0,1013.3578995854443,9.090909090909092,20,22,2,0,20,22,2204,0,0,0,0,0
2020-08-20,US,Texas,Dallam,199,6,0,36.27787176,-102.60207249999999,48111.0,2730.8906271442293,3.0150753768844223,193,199,6,0,193,199,7200,0,0,0,0,0
2020-08-20,US,Texas,Dallas,66772,854,0,32.76670599,-96.77796049999999,48113.0,2533.5456130791845,1.278979212843707,65918,66464,843,0,65621,66065,2637772,308,11,0,297,399
2020-08-20,US,Texas,Dawson,181,7,0,32.74255572,-101.94772420000001,48115.0,1422.0615964802012,3.867403314917127,174,177,7,0,170,172,12619,4,0,0,4,5
2020-08-20,US,Texas,DeWitt,777,23,0,29.08101855,-97.35681170000001,48123.0,3854.166666666666,2.9601029601029603,754,763,23,0,740,760,20187,14,0,0,14,3
2020-08-20,US,Texas,Deaf Smith,761,19,0,34.96522957,-102.6054267,48117.0,4103.31068694058,2.4967148488830486,742,754,19,0,735,738,18760,7,0,0,7,16
2020-08-20,US,Texas,Delta,18,0,0,33.38570922,-95.66921122,48119.0,337.64772087788407,0.0,18,17,0,0,17,17,5349,1,0,0,1,0
2020-08-20,US,Texas,Denton,8841,109,0,33.20521901,-97.11691153,48121.0,996.497998775934,1.2328922067639407,8732,8690,107,0,8583,8584,859064,151,2,0,149,106
2020-08-20,US,Texas,Dickens,5,1,0,33.61616822,-100.7788855,48125.0,226.14201718679334,20.0,4,5,1,0,4,5,2249,0,0,0,0,0
2020-08-20,US,Texas,Dimmit,169,4,0,28.42270064,-99.75645095,48127.0,1669.3006716712762,2.366863905325444,165,168,4,0,164,167,10308,1,0,0,1,1
2020-08-20,US,Texas,Donley,50,1,0,34.96517499,-100.8140093,48129.0,1525.320317266626,2.0,49,49,1,0,48,49,3319,1,0,0,1,0
2020-08-20,US,Texas,Duval,212,7,0,27.68184592,-98.50864568,48131.0,1900.1523707089718,3.30188679245283,205,211,7,0,204,205,11212,1,0,0,1,6
2020-08-20,US,Texas,Eastland,100,1,0,32.32743996,-98.83243566,48133.0,544.6623093681917,1.0,99,98,1,0,97,98,18322,2,0,0,2,0
2020-08-20,US,Texas,Ector,3958,64,0,31.86898877,-102.54294279999999,48135.0,2381.138590929053,1.6169782718544718,3894,3931,64,0,3867,3889,162124,27,0,0,27,42
2020-08-20,US,Texas,Edwards,30,0,0,29.98202582,-100.304252,48137.0,1552.7950310559006,0.0,30,30,0,0,30,30,1928,0,0,0,0,0
2020-08-20,US,Texas,El Paso,19057,382,0,31.76980765,-106.23632749999999,48141.0,2270.750371170037,2.0045127774571023,18675,18914,372,0,18542,18682,840758,143,10,0,133,232
2020-08-20,US,Texas,Ellis,3445,54,0,32.34894117,-96.79371841,48139.0,1863.9152500189368,1.567489114658926,3391,3427,53,0,3374,3433,179436,18,1,0,17,-6
2020-08-20,US,Texas,Erath,602,7,0,32.23602653,-98.21773417,48143.0,1409.9021031430045,1.162790697674419,595,602,7,0,595,603,42446,0,0,0,0,-1
2020-08-20,US,Texas,Falls,151,3,0,31.25350609,-96.93630086,48145.0,872.9837544082789,1.9867549668874167,148,149,3,0,146,146,17335,2,0,0,2,3
2020-08-20,US,Texas,Fannin,371,10,0,33.59564294,-96.10751083,48147.0,1044.6584445570759,2.6954177897574123,361,355,10,0,345,352,35286,16,0,0,16,3
2020-08-20,US,Texas,Fayette,431,15,0,29.87788372,-96.92076062,48149.0,1700.4655566953365,3.480278422273782,416,418,15,0,403,411,25349,13,0,0,13,7
2020-08-20,US,Texas,Fisher,45,1,0,32.74281316,-100.40193020000001,48151.0,1174.934725848564,2.2222222222222223,44,42,1,0,41,36,3839,3,0,0,3,6
2020-08-20,US,Texas,Floyd,97,7,0,34.07227468,-101.3031546,48153.0,1698.1792717086835,7.216494845360825,90,96,7,0,89,94,5837,1,0,0,1,2
2020-08-20,US,Texas,Foard,3,0,0,33.97308618,-99.7767797,48155.0,259.7402597402597,0.0,3,3,0,0,3,3,1200,0,0,0,0,0
2020-08-20,US,Texas,Fort Bend,13688,204,0,29.52704478,-95.77219463,48157.0,1686.362247563103,1.4903565166569257,13484,13605,198,0,13407,13034,787858,83,6,0,77,571
2020-08-20,US,Texas,Franklin,100,4,0,33.17653242,-95.21917243,48159.0,932.4009324009323,4.0,96,99,4,0,95,98,10766,1,0,0,1,1
2020-08-20,US,Texas,Freestone,199,0,0,31.70422788,-96.15072516,48161.0,1009.2813308312624,0.0,199,191,0,0,191,187,19808,8,0,0,8,4
2020-08-20,US,Texas,Frio,604,7,0,28.86751206,-99.10804207,48163.0,2974.490298433961,1.1589403973509933,597,604,7,0,597,588,19816,0,0,0,0,16
2020-08-20,US,Texas,Gaines,216,4,0,32.74055318,-102.6353295,48165.0,1005.0251256281407,1.851851851851852,212,209,4,0,205,199,20901,7,0,0,7,10
2020-08-20,US,Texas,Galveston,10283,129,0,29.40167322,-94.90469073,48167.0,3005.503611105428,1.2544977146747058,10154,10212,128,0,10084,10135,337890,71,1,0,70,77
2020-08-20,US,Texas,Garza,101,3,0,33.17969345,-101.2984114,48169.0,1621.4480655000802,2.9702970297029703,98,101,3,0,98,101,6578,0,0,0,0,0
2020-08-20,US,Texas,Gillespie,192,6,0,30.31824095,-98.94676915,48171.0,711.4273010226767,3.125,186,191,6,0,185,190,26804,1,0,0,1,1
2020-08-20,US,Texas,Glasscock,6,0,0,31.86942909,-101.5207776,48173.0,425.83392476934,0.0,6,6,0,0,6,6,1388,0,0,0,0,0
2020-08-20,US,Texas,Goliad,121,6,0,28.65696592,-97.42760647,48175.0,1580.0470096630975,4.958677685950414,115,121,6,0,115,121,7584,0,0,0,0,0
2020-08-20,US,Texas,Gonzales,749,11,0,29.45634206,-97.49424032,48177.0,3594.5673561453186,1.4686248331108145,738,750,11,0,739,738,20826,-1,0,0,-1,12
2020-08-20,US,Texas,Gray,235,3,0,35.40081878,-100.8129222,48179.0,1073.7457735538699,1.2765957446808511,232,232,2,0,230,230,21895,3,1,0,2,2
2020-08-20,US,Texas,Grayson,1344,17,0,33.62744998,-96.67753461,48181.0,986.6972072945116,1.2648809523809523,1327,1322,17,0,1305,1298,133991,22,0,0,22,24
2020-08-20,US,Texas,Gregg,1728,38,0,32.47940482,-94.81591935,48183.0,1394.1667675178508,2.1990740740740744,1690,1719,34,0,1685,1680,123707,9,4,0,5,39
2020-08-20,US,Texas,Grimes,952,29,0,30.54579585,-95.98902499,48185.0,3296.398891966759,3.0462184873949583,923,936,29,0,907,935,28360,16,0,0,16,1
2020-08-20,US,Texas,Guadalupe,1840,64,0,29.58165339,-97.94786822,48187.0,1102.806763082345,3.4782608695652173,1776,1816,61,0,1755,1810,163694,24,3,0,21,6
2020-08-20,US,Texas,Hale,1532,36,0,34.07044901,-101.82681140000001,48189.0,4586.00251451835,2.3498694516971277,1496,1520,33,0,1487,1491,33830,12,3,0,9,29
2020-08-20,US,Texas,Hall,15,1,0,34.5307555,-100.68138520000001,48191.0,506.07287449392715,6.666666666666668,14,15,1,0,14,15,3028,0,0,0,0,0
2020-08-20,US,Texas,Hamilton,97,3,0,31.70470573,-98.11083887,48193.0,1146.436591419454,3.0927835051546397,94,97,3,0,94,96,8484,0,0,0,0,1
2020-08-20,US,Texas,Hansford,99,2,0,36.27743284,-101.3545796,48195.0,1833.6729023893313,2.0202020202020203,97,98,2,0,96,97,5463,1,0,0,1,1
2020-08-20,US,Texas,Hardeman,22,0,0,34.28944521,-99.74632408,48197.0,559.3694380879734,0.0,22,22,0,0,22,22,3922,0,0,0,0,0
2020-08-20,US,Texas,Hardin,1177,18,0,30.33364686,-94.38931817,48199.0,2043.331828755946,1.5293118096856415,1159,1156,18,0,1138,1144,57207,21,0,0,21,12
2020-08-20,US,Texas,Harris,95631,1953,0,29.85864939,-95.39339521,48201.0,2028.9498390202245,2.042224801581077,93678,94676,1920,0,92756,93872,4698619,955,33,0,922,804
2020-08-20,US,Texas,Harrison,760,26,0,32.54935988,-94.36934071,48203.0,1141.947019668535,3.421052631578948,734,753,24,0,729,749,66726,7,2,0,5,4
2020-08-20,US,Texas,Hartley,97,0,0,35.84008013,-102.6029022,48205.0,1739.5982783357244,0.0,97,97,0,0,97,95,5619,0,0,0,0,2
2020-08-20,US,Texas,Haskell,51,0,0,33.17823584,-99.73037358,48207.0,901.3785790031814,0.0,51,53,0,0,53,53,5813,-2,0,0,-2,0
2020-08-20,US,Texas,Hays,5230,47,0,30.05669873,-98.02944344,48209.0,2272.026273833469,0.8986615678776291,5183,5210,46,0,5164,5192,222631,20,1,0,19,18
2020-08-20,US,Texas,Hemphill,47,0,0,35.83764858,-100.2703577,48211.0,1230.688661953391,0.0,47,47,0,0,47,45,3825,0,0,0,0,2
2020-08-20,US,Texas,Henderson,741,13,0,32.21128872,-95.85846587,48213.0,895.6089778454622,1.7543859649122806,728,726,13,0,713,712,82299,15,0,0,15,14
2020-08-20,US,Texas,Hidalgo,23513,1048,0,26.39418217,-98.18299696,48215.0,2706.666344348555,4.457108833411303,22465,23116,1019,0,22097,22826,865939,397,29,0,368,290
2020-08-20,US,Texas,Hill,343,7,0,31.99045053,-97.13423143,48217.0,935.9054817321072,2.0408163265306123,336,343,7,0,336,341,36354,0,0,0,0,2
2020-08-20,US,Texas,Hockley,232,5,0,33.60771256,-102.3431676,48219.0,1007.7755093175797,2.155172413793104,227,230,5,0,225,228,22980,2,0,0,2,2
2020-08-20,US,Texas,Hood,668,15,0,32.42990927,-97.83242024,48221.0,1083.6591340460393,2.245508982035928,653,664,14,0,650,665,60537,4,1,0,3,-1
2020-08-20,US,Texas,Hopkins,227,3,0,33.14875072,-95.56351139,48223.0,612.12382698738,1.3215859030837005,224,223,3,0,220,222,36810,4,0,0,4,1
2020-08-20,US,Texas,Houston,325,8,0,31.31925973,-95.42226208,48225.0,1415.0121908742599,2.4615384615384617,317,324,8,0,316,323,23169,1,0,0,1,1
2020-08-20,US,Texas,Howard,229,8,0,32.30621324,-101.4356444,48227.0,624.590879336679,3.4934497816593884,221,226,8,0,218,217,36459,3,0,0,3,9
2020-08-20,US,Texas,Hudspeth,36,2,0,31.45628381,-105.388178,48229.0,736.7990176013099,5.5555555555555545,34,36,2,0,34,35,4795,0,0,0,0,1
2020-08-20,US,Texas,Hunt,1310,23,0,33.12351514,-96.08551032,48231.0,1328.6812584944314,1.7557251908396947,1287,1301,23,0,1278,1284,96493,9,0,0,9,17
2020-08-20,US,Texas,Hutchinson,137,3,0,35.84006574,-101.3546643,48233.0,654.3127328302608,2.18978102189781,134,133,3,0,130,133,21198,4,0,0,4,0
2020-08-20,US,Texas,Irion,9,0,0,31.30375559,-100.982439,48235.0,585.9375,0.0,9,9,0,0,9,9,1522,0,0,0,0,0
2020-08-20,US,Texas,Jack,103,0,0,33.23377248,-98.17283469,48237.0,1152.7700055959708,0.0,103,102,0,0,102,102,8843,1,0,0,1,0
2020-08-20,US,Texas,Jackson,463,13,0,28.95472367,-96.57749563,48239.0,3136.8563685636855,2.8077753779697625,450,443,12,0,431,438,14874,20,1,0,19,5
2020-08-20,US,Texas,Jasper,377,16,0,30.74685667,-94.02667579,48241.0,1061.1050128064398,4.244031830238727,361,370,15,0,355,362,35872,7,1,0,6,8
2020-08-20,US,Texas,Jeff Davis,8,0,0,30.71490589,-104.1399973,48243.0,351.8029903254178,0.0,8,8,0,0,8,8,2252,0,0,0,0,0
2020-08-20,US,Texas,Jefferson,6388,97,0,29.8832777,-94.16434171,48245.0,2539.3039572277544,1.5184721352536006,6291,6360,96,0,6264,6316,255001,28,1,0,27,44
2020-08-20,US,Texas,Jim Hogg,69,2,0,27.04453923,-98.69681870000001,48247.0,1326.923076923077,2.898550724637681,67,68,2,0,66,65,5248,1,0,0,1,3
2020-08-20,US,Texas,Jim Wells,899,20,0,27.73103938,-98.0904705,48249.0,2220.740082011758,2.2246941045606228,879,879,19,0,860,872,40822,20,1,0,19,7
2020-08-20,US,Texas,Johnson,2346,36,0,32.37877812,-97.36615819,48251.0,1334.341957831154,1.5345268542199488,2310,2327,35,0,2292,2320,171361,19,1,0,18,7
2020-08-20,US,Texas,Jones,607,0,0,32.73997145,-99.87861576,48253.0,3022.4568042623114,0.0,607,605,0,0,605,603,19817,2,0,0,2,2
2020-08-20,US,Texas,Karnes,694,10,0,28.90705334,-97.85960149,48255.0,4448.432792769694,1.4409221902017288,684,693,10,0,683,691,15650,1,0,0,1,2
2020-08-20,US,Texas,Kaufman,2620,32,0,32.599141700000004,-96.28734728,48257.0,1924.291610969931,1.2213740458015268,2588,2607,32,0,2575,2606,128622,13,0,0,13,1
2020-08-20,US,Texas,Kendall,183,4,0,29.94414155,-98.7113588,48259.0,385.8236174653708,2.1857923497267757,179,186,4,0,182,185,45641,-3,0,0,-3,1
2020-08-20,US,Texas,Kenedy,7,1,0,26.92601662,-97.66413984,48261.0,1732.6732673267327,14.285714285714285,6,7,1,0,6,7,442,0,0,0,0,0
2020-08-20,US,Texas,Kent,4,0,0,33.18104136,-100.7780939,48263.0,524.9343832020999,0.0,4,4,0,0,4,4,726,0,0,0,0,0
2020-08-20,US,Texas,Kerr,422,7,0,30.06040006,-99.34930144,48265.0,802.2813688212927,1.6587677725118484,415,419,6,0,413,418,52405,3,1,0,2,1
2020-08-20,US,Texas,Kimble,16,1,0,30.48678918,-99.74856473,48267.0,368.9186073322573,6.25,15,16,1,0,15,16,4362,0,0,0,0,0
2020-08-20,US,Texas,Kinney,22,0,0,29.34967888,-100.41866379999999,48271.0,599.9454595036815,0.0,22,21,0,0,21,21,3767,1,0,0,1,0
2020-08-20,US,Texas,Kleberg,541,20,0,27.42435506,-97.69894948,48273.0,1763.3637548891784,3.696857670979667,521,529,19,0,510,517,31129,12,1,0,11,12
2020-08-20,US,Texas,Knox,62,5,0,33.60519951,-99.74229059999999,48275.0,1692.1397379912664,8.064516129032258,57,62,5,0,57,62,3653,0,0,0,0,0
2020-08-20,US,Texas,La Salle,368,2,0,28.34453111,-99.09908775,48283.0,4893.617021276597,0.5434782608695652,366,367,2,0,365,364,7531,1,0,0,1,3
2020-08-20,US,Texas,Lamar,766,20,0,33.66981763,-95.57404777,48277.0,1536.3324575302356,2.610966057441253,746,743,19,0,724,730,49728,23,1,0,22,13
2020-08-20,US,Texas,Lamb,256,18,0,34.06859623,-102.35162890000001,48279.0,1985.5735670518886,7.03125,238,255,18,0,237,249,13158,1,0,0,1,6
2020-08-20,US,Texas,Lampasas,137,5,0,31.19531316,-98.24206613,48281.0,639.3503826768714,3.6496350364963503,132,132,5,0,127,132,21229,5,0,0,5,0
2020-08-20,US,Texas,Lavaca,656,27,0,29.38508402,-96.93186692,48285.0,3254.936985213853,4.115853658536587,629,657,27,0,630,650,20110,-1,0,0,-1,7
2020-08-20,US,Texas,Lee,187,13,0,30.31120597,-96.97045773,48287.0,1084.749695457973,6.951871657754011,174,186,12,0,174,183,17144,1,1,0,0,3
2020-08-20,US,Texas,Leon,161,3,0,31.29872538,-95.9936328,48289.0,925.0746954723053,1.8633540372670807,158,159,3,0,156,159,17270,2,0,0,2,0
2020-08-20,US,Texas,Liberty,1206,39,0,30.15152688,-94.81205615,48291.0,1367.0524490189187,3.2338308457711444,1167,1183,39,0,1144,1132,86323,23,0,0,23,51
2020-08-20,US,Texas,Limestone,337,5,0,31.5454767,-96.58095444,48293.0,1437.8973418099586,1.483679525222552,332,320,4,0,316,318,23519,17,1,0,16,2
2020-08-20,US,Texas,Lipscomb,22,0,0,36.27783108,-100.27331509999999,48295.0,680.4825239715435,0.0,22,22,0,0,22,22,3355,0,0,0,0,0
2020-08-20,US,Texas,Live Oak,255,5,0,28.35101362,-98.1246786,48297.0,2088.9653477512893,1.96078431372549,250,240,5,0,235,240,12166,15,0,0,15,0
2020-08-20,US,Texas,Llano,95,1,0,30.70645047,-98.68475262,48299.0,435.879788942418,1.0526315789473684,94,95,1,0,94,92,21646,0,0,0,0,3
2020-08-20,US,Texas,Lubbock,6706,82,0,33.61008596,-101.82047890000001,48303.0,2159.2625149322694,1.2227855651655235,6624,6656,82,0,6574,6542,307412,50,0,0,50,114
2020-08-20,US,Texas,Lynn,76,4,0,33.17657705,-101.8162849,48305.0,1277.0962863384304,5.2631578947368425,72,75,4,0,71,74,5877,1,0,0,1,1
2020-08-20,US,Texas,Madison,685,3,0,30.96694679,-95.93003775,48313.0,4795.575469056287,0.4379562043795621,682,685,3,0,682,684,14422,0,0,0,0,1
2020-08-20,US,Texas,Marion,136,10,0,32.79868409,-94.35661230000001,48315.0,1380.1501928151004,7.352941176470589,126,136,10,0,126,136,9928,0,0,0,0,0
2020-08-20,US,Texas,Martin,68,5,0,32.30600051,-101.9513518,48317.0,1178.305319701958,7.352941176470589,63,68,5,0,63,69,5753,0,0,0,0,-1
2020-08-20,US,Texas,Mason,64,0,0,30.71780434,-99.22629416,48319.0,1497.4262985493685,0.0,64,63,0,0,63,63,4280,1,0,0,1,0
2020-08-20,US,Texas,Matagorda,848,37,0,28.81955746,-96.01230294,48321.0,2314.2209971890948,4.363207547169812,811,845,37,0,808,840,36552,3,0,0,3,5
2020-08-20,US,Texas,Maverick,2596,57,0,28.7429195,-100.3157686,48323.0,4420.830353189605,2.1956856702619416,2539,2596,57,0,2539,2596,58485,0,0,0,0,0
2020-08-20,US,Texas,McCulloch,71,1,0,31.1925468,-99.34682807,48307.0,889.2785571142284,1.4084507042253518,70,69,1,0,68,63,7987,2,0,0,2,6
2020-08-20,US,Texas,McLennan,5547,69,0,31.55255453,-97.20217694,48309.0,2161.5365731052943,1.2439156300703085,5478,5435,67,0,5368,5372,254607,112,2,0,110,63
2020-08-20,US,Texas,McMullen,10,0,0,28.35251708,-98.56769164,48311.0,1345.8950201884254,0.0,10,10,0,0,10,10,749,0,0,0,0,0
2020-08-20,US,Texas,Medina,1063,33,0,29.355730100000002,-99.11030298,48325.0,2060.716501240695,3.104421448730009,1030,1056,33,0,1023,1002,50921,7,0,0,7,54
2020-08-20,US,Texas,Menard,19,0,0,30.88990665,-99.82047940000001,48327.0,888.6810102899907,0.0,19,19,0,0,19,19,2139,0,0,0,0,0
2020-08-20,US,Texas,Midland,3011,61,0,31.86904128,-102.03156820000001,48329.0,1702.7461093014838,2.025905014945201,2950,2978,61,0,2917,2953,172578,33,0,0,33,25
2020-08-20,US,Texas,Milam,396,4,0,30.78581830000001,-96.97718698,48331.0,1595.2946863795673,1.0101010101010102,392,391,4,0,387,374,25131,5,0,0,5,17
2020-08-20,US,Texas,Mills,30,0,0,31.49557106,-98.59272068,48333.0,615.637184485943,0.0,30,27,0,0,27,27,4921,3,0,0,3,0
2020-08-20,US,Texas,Mitchell,72,1,0,32.30623474,-100.9212058,48335.0,842.5980105324751,1.3888888888888888,71,71,1,0,70,70,8145,1,0,0,1,1
2020-08-20,US,Texas,Montague,96,2,0,33.67521893,-97.72500958,48337.0,484.4081138359068,2.083333333333333,94,89,2,0,87,89,19596,7,0,0,7,0
2020-08-20,US,Texas,Montgomery,7743,110,0,30.30079133,-95.50572772,48339.0,1274.7966301772665,1.4206379956089368,7633,7533,109,0,7424,7327,590925,210,1,0,209,206
2020-08-20,US,Texas,Moore,1100,15,0,35.83769242,-101.8930281,48341.0,5253.104106972301,1.3636363636363635,1085,1096,14,0,1082,1092,21485,4,1,0,3,4
2020-08-20,US,Texas,Morris,137,3,0,33.11304005,-94.73255695,48343.0,1105.9089441394901,2.18978102189781,134,135,3,0,132,135,12339,2,0,0,2,0
2020-08-20,US,Texas,Motley,6,0,0,34.07408766,-100.77972199999999,48345.0,500.0,0.0,6,6,0,0,6,6,1234,0,0,0,0,0
2020-08-20,US,Texas,Nacogdoches,1244,44,0,31.62017125,-94.61803994,48347.0,1907.858413594258,3.536977491961415,1200,1226,44,0,1182,1221,65711,18,0,0,18,5
2020-08-20,US,Texas,Navarro,1003,13,0,32.04620681,-96.47428766,48349.0,2001.4766627422027,1.296111665004985,990,991,13,0,978,981,49565,12,0,0,12,10
2020-08-20,US,Texas,Newton,157,6,0,30.78548982,-93.74408813,48351.0,1154.836336888562,3.8216560509554136,151,124,4,0,120,124,13746,33,2,0,31,0
2020-08-20,US,Texas,Nolan,143,4,0,32.30365282,-100.4060208,48353.0,971.8635313307054,2.797202797202797,139,142,4,0,138,141,14751,1,0,0,1,1
2020-08-20,US,Texas,Nueces,17600,303,0,27.736286,-97.5433285,48355.0,4857.933059890586,1.7215909090909092,17297,17494,300,0,17194,17322,362265,106,3,0,103,172
2020-08-20,US,Texas,Ochiltree,101,2,0,36.27829105,-100.8158184,48357.0,1026.8401789345262,1.98019801980198,99,100,2,0,98,100,9947,1,0,0,1,0
2020-08-20,US,Texas,Oldham,14,1,0,35.40425596,-102.6027606,48359.0,662.8787878787879,7.142857142857142,13,15,1,0,14,14,2131,-1,0,0,-1,1
2020-08-20,US,Texas,Orange,1651,31,0,30.11879481,-93.89412775,48361.0,1979.7112571346347,1.877649909145972,1620,1639,30,0,1609,1624,83572,12,1,0,11,15
2020-08-20,US,Texas,Palo Pinto,392,10,0,32.75310985,-98.31319001,48363.0,1342.9716674089555,2.5510204081632653,382,388,10,0,378,378,28875,4,0,0,4,10
2020-08-20,US,Texas,Panola,302,18,0,32.163959600000005,-94.30552481,48365.0,1302.0608778132275,5.960264900662253,284,301,18,0,283,301,23148,1,0,0,1,0
2020-08-20,US,Texas,Parker,1531,20,0,32.77757172,-97.80500621,48367.0,1071.5435546410224,1.3063357282821686,1511,1502,20,0,1482,1492,138371,29,0,0,29,10
2020-08-20,US,Texas,Parmer,366,7,0,34.52993409,-102.78446679999999,48369.0,3810.5153565851124,1.9125683060109289,359,366,7,0,359,363,9864,0,0,0,0,3
2020-08-20,US,Texas,Pecos,268,2,0,30.78097267,-102.72412609999999,48371.0,1693.7369651772735,0.746268656716418,266,267,2,0,265,263,15673,1,0,0,1,4
2020-08-20,US,Texas,Polk,773,15,0,30.79472531,-94.82766240000001,48373.0,1505.2674624656788,1.9404915912031049,758,772,14,0,758,772,50031,1,1,0,0,0
2020-08-20,US,Texas,Potter,3901,51,0,35.40133773,-101.893964,48375.0,3322.4034407869517,1.307357087926173,3850,3886,51,0,3835,3866,119648,15,0,0,15,20
2020-08-20,US,Texas,Presidio,50,4,0,29.99954402,-104.24080790000001,48377.0,745.8233890214798,8.0,46,50,4,0,46,49,6948,0,0,0,0,1
2020-08-20,US,Texas,Rains,55,1,0,32.87109387,-95.79232691,48379.0,439.5077513185233,1.818181818181818,54,55,1,0,54,54,12159,0,0,0,0,1
2020-08-20,US,Texas,Randall,1992,25,0,34.96585996,-101.8971322,48381.0,1446.4865335879695,1.2550200803212852,1967,1978,25,0,1953,1927,136271,14,0,0,14,51
2020-08-20,US,Texas,Reagan,70,5,0,31.36607041,-101.52326590000001,48383.0,1818.6541958950372,7.142857142857142,65,68,5,0,63,66,3741,2,0,0,2,2
2020-08-20,US,Texas,Real,91,5,0,29.83321503,-99.82018052,48385.0,2636.1529548088065,5.494505494505495,86,91,4,0,87,91,3478,0,1,0,-1,0
2020-08-20,US,Texas,Red River,140,13,0,33.61886692,-95.04841765,48387.0,1164.4348332362972,9.285714285714286,127,140,13,0,127,140,12175,0,0,0,0,0
2020-08-20,US,Texas,Reeves,158,5,0,31.32323325,-103.69038959999999,48389.0,988.9834752128193,3.1645569620253164,153,157,5,0,152,154,15695,1,0,0,1,3
2020-08-20,US,Texas,Refugio,247,9,0,28.323897600000002,-97.15766311,48391.0,3554.979850316638,3.643724696356276,238,246,9,0,237,246,7032,1,0,0,1,0
2020-08-20,US,Texas,Roberts,6,0,0,35.83809685,-100.813175,48393.0,702.5761124121782,0.0,6,6,0,0,6,6,903,0,0,0,0,0
2020-08-20,US,Texas,Robertson,241,3,0,31.02539637,-96.51272246,48395.0,1411.5028698606068,1.2448132780082988,238,241,3,0,238,240,17284,0,0,0,0,1
2020-08-20,US,Texas,Rockwall,1246,18,0,32.89779518,-96.40771592,48397.0,1187.6280798741839,1.4446227929373996,1228,1243,17,0,1226,1241,100657,3,1,0,2,2
2020-08-20,US,Texas,Runnels,170,3,0,31.8314342,-99.97616148,48399.0,1656.274356975838,1.7647058823529411,167,166,3,0,163,169,10234,4,0,0,4,-3
2020-08-20,US,Texas,Rusk,433,3,0,32.10773545,-94.76176432,48401.0,795.8681027827812,0.6928406466512702,430,420,3,0,417,409,54450,13,0,0,13,11
2020-08-20,US,Texas,Sabine,69,6,0,31.34318809,-93.85440451,48403.0,654.5247581104155,8.695652173913043,63,69,6,0,63,66,10589,0,0,0,0,3
2020-08-20,US,Texas,San Augustine,185,12,0,31.39457611,-94.17000399,48405.0,2245.96333616608,6.486486486486488,173,181,12,0,169,181,8232,4,0,0,4,0
2020-08-20,US,Texas,San Jacinto,191,8,0,30.57933681,-95.16260304,48407.0,661.8385945458956,4.18848167539267,183,191,8,0,183,189,28719,0,0,0,0,2
2020-08-20,US,Texas,San Patricio,1168,48,0,28.00880118,-97.51763891,48409.0,1750.3371796793049,4.109589041095891,1120,1168,44,0,1124,1141,66893,0,4,0,-4,27
2020-08-20,US,Texas,San Saba,31,0,0,31.1577796,-98.81758731,48411.0,511.9735755573906,0.0,31,29,0,0,29,29,6054,2,0,0,2,0
2020-08-20,US,Texas,Schleicher,36,1,0,30.89740592,-100.5384842,48413.0,1288.936627282492,2.7777777777777777,35,36,1,0,35,36,2895,0,0,0,0,0
2020-08-20,US,Texas,Scurry,507,2,0,32.74613808,-100.91626640000001,48415.0,3035.3828653535293,0.3944773175542407,505,507,2,0,505,507,16866,0,0,0,0,0
2020-08-20,US,Texas,Shackelford,20,0,0,32.73587756,-99.35401337,48417.0,612.5574272588054,0.0,20,20,0,0,20,20,3253,0,0,0,0,0
2020-08-20,US,Texas,Shelby,419,18,0,31.79211404,-94.14550696,48419.0,1657.8301812138955,4.295942720763724,401,416,18,0,398,416,25418,3,0,0,3,0
2020-08-20,US,Texas,Sherman,47,0,0,36.27751473,-101.8933156,48421.0,1555.2614162806092,0.0,47,46,0,0,46,46,3079,1,0,0,1,0
2020-08-20,US,Texas,Smith,2928,41,0,32.37474036,-95.27175679999999,48423.0,1257.9967433007807,1.400273224043716,2887,2897,39,0,2858,2839,230221,31,2,0,29,58
2020-08-20,US,Texas,Somervell,106,0,0,32.22236802,-97.77403489,48425.0,1161.2620508326027,0.0,106,105,0,0,105,95,9016,1,0,0,1,10
2020-08-20,US,Texas,Starr,2504,99,0,26.56150059,-98.73892358,48427.0,3874.1819194529107,3.953674121405751,2405,2469,98,0,2371,2449,64525,35,1,0,34,20
2020-08-20,US,Texas,Stephens,120,3,0,32.73553157,-98.83631615,48429.0,1281.2299807815502,2.5,117,130,3,0,127,130,9433,-10,0,0,-10,0
2020-08-20,US,Texas,Sterling,1,0,0,31.82781912,-101.05007459999999,48431.0,77.45933384972889,0.0,1,1,0,0,1,1,1311,0,0,0,0,0
2020-08-20,US,Texas,Stonewall,7,0,0,33.17906744,-100.25384009999999,48433.0,518.5185185185185,0.0,7,7,0,0,7,7,1362,0,0,0,0,0
2020-08-20,US,Texas,Sutton,72,2,0,30.49856623,-100.5382014,48435.0,1906.779661016949,2.7777777777777777,70,71,1,0,70,70,3758,1,1,0,0,1
2020-08-20,US,Texas,Swisher,87,3,0,34.53028891,-101.73491740000001,48437.0,1176.1524942544274,3.4482758620689653,84,85,3,0,82,84,7462,2,0,0,2,1
2020-08-20,US,Texas,Tarrant,37020,537,0,32.77143818,-97.29101614,48439.0,1760.7484369909369,1.4505672609400324,36483,36690,528,0,36162,36239,2084931,330,9,0,321,451
2020-08-20,US,Texas,Taylor,1199,31,0,32.30163422,-99.89007449,48441.0,868.6265702652969,2.585487906588824,1168,1178,30,0,1148,1160,137640,21,1,0,20,18
2020-08-20,US,Texas,Terrell,3,0,0,30.22429013,-102.0766732,48443.0,386.59793814432993,0.0,3,3,0,0,3,3,823,0,0,0,0,0
2020-08-20,US,Texas,Terry,188,2,0,33.17402785,-102.3354521,48445.0,1523.871281510902,1.0638297872340423,186,182,2,0,180,173,12287,6,0,0,6,9
2020-08-20,US,Texas,Throckmorton,4,2,0,33.17751417,-99.21226795,48447.0,266.4890073284477,50.0,2,4,2,0,2,4,1515,0,0,0,0,0
2020-08-20,US,Texas,Titus,1429,18,0,33.21339719,-94.96797273,48449.0,4363.358778625954,1.2596221133659902,1411,1397,18,0,1379,1397,33033,32,0,0,32,0
2020-08-20,US,Texas,Tom Green,2996,41,0,31.40464436,-100.46244300000001,48451.0,2513.422818791946,1.3684913217623498,2955,2966,37,0,2929,2942,118189,30,4,0,26,24
2020-08-20,US,Texas,Travis,25353,346,0,30.33432034,-97.78535620000001,48453.0,1990.1032533356772,1.3647300122273498,25007,25062,346,0,24716,24759,1248743,291,0,0,291,303
2020-08-20,US,Texas,Trinity,168,4,0,31.0879489,-95.1367187,48455.0,1146.6794075489727,2.380952380952381,164,167,4,0,163,163,14740,1,0,0,1,4
2020-08-20,US,Texas,Tyler,166,3,0,30.77031716,-94.37690895,48457.0,765.9653008490218,1.8072289156626504,163,157,3,0,154,152,21696,9,0,0,9,5
2020-08-20,US,Texas,Upshur,290,3,0,32.73706798,-94.93999853,48459.0,694.5608698776136,1.0344827586206895,287,283,3,0,280,279,41260,7,0,0,7,4
2020-08-20,US,Texas,Upton,17,1,0,31.36868194,-102.0423217,48461.0,464.86190866830736,5.882352941176472,16,16,1,0,15,16,3671,1,0,0,1,0
2020-08-20,US,Texas,Uvalde,625,15,0,29.35739637,-99.76229172,48463.0,2337.234957555813,2.4,610,615,15,0,600,609,26846,10,0,0,10,6
2020-08-20,US,Texas,Val Verde,1800,80,0,29.89149232,-101.1525205,48465.0,3671.596124426313,4.4444444444444455,1720,1775,51,0,1724,1693,49208,25,29,0,-4,82
2020-08-20,US,Texas,Van Zandt,476,9,0,32.56483801,-95.83766469,48467.0,841.1380102491606,1.8907563025210083,467,469,9,0,460,463,56019,7,0,0,7,6
2020-08-20,US,Texas,Victoria,3658,65,0,28.79780988,-96.96813006,48469.0,3972.459927891925,1.7769272826681246,3593,3632,65,0,3567,3631,92035,26,0,0,26,1
2020-08-20,US,Texas,Walker,3223,44,0,30.73872995,-95.57440968,48471.0,4416.823121514026,1.3651877133105803,3179,3202,44,0,3158,3197,72480,21,0,0,21,5
2020-08-20,US,Texas,Waller,576,5,0,30.01058447,-95.99011759,48473.0,1042.609419686493,0.8680555555555556,571,550,5,0,545,531,53126,26,0,0,26,19
2020-08-20,US,Texas,Ward,100,1,0,31.50999644,-103.09279090000001,48475.0,833.4722453742288,1.0,99,100,1,0,99,100,11720,0,0,0,0,0
2020-08-20,US,Texas,Washington,549,42,0,30.21498498,-96.40946246,48477.0,1530.0150493283538,7.6502732240437155,507,548,41,0,507,534,35108,1,1,0,0,14
2020-08-20,US,Texas,Webb,10047,215,0,27.7610369,-99.33237355,48479.0,3631.6383037173055,2.1399422713247738,9832,9957,212,0,9745,9857,275910,90,3,0,87,100
2020-08-20,US,Texas,Wharton,1058,34,0,29.27765923,-96.22319248,48481.0,2545.962075271922,3.2136105860113418,1024,1049,33,0,1016,1031,41619,9,1,0,8,18
2020-08-20,US,Texas,Wheeler,40,0,0,35.40114335,-100.26995140000001,48483.0,791.1392405063292,0.0,40,39,0,0,39,39,5191,1,0,0,1,0
2020-08-20,US,Texas,Wichita,1185,13,0,33.98842886,-98.70410340000001,48485.0,896.1657717613251,1.0970464135021096,1172,1163,13,0,1150,1149,132064,22,0,0,22,14
2020-08-20,US,Texas,Wilbarger,89,2,0,34.07945812,-99.24178437,48487.0,697.0005482026784,2.247191011235955,87,88,2,0,86,86,12820,1,0,0,1,2
2020-08-20,US,Texas,Willacy,799,35,0,26.47411727,-97.61535848,48489.0,3740.986983799981,4.380475594493117,764,787,34,0,753,781,21515,12,1,0,11,6
2020-08-20,US,Texas,Williamson,7646,112,0,30.64655664,-97.60048540000001,48491.0,1294.7230637150728,1.4648182055976982,7534,7624,110,0,7514,7581,566719,22,2,0,20,43
2020-08-20,US,Texas,Wilson,514,22,0,29.1732598,-98.08693082,48493.0,1006.4617192089287,4.280155642023346,492,507,21,0,486,503,50224,7,1,0,6,4
2020-08-20,US,Texas,Winkler,88,1,0,31.85008651,-103.04851629999999,48495.0,1098.6267166042446,1.1363636363636365,87,88,1,0,87,88,7720,0,0,0,0,0
2020-08-20,US,Texas,Wise,586,11,0,33.21570665,-97.65460265,48497.0,837.3342478280749,1.877133105802048,575,569,10,0,559,568,68305,17,1,0,16,1
2020-08-20,US,Texas,Wood,374,12,0,32.78722382,-95.38236368,48499.0,821.2740727727879,3.2085561497326203,362,373,12,0,361,365,45129,1,0,0,1,8
2020-08-20,US,Texas,Yoakum,132,3,0,33.17320212,-102.82764329999999,48501.0,1514.9776196488003,2.272727272727273,129,129,3,0,126,124,8591,3,0,0,3,5
2020-08-20,US,Texas,Young,206,6,0,33.17659707,-98.68790885,48503.0,1143.8089950027766,2.9126213592233015,200,203,6,0,197,205,18045,3,0,0,3,-2
2020-08-20,US,Texas,Zapata,233,3,0,27.00156391,-99.16987152,48505.0,1643.275266238804,1.2875536480686696,230,231,3,0,228,224,14190,2,0,0,2,7
2020-08-20,US,Texas,Zavala,249,8,0,28.86617238,-99.76050829,48507.0,2103.0405405405404,3.21285140562249,241,248,7,0,241,244,11983,1,1,0,0,4
2020-08-20,US,Utah,Bear River,2427,9,0,41.52106798,-113.08328159999999,0.0,1299.1253519468146,0.3708281829419036,2418,2413,9,0,2404,2405,,14,0,0,14,8
2020-08-20,US,Utah,Central Utah,472,2,0,39.37231946,-111.5758676,0.0,575.9328403738682,0.42372881355932196,470,467,2,0,465,459,,5,0,0,5,8
2020-08-20,US,Utah,Davis,3496,21,0,40.99001837,-112.1139997,49011.0,983.4562184758116,0.6006864988558352,3475,3466,21,0,3445,3442,351713,30,0,0,30,24
2020-08-20,US,Utah,Salt Lake,22302,220,0,40.66616532,-111.92160109999999,49035.0,1921.8621950179113,0.9864586135772576,22082,22102,217,0,21885,21951,1152633,200,3,0,197,151
2020-08-20,US,Utah,San Juan,659,27,0,37.62762978,-109.80337140000002,49037.0,4304.93859419911,4.0971168437025804,632,658,27,0,631,656,15449,1,0,0,1,2
2020-08-20,US,Utah,Southeast Utah,120,1,0,38.99617072,-110.70139579999999,0.0,298.292276715802,0.8333333333333334,119,120,1,0,119,118,,0,0,0,0,2
2020-08-20,US,Utah,Southwest Utah,3408,26,0,37.85447192,-111.4418764,0.0,1352.1555931154332,0.7629107981220657,3382,3384,26,0,3358,3358,,24,0,0,24,26
2020-08-20,US,Utah,Summit,787,1,0,40.86688146,-110.9535882,49043.0,1867.3626764740773,0.12706480304955528,786,765,1,0,764,758,41933,22,0,0,22,7
2020-08-20,US,Utah,Tooele,634,0,0,40.44862644,-113.12957150000001,49045.0,877.3993550976352,0.0,634,629,0,0,629,623,69907,5,0,0,5,6
2020-08-20,US,Utah,TriCounty,195,0,0,40.12491499,-109.5174415,0.0,344.38910670764017,0.0,195,193,0,0,193,192,,2,0,0,2,1
2020-08-20,US,Utah,Utah,9804,42,0,40.116672200000004,-111.66576620000001,49049.0,1540.94006145528,0.4283965728274174,9762,9683,41,0,9642,9576,622213,121,1,0,120,107
2020-08-20,US,Utah,Wasatch,604,4,0,40.33110236,-111.1691419,49051.0,1771.72860872371,0.6622516556291391,600,601,4,0,597,600,33240,3,0,0,3,1
2020-08-20,US,Utah,Weber-Morgan,3074,28,0,41.27116049,-111.9145117,0.0,1128.748572540639,0.9108653220559532,3046,3040,28,0,3012,3019,,34,0,0,34,21
2020-08-20,US,Vermont,Addison,76,2,0,44.03217337,-73.14130877,50001.0,206.65089594039762,2.631578947368421,74,76,2,0,74,76,36973,0,0,0,0,0
2020-08-20,US,Vermont,Bennington,92,1,0,43.03519828,-73.09048868,50003.0,259.37411897378064,1.0869565217391304,91,92,1,0,91,92,35631,0,0,0,0,0
2020-08-20,US,Vermont,Caledonia,30,0,0,44.46548598,-72.10314651,50005.0,100.02333877904844,0.0,30,29,0,0,29,29,30302,1,0,0,1,0
2020-08-20,US,Vermont,Chittenden,766,39,0,44.46322849,-73.08359212,50007.0,467.71770854958663,5.091383812010443,727,764,39,0,725,763,164572,2,0,0,2,1
2020-08-20,US,Vermont,Essex,6,0,0,44.72736416,-71.73579864,50009.0,97.35518416355671,0.0,6,6,0,0,6,6,6250,0,0,0,0,0
2020-08-20,US,Vermont,Franklin,122,7,0,44.85627605,-72.91249563,50011.0,246.9535646330108,5.737704918032787,115,122,7,0,115,121,49421,0,0,0,0,1
2020-08-20,US,Vermont,Grand Isle,13,0,0,44.797582399999996,-73.29679772,50013.0,179.68210089841045,0.0,13,13,0,0,13,13,7090,0,0,0,0,0
2020-08-20,US,Vermont,Lamoille,45,1,0,44.60353043,-72.64356694,50015.0,177.43080198722495,2.2222222222222223,44,45,1,0,44,45,25300,0,0,0,0,0
2020-08-20,US,Vermont,Orange,19,0,0,44.00470222,-72.37640104,50017.0,65.76214869167936,0.0,19,18,0,0,18,18,28999,1,0,0,1,0
2020-08-20,US,Vermont,Orleans,15,0,0,44.82964024,-72.24562697,50019.0,55.479528054148034,0.0,15,15,0,0,15,15,26907,0,0,0,0,0
2020-08-20,US,Vermont,Rutland,102,1,0,43.57723578,-73.03741676,50021.0,175.28483786152498,0.9803921568627452,101,102,1,0,101,102,58672,0,0,0,0,0
2020-08-20,US,Vermont,Unassigned,8,0,0,0.0,0.0,90050.0,0.0,0.0,8,8,0,0,8,8,,0,0,0,0,0
2020-08-20,US,Vermont,Washington,59,2,0,44.27343241,-72.61604978,50023.0,101.01183036860758,3.3898305084745757,57,59,2,0,57,58,58140,0,0,0,0,1
2020-08-20,US,Vermont,Windham,109,3,0,42.986982,-72.71268875,50025.0,258.1592534697552,2.7522935779816518,106,109,3,0,106,109,42756,0,0,0,0,0
2020-08-20,US,Vermont,Windsor,75,2,0,43.58010937,-72.58595157,50027.0,136.21009044350006,2.6666666666666665,73,75,2,0,73,75,55286,0,0,0,0,0
2020-08-20,US,Virginia,Accomack,1131,18,0,37.76707161,-75.63234615,51001.0,3499.8143334571114,1.5915119363395225,1113,1129,18,0,1111,1127,32412,2,0,0,2,2
2020-08-20,US,Virginia,Albemarle,930,16,0,38.02080697,-78.55481085,51003.0,850.6356901125032,1.7204301075268815,914,921,16,0,905,916,108718,9,0,0,9,5
2020-08-20,US,Virginia,Alexandria,3186,61,0,38.814003,-77.08183073,51510.0,1998.3942594776324,1.9146264908976771,3125,3165,61,0,3104,3146,160530,21,0,0,21,19
2020-08-20,US,Virginia,Alleghany,59,4,0,37.78636074,-80.00222498,51005.0,397.0390309555855,6.779661016949151,55,59,4,0,55,59,14910,0,0,0,0,0
2020-08-20,US,Virginia,Amelia,89,2,0,37.34081025,-77.98584649,51007.0,677.0635222518067,2.247191011235955,87,85,2,0,83,85,13013,4,0,0,4,0
2020-08-20,US,Virginia,Amherst,237,1,0,37.60308293,-79.14548696,51009.0,749.8813478879924,0.4219409282700422,236,228,1,0,227,223,31666,9,0,0,9,5
2020-08-20,US,Virginia,Appomattox,121,0,0,37.37569884,-78.81340003,51011.0,760.4801709509145,0.0,121,113,0,0,113,109,15841,8,0,0,8,4
2020-08-20,US,Virginia,Arlington,3310,137,0,38.8767675,-77.10139853,51013.0,1397.5561766916342,4.138972809667674,3173,3293,135,0,3158,3264,237521,17,2,0,15,29
2020-08-20,US,Virginia,Augusta,327,4,0,38.16404586,-79.12461614,51015.0,432.78011593742553,1.2232415902140672,323,323,4,0,319,315,75457,4,0,0,4,8
2020-08-20,US,Virginia,Bath,4,0,0,38.05852573,-79.73912095,51017.0,96.45526886906195,0.0,4,4,0,0,4,4,4292,0,0,0,0,0
2020-08-20,US,Virginia,Bedford,447,8,0,37.3080028,-79.5281964,51019.0,565.8442725673128,1.7897091722595078,439,436,8,0,428,429,78747,11,0,0,11,7
2020-08-20,US,Virginia,Bland,38,0,0,37.13128068,-81.13599391,51021.0,605.0955414012739,0.0,38,38,0,0,38,38,6293,0,0,0,0,0
2020-08-20,US,Virginia,Botetourt,221,7,0,37.55531756,-79.80982182,51023.0,661.3004578233939,3.1674208144796383,214,220,7,0,213,222,33277,1,0,0,1,-2
2020-08-20,US,Virginia,Bristol,103,2,0,36.616302399999995,-82.16359122,51520.0,614.4851449707672,1.9417475728155342,101,103,2,0,101,100,16482,0,0,0,0,3
2020-08-20,US,Virginia,Brunswick,259,2,0,36.76366949,-77.8593436,51025.0,1595.7119093093465,0.7722007722007722,257,254,2,0,252,250,16384,5,0,0,5,4
2020-08-20,US,Virginia,Buchanan,88,1,0,37.26818323,-82.03749726,51027.0,418.96781565416114,1.1363636363636365,87,87,1,0,86,84,21221,1,0,0,1,3
2020-08-20,US,Virginia,Buckingham,629,8,0,37.57242268,-78.52518834,51029.0,3668.0662467926286,1.2718600953895072,621,622,8,0,614,622,16999,7,0,0,7,0
2020-08-20,US,Virginia,Buena Vista,68,1,0,37.73484642,-79.35296097,51530.0,1049.7066995986418,1.4705882352941178,67,67,1,0,66,67,6237,1,0,0,1,0
2020-08-20,US,Virginia,Campbell,270,3,0,37.20553386,-79.09678609,51031.0,491.9376878928669,1.1111111111111112,267,264,3,0,261,260,54973,6,0,0,6,4
2020-08-20,US,Virginia,Caroline,235,5,0,38.02679129,-77.34901405,51033.0,764.8494711147273,2.127659574468085,230,231,5,0,226,230,30772,4,0,0,4,1
2020-08-20,US,Virginia,Carroll,358,16,0,36.73066666,-80.73455942,51035.0,1201.7052129837869,4.46927374301676,342,354,15,0,339,349,29636,4,1,0,3,5
2020-08-20,US,Virginia,Charles City,58,5,0,37.35358063,-77.05634116,51036.0,832.9742926899326,8.620689655172415,53,57,5,0,52,56,6941,1,0,0,1,1
2020-08-20,US,Virginia,Charlotte,59,0,0,37.01909701,-78.66314092,51037.0,496.6329966329968,0.0,59,59,0,0,59,59,11938,0,0,0,0,0
2020-08-20,US,Virginia,Charlottesville,570,14,0,38.03527919,-78.48569588,51540.0,1205.9408454280033,2.456140350877193,556,566,14,0,552,561,48117,4,0,0,4,5
2020-08-20,US,Virginia,Chesapeake,3384,41,0,36.67670048,-76.30545744,51550.0,1382.1553290991892,1.2115839243498818,3343,3358,41,0,3317,3319,242634,26,0,0,26,39
2020-08-20,US,Virginia,Chesterfield,4747,76,0,37.37373208,-77.58680140000001,51041.0,1345.5139143202134,1.601011164946282,4671,4720,76,0,4644,4684,348556,27,0,0,27,36
2020-08-20,US,Virginia,Clarke,75,0,0,39.11271747,-77.99199425,51043.0,513.0309870716192,0.0,75,75,0,0,75,74,14523,0,0,0,0,1
2020-08-20,US,Virginia,Colonial Heights,212,22,0,37.26420587,-77.39609676,51570.0,1220.4951065054693,10.377358490566039,190,210,22,0,188,209,17833,2,0,0,2,1
2020-08-20,US,Virginia,Covington,15,0,0,37.7824656,-79.98631446,51580.0,270.85590465872156,0.0,15,15,0,0,15,15,5460,0,0,0,0,0
2020-08-20,US,Virginia,Craig,20,0,0,37.48133648,-80.21072274,51045.0,389.78756577665166,0.0,20,20,0,0,20,20,5064,0,0,0,0,0
2020-08-20,US,Virginia,Culpeper,1055,13,0,38.48199985,-77.95630870000002,51047.0,2005.5127839558972,1.2322274881516588,1042,1050,13,0,1037,1045,51859,5,0,0,5,5
2020-08-20,US,Virginia,Cumberland,86,0,0,37.51328851,-78.24398086,51049.0,865.8880386629077,0.0,86,85,0,0,85,85,9809,1,0,0,1,0
2020-08-20,US,Virginia,Danville,506,9,0,36.58022376,-79.40395668,51590.0,1263.610028968135,1.7786561264822134,497,496,9,0,487,487,40693,10,0,0,10,9
2020-08-20,US,Virginia,Dickenson,55,1,0,37.12560977,-82.35124171,51051.0,384.13186199189835,1.818181818181818,54,54,1,0,53,54,14523,1,0,0,1,0
2020-08-20,US,Virginia,Dinwiddie,250,7,0,37.07544585,-77.63451754,51053.0,875.8408071748877,2.8,243,246,7,0,239,243,28529,4,0,0,4,3
2020-08-20,US,Virginia,Emporia,204,15,0,36.69455571,-77.53406129,51595.0,3815.9371492704827,7.352941176470589,189,203,15,0,188,192,5121,1,0,0,1,11
2020-08-20,US,Virginia,Essex,109,2,0,37.93357639,-76.94230311,51057.0,995.1611430658268,1.834862385321101,107,109,2,0,107,108,10919,0,0,0,0,1
2020-08-20,US,Virginia,Fairfax,17330,539,0,38.83677558,-77.27565836,51059.0,1510.1975369750035,3.110213502596653,16791,17230,538,0,16692,17154,1150795,100,1,0,99,76
2020-08-20,US,Virginia,Fairfax,17330,539,0,38.83677558,-77.27565836,51059.0,1510.1975369750035,3.110213502596653,16791,17230,538,0,16692,17154,24574,100,1,0,99,76
2020-08-20,US,Virginia,Fairfax City,105,7,0,38.85157547,-77.29779640000002,51600.0,437.1539198134809,6.666666666666668,98,103,7,0,96,102,24574,2,0,0,2,1
2020-08-20,US,Virginia,Falls Church,64,7,0,38.88485255,-77.17560759,51610.0,437.84634329889855,10.9375,57,63,6,0,57,63,14772,1,1,0,0,0
2020-08-20,US,Virginia,Fauquier,658,9,0,38.73564842,-77.80647472,51061.0,923.8718373536267,1.3677811550151977,649,653,9,0,644,647,70675,5,0,0,5,6
2020-08-20,US,Virginia,Floyd,118,2,0,36.9302126,-80.36738849,51063.0,749.2539208838658,1.6949152542372878,116,117,2,0,115,115,15795,1,0,0,1,2
2020-08-20,US,Virginia,Fluvanna,204,9,0,37.84157909,-78.27715475,51065.0,748.0748074807483,4.411764705882354,195,204,9,0,195,204,26783,0,0,0,0,0
2020-08-20,US,Virginia,Franklin,194,1,0,36.99536167,-79.88023649,51067.0,346.1689447200313,0.5154639175257731,193,194,1,0,193,192,56195,0,0,0,0,2
2020-08-20,US,Virginia,Franklin,194,1,0,36.99536167,-79.88023649,51067.0,346.1689447200313,0.5154639175257731,193,194,1,0,193,192,8013,0,0,0,0,2
2020-08-20,US,Virginia,Franklin City,222,6,0,36.6831435,-76.93859681,51620.0,2786.494288941885,2.702702702702702,216,220,6,0,214,219,8013,2,0,0,2,1
2020-08-20,US,Virginia,Frederick,719,10,0,39.20172582,-78.25974949,51069.0,805.0339816152184,1.3908205841446453,709,715,10,0,705,709,88355,4,0,0,4,6
2020-08-20,US,Virginia,Fredericksburg,439,4,0,38.2977863,-77.4922454,51630.0,1511.9162419065988,0.9111617312072892,435,431,4,0,427,428,29144,8,0,0,8,3
2020-08-20,US,Virginia,Galax,388,26,0,36.66601852,-80.91703124,51640.0,6113.124310697967,6.7010309278350535,362,388,26,0,362,356,6423,0,0,0,0,32
2020-08-20,US,Virginia,Giles,34,0,0,37.31234791,-80.70636931,51071.0,203.34928229665073,0.0,34,34,0,0,34,33,16844,0,0,0,0,1
2020-08-20,US,Virginia,Gloucester,181,2,0,37.40809042,-76.53524337,51073.0,484.631037806576,1.1049723756906078,179,179,2,0,177,178,37349,2,0,0,2,1
2020-08-20,US,Virginia,Goochland,175,7,0,37.71714806,-77.90381514,51075.0,736.7490422262451,4.0,168,175,7,0,168,174,23244,0,0,0,0,1
2020-08-20,US,Virginia,Grayson,166,5,0,36.65677234,-81.23215889,51077.0,1067.524115755627,3.0120481927710845,161,166,5,0,161,166,15631,0,0,0,0,0
2020-08-20,US,Virginia,Greene,185,2,0,38.29545894,-78.46525378,51079.0,933.4477017003884,1.0810810810810811,183,182,2,0,180,182,19779,3,0,0,3,0
2020-08-20,US,Virginia,Greensville,578,11,0,36.67878901,-77.56351439,51081.0,5098.800282286521,1.9031141868512111,567,577,11,0,566,573,11627,1,0,0,1,4
2020-08-20,US,Virginia,Halifax,176,2,0,36.76654925,-78.93512622,51083.0,519.0056323906697,1.1363636363636365,174,170,2,0,168,170,34120,6,0,0,6,0
2020-08-20,US,Virginia,Hampton,1388,9,0,37.03513786,-76.35879121,51650.0,1031.8935395137908,0.6484149855907781,1379,1377,9,0,1368,1362,134313,11,0,0,11,15
2020-08-20,US,Virginia,Hanover,729,33,0,37.7583355,-77.49464673,51085.0,676.4656756305328,4.526748971193416,696,722,33,0,689,716,107239,7,0,0,7,6
2020-08-20,US,Virginia,Harrisonburg,1115,31,0,38.43542574,-78.87536254,51660.0,2103.1386751169457,2.780269058295964,1084,1115,31,0,1084,1109,54033,0,0,0,0,6
2020-08-20,US,Virginia,Henrico,4224,188,0,37.53460572,-77.39326555,51087.0,1276.8349968865055,4.450757575757576,4036,4202,187,0,4015,4189,329261,22,1,0,21,13
2020-08-20,US,Virginia,Henry,717,13,0,36.68542395,-79.87634026,51089.0,1418.2012382063806,1.8131101813110184,704,699,13,0,686,692,50953,18,0,0,18,7
2020-08-20,US,Virginia,Highland,6,0,0,38.35799465,-79.56124594,51091.0,273.97260273972597,0.0,6,6,0,0,6,6,2210,0,0,0,0,0
2020-08-20,US,Virginia,Hopewell,302,4,0,37.29186313,-77.29754684,51670.0,1340.4944737893381,1.3245033112582782,298,301,4,0,297,298,22596,1,0,0,1,3
2020-08-20,US,Virginia,Isle of Wight,452,10,0,36.90579348,-76.70842863,51093.0,1218.033361179229,2.2123893805309733,442,450,10,0,440,443,36953,2,0,0,2,7
2020-08-20,US,Virginia,James City,662,17,0,37.31156958,-76.76950618,51095.0,865.0993818851848,2.5679758308157097,645,652,17,0,635,653,76397,10,0,0,10,-1
2020-08-20,US,Virginia,King George,177,4,0,38.26818502,-77.15852768,51099.0,659.5617826799821,2.2598870056497176,173,171,4,0,167,170,26575,6,0,0,6,1
2020-08-20,US,Virginia,King William,104,2,0,37.70965316,-77.09384941,51101.0,606.4847212502916,1.9230769230769231,102,105,2,0,103,105,16939,-1,0,0,-1,0
2020-08-20,US,Virginia,King and Queen,44,1,0,37.71044922,-76.88689628,51097.0,626.3345195729537,2.272727272727273,43,44,1,0,43,43,7042,0,0,0,0,1
2020-08-20,US,Virginia,Lancaster,52,0,0,37.71889653,-76.46400482,51103.0,490.4272375742714,0.0,52,49,0,0,49,49,10783,3,0,0,3,0
2020-08-20,US,Virginia,Lee,153,2,0,36.70586667,-83.12606515,51105.0,653.2041156128591,1.30718954248366,151,153,2,0,151,152,23541,0,0,0,0,1
2020-08-20,US,Virginia,Lexington,38,0,0,37.78258621,-79.44262866,51678.0,510.34112275047005,0.0,38,37,0,0,37,37,7136,1,0,0,1,0
2020-08-20,US,Virginia,Loudoun,5614,115,0,39.08990083,-77.63481877,51107.0,1357.5535984601174,2.048450302814393,5499,5580,115,0,5465,5552,406850,34,0,0,34,28
2020-08-20,US,Virginia,Louisa,223,2,0,37.97850256,-77.96274807,51109.0,593.2271022319172,0.8968609865470852,221,219,2,0,217,215,36778,4,0,0,4,4
2020-08-20,US,Virginia,Lunenburg,74,1,0,36.94618528,-78.24133319,51111.0,606.7563135454247,1.351351351351351,73,71,1,0,70,71,12086,3,0,0,3,0
2020-08-20,US,Virginia,Lynchburg,789,5,0,37.40021399,-79.19888138,51680.0,960.227825917632,0.6337135614702155,784,762,5,0,757,753,82126,27,0,0,27,9
2020-08-20,US,Virginia,Madison,78,1,0,38.41531222,-78.28220331,51113.0,588.1909358268607,1.2820512820512822,77,78,1,0,77,76,13295,0,0,0,0,2
2020-08-20,US,Virginia,Manassas,1734,23,0,38.7464321,-77.48509905,51683.0,4220.518437385907,1.32641291810842,1711,1729,23,0,1706,1723,41641,5,0,0,5,6
2020-08-20,US,Virginia,Manassas Park,546,7,0,38.77058531,-77.44399307,51685.0,3123.92722279437,1.2820512820512822,539,542,7,0,535,540,17307,4,0,0,4,2
2020-08-20,US,Virginia,Martinsville,265,3,0,36.68212094,-79.86352771,51690.0,2110.8809941054637,1.1320754716981132,262,260,3,0,257,256,12902,5,0,0,5,4
2020-08-20,US,Virginia,Mathews,23,0,0,37.44164146,-76.34098896,51115.0,260.3577088521621,0.0,23,23,0,0,23,23,8802,0,0,0,0,0
2020-08-20,US,Virginia,Mecklenburg,470,33,0,36.67882005,-78.36131056,51117.0,1536.6005165593226,7.0212765957446805,437,465,33,0,432,465,30650,5,0,0,5,0
2020-08-20,US,Virginia,Middlesex,54,1,0,37.63191998,-76.55064617,51119.0,510.3005103005103,1.851851851851852,53,54,1,0,53,54,10769,0,0,0,0,0
2020-08-20,US,Virginia,Montgomery,341,3,0,37.17746986,-80.37868691,51121.0,346.0699243923478,0.8797653958944281,338,337,3,0,334,337,98985,4,0,0,4,0
2020-08-20,US,Virginia,Nelson,76,0,0,37.78790447,-78.88498513,51125.0,509.04219691895514,0.0,76,75,0,0,75,75,14836,1,0,0,1,0
2020-08-20,US,Virginia,New Kent,137,1,0,37.50694406,-76.99828634,51127.0,593.3047507686978,0.7299270072992701,136,136,1,0,135,134,22391,1,0,0,1,2
2020-08-20,US,Virginia,Newport News,2048,20,0,37.08166899,-76.51754109,51700.0,1142.6977263216627,0.9765625,2028,2034,20,0,2014,2016,178626,14,0,0,14,18
2020-08-20,US,Virginia,Norfolk,4091,39,0,36.89934014,-76.26420872,51710.0,1685.3284557266566,0.9533121486189196,4052,4062,37,0,4025,4032,244076,29,2,0,27,30
2020-08-20,US,Virginia,Northampton,301,29,0,37.34062933,-75.87751591,51131.0,2570.4526046114433,9.634551495016613,272,300,29,0,271,300,11735,1,0,0,1,0
2020-08-20,US,Virginia,Northumberland,81,3,0,37.89202088,-76.41949732,51133.0,669.6982224059527,3.703703703703704,78,81,3,0,78,81,12147,0,0,0,0,0
2020-08-20,US,Virginia,Norton,22,0,0,36.93357076,-82.62750411,51720.0,552.624968600854,0.0,22,22,0,0,22,22,3968,0,0,0,0,0
2020-08-20,US,Virginia,Nottoway,183,14,0,37.1435975,-78.05065922,51135.0,1201.4180672268908,7.6502732240437155,169,183,14,0,169,183,15420,0,0,0,0,0
2020-08-20,US,Virginia,Orange,243,3,0,38.24530219,-78.01560400000002,51137.0,655.8527435156948,1.2345679012345678,240,243,3,0,240,239,36644,0,0,0,0,4
2020-08-20,US,Virginia,Page,357,25,0,38.61807452,-78.48797204,51139.0,1493.5988620199146,7.002801120448179,332,353,25,0,328,354,23933,4,0,0,4,-1
2020-08-20,US,Virginia,Patrick,190,9,0,36.680163799999995,-80.2865648,51141.0,1079.0549750113582,4.7368421052631575,181,186,8,0,178,183,17673,4,1,0,3,3
2020-08-20,US,Virginia,Petersburg,564,19,0,37.20530399,-77.39368102,51730.0,1799.2726344669175,3.368794326241135,545,552,19,0,533,546,31567,12,0,0,12,6
2020-08-20,US,Virginia,Pittsylvania,603,2,0,36.81980341,-79.39731264,51143.0,999.1052788547568,0.33167495854063017,601,588,2,0,586,581,60949,15,0,0,15,7
2020-08-20,US,Virginia,Poquoson,50,0,0,37.14259351,-76.35798148,51735.0,407.4647542987532,0.0,50,49,0,0,49,49,12190,1,0,0,1,0
2020-08-20,US,Virginia,Portsmouth,2045,28,0,36.85914825,-76.35971629,51740.0,2166.3594567681516,1.3691931540342301,2017,2024,25,0,1999,2022,94632,21,3,0,18,2
2020-08-20,US,Virginia,Powhatan,172,4,0,37.55016038,-77.91267882,51145.0,580.0620531498719,2.3255813953488373,168,168,4,0,164,167,29189,4,0,0,4,1
2020-08-20,US,Virginia,Prince Edward,447,11,0,37.22554789,-78.43597949,51147.0,1960.3543548811508,2.460850111856823,436,447,10,0,437,451,22950,0,1,0,-1,-4
2020-08-20,US,Virginia,Prince George,475,2,0,37.18497668,-77.22922187,51149.0,1238.4950329830785,0.42105263157894735,473,473,2,0,471,462,38082,2,0,0,2,11
2020-08-20,US,Virginia,Prince William,10100,180,0,38.70916224,-77.48713689,51153.0,2147.405572623768,1.7821782178217822,9920,10034,179,0,9855,9989,468011,66,1,0,65,45
2020-08-20,US,Virginia,Pulaski,99,3,0,37.06474963,-80.71229738,51155.0,290.94542569136274,3.0303030303030303,96,96,3,0,93,95,34066,3,0,0,3,1
2020-08-20,US,Virginia,Radford,75,0,0,37.12222899,-80.56027320000003,51750.0,410.9814236396515,0.0,75,72,0,0,72,69,18339,3,0,0,3,3
2020-08-20,US,Virginia,Rappahannock,47,2,0,38.68295619,-78.15826963,51157.0,637.7204884667573,4.25531914893617,45,46,2,0,44,46,7252,1,0,0,1,0
2020-08-20,US,Virginia,Richmond,325,4,0,37.937575,-76.72920628,51159.0,3601.9062396098852,1.2307692307692308,321,323,4,0,319,324,9038,2,0,0,2,-1
2020-08-20,US,Virginia,Richmond City,3480,43,0,37.53255773,-77.47966921,51760.0,1510.180700932146,1.235632183908046,3437,3455,43,0,3412,3425,228783,25,0,0,25,30
2020-08-20,US,Virginia,Roanoke,530,4,0,37.26865804,-80.06396753,51161.0,562.7163272673222,0.7547169811320755,526,526,4,0,522,527,94073,4,0,0,4,-1
2020-08-20,US,Virginia,Roanoke City,1104,15,0,37.27791025,-79.96189766,51770.0,1113.5430640589857,1.358695652173913,1089,1085,15,0,1070,1084,99920,19,0,0,19,1
2020-08-20,US,Virginia,Rockbridge,80,1,0,37.81204314,-79.44605905,51163.0,354.40570593186544,1.25,79,80,1,0,79,78,22752,0,0,0,0,2
2020-08-20,US,Virginia,Rockingham,987,20,0,38.51006137,-78.87260325,51165.0,1204.4223165910091,2.026342451874367,967,982,20,0,962,980,81244,5,0,0,5,2
2020-08-20,US,Virginia,Russell,166,4,0,36.93028320000001,-82.10095486,51167.0,624.3887760475437,2.409638554216868,162,161,4,0,157,160,26748,5,0,0,5,1
2020-08-20,US,Virginia,Salem,176,3,0,37.2836193,-80.06219455,51775.0,695.6246788664481,1.7045454545454546,173,173,3,0,170,172,25643,3,0,0,3,1
2020-08-20,US,Virginia,Scott,133,3,0,36.71466456,-82.60171704,51169.0,616.7114903088194,2.255639097744361,130,128,3,0,125,127,21534,5,0,0,5,1
2020-08-20,US,Virginia,Shenandoah,749,47,0,38.85905135,-78.56813762,51171.0,1717.259721203228,6.275033377837117,702,748,47,0,701,747,43497,1,0,0,1,1
2020-08-20,US,Virginia,Smyth,192,3,0,36.84455636,-81.53344948,51173.0,637.788998139782,1.5625,189,185,3,0,182,182,30472,7,0,0,7,3
2020-08-20,US,Virginia,Southampton,311,13,0,36.72231125,-77.10642712,51175.0,1763.9385173841529,4.180064308681672,298,311,13,0,298,310,17586,0,0,0,0,1
2020-08-20,US,Virginia,Spotsylvania,1662,35,0,38.18574462,-77.655399,51177.0,1220.1299416363836,2.1058965102286398,1627,1649,35,0,1614,1642,134238,13,0,0,13,7
2020-08-20,US,Virginia,Stafford,1556,10,0,38.41758738,-77.45917053,51179.0,1017.7784173414792,0.6426735218508998,1546,1543,10,0,1533,1534,149960,13,0,0,13,9
2020-08-20,US,Virginia,Staunton,162,0,0,38.15965544,-79.05979937,51790.0,649.7673672388897,0.0,162,161,0,0,161,161,24922,1,0,0,1,0
2020-08-20,US,Virginia,Suffolk,1483,57,0,36.70155394,-76.63603554,51800.0,1610.0664437399575,3.8435603506405935,1426,1476,55,0,1421,1458,91185,7,2,0,5,18
2020-08-20,US,Virginia,Surry,53,2,0,37.11781893,-76.88450012,51181.0,825.288072251635,3.7735849056603774,51,52,2,0,50,52,6474,1,0,0,1,0
2020-08-20,US,Virginia,Sussex,319,9,0,36.92432914,-77.25791182,51183.0,2858.6790931087016,2.8213166144200628,310,318,9,0,309,318,11237,1,0,0,1,0
2020-08-20,US,Virginia,Tazewell,145,0,0,37.12191123,-81.56685568,51185.0,357.1868456706491,0.0,145,140,0,0,140,138,40855,5,0,0,5,2
2020-08-20,US,Virginia,Virginia Beach,5562,61,0,36.73285734,-76.04566934,51810.0,1236.0714174596756,1.0967277957569221,5501,5522,60,0,5462,5470,450189,40,1,0,39,52
2020-08-20,US,Virginia,Warren,380,6,0,38.90847745,-78.20280433,51187.0,946.1209042924013,1.5789473684210529,374,375,6,0,369,374,40003,5,0,0,5,1
2020-08-20,US,Virginia,Washington,297,7,0,36.72341572,-81.95666289,51191.0,552.6609601786379,2.356902356902357,290,295,7,0,288,290,54402,2,0,0,2,5
2020-08-20,US,Virginia,Waynesboro,197,3,0,38.06451466,-78.90293905,51820.0,870.5258506407422,1.5228426395939083,194,196,3,0,193,195,22628,1,0,0,1,1
2020-08-20,US,Virginia,Westmoreland,219,3,0,38.11021557,-76.80213247,51193.0,1215.653621981682,1.3698630136986298,216,220,3,0,217,219,17830,-1,0,0,-1,1
2020-08-20,US,Virginia,Williamsburg,140,6,0,37.28131268,-76.70905141,51830.0,936.2043600374484,4.285714285714286,134,139,6,0,133,137,14896,1,0,0,1,2
2020-08-20,US,Virginia,Winchester,427,4,0,39.17054517,-78.17325058,51840.0,1520.763587150082,0.936768149882904,423,424,4,0,420,422,28108,3,0,0,3,2
2020-08-20,US,Virginia,Wise,269,5,0,36.9746148,-82.62410519,51195.0,719.5784179974855,1.858736059479554,264,262,5,0,257,256,38012,7,0,0,7,6
2020-08-20,US,Virginia,Wythe,131,3,0,36.91582035,-81.07834059,51197.0,456.7005996374285,2.2900763358778624,128,131,3,0,128,130,28754,0,0,0,0,1
2020-08-20,US,Virginia,York,413,4,0,37.24374789,-76.54412815,51199.0,604.8623315758641,0.9685230024213076,409,412,4,0,408,410,67846,1,0,0,1,2
2020-08-20,US,Washington,Adams,521,6,0,46.98299757,-118.56017340000001,53001.0,2607.2161337136567,1.151631477927063,515,505,6,0,499,509,19759,16,0,0,16,-4
2020-08-20,US,Washington,Asotin,44,2,0,46.18894415,-117.2022851,53003.0,194.84545213001502,4.545454545454546,42,42,2,0,40,42,22610,2,0,0,2,0
2020-08-20,US,Washington,Benton,3932,122,0,46.23946995,-119.51208340000001,53005.0,1923.773178726944,3.1027466937945065,3810,3913,122,0,3791,3892,201877,19,0,0,19,21
2020-08-20,US,Washington,Chelan,1577,10,0,47.87046092,-120.6173956,53007.0,2042.7461139896373,0.6341154090044389,1567,1565,10,0,1555,1553,77036,12,0,0,12,12
2020-08-20,US,Washington,Clallam,174,1,0,48.04754642,-123.92263190000001,53009.0,225.00678899794391,0.5747126436781609,173,173,1,0,172,171,76737,1,0,0,1,2
2020-08-20,US,Washington,Clark,2000,51,0,45.77568046,-122.48292040000001,53011.0,409.6337669306757,2.55,1949,1982,51,0,1931,1979,481857,18,0,0,18,3
2020-08-20,US,Washington,Columbia,13,1,0,46.29442881,-117.9051983,53013.0,326.2233375156838,7.6923076923076925,12,13,1,0,12,13,4059,0,0,0,0,0
2020-08-20,US,Washington,Cowlitz,514,6,0,46.19074721,-122.6782231,53015.0,464.76720949788864,1.1673151750972763,508,512,6,0,506,510,108987,2,0,0,2,2
2020-08-20,US,Washington,Douglas,1082,7,0,47.7361335,-119.69293700000001,53017.0,2491.4227820120195,0.6469500924214417,1075,1061,7,0,1054,1041,42907,21,0,0,21,20
2020-08-20,US,Washington,Ferry,23,0,0,48.471143100000006,-118.5154041,53019.0,301.5602464927232,0.0,23,22,0,0,22,25,7649,1,0,0,1,-3
2020-08-20,US,Washington,Franklin,3776,55,0,46.53351425,-118.9018212,53021.0,3965.4701644577935,1.4565677966101696,3721,3758,55,0,3703,3758,94347,18,0,0,18,0
2020-08-20,US,Washington,Garfield,4,0,0,46.43197502,-117.54540320000001,53023.0,179.77528089887642,0.0,4,4,0,0,4,4,2247,0,0,0,0,0
2020-08-20,US,Washington,Grant,1935,15,0,47.20753737,-119.4500749,53025.0,1979.8839695906192,0.7751937984496124,1920,1902,15,0,1887,1872,97331,33,0,0,33,30
2020-08-20,US,Washington,Grays Harbor,165,3,0,47.14003705,-123.7820567,53027.0,219.82121208084087,1.818181818181818,162,148,3,0,145,144,73901,17,0,0,17,4
2020-08-20,US,Washington,Island,259,11,0,48.14713305,-122.5216407,53029.0,304.2012661349996,4.247104247104248,248,258,11,0,247,254,84460,1,0,0,1,4
2020-08-20,US,Washington,Jefferson,63,0,0,47.75003077,-123.56097040000002,53031.0,195.52465783184883,0.0,63,62,0,0,62,61,31729,1,0,0,1,1
2020-08-20,US,Washington,King,18297,707,0,47.49137892,-121.8346131,53033.0,812.1957650584923,3.864021424277204,17590,18054,701,0,17353,17908,2233163,243,6,0,237,146
2020-08-20,US,Washington,Kitsap,869,8,0,47.63479026,-122.6436061,53035.0,320.1054985210316,0.9205983889528192,861,853,7,0,846,826,269805,16,1,0,15,27
2020-08-20,US,Washington,Kittitas,447,21,0,47.12521214,-120.67943899999999,53037.0,932.5127777198288,4.697986577181208,426,446,21,0,425,448,47364,1,0,0,1,-2
2020-08-20,US,Washington,Klickitat,159,3,0,45.87325839,-120.7913598,53039.0,709.0301003344482,1.8867924528301887,156,154,3,0,151,152,22107,5,0,0,5,2
2020-08-20,US,Washington,Lewis,285,4,0,46.57756476,-122.39257690000001,53041.0,353.1292205137101,1.4035087719298245,281,278,4,0,274,267,79604,7,0,0,7,11
2020-08-20,US,Washington,Lincoln,31,1,0,47.57705241,-118.41943880000001,53043.0,283.3897065545296,3.2258064516129035,30,31,1,0,30,31,10740,0,0,0,0,0
2020-08-20,US,Washington,Mason,272,1,0,47.35007586,-123.1863685,53045.0,407.38078121255694,0.36764705882352944,271,270,1,0,269,264,65507,2,0,0,2,6
2020-08-20,US,Washington,Okanogan,945,6,0,48.54855019,-119.73872240000001,53047.0,2237.0570271997726,0.6349206349206349,939,933,6,0,927,930,42132,12,0,0,12,3
2020-08-20,US,Washington,Pacific,59,2,0,46.55418369,-123.7285716,53049.0,262.560633705665,3.3898305084745757,57,59,2,0,57,58,22036,0,0,0,0,1
2020-08-20,US,Washington,Pend Oreille,52,0,0,48.53234021,-117.2741804,53051.0,378.8982803847274,0.0,52,51,0,0,51,51,13602,1,0,0,1,0
2020-08-20,US,Washington,Pierce,6332,155,0,47.03892768,-122.14059579999999,53053.0,699.6839709164842,2.447883765003158,6177,6277,153,0,6124,6212,891299,55,2,0,53,65
2020-08-20,US,Washington,San Juan,29,0,0,48.60182783,-122.96745,53055.0,164.94141735866228,0.0,29,29,0,0,29,29,17128,0,0,0,0,0
2020-08-20,US,Washington,Skagit,958,22,0,48.48171488,-121.766131,53057.0,741.457373940637,2.2964509394572024,936,947,22,0,925,936,128206,11,0,0,11,11
2020-08-20,US,Washington,Skamania,58,1,0,46.02408726,-121.91644029999999,53059.0,480.01324174459984,1.7241379310344829,57,58,1,0,57,60,11924,0,0,0,0,-2
2020-08-20,US,Washington,Snohomish,5855,207,0,48.04615983,-121.7170703,53061.0,712.2151899504065,3.5354397950469685,5648,5823,205,0,5618,5800,814901,32,2,0,30,23
2020-08-20,US,Washington,Spokane,4908,118,0,47.62113146,-117.4046494,53063.0,938.7947161236273,2.404237978810106,4790,4853,116,0,4737,4836,514631,55,2,0,53,17
2020-08-20,US,Washington,Stevens,120,1,0,48.40035475,-117.8542701,53065.0,262.44997047437835,0.8333333333333334,119,121,1,0,120,118,45260,-1,0,0,-1,3
2020-08-20,US,Washington,Thurston,838,11,0,46.9291895,-122.82906559999999,53067.0,288.4324145716882,1.3126491646778042,827,813,11,0,802,806,286419,25,0,0,25,7
2020-08-20,US,Washington,Unassigned,223,5,0,0.0,0.0,90053.0,0.0,2.242152466367713,218,214,3,0,211,223,,9,2,0,7,-9
2020-08-20,US,Washington,Wahkiakum,6,0,0,46.29180039999999,-123.4250831,53069.0,133.6898395721925,0.0,6,4,0,0,4,5,4426,2,0,0,2,-1
2020-08-20,US,Washington,Walla Walla,678,4,0,46.23040051,-118.4775539,53071.0,1115.8657011191574,0.5899705014749262,674,661,5,0,656,650,60922,17,-1,0,18,11
2020-08-20,US,Washington,Whatcom,1038,39,0,48.82227976,-121.74900179999999,53073.0,452.78673221459815,3.757225433526012,999,1032,39,0,993,1034,225685,6,0,0,6,-2
2020-08-20,US,Washington,Whitman,128,0,0,46.90022523,-117.52417630000001,53075.0,255.4686252594603,0.0,128,128,0,0,128,126,49791,0,0,0,0,2
2020-08-20,US,Washington,Yakima,10720,231,0,46.45738486,-120.73801259999999,53077.0,4273.078410191611,2.154850746268657,10489,10680,230,0,10450,10665,251446,40,1,0,39,15
2020-08-20,US,West Virginia,Barbour,33,1,0,39.1307219,-80.00350858,54001.0,200.717717900371,3.0303030303030303,32,33,1,0,32,33,16535,0,0,0,0,0
2020-08-20,US,West Virginia,Berkeley,753,11,0,39.46704621,-78.02414609,54003.0,631.8651349741128,1.4608233731739708,742,748,11,0,737,745,117123,5,0,0,5,3
2020-08-20,US,West Virginia,Boone,125,0,0,38.01974191,-81.69888019,54005.0,582.5604697767627,0.0,125,124,0,0,124,123,21951,1,0,0,1,1
2020-08-20,US,West Virginia,Braxton,10,0,0,38.70036159,-80.72011184,54007.0,71.64863509350147,0.0,10,10,0,0,10,8,14089,0,0,0,0,2
2020-08-20,US,West Virginia,Brooke,82,1,0,40.27367263,-80.57915332,54009.0,373.7636173025206,1.2195121951219512,81,79,1,0,78,79,22203,3,0,0,3,0
2020-08-20,US,West Virginia,Cabell,485,4,0,38.42424062,-82.23855912,54011.0,527.4892598836261,0.8247422680412371,481,478,4,0,474,466,93224,7,0,0,7,12
2020-08-20,US,West Virginia,Calhoun,7,0,0,38.84315422,-81.11934872,54013.0,98.46673231115489,0.0,7,7,0,0,7,7,7254,0,0,0,0,0
2020-08-20,US,West Virginia,Clay,19,1,0,38.46231092,-81.07652217,54015.0,223.3192289609779,5.2631578947368425,18,18,1,0,17,18,8632,1,0,0,1,0
2020-08-20,US,West Virginia,Doddridge,6,0,0,39.27057157,-80.70671527,54017.0,71.02272727272727,0.0,6,6,0,0,6,6,8406,0,0,0,0,0
2020-08-20,US,West Virginia,Fayette,183,7,0,38.02974928,-81.08286634,54019.0,431.5427062208178,3.8251366120218577,176,178,7,0,171,175,43018,5,0,0,5,3
2020-08-20,US,West Virginia,Gilmer,18,0,0,38.9251277,-80.85952723,54021.0,230.09075802121947,0.0,18,18,0,0,18,18,8026,0,0,0,0,0
2020-08-20,US,West Virginia,Grant,131,5,0,39.10314817,-79.19440518,54023.0,1132.4343015214386,3.816793893129771,126,131,5,0,126,131,11626,0,0,0,0,0
2020-08-20,US,West Virginia,Greenbrier,96,3,0,37.9463652,-80.45335881,54025.0,276.9603600484681,3.125,93,96,3,0,93,96,34786,0,0,0,0,0
2020-08-20,US,West Virginia,Hampshire,91,1,0,39.32103553,-78.60826476,54027.0,392.6645091693636,1.0989010989010992,90,90,1,0,89,90,23347,1,0,0,1,0
2020-08-20,US,West Virginia,Hancock,115,0,0,40.51943859,-80.57461608,54029.0,399.16695591808406,0.0,115,115,0,0,115,114,29094,0,0,0,0,1
2020-08-20,US,West Virginia,Hardy,64,0,0,39.00683177,-78.85855301,54031.0,464.5760743321719,0.0,64,64,0,0,64,64,13775,0,0,0,0,0
2020-08-20,US,West Virginia,Harrison,250,1,0,39.2853852,-80.37919577,54033.0,371.7140478172951,0.4,249,248,1,0,247,248,67554,2,0,0,2,0
2020-08-20,US,West Virginia,Jackson,178,19,0,38.84263974,-81.68148753,54035.0,622.9003359462488,10.674157303370787,159,172,19,0,153,169,28706,6,0,0,6,3
2020-08-20,US,West Virginia,Jefferson,312,4,0,39.30776166,-77.86014147,54037.0,545.9699716515591,1.2820512820512822,308,310,4,0,306,310,56811,2,0,0,2,0
2020-08-20,US,West Virginia,Kanawha,1161,26,0,38.33860077,-81.52857054,54039.0,651.7931328737284,2.239448751076658,1135,1122,26,0,1096,1113,180454,39,0,0,39,9
2020-08-20,US,West Virginia,Lewis,30,2,0,38.9947249,-80.49988181,54041.0,188.5962155026089,6.666666666666668,28,28,2,0,26,28,16024,2,0,0,2,0
2020-08-20,US,West Virginia,Lincoln,116,0,0,38.172154,-82.07017953,54043.0,568.3766965554413,0.0,116,111,0,0,111,110,20599,5,0,0,5,1
2020-08-20,US,West Virginia,Logan,418,12,0,37.8299889,-81.93528571,54045.0,1305.4748742933882,2.8708133971291865,406,380,12,0,368,374,32607,38,0,0,38,6
2020-08-20,US,West Virginia,Marion,205,2,0,39.50984542,-80.24244659,54049.0,365.60136966757034,0.975609756097561,203,203,2,0,201,202,56097,2,0,0,2,1
2020-08-20,US,West Virginia,Marshall,133,1,0,39.86064362,-80.66591062,54051.0,435.622809603354,0.7518796992481203,132,131,1,0,130,130,30785,2,0,0,2,1
2020-08-20,US,West Virginia,Mason,82,1,0,38.77071799,-82.02524219,54053.0,309.24724694524065,1.2195121951219512,81,77,1,0,76,75,26718,5,0,0,5,2
2020-08-20,US,West Virginia,McDowell,67,0,0,37.38002939,-81.65083669,54047.0,380.1634135270086,0.0,67,67,0,0,67,67,18223,0,0,0,0,0
2020-08-20,US,West Virginia,Mercer,256,18,0,37.40481169,-81.11023142,54055.0,435.685353483781,7.03125,238,245,18,0,227,244,59131,11,0,0,11,1
2020-08-20,US,West Virginia,Mineral,129,4,0,39.41561583,-78.94104895,54057.0,480.12505582849485,3.1007751937984502,125,129,4,0,125,129,26940,0,0,0,0,0
2020-08-20,US,West Virginia,Mingo,210,5,0,37.73048351,-82.13338365,54059.0,896.516393442623,2.380952380952381,205,204,5,0,199,204,23785,6,0,0,6,0
2020-08-20,US,West Virginia,Monongalia,1014,5,0,39.63218457,-80.04766838,54061.0,960.1181683899556,0.4930966469428008,1009,1003,5,0,998,1001,106420,11,0,0,11,2
2020-08-20,US,West Virginia,Monroe,27,0,0,37.56274716,-80.54577965,54063.0,203.38983050847457,0.0,27,22,0,0,22,21,13280,5,0,0,5,1
2020-08-20,US,West Virginia,Morgan,34,0,0,39.55439028,-78.26311676,54065.0,190.11406844106463,0.0,34,33,0,0,33,33,17787,1,0,0,1,0
2020-08-20,US,West Virginia,Nicholas,40,1,0,38.29617706,-80.79759588,54067.0,163.29196603527106,2.5,39,40,1,0,39,40,24842,0,0,0,0,0
2020-08-20,US,West Virginia,Ohio,285,4,0,40.0955451,-80.62203992,54069.0,688.2229359348967,1.4035087719298245,281,285,4,0,281,285,41755,0,0,0,0,0
2020-08-20,US,West Virginia,Pendleton,47,1,0,38.68314479,-79.35084086,54071.0,674.4152676137179,2.127659574468085,46,47,1,0,46,43,6997,0,0,0,0,4
2020-08-20,US,West Virginia,Pleasants,14,2,0,39.37091679,-81.16771771,54073.0,187.66756032171585,14.285714285714285,12,14,2,0,12,14,7507,0,0,0,0,0
2020-08-20,US,West Virginia,Pocahontas,42,0,0,38.32758728,-80.00993811,54075.0,509.2761004001455,0.0,42,42,0,0,42,42,8414,0,0,0,0,0
2020-08-20,US,West Virginia,Preston,132,4,0,39.46770987,-79.66712803,54077.0,394.83129935391236,3.0303030303030303,128,131,4,0,127,131,33839,1,0,0,1,0
2020-08-20,US,West Virginia,Putnam,236,0,0,38.50782345,-81.9082131,54079.0,418.06908768821967,0.0,236,228,0,0,228,227,56682,8,0,0,8,1
2020-08-20,US,West Virginia,Raleigh,314,3,0,37.76936795,-81.2456041,54081.0,428.0203377816552,0.9554140127388536,311,310,2,0,308,304,74254,4,1,0,3,6
2020-08-20,US,West Virginia,Randolph,218,0,0,38.769899,-79.87919615,54083.0,759.7142359296045,0.0,218,218,0,0,218,217,28823,0,0,0,0,1
2020-08-20,US,West Virginia,Ritchie,3,0,0,39.18094587,-81.06356878,54085.0,31.400460540087924,0.0,3,3,0,0,3,3,9721,0,0,0,0,0
2020-08-20,US,West Virginia,Roane,20,1,0,38.71622686,-81.35243568,54087.0,146.11338398597312,5.0,19,20,1,0,19,20,13932,0,0,0,0,0
2020-08-20,US,West Virginia,Summers,19,0,0,37.65390597,-80.86009693,54089.0,151.1174739521196,0.0,19,19,0,0,19,19,12760,0,0,0,0,0
2020-08-20,US,West Virginia,Taylor,87,1,0,39.33602617,-80.0421439,54091.0,521.1141060197664,1.1494252873563218,86,86,1,0,85,84,16862,1,0,0,1,2
2020-08-20,US,West Virginia,Tucker,11,0,0,39.11240885,-79.57053576,54093.0,160.84222839596433,0.0,11,11,0,0,11,11,6955,0,0,0,0,0
2020-08-20,US,West Virginia,Tyler,15,0,0,39.46811972,-80.88772676,54095.0,174.60132697008495,0.0,15,15,0,0,15,15,8746,0,0,0,0,0
2020-08-20,US,West Virginia,Upshur,40,0,0,38.89285061,-80.23689136,54097.0,165.45334215751157,0.0,40,40,0,0,40,40,24415,0,0,0,0,0
2020-08-20,US,West Virginia,Wayne,223,9,0,38.14901357,-82.42287994,54099.0,565.9611187249377,4.035874439461884,214,221,9,0,212,221,39944,2,0,0,2,0
2020-08-20,US,West Virginia,Webster,7,0,0,38.49370949,-80.4202023,54101.0,86.27064333251171,0.0,7,7,0,0,7,6,8285,0,0,0,0,1
2020-08-20,US,West Virginia,Wetzel,45,0,0,39.6065771,-80.64016540000001,54103.0,298.70560902754727,0.0,45,45,0,0,45,45,15270,0,0,0,0,0
2020-08-20,US,West Virginia,Wirt,7,0,0,39.02775007,-81.37473928,54105.0,120.25425184676172,0.0,7,7,0,0,7,7,5830,0,0,0,0,0
2020-08-20,US,West Virginia,Wood,290,5,0,39.20967886,-81.5162836,54107.0,347.2305371297205,1.7241379310344829,285,290,5,0,285,285,84203,0,0,0,0,5
2020-08-20,US,West Virginia,Wyoming,52,2,0,37.612327,-81.54511071,54109.0,254.97695400608018,3.8461538461538463,50,48,2,0,46,48,20786,4,0,0,4,0
2020-08-20,US,Wisconsin,Adams,97,2,0,43.96974651,-89.76782777,55001.0,479.72304648862513,2.061855670103093,95,96,2,0,94,94,20348,1,0,0,1,2
2020-08-20,US,Wisconsin,Ashland,30,1,0,46.31956891,-90.67837132,55003.0,192.77727798483485,3.333333333333333,29,30,1,0,29,30,15600,0,0,0,0,0
2020-08-20,US,Wisconsin,Barron,346,3,0,45.42372701,-91.84833627,55005.0,764.7422862700026,0.8670520231213873,343,343,3,0,340,328,45164,3,0,0,3,15
2020-08-20,US,Wisconsin,Bayfield,40,1,0,46.52868768,-91.19716729,55007.0,266.02819898909286,2.5,39,39,1,0,38,37,15042,1,0,0,1,2
2020-08-20,US,Wisconsin,Brown,4682,57,0,44.452655299999996,-88.00411844,55009.0,1769.8512901543045,1.217428449380607,4625,4656,56,0,4600,4505,263378,26,1,0,25,151
2020-08-20,US,Wisconsin,Buffalo,50,2,0,44.37835084,-91.75332578,55011.0,383.7004067224311,4.0,48,49,2,0,47,47,13125,1,0,0,1,2
2020-08-20,US,Wisconsin,Burnett,31,1,0,45.86303537,-92.36711412,55013.0,201.1158686908005,3.2258064516129035,30,29,1,0,28,28,15392,2,0,0,2,1
2020-08-20,US,Wisconsin,Calumet,417,2,0,44.0816316,-88.21780273,55015.0,832.5181177504043,0.4796163069544365,415,412,2,0,410,402,50159,5,0,0,5,10
2020-08-20,US,Wisconsin,Chippewa,288,0,0,45.06939744,-91.28068855,55017.0,445.42052027591325,0.0,288,284,0,0,284,279,64135,4,0,0,4,5
2020-08-20,US,Wisconsin,Clark,206,8,0,44.73483377,-90.61207486,55019.0,592.3966181629952,3.8834951456310685,198,202,8,0,194,200,34709,4,0,0,4,2
2020-08-20,US,Wisconsin,Columbia,307,2,0,43.46492199,-89.33589004,55021.0,533.6160745324341,0.6514657980456026,305,297,2,0,295,291,57358,10,0,0,10,6
2020-08-20,US,Wisconsin,Crawford,93,0,0,43.23870316,-90.93073686,55023.0,576.5296633810675,0.0,93,93,0,0,93,90,16291,0,0,0,0,3
2020-08-20,US,Wisconsin,Dane,4955,39,0,43.06601594,-89.41733797,55025.0,906.3554632839152,0.7870837537840565,4916,4924,39,0,4885,4874,542364,31,0,0,31,50
2020-08-20,US,Wisconsin,Dodge,982,5,0,43.41576662,-88.70928178,55027.0,1117.954439372033,0.5091649694501018,977,967,5,0,962,942,87847,15,0,0,15,25
2020-08-20,US,Wisconsin,Door,121,3,0,44.95856458,-87.30002707,55029.0,437.3283215266733,2.479338842975207,118,121,3,0,118,118,27610,0,0,0,0,3
2020-08-20,US,Wisconsin,Douglas,233,0,0,46.43222285,-91.91595768,55031.0,539.9768250289686,0.0,233,231,0,0,231,225,43208,2,0,0,2,6
2020-08-20,US,Wisconsin,Dunn,150,0,0,44.94562799,-91.8962481,55033.0,330.62951860342093,0.0,150,147,0,0,147,142,45131,3,0,0,3,5
2020-08-20,US,Wisconsin,Eau Claire,687,4,0,44.726614,-91.28609183,55035.0,656.4990539533284,0.5822416302765647,683,679,4,0,675,668,104534,8,0,0,8,11
2020-08-20,US,Wisconsin,Florence,17,0,0,45.84963535,-88.39804137,55037.0,395.8090803259604,0.0,17,17,0,0,17,16,4321,0,0,0,0,1
2020-08-20,US,Wisconsin,Fond du Lac,844,8,0,43.75354908,-88.48885325,55039.0,816.2239006605223,0.9478672985781992,836,815,8,0,807,791,103066,29,0,0,29,24
2020-08-20,US,Wisconsin,Forest,62,4,0,45.66678019,-88.77084892,55041.0,688.5828520657484,6.451612903225807,58,62,4,0,58,61,8991,0,0,0,0,1
2020-08-20,US,Wisconsin,Grant,410,16,0,42.8671731,-90.7063218,55043.0,797.0605960458017,3.902439024390244,394,409,16,0,393,398,51554,1,0,0,1,11
2020-08-20,US,Wisconsin,Green,229,1,0,42.6794956,-89.60243287,55045.0,619.5887445887447,0.4366812227074236,228,225,1,0,224,220,36929,4,0,0,4,5
2020-08-20,US,Wisconsin,Green Lake,67,0,0,43.80025981,-89.04679553,55047.0,354.2536879395125,0.0,67,65,0,0,65,63,18918,2,0,0,2,2
2020-08-20,US,Wisconsin,Iowa,106,0,0,43.00050278,-90.13469017,55049.0,447.67294535011405,0.0,106,105,0,0,105,100,23771,1,0,0,1,5
2020-08-20,US,Wisconsin,Iron,98,1,0,46.26302338,-90.24295041,55051.0,1723.2284156848957,1.020408163265306,97,92,1,0,91,85,5676,6,0,0,6,7
2020-08-20,US,Wisconsin,Jackson,65,1,0,44.31864893,-90.80566792,55053.0,314.8767136559609,1.5384615384615383,64,65,1,0,64,62,20478,0,0,0,0,3
2020-08-20,US,Wisconsin,Jefferson,765,6,0,43.02054068,-88.77529134,55055.0,902.4525475114723,0.7843137254901961,759,748,6,0,742,732,85129,17,0,0,17,16
2020-08-20,US,Wisconsin,Juneau,162,1,0,43.92456975,-90.11120239,55057.0,607.0371341851837,0.6172839506172839,161,155,1,0,154,152,26617,7,0,0,7,3
2020-08-20,US,Wisconsin,Kenosha,2843,60,0,42.57639354,-88.04051686,55059.0,1676.6827277498953,2.1104467112205416,2783,2813,60,0,2753,2792,169290,30,0,0,30,21
2020-08-20,US,Wisconsin,Kewaunee,149,2,0,44.51727459,-87.61468386,55061.0,729.1768620925908,1.342281879194631,147,149,2,0,147,143,20383,0,0,0,0,6
2020-08-20,US,Wisconsin,La Crosse,1008,1,0,43.90632465,-91.11451093,55063.0,854.1214750542299,0.0992063492063492,1007,987,1,0,986,973,118230,21,0,0,21,14
2020-08-20,US,Wisconsin,Lafayette,178,0,0,42.66005229,-90.1317729,55065.0,1068.106810681068,0.0,178,177,0,0,177,172,16665,1,0,0,1,5
2020-08-20,US,Wisconsin,Langlade,75,2,0,45.26271619,-89.07483625,55067.0,390.8489238626297,2.6666666666666665,73,74,1,0,73,74,19268,1,1,0,0,0
2020-08-20,US,Wisconsin,Lincoln,73,1,0,45.33737523,-89.73411273,55069.0,264.5598521364114,1.3698630136986298,72,73,1,0,72,73,27689,0,0,0,0,0
2020-08-20,US,Wisconsin,Manitowoc,429,1,0,44.11946801,-87.80928853,55071.0,543.1686101720667,0.2331002331002331,428,424,1,0,423,406,79074,5,0,0,5,18
2020-08-20,US,Wisconsin,Marathon,718,13,0,44.89792533,-89.75863384,55073.0,529.1395218583261,1.8105849582172704,705,717,12,0,705,703,135428,1,1,0,0,14
2020-08-20,US,Wisconsin,Marinette,530,5,0,45.38553432,-88.03324599999998,55075.0,1313.5068153655513,0.9433962264150944,525,523,5,0,518,501,40434,7,0,0,7,22
2020-08-20,US,Wisconsin,Marquette,81,1,0,43.81911946,-89.40073763,55077.0,520.0975985617054,1.2345679012345678,80,81,1,0,80,81,15434,0,0,0,0,0
2020-08-20,US,Wisconsin,Menominee,28,0,0,45.00422544,-88.70950714,55078.0,614.5741878841087,0.0,28,26,0,0,26,26,4658,2,0,0,2,0
2020-08-20,US,Wisconsin,Milwaukee,22778,474,0,43.00486062,-87.96733172,55079.0,2408.520015310989,2.080955307753095,22304,22556,474,0,22082,22334,948201,222,0,0,222,222
2020-08-20,US,Wisconsin,Monroe,254,2,0,43.94641218,-90.61881899999999,55081.0,549.1535684171838,0.7874015748031497,252,254,2,0,252,254,46051,0,0,0,0,0
2020-08-20,US,Wisconsin,Oconto,327,2,0,45.02715345,-88.26807503,55083.0,862.1144213023991,0.6116207951070336,325,321,1,0,320,290,37830,6,1,0,5,31
2020-08-20,US,Wisconsin,Oneida,187,0,0,45.70677897,-89.51944105,55085.0,525.3546846467201,0.0,187,186,0,0,186,179,35470,1,0,0,1,7
2020-08-20,US,Wisconsin,Outagamie,1484,16,0,44.41578887,-88.46565023,55087.0,789.8448519040903,1.0781671159029649,1468,1454,16,0,1438,1401,187365,30,0,0,30,53
2020-08-20,US,Wisconsin,Ozaukee,824,18,0,43.38352225,-87.94625009,55089.0,923.549388596855,2.184466019417476,806,815,18,0,797,784,89147,9,0,0,9,31
2020-08-20,US,Wisconsin,Pepin,46,0,0,44.58307413,-91.99949611,55091.0,631.2611499931385,0.0,46,46,0,0,46,46,7289,0,0,0,0,0
2020-08-20,US,Wisconsin,Pierce,256,4,0,44.71850291,-92.4224416,55093.0,598.774383683398,1.5625,252,253,4,0,249,247,42555,3,0,0,3,6
2020-08-20,US,Wisconsin,Polk,150,2,0,45.46130348,-92.44182875,55095.0,342.598725532741,1.3333333333333333,148,147,2,0,145,143,43598,3,0,0,3,4
2020-08-20,US,Wisconsin,Portage,487,0,0,44.47558711,-89.50152965,55097.0,688.1252472729327,0.0,487,481,0,0,481,470,70942,6,0,0,6,11
2020-08-20,US,Wisconsin,Price,33,0,0,45.68051754,-90.36098879999999,55099.0,247.17249644221405,0.0,33,33,0,0,33,33,13397,0,0,0,0,0
2020-08-20,US,Wisconsin,Racine,3762,85,0,42.74753117,-88.05941254,55101.0,1916.3470207986304,2.2594364699627856,3677,3745,84,0,3661,3689,196584,17,1,0,16,56
2020-08-20,US,Wisconsin,Richland,38,4,0,43.3762778,-90.43012729,55103.0,220.26431718061679,10.526315789473683,34,38,4,0,34,38,17377,0,0,0,0,0
2020-08-20,US,Wisconsin,Rock,1514,26,0,42.67151616,-89.07147900000002,55105.0,926.8215042178335,1.717305151915456,1488,1506,26,0,1480,1494,163129,8,0,0,8,12
2020-08-20,US,Wisconsin,Rusk,22,1,0,45.47498854,-91.1333012,55107.0,155.16998166172942,4.545454545454546,21,22,1,0,21,23,14147,0,0,0,0,-1
2020-08-20,US,Wisconsin,Sauk,547,3,0,43.42574087,-89.94966132,55111.0,848.8253002700102,0.5484460694698354,544,537,3,0,534,513,64249,10,0,0,10,24
2020-08-20,US,Wisconsin,Sawyer,127,0,0,45.87931905,-91.14504927,55113.0,767.0008455127431,0.0,127,120,0,0,120,113,16489,7,0,0,7,7
2020-08-20,US,Wisconsin,Shawano,223,0,0,44.78902246,-88.76443896,55115.0,545.2456050270176,0.0,223,224,0,0,224,221,40796,-1,0,0,-1,3
2020-08-20,US,Wisconsin,Sheboygan,903,8,0,43.72099677,-87.94579284,55117.0,782.9027223859893,0.8859357696566998,895,893,8,0,885,850,115456,10,0,0,10,43
2020-08-20,US,Wisconsin,St. Croix,554,6,0,45.03437474,-92.45000068,55109.0,610.892410158016,1.083032490974729,548,552,6,0,546,544,89694,2,0,0,2,8
2020-08-20,US,Wisconsin,Taylor,78,2,0,45.21179252,-90.5004405,55119.0,383.4242737059432,2.5641025641025643,76,77,2,0,75,78,20412,1,0,0,1,-1
2020-08-20,US,Wisconsin,Trempealeau,389,2,0,44.30360275,-91.35893614,55121.0,1312.0172687105805,0.5141388174807198,387,387,2,0,385,370,29442,2,0,0,2,17
2020-08-20,US,Wisconsin,Vernon,80,0,0,43.59422667,-90.8324691,55123.0,259.55486340925313,0.0,80,79,0,0,79,77,30785,1,0,0,1,2
2020-08-20,US,Wisconsin,Vilas,89,0,0,46.05467334,-89.51719204,55125.0,400.9912142374409,0.0,89,83,0,0,83,74,21938,6,0,0,6,9
2020-08-20,US,Wisconsin,Walworth,1546,25,0,42.66858202,-88.54163073,55127.0,1488.427619671121,1.617076326002587,1521,1534,25,0,1509,1516,103718,12,0,0,12,18
2020-08-20,US,Wisconsin,Washburn,52,0,0,45.89838588,-91.79050449,55129.0,330.7888040712468,0.0,52,51,0,0,51,50,15878,1,0,0,1,1
2020-08-20,US,Wisconsin,Washington,1357,25,0,43.36863664,-88.22974712,55131.0,997.5447314641929,1.842299189388357,1332,1320,24,0,1296,1259,135693,37,1,0,36,61
2020-08-20,US,Wisconsin,Waukesha,5063,70,0,43.01833055,-88.30431188,55133.0,1252.603921840286,1.3825794983211537,4993,4998,69,0,4929,4854,403072,65,1,0,64,144
2020-08-20,US,Wisconsin,Waupaca,563,16,0,44.47068056,-88.96534501,55135.0,1104.1380662875074,2.841918294849023,547,554,16,0,538,531,51128,9,0,0,9,23
2020-08-20,US,Wisconsin,Waushara,128,1,0,44.11324419,-89.24317107,55137.0,523.6673076136317,0.78125,127,128,1,0,127,128,24263,0,0,0,0,0
2020-08-20,US,Wisconsin,Winnebago,1321,19,0,44.06886922,-88.64477096,55139.0,768.4387488583943,1.4383043149129446,1302,1309,19,0,1290,1288,171020,12,0,0,12,21
2020-08-20,US,Wisconsin,Wood,399,2,0,44.45537896,-90.04158336,55141.0,546.5828299017795,0.5012531328320802,397,389,2,0,387,381,73055,10,0,0,10,8
2020-08-20,US,Wyoming,Albany,107,0,0,41.65498705,-105.72354150000001,56001.0,275.20576131687244,0.0,107,105,0,0,105,104,38601,2,0,0,2,1
2020-08-20,US,Wyoming,Big Horn,39,0,0,44.52405055,-107.9960365,56003.0,330.7888040712468,0.0,39,38,0,0,38,39,11881,1,0,0,1,-1
2020-08-20,US,Wyoming,Campbell,155,0,0,44.24886082,-105.54744040000001,56005.0,334.4770289808161,0.0,155,152,0,0,152,150,46140,3,0,0,3,2
2020-08-20,US,Wyoming,Carbon,180,0,0,41.69357844,-106.9326084,56007.0,1216.2162162162165,0.0,180,180,0,0,180,171,14971,0,0,0,0,9
2020-08-20,US,Wyoming,Converse,34,0,0,42.97272268,-105.5081848,56009.0,245.9846621328317,0.0,34,34,0,0,34,33,13640,0,0,0,0,1
2020-08-20,US,Wyoming,Crook,13,0,0,44.58855102,-104.56977049999999,56011.0,171.41350210970464,0.0,13,13,0,0,13,11,7450,0,0,0,0,2
2020-08-20,US,Wyoming,Fremont,560,0,0,43.04183996,-108.6296893,56013.0,1426.3518504368203,0.0,560,551,0,0,551,535,39531,9,0,0,9,16
2020-08-20,US,Wyoming,Goshen,40,0,0,42.08798185,-104.3534743,56015.0,302.7779880402694,0.0,40,40,0,0,40,39,13376,0,0,0,0,1
2020-08-20,US,Wyoming,Hot Springs,23,0,0,43.71930657,-108.44231740000001,56017.0,521.1874008610922,0.0,23,23,0,0,23,23,4555,0,0,0,0,0
2020-08-20,US,Wyoming,Johnson,26,1,0,44.04057166,-106.58451740000001,56019.0,307.8744819419775,3.8461538461538463,25,26,1,0,25,26,8460,0,0,0,0,0
2020-08-20,US,Wyoming,Laramie,534,0,0,41.30702520000001,-104.6887497,56021.0,536.6834170854271,0.0,534,533,0,0,533,528,98976,1,0,0,1,5
2020-08-20,US,Wyoming,Lincoln,107,0,0,42.26376367,-110.6563997,56023.0,539.5864851235502,0.0,107,104,0,0,104,104,19434,3,0,0,3,0
2020-08-20,US,Wyoming,Natrona,256,0,0,42.96180148,-106.79788500000001,56025.0,320.5690099927371,0.0,256,251,0,0,251,249,79115,5,0,0,5,2
2020-08-20,US,Wyoming,Niobrara,2,0,0,43.05607708,-104.47588959999999,56027.0,84.88964346349746,0.0,2,2,0,0,2,2,2388,0,0,0,0,0
2020-08-20,US,Wyoming,Park,153,0,0,44.52157546,-109.58528249999999,56029.0,524.0802904706446,0.0,153,152,0,0,152,148,29324,1,0,0,1,4
2020-08-20,US,Wyoming,Platte,7,0,0,42.13299116,-104.96633100000001,56031.0,83.40283569641367,0.0,7,7,0,0,7,7,8566,0,0,0,0,0
2020-08-20,US,Wyoming,Sheridan,108,0,0,44.79048913,-106.8862389,56033.0,354.27259307856315,0.0,108,101,0,0,101,91,30233,7,0,0,7,10
2020-08-20,US,Wyoming,Sublette,41,0,0,42.76558279,-109.91309220000001,56035.0,417.04811311158585,0.0,41,41,0,0,41,40,9813,0,0,0,0,1
2020-08-20,US,Wyoming,Sweetwater,285,0,0,41.65943896,-108.8827882,56037.0,673.074652244763,0.0,285,285,0,0,285,279,43051,0,0,0,0,6
2020-08-20,US,Wyoming,Teton,398,0,0,43.93522482,-110.5890801,56039.0,1696.2154790317081,0.0,398,394,0,0,394,393,23081,4,0,0,4,1
2020-08-20,US,Wyoming,Uinta,283,0,0,41.2878183,-110.54757820000002,56041.0,1399.189162464155,0.0,283,283,0,0,283,278,20299,0,0,0,0,5
2020-08-20,US,Wyoming,Unassigned,0,33,0,0.0,0.0,90056.0,0.0,0.0,-33,0,33,0,-33,0,,0,0,0,0,0
2020-08-20,US,Wyoming,Washakie,106,0,0,43.90451606,-107.68018700000002,56043.0,1358.1037796284434,0.0,106,104,0,0,104,102,7885,2,0,0,2,2
