Date,Country/Region,Province/State,Admin2,Confirmed,Deaths,Recovered,Latitude,Longitude,FIPS,Incidence_Rate,Case-Fatality_Ratio,Active Cases,Previous Confirmed,Previous Deaths,Previous Recovered,Previous Active,Prev2 Confirmed,Population,Daily Confirmed,Daily Deaths,Daily Recovered,Daily Active,Previous Daily Confirmed
2020-06-16,US,Alabama,Autauga,367,6,0,32.53952745,-86.64408227,1001.0,656.8938051513362,1.6348773841961852,361,364,6,0,358,357,55601,3,0,0,3,7
2020-06-16,US,Alabama,Baldwin,374,9,0,30.72774991,-87.72207058,1003.0,167.53720311422094,2.406417112299465,365,368,9,0,359,364,218022,6,0,0,6,4
2020-06-16,US,Alabama,Barbour,244,1,0,31.868263,-85.3871286,1005.0,988.4144859434496,0.4098360655737705,243,237,1,0,236,234,24881,7,0,0,7,3
2020-06-16,US,Alabama,Bibb,113,1,0,32.99642064,-87.12511459999996,1007.0,504.5994462802536,0.8849557522123894,112,108,1,0,107,104,22400,5,0,0,5,4
2020-06-16,US,Alabama,Blount,119,1,0,33.98210918,-86.56790593,1009.0,205.789783142531,0.8403361344537815,118,114,1,0,113,110,57840,5,0,0,5,4
2020-06-16,US,Alabama,Bullock,308,8,0,32.10030533,-85.71265535,1011.0,3049.2030492030485,2.5974025974025974,300,305,8,0,297,302,10138,3,0,0,3,3
2020-06-16,US,Alabama,Butler,548,25,0,31.75300095,-86.68057478,1013.0,2817.7704648292884,4.562043795620438,523,541,25,0,516,536,19680,7,0,0,7,5
2020-06-16,US,Alabama,Calhoun,198,4,0,33.77483727,-85.82630386,1015.0,174.28810351657054,2.0202020202020203,194,196,3,0,193,195,114277,2,1,0,1,1
2020-06-16,US,Alabama,Chambers,471,26,0,32.91360079,-85.39072749,1017.0,1416.3709628916822,5.520169851380042,445,461,26,0,435,453,33615,10,0,0,10,8
2020-06-16,US,Alabama,Cherokee,51,5,0,34.17805983,-85.60638968,1019.0,194.68621163536415,9.803921568627453,46,51,5,0,46,51,26032,0,0,0,0,0
2020-06-16,US,Alabama,Chilton,138,2,0,32.85044126,-86.7173256,1021.0,310.61492752318355,1.4492753623188406,136,135,2,0,133,132,44153,3,0,0,3,3
2020-06-16,US,Alabama,Choctaw,177,11,0,32.02227341,-88.26564429999998,1023.0,1405.9893557867981,6.214689265536723,166,175,11,0,164,175,12841,2,0,0,2,0
2020-06-16,US,Alabama,Clarke,194,3,0,31.68099859,-87.83548597,1025.0,821.2683092032851,1.5463917525773196,191,191,3,0,188,188,23920,3,0,0,3,3
2020-06-16,US,Alabama,Clay,30,2,0,33.26984193,-85.85836077,1027.0,226.67170381564037,6.666666666666668,28,30,2,0,28,30,13275,0,0,0,0,0
2020-06-16,US,Alabama,Cleburne,22,1,0,33.67679204,-85.52005899,1029.0,147.55197853789403,4.545454545454546,21,22,1,0,21,21,14987,0,0,0,0,1
2020-06-16,US,Alabama,Coffee,296,1,0,31.39932826,-85.98901039,1031.0,565.5114439646937,0.33783783783783783,295,290,1,0,289,282,51909,6,0,0,6,8
2020-06-16,US,Alabama,Colbert,269,5,0,34.69847452,-87.80168544,1033.0,486.9571513911769,1.858736059479554,264,265,5,0,260,253,54762,4,0,0,4,12
2020-06-16,US,Alabama,Conecuh,107,1,0,31.43401703,-86.99320044,1035.0,886.7158365791,0.9345794392523364,106,100,1,0,99,93,12277,7,0,0,7,7
2020-06-16,US,Alabama,Coosa,46,1,0,32.93690146,-86.24847739,1037.0,431.39829316327484,2.1739130434782608,45,46,1,0,45,46,10715,0,0,0,0,0
2020-06-16,US,Alabama,Covington,180,1,0,31.247785399999998,-86.45050893,1039.0,485.84307268752195,0.5555555555555556,179,171,1,0,170,164,36986,9,0,0,9,7
2020-06-16,US,Alabama,Crenshaw,112,3,0,31.72941803,-86.31593104,1041.0,813.2442637234968,2.6785714285714284,109,112,3,0,109,110,13824,0,0,0,0,2
2020-06-16,US,Alabama,Cullman,278,1,0,34.13020303,-86.86888037,1043.0,331.8689714449432,0.3597122302158273,277,273,1,0,272,264,83442,5,0,0,5,9
2020-06-16,US,Alabama,Dale,182,0,0,31.43037123,-85.61095742,1045.0,370.1293419018954,0.0,182,178,0,0,178,173,48956,4,0,0,4,5
2020-06-16,US,Alabama,Dallas,523,6,0,32.32688101,-87.10866709999998,1047.0,1406.0651682976666,1.147227533460803,517,503,6,0,497,486,38310,20,0,0,20,17
2020-06-16,US,Alabama,DeKalb,335,5,0,34.45946862,-85.80782906,1049.0,468.44629647756346,1.492537313432836,330,322,5,0,317,318,71385,13,0,0,13,4
2020-06-16,US,Alabama,Elmore,568,10,0,32.59785413,-86.14415284,1051.0,699.4298661478407,1.7605633802816902,558,547,9,0,538,528,81887,21,1,0,20,19
2020-06-16,US,Alabama,Escambia,112,4,0,31.1256789,-87.15918694,1053.0,305.73526601697915,3.571428571428572,108,107,3,0,104,102,36748,5,1,0,4,5
2020-06-16,US,Alabama,Etowah,339,12,0,34.04567266,-86.04051873,1055.0,331.48198850080183,3.5398230088495577,327,330,12,0,318,323,102501,9,0,0,9,7
2020-06-16,US,Alabama,Fayette,47,0,0,33.72076938,-87.73886638,1057.0,288.3081830450252,0.0,47,45,0,0,45,43,16433,2,0,0,2,2
2020-06-16,US,Alabama,Franklin,737,10,0,34.44235334,-87.84289505,1059.0,2349.977679994898,1.35685210312076,727,730,10,0,720,723,31363,7,0,0,7,7
2020-06-16,US,Alabama,Geneva,48,0,0,31.09389027,-85.83572839,1061.0,182.71097407788056,0.0,48,46,0,0,46,46,26314,2,0,0,2,0
2020-06-16,US,Alabama,Greene,135,5,0,32.85504247,-87.95684022,1063.0,1664.4063617309823,3.703703703703704,130,132,5,0,127,123,8233,3,0,0,3,9
2020-06-16,US,Alabama,Hale,236,15,0,32.76039258,-87.63284988,1065.0,1610.8115486997476,6.3559322033898304,221,235,15,0,220,232,14726,1,0,0,1,3
2020-06-16,US,Alabama,Henry,109,2,0,31.51148016,-85.24267944,1067.0,633.5367625690208,1.834862385321101,107,108,2,0,106,107,17209,1,0,0,1,1
2020-06-16,US,Alabama,Houston,319,5,0,31.15197924,-85.29939599,1069.0,301.27878204038456,1.567398119122257,314,315,5,0,310,307,104722,4,0,0,4,8
2020-06-16,US,Alabama,Jackson,125,3,0,34.78144169,-85.99750489,1071.0,242.12606051214505,2.4,122,122,3,0,119,122,51736,3,0,0,3,0
2020-06-16,US,Alabama,Jefferson,2599,118,0,33.55554728,-86.89506300000002,1073.0,394.64114076951233,4.540207772220085,2481,2537,117,0,2420,2475,659300,62,1,0,61,62
2020-06-16,US,Alabama,Lamar,49,0,0,33.77995024,-88.09668032,1075.0,354.94386091995653,0.0,49,45,0,0,45,43,13844,4,0,0,4,2
2020-06-16,US,Alabama,Lauderdale,260,4,0,34.90171875,-87.65624729,1077.0,280.38693396887703,1.5384615384615383,256,249,3,0,246,234,92387,11,1,0,10,15
2020-06-16,US,Alabama,Lawrence,66,0,0,34.52041498,-87.31069453,1079.0,200.46166929899158,0.0,66,65,0,0,65,64,32957,1,0,0,1,1
2020-06-16,US,Alabama,Lee,739,35,0,32.60154883,-85.35132246,1081.0,449.12545125256776,4.7361299052774015,704,710,35,0,675,679,163941,29,0,0,29,31
2020-06-16,US,Alabama,Limestone,236,0,0,34.81185586,-86.98310072,1083.0,238.58868725673562,0.0,236,226,0,0,226,215,96174,10,0,0,10,11
2020-06-16,US,Alabama,Lowndes,398,14,0,32.1597283,-86.65158371,1085.0,4092.124203166769,3.5175879396984926,384,393,14,0,379,383,9974,5,0,0,5,10
2020-06-16,US,Alabama,Macon,132,6,0,32.38759944,-85.69267724,1087.0,730.5733894177553,4.545454545454546,126,126,6,0,120,125,18439,6,0,0,6,1
2020-06-16,US,Alabama,Madison,577,6,0,34.76327133,-86.55069633,1089.0,154.7294380130273,1.0398613518197577,571,566,5,0,561,532,366519,11,1,0,10,34
2020-06-16,US,Alabama,Marengo,222,9,0,32.24767634,-87.78796182,1091.0,1176.9071727720934,4.0540540540540535,213,221,9,0,212,209,19066,1,0,0,1,12
2020-06-16,US,Alabama,Marion,145,12,0,34.13697363,-87.88704173,1093.0,488.0675889461106,8.275862068965518,133,142,12,0,130,140,29763,3,0,0,3,2
2020-06-16,US,Alabama,Marshall,926,9,0,34.36975964,-86.30486727,1095.0,956.8685804038273,0.9719222462203024,917,896,9,0,887,882,96109,30,0,0,30,14
2020-06-16,US,Alabama,Mobile,2771,129,0,30.78472347,-88.20842409,1097.0,670.6033251857409,4.655359076145796,2642,2723,129,0,2594,2697,413757,48,0,0,48,26
2020-06-16,US,Alabama,Monroe,144,2,0,31.56729412,-87.36995001,1099.0,694.5449283750543,1.3888888888888888,142,136,2,0,134,126,21067,8,0,0,8,10
2020-06-16,US,Alabama,Montgomery,2922,70,0,32.2206831,-86.20969272,1101.0,1290.145969287285,2.3956194387405887,2852,2871,68,0,2803,2791,225763,51,2,0,49,80
2020-06-16,US,Alabama,Morgan,664,2,0,34.45500589,-86.85475946,1103.0,554.8174700657593,0.3012048192771085,662,638,2,0,636,600,119089,26,0,0,26,38
2020-06-16,US,Alabama,Perry,79,0,0,32.64048341,-87.29770589,1105.0,885.3524599349994,0.0,79,75,0,0,75,74,9140,4,0,0,4,1
2020-06-16,US,Alabama,Pickens,142,6,0,33.28094866,-88.08818103,1107.0,712.4937280481687,4.225352112676056,136,141,6,0,135,141,19938,1,0,0,1,0
2020-06-16,US,Alabama,Pike,340,2,0,31.80396383,-85.9408295,1109.0,1026.7560548408528,0.5882352941176471,338,334,2,0,332,324,33338,6,0,0,6,10
2020-06-16,US,Alabama,Randolph,141,8,0,33.29526734,-85.45708831,1111.0,620.5439662001585,5.673758865248227,133,141,8,0,133,140,22725,0,0,0,0,1
2020-06-16,US,Alabama,Russell,301,0,0,32.28725256,-85.18415324,1113.0,519.3147116164316,0.0,301,298,0,0,298,283,57781,3,0,0,3,15
2020-06-16,US,Alabama,Shelby,674,20,0,33.26879845,-86.66232561,1117.0,309.59752321981426,2.967359050445104,654,655,20,0,635,637,215707,19,0,0,19,18
2020-06-16,US,Alabama,St. Clair,176,2,0,33.71902176,-86.31029372,1115.0,196.62168200911609,1.1363636363636365,174,173,2,0,171,170,88690,3,0,0,3,3
2020-06-16,US,Alabama,Sumter,263,11,0,32.59117397,-88.19916205,1119.0,2116.359539711917,4.182509505703422,252,263,11,0,252,263,12691,0,0,0,0,0
2020-06-16,US,Alabama,Talladega,165,6,0,33.37823223,-86.16886178,1121.0,206.30673435194683,3.636363636363636,159,163,5,0,158,157,79828,2,1,0,1,6
2020-06-16,US,Alabama,Tallapoosa,474,67,0,32.86698258,-85.79833053,1123.0,1174.2264721183144,14.135021097046414,407,473,66,0,407,467,40497,1,1,0,0,6
2020-06-16,US,Alabama,Tuscaloosa,1405,25,0,33.28726072,-87.52556818,1125.0,671.1088820424637,1.7793594306049825,1380,1342,25,0,1317,1291,208911,63,0,0,63,51
2020-06-16,US,Alabama,Unassigned,388,6,0,0.0,0.0,90001.0,0.0,1.5463917525773196,382,380,5,0,375,380,,8,1,0,7,0
2020-06-16,US,Alabama,Walker,611,6,0,33.80270512,-87.30027177,1127.0,961.8866201728563,0.9819967266775778,605,578,6,0,572,568,63711,33,0,0,33,10
2020-06-16,US,Alabama,Washington,88,6,0,31.4092794,-88.20689944,1129.0,539.0175180693373,6.8181818181818175,82,87,6,0,81,86,16378,1,0,0,1,1
2020-06-16,US,Alabama,Wilcox,226,8,0,31.98773215,-87.30891118,1131.0,2178.7332497830907,3.5398230088495577,218,223,8,0,215,221,10627,3,0,0,3,2
2020-06-16,US,Alabama,Winston,132,1,0,34.15030532,-87.37325922,1133.0,558.6355749291125,0.7575757575757576,131,127,1,0,126,121,23660,5,0,0,5,6
2020-06-16,US,Alaska,Anchorage,326,6,0,61.14998174,-149.14269860000005,2020.0,113.19444444444444,1.8404907975460123,320,320,6,0,314,319,291538,6,0,0,6,1
2020-06-16,US,Alaska,Bethel,5,0,0,60.90980451,-159.8561831,2050.0,27.194604590449252,0.0,5,4,0,0,4,4,18216,1,0,0,1,0
2020-06-16,US,Alaska,Fairbanks North Star,96,2,0,64.80726247,-146.5692662,2090.0,99.12337762909272,2.083333333333333,94,96,2,0,94,96,98971,0,0,0,0,0
2020-06-16,US,Alaska,Haines,1,0,0,59.09893571,-135.4679843,2100.0,39.52569169960474,0.0,1,1,0,0,1,1,2474,0,0,0,0,0
2020-06-16,US,Alaska,Juneau,37,0,0,58.45031811,-134.200436,2110.0,115.71902170513542,0.0,37,37,0,0,37,37,32113,0,0,0,0,0
2020-06-16,US,Alaska,Kenai Peninsula,113,2,0,60.24429722,-151.53888840000005,2122.0,192.47802684472302,1.7699115044247788,111,109,2,0,107,108,58533,4,0,0,4,1
2020-06-16,US,Alaska,Ketchikan Gateway,19,0,0,55.57445008,-130.975561,2130.0,136.68081432990434,0.0,19,19,0,0,19,19,13918,0,0,0,0,0
2020-06-16,US,Alaska,Kodiak Island,2,0,0,57.65529415,-153.7493579,2150.0,15.386982612709648,0.0,2,2,0,0,2,2,13345,0,0,0,0,0
2020-06-16,US,Alaska,Matanuska-Susitna,46,1,0,62.31305045,-149.5741743,2170.0,42.46794132038369,2.1739130434782608,45,45,1,0,44,44,107610,1,0,0,1,1
2020-06-16,US,Alaska,Nome,5,0,0,64.90320724,-164.0353804,2180.0,49.980007996801284,0.0,5,5,0,0,5,5,10008,0,0,0,0,0
2020-06-16,US,Alaska,North Slope,1,0,0,69.31479216,-153.4836093,2185.0,10.17087062652563,0.0,1,1,0,0,1,1,9872,0,0,0,0,0
2020-06-16,US,Alaska,Northwest Arctic,4,0,0,67.04919196,-159.7503946,2188.0,52.48655032148013,0.0,4,4,0,0,4,4,7671,0,0,0,0,0
2020-06-16,US,Alaska,Petersburg,4,1,0,57.13978948,-132.9540995,2195.0,122.47397428046541,25.0,3,4,1,0,3,4,3221,0,0,0,0,0
2020-06-16,US,Alaska,Prince of Wales-Hyder,2,0,0,55.76261984,-133.0511621,2198.0,32.24246332419797,0.0,2,2,0,0,2,2,6422,0,0,0,0,0
2020-06-16,US,Alaska,Sitka,8,0,0,57.24124555,-135.3206587,2220.0,94.19521959260568,0.0,8,8,0,0,8,8,8647,0,0,0,0,0
2020-06-16,US,Alaska,Southeast Fairbanks,3,0,0,63.87692095,-143.2127643,2240.0,43.52241404323227,0.0,3,3,0,0,3,3,6918,0,0,0,0,0
2020-06-16,US,Alaska,Wrangell,2,0,0,56.3202004,-132.05837309999998,2275.0,79.93605115907275,0.0,2,2,0,0,2,2,2503,0,0,0,0,0
2020-06-16,US,Alaska,Yukon-Koyukuk,1,0,0,65.50815459,-151.39073869999999,2290.0,19.120458891013385,0.0,1,1,0,0,1,1,5327,0,0,0,0,0
2020-06-16,US,Arizona,Apache,1996,57,0,35.39465006,-109.4892383,4001.0,2776.5799101367425,2.8557114228456912,1939,1975,56,0,1919,1972,71818,21,1,0,20,3
2020-06-16,US,Arizona,Cochise,241,5,0,31.87934684,-109.7516088,4003.0,191.3883197534982,2.074688796680498,236,221,4,0,217,216,126770,20,1,0,19,5
2020-06-16,US,Arizona,Coconino,1393,88,0,35.83883429,-111.77071780000001,4005.0,970.8940868159137,6.317300789662599,1305,1373,88,0,1285,1368,142854,20,0,0,20,5
2020-06-16,US,Arizona,Gila,91,3,0,33.80190085,-110.8132779,4007.0,168.4623643970528,3.2967032967032965,88,87,3,0,84,70,53889,4,0,0,4,17
2020-06-16,US,Arizona,Graham,55,1,0,32.93166885,-109.8882178,4009.0,141.6175296753096,1.818181818181818,54,50,1,0,49,50,38072,5,0,0,5,0
2020-06-16,US,Arizona,Greenlee,12,1,0,33.21498827,-109.2405279,4011.0,126.34238787113077,8.333333333333334,11,12,1,0,11,11,9483,0,0,0,0,1
2020-06-16,US,Arizona,La Paz,238,3,0,33.72854224,-113.98100290000001,4012.0,1127.5345840439645,1.2605042016806722,235,222,1,0,221,221,21098,16,2,0,14,1
2020-06-16,US,Arizona,Maricopa,20775,568,0,33.34835867,-112.49181540000001,4013.0,463.1679483766716,2.7340553549939832,20207,19372,557,0,18815,18692,4410824,1403,11,0,1392,680
2020-06-16,US,Arizona,Mohave,624,67,0,35.70471703,-113.7577902,4015.0,294.0885376164689,10.737179487179487,557,618,67,0,551,589,209550,6,0,0,6,29
2020-06-16,US,Arizona,Navajo,2749,88,0,35.3997715,-110.3218983,4017.0,2478.2734124265257,3.201164059658057,2661,2636,86,0,2550,2619,110445,113,2,0,111,17
2020-06-16,US,Arizona,Pima,4329,226,0,32.0971334,-111.7890033,4019.0,413.35689916440606,5.220605220605219,4103,3944,223,0,3721,3910,1039073,385,3,0,382,34
2020-06-16,US,Arizona,Pinal,1727,47,0,32.90525627,-111.3449483,4021.0,373.1722231945876,2.7214823393167342,1680,1568,44,0,1524,1500,447138,159,3,0,156,68
2020-06-16,US,Arizona,Santa Cruz,1104,13,0,31.52508998,-110.8479088,4023.0,2374.295668630909,1.177536231884058,1091,988,12,0,976,970,46511,116,1,0,115,18
2020-06-16,US,Arizona,Unassigned,0,1,0,0.0,0.0,90004.0,0.0,0.0,-1,0,2,0,-2,0,,0,-1,0,1,0
2020-06-16,US,Arizona,Yavapai,384,7,0,34.59933926,-112.5538588,4025.0,163.33544591852794,1.8229166666666667,377,374,7,0,367,374,231993,10,0,0,10,0
2020-06-16,US,Arizona,Yuma,3467,53,0,32.76895712,-113.90666740000002,4027.0,1621.7075874585453,1.5286991635419667,3414,3404,51,0,3353,3144,212128,63,2,0,61,260
2020-06-16,US,Arkansas,Arkansas,8,0,0,34.29145151,-91.37277296,5001.0,45.750886423424454,0.0,8,8,0,0,8,8,17769,0,0,0,0,0
2020-06-16,US,Arkansas,Ashley,47,1,0,33.19153461,-91.76984709999999,5003.0,239.10057485882888,2.127659574468085,46,45,1,0,44,41,20046,2,0,0,2,4
2020-06-16,US,Arkansas,Baxter,14,0,0,36.28784385,-92.33782872,5005.0,33.38738910617189,0.0,14,14,0,0,14,14,41619,0,0,0,0,0
2020-06-16,US,Arkansas,Benton,1514,8,0,36.33644656,-94.25680817,5007.0,542.3782246248312,0.5284015852047557,1506,1480,8,0,1472,1406,272608,34,0,0,34,74
2020-06-16,US,Arkansas,Boone,10,0,0,36.3084504,-93.09374925,5009.0,26.715110066253477,0.0,10,10,0,0,10,9,37480,0,0,0,0,1
2020-06-16,US,Arkansas,Bradley,35,1,0,33.46755808,-92.15980837,5011.0,325.188144569358,2.8571428571428568,34,35,1,0,34,34,10897,0,0,0,0,1
2020-06-16,US,Arkansas,Carroll,92,1,0,36.34038560000001,-93.54270261,5015.0,324.17195207892877,1.0869565217391304,91,88,1,0,87,80,28223,4,0,0,4,8
2020-06-16,US,Arkansas,Chicot,58,2,0,33.26458973,-91.29539209,5017.0,573.2358173552085,3.4482758620689653,56,54,2,0,52,49,10438,4,0,0,4,5
2020-06-16,US,Arkansas,Clark,48,0,0,34.04613432,-93.17484713,5019.0,215.05376344086025,0.0,48,48,0,0,48,45,22061,0,0,0,0,3
2020-06-16,US,Arkansas,Clay,22,0,0,36.36826212,-90.4148172,5021.0,151.19235791354546,0.0,22,20,0,0,20,20,14847,2,0,0,2,0
2020-06-16,US,Arkansas,Cleburne,75,4,0,35.53864922,-92.02640019,5023.0,300.9751595168345,5.333333333333333,71,75,4,0,71,75,24965,0,0,0,0,0
2020-06-16,US,Arkansas,Cleveland,20,0,0,33.89723187,-92.18537045,5025.0,251.3826043237808,0.0,20,20,0,0,20,20,8018,0,0,0,0,0
2020-06-16,US,Arkansas,Columbia,29,2,0,33.21230701,-93.22642793,5027.0,123.63047277998041,6.896551724137932,27,28,2,0,26,28,23537,1,0,0,1,0
2020-06-16,US,Arkansas,Conway,24,2,0,35.26205537,-92.70506566,5029.0,115.13000095941669,8.333333333333334,22,24,2,0,22,21,20891,0,0,0,0,3
2020-06-16,US,Arkansas,Craighead,365,2,0,35.83018283,-90.63235729,5031.0,330.8197077910307,0.547945205479452,363,363,2,0,361,358,108558,2,0,0,2,5
2020-06-16,US,Arkansas,Crawford,65,0,0,35.58928601,-94.2446814,5033.0,102.75542627693379,0.0,65,61,0,0,61,56,63406,4,0,0,4,5
2020-06-16,US,Arkansas,Crittenden,545,10,0,35.21247318,-90.30839406,5035.0,1136.482118652904,1.834862385321101,535,537,9,0,528,522,48342,8,1,0,7,15
2020-06-16,US,Arkansas,Cross,79,0,0,35.29631396,-90.77185818,5037.0,481.14988732565934,0.0,79,79,0,0,79,76,16676,0,0,0,0,3
2020-06-16,US,Arkansas,Dallas,4,0,0,33.97042763,-92.65167437,5039.0,57.069482094449995,0.0,4,3,0,0,3,3,7182,1,0,0,1,0
2020-06-16,US,Arkansas,Desha,23,0,0,33.83011025,-91.25500948,5041.0,202.4469676965056,0.0,23,22,0,0,22,22,11512,1,0,0,1,0
2020-06-16,US,Arkansas,Drew,26,1,0,33.59035001,-91.71777921,5043.0,142.7081618091004,3.8461538461538463,25,26,1,0,25,26,18328,0,0,0,0,0
2020-06-16,US,Arkansas,Faulkner,180,3,0,35.14719007,-92.33717519,5045.0,142.84920679009898,1.6666666666666667,177,172,3,0,169,154,124806,8,0,0,8,18
2020-06-16,US,Arkansas,Franklin,9,0,0,35.51202821,-93.89299569,5047.0,50.80440304826418,0.0,9,6,0,0,6,6,17810,3,0,0,3,0
2020-06-16,US,Arkansas,Fulton,9,0,0,36.38177105,-91.81729127,5049.0,72.1327242125511,0.0,9,9,0,0,9,9,12269,0,0,0,0,0
2020-06-16,US,Arkansas,Garland,165,1,0,34.57692074,-93.14921604,5051.0,166.0193588634214,0.6060606060606061,164,165,1,0,164,162,99154,0,0,0,0,3
2020-06-16,US,Arkansas,Grant,24,0,0,34.29017991,-92.42320562,5053.0,131.3988502600602,0.0,24,24,0,0,24,24,18188,0,0,0,0,0
2020-06-16,US,Arkansas,Greene,74,0,0,36.11735460000001,-90.55832668,5055.0,163.26530612244895,0.0,74,73,0,0,73,72,45325,1,0,0,1,1
2020-06-16,US,Arkansas,Hempstead,40,1,0,33.73325583,-93.66935133,5057.0,185.77001671930148,2.5,39,39,1,0,38,36,21741,1,0,0,1,3
2020-06-16,US,Arkansas,Hot Spring,43,0,0,34.31709259,-92.95396325,5059.0,127.32818098368422,0.0,43,42,0,0,42,42,33701,1,0,0,1,0
2020-06-16,US,Arkansas,Howard,42,0,0,34.09007427,-93.9934871,5061.0,318.13361611876985,0.0,42,41,0,0,41,38,13341,1,0,0,1,3
2020-06-16,US,Arkansas,Independence,43,0,0,35.74242707,-91.57001641,5063.0,113.68142762723066,0.0,43,42,0,0,42,42,37678,1,0,0,1,0
2020-06-16,US,Arkansas,Izard,20,1,0,36.09604046,-91.90847954,5065.0,146.74590945777388,5.0,19,20,1,0,19,20,13593,0,0,0,0,0
2020-06-16,US,Arkansas,Jackson,16,0,0,35.59802983,-91.21494602,5067.0,95.69950355882528,0.0,16,16,0,0,16,15,16811,0,0,0,0,1
2020-06-16,US,Arkansas,Jefferson,633,28,0,34.26767081,-91.92619839,5069.0,947.2644558841137,4.423380726698261,605,633,28,0,605,630,68114,0,0,0,0,3
2020-06-16,US,Arkansas,Johnson,93,0,0,35.56759135,-93.46036368,5071.0,349.9134622620212,0.0,93,92,0,0,92,88,26742,1,0,0,1,4
2020-06-16,US,Arkansas,Lafayette,11,1,0,33.24116713,-93.60677071,5073.0,166.06280193236714,9.090909090909092,10,11,1,0,10,11,6682,0,0,0,0,0
2020-06-16,US,Arkansas,Lawrence,91,9,0,36.04188196,-91.10867198,5075.0,554.6751188589542,9.89010989010989,82,91,9,0,82,91,16434,0,0,0,0,0
2020-06-16,US,Arkansas,Lee,545,1,0,34.78498904,-90.78383866,5077.0,6153.325053629897,0.1834862385321101,544,543,1,0,542,545,8985,2,0,0,2,-2
2020-06-16,US,Arkansas,Lincoln,995,11,0,33.95317155,-91.74002806,5079.0,7639.742014742014,1.105527638190955,984,995,11,0,984,995,13383,0,0,0,0,0
2020-06-16,US,Arkansas,Little River,34,0,0,33.70375665,-94.23468591,5081.0,277.34725507790193,0.0,34,34,0,0,34,34,12326,0,0,0,0,0
2020-06-16,US,Arkansas,Logan,20,0,0,35.21413234,-93.71951016,5083.0,93.17059536010436,0.0,20,20,0,0,20,19,21737,0,0,0,0,1
2020-06-16,US,Arkansas,Lonoke,75,0,0,34.75392199,-91.88742357,5085.0,102.30667448744356,0.0,75,73,0,0,73,71,73657,2,0,0,2,2
2020-06-16,US,Arkansas,Madison,122,0,0,36.01038185,-93.72524943,5087.0,736.003861003861,0.0,122,119,0,0,119,111,16481,3,0,0,3,8
2020-06-16,US,Arkansas,Marion,2,0,0,36.26844485,-92.68451899,5089.0,11.980352222355338,0.0,2,2,0,0,2,2,16722,0,0,0,0,0
2020-06-16,US,Arkansas,Miller,73,2,0,33.31403423,-93.89285258,5091.0,168.75881360242272,2.7397260273972597,71,71,1,0,70,69,43592,2,1,0,1,2
2020-06-16,US,Arkansas,Mississippi,98,2,0,35.76271485,-90.05194370000002,5093.0,241.07648028338787,2.0408163265306123,96,96,2,0,94,95,41239,2,0,0,2,1
2020-06-16,US,Arkansas,Monroe,7,0,0,34.6815935,-91.20540287,5095.0,104.46202059394122,0.0,7,7,0,0,7,7,6900,0,0,0,0,0
2020-06-16,US,Arkansas,Montgomery,2,0,0,34.53704874,-93.65824478,5097.0,22.2568439795237,0.0,2,2,0,0,2,2,8924,0,0,0,0,0
2020-06-16,US,Arkansas,Nevada,83,1,0,33.66340119,-93.30632432,5099.0,1005.8167716917113,1.2048192771084338,82,83,0,0,83,80,8326,0,1,0,-1,3
2020-06-16,US,Arkansas,Newton,3,0,0,35.91947491,-93.21612969,5101.0,38.6946988262608,0.0,3,3,0,0,3,3,7805,0,0,0,0,0
2020-06-16,US,Arkansas,Ouachita,16,0,0,33.58839816,-92.87795984,5103.0,68.42870584210075,0.0,16,15,0,0,15,14,23606,1,0,0,1,1
2020-06-16,US,Arkansas,Perry,16,0,0,34.945915299999996,-92.94372564,5105.0,153.0368244858919,0.0,16,16,0,0,16,16,10352,0,0,0,0,0
2020-06-16,US,Arkansas,Phillips,52,1,0,34.43268455,-90.84800154,5107.0,292.4305477449106,1.9230769230769231,51,49,1,0,48,39,18029,3,0,0,3,10
2020-06-16,US,Arkansas,Pike,7,0,0,34.16250414,-93.65789349,5109.0,65.31069229333829,0.0,7,7,0,0,7,7,10673,0,0,0,0,0
2020-06-16,US,Arkansas,Poinsett,51,3,0,35.57433534,-90.66268713,5111.0,216.7630057803468,5.882352941176472,48,51,3,0,48,50,23974,0,0,0,0,1
2020-06-16,US,Arkansas,Polk,58,0,0,34.48254879,-94.22728802,5113.0,290.52294129432977,0.0,58,56,0,0,56,53,20049,2,0,0,2,3
2020-06-16,US,Arkansas,Pope,285,2,0,35.44871474,-93.03212219,5115.0,444.81208640279687,0.7017543859649122,283,281,2,0,279,256,64000,4,0,0,4,25
2020-06-16,US,Arkansas,Prairie,9,0,0,34.83624419,-91.55162157,5117.0,111.63483006698091,0.0,9,7,0,0,7,7,8074,2,0,0,2,0
2020-06-16,US,Arkansas,Pulaski,1343,43,0,34.77054088,-92.31355101,5119.0,342.6798431276489,3.2017870439314966,1300,1302,42,0,1260,1289,392680,41,1,0,40,13
2020-06-16,US,Arkansas,Randolph,29,0,0,36.3415714,-91.02455531,5121.0,161.48791624902555,0.0,29,28,0,0,28,28,17948,1,0,0,1,0
2020-06-16,US,Arkansas,Saline,184,2,0,34.64916145,-92.67583224,5125.0,150.2813691939528,1.0869565217391304,182,181,2,0,179,174,121421,3,0,0,3,7
2020-06-16,US,Arkansas,Scott,5,0,0,34.85588887,-94.0632176,5127.0,48.63340142009533,0.0,5,5,0,0,5,3,10319,0,0,0,0,2
2020-06-16,US,Arkansas,Searcy,7,0,0,35.9109364,-92.69936482,5129.0,88.82121558177894,0.0,7,7,0,0,7,7,7958,0,0,0,0,0
2020-06-16,US,Arkansas,Sebastian,169,2,0,35.19605503,-94.27162713,5131.0,132.20993999702722,1.183431952662722,167,165,2,0,163,148,127753,4,0,0,4,17
2020-06-16,US,Arkansas,Sevier,478,5,0,33.99780401,-94.2424869,5133.0,2810.6073969541953,1.0460251046025104,473,465,5,0,460,446,17139,13,0,0,13,19
2020-06-16,US,Arkansas,Sharp,50,3,0,36.16258158,-91.47819342,5135.0,286.6643733516798,6.0,47,50,3,0,47,50,17366,0,0,0,0,0
2020-06-16,US,Arkansas,St. Francis,779,3,0,35.02201976,-90.74828138,5123.0,3116.7480195246862,0.3851091142490372,776,778,2,0,776,775,25439,1,1,0,0,3
2020-06-16,US,Arkansas,Stone,11,0,0,35.86251946,-92.15684085,5137.0,87.95778026547258,0.0,11,11,0,0,11,11,12457,0,0,0,0,0
2020-06-16,US,Arkansas,Unassigned,396,0,0,0.0,0.0,90005.0,0.0,0.0,396,344,0,0,344,340,,52,0,0,52,4
2020-06-16,US,Arkansas,Union,209,11,0,33.16887091,-92.59746952,5139.0,540.3029832997261,5.2631578947368425,198,208,11,0,197,203,39126,1,0,0,1,5
2020-06-16,US,Arkansas,Van Buren,30,2,0,35.58095779,-92.51295036,5141.0,181.3236627379873,6.666666666666668,28,30,2,0,28,30,16603,0,0,0,0,0
2020-06-16,US,Arkansas,Washington,1977,13,0,35.976844,-94.21800746,5143.0,826.549937914686,0.6575619625695498,1964,1925,12,0,1913,1804,236961,52,1,0,51,121
2020-06-16,US,Arkansas,White,61,1,0,35.25688493,-91.74908296,5145.0,77.45736670349066,1.639344262295082,60,59,1,0,58,58,78727,2,0,0,2,1
2020-06-16,US,Arkansas,Woodruff,5,0,0,35.18902527,-91.2439489,5147.0,79.11392405063293,0.0,5,5,0,0,5,4,6490,0,0,0,0,1
2020-06-16,US,Arkansas,Yell,309,2,0,35.00292371,-93.41171338,5149.0,1447.9171547725034,0.6472491909385113,307,308,2,0,306,303,21535,1,0,0,1,5
2020-06-16,US,California,Alameda,4481,112,0,37.64629437,-121.8929271,6001.0,268.1099891164457,2.49944208881946,4369,4373,112,0,4261,4320,1666753,108,0,0,108,53
2020-06-16,US,California,Alpine,2,0,0,38.59678594,-119.82235940000001,6003.0,177.14791851195747,0.0,2,2,0,0,2,2,1101,0,0,0,0,0
2020-06-16,US,California,Amador,12,0,0,38.44583082,-120.65696000000001,6005.0,30.187160394445566,0.0,12,11,0,0,11,10,39383,1,0,0,1,1
2020-06-16,US,California,Butte,88,1,0,39.66727762,-121.6005252,6007.0,40.14854963364449,1.1363636363636365,87,82,1,0,81,74,231256,6,0,0,6,8
2020-06-16,US,California,Calaveras,26,0,0,38.20537103,-120.55291299999999,6009.0,56.63871038013289,0.0,26,26,0,0,26,26,45602,0,0,0,0,0
2020-06-16,US,California,Colusa,7,0,0,39.17881957,-122.2331726,6011.0,32.48712117696199,0.0,7,7,0,0,7,7,21627,0,0,0,0,0
2020-06-16,US,California,Contra Costa,2026,49,0,37.91923498,-121.9289527,6013.0,175.63539963555218,2.418558736426456,1977,1983,44,0,1939,1959,1150215,43,5,0,38,24
2020-06-16,US,California,Del Norte,48,0,0,41.74228275,-123.89740630000001,6015.0,172.58737235725587,0.0,48,47,0,0,47,47,27828,1,0,0,1,0
2020-06-16,US,California,El Dorado,118,0,0,38.77965956,-120.5233166,6017.0,61.1896724278299,0.0,118,117,0,0,117,113,190678,1,0,0,1,4
2020-06-16,US,California,Fresno,2788,57,0,36.75733899,-119.6466953,6019.0,279.05086672918947,2.0444763271162123,2731,2706,55,0,2651,2547,994400,82,2,0,80,159
2020-06-16,US,California,Glenn,34,0,0,39.59875897,-122.3938452,6021.0,119.74782516817524,0.0,34,32,0,0,32,24,28047,2,0,0,2,8
2020-06-16,US,California,Humboldt,107,4,0,40.69923009,-123.876044,6023.0,78.93300284748962,3.7383177570093458,103,106,4,0,102,106,136373,1,0,0,1,0
2020-06-16,US,California,Imperial,4389,52,0,33.0393082,-115.36690420000001,6025.0,2421.984935021935,1.1847801321485532,4337,4298,47,0,4251,4157,181827,91,5,0,86,141
2020-06-16,US,California,Inyo,24,1,0,36.51112084,-117.41119779999998,6027.0,133.04506901712955,4.166666666666667,23,24,1,0,23,23,17987,0,0,0,0,1
2020-06-16,US,California,Kern,3452,54,0,35.34329425,-118.72777959999999,6029.0,383.46948795936913,1.5643105446118193,3398,3367,53,0,3314,3281,896764,85,1,0,84,86
2020-06-16,US,California,Kings,1831,8,0,36.07409056,-119.8159973,6031.0,1197.2015169347455,0.4369197160021846,1823,1831,6,0,1825,1759,151366,0,2,0,-2,72
2020-06-16,US,California,Lake,34,0,0,39.10124298,-122.75362439999999,6033.0,52.80651073214674,0.0,34,34,0,0,34,32,64382,0,0,0,0,2
2020-06-16,US,California,Lassen,9,0,0,40.67311306,-120.59350990000002,6035.0,29.43773918163085,0.0,9,9,0,0,9,9,30802,0,0,0,0,0
2020-06-16,US,California,Los Angeles,75162,2960,0,34.30828379,-118.22824109999999,6037.0,748.6920898442461,3.938160240547085,72202,73832,2926,0,70906,73018,10105518,1330,34,0,1296,814
2020-06-16,US,California,Madera,250,4,0,37.21513971,-119.76655890000002,6039.0,158.9047016723131,1.6,246,226,3,0,223,198,157672,24,1,0,23,28
2020-06-16,US,California,Marin,772,18,0,38.07122463,-122.72106310000001,6041.0,298.2698801511441,2.33160621761658,754,751,17,0,734,730,259666,21,1,0,20,21
2020-06-16,US,California,Mariposa,17,1,0,37.57978556,-119.9073334,6043.0,98.81997326047781,5.882352941176472,16,17,1,0,16,16,17471,0,0,0,0,1
2020-06-16,US,California,Mendocino,47,0,0,39.4381191,-123.39113130000001,6045.0,54.179298896817244,0.0,47,38,0,0,38,38,87606,9,0,0,9,0
2020-06-16,US,California,Merced,470,7,0,37.18922369,-120.72090349999999,6047.0,169.2595793719389,1.4893617021276595,463,409,7,0,402,409,274765,61,0,0,61,0
2020-06-16,US,California,Mono,37,1,0,37.93899289,-118.8872409,6051.0,256.1617280531709,2.702702702702702,36,37,1,0,36,37,14250,0,0,0,0,0
2020-06-16,US,California,Monterey,1015,12,0,36.21862405,-121.24133970000001,6053.0,233.8381010963897,1.1822660098522169,1003,995,12,0,983,949,435594,20,0,0,20,46
2020-06-16,US,California,Napa,199,3,0,38.50735751,-122.33283899999999,6055.0,144.47090254384946,1.5075376884422111,196,190,3,0,187,183,139417,9,0,0,9,7
2020-06-16,US,California,Nevada,57,1,0,39.30394768,-120.76272809999999,6057.0,57.13999298280788,1.7543859649122806,56,55,1,0,54,52,99696,2,0,0,2,3
2020-06-16,US,California,Orange,8999,233,0,33.70147516,-117.76459979999998,6059.0,283.37130930833337,2.5891765751750198,8766,8759,221,0,8538,8573,3185968,240,12,0,228,186
2020-06-16,US,California,Placer,411,9,0,39.06167234,-120.72405690000001,6061.0,103.18103878954331,2.18978102189781,402,390,9,0,381,372,393149,21,0,0,21,18
2020-06-16,US,California,Plumas,5,0,0,40.00355989,-120.8395236,6063.0,26.585845695751587,0.0,5,5,0,0,5,4,18804,0,0,0,0,1
2020-06-16,US,California,Riverside,11694,395,0,33.74314981,-115.9933578,6065.0,473.33666323152863,3.377800581494784,11299,11285,384,0,10901,10490,2450758,409,11,0,398,795
2020-06-16,US,California,Sacramento,1825,63,0,38.45106826,-121.34253740000001,6067.0,117.58581187043268,3.4520547945205484,1762,1794,63,0,1731,1753,1540975,31,0,0,31,41
2020-06-16,US,California,San Benito,129,2,0,36.60308176,-121.069975,6069.0,205.3878486816966,1.5503875968992251,127,129,2,0,127,125,61537,0,0,0,0,4
2020-06-16,US,California,San Bernardino,7796,228,0,34.84060306,-116.1774685,6071.0,357.600735751129,2.9245767060030783,7568,7515,228,0,7287,7359,2171603,281,0,0,281,156
2020-06-16,US,California,San Diego,9730,323,0,33.03484597,-116.73653259999999,6073.0,291.46309681787005,3.3196300102774923,9407,9610,320,0,9290,9440,3343364,120,3,0,117,170
2020-06-16,US,California,San Francisco,2971,46,0,37.75215114,-122.43856720000001,6075.0,337.0204038573012,1.5483002356109057,2925,2952,46,0,2906,2928,883305,19,0,0,19,24
2020-06-16,US,California,San Joaquin,1749,47,0,37.93433732,-121.2730061,6077.0,229.4829875562227,2.687249857061178,1702,1716,42,0,1674,1652,752660,33,5,0,28,64
2020-06-16,US,California,San Luis Obispo,356,1,0,35.38822029,-120.4039028,6079.0,125.74573223929836,0.2808988764044944,355,347,1,0,346,324,284010,9,0,0,9,23
2020-06-16,US,California,San Mateo,2625,99,0,37.422880799999994,-122.32755459999998,6081.0,342.43314074458664,3.7714285714285714,2526,2594,99,0,2495,2553,769545,31,0,0,31,41
2020-06-16,US,California,Santa Barbara,2115,22,0,34.65329488,-120.0188492,6083.0,473.6852714115821,1.0401891252955082,2093,2069,18,0,2051,1971,446527,46,4,0,42,98
2020-06-16,US,California,Santa Clara,3254,151,0,37.23104908,-121.6970462,6085.0,168.788890433498,4.640442532267979,3103,3230,151,0,3079,3197,1937570,24,0,0,24,33
2020-06-16,US,California,Santa Cruz,260,2,0,37.05580291,-122.0066524,6087.0,95.16384652267644,0.7692307692307693,258,257,2,0,255,257,274255,3,0,0,3,0
2020-06-16,US,California,Shasta,51,4,0,40.76391419,-122.0396884,6089.0,28.32074633496224,7.84313725490196,47,51,4,0,47,50,180040,0,0,0,0,1
2020-06-16,US,California,Sierra,1,0,0,39.57713498,-120.52007009999998,6091.0,33.277870216306155,0.0,1,1,0,0,1,1,2987,0,0,0,0,0
2020-06-16,US,California,Siskiyou,20,0,0,41.59198861,-122.54074340000001,6093.0,45.935827648774655,0.0,20,18,0,0,18,16,43724,2,0,0,2,2
2020-06-16,US,California,Solano,687,23,0,38.26827353,-121.9357113,6095.0,153.4705110992465,3.347889374090248,664,685,23,0,662,657,446610,2,0,0,2,28
2020-06-16,US,California,Sonoma,765,4,0,38.52746429,-122.88625060000001,6097.0,154.75304246504405,0.5228758169934641,761,758,4,0,754,752,499942,7,0,0,7,6
2020-06-16,US,California,Stanislaus,1267,35,0,37.55862499,-120.9970722,6099.0,230.0875313260451,2.7624309392265194,1232,1242,35,0,1207,1212,549815,25,0,0,25,30
2020-06-16,US,California,Sutter,89,3,0,39.03417539,-121.6945899,6101.0,91.7800167060255,3.3707865168539324,86,88,3,0,85,86,96807,1,0,0,1,2
2020-06-16,US,California,Tehama,28,1,0,40.12570935,-122.23701709999999,6103.0,43.02132628603036,3.571428571428572,27,27,1,0,26,21,63916,1,0,0,1,6
2020-06-16,US,California,Trinity,2,0,0,40.64917670000001,-123.114713,6105.0,16.28001628001628,0.0,2,2,0,0,2,2,12535,0,0,0,0,0
2020-06-16,US,California,Tulare,2664,98,0,36.22026558,-118.8020203,6107.0,571.4347000718582,3.678678678678679,2566,2664,98,0,2566,2564,465861,0,0,0,0,100
2020-06-16,US,California,Tuolumne,9,0,0,38.02644018,-119.95250929999999,6109.0,16.520430265428246,0.0,9,9,0,0,9,9,54539,0,0,0,0,0
2020-06-16,US,California,Ventura,1655,41,0,34.44465746,-119.09106129999999,6111.0,195.62509012938443,2.4773413897280965,1614,1633,41,0,1592,1518,850967,22,0,0,22,115
2020-06-16,US,California,Yolo,265,24,0,38.68278902,-121.90182879999999,6113.0,120.18140589569158,9.056603773584905,241,255,24,0,231,253,220408,10,0,0,10,2
2020-06-16,US,California,Yuba,37,1,0,39.26255932,-121.35356440000001,6115.0,47.033101133879086,2.702702702702702,36,36,1,0,35,35,78041,1,0,0,1,1
2020-06-16,US,Colorado,Adams,3771,146,0,39.87432092,-104.3362578,8001.0,728.806909653841,3.8716520816759483,3625,3759,144,0,3615,3743,511868,12,2,0,10,16
2020-06-16,US,Colorado,Alamosa,129,3,0,37.57250606,-105.7885451,8003.0,794.6775087784143,2.3255813953488373,126,127,3,0,124,118,16683,2,0,0,2,9
2020-06-16,US,Colorado,Arapahoe,4826,338,0,39.64977461,-104.3353617,8005.0,735.009671179884,7.0037297969332775,4488,4818,335,0,4483,4803,651215,8,3,0,5,15
2020-06-16,US,Colorado,Archuleta,8,0,0,37.19474156,-107.0476867,8007.0,57.02473447858009,0.0,8,8,0,0,8,8,13765,0,0,0,0,0
2020-06-16,US,Colorado,Baca,12,0,0,37.31940883,-102.5603223,8009.0,335.1019268360793,0.0,12,12,0,0,12,12,3585,0,0,0,0,0
2020-06-16,US,Colorado,Bent,3,0,0,37.95474293,-103.0720195,8011.0,53.79236148466918,0.0,3,3,0,0,3,3,5882,0,0,0,0,0
2020-06-16,US,Colorado,Boulder,1100,70,0,40.09313619,-105.3546767,8013.0,337.2205667758035,6.363636363636362,1030,1088,70,0,1018,1070,326078,12,0,0,12,18
2020-06-16,US,Colorado,Broomfield,268,28,0,39.95998787,-105.0566324,8014.0,380.3306606116511,10.447761194029852,240,265,28,0,237,264,69267,3,0,0,3,1
2020-06-16,US,Colorado,Chaffee,78,20,0,38.74745778,-106.19265729999998,8015.0,383.1794065631754,25.64102564102564,58,78,20,0,58,78,20027,0,0,0,0,0
2020-06-16,US,Colorado,Cheyenne,5,0,0,38.82777431,-102.6032558,8017.0,273.07482250136536,0.0,5,5,0,0,5,5,1876,0,0,0,0,0
2020-06-16,US,Colorado,Clear Creek,17,1,0,39.68864463,-105.6463118,8019.0,175.2577319587629,5.882352941176472,16,17,1,0,16,17,9605,0,0,0,0,0
2020-06-16,US,Colorado,Conejos,7,0,0,37.201606,-106.19174879999998,8021.0,85.31383302864106,0.0,7,5,0,0,5,5,8200,2,0,0,2,0
2020-06-16,US,Colorado,Costilla,15,0,0,37.27732493,-105.4276548,8023.0,385.9017236943658,0.0,15,15,0,0,15,14,3828,0,0,0,0,1
2020-06-16,US,Colorado,Crowley,68,1,0,38.32608609,-103.7844965,8025.0,1121.927074740142,1.4705882352941178,67,68,1,0,67,67,5858,0,0,0,0,1
2020-06-16,US,Colorado,Custer,2,0,0,38.10883162,-105.3683478,8027.0,39.463299131807425,0.0,2,2,0,0,2,2,4954,0,0,0,0,0
2020-06-16,US,Colorado,Delta,78,1,0,38.86246243,-107.8631342,8029.0,250.30485848148385,1.2820512820512822,77,78,1,0,77,77,30953,0,0,0,0,1
2020-06-16,US,Colorado,Denver,6401,363,0,39.76018276,-104.8725695,8031.0,880.212208011155,5.670988907983128,6038,6376,364,0,6012,6330,716492,25,-1,0,26,46
2020-06-16,US,Colorado,Douglas,815,50,0,39.33133796,-104.930001,8035.0,232.0919026979616,6.1349693251533735,765,807,49,0,758,801,342776,8,1,0,7,6
2020-06-16,US,Colorado,Eagle,628,8,0,39.62754308,-106.6933637,8037.0,1139.1876938705173,1.2738853503184713,620,626,8,0,618,625,54993,2,0,0,2,1
2020-06-16,US,Colorado,El Paso,1960,106,0,38.83240149,-104.5251411,8041.0,272.0699386315715,5.408163265306122,1854,1941,103,0,1838,1932,713856,19,3,0,16,9
2020-06-16,US,Colorado,Elbert,54,2,0,39.28656773,-104.1358721,8039.0,202.02776011074118,3.703703703703704,52,54,2,0,52,54,26282,0,0,0,0,0
2020-06-16,US,Colorado,Fremont,29,0,0,38.47362326,-105.4399667,8043.0,60.61999623737954,0.0,29,29,0,0,29,29,48021,0,0,0,0,0
2020-06-16,US,Colorado,Garfield,195,2,0,39.59921777,-107.902708,8045.0,324.6699189157689,1.0256410256410255,193,193,2,0,191,184,59770,2,0,0,2,9
2020-06-16,US,Colorado,Gilpin,6,0,0,39.85646523,-105.5252597,8047.0,96.10764055742432,0.0,6,6,0,0,6,6,6121,0,0,0,0,0
2020-06-16,US,Colorado,Grand,17,0,0,40.10603347,-106.1178042,8049.0,108.04626922588028,0.0,17,17,0,0,17,16,15525,0,0,0,0,1
2020-06-16,US,Colorado,Gunnison,182,6,0,38.66611652,-107.0320729,8051.0,1042.2632000916276,3.2967032967032965,176,181,6,0,175,181,17246,1,0,0,1,0
2020-06-16,US,Colorado,Hinsdale,3,0,0,37.82247444,-107.3004345,8053.0,365.8536585365854,0.0,3,3,0,0,3,3,811,0,0,0,0,0
2020-06-16,US,Colorado,Huerfano,3,0,0,37.68473101,-104.9612585,8055.0,43.497172683775545,0.0,3,3,0,0,3,3,6889,0,0,0,0,0
2020-06-16,US,Colorado,Jefferson,2477,198,0,39.58635604,-105.2517692,8059.0,424.9580960779301,7.993540573274123,2279,2466,198,0,2268,2458,580233,11,0,0,11,8
2020-06-16,US,Colorado,Kit Carson,31,3,0,39.30497777,-102.6022199,8063.0,436.80428350007037,9.677419354838712,28,31,3,0,28,31,7163,0,0,0,0,0
2020-06-16,US,Colorado,La Plata,86,1,0,37.28632032,-107.8429014,8067.0,152.96775226338912,1.162790697674419,85,85,1,0,84,84,56310,1,0,0,1,1
2020-06-16,US,Colorado,Lake,39,0,0,39.20278823,-106.3555697,8065.0,479.8818752307125,0.0,39,39,0,0,39,39,7824,0,0,0,0,0
2020-06-16,US,Colorado,Larimer,659,29,0,40.66671597,-105.4625784,8069.0,184.6460763409256,4.400606980273142,630,652,27,0,625,647,350518,7,2,0,5,5
2020-06-16,US,Colorado,Las Animas,7,0,0,37.3153406,-104.0376458,8071.0,48.25589411278092,0.0,7,7,0,0,7,6,14503,0,0,0,0,1
2020-06-16,US,Colorado,Lincoln,3,0,0,38.98749519,-103.5136649,8073.0,52.62234695667427,0.0,3,3,0,0,3,3,5610,0,0,0,0,0
2020-06-16,US,Colorado,Logan,633,5,0,40.7249637,-103.110817,8075.0,2824.7579097683965,0.7898894154818326,628,633,5,0,628,633,21528,0,0,0,0,0
2020-06-16,US,Colorado,Mesa,81,0,0,39.01787888,-108.469799,8077.0,52.52577653848648,0.0,81,72,0,0,72,69,153207,9,0,0,9,3
2020-06-16,US,Colorado,Mineral,2,0,0,37.66954283,-106.9281698,8079.0,260.0780234070221,0.0,2,2,0,0,2,2,776,0,0,0,0,0
2020-06-16,US,Colorado,Moffat,8,0,0,40.61810999,-108.2070876,8081.0,60.22735827749755,0.0,8,8,0,0,8,8,13188,0,0,0,0,0
2020-06-16,US,Colorado,Montezuma,65,3,0,37.33859579,-108.5958857,8083.0,248.25268303861287,4.615384615384615,62,62,3,0,59,60,26158,3,0,0,3,2
2020-06-16,US,Colorado,Montrose,197,12,0,38.40214114,-108.26390220000002,8085.0,460.73249450395247,6.091370558375634,185,195,12,0,183,195,42214,2,0,0,2,0
2020-06-16,US,Colorado,Morgan,646,45,0,40.26279810000001,-103.8093302,8087.0,2222.375120407321,6.965944272445821,601,646,45,0,601,646,28558,0,0,0,0,0
2020-06-16,US,Colorado,Otero,22,1,0,37.9014485,-103.7173385,8089.0,120.3632782580151,4.545454545454546,21,22,1,0,21,22,18432,0,0,0,0,0
2020-06-16,US,Colorado,Ouray,8,1,0,38.14717457,-107.7675136,8091.0,161.55088852988692,12.5,7,8,1,0,7,8,4833,0,0,0,0,0
2020-06-16,US,Colorado,Park,23,0,0,39.120926,-105.7182065,8093.0,122.04828867073496,0.0,23,23,0,0,23,23,18556,0,0,0,0,0
2020-06-16,US,Colorado,Phillips,15,0,0,40.59414277,-102.3577703,8095.0,351.6998827667058,0.0,15,15,0,0,15,15,4286,0,0,0,0,0
2020-06-16,US,Colorado,Pitkin,72,2,0,39.21720112,-106.9310027,8097.0,405.2456801936174,2.7777777777777777,70,67,2,0,65,65,17950,5,0,0,5,2
2020-06-16,US,Colorado,Prowers,16,0,0,37.95544985,-102.3926052,8099.0,131.44922773578705,0.0,16,16,0,0,16,16,12164,0,0,0,0,0
2020-06-16,US,Colorado,Pueblo,351,23,0,38.17359144,-104.5127437,8101.0,208.40260295444833,6.552706552706553,328,352,22,0,330,352,167529,-1,1,0,-2,0
2020-06-16,US,Colorado,Rio Blanco,2,0,0,39.97913541,-108.2179009,8103.0,31.625553447185325,0.0,2,1,0,0,1,1,6336,1,0,0,1,0
2020-06-16,US,Colorado,Rio Grande,55,0,0,37.5836865,-106.3847838,8105.0,488.15123812904943,0.0,55,54,0,0,54,53,11250,1,0,0,1,1
2020-06-16,US,Colorado,Routt,63,6,0,40.48596505,-106.9905548,8107.0,245.72899602153052,9.523809523809524,57,63,6,0,57,64,25733,0,0,0,0,-1
2020-06-16,US,Colorado,Saguache,99,2,0,38.08054629,-106.282466,8109.0,1450.762016412661,2.0202020202020203,97,99,2,0,97,98,6843,0,0,0,0,1
2020-06-16,US,Colorado,San Juan,1,0,0,37.76248981,-107.67632890000002,8111.0,137.36263736263737,0.0,1,1,0,0,1,1,762,0,0,0,0,0
2020-06-16,US,Colorado,San Miguel,25,0,0,38.00450883,-108.4020725,8113.0,305.6608387333415,0.0,25,24,0,0,24,24,8191,1,0,0,1,0
2020-06-16,US,Colorado,Summit,258,3,0,39.63803232,-106.1150762,8117.0,831.9628518912642,1.162790697674419,255,257,2,0,255,256,31007,1,1,0,0,1
2020-06-16,US,Colorado,Teller,39,2,0,38.88133511,-105.1614893,8119.0,153.61588151882782,5.128205128205129,37,38,2,0,36,38,25083,1,0,0,1,0
2020-06-16,US,Colorado,Washington,44,0,0,39.97015535,-103.202587,8121.0,896.4955175224122,0.0,44,44,0,0,44,44,4909,0,0,0,0,0
2020-06-16,US,Colorado,Weld,2671,136,0,40.55499405,-104.3929621,8123.0,823.132773689336,5.091725945338824,2535,2666,136,0,2530,2656,314305,5,0,0,5,10
2020-06-16,US,Colorado,Yuma,49,0,0,40.00346839,-102.4258673,8125.0,489.0707655454637,0.0,49,49,0,0,49,48,10020,0,0,0,0,1
2020-06-16,US,Connecticut,Fairfield,16359,1350,0,41.26809896,-73.3881171,9001.0,1734.1720624340105,8.25233816247937,15009,16338,1347,0,14991,16306,943823,21,3,0,18,32
2020-06-16,US,Connecticut,Hartford,11261,1330,0,41.80283011,-72.73103891,9003.0,1262.8403534741847,11.810674007636976,9931,11231,1328,0,9903,11218,892697,30,2,0,28,13
2020-06-16,US,Connecticut,Litchfield,1443,135,0,41.7937534,-73.2451475,9005.0,800.1863219710202,9.355509355509355,1308,1441,135,0,1306,1442,181111,2,0,0,2,-1
2020-06-16,US,Connecticut,Middlesex,1235,171,0,41.45949668,-72.53714864,9007.0,760.2994410106136,13.846153846153848,1064,1233,171,0,1062,1229,162682,2,0,0,2,4
2020-06-16,US,Connecticut,New Haven,12078,1046,0,41.408032500000004,-72.93620426,9009.0,1413.033177850547,8.660374234144728,11032,12055,1045,0,11010,12034,857620,23,1,0,22,21
2020-06-16,US,Connecticut,New London,1276,102,0,41.48896435,-72.10430976,9011.0,481.1354192589911,7.993730407523512,1174,1240,102,0,1138,1236,266784,36,0,0,36,4
2020-06-16,US,Connecticut,Tolland,888,62,0,41.85853803,-72.3308481,9013.0,589.1680654985039,6.981981981981982,826,888,62,0,826,888,150921,0,0,0,0,0
2020-06-16,US,Connecticut,Unassigned,340,0,0,0.0,0.0,90009.0,0.0,0.0,340,342,0,0,342,270,,-2,0,0,-2,72
2020-06-16,US,Connecticut,Windham,469,14,0,41.82972709,-71.98182316,9015.0,401.6029867616585,2.985074626865672,455,467,14,0,453,465,117027,2,0,0,2,2
2020-06-16,US,Delaware,Kent,1573,84,0,39.08646628,-75.56884914,10001.0,870.0894980806037,5.340114431023522,1489,1565,83,0,1482,1557,178550,8,1,0,7,8
2020-06-16,US,Delaware,New Castle,4386,190,0,39.57992638,-75.64054974,10003.0,784.96222839072,4.331965344277246,4196,4345,190,0,4155,4287,559335,41,0,0,41,58
2020-06-16,US,Delaware,Sussex,4428,150,0,38.66143781,-75.39031349,10005.0,1890.4899135446685,3.3875338753387534,4278,4416,150,0,4266,4406,229286,12,0,0,12,10
2020-06-16,US,Delaware,Unassigned,16,0,0,0.0,0.0,90010.0,0.0,0.0,16,14,0,0,14,14,,2,0,0,2,0
2020-06-16,US,District of Columbia,District of Columbia,9818,520,0,38.90417773,-77.01655992,11001.0,1391.146144025709,5.2963943776736615,9298,9799,515,0,9284,9767,702455,19,5,0,14,32
2020-06-16,US,Florida,Alachua,564,10,0,29.67866525,-82.35928158,12001.0,209.6319175745141,1.7730496453900708,554,551,10,0,541,541,269956,13,0,0,13,10
2020-06-16,US,Florida,Baker,34,4,0,30.33060121,-82.28467476,12003.0,116.39849366655257,11.764705882352944,30,30,4,0,26,30,28355,4,0,0,4,0
2020-06-16,US,Florida,Bay,157,4,0,30.26548745,-85.62122584,12005.0,89.86577373286396,2.5477707006369426,153,153,4,0,149,145,185287,4,0,0,4,8
2020-06-16,US,Florida,Bradford,53,2,0,29.95079741,-82.16611613,12007.0,187.93659799297896,3.7735849056603774,51,52,2,0,50,52,27732,1,0,0,1,0
2020-06-16,US,Florida,Brevard,608,16,0,28.29409504,-80.73091022,12009.0,101.00640925537675,2.631578947368421,592,565,15,0,550,545,596849,43,1,0,42,20
2020-06-16,US,Florida,Broward,9498,358,0,26.15184651,-80.48725556,12011.0,486.38401292927307,3.7692145714887344,9140,9086,358,0,8728,8928,1951260,412,0,0,412,158
2020-06-16,US,Florida,Calhoun,66,5,0,30.40666734,-85.19394153,12013.0,467.9191775965969,7.575757575757576,61,66,5,0,61,66,14587,0,0,0,0,0
2020-06-16,US,Florida,Charlotte,543,73,0,26.90131002,-81.92949121,12015.0,287.43846276004444,13.443830570902396,470,537,73,0,464,532,184998,6,0,0,6,5
2020-06-16,US,Florida,Citrus,152,12,0,28.84804315,-82.47614748,12017.0,101.5655799595074,7.894736842105262,140,150,12,0,138,143,147929,2,0,0,2,7
2020-06-16,US,Florida,Clay,443,32,0,29.98319144,-81.85609986,12019.0,202.05060843230618,7.223476297968397,411,440,32,0,408,435,216072,3,0,0,3,5
2020-06-16,US,Florida,Collier,2729,60,0,26.11091986,-81.34687065,12021.0,709.0116445225017,2.198607548552584,2669,2592,60,0,2532,2526,378488,137,0,0,137,66
2020-06-16,US,Florida,Columbia,187,2,0,30.22509788,-82.62160164,12023.0,260.8598610607371,1.0695187165775402,185,183,2,0,181,182,70503,4,0,0,4,1
2020-06-16,US,Florida,DeSoto,402,10,0,27.18677893,-81.80941373,12027.0,1057.86689823952,2.487562189054726,392,387,10,0,377,361,37489,15,0,0,15,26
2020-06-16,US,Florida,Dixie,60,3,0,29.60631086,-83.15724673,12029.0,356.59099013431586,5.0,57,60,3,0,57,60,16700,0,0,0,0,0
2020-06-16,US,Florida,Duval,2112,59,0,30.33225875,-81.66976468,12031.0,220.51568511780152,2.7935606060606064,2053,2032,57,0,1975,1990,950181,80,2,0,78,42
2020-06-16,US,Florida,Escambia,1020,38,0,30.67652764,-87.37284571,12033.0,320.43629600774074,3.725490196078432,982,999,38,0,961,985,315534,21,0,0,21,14
2020-06-16,US,Florida,Flagler,208,5,0,29.45933576,-81.31508595,12035.0,180.7422597996194,2.4038461538461537,203,207,5,0,202,207,112067,1,0,0,1,0
2020-06-16,US,Florida,Franklin,2,0,0,29.83791238,-84.82731662,12037.0,16.49484536082474,0.0,2,2,0,0,2,2,11736,0,0,0,0,0
2020-06-16,US,Florida,Gadsden,309,5,0,30.57796289,-84.61915825,12039.0,676.7411300919842,1.6181229773462784,304,305,4,0,301,304,45894,4,1,0,3,1
2020-06-16,US,Florida,Gilchrist,73,0,0,29.72856978,-82.79880657,12041.0,392.8532988914003,0.0,73,26,0,0,26,26,18256,47,0,0,47,0
2020-06-16,US,Florida,Glades,118,1,0,26.95635849,-81.18996211,12043.0,854.3914271233075,0.8474576271186439,117,116,1,0,115,114,13724,2,0,0,2,2
2020-06-16,US,Florida,Gulf,11,0,0,29.93543004,-85.24270990000002,12045.0,80.65107412566906,0.0,11,9,0,0,9,8,16164,2,0,0,2,1
2020-06-16,US,Florida,Hamilton,277,2,0,30.49673973,-82.94998918,12047.0,1919.8780149708898,0.7220216606498195,275,272,2,0,270,271,14310,5,0,0,5,1
2020-06-16,US,Florida,Hardee,213,1,0,27.49293939,-81.80956574,12049.0,790.7339347366078,0.4694835680751174,212,205,0,0,205,196,27245,8,1,0,7,9
2020-06-16,US,Florida,Hendry,659,20,0,26.55386945,-81.16469006,12051.0,1568.2261672457284,3.0349013657056148,639,650,20,0,630,638,41556,9,0,0,9,12
2020-06-16,US,Florida,Hernando,146,5,0,28.55364461,-82.42700204,12053.0,75.2887788778878,3.4246575342465757,141,141,5,0,136,140,190865,5,0,0,5,1
2020-06-16,US,Florida,Highlands,192,9,0,27.34254618,-81.34071957,12055.0,180.7552178947666,4.6875,183,172,9,0,163,171,105424,20,0,0,20,1
2020-06-16,US,Florida,Hillsborough,4029,103,0,27.9276559,-82.32013172,12057.0,273.71518946064043,2.5564656242243733,3926,3826,99,0,3727,3613,1436888,203,4,0,199,213
2020-06-16,US,Florida,Holmes,31,0,0,30.86747479,-85.81319222,12059.0,158.02620176377633,0.0,31,31,0,0,31,31,19477,0,0,0,0,0
2020-06-16,US,Florida,Indian River,234,12,0,27.69308961,-80.60556721,12061.0,146.32041670053712,5.128205128205129,222,216,12,0,204,205,157413,18,0,0,18,11
2020-06-16,US,Florida,Jackson,326,1,0,30.795459700000002,-85.21500423,12063.0,702.3742836213213,0.3067484662576687,325,320,1,0,319,319,48305,6,0,0,6,1
2020-06-16,US,Florida,Jefferson,33,4,0,30.43669112,-83.89442308,12065.0,231.6439702372596,12.12121212121212,29,32,4,0,28,32,14288,1,0,0,1,0
2020-06-16,US,Florida,Lafayette,15,0,0,29.98484137,-83.18166636,12067.0,178.1049631916409,0.0,15,13,0,0,13,13,8732,2,0,0,2,0
2020-06-16,US,Florida,Lake,498,16,0,28.76202069,-81.7125123,12069.0,135.6512075136605,3.21285140562249,482,482,16,0,466,464,356495,16,0,0,16,18
2020-06-16,US,Florida,Lee,3015,136,0,26.58410348,-81.88399313,12071.0,391.26524669176473,4.51077943615257,2879,2877,132,0,2745,2836,754610,138,4,0,134,41
2020-06-16,US,Florida,Leon,483,8,0,30.45955727,-84.27491114,12073.0,164.5196231376583,1.6563146997929608,475,474,8,0,466,469,292502,9,0,0,9,5
2020-06-16,US,Florida,Levy,127,1,0,29.31829741,-82.74007147,12075.0,306.0019757607884,0.7874015748031497,126,101,1,0,100,100,40770,26,0,0,26,1
2020-06-16,US,Florida,Liberty,220,1,0,30.23766008,-84.8829258,12077.0,2633.4689968877187,0.4545454545454545,219,220,1,0,219,219,8457,0,0,0,0,1
2020-06-16,US,Florida,Madison,84,3,0,30.44396917,-83.47398594,12079.0,454.2259233223382,3.571428571428572,81,82,3,0,79,79,18529,2,0,0,2,3
2020-06-16,US,Florida,Manatee,1483,116,0,27.47196942,-82.31831044,12081.0,367.7591983196653,7.821982467970329,1367,1421,115,0,1306,1377,394855,62,1,0,61,44
2020-06-16,US,Florida,Marion,325,8,0,29.21227113,-82.05803627,12083.0,88.90007358190704,2.4615384615384617,317,315,8,0,307,311,359977,10,0,0,10,4
2020-06-16,US,Florida,Martin,1296,18,0,27.0772071,-80.43109784,12085.0,804.9689440993789,1.3888888888888888,1278,1218,18,0,1200,1170,160912,78,0,0,78,48
2020-06-16,US,Florida,Miami-Dade,22741,847,0,25.6112362,-80.55170587,12086.0,837.0078102571275,3.724550371575568,21894,22197,826,0,21371,21917,2761581,544,21,0,523,280
2020-06-16,US,Florida,Monroe,131,4,0,25.20904673,-81.07812416,12087.0,176.48326776957487,3.053435114503817,127,130,4,0,126,129,75027,1,0,0,1,1
2020-06-16,US,Florida,Nassau,94,1,0,30.61037141,-81.80297522,12089.0,106.06488011283498,1.0638297872340423,93,93,1,0,92,92,85832,1,0,0,1,1
2020-06-16,US,Florida,Okaloosa,344,6,0,30.69143028,-86.59267105,12091.0,163.23586633639874,1.7441860465116281,338,337,6,0,331,332,207269,7,0,0,7,5
2020-06-16,US,Florida,Okeechobee,195,0,0,27.386336199999995,-80.88944347,12093.0,462.4359704040979,0.0,195,189,0,0,189,183,41537,6,0,0,6,6
2020-06-16,US,Florida,Orange,3437,47,0,28.51367621,-81.31799498,12095.0,246.6536342837787,1.3674716322374163,3390,3282,46,0,3236,3130,1380645,155,1,0,154,152
2020-06-16,US,Florida,Osceola,866,21,0,28.06312234,-81.14882926,12097.0,230.47177519154968,2.424942263279445,845,848,21,0,827,838,367990,18,0,0,18,10
2020-06-16,US,Florida,Palm Beach,9262,438,0,26.64676272,-80.46536002,12099.0,618.7991474976117,4.729000215936083,8824,9015,429,0,8586,8833,1485941,247,9,0,238,182
2020-06-16,US,Florida,Pasco,560,16,0,28.30810945,-82.40227529,12101.0,101.09270381462488,2.8571428571428568,544,543,15,0,528,521,539630,17,1,0,16,22
2020-06-16,US,Florida,Pinellas,2523,107,0,27.93130349,-82.72239666,12103.0,258.77029239094315,4.240982956797462,2416,2389,102,0,2287,2235,975280,134,5,0,129,154
2020-06-16,US,Florida,Polk,1566,75,0,27.95027105,-81.69732947,12105.0,216.06645906258063,4.789272030651341,1491,1509,75,0,1434,1466,708009,57,0,0,57,43
2020-06-16,US,Florida,Putnam,198,6,0,29.60779729,-81.74230285,12107.0,265.69691764737456,3.0303030303030303,192,191,6,0,185,190,74163,7,0,0,7,1
2020-06-16,US,Florida,Santa Rosa,297,9,0,30.69341450000001,-87.02458128,12113.0,161.13893214260526,3.0303030303030303,288,293,9,0,284,291,179349,4,0,0,4,2
2020-06-16,US,Florida,Sarasota,789,92,0,27.18546175,-82.33174248,12115.0,181.90537231810612,11.660329531051964,697,780,91,0,689,767,426718,9,1,0,8,13
2020-06-16,US,Florida,Seminole,836,13,0,28.7158582,-81.24060348,12117.0,177.18396188425393,1.5550239234449759,823,790,13,0,777,759,467832,46,0,0,46,31
2020-06-16,US,Florida,St. Johns,333,6,0,29.90096506,-81.43589967,12109.0,125.81610446137104,1.8018018018018016,327,315,6,0,309,307,254261,18,0,0,18,8
2020-06-16,US,Florida,St. Lucie,981,38,0,27.37763908,-80.47106649,12111.0,298.81479270294886,3.873598369011213,943,926,36,0,890,883,321128,55,2,0,53,43
2020-06-16,US,Florida,Sumter,268,17,0,28.70181754,-82.0794267,12119.0,202.3863464733424,6.343283582089553,251,267,17,0,250,266,128754,1,0,0,1,1
2020-06-16,US,Florida,Suwannee,208,18,0,30.19746066,-82.99099670000003,12121.0,468.28916856158685,8.653846153846152,190,200,18,0,182,196,44191,8,0,0,8,4
2020-06-16,US,Florida,Taylor,60,0,0,30.04848048,-83.60445406,12123.0,278.1770133061338,0.0,60,59,0,0,59,54,21623,1,0,0,1,5
2020-06-16,US,Florida,Unassigned,97,0,0,0.0,0.0,90012.0,0.0,0.0,97,97,0,0,97,102,,0,0,0,0,-5
2020-06-16,US,Florida,Union,38,1,0,30.04412971,-82.37497443,12125.0,249.39292511649282,2.631578947368421,37,38,1,0,37,38,14940,0,0,0,0,0
2020-06-16,US,Florida,Volusia,969,49,0,29.05858895,-81.18263252,12127.0,175.13609647125165,5.056759545923633,920,946,48,0,898,928,547538,23,1,0,22,18
2020-06-16,US,Florida,Wakulla,35,1,0,30.16548905,-84.39895211,12129.0,103.7375144491538,2.8571428571428568,34,35,1,0,34,35,32461,0,0,0,0,0
2020-06-16,US,Florida,Walton,152,9,0,30.64204028,-86.16935664,12131.0,205.20851615342042,5.921052631578947,143,150,9,0,141,148,71375,2,0,0,2,2
2020-06-16,US,Florida,Washington,94,9,0,30.61359259,-85.66002461,12133.0,369.01817610803596,9.574468085106382,85,91,9,0,82,92,24880,3,0,0,3,-1
2020-06-16,US,Georgia,Appling,207,13,0,31.74847232,-82.28909114,13001.0,1125.8566300445993,6.280193236714977,194,204,13,0,191,205,18507,3,0,0,3,-1
2020-06-16,US,Georgia,Atkinson,77,2,0,31.29633502,-82.87545866,13003.0,943.0496019595836,2.5974025974025974,75,76,2,0,74,75,8297,1,0,0,1,1
2020-06-16,US,Georgia,Bacon,181,3,0,31.55456473,-82.45936528,13005.0,1621.2826943747764,1.6574585635359116,178,177,3,0,174,176,11185,4,0,0,4,1
2020-06-16,US,Georgia,Baker,36,3,0,31.32669878,-84.44218806,13007.0,1184.990125082291,8.333333333333334,33,37,3,0,34,37,3092,-1,0,0,-1,0
2020-06-16,US,Georgia,Baldwin,430,32,0,33.06882326,-83.24701748,13009.0,957.897081755402,7.441860465116278,398,429,32,0,397,426,44823,1,0,0,1,3
2020-06-16,US,Georgia,Banks,110,1,0,34.35607081,-83.49644388,13011.0,571.9039201414163,0.9090909090909092,109,109,1,0,108,108,18988,1,0,0,1,1
2020-06-16,US,Georgia,Barrow,395,23,0,33.99148694,-83.71436292,13013.0,474.53147525228263,5.822784810126582,372,388,23,0,365,382,80809,7,0,0,7,6
2020-06-16,US,Georgia,Bartow,562,39,0,34.23732119,-84.83887523,13015.0,521.6358202305594,6.93950177935943,523,548,39,0,509,543,106408,14,0,0,14,5
2020-06-16,US,Georgia,Ben Hill,104,1,0,31.76095874,-83.22145359,13017.0,622.754491017964,0.9615384615384616,103,105,1,0,104,104,16787,-1,0,0,-1,1
2020-06-16,US,Georgia,Berrien,77,0,0,31.27590016,-83.22529920000002,13019.0,396.9686033922772,0.0,77,73,0,0,73,68,19252,4,0,0,4,5
2020-06-16,US,Georgia,Bibb,560,35,0,32.80904227,-83.70489165,13021.0,365.6331002422319,6.25,525,542,36,0,506,532,153095,18,-1,0,19,10
2020-06-16,US,Georgia,Bleckley,52,1,0,32.43829035,-83.33035166,13023.0,403.9462440767498,1.9230769230769231,51,54,1,0,53,54,12838,-2,0,0,-2,0
2020-06-16,US,Georgia,Brantley,70,2,0,31.19576557,-81.97743999,13025.0,366.3195352975038,2.8571428571428568,68,69,2,0,67,68,18897,1,0,0,1,1
2020-06-16,US,Georgia,Brooks,99,11,0,30.83922642,-83.58303423,13027.0,640.4865109659054,11.111111111111109,88,98,11,0,87,96,15513,1,0,0,1,2
2020-06-16,US,Georgia,Bryan,87,5,0,32.00979311,-81.44002948,13029.0,219.5472783708078,5.747126436781608,82,86,5,0,81,86,38109,1,0,0,1,0
2020-06-16,US,Georgia,Bulloch,110,3,0,32.39577406,-81.74811421,13031.0,138.17706763139384,2.727272727272727,107,108,3,0,105,96,77296,2,0,0,2,12
2020-06-16,US,Georgia,Burke,126,6,0,33.05917989,-81.99928721,13033.0,562.9272215520708,4.761904761904762,120,126,6,0,120,125,22423,0,0,0,0,1
2020-06-16,US,Georgia,Butts,246,32,0,33.283094500000004,-83.95435040000002,13035.0,986.5255052935516,13.008130081300811,214,245,32,0,213,245,24193,1,0,0,1,0
2020-06-16,US,Georgia,Calhoun,149,6,0,31.53169785,-84.62725131,13037.0,2407.49717240265,4.026845637583893,143,148,6,0,142,146,6352,1,0,0,1,2
2020-06-16,US,Georgia,Camden,75,1,0,30.92951916,-81.66601818,13039.0,137.19679508286686,1.3333333333333333,74,75,1,0,74,73,53677,0,0,0,0,2
2020-06-16,US,Georgia,Candler,17,0,0,32.40209349,-82.07702563,13043.0,157.36369526983245,0.0,17,17,0,0,17,17,10836,0,0,0,0,0
2020-06-16,US,Georgia,Carroll,619,39,0,33.58138199,-85.07976677,13045.0,515.8677245149677,6.30048465266559,580,614,37,0,577,614,118121,5,2,0,3,0
2020-06-16,US,Georgia,Catoosa,249,3,0,34.89872298,-85.13757014,13047.0,368.45220479431777,1.2048192771084338,246,234,0,0,234,228,67420,15,3,0,12,6
2020-06-16,US,Georgia,Charlton,37,2,0,30.78371028,-82.13951596,13049.0,276.284348864994,5.405405405405406,35,39,1,0,38,38,12968,-2,1,0,-3,1
2020-06-16,US,Georgia,Chatham,651,30,0,32.00043026,-81.12489526,13051.0,224.92485229589192,4.6082949308755765,621,636,31,0,605,616,289195,15,-1,0,16,20
2020-06-16,US,Georgia,Chattahoochee,272,0,0,32.34341231,-84.78809239,13053.0,2493.811313835152,0.0,272,252,0,0,252,251,10684,20,0,0,20,1
2020-06-16,US,Georgia,Chattooga,41,2,0,34.47197698,-85.34535662,13055.0,165.39594174835614,4.878048780487805,39,36,2,0,34,34,24790,5,0,0,5,2
2020-06-16,US,Georgia,Cherokee,1052,38,0,34.24393976,-84.47431861,13057.0,406.53391196144884,3.612167300380228,1014,1040,38,0,1002,1029,254149,12,0,0,12,11
2020-06-16,US,Georgia,Clarke,353,15,0,33.95436462,-83.37124007,13059.0,275.06993633650484,4.2492917847025495,338,348,15,0,333,342,127330,5,0,0,5,6
2020-06-16,US,Georgia,Clay,53,2,0,31.62221166,-84.97713865,13061.0,1870.1482004234297,3.7735849056603774,51,52,2,0,50,52,2887,1,0,0,1,0
2020-06-16,US,Georgia,Clayton,1461,73,0,33.54187245,-84.35594188,13063.0,499.90419358370735,4.996577686516084,1388,1440,72,0,1368,1431,289615,21,1,0,20,9
2020-06-16,US,Georgia,Clinch,80,2,0,30.91395822,-82.70432472,13065.0,1208.8244182532487,2.5,78,80,2,0,78,80,6648,0,0,0,0,0
2020-06-16,US,Georgia,Cobb,3679,218,0,33.94243204,-84.5761255,13067.0,483.9891546436779,5.925523240010872,3461,3618,217,0,3401,3581,756865,61,1,0,60,37
2020-06-16,US,Georgia,Coffee,359,14,0,31.54892966,-82.85492059999999,13069.0,829.6166200633189,3.899721448467967,345,346,14,0,332,344,43093,13,0,0,13,2
2020-06-16,US,Georgia,Colquitt,697,17,0,31.18810588,-83.7677946,13071.0,1528.508771929825,2.4390243902439024,680,679,17,0,662,662,45592,18,0,0,18,17
2020-06-16,US,Georgia,Columbia,305,8,0,33.54534185,-82.263524,13073.0,194.6220503592532,2.622950819672131,297,301,8,0,293,300,154291,4,0,0,4,1
2020-06-16,US,Georgia,Cook,78,1,0,31.16068491,-83.42947229,13075.0,451.65026056745796,1.2820512820512822,77,75,1,0,74,72,17162,3,0,0,3,3
2020-06-16,US,Georgia,Coweta,519,12,0,33.35334302,-84.76129976,13077.0,349.47376926650907,2.3121387283237,507,515,12,0,503,511,145864,4,0,0,4,4
2020-06-16,US,Georgia,Crawford,32,0,0,32.71391813,-83.98061238,13079.0,257.9812963560142,0.0,32,32,0,0,32,32,12318,0,0,0,0,0
2020-06-16,US,Georgia,Crisp,246,11,0,31.92289565,-83.76811843,13081.0,1099.5887716788845,4.4715447154471555,235,242,10,0,232,242,22601,4,1,0,3,0
2020-06-16,US,Georgia,Dade,51,1,0,34.854916700000004,-85.50490424,13083.0,316.4556962025317,1.96078431372549,50,48,1,0,47,48,16226,3,0,0,3,0
2020-06-16,US,Georgia,Dawson,121,3,0,34.44244079,-84.16964071,13085.0,463.4594760226751,2.479338842975207,118,119,3,0,116,118,25083,2,0,0,2,1
2020-06-16,US,Georgia,DeKalb,4411,152,0,33.76944049,-84.22396017,13089.0,580.9320990337114,3.445930627975516,4259,4355,148,0,4207,4311,756558,56,4,0,52,44
2020-06-16,US,Georgia,Decatur,236,8,0,30.87967778,-84.57619536,13087.0,893.8039690955916,3.3898305084745757,228,224,8,0,216,224,26575,12,0,0,12,0
2020-06-16,US,Georgia,Dodge,59,2,0,32.17265114,-83.16948926,13091.0,286.33826741082265,3.3898305084745757,57,56,2,0,54,54,20705,3,0,0,3,2
2020-06-16,US,Georgia,Dooly,193,12,0,32.15630737,-83.79746561,13093.0,1441.374159820762,6.217616580310881,181,191,12,0,179,196,13706,2,0,0,2,-5
2020-06-16,US,Georgia,Dougherty,1841,151,0,31.53328528,-84.21722377,13095.0,2093.0920005457274,8.202064095600218,1690,1839,150,0,1689,1837,91243,2,1,0,1,2
2020-06-16,US,Georgia,Douglas,669,32,0,33.70291126,-84.77026156,13097.0,457.14519997540026,4.783258594917788,637,660,28,0,632,655,145331,9,4,0,5,5
2020-06-16,US,Georgia,Early,255,31,0,31.32155345,-84.90255207,13099.0,2502.4533856722283,12.15686274509804,224,255,31,0,224,255,10247,0,0,0,0,0
2020-06-16,US,Georgia,Echols,162,0,0,30.71101099,-82.89687287,13101.0,4043.934098851722,0.0,162,161,0,0,161,160,4000,1,0,0,1,1
2020-06-16,US,Georgia,Effingham,86,1,0,32.36616021,-81.34280942,13103.0,133.75637675749658,1.162790697674419,85,86,1,0,85,86,62190,0,0,0,0,0
2020-06-16,US,Georgia,Elbert,87,0,0,34.11302332,-82.83936148,13105.0,453.26664582682093,0.0,87,86,0,0,86,85,19120,1,0,0,1,1
2020-06-16,US,Georgia,Emanuel,47,2,0,32.59221302,-82.30239915,13107.0,207.5421708027908,4.25531914893617,45,53,2,0,51,42,22612,-6,0,0,-6,11
2020-06-16,US,Georgia,Evans,10,0,0,32.15328841,-81.8870105,13109.0,93.86146048432514,0.0,10,8,0,0,8,7,10721,2,0,0,2,1
2020-06-16,US,Georgia,Fannin,69,1,0,34.86430205,-84.316964,13111.0,263.47945623949903,1.4492753623188406,68,67,1,0,66,67,25964,2,0,0,2,0
2020-06-16,US,Georgia,Fayette,270,16,0,33.41357794,-84.49089434,13113.0,235.97066971971927,5.925925925925926,254,261,15,0,246,261,113459,9,1,0,8,0
2020-06-16,US,Georgia,Floyd,375,15,0,34.26268279,-85.21577392,13115.0,380.71839022112124,4.0,360,371,15,0,356,367,97927,4,0,0,4,4
2020-06-16,US,Georgia,Forsyth,603,13,0,34.22604035,-84.12315129999998,13117.0,246.87617706303325,2.155887230514096,590,598,13,0,585,595,236612,5,0,0,5,3
2020-06-16,US,Georgia,Franklin,142,1,0,34.37525597,-83.23159927,13119.0,608.163090496381,0.7042253521126759,141,140,1,0,139,138,23023,2,0,0,2,2
2020-06-16,US,Georgia,Fulton,5148,295,0,33.79216944,-84.46319413,13121.0,483.8632362630495,5.73038073038073,4853,5157,290,0,4867,5106,1050114,-9,5,0,-14,51
2020-06-16,US,Georgia,Gilmer,172,2,0,34.69316688,-84.45802506,13123.0,548.3120277981446,1.162790697674419,170,170,1,0,169,168,30816,2,1,0,1,2
2020-06-16,US,Georgia,Glascock,1,0,0,33.22879932,-82.61297636,13125.0,33.65870077415012,0.0,1,1,0,0,1,1,2995,0,0,0,0,0
2020-06-16,US,Georgia,Glynn,196,3,0,31.23279254,-81.53811412,13127.0,229.79880879801155,1.5306122448979589,193,190,3,0,187,189,85219,6,0,0,6,1
2020-06-16,US,Georgia,Gordon,260,18,0,34.50487351,-84.87296253,13129.0,448.5620136983938,6.9230769230769225,242,256,18,0,238,253,57685,4,0,0,4,3
2020-06-16,US,Georgia,Grady,147,4,0,30.87454847,-84.23418364,13131.0,596.7604433077579,2.7210884353741496,143,139,4,0,135,137,24748,8,0,0,8,2
2020-06-16,US,Georgia,Greene,86,8,0,33.5769205,-83.17139104,13133.0,469.32984064614715,9.30232558139535,78,86,8,0,78,86,17698,0,0,0,0,0
2020-06-16,US,Georgia,Gwinnett,5451,156,0,33.96044201,-84.02137802,13135.0,582.2162883845128,2.8618602091359384,5295,5308,155,0,5153,5172,927781,143,1,0,142,136
2020-06-16,US,Georgia,Habersham,600,31,0,34.63331566,-83.53094677,13137.0,1323.685139428168,5.166666666666667,569,596,31,0,565,593,45388,4,0,0,4,3
2020-06-16,US,Georgia,Hall,2787,56,0,34.32207823,-83.81896936,13139.0,1363.229489192481,2.0093290276282745,2731,2755,55,0,2700,2747,202148,32,1,0,31,8
2020-06-16,US,Georgia,Hancock,203,30,0,33.2721566,-82.99766919,13141.0,2400.3783847700133,14.778325123152712,173,202,30,0,172,202,8348,1,0,0,1,0
2020-06-16,US,Georgia,Haralson,58,4,0,33.79602175,-85.21005667,13143.0,194.6831364124597,6.896551724137932,54,57,4,0,53,57,29533,1,0,0,1,0
2020-06-16,US,Georgia,Harris,210,6,0,32.73709786,-84.90538572,13145.0,595.9813826768078,2.8571428571428568,204,203,6,0,197,201,34475,7,0,0,7,2
2020-06-16,US,Georgia,Hart,44,0,0,34.34626973,-82.96567682,13147.0,167.90688799847356,0.0,44,44,0,0,44,43,26099,0,0,0,0,1
2020-06-16,US,Georgia,Heard,45,3,0,33.29686567,-85.12886832,13149.0,377.4217898179989,6.666666666666668,42,43,3,0,40,43,11879,2,0,0,2,0
2020-06-16,US,Georgia,Henry,856,31,0,33.4533428,-84.14814659999998,13151.0,364.9370526217062,3.6214953271028034,825,852,30,0,822,841,230220,4,1,0,3,11
2020-06-16,US,Georgia,Houston,456,20,0,32.45802497,-83.66879087,13153.0,288.8580604701545,4.385964912280701,436,446,20,0,426,431,155469,10,0,0,10,15
2020-06-16,US,Georgia,Irwin,38,1,0,31.60213036,-83.27501387,13155.0,403.5683942225998,2.631578947368421,37,38,1,0,37,38,9398,0,0,0,0,0
2020-06-16,US,Georgia,Jackson,266,7,0,34.13794553,-83.56814788,13157.0,364.49840360661585,2.631578947368421,259,262,7,0,255,260,70422,4,0,0,4,2
2020-06-16,US,Georgia,Jasper,56,1,0,33.31535543,-83.68844964,13159.0,393.83922920036565,1.7857142857142858,55,56,1,0,55,56,14040,0,0,0,0,0
2020-06-16,US,Georgia,Jeff Davis,62,2,0,31.80405727,-82.63724870000001,13161.0,410.1885544161429,3.2258064516129035,60,55,2,0,53,54,15029,7,0,0,7,1
2020-06-16,US,Georgia,Jefferson,58,1,0,33.05867328,-82.41609057,13163.0,377.5550058586122,1.7241379310344829,57,56,1,0,55,54,15430,2,0,0,2,2
2020-06-16,US,Georgia,Jenkins,47,7,0,32.79248718,-81.96040187,13165.0,541.7242969110189,14.893617021276595,40,45,6,0,39,45,8683,2,1,0,1,0
2020-06-16,US,Georgia,Johnson,78,2,0,32.70211082,-82.66166794,13167.0,808.8769055273256,2.5641025641025643,76,77,2,0,75,77,9708,1,0,0,1,0
2020-06-16,US,Georgia,Jones,51,0,0,33.02512137,-83.56019163,13169.0,177.4839046459022,0.0,51,51,0,0,51,51,28616,0,0,0,0,0
2020-06-16,US,Georgia,Lamar,79,5,0,33.07841647,-84.14263877,13171.0,414.11123342244593,6.329113924050633,74,79,5,0,74,79,19000,0,0,0,0,0
2020-06-16,US,Georgia,Lanier,98,2,0,31.03828570000001,-83.06472457,13173.0,940.2283411685696,2.0408163265306123,96,98,2,0,96,98,10340,0,0,0,0,0
2020-06-16,US,Georgia,Laurens,118,1,0,32.46325233,-82.92221316,13175.0,248.18070920792496,0.8474576271186439,117,118,1,0,117,117,47325,0,0,0,0,1
2020-06-16,US,Georgia,Lee,374,22,0,31.779330600000005,-84.14324253,13177.0,1246.9991997866098,5.882352941176472,352,374,22,0,352,372,29764,0,0,0,0,2
2020-06-16,US,Georgia,Liberty,96,1,0,31.82588896,-81.49251135,13179.0,156.26271669243914,1.0416666666666667,95,95,1,0,94,95,61497,1,0,0,1,0
2020-06-16,US,Georgia,Lincoln,18,1,0,33.79201475,-82.45024131,13181.0,227.24403484408532,5.5555555555555545,17,18,1,0,17,17,7915,0,0,0,0,1
2020-06-16,US,Georgia,Long,25,1,0,31.75218791,-81.74952375,13183.0,127.81839562349812,4.0,24,24,1,0,23,24,18998,1,0,0,1,0
2020-06-16,US,Georgia,Lowndes,689,4,0,30.83568832,-83.27056716,13185.0,586.8524606919577,0.5805515239477503,685,651,4,0,647,624,116321,38,0,0,38,27
2020-06-16,US,Georgia,Lumpkin,109,1,0,34.57286511,-84.00425681,13187.0,324.30824159476344,0.9174311926605504,108,107,1,0,106,107,32955,2,0,0,2,0
2020-06-16,US,Georgia,Macon,112,8,0,32.35207048,-84.04234127,13193.0,865.0652660848073,7.142857142857142,104,116,8,0,108,110,13143,-4,0,0,-4,6
2020-06-16,US,Georgia,Madison,74,2,0,34.12920917,-83.21218732,13195.0,247.6572958500669,2.702702702702702,72,73,2,0,71,73,29650,1,0,0,1,0
2020-06-16,US,Georgia,Marion,63,2,0,32.3483402,-84.52733571,13197.0,753.6786696973323,3.1746031746031744,61,62,2,0,60,62,8351,1,0,0,1,0
2020-06-16,US,Georgia,McDuffie,75,5,0,33.47851918,-82.48252774,13189.0,351.91441441441435,6.666666666666668,70,74,5,0,69,74,21531,1,0,0,1,0
2020-06-16,US,Georgia,McIntosh,19,1,0,31.49683595,-81.40163426,13191.0,132.14633467798024,5.2631578947368425,18,19,1,0,18,19,14340,0,0,0,0,0
2020-06-16,US,Georgia,Meriwether,133,3,0,33.04163534,-84.68859732,13199.0,628.3365616289507,2.255639097744361,130,127,3,0,124,125,21068,6,0,0,6,2
2020-06-16,US,Georgia,Miller,45,0,0,31.16568912,-84.73151117,13201.0,786.9884575026233,0.0,45,45,0,0,45,45,5686,0,0,0,0,0
2020-06-16,US,Georgia,Mitchell,433,38,0,31.22483255,-84.19381821,13205.0,1980.5150253853546,8.775981524249422,395,432,37,0,395,431,22192,1,1,0,0,1
2020-06-16,US,Georgia,Monroe,133,14,0,33.014289,-83.92097166,13207.0,482.2684748712742,10.526315789473683,119,131,14,0,117,130,27520,2,0,0,2,1
2020-06-16,US,Georgia,Montgomery,22,0,0,32.17201038,-82.53527476,13209.0,239.8604448320977,0.0,22,21,0,0,21,21,9193,1,0,0,1,0
2020-06-16,US,Georgia,Morgan,41,0,0,33.59232073,-83.49129491,13211.0,212.6997302344885,0.0,41,40,0,0,40,40,18853,1,0,0,1,0
2020-06-16,US,Georgia,Murray,148,1,0,34.78897608,-84.74993177,13213.0,369.11412609736635,0.6756756756756757,147,143,1,0,142,142,39921,5,0,0,5,1
2020-06-16,US,Georgia,Muscogee,1078,29,0,32.50931999,-84.87142262,13215.0,550.648979154003,2.6901669758812616,1049,1022,28,0,994,1006,194160,56,1,0,55,16
2020-06-16,US,Georgia,Newton,425,11,0,33.55514538,-83.84547140000002,13217.0,380.33361970217635,2.588235294117647,414,420,11,0,409,415,109541,5,0,0,5,5
2020-06-16,US,Georgia,Oconee,130,9,0,33.83749973,-83.43679568,13219.0,322.7408142999007,6.9230769230769225,121,130,9,0,121,128,39272,0,0,0,0,2
2020-06-16,US,Georgia,Oglethorpe,77,7,0,33.878629600000004,-83.08278123,13221.0,504.62022413002165,9.090909090909092,70,75,7,0,68,72,15054,2,0,0,2,3
2020-06-16,US,Georgia,Out of GA,2776,37,0,0.0,0.0,80013.0,0.0,1.3328530259365994,2739,2909,37,0,2872,2807,,-133,0,0,-133,102
2020-06-16,US,Georgia,Paulding,415,13,0,33.91969522,-84.86848792,13223.0,246.04694457125575,3.132530120481928,402,408,13,0,395,405,164044,7,0,0,7,3
2020-06-16,US,Georgia,Peach,91,8,0,32.56934316,-83.82937,13225.0,330.3564945908662,8.791208791208794,83,91,8,0,83,90,27297,0,0,0,0,1
2020-06-16,US,Georgia,Pickens,71,4,0,34.46589159,-84.46406611,13227.0,217.8515541100304,5.633802816901407,67,68,4,0,64,65,31980,3,0,0,3,3
2020-06-16,US,Georgia,Pierce,132,4,0,31.35928155,-82.21598442,13229.0,678.1402517338812,3.0303030303030303,128,131,4,0,127,128,19389,1,0,0,1,3
2020-06-16,US,Georgia,Pike,71,4,0,33.09310242,-84.38790389,13231.0,374.4330766796752,5.633802816901407,67,70,3,0,67,69,18634,1,1,0,0,1
2020-06-16,US,Georgia,Polk,167,1,0,34.00267074,-85.18677781,13233.0,391.8991856945064,0.5988023952095808,166,165,1,0,164,164,42470,2,0,0,2,1
2020-06-16,US,Georgia,Pulaski,46,2,0,32.23334561,-83.47549959999998,13235.0,413.0376223399479,4.3478260869565215,44,46,2,0,44,46,11069,0,0,0,0,0
2020-06-16,US,Georgia,Putnam,111,11,0,33.32056115,-83.37552891,13237.0,501.83100501831007,9.90990990990991,100,112,12,0,100,109,21809,-1,-1,0,0,3
2020-06-16,US,Georgia,Quitman,14,1,0,31.86728114,-85.01773177,13239.0,608.9604175728578,7.142857142857142,13,14,1,0,13,14,2279,0,0,0,0,0
2020-06-16,US,Georgia,Rabun,33,3,0,34.88389445,-83.40304637,13241.0,192.5657933127152,9.090909090909092,30,32,3,0,29,31,16867,1,0,0,1,1
2020-06-16,US,Georgia,Randolph,191,23,0,31.76622818,-84.75732369,13243.0,2817.9403953968717,12.041884816753926,168,191,22,0,169,190,6833,0,1,0,-1,1
2020-06-16,US,Georgia,Richmond,687,38,0,33.35777107,-82.07026432,13245.0,339.2291055609872,5.531295487627365,649,682,38,0,644,669,201554,5,0,0,5,13
2020-06-16,US,Georgia,Rockdale,347,9,0,33.65145002,-84.02202167,13247.0,381.7549727160711,2.5936599423631126,338,345,9,0,336,340,90594,2,0,0,2,5
2020-06-16,US,Georgia,Schley,20,1,0,32.2654021,-84.31258912,13249.0,380.44512079132585,5.0,19,19,1,0,18,18,5236,1,0,0,1,1
2020-06-16,US,Georgia,Screven,65,4,0,32.74976524,-81.60779441,13251.0,465.4160103107547,6.153846153846153,61,63,4,0,59,62,13938,2,0,0,2,1
2020-06-16,US,Georgia,Seminole,48,2,0,30.93464824,-84.86823924,13253.0,593.3250927070458,4.166666666666667,46,48,2,0,46,48,8315,0,0,0,0,0
2020-06-16,US,Georgia,Spalding,326,25,0,33.26310031,-84.28013991,13255.0,488.73364016610947,7.668711656441718,301,317,24,0,293,314,66100,9,1,0,8,3
2020-06-16,US,Georgia,Stephens,158,6,0,34.55151201,-83.29405315,13257.0,609.450337512054,3.79746835443038,152,153,5,0,148,152,26035,5,1,0,4,1
2020-06-16,US,Georgia,Stewart,68,1,0,32.07996777,-84.83208037,13259.0,1027.0351910587524,1.4705882352941178,67,63,1,0,62,62,6199,5,0,0,5,1
2020-06-16,US,Georgia,Sumter,523,50,0,32.03650571,-84.19821492,13261.0,1771.4401842568757,9.560229445506693,473,512,50,0,462,508,29733,11,0,0,11,4
2020-06-16,US,Georgia,Talbot,50,2,0,32.69642758,-84.53351366,13263.0,807.1025020177563,4.0,48,47,2,0,45,46,6272,3,0,0,3,1
2020-06-16,US,Georgia,Taliaferro,2,0,0,33.56543317,-82.88136816,13265.0,130.1236174365647,0.0,2,2,0,0,2,2,1608,0,0,0,0,0
2020-06-16,US,Georgia,Tattnall,58,0,0,32.04785085,-82.05539188,13267.0,229.3759392549237,0.0,58,56,0,0,56,46,25391,2,0,0,2,10
2020-06-16,US,Georgia,Taylor,26,2,0,32.55792548,-84.25077141,13269.0,324.18952618453864,7.6923076923076925,24,26,2,0,24,26,8039,0,0,0,0,0
2020-06-16,US,Georgia,Telfair,54,2,0,31.92829517,-82.93491155,13271.0,340.4791929382093,3.703703703703704,52,54,2,0,52,54,15876,0,0,0,0,0
2020-06-16,US,Georgia,Terrell,218,27,0,31.77527543,-84.44069698,13273.0,2555.386238424569,12.385321100917432,191,218,26,0,192,218,8611,0,1,0,-1,0
2020-06-16,US,Georgia,Thomas,365,33,0,30.86392347,-83.91847289,13275.0,821.1288834896852,9.041095890410961,332,364,33,0,331,362,44448,1,0,0,1,2
2020-06-16,US,Georgia,Tift,433,22,0,31.45743864,-83.5236119,13277.0,1065.3478988288555,5.080831408775982,411,423,22,0,401,393,40571,10,0,0,10,30
2020-06-16,US,Georgia,Toombs,126,5,0,32.12059861,-82.32957247,13279.0,469.62355572120765,3.968253968253968,121,108,4,0,104,102,26887,18,1,0,17,6
2020-06-16,US,Georgia,Towns,35,1,0,34.91369188,-83.74107459999998,13281.0,290.7701254465398,2.8571428571428568,34,35,1,0,34,35,11852,0,0,0,0,0
2020-06-16,US,Georgia,Treutlen,17,0,0,32.40422134,-82.56904553,13283.0,246.3411099840603,0.0,17,17,0,0,17,17,6809,0,0,0,0,0
2020-06-16,US,Georgia,Troup,805,23,0,33.03349196,-85.02812115,13285.0,1151.282858041818,2.8571428571428568,782,792,23,0,769,759,70034,13,0,0,13,33
2020-06-16,US,Georgia,Turner,155,14,0,31.71612656,-83.62069378,13287.0,1941.139636819036,9.03225806451613,141,153,14,0,139,151,7912,2,0,0,2,2
2020-06-16,US,Georgia,Twiggs,22,1,0,32.67435595,-83.43078662,13289.0,270.935960591133,4.545454545454546,21,22,1,0,21,21,8188,0,0,0,0,1
2020-06-16,US,Georgia,Unassigned,1470,2,0,0.0,0.0,90013.0,0.0,0.1360544217687075,1468,1551,5,0,1546,1675,,-81,-3,0,-78,-124
2020-06-16,US,Georgia,Union,55,3,0,34.82995757,-83.98967069,13291.0,224.38904981436906,5.454545454545454,52,54,3,0,51,53,24001,1,0,0,1,1
2020-06-16,US,Georgia,Upson,300,42,0,32.87920671,-84.30024826,13293.0,1139.817629179331,14.0,258,295,40,0,255,295,26215,5,2,0,3,0
2020-06-16,US,Georgia,Walker,236,3,0,34.73376362,-85.30165174,13295.0,338.29790283969555,1.2711864406779658,233,225,2,0,223,219,69410,11,1,0,10,6
2020-06-16,US,Georgia,Walton,331,23,0,33.78017694,-83.73552314,13297.0,349.92018436882216,6.948640483383686,308,327,23,0,304,324,93503,4,0,0,4,3
2020-06-16,US,Georgia,Ware,290,15,0,31.05449097,-82.42224148,13299.0,811.5520232831477,5.172413793103448,275,286,14,0,272,268,35680,4,1,0,3,18
2020-06-16,US,Georgia,Warren,20,0,0,33.41146451,-82.67795848,13301.0,380.6623524933384,0.0,20,20,0,0,20,19,5251,0,0,0,0,1
2020-06-16,US,Georgia,Washington,76,1,0,32.96711864,-82.79357039,13303.0,373.0244429174438,1.3157894736842106,75,76,1,0,75,75,20386,0,0,0,0,1
2020-06-16,US,Georgia,Wayne,39,0,0,31.5521809,-81.91894878,13305.0,130.31710495539144,0.0,39,39,0,0,39,35,29808,0,0,0,0,4
2020-06-16,US,Georgia,Webster,15,1,0,32.04066113,-84.54742852,13307.0,575.3739930955121,6.666666666666668,14,15,1,0,14,14,2611,0,0,0,0,1
2020-06-16,US,Georgia,Wheeler,30,0,0,32.12009104,-82.72574721,13309.0,381.92234245703366,0.0,30,28,0,0,28,27,7879,2,0,0,2,1
2020-06-16,US,Georgia,White,124,4,0,34.64624278,-83.74905525,13311.0,402.6235469835704,3.2258064516129035,120,124,4,0,120,124,29970,0,0,0,0,0
2020-06-16,US,Georgia,Whitfield,637,10,0,34.80987459,-84.96093476,13313.0,608.8236418549528,1.5698587127158556,627,618,10,0,608,589,104062,19,0,0,19,29
2020-06-16,US,Georgia,Wilcox,119,14,0,31.97496928,-83.43438555,13315.0,1378.1123335263462,11.764705882352944,105,118,14,0,104,118,8812,1,0,0,1,0
2020-06-16,US,Georgia,Wilkes,41,1,0,33.78290391,-82.74286107,13317.0,419.35153932699205,2.4390243902439024,40,39,1,0,38,36,9876,2,0,0,2,3
2020-06-16,US,Georgia,Wilkinson,74,7,0,32.80291082,-83.17140684,13319.0,826.4462809917355,9.459459459459461,67,73,7,0,66,73,9036,1,0,0,1,0
2020-06-16,US,Georgia,Worth,265,21,0,31.55162306,-83.85090513,13321.0,1308.8358769200374,7.924528301886792,244,260,21,0,239,256,20299,5,0,0,5,4
2020-06-16,US,Hawaii,Hawaii,82,0,0,19.60121157,-155.5210167,15001.0,40.69216378099676,0.0,82,82,0,0,82,82,200983,0,0,0,0,0
2020-06-16,US,Hawaii,Honolulu,501,11,0,21.45803166,-157.97121819999995,15003.0,51.40765655991455,2.1956087824351296,490,501,11,0,490,493,980080,0,0,0,0,8
2020-06-16,US,Hawaii,Kauai,21,0,0,22.03935037,-159.5966786,15007.0,29.04845559044444,0.0,21,21,0,0,21,21,72133,0,0,0,0,0
2020-06-16,US,Hawaii,Maui,120,6,0,20.86399628,-156.56890969999995,15009.0,71.67730875598058,5.0,114,120,6,0,114,120,167207,0,0,0,0,0
2020-06-16,US,Hawaii,Out of HI,12,0,0,0.0,0.0,80015.0,0.0,0.0,12,12,0,0,12,12,,0,0,0,0,0
2020-06-16,US,Idaho,Ada,915,22,0,43.4526575,-116.24155159999998,16001.0,189.99682300394318,2.4043715846994536,893,892,22,0,870,892,469966,23,0,0,23,0
2020-06-16,US,Idaho,Adams,6,0,0,44.89333571,-116.4545247,16003.0,139.72985561248254,0.0,6,4,0,0,4,4,4250,2,0,0,2,0
2020-06-16,US,Idaho,Bannock,64,1,0,42.67002716,-112.2233311,16005.0,72.8862973760933,1.5625,63,63,1,0,62,63,87138,1,0,0,1,0
2020-06-16,US,Idaho,Benewah,18,0,0,47.21754179,-116.6586851,16009.0,193.59001935900196,0.0,18,19,0,0,19,19,9226,-1,0,0,-1,0
2020-06-16,US,Idaho,Bingham,25,0,0,43.21672879999999,-112.3978437,16011.0,53.40625066757814,0.0,25,24,0,0,24,24,46236,1,0,0,1,0
2020-06-16,US,Idaho,Blaine,515,5,0,43.4085812,-113.9752658,16013.0,2237.087876286869,0.9708737864077671,510,515,5,0,510,515,22601,0,0,0,0,0
2020-06-16,US,Idaho,Bonner,7,0,0,48.29996017,-116.6017932,16017.0,15.304226152736176,0.0,7,7,0,0,7,7,44727,0,0,0,0,0
2020-06-16,US,Idaho,Bonneville,86,1,0,43.38713372,-111.6161537,16019.0,72.23127446204498,1.162790697674419,85,79,0,0,79,79,116854,7,1,0,6,0
2020-06-16,US,Idaho,Camas,1,0,0,43.46665742,-114.8065892,16025.0,90.41591320072331,0.0,1,1,0,0,1,1,1127,0,0,0,0,0
2020-06-16,US,Idaho,Canyon,360,6,0,43.61970148,-116.70954990000001,16027.0,156.6245665632655,1.6666666666666667,354,356,6,0,350,356,223499,4,0,0,4,0
2020-06-16,US,Idaho,Caribou,5,0,0,42.77149116,-111.5597683,16029.0,69.88120195667365,0.0,5,5,0,0,5,5,7060,0,0,0,0,0
2020-06-16,US,Idaho,Cassia,143,1,0,42.28347888,-113.6012409,16031.0,595.0894714939659,0.6993006993006993,142,136,1,0,135,136,23864,7,0,0,7,0
2020-06-16,US,Idaho,Custer,2,0,0,44.24186819,-114.2855494,16037.0,46.349942062572424,0.0,2,2,0,0,2,2,4280,0,0,0,0,0
2020-06-16,US,Idaho,Elmore,35,2,0,43.3507101,-115.4701578,16039.0,127.22183853731235,5.7142857142857135,33,34,2,0,32,34,27259,1,0,0,1,0
2020-06-16,US,Idaho,Franklin,15,0,0,42.18332217,-111.81496659999999,16041.0,108.10031709426347,0.0,15,14,0,0,14,14,13726,1,0,0,1,0
2020-06-16,US,Idaho,Fremont,4,0,0,44.22800938,-111.48099429999999,16043.0,30.536682189480114,0.0,4,4,0,0,4,4,13168,0,0,0,0,0
2020-06-16,US,Idaho,Gem,17,0,0,44.06482372,-116.398376,16045.0,93.86042402826857,0.0,17,17,0,0,17,17,17634,0,0,0,0,0
2020-06-16,US,Idaho,Gooding,59,0,0,42.96927962,-114.81083059999999,16047.0,388.6949074379077,0.0,59,59,0,0,59,59,15196,0,0,0,0,0
2020-06-16,US,Idaho,Idaho,3,0,0,45.84721541,-115.4634436,16049.0,17.999640007199854,0.0,3,3,0,0,3,3,16513,0,0,0,0,0
2020-06-16,US,Idaho,Jefferson,12,0,0,43.82078483,-112.3131749,16051.0,40.17274279401426,0.0,12,12,0,0,12,12,29439,0,0,0,0,0
2020-06-16,US,Idaho,Jerome,208,3,0,42.68891267,-114.2655033,16053.0,852.0399803375391,1.4423076923076923,205,206,3,0,203,206,24015,2,0,0,2,0
2020-06-16,US,Idaho,Kootenai,101,0,0,47.67282258,-116.7020872,16055.0,60.954634060966704,0.0,101,98,0,0,98,98,161505,3,0,0,3,0
2020-06-16,US,Idaho,Latah,8,0,0,46.81587887,-116.71136979999999,16057.0,19.94614540740002,0.0,8,7,0,0,7,7,40134,1,0,0,1,0
2020-06-16,US,Idaho,Lemhi,2,0,0,44.9438088,-113.9309747,16059.0,24.915908807773768,0.0,2,1,0,0,1,1,7961,1,0,0,1,0
2020-06-16,US,Idaho,Lincoln,35,0,0,43.0012336,-114.1358773,16063.0,652.2549385016772,0.0,35,35,0,0,35,35,5360,0,0,0,0,0
2020-06-16,US,Idaho,Madison,29,0,0,43.78141028,-111.65384740000002,16065.0,72.6689553211216,0.0,29,29,0,0,29,29,39304,0,0,0,0,0
2020-06-16,US,Idaho,Minidoka,103,0,0,42.85518524,-113.6357257,16067.0,489.5669946290223,0.0,103,101,0,0,101,101,20825,2,0,0,2,0
2020-06-16,US,Idaho,Nez Perce,84,19,0,46.32638236,-116.75009750000001,16069.0,207.87962779647597,22.619047619047624,65,84,19,0,65,84,40408,0,0,0,0,0
2020-06-16,US,Idaho,Owyhee,9,0,0,42.58016894,-116.16938710000001,16073.0,76.12281146917026,0.0,9,8,0,0,8,8,11693,1,0,0,1,0
2020-06-16,US,Idaho,Payette,28,2,0,44.00545243,-116.7647695,16075.0,116.90534841969021,7.142857142857142,26,27,2,0,25,27,23551,1,0,0,1,0
2020-06-16,US,Idaho,Power,9,0,0,42.69254894,-112.83957420000002,16077.0,117.17224319750031,0.0,9,9,0,0,9,9,7768,0,0,0,0,0
2020-06-16,US,Idaho,Teton,11,0,0,43.75303583,-111.2056773,16081.0,90.59463020919122,0.0,11,11,0,0,11,11,11640,0,0,0,0,0
2020-06-16,US,Idaho,Twin Falls,483,26,0,42.35440512,-114.6685381,16083.0,555.9520246782845,5.383022774327122,457,479,26,0,453,479,86081,4,0,0,4,0
2020-06-16,US,Idaho,Valley,3,0,0,44.76728382,-115.5676773,16085.0,26.33426966292135,0.0,3,3,0,0,3,3,11041,0,0,0,0,0
2020-06-16,US,Idaho,Washington,57,0,0,44.45275475,-116.78476880000001,16087.0,559.1524426133019,0.0,57,55,0,0,55,55,10161,2,0,0,2,0
2020-06-16,US,Illinois,Adams,45,1,0,39.98815591,-91.18786813,17001.0,68.77053564606098,2.2222222222222223,44,46,1,0,45,45,65691,-1,0,0,-1,1
2020-06-16,US,Illinois,Alexander,17,0,0,37.18049267,-89.32910838,17003.0,295.0876583926401,0.0,17,17,0,0,17,17,6060,0,0,0,0,0
2020-06-16,US,Illinois,Bond,12,1,0,38.88829622,-89.43534887,17005.0,73.0549129428954,8.333333333333334,11,12,1,0,11,12,16630,0,0,0,0,0
2020-06-16,US,Illinois,Boone,537,19,0,42.32359279,-88.82345779,17007.0,1002.9134917077544,3.538175046554935,518,525,19,0,506,524,53577,12,0,0,12,1
2020-06-16,US,Illinois,Brown,10,0,0,39.96209138,-90.75068024,17009.0,152.02189115232594,0.0,10,10,0,0,10,10,6556,0,0,0,0,0
2020-06-16,US,Illinois,Bureau,24,1,0,41.40385234,-89.5283051,17011.0,73.55645457888929,4.166666666666667,23,23,1,0,22,23,32993,1,0,0,1,0
2020-06-16,US,Illinois,Calhoun,1,0,0,39.16840183,-90.66330078,17013.0,21.101498206372653,0.0,1,1,0,0,1,1,4802,0,0,0,0,0
2020-06-16,US,Illinois,Carroll,20,2,0,42.06823429,-89.93395545,17015.0,139.81125480601187,10.0,18,20,2,0,18,19,14312,0,0,0,0,1
2020-06-16,US,Illinois,Cass,76,0,0,39.96991073,-90.24734436,17017.0,625.6688894377213,0.0,76,76,0,0,76,76,12260,0,0,0,0,0
2020-06-16,US,Illinois,Champaign,740,9,0,40.13919438,-88.20046615,17019.0,352.9035857865696,1.2162162162162162,731,736,9,0,727,737,209983,4,0,0,4,-1
2020-06-16,US,Illinois,Christian,39,4,0,39.54581621,-89.27780482,17021.0,120.72808320950966,10.256410256410255,35,39,4,0,35,37,32661,0,0,0,0,2
2020-06-16,US,Illinois,Clark,13,0,0,39.33425789,-87.78705622,17023.0,84.19143837834338,0.0,13,13,0,0,13,13,15596,0,0,0,0,0
2020-06-16,US,Illinois,Clay,2,0,0,38.75388572,-88.48914513,17025.0,15.169902912621357,0.0,2,2,0,0,2,2,13253,0,0,0,0,0
2020-06-16,US,Illinois,Clinton,214,17,0,38.60704876,-89.42385254,17027.0,569.7247217933018,7.94392523364486,197,213,17,0,196,209,37639,1,0,0,1,4
2020-06-16,US,Illinois,Coles,143,17,0,39.51949084,-88.22358557,17029.0,282.49145611505105,11.888111888111887,126,143,17,0,126,142,50885,0,0,0,0,1
2020-06-16,US,Illinois,Cook,85538,4253,0,41.84144849,-87.81658794,17031.0,1660.8568971539735,4.972059201758284,81285,85184,4206,0,80978,84906,5180493,354,47,0,307,278
2020-06-16,US,Illinois,Crawford,17,0,0,39.0032229,-87.75954624,17033.0,91.06980232495847,0.0,17,17,0,0,17,17,18807,0,0,0,0,0
2020-06-16,US,Illinois,Cumberland,10,0,0,39.27432424,-88.2401158,17035.0,92.88500835965077,0.0,10,10,0,0,10,10,10808,0,0,0,0,0
2020-06-16,US,Illinois,De Witt,4,0,0,40.17514519,-88.90959682,17039.0,25.57871850620284,0.0,4,4,0,0,4,4,15769,0,0,0,0,0
2020-06-16,US,Illinois,DeKalb,490,15,0,41.89373302,-88.76958483,17037.0,467.12489394358283,3.0612244897959178,475,490,15,0,475,484,104143,0,0,0,0,6
2020-06-16,US,Illinois,Douglas,38,0,0,39.76768052,-88.21854195,17041.0,195.22219368096583,0.0,38,38,0,0,38,38,19479,0,0,0,0,0
2020-06-16,US,Illinois,DuPage,8495,432,0,41.85116968,-88.08642662,17043.0,920.4471455303324,5.085344320188346,8063,8465,431,0,8034,8434,928589,30,1,0,29,31
2020-06-16,US,Illinois,Edgar,2,0,0,39.6809186,-87.74759563,17045.0,11.654332498106172,0.0,2,2,0,0,2,1,17360,0,0,0,0,1
2020-06-16,US,Illinois,Edwards,2,0,0,38.41353228,-88.05720863,17047.0,31.27443315089914,0.0,2,2,0,0,2,2,6392,0,0,0,0,0
2020-06-16,US,Illinois,Effingham,9,1,0,39.05935711,-88.58969584,17049.0,26.46436132674665,11.111111111111109,8,8,1,0,7,8,34208,1,0,0,1,0
2020-06-16,US,Illinois,Fayette,22,3,0,39.00072038,-89.02452658,17051.0,103.11211098612672,13.636363636363635,19,22,3,0,19,22,21416,0,0,0,0,0
2020-06-16,US,Illinois,Ford,22,1,0,40.59706922,-88.22350769,17053.0,169.73998919836433,4.545454545454546,21,22,1,0,21,22,13264,0,0,0,0,0
2020-06-16,US,Illinois,Franklin,12,0,0,37.99189086,-88.92567818,17055.0,31.19394837401544,0.0,12,12,0,0,12,12,38701,0,0,0,0,0
2020-06-16,US,Illinois,Fulton,12,0,0,40.47289135,-90.20862357,17057.0,34.944670937682005,0.0,12,12,0,0,12,12,34844,0,0,0,0,0
2020-06-16,US,Illinois,Gallatin,2,0,0,37.76430935,-88.22953869,17059.0,41.42502071251035,0.0,2,2,0,0,2,2,5058,0,0,0,0,0
2020-06-16,US,Illinois,Greene,8,0,0,39.35907414,-90.388865,17061.0,61.68555786876398,0.0,8,7,0,0,7,7,13044,1,0,0,1,0
2020-06-16,US,Illinois,Grundy,129,2,0,41.28569601,-88.41905692,17063.0,252.6736396756376,1.5503875968992251,127,129,2,0,127,129,50972,0,0,0,0,0
2020-06-16,US,Illinois,Hamilton,2,0,0,38.08163641,-88.53883373,17065.0,24.64268112370626,0.0,2,2,0,0,2,2,8163,0,0,0,0,0
2020-06-16,US,Illinois,Hancock,18,1,0,40.40423981,-91.16313899,17067.0,101.6489722159476,5.5555555555555545,17,18,1,0,17,18,17844,0,0,0,0,0
2020-06-16,US,Illinois,Hardin,1,0,0,37.51810645,-88.26873022,17069.0,26.17115938236064,0.0,1,1,0,0,1,1,3910,0,0,0,0,0
2020-06-16,US,Illinois,Henderson,8,0,0,40.81908672,-90.92491462,17071.0,120.37315678603672,0.0,8,8,0,0,8,8,6709,0,0,0,0,0
2020-06-16,US,Illinois,Henry,72,1,0,41.3533994,-90.13296166,17073.0,147.20013084456076,1.3888888888888888,71,72,1,0,71,72,49090,0,0,0,0,0
2020-06-16,US,Illinois,Iroquois,139,5,0,40.74717633,-87.82466784,17075.0,512.6502913623958,3.5971223021582728,134,138,5,0,133,137,27604,1,0,0,1,1
2020-06-16,US,Illinois,Jackson,320,15,0,37.78595185,-89.38232563,17077.0,563.8766519823788,4.6875,305,317,13,0,304,315,57419,3,2,0,1,2
2020-06-16,US,Illinois,Jasper,46,7,0,39.01054275,-88.15437049,17079.0,478.6680541103018,15.217391304347824,39,46,7,0,39,46,9611,0,0,0,0,0
2020-06-16,US,Illinois,Jefferson,104,16,0,38.29980057,-88.9240025,17081.0,275.97919541449954,15.384615384615385,88,104,16,0,88,104,37820,0,0,0,0,0
2020-06-16,US,Illinois,Jersey,29,1,0,39.08869046,-90.35393073,17083.0,133.19248610664584,3.4482758620689653,28,28,1,0,27,28,21847,1,0,0,1,0
2020-06-16,US,Illinois,Jo Daviess,35,1,0,42.36542373,-90.21094405,17085.0,164.82222745467388,2.8571428571428568,34,34,1,0,33,34,21366,1,0,0,1,0
2020-06-16,US,Illinois,Johnson,19,0,0,37.45939802,-88.88165419,17087.0,153.01602641539824,0.0,19,19,0,0,19,19,12456,0,0,0,0,0
2020-06-16,US,Illinois,Kane,7167,232,0,41.93842729,-88.42861412,17089.0,1346.1607090869134,3.237058741453886,6935,7128,229,0,6899,7096,534216,39,3,0,36,32
2020-06-16,US,Illinois,Kankakee,1096,59,0,41.13746989,-87.86205334,17091.0,997.6151899655932,5.383211678832117,1037,1071,58,0,1013,1073,110024,25,1,0,24,-2
2020-06-16,US,Illinois,Kendall,891,19,0,41.59081014,-88.42869583,17093.0,690.7512210248857,2.132435465768799,872,881,19,0,862,882,127915,10,0,0,10,-1
2020-06-16,US,Illinois,Knox,113,0,0,40.93148779,-90.21330340000002,17095.0,227.36875993480754,0.0,113,113,0,0,113,113,50112,0,0,0,0,0
2020-06-16,US,Illinois,LaSalle,183,16,0,41.34426129999999,-88.88633881,17099.0,168.40129199679762,8.743169398907106,167,181,16,0,165,178,109430,2,0,0,2,3
2020-06-16,US,Illinois,Lake,9133,386,0,42.3224907,-88.00367925,17097.0,1311.2047492229392,4.226431621592028,8747,9109,375,0,8734,9076,700832,24,11,0,13,33
2020-06-16,US,Illinois,Lawrence,4,0,0,38.71987914,-87.72884035,17101.0,25.513458349279247,0.0,4,4,0,0,4,4,15765,0,0,0,0,0
2020-06-16,US,Illinois,Lee,89,1,0,41.74583951,-89.29977132,17103.0,261.0276865321445,1.1235955056179776,88,89,1,0,88,89,34223,0,0,0,0,0
2020-06-16,US,Illinois,Livingston,35,2,0,40.89188292,-88.55784752,17105.0,98.18222621184921,5.7142857142857135,33,37,2,0,35,39,35761,-2,0,0,-2,-2
2020-06-16,US,Illinois,Logan,11,0,0,40.12581572,-89.36638784,17107.0,38.43734712418758,0.0,11,11,0,0,11,11,28925,0,0,0,0,0
2020-06-16,US,Illinois,Macon,212,21,0,39.86064913,-88.96342505,17115.0,203.82851484006196,9.90566037735849,191,209,21,0,188,209,104712,3,0,0,3,0
2020-06-16,US,Illinois,Macoupin,45,2,0,39.26119767,-89.92424028,17117.0,100.16471530962026,4.4444444444444455,43,45,2,0,43,45,45313,0,0,0,0,0
2020-06-16,US,Illinois,Madison,740,66,0,38.83042506,-89.90422563,17119.0,281.40520067233024,8.91891891891892,674,733,65,0,668,720,264461,7,1,0,6,13
2020-06-16,US,Illinois,Marion,55,0,0,38.64963204,-88.91899208,17121.0,147.82959279666713,0.0,55,55,0,0,55,55,37620,0,0,0,0,0
2020-06-16,US,Illinois,Marshall,5,0,0,41.0327901,-89.34510444,17123.0,43.7139360027977,0.0,5,5,0,0,5,5,11534,0,0,0,0,0
2020-06-16,US,Illinois,Mason,18,0,0,40.23917274,-89.91824452,17125.0,134.74062429822592,0.0,18,18,0,0,18,18,13565,0,0,0,0,0
2020-06-16,US,Illinois,Massac,7,0,0,37.22078441,-88.71036614,17127.0,50.827766482718566,0.0,7,7,0,0,7,7,14080,0,0,0,0,0
2020-06-16,US,Illinois,McDonough,103,15,0,40.45674722,-90.67775541,17109.0,347.0116568964356,14.563106796116505,88,103,15,0,88,104,29955,0,0,0,0,-1
2020-06-16,US,Illinois,McHenry,1864,86,0,42.32451172,-88.45248227,17111.0,605.6392027916588,4.613733905579398,1778,1856,85,0,1771,1849,308570,8,1,0,7,7
2020-06-16,US,Illinois,McLean,243,13,0,40.48996987,-88.84621113,17113.0,141.6769183229651,5.349794238683128,230,241,13,0,228,241,172828,2,0,0,2,0
2020-06-16,US,Illinois,Menard,23,0,0,40.02742725,-89.80246001,17129.0,188.58642177763198,0.0,23,23,0,0,23,22,12288,0,0,0,0,1
2020-06-16,US,Illinois,Mercer,19,0,0,41.20596782,-90.74290052,17131.0,123.0809095031418,0.0,19,19,0,0,19,19,15601,0,0,0,0,0
2020-06-16,US,Illinois,Monroe,111,12,0,38.27594376,-90.17761038,17133.0,320.46655310794813,10.810810810810812,99,112,12,0,100,109,34335,-1,0,0,-1,3
2020-06-16,US,Illinois,Montgomery,42,1,0,39.23198845,-89.47809254,17135.0,147.81445766171606,2.380952380952381,41,42,1,0,41,41,28601,0,0,0,0,1
2020-06-16,US,Illinois,Morgan,108,2,0,39.71654544,-90.20255104,17137.0,320.8746806108503,1.851851851851852,106,106,2,0,104,106,33976,2,0,0,2,0
2020-06-16,US,Illinois,Moultrie,15,0,0,39.64187451,-88.62099969,17139.0,103.44114199020756,0.0,15,15,0,0,15,15,14717,0,0,0,0,0
2020-06-16,US,Illinois,Ogle,229,4,0,42.04165196,-89.32184679,17141.0,452.184902158245,1.7467248908296944,225,227,4,0,223,227,50923,2,0,0,2,0
2020-06-16,US,Illinois,Out of IL,111,1,0,0.0,0.0,80017.0,0.0,0.9009009009009008,110,114,1,0,113,119,,-3,0,0,-3,-5
2020-06-16,US,Illinois,Peoria,397,20,0,40.78702156,-89.76078901,17143.0,221.56614335385285,5.037783375314862,377,395,20,0,375,389,180621,2,0,0,2,6
2020-06-16,US,Illinois,Perry,44,0,0,38.08510853,-89.36856219,17145.0,210.36527060623447,0.0,44,44,0,0,44,44,21174,0,0,0,0,0
2020-06-16,US,Illinois,Piatt,11,0,0,40.01360584,-88.59319339,17147.0,67.30298580518844,0.0,11,11,0,0,11,11,16396,0,0,0,0,0
2020-06-16,US,Illinois,Pike,2,0,0,39.62265059,-90.8877017,17149.0,12.852644431591802,0.0,2,2,0,0,2,2,15611,0,0,0,0,0
2020-06-16,US,Illinois,Pope,1,0,0,37.41391284,-88.56152109,17151.0,23.94062724443381,0.0,1,1,0,0,1,1,4212,0,0,0,0,0
2020-06-16,US,Illinois,Pulaski,61,0,0,37.22631423,-89.13085001,17153.0,1143.3926897844424,0.0,61,59,0,0,59,59,5463,2,0,0,2,0
2020-06-16,US,Illinois,Putnam,1,0,0,41.2013541,-89.2869272,17155.0,17.424638438752392,0.0,1,1,0,0,1,1,5740,0,0,0,0,0
2020-06-16,US,Illinois,Randolph,279,7,0,38.05095369,-89.82512254,17157.0,877.8553898433075,2.508960573476702,272,278,7,0,271,278,32106,1,0,0,1,0
2020-06-16,US,Illinois,Richland,4,0,0,38.71240969,-88.08475366,17159.0,25.78482563011668,0.0,4,4,0,0,4,4,15763,0,0,0,0,0
2020-06-16,US,Illinois,Rock Island,757,28,0,41.46613806,-90.57042164,17161.0,533.5532390276221,3.6988110964332894,729,757,28,0,729,753,143477,0,0,0,0,4
2020-06-16,US,Illinois,Saline,7,0,0,37.75332999,-88.54119706,17165.0,29.798646290068536,0.0,7,7,0,0,7,7,23906,0,0,0,0,0
2020-06-16,US,Illinois,Sangamon,382,31,0,39.75836914,-89.65872023,17167.0,196.22750061642148,8.115183246073299,351,382,31,0,351,378,195348,0,0,0,0,4
2020-06-16,US,Illinois,Schuyler,13,0,0,40.1571798,-90.61114163,17169.0,192.08037825059105,0.0,13,13,0,0,13,13,6907,0,0,0,0,0
2020-06-16,US,Illinois,Shelby,16,1,0,39.39133527,-88.80611122,17173.0,73.95765924008505,6.25,15,16,1,0,15,16,21741,0,0,0,0,0
2020-06-16,US,Illinois,St. Clair,1492,117,0,38.46996033,-89.93063427,17163.0,574.5400214104726,7.841823056300268,1375,1465,112,0,1353,1446,261059,27,5,0,22,19
2020-06-16,US,Illinois,Stark,3,0,0,41.09309773,-89.79745866,17175.0,56.15874204417821,0.0,3,3,0,0,3,3,5427,0,0,0,0,0
2020-06-16,US,Illinois,Stephenson,231,5,0,42.35129217,-89.662598,17177.0,519.1244550316868,2.1645021645021645,226,231,5,0,226,231,44753,0,0,0,0,0
2020-06-16,US,Illinois,Tazewell,95,6,0,40.50716185,-89.51404662,17179.0,72.07726683004181,6.315789473684211,89,92,6,0,86,91,132328,3,0,0,3,1
2020-06-16,US,Illinois,Unassigned,49,0,0,0.0,0.0,90017.0,0.0,0.0,49,45,0,0,45,49,,4,0,0,4,-4
2020-06-16,US,Illinois,Union,174,17,0,37.47119609,-89.25548938,17181.0,1044.8567825617006,9.770114942528737,157,174,17,0,157,174,16841,0,0,0,0,0
2020-06-16,US,Illinois,Vermilion,46,1,0,40.18417171,-87.73384359,17183.0,60.71965996990418,2.1739130434782608,45,44,1,0,43,44,76806,2,0,0,2,0
2020-06-16,US,Illinois,Wabash,14,0,0,38.44272901,-87.84922065,17185.0,121.52777777777777,0.0,14,13,0,0,13,12,11549,1,0,0,1,1
2020-06-16,US,Illinois,Warren,127,0,0,40.84925021,-90.6147432,17187.0,753.9776775112799,0.0,127,127,0,0,127,127,17032,0,0,0,0,0
2020-06-16,US,Illinois,Washington,19,0,0,38.35309213,-89.40982703,17189.0,136.81860733059696,0.0,19,19,0,0,19,19,13995,0,0,0,0,0
2020-06-16,US,Illinois,Wayne,9,1,0,38.42955355,-88.42586459,17191.0,55.50416281221092,11.111111111111109,8,9,1,0,8,9,16332,0,0,0,0,0
2020-06-16,US,Illinois,White,3,0,0,38.08706198,-88.17657461,17193.0,22.16148334195169,0.0,3,3,0,0,3,3,13665,0,0,0,0,0
2020-06-16,US,Illinois,Whiteside,163,15,0,41.75509713,-89.91556058,17195.0,295.42365201631173,9.202453987730062,148,163,15,0,148,163,55626,0,0,0,0,0
2020-06-16,US,Illinois,Will,6191,302,0,41.44619267,-87.97862712,17197.0,896.2812507690994,4.878048780487805,5889,6158,302,0,5856,6140,692310,33,0,0,33,18
2020-06-16,US,Illinois,Williamson,87,3,0,37.73033511,-88.92994027,17199.0,130.6365151583405,3.4482758620689653,84,86,3,0,83,83,67056,1,0,0,1,3
2020-06-16,US,Illinois,Winnebago,2763,79,0,42.33641854,-89.16085327,17201.0,977.8038871508853,2.859211002533478,2684,2744,79,0,2665,2736,284081,19,0,0,19,8
2020-06-16,US,Illinois,Woodford,28,2,0,40.78579374,-89.20973757,17203.0,72.80480511713773,7.142857142857142,26,27,2,0,25,24,38463,1,0,0,1,3
2020-06-16,US,Indiana,Adams,28,1,0,40.7457653,-84.93671406,18001.0,78.26257092545491,3.571428571428572,27,27,1,0,26,26,35636,1,0,0,1,1
2020-06-16,US,Indiana,Allen,2261,87,0,41.09194313,-85.06800636,18003.0,596.0996469803506,3.847854931446263,2174,2224,85,0,2139,2195,375351,37,2,0,35,29
2020-06-16,US,Indiana,Bartholomew,558,42,0,39.20744865,-85.89558181,18005.0,666.0380286229247,7.526881720430107,516,554,41,0,513,551,82753,4,1,0,3,3
2020-06-16,US,Indiana,Benton,38,0,0,40.60626947,-87.31093999,18007.0,434.3850022862368,0.0,38,37,0,0,37,37,8653,1,0,0,1,0
2020-06-16,US,Indiana,Blackford,29,2,0,40.47388153,-85.32499702,18009.0,246.6405851335261,6.896551724137932,27,29,2,0,27,29,11930,0,0,0,0,0
2020-06-16,US,Indiana,Boone,382,38,0,40.0509304,-86.46841646,18011.0,563.0647229633122,9.947643979057592,344,386,38,0,348,360,66999,-4,0,0,-4,26
2020-06-16,US,Indiana,Brown,36,1,0,39.19605589,-86.22868909,18013.0,238.53697323085083,2.7777777777777777,35,36,1,0,35,36,15234,0,0,0,0,0
2020-06-16,US,Indiana,Carroll,102,2,0,40.580783200000006,-86.56198812,18015.0,503.5296440736536,1.96078431372549,100,101,2,0,99,99,20127,1,0,0,1,2
2020-06-16,US,Indiana,Cass,1608,9,0,40.76135835,-86.34830753,18017.0,4266.496855846533,0.5597014925373134,1599,1606,9,0,1597,1601,37955,2,0,0,2,5
2020-06-16,US,Indiana,Clark,577,42,0,38.48015445,-85.70510334,18019.0,487.73478047708414,7.2790294627383005,535,568,42,0,526,567,117360,9,0,0,9,1
2020-06-16,US,Indiana,Clay,56,3,0,39.39561833,-87.11723506,18021.0,213.53670162059106,5.357142857142857,53,56,3,0,53,56,26170,0,0,0,0,0
2020-06-16,US,Indiana,Clinton,261,1,0,40.30319754,-86.47277257,18023.0,805.5804191487391,0.3831417624521073,260,262,1,0,261,260,32250,-1,0,0,-1,2
2020-06-16,US,Indiana,Crawford,27,0,0,38.28814402,-86.44518825,18025.0,255.27087075730358,0.0,27,27,0,0,27,27,10558,0,0,0,0,0
2020-06-16,US,Indiana,Daviess,126,16,0,38.70186039,-87.07185406,18027.0,377.7997661239543,12.698412698412698,110,123,16,0,107,121,33147,3,0,0,3,2
2020-06-16,US,Indiana,DeKalb,123,3,0,41.39804622,-84.99906934,18033.0,282.9212190914318,2.4390243902439024,120,121,3,0,118,110,43226,2,0,0,2,11
2020-06-16,US,Indiana,Dearborn,180,22,0,39.14647946,-84.97333539,18029.0,363.94516559505036,12.222222222222221,158,179,22,0,157,179,49568,1,0,0,1,0
2020-06-16,US,Indiana,Decatur,237,32,0,39.30712658,-85.50087166,18031.0,892.3528747317292,13.502109704641349,205,237,32,0,205,237,26794,0,0,0,0,0
2020-06-16,US,Indiana,Delaware,402,44,0,40.22787247,-85.39732772,18035.0,352.21448284925754,10.945273631840797,358,402,44,0,358,402,114772,0,0,0,0,0
2020-06-16,US,Indiana,Dubois,242,5,0,38.36597551,-86.87924170000002,18037.0,566.2673156121302,2.066115702479338,237,241,4,0,237,240,42565,1,1,0,0,1
2020-06-16,US,Indiana,Elkhart,2248,35,0,41.59761169,-85.85875695,18039.0,1089.4587115502977,1.5569395017793597,2213,2168,34,0,2134,2081,205560,80,1,0,79,87
2020-06-16,US,Indiana,Fayette,84,7,0,39.63684962,-85.17797541,18041.0,363.604882694139,8.333333333333334,77,84,7,0,77,83,23047,0,0,0,0,1
2020-06-16,US,Indiana,Floyd,337,42,0,38.32117957,-85.90385377,18043.0,429.17908356893616,12.462908011869436,295,335,42,0,293,333,77781,2,0,0,2,2
2020-06-16,US,Indiana,Fountain,24,2,0,40.12361933,-87.24217689,18045.0,146.82491129328275,8.333333333333334,22,24,2,0,22,24,16351,0,0,0,0,0
2020-06-16,US,Indiana,Franklin,120,8,0,39.4142482,-85.06062647,18047.0,527.2871078302136,6.666666666666668,112,120,8,0,112,120,22736,0,0,0,0,0
2020-06-16,US,Indiana,Fulton,56,1,0,41.0469907,-86.26252745,18049.0,280.3644738159608,1.7857142857142858,55,55,1,0,54,55,20092,1,0,0,1,0
2020-06-16,US,Indiana,Gibson,24,2,0,38.30393723,-87.58054938,18051.0,71.30336611307527,8.333333333333334,22,24,2,0,22,23,33452,0,0,0,0,1
2020-06-16,US,Indiana,Grant,264,24,0,40.51587228,-85.65468702,18053.0,401.4049172102359,9.090909090909092,240,262,24,0,238,261,65936,2,0,0,2,1
2020-06-16,US,Indiana,Greene,181,29,0,39.03630547,-86.96223202,18055.0,567.0070797569075,16.02209944751381,152,181,29,0,152,179,32006,0,0,0,0,2
2020-06-16,US,Indiana,Hamilton,1368,96,0,40.07306535,-86.05244729,18057.0,404.72055643159536,7.0175438596491215,1272,1357,96,0,1261,1277,330086,11,0,0,11,80
2020-06-16,US,Indiana,Hancock,381,29,0,39.82304555,-85.77566351,18059.0,487.411728584587,7.6115485564304475,352,386,29,0,357,379,76351,-5,0,0,-5,7
2020-06-16,US,Indiana,Harrison,199,22,0,38.19467379,-86.10948271,18061.0,491.17610761446383,11.055276381909547,177,198,22,0,176,198,40350,1,0,0,1,0
2020-06-16,US,Indiana,Hendricks,1281,92,0,39.76719009,-86.51037283,18063.0,752.1534134612563,7.181889149102264,1189,1276,92,0,1184,1270,167009,5,0,0,5,6
2020-06-16,US,Indiana,Henry,204,14,0,39.93029017,-85.39625719,18065.0,425.248061369132,6.862745098039214,190,204,14,0,190,203,48271,0,0,0,0,1
2020-06-16,US,Indiana,Howard,476,47,0,40.48527731,-86.11351892,18067.0,576.6621438263229,9.873949579831931,429,472,45,0,427,469,82366,4,2,0,2,3
2020-06-16,US,Indiana,Huntington,55,2,0,40.82907273,-85.48822092,18069.0,150.60240963855418,3.636363636363636,53,52,2,0,50,51,36240,3,0,0,3,1
2020-06-16,US,Indiana,Jackson,421,2,0,38.90915820000001,-86.03851889,18071.0,951.821120933282,0.4750593824228028,419,419,2,0,417,416,44111,2,0,0,2,3
2020-06-16,US,Indiana,Jasper,85,1,0,41.02078733,-87.11553319,18073.0,253.26261843751863,1.1764705882352942,84,84,1,0,83,83,33370,1,0,0,1,1
2020-06-16,US,Indiana,Jay,62,0,0,40.43781032,-85.00576229,18075.0,303.3861812487767,0.0,62,62,0,0,62,62,20764,0,0,0,0,0
2020-06-16,US,Indiana,Jefferson,53,1,0,38.78576239,-85.43633383,18077.0,164.04605670422183,1.8867924528301887,52,53,1,0,52,53,32208,0,0,0,0,0
2020-06-16,US,Indiana,Jennings,142,4,0,38.99588883,-85.62710784,18079.0,511.9884622318371,2.8169014084507036,138,142,4,0,138,142,27611,0,0,0,0,0
2020-06-16,US,Indiana,Johnson,1174,115,0,39.48994426,-86.10149107,18081.0,742.2534409832646,9.79557069846678,1059,1172,114,0,1058,1168,156225,2,1,0,1,4
2020-06-16,US,Indiana,Knox,37,0,0,38.68861576,-87.4194665,18083.0,101.10947149805979,0.0,37,35,0,0,35,35,36895,2,0,0,2,0
2020-06-16,US,Indiana,Kosciusko,330,2,0,41.24521668,-85.86312322,18085.0,415.32420459122034,0.6060606060606061,328,311,2,0,309,306,79344,19,0,0,19,5
2020-06-16,US,Indiana,LaGrange,294,2,0,41.64232188,-85.42674232,18087.0,742.1618619679912,0.6802721088435374,292,277,2,0,275,267,39330,17,0,0,17,10
2020-06-16,US,Indiana,LaPorte,471,24,0,41.54366008,-86.74072188,18091.0,428.6182294700058,5.095541401273885,447,470,24,0,446,470,110007,1,0,0,1,0
2020-06-16,US,Indiana,Lake,4211,230,0,41.41874274,-87.38277575,18089.0,867.3657498666304,5.461885537876989,3981,4172,230,0,3942,4133,484411,39,0,0,39,39
2020-06-16,US,Indiana,Lawrence,182,24,0,38.84112637,-86.48361629,18093.0,401.1461318051576,13.186813186813184,158,182,24,0,158,181,45668,0,0,0,0,1
2020-06-16,US,Indiana,Madison,615,62,0,40.16143691,-85.71964711,18095.0,474.6505722819501,10.08130081300813,553,614,61,0,553,614,129641,1,1,0,0,0
2020-06-16,US,Indiana,Marion,10834,654,0,39.78163624,-86.13826325,18097.0,1123.1808182197058,6.036551596824812,10180,10788,651,0,10137,10662,954670,46,3,0,43,126
2020-06-16,US,Indiana,Marshall,315,3,0,41.32467367,-86.26185087,18099.0,680.9632928358337,0.9523809523809524,312,305,3,0,302,301,46248,10,0,0,10,4
2020-06-16,US,Indiana,Martin,16,0,0,38.7099921,-86.80373186,18101.0,156.0214529497806,0.0,16,16,0,0,16,16,10217,0,0,0,0,0
2020-06-16,US,Indiana,Miami,176,1,0,40.76940965,-86.04525048,18103.0,495.55130082216476,0.5681818181818182,175,170,1,0,169,169,35567,6,0,0,6,1
2020-06-16,US,Indiana,Monroe,190,18,0,39.16130004,-86.52414358,18105.0,128.00560529808465,9.473684210526317,172,188,18,0,170,187,146917,2,0,0,2,1
2020-06-16,US,Indiana,Montgomery,267,19,0,40.04034823,-86.89335024,18107.0,696.4369555010693,7.116104868913858,248,266,19,0,247,264,38346,1,0,0,1,2
2020-06-16,US,Indiana,Morgan,300,29,0,39.47899078,-86.44573375,18109.0,425.5983203052959,9.666666666666666,271,299,29,0,270,298,70116,1,0,0,1,1
2020-06-16,US,Indiana,Newton,88,10,0,40.95610449,-87.39635768,18111.0,629.2906178489702,11.363636363636365,78,88,10,0,78,87,14011,0,0,0,0,1
2020-06-16,US,Indiana,Noble,341,27,0,41.39672484,-85.41966713,18113.0,714.225871313673,7.917888563049853,314,337,27,0,310,331,47532,4,0,0,4,6
2020-06-16,US,Indiana,Ohio,13,0,0,38.955305,-84.96515993,18115.0,221.27659574468086,0.0,13,13,0,0,13,13,5844,0,0,0,0,0
2020-06-16,US,Indiana,Orange,132,23,0,38.54118920000001,-86.49523093,18117.0,671.8924972004478,17.424242424242426,109,132,23,0,109,132,19489,0,0,0,0,0
2020-06-16,US,Indiana,Owen,37,1,0,39.31145587,-86.83900724,18119.0,177.89316794076638,2.702702702702702,36,37,1,0,36,37,20845,0,0,0,0,0
2020-06-16,US,Indiana,Parke,20,0,0,39.77202286,-87.20375833,18121.0,118.08466670602822,0.0,20,20,0,0,20,20,16927,0,0,0,0,0
2020-06-16,US,Indiana,Perry,92,1,0,38.07809328,-86.63741946,18123.0,479.941572330325,1.0869565217391304,91,92,1,0,91,91,19102,0,0,0,0,1
2020-06-16,US,Indiana,Pike,6,0,0,38.40112197,-87.23574907,18125.0,48.43005892323836,0.0,6,6,0,0,6,6,12410,0,0,0,0,0
2020-06-16,US,Indiana,Porter,593,34,0,41.45986947,-87.06848888,18127.0,348.02716137778845,5.733558178752108,559,589,34,0,555,587,169594,4,0,0,4,2
2020-06-16,US,Indiana,Posey,20,0,0,38.02097333,-87.86480429,18129.0,78.65654619105675,0.0,20,19,0,0,19,19,25540,1,0,0,1,0
2020-06-16,US,Indiana,Pulaski,53,1,0,41.04166107,-86.69890683,18131.0,429.04557597344774,1.8867924528301887,52,53,1,0,52,53,12469,0,0,0,0,0
2020-06-16,US,Indiana,Putnam,159,8,0,39.66437981,-86.84517605,18133.0,423.1424313391528,5.031446540880503,151,156,8,0,148,155,37779,3,0,0,3,1
2020-06-16,US,Indiana,Randolph,68,3,0,40.15734772,-85.01139319,18135.0,275.69430366916686,4.411764705882354,65,68,3,0,65,67,24851,0,0,0,0,1
2020-06-16,US,Indiana,Ripley,111,6,0,39.10235626,-85.26212744,18137.0,391.8938003106906,5.405405405405406,105,109,6,0,103,109,28523,2,0,0,2,0
2020-06-16,US,Indiana,Rush,51,3,0,39.62002287,-85.4655599,18139.0,307.58096616609373,5.882352941176472,48,51,3,0,48,50,16663,0,0,0,0,1
2020-06-16,US,Indiana,Scott,146,3,0,38.68672078,-85.74627859,18143.0,611.5695555648641,2.054794520547945,143,144,3,0,141,144,23878,2,0,0,2,0
2020-06-16,US,Indiana,Shelby,408,23,0,39.52305623,-85.79158570000001,18145.0,912.1598962641687,5.637254901960786,385,406,22,0,384,405,44593,2,1,0,1,1
2020-06-16,US,Indiana,Spencer,23,1,0,38.01519732,-87.0079644,18147.0,113.42900823593234,4.3478260869565215,22,23,1,0,22,23,20327,0,0,0,0,0
2020-06-16,US,Indiana,St. Joseph,1571,51,0,41.61756781,-86.29040834,18141.0,577.9432431040445,3.2463399108847866,1520,1552,50,0,1502,1539,270771,19,1,0,18,13
2020-06-16,US,Indiana,Starke,54,3,0,41.27890281,-86.64686895,18149.0,234.83365949119374,5.5555555555555545,51,52,3,0,49,51,22935,2,0,0,2,1
2020-06-16,US,Indiana,Steuben,106,2,0,41.64423868,-85.00101094,18151.0,306.41151644793894,1.8867924528301887,104,105,2,0,103,105,34586,1,0,0,1,0
2020-06-16,US,Indiana,Sullivan,41,1,0,39.08952258,-87.41414469,18153.0,198.36470075959167,2.4390243902439024,40,41,1,0,40,41,20690,0,0,0,0,0
2020-06-16,US,Indiana,Switzerland,22,0,0,38.82767338,-85.03022429,18155.0,204.63212724397732,0.0,22,22,0,0,22,22,10717,0,0,0,0,0
2020-06-16,US,Indiana,Tippecanoe,492,5,0,40.38872739,-86.89413959,18157.0,251.3641101097419,1.0162601626016259,487,491,5,0,486,486,193048,1,0,0,1,5
2020-06-16,US,Indiana,Tipton,28,1,0,40.31123252,-86.05234925,18159.0,184.8428835489834,3.571428571428572,27,28,1,0,27,28,15128,0,0,0,0,0
2020-06-16,US,Indiana,Unassigned,0,182,0,0.0,0.0,90018.0,0.0,0.0,-182,0,182,0,-182,0,,0,0,0,0,0
2020-06-16,US,Indiana,Union,12,0,0,39.62550777,-84.92497066,18161.0,170.1162461015027,0.0,12,12,0,0,12,12,7037,0,0,0,0,0
2020-06-16,US,Indiana,Vanderburgh,329,5,0,38.02658833,-87.58763124,18163.0,181.31616800127858,1.5197568389057752,324,330,5,0,325,326,180974,-1,0,0,-1,4
2020-06-16,US,Indiana,Vermillion,12,0,0,39.8523352,-87.46160542,18165.0,77.42934572202864,0.0,12,11,0,0,11,11,15479,1,0,0,1,0
2020-06-16,US,Indiana,Vigo,201,8,0,39.42944561,-87.39169027,18167.0,187.783777723799,3.9800995024875614,193,200,8,0,192,200,107386,1,0,0,1,0
2020-06-16,US,Indiana,Wabash,88,2,0,40.84704239,-85.79328272,18169.0,283.9076009807717,2.272727272727273,86,88,2,0,86,88,31280,0,0,0,0,0
2020-06-16,US,Indiana,Warren,14,1,0,40.34728141,-87.35602659,18171.0,169.38898971566852,7.142857142857142,13,14,1,0,13,14,8263,0,0,0,0,0
2020-06-16,US,Indiana,Warrick,176,29,0,38.08922676,-87.2716085,18173.0,279.37394837931356,16.477272727272727,147,175,29,0,146,173,62567,1,0,0,1,2
2020-06-16,US,Indiana,Washington,58,1,0,38.60219804,-86.1049363,18175.0,206.87687259238126,1.7241379310344829,57,58,1,0,57,57,27943,0,0,0,0,1
2020-06-16,US,Indiana,Wayne,103,6,0,39.8633444,-85.01044989,18177.0,156.33537732985246,5.825242718446603,97,104,6,0,98,103,65936,-1,0,0,-1,1
2020-06-16,US,Indiana,Wells,62,0,0,40.72934187,-85.22132966,18179.0,219.11224201300536,0.0,62,56,0,0,56,54,28206,6,0,0,6,2
2020-06-16,US,Indiana,White,242,10,0,40.74911165,-86.86492015,18181.0,1004.066052609742,4.132231404958676,232,245,10,0,235,242,24133,-3,0,0,-3,3
2020-06-16,US,Indiana,Whitley,64,3,0,41.13863784,-85.50791236,18183.0,188.43481333176305,4.6875,61,64,3,0,61,62,34074,0,0,0,0,2
2020-06-16,US,Iowa,Adair,11,0,0,41.33075609,-94.47105874,19001.0,153.80313199105146,0.0,11,11,0,0,11,11,7063,0,0,0,0,0
2020-06-16,US,Iowa,Adams,8,0,0,41.02903567,-94.69932645,19003.0,222.0988339811216,0.0,8,8,0,0,8,7,3645,0,0,0,0,1
2020-06-16,US,Iowa,Allamakee,121,4,0,43.28383218,-91.37860922,19005.0,884.050558924527,3.3057851239669422,117,120,4,0,116,121,13832,1,0,0,1,-1
2020-06-16,US,Iowa,Appanoose,17,3,0,40.74324454,-92.86865906,19007.0,136.80991469499438,17.647058823529417,14,17,3,0,14,16,12437,0,0,0,0,1
2020-06-16,US,Iowa,Audubon,14,1,0,41.6844628,-94.90581859,19009.0,254.7307132459971,7.142857142857142,13,14,1,0,13,14,5506,0,0,0,0,0
2020-06-16,US,Iowa,Benton,46,1,0,42.08011739,-92.06463573,19011.0,179.37219730941703,2.1739130434782608,45,46,1,0,45,46,25642,0,0,0,0,0
2020-06-16,US,Iowa,Black Hawk,1838,55,0,42.4704581,-92.30524729,19013.0,1400.6157222543966,2.992383025027204,1783,1836,54,0,1782,1834,132408,2,1,0,1,2
2020-06-16,US,Iowa,Boone,101,1,0,42.03657094,-93.9313999,19015.0,384.99656933750094,0.99009900990099,100,101,1,0,100,100,26346,0,0,0,0,1
2020-06-16,US,Iowa,Bremer,74,6,0,42.77461496,-92.31795937,19017.0,295.26773601468363,8.108108108108109,68,74,6,0,68,74,24947,0,0,0,0,0
2020-06-16,US,Iowa,Buchanan,35,1,0,42.4709188,-91.83510825,19019.0,165.28925619834712,2.8571428571428568,34,35,1,0,34,35,21199,0,0,0,0,0
2020-06-16,US,Iowa,Buena Vista,1600,8,0,42.73545875,-95.15100162,19021.0,8154.943934760448,0.5,1592,1595,6,0,1589,1588,19874,5,2,0,3,7
2020-06-16,US,Iowa,Butler,23,2,0,42.73172833,-92.79015971,19023.0,159.2908096128541,8.695652173913043,21,23,2,0,21,22,14539,0,0,0,0,1
2020-06-16,US,Iowa,Calhoun,24,0,0,42.38521079,-94.64046046,19025.0,248.24162184526276,0.0,24,24,0,0,24,23,9699,0,0,0,0,1
2020-06-16,US,Iowa,Carroll,49,1,0,42.03617207,-94.86032705,19027.0,242.99528886684848,2.0408163265306123,48,48,1,0,47,47,20154,1,0,0,1,1
2020-06-16,US,Iowa,Cass,14,0,0,41.33149454,-94.92792482,19029.0,109.06824555936429,0.0,14,14,0,0,14,14,12930,0,0,0,0,0
2020-06-16,US,Iowa,Cedar,54,1,0,41.77233777,-91.13246684,19031.0,289.9017555161862,1.851851851851852,53,54,1,0,53,54,18627,0,0,0,0,0
2020-06-16,US,Iowa,Cerro Gordo,48,1,0,43.08177563,-93.2612239,19033.0,113.07420494699646,2.083333333333333,47,44,1,0,43,42,42647,4,0,0,4,2
2020-06-16,US,Iowa,Cherokee,59,0,0,42.73538914,-95.62389402,19035.0,525.14463729417,0.0,59,59,0,0,59,59,11321,0,0,0,0,0
2020-06-16,US,Iowa,Chickasaw,15,0,0,43.06001295,-92.31773347,19037.0,125.70183524679459,0.0,15,15,0,0,15,15,11964,0,0,0,0,0
2020-06-16,US,Iowa,Clarke,89,1,0,41.02868181,-93.78499767,19039.0,947.3124002128792,1.1235955056179776,88,89,1,0,88,88,9423,0,0,0,0,1
2020-06-16,US,Iowa,Clay,83,0,0,43.08247182,-95.15096481,19041.0,518.2317682317682,0.0,83,77,0,0,77,73,16134,6,0,0,6,4
2020-06-16,US,Iowa,Clayton,35,3,0,42.84443388,-91.34133693,19043.0,199.44156362185882,8.571428571428571,32,35,3,0,32,35,17556,0,0,0,0,0
2020-06-16,US,Iowa,Clinton,68,1,0,41.89981633,-90.53275096,19045.0,146.46018652135518,1.4705882352941178,67,68,1,0,67,68,46518,0,0,0,0,0
2020-06-16,US,Iowa,Crawford,622,2,0,42.03718237,-95.3819718,19047.0,3697.978596908442,0.3215434083601286,620,622,2,0,620,618,17158,0,0,0,0,4
2020-06-16,US,Iowa,Dallas,1029,27,0,41.68560356,-94.04127625,19049.0,1101.0882475682963,2.623906705539359,1002,1029,26,0,1003,1025,90180,0,1,0,-1,4
2020-06-16,US,Iowa,Davis,34,1,0,40.74773536,-92.41005468,19051.0,377.77777777777777,2.9411764705882355,33,34,1,0,33,34,9017,0,0,0,0,0
2020-06-16,US,Iowa,Decatur,9,0,0,40.73742757,-93.78645949,19053.0,114.35832274459976,0.0,9,7,0,0,7,4,7890,2,0,0,2,3
2020-06-16,US,Iowa,Delaware,27,1,0,42.47104597,-91.3664492,19055.0,158.72082769972369,3.703703703703704,26,27,1,0,26,27,17069,0,0,0,0,0
2020-06-16,US,Iowa,Des Moines,66,2,0,40.92012606,-91.18326592,19057.0,169.37408576487798,3.0303030303030303,64,66,2,0,64,68,39138,0,0,0,0,-2
2020-06-16,US,Iowa,Dickinson,158,0,0,43.37787725,-95.1510206,19059.0,915.517441186696,0.0,158,151,0,0,151,133,17153,7,0,0,7,18
2020-06-16,US,Iowa,Dubuque,390,22,0,42.46815349,-90.88181925,19061.0,400.77689058790884,5.641025641025642,368,387,22,0,365,384,96854,3,0,0,3,3
2020-06-16,US,Iowa,Emmet,41,0,0,43.37782951,-94.67858943,19063.0,445.2649869678541,0.0,41,39,0,0,39,39,9253,2,0,0,2,0
2020-06-16,US,Iowa,Fayette,28,0,0,42.86271799,-91.84412309999999,19065.0,142.4936386768448,0.0,28,28,0,0,28,28,19660,0,0,0,0,0
2020-06-16,US,Iowa,Floyd,21,1,0,43.06000529999999,-92.78940097,19067.0,134.25393172228615,4.761904761904762,20,20,1,0,19,20,15761,1,0,0,1,0
2020-06-16,US,Iowa,Franklin,50,0,0,42.73270384,-93.26256925,19069.0,496.5243296921548,0.0,50,49,0,0,49,44,10124,1,0,0,1,5
2020-06-16,US,Iowa,Fremont,4,0,0,40.74542720000001,-95.60129045,19071.0,57.4712643678161,0.0,4,4,0,0,4,4,6993,0,0,0,0,0
2020-06-16,US,Iowa,Greene,21,0,0,42.03614551,-94.39658081,19073.0,236.27362736273628,0.0,21,21,0,0,21,21,8981,0,0,0,0,0
2020-06-16,US,Iowa,Grundy,23,0,0,42.40183723,-92.78829551,19075.0,188.03139306736432,0.0,23,23,0,0,23,23,12304,0,0,0,0,0
2020-06-16,US,Iowa,Guthrie,59,3,0,41.68378965,-94.50111014,19077.0,551.9693142482927,5.084745762711863,56,59,3,0,56,58,10720,0,0,0,0,1
2020-06-16,US,Iowa,Hamilton,125,0,0,42.38382428,-93.70197703,19079.0,846.138225140459,0.0,125,123,0,0,123,119,14952,2,0,0,2,4
2020-06-16,US,Iowa,Hancock,32,0,0,43.08178477,-93.73454884,19081.0,301.0348071495767,0.0,32,32,0,0,32,27,10712,0,0,0,0,5
2020-06-16,US,Iowa,Hardin,45,0,0,42.38353877,-93.23654611,19083.0,267.1257271755907,0.0,45,45,0,0,45,44,16868,0,0,0,0,1
2020-06-16,US,Iowa,Harrison,40,0,0,41.68330137,-95.81558439,19085.0,284.7177735070112,0.0,40,40,0,0,40,39,14134,0,0,0,0,1
2020-06-16,US,Iowa,Henry,74,2,0,40.98767962,-91.54436349,19087.0,370.85296181216796,2.702702702702702,72,74,2,0,72,73,20067,0,0,0,0,1
2020-06-16,US,Iowa,Howard,12,0,0,43.35671042,-92.31702714,19089.0,131.03297663245252,0.0,12,12,0,0,12,12,9187,0,0,0,0,0
2020-06-16,US,Iowa,Humboldt,34,1,0,42.7764426,-94.20722537,19091.0,355.7229545930111,2.9411764705882355,33,34,1,0,33,33,9547,0,0,0,0,1
2020-06-16,US,Iowa,Ida,18,0,0,42.38696136,-95.51355387,19093.0,262.3906705539359,0.0,18,18,0,0,18,18,6841,0,0,0,0,0
2020-06-16,US,Iowa,Iowa,34,0,0,41.68630265,-92.0643373,19095.0,210.08403361344537,0.0,34,34,0,0,34,34,16141,0,0,0,0,0
2020-06-16,US,Iowa,Jackson,14,0,0,42.17178824,-90.57354837,19097.0,72.02016564638099,0.0,14,14,0,0,14,14,19432,0,0,0,0,0
2020-06-16,US,Iowa,Jasper,282,17,0,41.68576082,-93.05567785,19099.0,758.3703106091167,6.028368794326241,265,282,17,0,265,282,37147,0,0,0,0,0
2020-06-16,US,Iowa,Jefferson,46,0,0,41.03192394,-91.94849466,19101.0,251.4348182563542,0.0,46,47,0,0,47,45,18381,-1,0,0,-1,2
2020-06-16,US,Iowa,Johnson,650,8,0,41.67169354,-91.58754744,19103.0,430.0648405451899,1.2307692307692308,642,643,8,0,635,638,151260,7,0,0,7,5
2020-06-16,US,Iowa,Jones,41,0,0,42.12118609,-91.13139641,19105.0,198.24960108311973,0.0,41,41,0,0,41,41,20744,0,0,0,0,0
2020-06-16,US,Iowa,Keokuk,16,0,0,41.33649833,-92.1785067,19107.0,156.15850087839158,0.0,16,15,0,0,15,15,10225,1,0,0,1,0
2020-06-16,US,Iowa,Kossuth,19,0,0,43.20405458,-94.20691791,19109.0,128.26571254978734,0.0,19,19,0,0,19,17,14908,0,0,0,0,2
2020-06-16,US,Iowa,Lee,40,1,0,40.64181461,-91.48183025,19111.0,118.84600528864723,2.5,39,40,1,0,39,38,34055,0,0,0,0,2
2020-06-16,US,Iowa,Linn,1021,80,0,42.07923082,-91.59809485,19113.0,450.3630252397378,7.835455435847209,941,1019,80,0,939,1018,225909,2,0,0,2,1
2020-06-16,US,Iowa,Louisa,355,12,0,41.21842119,-91.26102611,19115.0,3217.036701404621,3.380281690140845,343,355,12,0,343,355,11169,0,0,0,0,0
2020-06-16,US,Iowa,Lucas,25,3,0,41.02958964,-93.32780803,19117.0,290.6976744186046,12.0,22,25,3,0,22,24,8645,0,0,0,0,1
2020-06-16,US,Iowa,Lyon,31,0,0,43.38107862,-96.20926845,19119.0,263.71756699276904,0.0,31,31,0,0,31,31,11811,0,0,0,0,0
2020-06-16,US,Iowa,Madison,34,2,0,41.33081904,-94.01554631,19121.0,208.10380707552943,5.882352941176472,32,34,2,0,32,34,16249,0,0,0,0,0
2020-06-16,US,Iowa,Mahaska,108,15,0,41.33521503,-92.64083907,19123.0,488.7983706720978,13.888888888888891,93,108,14,0,94,108,22000,0,1,0,-1,0
2020-06-16,US,Iowa,Marion,41,0,0,41.33445101,-93.09934783,19125.0,123.2971461221544,0.0,41,42,0,0,42,43,33407,-1,0,0,-1,-1
2020-06-16,US,Iowa,Marshall,942,18,0,42.03586837,-92.99908190000001,19127.0,2392.745561228377,1.9108280254777068,924,941,18,0,923,941,39981,1,0,0,1,0
2020-06-16,US,Iowa,Mills,24,0,0,41.03299766,-95.61920963,19129.0,158.84572109338802,0.0,24,24,0,0,24,24,15063,0,0,0,0,0
2020-06-16,US,Iowa,Mitchell,8,0,0,43.35638371,-92.78887719,19131.0,75.57150954090308,0.0,8,8,0,0,8,7,10569,0,0,0,0,1
2020-06-16,US,Iowa,Monona,49,0,0,42.05220391,-95.95743843,19133.0,568.7753917585607,0.0,49,49,0,0,49,43,8679,0,0,0,0,6
2020-06-16,US,Iowa,Monroe,47,6,0,41.02988815,-92.8690667,19135.0,609.8352147398471,12.76595744680851,41,47,6,0,41,47,7790,0,0,0,0,0
2020-06-16,US,Iowa,Montgomery,9,2,0,41.03018714,-95.15642896,19137.0,90.7532519915297,22.222222222222218,7,9,2,0,7,9,10003,0,0,0,0,0
2020-06-16,US,Iowa,Muscatine,574,43,0,41.48370744,-91.11216970000001,19139.0,1345.3965872867054,7.491289198606273,531,574,43,0,531,574,42929,0,0,0,0,0
2020-06-16,US,Iowa,O'Brien,66,1,0,43.08310673,-95.62474482,19141.0,479.8952955718752,1.5151515151515151,65,66,1,0,65,65,13840,0,0,0,0,1
2020-06-16,US,Iowa,Osceola,49,0,0,43.37824276,-95.62422844,19143.0,822.4236320913056,0.0,49,49,0,0,49,49,6040,0,0,0,0,0
2020-06-16,US,Iowa,Page,17,0,0,40.7393172,-95.1497813,19145.0,112.53061494671343,0.0,17,16,0,0,16,16,15249,1,0,0,1,0
2020-06-16,US,Iowa,Palo Alto,16,0,0,43.08193849,-94.67824621,19147.0,180.0585190186811,0.0,16,16,0,0,16,13,8929,0,0,0,0,3
2020-06-16,US,Iowa,Plymouth,203,4,0,42.737633,-96.21366621,19149.0,806.2914564880646,1.9704433497536944,199,201,4,0,197,200,25095,2,0,0,2,1
2020-06-16,US,Iowa,Pocahontas,30,0,0,42.73420133,-94.67862564,19151.0,453.2406707961928,0.0,30,30,0,0,30,30,6740,0,0,0,0,0
2020-06-16,US,Iowa,Polk,5199,163,0,41.68679484,-93.57767461,19153.0,1060.6719016812842,3.135218311213695,5036,5175,163,0,5012,5151,487204,24,0,0,24,24
2020-06-16,US,Iowa,Pottawattamie,517,11,0,41.33640314,-95.53907776,19155.0,554.6853206875094,2.127659574468085,506,510,11,0,499,507,93533,7,0,0,7,3
2020-06-16,US,Iowa,Poweshiek,95,8,0,41.68625425,-92.53155731,19157.0,513.4025075659317,8.421052631578947,87,95,8,0,87,95,18699,0,0,0,0,0
2020-06-16,US,Iowa,Ringgold,8,0,0,40.73518949,-94.24368535,19159.0,163.4654679199019,0.0,8,8,0,0,8,8,4968,0,0,0,0,0
2020-06-16,US,Iowa,Sac,38,0,0,42.38624071,-95.10547892,19161.0,390.9062853615883,0.0,38,38,0,0,38,38,9719,0,0,0,0,0
2020-06-16,US,Iowa,Scott,408,10,0,41.63935978,-90.61959493,19163.0,235.91587979854637,2.4509803921568634,398,407,10,0,397,406,173283,1,0,0,1,1
2020-06-16,US,Iowa,Shelby,50,0,0,41.6850066,-95.31015553,19165.0,436.5287235900123,0.0,50,49,0,0,49,48,11578,1,0,0,1,1
2020-06-16,US,Iowa,Sioux,362,0,0,43.08221074,-96.17675679999999,19167.0,1038.5884378138,0.0,362,359,0,0,359,355,34909,3,0,0,3,4
2020-06-16,US,Iowa,Story,259,3,0,42.03621213,-93.46499005,19169.0,266.6886332979808,1.1583011583011582,256,255,2,0,253,247,98105,4,1,0,3,8
2020-06-16,US,Iowa,Tama,429,29,0,42.07991767,-92.53266945,19171.0,2545.3898184407267,6.759906759906759,400,429,29,0,400,427,16904,0,0,0,0,2
2020-06-16,US,Iowa,Taylor,74,0,0,40.73710579,-94.69778563,19173.0,1208.9527854925666,0.0,74,74,0,0,74,73,6191,0,0,0,0,1
2020-06-16,US,Iowa,Unassigned,5,0,0,0.0,0.0,90019.0,0.0,0.0,5,6,0,0,6,5,,-1,0,0,-1,1
2020-06-16,US,Iowa,Union,10,0,0,41.0277278,-94.24234847,19175.0,81.6926721673066,0.0,10,10,0,0,10,10,12359,0,0,0,0,0
2020-06-16,US,Iowa,Van Buren,12,0,0,40.75326764,-91.95017958,19177.0,170.35775127768312,0.0,12,11,0,0,11,11,7020,1,0,0,1,0
2020-06-16,US,Iowa,Wapello,675,26,0,41.03064984,-92.40954728,19179.0,1930.2811061225657,3.851851851851852,649,675,26,0,649,675,35205,0,0,0,0,0
2020-06-16,US,Iowa,Warren,197,1,0,41.33559454,-93.56007641,19181.0,382.7769789764116,0.5076142131979695,196,197,1,0,196,196,51056,0,0,0,0,1
2020-06-16,US,Iowa,Washington,208,9,0,41.33577126,-91.71725711,19183.0,946.9610744366037,4.326923076923077,199,208,9,0,199,208,22141,0,0,0,0,0
2020-06-16,US,Iowa,Wayne,5,0,0,40.73969028,-93.32752197,19185.0,77.6276975624903,0.0,5,5,0,0,5,4,6401,0,0,0,0,1
2020-06-16,US,Iowa,Webster,101,1,0,42.42853483,-94.17987389,19187.0,281.3057040998217,0.99009900990099,100,99,1,0,98,97,36277,2,0,0,2,2
2020-06-16,US,Iowa,Winnebago,13,0,0,43.37751174,-93.73407298,19189.0,125.55534093104114,0.0,13,13,0,0,13,12,10518,0,0,0,0,1
2020-06-16,US,Iowa,Winneshiek,24,0,0,43.29094334,-91.84422722,19191.0,120.05402431093992,0.0,24,24,0,0,24,24,20029,0,0,0,0,0
2020-06-16,US,Iowa,Woodbury,3015,40,0,42.38979414,-96.0459439,19193.0,2924.1467601617737,1.326699834162521,2975,3008,39,0,2969,3004,102539,7,1,0,6,4
2020-06-16,US,Iowa,Worth,5,0,0,43.37750768,-93.26087602,19195.0,67.74149844194554,0.0,5,4,0,0,4,4,7453,1,0,0,1,0
2020-06-16,US,Iowa,Wright,291,0,0,42.73305373,-93.73515113,19197.0,2316.5101098551186,0.0,291,293,0,0,293,285,12690,-2,0,0,-2,8
2020-06-16,US,Kansas,Allen,2,0,0,37.88582951,-95.30030847,20001.0,16.169455897809037,0.0,2,2,0,0,2,2,12444,0,0,0,0,0
2020-06-16,US,Kansas,Anderson,2,0,0,38.21413251,-95.29272815,20003.0,25.451768897938408,0.0,2,2,0,0,2,1,7878,0,0,0,0,1
2020-06-16,US,Kansas,Atchison,27,0,0,39.53185661,-95.30870026,20005.0,167.98357493933926,0.0,27,27,0,0,27,26,16193,0,0,0,0,1
2020-06-16,US,Kansas,Barber,1,0,0,37.2288586,-98.68460053,20007.0,22.588660492432798,0.0,1,1,0,0,1,1,4472,0,0,0,0,0
2020-06-16,US,Kansas,Barton,49,1,0,38.47889676,-98.75636726,20009.0,190.07719461577253,2.0408163265306123,48,49,1,0,48,48,26111,0,0,0,0,1
2020-06-16,US,Kansas,Bourbon,8,1,0,37.85508555,-94.84865997,20011.0,55.04334663547544,12.5,7,8,1,0,7,8,14653,0,0,0,0,0
2020-06-16,US,Kansas,Brown,10,0,0,39.82652589,-95.56421698,20013.0,104.55876202425765,0.0,10,10,0,0,10,10,9598,0,0,0,0,0
2020-06-16,US,Kansas,Butler,37,0,0,37.78134351,-96.83878537,20015.0,55.2973352662492,0.0,37,37,0,0,37,37,66765,0,0,0,0,0
2020-06-16,US,Kansas,Chase,3,0,0,38.30292938,-96.59563862,20017.0,113.2930513595166,0.0,3,3,0,0,3,3,2629,0,0,0,0,0
2020-06-16,US,Kansas,Chautauqua,4,0,0,37.14994405,-96.2454192,20019.0,123.07692307692308,0.0,4,4,0,0,4,4,3309,0,0,0,0,0
2020-06-16,US,Kansas,Cherokee,17,0,0,37.16928494,-94.8462897,20021.0,85.26004313155124,0.0,17,16,0,0,16,16,20015,1,0,0,1,0
2020-06-16,US,Kansas,Cheyenne,2,0,0,39.78580976,-101.7318201,20023.0,75.27286413248024,0.0,2,2,0,0,2,2,2660,0,0,0,0,0
2020-06-16,US,Kansas,Clark,34,1,0,37.23577007,-99.81883015,20025.0,1705.1153460381142,2.9411764705882355,33,34,1,0,33,33,2005,0,0,0,0,1
2020-06-16,US,Kansas,Clay,6,2,0,39.34948772,-97.16518128,20027.0,74.9812546863284,33.333333333333336,4,6,2,0,4,6,7997,0,0,0,0,0
2020-06-16,US,Kansas,Cloud,5,0,0,39.48028352,-97.64925343,20029.0,56.908718415661276,0.0,5,5,0,0,5,5,8729,0,0,0,0,0
2020-06-16,US,Kansas,Coffey,52,8,0,38.2365018,-95.73379515,20031.0,635.7745445653503,15.384615384615385,44,52,8,0,44,52,8233,0,0,0,0,0
2020-06-16,US,Kansas,Comanche,2,0,0,37.19114520000001,-99.27113247,20033.0,117.64705882352942,0.0,2,2,0,0,2,2,1748,0,0,0,0,0
2020-06-16,US,Kansas,Cowley,41,1,0,37.23781842,-96.83776647,20035.0,117.45158702876131,2.4390243902439024,40,41,1,0,40,39,35218,0,0,0,0,2
2020-06-16,US,Kansas,Crawford,98,1,0,37.50675523,-94.85245778,20037.0,252.46019887680973,1.020408163265306,97,98,1,0,97,44,39019,0,0,0,0,54
2020-06-16,US,Kansas,Dickinson,6,1,0,38.86600962,-97.15532383,20041.0,32.492147730965016,16.666666666666668,5,6,1,0,5,6,18717,0,0,0,0,0
2020-06-16,US,Kansas,Doniphan,20,0,0,39.79067154,-95.14056866,20043.0,263.1578947368421,0.0,20,20,0,0,20,20,7682,0,0,0,0,0
2020-06-16,US,Kansas,Douglas,83,0,0,38.88503636,-95.2925121,20045.0,67.88866259334691,0.0,83,82,0,0,82,79,121436,1,0,0,1,3
2020-06-16,US,Kansas,Edwards,5,0,0,37.88735543,-99.31263309,20047.0,178.69907076483204,0.0,5,5,0,0,5,5,2849,0,0,0,0,0
2020-06-16,US,Kansas,Ellis,13,0,0,38.91458712,-99.31751551,20051.0,45.529366441354675,0.0,13,13,0,0,13,12,28710,0,0,0,0,1
2020-06-16,US,Kansas,Ellsworth,3,0,0,38.69677695,-98.20462799,20053.0,49.164208456243855,0.0,3,3,0,0,3,3,6196,0,0,0,0,0
2020-06-16,US,Kansas,Finney,1543,10,0,38.04340344,-100.73819379999999,20055.0,4231.222749335016,0.6480881399870383,1533,1540,10,0,1530,1538,36611,3,0,0,3,2
2020-06-16,US,Kansas,Ford,1863,8,0,37.69200114,-99.88825298,20057.0,5541.5092655938615,0.4294149221685454,1855,1863,8,0,1855,1842,33888,0,0,0,0,21
2020-06-16,US,Kansas,Franklin,51,0,0,38.56443815,-95.28644341,20059.0,199.65549639837144,0.0,51,51,0,0,51,49,25631,0,0,0,0,2
2020-06-16,US,Kansas,Geary,29,1,0,38.99871131,-96.7577178,20061.0,91.56930849384277,3.4482758620689653,28,29,1,0,28,29,32594,0,0,0,0,0
2020-06-16,US,Kansas,Gove,1,0,0,38.91588178,-100.4829321,20063.0,37.93626707132018,0.0,1,1,0,0,1,1,2612,0,0,0,0,0
2020-06-16,US,Kansas,Grant,18,1,0,37.56227336,-101.3079758,20067.0,251.74825174825176,5.5555555555555545,17,18,1,0,17,18,7336,0,0,0,0,0
2020-06-16,US,Kansas,Gray,23,0,0,37.73836671,-100.4369088,20069.0,384.1015364061456,0.0,23,23,0,0,23,23,6033,0,0,0,0,0
2020-06-16,US,Kansas,Greenwood,11,0,0,37.8774388,-96.23250453,20073.0,183.884988298228,0.0,11,11,0,0,11,11,6055,0,0,0,0,0
2020-06-16,US,Kansas,Hamilton,28,0,0,37.99978709,-101.7921066,20075.0,1102.7963765261914,0.0,28,28,0,0,28,27,2607,0,0,0,0,1
2020-06-16,US,Kansas,Harper,2,0,0,37.19175361,-98.07578384,20077.0,36.79175864606328,0.0,2,2,0,0,2,2,5506,0,0,0,0,0
2020-06-16,US,Kansas,Harvey,12,0,0,38.04293782,-97.42747573,20079.0,34.854337912806066,0.0,12,12,0,0,12,12,34210,0,0,0,0,0
2020-06-16,US,Kansas,Haskell,22,0,0,37.562039399999996,-100.8710738,20081.0,554.4354838709677,0.0,22,22,0,0,22,22,3997,0,0,0,0,0
2020-06-16,US,Kansas,Hodgeman,6,0,0,38.08780079,-99.89829881,20083.0,334.4481605351171,0.0,6,6,0,0,6,5,1818,0,0,0,0,1
2020-06-16,US,Kansas,Jackson,103,1,0,39.41673394,-95.79356799,20085.0,782.0211069774506,0.9708737864077671,102,103,1,0,102,102,13280,0,0,0,0,1
2020-06-16,US,Kansas,Jefferson,22,0,0,39.2347941,-95.38289232,20087.0,115.52801554376936,0.0,22,22,0,0,22,22,18975,0,0,0,0,0
2020-06-16,US,Kansas,Jewell,4,0,0,39.78470589,-98.21820662,20089.0,138.9371309482459,0.0,4,4,0,0,4,4,2841,0,0,0,0,0
2020-06-16,US,Kansas,Johnson,1080,72,0,38.88548175,-94.82250877,20091.0,179.28257091206692,6.666666666666668,1008,1075,72,0,1003,1061,597555,5,0,0,5,14
2020-06-16,US,Kansas,Kearny,46,1,0,38.00017981,-101.32168100000001,20093.0,1198.540906722251,2.1739130434782608,45,46,1,0,45,46,3943,0,0,0,0,0
2020-06-16,US,Kansas,Kiowa,3,0,0,37.55848695,-99.2856537,20097.0,121.21212121212122,0.0,3,3,0,0,3,3,2516,0,0,0,0,0
2020-06-16,US,Kansas,Labette,27,0,0,37.19113093,-95.29849679,20099.0,137.62870832908553,0.0,27,27,0,0,27,27,19964,0,0,0,0,0
2020-06-16,US,Kansas,Lane,4,0,0,38.48119447,-100.46607540000001,20101.0,260.58631921824104,0.0,4,4,0,0,4,4,1560,0,0,0,0,0
2020-06-16,US,Kansas,Leavenworth,1111,7,0,39.20183497,-95.03620809,20103.0,1358.888426820617,0.6300630063006301,1104,1109,7,0,1102,1106,81352,2,0,0,2,3
2020-06-16,US,Kansas,Linn,12,0,0,38.21267844,-94.84254089,20107.0,123.67309079666084,0.0,12,12,0,0,12,11,9750,0,0,0,0,1
2020-06-16,US,Kansas,Lyon,465,6,0,38.45576156,-96.15275715,20111.0,1400.8133755083593,1.2903225806451613,459,414,6,0,408,406,33406,51,0,0,51,8
2020-06-16,US,Kansas,Marion,5,1,0,38.35855394,-97.09852509999999,20115.0,42.07337596768765,20.0,4,5,1,0,4,5,11950,0,0,0,0,0
2020-06-16,US,Kansas,McPherson,39,0,0,38.39184858,-97.64769869,20113.0,136.64073996216104,0.0,39,38,0,0,38,38,28537,1,0,0,1,0
2020-06-16,US,Kansas,Meade,30,0,0,37.23859987,-100.36483100000001,20119.0,743.86312918423,0.0,30,30,0,0,30,30,4146,0,0,0,0,0
2020-06-16,US,Kansas,Miami,16,0,0,38.56383358,-94.83832189,20121.0,46.73306656541169,0.0,16,16,0,0,16,16,33680,0,0,0,0,0
2020-06-16,US,Kansas,Mitchell,4,0,0,39.39331582,-98.20906732,20123.0,66.9008195350393,0.0,4,4,0,0,4,4,6150,0,0,0,0,0
2020-06-16,US,Kansas,Montgomery,25,3,0,37.19236568,-95.74329258,20125.0,78.5447233654843,12.0,22,23,3,0,20,22,32120,2,0,0,2,1
2020-06-16,US,Kansas,Morris,5,0,0,38.68827511,-96.65128437,20127.0,88.96797153024912,0.0,5,5,0,0,5,5,5521,0,0,0,0,0
2020-06-16,US,Kansas,Morton,6,1,0,37.19141121,-101.79925190000002,20129.0,231.92887514495555,16.666666666666668,5,6,1,0,5,6,2667,0,0,0,0,0
2020-06-16,US,Kansas,Nemaha,21,0,0,39.78345387,-96.01392079,20131.0,205.2585280031277,0.0,21,21,0,0,21,20,10155,0,0,0,0,1
2020-06-16,US,Kansas,Neosho,8,0,0,37.55862897,-95.30670046,20133.0,49.978134566127316,0.0,8,8,0,0,8,6,15951,0,0,0,0,2
2020-06-16,US,Kansas,Ness,4,0,0,38.47974157,-99.91547333,20135.0,145.45454545454547,0.0,4,4,0,0,4,4,2840,0,0,0,0,0
2020-06-16,US,Kansas,Norton,3,0,0,39.78443827,-99.90286639,20137.0,55.95970900951315,0.0,3,3,0,0,3,3,5430,0,0,0,0,0
2020-06-16,US,Kansas,Osage,10,0,0,38.65235984,-95.72707998,20139.0,62.699855790331675,0.0,10,10,0,0,10,10,15941,0,0,0,0,0
2020-06-16,US,Kansas,Osborne,2,0,0,39.3503437,-98.76753828,20141.0,58.46243788365975,0.0,2,2,0,0,2,2,3475,0,0,0,0,0
2020-06-16,US,Kansas,Ottawa,4,0,0,39.13237408,-97.65020313,20143.0,70.12622720897616,0.0,4,4,0,0,4,4,5802,0,0,0,0,0
2020-06-16,US,Kansas,Pawnee,3,0,0,38.18108732,-99.23692334,20145.0,46.772684752104766,0.0,3,3,0,0,3,3,6562,0,0,0,0,0
2020-06-16,US,Kansas,Phillips,2,0,0,39.78465501,-99.34668865,20147.0,38.211692777990066,0.0,2,2,0,0,2,2,5317,0,0,0,0,0
2020-06-16,US,Kansas,Pottawatomie,34,0,0,39.37925655,-96.34564657,20149.0,139.4414140999877,0.0,34,34,0,0,34,32,24277,0,0,0,0,2
2020-06-16,US,Kansas,Pratt,6,0,0,37.64780729,-98.73922153,20151.0,65.47359231776517,0.0,6,2,0,0,2,2,9378,4,0,0,4,0
2020-06-16,US,Kansas,Reno,50,0,0,37.95230263,-98.08607292,20155.0,80.64776283105907,0.0,50,50,0,0,50,49,62342,0,0,0,0,1
2020-06-16,US,Kansas,Republic,4,0,0,39.82799632,-97.65036709,20157.0,86.28127696289906,0.0,4,4,0,0,4,4,4664,0,0,0,0,0
2020-06-16,US,Kansas,Rice,4,0,0,38.34616184,-98.19992118,20159.0,41.94191045402118,0.0,4,4,0,0,4,4,9531,0,0,0,0,0
2020-06-16,US,Kansas,Riley,80,3,0,39.28935726,-96.73420026,20161.0,107.77023386140749,3.75,77,80,3,0,77,77,73703,0,0,0,0,3
2020-06-16,US,Kansas,Rooks,6,0,0,39.35022773,-99.32484567,20163.0,121.95121951219512,0.0,6,6,0,0,6,6,5013,0,0,0,0,0
2020-06-16,US,Kansas,Saline,32,2,0,38.78369175,-97.65185177,20169.0,59.014458542342865,6.25,30,32,2,0,30,28,54401,0,0,0,0,4
2020-06-16,US,Kansas,Scott,16,0,0,38.48222076,-100.90665390000001,20171.0,331.74372797014314,0.0,16,16,0,0,16,16,4897,0,0,0,0,0
2020-06-16,US,Kansas,Sedgwick,791,25,0,37.6842718,-97.4608198,20173.0,153.28209719363932,3.1605562579013906,766,764,25,0,739,745,513607,27,0,0,27,19
2020-06-16,US,Kansas,Seward,934,2,0,37.19324632,-100.85072009999999,20175.0,4358.782900877357,0.21413276231263384,932,934,2,0,932,924,21780,0,0,0,0,10
2020-06-16,US,Kansas,Shawnee,452,9,0,39.04100763,-95.75572640000001,20177.0,255.54770318021198,1.9911504424778759,443,457,9,0,448,438,177499,-5,0,0,-5,19
2020-06-16,US,Kansas,Sheridan,2,0,0,39.35018161,-100.44182590000001,20179.0,79.33359777865927,0.0,2,2,0,0,2,2,2533,0,0,0,0,0
2020-06-16,US,Kansas,Sherman,7,0,0,39.35147699,-101.71976240000001,20181.0,118.30319418624303,0.0,7,7,0,0,7,7,5899,0,0,0,0,0
2020-06-16,US,Kansas,Smith,3,0,0,39.78516566,-98.78566062,20183.0,83.72871895060004,0.0,3,3,0,0,3,2,3603,0,0,0,0,1
2020-06-16,US,Kansas,Stafford,1,0,0,38.03100851,-98.71762001,20185.0,24.06159769008662,0.0,1,1,0,0,1,1,4178,0,0,0,0,0
2020-06-16,US,Kansas,Stanton,9,0,0,37.56304714,-101.78435340000001,20187.0,448.65403788634103,0.0,9,9,0,0,9,9,1987,0,0,0,0,0
2020-06-16,US,Kansas,Stevens,30,0,0,37.1923008,-101.3118967,20189.0,546.9462169553327,0.0,30,30,0,0,30,31,5559,0,0,0,0,-1
2020-06-16,US,Kansas,Sumner,9,1,0,37.23682549,-97.47721621,20191.0,39.411455596426684,11.111111111111109,8,9,1,0,8,9,22996,0,0,0,0,0
2020-06-16,US,Kansas,Trego,1,0,0,38.91467218,-99.87284448,20195.0,35.676061362825536,0.0,1,1,0,0,1,1,2793,0,0,0,0,0
2020-06-16,US,Kansas,Wabaunsee,31,0,0,38.95471985,-96.20350509,20197.0,447.2659067955562,0.0,31,31,0,0,31,31,6899,0,0,0,0,0
2020-06-16,US,Kansas,Washington,1,0,0,39.78420784,-97.08753229999999,20201.0,18.49796522382538,0.0,1,1,0,0,1,1,5420,0,0,0,0,0
2020-06-16,US,Kansas,Wilson,1,0,0,37.55937174,-95.74323255,20205.0,11.730205278592374,0.0,1,1,0,0,1,1,8665,0,0,0,0,0
2020-06-16,US,Kansas,Woodson,6,0,0,37.8865336,-95.74006277,20207.0,191.20458891013385,0.0,6,6,0,0,6,6,3183,0,0,0,0,0
2020-06-16,US,Kansas,Wyandotte,1698,76,0,39.11727348,-94.76378225,20209.0,1026.4222113414214,4.47585394581861,1622,1698,76,0,1622,1660,165324,0,0,0,0,38
2020-06-16,US,Kentucky,Adair,101,19,0,37.10459774,-85.28129668,21001.0,525.9868763670449,18.811881188118807,82,101,19,0,82,101,19215,0,0,0,0,0
2020-06-16,US,Kentucky,Allen,135,3,0,36.75197631,-86.19457544,21003.0,633.356790992259,2.2222222222222223,132,135,3,0,132,132,21122,0,0,0,0,3
2020-06-16,US,Kentucky,Anderson,25,1,0,38.00671029,-84.99171713,21005.0,109.90460280476546,4.0,24,25,1,0,24,25,22663,0,0,0,0,0
2020-06-16,US,Kentucky,Ballard,14,0,0,37.05842757,-88.99427697,21007.0,177.4847870182556,0.0,14,14,0,0,14,14,7979,0,0,0,0,0
2020-06-16,US,Kentucky,Barren,66,2,0,36.96469836,-85.93338945,21009.0,149.15591312798028,3.0303030303030303,64,66,2,0,64,65,44176,0,0,0,0,1
2020-06-16,US,Kentucky,Bath,10,1,0,38.14735938,-83.74588932,21011.0,80.0,10.0,9,10,1,0,9,10,12383,0,0,0,0,0
2020-06-16,US,Kentucky,Bell,4,0,0,36.73355174,-83.67766671,21013.0,15.365703749231715,0.0,4,4,0,0,4,4,26569,0,0,0,0,0
2020-06-16,US,Kentucky,Boone,541,21,0,38.97065142,-84.72615357,21015.0,404.99771674115334,3.8817005545286505,520,541,21,0,520,539,131533,0,0,0,0,2
2020-06-16,US,Kentucky,Bourbon,25,1,0,38.2054607,-84.21827874,21017.0,126.33919547200323,4.0,24,25,1,0,24,24,20184,0,0,0,0,1
2020-06-16,US,Kentucky,Boyd,44,3,0,38.36176608,-82.68652187,21019.0,94.18211396035791,6.8181818181818175,41,44,3,0,41,44,47240,0,0,0,0,0
2020-06-16,US,Kentucky,Boyle,30,0,0,37.62680923,-84.8633779,21021.0,99.80039920159679,0.0,30,30,0,0,30,30,30100,0,0,0,0,0
2020-06-16,US,Kentucky,Bracken,14,0,0,38.69158994,-84.08532444,21023.0,168.61375406479587,0.0,14,14,0,0,14,14,8239,0,0,0,0,0
2020-06-16,US,Kentucky,Breathitt,4,0,0,37.52333168,-83.31959161,21025.0,31.670625494853525,0.0,4,4,0,0,4,3,12726,0,0,0,0,1
2020-06-16,US,Kentucky,Breckinridge,23,2,0,37.77377239,-86.42885017,21027.0,112.32114079210821,8.695652173913043,21,23,2,0,21,23,20388,0,0,0,0,0
2020-06-16,US,Kentucky,Bullitt,135,4,0,37.97162523,-85.68955617,21029.0,165.28723247955338,2.962962962962963,131,135,4,0,131,131,81069,0,0,0,0,4
2020-06-16,US,Kentucky,Butler,244,13,0,37.20946153,-86.68748787,21031.0,1894.5570308253743,5.327868852459017,231,244,13,0,231,243,12772,0,0,0,0,1
2020-06-16,US,Kentucky,Caldwell,12,0,0,37.14749129,-87.86948214,21033.0,94.13979759943516,0.0,12,12,0,0,12,12,12715,0,0,0,0,0
2020-06-16,US,Kentucky,Calloway,60,1,0,36.62093411,-88.2731593,21035.0,153.84220917412375,1.6666666666666667,59,60,1,0,59,57,39135,0,0,0,0,3
2020-06-16,US,Kentucky,Campbell,207,12,0,38.94384345,-84.37875208,21037.0,221.19165669345188,5.797101449275362,195,207,12,0,195,207,93152,0,0,0,0,0
2020-06-16,US,Kentucky,Carlisle,5,1,0,36.85372876,-88.96692220000001,21039.0,105.04201680672269,20.0,4,5,1,0,4,5,4771,0,0,0,0,0
2020-06-16,US,Kentucky,Carroll,17,0,0,38.66599534,-85.12601074,21041.0,159.90969805286426,0.0,17,17,0,0,17,17,10737,0,0,0,0,0
2020-06-16,US,Kentucky,Carter,18,0,0,38.31690743,-83.05092385,21043.0,67.17169832443929,0.0,18,18,0,0,18,18,27004,0,0,0,0,0
2020-06-16,US,Kentucky,Casey,10,0,0,37.32533118,-84.92726209,21045.0,61.885017637230035,0.0,10,10,0,0,10,10,15888,0,0,0,0,0
2020-06-16,US,Kentucky,Christian,138,3,0,36.89267803,-87.49055367,21047.0,195.85302507770257,2.1739130434782608,135,138,3,0,135,138,71671,0,0,0,0,0
2020-06-16,US,Kentucky,Clark,77,0,0,37.9689263,-84.14615986,21049.0,212.33764443096268,0.0,77,77,0,0,77,73,36249,0,0,0,0,4
2020-06-16,US,Kentucky,Clay,17,2,0,37.16451126,-83.712575,21051.0,85.4228430732124,11.764705882352944,15,17,2,0,15,13,20105,0,0,0,0,4
2020-06-16,US,Kentucky,Clinton,5,0,0,36.72581156,-85.13377529,21053.0,48.933255040125275,0.0,5,5,0,0,5,5,10206,0,0,0,0,0
2020-06-16,US,Kentucky,Crittenden,7,1,0,37.35839237,-88.08826090000002,21055.0,79.4912559618442,14.285714285714285,6,7,1,0,6,7,8915,0,0,0,0,0
2020-06-16,US,Kentucky,Cumberland,5,0,0,36.78926125,-85.39050034,21057.0,75.59721802237678,0.0,5,5,0,0,5,5,6659,0,0,0,0,0
2020-06-16,US,Kentucky,Daviess,360,8,0,37.73028906,-87.09019479999998,21059.0,354.64136891568404,2.2222222222222223,352,360,8,0,352,353,101104,0,0,0,0,7
2020-06-16,US,Kentucky,Edmonson,67,11,0,37.21218923,-86.23955613,21061.0,551.440329218107,16.417910447761194,56,67,11,0,56,65,12274,0,0,0,0,2
2020-06-16,US,Kentucky,Elliott,2,0,0,38.11624059,-83.09771563,21063.0,26.60635891978183,0.0,2,2,0,0,2,1,7508,0,0,0,0,1
2020-06-16,US,Kentucky,Estill,5,0,0,37.69241417,-83.95956369,21065.0,35.44590954203885,0.0,5,5,0,0,5,5,14198,0,0,0,0,0
2020-06-16,US,Kentucky,Fayette,1064,17,0,38.0368225,-84.45576892,21067.0,329.2568203198495,1.5977443609022557,1047,1064,17,0,1047,1026,323780,0,0,0,0,38
2020-06-16,US,Kentucky,Fleming,6,0,0,38.36758311,-83.69657514,21069.0,41.14944105342569,0.0,6,6,0,0,6,4,14432,0,0,0,0,2
2020-06-16,US,Kentucky,Floyd,19,0,0,37.56213922,-82.74750924,21071.0,53.387282587316314,0.0,19,19,0,0,19,19,35845,0,0,0,0,0
2020-06-16,US,Kentucky,Franklin,98,2,0,38.2379395,-84.87962551,21073.0,192.1907787648801,2.0408163265306123,96,98,2,0,96,96,50815,0,0,0,0,2
2020-06-16,US,Kentucky,Fulton,12,0,0,36.55238827,-89.20140068,21075.0,201.03869994974036,0.0,12,12,0,0,12,12,6120,0,0,0,0,0
2020-06-16,US,Kentucky,Gallatin,57,7,0,38.75398691,-84.8558382,21077.0,642.6880144322922,12.280701754385964,50,57,7,0,50,57,8832,0,0,0,0,0
2020-06-16,US,Kentucky,Garrard,11,0,0,37.638866799999995,-84.53289319,21079.0,62.266500622665006,0.0,11,11,0,0,11,10,17560,0,0,0,0,1
2020-06-16,US,Kentucky,Grant,53,4,0,38.64962758,-84.62415957,21081.0,211.41649048625797,7.547169811320754,49,53,4,0,49,53,25121,0,0,0,0,0
2020-06-16,US,Kentucky,Graves,175,20,0,36.72292505,-88.65143315,21083.0,469.59695164493104,11.428571428571427,155,175,20,0,155,173,37317,0,0,0,0,2
2020-06-16,US,Kentucky,Grayson,137,11,0,37.46231118,-86.34248968,21085.0,518.4092027093503,8.02919708029197,126,137,11,0,126,137,26321,0,0,0,0,0
2020-06-16,US,Kentucky,Green,3,0,0,37.26484328,-85.5540745,21087.0,27.41979709350151,0.0,3,3,0,0,3,3,11049,0,0,0,0,0
2020-06-16,US,Kentucky,Greenup,16,0,0,38.54332505,-82.9215658,21089.0,45.586643113567725,0.0,16,16,0,0,16,16,35268,0,0,0,0,0
2020-06-16,US,Kentucky,Hancock,9,0,0,37.83766422,-86.78280584,21091.0,103.18734235267141,0.0,9,9,0,0,9,9,8758,0,0,0,0,0
2020-06-16,US,Kentucky,Hardin,133,4,0,37.6976111,-85.96319251,21093.0,119.8651742100615,3.0075187969924815,129,133,4,0,129,133,110356,0,0,0,0,0
2020-06-16,US,Kentucky,Harlan,13,0,0,36.85699301,-83.21899516,21095.0,49.98077662437524,0.0,13,13,0,0,13,11,26409,0,0,0,0,2
2020-06-16,US,Kentucky,Harrison,34,0,0,38.44188174,-84.32869741,21097.0,180.02753362278938,0.0,34,34,0,0,34,34,18778,0,0,0,0,0
2020-06-16,US,Kentucky,Hart,30,0,0,37.29943898,-85.88461055,21099.0,157.60441292356185,0.0,30,30,0,0,30,30,18906,0,0,0,0,0
2020-06-16,US,Kentucky,Henderson,133,3,0,37.79344553,-87.57392021,21101.0,294.182702941827,2.255639097744361,130,133,3,0,130,129,45591,0,0,0,0,4
2020-06-16,US,Kentucky,Henry,26,2,0,38.44942688,-85.11587507,21103.0,161.23031129852413,7.6923076923076925,24,26,2,0,24,26,16106,0,0,0,0,0
2020-06-16,US,Kentucky,Hickman,5,0,0,36.67948079999999,-88.97875928,21105.0,114.15525114155253,0.0,5,5,0,0,5,5,4421,0,0,0,0,0
2020-06-16,US,Kentucky,Hopkins,229,31,0,37.30939025,-87.54670406,21107.0,512.4647540616749,13.537117903930133,198,229,31,0,198,228,45068,0,0,0,0,1
2020-06-16,US,Kentucky,Jackson,63,13,0,37.41866422,-83.99825483,21109.0,472.65361242403776,20.63492063492064,50,63,13,0,50,63,13442,0,0,0,0,0
2020-06-16,US,Kentucky,Jefferson,3363,176,0,38.18664655,-85.65931031,21111.0,438.6004953329412,5.2334225393993465,3187,3363,176,0,3187,3323,770517,0,0,0,0,40
2020-06-16,US,Kentucky,Jessamine,83,0,0,37.87119786,-84.58252003,21113.0,153.37706735655547,0.0,83,83,0,0,83,82,53920,0,0,0,0,1
2020-06-16,US,Kentucky,Johnson,6,0,0,37.85106355,-82.8264322,21115.0,27.041644131963224,0.0,6,6,0,0,6,6,22386,0,0,0,0,0
2020-06-16,US,Kentucky,Kenton,690,36,0,38.93950319,-84.53241199,21117.0,413.1786009413287,5.217391304347826,654,690,36,0,654,690,166051,0,0,0,0,0
2020-06-16,US,Kentucky,Knott,4,0,0,37.35388197,-82.94981134,21119.0,27.016074564365802,0.0,4,4,0,0,4,4,15126,0,0,0,0,0
2020-06-16,US,Kentucky,Knox,11,0,0,36.89225732,-83.85403396,21121.0,35.318670733665115,0.0,11,11,0,0,11,11,31304,0,0,0,0,0
2020-06-16,US,Kentucky,Larue,11,1,0,37.54567114,-85.70138352,21123.0,76.3994999305459,9.090909090909092,10,11,1,0,10,11,14307,0,0,0,0,0
2020-06-16,US,Kentucky,Laurel,30,2,0,37.10975748,-84.11321779,21125.0,49.331557397267034,6.666666666666668,28,30,2,0,28,29,60669,0,0,0,0,1
2020-06-16,US,Kentucky,Lawrence,5,0,0,38.07136018,-82.72882223,21127.0,32.64346804204479,0.0,5,5,0,0,5,5,15571,0,0,0,0,0
2020-06-16,US,Kentucky,Lee,1,0,0,37.59645942,-83.71513901,21129.0,13.508037282182901,0.0,1,1,0,0,1,1,7033,0,0,0,0,0
2020-06-16,US,Kentucky,Leslie,6,0,0,37.09246661,-83.37999606,21131.0,60.74719044244203,0.0,6,6,0,0,6,6,10143,0,0,0,0,0
2020-06-16,US,Kentucky,Letcher,4,0,0,37.12306748,-82.85346474,21133.0,18.558901313042266,0.0,4,4,0,0,4,3,21899,0,0,0,0,1
2020-06-16,US,Kentucky,Lewis,14,0,0,38.53184419,-83.37735618,21135.0,105.46139359698681,0.0,14,14,0,0,14,13,13257,0,0,0,0,1
2020-06-16,US,Kentucky,Lincoln,15,1,0,37.45475628,-84.6565327,21137.0,61.10228522546743,6.666666666666668,14,15,1,0,14,15,24644,0,0,0,0,0
2020-06-16,US,Kentucky,Livingston,9,0,0,37.21137452,-88.34797529,21139.0,97.88992821405265,0.0,9,9,0,0,9,9,9242,0,0,0,0,0
2020-06-16,US,Kentucky,Logan,199,9,0,36.85949479,-86.877635,21141.0,734.2631540107741,4.522613065326633,190,199,9,0,190,195,26989,0,0,0,0,4
2020-06-16,US,Kentucky,Lyon,18,3,0,37.02080035,-88.07886257,21143.0,219.2448233861145,16.666666666666668,15,18,3,0,15,18,8009,0,0,0,0,0
2020-06-16,US,Kentucky,Madison,77,1,0,37.71659336,-84.27220275,21151.0,82.80727413509416,1.2987012987012987,76,77,1,0,76,76,92368,0,0,0,0,1
2020-06-16,US,Kentucky,Magoffin,4,0,0,37.70820545,-83.0657714,21153.0,32.89203190527095,0.0,4,4,0,0,4,4,12362,0,0,0,0,0
2020-06-16,US,Kentucky,Marion,42,0,0,37.55218078,-85.26898542,21155.0,217.92144450786077,0.0,42,42,0,0,42,42,19404,0,0,0,0,0
2020-06-16,US,Kentucky,Marshall,44,2,0,36.88007070000001,-88.32803576,21157.0,141.4790996784566,4.545454545454546,42,44,2,0,42,41,31191,0,0,0,0,3
2020-06-16,US,Kentucky,Martin,3,0,0,37.79990579,-82.51247478,21159.0,26.797677534613662,0.0,3,3,0,0,3,3,11323,0,0,0,0,0
2020-06-16,US,Kentucky,Mason,16,0,0,38.59471935,-83.82151043,21161.0,93.73169302870535,0.0,16,16,0,0,16,16,17150,0,0,0,0,0
2020-06-16,US,Kentucky,McCracken,123,3,0,37.05350953,-88.70445755,21145.0,188.0216454186921,2.4390243902439024,120,123,3,0,120,117,65346,0,0,0,0,6
2020-06-16,US,Kentucky,McCreary,13,0,0,36.73874143,-84.48102924,21147.0,75.44541814172132,0.0,13,13,0,0,13,13,17408,0,0,0,0,0
2020-06-16,US,Kentucky,McLean,23,1,0,37.5301951,-87.26803443,21149.0,249.80992722928212,4.3478260869565215,22,23,1,0,22,23,9252,0,0,0,0,0
2020-06-16,US,Kentucky,Meade,24,2,0,37.96163597,-86.21028219,21163.0,83.99832003359933,8.333333333333334,22,24,2,0,22,24,28715,0,0,0,0,0
2020-06-16,US,Kentucky,Menifee,10,0,0,37.94090733,-83.59985712,21165.0,154.10695022345507,0.0,10,10,0,0,10,10,6451,0,0,0,0,0
2020-06-16,US,Kentucky,Mercer,16,0,0,37.81474237,-84.87488475,21167.0,72.94943692153376,0.0,16,16,0,0,16,16,21774,0,0,0,0,0
2020-06-16,US,Kentucky,Metcalfe,8,2,0,36.99459295,-85.63123699,21169.0,79.43600436898024,25.0,6,8,2,0,6,7,10030,0,0,0,0,1
2020-06-16,US,Kentucky,Monroe,31,0,0,36.71225341,-85.71596443,21171.0,291.0798122065728,0.0,31,31,0,0,31,29,10718,0,0,0,0,2
2020-06-16,US,Kentucky,Montgomery,37,0,0,38.03253032,-83.9145241,21173.0,131.40604467805522,0.0,37,37,0,0,37,37,28203,0,0,0,0,0
2020-06-16,US,Kentucky,Morgan,6,0,0,37.92465657,-83.25558245,21175.0,45.08227515215268,0.0,6,6,0,0,6,6,13345,0,0,0,0,0
2020-06-16,US,Kentucky,Muhlenberg,482,8,0,37.21425819,-87.14632053,21177.0,1574.031741884919,1.6597510373443984,474,482,8,0,474,481,30774,0,0,0,0,1
2020-06-16,US,Kentucky,Nelson,48,1,0,37.80335779,-85.4657193,21179.0,103.82194536370123,2.083333333333333,47,48,1,0,47,48,45851,0,0,0,0,0
2020-06-16,US,Kentucky,Nicholas,4,0,0,38.33342292,-84.01889177,21181.0,55.02820195350117,0.0,4,4,0,0,4,4,7166,0,0,0,0,0
2020-06-16,US,Kentucky,Ohio,164,0,0,37.47751843,-86.85368087,21183.0,683.5042093856798,0.0,164,164,0,0,164,162,24087,0,0,0,0,2
2020-06-16,US,Kentucky,Oldham,113,6,0,38.39791089,-85.448222,21185.0,169.1642090450456,5.3097345132743365,107,113,6,0,107,113,66470,0,0,0,0,0
2020-06-16,US,Kentucky,Owen,4,0,0,38.51679143,-84.82404619,21187.0,36.693881295294005,0.0,4,4,0,0,4,4,10880,0,0,0,0,0
2020-06-16,US,Kentucky,Owsley,2,0,0,37.42823949,-83.68811419,21189.0,45.30011325028314,0.0,2,2,0,0,2,2,4472,0,0,0,0,0
2020-06-16,US,Kentucky,Pendleton,14,0,0,38.69607718,-84.35599463,21191.0,95.95613433858809,0.0,14,14,0,0,14,14,14529,0,0,0,0,0
2020-06-16,US,Kentucky,Perry,24,0,0,37.25023553,-83.22922731,21193.0,93.17493594223154,0.0,24,24,0,0,24,23,26092,0,0,0,0,1
2020-06-16,US,Kentucky,Pike,48,2,0,37.47088263,-82.39487445,21195.0,82.93593199253576,4.166666666666667,46,48,2,0,46,47,58402,0,0,0,0,1
2020-06-16,US,Kentucky,Powell,5,0,0,37.83218794,-83.82553961,21197.0,40.456347600938585,0.0,5,5,0,0,5,4,12442,0,0,0,0,1
2020-06-16,US,Kentucky,Pulaski,72,2,0,37.10466131,-84.57629079,21199.0,110.805029317164,2.7777777777777777,70,72,2,0,70,71,64623,0,0,0,0,1
2020-06-16,US,Kentucky,Rockcastle,14,0,0,37.36642393,-84.31176452,21203.0,83.85744234800839,0.0,14,14,0,0,14,14,16750,0,0,0,0,0
2020-06-16,US,Kentucky,Rowan,15,0,0,38.19484205,-83.42088935,21205.0,61.32461161079314,0.0,15,15,0,0,15,13,24583,0,0,0,0,2
2020-06-16,US,Kentucky,Russell,38,4,0,36.99308373,-85.06070117,21207.0,212.01807733080398,10.526315789473683,34,38,4,0,34,37,17821,0,0,0,0,1
2020-06-16,US,Kentucky,Scott,43,0,0,38.29622293,-84.5816631,21209.0,75.43330292611044,0.0,43,43,0,0,43,41,56031,0,0,0,0,2
2020-06-16,US,Kentucky,Shelby,277,6,0,38.21476019,-85.194223,21211.0,565.0293733681463,2.166064981949458,271,277,6,0,271,268,48518,0,0,0,0,9
2020-06-16,US,Kentucky,Simpson,59,3,0,36.74058474,-86.58047435,21213.0,317.6825328451432,5.084745762711863,56,59,3,0,56,59,18529,0,0,0,0,0
2020-06-16,US,Kentucky,Spencer,26,0,0,38.03223971,-85.32749335,21215.0,134.35998139631027,0.0,26,26,0,0,26,26,18794,0,0,0,0,0
2020-06-16,US,Kentucky,Taylor,17,1,0,37.3677562,-85.3329931,21217.0,65.97074003647793,5.882352941176472,16,17,1,0,16,16,25549,0,0,0,0,1
2020-06-16,US,Kentucky,Todd,23,0,0,36.8381152,-87.17878374,21219.0,187.0831299821051,0.0,23,23,0,0,23,23,12311,0,0,0,0,0
2020-06-16,US,Kentucky,Trigg,17,0,0,36.80767017,-87.87333656,21221.0,116.03303528769369,0.0,17,17,0,0,17,17,14643,0,0,0,0,0
2020-06-16,US,Kentucky,Trimble,4,0,0,38.61056487,-85.33775972,21223.0,47.21992680911345,0.0,4,4,0,0,4,4,8515,0,0,0,0,0
2020-06-16,US,Kentucky,Unassigned,11,0,0,0.0,0.0,90021.0,0.0,0.0,11,11,0,0,11,11,,0,0,0,0,0
2020-06-16,US,Kentucky,Union,19,0,0,37.66166713,-87.94300009,21225.0,132.11876781864962,0.0,19,19,0,0,19,17,14505,0,0,0,0,2
2020-06-16,US,Kentucky,Warren,1275,10,0,36.99903045,-86.42672751,21227.0,959.3968215747653,0.7843137254901961,1265,1275,10,0,1265,1248,131264,0,0,0,0,27
2020-06-16,US,Kentucky,Washington,14,0,0,37.75599461,-85.17407732,21229.0,115.75031004547334,0.0,14,14,0,0,14,14,12084,0,0,0,0,0
2020-06-16,US,Kentucky,Wayne,10,0,0,36.80310688,-84.8251971,21231.0,49.18113411695274,0.0,10,10,0,0,10,10,20468,0,0,0,0,0
2020-06-16,US,Kentucky,Webster,37,0,0,37.52168356,-87.67989953,21233.0,285.8908978519549,0.0,37,37,0,0,37,36,13111,0,0,0,0,1
2020-06-16,US,Kentucky,Whitley,17,0,0,36.75700531,-84.14541217,21235.0,46.87844694462828,0.0,17,17,0,0,17,17,36242,0,0,0,0,0
2020-06-16,US,Kentucky,Wolfe,1,0,0,37.73941626,-83.49303612,21237.0,13.972334777141258,0.0,1,1,0,0,1,1,7177,0,0,0,0,0
2020-06-16,US,Kentucky,Woodford,51,0,0,38.04178222,-84.7417556,21239.0,190.76831001720655,0.0,51,51,0,0,51,48,26533,0,0,0,0,3
2020-06-16,US,Louisiana,Acadia,604,32,0,30.295064899999996,-92.41419698,22001.0,973.4869852526393,5.298013245033113,572,597,31,0,566,583,62190,7,1,0,6,14
2020-06-16,US,Louisiana,Allen,230,10,0,30.65385745,-92.82442028,22003.0,897.490927537363,4.3478260869565215,220,226,10,0,216,222,25605,4,0,0,4,4
2020-06-16,US,Louisiana,Ascension,957,58,0,30.20406249,-90.91328409999998,22005.0,755.9002875106631,6.0606060606060606,899,948,58,0,890,935,124672,9,0,0,9,13
2020-06-16,US,Louisiana,Assumption,276,14,0,29.89946234,-91.06461642,22007.0,1260.7921063450733,5.0724637681159415,262,274,14,0,260,269,22300,2,0,0,2,5
2020-06-16,US,Louisiana,Avoyelles,188,9,0,31.07796211,-92.00079449,22009.0,468.3140693503388,4.787234042553191,179,188,9,0,179,185,40462,0,0,0,0,3
2020-06-16,US,Louisiana,Beauregard,136,6,0,30.64836518,-93.34173616,22011.0,362.6956823212524,4.411764705882354,130,136,6,0,130,134,37253,0,0,0,0,2
2020-06-16,US,Louisiana,Bienville,176,24,0,32.34569994,-93.05398492,22013.0,1329.204742844196,13.636363636363635,152,175,24,0,151,173,13308,1,0,0,1,2
2020-06-16,US,Louisiana,Bossier,513,28,0,32.67932307,-93.60460152,22015.0,403.8130023063784,5.458089668615984,485,510,28,0,482,502,127185,3,0,0,3,8
2020-06-16,US,Louisiana,Caddo,2888,217,0,32.57991587,-93.88375652,22017.0,1202.311368669964,7.513850415512465,2671,2869,214,0,2655,2853,242922,19,3,0,16,16
2020-06-16,US,Louisiana,Calcasieu,789,51,0,30.22931235,-93.35400434,22019.0,387.8369610098508,6.4638783269961975,738,772,51,0,721,755,203112,17,0,0,17,17
2020-06-16,US,Louisiana,Caldwell,83,1,0,32.0902519,-92.11752148,22021.0,836.8622706190764,1.2048192771084338,82,83,1,0,82,83,9960,0,0,0,0,0
2020-06-16,US,Louisiana,Cameron,11,0,0,29.87592238,-93.19310676,22023.0,157.75132654524594,0.0,11,11,0,0,11,11,6968,0,0,0,0,0
2020-06-16,US,Louisiana,Catahoula,162,3,0,31.66778967,-91.84526385,22025.0,1706.3408468506425,1.851851851851852,159,131,3,0,128,130,9608,31,0,0,31,1
2020-06-16,US,Louisiana,Claiborne,81,10,0,32.82308512,-92.99526883,22027.0,516.9112954690493,12.345679012345679,71,78,10,0,68,77,15944,3,0,0,3,1
2020-06-16,US,Louisiana,Concordia,109,5,0,31.44817835,-91.63814433,22029.0,565.9691572771172,4.587155963302751,104,107,5,0,102,105,19572,2,0,0,2,2
2020-06-16,US,Louisiana,De Soto,273,17,0,32.05457447,-93.74130302,22031.0,994.0647416524049,6.227106227106228,256,271,17,0,254,271,27436,2,0,0,2,0
2020-06-16,US,Louisiana,East Baton Rouge,4301,260,0,30.53842039,-91.09777565,22033.0,977.3689437098207,6.045105789351313,4041,4284,259,0,4025,4226,440956,17,1,0,16,58
2020-06-16,US,Louisiana,East Carroll,243,0,0,32.73926954,-91.23425694,22035.0,3541.757761259292,0.0,243,243,0,0,243,235,7037,0,0,0,0,8
2020-06-16,US,Louisiana,East Feliciana,229,32,0,30.84425359,-91.04976723,22037.0,1196.7598641233342,13.973799126637553,197,227,32,0,195,226,19305,2,0,0,2,1
2020-06-16,US,Louisiana,Evangeline,93,1,0,30.72985248,-92.39915924,22039.0,278.4848031142387,1.075268817204301,92,91,1,0,90,89,33443,2,0,0,2,2
2020-06-16,US,Louisiana,Franklin,425,14,0,32.13675181,-91.67589857,22041.0,2123.407444416688,3.294117647058824,411,424,13,0,411,415,20156,1,1,0,0,9
2020-06-16,US,Louisiana,Grant,61,1,0,31.59882456,-92.56124347,22043.0,272.4552235472777,1.639344262295082,60,61,1,0,60,59,22482,0,0,0,0,2
2020-06-16,US,Louisiana,Iberia,476,42,0,29.86803617,-91.75871777,22045.0,681.6554489474438,8.823529411764708,434,465,42,0,423,461,70941,11,0,0,11,4
2020-06-16,US,Louisiana,Iberville,617,43,0,30.25734305,-91.3499598,22047.0,1897.819199655501,6.9692058346839545,574,615,43,0,572,610,32721,2,0,0,2,5
2020-06-16,US,Louisiana,Jackson,169,15,0,32.30251776,-92.55692092,22049.0,1073.4247967479678,8.875739644970414,154,162,15,0,147,158,15902,7,0,0,7,4
2020-06-16,US,Louisiana,Jefferson,8468,471,0,29.74075478,-90.11115756,22051.0,1957.950764521044,5.562116202172886,7997,8416,467,0,7949,8379,434051,52,4,0,48,37
2020-06-16,US,Louisiana,Jefferson Davis,147,7,0,30.26896765,-92.81210004,22053.0,468.6304514154552,4.761904761904762,140,133,7,0,126,132,31582,14,0,0,14,1
2020-06-16,US,Louisiana,LaSalle,85,0,0,31.67884782,-92.15907765,22059.0,570.7762557077625,0.0,85,80,0,0,80,77,14917,5,0,0,5,3
2020-06-16,US,Louisiana,Lafayette,1243,32,0,30.2049055,-92.06959876,22055.0,508.6132820491837,2.574416733708769,1211,1202,32,0,1170,1148,242782,41,0,0,41,54
2020-06-16,US,Louisiana,Lafourche,999,77,0,29.52470226,-90.40976986,22057.0,1023.4187718974736,7.707707707707707,922,983,77,0,906,973,98115,16,0,0,16,10
2020-06-16,US,Louisiana,Lincoln,248,18,0,32.6003154,-92.66597409999999,22061.0,530.5720765050703,7.258064516129032,230,241,18,0,223,235,47196,7,0,0,7,6
2020-06-16,US,Louisiana,Livingston,561,33,0,30.44143993,-90.73061664,22063.0,398.468630361747,5.882352941176472,528,546,32,0,514,526,139567,15,1,0,14,20
2020-06-16,US,Louisiana,Madison,287,2,0,32.36918118,-91.23973355,22065.0,2620.765226919916,0.6968641114982579,285,286,2,0,284,270,11161,1,0,0,1,16
2020-06-16,US,Louisiana,Morehouse,165,6,0,32.81686191,-91.80421614,22067.0,663.3432499798988,3.636363636363636,159,161,6,0,155,158,25398,4,0,0,4,3
2020-06-16,US,Louisiana,Natchitoches,195,13,0,31.72321584,-93.09816516,22069.0,511.03307301221236,6.666666666666668,182,194,13,0,181,191,38659,1,0,0,1,3
2020-06-16,US,Louisiana,Orleans,7428,522,0,30.06971951,-89.92660315,22071.0,1903.9124015748032,7.0274636510500805,6906,7411,519,0,6892,7393,391006,17,3,0,14,18
2020-06-16,US,Louisiana,Ouachita,1832,61,0,32.47645559,-92.15704172,22073.0,1195.206127388618,3.3296943231441047,1771,1813,59,0,1754,1782,154475,19,2,0,17,31
2020-06-16,US,Louisiana,Plaquemines,228,17,0,29.42245447,-89.60322085,22075.0,982.8857179807733,7.456140350877192,211,228,17,0,211,228,23410,0,0,0,0,0
2020-06-16,US,Louisiana,Pointe Coupee,223,25,0,30.71409502,-91.60209535,22077.0,1026.2310170271514,11.210762331838565,198,221,25,0,196,218,21940,2,0,0,2,3
2020-06-16,US,Louisiana,Rapides,1209,45,0,31.19778499,-92.52997303,22079.0,932.5249907441687,3.7220843672456576,1164,1193,41,0,1152,1145,130562,16,4,0,12,48
2020-06-16,US,Louisiana,Red River,52,8,0,32.09530039,-93.34213308,22081.0,615.9677801468846,15.384615384615385,44,53,7,0,46,52,8477,-1,1,0,-2,1
2020-06-16,US,Louisiana,Richland,164,3,0,32.41391005,-91.76634876,22083.0,815.0283272040551,1.8292682926829267,161,164,3,0,161,163,20192,0,0,0,0,1
2020-06-16,US,Louisiana,Sabine,62,1,0,31.56388699,-93.55433981,22085.0,259.588008708759,1.6129032258064515,61,59,1,0,58,59,24032,3,0,0,3,0
2020-06-16,US,Louisiana,St. Bernard,575,23,0,29.87761636,-89.51887093,22087.0,1217.0857675048685,4.0,552,571,23,0,548,569,46721,4,0,0,4,2
2020-06-16,US,Louisiana,St. Charles,665,46,0,29.90709658,-90.35555967,22089.0,1252.3540489642185,6.917293233082707,619,661,46,0,615,660,52879,4,0,0,4,1
2020-06-16,US,Louisiana,St. Helena,60,1,0,30.82210324,-90.71013176,22091.0,592.1831819976312,1.6666666666666667,59,58,1,0,57,58,10262,2,0,0,2,0
2020-06-16,US,Louisiana,St. James,309,27,0,30.02531716,-90.80212061,22093.0,1464.7326507394766,8.737864077669903,282,308,27,0,281,308,21037,1,0,0,1,0
2020-06-16,US,Louisiana,St. John the Baptist,894,83,0,30.12597499,-90.4753503,22095.0,2086.9808810140767,9.284116331096195,811,892,83,0,809,891,43184,2,0,0,2,1
2020-06-16,US,Louisiana,St. Landry,379,55,0,30.59724262,-92.00135806,22097.0,461.4972480639033,14.511873350923484,324,370,55,0,315,360,82764,9,0,0,9,10
2020-06-16,US,Louisiana,St. Martin,381,28,0,30.13112107,-91.61403569,22099.0,713.0691920420729,7.349081364829396,353,351,27,0,324,343,53621,30,1,0,29,8
2020-06-16,US,Louisiana,St. Mary,360,33,0,29.69262097,-91.44702164,22101.0,729.5128475318147,9.166666666666666,327,359,33,0,326,356,49774,1,0,0,1,3
2020-06-16,US,Louisiana,St. Tammany,1962,169,0,30.40942847,-89.95642711,22103.0,753.4012495248043,8.613659531090724,1793,1954,169,0,1785,1942,258111,8,0,0,8,12
2020-06-16,US,Louisiana,Tangipahoa,1062,42,0,30.62888673,-90.40664996,22105.0,788.0793719111296,3.9548022598870056,1020,1048,42,0,1006,1042,133777,14,0,0,14,6
2020-06-16,US,Louisiana,Tensas,22,0,0,32.00760749,-91.32915234,22107.0,507.6142131979696,0.0,22,22,0,0,22,22,4462,0,0,0,0,0
2020-06-16,US,Louisiana,Terrebonne,818,58,0,29.37343766,-90.82626855,22109.0,740.5328577506993,7.090464547677263,760,812,57,0,755,801,111021,6,1,0,5,11
2020-06-16,US,Louisiana,Unassigned,393,112,0,0.0,0.0,90022.0,0.0,28.498727735368963,281,319,112,0,207,293,,74,0,0,74,26
2020-06-16,US,Louisiana,Union,422,20,0,32.83121059,-92.3749373,22111.0,1908.811290030758,4.739336492890995,402,422,20,0,402,411,22330,0,0,0,0,11
2020-06-16,US,Louisiana,Vermilion,85,5,0,29.83517605,-92.30292538,22113.0,142.83073717463998,5.882352941176472,80,81,5,0,76,79,59830,4,0,0,4,2
2020-06-16,US,Louisiana,Vernon,58,3,0,31.10884837,-93.18153838,22115.0,122.28805161399143,5.172413793103448,55,54,3,0,51,53,48860,4,0,0,4,1
2020-06-16,US,Louisiana,Washington,556,43,0,30.85288548,-90.03866652,22117.0,1203.6195176862796,7.733812949640287,513,546,43,0,503,532,46582,10,0,0,10,14
2020-06-16,US,Louisiana,Webster,252,8,0,32.70847669,-93.33121835,22119.0,657.2769953051643,3.1746031746031744,244,248,8,0,240,244,38798,4,0,0,4,4
2020-06-16,US,Louisiana,West Baton Rouge,204,31,0,30.46058217,-91.30989571,22121.0,770.8293973172113,15.196078431372547,173,204,31,0,173,204,26427,0,0,0,0,0
2020-06-16,US,Louisiana,West Carroll,114,3,0,32.78550125,-91.461201,22123.0,1052.6315789473683,2.631578947368421,111,115,3,0,112,112,10982,-1,0,0,-1,3
2020-06-16,US,Louisiana,West Feliciana,234,14,0,30.87882871,-91.41485379999999,22125.0,1503.0832476875644,5.982905982905983,220,231,14,0,217,231,15460,3,0,0,3,0
2020-06-16,US,Louisiana,Winn,215,4,0,31.94449367,-92.63789413,22127.0,1546.3176064441886,1.8604651162790695,211,214,3,0,211,212,14134,1,1,0,0,2
2020-06-16,US,Maine,Androscoggin,428,4,0,44.1664747,-70.20380627,23001.0,395.28246996130304,0.9345794392523364,424,429,4,0,425,425,107679,-1,0,0,-1,4
2020-06-16,US,Maine,Aroostook,10,1,0,46.65926321,-68.59841248,23003.0,14.913131011855938,10.0,9,10,1,0,9,10,67111,0,0,0,0,0
2020-06-16,US,Maine,Cumberland,1450,57,0,43.8370751,-70.37226999,23005.0,491.52042521601476,3.931034482758621,1393,1445,57,0,1388,1434,293557,5,0,0,5,11
2020-06-16,US,Maine,Franklin,37,1,0,44.97330019,-70.44381045,23007.0,122.52061326533993,2.702702702702702,36,37,1,0,36,37,29897,0,0,0,0,0
2020-06-16,US,Maine,Hancock,13,1,0,44.59816444,-68.38401854,23009.0,23.64195173404623,7.6923076923076925,12,13,1,0,12,13,54811,0,0,0,0,0
2020-06-16,US,Maine,Kennebec,137,9,0,44.40759555,-69.76738544,23011.0,112.01779202302495,6.569343065693432,128,136,9,0,127,136,122083,1,0,0,1,0
2020-06-16,US,Maine,Knox,23,1,0,44.11486325,-69.10529169,23013.0,57.82962888464246,4.3478260869565215,22,23,1,0,22,22,39771,0,0,0,0,1
2020-06-16,US,Maine,Lincoln,21,0,0,44.05996956,-69.54227124,23015.0,60.63405901715078,0.0,21,21,0,0,21,21,34342,0,0,0,0,0
2020-06-16,US,Maine,Oxford,34,0,0,44.49952995,-70.75682123,23017.0,58.64596808969383,0.0,34,34,0,0,34,33,57618,0,0,0,0,1
2020-06-16,US,Maine,Penobscot,101,2,0,45.40194593,-68.65020455,23019.0,66.38273260246602,1.98019801980198,99,102,2,0,100,102,151096,-1,0,0,-1,0
2020-06-16,US,Maine,Piscataquis,1,0,0,45.83839062,-69.2860223,23021.0,5.957700327673518,0.0,1,1,0,0,1,1,16800,0,0,0,0,0
2020-06-16,US,Maine,Sagadahoc,30,0,0,43.95415864,-69.85074999,23023.0,83.66800535475234,0.0,30,30,0,0,30,30,35634,0,0,0,0,0
2020-06-16,US,Maine,Somerset,25,0,0,45.51229767,-69.95995554,23025.0,49.52064020283654,0.0,25,25,0,0,25,25,50592,0,0,0,0,0
2020-06-16,US,Maine,Unassigned,3,0,0,0.0,0.0,90023.0,0.0,0.0,3,2,0,0,2,2,,1,0,0,1,0
2020-06-16,US,Maine,Waldo,55,14,0,44.4858305,-69.12061935,23027.0,138.48671786478658,25.45454545454545,41,55,14,0,41,55,39694,0,0,0,0,0
2020-06-16,US,Maine,Washington,1,0,0,45.01607142,-67.62813524,23029.0,3.1868447050575224,0.0,1,1,0,0,1,1,31490,0,0,0,0,0
2020-06-16,US,Maine,York,450,11,0,43.47808377,-70.71052375,23031.0,216.72020458387314,2.4444444444444446,439,446,11,0,435,446,206229,4,0,0,4,0
2020-06-16,US,Maryland,Allegany,188,17,0,39.62357628,-78.69280486,24001.0,266.9847761872302,9.04255319148936,171,187,17,0,170,187,70975,1,0,0,1,0
2020-06-16,US,Maryland,Anne Arundel,4751,194,0,39.00670238,-76.60329337,24003.0,820.2211886733168,4.083350873500316,4557,4623,194,0,4429,4607,576031,128,0,0,128,16
2020-06-16,US,Maryland,Baltimore,7248,427,0,39.45784712,-76.62911955,24005.0,876.0288625403388,5.891280353200883,6821,7199,424,0,6775,7151,828431,49,3,0,46,48
2020-06-16,US,Maryland,Baltimore City,6782,304,0,39.30211911,-76.61151012,24510.0,1142.7319752649582,4.482453553524034,6478,6747,301,0,6446,6689,621342,35,3,0,32,58
2020-06-16,US,Maryland,Calvert,380,21,0,38.53961642,-76.56820632,24009.0,410.69981086192917,5.526315789473684,359,376,21,0,355,375,92003,4,0,0,4,1
2020-06-16,US,Maryland,Caroline,284,2,0,38.87172293,-75.82904158,24011.0,850.1466802370833,0.7042253521126759,282,283,2,0,281,283,33304,1,0,0,1,0
2020-06-16,US,Maryland,Carroll,987,105,0,39.56453592,-77.02373735,24013.0,585.9409784680048,10.638297872340424,882,992,105,0,887,989,168429,-5,0,0,-5,3
2020-06-16,US,Maryland,Cecil,450,30,0,39.56647682,-75.94627411,24015.0,437.5091147732245,6.666666666666668,420,445,30,0,415,443,102826,5,0,0,5,2
2020-06-16,US,Maryland,Charles,1277,83,0,38.51092331,-76.98580666,24017.0,782.2022945417348,6.499608457321847,1194,1272,83,0,1189,1269,161503,5,0,0,5,3
2020-06-16,US,Maryland,Dorchester,166,4,0,38.45413522,-76.02752426,24019.0,519.9035359704343,2.409638554216868,162,165,4,0,161,162,31998,1,0,0,1,3
2020-06-16,US,Maryland,Frederick,2308,115,0,39.47296601,-77.39999394,24021.0,889.2416402424224,4.982668977469671,2193,2298,114,0,2184,2273,255648,10,1,0,9,25
2020-06-16,US,Maryland,Garrett,10,0,0,39.52786077,-79.27355126,24023.0,34.46611980423244,0.0,10,10,0,0,10,10,29163,0,0,0,0,0
2020-06-16,US,Maryland,Harford,1023,59,0,39.55010644,-76.30775940000002,24025.0,400.48386907348464,5.767350928641251,964,1019,58,0,961,1009,253956,4,1,0,3,10
2020-06-16,US,Maryland,Howard,2327,76,0,39.25305293,-76.93126208,24027.0,714.4830974239309,3.2660077352814785,2251,2350,75,0,2275,2335,323196,-23,1,0,-24,15
2020-06-16,US,Maryland,Kent,193,24,0,39.24976208,-76.04741541,24029.0,993.7184635979816,12.43523316062176,169,193,24,0,169,193,19383,0,0,0,0,0
2020-06-16,US,Maryland,Montgomery,13709,698,0,39.13676329,-77.20358245,24031.0,1304.7641164646402,5.091545699905172,13011,13657,694,0,12963,13607,1052567,52,4,0,48,50
2020-06-16,US,Maryland,Prince George's,17499,644,0,38.83070039,-76.8496441,24033.0,1924.390235855748,3.680210297731299,16855,17400,640,0,16760,17326,909308,99,4,0,95,74
2020-06-16,US,Maryland,Queen Anne's,183,13,0,39.06198912,-76.03530977,24035.0,363.2321708580616,7.103825136612022,170,183,12,0,171,180,50251,0,1,0,-1,3
2020-06-16,US,Maryland,Somerset,82,3,0,38.1163542,-75.75118623,24039.0,320.1124297314179,3.6585365853658534,79,80,3,0,77,79,25675,2,0,0,2,1
2020-06-16,US,Maryland,St. Mary's,585,40,0,38.30058422,-76.60629279999998,24037.0,515.3730948815082,6.837606837606838,545,582,40,0,542,580,112664,3,0,0,3,2
2020-06-16,US,Maryland,Talbot,109,4,0,38.76618159,-76.10882561,24041.0,293.16048519405075,3.669724770642202,105,107,4,0,103,107,36968,2,0,0,2,0
2020-06-16,US,Maryland,Unassigned,0,45,0,0.0,0.0,90024.0,0.0,0.0,-45,0,28,0,-28,0,,0,17,0,-17,0
2020-06-16,US,Maryland,Washington,579,22,0,39.60835778,-77.82002295,24043.0,383.3193202205906,3.7996545768566494,557,579,22,0,557,571,150926,0,0,0,0,8
2020-06-16,US,Maryland,Wicomico,1031,35,0,38.37301947,-75.62705831,24045.0,995.0872993658853,3.3947623666343354,996,1027,35,0,992,1020,103195,4,0,0,4,7
2020-06-16,US,Maryland,Worcester,258,17,0,38.21274277,-75.33200012,24047.0,493.534317851404,6.5891472868217065,241,258,17,0,241,256,51823,0,0,0,0,2
2020-06-16,US,Massachusetts,Barnstable,1494,131,0,41.72980578,-70.28854339,25001.0,701.4413822245177,8.768406961178046,1363,1489,130,0,1359,1487,213413,5,1,0,4,2
2020-06-16,US,Massachusetts,Berkshire,578,42,0,42.37428441,-73.20524838,25003.0,462.6072480471251,7.26643598615917,536,579,42,0,537,580,126348,-1,0,0,-1,-1
2020-06-16,US,Massachusetts,Bristol,7940,520,0,41.79228404,-71.10872211,25005.0,1404.7702033024484,6.549118387909321,7420,7925,518,0,7407,7933,564022,15,2,0,13,-8
2020-06-16,US,Massachusetts,Dukes and Nantucket,57,0,0,41.40674725,-70.68763497,0.0,198.39198078730288,0.0,57,0,1,0,-1,55,26707,57,-1,0,58,-55
2020-06-16,US,Massachusetts,Essex,15667,1052,0,42.6687626,-70.94687179,25009.0,1985.5925093215246,6.714750749984042,14615,15627,1051,0,14576,15604,790638,40,1,0,39,23
2020-06-16,US,Massachusetts,Franklin,353,51,0,42.58119713,-72.58602547,25011.0,502.9923055001425,14.44759206798867,302,353,51,0,302,353,70963,0,0,0,0,0
2020-06-16,US,Massachusetts,Hampden,6503,642,0,42.13440424,-72.63235561,25013.0,1394.3804516566174,9.872366600030755,5861,6489,640,0,5849,6481,470406,14,2,0,12,8
2020-06-16,US,Massachusetts,Hampshire,930,103,0,42.33997957,-72.65898478,25015.0,578.2503264316359,11.075268817204304,827,926,103,0,823,924,161355,4,0,0,4,2
2020-06-16,US,Massachusetts,Middlesex,23269,1765,0,42.48607732,-71.39049229,25017.0,1443.7559370577262,7.585199192058103,21504,23227,1763,0,21464,23195,1614714,42,2,0,40,32
2020-06-16,US,Massachusetts,Norfolk,8892,891,0,42.16073095,-71.20530408,25021.0,1258.1090163064625,10.020242914979756,8001,8872,890,0,7982,8866,705388,20,1,0,19,6
2020-06-16,US,Massachusetts,Plymouth,8514,629,0,41.94070556,-70.80802823,25023.0,1633.5317209066736,7.3878318064364565,7885,8512,626,0,7886,8507,518132,2,3,0,-1,5
2020-06-16,US,Massachusetts,Suffolk,19367,952,0,42.327951399999996,-71.07850442,25025.0,2409.109511423585,4.915578045128312,18415,19334,951,0,18383,19335,807252,33,1,0,32,-1
2020-06-16,US,Massachusetts,Unassigned,307,9,0,0.0,0.0,90025.0,0.0,2.931596091205212,298,311,10,0,301,308,,-4,-1,0,-3,3
2020-06-16,US,Massachusetts,Worcester,12014,877,0,42.35026951,-71.90493363,25027.0,1446.3859613638933,7.299816880306309,11137,11991,871,0,11120,11975,830839,23,6,0,17,16
2020-06-16,US,Michigan,Alcona,21,1,0,44.6846864,-83.59507875,26001.0,201.8260451705911,4.761904761904762,20,21,1,0,20,21,10362,0,0,0,0,0
2020-06-16,US,Michigan,Alger,1,0,0,46.41292944,-86.60260122,26003.0,10.97935880544576,0.0,1,1,0,0,1,1,9097,0,0,0,0,0
2020-06-16,US,Michigan,Allegan,288,6,0,42.59147037,-85.89102866,26005.0,243.9003734724469,2.083333333333333,282,287,6,0,281,286,117327,1,0,0,1,1
2020-06-16,US,Michigan,Alpena,114,11,0,45.03477666,-83.62212411,26007.0,401.3377926421405,9.649122807017543,103,114,11,0,103,114,28360,0,0,0,0,0
2020-06-16,US,Michigan,Antrim,14,0,0,44.99690221,-85.15503082,26009.0,60.02400960384154,0.0,14,14,0,0,14,14,23365,0,0,0,0,0
2020-06-16,US,Michigan,Arenac,38,1,0,44.0636262,-83.89277559,26011.0,255.32486729825973,2.631578947368421,37,38,1,0,37,38,15041,0,0,0,0,0
2020-06-16,US,Michigan,Baraga,1,0,0,46.6720582,-88.36363591,26013.0,12.181751735899622,0.0,1,1,0,0,1,1,8320,0,0,0,0,0
2020-06-16,US,Michigan,Barry,91,2,0,42.59513984,-85.30834519,26015.0,147.84727863525592,2.1978021978021984,89,91,2,0,89,91,61157,0,0,0,0,0
2020-06-16,US,Michigan,Bay,376,29,0,43.70639106,-83.98731479,26017.0,364.60252506642365,7.712765957446807,347,378,29,0,349,377,103923,-2,0,0,-2,1
2020-06-16,US,Michigan,Benzie,5,0,0,44.63899297,-86.01608482,26019.0,28.14364516492176,0.0,5,5,0,0,5,5,17753,0,0,0,0,0
2020-06-16,US,Michigan,Berrien,827,57,0,41.95447397,-86.41313079999998,26021.0,539.1099145377149,6.892382103990326,770,824,57,0,767,825,154141,3,0,0,3,-1
2020-06-16,US,Michigan,Branch,237,2,0,41.91600556,-85.05929476,26023.0,544.614748259301,0.8438818565400844,235,235,2,0,233,235,43622,2,0,0,2,0
2020-06-16,US,Michigan,Calhoun,492,28,0,42.24633834,-85.00493569,26025.0,366.72903047876025,5.691056910569106,464,487,27,0,460,486,134487,5,1,0,4,1
2020-06-16,US,Michigan,Cass,116,4,0,41.91522292,-85.99405727,26027.0,223.99443875876182,3.4482758620689653,112,115,4,0,111,115,51653,1,0,0,1,0
2020-06-16,US,Michigan,Charlevoix,22,2,0,45.37790017,-85.19614053,26029.0,84.15254561450485,9.090909090909092,20,20,2,0,18,20,26244,2,0,0,2,0
2020-06-16,US,Michigan,Cheboygan,26,1,0,45.44787015,-84.50122149,26031.0,102.86437727488527,3.8461538461538463,25,26,1,0,25,26,25413,0,0,0,0,0
2020-06-16,US,Michigan,Chippewa,4,0,0,46.29552653,-84.54353449,26033.0,10.709791426811963,0.0,4,3,0,0,3,3,37517,1,0,0,1,0
2020-06-16,US,Michigan,Clare,25,2,0,43.98794227,-84.84819859999998,26035.0,80.77544426494346,8.0,23,25,2,0,23,25,30757,0,0,0,0,0
2020-06-16,US,Michigan,Clinton,190,11,0,42.94400871,-84.60145248,26037.0,238.7084615867831,5.789473684210527,179,190,11,0,179,190,79332,0,0,0,0,0
2020-06-16,US,Michigan,Crawford,65,5,0,44.68255561,-84.61006219,26039.0,463.3259676384632,7.6923076923076925,60,65,5,0,60,63,13901,0,0,0,0,2
2020-06-16,US,Michigan,Delta,21,2,0,45.90484910000001,-86.9080745,26041.0,58.685446009389665,9.523809523809524,19,21,2,0,19,21,35857,0,0,0,0,0
2020-06-16,US,Michigan,Dickinson,7,2,0,46.00999672,-87.86961634,26043.0,27.734854788224567,28.57142857142857,5,7,2,0,5,7,25383,0,0,0,0,0
2020-06-16,US,Michigan,Eaton,258,7,0,42.59599185,-84.83740035,26045.0,233.97540537599303,2.713178294573644,251,258,7,0,251,257,109826,0,0,0,0,1
2020-06-16,US,Michigan,Emmet,26,2,0,45.52625509,-84.89083249,26047.0,77.80936705072574,7.6923076923076925,24,26,2,0,24,26,33308,0,0,0,0,0
2020-06-16,US,Michigan,Federal Correctional Institution (FCI),166,5,0,0.0,0.0,0.0,0.0,3.0120481927710845,161,165,5,0,160,164,,1,0,0,1,1
2020-06-16,US,Michigan,Genesee,2589,283,0,43.02244215,-83.70589709,26049.0,637.9785763393484,10.93086133642333,2306,2583,282,0,2301,2574,406892,6,1,0,5,9
2020-06-16,US,Michigan,Gladwin,20,1,0,43.98901072,-84.38774817,26051.0,78.58854964831625,5.0,19,20,1,0,19,20,25337,0,0,0,0,0
2020-06-16,US,Michigan,Gogebic,5,1,0,46.40862701,-89.69377193,26053.0,35.77817531305904,20.0,4,5,1,0,4,5,15096,0,0,0,0,0
2020-06-16,US,Michigan,Grand Traverse,37,5,0,44.69565625,-85.55585247,26055.0,39.74733585424544,13.513513513513516,32,37,5,0,32,36,92573,0,0,0,0,1
2020-06-16,US,Michigan,Gratiot,90,12,0,43.29265605,-84.60505416,26057.0,221.07047235390925,13.333333333333336,78,91,12,0,79,91,40599,-1,0,0,-1,0
2020-06-16,US,Michigan,Hillsdale,182,25,0,41.88753639,-84.59312019,26059.0,399.0790483499616,13.736263736263735,157,182,25,0,157,179,45749,0,0,0,0,3
2020-06-16,US,Michigan,Houghton,8,0,0,46.89988536,-88.68495385,26061.0,22.419011321600717,0.0,8,8,0,0,8,8,36219,0,0,0,0,0
2020-06-16,US,Michigan,Huron,60,1,0,43.83353985,-83.04078453,26063.0,193.66708627868687,1.6666666666666667,59,61,1,0,60,60,31166,-1,0,0,-1,1
2020-06-16,US,Michigan,Ingham,817,29,0,42.59716886,-84.37472069,26065.0,279.40603133998616,3.5495716034271725,788,822,29,0,793,825,292735,-5,0,0,-5,-3
2020-06-16,US,Michigan,Ionia,180,4,0,42.94502238,-85.07413319,26067.0,278.22001020140044,2.2222222222222223,176,180,4,0,176,179,64210,0,0,0,0,1
2020-06-16,US,Michigan,Iosco,111,10,0,44.35486835,-83.63484895,26069.0,441.7558801289449,9.00900900900901,101,112,10,0,102,112,25081,-1,0,0,-1,0
2020-06-16,US,Michigan,Iron,3,0,0,46.20974132,-88.53136251,26071.0,27.110066871498283,0.0,3,3,0,0,3,2,11117,0,0,0,0,1
2020-06-16,US,Michigan,Isabella,99,8,0,43.64060976,-84.84664923,26073.0,141.68765743073047,8.080808080808081,91,97,8,0,89,97,70562,2,0,0,2,0
2020-06-16,US,Michigan,Jackson,486,30,0,42.24807035,-84.42258681,26075.0,306.6052614976973,6.172839506172839,456,487,30,0,457,487,158823,-1,0,0,-1,0
2020-06-16,US,Michigan,Kalamazoo,958,63,0,42.24542231,-85.53038622,26077.0,361.41942006896403,6.576200417536534,895,955,63,0,892,954,264870,3,0,0,3,1
2020-06-16,US,Michigan,Kalkaska,30,2,0,44.68512729,-85.09085699,26079.0,166.3155560483424,6.666666666666668,28,30,2,0,28,30,17824,0,0,0,0,0
2020-06-16,US,Michigan,Kent,4471,115,0,43.03197711,-85.54934642,26081.0,680.5641177858453,2.5721315142026397,4356,4463,115,0,4348,4461,653786,8,0,0,8,2
2020-06-16,US,Michigan,Keweenaw,1,0,0,47.63197653,-88.41434263,26083.0,47.25897920604915,0.0,1,1,0,0,1,1,2113,0,0,0,0,0
2020-06-16,US,Michigan,Lake,7,0,0,43.99050893,-85.802173,26085.0,59.05677887454653,0.0,7,7,0,0,7,7,11881,0,0,0,0,0
2020-06-16,US,Michigan,Lapeer,230,31,0,43.09052506,-83.22153148,26087.0,262.5360987135731,13.478260869565215,199,229,31,0,198,229,88028,1,0,0,1,0
2020-06-16,US,Michigan,Leelanau,12,0,0,44.94430054,-85.80150326,26089.0,55.144524608244105,0.0,12,12,0,0,12,12,21764,0,0,0,0,0
2020-06-16,US,Michigan,Lenawee,201,6,0,41.89475156,-84.06603727,26091.0,204.1624767650913,2.985074626865672,195,198,6,0,192,196,98266,3,0,0,3,2
2020-06-16,US,Michigan,Livingston,526,28,0,42.60302282,-83.91297209,26093.0,273.9654678507253,5.32319391634981,498,521,28,0,493,520,191224,5,0,0,5,1
2020-06-16,US,Michigan,Luce,3,0,0,46.47227431,-85.54471223,26095.0,48.16182372772515,0.0,3,3,0,0,3,3,6283,0,0,0,0,0
2020-06-16,US,Michigan,Mackinac,8,0,0,46.07028979,-85.04980537,26097.0,74.0809334197611,0.0,8,8,0,0,8,8,10787,0,0,0,0,0
2020-06-16,US,Michigan,Macomb,7091,891,0,42.69158356,-82.92752801,26099.0,811.3532241307503,12.56522352277535,6200,7060,889,0,6171,7050,874759,31,2,0,29,10
2020-06-16,US,Michigan,Manistee,12,1,0,44.33352407,-86.05626916,26101.0,48.863913999511354,8.333333333333334,11,12,1,0,11,12,24528,0,0,0,0,0
2020-06-16,US,Michigan,Marquette,59,11,0,46.4338914,-87.64043701,26103.0,88.45709830732096,18.644067796610173,48,59,11,0,48,59,66516,0,0,0,0,0
2020-06-16,US,Michigan,Mason,38,0,0,43.99509218,-86.24988902,26105.0,130.38704364534723,0.0,38,39,0,0,39,38,29100,-1,0,0,-1,1
2020-06-16,US,Michigan,Mecosta,26,2,0,43.64064262,-85.32463223,26107.0,59.834763997882774,7.6923076923076925,24,25,2,0,23,25,43545,1,0,0,1,0
2020-06-16,US,Michigan,Menominee,9,0,0,45.58038692,-87.55370409,26109.0,39.50834064969271,0.0,9,9,0,0,9,9,22983,0,0,0,0,0
2020-06-16,US,Michigan,Michigan Department of Corrections (MDOC),4058,68,0,0.0,0.0,0.0,0.0,1.6757023164120255,3990,4059,68,0,3991,4130,,-1,0,0,-1,-71
2020-06-16,US,Michigan,Midland,152,9,0,43.64330771,-84.38804374,26111.0,182.7889749386695,5.921052631578947,143,153,9,0,144,152,83209,-1,0,0,-1,1
2020-06-16,US,Michigan,Missaukee,24,1,0,44.33772443,-85.09256478,26113.0,158.75115756052386,4.166666666666667,23,24,1,0,23,23,15113,0,0,0,0,1
2020-06-16,US,Michigan,Monroe,571,21,0,41.92734151,-83.53749864,26115.0,379.4019933554817,3.6777583187390537,550,570,21,0,549,569,150439,1,0,0,1,1
2020-06-16,US,Michigan,Montcalm,81,1,0,43.31082541,-85.15252824,26117.0,126.78437265214123,1.2345679012345678,80,80,1,0,79,80,63968,1,0,0,1,0
2020-06-16,US,Michigan,Montmorency,5,0,0,45.0275929,-84.12696227,26119.0,53.60205831903945,0.0,5,5,0,0,5,5,9265,0,0,0,0,0
2020-06-16,US,Michigan,Muskegon,742,43,0,43.29123859,-86.15176712,26121.0,427.5030824009311,5.795148247978437,699,742,42,0,700,740,173588,0,1,0,-1,2
2020-06-16,US,Michigan,Newaygo,128,0,0,43.554373999999996,-85.80070107,26123.0,261.3311555737036,0.0,128,127,0,0,127,127,48892,1,0,0,1,0
2020-06-16,US,Michigan,Oakland,11372,1069,0,42.66090111,-83.38595416,26125.0,904.2735912670644,9.40028139289483,10303,11313,1067,0,10246,11306,1259201,59,2,0,57,7
2020-06-16,US,Michigan,Oceana,116,3,0,43.64124435,-86.26726673,26127.0,438.28163373257263,2.586206896551724,113,112,3,0,109,107,26625,4,0,0,4,5
2020-06-16,US,Michigan,Ogemaw,32,2,0,44.33481032,-84.12725175,26129.0,152.40272419869504,6.25,30,32,2,0,30,32,20952,0,0,0,0,0
2020-06-16,US,Michigan,Osceola,22,0,0,43.98992088,-85.32566756,26133.0,93.77664109121908,0.0,22,22,0,0,22,21,23341,0,0,0,0,1
2020-06-16,US,Michigan,Oscoda,8,1,0,44.68192279,-84.12939244,26135.0,97.07559762164786,12.5,7,8,1,0,7,8,8276,0,0,0,0,0
2020-06-16,US,Michigan,Otsego,120,10,0,45.02085831,-84.59898295,26137.0,486.4601913410085,8.333333333333334,110,120,10,0,110,120,24665,0,0,0,0,0
2020-06-16,US,Michigan,Ottawa,936,51,0,42.95996803,-85.9969107,26139.0,320.7346742966796,5.44871794871795,885,936,50,0,886,933,290494,0,1,0,-1,3
2020-06-16,US,Michigan,Out of MI,35,0,0,0.0,0.0,80026.0,0.0,0.0,35,34,0,0,34,47,,1,0,0,1,-13
2020-06-16,US,Michigan,Presque Isle,12,0,0,45.34018577,-83.91498656,26141.0,95.29860228716646,0.0,12,12,0,0,12,12,12738,0,0,0,0,0
2020-06-16,US,Michigan,Roscommon,25,0,0,44.33473082,-84.61067651,26143.0,104.08426662225736,0.0,25,25,0,0,25,25,23884,0,0,0,0,0
2020-06-16,US,Michigan,Saginaw,1168,120,0,43.33433923,-84.05131209999998,26145.0,612.9978639543609,10.273972602739725,1048,1160,119,0,1041,1157,190800,8,1,0,7,3
2020-06-16,US,Michigan,Sanilac,43,6,0,43.42406072,-82.82055898,26151.0,104.44498421180471,13.953488372093025,37,43,6,0,37,44,41182,0,0,0,0,-1
2020-06-16,US,Michigan,Schoolcraft,4,0,0,46.19235734,-86.19972234,26153.0,49.419322955275504,0.0,4,4,0,0,4,4,8068,0,0,0,0,0
2020-06-16,US,Michigan,Shiawassee,265,27,0,42.95392800000001,-84.14585902,26155.0,389.0079563136725,10.18867924528302,238,265,27,0,238,265,68192,0,0,0,0,0
2020-06-16,US,Michigan,St. Clair,518,48,0,42.92655373,-82.67937954,26147.0,325.52410637976976,9.266409266409266,470,518,46,0,472,518,159337,0,2,0,-2,0
2020-06-16,US,Michigan,St. Joseph,193,3,0,41.91441767,-85.52797979,26149.0,316.58027688471884,1.5544041450777202,190,186,3,0,183,177,61043,7,0,0,7,9
2020-06-16,US,Michigan,Tuscola,216,26,0,43.46606813,-83.41897025,26157.0,413.43669250646,12.037037037037035,190,211,26,0,185,210,52516,5,0,0,5,1
2020-06-16,US,Michigan,Unassigned,10,0,0,0.0,0.0,90026.0,0.0,0.0,10,2,0,0,2,2,,8,0,0,8,0
2020-06-16,US,Michigan,Van Buren,207,7,0,42.25190229,-86.01939087,26159.0,273.53092749448314,3.3816425120772946,200,205,7,0,198,206,75448,2,0,0,2,-1
2020-06-16,US,Michigan,Washtenaw,1584,101,0,42.253105,-83.83853204,26161.0,430.90198340048033,6.376262626262625,1483,1571,101,0,1470,1569,370963,13,0,0,13,2
2020-06-16,US,Michigan,Wayne,21805,2675,0,42.28098405,-83.281255,26163.0,1246.4679596854362,12.26782847970649,19130,21793,2670,0,19123,21749,1753893,12,5,0,7,44
2020-06-16,US,Michigan,Wexford,17,3,0,44.33853602,-85.57712739,26165.0,50.548600993131345,17.647058823529417,14,17,3,0,14,16,33466,0,0,0,0,1
2020-06-16,US,Minnesota,Aitkin,13,0,0,46.60962049,-93.41168259999999,27001.0,81.83306055646482,0.0,13,13,0,0,13,13,15902,0,0,0,0,0
2020-06-16,US,Minnesota,Anoka,1770,90,0,45.27476015,-93.24604565,27003.0,495.9080580856829,5.084745762711863,1680,1760,90,0,1670,1742,353813,10,0,0,10,18
2020-06-16,US,Minnesota,Becker,50,0,0,46.93479392,-95.67158144,27005.0,145.25172123289659,0.0,50,50,0,0,50,49,34371,0,0,0,0,1
2020-06-16,US,Minnesota,Beltrami,23,0,0,47.97373527,-94.93732139,27007.0,48.741205391201156,0.0,23,23,0,0,23,23,46847,0,0,0,0,0
2020-06-16,US,Minnesota,Benton,193,3,0,45.69804958,-93.99514135,27009.0,472.0095869304703,1.5544041450777202,190,193,3,0,190,193,40545,0,0,0,0,0
2020-06-16,US,Minnesota,Big Stone,13,0,0,45.42712824,-96.41403739,27011.0,260.4688439190543,0.0,13,13,0,0,13,13,4989,0,0,0,0,0
2020-06-16,US,Minnesota,Blue Earth,164,2,0,44.03554215,-94.06699781,27013.0,242.41349238023446,1.2195121951219512,162,163,2,0,161,163,67427,1,0,0,1,0
2020-06-16,US,Minnesota,Brown,20,2,0,44.24205652,-94.72562874,27015.0,79.9744081893794,10.0,18,19,2,0,17,19,25111,1,0,0,1,0
2020-06-16,US,Minnesota,Carlton,80,0,0,46.59180601,-92.67601019,27017.0,223.02138217501602,0.0,80,80,0,0,80,80,35837,0,0,0,0,0
2020-06-16,US,Minnesota,Carver,276,2,0,44.82017001,-93.80099179999999,27019.0,262.6345288279458,0.7246376811594203,274,271,2,0,269,270,103551,5,0,0,5,1
2020-06-16,US,Minnesota,Cass,11,2,0,46.95043611,-94.32603968,27021.0,36.93878236341045,18.181818181818183,9,11,2,0,9,11,29519,0,0,0,0,0
2020-06-16,US,Minnesota,Chippewa,57,1,0,45.02343421,-95.56403693,27023.0,483.0508474576271,1.7543859649122806,56,56,1,0,55,56,11924,1,0,0,1,0
2020-06-16,US,Minnesota,Chisago,80,1,0,45.5021011,-92.90861945,27025.0,141.39521730677458,1.25,79,80,1,0,79,78,55922,0,0,0,0,2
2020-06-16,US,Minnesota,Clay,506,37,0,46.89289518,-96.48761922,27027.0,787.8919996262962,7.312252964426878,469,506,36,0,470,504,63955,0,1,0,-1,2
2020-06-16,US,Minnesota,Clearwater,5,0,0,47.57992111,-95.37790562,27029.0,56.70220004536176,0.0,5,5,0,0,5,5,8810,0,0,0,0,0
2020-06-16,US,Minnesota,Cook,1,0,0,47.90504893,-90.52629546,27031.0,18.304960644334614,0.0,1,1,0,0,1,1,5393,0,0,0,0,0
2020-06-16,US,Minnesota,Cottonwood,111,0,0,44.00715262,-95.18138802,27033.0,991.4255091103964,0.0,111,110,0,0,110,106,11277,1,0,0,1,4
2020-06-16,US,Minnesota,Crow Wing,90,10,0,46.48096553,-94.06755609,27035.0,138.3444777495965,11.111111111111109,80,90,9,0,81,90,64889,0,1,0,-1,0
2020-06-16,US,Minnesota,Dakota,1758,74,0,44.67172617,-93.06299363,27037.0,409.770151111484,4.209328782707623,1684,1730,74,0,1656,1713,425423,28,0,0,28,17
2020-06-16,US,Minnesota,Dodge,59,0,0,44.02238415,-92.86244324,27039.0,281.83815802044523,0.0,59,59,0,0,59,59,20822,0,0,0,0,0
2020-06-16,US,Minnesota,Douglas,48,0,0,45.93348491,-95.45335469,27041.0,125.8488241000498,0.0,48,48,0,0,48,48,37964,0,0,0,0,0
2020-06-16,US,Minnesota,Faribault,28,0,0,43.67381499,-93.94787458,27043.0,205.08313191240018,0.0,28,27,0,0,27,27,13758,1,0,0,1,0
2020-06-16,US,Minnesota,Fillmore,20,1,0,43.67394126,-92.08980382,27045.0,94.93520672141264,5.0,19,20,1,0,19,20,21058,0,0,0,0,0
2020-06-16,US,Minnesota,Freeborn,222,0,0,43.67385583,-93.34884422,27047.0,733.1329876820447,0.0,222,220,0,0,220,221,30444,2,0,0,2,-1
2020-06-16,US,Minnesota,Goodhue,94,7,0,44.40849741,-92.72341949999999,27049.0,202.8485110056107,7.446808510638298,87,94,7,0,87,94,46403,0,0,0,0,0
2020-06-16,US,Minnesota,Grant,6,0,0,45.93424769,-96.01139609,27051.0,100.46885465505692,0.0,6,6,0,0,6,6,6021,0,0,0,0,0
2020-06-16,US,Minnesota,Hennepin,10323,724,0,45.00761521,-93.47694895,27053.0,815.5039764014969,7.013465077981207,9599,10281,720,0,9561,10191,1259428,42,4,0,38,90
2020-06-16,US,Minnesota,Houston,5,0,0,43.67129565,-91.49143057,27055.0,26.88172043010753,0.0,5,5,0,0,5,5,18578,0,0,0,0,0
2020-06-16,US,Minnesota,Hubbard,5,0,0,47.10778564,-94.91693868,27057.0,23.265553022195334,0.0,5,5,0,0,5,5,21332,0,0,0,0,0
2020-06-16,US,Minnesota,Isanti,50,0,0,45.56181234,-93.29487636,27059.0,123.16484382697806,0.0,50,50,0,0,50,49,39966,0,0,0,0,1
2020-06-16,US,Minnesota,Itasca,59,12,0,47.51009045,-93.63092229,27061.0,130.73343673831155,20.338983050847453,47,59,12,0,47,59,45108,0,0,0,0,0
2020-06-16,US,Minnesota,Jackson,48,0,0,43.67423373,-95.15398258,27063.0,487.5076173065204,0.0,48,48,0,0,48,46,9911,0,0,0,0,2
2020-06-16,US,Minnesota,Kanabec,13,1,0,45.9459309,-93.29275192,27065.0,79.57397318969211,7.6923076923076925,12,13,1,0,12,13,16207,0,0,0,0,0
2020-06-16,US,Minnesota,Kandiyohi,548,1,0,45.1526059,-95.00586446,27067.0,1268.5478830528484,0.18248175182481752,547,546,1,0,545,546,42855,2,0,0,2,0
2020-06-16,US,Minnesota,Kittson,1,0,0,48.77754106,-96.78317184,27069.0,23.266635644485806,0.0,1,1,0,0,1,1,4248,0,0,0,0,0
2020-06-16,US,Minnesota,Koochiching,9,0,0,48.24539665,-93.78352843,27071.0,73.59555155777251,0.0,9,9,0,0,9,9,12440,0,0,0,0,0
2020-06-16,US,Minnesota,Lac qui Parle,3,0,0,44.9973857,-96.17488219,27073.0,45.29669334138608,0.0,3,3,0,0,3,3,6658,0,0,0,0,0
2020-06-16,US,Minnesota,Lake,2,0,0,47.64270764,-91.44557998,27075.0,18.795226012592803,0.0,2,1,0,0,1,1,10658,1,0,0,1,0
2020-06-16,US,Minnesota,Le Sueur,52,1,0,44.37136597,-93.72844721,27079.0,180.0117700003462,1.9230769230769231,51,52,1,0,51,52,28494,0,0,0,0,0
2020-06-16,US,Minnesota,Lincoln,6,0,0,44.41311883,-96.26688165,27081.0,106.40184429863451,0.0,6,6,0,0,6,6,5673,0,0,0,0,0
2020-06-16,US,Minnesota,Lyon,222,2,0,44.41327865,-95.83806103,27083.0,871.4767998743818,0.9009009009009008,220,214,2,0,212,208,25629,8,0,0,8,6
2020-06-16,US,Minnesota,Mahnomen,6,1,0,47.32557075,-95.80921485,27087.0,108.5579880586213,16.666666666666668,5,6,1,0,5,6,5519,0,0,0,0,0
2020-06-16,US,Minnesota,Marshall,12,0,0,48.35825983,-96.37017407,27089.0,128.53470437017995,0.0,12,12,0,0,12,12,9390,0,0,0,0,0
2020-06-16,US,Minnesota,Martin,147,5,0,43.67429718,-94.55099908,27091.0,746.8373723517758,3.4013605442176873,142,143,5,0,138,143,19785,4,0,0,4,0
2020-06-16,US,Minnesota,McLeod,54,0,0,44.82367677,-94.27287017,27085.0,150.44716239935363,0.0,54,54,0,0,54,54,35873,0,0,0,0,0
2020-06-16,US,Minnesota,Meeker,50,1,0,45.12328869,-94.52839455,27093.0,215.31306519679612,2.0,49,50,1,0,49,50,23141,0,0,0,0,0
2020-06-16,US,Minnesota,Mille Lacs,28,1,0,45.93705297,-93.63236823,27095.0,106.557065113978,3.571428571428572,27,28,1,0,27,28,26139,0,0,0,0,0
2020-06-16,US,Minnesota,Morrison,54,1,0,46.01265363,-94.27341528,27097.0,161.74444377882946,1.851851851851852,53,54,1,0,53,54,33169,0,0,0,0,0
2020-06-16,US,Minnesota,Mower,661,2,0,43.67142874,-92.75234549,27099.0,1649.94258898707,0.30257186081694404,659,651,2,0,649,650,40011,10,0,0,10,1
2020-06-16,US,Minnesota,Murray,43,0,0,44.02216709,-95.76328482,27101.0,524.7742250427142,0.0,43,43,0,0,43,43,8276,0,0,0,0,0
2020-06-16,US,Minnesota,Nicollet,95,11,0,44.35291112,-94.24710352,27103.0,277.1780358289082,11.578947368421053,84,95,11,0,84,95,34220,0,0,0,0,0
2020-06-16,US,Minnesota,Nobles,1620,6,0,43.67434621,-95.75329576,27105.0,7489.944056590689,0.3703703703703704,1614,1620,6,0,1614,1620,21924,0,0,0,0,0
2020-06-16,US,Minnesota,Norman,17,0,0,47.32628443,-96.45620947,27107.0,266.6666666666667,0.0,17,17,0,0,17,17,6475,0,0,0,0,0
2020-06-16,US,Minnesota,Olmsted,781,12,0,44.00374114,-92.40209944,27109.0,493.3888422103314,1.536491677336748,769,778,12,0,766,778,156277,3,0,0,3,0
2020-06-16,US,Minnesota,Otter Tail,83,1,0,46.40846929,-95.70835255,27111.0,141.28621523167538,1.2048192771084338,82,83,1,0,82,83,58812,0,0,0,0,0
2020-06-16,US,Minnesota,Pennington,51,0,0,48.06642577,-96.0370814,27113.0,361.2153835257455,0.0,51,51,0,0,51,50,14178,0,0,0,0,1
2020-06-16,US,Minnesota,Pine,96,0,0,46.12105238,-92.74070188,27115.0,324.5545826430914,0.0,96,96,0,0,96,96,29483,0,0,0,0,0
2020-06-16,US,Minnesota,Pipestone,14,0,0,44.02301619,-96.25841142,27117.0,153.40784571553803,0.0,14,14,0,0,14,14,9047,0,0,0,0,0
2020-06-16,US,Minnesota,Polk,67,2,0,47.77372465,-96.40134647,27119.0,213.62071164392296,2.985074626865672,65,67,2,0,65,67,31529,0,0,0,0,0
2020-06-16,US,Minnesota,Pope,10,0,0,45.58606667,-95.44451209,27121.0,88.8967908258512,0.0,10,10,0,0,10,10,11097,0,0,0,0,0
2020-06-16,US,Minnesota,Ramsey,4033,192,0,45.01625271,-93.09872295,27123.0,732.8450122746542,4.760724026779074,3841,3992,190,0,3802,3936,550210,41,2,0,39,56
2020-06-16,US,Minnesota,Red Lake,4,0,0,47.87197525,-96.09561104,27125.0,98.64364981504316,0.0,4,4,0,0,4,4,3999,0,0,0,0,0
2020-06-16,US,Minnesota,Redwood,12,0,0,44.40555844,-95.25207021,27127.0,79.10349373764008,0.0,12,10,0,0,10,11,15249,2,0,0,2,-1
2020-06-16,US,Minnesota,Renville,12,0,0,44.72836381,-94.94553734,27129.0,82.48556502612044,0.0,12,12,0,0,12,12,14612,0,0,0,0,0
2020-06-16,US,Minnesota,Rice,697,3,0,44.3543376,-93.29658715,27131.0,1040.7334408409486,0.430416068866571,694,694,3,0,691,688,66523,3,0,0,3,6
2020-06-16,US,Minnesota,Rock,25,0,0,43.67482683,-96.25296832,27133.0,268.38432635534093,0.0,25,25,0,0,25,25,9414,0,0,0,0,0
2020-06-16,US,Minnesota,Roseau,6,0,0,48.77501878,-95.81079919,27135.0,39.564787339268044,0.0,6,6,0,0,6,6,15150,0,0,0,0,0
2020-06-16,US,Minnesota,Scott,541,4,0,44.6490231,-93.53340251,27139.0,363.05557233261527,0.7393715341959335,537,536,4,0,532,528,147381,5,0,0,5,8
2020-06-16,US,Minnesota,Sherburne,270,3,0,45.44447208,-93.77617511,27141.0,277.66922396593924,1.1111111111111112,267,267,2,0,265,266,96036,3,1,0,2,1
2020-06-16,US,Minnesota,Sibley,25,2,0,44.5796592,-94.23164924,27143.0,168.18028927009757,8.0,23,25,2,0,23,25,15028,0,0,0,0,0
2020-06-16,US,Minnesota,St. Louis,124,14,0,47.604840700000004,-92.46879855,27137.0,62.289646857889174,11.290322580645164,110,123,14,0,109,123,199754,1,0,0,1,0
2020-06-16,US,Minnesota,Stearns,2109,19,0,45.55192576,-94.61078221,27145.0,1309.3279528170108,0.9009009009009008,2090,2108,19,0,2089,2107,159256,1,0,0,1,1
2020-06-16,US,Minnesota,Steele,175,0,0,44.02240351,-93.22627088,27147.0,477.5027968020955,0.0,175,175,0,0,175,175,36803,0,0,0,0,0
2020-06-16,US,Minnesota,Stevens,1,0,0,45.58613007,-96.00163705,27149.0,10.198878123406423,0.0,1,1,0,0,1,1,9753,0,0,0,0,0
2020-06-16,US,Minnesota,Swift,20,1,0,45.2829032,-95.68264092,27151.0,215.8428663932657,5.0,19,20,1,0,19,19,9345,0,0,0,0,1
2020-06-16,US,Minnesota,Todd,375,2,0,46.06996226,-94.89785296,27153.0,1520.4346415828738,0.5333333333333333,373,373,2,0,371,373,24582,2,0,0,2,0
2020-06-16,US,Minnesota,Traverse,5,0,0,45.77298854,-96.47062949,27155.0,153.42129487572873,0.0,5,5,0,0,5,5,3308,0,0,0,0,0
2020-06-16,US,Minnesota,Unassigned,55,31,0,0.0,0.0,90027.0,0.0,56.36363636363637,24,56,31,0,25,56,,-1,0,0,-1,0
2020-06-16,US,Minnesota,Wabasha,21,0,0,44.28424356,-92.23121312,27157.0,97.10084616451658,0.0,21,21,0,0,21,21,21645,0,0,0,0,0
2020-06-16,US,Minnesota,Wadena,10,0,0,46.58589171,-94.96968506,27159.0,73.0887297178775,0.0,10,10,0,0,10,10,13773,0,0,0,0,0
2020-06-16,US,Minnesota,Waseca,34,0,0,44.02211116,-93.58720034,27161.0,182.67784225231037,0.0,34,33,0,0,33,33,18691,1,0,0,1,0
2020-06-16,US,Minnesota,Washington,802,37,0,45.03864533,-92.88429635,27163.0,305.5936595031245,4.613466334164588,765,799,37,0,762,796,259201,3,0,0,3,3
2020-06-16,US,Minnesota,Watonwan,99,0,0,43.97823903,-94.61413846,27165.0,908.5069285124347,0.0,99,98,0,0,98,98,10980,1,0,0,1,0
2020-06-16,US,Minnesota,Wilkin,15,3,0,46.35721532,-96.4684375,27167.0,241.66263895601742,20.0,12,15,3,0,12,15,6254,0,0,0,0,0
2020-06-16,US,Minnesota,Winona,85,15,0,43.98772283,-91.78081305,27169.0,168.37017668964424,17.647058823529417,70,84,15,0,69,84,50825,1,0,0,1,0
2020-06-16,US,Minnesota,Wright,383,2,0,45.17297924,-93.96234781,27171.0,276.7801007392847,0.5221932114882507,381,378,2,0,376,377,136349,5,0,0,5,1
2020-06-16,US,Minnesota,Yellow Medicine,11,0,0,44.71710183,-95.86842453,27173.0,113.29694098259348,0.0,11,10,0,0,10,9,9795,1,0,0,1,1
2020-06-16,US,Mississippi,Adams,226,17,0,31.47669768,-91.35326037,28001.0,736.3242433128073,7.5221238938053085,209,226,17,0,209,225,31192,0,0,0,0,1
2020-06-16,US,Mississippi,Alcorn,32,1,0,34.88084463,-88.57996173,28003.0,86.59648742997862,3.125,31,30,1,0,29,30,36925,2,0,0,2,0
2020-06-16,US,Mississippi,Amite,71,2,0,31.17467303,-90.80501621,28005.0,577.3765959177035,2.8169014084507036,69,72,2,0,70,70,12326,-1,0,0,-1,2
2020-06-16,US,Mississippi,Attala,333,23,0,33.08658803,-89.57838564,28007.0,1832.2878837900296,6.906906906906907,310,332,23,0,309,331,18365,1,0,0,1,1
2020-06-16,US,Mississippi,Benton,19,0,0,34.81681228,-89.18945516,28009.0,230.052064414578,0.0,19,17,0,0,17,17,8271,2,0,0,2,0
2020-06-16,US,Mississippi,Bolivar,194,13,0,33.79696941,-90.87372121,28011.0,633.4073396891732,6.7010309278350535,181,194,12,0,182,190,31333,0,1,0,-1,4
2020-06-16,US,Mississippi,Calhoun,82,4,0,33.93683395,-89.33686647,28013.0,570.9908780725576,4.878048780487805,78,80,4,0,76,80,14436,2,0,0,2,0
2020-06-16,US,Mississippi,Carroll,122,11,0,33.44834567,-89.91994479,28015.0,1226.500452397708,9.016393442622949,111,122,11,0,111,122,9911,0,0,0,0,0
2020-06-16,US,Mississippi,Chickasaw,168,16,0,33.91983202,-88.9481545,28017.0,982.2838098579197,9.523809523809524,152,168,16,0,152,166,17171,0,0,0,0,2
2020-06-16,US,Mississippi,Choctaw,66,2,0,33.34598242,-89.24809382,28019.0,803.8976857490865,3.0303030303030303,64,65,2,0,63,65,8278,1,0,0,1,0
2020-06-16,US,Mississippi,Claiborne,142,9,0,31.97061673,-90.90702196,28021.0,1579.884290164664,6.338028169014086,133,140,8,0,132,138,9002,2,1,0,1,2
2020-06-16,US,Mississippi,Clarke,166,21,0,32.04158545,-88.68896219999998,28023.0,1068.1423331831932,12.650602409638553,145,166,21,0,145,166,15604,0,0,0,0,0
2020-06-16,US,Mississippi,Clay,174,6,0,33.65358105,-88.77784255,28025.0,900.8076206253884,3.4482758620689653,168,174,6,0,168,174,19386,0,0,0,0,0
2020-06-16,US,Mississippi,Coahoma,153,6,0,34.22772299,-90.60415045,28027.0,691.5566805279335,3.92156862745098,147,150,4,0,146,147,22628,3,2,0,1,3
2020-06-16,US,Mississippi,Copiah,418,7,0,31.86977774,-90.44565118,28029.0,1489.3996080527347,1.6746411483253592,411,412,6,0,406,405,28543,6,1,0,5,7
2020-06-16,US,Mississippi,Covington,209,3,0,31.63225413,-89.55389939,28031.0,1121.4852972740932,1.4354066985645932,206,206,3,0,203,205,18853,3,0,0,3,1
2020-06-16,US,Mississippi,DeSoto,740,13,0,34.87625235,-89.99091418,28033.0,400.118954283706,1.7567567567567568,727,718,13,0,705,714,182001,22,0,0,22,4
2020-06-16,US,Mississippi,Forrest,689,41,0,31.18961454,-89.25832496,28035.0,919.9300372511584,5.950653120464442,648,681,41,0,640,679,75036,8,0,0,8,2
2020-06-16,US,Mississippi,Franklin,30,2,0,31.47786634,-90.89672989,28037.0,388.9537145079735,6.666666666666668,28,30,2,0,28,30,7788,0,0,0,0,0
2020-06-16,US,Mississippi,George,40,2,0,30.86259065,-88.64436789,28039.0,163.26530612244895,5.0,38,37,2,0,35,35,24250,3,0,0,3,2
2020-06-16,US,Mississippi,Greene,56,4,0,31.21444233,-88.63922281,28041.0,412.1890181068747,7.142857142857142,52,54,3,0,51,51,13586,2,1,0,1,3
2020-06-16,US,Mississippi,Grenada,167,4,0,33.77036166,-89.80245083,28043.0,804.509104923403,2.395209580838323,163,164,4,0,160,160,21055,3,0,0,3,4
2020-06-16,US,Mississippi,Hancock,100,12,0,30.41830223,-89.48851033,28045.0,209.9428955324152,12.0,88,100,12,0,88,100,47334,0,0,0,0,0
2020-06-16,US,Mississippi,Harrison,377,7,0,30.51359752,-89.12467576,28047.0,181.18031526336026,1.856763925729443,370,367,7,0,360,344,206650,10,0,0,10,23
2020-06-16,US,Mississippi,Hinds,1349,28,0,32.2656285,-90.44435448,28049.0,581.8668046928916,2.075611564121572,1321,1308,27,0,1281,1274,237085,41,1,0,40,34
2020-06-16,US,Mississippi,Holmes,474,34,0,33.12345854,-90.08923538,28051.0,2786.596119929453,7.172995780590718,440,471,34,0,437,468,17622,3,0,0,3,3
2020-06-16,US,Mississippi,Humphreys,83,8,0,33.12825718,-90.52252707,28053.0,1029.265873015873,9.63855421686747,75,82,8,0,74,80,8257,1,0,0,1,2
2020-06-16,US,Mississippi,Itawamba,106,8,0,34.27993475,-88.3606733,28057.0,453.1851218469432,7.547169811320754,98,103,8,0,95,100,23517,3,0,0,3,3
2020-06-16,US,Mississippi,Jackson,378,16,0,30.54020656,-88.64184064,28059.0,263.2000389925984,4.232804232804233,362,367,16,0,351,356,143277,11,0,0,11,11
2020-06-16,US,Mississippi,Jasper,200,4,0,32.01922104,-89.11786866,28061.0,1220.7776353537206,2.0,196,197,4,0,193,193,16428,3,0,0,3,4
2020-06-16,US,Mississippi,Jefferson,54,2,0,31.73397872,-91.03764977,28063.0,772.5321888412018,3.703703703703704,52,55,2,0,53,54,7106,-1,0,0,-1,1
2020-06-16,US,Mississippi,Jefferson Davis,84,3,0,31.56884708,-89.82670990000004,28065.0,754.8526240115025,3.571428571428572,81,84,3,0,81,84,11234,0,0,0,0,0
2020-06-16,US,Mississippi,Jones,899,43,0,31.62257767,-89.16896899999998,28067.0,1320.1562454110253,4.783092324805339,856,881,39,0,842,868,68461,18,4,0,14,13
2020-06-16,US,Mississippi,Kemper,170,12,0,32.75462946,-88.64105766,28069.0,1745.0215561486345,7.0588235294117645,158,169,12,0,157,167,10027,1,0,0,1,2
2020-06-16,US,Mississippi,Lafayette,195,4,0,34.35687874,-89.48490961,28071.0,360.9840981876747,2.051282051282051,191,181,4,0,177,175,54793,14,0,0,14,6
2020-06-16,US,Mississippi,Lamar,292,6,0,31.20572971,-89.5077704,28073.0,460.9822711270385,2.054794520547945,286,288,6,0,282,288,62447,4,0,0,4,0
2020-06-16,US,Mississippi,Lauderdale,816,75,0,32.40419769,-88.66229662,28075.0,1100.8431703204046,9.191176470588236,741,811,75,0,736,805,75317,5,0,0,5,6
2020-06-16,US,Mississippi,Lawrence,120,1,0,31.55147224,-90.10841127,28077.0,953.4403305259813,0.8333333333333334,119,118,1,0,117,115,12455,2,0,0,2,3
2020-06-16,US,Mississippi,Leake,491,15,0,32.7536828,-89.52402044,28079.0,2154.8319143333624,3.054989816700611,476,487,15,0,472,483,22763,4,0,0,4,4
2020-06-16,US,Mississippi,Lee,310,12,0,34.291877500000005,-88.68149954,28081.0,362.844702467344,3.870967741935484,298,301,11,0,290,296,85202,9,1,0,8,5
2020-06-16,US,Mississippi,Leflore,376,45,0,33.55545125,-90.29900733,28083.0,1334.1376006812618,11.968085106382981,331,368,45,0,323,358,28919,8,0,0,8,10
2020-06-16,US,Mississippi,Lincoln,329,32,0,31.53288662,-90.45391915,28085.0,963.3121541299448,9.726443768996962,297,327,32,0,295,324,34205,2,0,0,2,3
2020-06-16,US,Mississippi,Lowndes,335,9,0,33.47386518,-88.44191529999998,28087.0,571.7211366157522,2.6865671641791047,326,317,9,0,308,315,58930,18,0,0,18,2
2020-06-16,US,Mississippi,Madison,905,31,0,32.63389156,-90.03513564,28089.0,851.5883769948812,3.4254143646408837,874,889,30,0,859,886,105630,16,1,0,15,3
2020-06-16,US,Mississippi,Marion,152,9,0,31.23132643,-89.8209217,28091.0,618.565091767387,5.921052631578947,143,145,9,0,136,141,24715,7,0,0,7,4
2020-06-16,US,Mississippi,Marshall,110,3,0,34.76216286,-89.50299462,28093.0,311.66770555901854,2.727272727272727,107,107,3,0,104,103,35451,3,0,0,3,4
2020-06-16,US,Mississippi,Monroe,297,25,0,33.89236763,-88.4808438,28095.0,842.5053897651197,8.417508417508419,272,295,25,0,270,293,35564,2,0,0,2,2
2020-06-16,US,Mississippi,Montgomery,98,1,0,33.49419589,-89.61729103,28097.0,1002.5575447570333,1.020408163265306,97,97,1,0,96,94,10023,1,0,0,1,3
2020-06-16,US,Mississippi,Neshoba,895,54,0,32.75339664,-89.11726492,28099.0,3073.700116766261,6.033519553072625,841,881,50,0,831,878,29125,14,4,0,10,3
2020-06-16,US,Mississippi,Newton,324,7,0,32.40021118,-89.11843336,28101.0,1541.5358264344848,2.1604938271604937,317,322,6,0,316,321,21443,2,1,0,1,1
2020-06-16,US,Mississippi,Noxubee,216,6,0,33.11009499,-88.56949061,28103.0,2073.5336469232984,2.7777777777777777,210,212,6,0,206,212,10535,4,0,0,4,0
2020-06-16,US,Mississippi,Oktibbeha,374,17,0,33.42491685,-88.87905132,28105.0,754.2299392986066,4.545454545454546,357,363,17,0,346,357,49599,11,0,0,11,6
2020-06-16,US,Mississippi,Panola,137,4,0,34.36398677,-89.95064249,28107.0,400.67852129153016,2.9197080291970803,133,127,4,0,123,122,34178,10,0,0,10,5
2020-06-16,US,Mississippi,Pearl River,223,31,0,30.77090935,-89.58677275,28109.0,401.54857297199965,13.90134529147982,192,223,31,0,192,222,55387,0,0,0,0,1
2020-06-16,US,Mississippi,Perry,54,3,0,31.17161885,-88.99281835,28111.0,451.01478326234025,5.5555555555555545,51,54,3,0,51,54,11931,0,0,0,0,0
2020-06-16,US,Mississippi,Pike,247,11,0,31.17507789,-90.40392572,28113.0,628.6906943596009,4.453441295546559,236,244,11,0,233,226,39563,3,0,0,3,18
2020-06-16,US,Mississippi,Pontotoc,79,3,0,34.226046000000004,-89.03636807,28115.0,245.53987691925158,3.79746835443038,76,77,3,0,74,74,31833,2,0,0,2,3
2020-06-16,US,Mississippi,Prentiss,68,3,0,34.61810501,-88.51986294,28117.0,270.6359945872801,4.411764705882354,65,66,3,0,63,66,25315,2,0,0,2,0
2020-06-16,US,Mississippi,Quitman,51,0,0,34.25157572,-90.28908,28119.0,750.8833922261484,0.0,51,50,0,0,50,49,7051,1,0,0,1,1
2020-06-16,US,Mississippi,Rankin,550,10,0,32.26469147,-89.94537876,28121.0,354.21939705418265,1.818181818181818,540,539,10,0,529,537,153902,11,0,0,11,2
2020-06-16,US,Mississippi,Scott,692,12,0,32.406704100000006,-89.53789439,28123.0,2460.5319300241786,1.7341040462427746,680,690,12,0,678,688,28287,2,0,0,2,2
2020-06-16,US,Mississippi,Sharkey,8,0,0,32.88149103,-90.81595379999999,28125.0,185.1423281647767,0.0,8,8,0,0,8,8,4377,0,0,0,0,0
2020-06-16,US,Mississippi,Simpson,123,1,0,31.91282117,-89.91716179,28127.0,461.39995498537024,0.8130081300813008,122,119,1,0,118,119,26758,4,0,0,4,0
2020-06-16,US,Mississippi,Smith,182,11,0,32.01744532,-89.50644846,28129.0,1143.5033928122646,6.043956043956044,171,180,11,0,169,178,16002,2,0,0,2,2
2020-06-16,US,Mississippi,Stone,34,0,0,30.79187949,-89.11547539,28131.0,185.4275741710297,0.0,34,35,0,0,35,34,18717,-1,0,0,-1,1
2020-06-16,US,Mississippi,Sunflower,127,4,0,33.60192578,-90.58882684,28133.0,505.7745917960972,3.1496062992125986,123,121,4,0,117,118,25735,6,0,0,6,3
2020-06-16,US,Mississippi,Tallahatchie,45,1,0,33.95339918,-90.1729398,28135.0,325.874429719748,2.2222222222222223,44,43,1,0,42,42,13987,2,0,0,2,1
2020-06-16,US,Mississippi,Tate,135,1,0,34.65133709,-89.94485778,28137.0,476.6780834010098,0.7407407407407407,134,134,1,0,133,128,28759,1,0,0,1,6
2020-06-16,US,Mississippi,Tippah,95,11,0,34.76872156,-88.90988194,28139.0,431.5239609357257,11.578947368421053,84,94,11,0,83,93,21995,1,0,0,1,1
2020-06-16,US,Mississippi,Tishomingo,47,0,0,34.74023475,-88.23917219,28141.0,242.480524170665,0.0,47,47,0,0,47,47,19454,0,0,0,0,0
2020-06-16,US,Mississippi,Tunica,67,3,0,34.64967704,-90.37481167,28143.0,695.5980066445183,4.477611940298506,64,66,3,0,63,64,9944,1,0,0,1,2
2020-06-16,US,Mississippi,Union,108,8,0,34.49162015,-89.00776006,28145.0,374.80478917230613,7.407407407407407,100,102,8,0,94,102,28606,6,0,0,6,0
2020-06-16,US,Mississippi,Walthall,107,1,0,31.14971548,-90.10446654,28147.0,748.985020299594,0.9345794392523364,106,105,1,0,104,103,14465,2,0,0,2,2
2020-06-16,US,Mississippi,Warren,262,12,0,32.35810271,-90.83352619,28149.0,577.3341266168661,4.580152671755725,250,259,12,0,247,252,46176,3,0,0,3,7
2020-06-16,US,Mississippi,Washington,269,9,0,33.28392041,-90.94196237,28151.0,612.6306679723974,3.3457249070631967,260,266,8,0,258,253,45063,3,1,0,2,13
2020-06-16,US,Mississippi,Wayne,398,8,0,31.64135687,-88.69573913,28153.0,1971.956597136204,2.010050251256281,390,389,7,0,382,375,20298,9,1,0,8,14
2020-06-16,US,Mississippi,Webster,109,8,0,33.61300486,-89.28392912,28155.0,1124.9870987718032,7.339449541284404,101,109,8,0,101,110,9788,0,0,0,0,-1
2020-06-16,US,Mississippi,Wilkinson,85,9,0,31.16078225,-91.31018819,28157.0,984.936268829664,10.588235294117649,76,85,9,0,76,85,8792,0,0,0,0,0
2020-06-16,US,Mississippi,Winston,155,2,0,33.08747908,-89.03391385,28159.0,863.2692843219157,1.2903225806451613,153,150,2,0,148,149,18165,5,0,0,5,1
2020-06-16,US,Mississippi,Yalobusha,139,7,0,34.02824175,-89.70762049999998,28161.0,1148.0013214403698,5.035971223021583,132,138,7,0,131,138,12392,1,0,0,1,0
2020-06-16,US,Mississippi,Yazoo,350,6,0,32.77890365,-90.39656148,28163.0,1178.8480970023575,1.7142857142857142,344,348,6,0,342,348,28248,2,0,0,2,0
2020-06-16,US,Missouri,Adair,84,0,0,40.19058551,-92.60078167,29001.0,331.45247208302095,0.0,84,83,0,0,83,80,25339,1,0,0,1,3
2020-06-16,US,Missouri,Andrew,35,0,0,39.98492163,-94.80163024,29003.0,197.606142728094,0.0,35,35,0,0,35,35,17607,0,0,0,0,0
2020-06-16,US,Missouri,Atchison,3,0,0,40.43238737,-95.42970639,29005.0,58.331713007972,0.0,3,3,0,0,3,3,5171,0,0,0,0,0
2020-06-16,US,Missouri,Audrain,122,1,0,39.215877,-91.84242683,29007.0,480.5419883409485,0.819672131147541,121,122,1,0,121,122,25473,0,0,0,0,0
2020-06-16,US,Missouri,Barry,15,0,0,36.70978521,-93.82919888,29009.0,41.91231942775713,0.0,15,14,0,0,14,10,35886,1,0,0,1,4
2020-06-16,US,Missouri,Barton,9,0,0,37.50207671,-94.34757022,29011.0,76.56967840735071,0.0,9,7,0,0,7,1,11798,2,0,0,2,6
2020-06-16,US,Missouri,Bates,12,1,0,38.25271289,-94.34113157,29013.0,74.20232500618353,8.333333333333334,11,12,1,0,11,12,16320,0,0,0,0,0
2020-06-16,US,Missouri,Benton,14,0,0,38.29503305,-93.28756116,29015.0,72.00534896878055,0.0,14,14,0,0,14,14,19278,0,0,0,0,0
2020-06-16,US,Missouri,Bollinger,10,0,0,37.32449052,-90.02725304,29017.0,82.41984669908514,0.0,10,10,0,0,10,9,12169,0,0,0,0,1
2020-06-16,US,Missouri,Boone,216,2,0,38.99186229,-92.30723575,29019.0,119.69212525559256,0.925925925925926,214,215,2,0,213,208,180005,1,0,0,1,7
2020-06-16,US,Missouri,Buchanan,791,2,0,39.65816401,-94.80138942,29021.0,905.4072615722723,0.2528445006321112,789,787,2,0,785,784,88571,4,0,0,4,3
2020-06-16,US,Missouri,Butler,48,0,0,36.71462476,-90.40421163,29023.0,112.99967041762794,0.0,48,46,0,0,46,41,42639,2,0,0,2,5
2020-06-16,US,Missouri,Caldwell,7,0,0,39.65620858,-93.98308093,29025.0,77.60532150776055,0.0,7,7,0,0,7,7,9108,0,0,0,0,0
2020-06-16,US,Missouri,Callaway,40,1,0,38.83674754,-91.92186505,29027.0,89.39945913327225,2.5,39,40,1,0,39,36,44889,0,0,0,0,4
2020-06-16,US,Missouri,Camden,43,1,0,38.02199522,-92.76083747,29029.0,92.8625418421337,2.3255813953488373,42,40,1,0,39,38,45815,3,0,0,3,2
2020-06-16,US,Missouri,Cape Girardeau,110,3,0,37.38489388,-89.6843587,29031.0,139.46824561625945,2.727272727272727,107,108,3,0,105,104,78753,2,0,0,2,4
2020-06-16,US,Missouri,Carroll,11,0,0,39.42762566,-93.50626255,29033.0,126.74271229404309,0.0,11,10,0,0,10,10,8743,1,0,0,1,0
2020-06-16,US,Missouri,Carter,5,1,0,36.94160441,-90.96051322,29035.0,83.58408559010364,20.0,4,5,1,0,4,5,6054,0,0,0,0,0
2020-06-16,US,Missouri,Cass,115,8,0,38.64789422,-94.353399,29037.0,108.71620344110418,6.956521739130435,107,114,8,0,106,111,104954,1,0,0,1,3
2020-06-16,US,Missouri,Cedar,9,0,0,37.72391475,-93.85445441,29039.0,62.72214091574325,0.0,9,9,0,0,9,9,14165,0,0,0,0,0
2020-06-16,US,Missouri,Chariton,6,0,0,39.51499357,-92.9629191,29041.0,80.79719903043363,0.0,6,6,0,0,6,6,7451,0,0,0,0,0
2020-06-16,US,Missouri,Christian,30,0,0,36.9711783,-93.18537118,29043.0,33.86195609233027,0.0,30,30,0,0,30,29,86983,0,0,0,0,1
2020-06-16,US,Missouri,Clark,1,0,0,40.41040752,-91.73661677,29045.0,14.712373105781962,0.0,1,1,0,0,1,1,6842,0,0,0,0,0
2020-06-16,US,Missouri,Clay,299,3,0,39.31132056,-94.41850862,29047.0,119.62488197545088,1.0033444816053512,296,293,3,0,290,288,246365,6,0,0,6,5
2020-06-16,US,Missouri,Clinton,21,0,0,39.6013098,-94.40465394,29049.0,103.00681807033894,0.0,21,21,0,0,21,20,20470,0,0,0,0,1
2020-06-16,US,Missouri,Cole,57,1,0,38.50455671,-92.27860244,29051.0,74.27193954003519,1.7543859649122806,56,57,1,0,56,57,76796,0,0,0,0,0
2020-06-16,US,Missouri,Cooper,9,0,0,38.844478,-92.80896081,29053.0,50.82161612739286,0.0,9,9,0,0,9,9,17603,0,0,0,0,0
2020-06-16,US,Missouri,Crawford,9,0,0,37.97663738,-91.30528104,29055.0,37.625418060200666,0.0,9,9,0,0,9,8,23957,0,0,0,0,1
2020-06-16,US,Missouri,Dade,1,0,0,37.431814,-93.8503345,29057.0,13.225763787858751,0.0,1,1,0,0,1,,7569,0,0,0,0,
2020-06-16,US,Missouri,Dallas,6,0,0,37.6811355,-93.02127031,29059.0,35.549235691432635,0.0,6,6,0,0,6,6,16762,0,0,0,0,0
2020-06-16,US,Missouri,Daviess,7,0,0,39.96145298,-93.98519678,29061.0,84.56148828219376,0.0,7,7,0,0,7,7,8313,0,0,0,0,0
2020-06-16,US,Missouri,DeKalb,9,0,0,39.89201062,-94.40476508,29063.0,71.7302940942058,0.0,9,9,0,0,9,8,12630,0,0,0,0,1
2020-06-16,US,Missouri,Dent,1,0,0,37.60663134,-91.50790473,29065.0,6.421370320426379,0.0,1,1,0,0,1,1,15441,0,0,0,0,0
2020-06-16,US,Missouri,Douglas,3,0,0,36.9325593,-92.49905109,29067.0,22.75312855517633,0.0,3,3,0,0,3,3,13373,0,0,0,0,0
2020-06-16,US,Missouri,Dunklin,64,3,0,36.27167174,-90.09122243,29069.0,219.6972297552436,4.6875,61,61,3,0,58,55,29423,3,0,0,3,6
2020-06-16,US,Missouri,Franklin,172,18,0,38.41127108,-91.07522826,29071.0,165.43710985216464,10.465116279069766,154,168,18,0,150,166,103670,4,0,0,4,2
2020-06-16,US,Missouri,Gasconade,2,0,0,38.43947277,-91.50847147,29073.0,13.599891200870395,0.0,2,2,0,0,2,2,14705,0,0,0,0,0
2020-06-16,US,Missouri,Gentry,54,8,0,40.21097916,-94.40944419,29075.0,821.7927256125398,14.814814814814815,46,54,8,0,46,54,6628,0,0,0,0,0
2020-06-16,US,Missouri,Greene,197,9,0,37.2575872,-93.34230916,29077.0,67.21576602089489,4.568527918781727,188,193,9,0,184,188,291923,4,0,0,4,5
2020-06-16,US,Missouri,Grundy,11,0,0,40.11406587,-93.56509276,29079.0,111.67512690355329,0.0,11,12,0,0,12,12,9914,-1,0,0,-1,0
2020-06-16,US,Missouri,Harrison,9,0,0,40.35570088,-93.99222144,29081.0,107.75862068965515,0.0,9,9,0,0,9,9,8414,0,0,0,0,0
2020-06-16,US,Missouri,Henry,17,3,0,38.38482826,-93.79293734,29083.0,77.89589442815249,17.647058823529417,14,16,3,0,13,16,21792,1,0,0,1,0
2020-06-16,US,Missouri,Holt,1,0,0,40.09799248,-95.2163888,29087.0,22.71178741766977,0.0,1,1,0,0,1,1,4404,0,0,0,0,0
2020-06-16,US,Missouri,Howard,3,0,0,39.1435761,-92.69756691,29089.0,29.99700029997,0.0,3,3,0,0,3,3,10137,0,0,0,0,0
2020-06-16,US,Missouri,Howell,27,0,0,36.77383887,-91.88683935,29091.0,67.3031383204128,0.0,27,26,0,0,26,20,40076,1,0,0,1,6
2020-06-16,US,Missouri,Iron,2,0,0,37.55487945,-90.7735296,29093.0,19.753086419753085,0.0,2,2,0,0,2,2,10177,0,0,0,0,0
2020-06-16,US,Missouri,Jackson,889,22,0,39.01002188,-94.34724536,29095.0,126.45605829780756,2.4746906636670416,867,865,22,0,843,819,700307,24,0,0,24,46
2020-06-16,US,Missouri,Jasper,178,0,0,37.20351921,-94.34050458,29097.0,146.70974548331796,0.0,178,139,0,0,139,122,120636,39,0,0,39,17
2020-06-16,US,Missouri,Jefferson,381,19,0,38.25926778,-90.53870896,29099.0,169.27239527103575,4.986876640419948,362,378,19,0,359,376,224347,3,0,0,3,2
2020-06-16,US,Missouri,Johnson,81,0,0,38.74719601,-93.80691168,29101.0,149.82797528763268,0.0,81,80,0,0,80,80,53652,1,0,0,1,0
2020-06-16,US,Missouri,Kansas City,1762,29,0,39.0997,-94.5786,0.0,360.3692045903101,1.6458569807037458,1733,1737,29,0,1708,1690,491918,25,0,0,25,47
2020-06-16,US,Missouri,Knox,2,0,0,40.12699751,-92.14780832,29103.0,50.51780752715332,0.0,2,2,0,0,2,2,3947,0,0,0,0,0
2020-06-16,US,Missouri,Laclede,9,0,0,37.65896829,-92.5888493,29105.0,25.19385269994121,0.0,9,9,0,0,9,9,35713,0,0,0,0,0
2020-06-16,US,Missouri,Lafayette,85,2,0,39.06986886,-93.78076396,29107.0,259.87525987525987,2.3529411764705883,83,85,2,0,83,85,32598,0,0,0,0,0
2020-06-16,US,Missouri,Lawrence,8,0,0,37.10626634,-93.83293097,29109.0,20.857776039629773,0.0,8,7,0,0,7,7,38359,1,0,0,1,0
2020-06-16,US,Missouri,Lewis,7,1,0,40.09673161,-91.72070156,29111.0,71.6039279869067,14.285714285714285,6,7,1,0,6,7,9855,0,0,0,0,0
2020-06-16,US,Missouri,Lincoln,87,1,0,39.05345619,-90.95588181,29113.0,147.42514361242442,1.1494252873563218,86,87,1,0,86,87,57686,0,0,0,0,0
2020-06-16,US,Missouri,Linn,11,1,0,39.87001769,-93.10704106,29115.0,92.28187919463087,9.090909090909092,10,11,1,0,10,11,12037,0,0,0,0,0
2020-06-16,US,Missouri,Livingston,6,0,0,39.78110272,-93.54645978,29117.0,39.40369081237276,0.0,6,6,0,0,6,7,15146,0,0,0,0,-1
2020-06-16,US,Missouri,Macon,7,0,0,39.83049768,-92.56453089,29121.0,46.30548389230668,0.0,7,7,0,0,7,7,15153,0,0,0,0,0
2020-06-16,US,Missouri,Madison,3,0,0,37.47865134,-90.3467143,29123.0,24.81800132362674,0.0,3,3,0,0,3,3,12188,0,0,0,0,0
2020-06-16,US,Missouri,Maries,2,0,0,38.16193985,-91.92249662,29125.0,22.996435552489363,0.0,2,2,0,0,2,2,8769,0,0,0,0,0
2020-06-16,US,Missouri,Marion,8,0,0,39.80601912,-91.62203062,29127.0,28.040658955485448,0.0,8,8,0,0,8,8,28592,0,0,0,0,0
2020-06-16,US,Missouri,McDonald,98,0,0,36.62869595,-94.34867205,29119.0,429.12816919910665,0.0,98,78,0,0,78,70,23078,20,0,0,20,8
2020-06-16,US,Missouri,Mercer,5,0,0,40.42212303,-93.5682959,29129.0,138.23610727121923,0.0,5,5,0,0,5,5,3641,0,0,0,0,0
2020-06-16,US,Missouri,Miller,7,0,0,38.21450288,-92.42610898,29131.0,27.323470861470003,0.0,7,6,0,0,6,4,25336,1,0,0,1,2
2020-06-16,US,Missouri,Mississippi,75,0,0,36.82516239,-89.29505753,29133.0,569.0440060698028,0.0,75,74,0,0,74,71,13336,1,0,0,1,3
2020-06-16,US,Missouri,Moniteau,49,1,0,38.63571781,-92.57976951,29135.0,303.74411108356065,2.0408163265306123,48,49,1,0,48,49,16121,0,0,0,0,0
2020-06-16,US,Missouri,Monroe,3,0,0,39.49593978,-92.00043978,29137.0,34.706154558074964,0.0,3,3,0,0,3,3,8664,0,0,0,0,0
2020-06-16,US,Missouri,Montgomery,12,0,0,38.94022054,-91.47000721,29139.0,103.88710934118258,0.0,12,12,0,0,12,12,11534,0,0,0,0,0
2020-06-16,US,Missouri,Morgan,9,0,0,38.4181765,-92.88791859,29141.0,43.63213264168323,0.0,9,9,0,0,9,9,20358,0,0,0,0,0
2020-06-16,US,Missouri,New Madrid,34,1,0,36.59666326,-89.66070007,29143.0,199.10986179433124,2.9411764705882355,33,35,1,0,34,35,17296,-1,0,0,-1,0
2020-06-16,US,Missouri,Newton,84,1,0,36.90519407,-94.3394104,29145.0,144.24067587059548,1.1904761904761905,83,79,1,0,78,62,58266,5,0,0,5,17
2020-06-16,US,Missouri,Nodaway,15,0,0,40.36079813,-94.88133008,29147.0,67.8978815860945,0.0,15,15,0,0,15,15,22304,0,0,0,0,0
2020-06-16,US,Missouri,Oregon,4,0,0,36.68710164,-91.4033755,29149.0,37.99031247032007,0.0,4,4,0,0,4,4,10541,0,0,0,0,0
2020-06-16,US,Missouri,Osage,5,0,0,38.46036182,-91.8613635,29151.0,36.72420124862284,0.0,5,5,0,0,5,5,13714,0,0,0,0,0
2020-06-16,US,Missouri,Pemiscot,104,6,0,36.2130572,-89.78742322,29155.0,658.0196140461879,5.769230769230768,98,104,6,0,98,102,16272,0,0,0,0,2
2020-06-16,US,Missouri,Perry,86,0,0,37.70660776,-89.82741088,29157.0,449.4147157190636,0.0,86,85,0,0,85,84,19150,1,0,0,1,1
2020-06-16,US,Missouri,Pettis,89,1,0,38.72798918,-93.28471706,29159.0,210.20808238267318,1.1235955056179776,88,86,1,0,85,85,42542,3,0,0,3,1
2020-06-16,US,Missouri,Phelps,6,0,0,37.87736118,-91.79351727,29161.0,13.461063872748074,0.0,6,6,0,0,6,6,44732,0,0,0,0,0
2020-06-16,US,Missouri,Pike,31,1,0,39.34310674,-91.16980779,29163.0,169.38039558518196,3.2258064516129035,30,32,1,0,31,31,18504,-1,0,0,-1,1
2020-06-16,US,Missouri,Platte,99,3,0,39.38154439,-94.77068479,29165.0,94.8112394414756,3.0303030303030303,96,98,3,0,95,97,102985,1,0,0,1,1
2020-06-16,US,Missouri,Polk,9,0,0,37.6162296,-93.39828174,29167.0,27.994649911350283,0.0,9,10,0,0,10,8,32201,-1,0,0,-1,2
2020-06-16,US,Missouri,Pulaski,106,1,0,37.82462075,-92.20783203,29169.0,201.49409774364628,0.9433962264150944,105,106,1,0,105,106,52014,0,0,0,0,0
2020-06-16,US,Missouri,Putnam,2,0,0,40.47942497,-93.02042674,29171.0,42.58943781942078,0.0,2,1,0,0,1,1,4757,1,0,0,1,0
2020-06-16,US,Missouri,Ralls,5,0,0,39.52817427,-91.51838643,29173.0,48.50130953535746,0.0,5,5,0,0,5,5,10212,0,0,0,0,0
2020-06-16,US,Missouri,Randolph,11,0,0,39.44007257,-92.4971374,29175.0,44.44803620494586,0.0,11,11,0,0,11,10,24763,0,0,0,0,1
2020-06-16,US,Missouri,Ray,25,0,0,39.3537468,-93.98905745,29177.0,108.61065253280043,0.0,25,25,0,0,25,25,22883,0,0,0,0,0
2020-06-16,US,Missouri,Reynolds,2,0,0,37.36085952,-90.97009925,29179.0,31.897926634768737,0.0,2,2,0,0,2,2,6254,0,0,0,0,0
2020-06-16,US,Missouri,Ripley,11,0,0,36.65460667,-90.85990261,29181.0,82.78145695364239,0.0,11,11,0,0,11,11,13401,0,0,0,0,0
2020-06-16,US,Missouri,Saline,272,4,0,39.13734288,-93.20259964,29195.0,1195.0265805544573,1.4705882352941178,268,270,4,0,266,271,22895,2,0,0,2,-1
2020-06-16,US,Missouri,Schuyler,1,0,0,40.46921489,-92.52311943,29197.0,21.45922746781116,0.0,1,1,0,0,1,1,4599,0,0,0,0,0
2020-06-16,US,Missouri,Scotland,8,1,0,40.45214695,-92.14709064,29199.0,163.19869441044472,12.5,7,8,1,0,7,8,4966,0,0,0,0,0
2020-06-16,US,Missouri,Scott,145,10,0,37.05588075,-89.56474493,29201.0,378.7878787878788,6.896551724137932,135,145,10,0,135,139,38458,0,0,0,0,6
2020-06-16,US,Missouri,Shannon,6,0,0,37.15772072,-91.40190382,29203.0,73.47538574577517,0.0,6,6,0,0,6,6,8189,0,0,0,0,0
2020-06-16,US,Missouri,Shelby,1,0,0,39.79742518,-92.07634971,29205.0,16.863406408094434,0.0,1,1,0,0,1,1,6050,0,0,0,0,0
2020-06-16,US,Missouri,St. Charles,922,63,0,38.77875681,-90.66662425,29183.0,229.34068284820236,6.83297180043384,859,910,63,0,847,890,399182,12,0,0,12,20
2020-06-16,US,Missouri,St. Clair,2,0,0,38.03699437,-93.77631447,29185.0,21.283388315419813,0.0,2,2,0,0,2,2,9395,0,0,0,0,0
2020-06-16,US,Missouri,St. Francois,43,2,0,37.81214171,-90.47598685,29187.0,63.97381536859332,4.651162790697675,41,42,2,0,40,40,66692,1,0,0,1,2
2020-06-16,US,Missouri,St. Louis,5653,503,0,38.63770039999999,-90.4458375,29189.0,568.595008071776,8.89793030249425,5150,5604,500,0,5104,5536,996945,49,3,0,46,68
2020-06-16,US,Missouri,St. Louis City,2234,142,0,38.63555736,-90.24349225,29510.0,743.2396465452997,6.356311548791406,2092,2219,141,0,2078,2195,302838,15,1,0,14,24
2020-06-16,US,Missouri,Ste. Genevieve,14,1,0,37.89090059,-90.1949941,29186.0,78.2385157035878,7.142857142857142,13,14,1,0,13,14,17888,0,0,0,0,0
2020-06-16,US,Missouri,Stoddard,121,7,0,36.85571651,-89.9444155,29207.0,416.8819982773471,5.785123966942148,114,118,7,0,111,118,29206,3,0,0,3,0
2020-06-16,US,Missouri,Stone,7,0,0,36.75000327,-93.45256475,29209.0,21.907861792689037,0.0,7,7,0,0,7,7,31749,0,0,0,0,0
2020-06-16,US,Missouri,Sullivan,78,0,0,40.2099105,-93.11150106,29211.0,1280.9985219247826,0.0,78,77,0,0,77,77,6221,1,0,0,1,0
2020-06-16,US,Missouri,Taney,26,2,0,36.65465345,-93.04075153,29213.0,46.48834215419826,7.6923076923076925,24,24,2,0,22,15,55852,2,0,0,2,9
2020-06-16,US,Missouri,Texas,1,0,0,37.31728859,-91.96564727,29215.0,3.937317899047169,0.0,1,1,0,0,1,1,25571,0,0,0,0,0
2020-06-16,US,Missouri,Unassigned,1,0,0,0.0,0.0,90029.0,0.0,0.0,1,1,0,0,1,1,,0,0,0,0,0
2020-06-16,US,Missouri,Vernon,12,0,0,37.8457799,-94.34127305,29217.0,58.357243592860954,0.0,12,12,0,0,12,12,20528,0,0,0,0,0
2020-06-16,US,Missouri,Warren,32,0,0,38.76529479,-91.16124662,29219.0,89.76408875424275,0.0,32,30,0,0,30,30,34711,2,0,0,2,0
2020-06-16,US,Missouri,Washington,13,1,0,37.96130078,-90.87948158,29221.0,52.56773150020218,7.6923076923076925,12,13,1,0,12,13,24943,0,0,0,0,0
2020-06-16,US,Missouri,Webster,18,0,0,37.2813734,-92.876329,29225.0,45.463730046474026,0.0,18,18,0,0,18,18,39109,0,0,0,0,0
2020-06-16,US,Missouri,Worth,4,0,0,40.47945588,-94.42328751,29227.0,198.7083954297069,0.0,4,4,0,0,4,4,2040,0,0,0,0,0
2020-06-16,US,Missouri,Wright,14,0,0,37.27029221,-92.46914488,29229.0,76.54874514735633,0.0,14,14,0,0,14,14,18378,0,0,0,0,0
2020-06-16,US,Montana,Beaverhead,1,0,0,45.13434354,-112.89846940000001,30001.0,10.578652279699568,0.0,1,1,0,0,1,1,9404,0,0,0,0,0
2020-06-16,US,Montana,Big Horn,47,2,0,45.42335905,-107.492347,30003.0,352.8793452961935,4.25531914893617,45,47,2,0,45,46,13338,0,0,0,0,1
2020-06-16,US,Montana,Broadwater,4,0,0,46.33277565,-111.49558130000001,30007.0,64.1333974667308,0.0,4,4,0,0,4,4,6085,0,0,0,0,0
2020-06-16,US,Montana,Carbon,6,0,0,45.22850116,-109.0274047,30009.0,55.94405594405596,0.0,6,6,0,0,6,6,10714,0,0,0,0,0
2020-06-16,US,Montana,Cascade,19,2,0,47.30797024,-111.3467922,30013.0,23.351276946144576,10.526315789473683,17,19,2,0,17,18,81643,0,0,0,0,1
2020-06-16,US,Montana,Custer,13,0,0,46.25319932,-105.57375259999998,30017.0,114.01508507279422,0.0,13,11,0,0,11,8,11586,2,0,0,2,3
2020-06-16,US,Montana,Deer Lodge,3,0,0,46.05953325,-113.073353,30023.0,32.822757111597376,0.0,3,3,0,0,3,3,9131,0,0,0,0,0
2020-06-16,US,Montana,Flathead,39,2,0,48.29575866,-114.05205690000001,30029.0,37.570082654181846,5.128205128205129,37,39,2,0,37,38,102106,0,0,0,0,1
2020-06-16,US,Montana,Gallatin,188,1,0,45.54486106,-111.1692571,30031.0,164.28683782791828,0.5319148936170213,187,188,1,0,187,188,111876,0,0,0,0,0
2020-06-16,US,Montana,Glacier,6,0,0,48.70513576,-112.9934235,30035.0,43.62684505198866,0.0,6,6,0,0,6,6,13747,0,0,0,0,0
2020-06-16,US,Montana,Golden Valley,3,0,0,46.3816474,-109.17685220000001,30037.0,365.40803897685754,0.0,3,3,0,0,3,3,826,0,0,0,0,0
2020-06-16,US,Montana,Hill,1,0,0,48.62879827,-110.1129252,30041.0,6.066488716330987,0.0,1,1,0,0,1,1,16347,0,0,0,0,0
2020-06-16,US,Montana,Jefferson,3,0,0,46.14907081,-112.094396,30043.0,24.547909336388184,0.0,3,3,0,0,3,3,12097,0,0,0,0,0
2020-06-16,US,Montana,Lake,9,0,0,47.64514965,-114.0898013,30047.0,29.548886991923304,0.0,9,9,0,0,9,9,30250,0,0,0,0,0
2020-06-16,US,Montana,Lewis and Clark,20,0,0,47.12610041,-112.39469799999999,30049.0,28.8051618850098,0.0,20,20,0,0,20,20,68700,0,0,0,0,0
2020-06-16,US,Montana,Liberty,1,0,0,48.56084317,-111.02430700000001,30051.0,42.78990158322636,0.0,1,1,0,0,1,1,2430,0,0,0,0,0
2020-06-16,US,Montana,Lincoln,7,1,0,48.54265777,-115.4046155,30053.0,35.03503503503504,14.285714285714285,6,7,1,0,6,7,19794,0,0,0,0,0
2020-06-16,US,Montana,Madison,8,1,0,45.30080065,-111.9173017,30057.0,93.02325581395347,12.5,7,8,1,0,7,8,8768,0,0,0,0,0
2020-06-16,US,Montana,Meagher,1,0,0,46.59907074,-110.8898557,30059.0,53.705692803437174,0.0,1,1,0,0,1,1,1866,0,0,0,0,0
2020-06-16,US,Montana,Missoula,42,1,0,47.03728583,-113.92135079999998,30063.0,35.11705685618729,2.380952380952381,41,40,1,0,39,40,118791,2,0,0,2,0
2020-06-16,US,Montana,Musselshell,1,0,0,46.49684637,-108.39498,30065.0,21.58428663932657,0.0,1,1,0,0,1,1,4651,0,0,0,0,0
2020-06-16,US,Montana,Park,8,0,0,45.48965095,-110.52643940000002,30067.0,48.17535830422739,0.0,8,8,0,0,8,8,16736,0,0,0,0,0
2020-06-16,US,Montana,Pondera,2,0,0,48.22773388,-112.22527029999999,30073.0,33.83522246658772,0.0,2,2,0,0,2,2,5972,0,0,0,0,0
2020-06-16,US,Montana,Ravalli,18,0,0,46.08520862,-114.11891640000002,30081.0,41.0902616079989,0.0,18,18,0,0,18,17,43172,0,0,0,0,1
2020-06-16,US,Montana,Richland,3,0,0,47.78668011,-104.5610786,30083.0,27.770063871146906,0.0,3,3,0,0,3,3,10913,0,0,0,0,0
2020-06-16,US,Montana,Roosevelt,7,0,0,48.29607488,-105.00792679999999,30085.0,63.613231552162844,0.0,7,7,0,0,7,7,11059,0,0,0,0,0
2020-06-16,US,Montana,Rosebud,1,0,0,46.23397237,-106.72928799999998,30087.0,11.189437171310285,0.0,1,1,0,0,1,1,9063,0,0,0,0,0
2020-06-16,US,Montana,Silver Bow,11,0,0,45.90018933,-112.6620092,30093.0,31.505083774881854,0.0,11,11,0,0,11,11,34993,0,0,0,0,0
2020-06-16,US,Montana,Stillwater,3,0,0,45.67071407,-109.3950061,30095.0,31.113876789047914,0.0,3,3,0,0,3,2,9534,0,0,0,0,1
2020-06-16,US,Montana,Toole,29,6,0,48.65577551,-111.69424140000001,30101.0,612.331081081081,20.689655172413797,23,29,6,0,23,29,4853,0,0,0,0,0
2020-06-16,US,Montana,Wheatland,1,0,0,46.46652491,-109.84646359999999,30107.0,47.036688617121364,0.0,1,1,0,0,1,1,2236,0,0,0,0,0
2020-06-16,US,Montana,Yellowstone,109,3,0,45.93955949,-108.26914860000001,30111.0,67.5759454432734,2.7522935779816518,106,108,3,0,105,108,160137,1,0,0,1,0
2020-06-16,US,Nebraska,Adams,278,11,0,40.52449420000001,-98.50117804,31001.0,886.394796416159,3.956834532374101,267,278,11,0,267,278,31511,0,0,0,0,0
2020-06-16,US,Nebraska,Antelope,8,0,0,42.17695516,-98.06662829999999,31003.0,127.02445220704986,0.0,8,8,0,0,8,8,6336,0,0,0,0,0
2020-06-16,US,Nebraska,Banner,1,0,0,41.54634427,-103.7114332,31007.0,134.2281879194631,0.0,1,1,0,0,1,1,730,0,0,0,0,0
2020-06-16,US,Nebraska,Boone,7,0,0,41.70759415,-98.06737183,31011.0,134.82280431432974,0.0,7,7,0,0,7,7,5239,0,0,0,0,0
2020-06-16,US,Nebraska,Box Butte,3,0,0,42.22079243,-103.08788340000001,31013.0,27.821570991375317,0.0,3,3,0,0,3,3,10772,0,0,0,0,0
2020-06-16,US,Nebraska,Boyd,1,0,0,42.899727399999996,-98.76486568,31015.0,52.11047420531528,0.0,1,1,0,0,1,1,1955,0,0,0,0,0
2020-06-16,US,Nebraska,Buffalo,176,1,0,40.85486962,-99.07500296,31019.0,354.4171247910752,0.5681818181818182,175,176,1,0,175,177,49615,0,0,0,0,-1
2020-06-16,US,Nebraska,Burt,11,0,0,41.85056773,-96.32605633,31021.0,170.3050007741136,0.0,11,11,0,0,11,10,6488,0,0,0,0,1
2020-06-16,US,Nebraska,Butler,51,0,0,41.22703692,-97.13106306,31023.0,636.2275449101796,0.0,51,51,0,0,51,51,8058,0,0,0,0,0
2020-06-16,US,Nebraska,Cass,60,0,0,40.90899107,-96.13971217,31025.0,228.5888448643706,0.0,60,60,0,0,60,60,26159,0,0,0,0,0
2020-06-16,US,Nebraska,Cedar,8,0,0,42.598885100000004,-97.25311951,31027.0,95.21542489883362,0.0,8,8,0,0,8,8,8446,0,0,0,0,0
2020-06-16,US,Nebraska,Chase,1,0,0,40.523719799999995,-101.69780259999999,31029.0,25.4841997961264,0.0,1,1,0,0,1,1,3977,0,0,0,0,0
2020-06-16,US,Nebraska,Cherry,1,0,0,42.54502621,-101.1244332,31031.0,17.577781683951486,0.0,1,1,0,0,1,1,5761,0,0,0,0,0
2020-06-16,US,Nebraska,Cheyenne,11,0,0,41.21999357,-102.9941693,31033.0,123.45679012345678,0.0,11,10,0,0,10,10,9310,1,0,0,1,0
2020-06-16,US,Nebraska,Clay,24,0,0,40.52439441,-98.05126296,31035.0,386.90955989037565,0.0,24,24,0,0,24,24,6214,0,0,0,0,0
2020-06-16,US,Nebraska,Colfax,651,4,0,41.57486951,-97.0868542,31037.0,6078.9989728265955,0.6144393241167435,647,647,4,0,643,647,10881,4,0,0,4,0
2020-06-16,US,Nebraska,Cuming,34,0,0,41.91637624,-96.78730772,31039.0,384.35451051322633,0.0,34,34,0,0,34,34,8940,0,0,0,0,0
2020-06-16,US,Nebraska,Custer,34,4,0,41.39374521,-99.72805369,31041.0,315.4866846061056,11.764705882352944,30,34,4,0,30,34,10840,0,0,0,0,0
2020-06-16,US,Nebraska,Dakota,1725,28,0,42.39040144,-96.56656425,31043.0,8613.802057325476,1.6231884057971016,1697,1724,27,0,1697,1722,20083,1,1,0,0,2
2020-06-16,US,Nebraska,Dawes,1,0,0,42.71985036,-103.1313774,31045.0,11.6427989288625,0.0,1,1,0,0,1,1,8716,0,0,0,0,0
2020-06-16,US,Nebraska,Dawson,846,8,0,40.87028216,-99.82014609999999,31047.0,3585.5054036872225,0.9456264775413712,838,845,8,0,837,844,23709,1,0,0,1,1
2020-06-16,US,Nebraska,Dixon,40,1,0,42.49188363,-96.86782408,31051.0,709.7232079488998,2.5,39,40,1,0,39,40,5709,0,0,0,0,0
2020-06-16,US,Nebraska,Dodge,639,5,0,41.58071748,-96.65598179,31053.0,1747.5728155339805,0.7824726134585289,634,638,3,0,635,621,36791,1,2,0,-1,17
2020-06-16,US,Nebraska,Douglas,5850,68,0,41.29518299,-96.15085305,31055.0,1023.9320039136957,1.1623931623931625,5782,5734,61,0,5673,5668,566880,116,7,0,109,66
2020-06-16,US,Nebraska,Fillmore,13,1,0,40.52458567,-97.59646937,31059.0,238.00805565726841,7.6923076923076925,12,11,1,0,10,10,5527,2,0,0,2,1
2020-06-16,US,Nebraska,Franklin,6,0,0,40.17636348,-98.95299073,31061.0,201.40986908358508,0.0,6,6,0,0,6,6,3023,0,0,0,0,0
2020-06-16,US,Nebraska,Frontier,1,0,0,40.52993007,-100.3924658,31063.0,38.06623524933384,0.0,1,1,0,0,1,1,2608,0,0,0,0,0
2020-06-16,US,Nebraska,Furnas,9,1,0,40.17642064,-99.91247454,31065.0,192.4721984602224,11.111111111111109,8,9,1,0,8,9,4715,0,0,0,0,0
2020-06-16,US,Nebraska,Gage,45,4,0,40.26186809,-96.68946704,31067.0,209.17584716218101,8.888888888888891,41,45,4,0,41,45,21493,0,0,0,0,0
2020-06-16,US,Nebraska,Garden,4,0,0,41.61703149,-102.3313973,31069.0,217.74632553075668,0.0,4,4,0,0,4,4,1897,0,0,0,0,0
2020-06-16,US,Nebraska,Garfield,1,0,0,41.91428955,-98.99111827,31071.0,50.787201625190455,0.0,1,1,0,0,1,1,1987,0,0,0,0,0
2020-06-16,US,Nebraska,Gosper,13,0,0,40.51481965,-99.83020279,31073.0,653.2663316582915,0.0,13,13,0,0,13,13,1996,0,0,0,0,0
2020-06-16,US,Nebraska,Greeley,3,0,0,41.56742671,-98.52150266,31077.0,127.33446519524618,0.0,3,3,0,0,3,3,2356,0,0,0,0,0
2020-06-16,US,Nebraska,Hall,1564,45,0,40.87257079,-98.50218293,31079.0,2549.182599057911,2.8772378516624038,1519,1562,45,0,1517,1561,61607,2,0,0,2,1
2020-06-16,US,Nebraska,Hamilton,56,11,0,40.87349452,-98.02099117,31081.0,600.6006006006006,19.642857142857142,45,56,11,0,45,56,9280,0,0,0,0,0
2020-06-16,US,Nebraska,Hitchcock,1,0,0,40.17609175,-101.04164770000001,31087.0,36.205648081100655,0.0,1,1,0,0,1,1,2806,0,0,0,0,0
2020-06-16,US,Nebraska,Holt,1,0,0,42.45522056,-98.78402558,31089.0,9.933445912387008,0.0,1,1,0,0,1,1,10178,0,0,0,0,0
2020-06-16,US,Nebraska,Howard,44,4,0,41.2200529,-98.5166499,31093.0,682.6997672614431,9.090909090909092,40,44,4,0,40,45,6468,0,0,0,0,-1
2020-06-16,US,Nebraska,Jefferson,9,0,0,40.17584531,-97.142601,31095.0,127.73204655123476,0.0,9,9,0,0,9,9,7097,0,0,0,0,0
2020-06-16,US,Nebraska,Johnson,6,0,0,40.39257596,-96.26522753,31097.0,118.3198580161704,0.0,6,6,0,0,6,6,5134,0,0,0,0,0
2020-06-16,US,Nebraska,Kearney,12,0,0,40.50663314,-98.94877182,31099.0,184.75750577367202,0.0,12,12,0,0,12,12,6544,0,0,0,0,0
2020-06-16,US,Nebraska,Keith,2,0,0,41.19930341,-101.66201640000001,31101.0,24.894199651481205,0.0,2,2,0,0,2,2,8021,0,0,0,0,0
2020-06-16,US,Nebraska,Kimball,8,0,0,41.19774275,-103.7148131,31105.0,220.26431718061676,0.0,8,8,0,0,8,8,3618,0,0,0,0,0
2020-06-16,US,Nebraska,Knox,13,0,0,42.63758421,-97.89178836,31107.0,156.0249639942391,0.0,13,13,0,0,13,12,8419,0,0,0,0,1
2020-06-16,US,Nebraska,Lancaster,1516,10,0,40.78416049,-96.68777155,31109.0,475.1010686640132,0.6596306068601583,1506,1480,10,0,1470,1463,317272,36,0,0,36,17
2020-06-16,US,Nebraska,Lincoln,53,2,0,41.04658298,-100.74753740000001,31111.0,151.80156957094576,3.7735849056603774,51,53,2,0,51,53,35185,0,0,0,0,0
2020-06-16,US,Nebraska,Madison,334,4,0,41.91676024,-97.6005481,31119.0,951.5940625089032,1.1976047904191616,330,333,4,0,329,332,35392,1,0,0,1,1
2020-06-16,US,Nebraska,Merrick,36,0,0,41.16624273,-98.0374887,31121.0,464.2166344294004,0.0,36,36,0,0,36,37,7733,0,0,0,0,-1
2020-06-16,US,Nebraska,Morrill,12,0,0,41.71711774,-103.0061405,31123.0,258.5092632485997,0.0,12,12,0,0,12,12,4686,0,0,0,0,0
2020-06-16,US,Nebraska,Nance,4,0,0,41.39750195,-97.99327291,31125.0,113.66865586814436,0.0,4,4,0,0,4,4,3532,0,0,0,0,0
2020-06-16,US,Nebraska,Nemaha,4,0,0,40.38514847,-95.85433992,31127.0,57.37234652897303,0.0,4,4,0,0,4,4,6958,0,0,0,0,0
2020-06-16,US,Nebraska,Nuckolls,1,0,0,40.17637905,-98.04743961,31129.0,24.10800385728061,0.0,1,1,0,0,1,1,4195,0,0,0,0,0
2020-06-16,US,Nebraska,Otoe,13,0,0,40.64843556,-96.13374142,31131.0,81.18910816887335,0.0,13,12,0,0,12,12,15985,1,0,0,1,0
2020-06-16,US,Nebraska,Phelps,20,0,0,40.51156033,-99.41461667,31137.0,221.38587558113792,0.0,20,20,0,0,20,20,8996,0,0,0,0,0
2020-06-16,US,Nebraska,Pierce,6,0,0,42.26434853,-97.60122773,31139.0,83.93956351426971,0.0,6,6,0,0,6,6,7142,0,0,0,0,0
2020-06-16,US,Nebraska,Platte,648,1,0,41.57246836,-97.52144359,31141.0,1936.062145204661,0.15432098765432098,647,647,1,0,646,642,33363,1,0,0,1,5
2020-06-16,US,Nebraska,Polk,12,0,0,41.18813488,-97.56630712,31143.0,230.19374640322275,0.0,12,12,0,0,12,12,5278,0,0,0,0,0
2020-06-16,US,Nebraska,Red Willow,6,0,0,40.17556879999999,-100.476998,31145.0,55.949272659455424,0.0,6,5,0,0,5,5,10726,1,0,0,1,0
2020-06-16,US,Nebraska,Richardson,1,1,0,40.1247415,-95.71755036,31147.0,12.714558169103626,100.0,0,1,1,0,0,1,7937,0,0,0,0,0
2020-06-16,US,Nebraska,Saline,523,2,0,40.52418865,-97.14085859,31151.0,3676.8841394825645,0.3824091778202677,521,520,2,0,518,519,14350,3,0,0,3,1
2020-06-16,US,Nebraska,Sarpy,920,7,0,41.11314181,-96.11156432,31153.0,491.46349280967536,0.7608695652173914,913,907,7,0,900,898,184459,13,0,0,13,9
2020-06-16,US,Nebraska,Saunders,57,2,0,41.227810299999994,-96.63773905,31155.0,264.1579386412086,3.5087719298245608,55,57,1,0,56,57,21303,0,1,0,-1,0
2020-06-16,US,Nebraska,Scotts Bluff,178,2,0,41.85070896,-103.70809859999999,31157.0,499.7473187714077,1.1235955056179776,176,177,2,0,175,172,35989,1,0,0,1,5
2020-06-16,US,Nebraska,Seward,32,1,0,40.87241834,-97.139673,31159.0,185.1423281647767,3.125,31,32,1,0,31,32,17318,0,0,0,0,0
2020-06-16,US,Nebraska,Sherman,5,0,0,41.22045983,-98.97588642,31163.0,166.61112962345885,0.0,5,5,0,0,5,4,3038,0,0,0,0,1
2020-06-16,US,Nebraska,Sioux,1,0,0,42.48932059,-103.7576544,31165.0,85.76329331046313,0.0,1,1,0,0,1,2,1187,0,0,0,0,-1
2020-06-16,US,Nebraska,Stanton,21,0,0,41.9169835,-97.19394708,31167.0,354.72972972972974,0.0,21,21,0,0,21,21,5970,0,0,0,0,0
2020-06-16,US,Nebraska,Thayer,1,0,0,40.17626377,-97.59504381,31169.0,19.98800719568259,0.0,1,1,0,0,1,1,5039,0,0,0,0,0
2020-06-16,US,Nebraska,Thomas,1,0,0,41.91358968,-100.5556632,31171.0,138.50415512465375,0.0,1,1,0,0,1,1,720,0,0,0,0,0
2020-06-16,US,Nebraska,Thurston,68,1,0,42.15725356,-96.54157099,31173.0,941.3067552602437,1.4705882352941178,67,66,1,0,65,66,7303,2,0,0,2,0
2020-06-16,US,Nebraska,Unassigned,176,1,0,0.0,0.0,90031.0,0.0,0.5681818181818182,175,176,1,0,175,180,,0,0,0,0,-4
2020-06-16,US,Nebraska,Valley,7,0,0,41.56730777,-98.98197724,31175.0,168.3501683501684,0.0,7,7,0,0,7,7,4190,0,0,0,0,0
2020-06-16,US,Nebraska,Washington,41,1,0,41.52815707,-96.22019892,31177.0,197.7905349992764,2.4390243902439024,40,41,1,0,40,41,20667,0,0,0,0,0
2020-06-16,US,Nebraska,Wayne,26,0,0,42.20934475,-97.11926964,31179.0,277.0378263185935,0.0,26,26,0,0,26,26,9403,0,0,0,0,0
2020-06-16,US,Nebraska,Webster,6,0,0,40.17642643,-98.50019851,31181.0,172.0676799541153,0.0,6,6,0,0,6,6,3533,0,0,0,0,0
2020-06-16,US,Nebraska,York,37,0,0,40.87272618,-97.59710186,31185.0,270.4876087433292,0.0,37,37,0,0,37,37,13772,0,0,0,0,0
2020-06-16,US,Nevada,Carson City,124,5,0,39.15509045,-119.7480219,32510.0,221.7612132484441,4.032258064516129,119,123,5,0,118,120,55414,1,0,0,1,3
2020-06-16,US,Nevada,Churchill,10,1,0,39.58105744,-118.3394607,32001.0,40.14613192018949,10.0,9,10,1,0,9,10,24440,0,0,0,0,0
2020-06-16,US,Nevada,Clark,9157,380,0,36.21458855,-115.0130241,32003.0,403.97667990903136,4.14983073058862,8777,8815,379,0,8436,8735,2231647,342,1,0,341,80
2020-06-16,US,Nevada,Douglas,47,0,0,38.912862,-119.61713329999999,32005.0,96.10469277170023,0.0,47,46,0,0,46,42,48467,1,0,0,1,4
2020-06-16,US,Nevada,Elko,47,1,0,41.14531606,-115.3577619,32007.0,89.05225662207737,2.127659574468085,46,37,1,0,36,37,52460,10,0,0,10,0
2020-06-16,US,Nevada,Humboldt,78,4,0,41.40692186,-118.11094270000001,32013.0,463.43057453508413,5.128205128205129,74,78,4,0,74,78,16786,0,0,0,0,0
2020-06-16,US,Nevada,Lander,23,0,0,39.933223299999995,-117.03970749999999,32015.0,415.76283441793197,0.0,23,22,0,0,22,22,5575,1,0,0,1,0
2020-06-16,US,Nevada,Lincoln,2,0,0,37.64268459,-114.8790388,32017.0,38.58769052672198,0.0,2,2,0,0,2,2,5201,0,0,0,0,0
2020-06-16,US,Nevada,Lyon,92,2,0,39.01777974,-119.18704790000001,32019.0,159.97217875152148,2.1739130434782608,90,92,2,0,90,92,55808,0,0,0,0,0
2020-06-16,US,Nevada,Mineral,4,0,0,38.53841696,-118.4344506,32021.0,88.79023307436182,0.0,4,4,0,0,4,4,4514,0,0,0,0,0
2020-06-16,US,Nevada,Nye,74,3,0,38.04264256,-116.47227020000001,32023.0,159.0611095587129,4.0540540540540535,71,74,2,0,72,73,45346,0,1,0,-1,1
2020-06-16,US,Nevada,Pershing,5,0,0,40.44003782,-118.40056409999998,32027.0,74.34944237918216,0.0,5,5,0,0,5,5,6666,0,0,0,0,0
2020-06-16,US,Nevada,Storey,1,0,0,39.44875482,-119.5250207,32029.0,24.254183846713556,0.0,1,1,0,0,1,1,4029,0,0,0,0,0
2020-06-16,US,Nevada,Washoe,2016,71,0,40.66562265,-119.6631594,32031.0,427.5543509381382,3.5218253968253967,1945,2003,71,0,1932,1977,465735,13,0,0,13,26
2020-06-16,US,Nevada,White Pine,3,0,0,39.44157041,-114.89996599999999,32033.0,31.315240083507305,0.0,3,3,0,0,3,3,9475,0,0,0,0,0
2020-06-16,US,New Hampshire,Belknap,74,1,0,43.51637314,-71.41684235,33001.0,120.71187380715463,1.351351351351351,73,74,1,0,73,74,61022,0,0,0,0,0
2020-06-16,US,New Hampshire,Carroll,49,0,0,43.87498583,-71.20430216,33003.0,100.1840114496013,0.0,49,49,0,0,49,49,48779,0,0,0,0,0
2020-06-16,US,New Hampshire,Cheshire,62,2,0,42.92015988,-72.25311043,33005.0,81.4878096865348,3.2258064516129035,60,60,2,0,58,60,76493,2,0,0,2,0
2020-06-16,US,New Hampshire,Coos,6,0,0,44.69063265,-71.30633239,33007.0,19.0095998479232,0.0,6,6,0,0,6,6,31589,0,0,0,0,0
2020-06-16,US,New Hampshire,Grafton,75,1,0,43.93779815,-71.82057197,33009.0,83.43902276216541,1.3333333333333333,74,76,1,0,75,76,89786,-1,0,0,-1,0
2020-06-16,US,New Hampshire,Hillsborough,2981,209,0,42.91537785,-71.7200253,33011.0,714.8252502847553,7.011070110701108,2772,2963,205,0,2758,2942,415247,18,4,0,14,21
2020-06-16,US,New Hampshire,Merrimack,392,18,0,43.29662971,-71.6811573,33013.0,258.9321690192944,4.591836734693878,374,392,18,0,374,391,151132,0,0,0,0,1
2020-06-16,US,New Hampshire,Rockingham,1418,81,0,42.98499744,-71.12883377,33015.0,457.76046021390135,5.712270803949224,1337,1416,79,0,1337,1412,309176,2,2,0,0,4
2020-06-16,US,New Hampshire,Strafford,279,13,0,43.291833000000004,-71.02336013,33017.0,213.57543652828917,4.659498207885305,266,279,13,0,266,278,130090,0,0,0,0,1
2020-06-16,US,New Hampshire,Sullivan,24,1,0,43.36094111,-72.22203125,33019.0,55.62508691419831,4.166666666666667,23,25,1,0,24,25,43144,-1,0,0,-1,0
2020-06-16,US,New Hampshire,Unassigned,4,0,0,0.0,0.0,90033.0,0.0,0.0,4,5,0,0,5,5,,-1,0,0,-1,0
2020-06-16,US,New Jersey,Atlantic,2539,180,0,39.47538693,-74.65848483,34001.0,962.9461068760193,7.089405277668374,2359,2497,180,0,2317,2490,265429,42,0,0,42,7
2020-06-16,US,New Jersey,Bergen,18901,1673,0,40.96010917,-74.07164325,34003.0,2027.5648410966721,8.851383524681234,17228,18848,1664,0,17184,18818,936692,53,9,0,44,30
2020-06-16,US,New Jersey,Burlington,4929,364,0,39.87681124,-74.66927768,34005.0,1106.7724413886638,7.384865084195577,4565,4894,364,0,4530,4876,445384,35,0,0,35,18
2020-06-16,US,New Jersey,Camden,7040,417,0,39.80343818,-74.96388753,34007.0,1390.0104843120334,5.923295454545454,6623,7025,416,0,6609,7018,507078,15,1,0,14,7
2020-06-16,US,New Jersey,Cape May,681,61,0,39.15008829,-74.80170244,34009.0,739.9037364595442,8.95741556534508,620,672,61,0,611,671,92560,9,0,0,9,1
2020-06-16,US,New Jersey,Cumberland,2728,114,0,39.37199394,-75.10712559,34011.0,1824.4196700261489,4.178885630498534,2614,2697,108,0,2589,2666,150972,31,6,0,25,31
2020-06-16,US,New Jersey,Essex,18388,1751,0,40.78681335,-74.24657979,34013.0,2301.448731186833,9.522514683489232,16637,18375,1751,0,16624,18364,799767,13,0,0,13,11
2020-06-16,US,New Jersey,Gloucester,2423,164,0,39.71581067,-75.13995546,34015.0,830.8302130052532,6.768468840280644,2259,2416,163,0,2253,2414,291408,7,1,0,6,2
2020-06-16,US,New Jersey,Hudson,19238,1289,0,40.73766234,-74.07515667,34017.0,2861.132882504376,6.700280694458884,17949,19195,1256,0,17939,19177,676061,43,33,0,10,18
2020-06-16,US,New Jersey,Hunterdon,1042,66,0,40.56335249,-74.91284156,34019.0,837.8158895562469,6.333973128598847,976,1041,66,0,975,1039,124714,1,0,0,1,2
2020-06-16,US,New Jersey,Mercer,7381,522,0,40.28047017,-74.70479631,34021.0,2008.8180061508317,7.072212437339113,6859,7371,517,0,6854,7351,369811,10,5,0,5,20
2020-06-16,US,New Jersey,Middlesex,16474,1085,0,40.43629879,-74.41426991,34023.0,1996.6984299361745,6.586135729027559,15389,16458,1083,0,15375,16430,829685,16,2,0,14,28
2020-06-16,US,New Jersey,Monmouth,8786,687,0,40.26549699,-74.22240686,34025.0,1419.8563336807829,7.81925791031186,8099,8761,678,0,8083,8740,621354,25,9,0,16,21
2020-06-16,US,New Jersey,Morris,6599,640,0,40.86095313,-74.54553709999998,34027.0,1341.6828472384593,9.698439157448098,5959,6588,639,0,5949,6581,494228,11,1,0,10,7
2020-06-16,US,New Jersey,Ocean,9279,826,0,39.8895449,-74.28089251,34029.0,1528.1972904513611,8.901821316952258,8453,9258,820,0,8438,9244,601651,21,6,0,15,14
2020-06-16,US,New Jersey,Passaic,16664,1006,0,41.03238628,-74.29954144,34031.0,3320.6729025598515,6.036965914546328,15658,16649,1001,0,15648,16627,503310,15,5,0,10,22
2020-06-16,US,New Jersey,Salem,711,58,0,39.58719656,-75.34696629999998,34033.0,1139.6970425583072,8.157524613220815,653,708,57,0,651,706,62607,3,1,0,2,2
2020-06-16,US,New Jersey,Somerset,4767,438,0,40.56465737,-74.61683016,34035.0,1449.226896581077,9.188168659534297,4329,4764,437,0,4327,4759,331164,3,1,0,2,5
2020-06-16,US,New Jersey,Sussex,1190,181,0,41.13891592,-74.69118243,34037.0,847.0474346563408,15.210084033613446,1009,1190,181,0,1009,1190,140799,0,0,0,0,0
2020-06-16,US,New Jersey,Unassigned,141,0,0,0.0,0.0,90034.0,0.0,0.0,141,186,0,0,186,196,,-45,0,0,-45,-10
2020-06-16,US,New Jersey,Union,16320,1130,0,40.65835409,-74.30680092,34039.0,2933.4526845945197,6.924019607843138,15190,16308,1128,0,15180,16322,558067,12,2,0,10,-14
2020-06-16,US,New Jersey,Warren,1205,140,0,40.85951833,-74.99556527,34041.0,1144.7082181500375,11.618257261410788,1065,1202,138,0,1064,1202,105779,3,2,0,1,0
2020-06-16,US,New Mexico,Bernalillo,1733,80,0,35.05163625,-106.6703554,35001.0,255.182802475553,4.616272360069244,1653,1705,80,0,1625,1693,678701,28,0,0,28,12
2020-06-16,US,New Mexico,Catron,2,1,0,33.91514144,-108.4046587,35003.0,56.70541536716757,50.0,1,2,1,0,1,2,3578,0,0,0,0,0
2020-06-16,US,New Mexico,Chaves,59,2,0,33.36406072,-104.4665365,35005.0,91.3100673218293,3.3898305084745757,57,59,2,0,57,59,64689,0,0,0,0,0
2020-06-16,US,New Mexico,Cibola,186,9,0,34.91131525,-107.998876,35006.0,697.2820993439549,4.838709677419356,177,185,8,0,177,184,26746,1,1,0,0,1
2020-06-16,US,New Mexico,Colfax,8,0,0,36.60569702,-104.64726740000002,35007.0,66.99606398124111,0.0,8,8,0,0,8,7,12110,0,0,0,0,1
2020-06-16,US,New Mexico,Curry,89,0,0,34.57421077,-103.34688759999999,35009.0,181.80332557094414,0.0,89,83,0,0,83,81,49437,6,0,0,6,2
2020-06-16,US,New Mexico,Dona Ana,659,6,0,32.35275771,-106.83293870000001,35013.0,302.0234194184101,0.9104704097116844,653,657,6,0,651,658,217522,2,0,0,2,-1
2020-06-16,US,New Mexico,Eddy,48,1,0,32.47167456,-104.3053527,35015.0,82.10742387957578,2.083333333333333,47,47,1,0,46,47,57900,1,0,0,1,0
2020-06-16,US,New Mexico,Grant,16,0,0,32.73911281,-108.3827845,35017.0,59.26364915919698,0.0,16,16,0,0,16,16,27346,0,0,0,0,0
2020-06-16,US,New Mexico,Guadalupe,20,0,0,34.86319296,-104.790669,35019.0,465.11627906976736,0.0,20,20,0,0,20,20,4341,0,0,0,0,0
2020-06-16,US,New Mexico,Harding,1,0,0,35.85751555,-103.82209379999999,35021.0,160.0,0.0,1,1,0,0,1,1,655,0,0,0,0,0
2020-06-16,US,New Mexico,Hidalgo,23,0,0,31.91383467,-108.7151824,35023.0,547.8799428299192,0.0,23,20,0,0,20,3,4240,3,0,0,3,17
2020-06-16,US,New Mexico,Lea,49,0,0,32.79215361,-103.4123733,35025.0,68.94610946953708,0.0,49,44,0,0,44,42,69611,5,0,0,5,2
2020-06-16,US,New Mexico,Lincoln,6,0,0,33.74526079,-105.4586166,35027.0,30.65603923973023,0.0,6,6,0,0,6,6,19556,0,0,0,0,0
2020-06-16,US,New Mexico,Los Alamos,7,0,0,35.86631386,-106.31349850000001,35028.0,36.14022406938923,0.0,7,7,0,0,7,7,19101,0,0,0,0,0
2020-06-16,US,New Mexico,Luna,32,1,0,32.18179341,-107.75088259999998,35029.0,134.96984267577713,3.125,31,29,1,0,28,27,23963,3,0,0,3,2
2020-06-16,US,New Mexico,McKinley,2949,151,0,35.58007720000001,-108.262245,35031.0,4132.161923578125,5.12037978975924,2798,2936,148,0,2788,2912,72290,13,3,0,10,24
2020-06-16,US,New Mexico,Otero,30,4,0,32.61348406,-105.7417604,35035.0,44.45102978218996,13.333333333333336,26,30,4,0,26,29,66781,0,0,0,0,1
2020-06-16,US,New Mexico,Quay,4,1,0,35.10403332,-103.54817270000001,35037.0,48.467224039743115,25.0,3,4,1,0,3,4,8253,0,0,0,0,0
2020-06-16,US,New Mexico,Rio Arriba,59,1,0,36.51072137,-106.69316740000001,35039.0,151.58911641530278,1.6949152542372878,58,59,1,0,58,60,39006,0,0,0,0,-1
2020-06-16,US,New Mexico,Roosevelt,53,1,0,34.02097406,-103.4799493,35041.0,286.4864864864865,1.8867924528301887,52,53,1,0,52,53,18743,0,0,0,0,0
2020-06-16,US,New Mexico,San Juan,2129,151,0,36.50838318,-108.32043700000001,35045.0,1717.5172235757273,7.092531705025832,1978,2123,148,0,1975,2098,125043,6,3,0,3,25
2020-06-16,US,New Mexico,San Miguel,16,0,0,35.48014807,-104.8163562,35047.0,58.65747699527074,0.0,16,16,0,0,16,16,27591,0,0,0,0,0
2020-06-16,US,New Mexico,Sandoval,642,27,0,35.68862401,-106.86878030000001,35043.0,437.4846675934255,4.205607476635514,615,634,27,0,607,630,145179,8,0,0,8,4
2020-06-16,US,New Mexico,Santa Fe,178,3,0,35.50708973,-105.9774716,35049.0,118.38412322590084,1.6853932584269662,175,173,3,0,170,170,150056,5,0,0,5,3
2020-06-16,US,New Mexico,Sierra,4,0,0,33.13028233,-107.1925893,35051.0,37.067926976183855,0.0,4,4,0,0,4,4,10968,0,0,0,0,0
2020-06-16,US,New Mexico,Socorro,55,5,0,34.00715494,-106.9298354,35053.0,330.58844743643687,9.090909090909092,50,55,5,0,50,55,16735,0,0,0,0,0
2020-06-16,US,New Mexico,Taos,33,0,0,36.58006022,-105.63101979999999,35055.0,100.84649940408887,0.0,33,33,0,0,33,32,32835,0,0,0,0,1
2020-06-16,US,New Mexico,Torrance,34,1,0,34.64048375,-105.8508949,35057.0,219.90815600543306,2.9411764705882355,33,34,1,0,33,34,15591,0,0,0,0,0
2020-06-16,US,New Mexico,Unassigned,711,0,0,0.0,0.0,90035.0,0.0,0.0,711,708,0,0,708,679,,3,0,0,3,29
2020-06-16,US,New Mexico,Union,5,0,0,36.48126404,-103.4709624,35059.0,123.1830500123183,0.0,5,5,0,0,5,5,4118,0,0,0,0,0
2020-06-16,US,New Mexico,Valencia,93,2,0,34.71669834,-106.8103733,35061.0,121.27060296265387,2.150537634408602,91,89,2,0,87,89,76456,4,0,0,4,0
2020-06-16,US,New York,Albany,2026,118,0,42.60060306,-73.97723916,36001.0,663.1620982893952,5.824284304047384,1908,2022,118,0,1904,2020,307117,4,0,0,4,2
2020-06-16,US,New York,Allegany,55,0,0,42.25748406,-78.02750466,36003.0,119.32915319693649,0.0,55,55,0,0,55,54,46430,0,0,0,0,1
2020-06-16,US,New York,Broome,656,52,0,42.15903158,-75.81326086,36007.0,344.3786485237915,7.926829268292682,604,655,52,0,603,651,191659,1,0,0,1,4
2020-06-16,US,New York,Cattaraugus,107,5,0,42.24778241,-78.67923096,36009.0,140.57306514970378,4.672897196261682,102,106,5,0,101,104,76840,1,0,0,1,2
2020-06-16,US,New York,Cayuga,106,2,0,42.91261714,-76.55731592,36011.0,138.42457166736315,1.8867924528301887,104,106,2,0,104,106,77145,0,0,0,0,0
2020-06-16,US,New York,Chautauqua,108,4,0,42.22769210000001,-79.36691763,36013.0,85.1043710550578,3.703703703703704,104,107,4,0,103,107,127939,1,0,0,1,0
2020-06-16,US,New York,Chemung,138,2,0,42.13891056,-76.7638805,36015.0,165.35659509202455,1.4492753623188406,136,138,2,0,136,138,84254,0,0,0,0,0
2020-06-16,US,New York,Chenango,139,5,0,42.49430041,-75.60887553,36017.0,294.4478573092974,3.5971223021582728,134,138,5,0,133,138,47536,1,0,0,1,0
2020-06-16,US,New York,Clinton,99,4,0,44.74530905,-73.67875352,36019.0,123.00428651301485,4.040404040404041,95,98,4,0,94,98,80695,1,0,0,1,0
2020-06-16,US,New York,Columbia,442,37,0,42.24819348,-73.63089095,36021.0,743.3443769865962,8.371040723981901,405,439,37,0,402,436,59916,3,0,0,3,3
2020-06-16,US,New York,Cortland,42,0,0,42.59509207,-76.07048931,36023.0,88.27052815199345,0.0,42,42,0,0,42,42,47823,0,0,0,0,0
2020-06-16,US,New York,Delaware,88,4,0,42.19837623,-74.96709306,36025.0,199.38824062535403,4.545454545454546,84,88,4,0,84,88,44527,0,0,0,0,0
2020-06-16,US,New York,Dutchess,4075,145,0,41.76486060000001,-73.74356679,36027.0,1385.0274286413473,3.5582822085889574,3930,4068,145,0,3923,4056,293718,7,0,0,7,12
2020-06-16,US,New York,Erie,6852,602,0,42.76249024,-78.73063652,36029.0,745.8348844347786,8.785755983654408,6250,6817,587,0,6230,6785,919719,35,15,0,20,32
2020-06-16,US,New York,Essex,40,0,0,44.11630765,-73.77297842,36031.0,108.4451674122272,0.0,40,40,0,0,40,40,37300,0,0,0,0,0
2020-06-16,US,New York,Franklin,25,0,0,44.59040891,-74.29926032,36033.0,49.97800967574268,0.0,25,25,0,0,25,25,50293,0,0,0,0,0
2020-06-16,US,New York,Fulton,236,24,0,43.11363907,-74.41798804,36035.0,442.08830526572126,10.169491525423727,212,235,24,0,211,234,53591,1,0,0,1,1
2020-06-16,US,New York,Genesee,213,5,0,43.0022601,-78.19135193,36037.0,371.85754189944123,2.347417840375587,208,213,5,0,208,212,57511,0,0,0,0,1
2020-06-16,US,New York,Greene,252,18,0,42.275797,-74.12384884,36039.0,534.034076460117,7.142857142857142,234,251,18,0,233,251,47491,1,0,0,1,0
2020-06-16,US,New York,Hamilton,6,0,0,43.66146647,-74.49721957,36041.0,135.8695652173913,0.0,6,6,0,0,6,6,4434,0,0,0,0,0
2020-06-16,US,New York,Herkimer,128,3,0,43.42034246,-74.96145307,36043.0,208.74443484075084,2.34375,125,128,3,0,125,128,61833,0,0,0,0,0
2020-06-16,US,New York,Jefferson,81,0,0,44.04200959,-75.94653457,36045.0,73.74765555292531,0.0,81,81,0,0,81,81,111755,0,0,0,0,0
2020-06-16,US,New York,Lewis,20,0,0,43.784415700000004,-75.44903992,36049.0,76.057195010648,0.0,20,20,0,0,20,20,26447,0,0,0,0,0
2020-06-16,US,New York,Livingston,123,8,0,42.72596275,-77.77966158,36051.0,195.5049750453,6.5040650406504055,115,123,8,0,115,123,63227,0,0,0,0,0
2020-06-16,US,New York,Madison,336,17,0,42.91653905,-75.67266639,36053.0,473.63301898760943,5.059523809523808,319,335,17,0,318,334,70795,1,0,0,1,1
2020-06-16,US,New York,Monroe,3402,247,0,43.14638895,-77.69322942,36055.0,458.63272982191256,7.260435038212817,3155,3380,247,0,3133,3370,742474,22,0,0,22,10
2020-06-16,US,New York,Montgomery,104,4,0,42.90123494,-74.44011632,36057.0,211.29192824201053,3.8461538461538463,100,104,4,0,100,104,49455,0,0,0,0,0
2020-06-16,US,New York,Nassau,41290,2170,0,40.74066522,-73.58941873,36059.0,3042.9117621915448,5.25550980867038,39120,41240,2167,0,39073,41204,1358343,50,3,0,47,36
2020-06-16,US,New York,New York City,210591,22145,0,40.76727260000001,-73.97152637,36061.0,2526.0360159039114,10.515644068359997,188446,210259,22124,0,188135,209878,1628701,332,21,0,311,381
2020-06-16,US,New York,Niagara,1171,78,0,43.19898042,-78.74777412,36063.0,559.5347881556377,6.6609735269000865,1093,1169,78,0,1091,1166,210433,2,0,0,2,3
2020-06-16,US,New York,Oneida,1301,77,0,43.24375382,-75.43710392,36065.0,568.939655662502,5.918524212144503,1224,1280,77,0,1203,1273,229577,21,0,0,21,7
2020-06-16,US,New York,Onondaga,2545,174,0,43.00491923,-76.19971155,36067.0,552.62655039433,6.836935166994107,2371,2531,166,0,2365,2519,461809,14,8,0,6,12
2020-06-16,US,New York,Ontario,234,9,0,42.85145728,-77.30874425,36069.0,213.15940497554126,3.8461538461538463,225,233,9,0,224,233,109864,1,0,0,1,0
2020-06-16,US,New York,Orange,10580,473,0,41.40337468,-74.30240757,36071.0,2748.480282641451,4.47069943289225,10107,10573,473,0,10100,10571,381951,7,0,0,7,2
2020-06-16,US,New York,Orleans,268,49,0,43.2516977,-78.2320066,36073.0,664.1554321966693,18.283582089552237,219,268,49,0,219,267,40612,0,0,0,0,1
2020-06-16,US,New York,Oswego,139,3,0,43.42778894,-76.14635194,36075.0,118.67764079095659,2.1582733812949644,136,126,3,0,123,122,117898,13,0,0,13,4
2020-06-16,US,New York,Otsego,81,5,0,42.63492579,-75.03151402,36077.0,136.15047148404014,6.172839506172839,76,80,5,0,75,80,59749,1,0,0,1,0
2020-06-16,US,New York,Putnam,1292,62,0,41.42630093,-73.74965532,36079.0,1314.0764849471116,4.798761609907121,1230,1291,62,0,1229,1288,98892,1,0,0,1,3
2020-06-16,US,New York,Rensselaer,514,28,0,42.71348136,-73.51089874,36083.0,323.852968232166,5.447470817120624,486,514,28,0,486,513,159442,0,0,0,0,1
2020-06-16,US,New York,Rockland,13460,665,0,41.15027894,-74.02560498,36087.0,4131.508430303049,4.940564635958396,12795,13441,661,0,12780,13423,325695,19,4,0,15,18
2020-06-16,US,New York,Saratoga,522,14,0,43.10904162,-73.86653895,36091.0,227.09178945719842,2.681992337164751,508,517,14,0,503,515,230163,5,0,0,5,2
2020-06-16,US,New York,Schenectady,735,36,0,42.81668777,-74.05278291,36093.0,473.2805748910168,4.8979591836734695,699,732,36,0,696,725,155350,3,0,0,3,7
2020-06-16,US,New York,Schoharie,54,0,0,42.58831742,-74.44339029999998,36095.0,174.19916771508758,0.0,54,54,0,0,54,54,31097,0,0,0,0,0
2020-06-16,US,New York,Schuyler,12,0,0,42.39184015,-76.8773299,36097.0,67.38922895490539,0.0,12,12,0,0,12,12,17912,0,0,0,0,0
2020-06-16,US,New York,Seneca,64,0,0,42.78081007,-76.82497064,36099.0,188.14675446848545,0.0,64,64,0,0,64,63,34300,0,0,0,0,1
2020-06-16,US,New York,St. Lawrence,215,2,0,44.4976179,-75.06550039,36089.0,199.55448301466487,0.9302325581395348,213,215,2,0,213,215,108047,0,0,0,0,0
2020-06-16,US,New York,Steuben,257,41,0,42.2689144,-77.3829924,36101.0,269.45134673250925,15.95330739299611,216,256,41,0,215,255,95796,1,0,0,1,1
2020-06-16,US,New York,Suffolk,40738,1957,0,40.88320119,-72.8012172,36103.0,2758.903725515559,4.803868623889244,38781,40692,1955,0,38737,40659,1481093,46,2,0,44,33
2020-06-16,US,New York,Sullivan,1433,45,0,41.71579493,-74.76394559,36105.0,1899.7242549581078,3.14026517794836,1388,1432,45,0,1387,1430,75498,1,0,0,1,2
2020-06-16,US,New York,Tioga,140,24,0,42.16852837,-76.30835812,36107.0,290.438354459266,17.142857142857142,116,139,24,0,115,139,48560,1,0,0,1,0
2020-06-16,US,New York,Tompkins,173,0,0,42.44945765,-76.47229843,36109.0,169.30906243883342,0.0,173,173,0,0,173,173,102793,0,0,0,0,0
2020-06-16,US,New York,Ulster,1742,83,0,41.89027881,-74.26252104,36111.0,981.004995128764,4.7646383467278985,1659,1741,83,0,1658,1741,178599,1,0,0,1,0
2020-06-16,US,New York,Warren,257,30,0,43.56173026,-73.8433699,36113.0,401.9141749030401,11.673151750972762,227,257,30,0,227,257,64265,0,0,0,0,0
2020-06-16,US,New York,Washington,243,14,0,43.31153794,-73.43043448,36115.0,397.0328736683877,5.761316872427983,229,243,14,0,229,243,61197,0,0,0,0,0
2020-06-16,US,New York,Wayne,134,3,0,43.15494365,-77.02976528,36117.0,149.02466691874818,2.238805970149253,131,133,3,0,130,133,90064,1,0,0,1,0
2020-06-16,US,New York,Westchester,34358,1405,0,41.16278376,-73.75741653,36119.0,3551.1924473853387,4.0892950695616745,32953,34327,1405,0,32922,34290,967612,31,0,0,31,37
2020-06-16,US,New York,Wyoming,93,5,0,42.70145109,-78.22199579,36121.0,233.32246167741292,5.376344086021504,88,92,5,0,87,92,40085,1,0,0,1,0
2020-06-16,US,New York,Yates,40,6,0,42.63505484,-77.10369919,36123.0,160.55874443061856,15.0,34,40,6,0,34,40,24841,0,0,0,0,0
2020-06-16,US,North Carolina,Alamance,796,34,0,36.0434701,-79.39976137,37001.0,469.5915851075754,4.271356783919598,762,778,34,0,744,742,166436,18,0,0,18,36
2020-06-16,US,North Carolina,Alexander,50,0,0,35.922379600000006,-81.17751948,37003.0,133.34400085340158,0.0,50,50,0,0,50,49,37353,0,0,0,0,1
2020-06-16,US,North Carolina,Alleghany,30,0,0,36.49360862,-81.12857041,37005.0,269.37236239561815,0.0,30,30,0,0,30,30,11161,0,0,0,0,0
2020-06-16,US,North Carolina,Anson,89,1,0,34.97403241,-80.09953279,37007.0,364.06774114374537,1.1235955056179776,88,87,1,0,86,86,24877,2,0,0,2,1
2020-06-16,US,North Carolina,Ashe,43,1,0,36.43296207,-81.49862729,37009.0,158.07080101459397,2.3255813953488373,42,43,1,0,42,43,27109,0,0,0,0,0
2020-06-16,US,North Carolina,Avery,6,0,0,36.07569796,-81.92308483,37011.0,34.17440337187447,0.0,6,6,0,0,6,6,17505,0,0,0,0,0
2020-06-16,US,North Carolina,Beaufort,52,0,0,35.48531943,-76.84325809,37013.0,110.65242371366556,0.0,52,51,0,0,51,51,47079,1,0,0,1,0
2020-06-16,US,North Carolina,Bertie,135,4,0,36.0688473,-76.96545943,37015.0,712.5138544360585,2.962962962962963,131,135,4,0,131,135,19026,0,0,0,0,0
2020-06-16,US,North Carolina,Bladen,199,2,0,34.61296243,-78.56180059,37017.0,608.1535358474421,1.0050251256281406,197,196,2,0,194,194,33190,3,0,0,3,2
2020-06-16,US,North Carolina,Brunswick,263,3,0,34.070565,-78.22814204,37019.0,184.1478784483966,1.1406844106463878,260,241,3,0,238,230,136744,22,0,0,22,11
2020-06-16,US,North Carolina,Buncombe,461,35,0,35.61113393,-82.53305,37021.0,176.49919024774974,7.592190889370933,426,456,34,0,422,449,259103,5,1,0,4,7
2020-06-16,US,North Carolina,Burke,775,18,0,35.74989637,-81.70755735,37023.0,856.4955517489087,2.3225806451612905,757,775,18,0,757,775,90382,0,0,0,0,0
2020-06-16,US,North Carolina,Cabarrus,729,25,0,35.3877799,-80.55267168,37025.0,336.7936688334188,3.4293552812071337,704,716,25,0,691,711,211342,13,0,0,13,5
2020-06-16,US,North Carolina,Caldwell,252,4,0,35.95204977,-81.54799522,37027.0,306.65141522061873,1.5873015873015872,248,249,3,0,246,248,82029,3,1,0,2,1
2020-06-16,US,North Carolina,Camden,7,0,0,36.33804939,-76.15568396,37029.0,64.41520198766909,0.0,7,6,0,0,6,6,10710,1,0,0,1,0
2020-06-16,US,North Carolina,Carteret,48,3,0,34.8932941,-76.54120135,37031.0,69.09158953838181,6.25,45,47,3,0,44,46,69524,1,0,0,1,1
2020-06-16,US,North Carolina,Caswell,104,1,0,36.39312665,-79.33353281,37033.0,460.095558308264,0.9615384615384616,103,103,1,0,102,102,22698,1,0,0,1,1
2020-06-16,US,North Carolina,Catawba,452,11,0,35.66211129,-81.2132617,37035.0,283.2949965841643,2.433628318584071,441,435,11,0,424,417,158652,17,0,0,17,18
2020-06-16,US,North Carolina,Chatham,813,39,0,35.70394416,-79.25541492,37037.0,1091.7147844769706,4.7970479704797055,774,808,37,0,771,808,73139,5,2,0,3,0
2020-06-16,US,North Carolina,Cherokee,30,1,0,35.1349263,-84.05970864,37039.0,104.85111142178108,3.333333333333333,29,30,1,0,29,30,28383,0,0,0,0,0
2020-06-16,US,North Carolina,Chowan,19,0,0,36.12908077,-76.60118385,37041.0,136.26909560352863,0.0,19,19,0,0,19,19,14029,0,0,0,0,0
2020-06-16,US,North Carolina,Clay,9,0,0,35.05704275,-83.74353633,37043.0,80.135339684801,0.0,9,9,0,0,9,9,11139,0,0,0,0,0
2020-06-16,US,North Carolina,Cleveland,164,2,0,35.33553364,-81.55204486,37045.0,167.43749170469744,1.2195121951219512,162,159,2,0,157,159,97645,5,0,0,5,0
2020-06-16,US,North Carolina,Columbus,429,33,0,34.26744084,-78.65801424,37047.0,772.861569503495,7.6923076923076925,396,427,31,0,396,419,55655,2,2,0,0,8
2020-06-16,US,North Carolina,Craven,276,5,0,35.11833364,-77.08398081,37049.0,270.2199943214639,1.8115942028985508,271,276,5,0,271,264,102912,0,0,0,0,12
2020-06-16,US,North Carolina,Cumberland,904,30,0,35.04762133,-78.82623165,37051.0,269.4413562676411,3.31858407079646,874,895,30,0,865,888,332330,9,0,0,9,7
2020-06-16,US,North Carolina,Currituck,16,0,0,36.36123664,-75.95876401,37053.0,57.630659510859786,0.0,16,16,0,0,16,16,27072,0,0,0,0,0
2020-06-16,US,North Carolina,Dare,25,1,0,35.66520691,-75.71767334,37055.0,67.55113621011104,4.0,24,25,1,0,24,25,36501,0,0,0,0,0
2020-06-16,US,North Carolina,Davidson,664,15,0,35.79115496,-80.21256572,37057.0,396.1601107339105,2.2590361445783134,649,655,14,0,641,643,166614,9,1,0,8,12
2020-06-16,US,North Carolina,Davie,144,2,0,35.93099927,-80.54496571,37059.0,336.08738271950705,1.3888888888888888,142,142,2,0,140,139,42733,2,0,0,2,3
2020-06-16,US,North Carolina,Duplin,1228,20,0,34.93449805,-77.93140529,37061.0,2090.533017824007,1.6286644951140066,1208,1213,20,0,1193,1182,58856,15,0,0,15,31
2020-06-16,US,North Carolina,Durham,2800,56,0,36.03638492,-78.87608331,37063.0,870.9500821181506,2.0,2744,2712,56,0,2656,2662,316739,88,0,0,88,50
2020-06-16,US,North Carolina,Edgecombe,254,9,0,35.91230639,-77.59436892,37065.0,493.4721790488032,3.543307086614173,245,253,9,0,244,253,52005,1,0,0,1,0
2020-06-16,US,North Carolina,Forsyth,2283,25,0,36.12859861,-80.25459052,37067.0,597.1828038556613,1.0950503723171263,2258,2250,25,0,2225,2204,379099,33,0,0,33,46
2020-06-16,US,North Carolina,Franklin,232,22,0,36.081519,-78.28708884,37069.0,332.9267417665208,9.482758620689657,210,231,22,0,209,230,67560,1,0,0,1,1
2020-06-16,US,North Carolina,Gaston,549,8,0,35.29373559,-81.17477045,37071.0,244.5118447951044,1.4571948998178506,541,525,8,0,517,515,222846,24,0,0,24,10
2020-06-16,US,North Carolina,Gates,25,2,0,36.44667547,-76.69749701,37073.0,216.22556651098427,8.0,23,24,1,0,23,24,11573,1,1,0,0,0
2020-06-16,US,North Carolina,Graham,6,0,0,35.3506925,-83.83369267,37075.0,71.08162539983414,0.0,6,6,0,0,6,6,8484,0,0,0,0,0
2020-06-16,US,North Carolina,Granville,688,16,0,36.30337451,-78.65184241,37077.0,1138.2624952434523,2.3255813953488373,672,680,15,0,665,668,60115,8,1,0,7,12
2020-06-16,US,North Carolina,Greene,124,2,0,35.48544173,-77.67578087,37079.0,588.5424082775643,1.6129032258064515,122,122,2,0,120,118,21012,2,0,0,2,4
2020-06-16,US,North Carolina,Guilford,2103,95,0,36.07959451,-79.78824948,37081.0,391.49325916742066,4.51735615786971,2008,2061,91,0,1970,2032,533670,42,4,0,38,29
2020-06-16,US,North Carolina,Halifax,241,3,0,36.25669272,-77.6556109,37083.0,481.9036192761448,1.2448132780082988,238,239,2,0,237,239,50574,2,1,0,1,0
2020-06-16,US,North Carolina,Harnett,417,30,0,35.36731853,-78.87243571,37085.0,306.6717656056951,7.1942446043165456,387,411,30,0,381,408,134214,6,0,0,6,3
2020-06-16,US,North Carolina,Haywood,65,0,0,35.55269063,-82.98196486,37087.0,104.3054062294398,0.0,65,65,0,0,65,65,61971,0,0,0,0,0
2020-06-16,US,North Carolina,Henderson,459,48,0,35.33788927,-82.4766782,37089.0,390.91443317407186,10.45751633986928,411,448,48,0,400,442,116748,11,0,0,11,6
2020-06-16,US,North Carolina,Hertford,152,7,0,36.3607755,-76.98104134,37091.0,641.9732229589897,4.605263157894737,145,151,7,0,144,150,23659,1,0,0,1,1
2020-06-16,US,North Carolina,Hoke,303,2,0,35.01888303,-79.23651674,37093.0,548.5751529854799,0.6600660066006601,301,300,1,0,299,299,54764,3,1,0,2,1
2020-06-16,US,North Carolina,Hyde,3,0,0,35.42017674,-76.15180542,37095.0,60.76564715414219,0.0,3,3,0,0,3,3,5230,0,0,0,0,0
2020-06-16,US,North Carolina,Iredell,454,6,0,35.80950511,-80.8743128,37097.0,249.7167310209784,1.3215859030837005,448,446,6,0,440,441,178435,8,0,0,8,5
2020-06-16,US,North Carolina,Jackson,59,1,0,35.28814273,-83.14093385,37099.0,134.28012199007694,1.6949152542372878,58,59,1,0,58,59,43327,0,0,0,0,0
2020-06-16,US,North Carolina,Johnston,903,25,0,35.51745004,-78.36622717,37101.0,431.35774986982835,2.768549280177187,878,875,25,0,850,849,202675,28,0,0,28,26
2020-06-16,US,North Carolina,Jones,28,3,0,35.02254606,-77.35870791,37103.0,297.271472555473,10.714285714285714,25,28,3,0,25,28,9637,0,0,0,0,0
2020-06-16,US,North Carolina,Lee,604,6,0,35.47623147,-79.17569362,37105.0,977.6784991663834,0.9933774834437086,598,596,5,0,591,590,61452,8,1,0,7,6
2020-06-16,US,North Carolina,Lenoir,303,10,0,35.24032589999999,-77.64245615,37107.0,541.5646392250085,3.3003300330033003,293,298,8,0,290,291,55976,5,2,0,3,7
2020-06-16,US,North Carolina,Lincoln,148,0,0,35.48508185,-81.21740317,37109.0,171.87118951121224,0.0,148,140,0,0,140,138,83770,8,0,0,8,2
2020-06-16,US,North Carolina,Macon,237,1,0,35.14867843,-83.41696617,37113.0,660.9403759272686,0.4219409282700422,236,231,1,0,230,217,35285,6,0,0,6,14
2020-06-16,US,North Carolina,Madison,5,0,0,35.85402722,-82.71346418,37115.0,22.983222247759137,0.0,5,5,0,0,5,5,21763,0,0,0,0,0
2020-06-16,US,North Carolina,Martin,101,4,0,35.84326734,-77.10860251,37117.0,450.0891265597148,3.96039603960396,97,100,4,0,96,96,22671,1,0,0,1,4
2020-06-16,US,North Carolina,McDowell,163,1,0,35.67736232,-82.0482425,37111.0,356.23743334207535,0.6134969325153374,162,159,1,0,158,151,45507,4,0,0,4,8
2020-06-16,US,North Carolina,Mecklenburg,7468,129,0,35.24469268,-80.8317671,37119.0,672.5770833858692,1.7273701124799143,7339,7321,124,0,7197,7131,1093901,147,5,0,142,190
2020-06-16,US,North Carolina,Mitchell,18,0,0,36.01059309,-82.1582442,37121.0,120.28869286287089,0.0,18,17,0,0,17,17,15000,1,0,0,1,0
2020-06-16,US,North Carolina,Montgomery,211,5,0,35.33155144,-79.90416657,37123.0,776.5060906046443,2.3696682464454977,206,210,5,0,205,205,27271,1,0,0,1,5
2020-06-16,US,North Carolina,Moore,319,11,0,35.30885257,-79.48474178,37125.0,316.2172878667724,3.4482758620689653,308,318,11,0,307,317,98682,1,0,0,1,1
2020-06-16,US,North Carolina,Nash,294,4,0,35.96575634,-77.98422508,37127.0,311.77755625782095,1.3605442176870748,290,292,4,0,288,282,94016,2,0,0,2,10
2020-06-16,US,North Carolina,New Hanover,413,5,0,34.25758282,-77.87075626,37129.0,176.13968346035577,1.2106537530266344,408,385,5,0,380,356,232274,28,0,0,28,29
2020-06-16,US,North Carolina,Northampton,171,15,0,36.41736238,-77.39769443,37131.0,877.6882410306421,8.771929824561402,156,170,14,0,156,170,19676,1,1,0,0,0
2020-06-16,US,North Carolina,Onslow,166,3,0,34.72607366,-77.42908179,37133.0,83.8646444846366,1.8072289156626504,163,160,3,0,157,159,197683,6,0,0,6,1
2020-06-16,US,North Carolina,Orange,479,40,0,36.06092947,-79.12167935,37135.0,322.61106172041275,8.350730688935283,439,478,40,0,438,474,146027,1,0,0,1,4
2020-06-16,US,North Carolina,Pamlico,15,0,0,35.15253315,-76.66559823,37137.0,117.86892975011787,0.0,15,15,0,0,15,15,12670,0,0,0,0,0
2020-06-16,US,North Carolina,Pasquotank,131,14,0,36.26723798,-76.25134778,37139.0,328.9473684210526,10.687022900763358,117,131,14,0,117,131,39639,0,0,0,0,0
2020-06-16,US,North Carolina,Pender,143,1,0,34.52265624,-77.90352133,37141.0,226.76815731049797,0.6993006993006993,142,143,1,0,142,140,62162,0,0,0,0,3
2020-06-16,US,North Carolina,Perquimans,30,2,0,36.17847453,-76.40603143,37143.0,222.83294956547576,6.666666666666668,28,29,2,0,27,29,13422,1,0,0,1,0
2020-06-16,US,North Carolina,Person,82,1,0,36.38989032,-78.97217358,37145.0,207.64750569764496,1.2195121951219512,81,79,1,0,78,79,39507,3,0,0,3,0
2020-06-16,US,North Carolina,Pitt,500,2,0,35.59535426,-77.37353178,37147.0,276.6374168704562,0.4,498,493,2,0,491,481,179914,7,0,0,7,12
2020-06-16,US,North Carolina,Polk,55,4,0,35.27820615,-82.16812354,37149.0,265.3927813163482,7.272727272727272,51,55,4,0,51,55,20611,0,0,0,0,0
2020-06-16,US,North Carolina,Randolph,947,20,0,35.71015088,-79.80570339,37151.0,659.163203797671,2.1119324181626187,927,927,18,0,909,921,143351,20,2,0,18,6
2020-06-16,US,North Carolina,Richmond,215,5,0,35.00417719,-79.74491009,37153.0,479.60025876106977,2.3255813953488373,210,211,5,0,206,209,44887,4,0,0,4,2
2020-06-16,US,North Carolina,Robeson,1040,26,0,34.64244496,-79.10250529999998,37155.0,796.1722488038279,2.5,1014,1040,26,0,1014,1040,131831,0,0,0,0,0
2020-06-16,US,North Carolina,Rockingham,141,2,0,36.39593137,-79.77504841,37157.0,154.9280298868256,1.4184397163120568,139,137,2,0,135,135,90690,4,0,0,4,2
2020-06-16,US,North Carolina,Rowan,921,39,0,35.64003916,-80.52446628,37159.0,648.1898541748775,4.234527687296417,882,901,39,0,862,888,141262,20,0,0,20,13
2020-06-16,US,North Carolina,Rutherford,226,7,0,35.40114178,-81.92112099,37161.0,337.16749466648764,3.0973451327433628,219,226,7,0,219,226,66826,0,0,0,0,0
2020-06-16,US,North Carolina,Sampson,783,4,0,34.98820368,-78.36914061,37163.0,1232.4691882702932,0.5108556832694764,779,779,4,0,775,760,63626,4,0,0,4,19
2020-06-16,US,North Carolina,Scotland,114,1,0,34.8386299,-79.4757978,37165.0,327.36984177124316,0.8771929824561403,113,111,1,0,110,107,34810,3,0,0,3,4
2020-06-16,US,North Carolina,Stanly,167,5,0,35.31647813,-80.25093221,37167.0,265.8981625959304,2.9940119760479043,162,164,5,0,159,163,62075,3,0,0,3,1
2020-06-16,US,North Carolina,Stokes,95,0,0,36.4017975,-80.23893369,37169.0,208.37445987146583,0.0,95,95,0,0,95,94,45467,0,0,0,0,1
2020-06-16,US,North Carolina,Surry,342,2,0,36.41689489,-80.69102283,37171.0,476.4359249404455,0.5847953216374269,340,339,2,0,337,333,71948,3,0,0,3,6
2020-06-16,US,North Carolina,Swain,39,0,0,35.48665845,-83.48748932,37173.0,273.28147992432207,0.0,39,39,0,0,39,39,14245,0,0,0,0,0
2020-06-16,US,North Carolina,Transylvania,17,1,0,35.20383864,-82.79638423,37175.0,49.44016286171296,5.882352941176472,16,17,1,0,16,17,34215,0,0,0,0,0
2020-06-16,US,North Carolina,Tyrrell,5,0,0,35.87147226,-76.17055253,37177.0,124.5019920318725,0.0,5,5,0,0,5,5,4131,0,0,0,0,0
2020-06-16,US,North Carolina,Union,758,22,0,34.98960527,-80.52955873,37179.0,316.01899449259776,2.9023746701846966,736,733,22,0,711,717,235908,25,0,0,25,16
2020-06-16,US,North Carolina,Vance,417,32,0,36.36880673,-78.40670845,37181.0,936.3422027618727,7.673860911270983,385,417,32,0,385,417,44582,0,0,0,0,0
2020-06-16,US,North Carolina,Wake,3163,43,0,35.78879266,-78.65249174,37183.0,284.5035938479583,1.3594688586784698,3120,3099,42,0,3057,3011,1092305,64,1,0,63,88
2020-06-16,US,North Carolina,Warren,136,2,0,36.39728256,-78.10652228,37185.0,689.2706907911409,1.4705882352941178,134,133,2,0,131,133,19807,3,0,0,3,0
2020-06-16,US,North Carolina,Washington,35,3,0,35.83810081,-76.57299037,37187.0,302.24525043177886,8.571428571428571,32,35,3,0,32,35,11859,0,0,0,0,0
2020-06-16,US,North Carolina,Watauga,44,0,0,36.23103603,-81.70033724,37189.0,78.32386919913844,0.0,44,44,0,0,44,43,55945,0,0,0,0,1
2020-06-16,US,North Carolina,Wayne,1535,22,0,35.36438125,-78.00027268,37191.0,1246.6397576564798,1.4332247557003257,1513,1533,22,0,1511,1512,123248,2,0,0,2,21
2020-06-16,US,North Carolina,Wilkes,547,6,0,36.2084135,-81.16232895,37193.0,799.5673273694673,1.0968921389396709,541,544,6,0,538,542,68557,3,0,0,3,2
2020-06-16,US,North Carolina,Wilson,524,15,0,35.70625477,-77.917978,37195.0,640.5789660273102,2.862595419847328,509,518,13,0,505,507,81455,6,2,0,4,11
2020-06-16,US,North Carolina,Yadkin,251,4,0,36.16222629,-80.66239436,37197.0,666.3657843735896,1.593625498007968,247,248,4,0,244,239,37543,3,0,0,3,9
2020-06-16,US,North Carolina,Yancey,29,0,0,35.90079156,-82.31237181,37199.0,160.49587691626542,0.0,29,27,0,0,27,26,17903,2,0,0,2,1
2020-06-16,US,North Dakota,Barnes,9,0,0,46.93579637,-98.06605978,38003.0,86.41382621219395,0.0,9,9,0,0,9,9,10542,0,0,0,0,0
2020-06-16,US,North Dakota,Benson,3,0,0,48.0683985,-99.35916363,38005.0,43.911007025761116,0.0,3,3,0,0,3,3,6962,0,0,0,0,0
2020-06-16,US,North Dakota,Bottineau,4,0,0,48.79106111,-100.8378166,38009.0,63.673989175421845,0.0,4,4,0,0,4,4,6411,0,0,0,0,0
2020-06-16,US,North Dakota,Bowman,1,0,0,46.11285362,-103.5203343,38011.0,33.06878306878307,0.0,1,1,0,0,1,1,3076,0,0,0,0,0
2020-06-16,US,North Dakota,Burke,5,0,0,48.79094471,-102.51821170000001,38013.0,236.40661938534282,0.0,5,5,0,0,5,5,2100,0,0,0,0,0
2020-06-16,US,North Dakota,Burleigh,176,0,0,46.97847375,-100.46452140000001,38015.0,184.05036287202225,0.0,176,167,0,0,167,165,95273,9,0,0,9,2
2020-06-16,US,North Dakota,Cass,2067,62,0,46.93201724,-97.24447190000001,38017.0,1136.1949835919593,2.999516207063377,2005,2058,62,0,1996,2044,181516,9,0,0,9,14
2020-06-16,US,North Dakota,Dickey,3,0,0,46.11017712,-98.50490079999999,38021.0,61.57635467980296,0.0,3,3,0,0,3,3,4903,0,0,0,0,0
2020-06-16,US,North Dakota,Divide,1,0,0,48.814938700000006,-103.48736109999999,38023.0,44.16961130742049,0.0,1,1,0,0,1,1,2283,0,0,0,0,0
2020-06-16,US,North Dakota,Dunn,11,0,0,47.35423935,-102.61604679999999,38025.0,248.64376130198917,0.0,11,11,0,0,11,11,4332,0,0,0,0,0
2020-06-16,US,North Dakota,Eddy,5,0,0,47.71701474,-98.90432337,38027.0,218.62702229995628,0.0,5,5,0,0,5,5,2313,0,0,0,0,0
2020-06-16,US,North Dakota,Emmons,4,1,0,46.28398398,-100.2389766,38029.0,123.41869793273679,25.0,3,4,1,0,3,4,3295,0,0,0,0,0
2020-06-16,US,North Dakota,Foster,1,0,0,47.457108399999996,-98.88279923,38031.0,31.152647975077887,0.0,1,1,0,0,1,1,3216,0,0,0,0,0
2020-06-16,US,North Dakota,Grand Forks,346,4,0,47.92093639,-97.45450447,38035.0,498.192970583577,1.1560693641618498,342,345,4,0,341,343,70770,1,0,0,1,2
2020-06-16,US,North Dakota,Grant,2,0,0,46.35821257,-101.63900129999999,38037.0,87.95074758135445,0.0,2,2,0,0,2,2,2374,0,0,0,0,0
2020-06-16,US,North Dakota,Griggs,1,0,0,47.45785838,-98.23850925,38039.0,44.822949350067226,0.0,1,1,0,0,1,1,2232,0,0,0,0,0
2020-06-16,US,North Dakota,Kidder,2,0,0,46.97830064,-99.77507857,38043.0,80.64516129032258,0.0,2,2,0,0,2,2,2450,0,0,0,0,0
2020-06-16,US,North Dakota,LaMoure,10,0,0,46.45681054,-98.53542355,38045.0,247.15768660405342,0.0,10,10,0,0,10,10,4062,0,0,0,0,0
2020-06-16,US,North Dakota,McHenry,2,1,0,48.23104458,-100.6324822,38049.0,34.81288076588338,50.0,1,2,1,0,1,2,5816,0,0,0,0,0
2020-06-16,US,North Dakota,McIntosh,1,0,0,46.11182017,-99.44145858,38051.0,40.04805766920305,0.0,1,1,0,0,1,1,2585,0,0,0,0,0
2020-06-16,US,North Dakota,McKenzie,21,0,0,47.74133370000001,-103.395905,38053.0,139.77635782747603,0.0,21,21,0,0,21,21,13632,0,0,0,0,0
2020-06-16,US,North Dakota,McLean,11,0,0,47.60766714,-101.3182418,38055.0,116.40211640211642,0.0,11,10,0,0,10,10,9541,1,0,0,1,0
2020-06-16,US,North Dakota,Mercer,6,0,0,47.31213126,-101.8318399,38057.0,73.28691828508613,0.0,6,6,0,0,6,6,8267,0,0,0,0,0
2020-06-16,US,North Dakota,Morton,68,2,0,46.71681782,-101.2822377,38059.0,216.80908047442932,2.9411764705882355,66,67,2,0,65,65,31095,1,0,0,1,2
2020-06-16,US,North Dakota,Mountrail,43,0,0,48.20197971,-102.3555315,38061.0,407.77619724988153,0.0,43,43,0,0,43,43,10218,0,0,0,0,0
2020-06-16,US,North Dakota,Nelson,1,0,0,47.9226426,-98.19038437,38063.0,34.734282737061484,0.0,1,1,0,0,1,1,2869,0,0,0,0,0
2020-06-16,US,North Dakota,Oliver,1,0,0,47.11530482,-101.3406158,38065.0,51.046452271567134,0.0,1,1,0,0,1,1,1952,0,0,0,0,0
2020-06-16,US,North Dakota,Pembina,7,0,0,48.76623521,-97.5523809,38067.0,102.92604028819292,0.0,7,7,0,0,7,7,6947,0,0,0,0,0
2020-06-16,US,North Dakota,Pierce,3,0,0,48.24977025,-99.96407787,38069.0,75.47169811320755,0.0,3,3,0,0,3,3,4081,0,0,0,0,0
2020-06-16,US,North Dakota,Ramsey,8,1,0,48.26886249,-98.72223879,38071.0,69.4504731313482,12.5,7,8,1,0,7,8,11481,0,0,0,0,0
2020-06-16,US,North Dakota,Ransom,13,0,0,46.45621782,-97.65742504,38073.0,249.13760061326175,0.0,13,12,0,0,12,12,5237,1,0,0,1,0
2020-06-16,US,North Dakota,Renville,3,0,0,48.71982533,-101.6603912,38075.0,128.92135797163732,0.0,3,3,0,0,3,3,2374,0,0,0,0,0
2020-06-16,US,North Dakota,Richland,37,0,0,46.26440649,-96.94852979,38077.0,228.719787352414,0.0,37,37,0,0,37,37,16239,0,0,0,0,0
2020-06-16,US,North Dakota,Rolette,7,0,0,48.77245354,-99.84097493,38079.0,49.37923250564334,0.0,7,7,0,0,7,7,14301,0,0,0,0,0
2020-06-16,US,North Dakota,Sargent,4,0,0,46.10830372,-97.63217159,38081.0,102.6167265264238,0.0,4,4,0,0,4,4,3870,0,0,0,0,0
2020-06-16,US,North Dakota,Sheridan,1,0,0,47.57700669,-100.3426391,38083.0,76.04562737642586,0.0,1,1,0,0,1,1,1349,0,0,0,0,0
2020-06-16,US,North Dakota,Sioux,4,0,0,46.11323337,-101.04401490000001,38085.0,94.56264775413712,0.0,4,4,0,0,4,3,4358,0,0,0,0,1
2020-06-16,US,North Dakota,Slope,3,0,0,46.44737738,-103.4601547,38087.0,400.0,0.0,3,3,0,0,3,3,763,0,0,0,0,0
2020-06-16,US,North Dakota,Stark,63,2,0,46.80851182,-102.65763259999999,38089.0,200.06986566737592,3.1746031746031744,61,63,2,0,61,63,30997,0,0,0,0,0
2020-06-16,US,North Dakota,Steele,1,0,0,47.45611548,-97.72728747,38091.0,52.91005291005291,0.0,1,1,0,0,1,1,1903,0,0,0,0,0
2020-06-16,US,North Dakota,Stutsman,52,0,0,46.97962541,-98.95637318,38093.0,251.15919629057186,0.0,52,52,0,0,52,52,20917,0,0,0,0,0
2020-06-16,US,North Dakota,Traill,15,0,0,47.45367788,-97.16323288,38097.0,186.66002986560483,0.0,15,15,0,0,15,15,8037,0,0,0,0,0
2020-06-16,US,North Dakota,Walsh,17,0,0,48.36876964,-97.72574783,38099.0,159.7594211070388,0.0,17,16,0,0,16,16,10667,1,0,0,1,0
2020-06-16,US,North Dakota,Ward,47,1,0,48.22390169,-101.54367629999999,38101.0,69.48448426250351,2.127659574468085,46,47,1,0,46,47,67744,0,0,0,0,0
2020-06-16,US,North Dakota,Wells,8,0,0,47.58614526,-99.65904998,38103.0,208.65936358894103,0.0,8,8,0,0,8,8,3957,0,0,0,0,0
2020-06-16,US,North Dakota,Williams,26,0,0,48.34522353,-103.4793387,38105.0,69.16917183218493,0.0,26,26,0,0,26,26,35350,0,0,0,0,0
2020-06-16,US,Ohio,Adams,17,1,0,38.84541072,-83.4718964,39001.0,61.37627265506536,5.882352941176472,16,15,1,0,14,15,27724,2,0,0,2,0
2020-06-16,US,Ohio,Allen,241,36,0,40.77285242,-84.10802343,39003.0,235.46423581596662,14.937759336099587,205,241,36,0,205,240,102663,0,0,0,0,1
2020-06-16,US,Ohio,Ashland,29,0,0,40.84772277,-82.27280781,39005.0,54.221823349038964,0.0,29,28,0,0,28,28,53745,1,0,0,1,0
2020-06-16,US,Ohio,Ashtabula,392,41,0,41.70860332,-80.74830218,39007.0,403.12213983813416,10.459183673469388,351,390,39,0,351,385,97493,2,2,0,0,5
2020-06-16,US,Ohio,Athens,23,1,0,39.33425634,-82.04278644,39009.0,35.207494604068756,4.3478260869565215,22,23,1,0,22,23,65818,0,0,0,0,0
2020-06-16,US,Ohio,Auglaize,86,3,0,40.55998859,-84.22421429999999,39011.0,188.36516558612232,3.4883720930232562,83,85,3,0,82,85,45804,1,0,0,1,0
2020-06-16,US,Ohio,Belmont,469,21,0,40.01625942,-80.9924051,39013.0,699.9373190460556,4.477611940298506,448,469,20,0,449,467,67505,0,1,0,-1,2
2020-06-16,US,Ohio,Brown,38,1,0,38.93416837,-83.86788395,39015.0,87.49309265058021,2.631578947368421,37,38,1,0,37,39,43602,0,0,0,0,-1
2020-06-16,US,Ohio,Butler,1120,35,0,39.44012838,-84.57388716,39017.0,292.3259225231904,3.125,1085,1103,34,0,1069,1090,382378,17,1,0,16,13
2020-06-16,US,Ohio,Carroll,37,3,0,40.578968599999996,-81.09178213,39019.0,137.4749201159248,8.108108108108109,34,37,3,0,34,37,27081,0,0,0,0,0
2020-06-16,US,Ohio,Champaign,36,1,0,40.13923427,-83.76875242,39021.0,92.58068664009258,2.7777777777777777,35,35,1,0,34,34,38754,1,0,0,1,1
2020-06-16,US,Ohio,Clark,460,8,0,39.91592258,-83.78498252,39023.0,343.07108283675035,1.7391304347826086,452,425,8,0,417,409,134585,35,0,0,35,16
2020-06-16,US,Ohio,Clermont,244,6,0,39.04847534,-84.15375786,39025.0,118.20101924157578,2.459016393442623,238,240,6,0,234,238,205466,4,0,0,4,2
2020-06-16,US,Ohio,Clinton,54,1,0,39.41485808,-83.80852286,39027.0,128.66946244757912,1.851851851851852,53,54,1,0,53,53,42057,0,0,0,0,1
2020-06-16,US,Ohio,Columbiana,921,57,0,40.76932373,-80.78094576,39029.0,903.9780925178882,6.188925081433225,864,920,57,0,863,917,102665,1,0,0,1,3
2020-06-16,US,Ohio,Coshocton,52,0,0,40.30096166,-81.91729018,39031.0,142.07650273224044,0.0,52,51,0,0,51,51,36629,1,0,0,1,0
2020-06-16,US,Ohio,Crawford,123,5,0,40.85065156,-82.91989099,39033.0,296.42839928664387,4.0650406504065035,118,123,5,0,118,122,41550,0,0,0,0,1
2020-06-16,US,Ohio,Cuyahoga,5271,318,0,41.424119,-81.65918339,39035.0,426.7767385221266,6.033010813887308,4953,5220,315,0,4905,5175,1243857,51,3,0,48,45
2020-06-16,US,Ohio,Darke,222,25,0,40.13412966,-84.6194517,39037.0,434.331774695283,11.26126126126126,197,222,25,0,197,222,51323,0,0,0,0,0
2020-06-16,US,Ohio,Defiance,40,2,0,41.32398837,-84.49076944,39039.0,105.02271116128864,5.0,38,40,2,0,38,40,38165,0,0,0,0,0
2020-06-16,US,Ohio,Delaware,403,15,0,40.27942393,-83.00457058,39041.0,192.65980485426215,3.7220843672456576,388,402,15,0,387,398,204826,1,0,0,1,4
2020-06-16,US,Ohio,Erie,215,20,0,41.36796058,-82.62904521,39043.0,289.4999057442168,9.30232558139535,195,213,20,0,193,210,74615,2,0,0,2,3
2020-06-16,US,Ohio,Fairfield,374,10,0,39.75107189,-82.63088163,39045.0,237.3488011981672,2.6737967914438503,364,370,10,0,360,364,155782,4,0,0,4,6
2020-06-16,US,Ohio,Fayette,45,0,0,39.56021306,-83.4562016,39047.0,157.75635407537246,0.0,45,45,0,0,45,45,28666,0,0,0,0,0
2020-06-16,US,Ohio,Franklin,7289,334,0,39.96995815,-83.01115755,39049.0,553.5573788917611,4.58224722184113,6955,7202,332,0,6870,7076,1310300,87,2,0,85,126
2020-06-16,US,Ohio,Fulton,53,0,0,41.60213491,-84.12571393,39051.0,125.8130370792385,0.0,53,53,0,0,53,53,42276,0,0,0,0,0
2020-06-16,US,Ohio,Gallia,9,1,0,38.82708533,-82.31647569,39053.0,30.102347983142685,11.111111111111109,8,9,1,0,8,9,29979,0,0,0,0,0
2020-06-16,US,Ohio,Geauga,342,36,0,41.49952319,-81.17935342,39055.0,365.1934350607053,10.526315789473683,306,337,35,0,302,334,94031,5,1,0,4,3
2020-06-16,US,Ohio,Greene,151,6,0,39.69116283,-83.89032084,39057.0,89.38243250442474,3.9735099337748334,145,143,6,0,137,135,167995,8,0,0,8,8
2020-06-16,US,Ohio,Guernsey,44,3,0,40.05026529,-81.49248905,39059.0,113.18327974276528,6.8181818181818175,41,44,3,0,41,44,39022,0,0,0,0,0
2020-06-16,US,Ohio,Hamilton,3316,181,0,39.19673558,-84.54502924,39061.0,405.640308609581,5.4583835946924015,3135,3250,179,0,3071,3185,816684,66,2,0,64,65
2020-06-16,US,Ohio,Hancock,61,1,0,41.00250487,-83.66838948,39063.0,80.49298655371256,1.639344262295082,60,61,1,0,60,61,75930,0,0,0,0,0
2020-06-16,US,Ohio,Hardin,94,4,0,40.66015414,-83.65929931,39065.0,299.697114618205,4.25531914893617,90,93,4,0,89,93,31480,1,0,0,1,0
2020-06-16,US,Ohio,Harrison,11,0,0,40.29380509,-81.09068544,39067.0,73.13829787234044,0.0,11,10,0,0,10,10,15174,1,0,0,1,0
2020-06-16,US,Ohio,Henry,20,0,0,41.333964200000004,-84.06830637,39069.0,74.05761682589055,0.0,20,20,0,0,20,20,27086,0,0,0,0,0
2020-06-16,US,Ohio,Highland,34,1,0,39.1839264,-83.60331456,39071.0,78.77481986052223,2.9411764705882355,33,34,1,0,33,34,43058,0,0,0,0,0
2020-06-16,US,Ohio,Hocking,73,7,0,39.49537927,-82.47991446,39073.0,258.2790829323521,9.58904109589041,66,73,7,0,66,73,28385,0,0,0,0,0
2020-06-16,US,Ohio,Holmes,92,3,0,40.56163713,-81.92635677,39075.0,209.2811646951774,3.260869565217391,89,90,3,0,87,87,43892,2,0,0,2,3
2020-06-16,US,Ohio,Huron,79,1,0,41.14651175,-82.59867951,39077.0,135.5850753441115,1.2658227848101269,78,77,1,0,76,77,58504,2,0,0,2,0
2020-06-16,US,Ohio,Jackson,16,0,0,39.01914254,-82.61818559999998,39079.0,49.362909943541176,0.0,16,16,0,0,16,16,32384,0,0,0,0,0
2020-06-16,US,Ohio,Jefferson,71,2,0,40.38614126,-80.76259514,39081.0,108.68733256792959,2.8169014084507036,69,71,2,0,69,70,65767,0,0,0,0,1
2020-06-16,US,Ohio,Knox,33,1,0,40.39830217,-82.42027563,39083.0,52.95080388947722,3.0303030303030303,32,32,1,0,31,31,61893,1,0,0,1,1
2020-06-16,US,Ohio,Lake,350,12,0,41.69710807,-81.23676539,39085.0,152.07539463564908,3.4285714285714284,338,348,12,0,336,347,230514,2,0,0,2,1
2020-06-16,US,Ohio,Lawrence,35,1,0,38.59743452,-82.53466552,39087.0,58.86013151035098,2.8571428571428568,34,34,1,0,33,32,59866,1,0,0,1,2
2020-06-16,US,Ohio,Licking,317,11,0,40.09136236,-82.48185785,39089.0,179.23578835476246,3.470031545741325,306,314,11,0,303,312,175769,3,0,0,3,2
2020-06-16,US,Ohio,Logan,48,0,0,40.38996525,-83.76784341,39091.0,105.09721492380451,0.0,48,48,0,0,48,48,45358,0,0,0,0,0
2020-06-16,US,Ohio,Lorain,807,63,0,41.29553751,-82.15083537,39093.0,260.4628945270517,7.806691449814126,744,804,62,0,742,794,309461,3,1,0,2,10
2020-06-16,US,Ohio,Lucas,2460,286,0,41.62101218,-83.65468618,39095.0,574.2994014212743,11.6260162601626,2174,2457,282,0,2175,2428,429899,3,4,0,-1,29
2020-06-16,US,Ohio,Madison,168,7,0,39.89381073,-83.40178317,39097.0,375.5784578927366,4.166666666666667,161,168,7,0,161,168,44413,0,0,0,0,0
2020-06-16,US,Ohio,Mahoning,1607,218,0,41.01631101,-80.77287029,39099.0,702.7194850513594,13.565650280024894,1389,1600,216,0,1384,1595,229642,7,2,0,5,5
2020-06-16,US,Ohio,Marion,2712,33,0,40.58610662,-83.15736305,39101.0,4166.346611770851,1.2168141592920354,2679,2706,33,0,2673,2706,65256,6,0,0,6,0
2020-06-16,US,Ohio,Medina,400,30,0,41.11770589,-81.89986209999998,39103.0,222.53624559100064,7.5,370,398,30,0,368,397,179146,2,0,0,2,1
2020-06-16,US,Ohio,Meigs,7,0,0,39.09224872,-82.0305041,39105.0,30.558344610817645,0.0,7,6,0,0,6,6,23106,1,0,0,1,0
2020-06-16,US,Ohio,Mercer,247,8,0,40.54043046,-84.62912742,39107.0,599.9222772758185,3.238866396761133,239,246,8,0,238,245,40959,1,0,0,1,1
2020-06-16,US,Ohio,Miami,388,30,0,40.0543329,-84.22871271,39109.0,362.66088403263944,7.731958762886598,358,388,30,0,358,386,106222,0,0,0,0,2
2020-06-16,US,Ohio,Monroe,82,15,0,39.72984936,-81.08464734,39111.0,600.5566134466089,18.29268292682927,67,82,15,0,67,82,13790,0,0,0,0,0
2020-06-16,US,Ohio,Montgomery,1026,17,0,39.75394919,-84.29050975,39113.0,192.97067635657825,1.6569200779727096,1009,992,17,0,975,969,532331,34,0,0,34,23
2020-06-16,US,Ohio,Morgan,6,0,0,39.62081738,-81.85308173,39115.0,41.356492969396186,0.0,6,6,0,0,6,6,14604,0,0,0,0,0
2020-06-16,US,Ohio,Morrow,110,1,0,40.52363560000001,-82.7892599,39117.0,311.3677536231884,0.9090909090909092,109,110,1,0,109,110,35112,0,0,0,0,0
2020-06-16,US,Ohio,Muskingum,58,1,0,39.96575964,-81.94363275,39119.0,67.2736762744302,1.7241379310344829,57,58,1,0,57,57,86183,0,0,0,0,1
2020-06-16,US,Ohio,Noble,6,0,0,39.76818851,-81.45937183,39121.0,41.59733777038269,0.0,6,6,0,0,6,6,14354,0,0,0,0,0
2020-06-16,US,Ohio,Ottawa,118,22,0,41.53781826,-83.0940185,39123.0,291.1782850092536,18.644067796610173,96,118,21,0,97,117,40769,0,1,0,-1,1
2020-06-16,US,Ohio,Paulding,17,0,0,41.11676341,-84.5801017,39125.0,91.04541559554413,0.0,17,16,0,0,16,14,18760,1,0,0,1,2
2020-06-16,US,Ohio,Perry,24,1,0,39.73508655,-82.23804971,39127.0,66.41943875574252,4.166666666666667,23,23,1,0,22,23,36033,1,0,0,1,0
2020-06-16,US,Ohio,Pickaway,2125,40,0,39.64170392,-83.0243386,39129.0,3635.1506235352476,1.8823529411764703,2085,2126,40,0,2086,2125,58086,-1,0,0,-1,1
2020-06-16,US,Ohio,Pike,9,0,0,39.07634001,-83.06769584,39131.0,32.406740602045225,0.0,9,9,0,0,9,9,28067,0,0,0,0,0
2020-06-16,US,Ohio,Portage,354,58,0,41.16793482,-81.19735782,39133.0,217.89174350325612,16.384180790960453,296,353,58,0,295,353,162927,1,0,0,1,0
2020-06-16,US,Ohio,Preble,44,1,0,39.7420247,-84.64787018,39135.0,107.62682843305123,2.272727272727273,43,44,1,0,43,43,40997,0,0,0,0,1
2020-06-16,US,Ohio,Putnam,101,15,0,41.02094889,-84.1336111,39137.0,298.2782552198695,14.851485148514852,86,101,15,0,86,101,33780,0,0,0,0,0
2020-06-16,US,Ohio,Richland,253,4,0,40.77180308,-82.53799609999999,39139.0,208.82513165062647,1.5810276679841897,249,252,4,0,248,249,121099,1,0,0,1,3
2020-06-16,US,Ohio,Ross,81,2,0,39.33705391,-83.06000914,39141.0,105.65309263558815,2.469135802469136,79,79,2,0,77,79,76931,2,0,0,2,0
2020-06-16,US,Ohio,Sandusky,104,13,0,41.35624126,-83.137872,39143.0,177.72309374893192,12.5,91,104,13,0,91,103,58799,0,0,0,0,1
2020-06-16,US,Ohio,Scioto,21,0,0,38.80270163,-82.98907345,39145.0,27.883262076108032,0.0,21,21,0,0,21,21,75502,0,0,0,0,0
2020-06-16,US,Ohio,Seneca,29,2,0,41.12351311,-83.12783209,39147.0,52.55717858566821,6.896551724137932,27,29,2,0,27,29,55207,0,0,0,0,0
2020-06-16,US,Ohio,Shelby,49,3,0,40.33163494,-84.20258189,39149.0,100.84379501955135,6.1224489795918355,46,49,3,0,46,49,48627,0,0,0,0,0
2020-06-16,US,Ohio,Stark,881,105,0,40.81482476,-81.36437305,39151.0,237.71876332277404,11.918274687854712,776,870,105,0,765,863,371574,11,0,0,11,7
2020-06-16,US,Ohio,Summit,1706,196,0,41.12464734,-81.53123079,39153.0,315.33438198342736,11.488862837045719,1510,1675,194,0,1481,1666,541918,31,2,0,29,9
2020-06-16,US,Ohio,Trumbull,665,54,0,41.31735028,-80.76109643,39155.0,335.90269429319,8.1203007518797,611,658,54,0,604,656,198627,7,0,0,7,2
2020-06-16,US,Ohio,Tuscarawas,406,9,0,40.44214695,-81.47226262,39157.0,441.36671486188266,2.2167487684729066,397,405,8,0,397,399,92176,1,1,0,0,6
2020-06-16,US,Ohio,Union,62,1,0,40.30016061,-83.37239023,39159.0,105.10612327931105,1.6129032258064515,61,62,1,0,61,62,57835,0,0,0,0,0
2020-06-16,US,Ohio,Van Wert,14,0,0,40.8554138,-84.59111700000003,39161.0,49.51370468611848,0.0,14,14,0,0,14,13,28281,0,0,0,0,1
2020-06-16,US,Ohio,Vinton,22,2,0,39.25208988,-82.4831444,39163.0,168.13144822315633,9.090909090909092,20,22,2,0,20,22,13139,0,0,0,0,0
2020-06-16,US,Ohio,Warren,525,20,0,39.42581994,-84.16557457,39165.0,223.7832584547446,3.809523809523809,505,517,20,0,497,512,232173,8,0,0,8,5
2020-06-16,US,Ohio,Washington,118,19,0,39.45690571,-81.49121382,39167.0,196.9588222530086,16.10169491525424,99,118,19,0,99,118,60155,0,0,0,0,0
2020-06-16,US,Ohio,Wayne,311,52,0,40.82925852,-81.88844833,39169.0,268.77538674271887,16.720257234726688,259,308,52,0,256,306,115967,3,0,0,3,2
2020-06-16,US,Ohio,Williams,59,1,0,41.56052014,-84.58429552,39171.0,160.79799411315818,1.6949152542372878,58,59,1,0,58,58,36804,0,0,0,0,1
2020-06-16,US,Ohio,Wood,329,51,0,41.36224827,-83.62285108,39173.0,251.49636515131826,15.501519756838903,278,321,50,0,271,321,130696,8,1,0,7,0
2020-06-16,US,Ohio,Wyandot,49,4,0,40.84339621,-83.30734173,39175.0,225.05970971890503,8.16326530612245,45,48,4,0,44,48,21935,1,0,0,1,0
2020-06-16,US,Oklahoma,Adair,96,4,0,35.88494195,-94.65859267,40001.0,432.5493376588267,4.166666666666667,92,96,4,0,92,96,22082,0,0,0,0,0
2020-06-16,US,Oklahoma,Alfalfa,1,0,0,36.73090616,-98.32408495,40003.0,17.5377060680463,0.0,1,1,0,0,1,1,5754,0,0,0,0,0
2020-06-16,US,Oklahoma,Atoka,9,0,0,34.37366573,-96.03802487,40005.0,65.41648495420846,0.0,9,8,0,0,8,8,13838,1,0,0,1,0
2020-06-16,US,Oklahoma,Beaver,30,0,0,36.7496847,-100.4758872,40007.0,564.865373752589,0.0,30,30,0,0,30,30,5319,0,0,0,0,0
2020-06-16,US,Oklahoma,Beckham,8,0,0,35.26862449,-99.68128023,40009.0,36.59819753877122,0.0,8,8,0,0,8,8,21709,0,0,0,0,0
2020-06-16,US,Oklahoma,Blaine,11,0,0,35.87518314,-98.43307003,40011.0,116.66136387739952,0.0,11,12,0,0,12,10,9485,-1,0,0,-1,2
2020-06-16,US,Oklahoma,Bryan,51,1,0,33.96472458,-96.25903472,40013.0,106.26106886133972,1.96078431372549,50,48,1,0,47,48,47192,3,0,0,3,0
2020-06-16,US,Oklahoma,Caddo,176,10,0,35.17364557,-98.37534464,40015.0,611.918503581114,5.6818181818181825,166,176,10,0,166,175,28977,0,0,0,0,1
2020-06-16,US,Oklahoma,Canadian,160,3,0,35.5426055,-97.98465569,40017.0,107.88504848084366,1.875,157,156,3,0,153,150,144447,4,0,0,4,6
2020-06-16,US,Oklahoma,Carter,60,1,0,34.25103751,-97.28552485,40019.0,124.7116044147908,1.6666666666666667,59,60,1,0,59,57,48177,0,0,0,0,3
2020-06-16,US,Oklahoma,Cherokee,50,1,0,35.90692775,-94.99980896,40021.0,102.76013728754343,2.0,49,48,1,0,47,48,48675,2,0,0,2,0
2020-06-16,US,Oklahoma,Choctaw,105,1,0,34.02807439,-95.54771129,40023.0,715.6488549618322,0.9523809523809524,104,102,1,0,101,102,14668,3,0,0,3,0
2020-06-16,US,Oklahoma,Cimarron,1,0,0,36.74817177,-102.5173885,40025.0,46.79457182966776,0.0,1,1,0,0,1,1,2153,0,0,0,0,0
2020-06-16,US,Oklahoma,Cleveland,564,40,0,35.20413532,-97.32519562,40027.0,198.58176005408185,7.092198581560282,524,552,40,0,512,546,281669,12,0,0,12,6
2020-06-16,US,Oklahoma,Coal,6,0,0,34.58840127,-96.29798747,40029.0,109.1901728844404,0.0,6,6,0,0,6,6,5520,0,0,0,0,0
2020-06-16,US,Oklahoma,Comanche,339,4,0,34.65973764,-98.47195055,40031.0,280.74766664734284,1.1799410029498525,335,341,4,0,337,337,120422,-2,0,0,-2,4
2020-06-16,US,Oklahoma,Cotton,5,2,0,34.28845626,-98.37053567,40033.0,88.24567596187786,40.0,3,5,2,0,3,5,5776,0,0,0,0,0
2020-06-16,US,Oklahoma,Craig,16,0,0,36.76268118,-95.20916602,40035.0,113.13816999010041,0.0,16,16,0,0,16,16,14306,0,0,0,0,0
2020-06-16,US,Oklahoma,Creek,108,7,0,35.90230551,-96.37086028,40037.0,151.00248874472192,6.481481481481483,101,106,7,0,99,106,71604,2,0,0,2,0
2020-06-16,US,Oklahoma,Custer,42,0,0,35.63853802,-99.00170785,40039.0,144.8126055925249,0.0,42,41,0,0,41,41,29036,1,0,0,1,0
2020-06-16,US,Oklahoma,Delaware,111,16,0,36.40823634,-94.80325046,40041.0,258.0855169848171,14.414414414414413,95,109,16,0,93,108,42733,2,0,0,2,1
2020-06-16,US,Oklahoma,Dewey,4,0,0,35.98772922,-99.00730714,40043.0,81.78286648947045,0.0,4,5,0,0,5,4,4894,-1,0,0,-1,1
2020-06-16,US,Oklahoma,Garfield,51,1,0,36.3791334,-97.78265517,40047.0,83.5298742138365,1.96078431372549,50,47,1,0,46,47,60913,4,0,0,4,0
2020-06-16,US,Oklahoma,Garvin,33,1,0,34.70418038,-97.30811132,40049.0,119.08628342535455,3.0303030303030303,32,30,1,0,29,28,27811,3,0,0,3,2
2020-06-16,US,Oklahoma,Grady,118,4,0,35.0167709,-97.88339847,40051.0,211.34076011032704,3.3898305084745757,114,118,3,0,115,117,55551,0,1,0,-1,1
2020-06-16,US,Oklahoma,Grant,2,0,0,36.796296999999996,-97.78638765,40053.0,46.15739672282484,0.0,2,2,0,0,2,2,4326,0,0,0,0,0
2020-06-16,US,Oklahoma,Greer,66,7,0,34.93535801,-99.56056120000001,40055.0,1155.4621848739494,10.606060606060606,59,66,7,0,59,66,5821,0,0,0,0,0
2020-06-16,US,Oklahoma,Harper,1,0,0,36.78836519,-99.6679804,40059.0,27.11496746203905,0.0,1,1,0,0,1,1,3797,0,0,0,0,0
2020-06-16,US,Oklahoma,Haskell,6,0,0,35.22257600000001,-95.11513306,40061.0,47.517224994060356,0.0,6,6,0,0,6,6,12668,0,0,0,0,0
2020-06-16,US,Oklahoma,Hughes,3,0,0,35.04912569,-96.24921145,40063.0,22.59206265532043,0.0,3,3,0,0,3,3,13335,0,0,0,0,0
2020-06-16,US,Oklahoma,Jackson,32,3,0,34.58781741,-99.41138784,40065.0,130.45250713412148,9.375,29,30,3,0,27,30,24949,2,0,0,2,0
2020-06-16,US,Oklahoma,Jefferson,4,0,0,34.11130184,-97.83182974,40067.0,66.64445184938353,0.0,4,4,0,0,4,4,6123,0,0,0,0,0
2020-06-16,US,Oklahoma,Johnston,5,0,0,34.31440473,-96.66011537,40069.0,45.10599909788002,0.0,5,5,0,0,5,5,10949,0,0,0,0,0
2020-06-16,US,Oklahoma,Kay,69,7,0,36.81799745,-97.14421435,40071.0,158.48224539482754,10.144927536231883,62,65,7,0,58,65,44161,4,0,0,4,0
2020-06-16,US,Oklahoma,Kingfisher,13,0,0,35.94530008,-97.94193268,40073.0,82.46114811290835,0.0,13,13,0,0,13,12,15816,0,0,0,0,1
2020-06-16,US,Oklahoma,Kiowa,6,0,0,34.91671958,-98.97720696,40075.0,68.90215893431328,0.0,6,6,0,0,6,6,8729,0,0,0,0,0
2020-06-16,US,Oklahoma,Latimer,7,1,0,34.87844729,-95.25215049,40077.0,69.49270326615705,14.285714285714285,6,6,1,0,5,6,10231,1,0,0,1,0
2020-06-16,US,Oklahoma,Le Flore,20,1,0,34.89851864,-94.70392124,40079.0,40.11794676348465,5.0,19,20,1,0,19,20,49980,0,0,0,0,0
2020-06-16,US,Oklahoma,Lincoln,27,2,0,35.70270942,-96.8812462,40081.0,77.41491527367606,7.407407407407407,25,24,2,0,22,24,34920,3,0,0,3,0
2020-06-16,US,Oklahoma,Logan,24,1,0,35.91899576,-97.44352845,40083.0,49.988544291933096,4.166666666666667,23,25,1,0,24,23,47291,-1,0,0,-1,2
2020-06-16,US,Oklahoma,Love,26,0,0,33.95273467,-97.23906784,40085.0,253.58431678533108,0.0,26,25,0,0,25,23,10134,1,0,0,1,2
2020-06-16,US,Oklahoma,Major,6,1,0,36.31149996,-98.53467076,40093.0,78.64726700747148,16.666666666666668,5,6,1,0,5,6,7644,0,0,0,0,0
2020-06-16,US,Oklahoma,Marshall,20,0,0,34.02311222,-96.76855464,40095.0,118.12651349595416,0.0,20,16,0,0,16,15,16806,4,0,0,4,1
2020-06-16,US,Oklahoma,Mayes,59,4,0,36.30179091,-95.23175116,40097.0,143.55231143552308,6.779661016949151,55,56,4,0,52,56,41107,3,0,0,3,0
2020-06-16,US,Oklahoma,McClain,118,4,0,35.01123903,-97.44572302,40087.0,291.5451895043732,3.3898305084745757,114,116,4,0,112,116,39985,2,0,0,2,0
2020-06-16,US,Oklahoma,McCurtain,158,2,0,34.11664328,-94.77222373,40089.0,481.23781676413256,1.2658227848101269,156,151,2,0,149,148,32703,7,0,0,7,3
2020-06-16,US,Oklahoma,McIntosh,21,1,0,35.37235506,-95.66599306,40091.0,107.16472749540722,4.761904761904762,20,16,1,0,15,16,19815,5,0,0,5,0
2020-06-16,US,Oklahoma,Murray,11,0,0,34.48116015,-97.06826283,40099.0,78.16385987351666,0.0,11,11,0,0,11,11,13953,0,0,0,0,0
2020-06-16,US,Oklahoma,Muskogee,77,8,0,35.61318461,-95.37802952,40101.0,113.24029001279469,10.389610389610391,69,79,8,0,71,77,68362,-2,0,0,-2,2
2020-06-16,US,Oklahoma,Noble,18,0,0,36.38953329,-97.22928674,40103.0,161.71053813673524,0.0,18,14,0,0,14,14,11289,4,0,0,4,0
2020-06-16,US,Oklahoma,Nowata,26,1,0,36.79843529,-95.61902331,40105.0,258.0389043271139,3.8461538461538463,25,25,1,0,24,25,10218,1,0,0,1,0
2020-06-16,US,Oklahoma,Okfuskee,6,0,0,35.46485198,-96.32639984,40107.0,50.02918369048611,0.0,6,6,0,0,6,6,12098,0,0,0,0,0
2020-06-16,US,Oklahoma,Oklahoma,1673,64,0,35.55140095,-97.40716948,40109.0,209.7979268503726,3.8254632396891814,1609,1643,64,0,1579,1597,792582,30,0,0,30,46
2020-06-16,US,Oklahoma,Okmulgee,31,0,0,35.64661916,-95.96432828,40111.0,80.59274665280125,0.0,31,30,0,0,30,30,38335,1,0,0,1,0
2020-06-16,US,Oklahoma,Osage,114,8,0,36.62888819,-96.39635704,40113.0,242.74428805655515,7.0175438596491215,106,114,8,0,106,112,47014,0,0,0,0,2
2020-06-16,US,Oklahoma,Ottawa,41,2,0,36.83532655,-94.81011909,40115.0,131.71844379477622,4.878048780487805,39,37,2,0,35,37,31175,4,0,0,4,0
2020-06-16,US,Oklahoma,Pawnee,41,2,0,36.31743373,-96.70331759999999,40117.0,250.36638983878845,4.878048780487805,39,41,2,0,39,41,16390,0,0,0,0,0
2020-06-16,US,Oklahoma,Payne,142,1,0,36.07695283,-96.97584944,40119.0,173.62809351462388,0.7042253521126759,141,104,1,0,103,100,82040,38,0,0,38,4
2020-06-16,US,Oklahoma,Pittsburg,43,3,0,34.92065823,-95.75134320000001,40121.0,98.50185550006873,6.9767441860465125,40,43,3,0,40,43,43877,0,0,0,0,0
2020-06-16,US,Oklahoma,Pontotoc,21,2,0,34.72959848,-96.68337199,40123.0,54.853202382196216,9.523809523809524,19,21,2,0,19,21,38247,0,0,0,0,0
2020-06-16,US,Oklahoma,Pottawatomie,75,4,0,35.20614018,-96.94923008,40125.0,103.31716993608113,5.333333333333333,71,72,4,0,68,71,72679,3,0,0,3,1
2020-06-16,US,Oklahoma,Pushmataha,7,0,0,34.41635232,-95.37603505,40127.0,63.085796683489555,0.0,7,7,0,0,7,7,11179,0,0,0,0,0
2020-06-16,US,Oklahoma,Rogers,100,5,0,36.37004357,-95.60406759,40131.0,108.15604754539852,5.0,95,99,5,0,94,97,91984,1,0,0,1,2
2020-06-16,US,Oklahoma,Seminole,31,3,0,35.16478725,-96.61686741,40133.0,127.79289306620495,9.677419354838712,28,31,3,0,28,31,24578,0,0,0,0,0
2020-06-16,US,Oklahoma,Sequoyah,21,3,0,35.49447108,-94.75463785,40135.0,50.518415165147104,14.285714285714285,18,21,3,0,18,21,41179,0,0,0,0,0
2020-06-16,US,Oklahoma,Stephens,47,1,0,34.48556989,-97.85141892,40137.0,108.94003662239531,2.127659574468085,46,45,1,0,44,45,43265,2,0,0,2,0
2020-06-16,US,Oklahoma,Texas,975,6,0,36.74777635,-101.4889765,40139.0,4879.1472751839065,0.6153846153846154,969,975,6,0,969,975,20455,0,0,0,0,0
2020-06-16,US,Oklahoma,Tillman,23,1,0,34.37288446,-98.92426619,40141.0,317.2413793103448,4.3478260869565215,22,23,1,0,22,23,7348,0,0,0,0,0
2020-06-16,US,Oklahoma,Tulsa,1729,64,0,36.11939621,-95.94013939,40143.0,265.3663867197092,3.7015615962984394,1665,1653,62,0,1591,1564,648360,76,2,0,74,89
2020-06-16,US,Oklahoma,Wagoner,173,17,0,35.96024096,-95.51911308,40145.0,212.82092288009446,9.826589595375722,156,171,17,0,154,169,80110,2,0,0,2,2
2020-06-16,US,Oklahoma,Washington,353,38,0,36.71380786,-95.90514104,40147.0,685.0777262406117,10.764872521246462,315,350,37,0,313,348,51843,3,1,0,2,2
2020-06-16,US,Oklahoma,Washita,3,0,0,35.29071824,-98.99180434,40149.0,27.482594356907292,0.0,3,2,0,0,2,2,11127,1,0,0,1,0
2020-06-16,US,Oklahoma,Woods,5,0,0,36.76705782,-98.86573064,40151.0,56.863414079381336,0.0,5,5,0,0,5,5,8897,0,0,0,0,0
2020-06-16,US,Oklahoma,Woodward,11,0,0,36.42316318,-99.26283045,40153.0,54.4258077284647,0.0,11,11,0,0,11,11,20222,0,0,0,0,0
2020-06-16,US,Oregon,Baker,1,0,0,44.70915557,-117.6749883,41001.0,6.201935003721161,0.0,1,1,0,0,1,1,16006,0,0,0,0,0
2020-06-16,US,Oregon,Benton,63,5,0,44.49167306,-123.4316987,41003.0,67.70335185324492,7.936507936507938,58,63,5,0,58,63,92101,0,0,0,0,0
2020-06-16,US,Oregon,Clackamas,509,19,0,45.18787398,-122.2179634,41005.0,121.71588308579656,3.7328094302554033,490,488,18,0,470,455,416075,21,1,0,20,33
2020-06-16,US,Oregon,Clatsop,46,0,0,45.99712889,-123.660711,41007.0,114.35958631662687,0.0,46,46,0,0,46,46,39764,0,0,0,0,0
2020-06-16,US,Oregon,Columbia,22,0,0,45.94464254,-123.08908980000001,41009.0,42.02162203461054,0.0,22,22,0,0,22,20,52377,0,0,0,0,2
2020-06-16,US,Oregon,Coos,32,0,0,43.17406868,-124.0594514,41011.0,49.622404515638806,0.0,32,32,0,0,32,32,64389,0,0,0,0,0
2020-06-16,US,Oregon,Crook,9,0,0,44.14230227,-120.356297,41013.0,36.87920013112605,0.0,9,8,0,0,8,8,23867,1,0,0,1,0
2020-06-16,US,Oregon,Curry,7,0,0,42.45911325,-124.15728200000001,41015.0,30.53435114503817,0.0,7,7,0,0,7,7,22813,0,0,0,0,0
2020-06-16,US,Oregon,Deschutes,137,0,0,43.91570171,-121.2289121,41017.0,69.29971875442608,0.0,137,137,0,0,137,137,191996,0,0,0,0,0
2020-06-16,US,Oregon,Douglas,29,0,0,43.27941273,-123.16729099999999,41019.0,26.130834384573802,0.0,29,29,0,0,29,29,110283,0,0,0,0,0
2020-06-16,US,Oregon,Grant,1,0,0,44.49024544,-119.0068631,41023.0,13.890818169190164,0.0,1,1,0,0,1,1,7176,0,0,0,0,0
2020-06-16,US,Oregon,Harney,1,0,0,43.06422669,-118.96663059999999,41025.0,13.526308670363855,0.0,1,1,0,0,1,1,7329,0,0,0,0,0
2020-06-16,US,Oregon,Hood River,83,0,0,45.51872811,-121.65520359999998,41027.0,354.9739115558977,0.0,83,82,0,0,82,71,23428,1,0,0,1,11
2020-06-16,US,Oregon,Jackson,83,0,0,42.43201126,-122.72893090000001,41029.0,37.56608009269317,0.0,83,82,0,0,82,78,219564,1,0,0,1,4
2020-06-16,US,Oregon,Jefferson,69,0,0,44.62806839,-121.17832,41031.0,279.82804769243245,0.0,69,68,0,0,68,65,24192,1,0,0,1,3
2020-06-16,US,Oregon,Josephine,24,1,0,42.3665549,-123.5561938,41033.0,27.432647136145945,4.166666666666667,23,23,1,0,22,23,87393,1,0,0,1,0
2020-06-16,US,Oregon,Klamath,61,0,0,42.68762984,-121.64964609999998,41035.0,89.39300682903955,0.0,61,53,0,0,53,48,67653,8,0,0,8,5
2020-06-16,US,Oregon,Lake,5,0,0,42.79246693,-120.38501629999999,41037.0,63.54047528275512,0.0,5,5,0,0,5,4,7879,0,0,0,0,1
2020-06-16,US,Oregon,Lane,90,3,0,43.93727035,-122.847753,41039.0,23.55607786068936,3.333333333333333,87,89,3,0,86,85,379611,1,0,0,1,4
2020-06-16,US,Oregon,Lincoln,223,0,0,44.64252874,-123.86991200000001,41041.0,446.33921780553214,0.0,223,206,0,0,206,184,49388,17,0,0,17,22
2020-06-16,US,Oregon,Linn,126,9,0,44.48899494,-122.53731540000001,41043.0,97.11057503333359,7.142857142857142,117,126,9,0,117,124,127335,0,0,0,0,2
2020-06-16,US,Oregon,Malheur,38,1,0,43.1937027,-117.62273950000001,41045.0,124.30080795525171,2.631578947368421,37,38,1,0,37,33,30725,0,0,0,0,5
2020-06-16,US,Oregon,Marion,1201,31,0,44.90287942,-122.58151170000001,41047.0,345.29552812102884,2.5811823480432974,1170,1179,30,0,1149,1134,346868,22,1,0,21,45
2020-06-16,US,Oregon,Morrow,17,0,0,45.41846568,-119.584546,41049.0,146.51383262949238,0.0,17,15,0,0,15,13,11372,2,0,0,2,2
2020-06-16,US,Oregon,Multnomah,1598,68,0,45.54747959,-122.4169351,41051.0,196.5910279201088,4.25531914893617,1530,1556,68,0,1488,1440,811880,42,0,0,42,116
2020-06-16,US,Oregon,Polk,127,12,0,44.90322804,-123.4128888,41053.0,147.5286054481036,9.448818897637793,115,127,12,0,115,117,85234,0,0,0,0,10
2020-06-16,US,Oregon,Sherman,1,0,0,45.41501554,-120.6827834,41055.0,56.179775280898866,0.0,1,1,0,0,1,1,1708,0,0,0,0,0
2020-06-16,US,Oregon,Tillamook,6,0,0,45.46248721,-123.712066,41057.0,22.192632046160675,0.0,6,6,0,0,6,6,26787,0,0,0,0,0
2020-06-16,US,Oregon,Umatilla,181,4,0,45.59073056,-118.7353826,41059.0,232.2001282873637,2.209944751381216,177,180,4,0,176,157,77516,1,0,0,1,23
2020-06-16,US,Oregon,Union,240,0,0,45.30915495,-118.0068979,41061.0,894.3543879262158,0.0,240,121,0,0,121,12,26461,119,0,0,119,109
2020-06-16,US,Oregon,Wallowa,4,0,0,45.57894064,-117.18353799999998,41063.0,55.493895671476146,0.0,4,4,0,0,4,4,7081,0,0,0,0,0
2020-06-16,US,Oregon,Wasco,42,1,0,45.16292781,-121.16709540000001,41065.0,157.40948954351248,2.380952380952381,41,41,1,0,40,38,26505,1,0,0,1,3
2020-06-16,US,Oregon,Washington,928,20,0,45.55972701,-123.0955257,41067.0,154.25737044375592,2.155172413793104,908,891,20,0,871,849,597695,37,0,0,37,42
2020-06-16,US,Oregon,Yamhill,94,8,0,45.23330449,-123.3086963,41071.0,87.7684407096172,8.51063829787234,86,92,8,0,84,91,107002,2,0,0,2,1
2020-06-16,US,Pennsylvania,Adams,298,10,0,39.87140411,-77.21610347,42001.0,289.2951101360075,3.355704697986577,288,296,9,0,287,290,102811,2,1,0,1,6
2020-06-16,US,Pennsylvania,Allegheny,2113,177,0,40.46809875,-79.98167747,42003.0,173.7600171046302,8.376715570279224,1936,2086,174,0,1912,2079,1218452,27,3,0,24,7
2020-06-16,US,Pennsylvania,Armstrong,68,5,0,40.81665618,-79.46290811,42005.0,105.04363945315515,7.352941176470589,63,66,5,0,61,66,65263,2,0,0,2,0
2020-06-16,US,Pennsylvania,Beaver,613,77,0,40.6825484,-80.34921611,42007.0,373.942377492695,12.561174551386626,536,613,77,0,536,611,164742,0,0,0,0,2
2020-06-16,US,Pennsylvania,Bedford,53,2,0,40.00522157,-78.48998442,42009.0,110.6749081189442,3.7735849056603774,51,52,2,0,50,48,48176,1,0,0,1,4
2020-06-16,US,Pennsylvania,Berks,4341,338,0,40.41570541,-75.92457766,42011.0,1030.7148759153204,7.786224372264455,4003,4324,338,0,3986,4319,420152,17,0,0,17,5
2020-06-16,US,Pennsylvania,Blair,55,1,0,40.47961444,-78.34917412,42013.0,45.14524456410214,1.818181818181818,54,55,1,0,54,55,122492,0,0,0,0,0
2020-06-16,US,Pennsylvania,Bradford,47,3,0,41.78869215,-76.51570822,42015.0,77.91389685526252,6.382978723404255,44,47,3,0,44,47,60833,0,0,0,0,0
2020-06-16,US,Pennsylvania,Bucks,5452,544,0,40.33682119,-75.10836643,42017.0,867.7797762108647,9.977989728539985,4908,5439,542,0,4897,5428,628195,13,2,0,11,11
2020-06-16,US,Pennsylvania,Butler,260,12,0,40.91152759,-79.91351055,42019.0,138.40609412679063,4.615384615384615,248,257,12,0,245,257,187888,3,0,0,3,0
2020-06-16,US,Pennsylvania,Cambria,61,3,0,40.49527404,-78.71377428,42021.0,46.85387735037483,4.918032786885246,58,61,3,0,58,61,131730,0,0,0,0,0
2020-06-16,US,Pennsylvania,Cameron,2,0,0,41.43625568,-78.20376845,42023.0,44.974139869575005,0.0,2,2,0,0,2,2,4492,0,0,0,0,0
2020-06-16,US,Pennsylvania,Carbon,259,24,0,40.91545395,-75.7068525,42025.0,403.5399333146365,9.266409266409266,235,259,24,0,235,259,64227,0,0,0,0,0
2020-06-16,US,Pennsylvania,Centre,177,6,0,40.92058903,-77.82200624,42027.0,109.00021553714936,3.3898305084745757,171,171,6,0,165,169,162805,6,0,0,6,2
2020-06-16,US,Pennsylvania,Chester,3343,309,0,39.97291773,-75.74768357,42029.0,636.775246719455,9.243194735267725,3034,3315,307,0,3008,3295,522046,28,2,0,26,20
2020-06-16,US,Pennsylvania,Clarion,31,2,0,41.19265812,-79.42413524,42031.0,80.64935740673292,6.451612903225807,29,31,2,0,29,31,38779,0,0,0,0,0
2020-06-16,US,Pennsylvania,Clearfield,57,0,0,41.00110782,-78.47592663,42033.0,71.91975269699074,0.0,57,55,0,0,55,55,79388,2,0,0,2,0
2020-06-16,US,Pennsylvania,Clinton,64,3,0,41.23255967,-77.63785995,42035.0,165.66576931041624,4.6875,61,64,3,0,61,63,38684,0,0,0,0,1
2020-06-16,US,Pennsylvania,Columbia,385,33,0,41.04821986,-76.40565017,42037.0,592.6359214334093,8.571428571428571,352,380,33,0,347,378,65456,5,0,0,5,2
2020-06-16,US,Pennsylvania,Crawford,35,0,0,41.68447709,-80.10760592,42039.0,41.35698164931643,0.0,35,36,0,0,36,36,85063,-1,0,0,-1,0
2020-06-16,US,Pennsylvania,Cumberland,746,61,0,40.1625372,-77.26130755,42041.0,294.4310691873545,8.176943699731902,685,738,60,0,678,728,251423,8,1,0,7,10
2020-06-16,US,Pennsylvania,Dauphin,1674,108,0,40.41377078,-76.77993242,42043.0,601.5113241513624,6.451612903225807,1566,1655,107,0,1548,1634,277097,19,1,0,18,21
2020-06-16,US,Pennsylvania,Delaware,6936,622,0,39.91680171,-75.40243663,42045.0,1223.826504595525,8.967704728950403,6314,6921,620,0,6301,6888,564751,15,2,0,13,33
2020-06-16,US,Pennsylvania,Elk,6,0,0,41.42822061,-78.64524744,42047.0,20.060180541624874,0.0,6,6,0,0,6,6,30169,0,0,0,0,0
2020-06-16,US,Pennsylvania,Erie,472,8,0,41.99253829,-80.03301954,42049.0,174.99110214734844,1.6949152542372878,464,468,8,0,460,459,272061,4,0,0,4,9
2020-06-16,US,Pennsylvania,Fayette,95,4,0,39.92041012,-79.64291195,42051.0,73.48732150316383,4.2105263157894735,91,95,4,0,91,95,130441,0,0,0,0,0
2020-06-16,US,Pennsylvania,Forest,7,0,0,41.51095103,-79.23229292,42053.0,96.59169311439214,0.0,7,7,0,0,7,7,7279,0,0,0,0,0
2020-06-16,US,Pennsylvania,Franklin,849,42,0,39.92956518,-77.72157791,42055.0,547.6465389899823,4.946996466431095,807,843,42,0,801,842,154835,6,0,0,6,1
2020-06-16,US,Pennsylvania,Fulton,17,1,0,39.92913544,-78.11163677,42057.0,116.9993117687543,5.882352941176472,16,16,1,0,15,16,14523,1,0,0,1,0
2020-06-16,US,Pennsylvania,Greene,30,0,0,39.85746531,-80.22357106,42059.0,82.79744983854499,0.0,30,30,0,0,30,30,36506,0,0,0,0,0
2020-06-16,US,Pennsylvania,Huntingdon,239,4,0,40.42162652,-77.97673273,42061.0,529.4169767853979,1.6736401673640169,235,239,4,0,235,239,45168,0,0,0,0,0
2020-06-16,US,Pennsylvania,Indiana,95,5,0,40.65241041,-79.08963285,42063.0,112.99703828815433,5.2631578947368425,90,93,5,0,88,93,84501,2,0,0,2,0
2020-06-16,US,Pennsylvania,Jefferson,19,1,0,41.12913106,-78.9986361,42065.0,43.75359815774323,5.2631578947368425,18,19,1,0,18,18,43641,0,0,0,0,1
2020-06-16,US,Pennsylvania,Juniata,108,5,0,40.53358749,-77.39975129999998,42067.0,436.1345555869645,4.62962962962963,103,108,5,0,103,108,24704,0,0,0,0,0
2020-06-16,US,Pennsylvania,Lackawanna,1608,197,0,41.43564672,-75.60379201,42069.0,766.9048141400459,12.251243781094525,1411,1602,196,0,1406,1601,210793,6,1,0,5,1
2020-06-16,US,Pennsylvania,Lancaster,3802,333,0,40.03904563,-76.24770128,42071.0,696.6891688839047,8.75854813256181,3469,3777,331,0,3446,3752,543557,25,2,0,23,25
2020-06-16,US,Pennsylvania,Lawrence,87,8,0,40.99206278,-80.33393706,42073.0,101.740106651698,9.195402298850574,79,87,8,0,79,87,86184,0,0,0,0,0
2020-06-16,US,Pennsylvania,Lebanon,1193,40,0,40.36680311,-76.45651841,42075.0,841.3673453555534,3.3528918692372165,1153,1190,40,0,1150,1182,141314,3,0,0,3,8
2020-06-16,US,Pennsylvania,Lehigh,3973,271,0,40.6154815,-75.59435245,42077.0,1075.7666834543672,6.821042033727663,3702,3957,269,0,3688,3953,368100,16,2,0,14,4
2020-06-16,US,Pennsylvania,Luzerne,2840,169,0,41.17823008,-75.98447579,42079.0,894.7220848284749,5.950704225352112,2671,2835,168,0,2667,2830,317646,5,1,0,4,5
2020-06-16,US,Pennsylvania,Lycoming,172,17,0,41.34310539,-77.06629984,42081.0,151.81069559307673,9.883720930232558,155,171,17,0,154,171,113664,1,0,0,1,0
2020-06-16,US,Pennsylvania,McKean,13,1,0,41.80938602,-78.56478358,42083.0,32.0,7.6923076923076925,12,13,1,0,12,13,40968,0,0,0,0,0
2020-06-16,US,Pennsylvania,Mercer,117,6,0,41.30248872,-80.25816981,42085.0,106.9235268314081,5.128205128205129,111,115,6,0,109,114,110683,2,0,0,2,1
2020-06-16,US,Pennsylvania,Mifflin,60,1,0,40.61116939,-77.61070738,42087.0,130.04464866270752,1.6666666666666667,59,59,1,0,58,59,46222,1,0,0,1,0
2020-06-16,US,Pennsylvania,Monroe,1356,105,0,41.05934058,-75.34031025,42089.0,796.3775393343553,7.743362831858407,1251,1350,105,0,1245,1347,169507,6,0,0,6,3
2020-06-16,US,Pennsylvania,Montgomery,7950,769,0,40.21053671,-75.36652296,42091.0,956.7765655933521,9.672955974842765,7181,7930,764,0,7166,7898,828604,20,5,0,15,32
2020-06-16,US,Pennsylvania,Montour,65,0,0,41.03023987,-76.66345939,42093.0,356.5551289083928,0.0,65,65,0,0,65,64,18240,0,0,0,0,1
2020-06-16,US,Pennsylvania,Northampton,3250,244,0,40.75182733,-75.30471829,42095.0,1064.5789999508656,7.507692307692308,3006,3246,243,0,3003,3240,304807,4,1,0,3,6
2020-06-16,US,Pennsylvania,Northumberland,231,4,0,40.84785433,-76.70798222,42097.0,254.28486509692547,1.7316017316017316,227,228,4,0,224,224,91083,3,0,0,3,4
2020-06-16,US,Pennsylvania,Perry,73,5,0,40.40206612,-77.26297447,42099.0,157.7627939142462,6.849315068493151,68,72,5,0,67,72,46139,1,0,0,1,0
2020-06-16,US,Pennsylvania,Philadelphia,24591,1518,0,40.00338507,-75.1379271,42101.0,1552.3993980041212,6.172990118335978,23073,24475,1509,0,22966,24338,1584138,116,9,0,107,137
2020-06-16,US,Pennsylvania,Pike,485,20,0,41.33155042,-75.03208106,42103.0,869.0354602304287,4.123711340206185,465,482,20,0,462,482,55933,3,0,0,3,0
2020-06-16,US,Pennsylvania,Potter,13,0,0,41.74471626,-77.89559864,42105.0,78.66392351446206,0.0,13,13,0,0,13,13,16622,0,0,0,0,0
2020-06-16,US,Pennsylvania,Schuylkill,696,43,0,40.70497338,-76.2150785,42107.0,492.36341513451566,6.17816091954023,653,691,43,0,648,685,142067,5,0,0,5,6
2020-06-16,US,Pennsylvania,Snyder,60,1,0,40.77129231,-77.06840691,42109.0,148.61785395818885,1.6666666666666667,59,60,1,0,59,59,40540,0,0,0,0,1
2020-06-16,US,Pennsylvania,Somerset,41,1,0,39.97172723,-79.02699593,42111.0,55.82256593189647,2.4390243902439024,40,41,1,0,40,40,73952,0,0,0,0,1
2020-06-16,US,Pennsylvania,Sullivan,3,0,0,41.44634738,-76.51246591,42113.0,49.455984174085074,0.0,3,3,0,0,3,3,6071,0,0,0,0,0
2020-06-16,US,Pennsylvania,Susquehanna,172,17,0,41.82147784,-75.80071959,42115.0,426.50267804007143,9.883720930232558,155,171,17,0,154,170,40589,1,0,0,1,1
2020-06-16,US,Pennsylvania,Tioga,20,2,0,41.77255149,-77.25433032,42117.0,49.27200610972876,10.0,18,20,2,0,18,20,40763,0,0,0,0,0
2020-06-16,US,Pennsylvania,Union,84,2,0,40.96188846,-77.05996014,42119.0,186.98662155243414,2.380952380952381,82,88,2,0,86,83,44785,-4,0,0,-4,5
2020-06-16,US,Pennsylvania,Venango,17,0,0,41.40323442,-79.75845449,42121.0,33.55174863819373,0.0,17,17,0,0,17,17,51266,0,0,0,0,0
2020-06-16,US,Pennsylvania,Warren,5,0,0,41.81304978,-79.26969577,42123.0,12.758031180628205,0.0,5,5,0,0,5,5,39498,0,0,0,0,0
2020-06-16,US,Pennsylvania,Washington,156,6,0,40.19208869,-80.24582867,42125.0,75.4115002537887,3.8461538461538463,150,156,6,0,150,155,207346,0,0,0,0,1
2020-06-16,US,Pennsylvania,Wayne,126,9,0,41.64938475,-75.29956506,42127.0,245.322326278694,7.142857142857142,117,126,9,0,117,126,51276,0,0,0,0,0
2020-06-16,US,Pennsylvania,Westmoreland,493,38,0,40.31377979999999,-79.46615476,42129.0,141.30163743662206,7.707910750507098,455,492,38,0,454,490,350611,1,0,0,1,2
2020-06-16,US,Pennsylvania,Wyoming,36,7,0,41.51955538,-76.01074915,42131.0,134.35843845637086,19.444444444444443,29,36,7,0,29,36,27046,0,0,0,0,0
2020-06-16,US,Pennsylvania,York,1183,32,0,39.9210089,-76.73040131,42133.0,263.44035737031743,2.704987320371936,1151,1169,32,0,1137,1162,448273,14,0,0,14,7
2020-06-16,US,Rhode Island,Bristol,240,0,0,41.71018079,-71.28652315,44001.0,495.05971657831225,0.0,240,240,0,0,240,231,48649,0,0,0,0,9
2020-06-16,US,Rhode Island,Kent,1128,0,0,41.67106337,-71.57641596,44003.0,686.5824264115113,0.0,1128,1128,0,0,1128,1105,163861,0,0,0,0,23
2020-06-16,US,Rhode Island,Newport,277,0,0,41.5642026,-71.26569799,44005.0,337.4674106381423,0.0,277,277,0,0,277,269,82542,0,0,0,0,8
2020-06-16,US,Rhode Island,Providence,12363,0,0,41.87064746,-71.57753536,44007.0,1934.9507223784728,0.0,12363,12363,0,0,12363,11959,636084,0,0,0,0,404
2020-06-16,US,Rhode Island,Unassigned,1640,865,0,0.0,0.0,90044.0,0.0,52.74390243902439,775,1569,851,0,718,1870,,71,14,0,57,-301
2020-06-16,US,Rhode Island,Washington,516,0,0,41.45961631,-71.61435303,44009.0,410.90327050335645,0.0,516,516,0,0,516,513,126179,0,0,0,0,3
2020-06-16,US,South Carolina,Abbeville,73,0,0,34.22333378,-82.46170658,45001.0,297.63118196273496,0.0,73,70,0,0,70,67,24541,3,0,0,3,3
2020-06-16,US,South Carolina,Aiken,240,9,0,33.54338026,-81.63645384,45003.0,140.4560138583267,3.75,231,234,9,0,225,232,169401,6,0,0,6,2
2020-06-16,US,South Carolina,Allendale,41,3,0,32.98837386,-81.35321066,45005.0,471.91528545119706,7.317073170731707,38,40,3,0,37,40,8903,1,0,0,1,0
2020-06-16,US,South Carolina,Anderson,352,9,0,34.51828081,-82.63959517,45007.0,173.77738721748833,2.5568181818181817,343,347,9,0,338,341,200482,5,0,0,5,6
2020-06-16,US,South Carolina,Bamberg,50,0,0,33.21927586,-81.05659969,45009.0,355.46708374804496,0.0,50,48,0,0,48,45,14275,2,0,0,2,3
2020-06-16,US,South Carolina,Barnwell,56,1,0,33.26679302,-81.43584352,45011.0,268.3791814434966,1.7857142857142858,55,55,1,0,54,54,21112,1,0,0,1,1
2020-06-16,US,South Carolina,Beaufort,647,14,0,32.39226291,-80.72619758,45013.0,336.7651804582505,2.163833075734157,633,615,14,0,601,590,188715,32,0,0,32,25
2020-06-16,US,South Carolina,Berkeley,427,19,0,33.20222596,-79.94654523,45015.0,187.35712373906898,4.4496487119437935,408,406,19,0,387,386,221091,21,0,0,21,20
2020-06-16,US,South Carolina,Calhoun,46,1,0,33.66926881,-80.77722168,45017.0,316.08603037174464,2.1739130434782608,45,38,1,0,37,33,14520,8,0,0,8,5
2020-06-16,US,South Carolina,Charleston,1230,16,0,32.82487866,-79.96512315,45019.0,298.9747354195126,1.3008130081300813,1214,1165,16,0,1149,1092,405905,65,0,0,65,73
2020-06-16,US,South Carolina,Cherokee,93,6,0,35.05122251,-81.61828622,45021.0,162.30366492146598,6.451612903225807,87,93,6,0,87,92,57078,0,0,0,0,1
2020-06-16,US,South Carolina,Chester,125,1,0,34.69249168,-81.1583216,45023.0,387.6690236943308,0.8,124,123,1,0,122,120,32251,2,0,0,2,3
2020-06-16,US,South Carolina,Chesterfield,293,8,0,34.64137396,-80.15640140000002,45025.0,641.8400876232201,2.7303754266211606,285,292,7,0,285,291,45754,1,1,0,0,1
2020-06-16,US,South Carolina,Clarendon,342,41,0,33.66610974,-80.21647898,45027.0,1013.483479033931,11.988304093567253,301,343,41,0,302,335,33700,-1,0,0,-1,8
2020-06-16,US,South Carolina,Colleton,209,17,0,32.87582989,-80.67641292,45029.0,554.7150781643974,8.133971291866029,192,201,16,0,185,198,37660,8,1,0,7,3
2020-06-16,US,South Carolina,Darlington,357,13,0,34.33358335,-79.96027485,45031.0,535.8912005764208,3.641456582633053,344,353,13,0,340,350,66802,4,0,0,4,3
2020-06-16,US,South Carolina,Dillon,202,5,0,34.39007791,-79.37741872,45033.0,662.7514026050724,2.4752475247524752,197,202,4,0,198,201,30599,0,1,0,-1,1
2020-06-16,US,South Carolina,Dorchester,277,3,0,33.0794369,-80.40502652,45035.0,170.13801448322883,1.083032490974729,274,276,3,0,273,265,160647,1,0,0,1,11
2020-06-16,US,South Carolina,Edgefield,61,2,0,33.77221995,-81.96231108,45037.0,223.77109317681584,3.278688524590164,59,61,2,0,59,60,27052,0,0,0,0,1
2020-06-16,US,South Carolina,Fairfield,232,20,0,34.39287073,-81.1195624,45039.0,1038.170671678525,8.620689655172415,212,231,20,0,211,227,22402,1,0,0,1,4
2020-06-16,US,South Carolina,Florence,833,43,0,34.02361754,-79.70189312,45041.0,602.3442979760364,5.162064825930372,790,826,43,0,783,814,138159,7,0,0,7,12
2020-06-16,US,South Carolina,Georgetown,180,3,0,33.43443342,-79.33202141,45043.0,287.1729419272495,1.6666666666666667,177,181,3,0,178,164,62249,-1,0,0,-1,17
2020-06-16,US,South Carolina,Greenville,3072,69,0,34.89502264,-82.37295012,45045.0,586.7724079443482,2.24609375,3003,3011,69,0,2942,2920,514213,61,0,0,61,91
2020-06-16,US,South Carolina,Greenwood,315,5,0,34.15272415,-82.12715789,45047.0,444.8461397240542,1.5873015873015872,310,312,5,0,307,304,70741,3,0,0,3,8
2020-06-16,US,South Carolina,Hampton,50,1,0,32.77419582,-81.13845571,45049.0,260.1186140880241,2.0,49,50,1,0,49,50,19351,0,0,0,0,0
2020-06-16,US,South Carolina,Horry,1297,34,0,33.9212828,-78.99555293,45051.0,366.3003663003663,2.6214340786430226,1263,1194,34,0,1160,1133,344147,103,0,0,103,61
2020-06-16,US,South Carolina,Jasper,56,3,0,32.43171982,-81.02487495,45053.0,186.21354703554684,5.357142857142857,53,55,3,0,52,54,28971,1,0,0,1,1
2020-06-16,US,South Carolina,Kershaw,461,15,0,34.33988254,-80.58763164,45055.0,692.7018376883893,3.2537960954446854,446,448,15,0,433,444,65592,13,0,0,13,4
2020-06-16,US,South Carolina,Lancaster,259,6,0,34.68270843,-80.70513032,45057.0,264.25335673182883,2.3166023166023164,253,248,6,0,242,246,95380,11,0,0,11,2
2020-06-16,US,South Carolina,Laurens,171,4,0,34.48244419,-82.00490796,45059.0,253.3596076630169,2.3391812865497075,167,163,4,0,159,140,66994,8,0,0,8,23
2020-06-16,US,South Carolina,Lee,238,19,0,34.16393091,-80.25690731,45061.0,1414.3094841930115,7.9831932773109235,219,236,19,0,217,236,17142,2,0,0,2,0
2020-06-16,US,South Carolina,Lexington,1216,40,0,33.89665987,-81.27146426,45063.0,407.02928870292885,3.2894736842105265,1176,1184,40,0,1144,1155,295032,32,0,0,32,29
2020-06-16,US,South Carolina,Marion,108,5,0,34.07859748,-79.36400756,45067.0,352.2849593893727,4.62962962962963,103,105,5,0,100,103,31039,3,0,0,3,2
2020-06-16,US,South Carolina,Marlboro,237,3,0,34.59905577,-79.67561152,45069.0,907.4201699977028,1.2658227848101269,234,237,3,0,234,236,26398,0,0,0,0,1
2020-06-16,US,South Carolina,McCormick,11,1,0,33.90161443,-82.30794338,45065.0,116.24220648842864,9.090909090909092,10,11,1,0,10,11,9410,0,0,0,0,0
2020-06-16,US,South Carolina,Newberry,108,2,0,34.28629098,-81.59935761,45071.0,280.9573361082206,1.851851851851852,106,105,2,0,103,99,38520,3,0,0,3,6
2020-06-16,US,South Carolina,Oconee,94,0,0,34.75225169,-83.06742317,45073.0,118.17061825861765,0.0,94,87,0,0,87,81,78374,7,0,0,7,6
2020-06-16,US,South Carolina,Orangeburg,415,6,0,33.4391073,-80.79886287,45075.0,481.57818392805336,1.4457831325301205,409,394,6,0,388,359,86934,21,0,0,21,35
2020-06-16,US,South Carolina,Pickens,326,4,0,34.88807695,-82.72791551,45077.0,256.92758740266703,1.2269938650306749,322,303,4,0,299,296,124937,23,0,0,23,7
2020-06-16,US,South Carolina,Richland,2316,74,0,34.01791263,-80.90267209,45079.0,557.0534853124045,3.1951640759930915,2242,2257,72,0,2185,2215,414576,59,2,0,57,42
2020-06-16,US,South Carolina,Saluda,170,1,0,34.00795823,-81.72713237,45081.0,830.3619401162507,0.5882352941176471,169,166,1,0,165,164,20544,4,0,0,4,2
2020-06-16,US,South Carolina,Spartanburg,1026,37,0,34.92960077,-81.99225984,45083.0,320.8405647544444,3.606237816764133,989,992,37,0,955,959,313888,34,0,0,34,33
2020-06-16,US,South Carolina,Sumter,648,19,0,33.91826534,-80.37942316,45085.0,607.1907122309574,2.9320987654320985,629,633,19,0,614,626,106512,15,0,0,15,7
2020-06-16,US,South Carolina,Union,49,0,0,34.68835752,-81.61730349,45087.0,179.38204715185242,0.0,49,47,0,0,47,46,27410,2,0,0,2,1
2020-06-16,US,South Carolina,Williamsburg,296,15,0,33.62190129,-79.72767442,45089.0,974.7102212855638,5.067567567567568,281,289,15,0,274,286,30606,7,0,0,7,3
2020-06-16,US,South Carolina,York,685,10,0,34.97281497,-81.18085944,45091.0,243.7904612088448,1.45985401459854,675,651,10,0,641,635,274118,34,0,0,34,16
2020-06-16,US,South Dakota,Aurora,33,0,0,43.71757685,-98.56050467,46003.0,1199.5637949836425,0.0,33,33,0,0,33,33,2801,0,0,0,0,0
2020-06-16,US,South Dakota,Beadle,452,6,0,44.41464384,-98.27858469,46005.0,2449.466211456132,1.327433628318584,446,448,6,0,442,446,18883,4,0,0,4,2
2020-06-16,US,South Dakota,Bennett,1,0,0,43.19486375,-101.6665572,46007.0,29.71768202080238,0.0,1,1,0,0,1,,3468,0,0,0,0,
2020-06-16,US,South Dakota,Bon Homme,9,0,0,42.98914167,-97.88592746,46009.0,130.4158817562672,0.0,9,9,0,0,9,9,6980,0,0,0,0,0
2020-06-16,US,South Dakota,Brookings,38,0,0,44.36974375,-96.79079945,46011.0,108.33309576075493,0.0,38,36,0,0,36,34,35232,2,0,0,2,2
2020-06-16,US,South Dakota,Brown,313,2,0,45.58994323,-98.35165355,46013.0,805.8909858647237,0.6389776357827476,311,313,2,0,311,311,39316,0,0,0,0,2
2020-06-16,US,South Dakota,Brule,10,0,0,43.71756379,-99.08118954,46015.0,188.78610534264683,0.0,10,10,0,0,10,10,5229,0,0,0,0,0
2020-06-16,US,South Dakota,Buffalo,54,0,0,44.07657829,-99.20814467,46017.0,2752.293577981651,0.0,54,53,0,0,53,52,2036,1,0,0,1,1
2020-06-16,US,South Dakota,Charles Mix,32,0,0,43.20660134,-98.58856175,46023.0,344.38226431338785,0.0,32,32,0,0,32,32,9338,0,0,0,0,0
2020-06-16,US,South Dakota,Clark,11,0,0,44.85834507,-97.72925109,46025.0,294.4325481798715,0.0,11,11,0,0,11,9,3739,0,0,0,0,2
2020-06-16,US,South Dakota,Clay,67,0,0,42.91296147,-96.97656917,46027.0,476.19047619047615,0.0,67,66,0,0,66,65,14041,1,0,0,1,1
2020-06-16,US,South Dakota,Codington,46,0,0,44.97788119,-97.18827677,46029.0,164.23292513120782,0.0,46,46,0,0,46,46,28015,0,0,0,0,0
2020-06-16,US,South Dakota,Corson,11,0,0,45.70889983,-101.1970473,46031.0,269.21194322075377,0.0,11,11,0,0,11,11,4165,0,0,0,0,0
2020-06-16,US,South Dakota,Custer,2,0,0,43.67741105,-103.45345209999999,46033.0,22.29157378510923,0.0,2,2,0,0,2,2,8726,0,0,0,0,0
2020-06-16,US,South Dakota,Davison,33,0,0,43.67490933,-98.14458906,46035.0,166.87737041719342,0.0,33,33,0,0,33,32,19790,0,0,0,0,1
2020-06-16,US,South Dakota,Day,13,0,0,45.367281,-97.60737498,46037.0,239.6755162241888,0.0,13,13,0,0,13,13,5505,0,0,0,0,0
2020-06-16,US,South Dakota,Deuel,1,0,0,44.75994309,-96.66943645,46039.0,22.983222247759137,0.0,1,1,0,0,1,1,4337,0,0,0,0,0
2020-06-16,US,South Dakota,Dewey,4,0,0,45.15639647,-100.8709139,46041.0,67.88866259334691,0.0,4,2,0,0,2,2,5904,2,0,0,2,0
2020-06-16,US,South Dakota,Douglas,4,0,0,43.38520741,-98.36978007,46043.0,136.93940431359124,0.0,4,4,0,0,4,4,2935,0,0,0,0,0
2020-06-16,US,South Dakota,Edmunds,4,0,0,45.41846445,-99.21545423,46045.0,104.46591799425435,0.0,4,4,0,0,4,4,3875,0,0,0,0,0
2020-06-16,US,South Dakota,Fall River,6,0,0,43.23929297,-103.5275691,46047.0,89.37881722031878,0.0,6,6,0,0,6,6,6758,0,0,0,0,0
2020-06-16,US,South Dakota,Faulk,20,0,0,45.07082625,-99.14535601,46049.0,869.9434536755111,0.0,20,20,0,0,20,20,2330,0,0,0,0,0
2020-06-16,US,South Dakota,Grant,13,0,0,45.1723937,-96.77002276,46051.0,184.344866704481,0.0,13,13,0,0,13,13,7147,0,0,0,0,0
2020-06-16,US,South Dakota,Gregory,1,0,0,43.19419064,-99.18883902,46053.0,23.894862604540023,0.0,1,1,0,0,1,1,4212,0,0,0,0,0
2020-06-16,US,South Dakota,Hamlin,11,0,0,44.67385954,-97.18829593,46057.0,178.45554834523037,0.0,11,11,0,0,11,11,6111,0,0,0,0,0
2020-06-16,US,South Dakota,Hand,6,0,0,44.54708407,-99.00386459,46059.0,188.02883108743345,0.0,6,6,0,0,6,6,3262,0,0,0,0,0
2020-06-16,US,South Dakota,Hanson,3,0,0,43.6746384,-97.78715148,46061.0,86.88097306689835,0.0,3,3,0,0,3,3,3376,0,0,0,0,0
2020-06-16,US,South Dakota,Hughes,23,0,0,44.39091534,-99.99661148,46065.0,131.23359580052494,0.0,23,22,0,0,22,22,17650,1,0,0,1,0
2020-06-16,US,South Dakota,Hutchinson,9,0,0,43.33449012,-97.75536441,46067.0,123.43985735838707,0.0,9,9,0,0,9,8,7380,0,0,0,0,1
2020-06-16,US,South Dakota,Hyde,3,0,0,44.54747703,-99.48572582,46069.0,230.59185242121444,0.0,3,3,0,0,3,3,1282,0,0,0,0,0
2020-06-16,US,South Dakota,Jackson,6,0,0,43.69318385,-101.6255063,46071.0,179.42583732057415,0.0,6,5,0,0,5,5,3307,1,0,0,1,0
2020-06-16,US,South Dakota,Jerauld,40,1,0,44.06637798,-98.62965972,46073.0,1987.083954297069,2.5,39,40,1,0,39,40,2043,0,0,0,0,0
2020-06-16,US,South Dakota,Kingsbury,5,0,0,44.36956169,-97.4913945,46077.0,101.23506782749544,0.0,5,5,0,0,5,5,4919,0,0,0,0,0
2020-06-16,US,South Dakota,Lake,16,1,0,44.02193107,-97.12926365,46079.0,125.0293037430648,6.25,15,15,1,0,14,14,13057,1,0,0,1,1
2020-06-16,US,South Dakota,Lawrence,12,0,0,44.35919441,-103.79294279999999,46081.0,46.43244079863797,0.0,12,12,0,0,12,12,25741,0,0,0,0,0
2020-06-16,US,South Dakota,Lincoln,271,0,0,43.27841182,-96.72039050000001,46083.0,443.33202460410934,0.0,271,270,0,0,270,267,58807,1,0,0,1,3
2020-06-16,US,South Dakota,Lyman,33,0,0,43.89522709,-99.85201878,46085.0,872.7849775191748,0.0,33,33,0,0,33,33,3821,0,0,0,0,0
2020-06-16,US,South Dakota,Marshall,5,0,0,45.75870838,-97.59855639,46091.0,101.31712259371834,0.0,5,4,0,0,4,4,5112,1,0,0,1,0
2020-06-16,US,South Dakota,McCook,8,1,0,43.6742571,-97.36863144,46087.0,143.21518080916576,12.5,7,8,1,0,7,8,5546,0,0,0,0,0
2020-06-16,US,South Dakota,McPherson,3,0,0,45.76626028,-99.22118798,46089.0,126.10340479192938,0.0,3,3,0,0,3,3,2407,0,0,0,0,0
2020-06-16,US,South Dakota,Meade,39,1,0,44.56676791,-102.71627409999999,46093.0,137.65353663701822,2.5641025641025643,38,37,1,0,36,36,28294,2,0,0,2,1
2020-06-16,US,South Dakota,Mellette,2,0,0,43.58078848,-100.7563186,46095.0,97.0402717127608,0.0,2,1,0,0,1,1,2042,1,0,0,1,0
2020-06-16,US,South Dakota,Miner,3,0,0,44.02197882,-97.60992207,46097.0,135.37906137184117,0.0,3,3,0,0,3,3,2213,0,0,0,0,0
2020-06-16,US,South Dakota,Minnehaha,3488,54,0,43.67441641,-96.7910885,46099.0,1805.9999792889912,1.548165137614679,3434,3485,53,0,3432,3479,192876,3,1,0,2,6
2020-06-16,US,South Dakota,Moody,20,0,0,44.02266214,-96.67081159,46101.0,304.1362530413625,0.0,20,20,0,0,20,20,6579,0,0,0,0,0
2020-06-16,US,South Dakota,Oglala Lakota,48,0,0,43.33749164,-102.55554980000001,46102.0,338.5765676800451,0.0,48,46,0,0,46,46,14309,2,0,0,2,0
2020-06-16,US,South Dakota,Pennington,402,9,0,44.0025835,-102.8240777,46103.0,353.3289386947923,2.238805970149253,393,392,8,0,384,386,111729,10,1,0,9,6
2020-06-16,US,South Dakota,Roberts,40,0,0,45.62975048,-96.94672673,46109.0,384.83740619588224,0.0,40,40,0,0,40,40,10447,0,0,0,0,0
2020-06-16,US,South Dakota,Sanborn,13,0,0,44.02351092,-98.09098159999999,46111.0,554.6075085324234,0.0,13,13,0,0,13,13,2429,0,0,0,0,0
2020-06-16,US,South Dakota,Spink,5,0,0,44.93837606,-98.34626602,46115.0,78.41907151819322,0.0,5,5,0,0,5,5,6495,0,0,0,0,0
2020-06-16,US,South Dakota,Stanley,11,0,0,44.41381872,-100.7349153,46117.0,355.0677856681731,0.0,11,11,0,0,11,11,3022,0,0,0,0,0
2020-06-16,US,South Dakota,Sully,1,0,0,44.71571812,-100.1278092,46119.0,71.89072609633357,0.0,1,1,0,0,1,1,1392,0,0,0,0,0
2020-06-16,US,South Dakota,Todd,48,1,0,43.19338568,-100.71955030000001,46121.0,471.651763781075,2.083333333333333,47,47,1,0,46,47,10283,1,0,0,1,0
2020-06-16,US,South Dakota,Tripp,8,0,0,43.34459388,-99.8854891,46123.0,147.0317956258041,0.0,8,7,0,0,7,7,5478,1,0,0,1,0
2020-06-16,US,South Dakota,Turner,25,0,0,43.3109081,-97.14865776,46125.0,298.18702290076334,0.0,25,25,0,0,25,25,8424,0,0,0,0,0
2020-06-16,US,South Dakota,Union,113,1,0,42.83112163,-96.6557828,46127.0,709.264373587748,0.8849557522123894,112,113,1,0,112,113,15619,0,0,0,0,0
2020-06-16,US,South Dakota,Walworth,6,0,0,45.43019636,-100.03075140000001,46129.0,110.39558417663294,0.0,6,5,0,0,5,5,5587,1,0,0,1,0
2020-06-16,US,South Dakota,Yankton,60,0,0,43.00924485,-97.39467635,46135.0,262.99640571578857,0.0,60,58,0,0,58,58,22869,2,0,0,2,0
2020-06-16,US,South Dakota,Ziebach,2,0,0,44.97881876,-101.6654622,46137.0,72.5689404934688,0.0,2,2,0,0,2,2,2742,0,0,0,0,0
2020-06-16,US,Tennessee,Anderson,65,2,0,36.12684348,-84.19965764,47001.0,84.43971004702642,3.0769230769230766,63,60,2,0,58,60,76482,5,0,0,5,0
2020-06-16,US,Tennessee,Bedford,392,4,0,35.51123746,-86.45549096,47003.0,788.5261400438518,1.020408163265306,388,379,4,0,375,379,49038,13,0,0,13,0
2020-06-16,US,Tennessee,Benton,8,1,0,36.07110411,-88.06849355,47005.0,49.504950495049506,12.5,7,8,1,0,7,8,16184,0,0,0,0,0
2020-06-16,US,Tennessee,Bledsoe,614,1,0,35.59942968,-85.20611967,47007.0,4075.942644715879,0.16286644951140064,613,614,1,0,613,614,14755,0,0,0,0,0
2020-06-16,US,Tennessee,Blount,110,3,0,35.68938198,-83.92847788,47009.0,82.65207982688146,2.727272727272727,107,106,3,0,103,104,131349,4,0,0,4,2
2020-06-16,US,Tennessee,Bradley,302,2,0,35.15739424,-84.857186,47011.0,279.34511146054945,0.6622516556291391,300,288,2,0,286,281,106727,14,0,0,14,7
2020-06-16,US,Tennessee,Campbell,25,1,0,36.40355516,-84.15108559999999,47013.0,62.7478540233924,4.0,24,24,1,0,23,24,39583,1,0,0,1,0
2020-06-16,US,Tennessee,Cannon,34,0,0,35.80990797,-86.05738983,47015.0,231.6391879002589,0.0,34,34,0,0,34,34,14462,0,0,0,0,0
2020-06-16,US,Tennessee,Carroll,36,1,0,35.97366108,-88.45189331,47017.0,129.6503043180754,2.7777777777777777,35,36,1,0,35,36,28020,0,0,0,0,0
2020-06-16,US,Tennessee,Carter,22,1,0,36.28969086,-82.12588974,47019.0,39.01331772800624,4.545454545454546,21,20,1,0,19,20,56351,2,0,0,2,0
2020-06-16,US,Tennessee,Cheatham,158,0,0,36.26136216,-87.08903581,47021.0,388.5214055622495,0.0,158,155,0,0,155,153,40439,3,0,0,3,2
2020-06-16,US,Tennessee,Chester,12,0,0,35.42527478,-88.6095842,47023.0,69.37619240330693,0.0,12,12,0,0,12,12,17276,0,0,0,0,0
2020-06-16,US,Tennessee,Claiborne,15,0,0,36.48319149,-83.65947309,47025.0,46.93513564254201,0.0,15,15,0,0,15,15,31756,0,0,0,0,0
2020-06-16,US,Tennessee,Clay,11,0,0,36.55151008,-85.53930419,47027.0,144.45173998686803,0.0,11,11,0,0,11,11,7717,0,0,0,0,0
2020-06-16,US,Tennessee,Cocke,27,0,0,35.9278914,-83.11828725,47029.0,74.99166759248972,0.0,27,26,0,0,26,26,35774,1,0,0,1,0
2020-06-16,US,Tennessee,Coffee,96,0,0,35.49090731,-86.07311784,47031.0,169.85138004246284,0.0,96,94,0,0,94,94,55700,2,0,0,2,0
2020-06-16,US,Tennessee,Crockett,19,3,0,35.81830662,-89.14916269,47033.0,133.52073085031623,15.789473684210524,16,18,3,0,15,18,14328,1,0,0,1,0
2020-06-16,US,Tennessee,Cumberland,137,2,0,35.95271721,-84.99840585,47035.0,226.37144745538663,1.45985401459854,135,133,2,0,131,131,59673,4,0,0,4,2
2020-06-16,US,Tennessee,Davidson,7016,90,0,36.17007426,-86.78646056,47037.0,1010.7412871104556,1.2827822120866592,6926,6818,88,0,6730,6682,692587,198,2,0,196,136
2020-06-16,US,Tennessee,DeKalb,41,0,0,35.97616272,-85.83689361,47041.0,200.0976085895559,0.0,41,41,0,0,41,41,20138,0,0,0,0,0
2020-06-16,US,Tennessee,Decatur,14,0,0,35.60048904,-88.11043779,47039.0,120.03772614250192,0.0,14,14,0,0,14,14,11706,0,0,0,0,0
2020-06-16,US,Tennessee,Dickson,138,0,0,36.14669837,-87.35891709,47043.0,255.80188329502482,0.0,138,138,0,0,138,135,53446,0,0,0,0,3
2020-06-16,US,Tennessee,Dyer,106,0,0,36.05931946,-89.41542855,47045.0,285.2606367232703,0.0,106,99,0,0,99,91,37320,7,0,0,7,8
2020-06-16,US,Tennessee,Fayette,183,2,0,35.19615831,-89.41399032,47047.0,444.89825687404266,1.0928961748633879,181,177,2,0,175,172,40507,6,0,0,6,5
2020-06-16,US,Tennessee,Fentress,15,0,0,36.38128818,-84.92870012,47049.0,80.98040274253631,0.0,15,14,0,0,14,14,18217,1,0,0,1,0
2020-06-16,US,Tennessee,Franklin,63,2,0,35.15634626,-86.09201039,47051.0,149.26080363912055,3.1746031746031744,61,63,2,0,61,62,41890,0,0,0,0,1
2020-06-16,US,Tennessee,Gibson,69,1,0,35.99438059,-88.93358327,47053.0,140.43514542161074,1.4492753623188406,68,69,1,0,68,68,49045,0,0,0,0,1
2020-06-16,US,Tennessee,Giles,22,0,0,35.20222469,-87.03992678,47055.0,74.66739071409177,0.0,22,23,0,0,23,22,29503,-1,0,0,-1,1
2020-06-16,US,Tennessee,Grainger,22,0,0,36.27469206,-83.51254721,47057.0,94.33962264150944,0.0,22,20,0,0,20,19,23145,2,0,0,2,1
2020-06-16,US,Tennessee,Greene,55,2,0,36.17470125,-82.84691273,47059.0,79.63051441312311,3.636363636363636,53,53,2,0,51,53,69087,2,0,0,2,0
2020-06-16,US,Tennessee,Grundy,36,1,0,35.38433717,-85.72142731,47061.0,268.1164817159455,2.7777777777777777,35,36,1,0,35,33,13346,0,0,0,0,3
2020-06-16,US,Tennessee,Hamblen,88,3,0,36.21990035,-83.26586179,47063.0,135.52222256445006,3.4090909090909087,85,75,3,0,72,75,64569,13,0,0,13,0
2020-06-16,US,Tennessee,Hamilton,1836,21,0,35.17670231,-85.16652245,47065.0,499.1789105066829,1.1437908496732023,1815,1731,20,0,1711,1628,364286,105,1,0,104,103
2020-06-16,US,Tennessee,Hancock,1,0,0,36.52692871,-83.22375847,47067.0,15.105740181268883,0.0,1,1,0,0,1,1,6549,0,0,0,0,0
2020-06-16,US,Tennessee,Hardeman,225,0,0,35.20772017,-88.99161161,47069.0,898.2035928143712,0.0,225,220,0,0,220,217,25220,5,0,0,5,3
2020-06-16,US,Tennessee,Hardin,40,5,0,35.19732531,-88.18593755,47071.0,155.9332605644784,12.5,35,37,4,0,33,33,25776,3,1,0,2,4
2020-06-16,US,Tennessee,Hawkins,35,2,0,36.44355426,-82.94885298,47073.0,61.63491001303139,5.7142857142857135,33,34,2,0,32,34,56530,1,0,0,1,0
2020-06-16,US,Tennessee,Haywood,37,2,0,35.58332824,-89.28536625,47075.0,213.82339343504398,5.405405405405406,35,37,2,0,35,37,17335,0,0,0,0,0
2020-06-16,US,Tennessee,Henderson,19,0,0,35.65581134,-88.38600175,47077.0,67.57477682540812,0.0,19,19,0,0,19,18,27847,0,0,0,0,1
2020-06-16,US,Tennessee,Henry,35,0,0,36.33160906,-88.30121797,47079.0,108.20837842015769,0.0,35,35,0,0,35,35,32358,0,0,0,0,0
2020-06-16,US,Tennessee,Hickman,62,0,0,35.80609681,-87.47643507,47081.0,246.2467233298912,0.0,62,62,0,0,62,61,25063,0,0,0,0,1
2020-06-16,US,Tennessee,Houston,10,0,0,36.28872054,-87.71878828,47083.0,121.93634922570419,0.0,10,10,0,0,10,10,8263,0,0,0,0,0
2020-06-16,US,Tennessee,Humphreys,18,1,0,36.03958805,-87.77992872,47085.0,96.867936712948,5.5555555555555545,17,18,1,0,17,18,18486,0,0,0,0,0
2020-06-16,US,Tennessee,Jackson,20,0,0,36.36380466,-85.67239905,47087.0,169.6928559307653,0.0,20,20,0,0,20,20,11758,0,0,0,0,0
2020-06-16,US,Tennessee,Jefferson,46,0,0,36.04818632,-83.45148924,47089.0,84.41141389118269,0.0,46,45,0,0,45,45,54012,1,0,0,1,0
2020-06-16,US,Tennessee,Johnson,25,0,0,36.45523950000001,-81.84886538,47091.0,140.54418709242185,0.0,25,25,0,0,25,24,17778,0,0,0,0,1
2020-06-16,US,Tennessee,Knox,569,5,0,35.99508821,-83.94635435,47093.0,120.98326008424179,0.8787346221441125,564,560,5,0,555,553,465289,9,0,0,9,7
2020-06-16,US,Tennessee,Lake,689,0,0,36.34180170000001,-89.48921915,47095.0,9820.410490307868,0.0,689,691,0,0,691,691,7411,-2,0,0,-2,0
2020-06-16,US,Tennessee,Lauderdale,68,1,0,35.75893438,-89.63015909999999,47097.0,265.28303358951354,1.4705882352941178,67,65,1,0,64,63,25825,3,0,0,3,2
2020-06-16,US,Tennessee,Lawrence,70,2,0,35.21675201,-87.39787695,47099.0,158.5791309863622,2.8571428571428568,68,65,1,0,64,64,43734,5,1,0,4,1
2020-06-16,US,Tennessee,Lewis,5,0,0,35.52853208,-87.49022694,47101.0,40.75643951744376,0.0,5,6,0,0,6,6,12086,-1,0,0,-1,0
2020-06-16,US,Tennessee,Lincoln,47,0,0,35.13738622,-86.58910106,47103.0,136.7630797881627,0.0,47,47,0,0,47,47,34117,0,0,0,0,0
2020-06-16,US,Tennessee,Loudon,210,1,0,35.73939663,-84.31145275,47105.0,388.39979285344384,0.4761904761904762,209,199,1,0,198,198,53054,11,0,0,11,1
2020-06-16,US,Tennessee,Macon,209,3,0,36.53157855,-86.00778595,47111.0,849.5244289082189,1.4354066985645932,206,207,3,0,204,204,24265,2,0,0,2,3
2020-06-16,US,Tennessee,Madison,183,2,0,35.61181957,-88.84076036,47113.0,186.76518615284127,1.0928961748633879,181,184,2,0,182,184,97605,-1,0,0,-1,0
2020-06-16,US,Tennessee,Marion,49,2,0,35.12997174,-85.62265895,47115.0,169.50911543916698,4.081632653061225,47,49,2,0,47,49,28575,0,0,0,0,0
2020-06-16,US,Tennessee,Marshall,43,1,0,35.45798777,-86.76420988,47117.0,125.0909090909091,2.3255813953488373,42,41,1,0,40,41,33683,2,0,0,2,0
2020-06-16,US,Tennessee,Maury,171,1,0,35.618741299999996,-87.07462444,47119.0,177.40981667652278,0.5847953216374269,170,163,1,0,162,152,94340,8,0,0,8,11
2020-06-16,US,Tennessee,McMinn,169,15,0,35.42812616,-84.61520715,47107.0,314.1614306428226,8.875739644970414,154,168,14,0,154,165,53285,1,1,0,0,3
2020-06-16,US,Tennessee,McNairy,31,0,0,35.17468549,-88.5647812,47109.0,120.65073558029111,0.0,31,31,0,0,31,27,25832,0,0,0,0,4
2020-06-16,US,Tennessee,Meigs,30,0,0,35.51558739,-84.81482914,47121.0,241.50700370310742,0.0,30,29,0,0,29,29,12306,1,0,0,1,0
2020-06-16,US,Tennessee,Monroe,91,4,0,35.44550387,-84.24902965,47123.0,195.50972177462668,4.395604395604397,87,86,4,0,82,86,46357,5,0,0,5,0
2020-06-16,US,Tennessee,Montgomery,341,5,0,36.49609412,-87.38550661,47125.0,163.16335953835775,1.4662756598240467,336,339,5,0,334,332,205950,2,0,0,2,7
2020-06-16,US,Tennessee,Moore,5,0,0,35.27724699,-86.36230578,47127.0,77.06535141800245,0.0,5,5,0,0,5,5,6411,0,0,0,0,0
2020-06-16,US,Tennessee,Morgan,21,1,0,36.13248031,-84.64880098,47129.0,98.11708638975844,4.761904761904762,20,20,0,0,20,19,21579,1,1,0,0,1
2020-06-16,US,Tennessee,Obion,67,1,0,36.35732446,-89.14921589,47131.0,222.82084538893884,1.492537313432836,66,63,1,0,62,61,30267,4,0,0,4,2
2020-06-16,US,Tennessee,Out of TN,463,7,0,0.0,0.0,80047.0,0.0,1.5118790496760257,456,463,7,0,456,463,,0,0,0,0,0
2020-06-16,US,Tennessee,Overton,38,0,0,36.34117832,-85.28989535,47133.0,170.85562699518906,0.0,38,38,0,0,38,37,22068,0,0,0,0,1
2020-06-16,US,Tennessee,Perry,28,0,0,35.63708728,-87.86139634,47135.0,346.7062902426944,0.0,28,27,0,0,27,27,8064,1,0,0,1,0
2020-06-16,US,Tennessee,Pickett,4,0,0,36.55606529,-85.07763299999998,47137.0,79.23930269413628,0.0,4,4,0,0,4,4,5082,0,0,0,0,0
2020-06-16,US,Tennessee,Polk,29,0,0,35.12245443,-84.52075859,47139.0,172.29087452471484,0.0,29,29,0,0,29,29,16898,0,0,0,0,0
2020-06-16,US,Tennessee,Putnam,613,6,0,36.14005459,-85.50646123,47141.0,763.9105240201883,0.9787928221859706,607,610,6,0,604,601,78843,3,0,0,3,9
2020-06-16,US,Tennessee,Rhea,239,0,0,35.60536161,-84.93076643,47143.0,720.595772906805,0.0,239,239,0,0,239,232,33044,0,0,0,0,7
2020-06-16,US,Tennessee,Roane,32,0,0,35.84923189,-84.52458689,47145.0,59.94529991382864,0.0,32,33,0,0,33,33,53140,-1,0,0,-1,0
2020-06-16,US,Tennessee,Robertson,657,9,0,36.52454807,-86.87346725,47147.0,914.8761366326432,1.3698630136986298,648,649,9,0,640,633,71012,8,0,0,8,16
2020-06-16,US,Tennessee,Rutherford,1820,31,0,35.84591405,-86.4107263,47149.0,547.7225875378064,1.7032967032967032,1789,1775,30,0,1745,1719,324890,45,1,0,44,56
2020-06-16,US,Tennessee,Scott,14,0,0,36.42325673,-84.50360494,47151.0,63.44027551205365,0.0,14,14,0,0,14,14,22039,0,0,0,0,0
2020-06-16,US,Tennessee,Sequatchie,22,0,0,35.36979721,-85.41022136,47153.0,146.41288433382138,0.0,22,22,0,0,22,22,14876,0,0,0,0,0
2020-06-16,US,Tennessee,Sevier,285,2,0,35.78077323,-83.52244332,47155.0,290.0763358778626,0.7017543859649122,283,248,2,0,246,233,97892,37,0,0,37,15
2020-06-16,US,Tennessee,Shelby,7104,155,0,35.1864775,-89.89692423,47157.0,758.0300608430098,2.181869369369369,6949,6954,153,0,6801,6773,935764,150,2,0,148,181
2020-06-16,US,Tennessee,Smith,43,1,0,36.25359775,-85.95411046,47159.0,213.32539564419307,2.3255813953488373,42,41,1,0,40,40,19942,2,0,0,2,1
2020-06-16,US,Tennessee,Stewart,16,0,0,36.50235092,-87.83920548,47161.0,116.66059059423988,0.0,16,16,0,0,16,16,13561,0,0,0,0,0
2020-06-16,US,Tennessee,Sullivan,70,2,0,36.51240691,-82.30412917,47163.0,44.20643140424887,2.8571428571428568,68,70,2,0,68,70,157668,0,0,0,0,0
2020-06-16,US,Tennessee,Sumner,1112,48,0,36.46824103,-86.45917204,47165.0,581.3375992639178,4.316546762589929,1064,1105,48,0,1057,1088,187149,7,0,0,7,17
2020-06-16,US,Tennessee,Tipton,525,3,0,35.501942,-89.73694895,47167.0,852.2865630935569,0.5714285714285714,522,520,3,0,517,510,61581,5,0,0,5,10
2020-06-16,US,Tennessee,Trousdale,1460,4,0,36.39026213,-86.16087954,47169.0,12938.67422899681,0.273972602739726,1456,1458,4,0,1454,1458,11012,2,0,0,2,0
2020-06-16,US,Tennessee,Unassigned,152,0,0,0.0,0.0,90047.0,0.0,0.0,152,152,0,0,152,152,,0,0,0,0,0
2020-06-16,US,Tennessee,Unicoi,52,0,0,36.10890856,-82.43709629,47171.0,290.77895207739186,0.0,52,53,0,0,53,53,17761,-1,0,0,-1,0
2020-06-16,US,Tennessee,Union,9,0,0,36.28590426,-83.83651902,47173.0,45.063088323653105,0.0,9,8,0,0,8,8,19688,1,0,0,1,0
2020-06-16,US,Tennessee,Van Buren,5,0,0,35.69864497,-85.45221699,47175.0,85.14986376021798,0.0,5,5,0,0,5,4,5765,0,0,0,0,1
2020-06-16,US,Tennessee,Warren,35,0,0,35.672829899999996,-85.77969117,47177.0,84.7929839862393,0.0,35,33,0,0,33,33,40878,2,0,0,2,0
2020-06-16,US,Tennessee,Washington,91,0,0,36.29472368,-82.49454720000001,47179.0,70.33816425120773,0.0,91,90,0,0,90,90,128607,1,0,0,1,0
2020-06-16,US,Tennessee,Wayne,64,0,0,35.23868267,-87.78644456,47181.0,383.85413542853723,0.0,64,64,0,0,64,64,16558,0,0,0,0,0
2020-06-16,US,Tennessee,Weakley,32,0,0,36.29896232,-88.71990865,47183.0,96.01536245799328,0.0,32,30,0,0,30,30,33415,2,0,0,2,0
2020-06-16,US,Tennessee,White,49,2,0,35.92929884,-85.45591799,47185.0,179.1918083744743,4.081632653061225,47,48,2,0,46,48,27107,1,0,0,1,0
2020-06-16,US,Tennessee,Williamson,723,12,0,35.89099229,-86.89281867,47187.0,303.2565474892204,1.6597510373443984,711,703,12,0,691,686,231729,20,0,0,20,17
2020-06-16,US,Tennessee,Wilson,537,14,0,36.15496772,-86.29775884,47189.0,371.2229619029843,2.60707635009311,523,518,13,0,505,515,140625,19,1,0,18,3
2020-06-16,US,Texas,Anderson,102,2,0,31.81534745,-95.65354823,48001.0,176.6692647440894,1.96078431372549,100,102,0,0,102,102,58057,0,2,0,-2,0
2020-06-16,US,Texas,Andrews,30,0,0,32.30468633,-102.63765479999999,48003.0,160.38492381716117,0.0,30,28,0,0,28,28,18128,2,0,0,2,0
2020-06-16,US,Texas,Angelina,331,5,0,31.25457347,-94.60901487,48005.0,381.7102000807242,1.5105740181268883,326,309,5,0,304,309,87092,22,0,0,22,0
2020-06-16,US,Texas,Aransas,7,0,0,28.10556197,-96.9995047,48007.0,29.774564015312638,0.0,7,6,0,0,6,6,23792,1,0,0,1,0
2020-06-16,US,Texas,Archer,3,0,0,33.61569967,-98.68754589,48009.0,35.0754121360926,0.0,3,3,0,0,3,3,8786,0,0,0,0,0
2020-06-16,US,Texas,Armstrong,2,0,0,34.96507426,-101.35748740000001,48011.0,105.98834128245892,0.0,2,2,0,0,2,2,1892,0,0,0,0,0
2020-06-16,US,Texas,Atascosa,42,2,0,28.89333001,-98.52730485,48013.0,82.106621312533,4.761904761904762,40,42,2,0,40,42,50310,0,0,0,0,0
2020-06-16,US,Texas,Austin,36,0,0,29.88548725,-96.27736949,48015.0,119.87213638785296,0.0,36,34,0,0,34,34,29989,2,0,0,2,0
2020-06-16,US,Texas,Bailey,40,0,0,34.06854817,-102.8299707,48017.0,571.4285714285714,0.0,40,34,0,0,34,34,7027,6,0,0,6,0
2020-06-16,US,Texas,Bandera,7,0,0,29.74619598,-99.24598147,48019.0,30.28729664243683,0.0,7,7,0,0,7,7,22824,0,0,0,0,0
2020-06-16,US,Texas,Bastrop,313,4,0,30.10370699,-97.31206354,48021.0,352.78338198663255,1.2779552715654952,309,295,4,0,291,295,86976,18,0,0,18,0
2020-06-16,US,Texas,Baylor,1,0,0,33.61640794,-99.21352901,48023.0,28.498147620404676,0.0,1,1,0,0,1,1,3582,0,0,0,0,0
2020-06-16,US,Texas,Bee,32,0,0,28.41761668,-97.74215593,48025.0,98.26500844464917,0.0,32,31,0,0,31,31,32587,1,0,0,1,0
2020-06-16,US,Texas,Bell,651,7,0,31.03736027,-97.4785025,48027.0,179.37639836439584,1.075268817204301,644,629,6,0,623,629,355642,22,1,0,21,0
2020-06-16,US,Texas,Bexar,4437,89,0,29.44928723,-98.52019748,48029.0,221.45647184952338,2.005859815190444,4348,4393,88,0,4305,4242,1986049,44,1,0,43,151
2020-06-16,US,Texas,Blanco,11,1,0,30.26640707,-98.3999852,48031.0,92.19679825664237,9.090909090909092,10,11,1,0,10,11,11702,0,0,0,0,0
2020-06-16,US,Texas,Bosque,7,0,0,31.89978581,-97.63613524,48035.0,37.46320578003746,0.0,7,7,0,0,7,7,18691,0,0,0,0,0
2020-06-16,US,Texas,Bowie,377,8,0,33.44626922,-94.41834132,48037.0,404.3112231218832,2.122015915119364,369,372,7,0,365,373,94324,5,1,0,4,-1
2020-06-16,US,Texas,Brazoria,1495,18,0,29.18757369,-95.44563172,48039.0,399.4506551525126,1.2040133779264215,1477,864,13,0,851,850,370200,631,5,0,626,14
2020-06-16,US,Texas,Brazos,821,25,0,30.663644800000004,-96.30205577,48041.0,358.1852528892593,3.0450669914738118,796,803,25,0,778,781,226758,18,0,0,18,22
2020-06-16,US,Texas,Brewster,13,0,0,29.81008251,-103.25203259999999,48043.0,141.25828534173638,0.0,13,11,0,0,11,7,9267,2,0,0,2,4
2020-06-16,US,Texas,Briscoe,1,0,0,34.53026962,-101.2084947,48045.0,64.68305304010349,0.0,1,1,0,0,1,1,1516,0,0,0,0,0
2020-06-16,US,Texas,Brooks,3,0,0,27.03103197,-98.21808402,48047.0,42.295220640067676,0.0,3,2,0,0,2,2,7114,1,0,0,1,0
2020-06-16,US,Texas,Brown,61,10,0,31.77430356,-98.99907113,48049.0,161.10289457004015,16.393442622950822,51,60,10,0,50,60,37924,1,0,0,1,0
2020-06-16,US,Texas,Burleson,45,0,0,30.49273808,-96.62158484,48051.0,243.99501165753944,0.0,45,41,0,0,41,41,18389,4,0,0,4,0
2020-06-16,US,Texas,Burnet,62,1,0,30.78801353,-98.181887,48053.0,128.7509085245561,1.6129032258064515,61,62,1,0,61,62,47542,0,0,0,0,0
2020-06-16,US,Texas,Caldwell,157,0,0,29.83668859,-97.61814775,48055.0,359.56394283620375,0.0,157,147,0,0,147,147,43247,10,0,0,10,0
2020-06-16,US,Texas,Calhoun,46,3,0,28.47048236,-96.61633945,48057.0,216.06387975575387,6.521739130434782,43,46,3,0,43,46,21561,0,0,0,0,0
2020-06-16,US,Texas,Callahan,13,2,0,32.29760619,-99.37326312,48059.0,93.23674962346699,15.384615384615385,11,13,2,0,11,13,13994,0,0,0,0,0
2020-06-16,US,Texas,Cameron,1178,44,0,26.14524221,-97.48140372,48061.0,278.37972601574336,3.735144312393888,1134,1138,44,0,1094,1138,423908,40,0,0,40,0
2020-06-16,US,Texas,Camp,109,1,0,32.97195142,-94.97790104,48063.0,832.4423400030548,0.9174311926605504,108,108,1,0,107,106,13033,1,0,0,1,2
2020-06-16,US,Texas,Carson,6,0,0,35.40365929,-101.35426690000001,48065.0,101.24873439082012,0.0,6,6,0,0,6,6,6005,0,0,0,0,0
2020-06-16,US,Texas,Cass,34,2,0,33.07499881,-94.34646905,48067.0,113.23519616332511,5.882352941176472,32,34,2,0,32,34,30119,0,0,0,0,0
2020-06-16,US,Texas,Castro,48,1,0,34.53016752,-102.2617243,48069.0,637.4501992031873,2.083333333333333,47,42,1,0,41,42,7665,6,0,0,6,0
2020-06-16,US,Texas,Chambers,116,1,0,29.70972016,-94.67154501,48071.0,264.61664803704633,0.8620689655172413,115,109,1,0,108,106,42454,7,0,0,7,3
2020-06-16,US,Texas,Cherokee,61,2,0,31.837258000000002,-95.16559897,48073.0,115.8682520989249,3.278688524590164,59,54,2,0,52,54,52592,7,0,0,7,0
2020-06-16,US,Texas,Childress,6,0,0,34.529304100000004,-100.2077916,48075.0,82.12428141253764,0.0,6,6,0,0,6,6,7291,0,0,0,0,0
2020-06-16,US,Texas,Clay,5,0,0,33.78686685,-98.20771198,48077.0,47.75093114315729,0.0,5,5,0,0,5,5,10456,0,0,0,0,0
2020-06-16,US,Texas,Cochran,1,0,0,33.60425307,-102.82844990000001,48079.0,35.05082369435681,0.0,1,1,0,0,1,1,2836,0,0,0,0,0
2020-06-16,US,Texas,Coke,4,0,0,31.88911733,-100.5297533,48081.0,118.09861234130501,0.0,4,4,0,0,4,4,3370,0,0,0,0,0
2020-06-16,US,Texas,Coleman,3,0,0,31.76736834,-99.45240766,48083.0,36.697247706422026,0.0,3,3,0,0,3,3,8397,0,0,0,0,0
2020-06-16,US,Texas,Collin,1787,38,0,33.18820114,-96.57264368,48085.0,172.70205754158093,2.1264689423614995,1749,1667,37,0,1630,1647,1005146,120,1,0,119,20
2020-06-16,US,Texas,Collingsworth,5,0,0,34.96489496,-100.27001109999999,48087.0,171.23287671232876,0.0,5,5,0,0,5,5,2962,0,0,0,0,0
2020-06-16,US,Texas,Colorado,36,0,0,29.622097999999998,-96.5273805,48089.0,167.4963941748476,0.0,36,34,0,0,34,33,21217,2,0,0,2,1
2020-06-16,US,Texas,Comal,159,7,0,29.80811278,-98.27647225,48091.0,101.78670883239764,4.402515723270441,152,159,7,0,152,159,148373,0,0,0,0,0
2020-06-16,US,Texas,Comanche,14,1,0,31.94854689,-98.55876441,48093.0,102.67693436010269,7.142857142857142,13,12,1,0,11,12,13534,2,0,0,2,0
2020-06-16,US,Texas,Concho,1,0,0,31.32635934,-99.86473038,48095.0,36.683785766691116,0.0,1,1,0,0,1,1,4276,0,0,0,0,0
2020-06-16,US,Texas,Cooke,24,0,0,33.63979567,-97.21240912,48097.0,58.171946578762395,0.0,24,23,0,0,23,23,40574,1,0,0,1,0
2020-06-16,US,Texas,Coryell,300,2,0,31.39078397,-97.79936155,48099.0,394.9915076825848,0.6666666666666666,298,300,2,0,298,300,74808,0,0,0,0,0
2020-06-16,US,Texas,Cottle,4,1,0,34.07783319,-100.27850620000001,48101.0,286.12303290414883,25.0,3,4,1,0,3,4,1389,0,0,0,0,0
2020-06-16,US,Texas,Crane,39,5,0,31.43052248,-102.5143314,48103.0,813.0081300813008,12.82051282051282,34,32,5,0,27,32,4794,7,0,0,7,0
2020-06-16,US,Texas,Crockett,5,0,0,30.72367027,-101.4134238,48105.0,144.3418013856813,0.0,5,5,0,0,5,5,3499,0,0,0,0,0
2020-06-16,US,Texas,Crosby,7,1,0,33.61431553,-101.30003640000001,48107.0,122.01499041310791,14.285714285714285,6,4,1,0,3,4,5779,3,0,0,3,0
2020-06-16,US,Texas,Dallam,36,1,0,36.27787176,-102.60207249999999,48111.0,494.0304652120214,2.7777777777777777,35,35,1,0,34,35,7200,1,0,0,1,0
2020-06-16,US,Texas,Dallas,14843,293,0,32.76670599,-96.77796049999999,48113.0,563.1914205794993,1.9739944755103416,14550,14537,285,0,14252,14232,2637772,306,8,0,298,305
2020-06-16,US,Texas,Dawson,45,1,0,32.74255572,-101.94772420000001,48115.0,353.55122564424886,2.2222222222222223,44,45,1,0,44,45,12619,0,0,0,0,0
2020-06-16,US,Texas,DeWitt,31,1,0,29.08101855,-97.35681170000001,48123.0,153.7698412698413,3.2258064516129035,30,28,1,0,27,28,20187,3,0,0,3,0
2020-06-16,US,Texas,Deaf Smith,222,14,0,34.96522957,-102.6054267,48117.0,1197.0236169524426,6.306306306306308,208,212,14,0,198,212,18760,10,0,0,10,0
2020-06-16,US,Texas,Delta,2,0,0,33.38570922,-95.66921122,48119.0,37.51641343087601,0.0,2,2,0,0,2,2,5349,0,0,0,0,0
2020-06-16,US,Texas,Denton,1772,36,0,33.20521901,-97.11691153,48121.0,199.72791017203426,2.031602708803612,1736,1736,36,0,1700,1719,859064,36,0,0,36,17
2020-06-16,US,Texas,Dickens,2,0,0,33.61616822,-100.7788855,48125.0,90.45680687471732,0.0,2,2,0,0,2,2,2249,0,0,0,0,0
2020-06-16,US,Texas,Dimmit,1,0,0,28.42270064,-99.75645095,48127.0,9.877518767285656,0.0,1,1,0,0,1,1,10308,0,0,0,0,0
2020-06-16,US,Texas,Donley,28,0,0,34.96517499,-100.8140093,48129.0,854.1793776693106,0.0,28,28,0,0,28,28,3319,0,0,0,0,0
2020-06-16,US,Texas,Duval,5,0,0,27.68184592,-98.50864568,48131.0,44.81491440351349,0.0,5,5,0,0,5,5,11212,0,0,0,0,0
2020-06-16,US,Texas,Eastland,7,0,0,32.32743996,-98.83243566,48133.0,38.12636165577342,0.0,7,7,0,0,7,7,18322,0,0,0,0,0
2020-06-16,US,Texas,Ector,260,6,0,31.86898877,-102.54294279999999,48135.0,156.41638040463715,2.3076923076923075,254,238,6,0,232,238,162124,22,0,0,22,0
2020-06-16,US,Texas,El Paso,3948,109,0,31.76980765,-106.23632749999999,48141.0,470.4267442608652,2.7608915906788245,3839,3911,102,0,3809,3834,840758,37,7,0,30,77
2020-06-16,US,Texas,Ellis,458,19,0,32.34894117,-96.79371841,48139.0,247.8006341099196,4.148471615720524,439,448,19,0,429,448,179436,10,0,0,10,0
2020-06-16,US,Texas,Erath,37,1,0,32.23602653,-98.21773417,48143.0,86.65511265164646,2.702702702702702,36,36,1,0,35,36,42446,1,0,0,1,0
2020-06-16,US,Texas,Falls,18,0,0,31.25350609,-96.93630086,48145.0,104.06428860496041,0.0,18,17,0,0,17,17,17335,1,0,0,1,0
2020-06-16,US,Texas,Fannin,55,6,0,33.59564294,-96.10751083,48147.0,154.86850256236974,10.909090909090908,49,54,2,0,52,54,35286,1,4,0,-3,0
2020-06-16,US,Texas,Fayette,45,2,0,29.87788372,-96.92076062,48149.0,177.5428075435966,4.4444444444444455,43,44,2,0,42,44,25349,1,0,0,1,0
2020-06-16,US,Texas,Fisher,2,1,0,32.74281316,-100.40193020000001,48151.0,52.219321148825074,50.0,1,2,1,0,1,2,3839,0,0,0,0,0
2020-06-16,US,Texas,Floyd,16,1,0,34.07227468,-101.3031546,48153.0,280.11204481792714,6.25,15,16,1,0,15,16,5837,0,0,0,0,0
2020-06-16,US,Texas,Fort Bend,2402,49,0,29.52704478,-95.77219463,48157.0,295.92651363578125,2.039966694421316,2353,2385,49,0,2336,2385,787858,17,0,0,17,0
2020-06-16,US,Texas,Franklin,27,0,0,33.17653242,-95.21917243,48159.0,251.74825174825176,0.0,27,27,0,0,27,27,10766,0,0,0,0,0
2020-06-16,US,Texas,Freestone,17,0,0,31.70422788,-96.15072516,48161.0,86.22001318659025,0.0,17,15,0,0,15,15,19808,2,0,0,2,0
2020-06-16,US,Texas,Frio,79,0,0,28.86751206,-99.10804207,48163.0,389.0475721461637,0.0,79,79,0,0,79,79,19816,0,0,0,0,0
2020-06-16,US,Texas,Gaines,14,0,0,32.74055318,-102.6353295,48165.0,65.14051740182393,0.0,14,14,0,0,14,14,20901,0,0,0,0,0
2020-06-16,US,Texas,Galveston,1312,40,0,29.40167322,-94.90469073,48167.0,383.4698762783547,3.0487804878048776,1272,1255,40,0,1215,1237,337890,57,0,0,57,18
2020-06-16,US,Texas,Garza,7,0,0,33.17969345,-101.2984114,48169.0,112.37758869802536,0.0,7,6,0,0,6,6,6578,1,0,0,1,0
2020-06-16,US,Texas,Gillespie,9,0,0,30.31824095,-98.94676915,48171.0,33.34815473543797,0.0,9,6,0,0,6,6,26804,3,0,0,3,0
2020-06-16,US,Texas,Glasscock,3,0,0,31.86942909,-101.5207776,48173.0,212.91696238467,0.0,3,2,0,0,2,2,1388,1,0,0,1,0
2020-06-16,US,Texas,Goliad,7,0,0,28.65696592,-97.42760647,48175.0,91.40767824497256,0.0,7,7,0,0,7,7,7584,0,0,0,0,0
2020-06-16,US,Texas,Gonzales,169,4,0,29.45634206,-97.49424032,48177.0,811.0572539233095,2.366863905325444,165,166,4,0,162,166,20826,3,0,0,3,0
2020-06-16,US,Texas,Gray,111,3,0,35.40081878,-100.8129222,48179.0,507.1735355935301,2.702702702702702,108,111,3,0,108,111,21895,0,0,0,0,0
2020-06-16,US,Texas,Grayson,440,4,0,33.62744998,-96.67753461,48181.0,323.0258714357032,0.9090909090909092,436,438,4,0,434,433,133991,2,0,0,2,5
2020-06-16,US,Texas,Gregg,285,12,0,32.47940482,-94.81591935,48183.0,229.94069950381214,4.2105263157894735,273,278,11,0,267,278,123707,7,1,0,6,0
2020-06-16,US,Texas,Grimes,281,2,0,30.54579585,-95.98902499,48185.0,972.9916897506926,0.7117437722419929,279,274,2,0,272,274,28360,7,0,0,7,0
2020-06-16,US,Texas,Guadalupe,175,0,0,29.58165339,-97.94786822,48187.0,104.8865127931578,0.0,175,171,0,0,171,171,163694,4,0,0,4,0
2020-06-16,US,Texas,Hale,100,5,0,34.07044901,-101.82681140000001,48189.0,299.34742261869127,5.0,95,85,5,0,80,85,33830,15,0,0,15,0
2020-06-16,US,Texas,Hall,2,1,0,34.5307555,-100.68138520000001,48191.0,67.47638326585695,50.0,1,2,1,0,1,2,3028,0,0,0,0,0
2020-06-16,US,Texas,Hamilton,15,1,0,31.70470573,-98.11083887,48193.0,177.28400898238982,6.666666666666668,14,11,1,0,10,11,8484,4,0,0,4,0
2020-06-16,US,Texas,Hansford,23,2,0,36.27743284,-101.3545796,48195.0,426.0048157066124,8.695652173913043,21,21,2,0,19,21,5463,2,0,0,2,0
2020-06-16,US,Texas,Hardeman,4,0,0,34.28944521,-99.74632408,48197.0,101.70353419781335,0.0,4,4,0,0,4,4,3922,0,0,0,0,0
2020-06-16,US,Texas,Hardin,147,5,0,30.33364686,-94.38931817,48199.0,255.19947224054718,3.4013605442176873,142,146,5,0,141,146,57207,1,0,0,1,0
2020-06-16,US,Texas,Harris,17707,289,0,29.86,-95.39,48201.0,375.6795892496274,1.632122889252838,17418,17282,284,0,16998,16778,4698619,425,5,0,420,504
2020-06-16,US,Texas,Harrison,269,29,0,32.54935988,-94.36934071,48203.0,404.1891424879419,10.780669144981413,240,270,28,0,242,269,66726,-1,1,0,-2,1
2020-06-16,US,Texas,Hartley,13,2,0,35.84008013,-102.6029022,48205.0,233.14203730272598,15.384615384615385,11,13,2,0,11,13,5619,0,0,0,0,0
2020-06-16,US,Texas,Haskell,4,0,0,33.17823584,-99.73037358,48207.0,70.69635913750443,0.0,4,4,0,0,4,4,5813,0,0,0,0,0
2020-06-16,US,Texas,Hays,938,5,0,30.05669873,-98.02944344,48209.0,407.4876950011078,0.5330490405117271,933,673,5,0,668,673,222631,265,0,0,265,0
2020-06-16,US,Texas,Hemphill,1,0,0,35.83764858,-100.2703577,48211.0,26.18486514794449,0.0,1,1,0,0,1,1,3825,0,0,0,0,0
2020-06-16,US,Texas,Henderson,82,3,0,32.21128872,-95.85846587,48213.0,99.10922561852615,3.6585365853658534,79,80,3,0,77,80,82299,2,0,0,2,0
2020-06-16,US,Texas,Hidalgo,1112,15,0,26.39418217,-98.18299696,48215.0,128.0063358531703,1.3489208633093526,1097,1050,12,0,1038,967,865939,62,3,0,59,83
2020-06-16,US,Texas,Hill,38,1,0,31.99045053,-97.13423143,48217.0,103.68632159131218,2.631578947368421,37,36,1,0,35,36,36354,2,0,0,2,0
2020-06-16,US,Texas,Hockley,28,1,0,33.60771256,-102.3431676,48219.0,121.62807871074236,3.571428571428572,27,28,1,0,27,28,22980,0,0,0,0,0
2020-06-16,US,Texas,Hood,35,4,0,32.42990927,-97.83242024,48221.0,56.778547442531995,11.428571428571427,31,35,4,0,31,35,60537,0,0,0,0,0
2020-06-16,US,Texas,Hopkins,44,0,0,33.14875072,-95.56351139,48223.0,118.64955236759786,0.0,44,41,0,0,41,41,36810,3,0,0,3,0
2020-06-16,US,Texas,Houston,147,0,0,31.31925973,-95.42226208,48225.0,640.0208986415882,0.0,147,156,0,0,156,156,23169,-9,0,0,-9,0
2020-06-16,US,Texas,Howard,23,1,0,32.30621324,-101.4356444,48227.0,62.73183504254855,4.3478260869565215,22,18,1,0,17,18,36459,5,0,0,5,0
2020-06-16,US,Texas,Hudspeth,13,0,0,31.45628381,-105.388178,48229.0,266.06631191158414,0.0,13,13,0,0,13,13,4795,0,0,0,0,0
2020-06-16,US,Texas,Hunt,185,5,0,33.12351514,-96.08551032,48231.0,187.63819299348842,2.702702702702702,180,185,5,0,180,185,96493,0,0,0,0,0
2020-06-16,US,Texas,Hutchinson,45,0,0,35.84006574,-101.3546643,48233.0,214.9202407106696,0.0,45,45,0,0,45,45,21198,0,0,0,0,0
2020-06-16,US,Texas,Irion,1,0,0,31.30375559,-100.982439,48235.0,65.10416666666667,0.0,1,1,0,0,1,1,1522,0,0,0,0,0
2020-06-16,US,Texas,Jack,4,0,0,33.23377248,-98.17283469,48237.0,44.76776720761052,0.0,4,4,0,0,4,4,8843,0,0,0,0,0
2020-06-16,US,Texas,Jackson,21,1,0,28.95472367,-96.57749563,48239.0,142.27642276422762,4.761904761904762,20,21,1,0,20,21,14874,0,0,0,0,0
2020-06-16,US,Texas,Jasper,32,1,0,30.74685667,-94.02667579,48241.0,90.06726899152805,3.125,31,32,1,0,31,32,35872,0,0,0,0,0
2020-06-16,US,Texas,Jefferson,1279,32,0,29.8832777,-94.16434171,48245.0,508.41730765408545,2.501954652071931,1247,1242,31,0,1211,1235,255001,37,1,0,36,7
2020-06-16,US,Texas,Jim Hogg,4,0,0,27.04453923,-98.69681870000001,48247.0,76.92307692307692,0.0,4,4,0,0,4,4,5248,0,0,0,0,0
2020-06-16,US,Texas,Jim Wells,18,0,0,27.73103938,-98.0904705,48249.0,44.464206313917295,0.0,18,18,0,0,18,18,40822,0,0,0,0,0
2020-06-16,US,Texas,Johnson,232,4,0,32.37877812,-97.36615819,48251.0,131.9553854291678,1.7241379310344829,228,232,4,0,228,232,171361,0,0,0,0,0
2020-06-16,US,Texas,Jones,630,0,0,32.73997145,-99.87861576,48253.0,3136.981526664343,0.0,630,631,0,0,631,631,19817,-1,0,0,-1,0
2020-06-16,US,Texas,Karnes,4,0,0,28.90705334,-97.85960149,48255.0,25.63938209089161,0.0,4,4,0,0,4,4,15650,0,0,0,0,0
2020-06-16,US,Texas,Kaufman,339,4,0,32.599141700000004,-96.28734728,48257.0,248.9827695109949,1.1799410029498525,335,330,3,0,327,330,128622,9,1,0,8,0
2020-06-16,US,Texas,Kendall,36,0,0,29.94414155,-98.7113588,48259.0,75.89972802597455,0.0,36,36,0,0,36,36,45641,0,0,0,0,0
2020-06-16,US,Texas,Kerr,20,1,0,30.06040006,-99.34930144,48265.0,38.02281368821293,5.0,19,20,1,0,19,20,52405,0,0,0,0,0
2020-06-16,US,Texas,Kimble,1,0,0,30.48678918,-99.74856473,48267.0,23.057412958266077,0.0,1,1,0,0,1,1,4362,0,0,0,0,0
2020-06-16,US,Texas,Kinney,1,0,0,29.34967888,-100.41866379999999,48271.0,27.27024815925825,0.0,1,1,0,0,1,1,3767,0,0,0,0,0
2020-06-16,US,Texas,Kleberg,20,1,0,27.42435506,-97.69894948,48273.0,65.18904823989571,5.0,19,20,1,0,19,20,31129,0,0,0,0,0
2020-06-16,US,Texas,Knox,1,0,0,33.60519951,-99.74229059999999,48275.0,27.29257641921397,0.0,1,1,0,0,1,1,3653,0,0,0,0,0
2020-06-16,US,Texas,La Salle,4,0,0,28.34453111,-99.09908775,48283.0,53.19148936170214,0.0,4,4,0,0,4,4,7531,0,0,0,0,0
2020-06-16,US,Texas,Lamar,174,12,0,33.66981763,-95.57404777,48277.0,348.98413526143725,6.896551724137932,162,165,11,0,154,165,49728,9,1,0,8,0
2020-06-16,US,Texas,Lamb,20,0,0,34.06859623,-102.35162890000001,48279.0,155.12293492592883,0.0,20,18,0,0,18,18,13158,2,0,0,2,0
2020-06-16,US,Texas,Lampasas,11,0,0,31.19531316,-98.24206613,48281.0,51.3347022587269,0.0,11,9,0,0,9,9,21229,2,0,0,2,0
2020-06-16,US,Texas,Lavaca,22,1,0,29.38508402,-96.93186692,48285.0,109.15947206509874,4.545454545454546,21,22,1,0,21,22,20110,0,0,0,0,0
2020-06-16,US,Texas,Lee,36,2,0,30.31120597,-96.97045773,48287.0,208.82881837693603,5.5555555555555545,34,35,2,0,33,35,17144,1,0,0,1,0
2020-06-16,US,Texas,Leon,12,0,0,31.29872538,-95.9936328,48289.0,68.94966674327739,0.0,12,11,0,0,11,11,17270,1,0,0,1,0
2020-06-16,US,Texas,Liberty,137,3,0,30.15152688,-94.81205615,48291.0,155.29534454029178,2.18978102189781,134,127,3,0,124,122,86323,10,0,0,10,5
2020-06-16,US,Texas,Limestone,40,1,0,31.5454767,-96.58095444,48293.0,170.6703076332295,2.5,39,39,1,0,38,39,23519,1,0,0,1,0
2020-06-16,US,Texas,Lipscomb,9,0,0,36.27783108,-100.27331509999999,48295.0,278.3792143519951,0.0,9,7,0,0,7,7,3355,2,0,0,2,0
2020-06-16,US,Texas,Live Oak,10,0,0,28.35101362,-98.1246786,48297.0,81.92020971573687,0.0,10,9,0,0,9,9,12166,1,0,0,1,0
2020-06-16,US,Texas,Llano,5,0,0,30.70645047,-98.68475262,48299.0,22.94104152328516,0.0,5,4,0,0,4,4,21646,1,0,0,1,0
2020-06-16,US,Texas,Lubbock,894,51,0,33.61008596,-101.82047890000001,48303.0,287.85873670585283,5.704697986577182,843,857,51,0,806,847,307412,37,0,0,37,10
2020-06-16,US,Texas,Lynn,21,1,0,33.17657705,-101.8162849,48305.0,352.88186859351373,4.761904761904762,20,19,1,0,18,19,5877,2,0,0,2,0
2020-06-16,US,Texas,Madison,22,0,0,30.96694679,-95.93003775,48313.0,154.0184822178661,0.0,22,20,0,0,20,20,14422,2,0,0,2,0
2020-06-16,US,Texas,Marion,21,1,0,32.79868409,-94.35661230000001,48315.0,213.11142683174344,4.761904761904762,20,21,1,0,20,19,9928,0,0,0,0,2
2020-06-16,US,Texas,Martin,4,1,0,32.30600051,-101.9513518,48317.0,69.31207762952694,25.0,3,4,1,0,3,3,5753,0,0,0,0,1
2020-06-16,US,Texas,Mason,33,0,0,30.71780434,-99.22629416,48319.0,772.1104351895182,0.0,33,33,0,0,33,33,4280,0,0,0,0,0
2020-06-16,US,Texas,Matagorda,85,5,0,28.81955746,-96.01230294,48321.0,231.96790655786918,5.882352941176472,80,81,5,0,76,80,36552,4,0,0,4,1
2020-06-16,US,Texas,Maverick,199,2,0,28.7429195,-100.3157686,48323.0,338.88491536391814,1.0050251256281406,197,160,2,0,158,160,58485,39,0,0,39,0
2020-06-16,US,Texas,McCulloch,4,0,0,31.1925468,-99.34682807,48307.0,50.100200400801604,0.0,4,3,0,0,3,3,7987,1,0,0,1,0
2020-06-16,US,Texas,McLennan,178,4,0,31.55255453,-97.20217694,48309.0,69.36244997525553,2.247191011235955,174,163,4,0,159,158,254607,15,0,0,15,5
2020-06-16,US,Texas,Medina,221,2,0,29.355730100000002,-99.11030298,48325.0,428.4274193548387,0.9049773755656108,219,221,2,0,219,221,50921,0,0,0,0,0
2020-06-16,US,Texas,Midland,222,13,0,31.86904128,-102.03156820000001,48329.0,125.542888165038,5.855855855855856,209,201,13,0,188,201,172578,21,0,0,21,0
2020-06-16,US,Texas,Milam,44,1,0,30.78581830000001,-96.97718698,48331.0,177.2549651532853,2.272727272727273,43,44,1,0,43,44,25131,0,0,0,0,0
2020-06-16,US,Texas,Mills,1,0,0,31.49557106,-98.59272068,48333.0,20.521239482864765,0.0,1,1,0,0,1,1,4921,0,0,0,0,0
2020-06-16,US,Texas,Mitchell,2,0,0,32.30623474,-100.9212058,48335.0,23.405500292568757,0.0,2,2,0,0,2,2,8145,0,0,0,0,0
2020-06-16,US,Texas,Montague,9,1,0,33.67521893,-97.72500958,48337.0,45.41326067211626,11.111111111111109,8,9,1,0,8,9,19596,0,0,0,0,0
2020-06-16,US,Texas,Montgomery,1359,33,0,30.30079133,-95.50572772,48339.0,223.7438486905469,2.428256070640177,1326,1300,33,0,1267,1258,590925,59,0,0,59,42
2020-06-16,US,Texas,Moore,872,14,0,35.83769242,-101.8930281,48341.0,4164.278892072588,1.6055045871559632,858,873,14,0,859,873,21485,-1,0,0,-1,0
2020-06-16,US,Texas,Morris,31,0,0,33.11304005,-94.73255695,48343.0,250.2421698417824,0.0,31,31,0,0,31,31,12339,0,0,0,0,0
2020-06-16,US,Texas,Motley,1,0,0,34.07408766,-100.77972199999999,48345.0,83.33333333333333,0.0,1,1,0,0,1,1,1234,0,0,0,0,0
2020-06-16,US,Texas,Nacogdoches,326,25,0,31.62017125,-94.61803994,48347.0,499.9693270351512,7.668711656441718,301,324,25,0,299,324,65711,2,0,0,2,0
2020-06-16,US,Texas,Navarro,98,4,0,32.04620681,-96.47428766,48349.0,195.55803883223916,4.081632653061225,94,87,3,0,84,87,49565,11,1,0,10,0
2020-06-16,US,Texas,Newton,6,0,0,30.78548982,-93.74408813,48351.0,44.13387274733358,0.0,6,6,0,0,6,6,13746,0,0,0,0,0
2020-06-16,US,Texas,Nolan,5,0,0,32.30365282,-100.4060208,48353.0,33.98124235422047,0.0,5,4,0,0,4,4,14751,1,0,0,1,0
2020-06-16,US,Texas,Nueces,360,4,0,27.736286,-97.5433285,48355.0,99.36681258867107,1.1111111111111112,356,336,3,0,333,336,362265,24,1,0,23,0
2020-06-16,US,Texas,Ochiltree,53,2,0,36.27829105,-100.8158184,48357.0,538.8369255795038,3.7735849056603774,51,53,2,0,51,53,9947,0,0,0,0,0
2020-06-16,US,Texas,Oldham,4,1,0,35.40425596,-102.6027606,48359.0,189.3939393939394,25.0,3,4,1,0,3,4,2131,0,0,0,0,0
2020-06-16,US,Texas,Orange,107,2,0,30.11879481,-93.89412775,48361.0,128.30351575615134,1.8691588785046729,105,106,2,0,104,106,83572,1,0,0,1,0
2020-06-16,US,Texas,Palo Pinto,14,2,0,32.75310985,-98.31319001,48363.0,47.96327383603412,14.285714285714285,12,14,2,0,12,14,28875,0,0,0,0,0
2020-06-16,US,Texas,Panola,209,23,0,32.163959600000005,-94.30552481,48365.0,901.0951108045184,11.004784688995215,186,221,23,0,198,219,23148,-12,0,0,-12,2
2020-06-16,US,Texas,Parker,116,1,0,32.77757172,-97.80500621,48367.0,81.18814653060653,0.8620689655172413,115,112,1,0,111,112,138371,4,0,0,4,0
2020-06-16,US,Texas,Parmer,124,0,0,34.52993409,-102.78446679999999,48369.0,1290.994273815721,0.0,124,120,0,0,120,120,9864,4,0,0,4,0
2020-06-16,US,Texas,Pecos,112,0,0,30.78097267,-102.72412609999999,48371.0,707.8303735069203,0.0,112,107,0,0,107,107,15673,5,0,0,5,0
2020-06-16,US,Texas,Polk,71,0,0,30.79472531,-94.82766240000001,48373.0,138.25871906217748,0.0,71,65,0,0,65,65,50031,6,0,0,6,0
2020-06-16,US,Texas,Potter,2789,36,0,35.40133773,-101.893964,48375.0,2375.335348975855,1.290785227680172,2753,2785,36,0,2749,2785,119648,4,0,0,4,0
2020-06-16,US,Texas,Presidio,2,0,0,29.99954402,-104.24080790000001,48377.0,29.832935560859188,0.0,2,2,0,0,2,2,6948,0,0,0,0,0
2020-06-16,US,Texas,Rains,5,0,0,32.87109387,-95.79232691,48379.0,39.95525011986575,0.0,5,5,0,0,5,5,12159,0,0,0,0,0
2020-06-16,US,Texas,Randall,758,7,0,34.96585996,-101.8971322,48381.0,550.4200765359842,0.9234828496042216,751,751,7,0,744,751,136271,7,0,0,7,0
2020-06-16,US,Texas,Reagan,2,0,0,31.36607041,-101.52326590000001,48383.0,51.96154845414394,0.0,2,2,0,0,2,2,3741,0,0,0,0,0
2020-06-16,US,Texas,Real,1,0,0,29.83321503,-99.82018052,48385.0,28.968713789107767,0.0,1,1,0,0,1,1,3478,0,0,0,0,0
2020-06-16,US,Texas,Red River,95,8,0,33.61886692,-95.04841765,48387.0,790.1522082674874,8.421052631578947,87,93,8,0,85,93,12175,2,0,0,2,0
2020-06-16,US,Texas,Reeves,14,0,0,31.32323325,-103.69038959999999,48389.0,87.63144717075613,0.0,14,12,0,0,12,12,15695,2,0,0,2,0
2020-06-16,US,Texas,Refugio,6,0,0,28.323897600000002,-97.15766311,48391.0,86.35578583765113,0.0,6,5,0,0,5,5,7032,1,0,0,1,0
2020-06-16,US,Texas,Roberts,2,0,0,35.83809685,-100.813175,48393.0,234.192037470726,0.0,2,2,0,0,2,2,903,0,0,0,0,0
2020-06-16,US,Texas,Robertson,18,0,0,31.02539637,-96.51272246,48395.0,105.4234508609582,0.0,18,17,0,0,17,17,17284,1,0,0,1,0
2020-06-16,US,Texas,Rockwall,233,15,0,32.89779518,-96.40771592,48397.0,222.08454463136826,6.437768240343348,218,233,15,0,218,233,100657,0,0,0,0,0
2020-06-16,US,Texas,Runnels,2,0,0,31.8314342,-99.97616148,48399.0,19.48558067030397,0.0,2,2,0,0,2,2,10234,0,0,0,0,0
2020-06-16,US,Texas,Rusk,232,2,0,32.10773545,-94.76176432,48401.0,426.42355622541635,0.8620689655172413,230,128,2,0,126,70,54450,104,0,0,104,58
2020-06-16,US,Texas,Sabine,15,1,0,31.34318809,-93.85440451,48403.0,142.2879908935686,6.666666666666668,14,15,1,0,14,15,10589,0,0,0,0,0
2020-06-16,US,Texas,San Augustine,61,4,0,31.39457611,-94.17000399,48405.0,740.5608838169237,6.557377049180328,57,55,4,0,51,55,8232,6,0,0,6,0
2020-06-16,US,Texas,San Jacinto,19,0,0,30.57933681,-95.16260304,48407.0,65.83734710142417,0.0,19,20,0,0,20,20,28719,-1,0,0,-1,0
2020-06-16,US,Texas,San Patricio,58,0,0,28.00880118,-97.51763891,48409.0,86.91742844297916,0.0,58,41,0,0,41,41,66893,17,0,0,17,0
2020-06-16,US,Texas,San Saba,2,0,0,31.1577796,-98.81758731,48411.0,33.03055326176713,0.0,2,2,0,0,2,2,6054,0,0,0,0,0
2020-06-16,US,Texas,Schleicher,6,0,0,30.89740592,-100.5384842,48413.0,214.8227712137487,0.0,6,1,0,0,1,1,2895,5,0,0,5,0
2020-06-16,US,Texas,Scurry,28,0,0,32.74613808,-100.91626640000001,48415.0,167.6345566664671,0.0,28,28,0,0,28,28,16866,0,0,0,0,0
2020-06-16,US,Texas,Shackelford,1,0,0,32.73587756,-99.35401337,48417.0,30.627871362940283,0.0,1,1,0,0,1,1,3253,0,0,0,0,0
2020-06-16,US,Texas,Shelby,230,8,0,31.79211404,-94.14550696,48419.0,910.0261137928303,3.4782608695652173,222,230,8,0,222,229,25418,0,0,0,0,1
2020-06-16,US,Texas,Sherman,28,0,0,36.27751473,-101.8933156,48421.0,926.5387160820649,0.0,28,28,0,0,28,28,3079,0,0,0,0,0
2020-06-16,US,Texas,Smith,283,4,0,32.37474036,-95.27175679999999,48423.0,121.58916610454948,1.413427561837456,279,271,4,0,267,271,230221,12,0,0,12,0
2020-06-16,US,Texas,Somervell,3,0,0,32.22236802,-97.77403489,48425.0,32.86590709903594,0.0,3,2,0,0,2,2,9016,1,0,0,1,0
2020-06-16,US,Texas,Starr,153,1,0,26.56150059,-98.73892358,48427.0,236.72117958318503,0.6535947712418301,152,127,1,0,126,115,64525,26,0,0,26,12
2020-06-16,US,Texas,Stephens,5,0,0,32.73553157,-98.83631615,48429.0,53.38458253256459,0.0,5,5,0,0,5,5,9433,0,0,0,0,0
2020-06-16,US,Texas,Swisher,21,1,0,34.53028891,-101.73491740000001,48437.0,283.89887792348253,4.761904761904762,20,21,1,0,20,21,7462,0,0,0,0,0
2020-06-16,US,Texas,Tarrant,7642,198,0,32.77143818,-97.29101614,48439.0,363.46946395150565,2.5909447788537032,7444,7334,197,0,7137,7253,2084931,308,1,0,307,81
2020-06-16,US,Texas,Taylor,255,5,0,32.30163422,-99.89007449,48441.0,184.73709375950853,1.96078431372549,250,255,5,0,250,255,137640,0,0,0,0,0
2020-06-16,US,Texas,Terry,13,0,0,33.17402785,-102.3354521,48445.0,105.3740779768177,0.0,13,13,0,0,13,13,12287,0,0,0,0,0
2020-06-16,US,Texas,Throckmorton,1,0,0,33.17751417,-99.21226795,48447.0,66.62225183211193,0.0,1,1,0,0,1,1,1515,0,0,0,0,0
2020-06-16,US,Texas,Titus,717,5,0,33.21339719,-94.96797273,48449.0,2189.3129770992373,0.6973500697350071,712,714,5,0,709,655,33033,3,0,0,3,59
2020-06-16,US,Texas,Tom Green,164,1,0,31.40464436,-100.46244300000001,48451.0,137.58389261744966,0.6097560975609756,163,164,1,0,163,146,118189,0,0,0,0,18
2020-06-16,US,Texas,Travis,4664,106,0,30.33432034,-97.78535620000001,48453.0,366.1042706408552,2.272727272727273,4558,4545,104,0,4441,4461,1248743,119,2,0,117,84
2020-06-16,US,Texas,Trinity,17,0,0,31.0879489,-95.1367187,48455.0,116.03303528769369,0.0,17,22,0,0,22,22,14740,-5,0,0,-5,0
2020-06-16,US,Texas,Tyler,14,0,0,30.77031716,-94.37690895,48457.0,64.59948320413437,0.0,14,16,0,0,16,16,21696,-2,0,0,-2,0
2020-06-16,US,Texas,Upshur,41,0,0,32.73706798,-94.93999853,48459.0,98.19653677580055,0.0,41,38,0,0,38,37,41260,3,0,0,3,1
2020-06-16,US,Texas,Upton,1,0,0,31.36868194,-102.0423217,48461.0,27.344818156959253,0.0,1,1,0,0,1,,3671,0,0,0,0,
2020-06-16,US,Texas,Uvalde,26,0,0,29.35739637,-99.76229172,48463.0,97.22897423432184,0.0,26,26,0,0,26,25,26846,0,0,0,0,1
2020-06-16,US,Texas,Val Verde,36,0,0,29.89149232,-101.1525205,48465.0,73.43192248852627,0.0,36,36,0,0,36,33,49208,0,0,0,0,3
2020-06-16,US,Texas,Van Zandt,52,1,0,32.56483801,-95.83766469,48467.0,91.88902632974023,1.9230769230769231,51,46,1,0,45,46,56019,6,0,0,6,0
2020-06-16,US,Texas,Victoria,202,8,0,28.79780988,-96.96813006,48469.0,219.36492767473175,3.96039603960396,194,199,8,0,191,199,92035,3,0,0,3,0
2020-06-16,US,Texas,Walker,1873,27,0,30.73872995,-95.57440968,48471.0,2566.7731016431185,1.4415376401494928,1846,1878,27,0,1851,1871,72480,-5,0,0,-5,7
2020-06-16,US,Texas,Waller,92,0,0,30.01058447,-95.99011759,48473.0,166.5278934221482,0.0,92,90,0,0,90,88,53126,2,0,0,2,2
2020-06-16,US,Texas,Ward,7,0,0,31.50999644,-103.09279090000001,48475.0,58.343057176196034,0.0,7,4,0,0,4,4,11720,3,0,0,3,0
2020-06-16,US,Texas,Washington,218,26,0,30.21498498,-96.40946246,48477.0,607.54695947829,11.926605504587155,192,218,26,0,192,218,35108,0,0,0,0,0
2020-06-16,US,Texas,Webb,718,20,0,27.7610369,-99.33237355,48479.0,259.5318306030681,2.7855153203342615,698,675,20,0,655,675,275910,43,0,0,43,0
2020-06-16,US,Texas,Wharton,98,1,0,29.27765923,-96.22319248,48481.0,235.82635479834443,1.020408163265306,97,94,1,0,93,94,41619,4,0,0,4,0
2020-06-16,US,Texas,Wheeler,15,0,0,35.40114335,-100.26995140000001,48483.0,296.67721518987344,0.0,15,15,0,0,15,15,5191,0,0,0,0,0
2020-06-16,US,Texas,Wichita,117,2,0,33.98842886,-98.70410340000001,48485.0,88.48219012327006,1.709401709401709,115,99,2,0,97,99,132064,18,0,0,18,0
2020-06-16,US,Texas,Wilbarger,7,0,0,34.07945812,-99.24178437,48487.0,54.82026783616571,0.0,7,7,0,0,7,7,12820,0,0,0,0,0
2020-06-16,US,Texas,Willacy,61,3,0,26.47411727,-97.61535848,48489.0,285.60726659799604,4.918032786885246,58,59,3,0,56,56,21515,2,0,0,2,3
2020-06-16,US,Texas,Williamson,1021,30,0,30.64655664,-97.60048540000001,48491.0,172.88938635274513,2.9382957884427032,991,960,30,0,930,904,566719,61,0,0,61,56
2020-06-16,US,Texas,Wilson,53,5,0,29.1732598,-98.08693082,48493.0,103.77912668885843,9.433962264150944,48,52,5,0,47,52,50224,1,0,0,1,0
2020-06-16,US,Texas,Winkler,4,0,0,31.85008651,-103.04851629999999,48495.0,49.93757802746567,0.0,4,4,0,0,4,4,7720,0,0,0,0,0
2020-06-16,US,Texas,Wise,56,5,0,33.21570665,-97.65460265,48497.0,80.0182898948331,8.928571428571429,51,56,5,0,51,56,68305,0,0,0,0,0
2020-06-16,US,Texas,Wood,56,5,0,32.78722382,-95.38236368,48499.0,122.97151891785064,8.928571428571429,51,53,5,0,48,53,45129,3,0,0,3,0
2020-06-16,US,Texas,Yoakum,10,0,0,33.17320212,-102.82764329999999,48501.0,114.7710317915758,0.0,10,9,0,0,9,9,8591,1,0,0,1,0
2020-06-16,US,Texas,Young,15,1,0,33.17659707,-98.68790885,48503.0,83.28706274292058,6.666666666666668,14,15,1,0,14,15,18045,0,0,0,0,0
2020-06-16,US,Texas,Zapata,23,0,0,27.00156391,-99.16987152,48505.0,162.2117215600536,0.0,23,15,0,0,15,15,14190,8,0,0,8,0
2020-06-16,US,Texas,Zavala,13,0,0,28.86617238,-99.76050829,48507.0,109.79729729729729,0.0,13,13,0,0,13,13,11983,0,0,0,0,0
2020-06-16,US,Utah,Bear River,1039,2,0,41.52106798,-113.08328159999999,0.0,556.1562590328555,0.19249278152069296,1037,1009,2,0,1007,975,,30,0,0,30,34
2020-06-16,US,Utah,Central Utah,79,0,0,39.37231946,-111.5758676,0.0,96.39553896088051,0.0,79,77,0,0,77,75,,2,0,0,2,2
2020-06-16,US,Utah,Davis,691,4,0,40.99001837,-112.1139997,49011.0,194.38451000194104,0.5788712011577424,687,672,4,0,668,660,351713,19,0,0,19,12
2020-06-16,US,Utah,Salt Lake,7616,96,0,40.66616532,-111.92160109999999,49035.0,656.3044783990857,1.2605042016806722,7520,7468,94,0,7374,7309,1152633,148,2,0,146,159
2020-06-16,US,Utah,San Juan,365,6,0,37.62762978,-109.80337140000002,49037.0,2384.374183433499,1.643835616438356,359,363,6,0,357,357,15449,2,0,0,2,6
2020-06-16,US,Utah,Southeast Utah,29,0,0,38.99617072,-110.70139579999999,0.0,72.08730020631883,0.0,29,29,0,0,29,29,,0,0,0,0,0
2020-06-16,US,Utah,Southwest Utah,855,7,0,37.85447192,-111.4418764,0.0,339.2291760896993,0.8187134502923976,848,827,7,0,820,806,,28,0,0,28,21
2020-06-16,US,Utah,Summit,448,0,0,40.86688146,-110.9535882,49043.0,1062.9967967730454,0.0,448,447,0,0,447,449,41933,1,0,0,1,-2
2020-06-16,US,Utah,Tooele,178,0,0,40.44862644,-113.12957150000001,49045.0,246.33609654160728,0.0,178,170,0,0,170,165,69907,8,0,0,8,5
2020-06-16,US,Utah,TriCounty,31,0,0,40.12491499,-109.5174415,0.0,54.749037476599206,0.0,31,30,0,0,30,30,,1,0,0,1,0
2020-06-16,US,Utah,Utah,2711,19,0,40.116672200000004,-111.66576620000001,49049.0,426.10041887038597,0.7008483954260419,2692,2654,19,0,2635,2607,622213,57,0,0,57,47
2020-06-16,US,Utah,Wasatch,356,2,0,40.33110236,-111.1691419,49051.0,1044.2638819629815,0.5617977528089888,354,351,2,0,349,349,33240,5,0,0,5,2
2020-06-16,US,Utah,Weber-Morgan,539,9,0,41.27116049,-111.9145117,0.0,197.9165519191296,1.6697588126159555,530,511,9,0,502,502,,28,0,0,28,9
2020-06-16,US,Vermont,Addison,66,2,0,44.03217337,-73.14130877,50001.0,179.4599885798189,3.0303030303030303,64,66,2,0,64,66,36973,0,0,0,0,0
2020-06-16,US,Vermont,Bennington,67,1,0,43.03519828,-73.09048868,50003.0,188.89202142655762,1.492537313432836,66,67,1,0,66,67,35631,0,0,0,0,0
2020-06-16,US,Vermont,Caledonia,16,0,0,44.46548598,-72.10314651,50005.0,53.34578068215917,0.0,16,16,0,0,16,16,30302,0,0,0,0,0
2020-06-16,US,Vermont,Chittenden,573,39,0,44.46322849,-73.08359212,50007.0,349.8723851160746,6.806282722513089,534,570,39,0,531,568,164572,3,0,0,3,2
2020-06-16,US,Vermont,Essex,3,0,0,44.72736416,-71.73579864,50009.0,48.67759208177836,0.0,3,3,0,0,3,3,6250,0,0,0,0,0
2020-06-16,US,Vermont,Franklin,102,5,0,44.85627605,-72.91249563,50011.0,206.4693737095664,4.901960784313727,97,102,5,0,97,102,49421,0,0,0,0,0
2020-06-16,US,Vermont,Grand Isle,8,0,0,44.797582399999996,-73.29679772,50013.0,110.573600552868,0.0,8,8,0,0,8,8,7090,0,0,0,0,0
2020-06-16,US,Vermont,Lamoille,29,1,0,44.60353043,-72.64356694,50015.0,114.34429461398943,3.4482758620689653,28,29,1,0,28,29,25300,0,0,0,0,0
2020-06-16,US,Vermont,Orange,9,0,0,44.00470222,-72.37640104,50017.0,31.150491485532328,0.0,9,9,0,0,9,9,28999,0,0,0,0,0
2020-06-16,US,Vermont,Orleans,13,0,0,44.82964024,-72.24562697,50019.0,48.08225764692829,0.0,13,13,0,0,13,13,26907,0,0,0,0,0
2020-06-16,US,Vermont,Rutland,59,1,0,43.57723578,-73.03741676,50021.0,101.39024935127424,1.6949152542372878,58,59,1,0,58,59,58672,0,0,0,0,0
2020-06-16,US,Vermont,Unassigned,5,0,0,0.0,0.0,90050.0,0.0,0.0,5,5,0,0,5,6,,0,0,0,0,-1
2020-06-16,US,Vermont,Washington,41,1,0,44.27343241,-72.61604978,50023.0,70.19466178157475,2.4390243902439024,40,41,1,0,40,41,58140,0,0,0,0,0
2020-06-16,US,Vermont,Windham,85,3,0,42.986982,-72.71268875,50025.0,201.31684903604759,3.5294117647058822,82,85,3,0,82,85,42756,0,0,0,0,0
2020-06-16,US,Vermont,Windsor,55,2,0,43.58010937,-72.58595157,50027.0,99.88739965856672,3.636363636363636,53,55,2,0,53,55,55286,0,0,0,0,0
2020-06-16,US,Virginia,Accomack,1007,14,0,37.76707161,-75.63234615,51001.0,3116.103478153237,1.3902681231380338,993,996,14,0,982,993,32412,11,0,0,11,3
2020-06-16,US,Virginia,Albemarle,293,8,0,38.02080697,-78.55481085,51003.0,267.9959754870576,2.7303754266211606,285,290,8,0,282,286,108718,3,0,0,3,4
2020-06-16,US,Virginia,Alexandria,2168,47,0,38.814003,-77.08183073,51510.0,1359.861504879946,2.1678966789667897,2121,2160,48,0,2112,2151,160530,8,-1,0,9,9
2020-06-16,US,Virginia,Alleghany,30,2,0,37.78636074,-80.00222498,51005.0,201.88425302826383,6.666666666666668,28,28,2,0,26,28,14910,2,0,0,2,0
2020-06-16,US,Virginia,Amelia,38,1,0,37.34081025,-77.98584649,51007.0,289.0833016356029,2.631578947368421,37,39,1,0,38,38,13013,-1,0,0,-1,1
2020-06-16,US,Virginia,Amherst,28,0,0,37.60308293,-79.14548696,51009.0,88.59357696566998,0.0,28,27,0,0,27,27,31666,1,0,0,1,0
2020-06-16,US,Virginia,Appomattox,34,0,0,37.37569884,-78.81340003,51011.0,213.68864307711647,0.0,34,34,0,0,34,34,15841,0,0,0,0,0
2020-06-16,US,Virginia,Arlington,2363,125,0,38.8767675,-77.10139853,51013.0,997.7115545384688,5.289885738468048,2238,2346,125,0,2221,2338,237521,17,0,0,17,8
2020-06-16,US,Virginia,Augusta,152,2,0,38.16404586,-79.12461614,51015.0,201.16996214828342,1.3157894736842106,150,146,2,0,144,146,75457,6,0,0,6,0
2020-06-16,US,Virginia,Bedford,94,2,0,37.3080028,-79.5281964,51019.0,118.99186045039686,2.127659574468085,92,91,2,0,89,91,78747,3,0,0,3,0
2020-06-16,US,Virginia,Botetourt,50,4,0,37.55531756,-79.80982182,51023.0,149.61548819533797,8.0,46,47,4,0,43,47,33277,3,0,0,3,0
2020-06-16,US,Virginia,Bristol,4,0,0,36.616302399999995,-82.16359122,51520.0,23.863500775563768,0.0,4,4,0,0,4,4,16482,0,0,0,0,0
2020-06-16,US,Virginia,Brunswick,54,1,0,36.76366949,-77.8593436,51025.0,332.69669151623435,1.851851851851852,53,46,1,0,45,46,16384,8,0,0,8,0
2020-06-16,US,Virginia,Buchanan,18,0,0,37.26818323,-82.03749726,51027.0,85.69796229289659,0.0,18,18,0,0,18,18,21221,0,0,0,0,0
2020-06-16,US,Virginia,Buckingham,534,3,0,37.57242268,-78.52518834,51029.0,3114.06578026592,0.5617977528089888,531,521,3,0,518,519,16999,13,0,0,13,2
2020-06-16,US,Virginia,Buena Vista,12,0,0,37.73484642,-79.35296097,51530.0,185.24235875270145,0.0,12,12,0,0,12,12,6237,0,0,0,0,0
2020-06-16,US,Virginia,Campbell,28,1,0,37.20553386,-79.09678609,51031.0,51.01576022592693,3.571428571428572,27,25,1,0,24,25,54973,3,0,0,3,0
2020-06-16,US,Virginia,Caroline,113,4,0,38.02679129,-77.34901405,51033.0,367.7786818551668,3.5398230088495577,109,111,4,0,107,109,30772,2,0,0,2,2
2020-06-16,US,Virginia,Carroll,175,5,0,36.73066666,-80.73455942,51035.0,587.4257326038065,2.8571428571428568,170,173,5,0,168,171,29636,2,0,0,2,2
2020-06-16,US,Virginia,Charles City,33,3,0,37.35358063,-77.05634116,51036.0,473.93364928909966,9.090909090909092,30,32,3,0,29,30,6941,1,0,0,1,2
2020-06-16,US,Virginia,Charlotte,30,0,0,37.01909701,-78.66314092,51037.0,252.52525252525248,0.0,30,30,0,0,30,30,11938,0,0,0,0,0
2020-06-16,US,Virginia,Charlottesville,160,3,0,38.03527919,-78.48569588,51540.0,338.50971099733425,1.875,157,154,3,0,151,152,48117,6,0,0,6,2
2020-06-16,US,Virginia,Chesapeake,678,16,0,36.67670048,-76.30545744,51550.0,276.92119182306453,2.359882005899705,662,672,16,0,656,659,242634,6,0,0,6,13
2020-06-16,US,Virginia,Chesterfield,2259,39,0,37.37373208,-77.58680140000001,51041.0,640.302492616255,1.7264276228419655,2220,2194,39,0,2155,2181,348556,65,0,0,65,13
2020-06-16,US,Virginia,Clarke,40,0,0,39.11271747,-77.99199425,51043.0,273.61652643819684,0.0,40,38,0,0,38,38,14523,2,0,0,2,0
2020-06-16,US,Virginia,Colonial Heights,117,17,0,37.26420587,-77.39609676,51570.0,673.5751295336787,14.52991452991453,100,115,17,0,98,115,17833,2,0,0,2,0
2020-06-16,US,Virginia,Covington,4,0,0,37.7824656,-79.98631446,51580.0,72.22824124232575,0.0,4,4,0,0,4,4,5460,0,0,0,0,0
2020-06-16,US,Virginia,Craig,6,0,0,37.48133648,-80.21072274,51045.0,116.93626973299551,0.0,6,6,0,0,6,6,5064,0,0,0,0,0
2020-06-16,US,Virginia,Culpeper,787,9,0,38.48199985,-77.95630870000002,51047.0,1496.0555080315562,1.1435832274459974,778,783,9,0,774,780,51859,4,0,0,4,3
2020-06-16,US,Virginia,Cumberland,50,0,0,37.51328851,-78.24398086,51049.0,503.4232782923882,0.0,50,49,0,0,49,47,9809,1,0,0,1,2
2020-06-16,US,Virginia,Danville,66,2,0,36.58022376,-79.40395668,51590.0,164.8186994306263,3.0303030303030303,64,66,2,0,64,65,40693,0,0,0,0,1
2020-06-16,US,Virginia,Dickenson,1,0,0,37.12560977,-82.35124171,51051.0,6.984215672579969,0.0,1,,,,,,14523,,,,,
2020-06-16,US,Virginia,Dinwiddie,110,0,0,37.07544585,-77.63451754,51053.0,385.3699551569506,0.0,110,110,0,0,110,108,28529,0,0,0,0,2
2020-06-16,US,Virginia,Emporia,101,6,0,36.69455571,-77.53406129,51595.0,1889.2630003741117,5.9405940594059405,95,98,6,0,92,97,5121,3,0,0,3,1
2020-06-16,US,Virginia,Essex,53,0,0,37.93357639,-76.94230311,51057.0,483.88569341732864,0.0,53,53,0,0,53,53,10919,0,0,0,0,0
2020-06-16,US,Virginia,Fairfax,13103,428,0,38.83677558,-77.27565836,51059.0,1141.8417961329185,3.266427535678852,12675,13092,423,0,12669,13017,1150795,11,5,0,6,75
2020-06-16,US,Virginia,Fairfax,13103,428,0,38.83677558,-77.27565836,51059.0,1141.8417961329185,3.266427535678852,12675,13092,423,0,12669,13017,24574,11,5,0,6,75
2020-06-16,US,Virginia,Fairfax City,67,6,0,38.85157547,-77.29779640000002,51600.0,278.9458345476498,8.955223880597012,61,67,6,0,61,67,24574,0,0,0,0,0
2020-06-16,US,Virginia,Falls Church,58,7,0,38.88485255,-77.17560759,51610.0,396.79824861462686,12.06896551724138,51,56,7,0,49,56,14772,2,0,0,2,0
2020-06-16,US,Virginia,Fauquier,393,6,0,38.73564842,-77.80647472,51061.0,551.7957934346128,1.5267175572519085,387,386,6,0,380,385,70675,7,0,0,7,1
2020-06-16,US,Virginia,Floyd,10,1,0,36.9302126,-80.36738849,51063.0,63.4960949901581,10.0,9,10,1,0,9,9,15795,0,0,0,0,1
2020-06-16,US,Virginia,Fluvanna,102,6,0,37.84157909,-78.27715475,51065.0,374.037403740374,5.882352941176472,96,102,6,0,96,102,26783,0,0,0,0,0
2020-06-16,US,Virginia,Franklin,43,1,0,36.99536167,-79.88023649,51067.0,76.72816815959459,2.3255813953488373,42,43,1,0,42,43,56195,0,0,0,0,0
2020-06-16,US,Virginia,Franklin,43,1,0,36.99536167,-79.88023649,51067.0,76.72816815959459,2.3255813953488373,42,43,1,0,42,43,8013,0,0,0,0,0
2020-06-16,US,Virginia,Franklin City,44,2,0,36.6831435,-76.93859681,51620.0,552.2781473578511,4.545454545454546,42,44,2,0,42,44,8013,0,0,0,0,0
2020-06-16,US,Virginia,Frederick,435,4,0,39.20172582,-78.25974949,51069.0,487.05115716636993,0.9195402298850576,431,435,4,0,431,433,88355,0,0,0,0,2
2020-06-16,US,Virginia,Fredericksburg,213,0,0,38.2977863,-77.4922454,51630.0,733.5721173715388,0.0,213,211,0,0,211,208,29144,2,0,0,2,3
2020-06-16,US,Virginia,Galax,206,10,0,36.66601852,-80.91703124,51640.0,3245.6278556798493,4.854368932038835,196,205,10,0,195,204,6423,1,0,0,1,1
2020-06-16,US,Virginia,Giles,6,0,0,37.31234791,-80.70636931,51071.0,35.88516746411483,0.0,6,6,0,0,6,6,16844,0,0,0,0,0
2020-06-16,US,Virginia,Gloucester,38,1,0,37.40809042,-76.53524337,51073.0,101.74574274392204,2.631578947368421,37,38,1,0,37,37,37349,0,0,0,0,1
2020-06-16,US,Virginia,Goochland,116,6,0,37.71714806,-77.90381514,51075.0,488.3593651328253,5.172413793103448,110,116,6,0,110,114,23244,0,0,0,0,2
2020-06-16,US,Virginia,Grayson,66,2,0,36.65677234,-81.23215889,51077.0,424.4372990353698,3.0303030303030303,64,66,2,0,64,66,15631,0,0,0,0,0
2020-06-16,US,Virginia,Greene,45,1,0,38.29545894,-78.46525378,51079.0,227.05484635955398,2.2222222222222223,44,45,1,0,44,45,19779,0,0,0,0,0
2020-06-16,US,Virginia,Greensville,342,7,0,36.67878901,-77.56351439,51081.0,3016.937191249118,2.046783625730994,335,344,7,0,337,343,11627,-2,0,0,-2,1
2020-06-16,US,Virginia,Halifax,38,1,0,36.76654925,-78.93512622,51083.0,112.05803426616731,2.631578947368421,37,37,1,0,36,37,34120,1,0,0,1,0
2020-06-16,US,Virginia,Hampton,246,5,0,37.03513786,-76.35879121,51650.0,182.8860307783808,2.0325203252032518,241,241,5,0,236,238,134313,5,0,0,5,3
2020-06-16,US,Virginia,Hanover,375,25,0,37.7583355,-77.49464673,51085.0,347.97617059183784,6.666666666666668,350,374,25,0,349,371,107239,1,0,0,1,3
2020-06-16,US,Virginia,Harrisonburg,859,22,0,38.43542574,-78.87536254,51660.0,1620.2655802022034,2.561117578579744,837,856,23,0,833,855,54033,3,-1,0,4,1
2020-06-16,US,Virginia,Henrico,2311,137,0,37.53460572,-77.39326555,51087.0,698.5714199348282,5.928169623539593,2174,2289,136,0,2153,2264,329261,22,1,0,21,25
2020-06-16,US,Virginia,Henry,210,3,0,36.68542395,-79.87634026,51089.0,415.372747591827,1.4285714285714286,207,202,3,0,199,199,50953,8,0,0,8,3
2020-06-16,US,Virginia,Highland,3,0,0,38.35799465,-79.56124594,51091.0,136.98630136986299,0.0,3,3,0,0,3,3,2210,0,0,0,0,0
2020-06-16,US,Virginia,Hopewell,144,2,0,37.29186313,-77.29754684,51670.0,639.1761729326646,1.3888888888888888,142,141,2,0,139,138,22596,3,0,0,3,3
2020-06-16,US,Virginia,Isle of Wight,158,8,0,36.90579348,-76.70842863,51093.0,425.7727235980489,5.063291139240507,150,156,8,0,148,156,36953,2,0,0,2,0
2020-06-16,US,Virginia,James City,236,15,0,37.31156958,-76.76950618,51095.0,308.40400925212026,6.3559322033898304,221,233,15,0,218,233,76397,3,0,0,3,0
2020-06-16,US,Virginia,King George,91,4,0,38.26818502,-77.15852768,51099.0,339.09673572812636,4.395604395604397,87,88,4,0,84,88,26575,3,0,0,3,0
2020-06-16,US,Virginia,King William,33,0,0,37.70965316,-77.09384941,51101.0,192.44226731980405,0.0,33,33,0,0,33,33,16939,0,0,0,0,0
2020-06-16,US,Virginia,King and Queen,24,1,0,37.71044922,-76.88689628,51097.0,341.6370106761566,4.166666666666667,23,24,1,0,23,24,7042,0,0,0,0,0
2020-06-16,US,Virginia,Lancaster,11,0,0,37.71889653,-76.46400482,51103.0,103.74422333301895,0.0,11,11,0,0,11,11,10783,0,0,0,0,0
2020-06-16,US,Virginia,Lee,9,0,0,36.70586667,-83.12606515,51105.0,38.42377150663877,0.0,9,9,0,0,9,9,23541,0,0,0,0,0
2020-06-16,US,Virginia,Lexington,8,0,0,37.78258621,-79.44262866,51678.0,107.44023636851999,0.0,8,8,0,0,8,8,7136,0,0,0,0,0
2020-06-16,US,Virginia,Loudoun,3439,76,0,39.08990083,-77.63481877,51107.0,831.6043507489034,2.209944751381216,3363,3404,71,0,3333,3384,406850,35,5,0,30,20
2020-06-16,US,Virginia,Louisa,99,1,0,37.97850256,-77.96274807,51109.0,263.360910856322,1.0101010101010102,98,99,1,0,98,98,36778,0,0,0,0,1
2020-06-16,US,Virginia,Lunenburg,21,0,0,36.94618528,-78.24133319,51111.0,172.18760249262056,0.0,21,21,0,0,21,21,12086,0,0,0,0,0
2020-06-16,US,Virginia,Lynchburg,96,1,0,37.40021399,-79.19888138,51680.0,116.83380391393244,1.0416666666666667,95,92,1,0,91,92,82126,4,0,0,4,0
2020-06-16,US,Virginia,Madison,42,1,0,38.41531222,-78.28220331,51113.0,316.7181962144635,2.380952380952381,41,42,1,0,41,42,13295,0,0,0,0,0
2020-06-16,US,Virginia,Manassas,1317,14,0,38.7464321,-77.48509905,51683.0,3205.549470609711,1.0630220197418374,1303,1314,13,0,1301,1309,41641,3,1,0,2,5
2020-06-16,US,Virginia,Manassas Park,388,6,0,38.77058531,-77.44399307,51685.0,2219.933630850212,1.5463917525773196,382,384,6,0,378,378,17307,4,0,0,4,6
2020-06-16,US,Virginia,Martinsville,56,1,0,36.68212094,-79.86352771,51690.0,446.07296479209816,1.7857142857142858,55,54,1,0,53,54,12902,2,0,0,2,0
2020-06-16,US,Virginia,Mathews,5,0,0,37.44164146,-76.34098896,51115.0,56.599501924383055,0.0,5,5,0,0,5,5,8802,0,0,0,0,0
2020-06-16,US,Virginia,Mecklenburg,231,24,0,36.67882005,-78.36131056,51117.0,755.2228070749011,10.389610389610391,207,229,24,0,205,226,30650,2,0,0,2,3
2020-06-16,US,Virginia,Middlesex,14,0,0,37.63191998,-76.55064617,51119.0,132.3001323001323,0.0,14,14,0,0,14,14,10769,0,0,0,0,0
2020-06-16,US,Virginia,Montgomery,97,2,0,37.17746986,-80.37868691,51121.0,98.4421779063277,2.061855670103093,95,95,2,0,93,96,98985,2,0,0,2,-1
2020-06-16,US,Virginia,Nelson,18,0,0,37.78790447,-78.88498513,51125.0,120.56262558606831,0.0,18,18,0,0,18,18,14836,0,0,0,0,0
2020-06-16,US,Virginia,New Kent,46,1,0,37.50694406,-76.99828634,51127.0,199.21181412671604,2.1739130434782608,45,46,1,0,45,46,22391,0,0,0,0,0
2020-06-16,US,Virginia,Newport News,390,10,0,37.08166899,-76.51754109,51700.0,217.60357093039482,2.5641025641025643,380,381,10,0,371,371,178626,9,0,0,9,10
2020-06-16,US,Virginia,Norfolk,681,7,0,36.89934014,-76.26420872,51710.0,280.5447759349433,1.027900146842878,674,668,7,0,661,660,244076,13,0,0,13,8
2020-06-16,US,Virginia,Northampton,264,27,0,37.34062933,-75.87751591,51131.0,2254.4833475661826,10.227272727272727,237,262,27,0,235,262,11735,2,0,0,2,0
2020-06-16,US,Virginia,Northumberland,27,1,0,37.89202088,-76.41949732,51133.0,223.23274080198428,3.703703703703704,26,27,1,0,26,26,12147,0,0,0,0,1
2020-06-16,US,Virginia,Norton,2,0,0,36.93357076,-82.62750411,51720.0,50.23863350916855,0.0,2,2,0,0,2,2,3968,0,0,0,0,0
2020-06-16,US,Virginia,Nottoway,68,0,0,37.1435975,-78.05065922,51135.0,446.4285714285714,0.0,68,67,0,0,67,67,15420,1,0,0,1,0
2020-06-16,US,Virginia,Orange,133,2,0,38.24530219,-78.01560400000002,51137.0,358.9646703192896,1.5037593984962403,131,131,2,0,129,130,36644,2,0,0,2,1
2020-06-16,US,Virginia,Page,256,24,0,38.61807452,-78.48797204,51139.0,1071.040080328006,9.375,232,252,24,0,228,251,23933,4,0,0,4,1
2020-06-16,US,Virginia,Patrick,32,0,0,36.680163799999995,-80.2865648,51141.0,181.7355747387551,0.0,32,32,0,0,32,31,17673,0,0,0,0,1
2020-06-16,US,Virginia,Petersburg,192,3,0,37.20530399,-77.39368102,51730.0,612.5183436483122,1.5625,189,191,3,0,188,185,31567,1,0,0,1,6
2020-06-16,US,Virginia,Pittsylvania,70,1,0,36.81980341,-79.39731264,51143.0,115.9823706796567,1.4285714285714286,69,70,1,0,69,69,60949,0,0,0,0,1
2020-06-16,US,Virginia,Poquoson,12,0,0,37.14259351,-76.35798148,51735.0,97.79154103170076,0.0,12,12,0,0,12,11,12190,0,0,0,0,1
2020-06-16,US,Virginia,Portsmouth,387,12,0,36.85914825,-76.35971629,51740.0,409.9663128456111,3.1007751937984502,375,386,12,0,374,375,94632,1,0,0,1,11
2020-06-16,US,Virginia,Powhatan,53,0,0,37.55016038,-77.91267882,51145.0,178.74005126129768,0.0,53,51,0,0,51,51,29189,2,0,0,2,0
2020-06-16,US,Virginia,Prince Edward,171,3,0,37.22554789,-78.43597949,51147.0,749.9342162968161,1.7543859649122806,168,170,3,0,167,162,22950,1,0,0,1,8
2020-06-16,US,Virginia,Prince George,168,0,0,37.18497668,-77.22922187,51149.0,438.0361379813835,0.0,168,167,0,0,167,163,38082,1,0,0,1,4
2020-06-16,US,Virginia,Prince William,6621,127,0,38.70916224,-77.48713689,51153.0,1407.7200293407889,1.9181392538891409,6494,6608,122,0,6486,6580,468011,13,5,0,8,28
2020-06-16,US,Virginia,Pulaski,30,1,0,37.06474963,-80.71229738,51155.0,88.16528051253418,3.333333333333333,29,30,1,0,29,30,34066,0,0,0,0,0
2020-06-16,US,Virginia,Radford,9,0,0,37.12222899,-80.56027320000003,51750.0,49.317770836758186,0.0,9,8,0,0,8,8,18339,1,0,0,1,0
2020-06-16,US,Virginia,Rappahannock,17,0,0,38.68295619,-78.15826963,51157.0,230.66485753052916,0.0,17,17,0,0,17,17,7252,0,0,0,0,0
2020-06-16,US,Virginia,Richmond,294,6,0,37.937575,-76.72920628,51159.0,3258.3397982932506,2.0408163265306123,288,292,5,0,287,291,9038,2,1,0,1,1
2020-06-16,US,Virginia,Richmond City,1848,29,0,37.53255773,-77.47966921,51760.0,801.9580273915534,1.5692640692640694,1819,1832,29,0,1803,1814,228783,16,0,0,16,18
2020-06-16,US,Virginia,Roanoke,141,5,0,37.26865804,-80.06396753,51161.0,149.70377763149514,3.5460992907801416,136,134,5,0,129,134,94073,7,0,0,7,0
2020-06-16,US,Virginia,Roanoke City,270,10,0,37.27791025,-79.96189766,51770.0,272.3339015361649,3.703703703703704,260,250,10,0,240,250,99920,20,0,0,20,0
2020-06-16,US,Virginia,Rockbridge,18,0,0,37.81204314,-79.44605905,51163.0,79.74128383466973,0.0,18,19,0,0,19,19,22752,-1,0,0,-1,0
2020-06-16,US,Virginia,Rockingham,631,7,0,38.51006137,-78.87260325,51165.0,770.0004881144141,1.109350237717908,624,629,7,0,622,627,81244,2,0,0,2,2
2020-06-16,US,Virginia,Russell,8,0,0,36.93028320000001,-82.10095486,51167.0,30.091025351688856,0.0,8,8,0,0,8,8,26748,0,0,0,0,0
2020-06-16,US,Virginia,Salem,47,3,0,37.2836193,-80.06219455,51775.0,185.76340856092645,6.382978723404255,44,44,3,0,41,44,25643,3,0,0,3,0
2020-06-16,US,Virginia,Scott,8,2,0,36.71466456,-82.60171704,51169.0,37.095427988500425,25.0,6,8,2,0,6,7,21534,0,0,0,0,1
2020-06-16,US,Virginia,Shenandoah,516,27,0,38.85905135,-78.56813762,51171.0,1183.0520909757888,5.232558139534883,489,511,26,0,485,510,43497,5,1,0,4,1
2020-06-16,US,Virginia,Smyth,22,0,0,36.84455636,-81.53344948,51173.0,73.07998937018337,0.0,22,20,0,0,20,18,30472,2,0,0,2,2
2020-06-16,US,Virginia,Southampton,155,2,0,36.72231125,-77.10642712,51175.0,879.1333446769894,1.2903225806451613,153,155,2,0,153,155,17586,0,0,0,0,0
2020-06-16,US,Virginia,Spotsylvania,849,17,0,38.18574462,-77.655399,51177.0,623.2793745182247,2.0023557126030624,832,837,16,0,821,813,134238,12,1,0,11,24
2020-06-16,US,Virginia,Stafford,900,5,0,38.41758738,-77.45917053,51179.0,588.6893159430149,0.5555555555555556,895,893,5,0,888,887,149960,7,0,0,7,6
2020-06-16,US,Virginia,Staunton,60,0,0,38.15965544,-79.05979937,51790.0,240.65458045884807,0.0,60,60,0,0,60,60,24922,0,0,0,0,0
2020-06-16,US,Virginia,Suffolk,347,34,0,36.70155394,-76.63603554,51800.0,376.7316628305902,9.798270893371756,313,345,34,0,311,344,91185,2,0,0,2,1
2020-06-16,US,Virginia,Surry,13,1,0,37.11781893,-76.88450012,51181.0,202.4291497975709,7.6923076923076925,12,13,1,0,12,13,6474,0,0,0,0,0
2020-06-16,US,Virginia,Sussex,183,2,0,36.92432914,-77.25791182,51183.0,1639.9318935388474,1.0928961748633879,181,183,2,0,181,181,11237,0,0,0,0,2
2020-06-16,US,Virginia,Tazewell,9,0,0,37.12191123,-81.56685568,51185.0,22.170218007143742,0.0,9,9,0,0,9,9,40855,0,0,0,0,0
2020-06-16,US,Virginia,Virginia Beach,909,27,0,36.73285734,-76.04566934,51810.0,202.01167178548093,2.9702970297029703,882,899,27,0,872,890,450189,10,0,0,10,9
2020-06-16,US,Virginia,Warren,233,4,0,38.90847745,-78.20280433,51187.0,580.1215018424459,1.7167381974248928,229,231,4,0,227,230,40003,2,0,0,2,1
2020-06-16,US,Virginia,Washington,58,4,0,36.72341572,-81.95666289,51191.0,107.9270561965017,6.896551724137932,54,58,4,0,54,58,54402,0,0,0,0,0
2020-06-16,US,Virginia,Waynesboro,55,0,0,38.06451466,-78.90293905,51820.0,243.04021210782147,0.0,55,54,0,0,54,53,22628,1,0,0,1,1
2020-06-16,US,Virginia,Westmoreland,87,1,0,38.11021557,-76.80213247,51193.0,482.9308909242298,1.1494252873563218,86,87,1,0,86,87,17830,0,0,0,0,0
2020-06-16,US,Virginia,Williamsburg,53,5,0,37.28131268,-76.70905141,51830.0,354.4202220141768,9.433962264150944,48,50,5,0,45,50,14896,3,0,0,3,0
2020-06-16,US,Virginia,Winchester,269,3,0,39.17054517,-78.17325058,51840.0,958.045444832253,1.1152416356877324,266,265,3,0,262,264,28108,4,0,0,4,1
2020-06-16,US,Virginia,Wise,27,2,0,36.9746148,-82.62410519,51195.0,72.22534307037958,7.407407407407407,25,27,2,0,25,27,38012,0,0,0,0,0
2020-06-16,US,Virginia,Wythe,42,1,0,36.91582035,-81.07834059,51197.0,146.42309301352668,2.380952380952381,41,42,1,0,41,42,28754,0,0,0,0,0
2020-06-16,US,Virginia,York,94,3,0,37.24374789,-76.54412815,51199.0,137.66842413591095,3.191489361702128,91,93,3,0,90,93,67846,1,0,0,1,0
2020-06-16,US,Washington,Adams,100,0,0,46.98299757,-118.56017340000001,53001.0,500.4253615573237,0.0,100,93,0,0,93,91,19759,7,0,0,7,2
2020-06-16,US,Washington,Asotin,20,2,0,46.18894415,-117.2022851,53003.0,88.56611460455228,10.0,18,20,2,0,18,20,22610,0,0,0,0,0
2020-06-16,US,Washington,Benton,1218,74,0,46.23946995,-119.51208340000001,53005.0,595.9195655364744,6.075533661740558,1144,1171,73,0,1098,1132,201877,47,1,0,46,39
2020-06-16,US,Washington,Chelan,273,6,0,47.87046092,-120.6173956,53007.0,353.6269430051814,2.1978021978021984,267,273,6,0,267,273,77036,0,0,0,0,0
2020-06-16,US,Washington,Clallam,29,0,0,48.04754642,-123.92263190000001,53009.0,37.50113149965732,0.0,29,29,0,0,29,29,76737,0,0,0,0,0
2020-06-16,US,Washington,Clark,629,27,0,45.77568046,-122.48292040000001,53011.0,128.82981969969748,4.292527821939586,602,620,27,0,593,617,481857,9,0,0,9,3
2020-06-16,US,Washington,Columbia,1,0,0,46.29442881,-117.9051983,53013.0,25.094102885821833,0.0,1,1,0,0,1,1,4059,0,0,0,0,0
2020-06-16,US,Washington,Cowlitz,118,0,0,46.19074721,-122.6782231,53015.0,106.69753058511841,0.0,118,109,0,0,109,107,108987,9,0,0,9,2
2020-06-16,US,Washington,Douglas,183,3,0,47.7361335,-119.69293700000001,53017.0,421.37742061755966,1.639344262295082,180,183,3,0,180,185,42907,0,0,0,0,-2
2020-06-16,US,Washington,Ferry,1,0,0,48.471143100000006,-118.5154041,53019.0,13.111315064901008,0.0,1,1,0,0,1,1,7649,0,0,0,0,0
2020-06-16,US,Washington,Franklin,1005,26,0,46.53351425,-118.9018212,53021.0,1055.4283673940897,2.587064676616916,979,946,26,0,920,896,94347,59,0,0,59,50
2020-06-16,US,Washington,Grant,268,5,0,47.20753737,-119.4500749,53025.0,274.2164877779256,1.8656716417910448,263,264,5,0,259,259,97331,4,0,0,4,5
2020-06-16,US,Washington,Grays Harbor,20,0,0,47.14003705,-123.7820567,53027.0,26.64499540373829,0.0,20,20,0,0,20,20,73901,0,0,0,0,0
2020-06-16,US,Washington,Island,183,11,0,48.14713305,-122.5216407,53029.0,214.93757414171785,6.0109289617486334,172,182,11,0,171,182,84460,1,0,0,1,0
2020-06-16,US,Washington,Jefferson,32,0,0,47.75003077,-123.56097040000002,53031.0,99.31411191458986,0.0,32,32,0,0,32,31,31729,0,0,0,0,1
2020-06-16,US,Washington,King,8850,595,0,47.49137892,-121.8346131,53033.0,392.8475991019104,6.72316384180791,8255,8785,592,0,8193,8722,2233163,65,3,0,62,63
2020-06-16,US,Washington,Kitsap,178,2,0,47.63479026,-122.6436061,53035.0,65.56821488693167,1.1235955056179776,176,178,2,0,176,176,269805,0,0,0,0,2
2020-06-16,US,Washington,Kittitas,92,0,0,47.12521214,-120.67943899999999,53037.0,191.92656722645248,0.0,92,92,0,0,92,92,47364,0,0,0,0,0
2020-06-16,US,Washington,Klickitat,49,3,0,45.87325839,-120.7913598,53039.0,218.50613154960982,6.1224489795918355,46,46,3,0,43,45,22107,3,0,0,3,1
2020-06-16,US,Washington,Lewis,40,3,0,46.57756476,-122.39257690000001,53041.0,49.561995861573344,7.5,37,39,3,0,36,38,79604,1,0,0,1,1
2020-06-16,US,Washington,Lincoln,2,0,0,47.57705241,-118.41943880000001,53043.0,18.283206874485785,0.0,2,2,0,0,2,2,10740,0,0,0,0,0
2020-06-16,US,Washington,Mason,40,1,0,47.35007586,-123.1863685,53045.0,59.90893841361132,2.5,39,40,1,0,39,40,65507,0,0,0,0,0
2020-06-16,US,Washington,Okanogan,58,1,0,48.54855019,-119.73872240000001,53047.0,137.30085457945694,1.7241379310344829,57,58,1,0,57,57,42132,0,0,0,0,1
2020-06-16,US,Washington,Pacific,12,1,0,46.55418369,-123.7285716,53049.0,53.4021627875929,8.333333333333334,11,12,1,0,11,12,22036,0,0,0,0,0
2020-06-16,US,Washington,Pend Oreille,3,0,0,48.53234021,-117.2741804,53051.0,21.85951617604197,0.0,3,3,0,0,3,3,13602,0,0,0,0,0
2020-06-16,US,Washington,Pierce,2161,89,0,47.03892768,-122.14059579999999,53053.0,238.78980750955824,4.118463674224897,2072,2143,89,0,2054,2134,891299,18,0,0,18,9
2020-06-16,US,Washington,San Juan,16,0,0,48.60182783,-122.96745,53055.0,91.00216130133091,0.0,16,15,0,0,15,15,17128,1,0,0,1,0
2020-06-16,US,Washington,Skagit,464,15,0,48.48171488,-121.766131,53057.0,359.1192291319996,3.2327586206896552,449,463,15,0,448,461,128206,1,0,0,1,2
2020-06-16,US,Washington,Skamania,3,0,0,46.02408726,-121.91644029999999,53059.0,24.828271124720683,0.0,3,3,0,0,3,3,11924,0,0,0,0,0
2020-06-16,US,Washington,Snohomish,3171,158,0,48.04615983,-121.7170703,53061.0,385.7274752062748,4.982655313781142,3013,3152,156,0,2996,3136,814901,19,2,0,17,16
2020-06-16,US,Washington,Spokane,846,37,0,47.62113146,-117.4046494,53063.0,161.8215830971044,4.373522458628842,809,833,37,0,796,820,514631,13,0,0,13,13
2020-06-16,US,Washington,Stevens,15,1,0,48.40035475,-117.8542701,53065.0,32.80624630929729,6.666666666666668,14,15,1,0,14,15,45260,0,0,0,0,0
2020-06-16,US,Washington,Thurston,197,5,0,46.9291895,-122.82906559999999,53067.0,67.80571082413195,2.538071065989848,192,190,4,0,186,190,286419,7,1,0,6,0
2020-06-16,US,Washington,Unassigned,47,0,0,0.0,0.0,90053.0,0.0,0.0,47,91,0,0,91,48,,-44,0,0,-44,43
2020-06-16,US,Washington,Wahkiakum,4,0,0,46.29180039999999,-123.4250831,53069.0,89.12655971479502,0.0,4,4,0,0,4,4,4426,0,0,0,0,0
2020-06-16,US,Washington,Walla Walla,122,3,0,46.23040051,-118.4775539,53071.0,200.7899934167216,2.459016393442623,119,120,3,0,117,118,60922,2,0,0,2,2
2020-06-16,US,Washington,Whatcom,455,39,0,48.82227976,-121.74900179999999,53073.0,198.47587972797902,8.571428571428571,416,453,38,0,415,448,225685,2,1,0,1,5
2020-06-16,US,Washington,Whitman,29,0,0,46.90022523,-117.52417630000001,53075.0,57.87961041034648,0.0,29,27,0,0,27,27,49791,2,0,0,2,0
2020-06-16,US,Washington,Yakima,5597,124,0,46.45738486,-120.73801259999999,53077.0,2231.0093154703773,2.2154725745935324,5473,5450,121,0,5329,5384,251446,147,3,0,144,66
2020-06-16,US,West Virginia,Barbour,10,1,0,39.1307219,-80.00350858,54001.0,60.823550878900306,10.0,9,10,1,0,9,10,16535,0,0,0,0,0
2020-06-16,US,West Virginia,Berkeley,399,9,0,39.46704621,-78.02414609,54003.0,334.81299980700004,2.255639097744361,390,395,9,0,386,386,117123,4,0,0,4,9
2020-06-16,US,West Virginia,Boone,19,0,0,38.01974191,-81.69888019,54005.0,88.54919140606796,0.0,19,18,0,0,18,17,21951,1,0,0,1,1
2020-06-16,US,West Virginia,Braxton,3,0,0,38.70036159,-80.72011184,54007.0,21.49459052805044,0.0,3,3,0,0,3,3,14089,0,0,0,0,0
2020-06-16,US,West Virginia,Brooke,6,0,0,40.27367263,-80.57915332,54009.0,27.34855736359907,0.0,6,6,0,0,6,5,22203,0,0,0,0,1
2020-06-16,US,West Virginia,Cabell,75,0,0,38.42424062,-82.23855912,54011.0,81.57050410571539,0.0,75,75,0,0,75,71,93224,0,0,0,0,4
2020-06-16,US,West Virginia,Calhoun,2,0,0,38.84315422,-81.11934872,54013.0,28.133352088901397,0.0,2,2,0,0,2,2,7254,0,0,0,0,0
2020-06-16,US,West Virginia,Clay,10,0,0,38.46231092,-81.07652217,54015.0,117.53643629525152,0.0,10,10,0,0,10,10,8632,0,0,0,0,0
2020-06-16,US,West Virginia,Fayette,54,4,0,38.02974928,-81.08286634,54019.0,127.34047068811016,7.407407407407407,50,54,4,0,50,54,43018,0,0,0,0,0
2020-06-16,US,West Virginia,Gilmer,10,0,0,38.9251277,-80.85952723,54021.0,127.82819890067749,0.0,10,10,0,0,10,10,8026,0,0,0,0,0
2020-06-16,US,West Virginia,Grant,16,0,0,39.10314817,-79.19440518,54023.0,138.31258644536652,0.0,16,16,0,0,16,16,11626,0,0,0,0,0
2020-06-16,US,West Virginia,Greenbrier,37,0,0,37.9463652,-80.45335881,54025.0,106.7451387686804,0.0,37,30,0,0,30,21,34786,7,0,0,7,9
2020-06-16,US,West Virginia,Hampshire,40,1,0,39.32103553,-78.60826476,54027.0,172.5997842502697,2.5,39,39,1,0,38,39,23347,1,0,0,1,0
2020-06-16,US,West Virginia,Hancock,20,0,0,40.51943859,-80.57461608,54029.0,69.42034015966678,0.0,20,20,0,0,20,20,29094,0,0,0,0,0
2020-06-16,US,West Virginia,Hardy,40,0,0,39.00683177,-78.85855301,54031.0,290.36004645760744,0.0,40,40,0,0,40,40,13775,0,0,0,0,0
2020-06-16,US,West Virginia,Harrison,49,1,0,39.2853852,-80.37919577,54033.0,72.85595337218984,2.0408163265306123,48,48,1,0,47,46,67554,1,0,0,1,2
2020-06-16,US,West Virginia,Jackson,141,18,0,38.84263974,-81.68148753,54035.0,493.4210526315789,12.76595744680851,123,141,18,0,123,141,28706,0,0,0,0,0
2020-06-16,US,West Virginia,Jefferson,211,4,0,39.30776166,-77.86014147,54037.0,369.2296923669198,1.895734597156398,207,209,4,0,205,207,56811,2,0,0,2,2
2020-06-16,US,West Virginia,Kanawha,249,20,0,38.33860077,-81.52857054,54039.0,139.79025847162652,8.032128514056225,229,247,20,0,227,246,180454,2,0,0,2,1
2020-06-16,US,West Virginia,Lewis,8,1,0,38.9947249,-80.49988181,54041.0,50.292324134029045,12.5,7,8,1,0,7,8,16024,0,0,0,0,0
2020-06-16,US,West Virginia,Lincoln,5,0,0,38.172154,-82.07017953,54043.0,24.498995541182808,0.0,5,5,0,0,5,5,20599,0,0,0,0,0
2020-06-16,US,West Virginia,Logan,21,1,0,37.8299889,-81.93528571,54045.0,65.58605827789751,4.761904761904762,20,21,1,0,20,21,32607,0,0,0,0,0
2020-06-16,US,West Virginia,Marion,53,2,0,39.50984542,-80.24244659,54049.0,94.5213297189328,3.7735849056603774,51,53,2,0,51,54,56097,0,0,0,0,-1
2020-06-16,US,West Virginia,Marshall,38,0,0,39.86064362,-80.66591062,54051.0,124.46365988667256,0.0,38,37,0,0,37,38,30785,1,0,0,1,-1
2020-06-16,US,West Virginia,Mason,15,0,0,38.77071799,-82.02524219,54053.0,56.569618343641565,0.0,15,15,0,0,15,15,26718,0,0,0,0,0
2020-06-16,US,West Virginia,McDowell,6,0,0,37.38002939,-81.65083669,54047.0,34.04448479346346,0.0,6,6,0,0,6,6,18223,0,0,0,0,0
2020-06-16,US,West Virginia,Mercer,14,0,0,37.40481169,-81.11023142,54055.0,23.82654276864427,0.0,14,14,0,0,14,14,59131,0,0,0,0,0
2020-06-16,US,West Virginia,Mineral,51,2,0,39.41561583,-78.94104895,54057.0,189.8168825368468,3.92156862745098,49,51,2,0,49,51,26940,0,0,0,0,0
2020-06-16,US,West Virginia,Mingo,12,2,0,37.73048351,-82.13338365,54059.0,51.22950819672131,16.666666666666668,10,12,2,0,10,12,23785,0,0,0,0,0
2020-06-16,US,West Virginia,Monongalia,145,5,0,39.63218457,-80.04766838,54061.0,137.29500435556565,3.4482758620689653,140,145,5,0,140,145,106420,0,0,0,0,0
2020-06-16,US,West Virginia,Monroe,9,0,0,37.56274716,-80.54577965,54063.0,67.79661016949153,0.0,9,9,0,0,9,9,13280,0,0,0,0,0
2020-06-16,US,West Virginia,Morgan,19,0,0,39.55439028,-78.26311676,54065.0,106.24021471706553,0.0,19,19,0,0,19,19,17787,0,0,0,0,0
2020-06-16,US,West Virginia,Nicholas,7,1,0,38.29617706,-80.79759588,54067.0,28.576094056172444,14.285714285714285,6,7,1,0,6,7,24842,0,0,0,0,0
2020-06-16,US,West Virginia,Ohio,56,1,0,40.0955451,-80.62203992,54069.0,135.22976986790948,1.7857142857142858,55,57,1,0,56,55,41755,-1,0,0,-1,2
2020-06-16,US,West Virginia,Pendleton,13,1,0,38.68314479,-79.35084086,54071.0,186.5403931697517,7.6923076923076925,12,13,1,0,12,13,6997,0,0,0,0,0
2020-06-16,US,West Virginia,Pleasants,4,0,0,39.37091679,-81.16771771,54073.0,53.61930294906166,0.0,4,4,0,0,4,4,7507,0,0,0,0,0
2020-06-16,US,West Virginia,Pocahontas,21,0,0,38.32758728,-80.00993811,54075.0,254.63805020007274,0.0,21,21,0,0,21,21,8414,0,0,0,0,0
2020-06-16,US,West Virginia,Preston,25,2,0,39.46770987,-79.66712803,54077.0,74.77865518066524,8.0,23,24,2,0,22,24,33839,1,0,0,1,0
2020-06-16,US,West Virginia,Putnam,42,0,0,38.50782345,-81.9082131,54079.0,74.40212577502214,0.0,42,42,0,0,42,42,56682,0,0,0,0,0
2020-06-16,US,West Virginia,Raleigh,25,0,0,37.76936795,-81.2456041,54081.0,34.07805237115088,0.0,25,26,0,0,26,26,74254,-1,0,0,-1,0
2020-06-16,US,West Virginia,Randolph,141,0,0,38.769899,-79.87919615,54083.0,491.37480397281763,0.0,141,140,0,0,140,141,28823,1,0,0,1,-1
2020-06-16,US,West Virginia,Ritchie,2,0,0,39.18094587,-81.06356878,54085.0,20.933640360058615,0.0,2,2,0,0,2,2,9721,0,0,0,0,0
2020-06-16,US,West Virginia,Roane,11,1,0,38.71622686,-81.35243568,54087.0,80.3623611922852,9.090909090909092,10,11,1,0,10,10,13932,0,0,0,0,1
2020-06-16,US,West Virginia,Summers,1,0,0,37.65390597,-80.86009693,54089.0,7.953551260637875,0.0,1,1,0,0,1,1,12760,0,0,0,0,0
2020-06-16,US,West Virginia,Taylor,10,0,0,39.33602617,-80.0421439,54091.0,59.89817310572028,0.0,10,10,0,0,10,10,16862,0,0,0,0,0
2020-06-16,US,West Virginia,Tucker,5,0,0,39.11240885,-79.57053576,54093.0,73.11010381634742,0.0,5,5,0,0,5,5,6955,0,0,0,0,0
2020-06-16,US,West Virginia,Tyler,3,0,0,39.46811972,-80.88772676,54095.0,34.920265394016994,0.0,3,3,0,0,3,3,8746,0,0,0,0,0
2020-06-16,US,West Virginia,Unassigned,1,0,0,0.0,0.0,90054.0,0.0,0.0,1,1,0,0,1,,,0,0,0,0,
2020-06-16,US,West Virginia,Upshur,7,0,0,38.89285061,-80.23689136,54097.0,28.95433487756453,0.0,7,7,0,0,7,7,24415,0,0,0,0,0
2020-06-16,US,West Virginia,Wayne,106,9,0,38.14901357,-82.42287994,54099.0,269.0218770620781,8.49056603773585,97,106,9,0,97,105,39944,0,0,0,0,1
2020-06-16,US,West Virginia,Wetzel,9,0,0,39.6065771,-80.64016540000001,54103.0,59.741121805509465,0.0,9,9,0,0,9,9,15270,0,0,0,0,0
2020-06-16,US,West Virginia,Wirt,4,0,0,39.02775007,-81.37473928,54105.0,68.7167153410067,0.0,4,4,0,0,4,4,5830,0,0,0,0,0
2020-06-16,US,West Virginia,Wood,56,2,0,39.20967886,-81.5162836,54107.0,67.05141406642879,3.571428571428572,54,56,2,0,54,55,84203,0,0,0,0,1
2020-06-16,US,West Virginia,Wyoming,5,0,0,37.612327,-81.54511071,54109.0,24.517014808276944,0.0,5,5,0,0,5,5,20786,0,0,0,0,0
2020-06-16,US,Wisconsin,Adams,8,2,0,43.96974651,-89.76782777,55001.0,39.564787339268044,25.0,6,8,2,0,6,8,20348,0,0,0,0,0
2020-06-16,US,Wisconsin,Ashland,3,0,0,46.31956891,-90.67837132,55003.0,19.27772779848349,0.0,3,3,0,0,3,3,15600,0,0,0,0,0
2020-06-16,US,Wisconsin,Barron,26,0,0,45.42372701,-91.84833627,55005.0,57.466183361329676,0.0,26,25,0,0,25,25,45164,1,0,0,1,0
2020-06-16,US,Wisconsin,Bayfield,3,1,0,46.52868768,-91.19716729,55007.0,19.952114924181963,33.333333333333336,2,3,1,0,2,3,15042,0,0,0,0,0
2020-06-16,US,Wisconsin,Brown,2492,39,0,44.452655299999996,-88.00411844,55009.0,942.0054282495784,1.5650080256821832,2453,2469,38,0,2431,2469,263378,23,1,0,22,0
2020-06-16,US,Wisconsin,Buffalo,7,2,0,44.37835084,-91.75332578,55011.0,53.718056941140354,28.57142857142857,5,7,2,0,5,7,13125,0,0,0,0,0
2020-06-16,US,Wisconsin,Burnett,3,1,0,45.86303537,-92.36711412,55013.0,19.46282600233554,33.333333333333336,2,2,1,0,1,2,15392,1,0,0,1,0
2020-06-16,US,Wisconsin,Calumet,87,2,0,44.0816316,-88.21780273,55015.0,173.69083032202678,2.2988505747126435,85,86,2,0,84,86,50159,1,0,0,1,0
2020-06-16,US,Wisconsin,Chippewa,63,0,0,45.06939744,-91.28068855,55017.0,97.43573881035604,0.0,63,62,0,0,62,62,64135,1,0,0,1,0
2020-06-16,US,Wisconsin,Clark,51,4,0,44.73483377,-90.61207486,55019.0,146.66129867142118,7.84313725490196,47,51,4,0,47,50,34709,0,0,0,0,1
2020-06-16,US,Wisconsin,Columbia,58,1,0,43.46492199,-89.33589004,55021.0,100.81346033511784,1.7241379310344829,57,56,1,0,55,56,57358,2,0,0,2,0
2020-06-16,US,Wisconsin,Crawford,27,0,0,43.23870316,-90.93073686,55023.0,167.37957969127766,0.0,27,27,0,0,27,27,16291,0,0,0,0,0
2020-06-16,US,Wisconsin,Dane,980,30,0,43.06601594,-89.41733797,55025.0,179.2590018200276,3.0612244897959178,950,968,30,0,938,956,542364,12,0,0,12,12
2020-06-16,US,Wisconsin,Dodge,424,4,0,43.41576662,-88.70928178,55027.0,482.7013057981079,0.9433962264150944,420,424,4,0,420,423,87847,0,0,0,0,1
2020-06-16,US,Wisconsin,Door,39,3,0,44.95856458,-87.30002707,55029.0,140.95706231025008,7.6923076923076925,36,39,3,0,36,39,27610,0,0,0,0,0
2020-06-16,US,Wisconsin,Douglas,20,0,0,46.43222285,-91.91595768,55031.0,46.349942062572424,0.0,20,20,0,0,20,20,43208,0,0,0,0,0
2020-06-16,US,Wisconsin,Dunn,29,0,0,44.94562799,-91.8962481,55033.0,63.921706929994706,0.0,29,29,0,0,29,29,45131,0,0,0,0,0
2020-06-16,US,Wisconsin,Eau Claire,138,0,0,44.726614,-91.28609183,55035.0,131.87317240983887,0.0,138,137,0,0,137,137,104534,1,0,0,1,0
2020-06-16,US,Wisconsin,Florence,2,0,0,45.84963535,-88.39804137,55037.0,46.56577415599534,0.0,2,2,0,0,2,2,4321,0,0,0,0,0
2020-06-16,US,Wisconsin,Fond du Lac,272,6,0,43.75354908,-88.48885325,55039.0,263.0484608763769,2.2058823529411766,266,269,6,0,263,262,103066,3,0,0,3,7
2020-06-16,US,Wisconsin,Forest,34,2,0,45.66678019,-88.77084892,55041.0,377.6099511328298,5.882352941176472,32,34,2,0,32,34,8991,0,0,0,0,0
2020-06-16,US,Wisconsin,Grant,107,12,0,42.8671731,-90.7063218,55043.0,208.01337506561168,11.214953271028037,95,107,12,0,95,107,51554,0,0,0,0,0
2020-06-16,US,Wisconsin,Green,77,1,0,42.6794956,-89.60243287,55045.0,208.33333333333331,1.2987012987012987,76,75,1,0,74,75,36929,2,0,0,2,0
2020-06-16,US,Wisconsin,Green Lake,24,0,0,43.80025981,-89.04679553,55047.0,126.8968434410194,0.0,24,24,0,0,24,24,18918,0,0,0,0,0
2020-06-16,US,Wisconsin,Iowa,17,0,0,43.00050278,-90.13469017,55049.0,71.79660444294281,0.0,17,17,0,0,17,17,23771,0,0,0,0,0
2020-06-16,US,Wisconsin,Iron,2,1,0,46.26302338,-90.24295041,55051.0,35.16792685071215,50.0,1,2,1,0,1,2,5676,0,0,0,0,0
2020-06-16,US,Wisconsin,Jackson,21,1,0,44.31864893,-90.80566792,55053.0,101.7293997965412,4.761904761904762,20,21,1,0,20,21,20478,0,0,0,0,0
2020-06-16,US,Wisconsin,Jefferson,161,4,0,43.02054068,-88.77529134,55055.0,189.9279217638524,2.4844720496894412,157,160,4,0,156,158,85129,1,0,0,1,2
2020-06-16,US,Wisconsin,Juneau,25,1,0,43.92456975,-90.11120239,55057.0,93.67857009030615,4.0,24,25,1,0,24,25,26617,0,0,0,0,0
2020-06-16,US,Wisconsin,Kenosha,1374,37,0,42.57639354,-88.04051686,55059.0,810.3278466156723,2.692867540029112,1337,1357,36,0,1321,1356,169290,17,1,0,16,1
2020-06-16,US,Wisconsin,Kewaunee,39,1,0,44.51727459,-87.61468386,55061.0,190.85837329940296,2.5641025641025643,38,37,1,0,36,37,20383,2,0,0,2,0
2020-06-16,US,Wisconsin,La Crosse,132,0,0,43.90632465,-91.11451093,55063.0,111.84924078091106,0.0,132,123,0,0,123,116,118230,9,0,0,9,7
2020-06-16,US,Wisconsin,Lafayette,43,0,0,42.66005229,-90.1317729,55065.0,258.02580258025796,0.0,43,43,0,0,43,41,16665,0,0,0,0,2
2020-06-16,US,Wisconsin,Langlade,6,0,0,45.26271619,-89.07483625,55067.0,31.26791390901037,0.0,6,6,0,0,6,5,19268,0,0,0,0,1
2020-06-16,US,Wisconsin,Lincoln,7,0,0,45.33737523,-89.73411273,55069.0,25.3687529445874,0.0,7,8,0,0,8,8,27689,-1,0,0,-1,0
2020-06-16,US,Wisconsin,Manitowoc,48,1,0,44.11946801,-87.80928853,55071.0,60.77411022904243,2.083333333333333,47,47,1,0,46,45,79074,1,0,0,1,2
2020-06-16,US,Wisconsin,Marathon,83,1,0,44.89792533,-89.75863384,55073.0,61.16793915632461,1.2048192771084338,82,82,1,0,81,82,135428,1,0,0,1,0
2020-06-16,US,Wisconsin,Marinette,40,3,0,45.38553432,-88.03324599999998,55075.0,99.13258983890955,7.5,37,40,3,0,37,39,40434,0,0,0,0,1
2020-06-16,US,Wisconsin,Marquette,9,1,0,43.81911946,-89.40073763,55077.0,57.78862206241171,11.111111111111109,8,9,1,0,8,9,15434,0,0,0,0,0
2020-06-16,US,Wisconsin,Menominee,4,0,0,45.00422544,-88.70950714,55078.0,87.7963125548727,0.0,4,4,0,0,4,4,4658,0,0,0,0,0
2020-06-16,US,Wisconsin,Milwaukee,9658,352,0,43.00486062,-87.96733172,55079.0,1021.2260210674127,3.644646924829157,9306,9588,350,0,9238,9511,948201,70,2,0,68,77
2020-06-16,US,Wisconsin,Monroe,36,1,0,43.94641218,-90.61881899999999,55081.0,77.83278922448274,2.7777777777777777,35,33,1,0,32,32,46051,3,0,0,3,1
2020-06-16,US,Wisconsin,Oconto,45,0,0,45.02715345,-88.26807503,55083.0,118.63959926179804,0.0,45,45,0,0,45,44,37830,0,0,0,0,1
2020-06-16,US,Wisconsin,Oneida,17,0,0,45.70677897,-89.51944105,55085.0,47.75951678606546,0.0,17,16,0,0,16,16,35470,1,0,0,1,0
2020-06-16,US,Wisconsin,Outagamie,345,8,0,44.41578887,-88.46565023,55087.0,183.6229608537137,2.318840579710145,337,343,8,0,335,337,187365,2,0,0,2,6
2020-06-16,US,Wisconsin,Ozaukee,199,15,0,43.38352225,-87.94625009,55089.0,223.04166059559967,7.537688442211055,184,193,13,0,180,193,89147,6,2,0,4,0
2020-06-16,US,Wisconsin,Pepin,1,0,0,44.58307413,-91.99949611,55091.0,13.723068478111706,0.0,1,1,0,0,1,1,7289,0,0,0,0,0
2020-06-16,US,Wisconsin,Pierce,57,0,0,44.71850291,-92.4224416,55093.0,133.3208588670066,0.0,57,57,0,0,57,54,42555,0,0,0,0,3
2020-06-16,US,Wisconsin,Polk,36,1,0,45.46130348,-92.44182875,55095.0,82.22369412785785,2.7777777777777777,35,37,1,0,36,37,43598,-1,0,0,-1,0
2020-06-16,US,Wisconsin,Portage,82,0,0,44.47558711,-89.50152965,55097.0,115.86503136833777,0.0,82,79,0,0,79,75,70942,3,0,0,3,4
2020-06-16,US,Wisconsin,Price,2,0,0,45.68051754,-90.36098879999999,55099.0,14.980151299528124,0.0,2,2,0,0,2,2,13397,0,0,0,0,0
2020-06-16,US,Wisconsin,Racine,2033,55,0,42.74753117,-88.05941254,55101.0,1035.6016728558257,2.705361534677816,1978,1991,54,0,1937,1989,196584,42,1,0,41,2
2020-06-16,US,Wisconsin,Richland,14,4,0,43.3762778,-90.43012729,55103.0,81.1500115928588,28.57142857142857,10,14,4,0,10,14,17377,0,0,0,0,0
2020-06-16,US,Wisconsin,Rock,761,22,0,42.67151616,-89.07147900000002,55105.0,465.85942186906965,2.890932982917214,739,754,21,0,733,754,163129,7,1,0,6,0
2020-06-16,US,Wisconsin,Rusk,10,0,0,45.47498854,-91.1333012,55107.0,70.53180984624065,0.0,10,10,0,0,10,10,14147,0,0,0,0,0
2020-06-16,US,Wisconsin,Sauk,87,3,0,43.42574087,-89.94966132,55111.0,135.0051208838956,3.4482758620689653,84,85,3,0,82,85,64249,2,0,0,2,0
2020-06-16,US,Wisconsin,Sawyer,9,0,0,45.87931905,-91.14504927,55113.0,54.35439062688731,0.0,9,9,0,0,9,9,16489,0,0,0,0,0
2020-06-16,US,Wisconsin,Shawano,64,0,0,44.78902246,-88.76443896,55115.0,156.4830435951979,0.0,64,64,0,0,64,63,40796,0,0,0,0,1
2020-06-16,US,Wisconsin,Sheboygan,166,4,0,43.72099677,-87.94579284,55117.0,143.92231662909657,2.409638554216868,162,158,4,0,154,157,115456,8,0,0,8,1
2020-06-16,US,Wisconsin,St. Croix,116,0,0,45.03437474,-92.45000068,55109.0,127.91249021359181,0.0,116,111,0,0,111,111,89694,5,0,0,5,0
2020-06-16,US,Wisconsin,Taylor,5,0,0,45.21179252,-90.5004405,55119.0,24.5784790837143,0.0,5,5,0,0,5,3,20412,0,0,0,0,2
2020-06-16,US,Wisconsin,Trempealeau,71,0,0,44.30360275,-91.35893614,55121.0,239.4684475024453,0.0,71,64,0,0,64,57,29442,7,0,0,7,7
2020-06-16,US,Wisconsin,Vernon,24,0,0,43.59422667,-90.8324691,55123.0,77.86645902277594,0.0,24,24,0,0,24,24,30785,0,0,0,0,0
2020-06-16,US,Wisconsin,Vilas,8,0,0,46.05467334,-89.51719204,55125.0,36.044154088758724,0.0,8,8,0,0,8,8,21938,0,0,0,0,0
2020-06-16,US,Wisconsin,Walworth,480,17,0,42.66858202,-88.54163073,55127.0,462.1250048138022,3.5416666666666665,463,471,17,0,454,471,103718,9,0,0,9,0
2020-06-16,US,Wisconsin,Washburn,3,0,0,45.89838588,-91.79050449,55129.0,19.083969465648856,0.0,3,3,0,0,3,3,15878,0,0,0,0,0
2020-06-16,US,Wisconsin,Washington,296,11,0,43.36863664,-88.22974712,55131.0,217.59266065836482,3.716216216216216,285,294,11,0,283,290,135693,2,0,0,2,4
2020-06-16,US,Wisconsin,Waukesha,928,35,0,43.01833055,-88.30431188,55133.0,229.59044824566175,3.771551724137931,893,915,35,0,880,904,403072,13,0,0,13,11
2020-06-16,US,Wisconsin,Waupaca,80,4,0,44.47068056,-88.96534501,55135.0,156.89350853108454,5.0,76,79,3,0,76,78,51128,1,1,0,0,1
2020-06-16,US,Wisconsin,Waushara,20,0,0,44.11324419,-89.24317107,55137.0,81.82301681462995,0.0,20,16,0,0,16,16,24263,4,0,0,4,0
2020-06-16,US,Wisconsin,Winnebago,537,9,0,44.06886922,-88.64477096,55139.0,312.3782044942905,1.675977653631285,528,532,9,0,523,518,171020,5,0,0,5,14
2020-06-16,US,Wisconsin,Wood,23,1,0,44.45537896,-90.04158336,55141.0,31.50728092165646,4.3478260869565215,22,23,1,0,22,21,73055,0,0,0,0,2
2020-06-16,US,Wyoming,Albany,28,0,0,41.65498705,-105.72354150000001,56001.0,72.0164609053498,0.0,28,27,0,0,27,26,38601,1,0,0,1,1
2020-06-16,US,Wyoming,Big Horn,11,0,0,44.52405055,-107.9960365,56003.0,93.29940627650551,0.0,11,11,0,0,11,11,11881,0,0,0,0,0
2020-06-16,US,Wyoming,Campbell,46,0,0,44.24886082,-105.54744040000001,56005.0,99.2641505362422,0.0,46,45,0,0,45,44,46140,1,0,0,1,1
2020-06-16,US,Wyoming,Carbon,22,0,0,41.69357844,-106.9326084,56007.0,148.64864864864862,0.0,22,22,0,0,22,24,14971,0,0,0,0,-2
2020-06-16,US,Wyoming,Converse,24,0,0,42.97272268,-105.5081848,56009.0,173.63623209376357,0.0,24,24,0,0,24,24,13640,0,0,0,0,0
2020-06-16,US,Wyoming,Crook,6,0,0,44.58855102,-104.56977049999999,56011.0,79.11392405063293,0.0,6,6,0,0,6,6,7450,0,0,0,0,0
2020-06-16,US,Wyoming,Fremont,310,0,0,43.04183996,-108.6296893,56013.0,789.5876314918112,0.0,310,308,0,0,308,305,39531,2,0,0,2,3
2020-06-16,US,Wyoming,Goshen,5,0,0,42.08798185,-104.3534743,56015.0,37.847248505033676,0.0,5,5,0,0,5,5,13376,0,0,0,0,0
2020-06-16,US,Wyoming,Hot Springs,12,0,0,43.71930657,-108.44231740000001,56017.0,271.92386131883075,0.0,12,12,0,0,12,12,4555,0,0,0,0,0
2020-06-16,US,Wyoming,Johnson,18,1,0,44.04057166,-106.58451740000001,56019.0,213.14387211367676,5.5555555555555545,17,18,1,0,17,18,8460,0,0,0,0,0
2020-06-16,US,Wyoming,Laramie,196,0,0,41.30702520000001,-104.6887497,56021.0,196.98492462311557,0.0,196,196,0,0,196,195,98976,0,0,0,0,1
2020-06-16,US,Wyoming,Lincoln,15,0,0,42.26376367,-110.6563997,56023.0,75.642965204236,0.0,15,15,0,0,15,15,19434,0,0,0,0,0
2020-06-16,US,Wyoming,Natrona,88,0,0,42.96180148,-106.79788500000001,56025.0,110.19559718500338,0.0,88,87,0,0,87,87,79115,1,0,0,1,0
2020-06-16,US,Wyoming,Niobrara,2,0,0,43.05607708,-104.47588959999999,56027.0,84.88964346349746,0.0,2,2,0,0,2,2,2388,0,0,0,0,0
2020-06-16,US,Wyoming,Park,7,0,0,44.52157546,-109.58528249999999,56029.0,23.977529629375898,0.0,7,5,0,0,5,5,29324,2,0,0,2,0
2020-06-16,US,Wyoming,Platte,1,0,0,42.13299116,-104.96633100000001,56031.0,11.914690813773385,0.0,1,1,0,0,1,1,8566,0,0,0,0,0
2020-06-16,US,Wyoming,Sheridan,19,0,0,44.79048913,-106.8862389,56033.0,62.325733967525004,0.0,19,19,0,0,19,19,30233,0,0,0,0,0
2020-06-16,US,Wyoming,Sublette,3,0,0,42.76558279,-109.91309220000001,56035.0,30.515715593530675,0.0,3,3,0,0,3,3,9813,0,0,0,0,0
2020-06-16,US,Wyoming,Sweetwater,40,0,0,41.65943896,-108.8827882,56037.0,94.46661785891409,0.0,40,40,0,0,40,40,43051,0,0,0,0,0
2020-06-16,US,Wyoming,Teton,105,0,0,43.93522482,-110.5890801,56039.0,447.4940334128878,0.0,105,105,0,0,105,105,23081,0,0,0,0,0
2020-06-16,US,Wyoming,Uinta,91,0,0,41.2878183,-110.54757820000002,56041.0,449.9159497676258,0.0,91,88,0,0,88,73,20299,3,0,0,3,15
2020-06-16,US,Wyoming,Unassigned,0,17,0,0.0,0.0,90056.0,0.0,0.0,-17,0,17,0,-17,0,,0,0,0,0,0
2020-06-16,US,Wyoming,Washakie,39,0,0,43.90451606,-107.68018700000002,56043.0,499.6796925048046,0.0,39,39,0,0,39,39,7885,0,0,0,0,0
2020-06-16,US,Wyoming,Weston,1,0,0,43.83961191,-104.56748809999999,56045.0,14.436263894903998,0.0,1,1,0,0,1,1,6967,0,0,0,0,0
