Date,Country/Region,Province/State,Admin2,Confirmed,Deaths,Recovered,Latitude,Longitude,FIPS,Incidence_Rate,Case-Fatality_Ratio,Active Cases,Previous Confirmed,Previous Deaths,Previous Recovered,Previous Active,Prev2 Confirmed,Population,Daily Confirmed,Daily Deaths,Daily Recovered,Daily Active,Previous Daily Confirmed
2020-07-09,US,Alabama,Autauga,653,13,0,32.53952745,-86.64408227,1001.0,1168.8055988115054,1.9908116385911176,640,643,12,0,631,636,55601,10,1,0,9,7
2020-07-09,US,Alabama,Baldwin,1114,10,0,30.72774991,-87.72207058,1003.0,499.0279258535886,0.8976660682226212,1104,1039,9,0,1030,980,218022,75,1,0,74,59
2020-07-09,US,Alabama,Barbour,367,2,0,31.868263,-85.3871286,1005.0,1486.6726079559264,0.5449591280653951,365,362,2,0,360,357,24881,5,0,0,5,5
2020-07-09,US,Alabama,Bibb,208,1,0,32.99642064,-87.12511459999996,1007.0,928.8202197017058,0.4807692307692308,207,198,1,0,197,196,22400,10,0,0,10,2
2020-07-09,US,Alabama,Blount,273,1,0,33.98210918,-86.56790593,1009.0,472.10597309168884,0.3663003663003663,272,258,1,0,257,251,57840,15,0,0,15,7
2020-07-09,US,Alabama,Bullock,370,10,0,32.10030533,-85.71265535,1011.0,3663.0036630036625,2.702702702702702,360,369,10,0,359,368,10138,1,0,0,1,1
2020-07-09,US,Alabama,Butler,643,28,0,31.75300095,-86.68057478,1013.0,3306.252570958453,4.354587869362364,615,637,28,0,609,632,19680,6,0,0,6,5
2020-07-09,US,Alabama,Calhoun,436,5,0,33.77483727,-85.82630386,1015.0,383.7859249152767,1.1467889908256879,431,403,5,0,398,387,114277,33,0,0,33,16
2020-07-09,US,Alabama,Chambers,657,27,0,32.91360079,-85.39072749,1017.0,1975.7021711673785,4.109589041095891,630,647,27,0,620,643,33615,10,0,0,10,4
2020-07-09,US,Alabama,Cherokee,112,7,0,34.17805983,-85.60638968,1019.0,427.54619025805465,6.25,105,111,7,0,104,103,26032,1,0,0,1,8
2020-07-09,US,Alabama,Chilton,287,2,0,32.85044126,-86.7173256,1021.0,645.9890159358962,0.6968641114982579,285,276,2,0,274,262,44153,11,0,0,11,14
2020-07-09,US,Alabama,Choctaw,202,12,0,32.02227341,-88.26564429999998,1023.0,1604.5754229883235,5.9405940594059405,190,199,12,0,187,197,12841,3,0,0,3,2
2020-07-09,US,Alabama,Clarke,294,6,0,31.68099859,-87.83548597,1025.0,1244.6024892049784,2.0408163265306123,288,287,6,0,281,283,23920,7,0,0,7,4
2020-07-09,US,Alabama,Clay,74,2,0,33.26984193,-85.85836077,1027.0,559.1235360785795,2.702702702702702,72,69,2,0,67,69,13275,5,0,0,5,0
2020-07-09,US,Alabama,Cleburne,41,1,0,33.67679204,-85.52005899,1029.0,274.98323272971163,2.4390243902439024,40,39,1,0,38,39,14987,2,0,0,2,0
2020-07-09,US,Alabama,Coffee,407,4,0,31.39932826,-85.98901039,1031.0,777.5782354514539,0.9828009828009828,403,392,3,0,389,386,51909,15,1,0,14,6
2020-07-09,US,Alabama,Colbert,465,6,0,34.69847452,-87.80168544,1033.0,841.766079542369,1.2903225806451613,459,442,6,0,436,426,54762,23,0,0,23,16
2020-07-09,US,Alabama,Conecuh,227,7,0,31.43401703,-86.99320044,1035.0,1881.1635037706146,3.0837004405286343,220,218,7,0,211,217,12277,9,0,0,9,1
2020-07-09,US,Alabama,Coosa,62,1,0,32.93690146,-86.24847739,1037.0,581.4498733939791,1.6129032258064515,61,60,1,0,59,59,10715,2,0,0,2,1
2020-07-09,US,Alabama,Covington,399,11,0,31.247785399999998,-86.45050893,1039.0,1076.9521444573402,2.7568922305764407,388,381,10,0,371,372,36986,18,1,0,17,9
2020-07-09,US,Alabama,Crenshaw,127,3,0,31.72941803,-86.31593104,1041.0,922.1609061864654,2.3622047244094486,124,125,3,0,122,125,13824,2,0,0,2,0
2020-07-09,US,Alabama,Cullman,539,5,0,34.13020303,-86.86888037,1043.0,643.4437971540445,0.927643784786642,534,490,5,0,485,470,83442,49,0,0,49,20
2020-07-09,US,Alabama,Dale,362,1,0,31.43037123,-85.61095742,1045.0,736.1913283982755,0.27624309392265195,361,326,1,0,325,302,48956,36,0,0,36,24
2020-07-09,US,Alabama,Dallas,963,9,0,32.32688101,-87.10866709999998,1047.0,2588.988063232606,0.9345794392523364,954,918,9,0,909,910,38310,45,0,0,45,8
2020-07-09,US,Alabama,DeKalb,841,6,0,34.45946862,-85.80782906,1049.0,1176.0099562317341,0.7134363852556479,835,790,5,0,785,761,71385,51,1,0,50,29
2020-07-09,US,Alabama,Elmore,989,19,0,32.59785413,-86.14415284,1051.0,1217.8453127116452,1.9211324570273005,970,975,19,0,956,962,81887,14,0,0,14,13
2020-07-09,US,Alabama,Escambia,452,8,0,31.1256789,-87.15918694,1053.0,1233.8601807113805,1.7699115044247788,444,435,8,0,427,411,36748,17,0,0,17,24
2020-07-09,US,Alabama,Etowah,882,14,0,34.04567266,-86.04051873,1055.0,862.4398638870417,1.5873015873015872,868,834,13,0,821,790,102501,48,1,0,47,44
2020-07-09,US,Alabama,Fayette,78,1,0,33.72076938,-87.73886638,1057.0,478.4688995215312,1.2820512820512822,77,72,1,0,71,72,16433,6,0,0,6,0
2020-07-09,US,Alabama,Franklin,922,16,0,34.44235334,-87.84289505,1059.0,2939.863529111664,1.735357917570499,906,906,16,0,890,902,31363,16,0,0,16,4
2020-07-09,US,Alabama,Geneva,92,0,0,31.09389027,-85.83572839,1061.0,350.1960336492711,0.0,92,86,0,0,86,84,26314,6,0,0,6,2
2020-07-09,US,Alabama,Greene,192,8,0,32.85504247,-87.95684022,1063.0,2367.155714461842,4.166666666666667,184,188,8,0,180,186,8233,4,0,0,4,2
2020-07-09,US,Alabama,Hale,337,22,0,32.76039258,-87.63284988,1065.0,2300.1842877619274,6.528189910979228,315,317,22,0,295,315,14726,20,0,0,20,2
2020-07-09,US,Alabama,Henry,143,3,0,31.51148016,-85.24267944,1067.0,831.1537343795409,2.097902097902098,140,140,3,0,137,136,17209,3,0,0,3,4
2020-07-09,US,Alabama,Houston,552,6,0,31.15197924,-85.29939599,1069.0,521.3350711169037,1.0869565217391304,546,536,6,0,530,510,104722,16,0,0,16,26
2020-07-09,US,Alabama,Jackson,374,2,0,34.78144169,-85.99750489,1071.0,724.441173052338,0.5347593582887701,372,343,2,0,341,302,51736,31,0,0,31,41
2020-07-09,US,Alabama,Jefferson,6030,162,0,33.55554728,-86.89506300000002,1073.0,915.6160364910193,2.6865671641791047,5868,5687,161,0,5526,5486,659300,343,1,0,342,201
2020-07-09,US,Alabama,Lamar,81,1,0,33.77995024,-88.09668032,1075.0,586.7439333574791,1.2345679012345678,80,80,1,0,79,80,13844,1,0,0,1,0
2020-07-09,US,Alabama,Lauderdale,537,6,0,34.90171875,-87.65624729,1077.0,579.1068597741806,1.11731843575419,531,514,6,0,508,501,92387,23,0,0,23,13
2020-07-09,US,Alabama,Lawrence,117,0,0,34.52041498,-87.31069453,1079.0,355.3638683027578,0.0,117,113,0,0,113,109,32957,4,0,0,4,4
2020-07-09,US,Alabama,Lee,1494,37,0,32.60154883,-85.35132246,1081.0,907.9748635606717,2.476572958500669,1457,1463,37,0,1426,1433,163941,31,0,0,31,30
2020-07-09,US,Alabama,Limestone,574,1,0,34.81185586,-86.98310072,1083.0,580.2962139210432,0.17421602787456447,573,525,1,0,524,518,96174,49,0,0,49,7
2020-07-09,US,Alabama,Lowndes,480,22,0,32.1597283,-86.65158371,1085.0,4935.2251696483645,4.583333333333333,458,479,22,0,457,478,9974,1,0,0,1,1
2020-07-09,US,Alabama,Macon,206,9,0,32.38759944,-85.69267724,1087.0,1140.1372592428606,4.368932038834951,197,202,9,0,193,199,18439,4,0,0,4,3
2020-07-09,US,Alabama,Madison,1907,8,0,34.76327133,-86.55069633,1089.0,511.3848150621197,0.4195070791819612,1899,1620,8,0,1612,1554,366519,287,0,0,287,66
2020-07-09,US,Alabama,Marengo,330,11,0,32.24767634,-87.78796182,1091.0,1749.4566081747337,3.333333333333333,319,320,11,0,309,317,19066,10,0,0,10,3
2020-07-09,US,Alabama,Marion,245,14,0,34.13697363,-87.88704173,1093.0,824.6659261503247,5.7142857142857135,231,241,14,0,227,236,29763,4,0,0,4,5
2020-07-09,US,Alabama,Marshall,1866,11,0,34.36975964,-86.30486727,1095.0,1928.203856407713,0.5894962486602358,1855,1815,11,0,1804,1770,96109,51,0,0,51,45
2020-07-09,US,Alabama,Mobile,4418,137,0,30.78472347,-88.20842409,1097.0,1069.1900002420075,3.100950656405613,4281,4315,136,0,4179,4219,413757,103,1,0,102,96
2020-07-09,US,Alabama,Monroe,249,2,0,31.56729412,-87.36995001,1099.0,1200.9839386485314,0.8032128514056225,247,244,2,0,242,241,21067,5,0,0,5,3
2020-07-09,US,Alabama,Montgomery,4339,109,0,32.2206831,-86.20969272,1101.0,1915.7917045645208,2.5120995621110853,4230,4275,109,0,4166,4246,225763,64,0,0,64,29
2020-07-09,US,Alabama,Morgan,1220,5,0,34.45500589,-86.85475946,1103.0,1019.3935443979312,0.4098360655737705,1215,1157,5,0,1152,1128,119089,63,0,0,63,29
2020-07-09,US,Alabama,Perry,209,1,0,32.64048341,-87.29770589,1105.0,2342.261571220441,0.4784688995215311,208,179,1,0,178,179,9140,30,0,0,30,0
2020-07-09,US,Alabama,Pickens,255,6,0,33.28094866,-88.08818103,1107.0,1279.4781736076268,2.3529411764705883,249,244,6,0,238,238,19938,11,0,0,11,6
2020-07-09,US,Alabama,Pike,459,5,0,31.80396383,-85.9408295,1109.0,1386.1206740351513,1.0893246187363834,454,452,5,0,447,452,33338,7,0,0,7,0
2020-07-09,US,Alabama,Randolph,244,9,0,33.29526734,-85.45708831,1111.0,1073.8491329988558,3.6885245901639343,235,228,9,0,219,216,22725,16,0,0,16,12
2020-07-09,US,Alabama,Russell,657,0,0,32.28725256,-85.18415324,1113.0,1133.5208157209156,0.0,657,589,0,0,589,568,57781,68,0,0,68,21
2020-07-09,US,Alabama,Shelby,1509,24,0,33.26879845,-86.66232561,1117.0,693.1493509476256,1.5904572564612327,1485,1414,24,0,1390,1357,215707,95,0,0,95,57
2020-07-09,US,Alabama,St. Clair,469,2,0,33.71902176,-86.31029372,1115.0,523.9520958083832,0.4264392324093816,467,440,2,0,438,416,88690,29,0,0,29,24
2020-07-09,US,Alabama,Sumter,285,12,0,32.59117397,-88.19916205,1119.0,2293.393417558542,4.2105263157894735,273,285,12,0,273,285,12691,0,0,0,0,0
2020-07-09,US,Alabama,Talladega,349,7,0,33.37823223,-86.16886178,1121.0,436.3700017504813,2.005730659025788,342,333,7,0,326,323,79828,16,0,0,16,10
2020-07-09,US,Alabama,Tallapoosa,616,69,0,32.86698258,-85.79833053,1123.0,1525.9989595461639,11.201298701298699,547,606,69,0,537,604,40497,10,0,0,10,2
2020-07-09,US,Alabama,Tuscaloosa,2544,48,0,33.28726072,-87.52556818,1125.0,1215.1608511857848,1.8867924528301887,2496,2382,48,0,2334,2346,208911,162,0,0,162,36
2020-07-09,US,Alabama,Unassigned,586,26,0,0.0,0.0,90001.0,0.0,4.436860068259387,560,538,26,0,512,522,,48,0,0,48,16
2020-07-09,US,Alabama,Walker,1051,27,0,33.80270512,-87.30027177,1127.0,1654.5709292989718,2.568981921979068,1024,1018,25,0,993,985,63711,33,2,0,31,33
2020-07-09,US,Alabama,Washington,127,7,0,31.4092794,-88.20689944,1129.0,777.9002817591572,5.511811023622046,120,121,7,0,114,118,16378,6,0,0,6,3
2020-07-09,US,Alabama,Wilcox,296,8,0,31.98773215,-87.30891118,1131.0,2853.562132459269,2.702702702702702,288,295,8,0,287,294,10627,1,0,0,1,1
2020-07-09,US,Alabama,Winston,289,3,0,34.15030532,-87.37325922,1133.0,1223.073342079648,1.038062283737024,286,277,3,0,274,266,23660,12,0,0,12,11
2020-07-09,US,Alaska,Aleutians West,1,0,0,52.72541116,-110.4086433,2016.0,17.749378771742986,0.0,1,1,0,0,1,,5723,0,0,0,0,
2020-07-09,US,Alaska,Anchorage,619,7,0,61.14998174,-149.14269860000005,2020.0,214.9305555555556,1.1308562197092085,612,597,7,0,590,577,291538,22,0,0,22,20
2020-07-09,US,Alaska,Bethel,12,0,0,60.90980451,-159.8561831,2050.0,65.26705101707822,0.0,12,11,0,0,11,11,18216,1,0,0,1,0
2020-07-09,US,Alaska,Fairbanks North Star,185,2,0,64.80726247,-146.5692662,2090.0,191.01900897273075,1.0810810810810811,183,177,2,0,175,172,98971,8,0,0,8,5
2020-07-09,US,Alaska,Haines,2,0,0,59.09893571,-135.4679843,2100.0,79.05138339920948,0.0,2,2,0,0,2,2,2474,0,0,0,0,0
2020-07-09,US,Alaska,Juneau,46,2,0,58.45031811,-134.200436,2110.0,143.86689184962782,4.3478260869565215,44,46,2,0,44,45,32113,0,0,0,0,1
2020-07-09,US,Alaska,Kenai Peninsula,182,2,0,60.24429722,-151.53888840000005,2122.0,310.00885739592565,1.0989010989010992,180,175,2,0,173,166,58533,7,0,0,7,9
2020-07-09,US,Alaska,Ketchikan Gateway,23,0,0,55.57445008,-130.975561,2130.0,165.4557226098842,0.0,23,23,0,0,23,23,13918,0,0,0,0,0
2020-07-09,US,Alaska,Kodiak Island,4,0,0,57.65529415,-153.7493579,2150.0,30.773965225419296,0.0,4,4,0,0,4,4,13345,0,0,0,0,0
2020-07-09,US,Alaska,Kusilvak,2,0,0,62.15429159999999,-163.39678830000003,2158.0,24.05580947798893,0.0,2,2,0,0,2,1,8303,0,0,0,0,1
2020-07-09,US,Alaska,Matanuska-Susitna,127,1,0,62.31305045,-149.5741743,2170.0,117.24844668888541,0.7874015748031497,126,121,1,0,120,118,107610,6,0,0,6,3
2020-07-09,US,Alaska,Nome,10,0,0,64.90320724,-164.0353804,2180.0,99.96001599360257,0.0,10,9,0,0,9,9,10008,1,0,0,1,0
2020-07-09,US,Alaska,North Slope,4,0,0,69.31479216,-153.4836093,2185.0,40.68348250610252,0.0,4,4,0,0,4,4,9872,0,0,0,0,0
2020-07-09,US,Alaska,Northwest Arctic,6,0,0,67.04919196,-159.7503946,2188.0,78.72982548222019,0.0,6,6,0,0,6,5,7671,0,0,0,0,1
2020-07-09,US,Alaska,Petersburg,6,1,0,57.13978948,-132.9540995,2195.0,183.71096142069808,16.666666666666668,5,5,1,0,4,5,3221,1,0,0,1,0
2020-07-09,US,Alaska,Prince of Wales-Hyder,2,0,0,55.76261984,-133.0511621,2198.0,32.24246332419797,0.0,2,2,0,0,2,2,6422,0,0,0,0,0
2020-07-09,US,Alaska,Sitka,13,0,0,57.24124555,-135.3206587,2220.0,153.06723183798422,0.0,13,13,0,0,13,13,8647,0,0,0,0,0
2020-07-09,US,Alaska,Southeast Fairbanks,10,0,0,63.87692095,-143.2127643,2240.0,145.07471347744092,0.0,10,10,0,0,10,10,6918,0,0,0,0,0
2020-07-09,US,Alaska,Unassigned,0,2,0,0.0,0.0,90002.0,0.0,0.0,-2,0,2,0,-2,0,,0,0,0,0,0
2020-07-09,US,Alaska,Valdez-Cordova,6,0,0,61.47502768,-144.7126799,2261.0,65.20321669202347,0.0,6,6,0,0,6,5,9164,0,0,0,0,1
2020-07-09,US,Alaska,Wrangell,3,0,0,56.3202004,-132.05837309999998,2275.0,119.90407673860909,0.0,3,3,0,0,3,3,2503,0,0,0,0,0
2020-07-09,US,Alaska,Yukon-Koyukuk,5,0,0,65.50815459,-151.39073869999999,2290.0,95.60229445506693,0.0,5,5,0,0,5,5,5327,0,0,0,0,0
2020-07-09,US,Arizona,Apache,2520,101,0,35.39465006,-109.4892383,4001.0,3505.5016901526005,4.007936507936508,2419,2499,100,0,2399,2471,71818,21,1,0,20,28
2020-07-09,US,Arizona,Cochise,905,20,0,31.87934684,-109.7516088,4003.0,718.6988770826384,2.209944751381216,885,884,20,0,864,855,126770,21,0,0,21,29
2020-07-09,US,Arizona,Coconino,2338,97,0,35.83883429,-111.77071780000001,4005.0,1629.5408291282165,4.148845166809239,2241,2250,97,0,2153,2237,142854,88,0,0,88,13
2020-07-09,US,Arizona,Gila,385,11,0,33.80190085,-110.8132779,4007.0,712.7253878336853,2.8571428571428568,374,373,9,0,364,361,53889,12,2,0,10,12
2020-07-09,US,Arizona,Graham,180,1,0,32.93166885,-109.8882178,4009.0,463.4755516646497,0.5555555555555556,179,179,1,0,178,172,38072,1,0,0,1,7
2020-07-09,US,Arizona,Greenlee,27,1,0,33.21498827,-109.2405279,4011.0,284.27037271004417,3.703703703703704,26,26,1,0,25,26,9483,1,0,0,1,0
2020-07-09,US,Arizona,La Paz,384,7,0,33.72854224,-113.98100290000001,4012.0,1819.2154633314385,1.8229166666666667,377,381,7,0,374,374,21098,3,0,0,3,7
2020-07-09,US,Arizona,Maricopa,73165,1012,0,33.34835867,-112.49181540000001,4013.0,1631.1760742709591,1.3831750153762046,72153,70128,959,0,69169,67543,4410824,3037,53,0,2984,2585
2020-07-09,US,Arizona,Mohave,1595,96,0,35.70471703,-113.7577902,4015.0,751.7166947087628,6.018808777429467,1499,1509,94,0,1415,1448,209550,86,2,0,84,61
2020-07-09,US,Arizona,Navajo,4150,134,0,35.3997715,-110.3218983,4017.0,3741.300349789045,3.2289156626506026,4016,4089,135,0,3954,4015,110445,61,-1,0,62,74
2020-07-09,US,Arizona,Pima,10835,313,0,32.0971334,-111.7890033,4019.0,1034.5858171509217,2.8887863405629903,10522,10485,302,0,10183,10184,1039073,350,11,0,339,301
2020-07-09,US,Arizona,Pinal,5156,82,0,32.90525627,-111.3449483,4021.0,1114.11463971702,1.5903801396431343,5074,4959,81,0,4878,4792,447138,197,1,0,196,167
2020-07-09,US,Arizona,Santa Cruz,2095,27,0,31.52508998,-110.8479088,4023.0,4505.5701320486905,1.2887828162291168,2068,2061,27,0,2034,2048,46511,34,0,0,34,13
2020-07-09,US,Arizona,Unassigned,0,1,0,0.0,0.0,90004.0,0.0,0.0,-1,0,1,0,-1,0,,0,0,0,0,0
2020-07-09,US,Arizona,Yavapai,1037,11,0,34.59933926,-112.5538588,4025.0,441.0907745247745,1.0607521697203472,1026,1016,11,0,1005,969,231993,21,0,0,21,47
2020-07-09,US,Arizona,Yuma,7899,124,0,32.76895712,-113.90666740000002,4027.0,3694.79902894002,1.5698189644258769,7775,7775,118,0,7657,7599,212128,124,6,0,118,176
2020-07-09,US,Arkansas,Arkansas,51,0,0,34.29145151,-91.37277296,5001.0,291.66190094933086,0.0,51,46,0,0,46,41,17769,5,0,0,5,5
2020-07-09,US,Arkansas,Ashley,90,2,0,33.19153461,-91.76984709999999,5003.0,457.85216462328935,2.2222222222222223,88,83,2,0,81,84,20046,7,0,0,7,-1
2020-07-09,US,Arkansas,Baxter,26,0,0,36.28784385,-92.33782872,5005.0,62.00515119717638,0.0,26,25,0,0,25,25,41619,1,0,0,1,0
2020-07-09,US,Arkansas,Benton,3270,22,0,36.33644656,-94.25680817,5007.0,1171.4509871355338,0.6727828746177371,3248,3164,21,0,3143,3095,272608,106,1,0,105,69
2020-07-09,US,Arkansas,Boone,42,1,0,36.3084504,-93.09374925,5009.0,112.20346227826458,2.380952380952381,41,30,1,0,29,30,37480,12,0,0,12,0
2020-07-09,US,Arkansas,Bradley,58,2,0,33.46755808,-92.15980837,5011.0,538.8832110006504,3.4482758620689653,56,56,2,0,54,55,10897,2,0,0,2,1
2020-07-09,US,Arkansas,Calhoun,2,0,0,33.55598792,-92.49974403,5013.0,38.54307188282906,0.0,2,2,0,0,2,2,5277,0,0,0,0,0
2020-07-09,US,Arkansas,Carroll,212,5,0,36.34038560000001,-93.54270261,5015.0,747.0049330514447,2.358490566037736,207,200,5,0,195,197,28223,12,0,0,12,3
2020-07-09,US,Arkansas,Chicot,201,3,0,33.26458973,-91.29539209,5017.0,1986.5586084206368,1.492537313432836,198,189,3,0,186,183,10438,12,0,0,12,6
2020-07-09,US,Arkansas,Clark,66,0,0,34.04613432,-93.17484713,5019.0,295.69892473118284,0.0,66,61,0,0,61,59,22061,5,0,0,5,2
2020-07-09,US,Arkansas,Clay,77,3,0,36.36826212,-90.4148172,5021.0,529.1732526974091,3.8961038961038965,74,73,3,0,70,71,14847,4,0,0,4,2
2020-07-09,US,Arkansas,Cleburne,124,4,0,35.53864922,-92.02640019,5023.0,497.61226373449983,3.2258064516129035,120,119,4,0,115,117,24965,5,0,0,5,2
2020-07-09,US,Arkansas,Cleveland,32,0,0,33.89723187,-92.18537045,5025.0,402.21216691804926,0.0,32,31,0,0,31,30,8018,1,0,0,1,1
2020-07-09,US,Arkansas,Columbia,103,5,0,33.21230701,-93.22642793,5027.0,439.10133435648214,4.854368932038835,98,100,4,0,96,90,23537,3,1,0,2,10
2020-07-09,US,Arkansas,Conway,84,3,0,35.26205537,-92.70506566,5029.0,402.9550033579584,3.571428571428572,81,82,3,0,79,77,20891,2,0,0,2,5
2020-07-09,US,Arkansas,Craighead,514,7,0,35.83018283,-90.63235729,5031.0,465.8666569988761,1.3618677042801557,507,498,7,0,491,485,108558,16,0,0,16,13
2020-07-09,US,Arkansas,Crawford,247,1,0,35.58928601,-94.2446814,5033.0,390.4706198523484,0.4048582995951417,246,227,1,0,226,218,63406,20,0,0,20,9
2020-07-09,US,Arkansas,Crittenden,815,13,0,35.21247318,-90.30839406,5035.0,1699.5099572515899,1.5950920245398772,802,799,13,0,786,786,48342,16,0,0,16,13
2020-07-09,US,Arkansas,Cross,93,1,0,35.29631396,-90.77185818,5037.0,566.4169559656492,1.075268817204301,92,90,1,0,89,90,16676,3,0,0,3,0
2020-07-09,US,Arkansas,Dallas,10,0,0,33.97042763,-92.65167437,5039.0,142.673705236125,0.0,10,11,0,0,11,10,7182,-1,0,0,-1,1
2020-07-09,US,Arkansas,Desha,71,1,0,33.83011025,-91.25500948,5041.0,624.9449872370391,1.4084507042253518,70,66,1,0,65,66,11512,5,0,0,5,0
2020-07-09,US,Arkansas,Drew,85,2,0,33.59035001,-91.71777921,5043.0,466.54591360667433,2.3529411764705883,83,80,2,0,78,79,18328,5,0,0,5,1
2020-07-09,US,Arkansas,Faulkner,701,3,0,35.14719007,-92.33717519,5045.0,556.3182997769966,0.42796005706134094,698,648,3,0,645,622,124806,53,0,0,53,26
2020-07-09,US,Arkansas,Franklin,28,1,0,35.51202821,-93.89299569,5047.0,158.0581428168219,3.571428571428572,27,27,1,0,26,27,17810,1,0,0,1,0
2020-07-09,US,Arkansas,Fulton,17,0,0,36.38177105,-91.81729127,5049.0,136.25070129037428,0.0,17,16,0,0,16,16,12269,1,0,0,1,0
2020-07-09,US,Arkansas,Garland,303,3,0,34.57692074,-93.14921604,5051.0,304.871913549192,0.99009900990099,300,300,2,0,298,293,99154,3,1,0,2,7
2020-07-09,US,Arkansas,Grant,51,0,0,34.29017991,-92.42320562,5053.0,279.222556802628,0.0,51,51,0,0,51,51,18188,0,0,0,0,0
2020-07-09,US,Arkansas,Greene,141,0,0,36.11735460000001,-90.55832668,5055.0,311.0865968008825,0.0,141,134,0,0,134,128,45325,7,0,0,7,6
2020-07-09,US,Arkansas,Hempstead,70,1,0,33.73325583,-93.66935133,5057.0,325.0975292587776,1.4285714285714286,69,69,1,0,68,65,21741,1,0,0,1,4
2020-07-09,US,Arkansas,Hot Spring,743,1,0,34.31709259,-92.95396325,5059.0,2200.112522578544,0.13458950201884254,742,649,1,0,648,587,33701,94,0,0,94,62
2020-07-09,US,Arkansas,Howard,121,1,0,34.09007427,-93.9934871,5061.0,916.5277988183608,0.8264462809917356,120,115,1,0,114,106,13341,6,0,0,6,9
2020-07-09,US,Arkansas,Independence,66,0,0,35.74242707,-91.57001641,5063.0,174.48777263714473,0.0,66,61,0,0,61,60,37678,5,0,0,5,1
2020-07-09,US,Arkansas,Izard,24,1,0,36.09604046,-91.90847954,5065.0,176.09509134932858,4.166666666666667,23,24,1,0,23,25,13593,0,0,0,0,-1
2020-07-09,US,Arkansas,Jackson,39,0,0,35.59802983,-91.21494602,5067.0,233.26753992463662,0.0,39,37,0,0,37,35,16811,2,0,0,2,2
2020-07-09,US,Arkansas,Jefferson,808,28,0,34.26767081,-91.92619839,5069.0,1209.1464144618699,3.4653465346534653,780,784,28,0,756,774,68114,24,0,0,24,10
2020-07-09,US,Arkansas,Johnson,339,0,0,35.56759135,-93.46036368,5071.0,1275.491007600271,0.0,339,307,0,0,307,281,26742,32,0,0,32,26
2020-07-09,US,Arkansas,Lafayette,24,2,0,33.24116713,-93.60677071,5073.0,362.3188405797102,8.333333333333334,22,23,2,0,21,22,6682,1,0,0,1,1
2020-07-09,US,Arkansas,Lawrence,111,9,0,36.04188196,-91.10867198,5075.0,676.5817383883945,8.108108108108109,102,107,9,0,98,103,16434,4,0,0,4,4
2020-07-09,US,Arkansas,Lee,817,3,0,34.78498904,-90.78383866,5077.0,9224.342328102066,0.3671970624235006,814,815,3,0,812,805,8985,2,0,0,2,10
2020-07-09,US,Arkansas,Lincoln,1046,11,0,33.95317155,-91.74002806,5079.0,8031.326781326781,1.051625239005736,1035,1044,11,0,1033,1044,13383,2,0,0,2,0
2020-07-09,US,Arkansas,Little River,40,0,0,33.70375665,-94.23468591,5081.0,326.29088832694345,0.0,40,40,0,0,40,40,12326,0,0,0,0,0
2020-07-09,US,Arkansas,Logan,65,0,0,35.21413234,-93.71951016,5083.0,302.8044349203392,0.0,65,64,0,0,64,62,21737,1,0,0,1,2
2020-07-09,US,Arkansas,Lonoke,182,1,0,34.75392199,-91.88742357,5085.0,248.2641967561964,0.5494505494505495,181,180,1,0,179,178,73657,2,0,0,2,2
2020-07-09,US,Arkansas,Madison,214,0,0,36.01038185,-93.72524943,5087.0,1291.0231660231661,0.0,214,214,0,0,214,211,16481,0,0,0,0,3
2020-07-09,US,Arkansas,Marion,12,0,0,36.26844485,-92.68451899,5089.0,71.88211333413203,0.0,12,12,0,0,12,12,16722,0,0,0,0,0
2020-07-09,US,Arkansas,Miller,237,2,0,33.31403423,-93.89285258,5091.0,547.8882030653998,0.8438818565400844,235,233,2,0,231,232,43592,4,0,0,4,1
2020-07-09,US,Arkansas,Mississippi,275,3,0,35.76271485,-90.05194370000002,5093.0,676.4901232442006,1.0909090909090908,272,265,3,0,262,225,41239,10,0,0,10,40
2020-07-09,US,Arkansas,Monroe,19,0,0,34.6815935,-91.20540287,5095.0,283.5397701835547,0.0,19,17,0,0,17,17,6900,2,0,0,2,0
2020-07-09,US,Arkansas,Montgomery,8,0,0,34.53704874,-93.65824478,5097.0,89.02737591809479,0.0,8,7,0,0,7,7,8924,1,0,0,1,0
2020-07-09,US,Arkansas,Nevada,107,3,0,33.66340119,-93.30632432,5099.0,1296.655356277266,2.803738317757009,104,106,3,0,103,104,8326,1,0,0,1,2
2020-07-09,US,Arkansas,Newton,7,0,0,35.91947491,-93.21612969,5101.0,90.28763059460856,0.0,7,7,0,0,7,7,7805,0,0,0,0,0
2020-07-09,US,Arkansas,Ouachita,29,0,0,33.58839816,-92.87795984,5103.0,124.02702933880764,0.0,29,28,0,0,28,25,23606,1,0,0,1,3
2020-07-09,US,Arkansas,Perry,32,0,0,34.945915299999996,-92.94372564,5105.0,306.0736489717838,0.0,32,32,0,0,32,34,10352,0,0,0,0,-2
2020-07-09,US,Arkansas,Phillips,165,5,0,34.43268455,-90.84800154,5107.0,927.9046226521201,3.0303030303030303,160,160,5,0,155,159,18029,5,0,0,5,1
2020-07-09,US,Arkansas,Pike,19,0,0,34.16250414,-93.65789349,5109.0,177.27187908191826,0.0,19,12,0,0,12,11,10673,7,0,0,7,1
2020-07-09,US,Arkansas,Poinsett,64,3,0,35.57433534,-90.66268713,5111.0,272.01632097925875,4.6875,61,64,3,0,61,63,23974,0,0,0,0,1
2020-07-09,US,Arkansas,Polk,84,0,0,34.48254879,-94.22728802,5113.0,420.75736325385697,0.0,84,81,0,0,81,80,20049,3,0,0,3,1
2020-07-09,US,Arkansas,Pope,585,4,0,35.44871474,-93.03212219,5115.0,913.0353352478462,0.6837606837606838,581,562,4,0,558,516,64000,23,0,0,23,46
2020-07-09,US,Arkansas,Prairie,26,0,0,34.83624419,-91.55162157,5117.0,322.50062019350037,0.0,26,25,0,0,25,22,8074,1,0,0,1,3
2020-07-09,US,Arkansas,Pulaski,2713,63,0,34.77054088,-92.31355101,5119.0,692.249005514007,2.3221525985993363,2650,2611,62,0,2549,2522,392680,102,1,0,101,89
2020-07-09,US,Arkansas,Randolph,61,1,0,36.3415714,-91.02455531,5121.0,339.6814790065709,1.639344262295082,60,59,1,0,58,56,17948,2,0,0,2,3
2020-07-09,US,Arkansas,Saline,420,3,0,34.64916145,-92.67583224,5125.0,343.0335601166314,0.7142857142857143,417,399,3,0,396,375,121421,21,0,0,21,24
2020-07-09,US,Arkansas,Scott,16,0,0,34.85588887,-94.0632176,5127.0,155.62688454430503,0.0,16,14,0,0,14,14,10319,2,0,0,2,0
2020-07-09,US,Arkansas,Searcy,16,0,0,35.9109364,-92.69936482,5129.0,203.01992132978046,0.0,16,13,0,0,13,12,7958,3,0,0,3,1
2020-07-09,US,Arkansas,Sebastian,705,7,0,35.19605503,-94.27162713,5131.0,551.5266727686638,0.9929078014184396,698,649,7,0,642,634,127753,56,0,0,56,15
2020-07-09,US,Arkansas,Sevier,781,9,0,33.99780401,-94.2424869,5133.0,4592.226730169929,1.1523687580025608,772,769,9,0,760,758,17139,12,0,0,12,11
2020-07-09,US,Arkansas,Sharp,61,5,0,36.16258158,-91.47819342,5135.0,349.73053548904943,8.196721311475411,56,58,5,0,53,56,17366,3,0,0,3,2
2020-07-09,US,Arkansas,St. Francis,898,3,0,35.02201976,-90.74828138,5123.0,3592.8622869488677,0.33407572383073497,895,894,3,0,891,893,25439,4,0,0,4,1
2020-07-09,US,Arkansas,Stone,19,1,0,35.86251946,-92.15684085,5137.0,151.92707500399808,5.2631578947368425,18,19,1,0,18,19,12457,0,0,0,0,0
2020-07-09,US,Arkansas,Unassigned,935,0,0,0.0,0.0,90005.0,0.0,0.0,935,945,0,0,945,914,,-10,0,0,-10,31
2020-07-09,US,Arkansas,Union,266,13,0,33.16887091,-92.59746952,5139.0,687.6583423814694,4.887218045112782,253,264,13,0,251,256,39126,2,0,0,2,8
2020-07-09,US,Arkansas,Van Buren,36,2,0,35.58095779,-92.51295036,5141.0,217.58839528558482,5.5555555555555545,34,36,2,0,34,34,16603,0,0,0,0,2
2020-07-09,US,Arkansas,Washington,4309,35,0,35.976844,-94.21800746,5143.0,1801.5193133406078,0.8122534230679972,4274,4266,35,0,4231,4171,236961,43,0,0,43,95
2020-07-09,US,Arkansas,White,115,2,0,35.25688493,-91.74908296,5145.0,146.02618312953155,1.7391304347826086,113,107,2,0,105,101,78727,8,0,0,8,6
2020-07-09,US,Arkansas,Woodruff,10,0,0,35.18902527,-91.2439489,5147.0,158.22784810126586,0.0,10,8,0,0,8,8,6490,2,0,0,2,0
2020-07-09,US,Arkansas,Yell,799,5,0,35.00292371,-93.41171338,5149.0,3743.9670118551135,0.6257822277847309,794,783,5,0,778,750,21535,16,0,0,16,33
2020-07-09,US,California,Alameda,7407,146,0,37.64629437,-121.8929271,6001.0,443.18024757543253,1.9711084109626031,7261,7245,142,0,7103,6925,1666753,162,4,0,158,320
2020-07-09,US,California,Alpine,2,0,0,38.59678594,-119.82235940000001,6003.0,177.14791851195747,0.0,2,2,0,0,2,2,1101,0,0,0,0,0
2020-07-09,US,California,Amador,36,0,0,38.44583082,-120.65696000000001,6005.0,90.5614811833367,0.0,36,35,0,0,35,34,39383,1,0,0,1,1
2020-07-09,US,California,Butte,319,4,0,39.66727762,-121.6005252,6007.0,145.53849242196125,1.2539184952978055,315,295,4,0,291,275,231256,24,0,0,24,20
2020-07-09,US,California,Calaveras,61,0,0,38.20537103,-120.55291299999999,6009.0,132.88312819954254,0.0,61,61,0,0,61,61,45602,0,0,0,0,0
2020-07-09,US,California,Colusa,103,0,0,39.17881957,-122.2331726,6011.0,478.0247830324407,0.0,103,98,0,0,98,86,21627,5,0,0,5,12
2020-07-09,US,California,Contra Costa,4357,88,0,37.91923498,-121.9289527,6013.0,377.71146900893433,2.019738352077117,4269,4241,86,0,4155,4092,1150215,116,2,0,114,149
2020-07-09,US,California,Del Norte,58,0,0,41.74228275,-123.89740630000001,6015.0,208.54307493168412,0.0,58,58,0,0,58,58,27828,0,0,0,0,0
2020-07-09,US,California,El Dorado,292,0,0,38.77965956,-120.5233166,6017.0,151.41851143157905,0.0,292,280,0,0,280,264,190678,12,0,0,12,16
2020-07-09,US,California,Fresno,7627,87,0,36.75733899,-119.6466953,6019.0,763.3862842695584,1.1406844106463878,7540,7281,84,0,7197,6924,994400,346,3,0,343,357
2020-07-09,US,California,Glenn,159,0,0,39.59875897,-122.3938452,6021.0,559.9971824041137,0.0,159,153,0,0,153,146,28047,6,0,0,6,7
2020-07-09,US,California,Humboldt,161,4,0,40.69923009,-123.876044,6023.0,118.768350078933,2.4844720496894412,157,157,4,0,153,154,136373,4,0,0,4,3
2020-07-09,US,California,Imperial,7654,127,0,33.0393082,-115.36690420000001,6025.0,4223.712165107745,1.6592631303893388,7527,7464,125,0,7339,7343,181827,190,2,0,188,121
2020-07-09,US,California,Inyo,34,1,0,36.51112084,-117.41119779999998,6027.0,188.4805144409336,2.9411764705882355,33,34,1,0,33,34,17987,0,0,0,0,0
2020-07-09,US,California,Kern,5979,89,0,35.34329425,-118.72777959999999,6029.0,664.1842608658944,1.4885432346546246,5890,5759,87,0,5672,5543,896764,220,2,0,218,216
2020-07-09,US,California,Kings,2855,39,0,36.07409056,-119.8159973,6031.0,1866.7451288086831,1.3660245183887916,2816,2823,38,0,2785,2755,151366,32,1,0,31,68
2020-07-09,US,California,Lake,101,1,0,39.10124298,-122.75362439999999,6033.0,156.8663995278477,0.99009900990099,100,100,1,0,99,98,64382,1,0,0,1,2
2020-07-09,US,California,Lassen,269,0,0,40.67311306,-120.59350990000002,6035.0,879.8613155398555,0.0,269,267,0,0,267,267,30802,2,0,0,2,0
2020-07-09,US,California,Los Angeles,124992,3690,0,34.30828379,-118.22824109999999,6037.0,1245.0509791358932,2.952188940092166,121302,123256,3643,0,119613,120764,10105518,1736,47,0,1689,2492
2020-07-09,US,California,Madera,857,8,0,37.21513971,-119.76655890000002,6039.0,544.7253173326892,0.9334889148191364,849,857,8,0,849,713,157672,0,0,0,0,144
2020-07-09,US,California,Marin,3227,30,0,38.07122463,-122.72106310000001,6041.0,1246.7835534297176,0.92965602726991,3197,3232,26,0,3206,2989,259666,-5,4,0,-9,243
2020-07-09,US,California,Mariposa,31,1,0,37.57978556,-119.9073334,6043.0,180.2011277102831,3.2258064516129035,30,31,1,0,30,31,17471,0,0,0,0,0
2020-07-09,US,California,Mendocino,107,0,0,39.4381191,-123.39113130000001,6045.0,123.34436131828608,0.0,107,98,0,0,98,92,87606,9,0,0,9,6
2020-07-09,US,California,Merced,1793,12,0,37.18922369,-120.72090349999999,6047.0,645.707288965716,0.6692693809258227,1781,1623,11,0,1612,1623,274765,170,1,0,169,0
2020-07-09,US,California,Mono,49,1,0,37.93899289,-118.8872409,6051.0,339.24120742176683,2.0408163265306123,48,49,1,0,48,48,14250,0,0,0,0,1
2020-07-09,US,California,Monterey,2343,17,0,36.21862405,-121.24133970000001,6053.0,539.7858826294,0.7255655142979086,2326,2270,17,0,2253,2239,435594,73,0,0,73,31
2020-07-09,US,California,Napa,466,4,0,38.50735751,-122.33283899999999,6055.0,338.3087466604716,0.8583690987124464,462,453,4,0,449,448,139417,13,0,0,13,5
2020-07-09,US,California,Nevada,159,1,0,39.30394768,-120.76272809999999,6057.0,159.39050674151667,0.6289308176100629,158,155,1,0,154,151,99696,4,0,0,4,4
2020-07-09,US,California,Orange,21517,402,0,33.70147516,-117.76459979999998,6059.0,677.5531128333604,1.8682901891527632,21115,20225,376,0,19849,18892,3185968,1292,26,0,1266,1333
2020-07-09,US,California,Placer,993,11,0,39.06167234,-120.72405690000001,6061.0,249.29141488568496,1.107754279959718,982,970,11,0,959,938,393149,23,0,0,23,32
2020-07-09,US,California,Plumas,15,0,0,40.00355989,-120.8395236,6063.0,79.75753708725475,0.0,15,15,0,0,15,13,18804,0,0,0,0,2
2020-07-09,US,California,Riverside,23334,533,0,33.74314981,-115.9933578,6065.0,944.487574811398,2.2842204508442614,22801,21957,515,0,21442,21101,2450758,1377,18,0,1359,856
2020-07-09,US,California,Sacramento,4932,78,0,38.45106826,-121.34253740000001,6067.0,317.7716296684789,1.5815085158150852,4854,4776,78,0,4698,4566,1540975,156,0,0,156,210
2020-07-09,US,California,San Benito,311,2,0,36.60308176,-121.069975,6069.0,495.15985224812124,0.6430868167202572,309,304,2,0,302,292,61537,7,0,0,7,12
2020-07-09,US,California,San Bernardino,17414,304,0,34.84060306,-116.1774685,6071.0,798.7761945061775,1.7457218330079247,17110,16586,293,0,16293,15932,2171603,828,11,0,817,654
2020-07-09,US,California,San Diego,18402,415,0,33.03484597,-116.73653259999999,6073.0,551.2337006826766,2.2551896532985545,17987,17842,406,0,17436,17578,3343364,560,9,0,551,264
2020-07-09,US,California,San Francisco,4145,50,0,37.75215114,-122.43856720000001,6075.0,470.19507707455847,1.20627261761158,4095,4071,50,0,4021,4020,883305,74,0,0,74,51
2020-07-09,US,California,San Joaquin,6065,67,0,37.93433732,-121.2730061,6077.0,795.7771981294973,1.1046990931574607,5998,5817,61,0,5756,5600,752660,248,6,0,242,217
2020-07-09,US,California,San Luis Obispo,877,4,0,35.38822029,-120.4039028,6079.0,309.7724920614176,0.4561003420752566,873,845,3,0,842,808,284010,32,1,0,31,37
2020-07-09,US,California,San Mateo,3787,111,0,37.422880799999994,-122.32755459999998,6081.0,494.0168777141903,2.9310800105624506,3676,3743,111,0,3632,3692,769545,44,0,0,44,51
2020-07-09,US,California,Santa Barbara,3868,29,0,34.65329488,-120.0188492,6083.0,866.2953332482268,0.749741468459152,3839,3808,30,0,3778,3742,446527,60,-1,0,61,66
2020-07-09,US,California,Santa Clara,5678,166,0,37.23104908,-121.6970462,6085.0,294.5246834300558,2.9235646354350124,5512,5552,165,0,5387,5478,1937570,126,1,0,125,74
2020-07-09,US,California,Santa Cruz,506,3,0,37.05580291,-122.0066524,6087.0,185.2034859249011,0.5928853754940712,503,503,3,0,500,501,274255,3,0,0,3,2
2020-07-09,US,California,Shasta,176,6,0,40.76391419,-122.0396884,6089.0,97.73434029320299,3.4090909090909087,170,171,5,0,166,163,180040,5,1,0,4,8
2020-07-09,US,California,Sierra,1,0,0,39.57713498,-120.52007009999998,6091.0,33.277870216306155,0.0,1,1,0,0,1,1,2987,0,0,0,0,0
2020-07-09,US,California,Siskiyou,33,0,0,41.59198861,-122.54074340000001,6093.0,75.7941156204782,0.0,33,33,0,0,33,32,43724,0,0,0,0,1
2020-07-09,US,California,Solano,1985,27,0,38.26827353,-121.9357113,6095.0,443.43371838719696,1.3602015113350123,1958,1922,27,0,1895,1826,446610,63,0,0,63,96
2020-07-09,US,California,Sonoma,1519,14,0,38.52746429,-122.88625060000001,6097.0,307.2808777835318,0.9216589861751152,1505,1487,14,0,1473,1466,499942,32,0,0,32,21
2020-07-09,US,California,Stanislaus,4364,50,0,37.55862499,-120.9970722,6099.0,792.5035412050992,1.1457378551787352,4314,3004,50,0,2954,2889,549815,1360,0,0,1360,115
2020-07-09,US,California,Sutter,337,4,0,39.03417539,-121.6945899,6101.0,347.52658011157973,1.1869436201780414,333,323,4,0,319,275,96807,14,0,0,14,48
2020-07-09,US,California,Tehama,98,1,0,40.12570935,-122.23701709999999,6103.0,150.57464200110627,1.020408163265306,97,98,1,0,97,94,63916,0,0,0,0,4
2020-07-09,US,California,Trinity,2,0,0,40.64917670000001,-123.114713,6105.0,16.28001628001628,0.0,2,2,0,0,2,2,12535,0,0,0,0,0
2020-07-09,US,California,Tulare,5509,148,0,36.22026558,-118.8020203,6107.0,1181.6943553663166,2.6865129787620257,5361,5298,148,0,5150,5175,465861,211,0,0,211,123
2020-07-09,US,California,Tuolumne,60,0,0,38.02644018,-119.95250929999999,6109.0,110.13620176952163,0.0,60,58,0,0,58,57,54539,2,0,0,2,1
2020-07-09,US,California,Ventura,4093,53,0,34.44465746,-119.09106129999999,6111.0,483.80271534717247,1.294893720987051,4040,3858,50,0,3808,3858,850967,235,3,0,232,0
2020-07-09,US,California,Yolo,802,28,0,38.68278902,-121.90182879999999,6113.0,363.718820861678,3.491271820448878,774,760,28,0,732,723,220408,42,0,0,42,37
2020-07-09,US,California,Yuba,163,3,0,39.26255932,-121.35356440000001,6115.0,207.19987796817,1.8404907975460123,160,154,3,0,151,139,78041,9,0,0,9,15
2020-07-09,US,Colorado,Adams,4588,156,0,39.87432092,-104.3362578,8001.0,886.7054101012521,3.4001743679163035,4432,4546,156,0,4390,4478,511868,42,0,0,42,68
2020-07-09,US,Colorado,Alamosa,204,6,0,37.57250606,-105.7885451,8003.0,1256.6993162077251,2.9411764705882355,198,203,6,0,197,202,16683,1,0,0,1,1
2020-07-09,US,Colorado,Arapahoe,5510,349,0,39.64977461,-104.3353617,8005.0,839.1842702447494,6.333938294010888,5161,5459,347,0,5112,5421,651215,51,2,0,49,38
2020-07-09,US,Colorado,Archuleta,12,0,0,37.19474156,-107.0476867,8007.0,85.53710171787012,0.0,12,12,0,0,12,11,13765,0,0,0,0,1
2020-07-09,US,Colorado,Baca,14,0,0,37.31940883,-102.5603223,8009.0,390.9522479754258,0.0,14,14,0,0,14,14,3585,0,0,0,0,0
2020-07-09,US,Colorado,Bent,4,0,0,37.95474293,-103.0720195,8011.0,71.72314864622557,0.0,4,4,0,0,4,4,5882,0,0,0,0,0
2020-07-09,US,Colorado,Boulder,1486,72,0,40.09313619,-105.3546767,8013.0,455.55432929894914,4.845222072678332,1414,1466,72,0,1394,1454,326078,20,0,0,20,12
2020-07-09,US,Colorado,Broomfield,333,30,0,39.95998787,-105.0566324,8014.0,472.57503725253684,9.00900900900901,303,324,30,0,294,320,69267,9,0,0,9,4
2020-07-09,US,Colorado,Chaffee,81,19,0,38.74745778,-106.19265729999998,8015.0,397.9170760463745,23.456790123456788,62,81,19,0,62,78,20027,0,0,0,0,3
2020-07-09,US,Colorado,Cheyenne,5,0,0,38.82777431,-102.6032558,8017.0,273.07482250136536,0.0,5,5,0,0,5,5,1876,0,0,0,0,0
2020-07-09,US,Colorado,Clear Creek,21,1,0,39.68864463,-105.6463118,8019.0,216.49484536082474,4.761904761904762,20,21,1,0,20,21,9605,0,0,0,0,0
2020-07-09,US,Colorado,Conejos,15,0,0,37.201606,-106.19174879999998,8021.0,182.81535648994515,0.0,15,15,0,0,15,15,8200,0,0,0,0,0
2020-07-09,US,Colorado,Costilla,22,0,0,37.27732493,-105.4276548,8023.0,565.9891947517366,0.0,22,22,0,0,22,22,3828,0,0,0,0,0
2020-07-09,US,Colorado,Crowley,71,1,0,38.32608609,-103.7844965,8025.0,1171.4238574492658,1.4084507042253518,70,71,1,0,70,71,5858,0,0,0,0,0
2020-07-09,US,Colorado,Custer,3,0,0,38.10883162,-105.3683478,8027.0,59.19494869771113,0.0,3,3,0,0,3,2,4954,0,0,0,0,1
2020-07-09,US,Colorado,Delta,83,1,0,38.86246243,-107.8631342,8029.0,266.3500417174764,1.2048192771084338,82,84,1,0,83,84,30953,-1,0,0,-1,0
2020-07-09,US,Colorado,Denver,7651,386,0,39.76018276,-104.8725695,8031.0,1052.1017971400322,5.045092144817671,7265,7563,387,0,7176,7477,716492,88,-1,0,89,86
2020-07-09,US,Colorado,Douglas,1078,52,0,39.33133796,-104.930001,8035.0,306.9878173109234,4.823747680890538,1026,1056,52,0,1004,1042,342776,22,0,0,22,14
2020-07-09,US,Colorado,Eagle,738,8,0,39.62754308,-106.6933637,8037.0,1338.7269396121685,1.084010840108401,730,732,8,0,724,715,54993,6,0,0,6,17
2020-07-09,US,Colorado,El Paso,2804,110,0,38.83240149,-104.5251411,8041.0,389.22658567496245,3.922967189728959,2694,2751,109,0,2642,2685,713856,53,1,0,52,66
2020-07-09,US,Colorado,Elbert,60,2,0,39.28656773,-104.1358721,8039.0,224.4752890119346,3.333333333333333,58,60,2,0,58,60,26282,0,0,0,0,0
2020-07-09,US,Colorado,Fremont,41,0,0,38.47362326,-105.4399667,8043.0,85.70413261146763,0.0,41,41,0,0,41,41,48021,0,0,0,0,0
2020-07-09,US,Colorado,Garfield,349,3,0,39.59921777,-107.902708,8045.0,581.0759061620688,0.8595988538681948,346,339,3,0,336,326,59770,10,0,0,10,13
2020-07-09,US,Colorado,Gilpin,8,0,0,39.85646523,-105.5252597,8047.0,128.14352074323241,0.0,8,8,0,0,8,8,6121,0,0,0,0,0
2020-07-09,US,Colorado,Grand,23,1,0,40.10603347,-106.1178042,8049.0,146.1802465997204,4.3478260869565215,22,23,1,0,22,23,15525,0,0,0,0,0
2020-07-09,US,Colorado,Gunnison,190,6,0,38.66611652,-107.0320729,8051.0,1088.076967128622,3.1578947368421053,184,190,6,0,184,189,17246,0,0,0,0,1
2020-07-09,US,Colorado,Hinsdale,3,0,0,37.82247444,-107.3004345,8053.0,365.8536585365854,0.0,3,3,0,0,3,3,811,0,0,0,0,0
2020-07-09,US,Colorado,Huerfano,4,1,0,37.68473101,-104.9612585,8055.0,57.99623024503408,25.0,3,4,1,0,3,4,6889,0,0,0,0,0
2020-07-09,US,Colorado,Jackson,2,0,0,40.66593870000001,-106.3408905,8057.0,143.67816091954026,0.0,2,2,0,0,2,2,1399,0,0,0,0,0
2020-07-09,US,Colorado,Jefferson,2922,214,0,39.58635604,-105.2517692,8059.0,501.3030103914865,7.323750855578371,2708,2887,214,0,2673,2842,580233,35,0,0,35,45
2020-07-09,US,Colorado,Kit Carson,35,3,0,39.30497777,-102.6022199,8063.0,493.1661265323377,8.571428571428571,32,35,3,0,32,33,7163,0,0,0,0,2
2020-07-09,US,Colorado,La Plata,130,1,0,37.28632032,-107.8429014,8067.0,231.23032318884404,0.7692307692307693,129,130,1,0,129,127,56310,0,0,0,0,3
2020-07-09,US,Colorado,Lake,52,0,0,39.20278823,-106.3555697,8065.0,639.8425003076165,0.0,52,52,0,0,52,51,7824,0,0,0,0,1
2020-07-09,US,Colorado,Larimer,869,30,0,40.66671597,-105.4625784,8069.0,243.4862524131477,3.4522439585730726,839,843,30,0,813,818,350518,26,0,0,26,25
2020-07-09,US,Colorado,Las Animas,10,0,0,37.3153406,-104.0376458,8071.0,68.93699158968704,0.0,10,9,0,0,9,9,14503,1,0,0,1,0
2020-07-09,US,Colorado,Lincoln,4,0,0,38.98749519,-103.5136649,8073.0,70.1631292755657,0.0,4,4,0,0,4,4,5610,0,0,0,0,0
2020-07-09,US,Colorado,Logan,640,5,0,40.7249637,-103.110817,8075.0,2855.995359007541,0.78125,635,640,5,0,635,640,21528,0,0,0,0,0
2020-07-09,US,Colorado,Mesa,129,0,0,39.01787888,-108.469799,8077.0,83.65216263536736,0.0,129,125,0,0,125,121,153207,4,0,0,4,4
2020-07-09,US,Colorado,Mineral,15,0,0,37.66954283,-106.9281698,8079.0,1950.585175552665,0.0,15,14,0,0,14,13,776,1,0,0,1,1
2020-07-09,US,Colorado,Moffat,14,0,0,40.61810999,-108.2070876,8081.0,105.39787698562073,0.0,14,13,0,0,13,13,13188,1,0,0,1,0
2020-07-09,US,Colorado,Montezuma,76,3,0,37.33859579,-108.5958857,8083.0,290.2646755528396,3.947368421052632,73,75,3,0,72,74,26158,1,0,0,1,1
2020-07-09,US,Colorado,Montrose,214,12,0,38.40214114,-108.26390220000002,8085.0,500.49113616165397,5.607476635514018,202,213,12,0,201,211,42214,1,0,0,1,2
2020-07-09,US,Colorado,Morgan,655,46,0,40.26279810000001,-103.8093302,8087.0,2253.337002889776,7.022900763358778,609,655,46,0,609,655,28558,0,0,0,0,0
2020-07-09,US,Colorado,Otero,22,1,0,37.9014485,-103.7173385,8089.0,120.3632782580151,4.545454545454546,21,22,1,0,21,22,18432,0,0,0,0,0
2020-07-09,US,Colorado,Ouray,12,1,0,38.14717457,-107.7675136,8091.0,242.3263327948304,8.333333333333334,11,12,1,0,11,12,4833,0,0,0,0,0
2020-07-09,US,Colorado,Park,32,0,0,39.120926,-105.7182065,8093.0,169.80631467232686,0.0,32,32,0,0,32,28,18556,0,0,0,0,4
2020-07-09,US,Colorado,Phillips,16,0,0,40.59414277,-102.3577703,8095.0,375.14654161781954,0.0,16,16,0,0,16,16,4286,0,0,0,0,0
2020-07-09,US,Colorado,Pitkin,117,2,0,39.21720112,-106.9310027,8097.0,658.5242303146282,1.709401709401709,115,111,2,0,109,108,17950,6,0,0,6,3
2020-07-09,US,Colorado,Prowers,33,0,0,37.95544985,-102.3926052,8099.0,271.1140322050608,0.0,33,32,0,0,32,30,12164,1,0,0,1,2
2020-07-09,US,Colorado,Pueblo,417,30,0,38.17359144,-104.5127437,8101.0,247.58941718519927,7.1942446043165456,387,416,30,0,386,411,167529,1,0,0,1,5
2020-07-09,US,Colorado,Rio Blanco,4,0,0,39.97913541,-108.2179009,8103.0,63.25110689437065,0.0,4,4,0,0,4,4,6336,0,0,0,0,0
2020-07-09,US,Colorado,Rio Grande,80,2,0,37.5836865,-106.3847838,8105.0,710.0381645513446,2.5,78,80,2,0,78,80,11250,0,0,0,0,0
2020-07-09,US,Colorado,Routt,79,6,0,40.48596505,-106.9905548,8107.0,308.1363600904906,7.594936708860758,73,79,6,0,73,78,25733,0,0,0,0,1
2020-07-09,US,Colorado,Saguache,103,2,0,38.08054629,-106.282466,8109.0,1509.3786635404456,1.9417475728155342,101,103,2,0,101,102,6843,0,0,0,0,1
2020-07-09,US,Colorado,San Juan,2,0,0,37.76248981,-107.67632890000002,8111.0,274.72527472527474,0.0,2,2,0,0,2,2,762,0,0,0,0,0
2020-07-09,US,Colorado,San Miguel,43,0,0,38.00450883,-108.4020725,8113.0,525.7366426213473,0.0,43,41,0,0,41,39,8191,2,0,0,2,2
2020-07-09,US,Colorado,Summit,289,4,0,39.63803232,-106.1150762,8117.0,931.9273806068816,1.3840830449826989,285,288,4,0,284,286,31007,1,0,0,1,2
2020-07-09,US,Colorado,Teller,53,2,0,38.88133511,-105.1614893,8119.0,208.7600441153301,3.7735849056603774,51,52,2,0,50,52,25083,1,0,0,1,0
2020-07-09,US,Colorado,Washington,46,0,0,39.97015535,-103.202587,8121.0,937.2453137734312,0.0,46,46,0,0,46,46,4909,0,0,0,0,0
2020-07-09,US,Colorado,Weld,2937,138,0,40.55499405,-104.3929621,8123.0,905.1070596501606,4.698672114402451,2799,2912,138,0,2774,2890,314305,25,0,0,25,22
2020-07-09,US,Colorado,Yuma,54,0,0,40.00346839,-102.4258673,8125.0,538.975945703164,0.0,54,54,0,0,54,53,10020,0,0,0,0,1
2020-07-09,US,Connecticut,Fairfield,16886,1380,0,41.26809896,-73.3881171,9001.0,1790.0378657779022,8.172450550752101,15506,16859,1378,0,15481,16837,943823,27,2,0,25,22
2020-07-09,US,Connecticut,Hartford,11866,1385,0,41.80283011,-72.73103891,9003.0,1330.6867626609246,11.672004045171075,10481,11835,1382,0,10453,11812,892697,31,3,0,28,23
2020-07-09,US,Connecticut,Litchfield,1510,137,0,41.7937534,-73.2451475,9005.0,837.3398102399451,9.072847682119203,1373,1509,137,0,1372,1508,181111,1,0,0,1,1
2020-07-09,US,Connecticut,Middlesex,1334,187,0,41.45949668,-72.53714864,9007.0,821.2465217070109,14.017991004497752,1147,1331,187,0,1144,1320,162682,3,0,0,3,11
2020-07-09,US,Connecticut,New Haven,12509,1079,0,41.408032500000004,-72.93620426,9009.0,1463.4568655185046,8.625789431609242,11430,12486,1079,0,11407,12473,857620,23,0,0,23,13
2020-07-09,US,Connecticut,New London,1319,102,0,41.48896435,-72.10430976,9011.0,497.3492304095684,7.733131159969674,1217,1308,102,0,1206,1304,266784,11,0,0,11,4
2020-07-09,US,Connecticut,Tolland,928,64,0,41.85853803,-72.3308481,9013.0,615.707167547986,6.896551724137932,864,926,64,0,862,925,150921,2,0,0,2,1
2020-07-09,US,Connecticut,Unassigned,227,0,0,0.0,0.0,90009.0,0.0,0.0,227,228,0,0,228,227,,-1,0,0,-1,1
2020-07-09,US,Connecticut,Windham,630,14,0,41.82972709,-71.98182316,9015.0,539.4666986350636,2.2222222222222223,616,626,14,0,612,627,117027,4,0,0,4,-1
2020-07-09,US,Delaware,Kent,1795,83,0,39.08646628,-75.56884914,10001.0,992.8866173265628,4.623955431754875,1712,1790,92,0,1698,1784,178550,5,-9,0,14,6
2020-07-09,US,Delaware,New Castle,5626,249,0,39.57992638,-75.64054974,10003.0,1006.8849742193778,4.425879843583363,5377,5583,248,0,5335,5555,559335,43,1,0,42,28
2020-07-09,US,Delaware,Sussex,5008,176,0,38.66143781,-75.39031349,10005.0,2138.115060305262,3.514376996805112,4832,4988,175,0,4813,4977,229286,20,1,0,19,11
2020-07-09,US,Delaware,Unassigned,102,9,0,0.0,0.0,90010.0,0.0,8.823529411764708,93,101,0,0,101,98,,1,9,0,-8,3
2020-07-09,US,District of Columbia,District of Columbia,10679,568,0,38.90417773,-77.01655992,11001.0,1513.1441914901754,5.3188500795954665,10111,10642,564,0,10078,10569,702455,37,4,0,33,73
2020-07-09,US,Florida,Alachua,1871,12,0,29.67866525,-82.35928158,12001.0,695.4278684076522,0.6413682522715125,1859,1792,12,0,1780,1701,269956,79,0,0,79,91
2020-07-09,US,Florida,Baker,127,4,0,30.33060121,-82.28467476,12003.0,434.7826086956522,3.1496062992125986,123,120,4,0,116,110,28355,7,0,0,7,10
2020-07-09,US,Florida,Bay,940,5,0,30.26548745,-85.62122584,12005.0,538.0498554706505,0.5319148936170213,935,880,5,0,875,818,185287,60,0,0,60,62
2020-07-09,US,Florida,Bradford,113,2,0,29.95079741,-82.16611613,12007.0,400.69501081521935,1.7699115044247788,111,105,2,0,103,102,27732,8,0,0,8,3
2020-07-09,US,Florida,Brevard,2985,26,0,28.29409504,-80.73091022,12009.0,495.8949533343744,0.8710217755443886,2959,2812,20,0,2792,2705,596849,173,6,0,167,107
2020-07-09,US,Florida,Broward,25102,427,0,26.15184651,-80.48725556,12011.0,1285.4507783270808,1.7010596765197992,24675,23781,419,0,23362,22595,1951260,1321,8,0,1313,1186
2020-07-09,US,Florida,Calhoun,122,7,0,30.40666734,-85.19394153,12013.0,864.9415101028004,5.737704918032787,115,106,6,0,100,101,14587,16,1,0,15,5
2020-07-09,US,Florida,Charlotte,1004,77,0,26.90131002,-81.92949121,12015.0,531.4700121751098,7.669322709163348,927,974,77,0,897,944,184998,30,0,0,30,30
2020-07-09,US,Florida,Citrus,469,13,0,28.84804315,-82.47614748,12017.0,313.38326974348007,2.771855010660981,456,457,13,0,444,419,147929,12,0,0,12,38
2020-07-09,US,Florida,Clay,1254,34,0,29.98319144,-81.85609986,12019.0,571.944611679711,2.7113237639553427,1220,1158,34,0,1124,1074,216072,96,0,0,96,84
2020-07-09,US,Florida,Collier,5577,85,0,26.11091986,-81.34687065,12021.0,1448.9402497259046,1.5241169087322934,5492,5433,85,0,5348,5201,378488,144,0,0,144,232
2020-07-09,US,Florida,Columbia,421,4,0,30.22509788,-82.62160164,12023.0,587.2834305164188,0.9501187648456056,417,392,4,0,388,377,70503,29,0,0,29,15
2020-07-09,US,Florida,DeSoto,799,11,0,27.18677893,-81.80941373,12027.0,2102.5762479934733,1.3767209011264079,788,775,10,0,765,760,37489,24,1,0,23,15
2020-07-09,US,Florida,Dixie,95,4,0,29.60631086,-83.15724673,12029.0,564.6024010460002,4.2105263157894735,91,90,4,0,86,84,16700,5,0,0,5,6
2020-07-09,US,Florida,Duval,11028,74,0,30.33225875,-81.66976468,12031.0,1151.4426967230659,0.6710192237939789,10954,10439,70,0,10369,9835,950181,589,4,0,585,604
2020-07-09,US,Florida,Escambia,3332,52,0,30.67652764,-87.37284571,12033.0,1046.7585669586197,1.56062424969988,3280,3188,51,0,3137,3059,315534,144,1,0,143,129
2020-07-09,US,Florida,Flagler,434,5,0,29.45933576,-81.31508595,12035.0,377.1256766972828,1.1520737327188941,429,424,5,0,419,410,112067,10,0,0,10,14
2020-07-09,US,Florida,Franklin,24,0,0,29.83791238,-84.82731662,12037.0,197.9381443298969,0.0,24,19,0,0,19,15,11736,5,0,0,5,4
2020-07-09,US,Florida,Gadsden,495,7,0,30.57796289,-84.61915825,12039.0,1084.0998685939553,1.414141414141414,488,481,7,0,474,474,45894,14,0,0,14,7
2020-07-09,US,Florida,Gilchrist,129,0,0,29.72856978,-82.79880657,12041.0,694.2202131094607,0.0,129,124,0,0,124,122,18256,5,0,0,5,2
2020-07-09,US,Florida,Glades,189,1,0,26.95635849,-81.18996211,12043.0,1368.4744044602128,0.5291005291005291,188,189,1,0,188,188,13724,0,0,0,0,1
2020-07-09,US,Florida,Gulf,66,0,0,29.93543004,-85.24270990000002,12045.0,483.9064447540142,0.0,66,59,0,0,59,57,16164,7,0,0,7,2
2020-07-09,US,Florida,Hamilton,409,2,0,30.49673973,-82.94998918,12047.0,2834.7657332963677,0.4889975550122249,407,405,2,0,403,392,14310,4,0,0,4,13
2020-07-09,US,Florida,Hardee,548,3,0,27.49293939,-81.80956574,12049.0,2034.3765081486429,0.5474452554744526,545,536,3,0,533,517,27245,12,0,0,12,19
2020-07-09,US,Florida,Hendry,1135,27,0,26.55386945,-81.16469006,12051.0,2700.9661605825518,2.3788546255506606,1108,1129,27,0,1102,1111,41556,6,0,0,6,18
2020-07-09,US,Florida,Hernando,708,6,0,28.55364461,-82.42700204,12053.0,365.0990099009902,0.8474576271186439,702,659,6,0,653,592,190865,49,0,0,49,67
2020-07-09,US,Florida,Highlands,473,12,0,27.34254618,-81.34071957,12055.0,445.29801075116967,2.5369978858350954,461,457,12,0,445,435,105424,16,0,0,16,22
2020-07-09,US,Florida,Hillsborough,16666,182,0,27.9276559,-82.32013172,12057.0,1132.2257005587078,1.0920436817472698,16484,16099,163,0,15936,15362,1436888,567,19,0,548,737
2020-07-09,US,Florida,Holmes,212,0,0,30.86747479,-85.81319222,12059.0,1080.6953152877606,0.0,212,207,0,0,207,201,19477,5,0,0,5,6
2020-07-09,US,Florida,Indian River,1045,18,0,27.69308961,-80.60556721,12061.0,653.4394677438518,1.7224880382775118,1027,992,17,0,975,969,157413,53,1,0,52,23
2020-07-09,US,Florida,Jackson,517,2,0,30.795459700000002,-85.21500423,12063.0,1113.888051019089,0.3868471953578336,515,504,2,0,502,415,48305,13,0,0,13,89
2020-07-09,US,Florida,Jefferson,72,4,0,30.43669112,-83.89442308,12065.0,505.40502597220274,5.5555555555555545,68,69,4,0,65,67,14288,3,0,0,3,2
2020-07-09,US,Florida,Lafayette,49,0,0,29.98484137,-83.18166636,12067.0,581.8095464260267,0.0,49,48,0,0,48,42,8732,1,0,0,1,6
2020-07-09,US,Florida,Lake,2181,26,0,28.76202069,-81.7125123,12069.0,594.0869148339226,1.192113709307657,2155,2087,25,0,2062,1998,356495,94,1,0,93,89
2020-07-09,US,Florida,Lee,8340,176,0,26.58410348,-81.88399313,12071.0,1082.3058565205038,2.1103117505995206,8164,8125,171,0,7954,7859,754610,215,5,0,210,266
2020-07-09,US,Florida,Leon,2047,8,0,30.45955727,-84.27491114,12073.0,697.2498313929327,0.3908158280410357,2039,1955,8,0,1947,1911,292502,92,0,0,92,44
2020-07-09,US,Florida,Levy,235,1,0,29.31829741,-82.74007147,12075.0,566.224128376262,0.425531914893617,234,225,1,0,224,218,40770,10,0,0,10,7
2020-07-09,US,Florida,Liberty,257,1,0,30.23766008,-84.8829258,12077.0,3076.370600909744,0.3891050583657588,256,249,1,0,248,245,8457,8,0,0,8,4
2020-07-09,US,Florida,Madison,283,4,0,30.44396917,-83.47398594,12079.0,1530.3087654788299,1.413427561837456,279,273,4,0,269,265,18529,10,0,0,10,8
2020-07-09,US,Florida,Manatee,4266,138,0,27.47196942,-82.31831044,12081.0,1057.8966554495564,3.234880450070324,4128,4080,135,0,3945,3890,394855,186,3,0,183,190
2020-07-09,US,Florida,Marion,1162,12,0,29.21227113,-82.05803627,12083.0,317.85195539131075,1.032702237521515,1150,1111,12,0,1099,1043,359977,51,0,0,51,68
2020-07-09,US,Florida,Martin,2545,36,0,27.0772071,-80.43109784,12085.0,1580.745341614907,1.4145383104125735,2509,2503,34,0,2469,2461,160912,42,2,0,40,42
2020-07-09,US,Florida,Miami-Dade,55961,1092,0,25.6112362,-80.55170587,12086.0,2059.7068761179858,1.9513589821482815,54869,53974,1068,0,52906,51058,2761581,1987,24,0,1963,2916
2020-07-09,US,Florida,Monroe,445,6,0,25.20904673,-81.07812416,12087.0,599.5042302096244,1.348314606741573,439,427,6,0,421,398,75027,18,0,0,18,29
2020-07-09,US,Florida,Nassau,405,2,0,30.61037141,-81.80297522,12089.0,456.981664315938,0.4938271604938271,403,375,2,0,373,346,85832,30,0,0,30,29
2020-07-09,US,Florida,Okaloosa,1015,10,0,30.69143028,-86.59267105,12091.0,481.6407102658277,0.9852216748768472,1005,969,9,0,960,938,207269,46,1,0,45,31
2020-07-09,US,Florida,Okeechobee,459,0,0,27.386336199999995,-80.88944347,12093.0,1088.5031303357996,0.0,459,452,0,0,452,451,41537,7,0,0,7,1
2020-07-09,US,Florida,Orange,15595,69,0,28.51367621,-81.31799498,12095.0,1119.1630569262522,0.44244950304584796,15526,15194,63,0,15131,14768,1380645,401,6,0,395,426
2020-07-09,US,Florida,Osceola,3466,31,0,28.06312234,-81.14882926,12097.0,922.4193681453944,0.8944027697634159,3435,3302,30,0,3272,3190,367990,164,1,0,163,112
2020-07-09,US,Florida,Palm Beach,18656,578,0,26.64676272,-80.46536002,12099.0,1246.417285220842,3.0981989708404805,18078,18231,569,0,17662,17638,1485941,425,9,0,416,593
2020-07-09,US,Florida,Pasco,3330,27,0,28.30810945,-82.40227529,12101.0,601.1405423262514,0.8108108108108109,3303,3193,26,0,3167,3004,539630,137,1,0,136,189
2020-07-09,US,Florida,Pinellas,9826,221,0,27.93130349,-82.72239666,12103.0,1007.7990063548981,2.2491349480968856,9605,9395,209,0,9186,9032,975280,431,12,0,419,363
2020-07-09,US,Florida,Polk,6206,127,0,27.95027105,-81.69732947,12105.0,856.2633748035602,2.0464067031904607,6079,5895,122,0,5773,5665,708009,311,5,0,306,230
2020-07-09,US,Florida,Putnam,619,7,0,29.60779729,-81.74230285,12107.0,830.6383435541658,1.1308562197092085,612,593,6,0,587,566,74163,26,1,0,25,27
2020-07-09,US,Florida,Santa Rosa,1033,10,0,30.69341450000001,-87.02458128,12113.0,560.4596528731016,0.968054211035818,1023,993,10,0,983,941,179349,40,0,0,40,52
2020-07-09,US,Florida,Sarasota,2431,100,0,27.18546175,-82.33174248,12115.0,560.4714323261294,4.113533525298231,2331,2334,98,0,2236,2249,426718,97,2,0,95,85
2020-07-09,US,Florida,Seminole,3806,21,0,28.7158582,-81.24060348,12117.0,806.6533001572614,0.5517603783499737,3785,3652,20,0,3632,3522,467832,154,1,0,153,130
2020-07-09,US,Florida,St. Johns,1632,9,0,29.90096506,-81.43589967,12109.0,616.6122597025752,0.5514705882352942,1623,1517,9,0,1508,1433,254261,115,0,0,115,84
2020-07-09,US,Florida,St. Lucie,2483,59,0,27.37763908,-80.47106649,12111.0,756.3273499300936,2.3761578735400724,2424,2433,59,0,2374,2355,321128,50,0,0,50,78
2020-07-09,US,Florida,Sumter,549,18,0,28.70181754,-82.0794267,12119.0,414.58994109651115,3.278688524590164,531,516,18,0,498,478,128754,33,0,0,33,38
2020-07-09,US,Florida,Suwannee,686,21,0,30.19746066,-82.99099670000003,12121.0,1544.4537001598487,3.0612244897959178,665,673,21,0,652,646,44191,13,0,0,13,27
2020-07-09,US,Florida,Taylor,116,1,0,30.04848048,-83.60445406,12123.0,537.8088923918586,0.8620689655172413,115,109,1,0,108,102,21623,7,0,0,7,7
2020-07-09,US,Florida,Unassigned,262,0,0,0.0,0.0,90012.0,0.0,0.0,262,251,0,0,251,231,,11,0,0,11,20
2020-07-09,US,Florida,Union,101,2,0,30.04412971,-82.37497443,12125.0,662.8601430727833,1.98019801980198,99,99,2,0,97,92,14940,2,0,0,2,7
2020-07-09,US,Florida,Volusia,3234,67,0,29.05858895,-81.18263252,12127.0,584.5099442600906,2.0717377860235,3167,3070,62,0,3008,2951,547538,164,5,0,159,119
2020-07-09,US,Florida,Wakulla,102,1,0,30.16548905,-84.39895211,12129.0,302.32075639467683,0.9803921568627452,101,94,1,0,93,93,32461,8,0,0,8,1
2020-07-09,US,Florida,Walton,434,9,0,30.64204028,-86.16935664,12131.0,585.9243158591081,2.0737327188940093,425,395,9,0,386,372,71375,39,0,0,39,23
2020-07-09,US,Florida,Washington,140,13,0,30.61359259,-85.66002461,12133.0,549.6015388843089,9.285714285714286,127,136,13,0,123,131,24880,4,0,0,4,5
2020-07-09,US,Georgia,Appling,313,14,0,31.74847232,-82.28909114,13001.0,1702.382247362123,4.472843450479234,299,310,14,0,296,302,18507,3,0,0,3,8
2020-07-09,US,Georgia,Atkinson,182,2,0,31.29633502,-82.87545866,13003.0,2229.0263319044698,1.0989010989010992,180,179,2,0,177,179,8297,3,0,0,3,0
2020-07-09,US,Georgia,Bacon,289,5,0,31.55456473,-82.45936528,13005.0,2588.6778932282336,1.7301038062283738,284,286,5,0,281,283,11185,3,0,0,3,3
2020-07-09,US,Georgia,Baker,43,3,0,31.32669878,-84.44218806,13007.0,1415.4048716260697,6.9767441860465125,40,43,3,0,40,44,3092,0,0,0,0,-1
2020-07-09,US,Georgia,Baldwin,617,34,0,33.06882326,-83.24701748,13009.0,1374.4709289374027,5.5105348460291745,583,612,34,0,578,582,44823,5,0,0,5,30
2020-07-09,US,Georgia,Banks,147,1,0,34.35607081,-83.49644388,13011.0,764.2716023708017,0.6802721088435374,146,146,1,0,145,143,18988,1,0,0,1,3
2020-07-09,US,Georgia,Barrow,589,25,0,33.99148694,-83.71436292,13013.0,707.5925036040366,4.244482173174871,564,574,25,0,549,562,80809,15,0,0,15,12
2020-07-09,US,Georgia,Bartow,859,42,0,34.23732119,-84.83887523,13015.0,797.3045722029367,4.889406286379512,817,844,42,0,802,807,106408,15,0,0,15,37
2020-07-09,US,Georgia,Ben Hill,209,1,0,31.76095874,-83.22145359,13017.0,1251.497005988024,0.4784688995215311,208,195,1,0,194,192,16787,14,0,0,14,3
2020-07-09,US,Georgia,Berrien,162,0,0,31.27590016,-83.22529920000002,13019.0,835.1806980460898,0.0,162,154,0,0,154,152,19252,8,0,0,8,2
2020-07-09,US,Georgia,Bibb,1564,41,0,32.80904227,-83.70489165,13021.0,1021.1610156765194,2.6214833759590794,1523,1482,41,0,1441,1346,153095,82,0,0,82,136
2020-07-09,US,Georgia,Bleckley,81,1,0,32.43829035,-83.33035166,13023.0,629.2239571195528,1.2345679012345678,80,81,1,0,80,77,12838,0,0,0,0,4
2020-07-09,US,Georgia,Brantley,122,3,0,31.19576557,-81.97743999,13025.0,638.4426186613638,2.459016393442623,119,120,3,0,117,115,18897,2,0,0,2,5
2020-07-09,US,Georgia,Brooks,204,11,0,30.83922642,-83.58303423,13027.0,1319.7903862327748,5.3921568627450975,193,202,11,0,191,199,15513,2,0,0,2,3
2020-07-09,US,Georgia,Bryan,209,5,0,32.00979311,-81.44002948,13029.0,527.4181744769979,2.392344497607656,204,200,5,0,195,180,38109,9,0,0,9,20
2020-07-09,US,Georgia,Bulloch,561,4,0,32.39577406,-81.74811421,13031.0,704.7030449201085,0.7130124777183601,557,546,4,0,542,532,77296,15,0,0,15,14
2020-07-09,US,Georgia,Burke,161,7,0,33.05917989,-81.99928721,13033.0,719.2958942054238,4.3478260869565215,154,161,7,0,154,158,22423,0,0,0,0,3
2020-07-09,US,Georgia,Butts,329,34,0,33.283094500000004,-83.95435040000002,13035.0,1319.3776066730832,10.334346504559269,295,325,34,0,291,320,24193,4,0,0,4,5
2020-07-09,US,Georgia,Calhoun,168,6,0,31.53169785,-84.62725131,13037.0,2714.493456131847,3.571428571428572,162,168,6,0,162,169,6352,0,0,0,0,-1
2020-07-09,US,Georgia,Camden,235,2,0,30.92951916,-81.66601818,13039.0,429.8832912596495,0.851063829787234,233,233,2,0,231,212,53677,2,0,0,2,21
2020-07-09,US,Georgia,Candler,74,0,0,32.40209349,-82.07702563,13043.0,684.9949088216238,0.0,74,73,0,0,73,70,10836,1,0,0,1,3
2020-07-09,US,Georgia,Carroll,946,40,0,33.58138199,-85.07976677,13045.0,788.3858923928262,4.228329809725159,906,916,40,0,876,881,118121,30,0,0,30,35
2020-07-09,US,Georgia,Catoosa,339,8,0,34.89872298,-85.13757014,13047.0,501.62770050310735,2.359882005899705,331,334,8,0,326,333,67420,5,0,0,5,1
2020-07-09,US,Georgia,Charlton,81,2,0,30.78371028,-82.13951596,13049.0,604.8387096774194,2.469135802469136,79,76,2,0,74,73,12968,5,0,0,5,3
2020-07-09,US,Georgia,Chatham,2117,38,0,32.00043026,-81.12489526,13051.0,731.4376533185917,1.7949929145016532,2079,2068,38,0,2030,1985,289195,49,0,0,49,83
2020-07-09,US,Georgia,Chattahoochee,433,0,0,32.34341231,-84.78809239,13053.0,3969.927569450812,0.0,433,433,0,0,433,430,10684,0,0,0,0,3
2020-07-09,US,Georgia,Chattooga,77,2,0,34.47197698,-85.34535662,13055.0,310.62164669813217,2.5974025974025974,75,76,2,0,74,73,24790,1,0,0,1,3
2020-07-09,US,Georgia,Cherokee,1621,46,0,34.24393976,-84.47431861,13057.0,626.4177483740576,2.83775447254781,1575,1593,46,0,1547,1551,254149,28,0,0,28,42
2020-07-09,US,Georgia,Clarke,841,15,0,33.95436462,-83.37124007,13059.0,655.3365905354124,1.78359096313912,826,804,15,0,789,775,127330,37,0,0,37,29
2020-07-09,US,Georgia,Clay,56,2,0,31.62221166,-84.97713865,13061.0,1976.0056457304165,3.571428571428572,54,56,2,0,54,56,2887,0,0,0,0,0
2020-07-09,US,Georgia,Clayton,2580,81,0,33.54187245,-84.35594188,13063.0,882.7876929814956,3.13953488372093,2499,2517,81,0,2436,2439,289615,63,0,0,63,78
2020-07-09,US,Georgia,Clinch,115,3,0,30.91395822,-82.70432472,13065.0,1737.685101239045,2.608695652173913,112,115,3,0,112,115,6648,0,0,0,0,0
2020-07-09,US,Georgia,Cobb,6369,248,0,33.94243204,-84.5761255,13067.0,837.8708686940976,3.8938608886795416,6121,6255,248,0,6007,6082,756865,114,0,0,114,173
2020-07-09,US,Georgia,Coffee,734,17,0,31.54892966,-82.85492059999999,13069.0,1696.2077970096825,2.316076294277929,717,666,17,0,649,659,43093,68,0,0,68,7
2020-07-09,US,Georgia,Colquitt,1189,19,0,31.18810588,-83.7677946,13071.0,2607.456140350877,1.5979814970563502,1170,1180,19,0,1161,1149,45592,9,0,0,9,31
2020-07-09,US,Georgia,Columbia,709,12,0,33.54534185,-82.263524,13073.0,452.4165039498705,1.6925246826516216,697,690,12,0,678,655,154291,19,0,0,19,35
2020-07-09,US,Georgia,Cook,205,3,0,31.16068491,-83.42947229,13075.0,1187.0295309785754,1.4634146341463414,202,196,3,0,193,195,17162,9,0,0,9,1
2020-07-09,US,Georgia,Coweta,821,16,0,33.35334302,-84.76129976,13077.0,552.8284481075221,1.94884287454324,805,806,16,0,790,794,145864,15,0,0,15,12
2020-07-09,US,Georgia,Crawford,56,0,0,32.71391813,-83.98061238,13079.0,451.46726862302484,0.0,56,54,0,0,54,54,12318,2,0,0,2,0
2020-07-09,US,Georgia,Crisp,301,12,0,31.92289565,-83.76811843,13081.0,1345.4317897371716,3.986710963455149,289,300,12,0,288,297,22601,1,0,0,1,3
2020-07-09,US,Georgia,Dade,77,1,0,34.854916700000004,-85.50490424,13083.0,477.7860511293125,1.2987012987012987,76,77,1,0,76,76,16226,0,0,0,0,1
2020-07-09,US,Georgia,Dawson,167,3,0,34.44244079,-84.16964071,13085.0,639.6506817833614,1.7964071856287425,164,162,3,0,159,159,25083,5,0,0,5,3
2020-07-09,US,Georgia,DeKalb,7472,175,0,33.76944049,-84.22396017,13089.0,984.0681577827913,2.3420770877944324,7297,7362,175,0,7187,7158,756558,110,0,0,110,204
2020-07-09,US,Georgia,Decatur,282,8,0,30.87967778,-84.57619536,13087.0,1068.019996970156,2.8368794326241136,274,271,8,0,263,268,26575,11,0,0,11,3
2020-07-09,US,Georgia,Dodge,131,2,0,32.17265114,-83.16948926,13091.0,635.7680174714875,1.5267175572519085,129,127,2,0,125,122,20705,4,0,0,4,5
2020-07-09,US,Georgia,Dooly,219,12,0,32.15630737,-83.79746561,13093.0,1635.5489171023153,5.479452054794519,207,217,12,0,205,217,13706,2,0,0,2,0
2020-07-09,US,Georgia,Dougherty,2042,155,0,31.53328528,-84.21722377,13095.0,2321.615353131111,7.590597453476983,1887,2036,155,0,1881,2030,91243,6,0,0,6,6
2020-07-09,US,Georgia,Douglas,1259,37,0,33.70291126,-84.77026156,13097.0,860.3076334365156,2.9388403494837174,1222,1230,37,0,1193,1179,145331,29,0,0,29,51
2020-07-09,US,Georgia,Early,290,31,0,31.32155345,-84.90255207,13099.0,2845.927379784102,10.689655172413792,259,290,31,0,259,287,10247,0,0,0,0,3
2020-07-09,US,Georgia,Echols,191,0,0,30.71101099,-82.89687287,13101.0,4767.848227658512,0.0,191,188,0,0,188,187,4000,3,0,0,3,1
2020-07-09,US,Georgia,Effingham,224,1,0,32.36616021,-81.34280942,13103.0,348.3887022520841,0.44642857142857145,223,222,1,0,221,216,62190,2,0,0,2,6
2020-07-09,US,Georgia,Elbert,143,0,0,34.11302332,-82.83936148,13105.0,745.0244868187973,0.0,143,142,0,0,142,135,19120,1,0,0,1,7
2020-07-09,US,Georgia,Emanuel,181,3,0,32.59221302,-82.30239915,13107.0,799.2581471341517,1.6574585635359116,178,178,3,0,175,176,22612,3,0,0,3,2
2020-07-09,US,Georgia,Evans,38,0,0,32.15328841,-81.8870105,13109.0,356.6735498404355,0.0,38,34,0,0,34,33,10721,4,0,0,4,1
2020-07-09,US,Georgia,Fannin,115,1,0,34.86430205,-84.316964,13111.0,439.1324270658317,0.8695652173913043,114,112,1,0,111,109,25964,3,0,0,3,3
2020-07-09,US,Georgia,Fayette,476,19,0,33.41357794,-84.49089434,13113.0,416.0075510614311,3.9915966386554618,457,472,19,0,453,458,113459,4,0,0,4,14
2020-07-09,US,Georgia,Floyd,670,15,0,34.26268279,-85.21577392,13115.0,680.2168571950699,2.238805970149253,655,654,15,0,639,629,97927,16,0,0,16,25
2020-07-09,US,Georgia,Forsyth,1057,15,0,34.22604035,-84.12315129999998,13117.0,432.74978301098884,1.4191106906338695,1042,1042,15,0,1027,1006,236612,15,0,0,15,36
2020-07-09,US,Georgia,Franklin,239,1,0,34.37525597,-83.23159927,13119.0,1023.5984410467256,0.41841004184100417,238,234,1,0,233,224,23023,5,0,0,5,10
2020-07-09,US,Georgia,Fulton,9586,319,0,33.79216944,-84.46319413,13121.0,900.9931979055153,3.327769664093469,9267,9358,319,0,9039,9066,1050114,228,0,0,228,292
2020-07-09,US,Georgia,Gilmer,216,2,0,34.69316688,-84.45802506,13123.0,688.5778953744142,0.925925925925926,214,202,2,0,200,197,30816,14,0,0,14,5
2020-07-09,US,Georgia,Glascock,13,0,0,33.22879932,-82.61297636,13125.0,437.5631100639515,0.0,13,13,0,0,13,13,2995,0,0,0,0,0
2020-07-09,US,Georgia,Glynn,1332,9,0,31.23279254,-81.53811412,13127.0,1561.6939455048541,0.6756756756756757,1323,1322,8,0,1314,1231,85219,10,1,0,9,91
2020-07-09,US,Georgia,Gordon,480,18,0,34.50487351,-84.87296253,13129.0,828.114486827804,3.75,462,470,18,0,452,457,57685,10,0,0,10,13
2020-07-09,US,Georgia,Grady,242,4,0,30.87454847,-84.23418364,13131.0,982.421954288962,1.6528925619834711,238,242,4,0,238,237,24748,0,0,0,0,5
2020-07-09,US,Georgia,Greene,109,9,0,33.5769205,-83.17139104,13133.0,594.8482864003493,8.256880733944952,100,108,9,0,99,107,17698,1,0,0,1,1
2020-07-09,US,Georgia,Gwinnett,10415,175,0,33.96044201,-84.02137802,13135.0,1112.4165554072097,1.6802688430148824,10240,10237,175,0,10062,9972,927781,178,0,0,178,265
2020-07-09,US,Georgia,Habersham,740,39,0,34.63331566,-83.53094677,13137.0,1632.5450052947406,5.270270270270269,701,738,38,0,700,729,45388,2,1,0,1,9
2020-07-09,US,Georgia,Hall,3620,63,0,34.32207823,-83.81896936,13139.0,1770.6820060555367,1.7403314917127073,3557,3573,63,0,3510,3475,202148,47,0,0,47,98
2020-07-09,US,Georgia,Hancock,225,33,0,33.2721566,-82.99766919,13141.0,2660.517914153955,14.666666666666664,192,224,33,0,191,222,8348,1,0,0,1,2
2020-07-09,US,Georgia,Haralson,101,5,0,33.79602175,-85.21005667,13143.0,339.0171858216971,4.950495049504951,96,95,5,0,90,87,29533,6,0,0,6,8
2020-07-09,US,Georgia,Harris,410,12,0,32.73709786,-84.90538572,13145.0,1163.5826995118628,2.9268292682926833,398,401,11,0,390,386,34475,9,1,0,8,15
2020-07-09,US,Georgia,Hart,92,0,0,34.34626973,-82.96567682,13147.0,351.0780385422629,0.0,92,91,0,0,91,88,26099,1,0,0,1,3
2020-07-09,US,Georgia,Heard,79,3,0,33.29686567,-85.12886832,13149.0,662.5849199027091,3.79746835443038,76,75,3,0,72,72,11879,4,0,0,4,3
2020-07-09,US,Georgia,Henry,1611,33,0,33.4533428,-84.14814659999998,13151.0,686.8149436607108,2.0484171322160147,1578,1568,33,0,1535,1514,230220,43,0,0,43,54
2020-07-09,US,Georgia,Houston,871,29,0,32.45802497,-83.66879087,13153.0,551.7442339243521,3.3295063145809416,842,854,28,0,826,840,155469,17,1,0,16,14
2020-07-09,US,Georgia,Irwin,89,1,0,31.60213036,-83.27501387,13155.0,945.1996601529312,1.1235955056179776,88,84,1,0,83,82,9398,5,0,0,5,2
2020-07-09,US,Georgia,Jackson,483,10,0,34.13794553,-83.56814788,13157.0,661.8523644435918,2.070393374741201,473,469,10,0,459,461,70422,14,0,0,14,8
2020-07-09,US,Georgia,Jasper,83,1,0,33.31535543,-83.68844964,13159.0,583.7260004219706,1.2048192771084338,82,78,1,0,77,79,14040,5,0,0,5,-1
2020-07-09,US,Georgia,Jeff Davis,142,3,0,31.80405727,-82.63724870000001,13161.0,939.4641085014888,2.112676056338028,139,136,3,0,133,135,15029,6,0,0,6,1
2020-07-09,US,Georgia,Jefferson,164,2,0,33.05867328,-82.41609057,13163.0,1067.5693269105586,1.2195121951219512,162,159,2,0,157,155,15430,5,0,0,5,4
2020-07-09,US,Georgia,Jenkins,135,12,0,32.79248718,-81.96040187,13165.0,1556.0165975103735,8.888888888888891,123,132,12,0,120,127,8683,3,0,0,3,5
2020-07-09,US,Georgia,Johnson,113,2,0,32.70211082,-82.66166794,13167.0,1171.8344913408694,1.7699115044247788,111,112,2,0,110,111,9708,1,0,0,1,1
2020-07-09,US,Georgia,Jones,130,0,0,33.02512137,-83.56019163,13169.0,452.40995301896635,0.0,130,123,0,0,123,114,28616,7,0,0,7,9
2020-07-09,US,Georgia,Lamar,140,6,0,33.07841647,-84.14263877,13171.0,733.8680085967395,4.285714285714286,134,139,6,0,133,136,19000,1,0,0,1,3
2020-07-09,US,Georgia,Lanier,160,3,0,31.03828570000001,-83.06472457,13173.0,1535.0666794588888,1.875,157,153,3,0,150,153,10340,7,0,0,7,0
2020-07-09,US,Georgia,Laurens,297,1,0,32.46325233,-82.92221316,13175.0,624.6582257182517,0.3367003367003367,296,279,1,0,278,261,47325,18,0,0,18,18
2020-07-09,US,Georgia,Lee,414,22,0,31.779330600000005,-84.14324253,13177.0,1380.3680981595096,5.3140096618357475,392,413,22,0,391,410,29764,1,0,0,1,3
2020-07-09,US,Georgia,Liberty,178,1,0,31.82588896,-81.49251135,13179.0,289.7371205338976,0.5617977528089888,177,171,1,0,170,168,61497,7,0,0,7,3
2020-07-09,US,Georgia,Lincoln,56,1,0,33.79201475,-82.45024131,13181.0,706.9814417371547,1.7857142857142858,55,53,1,0,52,53,7915,3,0,0,3,0
2020-07-09,US,Georgia,Long,59,1,0,31.75218791,-81.74952375,13183.0,301.6514136714556,1.6949152542372878,58,58,1,0,57,57,18998,1,0,0,1,1
2020-07-09,US,Georgia,Lowndes,1743,14,0,30.83568832,-83.27056716,13185.0,1484.5919288622388,0.8032128514056225,1729,1698,14,0,1684,1659,116321,45,0,0,45,39
2020-07-09,US,Georgia,Lumpkin,158,4,0,34.57286511,-84.00425681,13187.0,470.09818506396914,2.5316455696202533,154,154,4,0,150,148,32955,4,0,0,4,6
2020-07-09,US,Georgia,Macon,132,9,0,32.35207048,-84.04234127,13193.0,1019.5412064570944,6.8181818181818175,123,131,9,0,122,121,13143,1,0,0,1,10
2020-07-09,US,Georgia,Madison,143,4,0,34.12920917,-83.21218732,13195.0,478.58099062918336,2.797202797202797,139,136,4,0,132,128,29650,7,0,0,7,8
2020-07-09,US,Georgia,Marion,88,2,0,32.3483402,-84.52733571,13197.0,1052.7575068788133,2.272727272727273,86,88,2,0,86,86,8351,0,0,0,0,2
2020-07-09,US,Georgia,McDuffie,136,7,0,33.47851918,-82.48252774,13189.0,638.1381381381383,5.147058823529412,129,132,7,0,125,129,21531,4,0,0,4,3
2020-07-09,US,Georgia,McIntosh,71,1,0,31.49683595,-81.40163426,13191.0,493.8099874808735,1.4084507042253518,70,71,1,0,70,68,14340,0,0,0,0,3
2020-07-09,US,Georgia,Meriwether,233,3,0,33.04163534,-84.68859732,13199.0,1100.7700666131243,1.2875536480686696,230,230,3,0,227,225,21068,3,0,0,3,5
2020-07-09,US,Georgia,Miller,55,0,0,31.16568912,-84.73151117,13201.0,961.8747813920952,0.0,55,53,0,0,53,53,5686,2,0,0,2,0
2020-07-09,US,Georgia,Mitchell,477,40,0,31.22483255,-84.19381821,13205.0,2181.7682843159682,8.385744234800839,437,475,39,0,436,468,22192,2,1,0,1,7
2020-07-09,US,Georgia,Monroe,226,19,0,33.014289,-83.92097166,13207.0,819.4937994053232,8.407079646017701,207,226,18,0,208,213,27520,0,1,0,-1,13
2020-07-09,US,Georgia,Montgomery,48,0,0,32.17201038,-82.53527476,13209.0,523.3318796336677,0.0,48,45,0,0,45,41,9193,3,0,0,3,4
2020-07-09,US,Georgia,Morgan,71,0,0,33.59232073,-83.49129491,13211.0,368.33367918655324,0.0,71,67,0,0,67,68,18853,4,0,0,4,-1
2020-07-09,US,Georgia,Murray,274,2,0,34.78897608,-84.74993177,13213.0,683.3599361532323,0.7299270072992701,272,270,2,0,268,271,39921,4,0,0,4,-1
2020-07-09,US,Georgia,Muscogee,2438,55,0,32.50931999,-84.87142262,13215.0,1245.345279385398,2.2559474979491387,2383,2344,55,0,2289,2206,194160,94,0,0,94,138
2020-07-09,US,Georgia,Newton,812,12,0,33.55514538,-83.84547140000002,13217.0,726.6609392898052,1.477832512315271,800,779,12,0,767,750,109541,33,0,0,33,29
2020-07-09,US,Georgia,Oconee,213,11,0,33.83749973,-83.43679568,13219.0,528.798411122145,5.164319248826291,202,200,11,0,189,194,39272,13,0,0,13,6
2020-07-09,US,Georgia,Oglethorpe,101,7,0,33.878629600000004,-83.08278123,13221.0,661.9044498328855,6.9306930693069315,94,100,7,0,93,101,15054,1,0,0,1,-1
2020-07-09,US,Georgia,Out of GA,8034,50,0,0.0,0.0,80013.0,0.0,0.6223549912870301,7984,7352,51,0,7301,6763,,682,-1,0,683,589
2020-07-09,US,Georgia,Paulding,778,16,0,33.91969522,-84.86848792,13223.0,461.2639105456314,2.056555269922879,762,765,16,0,749,724,164044,13,0,0,13,41
2020-07-09,US,Georgia,Peach,133,10,0,32.56934316,-83.82937,13225.0,482.82872286357366,7.518796992481202,123,130,10,0,120,126,27297,3,0,0,3,4
2020-07-09,US,Georgia,Pickens,112,5,0,34.46589159,-84.46406611,13227.0,343.6531557792028,4.464285714285714,107,107,5,0,102,101,31980,5,0,0,5,6
2020-07-09,US,Georgia,Pierce,230,5,0,31.35928155,-82.21598442,13229.0,1181.6080143847933,2.1739130434782608,225,223,5,0,218,217,19389,7,0,0,7,6
2020-07-09,US,Georgia,Pike,110,3,0,33.09310242,-84.38790389,13231.0,580.1075835882291,2.727272727272727,107,108,3,0,105,105,18634,2,0,0,2,3
2020-07-09,US,Georgia,Polk,283,1,0,34.00267074,-85.18677781,13233.0,664.1165841409899,0.353356890459364,282,274,1,0,273,254,42470,9,0,0,9,20
2020-07-09,US,Georgia,Pulaski,57,2,0,32.23334561,-83.47549959999998,13235.0,511.8074885516747,3.5087719298245608,55,57,2,0,55,57,11069,0,0,0,0,0
2020-07-09,US,Georgia,Putnam,197,12,0,33.32056115,-83.37552891,13237.0,890.6370089063699,6.091370558375634,185,201,12,0,189,199,21809,-4,0,0,-4,2
2020-07-09,US,Georgia,Quitman,20,1,0,31.86728114,-85.01773177,13239.0,869.9434536755111,5.0,19,19,1,0,18,19,2279,1,0,0,1,0
2020-07-09,US,Georgia,Rabun,61,3,0,34.88389445,-83.40304637,13241.0,355.95495127501886,4.918032786885246,58,59,3,0,56,57,16867,2,0,0,2,2
2020-07-09,US,Georgia,Randolph,205,25,0,31.76622818,-84.75732369,13243.0,3024.4910002950733,12.19512195121951,180,204,25,0,179,205,6833,1,0,0,1,-1
2020-07-09,US,Georgia,Richmond,1448,59,0,33.35777107,-82.07026432,13245.0,714.998173001906,4.074585635359116,1389,1387,58,0,1329,1340,201554,61,1,0,60,47
2020-07-09,US,Georgia,Rockdale,625,11,0,33.65145002,-84.02202167,13247.0,687.5990142580531,1.76,614,606,11,0,595,583,90594,19,0,0,19,23
2020-07-09,US,Georgia,Schley,27,1,0,32.2654021,-84.31258912,13249.0,513.6009130682899,3.703703703703704,26,26,1,0,25,25,5236,1,0,0,1,1
2020-07-09,US,Georgia,Screven,105,7,0,32.74976524,-81.60779441,13251.0,751.8258628096806,6.666666666666668,98,102,7,0,95,101,13938,3,0,0,3,1
2020-07-09,US,Georgia,Seminole,54,2,0,30.93464824,-84.86823924,13253.0,667.4907292954265,3.703703703703704,52,54,2,0,52,54,8315,0,0,0,0,0
2020-07-09,US,Georgia,Spalding,527,33,0,33.26310031,-84.28013991,13255.0,790.0694121703673,6.2618595825426935,494,515,33,0,482,490,66100,12,0,0,12,25
2020-07-09,US,Georgia,Stephens,286,6,0,34.55151201,-83.29405315,13257.0,1103.182256509161,2.097902097902098,280,280,6,0,274,269,26035,6,0,0,6,11
2020-07-09,US,Georgia,Stewart,207,3,0,32.07996777,-84.83208037,13259.0,3126.4159492523786,1.4492753623188406,204,206,3,0,203,204,6199,1,0,0,1,2
2020-07-09,US,Georgia,Sumter,598,50,0,32.03650571,-84.19821492,13261.0,2025.4708034141715,8.361204013377927,548,590,50,0,540,580,29733,8,0,0,8,10
2020-07-09,US,Georgia,Talbot,88,3,0,32.69642758,-84.53351366,13263.0,1420.5004035512507,3.4090909090909087,85,88,3,0,85,88,6272,0,0,0,0,0
2020-07-09,US,Georgia,Taliaferro,2,0,0,33.56543317,-82.88136816,13265.0,130.1236174365647,0.0,2,2,0,0,2,2,1608,0,0,0,0,0
2020-07-09,US,Georgia,Tattnall,174,0,0,32.04785085,-82.05539188,13267.0,688.1278177647711,0.0,174,167,0,0,167,164,25391,7,0,0,7,3
2020-07-09,US,Georgia,Taylor,39,2,0,32.55792548,-84.25077141,13269.0,486.284289276808,5.128205128205129,37,39,2,0,37,38,8039,0,0,0,0,1
2020-07-09,US,Georgia,Telfair,137,3,0,31.92829517,-82.93491155,13271.0,863.8083228247162,2.18978102189781,134,136,3,0,133,131,15876,1,0,0,1,5
2020-07-09,US,Georgia,Terrell,238,28,0,31.77527543,-84.44069698,13273.0,2789.82534286719,11.764705882352944,210,238,28,0,210,236,8611,0,0,0,0,2
2020-07-09,US,Georgia,Thomas,536,32,0,30.86392347,-83.91847289,13275.0,1205.822141234168,5.970149253731344,504,533,32,0,501,519,44448,3,0,0,3,14
2020-07-09,US,Georgia,Tift,924,26,0,31.45743864,-83.5236119,13277.0,2273.398287570121,2.813852813852814,898,903,26,0,877,892,40571,21,0,0,21,11
2020-07-09,US,Georgia,Toombs,304,5,0,32.12059861,-82.32957247,13279.0,1133.0600074543422,1.6447368421052633,299,296,5,0,291,289,26887,8,0,0,8,7
2020-07-09,US,Georgia,Towns,58,1,0,34.91369188,-83.74107459999998,13281.0,481.84763645426597,1.7241379310344829,57,58,1,0,57,58,11852,0,0,0,0,0
2020-07-09,US,Georgia,Treutlen,41,1,0,32.40422134,-82.56904553,13283.0,594.1167946674395,2.4390243902439024,40,36,1,0,35,33,6809,5,0,0,5,3
2020-07-09,US,Georgia,Troup,1698,38,0,33.03349196,-85.02812115,13285.0,2428.420239695661,2.237926972909305,1660,1678,36,0,1642,1650,70034,20,2,0,18,28
2020-07-09,US,Georgia,Turner,185,17,0,31.71612656,-83.62069378,13287.0,2316.844082654978,9.18918918918919,168,183,17,0,166,183,7912,2,0,0,2,0
2020-07-09,US,Georgia,Twiggs,41,1,0,32.67435595,-83.43078662,13289.0,504.92610837438417,2.4390243902439024,40,40,1,0,39,37,8188,1,0,0,1,3
2020-07-09,US,Georgia,Unassigned,1211,2,0,0.0,0.0,90013.0,0.0,0.16515276630883569,1209,1159,2,0,1157,1180,,52,0,0,52,-21
2020-07-09,US,Georgia,Union,92,3,0,34.82995757,-83.98967069,13291.0,375.34168332585364,3.260869565217391,89,89,3,0,86,85,24001,3,0,0,3,4
2020-07-09,US,Georgia,Upson,383,45,0,32.87920671,-84.30024826,13293.0,1455.1671732522793,11.749347258485642,338,382,45,0,337,381,26215,1,0,0,1,1
2020-07-09,US,Georgia,Walker,364,12,0,34.73376362,-85.30165174,13295.0,521.7815111595304,3.2967032967032965,352,363,12,0,351,348,69410,1,0,0,1,15
2020-07-09,US,Georgia,Walton,504,28,0,33.78017694,-83.73552314,13297.0,532.808981637119,5.5555555555555545,476,497,28,0,469,490,93503,7,0,0,7,7
2020-07-09,US,Georgia,Ware,576,16,0,31.05449097,-82.42224148,13299.0,1611.9102255554928,2.7777777777777777,560,555,16,0,539,538,35680,21,0,0,21,17
2020-07-09,US,Georgia,Warren,30,0,0,33.41146451,-82.67795848,13301.0,570.9935287400076,0.0,30,30,0,0,30,29,5251,0,0,0,0,1
2020-07-09,US,Georgia,Washington,163,1,0,32.96711864,-82.79357039,13303.0,800.0392657308334,0.6134969325153374,162,159,1,0,158,148,20386,4,0,0,4,11
2020-07-09,US,Georgia,Wayne,134,0,0,31.5521809,-81.91894878,13305.0,447.7562067698065,0.0,134,122,0,0,122,119,29808,12,0,0,12,3
2020-07-09,US,Georgia,Webster,31,2,0,32.04066113,-84.54742852,13307.0,1189.1062523973915,6.451612903225807,29,27,2,0,25,24,2611,4,0,0,4,3
2020-07-09,US,Georgia,Wheeler,56,0,0,32.12009104,-82.72574721,13309.0,712.9217059197963,0.0,56,56,0,0,56,56,7879,0,0,0,0,0
2020-07-09,US,Georgia,White,159,4,0,34.64624278,-83.74905525,13311.0,516.2672900837716,2.5157232704402515,155,159,4,0,155,152,29970,0,0,0,0,7
2020-07-09,US,Georgia,Whitfield,1610,15,0,34.80987459,-84.96093476,13313.0,1538.7850288641666,0.9316770186335404,1595,1520,15,0,1505,1464,104062,90,0,0,90,56
2020-07-09,US,Georgia,Wilcox,132,15,0,31.97496928,-83.43438555,13315.0,1528.6624203821655,11.363636363636365,117,132,15,0,117,132,8812,0,0,0,0,0
2020-07-09,US,Georgia,Wilkes,87,1,0,33.78290391,-82.74286107,13317.0,889.8435102792267,1.1494252873563218,86,87,1,0,86,85,9876,0,0,0,0,2
2020-07-09,US,Georgia,Wilkinson,102,9,0,32.80291082,-83.17140684,13319.0,1139.15568461023,8.823529411764708,93,100,9,0,91,94,9036,2,0,0,2,6
2020-07-09,US,Georgia,Worth,346,22,0,31.55162306,-83.85090513,13321.0,1708.895144959747,6.3583815028901745,324,343,22,0,321,339,20299,3,0,0,3,4
2020-07-09,US,Hawaii,Hawaii,97,0,0,19.60121157,-155.5210167,15001.0,48.13585227752056,0.0,97,96,0,0,96,95,200983,1,0,0,1,1
2020-07-09,US,Hawaii,Honolulu,842,13,0,21.45803166,-157.97121819999995,15003.0,86.39769825039532,1.5439429928741093,829,808,13,0,795,788,980080,34,0,0,34,20
2020-07-09,US,Hawaii,Kauai,43,0,0,22.03935037,-159.5966786,15007.0,59.480170970910045,0.0,43,42,0,0,42,42,72133,1,0,0,1,0
2020-07-09,US,Hawaii,Maui,130,6,0,20.86399628,-156.56890969999995,15009.0,77.65041781897895,4.615384615384615,124,130,6,0,124,128,167207,0,0,0,0,2
2020-07-09,US,Hawaii,Out of HI,18,0,0,0.0,0.0,80015.0,0.0,0.0,18,18,0,0,18,18,,0,0,0,0,0
2020-07-09,US,Idaho,Ada,3596,24,0,43.4526575,-116.24155159999998,16001.0,746.6978967455517,0.6674082313681868,3572,3431,23,0,3408,3252,469966,165,1,0,164,179
2020-07-09,US,Idaho,Adams,12,0,0,44.89333571,-116.4545247,16003.0,279.4597112249651,0.0,12,12,0,0,12,12,4250,0,0,0,0,0
2020-07-09,US,Idaho,Bannock,134,1,0,42.67002716,-112.2233311,16005.0,152.60568513119534,0.746268656716418,133,129,1,0,128,122,87138,5,0,0,5,7
2020-07-09,US,Idaho,Bear Lake,2,0,0,42.28269683,-111.32892379999998,16007.0,32.6530612244898,0.0,2,2,0,0,2,2,6050,0,0,0,0,0
2020-07-09,US,Idaho,Benewah,23,0,0,47.21754179,-116.6586851,16009.0,247.36502473650242,0.0,23,23,0,0,23,23,9226,0,0,0,0,0
2020-07-09,US,Idaho,Bingham,69,1,0,43.21672879999999,-112.3978437,16011.0,147.40125184251562,1.4492753623188406,68,62,1,0,61,58,46236,7,0,0,7,4
2020-07-09,US,Idaho,Blaine,546,5,0,43.4085812,-113.9752658,16013.0,2371.747534859476,0.9157509157509156,541,544,5,0,539,543,22601,2,0,0,2,1
2020-07-09,US,Idaho,Boise,7,0,0,43.98829931,-115.7309284,16015.0,89.38832843825821,0.0,7,7,0,0,7,5,7634,0,0,0,0,2
2020-07-09,US,Idaho,Bonner,54,0,0,48.29996017,-116.6017932,16017.0,118.06117317825053,0.0,54,45,0,0,45,40,44727,9,0,0,9,5
2020-07-09,US,Idaho,Bonneville,164,1,0,43.38713372,-111.6161537,16019.0,137.74336060203927,0.6097560975609756,163,159,1,0,158,156,116854,5,0,0,5,3
2020-07-09,US,Idaho,Boundary,2,0,0,48.76684761,-116.4630179,16021.0,16.33319722335647,0.0,2,2,0,0,2,1,11948,0,0,0,0,1
2020-07-09,US,Idaho,Camas,1,0,0,43.46665742,-114.8065892,16025.0,90.41591320072331,0.0,1,1,0,0,1,1,1127,0,0,0,0,0
2020-07-09,US,Idaho,Canyon,1665,10,0,43.61970148,-116.70954990000001,16027.0,724.3886203551027,0.6006006006006006,1655,1561,9,0,1552,1485,223499,104,1,0,103,76
2020-07-09,US,Idaho,Caribou,15,0,0,42.77149116,-111.5597683,16029.0,209.64360587002102,0.0,15,15,0,0,15,12,7060,0,0,0,0,3
2020-07-09,US,Idaho,Cassia,307,1,0,42.28347888,-113.6012409,16031.0,1277.5697045359966,0.3257328990228013,306,297,1,0,296,285,23864,10,0,0,10,12
2020-07-09,US,Idaho,Clearwater,5,0,0,46.67459924,-115.6622393,16035.0,57.10370031978072,0.0,5,5,0,0,5,3,8758,0,0,0,0,2
2020-07-09,US,Idaho,Custer,4,0,0,44.24186819,-114.2855494,16037.0,92.69988412514485,0.0,4,4,0,0,4,4,4280,0,0,0,0,0
2020-07-09,US,Idaho,Elmore,82,2,0,43.3507101,-115.4701578,16039.0,298.06259314456037,2.4390243902439024,80,80,2,0,78,75,27259,2,0,0,2,5
2020-07-09,US,Idaho,Franklin,31,0,0,42.18332217,-111.81496659999999,16041.0,223.40732199481118,0.0,31,30,0,0,30,30,13726,1,0,0,1,0
2020-07-09,US,Idaho,Fremont,9,0,0,44.22800938,-111.48099429999999,16043.0,68.70753492633025,0.0,9,8,0,0,8,8,13168,1,0,0,1,0
2020-07-09,US,Idaho,Gem,44,0,0,44.06482372,-116.398376,16045.0,242.93286219081278,0.0,44,42,0,0,42,39,17634,2,0,0,2,3
2020-07-09,US,Idaho,Gooding,79,1,0,42.96927962,-114.81083059999999,16047.0,520.4558930100798,1.2658227848101269,78,71,1,0,70,68,15196,8,0,0,8,3
2020-07-09,US,Idaho,Idaho,11,0,0,45.84721541,-115.4634436,16049.0,65.99868002639947,0.0,11,10,0,0,10,8,16513,1,0,0,1,2
2020-07-09,US,Idaho,Jefferson,21,0,0,43.82078483,-112.3131749,16051.0,70.30229988952496,0.0,21,20,0,0,20,20,29439,1,0,0,1,0
2020-07-09,US,Idaho,Jerome,280,5,0,42.68891267,-114.2655033,16053.0,1146.9768966082256,1.7857142857142858,275,270,5,0,265,260,24015,10,0,0,10,10
2020-07-09,US,Idaho,Kootenai,559,1,0,47.67282258,-116.7020872,16055.0,337.3627766344593,0.17889087656529518,558,507,1,0,506,464,161505,52,0,0,52,43
2020-07-09,US,Idaho,Latah,34,0,0,46.81587887,-116.71136979999999,16057.0,84.77111798145009,0.0,34,31,0,0,31,30,40134,3,0,0,3,1
2020-07-09,US,Idaho,Lemhi,2,0,0,44.9438088,-113.9309747,16059.0,24.91590880777377,0.0,2,2,0,0,2,2,7961,0,0,0,0,0
2020-07-09,US,Idaho,Lewis,1,0,0,46.23315327,-116.434146,16061.0,26.055237102657642,0.0,1,1,0,0,1,1,3861,0,0,0,0,0
2020-07-09,US,Idaho,Lincoln,40,0,0,43.0012336,-114.1358773,16063.0,745.4342154304883,0.0,40,38,0,0,38,37,5360,2,0,0,2,1
2020-07-09,US,Idaho,Madison,48,0,0,43.78141028,-111.65384740000002,16065.0,120.27965018668405,0.0,48,44,0,0,44,43,39304,4,0,0,4,1
2020-07-09,US,Idaho,Minidoka,250,0,0,42.85518524,-113.6357257,16067.0,1188.2694044393745,0.0,250,238,0,0,238,227,20825,12,0,0,12,11
2020-07-09,US,Idaho,Nez Perce,108,19,0,46.32638236,-116.75009750000001,16069.0,267.2738071668976,17.592592592592588,89,107,19,0,88,106,40408,1,0,0,1,1
2020-07-09,US,Idaho,Oneida,5,0,0,42.19494279999999,-112.5407838,16071.0,110.35091591260208,0.0,5,4,0,0,4,4,4488,1,0,0,1,0
2020-07-09,US,Idaho,Owyhee,72,0,0,42.58016894,-116.16938710000001,16073.0,608.9824917533621,0.0,72,66,0,0,66,57,11693,6,0,0,6,9
2020-07-09,US,Idaho,Payette,154,2,0,44.00545243,-116.7647695,16075.0,642.9794163082961,1.2987012987012987,152,149,2,0,147,141,23551,5,0,0,5,8
2020-07-09,US,Idaho,Power,19,0,0,42.69254894,-112.83957420000002,16077.0,247.36362452805625,0.0,19,19,0,0,19,19,7768,0,0,0,0,0
2020-07-09,US,Idaho,Shoshone,7,0,0,47.35364087,-115.89167490000001,16079.0,54.33938829374321,0.0,7,6,0,0,6,3,12796,1,0,0,1,3
2020-07-09,US,Idaho,Teton,26,0,0,43.75303583,-111.2056773,16081.0,214.13276231263384,0.0,26,23,0,0,23,23,11640,3,0,0,3,0
2020-07-09,US,Idaho,Twin Falls,788,25,0,42.35440512,-114.6685381,16083.0,907.0190381914869,3.172588832487309,763,756,25,0,731,727,86081,32,0,0,32,29
2020-07-09,US,Idaho,Unassigned,1,0,0,0.0,0.0,90016.0,0.0,0.0,1,1,0,0,1,1,,0,0,0,0,0
2020-07-09,US,Idaho,Valley,23,0,0,44.76728382,-115.5676773,16085.0,201.8960674157304,0.0,23,23,0,0,23,22,11041,0,0,0,0,1
2020-07-09,US,Idaho,Washington,129,2,0,44.45275475,-116.78476880000001,16087.0,1265.4502648616833,1.5503875968992251,127,124,2,0,122,120,10161,5,0,0,5,4
2020-07-09,US,Illinois,Adams,142,1,0,39.98815591,-91.18786813,17001.0,217.00924581645907,0.7042253521126759,141,139,1,0,138,134,65691,3,0,0,3,5
2020-07-09,US,Illinois,Alexander,22,0,0,37.18049267,-89.32910838,17003.0,381.87814615518135,0.0,22,22,0,0,22,22,6060,0,0,0,0,0
2020-07-09,US,Illinois,Bond,19,1,0,38.88829622,-89.43534887,17005.0,115.67027882625106,5.2631578947368425,18,17,1,0,16,17,16630,2,0,0,2,0
2020-07-09,US,Illinois,Boone,629,21,0,42.32359279,-88.82345779,17007.0,1174.734797549679,3.338632750397456,608,623,21,0,602,617,53577,6,0,0,6,6
2020-07-09,US,Illinois,Brown,10,0,0,39.96209138,-90.75068024,17009.0,152.02189115232594,0.0,10,10,0,0,10,10,6556,0,0,0,0,0
2020-07-09,US,Illinois,Bureau,31,2,0,41.40385234,-89.5283051,17011.0,95.01042049773199,6.451612903225807,29,31,2,0,29,31,32993,0,0,0,0,0
2020-07-09,US,Illinois,Calhoun,1,0,0,39.16840183,-90.66330078,17013.0,21.101498206372653,0.0,1,1,0,0,1,1,4802,0,0,0,0,0
2020-07-09,US,Illinois,Carroll,21,2,0,42.06823429,-89.93395545,17015.0,146.8018175463125,9.523809523809524,19,21,2,0,19,21,14312,0,0,0,0,0
2020-07-09,US,Illinois,Cass,136,7,0,39.96991073,-90.24734436,17017.0,1119.6180126780278,5.147058823529412,129,136,7,0,129,136,12260,0,0,0,0,0
2020-07-09,US,Illinois,Champaign,1010,17,0,40.13919438,-88.20046615,17019.0,481.66570492491263,1.683168316831683,993,992,17,0,975,973,209983,18,0,0,18,19
2020-07-09,US,Illinois,Christian,48,4,0,39.54581621,-89.27780482,17021.0,148.5884101040119,8.333333333333334,44,47,4,0,43,47,32661,1,0,0,1,0
2020-07-09,US,Illinois,Clark,21,0,0,39.33425789,-87.78705622,17023.0,136.00155430347777,0.0,21,18,0,0,18,15,15596,3,0,0,3,3
2020-07-09,US,Illinois,Clay,2,0,0,38.75388572,-88.48914513,17025.0,15.169902912621355,0.0,2,2,0,0,2,2,13253,0,0,0,0,0
2020-07-09,US,Illinois,Clinton,244,17,0,38.60704876,-89.42385254,17027.0,649.5926734465684,6.967213114754099,227,244,17,0,227,243,37639,0,0,0,0,1
2020-07-09,US,Illinois,Coles,188,17,0,39.51949084,-88.22358557,17029.0,371.38736887852883,9.04255319148936,171,184,17,0,167,179,50885,4,0,0,4,5
2020-07-09,US,Illinois,Cook,94005,4676,0,41.84144849,-87.81658794,17031.0,1825.257226226464,4.9742034998138385,89329,93496,4664,0,88832,93053,5180493,509,12,0,497,443
2020-07-09,US,Illinois,Crawford,18,0,0,39.0032229,-87.75954624,17033.0,96.42684952054428,0.0,18,18,0,0,18,18,18807,0,0,0,0,0
2020-07-09,US,Illinois,Cumberland,24,0,0,39.27432424,-88.2401158,17035.0,222.9240200631618,0.0,24,24,0,0,24,17,10808,0,0,0,0,7
2020-07-09,US,Illinois,De Witt,16,0,0,40.17514519,-88.90959682,17039.0,102.31487402481136,0.0,16,16,0,0,16,12,15769,0,0,0,0,4
2020-07-09,US,Illinois,DeKalb,602,20,0,41.89373302,-88.76958483,17037.0,573.8962982735445,3.3222591362126246,582,595,20,0,575,587,104143,7,0,0,7,8
2020-07-09,US,Illinois,Douglas,55,0,0,39.76768052,-88.21854195,17041.0,282.5584382224505,0.0,55,54,0,0,54,54,19479,1,0,0,1,0
2020-07-09,US,Illinois,DuPage,9502,483,0,41.85116968,-88.08642662,17043.0,1029.5572427109146,5.083140391496527,9019,9454,480,0,8974,9392,928589,48,3,0,45,62
2020-07-09,US,Illinois,Edgar,16,0,0,39.6809186,-87.74759563,17045.0,93.23465998484936,0.0,16,16,0,0,16,11,17360,0,0,0,0,5
2020-07-09,US,Illinois,Edwards,2,0,0,38.41353228,-88.05720863,17047.0,31.27443315089914,0.0,2,2,0,0,2,2,6392,0,0,0,0,0
2020-07-09,US,Illinois,Effingham,20,1,0,39.05935711,-88.58969584,17049.0,58.809691837214785,5.0,19,19,1,0,18,19,34208,1,0,0,1,0
2020-07-09,US,Illinois,Fayette,23,3,0,39.00072038,-89.02452658,17051.0,107.79902512185976,13.043478260869565,20,24,3,0,21,23,21416,-1,0,0,-1,1
2020-07-09,US,Illinois,Ford,42,1,0,40.59706922,-88.22350769,17053.0,324.04907028778644,2.380952380952381,41,41,1,0,40,40,13264,1,0,0,1,1
2020-07-09,US,Illinois,Franklin,40,0,0,37.99189086,-88.92567818,17055.0,103.9798279133848,0.0,40,36,0,0,36,34,38701,4,0,0,4,2
2020-07-09,US,Illinois,Fulton,16,0,0,40.47289135,-90.20862357,17057.0,46.59289458357601,0.0,16,16,0,0,16,15,34844,0,0,0,0,1
2020-07-09,US,Illinois,Gallatin,4,0,0,37.76430935,-88.22953869,17059.0,82.8500414250207,0.0,4,4,0,0,4,4,5058,0,0,0,0,0
2020-07-09,US,Illinois,Greene,8,0,0,39.35907414,-90.388865,17061.0,61.68555786876398,0.0,8,8,0,0,8,8,13044,0,0,0,0,0
2020-07-09,US,Illinois,Grundy,187,5,0,41.28569601,-88.41905692,17063.0,366.27884201042036,2.6737967914438503,182,185,5,0,180,176,50972,2,0,0,2,9
2020-07-09,US,Illinois,Hamilton,7,0,0,38.08163641,-88.53883373,17065.0,86.2493839329719,0.0,7,6,0,0,6,6,8163,1,0,0,1,0
2020-07-09,US,Illinois,Hancock,19,1,0,40.40423981,-91.16313899,17067.0,107.2961373390558,5.2631578947368425,18,19,1,0,18,19,17844,0,0,0,0,0
2020-07-09,US,Illinois,Hardin,1,0,0,37.51810645,-88.26873022,17069.0,26.17115938236064,0.0,1,1,0,0,1,1,3910,0,0,0,0,0
2020-07-09,US,Illinois,Henderson,8,0,0,40.81908672,-90.92491462,17071.0,120.37315678603672,0.0,8,8,0,0,8,8,6709,0,0,0,0,0
2020-07-09,US,Illinois,Henry,103,1,0,41.3533994,-90.13296166,17073.0,210.5779649581911,0.9708737864077671,102,103,1,0,102,98,49090,0,0,0,0,5
2020-07-09,US,Illinois,Iroquois,170,5,0,40.74717633,-87.82466784,17075.0,626.9823707309878,2.9411764705882355,165,168,5,0,163,167,27604,2,0,0,2,1
2020-07-09,US,Illinois,Jackson,345,19,0,37.78595185,-89.38232563,17077.0,607.9295154185023,5.507246376811594,326,343,19,0,324,340,57419,2,0,0,2,3
2020-07-09,US,Illinois,Jasper,47,7,0,39.01054275,-88.15437049,17079.0,489.0738813735692,14.893617021276595,40,47,7,0,40,47,9611,0,0,0,0,0
2020-07-09,US,Illinois,Jefferson,113,17,0,38.29980057,-88.9240025,17081.0,299.86201040229275,15.044247787610619,96,111,17,0,94,107,37820,2,0,0,2,4
2020-07-09,US,Illinois,Jersey,38,1,0,39.08869046,-90.35393073,17083.0,174.5280852431911,2.631578947368421,37,37,1,0,36,36,21847,1,0,0,1,1
2020-07-09,US,Illinois,Jo Daviess,49,1,0,42.36542373,-90.21094405,17085.0,230.75111843654344,2.0408163265306123,48,49,1,0,48,47,21366,0,0,0,0,2
2020-07-09,US,Illinois,Johnson,23,0,0,37.45939802,-88.88165419,17087.0,185.2299267133768,0.0,23,21,0,0,21,20,12456,2,0,0,2,1
2020-07-09,US,Illinois,Kane,7971,281,0,41.93842729,-88.42861412,17089.0,1497.174133128476,3.5252791368711587,7690,7949,280,0,7669,7909,534216,22,1,0,21,40
2020-07-09,US,Illinois,Kankakee,1344,65,0,41.13746989,-87.86205334,17091.0,1223.3529336804354,4.836309523809524,1279,1335,65,0,1270,1312,110024,9,0,0,9,23
2020-07-09,US,Illinois,Kendall,1024,23,0,41.59081014,-88.42869583,17093.0,793.8599891464455,2.24609375,1001,1011,22,0,989,1006,127915,13,1,0,12,5
2020-07-09,US,Illinois,Knox,152,0,0,40.93148779,-90.21330340000002,17095.0,305.84116380611283,0.0,152,149,0,0,149,149,50112,3,0,0,3,0
2020-07-09,US,Illinois,LaSalle,239,17,0,41.34426129999999,-88.88633881,17099.0,219.9339277990964,7.112970711297071,222,237,17,0,220,233,109430,2,0,0,2,4
2020-07-09,US,Illinois,Lake,10175,427,0,42.3224907,-88.00367925,17097.0,1460.8024004536746,4.196560196560196,9748,10104,427,0,9677,10039,700832,71,0,0,71,65
2020-07-09,US,Illinois,Lawrence,8,0,0,38.71987914,-87.72884035,17101.0,51.0269166985585,0.0,8,8,0,0,8,8,15765,0,0,0,0,0
2020-07-09,US,Illinois,Lee,104,2,0,41.74583951,-89.29977132,17103.0,305.02111684655085,1.9230769230769231,102,104,2,0,102,104,34223,0,0,0,0,0
2020-07-09,US,Illinois,Livingston,54,2,0,40.89188292,-88.55784752,17105.0,151.4811490125673,3.703703703703704,52,53,2,0,51,53,35761,1,0,0,1,0
2020-07-09,US,Illinois,Logan,18,0,0,40.12581572,-89.36638784,17107.0,62.89747711230694,0.0,18,18,0,0,18,18,28925,0,0,0,0,0
2020-07-09,US,Illinois,Macon,242,22,0,39.86064913,-88.96342505,17115.0,232.67217260044805,9.090909090909092,220,241,22,0,219,238,104712,1,0,0,1,3
2020-07-09,US,Illinois,Macoupin,62,3,0,39.26119767,-89.92424028,17117.0,138.00471887103234,4.838709677419356,59,61,3,0,58,60,45313,1,0,0,1,1
2020-07-09,US,Illinois,Madison,1095,70,0,38.83042506,-89.90422563,17119.0,416.4036415354077,6.392694063926941,1025,1077,70,0,1007,1054,264461,18,0,0,18,23
2020-07-09,US,Illinois,Marion,77,0,0,38.64963204,-88.91899208,17121.0,206.961429915334,0.0,77,73,0,0,73,70,37620,4,0,0,4,3
2020-07-09,US,Illinois,Marshall,12,0,0,41.0327901,-89.34510444,17123.0,104.91344640671446,0.0,12,12,0,0,12,12,11534,0,0,0,0,0
2020-07-09,US,Illinois,Mason,23,0,0,40.23917274,-89.91824452,17125.0,172.16857549217755,0.0,23,23,0,0,23,23,13565,0,0,0,0,0
2020-07-09,US,Illinois,Massac,15,0,0,37.22078441,-88.71036614,17127.0,108.91664246296837,0.0,15,15,0,0,15,15,14080,0,0,0,0,0
2020-07-09,US,Illinois,McDonough,103,15,0,40.45674722,-90.67775541,17109.0,347.0116568964356,14.563106796116505,88,104,15,0,89,102,29955,-1,0,0,-1,2
2020-07-09,US,Illinois,McHenry,2208,100,0,42.32451172,-88.45248227,17111.0,717.4095277703769,4.528985507246377,2108,2179,100,0,2079,2141,308570,29,0,0,29,38
2020-07-09,US,Illinois,McLean,301,15,0,40.48996987,-88.84621113,17113.0,175.4928082930555,4.983388704318936,286,292,14,0,278,289,172828,9,1,0,8,3
2020-07-09,US,Illinois,Menard,28,0,0,40.02742725,-89.80246001,17129.0,229.58346999016072,0.0,28,26,0,0,26,26,12288,2,0,0,2,0
2020-07-09,US,Illinois,Mercer,28,0,0,41.20596782,-90.74290052,17131.0,181.38239295199844,0.0,28,25,0,0,25,25,15601,3,0,0,3,0
2020-07-09,US,Illinois,Monroe,147,13,0,38.27594376,-90.17761038,17133.0,424.4016514132288,8.843537414965986,134,141,13,0,128,137,34335,6,0,0,6,4
2020-07-09,US,Illinois,Montgomery,64,1,0,39.23198845,-89.47809254,17135.0,225.24107834166256,1.5625,63,59,1,0,58,56,28601,5,0,0,5,3
2020-07-09,US,Illinois,Morgan,132,3,0,39.71654544,-90.20255104,17137.0,392.1801651910393,2.272727272727273,129,132,3,0,129,132,33976,0,0,0,0,0
2020-07-09,US,Illinois,Moultrie,19,0,0,39.64187451,-88.62099969,17139.0,131.0254465209296,0.0,19,19,0,0,19,19,14717,0,0,0,0,0
2020-07-09,US,Illinois,Ogle,283,4,0,42.04165196,-89.32184679,17141.0,558.8136563789665,1.413427561837456,279,279,4,0,275,278,50923,4,0,0,4,1
2020-07-09,US,Illinois,Out of IL,1,1,0,0.0,0.0,80017.0,0.0,100.0,0,1,0,0,1,,,0,1,0,-1,
2020-07-09,US,Illinois,Peoria,609,29,0,40.78702156,-89.76078901,17143.0,339.88358010704377,4.761904761904762,580,583,29,0,554,574,180621,26,0,0,26,9
2020-07-09,US,Illinois,Perry,60,1,0,38.08510853,-89.36856219,17145.0,286.8617326448652,1.6666666666666667,59,59,1,0,58,58,21174,1,0,0,1,1
2020-07-09,US,Illinois,Piatt,21,0,0,40.01360584,-88.59319339,17147.0,128.48751835535975,0.0,21,20,0,0,20,20,16396,1,0,0,1,0
2020-07-09,US,Illinois,Pike,5,0,0,39.62265059,-90.8877017,17149.0,32.1316110789795,0.0,5,5,0,0,5,4,15611,0,0,0,0,1
2020-07-09,US,Illinois,Pope,1,0,0,37.41391284,-88.56152109,17151.0,23.94062724443381,0.0,1,1,0,0,1,1,4212,0,0,0,0,0
2020-07-09,US,Illinois,Pulaski,79,0,0,37.22631423,-89.13085001,17153.0,1480.7872539831305,0.0,79,79,0,0,79,80,5463,0,0,0,0,-1
2020-07-09,US,Illinois,Putnam,1,0,0,41.2013541,-89.2869272,17155.0,17.424638438752392,0.0,1,1,0,0,1,1,5740,0,0,0,0,0
2020-07-09,US,Illinois,Randolph,292,7,0,38.05095369,-89.82512254,17157.0,918.7590460008812,2.3972602739726026,285,291,7,0,284,288,32106,1,0,0,1,3
2020-07-09,US,Illinois,Richland,8,0,0,38.71240969,-88.08475366,17159.0,51.569651260233364,0.0,8,7,0,0,7,7,15763,1,0,0,1,0
2020-07-09,US,Illinois,Rock Island,1107,30,0,41.46613806,-90.57042164,17161.0,780.2423191592836,2.710027100271003,1077,1094,30,0,1064,1073,143477,13,0,0,13,21
2020-07-09,US,Illinois,Saline,11,0,0,37.75332999,-88.54119706,17165.0,46.8264441701077,0.0,11,10,0,0,10,10,23906,1,0,0,1,0
2020-07-09,US,Illinois,Sangamon,493,33,0,39.75836914,-89.65872023,17167.0,253.2464863976329,6.693711967545638,460,473,33,0,440,462,195348,20,0,0,20,11
2020-07-09,US,Illinois,Schuyler,13,0,0,40.1571798,-90.61114163,17169.0,192.08037825059105,0.0,13,13,0,0,13,13,6907,0,0,0,0,0
2020-07-09,US,Illinois,Scott,1,0,0,39.6429169,-90.47814431,17171.0,20.197939810139367,0.0,1,1,0,0,1,1,4926,0,0,0,0,0
2020-07-09,US,Illinois,Shelby,20,1,0,39.39133527,-88.80611122,17173.0,92.44707405010631,5.0,19,19,1,0,18,19,21741,1,0,0,1,0
2020-07-09,US,Illinois,St. Clair,2128,144,0,38.46996033,-89.93063427,17163.0,819.4511833522023,6.7669172932330826,1984,2089,143,0,1946,2054,261059,39,1,0,38,35
2020-07-09,US,Illinois,Stark,6,0,0,41.09309773,-89.79745866,17175.0,112.31748408835642,0.0,6,6,0,0,6,6,5427,0,0,0,0,0
2020-07-09,US,Illinois,Stephenson,282,6,0,42.35129217,-89.662598,17177.0,633.7363477010202,2.127659574468085,276,280,6,0,274,280,44753,2,0,0,2,0
2020-07-09,US,Illinois,Tazewell,164,8,0,40.50716185,-89.51404662,17179.0,124.428123790809,4.878048780487805,156,158,8,0,150,154,132328,6,0,0,6,4
2020-07-09,US,Illinois,Unassigned,1170,210,0,0.0,0.0,90017.0,0.0,17.94871794871795,960,1170,210,0,960,1177,,0,0,0,0,-7
2020-07-09,US,Illinois,Union,196,19,0,37.47119609,-89.25548938,17181.0,1176.965111391341,9.693877551020408,177,195,19,0,176,195,16841,1,0,0,1,0
2020-07-09,US,Illinois,Vermilion,85,2,0,40.18417171,-87.73384359,17183.0,112.19937168351858,2.3529411764705883,83,82,2,0,80,79,76806,3,0,0,3,3
2020-07-09,US,Illinois,Wabash,23,0,0,38.44272901,-87.84922065,17185.0,199.65277777777766,0.0,23,23,0,0,23,23,11549,0,0,0,0,0
2020-07-09,US,Illinois,Warren,147,0,0,40.84925021,-90.6147432,17187.0,872.7143196390407,0.0,147,147,0,0,147,147,17032,0,0,0,0,0
2020-07-09,US,Illinois,Washington,25,0,0,38.35309213,-89.40982703,17189.0,180.02448332973285,0.0,25,25,0,0,25,24,13995,0,0,0,0,1
2020-07-09,US,Illinois,Wayne,15,1,0,38.42955355,-88.42586459,17191.0,92.50693802035153,6.666666666666668,14,15,1,0,14,15,16332,0,0,0,0,0
2020-07-09,US,Illinois,White,8,0,0,38.08706198,-88.17657461,17193.0,59.097288911871175,0.0,8,9,0,0,9,8,13665,-1,0,0,-1,1
2020-07-09,US,Illinois,Whiteside,203,15,0,41.75509713,-89.91556058,17195.0,367.920253738106,7.389162561576356,188,199,15,0,184,200,55626,4,0,0,4,-1
2020-07-09,US,Illinois,Will,7120,322,0,41.44619267,-87.97862712,17197.0,1030.7741084600207,4.522471910112358,6798,7061,322,0,6739,6996,692310,59,0,0,59,65
2020-07-09,US,Illinois,Williamson,139,4,0,37.73033511,-88.92994027,17199.0,208.7181104253945,2.8776978417266186,135,134,4,0,130,133,67056,5,0,0,5,1
2020-07-09,US,Illinois,Winnebago,3143,101,0,42.33641854,-89.16085327,17201.0,1112.2828871933523,3.213490295895641,3042,3131,101,0,3030,3118,284081,12,0,0,12,13
2020-07-09,US,Illinois,Woodford,41,2,0,40.78579374,-89.20973757,17203.0,106.60703606438022,4.878048780487805,39,39,2,0,37,37,38463,2,0,0,2,2
2020-07-09,US,Indiana,Adams,49,1,0,40.7457653,-84.93671406,18001.0,136.95949911954608,2.0408163265306123,48,49,1,0,48,50,35636,0,0,0,0,-1
2020-07-09,US,Indiana,Allen,2867,133,0,41.09194313,-85.06800636,18003.0,755.8680618720323,4.6389954656435295,2734,2835,133,0,2702,2815,375351,32,0,0,32,20
2020-07-09,US,Indiana,Bartholomew,592,45,0,39.20744865,-85.89558181,18005.0,706.6209909404504,7.601351351351353,547,591,45,0,546,589,82753,1,0,0,1,2
2020-07-09,US,Indiana,Benton,48,0,0,40.60626947,-87.31093999,18007.0,548.6968449931413,0.0,48,48,0,0,48,48,8653,0,0,0,0,0
2020-07-09,US,Indiana,Blackford,39,2,0,40.47388153,-85.32499702,18009.0,331.6890627657765,5.128205128205129,37,39,2,0,37,39,11930,0,0,0,0,0
2020-07-09,US,Indiana,Boone,459,44,0,40.0509304,-86.46841646,18011.0,676.5620624087968,9.586056644880175,415,454,43,0,411,449,66999,5,1,0,4,5
2020-07-09,US,Indiana,Brown,42,1,0,39.19605589,-86.22868909,18013.0,278.29313543599255,2.380952380952381,41,42,1,0,41,39,15234,0,0,0,0,3
2020-07-09,US,Indiana,Carroll,112,2,0,40.580783200000006,-86.56198812,18015.0,552.8952954534235,1.7857142857142858,110,110,2,0,108,110,20127,2,0,0,2,0
2020-07-09,US,Indiana,Cass,1643,9,0,40.76135835,-86.34830753,18017.0,4359.362148106875,0.5477784540474742,1634,1642,9,0,1633,1639,37955,1,0,0,1,3
2020-07-09,US,Indiana,Clark,671,44,0,38.48015445,-85.70510334,18019.0,567.1924396882555,6.557377049180328,627,668,44,0,624,660,117360,3,0,0,3,8
2020-07-09,US,Indiana,Clay,64,4,0,39.39561833,-87.11723506,18021.0,244.0419447092469,6.25,60,60,4,0,56,60,26170,4,0,0,4,0
2020-07-09,US,Indiana,Clinton,288,2,0,40.30319754,-86.47277257,18023.0,888.9163245779191,0.6944444444444444,286,290,2,0,288,289,32250,-2,0,0,-2,1
2020-07-09,US,Indiana,Crawford,32,0,0,38.28814402,-86.44518825,18025.0,302.54325423087835,0.0,32,32,0,0,32,32,10558,0,0,0,0,0
2020-07-09,US,Indiana,Daviess,150,17,0,38.70186039,-87.07185406,18027.0,449.76162633804086,11.333333333333336,133,148,17,0,131,147,33147,2,0,0,2,1
2020-07-09,US,Indiana,DeKalb,163,4,0,41.39804622,-84.99906934,18033.0,374.9281196089708,2.4539877300613497,159,163,4,0,159,163,43226,0,0,0,0,0
2020-07-09,US,Indiana,Dearborn,247,23,0,39.14647946,-84.97333539,18029.0,499.41364389987467,9.31174089068826,224,238,23,0,215,233,49568,9,0,0,9,5
2020-07-09,US,Indiana,Decatur,255,32,0,39.30712658,-85.50087166,18031.0,960.1265107873036,12.549019607843134,223,254,32,0,222,255,26794,1,0,0,1,-1
2020-07-09,US,Indiana,Delaware,460,52,0,40.22787247,-85.39732772,18035.0,403.0314977877076,11.304347826086955,408,452,52,0,400,450,114772,8,0,0,8,2
2020-07-09,US,Indiana,Dubois,290,6,0,38.36597551,-86.87924170000002,18037.0,678.5847997004868,2.0689655172413794,284,288,6,0,282,283,42565,2,0,0,2,5
2020-07-09,US,Indiana,Elkhart,3432,57,0,41.59761169,-85.85875695,18039.0,1663.2661468152235,1.6608391608391608,3375,3402,55,0,3347,3320,205560,30,2,0,28,82
2020-07-09,US,Indiana,Fayette,103,7,0,39.63684962,-85.17797541,18041.0,445.84884425590866,6.7961165048543695,96,103,7,0,96,101,23047,0,0,0,0,2
2020-07-09,US,Indiana,Floyd,391,44,0,38.32117957,-85.90385377,18043.0,497.9496192149971,11.253196930946293,347,384,44,0,340,382,77781,7,0,0,7,2
2020-07-09,US,Indiana,Fountain,33,2,0,40.12361933,-87.24217689,18045.0,201.88425302826386,6.0606060606060606,31,32,2,0,30,32,16351,1,0,0,1,0
2020-07-09,US,Indiana,Franklin,127,8,0,39.4142482,-85.06062647,18047.0,558.0455224536427,6.299212598425197,119,126,8,0,118,126,22736,1,0,0,1,0
2020-07-09,US,Indiana,Fulton,73,1,0,41.0469907,-86.26252745,18049.0,365.4751176529488,1.3698630136986298,72,72,1,0,71,71,20092,1,0,0,1,1
2020-07-09,US,Indiana,Gibson,103,2,0,38.30393723,-87.58054938,18051.0,306.01027956861464,1.9417475728155342,101,98,2,0,96,87,33452,5,0,0,5,11
2020-07-09,US,Indiana,Grant,302,26,0,40.51587228,-85.65468702,18053.0,459.1828977177698,8.609271523178807,276,296,26,0,270,295,65936,6,0,0,6,1
2020-07-09,US,Indiana,Greene,191,32,0,39.03630547,-86.96223202,18055.0,598.3334377545267,16.75392670157068,159,190,32,0,158,190,32006,1,0,0,1,0
2020-07-09,US,Indiana,Hamilton,1629,101,0,40.07306535,-86.05244729,18057.0,481.9369783823603,6.200122774708411,1528,1608,101,0,1507,1596,330086,21,0,0,21,12
2020-07-09,US,Indiana,Hancock,457,36,0,39.82304555,-85.77566351,18059.0,584.6382151263945,7.87746170678337,421,452,36,0,416,449,76351,5,0,0,5,3
2020-07-09,US,Indiana,Harrison,217,22,0,38.19467379,-86.10948271,18061.0,535.6040972479328,10.138248847926267,195,216,22,0,194,216,40350,1,0,0,1,0
2020-07-09,US,Indiana,Hendricks,1439,100,0,39.76719009,-86.51037283,18063.0,844.9248727328239,6.949270326615705,1339,1425,100,0,1325,1414,167009,14,0,0,14,11
2020-07-09,US,Indiana,Henry,293,16,0,39.93029017,-85.39625719,18065.0,610.772950888018,5.460750853242321,277,282,16,0,266,280,48271,11,0,0,11,2
2020-07-09,US,Indiana,Howard,582,58,0,40.48527731,-86.11351892,18067.0,705.0785035859661,9.965635738831617,524,580,58,0,522,580,82366,2,0,0,2,0
2020-07-09,US,Indiana,Huntington,82,2,0,40.82907273,-85.48822092,18069.0,224.53450164293537,2.4390243902439024,80,78,2,0,76,78,36240,4,0,0,4,0
2020-07-09,US,Indiana,Jackson,477,3,0,38.90915820000001,-86.03851889,18071.0,1078.4291560217946,0.6289308176100629,474,473,3,0,470,472,44111,4,0,0,4,1
2020-07-09,US,Indiana,Jasper,125,2,0,41.02078733,-87.11553319,18073.0,372.44502711399804,1.6,123,123,2,0,121,121,33370,2,0,0,2,2
2020-07-09,US,Indiana,Jay,68,0,0,40.43781032,-85.00576229,18075.0,332.7461342728518,0.0,68,68,0,0,68,68,20764,0,0,0,0,0
2020-07-09,US,Indiana,Jefferson,78,2,0,38.78576239,-85.43633383,18077.0,241.42627213074158,2.5641025641025643,76,76,2,0,74,72,32208,2,0,0,2,4
2020-07-09,US,Indiana,Jennings,179,12,0,38.99588883,-85.62710784,18079.0,645.3939066161889,6.70391061452514,167,177,12,0,165,176,27611,2,0,0,2,1
2020-07-09,US,Indiana,Johnson,1306,118,0,39.48994426,-86.10149107,18081.0,825.7095348587253,9.03522205206738,1188,1296,118,0,1178,1288,156225,10,0,0,10,8
2020-07-09,US,Indiana,Knox,65,0,0,38.68861576,-87.4194665,18083.0,177.62474722632126,0.0,65,64,0,0,64,64,36895,1,0,0,1,0
2020-07-09,US,Indiana,Kosciusko,565,4,0,41.24521668,-85.86312322,18085.0,711.0853805879982,0.7079646017699115,561,562,4,0,558,556,79344,3,0,0,3,6
2020-07-09,US,Indiana,LaGrange,482,9,0,41.64232188,-85.42674232,18087.0,1216.74155601555,1.867219917012448,473,477,9,0,468,471,39330,5,0,0,5,6
2020-07-09,US,Indiana,LaPorte,597,27,0,41.54366008,-86.74072188,18091.0,543.2804309842749,4.522613065326633,570,583,26,0,557,579,110007,14,1,0,13,4
2020-07-09,US,Indiana,Lake,5337,247,0,41.41874274,-87.38277575,18089.0,1099.2949434904317,4.628068203110361,5090,5276,246,0,5030,5212,484411,61,1,0,60,64
2020-07-09,US,Indiana,Lawrence,251,25,0,38.84112637,-86.48361629,18093.0,553.229005951069,9.9601593625498,226,248,25,0,223,246,45668,3,0,0,3,2
2020-07-09,US,Indiana,Madison,668,64,0,40.16143691,-85.71964711,18095.0,515.5554183485248,9.580838323353293,604,667,64,0,603,663,129641,1,0,0,1,4
2020-07-09,US,Indiana,Marion,11812,690,0,39.78163624,-86.13826325,18097.0,1224.5718870972096,5.841517101252962,11122,11760,689,0,11071,11723,954670,52,1,0,51,37
2020-07-09,US,Indiana,Marshall,521,7,0,41.32467367,-86.26185087,18099.0,1126.2916684681568,1.343570057581574,514,501,6,0,495,492,46248,20,1,0,19,9
2020-07-09,US,Indiana,Martin,22,0,0,38.7099921,-86.80373186,18101.0,214.5294978059483,0.0,22,22,0,0,22,23,10217,0,0,0,0,-1
2020-07-09,US,Indiana,Miami,189,2,0,40.76940965,-86.04525048,18103.0,532.1545219056201,1.058201058201058,187,186,2,0,184,184,35567,3,0,0,3,2
2020-07-09,US,Indiana,Monroe,315,28,0,39.16130004,-86.52414358,18105.0,212.21981930998246,8.888888888888891,287,309,28,0,281,301,146917,6,0,0,6,8
2020-07-09,US,Indiana,Montgomery,297,20,0,40.04034823,-86.89335024,18107.0,774.6882988157962,6.7340067340067336,277,297,20,0,277,297,38346,0,0,0,0,0
2020-07-09,US,Indiana,Morgan,328,31,0,39.47899078,-86.44573375,18109.0,465.32083020045684,9.451219512195124,297,327,31,0,296,329,70116,1,0,0,1,-2
2020-07-09,US,Indiana,Newton,99,10,0,40.95610449,-87.39635768,18111.0,707.9519450800916,10.1010101010101,89,99,10,0,89,99,14011,0,0,0,0,0
2020-07-09,US,Indiana,Noble,491,28,0,41.39672484,-85.41966713,18113.0,1028.4014745308314,5.7026476578411405,463,485,28,0,457,484,47532,6,0,0,6,1
2020-07-09,US,Indiana,Ohio,21,0,0,38.955304999999996,-84.96515993,18115.0,357.4468085106383,0.0,21,18,0,0,18,17,5844,3,0,0,3,1
2020-07-09,US,Indiana,Orange,136,23,0,38.54118920000001,-86.49523093,18117.0,692.2528759034918,16.911764705882348,113,136,23,0,113,135,19489,0,0,0,0,1
2020-07-09,US,Indiana,Owen,51,1,0,39.31145587,-86.83900724,18119.0,245.2040963507861,1.96078431372549,50,50,1,0,49,49,20845,1,0,0,1,1
2020-07-09,US,Indiana,Parke,24,0,0,39.77202286,-87.20375833,18121.0,141.70160004723385,0.0,24,24,0,0,24,23,16927,0,0,0,0,1
2020-07-09,US,Indiana,Perry,140,9,0,38.07809328,-86.63741946,18123.0,730.3458709374513,6.428571428571429,131,135,9,0,126,135,19102,5,0,0,5,0
2020-07-09,US,Indiana,Pike,11,0,0,38.40112197,-87.23574907,18125.0,88.78844135927031,0.0,11,11,0,0,11,11,12410,0,0,0,0,0
2020-07-09,US,Indiana,Porter,780,38,0,41.45986947,-87.06848888,18127.0,457.7760301427909,4.871794871794871,742,767,38,0,729,736,169594,13,0,0,13,31
2020-07-09,US,Indiana,Posey,49,0,0,38.02097333,-87.86480429,18129.0,192.70853816808904,0.0,49,45,0,0,45,44,25540,4,0,0,4,1
2020-07-09,US,Indiana,Pulaski,66,1,0,41.04166107,-86.69890683,18131.0,534.2831700801423,1.5151515151515151,65,66,1,0,65,66,12469,0,0,0,0,0
2020-07-09,US,Indiana,Putnam,170,8,0,39.66437981,-86.84517605,18133.0,452.41643602299337,4.705882352941177,162,170,8,0,162,170,37779,0,0,0,0,0
2020-07-09,US,Indiana,Randolph,80,4,0,40.15734772,-85.01139319,18135.0,324.3462396107845,5.0,76,80,4,0,76,80,24851,0,0,0,0,0
2020-07-09,US,Indiana,Ripley,124,7,0,39.10235626,-85.26212744,18137.0,437.7912724191498,5.645161290322582,117,124,7,0,117,122,28523,0,0,0,0,2
2020-07-09,US,Indiana,Rush,60,3,0,39.62002287,-85.4655599,18139.0,361.85996019540437,5.0,57,58,3,0,55,58,16663,2,0,0,2,0
2020-07-09,US,Indiana,Scott,162,8,0,38.68672078,-85.74627859,18143.0,678.5908767226574,4.938271604938271,154,162,8,0,154,162,23878,0,0,0,0,0
2020-07-09,US,Indiana,Shelby,434,25,0,39.52305623,-85.79158570000001,18145.0,970.2877327908068,5.76036866359447,409,431,25,0,406,430,44593,3,0,0,3,1
2020-07-09,US,Indiana,Spencer,46,1,0,38.01519732,-87.0079644,18147.0,226.8580164718647,2.1739130434782608,45,44,1,0,43,41,20327,2,0,0,2,3
2020-07-09,US,Indiana,St. Joseph,2025,69,0,41.61756781,-86.29040834,18141.0,744.9618505956016,3.4074074074074074,1956,2001,69,0,1932,1981,270771,24,0,0,24,20
2020-07-09,US,Indiana,Starke,96,3,0,41.27890281,-86.64686895,18149.0,417.4820613176777,3.125,93,94,3,0,91,93,22935,2,0,0,2,1
2020-07-09,US,Indiana,Steuben,133,2,0,41.64423868,-85.00101094,18151.0,384.45973290165927,1.5037593984962403,131,130,2,0,128,130,34586,3,0,0,3,0
2020-07-09,US,Indiana,Sullivan,45,1,0,39.08952258,-87.41414469,18153.0,217.7173544922348,2.2222222222222223,44,45,1,0,44,45,20690,0,0,0,0,0
2020-07-09,US,Indiana,Switzerland,28,0,0,38.82767338,-85.03022429,18155.0,260.44088921960747,0.0,28,28,0,0,28,27,10717,0,0,0,0,1
2020-07-09,US,Indiana,Tippecanoe,743,9,0,40.38872739,-86.89413959,18157.0,379.60067847873626,1.2113055181695829,734,735,9,0,726,727,193048,8,0,0,8,8
2020-07-09,US,Indiana,Tipton,31,1,0,40.31123252,-86.05234925,18159.0,204.64747821494583,3.2258064516129035,30,31,1,0,30,31,15128,0,0,0,0,0
2020-07-09,US,Indiana,Unassigned,0,193,0,0.0,0.0,90018.0,0.0,0.0,-193,0,193,0,-193,0,,0,0,0,0,0
2020-07-09,US,Indiana,Union,13,0,0,39.62550777,-84.92497066,18161.0,184.2925999432946,0.0,13,13,0,0,13,13,7037,0,0,0,0,0
2020-07-09,US,Indiana,Vanderburgh,629,6,0,38.02658833,-87.58763124,18163.0,346.6500597957576,0.9538950715421304,623,587,6,0,581,570,180974,42,0,0,42,17
2020-07-09,US,Indiana,Vermillion,17,0,0,39.8523352,-87.46160542,18165.0,109.69157310620726,0.0,17,14,0,0,14,14,15479,3,0,0,3,0
2020-07-09,US,Indiana,Vigo,240,8,0,39.42944561,-87.39169027,18167.0,224.21943608811824,3.333333333333333,232,238,8,0,230,236,107386,2,0,0,2,2
2020-07-09,US,Indiana,Wabash,115,2,0,40.84704239,-85.79328272,18169.0,371.0156149180538,1.7391304347826086,113,114,2,0,112,113,31280,1,0,0,1,1
2020-07-09,US,Indiana,Warren,15,1,0,40.34728141,-87.35602659,18171.0,181.48820326678765,6.666666666666668,14,14,1,0,13,14,8263,1,0,0,1,0
2020-07-09,US,Indiana,Warrick,232,29,0,38.08922676,-87.2716085,18173.0,368.26565922727707,12.5,203,227,29,0,198,221,62567,5,0,0,5,6
2020-07-09,US,Indiana,Washington,67,1,0,38.60219804,-86.1049363,18175.0,238.9784562705093,1.492537313432836,66,67,1,0,66,67,27943,0,0,0,0,0
2020-07-09,US,Indiana,Wayne,149,6,0,39.863344399999995,-85.01044989,18177.0,226.15506040920403,4.026845637583893,143,143,6,0,137,142,65936,6,0,0,6,1
2020-07-09,US,Indiana,Wells,79,1,0,40.72934187,-85.22132966,18179.0,279.1914051456036,1.2658227848101269,78,75,1,0,74,75,28206,4,0,0,4,0
2020-07-09,US,Indiana,White,268,10,0,40.74911165,-86.86492015,18181.0,1111.9409177661605,3.7313432835820897,258,266,10,0,256,265,24133,2,0,0,2,1
2020-07-09,US,Indiana,Whitley,99,5,0,41.13863784,-85.50791236,18183.0,291.48510187257097,5.05050505050505,94,97,5,0,92,96,34074,2,0,0,2,1
2020-07-09,US,Iowa,Adair,16,0,0,41.33075609,-94.47105874,19001.0,223.71364653243847,0.0,16,17,0,0,17,16,7063,-1,0,0,-1,1
2020-07-09,US,Iowa,Adams,8,0,0,41.02903567,-94.69932645,19003.0,222.0988339811216,0.0,8,8,0,0,8,8,3645,0,0,0,0,0
2020-07-09,US,Iowa,Allamakee,135,4,0,43.28383218,-91.37860922,19005.0,986.3374004529846,2.962962962962963,131,135,4,0,131,133,13832,0,0,0,0,2
2020-07-09,US,Iowa,Appanoose,21,3,0,40.74324454,-92.86865906,19007.0,169.00048285852245,14.285714285714285,18,21,3,0,18,21,12437,0,0,0,0,0
2020-07-09,US,Iowa,Audubon,16,1,0,41.6844628,-94.90581859,19009.0,291.12081513828235,6.25,15,16,1,0,15,16,5506,0,0,0,0,0
2020-07-09,US,Iowa,Benton,72,1,0,42.08011739,-92.06463573,19011.0,280.7564827451745,1.3888888888888888,71,69,1,0,68,68,25642,3,0,0,3,1
2020-07-09,US,Iowa,Black Hawk,2397,59,0,42.4704581,-92.30524729,19013.0,1826.5918858780133,2.461410095953275,2338,2355,58,0,2297,2323,132408,42,1,0,41,32
2020-07-09,US,Iowa,Boone,160,1,0,42.03657094,-93.9313999,19015.0,609.8955553861401,0.625,159,157,1,0,156,150,26346,3,0,0,3,7
2020-07-09,US,Iowa,Bremer,102,7,0,42.77461496,-92.31795937,19017.0,406.9906631553746,6.862745098039214,95,98,7,0,91,95,24947,4,0,0,4,3
2020-07-09,US,Iowa,Buchanan,61,1,0,42.4709188,-91.83510825,19019.0,288.07556080283354,1.639344262295082,60,60,1,0,59,60,21199,1,0,0,1,0
2020-07-09,US,Iowa,Buena Vista,1727,11,0,42.73545875,-95.15100162,19021.0,8802.24260958206,0.6369426751592356,1716,1724,11,0,1713,1719,19874,3,0,0,3,5
2020-07-09,US,Iowa,Butler,60,2,0,42.73172833,-92.79015971,19023.0,415.541242468315,3.333333333333333,58,60,2,0,58,59,14539,0,0,0,0,1
2020-07-09,US,Iowa,Calhoun,58,2,0,42.38521079,-94.64046046,19025.0,599.9172527927183,3.4482758620689653,56,55,2,0,53,54,9699,3,0,0,3,1
2020-07-09,US,Iowa,Carroll,104,1,0,42.03617207,-94.86032705,19027.0,515.7451029010662,0.9615384615384616,103,104,1,0,103,99,20154,0,0,0,0,5
2020-07-09,US,Iowa,Cass,27,0,0,41.33149454,-94.92792482,19029.0,210.34590215020256,0.0,27,24,0,0,24,24,12930,3,0,0,3,0
2020-07-09,US,Iowa,Cedar,85,1,0,41.77233777,-91.13246684,19031.0,456.3268373865894,1.1764705882352942,84,85,1,0,84,85,18627,0,0,0,0,0
2020-07-09,US,Iowa,Cerro Gordo,223,1,0,43.08177563,-93.2612239,19033.0,525.3239104829212,0.4484304932735426,222,201,1,0,200,190,42647,22,0,0,22,11
2020-07-09,US,Iowa,Cherokee,81,1,0,42.73538914,-95.62389402,19035.0,720.9612817089453,1.2345679012345678,80,79,1,0,78,76,11321,2,0,0,2,3
2020-07-09,US,Iowa,Chickasaw,29,0,0,43.06001295,-92.31773347,19037.0,243.0235481438029,0.0,29,29,0,0,29,29,11964,0,0,0,0,0
2020-07-09,US,Iowa,Clarke,140,3,0,41.02868181,-93.78499767,19039.0,1490.154337413518,2.142857142857143,137,134,3,0,131,133,9423,6,0,0,6,1
2020-07-09,US,Iowa,Clay,143,1,0,43.08247182,-95.15096481,19041.0,892.8571428571429,0.6993006993006993,142,142,1,0,141,137,16134,1,0,0,1,5
2020-07-09,US,Iowa,Clayton,47,3,0,42.84443388,-91.34133693,19043.0,267.8215282922104,6.382978723404255,44,46,3,0,43,44,17556,1,0,0,1,2
2020-07-09,US,Iowa,Clinton,121,1,0,41.89981633,-90.53275096,19045.0,260.6129789571173,0.8264462809917356,120,115,1,0,114,113,46518,6,0,0,6,2
2020-07-09,US,Iowa,Crawford,679,3,0,42.03718237,-95.3819718,19047.0,4036.860879904874,0.4418262150220913,676,679,3,0,676,678,17158,0,0,0,0,1
2020-07-09,US,Iowa,Dallas,1330,31,0,41.68560356,-94.04127625,19049.0,1423.1752859726278,2.3308270676691736,1299,1298,29,0,1269,1291,90180,32,2,0,30,7
2020-07-09,US,Iowa,Davis,42,1,0,40.74773536,-92.41005468,19051.0,466.66666666666674,2.380952380952381,41,42,1,0,41,41,9017,0,0,0,0,1
2020-07-09,US,Iowa,Decatur,12,0,0,40.73742757,-93.78645949,19053.0,152.4777636594663,0.0,12,12,0,0,12,12,7890,0,0,0,0,0
2020-07-09,US,Iowa,Delaware,54,1,0,42.47104597,-91.3664492,19055.0,317.44165539944737,1.851851851851852,53,53,1,0,52,51,17069,1,0,0,1,2
2020-07-09,US,Iowa,Des Moines,95,2,0,40.92012606,-91.18326592,19057.0,243.79603254035462,2.1052631578947367,93,94,2,0,92,91,39138,1,0,0,1,3
2020-07-09,US,Iowa,Dickinson,285,3,0,43.37787725,-95.1510206,19059.0,1651.4080426468884,1.0526315789473684,282,282,3,0,279,266,17153,3,0,0,3,16
2020-07-09,US,Iowa,Dubuque,834,22,0,42.46815349,-90.88181925,19061.0,857.0459660264513,2.6378896882494005,812,771,22,0,749,742,96854,63,0,0,63,29
2020-07-09,US,Iowa,Emmet,92,0,0,43.37782951,-94.67858943,19063.0,999.131190269331,0.0,92,91,0,0,91,87,9253,1,0,0,1,4
2020-07-09,US,Iowa,Fayette,54,0,0,42.86271799,-91.8441231,19065.0,274.80916030534354,0.0,54,52,0,0,52,50,19660,2,0,0,2,2
2020-07-09,US,Iowa,Floyd,74,2,0,43.06000529999999,-92.78940097,19067.0,473.0852832118655,2.702702702702702,72,74,2,0,72,73,15761,0,0,0,0,1
2020-07-09,US,Iowa,Franklin,99,0,0,42.73270384,-93.26256925,19069.0,983.1181727904668,0.0,99,98,0,0,98,95,10124,1,0,0,1,3
2020-07-09,US,Iowa,Fremont,8,0,0,40.74542720000001,-95.60129045,19071.0,114.94252873563221,0.0,8,8,0,0,8,8,6993,0,0,0,0,0
2020-07-09,US,Iowa,Greene,29,0,0,42.03614551,-94.39658081,19073.0,326.2826282628264,0.0,29,29,0,0,29,29,8981,0,0,0,0,0
2020-07-09,US,Iowa,Grundy,42,0,0,42.40183723,-92.78829551,19075.0,343.36167429692614,0.0,42,40,0,0,40,40,12304,2,0,0,2,0
2020-07-09,US,Iowa,Guthrie,72,4,0,41.68378965,-94.50111014,19077.0,673.5896716250351,5.5555555555555545,68,69,4,0,65,68,10720,3,0,0,3,1
2020-07-09,US,Iowa,Hamilton,193,1,0,42.38382428,-93.70197703,19079.0,1306.4374196168685,0.5181347150259067,192,192,1,0,191,189,14952,1,0,0,1,3
2020-07-09,US,Iowa,Hancock,57,1,0,43.08178477,-93.73454884,19081.0,536.2182502351834,1.7543859649122806,56,54,1,0,53,55,10712,3,0,0,3,-1
2020-07-09,US,Iowa,Hardin,88,0,0,42.38353877,-93.23654611,19083.0,522.3791998100438,0.0,88,83,0,0,83,81,16868,5,0,0,5,2
2020-07-09,US,Iowa,Harrison,56,0,0,41.68330137,-95.81558439,19085.0,398.6048829098157,0.0,56,54,0,0,54,54,14134,2,0,0,2,0
2020-07-09,US,Iowa,Henry,90,3,0,40.98767962,-91.54436349,19087.0,451.0373859877719,3.333333333333333,87,88,3,0,85,86,20067,2,0,0,2,2
2020-07-09,US,Iowa,Howard,37,0,0,43.35671042,-92.31702714,19089.0,404.01834461672854,0.0,37,37,0,0,37,34,9187,0,0,0,0,3
2020-07-09,US,Iowa,Humboldt,59,1,0,42.7764426,-94.20722537,19091.0,617.2839506172841,1.6949152542372878,58,57,1,0,56,55,9547,2,0,0,2,2
2020-07-09,US,Iowa,Ida,23,0,0,42.38696136,-95.51355387,19093.0,335.2769679300292,0.0,23,23,0,0,23,23,6841,0,0,0,0,0
2020-07-09,US,Iowa,Iowa,62,1,0,41.68630265,-92.0643373,19095.0,383.09441423628283,1.6129032258064515,61,61,1,0,60,53,16141,1,0,0,1,8
2020-07-09,US,Iowa,Jackson,48,0,0,42.17178824,-90.57354837,19097.0,246.92628221616337,0.0,48,37,0,0,37,34,19432,11,0,0,11,3
2020-07-09,US,Iowa,Jasper,332,17,0,41.68576082,-93.05567785,19099.0,892.8331316391017,5.120481927710842,315,329,17,0,312,325,37147,3,0,0,3,4
2020-07-09,US,Iowa,Jefferson,62,0,0,41.03192394,-91.94849466,19101.0,338.89040721508616,0.0,62,62,0,0,62,62,18381,0,0,0,0,0
2020-07-09,US,Iowa,Johnson,1384,8,0,41.67169354,-91.58754744,19103.0,915.7072912531427,0.5780346820809249,1376,1363,8,0,1355,1340,151260,21,0,0,21,23
2020-07-09,US,Iowa,Jones,68,0,0,42.12118609,-91.13139641,19105.0,328.8042164305401,0.0,68,65,0,0,65,64,20744,3,0,0,3,1
2020-07-09,US,Iowa,Keokuk,20,1,0,41.33649833,-92.1785067,19107.0,195.19812609798947,5.0,19,20,1,0,19,21,10225,0,0,0,0,-1
2020-07-09,US,Iowa,Kossuth,39,0,0,43.20405458,-94.20691791,19109.0,263.28225207587934,0.0,39,37,0,0,37,36,14908,2,0,0,2,1
2020-07-09,US,Iowa,Lee,54,2,0,40.64181461,-91.48183025,19111.0,160.44210713967374,3.703703703703704,52,54,2,0,52,54,34055,0,0,0,0,0
2020-07-09,US,Iowa,Linn,1341,83,0,42.07923082,-91.59809485,19113.0,591.5150018085097,6.1894108873974645,1258,1323,82,0,1241,1304,225909,18,1,0,17,19
2020-07-09,US,Iowa,Louisa,363,13,0,41.21842119,-91.26102611,19115.0,3289.533303126416,3.5812672176308538,350,363,13,0,350,363,11169,0,0,0,0,0
2020-07-09,US,Iowa,Lucas,32,4,0,41.02958964,-93.32780803,19117.0,372.0930232558139,12.5,28,31,4,0,27,31,8645,1,0,0,1,0
2020-07-09,US,Iowa,Lyon,48,0,0,43.38107862,-96.20926845,19119.0,408.3368779242875,0.0,48,47,0,0,47,45,11811,1,0,0,1,2
2020-07-09,US,Iowa,Madison,51,2,0,41.33081904,-94.01554631,19121.0,312.15571061329416,3.92156862745098,49,49,2,0,47,48,16249,2,0,0,2,1
2020-07-09,US,Iowa,Mahaska,118,17,0,41.33521503,-92.64083907,19123.0,534.0574790676624,14.406779661016948,101,118,17,0,101,117,22000,0,0,0,0,1
2020-07-09,US,Iowa,Marion,75,0,0,41.33445101,-93.09934783,19125.0,225.5435599795507,0.0,75,74,0,0,74,71,33407,1,0,0,1,3
2020-07-09,US,Iowa,Marshall,1068,19,0,42.03586837,-92.9990819,19127.0,2712.7943305646577,1.7790262172284643,1049,1063,19,0,1044,1060,39981,5,0,0,5,3
2020-07-09,US,Iowa,Mills,46,0,0,41.03299766,-95.61920963,19129.0,304.4542987623272,0.0,46,43,0,0,43,39,15063,3,0,0,3,4
2020-07-09,US,Iowa,Mitchell,43,0,0,43.35638371,-92.78887719,19131.0,406.19686378235406,0.0,43,41,0,0,41,41,10569,2,0,0,2,0
2020-07-09,US,Iowa,Monona,77,0,0,42.05220391,-95.95743843,19133.0,893.7899013348807,0.0,77,77,0,0,77,77,8679,0,0,0,0,0
2020-07-09,US,Iowa,Monroe,51,7,0,41.02988815,-92.8690667,19135.0,661.7360840794082,13.725490196078429,44,51,7,0,44,51,7790,0,0,0,0,0
2020-07-09,US,Iowa,Montgomery,11,2,0,41.03018714,-95.15642896,19137.0,110.92064132298073,18.181818181818183,9,10,2,0,8,10,10003,1,0,0,1,0
2020-07-09,US,Iowa,Muscatine,683,44,0,41.48370744,-91.1121697,19139.0,1600.8813050815675,6.442166910688139,639,675,44,0,631,649,42929,8,0,0,8,26
2020-07-09,US,Iowa,O'Brien,92,1,0,43.08310673,-95.62474482,19141.0,668.9449574638261,1.0869565217391304,91,91,1,0,90,89,13840,1,0,0,1,2
2020-07-09,US,Iowa,Osceola,64,0,0,43.37824276,-95.62422844,19143.0,1074.1859684457872,0.0,64,64,0,0,64,62,6040,0,0,0,0,2
2020-07-09,US,Iowa,Page,20,0,0,40.7393172,-95.1497813,19145.0,132.38895876083936,0.0,20,20,0,0,20,20,15249,0,0,0,0,0
2020-07-09,US,Iowa,Palo Alto,46,0,0,43.08193849,-94.67824621,19147.0,517.6682421787079,0.0,46,42,0,0,42,41,8929,4,0,0,4,1
2020-07-09,US,Iowa,Plymouth,336,5,0,42.737633,-96.21366621,19149.0,1334.5513762561068,1.488095238095238,331,327,5,0,322,324,25095,9,0,0,9,3
2020-07-09,US,Iowa,Pocahontas,104,1,0,42.73420133,-94.67862564,19151.0,1571.2343254268014,0.9615384615384616,103,101,1,0,100,98,6740,3,0,0,3,3
2020-07-09,US,Iowa,Polk,6990,182,0,41.68679484,-93.57767461,19153.0,1426.0620490002264,2.603719599427754,6808,6827,181,0,6646,6739,487204,163,1,0,162,88
2020-07-09,US,Iowa,Pottawattamie,780,12,0,41.33640314,-95.53907776,19155.0,836.8559963950819,1.5384615384615383,768,758,12,0,746,745,93533,22,0,0,22,13
2020-07-09,US,Iowa,Poweshiek,108,8,0,41.68625425,-92.53155731,19157.0,583.6575875486383,7.407407407407407,100,107,8,0,99,107,18699,1,0,0,1,0
2020-07-09,US,Iowa,Ringgold,15,1,0,40.73518949,-94.24368535,19159.0,306.49775234981615,6.666666666666668,14,15,0,0,15,15,4968,0,1,0,-1,0
2020-07-09,US,Iowa,Sac,65,0,0,42.38624071,-95.10547892,19161.0,668.6554881185064,0.0,65,64,0,0,64,64,9719,1,0,0,1,0
2020-07-09,US,Iowa,Scott,926,10,0,41.63935978,-90.61959493,19163.0,535.4365311114067,1.079913606911447,916,883,10,0,873,845,173283,43,0,0,43,38
2020-07-09,US,Iowa,Shelby,118,0,0,41.6850066,-95.31015553,19165.0,1030.2077876724288,0.0,118,117,0,0,117,117,11578,1,0,0,1,0
2020-07-09,US,Iowa,Sioux,493,0,0,43.08221074,-96.1767568,19167.0,1414.4312150337112,0.0,493,488,0,0,488,481,34909,5,0,0,5,7
2020-07-09,US,Iowa,Story,825,4,0,42.03621213,-93.46499005,19169.0,849.490820350711,0.4848484848484849,821,819,4,0,815,806,98105,6,0,0,6,13
2020-07-09,US,Iowa,Tama,478,29,0,42.07991767,-92.53266945,19171.0,2836.121988845378,6.066945606694561,449,473,29,0,444,468,16904,5,0,0,5,5
2020-07-09,US,Iowa,Taylor,81,0,0,40.73710579,-94.69778563,19173.0,1323.313184120242,0.0,81,81,0,0,81,80,6191,0,0,0,0,1
2020-07-09,US,Iowa,Unassigned,22,0,0,0.0,0.0,90019.0,0.0,0.0,22,20,0,0,20,16,,2,0,0,2,4
2020-07-09,US,Iowa,Union,37,0,0,41.0277278,-94.24234847,19175.0,302.2628870190344,0.0,37,36,0,0,36,34,12359,1,0,0,1,2
2020-07-09,US,Iowa,Van Buren,21,0,0,40.75326764,-91.95017958,19177.0,298.12606473594553,0.0,21,21,0,0,21,21,7020,0,0,0,0,0
2020-07-09,US,Iowa,Wapello,712,31,0,41.03064984,-92.40954728,19179.0,2036.0891074952106,4.353932584269663,681,712,31,0,681,708,35205,0,0,0,0,4
2020-07-09,US,Iowa,Warren,300,1,0,41.33559454,-93.56007641,19181.0,582.9091050402208,0.3333333333333333,299,297,1,0,296,291,51056,3,0,0,3,6
2020-07-09,US,Iowa,Washington,248,9,0,41.33577126,-91.71725711,19183.0,1129.0689733667198,3.629032258064516,239,247,9,0,238,245,22141,1,0,0,1,2
2020-07-09,US,Iowa,Wayne,10,0,0,40.73969028,-93.32752197,19185.0,155.2553951249806,0.0,10,10,0,0,10,10,6401,0,0,0,0,0
2020-07-09,US,Iowa,Webster,284,4,0,42.42853483,-94.17987389,19187.0,790.9982174688057,1.4084507042253518,280,252,4,0,248,248,36277,32,0,0,32,4
2020-07-09,US,Iowa,Winnebago,31,0,0,43.37751174,-93.73407298,19189.0,299.40119760479035,0.0,31,30,0,0,30,29,10518,1,0,0,1,1
2020-07-09,US,Iowa,Winneshiek,43,0,0,43.29094334,-91.84422722,19191.0,215.09679355710068,0.0,43,43,0,0,43,39,20029,0,0,0,0,4
2020-07-09,US,Iowa,Woodbury,3282,43,0,42.38979414,-96.0459439,19193.0,3183.1010503651546,1.3101767215112736,3239,3264,44,0,3220,3260,102539,18,-1,0,19,4
2020-07-09,US,Iowa,Worth,21,0,0,43.37750768,-93.26087602,19195.0,284.5142934561713,0.0,21,20,0,0,20,20,7453,1,0,0,1,0
2020-07-09,US,Iowa,Wright,389,1,0,42.73305373,-93.73515113,19197.0,3096.6406623149182,0.2570694087403599,388,388,1,0,387,385,12690,1,0,0,1,3
2020-07-09,US,Kansas,Allen,5,0,0,37.88582951,-95.30030847,20001.0,40.4236397445226,0.0,5,5,0,0,5,5,12444,0,0,0,0,0
2020-07-09,US,Kansas,Anderson,8,0,0,38.21413251,-95.29272815,20003.0,101.80707559175363,0.0,8,6,0,0,6,5,7878,2,0,0,2,1
2020-07-09,US,Kansas,Atchison,42,0,0,39.53185661,-95.30870026,20005.0,261.3077832389722,0.0,42,42,0,0,42,41,16193,0,0,0,0,1
2020-07-09,US,Kansas,Barber,2,0,0,37.2288586,-98.68460053,20007.0,45.177320984865595,0.0,2,2,0,0,2,2,4472,0,0,0,0,0
2020-07-09,US,Kansas,Barton,62,2,0,38.47889676,-98.75636726,20009.0,240.50583808526318,3.2258064516129035,60,58,2,0,56,57,26111,4,0,0,4,1
2020-07-09,US,Kansas,Bourbon,50,1,0,37.85508555,-94.84865997,20011.0,344.0209164717215,2.0,49,47,1,0,46,36,14653,3,0,0,3,11
2020-07-09,US,Kansas,Brown,18,0,0,39.82652589,-95.56421698,20013.0,188.20577164366367,0.0,18,18,0,0,18,14,9598,0,0,0,0,4
2020-07-09,US,Kansas,Butler,82,0,0,37.78134351,-96.83878537,20015.0,122.55085113060629,0.0,82,77,0,0,77,67,66765,5,0,0,5,10
2020-07-09,US,Kansas,Chase,5,0,0,38.30292938,-96.59563862,20017.0,188.82175226586102,0.0,5,5,0,0,5,5,2629,0,0,0,0,0
2020-07-09,US,Kansas,Chautauqua,5,0,0,37.14994405,-96.2454192,20019.0,153.84615384615384,0.0,5,5,0,0,5,4,3309,0,0,0,0,1
2020-07-09,US,Kansas,Cherokee,48,1,0,37.16928494,-94.8462897,20021.0,240.7342394302623,2.083333333333333,47,43,1,0,42,43,20015,5,0,0,5,0
2020-07-09,US,Kansas,Cheyenne,2,0,0,39.78580976,-101.7318201,20023.0,75.27286413248024,0.0,2,2,0,0,2,2,2660,0,0,0,0,0
2020-07-09,US,Kansas,Clark,34,1,0,37.23577007,-99.81883015,20025.0,1705.1153460381142,2.9411764705882355,33,34,1,0,33,34,2005,0,0,0,0,0
2020-07-09,US,Kansas,Clay,9,2,0,39.34948772,-97.16518128,20027.0,112.47188202949265,22.222222222222218,7,9,2,0,7,9,7997,0,0,0,0,0
2020-07-09,US,Kansas,Cloud,25,0,0,39.48028352,-97.64925343,20029.0,284.5435920783064,0.0,25,25,0,0,25,24,8729,0,0,0,0,1
2020-07-09,US,Kansas,Coffey,53,8,0,38.2365018,-95.73379515,20031.0,648.0009781146838,15.094339622641508,45,53,8,0,45,53,8233,0,0,0,0,0
2020-07-09,US,Kansas,Comanche,3,0,0,37.19114520000001,-99.27113247,20033.0,176.47058823529412,0.0,3,3,0,0,3,3,1748,0,0,0,0,0
2020-07-09,US,Kansas,Cowley,79,1,0,37.23781842,-96.83776647,20035.0,226.30915549444248,1.2658227848101269,78,79,1,0,78,76,35218,0,0,0,0,3
2020-07-09,US,Kansas,Crawford,291,1,0,37.50675523,-94.85245778,20037.0,749.6522231954248,0.3436426116838488,290,291,1,0,290,275,39019,0,0,0,0,16
2020-07-09,US,Kansas,Dickinson,19,1,0,38.86600962,-97.15532383,20041.0,102.89180114805588,5.2631578947368425,18,18,1,0,17,14,18717,1,0,0,1,4
2020-07-09,US,Kansas,Doniphan,26,0,0,39.79067154,-95.14056866,20043.0,342.10526315789474,0.0,26,26,0,0,26,26,7682,0,0,0,0,0
2020-07-09,US,Kansas,Douglas,377,0,0,38.88503636,-95.2925121,20045.0,308.36175659869616,0.0,377,377,0,0,377,354,121436,0,0,0,0,23
2020-07-09,US,Kansas,Edwards,7,0,0,37.88735543,-99.31263309,20047.0,250.17869907076482,0.0,7,7,0,0,7,7,2849,0,0,0,0,0
2020-07-09,US,Kansas,Elk,1,0,0,37.45338105,-96.24369667,20049.0,39.52569169960474,0.0,1,1,0,0,1,1,2508,0,0,0,0,0
2020-07-09,US,Kansas,Ellis,33,0,0,38.91458712,-99.31751551,20051.0,115.57454558190031,0.0,33,33,0,0,33,28,28710,0,0,0,0,5
2020-07-09,US,Kansas,Ellsworth,11,0,0,38.69677695,-98.20462799,20053.0,180.26876433956082,0.0,11,11,0,0,11,11,6196,0,0,0,0,0
2020-07-09,US,Kansas,Finney,1595,10,0,38.04340344,-100.73819379999999,20055.0,4373.817423972359,0.6269592476489029,1585,1586,10,0,1576,1584,36611,9,0,0,9,2
2020-07-09,US,Kansas,Ford,1960,8,0,37.69200114,-99.88825298,20057.0,5830.036586454088,0.4081632653061225,1952,1960,8,0,1952,1955,33888,0,0,0,0,5
2020-07-09,US,Kansas,Franklin,88,1,0,38.56443815,-95.28644341,20059.0,344.5036016285625,1.1363636363636365,87,80,1,0,79,79,25631,8,0,0,8,1
2020-07-09,US,Kansas,Geary,79,1,0,38.99871131,-96.7577178,20061.0,249.4474265866751,1.2658227848101269,78,73,1,0,72,72,32594,6,0,0,6,1
2020-07-09,US,Kansas,Gove,2,0,0,38.91588178,-100.4829321,20063.0,75.87253414264036,0.0,2,2,0,0,2,2,2612,0,0,0,0,0
2020-07-09,US,Kansas,Graham,5,0,0,39.34987223,-99.88332493,20065.0,201.45044319097505,0.0,5,3,0,0,3,2,2492,2,0,0,2,1
2020-07-09,US,Kansas,Grant,57,2,0,37.56227336,-101.3079758,20067.0,797.2027972027972,3.5087719298245608,55,55,1,0,54,55,7336,2,1,0,1,0
2020-07-09,US,Kansas,Gray,34,0,0,37.73836671,-100.4369088,20069.0,567.8022712090849,0.0,34,34,0,0,34,32,6033,0,0,0,0,2
2020-07-09,US,Kansas,Greenwood,11,0,0,37.8774388,-96.23250453,20073.0,183.884988298228,0.0,11,11,0,0,11,11,6055,0,0,0,0,0
2020-07-09,US,Kansas,Hamilton,32,0,0,37.99978709,-101.7921066,20075.0,1260.338716029933,0.0,32,32,0,0,32,32,2607,0,0,0,0,0
2020-07-09,US,Kansas,Harper,2,0,0,37.19175361,-98.07578384,20077.0,36.79175864606328,0.0,2,2,0,0,2,2,5506,0,0,0,0,0
2020-07-09,US,Kansas,Harvey,59,0,0,38.04293782,-97.42747573,20079.0,171.36716140462985,0.0,59,53,0,0,53,50,34210,6,0,0,6,3
2020-07-09,US,Kansas,Haskell,30,0,0,37.562039399999996,-100.8710738,20081.0,756.0483870967741,0.0,30,30,0,0,30,30,3997,0,0,0,0,0
2020-07-09,US,Kansas,Hodgeman,9,0,0,38.08780079,-99.89829881,20083.0,501.6722408026756,0.0,9,9,0,0,9,9,1818,0,0,0,0,0
2020-07-09,US,Kansas,Jackson,117,1,0,39.41673394,-95.79356799,20085.0,888.3152380229292,0.8547008547008547,116,117,1,0,116,113,13280,0,0,0,0,4
2020-07-09,US,Kansas,Jefferson,36,0,0,39.2347941,-95.38289232,20087.0,189.04584361707714,0.0,36,34,0,0,34,34,18975,2,0,0,2,0
2020-07-09,US,Kansas,Jewell,4,0,0,39.78470589,-98.21820662,20089.0,138.9371309482459,0.0,4,4,0,0,4,4,2841,0,0,0,0,0
2020-07-09,US,Kansas,Johnson,2633,92,0,38.88548175,-94.82250877,20091.0,437.0842677884001,3.4941131788834037,2541,2491,91,0,2400,2356,597555,142,1,0,141,135
2020-07-09,US,Kansas,Kearny,48,1,0,38.00017981,-101.32168100000001,20093.0,1250.6513809275666,2.083333333333333,47,48,1,0,47,48,3943,0,0,0,0,0
2020-07-09,US,Kansas,Kingman,1,0,0,37.55909527,-98.13638678,20095.0,13.982102908277405,0.0,1,1,0,0,1,1,7310,0,0,0,0,0
2020-07-09,US,Kansas,Kiowa,3,0,0,37.55848695,-99.2856537,20097.0,121.21212121212122,0.0,3,3,0,0,3,3,2516,0,0,0,0,0
2020-07-09,US,Kansas,Labette,65,0,0,37.19113093,-95.29849679,20099.0,331.32837190335414,0.0,65,65,0,0,65,63,19964,0,0,0,0,2
2020-07-09,US,Kansas,Lane,5,0,0,38.48119447,-100.46607540000001,20101.0,325.73289902280135,0.0,5,5,0,0,5,5,1560,0,0,0,0,0
2020-07-09,US,Kansas,Leavenworth,1196,7,0,39.20183497,-95.03620809,20103.0,1462.8537880085128,0.5852842809364549,1189,1196,7,0,1189,1192,81352,0,0,0,0,4
2020-07-09,US,Kansas,Lincoln,1,0,0,39.04549684,-98.20756994,20105.0,33.7609723160027,0.0,1,1,0,0,1,1,3023,0,0,0,0,0
2020-07-09,US,Kansas,Linn,15,0,0,38.21267844,-94.84254089,20107.0,154.59136349582604,0.0,15,15,0,0,15,16,9750,0,0,0,0,-1
2020-07-09,US,Kansas,Logan,1,0,0,38.91735806,-101.148475,20109.0,35.79098067287043,0.0,1,1,0,0,1,1,2844,0,0,0,0,0
2020-07-09,US,Kansas,Lyon,515,7,0,38.45576156,-96.15275715,20111.0,1551.4384696490436,1.3592233009708738,508,511,7,0,504,501,33406,4,0,0,4,10
2020-07-09,US,Kansas,Marion,20,1,0,38.35855394,-97.09852509999999,20115.0,168.2935038707506,5.0,19,13,1,0,12,11,11950,7,0,0,7,2
2020-07-09,US,Kansas,Marshall,2,0,0,39.78359669,-96.52278974,20117.0,20.603688060162767,0.0,2,2,0,0,2,2,9722,0,0,0,0,0
2020-07-09,US,Kansas,McPherson,81,0,0,38.39184858,-97.64769869,20113.0,283.7923060752575,0.0,81,81,0,0,81,79,28537,0,0,0,0,2
2020-07-09,US,Kansas,Meade,30,0,0,37.23859987,-100.36483100000001,20119.0,743.86312918423,0.0,30,30,0,0,30,30,4146,0,0,0,0,0
2020-07-09,US,Kansas,Miami,52,0,0,38.56383358,-94.83832189,20121.0,151.882466337588,0.0,52,48,0,0,48,42,33680,4,0,0,4,6
2020-07-09,US,Kansas,Mitchell,5,0,0,39.39331582,-98.20906732,20123.0,83.62602441879912,0.0,5,5,0,0,5,4,6150,0,0,0,0,1
2020-07-09,US,Kansas,Montgomery,60,3,0,37.19236568,-95.74329258,20125.0,188.5073360771624,5.0,57,59,3,0,56,56,32120,1,0,0,1,3
2020-07-09,US,Kansas,Morris,5,0,0,38.68827511,-96.65128437,20127.0,88.96797153024912,0.0,5,5,0,0,5,5,5521,0,0,0,0,0
2020-07-09,US,Kansas,Morton,7,2,0,37.19141121,-101.79925190000002,20129.0,270.5836876691148,28.57142857142857,5,7,2,0,5,7,2667,0,0,0,0,0
2020-07-09,US,Kansas,Nemaha,29,0,0,39.78345387,-96.01392079,20131.0,283.45225295670025,0.0,29,29,0,0,29,29,10155,0,0,0,0,0
2020-07-09,US,Kansas,Neosho,35,0,0,37.55862897,-95.30670046,20133.0,218.65433872680703,0.0,35,35,0,0,35,35,15951,0,0,0,0,0
2020-07-09,US,Kansas,Ness,4,0,0,38.47974157,-99.91547333,20135.0,145.45454545454547,0.0,4,4,0,0,4,4,2840,0,0,0,0,0
2020-07-09,US,Kansas,Norton,13,0,0,39.78443827,-99.90286639,20137.0,242.49207237455693,0.0,13,12,0,0,12,12,5430,1,0,0,1,0
2020-07-09,US,Kansas,Osage,25,0,0,38.65235984,-95.72707998,20139.0,156.74963947582918,0.0,25,22,0,0,22,19,15941,3,0,0,3,3
2020-07-09,US,Kansas,Osborne,3,0,0,39.3503437,-98.76753828,20141.0,87.69365682548961,0.0,3,3,0,0,3,3,3475,0,0,0,0,0
2020-07-09,US,Kansas,Ottawa,12,0,0,39.13237408,-97.65020313,20143.0,210.37868162692848,0.0,12,12,0,0,12,10,5802,0,0,0,0,2
2020-07-09,US,Kansas,Pawnee,4,0,0,38.18108732,-99.23692334,20145.0,62.363579669473026,0.0,4,4,0,0,4,3,6562,0,0,0,0,1
2020-07-09,US,Kansas,Phillips,27,2,0,39.78465501,-99.34668865,20147.0,515.8578525028659,7.407407407407407,25,27,2,0,25,27,5317,0,0,0,0,0
2020-07-09,US,Kansas,Pottawatomie,78,0,0,39.37925655,-96.34564657,20149.0,319.8950088176188,0.0,78,78,0,0,78,78,24277,0,0,0,0,0
2020-07-09,US,Kansas,Pratt,12,0,0,37.64780729,-98.73922153,20151.0,130.9471846355303,0.0,12,12,0,0,12,11,9378,0,0,0,0,1
2020-07-09,US,Kansas,Reno,109,0,0,37.95230263,-98.08607292,20155.0,175.81212297170876,0.0,109,95,0,0,95,89,62342,14,0,0,14,6
2020-07-09,US,Kansas,Republic,17,0,0,39.82799632,-97.65036709,20157.0,366.69542709232087,0.0,17,15,0,0,15,15,4664,2,0,0,2,0
2020-07-09,US,Kansas,Rice,8,0,0,38.34616184,-98.19992118,20159.0,83.88382090804237,0.0,8,4,0,0,4,4,9531,4,0,0,4,0
2020-07-09,US,Kansas,Riley,332,3,0,39.28935726,-96.73420026,20161.0,447.246470524841,0.9036144578313252,329,325,3,0,322,317,73703,7,0,0,7,8
2020-07-09,US,Kansas,Rooks,9,0,0,39.35022773,-99.32484567,20163.0,182.9268292682927,0.0,9,9,0,0,9,9,5013,0,0,0,0,0
2020-07-09,US,Kansas,Rush,2,0,0,38.52275276,-99.30863983,20165.0,65.87615283267458,0.0,2,2,0,0,2,1,3093,0,0,0,0,1
2020-07-09,US,Kansas,Russell,1,0,0,38.91462787,-98.76254297,20167.0,14.585764294049008,0.0,1,2,0,0,2,2,6907,-1,0,0,-1,0
2020-07-09,US,Kansas,Saline,185,2,0,38.78369175,-97.65185177,20169.0,341.17733844791974,1.0810810810810811,183,185,2,0,183,168,54401,0,0,0,0,17
2020-07-09,US,Kansas,Scott,16,0,0,38.48222076,-100.90665390000001,20171.0,331.7437279701432,0.0,16,16,0,0,16,16,4897,0,0,0,0,0
2020-07-09,US,Kansas,Sedgwick,1792,28,0,37.6842718,-97.4608198,20173.0,347.25855647408537,1.5625,1764,1703,28,0,1675,1652,513607,89,0,0,89,51
2020-07-09,US,Kansas,Seward,1048,2,0,37.19324632,-100.85072009999999,20175.0,4890.797087922345,0.19083969465648856,1046,1048,2,0,1046,1045,21780,0,0,0,0,3
2020-07-09,US,Kansas,Shawnee,918,13,0,39.04100763,-95.75572640000001,20177.0,519.0106007067138,1.4161220043572984,905,890,13,0,877,844,177499,28,0,0,28,46
2020-07-09,US,Kansas,Sheridan,5,0,0,39.35018161,-100.44182590000001,20179.0,198.33399444664815,0.0,5,5,0,0,5,5,2533,0,0,0,0,0
2020-07-09,US,Kansas,Sherman,7,0,0,39.35147699,-101.71976240000001,20181.0,118.30319418624303,0.0,7,7,0,0,7,7,5899,0,0,0,0,0
2020-07-09,US,Kansas,Smith,3,0,0,39.78516566,-98.78566062,20183.0,83.72871895060004,0.0,3,3,0,0,3,3,3603,0,0,0,0,0
2020-07-09,US,Kansas,Stafford,1,0,0,38.03100851,-98.71762001,20185.0,24.06159769008662,0.0,1,1,0,0,1,1,4178,0,0,0,0,0
2020-07-09,US,Kansas,Stanton,12,0,0,37.56304714,-101.78435340000001,20187.0,598.2053838484546,0.0,12,12,0,0,12,12,1987,0,0,0,0,0
2020-07-09,US,Kansas,Stevens,33,0,0,37.1923008,-101.3118967,20189.0,601.640838650866,0.0,33,33,0,0,33,32,5559,0,0,0,0,1
2020-07-09,US,Kansas,Sumner,20,1,0,37.23682549,-97.47721621,20191.0,87.58101243650377,5.0,19,17,1,0,16,16,22996,3,0,0,3,1
2020-07-09,US,Kansas,Thomas,17,0,0,39.35107575,-101.0553705,20193.0,218.59328790021854,0.0,17,17,0,0,17,17,7711,0,0,0,0,0
2020-07-09,US,Kansas,Trego,2,0,0,38.91467218,-99.87284448,20195.0,71.35212272565109,0.0,2,2,0,0,2,1,2793,0,0,0,0,1
2020-07-09,US,Kansas,Unassigned,0,1,0,0.0,0.0,90020.0,0.0,0.0,-1,0,1,0,-1,0,,0,0,0,0,0
2020-07-09,US,Kansas,Wabaunsee,37,0,0,38.95471985,-96.20350509,20197.0,533.8335016592123,0.0,37,37,0,0,37,36,6899,0,0,0,0,1
2020-07-09,US,Kansas,Washington,1,0,0,39.78420784,-97.08753229999999,20201.0,18.49796522382538,0.0,1,1,0,0,1,1,5420,0,0,0,0,0
2020-07-09,US,Kansas,Wilson,4,0,0,37.55937174,-95.74323255,20205.0,46.920821114369495,0.0,4,4,0,0,4,4,8665,0,0,0,0,0
2020-07-09,US,Kansas,Woodson,12,0,0,37.8865336,-95.74006277,20207.0,382.4091778202677,0.0,12,12,0,0,12,12,3183,0,0,0,0,0
2020-07-09,US,Kansas,Wyandotte,2790,87,0,39.11727348,-94.76378225,20209.0,1686.5241281758338,3.118279569892473,2703,2700,85,0,2615,2635,165324,90,2,0,88,65
2020-07-09,US,Kentucky,Adair,131,19,0,37.10459774,-85.28129668,21001.0,682.2206020206229,14.50381679389313,112,131,19,0,112,130,19215,0,0,0,0,1
2020-07-09,US,Kentucky,Allen,183,7,0,36.75197631,-86.19457544,21003.0,858.5503166783957,3.8251366120218577,176,181,7,0,174,180,21122,2,0,0,2,1
2020-07-09,US,Kentucky,Anderson,30,1,0,38.00671029,-84.99171713,21005.0,131.88552336571857,3.333333333333333,29,30,1,0,29,29,22663,0,0,0,0,1
2020-07-09,US,Kentucky,Ballard,15,0,0,37.05842757,-88.99427697,21007.0,190.16227180527386,0.0,15,15,0,0,15,15,7979,0,0,0,0,0
2020-07-09,US,Kentucky,Barren,107,2,0,36.96469836,-85.93338945,21009.0,241.81337431354385,1.8691588785046729,105,104,2,0,102,98,44176,3,0,0,3,6
2020-07-09,US,Kentucky,Bath,18,1,0,38.14735938,-83.74588932,21011.0,144.0,5.5555555555555545,17,18,1,0,17,18,12383,0,0,0,0,0
2020-07-09,US,Kentucky,Bell,69,0,0,36.73355174,-83.67766671,21013.0,265.058389674247,0.0,69,57,0,0,57,43,26569,12,0,0,12,14
2020-07-09,US,Kentucky,Boone,683,23,0,38.97065142,-84.72615357,21015.0,511.30025976748186,3.367496339677892,660,672,23,0,649,660,131533,11,0,0,11,12
2020-07-09,US,Kentucky,Bourbon,37,1,0,38.2054607,-84.21827874,21017.0,186.9820092985648,2.702702702702702,36,36,1,0,35,35,20184,1,0,0,1,1
2020-07-09,US,Kentucky,Boyd,73,3,0,38.36176608,-82.68652187,21019.0,156.25668907059378,4.109589041095891,70,71,3,0,68,71,47240,2,0,0,2,0
2020-07-09,US,Kentucky,Boyle,43,0,0,37.62680923,-84.8633779,21021.0,143.0472388556221,0.0,43,43,0,0,43,43,30100,0,0,0,0,0
2020-07-09,US,Kentucky,Bracken,17,0,0,38.69158994,-84.08532444,21023.0,204.74527279296643,0.0,17,17,0,0,17,17,8239,0,0,0,0,0
2020-07-09,US,Kentucky,Breathitt,12,0,0,37.52333168,-83.31959161,21025.0,95.01187648456056,0.0,12,12,0,0,12,12,12726,0,0,0,0,0
2020-07-09,US,Kentucky,Breckinridge,28,2,0,37.77377239,-86.42885017,21027.0,136.73878009474043,7.142857142857142,26,28,2,0,26,28,20388,0,0,0,0,0
2020-07-09,US,Kentucky,Bullitt,166,4,0,37.97162523,-85.68955617,21029.0,203.24207845633967,2.409638554216868,162,166,4,0,162,165,81069,0,0,0,0,1
2020-07-09,US,Kentucky,Butler,262,14,0,37.20946153,-86.68748787,21031.0,2034.3194347387216,5.343511450381679,248,262,14,0,248,260,12772,0,0,0,0,2
2020-07-09,US,Kentucky,Caldwell,29,0,0,37.14749129,-87.86948214,21033.0,227.50451086530163,0.0,29,21,0,0,21,17,12715,8,0,0,8,4
2020-07-09,US,Kentucky,Calloway,102,1,0,36.62093411,-88.2731593,21035.0,261.5317555960104,0.9803921568627452,101,98,1,0,97,94,39135,4,0,0,4,4
2020-07-09,US,Kentucky,Campbell,307,13,0,38.94384345,-84.37875208,21037.0,328.04752949222086,4.234527687296417,294,303,13,0,290,299,93152,4,0,0,4,4
2020-07-09,US,Kentucky,Carlisle,9,1,0,36.85372876,-88.96692220000001,21039.0,189.07563025210084,11.111111111111109,8,7,1,0,6,7,4771,2,0,0,2,0
2020-07-09,US,Kentucky,Carroll,65,1,0,38.66599534,-85.12601074,21041.0,611.4194337315398,1.5384615384615383,64,63,1,0,62,63,10737,2,0,0,2,0
2020-07-09,US,Kentucky,Carter,32,0,0,38.31690743,-83.05092385,21043.0,119.41635257678098,0.0,32,32,0,0,32,32,27004,0,0,0,0,0
2020-07-09,US,Kentucky,Casey,33,1,0,37.32533118,-84.92726209,21045.0,204.22055820285908,3.0303030303030303,32,33,1,0,32,29,15888,0,0,0,0,4
2020-07-09,US,Kentucky,Christian,248,4,0,36.89267803,-87.49055367,21047.0,351.9677552121032,1.6129032258064515,244,243,4,0,239,240,71671,5,0,0,5,3
2020-07-09,US,Kentucky,Clark,104,6,0,37.9689263,-84.14615986,21049.0,286.7937015690925,5.769230769230768,98,104,5,0,99,103,36249,0,1,0,-1,1
2020-07-09,US,Kentucky,Clay,80,3,0,37.16451126,-83.712575,21051.0,401.9898497562937,3.75,77,79,3,0,76,76,20105,1,0,0,1,3
2020-07-09,US,Kentucky,Clinton,6,0,0,36.72581156,-85.13377529,21053.0,58.71990604815032,0.0,6,6,0,0,6,6,10206,0,0,0,0,0
2020-07-09,US,Kentucky,Crittenden,11,1,0,37.35839237,-88.08826090000002,21055.0,124.91483079718374,9.090909090909092,10,10,1,0,9,9,8915,1,0,0,1,1
2020-07-09,US,Kentucky,Cumberland,6,0,0,36.78926125,-85.39050034,21057.0,90.71666162685213,0.0,6,6,0,0,6,6,6659,0,0,0,0,0
2020-07-09,US,Kentucky,Daviess,483,8,0,37.73028906,-87.09019479999998,21059.0,475.81050329520934,1.6563146997929608,475,469,8,0,461,467,101104,14,0,0,14,2
2020-07-09,US,Kentucky,Edmonson,75,12,0,37.21218923,-86.23955613,21061.0,617.2839506172841,16.0,63,75,11,0,64,74,12274,0,1,0,-1,1
2020-07-09,US,Kentucky,Elliott,3,0,0,38.11624059,-83.09771563,21063.0,39.90953837967274,0.0,3,3,0,0,3,3,7508,0,0,0,0,0
2020-07-09,US,Kentucky,Estill,5,0,0,37.69241417,-83.95956369,21065.0,35.44590954203885,0.0,5,5,0,0,5,4,14198,0,0,0,0,1
2020-07-09,US,Kentucky,Fayette,1736,30,0,38.0368225,-84.45576892,21067.0,537.2084963113334,1.7281105990783407,1706,1696,30,0,1666,1647,323780,40,0,0,40,49
2020-07-09,US,Kentucky,Fleming,25,0,0,38.36758311,-83.69657514,21069.0,171.45600438927372,0.0,25,25,0,0,25,25,14432,0,0,0,0,0
2020-07-09,US,Kentucky,Floyd,38,0,0,37.56213922,-82.74750924,21071.0,106.77456517463258,0.0,38,38,0,0,38,37,35845,0,0,0,0,1
2020-07-09,US,Kentucky,Franklin,156,4,0,38.2379395,-84.87962551,21073.0,305.9363417073601,2.5641025641025643,152,153,4,0,149,149,50815,3,0,0,3,4
2020-07-09,US,Kentucky,Fulton,25,1,0,36.55238827,-89.20140068,21075.0,418.83062489529226,4.0,24,24,1,0,23,24,6120,1,0,0,1,0
2020-07-09,US,Kentucky,Gallatin,67,8,0,38.75398691,-84.8558382,21077.0,755.4402976660277,11.940298507462687,59,66,8,0,58,65,8832,1,0,0,1,1
2020-07-09,US,Kentucky,Garrard,33,0,0,37.638866799999995,-84.53289319,21079.0,186.79950186799502,0.0,33,32,0,0,32,29,17560,1,0,0,1,3
2020-07-09,US,Kentucky,Grant,62,4,0,38.64962758,-84.62415957,21081.0,247.31740396505646,6.451612903225807,58,61,4,0,57,60,25121,1,0,0,1,1
2020-07-09,US,Kentucky,Graves,250,21,0,36.72292505,-88.65143315,21083.0,670.8527880641873,8.4,229,246,21,0,225,233,37317,4,0,0,4,13
2020-07-09,US,Kentucky,Grayson,143,11,0,37.46231118,-86.34248968,21085.0,541.1132553827525,7.6923076923076925,132,140,11,0,129,140,26321,3,0,0,3,0
2020-07-09,US,Kentucky,Green,8,1,0,37.26484328,-85.5540745,21087.0,73.11945891600402,12.5,7,8,1,0,7,8,11049,0,0,0,0,0
2020-07-09,US,Kentucky,Greenup,40,0,0,38.54332505,-82.9215658,21089.0,113.96660778391932,0.0,40,40,0,0,40,40,35268,0,0,0,0,0
2020-07-09,US,Kentucky,Hancock,22,0,0,37.83766422,-86.78280584,21091.0,252.23572575097455,0.0,22,22,0,0,22,19,8758,0,0,0,0,3
2020-07-09,US,Kentucky,Hardin,229,6,0,37.6976111,-85.96319251,21093.0,206.38439770003063,2.6200873362445414,223,223,6,0,217,214,110356,6,0,0,6,9
2020-07-09,US,Kentucky,Harlan,33,2,0,36.85699301,-83.21899516,21095.0,126.87427912341408,6.0606060606060606,31,33,2,0,31,32,26409,0,0,0,0,1
2020-07-09,US,Kentucky,Harrison,81,0,0,38.44188174,-84.32869741,21097.0,428.8891242189982,0.0,81,81,0,0,81,79,18778,0,0,0,0,2
2020-07-09,US,Kentucky,Hart,47,0,0,37.29943898,-85.88461055,21099.0,246.9135802469136,0.0,47,46,0,0,46,46,18906,1,0,0,1,0
2020-07-09,US,Kentucky,Henderson,178,3,0,37.79344553,-87.57392021,21101.0,393.718203937182,1.6853932584269662,175,173,3,0,170,169,45591,5,0,0,5,4
2020-07-09,US,Kentucky,Henry,41,2,0,38.44942688,-85.11587507,21103.0,254.2477985861342,4.878048780487805,39,40,2,0,38,39,16106,1,0,0,1,1
2020-07-09,US,Kentucky,Hickman,7,0,0,36.67948079999999,-88.97875928,21105.0,159.8173515981735,0.0,7,7,0,0,7,7,4421,0,0,0,0,0
2020-07-09,US,Kentucky,Hopkins,291,33,0,37.30939025,-87.54670406,21107.0,651.2106700085037,11.340206185567009,258,284,33,0,251,278,45068,7,0,0,7,6
2020-07-09,US,Kentucky,Jackson,115,14,0,37.41866422,-83.99825483,21109.0,862.7804036311801,12.173913043478262,101,115,14,0,101,115,13442,0,0,0,0,0
2020-07-09,US,Kentucky,Jefferson,4395,204,0,38.18664655,-85.65931031,21111.0,573.1933324377867,4.6416382252559725,4191,4312,204,0,4108,4233,770517,83,0,0,83,79
2020-07-09,US,Kentucky,Jessamine,125,0,0,37.87119786,-84.58252003,21113.0,230.98955927192088,0.0,125,121,0,0,121,118,53920,4,0,0,4,3
2020-07-09,US,Kentucky,Johnson,10,0,0,37.85106355,-82.8264322,21115.0,45.06940688660537,0.0,10,10,0,0,10,10,22386,0,0,0,0,0
2020-07-09,US,Kentucky,Kenton,857,37,0,38.93950319,-84.53241199,21117.0,513.1797985604618,4.3173862310385065,820,852,37,0,815,844,166051,5,0,0,5,8
2020-07-09,US,Kentucky,Knott,14,0,0,37.35388197,-82.94981134,21119.0,94.55626097528031,0.0,14,14,0,0,14,12,15126,0,0,0,0,2
2020-07-09,US,Kentucky,Knox,88,5,0,36.89225732,-83.85403396,21121.0,282.54936586932087,5.6818181818181825,83,88,4,0,84,81,31304,0,1,0,-1,7
2020-07-09,US,Kentucky,Larue,17,1,0,37.54567114,-85.70138352,21123.0,118.07195443811639,5.882352941176472,16,17,1,0,16,17,14307,0,0,0,0,0
2020-07-09,US,Kentucky,Laurel,165,3,0,37.10975748,-84.11321779,21125.0,271.3235656849687,1.818181818181818,162,158,3,0,155,143,60669,7,0,0,7,15
2020-07-09,US,Kentucky,Lawrence,11,0,0,38.07136018,-82.72882223,21127.0,71.81562969249853,0.0,11,11,0,0,11,11,15571,0,0,0,0,0
2020-07-09,US,Kentucky,Lee,1,0,0,37.59645942,-83.71513901,21129.0,13.508037282182901,0.0,1,1,0,0,1,1,7033,0,0,0,0,0
2020-07-09,US,Kentucky,Leslie,11,0,0,37.09246661,-83.37999606,21131.0,111.36984914447709,0.0,11,11,0,0,11,10,10143,0,0,0,0,1
2020-07-09,US,Kentucky,Letcher,18,0,0,37.12306748,-82.85346474,21133.0,83.5150559086902,0.0,18,18,0,0,18,17,21899,0,0,0,0,1
2020-07-09,US,Kentucky,Lewis,22,0,0,38.53184419,-83.37735618,21135.0,165.72504708097932,0.0,22,22,0,0,22,22,13257,0,0,0,0,0
2020-07-09,US,Kentucky,Lincoln,42,1,0,37.45475628,-84.6565327,21137.0,171.0863986313088,2.380952380952381,41,42,1,0,41,39,24644,0,0,0,0,3
2020-07-09,US,Kentucky,Livingston,14,0,0,37.21137452,-88.34797529,21139.0,152.27322166630412,0.0,14,13,0,0,13,11,9242,1,0,0,1,2
2020-07-09,US,Kentucky,Logan,244,13,0,36.85949479,-86.877635,21141.0,900.3025606966278,5.327868852459017,231,241,13,0,228,238,26989,3,0,0,3,3
2020-07-09,US,Kentucky,Lyon,21,3,0,37.02080035,-88.07886257,21143.0,255.78562728380024,14.285714285714285,18,21,3,0,18,21,8009,0,0,0,0,0
2020-07-09,US,Kentucky,Madison,169,1,0,37.71659336,-84.27220275,21151.0,181.74583543936248,0.591715976331361,168,160,1,0,159,152,92368,9,0,0,9,8
2020-07-09,US,Kentucky,Magoffin,7,0,0,37.70820545,-83.0657714,21153.0,57.561055834224156,0.0,7,7,0,0,7,7,12362,0,0,0,0,0
2020-07-09,US,Kentucky,Marion,60,0,0,37.55218078,-85.26898542,21155.0,311.3163492969439,0.0,60,58,0,0,58,57,19404,2,0,0,2,1
2020-07-09,US,Kentucky,Marshall,66,2,0,36.88007070000001,-88.32803576,21157.0,212.2186495176849,3.0303030303030303,64,66,2,0,64,65,31191,0,0,0,0,1
2020-07-09,US,Kentucky,Martin,10,0,0,37.79990579,-82.51247478,21159.0,89.32559178204555,0.0,10,10,0,0,10,9,11323,0,0,0,0,1
2020-07-09,US,Kentucky,Mason,39,1,0,38.59471935,-83.82151043,21161.0,228.47100175746925,2.5641025641025643,38,39,1,0,38,39,17150,0,0,0,0,0
2020-07-09,US,Kentucky,McCracken,184,3,0,37.05350953,-88.70445755,21145.0,281.26815249625486,1.6304347826086956,181,181,3,0,178,181,65346,3,0,0,3,0
2020-07-09,US,Kentucky,McCreary,18,0,0,36.73874143,-84.48102924,21147.0,104.46288665776798,0.0,18,18,0,0,18,18,17408,0,0,0,0,0
2020-07-09,US,Kentucky,McLean,27,1,0,37.5301951,-87.26803443,21149.0,293.2551319648094,3.703703703703704,26,27,1,0,26,26,9252,0,0,0,0,1
2020-07-09,US,Kentucky,Meade,31,2,0,37.96163597,-86.21028219,21163.0,108.49783004339912,6.451612903225807,29,30,2,0,28,30,28715,1,0,0,1,0
2020-07-09,US,Kentucky,Menifee,13,0,0,37.94090733,-83.59985712,21165.0,200.3390352904916,0.0,13,13,0,0,13,13,6451,0,0,0,0,0
2020-07-09,US,Kentucky,Mercer,29,0,0,37.81474237,-84.87488475,21167.0,132.22085442027995,0.0,29,26,0,0,26,25,21774,3,0,0,3,1
2020-07-09,US,Kentucky,Metcalfe,14,2,0,36.99459295,-85.63123699,21169.0,139.01300764571542,14.285714285714285,12,14,2,0,12,13,10030,0,0,0,0,1
2020-07-09,US,Kentucky,Monroe,44,2,0,36.71225341,-85.71596443,21171.0,413.1455399061033,4.545454545454546,42,42,2,0,40,42,10718,2,0,0,2,0
2020-07-09,US,Kentucky,Montgomery,61,0,0,38.03253032,-83.9145241,21173.0,216.64239798273965,0.0,61,61,0,0,61,61,28203,0,0,0,0,0
2020-07-09,US,Kentucky,Morgan,12,0,0,37.92465657,-83.25558245,21175.0,90.16455030430537,0.0,12,11,0,0,11,11,13345,1,0,0,1,0
2020-07-09,US,Kentucky,Muhlenberg,532,8,0,37.21425819,-87.14632053,21177.0,1737.313042910326,1.5037593984962403,524,528,8,0,520,520,30774,4,0,0,4,8
2020-07-09,US,Kentucky,Nelson,102,2,0,37.80335779,-85.4657193,21179.0,220.6216338978652,1.96078431372549,100,97,2,0,95,93,45851,5,0,0,5,4
2020-07-09,US,Kentucky,Nicholas,11,0,0,38.33342292,-84.01889177,21181.0,151.32755537212822,0.0,11,11,0,0,11,9,7166,0,0,0,0,2
2020-07-09,US,Kentucky,Ohio,204,0,0,37.47751843,-86.85368087,21183.0,850.2125531382843,0.0,204,204,0,0,204,201,24087,0,0,0,0,3
2020-07-09,US,Kentucky,Oldham,159,7,0,38.39791089,-85.448222,21185.0,238.02751538196682,4.402515723270441,152,153,7,0,146,149,66470,6,0,0,6,4
2020-07-09,US,Kentucky,Owen,10,0,0,38.51679143,-84.82404619,21187.0,91.73470323823506,0.0,10,10,0,0,10,9,10880,0,0,0,0,1
2020-07-09,US,Kentucky,Owsley,3,0,0,37.42823949,-83.68811419,21189.0,67.95016987542469,0.0,3,3,0,0,3,3,4472,0,0,0,0,0
2020-07-09,US,Kentucky,Pendleton,21,0,0,38.69607718,-84.35599463,21191.0,143.9342015078821,0.0,21,21,0,0,21,21,14529,0,0,0,0,0
2020-07-09,US,Kentucky,Perry,74,2,0,37.25023553,-83.22922731,21193.0,287.28938582188056,2.702702702702702,72,73,2,0,71,69,26092,1,0,0,1,4
2020-07-09,US,Kentucky,Pike,115,3,0,37.47088263,-82.39487445,21195.0,198.70067039878361,2.608695652173913,112,113,2,0,111,107,58402,2,1,0,1,6
2020-07-09,US,Kentucky,Powell,9,0,0,37.83218794,-83.82553961,21197.0,72.82142568168945,0.0,9,8,0,0,8,8,12442,1,0,0,1,0
2020-07-09,US,Kentucky,Pulaski,117,2,0,37.10466131,-84.57629079,21199.0,180.05817264039158,1.709401709401709,115,117,2,0,115,106,64623,0,0,0,0,11
2020-07-09,US,Kentucky,Robertson,1,0,0,38.51923469,-84.05055616,21201.0,47.43833017077799,0.0,1,1,0,0,1,1,2135,0,0,0,0,0
2020-07-09,US,Kentucky,Rockcastle,31,0,0,37.36642393,-84.31176452,21203.0,185.68433662773285,0.0,31,30,0,0,30,27,16750,1,0,0,1,3
2020-07-09,US,Kentucky,Rowan,24,0,0,38.19484205,-83.42088935,21205.0,98.11937857726902,0.0,24,24,0,0,24,23,24583,0,0,0,0,1
2020-07-09,US,Kentucky,Russell,58,4,0,36.99308373,-85.06070117,21207.0,323.6065390838587,6.896551724137932,54,58,4,0,54,56,17821,0,0,0,0,2
2020-07-09,US,Kentucky,Scott,113,0,0,38.29622293,-84.5816631,21209.0,198.23170303838333,0.0,113,112,0,0,112,107,56031,1,0,0,1,5
2020-07-09,US,Kentucky,Shelby,545,17,0,38.21476019,-85.194223,21211.0,1111.7003916449087,3.1192660550458715,528,537,17,0,520,528,48518,8,0,0,8,9
2020-07-09,US,Kentucky,Simpson,85,3,0,36.74058474,-86.58047435,21213.0,457.6782252853759,3.5294117647058822,82,80,3,0,77,80,18529,5,0,0,5,0
2020-07-09,US,Kentucky,Spencer,41,0,0,38.03223971,-85.32749335,21215.0,211.8753552787969,0.0,41,41,0,0,41,40,18794,0,0,0,0,1
2020-07-09,US,Kentucky,Taylor,46,1,0,37.3677562,-85.3329931,21217.0,178.50906127517558,2.1739130434782608,45,46,1,0,45,45,25549,0,0,0,0,1
2020-07-09,US,Kentucky,Todd,26,0,0,36.8381152,-87.17878374,21219.0,211.4852773710753,0.0,26,26,0,0,26,26,12311,0,0,0,0,0
2020-07-09,US,Kentucky,Trigg,26,0,0,36.80767017,-87.87333656,21221.0,177.4622892635315,0.0,26,26,0,0,26,26,14643,0,0,0,0,0
2020-07-09,US,Kentucky,Trimble,9,0,0,38.61056487,-85.33775972,21223.0,106.24483532050526,0.0,9,7,0,0,7,7,8515,2,0,0,2,0
2020-07-09,US,Kentucky,Unassigned,4,0,0,0.0,0.0,90021.0,0.0,0.0,4,1,0,0,1,,,3,0,0,3,
2020-07-09,US,Kentucky,Union,30,0,0,37.66166713,-87.94300009,21225.0,208.60858076628887,0.0,30,30,0,0,30,30,14505,0,0,0,0,0
2020-07-09,US,Kentucky,Warren,1685,14,0,36.99903045,-86.42672751,21227.0,1267.9087406693955,0.8308605341246291,1671,1672,14,0,1658,1651,131264,13,0,0,13,21
2020-07-09,US,Kentucky,Washington,28,0,0,37.75599461,-85.17407732,21229.0,231.50062009094668,0.0,28,28,0,0,28,27,12084,0,0,0,0,1
2020-07-09,US,Kentucky,Wayne,20,0,0,36.80310688,-84.8251971,21231.0,98.36226823390548,0.0,20,19,0,0,19,20,20468,1,0,0,1,-1
2020-07-09,US,Kentucky,Webster,49,0,0,37.52168356,-87.67989953,21233.0,378.61227012826464,0.0,49,48,0,0,48,45,13111,1,0,0,1,3
2020-07-09,US,Kentucky,Whitley,49,0,0,36.75700531,-84.14541217,21235.0,135.12022942863445,0.0,49,47,0,0,47,41,36242,2,0,0,2,6
2020-07-09,US,Kentucky,Wolfe,4,0,0,37.73941626,-83.49303612,21237.0,55.88933910856503,0.0,4,4,0,0,4,4,7177,0,0,0,0,0
2020-07-09,US,Kentucky,Woodford,76,0,0,38.04178222,-84.7417556,21239.0,284.2821874766215,0.0,76,76,0,0,76,75,26533,0,0,0,0,1
2020-07-09,US,Louisiana,Acadia,1166,44,0,30.295064899999996,-92.41419698,22001.0,1879.2811668949955,3.7735849056603774,1122,1094,44,0,1050,1068,62190,72,0,0,72,26
2020-07-09,US,Louisiana,Allen,410,12,0,30.65385745,-92.82442028,22003.0,1599.8751316970386,2.9268292682926833,398,387,11,0,376,368,25605,23,1,0,22,19
2020-07-09,US,Louisiana,Ascension,1480,60,0,30.20406249,-90.91328409999998,22005.0,1168.999399703011,4.0540540540540535,1420,1441,60,0,1381,1412,124672,39,0,0,39,29
2020-07-09,US,Louisiana,Assumption,404,16,0,29.89946234,-91.06461642,22007.0,1845.5072860993107,3.96039603960396,388,399,15,0,384,390,22300,5,1,0,4,9
2020-07-09,US,Louisiana,Avoyelles,447,16,0,31.07796211,-92.00079449,22009.0,1113.4914308489438,3.5794183445190155,431,418,15,0,403,402,40462,29,1,0,28,16
2020-07-09,US,Louisiana,Beauregard,291,9,0,30.64836518,-93.34173616,22011.0,776.0620849667972,3.0927835051546397,282,274,9,0,265,269,37253,17,0,0,17,5
2020-07-09,US,Louisiana,Bienville,254,28,0,32.34569994,-93.05398492,22013.0,1918.284117513783,11.023622047244093,226,248,28,0,220,244,13308,6,0,0,6,4
2020-07-09,US,Louisiana,Bossier,1177,36,0,32.67932307,-93.60460152,22015.0,926.4871417438741,3.058623619371283,1141,1142,36,0,1106,1099,127185,35,0,0,35,43
2020-07-09,US,Louisiana,Caddo,4055,243,0,32.57991587,-93.88375652,22017.0,1688.1484071872242,5.992601726263873,3812,3946,243,0,3703,3835,242922,109,0,0,109,111
2020-07-09,US,Louisiana,Calcasieu,2797,63,0,30.22931235,-93.35400434,22019.0,1374.8795690045026,2.2524132999642474,2734,2701,62,0,2639,2408,203112,96,1,0,95,293
2020-07-09,US,Louisiana,Caldwell,118,1,0,32.0902519,-92.11752148,22021.0,1189.7559991933858,0.8474576271186439,117,117,1,0,116,113,9960,1,0,0,1,4
2020-07-09,US,Louisiana,Cameron,93,0,0,29.87592238,-93.19310676,22023.0,1333.7157607916251,0.0,93,89,0,0,89,85,6968,4,0,0,4,4
2020-07-09,US,Louisiana,Catahoula,210,3,0,31.66778967,-91.84526385,22025.0,2211.9233199915734,1.4285714285714286,207,206,3,0,203,204,9608,4,0,0,4,2
2020-07-09,US,Louisiana,Claiborne,140,10,0,32.82308512,-92.99526883,22027.0,893.4269304403317,7.142857142857142,130,135,10,0,125,133,15944,5,0,0,5,2
2020-07-09,US,Louisiana,Concordia,134,6,0,31.44817835,-91.63814433,22029.0,695.7785970195752,4.477611940298506,128,128,6,0,122,126,19572,6,0,0,6,2
2020-07-09,US,Louisiana,De Soto,408,20,0,32.05457447,-93.74130302,22031.0,1485.6352182937042,4.901960784313727,388,394,19,0,375,390,27436,14,1,0,13,4
2020-07-09,US,Louisiana,East Baton Rouge,6468,276,0,30.53842039,-91.09777565,22033.0,1469.8029127912396,4.267161410018553,6192,6336,276,0,6060,6231,440956,132,0,0,132,105
2020-07-09,US,Louisiana,East Carroll,451,1,0,32.73926954,-91.23425694,22035.0,6573.385803818685,0.22172949002217296,450,449,1,0,448,446,7037,2,0,0,2,3
2020-07-09,US,Louisiana,East Feliciana,343,33,0,30.84425359,-91.04976723,22037.0,1792.5267833812384,9.620991253644316,310,338,33,0,305,329,19305,5,0,0,5,9
2020-07-09,US,Louisiana,Evangeline,282,1,0,30.72985248,-92.39915924,22039.0,844.4377900883368,0.3546099290780142,281,261,1,0,260,247,33443,21,0,0,21,14
2020-07-09,US,Louisiana,Franklin,527,14,0,32.13675181,-91.67589857,22041.0,2633.0252310766923,2.6565464895635675,513,508,14,0,494,502,20156,19,0,0,19,6
2020-07-09,US,Louisiana,Grant,115,2,0,31.59882456,-92.56124347,22043.0,513.6450935727366,1.7391304347826086,113,104,2,0,102,103,22482,11,0,0,11,1
2020-07-09,US,Louisiana,Iberia,1157,48,0,29.86803617,-91.75871777,22045.0,1656.8809967062866,4.148660328435609,1109,1050,47,0,1003,995,70941,107,1,0,106,55
2020-07-09,US,Louisiana,Iberville,786,43,0,30.25734305,-91.3499598,22047.0,2417.643259204577,5.470737913486005,743,779,43,0,736,759,32721,7,0,0,7,20
2020-07-09,US,Louisiana,Jackson,221,16,0,32.30251776,-92.55692092,22049.0,1403.7093495934964,7.239819004524888,205,221,16,0,205,220,15902,0,0,0,0,1
2020-07-09,US,Louisiana,Jefferson,10544,489,0,29.74075478,-90.11115756,22051.0,2437.9585334329113,4.637708649468892,10055,10452,488,0,9964,10272,434051,92,1,0,91,180
2020-07-09,US,Louisiana,Jefferson Davis,549,11,0,30.26896765,-92.81210004,22053.0,1750.1912777352716,2.0036429872495445,538,521,10,0,511,507,31582,28,1,0,27,14
2020-07-09,US,Louisiana,LaSalle,115,0,0,31.67884782,-92.15907765,22059.0,772.2266988987376,0.0,115,111,0,0,111,109,14917,4,0,0,4,2
2020-07-09,US,Louisiana,Lafayette,3293,50,0,30.2049055,-92.06959876,22055.0,1347.4364744874995,1.5183723048891589,3243,3127,50,0,3077,3000,242782,166,0,0,166,127
2020-07-09,US,Louisiana,Lafourche,1422,90,0,29.52470226,-90.40976986,22057.0,1456.7582518900974,6.329113924050633,1332,1386,90,0,1296,1339,98115,36,0,0,36,47
2020-07-09,US,Louisiana,Lincoln,383,19,0,32.6003154,-92.66597409999999,22061.0,819.3915536348468,4.9608355091383824,364,366,19,0,347,354,47196,17,0,0,17,12
2020-07-09,US,Louisiana,Livingston,1344,40,0,30.44143993,-90.73061664,22063.0,954.6200342356293,2.9761904761904763,1304,1305,40,0,1265,1267,139567,39,0,0,39,38
2020-07-09,US,Louisiana,Madison,406,3,0,32.36918118,-91.23973355,22065.0,3707.423979545247,0.7389162561576355,403,401,3,0,398,393,11161,5,0,0,5,8
2020-07-09,US,Louisiana,Morehouse,265,10,0,32.81686191,-91.80421614,22067.0,1065.3694620889282,3.7735849056603774,255,256,10,0,246,254,25398,9,0,0,9,2
2020-07-09,US,Louisiana,Natchitoches,362,14,0,31.72321584,-93.09816516,22069.0,948.6870381047224,3.867403314917127,348,340,14,0,326,334,38659,22,0,0,22,6
2020-07-09,US,Louisiana,Orleans,8344,539,0,30.06971951,-89.92660315,22071.0,2138.69750656168,6.459731543624161,7805,8287,536,0,7751,8206,391006,57,3,0,54,81
2020-07-09,US,Louisiana,Ouachita,2849,84,0,32.47645559,-92.15704172,22073.0,1858.7021053112296,2.9484029484029484,2765,2794,82,0,2712,2730,154475,55,2,0,53,64
2020-07-09,US,Louisiana,Plaquemines,294,17,0,29.42245447,-89.60322085,22075.0,1267.4052679225765,5.782312925170068,277,291,17,0,274,288,23410,3,0,0,3,3
2020-07-09,US,Louisiana,Pointe Coupee,329,28,0,30.71409502,-91.60209535,22077.0,1514.035895075932,8.51063829787234,301,314,28,0,286,308,21940,15,0,0,15,6
2020-07-09,US,Louisiana,Rapides,1870,76,0,31.19778499,-92.52997303,22079.0,1442.3670245588053,4.0641711229946536,1794,1823,75,0,1748,1759,130562,47,1,0,46,64
2020-07-09,US,Louisiana,Red River,69,9,0,32.09530039,-93.34213308,22081.0,817.3418621179816,13.043478260869565,60,66,9,0,57,65,8477,3,0,0,3,1
2020-07-09,US,Louisiana,Richland,249,5,0,32.41391005,-91.76634876,22083.0,1237.451545572011,2.0080321285140563,244,242,5,0,237,217,20192,7,0,0,7,25
2020-07-09,US,Louisiana,Sabine,157,1,0,31.56388699,-93.55433981,22085.0,657.3438285044381,0.6369426751592356,156,130,1,0,129,120,24032,27,0,0,27,10
2020-07-09,US,Louisiana,St. Bernard,678,23,0,29.87761636,-89.51887093,22087.0,1435.1028702057404,3.392330383480826,655,668,23,0,645,659,46721,10,0,0,10,9
2020-07-09,US,Louisiana,St. Charles,834,49,0,29.90709658,-90.35555967,22089.0,1570.6214689265537,5.875299760191847,785,828,49,0,779,816,52879,6,0,0,6,12
2020-07-09,US,Louisiana,St. Helena,116,1,0,30.82210324,-90.71013176,22091.0,1144.8874851954206,0.8620689655172413,115,114,1,0,113,113,10262,2,0,0,2,1
2020-07-09,US,Louisiana,St. James,432,30,0,30.02531716,-90.80212061,22093.0,2047.7815699658704,6.9444444444444455,402,418,30,0,388,413,21037,14,0,0,14,5
2020-07-09,US,Louisiana,St. John the Baptist,1049,87,0,30.12597499,-90.4753503,22095.0,2448.8176109438105,8.293612964728313,962,1037,87,0,950,1024,43184,12,0,0,12,13
2020-07-09,US,Louisiana,St. Landry,944,59,0,30.59724262,-92.00135806,22097.0,1149.4812722224926,6.25,885,887,59,0,828,850,82764,57,0,0,57,37
2020-07-09,US,Louisiana,St. Martin,939,27,0,30.13112107,-91.61403569,22099.0,1757.4067488910932,2.8753993610223643,912,915,27,0,888,897,53621,24,0,0,24,18
2020-07-09,US,Louisiana,St. Mary,664,39,0,29.69262097,-91.44702164,22101.0,1345.5459187809026,5.873493975903615,625,632,39,0,593,616,49774,32,0,0,32,16
2020-07-09,US,Louisiana,St. Tammany,2908,183,0,30.40942847,-89.95642711,22103.0,1116.6619947085271,6.2929848693259975,2725,2844,181,0,2663,2738,258111,64,2,0,62,106
2020-07-09,US,Louisiana,Tangipahoa,1742,43,0,30.62888673,-90.40664996,22105.0,1292.687632645186,2.4684270952927667,1699,1689,43,0,1646,1624,133777,53,0,0,53,65
2020-07-09,US,Louisiana,Tensas,30,0,0,32.00760749,-91.32915234,22107.0,692.201199815413,0.0,30,30,0,0,30,28,4462,0,0,0,0,2
2020-07-09,US,Louisiana,Terrebonne,1415,63,0,29.37343766,-90.82626855,22109.0,1280.9951023438134,4.4522968197879855,1352,1372,63,0,1309,1309,111021,43,0,0,43,63
2020-07-09,US,Louisiana,Unassigned,0,108,0,0.0,0.0,90022.0,0.0,0.0,-108,0,108,0,-108,33,,0,0,0,0,-33
2020-07-09,US,Louisiana,Union,463,27,0,32.83121059,-92.3749373,22111.0,2094.2645196309027,5.8315334773218135,436,452,27,0,425,447,22330,11,0,0,11,5
2020-07-09,US,Louisiana,Vermilion,467,6,0,29.83517605,-92.30292538,22113.0,784.7288736536102,1.284796573875803,461,425,6,0,419,381,59830,42,0,0,42,44
2020-07-09,US,Louisiana,Vernon,237,9,0,31.10884837,-93.18153838,22115.0,499.694279870965,3.79746835443038,228,223,9,0,214,217,48860,14,0,0,14,6
2020-07-09,US,Louisiana,Washington,778,48,0,30.85288548,-90.03866652,22117.0,1684.201411438715,6.169665809768637,730,765,48,0,717,754,46582,13,0,0,13,11
2020-07-09,US,Louisiana,Webster,490,12,0,32.70847669,-93.33121835,22119.0,1278.038601982264,2.4489795918367347,478,459,12,0,447,448,38798,31,0,0,31,11
2020-07-09,US,Louisiana,West Baton Rouge,342,31,0,30.46058217,-91.30989571,22121.0,1292.2728131494428,9.064327485380117,311,336,31,0,305,326,26427,6,0,0,6,10
2020-07-09,US,Louisiana,West Carroll,161,5,0,32.78550125,-91.461201,22123.0,1486.6112650046164,3.1055900621118013,156,158,5,0,153,155,10982,3,0,0,3,3
2020-07-09,US,Louisiana,West Feliciana,254,14,0,30.87882871,-91.41485379999999,22125.0,1631.551901336074,5.511811023622046,240,252,14,0,238,252,15460,2,0,0,2,0
2020-07-09,US,Louisiana,Winn,273,5,0,31.94449367,-92.63789413,22127.0,1963.4637514384347,1.8315018315018317,268,270,5,0,265,263,14134,3,0,0,3,7
2020-07-09,US,Maine,Androscoggin,502,4,0,44.1664747,-70.20380627,23001.0,463.6257007490049,0.796812749003984,498,499,4,0,495,496,107679,3,0,0,3,3
2020-07-09,US,Maine,Aroostook,24,1,0,46.65926321,-68.59841248,23003.0,35.791514428454256,4.166666666666667,23,24,1,0,23,24,67111,0,0,0,0,0
2020-07-09,US,Maine,Cumberland,1844,65,0,43.8370751,-70.37226999,23005.0,625.0783890333319,3.5249457700650764,1779,1829,65,0,1764,1818,293557,15,0,0,15,11
2020-07-09,US,Maine,Franklin,41,1,0,44.97330019,-70.44381045,23007.0,135.76608496970098,2.4390243902439024,40,40,1,0,39,40,29897,1,0,0,1,0
2020-07-09,US,Maine,Hancock,18,1,0,44.59816444,-68.38401854,23009.0,32.73501009329477,5.5555555555555545,17,18,1,0,17,18,54811,0,0,0,0,0
2020-07-09,US,Maine,Kennebec,147,10,0,44.40759555,-69.76738544,23011.0,120.19427319258884,6.802721088435375,137,147,10,0,137,145,122083,0,0,0,0,2
2020-07-09,US,Maine,Knox,25,1,0,44.11486325,-69.10529169,23013.0,62.858292265915715,4.0,24,25,1,0,24,25,39771,0,0,0,0,0
2020-07-09,US,Maine,Lincoln,26,0,0,44.05996956,-69.54227124,23015.0,75.07073973552002,0.0,26,25,0,0,25,25,34342,1,0,0,1,0
2020-07-09,US,Maine,Oxford,44,0,0,44.49952995,-70.75682123,23017.0,75.89478223372144,0.0,44,43,0,0,43,42,57618,1,0,0,1,1
2020-07-09,US,Maine,Penobscot,122,3,0,45.40194593,-68.65020455,23019.0,80.18508294555302,2.459016393442623,119,119,2,0,117,117,151096,3,1,0,2,2
2020-07-09,US,Maine,Piscataquis,5,0,0,45.83839062,-69.2860223,23021.0,29.788501638367592,0.0,5,4,0,0,4,4,16800,1,0,0,1,0
2020-07-09,US,Maine,Sagadahoc,34,0,0,43.95415864,-69.85074999,23023.0,94.82373940205264,0.0,34,34,0,0,34,34,35634,0,0,0,0,0
2020-07-09,US,Maine,Somerset,31,0,0,45.51229767,-69.95995554,23025.0,61.405593851517324,0.0,31,30,0,0,30,30,50592,1,0,0,1,0
2020-07-09,US,Maine,Unassigned,3,0,0,0.0,0.0,90023.0,0.0,0.0,3,2,0,0,2,5,,1,0,0,1,-3
2020-07-09,US,Maine,Waldo,58,14,0,44.4858305,-69.12061935,23027.0,146.0405388392295,24.13793103448276,44,58,14,0,44,58,39694,0,0,0,0,0
2020-07-09,US,Maine,Washington,5,0,0,45.01607142,-67.62813524,23029.0,15.934223525287615,0.0,5,5,0,0,5,4,31490,0,0,0,0,1
2020-07-09,US,Maine,York,557,11,0,43.47808377,-70.71052375,23031.0,268.25145322937186,1.9748653500897664,546,558,11,0,547,555,206229,-1,0,0,-1,3
2020-07-09,US,Maryland,Allegany,212,18,0,39.62357628,-78.69280486,24001.0,301.06793910474886,8.49056603773585,194,212,18,0,194,210,70975,0,0,0,0,2
2020-07-09,US,Maryland,Anne Arundel,5391,210,0,39.00670238,-76.60329337,24003.0,930.711940252126,3.895381190873678,5181,5341,210,0,5131,5305,576031,50,0,0,50,36
2020-07-09,US,Maryland,Baltimore,8497,493,0,39.45784712,-76.62911955,24005.0,1026.9891342446547,5.802047781569966,8004,8443,490,0,7953,8381,828431,54,3,0,51,62
2020-07-09,US,Maryland,Baltimore City,8155,358,0,39.30211911,-76.61151012,24510.0,1374.0753845894624,4.389944819129369,7797,8071,355,0,7716,8000,621342,84,3,0,81,71
2020-07-09,US,Maryland,Calvert,435,27,0,38.53961642,-76.56820632,24009.0,470.1432045393137,6.206896551724138,408,425,27,0,398,422,92003,10,0,0,10,3
2020-07-09,US,Maryland,Caroline,329,3,0,38.87172293,-75.82904158,24011.0,984.8530204154944,0.9118541033434652,326,325,3,0,322,323,33304,4,0,0,4,2
2020-07-09,US,Maryland,Carroll,1190,114,0,39.56453592,-77.02373735,24013.0,706.4536619827009,9.579831932773107,1076,1188,114,0,1074,1182,168429,2,0,0,2,6
2020-07-09,US,Maryland,Cecil,514,29,0,39.56647682,-75.94627411,24015.0,499.7326333187497,5.642023346303503,485,512,29,0,483,505,102826,2,0,0,2,7
2020-07-09,US,Maryland,Charles,1483,89,0,38.51092331,-76.98580666,24017.0,908.3837140214508,6.001348617666892,1394,1473,88,0,1385,1451,161503,10,1,0,9,22
2020-07-09,US,Maryland,Dorchester,199,5,0,38.45413522,-76.02752426,24019.0,623.2578533621472,2.512562814070352,194,199,5,0,194,199,31998,0,0,0,0,0
2020-07-09,US,Maryland,Frederick,2567,120,0,39.47296601,-77.39999394,24021.0,989.0308884325383,4.674717569146863,2447,2553,120,0,2433,2551,255648,14,0,0,14,2
2020-07-09,US,Maryland,Garrett,17,0,0,39.52786077,-79.27355126,24023.0,58.59240366719515,0.0,17,16,0,0,16,15,29163,1,0,0,1,1
2020-07-09,US,Maryland,Harford,1225,64,0,39.55010644,-76.30775940000002,24025.0,479.56279532259896,5.224489795918367,1161,1209,64,0,1145,1198,253956,16,0,0,16,11
2020-07-09,US,Maryland,Howard,2751,92,0,39.25305293,-76.93126208,24027.0,844.6682428075778,3.3442384587422755,2659,2723,93,0,2630,2685,323196,28,-1,0,29,38
2020-07-09,US,Maryland,Kent,203,23,0,39.24976208,-76.04741541,24029.0,1045.206466893214,11.330049261083744,180,204,23,0,181,204,19383,-1,0,0,-1,0
2020-07-09,US,Maryland,Montgomery,15503,754,0,39.13676329,-77.20358245,24031.0,1475.5093805201925,4.863574791975747,14749,15400,752,0,14648,15332,1052567,103,2,0,101,68
2020-07-09,US,Maryland,Prince George's,19456,700,0,38.83070039,-76.8496441,24033.0,2139.604344751668,3.5978618421052637,18756,19285,699,0,18586,19182,909308,171,1,0,170,103
2020-07-09,US,Maryland,Queen Anne's,268,23,0,39.06198912,-76.03530977,24035.0,531.9465671582541,8.582089552238806,245,260,21,0,239,256,50251,8,2,0,6,4
2020-07-09,US,Maryland,Somerset,94,3,0,38.1163542,-75.75118623,24039.0,366.9581511555278,3.191489361702128,91,93,3,0,90,91,25675,1,0,0,1,2
2020-07-09,US,Maryland,St. Mary's,673,51,0,38.30058422,-76.60629279999998,24037.0,592.899304026077,7.578008915304606,622,666,51,0,615,662,112664,7,0,0,7,4
2020-07-09,US,Maryland,Talbot,165,4,0,38.76618159,-76.10882561,24041.0,443.775046394664,2.4242424242424243,161,161,4,0,157,155,36968,4,0,0,4,6
2020-07-09,US,Maryland,Unassigned,0,21,0,0.0,0.0,90024.0,0.0,0.0,-21,0,19,0,-19,0,,0,2,0,-2,0
2020-07-09,US,Maryland,Washington,702,29,0,39.60835778,-77.82002295,24043.0,464.7498493866228,4.131054131054132,673,694,29,0,665,691,150926,8,0,0,8,3
2020-07-09,US,Maryland,Wicomico,1109,41,0,38.37301947,-75.62705831,24045.0,1070.3703346234402,3.69702434625789,1068,1102,41,0,1061,1095,103195,7,0,0,7,7
2020-07-09,US,Maryland,Worcester,309,17,0,38.21274277,-75.33200012,24047.0,591.0934271941235,5.501618122977346,292,306,17,0,289,301,51823,3,0,0,3,5
2020-07-09,US,Massachusetts,Barnstable,1566,150,0,41.72980578,-70.28854339,25001.0,735.245786187145,9.578544061302683,1416,1563,150,0,1413,1561,213413,3,0,0,3,2
2020-07-09,US,Massachusetts,Berkshire,609,45,0,42.37428441,-73.20524838,25003.0,487.4183634268152,7.389162561576356,564,604,45,0,559,604,126348,5,0,0,5,0
2020-07-09,US,Massachusetts,Bristol,8399,594,0,41.79228404,-71.10872211,25005.0,1485.9779518308897,7.072270508393856,7805,8365,592,0,7773,8348,564022,34,2,0,32,17
2020-07-09,US,Massachusetts,Dukes and Nantucket,77,1,0,41.40674725,-70.68763497,0.0,268.0032021161811,1.2987012987012987,76,74,1,0,73,71,26707,3,0,0,3,3
2020-07-09,US,Massachusetts,Essex,16379,1133,0,42.6687626,-70.94687179,25009.0,2075.829431938294,6.917394224311619,15246,16342,1131,0,15211,16318,790638,37,2,0,35,24
2020-07-09,US,Massachusetts,Franklin,381,56,0,42.58119713,-72.58602547,25011.0,542.889712168709,14.698162729658792,325,376,55,0,321,373,70963,5,1,0,4,3
2020-07-09,US,Massachusetts,Hampden,6932,671,0,42.13440424,-72.63235561,25013.0,1486.3671060869865,9.679746105020195,6261,6903,672,0,6231,6895,470406,29,-1,0,30,8
2020-07-09,US,Massachusetts,Hampshire,993,117,0,42.33997957,-72.65898478,25015.0,617.4221227382951,11.782477341389727,876,991,116,0,875,986,161355,2,1,0,1,5
2020-07-09,US,Massachusetts,Middlesex,24348,1903,0,42.48607732,-71.39049229,25017.0,1510.703921762066,7.815837029735503,22445,24300,1897,0,22403,24243,1614714,48,6,0,42,57
2020-07-09,US,Massachusetts,Norfolk,9384,950,0,42.16073095,-71.20530408,25021.0,1327.720986169573,10.123614663256607,8434,9339,943,0,8396,9306,705388,45,7,0,38,33
2020-07-09,US,Massachusetts,Plymouth,8777,674,0,41.94070556,-70.80802823,25023.0,1683.9920031005256,7.679161444684973,8103,8765,673,0,8092,8757,518132,12,1,0,11,8
2020-07-09,US,Massachusetts,Suffolk,20172,1013,0,42.327951399999996,-71.07850442,25025.0,2509.2454724240492,5.021812413246083,19159,20120,1012,0,19108,20048,807252,52,1,0,51,72
2020-07-09,US,Massachusetts,Unassigned,297,7,0,0.0,0.0,90025.0,0.0,2.356902356902357,290,298,7,0,291,294,,-1,0,0,-1,4
2020-07-09,US,Massachusetts,Worcester,12583,954,0,42.35026951,-71.90493363,25027.0,1514.888842337429,7.581657792259397,11629,12562,949,0,11613,12534,830839,21,5,0,16,28
2020-07-09,US,Michigan,Alcona,24,1,0,44.6846864,-83.59507875,26001.0,230.6583373378184,4.166666666666667,23,22,1,0,21,22,10362,2,0,0,2,0
2020-07-09,US,Michigan,Alger,4,0,0,46.41292944,-86.60260122,26003.0,43.917435221783045,0.0,4,4,0,0,4,4,9097,0,0,0,0,0
2020-07-09,US,Michigan,Allegan,358,7,0,42.59147037,-85.89102866,26005.0,303.18171424699995,1.9553072625698324,351,353,7,0,346,346,117327,5,0,0,5,7
2020-07-09,US,Michigan,Alpena,123,11,0,45.03477666,-83.62212411,26007.0,433.0223552191516,8.943089430894311,112,123,11,0,112,123,28360,0,0,0,0,0
2020-07-09,US,Michigan,Antrim,24,0,0,44.99690221,-85.15503082,26009.0,102.89830217801406,0.0,24,24,0,0,24,23,23365,0,0,0,0,1
2020-07-09,US,Michigan,Arenac,38,2,0,44.0636262,-83.89277559,26011.0,255.32486729825973,5.2631578947368425,36,38,2,0,36,38,15041,0,0,0,0,0
2020-07-09,US,Michigan,Baraga,5,0,0,46.6720582,-88.36363591,26013.0,60.9087586794981,0.0,5,5,0,0,5,5,8320,0,0,0,0,0
2020-07-09,US,Michigan,Barry,123,3,0,42.59513984,-85.30834519,26015.0,199.83753046303815,2.4390243902439024,120,121,2,0,119,120,61157,2,1,0,1,1
2020-07-09,US,Michigan,Bay,415,31,0,43.70639106,-83.98731479,26017.0,402.4203401663984,7.46987951807229,384,410,31,0,379,407,103923,5,0,0,5,3
2020-07-09,US,Michigan,Benzie,11,0,0,44.63899297,-86.01608482,26019.0,61.91601936282788,0.0,11,11,0,0,11,11,17753,0,0,0,0,0
2020-07-09,US,Michigan,Berrien,967,60,0,41.95447397,-86.41313079999998,26021.0,630.3739871317657,6.204756980351603,907,954,60,0,894,939,154141,13,0,0,13,15
2020-07-09,US,Michigan,Branch,266,2,0,41.91600556,-85.05929476,26023.0,611.2553714640255,0.7518796992481203,264,265,2,0,263,260,43622,1,0,0,1,5
2020-07-09,US,Michigan,Calhoun,594,39,0,42.24633834,-85.00493569,26025.0,442.7582197243568,6.565656565656567,555,583,39,0,544,576,134487,11,0,0,11,7
2020-07-09,US,Michigan,Cass,179,6,0,41.91522292,-85.99405727,26027.0,345.6465908432618,3.35195530726257,173,177,6,0,171,172,51653,2,0,0,2,5
2020-07-09,US,Michigan,Charlevoix,30,2,0,45.37790017,-85.19614053,26029.0,114.7534712925066,6.666666666666668,28,30,2,0,28,30,26244,0,0,0,0,0
2020-07-09,US,Michigan,Cheboygan,27,2,0,45.44787015,-84.50122149,26031.0,106.82069947776549,7.407407407407407,25,27,2,0,25,28,25413,0,0,0,0,-1
2020-07-09,US,Michigan,Chippewa,16,0,0,46.29552653,-84.54353449,26033.0,42.83916570724785,0.0,16,14,0,0,14,14,37517,2,0,0,2,0
2020-07-09,US,Michigan,Clare,32,3,0,43.98794227,-84.84819859999998,26035.0,103.39256865912762,9.375,29,32,3,0,29,30,30757,0,0,0,0,2
2020-07-09,US,Michigan,Clinton,279,12,0,42.94400871,-84.60145248,26037.0,350.5245304353289,4.301075268817204,267,271,12,0,259,263,79332,8,0,0,8,8
2020-07-09,US,Michigan,Crawford,81,5,0,44.68255561,-84.61006219,26039.0,577.3754365956232,6.172839506172839,76,81,5,0,76,81,13901,0,0,0,0,0
2020-07-09,US,Michigan,Delta,30,3,0,45.90484910000001,-86.9080745,26041.0,83.83635144198523,10.0,27,27,3,0,24,27,35857,3,0,0,3,0
2020-07-09,US,Michigan,Dickinson,16,2,0,46.00999672,-87.86961634,26043.0,63.39395380165617,12.5,14,16,2,0,14,15,25383,0,0,0,0,1
2020-07-09,US,Michigan,Eaton,348,7,0,42.59599185,-84.83740035,26045.0,315.5947328327348,2.0114942528735638,341,348,7,0,341,347,109826,0,0,0,0,1
2020-07-09,US,Michigan,Emmet,35,2,0,45.52625509,-84.89083249,26047.0,104.7433787221308,5.7142857142857135,33,33,2,0,31,32,33308,2,0,0,2,1
2020-07-09,US,Michigan,Federal Correctional Institution (FCI),186,5,0,0.0,0.0,0.0,0.0,2.6881720430107525,181,186,5,0,181,186,,0,0,0,0,0
2020-07-09,US,Michigan,Genesee,2870,290,0,43.02244215,-83.70589709,26049.0,707.2222920409154,10.104529616724738,2580,2860,290,0,2570,2837,406892,10,0,0,10,23
2020-07-09,US,Michigan,Gladwin,27,1,0,43.98901072,-84.38774817,26051.0,106.09454202522691,3.703703703703704,26,28,1,0,27,27,25337,-1,0,0,-1,1
2020-07-09,US,Michigan,Gogebic,11,1,0,46.40862701,-89.69377193,26053.0,78.71198568872988,9.090909090909092,10,11,1,0,10,11,15096,0,0,0,0,0
2020-07-09,US,Michigan,Grand Traverse,78,5,0,44.69565625,-85.55585247,26055.0,83.79168099003094,6.410256410256411,73,70,5,0,65,70,92573,8,0,0,8,0
2020-07-09,US,Michigan,Gratiot,105,14,0,43.29265605,-84.60505416,26057.0,257.9155510795608,13.333333333333336,91,100,14,0,86,96,40599,5,0,0,5,4
2020-07-09,US,Michigan,Hillsdale,206,25,0,41.88753639,-84.59312019,26059.0,451.70485692358284,12.135922330097088,181,203,25,0,178,202,45749,3,0,0,3,1
2020-07-09,US,Michigan,Houghton,27,0,0,46.89988536,-88.68495385,26061.0,75.66416321040242,0.0,27,21,0,0,21,20,36219,6,0,0,6,1
2020-07-09,US,Michigan,Huron,73,3,0,43.83353985,-83.04078453,26063.0,235.6282883057357,4.109589041095891,70,69,3,0,66,68,31166,4,0,0,4,1
2020-07-09,US,Michigan,Ingham,1142,30,0,42.59716886,-84.37472069,26065.0,390.552861432392,2.626970227670753,1112,1129,29,0,1100,1114,292735,13,1,0,12,15
2020-07-09,US,Michigan,Ionia,205,4,0,42.94502238,-85.07413319,26067.0,316.8616782849282,1.951219512195122,201,205,4,0,201,205,64210,0,0,0,0,0
2020-07-09,US,Michigan,Iosco,120,11,0,44.35486835,-83.63484895,26069.0,477.5739244637242,9.166666666666666,109,118,11,0,107,118,25081,2,0,0,2,0
2020-07-09,US,Michigan,Iron,6,1,0,46.20974132,-88.53136251,26071.0,54.220133742996566,16.666666666666668,5,6,1,0,5,6,11117,0,0,0,0,0
2020-07-09,US,Michigan,Isabella,146,8,0,43.64060976,-84.84664923,26073.0,208.953514998855,5.479452054794519,138,139,8,0,131,135,70562,7,0,0,7,4
2020-07-09,US,Michigan,Jackson,535,32,0,42.24807035,-84.42258681,26075.0,337.51813765693015,5.981308411214952,503,532,32,0,500,528,158823,3,0,0,3,4
2020-07-09,US,Michigan,Kalamazoo,1172,70,0,42.24542231,-85.53038622,26077.0,442.15402956244867,5.972696245733787,1102,1156,69,0,1087,1131,264870,16,1,0,15,25
2020-07-09,US,Michigan,Kalkaska,41,2,0,44.68512729,-85.09085699,26079.0,227.29792659940125,4.878048780487805,39,41,2,0,39,41,17824,0,0,0,0,0
2020-07-09,US,Michigan,Kent,5575,139,0,43.03197711,-85.54934642,26081.0,848.6121576059243,2.493273542600897,5436,5456,139,0,5317,5380,653786,119,0,0,119,76
2020-07-09,US,Michigan,Keweenaw,1,0,0,47.63197653,-88.41434263,26083.0,47.25897920604915,0.0,1,1,0,0,1,1,2113,0,0,0,0,0
2020-07-09,US,Michigan,Lake,12,0,0,43.99050893,-85.802173,26085.0,101.24019235636548,0.0,12,11,0,0,11,12,11881,1,0,0,1,-1
2020-07-09,US,Michigan,Lapeer,313,31,0,43.09052506,-83.22153148,26087.0,357.27738651021036,9.904153354632587,282,309,31,0,278,308,88028,4,0,0,4,1
2020-07-09,US,Michigan,Leelanau,32,0,0,44.94430054,-85.80150326,26089.0,147.0520656219843,0.0,32,30,0,0,30,27,21764,2,0,0,2,3
2020-07-09,US,Michigan,Lenawee,258,10,0,41.89475156,-84.06603727,26091.0,262.05929853429626,3.875968992248062,248,252,8,0,244,239,98266,6,2,0,4,13
2020-07-09,US,Michigan,Livingston,607,28,0,42.60302282,-83.91297209,26093.0,316.15406651214875,4.612850082372323,579,601,28,0,573,600,191224,6,0,0,6,1
2020-07-09,US,Michigan,Luce,3,0,0,46.47227431,-85.54471223,26095.0,48.16182372772515,0.0,3,3,0,0,3,3,6283,0,0,0,0,0
2020-07-09,US,Michigan,Mackinac,9,0,0,46.07028979,-85.04980537,26097.0,83.34105009723123,0.0,9,9,0,0,9,9,10787,0,0,0,0,0
2020-07-09,US,Michigan,Macomb,7690,923,0,42.69158356,-82.92752801,26099.0,879.8908889529641,12.00260078023407,6767,7651,923,0,6728,7625,874759,39,0,0,39,26
2020-07-09,US,Michigan,Manistee,25,0,0,44.33352407,-86.05626916,26101.0,101.79982083231528,0.0,25,25,0,0,25,25,24528,0,0,0,0,0
2020-07-09,US,Michigan,Marquette,85,11,0,46.4338914,-87.64043701,26103.0,127.4381924766488,12.941176470588234,74,84,11,0,73,83,66516,1,0,0,1,1
2020-07-09,US,Michigan,Mason,72,0,0,43.99509218,-86.24988902,26105.0,247.04913532802638,0.0,72,70,0,0,70,66,29100,2,0,0,2,4
2020-07-09,US,Michigan,Mecosta,34,2,0,43.64064262,-85.32463223,26107.0,78.24546061261594,5.882352941176472,32,32,2,0,30,32,43545,2,0,0,2,0
2020-07-09,US,Michigan,Menominee,32,0,0,45.58038692,-87.55370409,26109.0,140.47410008779627,0.0,32,29,0,0,29,25,22983,3,0,0,3,4
2020-07-09,US,Michigan,Michigan Department of Corrections (MDOC),4116,68,0,0.0,0.0,0.0,0.0,1.6520894071914483,4048,4118,68,0,4050,4118,,-2,0,0,-2,0
2020-07-09,US,Michigan,Midland,178,9,0,43.64330771,-84.38804374,26111.0,214.0555101255472,5.056179775280898,169,173,9,0,164,172,83209,5,0,0,5,1
2020-07-09,US,Michigan,Missaukee,34,1,0,44.33772443,-85.09256478,26113.0,224.89747321074216,2.9411764705882355,33,34,1,0,33,33,15113,0,0,0,0,1
2020-07-09,US,Michigan,Monroe,656,21,0,41.92734151,-83.53749864,26115.0,435.8803986710963,3.2012195121951224,635,653,21,0,632,647,150439,3,0,0,3,6
2020-07-09,US,Michigan,Montcalm,120,1,0,43.31082541,-85.15252824,26117.0,187.82870022539444,0.8333333333333334,119,118,1,0,117,111,63968,2,0,0,2,7
2020-07-09,US,Michigan,Montmorency,5,0,0,45.0275929,-84.12696227,26119.0,53.60205831903945,0.0,5,5,0,0,5,5,9265,0,0,0,0,0
2020-07-09,US,Michigan,Muskegon,881,53,0,43.29123859,-86.15176712,26121.0,507.5878916377632,6.015891032917139,828,877,53,0,824,867,173588,4,0,0,4,10
2020-07-09,US,Michigan,Newaygo,189,0,0,43.554373999999996,-85.80070107,26123.0,385.87178440179673,0.0,189,184,0,0,184,182,48892,5,0,0,5,2
2020-07-09,US,Michigan,Oakland,12488,1097,0,42.66090111,-83.38595416,26125.0,993.0151783101567,8.784433055733505,11391,12408,1096,0,11312,12320,1259201,80,1,0,79,88
2020-07-09,US,Michigan,Oceana,372,4,0,43.64124435,-86.26726673,26127.0,1405.5238599010086,1.075268817204301,368,365,4,0,361,354,26625,7,0,0,7,11
2020-07-09,US,Michigan,Ogemaw,45,2,0,44.33481032,-84.12725175,26129.0,214.3163309044149,4.4444444444444455,43,44,2,0,42,42,20952,1,0,0,1,2
2020-07-09,US,Michigan,Ontonagon,1,0,0,46.665226200000006,-89.31390481,26131.0,17.482517482517483,0.0,1,1,0,0,1,1,5795,0,0,0,0,0
2020-07-09,US,Michigan,Osceola,44,0,0,43.98992088,-85.32566756,26133.0,187.5532821824381,0.0,44,42,0,0,42,41,23341,2,0,0,2,1
2020-07-09,US,Michigan,Oscoda,22,1,0,44.68192279,-84.12939244,26135.0,266.9578934595316,4.545454545454546,21,22,1,0,21,21,8276,0,0,0,0,1
2020-07-09,US,Michigan,Otsego,124,10,0,45.02085831,-84.59898295,26137.0,502.6755310523756,8.064516129032258,114,124,10,0,114,124,24665,0,0,0,0,0
2020-07-09,US,Michigan,Ottawa,1204,52,0,42.95996803,-85.9969107,26139.0,412.5689613816263,4.318936877076412,1152,1181,52,0,1129,1156,290494,23,0,0,23,25
2020-07-09,US,Michigan,Out of MI,39,0,0,0.0,0.0,80026.0,0.0,0.0,39,134,0,0,134,127,,-95,0,0,-95,7
2020-07-09,US,Michigan,Presque Isle,13,0,0,45.34018577,-83.91498656,26141.0,103.24015247776366,0.0,13,13,0,0,13,14,12738,0,0,0,0,-1
2020-07-09,US,Michigan,Roscommon,29,0,0,44.33473082,-84.61067651,26143.0,120.73774928181857,0.0,29,29,0,0,29,29,23884,0,0,0,0,0
2020-07-09,US,Michigan,Saginaw,1361,124,0,43.33433923,-84.05131209999998,26145.0,714.2894630495595,9.11094783247612,1237,1355,124,0,1231,1342,190800,6,0,0,6,13
2020-07-09,US,Michigan,Sanilac,55,6,0,43.42406072,-82.82055898,26151.0,133.59242166626186,10.909090909090908,49,55,6,0,49,54,41182,0,0,0,0,1
2020-07-09,US,Michigan,Schoolcraft,7,0,0,46.19235734,-86.19972234,26153.0,86.48381517173216,0.0,7,7,0,0,7,6,8068,0,0,0,0,1
2020-07-09,US,Michigan,Shiawassee,283,28,0,42.95392800000001,-84.14585902,26155.0,415.4311382519597,9.89399293286219,255,280,28,0,252,278,68192,3,0,0,3,2
2020-07-09,US,Michigan,St. Clair,599,53,0,42.92655373,-82.67937954,26147.0,376.4265245588457,8.848080133555927,546,596,52,0,544,593,159337,3,1,0,2,3
2020-07-09,US,Michigan,St. Joseph,368,5,0,41.91441767,-85.52797979,26149.0,603.6349320910701,1.358695652173913,363,361,5,0,356,358,61043,7,0,0,7,3
2020-07-09,US,Michigan,Tuscola,243,26,0,43.46606813,-83.41897025,26157.0,465.11627906976736,10.699588477366255,217,241,26,0,215,238,52516,2,0,0,2,3
2020-07-09,US,Michigan,Unassigned,5,0,0,0.0,0.0,90026.0,0.0,0.0,5,4,0,0,4,6,,1,0,0,1,-2
2020-07-09,US,Michigan,Van Buren,257,9,0,42.25190229,-86.01939087,26159.0,339.6011998361457,3.5019455252918283,248,256,8,0,248,246,75448,1,1,0,0,10
2020-07-09,US,Michigan,Washtenaw,1849,107,0,42.253105,-83.83853204,26161.0,502.99101471432334,5.78691184424013,1742,1817,107,0,1710,1790,370963,32,0,0,32,27
2020-07-09,US,Michigan,Wayne,23701,2744,0,42.28098405,-83.281255,26163.0,1354.8515071086688,11.577570566642757,20957,23597,2743,0,20854,23435,1753893,104,1,0,103,162
2020-07-09,US,Michigan,Wexford,52,4,0,44.33853602,-85.57712739,26165.0,154.61925009663705,7.6923076923076925,48,51,4,0,47,47,33466,1,0,0,1,4
2020-07-09,US,Minnesota,Aitkin,15,0,0,46.60962049,-93.41168259999999,27001.0,94.42276218053631,0.0,15,15,0,0,15,15,15902,0,0,0,0,0
2020-07-09,US,Minnesota,Anoka,2328,111,0,45.27476015,-93.24604565,27003.0,652.2451747025252,4.768041237113403,2217,2293,110,0,2183,2266,353813,35,1,0,34,27
2020-07-09,US,Minnesota,Becker,57,0,0,46.93479392,-95.67158144,27005.0,165.58696220550215,0.0,57,57,0,0,57,57,34371,0,0,0,0,0
2020-07-09,US,Minnesota,Beltrami,41,0,0,47.97373527,-94.93732139,27007.0,86.8864965669238,0.0,41,35,0,0,35,34,46847,6,0,0,6,1
2020-07-09,US,Minnesota,Benton,228,3,0,45.69804958,-93.99514135,27009.0,557.6071804152706,1.3157894736842106,225,221,3,0,218,220,40545,7,0,0,7,1
2020-07-09,US,Minnesota,Big Stone,17,0,0,45.42712824,-96.41403739,27011.0,340.6131035864556,0.0,17,17,0,0,17,15,4989,0,0,0,0,2
2020-07-09,US,Minnesota,Blue Earth,535,2,0,44.03554215,-94.06699781,27013.0,790.8001123379597,0.37383177570093457,533,510,2,0,508,494,67427,25,0,0,25,16
2020-07-09,US,Minnesota,Brown,39,2,0,44.24205652,-94.72562874,27015.0,155.95009596928983,5.128205128205129,37,37,2,0,35,34,25111,2,0,0,2,3
2020-07-09,US,Minnesota,Carlton,89,0,0,46.59180601,-92.67601019,27017.0,248.11128766970526,0.0,89,88,0,0,88,87,35837,1,0,0,1,1
2020-07-09,US,Minnesota,Carver,433,1,0,44.82017001,-93.80099179999999,27019.0,412.03170645833535,0.2309468822170901,432,417,1,0,416,395,103551,16,0,0,16,22
2020-07-09,US,Minnesota,Cass,19,2,0,46.95043611,-94.32603968,27021.0,63.8033513549817,10.526315789473683,17,19,2,0,17,16,29519,0,0,0,0,3
2020-07-09,US,Minnesota,Chippewa,79,1,0,45.02343421,-95.56403693,27023.0,669.4915254237287,1.2658227848101269,78,79,1,0,78,79,11924,0,0,0,0,0
2020-07-09,US,Minnesota,Chisago,103,1,0,45.5021011,-92.90861945,27025.0,182.0463422824723,0.9708737864077671,102,102,1,0,101,102,55922,1,0,0,1,0
2020-07-09,US,Minnesota,Clay,598,38,0,46.89289518,-96.48761922,27027.0,931.1450904674408,6.354515050167223,560,595,38,0,557,591,63955,3,0,0,3,4
2020-07-09,US,Minnesota,Clearwater,10,0,0,47.57992111,-95.37790562,27029.0,113.40440009072351,0.0,10,9,0,0,9,9,8810,1,0,0,1,0
2020-07-09,US,Minnesota,Cook,1,0,0,47.90504893,-90.52629546,27031.0,18.304960644334614,0.0,1,1,0,0,1,1,5393,0,0,0,0,0
2020-07-09,US,Minnesota,Cottonwood,138,0,0,44.00715262,-95.18138802,27033.0,1232.583065380493,0.0,138,137,0,0,137,136,11277,1,0,0,1,1
2020-07-09,US,Minnesota,Crow Wing,108,12,0,46.48096553,-94.06755609,27035.0,166.01337329951582,11.111111111111109,96,109,12,0,97,108,64889,-1,0,0,-1,1
2020-07-09,US,Minnesota,Dakota,2524,94,0,44.67172617,-93.06299363,27037.0,588.3161896503901,3.7242472266244055,2430,2479,93,0,2386,2421,425423,45,1,0,44,58
2020-07-09,US,Minnesota,Dodge,93,0,0,44.02238415,-92.86244324,27039.0,444.25336772714246,0.0,93,92,0,0,92,88,20822,1,0,0,1,4
2020-07-09,US,Minnesota,Douglas,67,0,0,45.93348491,-95.45335469,27041.0,175.66398363965286,0.0,67,66,0,0,66,65,37964,1,0,0,1,1
2020-07-09,US,Minnesota,Faribault,60,0,0,43.67381499,-93.94787458,27043.0,439.46385409800047,0.0,60,60,0,0,60,60,13758,0,0,0,0,0
2020-07-09,US,Minnesota,Fillmore,30,0,0,43.67394126,-92.08980382,27045.0,142.40281008211898,0.0,30,30,0,0,30,30,21058,0,0,0,0,0
2020-07-09,US,Minnesota,Freeborn,302,0,0,43.67385583,-93.34884422,27047.0,997.3250553152144,0.0,302,298,0,0,298,297,30444,4,0,0,4,1
2020-07-09,US,Minnesota,Goodhue,137,8,0,44.40849741,-92.72341949999999,27049.0,295.64091497626237,5.8394160583941614,129,132,8,0,124,131,46403,5,0,0,5,1
2020-07-09,US,Minnesota,Grant,22,0,0,45.93424769,-96.01139609,27051.0,368.3858004018754,0.0,22,17,0,0,17,17,6021,5,0,0,5,0
2020-07-09,US,Minnesota,Hennepin,12867,789,0,45.00761521,-93.47694895,27053.0,1016.4767668660334,6.13196549312194,12078,12703,789,0,11914,12597,1259428,164,0,0,164,106
2020-07-09,US,Minnesota,Houston,29,0,0,43.67129565,-91.49143057,27055.0,155.91397849462362,0.0,29,28,0,0,28,27,18578,1,0,0,1,1
2020-07-09,US,Minnesota,Hubbard,8,0,0,47.10778564,-94.91693868,27057.0,37.22488483551254,0.0,8,8,0,0,8,8,21332,0,0,0,0,0
2020-07-09,US,Minnesota,Isanti,78,0,0,45.56181234,-93.29487636,27059.0,192.13715637008568,0.0,78,76,0,0,76,75,39966,2,0,0,2,1
2020-07-09,US,Minnesota,Itasca,68,12,0,47.51009045,-93.63092229,27061.0,150.67582539330826,17.647058823529417,56,65,12,0,53,64,45108,3,0,0,3,1
2020-07-09,US,Minnesota,Jackson,57,0,0,43.67423373,-95.15398258,27063.0,578.915295551493,0.0,57,55,0,0,55,55,9911,2,0,0,2,0
2020-07-09,US,Minnesota,Kanabec,16,1,0,45.9459309,-93.29275192,27065.0,97.93719777192877,6.25,15,15,1,0,14,15,16207,1,0,0,1,0
2020-07-09,US,Minnesota,Kandiyohi,584,1,0,45.1526059,-95.00586446,27067.0,1351.8831454431815,0.17123287671232876,583,582,1,0,581,578,42855,2,0,0,2,4
2020-07-09,US,Minnesota,Kittson,2,0,0,48.77754106,-96.78317184,27069.0,46.533271288971605,0.0,2,2,0,0,2,2,4248,0,0,0,0,0
2020-07-09,US,Minnesota,Koochiching,17,1,0,48.24539665,-93.78352843,27071.0,139.01381960912585,5.882352941176472,16,17,1,0,16,18,12440,0,0,0,0,-1
2020-07-09,US,Minnesota,Lac qui Parle,4,0,0,44.9973857,-96.17488219,27073.0,60.3955911218481,0.0,4,4,0,0,4,4,6658,0,0,0,0,0
2020-07-09,US,Minnesota,Lake,6,0,0,47.64270764,-91.44557998,27075.0,56.385678037778405,0.0,6,6,0,0,6,6,10658,0,0,0,0,0
2020-07-09,US,Minnesota,Le Sueur,117,1,0,44.37136597,-93.72844721,27079.0,405.0264825007789,0.8547008547008547,116,110,1,0,109,108,28494,7,0,0,7,2
2020-07-09,US,Minnesota,Lincoln,11,0,0,44.41311883,-96.26688165,27081.0,195.07004788083,0.0,11,11,0,0,11,10,5673,0,0,0,0,1
2020-07-09,US,Minnesota,Lyon,331,2,0,44.41327865,-95.83806103,27083.0,1299.364057470362,0.6042296072507553,329,327,2,0,325,327,25629,4,0,0,4,0
2020-07-09,US,Minnesota,Mahnomen,10,1,0,47.32557075,-95.80921485,27087.0,180.92998009770213,10.0,9,10,1,0,9,10,5519,0,0,0,0,0
2020-07-09,US,Minnesota,Marshall,12,0,0,48.35825983,-96.37017407,27089.0,128.53470437017995,0.0,12,12,0,0,12,12,9390,0,0,0,0,0
2020-07-09,US,Minnesota,Martin,171,5,0,43.67429718,-94.55099908,27091.0,868.7700045724738,2.9239766081871346,166,171,5,0,166,171,19785,0,0,0,0,0
2020-07-09,US,Minnesota,McLeod,96,0,0,44.82367677,-94.27287017,27085.0,267.46162204329534,0.0,96,94,0,0,94,92,35873,2,0,0,2,2
2020-07-09,US,Minnesota,Meeker,62,1,0,45.12328869,-94.52839455,27093.0,266.98820084402723,1.6129032258064515,61,61,1,0,60,61,23141,1,0,0,1,0
2020-07-09,US,Minnesota,Mille Lacs,34,2,0,45.93705297,-93.63236823,27095.0,129.39072192411615,5.882352941176472,32,34,2,0,32,34,26139,0,0,0,0,0
2020-07-09,US,Minnesota,Morrison,61,1,0,46.01265363,-94.27341528,27097.0,182.7113161205296,1.639344262295082,60,61,1,0,60,61,33169,0,0,0,0,0
2020-07-09,US,Minnesota,Mower,972,2,0,43.67142874,-92.75234549,27099.0,2426.239329039988,0.20576131687242802,970,965,2,0,963,960,40011,7,0,0,7,5
2020-07-09,US,Minnesota,Murray,67,0,0,44.02216709,-95.76328482,27101.0,817.6714669270198,0.0,67,66,0,0,66,65,8276,1,0,0,1,1
2020-07-09,US,Minnesota,Nicollet,187,12,0,44.35291112,-94.24710352,27103.0,545.603081052693,6.4171122994652405,175,176,12,0,164,173,34220,11,0,0,11,3
2020-07-09,US,Minnesota,Nobles,1676,6,0,43.67434621,-95.75329576,27105.0,7748.855702991354,0.35799522673031026,1670,1672,6,0,1666,1672,21924,4,0,0,4,0
2020-07-09,US,Minnesota,Norman,21,0,0,47.32628443,-96.45620947,27107.0,329.4117647058824,0.0,21,21,0,0,21,20,6475,0,0,0,0,1
2020-07-09,US,Minnesota,Olmsted,1196,17,0,44.00374114,-92.40209944,27109.0,755.5608902478316,1.4214046822742474,1179,1168,17,0,1151,1147,156277,28,0,0,28,21
2020-07-09,US,Minnesota,Otter Tail,102,1,0,46.40846929,-95.70835255,27111.0,173.62884281482994,0.9803921568627452,101,100,1,0,99,100,58812,2,0,0,2,0
2020-07-09,US,Minnesota,Pennington,53,0,0,48.06642577,-96.0370814,27113.0,375.3806926836178,0.0,53,52,0,0,52,52,14178,1,0,0,1,0
2020-07-09,US,Minnesota,Pine,111,0,0,46.12105238,-92.74070188,27115.0,375.26623618107436,0.0,111,110,0,0,110,107,29483,1,0,0,1,3
2020-07-09,US,Minnesota,Pipestone,66,4,0,44.02301619,-96.25841142,27117.0,723.2084155161078,6.0606060606060606,62,63,2,0,61,59,9047,3,2,0,1,4
2020-07-09,US,Minnesota,Polk,86,3,0,47.77372465,-96.40134647,27119.0,274.1997194235429,3.4883720930232562,83,84,2,0,82,82,31529,2,1,0,1,2
2020-07-09,US,Minnesota,Pope,12,0,0,45.58606667,-95.44451209,27121.0,106.67614899102142,0.0,12,12,0,0,12,12,11097,0,0,0,0,0
2020-07-09,US,Minnesota,Ramsey,5066,230,0,45.01625271,-93.09872295,27123.0,920.5536405116287,4.5400710619818385,4836,5013,230,0,4783,4963,550210,53,0,0,53,50
2020-07-09,US,Minnesota,Red Lake,4,0,0,47.87197525,-96.09561104,27125.0,98.64364981504316,0.0,4,4,0,0,4,4,3999,0,0,0,0,0
2020-07-09,US,Minnesota,Redwood,21,0,0,44.40555844,-95.25207021,27127.0,138.43111404087014,0.0,21,20,0,0,20,19,15249,1,0,0,1,1
2020-07-09,US,Minnesota,Renville,37,2,0,44.72836381,-94.94553734,27129.0,254.3304921638713,5.405405405405406,35,36,2,0,34,36,14612,1,0,0,1,0
2020-07-09,US,Minnesota,Rice,862,8,0,44.3543376,-93.29658715,27131.0,1287.1050588305561,0.9280742459396752,854,859,8,0,851,848,66523,3,0,0,3,11
2020-07-09,US,Minnesota,Rock,31,0,0,43.67482683,-96.25296832,27133.0,332.7965646806227,0.0,31,31,0,0,31,31,9414,0,0,0,0,0
2020-07-09,US,Minnesota,Roseau,19,0,0,48.77501878,-95.81079919,27135.0,125.28849324101549,0.0,19,17,0,0,17,17,15150,2,0,0,2,0
2020-07-09,US,Minnesota,Scott,803,4,0,44.6490231,-93.53340251,27139.0,538.8791581942514,0.49813200498132,799,783,4,0,779,762,147381,20,0,0,20,21
2020-07-09,US,Minnesota,Sherburne,340,5,0,45.44447208,-93.77617511,27141.0,349.657541290442,1.4705882352941178,335,327,5,0,322,325,96036,13,0,0,13,2
2020-07-09,US,Minnesota,Sibley,56,2,0,44.5796592,-94.23164924,27143.0,376.7238479650185,3.571428571428572,54,55,2,0,53,54,15028,1,0,0,1,1
2020-07-09,US,Minnesota,St. Louis,203,16,0,47.604840700000004,-92.46879855,27137.0,101.97417993670568,7.881773399014778,187,198,16,0,182,196,199754,5,0,0,5,2
2020-07-09,US,Minnesota,Stearns,2448,19,0,45.55192576,-94.61078221,27145.0,1519.7889182058047,0.7761437908496732,2429,2429,19,0,2410,2414,159256,19,0,0,19,15
2020-07-09,US,Minnesota,Steele,240,1,0,44.02240351,-93.22627088,27147.0,654.8609784714454,0.4166666666666667,239,239,1,0,238,237,36803,1,0,0,1,2
2020-07-09,US,Minnesota,Stevens,8,0,0,45.58613007,-96.00163705,27149.0,81.5910249872514,0.0,8,6,0,0,6,5,9753,2,0,0,2,1
2020-07-09,US,Minnesota,Swift,25,1,0,45.2829032,-95.68264092,27151.0,269.8035829915821,4.0,24,23,1,0,22,22,9345,2,0,0,2,1
2020-07-09,US,Minnesota,Todd,402,2,0,46.06996226,-94.89785296,27153.0,1629.9059357768408,0.4975124378109453,400,402,2,0,400,401,24582,0,0,0,0,1
2020-07-09,US,Minnesota,Traverse,6,0,0,45.77298854,-96.47062949,27155.0,184.1055538508745,0.0,6,6,0,0,6,5,3308,0,0,0,0,1
2020-07-09,US,Minnesota,Unassigned,84,38,0,0.0,0.0,90027.0,0.0,45.23809523809525,46,87,38,0,49,85,,-3,0,0,-3,2
2020-07-09,US,Minnesota,Wabasha,34,0,0,44.28424356,-92.23121312,27157.0,157.2108937901697,0.0,34,35,0,0,35,33,21645,-1,0,0,-1,2
2020-07-09,US,Minnesota,Wadena,16,0,0,46.58589171,-94.96968506,27159.0,116.941967548604,0.0,16,15,0,0,15,15,13773,1,0,0,1,0
2020-07-09,US,Minnesota,Waseca,73,0,0,44.02211116,-93.58720034,27161.0,392.2200730711369,0.0,73,71,0,0,71,71,18691,2,0,0,2,0
2020-07-09,US,Minnesota,Washington,1190,40,0,45.03864533,-92.88429635,27163.0,453.4369760707209,3.361344537815126,1150,1163,40,0,1123,1137,259201,27,0,0,27,26
2020-07-09,US,Minnesota,Watonwan,242,0,0,43.97823903,-94.61413846,27165.0,2220.794714141507,0.0,242,240,0,0,240,238,10980,2,0,0,2,2
2020-07-09,US,Minnesota,Wilkin,21,3,0,46.35721532,-96.4684375,27167.0,338.3276945384244,14.285714285714285,18,21,3,0,18,21,6254,0,0,0,0,0
2020-07-09,US,Minnesota,Winona,133,15,0,43.98772283,-91.78081305,27169.0,263.44980587909043,11.278195488721805,118,131,15,0,116,129,50825,2,0,0,2,2
2020-07-09,US,Minnesota,Wright,505,5,0,45.17297924,-93.96234781,27171.0,364.9450414447488,0.99009900990099,500,492,5,0,487,483,136349,13,0,0,13,9
2020-07-09,US,Minnesota,Yellow Medicine,31,0,0,44.71710183,-95.86842453,27173.0,319.29137913276344,0.0,31,30,0,0,30,30,9795,1,0,0,1,0
2020-07-09,US,Mississippi,Adams,340,19,0,31.47669768,-91.35326037,28001.0,1107.7444368422766,5.588235294117646,321,332,18,0,314,315,31192,8,1,0,7,17
2020-07-09,US,Mississippi,Alcorn,85,2,0,34.88084463,-88.57996173,28003.0,230.02191973588074,2.3529411764705883,83,76,2,0,74,74,36925,9,0,0,9,2
2020-07-09,US,Mississippi,Amite,106,3,0,31.17467303,-90.80501621,28005.0,861.9988615109378,2.830188679245283,103,104,3,0,101,104,12326,2,0,0,2,0
2020-07-09,US,Mississippi,Attala,375,24,0,33.08658803,-89.57838564,28007.0,2063.387256520304,6.4,351,365,23,0,342,365,18365,10,1,0,9,0
2020-07-09,US,Mississippi,Benton,42,0,0,34.81681228,-89.18945516,28009.0,508.5361423901198,0.0,42,42,0,0,42,42,8271,0,0,0,0,0
2020-07-09,US,Mississippi,Bolivar,380,18,0,33.79696941,-90.87372121,28011.0,1240.6947890818856,4.7368421052631575,362,370,18,0,352,356,31333,10,0,0,10,14
2020-07-09,US,Mississippi,Calhoun,147,5,0,33.93683395,-89.33686647,28013.0,1023.6055984959264,3.4013605442176873,142,142,5,0,137,141,14436,5,0,0,5,1
2020-07-09,US,Mississippi,Carroll,173,11,0,33.44834567,-89.91994479,28015.0,1739.2178546295365,6.3583815028901745,162,171,11,0,160,168,9911,2,0,0,2,3
2020-07-09,US,Mississippi,Chickasaw,292,19,0,33.91983202,-88.9481545,28017.0,1707.3028123720983,6.506849315068492,273,291,19,0,272,287,17171,1,0,0,1,4
2020-07-09,US,Mississippi,Choctaw,75,4,0,33.34598242,-89.24809382,28019.0,913.5200974421435,5.333333333333333,71,75,4,0,71,75,8278,0,0,0,0,0
2020-07-09,US,Mississippi,Claiborne,293,10,0,31.97061673,-90.90702196,28021.0,3259.902091677793,3.4129692832764507,283,289,10,0,279,284,9002,4,0,0,4,5
2020-07-09,US,Mississippi,Clarke,214,25,0,32.04158545,-88.68896219999998,28023.0,1377.0027668747186,11.682242990654204,189,211,25,0,186,210,15604,3,0,0,3,1
2020-07-09,US,Mississippi,Clay,255,11,0,33.65358105,-88.77784255,28025.0,1320.1490991923795,4.313725490196078,244,251,11,0,240,249,19386,4,0,0,4,2
2020-07-09,US,Mississippi,Coahoma,215,6,0,34.22772299,-90.60415045,28027.0,971.79533538239,2.7906976744186047,209,213,6,0,207,205,22628,2,0,0,2,8
2020-07-09,US,Mississippi,Copiah,631,15,0,31.86977774,-90.44565118,28029.0,2248.3520399073573,2.3771790808240887,616,627,15,0,612,620,28543,4,0,0,4,7
2020-07-09,US,Mississippi,Covington,419,5,0,31.63225413,-89.55389939,28031.0,2248.3365529083494,1.1933174224343674,414,396,5,0,391,375,18853,23,0,0,23,21
2020-07-09,US,Mississippi,DeSoto,1818,18,0,34.87625235,-89.99091418,28033.0,982.9949444429424,0.99009900990099,1800,1767,18,0,1749,1724,182001,51,0,0,51,43
2020-07-09,US,Mississippi,Forrest,939,43,0,31.18961454,-89.25832496,28035.0,1253.721777908327,4.579339723109691,896,927,43,0,884,916,75036,12,0,0,12,11
2020-07-09,US,Mississippi,Franklin,49,2,0,31.47786634,-90.89672989,28037.0,635.2910670296901,4.081632653061225,47,47,2,0,45,45,7788,2,0,0,2,2
2020-07-09,US,Mississippi,George,102,3,0,30.86259065,-88.64436789,28039.0,416.3265306122449,2.9411764705882355,99,94,3,0,91,91,24250,8,0,0,8,3
2020-07-09,US,Mississippi,Greene,108,10,0,31.21444233,-88.63922281,28041.0,794.9359634918299,9.25925925925926,98,108,9,0,99,105,13586,0,1,0,-1,3
2020-07-09,US,Mississippi,Grenada,535,7,0,33.77036166,-89.80245083,28043.0,2577.319587628866,1.308411214953271,528,522,7,0,515,506,21055,13,0,0,13,16
2020-07-09,US,Mississippi,Hancock,138,13,0,30.41830223,-89.48851033,28045.0,289.72119583473295,9.420289855072463,125,134,13,0,121,134,47334,4,0,0,4,0
2020-07-09,US,Mississippi,Harrison,1040,14,0,30.51359752,-89.12467576,28047.0,499.8077662437524,1.3461538461538465,1026,1003,12,0,991,969,206650,37,2,0,35,34
2020-07-09,US,Mississippi,Hinds,2697,48,0,32.2656285,-90.44435448,28049.0,1163.302277432712,1.7797552836484982,2649,2642,46,0,2596,2591,237085,55,2,0,53,51
2020-07-09,US,Mississippi,Holmes,573,41,0,33.12345854,-90.08923538,28051.0,3368.606701940035,7.155322862129145,532,570,41,0,529,560,17622,3,0,0,3,10
2020-07-09,US,Mississippi,Humphreys,159,10,0,33.12825718,-90.52252707,28053.0,1971.7261904761906,6.289308176100628,149,156,9,0,147,156,8257,3,1,0,2,0
2020-07-09,US,Mississippi,Issaquena,10,1,0,32.72531359,-90.97392828,28055.0,753.5795026375282,10.0,9,10,1,0,9,10,1308,0,0,0,0,0
2020-07-09,US,Mississippi,Itawamba,141,8,0,34.27993475,-88.3606733,28057.0,602.8217186831979,5.673758865248227,133,140,8,0,132,137,23517,1,0,0,1,3
2020-07-09,US,Mississippi,Jackson,727,17,0,30.54020656,-88.64184064,28059.0,506.20748240110845,2.3383768913342498,710,704,17,0,687,689,143277,23,0,0,23,15
2020-07-09,US,Mississippi,Jasper,267,6,0,32.01922104,-89.11786866,28061.0,1629.7381431972167,2.247191011235955,261,266,6,0,260,267,16428,1,0,0,1,-1
2020-07-09,US,Mississippi,Jefferson,117,3,0,31.73397872,-91.03764977,28063.0,1673.8197424892705,2.5641025641025643,114,114,3,0,111,110,7106,3,0,0,3,4
2020-07-09,US,Mississippi,Jefferson Davis,116,4,0,31.56884708,-89.82670990000004,28065.0,1042.4155283968366,3.4482758620689653,112,114,4,0,110,113,11234,2,0,0,2,1
2020-07-09,US,Mississippi,Jones,1173,49,0,31.62257767,-89.16896899999998,28067.0,1722.5175482393024,4.177323103154305,1124,1159,49,0,1110,1140,68461,14,0,0,14,19
2020-07-09,US,Mississippi,Kemper,180,14,0,32.75462946,-88.64105766,28069.0,1847.669882980908,7.777777777777778,166,179,14,0,165,179,10027,1,0,0,1,0
2020-07-09,US,Mississippi,Lafayette,437,4,0,34.35687874,-89.48490961,28071.0,808.9746200410966,0.9153318077803204,433,419,4,0,415,409,54793,18,0,0,18,10
2020-07-09,US,Mississippi,Lamar,502,7,0,31.20572971,-89.5077704,28073.0,792.5106168005935,1.3944223107569722,495,500,7,0,493,491,62447,2,0,0,2,9
2020-07-09,US,Mississippi,Lauderdale,942,81,0,32.40419769,-88.66229662,28075.0,1270.8263069139964,8.598726114649683,861,937,81,0,856,922,75317,5,0,0,5,15
2020-07-09,US,Mississippi,Lawrence,199,2,0,31.55147224,-90.10841127,28077.0,1581.1218814555857,1.0050251256281406,197,189,2,0,187,187,12455,10,0,0,10,2
2020-07-09,US,Mississippi,Leake,613,20,0,32.7536828,-89.52402044,28079.0,2690.2483981392083,3.2626427406199023,593,598,20,0,578,589,22763,15,0,0,15,9
2020-07-09,US,Mississippi,Lee,586,21,0,34.291877500000005,-88.68149954,28081.0,685.8935343414954,3.583617747440273,565,575,21,0,554,562,85202,11,0,0,11,13
2020-07-09,US,Mississippi,Leflore,522,56,0,33.55545125,-90.29900733,28083.0,1852.180392435156,10.727969348659004,466,507,56,0,451,500,28919,15,0,0,15,7
2020-07-09,US,Mississippi,Lincoln,509,35,0,31.53288662,-90.45391915,28085.0,1490.3522384563582,6.8762278978389,474,492,34,0,458,484,34205,17,1,0,16,8
2020-07-09,US,Mississippi,Lowndes,526,13,0,33.47386518,-88.44191529999998,28087.0,897.6875159996588,2.4714828897338403,513,515,13,0,502,509,58930,11,0,0,11,6
2020-07-09,US,Mississippi,Madison,1382,36,0,32.63389156,-90.03513564,28089.0,1300.4366154772658,2.6049204052098407,1346,1355,36,0,1319,1326,105630,27,0,0,27,29
2020-07-09,US,Mississippi,Marion,313,12,0,31.23132643,-89.8209217,28091.0,1273.7557481788956,3.8338658146964857,301,308,12,0,296,300,24715,5,0,0,5,8
2020-07-09,US,Mississippi,Marshall,269,3,0,34.76216286,-89.50299462,28093.0,762.1692072306907,1.1152416356877324,266,264,3,0,261,258,35451,5,0,0,5,6
2020-07-09,US,Mississippi,Monroe,436,35,0,33.89236763,-88.4808438,28095.0,1236.809259049132,8.027522935779816,401,431,35,0,396,425,35564,5,0,0,5,6
2020-07-09,US,Mississippi,Montgomery,149,3,0,33.49419589,-89.61729103,28097.0,1524.2966751918161,2.0134228187919465,146,143,2,0,141,139,10023,6,1,0,5,4
2020-07-09,US,Mississippi,Neshoba,1022,74,0,32.75339664,-89.11726492,28099.0,3509.856446184491,7.240704500978474,948,1016,73,0,943,1004,29125,6,1,0,5,12
2020-07-09,US,Mississippi,Newton,357,10,0,32.40021118,-89.11843336,28101.0,1698.5441050528118,2.8011204481792715,347,352,10,0,342,347,21443,5,0,0,5,5
2020-07-09,US,Mississippi,Noxubee,275,8,0,33.11009499,-88.56949061,28103.0,2639.915522703273,2.9090909090909087,267,273,8,0,265,272,10535,2,0,0,2,1
2020-07-09,US,Mississippi,Oktibbeha,568,28,0,33.42491685,-88.87905132,28105.0,1145.4615120898625,4.929577464788731,540,557,28,0,529,552,49599,11,0,0,11,5
2020-07-09,US,Mississippi,Panola,399,6,0,34.36398677,-89.95064249,28107.0,1166.9396350023394,1.5037593984962403,393,392,6,0,386,364,34178,7,0,0,7,28
2020-07-09,US,Mississippi,Pearl River,276,32,0,30.77090935,-89.58677275,28109.0,496.9838840370937,11.594202898550725,244,269,32,0,237,265,55387,7,0,0,7,4
2020-07-09,US,Mississippi,Perry,76,4,0,31.17161885,-88.99281835,28111.0,634.761546813664,5.2631578947368425,72,76,4,0,72,72,11931,0,0,0,0,4
2020-07-09,US,Mississippi,Pike,470,20,0,31.17507789,-90.40392572,28113.0,1196.2940338016695,4.25531914893617,450,466,17,0,449,454,39563,4,3,0,1,12
2020-07-09,US,Mississippi,Pontotoc,326,6,0,34.226046000000004,-89.03636807,28115.0,1013.2405047553923,1.8404907975460123,320,316,6,0,310,304,31833,10,0,0,10,12
2020-07-09,US,Mississippi,Prentiss,112,3,0,34.61810501,-88.51986294,28117.0,445.7534028496378,2.6785714285714284,109,111,3,0,108,110,25315,1,0,0,1,1
2020-07-09,US,Mississippi,Quitman,89,1,0,34.25157572,-90.28908,28119.0,1310.3651354534747,1.1235955056179776,88,89,1,0,88,81,7051,0,0,0,0,8
2020-07-09,US,Mississippi,Rankin,1035,15,0,32.26469147,-89.94537876,28121.0,666.5765017292348,1.4492753623188406,1020,999,15,0,984,982,153902,36,0,0,36,17
2020-07-09,US,Mississippi,Scott,792,15,0,32.406704100000006,-89.53789439,28123.0,2816.1001280045507,1.893939393939394,777,785,15,0,770,779,28287,7,0,0,7,6
2020-07-09,US,Mississippi,Sharkey,42,0,0,32.88149103,-90.8159538,28125.0,971.9972228650777,0.0,42,40,0,0,40,37,4377,2,0,0,2,3
2020-07-09,US,Mississippi,Simpson,373,3,0,31.91282117,-89.91716179,28127.0,1399.2047415410007,0.8042895442359249,370,360,3,0,357,345,26758,13,0,0,13,15
2020-07-09,US,Mississippi,Smith,234,12,0,32.01744532,-89.50644846,28129.0,1470.2186479014829,5.128205128205129,222,234,12,0,222,229,16002,0,0,0,0,5
2020-07-09,US,Mississippi,Stone,73,2,0,30.79187949,-89.11547539,28131.0,398.12390924956367,2.7397260273972597,71,72,2,0,70,69,18717,1,0,0,1,3
2020-07-09,US,Mississippi,Sunflower,452,8,0,33.60192578,-90.58882684,28133.0,1800.0796495420154,1.7699115044247788,444,436,8,0,428,420,25735,16,0,0,16,16
2020-07-09,US,Mississippi,Tallahatchie,166,4,0,33.95339918,-90.1729398,28135.0,1202.1145629661814,2.409638554216868,162,156,4,0,152,145,13987,10,0,0,10,11
2020-07-09,US,Mississippi,Tate,323,13,0,34.65133709,-89.94485778,28137.0,1140.4964513964906,4.0247678018575845,310,319,12,0,307,310,28759,4,1,0,3,9
2020-07-09,US,Mississippi,Tippah,144,11,0,34.76872156,-88.90988194,28139.0,654.0994776288894,7.638888888888888,133,142,11,0,131,138,21995,2,0,0,2,4
2020-07-09,US,Mississippi,Tishomingo,92,1,0,34.74023475,-88.23917219,28141.0,474.6427281638549,1.0869565217391304,91,91,1,0,90,89,19454,1,0,0,1,2
2020-07-09,US,Mississippi,Tunica,119,3,0,34.64967704,-90.37481167,28143.0,1235.4651162790694,2.5210084033613445,116,115,3,0,112,113,9944,4,0,0,4,2
2020-07-09,US,Mississippi,Union,238,11,0,34.49162015,-89.00776006,28145.0,825.9587020648967,4.621848739495798,227,233,11,0,222,218,28606,5,0,0,5,15
2020-07-09,US,Mississippi,Walthall,226,7,0,31.14971548,-90.10446654,28147.0,1581.9683606327874,3.0973451327433628,219,208,7,0,201,205,14465,18,0,0,18,3
2020-07-09,US,Mississippi,Warren,553,20,0,32.35810271,-90.83352619,28149.0,1218.5716489279655,3.6166365280289328,533,540,20,0,520,532,46176,13,0,0,13,8
2020-07-09,US,Mississippi,Washington,643,10,0,33.28392041,-90.94196237,28151.0,1464.3922658224967,1.5552099533437014,633,626,10,0,616,617,45063,17,0,0,17,9
2020-07-09,US,Mississippi,Wayne,554,16,0,31.64135687,-88.69573913,28153.0,2744.8843085765247,2.888086642599278,538,551,16,0,535,545,20298,3,0,0,3,6
2020-07-09,US,Mississippi,Webster,128,11,0,33.61300486,-89.28392912,28155.0,1321.0857673650532,8.59375,117,128,11,0,117,127,9788,0,0,0,0,1
2020-07-09,US,Mississippi,Wilkinson,95,9,0,31.16078225,-91.31018819,28157.0,1100.811123986095,9.473684210526317,86,94,9,0,85,93,8792,1,0,0,1,1
2020-07-09,US,Mississippi,Winston,287,11,0,33.08747908,-89.03391385,28159.0,1598.4405458089664,3.8327526132404177,276,282,10,0,272,280,18165,5,1,0,4,2
2020-07-09,US,Mississippi,Yalobusha,193,8,0,34.02824175,-89.70762049999998,28161.0,1593.987446316485,4.1450777202072535,185,183,8,0,175,180,12392,10,0,0,10,3
2020-07-09,US,Mississippi,Yazoo,543,6,0,32.77890365,-90.39656148,28163.0,1828.8986190636576,1.1049723756906078,537,533,6,0,527,523,28248,10,0,0,10,10
2020-07-09,US,Missouri,Adair,99,0,0,40.19058551,-92.60078167,29001.0,390.6404135264176,0.0,99,98,0,0,98,95,25339,1,0,0,1,3
2020-07-09,US,Missouri,Andrew,58,0,0,39.98492163,-94.80163024,29003.0,327.4616079494128,0.0,58,59,0,0,59,59,17607,-1,0,0,-1,0
2020-07-09,US,Missouri,Atchison,6,0,0,40.43238737,-95.42970639,29005.0,116.663426015944,0.0,6,6,0,0,6,6,5171,0,0,0,0,0
2020-07-09,US,Missouri,Audrain,142,1,0,39.215877,-91.84242683,29007.0,559.3193634788089,0.7042253521126759,141,142,1,0,141,139,25473,0,0,0,0,3
2020-07-09,US,Missouri,Barry,87,0,0,36.70978521,-93.82919888,29009.0,243.09145268099132,0.0,87,86,0,0,86,81,35886,1,0,0,1,5
2020-07-09,US,Missouri,Barton,31,0,0,37.50207671,-94.34757022,29011.0,263.7400034030968,0.0,31,31,0,0,31,30,11798,0,0,0,0,1
2020-07-09,US,Missouri,Bates,12,1,0,38.25271289,-94.34113157,29013.0,74.20232500618353,8.333333333333334,11,12,1,0,11,12,16320,0,0,0,0,0
2020-07-09,US,Missouri,Benton,21,0,0,38.29503305,-93.28756116,29015.0,108.0080234531708,0.0,21,20,0,0,20,20,19278,1,0,0,1,0
2020-07-09,US,Missouri,Bollinger,20,0,0,37.32449052,-90.02725304,29017.0,164.83969339817028,0.0,20,18,0,0,18,16,12169,2,0,0,2,2
2020-07-09,US,Missouri,Boone,504,2,0,38.99186229,-92.30723575,29019.0,279.28162559638264,0.3968253968253968,502,477,2,0,475,464,180005,27,0,0,27,13
2020-07-09,US,Missouri,Buchanan,927,4,0,39.65816401,-94.80138942,29021.0,1061.0777894785035,0.43149946062567424,923,923,4,0,919,911,88571,4,0,0,4,12
2020-07-09,US,Missouri,Butler,116,0,0,36.71462476,-90.40421163,29023.0,273.08253684260086,0.0,116,111,0,0,111,111,42639,5,0,0,5,0
2020-07-09,US,Missouri,Caldwell,14,0,0,39.65620858,-93.98308093,29025.0,155.2106430155211,0.0,14,12,0,0,12,12,9108,2,0,0,2,0
2020-07-09,US,Missouri,Callaway,61,1,0,38.83674754,-91.92186505,29027.0,136.33417517824017,1.639344262295082,60,61,1,0,60,61,44889,0,0,0,0,0
2020-07-09,US,Missouri,Camden,77,2,0,38.02199522,-92.76083747,29029.0,166.28873771730915,2.5974025974025974,75,76,2,0,74,74,45815,1,0,0,1,2
2020-07-09,US,Missouri,Cape Girardeau,292,3,0,37.38489388,-89.6843587,29031.0,370.2247974540706,1.0273972602739727,289,271,3,0,268,252,78753,21,0,0,21,19
2020-07-09,US,Missouri,Carroll,25,0,0,39.42762566,-93.50626255,29033.0,288.0516188500979,0.0,25,20,0,0,20,20,8743,5,0,0,5,0
2020-07-09,US,Missouri,Carter,7,1,0,36.94160441,-90.96051322,29035.0,117.0177198261451,14.285714285714285,6,6,1,0,5,6,6054,1,0,0,1,0
2020-07-09,US,Missouri,Cass,190,8,0,38.64789422,-94.353399,29037.0,179.61807525051998,4.2105263157894735,182,178,8,0,170,169,104954,12,0,0,12,9
2020-07-09,US,Missouri,Cedar,12,0,0,37.72391475,-93.85445441,29039.0,83.62952122099102,0.0,12,12,0,0,12,12,14165,0,0,0,0,0
2020-07-09,US,Missouri,Chariton,6,0,0,39.51499357,-92.9629191,29041.0,80.79719903043363,0.0,6,6,0,0,6,6,7451,0,0,0,0,0
2020-07-09,US,Missouri,Christian,67,1,0,36.9711783,-93.18537118,29043.0,75.62503527287095,1.492537313432836,66,64,1,0,63,54,86983,3,0,0,3,10
2020-07-09,US,Missouri,Clark,2,0,0,40.41040752,-91.73661677,29045.0,29.424746211563924,0.0,2,2,0,0,2,2,6842,0,0,0,0,0
2020-07-09,US,Missouri,Clay,539,13,0,39.31132056,-94.41850862,29047.0,215.64485412965897,2.411873840445269,526,526,13,0,513,510,246365,13,0,0,13,16
2020-07-09,US,Missouri,Clinton,31,0,0,39.6013098,-94.40465394,29049.0,152.05768381811941,0.0,31,31,0,0,31,29,20470,0,0,0,0,2
2020-07-09,US,Missouri,Cole,99,2,0,38.50455671,-92.27860244,29051.0,128.9986318326927,2.0202020202020203,97,95,2,0,93,94,76796,4,0,0,4,1
2020-07-09,US,Missouri,Cooper,25,0,0,38.844478,-92.80896081,29053.0,141.17115590942458,0.0,25,23,0,0,23,23,17603,2,0,0,2,0
2020-07-09,US,Missouri,Crawford,19,0,0,37.97663738,-91.30528104,29055.0,79.4314381270903,0.0,19,19,0,0,19,18,23957,0,0,0,0,1
2020-07-09,US,Missouri,Dade,2,0,0,37.431814,-93.8503345,29057.0,26.451527575717503,0.0,2,1,0,0,1,1,7569,1,0,0,1,0
2020-07-09,US,Missouri,Dallas,17,1,0,37.6811355,-93.02127031,29059.0,100.72283445905913,5.882352941176472,16,16,1,0,15,15,16762,1,0,0,1,1
2020-07-09,US,Missouri,Daviess,11,0,0,39.96145298,-93.98519678,29061.0,132.88233872916163,0.0,11,10,0,0,10,10,8313,1,0,0,1,0
2020-07-09,US,Missouri,DeKalb,15,0,0,39.89201062,-94.40476508,29063.0,119.55049015700963,0.0,15,15,0,0,15,15,12630,0,0,0,0,0
2020-07-09,US,Missouri,Dent,5,0,0,37.60663134,-91.50790473,29065.0,32.106851602131904,0.0,5,5,0,0,5,5,15441,0,0,0,0,0
2020-07-09,US,Missouri,Douglas,8,0,0,36.9325593,-92.49905109,29067.0,60.67500948047023,0.0,8,6,0,0,6,6,13373,2,0,0,2,0
2020-07-09,US,Missouri,Dunklin,119,3,0,36.27167174,-90.09122243,29069.0,408.499536576156,2.5210084033613445,116,115,3,0,112,116,29423,4,0,0,4,-1
2020-07-09,US,Missouri,Franklin,248,18,0,38.41127108,-91.07522826,29071.0,238.53722815893502,7.258064516129032,230,235,18,0,217,231,103670,13,0,0,13,4
2020-07-09,US,Missouri,Gasconade,13,0,0,38.43947277,-91.50847147,29073.0,88.39929280565754,0.0,13,13,0,0,13,12,14705,0,0,0,0,1
2020-07-09,US,Missouri,Gentry,66,9,0,40.21097916,-94.40944419,29075.0,1004.4133313042157,13.636363636363635,57,63,9,0,54,63,6628,3,0,0,3,0
2020-07-09,US,Missouri,Greene,407,8,0,37.2575872,-93.34230916,29077.0,138.8670902056052,1.9656019656019657,399,385,8,0,377,373,291923,22,0,0,22,12
2020-07-09,US,Missouri,Grundy,20,1,0,40.11406587,-93.56509276,29079.0,203.0456852791878,5.0,19,20,1,0,19,20,9914,0,0,0,0,0
2020-07-09,US,Missouri,Harrison,28,0,0,40.35570088,-93.99222144,29081.0,335.2490421455939,0.0,28,21,0,0,21,19,8414,7,0,0,7,2
2020-07-09,US,Missouri,Henry,20,3,0,38.38482826,-93.79293734,29083.0,91.64222873900292,15.0,17,20,3,0,17,20,21792,0,0,0,0,0
2020-07-09,US,Missouri,Hickory,1,0,0,37.94163617,-93.3203037,29085.0,10.477787091366304,0.0,1,1,0,0,1,,9509,0,0,0,0,
2020-07-09,US,Missouri,Holt,1,0,0,40.09799248,-95.2163888,29087.0,22.71178741766977,0.0,1,1,0,0,1,1,4404,0,0,0,0,0
2020-07-09,US,Missouri,Howard,5,0,0,39.1435761,-92.69756691,29089.0,49.99500049995,0.0,5,5,0,0,5,5,10137,0,0,0,0,0
2020-07-09,US,Missouri,Howell,48,0,0,36.77383887,-91.88683935,29091.0,119.65002368073385,0.0,48,44,0,0,44,44,40076,4,0,0,4,0
2020-07-09,US,Missouri,Iron,3,0,0,37.55487945,-90.7735296,29093.0,29.62962962962963,0.0,3,3,0,0,3,3,10177,0,0,0,0,0
2020-07-09,US,Missouri,Jackson,1490,42,0,39.01002188,-94.34724536,29095.0,211.9454745373828,2.8187919463087248,1448,1438,42,0,1396,1397,700307,52,0,0,52,41
2020-07-09,US,Missouri,Jasper,940,9,0,37.20351921,-94.34050458,29097.0,774.7593300804431,0.9574468085106383,931,881,7,0,874,833,120636,59,2,0,57,48
2020-07-09,US,Missouri,Jefferson,539,22,0,38.25926778,-90.53870896,29099.0,239.4693465907829,4.081632653061225,517,527,22,0,505,514,224347,12,0,0,12,13
2020-07-09,US,Missouri,Johnson,208,1,0,38.74719601,-93.80691168,29101.0,384.74344271392107,0.4807692307692308,207,199,0,0,199,197,53652,9,1,0,8,2
2020-07-09,US,Missouri,Kansas City,2957,31,0,39.0997,-94.5786,0.0,604.7739716081425,1.048359824146094,2926,2870,31,0,2839,2814,491918,87,0,0,87,56
2020-07-09,US,Missouri,Knox,2,0,0,40.12699751,-92.14780832,29103.0,50.51780752715332,0.0,2,2,0,0,2,2,3947,0,0,0,0,0
2020-07-09,US,Missouri,Laclede,76,0,0,37.65896829,-92.5888493,29105.0,212.74808946617023,0.0,76,70,0,0,70,57,35713,6,0,0,6,13
2020-07-09,US,Missouri,Lafayette,100,2,0,39.06986886,-93.78076396,29107.0,305.73559985324687,2.0,98,97,2,0,95,94,32598,3,0,0,3,3
2020-07-09,US,Missouri,Lawrence,53,1,0,37.10626634,-93.83293097,29109.0,138.18276626254726,1.8867924528301887,52,52,1,0,51,48,38359,1,0,0,1,4
2020-07-09,US,Missouri,Lewis,8,1,0,40.09673161,-91.72070156,29111.0,81.83306055646482,12.5,7,8,1,0,7,8,9855,0,0,0,0,0
2020-07-09,US,Missouri,Lincoln,110,1,0,39.05345619,-90.95588181,29113.0,186.39960686628368,0.9090909090909092,109,106,1,0,105,105,57686,4,0,0,4,1
2020-07-09,US,Missouri,Linn,20,1,0,39.87001769,-93.10704106,29115.0,167.78523489932888,5.0,19,19,1,0,18,19,12037,1,0,0,1,0
2020-07-09,US,Missouri,Livingston,24,0,0,39.78110272,-93.54645978,29117.0,157.61476324949103,0.0,24,21,0,0,21,21,15146,3,0,0,3,0
2020-07-09,US,Missouri,Macon,17,0,0,39.83049768,-92.56453089,29121.0,112.45617516703051,0.0,17,15,0,0,15,10,15153,2,0,0,2,5
2020-07-09,US,Missouri,Madison,7,0,0,37.47865134,-90.3467143,29123.0,57.90866975512906,0.0,7,7,0,0,7,7,12188,0,0,0,0,0
2020-07-09,US,Missouri,Maries,6,0,0,38.16193985,-91.92249662,29125.0,68.98930665746809,0.0,6,6,0,0,6,6,8769,0,0,0,0,0
2020-07-09,US,Missouri,Marion,29,0,0,39.80601912,-91.62203062,29127.0,101.64738871363475,0.0,29,27,0,0,27,26,28592,2,0,0,2,1
2020-07-09,US,Missouri,McDonald,678,1,0,36.62869595,-94.34867205,29119.0,2968.8663134387184,0.14749262536873156,677,670,1,0,669,652,23078,8,0,0,8,18
2020-07-09,US,Missouri,Mercer,6,0,0,40.42212303,-93.5682959,29129.0,165.8833287254631,0.0,6,6,0,0,6,6,3641,0,0,0,0,0
2020-07-09,US,Missouri,Miller,22,0,0,38.21450288,-92.42610898,29131.0,85.87376556462002,0.0,22,22,0,0,22,20,25336,0,0,0,0,2
2020-07-09,US,Missouri,Mississippi,98,0,0,36.82516239,-89.29505753,29133.0,743.5508345978758,0.0,98,95,0,0,95,95,13336,3,0,0,3,0
2020-07-09,US,Missouri,Moniteau,66,1,0,38.63571781,-92.57976951,29135.0,409.1247210513266,1.5151515151515151,65,66,1,0,65,65,16121,0,0,0,0,1
2020-07-09,US,Missouri,Monroe,5,0,0,39.49593978,-92.00043978,29137.0,57.84359093012494,0.0,5,5,0,0,5,5,8664,0,0,0,0,0
2020-07-09,US,Missouri,Montgomery,23,0,0,38.94022054,-91.47000721,29139.0,199.11695957060002,0.0,23,21,0,0,21,21,11534,2,0,0,2,0
2020-07-09,US,Missouri,Morgan,26,0,0,38.4181765,-92.88791859,29141.0,126.04838318708492,0.0,26,26,0,0,26,22,20358,0,0,0,0,4
2020-07-09,US,Missouri,New Madrid,47,1,0,36.59666326,-89.66070007,29143.0,275.2401030686344,2.127659574468085,46,46,1,0,45,45,17296,1,0,0,1,1
2020-07-09,US,Missouri,Newton,540,2,0,36.90519407,-94.3394104,29145.0,927.2614877395424,0.3703703703703704,538,518,2,0,516,502,58266,22,0,0,22,16
2020-07-09,US,Missouri,Nodaway,25,0,0,40.36079813,-94.88133008,29147.0,113.16313597682421,0.0,25,24,0,0,24,24,22304,1,0,0,1,0
2020-07-09,US,Missouri,Oregon,9,0,0,36.68710164,-91.4033755,29149.0,85.47820305822016,0.0,9,9,0,0,9,8,10541,0,0,0,0,1
2020-07-09,US,Missouri,Osage,11,0,0,38.46036182,-91.8613635,29151.0,80.79324274697025,0.0,11,11,0,0,11,10,13714,0,0,0,0,1
2020-07-09,US,Missouri,Ozark,2,0,0,36.64916339,-92.44459066,29153.0,21.80074122520166,0.0,2,2,0,0,2,2,9017,0,0,0,0,0
2020-07-09,US,Missouri,Pemiscot,115,6,0,36.2130572,-89.78742322,29155.0,727.6178424549195,5.217391304347826,109,115,6,0,109,114,16272,0,0,0,0,1
2020-07-09,US,Missouri,Perry,168,1,0,37.70660776,-89.82741088,29157.0,877.9264214046823,0.5952380952380952,167,164,1,0,163,163,19150,4,0,0,4,1
2020-07-09,US,Missouri,Pettis,142,1,0,38.72798918,-93.28471706,29159.0,335.3881763858381,0.7042253521126759,141,139,1,0,138,136,42542,3,0,0,3,3
2020-07-09,US,Missouri,Phelps,53,0,0,37.87736118,-91.79351727,29161.0,118.90606420927469,0.0,53,51,0,0,51,48,44732,2,0,0,2,3
2020-07-09,US,Missouri,Pike,38,1,0,39.34310674,-91.16980779,29163.0,207.62758168506176,2.631578947368421,37,37,1,0,36,37,18504,1,0,0,1,0
2020-07-09,US,Missouri,Platte,143,6,0,39.38154439,-94.77068479,29165.0,136.94956808213144,4.195804195804196,137,139,6,0,133,135,102985,4,0,0,4,4
2020-07-09,US,Missouri,Polk,19,0,0,37.6162296,-93.39828174,29167.0,59.09981647951725,0.0,19,17,0,0,17,16,32201,2,0,0,2,1
2020-07-09,US,Missouri,Pulaski,134,1,0,37.82462075,-92.20783203,29169.0,254.7189537514019,0.746268656716418,133,134,1,0,133,130,52014,0,0,0,0,4
2020-07-09,US,Missouri,Putnam,3,0,0,40.47942497,-93.02042674,29171.0,63.884156729131185,0.0,3,4,0,0,4,4,4757,-1,0,0,-1,0
2020-07-09,US,Missouri,Ralls,10,0,0,39.52817427,-91.51838643,29173.0,97.00261907071491,0.0,10,10,0,0,10,10,10212,0,0,0,0,0
2020-07-09,US,Missouri,Randolph,14,0,0,39.44007257,-92.4971374,29175.0,56.57022789720381,0.0,14,14,0,0,14,13,24763,0,0,0,0,1
2020-07-09,US,Missouri,Ray,30,0,0,39.3537468,-93.98905745,29177.0,130.3327830393605,0.0,30,30,0,0,30,29,22883,0,0,0,0,1
2020-07-09,US,Missouri,Reynolds,5,0,0,37.36085952,-90.97009925,29179.0,79.74481658692186,0.0,5,2,0,0,2,2,6254,3,0,0,3,0
2020-07-09,US,Missouri,Ripley,20,0,0,36.65460667,-90.85990261,29181.0,150.51173991571343,0.0,20,20,0,0,20,19,13401,0,0,0,0,1
2020-07-09,US,Missouri,Saline,299,5,0,39.13734288,-93.20259964,29195.0,1313.6505425947894,1.6722408026755853,294,295,4,0,291,290,22895,4,1,0,3,5
2020-07-09,US,Missouri,Schuyler,5,0,0,40.46921489,-92.52311943,29197.0,107.2961373390558,0.0,5,5,0,0,5,5,4599,0,0,0,0,0
2020-07-09,US,Missouri,Scotland,11,1,0,40.45214695,-92.14709064,29199.0,224.3982048143615,9.090909090909092,10,11,1,0,10,11,4966,0,0,0,0,0
2020-07-09,US,Missouri,Scott,192,11,0,37.05588075,-89.56474493,29201.0,501.56739811912223,5.729166666666668,181,191,11,0,180,188,38458,1,0,0,1,3
2020-07-09,US,Missouri,Shannon,23,0,0,37.15772072,-91.40190382,29203.0,281.6556453588048,0.0,23,23,0,0,23,22,8189,0,0,0,0,1
2020-07-09,US,Missouri,Shelby,4,0,0,39.79742518,-92.07634971,29205.0,67.45362563237774,0.0,4,4,0,0,4,4,6050,0,0,0,0,0
2020-07-09,US,Missouri,St. Charles,1230,75,0,38.77875681,-90.66662425,29183.0,305.95340553502047,6.097560975609755,1155,1197,75,0,1122,1167,399182,33,0,0,33,30
2020-07-09,US,Missouri,St. Clair,3,0,0,38.03699437,-93.77631447,29185.0,31.92508247312973,0.0,3,3,0,0,3,2,9395,0,0,0,0,1
2020-07-09,US,Missouri,St. Francois,162,2,0,37.81214171,-90.47598685,29187.0,241.017629993305,1.2345679012345678,160,158,2,0,156,158,66692,4,0,0,4,0
2020-07-09,US,Missouri,St. Louis,7469,593,0,38.63770039999999,-90.4458375,29189.0,751.2535141142923,7.939483197215156,6876,7284,593,0,6691,7066,996945,185,0,0,185,218
2020-07-09,US,Missouri,St. Louis City,2811,158,0,38.63555736,-90.24349225,29510.0,935.204407537528,5.620775524724296,2653,2692,158,0,2534,2657,302838,119,0,0,119,35
2020-07-09,US,Missouri,Ste. Genevieve,23,1,0,37.89090059,-90.1949941,29186.0,128.53470437017995,4.3478260869565215,22,22,1,0,21,22,17888,1,0,0,1,0
2020-07-09,US,Missouri,Stoddard,150,9,0,36.85571651,-89.9444155,29207.0,516.795865633075,6.0,141,148,9,0,139,146,29206,2,0,0,2,2
2020-07-09,US,Missouri,Stone,21,0,0,36.75000327,-93.45256475,29209.0,65.7235853780671,0.0,21,21,0,0,21,19,31749,0,0,0,0,2
2020-07-09,US,Missouri,Sullivan,118,0,0,40.2099105,-93.11150106,29211.0,1937.920840860568,0.0,118,118,0,0,118,119,6221,0,0,0,0,-1
2020-07-09,US,Missouri,Taney,119,2,0,36.65465345,-93.04075153,29213.0,212.7735660134459,1.680672268907563,117,112,2,0,110,105,55852,7,0,0,7,7
2020-07-09,US,Missouri,Texas,10,0,0,37.31728859,-91.96564727,29215.0,39.373178990471686,0.0,10,9,0,0,9,9,25571,1,0,0,1,0
2020-07-09,US,Missouri,Unassigned,1,0,0,0.0,0.0,90029.0,0.0,0.0,1,1,0,0,1,1,,0,0,0,0,0
2020-07-09,US,Missouri,Vernon,28,0,0,37.8457799,-94.34127305,29217.0,136.1669017166756,0.0,28,26,0,0,26,26,20528,2,0,0,2,0
2020-07-09,US,Missouri,Warren,54,0,0,38.76529479,-91.16124662,29219.0,151.47689977278466,0.0,54,53,0,0,53,54,34711,1,0,0,1,-1
2020-07-09,US,Missouri,Washington,26,1,0,37.96130078,-90.87948158,29221.0,105.13546300040436,3.8461538461538463,25,26,1,0,25,25,24943,0,0,0,0,1
2020-07-09,US,Missouri,Wayne,5,0,0,37.11303869,-90.46001416,29223.0,38.84098500737978,0.0,5,5,0,0,5,5,13122,0,0,0,0,0
2020-07-09,US,Missouri,Webster,47,1,0,37.2813734,-92.876329,29225.0,118.71085067690443,2.127659574468085,46,46,1,0,45,48,39109,1,0,0,1,-2
2020-07-09,US,Missouri,Worth,4,0,0,40.47945588,-94.42328751,29227.0,198.7083954297069,0.0,4,4,0,0,4,4,2040,0,0,0,0,0
2020-07-09,US,Missouri,Wright,31,0,0,37.27029221,-92.46914488,29229.0,169.50079282628903,0.0,31,30,0,0,30,29,18378,1,0,0,1,1
2020-07-09,US,Montana,Beaverhead,3,0,0,45.13434354,-112.89846940000001,30001.0,31.735956839098698,0.0,3,2,0,0,2,2,9404,1,0,0,1,0
2020-07-09,US,Montana,Big Horn,102,4,0,45.42335905,-107.492347,30003.0,765.8232600045047,3.92156862745098,98,95,4,0,91,92,13338,7,0,0,7,3
2020-07-09,US,Montana,Broadwater,5,0,0,46.33277565,-111.49558130000001,30007.0,80.1667468334135,0.0,5,5,0,0,5,5,6085,0,0,0,0,0
2020-07-09,US,Montana,Carbon,30,0,0,45.22850116,-109.0274047,30009.0,279.72027972027973,0.0,30,30,0,0,30,29,10714,0,0,0,0,1
2020-07-09,US,Montana,Cascade,41,2,0,47.30797024,-111.3467922,30013.0,50.38959762062778,4.878048780487805,39,37,2,0,35,36,81643,4,0,0,4,1
2020-07-09,US,Montana,Custer,34,0,0,46.25319932,-105.57375259999998,30017.0,298.19329942115417,0.0,34,30,0,0,30,30,11586,4,0,0,4,0
2020-07-09,US,Montana,Dawson,8,0,0,47.26584855,-104.89444170000002,30021.0,92.88285150354116,0.0,8,8,0,0,8,8,8680,0,0,0,0,0
2020-07-09,US,Montana,Deer Lodge,4,0,0,46.05953325,-113.073353,30023.0,43.7636761487965,0.0,4,4,0,0,4,4,9131,0,0,0,0,0
2020-07-09,US,Montana,Fergus,2,0,0,47.26331584,-109.2245206,30027.0,18.099547511312217,0.0,2,2,0,0,2,2,11113,0,0,0,0,0
2020-07-09,US,Montana,Flathead,64,2,0,48.29575866,-114.05205690000001,30029.0,61.65346897096507,3.125,62,64,2,0,62,64,102106,0,0,0,0,0
2020-07-09,US,Montana,Gallatin,334,1,0,45.54486106,-111.1692571,30031.0,291.8712969921527,0.2994011976047904,333,327,1,0,326,308,111876,7,0,0,7,19
2020-07-09,US,Montana,Glacier,25,0,0,48.70513576,-112.9934235,30035.0,181.77852104995273,0.0,25,25,0,0,25,25,13747,0,0,0,0,0
2020-07-09,US,Montana,Golden Valley,3,0,0,46.3816474,-109.17685220000001,30037.0,365.4080389768576,0.0,3,3,0,0,3,3,826,0,0,0,0,0
2020-07-09,US,Montana,Granite,5,0,0,46.40605220000001,-113.4414186,30039.0,147.97277300976617,0.0,5,5,0,0,5,4,3378,0,0,0,0,1
2020-07-09,US,Montana,Hill,8,0,0,48.62879827,-110.1129252,30041.0,48.5319097306479,0.0,8,7,0,0,7,7,16347,1,0,0,1,0
2020-07-09,US,Montana,Jefferson,5,0,0,46.14907081,-112.094396,30043.0,40.91318222731364,0.0,5,5,0,0,5,3,12097,0,0,0,0,2
2020-07-09,US,Montana,Lake,38,0,0,47.64514965,-114.0898013,30047.0,124.76196729923171,0.0,38,24,0,0,24,22,30250,14,0,0,14,2
2020-07-09,US,Montana,Lewis and Clark,40,0,0,47.12610041,-112.39469799999999,30049.0,57.6103237700196,0.0,40,39,0,0,39,36,68700,1,0,0,1,3
2020-07-09,US,Montana,Liberty,1,0,0,48.56084317,-111.02430700000001,30051.0,42.78990158322636,0.0,1,1,0,0,1,1,2430,0,0,0,0,0
2020-07-09,US,Montana,Lincoln,11,1,0,48.54265777,-115.4046155,30053.0,55.055055055055064,9.090909090909092,10,9,1,0,8,9,19794,2,0,0,2,0
2020-07-09,US,Montana,Madison,22,1,0,45.30080065,-111.9173017,30057.0,255.81395348837208,4.545454545454546,21,21,1,0,20,19,8768,1,0,0,1,2
2020-07-09,US,Montana,Meagher,4,0,0,46.59907074,-110.8898557,30059.0,214.8227712137487,0.0,4,4,0,0,4,2,1866,0,0,0,0,2
2020-07-09,US,Montana,Missoula,123,1,0,47.03728583,-113.92135079999998,30063.0,102.84280936454849,0.8130081300813008,122,121,1,0,120,121,118791,2,0,0,2,0
2020-07-09,US,Montana,Musselshell,1,0,0,46.49684637,-108.39498,30065.0,21.58428663932657,0.0,1,1,0,0,1,1,4651,0,0,0,0,0
2020-07-09,US,Montana,Park,16,0,0,45.48965095,-110.52643940000002,30067.0,96.35071660845476,0.0,16,16,0,0,16,16,16736,0,0,0,0,0
2020-07-09,US,Montana,Pondera,2,0,0,48.22773388,-112.22527029999999,30073.0,33.83522246658772,0.0,2,2,0,0,2,2,5972,0,0,0,0,0
2020-07-09,US,Montana,Ravalli,38,0,0,46.08520862,-114.11891640000002,30081.0,86.74610783910879,0.0,38,36,0,0,36,36,43172,2,0,0,2,0
2020-07-09,US,Montana,Richland,22,0,0,47.78668011,-104.5610786,30083.0,203.64713505507729,0.0,22,22,0,0,22,22,10913,0,0,0,0,0
2020-07-09,US,Montana,Roosevelt,8,0,0,48.29607488,-105.00792679999999,30085.0,72.70083605961469,0.0,8,7,0,0,7,7,11059,1,0,0,1,0
2020-07-09,US,Montana,Rosebud,10,1,0,46.23397237,-106.72928799999998,30087.0,111.89437171310284,10.0,9,10,1,0,9,10,9063,0,0,0,0,0
2020-07-09,US,Montana,Sheridan,1,0,0,48.72085833,-104.50382900000001,30091.0,30.22061045633122,0.0,1,1,0,0,1,1,3424,0,0,0,0,0
2020-07-09,US,Montana,Silver Bow,22,0,0,45.90018933,-112.6620092,30093.0,63.010167549763715,0.0,22,22,0,0,22,19,34993,0,0,0,0,3
2020-07-09,US,Montana,Stillwater,8,0,0,45.67071407,-109.3950061,30095.0,82.97033810412778,0.0,8,7,0,0,7,7,9534,1,0,0,1,0
2020-07-09,US,Montana,Teton,10,0,0,47.83741052,-112.24106880000001,30099.0,162.68098259313487,0.0,10,10,0,0,10,10,6162,0,0,0,0,0
2020-07-09,US,Montana,Toole,31,6,0,48.65577551,-111.69424140000001,30101.0,654.5608108108107,19.354838709677423,25,31,6,0,25,31,4853,0,0,0,0,0
2020-07-09,US,Montana,Treasure,2,0,0,46.20973220000001,-107.26665159999999,30103.0,287.3563218390805,0.0,2,2,0,0,2,2,679,0,0,0,0,0
2020-07-09,US,Montana,Valley,4,0,0,48.36435097,-106.6669635,30105.0,54.08328826392645,0.0,4,4,0,0,4,4,7437,0,0,0,0,0
2020-07-09,US,Montana,Wheatland,2,0,0,46.46652491,-109.84646359999999,30107.0,94.07337723424273,0.0,2,2,0,0,2,2,2236,0,0,0,0,0
2020-07-09,US,Montana,Yellowstone,377,6,0,45.93955949,-108.26914860000001,30111.0,233.7259764414135,1.5915119363395225,371,330,4,0,326,325,160137,47,2,0,45,5
2020-07-09,US,Nebraska,Adams,309,11,0,40.52449420000001,-98.50117804,31001.0,985.2373816280333,3.559870550161812,298,304,11,0,293,302,31511,5,0,0,5,2
2020-07-09,US,Nebraska,Antelope,11,1,0,42.17695516,-98.06662829999999,31003.0,174.65862178469357,9.090909090909092,10,9,1,0,8,9,6336,2,0,0,2,0
2020-07-09,US,Nebraska,Banner,2,0,0,41.54634427,-103.7114332,31007.0,268.4563758389262,0.0,2,2,0,0,2,2,730,0,0,0,0,0
2020-07-09,US,Nebraska,Boone,7,0,0,41.70759415,-98.06737183,31011.0,134.82280431432974,0.0,7,7,0,0,7,7,5239,0,0,0,0,0
2020-07-09,US,Nebraska,Box Butte,4,0,0,42.22079243,-103.08788340000001,31013.0,37.095427988500425,0.0,4,3,0,0,3,3,10772,1,0,0,1,0
2020-07-09,US,Nebraska,Boyd,1,0,0,42.899727399999996,-98.76486568,31015.0,52.110474205315285,0.0,1,1,0,0,1,1,1955,0,0,0,0,0
2020-07-09,US,Nebraska,Buffalo,202,1,0,40.85486962,-99.07500296,31019.0,406.7742000443021,0.4950495049504951,201,198,1,0,197,196,49615,4,0,0,4,2
2020-07-09,US,Nebraska,Burt,14,0,0,41.85056773,-96.32605633,31021.0,216.75181916705367,0.0,14,14,0,0,14,14,6488,0,0,0,0,0
2020-07-09,US,Nebraska,Butler,51,0,0,41.22703692,-97.13106306,31023.0,636.2275449101796,0.0,51,52,0,0,52,51,8058,-1,0,0,-1,1
2020-07-09,US,Nebraska,Cass,80,1,0,40.90899107,-96.13971217,31025.0,304.7851264858275,1.25,79,76,1,0,75,74,26159,4,0,0,4,2
2020-07-09,US,Nebraska,Cedar,18,0,0,42.598885100000004,-97.25311951,31027.0,214.23470602237563,0.0,18,18,0,0,18,17,8446,0,0,0,0,1
2020-07-09,US,Nebraska,Chase,1,0,0,40.523719799999995,-101.69780259999999,31029.0,25.4841997961264,0.0,1,1,0,0,1,1,3977,0,0,0,0,0
2020-07-09,US,Nebraska,Cherry,2,0,0,42.54502621,-101.1244332,31031.0,35.15556336790297,0.0,2,2,0,0,2,2,5761,0,0,0,0,0
2020-07-09,US,Nebraska,Cheyenne,20,0,0,41.21999357,-102.9941693,31033.0,224.46689113355785,0.0,20,20,0,0,20,19,9310,0,0,0,0,1
2020-07-09,US,Nebraska,Clay,28,0,0,40.52439441,-98.05126296,31035.0,451.3944865387716,0.0,28,28,0,0,28,28,6214,0,0,0,0,0
2020-07-09,US,Nebraska,Colfax,676,4,0,41.57486951,-97.0868542,31037.0,6312.4474740872165,0.591715976331361,672,671,4,0,667,671,10881,5,0,0,5,0
2020-07-09,US,Nebraska,Cuming,38,0,0,41.91637624,-96.78730772,31039.0,429.5726882206648,0.0,38,38,0,0,38,37,8940,0,0,0,0,1
2020-07-09,US,Nebraska,Custer,40,4,0,41.39374521,-99.72805369,31041.0,371.16080541894775,10.0,36,40,3,0,37,40,10840,0,1,0,-1,0
2020-07-09,US,Nebraska,Dakota,1781,35,0,42.39040144,-96.56656425,31043.0,8893.438529911116,1.965188096574958,1746,1781,34,0,1747,1776,20083,0,1,0,-1,5
2020-07-09,US,Nebraska,Dawes,4,0,0,42.71985036,-103.1313774,31045.0,46.57119571545,0.0,4,4,0,0,4,5,8716,0,0,0,0,-1
2020-07-09,US,Nebraska,Dawson,869,8,0,40.87028216,-99.82014609999999,31047.0,3682.983682983682,0.9205983889528192,861,867,8,0,859,863,23709,2,0,0,2,4
2020-07-09,US,Nebraska,Dixon,52,2,0,42.49188363,-96.86782408,31051.0,922.6401703335699,3.8461538461538463,50,52,2,0,50,52,5709,0,0,0,0,0
2020-07-09,US,Nebraska,Dodge,706,8,0,41.58071748,-96.65598179,31053.0,1930.8081498700947,1.13314447592068,698,699,8,0,691,698,36791,7,0,0,7,1
2020-07-09,US,Nebraska,Douglas,7773,97,0,41.29518299,-96.15085305,31055.0,1360.5168318668645,1.2479094300784768,7676,7684,97,0,7587,7596,566880,89,0,0,89,88
2020-07-09,US,Nebraska,Fillmore,18,1,0,40.52458567,-97.59646937,31059.0,329.5496155254485,5.5555555555555545,17,17,1,0,16,15,5527,1,0,0,1,2
2020-07-09,US,Nebraska,Franklin,8,0,0,40.17636348,-98.95299073,31061.0,268.5464921114468,0.0,8,8,0,0,8,8,3023,0,0,0,0,0
2020-07-09,US,Nebraska,Frontier,1,0,0,40.52993007,-100.3924658,31063.0,38.06623524933384,0.0,1,1,0,0,1,1,2608,0,0,0,0,0
2020-07-09,US,Nebraska,Furnas,10,1,0,40.17642064,-99.91247454,31065.0,213.85799828913602,10.0,9,10,1,0,9,10,4715,0,0,0,0,0
2020-07-09,US,Nebraska,Gage,61,3,0,40.26186809,-96.68946704,31067.0,283.54948170873433,4.918032786885246,58,59,3,0,56,58,21493,2,0,0,2,1
2020-07-09,US,Nebraska,Garden,4,0,0,41.61703149,-102.3313973,31069.0,217.74632553075668,0.0,4,4,0,0,4,4,1897,0,0,0,0,0
2020-07-09,US,Nebraska,Garfield,1,0,0,41.91428955,-98.99111827,31071.0,50.787201625190455,0.0,1,1,0,0,1,1,1987,0,0,0,0,0
2020-07-09,US,Nebraska,Gosper,13,0,0,40.51481965,-99.83020279,31073.0,653.2663316582915,0.0,13,13,0,0,13,13,1996,0,0,0,0,0
2020-07-09,US,Nebraska,Greeley,5,0,0,41.56742671,-98.52150266,31077.0,212.22410865874363,0.0,5,5,0,0,5,5,2356,0,0,0,0,0
2020-07-09,US,Nebraska,Hall,1608,47,0,40.87257079,-98.50218293,31079.0,2620.898733558261,2.9228855721393034,1561,1611,47,0,1564,1606,61607,-3,0,0,-3,5
2020-07-09,US,Nebraska,Hamilton,69,12,0,40.87349452,-98.02099117,31081.0,740.0257400257401,17.391304347826086,57,67,12,0,55,67,9280,2,0,0,2,0
2020-07-09,US,Nebraska,Harlan,1,0,0,40.17658508,-99.40438879,31083.0,29.58579881656805,0.0,1,1,0,0,1,1,3401,0,0,0,0,0
2020-07-09,US,Nebraska,Hitchcock,1,0,0,40.17609175,-101.04164770000001,31087.0,36.205648081100655,0.0,1,1,0,0,1,1,2806,0,0,0,0,0
2020-07-09,US,Nebraska,Holt,4,0,0,42.45522056,-98.78402558,31089.0,39.73378364954803,0.0,4,4,0,0,4,3,10178,0,0,0,0,1
2020-07-09,US,Nebraska,Hooker,2,0,0,41.91586243,-101.1354293,31091.0,293.2551319648094,0.0,2,2,0,0,2,2,682,0,0,0,0,0
2020-07-09,US,Nebraska,Howard,44,4,0,41.2200529,-98.5166499,31093.0,682.6997672614431,9.090909090909092,40,44,4,0,40,44,6468,0,0,0,0,0
2020-07-09,US,Nebraska,Jefferson,10,0,0,40.17584531,-97.142601,31095.0,141.92449616803862,0.0,10,10,0,0,10,10,7097,0,0,0,0,0
2020-07-09,US,Nebraska,Johnson,7,0,0,40.39257596,-96.26522753,31097.0,138.03983435219877,0.0,7,7,0,0,7,7,5134,0,0,0,0,0
2020-07-09,US,Nebraska,Kearney,18,0,0,40.50663314,-98.94877182,31099.0,277.1362586605081,0.0,18,17,0,0,17,17,6544,1,0,0,1,0
2020-07-09,US,Nebraska,Keith,4,0,0,41.19930341,-101.66201640000001,31101.0,49.78839930296241,0.0,4,4,0,0,4,4,8021,0,0,0,0,0
2020-07-09,US,Nebraska,Kimball,11,0,0,41.19774275,-103.7148131,31105.0,302.86343612334804,0.0,11,11,0,0,11,11,3618,0,0,0,0,0
2020-07-09,US,Nebraska,Knox,25,0,0,42.63758421,-97.89178836,31107.0,300.04800768122897,0.0,25,25,0,0,25,25,8419,0,0,0,0,0
2020-07-09,US,Nebraska,Lancaster,1990,13,0,40.78416049,-96.68777155,31109.0,623.6485004230782,0.6532663316582915,1977,1963,13,0,1950,1897,317272,27,0,0,27,66
2020-07-09,US,Nebraska,Lincoln,65,2,0,41.04658298,-100.74753740000001,31111.0,186.1717362662542,3.0769230769230766,63,63,2,0,61,63,35185,2,0,0,2,0
2020-07-09,US,Nebraska,Madison,379,4,0,41.91676024,-97.6005481,31119.0,1079.8028433858517,1.0554089709762533,375,379,4,0,375,376,35392,0,0,0,0,3
2020-07-09,US,Nebraska,Merrick,39,0,0,41.16624273,-98.0374887,31121.0,502.9013539651838,0.0,39,39,0,0,39,39,7733,0,0,0,0,0
2020-07-09,US,Nebraska,Morrill,52,0,0,41.71711774,-103.0061405,31123.0,1120.2068074105991,0.0,52,51,0,0,51,51,4686,1,0,0,1,0
2020-07-09,US,Nebraska,Nance,4,0,0,41.39750195,-97.99327291,31125.0,113.66865586814436,0.0,4,4,0,0,4,4,3532,0,0,0,0,0
2020-07-09,US,Nebraska,Nemaha,5,0,0,40.38514847,-95.85433992,31127.0,71.7154331612163,0.0,5,5,0,0,5,5,6958,0,0,0,0,0
2020-07-09,US,Nebraska,Nuckolls,1,0,0,40.17637905,-98.04743961,31129.0,24.108003857280607,0.0,1,1,0,0,1,1,4195,0,0,0,0,0
2020-07-09,US,Nebraska,Otoe,27,0,0,40.64843556,-96.13374142,31131.0,168.62353235073695,0.0,27,25,0,0,25,25,15985,2,0,0,2,0
2020-07-09,US,Nebraska,Phelps,27,0,0,40.51156033,-99.41461667,31137.0,298.87093203453617,0.0,27,27,0,0,27,27,8996,0,0,0,0,0
2020-07-09,US,Nebraska,Pierce,10,0,0,42.26434853,-97.60122773,31139.0,139.89927252378288,0.0,10,10,0,0,10,9,7142,0,0,0,0,1
2020-07-09,US,Nebraska,Platte,684,3,0,41.57246836,-97.52144359,31141.0,2043.6211532715865,0.43859649122807015,681,681,3,0,678,672,33363,3,0,0,3,9
2020-07-09,US,Nebraska,Polk,13,0,0,41.18813488,-97.56630712,31143.0,249.37655860349128,0.0,13,13,0,0,13,13,5278,0,0,0,0,0
2020-07-09,US,Nebraska,Red Willow,8,0,0,40.17556879999999,-100.476998,31145.0,74.59903021260723,0.0,8,8,0,0,8,8,10726,0,0,0,0,0
2020-07-09,US,Nebraska,Richardson,6,1,0,40.1247415,-95.71755036,31147.0,76.28734901462174,16.666666666666668,5,5,1,0,4,5,7937,1,0,0,1,0
2020-07-09,US,Nebraska,Rock,2,0,0,42.42252217,-99.44832069,31149.0,147.38393515106853,0.0,2,2,0,0,2,2,1360,0,0,0,0,0
2020-07-09,US,Nebraska,Saline,545,2,0,40.52418865,-97.14085859,31151.0,3831.552305961755,0.3669724770642202,543,544,2,0,542,540,14350,1,0,0,1,4
2020-07-09,US,Nebraska,Sarpy,1299,8,0,41.11314181,-96.11156432,31153.0,693.9250838693132,0.6158583525789069,1291,1272,8,0,1264,1259,184459,27,0,0,27,13
2020-07-09,US,Nebraska,Saunders,85,2,0,41.227810299999994,-96.63773905,31155.0,393.9197330614515,2.3529411764705883,83,83,2,0,81,81,21303,2,0,0,2,2
2020-07-09,US,Nebraska,Scotts Bluff,233,5,0,41.85070896,-103.70809859999999,31157.0,654.1636251333596,2.145922746781116,228,231,5,0,226,229,35989,2,0,0,2,2
2020-07-09,US,Nebraska,Seward,46,1,0,40.87241834,-97.139673,31159.0,266.14209673686645,2.1739130434782608,45,46,1,0,45,44,17318,0,0,0,0,2
2020-07-09,US,Nebraska,Sheridan,8,0,0,42.50284406,-102.4126613,31161.0,152.49714067861228,0.0,8,8,0,0,8,8,5190,0,0,0,0,0
2020-07-09,US,Nebraska,Sherman,5,0,0,41.22045983,-98.97588642,31163.0,166.61112962345885,0.0,5,5,0,0,5,5,3038,0,0,0,0,0
2020-07-09,US,Nebraska,Sioux,6,0,0,42.48932059,-103.7576544,31165.0,514.5797598627787,0.0,6,6,0,0,6,6,1187,0,0,0,0,0
2020-07-09,US,Nebraska,Stanton,21,0,0,41.9169835,-97.19394708,31167.0,354.72972972972974,0.0,21,21,0,0,21,21,5970,0,0,0,0,0
2020-07-09,US,Nebraska,Thayer,7,0,0,40.17626377,-97.59504381,31169.0,139.9160503697781,0.0,7,4,0,0,4,1,5039,3,0,0,3,3
2020-07-09,US,Nebraska,Thomas,1,0,0,41.91358968,-100.5556632,31171.0,138.50415512465375,0.0,1,1,0,0,1,1,720,0,0,0,0,0
2020-07-09,US,Nebraska,Thurston,167,2,0,42.15725356,-96.54157099,31173.0,2311.7386489479513,1.1976047904191616,165,167,1,0,166,166,7303,0,1,0,-1,1
2020-07-09,US,Nebraska,Unassigned,123,0,0,0.0,0.0,90031.0,0.0,0.0,123,123,1,0,122,126,,0,-1,0,1,-3
2020-07-09,US,Nebraska,Valley,8,0,0,41.56730777,-98.98197724,31175.0,192.40019240019242,0.0,8,8,0,0,8,8,4190,0,0,0,0,0
2020-07-09,US,Nebraska,Washington,55,1,0,41.52815707,-96.22019892,31177.0,265.3287664624439,1.818181818181818,54,53,1,0,52,50,20667,2,0,0,2,3
2020-07-09,US,Nebraska,Wayne,31,0,0,42.20934475,-97.11926964,31179.0,330.31433137986147,0.0,31,28,0,0,28,28,9403,3,0,0,3,0
2020-07-09,US,Nebraska,Webster,7,0,0,40.17642643,-98.50019851,31181.0,200.7456266131345,0.0,7,7,0,0,7,7,3533,0,0,0,0,0
2020-07-09,US,Nebraska,York,50,0,0,40.87272618,-97.59710186,31185.0,365.5237955990935,0.0,50,49,0,0,49,47,13772,1,0,0,1,2
2020-07-09,US,Nevada,Carson City,194,6,0,39.15509045,-119.7480219,32510.0,346.9489949209529,3.0927835051546397,188,185,6,0,179,182,55414,9,0,0,9,3
2020-07-09,US,Nevada,Churchill,26,1,0,39.58105744,-118.3394607,32001.0,104.3799429924927,3.8461538461538463,25,20,1,0,19,20,24440,6,0,0,6,0
2020-07-09,US,Nevada,Clark,20622,468,0,36.21458855,-115.0130241,32003.0,909.7747180391008,2.2694210066918825,20154,20126,454,0,19672,19654,2231647,496,14,0,482,472
2020-07-09,US,Nevada,Douglas,80,0,0,38.912862,-119.61713329999999,32005.0,163.58245578161743,0.0,80,79,0,0,79,76,48467,1,0,0,1,3
2020-07-09,US,Nevada,Elko,184,1,0,41.14531606,-115.3577619,32007.0,348.63011103111137,0.5434782608695652,183,162,1,0,161,162,52460,22,0,0,22,0
2020-07-09,US,Nevada,Eureka,1,0,0,39.98100864,-116.26832040000001,32011.0,49.28536224741252,0.0,1,1,0,0,1,1,2003,0,0,0,0,0
2020-07-09,US,Nevada,Humboldt,89,4,0,41.40692186,-118.11094270000001,32013.0,528.7861683797754,4.49438202247191,85,86,4,0,82,86,16786,3,0,0,3,0
2020-07-09,US,Nevada,Lander,38,0,0,39.933223299999995,-117.03970749999999,32015.0,686.9125090383225,0.0,38,38,0,0,38,38,5575,0,0,0,0,0
2020-07-09,US,Nevada,Lincoln,2,0,0,37.64268459,-114.8790388,32017.0,38.58769052672198,0.0,2,2,0,0,2,2,5201,0,0,0,0,0
2020-07-09,US,Nevada,Lyon,136,2,0,39.01777974,-119.18704790000001,32019.0,236.48061206746647,1.4705882352941178,134,135,2,0,133,132,55808,1,0,0,1,3
2020-07-09,US,Nevada,Mineral,5,0,0,38.53841696,-118.4344506,32021.0,110.98779134295229,0.0,5,5,0,0,5,5,4514,0,0,0,0,0
2020-07-09,US,Nevada,Nye,181,3,0,38.04264256,-116.47227020000001,32023.0,389.05487608279776,1.6574585635359116,178,150,3,0,147,150,45346,31,0,0,31,0
2020-07-09,US,Nevada,Pershing,10,0,0,40.44003782,-118.40056409999998,32027.0,148.69888475836433,0.0,10,9,0,0,9,9,6666,1,0,0,1,0
2020-07-09,US,Nevada,Storey,2,0,0,39.44875482,-119.5250207,32029.0,48.508367693427104,0.0,2,2,0,0,2,2,4029,0,0,0,0,0
2020-07-09,US,Nevada,Washoe,3328,86,0,40.66562265,-119.6631594,32031.0,705.8040078978789,2.5841346153846154,3242,3295,82,0,3213,3260,465735,33,4,0,29,35
2020-07-09,US,Nevada,White Pine,6,0,0,39.44157041,-114.89996599999999,32033.0,62.63048016701461,0.0,6,6,0,0,6,6,9475,0,0,0,0,0
2020-07-09,US,New Hampshire,Belknap,87,2,0,43.51637314,-71.41684235,33001.0,141.9180138003034,2.2988505747126435,85,87,2,0,85,86,61022,0,0,0,0,1
2020-07-09,US,New Hampshire,Carroll,65,0,0,43.87498583,-71.20430216,33003.0,132.8971580453895,0.0,65,64,0,0,64,64,48779,1,0,0,1,0
2020-07-09,US,New Hampshire,Cheshire,75,2,0,42.92015988,-72.25311043,33005.0,98.57396333048565,2.6666666666666665,73,74,2,0,72,74,76493,1,0,0,1,0
2020-07-09,US,New Hampshire,Coos,9,0,0,44.69063265,-71.30633239,33007.0,28.5143997718848,0.0,9,9,0,0,9,9,31589,0,0,0,0,0
2020-07-09,US,New Hampshire,Grafton,90,1,0,43.93779815,-71.82057197,33009.0,100.12682731459849,1.1111111111111112,89,90,1,0,89,88,89786,0,0,0,0,2
2020-07-09,US,New Hampshire,Hillsborough,3387,257,0,42.91537785,-71.7200253,33011.0,812.1815238894551,7.587835842928847,3130,3370,256,0,3114,3361,415247,17,1,0,16,9
2020-07-09,US,New Hampshire,Merrimack,422,19,0,43.29662971,-71.6811573,33013.0,278.7484064442404,4.5023696682464465,403,421,19,0,402,420,151132,1,0,0,1,1
2020-07-09,US,New Hampshire,Rockingham,1505,92,0,42.98499744,-71.12883377,33015.0,485.8459045288586,6.112956810631228,1413,1505,92,0,1413,1499,309176,0,0,0,0,6
2020-07-09,US,New Hampshire,Strafford,297,13,0,43.291833000000004,-71.02336013,33017.0,227.35449694946914,4.377104377104377,284,296,13,0,283,295,130090,1,0,0,1,1
2020-07-09,US,New Hampshire,Sullivan,35,1,0,43.36094111,-72.22203125,33019.0,81.11991841653919,2.8571428571428568,34,35,1,0,34,35,43144,0,0,0,0,0
2020-07-09,US,New Hampshire,Unassigned,1,0,0,0.0,0.0,90033.0,0.0,0.0,1,1,0,0,1,1,,0,0,0,0,0
2020-07-09,US,New Jersey,Atlantic,2976,226,0,39.47538693,-74.65848483,34001.0,1128.6835817499148,7.594086021505376,2750,2962,224,0,2738,2961,265429,14,2,0,12,1
2020-07-09,US,New Jersey,Bergen,19771,2020,0,40.96010917,-74.07164325,34003.0,2120.8922529666315,10.216984472206768,17751,19732,2010,0,17722,19676,936692,39,10,0,29,56
2020-07-09,US,New Jersey,Burlington,5316,446,0,39.87681124,-74.66927768,34005.0,1193.67058194809,8.389766741911211,4870,5306,441,0,4865,5295,445384,10,5,0,5,11
2020-07-09,US,New Jersey,Camden,7600,540,0,39.80343818,-74.96388753,34007.0,1500.5795001095819,7.105263157894738,7060,7573,538,0,7035,7536,507078,27,2,0,25,37
2020-07-09,US,New Jersey,Cape May,723,76,0,39.15008829,-74.80170244,34009.0,785.5365660209259,10.511756569847856,647,718,76,0,642,720,92560,5,0,0,5,-2
2020-07-09,US,New Jersey,Cumberland,3032,149,0,39.37199394,-75.10712559,34011.0,2027.72743384138,4.91424802110818,2883,3030,149,0,2881,3029,150972,2,0,0,2,1
2020-07-09,US,New Jersey,Essex,18928,2060,0,40.78681335,-74.24657979,34013.0,2369.035326512093,10.88334742180896,16868,18920,2046,0,16874,18918,799767,8,14,0,-6,2
2020-07-09,US,New Jersey,Gloucester,2697,193,0,39.71581067,-75.13995546,34015.0,924.782948607168,7.156099369670003,2504,2691,192,0,2499,2671,291408,6,1,0,5,20
2020-07-09,US,New Jersey,Hudson,19037,1477,0,40.73766234,-74.07515667,34017.0,2831.239561505136,7.758575405788727,17560,19024,1462,0,17562,19016,676061,13,15,0,-2,8
2020-07-09,US,New Jersey,Hunterdon,1094,125,0,40.56335249,-74.91284156,34019.0,879.6262794381328,11.425959780621572,969,1091,124,0,967,1090,124714,3,1,0,2,1
2020-07-09,US,New Jersey,Mercer,7765,596,0,40.28047017,-74.70479631,34021.0,2113.327708679204,7.675466838377334,7169,7751,595,0,7156,7756,369811,14,1,0,13,-5
2020-07-09,US,New Jersey,Middlesex,16952,1361,0,40.43629879,-74.41426991,34023.0,2054.633469969529,8.02855120339783,15591,16956,1348,0,15608,16966,829685,-4,13,0,-17,-10
2020-07-09,US,New Jersey,Monmouth,9371,831,0,40.26549699,-74.22240686,34025.0,1514.3949126932184,8.86778358766407,8540,9362,825,0,8537,9346,621354,9,6,0,3,16
2020-07-09,US,New Jersey,Morris,6864,817,0,40.86095313,-74.54553709999998,34027.0,1395.5616098567639,11.902680652680653,6047,6854,810,0,6044,6830,494228,10,7,0,3,24
2020-07-09,US,New Jersey,Ocean,9773,992,0,39.8895449,-74.28089251,34029.0,1609.5562150642472,10.150414407039804,8781,9753,986,0,8767,9738,601651,20,6,0,14,15
2020-07-09,US,New Jersey,Passaic,17000,1216,0,41.03238628,-74.29954144,34031.0,3387.628381152033,7.152941176470589,15784,16978,1204,0,15774,16974,503310,22,12,0,10,4
2020-07-09,US,New Jersey,Salem,811,77,0,39.58719656,-75.34696629999998,34033.0,1299.9919852528653,9.494451294697905,734,808,77,0,731,807,62607,3,0,0,3,1
2020-07-09,US,New Jersey,Somerset,4952,544,0,40.56465737,-74.61683016,34035.0,1505.4691822675672,10.985460420032313,4408,4950,537,0,4413,4945,331164,2,7,0,-5,5
2020-07-09,US,New Jersey,Sussex,1220,194,0,41.13891592,-74.69118243,34037.0,868.4015716644838,15.901639344262295,1026,1219,194,0,1025,1214,140799,1,0,0,1,5
2020-07-09,US,New Jersey,Unassigned,665,0,0,0.0,0.0,90034.0,0.0,0.0,665,656,0,0,656,682,,9,0,0,9,-26
2020-07-09,US,New Jersey,Union,16462,1341,0,40.65835409,-74.30680092,34039.0,2958.976598884497,8.146033288786294,15121,16443,1330,0,15113,16450,558067,19,11,0,8,-7
2020-07-09,US,New Jersey,Warren,1261,167,0,40.85951833,-74.99556527,34041.0,1197.906276420911,13.24345757335448,1094,1262,164,0,1098,1258,105779,-1,3,0,-4,4
2020-07-09,US,New Mexico,Bernalillo,2816,94,0,35.05163625,-106.6703554,35001.0,414.6536478771824,3.3380681818181817,2722,2717,92,0,2625,2618,678701,99,2,0,97,99
2020-07-09,US,New Mexico,Catron,2,1,0,33.91514144,-108.4046587,35003.0,56.70541536716757,50.0,1,2,1,0,1,2,3578,0,0,0,0,0
2020-07-09,US,New Mexico,Chaves,151,2,0,33.36406072,-104.4665365,35005.0,233.69186721349533,1.3245033112582782,149,147,2,0,145,133,64689,4,0,0,4,14
2020-07-09,US,New Mexico,Cibola,244,14,0,34.91131525,-107.998876,35006.0,914.714151827554,5.737704918032787,230,243,14,0,229,242,26746,1,0,0,1,1
2020-07-09,US,New Mexico,Colfax,9,1,0,36.60569702,-104.64726740000002,35007.0,75.37057197889624,11.111111111111109,8,9,1,0,8,9,12110,0,0,0,0,0
2020-07-09,US,New Mexico,Curry,227,1,0,34.57421077,-103.34688759999999,35009.0,463.70061690566666,0.4405286343612335,226,207,0,0,207,201,49437,20,1,0,19,6
2020-07-09,US,New Mexico,Dona Ana,1306,11,0,32.35275771,-106.83293870000001,35013.0,598.5471711084123,0.8422664624808576,1295,1285,11,0,1274,1233,217522,21,0,0,21,52
2020-07-09,US,New Mexico,Eddy,122,1,0,32.47167456,-104.3053527,35015.0,208.68970236058846,0.819672131147541,121,116,1,0,115,107,57900,6,0,0,6,9
2020-07-09,US,New Mexico,Grant,29,0,0,32.73911281,-108.3827845,35017.0,107.41536410104452,0.0,29,27,0,0,27,24,27346,2,0,0,2,3
2020-07-09,US,New Mexico,Guadalupe,20,0,0,34.86319296,-104.790669,35019.0,465.11627906976736,0.0,20,20,0,0,20,20,4341,0,0,0,0,0
2020-07-09,US,New Mexico,Harding,1,0,0,35.85751555,-103.82209379999999,35021.0,160.0,0.0,1,1,0,0,1,1,655,0,0,0,0,0
2020-07-09,US,New Mexico,Hidalgo,64,0,0,31.91383467,-108.7151824,35023.0,1524.5354930919486,0.0,64,62,0,0,62,61,4240,2,0,0,2,1
2020-07-09,US,New Mexico,Lea,230,0,0,32.79215361,-103.4123733,35025.0,323.62459546925567,0.0,230,223,0,0,223,211,69611,7,0,0,7,12
2020-07-09,US,New Mexico,Lincoln,18,0,0,33.74526079,-105.4586166,35027.0,91.96811771919069,0.0,18,16,0,0,16,14,19556,2,0,0,2,2
2020-07-09,US,New Mexico,Los Alamos,11,0,0,35.86631386,-106.31349850000001,35028.0,56.79178068046879,0.0,11,11,0,0,11,11,19101,0,0,0,0,0
2020-07-09,US,New Mexico,Luna,113,3,0,32.18179341,-107.75088259999998,35029.0,476.61225694883797,2.6548672566371683,110,113,3,0,110,112,23963,0,0,0,0,1
2020-07-09,US,New Mexico,McKinley,3567,186,0,35.58007720000001,-108.262245,35031.0,4998.1083694144345,5.214465937762826,3381,3548,184,0,3364,3525,72290,19,2,0,17,23
2020-07-09,US,New Mexico,Otero,67,7,0,32.61348406,-105.7417604,35035.0,99.27396651355757,10.447761194029852,60,65,7,0,58,63,66781,2,0,0,2,2
2020-07-09,US,New Mexico,Quay,12,1,0,35.10403332,-103.54817270000001,35037.0,145.40167211922937,8.333333333333334,11,9,1,0,8,8,8253,3,0,0,3,1
2020-07-09,US,New Mexico,Rio Arriba,128,1,0,36.51072137,-106.69316740000001,35039.0,328.87130340947044,0.78125,127,124,1,0,123,119,39006,4,0,0,4,5
2020-07-09,US,New Mexico,Roosevelt,76,1,0,34.02097406,-103.4799493,35041.0,410.81081081081084,1.3157894736842106,75,74,1,0,73,74,18743,2,0,0,2,0
2020-07-09,US,New Mexico,San Juan,2628,167,0,36.50838318,-108.32043700000001,35045.0,2120.0729279272014,6.354642313546423,2461,2612,166,0,2446,2594,125043,16,1,0,15,18
2020-07-09,US,New Mexico,San Miguel,23,0,0,35.48014807,-104.8163562,35047.0,84.32012318070169,0.0,23,23,0,0,23,23,27591,0,0,0,0,0
2020-07-09,US,New Mexico,Sandoval,802,30,0,35.68862401,-106.86878030000001,35043.0,546.515114345681,3.740648379052369,772,793,30,0,763,776,145179,9,0,0,9,17
2020-07-09,US,New Mexico,Santa Fe,302,3,0,35.50708973,-105.9774716,35049.0,200.853961877652,0.9933774834437086,299,293,3,0,290,283,150056,9,0,0,9,10
2020-07-09,US,New Mexico,Sierra,14,0,0,33.13028233,-107.1925893,35051.0,129.7377444166435,0.0,14,14,0,0,14,14,10968,0,0,0,0,0
2020-07-09,US,New Mexico,Socorro,61,5,0,34.00715494,-106.9298354,35053.0,366.65264170222997,8.196721311475411,56,61,5,0,56,61,16735,0,0,0,0,0
2020-07-09,US,New Mexico,Taos,51,1,0,36.58006022,-105.63101979999999,35055.0,155.85368089722823,1.96078431372549,50,51,1,0,50,49,32835,0,0,0,0,2
2020-07-09,US,New Mexico,Torrance,47,1,0,34.64048375,-105.8508949,35057.0,303.9906862428045,2.127659574468085,46,47,1,0,46,48,15591,0,0,0,0,-1
2020-07-09,US,New Mexico,Unassigned,934,0,0,0.0,0.0,90035.0,0.0,0.0,934,933,0,0,933,928,,1,0,0,1,5
2020-07-09,US,New Mexico,Union,8,0,0,36.48126404,-103.4709624,35059.0,197.09288001970933,0.0,8,8,0,0,8,8,4118,0,0,0,0,0
2020-07-09,US,New Mexico,Valencia,168,2,0,34.71669834,-106.8103733,35061.0,219.0694763196328,1.1904761904761905,166,163,2,0,161,155,76456,5,0,0,5,8
2020-07-09,US,New York,Albany,2183,121,0,42.60060306,-73.97723916,36001.0,714.5522510196199,5.542830966559781,2062,2175,121,0,2054,2164,307117,8,0,0,8,11
2020-07-09,US,New York,Allegany,64,1,0,42.25748406,-78.02750466,36003.0,138.85574190188973,1.5625,63,64,1,0,63,63,46430,0,0,0,0,1
2020-07-09,US,New York,Broome,770,60,0,42.15903158,-75.81326086,36007.0,404.22493805384073,7.792207792207793,710,766,58,0,708,762,191659,4,2,0,2,4
2020-07-09,US,New York,Cattaraugus,131,6,0,42.24778241,-78.67923096,36009.0,172.1034722860859,4.580152671755725,125,130,6,0,124,128,76840,1,0,0,1,2
2020-07-09,US,New York,Cayuga,124,2,0,42.91261714,-76.55731592,36011.0,161.93063100710404,1.6129032258064515,122,122,2,0,120,122,77145,2,0,0,2,0
2020-07-09,US,New York,Chautauqua,152,7,0,42.22769210000001,-79.36691763,36013.0,119.77652222563692,4.605263157894737,145,149,7,0,142,135,127939,3,0,0,3,14
2020-07-09,US,New York,Chemung,148,2,0,42.13891056,-76.7638805,36015.0,177.33895705521473,1.351351351351351,146,147,2,0,145,147,84254,1,0,0,1,0
2020-07-09,US,New York,Chenango,163,5,0,42.49430041,-75.60887553,36017.0,345.2877751180969,3.0674846625766867,158,159,5,0,154,157,47536,4,0,0,4,2
2020-07-09,US,New York,Clinton,107,4,0,44.74530905,-73.67875352,36019.0,132.94402683729888,3.7383177570093458,103,106,4,0,102,105,80695,1,0,0,1,1
2020-07-09,US,New York,Columbia,482,37,0,42.24819348,-73.63089095,36021.0,810.6153613292746,7.6763485477178435,445,482,37,0,445,479,59916,0,0,0,0,3
2020-07-09,US,New York,Cortland,55,0,0,42.59509207,-76.07048931,36023.0,115.59235829427713,0.0,55,54,0,0,54,53,47823,1,0,0,1,1
2020-07-09,US,New York,Delaware,91,4,0,42.19837623,-74.96709306,36025.0,206.18556701030928,4.395604395604397,87,91,4,0,87,91,44527,0,0,0,0,0
2020-07-09,US,New York,Dutchess,4255,152,0,41.76486060000001,-73.74356679,36027.0,1446.206554323665,3.572267920094007,4103,4250,152,0,4098,4248,293718,5,0,0,5,2
2020-07-09,US,New York,Erie,7624,639,0,42.76249024,-78.73063652,36029.0,829.8664855415575,8.381427072402937,6985,7596,639,0,6957,7544,919719,28,0,0,28,52
2020-07-09,US,New York,Essex,51,0,0,44.11630765,-73.77297842,36031.0,138.2675884505897,0.0,51,49,0,0,49,49,37300,2,0,0,2,0
2020-07-09,US,New York,Franklin,34,0,0,44.59040891,-74.29926032,36033.0,67.97009315901003,0.0,34,33,0,0,33,33,50293,1,0,0,1,0
2020-07-09,US,New York,Fulton,263,24,0,43.11363907,-74.41798804,36035.0,492.66620459696907,9.125475285171104,239,262,24,0,238,262,53591,1,0,0,1,0
2020-07-09,US,New York,Genesee,244,5,0,43.0022601,-78.19135193,36037.0,425.97765363128485,2.0491803278688523,239,244,5,0,239,242,57511,0,0,0,0,2
2020-07-09,US,New York,Greene,263,18,0,42.275797,-74.12384884,36039.0,557.3450877341697,6.844106463878328,245,263,18,0,245,263,47491,0,0,0,0,0
2020-07-09,US,New York,Hamilton,6,0,0,43.66146647,-74.49721957,36041.0,135.8695652173913,0.0,6,6,0,0,6,6,4434,0,0,0,0,0
2020-07-09,US,New York,Herkimer,182,4,0,43.42034246,-74.96145307,36043.0,296.8084932891926,2.1978021978021984,178,181,4,0,177,181,61833,1,0,0,1,0
2020-07-09,US,New York,Jefferson,95,0,0,44.04200959,-75.94653457,36045.0,86.4941639200976,0.0,95,94,0,0,94,94,111755,1,0,0,1,0
2020-07-09,US,New York,Lewis,31,0,0,43.784415700000004,-75.44903992,36049.0,117.88865226650441,0.0,31,31,0,0,31,31,26447,0,0,0,0,0
2020-07-09,US,New York,Livingston,140,8,0,42.72596275,-77.77966158,36051.0,222.52598785643886,5.7142857142857135,132,137,8,0,129,134,63227,3,0,0,3,3
2020-07-09,US,New York,Madison,368,17,0,42.91653905,-75.67266639,36053.0,518.740925557858,4.619565217391305,351,368,17,0,351,367,70795,0,0,0,0,1
2020-07-09,US,New York,Monroe,4074,273,0,43.14638895,-77.69322942,36055.0,549.2268492929077,6.7010309278350535,3801,4046,273,0,3773,4004,742474,28,0,0,28,42
2020-07-09,US,New York,Montgomery,125,4,0,42.90123494,-74.44011632,36057.0,253.95664452164726,3.2,121,121,4,0,117,121,49455,4,0,0,4,0
2020-07-09,US,New York,Nassau,42164,2188,0,40.74066522,-73.58941873,36059.0,3107.322149213957,5.189260980931602,39976,42122,2188,0,39934,42088,1358343,42,0,0,42,34
2020-07-09,US,New York,New York City,218052,23247,0,40.76727260000001,-73.97152637,36061.0,2615.530603586477,10.661218424962852,194805,217777,23224,0,194553,217488,1628701,275,23,0,252,289
2020-07-09,US,New York,Niagara,1315,90,0,43.19898042,-78.74777412,36063.0,628.3417988255028,6.844106463878328,1225,1307,90,0,1217,1297,210433,8,0,0,8,10
2020-07-09,US,New York,Oneida,1791,98,0,43.24375382,-75.43710392,36065.0,783.2213092171722,5.471803461753209,1693,1776,98,0,1678,1760,229577,15,0,0,15,16
2020-07-09,US,New York,Onondaga,3050,188,0,43.00491923,-76.19971155,36067.0,662.2832922211028,6.163934426229508,2862,3029,188,0,2841,2997,461809,21,0,0,21,32
2020-07-09,US,New York,Ontario,290,33,0,42.85145728,-77.30874425,36069.0,264.17191214917517,11.379310344827585,257,286,33,0,253,283,109864,4,0,0,4,3
2020-07-09,US,New York,Orange,10810,484,0,41.40337468,-74.30240757,36071.0,2808.2298540032207,4.477335800185013,10326,10806,484,0,10322,10798,381951,4,0,0,4,8
2020-07-09,US,New York,Orleans,286,54,0,43.2516977,-78.2320066,36073.0,708.7628865979382,18.88111888111888,232,286,54,0,232,285,40612,0,0,0,0,1
2020-07-09,US,New York,Oswego,211,3,0,43.42778894,-76.14635194,36075.0,180.1509511287183,1.4218009478672986,208,210,3,0,207,207,117898,1,0,0,1,3
2020-07-09,US,New York,Otsego,86,5,0,42.63492579,-75.03151402,36077.0,144.55482157564757,5.813953488372092,81,86,5,0,81,86,59749,0,0,0,0,0
2020-07-09,US,New York,Putnam,1348,63,0,41.42630093,-73.74965532,36079.0,1371.0333604556552,4.673590504451038,1285,1344,63,0,1281,1340,98892,4,0,0,4,4
2020-07-09,US,New York,Rensselaer,586,30,0,42.71348136,-73.51089874,36083.0,369.2175863502905,5.119453924914676,556,580,30,0,550,571,159442,6,0,0,6,9
2020-07-09,US,New York,Rockland,13683,668,0,41.15027894,-74.02560498,36087.0,4199.957641295438,4.881970328144413,13015,13679,668,0,13011,13668,325695,4,0,0,4,11
2020-07-09,US,New York,Saratoga,585,17,0,43.10904162,-73.86653895,36091.0,254.4994192192741,2.9059829059829063,568,582,17,0,565,578,230163,3,0,0,3,4
2020-07-09,US,New York,Schenectady,848,37,0,42.81668777,-74.05278291,36093.0,546.0434387858261,4.363207547169812,811,844,37,0,807,843,155350,4,0,0,4,1
2020-07-09,US,New York,Schoharie,61,0,0,42.58831742,-74.44339029999998,36095.0,196.7805413077841,0.0,61,60,0,0,60,59,31097,1,0,0,1,1
2020-07-09,US,New York,Schuyler,13,0,0,42.39184015,-76.8773299,36097.0,73.0049980344808,0.0,13,13,0,0,13,13,17912,0,0,0,0,0
2020-07-09,US,New York,Seneca,73,0,0,42.78081007,-76.82497064,36099.0,214.60489181561616,0.0,73,71,0,0,71,71,34300,2,0,0,2,0
2020-07-09,US,New York,St. Lawrence,227,2,0,44.4976179,-75.06550039,36089.0,210.6924076480416,0.8810572687224669,225,227,2,0,225,226,108047,0,0,0,0,1
2020-07-09,US,New York,Steuben,272,41,0,42.2689144,-77.3829924,36101.0,285.17807903207205,15.073529411764708,231,271,41,0,230,271,95796,1,0,0,1,0
2020-07-09,US,New York,Suffolk,41849,1991,0,40.88320119,-72.8012172,36103.0,2834.144091735005,4.7575808263040935,39858,41799,1985,0,39814,41730,1481093,50,6,0,44,69
2020-07-09,US,New York,Sullivan,1460,48,0,41.71579493,-74.76394559,36105.0,1935.518082511401,3.287671232876712,1412,1460,48,0,1412,1459,75498,0,0,0,0,1
2020-07-09,US,New York,Tioga,151,24,0,42.16852837,-76.30835812,36107.0,313.2585108810655,15.894039735099337,127,150,24,0,126,150,48560,1,0,0,1,0
2020-07-09,US,New York,Tompkins,180,0,0,42.44945765,-76.47229843,36109.0,176.15971814445095,0.0,180,180,0,0,180,179,102793,0,0,0,0,1
2020-07-09,US,New York,Ulster,1851,86,0,41.89027881,-74.26252104,36111.0,1042.388200908922,4.646137223122636,1765,1845,86,0,1759,1843,178599,6,0,0,6,2
2020-07-09,US,New York,Warren,273,33,0,43.56173026,-73.8433699,36113.0,426.9360690604279,12.087912087912088,240,273,33,0,240,273,64265,0,0,0,0,0
2020-07-09,US,New York,Washington,248,14,0,43.31153794,-73.43043448,36115.0,405.2022743611529,5.645161290322582,234,247,14,0,233,247,61197,1,0,0,1,0
2020-07-09,US,New York,Wayne,195,3,0,43.15494365,-77.02976528,36117.0,216.8642540981784,1.5384615384615383,192,193,3,0,190,191,90064,2,0,0,2,2
2020-07-09,US,New York,Westchester,35183,1432,0,41.16278376,-73.75741653,36119.0,3636.4632364037016,4.070147514424581,33751,35154,1431,0,33723,35106,967612,29,1,0,28,48
2020-07-09,US,New York,Wyoming,99,5,0,42.70145109,-78.22199579,36121.0,248.3755237211169,5.05050505050505,94,98,5,0,93,97,40085,1,0,0,1,1
2020-07-09,US,New York,Yates,48,6,0,42.63505484,-77.10369919,36123.0,192.67049331674232,12.5,42,48,6,0,42,48,24841,0,0,0,0,0
2020-07-09,US,North Carolina,Alamance,1357,37,0,36.0434701,-79.39976137,37001.0,800.5474635565073,2.7266028002947684,1320,1335,37,0,1298,1320,166436,22,0,0,22,15
2020-07-09,US,North Carolina,Alexander,140,1,0,35.922379600000006,-81.17751948,37003.0,373.36320238952453,0.7142857142857143,139,138,1,0,137,134,37353,2,0,0,2,4
2020-07-09,US,North Carolina,Alleghany,39,0,0,36.49360862,-81.12857041,37005.0,350.18407111430366,0.0,39,37,0,0,37,37,11161,2,0,0,2,0
2020-07-09,US,North Carolina,Anson,176,2,0,34.97403241,-80.09953279,37007.0,719.9541847336988,1.1363636363636365,174,171,2,0,169,162,24877,5,0,0,5,9
2020-07-09,US,North Carolina,Ashe,61,1,0,36.43296207,-81.49862729,37009.0,224.23997353233105,1.639344262295082,60,61,1,0,60,60,27109,0,0,0,0,1
2020-07-09,US,North Carolina,Avery,27,0,0,36.07569796,-81.92308483,37011.0,153.7848151734351,0.0,27,27,0,0,27,27,17505,0,0,0,0,0
2020-07-09,US,North Carolina,Beaufort,123,0,0,35.48531943,-76.84325809,37013.0,261.7355407073244,0.0,123,118,0,0,118,110,47079,5,0,0,5,8
2020-07-09,US,North Carolina,Bertie,154,4,0,36.0688473,-76.96545943,37015.0,812.7935820974296,2.5974025974025974,150,152,4,0,148,151,19026,2,0,0,2,1
2020-07-09,US,North Carolina,Bladen,419,5,0,34.61296243,-78.56180059,37017.0,1280.484077990343,1.1933174224343674,414,411,4,0,407,406,33190,8,1,0,7,5
2020-07-09,US,North Carolina,Brunswick,727,7,0,34.070565,-78.22814204,37019.0,509.0323484105868,0.9628610729023384,720,713,7,0,706,677,136744,14,0,0,14,36
2020-07-09,US,North Carolina,Buncombe,777,30,0,35.61113393,-82.53305,37021.0,297.4834508080294,3.8610038610038613,747,737,30,0,707,711,259103,40,0,0,40,26
2020-07-09,US,North Carolina,Burke,1144,20,0,35.74989637,-81.70755735,37023.0,1264.2979499364535,1.7482517482517483,1124,1134,20,0,1114,1129,90382,10,0,0,10,5
2020-07-09,US,North Carolina,Cabarrus,1454,33,0,35.3877799,-80.55267168,37025.0,671.739361431812,2.269601100412655,1421,1424,33,0,1391,1399,211342,30,0,0,30,25
2020-07-09,US,North Carolina,Caldwell,563,6,0,35.95204977,-81.54799522,37027.0,685.0982014651122,1.0657193605683837,557,546,6,0,540,534,82029,17,0,0,17,12
2020-07-09,US,North Carolina,Camden,34,1,0,36.33804939,-76.15568396,37029.0,312.8738382258213,2.9411764705882355,33,34,1,0,33,33,10710,0,0,0,0,1
2020-07-09,US,North Carolina,Carteret,124,3,0,34.8932941,-76.54120135,37031.0,178.48660630748637,2.419354838709677,121,121,3,0,118,111,69524,3,0,0,3,10
2020-07-09,US,North Carolina,Caswell,149,2,0,36.39312665,-79.33353281,37033.0,659.1753671916475,1.342281879194631,147,148,2,0,146,147,22698,1,0,0,1,1
2020-07-09,US,North Carolina,Catawba,1093,14,0,35.66211129,-81.2132617,37035.0,685.0474143063973,1.2808783165599271,1079,1066,14,0,1052,1018,158652,27,0,0,27,48
2020-07-09,US,North Carolina,Chatham,1009,44,0,35.70394416,-79.25541492,37037.0,1354.9080166510005,4.360753221010902,965,1001,43,0,958,999,73139,8,1,0,7,2
2020-07-09,US,North Carolina,Cherokee,62,2,0,35.1349263,-84.05970864,37039.0,216.69229693834754,3.2258064516129035,60,51,2,0,49,48,28383,11,0,0,11,3
2020-07-09,US,North Carolina,Chowan,31,0,0,36.12908077,-76.60118385,37041.0,222.333787563652,0.0,31,31,0,0,31,30,14029,0,0,0,0,1
2020-07-09,US,North Carolina,Clay,18,0,0,35.05704275,-83.74353633,37043.0,160.270679369602,0.0,18,15,0,0,15,14,11139,3,0,0,3,1
2020-07-09,US,North Carolina,Cleveland,448,8,0,35.33553364,-81.55204486,37045.0,457.3902212421003,1.7857142857142858,440,423,6,0,417,407,97645,25,2,0,23,16
2020-07-09,US,North Carolina,Columbus,585,39,0,34.26744084,-78.65801424,37047.0,1053.9021402320386,6.666666666666668,546,577,39,0,538,570,55655,8,0,0,8,7
2020-07-09,US,North Carolina,Craven,426,8,0,35.11833364,-77.08398081,37049.0,417.07868688747686,1.8779342723004693,418,411,8,0,403,405,102912,15,0,0,15,6
2020-07-09,US,North Carolina,Cumberland,1490,41,0,35.04762133,-78.82623165,37051.0,444.1013504853818,2.7516778523489935,1449,1484,41,0,1443,1484,332330,6,0,0,6,0
2020-07-09,US,North Carolina,Currituck,22,0,0,36.36123664,-75.95876401,37053.0,79.2421568274322,0.0,22,22,0,0,22,21,27072,0,0,0,0,1
2020-07-09,US,North Carolina,Dare,87,1,0,35.66520691,-75.71767334,37055.0,235.07795401118648,1.1494252873563218,86,82,1,0,81,80,36501,5,0,0,5,2
2020-07-09,US,North Carolina,Davidson,1175,15,0,35.79115496,-80.21256572,37057.0,701.0363405306398,1.2765957446808511,1160,1134,15,0,1119,1114,166614,41,0,0,41,20
2020-07-09,US,North Carolina,Davie,251,4,0,35.93099927,-80.54496571,37059.0,585.818979601363,1.593625498007968,247,251,4,0,247,251,42733,0,0,0,0,0
2020-07-09,US,North Carolina,Duplin,1637,29,0,34.93449805,-77.93140529,37061.0,2786.8098942816773,1.7715332926084297,1608,1620,28,0,1592,1595,58856,17,1,0,16,25
2020-07-09,US,North Carolina,Durham,4277,67,0,36.03638492,-78.87608331,37063.0,1330.376250435475,1.5665185877951835,4210,4208,67,0,4141,4176,316739,69,0,0,69,32
2020-07-09,US,North Carolina,Edgecombe,363,9,0,35.91230639,-77.59436892,37065.0,705.2377991917938,2.479338842975207,354,352,9,0,343,352,52005,11,0,0,11,0
2020-07-09,US,North Carolina,Forsyth,3525,37,0,36.12859861,-80.25459052,37067.0,922.0628049019735,1.049645390070922,3488,3450,37,0,3413,3423,379099,75,0,0,75,27
2020-07-09,US,North Carolina,Franklin,435,21,0,36.081519,-78.28708884,37069.0,624.2376408122265,4.827586206896552,414,413,21,0,392,403,67560,22,0,0,22,10
2020-07-09,US,North Carolina,Gaston,1547,15,0,35.29373559,-81.17477045,37071.0,688.9978577377533,0.9696186166774402,1532,1479,15,0,1464,1443,222846,68,0,0,68,36
2020-07-09,US,North Carolina,Gates,29,2,0,36.44667547,-76.69749701,37073.0,250.82165715274175,6.896551724137932,27,28,2,0,26,27,11573,1,0,0,1,1
2020-07-09,US,North Carolina,Graham,10,0,0,35.3506925,-83.83369267,37075.0,118.46937566639023,0.0,10,10,0,0,10,10,8484,0,0,0,0,0
2020-07-09,US,North Carolina,Granville,877,23,0,36.30337451,-78.65184241,37077.0,1450.9537911751568,2.622576966932725,854,863,23,0,840,854,60115,14,0,0,14,9
2020-07-09,US,North Carolina,Greene,196,3,0,35.48544173,-77.67578087,37079.0,930.2767098580854,1.5306122448979589,193,192,3,0,189,192,21012,4,0,0,4,0
2020-07-09,US,North Carolina,Guilford,3361,121,0,36.07959451,-79.78824948,37081.0,625.6818088738473,3.6001190121987503,3240,3275,118,0,3157,3208,533670,86,3,0,83,67
2020-07-09,US,North Carolina,Halifax,365,4,0,36.25669272,-77.6556109,37083.0,729.8540291941612,1.095890410958904,361,349,4,0,345,329,50574,16,0,0,16,20
2020-07-09,US,North Carolina,Harnett,744,30,0,35.36731853,-78.87243571,37085.0,547.1553803612402,4.032258064516129,714,721,30,0,691,712,134214,23,0,0,23,9
2020-07-09,US,North Carolina,Haywood,113,0,0,35.55269063,-82.98196486,37087.0,181.3309369834876,0.0,113,109,0,0,109,107,61971,4,0,0,4,2
2020-07-09,US,North Carolina,Henderson,820,51,0,35.33788927,-82.4766782,37089.0,698.3656540364682,6.219512195121951,769,789,51,0,738,738,116748,31,0,0,31,51
2020-07-09,US,North Carolina,Hertford,174,10,0,36.3607755,-76.98104134,37091.0,734.8903999662117,5.747126436781608,164,174,10,0,164,174,23659,0,0,0,0,0
2020-07-09,US,North Carolina,Hoke,434,4,0,35.01888303,-79.23651674,37093.0,785.7479088966942,0.9216589861751152,430,423,3,0,420,415,54764,11,1,0,10,8
2020-07-09,US,North Carolina,Hyde,25,0,0,35.42017674,-76.15180542,37095.0,506.38039295118494,0.0,25,23,0,0,23,20,5230,2,0,0,2,3
2020-07-09,US,North Carolina,Iredell,985,10,0,35.80950511,-80.8743128,37097.0,541.7862996820787,1.0152284263959392,975,956,9,0,947,945,178435,29,1,0,28,11
2020-07-09,US,North Carolina,Jackson,161,1,0,35.28814273,-83.14093385,37099.0,366.4254176339386,0.6211180124223602,160,157,1,0,156,147,43327,4,0,0,4,10
2020-07-09,US,North Carolina,Johnston,1879,34,0,35.51745004,-78.36622717,37101.0,897.5871672263647,1.8094731240021291,1845,1825,33,0,1792,1789,202675,54,1,0,53,36
2020-07-09,US,North Carolina,Jones,39,3,0,35.02254606,-77.35870791,37103.0,414.0566939165517,7.6923076923076925,36,39,3,0,36,39,9637,0,0,0,0,0
2020-07-09,US,North Carolina,Lee,901,8,0,35.47623147,-79.17569362,37105.0,1458.4243836902508,0.8879023307436182,893,888,8,0,880,875,61452,13,0,0,13,13
2020-07-09,US,North Carolina,Lenoir,406,11,0,35.24032589999999,-77.64245615,37107.0,725.6608697206384,2.70935960591133,395,401,11,0,390,391,55976,5,0,0,5,10
2020-07-09,US,North Carolina,Lincoln,347,2,0,35.48508185,-81.21740317,37109.0,402.9682618945314,0.5763688760806917,345,341,2,0,339,334,83770,6,0,0,6,7
2020-07-09,US,North Carolina,Macon,315,3,0,35.14867843,-83.41696617,37113.0,878.4650566121925,0.9523809523809524,312,298,3,0,295,293,35285,17,0,0,17,5
2020-07-09,US,North Carolina,Madison,17,0,0,35.85402722,-82.71346418,37115.0,78.14295564238105,0.0,17,17,0,0,17,17,21763,0,0,0,0,0
2020-07-09,US,North Carolina,Martin,157,5,0,35.84326734,-77.10860251,37117.0,699.6434937611408,3.1847133757961785,152,153,5,0,148,150,22671,4,0,0,4,3
2020-07-09,US,North Carolina,McDowell,299,2,0,35.67736232,-82.0482425,37111.0,653.4662120814756,0.6688963210702341,297,292,2,0,290,280,45507,7,0,0,7,12
2020-07-09,US,North Carolina,Mecklenburg,13757,158,0,35.24469268,-80.8317671,37119.0,1238.9720053748524,1.1485062150178091,13599,13489,158,0,13331,13317,1093901,268,0,0,268,172
2020-07-09,US,North Carolina,Mitchell,59,0,0,36.01059309,-82.1582442,37121.0,394.2796043838546,0.0,59,59,0,0,59,59,15000,0,0,0,0,0
2020-07-09,US,North Carolina,Montgomery,393,9,0,35.33155144,-79.90416657,37123.0,1446.288595296802,2.2900763358778624,384,393,9,0,384,393,27271,0,0,0,0,0
2020-07-09,US,North Carolina,Moore,594,14,0,35.30885257,-79.48474178,37125.0,588.8183980967486,2.356902356902357,580,554,14,0,540,543,98682,40,0,0,40,11
2020-07-09,US,North Carolina,Nash,586,6,0,35.96575634,-77.98422508,37127.0,621.4341767587861,1.023890784982935,580,571,6,0,565,552,94016,15,0,0,15,19
2020-07-09,US,North Carolina,New Hanover,1371,7,0,34.25758282,-77.87075626,37129.0,584.7155109543529,0.5105762217359592,1364,1325,7,0,1318,1260,232274,46,0,0,46,65
2020-07-09,US,North Carolina,Northampton,211,15,0,36.41736238,-77.39769443,37131.0,1082.9954319150027,7.109004739336492,196,209,15,0,194,203,19676,2,0,0,2,6
2020-07-09,US,North Carolina,Onslow,399,3,0,34.72607366,-77.42908179,37133.0,201.5782719841566,0.7518796992481203,396,367,3,0,364,364,197683,32,0,0,32,3
2020-07-09,US,North Carolina,Orange,892,42,0,36.06092947,-79.12167935,37135.0,600.7704948947977,4.708520179372197,850,850,42,0,808,848,146027,42,0,0,42,2
2020-07-09,US,North Carolina,Pamlico,28,1,0,35.15253315,-76.66559823,37137.0,220.02200220022004,3.571428571428572,27,28,1,0,27,26,12670,0,0,0,0,2
2020-07-09,US,North Carolina,Pasquotank,233,17,0,36.26723798,-76.25134778,37139.0,585.0743270389714,7.296137339055795,216,233,17,0,216,225,39639,0,0,0,0,8
2020-07-09,US,North Carolina,Pender,330,2,0,34.52265624,-77.90352133,37141.0,523.3111322549952,0.6060606060606061,328,314,2,0,312,303,62162,16,0,0,16,11
2020-07-09,US,North Carolina,Perquimans,37,2,0,36.17847453,-76.40603143,37143.0,274.82730446408675,5.405405405405406,35,37,2,0,35,37,13422,0,0,0,0,0
2020-07-09,US,North Carolina,Person,125,1,0,36.38989032,-78.97217358,37145.0,316.5358318561661,0.8,124,124,1,0,123,123,39507,1,0,0,1,1
2020-07-09,US,North Carolina,Pitt,876,9,0,35.59535426,-77.37353178,37147.0,484.66875435703935,1.0273972602739727,867,858,9,0,849,844,179914,18,0,0,18,14
2020-07-09,US,North Carolina,Polk,92,4,0,35.27820615,-82.16812354,37149.0,443.9297432928006,4.3478260869565215,88,90,4,0,86,89,20611,2,0,0,2,1
2020-07-09,US,North Carolina,Randolph,1387,32,0,35.71015088,-79.80570339,37151.0,965.4269943689226,2.3071377072819037,1355,1353,31,0,1322,1330,143351,34,1,0,33,23
2020-07-09,US,North Carolina,Richmond,345,7,0,35.00417719,-79.74491009,37153.0,769.5911128956703,2.028985507246377,338,332,7,0,325,326,44887,13,0,0,13,6
2020-07-09,US,North Carolina,Robeson,1504,44,0,34.64244496,-79.10250529999998,37155.0,1151.3875598086124,2.9255319148936163,1460,1467,44,0,1423,1429,131831,37,0,0,37,38
2020-07-09,US,North Carolina,Rockingham,293,2,0,36.39593137,-79.77504841,37157.0,321.94264366553125,0.6825938566552902,291,274,2,0,272,271,90690,19,0,0,19,3
2020-07-09,US,North Carolina,Rowan,1426,44,0,35.64003916,-80.52446628,37159.0,1003.6034007094196,3.085553997194951,1382,1387,44,0,1343,1368,141262,39,0,0,39,19
2020-07-09,US,North Carolina,Rutherford,364,10,0,35.40114178,-81.92112099,37161.0,543.0485312327501,2.7472527472527477,354,360,10,0,350,360,66826,4,0,0,4,0
2020-07-09,US,North Carolina,Sampson,1149,7,0,34.98820368,-78.36914061,37163.0,1808.5658969636872,0.6092254134029591,1142,1134,7,0,1127,1122,63626,15,0,0,15,12
2020-07-09,US,North Carolina,Scotland,157,2,0,34.8386299,-79.4757978,37165.0,450.8514487551331,1.2738853503184713,155,157,2,0,155,152,34810,0,0,0,0,5
2020-07-09,US,North Carolina,Stanly,531,5,0,35.31647813,-80.25093221,37167.0,845.4606247810718,0.9416195856873822,526,484,5,0,479,481,62075,47,0,0,47,3
2020-07-09,US,North Carolina,Stokes,155,1,0,36.4017975,-80.23893369,37169.0,339.97938189554964,0.6451612903225806,154,148,1,0,147,147,45467,7,0,0,7,1
2020-07-09,US,North Carolina,Surry,552,2,0,36.41689489,-80.69102283,37171.0,768.984299903877,0.3623188405797101,550,535,2,0,533,525,71948,17,0,0,17,10
2020-07-09,US,North Carolina,Swain,69,1,0,35.48665845,-83.48748932,37173.0,483.4980029430314,1.4492753623188406,68,68,1,0,67,67,14245,1,0,0,1,1
2020-07-09,US,North Carolina,Transylvania,38,1,0,35.20383864,-82.79638423,37175.0,110.51330522029954,2.631578947368421,37,38,1,0,37,37,34215,0,0,0,0,1
2020-07-09,US,North Carolina,Tyrrell,32,1,0,35.87147226,-76.17055253,37177.0,796.8127490039841,3.125,31,30,1,0,29,19,4131,2,0,0,2,11
2020-07-09,US,North Carolina,Union,1643,25,0,34.98960527,-80.52955873,37179.0,684.9857624687837,1.5216068167985393,1618,1579,25,0,1554,1551,235908,64,0,0,64,28
2020-07-09,US,North Carolina,Vance,548,40,0,36.36880673,-78.40670845,37181.0,1230.4928707757942,7.299270072992702,508,537,40,0,497,532,44582,11,0,0,11,5
2020-07-09,US,North Carolina,Wake,6704,57,0,35.78879266,-78.65249174,37183.0,603.0073010296278,0.8502386634844868,6647,6471,54,0,6417,6299,1092305,233,3,0,230,172
2020-07-09,US,North Carolina,Warren,179,5,0,36.39728256,-78.10652228,37185.0,907.2018650853986,2.793296089385475,174,176,5,0,171,174,19807,3,0,0,3,2
2020-07-09,US,North Carolina,Washington,43,3,0,35.83810081,-76.57299037,37187.0,371.3298791019,6.9767441860465125,40,43,3,0,40,41,11859,0,0,0,0,2
2020-07-09,US,North Carolina,Watauga,108,0,0,36.23103603,-81.70033724,37189.0,192.249497125158,0.0,108,104,0,0,104,104,55945,4,0,0,4,0
2020-07-09,US,North Carolina,Wayne,1942,30,0,35.36438125,-78.00027268,37191.0,1577.1820256474814,1.5447991761071058,1912,1935,30,0,1905,1926,123248,7,0,0,7,9
2020-07-09,US,North Carolina,Wilkes,602,6,0,36.2084135,-81.16232895,37193.0,879.9625796643863,0.9966777408637874,596,600,6,0,594,593,68557,2,0,0,2,7
2020-07-09,US,North Carolina,Wilson,875,24,0,35.70625477,-77.917978,37195.0,1069.669074950184,2.7428571428571433,851,855,24,0,831,804,81455,20,0,0,20,51
2020-07-09,US,North Carolina,Yadkin,365,5,0,36.16222629,-80.66239436,37197.0,969.0179732922716,1.3698630136986298,360,360,5,0,355,360,37543,5,0,0,5,0
2020-07-09,US,North Carolina,Yancey,59,0,0,35.90079156,-82.31237181,37199.0,326.52609441585037,0.0,59,59,0,0,59,59,17903,0,0,0,0,0
2020-07-09,US,North Dakota,Barnes,23,0,0,46.93579637,-98.06605978,38003.0,220.8353336533845,0.0,23,23,0,0,23,23,10542,0,0,0,0,0
2020-07-09,US,North Dakota,Benson,11,0,0,48.0683985,-99.35916363,38005.0,161.00702576112408,0.0,11,9,0,0,9,5,6962,2,0,0,2,4
2020-07-09,US,North Dakota,Billings,1,0,0,47.02366884,-103.3762965,38007.0,107.75862068965515,0.0,1,1,0,0,1,1,919,0,0,0,0,0
2020-07-09,US,North Dakota,Bottineau,5,0,0,48.79106111,-100.8378166,38009.0,79.59248646927729,0.0,5,5,0,0,5,5,6411,0,0,0,0,0
2020-07-09,US,North Dakota,Bowman,1,0,0,46.11285362,-103.5203343,38011.0,33.06878306878307,0.0,1,1,0,0,1,1,3076,0,0,0,0,0
2020-07-09,US,North Dakota,Burke,6,0,0,48.79094471,-102.51821170000001,38013.0,283.6879432624113,0.0,6,6,0,0,6,6,2100,0,0,0,0,0
2020-07-09,US,North Dakota,Burleigh,385,0,0,46.97847375,-100.46452140000001,38015.0,402.6101687825487,0.0,385,363,0,0,363,343,95273,22,0,0,22,20
2020-07-09,US,North Dakota,Cass,2402,70,0,46.93201724,-97.24447190000001,38017.0,1320.338824667579,2.9142381348875936,2332,2373,70,0,2303,2358,181516,29,0,0,29,15
2020-07-09,US,North Dakota,Cavalier,10,0,0,48.77286211,-98.46685243,38019.0,265.8160552897395,0.0,10,6,0,0,6,6,3829,4,0,0,4,0
2020-07-09,US,North Dakota,Dickey,5,0,0,46.11017712,-98.50490079999999,38021.0,102.6272577996716,0.0,5,4,0,0,4,4,4903,1,0,0,1,0
2020-07-09,US,North Dakota,Divide,1,0,0,48.814938700000006,-103.48736109999999,38023.0,44.16961130742049,0.0,1,1,0,0,1,1,2283,0,0,0,0,0
2020-07-09,US,North Dakota,Dunn,18,0,0,47.35423935,-102.61604679999999,38025.0,406.871609403255,0.0,18,15,0,0,15,15,4332,3,0,0,3,0
2020-07-09,US,North Dakota,Eddy,5,0,0,47.71701474,-98.90432337,38027.0,218.62702229995628,0.0,5,5,0,0,5,5,2313,0,0,0,0,0
2020-07-09,US,North Dakota,Emmons,4,1,0,46.28398398,-100.2389766,38029.0,123.41869793273679,25.0,3,4,1,0,3,4,3295,0,0,0,0,0
2020-07-09,US,North Dakota,Foster,4,0,0,47.457108399999996,-98.88279923,38031.0,124.6105919003115,0.0,4,4,0,0,4,2,3216,0,0,0,0,2
2020-07-09,US,North Dakota,Grand Forks,412,4,0,47.92093639,-97.45450447,38035.0,593.2239996544326,0.9708737864077671,408,411,4,0,407,408,70770,1,0,0,1,3
2020-07-09,US,North Dakota,Grant,3,0,0,46.35821257,-101.63900129999999,38037.0,131.9261213720317,0.0,3,3,0,0,3,3,2374,0,0,0,0,0
2020-07-09,US,North Dakota,Griggs,2,0,0,47.45785838,-98.23850925,38039.0,89.64589870013447,0.0,2,2,0,0,2,2,2232,0,0,0,0,0
2020-07-09,US,North Dakota,Hettinger,1,0,0,46.43375068,-102.4632417,38041.0,40.01600640256103,0.0,1,1,0,0,1,1,2514,0,0,0,0,0
2020-07-09,US,North Dakota,Kidder,2,0,0,46.97830064,-99.77507857,38043.0,80.64516129032258,0.0,2,2,0,0,2,2,2450,0,0,0,0,0
2020-07-09,US,North Dakota,LaMoure,13,0,0,46.45681054,-98.53542355,38045.0,321.3049925852694,0.0,13,13,0,0,13,13,4062,0,0,0,0,0
2020-07-09,US,North Dakota,Logan,1,0,0,46.45729487,-99.47719806,38047.0,54.05405405405406,0.0,1,1,0,0,1,,1903,0,0,0,0,
2020-07-09,US,North Dakota,McHenry,6,1,0,48.23104458,-100.6324822,38049.0,104.43864229765013,16.666666666666668,5,6,1,0,5,5,5816,0,0,0,0,1
2020-07-09,US,North Dakota,McIntosh,4,0,0,46.11182017,-99.44145858,38051.0,160.1922306768122,0.0,4,3,0,0,3,2,2585,1,0,0,1,1
2020-07-09,US,North Dakota,McKenzie,31,0,0,47.74133370000001,-103.395905,38053.0,206.33652822151225,0.0,31,29,0,0,29,28,13632,2,0,0,2,1
2020-07-09,US,North Dakota,McLean,11,0,0,47.60766714,-101.3182418,38055.0,116.40211640211642,0.0,11,11,0,0,11,11,9541,0,0,0,0,0
2020-07-09,US,North Dakota,Mercer,7,0,0,47.31213126,-101.8318399,38057.0,85.5014046659338,0.0,7,7,0,0,7,7,8267,0,0,0,0,0
2020-07-09,US,North Dakota,Morton,121,2,0,46.71681782,-101.2822377,38059.0,385.7926284912639,1.6528925619834711,119,116,2,0,114,109,31095,5,0,0,5,7
2020-07-09,US,North Dakota,Mountrail,55,0,0,48.20197971,-102.3555315,38061.0,521.5742057847319,0.0,55,54,0,0,54,54,10218,1,0,0,1,0
2020-07-09,US,North Dakota,Nelson,2,0,0,47.9226426,-98.19038437,38063.0,69.46856547412295,0.0,2,2,0,0,2,1,2869,0,0,0,0,1
2020-07-09,US,North Dakota,Oliver,2,0,0,47.11530482,-101.3406158,38065.0,102.09290454313421,0.0,2,2,0,0,2,2,1952,0,0,0,0,0
2020-07-09,US,North Dakota,Pembina,14,0,0,48.76623521,-97.5523809,38067.0,205.85208057638584,0.0,14,13,0,0,13,11,6947,1,0,0,1,2
2020-07-09,US,North Dakota,Pierce,6,0,0,48.24977025,-99.96407787,38069.0,150.9433962264151,0.0,6,6,0,0,6,5,4081,0,0,0,0,1
2020-07-09,US,North Dakota,Ramsey,18,1,0,48.26886249,-98.72223879,38071.0,156.26356454553346,5.5555555555555545,17,18,1,0,17,12,11481,0,0,0,0,6
2020-07-09,US,North Dakota,Ransom,21,0,0,46.45621782,-97.65742504,38073.0,402.4530471444998,0.0,21,19,0,0,19,19,5237,2,0,0,2,0
2020-07-09,US,North Dakota,Renville,5,0,0,48.71982533,-101.6603912,38075.0,214.86892995272885,0.0,5,5,0,0,5,5,2374,0,0,0,0,0
2020-07-09,US,North Dakota,Richland,44,0,0,46.26440649,-96.94852979,38077.0,271.9910984731409,0.0,44,43,0,0,43,43,16239,1,0,0,1,0
2020-07-09,US,North Dakota,Rolette,11,0,0,48.77245354,-99.84097493,38079.0,77.59593679458239,0.0,11,11,0,0,11,11,14301,0,0,0,0,0
2020-07-09,US,North Dakota,Sargent,7,0,0,46.10830372,-97.63217159,38081.0,179.57927142124166,0.0,7,7,0,0,7,7,3870,0,0,0,0,0
2020-07-09,US,North Dakota,Sheridan,2,0,0,47.57700669,-100.3426391,38083.0,152.09125475285168,0.0,2,2,0,0,2,1,1349,0,0,0,0,1
2020-07-09,US,North Dakota,Sioux,32,0,0,46.11323337,-101.04401490000001,38085.0,756.5011820330969,0.0,32,29,0,0,29,26,4358,3,0,0,3,3
2020-07-09,US,North Dakota,Slope,3,0,0,46.44737738,-103.4601547,38087.0,400.0,0.0,3,3,0,0,3,3,763,0,0,0,0,0
2020-07-09,US,North Dakota,Stark,85,3,0,46.80851182,-102.65763259999999,38089.0,269.935533043285,3.5294117647058822,82,83,3,0,80,82,30997,2,0,0,2,1
2020-07-09,US,North Dakota,Steele,3,0,0,47.45611548,-97.72728747,38091.0,158.73015873015868,0.0,3,3,0,0,3,3,1903,0,0,0,0,0
2020-07-09,US,North Dakota,Stutsman,66,2,0,46.97962541,-98.95637318,38093.0,318.7789799072644,3.0303030303030303,64,65,2,0,63,65,20917,1,0,0,1,0
2020-07-09,US,North Dakota,Towner,1,0,0,48.68565745,-99.24564265,38095.0,45.682960255824575,0.0,1,1,0,0,1,1,2192,0,0,0,0,0
2020-07-09,US,North Dakota,Traill,23,0,0,47.45367788,-97.16323288,38097.0,286.2120457939273,0.0,23,22,0,0,22,22,8037,1,0,0,1,0
2020-07-09,US,North Dakota,Walsh,41,0,0,48.36876964,-97.72574783,38099.0,385.30213325815237,0.0,41,31,0,0,31,30,10667,10,0,0,10,1
2020-07-09,US,North Dakota,Ward,67,1,0,48.22390169,-101.54367629999999,38101.0,99.05234990612206,1.492537313432836,66,65,1,0,64,66,67744,2,0,0,2,-1
2020-07-09,US,North Dakota,Wells,9,0,0,47.58614526,-99.65904998,38103.0,234.74178403755863,0.0,9,9,0,0,9,9,3957,0,0,0,0,0
2020-07-09,US,North Dakota,Williams,59,0,0,48.34522353,-103.4793387,38105.0,156.96081300380433,0.0,59,53,0,0,53,50,35350,6,0,0,6,3
2020-07-09,US,Ohio,Adams,24,1,0,38.84541072,-83.4718964,39001.0,86.64885551303342,4.166666666666667,23,24,1,0,23,24,27724,0,0,0,0,0
2020-07-09,US,Ohio,Allen,338,41,0,40.77285242,-84.10802343,39003.0,330.2361481568329,12.1301775147929,297,328,41,0,287,323,102663,10,0,0,10,5
2020-07-09,US,Ohio,Ashland,62,1,0,40.84772277,-82.27280781,39005.0,115.92251888415228,1.6129032258064515,61,62,1,0,61,60,53745,0,0,0,0,2
2020-07-09,US,Ohio,Ashtabula,438,44,0,41.70860332,-80.74830218,39007.0,450.42728890077234,10.04566210045662,394,437,44,0,393,436,97493,1,0,0,1,1
2020-07-09,US,Ohio,Athens,91,1,0,39.33425634,-82.04278644,39009.0,139.29921778131555,1.0989010989010992,90,79,1,0,78,63,65818,12,0,0,12,16
2020-07-09,US,Ohio,Auglaize,109,4,0,40.55998859,-84.22421429999999,39011.0,238.74189591729458,3.669724770642202,105,107,4,0,103,107,45804,2,0,0,2,0
2020-07-09,US,Ohio,Belmont,558,22,0,40.01625942,-80.9924051,39013.0,832.7612452616182,3.942652329749104,536,555,22,0,533,554,67505,3,0,0,3,1
2020-07-09,US,Ohio,Brown,59,1,0,38.93416837,-83.86788395,39015.0,135.84453858905877,1.6949152542372878,58,59,1,0,58,58,43602,0,0,0,0,1
2020-07-09,US,Ohio,Butler,1721,47,0,39.44012838,-84.57388716,39017.0,449.190100591438,2.730970366066241,1674,1674,47,0,1627,1637,382378,47,0,0,47,37
2020-07-09,US,Ohio,Carroll,60,3,0,40.5789686,-81.09178213,39019.0,222.93230289068885,5.0,57,60,3,0,57,59,27081,0,0,0,0,1
2020-07-09,US,Ohio,Champaign,46,1,0,40.13923427,-83.76875242,39021.0,118.2975440401183,2.1739130434782608,45,44,1,0,43,41,38754,2,0,0,2,3
2020-07-09,US,Ohio,Clark,784,10,0,39.91592258,-83.78498252,39023.0,584.7124542261138,1.2755102040816326,774,780,9,0,771,772,134585,4,1,0,3,8
2020-07-09,US,Ohio,Clermont,436,7,0,39.04847534,-84.15375786,39025.0,211.2116573333075,1.6055045871559632,429,431,7,0,424,422,205466,5,0,0,5,9
2020-07-09,US,Ohio,Clinton,70,0,0,39.41485808,-83.80852286,39027.0,166.79374761723219,0.0,70,68,0,0,68,68,42057,2,0,0,2,0
2020-07-09,US,Ohio,Columbiana,1324,60,0,40.76932373,-80.78094576,39029.0,1299.5298528704495,4.531722054380665,1264,1309,60,0,1249,1306,102665,15,0,0,15,3
2020-07-09,US,Ohio,Coshocton,132,3,0,40.30096166,-81.91729018,39031.0,360.655737704918,2.272727272727273,129,130,2,0,128,127,36629,2,1,0,1,3
2020-07-09,US,Ohio,Crawford,137,5,0,40.85065156,-82.91989099,39033.0,330.1682170916277,3.6496350364963503,132,136,5,0,131,136,41550,1,0,0,1,0
2020-07-09,US,Ohio,Cuyahoga,8518,383,0,41.424119,-81.65918339,39035.0,689.6763913358898,4.496360648039446,8135,8277,383,0,7894,8048,1243857,241,0,0,241,229
2020-07-09,US,Ohio,Darke,253,26,0,40.13412966,-84.6194517,39037.0,494.9817071977775,10.276679841897232,227,253,26,0,227,253,51323,0,0,0,0,0
2020-07-09,US,Ohio,Defiance,54,3,0,41.32398837,-84.49076944,39039.0,141.78066006773966,5.5555555555555545,51,53,3,0,50,51,38165,1,0,0,1,2
2020-07-09,US,Ohio,Delaware,645,15,0,40.27942393,-83.00457058,39041.0,308.35130057319884,2.3255813953488373,630,617,15,0,602,588,204826,28,0,0,28,29
2020-07-09,US,Ohio,Erie,260,22,0,41.36796058,-82.62904521,39043.0,350.09290927207604,8.461538461538463,238,250,22,0,228,246,74615,10,0,0,10,4
2020-07-09,US,Ohio,Fairfield,614,17,0,39.75107189,-82.63088163,39045.0,389.6581923413761,2.768729641693811,597,605,17,0,588,585,155782,9,0,0,9,20
2020-07-09,US,Ohio,Fayette,51,0,0,39.56021306,-83.4562016,39047.0,178.7905346187555,0.0,51,48,0,0,48,46,28666,3,0,0,3,2
2020-07-09,US,Ohio,Franklin,11122,439,0,39.96995815,-83.01115755,39049.0,844.651552755408,3.947131810825391,10683,10879,439,0,10440,10587,1310300,243,0,0,243,292
2020-07-09,US,Ohio,Fulton,65,0,0,41.60213491,-84.12571393,39051.0,154.2990077386887,0.0,65,63,0,0,63,62,42276,2,0,0,2,1
2020-07-09,US,Ohio,Gallia,20,1,0,38.82708533,-82.31647569,39053.0,66.89410662920596,5.0,19,20,1,0,19,18,29979,0,0,0,0,2
2020-07-09,US,Ohio,Geauga,415,43,0,41.49952319,-81.17935342,39055.0,443.14408055611915,10.36144578313253,372,414,43,0,371,408,94031,1,0,0,1,6
2020-07-09,US,Ohio,Greene,300,9,0,39.69116283,-83.89032084,39057.0,177.58099173064514,3.0,291,287,9,0,278,276,167995,13,0,0,13,11
2020-07-09,US,Ohio,Guernsey,76,3,0,40.05026529,-81.49248905,39059.0,195.4983922829581,3.947368421052632,73,76,3,0,73,74,39022,0,0,0,0,2
2020-07-09,US,Ohio,Hamilton,6396,206,0,39.19673558,-84.54502924,39061.0,782.4111622035222,3.220762976860538,6190,6287,206,0,6081,6158,816684,109,0,0,109,129
2020-07-09,US,Ohio,Hancock,84,1,0,41.00250487,-83.66838948,39063.0,110.84280115593208,1.1904761904761905,83,83,1,0,82,79,75930,1,0,0,1,4
2020-07-09,US,Ohio,Hardin,123,12,0,40.66015414,-83.65929931,39065.0,392.156862745098,9.75609756097561,111,123,12,0,111,123,31480,0,0,0,0,0
2020-07-09,US,Ohio,Harrison,12,1,0,40.29380509,-81.09068544,39067.0,79.78723404255321,8.333333333333334,11,12,1,0,11,12,15174,0,0,0,0,0
2020-07-09,US,Ohio,Henry,32,0,0,41.3339642,-84.06830637,39069.0,118.49218692142486,0.0,32,32,0,0,32,30,27086,0,0,0,0,2
2020-07-09,US,Ohio,Highland,47,1,0,39.1839264,-83.60331456,39071.0,108.89460392483956,2.127659574468085,46,46,1,0,45,45,43058,1,0,0,1,1
2020-07-09,US,Ohio,Hocking,79,8,0,39.49537927,-82.47991446,39073.0,279.507500707614,10.126582278481012,71,79,8,0,71,78,28385,0,0,0,0,1
2020-07-09,US,Ohio,Holmes,252,4,0,40.56163713,-81.92635677,39075.0,573.2484076433121,1.5873015873015872,248,245,3,0,242,239,43892,7,1,0,6,6
2020-07-09,US,Ohio,Huron,234,2,0,41.14651175,-82.59867951,39077.0,401.6064257028112,0.8547008547008547,232,228,2,0,226,223,58504,6,0,0,6,5
2020-07-09,US,Ohio,Jackson,27,0,0,39.01914254,-82.61818559999998,39079.0,83.29991052972572,0.0,27,26,0,0,26,24,32384,1,0,0,1,2
2020-07-09,US,Ohio,Jefferson,95,2,0,40.38614126,-80.76259514,39081.0,145.4267125908917,2.1052631578947367,93,92,2,0,90,91,65767,3,0,0,3,1
2020-07-09,US,Ohio,Knox,53,1,0,40.39830217,-82.42027563,39083.0,85.04220018613009,1.8867924528301887,52,53,1,0,52,52,61893,0,0,0,0,1
2020-07-09,US,Ohio,Lake,551,22,0,41.69710807,-81.23676539,39085.0,239.4101212692647,3.992740471869329,529,529,20,0,509,508,230514,22,2,0,20,21
2020-07-09,US,Ohio,Lawrence,79,0,0,38.59743452,-82.53466552,39087.0,132.8557254090779,0.0,79,74,0,0,74,72,59866,5,0,0,5,2
2020-07-09,US,Ohio,Licking,536,12,0,40.09136236,-82.48185785,39089.0,303.06114371657003,2.238805970149253,524,520,12,0,508,496,175769,16,0,0,16,24
2020-07-09,US,Ohio,Logan,66,1,0,40.38996525,-83.76784341,39091.0,144.50867052023122,1.5151515151515151,65,65,1,0,64,64,45358,1,0,0,1,1
2020-07-09,US,Ohio,Lorain,1073,68,0,41.29553751,-82.15083537,39093.0,346.3155958209745,6.337371854613234,1005,1064,68,0,996,1051,309461,9,0,0,9,13
2020-07-09,US,Ohio,Lucas,2859,304,0,41.62101218,-83.65468618,39095.0,667.4479628713103,10.633088492479887,2555,2836,303,0,2533,2788,429899,23,1,0,22,48
2020-07-09,US,Ohio,Madison,206,9,0,39.89381073,-83.40178317,39097.0,460.53072813037943,4.368932038834951,197,202,9,0,193,199,44413,4,0,0,4,3
2020-07-09,US,Ohio,Mahoning,1885,239,0,41.01631101,-80.77287029,39099.0,824.2851458132001,12.679045092838194,1646,1861,239,0,1622,1849,229642,24,0,0,24,12
2020-07-09,US,Ohio,Marion,2737,39,0,40.58610662,-83.15736305,39101.0,4204.753199268738,1.4249177932042385,2698,2736,39,0,2697,2734,65256,1,0,0,1,2
2020-07-09,US,Ohio,Medina,548,32,0,41.11770589,-81.89986209999998,39103.0,304.87465645967086,5.8394160583941614,516,543,32,0,511,536,179146,5,0,0,5,7
2020-07-09,US,Ohio,Meigs,12,0,0,39.09224872,-82.0305041,39105.0,52.38573361854455,0.0,12,12,0,0,12,12,23106,0,0,0,0,0
2020-07-09,US,Ohio,Mercer,294,10,0,40.54043046,-84.62912742,39107.0,714.077528417371,3.4013605442176873,284,290,9,0,281,287,40959,4,1,0,3,3
2020-07-09,US,Ohio,Miami,486,31,0,40.0543329,-84.22871271,39109.0,454.2607980408834,6.378600823045268,455,475,31,0,444,472,106222,11,0,0,11,3
2020-07-09,US,Ohio,Monroe,89,17,0,39.72984936,-81.08464734,39111.0,651.8236414237588,19.101123595505623,72,89,17,0,72,89,13790,0,0,0,0,0
2020-07-09,US,Ohio,Montgomery,2283,35,0,39.75394919,-84.29050975,39113.0,429.38796698057314,1.5330705212439772,2248,2201,31,0,2170,2134,532331,82,4,0,78,67
2020-07-09,US,Ohio,Morgan,11,0,0,39.62081738,-81.85308173,39115.0,75.82023711055969,0.0,11,11,0,0,11,11,14604,0,0,0,0,0
2020-07-09,US,Ohio,Morrow,120,1,0,40.52363560000001,-82.7892599,39117.0,339.67391304347825,0.8333333333333334,119,118,1,0,117,117,35112,2,0,0,2,1
2020-07-09,US,Ohio,Muskingum,92,1,0,39.96575964,-81.94363275,39119.0,106.70996926288929,1.0869565217391304,91,89,1,0,88,86,86183,3,0,0,3,3
2020-07-09,US,Ohio,Noble,13,0,0,39.76818851,-81.45937183,39121.0,90.12756516916252,0.0,13,11,0,0,11,11,14354,2,0,0,2,0
2020-07-09,US,Ohio,Ottawa,161,24,0,41.53781826,-83.0940185,39123.0,397.28562615669335,14.906832298136644,137,160,24,0,136,150,40769,1,0,0,1,10
2020-07-09,US,Ohio,Paulding,27,0,0,41.11676341,-84.5801017,39125.0,144.60154241645245,0.0,27,26,0,0,26,26,18760,1,0,0,1,0
2020-07-09,US,Ohio,Perry,40,1,0,39.73508655,-82.23804971,39127.0,110.69906459290421,2.5,39,37,1,0,36,35,36033,3,0,0,3,2
2020-07-09,US,Ohio,Pickaway,2206,41,0,39.64170392,-83.0243386,39129.0,3773.714012008827,1.8585675430643702,2165,2205,41,0,2164,2201,58086,1,0,0,1,4
2020-07-09,US,Ohio,Pike,27,0,0,39.07634001,-83.06769584,39131.0,97.22022180613571,0.0,27,24,0,0,24,24,28067,3,0,0,3,0
2020-07-09,US,Ohio,Portage,477,59,0,41.16793482,-81.19735782,39133.0,293.59989166964164,12.368972746331234,418,461,59,0,402,449,162927,16,0,0,16,12
2020-07-09,US,Ohio,Preble,81,1,0,39.7420247,-84.64787018,39135.0,198.13120688811702,1.2345679012345678,80,80,1,0,79,78,40997,1,0,0,1,2
2020-07-09,US,Ohio,Putnam,133,15,0,41.02094889,-84.1336111,39137.0,392.7822568736895,11.278195488721805,118,132,15,0,117,129,33780,1,0,0,1,3
2020-07-09,US,Ohio,Richland,359,5,0,40.77180308,-82.53799609999999,39139.0,296.31708404179807,1.3927576601671308,354,351,5,0,346,347,121099,8,0,0,8,4
2020-07-09,US,Ohio,Ross,136,3,0,39.33705391,-83.06000914,39141.0,177.39284689432083,2.2058823529411766,133,132,3,0,129,130,76931,4,0,0,4,2
2020-07-09,US,Ohio,Sandusky,142,15,0,41.35624126,-83.137872,39143.0,242.66037800334942,10.56338028169014,127,138,14,0,124,137,58799,4,1,0,3,1
2020-07-09,US,Ohio,Scioto,56,0,0,38.80270163,-82.98907345,39145.0,74.35536553628808,0.0,56,54,0,0,54,45,75502,2,0,0,2,9
2020-07-09,US,Ohio,Seneca,36,2,0,41.12351311,-83.12783209,39147.0,65.24339410634673,5.5555555555555545,34,35,2,0,33,34,55207,1,0,0,1,1
2020-07-09,US,Ohio,Shelby,72,4,0,40.33163494,-84.20258189,39149.0,148.1786375797489,5.5555555555555545,68,70,4,0,66,69,48627,2,0,0,2,1
2020-07-09,US,Ohio,Stark,1171,114,0,40.81482476,-81.36437305,39151.0,315.9689805345839,9.735269000853972,1057,1156,113,0,1043,1133,371574,15,1,0,14,23
2020-07-09,US,Ohio,Summit,2269,209,0,41.12464734,-81.53123079,39153.0,419.3984248067977,9.211106214191274,2060,2241,207,0,2034,2175,541918,28,2,0,26,66
2020-07-09,US,Ohio,Trumbull,1014,74,0,41.31735028,-80.76109643,39155.0,512.1884691929243,7.2978303747534525,940,997,74,0,923,974,198627,17,0,0,17,23
2020-07-09,US,Ohio,Tuscarawas,590,10,0,40.44214695,-81.47226262,39157.0,641.394979725396,1.6949152542372878,580,585,10,0,575,568,92176,5,0,0,5,17
2020-07-09,US,Ohio,Union,92,1,0,40.30016061,-83.37239023,39159.0,155.96392486607442,1.0869565217391304,91,92,1,0,91,89,57835,0,0,0,0,3
2020-07-09,US,Ohio,Van Wert,43,0,0,40.8554138,-84.59111700000003,39161.0,152.077807250221,0.0,43,42,0,0,42,38,28281,1,0,0,1,4
2020-07-09,US,Ohio,Vinton,22,2,0,39.25208988,-82.4831444,39163.0,168.13144822315633,9.090909090909092,20,22,2,0,20,22,13139,0,0,0,0,0
2020-07-09,US,Ohio,Warren,918,25,0,39.42581994,-84.16557457,39165.0,391.301011926582,2.7233115468409586,893,895,25,0,870,881,232173,23,0,0,23,14
2020-07-09,US,Ohio,Washington,142,20,0,39.45690571,-81.49121382,39167.0,237.01824372819684,14.084507042253524,122,140,20,0,120,135,60155,2,0,0,2,5
2020-07-09,US,Ohio,Wayne,367,52,0,40.82925852,-81.88844833,39169.0,317.17224094719563,14.168937329700274,315,365,52,0,313,363,115967,2,0,0,2,2
2020-07-09,US,Ohio,Williams,72,2,0,41.56052014,-84.58429552,39171.0,196.22806061266758,2.7777777777777777,70,72,2,0,70,72,36804,0,0,0,0,0
2020-07-09,US,Ohio,Wood,461,51,0,41.36224827,-83.62285108,39173.0,352.4006818685645,11.062906724511931,410,452,51,0,401,436,130696,9,0,0,9,16
2020-07-09,US,Ohio,Wyandot,61,5,0,40.84339621,-83.30734173,39175.0,280.1763733235348,8.196721311475411,56,60,5,0,55,59,21935,1,0,0,1,1
2020-07-09,US,Oklahoma,Adair,136,4,0,35.88494195,-94.65859267,40001.0,612.7782283500045,2.9411764705882355,132,130,4,0,126,129,22082,6,0,0,6,1
2020-07-09,US,Oklahoma,Alfalfa,1,0,0,36.73090616,-98.32408495,40003.0,17.5377060680463,0.0,1,1,0,0,1,1,5754,0,0,0,0,0
2020-07-09,US,Oklahoma,Atoka,31,0,0,34.37366573,-96.03802487,40005.0,225.32344817560693,0.0,31,30,0,0,30,29,13838,1,0,0,1,1
2020-07-09,US,Oklahoma,Beaver,32,0,0,36.7496847,-100.4758872,40007.0,602.5230653360949,0.0,32,32,0,0,32,32,5319,0,0,0,0,0
2020-07-09,US,Oklahoma,Beckham,13,0,0,35.26862449,-99.68128023,40009.0,59.47207100050323,0.0,13,13,0,0,13,13,21709,0,0,0,0,0
2020-07-09,US,Oklahoma,Blaine,18,0,0,35.87518314,-98.43307003,40011.0,190.90041361756283,0.0,18,18,0,0,18,18,9485,0,0,0,0,0
2020-07-09,US,Oklahoma,Bryan,154,1,0,33.96472458,-96.25903472,40013.0,320.8667569538493,0.6493506493506493,153,146,1,0,145,136,47192,8,0,0,8,10
2020-07-09,US,Oklahoma,Caddo,202,11,0,35.17364557,-98.37534464,40015.0,702.3155552465057,5.445544554455446,191,200,11,0,189,200,28977,2,0,0,2,0
2020-07-09,US,Oklahoma,Canadian,430,3,0,35.5426055,-97.98465569,40017.0,289.9410677922673,0.6976744186046512,427,409,3,0,406,387,144447,21,0,0,21,22
2020-07-09,US,Oklahoma,Carter,159,2,0,34.25103751,-97.28552485,40019.0,330.48575169919565,1.2578616352201255,157,151,2,0,149,140,48177,8,0,0,8,11
2020-07-09,US,Oklahoma,Cherokee,105,1,0,35.90692775,-94.99980896,40021.0,215.79628830384118,0.9523809523809524,104,97,1,0,96,95,48675,8,0,0,8,2
2020-07-09,US,Oklahoma,Choctaw,123,1,0,34.02807439,-95.54771129,40023.0,838.3315158124318,0.8130081300813008,122,121,1,0,120,120,14668,2,0,0,2,1
2020-07-09,US,Oklahoma,Cimarron,1,0,0,36.74817177,-102.5173885,40025.0,46.79457182966776,0.0,1,1,0,0,1,1,2153,0,0,0,0,0
2020-07-09,US,Oklahoma,Cleveland,1208,40,0,35.20413532,-97.32519562,40027.0,425.3311456477498,3.3112582781456954,1168,1186,40,0,1146,1157,281669,22,0,0,22,29
2020-07-09,US,Oklahoma,Coal,10,0,0,34.58840127,-96.29798747,40029.0,181.98362147406726,0.0,10,10,0,0,10,10,5520,0,0,0,0,0
2020-07-09,US,Oklahoma,Comanche,474,7,0,34.65973764,-98.47195055,40031.0,392.5498347812404,1.4767932489451476,467,463,7,0,456,457,120422,11,0,0,11,6
2020-07-09,US,Oklahoma,Cotton,10,2,0,34.28845626,-98.37053567,40033.0,176.49135192375573,20.0,8,9,2,0,7,8,5776,1,0,0,1,1
2020-07-09,US,Oklahoma,Craig,26,0,0,36.76268118,-95.20916602,40035.0,183.8495262339132,0.0,26,23,0,0,23,22,14306,3,0,0,3,1
2020-07-09,US,Oklahoma,Creek,201,7,0,35.90230551,-96.37086028,40037.0,281.03240960823246,3.4825870646766166,194,194,7,0,187,185,71604,7,0,0,7,9
2020-07-09,US,Oklahoma,Custer,70,0,0,35.63853802,-99.00170785,40039.0,241.3543426542081,0.0,70,69,0,0,69,67,29036,1,0,0,1,2
2020-07-09,US,Oklahoma,Delaware,218,17,0,36.40823634,-94.80325046,40041.0,506.87065497919036,7.798165137614678,201,200,17,0,183,199,42733,18,0,0,18,1
2020-07-09,US,Oklahoma,Dewey,4,0,0,35.98772922,-99.00730714,40043.0,81.78286648947045,0.0,4,4,0,0,4,4,4894,0,0,0,0,0
2020-07-09,US,Oklahoma,Ellis,2,0,0,36.218019399999996,-99.75324573,40045.0,51.82689816014511,0.0,2,2,0,0,2,1,3952,0,0,0,0,1
2020-07-09,US,Oklahoma,Garfield,93,2,0,36.3791334,-97.78265517,40047.0,152.31918238993708,2.150537634408602,91,86,2,0,84,84,60913,7,0,0,7,2
2020-07-09,US,Oklahoma,Garvin,106,2,0,34.70418038,-97.30811132,40049.0,382.5195770632601,1.8867924528301887,104,98,2,0,96,94,27811,8,0,0,8,4
2020-07-09,US,Oklahoma,Grady,224,5,0,35.0167709,-97.88339847,40051.0,401.1892395314683,2.232142857142857,219,212,5,0,207,206,55551,12,0,0,12,6
2020-07-09,US,Oklahoma,Grant,2,0,0,36.796296999999996,-97.78638765,40053.0,46.15739672282484,0.0,2,2,0,0,2,2,4326,0,0,0,0,0
2020-07-09,US,Oklahoma,Greer,67,7,0,34.93535801,-99.56056120000001,40055.0,1172.9691876750699,10.447761194029852,60,67,7,0,60,66,5821,0,0,0,0,1
2020-07-09,US,Oklahoma,Harmon,3,0,0,34.7440135,-99.84741652,40057.0,113.07953260459855,0.0,3,3,0,0,3,3,2664,0,0,0,0,0
2020-07-09,US,Oklahoma,Harper,1,0,0,36.78836519,-99.6679804,40059.0,27.11496746203905,0.0,1,1,0,0,1,1,3797,0,0,0,0,0
2020-07-09,US,Oklahoma,Haskell,16,0,0,35.22257600000001,-95.11513306,40061.0,126.71259998416092,0.0,16,15,0,0,15,13,12668,1,0,0,1,2
2020-07-09,US,Oklahoma,Hughes,13,0,0,35.04912569,-96.24921145,40063.0,97.89893817305521,0.0,13,13,0,0,13,13,13335,0,0,0,0,0
2020-07-09,US,Oklahoma,Jackson,54,3,0,34.58781741,-99.41138784,40065.0,220.13860578883,5.5555555555555545,51,54,3,0,51,53,24949,0,0,0,0,1
2020-07-09,US,Oklahoma,Jefferson,13,0,0,34.11130184,-97.83182974,40067.0,216.59446851049648,0.0,13,13,0,0,13,13,6123,0,0,0,0,0
2020-07-09,US,Oklahoma,Johnston,15,0,0,34.31440473,-96.66011537,40069.0,135.31799729364005,0.0,15,15,0,0,15,13,10949,0,0,0,0,2
2020-07-09,US,Oklahoma,Kay,120,8,0,36.81799745,-97.14421435,40071.0,275.62129633883046,6.666666666666668,112,115,8,0,107,113,44161,5,0,0,5,2
2020-07-09,US,Oklahoma,Kingfisher,39,0,0,35.94530008,-97.94193268,40073.0,247.383444338725,0.0,39,38,0,0,38,36,15816,1,0,0,1,2
2020-07-09,US,Oklahoma,Kiowa,15,1,0,34.91671958,-98.97720696,40075.0,172.2553973357832,6.666666666666668,14,15,1,0,14,14,8729,0,0,0,0,1
2020-07-09,US,Oklahoma,Latimer,18,1,0,34.87844729,-95.25215049,40077.0,178.69552268440384,5.5555555555555545,17,15,1,0,14,15,10231,3,0,0,3,0
2020-07-09,US,Oklahoma,Le Flore,53,1,0,34.89851864,-94.70392124,40079.0,106.31255892323428,1.8867924528301887,52,48,1,0,47,39,49980,5,0,0,5,9
2020-07-09,US,Oklahoma,Lincoln,40,2,0,35.70270942,-96.8812462,40081.0,114.68876336840898,5.0,38,38,2,0,36,37,34920,2,0,0,2,1
2020-07-09,US,Oklahoma,Logan,75,1,0,35.91899576,-97.44352845,40083.0,156.2142009122909,1.3333333333333333,74,70,1,0,69,67,47291,5,0,0,5,3
2020-07-09,US,Oklahoma,Love,45,0,0,33.95273467,-97.23906784,40085.0,438.8959328976885,0.0,45,40,0,0,40,39,10134,5,0,0,5,1
2020-07-09,US,Oklahoma,Major,10,1,0,36.31149996,-98.53467076,40093.0,131.07877834578582,10.0,9,9,1,0,8,8,7644,1,0,0,1,1
2020-07-09,US,Oklahoma,Marshall,43,0,0,34.02311222,-96.76855464,40095.0,253.97200401630147,0.0,43,43,0,0,43,41,16806,0,0,0,0,2
2020-07-09,US,Oklahoma,Mayes,109,5,0,36.30179091,-95.23175116,40097.0,265.20681265206815,4.587155963302751,104,105,5,0,100,102,41107,4,0,0,4,3
2020-07-09,US,Oklahoma,McClain,229,4,0,35.01123903,-97.44572302,40087.0,565.7953253940801,1.7467248908296944,225,221,4,0,217,216,39985,8,0,0,8,5
2020-07-09,US,Oklahoma,McCurtain,596,9,0,34.11664328,-94.77222373,40089.0,1815.3021442495126,1.5100671140939597,587,581,9,0,572,569,32703,15,0,0,15,12
2020-07-09,US,Oklahoma,McIntosh,79,1,0,35.37235506,-95.66599306,40091.0,403.1434986731986,1.2658227848101269,78,71,1,0,70,69,19815,8,0,0,8,2
2020-07-09,US,Oklahoma,Murray,24,0,0,34.48116015,-97.06826283,40099.0,170.53933063312726,0.0,24,23,0,0,23,23,13953,1,0,0,1,0
2020-07-09,US,Oklahoma,Muskogee,174,13,0,35.61318461,-95.37802952,40101.0,255.89364236657502,7.471264367816093,161,159,12,0,147,153,68362,15,1,0,14,6
2020-07-09,US,Oklahoma,Noble,50,1,0,36.38953329,-97.22928674,40103.0,449.195939268709,2.0,49,48,1,0,47,48,11289,2,0,0,2,0
2020-07-09,US,Oklahoma,Nowata,37,1,0,36.79843529,-95.61902331,40105.0,367.2092100039698,2.702702702702702,36,37,1,0,36,37,10218,0,0,0,0,0
2020-07-09,US,Oklahoma,Okfuskee,17,0,0,35.46485198,-96.32639984,40107.0,141.74935378971063,0.0,17,16,0,0,16,16,12098,1,0,0,1,0
2020-07-09,US,Oklahoma,Oklahoma,4194,72,0,35.55140095,-97.40716948,40109.0,525.9369427438509,1.7167381974248928,4122,4039,71,0,3968,3819,792582,155,1,0,154,220
2020-07-09,US,Oklahoma,Okmulgee,127,0,0,35.64661916,-95.96432828,40111.0,330.17028467437933,0.0,127,113,0,0,113,104,38335,14,0,0,14,9
2020-07-09,US,Oklahoma,Osage,194,8,0,36.62888819,-96.39635704,40113.0,413.0911568681729,4.123711340206185,186,188,8,0,180,187,47014,6,0,0,6,1
2020-07-09,US,Oklahoma,Ottawa,132,2,0,36.83532655,-94.81011909,40115.0,424.0691361197674,1.5151515151515151,130,121,2,0,119,120,31175,11,0,0,11,1
2020-07-09,US,Oklahoma,Pawnee,65,3,0,36.31743373,-96.70331759999999,40117.0,396.92232535417685,4.615384615384615,62,61,2,0,59,60,16390,4,1,0,3,1
2020-07-09,US,Oklahoma,Payne,465,1,0,36.07695283,-96.97584944,40119.0,568.5708696077472,0.21505376344086025,464,455,1,0,454,452,82040,10,0,0,10,3
2020-07-09,US,Oklahoma,Pittsburg,69,3,0,34.92065823,-95.75134320000001,40121.0,158.06111696522655,4.3478260869565215,66,69,3,0,66,67,43877,0,0,0,0,2
2020-07-09,US,Oklahoma,Pontotoc,67,2,0,34.72959848,-96.68337199,40123.0,175.00783617176887,2.985074626865672,65,63,2,0,61,51,38247,4,0,0,4,12
2020-07-09,US,Oklahoma,Pottawatomie,142,4,0,35.20614018,-96.94923008,40125.0,195.6138417456469,2.8169014084507036,138,134,4,0,130,121,72679,8,0,0,8,13
2020-07-09,US,Oklahoma,Pushmataha,20,0,0,34.41635232,-95.37603505,40127.0,180.24513338139874,0.0,20,17,0,0,17,17,11179,3,0,0,3,0
2020-07-09,US,Oklahoma,Rogers,291,7,0,36.37004357,-95.60406759,40131.0,314.73409835710964,2.405498281786941,284,278,7,0,271,262,91984,13,0,0,13,16
2020-07-09,US,Oklahoma,Seminole,53,3,0,35.16478725,-96.61686741,40133.0,218.4846236293181,5.660377358490566,50,48,3,0,45,46,24578,5,0,0,5,2
2020-07-09,US,Oklahoma,Sequoyah,59,3,0,35.49447108,-94.75463785,40135.0,141.93269022588947,5.084745762711863,56,57,3,0,54,52,41179,2,0,0,2,5
2020-07-09,US,Oklahoma,Stephens,76,1,0,34.48556989,-97.85141892,40137.0,176.15835709153282,1.3157894736842106,75,74,1,0,73,70,43265,2,0,0,2,4
2020-07-09,US,Oklahoma,Texas,1001,6,0,36.74777635,-101.4889765,40139.0,5009.25786918881,0.5994005994005994,995,998,6,0,992,997,20455,3,0,0,3,1
2020-07-09,US,Oklahoma,Tillman,26,1,0,34.37288446,-98.92426619,40141.0,358.62068965517244,3.8461538461538463,25,25,1,0,24,25,7348,1,0,0,1,0
2020-07-09,US,Oklahoma,Tulsa,4693,72,0,36.11939621,-95.94013939,40143.0,720.2801925249253,1.5341998721500107,4621,4571,72,0,4499,4365,648360,122,0,0,122,206
2020-07-09,US,Oklahoma,Wagoner,344,19,0,35.96024096,-95.51911308,40145.0,423.18148827024567,5.5232558139534875,325,336,19,0,317,331,80110,8,0,0,8,5
2020-07-09,US,Oklahoma,Washington,440,39,0,36.71380786,-95.90514104,40147.0,853.9212451724338,8.863636363636363,401,437,39,0,398,431,51843,3,0,0,3,6
2020-07-09,US,Oklahoma,Washita,7,0,0,35.29071824,-98.99180434,40149.0,64.12605349945035,0.0,7,6,0,0,6,6,11127,1,0,0,1,0
2020-07-09,US,Oklahoma,Woods,9,0,0,36.76705782,-98.86573064,40151.0,102.35414534288635,0.0,9,9,0,0,9,8,8897,0,0,0,0,1
2020-07-09,US,Oklahoma,Woodward,15,0,0,36.42316318,-99.26283045,40153.0,74.2170105388155,0.0,15,15,0,0,15,15,20222,0,0,0,0,0
2020-07-09,US,Oregon,Baker,8,0,0,44.70915557,-117.6749883,41001.0,49.61548002976929,0.0,8,8,0,0,8,5,16006,0,0,0,0,3
2020-07-09,US,Oregon,Benton,99,6,0,44.49167306,-123.4316987,41003.0,106.3909814836706,6.0606060606060606,93,98,6,0,92,97,92101,1,0,0,1,1
2020-07-09,US,Oregon,Clackamas,914,27,0,45.18787398,-122.2179634,41005.0,218.56250911673484,2.9540481400437635,887,894,25,0,869,877,416075,20,2,0,18,17
2020-07-09,US,Oregon,Clatsop,55,0,0,45.99712889,-123.660711,41007.0,136.7342879872713,0.0,55,55,0,0,55,54,39764,0,0,0,0,1
2020-07-09,US,Oregon,Columbia,47,0,0,45.94464254,-123.08908980000001,41009.0,89.77346525575888,0.0,47,45,0,0,45,44,52377,2,0,0,2,1
2020-07-09,US,Oregon,Coos,52,0,0,43.17406868,-124.0594514,41011.0,80.63640733791307,0.0,52,48,0,0,48,46,64389,4,0,0,4,2
2020-07-09,US,Oregon,Crook,17,1,0,44.14230227,-120.356297,41013.0,69.66071135879363,5.882352941176472,16,15,0,0,15,14,23867,2,1,0,1,1
2020-07-09,US,Oregon,Curry,9,0,0,42.45911325,-124.15728200000001,41015.0,39.25845147219193,0.0,9,9,0,0,9,8,22813,0,0,0,0,1
2020-07-09,US,Oregon,Deschutes,229,0,0,43.91570171,-121.2289121,41017.0,115.83675616615746,0.0,229,224,0,0,224,221,191996,5,0,0,5,3
2020-07-09,US,Oregon,Douglas,56,0,0,43.27941273,-123.16729099999999,41019.0,50.459542259866645,0.0,56,56,0,0,56,54,110283,0,0,0,0,2
2020-07-09,US,Oregon,Gilliam,1,0,0,45.37160076,-120.20488689999999,41021.0,52.30125523012552,0.0,1,1,0,0,1,1,1894,0,0,0,0,0
2020-07-09,US,Oregon,Grant,1,0,0,44.49024544,-119.0068631,41023.0,13.890818169190164,0.0,1,1,0,0,1,1,7176,0,0,0,0,0
2020-07-09,US,Oregon,Harney,2,0,0,43.06422669,-118.96663059999999,41025.0,27.052617340727714,0.0,2,2,0,0,2,1,7329,0,0,0,0,1
2020-07-09,US,Oregon,Hood River,99,0,0,45.51872811,-121.65520359999998,41027.0,423.4026173979985,0.0,99,98,0,0,98,97,23428,1,0,0,1,1
2020-07-09,US,Oregon,Jackson,164,0,0,42.43201126,-122.72893090000001,41029.0,74.2269534361648,0.0,164,157,0,0,157,152,219564,7,0,0,7,5
2020-07-09,US,Oregon,Jefferson,145,0,0,44.62806839,-121.17832,41031.0,588.0444480493146,0.0,145,137,0,0,137,136,24192,8,0,0,8,1
2020-07-09,US,Oregon,Josephine,54,1,0,42.3665549,-123.5561938,41033.0,61.72345605632837,1.851851851851852,53,61,1,0,60,59,87393,-7,0,0,-7,2
2020-07-09,US,Oregon,Klamath,131,1,0,42.68762984,-121.64964609999998,41035.0,191.97514581318327,0.7633587786259542,130,131,1,0,130,131,67653,0,0,0,0,0
2020-07-09,US,Oregon,Lake,24,0,0,42.79246693,-120.38501629999999,41037.0,304.99428135722457,0.0,24,22,0,0,22,22,7879,2,0,0,2,0
2020-07-09,US,Oregon,Lane,271,3,0,43.93727035,-122.847753,41039.0,70.92996778052017,1.1070110701107012,268,253,3,0,250,243,379611,18,0,0,18,10
2020-07-09,US,Oregon,Lincoln,363,4,0,44.64252874,-123.86991200000001,41041.0,726.552179656539,1.1019283746556474,359,349,4,0,345,346,49388,14,0,0,14,3
2020-07-09,US,Oregon,Linn,168,10,0,44.48899494,-122.53731540000001,41043.0,129.48076671111144,5.9523809523809526,158,165,10,0,155,157,127335,3,0,0,3,8
2020-07-09,US,Oregon,Malheur,266,1,0,43.1937027,-117.62273950000001,41045.0,870.1056556867619,0.3759398496240601,265,235,1,0,234,223,30725,31,0,0,31,12
2020-07-09,US,Oregon,Marion,1743,53,0,44.90287942,-122.58151170000001,41047.0,501.1241511365139,3.0407343660355712,1690,1697,51,0,1646,1683,346868,46,2,0,44,14
2020-07-09,US,Oregon,Morrow,132,1,0,45.41846568,-119.584546,41049.0,1137.6368180642935,0.7575757575757576,131,119,1,0,118,109,11372,13,0,0,13,10
2020-07-09,US,Oregon,Multnomah,2694,72,0,45.54747959,-122.4169351,41051.0,331.4244237902209,2.67260579064588,2622,2608,72,0,2536,2580,811880,86,0,0,86,28
2020-07-09,US,Oregon,Polk,168,12,0,44.90322804,-123.4128888,41053.0,195.15595051402684,7.142857142857142,156,166,12,0,154,166,85234,2,0,0,2,0
2020-07-09,US,Oregon,Sherman,3,0,0,45.41501554,-120.6827834,41055.0,168.53932584269663,0.0,3,3,0,0,3,3,1708,0,0,0,0,0
2020-07-09,US,Oregon,Tillamook,15,0,0,45.46248721,-123.712066,41057.0,55.48158011540168,0.0,15,15,0,0,15,15,26787,0,0,0,0,0
2020-07-09,US,Oregon,Umatilla,886,7,0,45.59073056,-118.7353826,41059.0,1136.6260423348301,0.7900677200902935,879,834,6,0,828,792,77516,52,1,0,51,42
2020-07-09,US,Oregon,Union,367,1,0,45.30915495,-118.0068979,41061.0,1367.6169182038382,0.2724795640326976,366,363,1,0,362,361,26461,4,0,0,4,2
2020-07-09,US,Oregon,Wallowa,12,0,0,45.57894064,-117.18353799999998,41063.0,166.48168701442842,0.0,12,11,0,0,11,11,7081,1,0,0,1,0
2020-07-09,US,Oregon,Wasco,102,1,0,45.16292781,-121.16709540000001,41065.0,382.2801888913874,0.9803921568627452,101,97,1,0,96,96,26505,5,0,0,5,1
2020-07-09,US,Oregon,Washington,1720,20,0,45.55972701,-123.0955257,41067.0,285.9080572879958,1.162790697674419,1700,1676,20,0,1656,1645,597695,44,0,0,44,31
2020-07-09,US,Oregon,Yamhill,171,9,0,45.23330449,-123.3086963,41071.0,159.6638655462185,5.2631578947368425,162,164,9,0,155,155,107002,7,0,0,7,9
2020-07-09,US,Pennsylvania,Adams,366,13,0,39.87140411,-77.21610347,42001.0,355.30875942878777,3.551912568306011,353,361,13,0,348,358,102811,5,0,0,5,3
2020-07-09,US,Pennsylvania,Allegheny,4367,193,0,40.46809875,-79.98167747,42003.0,359.1149998560908,4.4195099610716735,4174,4209,190,0,4019,3979,1218452,158,3,0,155,230
2020-07-09,US,Pennsylvania,Armstrong,80,6,0,40.81665618,-79.46290811,42005.0,123.58075229782965,7.5,74,79,6,0,73,79,65263,1,0,0,1,0
2020-07-09,US,Pennsylvania,Beaver,796,79,0,40.6825484,-80.34921611,42007.0,485.576072568002,9.924623115577887,717,785,79,0,706,770,164742,11,0,0,11,15
2020-07-09,US,Pennsylvania,Bedford,91,4,0,40.00522157,-78.48998442,42009.0,190.0267290344136,4.395604395604397,87,90,4,0,86,90,48176,1,0,0,1,0
2020-07-09,US,Pennsylvania,Berks,4647,356,0,40.41570541,-75.92457766,42011.0,1103.3706584608371,7.660856466537551,4291,4623,355,0,4268,4606,420152,24,1,0,23,17
2020-07-09,US,Pennsylvania,Blair,93,1,0,40.47961444,-78.34917412,42013.0,76.33650444475454,1.075268817204301,92,90,1,0,89,89,122492,3,0,0,3,1
2020-07-09,US,Pennsylvania,Bradford,59,3,0,41.78869215,-76.51570822,42015.0,97.80680669064868,5.084745762711863,56,59,3,0,56,59,60833,0,0,0,0,0
2020-07-09,US,Pennsylvania,Bucks,6003,571,0,40.33682119,-75.10836643,42017.0,955.4809238066437,9.51191071131101,5432,5967,570,0,5397,5948,628195,36,1,0,35,19
2020-07-09,US,Pennsylvania,Butler,396,13,0,40.91152759,-79.91351055,42019.0,210.80312797772729,3.2828282828282833,383,390,13,0,377,370,187888,6,0,0,6,20
2020-07-09,US,Pennsylvania,Cambria,113,3,0,40.49527404,-78.71377428,42021.0,86.79488755069436,2.6548672566371683,110,110,3,0,107,104,131730,3,0,0,3,6
2020-07-09,US,Pennsylvania,Cameron,4,0,0,41.43625568,-78.20376845,42023.0,89.94827973915001,0.0,4,4,0,0,4,4,4492,0,0,0,0,0
2020-07-09,US,Pennsylvania,Carbon,293,27,0,40.91545395,-75.7068525,42025.0,456.5142874949363,9.215017064846416,266,291,27,0,264,288,64227,2,0,0,2,3
2020-07-09,US,Pennsylvania,Centre,235,8,0,40.92058903,-77.82200624,42027.0,144.7178002894356,3.404255319148936,227,232,8,0,224,230,162805,3,0,0,3,2
2020-07-09,US,Pennsylvania,Chester,3918,332,0,39.97291773,-75.74768357,42029.0,746.3013510759273,8.473711077080143,3586,3892,332,0,3560,3863,522046,26,0,0,26,29
2020-07-09,US,Pennsylvania,Clarion,49,2,0,41.19265812,-79.42413524,42031.0,127.47801654612623,4.081632653061225,47,49,2,0,47,48,38779,0,0,0,0,1
2020-07-09,US,Pennsylvania,Clearfield,82,0,0,41.00110782,-78.47592663,42033.0,103.4635038798814,0.0,82,82,0,0,82,79,79388,0,0,0,0,3
2020-07-09,US,Pennsylvania,Clinton,91,4,0,41.23255967,-77.63785995,42035.0,235.5560157382481,4.395604395604397,87,86,4,0,82,81,38684,5,0,0,5,5
2020-07-09,US,Pennsylvania,Columbia,416,35,0,41.04821986,-76.40565017,42037.0,640.3546579644111,8.413461538461537,381,413,35,0,378,412,65456,3,0,0,3,1
2020-07-09,US,Pennsylvania,Crawford,76,1,0,41.68447709,-80.10760592,42039.0,89.80373158137282,1.3157894736842106,75,74,1,0,73,72,85063,2,0,0,2,2
2020-07-09,US,Pennsylvania,Cumberland,922,66,0,40.1625372,-77.26130755,42041.0,363.8946994513952,7.158351409978308,856,912,64,0,848,902,251423,10,2,0,8,10
2020-07-09,US,Pennsylvania,Dauphin,2247,148,0,40.41377078,-76.77993242,42043.0,807.4049852856102,6.586559857587894,2099,2236,143,0,2093,2220,277097,11,5,0,6,16
2020-07-09,US,Pennsylvania,Delaware,7447,664,0,39.91680171,-75.40243663,42045.0,1313.9901931549705,8.916342151201826,6783,7427,662,0,6765,7384,564751,20,2,0,18,43
2020-07-09,US,Pennsylvania,Elk,29,0,0,41.42822061,-78.64524744,42047.0,96.95753928452022,0.0,29,28,0,0,28,24,30169,1,0,0,1,4
2020-07-09,US,Pennsylvania,Erie,699,12,0,41.99253829,-80.03301954,42049.0,259.14995847668763,1.7167381974248928,687,691,12,0,679,679,272061,8,0,0,8,12
2020-07-09,US,Pennsylvania,Fayette,163,4,0,39.92041012,-79.64291195,42051.0,126.08877268437584,2.4539877300613497,159,160,4,0,156,149,130441,3,0,0,3,11
2020-07-09,US,Pennsylvania,Forest,7,0,0,41.51095103,-79.23229292,42053.0,96.59169311439214,0.0,7,7,0,0,7,7,7279,0,0,0,0,0
2020-07-09,US,Pennsylvania,Franklin,989,46,0,39.92956518,-77.72157791,42055.0,637.9533887645377,4.651162790697675,943,984,44,0,940,970,154835,5,2,0,3,14
2020-07-09,US,Pennsylvania,Fulton,19,1,0,39.92913544,-78.11163677,42057.0,130.76393668272544,5.2631578947368425,18,18,1,0,17,18,14523,1,0,0,1,0
2020-07-09,US,Pennsylvania,Greene,56,0,0,39.85746531,-80.22357106,42059.0,154.5552396986173,0.0,56,52,0,0,52,50,36506,4,0,0,4,2
2020-07-09,US,Pennsylvania,Huntingdon,254,4,0,40.42162652,-77.97673273,42061.0,562.6439836966152,1.5748031496062993,250,254,4,0,250,254,45168,0,0,0,0,0
2020-07-09,US,Pennsylvania,Indiana,121,6,0,40.65241041,-79.08963285,42063.0,143.92254350385974,4.958677685950414,115,119,6,0,113,116,84501,2,0,0,2,3
2020-07-09,US,Pennsylvania,Jefferson,34,1,0,41.12913106,-78.9986361,42065.0,78.29591249280371,2.9411764705882355,33,33,1,0,32,30,43641,1,0,0,1,3
2020-07-09,US,Pennsylvania,Juniata,114,6,0,40.53358749,-77.39975129999998,42067.0,460.3642531195736,5.2631578947368425,108,114,6,0,108,114,24704,0,0,0,0,0
2020-07-09,US,Pennsylvania,Lackawanna,1749,209,0,41.43564672,-75.60379201,42069.0,834.1520646336694,11.949685534591195,1540,1743,208,0,1535,1740,210793,6,1,0,5,3
2020-07-09,US,Pennsylvania,Lancaster,4711,377,0,40.03904563,-76.24770128,42071.0,863.2568844324237,8.002547229887497,4334,4673,372,0,4301,4623,543557,38,5,0,33,50
2020-07-09,US,Pennsylvania,Lawrence,146,9,0,40.99206278,-80.33393706,42073.0,170.73627093273458,6.164383561643835,137,141,9,0,132,129,86184,5,0,0,5,12
2020-07-09,US,Pennsylvania,Lebanon,1404,47,0,40.36680311,-76.45651841,42075.0,990.1758196808023,3.3475783475783474,1357,1399,45,0,1354,1389,141314,5,2,0,3,10
2020-07-09,US,Pennsylvania,Lehigh,4370,315,0,40.6154815,-75.59435245,42077.0,1183.2621209905824,7.2082379862700225,4055,4354,312,0,4042,4334,368100,16,3,0,13,20
2020-07-09,US,Pennsylvania,Luzerne,2979,179,0,41.17823008,-75.98447579,42079.0,938.5130601070517,6.008727760993622,2800,2967,179,0,2788,2964,317646,12,0,0,12,3
2020-07-09,US,Pennsylvania,Lycoming,234,20,0,41.34310539,-77.06629984,42081.0,206.5331556324416,8.547008547008549,214,232,20,0,212,217,113664,2,0,0,2,15
2020-07-09,US,Pennsylvania,McKean,20,1,0,41.80938602,-78.56478358,42083.0,49.23076923076921,5.0,19,20,1,0,19,20,40968,0,0,0,0,0
2020-07-09,US,Pennsylvania,Mercer,161,6,0,41.30248872,-80.25816981,42085.0,147.13408393039919,3.7267080745341614,155,159,6,0,153,159,110683,2,0,0,2,0
2020-07-09,US,Pennsylvania,Mifflin,70,1,0,40.61116939,-77.61070738,42087.0,151.71875677315882,1.4285714285714286,69,68,1,0,67,66,46222,2,0,0,2,2
2020-07-09,US,Pennsylvania,Monroe,1456,111,0,41.05934058,-75.34031025,42089.0,855.1074463649124,7.623626373626371,1345,1451,111,0,1340,1444,169507,5,0,0,5,7
2020-07-09,US,Pennsylvania,Montgomery,8749,822,0,40.21053671,-75.36652296,42091.0,1052.935619166822,9.395359469653675,7927,8718,818,0,7900,8682,828604,31,4,0,27,36
2020-07-09,US,Pennsylvania,Montour,76,2,0,41.03023987,-76.66345939,42093.0,416.8952276467362,2.631578947368421,74,76,2,0,74,76,18240,0,0,0,0,0
2020-07-09,US,Pennsylvania,Northampton,3513,276,0,40.75182733,-75.30471829,42095.0,1150.7280082545815,7.856532877882152,3237,3500,276,0,3224,3485,304807,13,0,0,13,15
2020-07-09,US,Pennsylvania,Northumberland,339,8,0,40.84785433,-76.70798222,42097.0,373.1712955318516,2.359882005899705,331,334,8,0,326,328,91083,5,0,0,5,6
2020-07-09,US,Pennsylvania,Perry,89,5,0,40.40206612,-77.26297447,42099.0,192.34094052558785,5.617977528089888,84,89,5,0,84,88,46139,0,0,0,0,1
2020-07-09,US,Pennsylvania,Philadelphia,27228,1633,0,40.00338507,-75.1379271,42101.0,1718.8699446487008,5.997502570882915,25595,26969,1628,0,25341,26901,1584138,259,5,0,254,68
2020-07-09,US,Pennsylvania,Pike,504,21,0,41.33155042,-75.03208106,42103.0,903.0801483631673,4.166666666666667,483,504,21,0,483,504,55933,0,0,0,0,0
2020-07-09,US,Pennsylvania,Potter,17,0,0,41.74471626,-77.89559864,42105.0,102.86820767275809,0.0,17,17,0,0,17,17,16622,0,0,0,0,0
2020-07-09,US,Pennsylvania,Schuylkill,765,47,0,40.70497338,-76.2150785,42107.0,541.1753054280236,6.143790849673202,718,761,47,0,714,759,142067,4,0,0,4,2
2020-07-09,US,Pennsylvania,Snyder,72,2,0,40.77129231,-77.06840691,42109.0,178.3414247498266,2.7777777777777777,70,71,2,0,69,68,40540,1,0,0,1,3
2020-07-09,US,Pennsylvania,Somerset,69,1,0,39.97172723,-79.02699593,42111.0,93.94529388538677,1.4492753623188406,68,67,1,0,66,64,73952,2,0,0,2,3
2020-07-09,US,Pennsylvania,Sullivan,10,0,0,41.44634738,-76.51246591,42113.0,164.85328058028355,0.0,10,10,0,0,10,10,6071,0,0,0,0,0
2020-07-09,US,Pennsylvania,Susquehanna,190,25,0,41.82147784,-75.80071959,42115.0,471.13667923031153,13.157894736842106,165,190,25,0,165,190,40589,0,0,0,0,0
2020-07-09,US,Pennsylvania,Tioga,27,2,0,41.77255149,-77.25433032,42117.0,66.51720824813383,7.407407407407407,25,27,2,0,25,27,40763,0,0,0,0,0
2020-07-09,US,Pennsylvania,Union,97,2,0,40.96188846,-77.05996014,42119.0,215.9250272688823,2.061855670103093,95,98,2,0,96,96,44785,-1,0,0,-1,2
2020-07-09,US,Pennsylvania,Venango,35,0,0,41.40323442,-79.75845449,42121.0,69.07712954922239,0.0,35,34,0,0,34,28,51266,1,0,0,1,6
2020-07-09,US,Pennsylvania,Warren,7,1,0,41.81304978,-79.26969577,42123.0,17.861243652879487,14.285714285714285,6,7,1,0,6,7,39498,0,0,0,0,0
2020-07-09,US,Pennsylvania,Washington,366,6,0,40.19208869,-80.24582867,42125.0,176.92698136465808,1.639344262295082,360,356,6,0,350,339,207346,10,0,0,10,17
2020-07-09,US,Pennsylvania,Wayne,141,8,0,41.64938475,-75.29956506,42127.0,274.52736512139563,5.673758865248227,133,141,8,0,133,141,51276,0,0,0,0,0
2020-07-09,US,Pennsylvania,Westmoreland,917,39,0,40.31377979999999,-79.46615476,42129.0,262.8267779500658,4.252998909487459,878,896,39,0,857,863,350611,21,0,0,21,33
2020-07-09,US,Pennsylvania,Wyoming,41,7,0,41.51955538,-76.01074915,42131.0,153.0193326864223,17.073170731707318,34,40,7,0,33,40,27046,1,0,0,1,0
2020-07-09,US,Pennsylvania,York,1714,57,0,39.9210089,-76.73040131,42133.0,381.68788886958924,3.325554259043174,1657,1692,57,0,1635,1654,448273,22,0,0,22,38
2020-07-09,US,Rhode Island,Bristol,256,0,0,41.71018079,-71.28652315,44001.0,528.0636976835331,0.0,256,256,0,0,256,256,48649,0,0,0,0,0
2020-07-09,US,Rhode Island,Kent,1234,0,0,41.67106337,-71.57641596,44003.0,751.1016969785504,0.0,1234,1234,0,0,1234,1234,163861,0,0,0,0,0
2020-07-09,US,Rhode Island,Newport,331,0,0,41.5642026,-71.26569799,44005.0,403.25528130406167,0.0,331,331,0,0,331,331,82542,0,0,0,0,0
2020-07-09,US,Rhode Island,Providence,13144,0,0,41.87064746,-71.57753536,44007.0,2057.1861437307,0.0,13144,13144,0,0,13144,13144,636084,0,0,0,0,0
2020-07-09,US,Rhode Island,Unassigned,1740,974,0,0.0,0.0,90044.0,0.0,55.977011494252864,766,1701,971,0,730,1651,,39,3,0,36,50
2020-07-09,US,Rhode Island,Washington,538,0,0,41.45961631,-71.61435303,44009.0,428.4224021914842,0.0,538,538,0,0,538,538,126179,0,0,0,0,0
2020-07-09,US,South Carolina,Abbeville,138,1,0,34.22333378,-82.46170658,45001.0,562.6452480939373,0.7246376811594203,137,137,1,0,136,134,24541,1,0,0,1,3
2020-07-09,US,South Carolina,Aiken,575,11,0,33.54338026,-81.63645384,45003.0,336.50919986890773,1.9130434782608696,564,545,11,0,534,530,169401,30,0,0,30,15
2020-07-09,US,South Carolina,Allendale,73,3,0,32.98837386,-81.35321066,45005.0,840.2394106813997,4.109589041095891,70,64,3,0,61,64,8903,9,0,0,9,0
2020-07-09,US,South Carolina,Anderson,908,16,0,34.51828081,-82.63959517,45007.0,448.2666692996573,1.7621145374449338,892,886,15,0,871,824,200482,22,1,0,21,62
2020-07-09,US,South Carolina,Bamberg,158,1,0,33.21927586,-81.05659969,45009.0,1123.275984643822,0.6329113924050633,157,154,1,0,153,151,14275,4,0,0,4,3
2020-07-09,US,South Carolina,Barnwell,106,1,0,33.26679302,-81.43584352,45011.0,508.00345058947573,0.9433962264150944,105,101,1,0,100,101,21112,5,0,0,5,0
2020-07-09,US,South Carolina,Beaufort,1723,23,0,32.39226291,-80.72619758,45013.0,896.825975161616,1.3348810214741729,1700,1685,23,0,1662,1620,188715,38,0,0,38,65
2020-07-09,US,South Carolina,Berkeley,1908,24,0,33.20222596,-79.94654523,45015.0,837.183588042491,1.2578616352201255,1884,1783,24,0,1759,1703,221091,125,0,0,125,80
2020-07-09,US,South Carolina,Calhoun,117,2,0,33.66926881,-80.77722168,45017.0,803.9579468150897,1.709401709401709,115,114,2,0,112,109,14520,3,0,0,3,5
2020-07-09,US,South Carolina,Charleston,6699,51,0,32.82487866,-79.96512315,45019.0,1628.3184980287112,0.761307657859382,6648,6337,47,0,6290,6073,405905,362,4,0,358,264
2020-07-09,US,South Carolina,Cherokee,226,8,0,35.05122251,-81.61828622,45021.0,394.41535776614313,3.5398230088495577,218,216,8,0,208,204,57078,10,0,0,10,12
2020-07-09,US,South Carolina,Chester,247,2,0,34.69249168,-81.1583216,45023.0,766.0339908199976,0.8097165991902834,245,241,2,0,239,236,32251,6,0,0,6,5
2020-07-09,US,South Carolina,Chesterfield,422,15,0,34.64137396,-80.15640140000002,45025.0,924.4249726177437,3.5545023696682465,407,421,15,0,406,407,45754,1,0,0,1,14
2020-07-09,US,South Carolina,Clarendon,462,45,0,33.66610974,-80.21647898,45027.0,1369.0917172914505,9.74025974025974,417,454,43,0,411,454,33700,8,2,0,6,0
2020-07-09,US,South Carolina,Colleton,423,22,0,32.87582989,-80.67641292,45029.0,1122.7008519786607,5.200945626477542,401,411,22,0,389,401,37660,12,0,0,12,10
2020-07-09,US,South Carolina,Darlington,519,17,0,34.33358335,-79.96027485,45031.0,779.068720165721,3.2755298651252414,502,515,16,0,499,504,66802,4,1,0,3,11
2020-07-09,US,South Carolina,Dillon,363,13,0,34.39007791,-79.37741872,45033.0,1190.9839561665408,3.5812672176308538,350,356,13,0,343,350,30599,7,0,0,7,6
2020-07-09,US,South Carolina,Dorchester,1295,7,0,33.0794369,-80.40502652,45035.0,795.4105731255643,0.5405405405405406,1288,1230,6,0,1224,1155,160647,65,1,0,64,75
2020-07-09,US,South Carolina,Edgefield,108,4,0,33.77221995,-81.96231108,45037.0,396.1848862802642,3.703703703703704,104,106,3,0,103,101,27052,2,1,0,1,5
2020-07-09,US,South Carolina,Fairfield,331,22,0,34.39287073,-81.1195624,45039.0,1481.1831565758264,6.646525679758308,309,325,22,0,303,319,22402,6,0,0,6,6
2020-07-09,US,South Carolina,Florence,1492,56,0,34.02361754,-79.70189312,45041.0,1078.8687786077387,3.7533512064343166,1436,1458,56,0,1402,1427,138159,34,0,0,34,31
2020-07-09,US,South Carolina,Georgetown,724,7,0,33.43443342,-79.33202141,45043.0,1155.0733886407147,0.9668508287292816,717,691,8,0,683,644,62249,33,-1,0,34,47
2020-07-09,US,South Carolina,Greenville,6443,101,0,34.89502264,-82.37295012,45045.0,1230.6558022088009,1.5675927363029645,6342,6235,96,0,6139,6068,514213,208,5,0,203,167
2020-07-09,US,South Carolina,Greenwood,669,7,0,34.15272415,-82.12715789,45047.0,944.7684681758484,1.0463378176382658,662,649,7,0,642,599,70741,20,0,0,20,50
2020-07-09,US,South Carolina,Hampton,93,3,0,32.77419582,-81.13845571,45049.0,483.8206222037249,3.2258064516129035,90,88,2,0,86,87,19351,5,1,0,4,1
2020-07-09,US,South Carolina,Horry,5205,65,0,33.9212828,-78.99555293,45051.0,1470.0026265176612,1.2487992315081653,5140,5016,62,0,4954,4847,344147,189,3,0,186,169
2020-07-09,US,South Carolina,Jasper,221,3,0,32.43171982,-81.02487495,45053.0,734.8784624081403,1.3574660633484164,218,215,3,0,212,208,28971,6,0,0,6,7
2020-07-09,US,South Carolina,Kershaw,822,17,0,34.33988254,-80.58763164,45055.0,1235.142973058256,2.068126520681265,805,807,17,0,790,797,65592,15,0,0,15,10
2020-07-09,US,South Carolina,Lancaster,594,14,0,34.68270843,-80.70513032,45057.0,606.048238991144,2.356902356902357,580,579,14,0,565,574,95380,15,0,0,15,5
2020-07-09,US,South Carolina,Laurens,667,13,0,34.48244419,-82.00490796,45059.0,988.2506333990193,1.949025487256372,654,644,12,0,632,626,66994,23,1,0,22,18
2020-07-09,US,South Carolina,Lee,331,22,0,34.16393091,-80.25690731,45061.0,1966.9598288566674,6.646525679758308,309,331,22,0,309,330,17142,0,0,0,0,1
2020-07-09,US,South Carolina,Lexington,2677,56,0,33.89665987,-81.27146426,45063.0,896.0669456066946,2.091893911094509,2621,2612,57,0,2555,2522,295032,65,-1,0,66,90
2020-07-09,US,South Carolina,Marion,294,9,0,34.07859748,-79.36400756,45067.0,958.9979450044037,3.0612244897959178,285,285,9,0,276,281,31039,9,0,0,9,4
2020-07-09,US,South Carolina,Marlboro,328,4,0,34.59905577,-79.67561152,45069.0,1255.8388850601118,1.2195121951219512,324,327,4,0,323,321,26398,1,0,0,1,6
2020-07-09,US,South Carolina,McCormick,32,2,0,33.90161443,-82.30794338,45065.0,338.159146148156,6.25,30,28,2,0,26,26,9410,4,0,0,4,2
2020-07-09,US,South Carolina,Newberry,355,5,0,34.28629098,-81.59935761,45071.0,923.5171696149845,1.4084507042253518,350,344,5,0,339,336,38520,11,0,0,11,8
2020-07-09,US,South Carolina,Oconee,373,1,0,34.75225169,-83.06742317,45073.0,468.9110703240892,0.2680965147453083,372,358,1,0,357,350,78374,15,0,0,15,8
2020-07-09,US,South Carolina,Orangeburg,1028,19,0,33.4391073,-80.79886287,45075.0,1192.9213809109372,1.8482490272373544,1009,983,18,0,965,954,86934,45,1,0,44,29
2020-07-09,US,South Carolina,Pickens,1072,6,0,34.88807695,-82.72791551,45077.0,844.8661769805493,0.5597014925373134,1066,1042,6,0,1036,1007,124937,30,0,0,30,35
2020-07-09,US,South Carolina,Richland,4470,93,0,34.01791263,-80.90267209,45079.0,1075.1420895278277,2.0805369127516777,4377,4344,92,0,4252,4273,414576,126,1,0,125,71
2020-07-09,US,South Carolina,Saluda,254,2,0,34.00795823,-81.72713237,45081.0,1240.658428173692,0.7874015748031497,252,249,2,0,247,240,20544,5,0,0,5,9
2020-07-09,US,South Carolina,Spartanburg,2158,58,0,34.92960077,-81.99225984,45083.0,674.8284003314727,2.687673772011121,2100,2083,57,0,2026,2009,313888,75,1,0,74,74
2020-07-09,US,South Carolina,Sumter,1305,27,0,33.91826534,-80.37942316,45085.0,1222.8146287984555,2.0689655172413794,1278,1256,27,0,1229,1248,106512,49,0,0,49,8
2020-07-09,US,South Carolina,Union,133,0,0,34.68835752,-81.61730349,45087.0,486.89412798359916,0.0,133,127,0,0,127,120,27410,6,0,0,6,7
2020-07-09,US,South Carolina,Williamsburg,465,15,0,33.62190129,-79.72767442,45089.0,1531.2170706006327,3.2258064516129035,450,459,15,0,444,445,30606,6,0,0,6,14
2020-07-09,US,South Carolina,York,1685,12,0,34.97281497,-81.18085944,45091.0,599.6889447254065,0.712166172106825,1673,1618,12,0,1606,1573,274118,67,0,0,67,45
2020-07-09,US,South Dakota,Aurora,34,0,0,43.71757685,-98.56050467,46003.0,1235.9142130134496,0.0,34,34,0,0,34,34,2801,0,0,0,0,0
2020-07-09,US,South Dakota,Beadle,551,7,0,44.41464384,-98.27858469,46005.0,2985.964341841435,1.2704174228675136,544,549,7,0,542,545,18883,2,0,0,2,4
2020-07-09,US,South Dakota,Bennett,4,0,0,43.19486375,-101.6665572,46007.0,118.87072808320951,0.0,4,4,0,0,4,4,3468,0,0,0,0,0
2020-07-09,US,South Dakota,Bon Homme,13,0,0,42.98914167,-97.88592746,46009.0,188.37849587016373,0.0,13,12,0,0,12,12,6980,1,0,0,1,0
2020-07-09,US,South Dakota,Brookings,86,0,0,44.36974375,-96.79079945,46011.0,245.1749009322348,0.0,86,86,0,0,86,83,35232,0,0,0,0,3
2020-07-09,US,South Dakota,Brown,352,2,0,45.58994323,-98.35165355,46013.0,906.305517649785,0.5681818181818182,350,350,2,0,348,350,39316,2,0,0,2,0
2020-07-09,US,South Dakota,Brule,33,0,0,43.71756379,-99.08118954,46015.0,622.9941476307342,0.0,33,30,0,0,30,29,5229,3,0,0,3,1
2020-07-09,US,South Dakota,Buffalo,84,3,0,44.07657829,-99.20814467,46017.0,4281.345565749236,3.571428571428572,81,79,3,0,76,77,2036,5,0,0,5,2
2020-07-09,US,South Dakota,Butte,1,0,0,44.90608745,-103.5079318,46019.0,9.588647041902387,0.0,1,1,0,0,1,,10222,0,0,0,0,
2020-07-09,US,South Dakota,Campbell,1,0,0,45.77074915,-100.0510181,46021.0,72.67441860465118,0.0,1,1,0,0,1,1,1377,0,0,0,0,0
2020-07-09,US,South Dakota,Charles Mix,96,0,0,43.20660134,-98.58856175,46023.0,1033.1467929401636,0.0,96,95,0,0,95,90,9338,1,0,0,1,5
2020-07-09,US,South Dakota,Clark,15,0,0,44.85834507,-97.72925109,46025.0,401.4989293361885,0.0,15,15,0,0,15,15,3739,0,0,0,0,0
2020-07-09,US,South Dakota,Clay,92,0,0,42.91296147,-96.97656917,46027.0,653.8734896943852,0.0,92,90,0,0,90,90,14041,2,0,0,2,0
2020-07-09,US,South Dakota,Codington,90,0,0,44.97788119,-97.18827677,46029.0,321.32528830018924,0.0,90,86,0,0,86,85,28015,4,0,0,4,1
2020-07-09,US,South Dakota,Corson,19,0,0,45.70889983,-101.1970473,46031.0,465.00244738130203,0.0,19,19,0,0,19,19,4165,0,0,0,0,0
2020-07-09,US,South Dakota,Custer,10,0,0,43.67741105,-103.45345209999999,46033.0,111.45786892554614,0.0,10,10,0,0,10,10,8726,0,0,0,0,0
2020-07-09,US,South Dakota,Davison,51,0,0,43.67490933,-98.14458906,46035.0,257.90139064475346,0.0,51,50,0,0,50,47,19790,1,0,0,1,3
2020-07-09,US,South Dakota,Day,19,0,0,45.367281,-97.60737498,46037.0,350.29498525073745,0.0,19,19,0,0,19,19,5505,0,0,0,0,0
2020-07-09,US,South Dakota,Deuel,4,0,0,44.75994309,-96.66943645,46039.0,91.93288899103656,0.0,4,4,0,0,4,4,4337,0,0,0,0,0
2020-07-09,US,South Dakota,Dewey,27,0,0,45.15639647,-100.8709139,46041.0,458.2484725050916,0.0,27,12,0,0,12,9,5904,15,0,0,15,3
2020-07-09,US,South Dakota,Douglas,10,0,0,43.38520741,-98.36978007,46043.0,342.3485107839781,0.0,10,10,0,0,10,10,2935,0,0,0,0,0
2020-07-09,US,South Dakota,Edmunds,8,0,0,45.41846445,-99.21545423,46045.0,208.9318359885088,0.0,8,8,0,0,8,8,3875,0,0,0,0,0
2020-07-09,US,South Dakota,Fall River,13,0,0,43.23929297,-103.5275691,46047.0,193.65410397735738,0.0,13,13,0,0,13,12,6758,0,0,0,0,1
2020-07-09,US,South Dakota,Faulk,23,1,0,45.07082625,-99.14535601,46049.0,1000.4349717268376,4.3478260869565215,22,23,1,0,22,23,2330,0,0,0,0,0
2020-07-09,US,South Dakota,Grant,16,0,0,45.1723937,-96.77002276,46051.0,226.88598979013042,0.0,16,14,0,0,14,14,7147,2,0,0,2,0
2020-07-09,US,South Dakota,Gregory,5,0,0,43.19419064,-99.18883902,46053.0,119.47431302270012,0.0,5,4,0,0,4,4,4212,1,0,0,1,0
2020-07-09,US,South Dakota,Haakon,1,0,0,44.29299053,-101.539099,46055.0,52.6592943654555,0.0,1,1,0,0,1,1,1918,0,0,0,0,0
2020-07-09,US,South Dakota,Hamlin,13,0,0,44.67385954,-97.18829593,46057.0,210.90201168072682,0.0,13,13,0,0,13,13,6111,0,0,0,0,0
2020-07-09,US,South Dakota,Hand,7,0,0,44.54708407,-99.00386459,46059.0,219.36696960200558,0.0,7,7,0,0,7,7,3262,0,0,0,0,0
2020-07-09,US,South Dakota,Hanson,13,0,0,43.6746384,-97.78715148,46061.0,376.4842166232262,0.0,13,12,0,0,12,12,3376,1,0,0,1,0
2020-07-09,US,South Dakota,Hughes,68,0,0,44.39091534,-99.99661148,46065.0,387.9949788885085,0.0,68,66,0,0,66,65,17650,2,0,0,2,1
2020-07-09,US,South Dakota,Hutchinson,15,0,0,43.33449012,-97.75536441,46067.0,205.73309559731172,0.0,15,15,0,0,15,15,7380,0,0,0,0,0
2020-07-09,US,South Dakota,Hyde,3,0,0,44.54747703,-99.48572582,46069.0,230.59185242121444,0.0,3,3,0,0,3,3,1282,0,0,0,0,0
2020-07-09,US,South Dakota,Jackson,6,1,0,43.69318385,-101.6255063,46071.0,179.42583732057415,16.666666666666668,5,6,1,0,5,6,3307,0,0,0,0,0
2020-07-09,US,South Dakota,Jerauld,39,1,0,44.06637798,-98.62965972,46073.0,1937.4068554396426,2.5641025641025643,38,39,1,0,38,39,2043,0,0,0,0,0
2020-07-09,US,South Dakota,Jones,1,0,0,43.96278565,-100.6940008,46075.0,110.74197120708747,0.0,1,1,0,0,1,,928,0,0,0,0,
2020-07-09,US,South Dakota,Kingsbury,6,0,0,44.36956169,-97.4913945,46077.0,121.48208139299452,0.0,6,6,0,0,6,6,4919,0,0,0,0,0
2020-07-09,US,South Dakota,Lake,23,1,0,44.02193107,-97.12926365,46079.0,179.72962413065562,4.3478260869565215,22,22,1,0,21,22,13057,1,0,0,1,0
2020-07-09,US,South Dakota,Lawrence,19,0,0,44.35919441,-103.79294279999999,46081.0,73.51803126451014,0.0,19,19,0,0,19,19,25741,0,0,0,0,0
2020-07-09,US,South Dakota,Lincoln,381,1,0,43.27841182,-96.72039050000001,46083.0,623.2822928936004,0.2624671916010499,380,376,1,0,375,371,58807,5,0,0,5,5
2020-07-09,US,South Dakota,Lyman,80,1,0,43.89522709,-99.85201878,46085.0,2115.842369743454,1.25,79,75,1,0,74,72,3821,5,0,0,5,3
2020-07-09,US,South Dakota,Marshall,5,0,0,45.75870838,-97.59855639,46091.0,101.31712259371834,0.0,5,5,0,0,5,5,5112,0,0,0,0,0
2020-07-09,US,South Dakota,McCook,15,1,0,43.6742571,-97.36863144,46087.0,268.5284640171858,6.666666666666668,14,14,1,0,13,14,5546,1,0,0,1,0
2020-07-09,US,South Dakota,McPherson,5,0,0,45.76626028,-99.22118798,46089.0,210.17234131988232,0.0,5,5,0,0,5,5,2407,0,0,0,0,0
2020-07-09,US,South Dakota,Meade,53,1,0,44.56676791,-102.71627409999999,46093.0,187.0676267118453,1.8867924528301887,52,53,1,0,52,52,28294,0,0,0,0,1
2020-07-09,US,South Dakota,Mellette,6,0,0,43.58078848,-100.7563186,46095.0,291.12081513828235,0.0,6,6,0,0,6,6,2042,0,0,0,0,0
2020-07-09,US,South Dakota,Miner,10,0,0,44.02197882,-97.60992207,46097.0,451.2635379061372,0.0,10,10,0,0,10,10,2213,0,0,0,0,0
2020-07-09,US,South Dakota,Minnehaha,3723,59,0,43.67441641,-96.7910885,46099.0,1927.6771567926933,1.5847434864356702,3664,3706,59,0,3647,3685,192876,17,0,0,17,21
2020-07-09,US,South Dakota,Moody,23,0,0,44.02266214,-96.67081159,46101.0,349.7566909975669,0.0,23,23,0,0,23,23,6579,0,0,0,0,0
2020-07-09,US,South Dakota,Oglala Lakota,108,0,0,43.33749164,-102.55554980000001,46102.0,761.7972772801015,0.0,108,103,0,0,103,100,14309,5,0,0,5,3
2020-07-09,US,South Dakota,Pennington,616,18,0,44.0025835,-102.8240777,46103.0,541.4194682487365,2.9220779220779223,598,606,17,0,589,590,111729,10,1,0,9,16
2020-07-09,US,South Dakota,Roberts,53,0,0,45.62975048,-96.94672673,46109.0,509.909563209544,0.0,53,52,0,0,52,52,10447,1,0,0,1,0
2020-07-09,US,South Dakota,Sanborn,12,0,0,44.02351092,-98.09098159999999,46111.0,511.9453924914676,0.0,12,12,0,0,12,12,2429,0,0,0,0,0
2020-07-09,US,South Dakota,Spink,12,0,0,44.93837606,-98.34626602,46115.0,188.20577164366367,0.0,12,12,0,0,12,12,6495,0,0,0,0,0
2020-07-09,US,South Dakota,Stanley,14,0,0,44.41381872,-100.7349153,46117.0,451.9044544867656,0.0,14,14,0,0,14,14,3022,0,0,0,0,0
2020-07-09,US,South Dakota,Sully,1,0,0,44.71571812,-100.1278092,46119.0,71.89072609633357,0.0,1,1,0,0,1,1,1392,0,0,0,0,0
2020-07-09,US,South Dakota,Todd,61,2,0,43.19338568,-100.71955030000001,46121.0,599.3907831384495,3.278688524590164,59,59,1,0,58,57,10283,2,1,0,1,2
2020-07-09,US,South Dakota,Tripp,18,0,0,43.34459388,-99.8854891,46123.0,330.8215401580592,0.0,18,18,0,0,18,18,5478,0,0,0,0,0
2020-07-09,US,South Dakota,Turner,28,0,0,43.3109081,-97.14865776,46125.0,333.96946564885496,0.0,28,27,0,0,27,27,8424,1,0,0,1,0
2020-07-09,US,South Dakota,Union,140,1,0,42.83112163,-96.6557828,46127.0,878.7346221441124,0.7142857142857143,139,138,1,0,137,137,15619,2,0,0,2,1
2020-07-09,US,South Dakota,Walworth,16,0,0,45.43019636,-100.03075140000001,46129.0,294.3882244710212,0.0,16,16,0,0,16,15,5587,0,0,0,0,1
2020-07-09,US,South Dakota,Yankton,83,1,0,43.00924485,-97.39467635,46135.0,363.8116945735076,1.2048192771084338,82,82,0,0,82,82,22869,1,1,0,0,0
2020-07-09,US,South Dakota,Ziebach,2,0,0,44.97881876,-101.6654622,46137.0,72.5689404934688,0.0,2,1,0,0,1,1,2742,1,0,0,1,0
2020-07-09,US,Tennessee,Anderson,178,2,0,36.12684348,-84.19965764,47001.0,231.23489828262612,1.1235955056179776,176,166,2,0,164,143,76482,12,0,0,12,23
2020-07-09,US,Tennessee,Bedford,595,9,0,35.51123746,-86.45549096,47003.0,1196.870033995132,1.512605042016807,586,589,8,0,581,584,49038,6,1,0,5,5
2020-07-09,US,Tennessee,Benton,15,1,0,36.07110411,-88.06849355,47005.0,92.82178217821782,6.666666666666668,14,13,1,0,12,13,16184,2,0,0,2,0
2020-07-09,US,Tennessee,Bledsoe,625,1,0,35.59942968,-85.20611967,47007.0,4148.964418481147,0.16,624,624,1,0,623,623,14755,1,0,0,1,1
2020-07-09,US,Tennessee,Blount,280,3,0,35.68938198,-83.92847788,47009.0,210.38711228660736,1.0714285714285714,277,272,3,0,269,262,131349,8,0,0,8,10
2020-07-09,US,Tennessee,Bradley,889,4,0,35.15739424,-84.857186,47011.0,822.3106095643326,0.4499437570303712,885,874,4,0,870,773,106727,15,0,0,15,101
2020-07-09,US,Tennessee,Campbell,65,1,0,36.40355516,-84.15108559999999,47013.0,163.14442046082024,1.5384615384615383,64,62,1,0,61,54,39583,3,0,0,3,8
2020-07-09,US,Tennessee,Cannon,45,0,0,35.80990797,-86.05738983,47015.0,306.5812781032838,0.0,45,41,0,0,41,37,14462,4,0,0,4,4
2020-07-09,US,Tennessee,Carroll,51,1,0,35.97366108,-88.45189331,47017.0,183.67126445060688,1.96078431372549,50,49,1,0,48,49,28020,2,0,0,2,0
2020-07-09,US,Tennessee,Carter,77,1,0,36.28969086,-82.12588974,47019.0,136.54661204802184,1.2987012987012987,76,75,1,0,74,70,56351,2,0,0,2,5
2020-07-09,US,Tennessee,Cheatham,252,2,0,36.26136216,-87.08903581,47021.0,619.6670519094106,0.7936507936507936,250,243,2,0,241,236,40439,9,0,0,9,7
2020-07-09,US,Tennessee,Chester,53,0,0,35.42527478,-88.6095842,47023.0,306.41151644793894,0.0,53,48,0,0,48,37,17276,5,0,0,5,11
2020-07-09,US,Tennessee,Claiborne,61,0,0,36.48319149,-83.65947309,47025.0,190.86955161300412,0.0,61,59,0,0,59,53,31756,2,0,0,2,6
2020-07-09,US,Tennessee,Clay,18,0,0,36.55151008,-85.53930419,47027.0,236.37557452396587,0.0,18,18,0,0,18,19,7717,0,0,0,0,-1
2020-07-09,US,Tennessee,Cocke,126,0,0,35.9278914,-83.11828725,47029.0,349.96111543161874,0.0,126,116,0,0,116,105,35774,10,0,0,10,11
2020-07-09,US,Tennessee,Coffee,134,0,0,35.49090731,-86.07311784,47031.0,237.0842179759377,0.0,134,132,0,0,132,125,55700,2,0,0,2,7
2020-07-09,US,Tennessee,Crockett,48,3,0,35.81830662,-89.14916269,47033.0,337.31553056922,6.25,45,44,3,0,41,40,14328,4,0,0,4,4
2020-07-09,US,Tennessee,Cumberland,196,4,0,35.95271721,-84.99840585,47035.0,323.8598810310641,2.0408163265306123,192,193,4,0,189,188,59673,3,0,0,3,5
2020-07-09,US,Tennessee,Davidson,12549,138,0,36.17007426,-86.78646056,47037.0,1807.8381430942288,1.0996892182644036,12411,12234,132,0,12102,11599,692587,315,6,0,309,635
2020-07-09,US,Tennessee,DeKalb,76,0,0,35.97616272,-85.83689361,47041.0,370.9126403123475,0.0,76,70,0,0,70,70,20138,6,0,0,6,0
2020-07-09,US,Tennessee,Decatur,28,0,0,35.60048904,-88.11043779,47039.0,240.07545228500385,0.0,28,24,0,0,24,22,11706,4,0,0,4,2
2020-07-09,US,Tennessee,Dickson,243,0,0,36.14669837,-87.35891709,47043.0,450.4337510195003,0.0,243,231,0,0,231,219,53446,12,0,0,12,12
2020-07-09,US,Tennessee,Dyer,274,3,0,36.05931946,-89.41542855,47045.0,737.3718345488307,1.094890510948905,271,270,3,0,267,261,37320,4,0,0,4,9
2020-07-09,US,Tennessee,Fayette,346,3,0,35.19615831,-89.41399032,47047.0,841.1737534339827,0.8670520231213873,343,344,3,0,341,328,40507,2,0,0,2,16
2020-07-09,US,Tennessee,Fentress,25,0,0,36.38128818,-84.92870012,47049.0,134.96733790422718,0.0,25,25,0,0,25,24,18217,0,0,0,0,1
2020-07-09,US,Tennessee,Franklin,104,3,0,35.15634626,-86.09201039,47051.0,246.39878695981804,2.8846153846153846,101,101,3,0,98,90,41890,3,0,0,3,11
2020-07-09,US,Tennessee,Gibson,158,1,0,35.99438059,-88.93358327,47053.0,321.57613009586225,0.6329113924050633,157,147,1,0,146,133,49045,11,0,0,11,14
2020-07-09,US,Tennessee,Giles,80,1,0,35.20222469,-87.03992678,47055.0,271.5177844148792,1.25,79,77,1,0,76,70,29503,3,0,0,3,7
2020-07-09,US,Tennessee,Grainger,50,0,0,36.27469206,-83.51254721,47057.0,214.4082332761578,0.0,50,48,0,0,48,47,23145,2,0,0,2,1
2020-07-09,US,Tennessee,Greene,123,2,0,36.17470125,-82.84691273,47059.0,178.082786778439,1.6260162601626016,121,122,2,0,120,117,69087,1,0,0,1,5
2020-07-09,US,Tennessee,Grundy,65,2,0,35.38433717,-85.72142731,47061.0,484.09920309823485,3.0769230769230766,63,65,2,0,63,63,13346,0,0,0,0,2
2020-07-09,US,Tennessee,Hamblen,422,4,0,36.21990035,-83.26586179,47063.0,649.8906582067947,0.9478672985781992,418,397,4,0,393,374,64569,25,0,0,25,23
2020-07-09,US,Tennessee,Hamilton,3088,37,0,35.17670231,-85.16652245,47065.0,839.5776011136368,1.1981865284974094,3051,3007,36,0,2971,2867,364286,81,1,0,80,140
2020-07-09,US,Tennessee,Hancock,10,0,0,36.52692871,-83.22375847,47067.0,151.0574018126888,0.0,10,9,0,0,9,8,6549,1,0,0,1,1
2020-07-09,US,Tennessee,Hardeman,381,4,0,35.20772017,-88.99161161,47069.0,1520.9580838323354,1.0498687664041997,377,374,4,0,370,357,25220,7,0,0,7,17
2020-07-09,US,Tennessee,Hardin,120,7,0,35.19732531,-88.18593755,47071.0,467.7997816934352,5.833333333333332,113,119,7,0,112,115,25776,1,0,0,1,4
2020-07-09,US,Tennessee,Hawkins,79,2,0,36.44355426,-82.94885298,47073.0,139.11879688655654,2.5316455696202533,77,66,2,0,64,64,56530,13,0,0,13,2
2020-07-09,US,Tennessee,Haywood,111,2,0,35.58332824,-89.28536625,47075.0,641.4701803051317,1.8018018018018016,109,108,2,0,106,96,17335,3,0,0,3,12
2020-07-09,US,Tennessee,Henderson,62,0,0,35.65581134,-88.38600175,47077.0,220.5071664829107,0.0,62,56,0,0,56,48,27847,6,0,0,6,8
2020-07-09,US,Tennessee,Henry,48,0,0,36.33160906,-88.30121797,47079.0,148.40006183335908,0.0,48,47,0,0,47,45,32358,1,0,0,1,2
2020-07-09,US,Tennessee,Hickman,98,0,0,35.80609681,-87.47643507,47081.0,389.22869171498917,0.0,98,95,0,0,95,88,25063,3,0,0,3,7
2020-07-09,US,Tennessee,Houston,19,0,0,36.28872054,-87.71878828,47083.0,231.67906352883801,0.0,19,16,0,0,16,15,8263,3,0,0,3,1
2020-07-09,US,Tennessee,Humphreys,38,2,0,36.03958805,-87.77992872,47085.0,204.49897750511246,5.2631578947368425,36,35,2,0,33,35,18486,3,0,0,3,0
2020-07-09,US,Tennessee,Jackson,41,0,0,36.36380466,-85.67239905,47087.0,347.87035465806883,0.0,41,33,0,0,33,30,11758,8,0,0,8,3
2020-07-09,US,Tennessee,Jefferson,157,1,0,36.04818632,-83.45148924,47089.0,288.09982567208,0.6369426751592356,156,148,1,0,147,147,54012,9,0,0,9,1
2020-07-09,US,Tennessee,Johnson,44,0,0,36.45523950000001,-81.84886538,47091.0,247.35776928266247,0.0,44,44,0,0,44,45,17778,0,0,0,0,-1
2020-07-09,US,Tennessee,Knox,1471,9,0,35.99508821,-83.94635435,47093.0,312.7704316061857,0.6118286879673691,1462,1392,9,0,1383,1309,465289,79,0,0,79,83
2020-07-09,US,Tennessee,Lake,697,0,0,36.34180170000001,-89.48921915,47095.0,9934.43557582668,0.0,697,696,0,0,696,694,7411,1,0,0,1,2
2020-07-09,US,Tennessee,Lauderdale,172,3,0,35.75893438,-89.63015909999999,47097.0,671.0100261381813,1.7441860465116281,169,164,3,0,161,154,25825,8,0,0,8,10
2020-07-09,US,Tennessee,Lawrence,202,6,0,35.21675201,-87.39787695,47099.0,457.6140637035023,2.9702970297029703,196,192,6,0,186,172,43734,10,0,0,10,20
2020-07-09,US,Tennessee,Lewis,10,0,0,35.52853208,-87.49022694,47101.0,81.51287903488752,0.0,10,7,0,0,7,6,12086,3,0,0,3,1
2020-07-09,US,Tennessee,Lincoln,80,0,0,35.13738622,-86.58910106,47103.0,232.7882209160217,0.0,80,78,0,0,78,68,34117,2,0,0,2,10
2020-07-09,US,Tennessee,Loudon,308,1,0,35.73939663,-84.31145275,47105.0,569.6530295183843,0.3246753246753247,307,302,1,0,301,293,53054,6,0,0,6,9
2020-07-09,US,Tennessee,Macon,546,6,0,36.53157855,-86.00778595,47111.0,2219.3317616453946,1.0989010989010992,540,511,4,0,507,500,24265,35,2,0,33,11
2020-07-09,US,Tennessee,Madison,340,2,0,35.61181957,-88.84076036,47113.0,346.9954278249511,0.5882352941176471,338,339,2,0,337,318,97605,1,0,0,1,21
2020-07-09,US,Tennessee,Marion,90,4,0,35.12997174,-85.62265895,47115.0,311.3432732556128,4.4444444444444455,86,87,4,0,83,79,28575,3,0,0,3,8
2020-07-09,US,Tennessee,Marshall,104,2,0,35.45798777,-86.76420988,47117.0,302.54545454545456,1.9230769230769231,102,101,1,0,100,98,33683,3,1,0,2,3
2020-07-09,US,Tennessee,Maury,420,3,0,35.618741299999996,-87.07462444,47119.0,435.74340938093314,0.7142857142857143,417,406,3,0,403,379,94340,14,0,0,14,27
2020-07-09,US,Tennessee,McMinn,257,18,0,35.42812616,-84.61520715,47107.0,477.74844778228055,7.003891050583657,239,255,18,0,237,243,53285,2,0,0,2,12
2020-07-09,US,Tennessee,McNairy,91,1,0,35.17468549,-88.5647812,47109.0,354.16828831633836,1.0989010989010992,90,84,1,0,83,76,25832,7,0,0,7,8
2020-07-09,US,Tennessee,Meigs,35,0,0,35.51558739,-84.81482914,47121.0,281.75817098695865,0.0,35,34,0,0,34,32,12306,1,0,0,1,2
2020-07-09,US,Tennessee,Monroe,146,6,0,35.44550387,-84.24902965,47123.0,313.6749382318186,4.109589041095891,140,141,6,0,135,140,46357,5,0,0,5,1
2020-07-09,US,Tennessee,Montgomery,658,7,0,36.49609412,-87.38550661,47125.0,314.84308086873716,1.0638297872340423,651,620,7,0,613,587,205950,38,0,0,38,33
2020-07-09,US,Tennessee,Moore,17,0,0,35.27724699,-86.36230578,47127.0,262.0221948212084,0.0,17,17,0,0,17,15,6411,0,0,0,0,2
2020-07-09,US,Tennessee,Morgan,29,1,0,36.13248031,-84.64880098,47129.0,135.49502406204738,3.4482758620689653,28,29,1,0,28,28,21579,0,0,0,0,1
2020-07-09,US,Tennessee,Obion,118,2,0,36.35732446,-89.14921589,47131.0,392.4307426252952,1.6949152542372878,116,117,2,0,115,117,30267,1,0,0,1,0
2020-07-09,US,Tennessee,Out of TN,1256,10,0,0.0,0.0,80047.0,0.0,0.7961783439490446,1246,1230,7,0,1223,1095,,26,3,0,23,135
2020-07-09,US,Tennessee,Overton,68,1,0,36.34117832,-85.28989535,47133.0,305.74164830718036,1.4705882352941178,67,67,1,0,66,65,22068,1,0,0,1,2
2020-07-09,US,Tennessee,Perry,35,0,0,35.63708728,-87.86139634,47135.0,433.38286280336797,0.0,35,35,0,0,35,35,8064,0,0,0,0,0
2020-07-09,US,Tennessee,Pickett,7,0,0,36.55606529,-85.07763299999998,47137.0,138.66877971473852,0.0,7,6,0,0,6,6,5082,1,0,0,1,0
2020-07-09,US,Tennessee,Polk,51,0,0,35.12245443,-84.52075859,47139.0,302.99429657794684,0.0,51,48,0,0,48,46,16898,3,0,0,3,2
2020-07-09,US,Tennessee,Putnam,989,7,0,36.14005459,-85.50646123,47141.0,1232.4755436475791,0.7077856420626896,982,926,7,0,919,919,78843,63,0,0,63,7
2020-07-09,US,Tennessee,Rhea,294,0,0,35.60536161,-84.93076643,47143.0,886.4232520276178,0.0,294,293,0,0,293,289,33044,1,0,0,1,4
2020-07-09,US,Tennessee,Roane,75,0,0,35.84923189,-84.52458689,47145.0,140.49679667303585,0.0,75,71,0,0,71,64,53140,4,0,0,4,7
2020-07-09,US,Tennessee,Robertson,882,13,0,36.52454807,-86.87346725,47147.0,1228.1898820547813,1.473922902494331,869,875,11,0,864,855,71012,7,2,0,5,20
2020-07-09,US,Tennessee,Rutherford,3326,38,0,35.84591405,-86.4107263,47149.0,1000.9479814015076,1.1425135297654843,3288,3234,37,0,3197,3111,324890,92,1,0,91,123
2020-07-09,US,Tennessee,Scott,22,0,0,36.42325673,-84.50360494,47151.0,99.69186151894144,0.0,22,21,0,0,21,18,22039,1,0,0,1,3
2020-07-09,US,Tennessee,Sequatchie,43,0,0,35.36979721,-85.41022136,47153.0,286.17063756155994,0.0,43,42,0,0,42,42,14876,1,0,0,1,0
2020-07-09,US,Tennessee,Sevier,863,3,0,35.78077323,-83.52244332,47155.0,878.3715012722646,0.3476245654692932,860,857,3,0,854,857,97892,6,0,0,6,0
2020-07-09,US,Tennessee,Shelby,12842,214,0,35.1864775,-89.89692423,47157.0,1370.301526090362,1.6664071016975548,12628,12549,208,0,12341,12176,935764,293,6,0,287,373
2020-07-09,US,Tennessee,Smith,139,2,0,36.25359775,-85.95411046,47159.0,689.5867440591358,1.4388489208633093,137,136,2,0,134,124,19942,3,0,0,3,12
2020-07-09,US,Tennessee,Stewart,26,0,0,36.50235092,-87.83920548,47161.0,189.5734597156398,0.0,26,25,0,0,25,24,13561,1,0,0,1,1
2020-07-09,US,Tennessee,Sullivan,178,2,0,36.51240691,-82.30412917,47163.0,112.41063985651856,1.1235955056179776,176,159,2,0,157,141,157668,19,0,0,19,18
2020-07-09,US,Tennessee,Sumner,1802,56,0,36.46824103,-86.45917204,47165.0,942.0596707496223,3.107658157602664,1746,1727,55,0,1672,1670,187149,75,1,0,74,57
2020-07-09,US,Tennessee,Tipton,674,6,0,35.501942,-89.73694895,47167.0,1094.1736067143947,0.8902077151335311,668,662,5,0,657,653,61581,12,1,0,11,9
2020-07-09,US,Tennessee,Trousdale,1505,5,0,36.39026213,-86.16087954,47169.0,13337.468982630271,0.3322259136212625,1500,1503,5,0,1498,1503,11012,2,0,0,2,0
2020-07-09,US,Tennessee,Unassigned,837,2,0,0.0,0.0,90047.0,0.0,0.23894862604540024,835,830,2,0,828,731,,7,0,0,7,99
2020-07-09,US,Tennessee,Unicoi,56,0,0,36.10890856,-82.43709629,47171.0,313.1465637756528,0.0,56,56,0,0,56,55,17761,0,0,0,0,1
2020-07-09,US,Tennessee,Union,20,0,0,36.28590426,-83.83651902,47173.0,100.1401962747847,0.0,20,19,0,0,19,19,19688,1,0,0,1,0
2020-07-09,US,Tennessee,Van Buren,7,0,0,35.69864497,-85.45221699,47175.0,119.2098092643052,0.0,7,7,0,0,7,7,5765,0,0,0,0,0
2020-07-09,US,Tennessee,Warren,106,0,0,35.672829899999996,-85.77969117,47177.0,256.80160864403905,0.0,106,100,0,0,100,81,40878,6,0,0,6,19
2020-07-09,US,Tennessee,Washington,212,0,0,36.29472368,-82.49454720000001,47179.0,163.8647342995169,0.0,212,197,0,0,197,182,128607,15,0,0,15,15
2020-07-09,US,Tennessee,Wayne,99,0,0,35.23868267,-87.78644456,47181.0,593.7743657410184,0.0,99,90,0,0,90,89,16558,9,0,0,9,1
2020-07-09,US,Tennessee,Weakley,69,1,0,36.29896232,-88.71990865,47183.0,207.033125300048,1.4492753623188406,68,67,1,0,66,66,33415,2,0,0,2,1
2020-07-09,US,Tennessee,White,80,3,0,35.92929884,-85.45591799,47185.0,292.55805448893767,3.75,77,77,3,0,74,76,27107,3,0,0,3,1
2020-07-09,US,Tennessee,Williamson,1591,15,0,35.89099229,-86.89281867,47187.0,667.3321812660438,0.9428032683846638,1576,1515,15,0,1500,1420,231729,76,0,0,76,95
2020-07-09,US,Tennessee,Wilson,1099,17,0,36.15496772,-86.29775884,47189.0,759.728184602197,1.5468607825295724,1082,1060,17,0,1043,999,140625,39,0,0,39,61
2020-07-09,US,Texas,Anderson,1533,3,0,31.81534745,-95.65354823,48001.0,2655.235126006755,0.19569471624266144,1530,1152,3,0,1149,1108,58057,381,0,0,381,44
2020-07-09,US,Texas,Andrews,132,2,0,32.30468633,-102.63765479999999,48003.0,705.6936647955092,1.5151515151515151,130,120,2,0,118,103,18128,12,0,0,12,17
2020-07-09,US,Texas,Angelina,645,9,0,31.25457347,-94.60901487,48005.0,743.8159487977858,1.3953488372093024,636,610,9,0,601,610,87092,35,0,0,35,0
2020-07-09,US,Texas,Aransas,49,0,0,28.10556197,-96.9995047,48007.0,208.42194810718846,0.0,49,46,0,0,46,44,23792,3,0,0,3,2
2020-07-09,US,Texas,Archer,11,0,0,33.61569967,-98.68754589,48009.0,128.6098444990062,0.0,11,11,0,0,11,10,8786,0,0,0,0,1
2020-07-09,US,Texas,Armstrong,3,0,0,34.96507426,-101.35748740000001,48011.0,158.9825119236884,0.0,3,3,0,0,3,3,1892,0,0,0,0,0
2020-07-09,US,Texas,Atascosa,188,2,0,28.89333001,-98.52730485,48013.0,367.5248763513382,1.0638297872340423,186,152,2,0,150,148,50310,36,0,0,36,4
2020-07-09,US,Texas,Austin,117,0,0,29.88548725,-96.27736949,48015.0,389.58444326052216,0.0,117,105,0,0,105,100,29989,12,0,0,12,5
2020-07-09,US,Texas,Bailey,111,1,0,34.06854817,-102.8299707,48017.0,1585.7142857142858,0.9009009009009008,110,109,1,0,108,108,7027,2,0,0,2,1
2020-07-09,US,Texas,Bandera,33,0,0,29.74619598,-99.24598147,48019.0,142.7829698857736,0.0,33,27,0,0,27,27,22824,6,0,0,6,0
2020-07-09,US,Texas,Bastrop,659,8,0,30.10370699,-97.31206354,48021.0,742.7611780485333,1.2139605462822458,651,619,7,0,612,522,86976,40,1,0,39,97
2020-07-09,US,Texas,Baylor,1,0,0,33.61640794,-99.21352901,48023.0,28.498147620404676,0.0,1,1,0,0,1,1,3582,0,0,0,0,0
2020-07-09,US,Texas,Bee,135,0,0,28.41761668,-97.74215593,48025.0,414.55550437586373,0.0,135,98,0,0,98,91,32587,37,0,0,37,7
2020-07-09,US,Texas,Bell,1852,13,0,31.03736027,-97.4785025,48027.0,510.2996770673751,0.7019438444924406,1839,1734,13,0,1721,1626,355642,118,0,0,118,108
2020-07-09,US,Texas,Bexar,17679,165,0,29.44928723,-98.52019748,48029.0,882.3820071732532,0.9333107076192092,17514,16725,146,0,16579,15880,1986049,954,19,0,935,845
2020-07-09,US,Texas,Blanco,50,1,0,30.26640707,-98.3999852,48031.0,419.0763557120108,2.0,49,49,1,0,48,31,11702,1,0,0,1,18
2020-07-09,US,Texas,Bosque,36,0,0,31.89978581,-97.63613524,48035.0,192.66791544019267,0.0,36,33,0,0,33,18,18691,3,0,0,3,15
2020-07-09,US,Texas,Bowie,471,15,0,33.44626922,-94.41834132,48037.0,505.1209180116896,3.1847133757961785,456,467,15,0,452,462,94324,4,0,0,4,5
2020-07-09,US,Texas,Brazoria,3146,24,0,29.18757369,-95.44563172,48039.0,840.5831177992004,0.7628734901462174,3122,3036,23,0,3013,2925,370200,110,1,0,109,111
2020-07-09,US,Texas,Brazos,2704,34,0,30.663644800000004,-96.30205577,48041.0,1179.6990545828953,1.257396449704142,2670,2626,34,0,2592,2532,226758,78,0,0,78,94
2020-07-09,US,Texas,Brewster,148,1,0,29.81008251,-103.25203259999999,48043.0,1608.171248505922,0.6756756756756757,147,147,1,0,146,146,9267,1,0,0,1,1
2020-07-09,US,Texas,Briscoe,9,0,0,34.53026962,-101.2084947,48045.0,582.1474773609315,0.0,9,8,0,0,8,8,1516,1,0,0,1,0
2020-07-09,US,Texas,Brooks,29,0,0,27.03103197,-98.21808402,48047.0,408.8537995206542,0.0,29,18,0,0,18,11,7114,11,0,0,11,7
2020-07-09,US,Texas,Brown,156,13,0,31.77430356,-98.99907113,48049.0,412.00084512993874,8.333333333333334,143,117,13,0,104,99,37924,39,0,0,39,18
2020-07-09,US,Texas,Burleson,131,0,0,30.49273808,-96.62158484,48051.0,710.2965894919481,0.0,131,120,0,0,120,93,18389,11,0,0,11,27
2020-07-09,US,Texas,Burnet,215,3,0,30.78801353,-98.181887,48053.0,446.4749247222511,1.3953488372093024,212,203,3,0,200,181,47542,12,0,0,12,22
2020-07-09,US,Texas,Caldwell,580,4,0,29.83668859,-97.61814775,48055.0,1328.3253939171855,0.6896551724137931,576,539,3,0,536,449,43247,41,1,0,40,90
2020-07-09,US,Texas,Calhoun,126,3,0,28.47048236,-96.61633945,48057.0,591.8271488961954,2.380952380952381,123,113,3,0,110,110,21561,13,0,0,13,3
2020-07-09,US,Texas,Callahan,25,2,0,32.29760619,-99.37326312,48059.0,179.3014415835903,8.0,23,25,2,0,23,24,13994,0,0,0,0,1
2020-07-09,US,Texas,Cameron,3246,71,0,26.14524221,-97.48140372,48061.0,767.0802976630756,2.1873074553296363,3175,2997,70,0,2927,2880,423908,249,1,0,248,117
2020-07-09,US,Texas,Camp,130,2,0,32.97195142,-94.97790104,48063.0,992.8211394531846,1.5384615384615383,128,128,2,0,126,126,13033,2,0,0,2,2
2020-07-09,US,Texas,Carson,10,0,0,35.40365929,-101.35426690000001,48065.0,168.74789065136684,0.0,10,7,0,0,7,7,6005,3,0,0,3,0
2020-07-09,US,Texas,Cass,52,2,0,33.07499881,-94.34646905,48067.0,173.18324119096783,3.8461538461538463,50,52,2,0,50,50,30119,0,0,0,0,2
2020-07-09,US,Texas,Castro,110,1,0,34.53016752,-102.2617243,48069.0,1460.8233731739706,0.9090909090909092,109,107,1,0,106,108,7665,3,0,0,3,-1
2020-07-09,US,Texas,Chambers,469,2,0,29.70972016,-94.67154501,48071.0,1069.8724821497822,0.4264392324093816,467,454,2,0,452,454,42454,15,0,0,15,0
2020-07-09,US,Texas,Cherokee,286,2,0,31.837258000000002,-95.16559897,48073.0,543.2511491851233,0.6993006993006993,284,270,2,0,268,250,52592,16,0,0,16,20
2020-07-09,US,Texas,Childress,7,0,0,34.529304100000004,-100.2077916,48075.0,95.81166164796059,0.0,7,7,0,0,7,7,7291,0,0,0,0,0
2020-07-09,US,Texas,Clay,13,0,0,33.78686685,-98.20771198,48077.0,124.15242097220896,0.0,13,13,0,0,13,9,10456,0,0,0,0,4
2020-07-09,US,Texas,Cochran,5,0,0,33.60425307,-102.82844990000001,48079.0,175.2541184717841,0.0,5,4,0,0,4,3,2836,1,0,0,1,1
2020-07-09,US,Texas,Coke,5,1,0,31.88911733,-100.5297533,48081.0,147.62326542663124,20.0,4,5,1,0,4,5,3370,0,0,0,0,0
2020-07-09,US,Texas,Coleman,4,0,0,31.76736834,-99.45240766,48083.0,48.92966360856269,0.0,4,4,0,0,4,3,8397,0,0,0,0,1
2020-07-09,US,Texas,Collin,3948,53,0,33.18820114,-96.57264368,48085.0,381.5488098344496,1.342451874366768,3895,3825,50,0,3775,3707,1005146,123,3,0,120,118
2020-07-09,US,Texas,Collingsworth,6,0,0,34.96489496,-100.27001109999999,48087.0,205.4794520547945,0.0,6,6,0,0,6,6,2962,0,0,0,0,0
2020-07-09,US,Texas,Colorado,143,0,0,29.622097999999998,-96.5273805,48089.0,665.3328990834225,0.0,143,111,0,0,111,109,21217,32,0,0,32,2
2020-07-09,US,Texas,Comal,825,15,0,29.80811278,-98.27647225,48091.0,528.1385835643273,1.818181818181818,810,750,9,0,741,750,148373,75,6,0,69,0
2020-07-09,US,Texas,Comanche,85,2,0,31.94854689,-98.55876441,48093.0,623.3956729006234,2.3529411764705883,83,75,2,0,73,41,13534,10,0,0,10,34
2020-07-09,US,Texas,Concho,13,0,0,31.32635934,-99.86473038,48095.0,476.88921496698464,0.0,13,11,0,0,11,11,4276,2,0,0,2,0
2020-07-09,US,Texas,Cooke,83,0,0,33.63979567,-97.21240912,48097.0,201.17798191821998,0.0,83,75,0,0,75,68,40574,8,0,0,8,7
2020-07-09,US,Texas,Coryell,356,2,0,31.39078397,-97.79936155,48099.0,468.72325578333397,0.5617977528089888,354,353,2,0,351,336,74808,3,0,0,3,17
2020-07-09,US,Texas,Cottle,4,1,0,34.07783319,-100.27850620000001,48101.0,286.12303290414883,25.0,3,4,1,0,3,4,1389,0,0,0,0,0
2020-07-09,US,Texas,Crane,62,9,0,31.43052248,-102.5143314,48103.0,1292.4744632061704,14.516129032258064,53,62,9,0,53,61,4794,0,0,0,0,1
2020-07-09,US,Texas,Crockett,18,0,0,30.72367027,-101.4134238,48105.0,519.6304849884526,0.0,18,16,0,0,16,15,3499,2,0,0,2,1
2020-07-09,US,Texas,Crosby,34,1,0,33.61431553,-101.30003640000001,48107.0,592.6442391493813,2.9411764705882355,33,30,1,0,29,28,5779,4,0,0,4,2
2020-07-09,US,Texas,Culberson,6,0,0,31.44506775,-104.5185739,48109.0,276.3703362505757,0.0,6,4,0,0,4,4,2204,2,0,0,2,0
2020-07-09,US,Texas,Dallam,104,1,0,36.27787176,-102.60207249999999,48111.0,1427.1991217236175,0.9615384615384616,103,104,1,0,103,102,7200,0,0,0,0,2
2020-07-09,US,Texas,Dallas,30361,436,0,32.76670599,-96.77796049999999,48113.0,1151.9945240324855,1.4360528309344225,29925,29160,426,0,28734,28131,2637772,1201,10,0,1191,1029
2020-07-09,US,Texas,Dawson,75,1,0,32.74255572,-101.94772420000001,48115.0,589.2520427404147,1.3333333333333333,74,70,1,0,69,70,12619,5,0,0,5,0
2020-07-09,US,Texas,DeWitt,131,3,0,29.08101855,-97.35681170000001,48123.0,649.8015873015872,2.2900763358778624,128,110,3,0,107,110,20187,21,0,0,21,0
2020-07-09,US,Texas,Deaf Smith,401,17,0,34.96522957,-102.6054267,48117.0,2162.191308098781,4.239401496259352,384,383,17,0,366,371,18760,18,0,0,18,12
2020-07-09,US,Texas,Delta,7,0,0,33.38570922,-95.66921122,48119.0,131.30744700806602,0.0,7,7,0,0,7,7,5349,0,0,0,0,0
2020-07-09,US,Texas,Denton,3582,37,0,33.20521901,-97.11691153,48121.0,403.7389245125434,1.0329424902289224,3545,3459,37,0,3422,3403,859064,123,0,0,123,56
2020-07-09,US,Texas,Dickens,2,0,0,33.61616822,-100.7788855,48125.0,90.45680687471732,0.0,2,2,0,0,2,2,2249,0,0,0,0,0
2020-07-09,US,Texas,Dimmit,25,0,0,28.42270064,-99.75645095,48127.0,246.93796918214142,0.0,25,18,0,0,18,18,10308,7,0,0,7,0
2020-07-09,US,Texas,Donley,28,0,0,34.96517499,-100.8140093,48129.0,854.1793776693106,0.0,28,28,0,0,28,28,3319,0,0,0,0,0
2020-07-09,US,Texas,Duval,70,0,0,27.68184592,-98.50864568,48131.0,627.4088016491887,0.0,70,67,0,0,67,65,11212,3,0,0,3,2
2020-07-09,US,Texas,Eastland,17,0,0,32.32743996,-98.83243566,48133.0,92.5925925925926,0.0,17,13,0,0,13,11,18322,4,0,0,4,2
2020-07-09,US,Texas,Ector,1105,13,0,31.86898877,-102.54294279999999,48135.0,664.7696167197079,1.1764705882352942,1092,946,11,0,935,946,162124,159,2,0,157,0
2020-07-09,US,Texas,Edwards,2,0,0,29.98202582,-100.304252,48137.0,103.51966873706004,0.0,2,2,0,0,2,2,1928,0,0,0,0,0
2020-07-09,US,Texas,El Paso,8385,145,0,31.76980765,-106.23632749999999,48141.0,999.1206308579924,1.72927847346452,8240,8035,144,0,7891,7642,840758,350,1,0,349,393
2020-07-09,US,Texas,Ellis,1424,20,0,32.34894117,-96.79371841,48139.0,770.4543733024574,1.404494382022472,1404,1351,19,0,1332,1182,179436,73,1,0,72,169
2020-07-09,US,Texas,Erath,250,1,0,32.23602653,-98.21773417,48143.0,585.50751791653,0.4,249,246,1,0,245,243,42446,4,0,0,4,3
2020-07-09,US,Texas,Falls,46,0,0,31.25350609,-96.93630086,48145.0,265.94207087934325,0.0,46,44,0,0,44,35,17335,2,0,0,2,9
2020-07-09,US,Texas,Fannin,130,8,0,33.59564294,-96.10751083,48147.0,366.05282423832847,6.153846153846153,122,122,8,0,114,122,35286,8,0,0,8,0
2020-07-09,US,Texas,Fayette,136,3,0,29.87788372,-96.92076062,48149.0,536.5738183539809,2.2058823529411766,133,134,3,0,131,104,25349,2,0,0,2,30
2020-07-09,US,Texas,Fisher,11,1,0,32.74281316,-100.40193020000001,48151.0,287.20626631853787,9.090909090909092,10,11,1,0,10,11,3839,0,0,0,0,0
2020-07-09,US,Texas,Floyd,49,1,0,34.07227468,-101.3031546,48153.0,857.843137254902,2.0408163265306123,48,49,1,0,48,46,5837,0,0,0,0,3
2020-07-09,US,Texas,Fort Bend,4413,60,0,29.52704478,-95.77219463,48157.0,543.6818087738146,1.3596193065941535,4353,4346,59,0,4287,4286,787858,67,1,0,66,60
2020-07-09,US,Texas,Franklin,53,1,0,33.17653242,-95.21917243,48159.0,494.1724941724942,1.8867924528301887,52,53,0,0,53,53,10766,0,1,0,-1,0
2020-07-09,US,Texas,Freestone,64,0,0,31.70422788,-96.15072516,48161.0,324.5929908201045,0.0,64,59,0,0,59,39,19808,5,0,0,5,20
2020-07-09,US,Texas,Frio,293,0,0,28.86751206,-99.10804207,48163.0,1442.9232739091894,0.0,293,239,0,0,239,238,19816,54,0,0,54,1
2020-07-09,US,Texas,Gaines,39,0,0,32.74055318,-102.6353295,48165.0,181.462869905081,0.0,39,36,0,0,36,30,20901,3,0,0,3,6
2020-07-09,US,Texas,Galveston,5063,50,0,29.40167322,-94.90469073,48167.0,1479.807914327218,0.9875567845151096,5013,4809,50,0,4759,4586,337890,254,0,0,254,223
2020-07-09,US,Texas,Garza,19,0,0,33.17969345,-101.2984114,48169.0,305.024883608926,0.0,19,18,0,0,18,14,6578,1,0,0,1,4
2020-07-09,US,Texas,Gillespie,55,0,0,30.31824095,-98.94676915,48171.0,203.79427893878758,0.0,55,53,0,0,53,49,26804,2,0,0,2,4
2020-07-09,US,Texas,Glasscock,6,0,0,31.86942909,-101.5207776,48173.0,425.83392476934,0.0,6,6,0,0,6,5,1388,0,0,0,0,1
2020-07-09,US,Texas,Goliad,21,0,0,28.65696592,-97.42760647,48175.0,274.2230347349177,0.0,21,15,0,0,15,15,7584,6,0,0,6,0
2020-07-09,US,Texas,Gonzales,316,4,0,29.45634206,-97.49424032,48177.0,1516.5330901761292,1.2658227848101269,312,314,4,0,310,314,20826,2,0,0,2,0
2020-07-09,US,Texas,Gray,126,4,0,35.40081878,-100.8129222,48179.0,575.7104998629261,3.1746031746031744,122,126,4,0,122,122,21895,0,0,0,0,4
2020-07-09,US,Texas,Grayson,695,7,0,33.62744998,-96.67753461,48181.0,510.2340469268493,1.0071942446043165,688,688,5,0,683,648,133991,7,2,0,5,40
2020-07-09,US,Texas,Gregg,682,13,0,32.47940482,-94.81591935,48183.0,550.2440598652628,1.906158357771261,669,652,13,0,639,471,123707,30,0,0,30,181
2020-07-09,US,Texas,Grimes,638,2,0,30.54579585,-95.98902499,48185.0,2209.1412742382267,0.31347962382445144,636,617,2,0,615,575,28360,21,0,0,21,42
2020-07-09,US,Texas,Guadalupe,929,3,0,29.58165339,-97.94786822,48187.0,556.7975450562492,0.3229278794402584,926,901,3,0,898,896,163694,28,0,0,28,5
2020-07-09,US,Texas,Hale,661,8,0,34.07044901,-101.82681140000001,48189.0,1978.6864635095487,1.2102874432677762,653,592,7,0,585,592,33830,69,1,0,68,0
2020-07-09,US,Texas,Hall,2,1,0,34.5307555,-100.68138520000001,48191.0,67.47638326585695,50.0,1,2,1,0,1,2,3028,0,0,0,0,0
2020-07-09,US,Texas,Hamilton,28,1,0,31.70470573,-98.11083887,48193.0,330.93015010046093,3.571428571428572,27,26,1,0,25,22,8484,2,0,0,2,4
2020-07-09,US,Texas,Hansford,31,2,0,36.27743284,-101.3545796,48195.0,574.1804037784775,6.451612903225807,29,31,2,0,29,31,5463,0,0,0,0,0
2020-07-09,US,Texas,Hardeman,5,0,0,34.28944521,-99.74632408,48197.0,127.12941774726671,0.0,5,5,0,0,5,5,3922,0,0,0,0,0
2020-07-09,US,Texas,Hardin,306,5,0,30.33364686,-94.38931817,48199.0,531.2315544599146,1.6339869281045751,301,303,5,0,298,275,57207,3,0,0,3,28
2020-07-09,US,Texas,Harris,40918,423,0,29.86,-95.39,48201.0,868.1344910440082,1.0337748668067843,40495,40012,411,0,39601,39311,4698619,906,12,0,894,701
2020-07-09,US,Texas,Harrison,392,31,0,32.54935988,-94.36934071,48203.0,589.0042522500862,7.908163265306122,361,389,31,0,358,383,66726,3,0,0,3,6
2020-07-09,US,Texas,Hartley,45,2,0,35.84008013,-102.6029022,48205.0,807.0301291248205,4.4444444444444455,43,40,2,0,38,36,5619,5,0,0,5,4
2020-07-09,US,Texas,Haskell,7,0,0,33.17823584,-99.73037358,48207.0,123.71862849063274,0.0,7,6,0,0,6,6,5813,1,0,0,1,0
2020-07-09,US,Texas,Hays,3409,11,0,30.05669873,-98.02944344,48209.0,1480.9440855637274,0.32267527134056906,3398,3328,11,0,3317,3243,222631,81,0,0,81,85
2020-07-09,US,Texas,Hemphill,18,0,0,35.83764858,-100.2703577,48211.0,471.3275726630008,0.0,18,17,0,0,17,15,3825,1,0,0,1,2
2020-07-09,US,Texas,Henderson,225,4,0,32.21128872,-95.85846587,48213.0,271.94604590449256,1.7777777777777777,221,215,4,0,211,196,82299,10,0,0,10,19
2020-07-09,US,Texas,Hidalgo,7334,123,0,26.39418217,-98.18299696,48215.0,844.2432258517543,1.6771202617943823,7211,5782,90,0,5692,5447,865939,1552,33,0,1519,335
2020-07-09,US,Texas,Hill,130,2,0,31.99045053,-97.13423143,48217.0,354.71636333869964,1.5384615384615383,128,117,2,0,115,82,36354,13,0,0,13,35
2020-07-09,US,Texas,Hockley,96,1,0,33.60771256,-102.3431676,48219.0,417.0105555796881,1.0416666666666667,95,96,1,0,95,86,22980,0,0,0,0,10
2020-07-09,US,Texas,Hood,162,5,0,32.42990927,-97.83242024,48221.0,262.80356244829096,3.08641975308642,157,154,5,0,149,138,60537,8,0,0,8,16
2020-07-09,US,Texas,Hopkins,77,1,0,33.14875072,-95.56351139,48223.0,207.63671664329632,1.2987012987012987,76,78,1,0,77,75,36810,-1,0,0,-1,3
2020-07-09,US,Texas,Houston,175,0,0,31.31925973,-95.42226208,48225.0,761.9296412399858,0.0,175,174,0,0,174,172,23169,1,0,0,1,2
2020-07-09,US,Texas,Howard,64,1,0,32.30621324,-101.4356444,48227.0,174.55814968361335,1.5625,63,60,1,0,59,55,36459,4,0,0,4,5
2020-07-09,US,Texas,Hudspeth,16,0,0,31.45628381,-105.388178,48229.0,327.46623004502663,0.0,16,16,0,0,16,16,4795,0,0,0,0,0
2020-07-09,US,Texas,Hunt,637,8,0,33.12351514,-96.08551032,48231.0,646.0839401992007,1.2558869701726845,629,616,8,0,608,616,96493,21,0,0,21,0
2020-07-09,US,Texas,Hutchinson,71,0,0,35.84006574,-101.3546643,48233.0,339.09637978794535,0.0,71,70,0,0,70,70,21198,1,0,0,1,0
2020-07-09,US,Texas,Irion,3,0,0,31.30375559,-100.982439,48235.0,195.3125,0.0,3,2,0,0,2,2,1522,1,0,0,1,0
2020-07-09,US,Texas,Jack,12,0,0,33.23377248,-98.17283469,48237.0,134.30330162283155,0.0,12,12,0,0,12,12,8843,0,0,0,0,0
2020-07-09,US,Texas,Jackson,73,1,0,28.95472367,-96.57749563,48239.0,494.579945799458,1.3698630136986298,72,68,1,0,67,68,14874,5,0,0,5,0
2020-07-09,US,Texas,Jasper,70,1,0,30.74685667,-94.02667579,48241.0,197.02215091896758,1.4285714285714286,69,69,1,0,68,69,35872,1,0,0,1,0
2020-07-09,US,Texas,Jeff Davis,5,0,0,30.71490589,-104.1399973,48243.0,219.87686895338607,0.0,5,4,0,0,4,4,2252,1,0,0,1,0
2020-07-09,US,Texas,Jefferson,3235,36,0,29.8832777,-94.16434171,48245.0,1285.9499532923896,1.1128284389489953,3199,3094,36,0,3058,2959,255001,141,0,0,141,135
2020-07-09,US,Texas,Jim Hogg,27,0,0,27.04453923,-98.69681870000001,48247.0,519.2307692307694,0.0,27,25,0,0,25,24,5248,2,0,0,2,1
2020-07-09,US,Texas,Jim Wells,242,0,0,27.73103938,-98.0904705,48249.0,597.796551553777,0.0,242,230,0,0,230,218,40822,12,0,0,12,12
2020-07-09,US,Texas,Johnson,782,4,0,32.37877812,-97.36615819,48251.0,444.78065261038483,0.5115089514066496,778,737,4,0,733,553,171361,45,0,0,45,184
2020-07-09,US,Texas,Jones,607,0,0,32.73997145,-99.87861576,48253.0,3022.4568042623114,0.0,607,611,0,0,611,609,19817,-4,0,0,-4,2
2020-07-09,US,Texas,Karnes,62,0,0,28.90705334,-97.85960149,48255.0,397.41042240882,0.0,62,60,0,0,60,58,15650,2,0,0,2,2
2020-07-09,US,Texas,Kaufman,927,5,0,32.599141700000004,-96.28734728,48257.0,680.8466883088267,0.5393743257820928,922,874,5,0,869,828,128622,53,0,0,53,46
2020-07-09,US,Texas,Kendall,95,0,0,29.94414155,-98.7113588,48259.0,200.2909489574329,0.0,95,95,0,0,95,95,45641,0,0,0,0,0
2020-07-09,US,Texas,Kenedy,1,0,0,26.92601662,-97.66413984,48261.0,247.52475247524762,0.0,1,1,0,0,1,1,442,0,0,0,0,0
2020-07-09,US,Texas,Kerr,129,1,0,30.06040006,-99.34930144,48265.0,245.2471482889734,0.7751937984496124,128,115,1,0,114,115,52405,14,0,0,14,0
2020-07-09,US,Texas,Kimble,9,0,0,30.48678918,-99.74856473,48267.0,207.51671662439475,0.0,9,9,0,0,9,10,4362,0,0,0,0,-1
2020-07-09,US,Texas,Kinney,3,0,0,29.34967888,-100.41866379999999,48271.0,81.81074447777475,0.0,3,2,0,0,2,2,3767,1,0,0,1,0
2020-07-09,US,Texas,Kleberg,111,1,0,27.42435506,-97.69894948,48273.0,361.7992177314212,0.9009009009009008,110,106,1,0,105,105,31129,5,0,0,5,1
2020-07-09,US,Texas,Knox,5,0,0,33.60519951,-99.74229059999999,48275.0,136.46288209606988,0.0,5,5,0,0,5,4,3653,0,0,0,0,1
2020-07-09,US,Texas,La Salle,51,0,0,28.34453111,-99.09908775,48283.0,678.1914893617021,0.0,51,41,0,0,41,24,7531,10,0,0,10,17
2020-07-09,US,Texas,Lamar,354,13,0,33.66981763,-95.57404777,48277.0,710.0022062215448,3.6723163841807906,341,347,13,0,334,332,49728,7,0,0,7,15
2020-07-09,US,Texas,Lamb,71,0,0,34.06859623,-102.35162890000001,48279.0,550.6864189870472,0.0,71,71,0,0,71,53,13158,0,0,0,0,18
2020-07-09,US,Texas,Lampasas,32,0,0,31.19531316,-98.24206613,48281.0,149.33731566175098,0.0,32,30,0,0,30,20,21229,2,0,0,2,10
2020-07-09,US,Texas,Lavaca,212,1,0,29.38508402,-96.93186692,48285.0,1051.9003671727696,0.4716981132075472,211,198,1,0,197,197,20110,14,0,0,14,1
2020-07-09,US,Texas,Lee,92,3,0,30.31120597,-96.97045773,48287.0,533.6736469632808,3.260869565217391,89,88,3,0,85,85,17144,4,0,0,4,3
2020-07-09,US,Texas,Leon,82,0,0,31.29872538,-95.9936328,48289.0,471.15605607906235,0.0,82,78,0,0,78,43,17270,4,0,0,4,35
2020-07-09,US,Texas,Liberty,464,3,0,30.15152688,-94.81205615,48291.0,525.9637946474115,0.646551724137931,461,445,3,0,442,428,86323,19,0,0,19,17
2020-07-09,US,Texas,Limestone,86,1,0,31.5454767,-96.58095444,48293.0,366.94116141144343,1.162790697674419,85,74,1,0,73,62,23519,12,0,0,12,12
2020-07-09,US,Texas,Lipscomb,11,0,0,36.27783108,-100.27331509999999,48295.0,340.24126198577176,0.0,11,11,0,0,11,11,3355,0,0,0,0,0
2020-07-09,US,Texas,Live Oak,63,0,0,28.35101362,-98.1246786,48297.0,516.0973212091423,0.0,63,62,0,0,62,50,12166,1,0,0,1,12
2020-07-09,US,Texas,Llano,27,0,0,30.70645047,-98.68475262,48299.0,123.88162422573986,0.0,27,24,0,0,24,11,21646,3,0,0,3,13
2020-07-09,US,Texas,Lubbock,3231,58,0,33.61008596,-101.82047890000001,48303.0,1040.348521584575,1.7951098731043016,3173,3051,56,0,2995,2918,307412,180,2,0,178,133
2020-07-09,US,Texas,Lynn,49,1,0,33.17657705,-101.8162849,48305.0,823.3910267181986,2.0408163265306123,48,45,1,0,44,40,5877,4,0,0,4,5
2020-07-09,US,Texas,Madison,96,0,0,30.96694679,-95.93003775,48313.0,672.0806496779612,0.0,96,75,0,0,75,45,14422,21,0,0,21,30
2020-07-09,US,Texas,Marion,37,1,0,32.79868409,-94.35661230000001,48315.0,375.482037751167,2.702702702702702,36,37,1,0,36,34,9928,0,0,0,0,3
2020-07-09,US,Texas,Martin,22,1,0,32.30600051,-101.9513518,48317.0,381.2164269623982,4.545454545454546,21,21,1,0,20,19,5753,1,0,0,1,2
2020-07-09,US,Texas,Mason,35,0,0,30.71780434,-99.22629416,48319.0,818.9050070191857,0.0,35,35,0,0,35,35,4280,0,0,0,0,0
2020-07-09,US,Texas,Matagorda,295,5,0,28.81955746,-96.01230294,48321.0,805.065087465546,1.6949152542372878,290,286,5,0,281,274,36552,9,0,0,9,12
2020-07-09,US,Texas,Maverick,677,6,0,28.7429195,-100.3157686,48323.0,1152.8898879465958,0.8862629246676514,671,550,5,0,545,550,58485,127,1,0,126,0
2020-07-09,US,Texas,McCulloch,23,0,0,31.1925468,-99.34682807,48307.0,288.0761523046092,0.0,23,22,0,0,22,21,7987,1,0,0,1,1
2020-07-09,US,Texas,McLennan,2283,14,0,31.55255453,-97.20217694,48309.0,889.6318724354402,0.6132282084975909,2269,2044,13,0,2031,1798,254607,239,1,0,238,246
2020-07-09,US,Texas,Medina,338,3,0,29.355730100000002,-99.11030298,48325.0,655.241935483871,0.8875739644970414,335,335,3,0,332,327,50921,3,0,0,3,8
2020-07-09,US,Texas,Menard,12,0,0,30.88990665,-99.82047940000001,48327.0,561.2722170252573,0.0,12,12,0,0,12,12,2139,0,0,0,0,0
2020-07-09,US,Texas,Midland,1020,19,0,31.86904128,-102.03156820000001,48329.0,576.8186753528772,1.862745098039216,1001,976,19,0,957,927,172578,44,0,0,44,49
2020-07-09,US,Texas,Milam,133,1,0,30.78581830000001,-96.97718698,48331.0,535.7934173951577,0.7518796992481203,132,120,1,0,119,112,25131,13,0,0,13,8
2020-07-09,US,Texas,Mills,6,0,0,31.49557106,-98.59272068,48333.0,123.12743689718859,0.0,6,3,0,0,3,1,4921,3,0,0,3,2
2020-07-09,US,Texas,Mitchell,21,0,0,32.30623474,-100.9212058,48335.0,245.7577530719719,0.0,21,18,0,0,18,12,8145,3,0,0,3,6
2020-07-09,US,Texas,Montague,25,1,0,33.67521893,-97.72500958,48337.0,126.14794631143404,4.0,24,24,1,0,23,21,19596,1,0,0,1,3
2020-07-09,US,Texas,Montgomery,2876,40,0,30.30079133,-95.50572772,48339.0,473.50059516851576,1.3908205841446453,2836,2784,38,0,2746,2654,590925,92,2,0,90,130
2020-07-09,US,Texas,Moore,912,15,0,35.83769242,-101.8930281,48341.0,4355.300859598854,1.6447368421052633,897,909,15,0,894,902,21485,3,0,0,3,7
2020-07-09,US,Texas,Morris,50,0,0,33.11304005,-94.73255695,48343.0,403.61640297061683,0.0,50,49,0,0,49,49,12339,1,0,0,1,0
2020-07-09,US,Texas,Motley,2,0,0,34.07408766,-100.77972199999999,48345.0,166.66666666666666,0.0,2,2,0,0,2,1,1234,0,0,0,0,1
2020-07-09,US,Texas,Nacogdoches,516,29,0,31.62017125,-94.61803994,48347.0,791.3624930985831,5.62015503875969,487,479,29,0,450,461,65711,37,0,0,37,18
2020-07-09,US,Texas,Navarro,421,6,0,32.04620681,-96.47428766,48349.0,840.1013709017619,1.4251781472684086,415,396,6,0,390,370,49565,25,0,0,25,26
2020-07-09,US,Texas,Newton,12,0,0,30.78548982,-93.74408813,48351.0,88.26774549466715,0.0,12,12,0,0,12,12,13746,0,0,0,0,0
2020-07-09,US,Texas,Nolan,55,0,0,32.30365282,-100.4060208,48353.0,373.7936658964252,0.0,55,49,0,0,49,46,14751,6,0,0,6,3
2020-07-09,US,Texas,Nueces,5260,37,0,27.736286,-97.5433285,48355.0,1451.8595394900274,0.7034220532319392,5223,4917,35,0,4882,4472,362265,343,2,0,341,445
2020-07-09,US,Texas,Ochiltree,60,2,0,36.27829105,-100.8158184,48357.0,610.004066693778,3.333333333333333,58,60,2,0,58,60,9947,0,0,0,0,0
2020-07-09,US,Texas,Oldham,4,1,0,35.40425596,-102.6027606,48359.0,189.3939393939394,25.0,3,4,1,0,3,5,2131,0,0,0,0,-1
2020-07-09,US,Texas,Orange,443,5,0,30.11879481,-93.89412775,48361.0,531.2005371960286,1.1286681715575622,438,415,5,0,410,327,83572,28,0,0,28,88
2020-07-09,US,Texas,Palo Pinto,55,2,0,32.75310985,-98.31319001,48363.0,188.42714721299117,3.636363636363636,53,52,2,0,50,47,28875,3,0,0,3,5
2020-07-09,US,Texas,Panola,221,24,0,32.163959600000005,-94.30552481,48365.0,952.8326291282228,10.85972850678733,197,218,24,0,194,218,23148,3,0,0,3,0
2020-07-09,US,Texas,Parker,507,1,0,32.77757172,-97.80500621,48367.0,354.8481921639441,0.19723865877712032,506,473,1,0,472,388,138371,34,0,0,34,85
2020-07-09,US,Texas,Parmer,236,8,0,34.52993409,-102.78446679999999,48369.0,2457.0536179073397,3.3898305084745757,228,229,8,0,221,227,9864,7,0,0,7,2
2020-07-09,US,Texas,Pecos,138,1,0,30.78097267,-102.72412609999999,48371.0,872.1481387853125,0.7246376811594203,137,135,1,0,134,135,15673,3,0,0,3,0
2020-07-09,US,Texas,Polk,268,0,0,30.79472531,-94.82766240000001,48373.0,521.8779818121628,0.0,268,205,0,0,205,205,50031,63,0,0,63,0
2020-07-09,US,Texas,Potter,3025,39,0,35.40133773,-101.893964,48375.0,2576.331814504109,1.2892561983471074,2986,3008,39,0,2969,2978,119648,17,0,0,17,30
2020-07-09,US,Texas,Presidio,26,0,0,29.99954402,-104.24080790000001,48377.0,387.8281622911695,0.0,26,19,0,0,19,19,6948,7,0,0,7,0
2020-07-09,US,Texas,Rains,17,0,0,32.87109387,-95.79232691,48379.0,135.84785040754358,0.0,17,16,0,0,16,16,12159,1,0,0,1,0
2020-07-09,US,Texas,Randall,1001,7,0,34.96585996,-101.8971322,48381.0,726.874006085119,0.6993006993006993,994,971,7,0,964,942,136271,30,0,0,30,29
2020-07-09,US,Texas,Reagan,23,0,0,31.36607041,-101.52326590000001,48383.0,597.5578072226552,0.0,23,15,0,0,15,14,3741,8,0,0,8,1
2020-07-09,US,Texas,Real,4,0,0,29.83321503,-99.82018052,48385.0,115.87485515643104,0.0,4,4,0,0,4,4,3478,0,0,0,0,0
2020-07-09,US,Texas,Red River,117,12,0,33.61886692,-95.04841765,48387.0,973.1348249189057,10.256410256410255,105,117,12,0,105,117,12175,0,0,0,0,0
2020-07-09,US,Texas,Reeves,63,1,0,31.32323325,-103.69038959999999,48389.0,394.34151226840265,1.5873015873015872,62,59,1,0,58,59,15695,4,0,0,4,0
2020-07-09,US,Texas,Refugio,39,0,0,28.323897600000002,-97.15766311,48391.0,561.3126079447322,0.0,39,37,0,0,37,33,7032,2,0,0,2,4
2020-07-09,US,Texas,Roberts,6,0,0,35.83809685,-100.813175,48393.0,702.5761124121782,0.0,6,6,0,0,6,5,903,0,0,0,0,1
2020-07-09,US,Texas,Robertson,86,0,0,31.02539637,-96.51272246,48395.0,503.6898207801335,0.0,86,77,0,0,77,61,17284,9,0,0,9,16
2020-07-09,US,Texas,Rockwall,423,17,0,32.89779518,-96.40771592,48397.0,403.1835295239003,4.018912529550828,406,423,17,0,406,403,100657,0,0,0,0,20
2020-07-09,US,Texas,Runnels,19,0,0,31.8314342,-99.97616148,48399.0,185.1130163678877,0.0,19,17,0,0,17,17,10234,2,0,0,2,0
2020-07-09,US,Texas,Rusk,266,3,0,32.10773545,-94.76176432,48401.0,488.9166636032791,1.1278195488721805,263,292,3,0,289,289,54450,-26,0,0,-26,3
2020-07-09,US,Texas,Sabine,28,1,0,31.34318809,-93.85440451,48403.0,265.6042496679947,3.571428571428572,27,28,1,0,27,28,10589,0,0,0,0,0
2020-07-09,US,Texas,San Augustine,119,7,0,31.39457611,-94.17000399,48405.0,1444.7007405608838,5.882352941176472,112,114,7,0,107,114,8232,5,0,0,5,0
2020-07-09,US,Texas,San Jacinto,61,0,0,30.57933681,-95.16260304,48407.0,211.3725354308881,0.0,61,64,0,0,64,63,28719,-3,0,0,-3,1
2020-07-09,US,Texas,San Patricio,267,0,0,28.00880118,-97.51763891,48409.0,400.1198861081972,0.0,267,204,0,0,204,204,66893,63,0,0,63,0
2020-07-09,US,Texas,San Saba,7,0,0,31.1577796,-98.81758731,48411.0,115.60693641618496,0.0,7,7,0,0,7,5,6054,0,0,0,0,2
2020-07-09,US,Texas,Schleicher,21,1,0,30.89740592,-100.5384842,48413.0,751.8796992481202,4.761904761904762,20,21,1,0,20,21,2895,0,0,0,0,0
2020-07-09,US,Texas,Scurry,84,1,0,32.74613808,-100.91626640000001,48415.0,502.9036699994013,1.1904761904761905,83,71,1,0,70,71,16866,13,0,0,13,0
2020-07-09,US,Texas,Shackelford,6,0,0,32.73587756,-99.35401337,48417.0,183.76722817764164,0.0,6,5,0,0,5,5,3253,1,0,0,1,0
2020-07-09,US,Texas,Shelby,292,14,0,31.79211404,-94.14550696,48419.0,1155.3375009891588,4.794520547945205,278,288,11,0,277,288,25418,4,3,0,1,0
2020-07-09,US,Texas,Sherman,32,0,0,36.27751473,-101.8933156,48421.0,1058.901389808074,0.0,32,30,0,0,30,30,3079,2,0,0,2,0
2020-07-09,US,Texas,Smith,1164,7,0,32.37474036,-95.27175679999999,48423.0,500.1052627056382,0.6013745704467354,1157,1098,5,0,1093,848,230221,66,2,0,64,250
2020-07-09,US,Texas,Somervell,22,0,0,32.22236802,-97.77403489,48425.0,241.01665205959685,0.0,22,20,0,0,20,16,9016,2,0,0,2,4
2020-07-09,US,Texas,Starr,1005,4,0,26.56150059,-98.73892358,48427.0,1554.9332384385684,0.39800995024875613,1001,843,4,0,839,829,64525,162,0,0,162,14
2020-07-09,US,Texas,Stephens,12,0,0,32.73553157,-98.83631615,48429.0,128.12299807815504,0.0,12,11,0,0,11,9,9433,1,0,0,1,2
2020-07-09,US,Texas,Sterling,1,0,0,31.82781912,-101.05007459999999,48431.0,77.45933384972889,0.0,1,1,0,0,1,1,1311,0,0,0,0,0
2020-07-09,US,Texas,Sutton,16,0,0,30.49856623,-100.5382014,48435.0,423.72881355932196,0.0,16,13,0,0,13,13,3758,3,0,0,3,0
2020-07-09,US,Texas,Swisher,51,1,0,34.53028891,-101.73491740000001,48437.0,689.4687035284575,1.96078431372549,50,45,1,0,44,44,7462,6,0,0,6,1
2020-07-09,US,Texas,Tarrant,16180,254,0,32.77143818,-97.29101614,48439.0,769.5545572802098,1.5698393077873918,15926,15585,248,0,15337,15585,2084931,595,6,0,589,0
2020-07-09,US,Texas,Taylor,622,7,0,32.30163422,-99.89007449,48441.0,450.613616934958,1.1254019292604502,615,597,6,0,591,573,137640,25,1,0,24,24
2020-07-09,US,Texas,Terrell,2,0,0,30.22429013,-102.0766732,48443.0,257.73195876288656,0.0,2,2,0,0,2,2,823,0,0,0,0,0
2020-07-09,US,Texas,Terry,47,0,0,33.17402785,-102.3354521,48445.0,380.9678203777256,0.0,47,44,0,0,44,39,12287,3,0,0,3,5
2020-07-09,US,Texas,Throckmorton,1,0,0,33.17751417,-99.21226795,48447.0,66.62225183211193,0.0,1,1,0,0,1,1,1515,0,0,0,0,0
2020-07-09,US,Texas,Titus,965,6,0,33.21339719,-94.96797273,48449.0,2946.5648854961833,0.6217616580310881,959,956,6,0,950,845,33033,9,0,0,9,111
2020-07-09,US,Texas,Tom Green,770,3,0,31.40464436,-100.46244300000001,48451.0,645.9731543624163,0.3896103896103896,767,726,3,0,723,711,118189,44,0,0,44,15
2020-07-09,US,Texas,Travis,13161,159,0,30.33432034,-97.78535620000001,48453.0,1033.0828271664438,1.2081148848871666,13002,12408,151,0,12257,11926,1248743,753,8,0,745,482
2020-07-09,US,Texas,Trinity,52,0,0,31.0879489,-95.1367187,48455.0,354.924578527063,0.0,52,48,0,0,48,48,14740,4,0,0,4,0
2020-07-09,US,Texas,Tyler,30,0,0,30.77031716,-94.37690895,48457.0,138.42746400885937,0.0,30,30,0,0,30,30,21696,0,0,0,0,0
2020-07-09,US,Texas,Upshur,82,0,0,32.73706798,-94.93999853,48459.0,196.3930735516011,0.0,82,78,0,0,78,76,41260,4,0,0,4,2
2020-07-09,US,Texas,Upton,10,0,0,31.36868194,-102.0423217,48461.0,273.4481815695926,0.0,10,7,0,0,7,7,3671,3,0,0,3,0
2020-07-09,US,Texas,Uvalde,190,1,0,29.35739637,-99.76229172,48463.0,710.5194270969673,0.5263157894736842,189,179,1,0,178,172,26846,11,0,0,11,7
2020-07-09,US,Texas,Val Verde,588,1,0,29.89149232,-101.1525205,48465.0,1199.3880673125955,0.17006802721088435,587,509,1,0,508,450,49208,79,0,0,79,59
2020-07-09,US,Texas,Van Zandt,158,3,0,32.56483801,-95.83766469,48467.0,279.2012723095953,1.8987341772151896,155,150,3,0,147,127,56019,8,0,0,8,23
2020-07-09,US,Texas,Victoria,1334,9,0,28.79780988,-96.96813006,48469.0,1448.6772946440208,0.6746626686656672,1325,1334,9,0,1325,1240,92035,0,0,0,0,94
2020-07-09,US,Texas,Walker,2172,28,0,30.73872995,-95.57440968,48471.0,2976.5249208589707,1.2891344383057088,2144,2149,28,0,2121,2099,72480,23,0,0,23,50
2020-07-09,US,Texas,Waller,216,0,0,30.01058447,-95.99011759,48473.0,390.9785323824348,0.0,216,205,0,0,205,195,53126,11,0,0,11,10
2020-07-09,US,Texas,Ward,31,0,0,31.50999644,-103.09279090000001,48475.0,258.376396066011,0.0,31,29,0,0,29,29,11720,2,0,0,2,0
2020-07-09,US,Texas,Washington,337,32,0,30.21498498,-96.40946246,48477.0,939.1895657990076,9.495548961424332,305,333,32,0,301,309,35108,4,0,0,4,24
2020-07-09,US,Texas,Webb,2163,36,0,27.7610369,-99.33237355,48479.0,781.848676315371,1.6643550624133148,2127,2091,32,0,2059,1960,275910,72,4,0,68,131
2020-07-09,US,Texas,Wharton,262,1,0,29.27765923,-96.22319248,48481.0,630.4745403792473,0.3816793893129771,261,251,1,0,250,244,41619,11,0,0,11,7
2020-07-09,US,Texas,Wheeler,19,0,0,35.40114335,-100.26995140000001,48483.0,375.7911392405063,0.0,19,19,0,0,19,19,5191,0,0,0,0,0
2020-07-09,US,Texas,Wichita,548,3,0,33.98842886,-98.70410340000001,48485.0,414.4294033124102,0.5474452554744526,545,512,3,0,509,464,132064,36,0,0,36,48
2020-07-09,US,Texas,Wilbarger,17,0,0,34.07945812,-99.24178437,48487.0,133.1349361735453,0.0,17,16,0,0,16,13,12820,1,0,0,1,3
2020-07-09,US,Texas,Willacy,251,3,0,26.47411727,-97.61535848,48489.0,1175.2036707556888,1.195219123505976,248,243,3,0,240,242,21515,8,0,0,8,1
2020-07-09,US,Texas,Williamson,3617,51,0,30.64655664,-97.60048540000001,48491.0,612.4788544935154,1.4100082941664362,3566,3442,48,0,3394,3318,566719,175,3,0,172,124
2020-07-09,US,Texas,Wilson,166,5,0,29.1732598,-98.08693082,48493.0,325.0440571764245,3.0120481927710845,161,146,5,0,141,144,50224,20,0,0,20,2
2020-07-09,US,Texas,Winkler,40,0,0,31.85008651,-103.04851629999999,48495.0,499.3757802746567,0.0,40,38,0,0,38,37,7720,2,0,0,2,1
2020-07-09,US,Texas,Wise,164,5,0,33.21570665,-97.65460265,48497.0,234.3392775491541,3.0487804878048776,159,157,5,0,152,149,68305,7,0,0,7,8
2020-07-09,US,Texas,Wood,118,5,0,32.78722382,-95.38236368,48499.0,259.1185577197567,4.2372881355932215,113,115,5,0,110,107,45129,3,0,0,3,8
2020-07-09,US,Texas,Yoakum,40,0,0,33.17320212,-102.82764329999999,48501.0,459.0841271663032,0.0,40,40,0,0,40,39,8591,0,0,0,0,1
2020-07-09,US,Texas,Young,42,1,0,33.17659707,-98.68790885,48503.0,233.2037756801777,2.380952380952381,41,38,1,0,37,34,18045,4,0,0,4,4
2020-07-09,US,Texas,Zapata,64,0,0,27.00156391,-99.16987152,48505.0,451.37174694971435,0.0,64,63,0,0,63,62,14190,1,0,0,1,1
2020-07-09,US,Texas,Zavala,41,0,0,28.86617238,-99.76050829,48507.0,346.2837837837838,0.0,41,29,0,0,29,29,11983,12,0,0,12,0
2020-07-09,US,Utah,Bear River,1697,3,0,41.52106798,-113.0832816,0.0,908.3707137427873,0.17678255745433116,1694,1689,3,0,1686,1658,,8,0,0,8,31
2020-07-09,US,Utah,Central Utah,243,0,0,39.37231946,-111.5758676,0.0,296.50779705688564,0.0,243,234,0,0,234,227,,9,0,0,9,7
2020-07-09,US,Utah,Davis,1644,6,0,40.99001837,-112.1139997,49011.0,462.47197459217233,0.36496350364963503,1638,1575,6,0,1569,1522,351713,69,0,0,69,53
2020-07-09,US,Utah,Salt Lake,13646,124,0,40.66616532,-111.9216011,49035.0,1175.9363067534039,0.9086911915579656,13522,13343,122,0,13221,12994,1152633,303,2,0,301,349
2020-07-09,US,Utah,San Juan,441,11,0,37.62762978,-109.80337140000002,49037.0,2880.84661614842,2.4943310657596367,430,425,10,0,415,417,15449,16,1,0,15,8
2020-07-09,US,Utah,Southeast Utah,47,0,0,38.99617072,-110.7013958,0.0,116.83114171368914,0.0,47,45,0,0,45,41,,2,0,0,2,4
2020-07-09,US,Utah,Southwest Utah,1881,15,0,37.85447192,-111.4418764,0.0,746.3041873973385,0.7974481658692185,1866,1840,14,0,1826,1805,,41,1,0,40,35
2020-07-09,US,Utah,Summit,553,1,0,40.86688146,-110.9535882,49043.0,1312.136671016728,0.18083182640144665,552,543,1,0,542,538,41933,10,0,0,10,5
2020-07-09,US,Utah,Tooele,315,0,0,40.44862644,-113.1295715,49045.0,435.9318562393612,0.0,315,304,0,0,304,294,69907,11,0,0,11,10
2020-07-09,US,Utah,TriCounty,63,0,0,40.12491499,-109.5174415,0.0,111.26417293631451,0.0,63,59,0,0,59,56,,4,0,0,4,3
2020-07-09,US,Utah,Utah,4988,27,0,40.1166722,-111.6657662,49049.0,783.9870488105811,0.5412991178829191,4961,4894,27,0,4867,4761,622213,94,0,0,94,133
2020-07-09,US,Utah,Wasatch,442,4,0,40.33110236,-111.1691419,49051.0,1296.5298759203308,0.9049773755656108,438,436,4,0,432,427,33240,6,0,0,6,9
2020-07-09,US,Utah,Weber-Morgan,1396,14,0,41.27116049,-111.9145117,0.0,512.6001975493598,1.002865329512894,1382,1368,14,0,1354,1293,,28,0,0,28,75
2020-07-09,US,Vermont,Addison,68,2,0,44.03217337,-73.14130877,50001.0,184.89817005193456,2.9411764705882355,66,68,2,0,66,68,36973,0,0,0,0,0
2020-07-09,US,Vermont,Bennington,74,1,0,43.03519828,-73.09048868,50003.0,208.62700873978008,1.351351351351351,73,73,1,0,72,73,35631,1,0,0,1,0
2020-07-09,US,Vermont,Caledonia,21,0,0,44.46548598,-72.10314651,50005.0,70.0163371453339,0.0,21,21,0,0,21,21,30302,0,0,0,0,0
2020-07-09,US,Vermont,Chittenden,643,39,0,44.46322849,-73.08359212,50007.0,392.6142122681256,6.065318818040437,604,632,39,0,593,631,164572,11,0,0,11,1
2020-07-09,US,Vermont,Essex,5,0,0,44.72736416,-71.73579864,50009.0,81.12932013629725,0.0,5,4,0,0,4,4,6250,1,0,0,1,0
2020-07-09,US,Vermont,Franklin,110,6,0,44.85627605,-72.91249563,50011.0,222.66305007894417,5.454545454545454,104,110,6,0,104,110,49421,0,0,0,0,0
2020-07-09,US,Vermont,Grand Isle,10,0,0,44.797582399999996,-73.29679772,50013.0,138.217000691085,0.0,10,10,0,0,10,10,7090,0,0,0,0,0
2020-07-09,US,Vermont,Lamoille,36,1,0,44.60353043,-72.64356694,50015.0,141.94464158978002,2.7777777777777777,35,34,1,0,33,34,25300,2,0,0,2,0
2020-07-09,US,Vermont,Orange,10,0,0,44.00470222,-72.37640104,50017.0,34.61165720614703,0.0,10,10,0,0,10,10,28999,0,0,0,0,0
2020-07-09,US,Vermont,Orleans,14,0,0,44.82964024,-72.24562697,50019.0,51.78089285053815,0.0,14,14,0,0,14,14,26907,0,0,0,0,0
2020-07-09,US,Vermont,Rutland,75,1,0,43.57723578,-73.03741676,50021.0,128.8859101922978,1.3333333333333333,74,75,1,0,74,75,58672,0,0,0,0,0
2020-07-09,US,Vermont,Unassigned,5,0,0,0.0,0.0,90050.0,0.0,0.0,5,5,0,0,5,5,,0,0,0,0,0
2020-07-09,US,Vermont,Washington,42,1,0,44.27343241,-72.61604978,50023.0,71.90672670307659,2.380952380952381,41,42,1,0,41,42,58140,0,0,0,0,0
2020-07-09,US,Vermont,Windham,98,3,0,42.986982,-72.71268875,50025.0,232.10648477097251,3.0612244897959178,95,97,3,0,94,98,42756,1,0,0,1,-1
2020-07-09,US,Vermont,Windsor,61,2,0,43.58010937,-72.58595157,50027.0,110.7842068940467,3.278688524590164,59,61,2,0,59,59,55286,0,0,0,0,2
2020-07-09,US,Virginia,Accomack,1042,14,0,37.76707161,-75.63234615,51001.0,3224.4089615051366,1.343570057581574,1028,1042,14,0,1028,1042,32412,0,0,0,0,0
2020-07-09,US,Virginia,Albemarle,512,10,0,38.02080697,-78.55481085,51003.0,468.3069605780664,1.953125,502,498,10,0,488,472,108718,14,0,0,14,26
2020-07-09,US,Virginia,Alexandria,2419,57,0,38.814003,-77.08183073,51510.0,1517.2993451589432,2.3563455973542786,2362,2408,57,0,2351,2399,160530,11,0,0,11,9
2020-07-09,US,Virginia,Alleghany,39,2,0,37.78636074,-80.00222498,51005.0,262.4495289367429,5.128205128205129,37,39,2,0,37,38,14910,0,0,0,0,1
2020-07-09,US,Virginia,Amelia,49,1,0,37.34081025,-77.98584649,51007.0,372.76531000380373,2.0408163265306123,48,48,1,0,47,46,13013,1,0,0,1,2
2020-07-09,US,Virginia,Amherst,38,0,0,37.60308293,-79.14548696,51009.0,120.234140167695,0.0,38,38,0,0,38,38,31666,0,0,0,0,0
2020-07-09,US,Virginia,Appomattox,44,0,0,37.37569884,-78.81340003,51011.0,276.5382439821508,0.0,44,44,0,0,44,44,15841,0,0,0,0,0
2020-07-09,US,Virginia,Arlington,2567,132,0,38.8767675,-77.10139853,51013.0,1083.8449261533003,5.142189326061549,2435,2558,132,0,2426,2550,237521,9,0,0,9,8
2020-07-09,US,Virginia,Augusta,200,2,0,38.16404586,-79.12461614,51015.0,264.6973186161624,1.0,198,201,2,0,199,200,75457,-1,0,0,-1,1
2020-07-09,US,Virginia,Bath,1,0,0,38.05852573,-79.73912095,51017.0,24.11381721726549,0.0,1,1,0,0,1,,4292,0,0,0,0,
2020-07-09,US,Virginia,Bedford,142,4,0,37.3080028,-79.5281964,51019.0,179.75366153145058,2.8169014084507036,138,140,4,0,136,140,78747,2,0,0,2,0
2020-07-09,US,Virginia,Bland,2,0,0,37.13128068,-81.13599391,51021.0,31.84713375796178,0.0,2,2,0,0,2,2,6293,0,0,0,0,0
2020-07-09,US,Virginia,Botetourt,150,4,0,37.55531756,-79.80982182,51023.0,448.846464586014,2.6666666666666665,146,148,4,0,144,145,33277,2,0,0,2,3
2020-07-09,US,Virginia,Bristol,8,0,0,36.616302399999995,-82.16359122,51520.0,47.72700155112755,0.0,8,7,0,0,7,5,16482,1,0,0,1,2
2020-07-09,US,Virginia,Brunswick,116,1,0,36.76366949,-77.8593436,51025.0,714.6817817756146,0.8620689655172413,115,117,1,0,116,116,16384,-1,0,0,-1,1
2020-07-09,US,Virginia,Buchanan,38,0,0,37.26818323,-82.03749726,51027.0,180.91792039611502,0.0,38,36,0,0,36,34,21221,2,0,0,2,2
2020-07-09,US,Virginia,Buckingham,572,6,0,37.57242268,-78.52518834,51029.0,3335.665966876604,1.048951048951049,566,571,5,0,566,570,16999,1,1,0,0,1
2020-07-09,US,Virginia,Buena Vista,15,0,0,37.73484642,-79.35296097,51530.0,231.5529484408768,0.0,15,16,0,0,16,16,6237,-1,0,0,-1,0
2020-07-09,US,Virginia,Campbell,54,1,0,37.20553386,-79.09678609,51031.0,98.3875375785734,1.851851851851852,53,54,1,0,53,53,54973,0,0,0,0,1
2020-07-09,US,Virginia,Caroline,132,4,0,38.02679129,-77.34901405,51033.0,429.6175752644426,3.0303030303030303,128,131,4,0,127,129,30772,1,0,0,1,2
2020-07-09,US,Virginia,Carroll,241,9,0,36.73066666,-80.73455942,51035.0,808.9691517572421,3.734439834024896,232,239,9,0,230,235,29636,2,0,0,2,4
2020-07-09,US,Virginia,Charles City,41,3,0,37.35358063,-77.05634116,51036.0,588.8266551773661,7.317073170731707,38,41,3,0,38,41,6941,0,0,0,0,0
2020-07-09,US,Virginia,Charlotte,33,0,0,37.01909701,-78.66314092,51037.0,277.77777777777777,0.0,33,33,0,0,33,33,11938,0,0,0,0,0
2020-07-09,US,Virginia,Charlottesville,251,7,0,38.03527919,-78.48569588,51540.0,531.0371091270681,2.7888446215139444,244,241,7,0,234,239,48117,10,0,0,10,2
2020-07-09,US,Virginia,Chesapeake,1117,22,0,36.67670048,-76.30545744,51550.0,456.2256213368187,1.9695613249776187,1095,1088,22,0,1066,1046,242634,29,0,0,29,42
2020-07-09,US,Virginia,Chesterfield,3108,61,0,37.37373208,-77.58680140000001,51041.0,880.9473869195753,1.962676962676963,3047,3078,59,0,3019,3059,348556,30,2,0,28,19
2020-07-09,US,Virginia,Clarke,58,0,0,39.11271747,-77.99199425,51043.0,396.74396333538544,0.0,58,59,0,0,59,58,14523,-1,0,0,-1,1
2020-07-09,US,Virginia,Colonial Heights,151,20,0,37.26420587,-77.39609676,51570.0,869.3149107656883,13.245033112582783,131,151,18,0,133,151,17833,0,2,0,-2,0
2020-07-09,US,Virginia,Covington,5,0,0,37.7824656,-79.98631446,51580.0,90.2853015529072,0.0,5,5,0,0,5,5,5460,0,0,0,0,0
2020-07-09,US,Virginia,Craig,9,0,0,37.48133648,-80.21072274,51045.0,175.4044045994933,0.0,9,9,0,0,9,9,5064,0,0,0,0,0
2020-07-09,US,Virginia,Culpeper,837,12,0,38.48199985,-77.95630870000002,51047.0,1591.1035072711718,1.4336917562724014,825,831,11,0,820,829,51859,6,1,0,5,2
2020-07-09,US,Virginia,Cumberland,59,0,0,37.51328851,-78.24398086,51049.0,594.0394683850183,0.0,59,59,0,0,59,58,9809,0,0,0,0,1
2020-07-09,US,Virginia,Danville,102,2,0,36.58022376,-79.40395668,51590.0,254.719808210968,1.96078431372549,100,101,2,0,99,99,40693,1,0,0,1,2
2020-07-09,US,Virginia,Dickenson,5,0,0,37.12560977,-82.35124171,51051.0,34.92107836289985,0.0,5,5,0,0,5,5,14523,0,0,0,0,0
2020-07-09,US,Virginia,Dinwiddie,154,2,0,37.07544585,-77.63451754,51053.0,539.5179372197309,1.2987012987012987,152,154,2,0,152,152,28529,0,0,0,0,2
2020-07-09,US,Virginia,Emporia,147,15,0,36.69455571,-77.53406129,51595.0,2749.7194163860827,10.20408163265306,132,145,15,0,130,145,5121,2,0,0,2,0
2020-07-09,US,Virginia,Essex,64,0,0,37.93357639,-76.94230311,51057.0,584.3147995982836,0.0,64,59,0,0,59,59,10919,5,0,0,5,0
2020-07-09,US,Virginia,Fairfax,14284,497,0,38.83677558,-77.27565836,51059.0,1244.7583161079606,3.4794175301036123,13787,14253,495,0,13758,14191,1150795,31,2,0,29,62
2020-07-09,US,Virginia,Fairfax,14284,497,0,38.83677558,-77.27565836,51059.0,1244.7583161079606,3.4794175301036123,13787,14253,495,0,13758,14191,24574,31,2,0,29,62
2020-07-09,US,Virginia,Fairfax City,72,7,0,38.85157547,-77.29779640000002,51600.0,299.76268787210125,9.722222222222221,65,72,7,0,65,72,24574,0,0,0,0,0
2020-07-09,US,Virginia,Falls Church,53,7,0,38.88485255,-77.17560759,51610.0,362.5915030444004,13.20754716981132,46,54,8,0,46,54,14772,-1,-1,0,0,0
2020-07-09,US,Virginia,Fauquier,460,8,0,38.73564842,-77.80647472,51061.0,645.8678498216842,1.7391304347826086,452,455,8,0,447,450,70675,5,0,0,5,5
2020-07-09,US,Virginia,Floyd,20,1,0,36.9302126,-80.36738849,51063.0,126.9921899803162,5.0,19,20,1,0,19,21,15795,0,0,0,0,-1
2020-07-09,US,Virginia,Fluvanna,126,8,0,37.84157909,-78.27715475,51065.0,462.04620462046205,6.349206349206349,118,125,8,0,117,123,26783,1,0,0,1,2
2020-07-09,US,Virginia,Franklin,106,1,0,36.99536167,-79.88023649,51067.0,189.14385639341918,0.9433962264150944,105,104,1,0,103,104,56195,2,0,0,2,0
2020-07-09,US,Virginia,Franklin,106,1,0,36.99536167,-79.88023649,51067.0,189.14385639341918,0.9433962264150944,105,104,1,0,103,104,8013,2,0,0,2,0
2020-07-09,US,Virginia,Franklin City,66,3,0,36.6831435,-76.93859681,51620.0,828.4172210367767,4.545454545454546,63,61,2,0,59,58,8013,5,1,0,4,3
2020-07-09,US,Virginia,Frederick,534,6,0,39.20172582,-78.25974949,51069.0,597.8972825904402,1.1235955056179776,528,529,6,0,523,524,88355,5,0,0,5,5
2020-07-09,US,Virginia,Fredericksburg,264,0,0,38.2977863,-77.4922454,51630.0,909.2161454745833,0.0,264,263,0,0,263,260,29144,1,0,0,1,3
2020-07-09,US,Virginia,Galax,282,16,0,36.66601852,-80.91703124,51640.0,4443.043957775327,5.673758865248227,266,282,16,0,266,281,6423,0,0,0,0,1
2020-07-09,US,Virginia,Giles,18,0,0,37.31234791,-80.70636931,51071.0,107.65550239234449,0.0,18,18,0,0,18,18,16844,0,0,0,0,0
2020-07-09,US,Virginia,Gloucester,64,1,0,37.40809042,-76.53524337,51073.0,171.36125093713184,1.5625,63,52,1,0,51,53,37349,12,0,0,12,-1
2020-07-09,US,Virginia,Goochland,129,6,0,37.71714806,-77.90381514,51075.0,543.0892939839179,4.651162790697675,123,128,6,0,122,128,23244,1,0,0,1,0
2020-07-09,US,Virginia,Grayson,91,4,0,36.65677234,-81.23215889,51077.0,585.2090032154341,4.395604395604397,87,91,2,0,89,91,15631,0,2,0,-2,0
2020-07-09,US,Virginia,Greene,78,2,0,38.29545894,-78.46525378,51079.0,393.5617336898935,2.5641025641025643,76,76,2,0,74,76,19779,2,0,0,2,0
2020-07-09,US,Virginia,Greensville,373,8,0,36.67878901,-77.56351439,51081.0,3290.4022582921666,2.1447721179624666,365,370,8,0,362,367,11627,3,0,0,3,3
2020-07-09,US,Virginia,Halifax,73,1,0,36.76654925,-78.93512622,51083.0,215.26938161658455,1.3698630136986298,72,70,1,0,69,68,34120,3,0,0,3,2
2020-07-09,US,Virginia,Hampton,424,4,0,37.03513786,-76.35879121,51650.0,315.2181993903799,0.9433962264150944,420,409,5,0,404,390,134313,15,-1,0,16,19
2020-07-09,US,Virginia,Hanover,459,31,0,37.7583355,-77.49464673,51085.0,425.9228328044097,6.753812636165577,428,456,31,0,425,452,107239,3,0,0,3,4
2020-07-09,US,Virginia,Harrisonburg,975,28,0,38.43542574,-78.87536254,51660.0,1839.0674513354456,2.8717948717948723,947,972,28,0,944,967,54033,3,0,0,3,5
2020-07-09,US,Virginia,Henrico,2725,169,0,37.53460572,-77.39326555,51087.0,823.7157591183068,6.201834862385322,2556,2721,165,0,2556,2708,329261,4,4,0,0,13
2020-07-09,US,Virginia,Henry,330,5,0,36.68542395,-79.87634026,51089.0,652.7286033585854,1.5151515151515151,325,315,5,0,310,301,50953,15,0,0,15,14
2020-07-09,US,Virginia,Highland,3,0,0,38.35799465,-79.56124594,51091.0,136.98630136986299,0.0,3,3,0,0,3,3,2210,0,0,0,0,0
2020-07-09,US,Virginia,Hopewell,192,5,0,37.29186313,-77.29754684,51670.0,852.2348972435527,2.6041666666666665,187,191,4,0,187,191,22596,1,1,0,0,0
2020-07-09,US,Virginia,Isle of Wight,209,9,0,36.90579348,-76.70842863,51093.0,563.2056913417231,4.30622009569378,200,204,9,0,195,199,36953,5,0,0,5,5
2020-07-09,US,Virginia,James City,323,16,0,37.31156958,-76.76950618,51095.0,422.0953177476053,4.953560371517028,307,313,16,0,297,306,76397,10,0,0,10,7
2020-07-09,US,Virginia,King George,102,4,0,38.26818502,-77.15852768,51099.0,380.0864510359218,3.92156862745098,98,99,4,0,95,100,26575,3,0,0,3,-1
2020-07-09,US,Virginia,King William,54,1,0,37.70965316,-77.09384941,51101.0,314.9055283414976,1.851851851851852,53,47,1,0,46,47,16939,7,0,0,7,0
2020-07-09,US,Virginia,King and Queen,26,1,0,37.71044922,-76.88689628,51097.0,370.10676156583634,3.8461538461538463,25,25,1,0,24,24,7042,1,0,0,1,1
2020-07-09,US,Virginia,Lancaster,12,0,0,37.71889653,-76.46400482,51103.0,113.1755163632934,0.0,12,11,0,0,11,11,10783,1,0,0,1,0
2020-07-09,US,Virginia,Lee,15,0,0,36.70586667,-83.12606515,51105.0,64.0396191777313,0.0,15,15,0,0,15,16,23541,0,0,0,0,-1
2020-07-09,US,Virginia,Lexington,12,0,0,37.78258621,-79.44262866,51678.0,161.16035455278,0.0,12,13,0,0,13,13,7136,-1,0,0,-1,0
2020-07-09,US,Virginia,Loudoun,4319,99,0,39.08990083,-77.63481877,51107.0,1044.4022072941302,2.2921972678860847,4220,4282,98,0,4184,4252,406850,37,1,0,36,30
2020-07-09,US,Virginia,Louisa,134,2,0,37.97850256,-77.96274807,51109.0,356.46830358330453,1.492537313432836,132,133,2,0,131,132,36778,1,0,0,1,1
2020-07-09,US,Virginia,Lunenburg,39,0,0,36.94618528,-78.24133319,51111.0,319.7769760577238,0.0,39,39,0,0,39,39,12086,0,0,0,0,0
2020-07-09,US,Virginia,Lynchburg,169,1,0,37.40021399,-79.19888138,51680.0,205.67617564015183,0.591715976331361,168,169,1,0,168,169,82126,0,0,0,0,0
2020-07-09,US,Virginia,Madison,46,1,0,38.41531222,-78.28220331,51113.0,346.88183394917434,2.1739130434782608,45,46,1,0,45,46,13295,0,0,0,0,0
2020-07-09,US,Virginia,Manassas,1464,18,0,38.7464321,-77.48509905,51683.0,3563.3442862358525,1.2295081967213115,1446,1464,18,0,1446,1458,41641,0,0,0,0,6
2020-07-09,US,Virginia,Manassas Park,451,6,0,38.77058531,-77.44399307,51685.0,2580.38677194187,1.3303769401330376,445,449,6,0,443,447,17307,2,0,0,2,2
2020-07-09,US,Virginia,Martinsville,104,1,0,36.68212094,-79.86352771,51690.0,828.4212203281822,0.9615384615384616,103,101,1,0,100,98,12902,3,0,0,3,3
2020-07-09,US,Virginia,Mathews,7,0,0,37.44164146,-76.34098896,51115.0,79.23930269413628,0.0,7,6,0,0,6,6,8802,1,0,0,1,0
2020-07-09,US,Virginia,Mecklenburg,252,29,0,36.67882005,-78.36131056,51117.0,823.8794258998921,11.507936507936508,223,250,29,0,221,249,30650,2,0,0,2,1
2020-07-09,US,Virginia,Middlesex,15,0,0,37.63191998,-76.55064617,51119.0,141.75014175014175,0.0,15,15,0,0,15,15,10769,0,0,0,0,0
2020-07-09,US,Virginia,Montgomery,172,3,0,37.17746986,-80.37868691,51121.0,174.5572639163749,1.7441860465116281,169,170,3,0,167,167,98985,2,0,0,2,3
2020-07-09,US,Virginia,Nelson,22,0,0,37.78790447,-78.88498513,51125.0,147.35432016075018,0.0,22,22,0,0,22,21,14836,0,0,0,0,1
2020-07-09,US,Virginia,New Kent,62,1,0,37.50694406,-76.99828634,51127.0,268.5028799099216,1.6129032258064515,61,62,1,0,61,62,22391,0,0,0,0,0
2020-07-09,US,Virginia,Newport News,659,10,0,37.08166899,-76.51754109,51700.0,367.69423908494906,1.5174506828528074,649,634,10,0,624,613,178626,25,0,0,25,21
2020-07-09,US,Virginia,Norfolk,1289,14,0,36.89934014,-76.26420872,51710.0,531.0164701617356,1.0861132660977502,1275,1194,14,0,1180,1162,244076,95,0,0,95,32
2020-07-09,US,Virginia,Northampton,272,28,0,37.34062933,-75.87751591,51131.0,2322.801024765157,10.294117647058824,244,272,28,0,244,272,11735,0,0,0,0,0
2020-07-09,US,Virginia,Northumberland,37,1,0,37.89202088,-76.41949732,51133.0,305.9115336916081,2.702702702702702,36,37,1,0,36,37,12147,0,0,0,0,0
2020-07-09,US,Virginia,Norton,4,0,0,36.93357076,-82.62750411,51720.0,100.4772670183371,0.0,4,4,0,0,4,4,3968,0,0,0,0,0
2020-07-09,US,Virginia,Nottoway,114,4,0,37.1435975,-78.05065922,51135.0,748.4243697478993,3.5087719298245608,110,115,3,0,112,114,15420,-1,1,0,-2,1
2020-07-09,US,Virginia,Orange,155,3,0,38.24530219,-78.01560400000002,51137.0,418.3422849585705,1.935483870967742,152,154,3,0,151,154,36644,1,0,0,1,0
2020-07-09,US,Virginia,Page,295,23,0,38.61807452,-78.48797204,51139.0,1234.2063425654758,7.796610169491526,272,293,23,0,270,290,23933,2,0,0,2,3
2020-07-09,US,Virginia,Patrick,48,1,0,36.680163799999995,-80.2865648,51141.0,272.6033621081327,2.083333333333333,47,48,1,0,47,48,17673,0,0,0,0,0
2020-07-09,US,Virginia,Petersburg,314,8,0,37.20530399,-77.39368102,51730.0,1001.7227078415108,2.5477707006369426,306,313,7,0,306,311,31567,1,1,0,0,2
2020-07-09,US,Virginia,Pittsylvania,146,1,0,36.81980341,-79.39731264,51143.0,241.9060874175697,0.6849315068493149,145,146,1,0,145,139,60949,0,0,0,0,7
2020-07-09,US,Virginia,Poquoson,20,0,0,37.14259351,-76.35798148,51735.0,162.9859017195013,0.0,20,19,0,0,19,19,12190,1,0,0,1,0
2020-07-09,US,Virginia,Portsmouth,605,18,0,36.85914825,-76.35971629,51740.0,640.9034089705291,2.975206611570248,587,593,18,0,575,572,94632,12,0,0,12,21
2020-07-09,US,Virginia,Powhatan,86,2,0,37.55016038,-77.91267882,51145.0,290.03102657493594,2.3255813953488373,84,86,2,0,84,86,29189,0,0,0,0,0
2020-07-09,US,Virginia,Prince Edward,234,6,0,37.22554789,-78.43597949,51147.0,1026.2257696693273,2.5641025641025643,228,219,6,0,213,216,22950,15,0,0,15,3
2020-07-09,US,Virginia,Prince George,254,2,0,37.18497668,-77.22922187,51149.0,662.2689229004251,0.7874015748031497,252,254,2,0,252,246,38082,0,0,0,0,8
2020-07-09,US,Virginia,Prince William,7687,155,0,38.70916224,-77.48713689,51153.0,1634.3669937385055,2.0163913100039026,7532,7664,151,0,7513,7638,468011,23,4,0,19,26
2020-07-09,US,Virginia,Pulaski,48,2,0,37.06474963,-80.71229738,51155.0,141.06444882005462,4.166666666666667,46,48,2,0,46,48,34066,0,0,0,0,0
2020-07-09,US,Virginia,Radford,16,0,0,37.12222899,-80.56027320000003,51750.0,87.67603704312565,0.0,16,15,0,0,15,14,18339,1,0,0,1,1
2020-07-09,US,Virginia,Rappahannock,31,0,0,38.68295619,-78.15826963,51157.0,420.6241519674355,0.0,31,31,0,0,31,30,7252,0,0,0,0,1
2020-07-09,US,Virginia,Richmond,304,4,0,37.937575,-76.72920628,51159.0,3369.167682588939,1.3157894736842106,300,299,4,0,295,300,9038,5,0,0,5,-1
2020-07-09,US,Virginia,Richmond City,2333,33,0,37.53255773,-77.47966921,51760.0,1012.4286135846828,1.4144877839691383,2300,2321,29,0,2292,2301,228783,12,4,0,8,20
2020-07-09,US,Virginia,Roanoke,301,6,0,37.26865804,-80.06396753,51161.0,319.58040473106405,1.9933554817275747,295,296,6,0,290,292,94073,5,0,0,5,4
2020-07-09,US,Virginia,Roanoke City,542,10,0,37.27791025,-79.96189766,51770.0,546.685091231857,1.845018450184502,532,525,10,0,515,502,99920,17,0,0,17,23
2020-07-09,US,Virginia,Rockbridge,33,0,0,37.81204314,-79.44605905,51163.0,146.19235369689454,0.0,33,33,0,0,33,33,22752,0,0,0,0,0
2020-07-09,US,Virginia,Rockingham,763,12,0,38.51006137,-78.87260325,51165.0,931.0782447405674,1.5727391874180865,751,758,11,0,747,751,81244,5,1,0,4,7
2020-07-09,US,Virginia,Russell,15,0,0,36.93028320000001,-82.10095486,51167.0,56.42067253441661,0.0,15,15,0,0,15,14,26748,0,0,0,0,1
2020-07-09,US,Virginia,Salem,84,3,0,37.2836193,-80.06219455,51775.0,332.00268764080465,3.571428571428572,81,83,3,0,80,83,25643,1,0,0,1,0
2020-07-09,US,Virginia,Scott,11,2,0,36.71466456,-82.60171704,51169.0,51.00621348418807,18.181818181818183,9,11,2,0,9,11,21534,0,0,0,0,0
2020-07-09,US,Virginia,Shenandoah,604,35,0,38.85905135,-78.56813762,51171.0,1384.81291269259,5.794701986754967,569,601,34,0,567,600,43497,3,1,0,2,1
2020-07-09,US,Virginia,Smyth,42,1,0,36.84455636,-81.53344948,51173.0,139.51634334307732,2.380952380952381,41,42,1,0,41,42,30472,0,0,0,0,0
2020-07-09,US,Virginia,Southampton,168,9,0,36.72231125,-77.10642712,51175.0,952.8671090692528,5.357142857142857,159,166,8,0,158,165,17586,2,1,0,1,1
2020-07-09,US,Virginia,Spotsylvania,1060,31,0,38.18574462,-77.655399,51177.0,778.1815512241678,2.9245283018867925,1029,1053,31,0,1022,1048,134238,7,0,0,7,5
2020-07-09,US,Virginia,Stafford,1038,6,0,38.41758738,-77.45917053,51179.0,678.9550110542773,0.5780346820809249,1032,1029,5,0,1024,1022,149960,9,1,0,8,7
2020-07-09,US,Virginia,Staunton,85,0,0,38.15965544,-79.05979937,51790.0,340.9273223167014,0.0,85,84,0,0,84,81,24922,1,0,0,1,3
2020-07-09,US,Virginia,Suffolk,504,40,0,36.70155394,-76.63603554,51800.0,547.1837408259869,7.936507936507938,464,487,38,0,449,470,91185,17,2,0,15,17
2020-07-09,US,Virginia,Surry,17,1,0,37.11781893,-76.88450012,51181.0,264.71504204297725,5.882352941176472,16,17,1,0,16,17,6474,0,0,0,0,0
2020-07-09,US,Virginia,Sussex,210,7,0,36.92432914,-77.25791182,51183.0,1881.889058159333,3.333333333333333,203,212,5,0,207,211,11237,-2,2,0,-4,1
2020-07-09,US,Virginia,Tazewell,23,0,0,37.12191123,-81.56685568,51185.0,56.657223796034,0.0,23,23,0,0,23,22,40855,0,0,0,0,1
2020-07-09,US,Virginia,Virginia Beach,1547,30,0,36.73285734,-76.04566934,51810.0,343.7976416415171,1.9392372333548804,1517,1520,30,0,1490,1455,450189,27,0,0,27,65
2020-07-09,US,Virginia,Warren,303,7,0,38.90847745,-78.20280433,51187.0,754.4069315805199,2.31023102310231,296,302,8,0,294,300,40003,1,-1,0,2,2
2020-07-09,US,Virginia,Washington,74,4,0,36.72341572,-81.95666289,51191.0,137.70003721622626,5.405405405405406,70,70,4,0,66,68,54402,4,0,0,4,2
2020-07-09,US,Virginia,Waynesboro,114,0,0,38.06451466,-78.90293905,51820.0,503.75607600530265,0.0,114,113,0,0,113,102,22628,1,0,0,1,11
2020-07-09,US,Virginia,Westmoreland,124,2,0,38.11021557,-76.80213247,51193.0,688.315292811546,1.6129032258064515,122,118,2,0,116,118,17830,6,0,0,6,0
2020-07-09,US,Virginia,Williamsburg,78,6,0,37.28131268,-76.70905141,51830.0,521.599572020864,7.6923076923076925,72,77,6,0,71,75,14896,1,0,0,1,2
2020-07-09,US,Virginia,Winchester,334,3,0,39.17054517,-78.17325058,51840.0,1189.543414773132,0.8982035928143712,331,334,3,0,331,334,28108,0,0,0,0,0
2020-07-09,US,Virginia,Wise,34,2,0,36.9746148,-82.62410519,51195.0,90.95043201455206,5.882352941176472,32,33,2,0,31,32,38012,1,0,0,1,1
2020-07-09,US,Virginia,Wythe,57,1,0,36.91582035,-81.07834059,51197.0,198.71705480407195,1.7543859649122806,56,57,1,0,56,57,28754,0,0,0,0,0
2020-07-09,US,Virginia,York,140,3,0,37.24374789,-76.54412815,51199.0,205.0380785002929,2.142857142857143,137,135,3,0,132,131,67846,5,0,0,5,4
2020-07-09,US,Washington,Adams,218,0,0,46.98299757,-118.56017340000001,53001.0,1090.9272881949657,0.0,218,199,0,0,199,203,19759,19,0,0,19,-4
2020-07-09,US,Washington,Asotin,21,2,0,46.18894415,-117.2022851,53003.0,92.99442033477993,9.523809523809524,19,21,2,0,19,21,22610,0,0,0,0,0
2020-07-09,US,Washington,Benton,2183,90,0,46.23946995,-119.51208340000001,53005.0,1068.0561671314645,4.122766834631242,2093,2123,88,0,2035,2094,201877,60,2,0,58,29
2020-07-09,US,Washington,Chelan,491,6,0,47.87046092,-120.6173956,53007.0,636.0103626943005,1.2219959266802445,485,482,6,0,476,442,77036,9,0,0,9,40
2020-07-09,US,Washington,Clallam,47,0,0,48.04754642,-123.92263190000001,53009.0,60.77769587875496,0.0,47,46,0,0,46,46,76737,1,0,0,1,0
2020-07-09,US,Washington,Clark,1004,31,0,45.77568046,-122.48292040000001,53011.0,205.63615099919917,3.0876494023904377,973,990,30,0,960,962,481857,14,1,0,13,28
2020-07-09,US,Washington,Columbia,8,0,0,46.29442881,-117.9051983,53013.0,200.75282308657467,0.0,8,8,0,0,8,8,4059,0,0,0,0,0
2020-07-09,US,Washington,Cowlitz,234,0,0,46.19074721,-122.6782231,53015.0,211.5866284484552,0.0,234,229,0,0,229,218,108987,5,0,0,5,11
2020-07-09,US,Washington,Douglas,332,3,0,47.7361335,-119.69293700000001,53017.0,764.4661401367749,0.9036144578313252,329,325,3,0,322,308,42907,7,0,0,7,17
2020-07-09,US,Washington,Ferry,1,0,0,48.471143100000006,-118.5154041,53019.0,13.111315064901008,0.0,1,1,0,0,1,1,7649,0,0,0,0,0
2020-07-09,US,Washington,Franklin,2212,35,0,46.53351425,-118.9018212,53021.0,2322.992585746991,1.5822784810126582,2177,2140,34,0,2106,2113,94347,72,1,0,71,27
2020-07-09,US,Washington,Grant,738,8,0,47.20753737,-119.4500749,53025.0,755.118537239213,1.084010840108401,730,720,6,0,714,709,97331,18,2,0,16,11
2020-07-09,US,Washington,Grays Harbor,33,0,0,47.14003705,-123.7820567,53027.0,43.96424241616818,0.0,33,32,0,0,32,32,73901,1,0,0,1,0
2020-07-09,US,Washington,Island,202,12,0,48.14713305,-122.5216407,53029.0,237.2534971400383,5.9405940594059405,190,199,12,0,187,198,84460,3,0,0,3,1
2020-07-09,US,Washington,Jefferson,41,0,0,47.75003077,-123.56097040000002,53031.0,127.24620589056826,0.0,41,41,0,0,41,41,31729,0,0,0,0,0
2020-07-09,US,Washington,King,11419,632,0,47.49137892,-121.8346131,53033.0,506.8843767395159,5.534635257027762,10787,11284,628,0,10656,11182,2233163,135,4,0,131,102
2020-07-09,US,Washington,Kitsap,269,2,0,47.63479026,-122.6436061,53035.0,99.08904384598101,0.7434944237918215,267,261,2,0,259,251,269805,8,0,0,8,10
2020-07-09,US,Washington,Kittitas,165,0,0,47.12521214,-120.67943899999999,53037.0,344.2161260039637,0.0,165,162,0,0,162,160,47364,3,0,0,3,2
2020-07-09,US,Washington,Klickitat,76,3,0,45.87325839,-120.7913598,53039.0,338.90746934225194,3.947368421052632,73,73,3,0,70,70,22107,3,0,0,3,3
2020-07-09,US,Washington,Lewis,85,3,0,46.57756476,-122.39257690000001,53041.0,105.31924120584335,3.5294117647058822,82,79,3,0,76,78,79604,6,0,0,6,1
2020-07-09,US,Washington,Lincoln,4,0,0,47.57705241,-118.41943880000001,53043.0,36.56641374897157,0.0,4,4,0,0,4,4,10740,0,0,0,0,0
2020-07-09,US,Washington,Mason,55,1,0,47.35007586,-123.1863685,53045.0,82.37479031871554,1.818181818181818,54,55,1,0,54,55,65507,0,0,0,0,0
2020-07-09,US,Washington,Okanogan,161,2,0,48.54855019,-119.73872240000001,53047.0,381.12823426366487,1.2422360248447204,159,160,2,0,158,153,42132,1,0,0,1,7
2020-07-09,US,Washington,Pacific,18,1,0,46.55418369,-123.7285716,53049.0,80.10324418138934,5.5555555555555545,17,18,1,0,17,18,22036,0,0,0,0,0
2020-07-09,US,Washington,Pend Oreille,7,0,0,48.53234021,-117.2741804,53051.0,51.00553774409793,0.0,7,7,0,0,7,7,13602,0,0,0,0,0
2020-07-09,US,Washington,Pierce,2995,111,0,47.03892768,-122.14059579999999,53053.0,330.94654025503326,3.706176961602671,2884,2932,111,0,2821,2878,891299,63,0,0,63,54
2020-07-09,US,Washington,San Juan,20,0,0,48.60182783,-122.96745,53055.0,113.75270162666365,0.0,20,20,0,0,20,20,17128,0,0,0,0,0
2020-07-09,US,Washington,Skagit,571,16,0,48.48171488,-121.766131,53057.0,441.933361712008,2.8021015761821366,555,567,16,0,551,558,128206,4,0,0,4,9
2020-07-09,US,Washington,Skamania,19,0,0,46.02408726,-121.91644029999999,53059.0,157.24571712323097,0.0,19,18,0,0,18,14,11924,1,0,0,1,4
2020-07-09,US,Washington,Snohomish,3819,178,0,48.04615983,-121.7170703,53061.0,464.5516328643215,4.660905996334119,3641,3788,178,0,3610,3764,814901,31,0,0,31,24
2020-07-09,US,Washington,Spokane,1852,43,0,47.62113146,-117.4046494,53063.0,354.2477209170653,2.321814254859611,1809,1819,42,0,1777,1763,514631,33,1,0,32,56
2020-07-09,US,Washington,Stevens,21,1,0,48.40035475,-117.8542701,53065.0,45.92874483301622,4.761904761904762,20,20,1,0,19,20,45260,1,0,0,1,0
2020-07-09,US,Washington,Thurston,310,8,0,46.9291895,-122.82906559999999,53067.0,106.69934190599443,2.5806451612903225,302,304,8,0,296,299,286419,6,0,0,6,5
2020-07-09,US,Washington,Unassigned,145,0,0,0.0,0.0,90053.0,0.0,0.0,145,137,0,0,137,116,,8,0,0,8,21
2020-07-09,US,Washington,Wahkiakum,5,0,0,46.29180039999999,-123.4250831,53069.0,111.40819964349377,0.0,5,5,0,0,5,5,4426,0,0,0,0,0
2020-07-09,US,Washington,Walla Walla,199,3,0,46.23040051,-118.4775539,53071.0,327.51810401579985,1.5075376884422111,196,195,3,0,192,193,60922,4,0,0,4,2
2020-07-09,US,Washington,Whatcom,689,40,0,48.82227976,-121.74900179999999,53073.0,300.5491893023682,5.805515239477503,649,685,40,0,645,681,225685,4,0,0,4,4
2020-07-09,US,Washington,Whitman,44,0,0,46.90022523,-117.52417630000001,53075.0,87.81733993293949,0.0,44,39,0,0,39,39,49791,5,0,0,5,0
2020-07-09,US,Washington,Yakima,7868,178,0,46.45738486,-120.73801259999999,53077.0,3136.2482212115287,2.2623284189120487,7690,7753,174,0,7579,7696,251446,115,4,0,111,57
2020-07-09,US,West Virginia,Barbour,17,1,0,39.1307219,-80.00350858,54001.0,103.40003649413052,5.882352941176472,16,17,1,0,16,17,16535,0,0,0,0,0
2020-07-09,US,West Virginia,Berkeley,517,10,0,39.46704621,-78.02414609,54003.0,433.8303781960376,1.9342359767891684,507,508,10,0,498,500,117123,9,0,0,9,8
2020-07-09,US,West Virginia,Boone,29,0,0,38.01974191,-81.69888019,54005.0,135.15402898820898,0.0,29,27,0,0,27,28,21951,2,0,0,2,-1
2020-07-09,US,West Virginia,Braxton,3,0,0,38.70036159,-80.72011184,54007.0,21.49459052805044,0.0,3,3,0,0,3,3,14089,0,0,0,0,0
2020-07-09,US,West Virginia,Brooke,19,0,0,40.27367263,-80.57915332,54009.0,86.60376498473039,0.0,19,15,0,0,15,15,22203,4,0,0,4,0
2020-07-09,US,West Virginia,Cabell,186,0,0,38.42424062,-82.23855912,54011.0,202.29485018217412,0.0,186,184,0,0,184,172,93224,2,0,0,2,12
2020-07-09,US,West Virginia,Calhoun,4,0,0,38.84315422,-81.11934872,54013.0,56.2667041778028,0.0,4,4,0,0,4,2,7254,0,0,0,0,2
2020-07-09,US,West Virginia,Clay,11,1,0,38.46231092,-81.07652217,54015.0,129.29007992477668,9.090909090909092,10,11,1,0,10,11,8632,0,0,0,0,0
2020-07-09,US,West Virginia,Fayette,79,4,0,38.02974928,-81.08286634,54019.0,186.294392302976,5.063291139240507,75,78,4,0,74,75,43018,1,0,0,1,3
2020-07-09,US,West Virginia,Gilmer,13,0,0,38.9251277,-80.85952723,54021.0,166.17665857088068,0.0,13,13,0,0,13,13,8026,0,0,0,0,0
2020-07-09,US,West Virginia,Grant,16,0,0,39.10314817,-79.19440518,54023.0,138.31258644536652,0.0,16,16,0,0,16,16,11626,0,0,0,0,0
2020-07-09,US,West Virginia,Greenbrier,68,3,0,37.9463652,-80.45335881,54025.0,196.18025503433154,4.411764705882354,65,67,3,0,64,67,34786,1,0,0,1,0
2020-07-09,US,West Virginia,Hampshire,42,1,0,39.32103553,-78.60826476,54027.0,181.2297734627832,2.380952380952381,41,42,1,0,41,42,23347,0,0,0,0,0
2020-07-09,US,West Virginia,Hancock,35,0,0,40.51943859,-80.57461608,54029.0,121.48559527941687,0.0,35,34,0,0,34,32,29094,1,0,0,1,2
2020-07-09,US,West Virginia,Hardy,46,0,0,39.00683177,-78.85855301,54031.0,333.91405342624853,0.0,46,46,0,0,46,45,13775,0,0,0,0,1
2020-07-09,US,West Virginia,Harrison,104,1,0,39.2853852,-80.37919577,54033.0,154.63304389199473,0.9615384615384616,103,91,1,0,90,84,67554,13,0,0,13,7
2020-07-09,US,West Virginia,Jackson,149,18,0,38.84263974,-81.68148753,54035.0,521.4165733482644,12.080536912751676,131,148,18,0,130,145,28706,1,0,0,1,3
2020-07-09,US,West Virginia,Jefferson,252,4,0,39.30776166,-77.86014147,54037.0,440.97574633395163,1.5873015873015872,248,249,4,0,245,249,56811,3,0,0,3,0
2020-07-09,US,West Virginia,Kanawha,384,20,0,38.33860077,-81.52857054,54039.0,215.58015764299032,5.208333333333333,364,376,20,0,356,360,180454,8,0,0,8,16
2020-07-09,US,West Virginia,Lewis,20,2,0,38.9947249,-80.49988181,54041.0,125.73081033507259,10.0,18,20,2,0,18,20,16024,0,0,0,0,0
2020-07-09,US,West Virginia,Lincoln,10,0,0,38.172154,-82.07017953,54043.0,48.997991082365616,0.0,10,10,0,0,10,9,20599,0,0,0,0,1
2020-07-09,US,West Virginia,Logan,31,1,0,37.8299889,-81.93528571,54045.0,96.81751460070585,3.2258064516129035,30,30,1,0,29,28,32607,1,0,0,1,2
2020-07-09,US,West Virginia,Marion,96,2,0,39.50984542,-80.24244659,54049.0,171.20844628334999,2.083333333333333,94,95,2,0,93,90,56097,1,0,0,1,5
2020-07-09,US,West Virginia,Marshall,55,0,0,39.86064362,-80.66591062,54051.0,180.14477088860505,0.0,55,49,0,0,49,45,30785,6,0,0,6,4
2020-07-09,US,West Virginia,Mason,23,0,0,38.77071799,-82.02524219,54053.0,86.7400814602504,0.0,23,21,0,0,21,21,26718,2,0,0,2,0
2020-07-09,US,West Virginia,McDowell,8,0,0,37.38002939,-81.65083669,54047.0,45.39264639128462,0.0,8,6,0,0,6,6,18223,2,0,0,2,0
2020-07-09,US,West Virginia,Mercer,61,0,0,37.40481169,-81.11023142,54055.0,103.81565063480714,0.0,61,59,0,0,59,57,59131,2,0,0,2,2
2020-07-09,US,West Virginia,Mineral,62,3,0,39.41561583,-78.94104895,54057.0,230.75777877028443,4.838709677419356,59,61,3,0,58,58,26940,1,0,0,1,3
2020-07-09,US,West Virginia,Mingo,27,2,0,37.73048351,-82.13338365,54059.0,115.26639344262293,7.407407407407407,25,26,2,0,24,22,23785,1,0,0,1,4
2020-07-09,US,West Virginia,Monongalia,419,5,0,39.63218457,-80.04766838,54061.0,396.73521948263453,1.1933174224343674,414,395,5,0,390,309,106420,24,0,0,24,86
2020-07-09,US,West Virginia,Monroe,15,0,0,37.56274716,-80.54577965,54063.0,112.99435028248587,0.0,15,15,0,0,15,15,13280,0,0,0,0,0
2020-07-09,US,West Virginia,Morgan,20,0,0,39.55439028,-78.26311676,54065.0,111.83180496533214,0.0,20,20,0,0,20,20,17787,0,0,0,0,0
2020-07-09,US,West Virginia,Nicholas,16,1,0,38.29617706,-80.79759588,54067.0,65.31678641410842,6.25,15,15,1,0,14,15,24842,1,0,0,1,0
2020-07-09,US,West Virginia,Ohio,122,1,0,40.0955451,-80.62203992,54069.0,294.6077129265172,0.819672131147541,121,113,1,0,112,110,41755,9,0,0,9,3
2020-07-09,US,West Virginia,Pendleton,14,1,0,38.68314479,-79.35084086,54071.0,200.8896541828096,7.142857142857142,13,14,1,0,13,14,6997,0,0,0,0,0
2020-07-09,US,West Virginia,Pleasants,6,0,0,39.37091679,-81.16771771,54073.0,80.42895442359249,0.0,6,5,0,0,5,5,7507,1,0,0,1,0
2020-07-09,US,West Virginia,Pocahontas,37,0,0,38.32758728,-80.00993811,54075.0,448.64799320965204,0.0,37,37,0,0,37,37,8414,0,0,0,0,0
2020-07-09,US,West Virginia,Preston,94,2,0,39.46770987,-79.66712803,54077.0,281.1677434793013,2.127659574468085,92,91,2,0,89,89,33839,3,0,0,3,2
2020-07-09,US,West Virginia,Putnam,78,0,0,38.50782345,-81.9082131,54079.0,138.17537643932684,0.0,78,75,0,0,75,70,56682,3,0,0,3,5
2020-07-09,US,West Virginia,Raleigh,68,0,0,37.76936795,-81.2456041,54081.0,92.69230244953043,0.0,68,65,0,0,65,65,74254,3,0,0,3,0
2020-07-09,US,West Virginia,Randolph,176,0,0,38.769899,-79.87919615,54083.0,613.3472730440842,0.0,176,172,0,0,172,171,28823,4,0,0,4,1
2020-07-09,US,West Virginia,Ritchie,2,0,0,39.18094587,-81.06356878,54085.0,20.933640360058615,0.0,2,2,0,0,2,2,9721,0,0,0,0,0
2020-07-09,US,West Virginia,Roane,12,1,0,38.71622686,-81.35243568,54087.0,87.66803039158388,8.333333333333334,11,11,1,0,10,11,13932,1,0,0,1,0
2020-07-09,US,West Virginia,Summers,2,0,0,37.65390597,-80.86009693,54089.0,15.90710252127575,0.0,2,2,0,0,2,2,12760,0,0,0,0,0
2020-07-09,US,West Virginia,Taylor,20,0,0,39.33602617,-80.0421439,54091.0,119.79634621144056,0.0,20,19,0,0,19,18,16862,1,0,0,1,1
2020-07-09,US,West Virginia,Tucker,6,0,0,39.11240885,-79.57053576,54093.0,87.73212457961691,0.0,6,6,0,0,6,6,6955,0,0,0,0,0
2020-07-09,US,West Virginia,Tyler,7,0,0,39.46811972,-80.88772676,54095.0,81.4806192527063,0.0,7,7,0,0,7,5,8746,0,0,0,0,2
2020-07-09,US,West Virginia,Upshur,23,0,0,38.89285061,-80.23689136,54097.0,95.13567174056915,0.0,23,22,0,0,22,22,24415,1,0,0,1,0
2020-07-09,US,West Virginia,Wayne,121,9,0,38.14901357,-82.42287994,54099.0,307.09101060859854,7.43801652892562,112,120,9,0,111,120,39944,1,0,0,1,0
2020-07-09,US,West Virginia,Webster,1,0,0,38.49370949,-80.4202023,54101.0,12.324377618930244,0.0,1,1,0,0,1,1,8285,0,0,0,0,0
2020-07-09,US,West Virginia,Wetzel,26,0,0,39.6065771,-80.64016540000001,54103.0,172.585462993694,0.0,26,25,0,0,25,18,15270,1,0,0,1,7
2020-07-09,US,West Virginia,Wirt,5,0,0,39.02775007,-81.37473928,54105.0,85.89589417625837,0.0,5,5,0,0,5,5,5830,0,0,0,0,0
2020-07-09,US,West Virginia,Wood,162,2,0,39.20967886,-81.5162836,54107.0,193.97016212074044,1.2345679012345678,160,157,2,0,155,136,84203,5,0,0,5,21
2020-07-09,US,West Virginia,Wyoming,7,0,0,37.612327,-81.54511071,54109.0,34.32382073158772,0.0,7,7,0,0,7,7,20786,0,0,0,0,0
2020-07-09,US,Wisconsin,Adams,35,2,0,43.96974651,-89.76782777,55001.0,173.09594460929767,5.7142857142857135,33,35,2,0,33,33,20348,0,0,0,0,2
2020-07-09,US,Wisconsin,Ashland,3,0,0,46.31956891,-90.67837132,55003.0,19.27772779848349,0.0,3,3,0,0,3,3,15600,0,0,0,0,0
2020-07-09,US,Wisconsin,Barron,39,1,0,45.42372701,-91.84833627,55005.0,86.19927504199455,2.5641025641025643,38,37,1,0,36,36,45164,2,0,0,2,1
2020-07-09,US,Wisconsin,Bayfield,4,1,0,46.52868768,-91.19716729,55007.0,26.60281989890929,25.0,3,4,1,0,3,4,15042,0,0,0,0,0
2020-07-09,US,Wisconsin,Brown,3123,43,0,44.452655299999996,-88.00411844,55009.0,1180.5308797846844,1.3768812039705411,3080,3087,42,0,3045,3072,263378,36,1,0,35,15
2020-07-09,US,Wisconsin,Buffalo,11,2,0,44.37835084,-91.75332578,55011.0,84.41408947893484,18.181818181818183,9,10,2,0,8,9,13125,1,0,0,1,1
2020-07-09,US,Wisconsin,Burnett,6,1,0,45.86303537,-92.36711412,55013.0,38.92565200467108,16.666666666666668,5,5,1,0,4,5,15392,1,0,0,1,0
2020-07-09,US,Wisconsin,Calumet,133,2,0,44.0816316,-88.21780273,55015.0,265.5273612968915,1.5037593984962403,131,127,2,0,125,125,50159,6,0,0,6,2
2020-07-09,US,Wisconsin,Chippewa,127,0,0,45.06939744,-91.28068855,55017.0,196.41807664944787,0.0,127,124,0,0,124,118,64135,3,0,0,3,6
2020-07-09,US,Wisconsin,Clark,93,7,0,44.73483377,-90.61207486,55019.0,267.4411916949445,7.526881720430107,86,88,7,0,81,87,34709,5,0,0,5,1
2020-07-09,US,Wisconsin,Columbia,110,1,0,43.46492199,-89.33589004,55021.0,191.19794201487858,0.9090909090909092,109,105,1,0,104,104,57358,5,0,0,5,1
2020-07-09,US,Wisconsin,Crawford,44,0,0,43.23870316,-90.93073686,55023.0,272.7667224598599,0.0,44,44,0,0,44,41,16291,0,0,0,0,3
2020-07-09,US,Wisconsin,Dane,2652,33,0,43.06601594,-89.41733797,55025.0,485.09680900685026,1.2443438914027152,2619,2587,32,0,2555,2510,542364,65,1,0,64,77
2020-07-09,US,Wisconsin,Dodge,492,5,0,43.41576662,-88.70928178,55027.0,560.1156661619553,1.0162601626016259,487,488,5,0,483,487,87847,4,0,0,4,1
2020-07-09,US,Wisconsin,Door,52,3,0,44.95856458,-87.30002707,55029.0,187.94274974700014,5.769230769230768,49,50,3,0,47,49,27610,2,0,0,2,1
2020-07-09,US,Wisconsin,Douglas,48,0,0,46.43222285,-91.91595768,55031.0,111.23986095017379,0.0,48,47,0,0,47,46,43208,1,0,0,1,1
2020-07-09,US,Wisconsin,Dunn,50,0,0,44.94562799,-91.8962481,55033.0,110.20983953447364,0.0,50,48,0,0,48,47,45131,2,0,0,2,1
2020-07-09,US,Wisconsin,Eau Claire,314,1,0,44.726614,-91.28609183,55035.0,300.05924736731464,0.3184713375796178,313,307,1,0,306,300,104534,7,0,0,7,7
2020-07-09,US,Wisconsin,Florence,4,0,0,45.84963535,-88.39804137,55037.0,93.13154831199068,0.0,4,4,0,0,4,4,4321,0,0,0,0,0
2020-07-09,US,Wisconsin,Fond du Lac,354,6,0,43.75354908,-88.48885325,55039.0,342.349835111167,1.6949152542372878,348,347,6,0,341,339,103066,7,0,0,7,8
2020-07-09,US,Wisconsin,Forest,45,3,0,45.66678019,-88.77084892,55041.0,499.77787649933373,6.666666666666668,42,41,3,0,38,40,8991,4,0,0,4,1
2020-07-09,US,Wisconsin,Grant,185,13,0,42.8671731,-90.7063218,55043.0,359.6492933377398,7.027027027027027,172,180,13,0,167,178,51554,5,0,0,5,2
2020-07-09,US,Wisconsin,Green,103,1,0,42.6794956,-89.60243287,55045.0,278.6796536796536,0.9708737864077671,102,101,1,0,100,100,36929,2,0,0,2,1
2020-07-09,US,Wisconsin,Green Lake,41,0,0,43.80025981,-89.04679553,55047.0,216.7821075450748,0.0,41,41,0,0,41,40,18918,0,0,0,0,1
2020-07-09,US,Wisconsin,Iowa,38,0,0,43.00050278,-90.13469017,55049.0,160.48652757834273,0.0,38,38,0,0,38,38,23771,0,0,0,0,0
2020-07-09,US,Wisconsin,Iron,9,1,0,46.26302338,-90.24295041,55051.0,158.2556708282047,11.111111111111109,8,8,1,0,7,8,5676,1,0,0,1,0
2020-07-09,US,Wisconsin,Jackson,32,1,0,44.31864893,-90.80566792,55053.0,155.01622826139612,3.125,31,31,1,0,30,31,20478,1,0,0,1,0
2020-07-09,US,Wisconsin,Jefferson,315,4,0,43.02054068,-88.77529134,55055.0,371.5981077988416,1.2698412698412698,311,303,4,0,299,292,85129,12,0,0,12,11
2020-07-09,US,Wisconsin,Juneau,47,1,0,43.92456975,-90.11120239,55057.0,176.11571176977554,2.127659574468085,46,44,1,0,43,43,26617,3,0,0,3,1
2020-07-09,US,Wisconsin,Kenosha,1666,44,0,42.57639354,-88.04051686,55059.0,982.5372579779547,2.641056422569028,1622,1628,44,0,1584,1610,169290,38,0,0,38,18
2020-07-09,US,Wisconsin,Kewaunee,69,1,0,44.51727459,-87.61468386,55061.0,337.67250660663603,1.4492753623188406,68,67,1,0,66,64,20383,2,0,0,2,3
2020-07-09,US,Wisconsin,La Crosse,556,0,0,43.90632465,-91.11451093,55063.0,471.1225596529284,0.0,556,540,0,0,540,524,118230,16,0,0,16,16
2020-07-09,US,Wisconsin,Lafayette,76,0,0,42.66005229,-90.1317729,55065.0,456.04560456045607,0.0,76,76,0,0,76,76,16665,0,0,0,0,0
2020-07-09,US,Wisconsin,Langlade,10,1,0,45.26271619,-89.07483625,55067.0,52.11318984835062,10.0,9,11,1,0,10,11,19268,-1,0,0,-1,0
2020-07-09,US,Wisconsin,Lincoln,21,0,0,45.33737523,-89.73411273,55069.0,76.10625883376218,0.0,21,18,0,0,18,17,27689,3,0,0,3,1
2020-07-09,US,Wisconsin,Manitowoc,132,1,0,44.11946801,-87.80928853,55071.0,167.1288031298667,0.7575757575757576,131,128,1,0,127,122,79074,4,0,0,4,6
2020-07-09,US,Wisconsin,Marathon,240,1,0,44.89792533,-89.75863384,55073.0,176.87114936768563,0.4166666666666667,239,233,1,0,232,226,135428,7,0,0,7,7
2020-07-09,US,Wisconsin,Marinette,75,3,0,45.38553432,-88.03324599999998,55075.0,185.87360594795533,4.0,72,73,3,0,70,71,40434,2,0,0,2,2
2020-07-09,US,Wisconsin,Marquette,44,1,0,43.81911946,-89.40073763,55077.0,282.52215230512394,2.272727272727273,43,35,1,0,34,31,15434,9,0,0,9,4
2020-07-09,US,Wisconsin,Menominee,9,0,0,45.00422544,-88.70950714,55078.0,197.5417032484636,0.0,9,9,0,0,9,7,4658,0,0,0,0,2
2020-07-09,US,Wisconsin,Milwaukee,13004,397,0,43.00486062,-87.96733172,55079.0,1375.0282851481295,3.0529067979083364,12607,12728,397,0,12331,12539,948201,276,0,0,276,189
2020-07-09,US,Wisconsin,Monroe,110,1,0,43.94641218,-90.61881899999999,55081.0,237.82241151925282,0.9090909090909092,109,103,1,0,102,90,46051,7,0,0,7,13
2020-07-09,US,Wisconsin,Oconto,73,0,0,45.02715345,-88.26807503,55083.0,192.45979435802795,0.0,73,69,0,0,69,69,37830,4,0,0,4,0
2020-07-09,US,Wisconsin,Oneida,24,0,0,45.70677897,-89.51944105,55085.0,67.42520016856301,0.0,24,22,0,0,22,21,35470,2,0,0,2,1
2020-07-09,US,Wisconsin,Outagamie,597,9,0,44.41578887,-88.46565023,55087.0,317.7475583468611,1.5075376884422111,588,581,9,0,572,577,187365,16,0,0,16,4
2020-07-09,US,Wisconsin,Ozaukee,281,15,0,43.38352225,-87.94625009,55089.0,314.94827450936435,5.338078291814947,266,275,15,0,260,273,89147,6,0,0,6,2
2020-07-09,US,Wisconsin,Pepin,4,0,0,44.58307413,-91.99949611,55091.0,54.892273912446825,0.0,4,2,0,0,2,1,7289,2,0,0,2,1
2020-07-09,US,Wisconsin,Pierce,83,0,0,44.71850291,-92.4224416,55093.0,194.1338822098517,0.0,83,80,0,0,80,77,42555,3,0,0,3,3
2020-07-09,US,Wisconsin,Polk,63,2,0,45.46130348,-92.44182875,55095.0,143.89146472375126,3.1746031746031744,61,63,2,0,61,61,43598,0,0,0,0,2
2020-07-09,US,Wisconsin,Portage,211,0,0,44.47558711,-89.50152965,55097.0,298.14050754535685,0.0,211,204,0,0,204,200,70942,7,0,0,7,4
2020-07-09,US,Wisconsin,Price,4,0,0,45.68051754,-90.36098879999999,55099.0,29.96030259905625,0.0,4,2,0,0,2,2,13397,2,0,0,2,0
2020-07-09,US,Wisconsin,Racine,2294,65,0,42.74753117,-88.05941254,55101.0,1168.553978126544,2.8334786399302527,2229,2272,65,0,2207,2253,196584,22,0,0,22,19
2020-07-09,US,Wisconsin,Richland,15,4,0,43.3762778,-90.43012729,55103.0,86.94644099234871,26.66666666666667,11,15,4,0,11,15,17377,0,0,0,0,0
2020-07-09,US,Wisconsin,Rock,982,24,0,42.67151616,-89.07147900000002,55105.0,601.1484261175118,2.4439918533604894,958,964,24,0,940,947,163129,18,0,0,18,17
2020-07-09,US,Wisconsin,Rusk,11,1,0,45.47498854,-91.1333012,55107.0,77.58499083086474,9.090909090909092,10,11,1,0,10,11,14147,0,0,0,0,0
2020-07-09,US,Wisconsin,Sauk,137,3,0,43.42574087,-89.94966132,55111.0,212.59427081716893,2.18978102189781,134,130,3,0,127,123,64249,7,0,0,7,7
2020-07-09,US,Wisconsin,Sawyer,15,0,0,45.87931905,-91.14504927,55113.0,90.59065104481218,0.0,15,14,0,0,14,13,16489,1,0,0,1,1
2020-07-09,US,Wisconsin,Shawano,89,0,0,44.78902246,-88.76443896,55115.0,217.60923249957213,0.0,89,87,0,0,87,86,40796,2,0,0,2,1
2020-07-09,US,Wisconsin,Sheboygan,265,4,0,43.72099677,-87.94579284,55117.0,229.755505462112,1.509433962264151,261,255,4,0,251,245,115456,10,0,0,10,10
2020-07-09,US,Wisconsin,St. Croix,243,1,0,45.03437474,-92.45000068,55109.0,267.9546131198518,0.41152263374485604,242,238,1,0,237,231,89694,5,0,0,5,7
2020-07-09,US,Wisconsin,Taylor,18,0,0,45.21179252,-90.5004405,55119.0,88.48252470137146,0.0,18,17,0,0,17,16,20412,1,0,0,1,1
2020-07-09,US,Wisconsin,Trempealeau,168,0,0,44.30360275,-91.35893614,55121.0,566.629565921279,0.0,168,158,0,0,158,140,29442,10,0,0,10,18
2020-07-09,US,Wisconsin,Vernon,40,0,0,43.59422667,-90.8324691,55123.0,129.77743170462657,0.0,40,39,0,0,39,38,30785,1,0,0,1,1
2020-07-09,US,Wisconsin,Vilas,14,0,0,46.05467334,-89.51719204,55125.0,63.077269655327775,0.0,14,14,0,0,14,14,21938,0,0,0,0,0
2020-07-09,US,Wisconsin,Walworth,723,18,0,42.66858202,-88.54163073,55127.0,696.0757885007895,2.489626556016597,705,713,18,0,695,701,103718,10,0,0,10,12
2020-07-09,US,Wisconsin,Washburn,5,0,0,45.89838588,-91.79050449,55129.0,31.806615776081422,0.0,5,5,0,0,5,5,15878,0,0,0,0,0
2020-07-09,US,Wisconsin,Washington,461,17,0,43.36863664,-88.22974712,55131.0,338.88586676860194,3.6876355748373104,444,451,17,0,434,443,135693,10,0,0,10,8
2020-07-09,US,Wisconsin,Waukesha,1526,39,0,43.01833055,-88.30431188,55133.0,377.53774140396536,2.5557011795543905,1487,1483,39,0,1444,1429,403072,43,0,0,43,54
2020-07-09,US,Wisconsin,Waupaca,157,11,0,44.47068056,-88.96534501,55135.0,307.90351049225336,7.0063694267515935,146,152,11,0,141,145,51128,5,0,0,5,7
2020-07-09,US,Wisconsin,Waushara,38,0,0,44.11324419,-89.24317107,55137.0,155.4637319477969,0.0,38,36,0,0,36,34,24263,2,0,0,2,2
2020-07-09,US,Wisconsin,Winnebago,747,13,0,44.06886922,-88.64477096,55139.0,434.53727887753263,1.7402945113788488,734,726,13,0,713,723,171020,21,0,0,21,3
2020-07-09,US,Wisconsin,Wood,99,1,0,44.45537896,-90.04158336,55141.0,135.61829614104306,1.0101010101010102,98,93,1,0,92,86,73055,6,0,0,6,7
2020-07-09,US,Wyoming,Albany,45,0,0,41.65498705,-105.72354150000001,56001.0,115.74074074074076,0.0,45,45,0,0,45,43,38601,0,0,0,0,2
2020-07-09,US,Wyoming,Big Horn,26,0,0,44.52405055,-107.9960365,56003.0,220.52586938083118,0.0,26,25,0,0,25,24,11881,1,0,0,1,1
2020-07-09,US,Wyoming,Campbell,75,0,0,44.24886082,-105.54744040000001,56005.0,161.8437237003949,0.0,75,75,0,0,75,75,46140,0,0,0,0,0
2020-07-09,US,Wyoming,Carbon,29,0,0,41.69357844,-106.9326084,56007.0,195.945945945946,0.0,29,29,0,0,29,27,14971,0,0,0,0,2
2020-07-09,US,Wyoming,Converse,27,0,0,42.97272268,-105.5081848,56009.0,195.340761105484,0.0,27,27,0,0,27,27,13640,0,0,0,0,0
2020-07-09,US,Wyoming,Crook,7,0,0,44.58855102,-104.56977049999999,56011.0,92.2995780590717,0.0,7,7,0,0,7,7,7450,0,0,0,0,0
2020-07-09,US,Wyoming,Fremont,379,0,0,43.04183996,-108.6296893,56013.0,965.3345559206336,0.0,379,373,0,0,373,370,39531,6,0,0,6,3
2020-07-09,US,Wyoming,Goshen,9,0,0,42.08798185,-104.3534743,56015.0,68.12504730906063,0.0,9,9,0,0,9,8,13376,0,0,0,0,1
2020-07-09,US,Wyoming,Hot Springs,12,0,0,43.71930657,-108.44231740000001,56017.0,271.92386131883075,0.0,12,12,0,0,12,12,4555,0,0,0,0,0
2020-07-09,US,Wyoming,Johnson,20,1,0,44.04057166,-106.58451740000001,56019.0,236.82652457075199,5.0,19,20,1,0,19,20,8460,0,0,0,0,0
2020-07-09,US,Wyoming,Laramie,307,0,0,41.30702520000001,-104.6887497,56021.0,308.5427135678392,0.0,307,302,0,0,302,298,98976,5,0,0,5,4
2020-07-09,US,Wyoming,Lincoln,39,0,0,42.26376367,-110.6563997,56023.0,196.6717095310136,0.0,39,37,0,0,37,37,19434,2,0,0,2,0
2020-07-09,US,Wyoming,Natrona,158,0,0,42.96180148,-106.79788500000001,56025.0,197.85118585489244,0.0,158,155,0,0,155,153,79115,3,0,0,3,2
2020-07-09,US,Wyoming,Niobrara,2,0,0,43.05607708,-104.47588959999999,56027.0,84.88964346349746,0.0,2,2,0,0,2,2,2388,0,0,0,0,0
2020-07-09,US,Wyoming,Park,80,0,0,44.52157546,-109.58528249999999,56029.0,274.0289100500103,0.0,80,76,0,0,76,70,29324,4,0,0,4,6
2020-07-09,US,Wyoming,Platte,4,0,0,42.13299116,-104.96633100000001,56031.0,47.658763255093525,0.0,4,4,0,0,4,4,8566,0,0,0,0,0
2020-07-09,US,Wyoming,Sheridan,27,0,0,44.79048913,-106.8862389,56033.0,88.56814826964079,0.0,27,27,0,0,27,27,30233,0,0,0,0,0
2020-07-09,US,Wyoming,Sublette,6,0,0,42.76558279,-109.91309220000001,56035.0,61.03143118706135,0.0,6,6,0,0,6,6,9813,0,0,0,0,0
2020-07-09,US,Wyoming,Sweetwater,126,0,0,41.65943896,-108.8827882,56037.0,297.56984625557936,0.0,126,124,0,0,124,122,43051,2,0,0,2,2
2020-07-09,US,Wyoming,Teton,149,0,0,43.93522482,-110.5890801,56039.0,635.0153426525742,0.0,149,149,0,0,149,146,23081,0,0,0,0,3
2020-07-09,US,Wyoming,Uinta,198,0,0,41.2878183,-110.54757820000002,56041.0,978.9380005932958,0.0,198,192,0,0,192,190,20299,6,0,0,6,2
2020-07-09,US,Wyoming,Unassigned,0,20,0,0.0,0.0,90056.0,0.0,0.0,-20,0,20,0,-20,0,,0,0,0,0,0
2020-07-09,US,Wyoming,Washakie,43,0,0,43.90451606,-107.68018700000002,56043.0,550.9288917360666,0.0,43,43,0,0,43,40,7885,0,0,0,0,3
2020-07-09,US,Wyoming,Weston,1,0,0,43.83961191,-104.56748809999999,56045.0,14.436263894903998,0.0,1,1,0,0,1,1,6967,0,0,0,0,0
