Date,Country/Region,Province/State,Admin2,Confirmed,Deaths,Recovered,Latitude,Longitude,FIPS,Incidence_Rate,Case-Fatality_Ratio,Active Cases,Previous Confirmed,Previous Deaths,Previous Recovered,Previous Active,Prev2 Confirmed,Population,Daily Confirmed,Daily Deaths,Daily Recovered,Daily Active,Previous Daily Confirmed
2020-06-18,US,Alabama,Autauga,394,7,0,32.53952745,-86.64408227,1001.0,705.2211423150584,1.7766497461928934,387,369,6,0,363,367,55601,25,1,0,24,2
2020-06-18,US,Alabama,Baldwin,386,9,0,30.72774991,-87.72207058,1003.0,172.91272834783229,2.33160621761658,377,377,9,0,368,374,218022,9,0,0,9,3
2020-06-18,US,Alabama,Barbour,262,1,0,31.868263,-85.3871286,1005.0,1061.3303086769831,0.3816793893129771,261,250,1,0,249,244,24881,12,0,0,12,6
2020-06-18,US,Alabama,Bibb,118,1,0,32.99642064,-87.12511459999996,1007.0,526.9268554076983,0.8474576271186439,117,115,1,0,114,113,22400,3,0,0,3,2
2020-06-18,US,Alabama,Blount,127,1,0,33.98210918,-86.56790593,1009.0,219.62439041261717,0.7874015748031497,126,121,1,0,120,119,57840,6,0,0,6,2
2020-06-18,US,Alabama,Bullock,318,8,0,32.10030533,-85.71265535,1011.0,3148.203148203149,2.5157232704402515,310,311,8,0,303,308,10138,7,0,0,7,3
2020-06-18,US,Alabama,Butler,563,25,0,31.75300095,-86.68057478,1013.0,2894.8992184286303,4.440497335701599,538,551,25,0,526,548,19680,12,0,0,12,3
2020-06-18,US,Alabama,Calhoun,202,4,0,33.77483727,-85.82630386,1015.0,177.80907530478413,1.98019801980198,198,200,4,0,196,198,114277,2,0,0,2,2
2020-06-18,US,Alabama,Chambers,487,26,0,32.91360079,-85.39072749,1017.0,1464.485475431527,5.338809034907596,461,472,26,0,446,471,33615,15,0,0,15,1
2020-06-18,US,Alabama,Cherokee,53,5,0,34.17805983,-85.60638968,1019.0,202.32096503282943,9.433962264150944,48,51,5,0,46,51,26032,2,0,0,2,0
2020-06-18,US,Alabama,Chilton,145,2,0,32.85044126,-86.7173256,1021.0,326.37075718015666,1.3793103448275863,143,143,2,0,141,138,44153,2,0,0,2,5
2020-06-18,US,Alabama,Choctaw,182,11,0,32.02227341,-88.26564429999998,1023.0,1445.706569227103,6.043956043956044,171,180,11,0,169,177,12841,2,0,0,2,3
2020-06-18,US,Alabama,Clarke,201,4,0,31.68099859,-87.83548597,1025.0,850.9017018034036,1.9900497512437807,197,197,3,0,194,194,23920,4,1,0,3,3
2020-06-18,US,Alabama,Clay,30,2,0,33.26984193,-85.85836077,1027.0,226.67170381564037,6.666666666666668,28,30,2,0,28,30,13275,0,0,0,0,0
2020-06-18,US,Alabama,Cleburne,22,1,0,33.67679204,-85.52005899,1029.0,147.55197853789403,4.545454545454546,21,22,1,0,21,22,14987,0,0,0,0,0
2020-06-18,US,Alabama,Coffee,300,1,0,31.39932826,-85.98901039,1031.0,573.1534905047572,0.3333333333333333,299,297,1,0,296,296,51909,3,0,0,3,1
2020-06-18,US,Alabama,Colbert,284,5,0,34.69847452,-87.80168544,1033.0,514.1108958925437,1.7605633802816902,279,276,5,0,271,269,54762,8,0,0,8,7
2020-06-18,US,Alabama,Conecuh,121,1,0,31.43401703,-86.99320044,1035.0,1002.7347310847766,0.8264462809917356,120,109,1,0,108,107,12277,12,0,0,12,2
2020-06-18,US,Alabama,Coosa,46,1,0,32.93690146,-86.24847739,1037.0,431.39829316327484,2.1739130434782608,45,46,1,0,45,46,10715,0,0,0,0,0
2020-06-18,US,Alabama,Covington,198,1,0,31.247785399999998,-86.45050893,1039.0,534.4273799562741,0.5050505050505051,197,182,1,0,181,180,36986,16,0,0,16,2
2020-06-18,US,Alabama,Crenshaw,112,3,0,31.72941803,-86.31593104,1041.0,813.2442637234968,2.6785714285714284,109,112,3,0,109,112,13824,0,0,0,0,0
2020-06-18,US,Alabama,Cullman,291,1,0,34.13020303,-86.86888037,1043.0,347.38802406646937,0.3436426116838488,290,282,1,0,281,278,83442,9,0,0,9,4
2020-06-18,US,Alabama,Dale,190,0,0,31.43037123,-85.61095742,1045.0,386.39876352395686,0.0,190,183,0,0,183,182,48956,7,0,0,7,1
2020-06-18,US,Alabama,Dallas,564,6,0,32.32688101,-87.10866709999998,1047.0,1516.292074416604,1.0638297872340423,558,531,6,0,525,523,38310,33,0,0,33,8
2020-06-18,US,Alabama,DeKalb,362,5,0,34.45946862,-85.80782906,1049.0,506.2016696265015,1.3812154696132597,357,352,5,0,347,335,71385,10,0,0,10,17
2020-06-18,US,Alabama,Elmore,603,10,0,32.59785413,-86.14415284,1051.0,742.5285374773732,1.658374792703151,593,576,10,0,566,568,81887,27,0,0,27,8
2020-06-18,US,Alabama,Escambia,123,4,0,31.1256789,-87.15918694,1053.0,335.76283678650395,3.2520325203252027,119,113,4,0,109,112,36748,10,0,0,10,1
2020-06-18,US,Alabama,Etowah,356,12,0,34.04567266,-86.04051873,1055.0,348.1049790745884,3.3707865168539324,344,342,12,0,330,339,102501,14,0,0,14,3
2020-06-18,US,Alabama,Fayette,49,1,0,33.72076938,-87.73886638,1057.0,300.57661636609004,2.0408163265306123,48,49,0,0,49,47,16433,0,1,0,-1,2
2020-06-18,US,Alabama,Franklin,760,10,0,34.44235334,-87.84289505,1059.0,2423.3148396148204,1.3157894736842106,750,754,10,0,744,737,31363,6,0,0,6,17
2020-06-18,US,Alabama,Geneva,49,0,0,31.09389027,-85.83572839,1061.0,186.51745270450303,0.0,49,48,0,0,48,48,26314,1,0,0,1,0
2020-06-18,US,Alabama,Greene,144,5,0,32.85504247,-87.95684022,1063.0,1775.3667858463816,3.4722222222222223,139,135,5,0,130,135,8233,9,0,0,9,0
2020-06-18,US,Alabama,Hale,248,15,0,32.76039258,-87.63284988,1065.0,1692.7172206675311,6.048387096774193,233,237,15,0,222,236,14726,11,0,0,11,1
2020-06-18,US,Alabama,Henry,110,2,0,31.51148016,-85.24267944,1067.0,639.3490264458006,1.818181818181818,108,109,2,0,107,109,17209,1,0,0,1,0
2020-06-18,US,Alabama,Houston,333,5,0,31.15197924,-85.29939599,1069.0,314.5010483368278,1.5015015015015014,328,328,5,0,323,319,104722,5,0,0,5,9
2020-06-18,US,Alabama,Jackson,139,3,0,34.78144169,-85.99750489,1071.0,269.24417928950527,2.1582733812949644,136,134,3,0,131,125,51736,5,0,0,5,9
2020-06-18,US,Alabama,Jefferson,2708,124,0,33.55554728,-86.89506300000002,1073.0,411.1920774158674,4.579025110782865,2584,2647,120,0,2527,2599,659300,61,4,0,57,48
2020-06-18,US,Alabama,Lamar,52,0,0,33.77995024,-88.09668032,1075.0,376.67511771097435,0.0,52,50,0,0,50,49,13844,2,0,0,2,1
2020-06-18,US,Alabama,Lauderdale,280,4,0,34.90171875,-87.65624729,1077.0,301.95515965879065,1.4285714285714286,276,265,4,0,261,260,92387,15,0,0,15,5
2020-06-18,US,Alabama,Lawrence,71,0,0,34.52041498,-87.31069453,1079.0,215.6481593974001,0.0,71,67,0,0,67,66,32957,4,0,0,4,1
2020-06-18,US,Alabama,Lee,784,35,0,32.60154883,-85.35132246,1081.0,476.4740917212626,4.464285714285714,749,753,35,0,718,739,163941,31,0,0,31,14
2020-06-18,US,Alabama,Limestone,255,0,0,34.81185586,-86.98310072,1083.0,257.7970985189304,0.0,255,242,0,0,242,236,96174,13,0,0,13,6
2020-06-18,US,Alabama,Lowndes,405,14,0,32.1597283,-86.65158371,1085.0,4164.0962368908085,3.45679012345679,391,401,14,0,387,398,9974,4,0,0,4,3
2020-06-18,US,Alabama,Macon,136,6,0,32.38759944,-85.69267724,1087.0,752.711976975869,4.411764705882354,130,133,6,0,127,132,18439,3,0,0,3,1
2020-06-18,US,Alabama,Madison,625,6,0,34.76327133,-86.55069633,1089.0,167.60121101931034,0.96,619,577,6,0,571,577,366519,48,0,0,48,0
2020-06-18,US,Alabama,Marengo,234,10,0,32.24767634,-87.78796182,1091.0,1240.5237767057201,4.2735042735042725,224,225,9,0,216,222,19066,9,1,0,8,3
2020-06-18,US,Alabama,Marion,161,12,0,34.13697363,-87.88704173,1093.0,541.9233228987848,7.453416149068322,149,149,12,0,137,145,29763,12,0,0,12,4
2020-06-18,US,Alabama,Marshall,994,9,0,34.36975964,-86.30486727,1095.0,1027.1353876041085,0.9054325955734408,985,956,9,0,947,926,96109,38,0,0,38,30
2020-06-18,US,Alabama,Mobile,2834,130,0,30.78472347,-88.20842409,1097.0,685.8498100239588,4.587155963302751,2704,2788,130,0,2658,2771,413757,46,0,0,46,17
2020-06-18,US,Alabama,Monroe,151,2,0,31.56729412,-87.36995001,1099.0,728.3075290599527,1.3245033112582782,149,148,2,0,146,144,21067,3,0,0,3,4
2020-06-18,US,Alabama,Montgomery,3059,73,0,32.2206831,-86.20969272,1101.0,1350.6353593599604,2.386400784570121,2986,2956,71,0,2885,2922,225763,103,2,0,101,34
2020-06-18,US,Alabama,Morgan,701,2,0,34.45500589,-86.85475946,1103.0,585.7335037893031,0.28530670470756064,699,676,2,0,674,664,119089,25,0,0,25,12
2020-06-18,US,Alabama,Perry,84,0,0,32.64048341,-87.29770589,1105.0,941.3874257536703,0.0,84,79,0,0,79,79,9140,5,0,0,5,0
2020-06-18,US,Alabama,Pickens,149,6,0,33.28094866,-88.08818103,1107.0,747.6166583040642,4.026845637583893,143,142,6,0,136,142,19938,7,0,0,7,0
2020-06-18,US,Alabama,Pike,344,3,0,31.80396383,-85.9408295,1109.0,1038.8355378389806,0.8720930232558141,341,342,2,0,340,340,33338,2,1,0,1,2
2020-06-18,US,Alabama,Randolph,142,8,0,33.29526734,-85.45708831,1111.0,624.9449872370391,5.633802816901407,134,141,8,0,133,141,22725,1,0,0,1,0
2020-06-18,US,Alabama,Russell,327,0,0,32.28725256,-85.18415324,1113.0,564.1724607926019,0.0,327,313,0,0,313,301,57781,14,0,0,14,12
2020-06-18,US,Alabama,Shelby,711,20,0,33.26879845,-86.66232561,1117.0,326.5932329514658,2.8129395218002813,691,687,20,0,667,674,215707,24,0,0,24,13
2020-06-18,US,Alabama,St. Clair,182,2,0,33.71902176,-86.31029372,1115.0,203.3246938957905,1.0989010989010992,180,180,2,0,178,176,88690,2,0,0,2,4
2020-06-18,US,Alabama,Sumter,266,12,0,32.59117397,-88.19916205,1119.0,2140.500523054639,4.511278195488722,254,264,11,0,253,263,12691,2,1,0,1,1
2020-06-18,US,Alabama,Talladega,168,6,0,33.37823223,-86.16886178,1121.0,210.05776588561852,3.571428571428572,162,166,6,0,160,165,79828,2,0,0,2,1
2020-06-18,US,Alabama,Tallapoosa,498,68,0,32.86698258,-85.79833053,1123.0,1233.6809770356974,13.654618473895583,430,482,68,0,414,474,40497,16,0,0,16,8
2020-06-18,US,Alabama,Tuscaloosa,1467,28,0,33.28726072,-87.52556818,1125.0,700.7236512144443,1.9086571233810496,1439,1418,25,0,1393,1405,208911,49,3,0,46,13
2020-06-18,US,Alabama,Unassigned,410,9,0,0.0,0.0,90001.0,0.0,2.1951219512195124,401,398,6,0,392,388,,12,3,0,9,10
2020-06-18,US,Alabama,Walker,642,8,0,33.80270512,-87.30027177,1127.0,1010.6893783158324,1.2461059190031152,634,616,6,0,610,611,63711,26,2,0,24,5
2020-06-18,US,Alabama,Washington,91,6,0,31.4092794,-88.20689944,1129.0,557.3931152762465,6.593406593406592,85,88,6,0,82,88,16378,3,0,0,3,0
2020-06-18,US,Alabama,Wilcox,238,8,0,31.98773215,-87.30891118,1131.0,2294.418201099007,3.361344537815126,230,230,8,0,222,226,10627,8,0,0,8,4
2020-06-18,US,Alabama,Winston,165,1,0,34.15030532,-87.37325922,1133.0,698.2944686613907,0.6060606060606061,164,149,1,0,148,132,23660,16,0,0,16,17
2020-06-18,US,Alaska,Anchorage,332,6,0,61.14998174,-149.14269860000005,2020.0,115.27777777777777,1.8072289156626504,326,330,6,0,324,326,291538,2,0,0,2,4
2020-06-18,US,Alaska,Bethel,5,0,0,60.90980451,-159.8561831,2050.0,27.194604590449252,0.0,5,5,0,0,5,5,18216,0,0,0,0,0
2020-06-18,US,Alaska,Fairbanks North Star,106,2,0,64.80726247,-146.5692662,2090.0,109.44872946545654,1.8867924528301887,104,102,2,0,100,96,98971,4,0,0,4,6
2020-06-18,US,Alaska,Haines,1,0,0,59.09893571,-135.4679843,2100.0,39.52569169960474,0.0,1,1,0,0,1,1,2474,0,0,0,0,0
2020-06-18,US,Alaska,Juneau,39,0,0,58.45031811,-134.200436,2110.0,121.97410395946709,0.0,39,38,0,0,38,37,32113,1,0,0,1,1
2020-06-18,US,Alaska,Kenai Peninsula,116,2,0,60.24429722,-151.53888840000005,2122.0,197.58806295564492,1.7241379310344829,114,115,2,0,113,113,58533,1,0,0,1,2
2020-06-18,US,Alaska,Ketchikan Gateway,21,0,0,55.57445008,-130.975561,2130.0,151.06826846989426,0.0,21,20,0,0,20,19,13918,1,0,0,1,1
2020-06-18,US,Alaska,Kodiak Island,3,0,0,57.65529415,-153.7493579,2150.0,23.08047391906447,0.0,3,3,0,0,3,2,13345,0,0,0,0,1
2020-06-18,US,Alaska,Matanuska-Susitna,51,1,0,62.31305045,-149.5741743,2170.0,47.084021898686274,1.96078431372549,50,48,1,0,47,46,107610,3,0,0,3,2
2020-06-18,US,Alaska,Nome,5,0,0,64.90320724,-164.0353804,2180.0,49.980007996801284,0.0,5,5,0,0,5,5,10008,0,0,0,0,0
2020-06-18,US,Alaska,North Slope,2,0,0,69.31479216,-153.4836093,2185.0,20.34174125305126,0.0,2,2,0,0,2,1,9872,0,0,0,0,1
2020-06-18,US,Alaska,Northwest Arctic,4,0,0,67.04919196,-159.7503946,2188.0,52.48655032148013,0.0,4,4,0,0,4,4,7671,0,0,0,0,0
2020-06-18,US,Alaska,Petersburg,4,1,0,57.13978948,-132.9540995,2195.0,122.47397428046541,25.0,3,4,1,0,3,4,3221,0,0,0,0,0
2020-06-18,US,Alaska,Prince of Wales-Hyder,2,0,0,55.76261984,-133.0511621,2198.0,32.24246332419797,0.0,2,2,0,0,2,2,6422,0,0,0,0,0
2020-06-18,US,Alaska,Sitka,9,0,0,57.24124555,-135.3206587,2220.0,105.9696220416814,0.0,9,9,0,0,9,8,8647,0,0,0,0,1
2020-06-18,US,Alaska,Southeast Fairbanks,3,0,0,63.87692095,-143.2127643,2240.0,43.52241404323227,0.0,3,3,0,0,3,3,6918,0,0,0,0,0
2020-06-18,US,Alaska,Wrangell,3,0,0,56.3202004,-132.05837309999998,2275.0,119.90407673860909,0.0,3,3,0,0,3,2,2503,0,0,0,0,1
2020-06-18,US,Alaska,Yukon-Koyukuk,1,0,0,65.50815459,-151.39073869999999,2290.0,19.120458891013385,0.0,1,1,0,0,1,1,5327,0,0,0,0,0
2020-06-18,US,Arizona,Apache,2059,61,0,35.39465006,-109.4892383,4001.0,2864.2174523905574,2.9626032054395335,1998,1998,58,0,1940,1996,71818,61,3,0,58,2
2020-06-18,US,Arizona,Cochise,267,5,0,31.87934684,-109.7516088,4003.0,212.03602229951875,1.8726591760299625,262,248,5,0,243,241,126770,19,0,0,19,7
2020-06-18,US,Arizona,Coconino,1439,88,0,35.83883429,-111.77071780000001,4005.0,1002.9551980819092,6.115357887421822,1351,1410,88,0,1322,1393,142854,29,0,0,29,17
2020-06-18,US,Arizona,Gila,115,3,0,33.80190085,-110.8132779,4007.0,212.89199896330854,2.608695652173913,112,99,3,0,96,91,53889,16,0,0,16,8
2020-06-18,US,Arizona,Graham,58,1,0,32.93166885,-109.8882178,4009.0,149.34212220305378,1.7241379310344829,57,56,1,0,55,55,38072,2,0,0,2,1
2020-06-18,US,Arizona,Greenlee,13,1,0,33.21498827,-109.2405279,4011.0,136.870920193725,7.6923076923076925,12,12,1,0,11,12,9483,1,0,0,1,0
2020-06-18,US,Arizona,La Paz,245,3,0,33.72854224,-113.98100290000001,4012.0,1160.6973659276105,1.2244897959183674,242,238,3,0,235,238,21098,7,0,0,7,0
2020-06-18,US,Arizona,Maricopa,23880,598,0,33.34835867,-112.49181540000001,4013.0,532.3923276647373,2.504187604690117,23282,22272,579,0,21693,20775,4410824,1608,19,0,1589,1497
2020-06-18,US,Arizona,Mohave,676,72,0,35.70471703,-113.7577902,4015.0,318.5959157511747,10.650887573964496,604,636,71,0,565,624,209550,40,1,0,39,12
2020-06-18,US,Arizona,Navajo,2874,93,0,35.3997715,-110.3218983,4017.0,2590.963181998485,3.2359081419624216,2781,2771,90,0,2681,2749,110445,103,3,0,100,22
2020-06-18,US,Arizona,Pima,4682,235,0,32.0971334,-111.7890033,4019.0,447.0632944993645,5.019222554463903,4447,4385,229,0,4156,4329,1039073,297,6,0,291,56
2020-06-18,US,Arizona,Pinal,1888,47,0,32.90525627,-111.3449483,4021.0,407.96129553641083,2.489406779661017,1841,1793,47,0,1746,1727,447138,95,0,0,95,66
2020-06-18,US,Arizona,Santa Cruz,1210,13,0,31.52508998,-110.8479088,4023.0,2602.26246290163,1.0743801652892562,1197,1165,13,0,1152,1104,46511,45,0,0,45,61
2020-06-18,US,Arizona,Unassigned,0,1,0,0.0,0.0,90004.0,0.0,0.0,-1,0,1,0,-1,0,,0,0,0,0,0
2020-06-18,US,Arizona,Yavapai,402,7,0,34.59933926,-112.5538588,4025.0,170.9917949459589,1.7412935323383083,395,387,7,0,380,384,231993,15,0,0,15,3
2020-06-18,US,Arizona,Yuma,3637,55,0,32.76895712,-113.90666740000002,4027.0,1701.2259866128436,1.512235358812208,3582,3467,53,0,3414,3467,212128,170,2,0,168,0
2020-06-18,US,Arkansas,Arkansas,16,0,0,34.29145151,-91.37277296,5001.0,91.50177284684892,0.0,16,14,0,0,14,8,17769,2,0,0,2,6
2020-06-18,US,Arkansas,Ashley,51,1,0,33.19153461,-91.76984709999999,5003.0,259.4495599531973,1.96078431372549,50,48,1,0,47,47,20046,3,0,0,3,1
2020-06-18,US,Arkansas,Baxter,14,0,0,36.28784385,-92.33782872,5005.0,33.38738910617189,0.0,14,14,0,0,14,14,41619,0,0,0,0,0
2020-06-18,US,Arkansas,Benton,1657,11,0,36.33644656,-94.25680817,5007.0,593.6068151937551,0.6638503319251661,1646,1612,9,0,1603,1514,272608,45,2,0,43,98
2020-06-18,US,Arkansas,Boone,10,0,0,36.3084504,-93.09374925,5009.0,26.715110066253477,0.0,10,10,0,0,10,10,37480,0,0,0,0,0
2020-06-18,US,Arkansas,Bradley,35,2,0,33.46755808,-92.15980837,5011.0,325.188144569358,5.7142857142857135,33,35,2,0,33,35,10897,0,0,0,0,0
2020-06-18,US,Arkansas,Carroll,100,1,0,36.34038560000001,-93.54270261,5015.0,352.3608174770965,1.0,99,95,1,0,94,92,28223,5,0,0,5,3
2020-06-18,US,Arkansas,Chicot,66,2,0,33.26458973,-91.29539209,5017.0,652.3028266455823,3.0303030303030303,64,62,2,0,60,58,10438,4,0,0,4,4
2020-06-18,US,Arkansas,Clark,50,0,0,34.04613432,-93.17484713,5019.0,224.01433691756276,0.0,50,50,0,0,50,48,22061,0,0,0,0,2
2020-06-18,US,Arkansas,Clay,24,0,0,36.36826212,-90.4148172,5021.0,164.93711772386774,0.0,24,23,0,0,23,22,14847,1,0,0,1,1
2020-06-18,US,Arkansas,Cleburne,76,4,0,35.53864922,-92.02640019,5023.0,304.9881616437257,5.2631578947368425,72,75,4,0,71,75,24965,1,0,0,1,0
2020-06-18,US,Arkansas,Cleveland,20,0,0,33.89723187,-92.18537045,5025.0,251.3826043237808,0.0,20,20,0,0,20,20,8018,0,0,0,0,0
2020-06-18,US,Arkansas,Columbia,29,2,0,33.21230701,-93.22642793,5027.0,123.63047277998041,6.896551724137932,27,28,2,0,26,29,23537,1,0,0,1,-1
2020-06-18,US,Arkansas,Conway,25,3,0,35.26205537,-92.70506566,5029.0,119.9270843327257,12.0,22,24,3,0,21,24,20891,1,0,0,1,0
2020-06-18,US,Arkansas,Craighead,372,5,0,35.83018283,-90.63235729,5031.0,337.164195337708,1.3440860215053765,367,369,2,0,367,365,108558,3,3,0,0,4
2020-06-18,US,Arkansas,Crawford,75,0,0,35.58928601,-94.2446814,5033.0,118.56395339646204,0.0,75,69,0,0,69,65,63406,6,0,0,6,4
2020-06-18,US,Arkansas,Crittenden,562,10,0,35.21247318,-90.30839406,5035.0,1171.93201960171,1.7793594306049825,552,554,10,0,544,545,48342,8,0,0,8,9
2020-06-18,US,Arkansas,Cross,81,1,0,35.29631396,-90.77185818,5037.0,493.33089713137224,1.2345679012345678,80,79,1,0,78,79,16676,2,0,0,2,0
2020-06-18,US,Arkansas,Dallas,4,0,0,33.97042763,-92.65167437,5039.0,57.069482094449995,0.0,4,4,0,0,4,4,7182,0,0,0,0,0
2020-06-18,US,Arkansas,Desha,25,0,0,33.83011025,-91.25500948,5041.0,220.05105184402785,0.0,25,25,0,0,25,23,11512,0,0,0,0,2
2020-06-18,US,Arkansas,Drew,29,1,0,33.59035001,-91.71777921,5043.0,159.1744881716889,3.4482758620689653,28,27,1,0,26,26,18328,2,0,0,2,1
2020-06-18,US,Arkansas,Faulkner,205,3,0,35.14719007,-92.33717519,5045.0,162.6893743998349,1.4634146341463414,202,195,3,0,192,180,124806,10,0,0,10,15
2020-06-18,US,Arkansas,Franklin,9,0,0,35.51202821,-93.89299569,5047.0,50.80440304826418,0.0,9,9,0,0,9,9,17810,0,0,0,0,0
2020-06-18,US,Arkansas,Fulton,9,0,0,36.38177105,-91.81729127,5049.0,72.1327242125511,0.0,9,9,0,0,9,9,12269,0,0,0,0,0
2020-06-18,US,Arkansas,Garland,170,1,0,34.57692074,-93.14921604,5051.0,171.05024852594934,0.5882352941176471,169,168,1,0,167,165,99154,2,0,0,2,3
2020-06-18,US,Arkansas,Grant,24,0,0,34.29017991,-92.42320562,5053.0,131.3988502600602,0.0,24,24,0,0,24,24,18188,0,0,0,0,0
2020-06-18,US,Arkansas,Greene,78,0,0,36.11735460000001,-90.55832668,5055.0,172.09045780474355,0.0,78,76,0,0,76,74,45325,2,0,0,2,2
2020-06-18,US,Arkansas,Hempstead,41,1,0,33.73325583,-93.66935133,5057.0,190.41426713728404,2.4390243902439024,40,40,1,0,39,40,21741,1,0,0,1,0
2020-06-18,US,Arkansas,Hot Spring,46,0,0,34.31709259,-92.95396325,5059.0,136.2115424476622,0.0,46,44,0,0,44,43,33701,2,0,0,2,1
2020-06-18,US,Arkansas,Howard,47,0,0,34.09007427,-93.9934871,5061.0,356.00666565671867,0.0,47,45,0,0,45,42,13341,2,0,0,2,3
2020-06-18,US,Arkansas,Independence,43,0,0,35.74242707,-91.57001641,5063.0,113.68142762723066,0.0,43,43,0,0,43,43,37678,0,0,0,0,0
2020-06-18,US,Arkansas,Izard,20,1,0,36.09604046,-91.90847954,5065.0,146.74590945777388,5.0,19,20,1,0,19,20,13593,0,0,0,0,0
2020-06-18,US,Arkansas,Jackson,20,0,0,35.59802983,-91.21494602,5067.0,119.62437944853158,0.0,20,20,0,0,20,16,16811,0,0,0,0,4
2020-06-18,US,Arkansas,Jefferson,637,28,0,34.26767081,-91.92619839,5069.0,953.2503292230336,4.395604395604397,609,634,28,0,606,633,68114,3,0,0,3,1
2020-06-18,US,Arkansas,Johnson,107,0,0,35.56759135,-93.46036368,5071.0,402.58860711866964,0.0,107,99,0,0,99,93,26742,8,0,0,8,6
2020-06-18,US,Arkansas,Lafayette,12,1,0,33.24116713,-93.60677071,5073.0,181.15942028985503,8.333333333333334,11,12,1,0,11,11,6682,0,0,0,0,1
2020-06-18,US,Arkansas,Lawrence,92,9,0,36.04188196,-91.10867198,5075.0,560.7704498354261,9.782608695652174,83,92,9,0,83,91,16434,0,0,0,0,1
2020-06-18,US,Arkansas,Lee,571,1,0,34.78498904,-90.78383866,5077.0,6446.8781754544425,0.17513134851138354,570,569,1,0,568,545,8985,2,0,0,2,24
2020-06-18,US,Arkansas,Lincoln,995,11,0,33.95317155,-91.74002806,5079.0,7639.742014742014,1.105527638190955,984,995,11,0,984,995,13383,0,0,0,0,0
2020-06-18,US,Arkansas,Little River,34,0,0,33.70375665,-94.23468591,5081.0,277.34725507790193,0.0,34,34,0,0,34,34,12326,0,0,0,0,0
2020-06-18,US,Arkansas,Logan,21,0,0,35.21413234,-93.71951016,5083.0,97.82912512810957,0.0,21,20,0,0,20,20,21737,1,0,0,1,0
2020-06-18,US,Arkansas,Lonoke,80,0,0,34.75392199,-91.88742357,5085.0,109.12711945327314,0.0,80,78,0,0,78,75,73657,2,0,0,2,3
2020-06-18,US,Arkansas,Madison,128,0,0,36.01038185,-93.72524943,5087.0,772.2007722007722,0.0,128,128,0,0,128,122,16481,0,0,0,0,6
2020-06-18,US,Arkansas,Marion,2,0,0,36.26844485,-92.68451899,5089.0,11.980352222355338,0.0,2,2,0,0,2,2,16722,0,0,0,0,0
2020-06-18,US,Arkansas,Miller,77,2,0,33.31403423,-93.89285258,5091.0,178.0058718820075,2.5974025974025974,75,77,2,0,75,73,43592,0,0,0,0,4
2020-06-18,US,Arkansas,Mississippi,105,2,0,35.76271485,-90.05194370000002,5093.0,258.29622887505843,1.9047619047619049,103,102,2,0,100,98,41239,3,0,0,3,4
2020-06-18,US,Arkansas,Monroe,7,0,0,34.6815935,-91.20540287,5095.0,104.46202059394122,0.0,7,7,0,0,7,7,6900,0,0,0,0,0
2020-06-18,US,Arkansas,Montgomery,2,0,0,34.53704874,-93.65824478,5097.0,22.2568439795237,0.0,2,2,0,0,2,2,8924,0,0,0,0,0
2020-06-18,US,Arkansas,Nevada,87,1,0,33.66340119,-93.30632432,5099.0,1054.2898691226371,1.1494252873563218,86,86,1,0,85,83,8326,1,0,0,1,3
2020-06-18,US,Arkansas,Newton,3,0,0,35.91947491,-93.21612969,5101.0,38.6946988262608,0.0,3,3,0,0,3,3,7805,0,0,0,0,0
2020-06-18,US,Arkansas,Ouachita,17,0,0,33.58839816,-92.87795984,5103.0,72.70549995723206,0.0,17,17,0,0,17,16,23606,0,0,0,0,1
2020-06-18,US,Arkansas,Perry,17,0,0,34.945915299999996,-92.94372564,5105.0,162.60162601626016,0.0,17,16,0,0,16,16,10352,1,0,0,1,0
2020-06-18,US,Arkansas,Phillips,64,1,0,34.43268455,-90.84800154,5107.0,359.91452030142835,1.5625,63,53,1,0,52,52,18029,11,0,0,11,1
2020-06-18,US,Arkansas,Pike,7,0,0,34.16250414,-93.65789349,5109.0,65.31069229333829,0.0,7,7,0,0,7,7,10673,0,0,0,0,0
2020-06-18,US,Arkansas,Poinsett,52,3,0,35.57433534,-90.66268713,5111.0,221.01326079564774,5.769230769230768,49,52,3,0,49,51,23974,0,0,0,0,1
2020-06-18,US,Arkansas,Polk,60,0,0,34.48254879,-94.22728802,5113.0,300.54097375275495,0.0,60,60,0,0,60,58,20049,0,0,0,0,2
2020-06-18,US,Arkansas,Pope,301,2,0,35.44871474,-93.03212219,5115.0,469.78399300786623,0.6644518272425249,299,291,2,0,289,285,64000,10,0,0,10,6
2020-06-18,US,Arkansas,Prairie,12,0,0,34.83624419,-91.55162157,5117.0,148.8464400893079,0.0,12,12,0,0,12,9,8074,0,0,0,0,3
2020-06-18,US,Arkansas,Pulaski,1394,48,0,34.77054088,-92.31355101,5119.0,355.693001727433,3.443328550932568,1346,1365,46,0,1319,1343,392680,29,2,0,27,22
2020-06-18,US,Arkansas,Randolph,29,1,0,36.3415714,-91.02455531,5121.0,161.48791624902555,3.4482758620689653,28,29,0,0,29,29,17948,0,1,0,-1,0
2020-06-18,US,Arkansas,Saline,190,2,0,34.64916145,-92.67583224,5125.0,155.1818486241904,1.0526315789473684,188,189,2,0,187,184,121421,1,0,0,1,5
2020-06-18,US,Arkansas,Scott,6,0,0,34.85588887,-94.0632176,5127.0,58.36008170411439,0.0,6,5,0,0,5,5,10319,1,0,0,1,0
2020-06-18,US,Arkansas,Searcy,7,0,0,35.9109364,-92.69936482,5129.0,88.82121558177894,0.0,7,7,0,0,7,7,7958,0,0,0,0,0
2020-06-18,US,Arkansas,Sebastian,193,2,0,35.19605503,-94.27162713,5131.0,150.98531609127963,1.0362694300518134,191,187,2,0,185,169,127753,6,0,0,6,18
2020-06-18,US,Arkansas,Sevier,506,5,0,33.99780401,-94.2424869,5133.0,2975.245487152349,0.9881422924901184,501,498,5,0,493,478,17139,8,0,0,8,20
2020-06-18,US,Arkansas,Sharp,50,4,0,36.16258158,-91.47819342,5135.0,286.6643733516798,8.0,46,50,3,0,47,50,17366,0,1,0,-1,0
2020-06-18,US,Arkansas,St. Francis,781,3,0,35.02201976,-90.74828138,5123.0,3124.7499399855965,0.38412291933418696,778,779,3,0,776,779,25439,2,0,0,2,0
2020-06-18,US,Arkansas,Stone,11,0,0,35.86251946,-92.15684085,5137.0,87.95778026547258,0.0,11,11,0,0,11,11,12457,0,0,0,0,0
2020-06-18,US,Arkansas,Unassigned,435,0,0,0.0,0.0,90005.0,0.0,0.0,435,391,0,0,391,396,,44,0,0,44,-5
2020-06-18,US,Arkansas,Union,218,13,0,33.16887091,-92.59746952,5139.0,563.5696189442117,5.963302752293577,205,213,11,0,202,209,39126,5,2,0,3,4
2020-06-18,US,Arkansas,Van Buren,30,2,0,35.58095779,-92.51295036,5141.0,181.3236627379873,6.666666666666668,28,30,2,0,28,30,16603,0,0,0,0,0
2020-06-18,US,Arkansas,Washington,2141,15,0,35.976844,-94.21800746,5143.0,895.1155372156512,0.7006071929005138,2126,2080,15,0,2065,1977,236961,61,0,0,61,103
2020-06-18,US,Arkansas,White,69,1,0,35.25688493,-91.74908296,5145.0,87.61570987771894,1.4492753623188406,68,65,1,0,64,61,78727,4,0,0,4,4
2020-06-18,US,Arkansas,Woodruff,5,0,0,35.18902527,-91.2439489,5147.0,79.11392405063293,0.0,5,5,0,0,5,5,6490,0,0,0,0,0
2020-06-18,US,Arkansas,Yell,340,2,0,35.00292371,-93.41171338,5149.0,1593.1774518532404,0.5882352941176471,338,324,2,0,322,309,21535,16,0,0,16,15
2020-06-18,US,California,Alameda,4638,117,0,37.64629437,-121.8929271,6001.0,277.50371111851706,2.522639068564036,4521,4533,116,0,4417,4481,1666753,105,1,0,104,52
2020-06-18,US,California,Alpine,2,0,0,38.59678594,-119.82235940000001,6003.0,177.14791851195747,0.0,2,2,0,0,2,2,1101,0,0,0,0,0
2020-06-18,US,California,Amador,12,0,0,38.44583082,-120.65696000000001,6005.0,30.187160394445566,0.0,12,12,0,0,12,12,39383,0,0,0,0,0
2020-06-18,US,California,Butte,90,1,0,39.66727762,-121.6005252,6007.0,41.06101667077277,1.1111111111111112,89,90,1,0,89,88,231256,0,0,0,0,2
2020-06-18,US,California,Calaveras,26,0,0,38.20537103,-120.55291299999999,6009.0,56.63871038013289,0.0,26,26,0,0,26,26,45602,0,0,0,0,0
2020-06-18,US,California,Colusa,7,0,0,39.17881957,-122.2331726,6011.0,32.48712117696199,0.0,7,7,0,0,7,7,21627,0,0,0,0,0
2020-06-18,US,California,Contra Costa,2111,55,0,37.91923498,-121.9289527,6013.0,183.00411087396384,2.6054002842254858,2056,2071,50,0,2021,2026,1150215,40,5,0,35,45
2020-06-18,US,California,Del Norte,48,1,0,41.74228275,-123.89740630000001,6015.0,172.58737235725587,2.083333333333333,47,48,0,0,48,48,27828,0,1,0,-1,0
2020-06-18,US,California,El Dorado,125,0,0,38.77965956,-120.5233166,6017.0,64.8195682498198,0.0,125,121,0,0,121,118,190678,4,0,0,4,3
2020-06-18,US,California,Fresno,3058,62,0,36.75733899,-119.6466953,6019.0,306.0751615702517,2.027468933943754,2996,2788,57,0,2731,2788,994400,270,5,0,265,0
2020-06-18,US,California,Glenn,42,0,0,39.59875897,-122.3938452,6021.0,147.92378403127532,0.0,42,34,0,0,34,34,28047,8,0,0,8,0
2020-06-18,US,California,Humboldt,108,4,0,40.69923009,-123.876044,6023.0,79.67069446288673,3.703703703703704,104,107,4,0,103,107,136373,1,0,0,1,0
2020-06-18,US,California,Imperial,4659,60,0,33.0393082,-115.36690420000001,6025.0,2570.9792235742075,1.28783000643915,4599,4478,54,0,4424,4389,181827,181,6,0,175,89
2020-06-18,US,California,Inyo,24,1,0,36.51112084,-117.41119779999998,6027.0,133.04506901712955,4.166666666666667,23,24,1,0,23,24,17987,0,0,0,0,0
2020-06-18,US,California,Kern,3590,58,0,35.34329425,-118.72777959999999,6029.0,398.7993805834689,1.615598885793872,3532,3512,57,0,3455,3452,896764,78,1,0,77,60
2020-06-18,US,California,Kings,1976,10,0,36.07409056,-119.8159973,6031.0,1292.0099385379888,0.5060728744939271,1966,1870,9,0,1861,1831,151366,106,1,0,105,39
2020-06-18,US,California,Lake,34,0,0,39.10124298,-122.75362439999999,6033.0,52.80651073214674,0.0,34,34,0,0,34,34,64382,0,0,0,0,0
2020-06-18,US,California,Lassen,9,0,0,40.67311306,-120.59350990000002,6035.0,29.43773918163085,0.0,9,9,0,0,9,9,30802,0,0,0,0,0
2020-06-18,US,California,Los Angeles,78348,3027,0,34.30828379,-118.22824109999999,6037.0,780.4279802974507,3.863531934446317,75321,77260,2992,0,74268,75162,10105518,1088,35,0,1053,2098
2020-06-18,US,California,Madera,295,4,0,37.21513971,-119.76655890000002,6039.0,187.50754797332942,1.3559322033898304,291,275,4,0,271,250,157672,20,0,0,20,25
2020-06-18,US,California,Marin,861,18,0,38.07122463,-122.72106310000001,6041.0,332.6559155571697,2.0905923344947737,843,842,18,0,824,772,259666,19,0,0,19,70
2020-06-18,US,California,Mariposa,18,1,0,37.57978556,-119.9073334,6043.0,104.63291286403536,5.5555555555555545,17,18,1,0,17,17,17471,0,0,0,0,1
2020-06-18,US,California,Mendocino,54,0,0,39.4381191,-123.39113130000001,6045.0,62.24855617932196,0.0,54,47,0,0,47,47,87606,7,0,0,7,0
2020-06-18,US,California,Merced,538,8,0,37.18922369,-120.72090349999999,6047.0,193.74819936617692,1.4869888475836432,530,470,7,0,463,470,274765,68,1,0,67,0
2020-06-18,US,California,Mono,37,1,0,37.93899289,-118.8872409,6051.0,256.1617280531709,2.702702702702702,36,37,1,0,36,37,14250,0,0,0,0,0
2020-06-18,US,California,Monterey,1121,12,0,36.21862405,-121.24133970000001,6053.0,258.25863185128355,1.0704727921498662,1109,1075,12,0,1063,1015,435594,46,0,0,46,60
2020-06-18,US,California,Napa,206,4,0,38.50735751,-122.33283899999999,6055.0,149.55279358810546,1.9417475728155342,202,202,4,0,198,199,139417,4,0,0,4,3
2020-06-18,US,California,Nevada,71,1,0,39.30394768,-120.76272809999999,6057.0,71.17437722419929,1.4084507042253518,70,57,1,0,56,57,99696,14,0,0,14,0
2020-06-18,US,California,Orange,9292,250,0,33.70147516,-117.76459979999998,6059.0,292.597644859766,2.6904864399483426,9042,9197,243,0,8954,8999,3185968,95,7,0,88,198
2020-06-18,US,California,Placer,460,9,0,39.06167234,-120.72405690000001,6061.0,115.48242784231122,1.9565217391304348,451,432,9,0,423,411,393149,28,0,0,28,21
2020-06-18,US,California,Plumas,6,0,0,40.00355989,-120.8395236,6063.0,31.9030148349019,0.0,6,5,0,0,5,5,18804,1,0,0,1,0
2020-06-18,US,California,Riverside,12467,408,0,33.74314981,-115.9933578,6065.0,504.62529335620553,3.272639768990134,12059,11951,399,0,11552,11694,2450758,516,9,0,507,257
2020-06-18,US,California,Sacramento,1940,67,0,38.45106826,-121.34253740000001,6067.0,124.99532878281609,3.453608247422681,1873,1892,67,0,1825,1825,1540975,48,0,0,48,67
2020-06-18,US,California,San Benito,153,2,0,36.60308176,-121.069975,6069.0,243.59954145968663,1.30718954248366,151,140,2,0,138,129,61537,13,0,0,13,11
2020-06-18,US,California,San Bernardino,8454,230,0,34.84060306,-116.1774685,6071.0,387.7830451564962,2.720605630470783,8224,8014,229,0,7785,7796,2171603,440,1,0,439,218
2020-06-18,US,California,San Diego,10092,331,0,33.03484597,-116.73653259999999,6073.0,302.3068420437764,3.2798256044391603,9761,9730,323,0,9407,9730,3343364,362,8,0,354,0
2020-06-18,US,California,San Francisco,3020,47,0,37.75215114,-122.43856720000001,6075.0,342.57880163212707,1.5562913907284768,2973,2982,47,0,2935,2971,883305,38,0,0,38,11
2020-06-18,US,California,San Joaquin,1927,47,0,37.93433732,-121.2730061,6077.0,252.83803145845692,2.4390243902439024,1880,1888,46,0,1842,1749,752660,39,1,0,38,139
2020-06-18,US,California,San Luis Obispo,389,1,0,35.38822029,-120.4039028,6079.0,137.40193775586255,0.2570694087403599,388,376,1,0,375,356,284010,13,0,0,13,20
2020-06-18,US,California,San Mateo,2678,99,0,37.422880799999994,-122.32755459999998,6081.0,349.3470289196202,3.6967886482449592,2579,2653,99,0,2554,2625,769545,25,0,0,25,28
2020-06-18,US,California,Santa Barbara,2253,22,0,34.65329488,-120.0188492,6083.0,504.5923955036852,0.9764758100310696,2231,2115,22,0,2093,2115,446527,138,0,0,138,0
2020-06-18,US,California,Santa Clara,3363,152,0,37.23104908,-121.6970462,6085.0,174.4428514222046,4.519774011299434,3211,3288,151,0,3137,3254,1937570,75,1,0,74,34
2020-06-18,US,California,Santa Cruz,273,2,0,37.05580291,-122.0066524,6087.0,99.92203884881027,0.7326007326007326,271,269,2,0,267,260,274255,4,0,0,4,9
2020-06-18,US,California,Shasta,62,4,0,40.76391419,-122.0396884,6089.0,34.42914260328743,6.451612903225807,58,51,4,0,47,51,180040,11,0,0,11,0
2020-06-18,US,California,Sierra,1,0,0,39.57713498,-120.52007009999998,6091.0,33.277870216306155,0.0,1,1,0,0,1,1,2987,0,0,0,0,0
2020-06-18,US,California,Siskiyou,21,0,0,41.59198861,-122.54074340000001,6093.0,48.232619031213396,0.0,21,20,0,0,20,20,43724,1,0,0,1,0
2020-06-18,US,California,Solano,811,23,0,38.26827353,-121.9357113,6095.0,181.1711564796054,2.8360049321824907,788,687,23,0,664,687,446610,124,0,0,124,0
2020-06-18,US,California,Sonoma,803,4,0,38.52746429,-122.88625060000001,6097.0,162.44012169860173,0.49813200498132,799,774,4,0,770,765,499942,29,0,0,29,9
2020-06-18,US,California,Stanislaus,1322,35,0,37.55862499,-120.9970722,6099.0,240.07554570878585,2.6475037821482603,1287,1267,35,0,1232,1267,549815,55,0,0,55,0
2020-06-18,US,California,Sutter,97,3,0,39.03417539,-121.6945899,6101.0,100.02990584814016,3.0927835051546397,94,89,3,0,86,89,96807,8,0,0,8,0
2020-06-18,US,California,Tehama,32,1,0,40.12570935,-122.23701709999999,6103.0,49.16723004117755,3.125,31,28,1,0,27,28,63916,4,0,0,4,0
2020-06-18,US,California,Trinity,2,0,0,40.64917670000001,-123.114713,6105.0,16.28001628001628,0.0,2,2,0,0,2,2,12535,0,0,0,0,0
2020-06-18,US,California,Tulare,3004,107,0,36.22026558,-118.8020203,6107.0,644.3655551861345,3.5619174434087877,2897,2881,106,0,2775,2664,465861,123,1,0,122,217
2020-06-18,US,California,Tuolumne,9,0,0,38.02644018,-119.95250929999999,6109.0,16.520430265428246,0.0,9,9,0,0,9,9,54539,0,0,0,0,0
2020-06-18,US,California,Ventura,1706,41,0,34.44465746,-119.09106129999999,6111.0,201.65341616962527,2.403282532239156,1665,1706,41,0,1665,1655,850967,0,0,0,0,51
2020-06-18,US,California,Yolo,302,24,0,38.68278902,-121.90182879999999,6113.0,136.96145124716554,7.947019867549669,278,265,24,0,241,265,220408,37,0,0,37,0
2020-06-18,US,California,Yuba,39,1,0,39.26255932,-121.35356440000001,6115.0,49.57543092489958,2.5641025641025643,38,37,1,0,36,37,78041,2,0,0,2,0
2020-06-18,US,Colorado,Adams,3819,149,0,39.87432092,-104.3362578,8001.0,738.0836881378993,3.901544907043728,3670,3791,149,0,3642,3771,511868,28,0,0,28,20
2020-06-18,US,Colorado,Alamosa,140,3,0,37.57250606,-105.7885451,8003.0,862.44070720138,2.142857142857143,137,130,3,0,127,129,16683,10,0,0,10,1
2020-06-18,US,Colorado,Arapahoe,4885,340,0,39.64977461,-104.3353617,8005.0,743.9954918594557,6.960081883316274,4545,4861,339,0,4522,4826,651215,24,1,0,23,35
2020-06-18,US,Colorado,Archuleta,8,0,0,37.19474156,-107.0476867,8007.0,57.02473447858009,0.0,8,8,0,0,8,8,13765,0,0,0,0,0
2020-06-18,US,Colorado,Baca,12,0,0,37.31940883,-102.5603223,8009.0,335.1019268360793,0.0,12,12,0,0,12,12,3585,0,0,0,0,0
2020-06-18,US,Colorado,Bent,3,0,0,37.95474293,-103.0720195,8011.0,53.79236148466918,0.0,3,3,0,0,3,3,5882,0,0,0,0,0
2020-06-18,US,Colorado,Boulder,1173,70,0,40.09313619,-105.3546767,8013.0,359.59974984365226,5.967604433077579,1103,1137,70,0,1067,1100,326078,36,0,0,36,37
2020-06-18,US,Colorado,Broomfield,271,28,0,39.95998787,-105.0566324,8014.0,384.58809337969205,10.33210332103321,243,270,28,0,242,268,69267,1,0,0,1,2
2020-06-18,US,Colorado,Chaffee,78,20,0,38.74745778,-106.19265729999998,8015.0,383.1794065631754,25.64102564102564,58,78,20,0,58,78,20027,0,0,0,0,0
2020-06-18,US,Colorado,Cheyenne,5,0,0,38.82777431,-102.6032558,8017.0,273.07482250136536,0.0,5,5,0,0,5,5,1876,0,0,0,0,0
2020-06-18,US,Colorado,Clear Creek,18,1,0,39.68864463,-105.6463118,8019.0,185.56701030927837,5.5555555555555545,17,18,1,0,17,17,9605,0,0,0,0,1
2020-06-18,US,Colorado,Conejos,7,0,0,37.201606,-106.19174879999998,8021.0,85.31383302864106,0.0,7,7,0,0,7,7,8200,0,0,0,0,0
2020-06-18,US,Colorado,Costilla,17,0,0,37.27732493,-105.4276548,8023.0,437.35528685361464,0.0,17,15,0,0,15,15,3828,2,0,0,2,0
2020-06-18,US,Colorado,Crowley,68,1,0,38.32608609,-103.7844965,8025.0,1121.927074740142,1.4705882352941178,67,68,1,0,67,68,5858,0,0,0,0,0
2020-06-18,US,Colorado,Custer,2,0,0,38.10883162,-105.3683478,8027.0,39.463299131807425,0.0,2,2,0,0,2,2,4954,0,0,0,0,0
2020-06-18,US,Colorado,Delta,80,1,0,38.86246243,-107.8631342,8029.0,256.7229317758809,1.25,79,79,1,0,78,78,30953,1,0,0,1,1
2020-06-18,US,Colorado,Denver,6493,366,0,39.76018276,-104.8725695,8031.0,892.8632817710402,5.636839673494532,6127,6445,364,0,6081,6401,716492,48,2,0,46,44
2020-06-18,US,Colorado,Douglas,825,50,0,39.33133796,-104.930001,8035.0,234.93965610529847,6.0606060606060606,775,820,50,0,770,815,342776,5,0,0,5,5
2020-06-18,US,Colorado,Eagle,633,8,0,39.62754308,-106.6933637,8037.0,1148.2576595860467,1.263823064770932,625,632,8,0,624,628,54993,1,0,0,1,4
2020-06-18,US,Colorado,El Paso,2024,114,0,38.83240149,-104.5251411,8041.0,280.95385499505136,5.632411067193676,1910,2001,113,0,1888,1960,713856,23,1,0,22,41
2020-06-18,US,Colorado,Elbert,54,2,0,39.28656773,-104.1358721,8039.0,202.02776011074118,3.703703703703704,52,54,2,0,52,54,26282,0,0,0,0,0
2020-06-18,US,Colorado,Fremont,30,0,0,38.47362326,-105.4399667,8043.0,62.71034093522022,0.0,30,30,0,0,30,29,48021,0,0,0,0,1
2020-06-18,US,Colorado,Garfield,205,2,0,39.59921777,-107.902708,8045.0,341.3196583473469,0.975609756097561,203,199,2,0,197,195,59770,6,0,0,6,4
2020-06-18,US,Colorado,Gilpin,6,0,0,39.85646523,-105.5252597,8047.0,96.10764055742432,0.0,6,6,0,0,6,6,6121,0,0,0,0,0
2020-06-18,US,Colorado,Grand,17,0,0,40.10603347,-106.1178042,8049.0,108.04626922588028,0.0,17,17,0,0,17,17,15525,0,0,0,0,0
2020-06-18,US,Colorado,Gunnison,181,6,0,38.66611652,-107.0320729,8051.0,1036.536479212003,3.3149171270718236,175,182,6,0,176,182,17246,-1,0,0,-1,0
2020-06-18,US,Colorado,Hinsdale,3,0,0,37.82247444,-107.3004345,8053.0,365.8536585365854,0.0,3,3,0,0,3,3,811,0,0,0,0,0
2020-06-18,US,Colorado,Huerfano,3,0,0,37.68473101,-104.9612585,8055.0,43.497172683775545,0.0,3,3,0,0,3,3,6889,0,0,0,0,0
2020-06-18,US,Colorado,Jefferson,2508,202,0,39.58635604,-105.2517692,8059.0,430.2765058390992,8.054226475279107,2306,2488,200,0,2288,2477,580233,20,2,0,18,11
2020-06-18,US,Colorado,Kit Carson,31,3,0,39.30497777,-102.6022199,8063.0,436.80428350007037,9.677419354838712,28,31,3,0,28,31,7163,0,0,0,0,0
2020-06-18,US,Colorado,La Plata,86,1,0,37.28632032,-107.8429014,8067.0,152.96775226338912,1.162790697674419,85,85,1,0,84,86,56310,1,0,0,1,-1
2020-06-18,US,Colorado,Lake,42,0,0,39.20278823,-106.3555697,8065.0,516.795865633075,0.0,42,40,0,0,40,39,7824,2,0,0,2,1
2020-06-18,US,Colorado,Larimer,661,29,0,40.66671597,-105.4625784,8069.0,185.20645897018485,4.387291981845689,632,658,29,0,629,659,350518,3,0,0,3,-1
2020-06-18,US,Colorado,Las Animas,7,0,0,37.3153406,-104.0376458,8071.0,48.25589411278092,0.0,7,7,0,0,7,7,14503,0,0,0,0,0
2020-06-18,US,Colorado,Lincoln,3,0,0,38.98749519,-103.5136649,8073.0,52.62234695667427,0.0,3,3,0,0,3,3,5610,0,0,0,0,0
2020-06-18,US,Colorado,Logan,634,5,0,40.7249637,-103.110817,8075.0,2829.2204025168458,0.7886435331230284,629,634,5,0,629,633,21528,0,0,0,0,1
2020-06-18,US,Colorado,Mesa,77,0,0,39.01787888,-108.469799,8077.0,49.931911030413076,0.0,77,73,0,0,73,81,153207,4,0,0,4,-8
2020-06-18,US,Colorado,Mineral,2,0,0,37.66954283,-106.9281698,8079.0,260.0780234070221,0.0,2,2,0,0,2,2,776,0,0,0,0,0
2020-06-18,US,Colorado,Moffat,9,0,0,40.61810999,-108.2070876,8081.0,67.75577806218476,0.0,9,8,0,0,8,8,13188,1,0,0,1,0
2020-06-18,US,Colorado,Montezuma,66,3,0,37.33859579,-108.5958857,8083.0,252.07195508536077,4.545454545454546,63,65,3,0,62,65,26158,1,0,0,1,0
2020-06-18,US,Colorado,Montrose,198,12,0,38.40214114,-108.26390220000002,8085.0,463.07123813087617,6.0606060606060606,186,198,12,0,186,197,42214,0,0,0,0,1
2020-06-18,US,Colorado,Morgan,647,46,0,40.26279810000001,-103.8093302,8087.0,2225.815329572038,7.109737248840804,601,646,45,0,601,646,28558,1,1,0,0,0
2020-06-18,US,Colorado,Otero,22,1,0,37.9014485,-103.7173385,8089.0,120.3632782580151,4.545454545454546,21,22,1,0,21,22,18432,0,0,0,0,0
2020-06-18,US,Colorado,Ouray,9,1,0,38.14717457,-107.7675136,8091.0,181.74474959612283,11.111111111111109,8,8,1,0,7,8,4833,1,0,0,1,0
2020-06-18,US,Colorado,Park,23,0,0,39.120926,-105.7182065,8093.0,122.04828867073496,0.0,23,23,0,0,23,23,18556,0,0,0,0,0
2020-06-18,US,Colorado,Phillips,15,0,0,40.59414277,-102.3577703,8095.0,351.6998827667058,0.0,15,15,0,0,15,15,4286,0,0,0,0,0
2020-06-18,US,Colorado,Pitkin,78,2,0,39.21720112,-106.9310027,8097.0,439.01615354308547,2.5641025641025643,76,75,2,0,73,72,17950,3,0,0,3,3
2020-06-18,US,Colorado,Prowers,16,0,0,37.95544985,-102.3926052,8099.0,131.44922773578705,0.0,16,16,0,0,16,16,12164,0,0,0,0,0
2020-06-18,US,Colorado,Pueblo,351,23,0,38.17359144,-104.5127437,8101.0,208.40260295444833,6.552706552706553,328,351,23,0,328,351,167529,0,0,0,0,0
2020-06-18,US,Colorado,Rio Blanco,2,0,0,39.97913541,-108.2179009,8103.0,31.625553447185325,0.0,2,2,0,0,2,2,6336,0,0,0,0,0
2020-06-18,US,Colorado,Rio Grande,57,0,0,37.5836865,-106.3847838,8105.0,505.9021922428331,0.0,57,55,0,0,55,55,11250,2,0,0,2,0
2020-06-18,US,Colorado,Routt,63,6,0,40.48596505,-106.9905548,8107.0,245.72899602153052,9.523809523809524,57,63,6,0,57,63,25733,0,0,0,0,0
2020-06-18,US,Colorado,Saguache,98,2,0,38.08054629,-106.282466,8109.0,1436.107854630715,2.0408163265306123,96,99,2,0,97,99,6843,-1,0,0,-1,0
2020-06-18,US,Colorado,San Juan,1,0,0,37.76248981,-107.67632890000002,8111.0,137.36263736263737,0.0,1,1,0,0,1,1,762,0,0,0,0,0
2020-06-18,US,Colorado,San Miguel,28,0,0,38.00450883,-108.4020725,8113.0,342.34013938134245,0.0,28,25,0,0,25,25,8191,3,0,0,3,0
2020-06-18,US,Colorado,Summit,262,3,0,39.63803232,-106.1150762,8117.0,844.8615007577955,1.1450381679389312,259,262,3,0,259,258,31007,0,0,0,0,4
2020-06-18,US,Colorado,Teller,39,2,0,38.88133511,-105.1614893,8119.0,153.61588151882782,5.128205128205129,37,39,2,0,37,39,25083,0,0,0,0,0
2020-06-18,US,Colorado,Washington,44,0,0,39.97015535,-103.202587,8121.0,896.4955175224122,0.0,44,44,0,0,44,44,4909,0,0,0,0,0
2020-06-18,US,Colorado,Weld,2698,136,0,40.55499405,-104.3929621,8123.0,831.4534718883672,5.040770941438102,2562,2693,136,0,2557,2671,314305,5,0,0,5,22
2020-06-18,US,Colorado,Yuma,49,0,0,40.00346839,-102.4258673,8125.0,489.0707655454637,0.0,49,49,0,0,49,49,10020,0,0,0,0,0
2020-06-18,US,Connecticut,Fairfield,16398,1352,0,41.26809896,-73.3881171,9001.0,1738.3063438958927,8.244907915599464,15046,16381,1352,0,15029,16359,943823,17,0,0,17,22
2020-06-18,US,Connecticut,Hartford,11322,1336,0,41.80283011,-72.73103891,9003.0,1269.6810658054096,11.800035329447095,9986,11284,1331,0,9953,11261,892697,38,5,0,33,23
2020-06-18,US,Connecticut,Litchfield,1447,135,0,41.7937534,-73.2451475,9005.0,802.4044406736426,9.329647546648237,1312,1444,135,0,1309,1443,181111,3,0,0,3,1
2020-06-18,US,Connecticut,Middlesex,1246,172,0,41.45949668,-72.53714864,9007.0,767.0713388657688,13.804173354735152,1074,1241,171,0,1070,1235,162682,5,1,0,4,6
2020-06-18,US,Connecticut,New Haven,12105,1052,0,41.408032500000004,-72.93620426,9009.0,1416.1919703494675,8.690623709211069,11053,12089,1052,0,11037,12078,857620,16,0,0,16,11
2020-06-18,US,Connecticut,New London,1288,101,0,41.48896435,-72.10430976,9011.0,485.660203766129,7.841614906832298,1187,1285,101,0,1184,1276,266784,3,0,0,3,9
2020-06-18,US,Connecticut,Tolland,892,64,0,41.85853803,-72.3308481,9013.0,591.821975703452,7.174887892376683,828,889,63,0,826,888,150921,3,1,0,2,1
2020-06-18,US,Connecticut,Unassigned,270,0,0,0.0,0.0,90009.0,0.0,0.0,270,345,0,0,345,340,,-75,0,0,-75,5
2020-06-18,US,Connecticut,Windham,472,14,0,41.82972709,-71.98182316,9015.0,404.1718758027778,2.9661016949152543,458,471,14,0,457,469,117027,1,0,0,1,2
2020-06-18,US,Delaware,Kent,1584,84,0,39.08646628,-75.56884914,10001.0,876.1740400252232,5.303030303030303,1500,1579,84,0,1495,1573,178550,5,0,0,5,6
2020-06-18,US,Delaware,New Castle,4470,195,0,39.57992638,-75.64054974,10003.0,799.9957047210485,4.362416107382551,4275,4422,191,0,4231,4386,559335,48,4,0,44,36
2020-06-18,US,Delaware,Sussex,4431,152,0,38.66143781,-75.39031349,10005.0,1891.7707332692926,3.4303768900925298,4279,4429,151,0,4278,4428,229286,2,1,0,1,1
2020-06-18,US,Delaware,Unassigned,14,0,0,0.0,0.0,90010.0,0.0,0.0,14,14,0,0,14,16,,0,0,0,0,-2
2020-06-18,US,District of Columbia,District of Columbia,9903,527,0,38.90417773,-77.01655992,11001.0,1403.1900859937455,5.321619711198626,9376,9847,523,0,9324,9818,702455,56,4,0,52,29
2020-06-18,US,Florida,Alachua,600,11,0,29.67866525,-82.35928158,12001.0,223.0126782707597,1.8333333333333333,589,580,10,0,570,564,269956,20,1,0,19,16
2020-06-18,US,Florida,Baker,35,4,0,30.33060121,-82.28467476,12003.0,119.82197877439232,11.428571428571427,31,35,4,0,31,34,28355,0,0,0,0,1
2020-06-18,US,Florida,Bay,167,4,0,30.26548745,-85.62122584,12005.0,95.58970836553048,2.395209580838323,163,161,4,0,157,157,185287,6,0,0,6,4
2020-06-18,US,Florida,Bradford,56,2,0,29.95079741,-82.16611613,12007.0,198.574518634091,3.571428571428572,54,56,2,0,54,53,27732,0,0,0,0,3
2020-06-18,US,Florida,Brevard,688,16,0,28.29409504,-80.73091022,12009.0,114.29672626266321,2.3255813953488373,672,650,16,0,634,608,596849,38,0,0,38,42
2020-06-18,US,Florida,Broward,10111,365,0,26.15184651,-80.48725556,12011.0,517.7751900113582,3.6099297794481258,9746,9812,360,0,9452,9498,1951260,299,5,0,294,314
2020-06-18,US,Florida,Calhoun,65,5,0,30.40666734,-85.19394153,12013.0,460.8294930875576,7.6923076923076925,60,66,5,0,61,66,14587,-1,0,0,-1,0
2020-06-18,US,Florida,Charlotte,553,74,0,26.90131002,-81.92949121,12015.0,292.7319887777248,13.381555153707053,479,551,73,0,478,543,184998,2,1,0,1,8
2020-06-18,US,Florida,Citrus,162,12,0,28.84804315,-82.47614748,12017.0,108.247526009475,7.407407407407407,150,157,12,0,145,152,147929,5,0,0,5,5
2020-06-18,US,Florida,Clay,456,32,0,29.98319144,-81.85609986,12019.0,207.9798587926222,7.0175438596491215,424,450,32,0,418,443,216072,6,0,0,6,7
2020-06-18,US,Florida,Collier,2883,61,0,26.11091986,-81.34687065,12021.0,749.0218289330791,2.115851543531044,2822,2817,60,0,2757,2729,378488,66,1,0,65,88
2020-06-18,US,Florida,Columbia,205,3,0,30.22509788,-82.62160164,12023.0,285.96936640348184,1.4634146341463414,202,202,3,0,199,187,70503,3,0,0,3,15
2020-06-18,US,Florida,DeSoto,412,10,0,27.18677893,-81.80941373,12027.0,1084.1819952106523,2.4271844660194173,402,406,10,0,396,402,37489,6,0,0,6,4
2020-06-18,US,Florida,Dixie,60,3,0,29.60631086,-83.15724673,12029.0,356.59099013431586,5.0,57,60,3,0,57,60,16700,0,0,0,0,0
2020-06-18,US,Florida,Duval,2309,60,0,30.33225875,-81.66976468,12031.0,241.08461976183892,2.59852750108272,2249,2194,59,0,2135,2112,950181,115,1,0,114,82
2020-06-18,US,Florida,Escambia,1089,40,0,30.67652764,-87.37284571,12033.0,342.11286897297026,3.6730945821854912,1049,1052,38,0,1014,1020,315534,37,2,0,35,32
2020-06-18,US,Florida,Flagler,216,5,0,29.45933576,-81.31508595,12035.0,187.69388517652786,2.314814814814815,211,214,5,0,209,208,112067,2,0,0,2,6
2020-06-18,US,Florida,Franklin,2,0,0,29.83791238,-84.82731662,12037.0,16.49484536082474,0.0,2,2,0,0,2,2,11736,0,0,0,0,0
2020-06-18,US,Florida,Gadsden,316,5,0,30.57796289,-84.61915825,12039.0,692.071835304424,1.5822784810126582,311,312,5,0,307,309,45894,4,0,0,4,3
2020-06-18,US,Florida,Gilchrist,74,0,0,29.72856978,-82.79880657,12041.0,398.2348509310085,0.0,74,73,0,0,73,73,18256,1,0,0,1,0
2020-06-18,US,Florida,Glades,121,1,0,26.95635849,-81.18996211,12043.0,876.1132430671204,0.8264462809917356,120,119,1,0,118,118,13724,2,0,0,2,1
2020-06-18,US,Florida,Gulf,11,0,0,29.93543004,-85.24270990000002,12045.0,80.65107412566906,0.0,11,11,0,0,11,11,16164,0,0,0,0,0
2020-06-18,US,Florida,Hamilton,281,2,0,30.49673973,-82.94998918,12047.0,1947.6018852231769,0.7117437722419929,279,279,2,0,277,277,14310,2,0,0,2,2
2020-06-18,US,Florida,Hardee,228,1,0,27.49293939,-81.80956574,12049.0,846.4194230983404,0.43859649122807015,227,221,1,0,220,213,27245,7,0,0,7,8
2020-06-18,US,Florida,Hendry,700,21,0,26.55386945,-81.16469006,12051.0,1665.79410784827,3.0,679,675,21,0,654,659,41556,25,0,0,25,16
2020-06-18,US,Florida,Hernando,151,5,0,28.55364461,-82.42700204,12053.0,77.86716171617162,3.3112582781456954,146,147,5,0,142,146,190865,4,0,0,4,1
2020-06-18,US,Florida,Highlands,200,9,0,27.34254618,-81.34071957,12055.0,188.28668530704846,4.5,191,197,9,0,188,192,105424,3,0,0,3,5
2020-06-18,US,Florida,Hillsborough,4610,105,0,27.9276559,-82.32013172,12057.0,313.1861562207874,2.27765726681128,4505,4273,104,0,4169,4029,1436888,337,1,0,336,244
2020-06-18,US,Florida,Holmes,33,0,0,30.86747479,-85.81319222,12059.0,168.22144058724575,0.0,33,32,0,0,32,31,19477,1,0,0,1,1
2020-06-18,US,Florida,Indian River,284,12,0,27.69308961,-80.60556721,12061.0,177.5854630040707,4.225352112676056,272,256,12,0,244,234,157413,28,0,0,28,22
2020-06-18,US,Florida,Jackson,327,2,0,30.795459700000002,-85.21500423,12063.0,704.5288059637178,0.6116207951070336,325,329,2,0,327,326,48305,-2,0,0,-2,3
2020-06-18,US,Florida,Jefferson,36,4,0,30.43669112,-83.89442308,12065.0,252.70251298610137,11.111111111111109,32,36,4,0,32,33,14288,0,0,0,0,3
2020-06-18,US,Florida,Lafayette,16,0,0,29.98484137,-83.18166636,12067.0,189.978627404417,0.0,16,15,0,0,15,15,8732,1,0,0,1,0
2020-06-18,US,Florida,Lake,583,19,0,28.76202069,-81.7125123,12069.0,158.80452606518884,3.2590051457975986,564,552,16,0,536,498,356495,31,3,0,28,54
2020-06-18,US,Florida,Lee,3354,138,0,26.58410348,-81.88399313,12071.0,435.25825452874926,4.114490161001789,3216,3187,137,0,3050,3015,754610,167,1,0,166,172
2020-06-18,US,Florida,Leon,495,8,0,30.45955727,-84.27491114,12073.0,168.6070671907678,1.616161616161616,487,485,8,0,477,483,292502,10,0,0,10,2
2020-06-18,US,Florida,Levy,132,1,0,29.31829741,-82.74007147,12075.0,318.0492976411344,0.7575757575757576,131,131,1,0,130,127,40770,1,0,0,1,4
2020-06-18,US,Florida,Liberty,220,1,0,30.23766008,-84.8829258,12077.0,2633.4689968877187,0.4545454545454545,219,220,1,0,219,220,8457,0,0,0,0,0
2020-06-18,US,Florida,Madison,93,3,0,30.44396917,-83.47398594,12079.0,502.8929865354458,3.2258064516129035,90,86,3,0,83,84,18529,7,0,0,7,2
2020-06-18,US,Florida,Manatee,1548,122,0,27.47196942,-82.31831044,12081.0,383.87811126017664,7.881136950904392,1426,1523,117,0,1406,1483,394855,25,5,0,20,40
2020-06-18,US,Florida,Marion,345,8,0,29.21227113,-82.05803627,12083.0,94.37084734079365,2.318840579710145,337,331,8,0,323,325,359977,14,0,0,14,6
2020-06-18,US,Florida,Martin,1324,19,0,27.0772071,-80.43109784,12085.0,822.3602484472051,1.4350453172205435,1305,1311,18,0,1293,1296,160912,13,1,0,12,15
2020-06-18,US,Florida,Miami-Dade,23854,859,0,25.6112362,-80.55170587,12086.0,877.9730137581248,3.6010731952712334,22995,23273,850,0,22423,22741,2761581,581,9,0,572,532
2020-06-18,US,Florida,Monroe,146,4,0,25.20904673,-81.07812416,12087.0,196.6912755294498,2.7397260273972597,142,137,4,0,133,131,75027,9,0,0,9,6
2020-06-18,US,Florida,Nassau,97,1,0,30.61037141,-81.80297522,12089.0,109.44992947813822,1.0309278350515465,96,96,1,0,95,94,85832,1,0,0,1,2
2020-06-18,US,Florida,Okaloosa,366,6,0,30.69143028,-86.59267105,12091.0,173.67536941605218,1.639344262295082,360,351,6,0,345,344,207269,15,0,0,15,7
2020-06-18,US,Florida,Okeechobee,207,0,0,27.386336199999995,-80.88944347,12093.0,490.89356858281167,0.0,207,200,0,0,200,195,41537,7,0,0,7,5
2020-06-18,US,Florida,Orange,3900,48,0,28.51367621,-81.31799498,12095.0,279.88046951025217,1.2307692307692308,3852,3584,48,0,3536,3437,1380645,316,0,0,316,147
2020-06-18,US,Florida,Osceola,926,22,0,28.06312234,-81.14882926,12097.0,246.43979656740768,2.3758099352051842,904,892,22,0,870,866,367990,34,0,0,34,26
2020-06-18,US,Florida,Palm Beach,9854,450,0,26.64676272,-80.46536002,12099.0,658.3509824488732,4.5666734321087885,9404,9472,444,0,9028,9262,1485941,382,6,0,376,210
2020-06-18,US,Florida,Pasco,627,16,0,28.30810945,-82.40227529,12101.0,113.18772373530321,2.5518341307815,611,583,16,0,567,560,539630,44,0,0,44,23
2020-06-18,US,Florida,Pinellas,2887,112,0,27.93130349,-82.72239666,12103.0,296.103778887298,3.8794596466920686,2775,2684,110,0,2574,2523,975280,203,2,0,201,161
2020-06-18,US,Florida,Polk,1702,76,0,27.95027105,-81.69732947,12105.0,234.8308514205059,4.465334900117509,1626,1634,75,0,1559,1566,708009,68,1,0,67,68
2020-06-18,US,Florida,Putnam,209,6,0,29.60779729,-81.74230285,12107.0,280.4578575166732,2.8708133971291865,203,205,6,0,199,198,74163,4,0,0,4,7
2020-06-18,US,Florida,Santa Rosa,319,9,0,30.69341450000001,-87.02458128,12113.0,173.07514933835375,2.8213166144200628,310,305,9,0,296,297,179349,14,0,0,14,8
2020-06-18,US,Florida,Sarasota,833,92,0,27.18546175,-82.33174248,12115.0,192.04965163622612,11.044417767106843,741,803,92,0,711,789,426718,30,0,0,30,14
2020-06-18,US,Florida,Seminole,976,14,0,28.7158582,-81.24060348,12117.0,206.85591722372232,1.4344262295081966,962,876,13,0,863,836,467832,100,1,0,99,40
2020-06-18,US,Florida,St. Johns,365,7,0,29.90096506,-81.43589967,12109.0,137.90654092612743,1.9178082191780816,358,347,6,0,341,333,254261,18,1,0,17,14
2020-06-18,US,Florida,St. Lucie,1057,40,0,27.37763908,-80.47106649,12111.0,321.9645625759602,3.784295175023652,1017,1037,40,0,997,981,321128,20,0,0,20,56
2020-06-18,US,Florida,Sumter,270,17,0,28.70181754,-82.0794267,12119.0,203.89669234254643,6.296296296296298,253,269,17,0,252,268,128754,1,0,0,1,1
2020-06-18,US,Florida,Suwannee,224,18,0,30.19746066,-82.99099670000003,12121.0,504.3114122970935,8.035714285714286,206,217,18,0,199,208,44191,7,0,0,7,9
2020-06-18,US,Florida,Taylor,62,0,0,30.04848048,-83.60445406,12123.0,287.44958041633834,0.0,62,62,0,0,62,60,21623,0,0,0,0,2
2020-06-18,US,Florida,Unassigned,110,0,0,0.0,0.0,90012.0,0.0,0.0,110,105,0,0,105,97,,5,0,0,5,8
2020-06-18,US,Florida,Union,38,1,0,30.04412971,-82.37497443,12125.0,249.39292511649282,2.631578947368421,37,38,1,0,37,38,14940,0,0,0,0,0
2020-06-18,US,Florida,Volusia,1057,51,0,29.05858895,-81.18263252,12127.0,191.0411289681249,4.824976348155157,1006,995,50,0,945,969,547538,62,1,0,61,26
2020-06-18,US,Florida,Wakulla,37,1,0,30.16548905,-84.39895211,12129.0,109.66537241767686,2.702702702702702,36,36,1,0,35,35,32461,1,0,0,1,1
2020-06-18,US,Florida,Walton,157,9,0,30.64204028,-86.16935664,12131.0,211.958796290046,5.732484076433121,148,157,9,0,148,152,71375,0,0,0,0,5
2020-06-18,US,Florida,Washington,95,9,0,30.61359259,-85.66002461,12133.0,372.9439013857809,9.473684210526317,86,95,9,0,86,94,24880,0,0,0,0,1
2020-06-18,US,Georgia,Appling,208,13,0,31.74847232,-82.28909114,13001.0,1131.295550962689,6.25,195,208,13,0,195,207,18507,0,0,0,0,1
2020-06-18,US,Georgia,Atkinson,83,2,0,31.29633502,-82.87545866,13003.0,1016.5339865278627,2.409638554216868,81,80,2,0,78,77,8297,3,0,0,3,3
2020-06-18,US,Georgia,Bacon,186,3,0,31.55456473,-82.45936528,13005.0,1666.0695091365105,1.6129032258064515,183,179,3,0,176,181,11185,7,0,0,7,-2
2020-06-18,US,Georgia,Baker,36,3,0,31.32669878,-84.44218806,13007.0,1184.990125082291,8.333333333333334,33,37,4,0,33,36,3092,-1,-1,0,0,1
2020-06-18,US,Georgia,Baldwin,433,33,0,33.06882326,-83.24701748,13009.0,964.5800846513699,7.621247113163973,400,431,33,0,398,430,44823,2,0,0,2,1
2020-06-18,US,Georgia,Banks,111,0,0,34.35607081,-83.49644388,13011.0,577.1030466881564,0.0,111,108,0,0,108,110,18988,3,0,0,3,-2
2020-06-18,US,Georgia,Barrow,409,25,0,33.99148694,-83.71436292,13013.0,491.3503123498318,6.112469437652812,384,401,25,0,376,395,80809,8,0,0,8,6
2020-06-18,US,Georgia,Bartow,573,39,0,34.23732119,-84.83887523,13015.0,531.845774007314,6.806282722513089,534,570,39,0,531,562,106408,3,0,0,3,8
2020-06-18,US,Georgia,Ben Hill,113,1,0,31.76095874,-83.22145359,13017.0,676.6467065868262,0.8849557522123894,112,109,1,0,108,104,16787,4,0,0,4,5
2020-06-18,US,Georgia,Berrien,83,0,0,31.27590016,-83.22529920000002,13019.0,427.9012218384286,0.0,83,80,0,0,80,77,19252,3,0,0,3,3
2020-06-18,US,Georgia,Bibb,583,37,0,32.80904227,-83.70489165,13021.0,380.6501740021808,6.346483704974271,546,570,36,0,534,560,153095,13,1,0,12,10
2020-06-18,US,Georgia,Bleckley,53,1,0,32.43829035,-83.33035166,13023.0,411.7144410782257,1.8867924528301887,52,52,1,0,51,52,12838,1,0,0,1,0
2020-06-18,US,Georgia,Brantley,72,2,0,31.19576557,-81.97743999,13025.0,376.78580773457537,2.7777777777777777,70,71,2,0,69,70,18897,1,0,0,1,1
2020-06-18,US,Georgia,Brooks,106,11,0,30.83922642,-83.58303423,13027.0,685.7734359836968,10.377358490566039,95,100,11,0,89,99,15513,6,0,0,6,1
2020-06-18,US,Georgia,Bryan,90,5,0,32.00979311,-81.44002948,13029.0,227.11787417669768,5.5555555555555545,85,89,5,0,84,87,38109,1,0,0,1,2
2020-06-18,US,Georgia,Bulloch,119,3,0,32.39577406,-81.74811421,13031.0,149.4824640739624,2.5210084033613445,116,115,3,0,112,110,77296,4,0,0,4,5
2020-06-18,US,Georgia,Burke,128,6,0,33.05917989,-81.99928721,13033.0,571.8625742751195,4.6875,122,127,6,0,121,126,22423,1,0,0,1,1
2020-06-18,US,Georgia,Butts,248,32,0,33.283094500000004,-83.95435040000002,13035.0,994.5460378569136,12.903225806451614,216,247,32,0,215,246,24193,1,0,0,1,1
2020-06-18,US,Georgia,Calhoun,154,6,0,31.53169785,-84.62725131,13037.0,2488.28566812086,3.8961038961038965,148,152,6,0,146,149,6352,2,0,0,2,3
2020-06-18,US,Georgia,Camden,76,1,0,30.92951916,-81.66601818,13039.0,139.02608568397176,1.3157894736842106,75,75,1,0,74,75,53677,1,0,0,1,0
2020-06-18,US,Georgia,Candler,19,0,0,32.40209349,-82.07702563,13043.0,175.87707118393035,0.0,19,18,0,0,18,17,10836,1,0,0,1,1
2020-06-18,US,Georgia,Carroll,621,40,0,33.58138199,-85.07976677,13045.0,517.5345023001532,6.4412238325281805,581,619,40,0,579,619,118121,2,0,0,2,0
2020-06-18,US,Georgia,Catoosa,256,6,0,34.89872298,-85.13757014,13047.0,378.8102989050015,2.34375,250,254,3,0,251,249,67420,2,3,0,-1,5
2020-06-18,US,Georgia,Charlton,36,2,0,30.78371028,-82.13951596,13049.0,268.81720430107526,5.5555555555555545,34,36,2,0,34,37,12968,0,0,0,0,-1
2020-06-18,US,Georgia,Chatham,685,31,0,32.00043026,-81.12489526,13051.0,236.67207960474042,4.525547445255475,654,684,31,0,653,651,289195,1,0,0,1,33
2020-06-18,US,Georgia,Chattahoochee,305,1,0,32.34341231,-84.78809239,13053.0,2796.3693041166225,0.3278688524590164,304,304,0,0,304,272,10684,1,1,0,0,32
2020-06-18,US,Georgia,Chattooga,46,2,0,34.47197698,-85.34535662,13055.0,185.5661785469361,4.3478260869565215,44,43,2,0,41,41,24790,3,0,0,3,2
2020-06-18,US,Georgia,Cherokee,1064,39,0,34.24393976,-84.47431861,13057.0,411.17118091918405,3.6654135338345855,1025,1058,39,0,1019,1052,254149,6,0,0,6,6
2020-06-18,US,Georgia,Clarke,363,15,0,33.95436462,-83.37124007,13059.0,282.8622858077939,4.132231404958676,348,361,15,0,346,353,127330,2,0,0,2,8
2020-06-18,US,Georgia,Clay,55,2,0,31.62221166,-84.97713865,13061.0,1940.7198306280875,3.636363636363636,53,53,2,0,51,53,2887,2,0,0,2,0
2020-06-18,US,Georgia,Clayton,1518,75,0,33.54187245,-84.35594188,13063.0,519.4076426146939,4.940711462450593,1443,1495,74,0,1421,1461,289615,23,1,0,22,34
2020-06-18,US,Georgia,Clinch,83,2,0,30.91395822,-82.70432472,13065.0,1254.1553339377456,2.409638554216868,81,80,2,0,78,80,6648,3,0,0,3,0
2020-06-18,US,Georgia,Cobb,3751,224,0,33.94243204,-84.5761255,13067.0,493.4610815624996,5.9717408691015725,3527,3712,222,0,3490,3679,756865,39,2,0,37,33
2020-06-18,US,Georgia,Coffee,380,15,0,31.54892966,-82.85492059999999,13069.0,878.1457259723152,3.947368421052632,365,369,15,0,354,359,43093,11,0,0,11,10
2020-06-18,US,Georgia,Colquitt,713,17,0,31.18810588,-83.7677946,13071.0,1563.5964912280701,2.3842917251051894,696,708,17,0,691,697,45592,5,0,0,5,11
2020-06-18,US,Georgia,Columbia,329,8,0,33.54534185,-82.263524,13073.0,209.93657235473538,2.4316109422492405,321,324,8,0,316,305,154291,5,0,0,5,19
2020-06-18,US,Georgia,Cook,86,1,0,31.16068491,-83.42947229,13075.0,497.9733642154025,1.162790697674419,85,82,1,0,81,78,17162,4,0,0,4,4
2020-06-18,US,Georgia,Coweta,538,14,0,33.35334302,-84.76129976,13077.0,362.2676066770364,2.6022304832713754,524,526,13,0,513,519,145864,12,1,0,11,7
2020-06-18,US,Georgia,Crawford,32,0,0,32.71391813,-83.98061238,13079.0,257.9812963560142,0.0,32,32,0,0,32,32,12318,0,0,0,0,0
2020-06-18,US,Georgia,Crisp,255,11,0,31.92289565,-83.76811843,13081.0,1139.817629179331,4.313725490196078,244,249,11,0,238,246,22601,6,0,0,6,3
2020-06-18,US,Georgia,Dade,54,1,0,34.854916700000004,-85.50490424,13083.0,335.07073715562166,1.851851851851852,53,52,1,0,51,51,16226,2,0,0,2,1
2020-06-18,US,Georgia,Dawson,123,3,0,34.44244079,-84.16964071,13085.0,471.1199632296614,2.4390243902439024,120,121,3,0,118,121,25083,2,0,0,2,0
2020-06-18,US,Georgia,DeKalb,4541,158,0,33.76944049,-84.22396017,13089.0,598.0531992092685,3.4794098216251927,4383,4489,155,0,4334,4411,756558,52,3,0,49,78
2020-06-18,US,Georgia,Decatur,239,8,0,30.87967778,-84.57619536,13087.0,905.1658839569764,3.3472803347280333,231,235,8,0,227,236,26575,4,0,0,4,-1
2020-06-18,US,Georgia,Dodge,62,2,0,32.17265114,-83.16948926,13091.0,300.897840330017,3.2258064516129035,60,62,2,0,60,59,20705,0,0,0,0,3
2020-06-18,US,Georgia,Dooly,194,12,0,32.15630737,-83.79746561,13093.0,1448.8424197162065,6.185567010309278,182,193,12,0,181,193,13706,1,0,0,1,0
2020-06-18,US,Georgia,Dougherty,1836,151,0,31.53328528,-84.21722377,13095.0,2087.4073400336533,8.224400871459695,1685,1845,151,0,1694,1841,91243,-9,0,0,-9,4
2020-06-18,US,Georgia,Douglas,698,34,0,33.70291126,-84.77026156,13097.0,476.9616585692517,4.871060171919772,664,682,33,0,649,669,145331,16,1,0,15,13
2020-06-18,US,Georgia,Early,252,31,0,31.32155345,-84.90255207,13099.0,2473.012757605496,12.301587301587302,221,256,31,0,225,255,10247,-4,0,0,-4,1
2020-06-18,US,Georgia,Echols,165,0,0,30.71101099,-82.89687287,13101.0,4118.821767348976,0.0,165,164,0,0,164,162,4000,1,0,0,1,2
2020-06-18,US,Georgia,Effingham,91,1,0,32.36616021,-81.34280942,13103.0,141.53291028990918,1.0989010989010992,90,88,1,0,87,86,62190,3,0,0,3,2
2020-06-18,US,Georgia,Elbert,88,0,0,34.11302332,-82.83936148,13105.0,458.47660727310614,0.0,88,87,0,0,87,87,19120,1,0,0,1,0
2020-06-18,US,Georgia,Emanuel,52,2,0,32.59221302,-82.30239915,13107.0,229.62112514351318,3.8461538461538463,50,47,2,0,45,47,22612,5,0,0,5,0
2020-06-18,US,Georgia,Evans,12,0,0,32.15328841,-81.8870105,13109.0,112.63375258119015,0.0,12,11,0,0,11,10,10721,1,0,0,1,1
2020-06-18,US,Georgia,Fannin,73,1,0,34.86430205,-84.316964,13111.0,278.75362761570193,1.3698630136986298,72,70,1,0,69,69,25964,3,0,0,3,1
2020-06-18,US,Georgia,Fayette,271,16,0,33.41357794,-84.49089434,13113.0,236.84463516312562,5.904059040590407,255,271,16,0,255,270,113459,0,0,0,0,1
2020-06-18,US,Georgia,Floyd,387,15,0,34.26268279,-85.21577392,13115.0,392.9013787081971,3.875968992248062,372,380,15,0,365,375,97927,7,0,0,7,5
2020-06-18,US,Georgia,Forsyth,627,14,0,34.22604035,-84.12315129999998,13117.0,256.7020945580793,2.232854864433812,613,616,13,0,603,603,236612,11,1,0,10,13
2020-06-18,US,Georgia,Franklin,146,1,0,34.37525597,-83.23159927,13119.0,625.2944451582509,0.6849315068493149,145,144,1,0,143,142,23023,2,0,0,2,2
2020-06-18,US,Georgia,Fulton,5325,301,0,33.79216944,-84.46319413,13121.0,500.499559654378,5.652582159624412,5024,5292,299,0,4993,5148,1050114,33,2,0,31,144
2020-06-18,US,Georgia,Gilmer,175,2,0,34.69316688,-84.45802506,13123.0,557.8756096783449,1.1428571428571428,173,176,2,0,174,172,30816,-1,0,0,-1,4
2020-06-18,US,Georgia,Glascock,2,0,0,33.22879932,-82.61297636,13125.0,67.31740154830024,0.0,2,2,0,0,2,1,2995,0,0,0,0,1
2020-06-18,US,Georgia,Glynn,214,3,0,31.23279254,-81.53811412,13127.0,250.9027810345636,1.4018691588785046,211,208,3,0,205,196,85219,6,0,0,6,12
2020-06-18,US,Georgia,Gordon,273,18,0,34.50487351,-84.87296253,13129.0,470.99011438331354,6.593406593406592,255,267,18,0,249,260,57685,6,0,0,6,7
2020-06-18,US,Georgia,Grady,153,4,0,30.87454847,-84.23418364,13131.0,621.1180124223603,2.6143790849673203,149,146,4,0,142,147,24748,7,0,0,7,-1
2020-06-18,US,Georgia,Greene,87,8,0,33.5769205,-83.17139104,13133.0,474.7871643745907,9.195402298850574,79,87,8,0,79,86,17698,0,0,0,0,1
2020-06-18,US,Georgia,Gwinnett,5753,159,0,33.96044201,-84.02137802,13135.0,614.4726301735648,2.7637754215192074,5594,5658,158,0,5500,5451,927781,95,1,0,94,207
2020-06-18,US,Georgia,Habersham,624,33,0,34.63331566,-83.53094677,13137.0,1376.6325450052948,5.288461538461538,591,612,33,0,579,600,45388,12,0,0,12,12
2020-06-18,US,Georgia,Hall,2874,58,0,34.32207823,-83.81896936,13139.0,1405.7845539788987,2.0180932498260264,2816,2822,58,0,2764,2787,202148,52,0,0,52,35
2020-06-18,US,Georgia,Hancock,203,30,0,33.2721566,-82.99766919,13141.0,2400.3783847700133,14.778325123152712,173,203,30,0,173,203,8348,0,0,0,0,0
2020-06-18,US,Georgia,Haralson,62,4,0,33.79602175,-85.21005667,13143.0,208.10955961331902,6.451612903225807,58,61,4,0,57,58,29533,1,0,0,1,3
2020-06-18,US,Georgia,Harris,232,8,0,32.73709786,-84.90538572,13145.0,658.4175275286639,3.4482758620689653,224,226,6,0,220,210,34475,6,2,0,4,16
2020-06-18,US,Georgia,Hart,46,0,0,34.34626973,-82.96567682,13147.0,175.53901927113145,0.0,46,44,0,0,44,44,26099,2,0,0,2,0
2020-06-18,US,Georgia,Heard,45,3,0,33.29686567,-85.12886832,13149.0,377.4217898179989,6.666666666666668,42,45,3,0,42,45,11879,0,0,0,0,0
2020-06-18,US,Georgia,Henry,905,31,0,33.4533428,-84.14814659999998,13151.0,385.82714091430375,3.4254143646408837,874,886,31,0,855,856,230220,19,0,0,19,30
2020-06-18,US,Georgia,Houston,479,20,0,32.45802497,-83.66879087,13153.0,303.4276556254474,4.175365344467641,459,470,20,0,450,456,155469,9,0,0,9,14
2020-06-18,US,Georgia,Irwin,42,1,0,31.60213036,-83.27501387,13155.0,446.0492778249788,2.380952380952381,41,41,1,0,40,38,9398,1,0,0,1,3
2020-06-18,US,Georgia,Jackson,283,7,0,34.13794553,-83.56814788,13157.0,387.79341436342963,2.4734982332155475,276,276,7,0,269,266,70422,7,0,0,7,10
2020-06-18,US,Georgia,Jasper,61,1,0,33.31535543,-83.68844964,13159.0,429.0034460932555,1.639344262295082,60,59,1,0,58,56,14040,2,0,0,2,3
2020-06-18,US,Georgia,Jeff Davis,66,2,0,31.80405727,-82.63724870000001,13161.0,436.65233212041016,3.0303030303030303,64,64,2,0,62,62,15029,2,0,0,2,2
2020-06-18,US,Georgia,Jefferson,63,1,0,33.05867328,-82.41609057,13163.0,410.1028511912512,1.5873015873015872,62,61,1,0,60,58,15430,2,0,0,2,3
2020-06-18,US,Georgia,Jenkins,62,9,0,32.79248718,-81.96040187,13165.0,714.6150299677271,14.516129032258064,53,49,7,0,42,47,8683,13,2,0,11,2
2020-06-18,US,Georgia,Johnson,78,2,0,32.70211082,-82.66166794,13167.0,808.8769055273256,2.5641025641025643,76,78,2,0,76,78,9708,0,0,0,0,0
2020-06-18,US,Georgia,Jones,51,0,0,33.02512137,-83.56019163,13169.0,177.4839046459022,0.0,51,51,0,0,51,51,28616,0,0,0,0,0
2020-06-18,US,Georgia,Lamar,85,5,0,33.07841647,-84.14263877,13171.0,445.56271950516333,5.882352941176472,80,84,5,0,79,79,19000,1,0,0,1,5
2020-06-18,US,Georgia,Lanier,108,2,0,31.03828570000001,-83.06472457,13173.0,1036.17000863475,1.851851851851852,106,102,2,0,100,98,10340,6,0,0,6,4
2020-06-18,US,Georgia,Laurens,125,1,0,32.46325233,-82.92221316,13175.0,262.90329365246293,0.8,124,121,1,0,120,118,47325,4,0,0,4,3
2020-06-18,US,Georgia,Lee,374,22,0,31.779330600000005,-84.14324253,13177.0,1246.9991997866098,5.882352941176472,352,372,22,0,350,374,29764,2,0,0,2,-2
2020-06-18,US,Georgia,Liberty,98,1,0,31.82588896,-81.49251135,13179.0,159.51818995686497,1.020408163265306,97,97,1,0,96,96,61497,1,0,0,1,1
2020-06-18,US,Georgia,Lincoln,18,1,0,33.79201475,-82.45024131,13181.0,227.24403484408532,5.5555555555555545,17,18,1,0,17,18,7915,0,0,0,0,0
2020-06-18,US,Georgia,Long,27,1,0,31.75218791,-81.74952375,13183.0,138.043867273378,3.703703703703704,26,27,1,0,26,25,18998,0,0,0,0,2
2020-06-18,US,Georgia,Lowndes,813,4,0,30.83568832,-83.27056716,13185.0,692.4688687119908,0.4920049200492005,809,758,4,0,754,689,116321,55,0,0,55,69
2020-06-18,US,Georgia,Lumpkin,116,1,0,34.57286511,-84.00425681,13187.0,345.13537637607857,0.8620689655172413,115,110,1,0,109,109,32955,6,0,0,6,1
2020-06-18,US,Georgia,Macon,112,8,0,32.35207048,-84.04234127,13193.0,865.0652660848073,7.142857142857142,104,112,8,0,104,112,13143,0,0,0,0,0
2020-06-18,US,Georgia,Madison,75,2,0,34.12920917,-83.21218732,13195.0,251.00401606425706,2.6666666666666665,73,75,2,0,73,74,29650,0,0,0,0,1
2020-06-18,US,Georgia,Marion,68,3,0,32.3483402,-84.52733571,13197.0,813.4944371336286,4.411764705882354,65,66,2,0,64,63,8351,2,1,0,1,3
2020-06-18,US,Georgia,McDuffie,76,5,0,33.47851918,-82.48252774,13189.0,356.6066066066066,6.578947368421053,71,76,5,0,71,75,21531,0,0,0,0,1
2020-06-18,US,Georgia,McIntosh,20,1,0,31.49683595,-81.40163426,13191.0,139.10140492418972,5.0,19,19,1,0,18,19,14340,1,0,0,1,0
2020-06-18,US,Georgia,Meriwether,139,3,0,33.04163534,-84.68859732,13199.0,656.6825719280013,2.1582733812949644,136,135,3,0,132,133,21068,4,0,0,4,2
2020-06-18,US,Georgia,Miller,45,0,0,31.16568912,-84.73151117,13201.0,786.9884575026233,0.0,45,45,0,0,45,45,5686,0,0,0,0,0
2020-06-18,US,Georgia,Mitchell,432,39,0,31.22483255,-84.19381821,13205.0,1975.9410876823856,9.027777777777779,393,433,38,0,395,433,22192,-1,1,0,-2,0
2020-06-18,US,Georgia,Monroe,135,15,0,33.014289,-83.92097166,13207.0,489.52063238813554,11.111111111111109,120,135,15,0,120,133,27520,0,0,0,0,2
2020-06-18,US,Georgia,Montgomery,24,0,0,32.17201038,-82.53527476,13209.0,261.6659398168338,0.0,24,23,0,0,23,22,9193,1,0,0,1,1
2020-06-18,US,Georgia,Morgan,42,0,0,33.59232073,-83.49129491,13211.0,217.88752853289063,0.0,42,42,0,0,42,41,18853,0,0,0,0,1
2020-06-18,US,Georgia,Murray,155,1,0,34.78897608,-84.74993177,13213.0,386.57222665602546,0.6451612903225806,154,152,1,0,151,148,39921,3,0,0,3,4
2020-06-18,US,Georgia,Muscogee,1113,33,0,32.50931999,-84.87142262,13215.0,568.5271927628993,2.964959568733154,1080,1099,32,0,1067,1078,194160,14,1,0,13,21
2020-06-18,US,Georgia,Newton,452,11,0,33.55514538,-83.84547140000002,13217.0,404.495990836197,2.433628318584071,441,440,11,0,429,425,109541,12,0,0,12,15
2020-06-18,US,Georgia,Oconee,131,10,0,33.83749973,-83.43679568,13219.0,325.2234359483615,7.633587786259542,121,131,10,0,121,130,39272,0,0,0,0,1
2020-06-18,US,Georgia,Oglethorpe,77,7,0,33.878629600000004,-83.08278123,13221.0,504.62022413002165,9.090909090909092,70,77,7,0,70,77,15054,0,0,0,0,0
2020-06-18,US,Georgia,Out of GA,2872,40,0,0.0,0.0,80013.0,0.0,1.3927576601671308,2832,2813,39,0,2774,2776,,59,1,0,58,37
2020-06-18,US,Georgia,Paulding,437,14,0,33.91969522,-84.86848792,13223.0,259.09039705455126,3.203661327231121,423,425,13,0,412,415,164044,12,1,0,11,10
2020-06-18,US,Georgia,Peach,92,9,0,32.56934316,-83.82937,13225.0,333.98678574021636,9.782608695652174,83,92,9,0,83,91,27297,0,0,0,0,1
2020-06-18,US,Georgia,Pickens,75,4,0,34.46589159,-84.46406611,13227.0,230.12488110214483,5.333333333333333,71,73,4,0,69,71,31980,2,0,0,2,2
2020-06-18,US,Georgia,Pierce,132,4,0,31.35928155,-82.21598442,13229.0,678.1402517338812,3.0303030303030303,128,132,4,0,128,132,19389,0,0,0,0,0
2020-06-18,US,Georgia,Pike,76,3,0,33.09310242,-84.38790389,13231.0,400.80160320641284,3.947368421052632,73,76,3,0,73,71,18634,0,0,0,0,5
2020-06-18,US,Georgia,Polk,175,1,0,34.00267074,-85.18677781,13233.0,410.67279938047074,0.5714285714285714,174,174,1,0,173,167,42470,1,0,0,1,7
2020-06-18,US,Georgia,Pulaski,46,2,0,32.23334561,-83.47549959999998,13235.0,413.0376223399479,4.3478260869565215,44,46,2,0,44,46,11069,0,0,0,0,0
2020-06-18,US,Georgia,Putnam,112,11,0,33.32056115,-83.37552891,13237.0,506.35200506352,9.821428571428571,101,112,11,0,101,111,21809,0,0,0,0,1
2020-06-18,US,Georgia,Quitman,15,1,0,31.86728114,-85.01773177,13239.0,652.4575902566334,6.666666666666668,14,14,1,0,13,14,2279,1,0,0,1,0
2020-06-18,US,Georgia,Rabun,33,4,0,34.88389445,-83.40304637,13241.0,192.5657933127152,12.12121212121212,29,33,3,0,30,33,16867,0,1,0,-1,0
2020-06-18,US,Georgia,Randolph,193,23,0,31.76622818,-84.75732369,13243.0,2847.4476246680438,11.917098445595856,170,191,23,0,168,191,6833,2,0,0,2,0
2020-06-18,US,Georgia,Richmond,711,41,0,33.35777107,-82.07026432,13245.0,351.07990400853265,5.766526019690577,670,703,40,0,663,687,201554,8,1,0,7,16
2020-06-18,US,Georgia,Rockdale,353,9,0,33.65145002,-84.02202167,13247.0,388.3559232529484,2.54957507082153,344,353,9,0,344,347,90594,0,0,0,0,6
2020-06-18,US,Georgia,Schley,20,1,0,32.2654021,-84.31258912,13249.0,380.44512079132585,5.0,19,20,1,0,19,20,5236,0,0,0,0,0
2020-06-18,US,Georgia,Screven,71,4,0,32.74976524,-81.60779441,13251.0,508.3774881855936,5.633802816901407,67,66,4,0,62,65,13938,5,0,0,5,1
2020-06-18,US,Georgia,Seminole,48,2,0,30.93464824,-84.86823924,13253.0,593.3250927070458,4.166666666666667,46,48,2,0,46,48,8315,0,0,0,0,0
2020-06-18,US,Georgia,Spalding,336,31,0,33.26310031,-84.28013991,13255.0,503.7254696190576,9.226190476190476,305,332,29,0,303,326,66100,4,2,0,2,6
2020-06-18,US,Georgia,Stephens,160,5,0,34.55151201,-83.29405315,13257.0,617.1648987463838,3.125,155,161,6,0,155,158,26035,-1,-1,0,0,3
2020-06-18,US,Georgia,Stewart,71,1,0,32.07996777,-84.83208037,13259.0,1072.3455671348738,1.4084507042253518,70,70,1,0,69,68,6199,1,0,0,1,2
2020-06-18,US,Georgia,Sumter,529,49,0,32.03650571,-84.19821492,13261.0,1791.7626337894596,9.262759924385632,480,526,49,0,477,523,29733,3,0,0,3,3
2020-06-18,US,Georgia,Talbot,53,2,0,32.69642758,-84.53351366,13263.0,855.5286521388216,3.7735849056603774,51,52,2,0,50,50,6272,1,0,0,1,2
2020-06-18,US,Georgia,Taliaferro,2,0,0,33.56543317,-82.88136816,13265.0,130.1236174365647,0.0,2,2,0,0,2,2,1608,0,0,0,0,0
2020-06-18,US,Georgia,Tattnall,69,0,0,32.04785085,-82.05539188,13267.0,272.87827256189195,0.0,69,61,0,0,61,58,25391,8,0,0,8,3
2020-06-18,US,Georgia,Taylor,27,2,0,32.55792548,-84.25077141,13269.0,336.65835411471323,7.407407407407407,25,26,2,0,24,26,8039,1,0,0,1,0
2020-06-18,US,Georgia,Telfair,61,2,0,31.92829517,-82.93491155,13271.0,384.6153846153846,3.278688524590164,59,58,2,0,56,54,15876,3,0,0,3,4
2020-06-18,US,Georgia,Terrell,217,27,0,31.77527543,-84.44069698,13273.0,2543.664283202438,12.442396313364055,190,220,27,0,193,218,8611,-3,0,0,-3,2
2020-06-18,US,Georgia,Thomas,366,33,0,30.86392347,-83.91847289,13275.0,823.3785516636298,9.016393442622949,333,365,33,0,332,365,44448,1,0,0,1,0
2020-06-18,US,Georgia,Tift,462,23,0,31.45743864,-83.5236119,13277.0,1136.6991437850604,4.978354978354979,439,448,22,0,426,433,40571,14,1,0,13,15
2020-06-18,US,Georgia,Toombs,137,5,0,32.12059861,-82.32957247,13279.0,510.6224375698845,3.6496350364963503,132,129,5,0,124,126,26887,8,0,0,8,3
2020-06-18,US,Georgia,Towns,35,1,0,34.91369188,-83.74107459999998,13281.0,290.7701254465398,2.8571428571428568,34,35,1,0,34,35,11852,0,0,0,0,0
2020-06-18,US,Georgia,Treutlen,17,1,0,32.40422134,-82.56904553,13283.0,246.3411099840603,5.882352941176472,16,17,0,0,17,17,6809,0,1,0,-1,0
2020-06-18,US,Georgia,Troup,863,24,0,33.03349196,-85.02812115,13285.0,1234.2324304224708,2.7809965237543453,839,844,25,0,819,805,70034,19,-1,0,20,39
2020-06-18,US,Georgia,Turner,161,15,0,31.71612656,-83.62069378,13287.0,2016.2805259862241,9.316770186335404,146,157,15,0,142,155,7912,4,0,0,4,2
2020-06-18,US,Georgia,Twiggs,22,1,0,32.67435595,-83.43078662,13289.0,270.935960591133,4.545454545454546,21,22,1,0,21,22,8188,0,0,0,0,0
2020-06-18,US,Georgia,Unassigned,1147,1,0,0.0,0.0,90013.0,0.0,0.08718395815170009,1146,1154,2,0,1152,1470,,-7,-1,0,-6,-316
2020-06-18,US,Georgia,Union,56,3,0,34.82995757,-83.98967069,13291.0,228.46885072008487,5.357142857142857,53,56,3,0,53,55,24001,0,0,0,0,1
2020-06-18,US,Georgia,Upson,309,42,0,32.87920671,-84.30024826,13293.0,1174.0121580547113,13.592233009708734,267,308,42,0,266,300,26215,1,0,0,1,8
2020-06-18,US,Georgia,Walker,269,5,0,34.73376362,-85.30165174,13295.0,385.60227060965303,1.858736059479554,264,253,4,0,249,236,69410,16,1,0,15,17
2020-06-18,US,Georgia,Walton,340,25,0,33.78017694,-83.73552314,13297.0,359.4346304694851,7.352941176470589,315,335,25,0,310,331,93503,5,0,0,5,4
2020-06-18,US,Georgia,Ware,301,15,0,31.05449097,-82.42224148,13299.0,842.3350310628532,4.983388704318936,286,298,15,0,283,290,35680,3,0,0,3,8
2020-06-18,US,Georgia,Warren,19,0,0,33.41146451,-82.67795848,13301.0,361.6292348686714,0.0,19,19,0,0,19,20,5251,0,0,0,0,-1
2020-06-18,US,Georgia,Washington,77,1,0,32.96711864,-82.79357039,13303.0,377.9326592716207,1.2987012987012987,76,76,1,0,75,76,20386,1,0,0,1,0
2020-06-18,US,Georgia,Wayne,44,0,0,31.5521809,-81.91894878,13305.0,147.02442610351855,0.0,44,41,0,0,41,39,29808,3,0,0,3,2
2020-06-18,US,Georgia,Webster,17,1,0,32.04066113,-84.54742852,13307.0,652.0905255082472,5.882352941176472,16,16,1,0,15,15,2611,1,0,0,1,1
2020-06-18,US,Georgia,Wheeler,33,0,0,32.12009104,-82.72574721,13309.0,420.1145767027371,0.0,33,28,0,0,28,30,7879,5,0,0,5,-2
2020-06-18,US,Georgia,White,125,4,0,34.64624278,-83.74905525,13311.0,405.8705110721476,3.2,121,124,4,0,120,124,29970,1,0,0,1,0
2020-06-18,US,Georgia,Whitfield,692,10,0,34.80987459,-84.96093476,13313.0,661.3908322819896,1.4450867052023122,682,668,10,0,658,637,104062,24,0,0,24,31
2020-06-18,US,Georgia,Wilcox,120,15,0,31.97496928,-83.43438555,13315.0,1389.6931094383326,12.5,105,119,14,0,105,119,8812,1,1,0,0,0
2020-06-18,US,Georgia,Wilkes,42,1,0,33.78290391,-82.74286107,13317.0,429.5796256520405,2.380952380952381,41,42,1,0,41,41,9876,0,0,0,0,1
2020-06-18,US,Georgia,Wilkinson,74,7,0,32.80291082,-83.17140684,13319.0,826.4462809917355,9.459459459459461,67,74,7,0,67,74,9036,0,0,0,0,0
2020-06-18,US,Georgia,Worth,270,21,0,31.55162306,-83.85090513,13321.0,1333.5308934656987,7.777777777777778,249,269,21,0,248,265,20299,1,0,0,1,4
2020-06-18,US,Hawaii,Hawaii,83,0,0,19.60121157,-155.5210167,15001.0,41.18840968076501,0.0,83,83,0,0,83,82,200983,0,0,0,0,1
2020-06-18,US,Hawaii,Honolulu,526,11,0,21.45803166,-157.97121819999995,15003.0,53.97290888326358,2.091254752851711,515,508,11,0,497,501,980080,18,0,0,18,7
2020-06-18,US,Hawaii,Kauai,21,0,0,22.03935037,-159.5966786,15007.0,29.04845559044444,0.0,21,21,0,0,21,21,72133,0,0,0,0,0
2020-06-18,US,Hawaii,Maui,120,6,0,20.86399628,-156.56890969999995,15009.0,71.67730875598058,5.0,114,120,6,0,114,120,167207,0,0,0,0,0
2020-06-18,US,Hawaii,Out of HI,12,0,0,0.0,0.0,80015.0,0.0,0.0,12,12,0,0,12,12,,0,0,0,0,0
2020-06-18,US,Idaho,Ada,1043,22,0,43.4526575,-116.24155159999998,16001.0,216.57561354438556,2.109300095877277,1021,986,22,0,964,915,469966,57,0,0,57,71
2020-06-18,US,Idaho,Adams,9,0,0,44.89333571,-116.4545247,16003.0,209.59478341872384,0.0,9,9,0,0,9,6,4250,0,0,0,0,3
2020-06-18,US,Idaho,Bannock,74,1,0,42.67002716,-112.2233311,16005.0,84.27478134110787,1.351351351351351,73,69,1,0,68,64,87138,5,0,0,5,5
2020-06-18,US,Idaho,Benewah,20,0,0,47.21754179,-116.6586851,16009.0,215.10002151000216,0.0,20,20,0,0,20,18,9226,0,0,0,0,2
2020-06-18,US,Idaho,Bingham,27,0,0,43.21672879999999,-112.3978437,16011.0,57.67875072098438,0.0,27,26,0,0,26,25,46236,1,0,0,1,1
2020-06-18,US,Idaho,Blaine,517,5,0,43.4085812,-113.9752658,16013.0,2245.7755961947787,0.9671179883945842,512,515,5,0,510,515,22601,2,0,0,2,0
2020-06-18,US,Idaho,Bonner,10,0,0,48.29996017,-116.6017932,16017.0,21.863180218194536,0.0,10,10,0,0,10,7,44727,0,0,0,0,3
2020-06-18,US,Idaho,Bonneville,91,1,0,43.38713372,-111.6161537,16019.0,76.43076716332665,1.0989010989010992,90,90,1,0,89,86,116854,1,0,0,1,4
2020-06-18,US,Idaho,Camas,1,0,0,43.46665742,-114.8065892,16025.0,90.41591320072331,0.0,1,1,0,0,1,1,1127,0,0,0,0,0
2020-06-18,US,Idaho,Canyon,376,6,0,43.61970148,-116.70954990000001,16027.0,163.5856584105217,1.5957446808510638,370,369,6,0,363,360,223499,7,0,0,7,9
2020-06-18,US,Idaho,Caribou,8,0,0,42.77149116,-111.5597683,16029.0,111.80992313067786,0.0,8,6,0,0,6,5,7060,2,0,0,2,1
2020-06-18,US,Idaho,Cassia,158,1,0,42.28347888,-113.6012409,16031.0,657.511444028298,0.6329113924050633,157,152,1,0,151,143,23864,6,0,0,6,9
2020-06-18,US,Idaho,Custer,2,0,0,44.24186819,-114.2855494,16037.0,46.349942062572424,0.0,2,2,0,0,2,2,4280,0,0,0,0,0
2020-06-18,US,Idaho,Elmore,37,2,0,43.3507101,-115.4701578,16039.0,134.49165788230164,5.405405405405406,35,37,2,0,35,35,27259,0,0,0,0,2
2020-06-18,US,Idaho,Franklin,17,0,0,42.18332217,-111.81496659999999,16041.0,122.51369270683195,0.0,17,17,0,0,17,15,13726,0,0,0,0,2
2020-06-18,US,Idaho,Fremont,4,0,0,44.22800938,-111.48099429999999,16043.0,30.536682189480114,0.0,4,4,0,0,4,4,13168,0,0,0,0,0
2020-06-18,US,Idaho,Gem,17,0,0,44.06482372,-116.398376,16045.0,93.86042402826857,0.0,17,17,0,0,17,17,17634,0,0,0,0,0
2020-06-18,US,Idaho,Gooding,60,1,0,42.96927962,-114.81083059999999,16047.0,395.28295671651625,1.6666666666666667,59,60,0,0,60,59,15196,0,1,0,-1,1
2020-06-18,US,Idaho,Idaho,3,0,0,45.84721541,-115.4634436,16049.0,17.999640007199854,0.0,3,3,0,0,3,3,16513,0,0,0,0,0
2020-06-18,US,Idaho,Jefferson,11,0,0,43.82078483,-112.3131749,16051.0,36.82501422784641,0.0,11,11,0,0,11,12,29439,0,0,0,0,-1
2020-06-18,US,Idaho,Jerome,216,3,0,42.68891267,-114.2655033,16053.0,884.8107488120596,1.3888888888888888,213,214,3,0,211,208,24015,2,0,0,2,6
2020-06-18,US,Idaho,Kootenai,107,1,0,47.67282258,-116.7020872,16055.0,64.57570143092512,0.9345794392523364,106,105,0,0,105,101,161505,2,1,0,1,4
2020-06-18,US,Idaho,Latah,8,0,0,46.81587887,-116.71136979999999,16057.0,19.94614540740002,0.0,8,8,0,0,8,8,40134,0,0,0,0,0
2020-06-18,US,Idaho,Lemhi,2,0,0,44.9438088,-113.9309747,16059.0,24.915908807773768,0.0,2,2,0,0,2,2,7961,0,0,0,0,0
2020-06-18,US,Idaho,Lincoln,35,0,0,43.0012336,-114.1358773,16063.0,652.2549385016772,0.0,35,35,0,0,35,35,5360,0,0,0,0,0
2020-06-18,US,Idaho,Madison,30,0,0,43.78141028,-111.65384740000002,16065.0,75.17478136667751,0.0,30,30,0,0,30,29,39304,0,0,0,0,1
2020-06-18,US,Idaho,Minidoka,113,0,0,42.85518524,-113.6357257,16067.0,537.0977708065973,0.0,113,109,0,0,109,103,20825,4,0,0,4,6
2020-06-18,US,Idaho,Nez Perce,84,19,0,46.32638236,-116.75009750000001,16069.0,207.87962779647597,22.619047619047624,65,84,19,0,65,84,40408,0,0,0,0,0
2020-06-18,US,Idaho,Owyhee,20,0,0,42.58016894,-116.16938710000001,16073.0,169.1618032648228,0.0,20,18,0,0,18,9,11693,2,0,0,2,9
2020-06-18,US,Idaho,Payette,32,2,0,44.00545243,-116.7647695,16075.0,133.60611247964593,6.25,30,30,2,0,28,28,23551,2,0,0,2,2
2020-06-18,US,Idaho,Power,14,0,0,42.69254894,-112.83957420000002,16077.0,182.26793386277828,0.0,14,9,0,0,9,9,7768,5,0,0,5,0
2020-06-18,US,Idaho,Teton,12,0,0,43.75303583,-111.2056773,16081.0,98.83050568275408,0.0,12,12,0,0,12,11,11640,0,0,0,0,1
2020-06-18,US,Idaho,Twin Falls,504,25,0,42.35440512,-114.6685381,16083.0,580.1238518382098,4.9603174603174605,479,499,26,0,473,483,86081,5,-1,0,6,16
2020-06-18,US,Idaho,Valley,3,0,0,44.76728382,-115.5676773,16085.0,26.33426966292135,0.0,3,3,0,0,3,3,11041,0,0,0,0,0
2020-06-18,US,Idaho,Washington,78,0,0,44.45275475,-116.78476880000001,16087.0,765.1559741024132,0.0,78,70,0,0,70,57,10161,8,0,0,8,13
2020-06-18,US,Illinois,Adams,46,1,0,39.98815591,-91.18786813,17001.0,70.298769771529,2.1739130434782608,45,45,1,0,44,45,65691,1,0,0,1,0
2020-06-18,US,Illinois,Alexander,18,0,0,37.18049267,-89.32910838,17003.0,312.4457559451484,0.0,18,17,0,0,17,17,6060,1,0,0,1,0
2020-06-18,US,Illinois,Bond,12,1,0,38.88829622,-89.43534887,17005.0,73.0549129428954,8.333333333333334,11,12,1,0,11,12,16630,0,0,0,0,0
2020-06-18,US,Illinois,Boone,546,19,0,42.32359279,-88.82345779,17007.0,1019.7220977140297,3.47985347985348,527,542,19,0,523,537,53577,4,0,0,4,5
2020-06-18,US,Illinois,Brown,10,0,0,39.96209138,-90.75068024,17009.0,152.02189115232594,0.0,10,10,0,0,10,10,6556,0,0,0,0,0
2020-06-18,US,Illinois,Bureau,24,1,0,41.40385234,-89.5283051,17011.0,73.55645457888929,4.166666666666667,23,24,1,0,23,24,32993,0,0,0,0,0
2020-06-18,US,Illinois,Calhoun,1,0,0,39.16840183,-90.66330078,17013.0,21.101498206372653,0.0,1,1,0,0,1,1,4802,0,0,0,0,0
2020-06-18,US,Illinois,Carroll,18,2,0,42.06823429,-89.93395545,17015.0,125.83012932541071,11.111111111111109,16,20,2,0,18,20,14312,-2,0,0,-2,0
2020-06-18,US,Illinois,Cass,79,0,0,39.96991073,-90.24734436,17017.0,650.3663455997365,0.0,79,78,0,0,78,76,12260,1,0,0,1,2
2020-06-18,US,Illinois,Champaign,761,10,0,40.13919438,-88.20046615,17019.0,362.91841727510734,1.314060446780552,751,754,10,0,744,740,209983,7,0,0,7,14
2020-06-18,US,Illinois,Christian,42,4,0,39.54581621,-89.27780482,17021.0,130.0148588410104,9.523809523809524,38,39,4,0,35,39,32661,3,0,0,3,0
2020-06-18,US,Illinois,Clark,13,0,0,39.33425789,-87.78705622,17023.0,84.19143837834338,0.0,13,13,0,0,13,13,15596,0,0,0,0,0
2020-06-18,US,Illinois,Clay,3,0,0,38.75388572,-88.48914513,17025.0,22.754854368932037,0.0,3,2,0,0,2,2,13253,1,0,0,1,0
2020-06-18,US,Illinois,Clinton,220,17,0,38.60704876,-89.42385254,17027.0,585.698312123955,7.727272727272727,203,216,17,0,199,214,37639,4,0,0,4,2
2020-06-18,US,Illinois,Coles,146,17,0,39.51949084,-88.22358557,17029.0,288.41785029928286,11.643835616438356,129,145,17,0,128,143,50885,1,0,0,1,2
2020-06-18,US,Illinois,Cook,86179,4333,0,41.84144849,-87.81658794,17031.0,1673.3029360030896,5.02790703071514,81846,85858,4304,0,81554,85538,5180493,321,29,0,292,320
2020-06-18,US,Illinois,Crawford,17,0,0,39.0032229,-87.75954624,17033.0,91.06980232495847,0.0,17,17,0,0,17,17,18807,0,0,0,0,0
2020-06-18,US,Illinois,Cumberland,10,0,0,39.27432424,-88.2401158,17035.0,92.88500835965077,0.0,10,10,0,0,10,10,10808,0,0,0,0,0
2020-06-18,US,Illinois,De Witt,4,0,0,40.17514519,-88.90959682,17039.0,25.57871850620284,0.0,4,4,0,0,4,4,15769,0,0,0,0,0
2020-06-18,US,Illinois,DeKalb,505,18,0,41.89373302,-88.76958483,17037.0,481.42463559491694,3.5643564356435644,487,499,16,0,483,490,104143,6,2,0,4,9
2020-06-18,US,Illinois,Douglas,40,0,0,39.76768052,-88.21854195,17041.0,205.497045979964,0.0,40,39,0,0,39,38,19479,1,0,0,1,1
2020-06-18,US,Illinois,DuPage,8574,443,0,41.85116968,-88.08642662,17043.0,929.0069247530396,5.16678329834383,8131,8546,435,0,8111,8495,928589,28,8,0,20,51
2020-06-18,US,Illinois,Edgar,3,0,0,39.6809186,-87.74759563,17045.0,17.481498747159257,0.0,3,2,0,0,2,2,17360,1,0,0,1,0
2020-06-18,US,Illinois,Edwards,2,0,0,38.41353228,-88.05720863,17047.0,31.27443315089914,0.0,2,2,0,0,2,2,6392,0,0,0,0,0
2020-06-18,US,Illinois,Effingham,12,1,0,39.05935711,-88.58969584,17049.0,35.28581510232886,8.333333333333334,11,9,1,0,8,9,34208,3,0,0,3,0
2020-06-18,US,Illinois,Fayette,23,3,0,39.00072038,-89.02452658,17051.0,107.79902512185976,13.043478260869565,20,23,3,0,20,22,21416,0,0,0,0,1
2020-06-18,US,Illinois,Ford,22,1,0,40.59706922,-88.22350769,17053.0,169.73998919836433,4.545454545454546,21,22,1,0,21,22,13264,0,0,0,0,0
2020-06-18,US,Illinois,Franklin,12,0,0,37.99189086,-88.92567818,17055.0,31.19394837401544,0.0,12,12,0,0,12,12,38701,0,0,0,0,0
2020-06-18,US,Illinois,Fulton,12,0,0,40.47289135,-90.20862357,17057.0,34.944670937682005,0.0,12,11,0,0,11,12,34844,1,0,0,1,-1
2020-06-18,US,Illinois,Gallatin,2,0,0,37.76430935,-88.22953869,17059.0,41.42502071251035,0.0,2,2,0,0,2,2,5058,0,0,0,0,0
2020-06-18,US,Illinois,Greene,8,0,0,39.35907414,-90.388865,17061.0,61.68555786876398,0.0,8,8,0,0,8,8,13044,0,0,0,0,0
2020-06-18,US,Illinois,Grundy,139,3,0,41.28569601,-88.41905692,17063.0,272.2607435264622,2.1582733812949644,136,133,2,0,131,129,50972,6,1,0,5,4
2020-06-18,US,Illinois,Hamilton,2,0,0,38.08163641,-88.53883373,17065.0,24.64268112370626,0.0,2,2,0,0,2,2,8163,0,0,0,0,0
2020-06-18,US,Illinois,Hancock,18,1,0,40.40423981,-91.16313899,17067.0,101.6489722159476,5.5555555555555545,17,18,1,0,17,18,17844,0,0,0,0,0
2020-06-18,US,Illinois,Hardin,1,0,0,37.51810645,-88.26873022,17069.0,26.17115938236064,0.0,1,1,0,0,1,1,3910,0,0,0,0,0
2020-06-18,US,Illinois,Henderson,8,0,0,40.81908672,-90.92491462,17071.0,120.37315678603672,0.0,8,8,0,0,8,8,6709,0,0,0,0,0
2020-06-18,US,Illinois,Henry,72,1,0,41.3533994,-90.13296166,17073.0,147.20013084456076,1.3888888888888888,71,71,1,0,70,72,49090,1,0,0,1,-1
2020-06-18,US,Illinois,Iroquois,142,5,0,40.74717633,-87.82466784,17075.0,523.7146861400015,3.5211267605633805,137,142,5,0,137,139,27604,0,0,0,0,3
2020-06-18,US,Illinois,Jackson,321,18,0,37.78595185,-89.38232563,17077.0,565.6387665198238,5.607476635514018,303,321,18,0,303,320,57419,0,0,0,0,1
2020-06-18,US,Illinois,Jasper,46,7,0,39.01054275,-88.15437049,17079.0,478.6680541103018,15.217391304347824,39,46,7,0,39,46,9611,0,0,0,0,0
2020-06-18,US,Illinois,Jefferson,104,16,0,38.29980057,-88.9240025,17081.0,275.97919541449954,15.384615384615385,88,104,16,0,88,104,37820,0,0,0,0,0
2020-06-18,US,Illinois,Jersey,29,1,0,39.08869046,-90.35393073,17083.0,133.19248610664584,3.4482758620689653,28,29,1,0,28,29,21847,0,0,0,0,0
2020-06-18,US,Illinois,Jo Daviess,35,1,0,42.36542373,-90.21094405,17085.0,164.82222745467388,2.8571428571428568,34,35,1,0,34,35,21366,0,0,0,0,0
2020-06-18,US,Illinois,Johnson,20,0,0,37.45939802,-88.88165419,17087.0,161.0695014898929,0.0,20,20,0,0,20,19,12456,0,0,0,0,1
2020-06-18,US,Illinois,Kane,7233,241,0,41.93842729,-88.42861412,17089.0,1358.5573334485346,3.331950781141988,6992,7202,236,0,6966,7167,534216,31,5,0,26,35
2020-06-18,US,Illinois,Kankakee,1121,61,0,41.13746989,-87.86205334,17091.0,1020.3710109045894,5.44157002676182,1060,1109,60,0,1049,1096,110024,12,1,0,11,13
2020-06-18,US,Illinois,Kendall,899,20,0,41.59081014,-88.42869583,17093.0,696.9532521900924,2.2246941045606228,879,897,20,0,877,891,127915,2,0,0,2,6
2020-06-18,US,Illinois,Knox,115,0,0,40.93148779,-90.21330340000002,17095.0,231.39298577436162,0.0,115,113,0,0,113,113,50112,2,0,0,2,0
2020-06-18,US,Illinois,LaSalle,189,16,0,41.34426129999999,-88.88633881,17099.0,173.92264583275818,8.465608465608465,173,183,16,0,167,183,109430,6,0,0,6,0
2020-06-18,US,Illinois,Lake,9207,392,0,42.3224907,-88.00367925,17097.0,1321.8287666807844,4.257630064081677,8815,9154,389,0,8765,9133,700832,53,3,0,50,21
2020-06-18,US,Illinois,Lawrence,5,0,0,38.71987914,-87.72884035,17101.0,31.891822936599056,0.0,5,4,0,0,4,4,15765,1,0,0,1,0
2020-06-18,US,Illinois,Lee,90,1,0,41.74583951,-89.29977132,17103.0,263.9605818864383,1.1111111111111112,89,90,1,0,89,89,34223,0,0,0,0,1
2020-06-18,US,Illinois,Livingston,35,2,0,40.89188292,-88.55784752,17105.0,98.18222621184921,5.7142857142857135,33,35,2,0,33,35,35761,0,0,0,0,0
2020-06-18,US,Illinois,Logan,11,0,0,40.12581572,-89.36638784,17107.0,38.43734712418758,0.0,11,11,0,0,11,11,28925,0,0,0,0,0
2020-06-18,US,Illinois,Macon,214,21,0,39.86064913,-88.96342505,17115.0,205.751425357421,9.813084112149532,193,213,21,0,192,212,104712,1,0,0,1,1
2020-06-18,US,Illinois,Macoupin,46,3,0,39.26119767,-89.92424028,17117.0,102.39059787205628,6.521739130434782,43,45,3,0,42,45,45313,1,0,0,1,0
2020-06-18,US,Illinois,Madison,771,66,0,38.83042506,-89.90422563,17119.0,293.1937969167117,8.560311284046692,705,750,66,0,684,740,264461,21,0,0,21,10
2020-06-18,US,Illinois,Marion,55,0,0,38.64963204,-88.91899208,17121.0,147.82959279666713,0.0,55,55,0,0,55,55,37620,0,0,0,0,0
2020-06-18,US,Illinois,Marshall,5,0,0,41.0327901,-89.34510444,17123.0,43.7139360027977,0.0,5,5,0,0,5,5,11534,0,0,0,0,0
2020-06-18,US,Illinois,Mason,18,0,0,40.23917274,-89.91824452,17125.0,134.74062429822592,0.0,18,18,0,0,18,18,13565,0,0,0,0,0
2020-06-18,US,Illinois,Massac,7,0,0,37.22078441,-88.71036614,17127.0,50.827766482718566,0.0,7,7,0,0,7,7,14080,0,0,0,0,0
2020-06-18,US,Illinois,McDonough,100,15,0,40.45674722,-90.67775541,17109.0,336.9045212586753,15.0,85,100,15,0,85,103,29955,0,0,0,0,-3
2020-06-18,US,Illinois,McHenry,1884,89,0,42.32451172,-88.45248227,17111.0,612.1374774997238,4.7239915074309975,1795,1872,88,0,1784,1864,308570,12,1,0,11,8
2020-06-18,US,Illinois,McLean,246,13,0,40.48996987,-88.84621113,17113.0,143.42601608003872,5.284552845528455,233,246,13,0,233,243,172828,0,0,0,0,3
2020-06-18,US,Illinois,Menard,23,0,0,40.02742725,-89.80246001,17129.0,188.58642177763198,0.0,23,23,0,0,23,23,12288,0,0,0,0,0
2020-06-18,US,Illinois,Mercer,19,0,0,41.20596782,-90.74290052,17131.0,123.0809095031418,0.0,19,19,0,0,19,19,15601,0,0,0,0,0
2020-06-18,US,Illinois,Monroe,110,12,0,38.27594376,-90.17761038,17133.0,317.57946704391264,10.909090909090908,98,109,12,0,97,111,34335,1,0,0,1,-2
2020-06-18,US,Illinois,Montgomery,41,1,0,39.23198845,-89.47809254,17135.0,144.29506581262757,2.4390243902439024,40,41,1,0,40,42,28601,0,0,0,0,-1
2020-06-18,US,Illinois,Morgan,118,2,0,39.71654544,-90.20255104,17137.0,350.58529918592905,1.6949152542372878,116,110,2,0,108,108,33976,8,0,0,8,2
2020-06-18,US,Illinois,Moultrie,15,0,0,39.64187451,-88.62099969,17139.0,103.44114199020756,0.0,15,16,0,0,16,15,14717,-1,0,0,-1,1
2020-06-18,US,Illinois,Ogle,230,4,0,42.04165196,-89.32184679,17141.0,454.15950871788806,1.7391304347826086,226,230,4,0,226,229,50923,0,0,0,0,1
2020-06-18,US,Illinois,Out of IL,6,0,0,0.0,0.0,80017.0,0.0,0.0,6,58,0,0,58,111,,-52,0,0,-52,-53
2020-06-18,US,Illinois,Peoria,411,21,0,40.78702156,-89.76078901,17143.0,229.3795589884976,5.109489051094892,390,405,21,0,384,397,180621,6,0,0,6,8
2020-06-18,US,Illinois,Perry,44,0,0,38.08510853,-89.36856219,17145.0,210.36527060623447,0.0,44,44,0,0,44,44,21174,0,0,0,0,0
2020-06-18,US,Illinois,Piatt,17,0,0,40.01360584,-88.59319339,17147.0,104.01370533529123,0.0,17,14,0,0,14,11,16396,3,0,0,3,3
2020-06-18,US,Illinois,Pike,2,0,0,39.62265059,-90.8877017,17149.0,12.852644431591802,0.0,2,2,0,0,2,2,15611,0,0,0,0,0
2020-06-18,US,Illinois,Pope,1,0,0,37.41391284,-88.56152109,17151.0,23.94062724443381,0.0,1,1,0,0,1,1,4212,0,0,0,0,0
2020-06-18,US,Illinois,Pulaski,65,0,0,37.22631423,-89.13085001,17153.0,1218.369259606373,0.0,65,62,0,0,62,61,5463,3,0,0,3,1
2020-06-18,US,Illinois,Putnam,1,0,0,41.2013541,-89.2869272,17155.0,17.424638438752392,0.0,1,1,0,0,1,1,5740,0,0,0,0,0
2020-06-18,US,Illinois,Randolph,279,7,0,38.05095369,-89.82512254,17157.0,877.8553898433075,2.508960573476702,272,279,7,0,272,279,32106,0,0,0,0,0
2020-06-18,US,Illinois,Richland,4,0,0,38.71240969,-88.08475366,17159.0,25.78482563011668,0.0,4,4,0,0,4,4,15763,0,0,0,0,0
2020-06-18,US,Illinois,Rock Island,766,28,0,41.46613806,-90.57042164,17161.0,539.896672516722,3.655352480417754,738,760,28,0,732,757,143477,6,0,0,6,3
2020-06-18,US,Illinois,Saline,8,0,0,37.75332999,-88.54119706,17165.0,34.05559576007833,0.0,8,7,0,0,7,7,23906,1,0,0,1,0
2020-06-18,US,Illinois,Sangamon,383,31,0,39.75836914,-89.65872023,17167.0,196.74118517300894,8.093994778067882,352,382,31,0,351,382,195348,1,0,0,1,0
2020-06-18,US,Illinois,Schuyler,13,0,0,40.1571798,-90.61114163,17169.0,192.08037825059105,0.0,13,13,0,0,13,13,6907,0,0,0,0,0
2020-06-18,US,Illinois,Shelby,16,1,0,39.39133527,-88.80611122,17173.0,73.95765924008505,6.25,15,16,1,0,15,16,21741,0,0,0,0,0
2020-06-18,US,Illinois,St. Clair,1538,123,0,38.46996033,-89.93063427,17163.0,592.2537218024845,7.9973992197659305,1415,1520,122,0,1398,1492,261059,18,1,0,17,28
2020-06-18,US,Illinois,Stark,3,0,0,41.09309773,-89.79745866,17175.0,56.15874204417821,0.0,3,3,0,0,3,3,5427,0,0,0,0,0
2020-06-18,US,Illinois,Stephenson,236,5,0,42.35129217,-89.662598,17177.0,530.3609150973076,2.1186440677966103,231,233,5,0,228,231,44753,3,0,0,3,2
2020-06-18,US,Illinois,Tazewell,103,7,0,40.50716185,-89.51404662,17179.0,78.14693140520322,6.7961165048543695,96,97,7,0,90,95,132328,6,0,0,6,2
2020-06-18,US,Illinois,Unassigned,44,0,0,0.0,0.0,90017.0,0.0,0.0,44,44,0,0,44,49,,0,0,0,0,-5
2020-06-18,US,Illinois,Union,174,18,0,37.47119609,-89.25548938,17181.0,1044.8567825617006,10.344827586206897,156,174,18,0,156,174,16841,0,0,0,0,0
2020-06-18,US,Illinois,Vermilion,47,2,0,40.18417171,-87.73384359,17183.0,62.03965257794557,4.25531914893617,45,47,2,0,45,46,76806,0,0,0,0,1
2020-06-18,US,Illinois,Wabash,14,0,0,38.44272901,-87.84922065,17185.0,121.52777777777777,0.0,14,14,0,0,14,14,11549,0,0,0,0,0
2020-06-18,US,Illinois,Warren,127,0,0,40.84925021,-90.6147432,17187.0,753.9776775112799,0.0,127,127,0,0,127,127,17032,0,0,0,0,0
2020-06-18,US,Illinois,Washington,19,0,0,38.35309213,-89.40982703,17189.0,136.81860733059696,0.0,19,19,0,0,19,19,13995,0,0,0,0,0
2020-06-18,US,Illinois,Wayne,10,1,0,38.42955355,-88.42586459,17191.0,61.67129201356769,10.0,9,9,1,0,8,9,16332,1,0,0,1,0
2020-06-18,US,Illinois,White,3,0,0,38.08706198,-88.17657461,17193.0,22.16148334195169,0.0,3,3,0,0,3,3,13665,0,0,0,0,0
2020-06-18,US,Illinois,Whiteside,163,15,0,41.75509713,-89.91556058,17195.0,295.42365201631173,9.202453987730062,148,163,15,0,148,163,55626,0,0,0,0,0
2020-06-18,US,Illinois,Will,6256,309,0,41.44619267,-87.97862712,17197.0,905.6914076581303,4.939258312020461,5947,6222,308,0,5914,6191,692310,34,1,0,33,31
2020-06-18,US,Illinois,Williamson,91,3,0,37.73033511,-88.92994027,17199.0,136.64279171734464,3.2967032967032965,88,89,3,0,86,87,67056,2,0,0,2,2
2020-06-18,US,Illinois,Winnebago,2796,81,0,42.33641854,-89.16085327,17201.0,989.4823266282576,2.8969957081545066,2715,2776,81,0,2695,2763,284081,20,0,0,20,13
2020-06-18,US,Illinois,Woodford,30,2,0,40.78579374,-89.20973757,17203.0,78.00514833979042,6.666666666666668,28,28,2,0,26,28,38463,2,0,0,2,0
2020-06-18,US,Indiana,Adams,28,1,0,40.7457653,-84.93671406,18001.0,78.26257092545491,3.571428571428572,27,28,1,0,27,28,35636,0,0,0,0,0
2020-06-18,US,Indiana,Allen,2324,91,0,41.09194313,-85.06800636,18003.0,612.7092346671096,3.9156626506024095,2233,2277,90,0,2187,2261,375351,47,1,0,46,16
2020-06-18,US,Indiana,Bartholomew,562,42,0,39.20744865,-85.89558181,18005.0,670.8124947779278,7.473309608540926,520,561,42,0,519,558,82753,1,0,0,1,3
2020-06-18,US,Indiana,Benton,38,0,0,40.60626947,-87.31093999,18007.0,434.3850022862368,0.0,38,37,0,0,37,38,8653,1,0,0,1,-1
2020-06-18,US,Indiana,Blackford,32,2,0,40.47388153,-85.32499702,18009.0,272.15512842320123,6.25,30,31,2,0,29,29,11930,1,0,0,1,2
2020-06-18,US,Indiana,Boone,380,39,0,40.0509304,-86.46841646,18011.0,560.1167401205723,10.263157894736842,341,383,39,0,344,382,66999,-3,0,0,-3,1
2020-06-18,US,Indiana,Brown,37,1,0,39.19605589,-86.22868909,18013.0,245.1630002650411,2.702702702702702,36,36,1,0,35,36,15234,1,0,0,1,0
2020-06-18,US,Indiana,Carroll,103,2,0,40.580783200000006,-86.56198812,18015.0,508.46620921163054,1.9417475728155342,101,102,2,0,100,102,20127,1,0,0,1,0
2020-06-18,US,Indiana,Cass,1609,9,0,40.76135835,-86.34830753,18017.0,4269.1501499111155,0.5593536357986327,1600,1608,9,0,1599,1608,37955,1,0,0,1,0
2020-06-18,US,Indiana,Clark,585,43,0,38.48015445,-85.70510334,18019.0,494.4971344525029,7.35042735042735,542,581,43,0,538,577,117360,4,0,0,4,4
2020-06-18,US,Indiana,Clay,56,3,0,39.39561833,-87.11723506,18021.0,213.53670162059106,5.357142857142857,53,56,3,0,53,56,26170,0,0,0,0,0
2020-06-18,US,Indiana,Clinton,264,1,0,40.30319754,-86.47277257,18023.0,814.839964196426,0.3787878787878788,263,262,1,0,261,261,32250,2,0,0,2,1
2020-06-18,US,Indiana,Crawford,27,0,0,38.28814402,-86.44518825,18025.0,255.27087075730358,0.0,27,27,0,0,27,27,10558,0,0,0,0,0
2020-06-18,US,Indiana,Daviess,127,16,0,38.70186039,-87.07185406,18027.0,380.7981769662079,12.598425196850394,111,128,16,0,112,126,33147,-1,0,0,-1,2
2020-06-18,US,Indiana,DeKalb,129,3,0,41.39804622,-84.99906934,18033.0,296.7222541690627,2.3255813953488373,126,123,3,0,120,123,43226,6,0,0,6,0
2020-06-18,US,Indiana,Dearborn,181,22,0,39.14647946,-84.97333539,18029.0,365.96708318168953,12.154696132596685,159,180,22,0,158,180,49568,1,0,0,1,0
2020-06-18,US,Indiana,Decatur,238,32,0,39.30712658,-85.50087166,18031.0,896.1180767348168,13.445378151260504,206,238,32,0,206,237,26794,0,0,0,0,1
2020-06-18,US,Indiana,Delaware,405,44,0,40.22787247,-85.39732772,18035.0,354.84294913917734,10.864197530864198,361,403,44,0,359,402,114772,2,0,0,2,1
2020-06-18,US,Indiana,Dubois,246,5,0,38.36597551,-86.87924170000002,18037.0,575.6271059528268,2.0325203252032518,241,243,5,0,238,242,42565,3,0,0,3,1
2020-06-18,US,Indiana,Elkhart,2400,36,0,41.59761169,-85.85875695,18039.0,1163.1231795910653,1.5,2364,2280,35,0,2245,2248,205560,120,1,0,119,32
2020-06-18,US,Indiana,Fayette,85,7,0,39.63684962,-85.17797541,18041.0,367.9335122500216,8.235294117647058,78,85,7,0,78,84,23047,0,0,0,0,1
2020-06-18,US,Indiana,Floyd,339,43,0,38.32117957,-85.90385377,18043.0,431.7261404447161,12.684365781710913,296,338,42,0,296,337,77781,1,1,0,0,1
2020-06-18,US,Indiana,Fountain,24,2,0,40.12361933,-87.24217689,18045.0,146.82491129328275,8.333333333333334,22,24,2,0,22,24,16351,0,0,0,0,0
2020-06-18,US,Indiana,Franklin,120,8,0,39.4142482,-85.06062647,18047.0,527.2871078302136,6.666666666666668,112,120,8,0,112,120,22736,0,0,0,0,0
2020-06-18,US,Indiana,Fulton,58,1,0,41.0469907,-86.26252745,18049.0,290.37749073795936,1.7241379310344829,57,56,1,0,55,56,20092,2,0,0,2,0
2020-06-18,US,Indiana,Gibson,24,2,0,38.30393723,-87.58054938,18051.0,71.30336611307527,8.333333333333334,22,24,2,0,22,24,33452,0,0,0,0,0
2020-06-18,US,Indiana,Grant,269,24,0,40.51587228,-85.65468702,18053.0,409.00728306649034,8.921933085501859,245,265,24,0,241,264,65936,4,0,0,4,1
2020-06-18,US,Indiana,Greene,182,29,0,39.03630547,-86.96223202,18055.0,570.1397155566692,15.934065934065936,153,182,29,0,153,181,32006,0,0,0,0,1
2020-06-18,US,Indiana,Hamilton,1349,96,0,40.07306535,-86.05244729,18057.0,399.0994375922677,7.116382505559673,1253,1371,96,0,1275,1368,330086,-22,0,0,-22,3
2020-06-18,US,Indiana,Hancock,382,30,0,39.82304555,-85.77566351,18059.0,488.69102446013716,7.853403141361255,352,382,30,0,352,381,76351,0,0,0,0,1
2020-06-18,US,Indiana,Harrison,201,22,0,38.19467379,-86.10948271,18061.0,496.11255090707147,10.945273631840797,179,200,22,0,178,199,40350,1,0,0,1,1
2020-06-18,US,Indiana,Hendricks,1286,93,0,39.76719009,-86.51037283,18063.0,755.089219134407,7.2317262830482125,1193,1283,93,0,1190,1281,167009,3,0,0,3,2
2020-06-18,US,Indiana,Henry,204,15,0,39.93029017,-85.39625719,18065.0,425.248061369132,7.352941176470589,189,204,15,0,189,204,48271,0,0,0,0,0
2020-06-18,US,Indiana,Howard,492,47,0,40.48527731,-86.11351892,18067.0,596.0457452994766,9.552845528455284,445,479,47,0,432,476,82366,13,0,0,13,3
2020-06-18,US,Indiana,Huntington,57,2,0,40.82907273,-85.48822092,18069.0,156.078860898138,3.5087719298245608,55,55,2,0,53,55,36240,2,0,0,2,0
2020-06-18,US,Indiana,Jackson,428,3,0,38.90915820000001,-86.03851889,18071.0,967.6471253193463,0.7009345794392523,425,422,2,0,420,421,44111,6,1,0,5,1
2020-06-18,US,Indiana,Jasper,87,1,0,41.02078733,-87.11553319,18073.0,259.2217388713426,1.1494252873563218,86,86,1,0,85,85,33370,1,0,0,1,1
2020-06-18,US,Indiana,Jay,64,0,0,40.43781032,-85.00576229,18075.0,313.17283225680166,0.0,64,64,0,0,64,62,20764,0,0,0,0,2
2020-06-18,US,Indiana,Jefferson,55,1,0,38.78576239,-85.43633383,18077.0,170.23647393834344,1.818181818181818,54,54,1,0,53,53,32208,1,0,0,1,1
2020-06-18,US,Indiana,Jennings,145,4,0,38.99588883,-85.62710784,18079.0,522.8051198846224,2.7586206896551726,141,142,4,0,138,142,27611,3,0,0,3,0
2020-06-18,US,Indiana,Johnson,1185,116,0,39.48994426,-86.10149107,18081.0,749.2081154728862,9.789029535864977,1069,1177,115,0,1062,1174,156225,8,1,0,7,3
2020-06-18,US,Indiana,Knox,40,0,0,38.68861576,-87.4194665,18083.0,109.30753675465924,0.0,40,38,0,0,38,37,36895,2,0,0,2,1
2020-06-18,US,Indiana,Kosciusko,354,2,0,41.24521668,-85.86312322,18085.0,445.5296012887637,0.5649717514124294,352,335,2,0,333,330,79344,19,0,0,19,5
2020-06-18,US,Indiana,LaGrange,336,2,0,41.64232188,-85.42674232,18087.0,848.1849851062757,0.5952380952380952,334,320,2,0,318,294,39330,16,0,0,16,26
2020-06-18,US,Indiana,LaPorte,479,25,0,41.54366008,-86.74072188,18091.0,435.8983692486897,5.21920668058455,454,473,25,0,448,471,110007,6,0,0,6,2
2020-06-18,US,Indiana,Lake,4297,232,0,41.41874274,-87.38277575,18089.0,885.0797024879864,5.399115662089831,4065,4222,231,0,3991,4211,484411,75,1,0,74,11
2020-06-18,US,Indiana,Lawrence,187,24,0,38.84112637,-86.48361629,18093.0,412.1666299316729,12.834224598930481,163,186,24,0,162,182,45668,1,0,0,1,4
2020-06-18,US,Indiana,Madison,618,62,0,40.16143691,-85.71964711,18095.0,476.965940927228,10.032362459546926,556,615,62,0,553,615,129641,3,0,0,3,0
2020-06-18,US,Indiana,Marion,10852,661,0,39.78163624,-86.13826325,18097.0,1125.0469115119297,6.091043125691117,10191,10862,657,0,10205,10834,954670,-10,4,0,-14,28
2020-06-18,US,Indiana,Marshall,338,3,0,41.32467367,-86.26185087,18099.0,730.6844221540057,0.8875739644970414,335,322,3,0,319,315,46248,16,0,0,16,7
2020-06-18,US,Indiana,Martin,20,0,0,38.7099921,-86.80373186,18101.0,195.02681618722573,0.0,20,16,0,0,16,16,10217,4,0,0,4,0
2020-06-18,US,Indiana,Miami,177,1,0,40.76940965,-86.04525048,18103.0,498.3669332131997,0.5649717514124294,176,177,1,0,176,176,35567,0,0,0,0,1
2020-06-18,US,Indiana,Monroe,203,23,0,39.16130004,-86.52414358,18105.0,136.763883555322,11.330049261083744,180,202,23,0,179,190,146917,1,0,0,1,12
2020-06-18,US,Indiana,Montgomery,268,19,0,40.04034823,-86.89335024,18107.0,699.0453336115602,7.08955223880597,249,268,19,0,249,267,38346,0,0,0,0,1
2020-06-18,US,Indiana,Morgan,301,30,0,39.47899078,-86.44573375,18109.0,427.0169813729802,9.966777408637872,271,300,30,0,270,300,70116,1,0,0,1,0
2020-06-18,US,Indiana,Newton,88,10,0,40.95610449,-87.39635768,18111.0,629.2906178489702,11.363636363636365,78,88,10,0,78,88,14011,0,0,0,0,0
2020-06-18,US,Indiana,Noble,354,27,0,41.39672484,-85.41966713,18113.0,741.4544235924933,7.627118644067798,327,346,27,0,319,341,47532,8,0,0,8,5
2020-06-18,US,Indiana,Ohio,13,0,0,38.955305,-84.96515993,18115.0,221.27659574468086,0.0,13,13,0,0,13,13,5844,0,0,0,0,0
2020-06-18,US,Indiana,Orange,132,23,0,38.54118920000001,-86.49523093,18117.0,671.8924972004478,17.424242424242426,109,132,23,0,109,132,19489,0,0,0,0,0
2020-06-18,US,Indiana,Owen,40,1,0,39.31145587,-86.83900724,18119.0,192.316938314342,2.5,39,39,1,0,38,37,20845,1,0,0,1,2
2020-06-18,US,Indiana,Parke,20,0,0,39.77202286,-87.20375833,18121.0,118.08466670602822,0.0,20,20,0,0,20,20,16927,0,0,0,0,0
2020-06-18,US,Indiana,Perry,101,1,0,38.07809328,-86.63741946,18123.0,526.8923783191611,0.99009900990099,100,94,1,0,93,92,19102,7,0,0,7,2
2020-06-18,US,Indiana,Pike,6,0,0,38.40112197,-87.23574907,18125.0,48.43005892323836,0.0,6,6,0,0,6,6,12410,0,0,0,0,0
2020-06-18,US,Indiana,Porter,606,36,0,41.45986947,-87.06848888,18127.0,355.6567618801684,5.9405940594059405,570,597,35,0,562,593,169594,9,1,0,8,4
2020-06-18,US,Indiana,Posey,23,0,0,38.02097333,-87.86480429,18129.0,90.4550281197153,0.0,23,22,0,0,22,20,25540,1,0,0,1,2
2020-06-18,US,Indiana,Pulaski,53,1,0,41.04166107,-86.69890683,18131.0,429.04557597344774,1.8867924528301887,52,53,1,0,52,53,12469,0,0,0,0,0
2020-06-18,US,Indiana,Putnam,159,8,0,39.66437981,-86.84517605,18133.0,423.1424313391528,5.031446540880503,151,158,8,0,150,159,37779,1,0,0,1,-1
2020-06-18,US,Indiana,Randolph,69,3,0,40.15734772,-85.01139319,18135.0,279.7486316643016,4.3478260869565215,66,68,3,0,65,68,24851,1,0,0,1,0
2020-06-18,US,Indiana,Ripley,111,6,0,39.10235626,-85.26212744,18137.0,391.8938003106906,5.405405405405406,105,111,6,0,105,111,28523,0,0,0,0,0
2020-06-18,US,Indiana,Rush,51,3,0,39.62002287,-85.4655599,18139.0,307.58096616609373,5.882352941176472,48,51,3,0,48,51,16663,0,0,0,0,0
2020-06-18,US,Indiana,Scott,148,6,0,38.68672078,-85.74627859,18143.0,619.9472207095882,4.0540540540540535,142,145,4,0,141,146,23878,3,2,0,1,-1
2020-06-18,US,Indiana,Shelby,408,24,0,39.52305623,-85.79158570000001,18145.0,912.1598962641687,5.882352941176472,384,408,23,0,385,408,44593,0,1,0,-1,0
2020-06-18,US,Indiana,Spencer,23,1,0,38.01519732,-87.0079644,18147.0,113.42900823593234,4.3478260869565215,22,23,1,0,22,23,20327,0,0,0,0,0
2020-06-18,US,Indiana,St. Joseph,1612,53,0,41.61756781,-86.29040834,18141.0,593.0264213136345,3.2878411910669976,1559,1583,53,0,1530,1571,270771,29,0,0,29,12
2020-06-18,US,Indiana,Starke,58,3,0,41.27890281,-86.64686895,18149.0,252.2287453794303,5.172413793103448,55,55,3,0,52,54,22935,3,0,0,3,1
2020-06-18,US,Indiana,Steuben,107,2,0,41.64423868,-85.00101094,18151.0,309.30219113141015,1.8691588785046729,105,107,2,0,105,106,34586,0,0,0,0,1
2020-06-18,US,Indiana,Sullivan,42,1,0,39.08952258,-87.41414469,18153.0,203.20286419275243,2.380952380952381,41,41,1,0,40,41,20690,1,0,0,1,0
2020-06-18,US,Indiana,Switzerland,22,0,0,38.82767338,-85.03022429,18155.0,204.63212724397732,0.0,22,22,0,0,22,22,10717,0,0,0,0,0
2020-06-18,US,Indiana,Tippecanoe,506,7,0,40.38872739,-86.89413959,18157.0,258.5167473892874,1.383399209486166,499,497,6,0,491,492,193048,9,1,0,8,5
2020-06-18,US,Indiana,Tipton,28,1,0,40.31123252,-86.05234925,18159.0,184.8428835489834,3.571428571428572,27,28,1,0,27,28,15128,0,0,0,0,0
2020-06-18,US,Indiana,Unassigned,0,187,0,0.0,0.0,90018.0,0.0,0.0,-187,0,186,0,-186,0,,0,1,0,-1,0
2020-06-18,US,Indiana,Union,12,0,0,39.62550777,-84.92497066,18161.0,170.1162461015027,0.0,12,12,0,0,12,12,7037,0,0,0,0,0
2020-06-18,US,Indiana,Vanderburgh,336,5,0,38.02658833,-87.58763124,18163.0,185.1739588098164,1.488095238095238,331,335,5,0,330,329,180974,1,0,0,1,6
2020-06-18,US,Indiana,Vermillion,13,0,0,39.8523352,-87.46160542,18165.0,83.88179119886435,0.0,13,12,0,0,12,12,15479,1,0,0,1,0
2020-06-18,US,Indiana,Vigo,203,8,0,39.42944561,-87.39169027,18167.0,189.65227302453332,3.940886699507389,195,202,8,0,194,201,107386,1,0,0,1,1
2020-06-18,US,Indiana,Wabash,89,2,0,40.84704239,-85.79328272,18169.0,287.13382371918965,2.247191011235955,87,88,2,0,86,88,31280,1,0,0,1,0
2020-06-18,US,Indiana,Warren,14,1,0,40.34728141,-87.35602659,18171.0,169.38898971566852,7.142857142857142,13,15,1,0,14,14,8263,-1,0,0,-1,1
2020-06-18,US,Indiana,Warrick,178,29,0,38.08922676,-87.2716085,18173.0,282.54865233816946,16.292134831460675,149,176,29,0,147,176,62567,2,0,0,2,0
2020-06-18,US,Indiana,Washington,60,1,0,38.60219804,-86.1049363,18175.0,214.01055785418748,1.6666666666666667,59,59,1,0,58,58,27943,1,0,0,1,1
2020-06-18,US,Indiana,Wayne,104,6,0,39.8633444,-85.01044989,18177.0,157.8531965272297,5.769230769230768,98,104,6,0,98,103,65936,0,0,0,0,1
2020-06-18,US,Indiana,Wells,65,0,0,40.72934187,-85.22132966,18179.0,229.71444727169919,0.0,65,63,0,0,63,62,28206,2,0,0,2,1
2020-06-18,US,Indiana,White,242,10,0,40.74911165,-86.86492015,18181.0,1004.066052609742,4.132231404958676,232,242,10,0,232,242,24133,0,0,0,0,0
2020-06-18,US,Indiana,Whitley,65,3,0,41.13863784,-85.50791236,18183.0,191.37910729007183,4.615384615384615,62,65,3,0,62,64,34074,0,0,0,0,1
2020-06-18,US,Iowa,Adair,12,0,0,41.33075609,-94.47105874,19001.0,167.78523489932888,0.0,12,12,0,0,12,11,7063,0,0,0,0,1
2020-06-18,US,Iowa,Adams,7,0,0,41.02903567,-94.69932645,19003.0,194.3364797334814,0.0,7,8,0,0,8,8,3645,-1,0,0,-1,0
2020-06-18,US,Iowa,Allamakee,121,4,0,43.28383218,-91.37860922,19005.0,884.050558924527,3.3057851239669422,117,121,4,0,117,121,13832,0,0,0,0,0
2020-06-18,US,Iowa,Appanoose,18,3,0,40.74324454,-92.86865906,19007.0,144.85755673587641,16.666666666666668,15,17,3,0,14,17,12437,1,0,0,1,0
2020-06-18,US,Iowa,Audubon,14,1,0,41.6844628,-94.90581859,19009.0,254.7307132459971,7.142857142857142,13,14,1,0,13,14,5506,0,0,0,0,0
2020-06-18,US,Iowa,Benton,50,1,0,42.08011739,-92.06463573,19011.0,194.969779684149,2.0,49,48,1,0,47,46,25642,2,0,0,2,2
2020-06-18,US,Iowa,Black Hawk,1860,56,0,42.4704581,-92.30524729,19013.0,1417.380437101838,3.010752688172043,1804,1843,56,0,1787,1838,132408,17,0,0,17,5
2020-06-18,US,Iowa,Boone,104,1,0,42.03657094,-93.9313999,19015.0,396.43211100099114,0.9615384615384616,103,101,1,0,100,101,26346,3,0,0,3,0
2020-06-18,US,Iowa,Bremer,81,6,0,42.77461496,-92.31795937,19017.0,323.19846779985636,7.407407407407407,75,75,6,0,69,74,24947,6,0,0,6,1
2020-06-18,US,Iowa,Buchanan,35,1,0,42.4709188,-91.83510825,19019.0,165.28925619834712,2.8571428571428568,34,35,1,0,34,35,21199,0,0,0,0,0
2020-06-18,US,Iowa,Buena Vista,1624,10,0,42.73545875,-95.15100162,19021.0,8277.268093781855,0.6157635467980296,1614,1620,10,0,1610,1600,19874,4,0,0,4,20
2020-06-18,US,Iowa,Butler,31,2,0,42.73172833,-92.79015971,19023.0,214.6963086086294,6.451612903225807,29,27,2,0,25,23,14539,4,0,0,4,4
2020-06-18,US,Iowa,Calhoun,25,0,0,42.38521079,-94.64046046,19025.0,258.585022755482,0.0,25,24,0,0,24,24,9699,1,0,0,1,0
2020-06-18,US,Iowa,Carroll,63,1,0,42.03617207,-94.86032705,19027.0,312.42251425737663,1.5873015873015872,62,57,1,0,56,49,20154,6,0,0,6,8
2020-06-18,US,Iowa,Cass,16,0,0,41.33149454,-94.92792482,19029.0,124.64942349641632,0.0,16,14,0,0,14,14,12930,2,0,0,2,0
2020-06-18,US,Iowa,Cedar,54,1,0,41.77233777,-91.13246684,19031.0,289.9017555161862,1.851851851851852,53,54,1,0,53,54,18627,0,0,0,0,0
2020-06-18,US,Iowa,Cerro Gordo,54,1,0,43.08177563,-93.2612239,19033.0,127.20848056537102,1.851851851851852,53,48,1,0,47,48,42647,6,0,0,6,0
2020-06-18,US,Iowa,Cherokee,63,0,0,42.73538914,-95.62389402,19035.0,560.7476635514018,0.0,63,62,0,0,62,59,11321,1,0,0,1,3
2020-06-18,US,Iowa,Chickasaw,16,0,0,43.06001295,-92.31773347,19037.0,134.0819575965809,0.0,16,15,0,0,15,15,11964,1,0,0,1,0
2020-06-18,US,Iowa,Clarke,96,2,0,41.02868181,-93.78499767,19039.0,1021.820117083555,2.083333333333333,94,89,1,0,88,89,9423,7,1,0,6,0
2020-06-18,US,Iowa,Clay,93,0,0,43.08247182,-95.15096481,19041.0,580.6693306693306,0.0,93,85,0,0,85,83,16134,8,0,0,8,2
2020-06-18,US,Iowa,Clayton,35,3,0,42.84443388,-91.34133693,19043.0,199.44156362185882,8.571428571428571,32,35,3,0,32,35,17556,0,0,0,0,0
2020-06-18,US,Iowa,Clinton,70,1,0,41.89981633,-90.53275096,19045.0,150.7678390661009,1.4285714285714286,69,70,1,0,69,68,46518,0,0,0,0,2
2020-06-18,US,Iowa,Crawford,631,2,0,42.03718237,-95.3819718,19047.0,3751.486325802616,0.31695721077654515,629,628,2,0,626,622,17158,3,0,0,3,6
2020-06-18,US,Iowa,Dallas,1050,28,0,41.68560356,-94.04127625,19049.0,1123.5594362941802,2.6666666666666665,1022,1038,28,0,1010,1029,90180,12,0,0,12,9
2020-06-18,US,Iowa,Davis,36,1,0,40.74773536,-92.41005468,19051.0,400.0,2.7777777777777777,35,34,1,0,33,34,9017,2,0,0,2,0
2020-06-18,US,Iowa,Decatur,8,0,0,40.73742757,-93.78645949,19053.0,101.6518424396442,0.0,8,8,0,0,8,9,7890,0,0,0,0,-1
2020-06-18,US,Iowa,Delaware,29,1,0,42.47104597,-91.3664492,19055.0,170.47792604785138,3.4482758620689653,28,29,1,0,28,27,17069,0,0,0,0,2
2020-06-18,US,Iowa,Des Moines,67,2,0,40.92012606,-91.18326592,19057.0,171.9403597916186,2.985074626865672,65,66,2,0,64,66,39138,1,0,0,1,0
2020-06-18,US,Iowa,Dickinson,181,1,0,43.37787725,-95.1510206,19059.0,1048.7889674353924,0.5524861878453039,180,168,1,0,167,158,17153,13,0,0,13,10
2020-06-18,US,Iowa,Dubuque,397,22,0,42.46815349,-90.88181925,19061.0,407.9703219574354,5.541561712846347,375,393,22,0,371,390,96854,4,0,0,4,3
2020-06-18,US,Iowa,Emmet,45,0,0,43.37782951,-94.67858943,19063.0,488.7054735013032,0.0,45,45,0,0,45,41,9253,0,0,0,0,4
2020-06-18,US,Iowa,Fayette,28,0,0,42.86271799,-91.84412309999999,19065.0,142.4936386768448,0.0,28,28,0,0,28,28,19660,0,0,0,0,0
2020-06-18,US,Iowa,Floyd,26,1,0,43.06000529999999,-92.78940097,19067.0,166.21915356092572,3.8461538461538463,25,22,1,0,21,21,15761,4,0,0,4,1
2020-06-18,US,Iowa,Franklin,55,0,0,42.73270384,-93.26256925,19069.0,546.1767626613704,0.0,55,51,0,0,51,50,10124,4,0,0,4,1
2020-06-18,US,Iowa,Fremont,4,0,0,40.74542720000001,-95.60129045,19071.0,57.4712643678161,0.0,4,4,0,0,4,4,6993,0,0,0,0,0
2020-06-18,US,Iowa,Greene,26,0,0,42.03614551,-94.39658081,19073.0,292.5292529252925,0.0,26,23,0,0,23,21,8981,3,0,0,3,2
2020-06-18,US,Iowa,Grundy,25,0,0,42.40183723,-92.78829551,19075.0,204.38194898626557,0.0,25,24,0,0,24,23,12304,1,0,0,1,1
2020-06-18,US,Iowa,Guthrie,61,4,0,41.68378965,-94.50111014,19077.0,570.6801384600992,6.557377049180328,57,60,3,0,57,59,10720,1,1,0,0,1
2020-06-18,US,Iowa,Hamilton,141,0,0,42.38382428,-93.70197703,19079.0,954.4439179584376,0.0,141,130,0,0,130,125,14952,11,0,0,11,5
2020-06-18,US,Iowa,Hancock,34,0,0,43.08178477,-93.73454884,19081.0,319.84948259642516,0.0,34,30,0,0,30,32,10712,4,0,0,4,-2
2020-06-18,US,Iowa,Hardin,51,0,0,42.38353877,-93.23654611,19083.0,302.74249079900267,0.0,51,46,0,0,46,45,16868,5,0,0,5,1
2020-06-18,US,Iowa,Harrison,41,0,0,41.68330137,-95.81558439,19085.0,291.83571784468637,0.0,41,40,0,0,40,40,14134,1,0,0,1,0
2020-06-18,US,Iowa,Henry,75,3,0,40.98767962,-91.54436349,19087.0,375.8644883231432,4.0,72,75,3,0,72,74,20067,0,0,0,0,1
2020-06-18,US,Iowa,Howard,12,0,0,43.35671042,-92.31702714,19089.0,131.03297663245252,0.0,12,12,0,0,12,12,9187,0,0,0,0,0
2020-06-18,US,Iowa,Humboldt,37,1,0,42.7764426,-94.20722537,19091.0,387.1102741159239,2.702702702702702,36,34,1,0,33,34,9547,3,0,0,3,0
2020-06-18,US,Iowa,Ida,19,0,0,42.38696136,-95.51355387,19093.0,276.9679300291545,0.0,19,19,0,0,19,18,6841,0,0,0,0,1
2020-06-18,US,Iowa,Iowa,35,0,0,41.68630265,-92.0643373,19095.0,216.26297577854672,0.0,35,35,0,0,35,34,16141,0,0,0,0,1
2020-06-18,US,Iowa,Jackson,14,0,0,42.17178824,-90.57354837,19097.0,72.02016564638099,0.0,14,14,0,0,14,14,19432,0,0,0,0,0
2020-06-18,US,Iowa,Jasper,289,17,0,41.68576082,-93.05567785,19099.0,777.1951055533145,5.882352941176472,272,286,17,0,269,282,37147,3,0,0,3,4
2020-06-18,US,Iowa,Jefferson,46,0,0,41.03192394,-91.94849466,19101.0,251.4348182563542,0.0,46,46,0,0,46,46,18381,0,0,0,0,0
2020-06-18,US,Iowa,Johnson,686,8,0,41.67169354,-91.58754744,19103.0,453.8838163292312,1.1661807580174928,678,668,8,0,660,650,151260,18,0,0,18,18
2020-06-18,US,Iowa,Jones,42,0,0,42.12118609,-91.13139641,19105.0,203.0849572070983,0.0,42,41,0,0,41,41,20744,1,0,0,1,0
2020-06-18,US,Iowa,Keokuk,16,1,0,41.33649833,-92.1785067,19107.0,156.15850087839158,6.25,15,16,1,0,15,16,10225,0,0,0,0,0
2020-06-18,US,Iowa,Kossuth,23,0,0,43.20405458,-94.20691791,19109.0,155.26902045500574,0.0,23,20,0,0,20,19,14908,3,0,0,3,1
2020-06-18,US,Iowa,Lee,41,1,0,40.64181461,-91.48183025,19111.0,121.8171554208634,2.4390243902439024,40,40,1,0,39,40,34055,1,0,0,1,0
2020-06-18,US,Iowa,Linn,1048,80,0,42.07923082,-91.59809485,19113.0,462.272723262728,7.633587786259542,968,1036,80,0,956,1021,225909,12,0,0,12,15
2020-06-18,US,Iowa,Louisa,354,13,0,41.21842119,-91.26102611,19115.0,3207.974626189397,3.6723163841807906,341,354,13,0,341,355,11169,0,0,0,0,-1
2020-06-18,US,Iowa,Lucas,25,3,0,41.02958964,-93.32780803,19117.0,290.6976744186046,12.0,22,25,3,0,22,25,8645,0,0,0,0,0
2020-06-18,US,Iowa,Lyon,32,0,0,43.38107862,-96.20926845,19119.0,272.2245852828584,0.0,32,32,0,0,32,31,11811,0,0,0,0,1
2020-06-18,US,Iowa,Madison,34,2,0,41.33081904,-94.01554631,19121.0,208.10380707552943,5.882352941176472,32,34,2,0,32,34,16249,0,0,0,0,0
2020-06-18,US,Iowa,Mahaska,108,15,0,41.33521503,-92.64083907,19123.0,488.7983706720978,13.888888888888891,93,108,15,0,93,108,22000,0,0,0,0,0
2020-06-18,US,Iowa,Marion,41,0,0,41.33445101,-93.09934783,19125.0,123.2971461221544,0.0,41,41,0,0,41,41,33407,0,0,0,0,0
2020-06-18,US,Iowa,Marshall,953,18,0,42.03586837,-92.99908190000001,19127.0,2420.686326805355,1.8887722980062958,935,944,18,0,926,942,39981,9,0,0,9,2
2020-06-18,US,Iowa,Mills,26,0,0,41.03299766,-95.61920963,19129.0,172.08286451783704,0.0,26,24,0,0,24,24,15063,2,0,0,2,0
2020-06-18,US,Iowa,Mitchell,8,0,0,43.35638371,-92.78887719,19131.0,75.57150954090308,0.0,8,8,0,0,8,8,10569,0,0,0,0,0
2020-06-18,US,Iowa,Monona,55,0,0,42.05220391,-95.95743843,19133.0,638.4213580963436,0.0,55,52,0,0,52,49,8679,3,0,0,3,3
2020-06-18,US,Iowa,Monroe,48,6,0,41.02988815,-92.8690667,19135.0,622.8104320747373,12.5,42,48,6,0,42,47,7790,0,0,0,0,1
2020-06-18,US,Iowa,Montgomery,9,2,0,41.03018714,-95.15642896,19137.0,90.7532519915297,22.222222222222218,7,9,2,0,7,9,10003,0,0,0,0,0
2020-06-18,US,Iowa,Muscatine,577,43,0,41.48370744,-91.11216970000001,19139.0,1352.428276767298,7.4523396880415955,534,575,43,0,532,574,42929,2,0,0,2,1
2020-06-18,US,Iowa,O'Brien,69,1,0,43.08310673,-95.62474482,19141.0,501.7087180978696,1.4492753623188406,68,68,1,0,67,66,13840,1,0,0,1,2
2020-06-18,US,Iowa,Osceola,49,0,0,43.37824276,-95.62422844,19143.0,822.4236320913056,0.0,49,49,0,0,49,49,6040,0,0,0,0,0
2020-06-18,US,Iowa,Page,18,0,0,40.7393172,-95.1497813,19145.0,119.1500628847554,0.0,18,17,0,0,17,17,15249,1,0,0,1,0
2020-06-18,US,Iowa,Palo Alto,18,0,0,43.08193849,-94.67824621,19147.0,202.56583389601624,0.0,18,16,0,0,16,16,8929,2,0,0,2,0
2020-06-18,US,Iowa,Plymouth,212,4,0,42.737633,-96.21366621,19149.0,842.0383683520672,1.8867924528301887,208,205,4,0,201,203,25095,7,0,0,7,2
2020-06-18,US,Iowa,Pocahontas,32,0,0,42.73420133,-94.67862564,19151.0,483.45671551593904,0.0,32,31,0,0,31,30,6740,1,0,0,1,1
2020-06-18,US,Iowa,Polk,5312,165,0,41.68679484,-93.57767461,19153.0,1083.7255514004582,3.1061746987951806,5147,5244,164,0,5080,5199,487204,68,1,0,67,45
2020-06-18,US,Iowa,Pottawattamie,551,11,0,41.33640314,-95.53907776,19155.0,591.1636589919104,1.996370235934664,540,532,11,0,521,517,93533,19,0,0,19,15
2020-06-18,US,Iowa,Poweshiek,95,8,0,41.68625425,-92.53155731,19157.0,513.4025075659317,8.421052631578947,87,95,8,0,87,95,18699,0,0,0,0,0
2020-06-18,US,Iowa,Ringgold,10,0,0,40.73518949,-94.24368535,19159.0,204.3318348998774,0.0,10,9,0,0,9,8,4968,1,0,0,1,1
2020-06-18,US,Iowa,Sac,41,0,0,42.38624071,-95.10547892,19161.0,421.7673078901348,0.0,41,40,0,0,40,38,9719,1,0,0,1,2
2020-06-18,US,Iowa,Scott,418,10,0,41.63935978,-90.61959493,19163.0,241.69813175439307,2.392344497607656,408,413,10,0,403,408,173283,5,0,0,5,5
2020-06-18,US,Iowa,Shelby,62,0,0,41.6850066,-95.31015553,19165.0,541.2956172516151,0.0,62,56,0,0,56,50,11578,6,0,0,6,6
2020-06-18,US,Iowa,Sioux,372,0,0,43.08221074,-96.17675679999999,19167.0,1067.2787261511978,0.0,372,362,0,0,362,362,34909,10,0,0,10,0
2020-06-18,US,Iowa,Story,342,3,0,42.03621213,-93.46499005,19169.0,352.15255825447656,0.8771929824561403,339,301,3,0,298,259,98105,41,0,0,41,42
2020-06-18,US,Iowa,Tama,429,29,0,42.07991767,-92.53266945,19171.0,2545.3898184407267,6.759906759906759,400,429,29,0,400,429,16904,0,0,0,0,0
2020-06-18,US,Iowa,Taylor,75,0,0,40.73710579,-94.69778563,19173.0,1225.2899852965202,0.0,75,74,0,0,74,74,6191,1,0,0,1,0
2020-06-18,US,Iowa,Unassigned,7,0,0,0.0,0.0,90019.0,0.0,0.0,7,5,0,0,5,5,,2,0,0,2,0
2020-06-18,US,Iowa,Union,12,0,0,41.0277278,-94.24234847,19175.0,98.03120660076792,0.0,12,11,0,0,11,10,12359,1,0,0,1,1
2020-06-18,US,Iowa,Van Buren,11,0,0,40.75326764,-91.95017958,19177.0,156.16127200454287,0.0,11,11,0,0,11,12,7020,0,0,0,0,-1
2020-06-18,US,Iowa,Wapello,681,26,0,41.03064984,-92.40954728,19179.0,1947.4391603992108,3.81791483113069,655,678,26,0,652,675,35205,3,0,0,3,3
2020-06-18,US,Iowa,Warren,201,2,0,41.33559454,-93.56007641,19181.0,390.5491003769479,0.9950248756218906,199,200,1,0,199,197,51056,1,1,0,0,3
2020-06-18,US,Iowa,Washington,210,9,0,41.33577126,-91.71725711,19183.0,956.0664693831096,4.285714285714286,201,209,9,0,200,208,22141,1,0,0,1,1
2020-06-18,US,Iowa,Wayne,5,0,0,40.73969028,-93.32752197,19185.0,77.6276975624903,0.0,5,5,0,0,5,5,6401,0,0,0,0,0
2020-06-18,US,Iowa,Webster,108,1,0,42.42853483,-94.17987389,19187.0,300.8021390374332,0.925925925925926,107,103,1,0,102,101,36277,5,0,0,5,2
2020-06-18,US,Iowa,Winnebago,12,0,0,43.37751174,-93.73407298,19189.0,115.89723778249952,0.0,12,13,0,0,13,13,10518,-1,0,0,-1,0
2020-06-18,US,Iowa,Winneshiek,24,0,0,43.29094334,-91.84422722,19191.0,120.05402431093992,0.0,24,24,0,0,24,24,20029,0,0,0,0,0
2020-06-18,US,Iowa,Woodbury,3038,42,0,42.38979414,-96.0459439,19193.0,2946.4536840369715,1.3824884792626728,2996,3026,41,0,2985,3015,102539,12,1,0,11,11
2020-06-18,US,Iowa,Worth,6,0,0,43.37750768,-93.26087602,19195.0,81.28979813033466,0.0,6,5,0,0,5,5,7453,1,0,0,1,0
2020-06-18,US,Iowa,Wright,310,0,0,42.73305373,-93.73515113,19197.0,2467.759910842223,0.0,310,292,0,0,292,291,12690,18,0,0,18,1
2020-06-18,US,Kansas,Allen,2,0,0,37.88582951,-95.30030847,20001.0,16.169455897809037,0.0,2,2,0,0,2,2,12444,0,0,0,0,0
2020-06-18,US,Kansas,Anderson,3,0,0,38.21413251,-95.29272815,20003.0,38.17765334690761,0.0,3,3,0,0,3,2,7878,0,0,0,0,1
2020-06-18,US,Kansas,Atchison,27,0,0,39.53185661,-95.30870026,20005.0,167.98357493933926,0.0,27,27,0,0,27,27,16193,0,0,0,0,0
2020-06-18,US,Kansas,Barber,1,0,0,37.2288586,-98.68460053,20007.0,22.588660492432798,0.0,1,1,0,0,1,1,4472,0,0,0,0,0
2020-06-18,US,Kansas,Barton,51,1,0,38.47889676,-98.75636726,20009.0,197.83544745723262,1.96078431372549,50,49,1,0,48,49,26111,2,0,0,2,0
2020-06-18,US,Kansas,Bourbon,9,1,0,37.85508555,-94.84865997,20011.0,61.92376496490986,11.111111111111109,8,9,1,0,8,8,14653,0,0,0,0,1
2020-06-18,US,Kansas,Brown,13,0,0,39.82652589,-95.56421698,20013.0,135.92639063153493,0.0,13,10,0,0,10,10,9598,3,0,0,3,0
2020-06-18,US,Kansas,Butler,41,0,0,37.78134351,-96.83878537,20015.0,61.27542556530317,0.0,41,37,0,0,37,37,66765,4,0,0,4,0
2020-06-18,US,Kansas,Chase,3,0,0,38.30292938,-96.59563862,20017.0,113.2930513595166,0.0,3,3,0,0,3,3,2629,0,0,0,0,0
2020-06-18,US,Kansas,Chautauqua,4,0,0,37.14994405,-96.2454192,20019.0,123.07692307692308,0.0,4,4,0,0,4,4,3309,0,0,0,0,0
2020-06-18,US,Kansas,Cherokee,17,0,0,37.16928494,-94.8462897,20021.0,85.26004313155124,0.0,17,17,0,0,17,17,20015,0,0,0,0,0
2020-06-18,US,Kansas,Cheyenne,2,0,0,39.78580976,-101.7318201,20023.0,75.27286413248024,0.0,2,2,0,0,2,2,2660,0,0,0,0,0
2020-06-18,US,Kansas,Clark,34,1,0,37.23577007,-99.81883015,20025.0,1705.1153460381142,2.9411764705882355,33,34,1,0,33,34,2005,0,0,0,0,0
2020-06-18,US,Kansas,Clay,6,2,0,39.34948772,-97.16518128,20027.0,74.9812546863284,33.333333333333336,4,6,2,0,4,6,7997,0,0,0,0,0
2020-06-18,US,Kansas,Cloud,6,0,0,39.48028352,-97.64925343,20029.0,68.29046209879354,0.0,6,6,0,0,6,5,8729,0,0,0,0,1
2020-06-18,US,Kansas,Coffey,52,8,0,38.2365018,-95.73379515,20031.0,635.7745445653503,15.384615384615385,44,52,8,0,44,52,8233,0,0,0,0,0
2020-06-18,US,Kansas,Comanche,2,0,0,37.19114520000001,-99.27113247,20033.0,117.64705882352942,0.0,2,2,0,0,2,2,1748,0,0,0,0,0
2020-06-18,US,Kansas,Cowley,49,1,0,37.23781842,-96.83776647,20035.0,140.36896986364158,2.0408163265306123,48,45,1,0,44,41,35218,4,0,0,4,4
2020-06-18,US,Kansas,Crawford,156,1,0,37.50675523,-94.85245778,20037.0,401.87541862022766,0.6410256410256411,155,156,1,0,155,98,39019,0,0,0,0,58
2020-06-18,US,Kansas,Dickinson,6,1,0,38.86600962,-97.15532383,20041.0,32.492147730965016,16.666666666666668,5,6,1,0,5,6,18717,0,0,0,0,0
2020-06-18,US,Kansas,Doniphan,23,0,0,39.79067154,-95.14056866,20043.0,302.63157894736844,0.0,23,23,0,0,23,20,7682,0,0,0,0,3
2020-06-18,US,Kansas,Douglas,86,0,0,38.88503636,-95.2925121,20045.0,70.34246967503415,0.0,86,86,0,0,86,83,121436,0,0,0,0,3
2020-06-18,US,Kansas,Edwards,5,0,0,37.88735543,-99.31263309,20047.0,178.69907076483204,0.0,5,5,0,0,5,5,2849,0,0,0,0,0
2020-06-18,US,Kansas,Ellis,13,0,0,38.91458712,-99.31751551,20051.0,45.529366441354675,0.0,13,13,0,0,13,13,28710,0,0,0,0,0
2020-06-18,US,Kansas,Ellsworth,3,0,0,38.69677695,-98.20462799,20053.0,49.164208456243855,0.0,3,3,0,0,3,3,6196,0,0,0,0,0
2020-06-18,US,Kansas,Finney,1545,10,0,38.04340344,-100.73819379999999,20055.0,4236.70715989799,0.6472491909385113,1535,1545,10,0,1535,1543,36611,0,0,0,0,2
2020-06-18,US,Kansas,Ford,1873,8,0,37.69200114,-99.88825298,20057.0,5571.254350218625,0.4271222637479979,1865,1873,8,0,1865,1863,33888,0,0,0,0,10
2020-06-18,US,Kansas,Franklin,53,0,0,38.56443815,-95.28644341,20059.0,207.4851237081115,0.0,53,53,0,0,53,51,25631,0,0,0,0,2
2020-06-18,US,Kansas,Geary,32,1,0,38.99871131,-96.7577178,20061.0,101.04199557941271,3.125,31,30,1,0,29,29,32594,2,0,0,2,1
2020-06-18,US,Kansas,Gove,1,0,0,38.91588178,-100.4829321,20063.0,37.93626707132018,0.0,1,1,0,0,1,1,2612,0,0,0,0,0
2020-06-18,US,Kansas,Grant,18,1,0,37.56227336,-101.3079758,20067.0,251.74825174825176,5.5555555555555545,17,18,1,0,17,18,7336,0,0,0,0,0
2020-06-18,US,Kansas,Gray,24,0,0,37.73836671,-100.4369088,20069.0,400.80160320641284,0.0,24,23,0,0,23,23,6033,1,0,0,1,0
2020-06-18,US,Kansas,Greenwood,11,0,0,37.8774388,-96.23250453,20073.0,183.884988298228,0.0,11,11,0,0,11,11,6055,0,0,0,0,0
2020-06-18,US,Kansas,Hamilton,28,0,0,37.99978709,-101.7921066,20075.0,1102.7963765261914,0.0,28,28,0,0,28,28,2607,0,0,0,0,0
2020-06-18,US,Kansas,Harper,2,0,0,37.19175361,-98.07578384,20077.0,36.79175864606328,0.0,2,2,0,0,2,2,5506,0,0,0,0,0
2020-06-18,US,Kansas,Harvey,12,0,0,38.04293782,-97.42747573,20079.0,34.854337912806066,0.0,12,12,0,0,12,12,34210,0,0,0,0,0
2020-06-18,US,Kansas,Haskell,22,0,0,37.562039399999996,-100.8710738,20081.0,554.4354838709677,0.0,22,22,0,0,22,22,3997,0,0,0,0,0
2020-06-18,US,Kansas,Hodgeman,7,0,0,38.08780079,-99.89829881,20083.0,390.1895206243032,0.0,7,7,0,0,7,6,1818,0,0,0,0,1
2020-06-18,US,Kansas,Jackson,104,1,0,39.41673394,-95.79356799,20085.0,789.6135449092703,0.9615384615384616,103,103,1,0,102,103,13280,1,0,0,1,0
2020-06-18,US,Kansas,Jefferson,22,0,0,39.2347941,-95.38289232,20087.0,115.52801554376936,0.0,22,22,0,0,22,22,18975,0,0,0,0,0
2020-06-18,US,Kansas,Jewell,4,0,0,39.78470589,-98.21820662,20089.0,138.9371309482459,0.0,4,4,0,0,4,4,2841,0,0,0,0,0
2020-06-18,US,Kansas,Johnson,1150,76,0,38.88548175,-94.82250877,20091.0,190.90273754525643,6.608695652173912,1074,1107,73,0,1034,1080,597555,43,3,0,40,27
2020-06-18,US,Kansas,Kearny,46,1,0,38.00017981,-101.32168100000001,20093.0,1198.540906722251,2.1739130434782608,45,46,1,0,45,46,3943,0,0,0,0,0
2020-06-18,US,Kansas,Kiowa,3,0,0,37.55848695,-99.2856537,20097.0,121.21212121212122,0.0,3,3,0,0,3,3,2516,0,0,0,0,0
2020-06-18,US,Kansas,Labette,27,0,0,37.19113093,-95.29849679,20099.0,137.62870832908553,0.0,27,27,0,0,27,27,19964,0,0,0,0,0
2020-06-18,US,Kansas,Lane,4,0,0,38.48119447,-100.46607540000001,20101.0,260.58631921824104,0.0,4,4,0,0,4,4,1560,0,0,0,0,0
2020-06-18,US,Kansas,Leavenworth,1120,7,0,39.20183497,-95.03620809,20103.0,1369.8965238875705,0.625,1113,1118,7,0,1111,1111,81352,2,0,0,2,7
2020-06-18,US,Kansas,Linn,12,0,0,38.21267844,-94.84254089,20107.0,123.67309079666084,0.0,12,12,0,0,12,12,9750,0,0,0,0,0
2020-06-18,US,Kansas,Lyon,476,6,0,38.45576156,-96.15275715,20111.0,1433.9508962193104,1.2605042016806722,470,476,6,0,470,465,33406,0,0,0,0,11
2020-06-18,US,Kansas,Marion,7,1,0,38.35855394,-97.09852509999999,20115.0,58.902726354762706,14.285714285714285,6,7,1,0,6,5,11950,0,0,0,0,2
2020-06-18,US,Kansas,McPherson,41,0,0,38.39184858,-97.64769869,20113.0,143.647957396118,0.0,41,39,0,0,39,39,28537,2,0,0,2,0
2020-06-18,US,Kansas,Meade,30,0,0,37.23859987,-100.36483100000001,20119.0,743.86312918423,0.0,30,30,0,0,30,30,4146,0,0,0,0,0
2020-06-18,US,Kansas,Miami,16,0,0,38.56383358,-94.83832189,20121.0,46.73306656541169,0.0,16,16,0,0,16,16,33680,0,0,0,0,0
2020-06-18,US,Kansas,Mitchell,4,0,0,39.39331582,-98.20906732,20123.0,66.9008195350393,0.0,4,4,0,0,4,4,6150,0,0,0,0,0
2020-06-18,US,Kansas,Montgomery,25,3,0,37.19236568,-95.74329258,20125.0,78.5447233654843,12.0,22,25,3,0,22,25,32120,0,0,0,0,0
2020-06-18,US,Kansas,Morris,5,0,0,38.68827511,-96.65128437,20127.0,88.96797153024912,0.0,5,5,0,0,5,5,5521,0,0,0,0,0
2020-06-18,US,Kansas,Morton,6,1,0,37.19141121,-101.79925190000002,20129.0,231.92887514495555,16.666666666666668,5,6,1,0,5,6,2667,0,0,0,0,0
2020-06-18,US,Kansas,Nemaha,22,0,0,39.78345387,-96.01392079,20131.0,215.0327436223243,0.0,22,22,0,0,22,21,10155,0,0,0,0,1
2020-06-18,US,Kansas,Neosho,10,0,0,37.55862897,-95.30670046,20133.0,62.47266820765915,0.0,10,10,0,0,10,8,15951,0,0,0,0,2
2020-06-18,US,Kansas,Ness,4,0,0,38.47974157,-99.91547333,20135.0,145.45454545454547,0.0,4,4,0,0,4,4,2840,0,0,0,0,0
2020-06-18,US,Kansas,Norton,3,0,0,39.78443827,-99.90286639,20137.0,55.95970900951315,0.0,3,3,0,0,3,3,5430,0,0,0,0,0
2020-06-18,US,Kansas,Osage,10,0,0,38.65235984,-95.72707998,20139.0,62.699855790331675,0.0,10,10,0,0,10,10,15941,0,0,0,0,0
2020-06-18,US,Kansas,Osborne,2,0,0,39.3503437,-98.76753828,20141.0,58.46243788365975,0.0,2,2,0,0,2,2,3475,0,0,0,0,0
2020-06-18,US,Kansas,Ottawa,4,0,0,39.13237408,-97.65020313,20143.0,70.12622720897616,0.0,4,4,0,0,4,4,5802,0,0,0,0,0
2020-06-18,US,Kansas,Pawnee,3,0,0,38.18108732,-99.23692334,20145.0,46.772684752104766,0.0,3,3,0,0,3,3,6562,0,0,0,0,0
2020-06-18,US,Kansas,Phillips,2,0,0,39.78465501,-99.34668865,20147.0,38.211692777990066,0.0,2,2,0,0,2,2,5317,0,0,0,0,0
2020-06-18,US,Kansas,Pottawatomie,40,0,0,39.37925655,-96.34564657,20149.0,164.04872247057375,0.0,40,40,0,0,40,34,24277,0,0,0,0,6
2020-06-18,US,Kansas,Pratt,6,0,0,37.64780729,-98.73922153,20151.0,65.47359231776517,0.0,6,6,0,0,6,6,9378,0,0,0,0,0
2020-06-18,US,Kansas,Reno,50,0,0,37.95230263,-98.08607292,20155.0,80.64776283105907,0.0,50,50,0,0,50,50,62342,0,0,0,0,0
2020-06-18,US,Kansas,Republic,4,0,0,39.82799632,-97.65036709,20157.0,86.28127696289906,0.0,4,4,0,0,4,4,4664,0,0,0,0,0
2020-06-18,US,Kansas,Rice,4,0,0,38.34616184,-98.19992118,20159.0,41.94191045402118,0.0,4,4,0,0,4,4,9531,0,0,0,0,0
2020-06-18,US,Kansas,Riley,91,3,0,39.28935726,-96.73420026,20161.0,122.588641017351,3.2967032967032965,88,91,3,0,88,80,73703,0,0,0,0,11
2020-06-18,US,Kansas,Rooks,6,0,0,39.35022773,-99.32484567,20163.0,121.95121951219512,0.0,6,6,0,0,6,6,5013,0,0,0,0,0
2020-06-18,US,Kansas,Saline,33,2,0,38.78369175,-97.65185177,20169.0,60.858660371791096,6.0606060606060606,31,33,2,0,31,32,54401,0,0,0,0,1
2020-06-18,US,Kansas,Scott,16,0,0,38.48222076,-100.90665390000001,20171.0,331.74372797014314,0.0,16,16,0,0,16,16,4897,0,0,0,0,0
2020-06-18,US,Kansas,Sedgwick,821,25,0,37.6842718,-97.4608198,20173.0,159.09557749175454,3.0450669914738118,796,810,25,0,785,791,513607,11,0,0,11,19
2020-06-18,US,Kansas,Seward,940,2,0,37.19324632,-100.85072009999999,20175.0,4386.783647563935,0.2127659574468085,938,940,2,0,938,934,21780,0,0,0,0,6
2020-06-18,US,Kansas,Shawnee,469,9,0,39.04100763,-95.75572640000001,20177.0,265.15901060070667,1.9189765458422172,460,456,9,0,447,452,177499,13,0,0,13,4
2020-06-18,US,Kansas,Sheridan,3,0,0,39.35018161,-100.44182590000001,20179.0,119.00039666798891,0.0,3,3,0,0,3,2,2533,0,0,0,0,1
2020-06-18,US,Kansas,Sherman,7,0,0,39.35147699,-101.71976240000001,20181.0,118.30319418624303,0.0,7,7,0,0,7,7,5899,0,0,0,0,0
2020-06-18,US,Kansas,Smith,3,0,0,39.78516566,-98.78566062,20183.0,83.72871895060004,0.0,3,3,0,0,3,3,3603,0,0,0,0,0
2020-06-18,US,Kansas,Stafford,1,0,0,38.03100851,-98.71762001,20185.0,24.06159769008662,0.0,1,1,0,0,1,1,4178,0,0,0,0,0
2020-06-18,US,Kansas,Stanton,9,0,0,37.56304714,-101.78435340000001,20187.0,448.65403788634103,0.0,9,9,0,0,9,9,1987,0,0,0,0,0
2020-06-18,US,Kansas,Stevens,30,0,0,37.1923008,-101.3118967,20189.0,546.9462169553327,0.0,30,30,0,0,30,30,5559,0,0,0,0,0
2020-06-18,US,Kansas,Sumner,9,1,0,37.23682549,-97.47721621,20191.0,39.411455596426684,11.111111111111109,8,9,1,0,8,9,22996,0,0,0,0,0
2020-06-18,US,Kansas,Trego,1,0,0,38.91467218,-99.87284448,20195.0,35.676061362825536,0.0,1,1,0,0,1,1,2793,0,0,0,0,0
2020-06-18,US,Kansas,Wabaunsee,32,0,0,38.95471985,-96.20350509,20197.0,461.6938392728322,0.0,32,32,0,0,32,31,6899,0,0,0,0,1
2020-06-18,US,Kansas,Washington,1,0,0,39.78420784,-97.08753229999999,20201.0,18.49796522382538,0.0,1,1,0,0,1,1,5420,0,0,0,0,0
2020-06-18,US,Kansas,Wilson,1,0,0,37.55937174,-95.74323255,20205.0,11.730205278592374,0.0,1,1,0,0,1,1,8665,0,0,0,0,0
2020-06-18,US,Kansas,Woodson,6,0,0,37.8865336,-95.74006277,20207.0,191.20458891013385,0.0,6,6,0,0,6,6,3183,0,0,0,0,0
2020-06-18,US,Kansas,Wyandotte,1766,77,0,39.11727348,-94.76378225,20209.0,1067.527458909865,4.360135900339751,1689,1745,76,0,1669,1698,165324,21,1,0,20,47
2020-06-18,US,Kentucky,Adair,103,19,0,37.10459774,-85.28129668,21001.0,536.4024580772837,18.446601941747574,84,102,19,0,83,101,19215,1,0,0,1,1
2020-06-18,US,Kentucky,Allen,136,4,0,36.75197631,-86.19457544,21003.0,638.0483227773868,2.9411764705882355,132,137,4,0,133,135,21122,-1,0,0,-1,2
2020-06-18,US,Kentucky,Anderson,27,1,0,38.00671029,-84.99171713,21005.0,118.69697102914671,3.703703703703704,26,27,1,0,26,25,22663,0,0,0,0,2
2020-06-18,US,Kentucky,Ballard,14,0,0,37.05842757,-88.99427697,21007.0,177.4847870182556,0.0,14,14,0,0,14,14,7979,0,0,0,0,0
2020-06-18,US,Kentucky,Barren,68,2,0,36.96469836,-85.93338945,21009.0,153.67578928337363,2.9411764705882355,66,67,2,0,65,66,44176,1,0,0,1,1
2020-06-18,US,Kentucky,Bath,10,1,0,38.14735938,-83.74588932,21011.0,80.0,10.0,9,10,1,0,9,10,12383,0,0,0,0,0
2020-06-18,US,Kentucky,Bell,4,0,0,36.73355174,-83.67766671,21013.0,15.365703749231715,0.0,4,4,0,0,4,4,26569,0,0,0,0,0
2020-06-18,US,Kentucky,Boone,557,23,0,38.97065142,-84.72615357,21015.0,416.97546806806366,4.129263913824056,534,552,23,0,529,541,131533,5,0,0,5,11
2020-06-18,US,Kentucky,Bourbon,26,1,0,38.2054607,-84.21827874,21017.0,131.39276329088335,3.8461538461538463,25,26,1,0,25,25,20184,0,0,0,0,1
2020-06-18,US,Kentucky,Boyd,45,3,0,38.36176608,-82.68652187,21019.0,96.32261655036602,6.666666666666668,42,44,3,0,41,44,47240,1,0,0,1,0
2020-06-18,US,Kentucky,Boyle,31,0,0,37.62680923,-84.8633779,21021.0,103.12707917498336,0.0,31,30,0,0,30,30,30100,1,0,0,1,0
2020-06-18,US,Kentucky,Bracken,15,0,0,38.69158994,-84.08532444,21023.0,180.6575936408527,0.0,15,14,0,0,14,14,8239,1,0,0,1,0
2020-06-18,US,Kentucky,Breathitt,4,0,0,37.52333168,-83.31959161,21025.0,31.670625494853525,0.0,4,4,0,0,4,4,12726,0,0,0,0,0
2020-06-18,US,Kentucky,Breckinridge,23,2,0,37.77377239,-86.42885017,21027.0,112.32114079210821,8.695652173913043,21,23,2,0,21,23,20388,0,0,0,0,0
2020-06-18,US,Kentucky,Bullitt,138,5,0,37.97162523,-85.68955617,21029.0,168.9602820902101,3.6231884057971016,133,136,4,0,132,135,81069,2,1,0,1,1
2020-06-18,US,Kentucky,Butler,246,13,0,37.20946153,-86.68748787,21031.0,1910.0861868157465,5.284552845528455,233,246,13,0,233,244,12772,0,0,0,0,2
2020-06-18,US,Kentucky,Caldwell,12,0,0,37.14749129,-87.86948214,21033.0,94.13979759943516,0.0,12,12,0,0,12,12,12715,0,0,0,0,0
2020-06-18,US,Kentucky,Calloway,63,1,0,36.62093411,-88.2731593,21035.0,161.53431963282992,1.5873015873015872,62,61,1,0,60,60,39135,2,0,0,2,1
2020-06-18,US,Kentucky,Campbell,213,12,0,38.94384345,-84.37875208,21037.0,227.60300906137797,5.633802816901407,201,212,12,0,200,207,93152,1,0,0,1,5
2020-06-18,US,Kentucky,Carlisle,5,1,0,36.85372876,-88.96692220000001,21039.0,105.04201680672269,20.0,4,5,1,0,4,5,4771,0,0,0,0,0
2020-06-18,US,Kentucky,Carroll,26,0,0,38.66599534,-85.12601074,21041.0,244.56777349261597,0.0,26,25,0,0,25,17,10737,1,0,0,1,8
2020-06-18,US,Kentucky,Carter,20,0,0,38.31690743,-83.05092385,21043.0,74.63522036048813,0.0,20,21,0,0,21,18,27004,-1,0,0,-1,3
2020-06-18,US,Kentucky,Casey,11,0,0,37.32533118,-84.92726209,21045.0,68.07351940095303,0.0,11,10,0,0,10,10,15888,1,0,0,1,0
2020-06-18,US,Kentucky,Christian,138,3,0,36.89267803,-87.49055367,21047.0,195.85302507770257,2.1739130434782608,135,139,3,0,136,138,71671,-1,0,0,-1,1
2020-06-18,US,Kentucky,Clark,79,0,0,37.9689263,-84.14615986,21049.0,217.852907922676,0.0,79,78,0,0,78,77,36249,1,0,0,1,1
2020-06-18,US,Kentucky,Clay,27,3,0,37.16451126,-83.712575,21051.0,135.6715742927491,11.111111111111109,24,23,3,0,20,17,20105,4,0,0,4,6
2020-06-18,US,Kentucky,Clinton,5,0,0,36.72581156,-85.13377529,21053.0,48.933255040125275,0.0,5,5,0,0,5,5,10206,0,0,0,0,0
2020-06-18,US,Kentucky,Crittenden,7,1,0,37.35839237,-88.08826090000002,21055.0,79.4912559618442,14.285714285714285,6,7,1,0,6,7,8915,0,0,0,0,0
2020-06-18,US,Kentucky,Cumberland,5,0,0,36.78926125,-85.39050034,21057.0,75.59721802237678,0.0,5,5,0,0,5,5,6659,0,0,0,0,0
2020-06-18,US,Kentucky,Daviess,370,8,0,37.73028906,-87.09019479999998,21059.0,364.4925180522308,2.1621621621621623,362,368,8,0,360,360,101104,2,0,0,2,8
2020-06-18,US,Kentucky,Edmonson,71,11,0,37.21218923,-86.23955613,21061.0,584.3621399176955,15.492957746478874,60,69,11,0,58,67,12274,2,0,0,2,2
2020-06-18,US,Kentucky,Elliott,2,0,0,38.11624059,-83.09771563,21063.0,26.60635891978183,0.0,2,2,0,0,2,2,7508,0,0,0,0,0
2020-06-18,US,Kentucky,Estill,5,0,0,37.69241417,-83.95956369,21065.0,35.44590954203885,0.0,5,5,0,0,5,5,14198,0,0,0,0,0
2020-06-18,US,Kentucky,Fayette,1120,18,0,38.0368225,-84.45576892,21067.0,346.5861266524731,1.6071428571428572,1102,1106,18,0,1088,1064,323780,14,0,0,14,42
2020-06-18,US,Kentucky,Fleming,10,0,0,38.36758311,-83.69657514,21069.0,68.58240175570948,0.0,10,9,0,0,9,6,14432,1,0,0,1,3
2020-06-18,US,Kentucky,Floyd,22,0,0,37.56213922,-82.74750924,21071.0,61.816853522155725,0.0,22,22,0,0,22,19,35845,0,0,0,0,3
2020-06-18,US,Kentucky,Franklin,108,2,0,38.2379395,-84.87962551,21073.0,211.8020827204801,1.851851851851852,106,105,2,0,103,98,50815,3,0,0,3,7
2020-06-18,US,Kentucky,Fulton,14,0,0,36.55238827,-89.20140068,21075.0,234.5451499413637,0.0,14,12,0,0,12,12,6120,2,0,0,2,0
2020-06-18,US,Kentucky,Gallatin,57,7,0,38.75398691,-84.8558382,21077.0,642.6880144322922,12.280701754385964,50,57,7,0,50,57,8832,0,0,0,0,0
2020-06-18,US,Kentucky,Garrard,14,0,0,37.638866799999995,-84.53289319,21079.0,79.24827351975544,0.0,14,13,0,0,13,11,17560,1,0,0,1,2
2020-06-18,US,Kentucky,Grant,53,4,0,38.64962758,-84.62415957,21081.0,211.41649048625797,7.547169811320754,49,53,4,0,49,53,25121,0,0,0,0,0
2020-06-18,US,Kentucky,Graves,180,20,0,36.72292505,-88.65143315,21083.0,483.01400740621483,11.111111111111109,160,176,20,0,156,175,37317,4,0,0,4,1
2020-06-18,US,Kentucky,Grayson,137,11,0,37.46231118,-86.34248968,21085.0,518.4092027093503,8.02919708029197,126,137,11,0,126,137,26321,0,0,0,0,0
2020-06-18,US,Kentucky,Green,3,1,0,37.26484328,-85.5540745,21087.0,27.41979709350151,33.333333333333336,2,2,1,0,1,3,11049,1,0,0,1,-1
2020-06-18,US,Kentucky,Greenup,16,0,0,38.54332505,-82.9215658,21089.0,45.586643113567725,0.0,16,16,0,0,16,16,35268,0,0,0,0,0
2020-06-18,US,Kentucky,Hancock,11,0,0,37.83766422,-86.78280584,21091.0,126.11786287548729,0.0,11,11,0,0,11,9,8758,0,0,0,0,2
2020-06-18,US,Kentucky,Hardin,135,5,0,37.6976111,-85.96319251,21093.0,121.66765803276917,3.703703703703704,130,135,5,0,130,133,110356,0,0,0,0,2
2020-06-18,US,Kentucky,Harlan,15,0,0,36.85699301,-83.21899516,21095.0,57.67012687427912,0.0,15,15,0,0,15,13,26409,0,0,0,0,2
2020-06-18,US,Kentucky,Harrison,53,0,0,38.44188174,-84.32869741,21097.0,280.63115535317166,0.0,53,37,0,0,37,34,18778,16,0,0,16,3
2020-06-18,US,Kentucky,Hart,32,0,0,37.29943898,-85.88461055,21099.0,168.11137378513266,0.0,32,31,0,0,31,30,18906,1,0,0,1,1
2020-06-18,US,Kentucky,Henderson,141,3,0,37.79344553,-87.57392021,21101.0,311.87790311877905,2.127659574468085,138,140,3,0,137,133,45591,1,0,0,1,7
2020-06-18,US,Kentucky,Henry,28,2,0,38.44942688,-85.11587507,21103.0,173.63264293687214,7.142857142857142,26,27,2,0,25,26,16106,1,0,0,1,1
2020-06-18,US,Kentucky,Hickman,5,0,0,36.67948079999999,-88.97875928,21105.0,114.15525114155253,0.0,5,5,0,0,5,5,4421,0,0,0,0,0
2020-06-18,US,Kentucky,Hopkins,230,31,0,37.30939025,-87.54670406,21107.0,514.7025914156559,13.478260869565215,199,231,31,0,200,229,45068,-1,0,0,-1,2
2020-06-18,US,Kentucky,Jackson,81,13,0,37.41866422,-83.99825483,21109.0,607.6975016880486,16.049382716049386,68,74,13,0,61,63,13442,7,0,0,7,11
2020-06-18,US,Kentucky,Jefferson,3481,182,0,38.18664655,-85.65931031,21111.0,453.9899863972549,5.2283826486641765,3299,3451,182,0,3269,3363,770517,30,0,0,30,88
2020-06-18,US,Kentucky,Jessamine,90,0,0,37.87119786,-84.58252003,21113.0,166.31248267578306,0.0,90,88,0,0,88,83,53920,2,0,0,2,5
2020-06-18,US,Kentucky,Johnson,7,0,0,37.85106355,-82.8264322,21115.0,31.54858482062376,0.0,7,7,0,0,7,6,22386,0,0,0,0,1
2020-06-18,US,Kentucky,Kenton,706,36,0,38.93950319,-84.53241199,21117.0,422.7595540066348,5.09915014164306,670,699,36,0,663,690,166051,7,0,0,7,9
2020-06-18,US,Kentucky,Knott,4,0,0,37.35388197,-82.94981134,21119.0,27.016074564365802,0.0,4,4,0,0,4,4,15126,0,0,0,0,0
2020-06-18,US,Kentucky,Knox,12,0,0,36.89225732,-83.85403396,21121.0,38.52945898218013,0.0,12,12,0,0,12,11,31304,0,0,0,0,1
2020-06-18,US,Kentucky,Larue,11,1,0,37.54567114,-85.70138352,21123.0,76.3994999305459,9.090909090909092,10,11,1,0,10,11,14307,0,0,0,0,0
2020-06-18,US,Kentucky,Laurel,48,2,0,37.10975748,-84.11321779,21125.0,78.93049183562725,4.166666666666667,46,47,2,0,45,30,60669,1,0,0,1,17
2020-06-18,US,Kentucky,Lawrence,5,0,0,38.07136018,-82.72882223,21127.0,32.64346804204479,0.0,5,5,0,0,5,5,15571,0,0,0,0,0
2020-06-18,US,Kentucky,Lee,1,0,0,37.59645942,-83.71513901,21129.0,13.508037282182901,0.0,1,1,0,0,1,1,7033,0,0,0,0,0
2020-06-18,US,Kentucky,Leslie,7,0,0,37.09246661,-83.37999606,21131.0,70.87172218284904,0.0,7,7,0,0,7,6,10143,0,0,0,0,1
2020-06-18,US,Kentucky,Letcher,6,0,0,37.12306748,-82.85346474,21133.0,27.838351969563398,0.0,6,5,0,0,5,4,21899,1,0,0,1,1
2020-06-18,US,Kentucky,Lewis,16,0,0,38.53184419,-83.37735618,21135.0,120.52730696798493,0.0,16,15,0,0,15,14,13257,1,0,0,1,1
2020-06-18,US,Kentucky,Lincoln,15,1,0,37.45475628,-84.6565327,21137.0,61.10228522546743,6.666666666666668,14,15,1,0,14,15,24644,0,0,0,0,0
2020-06-18,US,Kentucky,Livingston,8,0,0,37.21137452,-88.34797529,21139.0,87.01326952360235,0.0,8,9,0,0,9,9,9242,-1,0,0,-1,0
2020-06-18,US,Kentucky,Logan,201,10,0,36.85949479,-86.877635,21141.0,741.6426831968122,4.975124378109452,191,201,9,0,192,199,26989,0,1,0,-1,2
2020-06-18,US,Kentucky,Lyon,18,3,0,37.02080035,-88.07886257,21143.0,219.2448233861145,16.666666666666668,15,18,3,0,15,18,8009,0,0,0,0,0
2020-06-18,US,Kentucky,Madison,86,1,0,37.71659336,-84.27220275,21151.0,92.48604643659868,1.162790697674419,85,82,1,0,81,77,92368,4,0,0,4,5
2020-06-18,US,Kentucky,Magoffin,4,0,0,37.70820545,-83.0657714,21153.0,32.89203190527095,0.0,4,4,0,0,4,4,12362,0,0,0,0,0
2020-06-18,US,Kentucky,Marion,45,0,0,37.55218078,-85.26898542,21155.0,233.48726197270798,0.0,45,43,0,0,43,42,19404,2,0,0,2,1
2020-06-18,US,Kentucky,Marshall,48,2,0,36.88007070000001,-88.32803576,21157.0,154.3408360128617,4.166666666666667,46,47,2,0,45,44,31191,1,0,0,1,3
2020-06-18,US,Kentucky,Martin,3,0,0,37.79990579,-82.51247478,21159.0,26.797677534613662,0.0,3,3,0,0,3,3,11323,0,0,0,0,0
2020-06-18,US,Kentucky,Mason,18,0,0,38.59471935,-83.82151043,21161.0,105.44815465729349,0.0,18,17,0,0,17,16,17150,1,0,0,1,1
2020-06-18,US,Kentucky,McCracken,129,3,0,37.05350953,-88.70445755,21145.0,197.19343300009172,2.3255813953488373,126,126,3,0,123,123,65346,3,0,0,3,3
2020-06-18,US,Kentucky,McCreary,13,0,0,36.73874143,-84.48102924,21147.0,75.44541814172132,0.0,13,13,0,0,13,13,17408,0,0,0,0,0
2020-06-18,US,Kentucky,McLean,24,1,0,37.5301951,-87.26803443,21149.0,260.67122841316393,4.166666666666667,23,24,1,0,23,23,9252,0,0,0,0,1
2020-06-18,US,Kentucky,Meade,24,2,0,37.96163597,-86.21028219,21163.0,83.99832003359933,8.333333333333334,22,24,2,0,22,24,28715,0,0,0,0,0
2020-06-18,US,Kentucky,Menifee,10,0,0,37.94090733,-83.59985712,21165.0,154.10695022345507,0.0,10,10,0,0,10,10,6451,0,0,0,0,0
2020-06-18,US,Kentucky,Mercer,17,0,0,37.81474237,-84.87488475,21167.0,77.50877672912964,0.0,17,16,0,0,16,16,21774,1,0,0,1,0
2020-06-18,US,Kentucky,Metcalfe,8,2,0,36.99459295,-85.63123699,21169.0,79.43600436898024,25.0,6,8,2,0,6,8,10030,0,0,0,0,0
2020-06-18,US,Kentucky,Monroe,32,0,0,36.71225341,-85.71596443,21171.0,300.4694835680752,0.0,32,31,0,0,31,31,10718,1,0,0,1,0
2020-06-18,US,Kentucky,Montgomery,41,0,0,38.03253032,-83.9145241,21173.0,145.6121035621693,0.0,41,40,0,0,40,37,28203,1,0,0,1,3
2020-06-18,US,Kentucky,Morgan,7,0,0,37.92465657,-83.25558245,21175.0,52.59598767751147,0.0,7,7,0,0,7,6,13345,0,0,0,0,1
2020-06-18,US,Kentucky,Muhlenberg,482,8,0,37.21425819,-87.14632053,21177.0,1574.031741884919,1.6597510373443984,474,482,8,0,474,482,30774,0,0,0,0,0
2020-06-18,US,Kentucky,Nelson,50,1,0,37.80335779,-85.4657193,21179.0,108.14785975385547,2.0,49,49,1,0,48,48,45851,1,0,0,1,1
2020-06-18,US,Kentucky,Nicholas,4,0,0,38.33342292,-84.01889177,21181.0,55.02820195350117,0.0,4,4,0,0,4,4,7166,0,0,0,0,0
2020-06-18,US,Kentucky,Ohio,168,0,0,37.47751843,-86.85368087,21183.0,700.1750437609403,0.0,168,168,0,0,168,164,24087,0,0,0,0,4
2020-06-18,US,Kentucky,Oldham,114,6,0,38.39791089,-85.448222,21185.0,170.6612374436743,5.2631578947368425,108,114,6,0,108,113,66470,0,0,0,0,1
2020-06-18,US,Kentucky,Owen,5,0,0,38.51679143,-84.82404619,21187.0,45.86735161911753,0.0,5,5,0,0,5,4,10880,0,0,0,0,1
2020-06-18,US,Kentucky,Owsley,2,0,0,37.42823949,-83.68811419,21189.0,45.30011325028314,0.0,2,2,0,0,2,2,4472,0,0,0,0,0
2020-06-18,US,Kentucky,Pendleton,14,0,0,38.69607718,-84.35599463,21191.0,95.95613433858809,0.0,14,14,0,0,14,14,14529,0,0,0,0,0
2020-06-18,US,Kentucky,Perry,25,0,0,37.25023553,-83.22922731,21193.0,97.05722493982452,0.0,25,25,0,0,25,24,26092,0,0,0,0,1
2020-06-18,US,Kentucky,Pike,54,2,0,37.47088263,-82.39487445,21195.0,93.30292349160273,3.703703703703704,52,53,2,0,51,48,58402,1,0,0,1,5
2020-06-18,US,Kentucky,Powell,5,0,0,37.83218794,-83.82553961,21197.0,40.456347600938585,0.0,5,5,0,0,5,5,12442,0,0,0,0,0
2020-06-18,US,Kentucky,Pulaski,74,2,0,37.10466131,-84.57629079,21199.0,113.88294679819633,2.702702702702702,72,73,2,0,71,72,64623,1,0,0,1,1
2020-06-18,US,Kentucky,Rockcastle,16,0,0,37.36642393,-84.31176452,21203.0,95.83707696915243,0.0,16,15,0,0,15,14,16750,1,0,0,1,1
2020-06-18,US,Kentucky,Rowan,15,0,0,38.19484205,-83.42088935,21205.0,61.32461161079314,0.0,15,15,0,0,15,15,24583,0,0,0,0,0
2020-06-18,US,Kentucky,Russell,38,4,0,36.99308373,-85.06070117,21207.0,212.01807733080398,10.526315789473683,34,38,4,0,34,38,17821,0,0,0,0,0
2020-06-18,US,Kentucky,Scott,57,0,0,38.29622293,-84.5816631,21209.0,99.992982948565,0.0,57,45,0,0,45,43,56031,12,0,0,12,2
2020-06-18,US,Kentucky,Shelby,314,6,0,38.21476019,-85.194223,21211.0,640.5026109660573,1.9108280254777068,308,281,6,0,275,277,48518,33,0,0,33,4
2020-06-18,US,Kentucky,Simpson,61,3,0,36.74058474,-86.58047435,21213.0,328.4514322636227,4.918032786885246,58,60,3,0,57,59,18529,1,0,0,1,1
2020-06-18,US,Kentucky,Spencer,28,0,0,38.03223971,-85.32749335,21215.0,144.69536458064184,0.0,28,26,0,0,26,26,18794,2,0,0,2,0
2020-06-18,US,Kentucky,Taylor,25,1,0,37.3677562,-85.3329931,21217.0,97.01579417129109,4.0,24,21,1,0,20,17,25549,4,0,0,4,4
2020-06-18,US,Kentucky,Todd,23,0,0,36.8381152,-87.17878374,21219.0,187.0831299821051,0.0,23,23,0,0,23,23,12311,0,0,0,0,0
2020-06-18,US,Kentucky,Trigg,18,0,0,36.80767017,-87.87333656,21221.0,122.85850795167565,0.0,18,17,0,0,17,17,14643,1,0,0,1,0
2020-06-18,US,Kentucky,Trimble,4,0,0,38.61056487,-85.33775972,21223.0,47.21992680911345,0.0,4,4,0,0,4,4,8515,0,0,0,0,0
2020-06-18,US,Kentucky,Unassigned,18,0,0,0.0,0.0,90021.0,0.0,0.0,18,14,0,0,14,11,,4,0,0,4,3
2020-06-18,US,Kentucky,Union,22,0,0,37.66166713,-87.94300009,21225.0,152.9796258952785,0.0,22,20,0,0,20,19,14505,2,0,0,2,1
2020-06-18,US,Kentucky,Warren,1302,10,0,36.99903045,-86.42672751,21227.0,979.7134601492895,0.7680491551459293,1292,1299,10,0,1289,1275,131264,3,0,0,3,24
2020-06-18,US,Kentucky,Washington,17,0,0,37.75599461,-85.17407732,21229.0,140.55394791236048,0.0,17,15,0,0,15,14,12084,2,0,0,2,1
2020-06-18,US,Kentucky,Wayne,10,0,0,36.80310688,-84.8251971,21231.0,49.18113411695274,0.0,10,10,0,0,10,10,20468,0,0,0,0,0
2020-06-18,US,Kentucky,Webster,37,0,0,37.52168356,-87.67989953,21233.0,285.8908978519549,0.0,37,37,0,0,37,37,13111,0,0,0,0,0
2020-06-18,US,Kentucky,Whitley,19,0,0,36.75700531,-84.14541217,21235.0,52.393558349878674,0.0,19,18,0,0,18,17,36242,1,0,0,1,1
2020-06-18,US,Kentucky,Wolfe,2,0,0,37.73941626,-83.49303612,21237.0,27.944669554282516,0.0,2,1,0,0,1,1,7177,1,0,0,1,0
2020-06-18,US,Kentucky,Woodford,58,0,0,38.04178222,-84.7417556,21239.0,216.95219570584274,0.0,58,55,0,0,55,51,26533,3,0,0,3,4
2020-06-18,US,Louisiana,Acadia,625,32,0,30.295064899999996,-92.41419698,22001.0,1007.3333870577808,5.12,593,625,32,0,593,604,62190,0,0,0,0,21
2020-06-18,US,Louisiana,Allen,243,10,0,30.65385745,-92.82442028,22003.0,948.2186756155617,4.11522633744856,233,243,10,0,233,230,25605,0,0,0,0,13
2020-06-18,US,Louisiana,Ascension,962,58,0,30.20406249,-90.91328409999998,22005.0,759.8496098069571,6.029106029106028,904,962,58,0,904,957,124672,0,0,0,0,5
2020-06-18,US,Louisiana,Assumption,282,14,0,29.89946234,-91.06461642,22007.0,1288.2006303960534,4.964539007092198,268,282,14,0,268,276,22300,0,0,0,0,6
2020-06-18,US,Louisiana,Avoyelles,193,10,0,31.07796211,-92.00079449,22009.0,480.76923076923083,5.181347150259066,183,193,10,0,183,188,40462,0,0,0,0,5
2020-06-18,US,Louisiana,Beauregard,139,6,0,30.64836518,-93.34173616,22011.0,370.6963223724565,4.316546762589929,133,139,6,0,133,136,37253,0,0,0,0,3
2020-06-18,US,Louisiana,Bienville,183,24,0,32.34569994,-93.05398492,22013.0,1382.0708405709536,13.114754098360656,159,183,24,0,159,176,13308,0,0,0,0,7
2020-06-18,US,Louisiana,Bossier,528,28,0,32.67932307,-93.60460152,22015.0,415.62040003463517,5.303030303030303,500,528,28,0,500,513,127185,0,0,0,0,15
2020-06-18,US,Louisiana,Caddo,2933,217,0,32.57991587,-93.88375652,22017.0,1221.0454447053335,7.398568019093079,2716,2933,217,0,2716,2888,242922,0,0,0,0,45
2020-06-18,US,Louisiana,Calcasieu,824,52,0,30.22931235,-93.35400434,22019.0,405.04138893804435,6.310679611650484,772,824,52,0,772,789,203112,0,0,0,0,35
2020-06-18,US,Louisiana,Caldwell,86,1,0,32.0902519,-92.11752148,22021.0,867.1103044968744,1.162790697674419,85,86,1,0,85,83,9960,0,0,0,0,3
2020-06-18,US,Louisiana,Cameron,12,0,0,29.87592238,-93.19310676,22023.0,172.0923562311774,0.0,12,12,0,0,12,11,6968,0,0,0,0,1
2020-06-18,US,Louisiana,Catahoula,164,3,0,31.66778967,-91.84526385,22025.0,1727.406783231515,1.8292682926829267,161,164,3,0,161,162,9608,0,0,0,0,2
2020-06-18,US,Louisiana,Claiborne,85,10,0,32.82308512,-92.99526883,22027.0,542.4377791959157,11.764705882352944,75,85,10,0,75,81,15944,0,0,0,0,4
2020-06-18,US,Louisiana,Concordia,117,5,0,31.44817835,-91.63814433,22029.0,607.5081779947037,4.2735042735042725,112,117,5,0,112,109,19572,0,0,0,0,8
2020-06-18,US,Louisiana,De Soto,275,17,0,32.05457447,-93.74130302,22031.0,1001.3472672322763,6.1818181818181825,258,275,17,0,258,273,27436,0,0,0,0,2
2020-06-18,US,Louisiana,East Baton Rouge,4357,260,0,30.53842039,-91.09777565,22033.0,990.0945100543337,5.967408767500575,4097,4357,260,0,4097,4301,440956,0,0,0,0,56
2020-06-18,US,Louisiana,East Carroll,244,0,0,32.73926954,-91.23425694,22035.0,3556.3328960792887,0.0,244,244,0,0,244,243,7037,0,0,0,0,1
2020-06-18,US,Louisiana,East Feliciana,231,32,0,30.84425359,-91.04976723,22037.0,1207.211915338385,13.852813852813853,199,231,32,0,199,229,19305,0,0,0,0,2
2020-06-18,US,Louisiana,Evangeline,100,1,0,30.72985248,-92.39915924,22039.0,299.4460248540201,1.0,99,100,1,0,99,93,33443,0,0,0,0,7
2020-06-18,US,Louisiana,Franklin,439,14,0,32.13675181,-91.67589857,22041.0,2193.3549837621786,3.1890660592255125,425,439,14,0,425,425,20156,0,0,0,0,14
2020-06-18,US,Louisiana,Grant,61,1,0,31.59882456,-92.56124347,22043.0,272.4552235472777,1.639344262295082,60,61,1,0,60,61,22482,0,0,0,0,0
2020-06-18,US,Louisiana,Iberia,501,42,0,29.86803617,-91.75871777,22045.0,717.4566805098095,8.383233532934131,459,501,42,0,459,476,70941,0,0,0,0,25
2020-06-18,US,Louisiana,Iberville,618,43,0,30.25734305,-91.3499598,22047.0,1900.8950816646673,6.957928802588997,575,618,43,0,575,617,32721,0,0,0,0,1
2020-06-18,US,Louisiana,Jackson,173,15,0,32.30251776,-92.55692092,22049.0,1098.831300813008,8.670520231213873,158,173,15,0,158,169,15902,0,0,0,0,4
2020-06-18,US,Louisiana,Jefferson,8507,472,0,29.74075478,-90.11115756,22051.0,1966.9682515092732,5.5483719289996465,8035,8507,472,0,8035,8468,434051,0,0,0,0,39
2020-06-18,US,Louisiana,Jefferson Davis,162,7,0,30.26896765,-92.81210004,22053.0,516.4498852333588,4.320987654320987,155,162,7,0,155,147,31582,0,0,0,0,15
2020-06-18,US,Louisiana,LaSalle,90,0,0,31.67884782,-92.15907765,22059.0,604.351329572925,0.0,90,90,0,0,90,85,14917,0,0,0,0,5
2020-06-18,US,Louisiana,Lafayette,1302,32,0,30.2049055,-92.06959876,22055.0,532.7550227096035,2.457757296466974,1270,1302,32,0,1270,1243,242782,0,0,0,0,59
2020-06-18,US,Louisiana,Lafourche,1013,78,0,29.52470226,-90.40976986,22057.0,1037.76097690905,7.699901283316881,935,1013,78,0,935,999,98115,0,0,0,0,14
2020-06-18,US,Louisiana,Lincoln,259,18,0,32.6003154,-92.66597409999999,22061.0,554.1055153823114,6.94980694980695,241,259,18,0,241,248,47196,0,0,0,0,11
2020-06-18,US,Louisiana,Livingston,573,33,0,30.44143993,-90.73061664,22063.0,406.9920235245651,5.7591623036649215,540,573,33,0,540,561,139567,0,0,0,0,12
2020-06-18,US,Louisiana,Madison,287,2,0,32.36918118,-91.23973355,22065.0,2620.765226919916,0.6968641114982579,285,287,2,0,285,287,11161,0,0,0,0,0
2020-06-18,US,Louisiana,Morehouse,186,6,0,32.81686191,-91.80421614,22067.0,747.7687545227948,3.2258064516129035,180,186,6,0,180,165,25398,0,0,0,0,21
2020-06-18,US,Louisiana,Natchitoches,195,13,0,31.72321584,-93.09816516,22069.0,511.03307301221236,6.666666666666668,182,195,13,0,182,195,38659,0,0,0,0,0
2020-06-18,US,Louisiana,Orleans,7459,523,0,30.06971951,-89.92660315,22071.0,1911.8581856955386,7.011663761898378,6936,7459,523,0,6936,7428,391006,0,0,0,0,31
2020-06-18,US,Louisiana,Ouachita,1889,66,0,32.47645559,-92.15704172,22073.0,1232.3932175966702,3.493912122816305,1823,1889,66,0,1823,1832,154475,0,0,0,0,57
2020-06-18,US,Louisiana,Plaquemines,228,17,0,29.42245447,-89.60322085,22075.0,982.8857179807733,7.456140350877192,211,228,17,0,211,228,23410,0,0,0,0,0
2020-06-18,US,Louisiana,Pointe Coupee,224,27,0,30.71409502,-91.60209535,22077.0,1030.8329498389323,12.053571428571427,197,224,27,0,197,223,21940,0,0,0,0,1
2020-06-18,US,Louisiana,Rapides,1229,47,0,31.19778499,-92.52997303,22079.0,947.9513760335678,3.824247355573637,1182,1229,47,0,1182,1209,130562,0,0,0,0,20
2020-06-18,US,Louisiana,Red River,52,8,0,32.09530039,-93.34213308,22081.0,615.9677801468846,15.384615384615385,44,52,8,0,44,52,8477,0,0,0,0,0
2020-06-18,US,Louisiana,Richland,167,3,0,32.41391005,-91.76634876,22083.0,829.9373819699831,1.7964071856287425,164,167,3,0,164,164,20192,0,0,0,0,3
2020-06-18,US,Louisiana,Sabine,63,1,0,31.56388699,-93.55433981,22085.0,263.7749120750293,1.5873015873015872,62,63,1,0,62,62,24032,0,0,0,0,1
2020-06-18,US,Louisiana,St. Bernard,580,23,0,29.87761636,-89.51887093,22087.0,1227.6691220049104,3.9655172413793114,557,580,23,0,557,575,46721,0,0,0,0,5
2020-06-18,US,Louisiana,St. Charles,667,46,0,29.90709658,-90.35555967,22089.0,1256.120527306968,6.896551724137932,621,667,46,0,621,665,52879,0,0,0,0,2
2020-06-18,US,Louisiana,St. Helena,60,1,0,30.82210324,-90.71013176,22091.0,592.1831819976312,1.6666666666666667,59,60,1,0,59,60,10262,0,0,0,0,0
2020-06-18,US,Louisiana,St. James,313,28,0,30.02531716,-90.80212061,22093.0,1483.6935912021233,8.945686900958467,285,313,28,0,285,309,21037,0,0,0,0,4
2020-06-18,US,Louisiana,St. John the Baptist,904,83,0,30.12597499,-90.4753503,22095.0,2110.3251861708336,9.181415929203538,821,904,83,0,821,894,43184,0,0,0,0,10
2020-06-18,US,Louisiana,St. Landry,393,55,0,30.59724262,-92.00135806,22097.0,478.5446398129658,13.994910941475826,338,393,55,0,338,379,82764,0,0,0,0,14
2020-06-18,US,Louisiana,St. Martin,441,28,0,30.13112107,-91.61403569,22099.0,825.3635529935805,6.349206349206349,413,441,28,0,413,381,53621,0,0,0,0,60
2020-06-18,US,Louisiana,St. Mary,363,35,0,29.69262097,-91.44702164,22101.0,735.5921212612468,9.641873278236917,328,363,35,0,328,360,49774,0,0,0,0,3
2020-06-18,US,Louisiana,St. Tammany,1999,170,0,30.40942847,-89.95642711,22103.0,767.6091222222649,8.504252126063031,1829,1999,170,0,1829,1962,258111,0,0,0,0,37
2020-06-18,US,Louisiana,Tangipahoa,1082,42,0,30.62888673,-90.40664996,22105.0,802.9207913444842,3.8817005545286505,1040,1082,42,0,1040,1062,133777,0,0,0,0,20
2020-06-18,US,Louisiana,Tensas,22,0,0,32.00760749,-91.32915234,22107.0,507.6142131979696,0.0,22,22,0,0,22,22,4462,0,0,0,0,0
2020-06-18,US,Louisiana,Terrebonne,826,58,0,29.37343766,-90.82626855,22109.0,747.7752328876254,7.021791767554479,768,826,58,0,768,818,111021,0,0,0,0,8
2020-06-18,US,Louisiana,Unassigned,458,112,0,0.0,0.0,90022.0,0.0,24.45414847161572,346,458,112,0,346,393,,0,0,0,0,65
2020-06-18,US,Louisiana,Union,435,20,0,32.83121059,-92.3749373,22111.0,1967.6135335625115,4.597701149425287,415,435,20,0,415,422,22330,0,0,0,0,13
2020-06-18,US,Louisiana,Vermilion,99,5,0,29.83517605,-92.30292538,22113.0,166.35579976811007,5.05050505050505,94,99,5,0,94,85,59830,0,0,0,0,14
2020-06-18,US,Louisiana,Vernon,67,3,0,31.10884837,-93.18153838,22115.0,141.26378376099012,4.477611940298506,64,67,3,0,64,58,48860,0,0,0,0,9
2020-06-18,US,Louisiana,Washington,560,43,0,30.85288548,-90.03866652,22117.0,1212.2786509070445,7.678571428571429,517,560,43,0,517,556,46582,0,0,0,0,4
2020-06-18,US,Louisiana,Webster,331,10,0,32.70847669,-93.33121835,22119.0,863.3281168492438,3.0211480362537766,321,331,10,0,321,252,38798,0,0,0,0,79
2020-06-18,US,Louisiana,West Baton Rouge,205,30,0,30.46058217,-91.30989571,22121.0,774.6079727942564,14.634146341463413,175,205,30,0,175,204,26427,0,0,0,0,1
2020-06-18,US,Louisiana,West Carroll,115,3,0,32.78550125,-91.461201,22123.0,1061.865189289012,2.608695652173913,112,115,3,0,112,114,10982,0,0,0,0,1
2020-06-18,US,Louisiana,West Feliciana,239,14,0,30.87882871,-91.41485379999999,22125.0,1535.2004110996916,5.857740585774058,225,239,14,0,225,234,15460,0,0,0,0,5
2020-06-18,US,Louisiana,Winn,215,5,0,31.94449367,-92.63789413,22127.0,1546.3176064441886,2.3255813953488373,210,215,5,0,210,215,14134,0,0,0,0,0
2020-06-18,US,Maine,Androscoggin,441,4,0,44.1664747,-70.20380627,23001.0,407.2887132077912,0.90702947845805,437,434,4,0,430,428,107679,7,0,0,7,6
2020-06-18,US,Maine,Aroostook,11,1,0,46.65926321,-68.59841248,23003.0,16.404444113041528,9.090909090909092,10,10,1,0,9,10,67111,1,0,0,1,0
2020-06-18,US,Maine,Cumberland,1493,58,0,43.8370751,-70.37226999,23005.0,506.09654817069656,3.884795713328868,1435,1461,58,0,1403,1450,293557,32,0,0,32,11
2020-06-18,US,Maine,Franklin,37,1,0,44.97330019,-70.44381045,23007.0,122.52061326533993,2.702702702702702,36,37,1,0,36,37,29897,0,0,0,0,0
2020-06-18,US,Maine,Hancock,13,1,0,44.59816444,-68.38401854,23009.0,23.64195173404623,7.6923076923076925,12,13,1,0,12,13,54811,0,0,0,0,0
2020-06-18,US,Maine,Kennebec,138,9,0,44.40759555,-69.76738544,23011.0,112.83544013998136,6.521739130434782,129,138,9,0,129,137,122083,0,0,0,0,1
2020-06-18,US,Maine,Knox,23,1,0,44.11486325,-69.10529169,23013.0,57.82962888464246,4.3478260869565215,22,23,1,0,22,23,39771,0,0,0,0,0
2020-06-18,US,Maine,Lincoln,21,0,0,44.05996956,-69.54227124,23015.0,60.63405901715078,0.0,21,21,0,0,21,21,34342,0,0,0,0,0
2020-06-18,US,Maine,Oxford,33,0,0,44.49952995,-70.75682123,23017.0,56.92108667529107,0.0,33,34,0,0,34,34,57618,-1,0,0,-1,0
2020-06-18,US,Maine,Penobscot,101,2,0,45.40194593,-68.65020455,23019.0,66.38273260246602,1.98019801980198,99,101,2,0,99,101,151096,0,0,0,0,0
2020-06-18,US,Maine,Piscataquis,1,0,0,45.83839062,-69.2860223,23021.0,5.957700327673518,0.0,1,1,0,0,1,1,16800,0,0,0,0,0
2020-06-18,US,Maine,Sagadahoc,30,0,0,43.95415864,-69.85074999,23023.0,83.66800535475234,0.0,30,30,0,0,30,30,35634,0,0,0,0,0
2020-06-18,US,Maine,Somerset,26,0,0,45.51229767,-69.95995554,23025.0,51.50146581095,0.0,26,26,0,0,26,25,50592,0,0,0,0,1
2020-06-18,US,Maine,Unassigned,2,0,0,0.0,0.0,90023.0,0.0,0.0,2,1,0,0,1,3,,1,0,0,1,-2
2020-06-18,US,Maine,Waldo,55,14,0,44.4858305,-69.12061935,23027.0,138.48671786478658,25.45454545454545,41,55,14,0,41,55,39694,0,0,0,0,0
2020-06-18,US,Maine,Washington,2,0,0,45.01607142,-67.62813524,23029.0,6.373689410115046,0.0,2,1,0,0,1,1,31490,1,0,0,1,0
2020-06-18,US,Maine,York,451,11,0,43.47808377,-70.71052375,23031.0,217.20180503850395,2.4390243902439024,440,450,11,0,439,450,206229,1,0,0,1,0
2020-06-18,US,Maryland,Allegany,187,17,0,39.62357628,-78.69280486,24001.0,265.5646443990002,9.090909090909092,170,188,17,0,171,188,70975,-1,0,0,-1,0
2020-06-18,US,Maryland,Anne Arundel,4835,196,0,39.00670238,-76.60329337,24003.0,834.7230998180354,4.0537745604963815,4639,4796,195,0,4601,4751,576031,39,1,0,38,45
2020-06-18,US,Maryland,Baltimore,7371,437,0,39.45784712,-76.62911955,24005.0,890.8952463831176,5.928639261972594,6934,7329,432,0,6897,7248,828431,42,5,0,37,81
2020-06-18,US,Maryland,Baltimore City,6906,309,0,39.30211911,-76.61151012,24510.0,1163.6253348834855,4.474370112945264,6597,6866,307,0,6559,6782,621342,40,2,0,38,84
2020-06-18,US,Maryland,Calvert,385,23,0,38.53961642,-76.56820632,24009.0,416.1037557416914,5.974025974025973,362,382,22,0,360,380,92003,3,1,0,2,2
2020-06-18,US,Maryland,Caroline,285,2,0,38.87172293,-75.82904158,24011.0,853.1401544632699,0.7017543859649122,283,284,2,0,282,284,33304,1,0,0,1,0
2020-06-18,US,Maryland,Carroll,1010,108,0,39.56453592,-77.02373735,24013.0,599.5951248760738,10.693069306930694,902,1006,105,0,901,987,168429,4,3,0,1,19
2020-06-18,US,Maryland,Cecil,456,29,0,39.56647682,-75.94627411,24015.0,443.3425696368674,6.359649122807018,427,455,30,0,425,450,102826,1,-1,0,2,5
2020-06-18,US,Maryland,Charles,1294,86,0,38.51092331,-76.98580666,24017.0,792.615324304624,6.646058732612056,1208,1291,85,0,1206,1277,161503,3,1,0,2,14
2020-06-18,US,Maryland,Dorchester,170,4,0,38.45413522,-76.02752426,24019.0,532.4313320179148,2.3529411764705883,166,170,4,0,166,166,31998,0,0,0,0,4
2020-06-18,US,Maryland,Frederick,2342,115,0,39.47296601,-77.39999394,24021.0,902.3413871090784,4.910333048676344,2227,2336,115,0,2221,2308,255648,6,0,0,6,28
2020-06-18,US,Maryland,Garrett,10,0,0,39.52786077,-79.27355126,24023.0,34.46611980423244,0.0,10,10,0,0,10,10,29163,0,0,0,0,0
2020-06-18,US,Maryland,Harford,1036,62,0,39.55010644,-76.30775940000002,24025.0,405.57310690139803,5.984555984555986,974,1032,61,0,971,1023,253956,4,1,0,3,9
2020-06-18,US,Maryland,Howard,2348,79,0,39.25305293,-76.93126208,24027.0,720.9309466056678,3.3645655877342415,2269,2343,77,0,2266,2327,323196,5,2,0,3,16
2020-06-18,US,Maryland,Kent,193,24,0,39.24976208,-76.04741541,24029.0,993.7184635979816,12.43523316062176,169,192,24,0,168,193,19383,1,0,0,1,-1
2020-06-18,US,Maryland,Montgomery,13862,707,0,39.13676329,-77.20358245,24031.0,1319.3260035329229,5.100274130717068,13155,13819,704,0,13115,13709,1052567,43,3,0,40,110
2020-06-18,US,Maryland,Prince George's,17666,649,0,38.83070039,-76.8496441,24033.0,1942.7554664053744,3.6737235367372354,17017,17611,648,0,16963,17499,909308,55,1,0,54,112
2020-06-18,US,Maryland,Queen Anne's,187,14,0,39.06198912,-76.03530977,24035.0,371.17167186042366,7.4866310160427805,173,187,14,0,173,183,50251,0,0,0,0,4
2020-06-18,US,Maryland,Somerset,83,3,0,38.1163542,-75.75118623,24039.0,324.0162398500937,3.614457831325301,80,82,3,0,79,82,25675,1,0,0,1,0
2020-06-18,US,Maryland,St. Mary's,595,44,0,38.30058422,-76.60629279999998,24037.0,524.1828913752092,7.394957983193277,551,587,41,0,546,585,112664,8,3,0,5,2
2020-06-18,US,Maryland,Talbot,110,4,0,38.76618159,-76.10882561,24041.0,295.850030929776,3.636363636363636,106,110,4,0,106,109,36968,0,0,0,0,1
2020-06-18,US,Maryland,Unassigned,0,26,0,0.0,0.0,90024.0,0.0,0.0,-26,0,31,0,-31,0,,0,-5,0,5,0
2020-06-18,US,Maryland,Washington,595,24,0,39.60835778,-77.82002295,24043.0,393.9119093803997,4.033613445378151,571,593,22,0,571,579,150926,2,2,0,0,14
2020-06-18,US,Maryland,Wicomico,1036,37,0,38.37301947,-75.62705831,24045.0,999.9131349593182,3.571428571428572,999,1035,36,0,999,1031,103195,1,1,0,0,4
2020-06-18,US,Maryland,Worcester,267,17,0,38.21274277,-75.33200012,24047.0,510.75063126482513,6.367041198501872,250,265,17,0,248,258,51823,2,0,0,2,7
2020-06-18,US,Massachusetts,Barnstable,1502,135,0,41.72980578,-70.28854339,25001.0,705.1974271092538,8.988015978695072,1367,1497,133,0,1364,1494,213413,5,2,0,3,3
2020-06-18,US,Massachusetts,Berkshire,584,42,0,42.37428441,-73.20524838,25003.0,467.40939941093615,7.191780821917808,542,582,42,0,540,578,126348,2,0,0,2,4
2020-06-18,US,Massachusetts,Bristol,7979,534,0,41.79228404,-71.10872211,25005.0,1411.6702080793748,6.692567990976312,7445,7956,528,0,7428,7940,564022,23,6,0,17,16
2020-06-18,US,Massachusetts,Dukes and Nantucket,57,0,0,41.40674725,-70.68763497,0.0,198.39198078730288,0.0,57,57,0,0,57,57,26707,0,0,0,0,0
2020-06-18,US,Massachusetts,Essex,15739,1063,0,42.6687626,-70.94687179,25009.0,1994.7175913838946,6.753923375055593,14676,15703,1057,0,14646,15667,790638,36,6,0,30,36
2020-06-18,US,Massachusetts,Franklin,356,52,0,42.58119713,-72.58602547,25011.0,507.2670276432032,14.606741573033707,304,354,52,0,302,353,70963,2,0,0,2,1
2020-06-18,US,Massachusetts,Hampden,6537,646,0,42.13440424,-72.63235561,25013.0,1401.6707692571595,9.88220896435674,5891,6518,645,0,5873,6503,470406,19,1,0,18,15
2020-06-18,US,Massachusetts,Hampshire,936,106,0,42.33997957,-72.65898478,25015.0,581.9809736989367,11.324786324786324,830,936,105,0,831,930,161355,0,1,0,-1,6
2020-06-18,US,Massachusetts,Middlesex,23407,1788,0,42.48607732,-71.39049229,25017.0,1452.3183299114785,7.638740547699406,21619,23346,1781,0,21565,23269,1614714,61,7,0,54,77
2020-06-18,US,Massachusetts,Norfolk,8935,905,0,42.16073095,-71.20530408,25021.0,1264.1929892823034,10.128707330721882,8030,8908,903,0,8005,8892,705388,27,2,0,25,16
2020-06-18,US,Massachusetts,Plymouth,8555,636,0,41.94070556,-70.80802823,25023.0,1641.3981527315705,7.434248977206312,7919,8522,631,0,7891,8514,518132,33,5,0,28,8
2020-06-18,US,Massachusetts,Suffolk,19477,963,0,42.327951399999996,-71.07850442,25025.0,2422.79268621868,4.9442932689839285,18514,19434,959,0,18475,19367,807252,43,4,0,39,67
2020-06-18,US,Massachusetts,Unassigned,308,10,0,0.0,0.0,90025.0,0.0,3.2467532467532467,298,306,9,0,297,307,,2,1,0,1,-1
2020-06-18,US,Massachusetts,Worcester,12050,889,0,42.35026951,-71.90493363,25027.0,1450.720062796314,7.377593360995852,11161,12032,888,0,11144,12014,830839,18,1,0,17,18
2020-06-18,US,Michigan,Alcona,21,1,0,44.6846864,-83.59507875,26001.0,201.8260451705911,4.761904761904762,20,21,1,0,20,21,10362,0,0,0,0,0
2020-06-18,US,Michigan,Alger,2,0,0,46.41292944,-86.60260122,26003.0,21.95871761089152,0.0,2,2,0,0,2,1,9097,0,0,0,0,1
2020-06-18,US,Michigan,Allegan,291,6,0,42.59147037,-85.89102866,26005.0,246.44100236278487,2.061855670103093,285,288,6,0,282,288,117327,3,0,0,3,0
2020-06-18,US,Michigan,Alpena,115,11,0,45.03477666,-83.62212411,26007.0,404.85829959514166,9.565217391304348,104,114,11,0,103,114,28360,1,0,0,1,0
2020-06-18,US,Michigan,Antrim,14,0,0,44.99690221,-85.15503082,26009.0,60.02400960384154,0.0,14,14,0,0,14,14,23365,0,0,0,0,0
2020-06-18,US,Michigan,Arenac,38,1,0,44.0636262,-83.89277559,26011.0,255.32486729825973,2.631578947368421,37,38,1,0,37,38,15041,0,0,0,0,0
2020-06-18,US,Michigan,Baraga,1,0,0,46.6720582,-88.36363591,26013.0,12.181751735899622,0.0,1,1,0,0,1,1,8320,0,0,0,0,0
2020-06-18,US,Michigan,Barry,93,2,0,42.59513984,-85.30834519,26015.0,151.09666937449228,2.150537634408602,91,92,2,0,90,91,61157,1,0,0,1,1
2020-06-18,US,Michigan,Bay,379,29,0,43.70639106,-83.98731479,26017.0,367.51158776642166,7.6517150395778355,350,378,29,0,349,376,103923,1,0,0,1,2
2020-06-18,US,Michigan,Benzie,5,0,0,44.63899297,-86.01608482,26019.0,28.14364516492176,0.0,5,5,0,0,5,5,17753,0,0,0,0,0
2020-06-18,US,Michigan,Berrien,843,60,0,41.95447397,-86.41313079999998,26021.0,549.5400942627492,7.117437722419928,783,829,57,0,772,827,154141,14,3,0,11,2
2020-06-18,US,Michigan,Branch,239,2,0,41.91600556,-85.05929476,26023.0,549.2106533079027,0.8368200836820083,237,238,2,0,236,237,43622,1,0,0,1,1
2020-06-18,US,Michigan,Calhoun,501,30,0,42.24633834,-85.00493569,26025.0,373.43748835337175,5.9880239520958085,471,495,28,0,467,492,134487,6,2,0,4,3
2020-06-18,US,Michigan,Cass,119,4,0,41.91522292,-85.99405727,26027.0,229.78739838183327,3.361344537815126,115,118,4,0,114,116,51653,1,0,0,1,2
2020-06-18,US,Michigan,Charlevoix,22,2,0,45.37790017,-85.19614053,26029.0,84.15254561450485,9.090909090909092,20,22,2,0,20,22,26244,0,0,0,0,0
2020-06-18,US,Michigan,Cheboygan,26,2,0,45.44787015,-84.50122149,26031.0,102.86437727488527,7.6923076923076925,24,26,1,0,25,26,25413,0,1,0,-1,0
2020-06-18,US,Michigan,Chippewa,3,0,0,46.29552653,-84.54353449,26033.0,8.032343570108972,0.0,3,4,0,0,4,4,37517,-1,0,0,-1,0
2020-06-18,US,Michigan,Clare,25,2,0,43.98794227,-84.84819859999998,26035.0,80.77544426494346,8.0,23,25,2,0,23,25,30757,0,0,0,0,0
2020-06-18,US,Michigan,Clinton,193,11,0,42.94400871,-84.60145248,26037.0,242.477542559206,5.699481865284973,182,191,11,0,180,190,79332,2,0,0,2,1
2020-06-18,US,Michigan,Crawford,65,5,0,44.68255561,-84.61006219,26039.0,463.3259676384632,7.6923076923076925,60,65,5,0,60,65,13901,0,0,0,0,0
2020-06-18,US,Michigan,Delta,21,2,0,45.90484910000001,-86.9080745,26041.0,58.685446009389665,9.523809523809524,19,21,2,0,19,21,35857,0,0,0,0,0
2020-06-18,US,Michigan,Dickinson,7,2,0,46.00999672,-87.86961634,26043.0,27.734854788224567,28.57142857142857,5,7,2,0,5,7,25383,0,0,0,0,0
2020-06-18,US,Michigan,Eaton,263,7,0,42.59599185,-84.83740035,26045.0,238.50981245692313,2.661596958174905,256,261,7,0,254,258,109826,2,0,0,2,3
2020-06-18,US,Michigan,Emmet,28,2,0,45.52625509,-84.89083249,26047.0,83.79470297770462,7.142857142857142,26,26,2,0,24,26,33308,2,0,0,2,0
2020-06-18,US,Michigan,Federal Correctional Institution (FCI),168,5,0,0.0,0.0,0.0,0.0,2.9761904761904763,163,168,5,0,163,166,,0,0,0,0,2
2020-06-18,US,Michigan,Genesee,2605,283,0,43.02244215,-83.70589709,26049.0,641.9212790127473,10.863723608445296,2322,2596,283,0,2313,2589,406892,9,0,0,9,7
2020-06-18,US,Michigan,Gladwin,23,1,0,43.98901072,-84.38774817,26051.0,90.37683209556369,4.3478260869565215,22,20,1,0,19,20,25337,3,0,0,3,0
2020-06-18,US,Michigan,Gogebic,5,1,0,46.40862701,-89.69377193,26053.0,35.77817531305904,20.0,4,5,1,0,4,5,15096,0,0,0,0,0
2020-06-18,US,Michigan,Grand Traverse,37,5,0,44.69565625,-85.55585247,26055.0,39.74733585424544,13.513513513513516,32,36,5,0,31,37,92573,1,0,0,1,-1
2020-06-18,US,Michigan,Gratiot,92,12,0,43.29265605,-84.60505416,26057.0,225.98314951732948,13.043478260869565,80,91,12,0,79,90,40599,1,0,0,1,1
2020-06-18,US,Michigan,Hillsdale,182,25,0,41.88753639,-84.59312019,26059.0,399.0790483499616,13.736263736263735,157,182,25,0,157,182,45749,0,0,0,0,0
2020-06-18,US,Michigan,Houghton,8,0,0,46.89988536,-88.68495385,26061.0,22.419011321600717,0.0,8,8,0,0,8,8,36219,0,0,0,0,0
2020-06-18,US,Michigan,Huron,60,1,0,43.83353985,-83.04078453,26063.0,193.66708627868687,1.6666666666666667,59,60,1,0,59,60,31166,0,0,0,0,0
2020-06-18,US,Michigan,Ingham,819,29,0,42.59716886,-84.37472069,26065.0,280.0900118328625,3.5409035409035408,790,818,29,0,789,817,292735,1,0,0,1,1
2020-06-18,US,Michigan,Ionia,188,4,0,42.94502238,-85.07413319,26067.0,290.5853439881293,2.127659574468085,184,182,4,0,178,180,64210,6,0,0,6,2
2020-06-18,US,Michigan,Iosco,111,10,0,44.35486835,-83.63484895,26069.0,441.7558801289449,9.00900900900901,101,111,10,0,101,111,25081,0,0,0,0,0
2020-06-18,US,Michigan,Iron,4,0,0,46.20974132,-88.53136251,26071.0,36.146755828664375,0.0,4,3,0,0,3,3,11117,1,0,0,1,0
2020-06-18,US,Michigan,Isabella,102,8,0,43.64060976,-84.84664923,26073.0,145.98122280741927,7.84313725490196,94,99,8,0,91,99,70562,3,0,0,3,0
2020-06-18,US,Michigan,Jackson,488,30,0,42.24807035,-84.42258681,26075.0,307.86701154501293,6.147540983606558,458,487,30,0,457,486,158823,1,0,0,1,1
2020-06-18,US,Michigan,Kalamazoo,977,64,0,42.24542231,-85.53038622,26077.0,368.5874461454883,6.550665301944729,913,969,63,0,906,958,264870,8,1,0,7,11
2020-06-18,US,Michigan,Kalkaska,30,2,0,44.68512729,-85.09085699,26079.0,166.3155560483424,6.666666666666668,28,30,2,0,28,30,17824,0,0,0,0,0
2020-06-18,US,Michigan,Kent,4526,118,0,43.03197711,-85.54934642,26081.0,688.9360762913745,2.6071586389748123,4408,4491,115,0,4376,4471,653786,35,3,0,32,20
2020-06-18,US,Michigan,Keweenaw,1,0,0,47.63197653,-88.41434263,26083.0,47.25897920604915,0.0,1,1,0,0,1,1,2113,0,0,0,0,0
2020-06-18,US,Michigan,Lake,7,0,0,43.99050893,-85.802173,26085.0,59.05677887454653,0.0,7,7,0,0,7,7,11881,0,0,0,0,0
2020-06-18,US,Michigan,Lapeer,242,31,0,43.09052506,-83.22153148,26087.0,276.2336342986291,12.8099173553719,211,231,31,0,200,230,88028,11,0,0,11,1
2020-06-18,US,Michigan,Leelanau,12,0,0,44.94430054,-85.80150326,26089.0,55.144524608244105,0.0,12,12,0,0,12,12,21764,0,0,0,0,0
2020-06-18,US,Michigan,Lenawee,199,6,0,41.89475156,-84.06603727,26091.0,202.13100933459285,3.0150753768844223,193,199,6,0,193,201,98266,0,0,0,0,-2
2020-06-18,US,Michigan,Livingston,530,28,0,42.60302282,-83.91297209,26093.0,276.0488554389437,5.283018867924528,502,527,28,0,499,526,191224,3,0,0,3,1
2020-06-18,US,Michigan,Luce,3,0,0,46.47227431,-85.54471223,26095.0,48.16182372772515,0.0,3,3,0,0,3,3,6283,0,0,0,0,0
2020-06-18,US,Michigan,Mackinac,8,0,0,46.07028979,-85.04980537,26097.0,74.0809334197611,0.0,8,8,0,0,8,8,10787,0,0,0,0,0
2020-06-18,US,Michigan,Macomb,7112,897,0,42.69158356,-82.92752801,26099.0,813.756047104484,12.61248593925759,6215,7102,892,0,6210,7091,874759,10,5,0,5,11
2020-06-18,US,Michigan,Manistee,13,0,0,44.33352407,-86.05626916,26101.0,52.935906832803965,0.0,13,12,1,0,11,12,24528,1,-1,0,2,0
2020-06-18,US,Michigan,Marquette,59,11,0,46.4338914,-87.64043701,26103.0,88.45709830732096,18.644067796610173,48,59,11,0,48,59,66516,0,0,0,0,0
2020-06-18,US,Michigan,Mason,40,0,0,43.99509218,-86.24988902,26105.0,137.24951962668132,0.0,40,38,0,0,38,38,29100,2,0,0,2,0
2020-06-18,US,Michigan,Mecosta,27,2,0,43.64064262,-85.32463223,26107.0,62.13610107472443,7.407407407407407,25,26,2,0,24,26,43545,1,0,0,1,0
2020-06-18,US,Michigan,Menominee,9,0,0,45.58038692,-87.55370409,26109.0,39.50834064969271,0.0,9,9,0,0,9,9,22983,0,0,0,0,0
2020-06-18,US,Michigan,Michigan Department of Corrections (MDOC),4072,68,0,0.0,0.0,0.0,0.0,1.6699410609037328,4004,4067,68,0,3999,4058,,5,0,0,5,9
2020-06-18,US,Michigan,Midland,153,9,0,43.64330771,-84.38804374,26111.0,183.9915339843186,5.882352941176472,144,153,9,0,144,152,83209,0,0,0,0,1
2020-06-18,US,Michigan,Missaukee,24,1,0,44.33772443,-85.09256478,26113.0,158.75115756052386,4.166666666666667,23,24,1,0,23,24,15113,0,0,0,0,0
2020-06-18,US,Michigan,Monroe,571,21,0,41.92734151,-83.53749864,26115.0,379.4019933554817,3.6777583187390537,550,570,21,0,549,571,150439,1,0,0,1,-1
2020-06-18,US,Michigan,Montcalm,81,1,0,43.31082541,-85.15252824,26117.0,126.78437265214123,1.2345679012345678,80,81,1,0,80,81,63968,0,0,0,0,0
2020-06-18,US,Michigan,Montmorency,5,0,0,45.0275929,-84.12696227,26119.0,53.60205831903945,0.0,5,5,0,0,5,5,9265,0,0,0,0,0
2020-06-18,US,Michigan,Muskegon,759,46,0,43.29123859,-86.15176712,26121.0,437.29762741550763,6.0606060606060606,713,748,43,0,705,742,173588,11,3,0,8,6
2020-06-18,US,Michigan,Newaygo,131,0,0,43.554373999999996,-85.80070107,26123.0,267.45610453246223,0.0,131,130,0,0,130,128,48892,1,0,0,1,2
2020-06-18,US,Michigan,Oakland,11425,1071,0,42.66090111,-83.38595416,26125.0,908.4880214761004,9.37417943107221,10354,11384,1069,0,10315,11372,1259201,41,2,0,39,12
2020-06-18,US,Michigan,Oceana,145,3,0,43.64124435,-86.26726673,26127.0,547.8520421657158,2.0689655172413794,142,119,3,0,116,116,26625,26,0,0,26,3
2020-06-18,US,Michigan,Ogemaw,32,2,0,44.33481032,-84.12725175,26129.0,152.40272419869504,6.25,30,32,2,0,30,32,20952,0,0,0,0,0
2020-06-18,US,Michigan,Osceola,25,0,0,43.98992088,-85.32566756,26133.0,106.56436487638534,0.0,25,22,0,0,22,22,23341,3,0,0,3,0
2020-06-18,US,Michigan,Oscoda,9,1,0,44.68192279,-84.12939244,26135.0,109.21004732435385,11.111111111111109,8,8,1,0,7,8,8276,1,0,0,1,0
2020-06-18,US,Michigan,Otsego,120,10,0,45.02085831,-84.59898295,26137.0,486.4601913410085,8.333333333333334,110,120,10,0,110,120,24665,0,0,0,0,0
2020-06-18,US,Michigan,Ottawa,941,51,0,42.95996803,-85.9969107,26139.0,322.4480005482644,5.419766206163657,890,936,51,0,885,936,290494,5,0,0,5,0
2020-06-18,US,Michigan,Out of MI,41,0,0,0.0,0.0,80026.0,0.0,0.0,41,40,0,0,40,35,,1,0,0,1,5
2020-06-18,US,Michigan,Presque Isle,12,0,0,45.34018577,-83.91498656,26141.0,95.29860228716646,0.0,12,12,0,0,12,12,12738,0,0,0,0,0
2020-06-18,US,Michigan,Roscommon,25,0,0,44.33473082,-84.61067651,26143.0,104.08426662225736,0.0,25,25,0,0,25,25,23884,0,0,0,0,0
2020-06-18,US,Michigan,Saginaw,1174,120,0,43.33433923,-84.05131209999998,26145.0,616.1468255842636,10.221465076660989,1054,1171,120,0,1051,1168,190800,3,0,0,3,3
2020-06-18,US,Michigan,Sanilac,43,6,0,43.42406072,-82.82055898,26151.0,104.44498421180471,13.953488372093025,37,43,6,0,37,43,41182,0,0,0,0,0
2020-06-18,US,Michigan,Schoolcraft,4,0,0,46.19235734,-86.19972234,26153.0,49.419322955275504,0.0,4,4,0,0,4,4,8068,0,0,0,0,0
2020-06-18,US,Michigan,Shiawassee,266,27,0,42.95392800000001,-84.14585902,26155.0,390.4759108657996,10.150375939849624,239,264,27,0,237,265,68192,2,0,0,2,-1
2020-06-18,US,Michigan,St. Clair,518,48,0,42.92655373,-82.67937954,26147.0,325.52410637976976,9.266409266409266,470,518,48,0,470,518,159337,0,0,0,0,0
2020-06-18,US,Michigan,St. Joseph,204,3,0,41.91441767,-85.52797979,26149.0,334.6237123548324,1.4705882352941178,201,200,3,0,197,193,61043,4,0,0,4,7
2020-06-18,US,Michigan,Tuscola,246,26,0,43.46606813,-83.41897025,26157.0,470.8584553545794,10.56910569105691,220,230,26,0,204,216,52516,16,0,0,16,14
2020-06-18,US,Michigan,Unassigned,2,0,0,0.0,0.0,90026.0,0.0,0.0,2,4,0,0,4,10,,-2,0,0,-2,-6
2020-06-18,US,Michigan,Van Buren,212,7,0,42.25190229,-86.01939087,26159.0,280.1379547286494,3.30188679245283,205,210,7,0,203,207,75448,2,0,0,2,3
2020-06-18,US,Michigan,Washtenaw,1598,103,0,42.253105,-83.83853204,26161.0,434.71046052649484,6.4455569461827285,1495,1592,101,0,1491,1584,370963,6,2,0,4,8
2020-06-18,US,Michigan,Wayne,21941,2680,0,42.28098405,-83.281255,26163.0,1254.2423069689592,12.214575452349482,19261,21897,2676,0,19221,21805,1753893,44,4,0,40,92
2020-06-18,US,Michigan,Wexford,18,3,0,44.33853602,-85.57712739,26165.0,53.52204811037436,16.666666666666668,15,17,3,0,14,17,33466,1,0,0,1,0
2020-06-18,US,Minnesota,Aitkin,13,0,0,46.60962049,-93.41168259999999,27001.0,81.83306055646482,0.0,13,13,0,0,13,13,15902,0,0,0,0,0
2020-06-18,US,Minnesota,Anoka,1810,94,0,45.27476015,-93.24604565,27003.0,507.11501985033095,5.193370165745856,1716,1786,91,0,1695,1770,353813,24,3,0,21,16
2020-06-18,US,Minnesota,Becker,49,0,0,46.93479392,-95.67158144,27005.0,142.34668680823867,0.0,49,49,0,0,49,50,34371,0,0,0,0,-1
2020-06-18,US,Minnesota,Beltrami,23,0,0,47.97373527,-94.93732139,27007.0,48.741205391201156,0.0,23,23,0,0,23,23,46847,0,0,0,0,0
2020-06-18,US,Minnesota,Benton,198,3,0,45.69804958,-93.99514135,27009.0,484.237814571156,1.5151515151515151,195,195,3,0,192,193,40545,3,0,0,3,2
2020-06-18,US,Minnesota,Big Stone,14,0,0,45.42712824,-96.41403739,27011.0,280.50490883590464,0.0,14,14,0,0,14,13,4989,0,0,0,0,1
2020-06-18,US,Minnesota,Blue Earth,172,2,0,44.03554215,-94.06699781,27013.0,254.23854078902642,1.162790697674419,170,169,2,0,167,164,67427,3,0,0,3,5
2020-06-18,US,Minnesota,Brown,22,2,0,44.24205652,-94.72562874,27015.0,87.97184900831734,9.090909090909092,20,20,2,0,18,20,25111,2,0,0,2,0
2020-06-18,US,Minnesota,Carlton,81,0,0,46.59180601,-92.67601019,27017.0,225.8091494522037,0.0,81,81,0,0,81,80,35837,0,0,0,0,1
2020-06-18,US,Minnesota,Carver,285,2,0,44.82017001,-93.80099179999999,27019.0,271.1986982462484,0.7017543859649122,283,278,2,0,276,276,103551,7,0,0,7,2
2020-06-18,US,Minnesota,Cass,12,2,0,46.95043611,-94.32603968,27021.0,40.296853487356856,16.666666666666668,10,11,2,0,9,11,29519,1,0,0,1,0
2020-06-18,US,Minnesota,Chippewa,62,1,0,45.02343421,-95.56403693,27023.0,525.4237288135594,1.6129032258064515,61,58,1,0,57,57,11924,4,0,0,4,1
2020-06-18,US,Minnesota,Chisago,81,1,0,45.5021011,-92.90861945,27025.0,143.16265752310932,1.2345679012345678,80,81,1,0,80,80,55922,0,0,0,0,1
2020-06-18,US,Minnesota,Clay,516,37,0,46.89289518,-96.48761922,27027.0,803.4629877612033,7.170542635658915,479,512,37,0,475,506,63955,4,0,0,4,6
2020-06-18,US,Minnesota,Clearwater,6,0,0,47.57992111,-95.37790562,27029.0,68.04264005443412,0.0,6,6,0,0,6,5,8810,0,0,0,0,1
2020-06-18,US,Minnesota,Cook,1,0,0,47.90504893,-90.52629546,27031.0,18.304960644334614,0.0,1,1,0,0,1,1,5393,0,0,0,0,0
2020-06-18,US,Minnesota,Cottonwood,115,0,0,44.00715262,-95.18138802,27033.0,1027.152554483744,0.0,115,115,0,0,115,111,11277,0,0,0,0,4
2020-06-18,US,Minnesota,Crow Wing,92,10,0,46.48096553,-94.06755609,27035.0,141.4187994773653,10.869565217391305,82,91,10,0,81,90,64889,1,0,0,1,1
2020-06-18,US,Minnesota,Dakota,1805,76,0,44.67172617,-93.06299363,27037.0,420.72532579990263,4.2105263157894735,1729,1776,75,0,1701,1758,425423,29,1,0,28,18
2020-06-18,US,Minnesota,Dodge,61,0,0,44.02238415,-92.86244324,27039.0,291.39199388554505,0.0,61,61,0,0,61,59,20822,0,0,0,0,2
2020-06-18,US,Minnesota,Douglas,53,0,0,45.93348491,-95.45335469,27041.0,138.95807661047164,0.0,53,51,0,0,51,48,37964,2,0,0,2,3
2020-06-18,US,Minnesota,Faribault,32,0,0,43.67381499,-93.94787458,27043.0,234.38072218560023,0.0,32,30,0,0,30,28,13758,2,0,0,2,2
2020-06-18,US,Minnesota,Fillmore,22,1,0,43.67394126,-92.08980382,27045.0,104.4287273935539,4.545454545454546,21,20,1,0,19,20,21058,2,0,0,2,0
2020-06-18,US,Minnesota,Freeborn,240,0,0,43.67385583,-93.34884422,27047.0,792.5762028995081,0.0,240,235,0,0,235,222,30444,5,0,0,5,13
2020-06-18,US,Minnesota,Goodhue,98,7,0,44.40849741,-92.72341949999999,27049.0,211.4803625377644,7.142857142857142,91,97,7,0,90,94,46403,1,0,0,1,3
2020-06-18,US,Minnesota,Grant,6,0,0,45.93424769,-96.01139609,27051.0,100.46885465505692,0.0,6,6,0,0,6,6,6021,0,0,0,0,0
2020-06-18,US,Minnesota,Hennepin,10512,732,0,45.00761521,-93.47694895,27053.0,830.4347379572348,6.963470319634702,9780,10415,727,0,9688,10323,1259428,97,5,0,92,92
2020-06-18,US,Minnesota,Houston,8,0,0,43.67129565,-91.49143057,27055.0,43.01075268817203,0.0,8,7,0,0,7,5,18578,1,0,0,1,2
2020-06-18,US,Minnesota,Hubbard,5,0,0,47.10778564,-94.91693868,27057.0,23.265553022195334,0.0,5,5,0,0,5,5,21332,0,0,0,0,0
2020-06-18,US,Minnesota,Isanti,51,0,0,45.56181234,-93.29487636,27059.0,125.62814070351759,0.0,51,50,0,0,50,50,39966,1,0,0,1,0
2020-06-18,US,Minnesota,Itasca,59,12,0,47.51009045,-93.63092229,27061.0,130.73343673831155,20.338983050847453,47,59,12,0,47,59,45108,0,0,0,0,0
2020-06-18,US,Minnesota,Jackson,50,0,0,43.67423373,-95.15398258,27063.0,507.82043469429215,0.0,50,48,0,0,48,48,9911,2,0,0,2,0
2020-06-18,US,Minnesota,Kanabec,13,1,0,45.9459309,-93.29275192,27065.0,79.57397318969211,7.6923076923076925,12,13,1,0,12,13,16207,0,0,0,0,0
2020-06-18,US,Minnesota,Kandiyohi,553,1,0,45.1526059,-95.00586446,27067.0,1280.1222250515061,0.18083182640144665,552,552,1,0,551,548,42855,1,0,0,1,4
2020-06-18,US,Minnesota,Kittson,1,0,0,48.77754106,-96.78317184,27069.0,23.266635644485806,0.0,1,1,0,0,1,1,4248,0,0,0,0,0
2020-06-18,US,Minnesota,Koochiching,9,0,0,48.24539665,-93.78352843,27071.0,73.59555155777251,0.0,9,9,0,0,9,9,12440,0,0,0,0,0
2020-06-18,US,Minnesota,Lac qui Parle,3,0,0,44.9973857,-96.17488219,27073.0,45.29669334138608,0.0,3,3,0,0,3,3,6658,0,0,0,0,0
2020-06-18,US,Minnesota,Lake,4,0,0,47.64270764,-91.44557998,27075.0,37.590452025185606,0.0,4,4,0,0,4,2,10658,0,0,0,0,2
2020-06-18,US,Minnesota,Le Sueur,53,1,0,44.37136597,-93.72844721,27079.0,183.47353480804514,1.8867924528301887,52,53,1,0,52,52,28494,0,0,0,0,1
2020-06-18,US,Minnesota,Lincoln,6,0,0,44.41311883,-96.26688165,27081.0,106.40184429863451,0.0,6,6,0,0,6,6,5673,0,0,0,0,0
2020-06-18,US,Minnesota,Lyon,250,2,0,44.41327865,-95.83806103,27083.0,981.3927926513308,0.8,248,229,2,0,227,222,25629,21,0,0,21,7
2020-06-18,US,Minnesota,Mahnomen,6,1,0,47.32557075,-95.80921485,27087.0,108.5579880586213,16.666666666666668,5,6,1,0,5,6,5519,0,0,0,0,0
2020-06-18,US,Minnesota,Marshall,12,0,0,48.35825983,-96.37017407,27089.0,128.53470437017995,0.0,12,12,0,0,12,12,9390,0,0,0,0,0
2020-06-18,US,Minnesota,Martin,147,5,0,43.67429718,-94.55099908,27091.0,746.8373723517758,3.4013605442176873,142,147,5,0,142,147,19785,0,0,0,0,0
2020-06-18,US,Minnesota,McLeod,58,0,0,44.82367677,-94.27287017,27085.0,161.5913966511576,0.0,58,56,0,0,56,54,35873,2,0,0,2,2
2020-06-18,US,Minnesota,Meeker,50,1,0,45.12328869,-94.52839455,27093.0,215.31306519679612,2.0,49,50,1,0,49,50,23141,0,0,0,0,0
2020-06-18,US,Minnesota,Mille Lacs,28,1,0,45.93705297,-93.63236823,27095.0,106.557065113978,3.571428571428572,27,28,1,0,27,28,26139,0,0,0,0,0
2020-06-18,US,Minnesota,Morrison,54,1,0,46.01265363,-94.27341528,27097.0,161.74444377882946,1.851851851851852,53,54,1,0,53,54,33169,0,0,0,0,0
2020-06-18,US,Minnesota,Mower,744,2,0,43.67142874,-92.75234549,27099.0,1857.121461734312,0.26881720430107525,742,733,2,0,731,661,40011,11,0,0,11,72
2020-06-18,US,Minnesota,Murray,44,0,0,44.02216709,-95.76328482,27101.0,536.9782767878936,0.0,44,43,0,0,43,43,8276,1,0,0,1,0
2020-06-18,US,Minnesota,Nicollet,98,12,0,44.35291112,-94.24710352,27103.0,285.93102643403165,12.244897959183671,86,95,11,0,84,95,34220,3,1,0,2,0
2020-06-18,US,Minnesota,Nobles,1621,6,0,43.67434621,-95.75329576,27105.0,7494.567478847843,0.3701418877236274,1615,1620,6,0,1614,1620,21924,1,0,0,1,0
2020-06-18,US,Minnesota,Norman,18,0,0,47.32628443,-96.45620947,27107.0,282.35294117647067,0.0,18,18,0,0,18,17,6475,0,0,0,0,1
2020-06-18,US,Minnesota,Olmsted,832,13,0,44.00374114,-92.40209944,27109.0,525.6075758245785,1.5625,819,810,12,0,798,781,156277,22,1,0,21,29
2020-06-18,US,Minnesota,Otter Tail,83,1,0,46.40846929,-95.70835255,27111.0,141.28621523167538,1.2048192771084338,82,83,1,0,82,83,58812,0,0,0,0,0
2020-06-18,US,Minnesota,Pennington,52,0,0,48.06642577,-96.0370814,27113.0,368.2980381046816,0.0,52,51,0,0,51,51,14178,1,0,0,1,0
2020-06-18,US,Minnesota,Pine,96,0,0,46.12105238,-92.74070188,27115.0,324.5545826430914,0.0,96,96,0,0,96,96,29483,0,0,0,0,0
2020-06-18,US,Minnesota,Pipestone,14,0,0,44.02301619,-96.25841142,27117.0,153.40784571553803,0.0,14,14,0,0,14,14,9047,0,0,0,0,0
2020-06-18,US,Minnesota,Polk,67,2,0,47.77372465,-96.40134647,27119.0,213.62071164392296,2.985074626865672,65,67,2,0,65,67,31529,0,0,0,0,0
2020-06-18,US,Minnesota,Pope,10,0,0,45.58606667,-95.44451209,27121.0,88.8967908258512,0.0,10,10,0,0,10,10,11097,0,0,0,0,0
2020-06-18,US,Minnesota,Ramsey,4128,205,0,45.01625271,-93.09872295,27123.0,750.1076644358475,4.966085271317829,3923,4079,199,0,3880,4033,550210,49,6,0,43,46
2020-06-18,US,Minnesota,Red Lake,4,0,0,47.87197525,-96.09561104,27125.0,98.64364981504316,0.0,4,4,0,0,4,4,3999,0,0,0,0,0
2020-06-18,US,Minnesota,Redwood,12,0,0,44.40555844,-95.25207021,27127.0,79.10349373764008,0.0,12,12,0,0,12,12,15249,0,0,0,0,0
2020-06-18,US,Minnesota,Renville,12,0,0,44.72836381,-94.94553734,27129.0,82.48556502612044,0.0,12,12,0,0,12,12,14612,0,0,0,0,0
2020-06-18,US,Minnesota,Rice,733,4,0,44.3543376,-93.29658715,27131.0,1094.4872484023174,0.5457025920873124,729,701,3,0,698,697,66523,32,1,0,31,4
2020-06-18,US,Minnesota,Rock,26,0,0,43.67482683,-96.25296832,27133.0,279.11969940955447,0.0,26,25,0,0,25,25,9414,1,0,0,1,0
2020-06-18,US,Minnesota,Roseau,6,0,0,48.77501878,-95.81079919,27135.0,39.564787339268044,0.0,6,6,0,0,6,6,15150,0,0,0,0,0
2020-06-18,US,Minnesota,Scott,551,4,0,44.6490231,-93.53340251,27139.0,369.766396220464,0.7259528130671506,547,546,4,0,542,541,147381,5,0,0,5,5
2020-06-18,US,Minnesota,Sherburne,271,3,0,45.44447208,-93.77617511,27141.0,278.69762849914645,1.1070110701107012,268,272,3,0,269,270,96036,-1,0,0,-1,2
2020-06-18,US,Minnesota,Sibley,27,2,0,44.5796592,-94.23164924,27143.0,181.63471241170532,7.407407407407407,25,26,2,0,24,25,15028,1,0,0,1,1
2020-06-18,US,Minnesota,St. Louis,129,14,0,47.604840700000004,-92.46879855,27137.0,64.80132616667504,10.852713178294573,115,127,14,0,113,124,199754,2,0,0,2,3
2020-06-18,US,Minnesota,Stearns,2122,19,0,45.55192576,-94.61078221,27145.0,1317.3987273009468,0.8953817153628653,2103,2111,19,0,2092,2109,159256,11,0,0,11,2
2020-06-18,US,Minnesota,Steele,181,0,0,44.02240351,-93.22627088,27147.0,493.8743212638817,0.0,181,179,0,0,179,175,36803,2,0,0,2,4
2020-06-18,US,Minnesota,Stevens,1,0,0,45.58613007,-96.00163705,27149.0,10.198878123406423,0.0,1,1,0,0,1,1,9753,0,0,0,0,0
2020-06-18,US,Minnesota,Swift,20,1,0,45.2829032,-95.68264092,27151.0,215.8428663932657,5.0,19,20,1,0,19,20,9345,0,0,0,0,0
2020-06-18,US,Minnesota,Todd,381,2,0,46.06996226,-94.89785296,27153.0,1544.7615958481995,0.5249343832020997,379,379,2,0,377,375,24582,2,0,0,2,4
2020-06-18,US,Minnesota,Traverse,5,0,0,45.77298854,-96.47062949,27155.0,153.42129487572873,0.0,5,5,0,0,5,5,3308,0,0,0,0,0
2020-06-18,US,Minnesota,Unassigned,58,33,0,0.0,0.0,90027.0,0.0,56.89655172413793,25,59,32,0,27,55,,-1,1,0,-2,4
2020-06-18,US,Minnesota,Wabasha,24,0,0,44.28424356,-92.23121312,27157.0,110.97239561659036,0.0,24,24,0,0,24,21,21645,0,0,0,0,3
2020-06-18,US,Minnesota,Wadena,10,0,0,46.58589171,-94.96968506,27159.0,73.0887297178775,0.0,10,10,0,0,10,10,13773,0,0,0,0,0
2020-06-18,US,Minnesota,Waseca,35,0,0,44.02211116,-93.58720034,27161.0,188.05071996561358,0.0,35,34,0,0,34,34,18691,1,0,0,1,0
2020-06-18,US,Minnesota,Washington,833,37,0,45.03864533,-92.88429635,27163.0,317.4058832495046,4.441776710684273,796,826,37,0,789,802,259201,7,0,0,7,24
2020-06-18,US,Minnesota,Watonwan,115,0,0,43.97823903,-94.61413846,27165.0,1055.3363311003031,0.0,115,108,0,0,108,99,10980,7,0,0,7,9
2020-06-18,US,Minnesota,Wilkin,18,3,0,46.35721532,-96.4684375,27167.0,289.9951667472209,16.666666666666668,15,15,3,0,12,15,6254,3,0,0,3,0
2020-06-18,US,Minnesota,Winona,91,15,0,43.98772283,-91.78081305,27169.0,180.25513033832505,16.483516483516482,76,89,15,0,74,85,50825,2,0,0,2,4
2020-06-18,US,Minnesota,Wright,391,2,0,45.17297924,-93.96234781,27171.0,282.56140832652824,0.5115089514066496,389,390,2,0,388,383,136349,1,0,0,1,7
2020-06-18,US,Minnesota,Yellow Medicine,11,0,0,44.71710183,-95.86842453,27173.0,113.29694098259348,0.0,11,10,0,0,10,11,9795,1,0,0,1,-1
2020-06-18,US,Mississippi,Adams,227,18,0,31.47669768,-91.35326037,28001.0,739.582315185873,7.929515418502202,209,227,18,0,209,226,31192,0,0,0,0,1
2020-06-18,US,Mississippi,Alcorn,32,1,0,34.88084463,-88.57996173,28003.0,86.59648742997862,3.125,31,32,1,0,31,32,36925,0,0,0,0,0
2020-06-18,US,Mississippi,Amite,73,2,0,31.17467303,-90.80501621,28005.0,593.640725380174,2.7397260273972597,71,73,2,0,71,71,12326,0,0,0,0,2
2020-06-18,US,Mississippi,Attala,335,23,0,33.08658803,-89.57838564,28007.0,1843.2926158248047,6.865671641791044,312,335,23,0,312,333,18365,0,0,0,0,2
2020-06-18,US,Mississippi,Benton,18,0,0,34.81681228,-89.18945516,28009.0,217.9440610243371,0.0,18,18,0,0,18,19,8271,0,0,0,0,-1
2020-06-18,US,Mississippi,Bolivar,197,13,0,33.79696941,-90.87372121,28011.0,643.2022985503462,6.598984771573603,184,197,13,0,184,194,31333,0,0,0,0,3
2020-06-18,US,Mississippi,Calhoun,83,4,0,33.93683395,-89.33686647,28013.0,577.9541814636864,4.819277108433735,79,83,4,0,79,82,14436,0,0,0,0,1
2020-06-18,US,Mississippi,Carroll,122,11,0,33.44834567,-89.91994479,28015.0,1226.500452397708,9.016393442622949,111,122,11,0,111,122,9911,0,0,0,0,0
2020-06-18,US,Mississippi,Chickasaw,177,16,0,33.91983202,-88.9481545,28017.0,1034.906156814594,9.039548022598868,161,177,16,0,161,168,17171,0,0,0,0,9
2020-06-18,US,Mississippi,Choctaw,71,2,0,33.34598242,-89.24809382,28019.0,864.7990255785628,2.8169014084507036,69,71,2,0,69,66,8278,0,0,0,0,5
2020-06-18,US,Mississippi,Claiborne,144,9,0,31.97061673,-90.90702196,28021.0,1602.136181575434,6.25,135,144,9,0,135,142,9002,0,0,0,0,2
2020-06-18,US,Mississippi,Clarke,168,21,0,32.04158545,-88.68896219999998,28023.0,1081.0115179203397,12.5,147,168,21,0,147,166,15604,0,0,0,0,2
2020-06-18,US,Mississippi,Clay,185,6,0,33.65358105,-88.77784255,28025.0,957.7552288258439,3.2432432432432434,179,185,6,0,179,174,19386,0,0,0,0,11
2020-06-18,US,Mississippi,Coahoma,156,6,0,34.22772299,-90.60415045,28027.0,705.1166154402458,3.8461538461538463,150,156,6,0,150,153,22628,0,0,0,0,3
2020-06-18,US,Mississippi,Copiah,425,7,0,31.86977774,-90.44565118,28029.0,1514.3417067521825,1.6470588235294117,418,425,7,0,418,418,28543,0,0,0,0,7
2020-06-18,US,Mississippi,Covington,213,3,0,31.63225413,-89.55389939,28031.0,1142.9491307147455,1.4084507042253518,210,213,3,0,210,209,18853,0,0,0,0,4
2020-06-18,US,Mississippi,DeSoto,790,14,0,34.87625235,-89.99091418,28033.0,427.15401876233483,1.7721518987341771,776,790,14,0,776,740,182001,0,0,0,0,50
2020-06-18,US,Mississippi,Forrest,697,41,0,31.18961454,-89.25832496,28035.0,930.6113729521877,5.882352941176472,656,697,41,0,656,689,75036,0,0,0,0,8
2020-06-18,US,Mississippi,Franklin,30,2,0,31.47786634,-90.89672989,28037.0,388.9537145079735,6.666666666666668,28,30,2,0,28,30,7788,0,0,0,0,0
2020-06-18,US,Mississippi,George,41,2,0,30.86259065,-88.64436789,28039.0,167.3469387755102,4.878048780487805,39,41,2,0,39,40,24250,0,0,0,0,1
2020-06-18,US,Mississippi,Greene,56,4,0,31.21444233,-88.63922281,28041.0,412.1890181068747,7.142857142857142,52,56,4,0,52,56,13586,0,0,0,0,0
2020-06-18,US,Mississippi,Grenada,170,4,0,33.77036166,-89.80245083,28043.0,818.9613642932844,2.3529411764705883,166,170,4,0,166,167,21055,0,0,0,0,3
2020-06-18,US,Mississippi,Hancock,100,13,0,30.41830223,-89.48851033,28045.0,209.9428955324152,13.0,87,100,13,0,87,100,47334,0,0,0,0,0
2020-06-18,US,Mississippi,Harrison,393,7,0,30.51359752,-89.12467576,28047.0,188.8696655132641,1.7811704834605595,386,393,7,0,386,377,206650,0,0,0,0,16
2020-06-18,US,Mississippi,Hinds,1390,29,0,32.2656285,-90.44435448,28049.0,599.5514147688061,2.0863309352517985,1361,1390,29,0,1361,1349,237085,0,0,0,0,41
2020-06-18,US,Mississippi,Holmes,477,35,0,33.12345854,-90.08923538,28051.0,2804.232804232804,7.337526205450734,442,477,35,0,442,474,17622,0,0,0,0,3
2020-06-18,US,Mississippi,Humphreys,83,8,0,33.12825718,-90.52252707,28053.0,1029.265873015873,9.63855421686747,75,83,8,0,75,83,8257,0,0,0,0,0
2020-06-18,US,Mississippi,Itawamba,106,8,0,34.27993475,-88.3606733,28057.0,453.1851218469432,7.547169811320754,98,106,8,0,98,106,23517,0,0,0,0,0
2020-06-18,US,Mississippi,Jackson,385,16,0,30.54020656,-88.64184064,28059.0,268.0741137887576,4.155844155844156,369,385,16,0,369,378,143277,0,0,0,0,7
2020-06-18,US,Mississippi,Jasper,203,4,0,32.01922104,-89.11786866,28061.0,1239.089299884026,1.9704433497536944,199,203,4,0,199,200,16428,0,0,0,0,3
2020-06-18,US,Mississippi,Jefferson,57,2,0,31.73397872,-91.03764977,28063.0,815.450643776824,3.5087719298245608,55,57,2,0,55,54,7106,0,0,0,0,3
2020-06-18,US,Mississippi,Jefferson Davis,86,3,0,31.56884708,-89.82670990000004,28065.0,772.8253055355859,3.4883720930232562,83,86,3,0,83,84,11234,0,0,0,0,2
2020-06-18,US,Mississippi,Jones,910,44,0,31.62257767,-89.16896899999998,28067.0,1336.3094364004817,4.835164835164835,866,910,44,0,866,899,68461,0,0,0,0,11
2020-06-18,US,Mississippi,Kemper,169,13,0,32.75462946,-88.64105766,28069.0,1734.7567234654075,7.6923076923076925,156,169,13,0,156,170,10027,0,0,0,0,-1
2020-06-18,US,Mississippi,Lafayette,209,4,0,34.35687874,-89.48490961,28071.0,386.9009052370463,1.9138755980861244,205,209,4,0,205,195,54793,0,0,0,0,14
2020-06-18,US,Mississippi,Lamar,300,6,0,31.20572971,-89.5077704,28073.0,473.611922390793,2.0,294,300,6,0,294,292,62447,0,0,0,0,8
2020-06-18,US,Mississippi,Lauderdale,818,75,0,32.40419769,-88.66229662,28075.0,1103.5413153456998,9.168704156479217,743,818,75,0,743,816,75317,0,0,0,0,2
2020-06-18,US,Mississippi,Lawrence,121,1,0,31.55147224,-90.10841127,28077.0,961.3856666136977,0.8264462809917356,120,121,1,0,120,120,12455,0,0,0,0,1
2020-06-18,US,Mississippi,Leake,496,16,0,32.7536828,-89.52402044,28079.0,2176.775212849996,3.2258064516129035,480,496,16,0,480,491,22763,0,0,0,0,5
2020-06-18,US,Mississippi,Lee,330,14,0,34.291877500000005,-88.68149954,28081.0,386.2540381103984,4.242424242424242,316,330,14,0,316,310,85202,0,0,0,0,20
2020-06-18,US,Mississippi,Leflore,385,47,0,33.55545125,-90.29900733,28083.0,1366.0717453784196,12.207792207792208,338,385,47,0,338,376,28919,0,0,0,0,9
2020-06-18,US,Mississippi,Lincoln,330,32,0,31.53288662,-90.45391915,28085.0,966.2401545984247,9.696969696969695,298,330,32,0,298,329,34205,0,0,0,0,1
2020-06-18,US,Mississippi,Lowndes,352,10,0,33.47386518,-88.44191529999998,28087.0,600.7338510111783,2.8409090909090913,342,352,10,0,342,335,58930,0,0,0,0,17
2020-06-18,US,Mississippi,Madison,922,31,0,32.63389156,-90.03513564,28089.0,867.5850647395363,3.362255965292841,891,922,31,0,891,905,105630,0,0,0,0,17
2020-06-18,US,Mississippi,Marion,163,9,0,31.23132643,-89.8209217,28091.0,663.329670776869,5.521472392638037,154,163,9,0,154,152,24715,0,0,0,0,11
2020-06-18,US,Mississippi,Marshall,122,3,0,34.76216286,-89.50299462,28093.0,345.6678188927297,2.459016393442623,119,122,3,0,119,110,35451,0,0,0,0,12
2020-06-18,US,Mississippi,Monroe,301,26,0,33.89236763,-88.4808438,28095.0,853.8522637013502,8.637873754152825,275,301,26,0,275,297,35564,0,0,0,0,4
2020-06-18,US,Mississippi,Montgomery,98,1,0,33.49419589,-89.61729103,28097.0,1002.5575447570333,1.020408163265306,97,98,1,0,97,98,10023,0,0,0,0,0
2020-06-18,US,Mississippi,Neshoba,921,56,0,32.75339664,-89.11726492,28099.0,3162.991963733773,6.080347448425624,865,921,56,0,865,895,29125,0,0,0,0,26
2020-06-18,US,Mississippi,Newton,325,8,0,32.40021118,-89.11843336,28101.0,1546.2936530592826,2.4615384615384617,317,325,8,0,317,324,21443,0,0,0,0,1
2020-06-18,US,Mississippi,Noxubee,218,6,0,33.11009499,-88.56949061,28103.0,2092.7330325429584,2.7522935779816518,212,218,6,0,212,216,10535,0,0,0,0,2
2020-06-18,US,Mississippi,Oktibbeha,386,18,0,33.42491685,-88.87905132,28105.0,778.4298303990965,4.66321243523316,368,386,18,0,368,374,49599,0,0,0,0,12
2020-06-18,US,Mississippi,Panola,146,4,0,34.36398677,-89.95064249,28107.0,427.0004679457183,2.7397260273972597,142,146,4,0,142,137,34178,0,0,0,0,9
2020-06-18,US,Mississippi,Pearl River,224,32,0,30.77090935,-89.58677275,28109.0,403.34923921851083,14.285714285714285,192,224,32,0,192,223,55387,0,0,0,0,1
2020-06-18,US,Mississippi,Perry,55,3,0,31.17161885,-88.99281835,28111.0,459.36690887830946,5.454545454545454,52,55,3,0,52,54,11931,0,0,0,0,1
2020-06-18,US,Mississippi,Pike,248,11,0,31.17507789,-90.40392572,28113.0,631.2360008144981,4.435483870967742,237,248,11,0,237,247,39563,0,0,0,0,1
2020-06-18,US,Mississippi,Pontotoc,93,3,0,34.226046000000004,-89.03636807,28115.0,289.05327282899236,3.2258064516129035,90,93,3,0,90,79,31833,0,0,0,0,14
2020-06-18,US,Mississippi,Prentiss,70,3,0,34.61810501,-88.51986294,28117.0,278.59587678102366,4.285714285714286,67,70,3,0,67,68,25315,0,0,0,0,2
2020-06-18,US,Mississippi,Quitman,52,0,0,34.25157572,-90.28908,28119.0,765.6065959952887,0.0,52,52,0,0,52,51,7051,0,0,0,0,1
2020-06-18,US,Mississippi,Rankin,563,10,0,32.26469147,-89.94537876,28121.0,362.59185553000884,1.7761989342806397,553,563,10,0,553,550,153902,0,0,0,0,13
2020-06-18,US,Mississippi,Scott,696,12,0,32.406704100000006,-89.53789439,28123.0,2474.754657943393,1.7241379310344829,684,696,12,0,684,692,28287,0,0,0,0,4
2020-06-18,US,Mississippi,Sharkey,9,0,0,32.88149103,-90.81595379999999,28125.0,208.28511918537376,0.0,9,9,0,0,9,8,4377,0,0,0,0,1
2020-06-18,US,Mississippi,Simpson,126,1,0,31.91282117,-89.91716179,28127.0,472.65361242403776,0.7936507936507936,125,126,1,0,125,123,26758,0,0,0,0,3
2020-06-18,US,Mississippi,Smith,182,11,0,32.01744532,-89.50644846,28129.0,1143.5033928122646,6.043956043956044,171,182,11,0,171,182,16002,0,0,0,0,0
2020-06-18,US,Mississippi,Stone,35,1,0,30.79187949,-89.11547539,28131.0,190.88132635253052,2.8571428571428568,34,35,1,0,34,34,18717,0,0,0,0,1
2020-06-18,US,Mississippi,Sunflower,128,4,0,33.60192578,-90.58882684,28133.0,509.7570688968538,3.125,124,128,4,0,124,127,25735,0,0,0,0,1
2020-06-18,US,Mississippi,Tallahatchie,49,1,0,33.95339918,-90.1729398,28135.0,354.8410456948367,2.0408163265306123,48,49,1,0,48,45,13987,0,0,0,0,4
2020-06-18,US,Mississippi,Tate,155,1,0,34.65133709,-89.94485778,28137.0,547.2970587196779,0.6451612903225806,154,155,1,0,154,135,28759,0,0,0,0,20
2020-06-18,US,Mississippi,Tippah,100,11,0,34.76872156,-88.90988194,28139.0,454.23574835339537,11.0,89,100,11,0,89,95,21995,0,0,0,0,5
2020-06-18,US,Mississippi,Tishomingo,47,1,0,34.74023475,-88.23917219,28141.0,242.480524170665,2.127659574468085,46,47,1,0,46,47,19454,0,0,0,0,0
2020-06-18,US,Mississippi,Tunica,67,3,0,34.64967704,-90.37481167,28143.0,695.5980066445183,4.477611940298506,64,67,3,0,64,67,9944,0,0,0,0,0
2020-06-18,US,Mississippi,Union,109,8,0,34.49162015,-89.00776006,28145.0,378.27520388686446,7.339449541284404,101,109,8,0,101,108,28606,0,0,0,0,1
2020-06-18,US,Mississippi,Walthall,111,1,0,31.14971548,-90.10446654,28147.0,776.9844603107938,0.9009009009009008,110,111,1,0,110,107,14465,0,0,0,0,4
2020-06-18,US,Mississippi,Warren,280,14,0,32.35810271,-90.83352619,28149.0,616.9983032546661,5.0,266,280,14,0,266,262,46176,0,0,0,0,18
2020-06-18,US,Mississippi,Washington,276,9,0,33.28392041,-90.94196237,28151.0,628.5727299642442,3.260869565217391,267,276,9,0,267,269,45063,0,0,0,0,7
2020-06-18,US,Mississippi,Wayne,409,8,0,31.64135687,-88.69573913,28153.0,2026.4579101223803,1.9559902200489,401,409,8,0,401,398,20298,0,0,0,0,11
2020-06-18,US,Mississippi,Webster,109,8,0,33.61300486,-89.28392912,28155.0,1124.9870987718032,7.339449541284404,101,109,8,0,101,109,9788,0,0,0,0,0
2020-06-18,US,Mississippi,Wilkinson,85,9,0,31.16078225,-91.31018819,28157.0,984.936268829664,10.588235294117649,76,85,9,0,76,85,8792,0,0,0,0,0
2020-06-18,US,Mississippi,Winston,158,2,0,33.08747908,-89.03391385,28159.0,879.9777220829852,1.2658227848101269,156,158,2,0,156,155,18165,0,0,0,0,3
2020-06-18,US,Mississippi,Yalobusha,139,7,0,34.02824175,-89.70762049999998,28161.0,1148.0013214403698,5.035971223021583,132,139,7,0,132,139,12392,0,0,0,0,0
2020-06-18,US,Mississippi,Yazoo,354,6,0,32.77890365,-90.39656148,28163.0,1192.320646682385,1.6949152542372878,348,354,6,0,348,350,28248,0,0,0,0,4
2020-06-18,US,Missouri,Adair,85,0,0,40.19058551,-92.60078167,29001.0,335.39833484591406,0.0,85,85,0,0,85,84,25339,0,0,0,0,1
2020-06-18,US,Missouri,Andrew,36,0,0,39.98492163,-94.80163024,29003.0,203.2520325203252,0.0,36,35,0,0,35,35,17607,1,0,0,1,0
2020-06-18,US,Missouri,Atchison,3,0,0,40.43238737,-95.42970639,29005.0,58.331713007972,0.0,3,3,0,0,3,3,5171,0,0,0,0,0
2020-06-18,US,Missouri,Audrain,123,1,0,39.215877,-91.84242683,29007.0,484.48085709784147,0.8130081300813008,122,122,1,0,121,122,25473,1,0,0,1,0
2020-06-18,US,Missouri,Barry,25,0,0,36.70978521,-93.82919888,29009.0,69.85386571292854,0.0,25,20,0,0,20,15,35886,5,0,0,5,5
2020-06-18,US,Missouri,Barton,10,0,0,37.50207671,-94.34757022,29011.0,85.07742045261188,0.0,10,11,0,0,11,9,11798,-1,0,0,-1,2
2020-06-18,US,Missouri,Bates,12,1,0,38.25271289,-94.34113157,29013.0,74.20232500618353,8.333333333333334,11,12,1,0,11,12,16320,0,0,0,0,0
2020-06-18,US,Missouri,Benton,14,0,0,38.29503305,-93.28756116,29015.0,72.00534896878055,0.0,14,14,0,0,14,14,19278,0,0,0,0,0
2020-06-18,US,Missouri,Bollinger,11,0,0,37.32449052,-90.02725304,29017.0,90.66183136899366,0.0,11,10,0,0,10,10,12169,1,0,0,1,0
2020-06-18,US,Missouri,Boone,226,2,0,38.99186229,-92.30723575,29019.0,125.23342735075887,0.8849557522123894,224,222,2,0,220,216,180005,4,0,0,4,6
2020-06-18,US,Missouri,Buchanan,800,3,0,39.65816401,-94.80138942,29021.0,915.708987683714,0.375,797,793,3,0,790,791,88571,7,0,0,7,2
2020-06-18,US,Missouri,Butler,58,0,0,36.71462476,-90.40421163,29023.0,136.54126842130043,0.0,58,53,0,0,53,48,42639,5,0,0,5,5
2020-06-18,US,Missouri,Caldwell,8,0,0,39.65620858,-93.98308093,29025.0,88.69179600886919,0.0,8,8,0,0,8,7,9108,0,0,0,0,1
2020-06-18,US,Missouri,Callaway,42,1,0,38.83674754,-91.92186505,29027.0,93.86943208993586,2.380952380952381,41,40,1,0,39,40,44889,2,0,0,2,0
2020-06-18,US,Missouri,Camden,45,1,0,38.02199522,-92.76083747,29029.0,97.18172983479107,2.2222222222222223,44,45,1,0,44,43,45815,0,0,0,0,2
2020-06-18,US,Missouri,Cape Girardeau,114,3,0,37.38489388,-89.6843587,29031.0,144.53981818412345,2.631578947368421,111,111,3,0,108,110,78753,3,0,0,3,1
2020-06-18,US,Missouri,Carroll,11,0,0,39.42762566,-93.50626255,29033.0,126.74271229404309,0.0,11,11,0,0,11,11,8743,0,0,0,0,0
2020-06-18,US,Missouri,Carter,5,1,0,36.94160441,-90.96051322,29035.0,83.58408559010364,20.0,4,5,1,0,4,5,6054,0,0,0,0,0
2020-06-18,US,Missouri,Cass,110,8,0,38.64789422,-94.353399,29037.0,103.98941198714311,7.272727272727272,102,109,8,0,101,115,104954,1,0,0,1,-6
2020-06-18,US,Missouri,Cedar,9,0,0,37.72391475,-93.85445441,29039.0,62.72214091574325,0.0,9,9,0,0,9,9,14165,0,0,0,0,0
2020-06-18,US,Missouri,Chariton,6,0,0,39.51499357,-92.9629191,29041.0,80.79719903043363,0.0,6,6,0,0,6,6,7451,0,0,0,0,0
2020-06-18,US,Missouri,Christian,31,0,0,36.9711783,-93.18537118,29043.0,34.99068796207461,0.0,31,30,0,0,30,30,86983,1,0,0,1,0
2020-06-18,US,Missouri,Clark,1,0,0,40.41040752,-91.73661677,29045.0,14.712373105781962,0.0,1,1,0,0,1,1,6842,0,0,0,0,0
2020-06-18,US,Missouri,Clay,319,3,0,39.31132056,-94.41850862,29047.0,127.6265463216349,0.9404388714733544,316,301,3,0,298,299,246365,18,0,0,18,2
2020-06-18,US,Missouri,Clinton,23,0,0,39.6013098,-94.40465394,29049.0,112.81699121989504,0.0,23,21,0,0,21,21,20470,2,0,0,2,0
2020-06-18,US,Missouri,Cole,57,1,0,38.50455671,-92.27860244,29051.0,74.27193954003519,1.7543859649122806,56,57,1,0,56,57,76796,0,0,0,0,0
2020-06-18,US,Missouri,Cooper,12,0,0,38.844478,-92.80896081,29053.0,67.7621548365238,0.0,12,11,0,0,11,9,17603,1,0,0,1,2
2020-06-18,US,Missouri,Crawford,10,0,0,37.97663738,-91.30528104,29055.0,41.80602006688964,0.0,10,9,0,0,9,9,23957,1,0,0,1,0
2020-06-18,US,Missouri,Dade,1,0,0,37.431814,-93.8503345,29057.0,13.225763787858751,0.0,1,1,0,0,1,1,7569,0,0,0,0,0
2020-06-18,US,Missouri,Dallas,7,0,0,37.6811355,-93.02127031,29059.0,41.474108306671404,0.0,7,6,0,0,6,6,16762,1,0,0,1,0
2020-06-18,US,Missouri,Daviess,7,0,0,39.96145298,-93.98519678,29061.0,84.56148828219376,0.0,7,7,0,0,7,7,8313,0,0,0,0,0
2020-06-18,US,Missouri,DeKalb,9,0,0,39.89201062,-94.40476508,29063.0,71.7302940942058,0.0,9,9,0,0,9,9,12630,0,0,0,0,0
2020-06-18,US,Missouri,Dent,1,0,0,37.60663134,-91.50790473,29065.0,6.421370320426379,0.0,1,1,0,0,1,1,15441,0,0,0,0,0
2020-06-18,US,Missouri,Douglas,3,0,0,36.9325593,-92.49905109,29067.0,22.75312855517633,0.0,3,3,0,0,3,3,13373,0,0,0,0,0
2020-06-18,US,Missouri,Dunklin,65,3,0,36.27167174,-90.09122243,29069.0,223.12999897016925,4.615384615384615,62,64,3,0,61,64,29423,1,0,0,1,0
2020-06-18,US,Missouri,Franklin,178,18,0,38.41127108,-91.07522826,29071.0,171.20817182375174,10.112359550561797,160,173,18,0,155,172,103670,5,0,0,5,1
2020-06-18,US,Missouri,Gasconade,2,0,0,38.43947277,-91.50847147,29073.0,13.599891200870395,0.0,2,2,0,0,2,2,14705,0,0,0,0,0
2020-06-18,US,Missouri,Gentry,54,9,0,40.21097916,-94.40944419,29075.0,821.7927256125398,16.666666666666668,45,54,8,0,46,54,6628,0,1,0,-1,0
2020-06-18,US,Missouri,Greene,210,8,0,37.2575872,-93.34230916,29077.0,71.65132418471029,3.809523809523809,202,199,9,0,190,197,291923,11,-1,0,12,2
2020-06-18,US,Missouri,Grundy,12,0,0,40.11406587,-93.56509276,29079.0,121.82741116751271,0.0,12,11,0,0,11,11,9914,1,0,0,1,0
2020-06-18,US,Missouri,Harrison,9,0,0,40.35570088,-93.99222144,29081.0,107.75862068965515,0.0,9,9,0,0,9,9,8414,0,0,0,0,0
2020-06-18,US,Missouri,Henry,17,3,0,38.38482826,-93.79293734,29083.0,77.89589442815249,17.647058823529417,14,18,3,0,15,17,21792,-1,0,0,-1,1
2020-06-18,US,Missouri,Holt,1,0,0,40.09799248,-95.2163888,29087.0,22.71178741766977,0.0,1,1,0,0,1,1,4404,0,0,0,0,0
2020-06-18,US,Missouri,Howard,3,0,0,39.1435761,-92.69756691,29089.0,29.99700029997,0.0,3,3,0,0,3,3,10137,0,0,0,0,0
2020-06-18,US,Missouri,Howell,29,0,0,36.77383887,-91.88683935,29091.0,72.28855597377671,0.0,29,28,0,0,28,27,40076,1,0,0,1,1
2020-06-18,US,Missouri,Iron,2,0,0,37.55487945,-90.7735296,29093.0,19.753086419753085,0.0,2,2,0,0,2,2,10177,0,0,0,0,0
2020-06-18,US,Missouri,Jackson,933,22,0,39.01002188,-94.34724536,29095.0,132.71485083448195,2.3579849946409435,911,916,22,0,894,889,700307,17,0,0,17,27
2020-06-18,US,Missouri,Jasper,192,0,0,37.20351921,-94.34050458,29097.0,158.24871422919688,0.0,192,184,0,0,184,178,120636,8,0,0,8,6
2020-06-18,US,Missouri,Jefferson,389,19,0,38.25926778,-90.53870896,29099.0,172.82667128722545,4.884318766066838,370,388,19,0,369,381,224347,1,0,0,1,7
2020-06-18,US,Missouri,Johnson,87,0,0,38.74719601,-93.80691168,29101.0,160.92634382745737,0.0,87,84,0,0,84,81,53652,3,0,0,3,3
2020-06-18,US,Missouri,Kansas City,1831,30,0,39.0997,-94.5786,0.0,374.481279003892,1.6384489350081923,1801,1802,30,0,1772,1762,491918,29,0,0,29,40
2020-06-18,US,Missouri,Knox,2,0,0,40.12699751,-92.14780832,29103.0,50.51780752715332,0.0,2,2,0,0,2,2,3947,0,0,0,0,0
2020-06-18,US,Missouri,Laclede,12,0,0,37.65896829,-92.5888493,29105.0,33.591803599921626,0.0,12,10,0,0,10,9,35713,2,0,0,2,1
2020-06-18,US,Missouri,Lafayette,86,2,0,39.06986886,-93.78076396,29107.0,262.93261587379243,2.3255813953488373,84,86,2,0,84,85,32598,0,0,0,0,1
2020-06-18,US,Missouri,Lawrence,10,0,0,37.10626634,-93.83293097,29109.0,26.07222004953722,0.0,10,8,0,0,8,8,38359,2,0,0,2,0
2020-06-18,US,Missouri,Lewis,7,1,0,40.09673161,-91.72070156,29111.0,71.6039279869067,14.285714285714285,6,7,1,0,6,7,9855,0,0,0,0,0
2020-06-18,US,Missouri,Lincoln,91,1,0,39.05345619,-90.95588181,29113.0,154.20331113483468,1.0989010989010992,90,90,1,0,89,87,57686,1,0,0,1,3
2020-06-18,US,Missouri,Linn,13,1,0,39.87001769,-93.10704106,29115.0,109.06040268456377,7.6923076923076925,12,12,1,0,11,11,12037,1,0,0,1,1
2020-06-18,US,Missouri,Livingston,6,0,0,39.78110272,-93.54645978,29117.0,39.40369081237276,0.0,6,6,0,0,6,6,15146,0,0,0,0,0
2020-06-18,US,Missouri,Macon,7,0,0,39.83049768,-92.56453089,29121.0,46.30548389230668,0.0,7,7,0,0,7,7,15153,0,0,0,0,0
2020-06-18,US,Missouri,Madison,3,0,0,37.47865134,-90.3467143,29123.0,24.81800132362674,0.0,3,3,0,0,3,3,12188,0,0,0,0,0
2020-06-18,US,Missouri,Maries,2,0,0,38.16193985,-91.92249662,29125.0,22.996435552489363,0.0,2,2,0,0,2,2,8769,0,0,0,0,0
2020-06-18,US,Missouri,Marion,9,0,0,39.80601912,-91.62203062,29127.0,31.54574132492113,0.0,9,9,0,0,9,8,28592,0,0,0,0,1
2020-06-18,US,Missouri,McDonald,124,0,0,36.62869595,-94.34867205,29119.0,542.9784998029513,0.0,124,116,0,0,116,98,23078,8,0,0,8,18
2020-06-18,US,Missouri,Mercer,5,0,0,40.42212303,-93.5682959,29129.0,138.23610727121923,0.0,5,5,0,0,5,5,3641,0,0,0,0,0
2020-06-18,US,Missouri,Miller,8,0,0,38.21450288,-92.42610898,29131.0,31.226823841679998,0.0,8,7,0,0,7,7,25336,1,0,0,1,0
2020-06-18,US,Missouri,Mississippi,77,0,0,36.82516239,-89.29505753,29133.0,584.2185128983308,0.0,77,75,0,0,75,75,13336,2,0,0,2,0
2020-06-18,US,Missouri,Moniteau,49,1,0,38.63571781,-92.57976951,29135.0,303.74411108356065,2.0408163265306123,48,49,1,0,48,49,16121,0,0,0,0,0
2020-06-18,US,Missouri,Monroe,3,0,0,39.49593978,-92.00043978,29137.0,34.706154558074964,0.0,3,3,0,0,3,3,8664,0,0,0,0,0
2020-06-18,US,Missouri,Montgomery,12,0,0,38.94022054,-91.47000721,29139.0,103.88710934118258,0.0,12,12,0,0,12,12,11534,0,0,0,0,0
2020-06-18,US,Missouri,Morgan,12,0,0,38.4181765,-92.88791859,29141.0,58.17617685557765,0.0,12,11,0,0,11,9,20358,1,0,0,1,2
2020-06-18,US,Missouri,New Madrid,34,2,0,36.59666326,-89.66070007,29143.0,199.10986179433124,5.882352941176472,32,34,2,0,32,34,17296,0,0,0,0,0
2020-06-18,US,Missouri,Newton,108,2,0,36.90519407,-94.3394104,29145.0,185.45229754790853,1.851851851851852,106,88,2,0,86,84,58266,20,0,0,20,4
2020-06-18,US,Missouri,Nodaway,18,0,0,40.36079813,-94.88133008,29147.0,81.47745790331342,0.0,18,16,0,0,16,15,22304,2,0,0,2,1
2020-06-18,US,Missouri,Oregon,6,0,0,36.68710164,-91.4033755,29149.0,56.9854687054801,0.0,6,6,0,0,6,4,10541,0,0,0,0,2
2020-06-18,US,Missouri,Osage,5,0,0,38.46036182,-91.8613635,29151.0,36.72420124862284,0.0,5,5,0,0,5,5,13714,0,0,0,0,0
2020-06-18,US,Missouri,Pemiscot,105,6,0,36.2130572,-89.78742322,29155.0,664.3467257197091,5.7142857142857135,99,104,6,0,98,104,16272,1,0,0,1,0
2020-06-18,US,Missouri,Perry,87,0,0,37.70660776,-89.82741088,29157.0,454.64046822742483,0.0,87,87,0,0,87,86,19150,0,0,0,0,1
2020-06-18,US,Missouri,Pettis,94,1,0,38.72798918,-93.28471706,29159.0,222.01752521316044,1.0638297872340423,93,89,1,0,88,89,42542,5,0,0,5,0
2020-06-18,US,Missouri,Phelps,7,0,0,37.87736118,-91.79351727,29161.0,15.704574518206089,0.0,7,7,0,0,7,6,44732,0,0,0,0,1
2020-06-18,US,Missouri,Pike,31,1,0,39.34310674,-91.16980779,29163.0,169.38039558518196,3.2258064516129035,30,31,1,0,30,31,18504,0,0,0,0,0
2020-06-18,US,Missouri,Platte,101,4,0,39.38154439,-94.77068479,29165.0,96.72661801605088,3.96039603960396,97,99,3,0,96,99,102985,2,1,0,1,0
2020-06-18,US,Missouri,Polk,11,0,0,37.6162296,-93.39828174,29167.0,34.21568322498367,0.0,11,10,0,0,10,9,32201,1,0,0,1,1
2020-06-18,US,Missouri,Pulaski,106,1,0,37.82462075,-92.20783203,29169.0,201.49409774364628,0.9433962264150944,105,106,1,0,105,106,52014,0,0,0,0,0
2020-06-18,US,Missouri,Putnam,2,0,0,40.47942497,-93.02042674,29171.0,42.58943781942078,0.0,2,2,0,0,2,2,4757,0,0,0,0,0
2020-06-18,US,Missouri,Ralls,5,0,0,39.52817427,-91.51838643,29173.0,48.50130953535746,0.0,5,5,0,0,5,5,10212,0,0,0,0,0
2020-06-18,US,Missouri,Randolph,12,0,0,39.44007257,-92.4971374,29175.0,48.48876676903184,0.0,12,11,0,0,11,11,24763,1,0,0,1,0
2020-06-18,US,Missouri,Ray,25,0,0,39.3537468,-93.98905745,29177.0,108.61065253280043,0.0,25,25,0,0,25,25,22883,0,0,0,0,0
2020-06-18,US,Missouri,Reynolds,3,0,0,37.36085952,-90.97009925,29179.0,47.84688995215311,0.0,3,2,0,0,2,2,6254,1,0,0,1,0
2020-06-18,US,Missouri,Ripley,12,0,0,36.65460667,-90.85990261,29181.0,90.30704394942805,0.0,12,12,0,0,12,11,13401,0,0,0,0,1
2020-06-18,US,Missouri,Saline,277,4,0,39.13734288,-93.20259964,29195.0,1216.9939809322964,1.444043321299639,273,274,4,0,270,272,22895,3,0,0,3,2
2020-06-18,US,Missouri,Schuyler,1,0,0,40.46921489,-92.52311943,29197.0,21.45922746781116,0.0,1,1,0,0,1,1,4599,0,0,0,0,0
2020-06-18,US,Missouri,Scotland,8,1,0,40.45214695,-92.14709064,29199.0,163.19869441044472,12.5,7,8,1,0,7,8,4966,0,0,0,0,0
2020-06-18,US,Missouri,Scott,149,10,0,37.05588075,-89.56474493,29201.0,389.2371995820272,6.711409395973154,139,149,10,0,139,145,38458,0,0,0,0,4
2020-06-18,US,Missouri,Shannon,6,0,0,37.15772072,-91.40190382,29203.0,73.47538574577517,0.0,6,6,0,0,6,6,8189,0,0,0,0,0
2020-06-18,US,Missouri,Shelby,1,0,0,39.79742518,-92.07634971,29205.0,16.863406408094434,0.0,1,1,0,0,1,1,6050,0,0,0,0,0
2020-06-18,US,Missouri,St. Charles,933,68,0,38.77875681,-90.66662425,29183.0,232.0768515155887,7.288317256162915,865,926,64,0,862,922,399182,7,4,0,3,4
2020-06-18,US,Missouri,St. Clair,2,0,0,38.03699437,-93.77631447,29185.0,21.283388315419813,0.0,2,2,0,0,2,2,9395,0,0,0,0,0
2020-06-18,US,Missouri,St. Francois,49,2,0,37.81214171,-90.47598685,29187.0,72.90039425723425,4.081632653061225,47,43,2,0,41,43,66692,6,0,0,6,0
2020-06-18,US,Missouri,St. Louis,5731,544,0,38.63770039999999,-90.4458375,29189.0,576.4404725383597,9.492235212004887,5187,5669,516,0,5153,5653,996945,62,28,0,34,16
2020-06-18,US,Missouri,St. Louis City,2292,144,0,38.63555736,-90.24349225,29510.0,762.5359310124561,6.282722513089006,2148,2254,142,0,2112,2234,302838,38,2,0,36,20
2020-06-18,US,Missouri,Ste. Genevieve,14,1,0,37.89090059,-90.1949941,29186.0,78.2385157035878,7.142857142857142,13,14,1,0,13,14,17888,0,0,0,0,0
2020-06-18,US,Missouri,Stoddard,126,7,0,36.85571651,-89.9444155,29207.0,434.10852713178286,5.5555555555555545,119,124,7,0,117,121,29206,2,0,0,2,3
2020-06-18,US,Missouri,Stone,8,0,0,36.75000327,-93.45256475,29209.0,25.037556334501748,0.0,8,7,0,0,7,7,31749,1,0,0,1,0
2020-06-18,US,Missouri,Sullivan,91,0,0,40.2099105,-93.11150106,29211.0,1494.4982755789126,0.0,91,91,0,0,91,78,6221,0,0,0,0,13
2020-06-18,US,Missouri,Taney,29,2,0,36.65465345,-93.04075153,29213.0,51.85238163352882,6.896551724137932,27,27,2,0,25,26,55852,2,0,0,2,1
2020-06-18,US,Missouri,Texas,1,0,0,37.31728859,-91.96564727,29215.0,3.937317899047169,0.0,1,1,0,0,1,1,25571,0,0,0,0,0
2020-06-18,US,Missouri,Unassigned,0,1,0,0.0,0.0,90029.0,0.0,0.0,-1,,,,,1,,,,,,
2020-06-18,US,Missouri,Vernon,12,0,0,37.8457799,-94.34127305,29217.0,58.357243592860954,0.0,12,12,0,0,12,12,20528,0,0,0,0,0
2020-06-18,US,Missouri,Warren,32,0,0,38.76529479,-91.16124662,29219.0,89.76408875424275,0.0,32,32,0,0,32,32,34711,0,0,0,0,0
2020-06-18,US,Missouri,Washington,14,1,0,37.96130078,-90.87948158,29221.0,56.61140315406389,7.142857142857142,13,13,1,0,12,13,24943,1,0,0,1,0
2020-06-18,US,Missouri,Webster,19,0,0,37.2813734,-92.876329,29225.0,47.989492826833704,0.0,19,19,0,0,19,18,39109,0,0,0,0,1
2020-06-18,US,Missouri,Worth,4,0,0,40.47945588,-94.42328751,29227.0,198.7083954297069,0.0,4,4,0,0,4,4,2040,0,0,0,0,0
2020-06-18,US,Missouri,Wright,14,0,0,37.27029221,-92.46914488,29229.0,76.54874514735633,0.0,14,14,0,0,14,14,18378,0,0,0,0,0
2020-06-18,US,Montana,Beaverhead,1,0,0,45.13434354,-112.89846940000001,30001.0,10.578652279699568,0.0,1,1,0,0,1,1,9404,0,0,0,0,0
2020-06-18,US,Montana,Big Horn,53,3,0,45.42335905,-107.492347,30003.0,397.927772355282,5.660377358490566,50,49,3,0,46,47,13338,4,0,0,4,2
2020-06-18,US,Montana,Broadwater,4,0,0,46.33277565,-111.49558130000001,30007.0,64.1333974667308,0.0,4,4,0,0,4,4,6085,0,0,0,0,0
2020-06-18,US,Montana,Carbon,9,0,0,45.22850116,-109.0274047,30009.0,83.91608391608392,0.0,9,7,0,0,7,6,10714,2,0,0,2,1
2020-06-18,US,Montana,Cascade,20,2,0,47.30797024,-111.3467922,30013.0,24.580291522257447,10.0,18,20,2,0,18,19,81643,0,0,0,0,1
2020-06-18,US,Montana,Custer,19,0,0,46.25319932,-105.57375259999998,30017.0,166.63743202946853,0.0,19,19,0,0,19,13,11586,0,0,0,0,6
2020-06-18,US,Montana,Deer Lodge,3,0,0,46.05953325,-113.073353,30023.0,32.822757111597376,0.0,3,3,0,0,3,3,9131,0,0,0,0,0
2020-06-18,US,Montana,Fergus,2,0,0,47.26331584,-109.2245206,30027.0,18.099547511312217,0.0,2,,,,,,11113,,,,,
2020-06-18,US,Montana,Flathead,45,2,0,48.29575866,-114.05205690000001,30029.0,43.35009537020981,4.4444444444444455,43,41,2,0,39,39,102106,4,0,0,4,2
2020-06-18,US,Montana,Gallatin,195,1,0,45.54486106,-111.1692571,30031.0,170.40390093853225,0.5128205128205128,194,191,1,0,190,188,111876,4,0,0,4,3
2020-06-18,US,Montana,Glacier,6,0,0,48.70513576,-112.9934235,30035.0,43.62684505198866,0.0,6,6,0,0,6,6,13747,0,0,0,0,0
2020-06-18,US,Montana,Golden Valley,3,0,0,46.3816474,-109.17685220000001,30037.0,365.40803897685754,0.0,3,3,0,0,3,3,826,0,0,0,0,0
2020-06-18,US,Montana,Hill,1,0,0,48.62879827,-110.1129252,30041.0,6.066488716330987,0.0,1,1,0,0,1,1,16347,0,0,0,0,0
2020-06-18,US,Montana,Jefferson,3,0,0,46.14907081,-112.094396,30043.0,24.547909336388184,0.0,3,3,0,0,3,3,12097,0,0,0,0,0
2020-06-18,US,Montana,Lake,10,0,0,47.64514965,-114.0898013,30047.0,32.83209665769256,0.0,10,9,0,0,9,9,30250,1,0,0,1,0
2020-06-18,US,Montana,Lewis and Clark,20,0,0,47.12610041,-112.39469799999999,30049.0,28.8051618850098,0.0,20,20,0,0,20,20,68700,0,0,0,0,0
2020-06-18,US,Montana,Liberty,1,0,0,48.56084317,-111.02430700000001,30051.0,42.78990158322636,0.0,1,1,0,0,1,1,2430,0,0,0,0,0
2020-06-18,US,Montana,Lincoln,7,1,0,48.54265777,-115.4046155,30053.0,35.03503503503504,14.285714285714285,6,7,1,0,6,7,19794,0,0,0,0,0
2020-06-18,US,Montana,Madison,8,1,0,45.30080065,-111.9173017,30057.0,93.02325581395347,12.5,7,8,1,0,7,8,8768,0,0,0,0,0
2020-06-18,US,Montana,Meagher,1,0,0,46.59907074,-110.8898557,30059.0,53.705692803437174,0.0,1,1,0,0,1,1,1866,0,0,0,0,0
2020-06-18,US,Montana,Missoula,46,1,0,47.03728583,-113.92135079999998,30063.0,38.46153846153846,2.1739130434782608,45,44,1,0,43,42,118791,2,0,0,2,2
2020-06-18,US,Montana,Musselshell,1,0,0,46.49684637,-108.39498,30065.0,21.58428663932657,0.0,1,1,0,0,1,1,4651,0,0,0,0,0
2020-06-18,US,Montana,Park,8,0,0,45.48965095,-110.52643940000002,30067.0,48.17535830422739,0.0,8,8,0,0,8,8,16736,0,0,0,0,0
2020-06-18,US,Montana,Pondera,2,0,0,48.22773388,-112.22527029999999,30073.0,33.83522246658772,0.0,2,2,0,0,2,2,5972,0,0,0,0,0
2020-06-18,US,Montana,Ravalli,17,0,0,46.08520862,-114.11891640000002,30081.0,38.80746929644341,0.0,17,17,0,0,17,18,43172,0,0,0,0,-1
2020-06-18,US,Montana,Richland,5,0,0,47.78668011,-104.5610786,30083.0,46.283439785244845,0.0,5,3,0,0,3,3,10913,2,0,0,2,0
2020-06-18,US,Montana,Roosevelt,7,0,0,48.29607488,-105.00792679999999,30085.0,63.613231552162844,0.0,7,7,0,0,7,7,11059,0,0,0,0,0
2020-06-18,US,Montana,Rosebud,1,0,0,46.23397237,-106.72928799999998,30087.0,11.189437171310285,0.0,1,1,0,0,1,1,9063,0,0,0,0,0
2020-06-18,US,Montana,Silver Bow,11,0,0,45.90018933,-112.6620092,30093.0,31.505083774881854,0.0,11,11,0,0,11,11,34993,0,0,0,0,0
2020-06-18,US,Montana,Stillwater,3,0,0,45.67071407,-109.3950061,30095.0,31.113876789047914,0.0,3,3,0,0,3,3,9534,0,0,0,0,0
2020-06-18,US,Montana,Toole,29,6,0,48.65577551,-111.69424140000001,30101.0,612.331081081081,20.689655172413797,23,29,6,0,23,29,4853,0,0,0,0,0
2020-06-18,US,Montana,Valley,1,0,0,48.36435097,-106.6669635,30105.0,13.520822065981612,0.0,1,,,,,,7437,,,,,
2020-06-18,US,Montana,Wheatland,1,0,0,46.46652491,-109.84646359999999,30107.0,47.036688617121364,0.0,1,1,0,0,1,1,2236,0,0,0,0,0
2020-06-18,US,Montana,Yellowstone,112,3,0,45.93955949,-108.26914860000001,30111.0,69.435833849969,2.6785714285714284,109,109,3,0,106,109,160137,3,0,0,3,0
2020-06-18,US,Nebraska,Adams,278,11,0,40.52449420000001,-98.50117804,31001.0,886.394796416159,3.956834532374101,267,278,11,0,267,278,31511,0,0,0,0,0
2020-06-18,US,Nebraska,Antelope,8,0,0,42.17695516,-98.06662829999999,31003.0,127.02445220704986,0.0,8,8,0,0,8,8,6336,0,0,0,0,0
2020-06-18,US,Nebraska,Banner,1,0,0,41.54634427,-103.7114332,31007.0,134.2281879194631,0.0,1,1,0,0,1,1,730,0,0,0,0,0
2020-06-18,US,Nebraska,Boone,7,0,0,41.70759415,-98.06737183,31011.0,134.82280431432974,0.0,7,7,0,0,7,7,5239,0,0,0,0,0
2020-06-18,US,Nebraska,Box Butte,3,0,0,42.22079243,-103.08788340000001,31013.0,27.821570991375317,0.0,3,3,0,0,3,3,10772,0,0,0,0,0
2020-06-18,US,Nebraska,Boyd,1,0,0,42.899727399999996,-98.76486568,31015.0,52.11047420531528,0.0,1,1,0,0,1,1,1955,0,0,0,0,0
2020-06-18,US,Nebraska,Buffalo,177,1,0,40.85486962,-99.07500296,31019.0,356.4308584546608,0.5649717514124294,176,176,1,0,175,176,49615,1,0,0,1,0
2020-06-18,US,Nebraska,Burt,11,0,0,41.85056773,-96.32605633,31021.0,170.3050007741136,0.0,11,11,0,0,11,11,6488,0,0,0,0,0
2020-06-18,US,Nebraska,Butler,51,0,0,41.22703692,-97.13106306,31023.0,636.2275449101796,0.0,51,51,0,0,51,51,8058,0,0,0,0,0
2020-06-18,US,Nebraska,Cass,60,0,0,40.90899107,-96.13971217,31025.0,228.5888448643706,0.0,60,60,0,0,60,60,26159,0,0,0,0,0
2020-06-18,US,Nebraska,Cedar,8,0,0,42.598885100000004,-97.25311951,31027.0,95.21542489883362,0.0,8,8,0,0,8,8,8446,0,0,0,0,0
2020-06-18,US,Nebraska,Chase,1,0,0,40.523719799999995,-101.69780259999999,31029.0,25.4841997961264,0.0,1,1,0,0,1,1,3977,0,0,0,0,0
2020-06-18,US,Nebraska,Cherry,1,0,0,42.54502621,-101.1244332,31031.0,17.577781683951486,0.0,1,1,0,0,1,1,5761,0,0,0,0,0
2020-06-18,US,Nebraska,Cheyenne,12,0,0,41.21999357,-102.9941693,31033.0,134.6801346801347,0.0,12,11,0,0,11,11,9310,1,0,0,1,0
2020-06-18,US,Nebraska,Clay,24,0,0,40.52439441,-98.05126296,31035.0,386.90955989037565,0.0,24,24,0,0,24,24,6214,0,0,0,0,0
2020-06-18,US,Nebraska,Colfax,653,4,0,41.57486951,-97.0868542,31037.0,6097.6748529274455,0.6125574272588055,649,653,4,0,649,651,10881,0,0,0,0,2
2020-06-18,US,Nebraska,Cuming,34,0,0,41.91637624,-96.78730772,31039.0,384.35451051322633,0.0,34,34,0,0,34,34,8940,0,0,0,0,0
2020-06-18,US,Nebraska,Custer,34,4,0,41.39374521,-99.72805369,31041.0,315.4866846061056,11.764705882352944,30,34,4,0,30,34,10840,0,0,0,0,0
2020-06-18,US,Nebraska,Dakota,1735,29,0,42.39040144,-96.56656425,31043.0,8663.73714171577,1.6714697406340058,1706,1729,28,0,1701,1725,20083,6,1,0,5,4
2020-06-18,US,Nebraska,Dawes,1,0,0,42.71985036,-103.1313774,31045.0,11.6427989288625,0.0,1,1,0,0,1,1,8716,0,0,0,0,0
2020-06-18,US,Nebraska,Dawson,847,8,0,40.87028216,-99.82014609999999,31047.0,3589.7435897435903,0.9445100354191264,839,847,8,0,839,846,23709,0,0,0,0,1
2020-06-18,US,Nebraska,Dixon,40,1,0,42.49188363,-96.86782408,31051.0,709.7232079488998,2.5,39,40,1,0,39,40,5709,0,0,0,0,0
2020-06-18,US,Nebraska,Dodge,645,6,0,41.58071748,-96.65598179,31053.0,1763.98194995214,0.9302325581395348,639,642,6,0,636,639,36791,3,0,0,3,3
2020-06-18,US,Nebraska,Douglas,6058,72,0,41.29518299,-96.15085305,31055.0,1060.3384751639603,1.188511059755695,5986,5953,69,0,5884,5850,566880,105,3,0,102,103
2020-06-18,US,Nebraska,Fillmore,13,1,0,40.52458567,-97.59646937,31059.0,238.00805565726841,7.6923076923076925,12,13,1,0,12,13,5527,0,0,0,0,0
2020-06-18,US,Nebraska,Franklin,6,0,0,40.17636348,-98.95299073,31061.0,201.40986908358508,0.0,6,6,0,0,6,6,3023,0,0,0,0,0
2020-06-18,US,Nebraska,Frontier,1,0,0,40.52993007,-100.3924658,31063.0,38.06623524933384,0.0,1,1,0,0,1,1,2608,0,0,0,0,0
2020-06-18,US,Nebraska,Furnas,9,1,0,40.17642064,-99.91247454,31065.0,192.4721984602224,11.111111111111109,8,9,1,0,8,9,4715,0,0,0,0,0
2020-06-18,US,Nebraska,Gage,46,4,0,40.26186809,-96.68946704,31067.0,213.8241993213406,8.695652173913043,42,46,4,0,42,45,21493,0,0,0,0,1
2020-06-18,US,Nebraska,Garden,4,0,0,41.61703149,-102.3313973,31069.0,217.74632553075668,0.0,4,4,0,0,4,4,1897,0,0,0,0,0
2020-06-18,US,Nebraska,Garfield,1,0,0,41.91428955,-98.99111827,31071.0,50.787201625190455,0.0,1,1,0,0,1,1,1987,0,0,0,0,0
2020-06-18,US,Nebraska,Gosper,13,0,0,40.51481965,-99.83020279,31073.0,653.2663316582915,0.0,13,13,0,0,13,13,1996,0,0,0,0,0
2020-06-18,US,Nebraska,Greeley,3,0,0,41.56742671,-98.52150266,31077.0,127.33446519524618,0.0,3,3,0,0,3,3,2356,0,0,0,0,0
2020-06-18,US,Nebraska,Hall,1569,45,0,40.87257079,-98.50218293,31079.0,2557.332159796587,2.8680688336520075,1524,1567,45,0,1522,1564,61607,2,0,0,2,3
2020-06-18,US,Nebraska,Hamilton,57,11,0,40.87349452,-98.02099117,31081.0,611.3256113256114,19.29824561403509,46,57,11,0,46,56,9280,0,0,0,0,1
2020-06-18,US,Nebraska,Hitchcock,1,0,0,40.17609175,-101.04164770000001,31087.0,36.205648081100655,0.0,1,1,0,0,1,1,2806,0,0,0,0,0
2020-06-18,US,Nebraska,Holt,1,0,0,42.45522056,-98.78402558,31089.0,9.933445912387008,0.0,1,1,0,0,1,1,10178,0,0,0,0,0
2020-06-18,US,Nebraska,Howard,44,4,0,41.2200529,-98.5166499,31093.0,682.6997672614431,9.090909090909092,40,44,4,0,40,44,6468,0,0,0,0,0
2020-06-18,US,Nebraska,Jefferson,9,0,0,40.17584531,-97.142601,31095.0,127.73204655123476,0.0,9,9,0,0,9,9,7097,0,0,0,0,0
2020-06-18,US,Nebraska,Johnson,6,0,0,40.39257596,-96.26522753,31097.0,118.3198580161704,0.0,6,6,0,0,6,6,5134,0,0,0,0,0
2020-06-18,US,Nebraska,Kearney,12,0,0,40.50663314,-98.94877182,31099.0,184.75750577367202,0.0,12,12,0,0,12,12,6544,0,0,0,0,0
2020-06-18,US,Nebraska,Keith,2,0,0,41.19930341,-101.66201640000001,31101.0,24.894199651481205,0.0,2,2,0,0,2,2,8021,0,0,0,0,0
2020-06-18,US,Nebraska,Kimball,8,0,0,41.19774275,-103.7148131,31105.0,220.26431718061676,0.0,8,8,0,0,8,8,3618,0,0,0,0,0
2020-06-18,US,Nebraska,Knox,16,0,0,42.63758421,-97.89178836,31107.0,192.03072491598653,0.0,16,13,0,0,13,13,8419,3,0,0,3,0
2020-06-18,US,Nebraska,Lancaster,1569,10,0,40.78416049,-96.68777155,31109.0,491.71080259487917,0.6373486297004461,1559,1538,10,0,1528,1516,317272,31,0,0,31,22
2020-06-18,US,Nebraska,Lincoln,54,2,0,41.04658298,-100.74753740000001,31111.0,154.66575012888813,3.703703703703704,52,54,2,0,52,53,35185,0,0,0,0,1
2020-06-18,US,Nebraska,Madison,344,4,0,41.91676024,-97.6005481,31119.0,980.0849027037808,1.162790697674419,340,339,4,0,335,334,35392,5,0,0,5,5
2020-06-18,US,Nebraska,Merrick,37,0,0,41.16624273,-98.0374887,31121.0,477.1115409413282,0.0,37,36,0,0,36,36,7733,1,0,0,1,0
2020-06-18,US,Nebraska,Morrill,14,0,0,41.71711774,-103.0061405,31123.0,301.5941404566997,0.0,14,14,0,0,14,12,4686,0,0,0,0,2
2020-06-18,US,Nebraska,Nance,4,0,0,41.39750195,-97.99327291,31125.0,113.66865586814436,0.0,4,4,0,0,4,4,3532,0,0,0,0,0
2020-06-18,US,Nebraska,Nemaha,4,0,0,40.38514847,-95.85433992,31127.0,57.37234652897303,0.0,4,4,0,0,4,4,6958,0,0,0,0,0
2020-06-18,US,Nebraska,Nuckolls,1,0,0,40.17637905,-98.04743961,31129.0,24.10800385728061,0.0,1,1,0,0,1,1,4195,0,0,0,0,0
2020-06-18,US,Nebraska,Otoe,14,0,0,40.64843556,-96.13374142,31131.0,87.43442418186359,0.0,14,14,0,0,14,13,15985,0,0,0,0,1
2020-06-18,US,Nebraska,Phelps,21,0,0,40.51156033,-99.41461667,31137.0,232.45516936019482,0.0,21,21,0,0,21,20,8996,0,0,0,0,1
2020-06-18,US,Nebraska,Pierce,6,0,0,42.26434853,-97.60122773,31139.0,83.93956351426971,0.0,6,6,0,0,6,6,7142,0,0,0,0,0
2020-06-18,US,Nebraska,Platte,651,2,0,41.57246836,-97.52144359,31141.0,1945.0253958769047,0.30721966205837176,649,650,1,0,649,648,33363,1,1,0,0,2
2020-06-18,US,Nebraska,Polk,12,0,0,41.18813488,-97.56630712,31143.0,230.19374640322275,0.0,12,12,0,0,12,12,5278,0,0,0,0,0
2020-06-18,US,Nebraska,Red Willow,6,0,0,40.17556879999999,-100.476998,31145.0,55.949272659455424,0.0,6,6,0,0,6,6,10726,0,0,0,0,0
2020-06-18,US,Nebraska,Richardson,2,1,0,40.1247415,-95.71755036,31147.0,25.42911633820725,50.0,1,1,1,0,0,1,7937,1,0,0,1,0
2020-06-18,US,Nebraska,Saline,525,2,0,40.52418865,-97.14085859,31151.0,3690.944881889764,0.3809523809523809,523,525,2,0,523,523,14350,0,0,0,0,2
2020-06-18,US,Nebraska,Sarpy,967,8,0,41.11314181,-96.11156432,31153.0,516.5708668988652,0.827300930713547,959,948,8,0,940,920,184459,19,0,0,19,28
2020-06-18,US,Nebraska,Saunders,60,2,0,41.227810299999994,-96.63773905,31155.0,278.0609880433775,3.333333333333333,58,59,2,0,57,57,21303,1,0,0,1,2
2020-06-18,US,Nebraska,Scotts Bluff,187,2,0,41.85070896,-103.70809859999999,31157.0,525.0154416306362,1.0695187165775402,185,184,2,0,182,178,35989,3,0,0,3,6
2020-06-18,US,Nebraska,Seward,32,1,0,40.87241834,-97.139673,31159.0,185.1423281647767,3.125,31,32,1,0,31,32,17318,0,0,0,0,0
2020-06-18,US,Nebraska,Sherman,5,0,0,41.22045983,-98.97588642,31163.0,166.61112962345885,0.0,5,5,0,0,5,5,3038,0,0,0,0,0
2020-06-18,US,Nebraska,Sioux,1,0,0,42.48932059,-103.7576544,31165.0,85.76329331046313,0.0,1,1,0,0,1,1,1187,0,0,0,0,0
2020-06-18,US,Nebraska,Stanton,21,0,0,41.9169835,-97.19394708,31167.0,354.72972972972974,0.0,21,21,0,0,21,21,5970,0,0,0,0,0
2020-06-18,US,Nebraska,Thayer,1,0,0,40.17626377,-97.59504381,31169.0,19.98800719568259,0.0,1,1,0,0,1,1,5039,0,0,0,0,0
2020-06-18,US,Nebraska,Thomas,1,0,0,41.91358968,-100.5556632,31171.0,138.50415512465375,0.0,1,1,0,0,1,1,720,0,0,0,0,0
2020-06-18,US,Nebraska,Thurston,71,1,0,42.15725356,-96.54157099,31173.0,982.8349944629016,1.4084507042253518,70,71,1,0,70,68,7303,0,0,0,0,3
2020-06-18,US,Nebraska,Unassigned,176,1,0,0.0,0.0,90031.0,0.0,0.5681818181818182,175,176,1,0,175,176,,0,0,0,0,0
2020-06-18,US,Nebraska,Valley,7,0,0,41.56730777,-98.98197724,31175.0,168.3501683501684,0.0,7,7,0,0,7,7,4190,0,0,0,0,0
2020-06-18,US,Nebraska,Washington,41,1,0,41.52815707,-96.22019892,31177.0,197.7905349992764,2.4390243902439024,40,41,1,0,40,41,20667,0,0,0,0,0
2020-06-18,US,Nebraska,Wayne,26,0,0,42.20934475,-97.11926964,31179.0,277.0378263185935,0.0,26,26,0,0,26,26,9403,0,0,0,0,0
2020-06-18,US,Nebraska,Webster,6,0,0,40.17642643,-98.50019851,31181.0,172.0676799541153,0.0,6,6,0,0,6,6,3533,0,0,0,0,0
2020-06-18,US,Nebraska,York,37,0,0,40.87272618,-97.59710186,31185.0,270.4876087433292,0.0,37,37,0,0,37,37,13772,0,0,0,0,0
2020-06-18,US,Nevada,Carson City,126,5,0,39.15509045,-119.7480219,32510.0,225.33800701051575,3.968253968253968,121,124,5,0,119,124,55414,2,0,0,2,0
2020-06-18,US,Nevada,Churchill,10,1,0,39.58105744,-118.3394607,32001.0,40.14613192018949,10.0,9,10,1,0,9,10,24440,0,0,0,0,0
2020-06-18,US,Nevada,Clark,9535,387,0,36.21458855,-115.0130241,32003.0,420.65279490363815,4.058730991085475,9148,9318,386,0,8932,9157,2231647,217,1,0,216,161
2020-06-18,US,Nevada,Douglas,48,0,0,38.912862,-119.61713329999999,32005.0,98.14947346897046,0.0,48,47,0,0,47,47,48467,1,0,0,1,0
2020-06-18,US,Nevada,Elko,56,1,0,41.14531606,-115.3577619,32007.0,106.10481640077305,1.7857142857142858,55,47,1,0,46,47,52460,9,0,0,9,0
2020-06-18,US,Nevada,Humboldt,79,4,0,41.40692186,-118.11094270000001,32013.0,469.3719921573288,5.063291139240507,75,78,4,0,74,78,16786,1,0,0,1,0
2020-06-18,US,Nevada,Lander,23,0,0,39.933223299999995,-117.03970749999999,32015.0,415.76283441793197,0.0,23,23,0,0,23,23,5575,0,0,0,0,0
2020-06-18,US,Nevada,Lincoln,2,0,0,37.64268459,-114.8790388,32017.0,38.58769052672198,0.0,2,2,0,0,2,2,5201,0,0,0,0,0
2020-06-18,US,Nevada,Lyon,96,2,0,39.01777974,-119.18704790000001,32019.0,166.92749087115288,2.083333333333333,94,94,2,0,92,92,55808,2,0,0,2,2
2020-06-18,US,Nevada,Mineral,4,0,0,38.53841696,-118.4344506,32021.0,88.79023307436182,0.0,4,4,0,0,4,4,4514,0,0,0,0,0
2020-06-18,US,Nevada,Nye,75,3,0,38.04264256,-116.47227020000001,32023.0,161.21058401220898,4.0,72,75,3,0,72,74,45346,0,0,0,0,1
2020-06-18,US,Nevada,Pershing,5,0,0,40.44003782,-118.40056409999998,32027.0,74.34944237918216,0.0,5,5,0,0,5,5,6666,0,0,0,0,0
2020-06-18,US,Nevada,Storey,1,0,0,39.44875482,-119.5250207,32029.0,24.254183846713556,0.0,1,1,0,0,1,1,4029,0,0,0,0,0
2020-06-18,US,Nevada,Washoe,2106,72,0,40.66562265,-119.6631594,32031.0,446.64159874787657,3.418803418803418,2034,2023,71,0,1952,2016,465735,83,1,0,82,7
2020-06-18,US,Nevada,White Pine,3,0,0,39.44157041,-114.89996599999999,32033.0,31.315240083507305,0.0,3,3,0,0,3,3,9475,0,0,0,0,0
2020-06-18,US,New Hampshire,Belknap,76,1,0,43.51637314,-71.41684235,33001.0,123.97435688302369,1.3157894736842106,75,74,1,0,73,74,61022,2,0,0,2,0
2020-06-18,US,New Hampshire,Carroll,49,0,0,43.87498583,-71.20430216,33003.0,100.1840114496013,0.0,49,49,0,0,49,49,48779,0,0,0,0,0
2020-06-18,US,New Hampshire,Cheshire,62,2,0,42.92015988,-72.25311043,33005.0,81.4878096865348,3.2258064516129035,60,63,2,0,61,62,76493,-1,0,0,-1,1
2020-06-18,US,New Hampshire,Coos,6,0,0,44.69063265,-71.30633239,33007.0,19.0095998479232,0.0,6,6,0,0,6,6,31589,0,0,0,0,0
2020-06-18,US,New Hampshire,Grafton,76,1,0,43.93779815,-71.82057197,33009.0,84.55154306566095,1.3157894736842106,75,75,1,0,74,75,89786,1,0,0,1,0
2020-06-18,US,New Hampshire,Hillsborough,3060,214,0,42.91537785,-71.7200253,33011.0,733.7689586955219,6.993464052287582,2846,3048,213,0,2835,2981,415247,12,1,0,11,67
2020-06-18,US,New Hampshire,Merrimack,392,18,0,43.29662971,-71.6811573,33013.0,258.9321690192944,4.591836734693878,374,392,18,0,374,392,151132,0,0,0,0,0
2020-06-18,US,New Hampshire,Rockingham,1424,81,0,42.98499744,-71.12883377,33015.0,459.6973874080363,5.688202247191012,1343,1422,81,0,1341,1418,309176,2,0,0,2,4
2020-06-18,US,New Hampshire,Strafford,280,13,0,43.291833000000004,-71.02336013,33017.0,214.34093988502136,4.642857142857143,267,280,13,0,267,279,130090,0,0,0,0,1
2020-06-18,US,New Hampshire,Sullivan,24,1,0,43.36094111,-72.22203125,33019.0,55.62508691419831,4.166666666666667,23,24,1,0,23,24,43144,0,0,0,0,0
2020-06-18,US,New Hampshire,Unassigned,1,0,0,0.0,0.0,90033.0,0.0,0.0,1,3,0,0,3,4,,-2,0,0,-2,-1
2020-06-18,US,New Jersey,Atlantic,2583,187,0,39.47538693,-74.65848483,34001.0,979.6336329502788,7.2396438250096775,2396,2553,184,0,2369,2539,265429,30,3,0,27,14
2020-06-18,US,New Jersey,Bergen,18949,1684,0,40.96010917,-74.07164325,34003.0,2032.713939682601,8.887012507256319,17265,18928,1681,0,17247,18901,936692,21,3,0,18,27
2020-06-18,US,New Jersey,Burlington,4954,367,0,39.87681124,-74.66927768,34005.0,1112.3860163602028,7.40815502624142,4587,4935,364,0,4571,4929,445384,19,3,0,16,6
2020-06-18,US,New Jersey,Camden,7061,417,0,39.80343818,-74.96388753,34007.0,1394.1568224044418,5.905679082282963,6644,7047,417,0,6630,7040,507078,14,0,0,14,7
2020-06-18,US,New Jersey,Cape May,680,62,0,39.15008829,-74.80170244,34009.0,738.8172405176068,9.117647058823527,618,682,61,0,621,681,92560,-2,1,0,-3,1
2020-06-18,US,New Jersey,Cumberland,2755,118,0,39.37199394,-75.10712559,34011.0,1842.4766095755278,4.283121597096189,2637,2745,118,0,2627,2728,150972,10,0,0,10,17
2020-06-18,US,New Jersey,Essex,18499,1758,0,40.78681335,-74.24657979,34013.0,2315.3415313370256,9.503216390075142,16741,18421,1755,0,16666,18388,799767,78,3,0,75,33
2020-06-18,US,New Jersey,Gloucester,2438,167,0,39.71581067,-75.13995546,34015.0,835.9736109396645,6.849876948318293,2271,2428,166,0,2262,2423,291408,10,1,0,9,5
2020-06-18,US,New Jersey,Hudson,19249,1293,0,40.73766234,-74.07515667,34017.0,2862.768835394882,6.7172320640033245,17956,19238,1290,0,17948,19238,676061,11,3,0,8,0
2020-06-18,US,New Jersey,Hunterdon,1049,67,0,40.56335249,-74.91284156,34019.0,843.4442112711162,6.3870352716873215,982,1049,67,0,982,1042,124714,0,0,0,0,7
2020-06-18,US,New Jersey,Mercer,7416,524,0,40.28047017,-74.70479631,34021.0,2018.3436300791986,7.065803667745415,6892,7393,523,0,6870,7381,369811,23,1,0,22,12
2020-06-18,US,New Jersey,Middlesex,16547,1094,0,40.43629879,-74.41426991,34023.0,2005.5462498575864,6.611470357164442,15453,16513,1094,0,15419,16474,829685,34,0,0,34,39
2020-06-18,US,New Jersey,Monmouth,8830,692,0,40.26549699,-74.22240686,34025.0,1426.9669276577865,7.83691959229898,8138,8804,688,0,8116,8786,621354,26,4,0,22,18
2020-06-18,US,New Jersey,Morris,6652,638,0,40.86095313,-74.54553709999998,34027.0,1352.4585997621202,9.591100420926036,6014,6627,640,0,5987,6599,494228,25,-2,0,27,28
2020-06-18,US,New Jersey,Ocean,9351,835,0,39.8895449,-74.28089251,34029.0,1540.055271366599,8.92952625387659,8516,9306,828,0,8478,9279,601651,45,7,0,38,27
2020-06-18,US,New Jersey,Passaic,16706,1009,0,41.03238628,-74.29954144,34031.0,3329.042337383874,6.0397461989704295,15697,16683,1007,0,15676,16664,503310,23,2,0,21,19
2020-06-18,US,New Jersey,Salem,736,64,0,39.58719656,-75.34696629999998,34033.0,1179.7707782319467,8.695652173913043,672,723,60,0,663,711,62607,13,4,0,9,12
2020-06-18,US,New Jersey,Somerset,4786,439,0,40.56465737,-74.61683016,34035.0,1455.003131327257,9.172586711241118,4347,4780,438,0,4342,4767,331164,6,1,0,5,13
2020-06-18,US,New Jersey,Sussex,1208,183,0,41.13891592,-74.69118243,34037.0,859.8599168612267,15.149006622516556,1025,1203,183,0,1020,1190,140799,5,0,0,5,13
2020-06-18,US,New Jersey,Unassigned,149,0,0,0.0,0.0,90034.0,0.0,0.0,149,124,0,0,124,141,,25,0,0,25,-17
2020-06-18,US,New Jersey,Union,16304,1132,0,40.65835409,-74.30680092,34039.0,2930.5767505900158,6.943081452404318,15172,16315,1131,0,15184,16320,558067,-11,1,0,-12,-5
2020-06-18,US,New Jersey,Warren,1205,139,0,40.85951833,-74.99556527,34041.0,1144.7082181500375,11.535269709543568,1066,1206,140,0,1066,1205,105779,-1,-1,0,0,1
2020-06-18,US,New Mexico,Bernalillo,1740,81,0,35.05163625,-106.6703554,35001.0,256.2135466286568,4.655172413793104,1659,1752,81,0,1671,1733,678701,-12,0,0,-12,19
2020-06-18,US,New Mexico,Catron,2,1,0,33.91514144,-108.4046587,35003.0,56.70541536716757,50.0,1,2,1,0,1,2,3578,0,0,0,0,0
2020-06-18,US,New Mexico,Chaves,61,2,0,33.36406072,-104.4665365,35005.0,94.40532384121336,3.278688524590164,59,61,2,0,59,59,64689,0,0,0,0,2
2020-06-18,US,New Mexico,Cibola,188,10,0,34.91131525,-107.998876,35006.0,704.7797563261481,5.319148936170213,178,186,10,0,176,186,26746,2,0,0,2,0
2020-06-18,US,New Mexico,Colfax,8,0,0,36.60569702,-104.64726740000002,35007.0,66.99606398124111,0.0,8,8,0,0,8,8,12110,0,0,0,0,0
2020-06-18,US,New Mexico,Curry,97,0,0,34.57421077,-103.34688759999999,35009.0,198.14519753237727,0.0,97,92,0,0,92,89,49437,5,0,0,5,3
2020-06-18,US,New Mexico,Dona Ana,685,6,0,32.35275771,-106.83293870000001,35013.0,313.9393661632943,0.8759124087591241,679,676,6,0,670,659,217522,9,0,0,9,17
2020-06-18,US,New Mexico,Eddy,49,1,0,32.47167456,-104.3053527,35015.0,83.81799521040027,2.0408163265306123,48,48,1,0,47,48,57900,1,0,0,1,0
2020-06-18,US,New Mexico,Grant,16,0,0,32.73911281,-108.3827845,35017.0,59.26364915919698,0.0,16,16,0,0,16,16,27346,0,0,0,0,0
2020-06-18,US,New Mexico,Guadalupe,20,0,0,34.86319296,-104.790669,35019.0,465.11627906976736,0.0,20,20,0,0,20,20,4341,0,0,0,0,0
2020-06-18,US,New Mexico,Harding,1,0,0,35.85751555,-103.82209379999999,35021.0,160.0,0.0,1,1,0,0,1,1,655,0,0,0,0,0
2020-06-18,US,New Mexico,Hidalgo,23,0,0,31.91383467,-108.7151824,35023.0,547.8799428299192,0.0,23,23,0,0,23,23,4240,0,0,0,0,0
2020-06-18,US,New Mexico,Lea,54,0,0,32.79215361,-103.4123733,35025.0,75.98142676234698,0.0,54,55,0,0,55,49,69611,-1,0,0,-1,6
2020-06-18,US,New Mexico,Lincoln,7,0,0,33.74526079,-105.4586166,35027.0,35.765379113018604,0.0,7,6,0,0,6,6,19556,1,0,0,1,0
2020-06-18,US,New Mexico,Los Alamos,7,0,0,35.86631386,-106.31349850000001,35028.0,36.14022406938923,0.0,7,7,0,0,7,7,19101,0,0,0,0,0
2020-06-18,US,New Mexico,Luna,44,1,0,32.18179341,-107.75088259999998,35029.0,185.58353367919358,2.272727272727273,43,32,1,0,31,32,23963,12,0,0,12,0
2020-06-18,US,New Mexico,McKinley,2987,152,0,35.58007720000001,-108.262245,35031.0,4185.4078215421705,5.088717777033813,2835,2968,152,0,2816,2949,72290,19,0,0,19,19
2020-06-18,US,New Mexico,Otero,30,5,0,32.61348406,-105.7417604,35035.0,44.45102978218996,16.666666666666668,25,31,5,0,26,30,66781,-1,0,0,-1,1
2020-06-18,US,New Mexico,Quay,5,1,0,35.10403332,-103.54817270000001,35037.0,60.5840300496789,20.0,4,4,1,0,3,4,8253,1,0,0,1,0
2020-06-18,US,New Mexico,Rio Arriba,66,1,0,36.51072137,-106.69316740000001,35039.0,169.5742658205082,1.5151515151515151,65,61,1,0,60,59,39006,5,0,0,5,2
2020-06-18,US,New Mexico,Roosevelt,54,1,0,34.02097406,-103.4799493,35041.0,291.8918918918919,1.851851851851852,53,53,1,0,52,53,18743,1,0,0,1,0
2020-06-18,US,New Mexico,San Juan,2148,152,0,36.50838318,-108.32043700000001,35045.0,1732.8449958857032,7.07635009310987,1996,2140,152,0,1988,2129,125043,8,0,0,8,11
2020-06-18,US,New Mexico,San Miguel,18,0,0,35.48014807,-104.8163562,35047.0,65.98966161967958,0.0,18,16,0,0,16,16,27591,2,0,0,2,0
2020-06-18,US,New Mexico,Sandoval,656,27,0,35.68862401,-106.86878030000001,35043.0,447.02483168424783,4.115853658536587,629,651,27,0,624,642,145179,5,0,0,5,9
2020-06-18,US,New Mexico,Santa Fe,184,3,0,35.50708973,-105.9774716,35049.0,122.37459928969524,1.6304347826086956,181,182,3,0,179,178,150056,2,0,0,2,4
2020-06-18,US,New Mexico,Sierra,5,0,0,33.13028233,-107.1925893,35051.0,46.33490872022982,0.0,5,4,0,0,4,4,10968,1,0,0,1,0
2020-06-18,US,New Mexico,Socorro,55,5,0,34.00715494,-106.9298354,35053.0,330.58844743643687,9.090909090909092,50,55,5,0,50,55,16735,0,0,0,0,0
2020-06-18,US,New Mexico,Taos,33,0,0,36.58006022,-105.63101979999999,35055.0,100.84649940408887,0.0,33,33,0,0,33,33,32835,0,0,0,0,0
2020-06-18,US,New Mexico,Torrance,34,1,0,34.64048375,-105.8508949,35057.0,219.90815600543306,2.9411764705882355,33,34,1,0,33,34,15591,0,0,0,0,0
2020-06-18,US,New Mexico,Unassigned,781,4,0,0.0,0.0,90035.0,0.0,0.5121638924455826,777,749,0,0,749,711,,32,4,0,28,38
2020-06-18,US,New Mexico,Union,5,0,0,36.48126404,-103.4709624,35059.0,123.1830500123183,0.0,5,5,0,0,5,5,4118,0,0,0,0,0
2020-06-18,US,New Mexico,Valencia,90,2,0,34.71669834,-106.8103733,35061.0,117.35864802837472,2.2222222222222223,88,94,2,0,92,93,76456,-4,0,0,-4,1
2020-06-18,US,New York,Albany,2034,118,0,42.60060306,-73.97723916,36001.0,665.7807047979418,5.801376597836776,1916,2029,118,0,1911,2026,307117,5,0,0,5,3
2020-06-18,US,New York,Allegany,57,0,0,42.25748406,-78.02750466,36003.0,123.66839513137054,0.0,57,55,0,0,55,55,46430,2,0,0,2,0
2020-06-18,US,New York,Broome,657,52,0,42.15903158,-75.81326086,36007.0,344.9036159758095,7.9147640791476395,605,657,52,0,605,656,191659,0,0,0,0,1
2020-06-18,US,New York,Cattaraugus,109,5,0,42.24778241,-78.67923096,36009.0,143.2005990777356,4.587155963302751,104,109,5,0,104,107,76840,0,0,0,0,2
2020-06-18,US,New York,Cayuga,106,2,0,42.91261714,-76.55731592,36011.0,138.42457166736315,1.8867924528301887,104,106,2,0,104,106,77145,0,0,0,0,0
2020-06-18,US,New York,Chautauqua,110,4,0,42.22769210000001,-79.36691763,36013.0,86.68037792644778,3.636363636363636,106,108,4,0,104,108,127939,2,0,0,2,0
2020-06-18,US,New York,Chemung,138,2,0,42.13891056,-76.7638805,36015.0,165.35659509202455,1.4492753623188406,136,138,2,0,136,138,84254,0,0,0,0,0
2020-06-18,US,New York,Chenango,139,5,0,42.49430041,-75.60887553,36017.0,294.4478573092974,3.5971223021582728,134,139,5,0,134,139,47536,0,0,0,0,0
2020-06-18,US,New York,Clinton,99,4,0,44.74530905,-73.67875352,36019.0,123.00428651301485,4.040404040404041,95,99,4,0,95,99,80695,0,0,0,0,0
2020-06-18,US,New York,Columbia,443,37,0,42.24819348,-73.63089095,36021.0,745.0261515951632,8.35214446952596,406,442,37,0,405,442,59916,1,0,0,1,0
2020-06-18,US,New York,Cortland,44,0,0,42.59509207,-76.07048931,36023.0,92.47388663542169,0.0,44,42,0,0,42,42,47823,2,0,0,2,0
2020-06-18,US,New York,Delaware,89,4,0,42.19837623,-74.96709306,36025.0,201.65401608700577,4.49438202247191,85,89,4,0,85,88,44527,0,0,0,0,1
2020-06-18,US,New York,Dutchess,4088,145,0,41.76486060000001,-73.74356679,36027.0,1389.445921051737,3.5469667318982387,3943,4077,145,0,3932,4075,293718,11,0,0,11,2
2020-06-18,US,New York,Erie,6920,602,0,42.76249024,-78.73063652,36029.0,753.236631682526,8.699421965317919,6318,6882,602,0,6280,6852,919719,38,0,0,38,30
2020-06-18,US,New York,Essex,40,0,0,44.11630765,-73.77297842,36031.0,108.4451674122272,0.0,40,40,0,0,40,40,37300,0,0,0,0,0
2020-06-18,US,New York,Franklin,26,0,0,44.59040891,-74.29926032,36033.0,51.97713006277238,0.0,26,25,0,0,25,25,50293,1,0,0,1,0
2020-06-18,US,New York,Fulton,236,24,0,43.11363907,-74.41798804,36035.0,442.08830526572126,10.169491525423727,212,236,24,0,212,236,53591,0,0,0,0,0
2020-06-18,US,New York,Genesee,217,5,0,43.0022601,-78.19135193,36037.0,378.84078212290495,2.3041474654377883,212,216,5,0,211,213,57511,1,0,0,1,3
2020-06-18,US,New York,Greene,252,18,0,42.275797,-74.12384884,36039.0,534.034076460117,7.142857142857142,234,252,18,0,234,252,47491,0,0,0,0,0
2020-06-18,US,New York,Hamilton,6,0,0,43.66146647,-74.49721957,36041.0,135.8695652173913,0.0,6,6,0,0,6,6,4434,0,0,0,0,0
2020-06-18,US,New York,Herkimer,128,3,0,43.42034246,-74.96145307,36043.0,208.74443484075084,2.34375,125,128,3,0,125,128,61833,0,0,0,0,0
2020-06-18,US,New York,Jefferson,82,0,0,44.04200959,-75.94653457,36045.0,74.65812043629477,0.0,82,82,0,0,82,81,111755,0,0,0,0,1
2020-06-18,US,New York,Lewis,21,0,0,43.784415700000004,-75.44903992,36049.0,79.86005476118041,0.0,21,21,0,0,21,20,26447,0,0,0,0,1
2020-06-18,US,New York,Livingston,123,8,0,42.72596275,-77.77966158,36051.0,195.5049750453,6.5040650406504055,115,123,8,0,115,123,63227,0,0,0,0,0
2020-06-18,US,New York,Madison,341,17,0,42.91653905,-75.67266639,36053.0,480.6811293892108,4.98533724340176,324,338,17,0,321,336,70795,3,0,0,3,2
2020-06-18,US,New York,Monroe,3439,247,0,43.14638895,-77.69322942,36055.0,463.6207988999286,7.18232044198895,3192,3418,247,0,3171,3402,742474,21,0,0,21,16
2020-06-18,US,New York,Montgomery,105,4,0,42.90123494,-74.44011632,36057.0,213.32358139818368,3.809523809523809,101,104,4,0,100,104,49455,1,0,0,1,0
2020-06-18,US,New York,Nassau,41349,2172,0,40.74066522,-73.58941873,36059.0,3047.259831796033,5.252847710948269,39177,41320,2171,0,39149,41290,1358343,29,1,0,28,30
2020-06-18,US,New York,New York City,211260,22199,0,40.76727260000001,-73.97152637,36061.0,2534.060661281158,10.507904951244912,189061,210941,22171,0,188770,210591,1628701,319,28,0,291,350
2020-06-18,US,New York,Niagara,1183,78,0,43.19898042,-78.74777412,36063.0,565.2687057114597,6.593406593406592,1105,1177,78,0,1099,1171,210433,6,0,0,6,6
2020-06-18,US,New York,Oneida,1332,77,0,43.24375382,-75.43710392,36065.0,582.4962500710627,5.7807807807807805,1255,1307,77,0,1230,1301,229577,25,0,0,25,6
2020-06-18,US,New York,Onondaga,2615,174,0,43.00491923,-76.19971155,36067.0,567.8264948059617,6.653919694072656,2441,2558,174,0,2384,2545,461809,57,0,0,57,13
2020-06-18,US,New York,Ontario,235,9,0,42.85145728,-77.30874425,36069.0,214.07034260364196,3.8297872340425534,226,234,9,0,225,234,109864,1,0,0,1,0
2020-06-18,US,New York,Orange,10604,473,0,41.40337468,-74.30240757,36071.0,2754.715020522679,4.460580912863072,10131,10599,473,0,10126,10580,381951,5,0,0,5,19
2020-06-18,US,New York,Orleans,271,49,0,43.2516977,-78.2320066,36073.0,671.5900079302141,18.08118081180812,222,270,49,0,221,268,40612,1,0,0,1,2
2020-06-18,US,New York,Oswego,144,3,0,43.42778894,-76.14635194,36075.0,122.94662067552338,2.083333333333333,141,139,3,0,136,139,117898,5,0,0,5,0
2020-06-18,US,New York,Otsego,82,5,0,42.63492579,-75.03151402,36077.0,137.83134150236162,6.097560975609755,77,82,5,0,77,81,59749,0,0,0,0,1
2020-06-18,US,New York,Putnam,1295,62,0,41.42630093,-73.74965532,36079.0,1317.1277461350692,4.787644787644788,1233,1294,62,0,1232,1292,98892,1,0,0,1,2
2020-06-18,US,New York,Rensselaer,515,28,0,42.71348136,-73.51089874,36083.0,324.4830323726956,5.436893203883495,487,515,28,0,487,514,159442,0,0,0,0,1
2020-06-18,US,New York,Rockland,13474,665,0,41.15027894,-74.02560498,36087.0,4135.805690185979,4.93543120083123,12809,13467,665,0,12802,13460,325695,7,0,0,7,7
2020-06-18,US,New York,Saratoga,526,14,0,43.10904162,-73.86653895,36091.0,228.8319564262191,2.661596958174905,512,523,14,0,509,522,230163,3,0,0,3,1
2020-06-18,US,New York,Schenectady,738,36,0,42.81668777,-74.05278291,36093.0,475.2123323395514,4.878048780487805,702,737,36,0,701,735,155350,1,0,0,1,2
2020-06-18,US,New York,Schoharie,55,0,0,42.58831742,-74.44339029999998,36095.0,177.42507822832994,0.0,55,55,0,0,55,54,31097,0,0,0,0,1
2020-06-18,US,New York,Schuyler,12,0,0,42.39184015,-76.8773299,36097.0,67.38922895490539,0.0,12,12,0,0,12,12,17912,0,0,0,0,0
2020-06-18,US,New York,Seneca,64,0,0,42.78081007,-76.82497064,36099.0,188.14675446848545,0.0,64,64,0,0,64,64,34300,0,0,0,0,0
2020-06-18,US,New York,St. Lawrence,215,2,0,44.4976179,-75.06550039,36089.0,199.55448301466487,0.9302325581395348,213,215,2,0,213,215,108047,0,0,0,0,0
2020-06-18,US,New York,Steuben,257,41,0,42.2689144,-77.3829924,36101.0,269.45134673250925,15.95330739299611,216,257,41,0,216,257,95796,0,0,0,0,0
2020-06-18,US,New York,Suffolk,40810,1961,0,40.88320119,-72.8012172,36103.0,2763.779788852913,4.805194805194804,38849,40770,1958,0,38812,40738,1481093,40,3,0,37,32
2020-06-18,US,New York,Sullivan,1434,45,0,41.71579493,-74.76394559,36105.0,1901.049952274897,3.1380753138075312,1389,1433,45,0,1388,1433,75498,1,0,0,1,0
2020-06-18,US,New York,Tioga,140,24,0,42.16852837,-76.30835812,36107.0,290.438354459266,17.142857142857142,116,140,24,0,116,140,48560,0,0,0,0,0
2020-06-18,US,New York,Tompkins,173,0,0,42.44945765,-76.47229843,36109.0,169.30906243883342,0.0,173,173,0,0,173,173,102793,0,0,0,0,0
2020-06-18,US,New York,Ulster,1746,83,0,41.89027881,-74.26252104,36111.0,983.2575898362927,4.753722794959908,1663,1744,83,0,1661,1742,178599,2,0,0,2,2
2020-06-18,US,New York,Warren,258,30,0,43.56173026,-73.8433699,36113.0,403.4780432878769,11.627906976744184,228,257,30,0,227,257,64265,1,0,0,1,0
2020-06-18,US,New York,Washington,243,14,0,43.31153794,-73.43043448,36115.0,397.0328736683877,5.761316872427983,229,243,14,0,229,243,61197,0,0,0,0,0
2020-06-18,US,New York,Wayne,139,3,0,43.15494365,-77.02976528,36117.0,154.58528881870149,2.1582733812949644,136,137,3,0,134,134,90064,2,0,0,2,3
2020-06-18,US,New York,Westchester,34409,1410,0,41.16278376,-73.75741653,36119.0,3556.4637325246563,4.097765119590806,32999,34385,1407,0,32978,34358,967612,24,3,0,21,27
2020-06-18,US,New York,Wyoming,93,5,0,42.70145109,-78.22199579,36121.0,233.32246167741292,5.376344086021504,88,93,5,0,88,93,40085,0,0,0,0,0
2020-06-18,US,New York,Yates,40,6,0,42.63505484,-77.10369919,36123.0,160.55874443061856,15.0,34,40,6,0,34,40,24841,0,0,0,0,0
2020-06-18,US,North Carolina,Alamance,838,35,0,36.0434701,-79.39976137,37001.0,494.36903055295,4.176610978520286,803,827,35,0,792,796,166436,11,0,0,11,31
2020-06-18,US,North Carolina,Alexander,56,0,0,35.922379600000006,-81.17751948,37003.0,149.34528095580978,0.0,56,51,0,0,51,50,37353,5,0,0,5,1
2020-06-18,US,North Carolina,Alleghany,30,0,0,36.49360862,-81.12857041,37005.0,269.37236239561815,0.0,30,30,0,0,30,30,11161,0,0,0,0,0
2020-06-18,US,North Carolina,Anson,91,1,0,34.97403241,-80.09953279,37007.0,372.2490386975375,1.0989010989010992,90,91,1,0,90,89,24877,0,0,0,0,2
2020-06-18,US,North Carolina,Ashe,44,1,0,36.43296207,-81.49862729,37009.0,161.74686615446825,2.272727272727273,43,43,1,0,42,43,27109,1,0,0,1,0
2020-06-18,US,North Carolina,Avery,6,0,0,36.07569796,-81.92308483,37011.0,34.17440337187447,0.0,6,6,0,0,6,6,17505,0,0,0,0,0
2020-06-18,US,North Carolina,Beaufort,55,0,0,35.48531943,-76.84325809,37013.0,117.03621738945394,0.0,55,53,0,0,53,52,47079,2,0,0,2,1
2020-06-18,US,North Carolina,Bertie,135,4,0,36.0688473,-76.96545943,37015.0,712.5138544360585,2.962962962962963,131,135,4,0,131,135,19026,0,0,0,0,0
2020-06-18,US,North Carolina,Bladen,220,2,0,34.61296243,-78.56180059,37017.0,672.3305421429008,0.9090909090909092,218,214,2,0,212,199,33190,6,0,0,6,15
2020-06-18,US,North Carolina,Brunswick,293,3,0,34.070565,-78.22814204,37019.0,205.15333986836575,1.023890784982935,290,268,3,0,265,263,136744,25,0,0,25,5
2020-06-18,US,North Carolina,Buncombe,478,35,0,35.61113393,-82.53305,37021.0,183.00783717662554,7.322175732217572,443,464,35,0,429,461,259103,14,0,0,14,3
2020-06-18,US,North Carolina,Burke,872,18,0,35.74989637,-81.70755735,37023.0,963.6956401613527,2.0642201834862384,854,838,18,0,820,775,90382,34,0,0,34,63
2020-06-18,US,North Carolina,Cabarrus,773,25,0,35.3877799,-80.55267168,37025.0,357.12140741870064,3.2341526520051747,748,769,25,0,744,729,211342,4,0,0,4,40
2020-06-18,US,North Carolina,Caldwell,273,4,0,35.95204977,-81.54799522,37027.0,332.2056998223369,1.465201465201465,269,258,4,0,254,252,82029,15,0,0,15,6
2020-06-18,US,North Carolina,Camden,9,0,0,36.33804939,-76.15568396,37029.0,82.8195454127174,0.0,9,7,0,0,7,7,10710,2,0,0,2,0
2020-06-18,US,North Carolina,Carteret,49,9,0,34.8932941,-76.54120135,37031.0,70.53099765376476,18.367346938775512,40,48,3,0,45,48,69524,1,6,0,-5,0
2020-06-18,US,North Carolina,Caswell,110,1,0,36.39312665,-79.33353281,37033.0,486.6395328260485,0.9090909090909092,109,106,1,0,105,104,22698,4,0,0,4,2
2020-06-18,US,North Carolina,Catawba,485,11,0,35.66211129,-81.2132617,37035.0,303.9780383701763,2.268041237113402,474,465,11,0,454,452,158652,20,0,0,20,13
2020-06-18,US,North Carolina,Chatham,841,39,0,35.70394416,-79.25541492,37037.0,1129.3138176446892,4.637336504161712,802,821,39,0,782,813,73139,20,0,0,20,8
2020-06-18,US,North Carolina,Cherokee,31,1,0,35.1349263,-84.05970864,37039.0,108.34614846917377,3.2258064516129035,30,30,1,0,29,30,28383,1,0,0,1,0
2020-06-18,US,North Carolina,Chowan,19,0,0,36.12908077,-76.60118385,37041.0,136.26909560352863,0.0,19,19,0,0,19,19,14029,0,0,0,0,0
2020-06-18,US,North Carolina,Clay,9,0,0,35.05704275,-83.74353633,37043.0,80.135339684801,0.0,9,9,0,0,9,9,11139,0,0,0,0,0
2020-06-18,US,North Carolina,Cleveland,189,2,0,35.33553364,-81.55204486,37045.0,192.96149958651108,1.058201058201058,187,180,2,0,178,164,97645,9,0,0,9,16
2020-06-18,US,North Carolina,Columbus,446,33,0,34.26744084,-78.65801424,37047.0,803.4877855444261,7.3991031390134525,413,432,33,0,399,429,55655,14,0,0,14,3
2020-06-18,US,North Carolina,Craven,283,5,0,35.11833364,-77.08398081,37049.0,277.0733999745445,1.7667844522968197,278,280,5,0,275,276,102912,3,0,0,3,4
2020-06-18,US,North Carolina,Cumberland,948,30,0,35.04762133,-78.82623165,37051.0,282.55575856385366,3.1645569620253164,918,935,30,0,905,904,332330,13,0,0,13,31
2020-06-18,US,North Carolina,Currituck,17,0,0,36.36123664,-75.95876401,37053.0,61.232575730288524,0.0,17,16,0,0,16,16,27072,1,0,0,1,0
2020-06-18,US,North Carolina,Dare,27,3,0,35.66520691,-75.71767334,37055.0,72.95522710691993,11.111111111111109,24,27,1,0,26,25,36501,0,2,0,-2,2
2020-06-18,US,North Carolina,Davidson,691,15,0,35.79115496,-80.21256572,37057.0,412.26903089929533,2.170767004341534,676,678,15,0,663,664,166614,13,0,0,13,14
2020-06-18,US,North Carolina,Davie,152,2,0,35.93099927,-80.54496571,37059.0,354.7589039817019,1.3157894736842106,150,145,2,0,143,144,42733,7,0,0,7,1
2020-06-18,US,North Carolina,Duplin,1257,20,0,34.93449805,-77.93140529,37061.0,2139.9022829029127,1.591089896579157,1237,1231,20,0,1211,1228,58856,26,0,0,26,3
2020-06-18,US,North Carolina,Durham,2912,57,0,36.03638492,-78.87608331,37063.0,905.7880854028766,1.9574175824175823,2855,2841,57,0,2784,2800,316739,71,0,0,71,41
2020-06-18,US,North Carolina,Edgecombe,257,9,0,35.91230639,-77.59436892,37065.0,499.30059061237176,3.5019455252918283,248,256,9,0,247,254,52005,1,0,0,1,2
2020-06-18,US,North Carolina,Forsyth,2372,27,0,36.12859861,-80.25459052,37067.0,620.4632548163067,1.1382799325463744,2345,2333,26,0,2307,2283,379099,39,1,0,38,50
2020-06-18,US,North Carolina,Franklin,244,22,0,36.081519,-78.28708884,37069.0,350.14709047858213,9.016393442622949,222,237,22,0,215,232,67560,7,0,0,7,5
2020-06-18,US,North Carolina,Gaston,621,9,0,35.29373559,-81.17477045,37071.0,276.5789719813476,1.4492753623188406,612,576,9,0,567,549,222846,45,0,0,45,27
2020-06-18,US,North Carolina,Gates,25,2,0,36.44667547,-76.69749701,37073.0,216.22556651098427,8.0,23,25,2,0,23,25,11573,0,0,0,0,0
2020-06-18,US,North Carolina,Graham,6,0,0,35.3506925,-83.83369267,37075.0,71.08162539983414,0.0,6,6,0,0,6,6,8484,0,0,0,0,0
2020-06-18,US,North Carolina,Granville,703,17,0,36.30337451,-78.65184241,37077.0,1163.0792647618418,2.418207681365576,686,703,16,0,687,688,60115,0,1,0,-1,15
2020-06-18,US,North Carolina,Greene,132,2,0,35.48544173,-77.67578087,37079.0,626.5128862309555,1.5151515151515151,130,128,2,0,126,124,21012,4,0,0,4,4
2020-06-18,US,North Carolina,Guilford,2230,98,0,36.07959451,-79.78824948,37081.0,415.1355054414398,4.394618834080718,2132,2194,98,0,2096,2103,533670,36,0,0,36,91
2020-06-18,US,North Carolina,Halifax,244,3,0,36.25669272,-77.6556109,37083.0,487.9024195160968,1.2295081967213115,241,241,3,0,238,241,50574,3,0,0,3,0
2020-06-18,US,North Carolina,Harnett,435,30,0,35.36731853,-78.87243571,37085.0,319.90939577572516,6.896551724137932,405,422,30,0,392,417,134214,13,0,0,13,5
2020-06-18,US,North Carolina,Haywood,69,0,0,35.55269063,-82.98196486,37087.0,110.72420045894378,0.0,69,67,0,0,67,65,61971,2,0,0,2,2
2020-06-18,US,North Carolina,Henderson,472,48,0,35.33788927,-82.4766782,37089.0,401.98608378684514,10.169491525423727,424,464,48,0,416,459,116748,8,0,0,8,5
2020-06-18,US,North Carolina,Hertford,153,7,0,36.3607755,-76.98104134,37091.0,646.1967310047727,4.575163398692809,146,152,7,0,145,152,23659,1,0,0,1,0
2020-06-18,US,North Carolina,Hoke,312,2,0,35.01888303,-79.23651674,37093.0,564.8694644602963,0.6410256410256411,310,308,2,0,306,303,54764,4,0,0,4,5
2020-06-18,US,North Carolina,Hyde,3,0,0,35.42017674,-76.15180542,37095.0,60.76564715414219,0.0,3,3,0,0,3,3,5230,0,0,0,0,0
2020-06-18,US,North Carolina,Iredell,479,6,0,35.80950511,-80.8743128,37097.0,263.4676523327063,1.2526096033402925,473,475,6,0,469,454,178435,4,0,0,4,21
2020-06-18,US,North Carolina,Jackson,64,1,0,35.28814273,-83.14093385,37099.0,145.6597933451682,1.5625,63,61,1,0,60,59,43327,3,0,0,3,2
2020-06-18,US,North Carolina,Johnston,968,26,0,35.51745004,-78.36622717,37101.0,462.4078647552535,2.6859504132231407,942,935,25,0,910,903,202675,33,1,0,32,32
2020-06-18,US,North Carolina,Jones,28,3,0,35.02254606,-77.35870791,37103.0,297.271472555473,10.714285714285714,25,28,3,0,25,28,9637,0,0,0,0,0
2020-06-18,US,North Carolina,Lee,625,6,0,35.47623147,-79.17569362,37105.0,1011.6706324155457,0.96,619,606,6,0,600,604,61452,19,0,0,19,2
2020-06-18,US,North Carolina,Lenoir,316,10,0,35.24032589999999,-77.64245615,37107.0,564.8000857924181,3.1645569620253164,306,305,10,0,295,303,55976,11,0,0,11,2
2020-06-18,US,North Carolina,Lincoln,164,0,0,35.48508185,-81.21740317,37109.0,190.45185864755956,0.0,164,157,0,0,157,148,83770,7,0,0,7,9
2020-06-18,US,North Carolina,Macon,237,1,0,35.14867843,-83.41696617,37113.0,660.9403759272686,0.4219409282700422,236,237,1,0,236,237,35285,0,0,0,0,0
2020-06-18,US,North Carolina,Madison,5,0,0,35.85402722,-82.71346418,37115.0,22.983222247759137,0.0,5,5,0,0,5,5,21763,0,0,0,0,0
2020-06-18,US,North Carolina,Martin,103,4,0,35.84326734,-77.10860251,37117.0,459.0017825311943,3.8834951456310685,99,101,4,0,97,101,22671,2,0,0,2,0
2020-06-18,US,North Carolina,McDowell,172,1,0,35.67736232,-82.0482425,37111.0,375.9069848763003,0.5813953488372093,171,168,1,0,167,163,45507,4,0,0,4,5
2020-06-18,US,North Carolina,Mecklenburg,7804,130,0,35.24469268,-80.8317671,37119.0,702.8376484658975,1.6658124038954385,7674,7563,130,0,7433,7468,1093901,241,0,0,241,95
2020-06-18,US,North Carolina,Mitchell,23,0,0,36.01059309,-82.1582442,37121.0,153.7022186581128,0.0,23,19,0,0,19,18,15000,4,0,0,4,1
2020-06-18,US,North Carolina,Montgomery,229,5,0,35.33155144,-79.90416657,37123.0,842.7483163434291,2.183406113537118,224,218,5,0,213,211,27271,11,0,0,11,7
2020-06-18,US,North Carolina,Moore,335,11,0,35.30885257,-79.48474178,37125.0,332.07771609833463,3.2835820895522385,324,320,11,0,309,319,98682,15,0,0,15,1
2020-06-18,US,North Carolina,Nash,311,4,0,35.96575634,-77.98422508,37127.0,329.8055101910963,1.2861736334405145,307,301,4,0,297,294,94016,10,0,0,10,7
2020-06-18,US,North Carolina,New Hanover,449,5,0,34.25758282,-77.87075626,37129.0,191.4932636167064,1.11358574610245,444,421,5,0,416,413,232274,28,0,0,28,8
2020-06-18,US,North Carolina,Northampton,174,15,0,36.41736238,-77.39769443,37131.0,893.0862803469691,8.620689655172415,159,171,15,0,156,171,19676,3,0,0,3,0
2020-06-18,US,North Carolina,Onslow,180,3,0,34.72607366,-77.42908179,37133.0,90.9375663086421,1.6666666666666667,177,178,3,0,175,166,197683,2,0,0,2,12
2020-06-18,US,North Carolina,Orange,497,40,0,36.06092947,-79.12167935,37135.0,334.7342331420566,8.048289738430583,457,487,40,0,447,479,146027,10,0,0,10,8
2020-06-18,US,North Carolina,Pamlico,15,0,0,35.15253315,-76.66559823,37137.0,117.86892975011787,0.0,15,15,0,0,15,15,12670,0,0,0,0,0
2020-06-18,US,North Carolina,Pasquotank,152,15,0,36.26723798,-76.25134778,37139.0,381.67938931297715,9.868421052631579,137,147,15,0,132,131,39639,5,0,0,5,16
2020-06-18,US,North Carolina,Pender,149,1,0,34.52265624,-77.90352133,37141.0,236.28290516967968,0.6711409395973155,148,145,1,0,144,143,62162,4,0,0,4,2
2020-06-18,US,North Carolina,Perquimans,30,2,0,36.17847453,-76.40603143,37143.0,222.83294956547576,6.666666666666668,28,30,2,0,28,30,13422,0,0,0,0,0
2020-06-18,US,North Carolina,Person,86,1,0,36.38989032,-78.97217358,37145.0,217.77665231704228,1.162790697674419,85,83,1,0,82,82,39507,3,0,0,3,1
2020-06-18,US,North Carolina,Pitt,507,3,0,35.59535426,-77.37353178,37147.0,280.5103407066426,0.591715976331361,504,502,3,0,499,500,179914,5,0,0,5,2
2020-06-18,US,North Carolina,Polk,61,4,0,35.27820615,-82.16812354,37149.0,294.34472109631344,6.557377049180328,57,56,4,0,52,55,20611,5,0,0,5,1
2020-06-18,US,North Carolina,Randolph,997,22,0,35.71015088,-79.80570339,37151.0,693.965907271677,2.2066198595787356,975,969,21,0,948,947,143351,28,1,0,27,22
2020-06-18,US,North Carolina,Richmond,221,5,0,35.00417719,-79.74491009,37153.0,492.98445202882067,2.262443438914027,216,215,5,0,210,215,44887,6,0,0,6,0
2020-06-18,US,North Carolina,Robeson,1127,26,0,34.64244496,-79.10250529999998,37155.0,862.7751196172247,2.3070097604259097,1101,1127,26,0,1101,1040,131831,0,0,0,0,87
2020-06-18,US,North Carolina,Rockingham,150,2,0,36.39593137,-79.77504841,37157.0,164.8170530710911,1.3333333333333333,148,147,2,0,145,141,90690,3,0,0,3,6
2020-06-18,US,North Carolina,Rowan,957,39,0,35.64003916,-80.52446628,37159.0,673.5262654129834,4.075235109717869,918,937,39,0,898,921,141262,20,0,0,20,16
2020-06-18,US,North Carolina,Rutherford,233,7,0,35.40114178,-81.92112099,37161.0,347.6107356517328,3.004291845493562,226,226,7,0,219,226,66826,7,0,0,7,0
2020-06-18,US,North Carolina,Sampson,802,4,0,34.98820368,-78.36914061,37163.0,1262.3758480112074,0.4987531172069826,798,791,4,0,787,783,63626,11,0,0,11,8
2020-06-18,US,North Carolina,Scotland,114,1,0,34.8386299,-79.4757978,37165.0,327.36984177124316,0.8771929824561403,113,114,1,0,113,114,34810,0,0,0,0,0
2020-06-18,US,North Carolina,Stanly,180,5,0,35.31647813,-80.25093221,37167.0,286.59682195968537,2.7777777777777777,175,174,5,0,169,167,62075,6,0,0,6,7
2020-06-18,US,North Carolina,Stokes,98,0,0,36.4017975,-80.23893369,37169.0,214.95470597267,0.0,98,96,0,0,96,95,45467,2,0,0,2,1
2020-06-18,US,North Carolina,Surry,353,2,0,36.41689489,-80.69102283,37171.0,491.75988743853,0.56657223796034,351,346,2,0,344,342,71948,7,0,0,7,4
2020-06-18,US,North Carolina,Swain,39,0,0,35.48665845,-83.48748932,37173.0,273.28147992432207,0.0,39,39,0,0,39,39,14245,0,0,0,0,0
2020-06-18,US,North Carolina,Transylvania,17,1,0,35.20383864,-82.79638423,37175.0,49.44016286171296,5.882352941176472,16,17,1,0,16,17,34215,0,0,0,0,0
2020-06-18,US,North Carolina,Tyrrell,5,0,0,35.87147226,-76.17055253,37177.0,124.5019920318725,0.0,5,5,0,0,5,5,4131,0,0,0,0,0
2020-06-18,US,North Carolina,Union,802,22,0,34.98960527,-80.52955873,37179.0,334.3631049908488,2.743142144638404,780,764,22,0,742,758,235908,38,0,0,38,6
2020-06-18,US,North Carolina,Vance,434,35,0,36.36880673,-78.40670845,37181.0,974.5144268552824,8.064516129032258,399,421,33,0,388,417,44582,13,2,0,11,4
2020-06-18,US,North Carolina,Wake,3385,43,0,35.78879266,-78.65249174,37183.0,304.4719143772807,1.2703101920236337,3342,3249,43,0,3206,3163,1092305,136,0,0,136,86
2020-06-18,US,North Carolina,Warren,142,3,0,36.39728256,-78.10652228,37185.0,719.679691855456,2.112676056338028,139,136,2,0,134,136,19807,6,1,0,5,0
2020-06-18,US,North Carolina,Washington,35,3,0,35.83810081,-76.57299037,37187.0,302.24525043177886,8.571428571428571,32,35,3,0,32,35,11859,0,0,0,0,0
2020-06-18,US,North Carolina,Watauga,44,0,0,36.23103603,-81.70033724,37189.0,78.32386919913844,0.0,44,44,0,0,44,44,55945,0,0,0,0,0
2020-06-18,US,North Carolina,Wayne,1565,22,0,35.36438125,-78.00027268,37191.0,1271.0040525943914,1.4057507987220448,1543,1540,22,0,1518,1535,123248,25,0,0,25,5
2020-06-18,US,North Carolina,Wilkes,551,6,0,36.2084135,-81.16232895,37193.0,805.4142548090978,1.088929219600726,545,550,6,0,544,547,68557,1,0,0,1,3
2020-06-18,US,North Carolina,Wilson,545,15,0,35.70625477,-77.917978,37195.0,666.2510238261146,2.7522935779816518,530,540,15,0,525,524,81455,5,0,0,5,16
2020-06-18,US,North Carolina,Yadkin,259,4,0,36.16222629,-80.66239436,37197.0,687.6045344731463,1.5444015444015444,255,255,4,0,251,251,37543,4,0,0,4,4
2020-06-18,US,North Carolina,Yancey,33,0,0,35.90079156,-82.31237181,37199.0,182.6332392495434,0.0,33,31,0,0,31,29,17903,2,0,0,2,2
2020-06-18,US,North Dakota,Barnes,16,0,0,46.93579637,-98.06605978,38003.0,153.62457993278926,0.0,16,11,0,0,11,9,10542,5,0,0,5,2
2020-06-18,US,North Dakota,Benson,3,0,0,48.0683985,-99.35916363,38005.0,43.911007025761116,0.0,3,3,0,0,3,3,6962,0,0,0,0,0
2020-06-18,US,North Dakota,Bottineau,4,0,0,48.79106111,-100.8378166,38009.0,63.673989175421845,0.0,4,4,0,0,4,4,6411,0,0,0,0,0
2020-06-18,US,North Dakota,Bowman,1,0,0,46.11285362,-103.5203343,38011.0,33.06878306878307,0.0,1,1,0,0,1,1,3076,0,0,0,0,0
2020-06-18,US,North Dakota,Burke,5,0,0,48.79094471,-102.51821170000001,38013.0,236.40661938534282,0.0,5,5,0,0,5,5,2100,0,0,0,0,0
2020-06-18,US,North Dakota,Burleigh,180,0,0,46.97847375,-100.46452140000001,38015.0,188.23332566456818,0.0,180,180,0,0,180,176,95273,0,0,0,0,4
2020-06-18,US,North Dakota,Cass,2091,63,0,46.93201724,-97.24447190000001,38017.0,1149.3873781764814,3.012912482065997,2028,2084,62,0,2022,2067,181516,7,1,0,6,17
2020-06-18,US,North Dakota,Dickey,3,0,0,46.11017712,-98.50490079999999,38021.0,61.57635467980296,0.0,3,3,0,0,3,3,4903,0,0,0,0,0
2020-06-18,US,North Dakota,Divide,1,0,0,48.814938700000006,-103.48736109999999,38023.0,44.16961130742049,0.0,1,1,0,0,1,1,2283,0,0,0,0,0
2020-06-18,US,North Dakota,Dunn,11,0,0,47.35423935,-102.61604679999999,38025.0,248.64376130198917,0.0,11,11,0,0,11,11,4332,0,0,0,0,0
2020-06-18,US,North Dakota,Eddy,5,0,0,47.71701474,-98.90432337,38027.0,218.62702229995628,0.0,5,5,0,0,5,5,2313,0,0,0,0,0
2020-06-18,US,North Dakota,Emmons,4,1,0,46.28398398,-100.2389766,38029.0,123.41869793273679,25.0,3,4,1,0,3,4,3295,0,0,0,0,0
2020-06-18,US,North Dakota,Foster,1,0,0,47.457108399999996,-98.88279923,38031.0,31.152647975077887,0.0,1,1,0,0,1,1,3216,0,0,0,0,0
2020-06-18,US,North Dakota,Grand Forks,356,4,0,47.92093639,-97.45450447,38035.0,512.5916113518882,1.1235955056179776,352,350,4,0,346,346,70770,6,0,0,6,4
2020-06-18,US,North Dakota,Grant,2,0,0,46.35821257,-101.63900129999999,38037.0,87.95074758135445,0.0,2,2,0,0,2,2,2374,0,0,0,0,0
2020-06-18,US,North Dakota,Griggs,1,0,0,47.45785838,-98.23850925,38039.0,44.822949350067226,0.0,1,1,0,0,1,1,2232,0,0,0,0,0
2020-06-18,US,North Dakota,Kidder,2,0,0,46.97830064,-99.77507857,38043.0,80.64516129032258,0.0,2,2,0,0,2,2,2450,0,0,0,0,0
2020-06-18,US,North Dakota,LaMoure,10,0,0,46.45681054,-98.53542355,38045.0,247.15768660405342,0.0,10,10,0,0,10,10,4062,0,0,0,0,0
2020-06-18,US,North Dakota,McHenry,2,1,0,48.23104458,-100.6324822,38049.0,34.81288076588338,50.0,1,2,1,0,1,2,5816,0,0,0,0,0
2020-06-18,US,North Dakota,McIntosh,1,0,0,46.11182017,-99.44145858,38051.0,40.04805766920305,0.0,1,1,0,0,1,1,2585,0,0,0,0,0
2020-06-18,US,North Dakota,McKenzie,22,0,0,47.74133370000001,-103.395905,38053.0,146.43237486687966,0.0,22,22,0,0,22,21,13632,0,0,0,0,1
2020-06-18,US,North Dakota,McLean,11,0,0,47.60766714,-101.3182418,38055.0,116.40211640211642,0.0,11,11,0,0,11,11,9541,0,0,0,0,0
2020-06-18,US,North Dakota,Mercer,6,0,0,47.31213126,-101.8318399,38057.0,73.28691828508613,0.0,6,6,0,0,6,6,8267,0,0,0,0,0
2020-06-18,US,North Dakota,Morton,70,2,0,46.71681782,-101.2822377,38059.0,223.1858181354419,2.8571428571428568,68,70,2,0,68,68,31095,0,0,0,0,2
2020-06-18,US,North Dakota,Mountrail,43,0,0,48.20197971,-102.3555315,38061.0,407.77619724988153,0.0,43,43,0,0,43,43,10218,0,0,0,0,0
2020-06-18,US,North Dakota,Nelson,1,0,0,47.9226426,-98.19038437,38063.0,34.734282737061484,0.0,1,1,0,0,1,1,2869,0,0,0,0,0
2020-06-18,US,North Dakota,Oliver,1,0,0,47.11530482,-101.3406158,38065.0,51.046452271567134,0.0,1,1,0,0,1,1,1952,0,0,0,0,0
2020-06-18,US,North Dakota,Pembina,7,0,0,48.76623521,-97.5523809,38067.0,102.92604028819292,0.0,7,7,0,0,7,7,6947,0,0,0,0,0
2020-06-18,US,North Dakota,Pierce,3,0,0,48.24977025,-99.96407787,38069.0,75.47169811320755,0.0,3,3,0,0,3,3,4081,0,0,0,0,0
2020-06-18,US,North Dakota,Ramsey,8,1,0,48.26886249,-98.72223879,38071.0,69.4504731313482,12.5,7,8,1,0,7,8,11481,0,0,0,0,0
2020-06-18,US,North Dakota,Ransom,13,0,0,46.45621782,-97.65742504,38073.0,249.13760061326175,0.0,13,13,0,0,13,13,5237,0,0,0,0,0
2020-06-18,US,North Dakota,Renville,3,0,0,48.71982533,-101.6603912,38075.0,128.92135797163732,0.0,3,3,0,0,3,3,2374,0,0,0,0,0
2020-06-18,US,North Dakota,Richland,37,0,0,46.26440649,-96.94852979,38077.0,228.719787352414,0.0,37,37,0,0,37,37,16239,0,0,0,0,0
2020-06-18,US,North Dakota,Rolette,8,0,0,48.77245354,-99.84097493,38079.0,56.433408577878104,0.0,8,7,0,0,7,7,14301,1,0,0,1,0
2020-06-18,US,North Dakota,Sargent,5,0,0,46.10830372,-97.63217159,38081.0,128.27090815802975,0.0,5,4,0,0,4,4,3870,1,0,0,1,0
2020-06-18,US,North Dakota,Sheridan,1,0,0,47.57700669,-100.3426391,38083.0,76.04562737642586,0.0,1,1,0,0,1,1,1349,0,0,0,0,0
2020-06-18,US,North Dakota,Sioux,10,0,0,46.11323337,-101.04401490000001,38085.0,236.40661938534282,0.0,10,7,0,0,7,4,4358,3,0,0,3,3
2020-06-18,US,North Dakota,Slope,3,0,0,46.44737738,-103.4601547,38087.0,400.0,0.0,3,3,0,0,3,3,763,0,0,0,0,0
2020-06-18,US,North Dakota,Stark,65,2,0,46.80851182,-102.65763259999999,38089.0,206.42128997427673,3.0769230769230766,63,63,2,0,61,63,30997,2,0,0,2,0
2020-06-18,US,North Dakota,Steele,1,0,0,47.45611548,-97.72728747,38091.0,52.91005291005291,0.0,1,1,0,0,1,1,1903,0,0,0,0,0
2020-06-18,US,North Dakota,Stutsman,60,0,0,46.97962541,-98.95637318,38093.0,289.7990726429676,0.0,60,60,0,0,60,52,20917,0,0,0,0,8
2020-06-18,US,North Dakota,Traill,15,0,0,47.45367788,-97.16323288,38097.0,186.66002986560483,0.0,15,15,0,0,15,15,8037,0,0,0,0,0
2020-06-18,US,North Dakota,Walsh,17,0,0,48.36876964,-97.72574783,38099.0,159.7594211070388,0.0,17,17,0,0,17,17,10667,0,0,0,0,0
2020-06-18,US,North Dakota,Ward,50,1,0,48.22390169,-101.54367629999999,38101.0,73.9196641090463,2.0,49,48,1,0,47,47,67744,2,0,0,2,1
2020-06-18,US,North Dakota,Wells,8,0,0,47.58614526,-99.65904998,38103.0,208.65936358894103,0.0,8,8,0,0,8,8,3957,0,0,0,0,0
2020-06-18,US,North Dakota,Williams,26,0,0,48.34522353,-103.4793387,38105.0,69.16917183218493,0.0,26,26,0,0,26,26,35350,0,0,0,0,0
2020-06-18,US,Ohio,Adams,18,1,0,38.84541072,-83.4718964,39001.0,64.98664163477507,5.5555555555555545,17,17,1,0,16,17,27724,1,0,0,1,0
2020-06-18,US,Ohio,Allen,246,36,0,40.77285242,-84.10802343,39003.0,240.34938593662983,14.634146341463413,210,242,36,0,206,241,102663,4,0,0,4,1
2020-06-18,US,Ohio,Ashland,37,0,0,40.84772277,-82.27280781,39005.0,69.17956772118764,0.0,37,31,0,0,31,29,53745,6,0,0,6,2
2020-06-18,US,Ohio,Ashtabula,402,41,0,41.70860332,-80.74830218,39007.0,413.40586789522933,10.199004975124376,361,397,41,0,356,392,97493,5,0,0,5,5
2020-06-18,US,Ohio,Athens,24,1,0,39.33425634,-82.04278644,39009.0,36.73825523902827,4.166666666666667,23,24,1,0,23,23,65818,0,0,0,0,1
2020-06-18,US,Ohio,Auglaize,87,3,0,40.55998859,-84.22421429999999,39011.0,190.55545820921677,3.4482758620689653,84,86,3,0,83,86,45804,1,0,0,1,0
2020-06-18,US,Ohio,Belmont,472,21,0,40.01625942,-80.9924051,39013.0,704.4145300420857,4.4491525423728815,451,472,21,0,451,469,67505,0,0,0,0,3
2020-06-18,US,Ohio,Brown,40,1,0,38.93416837,-83.86788395,39015.0,92.09799226376863,2.5,39,39,1,0,38,38,43602,1,0,0,1,1
2020-06-18,US,Ohio,Butler,1153,36,0,39.44012838,-84.57388716,39017.0,300.93909702610574,3.1222896790980053,1117,1129,35,0,1094,1120,382378,24,1,0,23,9
2020-06-18,US,Ohio,Carroll,37,3,0,40.5789686,-81.09178213,39019.0,137.4749201159248,8.108108108108109,34,37,3,0,34,37,27081,0,0,0,0,0
2020-06-18,US,Ohio,Champaign,37,1,0,40.13923427,-83.76875242,39021.0,95.15237238009516,2.702702702702702,36,36,1,0,35,36,38754,1,0,0,1,0
2020-06-18,US,Ohio,Clark,568,8,0,39.91592258,-83.78498252,39023.0,423.6182066332048,1.4084507042253518,560,502,8,0,494,460,134585,66,0,0,66,42
2020-06-18,US,Ohio,Clermont,256,6,0,39.04847534,-84.15375786,39025.0,124.014184122309,2.34375,250,252,6,0,246,244,205466,4,0,0,4,8
2020-06-18,US,Ohio,Clinton,54,0,0,39.41485808,-83.80852286,39027.0,128.66946244757912,0.0,54,54,0,0,54,54,42057,0,0,0,0,0
2020-06-18,US,Ohio,Columbiana,940,58,0,40.76932373,-80.78094576,39029.0,922.6269348173886,6.170212765957447,882,923,58,0,865,921,102665,17,0,0,17,2
2020-06-18,US,Ohio,Coshocton,54,0,0,40.30096166,-81.91729018,39031.0,147.54098360655738,0.0,54,53,0,0,53,52,36629,1,0,0,1,1
2020-06-18,US,Ohio,Crawford,122,5,0,40.85065156,-82.91989099,39033.0,294.01841230057363,4.0983606557377055,117,122,5,0,117,123,41550,0,0,0,0,-1
2020-06-18,US,Ohio,Cuyahoga,5404,327,0,41.424119,-81.65918339,39035.0,437.5453414861644,6.051073279052553,5077,5336,319,0,5017,5271,1243857,68,8,0,60,65
2020-06-18,US,Ohio,Darke,227,25,0,40.13412966,-84.6194517,39037.0,444.1140218731048,11.013215859030836,202,223,25,0,198,222,51323,4,0,0,4,1
2020-06-18,US,Ohio,Defiance,40,2,0,41.32398837,-84.49076944,39039.0,105.02271116128864,5.0,38,40,2,0,38,40,38165,0,0,0,0,0
2020-06-18,US,Ohio,Delaware,410,15,0,40.27942393,-83.00457058,39041.0,196.0062530775372,3.6585365853658534,395,403,15,0,388,403,204826,7,0,0,7,0
2020-06-18,US,Ohio,Erie,215,22,0,41.36796058,-82.62904521,39043.0,289.4999057442168,10.232558139534882,193,215,22,0,193,215,74615,0,0,0,0,0
2020-06-18,US,Ohio,Fairfield,392,12,0,39.75107189,-82.63088163,39045.0,248.7720055339079,3.0612244897959178,380,387,12,0,375,374,155782,5,0,0,5,13
2020-06-18,US,Ohio,Fayette,45,0,0,39.56021306,-83.4562016,39047.0,157.75635407537246,0.0,45,45,0,0,45,45,28666,0,0,0,0,0
2020-06-18,US,Ohio,Franklin,7487,342,0,39.96995815,-83.01115755,39049.0,568.5943333464969,4.567917724055029,7145,7365,337,0,7028,7289,1310300,122,5,0,117,76
2020-06-18,US,Ohio,Fulton,53,0,0,41.60213491,-84.12571393,39051.0,125.8130370792385,0.0,53,53,0,0,53,53,42276,0,0,0,0,0
2020-06-18,US,Ohio,Gallia,9,1,0,38.82708533,-82.31647569,39053.0,30.102347983142685,11.111111111111109,8,9,1,0,8,9,29979,0,0,0,0,0
2020-06-18,US,Ohio,Geauga,349,37,0,41.49952319,-81.17935342,39055.0,372.66815449177255,10.601719197707736,312,344,37,0,307,342,94031,5,0,0,5,2
2020-06-18,US,Ohio,Greene,156,6,0,39.69116283,-83.89032084,39057.0,92.34211569993549,3.8461538461538463,150,150,6,0,144,151,167995,6,0,0,6,-1
2020-06-18,US,Ohio,Guernsey,44,3,0,40.05026529,-81.49248905,39059.0,113.18327974276528,6.8181818181818175,41,44,3,0,41,44,39022,0,0,0,0,0
2020-06-18,US,Ohio,Hamilton,3508,181,0,39.19673558,-84.54502924,39061.0,429.127322859593,5.15963511972634,3327,3374,181,0,3193,3316,816684,134,0,0,134,58
2020-06-18,US,Ohio,Hancock,62,1,0,41.00250487,-83.66838948,39063.0,81.81254371033081,1.6129032258064515,61,61,1,0,60,61,75930,1,0,0,1,0
2020-06-18,US,Ohio,Hardin,105,5,0,40.66015414,-83.65929931,39065.0,334.7680535628885,4.761904761904762,100,96,4,0,92,94,31480,9,1,0,8,2
2020-06-18,US,Ohio,Harrison,11,0,0,40.29380509,-81.09068544,39067.0,73.13829787234044,0.0,11,11,0,0,11,11,15174,0,0,0,0,0
2020-06-18,US,Ohio,Henry,21,0,0,41.3339642,-84.06830637,39069.0,77.76049766718506,0.0,21,20,0,0,20,20,27086,1,0,0,1,0
2020-06-18,US,Ohio,Highland,35,1,0,39.1839264,-83.60331456,39071.0,81.09172632700817,2.8571428571428568,34,35,1,0,34,34,43058,0,0,0,0,1
2020-06-18,US,Ohio,Hocking,73,7,0,39.49537927,-82.47991446,39073.0,258.2790829323521,9.58904109589041,66,73,7,0,66,73,28385,0,0,0,0,0
2020-06-18,US,Ohio,Holmes,101,3,0,40.56163713,-81.92635677,39075.0,229.75432211101003,2.9702970297029703,98,92,3,0,89,92,43892,9,0,0,9,0
2020-06-18,US,Ohio,Huron,95,1,0,41.14651175,-82.59867951,39077.0,163.04534376823534,1.0526315789473684,94,81,1,0,80,79,58504,14,0,0,14,2
2020-06-18,US,Ohio,Jackson,16,0,0,39.01914254,-82.61818559999998,39079.0,49.362909943541176,0.0,16,16,0,0,16,16,32384,0,0,0,0,0
2020-06-18,US,Ohio,Jefferson,71,2,0,40.38614126,-80.76259514,39081.0,108.68733256792959,2.8169014084507036,69,71,2,0,69,71,65767,0,0,0,0,0
2020-06-18,US,Ohio,Knox,33,1,0,40.39830217,-82.42027563,39083.0,52.95080388947722,3.0303030303030303,32,33,1,0,32,33,61893,0,0,0,0,0
2020-06-18,US,Ohio,Lake,356,13,0,41.69710807,-81.23676539,39085.0,154.68240140083162,3.651685393258427,343,354,12,0,342,350,230514,2,1,0,1,4
2020-06-18,US,Ohio,Lawrence,40,0,0,38.59743452,-82.53466552,39087.0,67.2687217261154,0.0,40,37,0,0,37,35,59866,3,0,0,3,2
2020-06-18,US,Ohio,Licking,324,11,0,40.09136236,-82.48185785,39089.0,183.19367642568784,3.3950617283950617,313,321,11,0,310,317,175769,3,0,0,3,4
2020-06-18,US,Ohio,Logan,48,0,0,40.38996525,-83.76784341,39091.0,105.09721492380451,0.0,48,48,0,0,48,48,45358,0,0,0,0,0
2020-06-18,US,Ohio,Lorain,822,64,0,41.29553751,-82.15083537,39093.0,265.3042122691902,7.785888077858881,758,814,63,0,751,807,309461,8,1,0,7,7
2020-06-18,US,Ohio,Lucas,2468,291,0,41.62101218,-83.65468618,39095.0,576.1670417510994,11.790923824959481,2177,2462,289,0,2173,2460,429899,6,2,0,4,2
2020-06-18,US,Ohio,Madison,170,7,0,39.89381073,-83.40178317,39097.0,380.04963001050726,4.117647058823529,163,169,7,0,162,168,44413,1,0,0,1,1
2020-06-18,US,Ohio,Mahoning,1619,218,0,41.01631101,-80.77287029,39099.0,707.9669236453957,13.465101914762199,1401,1606,218,0,1388,1607,229642,13,0,0,13,-1
2020-06-18,US,Ohio,Marion,2713,34,0,40.58610662,-83.15736305,39101.0,4167.882875270767,1.2532252119424991,2679,2712,33,0,2679,2712,65256,1,1,0,0,0
2020-06-18,US,Ohio,Medina,404,31,0,41.11770589,-81.89986209999998,39103.0,224.76160804691062,7.673267326732672,373,402,31,0,371,400,179146,2,0,0,2,2
2020-06-18,US,Ohio,Meigs,9,0,0,39.09224872,-82.0305041,39105.0,39.289300213908405,0.0,9,8,0,0,8,7,23106,1,0,0,1,1
2020-06-18,US,Ohio,Mercer,253,8,0,40.54043046,-84.62912742,39107.0,614.4952880598465,3.1620553359683794,245,253,8,0,245,247,40959,0,0,0,0,6
2020-06-18,US,Ohio,Miami,393,30,0,40.0543329,-84.22871271,39109.0,367.33434903306016,7.633587786259542,363,392,30,0,362,388,106222,1,0,0,1,4
2020-06-18,US,Ohio,Monroe,82,15,0,39.72984936,-81.08464734,39111.0,600.5566134466089,18.29268292682927,67,82,15,0,67,82,13790,0,0,0,0,0
2020-06-18,US,Ohio,Montgomery,1118,18,0,39.75394919,-84.29050975,39113.0,210.27408983104718,1.6100178890876566,1100,1058,18,0,1040,1026,532331,60,0,0,60,32
2020-06-18,US,Ohio,Morgan,6,0,0,39.62081738,-81.85308173,39115.0,41.356492969396186,0.0,6,6,0,0,6,6,14604,0,0,0,0,0
2020-06-18,US,Ohio,Morrow,110,1,0,40.52363560000001,-82.7892599,39117.0,311.3677536231884,0.9090909090909092,109,110,1,0,109,110,35112,0,0,0,0,0
2020-06-18,US,Ohio,Muskingum,61,1,0,39.96575964,-81.94363275,39119.0,70.75334918517659,1.639344262295082,60,60,1,0,59,58,86183,1,0,0,1,2
2020-06-18,US,Ohio,Noble,6,0,0,39.76818851,-81.45937183,39121.0,41.59733777038269,0.0,6,6,0,0,6,6,14354,0,0,0,0,0
2020-06-18,US,Ohio,Ottawa,118,22,0,41.53781826,-83.0940185,39123.0,291.1782850092536,18.644067796610173,96,118,22,0,96,118,40769,0,0,0,0,0
2020-06-18,US,Ohio,Paulding,17,0,0,41.11676341,-84.5801017,39125.0,91.04541559554413,0.0,17,17,0,0,17,17,18760,0,0,0,0,0
2020-06-18,US,Ohio,Perry,25,1,0,39.73508655,-82.23804971,39127.0,69.18691537056512,4.0,24,24,1,0,23,24,36033,1,0,0,1,0
2020-06-18,US,Ohio,Pickaway,2131,40,0,39.64170392,-83.0243386,39129.0,3645.4145782369947,1.8770530267480057,2091,2128,40,0,2088,2125,58086,3,0,0,3,3
2020-06-18,US,Ohio,Pike,12,0,0,39.07634001,-83.06769584,39131.0,43.208987469393634,0.0,12,11,0,0,11,9,28067,1,0,0,1,2
2020-06-18,US,Ohio,Portage,364,58,0,41.16793482,-81.19735782,39133.0,224.04687750052318,15.934065934065936,306,359,58,0,301,354,162927,5,0,0,5,5
2020-06-18,US,Ohio,Preble,46,1,0,39.7420247,-84.64787018,39135.0,112.5189569981899,2.1739130434782608,45,45,1,0,44,44,40997,1,0,0,1,1
2020-06-18,US,Ohio,Putnam,102,15,0,41.02094889,-84.1336111,39137.0,301.2315052715513,14.705882352941178,87,101,15,0,86,101,33780,1,0,0,1,0
2020-06-18,US,Ohio,Richland,260,4,0,40.77180308,-82.53799609999999,39139.0,214.60290209155292,1.5384615384615383,256,257,4,0,253,253,121099,3,0,0,3,4
2020-06-18,US,Ohio,Ross,82,2,0,39.33705391,-83.06000914,39141.0,106.95745180392872,2.4390243902439024,80,81,2,0,79,81,76931,1,0,0,1,0
2020-06-18,US,Ohio,Sandusky,106,13,0,41.35624126,-83.137872,39143.0,181.140845551796,12.264150943396224,93,104,13,0,91,104,58799,2,0,0,2,0
2020-06-18,US,Ohio,Scioto,21,0,0,38.80270163,-82.98907345,39145.0,27.883262076108032,0.0,21,21,0,0,21,21,75502,0,0,0,0,0
2020-06-18,US,Ohio,Seneca,30,2,0,41.12351311,-83.12783209,39147.0,54.36949508862229,6.666666666666668,28,30,2,0,28,29,55207,0,0,0,0,1
2020-06-18,US,Ohio,Shelby,50,3,0,40.33163494,-84.20258189,39149.0,102.90183165260342,6.0,47,50,3,0,47,49,48627,0,0,0,0,1
2020-06-18,US,Ohio,Stark,908,105,0,40.81482476,-81.36437305,39151.0,245.00412837352883,11.563876651982381,803,891,105,0,786,881,371574,17,0,0,17,10
2020-06-18,US,Ohio,Summit,1722,196,0,41.12464734,-81.53123079,39153.0,318.29179705478424,11.382113821138212,1526,1712,195,0,1517,1706,541918,10,1,0,9,6
2020-06-18,US,Ohio,Trumbull,682,54,0,41.31735028,-80.76109643,39155.0,344.4896804630912,7.917888563049853,628,675,54,0,621,665,198627,7,0,0,7,10
2020-06-18,US,Ohio,Tuscarawas,408,9,0,40.44214695,-81.47226262,39157.0,443.5409351321383,2.2058823529411766,399,405,9,0,396,406,92176,3,0,0,3,-1
2020-06-18,US,Ohio,Union,67,1,0,40.30016061,-83.37239023,39159.0,113.5824235437716,1.492537313432836,66,63,1,0,62,62,57835,4,0,0,4,1
2020-06-18,US,Ohio,Van Wert,14,0,0,40.8554138,-84.59111700000003,39161.0,49.51370468611848,0.0,14,14,0,0,14,14,28281,0,0,0,0,0
2020-06-18,US,Ohio,Vinton,22,2,0,39.25208988,-82.4831444,39163.0,168.13144822315633,9.090909090909092,20,22,2,0,20,22,13139,0,0,0,0,0
2020-06-18,US,Ohio,Warren,549,20,0,39.42581994,-84.16557457,39165.0,234.0133502698186,3.6429872495446265,529,532,20,0,512,525,232173,17,0,0,17,7
2020-06-18,US,Ohio,Washington,119,20,0,39.45690571,-81.49121382,39167.0,198.62796481447484,16.80672268907563,99,118,19,0,99,118,60155,1,1,0,0,0
2020-06-18,US,Ohio,Wayne,316,52,0,40.82925852,-81.88844833,39169.0,273.0965344395472,16.455696202531644,264,313,52,0,261,311,115967,3,0,0,3,2
2020-06-18,US,Ohio,Williams,59,1,0,41.56052014,-84.58429552,39171.0,160.79799411315818,1.6949152542372878,58,59,1,0,58,59,36804,0,0,0,0,0
2020-06-18,US,Ohio,Wood,331,51,0,41.36224827,-83.62285108,39173.0,253.02521843491292,15.407854984894259,280,329,51,0,278,329,130696,2,0,0,2,0
2020-06-18,US,Ohio,Wyandot,50,4,0,40.84339621,-83.30734173,39175.0,229.65276501929085,8.0,46,50,4,0,46,49,21935,0,0,0,0,1
2020-06-18,US,Oklahoma,Adair,101,4,0,35.88494195,-94.65859267,40001.0,455.077948995224,3.96039603960396,97,96,4,0,92,96,22082,5,0,0,5,0
2020-06-18,US,Oklahoma,Alfalfa,1,0,0,36.73090616,-98.32408495,40003.0,17.5377060680463,0.0,1,1,0,0,1,1,5754,0,0,0,0,0
2020-06-18,US,Oklahoma,Atoka,11,0,0,34.37366573,-96.03802487,40005.0,79.95348161069923,0.0,11,9,0,0,9,9,13838,2,0,0,2,0
2020-06-18,US,Oklahoma,Beaver,30,0,0,36.7496847,-100.4758872,40007.0,564.865373752589,0.0,30,30,0,0,30,30,5319,0,0,0,0,0
2020-06-18,US,Oklahoma,Beckham,8,0,0,35.26862449,-99.68128023,40009.0,36.59819753877122,0.0,8,8,0,0,8,8,21709,0,0,0,0,0
2020-06-18,US,Oklahoma,Blaine,12,0,0,35.87518314,-98.43307003,40011.0,127.26694241170857,0.0,12,11,0,0,11,11,9485,1,0,0,1,0
2020-06-18,US,Oklahoma,Bryan,64,1,0,33.96472458,-96.25903472,40013.0,133.3472236691322,1.5625,63,57,1,0,56,51,47192,7,0,0,7,6
2020-06-18,US,Oklahoma,Caddo,181,10,0,35.17364557,-98.37534464,40015.0,629.3025519783048,5.524861878453039,171,178,10,0,168,176,28977,3,0,0,3,2
2020-06-18,US,Oklahoma,Canadian,175,3,0,35.5426055,-97.98465569,40017.0,117.99927177592275,1.7142857142857142,172,167,3,0,164,160,144447,8,0,0,8,7
2020-06-18,US,Oklahoma,Carter,62,1,0,34.25103751,-97.28552485,40019.0,128.86865789528386,1.6129032258064515,61,60,1,0,59,60,48177,2,0,0,2,0
2020-06-18,US,Oklahoma,Cherokee,58,1,0,35.90692775,-94.99980896,40021.0,119.20175925355036,1.7241379310344829,57,52,1,0,51,50,48675,6,0,0,6,2
2020-06-18,US,Oklahoma,Choctaw,107,1,0,34.02807439,-95.54771129,40023.0,729.28026172301,0.9345794392523364,106,106,1,0,105,105,14668,1,0,0,1,1
2020-06-18,US,Oklahoma,Cimarron,1,0,0,36.74817177,-102.5173885,40025.0,46.79457182966776,0.0,1,1,0,0,1,1,2153,0,0,0,0,0
2020-06-18,US,Oklahoma,Cleveland,605,40,0,35.20413532,-97.32519562,40027.0,213.0176681431197,6.6115702479338845,565,576,40,0,536,564,281669,29,0,0,29,12
2020-06-18,US,Oklahoma,Coal,6,0,0,34.58840127,-96.29798747,40029.0,109.1901728844404,0.0,6,6,0,0,6,6,5520,0,0,0,0,0
2020-06-18,US,Oklahoma,Comanche,360,5,0,34.65973764,-98.47195055,40031.0,298.1391150237269,1.3888888888888888,355,342,4,0,338,339,120422,18,1,0,17,3
2020-06-18,US,Oklahoma,Cotton,5,2,0,34.28845626,-98.37053567,40033.0,88.24567596187786,40.0,3,5,2,0,3,5,5776,0,0,0,0,0
2020-06-18,US,Oklahoma,Craig,17,0,0,36.76268118,-95.20916602,40035.0,120.20930561448168,0.0,17,16,0,0,16,16,14306,1,0,0,1,0
2020-06-18,US,Oklahoma,Creek,118,7,0,35.90230551,-96.37086028,40037.0,164.9842006655295,5.932203389830509,111,108,7,0,101,108,71604,10,0,0,10,0
2020-06-18,US,Oklahoma,Custer,46,0,0,35.63853802,-99.00170785,40039.0,158.60428231562253,0.0,46,42,0,0,42,42,29036,4,0,0,4,0
2020-06-18,US,Oklahoma,Delaware,112,16,0,36.40823634,-94.80325046,40041.0,260.4106117324281,14.285714285714285,96,112,16,0,96,111,42733,0,0,0,0,1
2020-06-18,US,Oklahoma,Dewey,4,0,0,35.98772922,-99.00730714,40043.0,81.78286648947045,0.0,4,4,0,0,4,4,4894,0,0,0,0,0
2020-06-18,US,Oklahoma,Garfield,53,1,0,36.3791334,-97.78265517,40047.0,86.80555555555556,1.8867924528301887,52,51,1,0,50,51,60913,2,0,0,2,0
2020-06-18,US,Oklahoma,Garvin,39,1,0,34.70418038,-97.30811132,40049.0,140.73833495723719,2.5641025641025643,38,33,1,0,32,33,27811,6,0,0,6,0
2020-06-18,US,Oklahoma,Grady,122,4,0,35.0167709,-97.88339847,40051.0,218.50485367338896,3.278688524590164,118,120,4,0,116,118,55551,2,0,0,2,2
2020-06-18,US,Oklahoma,Grant,2,0,0,36.796296999999996,-97.78638765,40053.0,46.15739672282484,0.0,2,2,0,0,2,2,4326,0,0,0,0,0
2020-06-18,US,Oklahoma,Greer,66,7,0,34.93535801,-99.56056120000001,40055.0,1155.4621848739494,10.606060606060606,59,66,7,0,59,66,5821,0,0,0,0,0
2020-06-18,US,Oklahoma,Harmon,1,0,0,34.7440135,-99.84741652,40057.0,37.69317753486619,0.0,1,1,0,0,1,,2664,0,0,0,0,
2020-06-18,US,Oklahoma,Harper,1,0,0,36.78836519,-99.6679804,40059.0,27.11496746203905,0.0,1,1,0,0,1,1,3797,0,0,0,0,0
2020-06-18,US,Oklahoma,Haskell,7,0,0,35.22257600000001,-95.11513306,40061.0,55.436762493070404,0.0,7,6,0,0,6,6,12668,1,0,0,1,0
2020-06-18,US,Oklahoma,Hughes,3,0,0,35.04912569,-96.24921145,40063.0,22.59206265532043,0.0,3,3,0,0,3,3,13335,0,0,0,0,0
2020-06-18,US,Oklahoma,Jackson,32,3,0,34.58781741,-99.41138784,40065.0,130.45250713412148,9.375,29,32,3,0,29,32,24949,0,0,0,0,0
2020-06-18,US,Oklahoma,Jefferson,4,0,0,34.11130184,-97.83182974,40067.0,66.64445184938353,0.0,4,4,0,0,4,4,6123,0,0,0,0,0
2020-06-18,US,Oklahoma,Johnston,8,0,0,34.31440473,-96.66011537,40069.0,72.16959855660802,0.0,8,6,0,0,6,5,10949,2,0,0,2,1
2020-06-18,US,Oklahoma,Kay,72,7,0,36.81799745,-97.14421435,40071.0,165.37277780329828,9.722222222222221,65,70,7,0,63,69,44161,2,0,0,2,1
2020-06-18,US,Oklahoma,Kingfisher,13,0,0,35.94530008,-97.94193268,40073.0,82.46114811290835,0.0,13,13,0,0,13,13,15816,0,0,0,0,0
2020-06-18,US,Oklahoma,Kiowa,6,0,0,34.91671958,-98.97720696,40075.0,68.90215893431328,0.0,6,6,0,0,6,6,8729,0,0,0,0,0
2020-06-18,US,Oklahoma,Latimer,7,1,0,34.87844729,-95.25215049,40077.0,69.49270326615705,14.285714285714285,6,7,1,0,6,7,10231,0,0,0,0,0
2020-06-18,US,Oklahoma,Le Flore,25,1,0,34.89851864,-94.70392124,40079.0,50.14743345435581,4.0,24,20,1,0,19,20,49980,5,0,0,5,0
2020-06-18,US,Oklahoma,Lincoln,26,2,0,35.70270942,-96.8812462,40081.0,74.54769618946585,7.6923076923076925,24,24,2,0,22,27,34920,2,0,0,2,-3
2020-06-18,US,Oklahoma,Logan,25,1,0,35.91899576,-97.44352845,40083.0,52.071400304096976,4.0,24,24,1,0,23,24,47291,1,0,0,1,0
2020-06-18,US,Oklahoma,Love,25,0,0,33.95273467,-97.23906784,40085.0,243.83107383204919,0.0,25,25,0,0,25,26,10134,0,0,0,0,-1
2020-06-18,US,Oklahoma,Major,7,1,0,36.31149996,-98.53467076,40093.0,91.75514484205007,14.285714285714285,6,6,1,0,5,6,7644,1,0,0,1,0
2020-06-18,US,Oklahoma,Marshall,21,0,0,34.02311222,-96.76855464,40095.0,124.03283917075187,0.0,21,20,0,0,20,20,16806,1,0,0,1,0
2020-06-18,US,Oklahoma,Mayes,60,4,0,36.30179091,-95.23175116,40097.0,145.98540145985402,6.666666666666668,56,59,4,0,55,59,41107,1,0,0,1,0
2020-06-18,US,Oklahoma,McClain,120,4,0,35.01123903,-97.44572302,40087.0,296.4866333942778,3.333333333333333,116,118,4,0,114,118,39985,2,0,0,2,0
2020-06-18,US,Oklahoma,McCurtain,189,2,0,34.11664328,-94.77222373,40089.0,575.6578947368421,1.058201058201058,187,166,2,0,164,158,32703,23,0,0,23,8
2020-06-18,US,Oklahoma,McIntosh,25,1,0,35.37235506,-95.66599306,40091.0,127.57705654215144,4.0,24,23,1,0,22,21,19815,2,0,0,2,2
2020-06-18,US,Oklahoma,Murray,12,0,0,34.48116015,-97.06826283,40099.0,85.26966531656363,0.0,12,13,0,0,13,11,13953,-1,0,0,-1,2
2020-06-18,US,Oklahoma,Muskogee,80,8,0,35.61318461,-95.37802952,40101.0,117.6522493639425,10.0,72,77,8,0,69,77,68362,3,0,0,3,0
2020-06-18,US,Oklahoma,Noble,24,0,0,36.38953329,-97.22928674,40103.0,215.61405084898038,0.0,24,20,0,0,20,18,11289,4,0,0,4,2
2020-06-18,US,Oklahoma,Nowata,27,1,0,36.79843529,-95.61902331,40105.0,267.96347757046453,3.703703703703704,26,26,1,0,25,26,10218,1,0,0,1,0
2020-06-18,US,Oklahoma,Okfuskee,7,0,0,35.46485198,-96.32639984,40107.0,58.3673809722338,0.0,7,6,0,0,6,6,12098,1,0,0,1,0
2020-06-18,US,Oklahoma,Oklahoma,1861,65,0,35.55140095,-97.40716948,40109.0,233.37354564766488,3.492745835572273,1796,1754,65,0,1689,1673,792582,107,0,0,107,81
2020-06-18,US,Oklahoma,Okmulgee,32,0,0,35.64661916,-95.96432828,40111.0,83.19251267385935,0.0,32,31,0,0,31,31,38335,1,0,0,1,0
2020-06-18,US,Oklahoma,Osage,124,8,0,36.62888819,-96.39635704,40113.0,264.0376466580074,6.451612903225807,116,116,8,0,108,114,47014,8,0,0,8,2
2020-06-18,US,Oklahoma,Ottawa,42,2,0,36.83532655,-94.81011909,40115.0,134.93108876538057,4.761904761904762,40,42,2,0,40,41,31175,0,0,0,0,1
2020-06-18,US,Oklahoma,Pawnee,41,2,0,36.31743373,-96.70331759999999,40117.0,250.36638983878845,4.878048780487805,39,41,2,0,39,41,16390,0,0,0,0,0
2020-06-18,US,Oklahoma,Payne,179,1,0,36.07695283,-96.97584944,40119.0,218.86921647265967,0.5586592178770949,178,156,1,0,155,142,82040,23,0,0,23,14
2020-06-18,US,Oklahoma,Pittsburg,47,3,0,34.92065823,-95.75134320000001,40121.0,107.6648188024007,6.382978723404255,44,44,3,0,41,43,43877,3,0,0,3,1
2020-06-18,US,Oklahoma,Pontotoc,24,2,0,34.72959848,-96.68337199,40123.0,62.68937415108139,8.333333333333334,22,22,2,0,20,21,38247,2,0,0,2,1
2020-06-18,US,Oklahoma,Pottawatomie,79,4,0,35.20614018,-96.94923008,40125.0,108.82741899933878,5.063291139240507,75,78,4,0,74,75,72679,1,0,0,1,3
2020-06-18,US,Oklahoma,Pushmataha,7,0,0,34.41635232,-95.37603505,40127.0,63.085796683489555,0.0,7,7,0,0,7,7,11179,0,0,0,0,0
2020-06-18,US,Oklahoma,Rogers,113,5,0,36.37004357,-95.60406759,40131.0,122.21633372630029,4.424778761061948,108,98,5,0,93,100,91984,15,0,0,15,-2
2020-06-18,US,Oklahoma,Seminole,31,3,0,35.16478725,-96.61686741,40133.0,127.79289306620495,9.677419354838712,28,31,3,0,28,31,24578,0,0,0,0,0
2020-06-18,US,Oklahoma,Sequoyah,21,3,0,35.49447108,-94.75463785,40135.0,50.518415165147104,14.285714285714285,18,21,3,0,18,21,41179,0,0,0,0,0
2020-06-18,US,Oklahoma,Stephens,48,1,0,34.48556989,-97.85141892,40137.0,111.25790974202071,2.083333333333333,47,48,1,0,47,47,43265,0,0,0,0,1
2020-06-18,US,Oklahoma,Texas,976,6,0,36.74777635,-101.4889765,40139.0,4884.15152879948,0.6147540983606558,970,975,6,0,969,975,20455,1,0,0,1,0
2020-06-18,US,Oklahoma,Tillman,23,1,0,34.37288446,-98.92426619,40141.0,317.2413793103448,4.3478260869565215,22,23,1,0,22,23,7348,0,0,0,0,0
2020-06-18,US,Oklahoma,Tulsa,1945,65,0,36.11939621,-95.94013939,40143.0,298.518000098227,3.341902313624679,1880,1825,64,0,1761,1729,648360,120,1,0,119,96
2020-06-18,US,Oklahoma,Wagoner,189,17,0,35.96024096,-95.51911308,40145.0,232.50378279964082,8.994708994708995,172,181,17,0,164,173,80110,8,0,0,8,8
2020-06-18,US,Oklahoma,Washington,361,38,0,36.71380786,-95.90514104,40147.0,700.6035670619287,10.526315789473683,323,357,38,0,319,353,51843,4,0,0,4,4
2020-06-18,US,Oklahoma,Washita,3,0,0,35.29071824,-98.99180434,40149.0,27.482594356907292,0.0,3,3,0,0,3,3,11127,0,0,0,0,0
2020-06-18,US,Oklahoma,Woods,5,0,0,36.76705782,-98.86573064,40151.0,56.863414079381336,0.0,5,5,0,0,5,5,8897,0,0,0,0,0
2020-06-18,US,Oklahoma,Woodward,11,0,0,36.42316318,-99.26283045,40153.0,54.4258077284647,0.0,11,11,0,0,11,11,20222,0,0,0,0,0
2020-06-18,US,Oregon,Baker,1,0,0,44.70915557,-117.6749883,41001.0,6.201935003721161,0.0,1,1,0,0,1,1,16006,0,0,0,0,0
2020-06-18,US,Oregon,Benton,66,5,0,44.49167306,-123.4316987,41003.0,70.92732098911372,7.575757575757576,61,66,5,0,61,63,92101,0,0,0,0,3
2020-06-18,US,Oregon,Clackamas,538,22,0,45.18787398,-122.2179634,41005.0,128.6505797645551,4.089219330855019,516,526,20,0,506,509,416075,12,2,0,10,17
2020-06-18,US,Oregon,Clatsop,46,0,0,45.99712889,-123.660711,41007.0,114.35958631662687,0.0,46,46,0,0,46,46,39764,0,0,0,0,0
2020-06-18,US,Oregon,Columbia,26,0,0,45.94464254,-123.08908980000001,41009.0,49.66191694999428,0.0,26,22,0,0,22,22,52377,4,0,0,4,0
2020-06-18,US,Oregon,Coos,32,0,0,43.17406868,-124.0594514,41011.0,49.622404515638806,0.0,32,32,0,0,32,32,64389,0,0,0,0,0
2020-06-18,US,Oregon,Crook,9,0,0,44.14230227,-120.356297,41013.0,36.87920013112605,0.0,9,9,0,0,9,9,23867,0,0,0,0,0
2020-06-18,US,Oregon,Curry,7,0,0,42.45911325,-124.15728200000001,41015.0,30.53435114503817,0.0,7,7,0,0,7,7,22813,0,0,0,0,0
2020-06-18,US,Oregon,Deschutes,139,0,0,43.91570171,-121.2289121,41017.0,70.31139348076806,0.0,139,139,0,0,139,137,191996,0,0,0,0,2
2020-06-18,US,Oregon,Douglas,29,0,0,43.27941273,-123.16729099999999,41019.0,26.130834384573802,0.0,29,29,0,0,29,29,110283,0,0,0,0,0
2020-06-18,US,Oregon,Grant,1,0,0,44.49024544,-119.0068631,41023.0,13.890818169190164,0.0,1,1,0,0,1,1,7176,0,0,0,0,0
2020-06-18,US,Oregon,Harney,1,0,0,43.06422669,-118.96663059999999,41025.0,13.526308670363855,0.0,1,1,0,0,1,1,7329,0,0,0,0,0
2020-06-18,US,Oregon,Hood River,85,0,0,45.51872811,-121.65520359999998,41027.0,363.52749978616026,0.0,85,82,0,0,82,83,23428,3,0,0,3,-1
2020-06-18,US,Oregon,Jackson,85,0,0,42.43201126,-122.72893090000001,41029.0,38.47128684191469,0.0,85,85,0,0,85,83,219564,0,0,0,0,2
2020-06-18,US,Oregon,Jefferson,73,0,0,44.62806839,-121.17832,41031.0,296.04996350068944,0.0,73,69,0,0,69,69,24192,4,0,0,4,0
2020-06-18,US,Oregon,Josephine,26,1,0,42.3665549,-123.5561938,41033.0,29.718701064158108,3.8461538461538463,25,26,1,0,25,24,87393,0,0,0,0,2
2020-06-18,US,Oregon,Klamath,68,0,0,42.68762984,-121.64964609999998,41035.0,99.65122072745392,0.0,68,64,0,0,64,61,67653,4,0,0,4,3
2020-06-18,US,Oregon,Lake,6,0,0,42.79246693,-120.38501629999999,41037.0,76.24857033930614,0.0,6,6,0,0,6,5,7879,0,0,0,0,1
2020-06-18,US,Oregon,Lane,90,3,0,43.93727035,-122.847753,41039.0,23.55607786068936,3.333333333333333,87,90,3,0,87,90,379611,0,0,0,0,0
2020-06-18,US,Oregon,Lincoln,230,0,0,44.64252874,-123.86991200000001,41041.0,460.34986589808256,0.0,230,226,0,0,226,223,49388,4,0,0,4,3
2020-06-18,US,Oregon,Linn,126,9,0,44.48899494,-122.53731540000001,41043.0,97.11057503333359,7.142857142857142,117,125,9,0,116,126,127335,1,0,0,1,-1
2020-06-18,US,Oregon,Malheur,42,1,0,43.1937027,-117.62273950000001,41045.0,137.3851035294887,2.380952380952381,41,38,1,0,37,38,30725,4,0,0,4,0
2020-06-18,US,Oregon,Marion,1244,33,0,44.90287942,-122.58151170000001,41047.0,357.65831555583674,2.652733118971061,1211,1218,31,0,1187,1201,346868,26,2,0,24,17
2020-06-18,US,Oregon,Morrow,22,0,0,45.41846568,-119.584546,41049.0,189.60613634404896,0.0,22,18,0,0,18,17,11372,4,0,0,4,1
2020-06-18,US,Oregon,Multnomah,1665,68,0,45.54747959,-122.4169351,41051.0,204.83358040486922,4.084084084084084,1597,1632,68,0,1564,1598,811880,33,0,0,33,34
2020-06-18,US,Oregon,Polk,131,12,0,44.90322804,-123.4128888,41053.0,152.17517569843758,9.16030534351145,119,128,12,0,116,127,85234,3,0,0,3,1
2020-06-18,US,Oregon,Sherman,1,0,0,45.41501554,-120.6827834,41055.0,56.179775280898866,0.0,1,1,0,0,1,1,1708,0,0,0,0,0
2020-06-18,US,Oregon,Tillamook,6,0,0,45.46248721,-123.712066,41057.0,22.192632046160675,0.0,6,6,0,0,6,6,26787,0,0,0,0,0
2020-06-18,US,Oregon,Umatilla,206,4,0,45.59073056,-118.7353826,41059.0,264.27196921103274,1.9417475728155342,202,193,4,0,189,181,77516,13,0,0,13,12
2020-06-18,US,Oregon,Union,247,0,0,45.30915495,-118.0068979,41061.0,920.4397242407305,0.0,247,242,0,0,242,240,26461,5,0,0,5,2
2020-06-18,US,Oregon,Wallowa,4,0,0,45.57894064,-117.18353799999998,41063.0,55.493895671476146,0.0,4,4,0,0,4,4,7081,0,0,0,0,0
2020-06-18,US,Oregon,Wasco,42,1,0,45.16292781,-121.16709540000001,41065.0,157.40948954351248,2.380952380952381,41,42,1,0,41,42,26505,0,0,0,0,0
2020-06-18,US,Oregon,Washington,975,20,0,45.55972701,-123.0955257,41067.0,162.06997433476508,2.051282051282051,955,950,20,0,930,928,597695,25,0,0,25,22
2020-06-18,US,Oregon,Yamhill,97,8,0,45.23330449,-123.3086963,41071.0,90.56956115779646,8.24742268041237,89,94,8,0,86,94,107002,3,0,0,3,0
2020-06-18,US,Pennsylvania,Adams,304,11,0,39.87140411,-77.21610347,42001.0,295.1198438971352,3.6184210526315783,293,300,10,0,290,298,102811,4,1,0,3,2
2020-06-18,US,Pennsylvania,Allegheny,2122,177,0,40.46809875,-79.98167747,42003.0,174.50012129485341,8.341187558906691,1945,2113,177,0,1936,2113,1218452,9,0,0,9,0
2020-06-18,US,Pennsylvania,Armstrong,68,5,0,40.81665618,-79.46290811,42005.0,105.04363945315515,7.352941176470589,63,68,5,0,63,68,65263,0,0,0,0,0
2020-06-18,US,Pennsylvania,Beaver,616,77,0,40.6825484,-80.34921611,42007.0,375.77243806769997,12.5,539,615,77,0,538,613,164742,1,0,0,1,2
2020-06-18,US,Pennsylvania,Bedford,61,2,0,40.00522157,-78.48998442,42009.0,127.38055462746408,3.278688524590164,59,59,2,0,57,53,48176,2,0,0,2,6
2020-06-18,US,Pennsylvania,Berks,4359,342,0,40.41570541,-75.92457766,42011.0,1034.9887454768214,7.8458362009635225,4017,4350,340,0,4010,4341,420152,9,2,0,7,9
2020-06-18,US,Pennsylvania,Blair,55,1,0,40.47961444,-78.34917412,42013.0,45.14524456410214,1.818181818181818,54,55,1,0,54,55,122492,0,0,0,0,0
2020-06-18,US,Pennsylvania,Bradford,49,3,0,41.78869215,-76.51570822,42015.0,81.22938182782687,6.1224489795918355,46,47,3,0,44,47,60833,2,0,0,2,0
2020-06-18,US,Pennsylvania,Bucks,5498,549,0,40.33682119,-75.10836643,42017.0,875.1014691135978,9.985449254274279,4949,5466,546,0,4920,5452,628195,32,3,0,29,14
2020-06-18,US,Pennsylvania,Butler,263,13,0,40.91152759,-79.91351055,42019.0,140.00308752056128,4.942965779467682,250,263,13,0,250,260,187888,0,0,0,0,3
2020-06-18,US,Pennsylvania,Cambria,61,3,0,40.49527404,-78.71377428,42021.0,46.85387735037483,4.918032786885246,58,61,3,0,58,61,131730,0,0,0,0,0
2020-06-18,US,Pennsylvania,Cameron,2,0,0,41.43625568,-78.20376845,42023.0,44.974139869575005,0.0,2,2,0,0,2,2,4492,0,0,0,0,0
2020-06-18,US,Pennsylvania,Carbon,262,24,0,40.91545395,-75.7068525,42025.0,408.21414103642763,9.16030534351145,238,262,24,0,238,259,64227,0,0,0,0,3
2020-06-18,US,Pennsylvania,Centre,172,6,0,40.92058903,-77.82200624,42027.0,105.92111340333159,3.4883720930232562,166,172,6,0,166,177,162805,0,0,0,0,-5
2020-06-18,US,Pennsylvania,Chester,3397,312,0,39.97291773,-75.74768357,42029.0,647.0611765198888,9.184574624668825,3085,3367,311,0,3056,3343,522046,30,1,0,29,24
2020-06-18,US,Pennsylvania,Clarion,31,2,0,41.19265812,-79.42413524,42031.0,80.64935740673292,6.451612903225807,29,31,2,0,29,31,38779,0,0,0,0,0
2020-06-18,US,Pennsylvania,Clearfield,61,0,0,41.00110782,-78.47592663,42033.0,76.96675288625323,0.0,61,57,0,0,57,57,79388,4,0,0,4,0
2020-06-18,US,Pennsylvania,Clinton,65,3,0,41.23255967,-77.63785995,42035.0,168.25429695589148,4.615384615384615,62,64,3,0,61,64,38684,1,0,0,1,0
2020-06-18,US,Pennsylvania,Columbia,389,33,0,41.04821986,-76.40565017,42037.0,598.7931777599903,8.483290488431876,356,387,33,0,354,385,65456,2,0,0,2,2
2020-06-18,US,Pennsylvania,Crawford,35,0,0,41.68447709,-80.10760592,42039.0,41.35698164931643,0.0,35,35,0,0,35,35,85063,0,0,0,0,0
2020-06-18,US,Pennsylvania,Cumberland,758,61,0,40.1625372,-77.26130755,42041.0,299.1672257962664,8.047493403693931,697,751,61,0,690,746,251423,7,0,0,7,5
2020-06-18,US,Pennsylvania,Dauphin,1708,116,0,40.41377078,-76.77993242,42043.0,613.7284000301834,6.791569086651053,1592,1693,111,0,1582,1674,277097,15,5,0,10,19
2020-06-18,US,Pennsylvania,Delaware,6981,631,0,39.91680171,-75.40243663,42045.0,1231.7665554471394,9.038819653344794,6350,6967,629,0,6338,6936,564751,14,2,0,12,31
2020-06-18,US,Pennsylvania,Elk,6,0,0,41.42822061,-78.64524744,42047.0,20.060180541624874,0.0,6,6,0,0,6,6,30169,0,0,0,0,0
2020-06-18,US,Pennsylvania,Erie,497,9,0,41.99253829,-80.03301954,42049.0,184.25969865939018,1.8108651911468812,488,478,9,0,469,472,272061,19,0,0,19,6
2020-06-18,US,Pennsylvania,Fayette,100,4,0,39.92041012,-79.64291195,42051.0,77.35507526648824,4.0,96,98,4,0,94,95,130441,2,0,0,2,3
2020-06-18,US,Pennsylvania,Forest,7,0,0,41.51095103,-79.23229292,42053.0,96.59169311439214,0.0,7,7,0,0,7,7,7279,0,0,0,0,0
2020-06-18,US,Pennsylvania,Franklin,855,42,0,39.92956518,-77.72157791,42055.0,551.5168325517491,4.912280701754386,813,852,42,0,810,849,154835,3,0,0,3,3
2020-06-18,US,Pennsylvania,Fulton,17,1,0,39.92913544,-78.11163677,42057.0,116.9993117687543,5.882352941176472,16,17,1,0,16,17,14523,0,0,0,0,0
2020-06-18,US,Pennsylvania,Greene,30,0,0,39.85746531,-80.22357106,42059.0,82.79744983854499,0.0,30,30,0,0,30,30,36506,0,0,0,0,0
2020-06-18,US,Pennsylvania,Huntingdon,239,4,0,40.42162652,-77.97673273,42061.0,529.4169767853979,1.6736401673640169,235,239,4,0,235,239,45168,0,0,0,0,0
2020-06-18,US,Pennsylvania,Indiana,97,5,0,40.65241041,-79.08963285,42063.0,115.37592330474706,5.154639175257731,92,95,5,0,90,95,84501,2,0,0,2,0
2020-06-18,US,Pennsylvania,Jefferson,20,1,0,41.12913106,-78.9986361,42065.0,46.056419113413924,5.0,19,19,1,0,18,19,43641,1,0,0,1,0
2020-06-18,US,Pennsylvania,Juniata,109,5,0,40.53358749,-77.39975129999998,42067.0,440.172838509066,4.587155963302751,104,108,5,0,103,108,24704,1,0,0,1,0
2020-06-18,US,Pennsylvania,Lackawanna,1611,200,0,41.43564672,-75.60379201,42069.0,768.33560670374,12.414649286157665,1411,1611,199,0,1412,1608,210793,0,1,0,-1,3
2020-06-18,US,Pennsylvania,Lancaster,3867,341,0,40.03904563,-76.24770128,42071.0,708.5999516238977,8.818205327126973,3526,3830,336,0,3494,3802,543557,37,5,0,32,28
2020-06-18,US,Pennsylvania,Lawrence,89,8,0,40.99206278,-80.33393706,42073.0,104.0789596781738,8.98876404494382,81,88,8,0,80,87,86184,1,0,0,1,1
2020-06-18,US,Pennsylvania,Lebanon,1210,40,0,40.36680311,-76.45651841,42075.0,853.356653713512,3.3057851239669422,1170,1200,40,0,1160,1193,141314,10,0,0,10,7
2020-06-18,US,Pennsylvania,Lehigh,3997,276,0,40.6154815,-75.59435245,42077.0,1082.265148192073,6.9051788841631225,3721,3978,273,0,3705,3973,368100,19,3,0,16,5
2020-06-18,US,Pennsylvania,Luzerne,2845,170,0,41.17823008,-75.98447579,42079.0,896.2972997665532,5.975395430579965,2675,2841,169,0,2672,2840,317646,4,1,0,3,1
2020-06-18,US,Pennsylvania,Lycoming,172,18,0,41.34310539,-77.06629984,42081.0,151.81069559307673,10.465116279069766,154,172,18,0,154,172,113664,0,0,0,0,0
2020-06-18,US,Pennsylvania,McKean,13,1,0,41.80938602,-78.56478358,42083.0,32.0,7.6923076923076925,12,13,1,0,12,13,40968,0,0,0,0,0
2020-06-18,US,Pennsylvania,Mercer,118,6,0,41.30248872,-80.25816981,42085.0,107.83740312911243,5.084745762711863,112,117,6,0,111,117,110683,1,0,0,1,0
2020-06-18,US,Pennsylvania,Mifflin,61,1,0,40.61116939,-77.61070738,42087.0,132.21205947375265,1.639344262295082,60,60,1,0,59,60,46222,1,0,0,1,0
2020-06-18,US,Pennsylvania,Monroe,1363,105,0,41.05934058,-75.34031025,42089.0,800.4886328264943,7.7035950110051346,1258,1357,105,0,1252,1356,169507,6,0,0,6,1
2020-06-18,US,Pennsylvania,Montgomery,8014,773,0,40.21053671,-75.36652296,42091.0,964.4789178195123,9.645620164711756,7241,7990,770,0,7220,7950,828604,24,3,0,21,40
2020-06-18,US,Pennsylvania,Montour,68,0,0,41.03023987,-76.66345939,42093.0,373.0115194733955,0.0,68,67,0,0,67,65,18240,1,0,0,1,2
2020-06-18,US,Pennsylvania,Northampton,3270,249,0,40.75182733,-75.30471829,42095.0,1071.1302553351786,7.614678899082569,3021,3255,247,0,3008,3250,304807,15,2,0,13,5
2020-06-18,US,Pennsylvania,Northumberland,252,4,0,40.84785433,-76.70798222,42097.0,277.4016710148278,1.5873015873015872,248,234,4,0,230,231,91083,18,0,0,18,3
2020-06-18,US,Pennsylvania,Perry,77,5,0,40.40206612,-77.26297447,42099.0,166.40733056708157,6.493506493506493,72,76,5,0,71,73,46139,1,0,0,1,3
2020-06-18,US,Pennsylvania,Philadelphia,24723,1540,0,40.00338507,-75.1379271,42101.0,1560.732394650721,6.229017514055737,23183,24655,1528,0,23127,24591,1584138,68,12,0,56,64
2020-06-18,US,Pennsylvania,Pike,487,20,0,41.33155042,-75.03208106,42103.0,872.6191116128223,4.106776180698152,467,486,20,0,466,485,55933,1,0,0,1,1
2020-06-18,US,Pennsylvania,Potter,13,0,0,41.74471626,-77.89559864,42105.0,78.66392351446206,0.0,13,13,0,0,13,13,16622,0,0,0,0,0
2020-06-18,US,Pennsylvania,Schuylkill,702,43,0,40.70497338,-76.2150785,42107.0,496.6079273339511,6.1253561253561255,659,698,43,0,655,696,142067,4,0,0,4,2
2020-06-18,US,Pennsylvania,Snyder,61,1,0,40.77129231,-77.06840691,42109.0,151.09481819082532,1.639344262295082,60,60,1,0,59,60,40540,1,0,0,1,0
2020-06-18,US,Pennsylvania,Somerset,42,1,0,39.97172723,-79.02699593,42111.0,57.184091930235404,2.380952380952381,41,41,1,0,40,41,73952,1,0,0,1,0
2020-06-18,US,Pennsylvania,Sullivan,3,0,0,41.44634738,-76.51246591,42113.0,49.455984174085074,0.0,3,3,0,0,3,3,6071,0,0,0,0,0
2020-06-18,US,Pennsylvania,Susquehanna,173,18,0,41.82147784,-75.80071959,42115.0,428.98234477286246,10.404624277456648,155,172,18,0,154,172,40589,1,0,0,1,0
2020-06-18,US,Pennsylvania,Tioga,20,2,0,41.77255149,-77.25433032,42117.0,49.27200610972876,10.0,18,20,2,0,18,20,40763,0,0,0,0,0
2020-06-18,US,Pennsylvania,Union,83,2,0,40.96188846,-77.05996014,42119.0,184.76059034347665,2.409638554216868,81,83,2,0,81,84,44785,0,0,0,0,-1
2020-06-18,US,Pennsylvania,Venango,17,0,0,41.40323442,-79.75845449,42121.0,33.55174863819373,0.0,17,17,0,0,17,17,51266,0,0,0,0,0
2020-06-18,US,Pennsylvania,Warren,5,0,0,41.81304978,-79.26969577,42123.0,12.758031180628205,0.0,5,5,0,0,5,5,39498,0,0,0,0,0
2020-06-18,US,Pennsylvania,Washington,158,6,0,40.19208869,-80.24582867,42125.0,76.3783143596065,3.79746835443038,152,158,6,0,152,156,207346,0,0,0,0,2
2020-06-18,US,Pennsylvania,Wayne,128,9,0,41.64938475,-75.29956506,42127.0,249.21633145772083,7.03125,119,126,9,0,117,126,51276,2,0,0,2,0
2020-06-18,US,Pennsylvania,Westmoreland,502,38,0,40.31377979999999,-79.46615476,42129.0,143.88118051355838,7.569721115537848,464,498,38,0,460,493,350611,4,0,0,4,5
2020-06-18,US,Pennsylvania,Wyoming,36,7,0,41.51955538,-76.01074915,42131.0,134.35843845637086,19.444444444444443,29,36,7,0,29,36,27046,0,0,0,0,0
2020-06-18,US,Pennsylvania,York,1209,35,0,39.9210089,-76.73040131,42133.0,269.2302553345002,2.894954507857733,1174,1195,34,0,1161,1183,448273,14,1,0,13,12
2020-06-18,US,Rhode Island,Bristol,240,0,0,41.71018079,-71.28652315,44001.0,495.05971657831225,0.0,240,240,0,0,240,240,48649,0,0,0,0,0
2020-06-18,US,Rhode Island,Kent,1128,0,0,41.67106337,-71.57641596,44003.0,686.5824264115113,0.0,1128,1128,0,0,1128,1128,163861,0,0,0,0,0
2020-06-18,US,Rhode Island,Newport,277,0,0,41.5642026,-71.26569799,44005.0,337.4674106381423,0.0,277,277,0,0,277,277,82542,0,0,0,0,0
2020-06-18,US,Rhode Island,Providence,12363,0,0,41.87064746,-71.57753536,44007.0,1934.9507223784728,0.0,12363,12363,0,0,12363,12363,636084,0,0,0,0,0
2020-06-18,US,Rhode Island,Unassigned,1745,885,0,0.0,0.0,90044.0,0.0,50.7163323782235,860,1689,876,0,813,1640,,56,9,0,47,49
2020-06-18,US,Rhode Island,Washington,516,0,0,41.45961631,-71.61435303,44009.0,410.90327050335645,0.0,516,516,0,0,516,516,126179,0,0,0,0,0
2020-06-18,US,South Carolina,Abbeville,73,0,0,34.22333378,-82.46170658,45001.0,297.63118196273496,0.0,73,73,0,0,73,73,24541,0,0,0,0,0
2020-06-18,US,South Carolina,Aiken,256,9,0,33.54338026,-81.63645384,45003.0,149.8197481155485,3.515625,247,246,9,0,237,240,169401,10,0,0,10,6
2020-06-18,US,South Carolina,Allendale,41,3,0,32.98837386,-81.35321066,45005.0,471.91528545119706,7.317073170731707,38,41,3,0,38,41,8903,0,0,0,0,0
2020-06-18,US,South Carolina,Anderson,375,10,0,34.51828081,-82.63959517,45007.0,185.13215967772197,2.6666666666666665,365,361,10,0,351,352,200482,14,0,0,14,9
2020-06-18,US,South Carolina,Bamberg,53,0,0,33.21927586,-81.05659969,45009.0,376.7951087729276,0.0,53,50,0,0,50,50,14275,3,0,0,3,0
2020-06-18,US,South Carolina,Barnwell,56,1,0,33.26679302,-81.43584352,45011.0,268.3791814434966,1.7857142857142858,55,56,1,0,55,56,21112,0,0,0,0,0
2020-06-18,US,South Carolina,Beaufort,721,15,0,32.39226291,-80.72619758,45013.0,375.2823726590396,2.0804438280166435,706,673,15,0,658,647,188715,48,0,0,48,26
2020-06-18,US,South Carolina,Berkeley,458,20,0,33.20222596,-79.94654523,45015.0,200.95916316743237,4.366812227074236,438,434,20,0,414,427,221091,24,0,0,24,7
2020-06-18,US,South Carolina,Calhoun,48,1,0,33.66926881,-80.77722168,45017.0,329.8289012574727,2.083333333333333,47,47,1,0,46,46,14520,1,0,0,1,1
2020-06-18,US,South Carolina,Charleston,1403,17,0,32.82487866,-79.96512315,45019.0,341.02565349071233,1.2116892373485388,1386,1264,17,0,1247,1230,405905,139,0,0,139,34
2020-06-18,US,South Carolina,Cherokee,97,6,0,35.05122251,-81.61828622,45021.0,169.2844677137871,6.185567010309278,91,96,6,0,90,93,57078,1,0,0,1,3
2020-06-18,US,South Carolina,Chester,127,1,0,34.69249168,-81.1583216,45023.0,393.87172807344,0.7874015748031497,126,127,1,0,126,125,32251,0,0,0,0,2
2020-06-18,US,South Carolina,Chesterfield,300,8,0,34.64137396,-80.15640140000002,45025.0,657.1741511500547,2.6666666666666665,292,295,8,0,287,293,45754,5,0,0,5,2
2020-06-18,US,South Carolina,Clarendon,346,41,0,33.66610974,-80.21647898,45027.0,1025.3370869758485,11.84971098265896,305,347,41,0,306,342,33700,-1,0,0,-1,5
2020-06-18,US,South Carolina,Colleton,214,18,0,32.87582989,-80.67641292,45029.0,567.9857738142632,8.411214953271028,196,211,18,0,193,209,37660,3,0,0,3,2
2020-06-18,US,South Carolina,Darlington,366,13,0,34.33358335,-79.96027485,45031.0,549.4010627758263,3.551912568306011,353,363,13,0,350,357,66802,3,0,0,3,6
2020-06-18,US,South Carolina,Dillon,217,5,0,34.39007791,-79.37741872,45033.0,711.9656156698054,2.3041474654377883,212,207,5,0,202,202,30599,10,0,0,10,5
2020-06-18,US,South Carolina,Dorchester,307,3,0,33.0794369,-80.40502652,45035.0,188.5645142467554,0.977198697068404,304,286,3,0,283,277,160647,21,0,0,21,9
2020-06-18,US,South Carolina,Edgefield,61,2,0,33.77221995,-81.96231108,45037.0,223.77109317681584,3.278688524590164,59,61,2,0,59,61,27052,0,0,0,0,0
2020-06-18,US,South Carolina,Fairfield,238,20,0,34.39287073,-81.1195624,45039.0,1065.0199131874524,8.403361344537815,218,233,20,0,213,232,22402,5,0,0,5,1
2020-06-18,US,South Carolina,Florence,871,44,0,34.02361754,-79.70189312,45041.0,629.8221891202013,5.051664753157291,827,855,43,0,812,833,138159,16,1,0,15,22
2020-06-18,US,South Carolina,Georgetown,233,3,0,33.43443342,-79.33202141,45043.0,371.7294192724952,1.2875536480686696,230,202,3,0,199,180,62249,31,0,0,31,22
2020-06-18,US,South Carolina,Greenville,3306,70,0,34.89502264,-82.37295012,45045.0,631.4679624557342,2.1173623714458563,3236,3143,70,0,3073,3072,514213,163,0,0,163,71
2020-06-18,US,South Carolina,Greenwood,322,5,0,34.15272415,-82.12715789,45047.0,454.73160949569984,1.5527950310559009,317,320,5,0,315,315,70741,2,0,0,2,5
2020-06-18,US,South Carolina,Hampton,50,1,0,32.77419582,-81.13845571,45049.0,260.1186140880241,2.0,49,50,1,0,49,50,19351,0,0,0,0,0
2020-06-18,US,South Carolina,Horry,1560,35,0,33.9212828,-78.99555293,45051.0,440.5771560744576,2.243589743589744,1525,1417,35,0,1382,1297,344147,143,0,0,143,120
2020-06-18,US,South Carolina,Jasper,65,3,0,32.43171982,-81.02487495,45053.0,216.1407242376883,4.615384615384615,62,57,3,0,54,56,28971,8,0,0,8,1
2020-06-18,US,South Carolina,Kershaw,485,16,0,34.33988254,-80.58763164,45055.0,728.7644062448347,3.2989690721649483,469,469,15,0,454,461,65592,16,1,0,15,8
2020-06-18,US,South Carolina,Lancaster,277,9,0,34.68270843,-80.70513032,45057.0,282.61845488307546,3.249097472924188,268,270,7,0,263,259,95380,7,2,0,5,11
2020-06-18,US,South Carolina,Laurens,189,4,0,34.48244419,-82.00490796,45059.0,280.0290400485976,2.1164021164021163,185,179,4,0,175,171,66994,10,0,0,10,8
2020-06-18,US,South Carolina,Lee,245,19,0,34.16393091,-80.25690731,45061.0,1455.9068219633946,7.755102040816326,226,238,19,0,219,238,17142,7,0,0,7,0
2020-06-18,US,South Carolina,Lexington,1298,42,0,33.89665987,-81.27146426,45063.0,434.47698744769866,3.2357473035439135,1256,1254,42,0,1212,1216,295032,44,0,0,44,38
2020-06-18,US,South Carolina,Marion,118,5,0,34.07859748,-79.36400756,45067.0,384.90393711061097,4.2372881355932215,113,113,5,0,108,108,31039,5,0,0,5,5
2020-06-18,US,South Carolina,Marlboro,245,3,0,34.59905577,-79.67561152,45069.0,938.050386706486,1.2244897959183674,242,241,3,0,238,237,26398,4,0,0,4,4
2020-06-18,US,South Carolina,McCormick,11,1,0,33.90161443,-82.30794338,45065.0,116.24220648842864,9.090909090909092,10,11,1,0,10,11,9410,0,0,0,0,0
2020-06-18,US,South Carolina,Newberry,116,2,0,34.28629098,-81.59935761,45071.0,301.76899063475554,1.7241379310344829,114,110,2,0,108,108,38520,6,0,0,6,2
2020-06-18,US,South Carolina,Oconee,100,0,0,34.75225169,-83.06742317,45073.0,125.7134236793805,0.0,100,95,0,0,95,94,78374,5,0,0,5,1
2020-06-18,US,South Carolina,Orangeburg,430,6,0,33.4391073,-80.79886287,45075.0,498.9846243109951,1.3953488372093024,424,417,6,0,411,415,86934,13,0,0,13,2
2020-06-18,US,South Carolina,Pickens,367,4,0,34.88807695,-82.72791551,45077.0,289.240566186438,1.0899182561307903,363,348,4,0,344,326,124937,19,0,0,19,22
2020-06-18,US,South Carolina,Richland,2446,74,0,34.01791263,-80.90267209,45079.0,588.3215997729454,3.0253475061324613,2372,2368,74,0,2294,2316,414576,78,0,0,78,52
2020-06-18,US,South Carolina,Saluda,174,1,0,34.00795823,-81.72713237,45081.0,849.8998681189861,0.5747126436781609,173,171,1,0,170,170,20544,3,0,0,3,1
2020-06-18,US,South Carolina,Spartanburg,1088,36,0,34.92960077,-81.99225984,45083.0,340.228591084635,3.3088235294117645,1052,1046,36,0,1010,1026,313888,42,0,0,42,20
2020-06-18,US,South Carolina,Sumter,690,19,0,33.91826534,-80.37942316,45085.0,646.5456658014824,2.753623188405797,671,655,19,0,636,648,106512,35,0,0,35,7
2020-06-18,US,South Carolina,Union,53,0,0,34.68835752,-81.61730349,45087.0,194.02547957241177,0.0,53,50,0,0,50,49,27410,3,0,0,3,1
2020-06-18,US,South Carolina,Williamsburg,309,15,0,33.62190129,-79.72767442,45089.0,1017.5184404636459,4.854368932038835,294,302,15,0,287,296,30606,7,0,0,7,6
2020-06-18,US,South Carolina,York,728,11,0,34.97281497,-81.18085944,45091.0,259.09409600005694,1.510989010989011,717,699,11,0,688,685,274118,29,0,0,29,14
2020-06-18,US,South Dakota,Aurora,33,0,0,43.71757685,-98.56050467,46003.0,1199.5637949836425,0.0,33,33,0,0,33,33,2801,0,0,0,0,0
2020-06-18,US,South Dakota,Beadle,472,6,0,44.41464384,-98.27858469,46005.0,2557.8496721400315,1.2711864406779658,466,467,6,0,461,452,18883,5,0,0,5,15
2020-06-18,US,South Dakota,Bennett,2,0,0,43.19486375,-101.6665572,46007.0,59.43536404160476,0.0,2,2,0,0,2,1,3468,0,0,0,0,1
2020-06-18,US,South Dakota,Bon Homme,11,0,0,42.98914167,-97.88592746,46009.0,159.39718881321548,0.0,11,11,0,0,11,9,6980,0,0,0,0,2
2020-06-18,US,South Dakota,Brookings,46,0,0,44.36974375,-96.79079945,46011.0,131.1400632893349,0.0,46,39,0,0,39,38,35232,7,0,0,7,1
2020-06-18,US,South Dakota,Brown,319,2,0,45.58994323,-98.35165355,46013.0,821.3393753701176,0.6269592476489029,317,315,2,0,313,313,39316,4,0,0,4,2
2020-06-18,US,South Dakota,Brule,13,0,0,43.71756379,-99.08118954,46015.0,245.42193694544082,0.0,13,12,0,0,12,10,5229,1,0,0,1,2
2020-06-18,US,South Dakota,Buffalo,58,0,0,44.07657829,-99.20814467,46017.0,2956.1671763506624,0.0,58,55,0,0,55,54,2036,3,0,0,3,1
2020-06-18,US,South Dakota,Charles Mix,41,0,0,43.20660134,-98.58856175,46023.0,441.2397761515282,0.0,41,37,0,0,37,32,9338,4,0,0,4,5
2020-06-18,US,South Dakota,Clark,11,0,0,44.85834507,-97.72925109,46025.0,294.4325481798715,0.0,11,11,0,0,11,11,3739,0,0,0,0,0
2020-06-18,US,South Dakota,Clay,70,0,0,42.91296147,-96.97656917,46027.0,497.5124378109453,0.0,70,69,0,0,69,67,14041,1,0,0,1,2
2020-06-18,US,South Dakota,Codington,47,0,0,44.97788119,-97.18827677,46029.0,167.80320611232102,0.0,47,47,0,0,47,46,28015,0,0,0,0,1
2020-06-18,US,South Dakota,Corson,12,0,0,45.70889983,-101.1970473,46031.0,293.6857562408224,0.0,12,12,0,0,12,11,4165,0,0,0,0,1
2020-06-18,US,South Dakota,Custer,2,0,0,43.67741105,-103.45345209999999,46033.0,22.29157378510923,0.0,2,2,0,0,2,2,8726,0,0,0,0,0
2020-06-18,US,South Dakota,Davison,33,0,0,43.67490933,-98.14458906,46035.0,166.87737041719342,0.0,33,33,0,0,33,33,19790,0,0,0,0,0
2020-06-18,US,South Dakota,Day,13,0,0,45.367281,-97.60737498,46037.0,239.6755162241888,0.0,13,13,0,0,13,13,5505,0,0,0,0,0
2020-06-18,US,South Dakota,Deuel,1,0,0,44.75994309,-96.66943645,46039.0,22.983222247759137,0.0,1,1,0,0,1,1,4337,0,0,0,0,0
2020-06-18,US,South Dakota,Dewey,4,0,0,45.15639647,-100.8709139,46041.0,67.88866259334691,0.0,4,4,0,0,4,4,5904,0,0,0,0,0
2020-06-18,US,South Dakota,Douglas,4,0,0,43.38520741,-98.36978007,46043.0,136.93940431359124,0.0,4,4,0,0,4,4,2935,0,0,0,0,0
2020-06-18,US,South Dakota,Edmunds,4,0,0,45.41846445,-99.21545423,46045.0,104.46591799425435,0.0,4,4,0,0,4,4,3875,0,0,0,0,0
2020-06-18,US,South Dakota,Fall River,6,0,0,43.23929297,-103.5275691,46047.0,89.37881722031878,0.0,6,6,0,0,6,6,6758,0,0,0,0,0
2020-06-18,US,South Dakota,Faulk,21,0,0,45.07082625,-99.14535601,46049.0,913.4406263592866,0.0,21,20,0,0,20,20,2330,1,0,0,1,0
2020-06-18,US,South Dakota,Grant,13,0,0,45.1723937,-96.77002276,46051.0,184.344866704481,0.0,13,13,0,0,13,13,7147,0,0,0,0,0
2020-06-18,US,South Dakota,Gregory,1,0,0,43.19419064,-99.18883902,46053.0,23.894862604540023,0.0,1,1,0,0,1,1,4212,0,0,0,0,0
2020-06-18,US,South Dakota,Hamlin,10,0,0,44.67385954,-97.18829593,46057.0,162.23231667748215,0.0,10,11,0,0,11,11,6111,-1,0,0,-1,0
2020-06-18,US,South Dakota,Hand,6,0,0,44.54708407,-99.00386459,46059.0,188.02883108743345,0.0,6,6,0,0,6,6,3262,0,0,0,0,0
2020-06-18,US,South Dakota,Hanson,3,0,0,43.6746384,-97.78715148,46061.0,86.88097306689835,0.0,3,3,0,0,3,3,3376,0,0,0,0,0
2020-06-18,US,South Dakota,Hughes,27,0,0,44.39091534,-99.99661148,46065.0,154.05682985279012,0.0,27,25,0,0,25,23,17650,2,0,0,2,2
2020-06-18,US,South Dakota,Hutchinson,10,0,0,43.33449012,-97.75536441,46067.0,137.1553970648745,0.0,10,9,0,0,9,9,7380,1,0,0,1,0
2020-06-18,US,South Dakota,Hyde,3,0,0,44.54747703,-99.48572582,46069.0,230.59185242121444,0.0,3,3,0,0,3,3,1282,0,0,0,0,0
2020-06-18,US,South Dakota,Jackson,6,0,0,43.69318385,-101.6255063,46071.0,179.42583732057415,0.0,6,6,0,0,6,6,3307,0,0,0,0,0
2020-06-18,US,South Dakota,Jerauld,40,1,0,44.06637798,-98.62965972,46073.0,1987.083954297069,2.5,39,40,1,0,39,40,2043,0,0,0,0,0
2020-06-18,US,South Dakota,Kingsbury,3,0,0,44.36956169,-97.4913945,46077.0,60.74104069649727,0.0,3,5,0,0,5,5,4919,-2,0,0,-2,0
2020-06-18,US,South Dakota,Lake,17,1,0,44.02193107,-97.12926365,46079.0,132.84363522700633,5.882352941176472,16,17,1,0,16,16,13057,0,0,0,0,1
2020-06-18,US,South Dakota,Lawrence,15,0,0,44.35919441,-103.79294279999999,46081.0,58.04055099829747,0.0,15,13,0,0,13,12,25741,2,0,0,2,1
2020-06-18,US,South Dakota,Lincoln,275,1,0,43.27841182,-96.72039050000001,46083.0,449.8756707237272,0.3636363636363637,274,272,1,0,271,271,58807,3,0,0,3,1
2020-06-18,US,South Dakota,Lyman,40,0,0,43.89522709,-99.85201878,46085.0,1057.921184871727,0.0,40,39,0,0,39,33,3821,1,0,0,1,6
2020-06-18,US,South Dakota,Marshall,5,0,0,45.75870838,-97.59855639,46091.0,101.31712259371834,0.0,5,5,0,0,5,5,5112,0,0,0,0,0
2020-06-18,US,South Dakota,McCook,8,1,0,43.6742571,-97.36863144,46087.0,143.21518080916576,12.5,7,8,1,0,7,8,5546,0,0,0,0,0
2020-06-18,US,South Dakota,McPherson,3,0,0,45.76626028,-99.22118798,46089.0,126.10340479192938,0.0,3,3,0,0,3,3,2407,0,0,0,0,0
2020-06-18,US,South Dakota,Meade,40,1,0,44.56676791,-102.71627409999999,46093.0,141.18311449950585,2.5,39,39,1,0,38,39,28294,1,0,0,1,0
2020-06-18,US,South Dakota,Mellette,2,0,0,43.58078848,-100.7563186,46095.0,97.0402717127608,0.0,2,2,0,0,2,2,2042,0,0,0,0,0
2020-06-18,US,South Dakota,Miner,3,0,0,44.02197882,-97.60992207,46097.0,135.37906137184117,0.0,3,3,0,0,3,3,2213,0,0,0,0,0
2020-06-18,US,South Dakota,Minnehaha,3513,54,0,43.67441641,-96.7910885,46099.0,1818.9443598744915,1.5371477369769428,3459,3499,54,0,3445,3488,192876,14,0,0,14,11
2020-06-18,US,South Dakota,Moody,20,0,0,44.02266214,-96.67081159,46101.0,304.1362530413625,0.0,20,20,0,0,20,20,6579,0,0,0,0,0
2020-06-18,US,South Dakota,Oglala Lakota,54,0,0,43.33749164,-102.55554980000001,46102.0,380.8986386400508,0.0,54,49,0,0,49,48,14309,5,0,0,5,1
2020-06-18,US,South Dakota,Pennington,430,9,0,44.0025835,-102.8240777,46103.0,377.9389145242804,2.0930232558139537,421,424,9,0,415,402,111729,6,0,0,6,22
2020-06-18,US,South Dakota,Roberts,40,0,0,45.62975048,-96.94672673,46109.0,384.83740619588224,0.0,40,40,0,0,40,40,10447,0,0,0,0,0
2020-06-18,US,South Dakota,Sanborn,13,0,0,44.02351092,-98.09098159999999,46111.0,554.6075085324234,0.0,13,13,0,0,13,13,2429,0,0,0,0,0
2020-06-18,US,South Dakota,Spink,5,0,0,44.93837606,-98.34626602,46115.0,78.41907151819322,0.0,5,5,0,0,5,5,6495,0,0,0,0,0
2020-06-18,US,South Dakota,Stanley,11,0,0,44.41381872,-100.7349153,46117.0,355.0677856681731,0.0,11,11,0,0,11,11,3022,0,0,0,0,0
2020-06-18,US,South Dakota,Sully,1,0,0,44.71571812,-100.1278092,46119.0,71.89072609633357,0.0,1,1,0,0,1,1,1392,0,0,0,0,0
2020-06-18,US,South Dakota,Todd,50,1,0,43.19338568,-100.71955030000001,46121.0,491.3039206052864,2.0,49,50,1,0,49,48,10283,0,0,0,0,2
2020-06-18,US,South Dakota,Tripp,9,0,0,43.34459388,-99.8854891,46123.0,165.4107700790296,0.0,9,9,0,0,9,8,5478,0,0,0,0,1
2020-06-18,US,South Dakota,Turner,25,0,0,43.3109081,-97.14865776,46125.0,298.18702290076334,0.0,25,25,0,0,25,25,8424,0,0,0,0,0
2020-06-18,US,South Dakota,Union,113,1,0,42.83112163,-96.6557828,46127.0,709.264373587748,0.8849557522123894,112,113,1,0,112,113,15619,0,0,0,0,0
2020-06-18,US,South Dakota,Walworth,7,0,0,45.43019636,-100.03075140000001,46129.0,128.79484820607175,0.0,7,7,0,0,7,6,5587,0,0,0,0,1
2020-06-18,US,South Dakota,Yankton,63,0,0,43.00924485,-97.39467635,46135.0,276.146226001578,0.0,63,62,0,0,62,60,22869,1,0,0,1,2
2020-06-18,US,South Dakota,Ziebach,2,0,0,44.97881876,-101.6654622,46137.0,72.5689404934688,0.0,2,2,0,0,2,2,2742,0,0,0,0,0
2020-06-18,US,Tennessee,Anderson,69,2,0,36.12684348,-84.19965764,47001.0,89.6359998960742,2.898550724637681,67,66,2,0,64,65,76482,3,0,0,3,1
2020-06-18,US,Tennessee,Bedford,404,4,0,35.51123746,-86.45549096,47003.0,812.6646953513167,0.99009900990099,400,403,4,0,399,392,49038,1,0,0,1,11
2020-06-18,US,Tennessee,Benton,8,1,0,36.07110411,-88.06849355,47005.0,49.504950495049506,12.5,7,8,1,0,7,8,16184,0,0,0,0,0
2020-06-18,US,Tennessee,Bledsoe,614,1,0,35.59942968,-85.20611967,47007.0,4075.942644715879,0.16286644951140064,613,614,1,0,613,614,14755,0,0,0,0,0
2020-06-18,US,Tennessee,Blount,118,3,0,35.68938198,-83.92847788,47009.0,88.6631401779274,2.5423728813559316,115,115,3,0,112,110,131349,3,0,0,3,5
2020-06-18,US,Tennessee,Bradley,305,2,0,35.15739424,-84.857186,47011.0,282.12006289889933,0.6557377049180327,303,303,2,0,301,302,106727,2,0,0,2,1
2020-06-18,US,Tennessee,Campbell,26,1,0,36.40355516,-84.15108559999999,47013.0,65.2577681843281,3.8461538461538463,25,25,1,0,24,25,39583,1,0,0,1,0
2020-06-18,US,Tennessee,Cannon,34,0,0,35.80990797,-86.05738983,47015.0,231.6391879002589,0.0,34,34,0,0,34,34,14462,0,0,0,0,0
2020-06-18,US,Tennessee,Carroll,36,1,0,35.97366108,-88.45189331,47017.0,129.6503043180754,2.7777777777777777,35,36,1,0,35,36,28020,0,0,0,0,0
2020-06-18,US,Tennessee,Carter,23,1,0,36.28969086,-82.12588974,47019.0,40.78665035200653,4.3478260869565215,22,22,1,0,21,22,56351,1,0,0,1,0
2020-06-18,US,Tennessee,Cheatham,161,0,0,36.26136216,-87.08903581,47021.0,395.89839427545684,0.0,161,159,0,0,159,158,40439,2,0,0,2,1
2020-06-18,US,Tennessee,Chester,14,0,0,35.42527478,-88.6095842,47023.0,80.93889113719142,0.0,14,14,0,0,14,12,17276,0,0,0,0,2
2020-06-18,US,Tennessee,Claiborne,16,0,0,36.48319149,-83.65947309,47025.0,50.06414468537814,0.0,16,15,0,0,15,15,31756,1,0,0,1,0
2020-06-18,US,Tennessee,Clay,11,0,0,36.55151008,-85.53930419,47027.0,144.45173998686803,0.0,11,11,0,0,11,11,7717,0,0,0,0,0
2020-06-18,US,Tennessee,Cocke,27,0,0,35.9278914,-83.11828725,47029.0,74.99166759248972,0.0,27,27,0,0,27,27,35774,0,0,0,0,0
2020-06-18,US,Tennessee,Coffee,97,0,0,35.49090731,-86.07311784,47031.0,171.6206652512385,0.0,97,97,0,0,97,96,55700,0,0,0,0,1
2020-06-18,US,Tennessee,Crockett,21,3,0,35.81830662,-89.14916269,47033.0,147.57554462403377,14.285714285714285,18,19,3,0,16,19,14328,2,0,0,2,0
2020-06-18,US,Tennessee,Cumberland,138,3,0,35.95271721,-84.99840585,47035.0,228.02379378717782,2.1739130434782608,135,137,3,0,134,137,59673,1,0,0,1,0
2020-06-18,US,Tennessee,Davidson,7253,93,0,36.17007426,-86.78646056,47037.0,1044.8840586391295,1.2822280435681788,7160,7082,91,0,6991,7016,692587,171,2,0,169,66
2020-06-18,US,Tennessee,DeKalb,41,0,0,35.97616272,-85.83689361,47041.0,200.0976085895559,0.0,41,41,0,0,41,41,20138,0,0,0,0,0
2020-06-18,US,Tennessee,Decatur,15,0,0,35.60048904,-88.11043779,47039.0,128.61184943839493,0.0,15,14,0,0,14,14,11706,1,0,0,1,0
2020-06-18,US,Tennessee,Dickson,140,0,0,36.14669837,-87.35891709,47043.0,259.50915696596724,0.0,140,140,0,0,140,138,53446,0,0,0,0,2
2020-06-18,US,Tennessee,Dyer,122,0,0,36.05931946,-89.41542855,47045.0,328.3188460399903,0.0,122,116,0,0,116,106,37320,6,0,0,6,10
2020-06-18,US,Tennessee,Fayette,189,2,0,35.19615831,-89.41399032,47047.0,459.4850849682737,1.058201058201058,187,186,2,0,184,183,40507,3,0,0,3,3
2020-06-18,US,Tennessee,Fentress,15,0,0,36.38128818,-84.92870012,47049.0,80.98040274253631,0.0,15,15,0,0,15,15,18217,0,0,0,0,0
2020-06-18,US,Tennessee,Franklin,64,2,0,35.15634626,-86.09201039,47051.0,151.6300227445034,3.125,62,64,2,0,62,63,41890,0,0,0,0,1
2020-06-18,US,Tennessee,Gibson,70,1,0,35.99438059,-88.93358327,47053.0,142.47043738424276,1.4285714285714286,69,69,1,0,68,69,49045,1,0,0,1,0
2020-06-18,US,Tennessee,Giles,24,0,0,35.20222469,-87.03992678,47055.0,81.45533532446375,0.0,24,23,0,0,23,22,29503,1,0,0,1,1
2020-06-18,US,Tennessee,Grainger,22,0,0,36.27469206,-83.51254721,47057.0,94.33962264150944,0.0,22,22,0,0,22,22,23145,0,0,0,0,0
2020-06-18,US,Tennessee,Greene,56,2,0,36.17470125,-82.84691273,47059.0,81.07834194790715,3.571428571428572,54,55,2,0,53,55,69087,1,0,0,1,0
2020-06-18,US,Tennessee,Grundy,37,1,0,35.38433717,-85.72142731,47061.0,275.5641617636106,2.702702702702702,36,37,1,0,36,36,13346,0,0,0,0,1
2020-06-18,US,Tennessee,Hamblen,91,4,0,36.21990035,-83.26586179,47063.0,140.14229833369268,4.395604395604397,87,92,4,0,88,88,64569,-1,0,0,-1,4
2020-06-18,US,Tennessee,Hamilton,1956,22,0,35.17670231,-85.16652245,47065.0,531.8049830888191,1.1247443762781186,1934,1881,21,0,1860,1836,364286,75,1,0,74,45
2020-06-18,US,Tennessee,Hancock,1,0,0,36.52692871,-83.22375847,47067.0,15.105740181268883,0.0,1,1,0,0,1,1,6549,0,0,0,0,0
2020-06-18,US,Tennessee,Hardeman,226,0,0,35.20772017,-88.99161161,47069.0,902.1956087824353,0.0,226,226,0,0,226,225,25220,0,0,0,0,1
2020-06-18,US,Tennessee,Hardin,46,5,0,35.19732531,-88.18593755,47071.0,179.32324964915017,10.869565217391305,41,44,5,0,39,40,25776,2,0,0,2,4
2020-06-18,US,Tennessee,Hawkins,37,2,0,36.44355426,-82.94885298,47073.0,65.1569048709189,5.405405405405406,35,37,2,0,35,35,56530,0,0,0,0,2
2020-06-18,US,Tennessee,Haywood,39,2,0,35.58332824,-89.28536625,47075.0,225.381414701803,5.128205128205129,37,39,2,0,37,37,17335,0,0,0,0,2
2020-06-18,US,Tennessee,Henderson,19,0,0,35.65581134,-88.38600175,47077.0,67.57477682540812,0.0,19,19,0,0,19,19,27847,0,0,0,0,0
2020-06-18,US,Tennessee,Henry,35,0,0,36.33160906,-88.30121797,47079.0,108.20837842015769,0.0,35,35,0,0,35,35,32358,0,0,0,0,0
2020-06-18,US,Tennessee,Hickman,62,0,0,35.80609681,-87.47643507,47081.0,246.2467233298912,0.0,62,62,0,0,62,62,25063,0,0,0,0,0
2020-06-18,US,Tennessee,Houston,10,0,0,36.28872054,-87.71878828,47083.0,121.93634922570419,0.0,10,10,0,0,10,10,8263,0,0,0,0,0
2020-06-18,US,Tennessee,Humphreys,18,1,0,36.03958805,-87.77992872,47085.0,96.867936712948,5.5555555555555545,17,18,1,0,17,18,18486,0,0,0,0,0
2020-06-18,US,Tennessee,Jackson,21,0,0,36.36380466,-85.67239905,47087.0,178.17749872730357,0.0,21,20,0,0,20,20,11758,1,0,0,1,0
2020-06-18,US,Tennessee,Jefferson,51,0,0,36.04818632,-83.45148924,47089.0,93.58656757500687,0.0,51,48,0,0,48,46,54012,3,0,0,3,2
2020-06-18,US,Tennessee,Johnson,26,0,0,36.45523950000001,-81.84886538,47091.0,146.16595457611876,0.0,26,25,0,0,25,25,17778,1,0,0,1,0
2020-06-18,US,Tennessee,Knox,594,5,0,35.99508821,-83.94635435,47093.0,126.29886905103622,0.8417508417508418,589,573,5,0,568,569,465289,21,0,0,21,4
2020-06-18,US,Tennessee,Lake,689,0,0,36.34180170000001,-89.48921915,47095.0,9820.410490307868,0.0,689,689,0,0,689,689,7411,0,0,0,0,0
2020-06-18,US,Tennessee,Lauderdale,71,1,0,35.75893438,-89.63015909999999,47097.0,276.98669683610973,1.4084507042253518,70,71,1,0,70,68,25825,0,0,0,0,3
2020-06-18,US,Tennessee,Lawrence,76,2,0,35.21675201,-87.39787695,47099.0,172.17162792805038,2.631578947368421,74,72,2,0,70,70,43734,4,0,0,4,2
2020-06-18,US,Tennessee,Lewis,5,0,0,35.52853208,-87.49022694,47101.0,40.75643951744376,0.0,5,5,0,0,5,5,12086,0,0,0,0,0
2020-06-18,US,Tennessee,Lincoln,48,0,0,35.13738622,-86.58910106,47103.0,139.672932549613,0.0,48,48,0,0,48,47,34117,0,0,0,0,1
2020-06-18,US,Tennessee,Loudon,221,1,0,35.73939663,-84.31145275,47105.0,408.7445439076718,0.4524886877828054,220,214,1,0,213,210,53054,7,0,0,7,4
2020-06-18,US,Tennessee,Macon,216,3,0,36.53157855,-86.00778595,47111.0,877.9774002113651,1.3888888888888888,213,209,3,0,206,209,24265,7,0,0,7,0
2020-06-18,US,Tennessee,Madison,188,2,0,35.61181957,-88.84076036,47113.0,191.86806009144348,1.0638297872340423,186,188,2,0,186,183,97605,0,0,0,0,5
2020-06-18,US,Tennessee,Marion,49,2,0,35.12997174,-85.62265895,47115.0,169.50911543916698,4.081632653061225,47,49,2,0,47,49,28575,0,0,0,0,0
2020-06-18,US,Tennessee,Marshall,45,1,0,35.45798777,-86.76420988,47117.0,130.9090909090909,2.2222222222222223,44,44,1,0,43,43,33683,1,0,0,1,1
2020-06-18,US,Tennessee,Maury,198,2,0,35.618741299999996,-87.07462444,47119.0,205.42189299386845,1.0101010101010102,196,177,1,0,176,171,94340,21,1,0,20,6
2020-06-18,US,Tennessee,McMinn,171,15,0,35.42812616,-84.61520715,47107.0,317.87931739599213,8.771929824561402,156,170,15,0,155,169,53285,1,0,0,1,1
2020-06-18,US,Tennessee,McNairy,35,0,0,35.17468549,-88.5647812,47109.0,136.21857242936093,0.0,35,33,0,0,33,31,25832,2,0,0,2,2
2020-06-18,US,Tennessee,Meigs,30,0,0,35.51558739,-84.81482914,47121.0,241.50700370310742,0.0,30,29,0,0,29,30,12306,1,0,0,1,-1
2020-06-18,US,Tennessee,Monroe,97,4,0,35.44550387,-84.24902965,47123.0,208.40047266086586,4.123711340206185,93,93,4,0,89,91,46357,4,0,0,4,2
2020-06-18,US,Tennessee,Montgomery,356,5,0,36.49609412,-87.38550661,47125.0,170.34063341834414,1.404494382022472,351,341,5,0,336,341,205950,15,0,0,15,0
2020-06-18,US,Tennessee,Moore,5,0,0,35.27724699,-86.36230578,47127.0,77.06535141800245,0.0,5,5,0,0,5,5,6411,0,0,0,0,0
2020-06-18,US,Tennessee,Morgan,22,1,0,36.13248031,-84.64880098,47129.0,102.78932859879455,4.545454545454546,21,21,1,0,20,21,21579,1,0,0,1,0
2020-06-18,US,Tennessee,Obion,68,1,0,36.35732446,-89.14921589,47131.0,226.1465296484752,1.4705882352941178,67,67,1,0,66,67,30267,1,0,0,1,0
2020-06-18,US,Tennessee,Out of TN,463,7,0,0.0,0.0,80047.0,0.0,1.5118790496760257,456,463,7,0,456,463,,0,0,0,0,0
2020-06-18,US,Tennessee,Overton,38,0,0,36.34117832,-85.28989535,47133.0,170.85562699518906,0.0,38,38,0,0,38,38,22068,0,0,0,0,0
2020-06-18,US,Tennessee,Perry,28,0,0,35.63708728,-87.86139634,47135.0,346.7062902426944,0.0,28,28,0,0,28,28,8064,0,0,0,0,0
2020-06-18,US,Tennessee,Pickett,4,0,0,36.55606529,-85.07763299999998,47137.0,79.23930269413628,0.0,4,4,0,0,4,4,5082,0,0,0,0,0
2020-06-18,US,Tennessee,Polk,32,0,0,35.12245443,-84.52075859,47139.0,190.11406844106463,0.0,32,32,0,0,32,29,16898,0,0,0,0,3
2020-06-18,US,Tennessee,Putnam,630,6,0,36.14005459,-85.50646123,47141.0,785.0956445884477,0.9523809523809524,624,612,6,0,606,613,78843,18,0,0,18,-1
2020-06-18,US,Tennessee,Rhea,243,0,0,35.60536161,-84.93076643,47143.0,732.6559532065004,0.0,243,243,0,0,243,239,33044,0,0,0,0,4
2020-06-18,US,Tennessee,Roane,32,0,0,35.84923189,-84.52458689,47145.0,59.94529991382864,0.0,32,32,0,0,32,32,53140,0,0,0,0,0
2020-06-18,US,Tennessee,Robertson,670,9,0,36.52454807,-86.87346725,47147.0,932.9787085903666,1.3432835820895523,661,658,9,0,649,657,71012,12,0,0,12,1
2020-06-18,US,Tennessee,Rutherford,1888,32,0,35.84591405,-86.4107263,47149.0,568.1869479513067,1.6949152542372878,1856,1851,31,0,1820,1820,324890,37,1,0,36,31
2020-06-18,US,Tennessee,Scott,15,0,0,36.42325673,-84.50360494,47151.0,67.97172376291462,0.0,15,14,0,0,14,14,22039,1,0,0,1,0
2020-06-18,US,Tennessee,Sequatchie,23,0,0,35.36979721,-85.41022136,47153.0,153.06801543990414,0.0,23,23,0,0,23,22,14876,0,0,0,0,1
2020-06-18,US,Tennessee,Sevier,342,3,0,35.78077323,-83.52244332,47155.0,348.0916030534351,0.8771929824561403,339,297,3,0,294,285,97892,45,0,0,45,12
2020-06-18,US,Tennessee,Shelby,7290,158,0,35.1864775,-89.89692423,47157.0,777.8771316927845,2.167352537722908,7132,7183,155,0,7028,7104,935764,107,3,0,104,79
2020-06-18,US,Tennessee,Smith,46,1,0,36.25359775,-85.95411046,47159.0,228.20856278216004,2.1739130434782608,45,43,1,0,42,43,19942,3,0,0,3,0
2020-06-18,US,Tennessee,Stewart,17,0,0,36.50235092,-87.83920548,47161.0,123.95187750637987,0.0,17,16,0,0,16,16,13561,1,0,0,1,0
2020-06-18,US,Tennessee,Sullivan,71,2,0,36.51240691,-82.30412917,47163.0,44.837951852881005,2.8169014084507036,69,71,2,0,69,70,157668,0,0,0,0,1
2020-06-18,US,Tennessee,Sumner,1130,49,0,36.46824103,-86.45917204,47165.0,590.7477402591971,4.336283185840708,1081,1119,48,0,1071,1112,187149,11,1,0,10,7
2020-06-18,US,Tennessee,Tipton,541,4,0,35.501942,-89.73694895,47167.0,878.2610107306938,0.7393715341959335,537,534,4,0,530,525,61581,7,0,0,7,9
2020-06-18,US,Tennessee,Trousdale,1464,5,0,36.39026213,-86.16087954,47169.0,12974.122651542008,0.34153005464480873,1459,1460,4,0,1456,1460,11012,4,1,0,3,0
2020-06-18,US,Tennessee,Unassigned,152,0,0,0.0,0.0,90047.0,0.0,0.0,152,152,0,0,152,152,,0,0,0,0,0
2020-06-18,US,Tennessee,Unicoi,52,0,0,36.10890856,-82.43709629,47171.0,290.77895207739186,0.0,52,52,0,0,52,52,17761,0,0,0,0,0
2020-06-18,US,Tennessee,Union,9,0,0,36.28590426,-83.83651902,47173.0,45.063088323653105,0.0,9,9,0,0,9,9,19688,0,0,0,0,0
2020-06-18,US,Tennessee,Van Buren,5,0,0,35.69864497,-85.45221699,47175.0,85.14986376021798,0.0,5,5,0,0,5,5,5765,0,0,0,0,0
2020-06-18,US,Tennessee,Warren,36,0,0,35.672829899999996,-85.77969117,47177.0,87.21564067156044,0.0,36,35,0,0,35,35,40878,1,0,0,1,0
2020-06-18,US,Tennessee,Washington,99,0,0,36.29472368,-82.49454720000001,47179.0,76.52173913043478,0.0,99,93,0,0,93,91,128607,6,0,0,6,2
2020-06-18,US,Tennessee,Wayne,64,0,0,35.23868267,-87.78644456,47181.0,383.85413542853723,0.0,64,64,0,0,64,64,16558,0,0,0,0,0
2020-06-18,US,Tennessee,Weakley,36,0,0,36.29896232,-88.71990865,47183.0,108.01728276524244,0.0,36,35,0,0,35,32,33415,1,0,0,1,3
2020-06-18,US,Tennessee,White,51,2,0,35.92929884,-85.45591799,47185.0,186.50575973669774,3.92156862745098,49,50,2,0,48,49,27107,1,0,0,1,1
2020-06-18,US,Tennessee,Williamson,742,12,0,35.89099229,-86.89281867,47187.0,311.2259450027683,1.6172506738544474,730,730,12,0,718,723,231729,12,0,0,12,7
2020-06-18,US,Tennessee,Wilson,565,14,0,36.15496772,-86.29775884,47189.0,390.57909399476,2.4778761061946897,551,544,14,0,530,537,140625,21,0,0,21,7
2020-06-18,US,Texas,Anderson,1003,2,0,31.81534745,-95.65354823,48001.0,1737.2477699835456,0.19940179461615154,1001,990,2,0,988,102,58057,13,0,0,13,888
2020-06-18,US,Texas,Andrews,33,0,0,32.30468633,-102.63765479999999,48003.0,176.4234161988773,0.0,33,30,0,0,30,30,18128,3,0,0,3,0
2020-06-18,US,Texas,Angelina,352,6,0,31.25457347,-94.60901487,48005.0,405.92746352995437,1.7045454545454546,346,352,5,0,347,331,87092,0,1,0,-1,21
2020-06-18,US,Texas,Aransas,7,0,0,28.10556197,-96.9995047,48007.0,29.774564015312638,0.0,7,7,0,0,7,7,23792,0,0,0,0,0
2020-06-18,US,Texas,Archer,3,0,0,33.61569967,-98.68754589,48009.0,35.0754121360926,0.0,3,3,0,0,3,3,8786,0,0,0,0,0
2020-06-18,US,Texas,Armstrong,3,0,0,34.96507426,-101.35748740000001,48011.0,158.9825119236884,0.0,3,3,0,0,3,2,1892,0,0,0,0,1
2020-06-18,US,Texas,Atascosa,45,2,0,28.89333001,-98.52730485,48013.0,87.97137997771392,4.4444444444444455,43,42,2,0,40,42,50310,3,0,0,3,0
2020-06-18,US,Texas,Austin,42,0,0,29.88548725,-96.27736949,48015.0,139.85082578582845,0.0,42,37,0,0,37,36,29989,5,0,0,5,1
2020-06-18,US,Texas,Bailey,83,0,0,34.06854817,-102.8299707,48017.0,1185.7142857142858,0.0,83,52,0,0,52,40,7027,31,0,0,31,12
2020-06-18,US,Texas,Bandera,8,0,0,29.74619598,-99.24598147,48019.0,34.61405330564209,0.0,8,7,0,0,7,7,22824,1,0,0,1,0
2020-06-18,US,Texas,Bastrop,346,4,0,30.10370699,-97.31206354,48021.0,389.9777960619005,1.1560693641618498,342,338,4,0,334,313,86976,8,0,0,8,25
2020-06-18,US,Texas,Baylor,1,0,0,33.61640794,-99.21352901,48023.0,28.498147620404676,0.0,1,1,0,0,1,1,3582,0,0,0,0,0
2020-06-18,US,Texas,Bee,32,0,0,28.41761668,-97.74215593,48025.0,98.26500844464917,0.0,32,32,0,0,32,32,32587,0,0,0,0,0
2020-06-18,US,Texas,Bell,722,9,0,31.03736027,-97.4785025,48027.0,198.9397229171948,1.2465373961218835,713,672,7,0,665,651,355642,50,2,0,48,21
2020-06-18,US,Texas,Bexar,5142,90,0,29.44928723,-98.52019748,48029.0,256.6439437120237,1.7502917152858808,5052,4876,89,0,4787,4437,1986049,266,1,0,265,439
2020-06-18,US,Texas,Blanco,13,1,0,30.26640707,-98.3999852,48031.0,108.9598524851228,7.6923076923076925,12,12,1,0,11,11,11702,1,0,0,1,1
2020-06-18,US,Texas,Bosque,7,0,0,31.89978581,-97.63613524,48035.0,37.46320578003746,0.0,7,7,0,0,7,7,18691,0,0,0,0,0
2020-06-18,US,Texas,Bowie,384,8,0,33.44626922,-94.41834132,48037.0,411.8183280604858,2.083333333333333,376,381,8,0,373,377,94324,3,0,0,3,4
2020-06-18,US,Texas,Brazoria,1558,18,0,29.18757369,-95.44563172,48039.0,416.2836927943911,1.1553273427471116,1540,1525,18,0,1507,1495,370200,33,0,0,33,30
2020-06-18,US,Texas,Brazos,1025,25,0,30.663644800000004,-96.30205577,48041.0,447.18621706637117,2.4390243902439024,1000,880,25,0,855,821,226758,145,0,0,145,59
2020-06-18,US,Texas,Brewster,22,0,0,29.81008251,-103.25203259999999,48043.0,239.05248288601544,0.0,22,18,0,0,18,13,9267,4,0,0,4,5
2020-06-18,US,Texas,Briscoe,1,0,0,34.53026962,-101.2084947,48045.0,64.68305304010349,0.0,1,1,0,0,1,1,1516,0,0,0,0,0
2020-06-18,US,Texas,Brooks,3,0,0,27.03103197,-98.21808402,48047.0,42.295220640067676,0.0,3,3,0,0,3,3,7114,0,0,0,0,0
2020-06-18,US,Texas,Brown,61,10,0,31.77430356,-98.99907113,48049.0,161.10289457004015,16.393442622950822,51,61,10,0,51,61,37924,0,0,0,0,0
2020-06-18,US,Texas,Burleson,53,0,0,30.49273808,-96.62158484,48051.0,287.3719026188798,0.0,53,48,0,0,48,45,18389,5,0,0,5,3
2020-06-18,US,Texas,Burnet,75,2,0,30.78801353,-98.181887,48053.0,155.747066763576,2.6666666666666665,73,66,1,0,65,62,47542,9,1,0,8,4
2020-06-18,US,Texas,Caldwell,190,1,0,29.83668859,-97.61814775,48055.0,435.14107731769883,0.5263157894736842,189,170,1,0,169,157,43247,20,0,0,20,13
2020-06-18,US,Texas,Calhoun,46,3,0,28.47048236,-96.61633945,48057.0,216.06387975575387,6.521739130434782,43,46,3,0,43,46,21561,0,0,0,0,0
2020-06-18,US,Texas,Callahan,13,2,0,32.29760619,-99.37326312,48059.0,93.23674962346699,15.384615384615385,11,13,2,0,11,13,13994,0,0,0,0,0
2020-06-18,US,Texas,Cameron,1301,47,0,26.14524221,-97.48140372,48061.0,307.4465395131427,3.6126056879323594,1254,1236,45,0,1191,1178,423908,65,2,0,63,58
2020-06-18,US,Texas,Camp,109,1,0,32.97195142,-94.97790104,48063.0,832.4423400030548,0.9174311926605504,108,109,1,0,108,109,13033,0,0,0,0,0
2020-06-18,US,Texas,Carson,6,0,0,35.40365929,-101.35426690000001,48065.0,101.24873439082012,0.0,6,6,0,0,6,6,6005,0,0,0,0,0
2020-06-18,US,Texas,Cass,36,2,0,33.07499881,-94.34646905,48067.0,119.89609005528541,5.5555555555555545,34,35,2,0,33,34,30119,1,0,0,1,1
2020-06-18,US,Texas,Castro,50,1,0,34.53016752,-102.2617243,48069.0,664.0106241699867,2.0,49,48,1,0,47,48,7665,2,0,0,2,0
2020-06-18,US,Texas,Chambers,130,1,0,29.70972016,-94.67154501,48071.0,296.55314004151745,0.7692307692307693,129,128,1,0,127,116,42454,2,0,0,2,12
2020-06-18,US,Texas,Cherokee,65,2,0,31.837258000000002,-95.16559897,48073.0,123.4661702693462,3.0769230769230766,63,61,2,0,59,61,52592,4,0,0,4,0
2020-06-18,US,Texas,Childress,6,0,0,34.529304100000004,-100.2077916,48075.0,82.12428141253764,0.0,6,6,0,0,6,6,7291,0,0,0,0,0
2020-06-18,US,Texas,Clay,5,0,0,33.78686685,-98.20771198,48077.0,47.75093114315729,0.0,5,5,0,0,5,5,10456,0,0,0,0,0
2020-06-18,US,Texas,Cochran,1,0,0,33.60425307,-102.82844990000001,48079.0,35.05082369435681,0.0,1,1,0,0,1,1,2836,0,0,0,0,0
2020-06-18,US,Texas,Coke,4,0,0,31.88911733,-100.5297533,48081.0,118.09861234130501,0.0,4,4,0,0,4,4,3370,0,0,0,0,0
2020-06-18,US,Texas,Coleman,3,0,0,31.76736834,-99.45240766,48083.0,36.697247706422026,0.0,3,3,0,0,3,3,8397,0,0,0,0,0
2020-06-18,US,Texas,Collin,1967,38,0,33.18820114,-96.57264368,48085.0,190.0978999352488,1.9318759532282663,1929,1866,38,0,1828,1787,1005146,101,0,0,101,79
2020-06-18,US,Texas,Collingsworth,5,0,0,34.96489496,-100.27001109999999,48087.0,171.23287671232876,0.0,5,5,0,0,5,5,2962,0,0,0,0,0
2020-06-18,US,Texas,Colorado,44,0,0,29.622097999999998,-96.5273805,48089.0,204.71781510259154,0.0,44,41,0,0,41,36,21217,3,0,0,3,5
2020-06-18,US,Texas,Comal,207,7,0,29.80811278,-98.27647225,48091.0,132.5147718761403,3.3816425120772946,200,197,7,0,190,159,148373,10,0,0,10,38
2020-06-18,US,Texas,Comanche,14,1,0,31.94854689,-98.55876441,48093.0,102.67693436010269,7.142857142857142,13,14,1,0,13,14,13534,0,0,0,0,0
2020-06-18,US,Texas,Concho,1,0,0,31.32635934,-99.86473038,48095.0,36.683785766691116,0.0,1,1,0,0,1,1,4276,0,0,0,0,0
2020-06-18,US,Texas,Cooke,27,0,0,33.63979567,-97.21240912,48097.0,65.44343990110771,0.0,27,26,0,0,26,24,40574,1,0,0,1,2
2020-06-18,US,Texas,Coryell,304,2,0,31.39078397,-97.79936155,48099.0,400.25806111835266,0.6578947368421053,302,303,2,0,301,300,74808,1,0,0,1,3
2020-06-18,US,Texas,Cottle,4,1,0,34.07783319,-100.27850620000001,48101.0,286.12303290414883,25.0,3,4,1,0,3,4,1389,0,0,0,0,0
2020-06-18,US,Texas,Crane,45,5,0,31.43052248,-102.5143314,48103.0,938.0863039399624,11.111111111111109,40,39,5,0,34,39,4794,6,0,0,6,0
2020-06-18,US,Texas,Crockett,5,0,0,30.72367027,-101.4134238,48105.0,144.3418013856813,0.0,5,5,0,0,5,5,3499,0,0,0,0,0
2020-06-18,US,Texas,Crosby,8,1,0,33.61431553,-101.30003640000001,48107.0,139.44570332926614,12.5,7,8,1,0,7,7,5779,0,0,0,0,1
2020-06-18,US,Texas,Dallam,45,1,0,36.27787176,-102.60207249999999,48111.0,617.5380815150268,2.2222222222222223,44,39,1,0,38,36,7200,6,0,0,6,3
2020-06-18,US,Texas,Dallas,15648,307,0,32.76670599,-96.77796049999999,48113.0,593.7357238582501,1.9619120654396731,15341,15256,302,0,14954,14843,2637772,392,5,0,387,413
2020-06-18,US,Texas,Dawson,45,1,0,32.74255572,-101.94772420000001,48115.0,353.55122564424886,2.2222222222222223,44,45,1,0,44,45,12619,0,0,0,0,0
2020-06-18,US,Texas,DeWitt,35,1,0,29.08101855,-97.35681170000001,48123.0,173.61111111111111,2.8571428571428568,34,31,1,0,30,31,20187,4,0,0,4,0
2020-06-18,US,Texas,Deaf Smith,226,16,0,34.96522957,-102.6054267,48117.0,1218.5916100506847,7.079646017699115,210,223,16,0,207,222,18760,3,0,0,3,1
2020-06-18,US,Texas,Delta,3,0,0,33.38570922,-95.66921122,48119.0,56.27462014631402,0.0,3,3,0,0,3,2,5349,0,0,0,0,1
2020-06-18,US,Texas,Denton,1893,36,0,33.20521901,-97.11691153,48121.0,213.36621555059867,1.901743264659271,1857,1812,36,0,1776,1772,859064,81,0,0,81,40
2020-06-18,US,Texas,Dickens,2,0,0,33.61616822,-100.7788855,48125.0,90.45680687471732,0.0,2,2,0,0,2,2,2249,0,0,0,0,0
2020-06-18,US,Texas,Dimmit,1,0,0,28.42270064,-99.75645095,48127.0,9.877518767285656,0.0,1,1,0,0,1,1,10308,0,0,0,0,0
2020-06-18,US,Texas,Donley,27,0,0,34.96517499,-100.8140093,48129.0,823.672971323978,0.0,27,27,0,0,27,28,3319,0,0,0,0,-1
2020-06-18,US,Texas,Duval,5,0,0,27.68184592,-98.50864568,48131.0,44.81491440351349,0.0,5,5,0,0,5,5,11212,0,0,0,0,0
2020-06-18,US,Texas,Eastland,7,0,0,32.32743996,-98.83243566,48133.0,38.12636165577342,0.0,7,7,0,0,7,7,18322,0,0,0,0,0
2020-06-18,US,Texas,Ector,289,7,0,31.86898877,-102.54294279999999,48135.0,173.8628228343851,2.4221453287197234,282,275,7,0,268,260,162124,14,0,0,14,15
2020-06-18,US,Texas,El Paso,4088,119,0,31.76980765,-106.23632749999999,48141.0,487.1085437027399,2.910958904109589,3969,3999,113,0,3886,3948,840758,89,6,0,83,51
2020-06-18,US,Texas,Ellis,490,19,0,32.34894117,-96.79371841,48139.0,265.11421553244674,3.877551020408163,471,470,19,0,451,458,179436,20,0,0,20,12
2020-06-18,US,Texas,Erath,43,1,0,32.23602653,-98.21773417,48143.0,100.70729308164316,2.3255813953488373,42,41,1,0,40,37,42446,2,0,0,2,4
2020-06-18,US,Texas,Falls,21,0,0,31.25350609,-96.93630086,48145.0,121.40833670578715,0.0,21,19,0,0,19,18,17335,2,0,0,2,1
2020-06-18,US,Texas,Fannin,65,6,0,33.59564294,-96.10751083,48147.0,183.02641211916423,9.23076923076923,59,59,6,0,53,55,35286,6,0,0,6,4
2020-06-18,US,Texas,Fayette,51,2,0,29.87788372,-96.92076062,48149.0,201.21518188274285,3.92156862745098,49,52,2,0,50,45,25349,-1,0,0,-1,7
2020-06-18,US,Texas,Fisher,2,1,0,32.74281316,-100.40193020000001,48151.0,52.219321148825074,50.0,1,2,1,0,1,2,3839,0,0,0,0,0
2020-06-18,US,Texas,Floyd,17,1,0,34.07227468,-101.3031546,48153.0,297.61904761904765,5.882352941176472,16,16,1,0,15,16,5837,1,0,0,1,0
2020-06-18,US,Texas,Fort Bend,2667,50,0,29.52704478,-95.77219463,48157.0,328.57452617261805,1.8747656542932132,2617,2496,50,0,2446,2402,787858,171,0,0,171,94
2020-06-18,US,Texas,Franklin,30,0,0,33.17653242,-95.21917243,48159.0,279.72027972027973,0.0,30,29,0,0,29,27,10766,1,0,0,1,2
2020-06-18,US,Texas,Freestone,19,0,0,31.70422788,-96.15072516,48161.0,96.3635441497185,0.0,19,17,0,0,17,17,19808,2,0,0,2,0
2020-06-18,US,Texas,Frio,86,0,0,28.86751206,-99.10804207,48163.0,423.5201418300009,0.0,86,80,0,0,80,79,19816,6,0,0,6,1
2020-06-18,US,Texas,Gaines,14,0,0,32.74055318,-102.6353295,48165.0,65.14051740182393,0.0,14,14,0,0,14,14,20901,0,0,0,0,0
2020-06-18,US,Texas,Galveston,1486,40,0,29.40167322,-94.90469073,48167.0,434.32639950429495,2.6917900403768504,1446,1378,40,0,1338,1312,337890,108,0,0,108,66
2020-06-18,US,Texas,Garza,7,0,0,33.17969345,-101.2984114,48169.0,112.37758869802536,0.0,7,7,0,0,7,7,6578,0,0,0,0,0
2020-06-18,US,Texas,Gillespie,10,0,0,30.31824095,-98.94676915,48171.0,37.05350526159775,0.0,10,9,0,0,9,9,26804,1,0,0,1,0
2020-06-18,US,Texas,Glasscock,5,0,0,31.86942909,-101.5207776,48173.0,354.86160397445,0.0,5,3,0,0,3,3,1388,2,0,0,2,0
2020-06-18,US,Texas,Goliad,7,0,0,28.65696592,-97.42760647,48175.0,91.40767824497256,0.0,7,7,0,0,7,7,7584,0,0,0,0,0
2020-06-18,US,Texas,Gonzales,175,4,0,29.45634206,-97.49424032,48177.0,839.8521860152613,2.2857142857142856,171,172,4,0,168,169,20826,3,0,0,3,3
2020-06-18,US,Texas,Gray,112,4,0,35.40081878,-100.8129222,48179.0,511.7426665448231,3.571428571428572,108,111,4,0,107,111,21895,1,0,0,1,0
2020-06-18,US,Texas,Grayson,481,4,0,33.62744998,-96.67753461,48181.0,353.12600945584825,0.8316008316008316,477,473,4,0,469,440,133991,8,0,0,8,33
2020-06-18,US,Texas,Gregg,302,12,0,32.47940482,-94.81591935,48183.0,243.6564605268466,3.9735099337748334,290,296,12,0,284,285,123707,6,0,0,6,11
2020-06-18,US,Texas,Grimes,291,2,0,30.54579585,-95.98902499,48185.0,1007.617728531856,0.6872852233676976,289,287,2,0,285,281,28360,4,0,0,4,6
2020-06-18,US,Texas,Guadalupe,186,0,0,29.58165339,-97.94786822,48187.0,111.47937931158485,0.0,186,184,0,0,184,175,163694,2,0,0,2,9
2020-06-18,US,Texas,Hale,110,5,0,34.07044901,-101.82681140000001,48189.0,329.2821648805604,4.545454545454546,105,110,5,0,105,100,33830,0,0,0,0,10
2020-06-18,US,Texas,Hall,2,1,0,34.5307555,-100.68138520000001,48191.0,67.47638326585695,50.0,1,2,1,0,1,2,3028,0,0,0,0,0
2020-06-18,US,Texas,Hamilton,18,1,0,31.70470573,-98.11083887,48193.0,212.7408107788677,5.5555555555555545,17,18,1,0,17,15,8484,0,0,0,0,3
2020-06-18,US,Texas,Hansford,23,2,0,36.27743284,-101.3545796,48195.0,426.0048157066124,8.695652173913043,21,23,2,0,21,23,5463,0,0,0,0,0
2020-06-18,US,Texas,Hardeman,4,0,0,34.28944521,-99.74632408,48197.0,101.70353419781335,0.0,4,4,0,0,4,4,3922,0,0,0,0,0
2020-06-18,US,Texas,Hardin,156,5,0,30.33364686,-94.38931817,48199.0,270.8239297246623,3.2051282051282053,151,155,5,0,150,147,57207,1,0,0,1,8
2020-06-18,US,Texas,Harris,18552,305,0,29.86,-95.39,48201.0,393.6074851617489,1.6440275981026304,18247,18157,298,0,17859,17707,4698619,395,7,0,388,450
2020-06-18,US,Texas,Harrison,268,30,0,32.54935988,-94.36934071,48203.0,402.68658061995694,11.194029850746267,238,269,29,0,240,269,66726,-1,1,0,-2,0
2020-06-18,US,Texas,Hartley,13,2,0,35.84008013,-102.6029022,48205.0,233.14203730272598,15.384615384615385,11,13,2,0,11,13,5619,0,0,0,0,0
2020-06-18,US,Texas,Haskell,4,0,0,33.17823584,-99.73037358,48207.0,70.69635913750443,0.0,4,4,0,0,4,4,5813,0,0,0,0,0
2020-06-18,US,Texas,Hays,1238,5,0,30.05669873,-98.02944344,48209.0,537.8142499055133,0.4038772213247173,1233,1093,5,0,1088,938,222631,145,0,0,145,155
2020-06-18,US,Texas,Hemphill,2,0,0,35.83764858,-100.2703577,48211.0,52.36973029588898,0.0,2,2,0,0,2,1,3825,0,0,0,0,1
2020-06-18,US,Texas,Henderson,90,3,0,32.21128872,-95.85846587,48213.0,108.77841836179701,3.333333333333333,87,85,3,0,82,82,82299,5,0,0,5,3
2020-06-18,US,Texas,Hidalgo,1347,19,0,26.39418217,-98.18299696,48215.0,155.0580345271766,1.4105419450631032,1328,1255,17,0,1238,1112,865939,92,2,0,90,143
2020-06-18,US,Texas,Hill,46,1,0,31.99045053,-97.13423143,48217.0,125.5150208736937,2.1739130434782608,45,41,1,0,40,38,36354,5,0,0,5,3
2020-06-18,US,Texas,Hockley,29,1,0,33.60771256,-102.3431676,48219.0,125.97193866469743,3.4482758620689653,28,29,1,0,28,28,22980,0,0,0,0,1
2020-06-18,US,Texas,Hood,35,4,0,32.42990927,-97.83242024,48221.0,56.778547442531995,11.428571428571427,31,35,4,0,31,35,60537,0,0,0,0,0
2020-06-18,US,Texas,Hopkins,44,0,0,33.14875072,-95.56351139,48223.0,118.64955236759786,0.0,44,44,0,0,44,44,36810,0,0,0,0,0
2020-06-18,US,Texas,Houston,147,0,0,31.31925973,-95.42226208,48225.0,640.0208986415882,0.0,147,148,0,0,148,147,23169,-1,0,0,-1,1
2020-06-18,US,Texas,Howard,24,1,0,32.30621324,-101.4356444,48227.0,65.459306131355,4.166666666666667,23,24,1,0,23,23,36459,0,0,0,0,1
2020-06-18,US,Texas,Hudspeth,14,0,0,31.45628381,-105.388178,48229.0,286.5329512893983,0.0,14,13,0,0,13,13,4795,1,0,0,1,0
2020-06-18,US,Texas,Hunt,223,5,0,33.12351514,-96.08551032,48231.0,226.18009209485362,2.242152466367713,218,217,5,0,212,185,96493,6,0,0,6,32
2020-06-18,US,Texas,Hutchinson,47,0,0,35.84006574,-101.3546643,48233.0,224.47225140892158,0.0,47,47,0,0,47,45,21198,0,0,0,0,2
2020-06-18,US,Texas,Irion,1,0,0,31.30375559,-100.982439,48235.0,65.10416666666667,0.0,1,1,0,0,1,1,1522,0,0,0,0,0
2020-06-18,US,Texas,Jack,4,0,0,33.23377248,-98.17283469,48237.0,44.76776720761052,0.0,4,4,0,0,4,4,8843,0,0,0,0,0
2020-06-18,US,Texas,Jackson,21,1,0,28.95472367,-96.57749563,48239.0,142.27642276422762,4.761904761904762,20,21,1,0,20,21,14874,0,0,0,0,0
2020-06-18,US,Texas,Jasper,33,1,0,30.74685667,-94.02667579,48241.0,92.8818711475133,3.0303030303030303,32,33,1,0,32,32,35872,0,0,0,0,1
2020-06-18,US,Texas,Jefferson,1340,32,0,29.8832777,-94.16434171,48245.0,532.6655138830919,2.388059701492537,1308,1319,32,0,1287,1279,255001,21,0,0,21,40
2020-06-18,US,Texas,Jim Hogg,6,0,0,27.04453923,-98.69681870000001,48247.0,115.3846153846154,0.0,6,4,0,0,4,4,5248,2,0,0,2,0
2020-06-18,US,Texas,Jim Wells,21,0,0,27.73103938,-98.0904705,48249.0,51.87490736623685,0.0,21,19,0,0,19,18,40822,2,0,0,2,1
2020-06-18,US,Texas,Johnson,249,4,0,32.37877812,-97.36615819,48251.0,141.62453005113272,1.606425702811245,245,244,4,0,240,232,171361,5,0,0,5,12
2020-06-18,US,Texas,Jones,614,0,0,32.73997145,-99.87861576,48253.0,3057.3121545585823,0.0,614,615,0,0,615,630,19817,-1,0,0,-1,-15
2020-06-18,US,Texas,Karnes,7,0,0,28.90705334,-97.85960149,48255.0,44.86891865906031,0.0,7,7,0,0,7,4,15650,0,0,0,0,3
2020-06-18,US,Texas,Kaufman,349,4,0,32.599141700000004,-96.28734728,48257.0,256.3273939803458,1.146131805157593,345,343,4,0,339,339,128622,6,0,0,6,4
2020-06-18,US,Texas,Kendall,36,0,0,29.94414155,-98.7113588,48259.0,75.89972802597455,0.0,36,36,0,0,36,36,45641,0,0,0,0,0
2020-06-18,US,Texas,Kerr,20,1,0,30.06040006,-99.34930144,48265.0,38.02281368821293,5.0,19,20,1,0,19,20,52405,0,0,0,0,0
2020-06-18,US,Texas,Kimble,1,0,0,30.48678918,-99.74856473,48267.0,23.057412958266077,0.0,1,1,0,0,1,1,4362,0,0,0,0,0
2020-06-18,US,Texas,Kinney,1,0,0,29.34967888,-100.41866379999999,48271.0,27.27024815925825,0.0,1,1,0,0,1,1,3767,0,0,0,0,0
2020-06-18,US,Texas,Kleberg,23,1,0,27.42435506,-97.69894948,48273.0,74.96740547588006,4.3478260869565215,22,20,1,0,19,20,31129,3,0,0,3,0
2020-06-18,US,Texas,Knox,1,0,0,33.60519951,-99.74229059999999,48275.0,27.29257641921397,0.0,1,1,0,0,1,1,3653,0,0,0,0,0
2020-06-18,US,Texas,La Salle,5,0,0,28.34453111,-99.09908775,48283.0,66.48936170212765,0.0,5,5,0,0,5,4,7531,0,0,0,0,1
2020-06-18,US,Texas,Lamar,180,12,0,33.66981763,-95.57404777,48277.0,361.0180709601075,6.666666666666668,168,180,12,0,168,174,49728,0,0,0,0,6
2020-06-18,US,Texas,Lamb,28,0,0,34.06859623,-102.35162890000001,48279.0,217.1721088963004,0.0,28,25,0,0,25,20,13158,3,0,0,3,5
2020-06-18,US,Texas,Lampasas,13,0,0,31.19531316,-98.24206613,48281.0,60.66828448758635,0.0,13,13,0,0,13,11,21229,0,0,0,0,2
2020-06-18,US,Texas,Lavaca,22,1,0,29.38508402,-96.93186692,48285.0,109.15947206509874,4.545454545454546,21,22,1,0,21,22,20110,0,0,0,0,0
2020-06-18,US,Texas,Lee,48,3,0,30.31120597,-96.97045773,48287.0,278.43842450258137,6.25,45,39,3,0,36,36,17144,9,0,0,9,3
2020-06-18,US,Texas,Leon,13,0,0,31.29872538,-95.9936328,48289.0,74.6954723052172,0.0,13,13,0,0,13,12,17270,0,0,0,0,1
2020-06-18,US,Texas,Liberty,163,3,0,30.15152688,-94.81205615,48291.0,184.76745372312087,1.8404907975460123,160,156,3,0,153,137,86323,7,0,0,7,19
2020-06-18,US,Texas,Limestone,40,1,0,31.5454767,-96.58095444,48293.0,170.6703076332295,2.5,39,41,1,0,40,40,23519,-1,0,0,-1,1
2020-06-18,US,Texas,Lipscomb,9,0,0,36.27783108,-100.27331509999999,48295.0,278.3792143519951,0.0,9,9,0,0,9,9,3355,0,0,0,0,0
2020-06-18,US,Texas,Live Oak,10,0,0,28.35101362,-98.1246786,48297.0,81.92020971573687,0.0,10,10,0,0,10,10,12166,0,0,0,0,0
2020-06-18,US,Texas,Llano,5,0,0,30.70645047,-98.68475262,48299.0,22.94104152328516,0.0,5,5,0,0,5,5,21646,0,0,0,0,0
2020-06-18,US,Texas,Lubbock,1031,51,0,33.61008596,-101.82047890000001,48303.0,331.9713171630137,4.946653734238604,980,955,51,0,904,894,307412,76,0,0,76,61
2020-06-18,US,Texas,Lynn,21,1,0,33.17657705,-101.8162849,48305.0,352.88186859351373,4.761904761904762,20,21,1,0,20,21,5877,0,0,0,0,0
2020-06-18,US,Texas,Madison,24,0,0,30.96694679,-95.93003775,48313.0,168.0201624194903,0.0,24,23,0,0,23,22,14422,1,0,0,1,1
2020-06-18,US,Texas,Marion,21,1,0,32.79868409,-94.35661230000001,48315.0,213.11142683174344,4.761904761904762,20,21,1,0,20,21,9928,0,0,0,0,0
2020-06-18,US,Texas,Martin,4,1,0,32.30600051,-101.9513518,48317.0,69.31207762952694,25.0,3,4,1,0,3,4,5753,0,0,0,0,0
2020-06-18,US,Texas,Mason,33,0,0,30.71780434,-99.22629416,48319.0,772.1104351895182,0.0,33,33,0,0,33,33,4280,0,0,0,0,0
2020-06-18,US,Texas,Matagorda,96,5,0,28.81955746,-96.01230294,48321.0,261.98728270065226,5.208333333333333,91,94,5,0,89,85,36552,2,0,0,2,9
2020-06-18,US,Texas,Maverick,200,2,0,28.7429195,-100.3157686,48323.0,340.5878546371036,1.0,198,199,2,0,197,199,58485,1,0,0,1,0
2020-06-18,US,Texas,McCulloch,4,0,0,31.1925468,-99.34682807,48307.0,50.100200400801604,0.0,4,4,0,0,4,4,7987,0,0,0,0,0
2020-06-18,US,Texas,McLennan,222,4,0,31.55255453,-97.20217694,48309.0,86.5082241264423,1.8018018018018016,218,196,4,0,192,178,254607,26,0,0,26,18
2020-06-18,US,Texas,Medina,228,2,0,29.355730100000002,-99.11030298,48325.0,441.9975186104218,0.8771929824561403,226,227,2,0,225,221,50921,1,0,0,1,6
2020-06-18,US,Texas,Midland,264,13,0,31.86904128,-102.03156820000001,48329.0,149.29424538545058,4.924242424242424,251,222,13,0,209,222,172578,42,0,0,42,0
2020-06-18,US,Texas,Milam,51,1,0,30.78581830000001,-96.97718698,48331.0,205.45461870039884,1.96078431372549,50,48,1,0,47,44,25131,3,0,0,3,4
2020-06-18,US,Texas,Mills,1,0,0,31.49557106,-98.59272068,48333.0,20.521239482864765,0.0,1,1,0,0,1,1,4921,0,0,0,0,0
2020-06-18,US,Texas,Mitchell,2,0,0,32.30623474,-100.9212058,48335.0,23.405500292568757,0.0,2,2,0,0,2,2,8145,0,0,0,0,0
2020-06-18,US,Texas,Montague,9,1,0,33.67521893,-97.72500958,48337.0,45.41326067211626,11.111111111111109,8,9,1,0,8,9,19596,0,0,0,0,0
2020-06-18,US,Texas,Montgomery,1484,33,0,30.30079133,-95.50572772,48339.0,244.32367288945667,2.2237196765498655,1451,1428,33,0,1395,1359,590925,56,0,0,56,69
2020-06-18,US,Texas,Moore,876,14,0,35.83769242,-101.8930281,48341.0,4183.381088825215,1.5981735159817352,862,872,14,0,858,872,21485,4,0,0,4,0
2020-06-18,US,Texas,Morris,31,0,0,33.11304005,-94.73255695,48343.0,250.2421698417824,0.0,31,31,0,0,31,31,12339,0,0,0,0,0
2020-06-18,US,Texas,Motley,1,0,0,34.07408766,-100.77972199999999,48345.0,83.33333333333333,0.0,1,1,0,0,1,1,1234,0,0,0,0,0
2020-06-18,US,Texas,Nacogdoches,337,25,0,31.62017125,-94.61803994,48347.0,516.8394577019815,7.418397626112759,312,329,25,0,304,326,65711,8,0,0,8,3
2020-06-18,US,Texas,Navarro,101,4,0,32.04620681,-96.47428766,48349.0,201.54450940873627,3.96039603960396,97,98,4,0,94,98,49565,3,0,0,3,0
2020-06-18,US,Texas,Newton,6,0,0,30.78548982,-93.74408813,48351.0,44.13387274733358,0.0,6,6,0,0,6,6,13746,0,0,0,0,0
2020-06-18,US,Texas,Nolan,8,0,0,32.30365282,-100.4060208,48353.0,54.36998776675275,0.0,8,5,0,0,5,5,14751,3,0,0,3,0
2020-06-18,US,Texas,Nueces,420,4,0,27.736286,-97.5433285,48355.0,115.92794802011628,0.9523809523809524,416,391,4,0,387,360,362265,29,0,0,29,31
2020-06-18,US,Texas,Ochiltree,53,2,0,36.27829105,-100.8158184,48357.0,538.8369255795038,3.7735849056603774,51,53,2,0,51,53,9947,0,0,0,0,0
2020-06-18,US,Texas,Oldham,4,1,0,35.40425596,-102.6027606,48359.0,189.3939393939394,25.0,3,4,1,0,3,4,2131,0,0,0,0,0
2020-06-18,US,Texas,Orange,126,3,0,30.11879481,-93.89412775,48361.0,151.08638303995394,2.380952380952381,123,118,3,0,115,107,83572,8,0,0,8,11
2020-06-18,US,Texas,Palo Pinto,14,2,0,32.75310985,-98.31319001,48363.0,47.96327383603412,14.285714285714285,12,14,2,0,12,14,28875,0,0,0,0,0
2020-06-18,US,Texas,Panola,209,23,0,32.163959600000005,-94.30552481,48365.0,901.0951108045184,11.004784688995215,186,209,23,0,186,209,23148,0,0,0,0,0
2020-06-18,US,Texas,Parker,120,1,0,32.77757172,-97.80500621,48367.0,83.98773779028262,0.8333333333333334,119,118,1,0,117,116,138371,2,0,0,2,2
2020-06-18,US,Texas,Parmer,139,0,0,34.52993409,-102.78446679999999,48369.0,1447.1629359708484,0.0,139,132,0,0,132,124,9864,7,0,0,7,8
2020-06-18,US,Texas,Pecos,111,0,0,30.78097267,-102.72412609999999,48371.0,701.5104594577513,0.0,111,111,0,0,111,112,15673,0,0,0,0,-1
2020-06-18,US,Texas,Polk,73,0,0,30.79472531,-94.82766240000001,48373.0,142.15333086674585,0.0,73,72,0,0,72,71,50031,1,0,0,1,1
2020-06-18,US,Texas,Potter,2811,38,0,35.40133773,-101.893964,48375.0,2394.0723076267936,1.351832088224831,2773,2798,37,0,2761,2789,119648,13,1,0,12,9
2020-06-18,US,Texas,Presidio,11,0,0,29.99954402,-104.24080790000001,48377.0,164.08114558472553,0.0,11,11,0,0,11,2,6948,0,0,0,0,9
2020-06-18,US,Texas,Rains,6,0,0,32.87109387,-95.79232691,48379.0,47.946300143838904,0.0,6,6,0,0,6,5,12159,0,0,0,0,1
2020-06-18,US,Texas,Randall,769,7,0,34.96585996,-101.8971322,48381.0,558.4077029764801,0.9102730819245772,762,763,7,0,756,758,136271,6,0,0,6,5
2020-06-18,US,Texas,Reagan,2,0,0,31.36607041,-101.52326590000001,48383.0,51.96154845414394,0.0,2,2,0,0,2,2,3741,0,0,0,0,0
2020-06-18,US,Texas,Real,1,0,0,29.83321503,-99.82018052,48385.0,28.968713789107767,0.0,1,1,0,0,1,1,3478,0,0,0,0,0
2020-06-18,US,Texas,Red River,95,8,0,33.61886692,-95.04841765,48387.0,790.1522082674874,8.421052631578947,87,95,8,0,87,95,12175,0,0,0,0,0
2020-06-18,US,Texas,Reeves,14,0,0,31.32323325,-103.69038959999999,48389.0,87.63144717075613,0.0,14,14,0,0,14,14,15695,0,0,0,0,0
2020-06-18,US,Texas,Refugio,6,0,0,28.323897600000002,-97.15766311,48391.0,86.35578583765113,0.0,6,6,0,0,6,6,7032,0,0,0,0,0
2020-06-18,US,Texas,Roberts,2,0,0,35.83809685,-100.813175,48393.0,234.192037470726,0.0,2,2,0,0,2,2,903,0,0,0,0,0
2020-06-18,US,Texas,Robertson,23,0,0,31.02539637,-96.51272246,48395.0,134.7077427667799,0.0,23,18,0,0,18,18,17284,5,0,0,5,0
2020-06-18,US,Texas,Rockwall,258,16,0,32.89779518,-96.40771592,48397.0,245.9133584330172,6.2015503875969005,242,247,16,0,231,233,100657,11,0,0,11,14
2020-06-18,US,Texas,Runnels,2,0,0,31.8314342,-99.97616148,48399.0,19.48558067030397,0.0,2,2,0,0,2,2,10234,0,0,0,0,0
2020-06-18,US,Texas,Rusk,241,2,0,32.10773545,-94.76176432,48401.0,442.96584935485055,0.8298755186721992,239,233,2,0,231,232,54450,8,0,0,8,1
2020-06-18,US,Texas,Sabine,15,1,0,31.34318809,-93.85440451,48403.0,142.2879908935686,6.666666666666668,14,15,1,0,14,15,10589,0,0,0,0,0
2020-06-18,US,Texas,San Augustine,86,6,0,31.39457611,-94.17000399,48405.0,1044.0694427582857,6.9767441860465125,80,74,5,0,69,61,8232,12,1,0,11,13
2020-06-18,US,Texas,San Jacinto,22,0,0,30.57933681,-95.16260304,48407.0,76.23271769638588,0.0,22,22,0,0,22,19,28719,0,0,0,0,3
2020-06-18,US,Texas,San Patricio,62,0,0,28.00880118,-97.51763891,48409.0,92.91173385283979,0.0,62,58,0,0,58,58,66893,4,0,0,4,0
2020-06-18,US,Texas,San Saba,2,0,0,31.1577796,-98.81758731,48411.0,33.03055326176713,0.0,2,2,0,0,2,2,6054,0,0,0,0,0
2020-06-18,US,Texas,Schleicher,8,0,0,30.89740592,-100.5384842,48413.0,286.4303616183315,0.0,8,8,0,0,8,6,2895,0,0,0,0,2
2020-06-18,US,Texas,Scurry,29,0,0,32.74613808,-100.91626640000001,48415.0,173.6215051188409,0.0,29,28,0,0,28,28,16866,1,0,0,1,0
2020-06-18,US,Texas,Shackelford,1,0,0,32.73587756,-99.35401337,48417.0,30.627871362940283,0.0,1,1,0,0,1,1,3253,0,0,0,0,0
2020-06-18,US,Texas,Shelby,235,8,0,31.79211404,-94.14550696,48419.0,929.8092901796311,3.404255319148936,227,230,8,0,222,230,25418,5,0,0,5,0
2020-06-18,US,Texas,Sherman,30,0,0,36.27751473,-101.8933156,48421.0,992.7200529450696,0.0,30,28,0,0,28,28,3079,2,0,0,2,0
2020-06-18,US,Texas,Smith,310,4,0,32.37474036,-95.27175679999999,48423.0,133.1895459095772,1.2903225806451613,306,297,4,0,293,283,230221,13,0,0,13,14
2020-06-18,US,Texas,Somervell,3,0,0,32.22236802,-97.77403489,48425.0,32.86590709903594,0.0,3,3,0,0,3,3,9016,0,0,0,0,0
2020-06-18,US,Texas,Starr,220,1,0,26.56150059,-98.73892358,48427.0,340.38339547908964,0.4545454545454545,219,166,1,0,165,153,64525,54,0,0,54,13
2020-06-18,US,Texas,Stephens,5,0,0,32.73553157,-98.83631615,48429.0,53.38458253256459,0.0,5,5,0,0,5,5,9433,0,0,0,0,0
2020-06-18,US,Texas,Swisher,23,1,0,34.53028891,-101.73491740000001,48437.0,310.9368662971475,4.3478260869565215,22,23,1,0,22,21,7462,0,0,0,0,2
2020-06-18,US,Texas,Tarrant,8099,205,0,32.77143818,-97.29101614,48439.0,385.2053374173312,2.531176688480059,7894,7822,199,0,7623,7642,2084931,277,6,0,271,180
2020-06-18,US,Texas,Taylor,261,5,0,32.30163422,-99.89007449,48441.0,189.08384890679108,1.9157088122605364,256,259,5,0,254,255,137640,2,0,0,2,4
2020-06-18,US,Texas,Terry,14,0,0,33.17402785,-102.3354521,48445.0,113.47977628272676,0.0,14,13,0,0,13,13,12287,1,0,0,1,0
2020-06-18,US,Texas,Throckmorton,1,0,0,33.17751417,-99.21226795,48447.0,66.62225183211193,0.0,1,1,0,0,1,1,1515,0,0,0,0,0
2020-06-18,US,Texas,Titus,719,5,0,33.21339719,-94.96797273,48449.0,2195.4198473282445,0.6954102920723226,714,719,5,0,714,717,33033,0,0,0,0,2
2020-06-18,US,Texas,Tom Green,214,1,0,31.40464436,-100.46244300000001,48451.0,179.53020134228188,0.4672897196261682,213,164,1,0,163,164,118189,50,0,0,50,0
2020-06-18,US,Texas,Travis,4991,108,0,30.33432034,-97.78535620000001,48453.0,391.77238738604376,2.1638950110198363,4883,4771,106,0,4665,4664,1248743,220,2,0,218,107
2020-06-18,US,Texas,Trinity,21,0,0,31.0879489,-95.1367187,48455.0,143.33492594362158,0.0,21,20,0,0,20,17,14740,1,0,0,1,3
2020-06-18,US,Texas,Tyler,14,0,0,30.77031716,-94.37690895,48457.0,64.59948320413437,0.0,14,14,0,0,14,14,21696,0,0,0,0,0
2020-06-18,US,Texas,Upshur,41,0,0,32.73706798,-94.93999853,48459.0,98.19653677580055,0.0,41,42,0,0,42,41,41260,-1,0,0,-1,1
2020-06-18,US,Texas,Upton,1,0,0,31.36868194,-102.0423217,48461.0,27.344818156959253,0.0,1,1,0,0,1,1,3671,0,0,0,0,0
2020-06-18,US,Texas,Uvalde,30,0,0,29.35739637,-99.76229172,48463.0,112.18727796267905,0.0,30,29,0,0,29,26,26846,1,0,0,1,3
2020-06-18,US,Texas,Val Verde,43,0,0,29.89149232,-101.1525205,48465.0,87.71035186129524,0.0,43,36,0,0,36,36,49208,7,0,0,7,0
2020-06-18,US,Texas,Van Zandt,52,1,0,32.56483801,-95.83766469,48467.0,91.88902632974023,1.9230769230769231,51,53,1,0,52,52,56019,-1,0,0,-1,1
2020-06-18,US,Texas,Victoria,223,8,0,28.79780988,-96.96813006,48469.0,242.17019243299598,3.5874439461883414,215,207,8,0,199,202,92035,16,0,0,16,5
2020-06-18,US,Texas,Walker,1885,28,0,30.73872995,-95.57440968,48471.0,2583.217990708638,1.4854111405835544,1857,1879,27,0,1852,1873,72480,6,1,0,5,6
2020-06-18,US,Texas,Waller,100,0,0,30.01058447,-95.99011759,48473.0,181.00857980668286,0.0,100,99,0,0,99,92,53126,1,0,0,1,7
2020-06-18,US,Texas,Ward,7,0,0,31.50999644,-103.09279090000001,48475.0,58.343057176196034,0.0,7,7,0,0,7,7,11720,0,0,0,0,0
2020-06-18,US,Texas,Washington,222,26,0,30.21498498,-96.40946246,48477.0,618.6946101109191,11.711711711711711,196,219,26,0,193,218,35108,3,0,0,3,1
2020-06-18,US,Texas,Webb,803,22,0,27.7610369,-99.33237355,48479.0,290.2563509390859,2.7397260273972597,781,756,21,0,735,718,275910,47,1,0,46,38
2020-06-18,US,Texas,Wharton,99,1,0,29.27765923,-96.22319248,48481.0,238.2327461738377,1.0101010101010102,98,98,1,0,97,98,41619,1,0,0,1,0
2020-06-18,US,Texas,Wheeler,16,0,0,35.40114335,-100.26995140000001,48483.0,316.4556962025317,0.0,16,16,0,0,16,15,5191,0,0,0,0,1
2020-06-18,US,Texas,Wichita,137,2,0,33.98842886,-98.70410340000001,48485.0,103.60735082810257,1.45985401459854,135,120,2,0,118,117,132064,17,0,0,17,3
2020-06-18,US,Texas,Wilbarger,7,0,0,34.07945812,-99.24178437,48487.0,54.82026783616571,0.0,7,7,0,0,7,7,12820,0,0,0,0,0
2020-06-18,US,Texas,Willacy,71,3,0,26.47411727,-97.61535848,48489.0,332.42812997471674,4.225352112676056,68,65,3,0,62,61,21515,6,0,0,6,4
2020-06-18,US,Texas,Williamson,1114,32,0,30.64655664,-97.60048540000001,48491.0,188.63739118213329,2.8725314183123882,1082,1068,32,0,1036,1021,566719,46,0,0,46,47
2020-06-18,US,Texas,Wilson,55,5,0,29.1732598,-98.08693082,48493.0,107.69532014881537,9.090909090909092,50,53,5,0,48,53,50224,2,0,0,2,0
2020-06-18,US,Texas,Winkler,5,0,0,31.85008651,-103.04851629999999,48495.0,62.42197253433209,0.0,5,4,0,0,4,4,7720,1,0,0,1,0
2020-06-18,US,Texas,Wise,62,5,0,33.21570665,-97.65460265,48497.0,88.59167809785093,8.064516129032258,57,58,5,0,53,56,68305,4,0,0,4,2
2020-06-18,US,Texas,Wood,66,5,0,32.78722382,-95.38236368,48499.0,144.93071872460968,7.575757575757576,61,62,5,0,57,56,45129,4,0,0,4,6
2020-06-18,US,Texas,Yoakum,11,0,0,33.17320212,-102.82764329999999,48501.0,126.24813497073342,0.0,11,10,0,0,10,10,8591,1,0,0,1,0
2020-06-18,US,Texas,Young,15,1,0,33.17659707,-98.68790885,48503.0,83.28706274292058,6.666666666666668,14,15,1,0,14,15,18045,0,0,0,0,0
2020-06-18,US,Texas,Zapata,31,0,0,27.00156391,-99.16987152,48505.0,218.6331899287679,0.0,31,24,0,0,24,23,14190,7,0,0,7,1
2020-06-18,US,Texas,Zavala,13,0,0,28.86617238,-99.76050829,48507.0,109.79729729729729,0.0,13,13,0,0,13,13,11983,0,0,0,0,0
2020-06-18,US,Utah,Bear River,1126,2,0,41.52106798,-113.08328159999999,0.0,602.7256474215546,0.17761989342806395,1124,1096,2,0,1094,1039,,30,0,0,30,57
2020-06-18,US,Utah,Central Utah,81,0,0,39.37231946,-111.5758676,0.0,98.8359323522952,0.0,81,81,0,0,81,79,,0,0,0,0,2
2020-06-18,US,Utah,Davis,739,4,0,40.99001837,-112.1139997,49011.0,207.88734137689494,0.5412719891745602,735,715,4,0,711,691,351713,24,0,0,24,24
2020-06-18,US,Utah,Salt Lake,8083,100,0,40.66616532,-111.92160109999999,49035.0,696.5479384059627,1.2371644191513052,7983,7809,99,0,7710,7616,1152633,274,1,0,273,193
2020-06-18,US,Utah,San Juan,374,7,0,37.62762978,-109.80337140000002,49037.0,2443.166971518161,1.8716577540106951,367,367,6,0,361,365,15449,7,1,0,6,2
2020-06-18,US,Utah,Southeast Utah,30,0,0,38.99617072,-110.70139579999999,0.0,74.5730691789505,0.0,30,29,0,0,29,29,,1,0,0,1,0
2020-06-18,US,Utah,Southwest Utah,919,9,0,37.85447192,-111.4418764,0.0,364.6217693876417,0.9793253536452666,910,889,8,0,881,855,,30,1,0,29,34
2020-06-18,US,Utah,Summit,453,0,0,40.86688146,-110.9535882,49043.0,1074.860600308459,0.0,453,451,0,0,451,448,41933,2,0,0,2,3
2020-06-18,US,Utah,Tooele,184,0,0,40.44862644,-113.12957150000001,49045.0,254.6395604699761,0.0,184,181,0,0,181,178,69907,3,0,0,3,3
2020-06-18,US,Utah,TriCounty,33,0,0,40.12491499,-109.5174415,0.0,58.2812334428314,0.0,33,33,0,0,33,31,,0,0,0,0,2
2020-06-18,US,Utah,Utah,2861,19,0,40.116672200000004,-111.66576620000001,49049.0,449.6766132010971,0.6641034603285565,2842,2776,19,0,2757,2711,622213,85,0,0,85,65
2020-06-18,US,Utah,Wasatch,368,2,0,40.33110236,-111.1691419,49051.0,1079.4637880965652,0.5434782608695652,366,362,2,0,360,356,33240,6,0,0,6,6
2020-06-18,US,Utah,Weber-Morgan,588,9,0,41.27116049,-111.9145117,0.0,215.9089657299596,1.5306122448979589,579,555,9,0,546,539,,33,0,0,33,16
2020-06-18,US,Vermont,Addison,67,2,0,44.03217337,-73.14130877,50001.0,182.1790793158768,2.985074626865672,65,66,2,0,64,66,36973,1,0,0,1,0
2020-06-18,US,Vermont,Bennington,68,1,0,43.03519828,-73.09048868,50003.0,191.71130532844657,1.4705882352941178,67,67,1,0,66,67,35631,1,0,0,1,0
2020-06-18,US,Vermont,Caledonia,16,0,0,44.46548598,-72.10314651,50005.0,53.34578068215917,0.0,16,16,0,0,16,16,30302,0,0,0,0,0
2020-06-18,US,Vermont,Chittenden,574,39,0,44.46322849,-73.08359212,50007.0,350.4829826468182,6.794425087108014,535,572,39,0,533,573,164572,2,0,0,2,-1
2020-06-18,US,Vermont,Essex,3,0,0,44.72736416,-71.73579864,50009.0,48.67759208177836,0.0,3,3,0,0,3,3,6250,0,0,0,0,0
2020-06-18,US,Vermont,Franklin,102,6,0,44.85627605,-72.91249563,50011.0,206.4693737095664,5.882352941176472,96,102,5,0,97,102,49421,0,1,0,-1,0
2020-06-18,US,Vermont,Grand Isle,8,0,0,44.797582399999996,-73.29679772,50013.0,110.573600552868,0.0,8,8,0,0,8,8,7090,0,0,0,0,0
2020-06-18,US,Vermont,Lamoille,29,1,0,44.60353043,-72.64356694,50015.0,114.34429461398943,3.4482758620689653,28,29,1,0,28,29,25300,0,0,0,0,0
2020-06-18,US,Vermont,Orange,9,0,0,44.00470222,-72.37640104,50017.0,31.150491485532328,0.0,9,9,0,0,9,9,28999,0,0,0,0,0
2020-06-18,US,Vermont,Orleans,13,0,0,44.82964024,-72.24562697,50019.0,48.08225764692829,0.0,13,13,0,0,13,13,26907,0,0,0,0,0
2020-06-18,US,Vermont,Rutland,60,1,0,43.57723578,-73.03741676,50021.0,103.10872815383823,1.6666666666666667,59,59,1,0,58,59,58672,1,0,0,1,0
2020-06-18,US,Vermont,Unassigned,5,0,0,0.0,0.0,90050.0,0.0,0.0,5,5,0,0,5,5,,0,0,0,0,0
2020-06-18,US,Vermont,Washington,41,1,0,44.27343241,-72.61604978,50023.0,70.19466178157475,2.4390243902439024,40,41,1,0,40,41,58140,0,0,0,0,0
2020-06-18,US,Vermont,Windham,85,3,0,42.986982,-72.71268875,50025.0,201.31684903604759,3.5294117647058822,82,85,3,0,82,85,42756,0,0,0,0,0
2020-06-18,US,Vermont,Windsor,55,2,0,43.58010937,-72.58595157,50027.0,99.88739965856672,3.636363636363636,53,55,2,0,53,55,55286,0,0,0,0,0
2020-06-18,US,Virginia,Accomack,1018,14,0,37.76707161,-75.63234615,51001.0,3150.142344349548,1.3752455795677798,1004,1018,14,0,1004,1007,32412,0,0,0,0,11
2020-06-18,US,Virginia,Albemarle,302,8,0,38.02080697,-78.55481085,51003.0,276.22793377846887,2.6490066225165565,294,293,8,0,285,293,108718,9,0,0,9,0
2020-06-18,US,Virginia,Alexandria,2186,48,0,38.814003,-77.08183073,51510.0,1371.151867927842,2.195791399817017,2138,2175,48,0,2127,2168,160530,11,0,0,11,7
2020-06-18,US,Virginia,Alleghany,30,2,0,37.78636074,-80.00222498,51005.0,201.88425302826383,6.666666666666668,28,30,2,0,28,30,14910,0,0,0,0,0
2020-06-18,US,Virginia,Amelia,39,1,0,37.34081025,-77.98584649,51007.0,296.69075694180304,2.5641025641025643,38,38,1,0,37,38,13013,1,0,0,1,0
2020-06-18,US,Virginia,Amherst,28,0,0,37.60308293,-79.14548696,51009.0,88.59357696566998,0.0,28,28,0,0,28,28,31666,0,0,0,0,0
2020-06-18,US,Virginia,Appomattox,34,0,0,37.37569884,-78.81340003,51011.0,213.68864307711647,0.0,34,34,0,0,34,34,15841,0,0,0,0,0
2020-06-18,US,Virginia,Arlington,2382,126,0,38.8767675,-77.10139853,51013.0,1005.7337803261246,5.289672544080606,2256,2372,124,0,2248,2363,237521,10,2,0,8,9
2020-06-18,US,Virginia,Augusta,164,2,0,38.16404586,-79.12461614,51015.0,217.05180126525318,1.2195121951219512,162,157,2,0,155,152,75457,7,0,0,7,5
2020-06-18,US,Virginia,Bedford,94,2,0,37.3080028,-79.5281964,51019.0,118.99186045039686,2.127659574468085,92,96,2,0,94,94,78747,-2,0,0,-2,2
2020-06-18,US,Virginia,Botetourt,51,4,0,37.55531756,-79.80982182,51023.0,152.60779795924475,7.84313725490196,47,51,4,0,47,50,33277,0,0,0,0,1
2020-06-18,US,Virginia,Bristol,4,0,0,36.616302399999995,-82.16359122,51520.0,23.863500775563768,0.0,4,4,0,0,4,4,16482,0,0,0,0,0
2020-06-18,US,Virginia,Brunswick,72,1,0,36.76366949,-77.8593436,51025.0,443.59558868831255,1.3888888888888888,71,59,1,0,58,54,16384,13,0,0,13,5
2020-06-18,US,Virginia,Buchanan,18,0,0,37.26818323,-82.03749726,51027.0,85.69796229289659,0.0,18,18,0,0,18,18,21221,0,0,0,0,0
2020-06-18,US,Virginia,Buckingham,552,3,0,37.57242268,-78.52518834,51029.0,3219.034289713086,0.5434782608695652,549,542,3,0,539,534,16999,10,0,0,10,8
2020-06-18,US,Virginia,Buena Vista,12,0,0,37.73484642,-79.35296097,51530.0,185.24235875270145,0.0,12,12,0,0,12,12,6237,0,0,0,0,0
2020-06-18,US,Virginia,Campbell,28,1,0,37.20553386,-79.09678609,51031.0,51.01576022592693,3.571428571428572,27,28,1,0,27,28,54973,0,0,0,0,0
2020-06-18,US,Virginia,Caroline,119,4,0,38.02679129,-77.34901405,51033.0,387.306753458096,3.361344537815126,115,116,4,0,112,113,30772,3,0,0,3,3
2020-06-18,US,Virginia,Carroll,178,5,0,36.73066666,-80.73455942,51035.0,597.4958880198717,2.808988764044944,173,177,5,0,172,175,29636,1,0,0,1,2
2020-06-18,US,Virginia,Charles City,34,3,0,37.35358063,-77.05634116,51036.0,488.2952750251329,8.823529411764708,31,34,3,0,31,33,6941,0,0,0,0,1
2020-06-18,US,Virginia,Charlotte,30,0,0,37.01909701,-78.66314092,51037.0,252.52525252525248,0.0,30,30,0,0,30,30,11938,0,0,0,0,0
2020-06-18,US,Virginia,Charlottesville,164,3,0,38.03527919,-78.48569588,51540.0,346.9724537722676,1.8292682926829267,161,161,3,0,158,160,48117,3,0,0,3,1
2020-06-18,US,Virginia,Chesapeake,697,16,0,36.67670048,-76.30545744,51550.0,284.6815202074867,2.295552367288378,681,684,16,0,668,678,242634,13,0,0,13,6
2020-06-18,US,Virginia,Chesterfield,2375,40,0,37.37373208,-77.58680140000001,51041.0,673.1821248178867,1.6842105263157894,2335,2316,40,0,2276,2259,348556,59,0,0,59,57
2020-06-18,US,Virginia,Clarke,43,0,0,39.11271747,-77.99199425,51043.0,294.1377659210617,0.0,43,40,0,0,40,40,14523,3,0,0,3,0
2020-06-18,US,Virginia,Colonial Heights,119,17,0,37.26420587,-77.39609676,51570.0,685.0892343120322,14.285714285714285,102,117,17,0,100,117,17833,2,0,0,2,0
2020-06-18,US,Virginia,Covington,4,0,0,37.7824656,-79.98631446,51580.0,72.22824124232575,0.0,4,4,0,0,4,4,5460,0,0,0,0,0
2020-06-18,US,Virginia,Craig,6,0,0,37.48133648,-80.21072274,51045.0,116.93626973299551,0.0,6,6,0,0,6,6,5064,0,0,0,0,0
2020-06-18,US,Virginia,Culpeper,790,9,0,38.48199985,-77.95630870000002,51047.0,1501.7583879859326,1.139240506329114,781,790,9,0,781,787,51859,0,0,0,0,3
2020-06-18,US,Virginia,Cumberland,50,0,0,37.51328851,-78.24398086,51049.0,503.4232782923882,0.0,50,50,0,0,50,50,9809,0,0,0,0,0
2020-06-18,US,Virginia,Danville,68,2,0,36.58022376,-79.40395668,51590.0,169.81320547397863,2.9411764705882355,66,66,2,0,64,66,40693,2,0,0,2,0
2020-06-18,US,Virginia,Dickenson,1,0,0,37.12560977,-82.35124171,51051.0,6.984215672579969,0.0,1,1,0,0,1,1,14523,0,0,0,0,0
2020-06-18,US,Virginia,Dinwiddie,114,0,0,37.07544585,-77.63451754,51053.0,399.3834080717489,0.0,114,113,0,0,113,110,28529,1,0,0,1,3
2020-06-18,US,Virginia,Emporia,107,6,0,36.69455571,-77.53406129,51595.0,2001.4964459408905,5.607476635514018,101,106,6,0,100,101,5121,1,0,0,1,5
2020-06-18,US,Virginia,Essex,54,0,0,37.93357639,-76.94230311,51057.0,493.0156121610517,0.0,54,53,0,0,53,53,10919,1,0,0,1,0
2020-06-18,US,Virginia,Fairfax,13209,431,0,38.83677558,-77.27565836,51059.0,1151.07901130426,3.2629267923385568,12778,13153,429,0,12724,13103,1150795,56,2,0,54,50
2020-06-18,US,Virginia,Fairfax,13209,431,0,38.83677558,-77.27565836,51059.0,1151.07901130426,3.2629267923385568,12778,13153,429,0,12724,13103,24574,56,2,0,54,50
2020-06-18,US,Virginia,Fairfax City,67,6,0,38.85157547,-77.29779640000002,51600.0,278.9458345476498,8.955223880597012,61,68,7,0,61,67,24574,-1,-1,0,0,1
2020-06-18,US,Virginia,Falls Church,58,7,0,38.88485255,-77.17560759,51610.0,396.79824861462686,12.06896551724138,51,58,7,0,51,58,14772,0,0,0,0,0
2020-06-18,US,Virginia,Fauquier,399,6,0,38.73564842,-77.80647472,51061.0,560.2201566931567,1.5037593984962403,393,398,6,0,392,393,70675,1,0,0,1,5
2020-06-18,US,Virginia,Floyd,10,1,0,36.9302126,-80.36738849,51063.0,63.4960949901581,10.0,9,10,1,0,9,10,15795,0,0,0,0,0
2020-06-18,US,Virginia,Fluvanna,103,6,0,37.84157909,-78.27715475,51065.0,377.7044371103777,5.825242718446603,97,103,6,0,97,102,26783,0,0,0,0,1
2020-06-18,US,Virginia,Franklin,46,1,0,36.99536167,-79.88023649,51067.0,82.08129617072909,2.1739130434782608,45,46,1,0,45,43,56195,0,0,0,0,3
2020-06-18,US,Virginia,Franklin,46,1,0,36.99536167,-79.88023649,51067.0,82.08129617072909,2.1739130434782608,45,46,1,0,45,43,8013,0,0,0,0,3
2020-06-18,US,Virginia,Franklin City,44,2,0,36.6831435,-76.93859681,51620.0,552.2781473578511,4.545454545454546,42,44,2,0,42,44,8013,0,0,0,0,0
2020-06-18,US,Virginia,Frederick,444,4,0,39.20172582,-78.25974949,51069.0,497.1280776594673,0.9009009009009008,440,440,4,0,436,435,88355,4,0,0,4,5
2020-06-18,US,Virginia,Fredericksburg,218,0,0,38.2977863,-77.4922454,51630.0,750.7921201267392,0.0,218,215,0,0,215,213,29144,3,0,0,3,2
2020-06-18,US,Virginia,Galax,211,11,0,36.66601852,-80.91703124,51640.0,3324.405230817709,5.213270142180095,200,208,11,0,197,206,6423,3,0,0,3,2
2020-06-18,US,Virginia,Giles,6,0,0,37.31234791,-80.70636931,51071.0,35.88516746411483,0.0,6,6,0,0,6,6,16844,0,0,0,0,0
2020-06-18,US,Virginia,Gloucester,40,1,0,37.40809042,-76.53524337,51073.0,107.1007818357074,2.5,39,38,1,0,37,38,37349,2,0,0,2,0
2020-06-18,US,Virginia,Goochland,116,6,0,37.71714806,-77.90381514,51075.0,488.3593651328253,5.172413793103448,110,116,6,0,110,116,23244,0,0,0,0,0
2020-06-18,US,Virginia,Grayson,69,2,0,36.65677234,-81.23215889,51077.0,443.7299035369775,2.898550724637681,67,68,2,0,66,66,15631,1,0,0,1,2
2020-06-18,US,Virginia,Greene,48,1,0,38.29545894,-78.46525378,51079.0,242.19183611685762,2.083333333333333,47,46,1,0,45,45,19779,2,0,0,2,1
2020-06-18,US,Virginia,Greensville,344,7,0,36.67878901,-77.56351439,51081.0,3034.5800988002825,2.0348837209302326,337,343,7,0,336,342,11627,1,0,0,1,1
2020-06-18,US,Virginia,Halifax,39,1,0,36.76654925,-78.93512622,51083.0,115.00692990475069,2.5641025641025643,38,39,1,0,38,38,34120,0,0,0,0,1
2020-06-18,US,Virginia,Hampton,251,5,0,37.03513786,-76.35879121,51650.0,186.6032265259089,1.99203187250996,246,248,5,0,243,246,134313,3,0,0,3,2
2020-06-18,US,Virginia,Hanover,380,25,0,37.7583355,-77.49464673,51085.0,352.6158528663957,6.578947368421053,355,378,25,0,353,375,107239,2,0,0,2,3
2020-06-18,US,Virginia,Harrisonburg,870,23,0,38.43542574,-78.87536254,51660.0,1641.014033499321,2.6436781609195403,847,864,23,0,841,859,54033,6,0,0,6,5
2020-06-18,US,Virginia,Henrico,2342,139,0,37.53460572,-77.39326555,51087.0,707.9421313229631,5.935098206660974,2203,2332,140,0,2192,2311,329261,10,-1,0,11,21
2020-06-18,US,Virginia,Henry,214,3,0,36.68542395,-79.87634026,51089.0,423.284609450719,1.4018691588785046,211,212,3,0,209,210,50953,2,0,0,2,2
2020-06-18,US,Virginia,Highland,3,0,0,38.35799465,-79.56124594,51091.0,136.98630136986299,0.0,3,3,0,0,3,3,2210,0,0,0,0,0
2020-06-18,US,Virginia,Hopewell,150,2,0,37.29186313,-77.29754684,51670.0,665.8085134715255,1.3333333333333333,148,149,2,0,147,144,22596,1,0,0,1,5
2020-06-18,US,Virginia,Isle of Wight,158,8,0,36.90579348,-76.70842863,51093.0,425.7727235980489,5.063291139240507,150,158,8,0,150,158,36953,0,0,0,0,0
2020-06-18,US,Virginia,James City,237,15,0,37.31156958,-76.76950618,51095.0,309.7108059014936,6.329113924050633,222,236,15,0,221,236,76397,1,0,0,1,0
2020-06-18,US,Virginia,King George,95,4,0,38.26818502,-77.15852768,51099.0,354.0020867491429,4.2105263157894735,91,93,4,0,89,91,26575,2,0,0,2,2
2020-06-18,US,Virginia,King William,33,0,0,37.70965316,-77.09384941,51101.0,192.44226731980405,0.0,33,33,0,0,33,33,16939,0,0,0,0,0
2020-06-18,US,Virginia,King and Queen,24,1,0,37.71044922,-76.88689628,51097.0,341.6370106761566,4.166666666666667,23,24,1,0,23,24,7042,0,0,0,0,0
2020-06-18,US,Virginia,Lancaster,11,0,0,37.71889653,-76.46400482,51103.0,103.74422333301895,0.0,11,11,0,0,11,11,10783,0,0,0,0,0
2020-06-18,US,Virginia,Lee,9,0,0,36.70586667,-83.12606515,51105.0,38.42377150663877,0.0,9,9,0,0,9,9,23541,0,0,0,0,0
2020-06-18,US,Virginia,Lexington,8,0,0,37.78258621,-79.44262866,51678.0,107.44023636851999,0.0,8,8,0,0,8,8,7136,0,0,0,0,0
2020-06-18,US,Virginia,Loudoun,3499,82,0,39.08990083,-77.63481877,51107.0,846.1132955133506,2.343526721920549,3417,3458,80,0,3378,3439,406850,41,2,0,39,19
2020-06-18,US,Virginia,Louisa,102,1,0,37.97850256,-77.96274807,51109.0,271.3415445186348,0.9803921568627452,101,101,1,0,100,99,36778,1,0,0,1,2
2020-06-18,US,Virginia,Lunenburg,21,0,0,36.94618528,-78.24133319,51111.0,172.18760249262056,0.0,21,21,0,0,21,21,12086,0,0,0,0,0
2020-06-18,US,Virginia,Lynchburg,99,1,0,37.40021399,-79.19888138,51680.0,120.4848602862428,1.0101010101010102,98,96,1,0,95,96,82126,3,0,0,3,0
2020-06-18,US,Virginia,Madison,42,1,0,38.41531222,-78.28220331,51113.0,316.7181962144635,2.380952380952381,41,42,1,0,41,42,13295,0,0,0,0,0
2020-06-18,US,Virginia,Manassas,1337,14,0,38.7464321,-77.48509905,51683.0,3254.2290373615674,1.0471204188481675,1323,1320,14,0,1306,1317,41641,17,0,0,17,3
2020-06-18,US,Virginia,Manassas Park,393,6,0,38.77058531,-77.44399307,51685.0,2248.541023000343,1.5267175572519085,387,390,6,0,384,388,17307,3,0,0,3,2
2020-06-18,US,Virginia,Martinsville,58,1,0,36.68212094,-79.86352771,51690.0,462.0041421061017,1.7241379310344829,57,58,1,0,57,56,12902,0,0,0,0,2
2020-06-18,US,Virginia,Mathews,5,0,0,37.44164146,-76.34098896,51115.0,56.599501924383055,0.0,5,5,0,0,5,5,8802,0,0,0,0,0
2020-06-18,US,Virginia,Mecklenburg,233,24,0,36.67882005,-78.36131056,51117.0,761.7615326772811,10.300429184549355,209,231,24,0,207,231,30650,2,0,0,2,0
2020-06-18,US,Virginia,Middlesex,14,0,0,37.63191998,-76.55064617,51119.0,132.3001323001323,0.0,14,14,0,0,14,14,10769,0,0,0,0,0
2020-06-18,US,Virginia,Montgomery,97,2,0,37.17746986,-80.37868691,51121.0,98.4421779063277,2.061855670103093,95,97,2,0,95,97,98985,0,0,0,0,0
2020-06-18,US,Virginia,Nelson,18,0,0,37.78790447,-78.88498513,51125.0,120.56262558606831,0.0,18,18,0,0,18,18,14836,0,0,0,0,0
2020-06-18,US,Virginia,New Kent,48,1,0,37.50694406,-76.99828634,51127.0,207.87319734961673,2.083333333333333,47,47,1,0,46,46,22391,1,0,0,1,1
2020-06-18,US,Virginia,Newport News,402,10,0,37.08166899,-76.51754109,51700.0,224.29906542056077,2.487562189054726,392,399,10,0,389,390,178626,3,0,0,3,9
2020-06-18,US,Virginia,Norfolk,704,7,0,36.89934014,-76.26420872,51710.0,290.01985647312785,0.9943181818181818,697,698,7,0,691,681,244076,6,0,0,6,17
2020-06-18,US,Virginia,Northampton,267,27,0,37.34062933,-75.87751591,51131.0,2280.1024765157986,10.112359550561797,240,265,27,0,238,264,11735,2,0,0,2,1
2020-06-18,US,Virginia,Northumberland,27,1,0,37.89202088,-76.41949732,51133.0,223.23274080198428,3.703703703703704,26,27,1,0,26,27,12147,0,0,0,0,0
2020-06-18,US,Virginia,Norton,2,0,0,36.93357076,-82.62750411,51720.0,50.23863350916855,0.0,2,2,0,0,2,2,3968,0,0,0,0,0
2020-06-18,US,Virginia,Nottoway,74,0,0,37.1435975,-78.05065922,51135.0,485.81932773109236,0.0,74,68,0,0,68,68,15420,6,0,0,6,0
2020-06-18,US,Virginia,Orange,136,2,0,38.24530219,-78.01560400000002,51137.0,367.0616177701008,1.4705882352941178,134,135,2,0,133,133,36644,1,0,0,1,2
2020-06-18,US,Virginia,Page,259,24,0,38.61807452,-78.48797204,51139.0,1083.59133126935,9.266409266409266,235,256,24,0,232,256,23933,3,0,0,3,0
2020-06-18,US,Virginia,Patrick,36,0,0,36.680163799999995,-80.2865648,51141.0,204.45252158109952,0.0,36,33,0,0,33,32,17673,3,0,0,3,1
2020-06-18,US,Virginia,Petersburg,196,3,0,37.20530399,-77.39368102,51730.0,625.2791424743189,1.5306122448979589,193,194,3,0,191,192,31567,2,0,0,2,2
2020-06-18,US,Virginia,Pittsylvania,76,1,0,36.81980341,-79.39731264,51143.0,125.92371673791298,1.3157894736842106,75,73,1,0,72,70,60949,3,0,0,3,3
2020-06-18,US,Virginia,Poquoson,12,0,0,37.14259351,-76.35798148,51735.0,97.79154103170076,0.0,12,12,0,0,12,12,12190,0,0,0,0,0
2020-06-18,US,Virginia,Portsmouth,402,13,0,36.85914825,-76.35971629,51740.0,425.85648001016966,3.2338308457711444,389,395,13,0,382,387,94632,7,0,0,7,8
2020-06-18,US,Virginia,Powhatan,55,0,0,37.55016038,-77.91267882,51145.0,185.48495885606368,0.0,55,54,0,0,54,53,29189,1,0,0,1,1
2020-06-18,US,Virginia,Prince Edward,173,3,0,37.22554789,-78.43597949,51147.0,758.7053767213401,1.7341040462427746,170,171,3,0,168,171,22950,2,0,0,2,0
2020-06-18,US,Virginia,Prince George,170,0,0,37.18497668,-77.22922187,51149.0,443.2508539097333,0.0,170,169,0,0,169,168,38082,1,0,0,1,1
2020-06-18,US,Virginia,Prince William,6684,127,0,38.70916224,-77.48713689,51153.0,1421.1147373680462,1.900059844404548,6557,6654,127,0,6527,6621,468011,30,0,0,30,33
2020-06-18,US,Virginia,Pulaski,31,1,0,37.06474963,-80.71229738,51155.0,91.1041231962853,3.2258064516129035,30,30,1,0,29,30,34066,1,0,0,1,0
2020-06-18,US,Virginia,Radford,9,0,0,37.12222899,-80.56027320000003,51750.0,49.317770836758186,0.0,9,9,0,0,9,9,18339,0,0,0,0,0
2020-06-18,US,Virginia,Rappahannock,16,0,0,38.68295619,-78.15826963,51157.0,217.09633649932158,0.0,16,17,0,0,17,17,7252,-1,0,0,-1,0
2020-06-18,US,Virginia,Richmond,295,5,0,37.937575,-76.72920628,51159.0,3269.4225867228197,1.6949152542372878,290,294,6,0,288,294,9038,1,-1,0,2,0
2020-06-18,US,Virginia,Richmond City,1895,29,0,37.53255773,-77.47966921,51760.0,822.354146053568,1.530343007915567,1866,1872,28,0,1844,1848,228783,23,1,0,22,24
2020-06-18,US,Virginia,Roanoke,149,5,0,37.26865804,-80.06396753,51161.0,158.19760898647357,3.355704697986577,144,148,5,0,143,141,94073,1,0,0,1,7
2020-06-18,US,Virginia,Roanoke City,277,10,0,37.27791025,-79.96189766,51770.0,279.39441009451,3.610108303249097,267,277,10,0,267,270,99920,0,0,0,0,7
2020-06-18,US,Virginia,Rockbridge,18,0,0,37.81204314,-79.44605905,51163.0,79.74128383466973,0.0,18,18,0,0,18,18,22752,0,0,0,0,0
2020-06-18,US,Virginia,Rockingham,641,7,0,38.51006137,-78.87260325,51165.0,782.2033484648803,1.0920436817472698,634,636,7,0,629,631,81244,5,0,0,5,5
2020-06-18,US,Virginia,Russell,9,0,0,36.93028320000001,-82.10095486,51167.0,33.852403520649965,0.0,9,9,0,0,9,8,26748,0,0,0,0,1
2020-06-18,US,Virginia,Salem,48,3,0,37.2836193,-80.06219455,51775.0,189.7158215090313,6.25,45,48,3,0,45,47,25643,0,0,0,0,1
2020-06-18,US,Virginia,Scott,8,2,0,36.71466456,-82.60171704,51169.0,37.095427988500425,25.0,6,8,2,0,6,8,21534,0,0,0,0,0
2020-06-18,US,Virginia,Shenandoah,530,27,0,38.85905135,-78.56813762,51171.0,1215.1504035216435,5.09433962264151,503,522,27,0,495,516,43497,8,0,0,8,6
2020-06-18,US,Virginia,Smyth,28,0,0,36.84455636,-81.53344948,51173.0,93.01089556205156,0.0,28,26,0,0,26,22,30472,2,0,0,2,4
2020-06-18,US,Virginia,Southampton,154,2,0,36.72231125,-77.10642712,51175.0,873.4615166468152,1.2987012987012987,152,154,2,0,152,155,17586,0,0,0,0,-1
2020-06-18,US,Virginia,Spotsylvania,862,17,0,38.18574462,-77.655399,51177.0,632.8231105238042,1.9721577726218096,845,858,17,0,841,849,134238,4,0,0,4,9
2020-06-18,US,Virginia,Stafford,917,5,0,38.41758738,-77.45917053,51179.0,599.8090030219385,0.5452562704471101,912,906,5,0,901,900,149960,11,0,0,11,6
2020-06-18,US,Virginia,Staunton,62,0,0,38.15965544,-79.05979937,51790.0,248.6763998074764,0.0,62,61,0,0,61,60,24922,1,0,0,1,1
2020-06-18,US,Virginia,Suffolk,349,34,0,36.70155394,-76.63603554,51800.0,378.9030268814869,9.742120343839543,315,348,34,0,314,347,91185,1,0,0,1,1
2020-06-18,US,Virginia,Surry,13,1,0,37.11781893,-76.88450012,51181.0,202.4291497975709,7.6923076923076925,12,13,1,0,12,13,6474,0,0,0,0,0
2020-06-18,US,Virginia,Sussex,185,2,0,36.92432914,-77.25791182,51183.0,1657.8546464736985,1.0810810810810811,183,184,2,0,182,183,11237,1,0,0,1,1
2020-06-18,US,Virginia,Tazewell,9,0,0,37.12191123,-81.56685568,51185.0,22.170218007143742,0.0,9,9,0,0,9,9,40855,0,0,0,0,0
2020-06-18,US,Virginia,Virginia Beach,936,27,0,36.73285734,-76.04566934,51810.0,208.01201847217843,2.8846153846153846,909,923,28,0,895,909,450189,13,-1,0,14,14
2020-06-18,US,Virginia,Warren,234,4,0,38.90847745,-78.20280433,51187.0,582.611293695847,1.709401709401709,230,233,4,0,229,233,40003,1,0,0,1,0
2020-06-18,US,Virginia,Washington,58,4,0,36.72341572,-81.95666289,51191.0,107.9270561965017,6.896551724137932,54,58,4,0,54,58,54402,0,0,0,0,0
2020-06-18,US,Virginia,Waynesboro,61,0,0,38.06451466,-78.90293905,51820.0,269.5536897923111,0.0,61,58,0,0,58,55,22628,3,0,0,3,3
2020-06-18,US,Virginia,Westmoreland,87,1,0,38.11021557,-76.80213247,51193.0,482.9308909242298,1.1494252873563218,86,87,1,0,86,87,17830,0,0,0,0,0
2020-06-18,US,Virginia,Williamsburg,54,5,0,37.28131268,-76.70905141,51830.0,361.10739601444425,9.25925925925926,49,54,5,0,49,53,14896,0,0,0,0,1
2020-06-18,US,Virginia,Winchester,276,3,0,39.17054517,-78.17325058,51840.0,982.9759954412707,1.0869565217391304,273,273,3,0,270,269,28108,3,0,0,3,4
2020-06-18,US,Virginia,Wise,27,2,0,36.9746148,-82.62410519,51195.0,72.22534307037958,7.407407407407407,25,27,2,0,25,27,38012,0,0,0,0,0
2020-06-18,US,Virginia,Wythe,42,1,0,36.91582035,-81.07834059,51197.0,146.42309301352668,2.380952380952381,41,42,1,0,41,42,28754,0,0,0,0,0
2020-06-18,US,Virginia,York,94,3,0,37.24374789,-76.54412815,51199.0,137.66842413591095,3.191489361702128,91,94,3,0,91,94,67846,0,0,0,0,0
2020-06-18,US,Washington,Adams,101,0,0,46.98299757,-118.56017340000001,53001.0,505.42961517289694,0.0,101,101,0,0,101,100,19759,0,0,0,0,1
2020-06-18,US,Washington,Asotin,20,2,0,46.18894415,-117.2022851,53003.0,88.56611460455228,10.0,18,20,2,0,18,20,22610,0,0,0,0,0
2020-06-18,US,Washington,Benton,1268,75,0,46.23946995,-119.51208340000001,53005.0,620.3826018885463,5.9148264984227135,1193,1236,74,0,1162,1218,201877,32,1,0,31,18
2020-06-18,US,Washington,Chelan,279,6,0,47.87046092,-120.6173956,53007.0,361.39896373057,2.150537634408602,273,276,6,0,270,273,77036,3,0,0,3,3
2020-06-18,US,Washington,Clallam,32,0,0,48.04754642,-123.92263190000001,53009.0,41.38055889617359,0.0,32,32,0,0,32,29,76737,0,0,0,0,3
2020-06-18,US,Washington,Clark,638,28,0,45.77568046,-122.48292040000001,53011.0,130.67317165088554,4.38871473354232,610,630,27,0,603,629,481857,8,1,0,7,1
2020-06-18,US,Washington,Columbia,1,0,0,46.29442881,-117.9051983,53013.0,25.094102885821833,0.0,1,1,0,0,1,1,4059,0,0,0,0,0
2020-06-18,US,Washington,Cowlitz,124,0,0,46.19074721,-122.6782231,53015.0,112.12282875046341,0.0,124,120,0,0,120,118,108987,4,0,0,4,2
2020-06-18,US,Washington,Douglas,189,3,0,47.7361335,-119.69293700000001,53017.0,435.1930737525617,1.5873015873015872,186,184,3,0,181,183,42907,5,0,0,5,1
2020-06-18,US,Washington,Ferry,1,0,0,48.471143100000006,-118.5154041,53019.0,13.111315064901008,0.0,1,1,0,0,1,1,7649,0,0,0,0,0
2020-06-18,US,Washington,Franklin,1081,28,0,46.53351425,-118.9018212,53021.0,1135.2418558736424,2.5901942645698433,1053,1044,26,0,1018,1005,94347,37,2,0,35,39
2020-06-18,US,Washington,Grant,328,5,0,47.20753737,-119.4500749,53025.0,335.60823877298355,1.5243902439024388,323,310,5,0,305,268,97331,18,0,0,18,42
2020-06-18,US,Washington,Grays Harbor,21,0,0,47.14003705,-123.7820567,53027.0,27.97724517392521,0.0,21,21,0,0,21,20,73901,0,0,0,0,1
2020-06-18,US,Washington,Island,184,12,0,48.14713305,-122.5216407,53029.0,216.11209640478737,6.521739130434782,172,184,11,0,173,183,84460,0,1,0,-1,1
2020-06-18,US,Washington,Jefferson,32,0,0,47.75003077,-123.56097040000002,53031.0,99.31411191458986,0.0,32,32,0,0,32,32,31729,0,0,0,0,0
2020-06-18,US,Washington,King,8963,597,0,47.49137892,-121.8346131,53033.0,397.86361929383315,6.660716278031909,8366,8885,591,0,8294,8850,2233163,78,6,0,72,35
2020-06-18,US,Washington,Kitsap,182,2,0,47.63479026,-122.6436061,53035.0,67.04165791809866,1.0989010989010992,180,180,2,0,178,178,269805,2,0,0,2,2
2020-06-18,US,Washington,Kittitas,92,0,0,47.12521214,-120.67943899999999,53037.0,191.92656722645248,0.0,92,92,0,0,92,92,47364,0,0,0,0,0
2020-06-18,US,Washington,Klickitat,52,3,0,45.87325839,-120.7913598,53039.0,231.88405797101453,5.769230769230768,49,49,3,0,46,49,22107,3,0,0,3,0
2020-06-18,US,Washington,Lewis,43,3,0,46.57756476,-122.39257690000001,53041.0,53.27914555119135,6.9767441860465125,40,41,3,0,38,40,79604,2,0,0,2,1
2020-06-18,US,Washington,Lincoln,2,0,0,47.57705241,-118.41943880000001,53043.0,18.283206874485785,0.0,2,2,0,0,2,2,10740,0,0,0,0,0
2020-06-18,US,Washington,Mason,41,1,0,47.35007586,-123.1863685,53045.0,61.4066618739516,2.4390243902439024,40,41,1,0,40,40,65507,0,0,0,0,1
2020-06-18,US,Washington,Okanogan,62,2,0,48.54855019,-119.73872240000001,53047.0,146.7698790332126,3.2258064516129035,60,61,1,0,60,58,42132,1,1,0,0,3
2020-06-18,US,Washington,Pacific,12,1,0,46.55418369,-123.7285716,53049.0,53.4021627875929,8.333333333333334,11,12,1,0,11,12,22036,0,0,0,0,0
2020-06-18,US,Washington,Pend Oreille,3,0,0,48.53234021,-117.2741804,53051.0,21.85951617604197,0.0,3,3,0,0,3,3,13602,0,0,0,0,0
2020-06-18,US,Washington,Pierce,2199,89,0,47.03892768,-122.14059579999999,53053.0,242.98879533249357,4.047294224647566,2110,2179,89,0,2090,2161,891299,20,0,0,20,18
2020-06-18,US,Washington,San Juan,16,0,0,48.60182783,-122.96745,53055.0,91.00216130133091,0.0,16,16,0,0,16,16,17128,0,0,0,0,0
2020-06-18,US,Washington,Skagit,474,15,0,48.48171488,-121.766131,53057.0,366.8588676908788,3.1645569620253164,459,469,15,0,454,464,128206,5,0,0,5,5
2020-06-18,US,Washington,Skamania,3,0,0,46.02408726,-121.91644029999999,53059.0,24.828271124720683,0.0,3,3,0,0,3,3,11924,0,0,0,0,0
2020-06-18,US,Washington,Snohomish,3200,160,0,48.04615983,-121.7170703,53061.0,389.2550995459097,5.0,3040,3187,159,0,3028,3171,814901,13,1,0,12,16
2020-06-18,US,Washington,Spokane,880,37,0,47.62113146,-117.4046494,53063.0,168.32505097571146,4.204545454545454,843,870,37,0,833,846,514631,10,0,0,10,24
2020-06-18,US,Washington,Stevens,16,1,0,48.40035475,-117.8542701,53065.0,34.993329396583775,6.25,15,16,1,0,15,15,45260,0,0,0,0,1
2020-06-18,US,Washington,Thurston,201,5,0,46.9291895,-122.82906559999999,53067.0,69.18247652614478,2.487562189054726,196,197,5,0,192,197,286419,4,0,0,4,0
2020-06-18,US,Washington,Unassigned,47,0,0,0.0,0.0,90053.0,0.0,0.0,47,25,0,0,25,47,,22,0,0,22,-22
2020-06-18,US,Washington,Wahkiakum,4,0,0,46.29180039999999,-123.4250831,53069.0,89.12655971479502,0.0,4,4,0,0,4,4,4426,0,0,0,0,0
2020-06-18,US,Washington,Walla Walla,127,3,0,46.23040051,-118.4775539,53071.0,209.0190915075708,2.3622047244094486,124,124,3,0,121,122,60922,3,0,0,3,2
2020-06-18,US,Washington,Whatcom,467,39,0,48.82227976,-121.74900179999999,53073.0,203.71040842410147,8.35117773019272,428,457,39,0,418,455,225685,10,0,0,10,2
2020-06-18,US,Washington,Whitman,30,0,0,46.90022523,-117.52417630000001,53075.0,59.875459045186005,0.0,30,28,0,0,28,29,49791,2,0,0,2,-1
2020-06-18,US,Washington,Yakima,5777,128,0,46.45738486,-120.73801259999999,53077.0,2302.758766387774,2.2156828803877446,5649,5651,122,0,5529,5597,251446,126,6,0,120,54
2020-06-18,US,West Virginia,Barbour,11,1,0,39.1307219,-80.00350858,54001.0,66.90590596679034,9.090909090909092,10,11,1,0,10,10,16535,0,0,0,0,1
2020-06-18,US,West Virginia,Berkeley,415,9,0,39.46704621,-78.02414609,54003.0,348.23908501229334,2.1686746987951806,406,407,9,0,398,399,117123,8,0,0,8,8
2020-06-18,US,West Virginia,Boone,20,0,0,38.01974191,-81.69888019,54005.0,93.20967516428206,0.0,20,20,0,0,20,19,21951,0,0,0,0,1
2020-06-18,US,West Virginia,Braxton,3,0,0,38.70036159,-80.72011184,54007.0,21.49459052805044,0.0,3,3,0,0,3,3,14089,0,0,0,0,0
2020-06-18,US,West Virginia,Brooke,6,0,0,40.27367263,-80.57915332,54009.0,27.34855736359907,0.0,6,6,0,0,6,6,22203,0,0,0,0,0
2020-06-18,US,West Virginia,Cabell,79,0,0,38.42424062,-82.23855912,54011.0,85.92093099135353,0.0,79,77,0,0,77,75,93224,2,0,0,2,2
2020-06-18,US,West Virginia,Calhoun,2,0,0,38.84315422,-81.11934872,54013.0,28.133352088901397,0.0,2,2,0,0,2,2,7254,0,0,0,0,0
2020-06-18,US,West Virginia,Clay,10,0,0,38.46231092,-81.07652217,54015.0,117.53643629525152,0.0,10,10,0,0,10,10,8632,0,0,0,0,0
2020-06-18,US,West Virginia,Fayette,56,4,0,38.02974928,-81.08286634,54019.0,132.05678441729944,7.142857142857142,52,54,4,0,50,54,43018,2,0,0,2,0
2020-06-18,US,West Virginia,Gilmer,10,0,0,38.9251277,-80.85952723,54021.0,127.82819890067749,0.0,10,10,0,0,10,10,8026,0,0,0,0,0
2020-06-18,US,West Virginia,Grant,16,0,0,39.10314817,-79.19440518,54023.0,138.31258644536652,0.0,16,16,0,0,16,16,11626,0,0,0,0,0
2020-06-18,US,West Virginia,Greenbrier,42,0,0,37.9463652,-80.45335881,54025.0,121.17015752120476,0.0,42,37,0,0,37,37,34786,5,0,0,5,0
2020-06-18,US,West Virginia,Hampshire,40,1,0,39.32103553,-78.60826476,54027.0,172.5997842502697,2.5,39,40,1,0,39,40,23347,0,0,0,0,0
2020-06-18,US,West Virginia,Hancock,21,0,0,40.51943859,-80.57461608,54029.0,72.89135716765013,0.0,21,20,0,0,20,20,29094,1,0,0,1,0
2020-06-18,US,West Virginia,Hardy,41,0,0,39.00683177,-78.85855301,54031.0,297.61904761904765,0.0,41,41,0,0,41,40,13775,0,0,0,0,1
2020-06-18,US,West Virginia,Harrison,49,1,0,39.2853852,-80.37919577,54033.0,72.85595337218984,2.0408163265306123,48,49,1,0,48,49,67554,0,0,0,0,0
2020-06-18,US,West Virginia,Jackson,141,18,0,38.84263974,-81.68148753,54035.0,493.4210526315789,12.76595744680851,123,141,18,0,123,141,28706,0,0,0,0,0
2020-06-18,US,West Virginia,Jefferson,213,4,0,39.30776166,-77.86014147,54037.0,372.7294998775067,1.8779342723004693,209,213,4,0,209,211,56811,0,0,0,0,2
2020-06-18,US,West Virginia,Kanawha,256,20,0,38.33860077,-81.52857054,54039.0,143.7201050953269,7.8125,236,253,20,0,233,249,180454,3,0,0,3,4
2020-06-18,US,West Virginia,Lewis,14,1,0,38.9947249,-80.49988181,54041.0,88.01156723455082,7.142857142857142,13,8,1,0,7,8,16024,6,0,0,6,0
2020-06-18,US,West Virginia,Lincoln,5,0,0,38.172154,-82.07017953,54043.0,24.498995541182808,0.0,5,5,0,0,5,5,20599,0,0,0,0,0
2020-06-18,US,West Virginia,Logan,21,1,0,37.8299889,-81.93528571,54045.0,65.58605827789751,4.761904761904762,20,21,1,0,20,21,32607,0,0,0,0,0
2020-06-18,US,West Virginia,Marion,53,2,0,39.50984542,-80.24244659,54049.0,94.5213297189328,3.7735849056603774,51,53,2,0,51,53,56097,0,0,0,0,0
2020-06-18,US,West Virginia,Marshall,37,0,0,39.86064362,-80.66591062,54051.0,121.18830041597064,0.0,37,38,0,0,38,38,30785,-1,0,0,-1,0
2020-06-18,US,West Virginia,Mason,15,0,0,38.77071799,-82.02524219,54053.0,56.569618343641565,0.0,15,15,0,0,15,15,26718,0,0,0,0,0
2020-06-18,US,West Virginia,McDowell,6,0,0,37.38002939,-81.65083669,54047.0,34.04448479346346,0.0,6,6,0,0,6,6,18223,0,0,0,0,0
2020-06-18,US,West Virginia,Mercer,16,0,0,37.40481169,-81.11023142,54055.0,27.230334592736313,0.0,16,15,0,0,15,14,59131,1,0,0,1,1
2020-06-18,US,West Virginia,Mineral,52,2,0,39.41561583,-78.94104895,54057.0,193.53878219443203,3.8461538461538463,50,52,2,0,50,51,26940,0,0,0,0,1
2020-06-18,US,West Virginia,Mingo,12,2,0,37.73048351,-82.13338365,54059.0,51.22950819672131,16.666666666666668,10,12,2,0,10,12,23785,0,0,0,0,0
2020-06-18,US,West Virginia,Monongalia,147,5,0,39.63218457,-80.04766838,54061.0,139.18872855357347,3.4013605442176873,142,147,5,0,142,145,106420,0,0,0,0,2
2020-06-18,US,West Virginia,Monroe,9,0,0,37.56274716,-80.54577965,54063.0,67.79661016949153,0.0,9,9,0,0,9,9,13280,0,0,0,0,0
2020-06-18,US,West Virginia,Morgan,19,0,0,39.55439028,-78.26311676,54065.0,106.24021471706553,0.0,19,19,0,0,19,19,17787,0,0,0,0,0
2020-06-18,US,West Virginia,Nicholas,7,1,0,38.29617706,-80.79759588,54067.0,28.576094056172444,14.285714285714285,6,7,1,0,6,7,24842,0,0,0,0,0
2020-06-18,US,West Virginia,Ohio,60,1,0,40.0955451,-80.62203992,54069.0,144.8890391441887,1.6666666666666667,59,58,1,0,57,56,41755,2,0,0,2,2
2020-06-18,US,West Virginia,Pendleton,13,1,0,38.68314479,-79.35084086,54071.0,186.5403931697517,7.6923076923076925,12,13,1,0,12,13,6997,0,0,0,0,0
2020-06-18,US,West Virginia,Pleasants,4,0,0,39.37091679,-81.16771771,54073.0,53.61930294906166,0.0,4,4,0,0,4,4,7507,0,0,0,0,0
2020-06-18,US,West Virginia,Pocahontas,22,0,0,38.32758728,-80.00993811,54075.0,266.76367163817145,0.0,22,21,0,0,21,21,8414,1,0,0,1,0
2020-06-18,US,West Virginia,Preston,36,2,0,39.46770987,-79.66712803,54077.0,107.68126346015792,5.5555555555555545,34,29,2,0,27,25,33839,7,0,0,7,4
2020-06-18,US,West Virginia,Putnam,40,0,0,38.50782345,-81.9082131,54079.0,70.859167404783,0.0,40,40,0,0,40,42,56682,0,0,0,0,-2
2020-06-18,US,West Virginia,Raleigh,27,0,0,37.76936795,-81.2456041,54081.0,36.804296560842964,0.0,27,27,0,0,27,25,74254,0,0,0,0,2
2020-06-18,US,West Virginia,Randolph,146,0,0,38.769899,-79.87919615,54083.0,508.7994424115699,0.0,146,144,0,0,144,141,28823,2,0,0,2,3
2020-06-18,US,West Virginia,Ritchie,2,0,0,39.18094587,-81.06356878,54085.0,20.933640360058615,0.0,2,2,0,0,2,2,9721,0,0,0,0,0
2020-06-18,US,West Virginia,Roane,11,1,0,38.71622686,-81.35243568,54087.0,80.3623611922852,9.090909090909092,10,11,1,0,10,11,13932,0,0,0,0,0
2020-06-18,US,West Virginia,Summers,1,0,0,37.65390597,-80.86009693,54089.0,7.953551260637875,0.0,1,1,0,0,1,1,12760,0,0,0,0,0
2020-06-18,US,West Virginia,Taylor,12,0,0,39.33602617,-80.0421439,54091.0,71.87780772686433,0.0,12,12,0,0,12,10,16862,0,0,0,0,2
2020-06-18,US,West Virginia,Tucker,5,0,0,39.11240885,-79.57053576,54093.0,73.11010381634742,0.0,5,5,0,0,5,5,6955,0,0,0,0,0
2020-06-18,US,West Virginia,Tyler,3,0,0,39.46811972,-80.88772676,54095.0,34.920265394016994,0.0,3,3,0,0,3,3,8746,0,0,0,0,0
2020-06-18,US,West Virginia,Upshur,11,0,0,38.89285061,-80.23689136,54097.0,45.49966909331569,0.0,11,9,0,0,9,7,24415,2,0,0,2,2
2020-06-18,US,West Virginia,Wayne,106,9,0,38.14901357,-82.42287994,54099.0,269.0218770620781,8.49056603773585,97,106,9,0,97,106,39944,0,0,0,0,0
2020-06-18,US,West Virginia,Wetzel,9,0,0,39.6065771,-80.64016540000001,54103.0,59.741121805509465,0.0,9,9,0,0,9,9,15270,0,0,0,0,0
2020-06-18,US,West Virginia,Wirt,4,0,0,39.02775007,-81.37473928,54105.0,68.7167153410067,0.0,4,4,0,0,4,4,5830,0,0,0,0,0
2020-06-18,US,West Virginia,Wood,56,2,0,39.20967886,-81.5162836,54107.0,67.05141406642879,3.571428571428572,54,56,2,0,54,56,84203,0,0,0,0,0
2020-06-18,US,West Virginia,Wyoming,6,0,0,37.612327,-81.54511071,54109.0,29.420417769932328,0.0,6,5,0,0,5,5,20786,1,0,0,1,0
2020-06-18,US,Wisconsin,Adams,10,2,0,43.96974651,-89.76782777,55001.0,49.455984174085074,20.0,8,9,2,0,7,8,20348,1,0,0,1,1
2020-06-18,US,Wisconsin,Ashland,3,0,0,46.31956891,-90.67837132,55003.0,19.27772779848349,0.0,3,3,0,0,3,3,15600,0,0,0,0,0
2020-06-18,US,Wisconsin,Barron,30,0,0,45.42372701,-91.84833627,55005.0,66.30713464768809,0.0,30,26,0,0,26,26,45164,4,0,0,4,0
2020-06-18,US,Wisconsin,Bayfield,3,1,0,46.52868768,-91.19716729,55007.0,19.952114924181963,33.333333333333336,2,3,1,0,2,3,15042,0,0,0,0,0
2020-06-18,US,Wisconsin,Brown,2520,39,0,44.452655299999996,-88.00411844,55009.0,952.5897589040683,1.5476190476190477,2481,2507,39,0,2468,2492,263378,13,0,0,13,15
2020-06-18,US,Wisconsin,Buffalo,6,2,0,44.37835084,-91.75332578,55011.0,46.04404880669172,33.333333333333336,4,7,2,0,5,7,13125,-1,0,0,-1,0
2020-06-18,US,Wisconsin,Burnett,2,1,0,45.86303537,-92.36711412,55013.0,12.975217334890358,50.0,1,3,1,0,2,3,15392,-1,0,0,-1,0
2020-06-18,US,Wisconsin,Calumet,90,2,0,44.0816316,-88.21780273,55015.0,179.68016929864842,2.2222222222222223,88,88,2,0,86,87,50159,2,0,0,2,1
2020-06-18,US,Wisconsin,Chippewa,65,0,0,45.06939744,-91.28068855,55017.0,100.52893686782764,0.0,65,63,0,0,63,63,64135,2,0,0,2,0
2020-06-18,US,Wisconsin,Clark,56,5,0,44.73483377,-90.61207486,55019.0,161.03985736469775,8.928571428571429,51,53,4,0,49,51,34709,3,1,0,2,2
2020-06-18,US,Wisconsin,Columbia,60,1,0,43.46492199,-89.33589004,55021.0,104.2897865535702,1.6666666666666667,59,59,1,0,58,58,57358,1,0,0,1,1
2020-06-18,US,Wisconsin,Crawford,27,0,0,43.23870316,-90.93073686,55023.0,167.37957969127766,0.0,27,27,0,0,27,27,16291,0,0,0,0,0
2020-06-18,US,Wisconsin,Dane,1017,32,0,43.06601594,-89.41733797,55025.0,186.02694372547765,3.146509341199607,985,1000,31,0,969,980,542364,17,1,0,16,20
2020-06-18,US,Wisconsin,Dodge,426,5,0,43.41576662,-88.70928178,55027.0,484.97819874998584,1.1737089201877935,421,425,5,0,420,424,87847,1,0,0,1,1
2020-06-18,US,Wisconsin,Door,39,3,0,44.95856458,-87.30002707,55029.0,140.95706231025008,7.6923076923076925,36,39,3,0,36,39,27610,0,0,0,0,0
2020-06-18,US,Wisconsin,Douglas,20,0,0,46.43222285,-91.91595768,55031.0,46.349942062572424,0.0,20,20,0,0,20,20,43208,0,0,0,0,0
2020-06-18,US,Wisconsin,Dunn,29,0,0,44.94562799,-91.8962481,55033.0,63.921706929994706,0.0,29,29,0,0,29,29,45131,0,0,0,0,0
2020-06-18,US,Wisconsin,Eau Claire,149,0,0,44.726614,-91.28609183,55035.0,142.38480209468108,0.0,149,140,0,0,140,138,104534,9,0,0,9,2
2020-06-18,US,Wisconsin,Florence,2,0,0,45.84963535,-88.39804137,55037.0,46.56577415599534,0.0,2,2,0,0,2,2,4321,0,0,0,0,0
2020-06-18,US,Wisconsin,Fond du Lac,277,6,0,43.75354908,-88.48885325,55039.0,267.88391052483973,2.166064981949458,271,274,6,0,268,272,103066,3,0,0,3,2
2020-06-18,US,Wisconsin,Forest,34,2,0,45.66678019,-88.77084892,55041.0,377.6099511328298,5.882352941176472,32,34,2,0,32,34,8991,0,0,0,0,0
2020-06-18,US,Wisconsin,Grant,113,12,0,42.8671731,-90.7063218,55043.0,219.67767647116005,10.619469026548671,101,113,12,0,101,107,51554,0,0,0,0,6
2020-06-18,US,Wisconsin,Green,78,1,0,42.6794956,-89.60243287,55045.0,211.03896103896102,1.2820512820512822,77,78,1,0,77,77,36929,0,0,0,0,1
2020-06-18,US,Wisconsin,Green Lake,24,0,0,43.80025981,-89.04679553,55047.0,126.8968434410194,0.0,24,24,0,0,24,24,18918,0,0,0,0,0
2020-06-18,US,Wisconsin,Iowa,18,0,0,43.00050278,-90.13469017,55049.0,76.01993411605709,0.0,18,18,0,0,18,17,23771,0,0,0,0,1
2020-06-18,US,Wisconsin,Iron,2,1,0,46.26302338,-90.24295041,55051.0,35.16792685071215,50.0,1,2,1,0,1,2,5676,0,0,0,0,0
2020-06-18,US,Wisconsin,Jackson,24,1,0,44.31864893,-90.80566792,55053.0,116.26217119604708,4.166666666666667,23,22,1,0,21,21,20478,2,0,0,2,1
2020-06-18,US,Wisconsin,Jefferson,164,4,0,43.02054068,-88.77529134,55055.0,193.46695136193657,2.4390243902439024,160,161,4,0,157,161,85129,3,0,0,3,0
2020-06-18,US,Wisconsin,Juneau,27,1,0,43.92456975,-90.11120239,55057.0,101.17285569753064,3.703703703703704,26,25,1,0,24,25,26617,2,0,0,2,0
2020-06-18,US,Wisconsin,Kenosha,1392,36,0,42.57639354,-88.04051686,55059.0,820.9434952612925,2.586206896551724,1356,1382,37,0,1345,1374,169290,10,-1,0,11,8
2020-06-18,US,Wisconsin,Kewaunee,40,1,0,44.51727459,-87.61468386,55061.0,195.75217774297738,2.5,39,39,1,0,38,39,20383,1,0,0,1,0
2020-06-18,US,Wisconsin,La Crosse,179,0,0,43.90632465,-91.11451093,55063.0,151.6743492407809,0.0,179,152,0,0,152,132,118230,27,0,0,27,20
2020-06-18,US,Wisconsin,Lafayette,48,0,0,42.66005229,-90.1317729,55065.0,288.028802880288,0.0,48,43,0,0,43,43,16665,5,0,0,5,0
2020-06-18,US,Wisconsin,Langlade,7,0,0,45.26271619,-89.07483625,55067.0,36.47923289384544,0.0,7,6,0,0,6,6,19268,1,0,0,1,0
2020-06-18,US,Wisconsin,Lincoln,8,0,0,45.33737523,-89.73411273,55069.0,28.99286050809988,0.0,8,8,0,0,8,7,27689,0,0,0,0,1
2020-06-18,US,Wisconsin,Manitowoc,56,1,0,44.11946801,-87.80928853,55071.0,70.9031286005495,1.7857142857142858,55,50,1,0,49,48,79074,6,0,0,6,2
2020-06-18,US,Wisconsin,Marathon,95,1,0,44.89792533,-89.75863384,55073.0,70.0114966247089,1.0526315789473684,94,88,1,0,87,83,135428,7,0,0,7,5
2020-06-18,US,Wisconsin,Marinette,40,3,0,45.38553432,-88.03324599999998,55075.0,99.13258983890955,7.5,37,40,3,0,37,40,40434,0,0,0,0,0
2020-06-18,US,Wisconsin,Marquette,9,1,0,43.81911946,-89.40073763,55077.0,57.78862206241171,11.111111111111109,8,9,1,0,8,9,15434,0,0,0,0,0
2020-06-18,US,Wisconsin,Menominee,4,0,0,45.00422544,-88.70950714,55078.0,87.7963125548727,0.0,4,4,0,0,4,4,4658,0,0,0,0,0
2020-06-18,US,Wisconsin,Milwaukee,9945,360,0,43.00486062,-87.96733172,55079.0,1051.573077191491,3.619909502262444,9585,9750,356,0,9394,9658,948201,195,4,0,191,92
2020-06-18,US,Wisconsin,Monroe,39,1,0,43.94641218,-90.61881899999999,55081.0,84.31885499318962,2.5641025641025643,38,38,1,0,37,36,46051,1,0,0,1,2
2020-06-18,US,Wisconsin,Oconto,46,0,0,45.02715345,-88.26807503,55083.0,121.27603480094912,0.0,46,45,0,0,45,45,37830,1,0,0,1,0
2020-06-18,US,Wisconsin,Oneida,17,0,0,45.70677897,-89.51944105,55085.0,47.75951678606546,0.0,17,17,0,0,17,17,35470,0,0,0,0,0
2020-06-18,US,Wisconsin,Outagamie,366,8,0,44.41578887,-88.46565023,55087.0,194.8000106448093,2.1857923497267757,358,354,8,0,346,345,187365,12,0,0,12,9
2020-06-18,US,Wisconsin,Ozaukee,199,15,0,43.38352225,-87.94625009,55089.0,223.04166059559967,7.537688442211055,184,199,15,0,184,199,89147,0,0,0,0,0
2020-06-18,US,Wisconsin,Pepin,1,0,0,44.58307413,-91.99949611,55091.0,13.723068478111706,0.0,1,1,0,0,1,1,7289,0,0,0,0,0
2020-06-18,US,Wisconsin,Pierce,57,0,0,44.71850291,-92.4224416,55093.0,133.3208588670066,0.0,57,57,0,0,57,57,42555,0,0,0,0,0
2020-06-18,US,Wisconsin,Polk,37,1,0,45.46130348,-92.44182875,55095.0,84.50768563140943,2.702702702702702,36,37,1,0,36,36,43598,0,0,0,0,1
2020-06-18,US,Wisconsin,Portage,86,0,0,44.47558711,-89.50152965,55097.0,121.51698411801277,0.0,86,82,0,0,82,82,70942,4,0,0,4,0
2020-06-18,US,Wisconsin,Price,2,0,0,45.68051754,-90.36098879999999,55099.0,14.980151299528124,0.0,2,2,0,0,2,2,13397,0,0,0,0,0
2020-06-18,US,Wisconsin,Racine,2053,56,0,42.74753117,-88.05941254,55101.0,1045.7895889685244,2.727715538236726,1997,2039,56,0,1983,2033,196584,14,0,0,14,6
2020-06-18,US,Wisconsin,Richland,14,4,0,43.3762778,-90.43012729,55103.0,81.1500115928588,28.57142857142857,10,14,4,0,10,14,17377,0,0,0,0,0
2020-06-18,US,Wisconsin,Rock,773,22,0,42.67151616,-89.07147900000002,55105.0,473.20543114952795,2.846054333764554,751,767,22,0,745,761,163129,6,0,0,6,6
2020-06-18,US,Wisconsin,Rusk,10,0,0,45.47498854,-91.1333012,55107.0,70.53180984624065,0.0,10,10,0,0,10,10,14147,0,0,0,0,0
2020-06-18,US,Wisconsin,Sauk,88,3,0,43.42574087,-89.94966132,55111.0,136.55690388256107,3.4090909090909087,85,87,3,0,84,87,64249,1,0,0,1,0
2020-06-18,US,Wisconsin,Sawyer,9,0,0,45.87931905,-91.14504927,55113.0,54.35439062688731,0.0,9,9,0,0,9,9,16489,0,0,0,0,0
2020-06-18,US,Wisconsin,Shawano,66,0,0,44.78902246,-88.76443896,55115.0,161.37313870754787,0.0,66,64,0,0,64,64,40796,2,0,0,2,0
2020-06-18,US,Wisconsin,Sheboygan,177,4,0,43.72099677,-87.94579284,55117.0,153.45933761054275,2.2598870056497176,173,171,4,0,167,166,115456,6,0,0,6,5
2020-06-18,US,Wisconsin,St. Croix,119,0,0,45.03437474,-92.45000068,55109.0,131.22057185704676,0.0,119,116,0,0,116,116,89694,3,0,0,3,0
2020-06-18,US,Wisconsin,Taylor,6,0,0,45.21179252,-90.5004405,55119.0,29.494174900457157,0.0,6,5,0,0,5,5,20412,1,0,0,1,0
2020-06-18,US,Wisconsin,Trempealeau,85,0,0,44.30360275,-91.35893614,55121.0,286.6875779958852,0.0,85,80,0,0,80,71,29442,5,0,0,5,9
2020-06-18,US,Wisconsin,Vernon,28,0,0,43.59422667,-90.8324691,55123.0,90.8442021932386,0.0,28,26,0,0,26,24,30785,2,0,0,2,2
2020-06-18,US,Wisconsin,Vilas,10,0,0,46.05467334,-89.51719204,55125.0,45.05519261094841,0.0,10,8,0,0,8,8,21938,2,0,0,2,0
2020-06-18,US,Wisconsin,Walworth,487,17,0,42.66858202,-88.54163073,55127.0,468.8643278006701,3.4907597535934287,470,481,17,0,464,480,103718,6,0,0,6,1
2020-06-18,US,Wisconsin,Washburn,3,0,0,45.89838588,-91.79050449,55129.0,19.083969465648856,0.0,3,3,0,0,3,3,15878,0,0,0,0,0
2020-06-18,US,Wisconsin,Washington,303,12,0,43.36863664,-88.22974712,55131.0,222.73843303879914,3.96039603960396,291,299,12,0,287,296,135693,4,0,0,4,3
2020-06-18,US,Wisconsin,Waukesha,958,36,0,43.01833055,-88.30431188,55133.0,237.01255325360344,3.757828810020877,922,942,35,0,907,928,403072,16,1,0,15,14
2020-06-18,US,Wisconsin,Waupaca,84,5,0,44.47068056,-88.96534501,55135.0,164.73818395763874,5.9523809523809526,79,82,5,0,77,80,51128,2,0,0,2,2
2020-06-18,US,Wisconsin,Waushara,18,0,0,44.11324419,-89.24317107,55137.0,73.64071513316695,0.0,18,20,0,0,20,20,24263,-2,0,0,-2,0
2020-06-18,US,Wisconsin,Winnebago,569,10,0,44.06886922,-88.64477096,55139.0,330.9929205907845,1.7574692442882252,559,551,10,0,541,537,171020,18,0,0,18,14
2020-06-18,US,Wisconsin,Wood,28,1,0,44.45537896,-90.04158336,55141.0,38.356689817668745,3.571428571428572,27,25,1,0,24,23,73055,3,0,0,3,2
2020-06-18,US,Wyoming,Albany,28,0,0,41.65498705,-105.72354150000001,56001.0,72.0164609053498,0.0,28,28,0,0,28,28,38601,0,0,0,0,0
2020-06-18,US,Wyoming,Big Horn,11,0,0,44.52405055,-107.9960365,56003.0,93.29940627650551,0.0,11,11,0,0,11,11,11881,0,0,0,0,0
2020-06-18,US,Wyoming,Campbell,46,0,0,44.24886082,-105.54744040000001,56005.0,99.2641505362422,0.0,46,46,0,0,46,46,46140,0,0,0,0,0
2020-06-18,US,Wyoming,Carbon,22,0,0,41.69357844,-106.9326084,56007.0,148.64864864864862,0.0,22,21,0,0,21,22,14971,1,0,0,1,-1
2020-06-18,US,Wyoming,Converse,24,0,0,42.97272268,-105.5081848,56009.0,173.63623209376357,0.0,24,24,0,0,24,24,13640,0,0,0,0,0
2020-06-18,US,Wyoming,Crook,6,0,0,44.58855102,-104.56977049999999,56011.0,79.11392405063293,0.0,6,6,0,0,6,6,7450,0,0,0,0,0
2020-06-18,US,Wyoming,Fremont,319,0,0,43.04183996,-108.6296893,56013.0,812.5111433738315,0.0,319,315,0,0,315,310,39531,4,0,0,4,5
2020-06-18,US,Wyoming,Goshen,5,0,0,42.08798185,-104.3534743,56015.0,37.847248505033676,0.0,5,5,0,0,5,5,13376,0,0,0,0,0
2020-06-18,US,Wyoming,Hot Springs,12,0,0,43.71930657,-108.44231740000001,56017.0,271.92386131883075,0.0,12,12,0,0,12,12,4555,0,0,0,0,0
2020-06-18,US,Wyoming,Johnson,19,1,0,44.04057166,-106.58451740000001,56019.0,224.98519834221432,5.2631578947368425,18,19,1,0,18,18,8460,0,0,0,0,1
2020-06-18,US,Wyoming,Laramie,203,0,0,41.30702520000001,-104.6887497,56021.0,204.02010050251255,0.0,203,197,0,0,197,196,98976,6,0,0,6,1
2020-06-18,US,Wyoming,Lincoln,15,0,0,42.26376367,-110.6563997,56023.0,75.642965204236,0.0,15,15,0,0,15,15,19434,0,0,0,0,0
2020-06-18,US,Wyoming,Natrona,90,0,0,42.96180148,-106.79788500000001,56025.0,112.70004257557163,0.0,90,88,0,0,88,88,79115,2,0,0,2,0
2020-06-18,US,Wyoming,Niobrara,2,0,0,43.05607708,-104.47588959999999,56027.0,84.88964346349746,0.0,2,2,0,0,2,2,2388,0,0,0,0,0
2020-06-18,US,Wyoming,Park,10,0,0,44.52157546,-109.58528249999999,56029.0,34.25361375625128,0.0,10,8,0,0,8,7,29324,2,0,0,2,1
2020-06-18,US,Wyoming,Platte,1,0,0,42.13299116,-104.96633100000001,56031.0,11.914690813773385,0.0,1,1,0,0,1,1,8566,0,0,0,0,0
2020-06-18,US,Wyoming,Sheridan,19,0,0,44.79048913,-106.8862389,56033.0,62.325733967525004,0.0,19,19,0,0,19,19,30233,0,0,0,0,0
2020-06-18,US,Wyoming,Sublette,4,0,0,42.76558279,-109.91309220000001,56035.0,40.68762079137422,0.0,4,3,0,0,3,3,9813,1,0,0,1,0
2020-06-18,US,Wyoming,Sweetwater,44,0,0,41.65943896,-108.8827882,56037.0,103.91327964480551,0.0,44,43,0,0,43,40,43051,1,0,0,1,3
2020-06-18,US,Wyoming,Teton,108,0,0,43.93522482,-110.5890801,56039.0,460.2795772246846,0.0,108,107,0,0,107,105,23081,1,0,0,1,2
2020-06-18,US,Wyoming,Uinta,116,0,0,41.2878183,-110.54757820000002,56041.0,573.5192326708197,0.0,116,104,0,0,104,91,20299,12,0,0,12,13
2020-06-18,US,Wyoming,Unassigned,0,17,0,0.0,0.0,90056.0,0.0,0.0,-17,0,17,0,-17,0,,0,0,0,0,0
2020-06-18,US,Wyoming,Washakie,39,0,0,43.90451606,-107.68018700000002,56043.0,499.6796925048046,0.0,39,39,0,0,39,39,7885,0,0,0,0,0
2020-06-18,US,Wyoming,Weston,1,0,0,43.83961191,-104.56748809999999,56045.0,14.436263894903998,0.0,1,1,0,0,1,1,6967,0,0,0,0,0
