Date,Country/Region,Province/State,Admin2,Confirmed,Deaths,Recovered,Latitude,Longitude,FIPS,Incidence_Rate,Case-Fatality_Ratio,Active Cases,Previous Confirmed,Previous Deaths,Previous Recovered,Previous Active,Prev2 Confirmed,Population,Daily Confirmed,Daily Deaths,Daily Recovered,Daily Active,Previous Daily Confirmed
2020-10-30,US,Alabama,Autauga,2141,31,0,32.53952745,-86.64408227,1001.0,3832.1788469455328,1.4479215319943952,2110,2126,31,0,2095,2103,55601,15,0,0,15,23
2020-10-30,US,Alabama,Baldwin,6888,71,0,30.72774991,-87.72207058,1003.0,3085.551484092925,1.0307781649245065,6817,6768,69,0,6699,6743,218022,120,2,0,118,25
2020-10-30,US,Alabama,Barbour,1056,9,0,31.868263,-85.3871286,1005.0,4277.7282670339455,0.8522727272727273,1047,1055,9,0,1046,1045,24881,1,0,0,1,10
2020-10-30,US,Alabama,Bibb,866,15,0,32.99642064,-87.12511459999996,1007.0,3867.107260873449,1.7321016166281755,851,861,15,0,846,856,22400,5,0,0,5,5
2020-10-30,US,Alabama,Blount,2039,25,0,33.98210918,-86.56790593,1009.0,3526.0955279632,1.2260912211868562,2014,2009,25,0,1984,1988,57840,30,0,0,30,21
2020-10-30,US,Alabama,Bullock,651,17,0,32.10030533,-85.71265535,1011.0,6444.906444906445,2.6113671274961603,634,651,17,0,634,650,10138,0,0,0,0,1
2020-10-30,US,Alabama,Butler,1020,41,0,31.75300095,-86.68057478,1013.0,5244.755244755244,4.019607843137255,979,1019,41,0,978,1015,19680,1,0,0,1,4
2020-10-30,US,Alabama,Calhoun,4806,63,0,33.77483727,-85.82630386,1015.0,4230.447603538577,1.310861423220974,4743,4765,62,0,4703,4689,114277,41,1,0,40,76
2020-10-30,US,Alabama,Chambers,1381,47,0,32.91360079,-85.39072749,1017.0,4152.883863595357,3.4033309196234613,1334,1380,47,0,1333,1370,33615,1,0,0,1,10
2020-10-30,US,Alabama,Cherokee,769,15,0,34.17805983,-85.60638968,1019.0,2935.562681325393,1.9505851755526655,754,764,14,0,750,761,26032,5,1,0,4,3
2020-10-30,US,Alabama,Chilton,1926,32,0,32.85044126,-86.7173256,1021.0,4335.103988475737,1.6614745586708204,1894,1923,32,0,1891,1909,44153,3,0,0,3,14
2020-10-30,US,Alabama,Choctaw,395,12,0,32.02227341,-88.26564429999998,1023.0,3137.6598617840973,3.0379746835443036,383,395,12,0,383,394,12841,0,0,0,0,1
2020-10-30,US,Alabama,Clarke,1391,17,0,31.68099859,-87.83548597,1025.0,5888.578443823553,1.2221423436376708,1374,1387,17,0,1370,1380,23920,4,0,0,4,7
2020-10-30,US,Alabama,Clay,767,12,0,33.26984193,-85.85836077,1027.0,5795.2398942198715,1.564537157757497,755,763,12,0,751,758,13275,4,0,0,4,5
2020-10-30,US,Alabama,Cleburne,581,9,0,33.67679204,-85.52005899,1029.0,3896.713615023474,1.5490533562822721,572,579,9,0,570,577,14987,2,0,0,2,2
2020-10-30,US,Alabama,Coffee,1851,11,0,31.39932826,-85.98901039,1031.0,3536.357036414352,0.5942733657482442,1840,1836,11,0,1825,1826,51909,15,0,0,15,10
2020-10-30,US,Alabama,Colbert,2125,32,0,34.69847452,-87.80168544,1033.0,3846.780471026954,1.5058823529411764,2093,2102,32,0,2070,2082,54762,23,0,0,23,20
2020-10-30,US,Alabama,Conecuh,573,13,0,31.43401703,-86.99320044,1035.0,4748.487610839479,2.2687609075043635,560,572,13,0,559,565,12277,1,0,0,1,7
2020-10-30,US,Alabama,Coosa,219,3,0,32.93690146,-86.24847739,1037.0,2053.831004407765,1.3698630136986298,216,217,3,0,214,214,10715,2,0,0,2,3
2020-10-30,US,Alabama,Covington,1787,29,0,31.247785399999998,-86.45050893,1039.0,4823.342060514454,1.6228315612758817,1758,1773,29,0,1744,1767,36986,14,0,0,14,6
2020-10-30,US,Alabama,Crenshaw,616,30,0,31.72941803,-86.31593104,1041.0,4472.843450479233,4.87012987012987,586,612,30,0,582,611,13824,4,0,0,4,1
2020-10-30,US,Alabama,Cullman,2719,25,0,34.13020303,-86.86888037,1043.0,3245.8695444561167,0.9194556822361162,2694,2665,25,0,2640,2600,83442,54,0,0,54,65
2020-10-30,US,Alabama,Dale,1862,52,0,31.43037123,-85.61095742,1045.0,3786.707882534776,2.7926960257787323,1810,1849,52,0,1797,1808,48956,13,0,0,13,41
2020-10-30,US,Alabama,Dallas,1894,27,0,32.32688101,-87.10866709999998,1047.0,5091.945370469944,1.4255543822597676,1867,1892,27,0,1865,1881,38310,2,0,0,2,11
2020-10-30,US,Alabama,DeKalb,3579,29,0,34.45946862,-85.80782906,1049.0,5004.684462964776,0.8102822017323275,3550,3554,29,0,3525,3512,71385,25,0,0,25,42
2020-10-30,US,Alabama,Elmore,3292,58,0,32.59785413,-86.14415284,1051.0,4053.7378861948796,1.7618469015795868,3234,3278,58,0,3220,3265,81887,14,0,0,14,13
2020-10-30,US,Alabama,Escambia,1760,31,0,31.1256789,-87.15918694,1053.0,4804.411323123959,1.7613636363636365,1729,1758,31,0,1727,1753,36748,2,0,0,2,5
2020-10-30,US,Alabama,Etowah,4445,53,0,34.04567266,-86.04051873,1055.0,4346.423123557711,1.1923509561304837,4392,4419,52,0,4367,4365,102501,26,1,0,25,54
2020-10-30,US,Alabama,Fayette,604,13,0,33.72076938,-87.73886638,1057.0,3705.0668629616,2.1523178807947017,591,599,13,0,586,594,16433,5,0,0,5,5
2020-10-30,US,Alabama,Franklin,2107,32,0,34.44235334,-87.84289505,1059.0,6718.321535616351,1.5187470336971998,2075,2094,32,0,2062,2077,31363,13,0,0,13,17
2020-10-30,US,Alabama,Geneva,959,7,0,31.09389027,-85.83572839,1061.0,3650.4130029309886,0.7299270072992701,952,942,7,0,935,935,26314,17,0,0,17,7
2020-10-30,US,Alabama,Greene,346,16,0,32.85504247,-87.95684022,1063.0,4265.8118604364445,4.624277456647398,330,345,16,0,329,346,8233,1,0,0,1,-1
2020-10-30,US,Alabama,Hale,783,30,0,32.76039258,-87.63284988,1065.0,5344.345095897891,3.8314176245210727,753,781,30,0,751,780,14726,2,0,0,2,1
2020-10-30,US,Alabama,Henry,736,6,0,31.51148016,-85.24267944,1067.0,4277.826213310084,0.8152173913043478,730,731,6,0,725,728,17209,5,0,0,5,3
2020-10-30,US,Alabama,Houston,4265,35,0,31.15197924,-85.29939599,1069.0,4028.0689824521637,0.82063305978898,4230,4239,34,0,4205,4212,104722,26,1,0,25,27
2020-10-30,US,Alabama,Jackson,2282,18,0,34.78144169,-85.99750489,1071.0,4420.25336070972,0.7887817703768624,2264,2253,17,0,2236,2219,51736,29,1,0,28,34
2020-10-30,US,Alabama,Jefferson,24088,384,0,33.55554728,-86.89506300000002,1073.0,3657.605155389,1.594154765858519,23704,23940,385,0,23555,23769,659300,148,-1,0,149,171
2020-10-30,US,Alabama,Lamar,525,5,0,33.77995024,-88.09668032,1075.0,3802.969938428105,0.9523809523809524,520,523,5,0,518,516,13844,2,0,0,2,7
2020-10-30,US,Alabama,Lauderdale,2437,43,0,34.90171875,-87.65624729,1077.0,2628.088300315975,1.7644645055395978,2394,2405,43,0,2362,2371,92387,32,0,0,32,34
2020-10-30,US,Alabama,Lawrence,899,33,0,34.52041498,-87.31069453,1079.0,2730.53091969384,3.6707452725250285,866,885,33,0,852,877,32957,14,0,0,14,8
2020-10-30,US,Alabama,Lee,6669,65,0,32.60154883,-85.35132246,1081.0,4053.0685174605874,0.9746588693957114,6604,6649,65,0,6584,6624,163941,20,0,0,20,25
2020-10-30,US,Alabama,Limestone,3003,33,0,34.81185586,-86.98310072,1083.0,3035.9399484405803,1.0989010989010992,2970,2970,31,0,2939,2951,96174,33,2,0,31,19
2020-10-30,US,Alabama,Lowndes,723,28,0,32.1597283,-86.65158371,1085.0,7433.68291178285,3.8727524204702632,695,721,28,0,693,717,9974,2,0,0,2,4
2020-10-30,US,Alabama,Macon,550,20,0,32.38759944,-85.69267724,1087.0,3044.0557892406464,3.636363636363636,530,543,20,0,523,541,18439,7,0,0,7,2
2020-10-30,US,Alabama,Madison,9619,98,0,34.76327133,-86.55069633,1089.0,2579.449678071594,1.0188169248362615,9521,9557,98,0,9459,9467,366519,62,0,0,62,90
2020-10-30,US,Alabama,Marengo,1053,22,0,32.24767634,-87.78796182,1091.0,5582.356995175741,2.0892687559354224,1031,1046,22,0,1024,1035,19066,7,0,0,7,11
2020-10-30,US,Alabama,Marion,1118,31,0,34.13697363,-87.88704173,1093.0,3763.1694099431147,2.7728085867620758,1087,1109,31,0,1078,1103,29763,9,0,0,9,6
2020-10-30,US,Alabama,Marshall,4500,51,0,34.36975964,-86.30486727,1095.0,4650.0093000186,1.1333333333333333,4449,4474,51,0,4423,4452,96109,26,0,0,26,22
2020-10-30,US,Alabama,Mobile,17166,319,0,30.78472347,-88.20842409,1097.0,4154.304106870599,1.858324595129908,16847,17123,319,0,16804,17039,413757,43,0,0,43,84
2020-10-30,US,Alabama,Monroe,663,10,0,31.56729412,-87.36995001,1099.0,3197.800607726813,1.5082956259426847,653,663,10,0,653,660,21067,0,0,0,0,3
2020-10-30,US,Alabama,Montgomery,10576,205,0,32.2206831,-86.20969272,1101.0,4669.604302252678,1.938350983358548,10371,10503,199,0,10304,10435,225763,73,6,0,67,68
2020-10-30,US,Alabama,Morgan,4428,35,0,34.45500589,-86.85475946,1103.0,3699.897225077081,0.7904245709123758,4393,4308,35,0,4273,4263,119089,120,0,0,120,45
2020-10-30,US,Alabama,Perry,602,6,0,32.64048341,-87.29770589,1105.0,6746.609884567971,0.9966777408637874,596,599,6,0,593,596,9140,3,0,0,3,3
2020-10-30,US,Alabama,Pickens,900,18,0,33.28094866,-88.08818103,1107.0,4515.805318615153,2.0,882,890,18,0,872,874,19938,10,0,0,10,16
2020-10-30,US,Alabama,Pike,1370,14,0,31.80396383,-85.9408295,1109.0,4137.222926858731,1.0218978102189782,1356,1364,14,0,1350,1355,33338,6,0,0,6,9
2020-10-30,US,Alabama,Randolph,853,16,0,33.29526734,-85.45708831,1111.0,3754.070944459114,1.875732708089097,837,846,16,0,830,843,22725,7,0,0,7,3
2020-10-30,US,Alabama,Russell,1999,3,0,32.28725256,-85.18415324,1113.0,3448.870792429392,0.1500750375187594,1996,1983,3,0,1980,1976,57781,16,0,0,16,7
2020-10-30,US,Alabama,Shelby,7660,67,0,33.26879845,-86.66232561,1117.0,3518.5712579581264,0.8746736292428199,7593,7605,65,0,7540,7563,215707,55,2,0,53,42
2020-10-30,US,Alabama,St. Clair,3138,43,0,33.71902176,-86.31029372,1115.0,3505.6752167307177,1.3702995538559593,3095,3113,42,0,3071,3070,88690,25,1,0,24,43
2020-10-30,US,Alabama,Sumter,487,21,0,32.59117397,-88.19916205,1119.0,3918.8862959684557,4.312114989733058,466,486,21,0,465,477,12691,1,0,0,1,9
2020-10-30,US,Alabama,Talladega,2777,37,0,33.37823223,-86.16886178,1121.0,3472.2048563354924,1.3323730644580485,2740,2764,37,0,2727,2739,79828,13,0,0,13,25
2020-10-30,US,Alabama,Tallapoosa,1385,87,0,32.86698258,-85.79833053,1123.0,3431.0203879406445,6.281588447653428,1298,1372,87,0,1285,1353,40497,13,0,0,13,19
2020-10-30,US,Alabama,Tuscaloosa,10641,142,0,33.28726072,-87.52556818,1125.0,5082.754173532994,1.3344610468940892,10499,10602,141,0,10461,10539,208911,39,1,0,38,63
2020-10-30,US,Alabama,Walker,2902,93,0,33.80270512,-87.30027177,1127.0,4568.567875190882,3.204686423156444,2809,2874,93,0,2781,2855,63711,28,0,0,28,19
2020-10-30,US,Alabama,Washington,759,12,0,31.4092794,-88.20689944,1129.0,4649.026093348034,1.5810276679841897,747,758,12,0,746,754,16378,1,0,0,1,4
2020-10-30,US,Alabama,Wilcox,572,12,0,31.98773215,-87.30891118,1131.0,5514.316012725346,2.097902097902098,560,571,12,0,559,571,10627,1,0,0,1,0
2020-10-30,US,Alabama,Winston,953,13,0,34.15030532,-87.37325922,1133.0,4033.179567480637,1.3641133263378804,940,947,13,0,934,943,23660,6,0,0,6,4
2020-10-30,US,Alaska,Aleutians East,16,0,0,55.32222414,-161.9722021,2013.0,479.47258016182195,0.0,16,16,0,0,16,16,3515,0,0,0,0,0
2020-10-30,US,Alaska,Aleutians West,99,0,0,52.3233,-174.1596,2016.0,1757.1884984025562,0.0,99,99,0,0,99,98,5723,0,0,0,0,1
2020-10-30,US,Alaska,Anchorage,8149,49,0,61.14998174,-149.14269860000005,2020.0,2829.513888888889,0.6013007731009941,8100,7952,47,0,7905,7792,291538,197,2,0,195,160
2020-10-30,US,Alaska,Bethel,444,1,0,60.90980451,-159.8561831,2050.0,2414.880887631894,0.22522522522522526,443,424,1,0,423,409,18216,20,0,0,20,15
2020-10-30,US,Alaska,Bristol Bay plus Lake and Peninsula,110,0,0,58.62403337,-156.21405890000003,2164.0,2736.318407960199,0.0,110,108,0,0,108,107,,2,0,0,2,1
2020-10-30,US,Alaska,Denali,31,0,0,63.67264044,-150.0076108,2068.0,1478.3023366714353,0.0,31,31,0,0,31,31,2059,0,0,0,0,0
2020-10-30,US,Alaska,Dillingham,60,0,0,59.79603738,-158.23819419999995,2070.0,1220.5044751830758,0.0,60,59,0,0,59,59,5000,1,0,0,1,0
2020-10-30,US,Alaska,Fairbanks North Star,2220,15,0,64.80726247,-146.5692662,2090.0,2292.228107672769,0.6756756756756757,2205,2199,15,0,2184,2173,98971,21,0,0,21,26
2020-10-30,US,Alaska,Haines,13,0,0,59.09893571,-135.4679843,2100.0,513.8339920948616,0.0,13,12,0,0,12,12,2474,1,0,0,1,0
2020-10-30,US,Alaska,Juneau,568,3,0,58.45031811,-134.200436,2110.0,1776.4433602301874,0.528169014084507,565,551,3,0,548,542,32113,17,0,0,17,9
2020-10-30,US,Alaska,Kenai Peninsula,1055,4,0,60.24429722,-151.53888840000005,2122.0,1797.0293656741842,0.3791469194312796,1051,1016,4,0,1012,975,58533,39,0,0,39,41
2020-10-30,US,Alaska,Ketchikan Gateway,85,0,0,55.57445008,-130.975561,2130.0,611.466800949572,0.0,85,83,0,0,83,80,13918,2,0,0,2,3
2020-10-30,US,Alaska,Kodiak Island,112,0,0,57.65529415,-153.7493579,2150.0,861.6710263117403,0.0,112,111,0,0,111,98,13345,1,0,0,1,13
2020-10-30,US,Alaska,Kusilvak,224,0,0,62.15429159999999,-163.39678830000003,2158.0,2694.250661534761,0.0,224,224,0,0,224,209,8303,0,0,0,0,15
2020-10-30,US,Alaska,Matanuska-Susitna,1432,3,0,62.31305045,-149.5741743,2170.0,1322.0454776258575,0.20949720670391064,1429,1368,2,0,1366,1300,107610,64,1,0,63,68
2020-10-30,US,Alaska,Nome,133,0,0,64.90320724,-164.0353804,2180.0,1329.468212714914,0.0,133,132,0,0,132,133,10008,1,0,0,1,-1
2020-10-30,US,Alaska,North Slope,273,0,0,69.31479216,-153.4836093,2185.0,2776.647681041497,0.0,273,271,0,0,271,267,9872,2,0,0,2,4
2020-10-30,US,Alaska,Northwest Arctic,250,0,0,67.04919196,-159.7503946,2188.0,3280.409395092508,0.0,250,245,0,0,245,243,7671,5,0,0,5,2
2020-10-30,US,Alaska,Petersburg,19,1,0,57.13978948,-132.9540995,2195.0,581.7513778322108,5.2631578947368425,18,19,1,0,18,17,3221,0,0,0,0,2
2020-10-30,US,Alaska,Prince of Wales-Hyder,35,1,0,55.76261984,-133.0511621,2198.0,564.2431081734644,2.8571428571428568,34,35,1,0,34,35,6422,0,0,0,0,0
2020-10-30,US,Alaska,Sitka,79,0,0,57.24124555,-135.3206587,2220.0,930.177793476981,0.0,79,77,0,0,77,75,8647,2,0,0,2,2
2020-10-30,US,Alaska,Skagway,8,0,0,59.56149996,-135.33377480000001,2230.0,676.2468300929838,0.0,8,8,0,0,8,8,1148,0,0,0,0,0
2020-10-30,US,Alaska,Southeast Fairbanks,85,1,0,63.87692095,-143.2127643,2240.0,1233.1350645582474,1.1764705882352942,84,83,0,0,83,78,6918,2,1,0,1,5
2020-10-30,US,Alaska,Unassigned,64,0,0,0.0,0.0,90002.0,0.0,0.0,64,60,0,0,60,64,,4,0,0,4,-4
2020-10-30,US,Alaska,Valdez-Cordova,169,1,0,61.47502768,-144.7126799,2261.0,1836.557270158661,0.591715976331361,168,164,1,0,163,163,9164,5,0,0,5,1
2020-10-30,US,Alaska,Wrangell,19,0,0,56.3202004,-132.05837309999998,2275.0,759.3924860111911,0.0,19,19,0,0,19,19,2503,0,0,0,0,0
2020-10-30,US,Alaska,Yakutat,38,0,0,59.890980799999994,-140.36014509999998,2282.0,6563.039723661485,0.0,38,38,0,0,38,38,604,0,0,0,0,0
2020-10-30,US,Alaska,Yukon-Koyukuk,118,2,0,65.50815459,-151.39073869999999,2290.0,2256.2141491395787,1.6949152542372878,116,118,2,0,116,114,5327,0,0,0,0,4
2020-10-30,US,Arizona,Apache,3992,170,0,35.39465006,-109.4892383,4001.0,5553.159820273485,4.258517034068136,3822,3965,169,0,3796,3934,71818,27,1,0,26,31
2020-10-30,US,Arizona,Cochise,2193,75,0,31.87934684,-109.7516088,4003.0,1741.554295516272,3.4199726402188784,2118,2171,75,0,2096,2150,126770,22,0,0,22,21
2020-10-30,US,Arizona,Coconino,5301,149,0,35.83883429,-111.77071780000001,4005.0,3694.694583066157,2.8107904169024707,5152,5243,149,0,5094,5165,142854,58,0,0,58,78
2020-10-30,US,Arizona,Gila,1965,70,0,33.80190085,-110.8132779,4007.0,3637.676330112185,3.5623409669211195,1895,1945,70,0,1875,1914,53889,20,0,0,20,31
2020-10-30,US,Arizona,Graham,1224,28,0,32.93166885,-109.8882178,4009.0,3151.633751319618,2.2875816993464047,1196,1197,28,0,1169,1185,38072,27,0,0,27,12
2020-10-30,US,Arizona,Greenlee,101,2,0,33.21498827,-109.2405279,4011.0,1063.3817645820172,1.98019801980198,99,101,1,0,100,101,9483,0,1,0,-1,0
2020-10-30,US,Arizona,La Paz,624,17,0,33.72854224,-113.98100290000001,4012.0,2956.225127913587,2.7243589743589745,607,620,17,0,603,618,21098,4,0,0,4,2
2020-10-30,US,Arizona,Maricopa,157728,3577,0,33.34835867,-112.49181540000001,4013.0,3516.46470091724,2.2678281598701564,154151,156736,3566,0,153170,155951,4410824,992,11,0,981,785
2020-10-30,US,Arizona,Mohave,4395,231,0,35.70471703,-113.7577902,4015.0,2071.3447481159947,5.255972696245734,4164,4371,231,0,4140,4340,209550,24,0,0,24,31
2020-10-30,US,Arizona,Navajo,6452,240,0,35.3997715,-110.3218983,4017.0,5816.5951462262465,3.7197768133911966,6212,6410,240,0,6170,6340,110445,42,0,0,42,70
2020-10-30,US,Arizona,Pima,28296,639,0,32.0971334,-111.7890033,4019.0,2701.858816991461,2.2582697201017807,27657,28067,638,0,27429,27962,1039073,229,1,0,228,105
2020-10-30,US,Arizona,Pinal,11958,226,0,32.90525627,-111.3449483,4021.0,2583.898925860381,1.8899481518648604,11732,11937,225,0,11712,11873,447138,21,1,0,20,64
2020-10-30,US,Arizona,Santa Cruz,3037,65,0,31.52508998,-110.8479088,4023.0,6531.463718869629,2.140270003292723,2972,3021,65,0,2956,3004,46511,16,0,0,16,17
2020-10-30,US,Arizona,Yavapai,2982,91,0,34.59933926,-112.5538588,4025.0,1268.4018222110685,3.0516431924882634,2891,2961,89,0,2872,2939,231993,21,2,0,19,22
2020-10-30,US,Arizona,Yuma,13797,354,0,32.76895712,-113.90666740000002,4027.0,6453.619724305033,2.5657751685148944,13443,13735,354,0,13381,13689,212128,62,0,0,62,46
2020-10-30,US,Arkansas,Arkansas,700,16,0,34.29145151,-91.37277296,5001.0,4003.2025620496397,2.2857142857142856,684,692,16,0,676,676,17769,8,0,0,8,16
2020-10-30,US,Arkansas,Ashley,559,11,0,33.19153461,-91.76984709999999,5003.0,2843.7706669379863,1.9677996422182469,548,552,11,0,541,547,20046,7,0,0,7,5
2020-10-30,US,Arkansas,Baxter,712,11,0,36.28784385,-92.33782872,5005.0,1697.9872173995993,1.5449438202247192,701,695,11,0,684,677,41619,17,0,0,17,18
2020-10-30,US,Arkansas,Benton,8441,120,0,36.33644656,-94.25680817,5007.0,3023.919811134874,1.4216325079966832,8321,8340,121,0,8219,8262,272608,101,-1,0,102,78
2020-10-30,US,Arkansas,Boone,1076,35,0,36.3084504,-93.09374925,5009.0,2874.545843128874,3.2527881040892197,1041,1057,35,0,1022,1045,37480,19,0,0,19,12
2020-10-30,US,Arkansas,Bradley,373,8,0,33.46755808,-92.15980837,5011.0,3465.5765121248724,2.1447721179624666,365,373,8,0,365,371,10897,0,0,0,0,2
2020-10-30,US,Arkansas,Calhoun,54,0,0,33.55598792,-92.49974403,5013.0,1040.6629408363847,0.0,54,53,0,0,53,53,5277,1,0,0,1,0
2020-10-30,US,Arkansas,Carroll,1028,17,0,36.34038560000001,-93.54270261,5015.0,3622.269203664553,1.6536964980544746,1011,1014,17,0,997,1007,28223,14,0,0,14,7
2020-10-30,US,Arkansas,Chicot,1054,23,0,33.26458973,-91.29539209,5017.0,10417.07847400672,2.1821631878557874,1031,1053,23,0,1030,1053,10438,1,0,0,1,0
2020-10-30,US,Arkansas,Clark,511,5,0,34.04613432,-93.17484713,5019.0,2289.4265232974913,0.9784735812133072,506,506,5,0,501,501,22061,5,0,0,5,5
2020-10-30,US,Arkansas,Clay,499,13,0,36.36826212,-90.4148172,5021.0,3429.317572675417,2.6052104208416837,486,496,13,0,483,493,14847,3,0,0,3,3
2020-10-30,US,Arkansas,Cleburne,470,15,0,35.53864922,-92.02640019,5023.0,1886.1109996388298,3.191489361702128,455,463,15,0,448,462,24965,7,0,0,7,1
2020-10-30,US,Arkansas,Cleveland,249,13,0,33.89723187,-92.18537045,5025.0,3129.713423831071,5.220883534136545,236,241,13,0,228,238,8018,8,0,0,8,3
2020-10-30,US,Arkansas,Columbia,731,21,0,33.21230701,-93.22642793,5027.0,3116.3405380057125,2.8727770177838576,710,720,21,0,699,711,23537,11,0,0,11,9
2020-10-30,US,Arkansas,Conway,353,3,0,35.26205537,-92.70506566,5029.0,1693.3704307780868,0.8498583569405099,350,352,3,0,349,349,20891,1,0,0,1,3
2020-10-30,US,Arkansas,Craighead,4699,48,0,35.83018283,-90.63235729,5031.0,4258.963854548091,1.0214939348797616,4651,4646,48,0,4598,4583,108558,53,0,0,53,63
2020-10-30,US,Arkansas,Crawford,2119,27,0,35.58928601,-94.2446814,5033.0,3349.8268966280407,1.2741859367626238,2092,2086,27,0,2059,2063,63406,33,0,0,33,23
2020-10-30,US,Arkansas,Crittenden,2467,53,0,35.21247318,-90.30839406,5035.0,5144.4062141591085,2.1483583299554114,2414,2442,52,0,2390,2428,48342,25,1,0,24,14
2020-10-30,US,Arkansas,Cross,603,22,0,35.29631396,-90.77185818,5037.0,3672.574456422437,3.6484245439469314,581,598,22,0,576,593,16676,5,0,0,5,5
2020-10-30,US,Arkansas,Dallas,181,6,0,33.97042763,-92.65167437,5039.0,2582.3940647738627,3.3149171270718236,175,180,6,0,174,180,7182,1,0,0,1,0
2020-10-30,US,Arkansas,Desha,421,7,0,33.83011025,-91.25500948,5041.0,3705.659713053428,1.66270783847981,414,420,7,0,413,414,11512,1,0,0,1,6
2020-10-30,US,Arkansas,Drew,440,7,0,33.59035001,-91.71777921,5043.0,2415.061199846314,1.5909090909090908,433,435,7,0,428,433,18328,5,0,0,5,2
2020-10-30,US,Arkansas,Faulkner,3466,36,0,35.14719007,-92.33717519,5045.0,2750.6408374137945,1.03866128101558,3430,3430,36,0,3394,3389,124806,36,0,0,36,41
2020-10-30,US,Arkansas,Franklin,551,3,0,35.51202821,-93.89299569,5047.0,3110.358453288173,0.5444646098003629,548,540,3,0,537,537,17810,11,0,0,11,3
2020-10-30,US,Arkansas,Fulton,336,9,0,36.38177105,-91.81729127,5049.0,2692.955037268574,2.6785714285714284,327,332,9,0,323,330,12269,4,0,0,4,2
2020-10-30,US,Arkansas,Garland,2605,67,0,34.57692074,-93.14921604,5051.0,2621.093514177047,2.5719769673704413,2538,2591,67,0,2524,2481,99154,14,0,0,14,110
2020-10-30,US,Arkansas,Grant,375,4,0,34.29017991,-92.42320562,5053.0,2053.107035313441,1.0666666666666669,371,374,4,0,370,368,18188,1,0,0,1,6
2020-10-30,US,Arkansas,Greene,1595,20,0,36.11735460000001,-90.55832668,5055.0,3519.029233314948,1.2539184952978055,1575,1557,20,0,1537,1541,45325,38,0,0,38,16
2020-10-30,US,Arkansas,Hempstead,579,5,0,33.73325583,-93.66935133,5057.0,2689.020992011889,0.8635578583765112,574,564,5,0,559,557,21741,15,0,0,15,7
2020-10-30,US,Arkansas,Hot Spring,2245,38,0,34.31709259,-92.95396325,5059.0,6647.715495543514,1.6926503340757235,2207,2227,38,0,2189,2212,33701,18,0,0,18,15
2020-10-30,US,Arkansas,Howard,612,14,0,34.09007427,-93.9934871,5061.0,4635.661263444933,2.2875816993464047,598,599,14,0,585,590,13341,13,0,0,13,9
2020-10-30,US,Arkansas,Independence,1480,57,0,35.74242707,-91.57001641,5063.0,3912.756113681429,3.8513513513513513,1423,1476,55,0,1421,1472,37678,4,2,0,2,4
2020-10-30,US,Arkansas,Izard,619,2,0,36.09604046,-91.90847954,5065.0,4541.785897718101,0.32310177705977383,617,614,2,0,612,604,13593,5,0,0,5,10
2020-10-30,US,Arkansas,Jackson,812,6,0,35.59802983,-91.21494602,5067.0,4856.749805610383,0.7389162561576355,806,788,6,0,782,773,16811,24,0,0,24,15
2020-10-30,US,Arkansas,Jefferson,4270,102,0,34.26767081,-91.92619839,5069.0,6389.919789297261,2.3887587822014047,4168,4243,102,0,4141,4231,68114,27,0,0,27,12
2020-10-30,US,Arkansas,Johnson,1048,8,0,35.56759135,-93.46036368,5071.0,3943.11084355482,0.7633587786259542,1040,1042,8,0,1034,1025,26742,6,0,0,6,17
2020-10-30,US,Arkansas,Lafayette,190,3,0,33.24116713,-93.60677071,5073.0,2868.357487922705,1.5789473684210529,187,176,3,0,173,173,6682,14,0,0,14,3
2020-10-30,US,Arkansas,Lawrence,859,19,0,36.04188196,-91.10867198,5075.0,5235.889308789468,2.211874272409778,840,848,19,0,829,833,16434,11,0,0,11,15
2020-10-30,US,Arkansas,Lee,1113,18,0,34.78498904,-90.78383866,5077.0,12566.331715027662,1.6172506738544474,1095,1111,18,0,1093,1110,8985,2,0,0,2,1
2020-10-30,US,Arkansas,Lincoln,2333,17,0,33.95317155,-91.74002806,5079.0,17913.083538083538,0.7286755250750108,2316,2333,17,0,2316,2333,13383,0,0,0,0,0
2020-10-30,US,Arkansas,Little River,476,38,0,33.70375665,-94.23468591,5081.0,3882.861571090627,7.9831932773109235,438,465,38,0,427,459,12326,11,0,0,11,6
2020-10-30,US,Arkansas,Logan,603,4,0,35.21413234,-93.71951016,5083.0,2809.093450107146,0.6633499170812603,599,603,4,0,599,595,21737,0,0,0,0,8
2020-10-30,US,Arkansas,Lonoke,1840,29,0,34.75392199,-91.88742357,5085.0,2509.923747425282,1.576086956521739,1811,1806,29,0,1777,1781,73657,34,0,0,34,25
2020-10-30,US,Arkansas,Madison,434,6,0,36.01038185,-93.72524943,5087.0,2618.2432432432433,1.3824884792626728,428,433,6,0,427,431,16481,1,0,0,1,2
2020-10-30,US,Arkansas,Marion,169,2,0,36.26844485,-92.68451899,5089.0,1012.339762789026,1.183431952662722,167,161,2,0,159,155,16722,8,0,0,8,6
2020-10-30,US,Arkansas,Miller,1532,16,0,33.31403423,-93.89285258,5091.0,3541.623321080981,1.0443864229765014,1516,1480,16,0,1464,1457,43592,52,0,0,52,23
2020-10-30,US,Arkansas,Mississippi,2351,68,0,35.76271485,-90.05194370000002,5093.0,5783.375562716785,2.89238621863037,2283,2338,68,0,2270,2316,41239,13,0,0,13,22
2020-10-30,US,Arkansas,Monroe,220,1,0,34.6815935,-91.20540287,5095.0,3283.0920758095813,0.4545454545454545,219,216,1,0,215,212,6900,4,0,0,4,4
2020-10-30,US,Arkansas,Montgomery,186,8,0,34.53704874,-93.65824478,5097.0,2069.8864900957046,4.301075268817204,178,184,8,0,176,183,8924,2,0,0,2,1
2020-10-30,US,Arkansas,Nevada,324,14,0,33.66340119,-93.30632432,5099.0,3926.3208919049935,4.320987654320987,310,317,14,0,303,311,8326,7,0,0,7,6
2020-10-30,US,Arkansas,Newton,322,20,0,35.91947491,-93.21612969,5101.0,4153.231007351993,6.211180124223603,302,319,20,0,299,314,7805,3,0,0,3,5
2020-10-30,US,Arkansas,Ouachita,394,9,0,33.58839816,-92.87795984,5103.0,1685.0568813617313,2.2842639593908634,385,391,9,0,382,385,23606,3,0,0,3,6
2020-10-30,US,Arkansas,Perry,145,1,0,34.945915299999996,-92.94372564,5105.0,1386.8962219033954,0.6896551724137931,144,142,1,0,141,139,10352,3,0,0,3,3
2020-10-30,US,Arkansas,Phillips,772,16,0,34.43268455,-90.84800154,5107.0,4341.468901135981,2.0725388601036268,756,767,16,0,751,757,18029,5,0,0,5,10
2020-10-30,US,Arkansas,Pike,270,1,0,34.16250414,-93.65789349,5109.0,2519.126702743049,0.3703703703703704,269,270,1,0,269,269,10673,0,0,0,0,1
2020-10-30,US,Arkansas,Poinsett,1149,21,0,35.57433534,-90.66268713,5111.0,4883.543012580755,1.827676240208877,1128,1133,20,0,1113,1115,23974,16,1,0,15,18
2020-10-30,US,Arkansas,Polk,365,5,0,34.48254879,-94.22728802,5113.0,1828.2909236625928,1.3698630136986298,360,364,5,0,359,360,20049,1,0,0,1,4
2020-10-30,US,Arkansas,Pope,2800,38,0,35.44871474,-93.03212219,5115.0,4370.083655887127,1.3571428571428572,2762,2774,38,0,2736,2759,64000,26,0,0,26,15
2020-10-30,US,Arkansas,Prairie,239,4,0,34.83624419,-91.55162157,5117.0,2964.524931778715,1.6736401673640169,235,236,4,0,232,231,8074,3,0,0,3,5
2020-10-30,US,Arkansas,Pulaski,12243,213,0,34.77054088,-92.31355101,5119.0,3123.9235438658266,1.7397696642979659,12030,12152,212,0,11940,12058,392680,91,1,0,90,94
2020-10-30,US,Arkansas,Randolph,674,24,0,36.3415714,-91.02455531,5121.0,3753.2019155808002,3.560830860534125,650,668,24,0,644,659,17948,6,0,0,6,9
2020-10-30,US,Arkansas,Saline,2965,31,0,34.64916145,-92.67583224,5125.0,2421.653585109077,1.0455311973018548,2934,2916,30,0,2886,2884,121421,49,1,0,48,32
2020-10-30,US,Arkansas,Scott,228,1,0,34.85588887,-94.0632176,5127.0,2217.6831047563464,0.43859649122807015,227,225,1,0,224,220,10319,3,0,0,3,5
2020-10-30,US,Arkansas,Searcy,205,1,0,35.9109364,-92.69936482,5129.0,2601.1927420378124,0.4878048780487805,204,205,1,0,204,202,7958,0,0,0,0,3
2020-10-30,US,Arkansas,Sebastian,4972,95,0,35.19605503,-94.27162713,5131.0,3889.6320808592864,1.9106999195494767,4877,4920,94,0,4826,4877,127753,52,1,0,51,43
2020-10-30,US,Arkansas,Sevier,1379,16,0,33.99780401,-94.2424869,5133.0,8108.4259422590685,1.1602610587382158,1363,1371,16,0,1355,1362,17139,8,0,0,8,9
2020-10-30,US,Arkansas,Sharp,377,10,0,36.16258158,-91.47819342,5135.0,2161.449375071666,2.6525198938992043,367,373,10,0,363,365,17366,4,0,0,4,8
2020-10-30,US,Arkansas,St. Francis,1779,10,0,35.02201976,-90.74828138,5123.0,7117.708249979995,0.5621135469364812,1769,1774,10,0,1764,1762,25439,5,0,0,5,12
2020-10-30,US,Arkansas,Stone,405,21,0,35.86251946,-92.15684085,5137.0,3238.445546137854,5.185185185185184,384,404,21,0,383,404,12457,1,0,0,1,0
2020-10-30,US,Arkansas,Unassigned,2115,0,0,0.0,0.0,90005.0,0.0,0.0,2115,2085,0,0,2085,2095,,30,0,0,30,-10
2020-10-30,US,Arkansas,Union,1150,49,0,33.16887091,-92.59746952,5139.0,2972.9589990176314,4.260869565217392,1101,1144,49,0,1095,1130,39126,6,0,0,6,14
2020-10-30,US,Arkansas,Van Buren,213,3,0,35.58095779,-92.51295036,5141.0,1287.3980054397098,1.4084507042253518,210,212,3,0,209,211,16603,1,0,0,1,1
2020-10-30,US,Arkansas,Washington,11717,152,0,35.976844,-94.21800746,5143.0,4898.677603715921,1.2972603908850389,11565,11616,152,0,11464,11522,236961,101,0,0,101,94
2020-10-30,US,Arkansas,White,1551,33,0,35.25688493,-91.74908296,5145.0,1969.4487829035086,2.127659574468085,1518,1516,33,0,1483,1493,78727,35,0,0,35,23
2020-10-30,US,Arkansas,Woodruff,128,0,0,35.18902527,-91.2439489,5147.0,2025.3164556962024,0.0,128,126,0,0,126,124,6490,2,0,0,2,2
2020-10-30,US,Arkansas,Yell,1354,31,0,35.00292371,-93.41171338,5149.0,6344.594911203785,2.2895125553914326,1323,1347,31,0,1316,1345,21535,7,0,0,7,2
2020-10-30,US,California,Alameda,23775,463,0,37.64629437,-121.8929271,6001.0,1422.5206407595392,1.9474237644584649,23312,23636,463,0,23173,23576,1666753,139,0,0,139,60
2020-10-30,US,California,Alpine,8,0,0,38.59678594,-119.82235940000001,6003.0,708.5916740478299,0.0,8,4,0,0,4,3,1101,4,0,0,4,1
2020-10-30,US,California,Amador,338,16,0,38.44583082,-120.65696000000001,6005.0,850.2716844435498,4.733727810650888,322,337,16,0,321,335,39383,1,0,0,1,2
2020-10-30,US,California,Butte,3143,53,0,39.66727762,-121.6005252,6007.0,1433.9419488470978,1.6862869869551385,3090,3134,53,0,3081,3107,231256,9,0,0,9,27
2020-10-30,US,California,Calaveras,347,21,0,38.20537103,-120.55291299999999,6009.0,755.9089423810042,6.051873198847263,326,347,21,0,326,347,45602,0,0,0,0,0
2020-10-30,US,California,Colusa,555,6,0,39.17881957,-122.2331726,6011.0,2575.7646076019864,1.0810810810810811,549,553,6,0,547,553,21627,2,0,0,2,0
2020-10-30,US,California,Contra Costa,18981,246,0,37.91923498,-121.9289527,6013.0,1645.47656489754,1.2960328749802434,18735,18877,243,0,18634,18817,1150215,104,3,0,101,60
2020-10-30,US,California,Del Norte,181,1,0,41.74228275,-123.89740630000001,6015.0,650.7982165971523,0.5524861878453039,180,180,1,0,179,180,27828,1,0,0,1,0
2020-10-30,US,California,El Dorado,1380,4,0,38.77965956,-120.5233166,6017.0,715.6080334780106,0.2898550724637681,1376,1368,4,0,1364,1361,190678,12,0,0,12,7
2020-10-30,US,California,Fresno,31321,443,0,36.75733899,-119.6466953,6019.0,3134.9182915440983,1.4143865138405542,30878,31195,439,0,30756,31096,994400,126,4,0,122,99
2020-10-30,US,California,Glenn,682,3,0,39.59875897,-122.3938452,6021.0,2402.00049307928,0.4398826979472141,679,679,3,0,676,678,28047,3,0,0,3,1
2020-10-30,US,California,Humboldt,571,10,0,40.69923009,-123.876044,6023.0,421.2219123917437,1.7513134851138354,561,569,10,0,559,568,136373,2,0,0,2,1
2020-10-30,US,California,Imperial,13038,338,0,33.0393082,-115.36690420000001,6025.0,7194.76864497972,2.5924221506366005,12700,13023,338,0,12685,12983,181827,15,0,0,15,40
2020-10-30,US,California,Inyo,241,15,0,36.51112084,-117.41119779999998,6027.0,1335.994234713676,6.224066390041495,226,240,15,0,225,234,17987,1,0,0,1,6
2020-10-30,US,California,Kern,34154,422,0,35.34329425,-118.72777959999999,6029.0,3794.037338286296,1.23558001990982,33732,34114,420,0,33694,34027,896764,40,2,0,38,87
2020-10-30,US,California,Kings,8502,83,0,36.07409056,-119.8159973,6031.0,5559.0427618673975,0.9762408844977652,8419,8486,83,0,8403,8411,151366,16,0,0,16,75
2020-10-30,US,California,Lake,704,17,0,39.10124298,-122.75362439999999,6033.0,1093.405398689156,2.414772727272727,687,702,16,0,686,700,64382,2,1,0,1,2
2020-10-30,US,California,Lassen,772,1,0,40.67311306,-120.59350990000002,6035.0,2525.103849802113,0.12953367875647667,771,771,1,0,770,766,30802,1,0,0,1,5
2020-10-30,US,California,Los Angeles,306327,7056,0,34.30828379,-118.22824109999999,6037.0,3051.3371358627805,2.303420854185233,299271,305070,7044,0,298026,303369,10105518,1257,12,0,1245,1701
2020-10-30,US,California,Madera,5094,76,0,37.21513971,-119.76655890000002,6039.0,3237.842201275051,1.49195131527287,5018,5066,76,0,4990,5057,157672,28,0,0,28,9
2020-10-30,US,California,Marin,7121,127,0,38.07122463,-122.72106310000001,6041.0,2751.269192430436,1.7834573795815194,6994,7107,127,0,6980,7099,259666,14,0,0,14,8
2020-10-30,US,California,Mariposa,81,2,0,37.57978556,-119.9073334,6043.0,470.8481078881591,2.469135802469136,79,81,2,0,79,80,17471,0,0,0,0,1
2020-10-30,US,California,Mendocino,1156,21,0,39.4381191,-123.39113130000001,6045.0,1332.5802026536328,1.8166089965397925,1135,1154,21,0,1133,1142,87606,2,0,0,2,12
2020-10-30,US,California,Merced,9623,155,0,37.18922369,-120.72090349999999,6047.0,3465.4998559492933,1.6107243063493712,9468,9588,155,0,9433,9572,274765,35,0,0,35,16
2020-10-30,US,California,Modoc,48,0,0,41.58965602,-120.7244817,6049.0,542.9250084832032,0.0,48,45,0,0,45,43,8777,3,0,0,3,2
2020-10-30,US,California,Mono,182,2,0,37.93899289,-118.8872409,6051.0,1260.0387704237053,1.0989010989010992,180,182,2,0,180,180,14250,0,0,0,0,2
2020-10-30,US,California,Monterey,11616,95,0,36.21862405,-121.24133970000001,6053.0,2676.1215589513918,0.8178374655647382,11521,11538,92,0,11446,11472,435594,78,3,0,75,66
2020-10-30,US,California,Napa,2009,16,0,38.50735751,-122.33283899999999,6055.0,1458.5027297014751,0.7964161274265804,1993,1998,16,0,1982,1979,139417,11,0,0,11,19
2020-10-30,US,California,Nevada,635,8,0,39.30394768,-120.76272809999999,6057.0,636.5595709488248,1.2598425196850394,627,632,8,0,624,628,99696,3,0,0,3,4
2020-10-30,US,California,Orange,59718,1475,0,33.70147516,-117.76459979999998,6059.0,1880.4720357011954,2.4699420610201277,58243,59442,1468,0,57974,59213,3185968,276,7,0,269,229
2020-10-30,US,California,Placer,4353,59,0,39.06167234,-120.72405690000001,6061.0,1092.815235646915,1.3553870893636573,4294,4290,59,0,4231,4248,393149,63,0,0,63,42
2020-10-30,US,California,Plumas,79,0,0,40.00355989,-120.8395236,6063.0,420.056361992875,0.0,79,76,0,0,76,73,18804,3,0,0,3,3
2020-10-30,US,California,Riverside,68050,1319,0,33.74314981,-115.9933578,6065.0,2754.451849914958,1.9382806759735491,66731,67552,1306,0,66246,67299,2450758,498,13,0,485,253
2020-10-30,US,California,Sacramento,26018,500,0,38.45106826,-121.34253740000001,6067.0,1676.3548784903655,1.921746483203936,25518,25882,499,0,25383,25750,1540975,136,1,0,135,132
2020-10-30,US,California,San Benito,1461,15,0,36.60308176,-121.069975,6069.0,2326.136797860145,1.026694045174538,1446,1449,15,0,1434,1444,61537,12,0,0,12,5
2020-10-30,US,California,San Bernardino,64367,1074,0,34.84060306,-116.1774685,6071.0,2952.4995585034526,1.6685568692031632,63293,64131,1073,0,63058,63850,2171603,236,1,0,235,281
2020-10-30,US,California,San Diego,56369,888,0,33.03484597,-116.73653259999999,6073.0,1688.5388802185525,1.5753339601554046,55481,55898,885,0,55013,55540,3343364,471,3,0,468,358
2020-10-30,US,California,San Francisco,12320,147,0,37.75215114,-122.43856720000001,6075.0,1397.540011956227,1.193181818181818,12173,12277,145,0,12132,12241,883305,43,2,0,41,36
2020-10-30,US,California,San Joaquin,21994,492,0,37.93433732,-121.2730061,6077.0,2885.7912111558385,2.236973720105483,21502,21988,492,0,21496,21906,752660,6,0,0,6,82
2020-10-30,US,California,San Luis Obispo,4265,32,0,35.38822029,-120.4039028,6079.0,1506.4762584286734,0.7502930832356389,4233,4240,32,0,4208,4191,284010,25,0,0,25,49
2020-10-30,US,California,San Mateo,11341,161,0,37.422880799999994,-122.32755459999998,6081.0,1479.441618736898,1.4196278987743585,11180,11278,159,0,11119,11232,769545,63,2,0,61,46
2020-10-30,US,California,Santa Barbara,9919,126,0,34.65329488,-120.0188492,6083.0,2221.505535286753,1.2702893436838392,9793,9886,126,0,9760,9874,446527,33,0,0,33,12
2020-10-30,US,California,Santa Clara,24867,406,0,37.23104908,-121.6970462,6085.0,1279.403190701361,1.632685888929103,24461,24665,404,0,24261,24558,1937570,202,2,0,200,107
2020-10-30,US,California,Santa Cruz,2861,25,0,37.05580291,-122.0066524,6087.0,1047.168326543759,0.8738203425375742,2836,2848,25,0,2823,2821,274255,13,0,0,13,27
2020-10-30,US,California,Shasta,2046,31,0,40.76391419,-122.0396884,6089.0,1136.1617059084856,1.5151515151515151,2015,1999,31,0,1968,1962,180040,47,0,0,47,37
2020-10-30,US,California,Sierra,6,0,0,39.57713498,-120.52007009999998,6091.0,199.6672212978369,0.0,6,6,0,0,6,6,2987,0,0,0,0,0
2020-10-30,US,California,Siskiyou,221,0,0,41.59198861,-122.54074340000001,6093.0,507.59089551896005,0.0,221,214,0,0,214,205,43724,7,0,0,7,9
2020-10-30,US,California,Solano,7634,76,0,38.26827353,-121.9357113,6095.0,1705.3768293037085,0.9955462405030128,7558,7586,76,0,7510,7480,446610,48,0,0,48,106
2020-10-30,US,California,Sonoma,9646,136,0,38.52746429,-122.88625060000001,6097.0,1951.3043759709994,1.409910843873108,9510,9601,136,0,9465,9569,499942,45,0,0,45,32
2020-10-30,US,California,Stanislaus,17872,401,0,37.55862499,-120.9970722,6099.0,3245.5598736062184,2.24373321396598,17471,17814,400,0,17414,17760,549815,58,1,0,57,54
2020-10-30,US,California,Sutter,1897,12,0,39.03417539,-121.6945899,6101.0,1956.2549628239367,0.6325777543489721,1885,1889,12,0,1877,1878,96807,8,0,0,8,11
2020-10-30,US,California,Tehama,925,9,0,40.12570935,-122.23701709999999,6103.0,1421.2402433777884,0.972972972972973,916,921,9,0,912,913,63916,4,0,0,4,8
2020-10-30,US,California,Trinity,28,0,0,40.64917670000001,-123.114713,6105.0,227.9202279202279,0.0,28,28,0,0,28,28,12535,0,0,0,0,0
2020-10-30,US,California,Tulare,17800,292,0,36.22026558,-118.8020203,6107.0,3818.1447677474016,1.6404494382022472,17508,17730,291,0,17439,17678,465861,70,1,0,69,52
2020-10-30,US,California,Tuolumne,288,6,0,38.02644018,-119.95250929999999,6109.0,528.6537684937039,2.083333333333333,282,285,5,0,280,279,54539,3,1,0,2,6
2020-10-30,US,California,Ventura,14486,166,0,34.44465746,-119.09106129999999,6111.0,1712.281000371156,1.1459340052464448,14320,14409,166,0,14243,14347,850967,77,0,0,77,62
2020-10-30,US,California,Yolo,3266,60,0,38.68278902,-121.90182879999999,6113.0,1481.1791383219957,1.8371096142069812,3206,3250,60,0,3190,3234,220408,16,0,0,16,16
2020-10-30,US,California,Yuba,1346,10,0,39.26255932,-121.35356440000001,6115.0,1710.9879493567905,0.7429420505200595,1336,1338,10,0,1328,1334,78041,8,0,0,8,4
2020-10-30,US,Colorado,Adams,14830,262,0,39.87432092,-104.3362578,8001.0,2866.138019137221,1.7666891436277816,14568,14411,261,0,14150,14173,511868,419,1,0,418,238
2020-10-30,US,Colorado,Alamosa,339,9,0,37.57250606,-105.7885451,8003.0,2088.338569580484,2.6548672566371683,330,327,9,0,318,316,16683,12,0,0,12,11
2020-10-30,US,Colorado,Arapahoe,13313,385,0,39.64977461,-104.3353617,8005.0,2027.5971306294643,2.8919101629985726,12928,13050,384,0,12666,12810,651215,263,1,0,262,240
2020-10-30,US,Colorado,Archuleta,68,0,0,37.19474156,-107.04768670000001,8007.0,484.7102430679306,0.0,68,68,0,0,68,67,13765,0,0,0,0,1
2020-10-30,US,Colorado,Baca,33,0,0,37.31940883,-102.5603223,8009.0,921.530298799218,0.0,33,32,0,0,32,31,3585,1,0,0,1,1
2020-10-30,US,Colorado,Bent,18,0,0,37.95474293,-103.0720195,8011.0,322.75416890801506,0.0,18,16,0,0,16,14,5882,2,0,0,2,2
2020-10-30,US,Colorado,Boulder,5756,86,0,40.09313619,-105.3546767,8013.0,1764.5832566922954,1.4940931202223766,5670,5660,85,0,5575,5651,326078,96,1,0,95,9
2020-10-30,US,Colorado,Broomfield,1041,42,0,39.95998787,-105.0566324,8014.0,1477.3291705101824,4.034582132564841,999,997,42,0,955,985,69267,44,0,0,44,12
2020-10-30,US,Colorado,Chaffee,422,20,0,38.74745778,-106.19265729999998,8015.0,2073.0988406366673,4.739336492890995,402,417,20,0,397,402,20027,5,0,0,5,15
2020-10-30,US,Colorado,Cheyenne,15,0,0,38.82777431,-102.6032558,8017.0,819.2244675040961,0.0,15,15,0,0,15,15,1876,0,0,0,0,0
2020-10-30,US,Colorado,Clear Creek,86,1,0,39.68864463,-105.6463118,8019.0,886.5979381443299,1.162790697674419,85,74,1,0,73,75,9605,12,0,0,12,-1
2020-10-30,US,Colorado,Conejos,74,0,0,37.201606,-106.19174879999998,8021.0,901.8890920170627,0.0,74,69,0,0,69,66,8200,5,0,0,5,3
2020-10-30,US,Colorado,Costilla,38,1,0,37.27732493,-105.4276548,8023.0,977.6177000257268,2.631578947368421,37,36,1,0,35,36,3828,2,0,0,2,0
2020-10-30,US,Colorado,Crowley,96,1,0,38.32608609,-103.7844965,8025.0,1583.897046691965,1.0416666666666667,95,95,1,0,94,92,5858,1,0,0,1,3
2020-10-30,US,Colorado,Custer,22,0,0,38.10883162,-105.3683478,8027.0,434.09629044988156,0.0,22,22,0,0,22,21,4954,0,0,0,0,1
2020-10-30,US,Colorado,Delta,214,3,0,38.86246243,-107.86313419999999,8029.0,686.7338425004814,1.4018691588785046,211,211,3,0,208,205,30953,3,0,0,3,6
2020-10-30,US,Colorado,Denver,18937,451,0,39.76018276,-104.87256950000001,8031.0,2604.0585194668397,2.381581031842425,18486,18539,450,0,18089,18256,716492,398,1,0,397,283
2020-10-30,US,Colorado,Dolores,3,0,0,37.75208676,-108.5211585,8033.0,145.98540145985402,0.0,3,3,0,0,3,3,2074,0,0,0,0,0
2020-10-30,US,Colorado,Douglas,4211,65,0,39.33133796,-104.930001,8035.0,1199.1889598295904,1.543576347660888,4146,4094,65,0,4029,4008,342776,117,0,0,117,86
2020-10-30,US,Colorado,Eagle,1492,10,0,39.62754308,-106.6933637,8037.0,2706.477769514031,0.6702412868632708,1482,1465,10,0,1455,1447,54993,27,0,0,27,18
2020-10-30,US,Colorado,El Paso,10612,204,0,38.83240149,-104.5251411,8041.0,1473.0643820195085,1.922352054278176,10408,10411,202,0,10209,10159,713856,201,2,0,199,252
2020-10-30,US,Colorado,Elbert,232,3,0,39.28656773,-104.13587209999999,8039.0,867.9711175128137,1.293103448275862,229,226,3,0,223,224,26282,6,0,0,6,2
2020-10-30,US,Colorado,Fremont,754,2,0,38.47362326,-105.43996670000001,8043.0,1576.119902171868,0.26525198938992045,752,695,2,0,693,679,48021,59,0,0,59,16
2020-10-30,US,Colorado,Garfield,1219,5,0,39.59921777,-107.902708,8045.0,2029.6032367093453,0.4101722723543889,1214,1202,5,0,1197,1187,59770,17,0,0,17,15
2020-10-30,US,Colorado,Gilpin,30,0,0,39.85646523,-105.5252597,8047.0,480.53820278712163,0.0,30,29,0,0,29,28,6121,1,0,0,1,1
2020-10-30,US,Colorado,Grand,154,1,0,40.10603347,-106.11780420000001,8049.0,978.7720859285623,0.6493506493506493,153,153,1,0,152,153,15525,1,0,0,1,0
2020-10-30,US,Colorado,Gunnison,313,7,0,38.66611652,-107.0320729,8051.0,1792.4636353224146,2.236421725239617,306,310,7,0,303,307,17246,3,0,0,3,3
2020-10-30,US,Colorado,Hinsdale,3,0,0,37.82247444,-107.3004345,8053.0,365.8536585365854,0.0,3,3,0,0,3,3,811,0,0,0,0,0
2020-10-30,US,Colorado,Huerfano,34,2,0,37.68473101,-104.9612585,8055.0,492.9679570827896,5.882352941176472,32,33,2,0,31,33,6889,1,0,0,1,0
2020-10-30,US,Colorado,Jackson,9,0,0,40.66593870000001,-106.3408905,8057.0,646.5517241379309,0.0,9,9,0,0,9,9,1399,0,0,0,0,0
2020-10-30,US,Colorado,Jefferson,9007,317,0,39.58635604,-105.2517692,8059.0,1545.255378027419,3.5194848451204623,8690,8783,314,0,8469,8608,580233,224,3,0,221,175
2020-10-30,US,Colorado,Kiowa,5,0,0,38.43260896,-102.7392145,8061.0,355.61877667140817,0.0,5,4,0,0,4,4,1383,1,0,0,1,0
2020-10-30,US,Colorado,Kit Carson,137,3,0,39.30497777,-102.60221990000001,8063.0,1930.3931238551504,2.18978102189781,134,135,3,0,132,132,7163,2,0,0,2,3
2020-10-30,US,Colorado,La Plata,386,2,0,37.28632032,-107.8429014,8067.0,686.5761903914907,0.5181347150259067,384,375,2,0,373,364,56310,11,0,0,11,11
2020-10-30,US,Colorado,Lake,135,0,0,39.20278823,-106.35556969999999,8065.0,1661.1295681063125,0.0,135,135,0,0,135,133,7824,0,0,0,0,2
2020-10-30,US,Colorado,Larimer,4274,57,0,40.66671597,-105.4625784,8069.0,1197.5376787270347,1.333645297145531,4217,4183,57,0,4126,4105,350518,91,0,0,91,78
2020-10-30,US,Colorado,Las Animas,82,1,0,37.3153406,-104.03764579999999,8071.0,565.2833310354338,1.2195121951219512,81,79,1,0,78,74,14503,3,0,0,3,5
2020-10-30,US,Colorado,Lincoln,25,0,0,38.98749519,-103.51366490000001,8073.0,438.5195579722856,0.0,25,25,0,0,25,25,5610,0,0,0,0,0
2020-10-30,US,Colorado,Logan,1271,13,0,40.7249637,-103.110817,8075.0,5671.828283279039,1.022816679779701,1258,1258,13,0,1245,1233,21528,13,0,0,13,25
2020-10-30,US,Colorado,Mesa,1550,15,0,39.01787888,-108.469799,8077.0,1005.122884378445,0.967741935483871,1535,1504,15,0,1489,1470,153207,46,0,0,46,34
2020-10-30,US,Colorado,Mineral,21,0,0,37.66954283,-106.92816979999999,8079.0,2730.8192457737327,0.0,21,21,0,0,21,21,776,0,0,0,0,0
2020-10-30,US,Colorado,Moffat,72,1,0,40.61810999,-108.2070876,8081.0,542.0462244974781,1.3888888888888888,71,70,1,0,69,68,13188,2,0,0,2,2
2020-10-30,US,Colorado,Montezuma,219,5,0,37.33859579,-108.59588570000001,8083.0,836.4205782377878,2.2831050228310503,214,215,5,0,210,212,26158,4,0,0,4,3
2020-10-30,US,Colorado,Montrose,484,13,0,38.40214114,-108.26390220000002,8085.0,1131.9519154310303,2.6859504132231407,471,477,13,0,464,470,42214,7,0,0,7,7
2020-10-30,US,Colorado,Morgan,892,48,0,40.26279810000001,-103.8093302,8087.0,3068.666574927756,5.381165919282512,844,879,48,0,831,864,28558,13,0,0,13,15
2020-10-30,US,Colorado,Otero,168,7,0,37.9014485,-103.7173385,8089.0,919.1377612430244,4.166666666666667,161,158,7,0,151,148,18432,10,0,0,10,10
2020-10-30,US,Colorado,Ouray,40,2,0,38.14717457,-107.7675136,8091.0,807.7544426494346,5.0,38,39,2,0,37,38,4833,1,0,0,1,1
2020-10-30,US,Colorado,Park,106,1,0,39.120926000000004,-105.7182065,8093.0,562.4834173520828,0.9433962264150944,105,101,1,0,100,96,18556,5,0,0,5,5
2020-10-30,US,Colorado,Phillips,58,0,0,40.59414277,-102.3577703,8095.0,1359.9062133645955,0.0,58,56,0,0,56,55,4286,2,0,0,2,1
2020-10-30,US,Colorado,Pitkin,293,2,0,39.21720112,-106.9310027,8097.0,1649.1247818990262,0.6825938566552902,291,288,2,0,286,291,17950,5,0,0,5,-3
2020-10-30,US,Colorado,Prowers,197,4,0,37.95544985,-102.3926052,8099.0,1618.468616496878,2.0304568527918785,193,189,4,0,185,182,12164,8,0,0,8,7
2020-10-30,US,Colorado,Pueblo,2227,45,0,38.17359144,-104.5127437,8101.0,1322.2581104830665,2.020655590480467,2182,2141,44,0,2097,2096,167529,86,1,0,85,45
2020-10-30,US,Colorado,Rio Blanco,30,0,0,39.97913541,-108.2179009,8103.0,474.3833017077798,0.0,30,29,0,0,29,29,6336,1,0,0,1,0
2020-10-30,US,Colorado,Rio Grande,127,3,0,37.5836865,-106.3847838,8105.0,1127.1855862252596,2.3622047244094486,124,124,3,0,121,122,11250,3,0,0,3,2
2020-10-30,US,Colorado,Routt,221,8,0,40.48596505,-106.9905548,8107.0,862.0017162025121,3.619909502262444,213,219,8,0,211,215,25733,2,0,0,2,4
2020-10-30,US,Colorado,Saguache,142,2,0,38.08054629,-106.28246599999999,8109.0,2080.8909730363425,1.4084507042253518,140,142,2,0,140,137,6843,0,0,0,0,5
2020-10-30,US,Colorado,San Juan,7,0,0,37.76248981,-107.67632890000002,8111.0,961.5384615384617,0.0,7,7,0,0,7,7,762,0,0,0,0,0
2020-10-30,US,Colorado,San Miguel,104,0,0,38.00450883,-108.4020725,8113.0,1271.5490891307006,0.0,104,104,0,0,104,104,8191,0,0,0,0,0
2020-10-30,US,Colorado,Sedgwick,43,1,0,40.87595412,-102.3519227,8115.0,1912.811387900356,2.3255813953488373,42,41,1,0,40,40,2303,2,0,0,2,1
2020-10-30,US,Colorado,Summit,751,4,0,39.63803232,-106.1150762,8117.0,2421.721324691239,0.5326231691078562,747,730,4,0,726,718,31007,21,0,0,21,12
2020-10-30,US,Colorado,Teller,240,4,0,38.88133511,-105.16148929999999,8119.0,945.3285016543248,1.6666666666666667,236,232,4,0,228,227,25083,8,0,0,8,5
2020-10-30,US,Colorado,Washington,104,0,0,39.97015535,-103.202587,8121.0,2118.9894050529747,0.0,104,102,0,0,102,102,4909,2,0,0,2,0
2020-10-30,US,Colorado,Weld,6394,159,0,40.55499405,-104.39296209999999,8123.0,1970.4646031335133,2.4867062871441976,6235,6255,159,0,6096,6122,314305,139,0,0,139,133
2020-10-30,US,Colorado,Yuma,223,1,0,40.00346839,-102.4258673,8125.0,2225.7710350334364,0.4484304932735426,222,219,1,0,218,218,10020,4,0,0,4,1
2020-10-30,US,Connecticut,Fairfield,24155,1436,0,41.26809896,-73.3881171,9001.0,2560.60432594251,5.944938936038088,22719,23895,1435,0,22460,23280,943823,260,1,0,259,615
2020-10-30,US,Connecticut,Hartford,18184,1481,0,41.80283011,-72.73103891,9003.0,2039.205131655677,8.144522657281126,16703,17995,1479,0,16516,17783,892697,189,2,0,187,212
2020-10-30,US,Connecticut,Litchfield,2305,144,0,41.7937534,-73.2451475,9005.0,1278.1909023861413,6.247288503253796,2161,2279,143,0,2136,2228,181111,26,1,0,25,51
2020-10-30,US,Connecticut,Middlesex,2018,197,0,41.45949668,-72.53714864,9007.0,1242.3354428821194,9.762140733399407,1821,1992,197,0,1795,1965,162682,26,0,0,26,27
2020-10-30,US,Connecticut,New Haven,17352,1128,0,41.408032500000004,-72.93620426,9009.0,2030.0506459730661,6.500691562932228,16224,17156,1128,0,16028,16837,857620,196,0,0,196,319
2020-10-30,US,Connecticut,New London,3803,143,0,41.48896435,-72.10430976,9011.0,1433.979623387103,3.760189324217723,3660,3765,140,0,3625,3715,266784,38,3,0,35,50
2020-10-30,US,Connecticut,Tolland,1780,68,0,41.85853803,-72.3308481,9013.0,1180.9900412019558,3.820224719101124,1712,1764,68,0,1696,1750,150921,16,0,0,16,14
2020-10-30,US,Connecticut,Unassigned,141,0,0,0.0,0.0,90009.0,0.0,0.0,141,155,0,0,155,150,,-14,0,0,-14,5
2020-10-30,US,Connecticut,Windham,1469,19,0,41.82972709,-71.98182316,9015.0,1257.899333801442,1.2933968686181077,1450,1445,19,0,1426,1419,117027,24,0,0,24,26
2020-10-30,US,Delaware,Kent,3545,120,0,39.08646628,-75.56884914,10001.0,1960.8819266978642,3.385049365303243,3425,3505,120,0,3385,3481,178550,40,0,0,40,24
2020-10-30,US,Delaware,New Castle,13079,351,0,39.57992638,-75.64054974,10003.0,2340.748058623399,2.683691413716645,12728,12989,341,0,12648,12895,559335,90,10,0,80,94
2020-10-30,US,Delaware,Sussex,8036,233,0,38.66143781,-75.39031349,10005.0,3430.8891023588426,2.8994524639123944,7803,7968,228,0,7740,7925,229286,68,5,0,63,43
2020-10-30,US,Delaware,Unassigned,91,0,0,0.0,0.0,90010.0,0.0,0.0,91,91,0,0,91,91,,0,0,0,0,0
2020-10-30,US,District of Columbia,District of Columbia,17144,646,0,38.90417773,-77.01655992,11001.0,2429.1922482355626,3.768082127858143,16498,17074,645,0,16429,16973,702455,70,1,0,69,101
2020-10-30,US,Florida,Alachua,10533,75,0,29.67866525,-82.35928158,12001.0,3914.9875670431866,0.7120478496154942,10458,10385,75,0,10310,10296,269956,148,0,0,148,89
2020-10-30,US,Florida,Baker,1793,23,0,30.33060121,-82.28467476,12003.0,6138.308798356728,1.2827663134411598,1770,1783,23,0,1760,1771,28355,10,0,0,10,12
2020-10-30,US,Florida,Bay,6858,134,0,30.26548745,-85.62122584,12005.0,3925.4743710826815,1.9539224263633712,6724,6801,134,0,6667,6780,185287,57,0,0,57,21
2020-10-30,US,Florida,Bradford,1239,15,0,29.95079741,-82.16611613,12007.0,4393.461224779263,1.2106537530266344,1224,1238,15,0,1223,1233,27732,1,0,0,1,5
2020-10-30,US,Florida,Brevard,11637,375,0,28.29409504,-80.73091022,12009.0,1933.2427376724008,3.2224800206238724,11262,11502,370,0,11132,11318,596849,135,5,0,130,184
2020-10-30,US,Florida,Broward,86091,1522,0,26.15184651,-80.48725556,12011.0,4408.64245705349,1.767896760404688,84569,85449,1522,0,83927,84983,1951260,642,0,0,642,466
2020-10-30,US,Florida,Calhoun,723,14,0,30.40666734,-85.19394153,12013.0,5125.841900035449,1.9363762102351316,709,718,14,0,704,709,14587,5,0,0,5,9
2020-10-30,US,Florida,Charlotte,3689,157,0,26.90131002,-81.92949121,12015.0,1952.781747922291,4.255895906749797,3532,3638,157,0,3481,3611,184998,51,0,0,51,27
2020-10-30,US,Florida,Citrus,3260,135,0,28.84804315,-82.47614748,12017.0,2178.314412289435,4.141104294478526,3125,3224,134,0,3090,3210,147929,36,1,0,35,14
2020-10-30,US,Florida,Clay,6139,127,0,29.98319144,-81.85609986,12019.0,2799.974458613833,2.0687408372699143,6012,6083,127,0,5956,6032,216072,56,0,0,56,51
2020-10-30,US,Florida,Collier,14542,256,0,26.11091986,-81.34687065,12021.0,3778.104556484508,1.7604180992985834,14286,14404,255,0,14149,14326,378488,138,1,0,137,78
2020-10-30,US,Florida,Columbia,4281,80,0,30.22509788,-82.62160164,12023.0,5971.8773540161255,1.868722261153936,4201,4255,78,0,4177,4240,70503,26,2,0,24,15
2020-10-30,US,Florida,DeSoto,1674,29,0,27.18677893,-81.80941373,12027.0,4405.1472329675535,1.7323775388291518,1645,1670,29,0,1641,1666,37489,4,0,0,4,4
2020-10-30,US,Florida,Dixie,903,11,0,29.60631086,-83.15724673,12029.0,5366.694401521455,1.2181616832779625,892,901,11,0,890,891,16700,2,0,0,2,10
2020-10-30,US,Florida,Duval,35171,516,0,30.33225875,-81.66976468,12031.0,3672.233504393085,1.4671177959114043,34655,34963,515,0,34448,34727,950181,208,1,0,207,236
2020-10-30,US,Florida,Escambia,13584,271,0,30.67652764,-87.37284571,12033.0,4267.457495067794,1.9949941107184923,13313,13517,269,0,13248,13445,315534,67,2,0,65,72
2020-10-30,US,Florida,Flagler,2148,38,0,29.45933576,-81.31508595,12035.0,1866.5114136999161,1.7690875232774674,2110,2117,38,0,2079,2115,112067,31,0,0,31,2
2020-10-30,US,Florida,Franklin,773,4,0,29.83791238,-84.82731662,12037.0,6375.2577319587635,0.517464424320828,769,771,4,0,767,764,11736,2,0,0,2,7
2020-10-30,US,Florida,Gadsden,3065,56,0,30.57796289,-84.61915825,12039.0,6712.658782303985,1.8270799347471447,3009,3064,56,0,3008,3060,45894,1,0,0,1,4
2020-10-30,US,Florida,Gilchrist,610,18,0,29.72856978,-82.79880657,12041.0,3282.746744161016,2.950819672131148,592,607,18,0,589,603,18256,3,0,0,3,4
2020-10-30,US,Florida,Glades,607,6,0,26.95635849,-81.18996211,12043.0,4395.047425964811,0.9884678747940692,601,606,6,0,600,601,13724,1,0,0,1,5
2020-10-30,US,Florida,Gulf,941,15,0,29.93543004,-85.24270990000002,12045.0,6899.332795659506,1.5940488841657812,926,939,15,0,924,938,16164,2,0,0,2,1
2020-10-30,US,Florida,Hamilton,906,10,0,30.49673973,-82.94998918,12047.0,6279.456612143055,1.1037527593818983,896,904,10,0,894,903,14310,2,0,0,2,1
2020-10-30,US,Florida,Hardee,1614,16,0,27.49293939,-81.80956574,12049.0,5991.758547722465,0.9913258983890956,1598,1606,16,0,1590,1596,27245,8,0,0,8,10
2020-10-30,US,Florida,Hendry,2227,44,0,26.55386945,-81.16469006,12051.0,5299.604968825854,1.9757521329142345,2183,2223,44,0,2179,2209,41556,4,0,0,4,14
2020-10-30,US,Florida,Hernando,3757,173,0,28.55364461,-82.42700204,12053.0,1937.3968646864691,4.604737822730902,3584,3715,173,0,3542,3678,190865,42,0,0,42,37
2020-10-30,US,Florida,Highlands,2671,114,0,27.34254618,-81.34071957,12055.0,2514.568682275633,4.268064395357544,2557,2652,114,0,2538,2633,105424,19,0,0,19,19
2020-10-30,US,Florida,Hillsborough,48148,820,0,27.9276559,-82.32013172,12057.0,3270.9950216309053,1.7030821633297333,47328,47800,798,0,47002,47596,1436888,348,22,0,326,204
2020-10-30,US,Florida,Holmes,924,12,0,30.86747479,-85.81319222,12059.0,4710.200336442881,1.2987012987012987,912,914,12,0,902,907,19477,10,0,0,10,7
2020-10-30,US,Florida,Indian River,3882,125,0,27.69308961,-80.60556721,12061.0,2427.418195006347,3.2199896960329726,3757,3847,125,0,3722,3803,157413,35,0,0,35,44
2020-10-30,US,Florida,Jackson,3143,84,0,30.795459700000002,-85.21500423,12063.0,6771.663722152799,2.67260579064588,3059,3124,84,0,3040,3123,48305,19,0,0,19,1
2020-10-30,US,Florida,Jefferson,677,9,0,30.43669112,-83.89442308,12065.0,4752.2111469886295,1.329394387001477,668,672,9,0,663,665,14288,5,0,0,5,7
2020-10-30,US,Florida,Lafayette,1278,16,0,29.98484137,-83.18166636,12067.0,15174.542863927807,1.2519561815336464,1262,1278,16,0,1262,1276,8732,0,0,0,0,2
2020-10-30,US,Florida,Lake,8662,228,0,28.76202069,-81.7125123,12069.0,2359.4593563922226,2.6321865619949203,8434,8613,228,0,8385,8580,356495,49,0,0,49,33
2020-10-30,US,Florida,Lee,23517,515,0,26.58410348,-81.88399313,12071.0,3051.868924195765,2.1899051749798017,23002,23335,513,0,22822,23195,754610,182,2,0,180,140
2020-10-30,US,Florida,Leon,12371,116,0,30.45955727,-84.27491114,12073.0,4213.814198418159,0.9376768248322691,12255,12316,115,0,12201,12246,292502,55,1,0,54,70
2020-10-30,US,Florida,Levy,1147,12,0,29.31829741,-82.74007147,12075.0,2763.655639351372,1.0462074978204008,1135,1139,12,0,1127,1134,40770,8,0,0,8,5
2020-10-30,US,Florida,Liberty,539,11,0,30.23766008,-84.8829258,12077.0,6451.9990423749105,2.0408163265306123,528,534,11,0,523,534,8457,5,0,0,5,0
2020-10-30,US,Florida,Madison,1082,25,0,30.44396917,-83.47398594,12079.0,5850.862488509166,2.310536044362292,1057,1078,25,0,1053,1076,18529,4,0,0,4,2
2020-10-30,US,Florida,Manatee,13403,330,0,27.47196942,-82.31831044,12081.0,3323.7198483334278,2.462135342833694,13073,13258,330,0,12928,13175,394855,145,0,0,145,83
2020-10-30,US,Florida,Marion,10902,347,0,29.21227113,-82.05803627,12083.0,2982.11877596908,3.1829022197761883,10555,10819,347,0,10472,10795,359977,83,0,0,83,24
2020-10-30,US,Florida,Martin,5391,165,0,27.0772071,-80.43109784,12085.0,3348.447204968944,3.0606566499721763,5226,5368,165,0,5203,5342,160912,23,0,0,23,26
2020-10-30,US,Florida,Miami-Dade,185552,3643,0,25.6112362,-80.55170587,12086.0,6829.447834696385,1.9633310338880745,181909,184669,3634,0,181035,183996,2761581,883,9,0,874,673
2020-10-30,US,Florida,Monroe,2290,25,0,25.20904673,-81.07812416,12087.0,3085.089184674247,1.091703056768559,2265,2269,25,0,2244,2229,75027,21,0,0,21,40
2020-10-30,US,Florida,Nassau,2485,52,0,30.61037141,-81.80297522,12089.0,2803.949224259521,2.092555331991952,2433,2480,51,0,2429,2470,85832,5,1,0,4,10
2020-10-30,US,Florida,Okaloosa,6473,130,0,30.69143028,-86.59267105,12091.0,3071.586519754387,2.008342345125908,6343,6373,130,0,6243,6308,207269,100,0,0,100,65
2020-10-30,US,Florida,Okeechobee,1748,38,0,27.386336199999995,-80.88944347,12093.0,4145.323468032631,2.1739130434782608,1710,1736,38,0,1698,1735,41537,12,0,0,12,1
2020-10-30,US,Florida,Orange,46424,559,0,28.51367621,-81.31799498,12095.0,3331.5822862933205,1.2041185593658452,45865,45941,559,0,45382,45755,1380645,483,0,0,483,186
2020-10-30,US,Florida,Osceola,14252,204,0,28.06312234,-81.14882926,12097.0,3792.9373441454577,1.4313780522031996,14048,14203,202,0,14001,14114,367990,49,2,0,47,89
2020-10-30,US,Florida,Palm Beach,52184,1586,0,26.64676272,-80.46536002,12099.0,3486.4408025281105,3.0392457458224738,50598,51779,1580,0,50199,51415,1485941,405,6,0,399,364
2020-10-30,US,Florida,Pasco,10923,244,0,28.30810945,-82.40227529,12101.0,1971.8492924413351,2.233818548017944,10679,10826,243,0,10583,10781,539630,97,1,0,96,45
2020-10-30,US,Florida,Pinellas,25921,821,0,27.93130349,-82.72239666,12103.0,2658.575009538501,3.1673160757686816,25100,25674,819,0,24855,25534,975280,247,2,0,245,140
2020-10-30,US,Florida,Polk,23088,620,0,27.95027105,-81.69732947,12105.0,3185.5315497042548,2.6853776853776847,22468,22960,615,0,22345,22852,708009,128,5,0,123,108
2020-10-30,US,Florida,Putnam,2398,50,0,29.60779729,-81.74230285,12107.0,3217.884891507092,2.0850708924103416,2348,2386,50,0,2336,2374,74163,12,0,0,12,12
2020-10-30,US,Florida,Santa Rosa,5968,88,0,30.69341450000001,-87.02458128,12113.0,3237.9701920103303,1.4745308310991958,5880,5941,87,0,5854,5918,179349,27,1,0,26,23
2020-10-30,US,Florida,Sarasota,9706,344,0,27.18546175,-82.33174248,12115.0,2237.7357968561955,3.5441994642489183,9362,9657,340,0,9317,9567,426718,49,4,0,45,90
2020-10-30,US,Florida,Seminole,10357,241,0,28.7158582,-81.24060348,12117.0,2195.088867506241,2.3269286472916866,10116,10239,241,0,9998,10188,467832,118,0,0,118,51
2020-10-30,US,Florida,St. Johns,6564,82,0,29.90096506,-81.43589967,12109.0,2480.050779833152,1.2492382693479585,6482,6506,80,0,6426,6436,254261,58,2,0,56,70
2020-10-30,US,Florida,St. Lucie,9099,335,0,27.37763908,-80.47106649,12111.0,2771.5757378227645,3.6817232662929986,8764,9061,334,0,8727,9024,321128,38,1,0,37,37
2020-10-30,US,Florida,Sumter,2928,86,0,28.70181754,-82.0794267,12119.0,2211.146352514726,2.9371584699453552,2842,2891,86,0,2805,2882,128754,37,0,0,37,9
2020-10-30,US,Florida,Suwannee,3010,77,0,30.19746066,-82.99099670000003,12121.0,6776.684602742193,2.5581395348837206,2933,2999,77,0,2922,2989,44191,11,0,0,11,10
2020-10-30,US,Florida,Taylor,1487,18,0,30.04848048,-83.60445406,12123.0,6894.1536464370165,1.21049092131809,1469,1476,18,0,1458,1464,21623,11,0,0,11,12
2020-10-30,US,Florida,Unassigned,1786,0,0,0.0,0.0,90012.0,0.0,0.0,1786,1827,0,0,1827,1835,,-41,0,0,-41,-8
2020-10-30,US,Florida,Union,1138,45,0,30.04412971,-82.37497443,12125.0,7468.661810067599,3.954305799648506,1093,1133,44,0,1089,1129,14940,5,1,0,4,4
2020-10-30,US,Florida,Volusia,12876,318,0,29.05858895,-81.18263252,12127.0,2327.195436701585,2.4697110904007458,12558,12755,318,0,12437,12670,547538,121,0,0,121,85
2020-10-30,US,Florida,Wakulla,1322,11,0,30.16548905,-84.39895211,12129.0,3918.314117193752,0.8320726172465961,1311,1319,11,0,1308,1317,32461,3,0,0,3,2
2020-10-30,US,Florida,Walton,2491,30,0,30.64204028,-86.16935664,12131.0,3362.989564066909,1.204335608189482,2461,2458,30,0,2428,2427,71375,33,0,0,33,31
2020-10-30,US,Florida,Washington,1244,24,0,30.61359259,-85.66002461,12133.0,4883.602245514859,1.929260450160772,1220,1236,24,0,1212,1232,24880,8,0,0,8,4
2020-10-30,US,Georgia,Appling,1175,38,0,31.74847232,-82.28909114,13001.0,6390.732078755575,3.234042553191489,1137,1173,37,0,1136,1163,18507,2,1,0,1,10
2020-10-30,US,Georgia,Atkinson,486,6,0,31.29633502,-82.87545866,13003.0,5952.235150030619,1.2345679012345678,480,484,6,0,478,483,8297,2,0,0,2,1
2020-10-30,US,Georgia,Bacon,638,16,0,31.55456473,-82.45936528,13005.0,5714.797563597275,2.5078369905956115,622,638,16,0,622,637,11185,0,0,0,0,1
2020-10-30,US,Georgia,Baker,92,6,0,31.32669878,-84.44218806,13007.0,3028.3080974325208,6.521739130434782,86,92,6,0,86,91,3092,0,0,0,0,1
2020-10-30,US,Georgia,Baldwin,2322,65,0,33.06882326,-83.24701748,13009.0,5172.644241479171,2.7993109388458226,2257,2316,64,0,2252,2315,44823,6,1,0,5,1
2020-10-30,US,Georgia,Banks,563,8,0,34.35607081,-83.49644388,13011.0,2927.108245814703,1.4209591474245116,555,558,8,0,550,555,18988,5,0,0,5,3
2020-10-30,US,Georgia,Barrow,2645,51,0,33.99148694,-83.71436292,13013.0,3177.5588659298405,1.9281663516068053,2594,2631,51,0,2580,2616,80809,14,0,0,14,15
2020-10-30,US,Georgia,Bartow,3689,96,0,34.23732119,-84.83887523,13015.0,3424.047225677105,2.602331255082678,3593,3667,96,0,3571,3637,106408,22,0,0,22,30
2020-10-30,US,Georgia,Ben Hill,878,34,0,31.76095874,-83.22145359,13017.0,5257.4850299401205,3.87243735763098,844,877,33,0,844,871,16787,1,1,0,0,6
2020-10-30,US,Georgia,Berrien,496,13,0,31.27590016,-83.22529920000002,13019.0,2557.096458215188,2.620967741935484,483,493,13,0,480,493,19252,3,0,0,3,0
2020-10-30,US,Georgia,Bibb,6659,199,0,32.80904227,-83.70489165,13021.0,4347.769311630397,2.9884367022075384,6460,6632,198,0,6434,6618,153095,27,1,0,26,14
2020-10-30,US,Georgia,Bleckley,517,27,0,32.43829035,-83.33035166,13023.0,4016.15784976307,5.222437137330754,490,516,27,0,489,514,12838,1,0,0,1,2
2020-10-30,US,Georgia,Brantley,466,13,0,31.19576557,-81.97743999,13025.0,2438.641477837668,2.7896995708154506,453,463,13,0,450,462,18897,3,0,0,3,1
2020-10-30,US,Georgia,Brooks,553,26,0,30.83922642,-83.58303423,13027.0,3577.667076405512,4.701627486437613,527,553,26,0,527,554,15513,0,0,0,0,-1
2020-10-30,US,Georgia,Bryan,1314,16,0,32.00979311,-81.44002948,13029.0,3315.9209629797865,1.21765601217656,1298,1321,16,0,1305,1318,38109,-7,0,0,-7,3
2020-10-30,US,Georgia,Bulloch,3102,33,0,32.39577406,-81.74811421,13031.0,3896.593307205306,1.0638297872340423,3069,3103,33,0,3070,3093,77296,-1,0,0,-1,10
2020-10-30,US,Georgia,Burke,895,12,0,33.05917989,-81.99928721,13033.0,3998.570343564312,1.340782122905028,883,896,12,0,884,893,22423,-1,0,0,-1,3
2020-10-30,US,Georgia,Butts,746,44,0,33.283094500000004,-83.95435040000002,13035.0,2991.6586461341035,5.898123324396782,702,746,44,0,702,743,24193,0,0,0,0,3
2020-10-30,US,Georgia,Calhoun,275,9,0,31.53169785,-84.62725131,13037.0,4443.367264501535,3.272727272727273,266,272,9,0,263,270,6352,3,0,0,3,2
2020-10-30,US,Georgia,Camden,1442,18,0,30.92951916,-81.66601818,13039.0,2637.8370467932536,1.2482662968099858,1424,1436,18,0,1418,1423,53677,6,0,0,6,13
2020-10-30,US,Georgia,Candler,547,25,0,32.40209349,-82.07702563,13043.0,5063.408312505785,4.570383912248629,522,546,25,0,521,546,10836,1,0,0,1,0
2020-10-30,US,Georgia,Carroll,3370,77,0,33.58138199,-85.07976677,13045.0,2808.5205680378695,2.28486646884273,3293,3360,76,0,3284,3341,118121,10,1,0,9,19
2020-10-30,US,Georgia,Catoosa,1472,23,0,34.89872298,-85.13757014,13047.0,2178.1592187037586,1.5625,1449,1461,22,0,1439,1444,67420,11,1,0,10,17
2020-10-30,US,Georgia,Charlton,647,10,0,30.78371028,-82.13951596,13049.0,4831.2425328554355,1.545595054095827,637,647,10,0,637,647,12968,0,0,0,0,0
2020-10-30,US,Georgia,Chatham,9500,190,0,32.00043026,-81.12489526,13051.0,3282.3135127664727,2.0,9310,9479,188,0,9291,9446,289195,21,2,0,19,33
2020-10-30,US,Georgia,Chattahoochee,1783,1,0,32.34341231,-84.78809239,13053.0,16347.299899147336,0.05608524957936063,1782,1753,1,0,1752,1747,10684,30,0,0,30,6
2020-10-30,US,Georgia,Chattooga,967,29,0,34.47197698,-85.34535662,13055.0,3900.923796845375,2.998965873836608,938,960,29,0,931,944,24790,7,0,0,7,16
2020-10-30,US,Georgia,Cherokee,7242,102,0,34.24393976,-84.47431861,13057.0,2798.5918159931675,1.4084507042253518,7140,7219,102,0,7117,7161,254149,23,0,0,23,58
2020-10-30,US,Georgia,Clarke,5809,50,0,33.95436462,-83.37124007,13059.0,4526.575807871833,0.8607333448097779,5759,5787,49,0,5738,5748,127330,22,1,0,21,39
2020-10-30,US,Georgia,Clay,124,3,0,31.62221166,-84.97713865,13061.0,4375.441072688779,2.419354838709677,121,124,3,0,121,124,2887,0,0,0,0,0
2020-10-30,US,Georgia,Clayton,8362,179,0,33.54187245,-84.35594188,13063.0,2861.190189422972,2.140636211432672,8183,8298,178,0,8120,8253,289615,64,1,0,63,45
2020-10-30,US,Georgia,Clinch,456,12,0,30.91395822,-82.70432472,13065.0,6890.299184043518,2.631578947368421,444,453,12,0,441,450,6648,3,0,0,3,3
2020-10-30,US,Georgia,Cobb,22132,458,0,33.94243204,-84.5761255,13067.0,2911.565091213341,2.0694017711910355,21674,22059,457,0,21602,21977,756865,73,1,0,72,82
2020-10-30,US,Georgia,Coffee,2296,63,0,31.54892966,-82.85492059999999,13069.0,5305.848912716937,2.7439024390243905,2233,2274,62,0,2212,2260,43093,22,1,0,21,14
2020-10-30,US,Georgia,Colquitt,2141,40,0,31.18810588,-83.7677946,13071.0,4695.175438596491,1.8682858477347035,2101,2136,40,0,2096,2132,45592,5,0,0,5,4
2020-10-30,US,Georgia,Columbia,4440,65,0,33.54534185,-82.263524,13073.0,2833.18656916421,1.463963963963964,4375,4415,64,0,4351,4386,154291,25,1,0,24,29
2020-10-30,US,Georgia,Cook,598,16,0,31.16068491,-83.42947229,13075.0,3462.6519976838454,2.6755852842809364,582,594,16,0,578,584,17162,4,0,0,4,10
2020-10-30,US,Georgia,Coweta,3000,63,0,33.35334302,-84.76129976,13077.0,2020.0795911358907,2.1,2937,2983,63,0,2920,2971,145864,17,0,0,17,12
2020-10-30,US,Georgia,Crawford,196,6,0,32.71391813,-83.98061238,13079.0,1580.1354401805868,3.0612244897959178,190,196,6,0,190,196,12318,0,0,0,0,0
2020-10-30,US,Georgia,Crisp,652,23,0,31.92289565,-83.76811843,13081.0,2914.357232254604,3.5276073619631902,629,651,23,0,628,647,22601,1,0,0,1,4
2020-10-30,US,Georgia,Dade,368,6,0,34.854916700000004,-85.50490424,13083.0,2283.4450235790523,1.6304347826086956,362,362,6,0,356,356,16226,6,0,0,6,6
2020-10-30,US,Georgia,Dawson,925,11,0,34.44244079,-84.16964071,13085.0,3542.9753332311934,1.1891891891891893,914,922,11,0,911,915,25083,3,0,0,3,7
2020-10-30,US,Georgia,DeKalb,21441,403,0,33.76944049,-84.22396017,13089.0,2823.796222031695,1.8795765122895387,21038,21335,401,0,20934,21231,756558,106,2,0,104,104
2020-10-30,US,Georgia,Decatur,1308,35,0,30.87967778,-84.57619536,13087.0,4953.794879563702,2.675840978593272,1273,1304,34,0,1270,1297,26575,4,1,0,3,7
2020-10-30,US,Georgia,Dodge,630,19,0,32.17265114,-83.16948926,13091.0,3057.510313030817,3.0158730158730163,611,620,19,0,601,612,20705,10,0,0,10,8
2020-10-30,US,Georgia,Dooly,376,18,0,32.15630737,-83.79746561,13093.0,2808.06572068708,4.787234042553191,358,375,18,0,357,374,13706,1,0,0,1,1
2020-10-30,US,Georgia,Dougherty,3307,191,0,31.53328528,-84.21722377,13095.0,3759.834462685888,5.775627456909586,3116,3305,191,0,3114,3300,91243,2,0,0,2,5
2020-10-30,US,Georgia,Douglas,4147,73,0,33.70291126,-84.77026156,13097.0,2833.7535789207545,1.7603086568603807,4074,4135,73,0,4062,4114,145331,12,0,0,12,21
2020-10-30,US,Georgia,Early,556,35,0,31.32155345,-84.90255207,13099.0,5456.329735034347,6.2949640287769775,521,555,35,0,520,550,10247,1,0,0,1,5
2020-10-30,US,Georgia,Echols,246,2,0,30.71101099,-82.89687287,13101.0,6140.788816774838,0.8130081300813008,244,246,2,0,244,246,4000,0,0,0,0,0
2020-10-30,US,Georgia,Effingham,1845,29,0,32.36616021,-81.34280942,13103.0,2869.5408734602465,1.5718157181571817,1816,1835,28,0,1807,1827,62190,10,1,0,9,8
2020-10-30,US,Georgia,Elbert,763,10,0,34.11302332,-82.83936148,13105.0,3975.200583515682,1.3106159895150722,753,760,9,0,751,754,19120,3,1,0,2,6
2020-10-30,US,Georgia,Emanuel,1209,39,0,32.59221302,-82.30239915,13107.0,5338.691159586682,3.2258064516129035,1170,1209,39,0,1170,1204,22612,0,0,0,0,5
2020-10-30,US,Georgia,Evans,486,7,0,32.15328841,-81.8870105,13109.0,4561.666979538201,1.4403292181069958,479,487,7,0,480,487,10721,-1,0,0,-1,0
2020-10-30,US,Georgia,Fannin,833,27,0,34.86430205,-84.316964,13111.0,3180.846189094241,3.2412965186074434,806,835,29,0,806,832,25964,-2,-2,0,0,3
2020-10-30,US,Georgia,Fayette,2145,57,0,33.41357794,-84.49089434,13113.0,1874.6558761066585,2.657342657342657,2088,2135,57,0,2078,2129,113459,10,0,0,10,6
2020-10-30,US,Georgia,Floyd,4072,61,0,34.26268279,-85.21577392,13115.0,4134.094093281082,1.4980353634577603,4011,4040,60,0,3980,3975,97927,32,1,0,31,65
2020-10-30,US,Georgia,Forsyth,4823,54,0,34.22604035,-84.12315129999998,13117.0,1974.6000032753052,1.1196350818992329,4769,4792,54,0,4738,4772,236612,31,0,0,31,20
2020-10-30,US,Georgia,Franklin,955,18,0,34.37525597,-83.23159927,13119.0,4090.110925521436,1.8848167539267016,937,937,18,0,919,935,23023,18,0,0,18,2
2020-10-30,US,Georgia,Fulton,31428,627,0,33.79216944,-84.46319413,13121.0,2953.9343025009944,1.9950362733867888,30801,31315,626,0,30689,31220,1050114,113,1,0,112,95
2020-10-30,US,Georgia,Gilmer,1049,22,0,34.69316688,-84.45802506,13123.0,3344.065797443336,2.0972354623450906,1027,1052,23,0,1029,1043,30816,-3,-1,0,-2,9
2020-10-30,US,Georgia,Glascock,50,2,0,33.22879932,-82.61297636,13125.0,1682.9350387075058,4.0,48,50,2,0,48,49,2995,0,0,0,0,1
2020-10-30,US,Georgia,Glynn,3760,104,0,31.23279254,-81.53811412,13127.0,4408.385311635323,2.765957446808511,3656,3751,104,0,3647,3734,85219,9,0,0,9,17
2020-10-30,US,Georgia,Gordon,2428,47,0,34.50487351,-84.87296253,13129.0,4188.879112537308,1.9357495881383853,2381,2414,45,0,2369,2387,57685,14,2,0,12,27
2020-10-30,US,Georgia,Grady,867,25,0,30.87454847,-84.23418364,13131.0,3519.6687370600416,2.883506343713956,842,866,25,0,841,860,24748,1,0,0,1,6
2020-10-30,US,Georgia,Greene,577,25,0,33.5769205,-83.17139104,13133.0,3148.8757913119407,4.332755632582321,552,576,25,0,551,573,17698,1,0,0,1,3
2020-10-30,US,Georgia,Gwinnett,30894,449,0,33.96044201,-84.02137802,13135.0,3299.759679572764,1.4533566388295462,30445,30746,447,0,30299,30596,927781,148,2,0,146,150
2020-10-30,US,Georgia,Habersham,1900,78,0,34.63331566,-83.53094677,13137.0,4191.6696081892,4.105263157894736,1822,1897,78,0,1819,1884,45388,3,0,0,3,13
2020-10-30,US,Georgia,Hall,10785,178,0,34.32207823,-83.81896936,13139.0,5275.360617488665,1.6504404265183126,10607,10740,178,0,10562,10694,202148,45,0,0,45,46
2020-10-30,US,Georgia,Hancock,414,44,0,33.2721566,-82.99766919,13141.0,4895.352962043277,10.628019323671495,370,413,44,0,369,413,8348,1,0,0,1,0
2020-10-30,US,Georgia,Haralson,661,11,0,33.79602175,-85.21005667,13143.0,2218.716433941998,1.6641452344931922,650,659,11,0,648,650,29533,2,0,0,2,9
2020-10-30,US,Georgia,Harris,852,25,0,32.73709786,-84.90538572,13145.0,2417.981609717335,2.9342723004694835,827,852,25,0,827,851,34475,0,0,0,0,1
2020-10-30,US,Georgia,Hart,587,17,0,34.34626973,-82.96567682,13147.0,2240.0305285250906,2.8960817717206133,570,578,17,0,561,576,26099,9,0,0,9,2
2020-10-30,US,Georgia,Heard,237,6,0,33.29686567,-85.12886832,13149.0,1987.754759708127,2.5316455696202533,231,234,6,0,228,229,11879,3,0,0,3,5
2020-10-30,US,Georgia,Henry,6304,114,0,33.4533428,-84.14814659999998,13151.0,2687.5738080925644,1.8083756345177664,6190,6269,113,0,6156,6223,230220,35,1,0,34,46
2020-10-30,US,Georgia,Houston,3668,95,0,32.45802497,-83.66879087,13153.0,2323.5336969397517,2.589967284623773,3573,3640,95,0,3545,3615,155469,28,0,0,28,25
2020-10-30,US,Georgia,Irwin,359,8,0,31.60213036,-83.27501387,13155.0,3812.659303313509,2.2284122562674096,351,358,8,0,350,356,9398,1,0,0,1,2
2020-10-30,US,Georgia,Jackson,2426,42,0,34.13794553,-83.56814788,13157.0,3324.3350644723682,1.7312448474855733,2384,2408,42,0,2366,2392,70422,18,0,0,18,16
2020-10-30,US,Georgia,Jasper,249,4,0,33.31535543,-83.68844964,13159.0,1751.178001265912,1.606425702811245,245,249,4,0,245,247,14040,0,0,0,0,2
2020-10-30,US,Georgia,Jeff Davis,804,23,0,31.80405727,-82.63724870000001,13161.0,5319.219318557724,2.8606965174129355,781,801,23,0,778,798,15029,3,0,0,3,3
2020-10-30,US,Georgia,Jefferson,857,33,0,33.05867328,-82.41609057,13163.0,5578.700690014322,3.850641773628938,824,857,33,0,824,856,15430,0,0,0,0,1
2020-10-30,US,Georgia,Jenkins,472,32,0,32.79248718,-81.96040187,13165.0,5440.295066851084,6.779661016949151,440,472,32,0,440,469,8683,0,0,0,0,3
2020-10-30,US,Georgia,Johnson,441,23,0,32.70211082,-82.66166794,13167.0,4573.265581250648,5.215419501133787,418,441,22,0,419,440,9708,0,1,0,-1,1
2020-10-30,US,Georgia,Jones,650,17,0,33.02512137,-83.56019163,13169.0,2262.0497650948323,2.6153846153846154,633,647,17,0,630,646,28616,3,0,0,3,1
2020-10-30,US,Georgia,Lamar,426,20,0,33.07841647,-84.14263877,13171.0,2233.055511872936,4.694835680751174,406,424,20,0,404,423,19000,2,0,0,2,1
2020-10-30,US,Georgia,Lanier,320,7,0,31.03828570000001,-83.06472457,13173.0,3070.133358917777,2.1875,313,319,7,0,312,318,10340,1,0,0,1,1
2020-10-30,US,Georgia,Laurens,2019,88,0,32.46325233,-82.92221316,13175.0,4246.413999074582,4.358593363051015,1931,2014,88,0,1926,2010,47325,5,0,0,5,4
2020-10-30,US,Georgia,Lee,752,30,0,31.779330600000005,-84.14324253,13177.0,2507.3352894105096,3.98936170212766,722,748,30,0,718,748,29764,4,0,0,4,0
2020-10-30,US,Georgia,Liberty,1286,25,0,31.82588896,-81.49251135,13179.0,2093.2693090257994,1.9440124416796267,1261,1288,25,0,1263,1275,61497,-2,0,0,-2,13
2020-10-30,US,Georgia,Lincoln,237,7,0,33.79201475,-82.45024131,13181.0,2992.046458780457,2.9535864978902957,230,235,7,0,228,235,7915,2,0,0,2,0
2020-10-30,US,Georgia,Long,278,4,0,31.75218791,-81.74952375,13183.0,1421.3405593332993,1.4388489208633093,274,277,4,0,273,276,18998,1,0,0,1,1
2020-10-30,US,Georgia,Lowndes,4503,87,0,30.83568832,-83.27056716,13185.0,3835.4087525339423,1.932045303131246,4416,4496,86,0,4410,4475,116321,7,1,0,6,21
2020-10-30,US,Georgia,Lumpkin,1058,15,0,34.57286511,-84.00425681,13187.0,3147.872656947337,1.4177693761814745,1043,1053,15,0,1038,1048,32955,5,0,0,5,5
2020-10-30,US,Georgia,Macon,252,10,0,32.35207048,-84.04234127,13193.0,1946.3968486908166,3.968253968253968,242,252,10,0,242,249,13143,0,0,0,0,3
2020-10-30,US,Georgia,Madison,799,11,0,34.12920917,-83.21218732,13195.0,2674.029451137885,1.3767209011264079,788,798,11,0,787,789,29650,1,0,0,1,9
2020-10-30,US,Georgia,Marion,201,9,0,32.3483402,-84.52733571,13197.0,2404.593850939108,4.477611940298506,192,201,9,0,192,200,8351,0,0,0,0,1
2020-10-30,US,Georgia,McDuffie,690,15,0,33.47851918,-82.48252774,13189.0,3237.612612612613,2.1739130434782608,675,689,15,0,674,685,21531,1,0,0,1,4
2020-10-30,US,Georgia,McIntosh,313,8,0,31.49683595,-81.40163426,13191.0,2176.936987063569,2.5559105431309903,305,310,8,0,302,308,14340,3,0,0,3,2
2020-10-30,US,Georgia,Meriwether,598,16,0,33.04163534,-84.68859732,13199.0,2825.1523598053573,2.6755852842809364,582,597,16,0,581,596,21068,1,0,0,1,1
2020-10-30,US,Georgia,Miller,316,2,0,31.16568912,-84.73151117,13201.0,5526.407834907311,0.6329113924050633,314,314,2,0,312,313,5686,2,0,0,2,1
2020-10-30,US,Georgia,Mitchell,850,46,0,31.22483255,-84.19381821,13205.0,3887.847047523213,5.411764705882354,804,848,46,0,802,847,22192,2,0,0,2,1
2020-10-30,US,Georgia,Monroe,767,55,0,33.014289,-83.92097166,13207.0,2781.202407716296,7.170795306388527,712,765,54,0,711,762,27520,2,1,0,1,3
2020-10-30,US,Georgia,Montgomery,375,10,0,32.17201038,-82.53527476,13209.0,4088.5303096380294,2.6666666666666665,365,375,10,0,365,373,9193,0,0,0,0,2
2020-10-30,US,Georgia,Morgan,536,6,0,33.59232073,-83.49129491,13211.0,2780.6598879435574,1.1194029850746268,530,535,6,0,529,531,18853,1,0,0,1,4
2020-10-30,US,Georgia,Murray,1071,9,0,34.78897608,-84.74993177,13213.0,2671.08938547486,0.8403361344537815,1062,1064,9,0,1055,1051,39921,7,0,0,7,13
2020-10-30,US,Georgia,Muscogee,6398,175,0,32.50931999,-84.87142262,13215.0,3268.137447706225,2.7352297592997807,6223,6390,174,0,6216,6378,194160,8,1,0,7,12
2020-10-30,US,Georgia,Newton,2892,96,0,33.55514538,-83.84547140000002,13217.0,2588.0584192439865,3.319502074688797,2796,2878,96,0,2782,2868,109541,14,0,0,14,10
2020-10-30,US,Georgia,Oconee,869,31,0,33.83749973,-83.43679568,13219.0,2157.398212512413,3.567318757192175,838,871,30,0,841,869,39272,-2,1,0,-3,2
2020-10-30,US,Georgia,Oglethorpe,427,13,0,33.878629600000004,-83.08278123,13221.0,2798.3485156301194,3.0444964871194378,414,425,13,0,412,420,15054,2,0,0,2,5
2020-10-30,US,Georgia,Out of GA,14902,187,0,0.0,0.0,80013.0,0.0,1.2548651187760032,14715,14842,186,0,14656,14733,,60,1,0,59,109
2020-10-30,US,Georgia,Paulding,3204,61,0,33.91969522,-84.86848792,13223.0,1899.600988930852,1.9038701622971288,3143,3193,61,0,3132,3176,164044,11,0,0,11,17
2020-10-30,US,Georgia,Peach,790,26,0,32.56934316,-83.82937,13225.0,2867.930007986641,3.2911392405063293,764,786,26,0,760,776,27297,4,0,0,4,10
2020-10-30,US,Georgia,Pickens,807,10,0,34.46589159,-84.46406611,13227.0,2476.1437206590776,1.2391573729863692,797,805,10,0,795,785,31980,2,0,0,2,20
2020-10-30,US,Georgia,Pierce,686,24,0,31.35928155,-82.21598442,13229.0,3524.274338556383,3.498542274052478,662,682,24,0,658,680,19389,4,0,0,4,2
2020-10-30,US,Georgia,Pike,395,11,0,33.09310242,-84.38790389,13231.0,2083.113595612277,2.7848101265822787,384,393,11,0,382,389,18634,2,0,0,2,4
2020-10-30,US,Georgia,Polk,1736,29,0,34.00267074,-85.18677781,13233.0,4073.87416985427,1.6705069124423964,1707,1728,29,0,1699,1711,42470,8,0,0,8,17
2020-10-30,US,Georgia,Pulaski,343,23,0,32.23334561,-83.47549959999998,13235.0,3079.824010056568,6.705539358600582,320,343,23,0,320,339,11069,0,0,0,0,4
2020-10-30,US,Georgia,Putnam,809,27,0,33.32056115,-83.37552891,13237.0,3657.48903657489,3.3374536464771323,782,808,27,0,781,800,21809,1,0,0,1,8
2020-10-30,US,Georgia,Quitman,41,1,0,31.86728114,-85.01773177,13239.0,1783.3840800347978,2.4390243902439024,40,41,1,0,40,40,2279,0,0,0,0,1
2020-10-30,US,Georgia,Rabun,434,11,0,34.88389445,-83.40304637,13241.0,2532.5319484157085,2.5345622119815667,423,432,11,0,421,429,16867,2,0,0,2,3
2020-10-30,US,Georgia,Randolph,340,29,0,31.76622818,-84.75732369,13243.0,5016.228976099144,8.529411764705884,311,339,29,0,310,339,6833,1,0,0,1,0
2020-10-30,US,Georgia,Richmond,8043,185,0,33.35777107,-82.07026432,13245.0,3971.498829733653,2.300136764888723,7858,8012,185,0,7827,7964,201554,31,0,0,31,48
2020-10-30,US,Georgia,Rockdale,2151,40,0,33.65145002,-84.02202167,13247.0,2366.440767470516,1.8596001859600184,2111,2148,40,0,2108,2136,90594,3,0,0,3,12
2020-10-30,US,Georgia,Schley,109,2,0,32.2654021,-84.31258912,13249.0,2073.4259083127263,1.834862385321101,107,109,2,0,107,109,5236,0,0,0,0,0
2020-10-30,US,Georgia,Screven,452,11,0,32.74976524,-81.60779441,13251.0,3236.431333237864,2.433628318584071,441,450,11,0,439,450,13938,2,0,0,2,0
2020-10-30,US,Georgia,Seminole,394,11,0,30.93464824,-84.86823924,13253.0,4870.210135970334,2.7918781725888326,383,395,11,0,384,393,8315,-1,0,0,-1,2
2020-10-30,US,Georgia,Spalding,1617,63,0,33.26310031,-84.28013991,13255.0,2424.178822541715,3.8961038961038965,1554,1611,63,0,1548,1599,66100,6,0,0,6,12
2020-10-30,US,Georgia,Stephens,1288,42,0,34.55151201,-83.29405315,13257.0,4968.17743490839,3.260869565217391,1246,1287,41,0,1246,1280,26035,1,1,0,0,7
2020-10-30,US,Georgia,Stewart,569,16,0,32.07996777,-84.83208037,13259.0,8593.867995771032,2.81195079086116,553,568,16,0,552,567,6199,1,0,0,1,1
2020-10-30,US,Georgia,Sumter,961,68,0,32.03650571,-84.19821492,13261.0,3254.9790001354827,7.075962539021852,893,961,68,0,893,959,29733,0,0,0,0,2
2020-10-30,US,Georgia,Talbot,176,8,0,32.69642758,-84.53351366,13263.0,2841.0008071025013,4.545454545454546,168,175,8,0,167,174,6272,1,0,0,1,1
2020-10-30,US,Georgia,Taliaferro,30,0,0,33.56543317,-82.88136816,13265.0,1951.854261548471,0.0,30,30,0,0,30,28,1608,0,0,0,0,2
2020-10-30,US,Georgia,Tattnall,947,16,0,32.04785085,-82.05539188,13267.0,3745.155421972633,1.689545934530095,931,942,16,0,926,933,25391,5,0,0,5,9
2020-10-30,US,Georgia,Taylor,235,12,0,32.55792548,-84.25077141,13269.0,2930.1745635910224,5.1063829787234045,223,235,12,0,223,232,8039,0,0,0,0,3
2020-10-30,US,Georgia,Telfair,502,24,0,31.92829517,-82.93491155,13271.0,3165.195460277428,4.7808764940239055,478,510,24,0,486,507,15876,-8,0,0,-8,3
2020-10-30,US,Georgia,Terrell,341,32,0,31.77527543,-84.44069698,13273.0,3997.1867307466887,9.384164222873899,309,340,32,0,308,341,8611,1,0,0,1,-1
2020-10-30,US,Georgia,Thomas,1615,70,0,30.86392347,-83.91847289,13275.0,3633.214100920114,4.3343653250774,1545,1610,70,0,1540,1605,44448,5,0,0,5,5
2020-10-30,US,Georgia,Tift,1973,65,0,31.45743864,-83.5236119,13277.0,4854.345044779057,3.2944754181449567,1908,1969,65,0,1904,1964,40571,4,0,0,4,5
2020-10-30,US,Georgia,Toombs,1511,56,0,32.12059861,-82.32957247,13279.0,5631.755497577339,3.7061548643282594,1455,1506,56,0,1450,1499,26887,5,0,0,5,7
2020-10-30,US,Georgia,Towns,448,13,0,34.91369188,-83.74107459999998,13281.0,3721.8576057157093,2.9017857142857144,435,444,13,0,431,441,11852,4,0,0,4,3
2020-10-30,US,Georgia,Treutlen,316,12,0,32.40422134,-82.56904553,13283.0,4579.046514997826,3.79746835443038,304,315,12,0,303,311,6809,1,0,0,1,4
2020-10-30,US,Georgia,Troup,3064,109,0,33.03349196,-85.02812115,13285.0,4382.025685764137,3.557441253263708,2955,3054,109,0,2945,3068,70034,10,0,0,10,-14
2020-10-30,US,Georgia,Turner,338,24,0,31.71612656,-83.62069378,13287.0,4232.936756418284,7.100591715976331,314,338,24,0,314,335,7912,0,0,0,0,3
2020-10-30,US,Georgia,Twiggs,220,10,0,32.67435595,-83.43078662,13289.0,2709.35960591133,4.545454545454546,210,220,10,0,210,217,8188,0,0,0,0,3
2020-10-30,US,Georgia,Unassigned,1827,6,0,0.0,0.0,90013.0,0.0,0.3284072249589491,1821,1887,7,0,1880,1888,,-60,-1,0,-59,-1
2020-10-30,US,Georgia,Union,907,26,0,34.82995757,-83.98967069,13291.0,3700.3794214842324,2.8665931642778393,881,895,26,0,869,890,24001,12,0,0,12,5
2020-10-30,US,Georgia,Upson,840,71,0,32.87920671,-84.30024826,13293.0,3191.4893617021285,8.45238095238095,769,843,71,0,772,839,26215,-3,0,0,-3,4
2020-10-30,US,Georgia,Walker,1922,45,0,34.73376362,-85.30165174,13295.0,2755.1210561775206,2.341311134235172,1877,1910,44,0,1866,1894,69410,12,1,0,11,16
2020-10-30,US,Georgia,Walton,2374,69,0,33.78017694,-83.73552314,13297.0,2509.6994492192866,2.9064869418702615,2305,2365,68,0,2297,2354,93503,9,1,0,8,11
2020-10-30,US,Georgia,Ware,1755,64,0,31.05449097,-82.42224148,13299.0,4911.2889684893935,3.6467236467236472,1691,1745,64,0,1681,1737,35680,10,0,0,10,8
2020-10-30,US,Georgia,Warren,169,5,0,33.41146451,-82.67795848,13301.0,3216.5968785687096,2.9585798816568047,164,167,5,0,162,165,5251,2,0,0,2,2
2020-10-30,US,Georgia,Washington,778,13,0,32.96711864,-82.79357039,13303.0,3818.592323549622,1.6709511568123394,765,776,13,0,763,776,20386,2,0,0,2,0
2020-10-30,US,Georgia,Wayne,1258,33,0,31.5521809,-81.91894878,13305.0,4203.562000868781,2.6232114467408585,1225,1254,33,0,1221,1242,29808,4,0,0,4,12
2020-10-30,US,Georgia,Webster,44,2,0,32.04066113,-84.54742852,13307.0,1687.7637130801688,4.545454545454546,42,44,2,0,42,44,2611,0,0,0,0,0
2020-10-30,US,Georgia,Wheeler,370,17,0,32.12009104,-82.72574721,13309.0,4710.375556970082,4.594594594594595,353,369,17,0,352,369,7879,1,0,0,1,0
2020-10-30,US,Georgia,White,1013,24,0,34.64624278,-83.74905525,13311.0,3289.174621728684,2.3692003948667324,989,1011,23,0,988,1005,29970,2,1,0,1,6
2020-10-30,US,Georgia,Whitfield,5563,64,0,34.80987459,-84.96093476,13313.0,5316.932369920099,1.1504583857630777,5499,5522,64,0,5458,5469,104062,41,0,0,41,53
2020-10-30,US,Georgia,Wilcox,258,25,0,31.97496928,-83.43438555,13315.0,2987.8401852924144,9.689922480620154,233,257,25,0,232,257,8812,1,0,0,1,0
2020-10-30,US,Georgia,Wilkes,306,6,0,33.78290391,-82.74286107,13317.0,3129.794415464867,1.96078431372549,300,303,6,0,297,300,9876,3,0,0,3,3
2020-10-30,US,Georgia,Wilkinson,371,17,0,32.80291082,-83.17140684,13319.0,4143.399597945053,4.5822102425876015,354,368,17,0,351,369,9036,3,0,0,3,-1
2020-10-30,US,Georgia,Worth,609,34,0,31.55162306,-83.85090513,13321.0,3007.8530152615203,5.582922824302135,575,609,33,0,576,607,20299,0,1,0,-1,2
2020-10-30,US,Hawaii,Hawaii,1259,31,0,19.60121157,-155.5210167,15001.0,624.7735878082308,2.4622716441620334,1228,1246,30,0,1216,1238,200983,13,1,0,12,8
2020-10-30,US,Hawaii,Honolulu,13087,168,0,21.45803166,-157.97121819999995,15003.0,1342.8582862267501,1.2837166653931382,12919,13013,168,0,12845,12953,980080,74,0,0,74,60
2020-10-30,US,Hawaii,Kauai,64,0,0,22.03935037,-159.5966786,15007.0,88.52862656135449,0.0,64,64,0,0,64,63,72133,0,0,0,0,1
2020-10-30,US,Hawaii,Maui,523,16,0,20.86399628,-156.56890969999995,15009.0,312.39360399481535,3.0592734225621414,507,518,16,0,502,516,167207,5,0,0,5,2
2020-10-30,US,Hawaii,Out of HI,70,1,0,0.0,0.0,80015.0,0.0,1.4285714285714286,69,70,1,0,69,64,,0,0,0,0,6
2020-10-30,US,Idaho,Ada,17098,178,0,43.4526575,-116.24155159999998,16001.0,3550.345005160023,1.041057433617967,16920,16908,174,0,16734,16710,469966,190,4,0,186,198
2020-10-30,US,Idaho,Adams,63,2,0,44.89333571,-116.4545247,16003.0,1467.1634839310666,3.1746031746031744,61,63,2,0,61,57,4250,0,0,0,0,6
2020-10-30,US,Idaho,Bannock,2666,14,0,42.67002716,-112.2233311,16005.0,3036.1698250728864,0.5251312828207052,2652,2582,14,0,2568,2520,87138,84,0,0,84,62
2020-10-30,US,Idaho,Bear Lake,76,1,0,42.28269683,-111.32892379999998,16007.0,1240.8163265306125,1.3157894736842106,75,76,1,0,75,74,6050,0,0,0,0,2
2020-10-30,US,Idaho,Benewah,180,3,0,47.21754179,-116.6586851,16009.0,1935.90019359002,1.6666666666666667,177,179,3,0,176,175,9226,1,0,0,1,4
2020-10-30,US,Idaho,Bingham,1636,23,0,43.21672879999999,-112.3978437,16011.0,3494.905043686313,1.405867970660147,1613,1621,22,0,1599,1612,46236,15,1,0,14,9
2020-10-30,US,Idaho,Blaine,909,7,0,43.4085812,-113.9752658,16013.0,3948.568698145172,0.77007700770077,902,897,7,0,890,883,22601,12,0,0,12,14
2020-10-30,US,Idaho,Boise,84,2,0,43.98829931,-115.7309284,16015.0,1072.6599412590986,2.380952380952381,82,83,2,0,81,82,7634,1,0,0,1,1
2020-10-30,US,Idaho,Bonner,517,1,0,48.29996017,-116.6017932,16017.0,1130.3264172806576,0.1934235976789168,516,508,1,0,507,492,44727,9,0,0,9,16
2020-10-30,US,Idaho,Bonneville,4665,37,0,43.38713372,-111.6161537,16019.0,3918.126690295812,0.7931404072883173,4628,4591,37,0,4554,4553,116854,74,0,0,74,38
2020-10-30,US,Idaho,Boundary,190,1,0,48.76684761,-116.4630179,16021.0,1551.6537362188647,0.5263157894736842,189,173,1,0,172,156,11948,17,0,0,17,17
2020-10-30,US,Idaho,Butte,103,0,0,43.72592209,-113.1735463,16023.0,3966.114747785906,0.0,103,103,0,0,103,101,2611,0,0,0,0,2
2020-10-30,US,Idaho,Camas,41,0,0,43.46665742,-114.8065892,16025.0,3707.052441229656,0.0,41,41,0,0,41,41,1127,0,0,0,0,0
2020-10-30,US,Idaho,Canyon,10259,111,0,43.61970148,-116.70954990000001,16027.0,4463.365078812612,1.0819768008577837,10148,10111,109,0,10002,10013,223499,148,2,0,146,98
2020-10-30,US,Idaho,Caribou,299,4,0,42.77149116,-111.5597683,16029.0,4178.895877009085,1.3377926421404682,295,293,4,0,289,287,7060,6,0,0,6,6
2020-10-30,US,Idaho,Cassia,1430,9,0,42.28347888,-113.6012409,16031.0,5950.894714939659,0.6293706293706294,1421,1419,9,0,1410,1397,23864,11,0,0,11,22
2020-10-30,US,Idaho,Clark,40,0,0,44.28496071,-112.35057040000001,16033.0,4733.727810650888,0.0,40,40,0,0,40,40,852,0,0,0,0,0
2020-10-30,US,Idaho,Clearwater,145,0,0,46.67459924,-115.6622393,16035.0,1656.0073092736407,0.0,145,145,0,0,145,142,8758,0,0,0,0,3
2020-10-30,US,Idaho,Custer,96,1,0,44.24186819,-114.2855494,16037.0,2224.797219003476,1.0416666666666667,95,96,1,0,95,95,4280,0,0,0,0,1
2020-10-30,US,Idaho,Elmore,557,4,0,43.3507101,-115.4701578,16039.0,2024.6446875795136,0.7181328545780971,553,543,4,0,539,530,27259,14,0,0,14,13
2020-10-30,US,Idaho,Franklin,378,2,0,42.18332217,-111.81496659999999,16041.0,2724.1279907754397,0.5291005291005291,376,374,2,0,372,367,13726,4,0,0,4,7
2020-10-30,US,Idaho,Fremont,489,4,0,44.22800938,-111.48099429999999,16043.0,3733.109397663944,0.8179959100204499,485,486,4,0,482,481,13168,3,0,0,3,5
2020-10-30,US,Idaho,Gem,445,6,0,44.06482372,-116.398376,16045.0,2456.934628975265,1.348314606741573,439,436,6,0,430,428,17634,9,0,0,9,8
2020-10-30,US,Idaho,Gooding,621,9,0,42.96927962,-114.81083059999999,16047.0,4091.178602015943,1.4492753623188406,612,604,9,0,595,588,15196,17,0,0,17,16
2020-10-30,US,Idaho,Idaho,380,1,0,45.84721541,-115.4634436,16049.0,2279.9544009119822,0.2631578947368421,379,376,1,0,375,373,16513,4,0,0,4,3
2020-10-30,US,Idaho,Jefferson,1012,4,0,43.82078483,-112.3131749,16051.0,3387.901308961869,0.3952569169960474,1008,994,3,0,991,980,29439,18,1,0,17,14
2020-10-30,US,Idaho,Jerome,1170,9,0,42.68891267,-114.2655033,16053.0,4792.724889398656,0.7692307692307693,1161,1142,9,0,1133,1119,24015,28,0,0,28,23
2020-10-30,US,Idaho,Kootenai,4386,51,0,47.67282258,-116.7020872,16055.0,2647.0002474396038,1.162790697674419,4335,4253,50,0,4203,4135,161505,133,1,0,132,118
2020-10-30,US,Idaho,Latah,979,1,0,46.81587887,-116.71136979999999,16057.0,2440.909544230577,0.10214504596527067,978,962,1,0,961,949,40134,17,0,0,17,13
2020-10-30,US,Idaho,Lemhi,273,1,0,44.9438088,-113.9309747,16059.0,3401.021552261119,0.3663003663003663,272,262,1,0,261,251,7961,11,0,0,11,11
2020-10-30,US,Idaho,Lewis,85,3,0,46.23315327,-116.434146,16061.0,2214.6951537258988,3.5294117647058822,82,84,3,0,81,81,3861,1,0,0,1,3
2020-10-30,US,Idaho,Lincoln,233,3,0,43.0012336,-114.1358773,16063.0,4342.154304882594,1.2875536480686696,230,213,2,0,211,207,5360,20,1,0,19,6
2020-10-30,US,Idaho,Madison,2694,4,0,43.78141028,-111.65384740000002,16065.0,6750.695366727641,0.14847809948032664,2690,2644,4,0,2640,2611,39304,50,0,0,50,33
2020-10-30,US,Idaho,Minidoka,1236,9,0,42.85518524,-113.6357257,16067.0,5874.803935548268,0.7281553398058253,1227,1220,9,0,1211,1207,20825,16,0,0,16,13
2020-10-30,US,Idaho,Nez Perce,923,24,0,46.32638236,-116.75009750000001,16069.0,2284.2011482874677,2.600216684723727,899,895,24,0,871,862,40408,28,0,0,28,33
2020-10-30,US,Idaho,Oneida,57,0,0,42.19494279999999,-112.5407838,16071.0,1258.0004414036634,0.0,57,56,0,0,56,54,4488,1,0,0,1,2
2020-10-30,US,Idaho,Owyhee,404,5,0,42.58016894,-116.16938710000001,16073.0,3417.068425949421,1.2376237623762376,399,399,5,0,394,398,11693,5,0,0,5,1
2020-10-30,US,Idaho,Payette,1162,10,0,44.00545243,-116.7647695,16075.0,4851.571959417143,0.8605851979345955,1152,1145,10,0,1135,1137,23551,17,0,0,17,8
2020-10-30,US,Idaho,Power,372,2,0,42.69254894,-112.83957420000002,16077.0,4843.1193854966805,0.5376344086021505,370,369,2,0,367,367,7768,3,0,0,3,2
2020-10-30,US,Idaho,Shoshone,286,20,0,47.35364087,-115.89167490000001,16079.0,2220.1521502872224,6.9930069930069925,266,281,20,0,261,268,12796,5,0,0,5,13
2020-10-30,US,Idaho,Teton,297,2,0,43.75303583,-111.2056773,16081.0,2446.055015648164,0.6734006734006734,295,289,2,0,287,288,11640,8,0,0,8,1
2020-10-30,US,Idaho,Twin Falls,4273,49,0,42.35440512,-114.6685381,16083.0,4918.391307350537,1.1467353147671426,4224,4200,48,0,4152,4097,86081,73,1,0,72,103
2020-10-30,US,Idaho,Unassigned,1,0,0,0.0,0.0,90016.0,0.0,0.0,1,,,,,,,,,,,
2020-10-30,US,Idaho,Valley,122,1,0,44.76728382,-115.5676773,16085.0,1070.926966292135,0.819672131147541,121,119,1,0,118,117,11041,3,0,0,3,2
2020-10-30,US,Idaho,Washington,478,8,0,44.45275475,-116.78476880000001,16087.0,4689.032764371199,1.6736401673640169,470,471,8,0,463,460,10161,7,0,0,7,11
2020-10-30,US,Illinois,Adams,2136,24,0,39.98815591,-91.18786813,17001.0,3264.308091999694,1.1235955056179776,2112,2071,23,0,2048,2004,65691,65,1,0,64,67
2020-10-30,US,Illinois,Alexander,147,1,0,37.18049267,-89.32910838,17003.0,2551.640340218712,0.6802721088435374,146,145,1,0,144,136,6060,2,0,0,2,9
2020-10-30,US,Illinois,Bond,532,9,0,38.88829622,-89.43534887,17005.0,3238.767807135029,1.6917293233082706,523,525,9,0,516,518,16630,7,0,0,7,7
2020-10-30,US,Illinois,Boone,2038,25,0,42.32359279,-88.82345779,17007.0,3806.215448976543,1.2266928361138372,2013,1998,25,0,1973,1953,53577,40,0,0,40,45
2020-10-30,US,Illinois,Brown,121,0,0,39.96209138,-90.75068024,17009.0,1839.464882943144,0.0,121,122,0,0,122,117,6556,-1,0,0,-1,5
2020-10-30,US,Illinois,Bureau,986,17,0,41.40385234,-89.5283051,17011.0,3021.944342282702,1.7241379310344829,969,955,17,0,938,948,32993,31,0,0,31,7
2020-10-30,US,Illinois,Calhoun,70,0,0,39.16840183,-90.66330078,17013.0,1477.1048744460854,0.0,70,66,0,0,66,64,4802,4,0,0,4,2
2020-10-30,US,Illinois,Carroll,490,13,0,42.06823429,-89.93395545,17015.0,3425.375742747291,2.653061224489796,477,457,12,0,445,437,14312,33,1,0,32,20
2020-10-30,US,Illinois,Cass,474,11,0,39.96991073,-90.24734436,17017.0,3902.1980735984193,2.3206751054852317,463,470,11,0,459,468,12260,4,0,0,4,2
2020-10-30,US,Illinois,Champaign,6585,28,0,40.13919438,-88.20046615,17019.0,3140.365016762921,0.425208807896735,6557,6462,28,0,6434,6390,209983,123,0,0,123,72
2020-10-30,US,Illinois,Christian,888,31,0,39.54581621,-89.27780482,17021.0,2748.8855869242198,3.490990990990991,857,868,30,0,838,846,32661,20,1,0,19,22
2020-10-30,US,Illinois,Clark,328,18,0,39.33425789,-87.78705622,17023.0,2124.2147529305107,5.487804878048781,310,317,18,0,299,314,15596,11,0,0,11,3
2020-10-30,US,Illinois,Clay,335,14,0,38.75388572,-88.48914513,17025.0,2540.9587378640776,4.17910447761194,321,330,14,0,316,324,13253,5,0,0,5,6
2020-10-30,US,Illinois,Clinton,1877,31,0,38.60704876,-89.42385254,17027.0,4997.071508439381,1.6515716568993075,1846,1856,31,0,1825,1828,37639,21,0,0,21,28
2020-10-30,US,Illinois,Coles,2111,40,0,39.51949084,-88.22358557,17029.0,4170.2060409711385,1.894836570345808,2071,2058,40,0,2018,2030,50885,53,0,0,53,28
2020-10-30,US,Illinois,Cook,186405,5469,0,41.84144849,-87.81658794,17031.0,3619.350813836966,2.933934175585419,180936,183649,5463,0,178186,181108,5180493,2756,6,0,2750,2541
2020-10-30,US,Illinois,Crawford,676,6,0,39.0032229,-87.75954624,17033.0,3621.363904215996,0.8875739644970414,670,668,6,0,662,663,18807,8,0,0,8,5
2020-10-30,US,Illinois,Cumberland,313,6,0,39.27432424,-88.2401158,17035.0,2907.3007616570685,1.9169329073482428,307,311,6,0,305,308,10808,2,0,0,2,3
2020-10-30,US,Illinois,De Witt,282,6,0,40.17514519,-88.90959682,17039.0,1803.2996546873,2.127659574468085,276,275,6,0,269,275,15769,7,0,0,7,0
2020-10-30,US,Illinois,DeKalb,2605,43,0,41.89373302,-88.76958483,17037.0,2483.3884667817,1.6506717850287909,2562,2524,43,0,2481,2469,104143,81,0,0,81,55
2020-10-30,US,Illinois,Douglas,787,9,0,39.76768052,-88.21854195,17041.0,4043.154379655793,1.1435832274459974,778,742,9,0,733,733,19479,45,0,0,45,9
2020-10-30,US,Illinois,DuPage,24696,619,0,41.85116968,-88.08642662,17043.0,2675.851995999657,2.506478781988986,24077,24240,617,0,23623,23780,928589,456,2,0,454,460
2020-10-30,US,Illinois,Edgar,167,11,0,39.6809186,-87.74759563,17045.0,973.1367635918652,6.586826347305388,156,165,11,0,154,159,17360,2,0,0,2,6
2020-10-30,US,Illinois,Edwards,114,0,0,38.41353228,-88.05720863,17047.0,1782.6426896012506,0.0,114,112,0,0,112,114,6392,2,0,0,2,-2
2020-10-30,US,Illinois,Effingham,1285,4,0,39.05935711,-88.58969584,17049.0,3778.5227005410493,0.311284046692607,1281,1266,4,0,1262,1226,34208,19,0,0,19,40
2020-10-30,US,Illinois,Fayette,720,24,0,39.00072038,-89.02452658,17051.0,3374.578177727784,3.333333333333333,696,719,24,0,695,699,21416,1,0,0,1,20
2020-10-30,US,Illinois,Ford,217,16,0,40.59706922,-88.22350769,17053.0,1674.2535298202301,7.3732718894009235,201,211,15,0,196,208,13264,6,1,0,5,3
2020-10-30,US,Illinois,Franklin,1081,10,0,37.99189086,-88.92567818,17055.0,2810.054849359224,0.9250693802035151,1071,1059,10,0,1049,1033,38701,22,0,0,22,26
2020-10-30,US,Illinois,Fulton,622,2,0,40.47289135,-90.20862357,17057.0,1811.2987769365168,0.3215434083601286,620,590,1,0,589,557,34844,32,1,0,31,33
2020-10-30,US,Illinois,Gallatin,113,2,0,37.76430935,-88.22953869,17059.0,2340.513670256835,1.7699115044247788,111,112,2,0,110,110,5058,1,0,0,1,2
2020-10-30,US,Illinois,Greene,329,17,0,39.35907414,-90.388865,17061.0,2536.8185673529183,5.1671732522796345,312,316,15,0,301,299,13044,13,2,0,11,17
2020-10-30,US,Illinois,Grundy,1086,7,0,41.28569601,-88.41905692,17063.0,2127.1594781995536,0.6445672191528545,1079,1047,7,0,1040,1019,50972,39,0,0,39,28
2020-10-30,US,Illinois,Hamilton,143,2,0,38.08163641,-88.53883373,17065.0,1761.9517003449976,1.3986013986013983,141,139,2,0,137,135,8163,4,0,0,4,4
2020-10-30,US,Illinois,Hancock,345,4,0,40.40423981,-91.16313899,17067.0,1948.2719674723287,1.1594202898550725,341,331,4,0,327,321,17844,14,0,0,14,10
2020-10-30,US,Illinois,Hardin,58,0,0,37.51810645,-88.26873022,17069.0,1517.9272441769172,0.0,58,56,0,0,56,56,3910,2,0,0,2,0
2020-10-30,US,Illinois,Henderson,136,0,0,40.81908672,-90.92491462,17071.0,2046.3436653626238,0.0,136,132,0,0,132,131,6709,4,0,0,4,1
2020-10-30,US,Illinois,Henry,879,7,0,41.3533994,-90.13296166,17073.0,1797.0682640606792,0.7963594994311718,872,869,7,0,862,863,49090,10,0,0,10,6
2020-10-30,US,Illinois,Iroquois,539,19,0,40.74717633,-87.82466784,17075.0,1987.9029283764844,3.5250463821892395,520,527,19,0,508,515,27604,12,0,0,12,12
2020-10-30,US,Illinois,Jackson,1637,26,0,37.78595185,-89.38232563,17077.0,2884.5814977973573,1.5882712278558335,1611,1611,26,0,1585,1584,57419,26,0,0,26,27
2020-10-30,US,Illinois,Jasper,280,10,0,39.01054275,-88.15437049,17079.0,2913.6316337148805,3.571428571428572,270,275,10,0,265,272,9611,5,0,0,5,3
2020-10-30,US,Illinois,Jefferson,973,52,0,38.29980057,-88.9240025,17081.0,2581.997664791424,5.344295991778006,921,939,52,0,887,920,37820,34,0,0,34,19
2020-10-30,US,Illinois,Jersey,485,21,0,39.08869046,-90.35393073,17083.0,2227.5295090249388,4.3298969072164954,464,482,21,0,461,481,21847,3,0,0,3,1
2020-10-30,US,Illinois,Jo Daviess,556,9,0,42.36542373,-90.21094405,17085.0,2618.3188132799623,1.6187050359712232,547,547,9,0,538,536,21366,9,0,0,9,11
2020-10-30,US,Illinois,Johnson,392,0,0,37.45939802,-88.88165419,17087.0,3156.962229201901,0.0,392,385,0,0,385,376,12456,7,0,0,7,9
2020-10-30,US,Illinois,Kane,18030,351,0,41.93842729,-88.42861412,17089.0,3386.5323824245925,1.9467554076539104,17679,17738,351,0,17387,17421,534216,292,0,0,292,317
2020-10-30,US,Illinois,Kankakee,3682,81,0,41.13746989,-87.86205334,17091.0,3351.4773078953594,2.199891363389462,3601,3587,81,0,3506,3505,110024,95,0,0,95,82
2020-10-30,US,Illinois,Kendall,2938,30,0,41.59081014,-88.42869583,17093.0,2277.695945422125,1.0211027910142954,2908,2869,30,0,2839,2797,127915,69,0,0,69,72
2020-10-30,US,Illinois,Knox,1418,21,0,40.93148779,-90.21330340000002,17095.0,2853.176120243868,1.4809590973201692,1397,1382,21,0,1361,1362,50112,36,0,0,36,20
2020-10-30,US,Illinois,LaSalle,2652,68,0,41.34426129999999,-88.88633881,17099.0,2440.4383954945747,2.5641025641025643,2584,2584,67,0,2517,2554,109430,68,1,0,67,30
2020-10-30,US,Illinois,Lake,21819,518,0,42.3224907,-88.00367925,17097.0,3132.505904225918,2.3740776387552134,21301,21608,518,0,21090,21373,700832,211,0,0,211,235
2020-10-30,US,Illinois,Lawrence,362,8,0,38.71987914,-87.72884035,17101.0,2308.9679806097715,2.209944751381216,354,355,8,0,347,351,15765,7,0,0,7,4
2020-10-30,US,Illinois,Lee,840,2,0,41.74583951,-89.29977132,17103.0,2463.632097606757,0.2380952380952381,838,787,2,0,785,769,34223,53,0,0,53,18
2020-10-30,US,Illinois,Livingston,730,12,0,40.89188292,-88.55784752,17105.0,2047.8007181328546,1.643835616438356,718,707,11,0,696,692,35761,23,1,0,22,15
2020-10-30,US,Illinois,Logan,645,4,0,40.12581572,-89.36638784,17107.0,2253.8262631909993,0.6201550387596899,641,622,4,0,618,614,28925,23,0,0,23,8
2020-10-30,US,Illinois,Macon,3555,56,0,39.86064913,-88.96342505,17115.0,3417.973444605755,1.5752461322081577,3499,3445,55,0,3390,3308,104712,110,1,0,109,137
2020-10-30,US,Illinois,Macoupin,854,11,0,39.26119767,-89.92424028,17117.0,1900.903708320349,1.2880562060889928,843,843,11,0,832,829,45313,11,0,0,11,14
2020-10-30,US,Illinois,Madison,7554,158,0,38.83042506,-89.90422563,17119.0,2872.614710647004,2.0916070955785013,7396,7440,157,0,7283,7373,264461,114,1,0,113,67
2020-10-30,US,Illinois,Marion,1170,23,0,38.64963204,-88.91899208,17121.0,3144.738610401828,1.9658119658119655,1147,1147,23,0,1124,1102,37620,23,0,0,23,45
2020-10-30,US,Illinois,Marshall,171,3,0,41.0327901,-89.34510444,17123.0,1495.016611295681,1.7543859649122806,168,170,3,0,167,166,11534,1,0,0,1,4
2020-10-30,US,Illinois,Mason,346,5,0,40.23917274,-89.91824452,17125.0,2590.014222621454,1.4450867052023122,341,342,5,0,337,317,13565,4,0,0,4,25
2020-10-30,US,Illinois,Massac,165,2,0,37.22078441,-88.71036614,17127.0,1198.0830670926518,1.2121212121212122,163,161,2,0,159,158,14080,4,0,0,4,3
2020-10-30,US,Illinois,McDonough,818,22,0,40.45674722,-90.67775541,17109.0,2755.8789838959638,2.6894865525672373,796,799,21,0,778,789,29955,19,1,0,18,10
2020-10-30,US,Illinois,McHenry,6953,121,0,42.32451172,-88.45248227,17111.0,2259.1252022588,1.74025600460233,6832,6815,121,0,6694,6671,308570,138,0,0,138,144
2020-10-30,US,Illinois,McLean,4392,37,0,40.48996987,-88.84621113,17113.0,2560.6791163558128,0.8424408014571949,4355,4324,37,0,4287,4301,172828,68,0,0,68,23
2020-10-30,US,Illinois,Menard,191,1,0,40.02742725,-89.80246001,17129.0,1566.0872417185965,0.5235602094240838,190,188,1,0,187,188,12288,3,0,0,3,0
2020-10-30,US,Illinois,Mercer,311,6,0,41.20596782,-90.74290052,17131.0,2014.6401502882684,1.929260450160772,305,299,6,0,293,287,15601,12,0,0,12,12
2020-10-30,US,Illinois,Monroe,1016,30,0,38.27594376,-90.17761038,17133.0,2933.2794410601373,2.9527559055118107,986,1000,30,0,970,971,34335,16,0,0,16,29
2020-10-30,US,Illinois,Montgomery,667,16,0,39.23198845,-89.47809254,17135.0,2347.4343633420144,2.39880059970015,651,656,16,0,640,644,28601,11,0,0,11,12
2020-10-30,US,Illinois,Morgan,1032,26,0,39.71654544,-90.20255104,17137.0,3066.135836948125,2.5193798449612403,1006,999,25,0,974,983,33976,33,1,0,32,16
2020-10-30,US,Illinois,Moultrie,470,6,0,39.64187451,-88.62099969,17139.0,3241.155782359837,1.2765957446808511,464,453,6,0,447,443,14717,17,0,0,17,10
2020-10-30,US,Illinois,Ogle,1354,8,0,42.04165196,-89.32184679,17141.0,2673.6172817566103,0.5908419497784343,1346,1317,8,0,1309,1271,50923,37,0,0,37,46
2020-10-30,US,Illinois,Out of IL,2,0,0,0.0,0.0,80017.0,0.0,0.0,2,1,0,0,1,1,,1,0,0,1,0
2020-10-30,US,Illinois,Peoria,4893,78,0,40.78702156,-89.76078901,17143.0,2730.788764308317,1.5941140404659715,4815,4830,77,0,4753,4748,180621,63,1,0,62,82
2020-10-30,US,Illinois,Perry,485,16,0,38.08510853,-89.36856219,17145.0,2318.7990055459936,3.2989690721649483,469,478,16,0,462,465,21174,7,0,0,7,13
2020-10-30,US,Illinois,Piatt,282,2,0,40.01360584,-88.59319339,17147.0,1725.4038179148306,0.7092198581560284,280,273,1,0,272,265,16396,9,1,0,8,8
2020-10-30,US,Illinois,Pike,423,7,0,39.62265059,-90.8877017,17149.0,2718.334297281666,1.6548463356973997,416,406,7,0,399,388,15611,17,0,0,17,18
2020-10-30,US,Illinois,Pope,44,1,0,37.41391284,-88.56152109,17151.0,1053.3875987550873,2.272727272727273,43,43,1,0,42,42,4212,1,0,0,1,1
2020-10-30,US,Illinois,Pulaski,246,1,0,37.22631423,-89.13085001,17153.0,4611.059044048735,0.4065040650406504,245,246,1,0,245,245,5463,0,0,0,0,1
2020-10-30,US,Illinois,Putnam,101,0,0,41.2013541,-89.2869272,17155.0,1759.888482313992,0.0,101,98,0,0,98,98,5740,3,0,0,3,0
2020-10-30,US,Illinois,Randolph,1358,15,0,38.05095369,-89.82512254,17157.0,4272.858850921905,1.1045655375552283,1343,1338,15,0,1323,1314,32106,20,0,0,20,24
2020-10-30,US,Illinois,Richland,347,18,0,38.71240969,-88.08475366,17159.0,2236.8336234126223,5.187319884726224,329,342,18,0,324,342,15763,5,0,0,5,0
2020-10-30,US,Illinois,Rock Island,4349,95,0,41.46613806,-90.57042164,17161.0,3065.2880271217023,2.184410209243504,4254,4263,95,0,4168,4173,143477,86,0,0,86,90
2020-10-30,US,Illinois,Saline,637,11,0,37.75332999,-88.54119706,17165.0,2711.676812396237,1.7268445839874411,626,613,9,0,604,596,23906,24,2,0,22,17
2020-10-30,US,Illinois,Sangamon,4450,64,0,39.75836914,-89.65872023,17167.0,2285.896276814333,1.4382022471910112,4386,4322,64,0,4258,4248,195348,128,0,0,128,74
2020-10-30,US,Illinois,Schuyler,101,1,0,40.157179799999994,-90.61114163,17169.0,1492.3167848699766,0.99009900990099,100,98,1,0,97,93,6907,3,0,0,3,5
2020-10-30,US,Illinois,Scott,116,0,0,39.642916899999996,-90.47814431,17171.0,2342.961017976166,0.0,116,112,0,0,112,109,4926,4,0,0,4,3
2020-10-30,US,Illinois,Shelby,746,12,0,39.39133527,-88.80611122,17173.0,3448.2758620689656,1.6085790884718498,734,732,12,0,720,715,21741,14,0,0,14,17
2020-10-30,US,Illinois,St. Clair,8247,224,0,38.46996033,-89.93063427,17163.0,3175.758415933089,2.716139202134109,8023,8173,223,0,7950,8096,261059,74,1,0,73,77
2020-10-30,US,Illinois,Stark,96,3,0,41.09309773,-89.79745866,17175.0,1797.0797454137028,3.125,93,94,3,0,91,92,5427,2,0,0,2,2
2020-10-30,US,Illinois,Stephenson,1182,9,0,42.35129217,-89.662598,17177.0,2656.299159512787,0.7614213197969543,1173,1129,9,0,1120,1075,44753,53,0,0,53,54
2020-10-30,US,Illinois,Tazewell,2905,59,0,40.50716185,-89.51404662,17179.0,2204.046948855489,2.0309810671256456,2846,2853,58,0,2795,2809,132328,52,1,0,51,44
2020-10-30,US,Illinois,Unassigned,6324,283,0,0.0,0.0,90017.0,0.0,4.475015812776723,6041,4770,270,0,4500,4786,,1554,13,0,1541,-16
2020-10-30,US,Illinois,Union,810,25,0,37.47119609,-89.25548938,17181.0,4863.988470545848,3.08641975308642,785,802,25,0,777,799,16841,8,0,0,8,3
2020-10-30,US,Illinois,Vermilion,1893,11,0,40.18417171,-87.73384359,17183.0,2498.746007022361,0.5810882197569994,1882,1830,11,0,1819,1810,76806,63,0,0,63,20
2020-10-30,US,Illinois,Wabash,256,6,0,38.44272901,-87.84922065,17185.0,2222.222222222222,2.34375,250,243,6,0,237,241,11549,13,0,0,13,2
2020-10-30,US,Illinois,Warren,561,9,0,40.84925021,-90.6147432,17187.0,3330.562811683685,1.60427807486631,552,541,9,0,532,529,17032,20,0,0,20,12
2020-10-30,US,Illinois,Washington,339,2,0,38.35309213,-89.40982703,17189.0,2441.1319939511773,0.5899705014749262,337,332,2,0,330,327,13995,7,0,0,7,5
2020-10-30,US,Illinois,Wayne,532,17,0,38.42955355,-88.42586459,17191.0,3280.9127351218012,3.1954887218045114,515,519,15,0,504,509,16332,13,2,0,11,10
2020-10-30,US,Illinois,White,289,5,0,38.08706198,-88.17657461,17193.0,2134.889561941346,1.7301038062283738,284,279,4,0,275,274,13665,10,1,0,9,5
2020-10-30,US,Illinois,Whiteside,1691,30,0,41.75509713,-89.91556058,17195.0,3064.7938377888536,1.7740981667652276,1661,1646,30,0,1616,1584,55626,45,0,0,45,62
2020-10-30,US,Illinois,Will,19946,439,0,41.44619267,-87.97862712,17197.0,2887.615220132524,2.2009425448711517,19507,19516,434,0,19082,19141,692310,430,5,0,425,375
2020-10-30,US,Illinois,Williamson,2016,61,0,37.73033511,-88.92994027,17199.0,3027.1633857380957,3.0257936507936507,1955,1979,61,0,1918,1938,67056,37,0,0,37,41
2020-10-30,US,Illinois,Winnebago,11084,186,0,42.33641854,-89.16085327,17201.0,3922.540095975539,1.6780945507037168,10898,10930,185,0,10745,10703,284081,154,1,0,153,227
2020-10-30,US,Illinois,Woodford,723,15,0,40.78579374,-89.20973757,17203.0,1879.9240749889493,2.074688796680498,708,692,15,0,677,676,38463,31,0,0,31,16
2020-10-30,US,Indiana,Adams,651,8,0,40.7457653,-84.93671406,18001.0,1819.6047740168265,1.228878648233487,643,633,7,0,626,617,35636,18,1,0,17,16
2020-10-30,US,Indiana,Allen,9275,235,0,41.09194313,-85.06800636,18003.0,2445.300409439519,2.5336927223719683,9040,9123,235,0,8888,8886,375351,152,0,0,152,237
2020-10-30,US,Indiana,Bartholomew,1553,59,0,39.20744865,-85.89558181,18005.0,1853.686484679932,3.7990985189954927,1494,1532,59,0,1473,1507,82753,21,0,0,21,25
2020-10-30,US,Indiana,Benton,120,0,0,40.60626947,-87.31093999,18007.0,1371.7421124828531,0.0,120,116,0,0,116,113,8653,4,0,0,4,3
2020-10-30,US,Indiana,Blackford,276,6,0,40.47388153,-85.32499702,18009.0,2347.3379826501105,2.1739130434782608,270,255,5,0,250,252,11930,21,1,0,20,3
2020-10-30,US,Indiana,Boone,1378,50,0,40.0509304,-86.46841646,18011.0,2031.16017864776,3.62844702467344,1328,1348,50,0,1298,1325,66999,30,0,0,30,23
2020-10-30,US,Indiana,Brown,156,3,0,39.19605589,-86.22868909,18013.0,1033.6602173336867,1.9230769230769231,153,152,3,0,149,152,15234,4,0,0,4,0
2020-10-30,US,Indiana,Carroll,370,13,0,40.580783200000006,-86.56198812,18015.0,1826.5291010514886,3.5135135135135136,357,364,13,0,351,352,20127,6,0,0,6,12
2020-10-30,US,Indiana,Cass,2374,26,0,40.76135835,-86.34830753,18017.0,6298.920109315715,1.0951979780960404,2348,2344,26,0,2318,2327,37955,30,0,0,30,17
2020-10-30,US,Indiana,Clark,3224,67,0,38.48015445,-85.70510334,18019.0,2725.2286520937937,2.0781637717121586,3157,3188,65,0,3123,3129,117360,36,2,0,34,59
2020-10-30,US,Indiana,Clay,513,7,0,39.39561833,-87.11723506,18021.0,1956.1487130600567,1.364522417153996,506,492,7,0,485,475,26170,21,0,0,21,17
2020-10-30,US,Indiana,Clinton,1008,16,0,40.30319754,-86.47277257,18023.0,3111.2071360227173,1.5873015873015872,992,978,16,0,962,952,32250,30,0,0,30,26
2020-10-30,US,Indiana,Crawford,175,1,0,38.28814402,-86.44518825,18025.0,1654.5334215751159,0.5714285714285714,174,169,1,0,168,166,10558,6,0,0,6,3
2020-10-30,US,Indiana,Daviess,973,36,0,38.70186039,-87.07185406,18027.0,2917.453749512759,3.6998972250770814,937,960,36,0,924,941,33147,13,0,0,13,19
2020-10-30,US,Indiana,DeKalb,867,13,0,41.39804622,-84.99906934,18033.0,1994.2495687176536,1.4994232987312572,854,824,13,0,811,800,43226,43,0,0,43,24
2020-10-30,US,Indiana,Dearborn,1110,28,0,39.14647946,-84.97333539,18029.0,2244.328521169477,2.5225225225225225,1082,1097,28,0,1069,1058,49568,13,0,0,13,39
2020-10-30,US,Indiana,Decatur,583,39,0,39.30712658,-85.50087166,18031.0,2195.1127677999925,6.689536878216122,544,562,39,0,523,547,26794,21,0,0,21,15
2020-10-30,US,Indiana,Delaware,3320,81,0,40.22787247,-85.39732772,18035.0,2908.8360275112805,2.4397590361445785,3239,3263,78,0,3185,3185,114772,57,3,0,54,78
2020-10-30,US,Indiana,Dubois,1588,27,0,38.36597551,-86.87924170000002,18037.0,3715.8367652564575,1.7002518891687657,1561,1557,27,0,1530,1535,42565,31,0,0,31,22
2020-10-30,US,Indiana,Elkhart,9964,148,0,41.59761169,-85.85875695,18039.0,4828.899733935573,1.4853472501003613,9816,9783,146,0,9637,9549,205560,181,2,0,179,234
2020-10-30,US,Indiana,Fayette,875,22,0,39.63684962,-85.17797541,18041.0,3787.5508613972816,2.5142857142857142,853,849,22,0,827,810,23047,26,0,0,26,39
2020-10-30,US,Indiana,Floyd,1962,69,0,38.32117957,-85.90385377,18043.0,2498.662795140216,3.516819571865444,1893,1933,69,0,1864,1905,77781,29,0,0,29,28
2020-10-30,US,Indiana,Fountain,362,3,0,40.12361933,-87.24217689,18045.0,2214.609078673682,0.8287292817679558,359,364,3,0,361,356,16351,-2,0,0,-2,8
2020-10-30,US,Indiana,Franklin,406,26,0,39.4142482,-85.06062647,18047.0,1783.9880481588891,6.403940886699507,380,396,25,0,371,388,22736,10,1,0,9,8
2020-10-30,US,Indiana,Fulton,425,10,0,41.0469907,-86.26252745,18049.0,2127.7660959247023,2.3529411764705883,415,415,9,0,406,411,20092,10,1,0,9,4
2020-10-30,US,Indiana,Gibson,996,12,0,38.30393723,-87.58054938,18051.0,2959.0896936926233,1.2048192771084338,984,982,12,0,970,967,33452,14,0,0,14,15
2020-10-30,US,Indiana,Grant,1453,40,0,40.51587228,-85.65468702,18053.0,2209.247517827548,2.752924982794219,1413,1412,40,0,1372,1381,65936,41,0,0,41,31
2020-10-30,US,Indiana,Greene,611,38,0,39.03630547,-86.96223202,18055.0,1914.040473654533,6.2193126022913265,573,608,38,0,570,594,32006,3,0,0,3,14
2020-10-30,US,Indiana,Hamilton,6799,122,0,40.07306535,-86.05244729,18057.0,2011.472999399428,1.7943815266951022,6677,6697,120,0,6577,6541,330086,102,2,0,100,156
2020-10-30,US,Indiana,Hancock,1324,44,0,39.82304555,-85.77566351,18059.0,1693.7877392283287,3.323262839879154,1280,1302,44,0,1258,1271,76351,22,0,0,22,31
2020-10-30,US,Indiana,Harrison,859,24,0,38.19467379,-86.10948271,18061.0,2120.2023941749967,2.7939464493597206,835,835,24,0,811,824,40350,24,0,0,24,11
2020-10-30,US,Indiana,Hendricks,3599,139,0,39.76719009,-86.51037283,18063.0,2113.1929235340053,3.8621839399833284,3460,3532,139,0,3393,3472,167009,67,0,0,67,60
2020-10-30,US,Indiana,Henry,1438,30,0,39.93029017,-85.39625719,18065.0,2997.581922788293,2.086230876216968,1408,1405,30,0,1375,1377,48271,33,0,0,33,28
2020-10-30,US,Indiana,Howard,1784,67,0,40.48527731,-86.11351892,18067.0,2161.271564256639,3.75560538116592,1717,1762,67,0,1695,1725,82366,22,0,0,22,37
2020-10-30,US,Indiana,Huntington,513,5,0,40.82907273,-85.48822092,18069.0,1404.709748083242,0.9746588693957114,508,498,5,0,493,472,36240,15,0,0,15,26
2020-10-30,US,Indiana,Jackson,1269,20,0,38.90915820000001,-86.03851889,18071.0,2869.028509416473,1.5760441292356189,1249,1254,20,0,1234,1233,44111,15,0,0,15,21
2020-10-30,US,Indiana,Jasper,766,5,0,41.02078733,-87.11553319,18073.0,2282.34312615458,0.6527415143603134,761,739,5,0,734,723,33370,27,0,0,27,16
2020-10-30,US,Indiana,Jay,399,6,0,40.43781032,-85.00576229,18075.0,1952.4368761009985,1.5037593984962403,393,381,6,0,375,351,20764,18,0,0,18,30
2020-10-30,US,Indiana,Jefferson,423,5,0,38.78576239,-85.43633383,18077.0,1309.273245016714,1.182033096926714,418,416,5,0,411,409,32208,7,0,0,7,7
2020-10-30,US,Indiana,Jennings,409,13,0,38.99588883,-85.62710784,18079.0,1474.6709933297275,3.1784841075794623,396,402,13,0,389,396,27611,7,0,0,7,6
2020-10-30,US,Indiana,Johnson,3506,133,0,39.48994426,-86.10149107,18081.0,2216.644432783071,3.7934968625213923,3373,3438,132,0,3306,3352,156225,68,1,0,67,86
2020-10-30,US,Indiana,Knox,910,10,0,38.68861576,-87.4194665,18083.0,2486.7464611684977,1.0989010989010992,900,892,10,0,882,861,36895,18,0,0,18,31
2020-10-30,US,Indiana,Kosciusko,2235,29,0,41.24521668,-85.86312322,18085.0,2812.8775674587187,1.2975391498881432,2206,2195,29,0,2166,2147,79344,40,0,0,40,48
2020-10-30,US,Indiana,LaGrange,861,15,0,41.64232188,-85.42674232,18087.0,2173.474024334831,1.7421602787456445,846,851,15,0,836,831,39330,10,0,0,10,20
2020-10-30,US,Indiana,LaPorte,2562,67,0,41.54366008,-86.74072188,18091.0,2331.464764123471,2.6151444184231067,2495,2488,67,0,2421,2441,110007,74,0,0,74,47
2020-10-30,US,Indiana,Lake,15351,372,0,41.41874274,-87.38277575,18089.0,3161.94054291205,2.4232948993550907,14979,15074,371,0,14703,14804,484411,277,1,0,276,270
2020-10-30,US,Indiana,Lawrence,1062,38,0,38.84112637,-86.48361629,18093.0,2340.753802071853,3.5781544256120528,1024,1042,38,0,1004,1022,45668,20,0,0,20,20
2020-10-30,US,Indiana,Madison,2758,99,0,40.16143691,-85.71964711,18095.0,2128.5955745587294,3.5895576504713564,2659,2703,98,0,2605,2607,129641,55,1,0,54,96
2020-10-30,US,Indiana,Marion,27107,796,0,39.78163624,-86.13826325,18097.0,2810.23282623976,2.9365108643523814,26311,26807,796,0,26011,26448,954670,300,0,0,300,359
2020-10-30,US,Indiana,Marshall,1578,30,0,41.32467367,-86.26185087,18099.0,3411.3018288728435,1.9011406844106464,1548,1549,30,0,1519,1528,46248,29,0,0,29,21
2020-10-30,US,Indiana,Martin,210,0,0,38.7099921,-86.80373186,18101.0,2047.7815699658704,0.0,210,207,0,0,207,205,10217,3,0,0,3,2
2020-10-30,US,Indiana,Miami,735,5,0,40.76940965,-86.04525048,18103.0,2069.4898074107446,0.6802721088435374,730,720,5,0,715,698,35567,15,0,0,15,22
2020-10-30,US,Indiana,Monroe,3515,38,0,39.16130004,-86.52414358,18105.0,2368.103698014566,1.0810810810810811,3477,3450,38,0,3412,3426,146917,65,0,0,65,24
2020-10-30,US,Indiana,Montgomery,694,22,0,40.04034823,-86.89335024,18107.0,1810.2144086806825,3.1700288184438037,672,666,22,0,644,653,38346,28,0,0,28,13
2020-10-30,US,Indiana,Morgan,1060,40,0,39.47899078,-86.44573375,18109.0,1503.7807317453787,3.7735849056603774,1020,1030,40,0,990,1009,70116,30,0,0,30,21
2020-10-30,US,Indiana,Newton,252,11,0,40.95610449,-87.39635768,18111.0,1802.0594965675052,4.365079365079366,241,244,11,0,233,241,14011,8,0,0,8,3
2020-10-30,US,Indiana,Noble,1311,35,0,41.39672484,-85.41966713,18113.0,2745.8947721179625,2.669717772692601,1276,1293,35,0,1258,1273,47532,18,0,0,18,20
2020-10-30,US,Indiana,Ohio,147,7,0,38.955304999999996,-84.96515993,18115.0,2502.127659574468,4.761904761904762,140,145,7,0,138,137,5844,2,0,0,2,8
2020-10-30,US,Indiana,Orange,441,25,0,38.54118920000001,-86.49523093,18117.0,2244.731752010588,5.6689342403628125,416,436,25,0,411,432,19489,5,0,0,5,4
2020-10-30,US,Indiana,Owen,229,1,0,39.31145587,-86.83900724,18119.0,1101.014471849608,0.4366812227074236,228,225,1,0,224,221,20845,4,0,0,4,4
2020-10-30,US,Indiana,Parke,275,4,0,39.77202286,-87.20375833,18121.0,1623.6641672078879,1.4545454545454546,271,272,4,0,268,264,16927,3,0,0,3,8
2020-10-30,US,Indiana,Perry,441,14,0,38.07809328,-86.63741946,18123.0,2300.589493452971,3.1746031746031744,427,421,14,0,407,404,19102,20,0,0,20,17
2020-10-30,US,Indiana,Pike,376,18,0,38.40112197,-87.23574907,18125.0,3034.9503591896037,4.787234042553191,358,370,18,0,352,367,12410,6,0,0,6,3
2020-10-30,US,Indiana,Porter,3797,53,0,41.45986947,-87.06848888,18127.0,2228.4302390412527,1.3958388201211482,3744,3723,51,0,3672,3614,169594,74,2,0,72,109
2020-10-30,US,Indiana,Posey,813,8,0,38.02097333,-87.86480429,18129.0,3197.388602666457,0.9840098400984009,805,805,8,0,797,783,25540,8,0,0,8,22
2020-10-30,US,Indiana,Pulaski,188,4,0,41.04166107,-86.69890683,18131.0,1521.8975147737397,2.127659574468085,184,187,4,0,183,181,12469,1,0,0,1,6
2020-10-30,US,Indiana,Putnam,817,17,0,39.66437981,-86.84517605,18133.0,2174.260166063445,2.08078335373317,800,800,17,0,783,788,37779,17,0,0,17,12
2020-10-30,US,Indiana,Randolph,488,11,0,40.15734772,-85.01139319,18135.0,1978.5120616257846,2.2540983606557377,477,439,11,0,428,427,24851,49,0,0,49,12
2020-10-30,US,Indiana,Ripley,533,8,0,39.10235626,-85.26212744,18137.0,1881.7963564468296,1.50093808630394,525,517,8,0,509,501,28523,16,0,0,16,16
2020-10-30,US,Indiana,Rush,296,4,0,39.62002287,-85.4655599,18139.0,1785.1758036306617,1.351351351351351,292,273,4,0,269,265,16663,23,0,0,23,8
2020-10-30,US,Indiana,Scott,587,16,0,38.68672078,-85.74627859,18143.0,2458.8447199765424,2.7257240204429305,571,579,16,0,563,569,23878,8,0,0,8,10
2020-10-30,US,Indiana,Shelby,979,37,0,39.52305623,-85.79158570000001,18145.0,2188.7366138299535,3.7793667007150153,942,957,37,0,920,945,44593,22,0,0,22,12
2020-10-30,US,Indiana,Spencer,446,6,0,38.01519732,-87.0079644,18147.0,2199.536420575036,1.345291479820628,440,443,6,0,437,433,20327,3,0,0,3,10
2020-10-30,US,Indiana,St. Joseph,10252,178,0,41.61756781,-86.29040834,18141.0,3771.5303171882015,1.7362465860319938,10074,10092,174,0,9918,9866,270771,160,4,0,156,226
2020-10-30,US,Indiana,Starke,502,9,0,41.27890281,-86.64686895,18149.0,2183.08327897369,1.792828685258964,493,492,9,0,483,473,22935,10,0,0,10,19
2020-10-30,US,Indiana,Steuben,718,9,0,41.64423868,-85.00101094,18151.0,2075.5044227322655,1.2534818941504178,709,705,9,0,696,684,34586,13,0,0,13,21
2020-10-30,US,Indiana,Sullivan,491,14,0,39.08952258,-87.41414469,18153.0,2375.5382456819393,2.8513238289205702,477,481,14,0,467,474,20690,10,0,0,10,7
2020-10-30,US,Indiana,Switzerland,108,0,0,38.82767338,-85.03022429,18155.0,1004.5577155613432,0.0,108,107,0,0,107,103,10717,1,0,0,1,4
2020-10-30,US,Indiana,Tippecanoe,4365,16,0,40.38872739,-86.89413959,18157.0,2230.0901232297224,0.3665521191294387,4349,4246,16,0,4230,4098,193048,119,0,0,119,148
2020-10-30,US,Indiana,Tipton,298,23,0,40.31123252,-86.05234925,18159.0,1967.2564034856089,7.718120805369128,275,294,23,0,271,286,15128,4,0,0,4,8
2020-10-30,US,Indiana,Unassigned,0,236,0,0.0,0.0,90018.0,0.0,0.0,-236,0,236,0,-236,0,,0,0,0,0,0
2020-10-30,US,Indiana,Union,130,0,0,39.62550777,-84.92497066,18161.0,1842.925999432946,0.0,130,128,0,0,128,124,7037,2,0,0,2,4
2020-10-30,US,Indiana,Vanderburgh,6484,73,0,38.02658833,-87.58763124,18163.0,3573.4165146513383,1.1258482418260334,6411,6405,72,0,6333,6269,180974,79,1,0,78,136
2020-10-30,US,Indiana,Vermillion,295,1,0,39.8523352,-87.46160542,18165.0,1903.4714156665373,0.3389830508474576,294,291,1,0,290,287,15479,4,0,0,4,4
2020-10-30,US,Indiana,Vigo,2969,43,0,39.42944561,-87.39169027,18167.0,2773.7812739400956,1.4482990906028963,2926,2930,42,0,2888,2883,107386,39,1,0,38,47
2020-10-30,US,Indiana,Wabash,526,10,0,40.84704239,-85.79328272,18169.0,1696.9931604077944,1.9011406844106464,516,507,9,0,498,489,31280,19,1,0,18,18
2020-10-30,US,Indiana,Warren,108,1,0,40.34728141,-87.35602659,18171.0,1306.7150635208714,0.925925925925926,107,102,1,0,101,102,8263,6,0,0,6,0
2020-10-30,US,Indiana,Warrick,2140,66,0,38.08922676,-87.2716085,18173.0,3396.9332359757454,3.0841121495327104,2074,2121,66,0,2055,2089,62567,19,0,0,19,32
2020-10-30,US,Indiana,Washington,422,3,0,38.60219804,-86.1049363,18175.0,1505.2075902411184,0.7109004739336493,419,414,3,0,411,398,27943,8,0,0,8,16
2020-10-30,US,Indiana,Wayne,1656,34,0,39.863344399999995,-85.01044989,18177.0,2513.508590856657,2.0531400966183573,1622,1569,33,0,1536,1498,65936,87,1,0,86,71
2020-10-30,US,Indiana,Wells,517,12,0,40.72934187,-85.22132966,18179.0,1827.1133729148999,2.3210831721470018,505,504,12,0,492,490,28206,13,0,0,13,14
2020-10-30,US,Indiana,White,670,16,0,40.74911165,-86.86492015,18181.0,2779.852294415401,2.388059701492537,654,658,16,0,642,640,24133,12,0,0,12,18
2020-10-30,US,Indiana,Whitley,532,6,0,41.13863784,-85.50791236,18183.0,1566.3643858202804,1.1278195488721805,526,521,6,0,515,508,34074,11,0,0,11,13
2020-10-30,US,Iowa,Adair,204,1,0,41.33075609,-94.47105874,19001.0,2852.348993288591,0.4901960784313725,203,197,1,0,196,191,7063,7,0,0,7,6
2020-10-30,US,Iowa,Adams,84,1,0,41.02903567,-94.69932645,19003.0,2332.037756801777,1.1904761904761905,83,84,1,0,83,84,3645,0,0,0,0,0
2020-10-30,US,Iowa,Allamakee,418,9,0,43.28383218,-91.37860922,19005.0,3053.992839921093,2.15311004784689,409,399,9,0,390,387,13832,19,0,0,19,12
2020-10-30,US,Iowa,Appanoose,258,3,0,40.74324454,-92.86865906,19007.0,2076.2916465475614,1.162790697674419,255,250,3,0,247,234,12437,8,0,0,8,16
2020-10-30,US,Iowa,Audubon,183,1,0,41.6844628,-94.90581859,19009.0,3329.694323144105,0.5464480874316939,182,160,1,0,159,156,5506,23,0,0,23,4
2020-10-30,US,Iowa,Benton,678,2,0,42.08011739,-92.06463573,19011.0,2643.7902125170604,0.2949852507374631,676,648,2,0,646,622,25642,30,0,0,30,26
2020-10-30,US,Iowa,Black Hawk,6154,102,0,42.4704581,-92.30524729,19013.0,4689.547962325114,1.6574585635359116,6052,5974,102,0,5872,5862,132408,180,0,0,180,112
2020-10-30,US,Iowa,Boone,765,9,0,42.03657094,-93.9313999,19015.0,2916.0631241899823,1.1764705882352942,756,750,9,0,741,736,26346,15,0,0,15,14
2020-10-30,US,Iowa,Bremer,745,9,0,42.77461496,-92.31795937,19017.0,2972.6278828505306,1.2080536912751678,736,719,9,0,710,702,24947,26,0,0,26,17
2020-10-30,US,Iowa,Buchanan,515,5,0,42.4709188,-91.83510825,19019.0,2432.1133412042504,0.9708737864077671,510,487,5,0,482,475,21199,28,0,0,28,12
2020-10-30,US,Iowa,Buena Vista,2318,12,0,42.73545875,-95.15100162,19021.0,11814.475025484198,0.5176876617773943,2306,2302,12,0,2290,2279,19874,16,0,0,16,23
2020-10-30,US,Iowa,Butler,416,3,0,42.73172833,-92.79015971,19023.0,2881.085947780317,0.7211538461538461,413,408,3,0,405,396,14539,8,0,0,8,12
2020-10-30,US,Iowa,Calhoun,337,4,0,42.38521079,-94.64046046,19025.0,3485.7261067438976,1.1869436201780414,333,326,4,0,322,323,9699,11,0,0,11,3
2020-10-30,US,Iowa,Carroll,1231,13,0,42.03617207,-94.86032705,19027.0,6104.6367468385815,1.0560519902518275,1218,1204,13,0,1191,1189,20154,27,0,0,27,15
2020-10-30,US,Iowa,Cass,456,3,0,41.33149454,-94.92792482,19029.0,3552.508569647865,0.6578947368421053,453,423,3,0,420,412,12930,33,0,0,33,11
2020-10-30,US,Iowa,Cedar,521,7,0,41.77233777,-91.13246684,19031.0,2797.0150856283894,1.343570057581574,514,508,7,0,501,494,18627,13,0,0,13,14
2020-10-30,US,Iowa,Cerro Gordo,1545,27,0,43.08177563,-93.2612239,19033.0,3639.575971731449,1.7475728155339805,1518,1502,27,0,1475,1461,42647,43,0,0,43,41
2020-10-30,US,Iowa,Cherokee,434,2,0,42.73538914,-95.62389402,19035.0,3862.9283489096574,0.4608294930875576,432,412,2,0,410,411,11321,22,0,0,22,1
2020-10-30,US,Iowa,Chickasaw,382,1,0,43.06001295,-92.31773347,19037.0,3201.206737618369,0.2617801047120419,381,373,1,0,372,369,11964,9,0,0,9,4
2020-10-30,US,Iowa,Clarke,363,3,0,41.02868181,-93.78499767,19039.0,3863.757317722193,0.8264462809917356,360,357,3,0,354,357,9423,6,0,0,6,0
2020-10-30,US,Iowa,Clay,568,4,0,43.08247182,-95.15096481,19041.0,3546.4535464535466,0.7042253521126759,564,557,4,0,553,547,16134,11,0,0,11,10
2020-10-30,US,Iowa,Clayton,526,3,0,42.84443388,-91.34133693,19043.0,2997.321784717078,0.5703422053231939,523,492,3,0,489,461,17556,34,0,0,34,31
2020-10-30,US,Iowa,Clinton,1590,28,0,41.89981633,-90.53275096,19045.0,3424.5837730728636,1.7610062893081762,1562,1562,28,0,1534,1516,46518,28,0,0,28,46
2020-10-30,US,Iowa,Crawford,1400,15,0,42.03718237,-95.3819718,19047.0,8323.424494649227,1.0714285714285714,1385,1387,14,0,1373,1370,17158,13,1,0,12,17
2020-10-30,US,Iowa,Dallas,3640,47,0,41.68560356,-94.04127625,19049.0,3895.006045819824,1.2912087912087913,3593,3573,47,0,3526,3525,90180,67,0,0,67,48
2020-10-30,US,Iowa,Davis,195,4,0,40.74773536,-92.41005468,19051.0,2166.6666666666665,2.051282051282051,191,188,4,0,184,185,9017,7,0,0,7,3
2020-10-30,US,Iowa,Decatur,170,0,0,40.73742757,-93.78645949,19053.0,2160.1016518424394,0.0,170,162,0,0,162,160,7890,8,0,0,8,2
2020-10-30,US,Iowa,Delaware,843,14,0,42.47104597,-91.3664492,19055.0,4955.616953735818,1.6607354685646498,829,827,13,0,814,817,17069,16,1,0,15,10
2020-10-30,US,Iowa,Des Moines,1539,11,0,40.92012606,-91.18326592,19057.0,3949.4957271537455,0.7147498375568551,1528,1516,11,0,1505,1473,39138,23,0,0,23,43
2020-10-30,US,Iowa,Dickinson,815,9,0,43.37787725,-95.1510206,19059.0,4722.447560551628,1.1042944785276074,806,793,9,0,784,776,17153,22,0,0,22,17
2020-10-30,US,Iowa,Dubuque,5639,59,0,42.46815349,-90.88181925,19061.0,5794.822784680046,1.046284802269906,5580,5506,58,0,5448,5383,96854,133,1,0,132,123
2020-10-30,US,Iowa,Emmet,462,21,0,43.37782951,-94.67858943,19063.0,5017.376194613379,4.545454545454546,441,453,21,0,432,446,9253,9,0,0,9,7
2020-10-30,US,Iowa,Fayette,422,4,0,42.86271799,-91.84412309999999,19065.0,2147.5826972010173,0.9478672985781992,418,406,4,0,402,392,19660,16,0,0,16,14
2020-10-30,US,Iowa,Floyd,472,11,0,43.06000529999999,-92.78940097,19067.0,3017.5169415675746,2.3305084745762707,461,462,11,0,451,452,15761,10,0,0,10,10
2020-10-30,US,Iowa,Franklin,401,18,0,42.73270384,-93.26256925,19069.0,3982.1251241310815,4.488778054862842,383,395,18,0,377,393,10124,6,0,0,6,2
2020-10-30,US,Iowa,Fremont,217,2,0,40.74542720000001,-95.60129045,19071.0,3117.816091954023,0.9216589861751152,215,215,2,0,213,212,6993,2,0,0,2,3
2020-10-30,US,Iowa,Greene,199,0,0,42.03614551,-94.39658081,19073.0,2238.9738973897392,0.0,199,193,0,0,193,189,8981,6,0,0,6,4
2020-10-30,US,Iowa,Grundy,352,6,0,42.40183723,-92.78829551,19075.0,2877.697841726619,1.7045454545454546,346,340,6,0,334,332,12304,12,0,0,12,8
2020-10-30,US,Iowa,Guthrie,421,15,0,41.68378965,-94.50111014,19077.0,3938.6284965852747,3.5629453681710213,406,420,15,0,405,413,10720,1,0,0,1,7
2020-10-30,US,Iowa,Hamilton,494,5,0,42.38382428,-93.70197703,19079.0,3343.9382657550927,1.0121457489878545,489,482,5,0,477,479,14952,12,0,0,12,3
2020-10-30,US,Iowa,Hancock,379,6,0,43.08178477,-93.73454884,19081.0,3565.380997177799,1.5831134564643798,373,367,6,0,361,339,10712,12,0,0,12,28
2020-10-30,US,Iowa,Hardin,518,7,0,42.38353877,-93.23654611,19083.0,3074.9139261545765,1.351351351351351,511,501,7,0,494,488,16868,17,0,0,17,13
2020-10-30,US,Iowa,Harrison,712,17,0,41.68330137,-95.81558439,19085.0,5067.976368424799,2.3876404494382024,695,697,16,0,681,684,14134,15,1,0,14,13
2020-10-30,US,Iowa,Henry,1149,5,0,40.98767962,-91.54436349,19087.0,5758.243961110556,0.4351610095735422,1144,1124,5,0,1119,1095,20067,25,0,0,25,29
2020-10-30,US,Iowa,Howard,288,9,0,43.35671042,-92.31702714,19089.0,3144.79143917886,3.125,279,287,9,0,278,281,9187,1,0,0,1,6
2020-10-30,US,Iowa,Humboldt,383,3,0,42.7764426,-94.20722537,19091.0,4007.11445909186,0.783289817232376,380,359,3,0,356,350,9547,24,0,0,24,9
2020-10-30,US,Iowa,Ida,231,2,0,42.38696136,-95.51355387,19093.0,3367.3469387755104,0.8658008658008658,229,212,2,0,210,208,6841,19,0,0,19,4
2020-10-30,US,Iowa,Iowa,456,10,0,41.68630265,-92.0643373,19095.0,2817.5976272862085,2.1929824561403506,446,442,9,0,433,429,16141,14,1,0,13,13
2020-10-30,US,Iowa,Jackson,719,3,0,42.17178824,-90.57354837,19097.0,3698.749935696281,0.4172461752433936,716,685,3,0,682,662,19432,34,0,0,34,23
2020-10-30,US,Iowa,Jasper,1240,34,0,41.68576082,-93.05567785,19099.0,3334.6779615436326,2.7419354838709675,1206,1197,34,0,1163,1150,37147,43,0,0,43,47
2020-10-30,US,Iowa,Jefferson,267,1,0,41.03192394,-91.94849466,19101.0,1459.4151407488384,0.3745318352059925,266,259,1,0,258,247,18381,8,0,0,8,12
2020-10-30,US,Iowa,Johnson,6107,31,0,41.67169354,-91.58754744,19103.0,4040.624586476115,0.5076142131979695,6076,6024,31,0,5993,5965,151260,83,0,0,83,59
2020-10-30,US,Iowa,Jones,537,4,0,42.12118609,-91.13139641,19105.0,2596.5862385764717,0.74487895716946,533,500,4,0,496,470,20744,37,0,0,37,30
2020-10-30,US,Iowa,Keokuk,190,1,0,41.33649833,-92.1785067,19107.0,1854.3821979309,0.5263157894736842,189,173,1,0,172,171,10225,17,0,0,17,2
2020-10-30,US,Iowa,Kossuth,502,0,0,43.20405458,-94.20691791,19109.0,3388.9151421049078,0.0,502,497,0,0,497,485,14908,5,0,0,5,12
2020-10-30,US,Iowa,Lee,1034,12,0,40.64181461,-91.48183025,19111.0,3072.1692367115306,1.1605415860735009,1022,1013,12,0,1001,983,34055,21,0,0,21,30
2020-10-30,US,Iowa,Linn,6256,134,0,42.07923082,-91.59809485,19113.0,2759.5211419194898,2.1419437340153453,6122,6038,133,0,5905,5823,225909,218,1,0,217,215
2020-10-30,US,Iowa,Louisa,549,15,0,41.21842119,-91.26102611,19115.0,4975.0792931581345,2.7322404371584703,534,544,15,0,529,534,11169,5,0,0,5,10
2020-10-30,US,Iowa,Lucas,214,6,0,41.02958964,-93.32780803,19117.0,2488.3720930232557,2.803738317757009,208,213,6,0,207,210,8645,1,0,0,1,3
2020-10-30,US,Iowa,Lyon,586,8,0,43.38107862,-96.20926845,19119.0,4985.112717992343,1.3651877133105803,578,568,8,0,560,559,11811,18,0,0,18,9
2020-10-30,US,Iowa,Madison,378,3,0,41.33081904,-94.01554631,19121.0,2313.624678663239,0.7936507936507936,375,374,3,0,371,371,16249,4,0,0,4,3
2020-10-30,US,Iowa,Mahaska,751,25,0,41.33521503,-92.64083907,19123.0,3398.959040506902,3.3288948069241013,726,738,24,0,714,728,22000,13,1,0,12,10
2020-10-30,US,Iowa,Marion,1092,11,0,41.33445101,-93.09934783,19125.0,3283.9142333022583,1.0073260073260073,1081,1068,11,0,1057,1048,33407,24,0,0,24,20
2020-10-30,US,Iowa,Marshall,2171,36,0,42.03586837,-92.99908190000001,19127.0,5514.4910970560595,1.6582220175034543,2135,2122,36,0,2086,2090,39981,49,0,0,49,32
2020-10-30,US,Iowa,Mills,440,3,0,41.03299766,-95.61920963,19129.0,2912.171553378781,0.6818181818181818,437,423,3,0,420,413,15063,17,0,0,17,10
2020-10-30,US,Iowa,Mitchell,302,1,0,43.35638371,-92.78887719,19131.0,2852.824485169091,0.3311258278145696,301,296,1,0,295,288,10569,6,0,0,6,8
2020-10-30,US,Iowa,Monona,256,2,0,42.05220391,-95.95743843,19133.0,2971.5612304120727,0.78125,254,249,2,0,247,247,8679,7,0,0,7,2
2020-10-30,US,Iowa,Monroe,275,12,0,41.02988815,-92.8690667,19135.0,3568.184767094849,4.363636363636363,263,272,12,0,260,264,7790,3,0,0,3,8
2020-10-30,US,Iowa,Montgomery,197,7,0,41.03018714,-95.15642896,19137.0,1986.4878491479278,3.5532994923857872,190,190,7,0,183,187,10003,7,0,0,7,3
2020-10-30,US,Iowa,Muscatine,1560,58,0,41.48370744,-91.11216970000001,19139.0,3656.478529908119,3.717948717948718,1502,1539,58,0,1481,1512,42929,21,0,0,21,27
2020-10-30,US,Iowa,O'Brien,759,14,0,43.08310673,-95.62474482,19141.0,5518.795899076567,1.8445322793148882,745,732,14,0,718,704,13840,27,0,0,27,28
2020-10-30,US,Iowa,Osceola,310,0,0,43.37824276,-95.62422844,19143.0,5203.088284659281,0.0,310,302,0,0,302,293,6040,8,0,0,8,9
2020-10-30,US,Iowa,Page,427,0,0,40.7393172,-95.1497813,19145.0,2826.50426954392,0.0,427,420,0,0,420,419,15249,7,0,0,7,1
2020-10-30,US,Iowa,Palo Alto,335,2,0,43.08193849,-94.67824621,19147.0,3769.9752419536353,0.5970149253731343,333,329,2,0,327,326,8929,6,0,0,6,3
2020-10-30,US,Iowa,Plymouth,1767,31,0,42.737633,-96.21366621,19149.0,7018.310362632562,1.7543859649122806,1736,1728,31,0,1697,1703,25095,39,0,0,39,25
2020-10-30,US,Iowa,Pocahontas,253,2,0,42.73420133,-94.67862564,19151.0,3822.329657047893,0.7905138339920948,251,244,2,0,242,238,6740,9,0,0,9,6
2020-10-30,US,Iowa,Polk,20019,290,0,41.68679484,-93.57767461,19153.0,4084.168263080906,1.4486238073829862,19729,19732,289,0,19443,19440,487204,287,1,0,286,292
2020-10-30,US,Iowa,Pottawattamie,3431,45,0,41.33640314,-95.53907776,19155.0,3681.0934918352887,1.3115709705625185,3386,3378,45,0,3333,3332,93533,53,0,0,53,46
2020-10-30,US,Iowa,Poweshiek,494,11,0,41.68625425,-92.53155731,19157.0,2669.6930393428447,2.2267206477732797,483,476,11,0,465,472,18699,18,0,0,18,4
2020-10-30,US,Iowa,Ringgold,104,2,0,40.73518949,-94.24368535,19159.0,2125.051082958725,1.9230769230769231,102,99,2,0,97,92,4968,5,0,0,5,7
2020-10-30,US,Iowa,Sac,417,4,0,42.38624071,-95.10547892,19161.0,4289.6821314679555,0.9592326139088728,413,411,4,0,407,407,9719,6,0,0,6,4
2020-10-30,US,Iowa,Scott,5018,43,0,41.63935978,-90.61959493,19163.0,2901.5340314438868,0.8569151056197688,4975,4873,43,0,4830,4744,173283,145,0,0,145,129
2020-10-30,US,Iowa,Shelby,411,2,0,41.6850066,-95.31015553,19165.0,3588.266107909901,0.4866180048661801,409,402,2,0,400,393,11578,9,0,0,9,9
2020-10-30,US,Iowa,Sioux,2595,17,0,43.08221074,-96.17675679999999,19167.0,7445.1298235547265,0.6551059730250481,2578,2544,17,0,2527,2498,34909,51,0,0,51,46
2020-10-30,US,Iowa,Story,4164,18,0,42.03621213,-93.46499005,19169.0,4287.61184962468,0.4322766570605187,4146,4111,18,0,4093,4082,98105,53,0,0,53,29
2020-10-30,US,Iowa,Tama,1021,38,0,42.07991767,-92.53266945,19171.0,6057.909101696928,3.721841332027424,983,1005,38,0,967,986,16904,16,0,0,16,19
2020-10-30,US,Iowa,Taylor,263,2,0,40.73710579,-94.69778563,19173.0,4296.683548439797,0.7604562737642585,261,260,2,0,258,252,6191,3,0,0,3,8
2020-10-30,US,Iowa,Unassigned,9,0,0,0.0,0.0,90019.0,0.0,0.0,9,6,0,0,6,9,,3,0,0,3,-3
2020-10-30,US,Iowa,Union,272,5,0,41.0277278,-94.24234847,19175.0,2222.040682950739,1.8382352941176472,267,264,5,0,259,263,12359,8,0,0,8,1
2020-10-30,US,Iowa,Van Buren,194,2,0,40.75326764,-91.95017958,19177.0,2754.11697898921,1.0309278350515465,192,188,2,0,186,184,7020,6,0,0,6,4
2020-10-30,US,Iowa,Wapello,1610,62,0,41.03064984,-92.40954728,19179.0,4604.077897566416,3.8509316770186337,1548,1589,62,0,1527,1573,35205,21,0,0,21,16
2020-10-30,US,Iowa,Warren,1347,7,0,41.33559454,-93.56007641,19181.0,2617.2618816305912,0.5196733481811433,1340,1313,7,0,1306,1294,51056,34,0,0,34,19
2020-10-30,US,Iowa,Washington,712,12,0,41.33577126,-91.71725711,19183.0,3241.520600956066,1.6853932584269662,700,693,11,0,682,677,22141,19,1,0,18,16
2020-10-30,US,Iowa,Wayne,155,3,0,40.73969028,-93.32752197,19185.0,2406.458624437199,1.935483870967742,152,137,3,0,134,134,6401,18,0,0,18,3
2020-10-30,US,Iowa,Webster,2009,15,0,42.42853483,-94.17987389,19187.0,5595.476827094474,0.7466401194624191,1994,1960,15,0,1945,1923,36277,49,0,0,49,37
2020-10-30,US,Iowa,Winnebago,527,19,0,43.37751174,-93.73407298,19189.0,5089.820359281437,3.6053130929791273,508,521,19,0,502,506,10518,6,0,0,6,15
2020-10-30,US,Iowa,Winneshiek,525,9,0,43.29094334,-91.84422722,19191.0,2626.1817818018108,1.7142857142857142,516,507,9,0,498,496,20029,18,0,0,18,11
2020-10-30,US,Iowa,Woodbury,7530,99,0,42.38979414,-96.0459439,19193.0,7303.0929034886085,1.3147410358565736,7431,7437,99,0,7338,7359,102539,93,0,0,93,78
2020-10-30,US,Iowa,Worth,155,0,0,43.37750768,-93.26087602,19195.0,2099.986451700312,0.0,155,147,0,0,147,146,7453,8,0,0,8,1
2020-10-30,US,Iowa,Wright,778,1,0,42.73305373,-93.73515113,19197.0,6193.2813246298365,0.12853470437017994,777,759,1,0,758,748,12690,19,0,0,19,11
2020-10-30,US,Kansas,Allen,112,1,0,37.88582951,-95.30030847,20001.0,905.489530277306,0.8928571428571429,111,112,1,0,111,112,12444,0,0,0,0,0
2020-10-30,US,Kansas,Anderson,203,0,0,38.21413251,-95.29272815,20003.0,2583.354543140749,0.0,203,186,0,0,186,186,7878,17,0,0,17,0
2020-10-30,US,Kansas,Atchison,537,6,0,39.53185661,-95.30870026,20005.0,3341.0066571268585,1.11731843575419,531,512,5,0,507,512,16193,25,1,0,24,0
2020-10-30,US,Kansas,Barber,57,0,0,37.2288586,-98.68460053,20007.0,1287.5536480686694,0.0,57,48,0,0,48,48,4472,9,0,0,9,0
2020-10-30,US,Kansas,Barton,803,7,0,38.47889676,-98.75636726,20009.0,3114.9385158462323,0.8717310087173101,796,757,7,0,750,757,26111,46,0,0,46,0
2020-10-30,US,Kansas,Bourbon,306,3,0,37.85508555,-94.84865997,20011.0,2105.4080088069354,0.9803921568627452,303,306,3,0,303,306,14653,0,0,0,0,0
2020-10-30,US,Kansas,Brown,249,5,0,39.82652589,-95.56421698,20013.0,2603.513174404015,2.0080321285140563,244,232,5,0,227,232,9598,17,0,0,17,0
2020-10-30,US,Kansas,Butler,990,3,0,37.78134351,-96.83878537,20015.0,1479.577349015857,0.30303030303030304,987,965,3,0,962,934,66765,25,0,0,25,31
2020-10-30,US,Kansas,Chase,107,3,0,38.30292938,-96.59563862,20017.0,4040.785498489426,2.803738317757009,104,107,3,0,104,107,2629,0,0,0,0,0
2020-10-30,US,Kansas,Chautauqua,25,0,0,37.14994405,-96.2454192,20019.0,769.2307692307692,0.0,25,25,0,0,25,25,3309,0,0,0,0,0
2020-10-30,US,Kansas,Cherokee,720,7,0,37.16928494,-94.8462897,20021.0,3611.013591453935,0.9722222222222222,713,699,7,0,692,699,20015,21,0,0,21,0
2020-10-30,US,Kansas,Cheyenne,120,5,0,39.78580976,-101.7318201,20023.0,4516.371847948814,4.166666666666667,115,115,5,0,110,115,2660,5,0,0,5,0
2020-10-30,US,Kansas,Clark,68,4,0,37.23577007,-99.81883015,20025.0,3410.2306920762285,5.882352941176472,64,65,4,0,61,65,2005,3,0,0,3,0
2020-10-30,US,Kansas,Clay,114,3,0,39.34948772,-97.16518128,20027.0,1424.6438390402402,2.631578947368421,111,114,3,0,111,114,7997,0,0,0,0,0
2020-10-30,US,Kansas,Cloud,166,1,0,39.48028352,-97.64925343,20029.0,1889.3694513999546,0.6024096385542169,165,144,1,0,143,144,8729,22,0,0,22,0
2020-10-30,US,Kansas,Coffey,173,9,0,38.2365018,-95.73379515,20031.0,2115.173004034723,5.202312138728324,164,160,9,0,151,160,8233,13,0,0,13,0
2020-10-30,US,Kansas,Comanche,20,0,0,37.19114520000001,-99.27113247,20033.0,1176.4705882352941,0.0,20,20,0,0,20,20,1748,0,0,0,0,0
2020-10-30,US,Kansas,Cowley,552,10,0,37.23781842,-96.83776647,20035.0,1581.2994156067373,1.8115942028985508,542,523,10,0,513,523,35218,29,0,0,29,0
2020-10-30,US,Kansas,Crawford,1449,12,0,37.50675523,-94.85245778,20037.0,3732.804369107115,0.8281573498964804,1437,1449,12,0,1437,1449,39019,0,0,0,0,0
2020-10-30,US,Kansas,Decatur,121,1,0,39.78468441,-100.45940809999999,20039.0,4280.1556420233455,0.8264462809917356,120,89,1,0,88,89,2871,32,0,0,32,0
2020-10-30,US,Kansas,Dickinson,349,4,0,38.86600962,-97.15532383,20041.0,1889.9599263511318,1.146131805157593,345,326,4,0,322,326,18717,23,0,0,23,0
2020-10-30,US,Kansas,Doniphan,215,1,0,39.79067154,-95.14056866,20043.0,2828.947368421052,0.4651162790697674,214,211,1,0,210,211,7682,4,0,0,4,0
2020-10-30,US,Kansas,Douglas,2964,19,0,38.88503636,-95.2925121,20045.0,2424.361396706991,0.6410256410256411,2945,2930,19,0,2911,2901,121436,34,0,0,34,29
2020-10-30,US,Kansas,Edwards,82,0,0,37.88735543,-99.31263309,20047.0,2930.6647605432454,0.0,82,76,0,0,76,76,2849,6,0,0,6,0
2020-10-30,US,Kansas,Elk,13,0,0,37.45338105,-96.24369667,20049.0,513.8339920948616,0.0,13,13,0,0,13,13,2508,0,0,0,0,0
2020-10-30,US,Kansas,Ellis,1420,18,0,38.91458712,-99.31751551,20051.0,4973.207718978742,1.2676056338028172,1402,1420,18,0,1402,1420,28710,0,0,0,0,0
2020-10-30,US,Kansas,Ellsworth,330,1,0,38.69677695,-98.20462799,20053.0,5408.062930186824,0.30303030303030304,329,278,1,0,277,278,6196,52,0,0,52,0
2020-10-30,US,Kansas,Finney,3110,20,0,38.04340344,-100.73819379999999,20055.0,8528.258425425727,0.6430868167202572,3090,3046,20,0,3026,2981,36611,64,0,0,64,65
2020-10-30,US,Kansas,Ford,3302,13,0,37.69200114,-99.88825298,20057.0,9821.826943097652,0.3937007874015748,3289,3271,13,0,3258,3271,33888,31,0,0,31,0
2020-10-30,US,Kansas,Franklin,576,5,0,38.56443815,-95.28644341,20059.0,2254.9326652051363,0.8680555555555556,571,559,5,0,554,559,25631,17,0,0,17,0
2020-10-30,US,Kansas,Geary,394,4,0,38.99871131,-96.7577178,20061.0,1244.0795705715186,1.0152284263959392,390,394,4,0,390,392,32594,0,0,0,0,2
2020-10-30,US,Kansas,Gove,185,12,0,38.91588178,-100.4829321,20063.0,7018.209408194233,6.486486486486488,173,182,12,0,170,182,2612,3,0,0,3,0
2020-10-30,US,Kansas,Graham,57,1,0,39.34987223,-99.88332493,20065.0,2296.5350523771153,1.7543859649122806,56,56,1,0,55,56,2492,1,0,0,1,0
2020-10-30,US,Kansas,Grant,457,8,0,37.56227336,-101.3079758,20067.0,6391.6083916083935,1.7505470459518602,449,448,8,0,440,434,7336,9,0,0,9,14
2020-10-30,US,Kansas,Gray,211,2,0,37.73836671,-100.4369088,20069.0,3523.714094856379,0.9478672985781992,209,211,2,0,209,211,6033,0,0,0,0,0
2020-10-30,US,Kansas,Greeley,34,0,0,38.4808095,-101.8061079,20071.0,2759.74025974026,0.0,34,34,0,0,34,34,1227,0,0,0,0,0
2020-10-30,US,Kansas,Greenwood,108,0,0,37.8774388,-96.23250453,20073.0,1805.4162487462388,0.0,108,97,0,0,97,97,6055,11,0,0,11,0
2020-10-30,US,Kansas,Hamilton,64,0,0,37.99978709,-101.7921066,20075.0,2520.677432059866,0.0,64,60,0,0,60,60,2607,4,0,0,4,0
2020-10-30,US,Kansas,Harper,164,3,0,37.19175361,-98.07578384,20077.0,3016.9242089771888,1.8292682926829267,161,155,2,0,153,155,5506,9,1,0,8,0
2020-10-30,US,Kansas,Harvey,619,7,0,38.04293782,-97.42747573,20079.0,1797.9029306689124,1.1308562197092085,612,580,7,0,573,558,34210,39,0,0,39,22
2020-10-30,US,Kansas,Haskell,103,1,0,37.562039399999996,-100.8710738,20081.0,2595.766129032258,0.9708737864077671,102,103,1,0,102,103,3997,0,0,0,0,0
2020-10-30,US,Kansas,Hodgeman,36,0,0,38.08780079,-99.89829881,20083.0,2006.6889632107025,0.0,36,36,0,0,36,36,1818,0,0,0,0,0
2020-10-30,US,Kansas,Jackson,344,4,0,39.41673394,-95.79356799,20085.0,2611.7986485460488,1.162790697674419,340,323,4,0,319,323,13280,21,0,0,21,0
2020-10-30,US,Kansas,Jefferson,300,6,0,39.2347941,-95.38289232,20087.0,1575.3820301423095,2.0,294,287,6,0,281,282,18975,13,0,0,13,5
2020-10-30,US,Kansas,Jewell,29,1,0,39.78470589,-98.21820662,20089.0,1007.2941993747827,3.4482758620689653,28,29,1,0,28,29,2841,0,0,0,0,0
2020-10-30,US,Kansas,Johnson,14670,203,0,38.88548175,-94.82250877,20091.0,2435.254921555575,1.3837764144512608,14467,14383,201,0,14182,14205,597555,287,2,0,285,178
2020-10-30,US,Kansas,Kearny,159,6,0,38.00017981,-101.32168100000001,20093.0,4142.782699322564,3.7735849056603774,153,159,6,0,153,159,3943,0,0,0,0,0
2020-10-30,US,Kansas,Kingman,136,3,0,37.55909527,-98.13638678,20095.0,1901.565995525727,2.2058823529411766,133,128,3,0,125,128,7310,8,0,0,8,0
2020-10-30,US,Kansas,Kiowa,69,0,0,37.55848695,-99.2856537,20097.0,2787.878787878788,0.0,69,69,0,0,69,69,2516,0,0,0,0,0
2020-10-30,US,Kansas,Labette,412,6,0,37.19113093,-95.29849679,20099.0,2100.1121419104893,1.4563106796116505,406,394,6,0,388,394,19964,18,0,0,18,0
2020-10-30,US,Kansas,Lane,27,0,0,38.48119447,-100.46607540000001,20101.0,1758.9576547231272,0.0,27,23,0,0,23,23,1560,4,0,0,4,0
2020-10-30,US,Kansas,Leavenworth,2603,18,0,39.20183497,-95.03620809,20103.0,3183.786296142273,0.6915097963887822,2585,2568,18,0,2550,2568,81352,35,0,0,35,0
2020-10-30,US,Kansas,Lincoln,23,1,0,39.04549684,-98.20756994,20105.0,776.5023632680621,4.3478260869565215,22,23,1,0,22,23,3023,0,0,0,0,0
2020-10-30,US,Kansas,Linn,117,1,0,38.21267844,-94.84254089,20107.0,1205.8126352674428,0.8547008547008547,116,117,1,0,116,117,9750,0,0,0,0,0
2020-10-30,US,Kansas,Logan,68,0,0,38.91735806,-101.148475,20109.0,2433.78668575519,0.0,68,68,0,0,68,68,2844,0,0,0,0,0
2020-10-30,US,Kansas,Lyon,1377,41,0,38.45576156,-96.15275715,20111.0,4148.215092634433,2.977487291212781,1336,1332,41,0,1291,1325,33406,45,0,0,45,7
2020-10-30,US,Kansas,Marion,130,1,0,38.35855394,-97.09852509999999,20115.0,1093.9077751598786,0.7692307692307693,129,124,1,0,123,124,11950,6,0,0,6,0
2020-10-30,US,Kansas,Marshall,77,0,0,39.78359669,-96.52278974,20117.0,793.2419903162668,0.0,77,71,0,0,71,71,9722,6,0,0,6,0
2020-10-30,US,Kansas,McPherson,472,7,0,38.39184858,-97.64769869,20113.0,1653.7033144138463,1.4830508474576272,465,445,7,0,438,412,28537,27,0,0,27,33
2020-10-30,US,Kansas,Meade,146,1,0,37.23859987,-100.36483100000001,20119.0,3620.133895363253,0.6849315068493149,145,144,1,0,143,144,4146,2,0,0,2,0
2020-10-30,US,Kansas,Miami,563,2,0,38.56383358,-94.83832189,20121.0,1644.4197797704235,0.3552397868561279,561,563,2,0,561,526,33680,0,0,0,0,37
2020-10-30,US,Kansas,Mitchell,63,0,0,39.39331582,-98.20906732,20123.0,1053.6879076768691,0.0,63,63,0,0,63,63,6150,0,0,0,0,0
2020-10-30,US,Kansas,Montgomery,706,6,0,37.19236568,-95.74329258,20125.0,2218.102987841277,0.8498583569405099,700,656,6,0,650,656,32120,50,0,0,50,0
2020-10-30,US,Kansas,Morris,65,0,0,38.68827511,-96.65128437,20127.0,1156.5836298932386,0.0,65,60,0,0,60,60,5521,5,0,0,5,0
2020-10-30,US,Kansas,Morton,56,2,0,37.19141121,-101.79925190000002,20129.0,2164.6695013529184,3.571428571428572,54,56,2,0,54,56,2667,0,0,0,0,0
2020-10-30,US,Kansas,Nemaha,315,2,0,39.78345387,-96.01392079,20131.0,3078.8779200469157,0.6349206349206349,313,315,2,0,313,315,10155,0,0,0,0,0
2020-10-30,US,Kansas,Neosho,274,0,0,37.55862897,-95.30670046,20133.0,1711.7511088898611,0.0,274,274,0,0,274,274,15951,0,0,0,0,0
2020-10-30,US,Kansas,Ness,148,9,0,38.47974157,-99.91547333,20135.0,5381.818181818182,6.081081081081082,139,148,9,0,139,148,2840,0,0,0,0,0
2020-10-30,US,Kansas,Norton,715,18,0,39.78443827,-99.90286639,20137.0,13337.063980600637,2.517482517482517,697,668,15,0,653,668,5430,47,3,0,44,0
2020-10-30,US,Kansas,Osage,166,3,0,38.65235984,-95.72707998,20139.0,1040.817606119506,1.8072289156626504,163,161,3,0,158,161,15941,5,0,0,5,0
2020-10-30,US,Kansas,Osborne,24,0,0,39.3503437,-98.76753828,20141.0,701.5492546039169,0.0,24,23,0,0,23,23,3475,1,0,0,1,0
2020-10-30,US,Kansas,Ottawa,119,0,0,39.13237408,-97.65020313,20143.0,2086.2552594670406,0.0,119,114,0,0,114,114,5802,5,0,0,5,0
2020-10-30,US,Kansas,Pawnee,431,1,0,38.18108732,-99.23692334,20145.0,6719.675709385719,0.2320185614849188,430,431,1,0,430,431,6562,0,0,0,0,0
2020-10-30,US,Kansas,Phillips,205,9,0,39.78465501,-99.34668865,20147.0,3916.6985097439815,4.390243902439025,196,197,9,0,188,197,5317,8,0,0,8,0
2020-10-30,US,Kansas,Pottawatomie,382,0,0,39.37925655,-96.34564657,20149.0,1566.6652995939794,0.0,382,382,0,0,382,382,24277,0,0,0,0,0
2020-10-30,US,Kansas,Pratt,192,0,0,37.64780729,-98.73922153,20151.0,2095.154954168485,0.0,192,155,0,0,155,155,9378,37,0,0,37,0
2020-10-30,US,Kansas,Rawlins,96,0,0,39.78525843,-101.07616170000001,20153.0,3794.4664031620564,0.0,96,92,0,0,92,92,2508,4,0,0,4,0
2020-10-30,US,Kansas,Reno,2271,18,0,37.95230263,-98.08607292,20155.0,3663.0213877867027,0.7926023778071334,2253,2248,16,0,2232,2174,62342,23,2,0,21,74
2020-10-30,US,Kansas,Republic,86,1,0,39.82799632,-97.65036709,20157.0,1855.047454702329,1.162790697674419,85,80,1,0,79,80,4664,6,0,0,6,0
2020-10-30,US,Kansas,Rice,156,1,0,38.34616184,-98.19992118,20159.0,1635.734507706826,0.6410256410256411,155,156,1,0,155,156,9531,0,0,0,0,0
2020-10-30,US,Kansas,Riley,2226,11,0,39.28935726,-96.73420026,20161.0,2998.7067571936627,0.4941599281221923,2215,2189,11,0,2178,2189,73703,37,0,0,37,0
2020-10-30,US,Kansas,Rooks,163,7,0,39.35022773,-99.32484567,20163.0,3313.0081300813013,4.294478527607362,156,154,7,0,147,154,5013,9,0,0,9,0
2020-10-30,US,Kansas,Rush,98,0,0,38.52275276,-99.30863983,20165.0,3227.931488801054,0.0,98,98,0,0,98,98,3093,0,0,0,0,0
2020-10-30,US,Kansas,Russell,210,4,0,38.91462787,-98.76254297,20167.0,3063.010501750292,1.9047619047619049,206,186,4,0,182,186,6907,24,0,0,24,0
2020-10-30,US,Kansas,Saline,1171,13,0,38.78369175,-97.65185177,20169.0,2159.5603422838594,1.1101622544833476,1158,1127,13,0,1114,1127,54401,44,0,0,44,0
2020-10-30,US,Kansas,Scott,184,1,0,38.48222076,-100.90665390000001,20171.0,3815.052871656645,0.5434782608695652,183,181,1,0,180,179,4897,3,0,0,3,2
2020-10-30,US,Kansas,Sedgwick,11847,129,0,37.6842718,-97.4608198,20173.0,2295.7433697257197,1.0888832615852115,11718,11551,129,0,11422,11369,513607,296,0,0,296,182
2020-10-30,US,Kansas,Seward,2181,13,0,37.19324632,-100.85072009999999,20175.0,10178.271420571216,0.5960568546538285,2168,2181,13,0,2168,2120,21780,0,0,0,0,61
2020-10-30,US,Kansas,Shawnee,3647,84,0,39.04100763,-95.75572640000001,20177.0,2061.9081272084804,2.3032629558541267,3563,3555,82,0,3473,3491,177499,92,2,0,90,64
2020-10-30,US,Kansas,Sheridan,185,0,0,39.35018161,-100.44182590000001,20179.0,7338.357794525981,0.0,185,165,0,0,165,165,2533,20,0,0,20,0
2020-10-30,US,Kansas,Sherman,239,6,0,39.35147699,-101.71976240000001,20181.0,4039.209058644584,2.510460251046025,233,239,6,0,233,239,5899,0,0,0,0,0
2020-10-30,US,Kansas,Smith,24,0,0,39.78516566,-98.78566062,20183.0,669.8297516048002,0.0,24,23,0,0,23,23,3603,1,0,0,1,0
2020-10-30,US,Kansas,Stafford,93,1,0,38.03100851,-98.71762001,20185.0,2237.728585178056,1.075268817204301,92,82,1,0,81,82,4178,11,0,0,11,0
2020-10-30,US,Kansas,Stanton,52,2,0,37.56304714,-101.78435340000001,20187.0,2592.2233300099697,3.8461538461538463,50,52,2,0,50,52,1987,0,0,0,0,0
2020-10-30,US,Kansas,Stevens,245,1,0,37.1923008,-101.3118967,20189.0,4466.727438468551,0.4081632653061225,244,237,1,0,236,237,5559,8,0,0,8,0
2020-10-30,US,Kansas,Sumner,311,3,0,37.23682549,-97.47721621,20191.0,1361.8847433876335,0.964630225080386,308,296,3,0,293,296,22996,15,0,0,15,0
2020-10-30,US,Kansas,Thomas,363,2,0,39.35107575,-101.0553705,20193.0,4667.609618104668,0.5509641873278237,361,363,2,0,361,355,7711,0,0,0,0,8
2020-10-30,US,Kansas,Trego,113,3,0,38.91467218,-99.87284448,20195.0,4031.3949339992864,2.6548672566371683,110,106,3,0,103,106,2793,7,0,0,7,0
2020-10-30,US,Kansas,Wabaunsee,84,1,0,38.95471985,-96.20350509,20197.0,1211.9463280911846,1.1904761904761905,83,84,1,0,83,84,6899,0,0,0,0,0
2020-10-30,US,Kansas,Wallace,56,0,0,38.91686134,-101.76388759999999,20199.0,3689.064558629776,0.0,56,52,0,0,52,52,1503,4,0,0,4,0
2020-10-30,US,Kansas,Washington,39,0,0,39.78420784,-97.08753229999999,20201.0,721.4206437291898,0.0,39,39,0,0,39,39,5420,0,0,0,0,0
2020-10-30,US,Kansas,Wichita,44,0,0,38.48178252,-101.3471509,20203.0,2076.4511562057573,0.0,44,44,0,0,44,44,2105,0,0,0,0,0
2020-10-30,US,Kansas,Wilson,122,3,0,37.55937174,-95.74323255,20205.0,1431.0850439882693,2.459016393442623,119,118,3,0,115,118,8665,4,0,0,4,0
2020-10-30,US,Kansas,Woodson,27,0,0,37.8865336,-95.74006277,20207.0,860.4206500956022,0.0,27,27,0,0,27,27,3183,0,0,0,0,0
2020-10-30,US,Kansas,Wyandotte,8420,165,0,39.11727348,-94.76378225,20209.0,5089.796831269004,1.9596199524940616,8255,8344,165,0,8179,8270,165324,76,0,0,76,74
2020-10-30,US,Kentucky,Adair,514,22,0,37.10459774,-85.28129668,21001.0,2676.804499531299,4.280155642023346,492,511,22,0,489,506,19215,3,0,0,3,5
2020-10-30,US,Kentucky,Allen,557,11,0,36.75197631,-86.19457544,21003.0,2613.183204316209,1.9748653500897664,546,551,11,0,540,551,21122,6,0,0,6,0
2020-10-30,US,Kentucky,Anderson,271,1,0,38.00671029,-84.99171713,21005.0,1191.3658944036574,0.3690036900369004,270,267,1,0,266,256,22663,4,0,0,4,11
2020-10-30,US,Kentucky,Ballard,77,1,0,37.05842757,-88.99427697,21007.0,976.1663286004056,1.2987012987012987,76,74,1,0,73,73,7979,3,0,0,3,1
2020-10-30,US,Kentucky,Barren,1299,13,0,36.96469836,-85.93338945,21009.0,2935.659562927976,1.0007698229407236,1286,1263,13,0,1250,1224,44176,36,0,0,36,39
2020-10-30,US,Kentucky,Bath,136,1,0,38.14735938,-83.74588932,21011.0,1088.0,0.7352941176470589,135,135,1,0,134,129,12383,1,0,0,1,6
2020-10-30,US,Kentucky,Bell,729,17,0,36.73355174,-83.67766671,21013.0,2800.3995082974798,2.3319615912208507,712,714,17,0,697,693,26569,15,0,0,15,21
2020-10-30,US,Kentucky,Boone,2269,25,0,38.97065142,-84.72615357,21015.0,1698.594860047462,1.1018069634200087,2244,2228,25,0,2203,2196,131533,41,0,0,41,32
2020-10-30,US,Kentucky,Bourbon,328,1,0,38.2054607,-84.21827874,21017.0,1657.5702445926825,0.3048780487804878,327,325,1,0,324,319,20184,3,0,0,3,6
2020-10-30,US,Kentucky,Boyd,709,22,0,38.36176608,-82.68652187,21019.0,1517.6163363157666,3.1029619181946404,687,707,22,0,685,692,47240,2,0,0,2,15
2020-10-30,US,Kentucky,Boyle,476,0,0,37.62680923,-84.8633779,21021.0,1583.499667332003,0.0,476,463,0,0,463,459,30100,13,0,0,13,4
2020-10-30,US,Kentucky,Bracken,73,1,0,38.69158994,-84.08532444,21023.0,879.2002890521499,1.3698630136986298,72,72,1,0,71,71,8239,1,0,0,1,1
2020-10-30,US,Kentucky,Breathitt,146,1,0,37.52333168,-83.31959161,21025.0,1155.9778305621535,0.6849315068493149,145,143,1,0,142,138,12726,3,0,0,3,5
2020-10-30,US,Kentucky,Breckinridge,209,2,0,37.77377239,-86.42885017,21027.0,1020.6573228500267,0.9569377990430622,207,202,2,0,200,198,20388,7,0,0,7,4
2020-10-30,US,Kentucky,Bullitt,1540,14,0,37.97162523,-85.68955617,21029.0,1885.498800137127,0.9090909090909092,1526,1505,14,0,1491,1483,81069,35,0,0,35,22
2020-10-30,US,Kentucky,Butler,433,16,0,37.20946153,-86.68748787,21031.0,3362.0622719155213,3.6951501154734414,417,425,16,0,409,419,12772,8,0,0,8,6
2020-10-30,US,Kentucky,Caldwell,292,0,0,37.14749129,-87.86948214,21033.0,2290.735074919589,0.0,292,285,0,0,285,268,12715,7,0,0,7,17
2020-10-30,US,Kentucky,Calloway,1036,10,0,36.62093411,-88.2731593,21035.0,2656.342145073203,0.9652509652509652,1026,1019,10,0,1009,993,39135,17,0,0,17,26
2020-10-30,US,Kentucky,Campbell,1367,16,0,38.94384345,-84.37875208,21037.0,1460.7197811591723,1.1704462326261886,1351,1322,16,0,1306,1282,93152,45,0,0,45,40
2020-10-30,US,Kentucky,Carlisle,106,1,0,36.85372876,-88.96692220000001,21039.0,2226.890756302521,0.9433962264150944,105,104,1,0,103,104,4771,2,0,0,2,0
2020-10-30,US,Kentucky,Carroll,231,5,0,38.66599534,-85.12601074,21041.0,2172.890602953626,2.1645021645021645,226,228,5,0,223,226,10737,3,0,0,3,2
2020-10-30,US,Kentucky,Carter,374,4,0,38.31690743,-83.05092385,21043.0,1395.6786207411276,1.0695187165775402,370,365,4,0,361,350,27004,9,0,0,9,15
2020-10-30,US,Kentucky,Casey,320,16,0,37.32533118,-84.92726209,21045.0,1980.3205643913607,5.0,304,319,16,0,303,317,15888,1,0,0,1,2
2020-10-30,US,Kentucky,Christian,1968,29,0,36.89267803,-87.49055367,21047.0,2793.034444586367,1.4735772357723578,1939,1936,29,0,1907,1892,71671,32,0,0,32,44
2020-10-30,US,Kentucky,Clark,550,12,0,37.9689263,-84.14615986,21049.0,1516.6974602211621,2.1818181818181817,538,543,11,0,532,534,36249,7,1,0,6,9
2020-10-30,US,Kentucky,Clay,602,6,0,37.16451126,-83.712575,21051.0,3024.9736194161096,0.9966777408637874,596,588,6,0,582,550,20105,14,0,0,14,38
2020-10-30,US,Kentucky,Clinton,248,3,0,36.72581156,-85.13377529,21053.0,2427.089449990213,1.2096774193548387,245,244,3,0,241,241,10206,4,0,0,4,3
2020-10-30,US,Kentucky,Crittenden,172,1,0,37.35839237,-88.08826090000002,21055.0,1953.2137179196,0.5813953488372093,171,171,1,0,170,169,8915,1,0,0,1,2
2020-10-30,US,Kentucky,Cumberland,153,0,0,36.78926125,-85.39050034,21057.0,2313.274871484729,0.0,153,150,0,0,150,144,6659,3,0,0,3,6
2020-10-30,US,Kentucky,Daviess,2054,31,0,37.73028906,-87.09019479999998,21059.0,2023.4260326467083,1.5092502434274586,2023,2024,30,0,1994,2005,101104,30,1,0,29,19
2020-10-30,US,Kentucky,Edmonson,188,12,0,37.21218923,-86.23955613,21061.0,1547.3251028806585,6.382978723404255,176,187,12,0,175,187,12274,1,0,0,1,0
2020-10-30,US,Kentucky,Elliott,336,0,0,38.11624059,-83.09771563,21063.0,4469.868298523347,0.0,336,335,0,0,335,335,7508,1,0,0,1,0
2020-10-30,US,Kentucky,Estill,294,0,0,37.69241417,-83.95956369,21065.0,2084.2194810718843,0.0,294,291,0,0,291,283,14198,3,0,0,3,8
2020-10-30,US,Kentucky,Fayette,10953,92,0,38.0368225,-84.45576892,21067.0,3389.426647521909,0.8399525244225327,10861,10766,90,0,10676,10637,323780,187,2,0,185,129
2020-10-30,US,Kentucky,Fleming,196,0,0,38.36758311,-83.69657514,21069.0,1344.215074411906,0.0,196,192,0,0,192,187,14432,4,0,0,4,5
2020-10-30,US,Kentucky,Floyd,434,4,0,37.56213922,-82.74750924,21071.0,1219.4779285734355,0.9216589861751152,430,419,4,0,415,396,35845,15,0,0,15,23
2020-10-30,US,Kentucky,Franklin,895,14,0,38.2379395,-84.87962551,21073.0,1755.2117040262008,1.5642458100558658,881,886,14,0,872,875,50815,9,0,0,9,11
2020-10-30,US,Kentucky,Fulton,237,3,0,36.55238827,-89.20140068,21075.0,3970.514324007371,1.2658227848101269,234,235,3,0,232,234,6120,2,0,0,2,1
2020-10-30,US,Kentucky,Gallatin,128,8,0,38.75398691,-84.8558382,21077.0,1443.2292253918142,6.25,120,128,8,0,120,127,8832,0,0,0,0,1
2020-10-30,US,Kentucky,Garrard,358,4,0,37.638866799999995,-84.53289319,21079.0,2026.491565719461,1.11731843575419,354,350,4,0,346,331,17560,8,0,0,8,19
2020-10-30,US,Kentucky,Grant,278,6,0,38.64962758,-84.62415957,21081.0,1108.9393274562208,2.1582733812949644,272,276,6,0,270,267,25121,2,0,0,2,9
2020-10-30,US,Kentucky,Graves,913,30,0,36.72292505,-88.65143315,21083.0,2449.954382010412,3.285870755750274,883,902,30,0,872,892,37317,11,0,0,11,10
2020-10-30,US,Kentucky,Grayson,531,16,0,37.46231118,-86.34248968,21085.0,2009.308661596095,3.0131826741996237,515,522,16,0,506,513,26321,9,0,0,9,9
2020-10-30,US,Kentucky,Green,340,8,0,37.26484328,-85.5540745,21087.0,3107.577003930171,2.3529411764705883,332,340,8,0,332,336,11049,0,0,0,0,4
2020-10-30,US,Kentucky,Greenup,660,12,0,38.54332505,-82.9215658,21089.0,1880.449028434669,1.818181818181818,648,646,11,0,635,638,35268,14,1,0,13,8
2020-10-30,US,Kentucky,Hancock,161,3,0,37.83766422,-86.78280584,21091.0,1845.9069020866773,1.8633540372670807,158,155,2,0,153,150,8758,6,1,0,5,5
2020-10-30,US,Kentucky,Hardin,2230,13,0,37.6976111,-85.96319251,21093.0,2009.769462319076,0.5829596412556054,2217,2149,13,0,2136,2084,110356,81,0,0,81,65
2020-10-30,US,Kentucky,Harlan,616,14,0,36.85699301,-83.21899516,21095.0,2368.3198769703963,2.272727272727273,602,610,14,0,596,596,26409,6,0,0,6,14
2020-10-30,US,Kentucky,Harrison,278,1,0,38.44188174,-84.32869741,21097.0,1471.9898337392779,0.3597122302158273,277,276,1,0,275,272,18778,2,0,0,2,4
2020-10-30,US,Kentucky,Hart,461,1,0,37.29943898,-85.88461055,21099.0,2421.854478592067,0.2169197396963124,460,448,1,0,447,431,18906,13,0,0,13,17
2020-10-30,US,Kentucky,Henderson,1364,28,0,37.79344553,-87.57392021,21101.0,3017.031630170317,2.0527859237536656,1336,1343,28,0,1315,1327,45591,21,0,0,21,16
2020-10-30,US,Kentucky,Henry,298,2,0,38.44942688,-85.11587507,21103.0,1847.9474141138533,0.6711409395973155,296,293,2,0,291,288,16106,5,0,0,5,5
2020-10-30,US,Kentucky,Hickman,124,1,0,36.67948079999999,-88.97875928,21105.0,2831.0502283105025,0.8064516129032258,123,124,1,0,123,122,4421,0,0,0,0,2
2020-10-30,US,Kentucky,Hopkins,1087,43,0,37.30939025,-87.54670406,21107.0,2432.529203777469,3.955841766329347,1044,1070,43,0,1027,1036,45068,17,0,0,17,34
2020-10-30,US,Kentucky,Jackson,486,17,0,37.41866422,-83.99825483,21109.0,3646.185010128292,3.497942386831276,469,479,17,0,462,463,13442,7,0,0,7,16
2020-10-30,US,Kentucky,Jefferson,23280,366,0,38.18664655,-85.65931031,21111.0,3036.1639998069786,1.5721649484536082,22914,22875,364,0,22511,22551,770517,405,2,0,403,324
2020-10-30,US,Kentucky,Jessamine,1026,12,0,37.87119786,-84.58252003,21113.0,1895.9623025039264,1.1695906432748535,1014,1006,12,0,994,994,53920,20,0,0,20,12
2020-10-30,US,Kentucky,Johnson,343,2,0,37.85106355,-82.8264322,21115.0,1545.8806562105642,0.5830903790087464,341,330,2,0,328,322,22386,13,0,0,13,8
2020-10-30,US,Kentucky,Kenton,2883,51,0,38.93950319,-84.53241199,21117.0,1726.3679804548556,1.7689906347554631,2832,2796,51,0,2745,2746,166051,87,0,0,87,50
2020-10-30,US,Kentucky,Knott,368,6,0,37.35388197,-82.94981134,21119.0,2485.4788599216536,1.6304347826086956,362,357,4,0,353,354,15126,11,2,0,9,3
2020-10-30,US,Kentucky,Knox,893,10,0,36.89225732,-83.85403396,21121.0,2867.2339059239043,1.1198208286674132,883,886,10,0,876,868,31304,7,0,0,7,18
2020-10-30,US,Kentucky,Larue,313,1,0,37.54567114,-85.70138352,21123.0,2173.913043478261,0.3194888178913738,312,288,1,0,287,286,14307,25,0,0,25,2
2020-10-30,US,Kentucky,Laurel,1507,8,0,37.10975748,-84.11321779,21125.0,2478.088566589381,0.53085600530856,1499,1473,7,0,1466,1455,60669,34,1,0,33,18
2020-10-30,US,Kentucky,Lawrence,161,0,0,38.07136018,-82.72882223,21127.0,1051.1196709538424,0.0,161,157,0,0,157,157,15571,4,0,0,4,0
2020-10-30,US,Kentucky,Lee,182,6,0,37.59645942,-83.71513901,21129.0,2458.4627853572874,3.2967032967032965,176,179,5,0,174,159,7033,3,1,0,2,20
2020-10-30,US,Kentucky,Leslie,136,1,0,37.09246661,-83.37999606,21131.0,1376.9363166953528,0.7352941176470589,135,133,1,0,132,131,10143,3,0,0,3,2
2020-10-30,US,Kentucky,Letcher,313,2,0,37.12306748,-82.85346474,21133.0,1452.2340277455576,0.6389776357827476,311,309,2,0,307,304,21899,4,0,0,4,5
2020-10-30,US,Kentucky,Lewis,309,16,0,38.53184419,-83.37735618,21135.0,2327.683615819209,5.17799352750809,293,300,16,0,284,295,13257,9,0,0,9,5
2020-10-30,US,Kentucky,Lincoln,352,19,0,37.45475628,-84.6565327,21137.0,1433.8669599576358,5.3977272727272725,333,344,19,0,325,339,24644,8,0,0,8,5
2020-10-30,US,Kentucky,Livingston,131,1,0,37.21137452,-88.34797529,21139.0,1424.8422884489887,0.7633587786259542,130,129,1,0,128,129,9242,2,0,0,2,0
2020-10-30,US,Kentucky,Logan,822,31,0,36.85949479,-86.877635,21141.0,3032.9864954615887,3.771289537712896,791,798,31,0,767,786,26989,24,0,0,24,12
2020-10-30,US,Kentucky,Lyon,113,4,0,37.02080035,-88.07886257,21143.0,1376.3702801461636,3.5398230088495577,109,113,4,0,109,109,8009,0,0,0,0,4
2020-10-30,US,Kentucky,Madison,2408,13,0,37.71659336,-84.27220275,21151.0,2589.6093002247626,0.5398671096345515,2395,2391,13,0,2378,2369,92368,17,0,0,17,22
2020-10-30,US,Kentucky,Magoffin,183,0,0,37.70820545,-83.0657714,21153.0,1504.8104596661456,0.0,183,180,0,0,180,175,12362,3,0,0,3,5
2020-10-30,US,Kentucky,Marion,511,10,0,37.55218078,-85.26898542,21155.0,2651.377574845639,1.9569471624266144,501,501,10,0,491,477,19404,10,0,0,10,24
2020-10-30,US,Kentucky,Marshall,515,7,0,36.88007070000001,-88.32803576,21157.0,1655.9485530546624,1.3592233009708738,508,506,7,0,499,485,31191,9,0,0,9,21
2020-10-30,US,Kentucky,Martin,218,3,0,37.79990579,-82.51247478,21159.0,1947.2979008485931,1.3761467889908257,215,211,3,0,208,206,11323,7,0,0,7,5
2020-10-30,US,Kentucky,Mason,182,2,0,38.59471935,-83.82151043,21161.0,1066.1980082015232,1.0989010989010992,180,179,2,0,177,176,17150,3,0,0,3,3
2020-10-30,US,Kentucky,McCracken,1213,12,0,37.05350953,-88.70445755,21145.0,1854.2297227062888,0.9892827699917559,1201,1187,12,0,1175,1150,65346,26,0,0,26,37
2020-10-30,US,Kentucky,McCreary,264,1,0,36.73874143,-84.48102924,21147.0,1532.1223376472635,0.3787878787878788,263,264,1,0,263,261,17408,0,0,0,0,3
2020-10-30,US,Kentucky,McLean,220,4,0,37.5301951,-87.26803443,21149.0,2389.4862604540026,1.818181818181818,216,216,4,0,212,205,9252,4,0,0,4,11
2020-10-30,US,Kentucky,Meade,408,4,0,37.96163597,-86.21028219,21163.0,1427.9714405711884,0.9803921568627452,404,398,4,0,394,392,28715,10,0,0,10,6
2020-10-30,US,Kentucky,Menifee,90,1,0,37.94090733,-83.59985712,21165.0,1386.9625520110958,1.1111111111111112,89,89,1,0,88,86,6451,1,0,0,1,3
2020-10-30,US,Kentucky,Mercer,376,6,0,37.81474237,-84.87488475,21167.0,1714.3117676560435,1.5957446808510638,370,372,6,0,366,366,21774,4,0,0,4,6
2020-10-30,US,Kentucky,Metcalfe,210,2,0,36.99459295,-85.63123699,21169.0,2085.1951146857314,0.9523809523809524,208,206,2,0,204,200,10030,4,0,0,4,6
2020-10-30,US,Kentucky,Monroe,333,4,0,36.71225341,-85.71596443,21171.0,3126.760563380282,1.2012012012012012,329,312,4,0,308,298,10718,21,0,0,21,14
2020-10-30,US,Kentucky,Montgomery,551,5,0,38.03253032,-83.9145241,21173.0,1956.8846112867136,0.9074410163339384,546,525,4,0,521,498,28203,26,1,0,25,27
2020-10-30,US,Kentucky,Morgan,144,0,0,37.92465657,-83.25558245,21175.0,1081.9746036516642,0.0,144,141,0,0,141,133,13345,3,0,0,3,8
2020-10-30,US,Kentucky,Muhlenberg,984,14,0,37.21425819,-87.14632053,21177.0,3213.376004180001,1.4227642276422765,970,979,14,0,965,974,30774,5,0,0,5,5
2020-10-30,US,Kentucky,Nelson,1023,4,0,37.80335779,-85.4657193,21179.0,2212.705210563883,0.3910068426197458,1019,1001,4,0,997,959,45851,22,0,0,22,42
2020-10-30,US,Kentucky,Nicholas,119,3,0,38.33342292,-84.01889177,21181.0,1637.08900811666,2.5210084033613445,116,119,3,0,116,116,7166,0,0,0,0,3
2020-10-30,US,Kentucky,Ohio,621,10,0,37.47751843,-86.85368087,21183.0,2588.1470367591896,1.6103059581320451,611,614,10,0,604,611,24087,7,0,0,7,3
2020-10-30,US,Kentucky,Oldham,1486,26,0,38.39791089,-85.448222,21185.0,2224.584200362281,1.749663526244953,1460,1456,26,0,1430,1439,66470,30,0,0,30,17
2020-10-30,US,Kentucky,Owen,126,3,0,38.51679143,-84.82404619,21187.0,1155.8572608017614,2.380952380952381,123,124,3,0,121,123,10880,2,0,0,2,1
2020-10-30,US,Kentucky,Owsley,99,1,0,37.42823949,-83.68811419,21189.0,2242.355605889015,1.0101010101010102,98,98,1,0,97,95,4472,1,0,0,1,3
2020-10-30,US,Kentucky,Pendleton,133,0,0,38.69607718,-84.35599463,21191.0,911.5832762165868,0.0,133,132,0,0,132,131,14529,1,0,0,1,1
2020-10-30,US,Kentucky,Perry,557,9,0,37.25023553,-83.22922731,21193.0,2162.4349716592897,1.615798922800718,548,546,9,0,537,534,26092,11,0,0,11,12
2020-10-30,US,Kentucky,Pike,1004,4,0,37.47088263,-82.39487445,21195.0,1734.7432441772064,0.398406374501992,1000,963,3,0,960,928,58402,41,1,0,40,35
2020-10-30,US,Kentucky,Powell,149,0,0,37.83218794,-83.82553961,21197.0,1205.5991585079698,0.0,149,147,0,0,147,146,12442,2,0,0,2,1
2020-10-30,US,Kentucky,Pulaski,1010,13,0,37.10466131,-84.57629079,21199.0,1554.3483279213285,1.2871287128712872,997,1000,13,0,987,997,64623,10,0,0,10,3
2020-10-30,US,Kentucky,Robertson,36,1,0,38.51923469,-84.05055616,21201.0,1707.7798861480076,2.7777777777777777,35,35,1,0,34,31,2135,1,0,0,1,4
2020-10-30,US,Kentucky,Rockcastle,369,2,0,37.36642393,-84.31176452,21203.0,2210.242587601078,0.5420054200542005,367,365,2,0,363,361,16750,4,0,0,4,4
2020-10-30,US,Kentucky,Rowan,377,2,0,38.19484205,-83.42088935,21205.0,1541.2919051512674,0.5305039787798409,375,370,2,0,368,360,24583,7,0,0,7,10
2020-10-30,US,Kentucky,Russell,400,7,0,36.99308373,-85.06070117,21207.0,2231.769235061094,1.75,393,398,7,0,391,392,17821,2,0,0,2,6
2020-10-30,US,Kentucky,Scott,1190,20,0,38.29622293,-84.5816631,21209.0,2087.572801908638,1.680672268907563,1170,1171,20,0,1151,1152,56031,19,0,0,19,19
2020-10-30,US,Kentucky,Shelby,1534,25,0,38.21476019,-85.194223,21211.0,3129.0796344647524,1.6297262059973925,1509,1510,25,0,1485,1496,48518,24,0,0,24,14
2020-10-30,US,Kentucky,Simpson,367,8,0,36.74058474,-86.58047435,21213.0,1976.0930432909759,2.1798365122615806,359,361,8,0,353,359,18529,6,0,0,6,2
2020-10-30,US,Kentucky,Spencer,326,1,0,38.03223971,-85.32749335,21215.0,1684.667459046044,0.3067484662576687,325,319,1,0,318,315,18794,7,0,0,7,4
2020-10-30,US,Kentucky,Taylor,528,7,0,37.3677562,-85.3329931,21217.0,2048.973572897668,1.3257575757575757,521,522,7,0,515,510,25549,6,0,0,6,12
2020-10-30,US,Kentucky,Todd,299,12,0,36.8381152,-87.17878374,21219.0,2432.080689767366,4.013377926421405,287,298,12,0,286,295,12311,1,0,0,1,3
2020-10-30,US,Kentucky,Trigg,255,0,0,36.80767017,-87.87333656,21221.0,1740.495529315405,0.0,255,251,0,0,251,251,14643,4,0,0,4,0
2020-10-30,US,Kentucky,Trimble,95,0,0,38.61056487,-85.33775972,21223.0,1121.4732617164443,0.0,95,90,0,0,90,88,8515,5,0,0,5,2
2020-10-30,US,Kentucky,Union,524,6,0,37.66166713,-87.94300009,21225.0,3643.6965440511785,1.1450381679389312,518,519,6,0,513,515,14505,5,0,0,5,4
2020-10-30,US,Kentucky,Warren,5372,58,0,36.99903045,-86.42672751,21227.0,4042.258608235011,1.0796723752792257,5314,5300,58,0,5242,5253,131264,72,0,0,72,47
2020-10-30,US,Kentucky,Washington,261,2,0,37.75599461,-85.17407732,21229.0,2157.9164944191816,0.7662835249042146,259,248,1,0,247,242,12084,13,1,0,12,6
2020-10-30,US,Kentucky,Wayne,295,2,0,36.80310688,-84.8251971,21231.0,1450.8434564501058,0.6779661016949152,293,291,2,0,289,288,20468,4,0,0,4,3
2020-10-30,US,Kentucky,Webster,335,5,0,37.52168356,-87.67989953,21233.0,2588.471642713645,1.492537313432836,330,328,5,0,323,318,13111,7,0,0,7,10
2020-10-30,US,Kentucky,Whitley,855,7,0,36.75700531,-84.14541217,21235.0,2357.71012574454,0.8187134502923976,848,839,7,0,832,819,36242,16,0,0,16,20
2020-10-30,US,Kentucky,Wolfe,69,0,0,37.73941626,-83.49303612,21237.0,964.0910996227467,0.0,69,67,0,0,67,65,7177,2,0,0,2,2
2020-10-30,US,Kentucky,Woodford,401,0,0,38.04178222,-84.7417556,21239.0,1499.9625944490165,0.0,401,388,0,0,388,380,26533,13,0,0,13,8
2020-10-30,US,Louisiana,Acadia,3169,101,0,30.295064899999996,-92.41419698,22001.0,5107.583205737771,3.1871252761123383,3068,3158,101,0,3057,3147,62190,11,0,0,11,11
2020-10-30,US,Louisiana,Allen,1848,63,0,30.65385745,-92.82442028,22003.0,7211.144496039334,3.4090909090909087,1785,1848,63,0,1785,1844,25605,0,0,0,0,4
2020-10-30,US,Louisiana,Ascension,4212,100,0,30.20406249,-90.91328409999998,22005.0,3326.909102398029,2.3741690408357075,4112,4186,100,0,4086,4169,124672,26,0,0,26,17
2020-10-30,US,Louisiana,Assumption,802,24,0,29.89946234,-91.06461642,22007.0,3663.606048147641,2.9925187032418954,778,797,24,0,773,801,22300,5,0,0,5,-4
2020-10-30,US,Louisiana,Avoyelles,1757,62,0,31.07796211,-92.00079449,22009.0,4376.743722598645,3.5287421741605014,1695,1754,62,0,1692,1743,40462,3,0,0,3,11
2020-10-30,US,Louisiana,Beauregard,1077,40,0,30.64836518,-93.34173616,22011.0,2872.2297783822705,3.7140204271123487,1037,1071,40,0,1031,1069,37253,6,0,0,6,2
2020-10-30,US,Louisiana,Bienville,614,35,0,32.34569994,-93.05398492,22013.0,4637.112000604184,5.700325732899022,579,619,35,0,584,610,13308,-5,0,0,-5,9
2020-10-30,US,Louisiana,Bossier,4339,121,0,32.67932307,-93.60460152,22015.0,3415.486582860381,2.78866098179304,4218,4322,121,0,4201,4286,127185,17,0,0,17,36
2020-10-30,US,Louisiana,Caddo,10262,396,0,32.57991587,-93.88375652,22017.0,4272.201961665916,3.858896901188852,9866,10206,396,0,9810,10146,242922,56,0,0,56,60
2020-10-30,US,Louisiana,Calcasieu,8461,230,0,30.22931235,-93.35400434,22019.0,4159.047562869895,2.7183548043966432,8231,8441,230,0,8211,8419,203112,20,0,0,20,22
2020-10-30,US,Louisiana,Caldwell,367,3,0,32.0902519,-92.11752148,22021.0,3700.342811050615,0.8174386920980926,364,362,3,0,359,360,9960,5,0,0,5,2
2020-10-30,US,Louisiana,Cameron,247,2,0,29.87592238,-93.19310676,22023.0,3542.2343324250683,0.8097165991902834,245,246,2,0,244,247,6968,1,0,0,1,-1
2020-10-30,US,Louisiana,Catahoula,465,15,0,31.66778967,-91.84526385,22025.0,4897.83020855277,3.2258064516129035,450,463,15,0,448,463,9608,2,0,0,2,0
2020-10-30,US,Louisiana,Claiborne,603,26,0,32.82308512,-92.99526883,22027.0,3848.117421825144,4.311774461028192,577,601,26,0,575,603,15944,2,0,0,2,-2
2020-10-30,US,Louisiana,Concordia,611,16,0,31.44817835,-91.63814433,22029.0,3172.5427073056762,2.6186579378068737,595,611,16,0,595,611,19572,0,0,0,0,0
2020-10-30,US,Louisiana,De Soto,1037,35,0,32.05457447,-93.74130302,22031.0,3775.989513163165,3.3751205400192865,1002,1030,35,0,995,1030,27436,7,0,0,7,0
2020-10-30,US,Louisiana,East Baton Rouge,16202,459,0,30.53842039,-91.09777565,22033.0,3681.779034174963,2.832983582273793,15743,16172,459,0,15713,16142,440956,30,0,0,30,30
2020-10-30,US,Louisiana,East Carroll,586,6,0,32.73926954,-91.23425694,22035.0,8541.029004518292,1.023890784982935,580,585,6,0,579,584,7037,1,0,0,1,1
2020-10-30,US,Louisiana,East Feliciana,1799,78,0,30.84425359,-91.04976723,22037.0,9401.620067938333,4.33574207893274,1721,1802,78,0,1724,1801,19305,-3,0,0,-3,1
2020-10-30,US,Louisiana,Evangeline,1413,40,0,30.72985248,-92.39915924,22039.0,4231.172331187304,2.8308563340410475,1373,1413,40,0,1373,1412,33443,0,0,0,0,1
2020-10-30,US,Louisiana,Franklin,1348,47,0,32.13675181,-91.67589857,22041.0,6734.948788408694,3.486646884272997,1301,1339,47,0,1292,1335,20156,9,0,0,9,4
2020-10-30,US,Louisiana,Grant,543,30,0,31.59882456,-92.56124347,22043.0,2425.2981374782253,5.524861878453039,513,538,30,0,508,541,22482,5,0,0,5,-3
2020-10-30,US,Louisiana,Iberia,3079,97,0,29.86803617,-91.75871777,22045.0,4409.2796792209665,3.1503734978889253,2982,3081,97,0,2984,3080,70941,-2,0,0,-2,1
2020-10-30,US,Louisiana,Iberville,1487,61,0,30.25734305,-91.3499598,22047.0,4573.836547630033,4.10221923335575,1426,1483,61,0,1422,1480,32721,4,0,0,4,3
2020-10-30,US,Louisiana,Jackson,869,24,0,32.30251776,-92.55692092,22049.0,5519.5630081300815,2.761795166858458,845,861,24,0,837,860,15902,8,0,0,8,1
2020-10-30,US,Louisiana,Jefferson,18785,589,0,29.74075478,-90.11115756,22051.0,4343.422899330162,3.1354804365184985,18196,18757,587,0,18170,18726,434051,28,2,0,26,31
2020-10-30,US,Louisiana,Jefferson Davis,1355,44,0,30.26896765,-92.81210004,22053.0,4319.688854883958,3.2472324723247232,1311,1352,43,0,1309,1354,31582,3,1,0,2,-2
2020-10-30,US,Louisiana,LaSalle,517,10,0,31.67884782,-92.15907765,22059.0,3471.662637657803,1.9342359767891684,507,503,10,0,493,501,14917,14,0,0,14,2
2020-10-30,US,Louisiana,Lafayette,9505,140,0,30.2049055,-92.06959876,22055.0,3889.2753385981428,1.4729089952656496,9365,9493,139,0,9354,9477,242782,12,1,0,11,16
2020-10-30,US,Louisiana,Lafourche,3907,131,0,29.52470226,-90.40976986,22057.0,4002.499641444874,3.3529562324033786,3776,3909,130,0,3779,3905,98115,-2,1,0,-3,4
2020-10-30,US,Louisiana,Lincoln,1688,50,0,32.6003154,-92.66597409999999,22061.0,3611.31316588935,2.962085308056872,1638,1679,50,0,1629,1676,47196,9,0,0,9,3
2020-10-30,US,Louisiana,Livingston,4232,80,0,30.44143993,-90.73061664,22063.0,3005.916655420523,1.8903591682419658,4152,4227,80,0,4147,4221,139567,5,0,0,5,6
2020-10-30,US,Louisiana,Madison,895,9,0,32.36918118,-91.23973355,22065.0,8172.769610081271,1.005586592178771,886,894,9,0,885,893,11161,1,0,0,1,1
2020-10-30,US,Louisiana,Morehouse,896,27,0,32.81686191,-91.80421614,22067.0,3602.1548604969043,3.0133928571428568,869,892,27,0,865,895,25398,4,0,0,4,-3
2020-10-30,US,Louisiana,Natchitoches,1503,28,0,31.72321584,-93.09816516,22069.0,3938.8856858325908,1.8629407850964737,1475,1495,28,0,1467,1493,38659,8,0,0,8,2
2020-10-30,US,Louisiana,Orleans,13536,595,0,30.06971951,-89.92660315,22071.0,3469.4881889763788,4.3956855791962175,12941,13514,594,0,12920,13499,391006,22,1,0,21,15
2020-10-30,US,Louisiana,Ouachita,7082,167,0,32.47645559,-92.15704172,22073.0,4620.3328570776175,2.3580909347641907,6915,7061,166,0,6895,7036,154475,21,1,0,20,25
2020-10-30,US,Louisiana,Plaquemines,898,19,0,29.42245447,-89.60322085,22075.0,3871.190240117257,2.115812917594655,879,894,19,0,875,894,23410,4,0,0,4,0
2020-10-30,US,Louisiana,Pointe Coupee,1140,42,0,30.71409502,-91.60209535,22077.0,5246.2034054302785,3.684210526315789,1098,1140,42,0,1098,1139,21940,0,0,0,0,1
2020-10-30,US,Louisiana,Rapides,4749,160,0,31.19778499,-92.52997303,22079.0,3662.99518696779,3.369130343230154,4589,4731,158,0,4573,4715,130562,18,2,0,16,16
2020-10-30,US,Louisiana,Red River,446,24,0,32.09530039,-93.34213308,22081.0,5283.108268182895,5.381165919282512,422,442,24,0,418,438,8477,4,0,0,4,4
2020-10-30,US,Louisiana,Richland,901,18,0,32.41391005,-91.76634876,22083.0,4477.686114700327,1.997780244173141,883,895,18,0,877,889,20192,6,0,0,6,6
2020-10-30,US,Louisiana,Sabine,1005,15,0,31.56388699,-93.55433981,22085.0,4207.837883101658,1.492537313432836,990,1004,15,0,989,1001,24032,1,0,0,1,3
2020-10-30,US,Louisiana,St. Bernard,1557,32,0,29.87761636,-89.51887093,22087.0,3295.6565913131817,2.055234425176622,1525,1554,32,0,1522,1551,46721,3,0,0,3,3
2020-10-30,US,Louisiana,St. Charles,1964,63,0,29.90709658,-90.35555967,22089.0,3698.681732580037,3.207739307535641,1901,1954,63,0,1891,1955,52879,10,0,0,10,-1
2020-10-30,US,Louisiana,St. Helena,439,4,0,30.82210324,-90.71013176,22091.0,4332.8069482826695,0.9111617312072892,435,439,4,0,435,438,10262,0,0,0,0,1
2020-10-30,US,Louisiana,St. James,846,40,0,30.02531716,-90.80212061,22093.0,4010.2389078498295,4.728132387706856,806,845,40,0,805,847,21037,1,0,0,1,-2
2020-10-30,US,Louisiana,St. John the Baptist,1659,107,0,30.12597499,-90.4753503,22095.0,3872.820225505988,6.4496684749849305,1552,1654,107,0,1547,1653,43184,5,0,0,5,1
2020-10-30,US,Louisiana,St. Landry,3681,135,0,30.59724262,-92.00135806,22097.0,4482.246359164191,3.667481662591687,3546,3679,135,0,3544,3675,82764,2,0,0,2,4
2020-10-30,US,Louisiana,St. Martin,2237,64,0,30.13112107,-91.61403569,22099.0,4186.708090808706,2.8609745194456857,2173,2230,64,0,2166,2230,53621,7,0,0,7,0
2020-10-30,US,Louisiana,St. Mary,2026,86,0,29.69262097,-91.44702164,22101.0,4105.536191942936,4.244817374136229,1940,2027,86,0,1941,2021,49774,-1,0,0,-1,6
2020-10-30,US,Louisiana,St. Tammany,7764,271,0,30.40942847,-89.95642711,22103.0,2981.349287110388,3.4904688304997413,7493,7765,271,0,7494,7749,258111,-1,0,0,-1,16
2020-10-30,US,Louisiana,Tangipahoa,5047,126,0,30.62888673,-90.40664996,22105.0,3745.232194007034,2.4965325936199716,4921,5037,126,0,4911,5026,133777,10,0,0,10,11
2020-10-30,US,Louisiana,Tensas,187,2,0,32.00760749,-91.32915234,22107.0,4314.720812182741,1.0695187165775402,185,186,2,0,184,186,4462,1,0,0,1,0
2020-10-30,US,Louisiana,Terrebonne,3880,125,0,29.37343766,-90.82626855,22109.0,3512.551941409185,3.2216494845360826,3755,3870,125,0,3745,3870,111021,10,0,0,10,0
2020-10-30,US,Louisiana,Unassigned,321,214,0,0.0,0.0,90022.0,0.0,66.66666666666667,107,319,214,0,105,317,,2,0,0,2,2
2020-10-30,US,Louisiana,Union,1127,52,0,32.83121059,-92.3749373,22111.0,5097.702189252759,4.614019520851818,1075,1123,51,0,1072,1118,22330,4,1,0,3,5
2020-10-30,US,Louisiana,Vermilion,2131,70,0,29.83517605,-92.30292538,22113.0,3580.850599048915,3.2848427968090097,2061,2129,70,0,2059,2129,59830,2,0,0,2,0
2020-10-30,US,Louisiana,Vernon,1128,56,0,31.10884837,-93.18153838,22115.0,2378.291762423833,4.964539007092198,1072,1125,56,0,1069,1125,48860,3,0,0,3,0
2020-10-30,US,Louisiana,Washington,1753,72,0,30.85288548,-90.03866652,22117.0,3794.865134000088,4.107244723331432,1681,1751,72,0,1679,1752,46582,2,0,0,2,-1
2020-10-30,US,Louisiana,Webster,1490,41,0,32.70847669,-93.33121835,22119.0,3886.280646844027,2.7516778523489935,1449,1491,41,0,1450,1483,38798,-1,0,0,-1,8
2020-10-30,US,Louisiana,West Baton Rouge,964,42,0,30.46058217,-91.30989571,22121.0,3642.546759871529,4.356846473029045,922,963,42,0,921,964,26427,1,0,0,1,-1
2020-10-30,US,Louisiana,West Carroll,377,13,0,32.78550125,-91.461201,22123.0,3481.071098799631,3.4482758620689653,364,377,13,0,364,376,10982,0,0,0,0,1
2020-10-30,US,Louisiana,West Feliciana,760,25,0,30.87882871,-91.41485379999999,22125.0,4881.808838643371,3.2894736842105265,735,753,25,0,728,755,15460,7,0,0,7,-2
2020-10-30,US,Louisiana,Winn,695,20,0,31.94449367,-92.63789413,22127.0,4998.56156501726,2.8776978417266186,675,695,19,0,676,688,14134,0,1,0,-1,7
2020-10-30,US,Maine,Androscoggin,868,10,0,44.1664747,-70.20380627,23001.0,801.6476259962873,1.1520737327188941,858,862,10,0,852,855,107679,6,0,0,6,7
2020-10-30,US,Maine,Aroostook,66,1,0,46.65926321,-68.59841248,23003.0,98.42666467824921,1.5151515151515151,65,67,1,0,66,67,67111,-1,0,0,-1,0
2020-10-30,US,Maine,Cumberland,2589,70,0,43.8370751,-70.37226999,23005.0,877.6181937132843,2.7037466203167244,2519,2545,70,0,2475,2523,293557,44,0,0,44,22
2020-10-30,US,Maine,Franklin,80,1,0,44.97330019,-70.44381045,23007.0,264.9094340872214,1.25,79,79,1,0,78,77,29897,1,0,0,1,2
2020-10-30,US,Maine,Hancock,73,1,0,44.59816444,-68.38401854,23009.0,132.75865204502884,1.3698630136986298,72,71,1,0,70,71,54811,2,0,0,2,0
2020-10-30,US,Maine,Kennebec,350,11,0,44.40759555,-69.76738544,23011.0,286.1768409347353,3.1428571428571432,339,341,11,0,330,332,122083,9,0,0,9,9
2020-10-30,US,Maine,Knox,88,1,0,44.11486325,-69.10529169,23013.0,221.2611887760233,1.1363636363636365,87,82,1,0,81,78,39771,6,0,0,6,4
2020-10-30,US,Maine,Lincoln,64,1,0,44.05996956,-69.54227124,23015.0,184.78951319512612,1.5625,63,61,1,0,60,61,34342,3,0,0,3,0
2020-10-30,US,Maine,Oxford,169,2,0,44.49952995,-70.75682123,23017.0,291.5049590340664,1.183431952662722,167,164,2,0,162,164,57618,5,0,0,5,0
2020-10-30,US,Maine,Penobscot,305,6,0,45.40194593,-68.65020455,23019.0,200.4627073638825,1.9672131147540983,299,303,6,0,297,302,151096,2,0,0,2,1
2020-10-30,US,Maine,Piscataquis,10,0,0,45.83839062,-69.2860223,23021.0,59.577003276735184,0.0,10,10,0,0,10,10,16800,0,0,0,0,0
2020-10-30,US,Maine,Sagadahoc,86,0,0,43.95415864,-69.85074999,23023.0,239.84828201695672,0.0,86,84,0,0,84,82,35634,2,0,0,2,2
2020-10-30,US,Maine,Somerset,183,8,0,45.51229767,-69.95995554,23025.0,362.4910862847634,4.371584699453551,175,172,8,0,164,153,50592,11,0,0,11,19
2020-10-30,US,Maine,Waldo,154,14,0,44.4858305,-69.12061935,23027.0,387.7628100214025,9.090909090909092,140,154,14,0,140,150,39694,0,0,0,0,4
2020-10-30,US,Maine,Washington,61,0,0,45.01607142,-67.62813524,23029.0,194.39752700850886,0.0,61,60,0,0,60,57,31490,1,0,0,1,3
2020-10-30,US,Maine,York,1420,20,0,43.47808377,-70.71052375,23031.0,683.8726455757774,1.4084507042253518,1400,1411,20,0,1391,1404,206229,9,0,0,9,7
2020-10-30,US,Maryland,Allegany,735,24,0,39.62357628,-78.69280486,24001.0,1043.7968643490117,3.26530612244898,711,693,24,0,669,679,70975,42,0,0,42,14
2020-10-30,US,Maryland,Anne Arundel,12115,275,0,39.00670238,-76.60329337,24003.0,2091.555399026991,2.2699133305819235,11840,12040,274,0,11766,11921,576031,75,1,0,74,119
2020-10-30,US,Maryland,Baltimore,20867,672,0,39.45784712,-76.62911955,24005.0,2522.088062172909,3.2203958403220394,20195,20670,669,0,20001,20510,828431,197,3,0,194,160
2020-10-30,US,Maryland,Baltimore City,17850,504,0,39.30211911,-76.61151012,24510.0,3007.6328160541884,2.8235294117647056,17346,17774,502,0,17272,17664,621342,76,2,0,74,110
2020-10-30,US,Maryland,Calvert,1195,29,0,38.53961642,-76.56820632,24009.0,1291.5428262631724,2.426778242677824,1166,1188,29,0,1159,1184,92003,7,0,0,7,4
2020-10-30,US,Maryland,Caroline,753,8,0,38.87172293,-75.82904158,24011.0,2254.086092318745,1.0624169986719787,745,750,8,0,742,740,33304,3,0,0,3,10
2020-10-30,US,Maryland,Carroll,2278,129,0,39.56453592,-77.02373735,24013.0,1352.3541529383126,5.662862159789289,2149,2258,129,0,2129,2231,168429,20,0,0,20,27
2020-10-30,US,Maryland,Cecil,1365,36,0,39.56647682,-75.94627411,24015.0,1327.1109814787808,2.6373626373626373,1329,1354,36,0,1318,1348,102826,11,0,0,11,6
2020-10-30,US,Maryland,Charles,3208,102,0,38.51092331,-76.98580666,24017.0,1964.9999693734421,3.1795511221945136,3106,3187,102,0,3085,3168,161503,21,0,0,21,19
2020-10-30,US,Maryland,Dorchester,808,12,0,38.45413522,-76.02752426,24019.0,2530.6148015910308,1.4851485148514851,796,797,11,0,786,782,31998,11,1,0,10,15
2020-10-30,US,Maryland,Frederick,4826,139,0,39.47296601,-77.39999394,24021.0,1859.3934817200736,2.8802320762536264,4687,4786,139,0,4647,4748,255648,40,0,0,40,38
2020-10-30,US,Maryland,Garrett,147,1,0,39.52786077,-79.27355126,24023.0,506.65196112221685,0.6802721088435374,146,147,1,0,146,142,29163,0,0,0,0,5
2020-10-30,US,Maryland,Harford,3649,82,0,39.55010644,-76.30775940000002,24025.0,1428.5099103119705,2.247191011235955,3567,3612,81,0,3531,3583,253956,37,1,0,36,29
2020-10-30,US,Maryland,Howard,5930,127,0,39.25305293,-76.93126208,24027.0,1820.7497927477048,2.141652613827993,5803,5894,127,0,5767,5865,323196,36,0,0,36,29
2020-10-30,US,Maryland,Kent,343,25,0,39.24976208,-76.04741541,24029.0,1766.0385130264651,7.288629737609329,318,343,25,0,318,343,19383,0,0,0,0,0
2020-10-30,US,Maryland,Montgomery,25831,872,0,39.13676329,-77.20358245,24031.0,2458.484345495523,3.3757887809221483,24959,25692,872,0,24820,25562,1052567,139,0,0,139,130
2020-10-30,US,Maryland,Prince George's,32937,859,0,38.83070039,-76.8496441,24033.0,3622.1293330122166,2.608009229741628,32078,32800,859,0,31941,32648,909308,137,0,0,137,152
2020-10-30,US,Maryland,Queen Anne's,798,26,0,39.06198912,-76.03530977,24035.0,1583.9304499712189,3.2581453634085213,772,784,26,0,758,777,50251,14,0,0,14,7
2020-10-30,US,Maryland,Somerset,435,6,0,38.1163542,-75.75118623,24039.0,1698.157401623985,1.3793103448275863,429,427,6,0,421,421,25675,8,0,0,8,6
2020-10-30,US,Maryland,St. Mary's,1501,60,0,38.30058422,-76.60629279999998,24037.0,1322.3504537045194,3.9973351099267154,1441,1497,60,0,1437,1475,112664,4,0,0,4,22
2020-10-30,US,Maryland,Talbot,655,6,0,38.76618159,-76.10882561,24041.0,1761.6524569000296,0.916030534351145,649,651,6,0,645,647,36968,4,0,0,4,4
2020-10-30,US,Maryland,Unassigned,0,15,0,0.0,0.0,90024.0,0.0,0.0,-15,0,15,0,-15,0,,0,0,0,0,0
2020-10-30,US,Maryland,Washington,2327,46,0,39.60835778,-77.82002295,24043.0,1540.5596859297314,1.9767941555651047,2281,2304,44,0,2260,2281,150926,23,2,0,21,23
2020-10-30,US,Maryland,Wicomico,2539,51,0,38.37301947,-75.62705831,24045.0,2450.559314345279,2.0086648286727056,2488,2519,51,0,2468,2494,103195,20,0,0,20,25
2020-10-30,US,Maryland,Worcester,1222,31,0,38.21274277,-75.33200012,24047.0,2337.592776800061,2.536824877250409,1191,1220,31,0,1189,1212,51823,2,0,0,2,8
2020-10-30,US,Massachusetts,Barnstable,2020,183,0,41.72980578,-70.28854339,25001.0,948.401333395934,9.059405940594061,1837,2004,183,0,1821,1999,213413,16,0,0,16,5
2020-10-30,US,Massachusetts,Berkshire,783,52,0,42.37428441,-73.20524838,25003.0,626.6807529773339,6.641123882503193,731,781,52,0,729,780,126348,2,0,0,2,1
2020-10-30,US,Massachusetts,Bristol,12533,757,0,41.79228404,-71.10872211,25005.0,2217.3784581850864,6.040054256762147,11776,12338,752,0,11586,12167,564022,195,5,0,190,171
2020-10-30,US,Massachusetts,Dukes and Nantucket,253,2,0,41.40674725,-70.68763497,0.0,880.5819498103094,0.7905138339920948,251,244,2,0,242,241,26707,9,0,0,9,3
2020-10-30,US,Massachusetts,Essex,24089,1353,0,42.6687626,-70.94687179,25009.0,3052.9736361170753,5.616671509817759,22736,23861,1348,0,22513,23642,790638,228,5,0,223,219
2020-10-30,US,Massachusetts,Franklin,479,73,0,42.58119713,-72.58602547,25011.0,682.5306355086921,15.24008350730689,406,478,73,0,405,472,70963,1,0,0,1,6
2020-10-30,US,Massachusetts,Hampden,10151,816,0,42.13440424,-72.63235561,25013.0,2176.5886459736003,8.038616885035957,9335,10016,816,0,9200,9901,470406,135,0,0,135,115
2020-10-30,US,Massachusetts,Hampshire,1503,155,0,42.33997957,-72.65898478,25015.0,934.5271404588697,10.312707917498336,1348,1484,155,0,1329,1472,161355,19,0,0,19,12
2020-10-30,US,Massachusetts,Middlesex,32295,2279,0,42.48607732,-71.39049229,25017.0,2003.7860667531595,7.056819941167364,30016,32015,2272,0,29743,31808,1614714,280,7,0,273,207
2020-10-30,US,Massachusetts,Norfolk,11891,1111,0,42.16073095,-71.20530408,25021.0,1682.4307594354639,9.343200740055504,10780,11814,1110,0,10704,11733,705388,77,1,0,76,81
2020-10-30,US,Massachusetts,Plymouth,11486,836,0,41.94070556,-70.80802823,25023.0,2203.752096116285,7.2784259098032384,10650,11423,835,0,10588,11350,518132,63,1,0,62,73
2020-10-30,US,Massachusetts,Suffolk,28660,1180,0,42.327951399999996,-71.07850442,25025.0,3565.0889966127925,4.117236566643405,27480,28400,1177,0,27223,28152,807252,260,3,0,257,248
2020-10-30,US,Massachusetts,Unassigned,4238,5,0,0.0,0.0,90025.0,0.0,0.11798017932987258,4233,4126,5,0,4121,4030,,112,0,0,112,96
2020-10-30,US,Massachusetts,Worcester,16765,1173,0,42.35026951,-71.90493363,25027.0,2018.3669587369463,6.996719355800775,15592,16580,1171,0,15409,16471,830839,185,2,0,183,109
2020-10-30,US,Michigan,Alcona,55,3,0,44.6846864,-83.59507875,26001.0,528.5920230658337,5.454545454545454,52,54,3,0,51,54,10362,1,0,0,1,0
2020-10-30,US,Michigan,Alger,119,1,0,46.41292944,-86.60260122,26003.0,1306.5436978480454,0.8403361344537815,118,117,1,0,116,117,9097,2,0,0,2,0
2020-10-30,US,Michigan,Allegan,1434,7,0,42.59147037,-85.89102866,26005.0,1214.4206095815584,0.4881450488145049,1427,1368,7,0,1361,1325,117327,66,0,0,66,43
2020-10-30,US,Michigan,Alpena,175,14,0,45.03477666,-83.62212411,26007.0,616.0887167752156,8.0,161,175,14,0,161,163,28360,0,0,0,0,12
2020-10-30,US,Michigan,Antrim,142,0,0,44.99690221,-85.15503082,26009.0,608.8149545532499,0.0,142,140,0,0,140,130,23365,2,0,0,2,10
2020-10-30,US,Michigan,Arenac,109,3,0,44.0636262,-83.89277559,26011.0,732.3792246186923,2.7522935779816518,106,110,3,0,107,102,15041,-1,0,0,-1,8
2020-10-30,US,Michigan,Baraga,114,4,0,46.6720582,-88.36363591,26013.0,1388.7196978925574,3.5087719298245608,110,105,4,0,101,101,8320,9,0,0,9,4
2020-10-30,US,Michigan,Barry,774,6,0,42.59513984,-85.30834519,26015.0,1257.514216084484,0.7751937984496124,768,752,6,0,746,716,61157,22,0,0,22,36
2020-10-30,US,Michigan,Bay,1525,63,0,43.70639106,-83.98731479,26017.0,1478.7735391656809,4.131147540983608,1462,1480,62,0,1418,1433,103923,45,1,0,44,47
2020-10-30,US,Michigan,Benzie,143,2,0,44.63899297,-86.01608482,26019.0,804.9082517167624,1.3986013986013983,141,137,2,0,135,125,17753,6,0,0,6,12
2020-10-30,US,Michigan,Berrien,2906,86,0,41.95447397,-86.41313079999998,26021.0,1894.3813925593704,2.959394356503785,2820,2844,83,0,2761,2774,154141,62,3,0,59,70
2020-10-30,US,Michigan,Branch,948,11,0,41.91600556,-85.05929476,26023.0,2178.458993037204,1.1603375527426159,937,924,11,0,913,899,43622,24,0,0,24,25
2020-10-30,US,Michigan,Calhoun,3157,69,0,42.24633834,-85.00493569,26025.0,2353.177945572045,2.1856192587899903,3088,3087,69,0,3018,2976,134487,70,0,0,70,111
2020-10-30,US,Michigan,Cass,1073,24,0,41.91522292,-85.99405727,26027.0,2071.948558518547,2.2367194780987885,1049,1054,24,0,1030,1025,51653,19,0,0,19,29
2020-10-30,US,Michigan,Charlevoix,211,4,0,45.37790017,-85.19614053,26029.0,807.0994147572965,1.895734597156398,207,202,4,0,198,190,26244,9,0,0,9,12
2020-10-30,US,Michigan,Cheboygan,183,2,0,45.44787015,-84.50122149,26031.0,724.006963127077,1.0928961748633879,181,172,2,0,170,154,25413,11,0,0,11,18
2020-10-30,US,Michigan,Chippewa,182,0,0,46.29552653,-84.54353449,26033.0,487.2955099199443,0.0,182,174,0,0,174,161,37517,8,0,0,8,13
2020-10-30,US,Michigan,Clare,309,13,0,43.98794227,-84.84819859999998,26035.0,998.3844911147012,4.207119741100324,296,301,13,0,288,291,30757,8,0,0,8,10
2020-10-30,US,Michigan,Clinton,1249,16,0,42.94400871,-84.60145248,26037.0,1569.1940448520636,1.281024819855885,1233,1205,16,0,1189,1149,79332,44,0,0,44,56
2020-10-30,US,Michigan,Crawford,156,5,0,44.68255561,-84.61006219,26039.0,1111.9823223323115,3.2051282051282053,151,156,5,0,151,153,13901,0,0,0,0,3
2020-10-30,US,Michigan,Delta,1332,34,0,45.90484910000001,-86.9080745,26041.0,3722.334004024145,2.5525525525525525,1298,1300,34,0,1266,1263,35857,32,0,0,32,37
2020-10-30,US,Michigan,Dickinson,722,21,0,46.00999672,-87.86961634,26043.0,2860.6521652997344,2.9085872576177287,701,687,21,0,666,660,25383,35,0,0,35,27
2020-10-30,US,Michigan,Eaton,1245,11,0,42.59599185,-84.83740035,26045.0,1129.0673631515942,0.8835341365461847,1234,1228,11,0,1217,1180,109826,17,0,0,17,48
2020-10-30,US,Michigan,Emmet,298,4,0,45.52625509,-84.89083249,26047.0,891.8150531198563,1.342281879194631,294,294,4,0,290,268,33308,4,0,0,4,26
2020-10-30,US,Michigan,Federal Correctional Institution (FCI),197,5,0,0.0,0.0,0.0,0.0,2.538071065989848,192,197,5,0,192,197,,0,0,0,0,0
2020-10-30,US,Michigan,Genesee,7213,341,0,43.02244215,-83.70589709,26049.0,1777.4196489516107,4.727575211423819,6872,7048,340,0,6708,6898,406892,165,1,0,164,150
2020-10-30,US,Michigan,Gladwin,234,2,0,43.98901072,-84.38774817,26051.0,919.4860308853,0.8547008547008547,232,228,2,0,226,216,25337,6,0,0,6,12
2020-10-30,US,Michigan,Gogebic,443,11,0,46.40862701,-89.69377193,26053.0,3169.9463327370313,2.4830699774266365,432,423,11,0,412,413,15096,20,0,0,20,10
2020-10-30,US,Michigan,Grand Traverse,859,14,0,44.69565625,-85.55585247,26055.0,922.7827432107254,1.6298020954598371,845,849,14,0,835,810,92573,10,0,0,10,39
2020-10-30,US,Michigan,Gratiot,585,17,0,43.29265605,-84.60505416,26057.0,1436.9580703004099,2.9059829059829063,568,562,17,0,545,533,40599,23,0,0,23,29
2020-10-30,US,Michigan,Hillsdale,564,29,0,41.88753639,-84.59312019,26059.0,1236.7065014801008,5.141843971631205,535,546,29,0,517,530,45749,18,0,0,18,16
2020-10-30,US,Michigan,Houghton,977,9,0,46.89988536,-88.68495385,26061.0,2737.9217576504875,0.9211873080859776,968,968,9,0,959,942,36219,9,0,0,9,26
2020-10-30,US,Michigan,Huron,286,6,0,43.83353985,-83.04078453,26063.0,923.1464445950743,2.097902097902098,280,286,6,0,280,277,31166,0,0,0,0,9
2020-10-30,US,Michigan,Ingham,4834,68,0,42.59716886,-84.37472069,26065.0,1653.1808512821217,1.406702523789822,4766,4777,66,0,4711,4683,292735,57,2,0,55,94
2020-10-30,US,Michigan,Ionia,808,8,0,42.94502238,-85.07413319,26067.0,1248.8987124596194,0.99009900990099,800,795,8,0,787,731,64210,13,0,0,13,64
2020-10-30,US,Michigan,Iosco,309,16,0,44.35486835,-83.63484895,26069.0,1229.75285549409,5.17799352750809,293,303,16,0,287,294,25081,6,0,0,6,9
2020-10-30,US,Michigan,Iron,465,25,0,46.20974132,-88.53136251,26071.0,4202.060365082234,5.376344086021504,440,452,25,0,427,443,11117,13,0,0,13,9
2020-10-30,US,Michigan,Isabella,1120,15,0,43.64060976,-84.84664923,26073.0,1602.9310739638195,1.3392857142857142,1105,1103,15,0,1088,1065,70562,17,0,0,17,38
2020-10-30,US,Michigan,Jackson,1955,69,0,42.24807035,-84.42258681,26075.0,1233.3606712510252,3.5294117647058822,1886,1926,68,0,1858,1861,158823,29,1,0,28,65
2020-10-30,US,Michigan,Kalamazoo,5111,112,0,42.24542231,-85.53038622,26077.0,1928.1990145850464,2.1913519859127373,4999,5012,110,0,4902,4889,264870,99,2,0,97,123
2020-10-30,US,Michigan,Kalkaska,140,4,0,44.68512729,-85.09085699,26079.0,776.1392615589311,2.8571428571428568,136,135,4,0,131,130,17824,5,0,0,5,5
2020-10-30,US,Michigan,Kent,15522,186,0,43.03197711,-85.54934642,26081.0,2362.718907687741,1.1982991882489369,15336,15104,186,0,14918,14778,653786,418,0,0,418,326
2020-10-30,US,Michigan,Keweenaw,21,0,0,47.63197653,-88.41434263,26083.0,992.4385633270323,0.0,21,22,0,0,22,23,2113,-1,0,0,-1,-1
2020-10-30,US,Michigan,Lake,67,1,0,43.99050893,-85.802173,26085.0,565.2577406563739,1.492537313432836,66,65,1,0,64,64,11881,2,0,0,2,1
2020-10-30,US,Michigan,Lapeer,981,38,0,43.09052506,-83.22153148,26087.0,1119.773534078327,3.873598369011213,943,958,38,0,920,942,88028,23,0,0,23,16
2020-10-30,US,Michigan,Leelanau,160,2,0,44.94430054,-85.80150326,26089.0,735.2603281099214,1.25,158,158,2,0,156,151,21764,2,0,0,2,7
2020-10-30,US,Michigan,Lenawee,1196,20,0,41.89475156,-84.06603727,26091.0,1214.8175234380556,1.6722408026755853,1176,1182,20,0,1162,1162,98266,14,0,0,14,20
2020-10-30,US,Michigan,Livingston,2270,35,0,42.60302282,-83.91297209,26093.0,1182.3224563139665,1.5418502202643172,2235,2205,35,0,2170,2142,191224,65,0,0,65,63
2020-10-30,US,Michigan,Luce,75,1,0,46.47227431,-85.54471223,26095.0,1204.045593193129,1.3333333333333333,74,84,1,0,83,66,6283,-9,0,0,-9,18
2020-10-30,US,Michigan,Mackinac,167,0,0,46.07028979,-85.04980537,26097.0,1546.4394851375127,0.0,167,166,0,0,166,162,10787,1,0,0,1,4
2020-10-30,US,Michigan,Macomb,19402,1093,0,42.69158356,-82.92752801,26099.0,2219.9795874467372,5.633439851561695,18309,19127,1093,0,18034,18829,874759,275,0,0,275,298
2020-10-30,US,Michigan,Manistee,152,3,0,44.33352407,-86.05626916,26101.0,618.9429106604772,1.973684210526316,149,148,3,0,145,139,24528,4,0,0,4,9
2020-10-30,US,Michigan,Marquette,1195,15,0,46.4338914,-87.64043701,26103.0,1791.631058936416,1.2552301255230125,1180,1161,15,0,1146,1083,66516,34,0,0,34,78
2020-10-30,US,Michigan,Mason,268,2,0,43.99509218,-86.24988902,26105.0,919.5717814987648,0.746268656716418,266,257,2,0,255,250,29100,11,0,0,11,7
2020-10-30,US,Michigan,Mecosta,582,4,0,43.64064262,-85.32463223,26107.0,1339.3781787218375,0.6872852233676976,578,558,4,0,554,541,43545,24,0,0,24,17
2020-10-30,US,Michigan,Menominee,757,6,0,45.58038692,-87.55370409,26109.0,3323.0904302019317,0.7926023778071334,751,743,6,0,737,729,22983,14,0,0,14,14
2020-10-30,US,Michigan,Michigan Department of Corrections (MDOC),6958,75,0,0.0,0.0,0.0,0.0,1.0778959471112388,6883,6883,75,0,6808,6691,,75,0,0,75,192
2020-10-30,US,Michigan,Midland,1138,14,0,43.64330771,-84.38804374,26111.0,1368.5121939487226,1.2302284710017577,1124,1119,14,0,1105,1066,83209,19,0,0,19,53
2020-10-30,US,Michigan,Missaukee,94,1,0,44.33772443,-85.09256478,26113.0,621.7753671120519,1.0638297872340423,93,92,1,0,91,91,15113,2,0,0,2,1
2020-10-30,US,Michigan,Monroe,2134,39,0,41.92734151,-83.53749864,26115.0,1417.9401993355484,1.8275538894095595,2095,2106,39,0,2067,2076,150439,28,0,0,28,30
2020-10-30,US,Michigan,Montcalm,753,13,0,43.31082541,-85.15252824,26117.0,1178.62509391435,1.7264276228419655,740,717,13,0,704,680,63968,36,0,0,36,37
2020-10-30,US,Michigan,Montmorency,37,0,0,45.0275929,-84.12696227,26119.0,396.65523156089193,0.0,37,34,0,0,34,29,9265,3,0,0,3,5
2020-10-30,US,Michigan,Muskegon,2444,84,0,43.29123859,-86.15176712,26121.0,1408.1098832720695,3.436988543371522,2360,2344,84,0,2260,2227,173588,100,0,0,100,117
2020-10-30,US,Michigan,Newaygo,685,4,0,43.554373999999996,-85.80070107,26123.0,1398.5300122498984,0.583941605839416,681,663,3,0,660,650,48892,22,1,0,21,13
2020-10-30,US,Michigan,Oakland,26259,1239,0,42.66090111,-83.38595416,26125.0,2088.0513746994243,4.718382268936365,25020,25903,1239,0,24664,25563,1259201,356,0,0,356,340
2020-10-30,US,Michigan,Oceana,664,6,0,43.64124435,-86.26726673,26127.0,2508.7845241243813,0.9036144578313252,658,650,6,0,644,637,26625,14,0,0,14,13
2020-10-30,US,Michigan,Ogemaw,125,5,0,44.33481032,-84.12725175,26129.0,595.3231414011525,4.0,120,125,5,0,120,117,20952,0,0,0,0,8
2020-10-30,US,Michigan,Ontonagon,116,0,0,46.665226200000006,-89.31390481,26131.0,2027.972027972028,0.0,116,110,0,0,110,106,5795,6,0,0,6,4
2020-10-30,US,Michigan,Osceola,195,1,0,43.98992088,-85.32566756,26133.0,831.2020460358058,0.5128205128205128,194,192,1,0,191,182,23341,3,0,0,3,10
2020-10-30,US,Michigan,Oscoda,60,2,0,44.68192279,-84.12939244,26135.0,728.066982162359,3.333333333333333,58,57,2,0,55,56,8276,3,0,0,3,1
2020-10-30,US,Michigan,Otsego,284,12,0,45.02085831,-84.59898295,26137.0,1151.2891195070538,4.225352112676056,272,273,12,0,261,262,24665,11,0,0,11,11
2020-10-30,US,Michigan,Ottawa,5558,78,0,42.95996803,-85.9969107,26139.0,1904.5334612616928,1.4033825116948542,5480,5418,78,0,5340,5279,290494,140,0,0,140,139
2020-10-30,US,Michigan,Out of MI,325,3,0,0.0,0.0,80026.0,0.0,0.9230769230769232,322,322,3,0,319,364,,3,0,0,3,-42
2020-10-30,US,Michigan,Presque Isle,79,1,0,45.34018577,-83.91498656,26141.0,627.3824650571793,1.2658227848101269,78,74,1,0,73,65,12738,5,0,0,5,9
2020-10-30,US,Michigan,Roscommon,213,6,0,44.33473082,-84.61067651,26143.0,886.7979516216327,2.8169014084507036,207,208,6,0,202,193,23884,5,0,0,5,15
2020-10-30,US,Michigan,Saginaw,4134,157,0,43.33433923,-84.05131209999998,26145.0,2169.63456300285,3.797774552491534,3977,4057,157,0,3900,3927,190800,77,0,0,77,130
2020-10-30,US,Michigan,Sanilac,223,7,0,43.42406072,-82.82055898,26151.0,541.6565460286616,3.1390134529147984,216,218,7,0,211,210,41182,5,0,0,5,8
2020-10-30,US,Michigan,Schoolcraft,93,1,0,46.19235734,-86.19972234,26153.0,1148.9992587101556,1.075268817204301,92,88,1,0,87,81,8068,5,0,0,5,7
2020-10-30,US,Michigan,Shiawassee,786,34,0,42.95392800000001,-84.14585902,26155.0,1153.812277971874,4.325699745547073,752,758,34,0,724,728,68192,28,0,0,28,30
2020-10-30,US,Michigan,St. Clair,1683,65,0,42.92655373,-82.67937954,26147.0,1057.6391332763562,3.86215092097445,1618,1658,65,0,1593,1594,159337,25,0,0,25,64
2020-10-30,US,Michigan,St. Joseph,1326,23,0,41.91441767,-85.52797979,26149.0,2175.05413030641,1.7345399698340875,1303,1302,23,0,1279,1256,61043,24,0,0,24,46
2020-10-30,US,Michigan,Tuscola,709,36,0,43.46606813,-83.41897025,26157.0,1357.0676619772228,5.077574047954866,673,698,36,0,662,678,52516,11,0,0,11,20
2020-10-30,US,Michigan,Unassigned,15,0,0,0.0,0.0,90026.0,0.0,0.0,15,21,0,0,21,11,,-6,0,0,-6,10
2020-10-30,US,Michigan,Van Buren,1182,20,0,42.25190229,-86.01939087,26159.0,1561.9012381569034,1.6920473773265652,1162,1157,20,0,1137,1124,75448,25,0,0,25,33
2020-10-30,US,Michigan,Washtenaw,5723,120,0,42.253105,-83.83853204,26161.0,1556.8510422985792,2.0968023763760266,5603,5652,120,0,5532,5568,370963,71,0,0,71,84
2020-10-30,US,Michigan,Wayne,41731,3055,0,42.28098405,-83.281255,26163.0,2385.52416535808,7.320696844072753,38676,41345,3054,0,38291,40861,1753893,386,1,0,385,484
2020-10-30,US,Michigan,Wexford,186,4,0,44.33853602,-85.57712739,26165.0,553.0611638072016,2.150537634408602,182,185,4,0,181,180,33466,1,0,0,1,5
2020-10-30,US,Minnesota,Aitkin,214,2,0,46.60962049,-93.41168259999999,27001.0,1347.0980737756515,0.9345794392523364,212,198,2,0,196,188,15902,16,0,0,16,10
2020-10-30,US,Minnesota,Anoka,9573,156,0,45.27476015,-93.24604565,27003.0,2682.106124324431,1.629583202757756,9417,9344,155,0,9189,9160,353813,229,1,0,228,184
2020-10-30,US,Minnesota,Becker,665,4,0,46.93479392,-95.67158144,27005.0,1931.8478923975247,0.6015037593984962,661,621,4,0,617,604,34371,44,0,0,44,17
2020-10-30,US,Minnesota,Beltrami,983,9,0,47.97373527,-94.93732139,27007.0,2083.1567347630757,0.9155645981688708,974,961,8,0,953,927,46847,22,1,0,21,34
2020-10-30,US,Minnesota,Benton,1090,12,0,45.69804958,-93.99514135,27009.0,2665.753625669495,1.1009174311926606,1078,1033,11,0,1022,1009,40545,57,1,0,56,24
2020-10-30,US,Minnesota,Big Stone,167,1,0,45.42712824,-96.41403739,27011.0,3346.022841114005,0.5988023952095808,166,159,1,0,158,153,4989,8,0,0,8,6
2020-10-30,US,Minnesota,Blue Earth,2136,7,0,44.03554215,-94.06699781,27013.0,3157.2879251474437,0.3277153558052435,2129,2114,7,0,2107,2085,67427,22,0,0,22,29
2020-10-30,US,Minnesota,Brown,365,3,0,44.24205652,-94.72562874,27015.0,1459.532949456174,0.821917808219178,362,348,3,0,345,335,25111,17,0,0,17,13
2020-10-30,US,Minnesota,Carlton,537,2,0,46.59180601,-92.67601019,27017.0,1497.031027849795,0.37243947858473,535,509,2,0,507,483,35837,28,0,0,28,26
2020-10-30,US,Minnesota,Carver,1916,7,0,44.82017001,-93.80099179999999,27019.0,1823.2165117186387,0.3653444676409186,1909,1888,7,0,1881,1867,103551,28,0,0,28,21
2020-10-30,US,Minnesota,Cass,438,5,0,46.95043611,-94.32603968,27021.0,1470.8351522885255,1.1415525114155252,433,422,5,0,417,405,29519,16,0,0,16,17
2020-10-30,US,Minnesota,Chippewa,489,3,0,45.02343421,-95.56403693,27023.0,4144.067796610169,0.6134969325153374,486,473,3,0,470,469,11924,16,0,0,16,4
2020-10-30,US,Minnesota,Chisago,1191,2,0,45.5021011,-92.90861945,27025.0,2105.0212976546068,0.16792611251049538,1189,1156,2,0,1154,1114,55922,35,0,0,35,42
2020-10-30,US,Minnesota,Clay,2591,45,0,46.89289518,-96.48761922,27027.0,4034.443025754416,1.7367811655731378,2546,2529,44,0,2485,2464,63955,62,1,0,61,65
2020-10-30,US,Minnesota,Clearwater,143,1,0,47.57992111,-95.37790562,27029.0,1621.6829212973464,0.6993006993006993,142,138,1,0,137,128,8810,5,0,0,5,10
2020-10-30,US,Minnesota,Cook,20,0,0,47.90504893,-90.52629546,27031.0,366.09921288669227,0.0,20,19,0,0,19,18,5393,1,0,0,1,1
2020-10-30,US,Minnesota,Cottonwood,299,0,0,44.00715262,-95.18138802,27033.0,2670.596641657735,0.0,299,295,0,0,295,290,11277,4,0,0,4,5
2020-10-30,US,Minnesota,Crow Wing,1208,22,0,46.48096553,-94.06755609,27035.0,1856.8903235723621,1.8211920529801324,1186,1143,22,0,1121,1083,64889,65,0,0,65,60
2020-10-30,US,Minnesota,Dakota,10420,139,0,44.67172617,-93.06299363,27037.0,2428.7855373047005,1.3339731285988483,10281,10271,139,0,10132,10132,425423,149,0,0,149,139
2020-10-30,US,Minnesota,Dodge,420,0,0,44.02238415,-92.86244324,27039.0,2006.3055316709656,0.0,420,413,0,0,413,405,20822,7,0,0,7,8
2020-10-30,US,Minnesota,Douglas,804,4,0,45.93348491,-95.45335469,27041.0,2107.967803675834,0.4975124378109453,800,774,4,0,770,734,37964,30,0,0,30,40
2020-10-30,US,Minnesota,Faribault,258,0,0,43.67381499,-93.94787458,27043.0,1889.694572621402,0.0,258,252,0,0,252,244,13758,6,0,0,6,8
2020-10-30,US,Minnesota,Fillmore,284,0,0,43.67394126,-92.08980382,27045.0,1348.0799354440594,0.0,284,277,0,0,277,265,21058,7,0,0,7,12
2020-10-30,US,Minnesota,Freeborn,727,5,0,43.67385583,-93.34884422,27047.0,2400.8454146164263,0.687757909215956,722,718,5,0,713,700,30444,9,0,0,9,18
2020-10-30,US,Minnesota,Goodhue,682,11,0,44.40849741,-92.72341949999999,27049.0,1471.7306862321964,1.6129032258064515,671,651,11,0,640,633,46403,31,0,0,31,18
2020-10-30,US,Minnesota,Grant,109,4,0,45.93424769,-96.01139609,27051.0,1825.1841929002007,3.669724770642202,105,105,4,0,101,102,6021,4,0,0,4,3
2020-10-30,US,Minnesota,Hennepin,36126,997,0,45.00761521,-93.47694895,27053.0,2853.9084230824833,2.759785196257543,35129,35484,995,0,34489,34988,1259428,642,2,0,640,496
2020-10-30,US,Minnesota,Houston,249,2,0,43.67129565,-91.49143057,27055.0,1338.7096774193546,0.8032128514056225,247,238,1,0,237,220,18578,11,1,0,10,18
2020-10-30,US,Minnesota,Hubbard,469,5,0,47.10778564,-94.91693868,27057.0,2182.3088734819225,1.0660980810234542,464,434,4,0,430,423,21332,35,1,0,34,11
2020-10-30,US,Minnesota,Isanti,619,6,0,45.56181234,-93.29487636,27059.0,1524.780766577988,0.9693053311793216,613,599,5,0,594,583,39966,20,1,0,19,16
2020-10-30,US,Minnesota,Itasca,806,17,0,47.51009045,-93.63092229,27061.0,1785.9516951030355,2.109181141439206,789,788,17,0,771,771,45108,18,0,0,18,17
2020-10-30,US,Minnesota,Jackson,226,1,0,43.67423373,-95.15398258,27063.0,2295.3483648182005,0.4424778761061947,225,221,1,0,220,219,9911,5,0,0,5,2
2020-10-30,US,Minnesota,Kanabec,236,10,0,45.9459309,-93.29275192,27065.0,1444.573667135949,4.2372881355932215,226,237,10,0,227,230,16207,-1,0,0,-1,7
2020-10-30,US,Minnesota,Kandiyohi,1869,5,0,45.1526059,-95.00586446,27067.0,4326.489039098127,0.2675227394328518,1864,1821,5,0,1816,1783,42855,48,0,0,48,38
2020-10-30,US,Minnesota,Kittson,54,0,0,48.77754106,-96.78317184,27069.0,1256.3983248022334,0.0,54,53,0,0,53,50,4248,1,0,0,1,3
2020-10-30,US,Minnesota,Koochiching,177,5,0,48.24539665,-93.78352843,27071.0,1447.3791806361926,2.824858757062147,172,175,5,0,170,176,12440,2,0,0,2,-1
2020-10-30,US,Minnesota,Lac qui Parle,147,3,0,44.9973857,-96.17488219,27073.0,2219.5379737279177,2.0408163265306123,144,145,3,0,142,145,6658,2,0,0,2,0
2020-10-30,US,Minnesota,Lake,139,0,0,47.64270764,-91.44557998,27075.0,1306.2682078751998,0.0,139,133,0,0,133,129,10658,6,0,0,6,4
2020-10-30,US,Minnesota,Lake of the Woods,47,1,0,48.77217001,-94.90274472,27077.0,1256.6844919786095,2.127659574468085,46,44,1,0,43,45,3758,3,0,0,3,-1
2020-10-30,US,Minnesota,Le Sueur,671,6,0,44.37136597,-93.72844721,27079.0,2322.8441859660056,0.8941877794336811,665,664,6,0,658,651,28494,7,0,0,7,13
2020-10-30,US,Minnesota,Lincoln,197,0,0,44.41311883,-96.26688165,27081.0,3493.5272211385,0.0,197,193,0,0,193,191,5673,4,0,0,4,2
2020-10-30,US,Minnesota,Lyon,1044,6,0,44.41327865,-95.83806103,27083.0,4098.296302111958,0.5747126436781609,1038,1030,6,0,1024,1007,25629,14,0,0,14,23
2020-10-30,US,Minnesota,Mahnomen,134,2,0,47.32557075,-95.80921485,27087.0,2424.461733309209,1.492537313432836,132,129,2,0,127,128,5519,5,0,0,5,1
2020-10-30,US,Minnesota,Marshall,161,1,0,48.35825983,-96.37017407,27089.0,1724.5072836332474,0.6211180124223602,160,151,1,0,150,137,9390,10,0,0,10,14
2020-10-30,US,Minnesota,Martin,637,18,0,43.67429718,-94.55099908,27091.0,3236.295280191028,2.82574568288854,619,626,18,0,608,619,19785,11,0,0,11,7
2020-10-30,US,Minnesota,McLeod,629,4,0,44.82367677,-94.27287017,27085.0,1752.4308360961745,0.6359300476947536,625,621,4,0,617,615,35873,8,0,0,8,6
2020-10-30,US,Minnesota,Meeker,370,3,0,45.12328869,-94.52839455,27093.0,1593.3166824562911,0.8108108108108109,367,359,3,0,356,348,23141,11,0,0,11,11
2020-10-30,US,Minnesota,Mille Lacs,471,18,0,45.93705297,-93.63236823,27095.0,1792.4420595958445,3.8216560509554136,453,449,18,0,431,432,26139,22,0,0,22,17
2020-10-30,US,Minnesota,Morrison,852,9,0,46.01265363,-94.27341528,27097.0,2551.9678907326424,1.056338028169014,843,825,9,0,816,802,33169,27,0,0,27,23
2020-10-30,US,Minnesota,Mower,1553,18,0,43.67142874,-92.75234549,27099.0,3876.491438270681,1.1590470057952351,1535,1545,18,0,1527,1539,40011,8,0,0,8,6
2020-10-30,US,Minnesota,Murray,302,3,0,44.02216709,-95.76328482,27101.0,3685.6236270441786,0.9933774834437086,299,297,3,0,294,291,8276,5,0,0,5,6
2020-10-30,US,Minnesota,Nicollet,783,18,0,44.35291112,-94.24710352,27103.0,2284.530547937212,2.2988505747126435,765,771,18,0,753,756,34220,12,0,0,12,15
2020-10-30,US,Minnesota,Nobles,2368,18,0,43.67434621,-95.75329576,27105.0,10948.263904942438,0.7601351351351351,2350,2343,18,0,2325,2319,21924,25,0,0,25,24
2020-10-30,US,Minnesota,Norman,141,0,0,47.32628443,-96.45620947,27107.0,2211.7647058823527,0.0,141,134,0,0,134,128,6475,7,0,0,7,6
2020-10-30,US,Minnesota,Olmsted,3449,30,0,44.00374114,-92.40209944,27109.0,2178.870828147802,0.8698173383589446,3419,3402,30,0,3372,3359,156277,47,0,0,47,43
2020-10-30,US,Minnesota,Otter Tail,980,8,0,46.40846929,-95.70835255,27111.0,1668.1986858679736,0.8163265306122449,972,950,8,0,942,921,58812,30,0,0,30,29
2020-10-30,US,Minnesota,Pennington,222,1,0,48.06642577,-96.0370814,27113.0,1572.349316523833,0.4504504504504505,221,218,1,0,217,209,14178,4,0,0,4,9
2020-10-30,US,Minnesota,Pine,596,0,0,46.12105238,-92.74070188,27115.0,2014.9430339091925,0.0,596,577,0,0,577,563,29483,19,0,0,19,14
2020-10-30,US,Minnesota,Pipestone,372,17,0,44.02301619,-96.25841142,27117.0,4076.2656147271528,4.56989247311828,355,366,17,0,349,361,9047,6,0,0,6,5
2020-10-30,US,Minnesota,Polk,884,5,0,47.77372465,-96.40134647,27119.0,2818.5180461675805,0.5656108597285068,879,836,4,0,832,786,31529,48,1,0,47,50
2020-10-30,US,Minnesota,Pope,174,0,0,45.58606667,-95.44451209,27121.0,1546.8041603698107,0.0,174,168,0,0,168,165,11097,6,0,0,6,3
2020-10-30,US,Minnesota,Ramsey,14966,377,0,45.01625271,-93.09872295,27123.0,2719.503707835972,2.519043164506214,14589,14726,372,0,14354,14471,550210,240,5,0,235,255
2020-10-30,US,Minnesota,Red Lake,84,2,0,47.87197525,-96.09561104,27125.0,2071.5166461159065,2.380952380952381,82,82,2,0,80,82,3999,2,0,0,2,0
2020-10-30,US,Minnesota,Redwood,310,12,0,44.40555844,-95.25207021,27127.0,2043.5069215557016,3.870967741935484,298,299,12,0,287,294,15249,11,0,0,11,5
2020-10-30,US,Minnesota,Renville,286,13,0,44.72836381,-94.94553734,27129.0,1965.9059664558704,4.545454545454546,273,272,13,0,259,263,14612,14,0,0,14,9
2020-10-30,US,Minnesota,Rice,1742,10,0,44.3543376,-93.29658715,27131.0,2601.0870214417964,0.574052812858783,1732,1702,10,0,1692,1683,66523,40,0,0,40,19
2020-10-30,US,Minnesota,Rock,366,5,0,43.67482683,-96.25296832,27133.0,3929.14653784219,1.3661202185792352,361,359,5,0,354,355,9414,7,0,0,7,4
2020-10-30,US,Minnesota,Roseau,365,0,0,48.77501878,-95.81079919,27135.0,2406.85789647214,0.0,365,330,0,0,330,300,15150,35,0,0,35,30
2020-10-30,US,Minnesota,Scott,3666,36,0,44.6490231,-93.53340251,27139.0,2460.188037285337,0.9819967266775778,3630,3604,36,0,3568,3549,147381,62,0,0,62,55
2020-10-30,US,Minnesota,Sherburne,1899,24,0,45.44447208,-93.77617511,27141.0,1952.9402085604395,1.263823064770932,1875,1831,22,0,1809,1763,96036,68,2,0,66,68
2020-10-30,US,Minnesota,Sibley,273,3,0,44.5796592,-94.23164924,27143.0,1836.5287588294648,1.0989010989010992,270,266,3,0,263,262,15028,7,0,0,7,4
2020-10-30,US,Minnesota,St. Louis,3330,74,0,47.604840700000004,-92.46879855,27137.0,1672.7784196513794,2.2222222222222223,3256,3258,74,0,3184,3142,199754,72,0,0,72,116
2020-10-30,US,Minnesota,Stearns,6478,50,0,45.55192576,-94.61078221,27145.0,4021.7290082259815,0.7718431614695894,6428,6255,50,0,6205,6082,159256,223,0,0,223,173
2020-10-30,US,Minnesota,Steele,817,3,0,44.02240351,-93.22627088,27147.0,2229.255914213212,0.3671970624235006,814,801,3,0,798,787,36803,16,0,0,16,14
2020-10-30,US,Minnesota,Stevens,200,1,0,45.58613007,-96.00163705,27149.0,2039.775624681285,0.5,199,194,1,0,193,186,9753,6,0,0,6,8
2020-10-30,US,Minnesota,Swift,232,2,0,45.2829032,-95.68264092,27151.0,2503.777250161882,0.8620689655172413,230,225,2,0,223,212,9345,7,0,0,7,13
2020-10-30,US,Minnesota,Todd,933,7,0,46.06996226,-94.89785296,27153.0,3782.84138825819,0.7502679528403001,926,896,7,0,889,872,24582,37,0,0,37,24
2020-10-30,US,Minnesota,Traverse,61,0,0,45.77298854,-96.47062949,27155.0,1871.7397974838907,0.0,61,59,0,0,59,58,3308,2,0,0,2,1
2020-10-30,US,Minnesota,Unassigned,203,54,0,0.0,0.0,90027.0,0.0,26.600985221674875,149,238,53,0,185,195,,-35,1,0,-36,43
2020-10-30,US,Minnesota,Wabasha,428,1,0,44.28424356,-92.23121312,27157.0,1979.007721829195,0.2336448598130841,427,414,1,0,413,405,21645,14,0,0,14,9
2020-10-30,US,Minnesota,Wadena,274,3,0,46.58589171,-94.96968506,27159.0,2002.6311942698435,1.094890510948905,271,264,3,0,261,257,13773,10,0,0,10,7
2020-10-30,US,Minnesota,Waseca,950,10,0,44.02211116,-93.58720034,27161.0,5104.233827638083,1.0526315789473684,940,945,10,0,935,941,18691,5,0,0,5,4
2020-10-30,US,Minnesota,Washington,6490,74,0,45.03864533,-92.88429635,27163.0,2472.946197226033,1.1402157164869031,6416,6362,73,0,6289,6233,259201,128,1,0,127,129
2020-10-30,US,Minnesota,Watonwan,585,4,0,43.97823903,-94.61413846,27165.0,5368.450032118932,0.6837606837606838,581,582,4,0,578,581,10980,3,0,0,3,1
2020-10-30,US,Minnesota,Wilkin,148,4,0,46.35721532,-96.4684375,27167.0,2384.4047043660385,2.702702702702702,144,145,4,0,141,142,6254,3,0,0,3,3
2020-10-30,US,Minnesota,Winona,1362,19,0,43.98772283,-91.78081305,27169.0,2697.884478250535,1.395007342143906,1343,1336,19,0,1317,1296,50825,26,0,0,26,40
2020-10-30,US,Minnesota,Wright,2825,16,0,45.17297924,-93.96234781,27171.0,2041.524241745377,0.5663716814159292,2809,2731,16,0,2715,2653,136349,94,0,0,94,78
2020-10-30,US,Minnesota,Yellow Medicine,309,6,0,44.71710183,-95.86842453,27173.0,3182.614069420126,1.9417475728155342,303,298,6,0,292,294,9795,11,0,0,11,4
2020-10-30,US,Mississippi,Adams,1106,45,0,31.47669768,-91.35326037,28001.0,3603.427491610465,4.06871609403255,1061,1102,45,0,1057,1094,31192,4,0,0,4,8
2020-10-30,US,Mississippi,Alcorn,1061,12,0,34.88084463,-88.57996173,28003.0,2871.2147863502287,1.1310084825636193,1049,1050,12,0,1038,1045,36925,11,0,0,11,5
2020-10-30,US,Mississippi,Amite,435,13,0,31.17467303,-90.80501621,28005.0,3537.4481580873385,2.9885057471264367,422,434,13,0,421,428,12326,1,0,0,1,6
2020-10-30,US,Mississippi,Attala,811,27,0,33.08658803,-89.57838564,28007.0,4462.418840101243,3.3292231812577064,784,809,27,0,782,805,18365,2,0,0,2,4
2020-10-30,US,Mississippi,Benton,370,11,0,34.81681228,-89.18945516,28009.0,4479.961254389151,2.972972972972973,359,369,11,0,358,367,8271,1,0,0,1,2
2020-10-30,US,Mississippi,Bolivar,2062,79,0,33.79696941,-90.87372121,28011.0,6732.40172391276,3.831231813773036,1983,2052,79,0,1973,2039,31333,10,0,0,10,13
2020-10-30,US,Mississippi,Calhoun,638,13,0,33.93683395,-89.33686647,28013.0,4442.587563540144,2.0376175548589344,625,636,13,0,623,633,14436,2,0,0,2,3
2020-10-30,US,Mississippi,Carroll,515,12,0,33.44834567,-89.91994479,28015.0,5177.4404343017995,2.3300970873786406,503,509,12,0,497,503,9911,6,0,0,6,6
2020-10-30,US,Mississippi,Chickasaw,875,29,0,33.91983202,-88.9481545,28017.0,5116.061509676665,3.3142857142857145,846,870,28,0,842,867,17171,5,1,0,4,3
2020-10-30,US,Mississippi,Choctaw,210,6,0,33.34598242,-89.24809382,28019.0,2557.8562728380025,2.8571428571428568,204,209,6,0,203,209,8278,1,0,0,1,0
2020-10-30,US,Mississippi,Claiborne,542,16,0,31.97061673,-90.90702196,28021.0,6030.2625723186475,2.9520295202952034,526,542,16,0,526,539,9002,0,0,0,0,3
2020-10-30,US,Mississippi,Clarke,785,53,0,32.04158545,-88.68896219999998,28023.0,5051.155009330159,6.7515923566878975,732,783,53,0,730,770,15604,2,0,0,2,13
2020-10-30,US,Mississippi,Clay,718,22,0,33.65358105,-88.77784255,28025.0,3717.125698902464,3.064066852367688,696,715,22,0,693,710,19386,3,0,0,3,5
2020-10-30,US,Mississippi,Coahoma,1270,37,0,34.22772299,-90.60415045,28027.0,5740.372446212258,2.9133858267716537,1233,1265,37,0,1228,1258,22628,5,0,0,5,7
2020-10-30,US,Mississippi,Copiah,1404,37,0,31.86977774,-90.44565118,28029.0,5002.672367717798,2.6353276353276347,1367,1399,36,0,1363,1393,28543,5,1,0,4,6
2020-10-30,US,Mississippi,Covington,1001,29,0,31.63225413,-89.55389939,28031.0,5371.32431852329,2.897102897102897,972,997,29,0,968,988,18853,4,0,0,4,9
2020-10-30,US,Mississippi,DeSoto,7422,80,0,34.87625235,-89.99091418,28033.0,4013.084971207657,1.0778765831312316,7342,7342,80,0,7262,7285,182001,80,0,0,80,57
2020-10-30,US,Mississippi,Forrest,3141,79,0,31.18961454,-89.25832496,28035.0,4193.7594296166735,2.5151225724291626,3062,3134,78,0,3056,3118,75036,7,1,0,6,16
2020-10-30,US,Mississippi,Franklin,253,3,0,31.47786634,-90.89672989,28037.0,3280.1763256839104,1.1857707509881423,250,253,3,0,250,251,7788,0,0,0,0,2
2020-10-30,US,Mississippi,George,1033,20,0,30.86259065,-88.64436789,28039.0,4216.326530612245,1.936108422071636,1013,1030,20,0,1010,1017,24250,3,0,0,3,13
2020-10-30,US,Mississippi,Greene,482,18,0,31.21444233,-88.63922281,28041.0,3547.7697629913146,3.734439834024896,464,482,18,0,464,481,13586,0,0,0,0,1
2020-10-30,US,Mississippi,Grenada,1239,40,0,33.77036166,-89.80245083,28043.0,5968.783119761056,3.228410008071025,1199,1231,39,0,1192,1229,21055,8,1,0,7,2
2020-10-30,US,Mississippi,Hancock,883,29,0,30.41830223,-89.48851033,28045.0,1853.7957675512264,3.2842582106455267,854,881,28,0,853,868,47334,2,1,0,1,13
2020-10-30,US,Mississippi,Harrison,5566,87,0,30.51359752,-89.12467576,28047.0,2674.932718185313,1.5630614444843691,5479,5537,85,0,5452,5491,206650,29,2,0,27,46
2020-10-30,US,Mississippi,Hinds,8135,180,0,32.2656285,-90.44435448,28049.0,3508.8854382332647,2.2126613398893666,7955,8109,180,0,7929,8050,237085,26,0,0,26,59
2020-10-30,US,Mississippi,Holmes,1154,60,0,33.12345854,-90.08923538,28051.0,6784.24456202234,5.1993067590987865,1094,1151,60,0,1091,1150,17622,3,0,0,3,1
2020-10-30,US,Mississippi,Humphreys,468,17,0,33.12825718,-90.52252707,28053.0,5803.571428571428,3.632478632478633,451,458,17,0,441,451,8257,10,0,0,10,7
2020-10-30,US,Mississippi,Issaquena,107,4,0,32.72531359,-90.97392828,28055.0,8063.300678221552,3.7383177570093458,103,107,4,0,103,107,1308,0,0,0,0,0
2020-10-30,US,Mississippi,Itawamba,1198,28,0,34.27993475,-88.3606733,28057.0,5121.846943138094,2.337228714524207,1170,1178,27,0,1151,1172,23517,20,1,0,19,6
2020-10-30,US,Mississippi,Jackson,4917,90,0,30.54020656,-88.64184064,28059.0,3423.6893961021333,1.8303843807199511,4827,4884,88,0,4796,4800,143277,33,2,0,31,84
2020-10-30,US,Mississippi,Jasper,702,17,0,32.01922104,-89.11786866,28061.0,4284.929500091558,2.421652421652422,685,698,17,0,681,696,16428,4,0,0,4,2
2020-10-30,US,Mississippi,Jefferson,284,10,0,31.73397872,-91.03764977,28063.0,4062.947067238913,3.5211267605633805,274,281,10,0,271,279,7106,3,0,0,3,2
2020-10-30,US,Mississippi,Jefferson Davis,426,13,0,31.56884708,-89.82670990000004,28065.0,3828.1811646297633,3.0516431924882634,413,424,12,0,412,421,11234,2,1,0,1,3
2020-10-30,US,Mississippi,Jones,2999,84,0,31.62257767,-89.16896899999998,28067.0,4403.94725248906,2.800933644548183,2915,2984,84,0,2900,2966,68461,15,0,0,15,18
2020-10-30,US,Mississippi,Kemper,335,15,0,32.75462946,-88.64105766,28069.0,3438.7189488811327,4.477611940298506,320,334,15,0,319,333,10027,1,0,0,1,1
2020-10-30,US,Mississippi,Lafayette,2591,43,0,34.35687874,-89.48490961,28071.0,4796.460504637257,1.659590891547665,2548,2560,43,0,2517,2550,54793,31,0,0,31,10
2020-10-30,US,Mississippi,Lamar,2359,40,0,31.20572971,-89.5077704,28073.0,3724.1684163996015,1.6956337431114878,2319,2340,40,0,2300,2319,62447,19,0,0,19,21
2020-10-30,US,Mississippi,Lauderdale,2639,135,0,32.40419769,-88.66229662,28075.0,3560.202360876897,5.1155740810913235,2504,2611,135,0,2476,2546,75317,28,0,0,28,65
2020-10-30,US,Mississippi,Lawrence,562,14,0,31.55147224,-90.10841127,28077.0,4465.278881296679,2.491103202846975,548,553,14,0,539,544,12455,9,0,0,9,9
2020-10-30,US,Mississippi,Leake,1178,42,0,32.7536828,-89.52402044,28079.0,5169.841130518739,3.5653650254668934,1136,1170,42,0,1128,1163,22763,8,0,0,8,7
2020-10-30,US,Mississippi,Lee,3708,82,0,34.291877500000005,-88.68149954,28081.0,4340.0908282222945,2.21143473570658,3626,3686,82,0,3604,3665,85202,22,0,0,22,21
2020-10-30,US,Mississippi,Leflore,1741,88,0,33.55545125,-90.29900733,28083.0,6177.482879750204,5.054566341183229,1653,1730,88,0,1642,1706,28919,11,0,0,11,24
2020-10-30,US,Mississippi,Lincoln,1467,59,0,31.53288662,-90.45391915,28085.0,4295.37668726027,4.021813224267212,1408,1448,59,0,1389,1433,34205,19,0,0,19,15
2020-10-30,US,Mississippi,Lowndes,1832,62,0,33.47386518,-88.44191529999998,28087.0,3126.546633671815,3.3842794759825328,1770,1828,62,0,1766,1819,58930,4,0,0,4,9
2020-10-30,US,Mississippi,Madison,3894,94,0,32.63389156,-90.03513564,28089.0,3664.182475158085,2.4139702105803797,3800,3880,94,0,3786,3861,105630,14,0,0,14,19
2020-10-30,US,Mississippi,Marion,972,44,0,31.23132643,-89.8209217,28091.0,3955.5609815651333,4.526748971193416,928,969,44,0,925,959,24715,3,0,0,3,10
2020-10-30,US,Mississippi,Marshall,1518,31,0,34.76216286,-89.50299462,28093.0,4301.0143367144565,2.042160737812912,1487,1505,30,0,1475,1484,35451,13,1,0,12,21
2020-10-30,US,Mississippi,Monroe,1554,74,0,33.89236763,-88.4808438,28095.0,4408.260524225576,4.761904761904762,1480,1548,73,0,1475,1538,35564,6,1,0,5,10
2020-10-30,US,Mississippi,Montgomery,569,23,0,33.49419589,-89.61729103,28097.0,5820.9718670076745,4.042179261862917,546,565,23,0,542,558,10023,4,0,0,4,7
2020-10-30,US,Mississippi,Neshoba,1894,111,0,32.75339664,-89.11726492,28099.0,6504.567621402571,5.860612460401268,1783,1883,111,0,1772,1868,29125,11,0,0,11,15
2020-10-30,US,Mississippi,Newton,884,28,0,32.40021118,-89.11843336,28101.0,4205.918736321249,3.1674208144796383,856,881,28,0,853,872,21443,3,0,0,3,9
2020-10-30,US,Mississippi,Noxubee,604,17,0,33.11009499,-88.56949061,28103.0,5798.214457137372,2.8145695364238406,587,603,17,0,586,602,10535,1,0,0,1,1
2020-10-30,US,Mississippi,Oktibbeha,2066,56,0,33.42491685,-88.87905132,28105.0,4166.414584467703,2.7105517909002903,2010,2060,55,0,2005,2048,49599,6,1,0,5,12
2020-10-30,US,Mississippi,Panola,1734,41,0,34.36398677,-89.95064249,28107.0,5071.361722040243,2.364475201845444,1693,1722,41,0,1681,1720,34178,12,0,0,12,2
2020-10-30,US,Mississippi,Pearl River,1188,60,0,30.77090935,-89.58677275,28109.0,2139.1915008553165,5.05050505050505,1128,1179,60,0,1119,1163,55387,9,0,0,9,16
2020-10-30,US,Mississippi,Perry,534,23,0,31.17161885,-88.99281835,28111.0,4460.035078927587,4.307116104868913,511,528,23,0,505,524,11931,6,0,0,6,4
2020-10-30,US,Mississippi,Pike,1412,56,0,31.17507789,-90.40392572,28113.0,3593.9727143148034,3.966005665722379,1356,1409,56,0,1353,1406,39563,3,0,0,3,3
2020-10-30,US,Mississippi,Pontotoc,1528,20,0,34.226046000000004,-89.03636807,28115.0,4749.1763535774235,1.3089005235602094,1508,1515,20,0,1495,1506,31833,13,0,0,13,9
2020-10-30,US,Mississippi,Prentiss,1104,20,0,34.61810501,-88.51986294,28117.0,4393.85497094643,1.8115942028985508,1084,1095,20,0,1075,1092,25315,9,0,0,9,3
2020-10-30,US,Mississippi,Quitman,424,6,0,34.25157572,-90.28908,28119.0,6242.6383981154295,1.4150943396226414,418,424,6,0,418,423,7051,0,0,0,0,1
2020-10-30,US,Mississippi,Rankin,4171,86,0,32.26469147,-89.94537876,28121.0,2686.271100205447,2.061855670103093,4085,4123,86,0,4037,4046,153902,48,0,0,48,77
2020-10-30,US,Mississippi,Scott,1290,29,0,32.406704100000006,-89.53789439,28123.0,4586.829753946808,2.248062015503876,1261,1281,29,0,1252,1270,28287,9,0,0,9,11
2020-10-30,US,Mississippi,Sharkey,292,15,0,32.88149103,-90.81595379999999,28125.0,6757.69497801435,5.136986301369864,277,291,15,0,276,287,4377,1,0,0,1,4
2020-10-30,US,Mississippi,Simpson,1249,50,0,31.91282117,-89.91716179,28127.0,4685.27271363193,4.0032025620496405,1199,1240,49,0,1191,1231,26758,9,1,0,8,9
2020-10-30,US,Mississippi,Smith,608,16,0,32.01744532,-89.50644846,28129.0,3820.0552902739373,2.631578947368421,592,608,16,0,592,602,16002,0,0,0,0,6
2020-10-30,US,Mississippi,Stone,506,14,0,30.79187949,-89.11547539,28131.0,2759.5986038394417,2.766798418972332,492,498,14,0,484,491,18717,8,0,0,8,7
2020-10-30,US,Mississippi,Sunflower,1665,50,0,33.60192578,-90.58882684,28133.0,6630.824372759857,3.003003003003003,1615,1659,49,0,1610,1643,25735,6,1,0,5,16
2020-10-30,US,Mississippi,Tallahatchie,864,26,0,33.95339918,-90.1729398,28135.0,6256.7890506191625,3.0092592592592586,838,858,26,0,832,855,13987,6,0,0,6,3
2020-10-30,US,Mississippi,Tate,1248,39,0,34.65133709,-89.94485778,28137.0,4406.624059884891,3.125,1209,1230,39,0,1191,1210,28759,18,0,0,18,20
2020-10-30,US,Mississippi,Tippah,962,25,0,34.76872156,-88.90988194,28139.0,4369.747899159664,2.5987525987525992,937,951,24,0,927,949,21995,11,1,0,10,2
2020-10-30,US,Mississippi,Tishomingo,833,41,0,34.74023475,-88.23917219,28141.0,4297.580353918382,4.921968787515006,792,831,41,0,790,827,19454,2,0,0,2,4
2020-10-30,US,Mississippi,Tunica,539,17,0,34.64967704,-90.37481167,28143.0,5595.930232558138,3.1539888682745825,522,539,17,0,522,537,9944,0,0,0,0,2
2020-10-30,US,Mississippi,Union,1264,25,0,34.49162015,-89.00776006,28145.0,4386.6041992018045,1.9778481012658229,1239,1260,25,0,1235,1258,28606,4,0,0,4,2
2020-10-30,US,Mississippi,Walthall,649,27,0,31.14971548,-90.10446654,28147.0,4542.909141817164,4.160246533127888,622,648,27,0,621,644,14465,1,0,0,1,4
2020-10-30,US,Mississippi,Warren,1571,56,0,32.35810271,-90.83352619,28149.0,3461.80119433243,3.5646085295989813,1515,1566,56,0,1510,1561,46176,5,0,0,5,5
2020-10-30,US,Mississippi,Washington,2667,100,0,33.28392041,-90.94196237,28151.0,6073.925618893621,3.749531308586427,2567,2644,100,0,2544,2627,45063,23,0,0,23,17
2020-10-30,US,Mississippi,Wayne,1035,22,0,31.64135687,-88.69573913,28153.0,5128.078085517514,2.1256038647343,1013,1034,22,0,1012,1027,20298,1,0,0,1,7
2020-10-30,US,Mississippi,Webster,383,13,0,33.61300486,-89.28392912,28155.0,3952.936319537621,3.3942558746736293,370,382,13,0,369,378,9788,1,0,0,1,4
2020-10-30,US,Mississippi,Wilkinson,343,21,0,31.16078225,-91.31018819,28157.0,3974.5075318655845,6.1224489795918355,322,343,21,0,322,342,8792,0,0,0,0,1
2020-10-30,US,Mississippi,Winston,870,21,0,33.08747908,-89.03391385,28159.0,4845.446950710109,2.413793103448276,849,859,21,0,838,852,18165,11,0,0,11,7
2020-10-30,US,Mississippi,Yalobusha,570,16,0,34.02824175,-89.70762049999998,28161.0,4707.631318136769,2.8070175438596485,554,566,16,0,550,564,12392,4,0,0,4,2
2020-10-30,US,Mississippi,Yazoo,1254,35,0,32.77890365,-90.39656148,28163.0,4223.644324688447,2.7910685805422646,1219,1245,34,0,1211,1234,28248,9,1,0,8,11
2020-10-30,US,Missouri,Adair,553,0,0,40.19058551,-92.60078167,29001.0,2182.062107879888,0.0,553,531,0,0,531,531,25339,22,0,0,22,0
2020-10-30,US,Missouri,Andrew,462,8,0,39.98492163,-94.80163024,29003.0,2608.40108401084,1.7316017316017316,454,450,8,0,442,450,17607,12,0,0,12,0
2020-10-30,US,Missouri,Atchison,82,1,0,40.43238737,-95.42970639,29005.0,1594.4001555512348,1.2195121951219512,81,77,1,0,76,77,5171,5,0,0,5,0
2020-10-30,US,Missouri,Audrain,622,10,0,39.215877,-91.84242683,29007.0,2449.9763667874586,1.6077170418006432,612,588,10,0,578,588,25473,34,0,0,34,0
2020-10-30,US,Missouri,Barry,882,9,0,36.70978521,-93.82919888,29009.0,2464.444382352119,1.020408163265306,873,844,9,0,835,844,35886,38,0,0,38,0
2020-10-30,US,Missouri,Barton,444,4,0,37.50207671,-94.34757022,29011.0,3777.437468095967,0.9009009009009008,440,436,3,0,433,436,11798,8,1,0,7,0
2020-10-30,US,Missouri,Bates,264,6,0,38.25271289,-94.34113157,29013.0,1632.4511501360375,2.272727272727273,258,253,5,0,248,253,16320,11,1,0,10,0
2020-10-30,US,Missouri,Benton,491,5,0,38.29503305,-93.28756116,29015.0,2525.3304531193744,1.0183299389002036,486,484,5,0,479,484,19278,7,0,0,7,0
2020-10-30,US,Missouri,Bollinger,530,3,0,37.32449052,-90.02725304,29017.0,4368.251875051513,0.5660377358490566,527,511,2,0,509,511,12169,19,1,0,18,0
2020-10-30,US,Missouri,Boone,6256,14,0,38.99186229,-92.30723575,29019.0,3466.6385907360523,0.2237851662404092,6242,6091,14,0,6077,6091,180005,165,0,0,165,0
2020-10-30,US,Missouri,Buchanan,3048,42,0,39.65816401,-94.80138942,29021.0,3488.8512430749506,1.3779527559055118,3006,2985,41,0,2944,2985,88571,63,1,0,62,0
2020-10-30,US,Missouri,Butler,1285,8,0,36.71462476,-90.40421163,29023.0,3025.0953434719154,0.622568093385214,1277,1251,8,0,1243,1251,42639,34,0,0,34,0
2020-10-30,US,Missouri,Caldwell,182,1,0,39.65620858,-93.98308093,29025.0,2017.7383592017734,0.5494505494505495,181,174,1,0,173,174,9108,8,0,0,8,0
2020-10-30,US,Missouri,Callaway,1405,5,0,38.83674754,-91.92186505,29027.0,3140.156002056188,0.3558718861209965,1400,1256,5,0,1251,1256,44889,149,0,0,149,0
2020-10-30,US,Missouri,Camden,1642,35,0,38.02199522,-92.76083747,29029.0,3546.053341971709,2.131546894031669,1607,1611,35,0,1576,1611,45815,31,0,0,31,0
2020-10-30,US,Missouri,Cape Girardeau,2796,50,0,37.38489388,-89.6843587,29031.0,3545.029224936922,1.78826895565093,2746,2696,50,0,2646,2696,78753,100,0,0,100,0
2020-10-30,US,Missouri,Carroll,211,4,0,39.42762566,-93.50626255,29033.0,2431.155663094827,1.895734597156398,207,199,3,0,196,199,8743,12,1,0,11,0
2020-10-30,US,Missouri,Carter,188,3,0,36.94160441,-90.96051322,29035.0,3142.7616181878966,1.5957446808510638,185,179,3,0,176,179,6054,9,0,0,9,0
2020-10-30,US,Missouri,Cass,2136,30,0,38.64789422,-94.353399,29037.0,2019.285309132161,1.404494382022472,2106,2092,30,0,2062,2092,104954,44,0,0,44,0
2020-10-30,US,Missouri,Cedar,248,4,0,37.72391475,-93.85445441,29039.0,1728.3434385671476,1.6129032258064515,244,238,4,0,234,238,14165,10,0,0,10,0
2020-10-30,US,Missouri,Chariton,70,0,0,39.51499357,-92.9629191,29041.0,942.6339886883922,0.0,70,61,0,0,61,61,7451,9,0,0,9,0
2020-10-30,US,Missouri,Christian,2408,13,0,36.9711783,-93.18537118,29043.0,2717.9863423443758,0.5398671096345515,2395,2316,13,0,2303,2316,86983,92,0,0,92,0
2020-10-30,US,Missouri,Clark,120,1,0,40.41040752,-91.73661677,29045.0,1765.484772693835,0.8333333333333334,119,113,1,0,112,113,6842,7,0,0,7,0
2020-10-30,US,Missouri,Clay,2643,48,0,39.31132056,-94.41850862,29047.0,1057.4199433482163,1.8161180476730987,2595,2570,49,0,2521,2570,246365,73,-1,0,74,0
2020-10-30,US,Missouri,Clinton,532,23,0,39.6013098,-94.40465394,29049.0,2609.50605778192,4.3233082706766925,509,509,19,0,490,509,20470,23,4,0,19,0
2020-10-30,US,Missouri,Cole,3216,24,0,38.50455671,-92.27860244,29051.0,4190.501009837774,0.746268656716418,3192,3006,24,0,2982,3006,76796,210,0,0,210,0
2020-10-30,US,Missouri,Cooper,650,3,0,38.844478,-92.80896081,29053.0,3670.450053645039,0.4615384615384616,647,626,3,0,623,626,17603,24,0,0,24,0
2020-10-30,US,Missouri,Crawford,675,8,0,37.97663738,-91.30528104,29055.0,2821.90635451505,1.1851851851851851,667,646,8,0,638,646,23957,29,0,0,29,0
2020-10-30,US,Missouri,Dade,147,0,0,37.431814,-93.8503345,29057.0,1944.187276815236,0.0,147,142,0,0,142,142,7569,5,0,0,5,0
2020-10-30,US,Missouri,Dallas,395,1,0,37.681135499999996,-93.02127031,29059.0,2340.3246830193148,0.2531645569620253,394,364,1,0,363,364,16762,31,0,0,31,0
2020-10-30,US,Missouri,Daviess,228,3,0,39.96145298,-93.98519678,29061.0,2754.2884754771685,1.3157894736842106,225,222,3,0,219,222,8313,6,0,0,6,0
2020-10-30,US,Missouri,DeKalb,311,2,0,39.89201062,-94.40476508,29063.0,2478.6801625886665,0.6430868167202572,309,302,2,0,300,302,12630,9,0,0,9,0
2020-10-30,US,Missouri,Dent,266,3,0,37.60663134,-91.50790473,29065.0,1708.0845052334168,1.1278195488721805,263,257,3,0,254,257,15441,9,0,0,9,0
2020-10-30,US,Missouri,Douglas,297,12,0,36.9325593,-92.49905109,29067.0,2252.559726962457,4.040404040404041,285,288,12,0,276,288,13373,9,0,0,9,0
2020-10-30,US,Missouri,Dunklin,1182,12,0,36.27167174,-90.09122243,29069.0,4057.5332120421535,1.0152284263959392,1170,1147,12,0,1135,1147,29423,35,0,0,35,0
2020-10-30,US,Missouri,Franklin,2815,46,0,38.41127108,-91.07522826,29071.0,2707.5899083362992,1.6341030195381885,2769,2723,44,0,2679,2723,103670,92,2,0,90,0
2020-10-30,US,Missouri,Gasconade,277,24,0,38.43947277,-91.50847147,29073.0,1883.5849313205488,8.664259927797834,253,265,24,0,241,265,14705,12,0,0,12,0
2020-10-30,US,Missouri,Gentry,188,10,0,40.21097916,-94.40944419,29075.0,2861.05615583625,5.319148936170213,178,184,10,0,174,184,6628,4,0,0,4,0
2020-10-30,US,Missouri,Greene,9419,139,0,37.2575872,-93.34230916,29077.0,3213.7324880751726,1.4757405244718125,9280,9098,131,0,8967,9098,291923,321,8,0,313,0
2020-10-30,US,Missouri,Grundy,272,11,0,40.11406587,-93.56509276,29079.0,2761.4213197969543,4.044117647058823,261,264,11,0,253,264,9914,8,0,0,8,0
2020-10-30,US,Missouri,Harrison,193,1,0,40.35570088,-93.99222144,29081.0,2310.823754789272,0.5181347150259067,192,190,1,0,189,190,8414,3,0,0,3,0
2020-10-30,US,Missouri,Henry,418,7,0,38.38482826,-93.79293734,29083.0,1915.3225806451608,1.6746411483253592,411,386,7,0,379,386,21792,32,0,0,32,0
2020-10-30,US,Missouri,Hickory,251,3,0,37.94163617,-93.3203037,29085.0,2629.924559932942,1.195219123505976,248,211,3,0,208,211,9509,40,0,0,40,0
2020-10-30,US,Missouri,Holt,123,1,0,40.09799248,-95.21638879999999,29087.0,2793.549852373382,0.8130081300813008,122,120,1,0,119,120,4404,3,0,0,3,0
2020-10-30,US,Missouri,Howard,257,2,0,39.1435761,-92.69756691,29089.0,2569.7430256974303,0.7782101167315175,255,249,2,0,247,249,10137,8,0,0,8,0
2020-10-30,US,Missouri,Howell,1246,10,0,36.77383887,-91.88683935,29091.0,3105.9151980457164,0.8025682182985554,1236,1188,10,0,1178,1188,40076,58,0,0,58,0
2020-10-30,US,Missouri,Iron,110,0,0,37.55487945,-90.7735296,29093.0,1086.41975308642,0.0,110,102,0,0,102,102,10177,8,0,0,8,0
2020-10-30,US,Missouri,Jackson,10365,136,0,39.01002188,-94.34724536,29095.0,1474.3723782415925,1.3121080559575495,10229,10144,129,0,10015,10144,700307,221,7,0,214,0
2020-10-30,US,Missouri,Jasper,5452,76,0,37.20351921,-94.34050458,29097.0,4493.6041144665705,1.3939838591342626,5376,5329,75,0,5254,5329,120636,123,1,0,122,0
2020-10-30,US,Missouri,Jefferson,5818,84,0,38.25926778,-90.53870896,29099.0,2584.8472327739787,1.4437951185974562,5734,5644,84,0,5560,5644,224347,174,0,0,174,0
2020-10-30,US,Missouri,Johnson,1557,10,0,38.74719601,-93.80691168,29101.0,2880.0266360844957,0.6422607578676943,1547,1503,10,0,1493,1503,53652,54,0,0,54,0
2020-10-30,US,Missouri,Kansas City,14986,208,0,39.0997,-94.5786,0.0,3064.978944375929,1.3879620979580942,14778,14583,200,0,14383,14583,491918,403,8,0,395,0
2020-10-30,US,Missouri,Knox,65,1,0,40.12699751,-92.14780832,29103.0,1641.828744632483,1.5384615384615383,64,64,1,0,63,64,3947,1,0,0,1,0
2020-10-30,US,Missouri,Laclede,1241,22,0,37.65896829,-92.5888493,29105.0,3473.9523556252275,1.7727639000805802,1219,1213,22,0,1191,1213,35713,28,0,0,28,0
2020-10-30,US,Missouri,Lafayette,896,24,0,39.06986886,-93.78076396,29107.0,2739.3909746850923,2.6785714285714284,872,854,24,0,830,854,32598,42,0,0,42,0
2020-10-30,US,Missouri,Lawrence,1156,21,0,37.10626634,-93.83293097,29109.0,3013.9486377265025,1.8166089965397925,1135,1126,21,0,1105,1126,38359,30,0,0,30,0
2020-10-30,US,Missouri,Lewis,218,2,0,40.09673161,-91.72070156,29111.0,2229.950900163666,0.9174311926605504,216,204,2,0,202,204,9855,14,0,0,14,0
2020-10-30,US,Missouri,Lincoln,1269,5,0,39.05345619,-90.95588181,29113.0,2150.373646484673,0.3940110323089047,1264,1224,5,0,1219,1224,57686,45,0,0,45,0
2020-10-30,US,Missouri,Linn,171,4,0,39.87001769,-93.10704106,29115.0,1434.5637583892615,2.3391812865497075,167,164,4,0,160,164,12037,7,0,0,7,0
2020-10-30,US,Missouri,Livingston,578,9,0,39.78110272,-93.54645978,29117.0,3795.888881591909,1.5570934256055364,569,562,8,0,554,562,15146,16,1,0,15,0
2020-10-30,US,Missouri,Macon,240,1,0,39.83049768,-92.56453089,29121.0,1587.6165905933715,0.4166666666666667,239,223,1,0,222,223,15153,17,0,0,17,0
2020-10-30,US,Missouri,Madison,530,3,0,37.47865134,-90.34671429999999,29123.0,4384.513567174057,0.5660377358490566,527,508,3,0,505,508,12188,22,0,0,22,0
2020-10-30,US,Missouri,Maries,213,0,0,38.16193985,-91.92249662,29125.0,2449.120386340117,0.0,213,192,0,0,192,192,8769,21,0,0,21,0
2020-10-30,US,Missouri,Marion,970,14,0,39.80601912,-91.62203062,29127.0,3399.9298983526123,1.443298969072165,956,938,14,0,924,938,28592,32,0,0,32,0
2020-10-30,US,Missouri,McDonald,1255,12,0,36.62869595,-94.34867205,29119.0,5495.467881070194,0.9561752988047808,1243,1223,12,0,1211,1223,23078,32,0,0,32,0
2020-10-30,US,Missouri,Mercer,33,0,0,40.42212303,-93.56829590000001,29129.0,912.358307990047,0.0,33,31,0,0,31,31,3641,2,0,0,2,0
2020-10-30,US,Missouri,Miller,929,13,0,38.21450288,-92.42610898,29131.0,3626.2149186150905,1.3993541442411197,916,886,11,0,875,886,25336,43,2,0,41,0
2020-10-30,US,Missouri,Mississippi,459,6,0,36.82516239,-89.29505753,29133.0,3482.549317147193,1.30718954248366,453,447,6,0,441,447,13336,12,0,0,12,0
2020-10-30,US,Missouri,Moniteau,674,12,0,38.63571781,-92.57976951,29135.0,4178.031242251425,1.7804154302670625,662,634,11,0,623,634,16121,40,1,0,39,0
2020-10-30,US,Missouri,Monroe,179,2,0,39.49593978,-92.00043978,29137.0,2070.800555298473,1.11731843575419,177,169,2,0,167,169,8664,10,0,0,10,0
2020-10-30,US,Missouri,Montgomery,176,1,0,38.94022054,-91.47000721,29139.0,1523.677603670678,0.5681818181818182,175,163,1,0,162,163,11534,13,0,0,13,0
2020-10-30,US,Missouri,Morgan,704,7,0,38.4181765,-92.88791859,29141.0,3413.0023755272223,0.9943181818181818,697,682,7,0,675,682,20358,22,0,0,22,0
2020-10-30,US,Missouri,New Madrid,801,22,0,36.59666326,-89.66070007,29143.0,4690.794096978215,2.746566791510612,779,782,22,0,760,782,17296,19,0,0,19,0
2020-10-30,US,Missouri,Newton,2115,21,0,36.90519407,-94.3394104,29145.0,3631.7741603132094,0.9929078014184396,2094,2045,21,0,2024,2045,58266,70,0,0,70,0
2020-10-30,US,Missouri,Nodaway,1211,11,0,40.36079813,-94.88133008,29147.0,5481.622306717364,0.9083402146985962,1200,1183,11,0,1172,1141,22304,28,0,0,28,42
2020-10-30,US,Missouri,Oregon,242,0,0,36.68710164,-91.4033755,29149.0,2298.413904454364,0.0,242,233,0,0,233,233,10541,9,0,0,9,0
2020-10-30,US,Missouri,Osage,537,3,0,38.46036182,-91.8613635,29151.0,3944.179214102093,0.5586592178770949,534,494,3,0,491,494,13714,43,0,0,43,0
2020-10-30,US,Missouri,Ozark,223,1,0,36.64916339,-92.44459066,29153.0,2430.782646609985,0.4484304932735426,222,214,1,0,213,214,9017,9,0,0,9,0
2020-10-30,US,Missouri,Pemiscot,748,13,0,36.2130572,-89.78742322,29155.0,4732.679531793736,1.7379679144385027,735,736,12,0,724,736,16272,12,1,0,11,0
2020-10-30,US,Missouri,Perry,848,8,0,37.70660776,-89.82741088,29157.0,4431.438127090301,0.9433962264150944,840,814,8,0,806,814,19150,34,0,0,34,0
2020-10-30,US,Missouri,Pettis,1709,19,0,38.72798918,-93.28471706,29159.0,4036.467559460545,1.1117612638970158,1690,1630,19,0,1611,1630,42542,79,0,0,79,0
2020-10-30,US,Missouri,Phelps,902,27,0,37.87736118,-91.79351727,29161.0,2023.6466022031275,2.993348115299334,875,852,24,0,828,852,44732,50,3,0,47,0
2020-10-30,US,Missouri,Pike,372,8,0,39.34310674,-91.16980779,29163.0,2032.564747022184,2.150537634408602,364,354,8,0,346,354,18504,18,0,0,18,0
2020-10-30,US,Missouri,Platte,1032,13,0,39.38154439,-94.77068479,29165.0,988.3353444808366,1.2596899224806202,1019,1010,13,0,997,1010,102985,22,0,0,22,0
2020-10-30,US,Missouri,Polk,1067,10,0,37.616229600000004,-93.39828174,29167.0,3318.921272823416,0.9372071227741332,1057,973,10,0,963,973,32201,94,0,0,94,0
2020-10-30,US,Missouri,Pulaski,1053,11,0,37.82462075,-92.20783203,29169.0,2001.6347634345238,1.0446343779677112,1042,1020,11,0,1009,1020,52014,33,0,0,33,0
2020-10-30,US,Missouri,Putnam,60,1,0,40.47942497,-93.02042674,29171.0,1277.6831345826236,1.6666666666666667,59,57,1,0,56,57,4757,3,0,0,3,0
2020-10-30,US,Missouri,Ralls,215,0,0,39.52817427,-91.51838643,29173.0,2085.5563100203703,0.0,215,210,0,0,210,210,10212,5,0,0,5,0
2020-10-30,US,Missouri,Randolph,657,3,0,39.44007257,-92.49713740000001,29175.0,2654.759980604493,0.45662100456620996,654,627,3,0,624,627,24763,30,0,0,30,0
2020-10-30,US,Missouri,Ray,299,2,0,39.353746799999996,-93.98905745,29177.0,1298.983404292293,0.6688963210702341,297,281,2,0,279,281,22883,18,0,0,18,0
2020-10-30,US,Missouri,Reynolds,89,1,0,37.36085952,-90.97009925,29179.0,1419.4577352472088,1.1235955056179776,88,83,1,0,82,83,6254,6,0,0,6,0
2020-10-30,US,Missouri,Ripley,280,4,0,36.65460667,-90.85990261,29181.0,2107.164358819988,1.4285714285714286,276,273,4,0,269,273,13401,7,0,0,7,0
2020-10-30,US,Missouri,Saline,988,10,0,39.13734288,-93.20259964,29195.0,4340.758314661043,1.0121457489878545,978,955,10,0,945,955,22895,33,0,0,33,0
2020-10-30,US,Missouri,Schuyler,44,0,0,40.46921489,-92.52311943,29197.0,944.206008583691,0.0,44,42,0,0,42,42,4599,2,0,0,2,0
2020-10-30,US,Missouri,Scotland,78,1,0,40.45214695,-92.14709064,29199.0,1591.1872705018359,1.2820512820512822,77,73,1,0,72,73,4966,5,0,0,5,0
2020-10-30,US,Missouri,Scott,1484,25,0,37.05588075,-89.56474493,29201.0,3876.698014629049,1.6846361185983827,1459,1434,25,0,1409,1434,38458,50,0,0,50,0
2020-10-30,US,Missouri,Shannon,257,5,0,37.15772072,-91.40190382,29203.0,3147.1956894440364,1.9455252918287935,252,243,4,0,239,243,8189,14,1,0,13,0
2020-10-30,US,Missouri,Shelby,111,1,0,39.79742518,-92.07634971,29205.0,1871.8381112984823,0.9009009009009008,110,110,1,0,109,110,6050,1,0,0,1,0
2020-10-30,US,Missouri,St. Charles,11269,147,0,38.77875681,-90.66662425,29183.0,2803.0804284342653,1.3044635726328866,11122,10949,147,0,10802,10949,399182,320,0,0,320,0
2020-10-30,US,Missouri,St. Clair,128,1,0,38.03699437,-93.77631447,29185.0,1362.136852186868,0.78125,127,123,1,0,122,123,9395,5,0,0,5,0
2020-10-30,US,Missouri,St. Francois,2973,27,0,37.81214171,-90.47598685,29187.0,4423.11983932158,0.9081735620585268,2946,2887,27,0,2860,2887,66692,86,0,0,86,0
2020-10-30,US,Missouri,St. Louis,31357,889,0,38.63770039999999,-90.4458375,29189.0,3153.977298444485,2.8350926427910834,30468,30852,890,0,29962,30566,996945,505,-1,0,506,286
2020-10-30,US,Missouri,St. Louis City,8619,222,0,38.63555736,-90.24349225,29510.0,2867.494410731396,2.575704838148277,8397,8538,221,0,8317,8478,302838,81,1,0,80,60
2020-10-30,US,Missouri,Ste. Genevieve,446,1,0,37.89090059,-90.1949941,29186.0,2492.455571700011,0.2242152466367713,445,405,1,0,404,405,17888,41,0,0,41,0
2020-10-30,US,Missouri,Stoddard,924,15,0,36.85571651,-89.9444155,29207.0,3183.4625322997413,1.6233766233766234,909,893,15,0,878,893,29206,31,0,0,31,0
2020-10-30,US,Missouri,Stone,736,11,0,36.75000327,-93.45256475,29209.0,2303.455182774161,1.4945652173913044,725,712,9,0,703,712,31749,24,2,0,22,0
2020-10-30,US,Missouri,Sullivan,356,1,0,40.2099105,-93.11150106,29211.0,5846.6086385284925,0.2808988764044944,355,319,1,0,318,319,6221,37,0,0,37,0
2020-10-30,US,Missouri,Taney,1828,34,0,36.65465345,-93.04075153,29213.0,3268.488056072093,1.8599562363238507,1794,1752,33,0,1719,1752,55852,76,1,0,75,0
2020-10-30,US,Missouri,Texas,620,3,0,37.31728859,-91.96564727,29215.0,2441.137097409245,0.4838709677419355,617,594,3,0,591,594,25571,26,0,0,26,0
2020-10-30,US,Missouri,Vernon,353,3,0,37.8457799,-94.34127305,29217.0,1716.6755823566598,0.8498583569405099,350,343,3,0,340,343,20528,10,0,0,10,0
2020-10-30,US,Missouri,Warren,651,2,0,38.76529479,-91.16124662,29219.0,1826.138180594126,0.30721966205837176,649,636,1,0,635,636,34711,15,1,0,14,0
2020-10-30,US,Missouri,Washington,702,19,0,37.96130078,-90.87948158,29221.0,2838.657501010917,2.7065527065527064,683,673,19,0,654,673,24943,29,0,0,29,0
2020-10-30,US,Missouri,Wayne,315,1,0,37.11303869,-90.46001416,29223.0,2446.9820554649273,0.31746031746031744,314,309,1,0,308,309,13122,6,0,0,6,0
2020-10-30,US,Missouri,Webster,1217,14,0,37.2813734,-92.876329,29225.0,3073.8533036977174,1.1503697617091209,1203,1164,13,0,1151,1164,39109,53,1,0,52,0
2020-10-30,US,Missouri,Worth,36,0,0,40.47945588,-94.42328751,29227.0,1788.375558867362,0.0,36,34,0,0,34,34,2040,2,0,0,2,0
2020-10-30,US,Missouri,Wright,607,8,0,37.27029221,-92.46914488,29229.0,3318.9348788889497,1.317957166392092,599,591,7,0,584,591,18378,16,1,0,15,0
2020-10-30,US,Montana,Beaverhead,280,1,0,45.13434354,-112.89846940000001,30001.0,2962.0226383158783,0.35714285714285715,279,280,1,0,279,275,9404,0,0,0,0,5
2020-10-30,US,Montana,Big Horn,1388,38,0,45.42335905,-107.492347,30003.0,10421.202793002478,2.7377521613832854,1350,1376,38,0,1338,1362,13338,12,0,0,12,14
2020-10-30,US,Montana,Blaine,330,7,0,48.43175214,-108.9582723,30005.0,4939.380332285586,2.121212121212121,323,326,7,0,319,308,6807,4,0,0,4,18
2020-10-30,US,Montana,Broadwater,85,0,0,46.33277565,-111.49558130000001,30007.0,1362.8346961680295,0.0,85,80,0,0,80,77,6085,5,0,0,5,3
2020-10-30,US,Montana,Carbon,258,0,0,45.22850116,-109.0274047,30009.0,2405.594405594405,0.0,258,245,0,0,245,241,10714,13,0,0,13,4
2020-10-30,US,Montana,Carter,73,2,0,45.5197966,-104.53955359999999,30011.0,5830.670926517572,2.7397260273972597,71,69,0,0,69,66,1238,4,2,0,2,3
2020-10-30,US,Montana,Cascade,2168,15,0,47.30797024,-111.3467922,30013.0,2664.5036010127083,0.6918819188191881,2153,2027,13,0,2014,1904,81643,141,2,0,139,123
2020-10-30,US,Montana,Chouteau,108,0,0,47.88084126,-110.4353362,30015.0,1916.5927240461401,0.0,108,105,0,0,105,102,5745,3,0,0,3,3
2020-10-30,US,Montana,Custer,324,3,0,46.25319932,-105.57375259999998,30017.0,2841.606735660411,0.925925925925926,321,319,3,0,316,301,11586,5,0,0,5,18
2020-10-30,US,Montana,Daniels,42,3,0,48.78420029,-105.54763429999998,30019.0,2485.207100591716,7.142857142857142,39,41,1,0,40,36,1747,1,2,0,-1,5
2020-10-30,US,Montana,Dawson,263,4,0,47.26584855,-104.89444170000002,30021.0,3053.5237431789155,1.520912547528517,259,247,4,0,243,235,8680,16,0,0,16,12
2020-10-30,US,Montana,Deer Lodge,460,1,0,46.05953325,-113.073353,30023.0,5032.822757111598,0.21739130434782608,459,444,1,0,443,432,9131,16,0,0,16,12
2020-10-30,US,Montana,Fallon,83,0,0,46.33478338,-104.41835649999999,30025.0,2916.3738580463814,0.0,83,67,0,0,67,63,2920,16,0,0,16,4
2020-10-30,US,Montana,Fergus,233,2,0,47.26331584,-109.2245206,30027.0,2108.597285067873,0.8583690987124464,231,228,2,0,226,211,11113,5,0,0,5,17
2020-10-30,US,Montana,Flathead,3385,27,0,48.29575866,-114.05205690000001,30029.0,3260.8905072924485,0.7976366322008862,3358,3291,27,0,3264,3241,102106,94,0,0,94,50
2020-10-30,US,Montana,Gallatin,3281,7,0,45.54486106,-111.1692571,30031.0,2867.1548665606374,0.21334958854007924,3274,3137,6,0,3131,3036,111876,144,1,0,143,101
2020-10-30,US,Montana,Garfield,25,0,0,47.27545948,-107.0002351,30033.0,1987.281399046105,0.0,25,24,0,0,24,23,1268,1,0,0,1,1
2020-10-30,US,Montana,Glacier,988,16,0,48.70513576,-112.9934235,30035.0,7183.887151894132,1.6194331983805668,972,964,13,0,951,930,13747,24,3,0,21,34
2020-10-30,US,Montana,Golden Valley,16,0,0,46.3816474,-109.17685220000001,30037.0,1948.84287454324,0.0,16,16,0,0,16,16,826,0,0,0,0,0
2020-10-30,US,Montana,Granite,67,0,0,46.40605220000001,-113.4414186,30039.0,1982.8351583308672,0.0,67,67,0,0,67,66,3378,0,0,0,0,1
2020-10-30,US,Montana,Hill,833,20,0,48.62879827,-110.1129252,30041.0,5053.385100703713,2.4009603841536613,813,823,20,0,803,813,16347,10,0,0,10,10
2020-10-30,US,Montana,Jefferson,180,0,0,46.14907081,-112.094396,30043.0,1472.8745601832916,0.0,180,174,0,0,174,168,12097,6,0,0,6,6
2020-10-30,US,Montana,Judith Basin,15,0,0,47.04581276,-110.26606880000001,30045.0,747.3841554559042,0.0,15,15,0,0,15,14,1952,0,0,0,0,1
2020-10-30,US,Montana,Lake,585,5,0,47.64514965,-114.0898013,30047.0,1920.6776544750146,0.8547008547008547,580,579,4,0,575,560,30250,6,1,0,5,19
2020-10-30,US,Montana,Lewis and Clark,1047,6,0,47.12610041,-112.39469799999999,30049.0,1507.9502246802624,0.5730659025787965,1041,1011,6,0,1005,972,68700,36,0,0,36,39
2020-10-30,US,Montana,Liberty,32,0,0,48.56084317,-111.02430700000001,30051.0,1369.2768506632435,0.0,32,31,0,0,31,31,2430,1,0,0,1,0
2020-10-30,US,Montana,Lincoln,319,3,0,48.54265777,-115.4046155,30053.0,1596.5965965965963,0.9404388714733544,316,313,3,0,310,306,19794,6,0,0,6,7
2020-10-30,US,Montana,Madison,185,1,0,45.30080065,-111.9173017,30057.0,2151.1627906976746,0.5405405405405406,184,177,1,0,176,170,8768,8,0,0,8,7
2020-10-30,US,Montana,McCone,63,0,0,47.64469406,-105.79449939999999,30055.0,3786.057692307693,0.0,63,61,0,0,61,62,1675,2,0,0,2,-1
2020-10-30,US,Montana,Meagher,81,4,0,46.59907074,-110.8898557,30059.0,4350.16111707841,4.938271604938271,77,79,4,0,75,79,1866,2,0,0,2,0
2020-10-30,US,Montana,Mineral,15,0,0,47.15283992,-115.00152390000001,30061.0,341.14168751421425,0.0,15,15,0,0,15,15,4316,0,0,0,0,0
2020-10-30,US,Montana,Missoula,2318,16,0,47.03728583,-113.92135079999998,30063.0,1938.1270903010034,0.6902502157031924,2302,2229,15,0,2214,2164,118791,89,1,0,88,65
2020-10-30,US,Montana,Musselshell,124,2,0,46.49684637,-108.39498,30065.0,2676.451543276495,1.6129032258064515,122,111,2,0,109,110,4651,13,0,0,13,1
2020-10-30,US,Montana,Park,264,0,0,45.48965095,-110.52643940000002,30067.0,1589.7868240395035,0.0,264,260,0,0,260,247,16736,4,0,0,4,13
2020-10-30,US,Montana,Petroleum,3,0,0,47.118246299999996,-108.2508876,30069.0,616.0164271047228,0.0,3,3,0,0,3,3,513,0,0,0,0,0
2020-10-30,US,Montana,Phillips,186,0,0,48.25936577,-107.9128511,30071.0,4704.097116843703,0.0,186,177,0,0,177,170,4074,9,0,0,9,7
2020-10-30,US,Montana,Pondera,191,1,0,48.22773388,-112.22527029999999,30073.0,3231.263745559127,0.5235602094240838,190,184,1,0,183,179,5972,7,0,0,7,5
2020-10-30,US,Montana,Powder River,63,5,0,45.39617714,-105.636738,30075.0,3745.541022592152,7.936507936507938,58,62,5,0,57,59,1716,1,0,0,1,3
2020-10-30,US,Montana,Powell,168,0,0,46.85538891,-112.93591640000001,30077.0,2438.3164005805515,0.0,168,137,0,0,137,112,6968,31,0,0,31,25
2020-10-30,US,Montana,Prairie,33,0,0,46.86048047,-105.379384,30079.0,3064.066852367688,0.0,33,33,0,0,33,33,1087,0,0,0,0,0
2020-10-30,US,Montana,Ravalli,512,4,0,46.08520862,-114.11891640000002,30081.0,1168.7896635164136,0.78125,508,503,4,0,499,475,43172,9,0,0,9,28
2020-10-30,US,Montana,Richland,341,5,0,47.78668011,-104.5610786,30083.0,3156.530593353698,1.4662756598240467,336,338,5,0,333,331,10913,3,0,0,3,7
2020-10-30,US,Montana,Roosevelt,955,31,0,48.29607488,-105.00792679999999,30085.0,8678.662304616502,3.2460732984293195,924,936,19,0,917,935,11059,19,12,0,7,1
2020-10-30,US,Montana,Rosebud,808,21,0,46.23397237,-106.72928799999998,30087.0,9041.06523441871,2.599009900990099,787,772,21,0,751,766,9063,36,0,0,36,6
2020-10-30,US,Montana,Sanders,97,2,0,47.67657534,-115.1329916,30089.0,800.7925369437794,2.061855670103093,95,97,2,0,95,97,11844,0,0,0,0,0
2020-10-30,US,Montana,Sheridan,81,0,0,48.72085833,-104.50382900000001,30091.0,2447.8694469628285,0.0,81,73,0,0,73,73,3424,8,0,0,8,0
2020-10-30,US,Montana,Silver Bow,599,2,0,45.90018933,-112.6620092,30093.0,1715.5950164685669,0.333889816360601,597,582,2,0,580,575,34993,17,0,0,17,7
2020-10-30,US,Montana,Stillwater,228,3,0,45.67071407,-109.3950061,30095.0,2364.6546359676418,1.3157894736842106,225,218,3,0,215,210,9534,10,0,0,10,8
2020-10-30,US,Montana,Sweet Grass,92,2,0,45.81367654,-109.9425686,30097.0,2461.867808402462,2.1739130434782608,90,87,2,0,85,82,3710,5,0,0,5,5
2020-10-30,US,Montana,Teton,91,0,0,47.83741052,-112.24106880000001,30099.0,1480.3969415975268,0.0,91,90,0,0,90,89,6162,1,0,0,1,1
2020-10-30,US,Montana,Toole,316,6,0,48.65577551,-111.69424140000001,30101.0,6672.297297297298,1.8987341772151896,310,314,6,0,308,311,4853,2,0,0,2,3
2020-10-30,US,Montana,Treasure,24,1,0,46.20973220000001,-107.26665159999999,30103.0,3448.2758620689656,4.166666666666667,23,24,1,0,23,22,679,0,0,0,0,2
2020-10-30,US,Montana,Valley,369,3,0,48.36435097,-106.6669635,30105.0,4989.1833423472135,0.8130081300813008,366,358,4,0,354,343,7437,11,-1,0,12,15
2020-10-30,US,Montana,Wheatland,69,3,0,46.46652491,-109.84646359999999,30107.0,3245.5315145813734,4.3478260869565215,66,69,3,0,66,67,2236,0,0,0,0,2
2020-10-30,US,Montana,Wibaux,44,0,0,46.95925154,-104.2510927,30109.0,4540.763673890609,0.0,44,44,0,0,44,42,1034,0,0,0,0,2
2020-10-30,US,Montana,Yellowstone,6728,92,0,45.93955949,-108.26914860000001,30111.0,4171.109733415995,1.3674197384066586,6636,6521,88,0,6433,6356,160137,207,4,0,203,165
2020-10-30,US,Nebraska,Adams,912,15,0,40.52449420000001,-98.50117804,31001.0,2907.885087523515,1.6447368421052633,897,896,15,0,881,878,31511,16,0,0,16,18
2020-10-30,US,Nebraska,Antelope,173,1,0,42.17695516,-98.06662829999999,31003.0,2746.903778977453,0.5780346820809249,172,171,1,0,170,166,6336,2,0,0,2,5
2020-10-30,US,Nebraska,Arthur,5,0,0,41.56896142,-101.6959559,31005.0,1079.913606911447,0.0,5,4,0,0,4,4,465,1,0,0,1,0
2020-10-30,US,Nebraska,Banner,4,0,0,41.54634427,-103.7114332,31007.0,536.9127516778524,0.0,4,4,0,0,4,4,730,0,0,0,0,0
2020-10-30,US,Nebraska,Blaine,3,0,0,41.91311716,-99.97677845,31009.0,645.1612903225806,0.0,3,2,0,0,2,2,476,1,0,0,1,0
2020-10-30,US,Nebraska,Boone,159,0,0,41.70759415,-98.06737183,31011.0,3062.4036979969183,0.0,159,157,0,0,157,153,5239,2,0,0,2,4
2020-10-30,US,Nebraska,Box Butte,266,1,0,42.22079243,-103.08788340000001,31013.0,2466.8459612352776,0.3759398496240601,265,258,1,0,257,254,10772,8,0,0,8,4
2020-10-30,US,Nebraska,Boyd,76,0,0,42.899727399999996,-98.76486568,31015.0,3960.396039603961,0.0,76,76,0,0,76,73,1955,0,0,0,0,3
2020-10-30,US,Nebraska,Brown,81,0,0,42.43018907,-99.92904055,31017.0,2741.116751269036,0.0,81,80,0,0,80,78,2973,1,0,0,1,2
2020-10-30,US,Nebraska,Buffalo,1957,18,0,40.85486962,-99.07500296,31019.0,3940.8767796371253,0.919775166070516,1939,1907,18,0,1889,1844,49615,50,0,0,50,63
2020-10-30,US,Nebraska,Burt,144,1,0,41.85056773,-96.32605633,31021.0,2229.4472828611238,0.6944444444444444,143,138,1,0,137,130,6488,6,0,0,6,8
2020-10-30,US,Nebraska,Butler,295,2,0,41.22703692,-97.13106306,31023.0,3680.1397205588814,0.6779661016949152,293,286,2,0,284,280,8058,9,0,0,9,6
2020-10-30,US,Nebraska,Cass,577,4,0,40.90899107,-96.13971217,31025.0,2198.2627247790306,0.6932409012131716,573,560,4,0,556,549,26159,17,0,0,17,11
2020-10-30,US,Nebraska,Cedar,155,0,0,42.598885100000004,-97.25311951,31027.0,1844.7988574149008,0.0,155,151,0,0,151,145,8446,4,0,0,4,6
2020-10-30,US,Nebraska,Chase,157,0,0,40.523719799999995,-101.69780259999999,31029.0,4001.0193679918452,0.0,157,155,0,0,155,150,3977,2,0,0,2,5
2020-10-30,US,Nebraska,Cherry,77,4,0,42.54502621,-101.1244332,31031.0,1353.4891896642646,5.194805194805196,73,76,4,0,72,71,5761,1,0,0,1,5
2020-10-30,US,Nebraska,Cheyenne,116,0,0,41.21999357,-102.9941693,31033.0,1301.9079685746353,0.0,116,114,0,0,114,102,9310,2,0,0,2,12
2020-10-30,US,Nebraska,Clay,189,1,0,40.52439441,-98.05126296,31035.0,3046.9127841367076,0.5291005291005291,188,180,1,0,179,175,6214,9,0,0,9,5
2020-10-30,US,Nebraska,Colfax,950,7,0,41.57486951,-97.0868542,31037.0,8871.043047903633,0.7368421052631579,943,944,7,0,937,919,10881,6,0,0,6,25
2020-10-30,US,Nebraska,Cuming,319,3,0,41.91637624,-96.78730772,31039.0,3606.149672168213,0.9404388714733544,316,306,2,0,304,297,8940,13,1,0,12,9
2020-10-30,US,Nebraska,Custer,243,5,0,41.39374521,-99.72805369,31041.0,2254.8018929201075,2.05761316872428,238,232,5,0,227,228,10840,11,0,0,11,4
2020-10-30,US,Nebraska,Dakota,2573,49,0,42.39040144,-96.56656425,31043.0,12848.29721362229,1.9043917605907499,2524,2561,49,0,2512,2545,20083,12,0,0,12,16
2020-10-30,US,Nebraska,Dawes,257,4,0,42.71985036,-103.1313774,31045.0,2992.199324717662,1.5564202334630348,253,248,4,0,244,245,8716,9,0,0,9,3
2020-10-30,US,Nebraska,Dawson,1328,15,0,40.87028216,-99.82014609999999,31047.0,5628.311082856538,1.129518072289157,1313,1307,15,0,1292,1291,23709,21,0,0,21,16
2020-10-30,US,Nebraska,Deuel,13,0,0,41.11168186,-102.33333309999999,31049.0,724.6376811594204,0.0,13,10,0,0,10,10,1825,3,0,0,3,0
2020-10-30,US,Nebraska,Dixon,168,2,0,42.49188363,-96.86782408,31051.0,2980.8374733853802,1.1904761904761905,166,169,2,0,167,168,5709,-1,0,0,-1,1
2020-10-30,US,Nebraska,Dodge,1723,20,0,41.58071748,-96.65598179,31053.0,4712.15643374812,1.1607661056297156,1703,1664,20,0,1644,1637,36791,59,0,0,59,27
2020-10-30,US,Nebraska,Douglas,23112,232,0,41.29518299,-96.15085305,31055.0,4045.3190554621083,1.0038075458636206,22880,22806,224,0,22582,22381,566880,306,8,0,298,425
2020-10-30,US,Nebraska,Dundy,29,1,0,40.17638677,-101.6876522,31057.0,1712.9356172474895,3.4482758620689653,28,28,1,0,27,27,1770,1,0,0,1,1
2020-10-30,US,Nebraska,Fillmore,120,2,0,40.52458567,-97.59646937,31059.0,2196.9974368363237,1.6666666666666667,118,111,2,0,109,103,5527,9,0,0,9,8
2020-10-30,US,Nebraska,Franklin,94,0,0,40.17636348,-98.95299073,31061.0,3155.4212823095,0.0,94,92,0,0,92,91,3023,2,0,0,2,1
2020-10-30,US,Nebraska,Frontier,44,0,0,40.52993007,-100.3924658,31063.0,1674.9143509706894,0.0,44,40,0,0,40,39,2608,4,0,0,4,1
2020-10-30,US,Nebraska,Furnas,106,3,0,40.17642064,-99.91247454,31065.0,2266.8947818648417,2.830188679245283,103,101,3,0,98,98,4715,5,0,0,5,3
2020-10-30,US,Nebraska,Gage,578,5,0,40.26186809,-96.68946704,31067.0,2686.7475479942364,0.8650519031141869,573,563,5,0,558,555,21493,15,0,0,15,8
2020-10-30,US,Nebraska,Garden,44,0,0,41.61703149,-102.3313973,31069.0,2395.2095808383233,0.0,44,24,0,0,24,22,1897,20,0,0,20,2
2020-10-30,US,Nebraska,Garfield,35,0,0,41.91428955,-98.99111827,31071.0,1777.5520568816657,0.0,35,33,0,0,33,27,1987,2,0,0,2,6
2020-10-30,US,Nebraska,Gosper,61,0,0,40.51481965,-99.83020279,31073.0,3065.3266331658288,0.0,61,60,0,0,60,60,1996,1,0,0,1,0
2020-10-30,US,Nebraska,Grant,5,0,0,41.91528587,-101.740701,31075.0,802.5682182985554,0.0,5,4,0,0,4,4,660,1,0,0,1,0
2020-10-30,US,Nebraska,Greeley,48,0,0,41.56742671,-98.52150266,31077.0,2037.351443123939,0.0,48,48,0,0,48,47,2356,0,0,0,0,1
2020-10-30,US,Nebraska,Hall,2741,50,0,40.87257079,-98.50218293,31079.0,4467.5891969422855,1.824151769427216,2691,2697,50,0,2647,2656,61607,44,0,0,44,41
2020-10-30,US,Nebraska,Hamilton,243,12,0,40.87349452,-98.02099117,31081.0,2606.1776061776063,4.938271604938271,231,242,12,0,230,237,9280,1,0,0,1,5
2020-10-30,US,Nebraska,Harlan,63,0,0,40.17658508,-99.40438879,31083.0,1863.905325443787,0.0,63,60,0,0,60,58,3401,3,0,0,3,2
2020-10-30,US,Nebraska,Hayes,23,0,0,40.52451972,-101.0603568,31085.0,2494.5770065075917,0.0,23,23,0,0,23,23,916,0,0,0,0,0
2020-10-30,US,Nebraska,Hitchcock,52,0,0,40.17609175,-101.04164770000001,31087.0,1882.693700217234,0.0,52,47,0,0,47,47,2806,5,0,0,5,0
2020-10-30,US,Nebraska,Holt,309,4,0,42.45522056,-98.78402558,31089.0,3069.434786927585,1.2944983818770226,305,303,4,0,299,290,10178,6,0,0,6,13
2020-10-30,US,Nebraska,Hooker,22,1,0,41.91586243,-101.1354293,31091.0,3225.8064516129034,4.545454545454546,21,22,1,0,21,21,682,0,0,0,0,1
2020-10-30,US,Nebraska,Howard,164,5,0,41.2200529,-98.5166499,31093.0,2544.6082234290147,3.0487804878048776,159,155,5,0,150,148,6468,9,0,0,9,7
2020-10-30,US,Nebraska,Jefferson,102,0,0,40.17584531,-97.142601,31095.0,1447.6298609139938,0.0,102,93,0,0,93,86,7097,9,0,0,9,7
2020-10-30,US,Nebraska,Johnson,113,0,0,40.39257596,-96.26522753,31097.0,2228.3573259712093,0.0,113,112,0,0,112,105,5134,1,0,0,1,7
2020-10-30,US,Nebraska,Kearney,256,0,0,40.50663314,-98.94877182,31099.0,3941.493456505005,0.0,256,255,0,0,255,262,6544,1,0,0,1,-7
2020-10-30,US,Nebraska,Keith,117,0,0,41.19930341,-101.66201640000001,31101.0,1456.3106796116504,0.0,117,113,0,0,113,107,8021,4,0,0,4,6
2020-10-30,US,Nebraska,Keya Paha,9,0,0,42.87990694,-99.71343729,31103.0,1116.6253101736972,0.0,9,9,0,0,9,9,810,0,0,0,0,0
2020-10-30,US,Nebraska,Kimball,64,0,0,41.19774275,-103.7148131,31105.0,1762.1145374449338,0.0,64,59,0,0,59,53,3618,5,0,0,5,6
2020-10-30,US,Nebraska,Knox,279,1,0,42.63758421,-97.89178836,31107.0,3348.5357657225154,0.35842293906810035,278,275,1,0,274,264,8419,4,0,0,4,11
2020-10-30,US,Nebraska,Lancaster,9350,45,0,40.78416049,-96.68777155,31109.0,2930.2077783697387,0.481283422459893,9305,9181,45,0,9136,8981,317272,169,0,0,169,200
2020-10-30,US,Nebraska,Lincoln,969,8,0,41.04658298,-100.74753740000001,31111.0,2775.3909606461602,0.8255933952528379,961,938,8,0,930,902,35185,31,0,0,31,36
2020-10-30,US,Nebraska,Logan,10,0,0,41.56650314,-100.4817851,31113.0,1336.8983957219252,0.0,10,10,0,0,10,10,749,0,0,0,0,0
2020-10-30,US,Nebraska,Loup,8,0,0,41.91371961,-99.45440415,31115.0,1204.8192771084334,0.0,8,8,0,0,8,8,618,0,0,0,0,0
2020-10-30,US,Nebraska,Madison,1488,10,0,41.91676024,-97.6005481,31119.0,4239.437020997751,0.6720430107526881,1478,1399,10,0,1389,1362,35392,89,0,0,89,37
2020-10-30,US,Nebraska,McPherson,10,0,0,41.56797682,-101.05993620000001,31117.0,2024.2914979757086,0.0,10,10,0,0,10,10,492,0,0,0,0,0
2020-10-30,US,Nebraska,Merrick,152,1,0,41.16624273,-98.0374887,31121.0,1960.025789813024,0.6578947368421053,151,148,1,0,147,141,7733,4,0,0,4,7
2020-10-30,US,Nebraska,Morrill,131,0,0,41.71711774,-103.0061405,31123.0,2822.0594571305473,0.0,131,123,0,0,123,114,4686,8,0,0,8,9
2020-10-30,US,Nebraska,Nance,107,0,0,41.39750195,-97.99327291,31125.0,3040.636544472861,0.0,107,104,0,0,104,93,3532,3,0,0,3,11
2020-10-30,US,Nebraska,Nemaha,171,0,0,40.38514847,-95.85433992,31127.0,2452.667814113597,0.0,171,168,0,0,168,167,6958,3,0,0,3,1
2020-10-30,US,Nebraska,Nuckolls,106,0,0,40.17637905,-98.04743961,31129.0,2555.448408871745,0.0,106,105,0,0,105,99,4195,1,0,0,1,6
2020-10-30,US,Nebraska,Otoe,327,1,0,40.64843556,-96.13374142,31131.0,2042.2183362478147,0.3058103975535168,326,316,1,0,315,302,15985,11,0,0,11,14
2020-10-30,US,Nebraska,Pawnee,32,0,0,40.13141096,-96.23705437,31133.0,1224.6460007654034,0.0,32,31,0,0,31,29,2632,1,0,0,1,2
2020-10-30,US,Nebraska,Perkins,47,10,0,40.85082525,-101.6502942,31135.0,1625.7350397786233,21.27659574468085,37,46,10,0,36,45,2929,1,0,0,1,1
2020-10-30,US,Nebraska,Phelps,323,2,0,40.51156033,-99.41461667,31137.0,3575.381890635377,0.6191950464396285,321,309,2,0,307,304,8996,14,0,0,14,5
2020-10-30,US,Nebraska,Pierce,224,8,0,42.26434853,-97.60122773,31139.0,3133.743704532736,3.571428571428572,216,221,8,0,213,213,7142,3,0,0,3,8
2020-10-30,US,Nebraska,Platte,1708,7,0,41.57246836,-97.52144359,31141.0,5103.077382730804,0.4098360655737705,1701,1677,7,0,1670,1619,33363,31,0,0,31,58
2020-10-30,US,Nebraska,Polk,202,4,0,41.18813488,-97.56630712,31143.0,3874.928064454249,1.98019801980198,198,201,4,0,197,195,5278,1,0,0,1,6
2020-10-30,US,Nebraska,Red Willow,271,0,0,40.17556879999999,-100.476998,31145.0,2527.0421484520707,0.0,271,248,0,0,248,233,10726,23,0,0,23,15
2020-10-30,US,Nebraska,Richardson,125,2,0,40.1247415,-95.71755036,31147.0,1589.3197711379528,1.6,123,104,2,0,102,98,7937,21,0,0,21,6
2020-10-30,US,Nebraska,Rock,59,1,0,42.42252217,-99.44832069,31149.0,4347.826086956522,1.6949152542372878,58,59,1,0,58,58,1360,0,0,0,0,1
2020-10-30,US,Nebraska,Saline,971,2,0,40.52418865,-97.14085859,31151.0,6826.490438695164,0.2059732234809475,969,961,2,0,959,939,14350,10,0,0,10,22
2020-10-30,US,Nebraska,Sarpy,6105,38,0,41.11314181,-96.11156432,31153.0,3261.2876343511607,0.6224406224406225,6067,5981,38,0,5943,5859,184459,124,0,0,124,122
2020-10-30,US,Nebraska,Saunders,710,4,0,41.227810299999994,-96.63773905,31155.0,3290.388358513301,0.5633802816901409,706,696,4,0,692,679,21303,14,0,0,14,17
2020-10-30,US,Nebraska,Scotts Bluff,959,9,0,41.85070896,-103.70809859999999,31157.0,2692.4588691111235,0.9384775808133472,950,890,9,0,881,803,35989,69,0,0,69,87
2020-10-30,US,Nebraska,Seward,402,3,0,40.87241834,-97.139673,31159.0,2325.850497570007,0.746268656716418,399,386,3,0,383,368,17318,16,0,0,16,18
2020-10-30,US,Nebraska,Sheridan,147,0,0,42.50284406,-102.4126613,31161.0,2802.134959969501,0.0,147,134,0,0,134,133,5190,13,0,0,13,1
2020-10-30,US,Nebraska,Sherman,58,3,0,41.22045983,-98.97588642,31163.0,1932.6891036321224,5.172413793103448,55,50,3,0,47,47,3038,8,0,0,8,3
2020-10-30,US,Nebraska,Sioux,12,0,0,42.48932059,-103.7576544,31165.0,1029.1595197255574,0.0,12,12,0,0,12,12,1187,0,0,0,0,0
2020-10-30,US,Nebraska,Stanton,84,0,0,41.9169835,-97.19394708,31167.0,1418.918918918919,0.0,84,80,0,0,80,79,5970,4,0,0,4,1
2020-10-30,US,Nebraska,Thayer,71,0,0,40.17626377,-97.59504381,31169.0,1419.1485108934644,0.0,71,66,0,0,66,65,5039,5,0,0,5,1
2020-10-30,US,Nebraska,Thomas,14,0,0,41.91358968,-100.5556632,31171.0,1939.0581717451525,0.0,14,12,0,0,12,12,720,2,0,0,2,0
2020-10-30,US,Nebraska,Thurston,349,4,0,42.15725356,-96.54157099,31173.0,4831.118493909192,1.146131805157593,345,345,4,0,341,333,7303,4,0,0,4,12
2020-10-30,US,Nebraska,Unassigned,535,5,0,0.0,0.0,90031.0,0.0,0.9345794392523364,530,495,5,0,490,475,,40,0,0,40,20
2020-10-30,US,Nebraska,Valley,94,1,0,41.56730777,-98.98197724,31175.0,2260.702260702261,1.0638297872340423,93,94,1,0,93,93,4190,0,0,0,0,1
2020-10-30,US,Nebraska,Washington,532,7,0,41.52815707,-96.22019892,31177.0,2566.452795600367,1.3157894736842106,525,509,7,0,502,495,20667,23,0,0,23,14
2020-10-30,US,Nebraska,Wayne,369,1,0,42.20934475,-97.11926964,31179.0,3931.806073521577,0.27100271002710025,368,359,1,0,358,339,9403,10,0,0,10,20
2020-10-30,US,Nebraska,Webster,123,0,0,40.17642643,-98.50019851,31181.0,3527.3874390593633,0.0,123,118,0,0,118,118,3533,5,0,0,5,0
2020-10-30,US,Nebraska,Wheeler,3,0,0,41.91482725,-98.52798941,31183.0,383.1417624521073,0.0,3,3,0,0,3,3,805,0,0,0,0,0
2020-10-30,US,Nebraska,York,534,2,0,40.87272618,-97.59710186,31185.0,3903.794136998319,0.3745318352059925,532,522,2,0,520,492,13772,12,0,0,12,30
2020-10-30,US,Nevada,Carson City,788,8,0,39.15509045,-119.7480219,32510.0,1409.2567422562415,1.0152284263959392,780,768,8,0,760,742,55414,20,0,0,20,26
2020-10-30,US,Nevada,Churchill,228,4,0,39.58105744,-118.3394607,32001.0,915.3318077803204,1.7543859649122806,224,223,4,0,219,223,24440,5,0,0,5,0
2020-10-30,US,Nevada,Clark,81684,1515,0,36.21458855,-115.0130241,32003.0,3603.629040263112,1.8547083884236812,80169,80794,1508,0,79286,80104,2231647,890,7,0,883,690
2020-10-30,US,Nevada,Douglas,420,1,0,38.912862,-119.61713329999999,32005.0,858.8078928534915,0.2380952380952381,419,417,1,0,416,411,48467,3,0,0,3,6
2020-10-30,US,Nevada,Elko,1464,14,0,41.14531606,-115.3577619,32007.0,2773.8830573344953,0.9562841530054644,1450,1436,14,0,1422,1393,52460,28,0,0,28,43
2020-10-30,US,Nevada,Eureka,11,0,0,39.98100864,-116.26832040000001,32011.0,542.1389847215377,0.0,11,11,0,0,11,11,2003,0,0,0,0,0
2020-10-30,US,Nevada,Humboldt,178,4,0,41.40692186,-118.11094270000001,32013.0,1057.5723367595508,2.247191011235955,174,176,4,0,172,173,16786,2,0,0,2,3
2020-10-30,US,Nevada,Lander,110,0,0,39.933223299999995,-117.03970749999999,32015.0,1988.430947216197,0.0,110,110,0,0,110,110,5575,0,0,0,0,0
2020-10-30,US,Nevada,Lincoln,49,0,0,37.64268459,-114.8790388,32017.0,945.3984179046885,0.0,49,49,0,0,49,49,5201,0,0,0,0,0
2020-10-30,US,Nevada,Lyon,622,13,0,39.01777974,-119.18704790000001,32019.0,1081.551034602678,2.090032154340836,609,613,13,0,600,607,55808,9,0,0,9,6
2020-10-30,US,Nevada,Mineral,18,0,0,38.53841696,-118.4344506,32021.0,399.5560488346282,0.0,18,18,0,0,18,18,4514,0,0,0,0,0
2020-10-30,US,Nevada,Nye,707,16,0,38.04264256,-116.47227020000001,32023.0,1519.6784386217569,2.263083451202263,691,682,16,0,666,676,45346,25,0,0,25,6
2020-10-30,US,Nevada,Pershing,24,0,0,40.44003782,-118.40056409999998,32027.0,356.8773234200744,0.0,24,24,0,0,24,24,6666,0,0,0,0,0
2020-10-30,US,Nevada,Storey,22,0,0,39.44875482,-119.5250207,32029.0,0.0,0.0,22,22,0,0,22,22,4029,0,0,0,0,0
2020-10-30,US,Nevada,Washoe,13338,197,0,40.66562265,-119.6631594,32031.0,2828.7301254032177,1.4769830559304244,13141,13090,196,0,12894,12797,465735,248,1,0,247,293
2020-10-30,US,Nevada,White Pine,121,1,0,39.44157041,-114.89996599999999,32033.0,1263.0480167014614,0.8264462809917356,120,119,1,0,118,119,9475,2,0,0,2,0
2020-10-30,US,New Hampshire,Belknap,238,5,0,43.51637314,-71.41684235,33001.0,388.23548602841623,2.100840336134454,233,234,5,0,229,233,61022,4,0,0,4,1
2020-10-30,US,New Hampshire,Carroll,156,2,0,43.87498583,-71.20430216,33003.0,318.95317930893475,1.2820512820512822,154,152,2,0,150,151,48779,4,0,0,4,1
2020-10-30,US,New Hampshire,Cheshire,200,3,0,42.92015988,-72.25311043,33005.0,262.86390221462835,1.5,197,195,3,0,192,192,76493,5,0,0,5,3
2020-10-30,US,New Hampshire,Coos,71,0,0,44.69063265,-71.30633239,33007.0,224.9469315337579,0.0,71,64,0,0,64,49,31589,7,0,0,7,15
2020-10-30,US,New Hampshire,Grafton,236,1,0,43.93779815,-71.82057197,33009.0,262.55479162494714,0.42372881355932196,235,230,1,0,229,212,89786,6,0,0,6,18
2020-10-30,US,New Hampshire,Hillsborough,5533,322,0,42.91537785,-71.7200253,33011.0,1326.7789700857265,5.819627688414965,5211,5505,322,0,5183,5468,415247,28,0,0,28,37
2020-10-30,US,New Hampshire,Merrimack,926,29,0,43.29662971,-71.6811573,33013.0,611.6611951833332,3.1317494600431965,897,916,29,0,887,897,151132,10,0,0,10,19
2020-10-30,US,New Hampshire,Rockingham,2678,105,0,42.98499744,-71.12883377,33015.0,864.5151709822479,3.9208364451082898,2573,2638,105,0,2533,2617,309176,40,0,0,40,21
2020-10-30,US,New Hampshire,Strafford,740,14,0,43.291833000000004,-71.02336013,33017.0,566.4724839818423,1.891891891891892,726,732,14,0,718,723,130090,8,0,0,8,9
2020-10-30,US,New Hampshire,Sullivan,86,1,0,43.36094111,-72.22203125,33019.0,199.3232281092106,1.162790697674419,85,84,1,0,83,81,43144,2,0,0,2,3
2020-10-30,US,New Hampshire,Unassigned,20,0,0,0.0,0.0,90033.0,0.0,0.0,20,18,0,0,18,18,,2,0,0,2,0
2020-10-30,US,New Jersey,Atlantic,5208,267,0,39.47538693,-74.65848483,34001.0,1975.1962680623506,5.126728110599078,4941,5162,267,0,4895,5130,265429,46,0,0,46,32
2020-10-30,US,New Jersey,Bergen,25235,2062,0,40.96010917,-74.07164325,34003.0,2707.031308664861,8.171190806419656,23173,25027,2062,0,22965,24890,936692,208,0,0,208,137
2020-10-30,US,New Jersey,Burlington,8587,514,0,39.87681124,-74.66927768,34005.0,1928.1507312242761,5.985792477000118,8073,8486,513,0,7973,8416,445384,101,1,0,100,70
2020-10-30,US,New Jersey,Camden,11729,635,0,39.80343818,-74.96388753,34007.0,2315.828546945432,5.413931281439169,11094,11617,634,0,10983,11519,507078,112,1,0,111,98
2020-10-30,US,New Jersey,Cape May,1129,100,0,39.15008829,-74.80170244,34009.0,1226.6539184476144,8.857395925597872,1029,1123,100,0,1023,1115,92560,6,0,0,6,8
2020-10-30,US,New Jersey,Cumberland,4034,162,0,39.37199394,-75.10712559,34011.0,2697.840523785002,4.015865146256817,3872,4016,162,0,3854,3996,150972,18,0,0,18,20
2020-10-30,US,New Jersey,Essex,24970,2144,0,40.78681335,-74.24657979,34013.0,3125.2542319847303,8.586303564277133,22826,24709,2142,0,22567,24455,799767,261,2,0,259,254
2020-10-30,US,New Jersey,Gloucester,5550,248,0,39.71581067,-75.13995546,34015.0,1903.0572357322144,4.468468468468467,5302,5559,248,0,5311,5519,291408,-9,0,0,-9,40
2020-10-30,US,New Jersey,Hudson,23357,1530,0,40.73766234,-74.07515667,34017.0,3473.722878503728,6.5504987798090495,21827,23132,1529,0,21603,22956,676061,225,1,0,224,176
2020-10-30,US,New Jersey,Hunterdon,1603,127,0,40.56335249,-74.91284156,34019.0,1288.8856727050518,7.9226450405489715,1476,1586,127,0,1459,1582,124714,17,0,0,17,4
2020-10-30,US,New Jersey,Mercer,9340,639,0,40.28047017,-74.70479631,34021.0,2541.980785455733,6.8415417558886515,8701,9297,639,0,8658,9250,369811,43,0,0,43,47
2020-10-30,US,New Jersey,Middlesex,22444,1447,0,40.43629879,-74.41426991,34023.0,2720.2804152900026,6.44715736945286,20997,22274,1447,0,20827,22111,829685,170,0,0,170,163
2020-10-30,US,New Jersey,Monmouth,14242,873,0,40.26549699,-74.22240686,34025.0,2301.569986829241,6.129757056593175,13369,14111,873,0,13238,13996,621354,131,0,0,131,115
2020-10-30,US,New Jersey,Morris,9243,838,0,40.86095313,-74.54553709999998,34027.0,1879.2505769093923,9.066320458725524,8405,9145,838,0,8307,9091,494228,98,0,0,98,54
2020-10-30,US,New Jersey,Ocean,16804,1067,0,39.8895449,-74.28089251,34029.0,2767.5209902731617,6.349678647940968,15737,16715,1067,0,15648,16642,601651,89,0,0,89,73
2020-10-30,US,New Jersey,Passaic,21060,1261,0,41.03238628,-74.29954144,34031.0,4196.673747474224,5.987654320987653,19799,20898,1261,0,19637,20775,503310,162,0,0,162,123
2020-10-30,US,New Jersey,Salem,1180,89,0,39.58719656,-75.34696629999998,34033.0,1891.480323795784,7.5423728813559325,1091,1171,89,0,1082,1169,62607,9,0,0,9,2
2020-10-30,US,New Jersey,Somerset,6527,595,0,40.56465737,-74.61683016,34035.0,1984.2886414903894,9.115979776313774,5932,6485,594,0,5891,6451,331164,42,1,0,41,34
2020-10-30,US,New Jersey,Sussex,1739,197,0,41.13891592,-74.69118243,34037.0,1237.8281419053585,11.328349626221964,1542,1720,197,0,1523,1707,140799,19,0,0,19,13
2020-10-30,US,New Jersey,Unassigned,522,0,0,0.0,0.0,90034.0,0.0,0.0,522,524,0,0,524,537,,-2,0,0,-2,-13
2020-10-30,US,New Jersey,Union,20413,1373,0,40.65835409,-74.30680092,34039.0,3669.1525521218105,6.726105912898643,19040,20195,1372,0,18823,20106,558067,218,1,0,217,89
2020-10-30,US,New Jersey,Warren,1607,171,0,40.85951833,-74.99556527,34041.0,1526.5942793088052,10.640945861854386,1436,1595,171,0,1424,1584,105779,12,0,0,12,11
2020-10-30,US,New Mexico,Bernalillo,11451,205,0,35.05163625,-106.6703554,35001.0,1686.1501853130735,1.7902366605536637,11246,11116,201,0,10915,10857,678701,335,4,0,331,259
2020-10-30,US,New Mexico,Catron,10,1,0,33.91514144,-108.4046587,35003.0,283.5270768358378,10.0,9,10,1,0,9,10,3578,0,0,0,0,0
2020-10-30,US,New Mexico,Chaves,2095,19,0,33.36406072,-104.4665365,35005.0,3242.2812040547856,0.9069212410501192,2076,2066,19,0,2047,2035,64689,29,0,0,29,31
2020-10-30,US,New Mexico,Cibola,635,23,0,34.91131525,-107.998876,35006.0,2380.5060918462977,3.622047244094488,612,607,22,0,585,571,26746,28,1,0,27,36
2020-10-30,US,New Mexico,Colfax,46,1,0,36.60569702,-104.64726740000002,35007.0,385.22736789213633,2.1739130434782608,45,45,1,0,44,45,12110,1,0,0,1,0
2020-10-30,US,New Mexico,Curry,1615,12,0,34.57421077,-103.34688759999999,35009.0,3299.015402214324,0.7430340557275542,1603,1596,12,0,1584,1568,49437,19,0,0,19,28
2020-10-30,US,New Mexico,De Baca,2,0,0,34.34274529,-104.4117842,35011.0,114.41647597254006,0.0,2,2,0,0,2,2,1781,0,0,0,0,0
2020-10-30,US,New Mexico,Dona Ana,6574,74,0,32.35275771,-106.83293870000001,35013.0,3012.901303879557,1.1256464861575906,6500,6325,72,0,6253,6078,217522,249,2,0,247,247
2020-10-30,US,New Mexico,Eddy,1522,24,0,32.47167456,-104.3053527,35015.0,2603.489565514882,1.5768725361366622,1498,1505,23,0,1482,1481,57900,17,1,0,16,24
2020-10-30,US,New Mexico,Grant,194,4,0,32.73911281,-108.3827845,35017.0,718.5717460552634,2.061855670103093,190,191,4,0,187,187,27346,3,0,0,3,4
2020-10-30,US,New Mexico,Guadalupe,46,1,0,34.86319296,-104.790669,35019.0,1069.7674418604652,2.1739130434782608,45,43,1,0,42,42,4341,3,0,0,3,1
2020-10-30,US,New Mexico,Harding,1,0,0,35.85751555,-103.82209379999999,35021.0,160.0,0.0,1,1,0,0,1,1,655,0,0,0,0,0
2020-10-30,US,New Mexico,Hidalgo,122,2,0,31.91383467,-108.7151824,35023.0,2906.1457837065277,1.639344262295082,120,122,2,0,120,117,4240,0,0,0,0,5
2020-10-30,US,New Mexico,Lea,2202,29,0,32.79215361,-103.4123733,35025.0,3098.3537357534833,1.3169845594913714,2173,2177,29,0,2148,2110,69611,25,0,0,25,67
2020-10-30,US,New Mexico,Lincoln,387,6,0,33.74526079,-105.4586166,35027.0,1977.3145309625995,1.5503875968992251,381,384,6,0,378,380,19556,3,0,0,3,4
2020-10-30,US,New Mexico,Los Alamos,48,0,0,35.86631386,-106.31349850000001,35028.0,247.81867933295482,0.0,48,48,0,0,48,47,19101,0,0,0,0,1
2020-10-30,US,New Mexico,Luna,1123,12,0,32.18179341,-107.75088259999998,35029.0,4736.597916403054,1.0685663401602852,1111,1082,11,0,1071,976,23963,41,1,0,40,106
2020-10-30,US,New Mexico,McKinley,4707,261,0,35.58007720000001,-108.262245,35031.0,6595.485308335786,5.544933078393881,4446,4674,261,0,4413,4649,72290,33,0,0,33,25
2020-10-30,US,New Mexico,Mora,15,0,0,36.01095101,-104.9497716,35033.0,331.78500331785006,0.0,15,15,0,0,15,14,4506,0,0,0,0,1
2020-10-30,US,New Mexico,Otero,547,13,0,32.61348406,-105.7417604,35035.0,810.4904430285968,2.376599634369287,534,527,13,0,514,513,66781,20,0,0,20,14
2020-10-30,US,New Mexico,Quay,106,2,0,35.10403332,-103.54817270000001,35037.0,1284.3814370531927,1.8867924528301887,104,104,2,0,102,102,8253,2,0,0,2,2
2020-10-30,US,New Mexico,Rio Arriba,520,15,0,36.51072137,-106.69316740000001,35039.0,1336.0396701009738,2.8846153846153846,505,513,15,0,498,501,39006,7,0,0,7,12
2020-10-30,US,New Mexico,Roosevelt,478,9,0,34.02097406,-103.4799493,35041.0,2583.7837837837837,1.8828451882845187,469,469,9,0,460,463,18743,9,0,0,9,6
2020-10-30,US,New Mexico,San Juan,3833,204,0,36.50838318,-108.32043700000001,35045.0,3092.176382323045,5.322201930602661,3629,3805,204,0,3601,3788,125043,28,0,0,28,17
2020-10-30,US,New Mexico,San Miguel,186,0,0,35.48014807,-104.8163562,35047.0,681.8931700700224,0.0,186,182,0,0,182,175,27591,4,0,0,4,7
2020-10-30,US,New Mexico,Sandoval,2076,49,0,35.68862401,-106.86878030000001,35043.0,1414.670046610516,2.3603082851637764,2027,2040,48,0,1992,2000,145179,36,1,0,35,40
2020-10-30,US,New Mexico,Santa Fe,1835,14,0,35.50708973,-105.9774716,35049.0,1220.420596177124,0.7629427792915532,1821,1791,13,0,1778,1740,150056,44,1,0,43,51
2020-10-30,US,New Mexico,Sierra,119,1,0,33.13028233,-107.1925893,35051.0,1102.7708275414698,0.8403361344537815,118,116,1,0,115,110,10968,3,0,0,3,6
2020-10-30,US,New Mexico,Socorro,258,13,0,34.00715494,-106.9298354,35053.0,1550.7603534291034,5.038759689922482,245,248,11,0,237,237,16735,10,2,0,8,11
2020-10-30,US,New Mexico,Taos,255,5,0,36.58006022,-105.63101979999999,35055.0,779.2684044861412,1.96078431372549,250,245,5,0,240,228,32835,10,0,0,10,17
2020-10-30,US,New Mexico,Torrance,104,1,0,34.64048375,-105.8508949,35057.0,672.6602418989718,0.9615384615384616,103,100,1,0,99,99,15591,4,0,0,4,1
2020-10-30,US,New Mexico,Unassigned,1713,0,0,0.0,0.0,90035.0,0.0,0.0,1713,1712,0,0,1712,1707,,1,0,0,1,5
2020-10-30,US,New Mexico,Union,41,2,0,36.48126404,-103.4709624,35059.0,1010.1010101010099,4.878048780487805,39,41,2,0,39,40,4118,0,0,0,0,1
2020-10-30,US,New Mexico,Valencia,1043,5,0,34.71669834,-106.8103733,35061.0,1360.0563321510535,0.4793863854266539,1038,1002,5,0,997,953,76456,41,0,0,41,49
2020-10-30,US,New York,Albany,3705,140,0,42.60060306,-73.97723916,36001.0,1212.7421392705874,3.778677462887989,3565,3660,136,0,3524,3627,307117,45,4,0,41,33
2020-10-30,US,New York,Allegany,336,8,0,42.25748406,-78.02750466,36003.0,728.9926449849213,2.380952380952381,328,314,1,0,313,308,46430,22,7,0,15,6
2020-10-30,US,New York,Bronx,55661,4992,0,40.85209301,-73.86282755,36005.0,3924.74441319215,8.968577639639962,50669,55527,4991,0,50536,55354,1432132,134,1,0,133,173
2020-10-30,US,New York,Broome,3662,98,0,42.15903158,-75.81326086,36007.0,1922.4308092898239,2.6761332605133807,3564,3620,83,0,3537,3566,191659,42,15,0,27,54
2020-10-30,US,New York,Cattaraugus,527,18,0,42.24778241,-78.67923096,36009.0,692.3551900363915,3.415559772296015,509,517,6,0,511,502,76840,10,12,0,-2,15
2020-10-30,US,New York,Cayuga,429,2,0,42.91261714,-76.55731592,36011.0,560.2277475971583,0.4662004662004662,427,405,2,0,403,397,77145,24,0,0,24,8
2020-10-30,US,New York,Chautauqua,976,14,0,42.22769210000001,-79.36691763,36013.0,769.0913532383001,1.4344262295081966,962,955,13,0,942,924,127939,21,1,0,20,31
2020-10-30,US,New York,Chemung,1797,3,0,42.13891056,-76.7638805,36015.0,2153.2304447852757,0.1669449081803005,1794,1777,3,0,1774,1743,84254,20,0,0,20,34
2020-10-30,US,New York,Chenango,413,7,0,42.49430041,-75.60887553,36017.0,874.8702522930922,1.6949152542372878,406,408,7,0,401,397,47536,5,0,0,5,11
2020-10-30,US,New York,Clinton,255,5,0,44.74530905,-73.67875352,36019.0,316.82922283655336,1.96078431372549,250,248,5,0,243,246,80695,7,0,0,7,2
2020-10-30,US,New York,Columbia,723,38,0,42.24819348,-73.63089095,36021.0,1215.923041993912,5.255878284923928,685,721,38,0,683,710,59916,2,0,0,2,11
2020-10-30,US,New York,Cortland,567,0,0,42.59509207,-76.07048931,36023.0,1191.6521300519114,0.0,567,553,0,0,553,547,47823,14,0,0,14,6
2020-10-30,US,New York,Delaware,181,7,0,42.19837623,-74.96709306,36025.0,410.1053585589668,3.867403314917127,174,178,7,0,171,177,44527,3,0,0,3,1
2020-10-30,US,New York,Dutchess,5525,165,0,41.76486060000001,-73.74356679,36027.0,1877.8592744155687,2.986425339366516,5360,5508,163,0,5345,5472,293718,17,2,0,15,36
2020-10-30,US,New York,Erie,13262,717,0,42.76249024,-78.73063652,36029.0,1443.5584117591993,5.406424370381541,12545,13161,713,0,12448,13021,919719,101,4,0,97,140
2020-10-30,US,New York,Essex,199,0,0,44.11630765,-73.77297842,36031.0,539.5147078758303,0.0,199,199,0,0,199,198,37300,0,0,0,0,1
2020-10-30,US,New York,Franklin,82,0,0,44.59040891,-74.29926032,36033.0,163.92787173643597,0.0,82,80,0,0,80,80,50293,2,0,0,2,0
2020-10-30,US,New York,Fulton,365,24,0,43.11363907,-74.41798804,36035.0,683.7382687372384,6.575342465753424,341,363,24,0,339,362,53591,2,0,0,2,1
2020-10-30,US,New York,Genesee,406,5,0,43.0022601,-78.19135193,36037.0,708.7988826815641,1.2315270935960592,401,396,5,0,391,388,57511,10,0,0,10,8
2020-10-30,US,New York,Greene,510,18,0,42.275797,-74.12384884,36039.0,1080.7832499788085,3.5294117647058822,492,507,18,0,489,505,47491,3,0,0,3,2
2020-10-30,US,New York,Hamilton,18,0,0,43.66146647,-74.49721957,36041.0,407.60869565217394,0.0,18,17,0,0,17,17,4434,1,0,0,1,0
2020-10-30,US,New York,Herkimer,394,10,0,43.42034246,-74.96145307,36043.0,642.5414634941861,2.538071065989848,384,394,10,0,384,394,61833,0,0,0,0,0
2020-10-30,US,New York,Jefferson,214,0,0,44.04200959,-75.94653457,36045.0,194.839485041062,0.0,214,211,0,0,211,207,111755,3,0,0,3,4
2020-10-30,US,New York,Kings,75779,7400,0,40.636182500000004,-73.94935552,36047.0,2960.229352440307,9.765238390583145,68379,75517,7393,0,68124,75169,2582830,262,7,0,255,348
2020-10-30,US,New York,Lewis,139,0,0,43.784415700000004,-75.44903992,36049.0,528.5975053240037,0.0,139,134,0,0,134,127,26447,5,0,0,5,7
2020-10-30,US,New York,Livingston,327,8,0,42.72596275,-77.77966158,36051.0,519.7571287789681,2.4464831804281344,319,313,8,0,305,305,63227,14,0,0,14,8
2020-10-30,US,New York,Madison,577,17,0,42.91653905,-75.67266639,36053.0,813.3519403447935,2.9462738301559788,560,570,17,0,553,565,70795,7,0,0,7,5
2020-10-30,US,New York,Monroe,7493,300,0,43.14638895,-77.69322942,36055.0,1010.1513946371516,4.003736821032964,7193,7386,300,0,7086,7312,742474,107,0,0,107,74
2020-10-30,US,New York,Montgomery,272,4,0,42.90123494,-74.44011632,36057.0,552.6096584791045,1.4705882352941178,268,270,4,0,266,268,49455,2,0,0,2,2
2020-10-30,US,New York,Nassau,50007,2208,0,40.74066522,-73.58941873,36059.0,3685.320622230869,4.415381846541483,47799,49841,2208,0,47633,49663,1358343,166,0,0,166,178
2020-10-30,US,New York,New York,36400,3198,0,40.76727260000001,-73.97152637,36061.0,2234.9030457307827,8.785714285714286,33202,36224,3198,0,33026,36076,,176,0,0,176,148
2020-10-30,US,New York,Niagara,2108,102,0,43.19898042,-78.74777412,36063.0,1007.2581839727447,4.838709677419356,2006,2088,101,0,1987,2075,210433,20,1,0,19,13
2020-10-30,US,New York,Oneida,2784,129,0,43.24375382,-75.43710392,36065.0,1217.4696397881673,4.633620689655173,2655,2769,128,0,2641,2746,229577,15,1,0,14,23
2020-10-30,US,New York,Onondaga,5603,212,0,43.00491923,-76.19971155,36067.0,1216.6469791196193,3.7836873103694453,5391,5498,207,0,5291,5454,461809,105,5,0,100,44
2020-10-30,US,New York,Ontario,697,35,0,42.85145728,-77.30874425,36069.0,634.923526786121,5.0215208034433285,662,679,35,0,644,669,109864,18,0,0,18,10
2020-10-30,US,New York,Orange,13743,507,0,41.40337468,-74.30240757,36071.0,3570.1667792383228,3.6891508404278537,13236,13672,505,0,13167,13597,381951,71,2,0,69,75
2020-10-30,US,New York,Orleans,413,54,0,43.2516977,-78.2320066,36073.0,1023.4932593180016,13.075060532687653,359,412,54,0,358,406,40612,1,0,0,1,6
2020-10-30,US,New York,Oswego,639,4,0,43.42778894,-76.14635194,36075.0,545.575629247635,0.6259780907668232,635,631,4,0,627,627,117898,8,0,0,8,4
2020-10-30,US,New York,Otsego,410,5,0,42.63492579,-75.03151402,36077.0,689.1567075118081,1.2195121951219512,405,404,5,0,399,400,59749,6,0,0,6,4
2020-10-30,US,New York,Putnam,1833,63,0,41.42630093,-73.74965532,36079.0,1864.3205858421481,3.436988543371522,1770,1825,63,0,1762,1812,98892,8,0,0,8,13
2020-10-30,US,New York,Queens,77213,7294,0,40.71088124,-73.81684712,36081.0,3425.8147585162865,9.446595780503284,69919,76980,7294,0,69686,76696,2278906,233,0,0,233,284
2020-10-30,US,New York,Rensselaer,1111,42,0,42.71348136,-73.51089874,36083.0,700.0012601282809,3.78037803780378,1069,1110,42,0,1068,1099,159442,1,0,0,1,11
2020-10-30,US,New York,Richmond,17457,1095,0,40.58582155,-74.14808598,36085.0,3666.335533652705,6.272555421893796,16362,17359,1096,0,16263,17252,476179,98,-1,0,99,107
2020-10-30,US,New York,Rockland,18110,684,0,41.15027894,-74.02560498,36087.0,5558.812605704919,3.776918829376035,17426,18024,683,0,17341,17943,325695,86,1,0,85,81
2020-10-30,US,New York,Saratoga,1383,17,0,43.10904162,-73.86653895,36091.0,601.6627295388993,1.2292118582791034,1366,1365,17,0,1348,1345,230163,18,0,0,18,20
2020-10-30,US,New York,Schenectady,1591,50,0,42.81668777,-74.05278291,36093.0,1024.4753668729354,3.1426775612822127,1541,1579,50,0,1529,1570,155350,12,0,0,12,9
2020-10-30,US,New York,Schoharie,113,0,0,42.58831742,-74.44339029999998,36095.0,364.5278879963871,0.0,113,112,0,0,112,111,31097,1,0,0,1,1
2020-10-30,US,New York,Schuyler,139,0,0,42.39184015,-76.8773299,36097.0,780.5919020609872,0.0,139,135,0,0,135,126,17912,4,0,0,4,9
2020-10-30,US,New York,Seneca,148,3,0,42.78081007,-76.82497064,36099.0,435.0893697083725,2.0270270270270268,145,147,3,0,144,143,34300,1,0,0,1,4
2020-10-30,US,New York,St. Lawrence,409,4,0,44.4976179,-75.06550039,36089.0,379.61759792092073,0.9779951100244498,405,405,4,0,401,399,108047,4,0,0,4,6
2020-10-30,US,New York,Steuben,1041,57,0,42.2689144,-77.3829924,36101.0,1091.435221589658,5.475504322766571,984,1025,57,0,968,1005,95796,16,0,0,16,20
2020-10-30,US,New York,Suffolk,49300,2019,0,40.88320119,-72.8012172,36103.0,3338.7489240492187,4.095334685598377,47281,49198,2019,0,47179,48998,1481093,102,0,0,102,200
2020-10-30,US,New York,Sullivan,1800,48,0,41.71579493,-74.76394559,36105.0,2386.255170219536,2.6666666666666665,1752,1786,48,0,1738,1779,75498,14,0,0,14,7
2020-10-30,US,New York,Tioga,672,30,0,42.16852837,-76.30835812,36107.0,1394.104101404477,4.464285714285714,642,653,30,0,623,629,48560,19,0,0,19,24
2020-10-30,US,New York,Tompkins,639,0,0,42.44945765,-76.47229843,36109.0,625.366999412801,0.0,639,632,0,0,632,619,102793,7,0,0,7,13
2020-10-30,US,New York,Ulster,2538,95,0,41.89027881,-74.26252104,36111.0,1429.2713419269821,3.743104806934594,2443,2531,95,0,2436,2518,178599,7,0,0,7,13
2020-10-30,US,New York,Unassigned,0,17,0,0.0,0.0,90036.0,0.0,0.0,-17,0,17,0,-17,0,,0,0,0,0,0
2020-10-30,US,New York,Warren,461,33,0,43.56173026,-73.8433699,36113.0,720.9433254097335,7.158351409978308,428,461,33,0,428,459,64265,0,0,0,0,2
2020-10-30,US,New York,Washington,340,14,0,43.31153794,-73.43043448,36115.0,555.5192471080321,4.117647058823529,326,338,14,0,324,336,61197,2,0,0,2,2
2020-10-30,US,New York,Wayne,530,5,0,43.15494365,-77.02976528,36117.0,589.4259213950487,0.9433962264150944,525,512,5,0,507,488,90064,18,0,0,18,24
2020-10-30,US,New York,Westchester,40681,1470,0,41.16278376,-73.75741653,36119.0,4204.7284461285,3.6134804945797794,39211,40554,1470,0,39084,40438,967612,127,0,0,127,116
2020-10-30,US,New York,Wyoming,196,5,0,42.70145109,-78.22199579,36121.0,491.7333600943325,2.5510204081632653,191,192,5,0,187,188,40085,4,0,0,4,4
2020-10-30,US,New York,Yates,128,7,0,42.63505484,-77.10369919,36123.0,513.7879821779793,5.46875,121,126,7,0,119,123,24841,2,0,0,2,3
2020-10-30,US,North Carolina,Alamance,5315,79,0,36.0434701,-79.39976137,37001.0,3135.5267271944263,1.4863593603010348,5236,5254,79,0,5175,5181,166436,61,0,0,61,73
2020-10-30,US,North Carolina,Alexander,943,10,0,35.922379600000006,-81.17751948,37003.0,2514.8678560951544,1.0604453870625663,933,882,10,0,872,865,37353,61,0,0,61,17
2020-10-30,US,North Carolina,Alleghany,307,1,0,36.49360862,-81.12857041,37005.0,2756.577175181827,0.3257328990228013,306,304,2,0,302,297,11161,3,-1,0,4,7
2020-10-30,US,North Carolina,Anson,728,11,0,34.97403241,-80.09953279,37007.0,2977.9923095803,1.510989010989011,717,727,10,0,717,728,24877,1,1,0,0,-1
2020-10-30,US,North Carolina,Ashe,454,3,0,36.43296207,-81.49862729,37009.0,1668.9335735029224,0.6607929515418502,451,442,3,0,439,434,27109,12,0,0,12,8
2020-10-30,US,North Carolina,Avery,637,0,0,36.07569796,-81.92308483,37011.0,3628.182491314006,0.0,637,622,0,0,622,618,17505,15,0,0,15,4
2020-10-30,US,North Carolina,Beaufort,1411,42,0,35.48531943,-76.84325809,37013.0,3002.51095884581,2.97661233167966,1369,1388,42,0,1346,1371,47079,23,0,0,23,17
2020-10-30,US,North Carolina,Bertie,731,20,0,36.0688473,-76.96545943,37015.0,3858.130574761176,2.735978112175103,711,729,20,0,709,726,19026,2,0,0,2,3
2020-10-30,US,North Carolina,Bladen,1097,19,0,34.61296243,-78.56180059,37017.0,3352.4845669580104,1.731996353691887,1078,1090,19,0,1071,1088,33190,7,0,0,7,2
2020-10-30,US,North Carolina,Brunswick,2220,46,0,34.070565,-78.22814204,37019.0,1554.4041450777206,2.072072072072072,2174,2201,46,0,2155,2186,136744,19,0,0,19,15
2020-10-30,US,North Carolina,Buncombe,4212,104,0,35.61113393,-82.53305,37021.0,1612.6129920249932,2.469135802469136,4108,4178,104,0,4074,4116,259103,34,0,0,34,62
2020-10-30,US,North Carolina,Burke,2720,52,0,35.74989637,-81.70755735,37023.0,3006.023097751009,1.9117647058823528,2668,2696,52,0,2644,2669,90382,24,0,0,24,27
2020-10-30,US,North Carolina,Cabarrus,4952,93,0,35.3877799,-80.55267168,37025.0,2287.794578961715,1.8780290791599357,4859,4931,91,0,4840,4894,211342,21,2,0,19,37
2020-10-30,US,North Carolina,Caldwell,2601,19,0,35.95204977,-81.54799522,37027.0,3165.0806785271,0.7304882737408689,2582,2548,19,0,2529,2487,82029,53,0,0,53,61
2020-10-30,US,North Carolina,Camden,137,3,0,36.33804939,-76.15568396,37029.0,1260.6975246158092,2.18978102189781,134,137,3,0,134,135,10710,0,0,0,0,2
2020-10-30,US,North Carolina,Carteret,1162,5,0,34.8932941,-76.54120135,37031.0,1672.5922300749933,0.43029259896729777,1157,1149,5,0,1144,1137,69524,13,0,0,13,12
2020-10-30,US,North Carolina,Caswell,634,5,0,36.39312665,-79.33353281,37033.0,2804.813307379225,0.7886435331230284,629,624,5,0,619,619,22698,10,0,0,10,5
2020-10-30,US,North Carolina,Catawba,4600,62,0,35.66211129,-81.2132617,37035.0,2883.0906732016724,1.3478260869565215,4538,4507,62,0,4445,4435,158652,93,0,0,93,72
2020-10-30,US,North Carolina,Chatham,1961,61,0,35.70394416,-79.25541492,37037.0,2633.275144353431,3.11065782763896,1900,1947,61,0,1886,1930,73139,14,0,0,14,17
2020-10-30,US,North Carolina,Cherokee,778,15,0,35.1349263,-84.05970864,37039.0,2719.138822871523,1.9280205655526992,763,776,15,0,761,773,28383,2,0,0,2,3
2020-10-30,US,North Carolina,Chowan,533,11,0,36.12908077,-76.60118385,37041.0,3822.706734562146,2.063789868667917,522,532,11,0,521,529,14029,1,0,0,1,3
2020-10-30,US,North Carolina,Clay,241,3,0,35.05704275,-83.74353633,37043.0,2145.8463182263376,1.2448132780082988,238,234,3,0,231,221,11139,7,0,0,7,13
2020-10-30,US,North Carolina,Cleveland,3247,86,0,35.33553364,-81.55204486,37045.0,3315.0581436899547,2.6485987064983063,3161,3204,86,0,3118,3157,97645,43,0,0,43,47
2020-10-30,US,North Carolina,Columbus,1732,62,0,34.26744084,-78.65801424,37047.0,3120.2709519348564,3.5796766743648964,1670,1714,62,0,1652,1704,55655,18,0,0,18,10
2020-10-30,US,North Carolina,Craven,2394,61,0,35.11833364,-77.08398081,37049.0,2343.8647333535673,2.5480367585630743,2333,2369,60,0,2309,2329,102912,25,1,0,24,40
2020-10-30,US,North Carolina,Cumberland,7190,99,0,35.04762133,-78.82623165,37051.0,2143.0125570401988,1.3769123783031991,7091,7129,99,0,7030,7048,332330,61,0,0,61,81
2020-10-30,US,North Carolina,Currituck,224,4,0,36.36123664,-75.95876401,37053.0,806.8292331520369,1.7857142857142858,220,224,4,0,220,224,27072,0,0,0,0,0
2020-10-30,US,North Carolina,Dare,374,3,0,35.66520691,-75.71767334,37055.0,1010.5649977032614,0.8021390374331551,371,373,3,0,370,370,36501,1,0,0,1,3
2020-10-30,US,North Carolina,Davidson,3793,44,0,35.79115496,-80.21256572,37057.0,2263.0049699001847,1.1600316372264698,3749,3765,43,0,3722,3717,166614,28,1,0,27,48
2020-10-30,US,North Carolina,Davie,780,8,0,35.93099927,-80.54496571,37059.0,1820.4733230639965,1.0256410256410255,772,771,8,0,763,763,42733,9,0,0,9,8
2020-10-30,US,North Carolina,Duplin,2827,54,0,34.93449805,-77.93140529,37061.0,4812.652150967809,1.910152104704634,2773,2812,54,0,2758,2795,58856,15,0,0,15,17
2020-10-30,US,North Carolina,Durham,9175,101,0,36.03638492,-78.87608331,37063.0,2853.9167869407256,1.100817438692098,9074,9101,101,0,9000,9021,316739,74,0,0,74,80
2020-10-30,US,North Carolina,Edgecombe,2037,59,0,35.91230639,-77.59436892,37065.0,3957.49145166304,2.896416298478154,1978,2020,59,0,1961,1988,52005,17,0,0,17,32
2020-10-30,US,North Carolina,Forsyth,9039,121,0,36.12859861,-80.25459052,37067.0,2364.404452059274,1.3386436552716008,8918,8937,120,0,8817,8834,379099,102,1,0,101,103
2020-10-30,US,North Carolina,Franklin,1488,32,0,36.081519,-78.28708884,37069.0,2135.323240295616,2.150537634408602,1456,1474,32,0,1442,1467,67560,14,0,0,14,7
2020-10-30,US,North Carolina,Gaston,7636,133,0,35.29373559,-81.17477045,37071.0,3400.8969888076813,1.7417496071241487,7503,7479,121,0,7358,7399,222846,157,12,0,145,80
2020-10-30,US,North Carolina,Gates,169,3,0,36.44667547,-76.69749701,37073.0,1461.6848296142534,1.7751479289940828,166,168,3,0,165,168,11573,1,0,0,1,0
2020-10-30,US,North Carolina,Graham,247,8,0,35.3506925,-83.83369267,37075.0,2926.1935789598388,3.238866396761133,239,247,8,0,239,247,8484,0,0,0,0,0
2020-10-30,US,North Carolina,Granville,2034,50,0,36.30337451,-78.65184241,37077.0,3365.153946693579,2.4582104228121926,1984,2018,50,0,1968,2002,60115,16,0,0,16,16
2020-10-30,US,North Carolina,Greene,965,13,0,35.48544173,-77.67578087,37079.0,4580.188903127818,1.3471502590673574,952,962,13,0,949,955,21012,3,0,0,3,7
2020-10-30,US,North Carolina,Guilford,11770,209,0,36.07959451,-79.78824948,37081.0,2191.096367285088,1.7757009345794392,11561,11581,209,0,11372,11376,533670,189,0,0,189,205
2020-10-30,US,North Carolina,Halifax,1451,27,0,36.25669272,-77.6556109,37083.0,2901.4197160567887,1.8607856650585803,1424,1434,27,0,1407,1416,50574,17,0,0,17,18
2020-10-30,US,North Carolina,Harnett,3000,72,0,35.36731853,-78.87243571,37085.0,2206.2716950050008,2.4,2928,2969,70,0,2899,2940,134214,31,2,0,29,29
2020-10-30,US,North Carolina,Haywood,741,36,0,35.55269063,-82.98196486,37087.0,1189.0816310156138,4.8582995951417,705,726,36,0,690,714,61971,15,0,0,15,12
2020-10-30,US,North Carolina,Henderson,2541,67,0,35.33788927,-82.4766782,37089.0,2164.0818620813,2.636757182211728,2474,2523,67,0,2456,2506,116748,18,0,0,18,17
2020-10-30,US,North Carolina,Hertford,857,34,0,36.3607755,-76.98104134,37091.0,3619.5463952358828,3.9673278879813294,823,854,34,0,820,852,23659,3,0,0,3,2
2020-10-30,US,North Carolina,Hoke,1562,25,0,35.01888303,-79.23651674,37093.0,2827.9682804069957,1.6005121638924455,1537,1554,25,0,1529,1548,54764,8,0,0,8,6
2020-10-30,US,North Carolina,Hyde,175,5,0,35.42017674,-76.15180542,37095.0,3544.6627506582945,2.8571428571428568,170,175,5,0,170,174,5230,0,0,0,0,1
2020-10-30,US,North Carolina,Iredell,3907,34,0,35.80950511,-80.8743128,37097.0,2148.993982596834,0.8702329152802661,3873,3870,34,0,3836,3818,178435,37,0,0,37,52
2020-10-30,US,North Carolina,Jackson,1099,7,0,35.28814273,-83.14093385,37099.0,2501.25176384906,0.6369426751592356,1092,1072,7,0,1065,1056,43327,27,0,0,27,16
2020-10-30,US,North Carolina,Johnston,5780,66,0,35.51745004,-78.36622717,37101.0,2761.0717544270296,1.1418685121107266,5714,5709,64,0,5645,5638,202675,71,2,0,69,71
2020-10-30,US,North Carolina,Jones,200,15,0,35.02254606,-77.35870791,37103.0,2123.367661110521,7.5,185,201,15,0,186,200,9637,-1,0,0,-1,1
2020-10-30,US,North Carolina,Lee,2128,20,0,35.47623147,-79.17569362,37105.0,3444.5361692484503,0.9398496240601504,2108,2116,20,0,2096,2101,61452,12,0,0,12,15
2020-10-30,US,North Carolina,Lenoir,1499,41,0,35.24032589999999,-77.64245615,37107.0,2679.2257234266917,2.735156771180787,1458,1470,41,0,1429,1450,55976,29,0,0,29,20
2020-10-30,US,North Carolina,Lincoln,2458,16,0,35.48508185,-81.21740317,37109.0,2854.45529607135,0.6509357200976403,2442,2426,16,0,2410,2395,83770,32,0,0,32,31
2020-10-30,US,North Carolina,Macon,765,7,0,35.14867843,-83.41696617,37113.0,2133.4151374867533,0.915032679738562,758,764,7,0,757,755,35285,1,0,0,1,9
2020-10-30,US,North Carolina,Madison,281,1,0,35.85402722,-82.71346418,37115.0,1291.6570903240633,0.3558718861209965,280,247,1,0,246,246,21763,34,0,0,34,1
2020-10-30,US,North Carolina,Martin,655,18,0,35.84326734,-77.10860251,37117.0,2918.8948306595366,2.7480916030534357,637,647,17,0,630,640,22671,8,1,0,7,7
2020-10-30,US,North Carolina,McDowell,1353,32,0,35.67736232,-82.0482425,37111.0,2956.989247311828,2.365114560236512,1321,1340,32,0,1308,1322,45507,13,0,0,13,18
2020-10-30,US,North Carolina,Mecklenburg,34193,390,0,35.24469268,-80.8317671,37119.0,3079.4628029208648,1.1405843301260492,33803,33988,389,0,33599,33779,1093901,205,1,0,204,209
2020-10-30,US,North Carolina,Mitchell,241,4,0,36.01059309,-82.1582442,37121.0,1610.5319433306604,1.6597510373443984,237,239,4,0,235,228,15000,2,0,0,2,11
2020-10-30,US,North Carolina,Montgomery,1202,38,0,35.33155144,-79.90416657,37123.0,4423.508629889964,3.1613976705490847,1164,1195,38,0,1157,1190,27271,7,0,0,7,5
2020-10-30,US,North Carolina,Moore,2291,44,0,35.30885257,-79.48474178,37125.0,2271.01506740682,1.9205587079877784,2247,2281,43,0,2238,2266,98682,10,1,0,9,15
2020-10-30,US,North Carolina,Nash,3484,80,0,35.96575634,-77.98422508,37127.0,3694.670088443021,2.296211251435132,3404,3423,76,0,3347,3365,94016,61,4,0,57,58
2020-10-30,US,North Carolina,New Hanover,5344,37,0,34.25758282,-77.87075626,37129.0,2279.153676542715,0.6923652694610778,5307,5305,37,0,5268,5254,232274,39,0,0,39,51
2020-10-30,US,North Carolina,Northampton,574,19,0,36.41736238,-77.39769443,37131.0,2946.158189190576,3.3101045296167246,555,566,19,0,547,562,19676,8,0,0,8,4
2020-10-30,US,North Carolina,Onslow,3457,31,0,34.72607366,-77.42908179,37133.0,1746.506481827643,0.8967312698871854,3426,3394,29,0,3365,3329,197683,63,2,0,61,65
2020-10-30,US,North Carolina,Orange,3132,59,0,36.06092947,-79.12167935,37135.0,2109.4318273660388,1.8837803320561939,3073,3109,59,0,3050,3088,146027,23,0,0,23,21
2020-10-30,US,North Carolina,Pamlico,325,3,0,35.15253315,-76.66559823,37137.0,2553.826811252554,0.9230769230769232,322,323,3,0,320,318,12670,2,0,0,2,5
2020-10-30,US,North Carolina,Pasquotank,893,35,0,36.26723798,-76.25134778,37139.0,2242.3664122137407,3.9193729003359454,858,881,35,0,846,873,39639,12,0,0,12,8
2020-10-30,US,North Carolina,Pender,1420,15,0,34.52265624,-77.90352133,37141.0,2251.8236600063433,1.056338028169014,1405,1407,14,0,1393,1398,62162,13,1,0,12,9
2020-10-30,US,North Carolina,Perquimans,257,4,0,36.17847453,-76.40603143,37143.0,1908.935601277576,1.5564202334630348,253,251,4,0,247,250,13422,6,0,0,6,1
2020-10-30,US,North Carolina,Person,696,10,0,36.38989032,-78.97217358,37145.0,1762.471511775133,1.4367816091954022,686,677,10,0,667,662,39507,19,0,0,19,15
2020-10-30,US,North Carolina,Pitt,6246,39,0,35.59535426,-77.37353178,37147.0,3455.75461154574,0.6243996157540826,6207,6196,39,0,6157,6142,179914,50,0,0,50,54
2020-10-30,US,North Carolina,Polk,405,11,0,35.27820615,-82.16812354,37149.0,1954.2559351476548,2.716049382716049,394,402,11,0,391,397,20611,3,0,0,3,5
2020-10-30,US,North Carolina,Randolph,3873,64,0,35.71015088,-79.80570339,37151.0,2695.817411096494,1.6524657887942165,3809,3831,64,0,3767,3765,143351,42,0,0,42,66
2020-10-30,US,North Carolina,Richmond,1448,30,0,35.00417719,-79.74491009,37153.0,3230.0519752838563,2.0718232044198897,1418,1439,30,0,1409,1426,44887,9,0,0,9,13
2020-10-30,US,North Carolina,Robeson,6100,97,0,34.64244496,-79.10250529999998,37155.0,4669.856459330144,1.5901639344262295,6003,6071,95,0,5976,6026,131831,29,2,0,27,45
2020-10-30,US,North Carolina,Rockingham,2055,19,0,36.39593137,-79.77504841,37157.0,2257.993627073948,0.924574209245742,2036,2003,19,0,1984,1967,90690,52,0,0,52,36
2020-10-30,US,North Carolina,Rowan,4203,119,0,35.64003916,-80.52446628,37159.0,2958.026012048871,2.8313109683559357,4084,4144,119,0,4025,4122,141262,59,0,0,59,22
2020-10-30,US,North Carolina,Rutherford,1780,59,0,35.40114178,-81.92112099,37161.0,2655.5669933909203,3.3146067415730336,1721,1763,57,0,1706,1751,66826,17,2,0,15,12
2020-10-30,US,North Carolina,Sampson,2822,31,0,34.98820368,-78.36914061,37163.0,4441.925988887315,1.09851169383416,2791,2802,31,0,2771,2750,63626,20,0,0,20,52
2020-10-30,US,North Carolina,Scotland,1657,26,0,34.8386299,-79.4757978,37165.0,4758.3493667978055,1.5691007845503924,1631,1652,25,0,1627,1630,34810,5,1,0,4,22
2020-10-30,US,North Carolina,Stanly,2447,73,0,35.31647813,-80.25093221,37167.0,3896.1245740852783,2.98324478953821,2374,2446,63,0,2383,2438,62075,1,10,0,-9,8
2020-10-30,US,North Carolina,Stokes,707,11,0,36.4017975,-80.23893369,37169.0,1550.7446645171194,1.555869872701556,696,692,10,0,682,685,45467,15,1,0,14,7
2020-10-30,US,North Carolina,Surry,1930,33,0,36.41689489,-80.69102283,37171.0,2688.6588746639177,1.7098445595854923,1897,1885,33,0,1852,1853,71948,45,0,0,45,32
2020-10-30,US,North Carolina,Swain,295,4,0,35.48665845,-83.48748932,37173.0,2067.1291430173083,1.3559322033898304,291,288,4,0,284,284,14245,7,0,0,7,4
2020-10-30,US,North Carolina,Transylvania,430,9,0,35.20383864,-82.79638423,37175.0,1250.545295913916,2.0930232558139537,421,424,9,0,415,420,34215,6,0,0,6,4
2020-10-30,US,North Carolina,Tyrrell,132,3,0,35.87147226,-76.17055253,37177.0,3286.8525896414344,2.272727272727273,129,132,3,0,129,132,4131,0,0,0,0,0
2020-10-30,US,North Carolina,Unassigned,1,0,0,0.0,0.0,90037.0,0.0,0.0,1,1,0,0,1,,,0,0,0,0,
2020-10-30,US,North Carolina,Union,5987,65,0,34.98960527,-80.52955873,37179.0,2496.049762568843,1.085685652246534,5922,5940,65,0,5875,5913,235908,47,0,0,47,27
2020-10-30,US,North Carolina,Vance,1224,47,0,36.36880673,-78.40670845,37181.0,2748.400134725497,3.839869281045752,1177,1214,47,0,1167,1206,44582,10,0,0,10,8
2020-10-30,US,North Carolina,Wake,21516,272,0,35.78879266,-78.65249174,37183.0,1935.3080383283814,1.2641754973043318,21244,21344,270,0,21074,21145,1092305,172,2,0,170,199
2020-10-30,US,North Carolina,Warren,481,7,0,36.39728256,-78.10652228,37185.0,2437.7882519892555,1.4553014553014554,474,469,7,0,462,433,19807,12,0,0,12,36
2020-10-30,US,North Carolina,Washington,258,8,0,35.83810081,-76.57299037,37187.0,2227.979274611399,3.1007751937984502,250,253,8,0,245,250,11859,5,0,0,5,3
2020-10-30,US,North Carolina,Watauga,1408,6,0,36.23103603,-81.70033724,37189.0,2506.36381437243,0.4261363636363637,1402,1400,6,0,1394,1393,55945,8,0,0,8,7
2020-10-30,US,North Carolina,Wayne,4674,81,0,35.36438125,-78.00027268,37191.0,3795.9571513266355,1.7329910141206677,4593,4642,81,0,4561,4589,123248,32,0,0,32,53
2020-10-30,US,North Carolina,Wilkes,1803,38,0,36.2084135,-81.16232895,37193.0,2635.502543413437,2.107598447032723,1765,1775,38,0,1737,1744,68557,28,0,0,28,31
2020-10-30,US,North Carolina,Wilson,3096,64,0,35.70625477,-77.917978,37195.0,3784.7948069094514,2.0671834625323,3032,3056,64,0,2992,2994,81455,40,0,0,40,62
2020-10-30,US,North Carolina,Yadkin,1063,9,0,36.16222629,-80.66239436,37197.0,2822.098919478589,0.8466603951081844,1054,1047,9,0,1038,1028,37543,16,0,0,16,19
2020-10-30,US,North Carolina,Yancey,333,1,0,35.90079156,-82.31237181,37199.0,1842.9354142453928,0.3003003003003003,332,328,1,0,327,317,17903,5,0,0,5,11
2020-10-30,US,North Dakota,Adams,89,0,0,46.09686891,-102.5285397,38001.0,4016.245487364621,0.0,89,85,0,0,85,80,2294,4,0,0,4,5
2020-10-30,US,North Dakota,Barnes,396,1,0,46.93579637,-98.06605978,38003.0,3802.208353336534,0.2525252525252525,395,386,1,0,385,362,10542,10,0,0,10,24
2020-10-30,US,North Dakota,Benson,522,10,0,48.0683985,-99.35916363,38005.0,7640.515222482437,1.9157088122605364,512,517,10,0,507,511,6962,5,0,0,5,6
2020-10-30,US,North Dakota,Billings,33,0,0,47.02366884,-103.3762965,38007.0,3556.0344827586205,0.0,33,33,0,0,33,33,919,0,0,0,0,0
2020-10-30,US,North Dakota,Bottineau,311,17,0,48.79106111,-100.8378166,38009.0,4950.652658389048,5.466237942122186,294,296,16,0,280,290,6411,15,1,0,14,6
2020-10-30,US,North Dakota,Bowman,144,2,0,46.11285362,-103.5203343,38011.0,4761.904761904762,1.3888888888888888,142,135,2,0,133,132,3076,9,0,0,9,3
2020-10-30,US,North Dakota,Burke,82,1,0,48.79094471,-102.51821170000001,38013.0,3877.0685579196215,1.2195121951219512,81,79,1,0,78,71,2100,3,0,0,3,8
2020-10-30,US,North Dakota,Burleigh,7171,78,0,46.97847375,-100.46452140000001,38015.0,7499.00654633677,1.0877144052433412,7093,6985,78,0,6907,6817,95273,186,0,0,186,168
2020-10-30,US,North Dakota,Cass,9510,85,0,46.93201724,-97.24447190000001,38017.0,5227.4863541168515,0.8937960042060988,9425,9333,85,0,9248,9056,181516,177,0,0,177,277
2020-10-30,US,North Dakota,Cavalier,89,1,0,48.77286211,-98.46685243,38019.0,2365.762892078681,1.1235955056179776,88,79,1,0,78,78,3829,10,0,0,10,1
2020-10-30,US,North Dakota,Dickey,317,2,0,46.11017712,-98.50490079999999,38021.0,6506.568144499179,0.6309148264984227,315,292,2,0,290,283,4903,25,0,0,25,9
2020-10-30,US,North Dakota,Divide,68,1,0,48.814938700000006,-103.48736109999999,38023.0,3003.5335689045937,1.4705882352941178,67,62,1,0,61,62,2283,6,0,0,6,0
2020-10-30,US,North Dakota,Dunn,212,5,0,47.35423935,-102.61604679999999,38025.0,4792.043399638336,2.358490566037736,207,208,5,0,203,203,4332,4,0,0,4,5
2020-10-30,US,North Dakota,Eddy,209,3,0,47.71701474,-98.90432337,38027.0,9138.609532138173,1.4354066985645932,206,202,3,0,199,201,2313,7,0,0,7,1
2020-10-30,US,North Dakota,Emmons,285,9,0,46.28398398,-100.2389766,38029.0,8793.582227707499,3.1578947368421053,276,285,9,0,276,281,3295,0,0,0,0,4
2020-10-30,US,North Dakota,Foster,196,2,0,47.457108399999996,-98.88279923,38031.0,6105.919003115265,1.020408163265306,194,193,2,0,191,184,3216,3,0,0,3,9
2020-10-30,US,North Dakota,Golden Valley,117,0,0,46.94022281,-103.8465421,38033.0,6643.9522998296425,0.0,117,115,0,0,115,114,1769,2,0,0,2,1
2020-10-30,US,North Dakota,Grand Forks,4356,21,0,47.92093639,-97.45450447,38035.0,6272.047918676477,0.4820936639118457,4335,4118,20,0,4098,4020,70770,238,1,0,237,98
2020-10-30,US,North Dakota,Grant,78,4,0,46.35821257,-101.63900129999999,38037.0,3430.0791556728227,5.128205128205129,74,76,3,0,73,71,2374,2,1,0,1,5
2020-10-30,US,North Dakota,Griggs,92,1,0,47.45785838,-98.23850925,38039.0,4123.711340206186,1.0869565217391304,91,92,1,0,91,88,2232,0,0,0,0,4
2020-10-30,US,North Dakota,Hettinger,135,2,0,46.43375068,-102.4632417,38041.0,5402.1608643457375,1.4814814814814814,133,133,2,0,131,131,2514,2,0,0,2,2
2020-10-30,US,North Dakota,Kidder,105,2,0,46.97830064,-99.77507857,38043.0,4233.870967741936,1.9047619047619049,103,102,2,0,100,100,2450,3,0,0,3,2
2020-10-30,US,North Dakota,LaMoure,213,8,0,46.45681054,-98.53542355,38045.0,5264.458724666338,3.755868544600939,205,207,8,0,199,204,4062,6,0,0,6,3
2020-10-30,US,North Dakota,Logan,128,3,0,46.45729487,-99.47719806,38047.0,6918.918918918918,2.34375,125,128,2,0,126,128,1903,0,1,0,-1,0
2020-10-30,US,North Dakota,McHenry,209,13,0,48.23104458,-100.6324822,38049.0,3637.9460400348134,6.2200956937799035,196,202,13,0,189,192,5816,7,0,0,7,10
2020-10-30,US,North Dakota,McIntosh,174,5,0,46.11182017,-99.44145858,38051.0,6968.362034441329,2.8735632183908044,169,170,5,0,165,169,2585,4,0,0,4,1
2020-10-30,US,North Dakota,McKenzie,570,4,0,47.74133370000001,-103.395905,38053.0,3793.929712460064,0.7017543859649122,566,555,4,0,551,545,13632,15,0,0,15,10
2020-10-30,US,North Dakota,McLean,624,10,0,47.60766714,-101.3182418,38055.0,6603.174603174603,1.6025641025641026,614,610,10,0,600,586,9541,14,0,0,14,24
2020-10-30,US,North Dakota,Mercer,511,3,0,47.31213126,-101.8318399,38057.0,6241.602540613168,0.5870841487279843,508,502,3,0,499,482,8267,9,0,0,9,20
2020-10-30,US,North Dakota,Morton,2431,54,0,46.71681782,-101.2822377,38059.0,7750.924626960846,2.2213081036610447,2377,2353,50,0,2303,2293,31095,78,4,0,74,60
2020-10-30,US,North Dakota,Mountrail,553,9,0,48.20197971,-102.3555315,38061.0,5244.191559981034,1.6274864376130198,544,533,8,0,525,527,10218,20,1,0,19,6
2020-10-30,US,North Dakota,Nelson,167,3,0,47.9226426,-98.19038437,38063.0,5800.625217089268,1.7964071856287425,164,165,3,0,162,163,2869,2,0,0,2,2
2020-10-30,US,North Dakota,Oliver,85,2,0,47.11530482,-101.3406158,38065.0,4338.948443083205,2.3529411764705883,83,84,2,0,82,81,1952,1,0,0,1,3
2020-10-30,US,North Dakota,Pembina,230,0,0,48.76623521,-97.5523809,38067.0,3381.855609469196,0.0,230,221,0,0,221,212,6947,9,0,0,9,9
2020-10-30,US,North Dakota,Pierce,124,1,0,48.24977025,-99.96407787,38069.0,3119.496855345912,0.8064516129032258,123,107,1,0,106,106,4081,17,0,0,17,1
2020-10-30,US,North Dakota,Ramsey,553,4,0,48.26886249,-98.72223879,38071.0,4800.763955204445,0.7233273056057866,549,539,4,0,535,519,11481,14,0,0,14,20
2020-10-30,US,North Dakota,Ransom,211,3,0,46.45621782,-97.65742504,38073.0,4043.694902261403,1.4218009478672986,208,210,3,0,207,190,5237,1,0,0,1,20
2020-10-30,US,North Dakota,Renville,116,2,0,48.71982533,-101.6603912,38075.0,4984.959174903309,1.7241379310344829,114,112,2,0,110,108,2374,4,0,0,4,4
2020-10-30,US,North Dakota,Richland,506,3,0,46.26440649,-96.94852979,38077.0,3127.89763244112,0.5928853754940712,503,499,3,0,496,476,16239,7,0,0,7,23
2020-10-30,US,North Dakota,Rolette,437,9,0,48.77245354,-99.84097493,38079.0,3082.674943566592,2.059496567505721,428,407,8,0,399,383,14301,30,1,0,29,24
2020-10-30,US,North Dakota,Sargent,134,2,0,46.10830372,-97.63217159,38081.0,3437.6603386351976,1.492537313432836,132,132,2,0,130,127,3870,2,0,0,2,5
2020-10-30,US,North Dakota,Sheridan,56,1,0,47.57700669,-100.3426391,38083.0,4258.555133079848,1.7857142857142858,55,55,1,0,54,52,1349,1,0,0,1,3
2020-10-30,US,North Dakota,Sioux,265,5,0,46.11323337,-101.04401490000001,38085.0,6264.775413711584,1.8867924528301887,260,258,5,0,253,250,4358,7,0,0,7,8
2020-10-30,US,North Dakota,Slope,15,0,0,46.44737738,-103.4601547,38087.0,2000.0,0.0,15,15,0,0,15,15,763,0,0,0,0,0
2020-10-30,US,North Dakota,Stark,2410,34,0,46.80851182,-102.65763259999999,38089.0,7653.466289815491,1.410788381742739,2376,2350,34,0,2316,2342,30997,60,0,0,60,8
2020-10-30,US,North Dakota,Steele,61,0,0,47.45611548,-97.72728747,38091.0,3227.5132275132273,0.0,61,56,0,0,56,47,1903,5,0,0,5,9
2020-10-30,US,North Dakota,Stutsman,959,7,0,46.97962541,-98.95637318,38093.0,4631.955177743431,0.7299270072992701,952,946,7,0,939,895,20917,13,0,0,13,51
2020-10-30,US,North Dakota,Towner,110,5,0,48.68565745,-99.24564265,38095.0,5025.125628140703,4.545454545454546,105,107,5,0,102,101,2192,3,0,0,3,6
2020-10-30,US,North Dakota,Traill,320,5,0,47.45367788,-97.16323288,38097.0,3982.0806371329018,1.5625,315,290,3,0,287,279,8037,30,2,0,28,11
2020-10-30,US,North Dakota,Walsh,562,2,0,48.36876964,-97.72574783,38099.0,5281.458509538577,0.3558718861209965,560,529,2,0,527,485,10667,33,0,0,33,44
2020-10-30,US,North Dakota,Ward,3162,51,0,48.22390169,-101.54367629999999,38101.0,4674.679558256087,1.6129032258064515,3111,2979,51,0,2928,2813,67744,183,0,0,183,166
2020-10-30,US,North Dakota,Wells,165,0,0,47.58614526,-99.65904998,38103.0,4303.599374021909,0.0,165,155,0,0,155,139,3957,10,0,0,10,16
2020-10-30,US,North Dakota,Williams,1905,17,0,48.34522353,-103.4793387,38105.0,5067.972013088936,0.8923884514435696,1888,1848,16,0,1832,1830,35350,57,1,0,56,18
2020-10-30,US,Ohio,Adams,260,6,0,38.84541072,-83.4718964,39001.0,938.6959347245288,2.3076923076923075,254,254,6,0,248,244,27724,6,0,0,6,10
2020-10-30,US,Ohio,Allen,2511,80,0,40.77285242,-84.10802343,39003.0,2453.322390597063,3.1859816806053365,2431,2452,80,0,2372,2367,102663,59,0,0,59,85
2020-10-30,US,Ohio,Ashland,485,9,0,40.84772277,-82.27280781,39005.0,906.813252561514,1.855670103092784,476,473,9,0,464,452,53745,12,0,0,12,21
2020-10-30,US,Ohio,Ashtabula,833,48,0,41.70860332,-80.74830218,39007.0,856.634547156035,5.762304921968787,785,806,48,0,758,790,97493,27,0,0,27,16
2020-10-30,US,Ohio,Athens,1361,2,0,39.33425634,-82.04278644,39009.0,2083.365224179895,0.14695077149155036,1359,1346,2,0,1344,1331,65818,15,0,0,15,15
2020-10-30,US,Ohio,Auglaize,1233,19,0,40.55998859,-84.22421429999999,39011.0,2700.6308042754513,1.5409570154095702,1214,1198,19,0,1179,1147,45804,35,0,0,35,51
2020-10-30,US,Ohio,Belmont,842,27,0,40.01625942,-80.9924051,39013.0,1256.6038862191444,3.2066508313539197,815,837,27,0,810,819,67505,5,0,0,5,18
2020-10-30,US,Ohio,Brown,467,3,0,38.93416837,-83.86788395,39015.0,1075.244059679499,0.6423982869379015,464,458,3,0,455,434,43602,9,0,0,9,24
2020-10-30,US,Ohio,Butler,9298,133,0,39.44012838,-84.57388716,39017.0,2426.8271675184133,1.4304151430415144,9165,9082,133,0,8949,8981,382378,216,0,0,216,101
2020-10-30,US,Ohio,Carroll,244,7,0,40.578968599999996,-81.09178213,39019.0,906.5913650888016,2.8688524590163933,237,242,7,0,235,229,27081,2,0,0,2,13
2020-10-30,US,Ohio,Champaign,459,3,0,40.13923427,-83.76875242,39021.0,1180.4037546611805,0.6535947712418301,456,452,3,0,449,440,38754,7,0,0,7,12
2020-10-30,US,Ohio,Clark,2821,57,0,39.91592258,-83.78498252,39023.0,2103.9207058314632,2.020560085076214,2764,2766,57,0,2709,2705,134585,55,0,0,55,61
2020-10-30,US,Ohio,Clermont,2844,39,0,39.04847534,-84.15375786,39025.0,1377.7200767337765,1.3713080168776368,2805,2772,39,0,2733,2732,205466,72,0,0,72,40
2020-10-30,US,Ohio,Clinton,547,13,0,39.41485808,-83.80852286,39027.0,1303.3739992375142,2.376599634369287,534,539,13,0,526,524,42057,8,0,0,8,15
2020-10-30,US,Ohio,Columbiana,2246,88,0,40.76932373,-80.78094576,39029.0,2204.4894634041007,3.918076580587712,2158,2227,88,0,2139,2204,102665,19,0,0,19,23
2020-10-30,US,Ohio,Coshocton,389,12,0,40.30096166,-81.91729018,39031.0,1062.8415300546449,3.0848329048843186,377,386,12,0,374,363,36629,3,0,0,3,23
2020-10-30,US,Ohio,Crawford,594,8,0,40.85065156,-82.91989099,39033.0,1431.5322697257434,1.3468013468013469,586,581,8,0,573,548,41550,13,0,0,13,33
2020-10-30,US,Ohio,Cuyahoga,21266,686,0,41.424119,-81.65918339,39035.0,1721.8429370919266,3.2258064516129035,20580,21002,686,0,20316,20741,1243857,264,0,0,264,261
2020-10-30,US,Ohio,Darke,1285,51,0,40.13412966,-84.6194517,39037.0,2514.0375247001743,3.9688715953307394,1234,1264,51,0,1213,1231,51323,21,0,0,21,33
2020-10-30,US,Ohio,Defiance,567,14,0,41.32398837,-84.49076944,39039.0,1488.6969307112665,2.469135802469136,553,549,13,0,536,529,38165,18,1,0,17,20
2020-10-30,US,Ohio,Delaware,3147,28,0,40.27942393,-83.00457058,39041.0,1504.467508378072,0.8897362567524627,3119,3107,28,0,3079,3078,204826,40,0,0,40,29
2020-10-30,US,Ohio,Erie,1255,54,0,41.36796058,-82.62904521,39043.0,1689.8715428325208,4.302788844621514,1201,1240,54,0,1186,1202,74615,15,0,0,15,38
2020-10-30,US,Ohio,Fairfield,3002,58,0,39.75107189,-82.63088163,39045.0,1905.1366342163046,1.932045303131246,2944,2925,58,0,2867,2904,155782,77,0,0,77,21
2020-10-30,US,Ohio,Fayette,497,10,0,39.56021306,-83.4562016,39047.0,1742.3312883435583,2.0120724346076457,487,485,10,0,475,476,28666,12,0,0,12,9
2020-10-30,US,Ohio,Franklin,33858,643,0,39.96995815,-83.01115755,39049.0,2571.3192117598096,1.8991080394589168,33215,33397,643,0,32754,33084,1310300,461,0,0,461,313
2020-10-30,US,Ohio,Fulton,632,16,0,41.60213491,-84.12571393,39051.0,1500.2611213977116,2.5316455696202533,616,611,16,0,595,597,42276,21,0,0,21,14
2020-10-30,US,Ohio,Gallia,329,13,0,38.82708533,-82.31647569,39053.0,1100.4080540504378,3.951367781155015,316,321,13,0,308,316,29979,8,0,0,8,5
2020-10-30,US,Ohio,Geauga,966,50,0,41.49952319,-81.17935342,39055.0,1031.5112814872555,5.175983436853001,916,943,50,0,893,925,94031,23,0,0,23,18
2020-10-30,US,Ohio,Greene,2728,42,0,39.69116283,-83.89032084,39057.0,1614.8031514706665,1.5395894428152492,2686,2654,42,0,2612,2589,167995,74,0,0,74,65
2020-10-30,US,Ohio,Guernsey,422,8,0,40.05026529,-81.49248905,39059.0,1085.5305466237942,1.895734597156398,414,420,8,0,412,383,39022,2,0,0,2,37
2020-10-30,US,Ohio,Hamilton,18487,347,0,39.19673558,-84.54502924,39061.0,2261.48141895818,1.8769946448855952,18140,18112,346,0,17766,17917,816684,375,1,0,374,195
2020-10-30,US,Ohio,Hancock,1232,30,0,41.00250487,-83.66838948,39063.0,1625.6944169536703,2.435064935064935,1202,1217,29,0,1188,1181,75930,15,1,0,14,36
2020-10-30,US,Ohio,Hardin,402,14,0,40.66015414,-83.65929931,39065.0,1281.6834050693449,3.4825870646766166,388,392,14,0,378,379,31480,10,0,0,10,13
2020-10-30,US,Ohio,Harrison,93,3,0,40.29380509,-81.09068544,39067.0,618.3510638297872,3.2258064516129035,90,90,3,0,87,89,15174,3,0,0,3,1
2020-10-30,US,Ohio,Henry,563,17,0,41.333964200000004,-84.06830637,39069.0,2084.721913648819,3.019538188277087,546,553,17,0,536,538,27086,10,0,0,10,15
2020-10-30,US,Ohio,Highland,557,9,0,39.1839264,-83.60331456,39071.0,1290.516901832673,1.615798922800718,548,542,6,0,536,501,43058,15,3,0,12,41
2020-10-30,US,Ohio,Hocking,235,9,0,39.49537927,-82.47991446,39073.0,831.4463628644212,3.8297872340425534,226,230,9,0,221,221,28385,5,0,0,5,9
2020-10-30,US,Ohio,Holmes,870,14,0,40.56163713,-81.92635677,39075.0,1979.0718835304824,1.6091954022988506,856,838,14,0,824,796,43892,32,0,0,32,42
2020-10-30,US,Ohio,Huron,765,16,0,41.14651175,-82.59867951,39077.0,1312.9440840284215,2.0915032679738563,749,752,15,0,737,741,58504,13,1,0,12,11
2020-10-30,US,Ohio,Jackson,526,8,0,39.01914254,-82.61818559999998,39079.0,1622.805664393916,1.520912547528517,518,519,8,0,511,510,32384,7,0,0,7,9
2020-10-30,US,Ohio,Jefferson,531,4,0,40.38614126,-80.76259514,39081.0,812.8587830080368,0.7532956685499058,527,518,4,0,514,509,65767,13,0,0,13,9
2020-10-30,US,Ohio,Knox,487,17,0,40.39830217,-82.42027563,39083.0,781.4254998234973,3.4907597535934287,470,463,16,0,447,446,61893,24,1,0,23,17
2020-10-30,US,Ohio,Lake,2294,60,0,41.69710807,-81.23676539,39085.0,996.7455865547972,2.6155187445510024,2234,2221,60,0,2161,2135,230514,73,0,0,73,86
2020-10-30,US,Ohio,Lawrence,1070,27,0,38.59743452,-82.53466552,39087.0,1799.4383061735864,2.5233644859813085,1043,1039,26,0,1013,1016,59866,31,1,0,30,23
2020-10-30,US,Ohio,Licking,2978,67,0,40.09136236,-82.48185785,39089.0,1683.7986678879581,2.249832102081934,2911,2905,67,0,2838,2851,175769,73,0,0,73,54
2020-10-30,US,Ohio,Logan,508,3,0,40.38996525,-83.76784341,39091.0,1112.2788579435978,0.5905511811023622,505,491,3,0,488,483,45358,17,0,0,17,8
2020-10-30,US,Ohio,Lorain,3049,91,0,41.29553751,-82.15083537,39093.0,984.0785197186873,2.984585109872089,2958,2998,90,0,2908,2927,309461,51,1,0,50,71
2020-10-30,US,Ohio,Lucas,8910,378,0,41.62101218,-83.65468618,39095.0,2080.084417342908,4.242424242424242,8532,8789,378,0,8411,8703,429899,121,0,0,121,86
2020-10-30,US,Ohio,Madison,1112,16,0,39.89381073,-83.40178317,39097.0,2485.971697480494,1.4388489208633093,1096,1103,16,0,1087,1091,44413,9,0,0,9,12
2020-10-30,US,Ohio,Mahoning,4006,287,0,41.01631101,-80.77287029,39099.0,1751.7699173091135,7.164253619570644,3719,3960,287,0,3673,3910,229642,46,0,0,46,50
2020-10-30,US,Ohio,Marion,3546,50,0,40.58610662,-83.15736305,39101.0,5447.590370700384,1.410039481105471,3496,3529,50,0,3479,3505,65256,17,0,0,17,24
2020-10-30,US,Ohio,Medina,2126,43,0,41.11770589,-81.89986209999998,39103.0,1182.7801453161685,2.022577610536218,2083,2086,43,0,2043,2036,179146,40,0,0,40,50
2020-10-30,US,Ohio,Meigs,235,12,0,39.09224872,-82.0305041,39105.0,1025.887283363164,5.1063829787234045,223,228,12,0,216,220,23106,7,0,0,7,8
2020-10-30,US,Ohio,Mercer,1729,30,0,40.54043046,-84.62912742,39107.0,4199.4559409307285,1.735106998264893,1699,1679,30,0,1649,1649,40959,50,0,0,50,30
2020-10-30,US,Ohio,Miami,2299,61,0,40.0543329,-84.22871271,39109.0,2148.8592071933967,2.653327533710309,2238,2239,59,0,2180,2196,106222,60,2,0,58,43
2020-10-30,US,Ohio,Monroe,192,18,0,39.72984936,-81.08464734,39111.0,1406.1813388018163,9.375,174,190,18,0,172,186,13790,2,0,0,2,4
2020-10-30,US,Ohio,Montgomery,11748,190,0,39.75394919,-84.29050975,39113.0,2209.5706684571937,1.6172965611167858,11558,11494,190,0,11304,11281,532331,254,0,0,254,213
2020-10-30,US,Ohio,Morgan,100,0,0,39.62081738,-81.85308173,39115.0,689.2748828232698,0.0,100,97,0,0,97,92,14604,3,0,0,3,5
2020-10-30,US,Ohio,Morrow,445,2,0,40.52363560000001,-82.7892599,39117.0,1259.6240942028985,0.44943820224719105,443,434,2,0,432,415,35112,11,0,0,11,19
2020-10-30,US,Ohio,Muskingum,1038,4,0,39.96575964,-81.94363275,39119.0,1203.9668271182504,0.3853564547206166,1034,1019,4,0,1015,994,86183,19,0,0,19,25
2020-10-30,US,Ohio,Noble,204,0,0,39.76818851,-81.45937183,39121.0,1414.3094841930115,0.0,204,185,0,0,185,182,14354,19,0,0,19,3
2020-10-30,US,Ohio,Ottawa,641,30,0,41.53781826,-83.0940185,39123.0,1581.739666872301,4.6801872074883,611,634,30,0,604,617,40769,7,0,0,7,17
2020-10-30,US,Ohio,Paulding,280,2,0,41.11676341,-84.5801017,39125.0,1499.5715509854324,0.7142857142857143,278,267,2,0,265,251,18760,13,0,0,13,16
2020-10-30,US,Ohio,Perry,414,11,0,39.73508655,-82.23804971,39127.0,1145.7353185365585,2.6570048309178738,403,399,11,0,388,395,36033,15,0,0,15,4
2020-10-30,US,Ohio,Pickaway,3202,46,0,39.64170392,-83.0243386,39129.0,5477.5304924987595,1.4366021236727045,3156,3163,46,0,3117,3131,58086,39,0,0,39,32
2020-10-30,US,Ohio,Pike,367,0,0,39.07634001,-83.06769584,39131.0,1321.4748667722886,0.0,367,358,0,0,358,344,28067,9,0,0,9,14
2020-10-30,US,Ohio,Portage,1871,68,0,41.16793482,-81.19735782,39133.0,1151.6255708886783,3.634420096205238,1803,1828,68,0,1760,1780,162927,43,0,0,43,48
2020-10-30,US,Ohio,Preble,743,18,0,39.7420247,-84.64787018,39135.0,1817.425761949024,2.4226110363391657,725,721,18,0,703,707,40997,22,0,0,22,14
2020-10-30,US,Ohio,Putnam,1274,28,0,41.02094889,-84.1336111,39137.0,3762.44056584271,2.1978021978021984,1246,1238,28,0,1210,1189,33780,36,0,0,36,49
2020-10-30,US,Ohio,Richland,1582,26,0,40.77180308,-82.53799609999999,39139.0,1305.7761196493718,1.6434892541087232,1556,1549,26,0,1523,1494,121099,33,0,0,33,55
2020-10-30,US,Ohio,Ross,1613,42,0,39.33705391,-83.06000914,39141.0,2103.9313385333785,2.603843769373837,1571,1577,42,0,1535,1534,76931,36,0,0,36,43
2020-10-30,US,Ohio,Sandusky,790,22,0,41.35624126,-83.137872,39143.0,1350.01196213131,2.7848101265822787,768,781,22,0,759,758,58799,9,0,0,9,23
2020-10-30,US,Ohio,Scioto,1021,9,0,38.80270163,-82.98907345,39145.0,1355.6576466526808,0.8814887365328109,1012,994,9,0,985,961,75502,27,0,0,27,33
2020-10-30,US,Ohio,Seneca,687,14,0,41.12351311,-83.12783209,39147.0,1245.0614375294501,2.037845705967977,673,671,14,0,657,652,55207,16,0,0,16,19
2020-10-30,US,Ohio,Shelby,1048,14,0,40.33163494,-84.20258189,39149.0,2156.822391438568,1.3358778625954195,1034,1018,14,0,1004,999,48627,30,0,0,30,19
2020-10-30,US,Ohio,Stark,4344,186,0,40.81482476,-81.36437305,39151.0,1172.1342881658686,4.281767955801105,4158,4267,185,0,4082,4162,371574,77,1,0,76,105
2020-10-30,US,Ohio,Summit,7409,272,0,41.12464734,-81.53123079,39153.0,1369.4680164801955,3.6712106897017134,7137,7316,272,0,7044,7195,541918,93,0,0,93,121
2020-10-30,US,Ohio,Trumbull,2487,136,0,41.31735028,-80.76109643,39155.0,1256.2255649731785,5.46843586650583,2351,2451,136,0,2315,2414,198627,36,0,0,36,37
2020-10-30,US,Ohio,Tuscarawas,1521,36,0,40.44214695,-81.47226262,39157.0,1653.4945155293685,2.366863905325444,1485,1476,36,0,1440,1440,92176,45,0,0,45,36
2020-10-30,US,Ohio,Union,852,3,0,40.30016061,-83.37239023,39159.0,1444.3615650640809,0.35211267605633795,849,827,3,0,824,815,57835,25,0,0,25,12
2020-10-30,US,Ohio,Van Wert,337,5,0,40.8554138,-84.59111700000003,39161.0,1191.865605658709,1.483679525222552,332,324,5,0,319,307,28281,13,0,0,13,17
2020-10-30,US,Ohio,Vinton,124,5,0,39.25208988,-82.4831444,39163.0,947.6499808941536,4.032258064516129,119,122,3,0,119,120,13139,2,2,0,0,2
2020-10-30,US,Ohio,Warren,4780,67,0,39.42581994,-84.16557457,39165.0,2037.4932865022463,1.401673640167364,4713,4711,66,0,4645,4612,232173,69,1,0,68,99
2020-10-30,US,Ohio,Washington,431,25,0,39.45690571,-81.49121382,39167.0,719.4004439919214,5.8004640371229685,406,412,25,0,387,394,60155,19,0,0,19,18
2020-10-30,US,Ohio,Wayne,1772,72,0,40.82925852,-81.88844833,39169.0,1531.4147437559416,4.063205417607223,1700,1722,72,0,1650,1649,115967,50,0,0,50,73
2020-10-30,US,Ohio,Williams,424,4,0,41.56052014,-84.58429552,39171.0,1155.5652458301538,0.9433962264150944,420,407,4,0,403,380,36804,17,0,0,17,27
2020-10-30,US,Ohio,Wood,2718,83,0,41.36224827,-83.62285108,39173.0,2077.7116124051154,3.0537159676232526,2635,2687,83,0,2604,2669,130696,31,0,0,31,18
2020-10-30,US,Ohio,Wyandot,325,13,0,40.84339621,-83.30734173,39175.0,1492.7429726253906,4.0,312,316,13,0,303,313,21935,9,0,0,9,3
2020-10-30,US,Oklahoma,Adair,832,11,0,35.88494195,-94.65859267,40001.0,3748.760926376498,1.3221153846153846,821,819,11,0,808,815,22082,13,0,0,13,4
2020-10-30,US,Oklahoma,Alfalfa,127,0,0,36.73090616,-98.32408495,40003.0,2227.2886706418803,0.0,127,124,0,0,124,122,5754,3,0,0,3,2
2020-10-30,US,Oklahoma,Atoka,462,1,0,34.37366573,-96.03802487,40005.0,3358.046227649368,0.21645021645021645,461,457,1,0,456,452,13838,5,0,0,5,5
2020-10-30,US,Oklahoma,Beaver,93,1,0,36.7496847,-100.4758872,40007.0,1751.082658633026,1.075268817204301,92,92,1,0,91,92,5319,1,0,0,1,0
2020-10-30,US,Oklahoma,Beckham,925,11,0,35.26862449,-99.68128023,40009.0,4231.666590420422,1.1891891891891893,914,915,11,0,904,912,21709,10,0,0,10,3
2020-10-30,US,Oklahoma,Blaine,216,1,0,35.87518314,-98.43307003,40011.0,2290.804963410754,0.462962962962963,215,216,1,0,215,215,9485,0,0,0,0,1
2020-10-30,US,Oklahoma,Bryan,1610,14,0,33.96472458,-96.25903472,40013.0,3354.516095426607,0.8695652173913043,1596,1584,13,0,1571,1574,47192,26,1,0,25,10
2020-10-30,US,Oklahoma,Caddo,1168,26,0,35.17364557,-98.37534464,40015.0,4060.913705583757,2.2260273972602738,1142,1156,26,0,1130,1155,28977,12,0,0,12,1
2020-10-30,US,Oklahoma,Canadian,4112,23,0,35.5426055,-97.98465569,40017.0,2772.645745957683,0.5593385214007782,4089,4070,23,0,4047,4009,144447,42,0,0,42,61
2020-10-30,US,Oklahoma,Carter,908,10,0,34.25103751,-97.28552485,40019.0,1887.302280143834,1.1013215859030836,898,894,10,0,884,865,48177,14,0,0,14,29
2020-10-30,US,Oklahoma,Cherokee,1418,8,0,35.90692775,-94.99980896,40021.0,2914.2774934747313,0.5641748942172073,1410,1398,8,0,1390,1395,48675,20,0,0,20,3
2020-10-30,US,Oklahoma,Choctaw,466,2,0,34.02807439,-95.54771129,40023.0,3176.117775354417,0.4291845493562232,464,457,2,0,455,457,14668,9,0,0,9,0
2020-10-30,US,Oklahoma,Cimarron,40,0,0,36.74817177,-102.5173885,40025.0,1871.7828731867105,0.0,40,39,0,0,39,39,2153,1,0,0,1,0
2020-10-30,US,Oklahoma,Cleveland,8568,105,0,35.20413532,-97.32519562,40027.0,3016.752695289669,1.2254901960784317,8463,8485,100,0,8385,8400,281669,83,5,0,78,85
2020-10-30,US,Oklahoma,Coal,105,0,0,34.58840127,-96.29798747,40029.0,1910.8280254777071,0.0,105,102,0,0,102,100,5520,3,0,0,3,2
2020-10-30,US,Oklahoma,Comanche,2509,17,0,34.65973764,-98.47195055,40031.0,2077.863998873697,0.6775607811877242,2492,2468,17,0,2451,2437,120422,41,0,0,41,31
2020-10-30,US,Oklahoma,Cotton,103,3,0,34.28845626,-98.37053567,40033.0,1817.860924814684,2.9126213592233015,100,103,3,0,100,102,5776,0,0,0,0,1
2020-10-30,US,Oklahoma,Craig,641,2,0,36.76268118,-95.20916602,40035.0,4532.597935228398,0.31201248049922,639,632,2,0,630,629,14306,9,0,0,9,3
2020-10-30,US,Oklahoma,Creek,1625,39,0,35.90230551,-96.37086028,40037.0,2272.028187131232,2.4,1586,1609,39,0,1570,1597,71604,16,0,0,16,12
2020-10-30,US,Oklahoma,Custer,1114,6,0,35.63853802,-99.00170785,40039.0,3840.981967382685,0.5385996409335727,1108,1109,6,0,1103,1104,29036,5,0,0,5,5
2020-10-30,US,Oklahoma,Delaware,1291,28,0,36.40823634,-94.80325046,40041.0,3001.697319165756,2.1688613477924092,1263,1267,28,0,1239,1260,42733,24,0,0,24,7
2020-10-30,US,Oklahoma,Dewey,94,1,0,35.98772922,-99.00730714,40043.0,1921.8973625025562,1.0638297872340423,93,94,1,0,93,93,4894,0,0,0,0,1
2020-10-30,US,Oklahoma,Ellis,26,0,0,36.218019399999996,-99.75324573,40045.0,673.7496760818865,0.0,26,24,0,0,24,24,3952,2,0,0,2,0
2020-10-30,US,Oklahoma,Garfield,2497,28,0,36.3791334,-97.78265517,40047.0,4089.688155136269,1.1213456147376852,2469,2475,28,0,2447,2455,60913,22,0,0,22,20
2020-10-30,US,Oklahoma,Garvin,721,6,0,34.70418038,-97.30811132,40049.0,2601.854859081231,0.8321775312066574,715,699,6,0,693,689,27811,22,0,0,22,10
2020-10-30,US,Oklahoma,Grady,1659,16,0,35.0167709,-97.88339847,40051.0,2971.307805279937,0.9644364074743822,1643,1641,16,0,1625,1631,55551,18,0,0,18,10
2020-10-30,US,Oklahoma,Grant,109,2,0,36.796296999999996,-97.78638765,40053.0,2515.5781213939536,1.834862385321101,107,109,1,0,108,105,4326,0,1,0,-1,4
2020-10-30,US,Oklahoma,Greer,154,8,0,34.93535801,-99.56056120000001,40055.0,2696.078431372549,5.194805194805196,146,152,8,0,144,152,5821,2,0,0,2,0
2020-10-30,US,Oklahoma,Harmon,76,0,0,34.7440135,-99.84741652,40057.0,2864.6814926498305,0.0,76,75,0,0,75,72,2664,1,0,0,1,3
2020-10-30,US,Oklahoma,Harper,74,2,0,36.78836519,-99.6679804,40059.0,2006.5075921908888,2.702702702702702,72,72,2,0,70,72,3797,2,0,0,2,0
2020-10-30,US,Oklahoma,Haskell,395,5,0,35.22257600000001,-95.11513306,40061.0,3128.2173121089727,1.2658227848101269,390,391,5,0,386,384,12668,4,0,0,4,7
2020-10-30,US,Oklahoma,Hughes,413,5,0,35.04912569,-96.24921145,40063.0,3110.173958882446,1.2106537530266344,408,406,5,0,401,404,13335,7,0,0,7,2
2020-10-30,US,Oklahoma,Jackson,1154,13,0,34.58781741,-99.41138784,40065.0,4704.443538524256,1.126516464471404,1141,1141,13,0,1128,1132,24949,13,0,0,13,9
2020-10-30,US,Oklahoma,Jefferson,84,0,0,34.11130184,-97.83182974,40067.0,1399.5334888370544,0.0,84,81,0,0,81,81,6123,3,0,0,3,0
2020-10-30,US,Oklahoma,Johnston,306,4,0,34.31440473,-96.66011537,40069.0,2760.487144790257,1.30718954248366,302,302,4,0,298,299,10949,4,0,0,4,3
2020-10-30,US,Oklahoma,Kay,903,16,0,36.81799745,-97.14421435,40071.0,2074.050254949699,1.7718715393133997,887,899,16,0,883,897,44161,4,0,0,4,2
2020-10-30,US,Oklahoma,Kingfisher,575,3,0,35.94530008,-97.94193268,40073.0,3647.3200126863294,0.5217391304347826,572,570,3,0,567,560,15816,5,0,0,5,10
2020-10-30,US,Oklahoma,Kiowa,181,3,0,34.91671958,-98.97720696,40075.0,2078.548461185117,1.6574585635359116,178,181,3,0,178,178,8729,0,0,0,0,3
2020-10-30,US,Oklahoma,Latimer,216,2,0,34.87844729,-95.25215049,40077.0,2144.346272212846,0.925925925925926,214,213,2,0,211,211,10231,3,0,0,3,2
2020-10-30,US,Oklahoma,Le Flore,1712,24,0,34.89851864,-94.70392124,40079.0,3434.096242954285,1.4018691588785046,1688,1689,24,0,1665,1682,49980,23,0,0,23,7
2020-10-30,US,Oklahoma,Lincoln,812,22,0,35.70270942,-96.8812462,40081.0,2328.1818963787023,2.70935960591133,790,803,22,0,781,802,34920,9,0,0,9,1
2020-10-30,US,Oklahoma,Logan,881,2,0,35.91899576,-97.44352845,40083.0,1834.9961467163776,0.2270147559591373,879,870,2,0,868,862,47291,11,0,0,11,8
2020-10-30,US,Oklahoma,Love,285,1,0,33.95273467,-97.23906784,40085.0,2779.674241685361,0.3508771929824561,284,283,1,0,282,273,10134,2,0,0,2,10
2020-10-30,US,Oklahoma,Major,189,2,0,36.31149996,-98.53467076,40093.0,2477.388910735352,1.058201058201058,187,182,2,0,180,177,7644,7,0,0,7,5
2020-10-30,US,Oklahoma,Marshall,287,2,0,34.02311222,-96.76855464,40095.0,1695.1154686669422,0.6968641114982579,285,280,2,0,278,276,16806,7,0,0,7,4
2020-10-30,US,Oklahoma,Mayes,998,15,0,36.30179091,-95.23175116,40097.0,2428.2238442822386,1.503006012024048,983,986,15,0,971,982,41107,12,0,0,12,4
2020-10-30,US,Oklahoma,McClain,1367,13,0,35.01123903,-97.44572302,40087.0,3377.4768987498146,0.9509875640087784,1354,1359,11,0,1348,1337,39985,8,2,0,6,22
2020-10-30,US,Oklahoma,McCurtain,1653,41,0,34.11664328,-94.77222373,40089.0,5034.722222222223,2.4803387779794317,1612,1634,40,0,1594,1630,32703,19,1,0,18,4
2020-10-30,US,Oklahoma,McIntosh,523,10,0,35.37235506,-95.66599306,40091.0,2668.9120228618085,1.9120458891013383,513,514,10,0,504,510,19815,9,0,0,9,4
2020-10-30,US,Oklahoma,Murray,325,3,0,34.48116015,-97.06826283,40099.0,2309.386768990265,0.9230769230769232,322,315,3,0,312,310,13953,10,0,0,10,5
2020-10-30,US,Oklahoma,Muskogee,2398,28,0,35.61318461,-95.37802952,40101.0,3526.6261746841774,1.1676396997497915,2370,2380,28,0,2352,2364,68362,18,0,0,18,16
2020-10-30,US,Oklahoma,Noble,190,3,0,36.38953329,-97.22928674,40103.0,1706.9445692210943,1.5789473684210529,187,183,3,0,180,183,11289,7,0,0,7,0
2020-10-30,US,Oklahoma,Nowata,264,4,0,36.79843529,-95.61902331,40105.0,2620.087336244541,1.5151515151515151,260,258,4,0,254,257,10218,6,0,0,6,1
2020-10-30,US,Oklahoma,Okfuskee,567,8,0,35.46485198,-96.32639984,40107.0,4727.757858750938,1.4109347442680775,559,553,8,0,545,545,12098,14,0,0,14,8
2020-10-30,US,Oklahoma,Oklahoma,24468,231,0,35.55140095,-97.40716948,40109.0,3068.341706022066,0.9440902403138792,24237,24250,231,0,24019,23997,792582,218,0,0,218,253
2020-10-30,US,Oklahoma,Okmulgee,1272,12,0,35.64661916,-95.96432828,40111.0,3306.9023787859087,0.9433962264150944,1260,1256,12,0,1244,1243,38335,16,0,0,16,13
2020-10-30,US,Oklahoma,Osage,1396,13,0,36.62888819,-96.39635704,40113.0,2972.5528607627284,0.9312320916905444,1383,1390,13,0,1377,1388,47014,6,0,0,6,2
2020-10-30,US,Oklahoma,Ottawa,1271,17,0,36.83532655,-94.81011909,40115.0,4083.271757638063,1.3375295043273014,1254,1263,16,0,1247,1260,31175,8,1,0,7,3
2020-10-30,US,Oklahoma,Pawnee,343,5,0,36.31743373,-96.70331759999999,40117.0,2094.5285784074254,1.4577259475218658,338,339,5,0,334,339,16390,4,0,0,4,0
2020-10-30,US,Oklahoma,Payne,2841,13,0,36.07695283,-96.97584944,40119.0,3473.7846033453966,0.4575853572685674,2828,2817,12,0,2805,2812,82040,24,1,0,23,5
2020-10-30,US,Oklahoma,Pittsburg,1288,21,0,34.92065823,-95.75134320000001,40121.0,2950.474183350896,1.6304347826086956,1267,1277,21,0,1256,1267,43877,11,0,0,11,10
2020-10-30,US,Oklahoma,Pontotoc,848,4,0,34.72959848,-96.68337199,40123.0,2215.024553338209,0.4716981132075472,844,833,4,0,829,814,38247,15,0,0,15,19
2020-10-30,US,Oklahoma,Pottawatomie,2293,14,0,35.20614018,-96.94923008,40125.0,3158.750275512453,0.6105538595726123,2279,2264,14,0,2250,2232,72679,29,0,0,29,32
2020-10-30,US,Oklahoma,Pushmataha,286,6,0,34.41635232,-95.37603505,40127.0,2577.505407354001,2.097902097902098,280,281,6,0,275,279,11179,5,0,0,5,2
2020-10-30,US,Oklahoma,Roger Mills,91,4,0,35.68711719,-99.69666167,40129.0,2539.771141501535,4.395604395604397,87,90,4,0,86,89,3656,1,0,0,1,1
2020-10-30,US,Oklahoma,Rogers,2519,55,0,36.37004357,-95.60406759,40131.0,2724.450837668588,2.183406113537118,2464,2480,55,0,2425,2469,91984,39,0,0,39,11
2020-10-30,US,Oklahoma,Seminole,831,6,0,35.16478725,-96.61686741,40133.0,3425.6740044521393,0.7220216606498195,825,817,6,0,811,796,24578,14,0,0,14,21
2020-10-30,US,Oklahoma,Sequoyah,1273,14,0,35.49447108,-94.75463785,40135.0,3062.3782145348696,1.0997643362136684,1259,1262,14,0,1248,1251,41179,11,0,0,11,11
2020-10-30,US,Oklahoma,Stephens,772,8,0,34.48556989,-97.85141892,40137.0,1789.398048350833,1.0362694300518134,764,765,8,0,757,756,43265,7,0,0,7,9
2020-10-30,US,Oklahoma,Texas,1826,10,0,36.74777635,-101.4889765,40139.0,9137.767102036729,0.547645125958379,1816,1816,10,0,1806,1807,20455,10,0,0,10,9
2020-10-30,US,Oklahoma,Tillman,151,4,0,34.37288446,-98.92426619,40141.0,2082.7586206896553,2.6490066225165565,147,151,3,0,148,148,7348,0,1,0,-1,3
2020-10-30,US,Oklahoma,Tulsa,22312,211,0,36.11939621,-95.94013939,40143.0,3424.4388782476312,0.9456794550017928,22101,22096,206,0,21890,21922,648360,216,5,0,211,174
2020-10-30,US,Oklahoma,Unassigned,5,0,0,0.0,0.0,90040.0,0.0,0.0,5,3,0,0,3,9,,2,0,0,2,-6
2020-10-30,US,Oklahoma,Wagoner,1972,31,0,35.96024096,-95.51911308,40145.0,2425.9124850840826,1.5720081135902635,1941,1951,30,0,1921,1937,80110,21,1,0,20,14
2020-10-30,US,Oklahoma,Washington,1361,42,0,36.71380786,-95.90514104,40147.0,2641.3336697265513,3.085966201322557,1319,1342,41,0,1301,1341,51843,19,1,0,18,1
2020-10-30,US,Oklahoma,Washita,189,0,0,35.29071824,-98.99180434,40149.0,1731.4034444851593,0.0,189,187,0,0,187,185,11127,2,0,0,2,2
2020-10-30,US,Oklahoma,Woods,187,0,0,36.76705782,-98.86573064,40151.0,2126.6916865688613,0.0,187,184,0,0,184,184,8897,3,0,0,3,0
2020-10-30,US,Oklahoma,Woodward,1279,5,0,36.42316318,-99.26283045,40153.0,6328.237098609668,0.3909304143862393,1274,1269,5,0,1264,1267,20222,10,0,0,10,2
2020-10-30,US,Oregon,Baker,143,3,0,44.70915557,-117.6749883,41001.0,886.876705532126,2.097902097902098,140,140,3,0,137,133,16006,3,0,0,3,7
2020-10-30,US,Oregon,Benton,464,6,0,44.49167306,-123.4316987,41003.0,498.640559681042,1.293103448275862,458,463,6,0,457,448,92101,1,0,0,1,15
2020-10-30,US,Oregon,Clackamas,3309,66,0,45.18787398,-122.2179634,41005.0,791.2728037935182,1.9945602901178603,3243,3267,66,0,3201,3206,416075,42,0,0,42,61
2020-10-30,US,Oregon,Clatsop,251,0,0,45.99712889,-123.660711,41007.0,624.0055688146381,0.0,251,248,0,0,248,246,39764,3,0,0,3,2
2020-10-30,US,Oregon,Columbia,275,1,0,45.94464254,-123.08908980000001,41009.0,525.2702754326317,0.3636363636363637,274,271,1,0,270,270,52377,4,0,0,4,1
2020-10-30,US,Oregon,Coos,262,1,0,43.17406868,-124.0594514,41011.0,406.2834369717928,0.3816793893129771,261,260,1,0,259,259,64389,2,0,0,2,1
2020-10-30,US,Oregon,Crook,116,2,0,44.14230227,-120.356297,41013.0,475.3319128011801,1.7241379310344829,114,113,2,0,111,112,23867,3,0,0,3,1
2020-10-30,US,Oregon,Curry,58,1,0,42.45911325,-124.15728200000001,41015.0,252.99890948745912,1.7241379310344829,57,58,1,0,57,58,22813,0,0,0,0,0
2020-10-30,US,Oregon,Deschutes,1209,13,0,43.91570171,-121.2289121,41017.0,611.5573720737309,1.075268817204301,1196,1185,13,0,1172,1161,191996,24,0,0,24,24
2020-10-30,US,Oregon,Douglas,373,8,0,43.27941273,-123.16729099999999,41019.0,336.09659398089747,2.1447721179624666,365,368,8,0,360,363,110283,5,0,0,5,5
2020-10-30,US,Oregon,Gilliam,12,0,0,45.37160076,-120.20488689999999,41021.0,627.6150627615062,0.0,12,11,0,0,11,11,1894,1,0,0,1,0
2020-10-30,US,Oregon,Grant,12,0,0,44.49024544,-119.0068631,41023.0,166.68981803028197,0.0,12,12,0,0,12,11,7176,0,0,0,0,1
2020-10-30,US,Oregon,Harney,37,0,0,43.06422669,-118.96663059999999,41025.0,500.4734208034626,0.0,37,35,0,0,35,34,7329,2,0,0,2,1
2020-10-30,US,Oregon,Hood River,286,1,0,45.51872811,-121.65520359999998,41027.0,1223.163116927551,0.34965034965034963,285,284,1,0,283,279,23428,2,0,0,2,5
2020-10-30,US,Oregon,Jackson,1865,7,0,42.43201126,-122.72893090000001,41029.0,844.1052936490695,0.3753351206434316,1858,1796,7,0,1789,1742,219564,69,0,0,69,54
2020-10-30,US,Oregon,Jefferson,609,10,0,44.62806839,-121.17832,41031.0,2469.7866818071216,1.6420361247947457,599,607,10,0,597,605,24192,2,0,0,2,2
2020-10-30,US,Oregon,Josephine,273,3,0,42.3665549,-123.5561938,41033.0,312.0463611736601,1.0989010989010992,270,270,3,0,267,269,87393,3,0,0,3,1
2020-10-30,US,Oregon,Klamath,431,3,0,42.68762984,-121.64964609999998,41035.0,631.6128843166564,0.6960556844547564,428,422,3,0,419,421,67653,9,0,0,9,1
2020-10-30,US,Oregon,Lake,47,0,0,42.79246693,-120.38501629999999,41037.0,597.280467657898,0.0,47,43,0,0,43,41,7879,4,0,0,4,2
2020-10-30,US,Oregon,Lane,2501,27,0,43.93727035,-122.847753,41039.0,654.5972303287118,1.0795681727309077,2474,2467,27,0,2440,2451,379611,34,0,0,34,16
2020-10-30,US,Oregon,Lincoln,519,13,0,44.64252874,-123.86991200000001,41041.0,1038.7894800048036,2.5048169556840083,506,518,13,0,505,518,49388,1,0,0,1,0
2020-10-30,US,Oregon,Linn,863,16,0,44.48899494,-122.53731540000001,41043.0,665.130367093388,1.853997682502897,847,845,15,0,830,827,127335,18,1,0,17,18
2020-10-30,US,Oregon,Malheur,1967,38,0,43.1937027,-117.62273950000001,41045.0,6434.2023486310545,1.9318759532282663,1929,1949,38,0,1911,1943,30725,18,0,0,18,6
2020-10-30,US,Oregon,Marion,6068,109,0,44.90287942,-122.58151170000001,41047.0,1744.5905617305602,1.7963085036255768,5959,6024,109,0,5915,5963,346868,44,0,0,44,61
2020-10-30,US,Oregon,Morrow,554,7,0,45.41846568,-119.584546,41049.0,4774.627251572871,1.263537906137184,547,551,7,0,544,546,11372,3,0,0,3,5
2020-10-30,US,Oregon,Multnomah,9653,167,0,45.54747959,-122.4169351,41051.0,1187.5426736625845,1.7300321143685902,9486,9502,166,0,9336,9401,811880,151,1,0,150,101
2020-10-30,US,Oregon,Polk,675,15,0,44.90322804,-123.4128888,41053.0,784.1087297438577,2.2222222222222223,660,668,15,0,653,663,85234,7,0,0,7,5
2020-10-30,US,Oregon,Sherman,22,0,0,45.41501554,-120.6827834,41055.0,1235.9550561797753,0.0,22,20,0,0,20,19,1708,2,0,0,2,1
2020-10-30,US,Oregon,Tillamook,75,0,0,45.46248721,-123.712066,41057.0,277.40790057700843,0.0,75,74,0,0,74,72,26787,1,0,0,1,2
2020-10-30,US,Oregon,Umatilla,3461,45,0,45.59073056,-118.7353826,41059.0,4440.025657472739,1.3002022536839064,3416,3435,45,0,3390,3393,77516,26,0,0,26,42
2020-10-30,US,Oregon,Union,487,2,0,45.30915495,-118.0068979,41061.0,1814.7941121669464,0.4106776180698152,485,484,2,0,482,477,26461,3,0,0,3,7
2020-10-30,US,Oregon,Wallowa,51,2,0,45.57894064,-117.18353799999998,41063.0,707.5471698113208,3.92156862745098,49,49,2,0,47,46,7081,2,0,0,2,3
2020-10-30,US,Oregon,Wasco,352,16,0,45.16292781,-121.16709540000001,41065.0,1319.2414361742,4.545454545454546,336,349,16,0,333,349,26505,3,0,0,3,0
2020-10-30,US,Oregon,Washington,6082,78,0,45.55972701,-123.0955257,41067.0,1010.9841886195296,1.2824728707661954,6004,5991,78,0,5913,5885,597695,91,0,0,91,106
2020-10-30,US,Oregon,Wheeler,1,0,0,44.72698162,-120.02814270000002,41069.0,75.07507507507508,0.0,1,1,0,0,1,1,1366,0,0,0,0,0
2020-10-30,US,Oregon,Yamhill,1025,15,0,45.23330449,-123.3086963,41071.0,957.0494864612513,1.4634146341463414,1010,1013,15,0,998,1005,107002,12,0,0,12,8
2020-10-30,US,Pennsylvania,Adams,1158,29,0,39.87140411,-77.21610347,42001.0,1124.17361589764,2.5043177892918824,1129,1144,28,0,1116,1133,102811,14,1,0,13,11
2020-10-30,US,Pennsylvania,Allegheny,15622,416,0,40.46809875,-79.98167747,42003.0,1284.656406629689,2.6629112789655616,15206,15449,416,0,15033,15300,1218452,173,0,0,173,149
2020-10-30,US,Pennsylvania,Armstrong,739,21,0,40.81665618,-79.46290811,42005.0,1141.577199351201,2.841677943166441,718,724,21,0,703,699,65263,15,0,0,15,25
2020-10-30,US,Pennsylvania,Beaver,2302,140,0,40.6825484,-80.34921611,42007.0,1404.2664812205285,6.081668114682884,2162,2283,140,0,2143,2270,164742,19,0,0,19,13
2020-10-30,US,Pennsylvania,Bedford,414,7,0,40.00522157,-78.48998442,42009.0,864.5172068159038,1.6908212560386473,407,404,7,0,397,398,48176,10,0,0,10,6
2020-10-30,US,Pennsylvania,Berks,9481,423,0,40.41570541,-75.92457766,42011.0,2251.142072921712,4.461554688324016,9058,9388,423,0,8965,9290,420152,93,0,0,93,98
2020-10-30,US,Pennsylvania,Blair,1306,31,0,40.47961444,-78.34917412,42013.0,1071.9943527403163,2.3736600306278715,1275,1268,31,0,1237,1237,122492,38,0,0,38,31
2020-10-30,US,Pennsylvania,Bradford,833,15,0,41.78869215,-76.51570822,42015.0,1380.8994910730567,1.8007202881152462,818,775,15,0,760,745,60833,58,0,0,58,30
2020-10-30,US,Pennsylvania,Bucks,10337,626,0,40.33682119,-75.10836643,42017.0,1645.3117290336954,6.055915642836412,9711,10254,626,0,9628,10171,628195,83,0,0,83,83
2020-10-30,US,Pennsylvania,Butler,1794,28,0,40.91152759,-79.91351055,42019.0,955.0020494748552,1.5607580824972132,1766,1746,28,0,1718,1701,187888,48,0,0,48,45
2020-10-30,US,Pennsylvania,Cambria,1165,9,0,40.49527404,-78.71377428,42021.0,894.8322477571588,0.7725321888412017,1156,1123,9,0,1114,1095,131730,42,0,0,42,28
2020-10-30,US,Pennsylvania,Cameron,9,0,0,41.43625568,-78.20376845,42023.0,202.38362941308748,0.0,9,9,0,0,9,9,4492,0,0,0,0,0
2020-10-30,US,Pennsylvania,Carbon,604,30,0,40.91545395,-75.7068525,42025.0,941.0738213206197,4.966887417218543,574,597,30,0,567,587,64227,7,0,0,7,10
2020-10-30,US,Pennsylvania,Centre,4226,17,0,40.92058903,-77.82200624,42027.0,2602.4571235027865,0.4022716516800757,4209,4184,16,0,4168,4138,162805,42,1,0,41,46
2020-10-30,US,Pennsylvania,Chester,8198,381,0,39.97291773,-75.74768357,42029.0,1561.5565278510596,4.6474749939009525,7817,8163,379,0,7784,8093,522046,35,2,0,33,70
2020-10-30,US,Pennsylvania,Clarion,233,4,0,41.19265812,-79.42413524,42031.0,606.1709766377022,1.7167381974248928,229,226,4,0,222,222,38779,7,0,0,7,4
2020-10-30,US,Pennsylvania,Clearfield,488,7,0,41.00110782,-78.47592663,42033.0,615.7340230900259,1.4344262295081966,481,480,7,0,473,469,79388,8,0,0,8,11
2020-10-30,US,Pennsylvania,Clinton,275,7,0,41.23255967,-77.63785995,42035.0,711.8451025056947,2.5454545454545454,268,273,7,0,266,267,38684,2,0,0,2,6
2020-10-30,US,Pennsylvania,Columbia,1067,42,0,41.04821986,-76.40565017,42037.0,1642.4481251154486,3.936269915651359,1025,1061,41,0,1020,1055,65456,6,1,0,5,6
2020-10-30,US,Pennsylvania,Crawford,561,3,0,41.68447709,-80.10760592,42039.0,662.8933344361861,0.5347593582887701,558,532,3,0,529,523,85063,29,0,0,29,9
2020-10-30,US,Pennsylvania,Cumberland,2526,81,0,40.1625372,-77.26130755,42041.0,996.9609661759482,3.2066508313539197,2445,2500,79,0,2421,2467,251423,26,2,0,24,33
2020-10-30,US,Pennsylvania,Dauphin,4898,196,0,40.41377078,-76.77993242,42043.0,1759.977578072505,4.001633319722337,4702,4852,196,0,4656,4818,277097,46,0,0,46,34
2020-10-30,US,Pennsylvania,Delaware,13754,770,0,39.91680171,-75.40243663,42045.0,2426.832431402372,5.598371382870438,12984,13618,770,0,12848,13527,564751,136,0,0,136,91
2020-10-30,US,Pennsylvania,Elk,177,2,0,41.42822061,-78.64524744,42047.0,591.7753259779337,1.1299435028248588,175,167,2,0,165,164,30169,10,0,0,10,3
2020-10-30,US,Pennsylvania,Erie,2181,40,0,41.99253829,-80.03301954,42049.0,808.5923597105232,1.8340210912425488,2141,2128,40,0,2088,2087,272061,53,0,0,53,41
2020-10-30,US,Pennsylvania,Fayette,1051,15,0,39.92041012,-79.64291195,42051.0,813.0018410507913,1.4272121788772598,1036,1035,15,0,1020,1019,130441,16,0,0,16,16
2020-10-30,US,Pennsylvania,Forest,19,1,0,41.51095103,-79.23229292,42053.0,262.17745273906445,5.2631578947368425,18,19,1,0,18,19,7279,0,0,0,0,0
2020-10-30,US,Pennsylvania,Franklin,2269,55,0,39.92956518,-77.72157791,42055.0,1463.6160152747586,2.4239753195240192,2214,2219,55,0,2164,2190,154835,50,0,0,50,29
2020-10-30,US,Pennsylvania,Fulton,88,4,0,39.92913544,-78.11163677,42057.0,605.6434962147282,4.545454545454546,84,83,4,0,79,83,14523,5,0,0,5,0
2020-10-30,US,Pennsylvania,Greene,256,1,0,39.85746531,-80.22357106,42059.0,706.5382386222502,0.390625,255,244,1,0,243,240,36506,12,0,0,12,4
2020-10-30,US,Pennsylvania,Huntingdon,1005,18,0,40.42162652,-77.97673273,42061.0,2226.2094630515685,1.791044776119403,987,993,18,0,975,957,45168,12,0,0,12,36
2020-10-30,US,Pennsylvania,Indiana,1170,17,0,40.65241041,-79.08963285,42063.0,1391.6477347067428,1.4529914529914532,1153,1138,17,0,1121,1109,84501,32,0,0,32,29
2020-10-30,US,Pennsylvania,Jefferson,202,4,0,41.12913106,-78.9986361,42065.0,465.16983304548063,1.98019801980198,198,197,4,0,193,187,43641,5,0,0,5,10
2020-10-30,US,Pennsylvania,Juniata,243,8,0,40.53358749,-77.39975129999998,42067.0,981.3027500706697,3.2921810699588483,235,241,8,0,233,237,24704,2,0,0,2,4
2020-10-30,US,Pennsylvania,Lackawanna,3817,219,0,41.43564672,-75.60379201,42069.0,1820.4450718734802,5.737490175530522,3598,3780,218,0,3562,3746,210793,37,1,0,36,34
2020-10-30,US,Pennsylvania,Lancaster,9764,479,0,40.03904563,-76.24770128,42071.0,1789.1828103583496,4.905776321179844,9285,9647,477,0,9170,9573,543557,117,2,0,115,74
2020-10-30,US,Pennsylvania,Lawrence,914,34,0,40.99206278,-80.33393706,42073.0,1068.8558330994479,3.7199124726477013,880,903,34,0,869,879,86184,11,0,0,11,24
2020-10-30,US,Pennsylvania,Lebanon,3132,67,0,40.36680311,-76.45651841,42075.0,2208.853751595636,2.1392081736909323,3065,3057,67,0,2990,3038,141314,75,0,0,75,19
2020-10-30,US,Pennsylvania,Lehigh,6698,366,0,40.6154815,-75.59435245,42077.0,1813.6132005480367,5.464317706778144,6332,6643,365,0,6278,6593,368100,55,1,0,54,50
2020-10-30,US,Pennsylvania,Luzerne,5467,203,0,41.17823008,-75.98447579,42079.0,1722.340013294814,3.7131882202304736,5264,5412,199,0,5213,5337,317646,55,4,0,51,75
2020-10-30,US,Pennsylvania,Lycoming,988,32,0,41.34310539,-77.06629984,42081.0,872.0288793369756,3.238866396761133,956,979,32,0,947,968,113664,9,0,0,9,11
2020-10-30,US,Pennsylvania,McKean,157,2,0,41.80938602,-78.56478358,42083.0,386.46153846153845,1.2738853503184713,155,148,2,0,146,136,40968,9,0,0,9,12
2020-10-30,US,Pennsylvania,Mercer,1101,27,0,41.30248872,-80.25816981,42085.0,1006.1778037724814,2.4523160762942777,1074,1073,27,0,1046,1052,110683,28,0,0,28,21
2020-10-30,US,Pennsylvania,Mifflin,426,3,0,40.61116939,-77.61070738,42087.0,923.3170055052237,0.7042253521126759,423,411,3,0,408,396,46222,15,0,0,15,15
2020-10-30,US,Pennsylvania,Monroe,2042,135,0,41.05934058,-75.34031025,42089.0,1199.2647015639775,6.611165523996083,1907,2029,135,0,1894,2020,169507,13,0,0,13,9
2020-10-30,US,Pennsylvania,Montgomery,14157,895,0,40.21053671,-75.36652296,42091.0,1703.7843822773689,6.321960867415413,13262,14008,895,0,13113,13885,828604,149,0,0,149,123
2020-10-30,US,Pennsylvania,Montour,306,11,0,41.03023987,-76.66345939,42093.0,1678.5518376302798,3.594771241830065,295,300,11,0,289,297,18240,6,0,0,6,3
2020-10-30,US,Pennsylvania,Northampton,5481,313,0,40.75182733,-75.30471829,42095.0,1795.3715380709828,5.710636745119504,5168,5439,312,0,5127,5393,304807,42,1,0,41,46
2020-10-30,US,Pennsylvania,Northumberland,1571,112,0,40.84785433,-76.70798222,42097.0,1729.357242715454,7.129217059197964,1459,1549,112,0,1437,1527,91083,22,0,0,22,22
2020-10-30,US,Pennsylvania,Perry,370,6,0,40.40206612,-77.26297447,42099.0,799.6196403872752,1.6216216216216215,364,363,6,0,357,360,46139,7,0,0,7,3
2020-10-30,US,Pennsylvania,Philadelphia,44505,1875,0,40.00338507,-75.1379271,42101.0,2809.545573916205,4.213009774182676,42630,44139,1868,0,42271,43740,1584138,366,7,0,359,399
2020-10-30,US,Pennsylvania,Pike,629,23,0,41.33155042,-75.03208106,42103.0,1127.0583597627624,3.656597774244833,606,624,23,0,601,622,55933,5,0,0,5,2
2020-10-30,US,Pennsylvania,Potter,58,1,0,41.74471626,-77.89559864,42105.0,350.96212029529227,1.7241379310344829,57,55,1,0,54,54,16622,3,0,0,3,1
2020-10-30,US,Pennsylvania,Schuylkill,2110,94,0,40.70497338,-76.2150785,42107.0,1492.653456801477,4.454976303317536,2016,2072,91,0,1981,2015,142067,38,3,0,35,57
2020-10-30,US,Pennsylvania,Snyder,501,18,0,40.77129231,-77.06840691,42109.0,1240.9590805508772,3.5928143712574854,483,491,17,0,474,484,40540,10,1,0,9,7
2020-10-30,US,Pennsylvania,Somerset,449,3,0,39.97172723,-79.02699593,42111.0,611.3251732541833,0.6681514476614699,446,434,3,0,431,420,73952,15,0,0,15,14
2020-10-30,US,Pennsylvania,Sullivan,20,1,0,41.44634738,-76.51246591,42113.0,329.7065611605671,5.0,19,19,1,0,18,19,6071,1,0,0,1,0
2020-10-30,US,Pennsylvania,Susquehanna,413,28,0,41.82147784,-75.80071959,42115.0,1024.1023606427295,6.779661016949151,385,408,28,0,380,406,40589,5,0,0,5,2
2020-10-30,US,Pennsylvania,Tioga,230,3,0,41.77255149,-77.25433032,42117.0,566.6280702618807,1.3043478260869563,227,215,3,0,212,213,40763,15,0,0,15,2
2020-10-30,US,Pennsylvania,Union,714,11,0,40.96188846,-77.05996014,42119.0,1589.3862831956906,1.5406162464985995,703,705,11,0,694,702,44785,9,0,0,9,3
2020-10-30,US,Pennsylvania,Venango,279,1,0,41.40323442,-79.75845449,42121.0,550.6434041209442,0.35842293906810035,278,268,1,0,267,260,51266,11,0,0,11,8
2020-10-30,US,Pennsylvania,Warren,71,1,0,41.81304978,-79.26969577,42123.0,181.1640427649205,1.4084507042253518,70,66,1,0,65,66,39498,5,0,0,5,0
2020-10-30,US,Pennsylvania,Washington,2098,35,0,40.19208869,-80.24582867,42125.0,1014.1879970028764,1.6682554814108674,2063,2024,35,0,1989,1986,207346,74,0,0,74,38
2020-10-30,US,Pennsylvania,Wayne,291,12,0,41.64938475,-75.29956506,42127.0,566.5777535484123,4.123711340206185,279,289,12,0,277,285,51276,2,0,0,2,4
2020-10-30,US,Pennsylvania,Westmoreland,4402,101,0,40.31377979999999,-79.46615476,42129.0,1261.6831805192908,2.2944116310767835,4301,4334,99,0,4235,4260,350611,68,2,0,66,74
2020-10-30,US,Pennsylvania,Wyoming,144,8,0,41.51955538,-76.01074915,42131.0,537.4337538254833,5.5555555555555545,136,141,8,0,133,130,27046,3,0,0,3,11
2020-10-30,US,Pennsylvania,York,6630,207,0,39.9210089,-76.73040131,42133.0,1476.423980866614,3.122171945701357,6423,6545,205,0,6340,6484,448273,85,2,0,83,61
2020-10-30,US,Puerto Rico,Adjuntas,192,0,0,18.180117000000006,-66.754367,72001.0,985.4745162449317,0.0,192,191,0,0,191,180,,1,0,0,1,11
2020-10-30,US,Puerto Rico,Aguada,451,0,0,18.360255,-67.17513100000001,72003.0,1074.8587907242784,0.0,451,443,0,0,443,438,,8,0,0,8,5
2020-10-30,US,Puerto Rico,Aguadilla,608,0,0,18.459681,-67.12081500000001,72005.0,997.5553331473856,0.0,608,590,0,0,590,581,,18,0,0,18,9
2020-10-30,US,Puerto Rico,Aguas Buenas,385,0,0,18.251619,-66.126806,72007.0,1343.3825325377718,0.0,385,379,0,0,379,371,,6,0,0,6,8
2020-10-30,US,Puerto Rico,Aibonito,219,0,0,18.131361,-66.264131,72009.0,845.5598455598456,0.0,219,216,0,0,216,212,,3,0,0,3,4
2020-10-30,US,Puerto Rico,Anasco,300,0,0,18.287985,-67.120611,72011.0,1025.2554594853218,0.0,300,287,0,0,287,279,,13,0,0,13,8
2020-10-30,US,Puerto Rico,Arecibo,1107,0,0,18.406631,-66.675077,72013.0,1147.8639568643714,0.0,1107,1099,0,0,1099,1083,,8,0,0,8,16
2020-10-30,US,Puerto Rico,Arroyo,205,0,0,17.998457000000005,-66.056546,72015.0,1047.2541507024266,0.0,205,202,0,0,202,201,,3,0,0,3,1
2020-10-30,US,Puerto Rico,Barceloneta,322,0,0,18.445532999999998,-66.56053100000001,72017.0,1297.5499677627338,0.0,322,320,0,0,320,314,,2,0,0,2,6
2020-10-30,US,Puerto Rico,Barranquitas,634,0,0,18.201592,-66.30963,72019.0,2091.166963520021,0.0,634,624,0,0,624,606,,10,0,0,10,18
2020-10-30,US,Puerto Rico,Bayamon,5015,0,0,18.34946,-66.168435,72021.0,2409.713813450191,0.0,5015,4934,0,0,4934,4857,,81,0,0,81,77
2020-10-30,US,Puerto Rico,Cabo Rojo,527,0,0,18.040993,-67.154391,72023.0,1035.0177740243928,0.0,527,522,0,0,522,513,,5,0,0,5,9
2020-10-30,US,Puerto Rico,Caguas,2247,0,0,18.211615,-66.050779,72025.0,1572.5053011694065,0.0,2247,2219,0,0,2219,2190,,28,0,0,28,29
2020-10-30,US,Puerto Rico,Camuy,388,0,0,18.418578,-66.860206,72027.0,1103.5581216758155,0.0,388,380,0,0,380,375,,8,0,0,8,5
2020-10-30,US,Puerto Rico,Canovanas,946,0,0,18.328802,-65.887612,72029.0,1985.392881128274,0.0,946,942,0,0,942,932,,4,0,0,4,10
2020-10-30,US,Puerto Rico,Carolina,4120,0,0,18.374986,-65.95683100000001,72031.0,2330.8177096887343,0.0,4120,4068,0,0,4068,4010,,52,0,0,52,58
2020-10-30,US,Puerto Rico,Catano,615,0,0,18.437269,-66.14330600000001,72033.0,2185.501066098081,0.0,615,605,0,0,605,599,,10,0,0,10,6
2020-10-30,US,Puerto Rico,Cayey,524,0,0,18.102851,-66.14914,72035.0,1088.9669361374924,0.0,524,510,0,0,510,497,,14,0,0,14,13
2020-10-30,US,Puerto Rico,Ceiba,199,0,0,18.251818,-65.666416,72037.0,1459.907563641699,0.0,199,198,0,0,198,196,,1,0,0,1,2
2020-10-30,US,Puerto Rico,Ciales,349,0,0,18.28885,-66.516475,72039.0,1858.1620700670856,0.0,349,344,0,0,344,334,,5,0,0,5,10
2020-10-30,US,Puerto Rico,Cidra,448,0,0,18.173559,-66.161179,72041.0,1030.358785648574,0.0,448,438,0,0,438,425,,10,0,0,10,13
2020-10-30,US,Puerto Rico,Coamo,427,0,0,18.097597,-66.36014,72043.0,1054.0086887835705,0.0,427,415,0,0,415,393,,12,0,0,12,22
2020-10-30,US,Puerto Rico,Comerio,293,0,0,18.224687,-66.221622,72045.0,1410.1453460390799,0.0,293,292,0,0,292,287,,1,0,0,1,5
2020-10-30,US,Puerto Rico,Corozal,905,0,0,18.304264,-66.327738,72047.0,2436.594690646707,0.0,905,886,0,0,886,873,,19,0,0,19,13
2020-10-30,US,Puerto Rico,Culebra,23,0,0,18.31586,-65.28813000000001,72049.0,1265.1265126512649,0.0,23,23,0,0,23,23,,0,0,0,0,0
2020-10-30,US,Puerto Rico,Dorado,1139,0,0,18.436115,-66.278669,72051.0,2984.4097995545667,0.0,1139,1117,0,0,1117,1102,,22,0,0,22,15
2020-10-30,US,Puerto Rico,Fajardo,750,0,0,18.318373,-65.666866,72053.0,2027.4105911929285,0.0,750,735,0,0,735,722,,15,0,0,15,13
2020-10-30,US,Puerto Rico,Florida,398,0,0,18.373715,-66.560488,72054.0,3138.8012618296525,0.0,398,394,0,0,394,387,,4,0,0,4,7
2020-10-30,US,Puerto Rico,Guanica,166,0,0,17.982429,-66.91964300000001,72055.0,854.4808771297678,0.0,166,161,0,0,161,156,,5,0,0,5,5
2020-10-30,US,Puerto Rico,Guayama,386,0,0,18.007516,-66.13390799999999,72057.0,850.9324985670828,0.0,386,384,0,0,384,380,,2,0,0,2,4
2020-10-30,US,Puerto Rico,Guayanilla,259,0,0,18.039942,-66.79186,72059.0,1200.1297437560818,0.0,259,256,0,0,256,250,,3,0,0,3,6
2020-10-30,US,Puerto Rico,Guaynabo,2346,0,0,18.345114000000002,-66.11452299999999,72061.0,2395.7354683223725,0.0,2346,2311,0,0,2311,2262,,35,0,0,35,49
2020-10-30,US,Puerto Rico,Gurabo,787,0,0,18.266461,-65.97970500000001,72063.0,1734.6646388503166,0.0,787,774,0,0,774,760,,13,0,0,13,14
2020-10-30,US,Puerto Rico,Hatillo,444,0,0,18.410928,-66.79632600000001,72065.0,1058.3271756489405,0.0,444,440,0,0,440,419,,4,0,0,4,21
2020-10-30,US,Puerto Rico,Hormigueros,222,0,0,18.134532,-67.113972,72067.0,1286.9565217391305,0.0,222,221,0,0,221,218,,1,0,0,1,3
2020-10-30,US,Puerto Rico,Humacao,808,0,0,18.145211,-65.810174,72069.0,1381.9997947525055,0.0,808,798,0,0,798,779,,10,0,0,10,19
2020-10-30,US,Puerto Rico,Isabela,394,0,0,18.44981,-67.005093,72071.0,863.4480944971623,0.0,394,380,0,0,380,369,,14,0,0,14,11
2020-10-30,US,Puerto Rico,Jayuya,290,0,0,18.211446,-66.58878,72073.0,1742.5790169450788,0.0,290,288,0,0,288,284,,2,0,0,2,4
2020-10-30,US,Puerto Rico,Juana Diaz,458,0,0,18.050764,-66.49458100000001,72075.0,573.2380439816263,0.0,458,457,0,0,457,449,,1,0,0,1,8
2020-10-30,US,Puerto Rico,Juncos,603,0,0,18.223793,-65.909109,72077.0,1496.6492926284436,0.0,603,594,0,0,594,578,,9,0,0,9,16
2020-10-30,US,Puerto Rico,Lajas,219,0,0,18.011661,-67.040585,72079.0,850.3863627538541,0.0,219,219,0,0,219,217,,0,0,0,0,2
2020-10-30,US,Puerto Rico,Lares,453,0,0,18.269035000000002,-66.867236,72081.0,1473.0270217539753,0.0,453,449,0,0,449,438,,4,0,0,4,11
2020-10-30,US,Puerto Rico,Las Marias,130,0,0,18.23679,-66.98362,72083.0,1315.656310090072,0.0,130,128,0,0,128,125,,2,0,0,2,3
2020-10-30,US,Puerto Rico,Las Piedras,702,0,0,18.187527,-65.86946800000001,72085.0,1815.1260504201682,0.0,702,693,0,0,693,688,,9,0,0,9,5
2020-10-30,US,Puerto Rico,Loiza,383,0,0,18.425688,-65.89943000000001,72087.0,1274.1184298070525,0.0,383,379,0,0,379,375,,4,0,0,4,4
2020-10-30,US,Puerto Rico,Luquillo,332,0,0,18.342114000000002,-65.72509699999999,72089.0,1654.3751245764402,0.0,332,330,0,0,330,324,,2,0,0,2,6
2020-10-30,US,Puerto Rico,Manati,765,0,0,18.420473,-66.490461,72091.0,1734.1826672409495,0.0,765,749,0,0,749,727,,16,0,0,16,22
2020-10-30,US,Puerto Rico,Maricao,96,0,0,18.171795,-66.942126,72093.0,1529.6367112810708,0.0,96,95,0,0,95,95,,1,0,0,1,0
2020-10-30,US,Puerto Rico,Maunabo,176,0,0,18.017889,-65.922235,72095.0,1439.6728016359918,0.0,176,176,0,0,176,175,,0,0,0,0,1
2020-10-30,US,Puerto Rico,Mayaguez,1015,0,0,18.2013,-67.1452,72097.0,1139.425235743152,0.0,1015,1009,0,0,1009,997,,6,0,0,6,12
2020-10-30,US,Puerto Rico,Moca,473,0,0,18.377805,-67.080952,72099.0,1179.286444438904,0.0,473,457,0,0,457,449,,16,0,0,16,8
2020-10-30,US,Puerto Rico,Morovis,615,0,0,18.316963,-66.420383,72101.0,1885.9245630174798,0.0,615,613,0,0,613,605,,2,0,0,2,8
2020-10-30,US,Puerto Rico,Naguabo,391,0,0,18.230636999999998,-65.753897,72103.0,1463.3233532934134,0.0,391,386,0,0,386,375,,5,0,0,5,11
2020-10-30,US,Puerto Rico,Naranjito,846,0,0,18.288019,-66.252703,72105.0,2782.711663706335,0.0,846,829,0,0,829,813,,17,0,0,17,16
2020-10-30,US,Puerto Rico,Orocovis,438,0,0,18.215046,-66.433604,72107.0,1869.9568799897531,0.0,438,434,0,0,434,420,,4,0,0,4,14
2020-10-30,US,Puerto Rico,Out of PR,804,0,0,0.0,0.0,72888.0,0.0,0.0,804,804,0,0,804,804,,0,0,0,0,0
2020-10-30,US,Puerto Rico,Patillas,205,0,0,18.03174,-66.012242,72109.0,1063.4434818695854,0.0,205,202,0,0,202,200,,3,0,0,3,2
2020-10-30,US,Puerto Rico,Penuelas,155,0,0,18.059645,-66.721572,72111.0,638.332921505642,0.0,155,155,0,0,155,154,,0,0,0,0,1
2020-10-30,US,Puerto Rico,Ponce,1262,0,0,18.059498,-66.613748,72113.0,758.7463250103713,0.0,1262,1252,0,0,1252,1231,,10,0,0,10,21
2020-10-30,US,Puerto Rico,Quebradillas,275,0,0,18.439692,-66.926113,72115.0,1060.997723677611,0.0,275,273,0,0,273,271,,2,0,0,2,2
2020-10-30,US,Puerto Rico,Rincon,243,0,0,18.335442999999998,-67.23174,72117.0,1598.6842105263156,0.0,243,241,0,0,241,236,,2,0,0,2,5
2020-10-30,US,Puerto Rico,Rio Grande,868,0,0,18.346329,-65.813742,72119.0,1598.4089569829114,0.0,868,862,0,0,862,847,,6,0,0,6,15
2020-10-30,US,Puerto Rico,Sabana Grande,241,0,0,18.08282,-66.943758,72121.0,953.888778943202,0.0,241,240,0,0,240,238,,1,0,0,1,2
2020-10-30,US,Puerto Rico,Salinas,553,0,0,18.010386999999994,-66.256592,72123.0,1779.3937833837442,0.0,553,546,0,0,546,545,,7,0,0,7,1
2020-10-30,US,Puerto Rico,San German,328,0,0,18.111484,-67.03858100000001,72125.0,923.2414783122696,0.0,328,319,0,0,319,315,,9,0,0,9,4
2020-10-30,US,Puerto Rico,San Juan,10552,0,0,18.386933,-66.061128,72127.0,2669.189479062849,0.0,10552,10415,0,0,10415,10234,,137,0,0,137,181
2020-10-30,US,Puerto Rico,San Lorenzo,732,0,0,18.147987,-65.976392,72129.0,1782.8437819669737,0.0,732,731,0,0,731,718,,1,0,0,1,13
2020-10-30,US,Puerto Rico,San Sebastian,761,0,0,18.328646,-66.971214,72131.0,1793.5423049728963,0.0,761,747,0,0,747,727,,14,0,0,14,20
2020-10-30,US,Puerto Rico,Santa Isabel,255,0,0,17.994525,-66.388913,72133.0,1095.6432070121166,0.0,255,250,0,0,250,232,,5,0,0,5,18
2020-10-30,US,Puerto Rico,Toa Alta,1766,0,0,18.362406,-66.246616,72135.0,2384.35989522858,0.0,1766,1725,0,0,1725,1701,,41,0,0,41,24
2020-10-30,US,Puerto Rico,Toa Baja,2009,0,0,18.431445999999998,-66.213553,72137.0,2241.9623028936826,0.0,2009,1976,0,0,1976,1933,,33,0,0,33,43
2020-10-30,US,Puerto Rico,Trujillo Alto,1606,0,0,18.336159,-65.99888399999999,72139.0,2145.8539322840115,0.0,1606,1572,0,0,1572,1532,,34,0,0,34,40
2020-10-30,US,Puerto Rico,Unassigned,1285,820,0,0.0,0.0,72999.0,0.0,63.81322957198444,465,1248,814,0,434,1160,,37,6,0,31,88
2020-10-30,US,Puerto Rico,Utuado,266,0,0,18.271214,-66.702984,72141.0,802.4374792603095,0.0,266,259,0,0,259,248,,7,0,0,7,11
2020-10-30,US,Puerto Rico,Vega Alta,986,0,0,18.409346,-66.33725,72143.0,2468.0233285775075,0.0,986,977,0,0,977,974,,9,0,0,9,3
2020-10-30,US,Puerto Rico,Vega Baja,1240,0,0,18.428262,-66.397924,72145.0,2078.374844959941,0.0,1240,1225,0,0,1225,1214,,15,0,0,15,11
2020-10-30,US,Puerto Rico,Vieques,104,0,0,18.123276,-65.44097099999999,72147.0,1118.159337705623,0.0,104,104,0,0,104,104,,0,0,0,0,0
2020-10-30,US,Puerto Rico,Villalba,247,0,0,18.127951,-66.473115,72149.0,947.340160319104,0.0,247,240,0,0,240,230,,7,0,0,7,10
2020-10-30,US,Puerto Rico,Yabucoa,486,0,0,18.070399,-65.896289,72151.0,1280.9361904008854,0.0,486,484,0,0,484,473,,2,0,0,2,11
2020-10-30,US,Puerto Rico,Yauco,581,0,0,18.080374,-66.858814,72153.0,1381.918511999619,0.0,581,568,0,0,568,559,,13,0,0,13,9
2020-10-30,US,Rhode Island,Bristol,558,19,0,41.71018079,-71.28652315,44001.0,1151.0138410445759,3.4050179211469533,539,558,19,0,539,558,48649,0,0,0,0,0
2020-10-30,US,Rhode Island,Kent,2566,121,0,41.67106337,-71.57641596,44003.0,1561.8532856134198,4.715510522213561,2445,2566,121,0,2445,2566,163861,0,0,0,0,0
2020-10-30,US,Rhode Island,Newport,678,10,0,41.5642026,-71.26569799,44005.0,826.0032650276552,1.4749262536873156,668,678,10,0,668,678,82542,0,0,0,0,0
2020-10-30,US,Rhode Island,Providence,23320,951,0,41.87064746,-71.57753536,44007.0,3649.8463840383392,4.078044596912521,22369,23320,951,0,22369,23320,636084,0,0,0,0,0
2020-10-30,US,Rhode Island,Unassigned,4417,22,0,0.0,0.0,90044.0,0.0,0.49807561693457103,4395,3855,16,0,3839,3487,,562,6,0,556,368
2020-10-30,US,Rhode Island,Washington,1335,78,0,41.45961631,-71.61435303,44009.0,1063.0927638022886,5.842696629213482,1257,1335,78,0,1257,1335,126179,0,0,0,0,0
2020-10-30,US,South Carolina,Abbeville,789,17,0,34.22333378,-82.46170658,45001.0,3216.8630488849017,2.1546261089987326,772,779,17,0,762,768,24541,10,0,0,10,11
2020-10-30,US,South Carolina,Aiken,5075,87,0,33.54338026,-81.63645384,45003.0,2970.0594597125328,1.7142857142857142,4988,5051,87,0,4964,5016,169401,24,0,0,24,35
2020-10-30,US,South Carolina,Allendale,425,7,0,32.98837386,-81.35321066,45005.0,4891.804788213628,1.6470588235294117,418,425,7,0,418,425,8903,0,0,0,0,0
2020-10-30,US,South Carolina,Anderson,5901,206,0,34.51828081,-82.63959517,45007.0,2913.2396646886323,3.4909337400440603,5695,5840,205,0,5635,5760,200482,61,1,0,60,80
2020-10-30,US,South Carolina,Bamberg,695,34,0,33.21927586,-81.05659969,45009.0,4940.992464097824,4.892086330935252,661,695,34,0,661,696,14275,0,0,0,0,-1
2020-10-30,US,South Carolina,Barnwell,877,25,0,33.26679302,-81.43584352,45011.0,4203.0096808204735,2.8506271379703536,852,875,25,0,850,873,21112,2,0,0,2,2
2020-10-30,US,South Carolina,Beaufort,6174,93,0,32.39226291,-80.72619758,45013.0,3213.583035779349,1.5063168124392614,6081,6163,93,0,6070,6148,188715,11,0,0,11,15
2020-10-30,US,South Carolina,Berkeley,6182,94,0,33.20222596,-79.94654523,45015.0,2712.509927294905,1.5205435134260756,6088,6170,94,0,6076,6128,221091,12,0,0,12,42
2020-10-30,US,South Carolina,Calhoun,516,18,0,33.66926881,-80.77722168,45017.0,3545.6606885178307,3.4883720930232562,498,515,18,0,497,516,14520,1,0,0,1,-1
2020-10-30,US,South Carolina,Charleston,17313,278,0,32.82487866,-79.96512315,45019.0,4208.251702697578,1.6057297984173742,17035,17259,278,0,16981,17181,405905,54,0,0,54,78
2020-10-30,US,South Carolina,Cherokee,1536,52,0,35.05122251,-81.61828622,45021.0,2680.6282722513088,3.3854166666666665,1484,1531,52,0,1479,1507,57078,5,0,0,5,24
2020-10-30,US,South Carolina,Chester,1250,28,0,34.69249168,-81.1583216,45023.0,3876.690236943307,2.24,1222,1245,27,0,1218,1241,32251,5,1,0,4,4
2020-10-30,US,South Carolina,Chesterfield,1495,46,0,34.64137396,-80.15640140000002,45025.0,3274.917853231106,3.0769230769230766,1449,1491,46,0,1445,1484,45754,4,0,0,4,7
2020-10-30,US,South Carolina,Clarendon,1182,68,0,33.66610974,-80.21647898,45027.0,3502.7411468365685,5.75296108291032,1114,1177,68,0,1109,1177,33700,5,0,0,5,0
2020-10-30,US,South Carolina,Colleton,1278,49,0,32.87582989,-80.67641292,45029.0,3391.989808105741,3.834115805946792,1229,1270,49,0,1221,1259,37660,8,0,0,8,11
2020-10-30,US,South Carolina,Darlington,2524,67,0,34.33358335,-79.96027485,45031.0,3788.765799033294,2.654516640253566,2457,2517,67,0,2450,2503,66802,7,0,0,7,14
2020-10-30,US,South Carolina,Dillon,1312,48,0,34.39007791,-79.37741872,45033.0,4304.603169395321,3.6585365853658534,1264,1310,48,0,1262,1305,30599,2,0,0,2,5
2020-10-30,US,South Carolina,Dorchester,4860,100,0,33.0794369,-80.40502652,45035.0,2985.0929616913068,2.05761316872428,4760,4848,100,0,4748,4818,160647,12,0,0,12,30
2020-10-30,US,South Carolina,Edgefield,929,22,0,33.77221995,-81.96231108,45037.0,3407.923697725605,2.3681377825618943,907,924,22,0,902,920,27052,5,0,0,5,4
2020-10-30,US,South Carolina,Fairfield,869,40,0,34.39287073,-81.1195624,45039.0,3888.665145209648,4.602991944764097,829,868,40,0,828,870,22402,1,0,0,1,-2
2020-10-30,US,South Carolina,Florence,5658,202,0,34.02361754,-79.70189312,45041.0,4091.3133708864502,3.5701661364439734,5456,5639,202,0,5437,5631,138159,19,0,0,19,8
2020-10-30,US,South Carolina,Georgetown,2373,55,0,33.43443342,-79.33202141,45043.0,3785.8966177409056,2.317741255794353,2318,2358,55,0,2303,2346,62249,15,0,0,15,12
2020-10-30,US,South Carolina,Greenville,17894,350,0,34.89502264,-82.37295012,45045.0,3417.8728736185444,1.9559628925896948,17544,17739,350,0,17389,17606,514213,155,0,0,155,133
2020-10-30,US,South Carolina,Greenwood,2584,76,0,34.15272415,-82.12715789,45047.0,3649.150555704622,2.9411764705882355,2508,2563,76,0,2487,2543,70741,21,0,0,21,20
2020-10-30,US,South Carolina,Hampton,767,31,0,32.77419582,-81.13845571,45049.0,3990.2195401102895,4.041720990873533,736,765,31,0,734,765,19351,2,0,0,2,0
2020-10-30,US,South Carolina,Horry,12552,232,0,33.9212828,-78.99555293,45051.0,3544.9515788760204,1.8483110261312936,12320,12510,231,0,12279,12463,344147,42,1,0,41,47
2020-10-30,US,South Carolina,Jasper,932,23,0,32.43171982,-81.02487495,45053.0,3099.1254613773162,2.467811158798283,909,929,23,0,906,923,28971,3,0,0,3,6
2020-10-30,US,South Carolina,Kershaw,2514,46,0,34.33988254,-80.58763164,45055.0,3777.55405628766,1.8297533810660305,2468,2484,46,0,2438,2467,65592,30,0,0,30,17
2020-10-30,US,South Carolina,Lancaster,2610,62,0,34.68270843,-80.70513032,45057.0,2662.939231930784,2.3754789272030647,2548,2599,62,0,2537,2580,95380,11,0,0,11,19
2020-10-30,US,South Carolina,Laurens,1952,62,0,34.48244419,-82.00490796,45059.0,2892.1517787029775,3.1762295081967213,1890,1937,61,0,1876,1917,66994,15,1,0,14,20
2020-10-30,US,South Carolina,Lee,789,36,0,34.16393091,-80.25690731,45061.0,4688.614214404563,4.56273764258555,753,791,36,0,755,786,17142,-2,0,0,-2,5
2020-10-30,US,South Carolina,Lexington,9096,209,0,33.89665987,-81.27146426,45063.0,3044.6861924686186,2.297713280562885,8887,9017,209,0,8808,8949,295032,79,0,0,79,68
2020-10-30,US,South Carolina,Marion,1164,41,0,34.07859748,-79.36400756,45067.0,3796.8490067521284,3.52233676975945,1123,1163,41,0,1122,1158,31039,1,0,0,1,5
2020-10-30,US,South Carolina,Marlboro,1143,13,0,34.59905577,-79.67561152,45069.0,4376.292212267402,1.1373578302712162,1130,1142,13,0,1129,1136,26398,1,0,0,1,6
2020-10-30,US,South Carolina,McCormick,278,7,0,33.90161443,-82.30794338,45065.0,2937.757582162105,2.5179856115107917,271,277,7,0,270,274,9410,1,0,0,1,3
2020-10-30,US,South Carolina,Newberry,1658,52,0,34.28629098,-81.59935761,45071.0,4313.21540062435,3.1363088057901085,1606,1641,52,0,1589,1636,38520,17,0,0,17,5
2020-10-30,US,South Carolina,Oconee,2502,34,0,34.75225169,-83.06742317,45073.0,3145.3498604581,1.3589128697042363,2468,2484,34,0,2450,2448,78374,18,0,0,18,36
2020-10-30,US,South Carolina,Orangeburg,3367,131,0,33.4391073,-80.79886287,45075.0,3907.1656512909776,3.890703890703891,3236,3363,131,0,3232,3358,86934,4,0,0,4,5
2020-10-30,US,South Carolina,Pickens,4568,65,0,34.88807695,-82.72791551,45077.0,3600.13870937234,1.4229422066549913,4503,4509,64,0,4445,4448,124937,59,1,0,58,61
2020-10-30,US,South Carolina,Richland,17455,271,0,34.01791263,-80.90267209,45079.0,4198.34567622108,1.5525637353193926,17184,17333,271,0,17062,17241,414576,122,0,0,122,92
2020-10-30,US,South Carolina,Saluda,729,24,0,34.00795823,-81.72713237,45081.0,3560.787378498511,3.2921810699588483,705,727,24,0,703,723,20544,2,0,0,2,4
2020-10-30,US,South Carolina,Spartanburg,9189,234,0,34.92960077,-81.99225984,45083.0,2873.4931281955064,2.5465230166503434,8955,9103,232,0,8871,9014,313888,86,2,0,84,89
2020-10-30,US,South Carolina,Sumter,3593,89,0,33.91826534,-80.37942316,45085.0,3366.722575688009,2.4770386863345397,3504,3575,89,0,3486,3556,106512,18,0,0,18,19
2020-10-30,US,South Carolina,Union,770,18,0,34.68835752,-81.61730349,45087.0,2818.860740957681,2.3376623376623376,752,759,18,0,741,752,27410,11,0,0,11,7
2020-10-30,US,South Carolina,Williamsburg,1456,50,0,33.62190129,-79.72767442,45089.0,4794.520547945205,3.434065934065934,1406,1454,50,0,1404,1461,30606,2,0,0,2,-7
2020-10-30,US,South Carolina,York,6819,104,0,34.97281497,-81.18085944,45091.0,2426.871759099435,1.5251503152954982,6715,6777,104,0,6673,6715,274118,42,0,0,42,62
2020-10-30,US,South Dakota,Aurora,188,0,0,43.71757685,-98.56050467,46003.0,6833.878589603781,0.0,188,180,0,0,180,176,2801,8,0,0,8,4
2020-10-30,US,South Dakota,Beadle,1324,15,0,44.41464384,-98.27858469,46005.0,7174.985097274157,1.1329305135951662,1309,1290,14,0,1276,1240,18883,34,1,0,33,50
2020-10-30,US,South Dakota,Bennett,204,5,0,43.19486375,-101.6665572,46007.0,6062.407132243687,2.4509803921568634,199,187,5,0,182,183,3468,17,0,0,17,4
2020-10-30,US,South Dakota,Bon Homme,969,1,0,42.98914167,-97.88592746,46009.0,14041.443269091436,0.10319917440660474,968,950,1,0,949,920,6980,19,0,0,19,30
2020-10-30,US,South Dakota,Brookings,1492,5,0,44.36974375,-96.79079945,46011.0,4253.499444080167,0.3351206434316354,1487,1466,5,0,1461,1426,35232,26,0,0,26,40
2020-10-30,US,South Dakota,Brown,2095,6,0,45.58994323,-98.35165355,46013.0,5394.062668966761,0.2863961813842482,2089,2033,5,0,2028,2014,39316,62,1,0,61,19
2020-10-30,US,South Dakota,Brule,298,2,0,43.71756379,-99.08118954,46015.0,5625.825939210874,0.6711409395973155,296,292,2,0,290,282,5229,6,0,0,6,10
2020-10-30,US,South Dakota,Buffalo,261,4,0,44.07657829,-99.20814467,46017.0,13302.752293577982,1.5325670498084292,257,254,4,0,250,249,2036,7,0,0,7,5
2020-10-30,US,South Dakota,Butte,396,3,0,44.90608745,-103.5079318,46019.0,3797.1042285933454,0.7575757575757576,393,368,3,0,365,355,10222,28,0,0,28,13
2020-10-30,US,South Dakota,Campbell,75,1,0,45.77074915,-100.0510181,46021.0,5450.581395348837,1.3333333333333333,74,75,1,0,74,74,1377,0,0,0,0,1
2020-10-30,US,South Dakota,Charles Mix,410,0,0,43.20660134,-98.58856175,46023.0,4412.397761515282,0.0,410,398,0,0,398,391,9338,12,0,0,12,7
2020-10-30,US,South Dakota,Clark,131,0,0,44.85834507,-97.72925109,46025.0,3506.4239828693794,0.0,131,118,0,0,118,114,3739,13,0,0,13,4
2020-10-30,US,South Dakota,Clay,852,8,0,42.91296147,-96.97656917,46027.0,6055.437100213219,0.9389671361502347,844,829,8,0,821,817,14041,23,0,0,23,12
2020-10-30,US,South Dakota,Codington,1560,15,0,44.97788119,-97.18827677,46029.0,5569.6383305366135,0.9615384615384616,1545,1502,13,0,1489,1479,28015,58,2,0,56,23
2020-10-30,US,South Dakota,Corson,225,1,0,45.70889983,-101.1970473,46031.0,5506.607929515419,0.4444444444444444,224,206,1,0,205,176,4165,19,0,0,19,30
2020-10-30,US,South Dakota,Custer,324,3,0,43.67741105,-103.45345209999999,46033.0,3611.234953187695,0.925925925925926,321,316,3,0,313,315,8726,8,0,0,8,1
2020-10-30,US,South Dakota,Davison,999,9,0,43.67490933,-98.14458906,46035.0,5051.833122629583,0.9009009009009008,990,957,9,0,948,915,19790,42,0,0,42,42
2020-10-30,US,South Dakota,Day,167,2,0,45.367281,-97.60737498,46037.0,3078.908554572272,1.1976047904191616,165,160,2,0,158,159,5505,7,0,0,7,1
2020-10-30,US,South Dakota,Deuel,195,1,0,44.75994309,-96.66943645,46039.0,4481.7283383130325,0.5128205128205128,194,189,1,0,188,184,4337,6,0,0,6,5
2020-10-30,US,South Dakota,Dewey,387,0,0,45.15639647,-100.8709139,46041.0,6568.228105906313,0.0,387,330,0,0,330,327,5904,57,0,0,57,3
2020-10-30,US,South Dakota,Douglas,169,4,0,43.38520741,-98.36978007,46043.0,5785.68983224923,2.366863905325444,165,165,4,0,161,165,2935,4,0,0,4,0
2020-10-30,US,South Dakota,Edmunds,147,1,0,45.41846445,-99.21545423,46045.0,3839.1224862888484,0.6802721088435374,146,144,1,0,143,142,3875,3,0,0,3,2
2020-10-30,US,South Dakota,Fall River,224,6,0,43.23929297,-103.5275691,46047.0,3336.809176225235,2.6785714285714284,218,210,6,0,204,203,6758,14,0,0,14,7
2020-10-30,US,South Dakota,Faulk,219,1,0,45.07082625,-99.14535601,46049.0,9525.880817746847,0.45662100456620996,218,218,1,0,217,206,2330,1,0,0,1,12
2020-10-30,US,South Dakota,Grant,310,2,0,45.1723937,-96.77002276,46051.0,4395.9160521837775,0.6451612903225806,308,305,2,0,303,304,7147,5,0,0,5,1
2020-10-30,US,South Dakota,Gregory,240,10,0,43.19419064,-99.18883902,46053.0,5734.767025089604,4.166666666666667,230,233,10,0,223,224,4212,7,0,0,7,9
2020-10-30,US,South Dakota,Haakon,101,1,0,44.29299053,-101.539099,46055.0,5318.588730911006,0.99009900990099,100,98,1,0,97,96,1918,3,0,0,3,2
2020-10-30,US,South Dakota,Hamlin,204,0,0,44.67385954,-97.18829593,46057.0,3309.539260220636,0.0,204,199,0,0,199,198,6111,5,0,0,5,1
2020-10-30,US,South Dakota,Hand,137,1,0,44.54708407,-99.00386459,46059.0,4293.324976496396,0.7299270072992701,136,131,1,0,130,121,3262,6,0,0,6,10
2020-10-30,US,South Dakota,Hanson,99,1,0,43.6746384,-97.78715148,46061.0,2867.0721112076453,1.0101010101010102,98,96,1,0,95,93,3376,3,0,0,3,3
2020-10-30,US,South Dakota,Harding,56,0,0,45.58015551,-103.4958629,46063.0,4314.329738058552,0.0,56,56,0,0,56,52,1249,0,0,0,0,4
2020-10-30,US,South Dakota,Hughes,875,7,0,44.39091534,-99.99661148,46065.0,4992.5824489330125,0.8,868,854,7,0,847,846,17650,21,0,0,21,8
2020-10-30,US,South Dakota,Hutchinson,240,2,0,43.33449012,-97.75536441,46067.0,3291.729529556988,0.8333333333333334,238,239,2,0,237,229,7380,1,0,0,1,10
2020-10-30,US,South Dakota,Hyde,46,0,0,44.54747703,-99.48572582,46069.0,3535.741737125288,0.0,46,44,0,0,44,42,1282,2,0,0,2,2
2020-10-30,US,South Dakota,Jackson,132,1,0,43.69318385,-101.6255063,46071.0,3947.3684210526317,0.7575757575757576,131,126,1,0,125,121,3307,6,0,0,6,5
2020-10-30,US,South Dakota,Jerauld,164,12,0,44.06637798,-98.62965972,46073.0,8147.044212617983,7.317073170731707,152,162,12,0,150,158,2043,2,0,0,2,4
2020-10-30,US,South Dakota,Jones,32,0,0,43.96278565,-100.6940008,46075.0,3543.7430786268,0.0,32,32,0,0,32,32,928,0,0,0,0,0
2020-10-30,US,South Dakota,Kingsbury,201,2,0,44.36956169,-97.4913945,46077.0,4069.649726665317,0.9950248756218906,199,191,2,0,189,186,4919,10,0,0,10,5
2020-10-30,US,South Dakota,Lake,403,9,0,44.02193107,-97.12926365,46079.0,3149.175588028444,2.2332506203473947,394,389,9,0,380,378,13057,14,0,0,14,11
2020-10-30,US,South Dakota,Lawrence,982,6,0,44.35919441,-103.79294279999999,46081.0,3799.721405355208,0.6109979633401222,976,925,6,0,919,896,25741,57,0,0,57,29
2020-10-30,US,South Dakota,Lincoln,2953,20,0,43.27841182,-96.72039050000001,46083.0,4830.846747807877,0.6772773450728073,2933,2830,20,0,2810,2759,58807,123,0,0,123,71
2020-10-30,US,South Dakota,Lyman,283,5,0,43.89522709,-99.85201878,46085.0,7484.792382967469,1.7667844522968197,278,277,5,0,272,267,3821,6,0,0,6,10
2020-10-30,US,South Dakota,Marshall,65,1,0,45.75870838,-97.59855639,46091.0,1317.1225937183385,1.5384615384615383,64,65,1,0,64,64,5112,0,0,0,0,1
2020-10-30,US,South Dakota,McCook,259,1,0,43.6742571,-97.36863144,46087.0,4636.5914786967405,0.3861003861003861,258,250,1,0,249,234,5546,9,0,0,9,16
2020-10-30,US,South Dakota,McPherson,72,0,0,45.76626028,-99.22118798,46089.0,3026.481715006305,0.0,72,72,0,0,72,69,2407,0,0,0,0,3
2020-10-30,US,South Dakota,Meade,995,10,0,44.56676791,-102.71627409999999,46093.0,3511.929973175208,1.0050251256281406,985,962,10,0,952,944,28294,33,0,0,33,18
2020-10-30,US,South Dakota,Mellette,85,1,0,43.58078848,-100.7563186,46095.0,4124.2115477923335,1.1764705882352942,84,83,1,0,82,80,2042,2,0,0,2,3
2020-10-30,US,South Dakota,Miner,143,1,0,44.02197882,-97.60992207,46097.0,6453.0685920577625,0.6993006993006993,142,142,1,0,141,142,2213,1,0,0,1,0
2020-10-30,US,South Dakota,Minnehaha,11904,111,0,43.67441641,-96.7910885,46099.0,6163.596259591786,0.9324596774193548,11793,11495,110,0,11385,11281,192876,409,1,0,408,214
2020-10-30,US,South Dakota,Moody,226,2,0,44.02266214,-96.67081159,46101.0,3436.739659367397,0.8849557522123894,224,219,2,0,217,213,6579,7,0,0,7,6
2020-10-30,US,South Dakota,Oglala Lakota,990,7,0,43.33749164,-102.55554980000001,46102.0,6983.141708400932,0.7070707070707071,983,953,6,0,947,907,14309,37,1,0,36,46
2020-10-30,US,South Dakota,Pennington,4633,49,0,44.0025835,-102.8240777,46103.0,4072.072072072072,1.057630045327002,4584,4466,49,0,4417,4381,111729,167,0,0,167,85
2020-10-30,US,South Dakota,Perkins,81,0,0,45.49049506,-102.47555859999999,46105.0,2827.225130890052,0.0,81,80,0,0,80,78,2922,1,0,0,1,2
2020-10-30,US,South Dakota,Potter,116,0,0,45.06583079,-99.95498503,46107.0,5387.83093358105,0.0,116,107,0,0,107,103,2207,9,0,0,9,4
2020-10-30,US,South Dakota,Roberts,362,5,0,45.62975048,-96.94672673,46109.0,3482.7785260727337,1.3812154696132597,357,348,5,0,343,342,10447,14,0,0,14,6
2020-10-30,US,South Dakota,Sanborn,108,1,0,44.02351092,-98.09098159999999,46111.0,4607.5085324232095,0.925925925925926,107,102,1,0,101,99,2429,6,0,0,6,3
2020-10-30,US,South Dakota,Spink,285,1,0,44.93837606,-98.34626602,46115.0,4469.887076537014,0.3508771929824561,284,278,1,0,277,272,6495,7,0,0,7,6
2020-10-30,US,South Dakota,Stanley,99,0,0,44.41381872,-100.7349153,46117.0,3195.610071013557,0.0,99,92,0,0,92,90,3022,7,0,0,7,2
2020-10-30,US,South Dakota,Sully,43,0,0,44.71571812,-100.1278092,46119.0,3091.3012221423437,0.0,43,41,0,0,41,41,1392,2,0,0,2,0
2020-10-30,US,South Dakota,Todd,486,6,0,43.19338568,-100.71955030000001,46121.0,4775.474108283383,1.2345679012345678,480,469,6,0,463,453,10283,17,0,0,17,16
2020-10-30,US,South Dakota,Tripp,276,2,0,43.34459388,-99.8854891,46123.0,5072.596949090241,0.7246376811594203,274,271,2,0,269,269,5478,5,0,0,5,2
2020-10-30,US,South Dakota,Turner,504,18,0,43.3109081,-97.14865776,46125.0,6011.4503816793895,3.571428571428572,486,483,16,0,467,475,8424,21,2,0,19,8
2020-10-30,US,South Dakota,Union,773,11,0,42.83112163,-96.6557828,46127.0,4851.870449409992,1.423027166882277,762,758,11,0,747,747,15619,15,0,0,15,11
2020-10-30,US,South Dakota,Walworth,277,8,0,45.43019636,-100.03075140000001,46129.0,5096.596136154554,2.888086642599278,269,271,5,0,266,268,5587,6,3,0,3,3
2020-10-30,US,South Dakota,Yankton,908,6,0,43.00924485,-97.39467635,46135.0,3980.0122731656,0.6607929515418502,902,876,5,0,871,842,22869,32,1,0,31,34
2020-10-30,US,South Dakota,Ziebach,100,2,0,44.97881876,-101.6654622,46137.0,3628.44702467344,2.0,98,93,2,0,91,92,2742,7,0,0,7,1
2020-10-30,US,Tennessee,Anderson,1848,16,0,36.12684348,-84.19965764,47001.0,2400.6859102600743,0.8658008658008658,1832,1813,14,0,1799,1767,76482,35,2,0,33,46
2020-10-30,US,Tennessee,Bedford,1805,22,0,35.51123746,-86.45549096,47003.0,3630.8410274978387,1.2188365650969528,1783,1789,20,0,1769,1763,49038,16,2,0,14,26
2020-10-30,US,Tennessee,Benton,441,10,0,36.07110411,-88.06849355,47005.0,2728.960396039604,2.2675736961451247,431,434,10,0,424,431,16184,7,0,0,7,3
2020-10-30,US,Tennessee,Bledsoe,1040,4,0,35.59942968,-85.20611967,47007.0,6903.876792352628,0.38461538461538464,1036,1034,4,0,1030,1033,14755,6,0,0,6,1
2020-10-30,US,Tennessee,Blount,3554,41,0,35.68938198,-83.92847788,47009.0,2670.4135609521522,1.1536297129994373,3513,3515,36,0,3479,3464,131349,39,5,0,34,51
2020-10-30,US,Tennessee,Bradley,3729,23,0,35.15739424,-84.857186,47011.0,3449.2646378688373,0.6167873424510593,3706,3703,23,0,3680,3667,106727,26,0,0,26,36
2020-10-30,US,Tennessee,Campbell,1116,13,0,36.40355516,-84.15108559999999,47013.0,2801.0642036042373,1.1648745519713262,1103,1104,13,0,1091,1071,39583,12,0,0,12,33
2020-10-30,US,Tennessee,Cannon,436,2,0,35.80990797,-86.05738983,47015.0,2970.431938956261,0.4587155963302753,434,432,2,0,430,430,14462,4,0,0,4,2
2020-10-30,US,Tennessee,Carroll,1181,27,0,35.97366108,-88.45189331,47017.0,4253.250261101307,2.286198137171888,1154,1169,26,0,1143,1161,28020,12,1,0,11,8
2020-10-30,US,Tennessee,Carter,1721,36,0,36.28969086,-82.12588974,47019.0,3051.905445904489,2.091807088901801,1685,1666,36,0,1630,1630,56351,55,0,0,55,36
2020-10-30,US,Tennessee,Cheatham,1120,12,0,36.26136216,-87.08903581,47021.0,2754.075786264047,1.0714285714285714,1108,1097,12,0,1085,1091,40439,23,0,0,23,6
2020-10-30,US,Tennessee,Chester,744,16,0,35.42527478,-88.6095842,47023.0,4301.32392900503,2.150537634408602,728,741,15,0,726,740,17276,3,1,0,2,1
2020-10-30,US,Tennessee,Claiborne,549,8,0,36.48319149,-83.65947309,47025.0,1717.8259645170374,1.4571948998178506,541,543,7,0,536,538,31756,6,1,0,5,5
2020-10-30,US,Tennessee,Clay,422,16,0,36.55151008,-85.53930419,47027.0,5541.694024950754,3.791469194312796,406,418,15,0,403,415,7717,4,1,0,3,3
2020-10-30,US,Tennessee,Cocke,1167,16,0,35.9278914,-83.11828725,47029.0,3241.3065214976123,1.3710368466152527,1151,1150,14,0,1136,1123,35774,17,2,0,15,27
2020-10-30,US,Tennessee,Coffee,2014,28,0,35.49090731,-86.07311784,47031.0,3563.3404104741685,1.3902681231380338,1986,1987,26,0,1961,1962,55700,27,2,0,25,25
2020-10-30,US,Tennessee,Crockett,917,22,0,35.81830662,-89.14916269,47033.0,6444.132115249473,2.3991275899672853,895,907,22,0,885,897,14328,10,0,0,10,10
2020-10-30,US,Tennessee,Cumberland,1698,27,0,35.95271721,-84.99840585,47035.0,2805.6840713813617,1.5901060070671378,1671,1669,27,0,1642,1651,59673,29,0,0,29,18
2020-10-30,US,Tennessee,Davidson,32908,350,0,36.17007426,-86.78646056,47037.0,4740.803061036327,1.0635711681050202,32558,32679,345,0,32334,32483,692587,229,5,0,224,196
2020-10-30,US,Tennessee,DeKalb,790,18,0,35.97616272,-85.83689361,47041.0,3855.5392874572963,2.278481012658228,772,786,17,0,769,779,20138,4,1,0,3,7
2020-10-30,US,Tennessee,Decatur,682,11,0,35.60048904,-88.11043779,47039.0,5847.552087799024,1.6129032258064515,671,679,11,0,668,674,11706,3,0,0,3,5
2020-10-30,US,Tennessee,Dickson,1791,19,0,36.14669837,-87.35891709,47043.0,3319.8635723289094,1.060859854829704,1772,1763,19,0,1744,1747,53446,28,0,0,28,16
2020-10-30,US,Tennessee,Dyer,2363,38,0,36.05931946,-89.41542855,47045.0,6359.159288463091,1.6081252644942867,2325,2336,38,0,2298,2324,37320,27,0,0,27,12
2020-10-30,US,Tennessee,Fayette,1774,27,0,35.19615831,-89.41399032,47047.0,4312.838839860939,1.5219842164599775,1747,1759,25,0,1734,1744,40507,15,2,0,13,15
2020-10-30,US,Tennessee,Fentress,948,12,0,36.38128818,-84.92870012,47049.0,5117.961453328296,1.2658227848101269,936,944,11,0,933,934,18217,4,1,0,3,10
2020-10-30,US,Tennessee,Franklin,1351,24,0,35.15634626,-86.09201039,47051.0,3200.8150113722522,1.7764618800888232,1327,1336,23,0,1313,1314,41890,15,1,0,14,22
2020-10-30,US,Tennessee,Gibson,2234,49,0,35.99438059,-88.93358327,47053.0,4546.842244519977,2.1933751119068936,2185,2227,49,0,2178,2205,49045,7,0,0,7,22
2020-10-30,US,Tennessee,Giles,1022,38,0,35.20222469,-87.03992678,47055.0,3468.6396959000813,3.718199608610568,984,1007,38,0,969,994,29503,15,0,0,15,13
2020-10-30,US,Tennessee,Grainger,641,4,0,36.27469206,-83.51254721,47057.0,2748.713550600343,0.62402496099844,637,636,4,0,632,635,23145,5,0,0,5,1
2020-10-30,US,Tennessee,Greene,1927,55,0,36.17470125,-82.84691273,47059.0,2789.963659528877,2.8541774779449924,1872,1876,54,0,1822,1831,69087,51,1,0,50,45
2020-10-30,US,Tennessee,Grundy,600,13,0,35.38433717,-85.72142731,47061.0,4468.608028599091,2.1666666666666665,587,587,12,0,575,585,13346,13,1,0,12,2
2020-10-30,US,Tennessee,Hamblen,2569,50,0,36.21990035,-83.26586179,47063.0,3956.3248837280935,1.9462826002335536,2519,2547,50,0,2497,2525,64569,22,0,0,22,22
2020-10-30,US,Tennessee,Hamilton,12251,111,0,35.17670231,-85.16652245,47065.0,3330.850126697915,0.9060484858378908,12140,12175,112,0,12063,12057,364286,76,-1,0,77,118
2020-10-30,US,Tennessee,Hancock,127,3,0,36.52692871,-83.22375847,47067.0,1918.429003021148,2.3622047244094486,124,125,3,0,122,123,6549,2,0,0,2,2
2020-10-30,US,Tennessee,Hardeman,1939,33,0,35.20772017,-88.99161161,47069.0,7740.518962075848,1.701908200103146,1906,1931,33,0,1898,1929,25220,8,0,0,8,2
2020-10-30,US,Tennessee,Hardin,1444,23,0,35.19732531,-88.18593755,47071.0,5629.190706377671,1.592797783933518,1421,1435,22,0,1413,1426,25776,9,1,0,8,9
2020-10-30,US,Tennessee,Hawkins,1286,29,0,36.44355426,-82.94885298,47073.0,2264.6426936216667,2.2550544323483668,1257,1272,28,0,1244,1245,56530,14,1,0,13,27
2020-10-30,US,Tennessee,Haywood,1334,28,0,35.58332824,-89.28536625,47075.0,7709.2001849283415,2.098950524737631,1306,1320,28,0,1292,1317,17335,14,0,0,14,3
2020-10-30,US,Tennessee,Henderson,1443,26,0,35.65581134,-88.38600175,47077.0,5132.126471529679,1.8018018018018016,1417,1441,26,0,1415,1436,27847,2,0,0,2,5
2020-10-30,US,Tennessee,Henry,845,12,0,36.33160906,-88.30121797,47079.0,2612.459421858093,1.4201183431952662,833,837,12,0,825,821,32358,8,0,0,8,16
2020-10-30,US,Tennessee,Hickman,841,15,0,35.80609681,-87.47643507,47081.0,3340.2176503296528,1.78359096313912,826,829,15,0,814,820,25063,12,0,0,12,9
2020-10-30,US,Tennessee,Houston,431,17,0,36.28872054,-87.71878828,47083.0,5255.45665162785,3.94431554524362,414,431,17,0,414,428,8263,0,0,0,0,3
2020-10-30,US,Tennessee,Humphreys,469,4,0,36.03958805,-87.77992872,47085.0,2523.947906576257,0.8528784648187633,465,465,4,0,461,462,18486,4,0,0,4,3
2020-10-30,US,Tennessee,Jackson,477,8,0,36.36380466,-85.67239905,47087.0,4047.174613948753,1.6771488469601676,469,471,6,0,465,468,11758,6,2,0,4,3
2020-10-30,US,Tennessee,Jefferson,1622,24,0,36.04818632,-83.45148924,47089.0,2976.419855032572,1.4796547472256474,1598,1604,24,0,1580,1588,54012,18,0,0,18,16
2020-10-30,US,Tennessee,Johnson,1211,8,0,36.45523950000001,-81.84886538,47091.0,6807.960422756914,0.6606110652353427,1203,1192,7,0,1185,1171,17778,19,1,0,18,21
2020-10-30,US,Tennessee,Knox,13301,96,0,35.99508821,-83.94635435,47093.0,2828.116594693321,0.7217502443425307,13205,13193,95,0,13098,13049,465289,108,1,0,107,144
2020-10-30,US,Tennessee,Lake,992,4,0,36.34180170000001,-89.48921915,47095.0,14139.110604332951,0.4032258064516129,988,990,4,0,986,990,7411,2,0,0,2,0
2020-10-30,US,Tennessee,Lauderdale,1507,17,0,35.75893438,-89.63015909999999,47097.0,5879.140170873484,1.12806901128069,1490,1495,17,0,1478,1474,25825,12,0,0,12,21
2020-10-30,US,Tennessee,Lawrence,1732,20,0,35.21675201,-87.39787695,47099.0,3923.700783833991,1.1547344110854505,1712,1707,20,0,1687,1696,43734,25,0,0,25,11
2020-10-30,US,Tennessee,Lewis,458,6,0,35.52853208,-87.49022694,47101.0,3733.289859797848,1.310043668122271,452,442,5,0,437,431,12086,16,1,0,15,11
2020-10-30,US,Tennessee,Lincoln,951,4,0,35.13738622,-86.58910106,47103.0,2767.2699761392078,0.4206098843322818,947,945,3,0,942,931,34117,6,1,0,5,14
2020-10-30,US,Tennessee,Loudon,1697,13,0,35.73939663,-84.31145275,47105.0,3138.6402308204492,0.7660577489687684,1684,1690,12,0,1678,1678,53054,7,1,0,6,12
2020-10-30,US,Tennessee,Macon,1384,25,0,36.53157855,-86.00778595,47111.0,5625.558897650598,1.80635838150289,1359,1381,25,0,1356,1371,24265,3,0,0,3,10
2020-10-30,US,Tennessee,Madison,3927,80,0,35.61181957,-88.84076036,47113.0,4007.7971913781844,2.0371785077667437,3847,3918,80,0,3838,3892,97605,9,0,0,9,26
2020-10-30,US,Tennessee,Marion,826,13,0,35.12997174,-85.62265895,47115.0,2857.4393745459583,1.5738498789346247,813,812,10,0,802,809,28575,14,3,0,11,3
2020-10-30,US,Tennessee,Marshall,1205,12,0,35.45798777,-86.76420988,47117.0,3505.4545454545455,0.995850622406639,1193,1190,11,0,1179,1172,33683,15,1,0,14,18
2020-10-30,US,Tennessee,Maury,3630,39,0,35.618741299999996,-87.07462444,47119.0,3766.068038220922,1.0743801652892562,3591,3458,39,0,3419,3431,94340,172,0,0,172,27
2020-10-30,US,Tennessee,McMinn,1729,39,0,35.42812616,-84.61520715,47107.0,3214.113098115032,2.255639097744361,1690,1712,38,0,1674,1683,53285,17,1,0,16,29
2020-10-30,US,Tennessee,McNairy,1163,30,0,35.17468549,-88.5647812,47109.0,4526.348563867051,2.5795356835769563,1133,1150,29,0,1121,1150,25832,13,1,0,12,0
2020-10-30,US,Tennessee,Meigs,339,6,0,35.51558739,-84.81482914,47121.0,2729.029141845113,1.7699115044247788,333,337,6,0,331,332,12306,2,0,0,2,5
2020-10-30,US,Tennessee,Monroe,1536,29,0,35.44550387,-84.24902965,47123.0,3300.032226877216,1.8880208333333333,1507,1521,29,0,1492,1507,46357,15,0,0,15,14
2020-10-30,US,Tennessee,Montgomery,4428,61,0,36.49609412,-87.38550661,47125.0,2118.7312493719887,1.3775971093044264,4367,4389,60,0,4329,4333,205950,39,1,0,38,56
2020-10-30,US,Tennessee,Moore,286,2,0,35.27724699,-86.36230578,47127.0,4408.138101109741,0.6993006993006993,284,283,2,0,281,277,6411,3,0,0,3,6
2020-10-30,US,Tennessee,Morgan,458,7,0,36.13248031,-84.64880098,47129.0,2139.886931738541,1.5283842794759823,451,458,7,0,451,451,21579,0,0,0,0,7
2020-10-30,US,Tennessee,Obion,1865,27,0,36.35732446,-89.14921589,47131.0,6202.401144035384,1.4477211796246652,1838,1855,23,0,1832,1847,30267,10,4,0,6,8
2020-10-30,US,Tennessee,Out of TN,4304,36,0,0.0,0.0,80047.0,0.0,0.8364312267657993,4268,4278,36,0,4242,4177,,26,0,0,26,101
2020-10-30,US,Tennessee,Overton,1268,25,0,36.34117832,-85.28989535,47133.0,5701.182500786835,1.971608832807571,1243,1261,20,0,1241,1248,22068,7,5,0,2,13
2020-10-30,US,Tennessee,Perry,350,8,0,35.63708728,-87.86139634,47135.0,4333.82862803368,2.2857142857142856,342,343,5,0,338,336,8064,7,3,0,4,7
2020-10-30,US,Tennessee,Pickett,287,9,0,36.55606529,-85.07763299999998,47137.0,5685.419968304279,3.1358885017421603,278,287,9,0,278,283,5082,0,0,0,0,4
2020-10-30,US,Tennessee,Polk,538,13,0,35.12245443,-84.52075859,47139.0,3196.2927756654,2.41635687732342,525,540,13,0,527,533,16898,-2,0,0,-2,7
2020-10-30,US,Tennessee,Putnam,4638,59,0,36.14005459,-85.50646123,47141.0,5779.799364446383,1.2721000431220353,4579,4610,59,0,4551,4548,78843,28,0,0,28,62
2020-10-30,US,Tennessee,Rhea,1151,21,0,35.60536161,-84.93076643,47143.0,3470.3168812373747,1.8245004344048652,1130,1141,19,0,1122,1132,33044,10,2,0,8,9
2020-10-30,US,Tennessee,Roane,1447,8,0,35.84923189,-84.52458689,47145.0,2710.6515304784384,0.55286800276434,1439,1420,8,0,1412,1387,53140,27,0,0,27,33
2020-10-30,US,Tennessee,Robertson,2702,43,0,36.52454807,-86.87346725,47147.0,3762.549956136076,1.5914137675795708,2659,2681,43,0,2638,2669,71012,21,0,0,21,12
2020-10-30,US,Tennessee,Rutherford,12485,116,0,35.84591405,-86.4107263,47149.0,3757.316761214017,0.9291149379255106,12369,12406,115,0,12291,12271,324890,79,1,0,78,135
2020-10-30,US,Tennessee,Scott,416,5,0,36.42325673,-84.50360494,47151.0,1885.0824723581657,1.2019230769230769,411,408,5,0,403,400,22039,8,0,0,8,8
2020-10-30,US,Tennessee,Sequatchie,370,2,0,35.36979721,-85.41022136,47153.0,2462.3985092506327,0.5405405405405406,368,363,2,0,361,357,14876,7,0,0,7,6
2020-10-30,US,Tennessee,Sevier,3534,23,0,35.78077323,-83.52244332,47155.0,3596.946564885496,0.6508205998868138,3511,3497,22,0,3475,3461,97892,37,1,0,36,36
2020-10-30,US,Tennessee,Shelby,37618,571,0,35.1864775,-89.89692423,47157.0,4014.016727025949,1.5178903716306025,37047,37335,570,0,36765,37111,935764,283,1,0,282,224
2020-10-30,US,Tennessee,Smith,1040,14,0,36.25359775,-85.95411046,47159.0,5159.49794116188,1.3461538461538465,1026,1032,14,0,1018,1024,19942,8,0,0,8,8
2020-10-30,US,Tennessee,Stewart,356,13,0,36.50235092,-87.83920548,47161.0,2595.698140721837,3.651685393258427,343,348,11,0,337,344,13561,8,2,0,6,4
2020-10-30,US,Tennessee,Sullivan,4100,52,0,36.51240691,-82.30412917,47163.0,2589.2338393917194,1.2682926829268293,4048,3981,50,0,3931,3923,157668,119,2,0,117,58
2020-10-30,US,Tennessee,Sumner,6439,117,0,36.46824103,-86.45917204,47165.0,3366.2165482557257,1.81705233731946,6322,6371,113,0,6258,6305,187149,68,4,0,64,66
2020-10-30,US,Tennessee,Tipton,2501,23,0,35.501942,-89.73694895,47167.0,4060.130846279972,0.9196321471411436,2478,2466,23,0,2443,2439,61581,35,0,0,35,27
2020-10-30,US,Tennessee,Trousdale,1794,9,0,36.39026213,-86.16087954,47169.0,15898.617511520735,0.5016722408026756,1785,1789,9,0,1780,1781,11012,5,0,0,5,8
2020-10-30,US,Tennessee,Unassigned,2304,7,0,0.0,0.0,90047.0,0.0,0.3038194444444444,2297,2230,6,0,2224,2107,,74,1,0,73,123
2020-10-30,US,Tennessee,Unicoi,486,5,0,36.10890856,-82.43709629,47171.0,2717.6648213387016,1.02880658436214,481,477,5,0,472,457,17761,9,0,0,9,20
2020-10-30,US,Tennessee,Union,560,4,0,36.28590426,-83.83651902,47173.0,2803.925495693972,0.7142857142857143,556,555,4,0,551,552,19688,5,0,0,5,3
2020-10-30,US,Tennessee,Van Buren,213,2,0,35.69864497,-85.45221699,47175.0,3627.3841961852863,0.9389671361502347,211,212,2,0,210,212,5765,1,0,0,1,0
2020-10-30,US,Tennessee,Warren,1520,11,0,35.672829899999996,-85.77969117,47177.0,3682.4381616881074,0.7236842105263158,1509,1507,11,0,1496,1490,40878,13,0,0,13,17
2020-10-30,US,Tennessee,Washington,3877,58,0,36.29472368,-82.49454720000001,47179.0,2996.7149758454107,1.4960020634511217,3819,3767,53,0,3714,3663,128607,110,5,0,105,104
2020-10-30,US,Tennessee,Wayne,1623,7,0,35.23868267,-87.78644456,47181.0,9734.30096563306,0.4313000616142945,1616,1619,7,0,1612,1612,16558,4,0,0,4,7
2020-10-30,US,Tennessee,Weakley,1619,26,0,36.29896232,-88.71990865,47183.0,4857.7772443590975,1.605929586164299,1593,1610,26,0,1584,1601,33415,9,0,0,9,9
2020-10-30,US,Tennessee,White,1266,15,0,35.92929884,-85.45591799,47185.0,4629.731212287437,1.1848341232227488,1251,1252,14,0,1238,1228,27107,14,1,0,13,24
2020-10-30,US,Tennessee,Williamson,7496,57,0,35.89099229,-86.89281867,47187.0,3144.137040081875,0.7604055496264674,7439,7387,56,0,7331,7319,231729,109,1,0,108,68
2020-10-30,US,Tennessee,Wilson,4950,64,0,36.15496772,-86.29775884,47189.0,3421.8876376532066,1.2929292929292928,4886,4920,63,0,4857,4847,140625,30,1,0,29,73
2020-10-30,US,Texas,Anderson,2970,39,0,31.81534745,-95.65354823,48001.0,5144.193296960249,1.3131313131313131,2931,2970,39,0,2931,2961,58057,0,0,0,0,9
2020-10-30,US,Texas,Andrews,667,10,0,32.30468633,-102.63765479999999,48003.0,3565.891472868217,1.4992503748125936,657,655,10,0,645,628,18128,12,0,0,12,27
2020-10-30,US,Texas,Angelina,2317,92,0,31.25457347,-94.60901487,48005.0,2671.971400565069,3.9706517047906775,2225,2317,92,0,2225,2304,87092,0,0,0,0,13
2020-10-30,US,Texas,Aransas,351,18,0,28.10556197,-96.9995047,48007.0,1492.9817099106765,5.128205128205129,333,350,18,0,332,350,23792,1,0,0,1,0
2020-10-30,US,Texas,Archer,161,1,0,33.61569967,-98.68754589,48009.0,1882.380451303636,0.6211180124223602,160,160,1,0,159,154,8786,1,0,0,1,6
2020-10-30,US,Texas,Armstrong,27,1,0,34.96507426,-101.35748740000001,48011.0,1430.8426073131955,3.703703703703704,26,27,1,0,26,27,1892,0,0,0,0,0
2020-10-30,US,Texas,Atascosa,1292,35,0,28.89333001,-98.52730485,48013.0,2525.7560651379194,2.7089783281733752,1257,1292,35,0,1257,1285,50310,0,0,0,0,7
2020-10-30,US,Texas,Austin,516,10,0,29.88548725,-96.27736949,48015.0,1718.1672882258927,1.937984496124031,506,514,10,0,504,514,29989,2,0,0,2,0
2020-10-30,US,Texas,Bailey,311,5,0,34.06854817,-102.8299707,48017.0,4442.857142857143,1.6077170418006432,306,296,5,0,291,296,7027,15,0,0,15,0
2020-10-30,US,Texas,Bandera,188,8,0,29.74619598,-99.24598147,48019.0,813.4302526825893,4.25531914893617,180,185,8,0,177,185,22824,3,0,0,3,0
2020-10-30,US,Texas,Bastrop,2014,32,0,30.10370699,-97.31206354,48021.0,2269.9863620481724,1.5888778550148956,1982,2011,31,0,1980,2006,86976,3,1,0,2,5
2020-10-30,US,Texas,Baylor,44,3,0,33.61640794,-99.21352901,48023.0,1253.9184952978055,6.8181818181818175,41,43,3,0,40,43,3582,1,0,0,1,0
2020-10-30,US,Texas,Bee,1870,39,0,28.41761668,-97.74215593,48025.0,5742.361430984184,2.085561497326203,1831,1865,39,0,1826,1858,32587,5,0,0,5,7
2020-10-30,US,Texas,Bell,6534,100,0,31.03736027,-97.4785025,48027.0,1800.3769384223694,1.5304560759106214,6434,6496,100,0,6396,6427,355642,38,0,0,38,69
2020-10-30,US,Texas,Bexar,65600,1410,0,29.44928723,-98.52019748,48029.0,3274.1817789787547,2.149390243902439,64190,65423,1409,0,64014,65222,1986049,177,1,0,176,201
2020-10-30,US,Texas,Blanco,162,6,0,30.26640707,-98.3999852,48031.0,1357.8073925069148,3.703703703703704,156,162,6,0,156,162,11702,0,0,0,0,0
2020-10-30,US,Texas,Borden,2,0,0,32.74363984,-101.43165090000001,48033.0,305.8103975535168,0.0,2,2,0,0,2,2,648,0,0,0,0,0
2020-10-30,US,Texas,Bosque,414,11,0,31.89978581,-97.63613524,48035.0,2215.681027562216,2.6570048309178738,403,413,11,0,402,408,18691,1,0,0,1,5
2020-10-30,US,Texas,Bowie,1997,76,0,33.44626922,-94.41834132,48037.0,2141.6697946270583,3.8057085628442655,1921,1963,75,0,1888,1944,94324,34,1,0,33,19
2020-10-30,US,Texas,Brazoria,12436,185,0,29.18757369,-95.44563172,48039.0,3322.788192292072,1.4876165969765198,12251,12387,184,0,12203,12333,370200,49,1,0,48,54
2020-10-30,US,Texas,Brazos,7678,73,0,30.663644800000004,-96.30205577,48041.0,3349.7519752542407,0.9507684292784581,7605,7626,73,0,7553,7587,226758,52,0,0,52,39
2020-10-30,US,Texas,Brewster,250,5,0,29.81008251,-103.25203259999999,48043.0,2716.5054873410845,2.0,245,249,5,0,244,249,9267,1,0,0,1,0
2020-10-30,US,Texas,Briscoe,24,1,0,34.53026962,-101.2084947,48045.0,1552.3932729624842,4.166666666666667,23,22,1,0,21,22,1516,2,0,0,2,0
2020-10-30,US,Texas,Brooks,361,23,0,27.03103197,-98.21808402,48047.0,5089.524883688143,6.371191135734072,338,359,23,0,336,358,7114,2,0,0,2,1
2020-10-30,US,Texas,Brown,698,28,0,31.77430356,-98.99907113,48049.0,1843.4396788506235,4.011461318051576,670,688,28,0,660,674,37924,10,0,0,10,14
2020-10-30,US,Texas,Burleson,475,6,0,30.49273808,-96.62158484,48051.0,2575.5029008295833,1.263157894736842,469,475,6,0,469,467,18389,0,0,0,0,8
2020-10-30,US,Texas,Burnet,1085,15,0,30.78801353,-98.181887,48053.0,2253.140899179732,1.3824884792626728,1070,1083,15,0,1068,1047,47542,2,0,0,2,36
2020-10-30,US,Texas,Caldwell,1721,37,0,29.83668859,-97.61814775,48055.0,3941.462074019789,2.149912841371296,1684,1705,37,0,1668,1700,43247,16,0,0,16,5
2020-10-30,US,Texas,Calhoun,938,9,0,28.47048236,-96.61633945,48057.0,4405.824330671678,0.9594882729211088,929,932,9,0,923,930,21561,6,0,0,6,2
2020-10-30,US,Texas,Callahan,137,5,0,32.29760619,-99.37326312,48059.0,982.571899878075,3.6496350364963503,132,137,4,0,133,131,13994,0,1,0,-1,6
2020-10-30,US,Texas,Cameron,24221,1083,0,26.14524221,-97.48140372,48061.0,5723.799103418777,4.4713265348251525,23138,24180,1081,0,23099,24150,423908,41,2,0,39,30
2020-10-30,US,Texas,Camp,405,13,0,32.97195142,-94.97790104,48063.0,3093.0197036810755,3.2098765432098766,392,399,13,0,386,399,13033,6,0,0,6,0
2020-10-30,US,Texas,Carson,54,1,0,35.40365929,-101.35426690000001,48065.0,911.2386095173813,1.851851851851852,53,58,0,0,58,58,6005,-4,1,0,-5,0
2020-10-30,US,Texas,Cass,547,23,0,33.07499881,-94.34646905,48067.0,1821.7544794511425,4.204753199268739,524,537,23,0,514,533,30119,10,0,0,10,4
2020-10-30,US,Texas,Castro,318,7,0,34.53016752,-102.2617243,48069.0,4223.107569721115,2.2012578616352205,311,311,7,0,304,311,7665,7,0,0,7,0
2020-10-30,US,Texas,Chambers,1571,10,0,29.70972016,-94.67154501,48071.0,3583.7306385017223,0.6365372374283895,1561,1571,10,0,1561,1565,42454,0,0,0,0,6
2020-10-30,US,Texas,Cherokee,1647,38,0,31.837258000000002,-95.16559897,48073.0,3128.4428066709725,2.30722525804493,1609,1643,38,0,1605,1642,52592,4,0,0,4,1
2020-10-30,US,Texas,Childress,124,0,0,34.529304100000004,-100.2077916,48075.0,1697.2351491924444,0.0,124,122,0,0,122,122,7291,2,0,0,2,0
2020-10-30,US,Texas,Clay,129,3,0,33.78686685,-98.20771198,48077.0,1231.9740234934582,2.3255813953488373,126,125,3,0,122,117,10456,4,0,0,4,8
2020-10-30,US,Texas,Cochran,116,1,0,33.60425307,-102.82844990000001,48079.0,4065.895548545391,0.8620689655172413,115,109,1,0,108,109,2836,7,0,0,7,0
2020-10-30,US,Texas,Coke,129,6,0,31.88911733,-100.5297533,48081.0,3808.680248007086,4.651162790697675,123,128,6,0,122,127,3370,1,0,0,1,1
2020-10-30,US,Texas,Coleman,96,4,0,31.76736834,-99.45240766,48083.0,1174.3119266055044,4.166666666666667,92,93,4,0,89,93,8397,3,0,0,3,0
2020-10-30,US,Texas,Collin,18362,184,0,33.18820114,-96.57264368,48085.0,1774.5692112918343,1.0020694913408126,18178,18247,181,0,18066,18015,1005146,115,3,0,112,232
2020-10-30,US,Texas,Collingsworth,21,0,0,34.96489496,-100.27001109999999,48087.0,719.1780821917807,0.0,21,22,0,0,22,22,2962,-1,0,0,-1,0
2020-10-30,US,Texas,Colorado,504,4,0,29.622097999999998,-96.5273805,48089.0,2344.949518447867,0.7936507936507936,500,504,4,0,500,502,21217,0,0,0,0,2
2020-10-30,US,Texas,Comal,2878,106,0,29.80811278,-98.27647225,48091.0,1842.4034466644046,3.6831132731063234,2772,2891,106,0,2785,2872,148373,-13,0,0,-13,19
2020-10-30,US,Texas,Comanche,373,5,0,31.94854689,-98.55876441,48093.0,2735.606894022736,1.3404825737265416,368,371,5,0,366,368,13534,2,0,0,2,3
2020-10-30,US,Texas,Concho,144,2,0,31.32635934,-99.86473038,48095.0,5282.465150403522,1.3888888888888888,142,144,2,0,142,143,4276,0,0,0,0,1
2020-10-30,US,Texas,Cooke,570,9,0,33.63979567,-97.21240912,48097.0,1381.5837312456067,1.5789473684210529,561,566,9,0,557,561,40574,4,0,0,4,5
2020-10-30,US,Texas,Coryell,1986,13,0,31.39078397,-97.79936155,48099.0,2614.8437808587114,0.6545820745216515,1973,1976,13,0,1963,1972,74808,10,0,0,10,4
2020-10-30,US,Texas,Cottle,40,3,0,34.07783319,-100.27850620000001,48101.0,2861.230329041488,7.5,37,40,3,0,37,40,1389,0,0,0,0,0
2020-10-30,US,Texas,Crane,77,4,0,31.43052248,-102.5143314,48103.0,1605.1698978528248,5.194805194805196,73,77,4,0,73,77,4794,0,0,0,0,0
2020-10-30,US,Texas,Crockett,166,7,0,30.72367027,-101.4134238,48105.0,4792.147806004619,4.216867469879518,159,166,7,0,159,166,3499,0,0,0,0,0
2020-10-30,US,Texas,Crosby,116,7,0,33.61431553,-101.30003640000001,48107.0,2021.9626982743594,6.0344827586206895,109,123,7,0,116,123,5779,-7,0,0,-7,0
2020-10-30,US,Texas,Culberson,125,2,0,31.44506775,-104.5185739,48109.0,5757.715338553662,1.6,123,102,2,0,100,101,2204,23,0,0,23,1
2020-10-30,US,Texas,Dallam,385,10,0,36.27787176,-102.60207249999999,48111.0,5283.381364073007,2.5974025974025974,375,371,10,0,361,371,7200,14,0,0,14,0
2020-10-30,US,Texas,Dallas,95402,1254,0,32.76670599,-96.77796049999999,48113.0,3619.860399253884,1.3144378524559233,94148,95402,1243,0,94159,94837,2637772,0,11,0,-11,565
2020-10-30,US,Texas,Dawson,882,19,0,32.74255572,-101.94772420000001,48115.0,6929.604022627278,2.1541950113378685,863,870,18,0,852,851,12619,12,1,0,11,19
2020-10-30,US,Texas,DeWitt,1086,44,0,29.08101855,-97.35681170000001,48123.0,5386.904761904762,4.051565377532229,1042,1086,44,0,1042,1086,20187,0,0,0,0,0
2020-10-30,US,Texas,Deaf Smith,1040,27,0,34.96522957,-102.6054267,48117.0,5607.678205542974,2.5961538461538463,1013,1058,26,0,1032,1058,18760,-18,1,0,-19,0
2020-10-30,US,Texas,Delta,35,0,0,33.38570922,-95.66921122,48119.0,656.5372350403303,0.0,35,35,0,0,35,35,5349,0,0,0,0,0
2020-10-30,US,Texas,Denton,14769,177,0,33.20521901,-97.11691153,48121.0,1664.662249057999,1.1984562258785294,14592,14672,174,0,14498,14547,859064,97,3,0,94,125
2020-10-30,US,Texas,Dickens,55,2,0,33.61616822,-100.7788855,48125.0,2487.562189054727,3.636363636363636,53,51,2,0,49,51,2249,4,0,0,4,0
2020-10-30,US,Texas,Dimmit,294,7,0,28.42270064,-99.75645095,48127.0,2903.9905175819845,2.380952380952381,287,293,7,0,286,292,10308,1,0,0,1,1
2020-10-30,US,Texas,Donley,86,1,0,34.96517499,-100.8140093,48129.0,2623.5509456985965,1.162790697674419,85,99,1,0,98,99,3319,-13,0,0,-13,0
2020-10-30,US,Texas,Duval,493,21,0,27.68184592,-98.50864568,48131.0,4418.7505601864295,4.259634888438134,472,492,21,0,471,489,11212,1,0,0,1,3
2020-10-30,US,Texas,Eastland,260,8,0,32.32743996,-98.83243566,48133.0,1416.122004357299,3.0769230769230766,252,256,8,0,248,253,18322,4,0,0,4,3
2020-10-30,US,Texas,Ector,6547,121,0,31.86898877,-102.54294279999999,48135.0,3938.684778881382,1.848174736520544,6426,6486,121,0,6365,6373,162124,61,0,0,61,113
2020-10-30,US,Texas,Edwards,72,2,0,29.98202582,-100.304252,48137.0,3726.7080745341614,2.7777777777777777,70,72,2,0,70,72,1928,0,0,0,0,0
2020-10-30,US,Texas,El Paso,47052,623,0,31.76980765,-106.23632749999999,48141.0,5606.514480993473,1.3240669897135084,46429,45039,612,0,44427,43425,840758,2013,11,0,2002,1614
2020-10-30,US,Texas,Ellis,5029,81,0,32.34894117,-96.79371841,48139.0,2720.9375304340297,1.6106581825412607,4948,4999,79,0,4920,4968,179436,30,2,0,28,31
2020-10-30,US,Texas,Erath,1054,17,0,32.23602653,-98.21773417,48143.0,2468.499695536091,1.6129032258064515,1037,1042,15,0,1027,1036,42446,12,2,0,10,6
2020-10-30,US,Texas,Falls,684,6,0,31.25350609,-96.93630086,48145.0,3954.442966988495,0.8771929824561403,678,686,5,0,681,675,17335,-2,1,0,-3,11
2020-10-30,US,Texas,Fannin,797,20,0,33.59564294,-96.10751083,48147.0,2244.1853916765217,2.5094102885821834,777,793,20,0,773,795,35286,4,0,0,4,-2
2020-10-30,US,Texas,Fayette,683,22,0,29.87788372,-96.92076062,48149.0,2694.705278939477,3.2210834553440697,661,676,22,0,654,676,25349,7,0,0,7,0
2020-10-30,US,Texas,Fisher,112,3,0,32.74281316,-100.40193020000001,48151.0,2924.281984334204,2.6785714285714284,109,107,3,0,104,106,3839,5,0,0,5,1
2020-10-30,US,Texas,Floyd,128,9,0,34.07227468,-101.3031546,48153.0,2240.896358543417,7.03125,119,142,9,0,133,142,5837,-14,0,0,-14,0
2020-10-30,US,Texas,Foard,22,1,0,33.97308618,-99.7767797,48155.0,1904.7619047619046,4.545454545454546,21,22,1,0,21,22,1200,0,0,0,0,0
2020-10-30,US,Texas,Fort Bend,17672,309,0,29.52704478,-95.77219463,48157.0,2177.1912360414344,1.7485287460389316,17363,17634,309,0,17325,17585,787858,38,0,0,38,49
2020-10-30,US,Texas,Franklin,222,7,0,33.17653242,-95.21917243,48159.0,2069.9300699300697,3.1531531531531534,215,221,7,0,214,221,10766,1,0,0,1,0
2020-10-30,US,Texas,Freestone,462,4,0,31.70422788,-96.15072516,48161.0,2343.155652482629,0.8658008658008658,458,460,4,0,456,456,19808,2,0,0,2,4
2020-10-30,US,Texas,Frio,1020,9,0,28.86751206,-99.10804207,48163.0,5023.145868216291,0.8823529411764706,1011,1017,9,0,1008,1017,19816,3,0,0,3,0
2020-10-30,US,Texas,Gaines,566,12,0,32.74055318,-102.6353295,48165.0,2633.538060673739,2.120141342756184,554,543,11,0,532,526,20901,23,1,0,22,17
2020-10-30,US,Texas,Galveston,12606,169,0,29.40167322,-94.90469073,48167.0,3684.4674240586432,1.340631445343487,12437,12533,169,0,12364,12490,337890,73,0,0,73,43
2020-10-30,US,Texas,Garza,123,8,0,33.17969345,-101.2984114,48169.0,1974.6347728367318,6.5040650406504055,115,126,8,0,118,126,6578,-3,0,0,-3,0
2020-10-30,US,Texas,Gillespie,368,10,0,30.31824095,-98.94676915,48171.0,1363.568993626797,2.717391304347826,358,367,10,0,357,363,26804,1,0,0,1,4
2020-10-30,US,Texas,Glasscock,13,0,0,31.86942909,-101.5207776,48173.0,922.6401703335699,0.0,13,13,0,0,13,13,1388,0,0,0,0,0
2020-10-30,US,Texas,Goliad,166,6,0,28.65696592,-97.42760647,48175.0,2167.667798380778,3.614457831325301,160,166,6,0,160,166,7584,0,0,0,0,0
2020-10-30,US,Texas,Gonzales,1132,20,0,29.45634206,-97.49424032,48177.0,5432.643854681576,1.7667844522968197,1112,1128,20,0,1108,1115,20826,4,0,0,4,13
2020-10-30,US,Texas,Gray,502,10,0,35.40081878,-100.8129222,48179.0,2293.703737549118,1.99203187250996,492,495,10,0,485,495,21895,7,0,0,7,0
2020-10-30,US,Texas,Grayson,2681,74,0,33.62744998,-96.67753461,48181.0,1968.255366634364,2.760164117866468,2607,2661,71,0,2590,2632,133991,20,3,0,17,29
2020-10-30,US,Texas,Gregg,2587,87,0,32.47940482,-94.81591935,48183.0,2087.21610391706,3.362968689601856,2500,2577,87,0,2490,2568,123707,10,0,0,10,9
2020-10-30,US,Texas,Grimes,1191,36,0,30.54579585,-95.98902499,48185.0,4123.9612188365645,3.022670025188917,1155,1191,36,0,1155,1189,28360,0,0,0,0,2
2020-10-30,US,Texas,Guadalupe,3908,81,0,29.58165339,-97.94786822,48187.0,2342.265668546633,2.072671443193449,3827,3899,81,0,3818,3888,163694,9,0,0,9,11
2020-10-30,US,Texas,Hale,2678,61,0,34.07044901,-101.82681140000001,48189.0,8016.52397772855,2.2778192681105303,2617,2632,61,0,2571,2559,33830,46,0,0,46,73
2020-10-30,US,Texas,Hall,44,1,0,34.5307555,-100.68138520000001,48191.0,1484.4804318488532,2.272727272727273,43,47,1,0,46,47,3028,-3,0,0,-3,0
2020-10-30,US,Texas,Hamilton,204,5,0,31.70470573,-98.11083887,48193.0,2411.062522160501,2.4509803921568634,199,201,5,0,196,201,8484,3,0,0,3,0
2020-10-30,US,Texas,Hansford,191,6,0,36.27743284,-101.3545796,48195.0,3537.692165215781,3.141361256544503,185,216,6,0,210,216,5463,-25,0,0,-25,0
2020-10-30,US,Texas,Hardeman,63,3,0,34.28944521,-99.74632408,48197.0,1601.8306636155605,4.761904761904762,60,63,3,0,60,63,3922,0,0,0,0,0
2020-10-30,US,Texas,Hardin,1457,35,0,30.33364686,-94.38931817,48199.0,2529.4260615950834,2.4021962937542902,1422,1452,35,0,1417,1448,57207,5,0,0,5,4
2020-10-30,US,Texas,Harris,160984,2806,0,29.85864939,-95.39339521,48201.0,3415.508160375107,1.7430303632659143,158178,160984,2800,0,158184,160532,4698619,0,6,0,-6,452
2020-10-30,US,Texas,Harrison,1108,39,0,32.54935988,-94.36934071,48203.0,1664.8385497272848,3.51985559566787,1069,1096,38,0,1058,1090,66726,12,1,0,11,6
2020-10-30,US,Texas,Hartley,173,0,0,35.84008013,-102.6029022,48205.0,3102.5824964131994,0.0,173,171,0,0,171,171,5619,2,0,0,2,0
2020-10-30,US,Texas,Haskell,86,3,0,33.17823584,-99.73037358,48207.0,1519.971721456345,3.4883720930232562,83,85,3,0,82,83,5813,1,0,0,1,2
2020-10-30,US,Texas,Hays,6132,87,0,30.05669873,-98.02944344,48209.0,2663.874782246048,1.4187866927592956,6045,6119,87,0,6032,6376,222631,13,0,0,13,-257
2020-10-30,US,Texas,Hemphill,147,0,0,35.83764858,-100.2703577,48211.0,3849.17517674784,0.0,147,145,0,0,145,145,3825,2,0,0,2,0
2020-10-30,US,Texas,Henderson,1317,35,0,32.21128872,-95.85846587,48213.0,1591.7908553609632,2.6575550493545936,1282,1310,35,0,1275,1295,82299,7,0,0,7,15
2020-10-30,US,Texas,Hidalgo,35785,1952,0,26.39418217,-98.18299696,48215.0,4119.3405831885775,5.454799496995949,33833,35662,1947,0,33715,35485,865939,123,5,0,118,177
2020-10-30,US,Texas,Hill,853,16,0,31.99045053,-97.13423143,48217.0,2327.485060983929,1.875732708089097,837,852,16,0,836,831,36354,1,0,0,1,21
2020-10-30,US,Texas,Hockley,695,17,0,33.60771256,-102.3431676,48219.0,3018.982667998784,2.446043165467626,678,665,14,0,651,665,22980,30,3,0,27,0
2020-10-30,US,Texas,Hood,1224,40,0,32.42990927,-97.83242024,48221.0,1985.6269162759759,3.2679738562091503,1184,1214,39,0,1175,1194,60537,10,1,0,9,20
2020-10-30,US,Texas,Hopkins,679,35,0,33.14875072,-95.56351139,48223.0,1830.9783194908853,5.154639175257731,644,673,34,0,639,672,36810,6,1,0,5,1
2020-10-30,US,Texas,Houston,429,13,0,31.31925973,-95.42226208,48225.0,1867.816091954023,3.0303030303030303,416,428,13,0,415,427,23169,1,0,0,1,1
2020-10-30,US,Texas,Howard,1220,21,0,32.30621324,-101.4356444,48227.0,3327.51472834388,1.721311475409836,1199,1205,21,0,1184,1202,36459,15,0,0,15,3
2020-10-30,US,Texas,Hudspeth,113,3,0,31.45628381,-105.388178,48229.0,2312.730249693001,2.6548672566371683,110,106,3,0,103,106,4795,7,0,0,7,0
2020-10-30,US,Texas,Hunt,2043,46,0,33.12351514,-96.08551032,48231.0,2072.134206949713,2.2515907978463043,1997,2043,45,0,1998,2019,96493,0,1,0,-1,24
2020-10-30,US,Texas,Hutchinson,327,7,0,35.84006574,-101.3546643,48233.0,1561.753749164199,2.1406727828746184,320,344,7,0,337,344,21198,-17,0,0,-17,0
2020-10-30,US,Texas,Irion,13,0,0,31.30375559,-100.982439,48235.0,846.3541666666665,0.0,13,13,0,0,13,13,1522,0,0,0,0,0
2020-10-30,US,Texas,Jack,153,3,0,33.23377248,-98.17283469,48237.0,1712.3670956911026,1.96078431372549,150,153,3,0,150,153,8843,0,0,0,0,0
2020-10-30,US,Texas,Jackson,656,16,0,28.95472367,-96.57749563,48239.0,4444.444444444444,2.4390243902439024,640,654,16,0,638,652,14874,2,0,0,2,2
2020-10-30,US,Texas,Jasper,519,34,0,30.74685667,-94.02667579,48241.0,1460.7785189563456,6.551059730250483,485,515,34,0,481,515,35872,4,0,0,4,0
2020-10-30,US,Texas,Jeff Davis,23,0,0,30.71490589,-104.1399973,48243.0,1011.433597185576,0.0,23,23,0,0,23,23,2252,0,0,0,0,0
2020-10-30,US,Texas,Jefferson,8424,154,0,29.8832777,-94.16434171,48245.0,3348.637529068034,1.8281101614434947,8270,8387,152,0,8235,8332,255001,37,2,0,35,55
2020-10-30,US,Texas,Jim Hogg,180,6,0,27.04453923,-98.69681870000001,48247.0,3461.5384615384614,3.333333333333333,174,179,6,0,173,169,5248,1,0,0,1,10
2020-10-30,US,Texas,Jim Wells,1679,52,0,27.73103938,-98.0904705,48249.0,4147.52235561484,3.0970815961882074,1627,1637,52,0,1585,1620,40822,42,0,0,42,17
2020-10-30,US,Texas,Johnson,3787,65,0,32.37877812,-97.36615819,48251.0,2153.9441578459423,1.7163982043834172,3722,3754,65,0,3689,3727,171361,33,0,0,33,27
2020-10-30,US,Texas,Jones,603,3,0,32.73997145,-99.87861576,48253.0,3002.539461235871,0.4975124378109453,600,600,2,0,598,595,19817,3,1,0,2,5
2020-10-30,US,Texas,Karnes,962,18,0,28.90705334,-97.85960149,48255.0,6166.271392859432,1.8711018711018712,944,961,18,0,943,955,15650,1,0,0,1,6
2020-10-30,US,Texas,Kaufman,3619,58,0,32.599141700000004,-96.28734728,48257.0,2658.019595458084,1.6026526664824536,3561,3594,57,0,3537,3571,128622,25,1,0,24,23
2020-10-30,US,Texas,Kendall,392,10,0,29.94414155,-98.7113588,48259.0,826.4637051717232,2.5510204081632653,382,391,10,0,381,388,45641,1,0,0,1,3
2020-10-30,US,Texas,Kenedy,11,2,0,26.92601662,-97.66413984,48261.0,2722.772277227723,18.181818181818183,9,11,2,0,9,11,442,0,0,0,0,0
2020-10-30,US,Texas,Kent,11,0,0,33.18104136,-100.7780939,48263.0,1443.5695538057746,0.0,11,10,0,0,10,10,726,1,0,0,1,0
2020-10-30,US,Texas,Kerr,709,14,0,30.06040006,-99.34930144,48265.0,1347.9087452471485,1.9746121297602257,695,706,13,0,693,704,52405,3,1,0,2,2
2020-10-30,US,Texas,Kimble,30,2,0,30.48678918,-99.74856473,48267.0,691.7223887479822,6.666666666666668,28,27,2,0,25,26,4362,3,0,0,3,1
2020-10-30,US,Texas,King,1,0,0,33.61643847,-100.2558057,48269.0,367.6470588235293,0.0,1,1,0,0,1,1,277,0,0,0,0,0
2020-10-30,US,Texas,Kinney,79,1,0,29.34967888,-100.41866379999999,48271.0,2154.3496045814013,1.2658227848101269,78,79,1,0,78,79,3767,0,0,0,0,0
2020-10-30,US,Texas,Kleberg,1032,52,0,27.42435506,-97.69894948,48273.0,3363.754889178618,5.038759689922482,980,1030,52,0,978,1026,31129,2,0,0,2,4
2020-10-30,US,Texas,Knox,114,9,0,33.60519951,-99.74229059999999,48275.0,3111.353711790393,7.894736842105262,105,113,9,0,104,113,3653,1,0,0,1,0
2020-10-30,US,Texas,La Salle,378,13,0,28.34453111,-99.09908775,48283.0,5026.595744680851,3.4391534391534386,365,378,13,0,365,376,7531,0,0,0,0,2
2020-10-30,US,Texas,Lamar,1839,49,0,33.66981763,-95.57404777,48277.0,3688.401291642432,2.6644915715062534,1790,1839,49,0,1790,1820,49728,0,0,0,0,19
2020-10-30,US,Texas,Lamb,552,24,0,34.06859623,-102.35162890000001,48279.0,4281.393003955634,4.3478260869565215,528,538,24,0,514,538,13158,14,0,0,14,0
2020-10-30,US,Texas,Lampasas,313,9,0,31.19531316,-98.24206613,48281.0,1460.7056188165018,2.8753993610223643,304,311,9,0,302,305,21229,2,0,0,2,6
2020-10-30,US,Texas,Lavaca,1180,39,0,29.38508402,-96.93186692,48285.0,5854.9171380371145,3.305084745762712,1141,1164,39,0,1125,1159,20110,16,0,0,16,5
2020-10-30,US,Texas,Lee,245,14,0,30.31120597,-96.97045773,48287.0,1421.1961250652594,5.7142857142857135,231,243,14,0,229,242,17144,2,0,0,2,1
2020-10-30,US,Texas,Leon,362,12,0,31.29872538,-95.9936328,48289.0,2079.9816134222024,3.3149171270718236,350,361,12,0,349,354,17270,1,0,0,1,7
2020-10-30,US,Texas,Liberty,2302,59,0,30.15152688,-94.81205615,48291.0,2609.415205341253,2.562988705473501,2243,2295,59,0,2236,2295,86323,7,0,0,7,0
2020-10-30,US,Texas,Limestone,681,16,0,31.5454767,-96.58095444,48293.0,2905.6619874557323,2.3494860499265786,665,681,16,0,665,679,23519,0,0,0,0,2
2020-10-30,US,Texas,Lipscomb,70,1,0,36.27783108,-100.27331509999999,48295.0,2165.171667182184,1.4285714285714286,69,69,1,0,68,69,3355,1,0,0,1,0
2020-10-30,US,Texas,Live Oak,383,10,0,28.35101362,-98.1246786,48297.0,3137.544032112722,2.610966057441253,373,383,10,0,373,383,12166,0,0,0,0,0
2020-10-30,US,Texas,Llano,188,3,0,30.70645047,-98.68475262,48299.0,862.5831612755219,1.5957446808510638,185,188,3,0,185,180,21646,0,0,0,0,8
2020-10-30,US,Texas,Lubbock,18985,183,0,33.61008596,-101.82047890000001,48303.0,6112.973284519705,0.963918883328944,18802,18712,179,0,18533,18015,307412,273,4,0,269,697
2020-10-30,US,Texas,Lynn,194,6,0,33.17657705,-101.8162849,48305.0,3259.956309863888,3.0927835051546397,188,187,6,0,181,172,5877,7,0,0,7,15
2020-10-30,US,Texas,Madison,768,7,0,30.96694679,-95.93003775,48313.0,5376.645197423691,0.9114583333333334,761,767,7,0,760,759,14422,1,0,0,1,8
2020-10-30,US,Texas,Marion,172,14,0,32.79868409,-94.35661230000001,48315.0,1745.4840673838034,8.13953488372093,158,172,14,0,158,172,9928,0,0,0,0,0
2020-10-30,US,Texas,Martin,92,7,0,32.30600051,-101.9513518,48317.0,1594.1777854791198,7.608695652173912,85,92,7,0,85,92,5753,0,0,0,0,0
2020-10-30,US,Texas,Mason,83,2,0,30.71780434,-99.22629416,48319.0,1941.9747309312118,2.409638554216868,81,82,2,0,80,82,4280,1,0,0,1,0
2020-10-30,US,Texas,Matagorda,1116,54,0,28.81955746,-96.01230294,48321.0,3045.6021613950825,4.838709677419356,1062,1114,53,0,1061,1105,36552,2,1,0,1,9
2020-10-30,US,Texas,Maverick,4292,148,0,28.7429195,-100.3157686,48323.0,7309.015360512242,3.4482758620689653,4144,4273,148,0,4125,4232,58485,19,0,0,19,41
2020-10-30,US,Texas,McCulloch,216,5,0,31.1925468,-99.34682807,48307.0,2705.4108216432865,2.314814814814815,211,212,5,0,207,209,7987,4,0,0,4,3
2020-10-30,US,Texas,McLennan,10194,141,0,31.55255453,-97.20217694,48309.0,3972.364129481769,1.3831665685697472,10053,10077,139,0,9938,10014,254607,117,2,0,115,63
2020-10-30,US,Texas,McMullen,25,1,0,28.35251708,-98.56769164,48311.0,3364.737550471063,4.0,24,25,1,0,24,25,749,0,0,0,0,0
2020-10-30,US,Texas,Medina,1287,48,0,29.355730100000002,-99.11030298,48325.0,2494.9596774193546,3.7296037296037294,1239,1285,48,0,1237,1276,50921,2,0,0,2,9
2020-10-30,US,Texas,Menard,78,0,0,30.88990665,-99.82047940000001,48327.0,3648.2694106641716,0.0,78,75,0,0,75,72,2139,3,0,0,3,3
2020-10-30,US,Texas,Midland,5540,95,0,31.86904128,-102.03156820000001,48329.0,3132.917119073471,1.7148014440433212,5445,5470,94,0,5376,5378,172578,70,1,0,69,92
2020-10-30,US,Texas,Milam,549,8,0,30.78581830000001,-96.97718698,48331.0,2211.658542480764,1.4571948998178506,541,549,8,0,541,548,25131,0,0,0,0,1
2020-10-30,US,Texas,Mills,79,1,0,31.49557106,-98.59272068,48333.0,1621.1779191463165,1.2658227848101269,78,78,1,0,77,76,4921,1,0,0,1,2
2020-10-30,US,Texas,Mitchell,201,2,0,32.30623474,-100.9212058,48335.0,2352.2527794031603,0.9950248756218906,199,196,2,0,194,193,8145,5,0,0,5,3
2020-10-30,US,Texas,Montague,293,6,0,33.67521893,-97.72500958,48337.0,1478.453930770007,2.04778156996587,287,290,6,0,284,284,19596,3,0,0,3,6
2020-10-30,US,Texas,Montgomery,14175,182,0,30.30079133,-95.50572772,48339.0,2333.752064156367,1.2839506172839503,13993,14076,179,0,13897,13996,590925,99,3,0,96,80
2020-10-30,US,Texas,Moore,1338,22,0,35.83769242,-101.8930281,48341.0,6389.684813753582,1.6442451420029895,1316,1345,22,0,1323,1345,21485,-7,0,0,-7,0
2020-10-30,US,Texas,Morris,232,5,0,33.11304005,-94.73255695,48343.0,1872.7801097836616,2.155172413793104,227,229,5,0,224,228,12339,3,0,0,3,1
2020-10-30,US,Texas,Motley,17,0,0,34.07408766,-100.77972199999999,48345.0,1416.666666666667,0.0,17,17,0,0,17,17,1234,0,0,0,0,0
2020-10-30,US,Texas,Nacogdoches,1816,70,0,31.62017125,-94.61803994,48347.0,2785.105208269432,3.8546255506607934,1746,1811,70,0,1741,1803,65711,5,0,0,5,8
2020-10-30,US,Texas,Navarro,1464,34,0,32.04620681,-96.47428766,48349.0,2921.397641330593,2.3224043715847,1430,1458,34,0,1424,1417,49565,6,0,0,6,41
2020-10-30,US,Texas,Newton,188,14,0,30.78548982,-93.74408813,48351.0,1382.8613460831189,7.446808510638298,174,188,14,0,174,188,13746,0,0,0,0,0
2020-10-30,US,Texas,Nolan,437,7,0,32.30365282,-100.4060208,48353.0,2969.960581758869,1.6018306636155606,430,426,6,0,420,420,14751,11,1,0,10,6
2020-10-30,US,Texas,Nueces,21312,442,0,27.736286,-97.5433285,48355.0,5882.515305249327,2.073948948948949,20870,21286,442,0,20844,21247,362265,26,0,0,26,39
2020-10-30,US,Texas,Ochiltree,310,5,0,36.27829105,-100.8158184,48357.0,3151.687677917853,1.6129032258064515,305,305,5,0,300,305,9947,5,0,0,5,0
2020-10-30,US,Texas,Oldham,27,2,0,35.40425596,-102.6027606,48359.0,1278.409090909091,7.407407407407407,25,27,2,0,25,27,2131,0,0,0,0,0
2020-10-30,US,Texas,Orange,2221,46,0,30.11879481,-93.89412775,48361.0,2663.1972756487116,2.071139126519586,2175,2221,46,0,2175,2187,83572,0,0,0,0,34
2020-10-30,US,Texas,Palo Pinto,736,21,0,32.75310985,-98.31319001,48363.0,2521.497824522937,2.8532608695652173,715,731,18,0,713,726,28875,5,3,0,2,5
2020-10-30,US,Texas,Panola,484,30,0,32.163959600000005,-94.30552481,48365.0,2086.746572389411,6.198347107438017,454,477,28,0,449,475,23148,7,2,0,5,2
2020-10-30,US,Texas,Parker,2518,51,0,32.77757172,-97.80500621,48367.0,1762.3426979660971,2.0254169976171563,2467,2504,50,0,2454,2490,138371,14,1,0,13,14
2020-10-30,US,Texas,Parmer,574,19,0,34.52993409,-102.78446679999999,48369.0,5976.054138469547,3.3101045296167246,555,579,19,0,560,579,9864,-5,0,0,-5,0
2020-10-30,US,Texas,Pecos,515,8,0,30.78097267,-102.72412609999999,48371.0,3254.7557353219995,1.5533980582524272,507,509,8,0,501,508,15673,6,0,0,6,1
2020-10-30,US,Texas,Polk,918,36,0,30.79472531,-94.82766240000001,48373.0,1787.6268182968865,3.92156862745098,882,918,36,0,882,914,50031,0,0,0,0,4
2020-10-30,US,Texas,Potter,8237,100,0,35.40133773,-101.893964,48375.0,7015.28765489929,1.2140342357654486,8137,8096,100,0,7996,8007,119648,141,0,0,141,89
2020-10-30,US,Texas,Presidio,172,7,0,29.99954402,-104.24080790000001,48377.0,2565.6324582338902,4.069767441860465,165,135,7,0,128,133,6948,37,0,0,37,2
2020-10-30,US,Texas,Rains,96,5,0,32.87109387,-95.79232691,48379.0,767.1408023014225,5.208333333333333,91,95,5,0,90,93,12159,1,0,0,1,2
2020-10-30,US,Texas,Randall,5327,57,0,34.96585996,-101.8971322,48381.0,3868.1896407746544,1.0700206495213065,5270,5218,57,0,5161,5218,136271,109,0,0,109,0
2020-10-30,US,Texas,Reagan,95,6,0,31.36607041,-101.52326590000001,48383.0,2468.173551571837,6.315789473684211,89,95,6,0,89,95,3741,0,0,0,0,0
2020-10-30,US,Texas,Real,125,8,0,29.83321503,-99.82018052,48385.0,3621.089223638471,6.4,117,125,8,0,117,125,3478,0,0,0,0,0
2020-10-30,US,Texas,Red River,202,17,0,33.61886692,-95.04841765,48387.0,1680.113116526657,8.415841584158416,185,199,17,0,182,199,12175,3,0,0,3,0
2020-10-30,US,Texas,Reeves,279,7,0,31.32323325,-103.69038959999999,48389.0,1746.3695543314973,2.508960573476702,272,277,7,0,270,271,15695,2,0,0,2,6
2020-10-30,US,Texas,Refugio,312,16,0,28.323897600000002,-97.15766311,48391.0,4490.500863557859,5.128205128205129,296,312,16,0,296,311,7032,0,0,0,0,1
2020-10-30,US,Texas,Roberts,14,0,0,35.83809685,-100.813175,48393.0,1639.344262295082,0.0,14,14,0,0,14,14,903,0,0,0,0,0
2020-10-30,US,Texas,Robertson,435,4,0,31.02539637,-96.51272246,48395.0,2547.7333958064896,0.9195402298850576,431,431,4,0,427,427,17284,4,0,0,4,4
2020-10-30,US,Texas,Rockwall,1984,33,0,32.89779518,-96.40771592,48397.0,1891.054663298861,1.6633064516129032,1951,1962,33,0,1929,1945,100657,22,0,0,22,17
2020-10-30,US,Texas,Runnels,302,9,0,31.8314342,-99.97616148,48399.0,2942.3226812159,2.9801324503311264,293,302,9,0,293,302,10234,0,0,0,0,0
2020-10-30,US,Texas,Rusk,1036,25,0,32.10773545,-94.76176432,48401.0,1904.201742454876,2.413127413127413,1011,1028,23,0,1005,1029,54450,8,2,0,6,-1
2020-10-30,US,Texas,Sabine,102,9,0,31.34318809,-93.85440451,48403.0,967.5583380762663,8.823529411764708,93,99,9,0,90,99,10589,3,0,0,3,0
2020-10-30,US,Texas,San Augustine,221,15,0,31.39457611,-94.17000399,48405.0,2683.0156610416416,6.787330316742081,206,221,15,0,206,221,8232,0,0,0,0,0
2020-10-30,US,Texas,San Jacinto,241,13,0,30.57933681,-95.16260304,48407.0,835.0947711285907,5.394190871369295,228,240,13,0,227,239,28719,1,0,0,1,1
2020-10-30,US,Texas,San Patricio,1572,81,0,28.00880118,-97.51763891,48409.0,2355.7620260752287,5.1526717557251915,1491,1572,81,0,1491,1572,66893,0,0,0,0,0
2020-10-30,US,Texas,San Saba,118,3,0,31.1577796,-98.81758731,48411.0,1948.8026424442608,2.5423728813559316,115,117,3,0,114,117,6054,1,0,0,1,0
2020-10-30,US,Texas,Schleicher,55,2,0,30.89740592,-100.5384842,48413.0,1969.2087361260294,3.636363636363636,53,55,2,0,53,55,2895,0,0,0,0,0
2020-10-30,US,Texas,Scurry,1125,16,0,32.74613808,-100.91626640000001,48415.0,6735.317008920553,1.4222222222222225,1109,1112,16,0,1096,1089,16866,13,0,0,13,23
2020-10-30,US,Texas,Shackelford,40,0,0,32.73587756,-99.35401337,48417.0,1225.1148545176109,0.0,40,40,0,0,40,39,3253,0,0,0,0,1
2020-10-30,US,Texas,Shelby,554,30,0,31.79211404,-94.14550696,48419.0,2191.9759436575137,5.415162454873647,524,553,30,0,523,550,25418,1,0,0,1,3
2020-10-30,US,Texas,Sherman,77,1,0,36.27751473,-101.8933156,48421.0,2547.981469225678,1.2987012987012987,76,77,1,0,76,77,3079,0,0,0,0,0
2020-10-30,US,Texas,Smith,4594,141,0,32.37474036,-95.27175679999999,48423.0,1973.7831416406373,3.069220722681759,4453,4581,139,0,4442,4541,230221,13,2,0,11,40
2020-10-30,US,Texas,Somervell,159,5,0,32.22236802,-97.77403489,48425.0,1741.8930762489044,3.1446540880503147,154,159,5,0,154,159,9016,0,0,0,0,0
2020-10-30,US,Texas,Starr,3580,185,0,26.56150059,-98.73892358,48427.0,5538.966162796095,5.167597765363128,3395,3578,185,0,3393,3562,64525,2,0,0,2,16
2020-10-30,US,Texas,Stephens,165,4,0,32.73553157,-98.83631615,48429.0,1761.6912235746313,2.4242424242424243,161,165,4,0,161,165,9433,0,0,0,0,0
2020-10-30,US,Texas,Sterling,20,0,0,31.82781912,-101.05007459999999,48431.0,1549.1866769945777,0.0,20,18,0,0,18,17,1311,2,0,0,2,1
2020-10-30,US,Texas,Stonewall,21,1,0,33.17906744,-100.25384009999999,48433.0,1555.5555555555554,4.761904761904762,20,19,1,0,18,19,1362,2,0,0,2,0
2020-10-30,US,Texas,Sutton,112,3,0,30.49856623,-100.5382014,48435.0,2966.101694915254,2.6785714285714284,109,111,3,0,108,110,3758,1,0,0,1,1
2020-10-30,US,Texas,Swisher,149,5,0,34.53028891,-101.73491740000001,48437.0,2014.3301338380427,3.355704697986577,144,152,5,0,147,152,7462,-3,0,0,-3,0
2020-10-30,US,Texas,Tarrant,66810,829,0,32.77143818,-97.29101614,48439.0,3177.622989610062,1.240832210746894,65981,66110,826,0,65284,65368,2084931,700,3,0,697,742
2020-10-30,US,Texas,Taylor,2197,69,0,32.30163422,-99.89007449,48441.0,1591.6368430966284,3.140646335912608,2128,2127,67,0,2060,2097,137640,70,2,0,68,30
2020-10-30,US,Texas,Terrell,4,0,0,30.22429013,-102.0766732,48443.0,515.4639175257731,0.0,4,4,0,0,4,4,823,0,0,0,0,0
2020-10-30,US,Texas,Terry,589,10,0,33.17402785,-102.3354521,48445.0,4774.256302180433,1.6977928692699489,579,573,9,0,564,535,12287,16,1,0,15,38
2020-10-30,US,Texas,Throckmorton,19,2,0,33.17751417,-99.21226795,48447.0,1265.822784810127,10.526315789473683,17,19,2,0,17,19,1515,0,0,0,0,0
2020-10-30,US,Texas,Titus,1745,36,0,33.21339719,-94.96797273,48449.0,5328.244274809161,2.0630372492836675,1709,1739,36,0,1703,1695,33033,6,0,0,6,44
2020-10-30,US,Texas,Tom Green,4924,81,0,31.40464436,-100.46244300000001,48451.0,4130.872483221477,1.645004061738424,4843,4862,80,0,4782,4803,118189,62,1,0,61,59
2020-10-30,US,Texas,Travis,32024,451,0,30.33432034,-97.78535620000001,48453.0,2513.748534091497,1.408318760929303,31573,31943,450,0,31493,31851,1248743,81,1,0,80,92
2020-10-30,US,Texas,Trinity,208,8,0,31.0879489,-95.1367187,48455.0,1419.698314108252,3.8461538461538463,200,206,8,0,198,206,14740,2,0,0,2,0
2020-10-30,US,Texas,Tyler,271,4,0,30.77031716,-94.37690895,48457.0,1250.4614248800294,1.4760147601476017,267,269,4,0,265,269,21696,2,0,0,2,0
2020-10-30,US,Texas,Upshur,511,15,0,32.73706798,-94.93999853,48459.0,1223.8641534740018,2.9354207436399222,496,499,15,0,484,498,41260,12,0,0,12,1
2020-10-30,US,Texas,Upton,27,3,0,31.36868194,-102.0423217,48461.0,738.3100902378999,11.111111111111109,24,27,3,0,24,27,3671,0,0,0,0,0
2020-10-30,US,Texas,Uvalde,839,37,0,29.35739637,-99.76229172,48463.0,3137.504207022924,4.410011918951132,802,836,36,0,800,833,26846,3,1,0,2,3
2020-10-30,US,Texas,Val Verde,2562,128,0,29.89149232,-101.1525205,48465.0,5225.905150433452,4.996096799375488,2434,2562,127,0,2435,2562,49208,0,1,0,-1,0
2020-10-30,US,Texas,Van Zandt,714,29,0,32.56483801,-95.83766469,48467.0,1261.707015373741,4.061624649859944,685,708,27,0,681,696,56019,6,2,0,4,12
2020-10-30,US,Texas,Victoria,4291,98,0,28.79780988,-96.96813006,48469.0,4659.875765605317,2.283849918433932,4193,4279,98,0,4181,4267,92035,12,0,0,12,12
2020-10-30,US,Texas,Walker,3927,62,0,30.73872995,-95.57440968,48471.0,5381.589946691151,1.5788133435192258,3865,3930,62,0,3868,3940,72480,-3,0,0,-3,-10
2020-10-30,US,Texas,Waller,1005,17,0,30.01058447,-95.99011759,48473.0,1819.1362270571624,1.6915422885572142,988,1004,17,0,987,984,53126,1,0,0,1,20
2020-10-30,US,Texas,Ward,172,1,0,31.50999644,-103.09279090000001,48475.0,1433.5722620436734,0.5813953488372093,171,166,1,0,165,164,11720,6,0,0,6,2
2020-10-30,US,Texas,Washington,710,50,0,30.21498498,-96.40946246,48477.0,1978.7079872916784,7.042253521126762,660,705,50,0,655,702,35108,5,0,0,5,3
2020-10-30,US,Texas,Webb,15175,355,0,27.7610369,-99.33237355,48479.0,5485.230542342004,2.339373970345964,14820,15175,355,0,14820,15175,275910,0,0,0,0,0
2020-10-30,US,Texas,Wharton,1441,60,0,29.27765923,-96.22319248,48481.0,3467.60997208586,4.163775156141568,1381,1440,59,0,1381,1433,41619,1,1,0,0,7
2020-10-30,US,Texas,Wheeler,86,0,0,35.40114335,-100.26995140000001,48483.0,1700.9493670886075,0.0,86,83,0,0,83,83,5191,3,0,0,3,0
2020-10-30,US,Texas,Wichita,3922,46,0,33.98842886,-98.70410340000001,48485.0,2966.044014217651,1.1728709841917389,3876,3844,45,0,3799,3752,132064,78,1,0,77,92
2020-10-30,US,Texas,Wilbarger,371,4,0,34.07945812,-99.24178437,48487.0,2905.4741953167827,1.0781671159029649,367,365,4,0,361,361,12820,6,0,0,6,4
2020-10-30,US,Texas,Willacy,1239,56,0,26.47411727,-97.61535848,48489.0,5801.10497237569,4.519774011299434,1183,1232,56,0,1176,1232,21515,7,0,0,7,0
2020-10-30,US,Texas,Williamson,9588,156,0,30.64655664,-97.60048540000001,48491.0,1623.5684978943393,1.6270337922403004,9432,9529,155,0,9374,9509,566719,59,1,0,58,20
2020-10-30,US,Texas,Wilson,1007,28,0,29.1732598,-98.08693082,48493.0,1971.8034070883105,2.780536246276068,979,1006,28,0,978,1003,50224,1,0,0,1,3
2020-10-30,US,Texas,Winkler,150,5,0,31.85008651,-103.04851629999999,48495.0,1872.6591760299625,3.333333333333333,145,150,5,0,145,149,7720,0,0,0,0,1
2020-10-30,US,Texas,Wise,959,16,0,33.21570665,-97.65460265,48497.0,1370.3132144490166,1.6684045881126173,943,944,15,0,929,930,68305,15,1,0,14,14
2020-10-30,US,Texas,Wood,655,40,0,32.78722382,-95.38236368,48499.0,1438.3275873427176,6.106870229007634,615,655,40,0,615,639,45129,0,0,0,0,16
2020-10-30,US,Texas,Yoakum,319,7,0,33.17320212,-102.82764329999999,48501.0,3661.195914151269,2.19435736677116,312,304,6,0,298,300,8591,15,1,0,14,4
2020-10-30,US,Texas,Young,605,10,0,33.17659707,-98.68790885,48503.0,3359.244863964464,1.6528925619834711,595,591,10,0,581,578,18045,14,0,0,14,13
2020-10-30,US,Texas,Zapata,357,9,0,27.00156391,-99.16987152,48505.0,2517.808025953876,2.5210084033613445,348,352,9,0,343,352,14190,5,0,0,5,0
2020-10-30,US,Texas,Zavala,470,19,0,28.86617238,-99.76050829,48507.0,3969.5945945945946,4.042553191489361,451,469,19,0,450,466,11983,1,0,0,1,3
2020-10-30,US,Utah,Bear River,5438,18,0,41.52106798,-113.08328159999999,0.0,2910.8544144568514,0.33100404560500185,5420,5336,18,0,5318,5197,,102,0,0,102,139
2020-10-30,US,Utah,Central Utah,1358,10,0,39.37231946,-111.5758676,0.0,1657.0271127705787,0.7363770250368189,1348,1318,10,0,1308,1293,,40,0,0,40,25
2020-10-30,US,Utah,Davis,8720,42,0,40.99001837,-112.1139997,49011.0,2453.014366449965,0.481651376146789,8678,8537,41,0,8496,8377,351713,183,1,0,182,160
2020-10-30,US,Utah,Salt Lake,48330,308,0,40.66616532,-111.92160109999999,49035.0,4164.8103257652065,0.6372853300227602,48022,47429,307,0,47122,46672,1152633,901,1,0,900,757
2020-10-30,US,Utah,San Juan,839,30,0,37.62762978,-109.80337140000002,49037.0,5480.794355892343,3.575685339690107,809,831,30,0,801,821,15449,8,0,0,8,10
2020-10-30,US,Utah,Southeast Utah,532,5,0,38.99617072,-110.70139579999999,0.0,1322.4290934400558,0.9398496240601504,527,512,5,0,507,488,,20,0,0,20,24
2020-10-30,US,Utah,Southwest Utah,6380,56,0,37.85447192,-111.4418764,0.0,2531.3241443886336,0.8777429467084642,6324,6273,56,0,6217,6153,,107,0,0,107,120
2020-10-30,US,Utah,Summit,1458,1,0,40.86688146,-110.9535882,49043.0,3459.4851109265637,0.06858710562414266,1457,1427,1,0,1426,1403,41933,31,0,0,31,24
2020-10-30,US,Utah,Tooele,1533,4,0,40.44862644,-113.12957150000001,49045.0,2121.5350336982247,0.2609262883235486,1529,1477,3,0,1474,1429,69907,56,1,0,55,48
2020-10-30,US,Utah,TriCounty,502,2,0,40.12491499,-109.5174415,0.0,886.5811875242838,0.398406374501992,500,470,2,0,468,453,,32,0,0,32,17
2020-10-30,US,Utah,Utah,29643,80,0,40.116672200000004,-111.66576620000001,49049.0,4659.127523635135,0.2698782174543737,29563,29030,80,0,28950,28681,622213,613,0,0,613,349
2020-10-30,US,Utah,Wasatch,1187,9,0,40.33110236,-111.1691419,49051.0,3481.8573817136494,0.7582139848357203,1178,1160,9,0,1151,1145,33240,27,0,0,27,15
2020-10-30,US,Utah,Weber-Morgan,7012,36,0,41.27116049,-111.9145117,0.0,2574.751135541627,0.513405590416429,6976,6840,36,0,6804,6691,,172,0,0,172,149
2020-10-30,US,Vermont,Addison,123,2,0,44.03217337,-73.14130877,50001.0,334.4481605351171,1.6260162601626016,121,122,2,0,120,120,36973,1,0,0,1,2
2020-10-30,US,Vermont,Bennington,142,1,0,43.03519828,-73.09048868,50003.0,400.3383140682267,0.7042253521126759,141,142,1,0,141,142,35631,0,0,0,0,0
2020-10-30,US,Vermont,Caledonia,44,0,0,44.46548598,-72.10314651,50005.0,146.7008968759377,0.0,44,44,0,0,44,44,30302,0,0,0,0,0
2020-10-30,US,Vermont,Chittenden,994,39,0,44.46322849,-73.08359212,50007.0,606.9339455591241,3.9235412474849096,955,986,39,0,947,977,164572,8,0,0,8,9
2020-10-30,US,Vermont,Essex,7,0,0,44.72736416,-71.73579864,50009.0,113.58104819081615,0.0,7,7,0,0,7,7,6250,0,0,0,0,0
2020-10-30,US,Vermont,Franklin,142,7,0,44.85627605,-72.91249563,50011.0,287.4377555564552,4.929577464788731,135,142,7,0,135,142,49421,0,0,0,0,0
2020-10-30,US,Vermont,Grand Isle,17,0,0,44.797582399999996,-73.29679772,50013.0,234.96890117484446,0.0,17,17,0,0,17,17,7090,0,0,0,0,0
2020-10-30,US,Vermont,Lamoille,63,1,0,44.60353043,-72.64356694,50015.0,248.403122782115,1.5873015873015872,62,63,1,0,62,63,25300,0,0,0,0,0
2020-10-30,US,Vermont,Orange,34,0,0,44.00470222,-72.37640104,50017.0,117.67963450089992,0.0,34,34,0,0,34,33,28999,0,0,0,0,1
2020-10-30,US,Vermont,Orleans,35,0,0,44.82964024,-72.24562697,50019.0,129.45223212634536,0.0,35,35,0,0,35,35,26907,0,0,0,0,0
2020-10-30,US,Vermont,Rutland,137,1,0,43.57723578,-73.03741676,50021.0,235.431595951264,0.7299270072992701,136,136,1,0,135,135,58672,1,0,0,1,1
2020-10-30,US,Vermont,Unassigned,8,0,0,0.0,0.0,90050.0,0.0,0.0,8,8,0,0,8,8,,0,0,0,0,0
2020-10-30,US,Vermont,Washington,133,2,0,44.27343241,-72.61604978,50023.0,227.70463455974246,1.5037593984962403,131,133,2,0,131,132,58140,0,0,0,0,1
2020-10-30,US,Vermont,Windham,151,3,0,42.986982,-72.71268875,50025.0,357.6334612287433,1.9867549668874167,148,148,3,0,145,146,42756,3,0,0,3,2
2020-10-30,US,Vermont,Windsor,125,2,0,43.58010937,-72.58595157,50027.0,227.01681740583342,1.6,123,124,2,0,122,119,55286,1,0,0,1,5
2020-10-30,US,Virginia,Accomack,1219,19,0,37.76707161,-75.63234615,51001.0,3772.1252630276026,1.5586546349466777,1200,1214,19,0,1195,1214,32412,5,0,0,5,0
2020-10-30,US,Virginia,Albemarle,1606,24,0,38.02080697,-78.55481085,51003.0,1468.9472240007315,1.49439601494396,1582,1593,24,0,1569,1585,108718,13,0,0,13,8
2020-10-30,US,Virginia,Alexandria,4303,74,0,38.814003,-77.08183073,51510.0,2699.0240108387484,1.7197304206367647,4229,4285,74,0,4211,4269,160530,18,0,0,18,16
2020-10-30,US,Virginia,Alleghany,115,4,0,37.78636074,-80.00222498,51005.0,773.8896366083445,3.4782608695652173,111,114,4,0,110,112,14910,1,0,0,1,2
2020-10-30,US,Virginia,Amelia,148,6,0,37.34081025,-77.98584649,51007.0,1125.9033853176113,4.0540540540540535,142,147,6,0,141,147,13013,1,0,0,1,0
2020-10-30,US,Virginia,Amherst,619,6,0,37.60308293,-79.14548696,51009.0,1958.5508622053478,0.9693053311793216,613,614,6,0,608,600,31666,5,0,0,5,14
2020-10-30,US,Virginia,Appomattox,303,6,0,37.37569884,-78.81340003,51011.0,1904.3429074225376,1.98019801980198,297,300,6,0,294,292,15841,3,0,0,3,8
2020-10-30,US,Virginia,Arlington,4686,154,0,38.8767675,-77.10139853,51013.0,1978.5342126818725,3.286384976525821,4532,4647,154,0,4493,4630,237521,39,0,0,39,17
2020-10-30,US,Virginia,Augusta,701,9,0,38.16404586,-79.12461614,51015.0,927.7641017496492,1.2838801711840229,692,687,9,0,678,679,75457,14,0,0,14,8
2020-10-30,US,Virginia,Bath,25,0,0,38.05852573,-79.73912095,51017.0,602.8454304316373,0.0,25,24,0,0,24,24,4292,1,0,0,1,0
2020-10-30,US,Virginia,Bedford,1283,18,0,37.3080028,-79.5281964,51019.0,1624.1123080623315,1.4029618082618862,1265,1262,18,0,1244,1234,78747,21,0,0,21,28
2020-10-30,US,Virginia,Bland,73,5,0,37.13128068,-81.13599391,51021.0,1162.4203821656054,6.849315068493151,68,71,5,0,66,72,6293,2,0,0,2,-1
2020-10-30,US,Virginia,Botetourt,414,12,0,37.55531756,-79.80982182,51023.0,1238.8162422573985,2.898550724637681,402,405,12,0,393,397,33277,9,0,0,9,8
2020-10-30,US,Virginia,Bristol,304,7,0,36.616302399999995,-82.16359122,51520.0,1813.6260589428464,2.3026315789473686,297,284,7,0,277,277,16482,20,0,0,20,7
2020-10-30,US,Virginia,Brunswick,424,5,0,36.76366949,-77.8593436,51025.0,2612.2851333867293,1.179245283018868,419,421,5,0,416,420,16384,3,0,0,3,1
2020-10-30,US,Virginia,Buchanan,273,4,0,37.26818323,-82.03749726,51027.0,1299.7524281089313,1.465201465201465,269,268,3,0,265,266,21221,5,1,0,4,2
2020-10-30,US,Virginia,Buckingham,756,9,0,37.57242268,-78.52518834,51029.0,4408.677396780966,1.1904761904761905,747,751,9,0,742,737,16999,5,0,0,5,14
2020-10-30,US,Virginia,Buena Vista,124,1,0,37.73484642,-79.35296097,51530.0,1914.1710404445816,0.8064516129032258,123,121,1,0,120,121,6237,3,0,0,3,0
2020-10-30,US,Virginia,Campbell,771,8,0,37.20553386,-79.09678609,51031.0,1404.755397649631,1.0376134889753568,763,753,8,0,745,739,54973,18,0,0,18,14
2020-10-30,US,Virginia,Caroline,435,6,0,38.02679129,-77.34901405,51033.0,1415.7851912123679,1.3793103448275863,429,429,6,0,423,422,30772,6,0,0,6,7
2020-10-30,US,Virginia,Carroll,625,29,0,36.73066666,-80.73455942,51035.0,2097.9490450135945,4.64,596,615,29,0,586,611,29636,10,0,0,10,4
2020-10-30,US,Virginia,Charles City,102,5,0,37.35358063,-77.05634116,51036.0,1464.8858250753985,4.901960784313727,97,102,5,0,97,102,6941,0,0,0,0,0
2020-10-30,US,Virginia,Charlotte,221,1,0,37.01909701,-78.66314092,51037.0,1860.2693602693603,0.4524886877828054,220,216,1,0,215,213,11938,5,0,0,5,3
2020-10-30,US,Virginia,Charlottesville,1615,31,0,38.03527919,-78.48569588,51540.0,3416.8323953793433,1.9195046439628485,1584,1607,31,0,1576,1597,48117,8,0,0,8,10
2020-10-30,US,Virginia,Chesapeake,4972,79,0,36.67670048,-76.30545744,51550.0,2030.7554067024728,1.5888978278358807,4893,4945,79,0,4866,4921,242634,27,0,0,27,24
2020-10-30,US,Virginia,Chesterfield,7212,119,0,37.37373208,-77.58680140000001,51041.0,2044.2060986048832,1.6500277315585137,7093,7162,118,0,7044,7111,348556,50,1,0,49,51
2020-10-30,US,Virginia,Clarke,121,1,0,39.11271747,-77.99199425,51043.0,827.6899924755455,0.8264462809917356,120,121,1,0,120,120,14523,0,0,0,0,1
2020-10-30,US,Virginia,Colonial Heights,312,26,0,37.26420587,-77.39609676,51570.0,1796.2003454231433,8.333333333333334,286,309,26,0,283,308,17833,3,0,0,3,1
2020-10-30,US,Virginia,Covington,37,0,0,37.7824656,-79.98631446,51580.0,668.1112314915132,0.0,37,37,0,0,37,37,5460,0,0,0,0,0
2020-10-30,US,Virginia,Craig,50,0,0,37.48133648,-80.21072274,51045.0,974.4689144416292,0.0,50,50,0,0,50,49,5064,0,0,0,0,1
2020-10-30,US,Virginia,Culpeper,1393,18,0,38.48199985,-77.95630870000002,51047.0,2648.037258815702,1.2921751615218953,1375,1390,18,0,1372,1381,51859,3,0,0,3,9
2020-10-30,US,Virginia,Cumberland,123,2,0,37.51328851,-78.24398086,51049.0,1238.421264599275,1.6260162601626016,121,121,2,0,119,119,9809,2,0,0,2,2
2020-10-30,US,Virginia,Danville,1229,44,0,36.58022376,-79.40395668,51590.0,3069.1239636399955,3.580146460537022,1185,1215,44,0,1171,1201,40693,14,0,0,14,14
2020-10-30,US,Virginia,Dickenson,146,1,0,37.12560977,-82.35124171,51051.0,1019.6954881966756,0.6849315068493149,145,143,1,0,142,142,14523,3,0,0,3,1
2020-10-30,US,Virginia,Dinwiddie,536,12,0,37.07544585,-77.63451754,51053.0,1877.8026905829602,2.238805970149253,524,533,12,0,521,527,28529,3,0,0,3,6
2020-10-30,US,Virginia,Emporia,299,28,0,36.69455571,-77.53406129,51595.0,5592.966704077815,9.364548494983277,271,297,28,0,269,296,5121,2,0,0,2,1
2020-10-30,US,Virginia,Essex,200,2,0,37.93357639,-76.94230311,51057.0,1825.983748744636,1.0,198,198,2,0,196,197,10919,2,0,0,2,1
2020-10-30,US,Virginia,Fairfax,23944,605,0,38.83677558,-77.27565836,51059.0,2086.564906250981,2.526729034413632,23339,23832,605,0,23227,23648,1150795,112,0,0,112,184
2020-10-30,US,Virginia,Fairfax,23944,605,0,38.83677558,-77.27565836,51059.0,2086.564906250981,2.526729034413632,23339,23832,605,0,23227,23648,24574,112,0,0,112,184
2020-10-30,US,Virginia,Fairfax City,163,8,0,38.85157547,-77.29779640000002,51600.0,678.6294183771181,4.9079754601227,155,160,8,0,152,159,24574,3,0,0,3,1
2020-10-30,US,Virginia,Falls Church,75,7,0,38.88485255,-77.17560759,51610.0,513.1011835533967,9.333333333333334,68,75,7,0,68,75,14772,0,0,0,0,0
2020-10-30,US,Virginia,Fauquier,1114,27,0,38.73564842,-77.80647472,51061.0,1564.1234450029485,2.4236983842010766,1087,1110,27,0,1083,1093,70675,4,0,0,4,17
2020-10-30,US,Virginia,Floyd,250,15,0,36.9302126,-80.36738849,51063.0,1587.4023747539527,6.0,235,249,15,0,234,248,15795,1,0,0,1,1
2020-10-30,US,Virginia,Fluvanna,433,9,0,37.84157909,-78.27715475,51065.0,1587.8254492115875,2.07852193995381,424,430,9,0,421,428,26783,3,0,0,3,2
2020-10-30,US,Virginia,Franklin,902,6,0,36.99536167,-79.88023649,51067.0,1609.5071553477744,0.6651884700665188,896,886,6,0,880,846,56195,16,0,0,16,40
2020-10-30,US,Virginia,Franklin,902,6,0,36.99536167,-79.88023649,51067.0,1609.5071553477744,0.6651884700665188,896,886,6,0,880,846,8013,16,0,0,16,40
2020-10-30,US,Virginia,Franklin City,506,13,0,36.6831435,-76.93859681,51620.0,6351.198694615288,2.569169960474308,493,498,13,0,485,498,8013,8,0,0,8,0
2020-10-30,US,Virginia,Frederick,1195,14,0,39.20172582,-78.25974949,51069.0,1337.9911099168096,1.1715481171548117,1181,1186,13,0,1173,1181,88355,9,1,0,8,5
2020-10-30,US,Virginia,Fredericksburg,594,6,0,38.2977863,-77.4922454,51630.0,2045.7363273178125,1.0101010101010102,588,591,6,0,585,588,29144,3,0,0,3,3
2020-10-30,US,Virginia,Galax,455,30,0,36.66601852,-80.91703124,51640.0,7168.741137545297,6.593406593406592,425,453,30,0,423,448,6423,2,0,0,2,5
2020-10-30,US,Virginia,Giles,140,0,0,37.31234791,-80.70636931,51071.0,837.3205741626795,0.0,140,135,0,0,135,134,16844,5,0,0,5,1
2020-10-30,US,Virginia,Gloucester,352,3,0,37.40809042,-76.53524337,51073.0,942.4868801542253,0.8522727272727273,349,352,3,0,349,350,37349,0,0,0,0,2
2020-10-30,US,Virginia,Goochland,331,7,0,37.71714806,-77.90381514,51075.0,1393.5081884393549,2.114803625377644,324,331,7,0,324,330,23244,0,0,0,0,1
2020-10-30,US,Virginia,Grayson,392,19,0,36.65677234,-81.23215889,51077.0,2520.9003215434077,4.846938775510204,373,388,19,0,369,379,15631,4,0,0,4,9
2020-10-30,US,Virginia,Greene,294,3,0,38.29545894,-78.46525378,51079.0,1483.4249962157526,1.020408163265306,291,293,3,0,290,293,19779,1,0,0,1,0
2020-10-30,US,Virginia,Greensville,906,15,0,36.67878901,-77.56351439,51081.0,7992.237120677488,1.6556291390728477,891,906,15,0,891,900,11627,0,0,0,0,6
2020-10-30,US,Virginia,Halifax,545,8,0,36.76654925,-78.93512622,51083.0,1607.148123027926,1.4678899082568808,537,536,8,0,528,523,34120,9,0,0,9,13
2020-10-30,US,Virginia,Hampton,2147,32,0,37.03513786,-76.35879121,51650.0,1596.163853988551,1.4904517931998138,2115,2138,32,0,2106,2125,134313,9,0,0,9,13
2020-10-30,US,Virginia,Hanover,1672,44,0,37.7583355,-77.49464673,51085.0,1551.509752612141,2.631578947368421,1628,1666,44,0,1622,1642,107239,6,0,0,6,24
2020-10-30,US,Virginia,Harrisonburg,3113,35,0,38.43542574,-78.87536254,51660.0,5871.812283084352,1.1243173787343401,3078,3050,35,0,3015,3040,54033,63,0,0,63,10
2020-10-30,US,Virginia,Henrico,6439,240,0,37.53460572,-77.39326555,51087.0,1946.387439619368,3.727286845783506,6199,6394,239,0,6155,6342,329261,45,1,0,44,52
2020-10-30,US,Virginia,Henry,1365,32,0,36.68542395,-79.87634026,51089.0,2699.922859346876,2.3443223443223444,1333,1336,32,0,1304,1326,50953,29,0,0,29,10
2020-10-30,US,Virginia,Highland,10,0,0,38.35799465,-79.56124594,51091.0,456.6210045662101,0.0,10,10,0,0,10,10,2210,0,0,0,0,0
2020-10-30,US,Virginia,Hopewell,528,7,0,37.29186313,-77.29754684,51670.0,2343.64596741977,1.3257575757575757,521,520,7,0,513,515,22596,8,0,0,8,5
2020-10-30,US,Virginia,Isle of Wight,878,26,0,36.90579348,-76.70842863,51093.0,2366.002856449918,2.9612756264236904,852,875,26,0,849,870,36953,3,0,0,3,5
2020-10-30,US,Virginia,James City,965,22,0,37.31156958,-76.76950618,51095.0,1261.0587666453225,2.2797927461139897,943,960,22,0,938,954,76397,5,0,0,5,6
2020-10-30,US,Virginia,King George,284,5,0,38.26818502,-77.15852768,51099.0,1058.2799224921746,1.7605633802816902,279,278,5,0,273,275,26575,6,0,0,6,3
2020-10-30,US,Virginia,King William,212,4,0,37.70965316,-77.09384941,51101.0,1236.2957779332867,1.8867924528301887,208,211,4,0,207,208,16939,1,0,0,1,3
2020-10-30,US,Virginia,King and Queen,85,2,0,37.71044922,-76.88689628,51097.0,1209.964412811388,2.3529411764705883,83,85,2,0,83,85,7042,0,0,0,0,0
2020-10-30,US,Virginia,Lancaster,202,1,0,37.71889653,-76.46400482,51103.0,1905.121192115439,0.4950495049504951,201,200,1,0,199,200,10783,2,0,0,2,0
2020-10-30,US,Virginia,Lee,516,10,0,36.70586667,-83.12606515,51105.0,2202.962899713956,1.937984496124031,506,509,10,0,499,496,23541,7,0,0,7,13
2020-10-30,US,Virginia,Lexington,246,1,0,37.78258621,-79.44262866,51678.0,3303.7872683319897,0.4065040650406504,245,239,1,0,238,238,7136,7,0,0,7,1
2020-10-30,US,Virginia,Loudoun,7946,130,0,39.08990083,-77.63481877,51107.0,1921.4679183049689,1.636043292222502,7816,7908,130,0,7778,7876,406850,38,0,0,38,32
2020-10-30,US,Virginia,Louisa,410,8,0,37.97850256,-77.96274807,51109.0,1090.686600516081,1.951219512195122,402,404,8,0,396,398,36778,6,0,0,6,6
2020-10-30,US,Virginia,Lunenburg,154,4,0,36.94618528,-78.24133319,51111.0,1262.709084945884,2.5974025974025974,150,152,4,0,148,152,12086,2,0,0,2,0
2020-10-30,US,Virginia,Lynchburg,2043,28,0,37.40021399,-79.19888138,51680.0,2486.369389543375,1.3705335291238374,2015,2016,27,0,1989,1987,82126,27,1,0,26,29
2020-10-30,US,Virginia,Madison,133,3,0,38.41531222,-78.28220331,51113.0,1002.9409546791344,2.255639097744361,130,133,3,0,130,130,13295,0,0,0,0,3
2020-10-30,US,Virginia,Manassas,2054,27,0,38.7464321,-77.48509905,51683.0,4999.391505415601,1.3145082765335931,2027,2050,27,0,2023,2045,41641,4,0,0,4,5
2020-10-30,US,Virginia,Manassas Park,654,8,0,38.77058531,-77.44399307,51685.0,3741.846893237213,1.2232415902140672,646,653,8,0,645,648,17307,1,0,0,1,5
2020-10-30,US,Virginia,Martinsville,494,25,0,36.68212094,-79.86352771,51690.0,3935.0007965588647,5.060728744939271,469,488,25,0,463,483,12902,6,0,0,6,5
2020-10-30,US,Virginia,Mathews,137,0,0,37.44164146,-76.34098896,51115.0,1550.826352728096,0.0,137,136,0,0,136,135,8802,1,0,0,1,1
2020-10-30,US,Virginia,Mecklenburg,899,35,0,36.67882005,-78.36131056,51117.0,2939.157158269853,3.8932146829810894,864,888,35,0,853,882,30650,11,0,0,11,6
2020-10-30,US,Virginia,Middlesex,147,11,0,37.63191998,-76.55064617,51119.0,1389.1513891513891,7.482993197278912,136,146,11,0,135,146,10769,1,0,0,1,0
2020-10-30,US,Virginia,Montgomery,2884,5,0,37.17746986,-80.37868691,51121.0,2926.8787740396806,0.17337031900138694,2879,2812,5,0,2807,2788,98985,72,0,0,72,24
2020-10-30,US,Virginia,Nelson,140,2,0,37.78790447,-78.88498513,51125.0,937.7093101138647,1.4285714285714286,138,140,2,0,138,137,14836,0,0,0,0,3
2020-10-30,US,Virginia,New Kent,295,3,0,37.50694406,-76.99828634,51127.0,1277.554025377853,1.0169491525423728,292,294,3,0,291,288,22391,1,0,0,1,6
2020-10-30,US,Virginia,Newport News,3247,51,0,37.08166899,-76.51754109,51700.0,1811.689217464081,1.5706806282722514,3196,3225,51,0,3174,3205,178626,22,0,0,22,20
2020-10-30,US,Virginia,Norfolk,5445,84,0,36.89934014,-76.26420872,51710.0,2243.122327409348,1.5426997245179064,5361,5419,84,0,5335,5395,244076,26,0,0,26,24
2020-10-30,US,Virginia,Northampton,320,31,0,37.34062933,-75.87751591,51131.0,2732.707087959009,9.6875,289,320,31,0,289,319,11735,0,0,0,0,1
2020-10-30,US,Virginia,Northumberland,224,7,0,37.89202088,-76.41949732,51133.0,1852.0049607275726,3.125,217,224,7,0,217,224,12147,0,0,0,0,0
2020-10-30,US,Virginia,Norton,51,0,0,36.93357076,-82.62750411,51720.0,1281.085154483798,0.0,51,51,0,0,51,51,3968,0,0,0,0,0
2020-10-30,US,Virginia,Nottoway,359,21,0,37.1435975,-78.05065922,51135.0,2356.88025210084,5.8495821727019495,338,358,21,0,337,356,15420,1,0,0,1,2
2020-10-30,US,Virginia,Orange,419,5,0,38.24530219,-78.01560400000002,51137.0,1130.8736606299424,1.1933174224343674,414,412,5,0,407,406,36644,7,0,0,7,6
2020-10-30,US,Virginia,Page,483,30,0,38.61807452,-78.48797204,51139.0,2020.7514015563552,6.211180124223603,453,482,31,0,451,478,23933,1,-1,0,2,4
2020-10-30,US,Virginia,Patrick,327,27,0,36.680163799999995,-80.2865648,51141.0,1857.110404361653,8.256880733944952,300,320,27,0,293,320,17673,7,0,0,7,0
2020-10-30,US,Virginia,Petersburg,948,30,0,37.20530399,-77.39368102,51730.0,3024.3093217635424,3.1645569620253164,918,936,30,0,906,925,31567,12,0,0,12,11
2020-10-30,US,Virginia,Pittsylvania,1339,17,0,36.81980341,-79.39731264,51143.0,2218.5770620008616,1.2696041822255415,1322,1323,17,0,1306,1307,60949,16,0,0,16,16
2020-10-30,US,Virginia,Poquoson,98,2,0,37.14259351,-76.35798148,51735.0,798.6309184255562,2.0408163265306123,96,97,2,0,95,97,12190,1,0,0,1,0
2020-10-30,US,Virginia,Portsmouth,2858,69,0,36.85914825,-76.35971629,51740.0,3027.6065170872266,2.4142757172848146,2789,2852,69,0,2783,2838,94632,6,0,0,6,14
2020-10-30,US,Virginia,Powhatan,316,5,0,37.55016038,-77.91267882,51145.0,1065.6953999730204,1.5822784810126582,311,315,5,0,310,313,29189,1,0,0,1,2
2020-10-30,US,Virginia,Prince Edward,774,13,0,37.22554789,-78.43597949,51147.0,3394.4390842908515,1.6795865633074936,761,768,13,0,755,765,22950,6,0,0,6,3
2020-10-30,US,Virginia,Prince George,1116,7,0,37.18497668,-77.22922187,51149.0,2909.81148801919,0.6272401433691757,1109,1105,7,0,1098,1091,38082,11,0,0,11,14
2020-10-30,US,Virginia,Prince William,14447,223,0,38.70916224,-77.48713689,51153.0,3071.640426504513,1.5435730601508963,14224,14350,223,0,14127,14235,468011,97,0,0,97,115
2020-10-30,US,Virginia,Pulaski,303,6,0,37.06474963,-80.71229738,51155.0,890.469333176595,1.98019801980198,297,302,6,0,296,299,34066,1,0,0,1,3
2020-10-30,US,Virginia,Radford,955,1,0,37.12222899,-80.56027320000003,51750.0,5233.163461011562,0.10471204188481677,954,939,1,0,938,935,18339,16,0,0,16,4
2020-10-30,US,Virginia,Rappahannock,70,2,0,38.68295619,-78.15826963,51157.0,949.796472184532,2.8571428571428568,68,72,2,0,70,70,7252,-2,0,0,-2,2
2020-10-30,US,Virginia,Richmond,373,4,0,37.937575,-76.72920628,51159.0,4133.880084229192,1.0723860589812333,369,370,4,0,366,366,9038,3,0,0,3,4
2020-10-30,US,Virginia,Richmond City,5394,77,0,37.53255773,-77.47966921,51760.0,2340.7800864448263,1.4275120504263996,5317,5368,77,0,5291,5355,228783,26,0,0,26,13
2020-10-30,US,Virginia,Roanoke,1575,14,0,37.26865804,-80.06396753,51161.0,1672.2230480113815,0.8888888888888888,1561,1541,14,0,1527,1510,94073,34,0,0,34,31
2020-10-30,US,Virginia,Roanoke City,2877,41,0,37.27791025,-79.96189766,51770.0,2901.869017479802,1.425095585679527,2836,2810,41,0,2769,2771,99920,67,0,0,67,39
2020-10-30,US,Virginia,Rockbridge,153,3,0,37.81204314,-79.44605905,51163.0,677.8009125946928,1.96078431372549,150,153,3,0,150,153,22752,0,0,0,0,0
2020-10-30,US,Virginia,Rockingham,1777,27,0,38.51006137,-78.87260325,51165.0,2168.4482842778352,1.5194147439504784,1750,1769,27,0,1742,1764,81244,8,0,0,8,5
2020-10-30,US,Virginia,Russell,507,8,0,36.93028320000001,-82.10095486,51167.0,1907.0187316632807,1.5779092702169626,499,494,8,0,486,483,26748,13,0,0,13,11
2020-10-30,US,Virginia,Salem,595,7,0,37.2836193,-80.06219455,51775.0,2351.6857041223666,1.1764705882352942,588,584,7,0,577,572,25643,11,0,0,11,12
2020-10-30,US,Virginia,Scott,423,6,0,36.71466456,-82.60171704,51169.0,1961.42075489196,1.4184397163120568,417,404,6,0,398,392,21534,19,0,0,19,12
2020-10-30,US,Virginia,Shenandoah,986,61,0,38.85905135,-78.56813762,51171.0,2260.6382978723404,6.18661257606491,925,975,61,0,914,967,43497,11,0,0,11,8
2020-10-30,US,Virginia,Smyth,638,27,0,36.84455636,-81.53344948,51173.0,2119.3196917353175,4.231974921630093,611,633,27,0,606,627,30472,5,0,0,5,6
2020-10-30,US,Virginia,Southampton,933,38,0,36.72231125,-77.10642712,51175.0,5291.8155521524595,4.072883172561629,895,923,38,0,885,923,17586,10,0,0,10,0
2020-10-30,US,Virginia,Spotsylvania,2479,54,0,38.18574462,-77.655399,51177.0,1819.9170429101048,2.17829770068576,2425,2468,54,0,2414,2450,134238,11,0,0,11,18
2020-10-30,US,Virginia,Stafford,2408,21,0,38.41758738,-77.45917053,51179.0,1575.0709697675336,0.8720930232558141,2387,2396,21,0,2375,2373,149960,12,0,0,12,23
2020-10-30,US,Virginia,Staunton,404,4,0,38.15965544,-79.05979937,51790.0,1620.4075084229105,0.99009900990099,400,402,3,0,399,395,24922,2,1,0,1,7
2020-10-30,US,Virginia,Suffolk,2324,78,0,36.70155394,-76.63603554,51800.0,2523.1250271420513,3.3562822719449223,2246,2317,78,0,2239,2300,91185,7,0,0,7,17
2020-10-30,US,Virginia,Surry,142,5,0,37.11781893,-76.88450012,51181.0,2211.149174711928,3.5211267605633805,137,142,5,0,137,141,6474,0,0,0,0,1
2020-10-30,US,Virginia,Sussex,641,13,0,36.92432914,-77.25791182,51183.0,5744.242315619679,2.0280811232449296,628,638,13,0,625,639,11237,3,0,0,3,-1
2020-10-30,US,Virginia,Tazewell,546,2,0,37.12191123,-81.56685568,51185.0,1344.99322576672,0.3663003663003663,544,529,2,0,527,519,40855,17,0,0,17,10
2020-10-30,US,Virginia,Virginia Beach,8057,108,0,36.73285734,-76.04566934,51810.0,1790.547898323014,1.3404492987464316,7949,8001,106,0,7895,7926,450189,56,2,0,54,75
2020-10-30,US,Virginia,Warren,615,21,0,38.90847745,-78.20280433,51187.0,1531.2219898416492,3.414634146341464,594,605,21,0,584,603,40003,10,0,0,10,2
2020-10-30,US,Virginia,Washington,1019,26,0,36.72341572,-81.95666289,51191.0,1896.1667286937106,2.5515210991167807,993,1010,26,0,984,994,54402,9,0,0,9,16
2020-10-30,US,Virginia,Waynesboro,400,4,0,38.06451466,-78.90293905,51820.0,1767.5651789659744,1.0,396,399,4,0,395,397,22628,1,0,0,1,2
2020-10-30,US,Virginia,Westmoreland,348,5,0,38.11021557,-76.80213247,51193.0,1931.7235636969192,1.4367816091954022,343,343,5,0,338,340,17830,5,0,0,5,3
2020-10-30,US,Virginia,Williamsburg,219,8,0,37.28131268,-76.70905141,51830.0,1464.4911060585794,3.6529680365296797,211,218,8,0,210,216,14896,1,0,0,1,2
2020-10-30,US,Virginia,Winchester,627,5,0,39.17054517,-78.17325058,51840.0,2233.0650331220168,0.7974481658692185,622,621,5,0,616,617,28108,6,0,0,6,4
2020-10-30,US,Virginia,Wise,669,10,0,36.9746148,-82.62410519,51195.0,1789.5835005216275,1.4947683109118086,659,660,10,0,650,638,38012,9,0,0,9,22
2020-10-30,US,Virginia,Wythe,343,6,0,36.91582035,-81.07834059,51197.0,1195.7885929438016,1.749271137026239,337,341,6,0,335,339,28754,2,0,0,2,2
2020-10-30,US,Virginia,York,650,9,0,37.24374789,-76.54412815,51199.0,951.9625073227884,1.3846153846153846,641,646,9,0,637,644,67846,4,0,0,4,2
2020-10-30,US,Washington,Adams,928,11,0,46.98299757,-118.56017340000001,53001.0,4643.947355251964,1.1853448275862069,917,924,11,0,913,922,19759,4,0,0,4,2
2020-10-30,US,Washington,Asotin,275,8,0,46.18894415,-117.2022851,53003.0,1217.7840758125942,2.9090909090909087,267,252,8,0,244,237,22610,23,0,0,23,15
2020-10-30,US,Washington,Benton,5292,135,0,46.23946995,-119.51208340000001,53005.0,2589.1677675033025,2.5510204081632653,5157,5275,135,0,5140,5265,201877,17,0,0,17,10
2020-10-30,US,Washington,Chelan,2014,17,0,47.87046092,-120.6173956,53007.0,2608.8082901554403,0.8440913604766633,1997,2006,17,0,1989,2004,77036,8,0,0,8,2
2020-10-30,US,Washington,Clallam,269,1,0,48.04754642,-123.92263190000001,53009.0,347.85532322095924,0.3717472118959108,268,269,1,0,268,269,76737,0,0,0,0,0
2020-10-30,US,Washington,Clark,4473,79,0,45.77568046,-122.48292040000001,53011.0,916.145919740456,1.7661524703778224,4394,4417,79,0,4338,4385,481857,56,0,0,56,32
2020-10-30,US,Washington,Columbia,16,1,0,46.29442881,-117.9051983,53013.0,401.50564617314933,6.25,15,14,1,0,13,14,4059,2,0,0,2,0
2020-10-30,US,Washington,Cowlitz,823,7,0,46.19074721,-122.6782231,53015.0,744.1700650131563,0.8505467800729041,816,817,7,0,810,807,108987,6,0,0,6,10
2020-10-30,US,Washington,Douglas,1239,11,0,47.7361335,-119.69293700000001,53017.0,2852.9323723779053,0.8878127522195319,1228,1237,11,0,1226,1235,42907,2,0,0,2,2
2020-10-30,US,Washington,Ferry,35,0,0,48.471143100000006,-118.5154041,53019.0,458.89602727153533,0.0,35,35,0,0,35,34,7649,0,0,0,0,1
2020-10-30,US,Washington,Franklin,4885,68,0,46.53351425,-118.9018212,53021.0,5130.116989771272,1.3920163766632547,4817,4869,67,0,4802,4858,94347,16,1,0,15,11
2020-10-30,US,Washington,Garfield,23,0,0,46.43197502,-117.54540320000001,53023.0,1033.7078651685392,0.0,23,17,0,0,17,16,2247,6,0,0,6,1
2020-10-30,US,Washington,Grant,3363,28,0,47.20753737,-119.4500749,53025.0,3441.0076432729993,0.8325899494498961,3335,3350,28,0,3322,3336,97331,13,0,0,13,14
2020-10-30,US,Washington,Grays Harbor,719,11,0,47.14003705,-123.7820567,53027.0,957.8875847643916,1.5299026425591098,708,714,11,0,703,709,73901,5,0,0,5,5
2020-10-30,US,Washington,Island,393,12,0,48.14713305,-122.5216407,53029.0,461.5872493863121,3.053435114503817,381,384,12,0,372,382,84460,9,0,0,9,2
2020-10-30,US,Washington,Jefferson,88,0,0,47.75003077,-123.56097040000002,53031.0,273.1138077651221,0.0,88,87,0,0,87,87,31729,1,0,0,1,0
2020-10-30,US,Washington,King,27353,815,0,47.49137892,-121.8346131,53033.0,1214.1876133598364,2.97956348480971,26538,27021,814,0,26207,26789,2233163,332,1,0,331,232
2020-10-30,US,Washington,Kitsap,1547,22,0,47.63479026,-122.6436061,53035.0,569.8540923038387,1.4221073044602457,1525,1527,22,0,1505,1506,269805,20,0,0,20,21
2020-10-30,US,Washington,Kittitas,769,22,0,47.12521214,-120.67943899999999,53037.0,1604.2557630124127,2.860858257477243,747,749,22,0,727,735,47364,20,0,0,20,14
2020-10-30,US,Washington,Klickitat,211,3,0,45.87325839,-120.7913598,53039.0,940.9141583054628,1.4218009478672986,208,208,3,0,205,208,22107,3,0,0,3,0
2020-10-30,US,Washington,Lewis,740,12,0,46.57756476,-122.39257690000001,53041.0,916.8969234391068,1.6216216216216215,728,731,12,0,719,718,79604,9,0,0,9,13
2020-10-30,US,Washington,Lincoln,80,2,0,47.57705241,-118.41943880000001,53043.0,731.3282749794313,2.5,78,79,2,0,77,77,10740,1,0,0,1,2
2020-10-30,US,Washington,Mason,528,10,0,47.35007586,-123.1863685,53045.0,790.7979870596691,1.893939393939394,518,524,10,0,514,520,65507,4,0,0,4,4
2020-10-30,US,Washington,Okanogan,1123,11,0,48.54855019,-119.73872240000001,53047.0,2658.4286153918993,0.9795191451469278,1112,1114,11,0,1103,1107,42132,9,0,0,9,7
2020-10-30,US,Washington,Pacific,119,3,0,46.55418369,-123.7285716,53049.0,529.5714476436295,2.5210084033613445,116,119,3,0,116,118,22036,0,0,0,0,1
2020-10-30,US,Washington,Pend Oreille,145,1,0,48.53234021,-117.2741804,53051.0,1056.5432818420286,0.6896551724137931,144,144,1,0,143,143,13602,1,0,0,1,1
2020-10-30,US,Washington,Pierce,10331,227,0,47.03892768,-122.14059579999999,53053.0,1141.5721894406504,2.197270351369664,10104,10228,225,0,10003,10116,891299,103,2,0,101,112
2020-10-30,US,Washington,San Juan,33,0,0,48.60182783,-122.96745,53055.0,187.69195768399499,0.0,33,33,0,0,33,34,17128,0,0,0,0,-1
2020-10-30,US,Washington,Skagit,1261,24,0,48.48171488,-121.766131,53057.0,975.9684222746796,1.9032513877874704,1237,1256,24,0,1232,1251,128206,5,0,0,5,5
2020-10-30,US,Washington,Skamania,73,1,0,46.02408726,-121.91644029999999,53059.0,604.1545973682033,1.3698630136986298,72,72,1,0,71,72,11924,1,0,0,1,0
2020-10-30,US,Washington,Snohomish,8881,233,0,48.04615983,-121.7170703,53061.0,1080.3045434585072,2.6235784258529447,8648,8787,232,0,8555,8705,814901,94,1,0,93,82
2020-10-30,US,Washington,Spokane,9660,203,0,47.62113146,-117.4046494,53063.0,1847.749991392469,2.101449275362319,9457,9507,201,0,9306,9400,514631,153,2,0,151,107
2020-10-30,US,Washington,Stevens,272,5,0,48.40035475,-117.8542701,53065.0,594.8865997419243,1.8382352941176472,267,264,5,0,259,252,45260,8,0,0,8,12
2020-10-30,US,Washington,Thurston,1656,33,0,46.9291895,-122.82906559999999,53067.0,569.9810006333122,1.9927536231884055,1623,1630,33,0,1597,1594,286419,26,0,0,26,36
2020-10-30,US,Washington,Unassigned,385,3,0,0.0,0.0,90053.0,0.0,0.7792207792207793,382,419,3,0,416,405,,-34,0,0,-34,14
2020-10-30,US,Washington,Wahkiakum,10,0,0,46.29180039999999,-123.4250831,53069.0,222.81639928698758,0.0,10,10,0,0,10,10,4426,0,0,0,0,0
2020-10-30,US,Washington,Walla Walla,1210,6,0,46.23040051,-118.4775539,53071.0,1991.4417379855167,0.4958677685950413,1204,1163,6,0,1157,1154,60922,47,0,0,47,9
2020-10-30,US,Washington,Whatcom,1596,50,0,48.82227976,-121.74900179999999,53073.0,696.1923165842958,3.1328320802005014,1546,1588,50,0,1538,1585,225685,8,0,0,8,3
2020-10-30,US,Washington,Whitman,1824,18,0,46.90022523,-117.52417630000001,53075.0,3640.4279099473097,0.986842105263158,1806,1817,18,0,1799,1803,49791,7,0,0,7,14
2020-10-30,US,Washington,Yakima,11931,273,0,46.45738486,-120.73801259999999,53077.0,4755.792771641428,2.2881569021875787,11658,11900,273,0,11627,11881,251446,31,0,0,31,19
2020-10-30,US,West Virginia,Barbour,187,1,0,39.1307219,-80.00350858,54001.0,1137.4004014354355,0.5347593582887701,186,185,1,0,184,182,16535,2,0,0,2,3
2020-10-30,US,West Virginia,Berkeley,1650,18,0,39.46704621,-78.02414609,54003.0,1384.565036795865,1.0909090909090908,1632,1615,18,0,1597,1604,117123,35,0,0,35,11
2020-10-30,US,West Virginia,Boone,381,3,0,38.01974191,-81.69888019,54005.0,1775.644311879573,0.7874015748031497,378,381,3,0,378,353,21951,0,0,0,0,28
2020-10-30,US,West Virginia,Braxton,69,0,0,38.70036159,-80.72011184,54007.0,494.3755821451602,0.0,69,67,0,0,67,65,14089,2,0,0,2,2
2020-10-30,US,West Virginia,Brooke,239,4,0,40.27367263,-80.57915332,54009.0,1089.3842016500296,1.6736401673640169,235,237,4,0,233,226,22203,2,0,0,2,11
2020-10-30,US,West Virginia,Cabell,1494,27,0,38.42424062,-82.23855912,54011.0,1624.8844417858502,1.8072289156626504,1467,1453,25,0,1428,1427,93224,41,2,0,39,26
2020-10-30,US,West Virginia,Calhoun,36,0,0,38.84315422,-81.11934872,54013.0,506.4003376002248,0.0,36,36,0,0,36,35,7254,0,0,0,0,1
2020-10-30,US,West Virginia,Clay,64,3,0,38.46231092,-81.07652217,54015.0,752.2331922896096,4.6875,61,64,3,0,61,62,8632,0,0,0,0,2
2020-10-30,US,West Virginia,Doddridge,71,1,0,39.27057157,-80.70671527,54017.0,840.4356060606059,1.4084507042253518,70,71,1,0,70,71,8406,0,0,0,0,0
2020-10-30,US,West Virginia,Fayette,787,23,0,38.02974928,-81.08286634,54019.0,1855.869452435976,2.922490470139772,764,786,21,0,765,776,43018,1,2,0,-1,10
2020-10-30,US,West Virginia,Gilmer,64,0,0,38.9251277,-80.85952723,54021.0,818.100472964336,0.0,64,64,0,0,64,64,8026,0,0,0,0,0
2020-10-30,US,West Virginia,Grant,198,8,0,39.10314817,-79.19440518,54023.0,1711.6182572614111,4.040404040404041,190,194,8,0,186,191,11626,4,0,0,4,3
2020-10-30,US,West Virginia,Greenbrier,204,4,0,37.9463652,-80.45335881,54025.0,588.5407651029948,1.96078431372549,200,200,4,0,196,195,34786,4,0,0,4,5
2020-10-30,US,West Virginia,Hampshire,140,1,0,39.32103553,-78.60826476,54027.0,604.0992448759439,0.7142857142857143,139,133,1,0,132,130,23347,7,0,0,7,3
2020-10-30,US,West Virginia,Hancock,230,1,0,40.51943859,-80.57461608,54029.0,798.3339118361681,0.43478260869565216,229,224,1,0,223,224,29094,6,0,0,6,0
2020-10-30,US,West Virginia,Hardy,107,1,0,39.00683177,-78.85855301,54031.0,776.7131242740999,0.9345794392523364,106,107,1,0,106,107,13775,0,0,0,0,0
2020-10-30,US,West Virginia,Harrison,673,12,0,39.2853852,-80.37919577,54033.0,1000.6542167241583,1.7830609212481427,661,660,12,0,648,649,67554,13,0,0,13,11
2020-10-30,US,West Virginia,Jackson,406,24,0,38.84263974,-81.68148753,54035.0,1420.7726763717803,5.911330049261084,382,388,24,0,364,386,28706,18,0,0,18,2
2020-10-30,US,West Virginia,Jefferson,614,5,0,39.30776166,-77.86014147,54037.0,1074.4409057501837,0.8143322475570033,609,603,5,0,598,599,56811,11,0,0,11,4
2020-10-30,US,West Virginia,Kanawha,3732,105,0,38.33860077,-81.52857054,54039.0,2095.169657092812,2.813504823151125,3627,3683,104,0,3579,3650,180454,49,1,0,48,33
2020-10-30,US,West Virginia,Lewis,101,2,0,38.9947249,-80.49988181,54041.0,634.9405921921168,1.98019801980198,99,94,2,0,92,87,16024,7,0,0,7,7
2020-10-30,US,West Virginia,Lincoln,258,2,0,38.172154,-82.07017953,54043.0,1264.148169925033,0.7751937984496124,256,253,2,0,251,249,20599,5,0,0,5,4
2020-10-30,US,West Virginia,Logan,785,45,0,37.8299889,-81.93528571,54045.0,2451.669321340454,5.732484076433121,740,770,45,0,725,757,32607,15,0,0,15,13
2020-10-30,US,West Virginia,Marion,405,5,0,39.50984542,-80.24244659,54049.0,722.2856327578827,1.2345679012345678,400,391,5,0,386,380,56097,14,0,0,14,11
2020-10-30,US,West Virginia,Marshall,358,4,0,39.86064362,-80.66591062,54051.0,1172.5786905112836,1.11731843575419,354,341,4,0,337,329,30785,17,0,0,17,12
2020-10-30,US,West Virginia,Mason,179,6,0,38.77071799,-82.02524219,54053.0,675.0641122341227,3.35195530726257,173,178,6,0,172,175,26718,1,0,0,1,3
2020-10-30,US,West Virginia,McDowell,126,1,0,37.38002939,-81.65083669,54047.0,714.9341806627327,0.7936507936507936,125,126,1,0,125,122,18223,0,0,0,0,4
2020-10-30,US,West Virginia,Mercer,781,31,0,37.40481169,-81.11023142,54055.0,1329.180707307941,3.969270166453265,750,762,31,0,731,748,59131,19,0,0,19,14
2020-10-30,US,West Virginia,Mineral,232,4,0,39.41561583,-78.94104895,54057.0,863.4807205597737,1.7241379310344829,228,223,4,0,219,219,26940,9,0,0,9,4
2020-10-30,US,West Virginia,Mingo,632,10,0,37.73048351,-82.13338365,54059.0,2698.087431693989,1.5822784810126582,622,609,10,0,599,600,23785,23,0,0,23,9
2020-10-30,US,West Virginia,Monongalia,2329,7,0,39.63218457,-80.04766838,54061.0,2205.241828580085,0.30055817947617003,2322,2316,5,0,2311,2307,106420,13,2,0,11,9
2020-10-30,US,West Virginia,Monroe,260,8,0,37.56274716,-80.54577965,54063.0,1958.5687382297556,3.0769230769230766,252,257,8,0,249,251,13280,3,0,0,3,6
2020-10-30,US,West Virginia,Morgan,154,0,0,39.55439028,-78.26311676,54065.0,861.1048982330576,0.0,154,151,0,0,151,150,17787,3,0,0,3,1
2020-10-30,US,West Virginia,Nicholas,190,3,0,38.29617706,-80.79759588,54067.0,775.6368386675375,1.5789473684210529,187,188,3,0,185,185,24842,2,0,0,2,3
2020-10-30,US,West Virginia,Ohio,585,9,0,40.0955451,-80.62203992,54069.0,1412.6681316558402,1.5384615384615383,576,560,9,0,551,541,41755,25,0,0,25,19
2020-10-30,US,West Virginia,Pendleton,77,1,0,38.68314479,-79.35084086,54071.0,1104.8930980054527,1.2987012987012987,76,77,1,0,76,76,6997,0,0,0,0,1
2020-10-30,US,West Virginia,Pleasants,33,3,0,39.37091679,-81.16771771,54073.0,442.3592493297586,9.090909090909092,30,30,3,0,27,29,7507,3,0,0,3,1
2020-10-30,US,West Virginia,Pocahontas,72,0,0,38.32758728,-80.00993811,54075.0,873.0447435431067,0.0,72,70,0,0,70,70,8414,2,0,0,2,0
2020-10-30,US,West Virginia,Preston,208,4,0,39.46770987,-79.66712803,54077.0,622.1584111031348,1.9230769230769231,204,200,4,0,196,199,33839,8,0,0,8,1
2020-10-30,US,West Virginia,Putnam,926,13,0,38.50782345,-81.9082131,54079.0,1640.3897254207266,1.4038876889848813,913,884,13,0,871,879,56682,42,0,0,42,5
2020-10-30,US,West Virginia,Raleigh,834,9,0,37.76936795,-81.2456041,54081.0,1136.8438271015934,1.0791366906474822,825,825,9,0,816,798,74254,9,0,0,9,27
2020-10-30,US,West Virginia,Randolph,419,1,0,38.769899,-79.87919615,54083.0,1460.1847011674508,0.2386634844868735,418,419,1,0,418,416,28823,0,0,0,0,3
2020-10-30,US,West Virginia,Ritchie,46,0,0,39.18094587,-81.06356878,54085.0,481.4737282813482,0.0,46,41,0,0,41,37,9721,5,0,0,5,4
2020-10-30,US,West Virginia,Roane,114,2,0,38.71622686,-81.35243568,54087.0,832.8462887200467,1.7543859649122806,112,111,2,0,109,106,13932,3,0,0,3,5
2020-10-30,US,West Virginia,Summers,131,1,0,37.65390597,-80.86009693,54089.0,1041.9152151435615,0.7633587786259542,130,119,1,0,118,112,12760,12,0,0,12,7
2020-10-30,US,West Virginia,Taylor,170,8,0,39.33602617,-80.0421439,54091.0,1018.2689427972447,4.705882352941177,162,168,8,0,160,166,16862,2,0,0,2,2
2020-10-30,US,West Virginia,Tucker,65,0,0,39.11240885,-79.57053576,54093.0,950.4313496125163,0.0,65,64,0,0,64,63,6955,1,0,0,1,1
2020-10-30,US,West Virginia,Tyler,43,1,0,39.46811972,-80.88772676,54095.0,500.5238039809103,2.3255813953488373,42,35,1,0,34,33,8746,8,0,0,8,2
2020-10-30,US,West Virginia,Upshur,268,4,0,38.89285061,-80.23689136,54097.0,1108.5373924553276,1.492537313432836,264,265,4,0,261,263,24415,3,0,0,3,2
2020-10-30,US,West Virginia,Wayne,605,11,0,38.14901357,-82.42287994,54099.0,1535.4550530429926,1.818181818181818,594,595,11,0,584,586,39944,10,0,0,10,9
2020-10-30,US,West Virginia,Webster,35,0,0,38.49370949,-80.4202023,54101.0,431.35321666255857,0.0,35,32,0,0,32,31,8285,3,0,0,3,1
2020-10-30,US,West Virginia,Wetzel,202,6,0,39.6065771,-80.64016540000001,54103.0,1340.8562894125455,2.9702970297029703,196,183,5,0,178,178,15270,19,1,0,18,5
2020-10-30,US,West Virginia,Wirt,55,0,0,39.02775007,-81.37473928,54105.0,944.854835938842,0.0,55,53,0,0,53,53,5830,2,0,0,2,0
2020-10-30,US,West Virginia,Wood,647,6,0,39.20967886,-81.5162836,54107.0,774.6833018032042,0.927357032457496,641,616,6,0,610,591,84203,31,0,0,31,25
2020-10-30,US,West Virginia,Wyoming,321,5,0,37.612327,-81.54511071,54109.0,1573.99235069138,1.557632398753894,316,309,5,0,304,285,20786,12,0,0,12,24
2020-10-30,US,Wisconsin,Adams,562,4,0,43.96974651,-89.76782777,55001.0,2779.4263105835807,0.7117437722419929,558,546,4,0,542,515,20348,16,0,0,16,31
2020-10-30,US,Wisconsin,Ashland,291,3,0,46.31956891,-90.67837132,55003.0,1869.939596452898,1.0309278350515465,288,282,3,0,279,279,15600,9,0,0,9,3
2020-10-30,US,Wisconsin,Barron,1223,7,0,45.42372701,-91.84833627,55005.0,2703.1208558040844,0.5723630417007359,1216,1178,7,0,1171,1132,45164,45,0,0,45,46
2020-10-30,US,Wisconsin,Bayfield,256,2,0,46.52868768,-91.19716729,55007.0,1702.5804735301945,0.78125,254,245,2,0,243,230,15042,11,0,0,11,15
2020-10-30,US,Wisconsin,Brown,15983,101,0,44.452655299999996,-88.00411844,55009.0,6041.7627446681445,0.6319214165050366,15882,15738,104,0,15634,15377,263378,245,-3,0,248,361
2020-10-30,US,Wisconsin,Buffalo,309,3,0,44.37835084,-91.75332578,55011.0,2371.2685135446245,0.9708737864077671,306,294,3,0,291,273,13125,15,0,0,15,21
2020-10-30,US,Wisconsin,Burnett,320,6,0,45.86303537,-92.36711412,55013.0,2076.034773582457,1.875,314,314,6,0,308,311,15392,6,0,0,6,3
2020-10-30,US,Wisconsin,Calumet,2772,11,0,44.0816316,-88.21780273,55015.0,5534.1492143983705,0.3968253968253968,2761,2739,11,0,2728,2694,50159,33,0,0,33,45
2020-10-30,US,Wisconsin,Chippewa,1865,21,0,45.06939744,-91.28068855,55017.0,2884.4071885922854,1.126005361930295,1844,1789,19,0,1770,1685,64135,76,2,0,74,104
2020-10-30,US,Wisconsin,Clark,962,17,0,44.73483377,-90.61207486,55019.0,2766.4346925864147,1.7671517671517671,945,909,16,0,893,889,34709,53,1,0,52,20
2020-10-30,US,Wisconsin,Columbia,1863,7,0,43.46492199,-89.33589004,55021.0,3238.1978724883543,0.3757380568974772,1856,1820,7,0,1813,1788,57358,43,0,0,43,32
2020-10-30,US,Wisconsin,Crawford,367,1,0,43.23870316,-90.93073686,55023.0,2275.1224350629222,0.2724795640326976,366,347,1,0,346,340,16291,20,0,0,20,7
2020-10-30,US,Wisconsin,Dane,15521,49,0,43.06601594,-89.41733797,55025.0,2839.0601706618872,0.31570130790541845,15472,15153,50,0,15103,14929,542364,368,-1,0,369,224
2020-10-30,US,Wisconsin,Dodge,4453,28,0,43.41576662,-88.70928178,55027.0,5069.502157356072,0.6287895800583876,4425,4343,27,0,4316,4158,87847,110,1,0,109,185
2020-10-30,US,Wisconsin,Door,896,8,0,44.95856458,-87.30002707,55029.0,3238.3981494867717,0.8928571428571429,888,871,7,0,864,822,27610,25,1,0,24,49
2020-10-30,US,Wisconsin,Douglas,820,2,0,46.43222285,-91.91595768,55031.0,1900.3476245654688,0.24390243902439024,818,798,2,0,796,781,43208,22,0,0,22,17
2020-10-30,US,Wisconsin,Dunn,1130,1,0,44.94562799,-91.8962481,55033.0,2490.742373479104,0.08849557522123894,1129,1102,1,0,1101,1066,45131,28,0,0,28,36
2020-10-30,US,Wisconsin,Eau Claire,3738,16,0,44.726614,-91.28609183,55035.0,3572.0428874491136,0.4280363830925629,3722,3656,16,0,3640,3531,104534,82,0,0,82,125
2020-10-30,US,Wisconsin,Florence,216,7,0,45.84963535,-88.39804137,55037.0,5029.103608847498,3.2407407407407414,209,214,7,0,207,209,4321,2,0,0,2,5
2020-10-30,US,Wisconsin,Fond du Lac,4817,20,0,43.75354908,-88.48885325,55039.0,4658.472191329071,0.4151961801951422,4797,4695,20,0,4675,4564,103066,122,0,0,122,131
2020-10-30,US,Wisconsin,Forest,494,11,0,45.66678019,-88.77084892,55041.0,5486.450466459351,2.2267206477732797,483,486,11,0,475,475,8991,8,0,0,8,11
2020-10-30,US,Wisconsin,Grant,1974,34,0,42.8671731,-90.7063218,55043.0,3837.5551624253967,1.7223910840932115,1940,1906,32,0,1874,1881,51554,68,2,0,66,25
2020-10-30,US,Wisconsin,Green,999,5,0,42.6794956,-89.60243287,55045.0,2702.9220779220777,0.5005005005005005,994,982,5,0,977,957,36929,17,0,0,17,25
2020-10-30,US,Wisconsin,Green Lake,785,4,0,43.80025981,-89.04679553,55047.0,4150.584254216677,0.5095541401273885,781,767,3,0,764,751,18918,18,1,0,17,16
2020-10-30,US,Wisconsin,Iowa,523,1,0,43.00050278,-90.13469017,55049.0,2208.8014190387703,0.19120458891013384,522,500,1,0,499,480,23771,23,0,0,23,20
2020-10-30,US,Wisconsin,Iron,208,4,0,46.26302338,-90.24295041,55051.0,3657.4643924740635,1.9230769230769231,204,194,4,0,190,191,5676,14,0,0,14,3
2020-10-30,US,Wisconsin,Jackson,564,1,0,44.31864893,-90.80566792,55053.0,2732.1610231071068,0.1773049645390071,563,544,1,0,543,494,20478,20,0,0,20,50
2020-10-30,US,Wisconsin,Jefferson,2880,15,0,43.02054068,-88.77529134,55055.0,3397.468414160837,0.5208333333333334,2865,2840,15,0,2825,2768,85129,40,0,0,40,72
2020-10-30,US,Wisconsin,Juneau,824,4,0,43.92456975,-90.11120239,55057.0,3087.6456701764905,0.4854368932038835,820,808,4,0,804,784,26617,16,0,0,16,24
2020-10-30,US,Wisconsin,Kenosha,5321,83,0,42.57639354,-88.04051686,55059.0,3138.103691296937,1.5598571697049426,5238,5241,83,0,5158,5118,169290,80,0,0,80,123
2020-10-30,US,Wisconsin,Kewaunee,1122,7,0,44.51727459,-87.61468386,55061.0,5490.848585690515,0.6238859180035651,1115,1105,7,0,1098,1073,20383,17,0,0,17,32
2020-10-30,US,Wisconsin,La Crosse,4473,22,0,43.90632465,-91.11451093,55063.0,3790.164045553145,0.4918399284596468,4451,4366,21,0,4345,4256,118230,107,1,0,106,110
2020-10-30,US,Wisconsin,Lafayette,576,1,0,42.66005229,-90.1317729,55065.0,3456.3456345634563,0.1736111111111111,575,562,1,0,561,550,16665,14,0,0,14,12
2020-10-30,US,Wisconsin,Langlade,1045,11,0,45.26271619,-89.07483625,55067.0,5445.828339152639,1.0526315789473684,1034,1024,11,0,1013,983,19268,21,0,0,21,41
2020-10-30,US,Wisconsin,Lincoln,872,12,0,45.33737523,-89.73411273,55069.0,3160.2217953828867,1.3761467889908257,860,834,10,0,824,802,27689,38,2,0,36,32
2020-10-30,US,Wisconsin,Manitowoc,2951,16,0,44.11946801,-87.80928853,55071.0,3736.3416517896712,0.542189088444595,2935,2867,16,0,2851,2788,79074,84,0,0,84,79
2020-10-30,US,Wisconsin,Marathon,5127,54,0,44.89792533,-89.75863384,55073.0,3778.409928367184,1.0532475131655938,5073,4896,54,0,4842,4728,135428,231,0,0,231,168
2020-10-30,US,Wisconsin,Marinette,1808,14,0,45.38553432,-88.03324599999998,55075.0,4480.793060718711,0.7743362831858407,1794,1777,14,0,1763,1738,40434,31,0,0,31,39
2020-10-30,US,Wisconsin,Marquette,647,2,0,43.81911946,-89.40073763,55077.0,4154.359830486707,0.3091190108191654,645,628,2,0,626,616,15434,19,0,0,19,12
2020-10-30,US,Wisconsin,Menominee,332,0,0,45.00422544,-88.70950714,55078.0,7287.093942054434,0.0,332,315,0,0,315,304,4658,17,0,0,17,11
2020-10-30,US,Wisconsin,Milwaukee,41932,585,0,43.00486062,-87.96733172,55079.0,4433.8423602607945,1.3951159019364685,41347,41292,585,0,40707,40609,948201,640,0,0,640,683
2020-10-30,US,Wisconsin,Monroe,1200,7,0,43.94641218,-90.61881899999999,55081.0,2594.4263074827577,0.5833333333333334,1193,1166,6,0,1160,1132,46051,34,1,0,33,34
2020-10-30,US,Wisconsin,Oconto,2196,17,0,45.02715345,-88.26807503,55083.0,5789.612443975745,0.7741347905282332,2179,2158,17,0,2141,2114,37830,38,0,0,38,44
2020-10-30,US,Wisconsin,Oneida,1327,13,0,45.70677897,-89.51944105,55085.0,3728.0516926534624,0.9796533534287868,1314,1287,13,0,1274,1239,35470,40,0,0,40,48
2020-10-30,US,Wisconsin,Outagamie,9592,78,0,44.41578887,-88.46565023,55087.0,5105.250552199484,0.8131776480400333,9514,9443,77,0,9366,9251,187365,149,1,0,148,192
2020-10-30,US,Wisconsin,Ozaukee,2420,25,0,43.38352225,-87.94625009,55089.0,2712.3659228208608,1.033057851239669,2395,2340,25,0,2315,2246,89147,80,0,0,80,94
2020-10-30,US,Wisconsin,Pepin,162,0,0,44.58307413,-91.99949611,55091.0,2223.1370934540964,0.0,162,156,0,0,156,146,7289,6,0,0,6,10
2020-10-30,US,Wisconsin,Pierce,765,7,0,44.71850291,-92.4224416,55093.0,1789.3062637414043,0.915032679738562,758,737,7,0,730,703,42555,28,0,0,28,34
2020-10-30,US,Wisconsin,Polk,597,3,0,45.46130348,-92.44182875,55095.0,1363.5429276203092,0.5025125628140703,594,584,3,0,581,563,43598,13,0,0,13,21
2020-10-30,US,Wisconsin,Portage,2904,21,0,44.47558711,-89.50152965,55097.0,4103.317696264059,0.7231404958677686,2883,2815,21,0,2794,2776,70942,89,0,0,89,39
2020-10-30,US,Wisconsin,Price,382,3,0,45.68051754,-90.36098879999999,55099.0,2861.2088982098717,0.7853403141361257,379,372,3,0,369,367,13397,10,0,0,10,5
2020-10-30,US,Wisconsin,Racine,7889,113,0,42.74753117,-88.05941254,55101.0,4018.623510654013,1.43237419191279,7776,7604,113,0,7491,7457,196584,285,0,0,285,147
2020-10-30,US,Wisconsin,Richland,488,9,0,43.3762778,-90.43012729,55103.0,2828.657546951078,1.8442622950819672,479,478,8,0,470,471,17377,10,1,0,9,7
2020-10-30,US,Wisconsin,Rock,5408,46,0,42.67151616,-89.07147900000002,55105.0,3310.6015157265806,0.8505917159763313,5362,5197,46,0,5151,5138,163129,211,0,0,211,59
2020-10-30,US,Wisconsin,Rusk,232,1,0,45.47498854,-91.1333012,55107.0,1636.3379884327833,0.4310344827586207,231,223,1,0,222,211,14147,9,0,0,9,12
2020-10-30,US,Wisconsin,Sauk,1884,7,0,43.42574087,-89.94966132,55111.0,2923.559169485739,0.37154989384288745,1877,1810,7,0,1803,1785,64249,74,0,0,74,25
2020-10-30,US,Wisconsin,Sawyer,400,3,0,45.87931905,-91.14504927,55113.0,2415.750694528325,0.75,397,391,3,0,388,380,16489,9,0,0,9,11
2020-10-30,US,Wisconsin,Shawano,2569,26,0,44.78902246,-88.76443896,55115.0,6281.327171813492,1.012066952121448,2543,2506,25,0,2481,2441,40796,63,1,0,62,65
2020-10-30,US,Wisconsin,Sheboygan,5010,29,0,43.72099677,-87.94579284,55117.0,4343.679556095023,0.5788423153692615,4981,4929,27,0,4902,4802,115456,81,2,0,79,127
2020-10-30,US,Wisconsin,St. Croix,1974,11,0,45.03437474,-92.45000068,55109.0,2176.717721393364,0.5572441742654508,1963,1912,11,0,1901,1858,89694,62,0,0,62,54
2020-10-30,US,Wisconsin,Taylor,523,7,0,45.21179252,-90.5004405,55119.0,2570.908912156516,1.338432122370937,516,502,7,0,495,488,20412,21,0,0,21,14
2020-10-30,US,Wisconsin,Trempealeau,1101,3,0,44.30360275,-91.35893614,55121.0,3713.447333805525,0.2724795640326976,1098,1065,3,0,1062,1036,29442,36,0,0,36,29
2020-10-30,US,Wisconsin,Vernon,528,2,0,43.59422667,-90.8324691,55123.0,1713.0620985010707,0.3787878787878788,526,515,2,0,513,499,30785,13,0,0,13,16
2020-10-30,US,Wisconsin,Vilas,612,7,0,46.05467334,-89.51719204,55125.0,2757.377787790043,1.1437908496732023,605,585,7,0,578,563,21938,27,0,0,27,22
2020-10-30,US,Wisconsin,Walworth,3502,39,0,42.66858202,-88.54163073,55127.0,3371.587014287365,1.1136493432324386,3463,3449,38,0,3411,3411,103718,53,1,0,52,38
2020-10-30,US,Wisconsin,Washburn,261,2,0,45.89838588,-91.79050449,55129.0,1660.3053435114505,0.7662835249042146,259,252,2,0,250,245,15878,9,0,0,9,7
2020-10-30,US,Wisconsin,Washington,4721,43,0,43.36863664,-88.22974712,55131.0,3470.4559154329063,0.9108239779707688,4678,4583,41,0,4542,4508,135693,138,2,0,136,75
2020-10-30,US,Wisconsin,Waukesha,13040,125,0,43.01833055,-88.30431188,55133.0,3226.1416434519715,0.9585889570552149,12915,12728,122,0,12606,12446,403072,312,3,0,309,282
2020-10-30,US,Wisconsin,Waupaca,2519,44,0,44.47068056,-88.96534501,55135.0,4940.184349872524,1.7467248908296944,2475,2457,44,0,2413,2399,51128,62,0,0,62,58
2020-10-30,US,Wisconsin,Waushara,1065,5,0,44.11324419,-89.24317107,55137.0,4357.0756453790445,0.4694835680751174,1060,1051,5,0,1046,1025,24263,14,0,0,14,26
2020-10-30,US,Wisconsin,Winnebago,9165,66,0,44.06886922,-88.64477096,55139.0,5331.371032011494,0.7201309328968903,9099,8960,62,0,8898,8799,171020,205,4,0,201,161
2020-10-30,US,Wisconsin,Wood,1834,10,0,44.45537896,-90.04158336,55141.0,2512.3631830573017,0.5452562704471101,1824,1773,9,0,1764,1708,73055,61,1,0,60,65
2020-10-30,US,Wyoming,Albany,1510,4,0,41.65498705,-105.72354150000001,56001.0,3883.7448559670784,0.26490066225165565,1506,1450,4,0,1446,1422,38601,60,0,0,60,28
2020-10-30,US,Wyoming,Big Horn,251,7,0,44.52405055,-107.9960365,56003.0,2128.922815945717,2.7888446215139444,244,245,7,0,238,241,11881,6,0,0,6,4
2020-10-30,US,Wyoming,Campbell,1110,3,0,44.24886082,-105.54744040000001,56005.0,2395.2871107658443,0.2702702702702703,1107,1043,3,0,1040,969,46140,67,0,0,67,74
2020-10-30,US,Wyoming,Carbon,329,2,0,41.69357844,-106.9326084,56007.0,2222.972972972973,0.6079027355623101,327,325,2,0,323,321,14971,4,0,0,4,4
2020-10-30,US,Wyoming,Converse,329,0,0,42.97272268,-105.5081848,56009.0,2380.263348285342,0.0,329,319,0,0,319,307,13640,10,0,0,10,12
2020-10-30,US,Wyoming,Crook,120,1,0,44.58855102,-104.56977049999999,56011.0,1582.2784810126584,0.8333333333333334,119,116,1,0,115,112,7450,4,0,0,4,4
2020-10-30,US,Wyoming,Fremont,1422,15,0,43.04183996,-108.6296893,56013.0,3621.914877359212,1.0548523206751057,1407,1373,15,0,1358,1345,39531,49,0,0,49,28
2020-10-30,US,Wyoming,Goshen,168,3,0,42.08798185,-104.3534743,56015.0,1271.6675497691315,1.7857142857142858,165,162,3,0,159,161,13376,6,0,0,6,1
2020-10-30,US,Wyoming,Hot Springs,55,0,0,43.71930657,-108.44231740000001,56017.0,1246.3176977113076,0.0,55,55,0,0,55,53,4555,0,0,0,0,2
2020-10-30,US,Wyoming,Johnson,121,2,0,44.04057166,-106.58451740000001,56019.0,1432.800473653049,1.6528925619834711,119,116,2,0,114,112,8460,5,0,0,5,4
2020-10-30,US,Wyoming,Laramie,1745,6,0,41.30702520000001,-104.6887497,56021.0,1753.7688442211056,0.3438395415472779,1739,1656,6,0,1650,1595,98976,89,0,0,89,61
2020-10-30,US,Wyoming,Lincoln,357,3,0,42.26376367,-110.6563997,56023.0,1800.302571860817,0.8403361344537815,354,353,3,0,350,348,19434,4,0,0,4,5
2020-10-30,US,Wyoming,Natrona,1536,8,0,42.96180148,-106.79788500000001,56025.0,1923.4140599564228,0.5208333333333334,1528,1457,8,0,1449,1426,79115,79,0,0,79,31
2020-10-30,US,Wyoming,Niobrara,16,0,0,43.05607708,-104.47588959999999,56027.0,679.1171477079797,0.0,16,16,0,0,16,12,2388,0,0,0,0,4
2020-10-30,US,Wyoming,Park,688,3,0,44.52157546,-109.58528249999999,56029.0,2356.6486264300884,0.43604651162790703,685,661,3,0,658,644,29324,27,0,0,27,17
2020-10-30,US,Wyoming,Platte,147,2,0,42.13299116,-104.96633100000001,56031.0,1751.4595496246873,1.3605442176870748,145,142,2,0,140,136,8566,5,0,0,5,6
2020-10-30,US,Wyoming,Sheridan,799,4,0,44.79048913,-106.8862389,56033.0,2620.961128423815,0.5006257822277848,795,765,4,0,761,731,30233,34,0,0,34,34
2020-10-30,US,Wyoming,Sublette,180,1,0,42.76558279,-109.91309220000001,56035.0,1830.9429356118399,0.5555555555555556,179,175,1,0,174,171,9813,5,0,0,5,4
2020-10-30,US,Wyoming,Sweetwater,553,2,0,41.65943896,-108.8827882,56037.0,1306.0009918994874,0.3616636528028933,551,522,2,0,520,505,43051,31,0,0,31,17
2020-10-30,US,Wyoming,Teton,796,1,0,43.93522482,-110.5890801,56039.0,3392.4309580634167,0.12562814070351758,795,779,1,0,778,772,23081,17,0,0,17,7
2020-10-30,US,Wyoming,Uinta,479,3,0,41.2878183,-110.54757820000002,56041.0,2368.2389004251954,0.6263048016701461,476,469,3,0,466,462,20299,10,0,0,10,7
2020-10-30,US,Wyoming,Unassigned,0,10,0,0.0,0.0,90056.0,0.0,0.0,-10,0,10,0,-10,,,0,0,0,0,
2020-10-30,US,Wyoming,Washakie,158,7,0,43.90451606,-107.68018700000002,56043.0,2024.3433696348493,4.4303797468354436,151,153,7,0,146,153,7885,5,0,0,5,0
2020-10-30,US,Wyoming,Weston,159,0,0,43.83961191,-104.56748809999999,56045.0,2295.365959289736,0.0,159,155,0,0,155,148,6967,4,0,0,4,7
