Date,Country/Region,Province/State,Admin2,Confirmed,Deaths,Recovered,Latitude,Longitude,FIPS,Active Cases,Previous Confirmed,Previous Deaths,Previous Recovered,Previous Active,Prev2 Confirmed,Population,Daily Confirmed,Daily Deaths,Daily Recovered,Daily Active,Previous Daily Confirmed
2020-04-24,US,Alabama,Autauga,36,2,0,32.53952745,-86.64408227,1001.0,34,33,2,0,31,32,55601,3,0,0,3,1
2020-04-24,US,Alabama,Baldwin,147,3,0,30.72774991,-87.72207058,1003.0,144,143,3,0,140,132,218022,4,0,0,4,11
2020-04-24,US,Alabama,Barbour,32,0,0,31.868263,-85.3871286,1005.0,32,30,0,0,30,29,24881,2,0,0,2,1
2020-04-24,US,Alabama,Bibb,34,0,0,32.99642064,-87.12511459999996,1007.0,34,33,0,0,33,34,22400,1,0,0,1,-1
2020-04-24,US,Alabama,Blount,31,0,0,33.98210918,-86.56790593,1009.0,31,31,0,0,31,29,57840,0,0,0,0,2
2020-04-24,US,Alabama,Bullock,12,0,0,32.10030533,-85.71265535,1011.0,12,12,0,0,12,11,10138,0,0,0,0,1
2020-04-24,US,Alabama,Butler,21,0,0,31.75300095,-86.68057478,1013.0,21,19,0,0,19,17,19680,2,0,0,2,2
2020-04-24,US,Alabama,Calhoun,89,3,0,33.77483727,-85.82630386,1015.0,86,88,3,0,85,85,114277,1,0,0,1,3
2020-04-24,US,Alabama,Chambers,282,17,0,32.91360079,-85.39072749,1017.0,265,275,16,0,259,270,33615,7,1,0,6,5
2020-04-24,US,Alabama,Cherokee,12,0,0,34.17805983,-85.60638968,1019.0,12,12,0,0,12,13,26032,0,0,0,0,-1
2020-04-24,US,Alabama,Chilton,49,1,0,32.85044126,-86.7173256,1021.0,48,47,1,0,46,46,44153,2,0,0,2,1
2020-04-24,US,Alabama,Choctaw,25,0,0,32.02227341,-88.26564429999998,1023.0,25,22,0,0,22,21,12841,3,0,0,3,1
2020-04-24,US,Alabama,Clarke,24,1,0,31.68099859,-87.83548597,1025.0,23,25,1,0,24,25,23920,-1,0,0,-1,0
2020-04-24,US,Alabama,Clay,19,0,0,33.26984193,-85.85836077,1027.0,19,19,0,0,19,19,13275,0,0,0,0,0
2020-04-24,US,Alabama,Cleburne,12,1,0,33.67679204,-85.52005899,1029.0,11,12,1,0,11,12,14987,0,0,0,0,0
2020-04-24,US,Alabama,Coffee,87,1,0,31.39932826,-85.98901039,1031.0,86,80,1,0,79,73,51909,7,0,0,7,7
2020-04-24,US,Alabama,Colbert,23,2,0,34.69847452,-87.80168544,1033.0,21,22,1,0,21,20,54762,1,1,0,0,2
2020-04-24,US,Alabama,Conecuh,9,0,0,31.43401703,-86.99320044,1035.0,9,9,0,0,9,9,12277,0,0,0,0,0
2020-04-24,US,Alabama,Coosa,29,1,0,32.93690146,-86.24847739,1037.0,28,28,1,0,27,24,10715,1,0,0,1,4
2020-04-24,US,Alabama,Covington,31,0,0,31.247785399999998,-86.45050893,1039.0,31,29,0,0,29,27,36986,2,0,0,2,2
2020-04-24,US,Alabama,Crenshaw,10,0,0,31.72941803,-86.31593104,1041.0,10,8,0,0,8,6,13824,2,0,0,2,2
2020-04-24,US,Alabama,Cullman,47,0,0,34.13020303,-86.86888037,1043.0,47,44,0,0,44,44,83442,3,0,0,3,0
2020-04-24,US,Alabama,Dale,23,0,0,31.43037123,-85.61095742,1045.0,23,22,0,0,22,22,48956,1,0,0,1,0
2020-04-24,US,Alabama,Dallas,32,2,0,32.32688101,-87.10866709999998,1047.0,30,29,2,0,27,30,38310,3,0,0,3,-1
2020-04-24,US,Alabama,DeKalb,61,2,0,34.45946862,-85.80782906,1049.0,59,61,2,0,59,58,71385,0,0,0,0,3
2020-04-24,US,Alabama,Elmore,74,1,0,32.59785413,-86.14415284,1051.0,73,74,1,0,73,74,81887,0,0,0,0,0
2020-04-24,US,Alabama,Escambia,22,1,0,31.1256789,-87.15918694,1053.0,21,21,1,0,20,18,36748,1,0,0,1,3
2020-04-24,US,Alabama,Etowah,121,8,0,34.04567266,-86.04051873,1055.0,113,120,8,0,112,116,102501,1,0,0,1,4
2020-04-24,US,Alabama,Fayette,4,0,0,33.72076938,-87.73886638,1057.0,4,4,0,0,4,4,16433,0,0,0,0,0
2020-04-24,US,Alabama,Franklin,32,0,0,34.44235334,-87.84289505,1059.0,32,25,0,0,25,22,31363,7,0,0,7,3
2020-04-24,US,Alabama,Geneva,6,0,0,31.09389027,-85.83572839,1061.0,6,6,0,0,6,5,26314,0,0,0,0,1
2020-04-24,US,Alabama,Greene,44,0,0,32.85504247,-87.95684022,1063.0,44,41,0,0,41,40,8233,3,0,0,3,1
2020-04-24,US,Alabama,Hale,39,2,0,32.76039258,-87.63284988,1065.0,37,37,1,0,36,36,14726,2,1,0,1,1
2020-04-24,US,Alabama,Henry,22,1,0,31.51148016,-85.24267944,1067.0,21,22,0,0,22,20,17209,0,1,0,-1,2
2020-04-24,US,Alabama,Houston,76,3,0,31.15197924,-85.29939599,1069.0,73,78,3,0,75,75,104722,-2,0,0,-2,3
2020-04-24,US,Alabama,Jackson,45,2,0,34.78144169,-85.99750489,1071.0,43,43,2,0,41,42,51736,2,0,0,2,1
2020-04-24,US,Alabama,Jefferson,797,33,0,33.55554728,-86.89506300000002,1073.0,764,778,32,0,746,726,659300,19,1,0,18,52
2020-04-24,US,Alabama,Lamar,10,0,0,33.77995024,-88.09668032,1075.0,10,9,0,0,9,8,13844,1,0,0,1,1
2020-04-24,US,Alabama,Lauderdale,25,2,0,34.90171875,-87.65624729,1077.0,23,25,3,0,22,25,92387,0,-1,0,1,0
2020-04-24,US,Alabama,Lawrence,12,0,0,34.52041498,-87.31069453,1079.0,12,12,0,0,12,12,32957,0,0,0,0,0
2020-04-24,US,Alabama,Lee,351,22,0,32.60154883,-85.35132246,1081.0,329,340,21,0,319,331,163941,11,1,0,10,9
2020-04-24,US,Alabama,Limestone,41,0,0,34.81185586,-86.98310072,1083.0,41,40,0,0,40,39,96174,1,0,0,1,1
2020-04-24,US,Alabama,Lowndes,36,1,0,32.1597283,-86.65158371,1085.0,35,34,1,0,33,32,9974,2,0,0,2,2
2020-04-24,US,Alabama,Macon,29,2,0,32.38759944,-85.69267724,1087.0,27,27,2,0,25,28,18439,2,0,0,2,-1
2020-04-24,US,Alabama,Madison,202,4,0,34.76327133,-86.55069633,1089.0,198,205,4,0,201,205,366519,-3,0,0,-3,0
2020-04-24,US,Alabama,Marengo,39,3,0,32.24767634,-87.78796182,1091.0,36,38,3,0,35,40,19066,1,0,0,1,-2
2020-04-24,US,Alabama,Marion,69,5,0,34.13697363,-87.88704173,1093.0,64,67,5,0,62,65,29763,2,0,0,2,2
2020-04-24,US,Alabama,Marshall,267,4,0,34.36975964,-86.30486727,1095.0,263,258,4,0,254,241,96109,9,0,0,9,17
2020-04-24,US,Alabama,Mobile,845,40,0,30.78472347,-88.20842409,1097.0,805,810,39,0,771,756,413757,35,1,0,34,54
2020-04-24,US,Alabama,Monroe,11,1,0,31.56729412,-87.36995001,1099.0,10,9,1,0,8,9,21067,2,0,0,2,0
2020-04-24,US,Alabama,Montgomery,274,4,0,32.2206831,-86.20969272,1101.0,270,263,3,0,260,253,225763,11,1,0,10,10
2020-04-24,US,Alabama,Morgan,55,0,0,34.45500589,-86.85475946,1103.0,55,50,0,0,50,52,119089,5,0,0,5,-2
2020-04-24,US,Alabama,Perry,9,0,0,32.64048341,-87.29770589,1105.0,9,9,0,0,9,9,9140,0,0,0,0,0
2020-04-24,US,Alabama,Pickens,45,1,0,33.28094866,-88.08818103,1107.0,44,44,1,0,43,44,19938,1,0,0,1,0
2020-04-24,US,Alabama,Pike,58,0,0,31.80396383,-85.9408295,1109.0,58,57,0,0,57,53,33338,1,0,0,1,4
2020-04-24,US,Alabama,Randolph,60,4,0,33.29526734,-85.45708831,1111.0,56,58,4,0,54,60,22725,2,0,0,2,-2
2020-04-24,US,Alabama,Russell,53,0,0,32.28725256,-85.18415324,1113.0,53,54,0,0,54,52,57781,-1,0,0,-1,2
2020-04-24,US,Alabama,Shelby,294,7,0,33.26879845,-86.66232561,1117.0,287,283,7,0,276,278,215707,11,0,0,11,5
2020-04-24,US,Alabama,St. Clair,63,0,0,33.71902176,-86.31029372,1115.0,63,62,0,0,62,62,88690,1,0,0,1,0
2020-04-24,US,Alabama,Sumter,51,1,0,32.59117397,-88.19916205,1119.0,50,47,1,0,46,46,12691,4,0,0,4,1
2020-04-24,US,Alabama,Talladega,54,2,0,33.37823223,-86.16886178,1121.0,52,53,2,0,51,52,79828,1,0,0,1,1
2020-04-24,US,Alabama,Tallapoosa,261,17,0,32.86698258,-85.79833053,1123.0,244,254,16,0,238,242,40497,7,1,0,6,12
2020-04-24,US,Alabama,Tuscaloosa,182,0,0,33.28726072,-87.52556818,1125.0,182,173,1,0,172,165,208911,9,-1,0,10,8
2020-04-24,US,Alabama,Walker,89,0,0,33.80270512,-87.30027177,1127.0,89,89,0,0,89,90,63711,0,0,0,0,-1
2020-04-24,US,Alabama,Washington,19,1,0,31.4092794,-88.20689944,1129.0,18,18,1,0,17,18,16378,1,0,0,1,0
2020-04-24,US,Alabama,Wilcox,53,1,0,31.98773215,-87.30891118,1131.0,52,52,1,0,51,50,10627,1,0,0,1,2
2020-04-24,US,Alabama,Winston,10,0,0,34.15030532,-87.37325922,1133.0,10,10,0,0,10,10,23660,0,0,0,0,0
2020-04-24,US,Alaska,Anchorage,168,4,0,61.14998174,-149.14269860000005,2020.0,164,166,4,0,162,164,291538,2,0,0,2,2
2020-04-24,US,Alaska,Bethel,1,0,0,60.90980451,-159.8561831,2050.0,1,1,0,0,1,1,18216,0,0,0,0,0
2020-04-24,US,Alaska,Fairbanks North Star,79,1,0,64.80726247,-146.5692662,2090.0,78,79,1,0,78,79,98971,0,0,0,0,0
2020-04-24,US,Alaska,Juneau,27,0,0,58.45031811,-134.200436,2110.0,27,27,0,0,27,27,32113,0,0,0,0,0
2020-04-24,US,Alaska,Kenai Peninsula,19,0,0,60.24429722,-151.53888840000005,2122.0,19,19,0,0,19,19,58533,0,0,0,0,0
2020-04-24,US,Alaska,Ketchikan Gateway,16,0,0,55.57445008,-130.975561,2130.0,16,16,0,0,16,16,13918,0,0,0,0,0
2020-04-24,US,Alaska,Kodiak Island,1,0,0,57.65529415,-153.7493579,2150.0,1,1,0,0,1,1,13345,0,0,0,0,0
2020-04-24,US,Alaska,Matanuska-Susitna,20,0,0,62.31305045,-149.5741743,2170.0,20,20,0,0,20,20,107610,0,0,0,0,0
2020-04-24,US,Alaska,Nome,1,0,0,64.90320724,-164.0353804,2180.0,1,1,0,0,1,1,10008,0,0,0,0,0
2020-04-24,US,Alaska,Petersburg,3,0,0,57.13978948,-132.9540995,2195.0,3,3,0,0,3,3,3221,0,0,0,0,0
2020-04-24,US,Alaska,Prince of Wales-Hyder,2,0,0,55.76261984,-133.0511621,2198.0,2,2,0,0,2,2,6422,0,0,0,0,0
2020-04-24,US,Alaska,Southeast Fairbanks,1,0,0,63.87692095,-143.2127643,2240.0,1,1,0,0,1,1,6918,0,0,0,0,0
2020-04-24,US,Alaska,Unassigned,0,4,0,0.0,0.0,90002.0,-4,0,4,0,-4,0,,0,0,0,0,0
2020-04-24,US,Alaska,Yukon-Koyukuk,1,0,0,65.50815459,-151.39073869999999,2290.0,1,1,0,0,1,1,5327,0,0,0,0,0
2020-04-24,US,Arizona,Apache,296,5,0,35.39465006,-109.4892383,4001.0,291,268,5,0,263,235,71818,28,0,0,28,33
2020-04-24,US,Arizona,Cochise,34,0,0,31.87934684,-109.7516088,4003.0,34,31,0,0,31,31,126770,3,0,0,3,0
2020-04-24,US,Arizona,Coconino,391,34,0,35.83883429,-111.77071780000001,4005.0,357,372,32,0,340,353,142854,19,2,0,17,19
2020-04-24,US,Arizona,Gila,11,0,0,33.80190085,-110.8132779,4007.0,11,12,0,0,12,10,53889,-1,0,0,-1,2
2020-04-24,US,Arizona,Graham,7,0,0,32.93166885,-109.8882178,4009.0,7,4,0,0,4,2,38072,3,0,0,3,2
2020-04-24,US,Arizona,Greenlee,2,0,0,33.21498827,-109.2405279,4011.0,2,2,0,0,2,2,9483,0,0,0,0,0
2020-04-24,US,Arizona,La Paz,8,1,0,33.72854224,-113.98100290000001,4012.0,7,6,1,0,5,6,21098,2,0,0,2,0
2020-04-24,US,Arizona,Maricopa,3116,120,0,33.34835867,-112.49181540000001,4013.0,2996,2970,115,0,2855,2846,4410824,146,5,0,141,124
2020-04-24,US,Arizona,Mohave,73,3,0,35.70471703,-113.7577902,4015.0,70,69,3,0,66,62,209550,4,0,0,4,7
2020-04-24,US,Arizona,Navajo,583,18,0,35.3997715,-110.3218983,4017.0,565,564,13,0,551,527,110445,19,5,0,14,37
2020-04-24,US,Arizona,Pima,1060,74,0,32.0971334,-111.7890033,4019.0,986,1026,70,0,956,973,1039073,34,4,0,30,53
2020-04-24,US,Arizona,Pinal,317,9,0,32.90525627,-111.3449483,4021.0,308,303,8,0,295,283,447138,14,1,0,13,20
2020-04-24,US,Arizona,Santa Cruz,30,0,0,31.52508998,-110.8479088,4023.0,30,28,0,0,28,28,46511,2,0,0,2,0
2020-04-24,US,Arizona,Yavapai,75,1,0,34.59933926,-112.5538588,4025.0,74,75,1,0,74,73,231993,0,0,0,0,2
2020-04-24,US,Arizona,Yuma,42,1,0,32.76895712,-113.90666740000002,4027.0,41,42,1,0,41,42,212128,0,0,0,0,0
2020-04-24,US,Arkansas,Arkansas,2,0,0,34.29145151,-91.37277296,5001.0,2,2,0,0,2,2,17769,0,0,0,0,0
2020-04-24,US,Arkansas,Ashley,13,0,0,33.19153461,-91.76984709999999,5003.0,13,13,0,0,13,13,20046,0,0,0,0,0
2020-04-24,US,Arkansas,Baxter,5,0,0,36.28784385,-92.33782872,5005.0,5,5,0,0,5,5,41619,0,0,0,0,0
2020-04-24,US,Arkansas,Benton,77,0,0,36.33644656,-94.25680817,5007.0,77,70,0,0,70,68,272608,7,0,0,7,2
2020-04-24,US,Arkansas,Boone,4,0,0,36.3084504,-93.09374925,5009.0,4,4,0,0,4,4,37480,0,0,0,0,0
2020-04-24,US,Arkansas,Bradley,7,1,0,33.46755808,-92.15980837,5011.0,6,7,1,0,6,7,10897,0,0,0,0,0
2020-04-24,US,Arkansas,Carroll,3,0,0,36.34038560000001,-93.54270261,5015.0,3,2,0,0,2,2,28223,1,0,0,1,0
2020-04-24,US,Arkansas,Chicot,7,0,0,33.26458973,-91.29539209,5017.0,7,7,0,0,7,7,10438,0,0,0,0,0
2020-04-24,US,Arkansas,Clark,28,0,0,34.04613432,-93.17484713,5019.0,28,27,0,0,27,27,22061,1,0,0,1,0
2020-04-24,US,Arkansas,Clay,1,0,0,36.36826212,-90.4148172,5021.0,1,1,0,0,1,1,14847,0,0,0,0,0
2020-04-24,US,Arkansas,Cleburne,72,4,0,35.53864922,-92.02640019,5023.0,68,71,4,0,67,71,24965,1,0,0,1,0
2020-04-24,US,Arkansas,Cleveland,8,0,0,33.89723187,-92.18537045,5025.0,8,8,0,0,8,8,8018,0,0,0,0,0
2020-04-24,US,Arkansas,Columbia,6,0,0,33.21230701,-93.22642793,5027.0,6,5,0,0,5,5,23537,1,0,0,1,0
2020-04-24,US,Arkansas,Conway,10,1,0,35.26205537,-92.70506566,5029.0,9,8,1,0,7,5,20891,2,0,0,2,3
2020-04-24,US,Arkansas,Craighead,58,1,0,35.83018283,-90.63235729,5031.0,57,55,1,0,54,48,108558,3,0,0,3,7
2020-04-24,US,Arkansas,Crawford,4,0,0,35.58928601,-94.2446814,5033.0,4,4,0,0,4,4,63406,0,0,0,0,0
2020-04-24,US,Arkansas,Crittenden,167,5,0,35.21247318,-90.30839406,5035.0,162,156,5,0,151,147,48342,11,0,0,11,9
2020-04-24,US,Arkansas,Cross,11,0,0,35.29631396,-90.77185818,5037.0,11,11,0,0,11,9,16676,0,0,0,0,2
2020-04-24,US,Arkansas,Dallas,1,0,0,33.97042763,-92.65167437,5039.0,1,1,0,0,1,1,7182,0,0,0,0,0
2020-04-24,US,Arkansas,Desha,16,0,0,33.83011025,-91.25500948,5041.0,16,14,0,0,14,9,11512,2,0,0,2,5
2020-04-24,US,Arkansas,Drew,13,1,0,33.59035001,-91.71777921,5043.0,12,10,1,0,9,7,18328,3,0,0,3,3
2020-04-24,US,Arkansas,Faulkner,67,2,0,35.14719007,-92.33717519,5045.0,65,67,2,0,65,64,124806,0,0,0,0,3
2020-04-24,US,Arkansas,Franklin,1,0,0,35.51202821,-93.89299569,5047.0,1,1,0,0,1,1,17810,0,0,0,0,0
2020-04-24,US,Arkansas,Fulton,1,0,0,36.38177105,-91.81729127,5049.0,1,1,0,0,1,,12269,0,0,0,0,
2020-04-24,US,Arkansas,Garland,110,0,0,34.57692074,-93.14921604,5051.0,110,109,0,0,109,109,99154,1,0,0,1,0
2020-04-24,US,Arkansas,Grant,11,0,0,34.29017991,-92.42320562,5053.0,11,11,0,0,11,11,18188,0,0,0,0,0
2020-04-24,US,Arkansas,Greene,14,0,0,36.11735460000001,-90.55832668,5055.0,14,13,0,0,13,10,45325,1,0,0,1,3
2020-04-24,US,Arkansas,Hempstead,5,1,0,33.73325583,-93.66935133,5057.0,4,5,1,0,4,5,21741,0,0,0,0,0
2020-04-24,US,Arkansas,Hot Spring,9,0,0,34.31709259,-92.95396325,5059.0,9,9,0,0,9,8,33701,0,0,0,0,1
2020-04-24,US,Arkansas,Howard,13,0,0,34.09007427,-93.9934871,5061.0,13,13,0,0,13,14,13341,0,0,0,0,-1
2020-04-24,US,Arkansas,Independence,9,0,0,35.74242707,-91.57001641,5063.0,9,8,0,0,8,8,37678,1,0,0,1,0
2020-04-24,US,Arkansas,Izard,3,0,0,36.09604046,-91.90847954,5065.0,3,2,0,0,2,2,13593,1,0,0,1,0
2020-04-24,US,Arkansas,Jackson,1,0,0,35.59802983,-91.21494602,5067.0,1,1,0,0,1,1,16811,0,0,0,0,0
2020-04-24,US,Arkansas,Jefferson,145,7,0,34.26767081,-91.92619839,5069.0,138,142,7,0,135,135,68114,3,0,0,3,7
2020-04-24,US,Arkansas,Johnson,26,0,0,35.56759135,-93.46036368,5071.0,26,26,0,0,26,22,26742,0,0,0,0,4
2020-04-24,US,Arkansas,Lafayette,6,0,0,33.24116713,-93.60677071,5073.0,6,6,0,0,6,4,6682,0,0,0,0,2
2020-04-24,US,Arkansas,Lawrence,38,1,0,36.04188196,-91.10867198,5075.0,37,37,1,0,36,29,16434,1,0,0,1,8
2020-04-24,US,Arkansas,Lee,3,1,0,34.78498904,-90.78383866,5077.0,2,3,1,0,2,3,8985,0,0,0,0,0
2020-04-24,US,Arkansas,Lincoln,707,0,0,33.95317155,-91.74002806,5079.0,707,630,0,0,630,445,13383,77,0,0,77,185
2020-04-24,US,Arkansas,Logan,3,0,0,35.21413234,-93.71951016,5083.0,3,3,0,0,3,3,21737,0,0,0,0,0
2020-04-24,US,Arkansas,Lonoke,31,0,0,34.75392199,-91.88742357,5085.0,31,30,0,0,30,27,73657,1,0,0,1,3
2020-04-24,US,Arkansas,Madison,1,0,0,36.01038185,-93.72524943,5087.0,1,1,0,0,1,1,16481,0,0,0,0,0
2020-04-24,US,Arkansas,Marion,1,0,0,36.26844485,-92.68451899,5089.0,1,1,0,0,1,1,16722,0,0,0,0,0
2020-04-24,US,Arkansas,Miller,32,1,0,33.31403423,-93.89285258,5091.0,31,31,1,0,30,30,43592,1,0,0,1,1
2020-04-24,US,Arkansas,Mississippi,10,0,0,35.76271485,-90.05194370000002,5093.0,10,10,0,0,10,9,41239,0,0,0,0,1
2020-04-24,US,Arkansas,Monroe,4,0,0,34.6815935,-91.20540287,5095.0,4,4,0,0,4,4,6900,0,0,0,0,0
2020-04-24,US,Arkansas,Nevada,1,0,0,33.66340119,-93.30632432,5099.0,1,1,0,0,1,1,8326,0,0,0,0,0
2020-04-24,US,Arkansas,Newton,3,0,0,35.91947491,-93.21612969,5101.0,3,3,0,0,3,2,7805,0,0,0,0,1
2020-04-24,US,Arkansas,Ouachita,5,0,0,33.58839816,-92.87795984,5103.0,5,5,0,0,5,5,23606,0,0,0,0,0
2020-04-24,US,Arkansas,Perry,6,0,0,34.945915299999996,-92.94372564,5105.0,6,3,0,0,3,3,10352,3,0,0,3,0
2020-04-24,US,Arkansas,Phillips,4,1,0,34.43268455,-90.84800154,5107.0,3,4,1,0,3,4,18029,0,0,0,0,0
2020-04-24,US,Arkansas,Pike,3,0,0,34.16250414,-93.65789349,5109.0,3,3,0,0,3,3,10673,0,0,0,0,0
2020-04-24,US,Arkansas,Poinsett,14,0,0,35.57433534,-90.66268713,5111.0,14,13,0,0,13,11,23974,1,0,0,1,2
2020-04-24,US,Arkansas,Polk,7,0,0,34.48254879,-94.22728802,5113.0,7,7,0,0,7,7,20049,0,0,0,0,0
2020-04-24,US,Arkansas,Pope,37,0,0,35.44871474,-93.03212219,5115.0,37,37,0,0,37,35,64000,0,0,0,0,2
2020-04-24,US,Arkansas,Prairie,2,0,0,34.83624419,-91.55162157,5117.0,2,2,0,0,2,2,8074,0,0,0,0,0
2020-04-24,US,Arkansas,Pulaski,440,14,0,34.77054088,-92.31355101,5119.0,426,427,12,0,415,404,392680,13,2,0,11,23
2020-04-24,US,Arkansas,Randolph,15,0,0,36.3415714,-91.02455531,5121.0,15,14,0,0,14,14,17948,1,0,0,1,0
2020-04-24,US,Arkansas,Saline,54,1,0,34.64916145,-92.67583224,5125.0,53,51,1,0,50,47,121421,3,0,0,3,4
2020-04-24,US,Arkansas,Scott,1,0,0,34.85588887,-94.0632176,5127.0,1,1,0,0,1,1,10319,0,0,0,0,0
2020-04-24,US,Arkansas,Searcy,6,0,0,35.9109364,-92.69936482,5129.0,6,6,0,0,6,6,7958,0,0,0,0,0
2020-04-24,US,Arkansas,Sebastian,12,0,0,35.19605503,-94.27162713,5131.0,12,12,0,0,12,11,127753,0,0,0,0,1
2020-04-24,US,Arkansas,Sevier,10,0,0,33.99780401,-94.2424869,5133.0,10,10,0,0,10,10,17139,0,0,0,0,0
2020-04-24,US,Arkansas,Sharp,2,0,0,36.16258158,-91.47819342,5135.0,2,2,0,0,2,2,17366,0,0,0,0,0
2020-04-24,US,Arkansas,St. Francis,74,0,0,35.02201976,-90.74828138,5123.0,74,69,0,0,69,66,25439,5,0,0,5,3
2020-04-24,US,Arkansas,Stone,7,0,0,35.86251946,-92.15684085,5137.0,7,7,0,0,7,7,12457,0,0,0,0,0
2020-04-24,US,Arkansas,Unassigned,182,0,0,0.0,0.0,90005.0,182,127,0,0,127,95,,55,0,0,55,32
2020-04-24,US,Arkansas,Union,30,0,0,33.16887091,-92.59746952,5139.0,30,29,0,0,29,26,39126,1,0,0,1,3
2020-04-24,US,Arkansas,Van Buren,26,2,0,35.58095779,-92.51295036,5141.0,24,26,2,0,24,26,16603,0,0,0,0,0
2020-04-24,US,Arkansas,Washington,71,2,0,35.976844,-94.21800746,5143.0,69,62,2,0,60,60,236961,9,0,0,9,2
2020-04-24,US,Arkansas,White,30,1,0,35.25688493,-91.74908296,5145.0,29,29,1,0,28,29,78727,1,0,0,1,0
2020-04-24,US,Arkansas,Woodruff,1,0,0,35.18902527,-91.2439489,5147.0,1,1,0,0,1,1,6490,0,0,0,0,0
2020-04-24,US,Arkansas,Yell,3,0,0,35.00292371,-93.41171338,5149.0,3,3,0,0,3,2,21535,0,0,0,0,1
2020-04-24,US,California,Alameda,1403,48,0,37.64629437,-121.8929271,6001.0,1355,1352,46,0,1306,1242,1666753,51,2,0,49,110
2020-04-24,US,California,Alpine,2,0,0,38.59678594,-119.82235940000001,6003.0,2,2,0,0,2,2,1101,0,0,0,0,0
2020-04-24,US,California,Amador,8,0,0,38.44583082,-120.65696000000001,6005.0,8,8,0,0,8,8,39383,0,0,0,0,0
2020-04-24,US,California,Butte,16,0,0,39.66727762,-121.6005252,6007.0,16,16,0,0,16,16,231256,0,0,0,0,0
2020-04-24,US,California,Calaveras,13,0,0,38.20537103,-120.55291299999999,6009.0,13,13,0,0,13,12,45602,0,0,0,0,1
2020-04-24,US,California,Colusa,3,0,0,39.17881957,-122.2331726,6011.0,3,3,0,0,3,3,21627,0,0,0,0,0
2020-04-24,US,California,Contra Costa,786,23,0,37.91923498,-121.9289527,6013.0,763,770,23,0,747,763,1150215,16,0,0,16,7
2020-04-24,US,California,Del Norte,2,0,0,41.74228275,-123.89740630000001,6015.0,2,2,0,0,2,2,27828,0,0,0,0,0
2020-04-24,US,California,El Dorado,42,0,0,38.77965956,-120.5233166,6017.0,42,40,0,0,40,39,190678,2,0,0,2,1
2020-04-24,US,California,Fresno,443,7,0,36.75733899,-119.6466953,6019.0,436,419,7,0,412,371,994400,24,0,0,24,48
2020-04-24,US,California,Glenn,5,0,0,39.59875897,-122.3938452,6021.0,5,5,0,0,5,4,28047,0,0,0,0,1
2020-04-24,US,California,Humboldt,53,0,0,40.69923009,-123.876044,6023.0,53,52,0,0,52,52,136373,1,0,0,1,0
2020-04-24,US,California,Imperial,251,8,0,33.0393082,-115.36690420000001,6025.0,243,232,8,0,224,195,181827,19,0,0,19,37
2020-04-24,US,California,Inyo,19,1,0,36.51112084,-117.41119779999998,6027.0,18,19,0,0,19,19,17987,0,1,0,-1,0
2020-04-24,US,California,Kern,735,4,0,35.34329425,-118.72777959999999,6029.0,731,699,4,0,695,683,896764,36,0,0,36,16
2020-04-24,US,California,Kings,47,1,0,36.07409056,-119.8159973,6031.0,46,35,1,0,34,32,151366,12,0,0,12,3
2020-04-24,US,California,Lake,6,0,0,39.10124298,-122.75362439999999,6033.0,6,6,0,0,6,6,64382,0,0,0,0,0
2020-04-24,US,California,Los Angeles,18545,850,0,34.30828379,-118.22824109999999,6037.0,17695,17537,797,0,16740,16447,10105518,1008,53,0,955,1090
2020-04-24,US,California,Madera,39,2,0,37.21513971,-119.76655890000002,6039.0,37,39,2,0,37,36,157672,0,0,0,0,3
2020-04-24,US,California,Marin,212,12,0,38.07122463,-122.72106310000001,6041.0,200,209,11,0,198,200,259666,3,1,0,2,9
2020-04-24,US,California,Mendocino,11,0,0,39.4381191,-123.39113130000001,6045.0,11,5,0,0,5,5,87606,6,0,0,6,0
2020-04-24,US,California,Merced,102,3,0,37.18922369,-120.72090349999999,6047.0,99,100,3,0,97,93,274765,2,0,0,2,7
2020-04-24,US,California,Mono,24,1,0,37.93899289,-118.8872409,6051.0,23,24,1,0,23,24,14250,0,0,0,0,0
2020-04-24,US,California,Monterey,169,4,0,36.21862405,-121.24133970000001,6053.0,165,154,4,0,150,150,435594,15,0,0,15,4
2020-04-24,US,California,Napa,58,2,0,38.50735751,-122.33283899999999,6055.0,56,57,2,0,55,54,139417,1,0,0,1,3
2020-04-24,US,California,Nevada,37,1,0,39.30394768,-120.76272809999999,6057.0,36,36,1,0,35,38,99696,1,0,0,1,-2
2020-04-24,US,California,Orange,1845,36,0,33.70147516,-117.76459979999998,6059.0,1809,1827,36,0,1791,1753,3185968,18,0,0,18,74
2020-04-24,US,California,Placer,139,8,0,39.06167234,-120.72405690000001,6061.0,131,136,8,0,128,133,393149,3,0,0,3,3
2020-04-24,US,California,Plumas,4,0,0,40.00355989,-120.8395236,6063.0,4,4,0,0,4,4,18804,0,0,0,0,0
2020-04-24,US,California,Riverside,3315,112,0,33.74314981,-115.9933578,6065.0,3203,3218,100,0,3118,2960,2450758,97,12,0,85,258
2020-04-24,US,California,Sacramento,1019,41,0,38.45106826,-121.34253740000001,6067.0,978,987,41,0,946,971,1540975,32,0,0,32,16
2020-04-24,US,California,San Benito,47,2,0,36.60308176,-121.069975,6069.0,45,47,2,0,45,45,61537,0,0,0,0,2
2020-04-24,US,California,San Bernardino,1666,80,0,34.84060306,-116.1774685,6071.0,1586,1608,77,0,1531,1489,2171603,58,3,0,55,119
2020-04-24,US,California,San Diego,2826,102,0,33.03484597,-116.73653259999999,6073.0,2724,2643,100,0,2543,2491,3343364,183,2,0,181,152
2020-04-24,US,California,San Francisco,1340,22,0,37.75215114,-122.43856720000001,6075.0,1318,1302,21,0,1281,1233,883305,38,1,0,37,69
2020-04-24,US,California,San Joaquin,495,24,0,37.93433732,-121.2730061,6077.0,471,487,22,0,465,460,752660,8,2,0,6,27
2020-04-24,US,California,San Luis Obispo,163,1,0,35.38822029,-120.4039028,6079.0,162,149,1,0,148,134,284010,14,0,0,14,15
2020-04-24,US,California,San Mateo,989,41,0,37.422880799999994,-122.32755459999998,6081.0,948,966,39,0,927,958,769545,23,2,0,21,8
2020-04-24,US,California,Santa Barbara,460,6,0,34.65329488,-120.0188492,6083.0,454,451,5,0,446,429,446527,9,1,0,8,22
2020-04-24,US,California,Santa Clara,2018,98,0,37.23104908,-121.6970462,6085.0,1920,1987,95,0,1892,1962,1937570,31,3,0,28,25
2020-04-24,US,California,Santa Cruz,115,2,0,37.05580291,-122.0066524,6087.0,113,114,2,0,112,111,274255,1,0,0,1,3
2020-04-24,US,California,Shasta,30,4,0,40.76391419,-122.0396884,6089.0,26,28,3,0,25,26,180040,2,1,0,1,2
2020-04-24,US,California,Siskiyou,5,0,0,41.59198861,-122.54074340000001,6093.0,5,5,0,0,5,5,43724,0,0,0,0,0
2020-04-24,US,California,Solano,199,4,0,38.26827353,-121.9357113,6095.0,195,191,4,0,187,181,446610,8,0,0,8,10
2020-04-24,US,California,Sonoma,217,2,0,38.52746429,-122.88625060000001,6097.0,215,194,2,0,192,192,499942,23,0,0,23,2
2020-04-24,US,California,Stanislaus,264,5,0,37.55862499,-120.9970722,6099.0,259,251,5,0,246,236,549815,13,0,0,13,15
2020-04-24,US,California,Sutter,44,3,0,39.03417539,-121.6945899,6101.0,41,44,3,0,41,26,96807,0,0,0,0,18
2020-04-24,US,California,Tehama,1,1,0,40.12570935,-122.23701709999999,6103.0,0,1,1,0,0,1,63916,0,0,0,0,0
2020-04-24,US,California,Tulare,472,28,0,36.22026558,-118.8020203,6107.0,444,453,25,0,428,441,465861,19,3,0,16,12
2020-04-24,US,California,Tuolumne,2,0,0,38.02644018,-119.95250929999999,6109.0,2,2,0,0,2,2,54539,0,0,0,0,0
2020-04-24,US,California,Unassigned,0,2,0,0.0,0.0,90006.0,-2,0,2,0,-2,0,,0,0,0,0,0
2020-04-24,US,California,Ventura,476,16,0,34.44465746,-119.09106129999999,6111.0,460,465,16,0,449,443,850967,11,0,0,11,22
2020-04-24,US,California,Yolo,157,13,0,38.68278902,-121.90182879999999,6113.0,144,151,12,0,139,146,220408,6,1,0,5,5
2020-04-24,US,California,Yuba,16,1,0,39.26255932,-121.35356440000001,6115.0,15,16,1,0,15,16,78041,0,0,0,0,0
2020-04-24,US,Colorado,Adams,1252,57,0,39.87432092,-104.3362578,8001.0,1195,1082,50,0,1032,1033,511868,170,7,0,163,49
2020-04-24,US,Colorado,Alamosa,10,2,0,37.57250606,-105.7885451,8003.0,8,9,2,0,7,9,16683,1,0,0,1,0
2020-04-24,US,Colorado,Arapahoe,2030,125,0,39.64977461,-104.3353617,8005.0,1905,1824,101,0,1723,1717,651215,206,24,0,182,107
2020-04-24,US,Colorado,Archuleta,8,0,0,37.19474156,-107.04768670000001,8007.0,8,8,0,0,8,9,13765,0,0,0,0,-1
2020-04-24,US,Colorado,Baca,10,0,0,37.31940883,-102.5603223,8009.0,10,10,0,0,10,10,3585,0,0,0,0,0
2020-04-24,US,Colorado,Boulder,470,28,0,40.09313619,-105.3546767,8013.0,442,426,25,0,401,417,326078,44,3,0,41,9
2020-04-24,US,Colorado,Broomfield,126,5,0,39.95998787,-105.0566324,8014.0,121,113,4,0,109,110,69267,13,1,0,12,3
2020-04-24,US,Colorado,Chaffee,66,13,0,38.74745778,-106.19265729999998,8015.0,53,55,5,0,50,55,20027,11,8,0,3,0
2020-04-24,US,Colorado,Clear Creek,13,1,0,39.68864463,-105.6463118,8019.0,12,12,1,0,11,11,9605,1,0,0,1,1
2020-04-24,US,Colorado,Costilla,3,0,0,37.27732493,-105.4276548,8023.0,3,3,0,0,3,3,3828,0,0,0,0,0
2020-04-24,US,Colorado,Crowley,2,1,0,38.32608609,-103.7844965,8025.0,1,2,1,0,1,2,5858,0,0,0,0,0
2020-04-24,US,Colorado,Custer,2,0,0,38.10883162,-105.3683478,8027.0,2,2,0,0,2,2,4954,0,0,0,0,0
2020-04-24,US,Colorado,Delta,26,1,0,38.86246243,-107.86313419999999,8029.0,25,25,1,0,24,25,30953,1,0,0,1,0
2020-04-24,US,Colorado,Denver,2385,128,0,39.76018276,-104.87256950000001,8031.0,2257,2172,98,0,2074,2071,716492,213,30,0,183,101
2020-04-24,US,Colorado,Douglas,414,19,0,39.33133796,-104.930001,8035.0,395,399,18,0,381,392,342776,15,1,0,14,7
2020-04-24,US,Colorado,Eagle,506,7,0,39.62754308,-106.6933637,8037.0,499,489,7,0,482,488,54993,17,0,0,17,1
2020-04-24,US,Colorado,El Paso,853,72,0,38.83240149,-104.5251411,8041.0,781,798,55,0,743,774,713856,55,17,0,38,24
2020-04-24,US,Colorado,Elbert,27,1,0,39.28656773,-104.13587209999999,8039.0,26,26,1,0,25,24,26282,1,0,0,1,2
2020-04-24,US,Colorado,Fremont,19,0,0,38.47362326,-105.43996670000001,8043.0,19,19,0,0,19,19,48021,0,0,0,0,0
2020-04-24,US,Colorado,Garfield,81,2,0,39.59921777,-107.902708,8045.0,79,74,2,0,72,71,59770,7,0,0,7,3
2020-04-24,US,Colorado,Gilpin,1,0,0,39.85646523,-105.5252597,8047.0,1,1,0,0,1,1,6121,0,0,0,0,0
2020-04-24,US,Colorado,Grand,5,0,0,40.10603347,-106.11780420000001,8049.0,5,5,0,0,5,5,15525,0,0,0,0,0
2020-04-24,US,Colorado,Gunnison,123,4,0,38.66611652,-107.0320729,8051.0,119,121,4,0,117,121,17246,2,0,0,2,0
2020-04-24,US,Colorado,Hinsdale,3,0,0,37.82247444,-107.3004345,8053.0,3,3,0,0,3,3,811,0,0,0,0,0
2020-04-24,US,Colorado,Huerfano,1,0,0,37.68473101,-104.9612585,8055.0,1,1,0,0,1,1,6889,0,0,0,0,0
2020-04-24,US,Colorado,Jefferson,1157,61,0,39.58635604,-105.2517692,8059.0,1096,1075,53,0,1022,1064,580233,82,8,0,74,11
2020-04-24,US,Colorado,Kit Carson,19,2,0,39.30497777,-102.60221990000001,8063.0,17,18,1,0,17,18,7163,1,1,0,0,0
2020-04-24,US,Colorado,La Plata,56,0,0,37.28632032,-107.8429014,8067.0,56,55,0,0,55,53,56310,1,0,0,1,2
2020-04-24,US,Colorado,Lake,12,0,0,39.20278823,-106.35556969999999,8065.0,12,10,0,0,10,9,7824,2,0,0,2,1
2020-04-24,US,Colorado,Larimer,291,18,0,40.66671597,-105.4625784,8069.0,273,274,15,0,259,266,350518,17,3,0,14,8
2020-04-24,US,Colorado,Las Animas,3,0,0,37.3153406,-104.03764579999999,8071.0,3,3,0,0,3,3,14503,0,0,0,0,0
2020-04-24,US,Colorado,Lincoln,3,0,0,38.98749519,-103.51366490000001,8073.0,3,3,0,0,3,3,5610,0,0,0,0,0
2020-04-24,US,Colorado,Logan,31,1,0,40.7249637,-103.110817,8075.0,30,24,1,0,23,24,21528,7,0,0,7,0
2020-04-24,US,Colorado,Mesa,37,0,0,39.01787888,-108.469799,8077.0,37,37,0,0,37,37,153207,0,0,0,0,0
2020-04-24,US,Colorado,Mineral,2,0,0,37.66954283,-106.92816979999999,8079.0,2,2,0,0,2,2,776,0,0,0,0,0
2020-04-24,US,Colorado,Moffat,6,0,0,40.61810999,-108.2070876,8081.0,6,6,0,0,6,6,13188,0,0,0,0,0
2020-04-24,US,Colorado,Montezuma,15,2,0,37.33859579,-108.59588570000001,8083.0,13,15,2,0,13,13,26158,0,0,0,0,2
2020-04-24,US,Colorado,Montrose,83,9,0,38.40214114,-108.26390220000002,8085.0,74,82,9,0,73,82,42214,1,0,0,1,0
2020-04-24,US,Colorado,Morgan,232,8,0,40.26279810000001,-103.8093302,8087.0,224,214,8,0,206,202,28558,18,0,0,18,12
2020-04-24,US,Colorado,Otero,8,1,0,37.9014485,-103.7173385,8089.0,7,7,0,0,7,7,18432,1,1,0,0,0
2020-04-24,US,Colorado,Ouray,5,1,0,38.14717457,-107.7675136,8091.0,4,5,1,0,4,5,4833,0,0,0,0,0
2020-04-24,US,Colorado,Out of CO,0,2,0,0.0,0.0,80008.0,-2,0,2,0,-2,,,0,0,0,0,
2020-04-24,US,Colorado,Park,7,0,0,39.120926000000004,-105.7182065,8093.0,7,6,0,0,6,6,18556,1,0,0,1,0
2020-04-24,US,Colorado,Phillips,5,0,0,40.59414277,-102.3577703,8095.0,5,5,0,0,5,5,4286,0,0,0,0,0
2020-04-24,US,Colorado,Pitkin,59,3,0,39.21720112,-106.9310027,8097.0,56,57,2,0,55,57,17950,2,1,0,1,0
2020-04-24,US,Colorado,Prowers,1,0,0,37.95544985,-102.3926052,8099.0,1,1,0,0,1,1,12164,0,0,0,0,0
2020-04-24,US,Colorado,Pueblo,117,9,0,38.17359144,-104.5127437,8101.0,108,108,7,0,101,107,167529,9,2,0,7,1
2020-04-24,US,Colorado,Rio Blanco,1,0,0,39.97913541,-108.2179009,8103.0,1,1,0,0,1,1,6336,0,0,0,0,0
2020-04-24,US,Colorado,Rio Grande,7,0,0,37.5836865,-106.3847838,8105.0,7,7,0,0,7,7,11250,0,0,0,0,0
2020-04-24,US,Colorado,Routt,52,4,0,40.48596505,-106.9905548,8107.0,48,52,2,0,50,52,25733,0,2,0,-2,0
2020-04-24,US,Colorado,Saguache,3,0,0,38.08054629,-106.28246599999999,8109.0,3,3,0,0,3,3,6843,0,0,0,0,0
2020-04-24,US,Colorado,San Miguel,17,0,0,38.00450883,-108.4020725,8113.0,17,17,0,0,17,17,8191,0,0,0,0,0
2020-04-24,US,Colorado,Summit,97,1,0,39.63803232,-106.1150762,8117.0,96,105,1,0,104,101,31007,-8,0,0,-8,4
2020-04-24,US,Colorado,Teller,26,2,0,38.88133511,-105.16148929999999,8119.0,24,25,2,0,23,25,25083,1,0,0,1,0
2020-04-24,US,Colorado,Unassigned,103,2,0,0.0,0.0,90008.0,101,108,1,0,107,95,,-5,1,0,-6,13
2020-04-24,US,Colorado,Washington,6,0,0,39.97015535,-103.202587,8121.0,6,6,0,0,6,6,4909,0,0,0,0,0
2020-04-24,US,Colorado,Weld,1353,82,0,40.55499405,-104.39296209999999,8123.0,1271,1263,70,0,1193,1237,314305,90,12,0,78,26
2020-04-24,US,Colorado,Yuma,6,0,0,40.00346839,-102.4258673,8125.0,6,5,0,0,5,4,10020,1,0,0,1,1
2020-04-24,US,Connecticut,Fairfield,10227,662,0,41.26809896,-73.3881171,9001.0,9565,10008,615,0,9393,9883,943823,219,47,0,172,125
2020-04-24,US,Connecticut,Hartford,4570,511,0,41.80283011,-72.73103891,9003.0,4059,4303,469,0,3834,4128,892697,267,42,0,225,175
2020-04-24,US,Connecticut,Litchfield,808,69,0,41.7937534,-73.2451475,9005.0,739,751,66,0,685,722,181111,57,3,0,54,29
2020-04-24,US,Connecticut,Middlesex,561,63,0,41.45949668,-72.53714864,9007.0,498,545,57,0,488,525,162682,16,6,0,10,20
2020-04-24,US,Connecticut,New Haven,6286,396,0,41.408032500000004,-72.93620426,9009.0,5890,6064,372,0,5692,5811,857620,222,24,0,198,253
2020-04-24,US,Connecticut,New London,448,23,0,41.48896435,-72.10430976,9011.0,425,419,17,0,402,397,266784,29,6,0,23,22
2020-04-24,US,Connecticut,Tolland,375,34,0,41.85853803,-72.3308481,9013.0,341,359,33,0,326,331,150921,16,1,0,15,28
2020-04-24,US,Connecticut,Unassigned,522,6,0,0.0,0.0,90009.0,516,522,6,0,516,550,,0,0,0,0,-28
2020-04-24,US,Connecticut,Windham,139,3,0,41.82972709,-71.98182316,9015.0,136,129,4,0,125,122,117027,10,-1,0,11,7
2020-04-24,US,Delaware,Kent,558,15,0,39.08646628,-75.56884914,10001.0,543,539,15,0,524,503,178550,19,0,0,19,36
2020-04-24,US,Delaware,New Castle,1486,45,0,39.57992638,-75.64054974,10003.0,1441,1389,40,0,1349,1352,559335,97,5,0,92,37
2020-04-24,US,Delaware,Sussex,1394,40,0,38.66143781,-75.39031349,10005.0,1354,1377,37,0,1340,1317,229286,17,3,0,14,60
2020-04-24,US,Delaware,Unassigned,4,0,0,0.0,0.0,90010.0,4,3,0,0,3,28,,1,0,0,1,-25
2020-04-24,US,District of Columbia,District of Columbia,3528,153,0,38.90417773,-77.01655992,11001.0,3375,3361,139,0,3222,3206,702455,167,14,0,153,155
2020-04-24,US,Florida,Alachua,244,1,0,29.67866525,-82.35928158,12001.0,243,231,1,0,230,227,269956,13,0,0,13,4
2020-04-24,US,Florida,Baker,20,3,0,30.33060121,-82.28467476,12003.0,17,19,3,0,16,17,28355,1,0,0,1,2
2020-04-24,US,Florida,Bay,63,2,0,30.26548745,-85.62122584,12005.0,61,60,2,0,58,59,185287,3,0,0,3,1
2020-04-24,US,Florida,Bradford,42,2,0,29.95079741,-82.16611613,12007.0,40,42,2,0,40,42,27732,0,0,0,0,0
2020-04-24,US,Florida,Brevard,247,8,0,28.29409504,-80.73091022,12009.0,239,235,8,0,227,225,596849,12,0,0,12,10
2020-04-24,US,Florida,Broward,4591,162,0,26.15184651,-80.48725556,12011.0,4429,4431,157,0,4274,4228,1951260,160,5,0,155,203
2020-04-24,US,Florida,Calhoun,6,0,0,30.40666734,-85.19394153,12013.0,6,6,0,0,6,6,14587,0,0,0,0,0
2020-04-24,US,Florida,Charlotte,199,14,0,26.90131002,-81.92949121,12015.0,185,178,12,0,166,148,184998,21,2,0,19,30
2020-04-24,US,Florida,Citrus,95,9,0,28.84804315,-82.47614748,12017.0,86,94,9,0,85,92,147929,1,0,0,1,2
2020-04-24,US,Florida,Clay,266,14,0,29.98319144,-81.85609986,12019.0,252,264,12,0,252,257,216072,2,2,0,0,7
2020-04-24,US,Florida,Collier,526,15,0,26.11091986,-81.34687065,12021.0,511,507,14,0,493,483,378488,19,1,0,18,24
2020-04-24,US,Florida,Columbia,46,0,0,30.22509788,-82.62160164,12023.0,46,46,0,0,46,42,70503,0,0,0,0,4
2020-04-24,US,Florida,DeSoto,24,4,0,27.18677893,-81.80941373,12027.0,20,24,4,0,20,24,37489,0,0,0,0,0
2020-04-24,US,Florida,Dixie,5,0,0,29.60631086,-83.15724673,12029.0,5,4,0,0,4,4,16700,1,0,0,1,0
2020-04-24,US,Florida,Duval,955,18,0,30.33225875,-81.66976468,12031.0,937,956,17,0,939,925,950181,-1,1,0,-2,31
2020-04-24,US,Florida,Escambia,434,11,0,30.67652764,-87.37284571,12033.0,423,420,10,0,410,418,315534,14,1,0,13,2
2020-04-24,US,Florida,Flagler,106,2,0,29.45933576,-81.31508595,12035.0,104,106,2,0,104,78,112067,0,0,0,0,28
2020-04-24,US,Florida,Franklin,2,0,0,29.83791238,-84.82731662,12037.0,2,2,0,0,2,2,11736,0,0,0,0,0
2020-04-24,US,Florida,Gadsden,79,0,0,30.57796289,-84.61915825,12039.0,79,69,0,0,69,58,45894,10,0,0,10,11
2020-04-24,US,Florida,Gilchrist,4,0,0,29.72856978,-82.79880657,12041.0,4,4,0,0,4,4,18256,0,0,0,0,0
2020-04-24,US,Florida,Glades,5,1,0,26.95635849,-81.18996211,12043.0,4,5,1,0,4,5,13724,0,0,0,0,0
2020-04-24,US,Florida,Gulf,1,0,0,29.93543004,-85.24270990000002,12045.0,1,1,0,0,1,1,16164,0,0,0,0,0
2020-04-24,US,Florida,Hamilton,6,0,0,30.49673973,-82.94998918,12047.0,6,6,0,0,6,5,14310,0,0,0,0,1
2020-04-24,US,Florida,Hardee,9,0,0,27.49293939,-81.80956574,12049.0,9,5,0,0,5,4,27245,4,0,0,4,1
2020-04-24,US,Florida,Hendry,64,2,0,26.55386945,-81.16469006,12051.0,62,59,2,0,57,52,41556,5,0,0,5,7
2020-04-24,US,Florida,Hernando,86,3,0,28.55364461,-82.42700204,12053.0,83,83,3,0,80,84,190865,3,0,0,3,-1
2020-04-24,US,Florida,Highlands,76,7,0,27.34254618,-81.34071957,12055.0,69,74,7,0,67,71,105424,2,0,0,2,3
2020-04-24,US,Florida,Hillsborough,1022,21,0,27.9276559,-82.32013172,12057.0,1001,1008,21,0,987,982,1436888,14,0,0,14,26
2020-04-24,US,Florida,Holmes,9,0,0,30.86747479,-85.81319222,12059.0,9,9,0,0,9,8,19477,0,0,0,0,1
2020-04-24,US,Florida,Indian River,89,5,0,27.69308961,-80.60556721,12061.0,84,88,5,0,83,85,157413,1,0,0,1,3
2020-04-24,US,Florida,Jackson,13,0,0,30.795459700000002,-85.21500423,12063.0,13,13,0,0,13,11,48305,0,0,0,0,2
2020-04-24,US,Florida,Jefferson,27,2,0,30.43669112,-83.89442308,12065.0,25,26,1,0,25,26,14288,1,1,0,0,0
2020-04-24,US,Florida,Lafayette,1,0,0,29.98484137,-83.18166636,12067.0,1,1,0,0,1,1,8732,0,0,0,0,0
2020-04-24,US,Florida,Lake,219,10,0,28.76202069,-81.7125123,12069.0,209,217,9,0,208,213,356495,2,1,0,1,4
2020-04-24,US,Florida,Lee,940,36,0,26.58410348,-81.88399313,12071.0,904,887,32,0,855,794,754610,53,4,0,49,93
2020-04-24,US,Florida,Leon,207,2,0,30.45955727,-84.27491114,12073.0,205,191,2,0,189,186,292502,16,0,0,16,5
2020-04-24,US,Florida,Levy,13,0,0,29.31829741,-82.74007147,12075.0,13,13,0,0,13,13,40770,0,0,0,0,0
2020-04-24,US,Florida,Liberty,2,0,0,30.23766008,-84.8829258,12077.0,2,2,0,0,2,2,8457,0,0,0,0,0
2020-04-24,US,Florida,Madison,41,2,0,30.44396917,-83.47398594,12079.0,39,40,2,0,38,35,18529,1,0,0,1,5
2020-04-24,US,Florida,Manatee,491,42,0,27.47196942,-82.31831044,12081.0,449,473,39,0,434,445,394855,18,3,0,15,28
2020-04-24,US,Florida,Marion,148,4,0,29.21227113,-82.05803627,12083.0,144,145,3,0,142,130,359977,3,1,0,2,15
2020-04-24,US,Florida,Martin,169,5,0,27.0772071,-80.43109784,12085.0,164,166,5,0,161,161,160912,3,0,0,3,5
2020-04-24,US,Florida,Miami-Dade,10926,287,0,25.6112362,-80.55170587,12086.0,10639,10588,270,0,10318,10153,2761581,338,17,0,321,435
2020-04-24,US,Florida,Monroe,77,3,0,25.20904673,-81.07812416,12087.0,74,74,3,0,71,73,75027,3,0,0,3,1
2020-04-24,US,Florida,Nassau,49,0,0,30.61037141,-81.80297522,12089.0,49,48,0,0,48,46,85832,1,0,0,1,2
2020-04-24,US,Florida,Okaloosa,145,3,0,30.69143028,-86.59267105,12091.0,142,141,3,0,138,135,207269,4,0,0,4,6
2020-04-24,US,Florida,Okeechobee,9,0,0,27.386336199999995,-80.88944347,12093.0,9,9,0,0,9,8,41537,0,0,0,0,1
2020-04-24,US,Florida,Orange,1290,30,0,28.51367621,-81.31799498,12095.0,1260,1274,29,0,1245,1251,1380645,16,1,0,15,23
2020-04-24,US,Florida,Osceola,461,7,0,28.06312234,-81.14882926,12097.0,454,449,7,0,442,423,367990,12,0,0,12,26
2020-04-24,US,Florida,Palm Beach,2600,155,0,26.64676272,-80.46536002,12099.0,2445,2554,144,0,2410,2403,1485941,46,11,0,35,151
2020-04-24,US,Florida,Pasco,230,4,0,28.30810945,-82.40227529,12101.0,226,221,3,0,218,218,539630,9,1,0,8,3
2020-04-24,US,Florida,Pinellas,673,24,0,27.93130349,-82.72239666,12103.0,649,656,23,0,633,638,975280,17,1,0,16,18
2020-04-24,US,Florida,Polk,393,18,0,27.95027105,-81.69732947,12105.0,375,379,17,0,362,361,708009,14,1,0,13,18
2020-04-24,US,Florida,Putnam,81,1,0,29.60779729,-81.74230285,12107.0,80,75,1,0,74,65,74163,6,0,0,6,10
2020-04-24,US,Florida,Santa Rosa,143,6,0,30.69341450000001,-87.02458128,12113.0,137,141,6,0,135,144,179349,2,0,0,2,-3
2020-04-24,US,Florida,Sarasota,314,32,0,27.18546175,-82.33174248,12115.0,282,310,32,0,278,299,426718,4,0,0,4,11
2020-04-24,US,Florida,Seminole,348,8,0,28.7158582,-81.24060348,12117.0,340,340,7,0,333,332,467832,8,1,0,7,8
2020-04-24,US,Florida,St. Johns,203,4,0,29.90096506,-81.43589967,12109.0,199,200,4,0,196,195,254261,3,0,0,3,5
2020-04-24,US,Florida,St. Lucie,223,19,0,27.37763908,-80.47106649,12111.0,204,220,17,0,203,207,321128,3,2,0,1,13
2020-04-24,US,Florida,Sumter,167,12,0,28.70181754,-82.0794267,12119.0,155,166,12,0,154,164,128754,1,0,0,1,2
2020-04-24,US,Florida,Suwannee,107,10,0,30.19746066,-82.99099670000003,12121.0,97,106,9,0,97,104,44191,1,1,0,0,2
2020-04-24,US,Florida,Taylor,3,0,0,30.04848048,-83.60445406,12123.0,3,3,0,0,3,2,21623,0,0,0,0,1
2020-04-24,US,Florida,Union,4,0,0,30.04412971,-82.37497443,12125.0,4,3,0,0,3,3,14940,1,0,0,1,0
2020-04-24,US,Florida,Volusia,428,15,0,29.05858895,-81.18263252,12127.0,413,420,14,0,406,375,547538,8,1,0,7,45
2020-04-24,US,Florida,Wakulla,20,1,0,30.16548905,-84.39895211,12129.0,19,17,1,0,16,15,32461,3,0,0,3,2
2020-04-24,US,Florida,Walton,35,0,0,30.64204028,-86.16935664,12131.0,35,34,0,0,34,32,71375,1,0,0,1,2
2020-04-24,US,Florida,Washington,12,0,0,30.61359259,-85.66002461,12133.0,12,10,0,0,10,10,24880,2,0,0,2,0
2020-04-24,US,Georgia,Appling,53,4,0,31.74847232,-82.28909114,13001.0,49,49,3,0,46,47,18507,4,1,0,3,2
2020-04-24,US,Georgia,Atkinson,7,0,0,31.29633502,-82.87545866,13003.0,7,7,0,0,7,5,8297,0,0,0,0,2
2020-04-24,US,Georgia,Bacon,20,1,0,31.55456473,-82.45936528,13005.0,19,20,1,0,19,20,11185,0,0,0,0,0
2020-04-24,US,Georgia,Baker,19,2,0,31.32669878,-84.44218806,13007.0,17,19,2,0,17,20,3092,0,0,0,0,-1
2020-04-24,US,Georgia,Baldwin,169,5,0,33.06882326,-83.24701748,13009.0,164,161,4,0,157,155,44823,8,1,0,7,6
2020-04-24,US,Georgia,Banks,18,0,0,34.35607081,-83.49644388,13011.0,18,17,0,0,17,16,18988,1,0,0,1,1
2020-04-24,US,Georgia,Barrow,111,3,0,33.99148694,-83.71436292,13013.0,108,106,3,0,103,103,80809,5,0,0,5,3
2020-04-24,US,Georgia,Bartow,273,28,0,34.23732119,-84.83887523,13015.0,245,264,27,0,237,259,106408,9,1,0,8,5
2020-04-24,US,Georgia,Ben Hill,21,0,0,31.76095874,-83.22145359,13017.0,21,21,0,0,21,20,16787,0,0,0,0,1
2020-04-24,US,Georgia,Berrien,14,0,0,31.27590016,-83.22529920000002,13019.0,14,12,0,0,12,10,19252,2,0,0,2,2
2020-04-24,US,Georgia,Bibb,244,5,0,32.80904227,-83.70489165,13021.0,239,234,5,0,229,224,153095,10,0,0,10,10
2020-04-24,US,Georgia,Bleckley,9,0,0,32.43829035,-83.33035166,13023.0,9,7,0,0,7,5,12838,2,0,0,2,2
2020-04-24,US,Georgia,Brantley,20,2,0,31.19576557,-81.97743999,13025.0,18,20,2,0,18,20,18897,0,0,0,0,0
2020-04-24,US,Georgia,Brooks,39,6,0,30.83922642,-83.58303423,13027.0,33,37,6,0,31,36,15513,2,0,0,2,1
2020-04-24,US,Georgia,Bryan,47,2,0,32.00979311,-81.44002948,13029.0,45,43,2,0,41,38,38109,4,0,0,4,5
2020-04-24,US,Georgia,Bulloch,34,2,0,32.39577406,-81.74811421,13031.0,32,33,2,0,31,33,77296,1,0,0,1,0
2020-04-24,US,Georgia,Burke,71,3,0,33.05917989,-81.99928721,13033.0,68,60,3,0,57,53,22423,11,0,0,11,7
2020-04-24,US,Georgia,Butts,125,2,0,33.283094500000004,-83.95435040000002,13035.0,123,126,2,0,124,125,24193,-1,0,0,-1,1
2020-04-24,US,Georgia,Calhoun,84,3,0,31.53169785,-84.62725131,13037.0,81,82,3,0,79,76,6352,2,0,0,2,6
2020-04-24,US,Georgia,Camden,28,1,0,30.92951916,-81.66601818,13039.0,27,28,1,0,27,27,53677,0,0,0,0,1
2020-04-24,US,Georgia,Candler,7,0,0,32.40209349,-82.07702563,13043.0,7,7,0,0,7,7,10836,0,0,0,0,0
2020-04-24,US,Georgia,Carroll,320,11,0,33.58138199,-85.07976677,13045.0,309,314,11,0,303,311,118121,6,0,0,6,3
2020-04-24,US,Georgia,Catoosa,46,0,0,34.89872298,-85.13757014,13047.0,46,45,0,0,45,45,67420,1,0,0,1,0
2020-04-24,US,Georgia,Charlton,7,0,0,30.78371028,-82.13951596,13049.0,7,7,0,0,7,7,12968,0,0,0,0,0
2020-04-24,US,Georgia,Chatham,205,6,0,32.00043026,-81.12489526,13051.0,199,199,6,0,193,193,289195,6,0,0,6,6
2020-04-24,US,Georgia,Chattahoochee,8,0,0,32.34341231,-84.78809239,13053.0,8,8,0,0,8,8,10684,0,0,0,0,0
2020-04-24,US,Georgia,Chattooga,13,1,0,34.47197698,-85.34535662,13055.0,12,11,1,0,10,11,24790,2,0,0,2,0
2020-04-24,US,Georgia,Cherokee,367,10,0,34.24393976,-84.47431861,13057.0,357,365,10,0,355,340,254149,2,0,0,2,25
2020-04-24,US,Georgia,Clarke,127,13,0,33.95436462,-83.37124007,13059.0,114,122,13,0,109,118,127330,5,0,0,5,4
2020-04-24,US,Georgia,Clay,20,2,0,31.62221166,-84.97713865,13061.0,18,20,2,0,18,20,2887,0,0,0,0,0
2020-04-24,US,Georgia,Clayton,629,21,0,33.54187245,-84.35594188,13063.0,608,616,21,0,595,549,289615,13,0,0,13,67
2020-04-24,US,Georgia,Clinch,7,0,0,30.91395822,-82.70432472,13065.0,7,7,0,0,7,7,6648,0,0,0,0,0
2020-04-24,US,Georgia,Cobb,1368,72,0,33.94243204,-84.5761255,13067.0,1296,1326,66,0,1260,1272,756865,42,6,0,36,54
2020-04-24,US,Georgia,Coffee,100,4,0,31.54892966,-82.85492059999999,13069.0,96,91,4,0,87,84,43093,9,0,0,9,7
2020-04-24,US,Georgia,Colquitt,165,6,0,31.18810588,-83.7677946,13071.0,159,163,6,0,157,158,45592,2,0,0,2,5
2020-04-24,US,Georgia,Columbia,137,2,0,33.54534185,-82.263524,13073.0,135,129,2,0,127,124,154291,8,0,0,8,5
2020-04-24,US,Georgia,Cook,15,1,0,31.16068491,-83.42947229,13075.0,14,15,1,0,14,15,17162,0,0,0,0,0
2020-04-24,US,Georgia,Coweta,187,4,0,33.35334302,-84.76129976,13077.0,183,177,4,0,173,168,145864,10,0,0,10,9
2020-04-24,US,Georgia,Crawford,14,0,0,32.71391813,-83.98061238,13079.0,14,14,0,0,14,14,12318,0,0,0,0,0
2020-04-24,US,Georgia,Crisp,149,2,0,31.92289565,-83.76811843,13081.0,147,141,2,0,139,130,22601,8,0,0,8,11
2020-04-24,US,Georgia,Dade,16,1,0,34.854916700000004,-85.50490424,13083.0,15,15,1,0,14,15,16226,1,0,0,1,0
2020-04-24,US,Georgia,Dawson,51,1,0,34.44244079,-84.16964071,13085.0,50,50,1,0,49,49,25083,1,0,0,1,1
2020-04-24,US,Georgia,DeKalb,1721,36,0,33.76944049,-84.22396017,13089.0,1685,1689,34,0,1655,1609,756558,32,2,0,30,80
2020-04-24,US,Georgia,Decatur,59,1,0,30.87967778,-84.57619536,13087.0,58,61,1,0,60,50,26575,-2,0,0,-2,11
2020-04-24,US,Georgia,Dodge,22,0,0,32.17265114,-83.16948926,13091.0,22,22,0,0,22,21,20705,0,0,0,0,1
2020-04-24,US,Georgia,Dooly,106,7,0,32.15630737,-83.79746561,13093.0,99,81,7,0,74,74,13706,25,0,0,25,7
2020-04-24,US,Georgia,Dougherty,1465,108,0,31.53328528,-84.21722377,13095.0,1357,1478,109,0,1369,1479,91243,-13,-1,0,-12,-1
2020-04-24,US,Georgia,Douglas,276,8,0,33.70291126,-84.77026156,13097.0,268,273,8,0,265,259,145331,3,0,0,3,14
2020-04-24,US,Georgia,Early,188,15,0,31.32155345,-84.90255207,13099.0,173,185,15,0,170,184,10247,3,0,0,3,1
2020-04-24,US,Georgia,Echols,5,0,0,30.71101099,-82.89687287,13101.0,5,5,0,0,5,5,4000,0,0,0,0,0
2020-04-24,US,Georgia,Effingham,34,1,0,32.36616021,-81.34280942,13103.0,33,33,1,0,32,30,62190,1,0,0,1,3
2020-04-24,US,Georgia,Elbert,15,0,0,34.11302332,-82.83936148,13105.0,15,14,0,0,14,10,19120,1,0,0,1,4
2020-04-24,US,Georgia,Emanuel,19,0,0,32.59221302,-82.30239915,13107.0,19,17,0,0,17,15,22612,2,0,0,2,2
2020-04-24,US,Georgia,Evans,4,0,0,32.15328841,-81.8870105,13109.0,4,4,0,0,4,4,10721,0,0,0,0,0
2020-04-24,US,Georgia,Fannin,21,0,0,34.86430205,-84.316964,13111.0,21,20,0,0,20,20,25964,1,0,0,1,0
2020-04-24,US,Georgia,Fayette,158,8,0,33.41357794,-84.49089434,13113.0,150,156,8,0,148,146,113459,2,0,0,2,10
2020-04-24,US,Georgia,Floyd,131,10,0,34.26268279,-85.21577392,13115.0,121,128,8,0,120,128,97927,3,2,0,1,0
2020-04-24,US,Georgia,Forsyth,241,8,0,34.22604035,-84.12315129999998,13117.0,233,235,8,0,227,227,236612,6,0,0,6,8
2020-04-24,US,Georgia,Franklin,16,0,0,34.37525597,-83.23159927,13119.0,16,16,0,0,16,13,23023,0,0,0,0,3
2020-04-24,US,Georgia,Fulton,2500,91,0,33.79216944,-84.46319413,13121.0,2409,2436,88,0,2348,2255,1050114,64,3,0,61,181
2020-04-24,US,Georgia,Gilmer,31,0,0,34.69316688,-84.45802506,13123.0,31,28,0,0,28,20,30816,3,0,0,3,8
2020-04-24,US,Georgia,Glynn,52,1,0,31.23279254,-81.53811412,13127.0,51,51,1,0,50,51,85219,1,0,0,1,0
2020-04-24,US,Georgia,Gordon,75,10,0,34.50487351,-84.87296253,13129.0,65,73,10,0,63,70,57685,2,0,0,2,3
2020-04-24,US,Georgia,Grady,48,3,0,30.87454847,-84.23418364,13131.0,45,47,3,0,44,40,24748,1,0,0,1,7
2020-04-24,US,Georgia,Greene,51,1,0,33.5769205,-83.17139104,13133.0,50,49,1,0,48,50,17698,2,0,0,2,-1
2020-04-24,US,Georgia,Gwinnett,1382,46,0,33.96044201,-84.02137802,13135.0,1336,1351,46,0,1305,1273,927781,31,0,0,31,78
2020-04-24,US,Georgia,Habersham,165,3,0,34.63331566,-83.53094677,13137.0,162,149,3,0,146,130,45388,16,0,0,16,19
2020-04-24,US,Georgia,Hall,1022,9,0,34.32207823,-83.81896936,13139.0,1013,963,9,0,954,907,202148,59,0,0,59,56
2020-04-24,US,Georgia,Hancock,16,0,0,33.2721566,-82.99766919,13141.0,16,14,0,0,14,11,8348,2,0,0,2,3
2020-04-24,US,Georgia,Haralson,26,1,0,33.79602175,-85.21005667,13143.0,25,26,1,0,25,25,29533,0,0,0,0,1
2020-04-24,US,Georgia,Harris,55,2,0,32.73709786,-84.90538572,13145.0,53,55,2,0,53,49,34475,0,0,0,0,6
2020-04-24,US,Georgia,Hart,6,0,0,34.34626973,-82.96567682,13147.0,6,6,0,0,6,6,26099,0,0,0,0,0
2020-04-24,US,Georgia,Heard,9,1,0,33.29686567,-85.12886832,13149.0,8,9,1,0,8,8,11879,0,0,0,0,1
2020-04-24,US,Georgia,Henry,419,10,0,33.4533428,-84.14814659999998,13151.0,409,413,10,0,403,388,230220,6,0,0,6,25
2020-04-24,US,Georgia,Houston,204,13,0,32.45802497,-83.66879087,13153.0,191,194,13,0,181,190,155469,10,0,0,10,4
2020-04-24,US,Georgia,Irwin,15,1,0,31.60213036,-83.27501387,13155.0,14,17,1,0,16,15,9398,-2,0,0,-2,2
2020-04-24,US,Georgia,Jackson,75,1,0,34.13794553,-83.56814788,13157.0,74,69,1,0,68,63,70422,6,0,0,6,6
2020-04-24,US,Georgia,Jasper,20,0,0,33.31535543,-83.68844964,13159.0,20,19,0,0,19,18,14040,1,0,0,1,1
2020-04-24,US,Georgia,Jeff Davis,10,1,0,31.80405727,-82.63724870000001,13161.0,9,9,1,0,8,7,15029,1,0,0,1,2
2020-04-24,US,Georgia,Jefferson,13,1,0,33.05867328,-82.41609057,13163.0,12,12,1,0,11,11,15430,1,0,0,1,1
2020-04-24,US,Georgia,Jenkins,15,1,0,32.79248718,-81.96040187,13165.0,14,15,1,0,14,14,8683,0,0,0,0,1
2020-04-24,US,Georgia,Johnson,36,1,0,32.70211082,-82.66166794,13167.0,35,38,1,0,37,37,9708,-2,0,0,-2,1
2020-04-24,US,Georgia,Jones,24,0,0,33.02512137,-83.56019163,13169.0,24,24,0,0,24,22,28616,0,0,0,0,2
2020-04-24,US,Georgia,Lamar,31,0,0,33.07841647,-84.14263877,13171.0,31,31,0,0,31,28,19000,0,0,0,0,3
2020-04-24,US,Georgia,Lanier,8,1,0,31.03828570000001,-83.06472457,13173.0,7,7,1,0,6,7,10340,1,0,0,1,0
2020-04-24,US,Georgia,Laurens,50,1,0,32.46325233,-82.92221316,13175.0,49,46,1,0,45,44,47325,4,0,0,4,2
2020-04-24,US,Georgia,Lee,297,18,0,31.779330600000005,-84.14324253,13177.0,279,298,19,0,279,294,29764,-1,-1,0,0,4
2020-04-24,US,Georgia,Liberty,35,0,0,31.82588896,-81.49251135,13179.0,35,35,0,0,35,34,61497,0,0,0,0,1
2020-04-24,US,Georgia,Lincoln,10,0,0,33.79201475,-82.45024131,13181.0,10,10,0,0,10,10,7915,0,0,0,0,0
2020-04-24,US,Georgia,Long,2,0,0,31.75218791,-81.74952375,13183.0,2,2,0,0,2,2,18998,0,0,0,0,0
2020-04-24,US,Georgia,Lowndes,129,4,0,30.83568832,-83.27056716,13185.0,125,125,4,0,121,122,116321,4,0,0,4,3
2020-04-24,US,Georgia,Lumpkin,29,0,0,34.57286511,-84.00425681,13187.0,29,28,0,0,28,26,32955,1,0,0,1,2
2020-04-24,US,Georgia,Macon,67,3,0,32.35207048,-84.04234127,13193.0,64,66,2,0,64,59,13143,1,1,0,0,7
2020-04-24,US,Georgia,Madison,21,1,0,34.12920917,-83.21218732,13195.0,20,19,1,0,18,18,29650,2,0,0,2,1
2020-04-24,US,Georgia,Marion,35,1,0,32.3483402,-84.52733571,13197.0,34,34,1,0,33,33,8351,1,0,0,1,1
2020-04-24,US,Georgia,McDuffie,39,4,0,33.47851918,-82.48252774,13189.0,35,39,4,0,35,37,21531,0,0,0,0,2
2020-04-24,US,Georgia,McIntosh,4,0,0,31.49683595,-81.40163426,13191.0,4,4,0,0,4,4,14340,0,0,0,0,0
2020-04-24,US,Georgia,Meriwether,49,0,0,33.04163534,-84.68859732,13199.0,49,49,0,0,49,48,21068,0,0,0,0,1
2020-04-24,US,Georgia,Miller,24,0,0,31.16568912,-84.73151117,13201.0,24,26,0,0,26,24,5686,-2,0,0,-2,2
2020-04-24,US,Georgia,Mitchell,288,24,0,31.22483255,-84.19381821,13205.0,264,290,24,0,266,280,22192,-2,0,0,-2,10
2020-04-24,US,Georgia,Monroe,19,1,0,33.014289,-83.92097166,13207.0,18,18,1,0,17,15,27520,1,0,0,1,3
2020-04-24,US,Georgia,Montgomery,2,0,0,32.17201038,-82.53527476,13209.0,2,2,0,0,2,2,9193,0,0,0,0,0
2020-04-24,US,Georgia,Morgan,25,0,0,33.59232073,-83.49129491,13211.0,25,25,0,0,25,23,18853,0,0,0,0,2
2020-04-24,US,Georgia,Murray,22,0,0,34.78897608,-84.74993177,13213.0,22,19,0,0,19,19,39921,3,0,0,3,0
2020-04-24,US,Georgia,Muscogee,259,4,0,32.50931999,-84.87142262,13215.0,255,256,4,0,252,244,194160,3,0,0,3,12
2020-04-24,US,Georgia,Newton,158,6,0,33.55514538,-83.84547140000002,13217.0,152,153,5,0,148,146,109541,5,1,0,4,7
2020-04-24,US,Georgia,Oconee,54,0,0,33.83749973,-83.43679568,13219.0,54,54,0,0,54,53,39272,0,0,0,0,1
2020-04-24,US,Georgia,Oglethorpe,48,3,0,33.878629600000004,-83.08278123,13221.0,45,36,3,0,33,37,15054,12,0,0,12,-1
2020-04-24,US,Georgia,Out of GA,916,10,0,0.0,0.0,80013.0,906,978,10,0,968,1003,,-62,0,0,-62,-25
2020-04-24,US,Georgia,Paulding,156,7,0,33.91969522,-84.86848792,13223.0,149,148,7,0,141,145,164044,8,0,0,8,3
2020-04-24,US,Georgia,Peach,37,2,0,32.56934316,-83.82937,13225.0,35,36,2,0,34,35,27297,1,0,0,1,1
2020-04-24,US,Georgia,Pickens,20,2,0,34.46589159,-84.46406611,13227.0,18,19,2,0,17,18,31980,1,0,0,1,1
2020-04-24,US,Georgia,Pierce,52,2,0,31.35928155,-82.21598442,13229.0,50,51,2,0,49,51,19389,1,0,0,1,0
2020-04-24,US,Georgia,Pike,38,2,0,33.09310242,-84.38790389,13231.0,36,38,2,0,36,35,18634,0,0,0,0,3
2020-04-24,US,Georgia,Polk,42,0,0,34.00267074,-85.18677781,13233.0,42,36,0,0,36,36,42470,6,0,0,6,0
2020-04-24,US,Georgia,Pulaski,20,1,0,32.23334561,-83.47549959999998,13235.0,19,20,1,0,19,17,11069,0,0,0,0,3
2020-04-24,US,Georgia,Putnam,31,3,0,33.32056115,-83.37552891,13237.0,28,29,2,0,27,27,21809,2,1,0,1,2
2020-04-24,US,Georgia,Quitman,3,1,0,31.86728114,-85.01773177,13239.0,2,3,1,0,2,3,2279,0,0,0,0,0
2020-04-24,US,Georgia,Rabun,9,0,0,34.88389445,-83.40304637,13241.0,9,9,0,0,9,9,16867,0,0,0,0,0
2020-04-24,US,Georgia,Randolph,152,18,0,31.76622818,-84.75732369,13243.0,134,149,18,0,131,148,6833,3,0,0,3,1
2020-04-24,US,Georgia,Richmond,353,14,0,33.35777107,-82.07026432,13245.0,339,335,14,0,321,313,201554,18,0,0,18,22
2020-04-24,US,Georgia,Rockdale,158,6,0,33.65145002,-84.02202167,13247.0,152,151,6,0,145,144,90594,7,0,0,7,7
2020-04-24,US,Georgia,Schley,16,1,0,32.2654021,-84.31258912,13249.0,15,16,1,0,15,16,5236,0,0,0,0,0
2020-04-24,US,Georgia,Screven,14,1,0,32.74976524,-81.60779441,13251.0,13,14,1,0,13,14,13938,0,0,0,0,0
2020-04-24,US,Georgia,Seminole,27,2,0,30.93464824,-84.86823924,13253.0,25,27,2,0,25,27,8315,0,0,0,0,0
2020-04-24,US,Georgia,Spalding,144,8,0,33.26310031,-84.28013991,13255.0,136,140,8,0,132,139,66100,4,0,0,4,1
2020-04-24,US,Georgia,Stephens,55,1,0,34.55151201,-83.29405315,13257.0,54,48,1,0,47,42,26035,7,0,0,7,6
2020-04-24,US,Georgia,Stewart,17,0,0,32.07996777,-84.83208037,13259.0,17,17,0,0,17,18,6199,0,0,0,0,-1
2020-04-24,US,Georgia,Sumter,348,21,0,32.03650571,-84.19821492,13261.0,327,344,21,0,323,341,29733,4,0,0,4,3
2020-04-24,US,Georgia,Talbot,21,1,0,32.69642758,-84.53351366,13263.0,20,21,1,0,20,22,6272,0,0,0,0,-1
2020-04-24,US,Georgia,Tattnall,6,0,0,32.04785085,-82.05539188,13267.0,6,6,0,0,6,6,25391,0,0,0,0,0
2020-04-24,US,Georgia,Taylor,14,2,0,32.55792548,-84.25077141,13269.0,12,14,2,0,12,13,8039,0,0,0,0,1
2020-04-24,US,Georgia,Telfair,20,0,0,31.92829517,-82.93491155,13271.0,20,16,0,0,16,18,15876,4,0,0,4,-2
2020-04-24,US,Georgia,Terrell,165,17,0,31.77527543,-84.44069698,13273.0,148,162,18,0,144,159,8611,3,-1,0,4,3
2020-04-24,US,Georgia,Thomas,157,16,0,30.86392347,-83.91847289,13275.0,141,158,16,0,142,148,44448,-1,0,0,-1,10
2020-04-24,US,Georgia,Tift,98,3,0,31.45743864,-83.5236119,13277.0,95,98,3,0,95,93,40571,0,0,0,0,5
2020-04-24,US,Georgia,Toombs,26,3,0,32.12059861,-82.32957247,13279.0,23,23,3,0,20,21,26887,3,0,0,3,2
2020-04-24,US,Georgia,Towns,20,0,0,34.91369188,-83.74107459999998,13281.0,20,19,0,0,19,19,11852,1,0,0,1,0
2020-04-24,US,Georgia,Treutlen,2,0,0,32.40422134,-82.56904553,13283.0,2,2,0,0,2,2,6809,0,0,0,0,0
2020-04-24,US,Georgia,Troup,122,4,0,33.03349196,-85.02812115,13285.0,118,118,4,0,114,109,70034,4,0,0,4,9
2020-04-24,US,Georgia,Turner,62,6,0,31.71612656,-83.62069378,13287.0,56,61,6,0,55,59,7912,1,0,0,1,2
2020-04-24,US,Georgia,Twiggs,7,0,0,32.67435595,-83.43078662,13289.0,7,6,0,0,6,6,8188,1,0,0,1,0
2020-04-24,US,Georgia,Unassigned,447,0,0,0.0,0.0,90013.0,447,361,0,0,361,667,,86,0,0,86,-306
2020-04-24,US,Georgia,Union,27,2,0,34.82995757,-83.98967069,13291.0,25,25,1,0,24,18,24001,2,1,0,1,7
2020-04-24,US,Georgia,Upson,193,14,0,32.87920671,-84.30024826,13293.0,179,191,14,0,177,186,26215,2,0,0,2,5
2020-04-24,US,Georgia,Walker,59,0,0,34.73376362,-85.30165174,13295.0,59,59,0,0,59,59,69410,0,0,0,0,0
2020-04-24,US,Georgia,Walton,92,3,0,33.78017694,-83.73552314,13297.0,89,81,3,0,78,73,93503,11,0,0,11,8
2020-04-24,US,Georgia,Ware,103,8,0,31.05449097,-82.42224148,13299.0,95,100,7,0,93,95,35680,3,1,0,2,5
2020-04-24,US,Georgia,Warren,12,0,0,33.41146451,-82.67795848,13301.0,12,12,0,0,12,10,5251,0,0,0,0,2
2020-04-24,US,Georgia,Washington,33,1,0,32.96711864,-82.79357039,13303.0,32,28,1,0,27,28,20386,5,0,0,5,0
2020-04-24,US,Georgia,Wayne,11,0,0,31.5521809,-81.91894878,13305.0,11,10,0,0,10,10,29808,1,0,0,1,0
2020-04-24,US,Georgia,Webster,7,0,0,32.04066113,-84.54742852,13307.0,7,7,0,0,7,7,2611,0,0,0,0,0
2020-04-24,US,Georgia,Wheeler,3,0,0,32.12009104,-82.72574721,13309.0,3,3,0,0,3,3,7879,0,0,0,0,0
2020-04-24,US,Georgia,White,38,0,0,34.64624278,-83.74905525,13311.0,38,36,0,0,36,33,29970,2,0,0,2,3
2020-04-24,US,Georgia,Whitfield,62,4,0,34.80987459,-84.96093476,13313.0,58,59,4,0,55,53,104062,3,0,0,3,6
2020-04-24,US,Georgia,Wilcox,68,6,0,31.97496928,-83.43438555,13315.0,62,64,6,0,58,51,8812,4,0,0,4,13
2020-04-24,US,Georgia,Wilkes,22,0,0,33.78290391,-82.74286107,13317.0,22,22,0,0,22,21,9876,0,0,0,0,1
2020-04-24,US,Georgia,Wilkinson,29,2,0,32.80291082,-83.17140684,13319.0,27,27,2,0,25,22,9036,2,0,0,2,5
2020-04-24,US,Georgia,Worth,138,9,0,31.55162306,-83.85090513,13321.0,129,142,9,0,133,142,20299,-4,0,0,-4,0
2020-04-24,US,Hawaii,Hawaii,69,0,0,19.60121157,-155.5210167,15001.0,69,68,0,0,68,67,200983,1,0,0,1,1
2020-04-24,US,Hawaii,Honolulu,392,8,0,21.45803166,-157.97121819999995,15003.0,384,389,7,0,382,388,980080,3,1,0,2,1
2020-04-24,US,Hawaii,Kauai,21,0,0,22.03935037,-159.5966786,15007.0,21,21,0,0,21,21,72133,0,0,0,0,0
2020-04-24,US,Hawaii,Maui,113,5,0,20.86399628,-156.56890969999995,15009.0,108,112,5,0,107,110,167207,1,0,0,1,2
2020-04-24,US,Hawaii,Out of HI,6,0,0,0.0,0.0,80015.0,6,6,0,0,6,6,,0,0,0,0,0
2020-04-24,US,Idaho,Ada,642,14,0,43.4526575,-116.24155159999998,16001.0,628,635,14,0,621,622,469966,7,0,0,7,13
2020-04-24,US,Idaho,Adams,3,0,0,44.89333571,-116.4545247,16003.0,3,3,0,0,3,3,4250,0,0,0,0,0
2020-04-24,US,Idaho,Bannock,8,0,0,42.67002716,-112.2233311,16005.0,8,8,0,0,8,8,87138,0,0,0,0,0
2020-04-24,US,Idaho,Bingham,3,0,0,43.21672879999999,-112.3978437,16011.0,3,3,0,0,3,3,46236,0,0,0,0,0
2020-04-24,US,Idaho,Blaine,489,5,0,43.4085812,-113.9752658,16013.0,484,485,5,0,480,480,22601,4,0,0,4,5
2020-04-24,US,Idaho,Bonner,4,0,0,48.29996017,-116.6017932,16017.0,4,4,0,0,4,4,44727,0,0,0,0,0
2020-04-24,US,Idaho,Bonneville,28,0,0,43.38713372,-111.6161537,16019.0,28,28,0,0,28,24,116854,0,0,0,0,4
2020-04-24,US,Idaho,Camas,1,0,0,43.46665742,-114.8065892,16025.0,1,1,0,0,1,1,1127,0,0,0,0,0
2020-04-24,US,Idaho,Canyon,226,6,0,43.61970148,-116.70954990000001,16027.0,220,222,6,0,216,212,223499,4,0,0,4,10
2020-04-24,US,Idaho,Caribou,1,0,0,42.77149116,-111.5597683,16029.0,1,1,0,0,1,1,7060,0,0,0,0,0
2020-04-24,US,Idaho,Cassia,12,1,0,42.28347888,-113.6012409,16031.0,11,12,1,0,11,11,23864,0,0,0,0,1
2020-04-24,US,Idaho,Custer,2,0,0,44.24186819,-114.2855494,16037.0,2,2,0,0,2,2,4280,0,0,0,0,0
2020-04-24,US,Idaho,Elmore,32,1,0,43.3507101,-115.4701578,16039.0,31,32,1,0,31,25,27259,0,0,0,0,7
2020-04-24,US,Idaho,Fremont,2,0,0,44.22800938,-111.48099429999999,16043.0,2,2,0,0,2,2,13168,0,0,0,0,0
2020-04-24,US,Idaho,Gem,11,0,0,44.06482372,-116.398376,16045.0,11,11,0,0,11,10,17634,0,0,0,0,1
2020-04-24,US,Idaho,Gooding,9,0,0,42.96927962,-114.81083059999999,16047.0,9,9,0,0,9,8,15196,0,0,0,0,1
2020-04-24,US,Idaho,Idaho,3,0,0,45.84721541,-115.4634436,16049.0,3,3,0,0,3,3,16513,0,0,0,0,0
2020-04-24,US,Idaho,Jefferson,5,0,0,43.82078483,-112.3131749,16051.0,5,5,0,0,5,5,29439,0,0,0,0,0
2020-04-24,US,Idaho,Jerome,45,2,0,42.68891267,-114.2655033,16053.0,43,44,2,0,42,44,24015,1,0,0,1,0
2020-04-24,US,Idaho,Kootenai,59,0,0,47.67282258,-116.7020872,16055.0,59,59,0,0,59,53,161505,0,0,0,0,6
2020-04-24,US,Idaho,Latah,4,0,0,46.81587887,-116.71136979999999,16057.0,4,4,0,0,4,4,40134,0,0,0,0,0
2020-04-24,US,Idaho,Lincoln,21,0,0,43.0012336,-114.1358773,16063.0,21,21,0,0,21,18,5360,0,0,0,0,3
2020-04-24,US,Idaho,Madison,8,0,0,43.78141028,-111.65384740000002,16065.0,8,8,0,0,8,8,39304,0,0,0,0,0
2020-04-24,US,Idaho,Minidoka,10,0,0,42.85518524,-113.6357257,16067.0,10,10,0,0,10,10,20825,0,0,0,0,0
2020-04-24,US,Idaho,Nez Perce,58,13,0,46.32638236,-116.75009750000001,16069.0,45,55,13,0,42,44,40408,3,0,0,3,11
2020-04-24,US,Idaho,Owyhee,8,0,0,42.58016894,-116.16938710000001,16073.0,8,6,0,0,6,5,11693,2,0,0,2,1
2020-04-24,US,Idaho,Payette,13,1,0,44.00545243,-116.7647695,16075.0,12,11,1,0,10,11,23551,2,0,0,2,0
2020-04-24,US,Idaho,Power,2,0,0,42.69254894,-112.83957420000002,16077.0,2,2,0,0,2,2,7768,0,0,0,0,0
2020-04-24,US,Idaho,Teton,8,0,0,43.75303583,-111.2056773,16081.0,8,8,0,0,8,8,11640,0,0,0,0,0
2020-04-24,US,Idaho,Twin Falls,149,11,0,42.35440512,-114.6685381,16083.0,138,139,11,0,128,132,86081,10,0,0,10,7
2020-04-24,US,Idaho,Valley,2,0,0,44.76728382,-115.5676773,16085.0,2,2,0,0,2,2,11041,0,0,0,0,0
2020-04-24,US,Idaho,Washington,2,0,0,44.45275475,-116.78476880000001,16087.0,2,1,0,0,1,1,10161,1,0,0,1,0
2020-04-24,US,Illinois,Adams,32,0,0,39.98815591,-91.18786813,17001.0,32,29,0,0,29,29,65691,3,0,0,3,0
2020-04-24,US,Illinois,Alexander,2,0,0,37.18049267,-89.32910838,17003.0,2,2,0,0,2,2,6060,0,0,0,0,0
2020-04-24,US,Illinois,Bond,4,1,0,38.88829622,-89.43534887,17005.0,3,4,1,0,3,4,16630,0,0,0,0,0
2020-04-24,US,Illinois,Boone,60,8,0,42.32359279,-88.82345779,17007.0,52,54,7,0,47,41,53577,6,1,0,5,13
2020-04-24,US,Illinois,Bureau,9,0,0,41.40385234,-89.5283051,17011.0,9,8,0,0,8,8,32993,1,0,0,1,0
2020-04-24,US,Illinois,Calhoun,1,0,0,39.16840183,-90.66330078,17013.0,1,1,0,0,1,1,4802,0,0,0,0,0
2020-04-24,US,Illinois,Carroll,7,2,0,42.06823429,-89.93395545,17015.0,5,7,2,0,5,7,14312,0,0,0,0,0
2020-04-24,US,Illinois,Cass,17,0,0,39.96991073,-90.24734436,17017.0,17,8,0,0,8,7,12260,9,0,0,9,1
2020-04-24,US,Illinois,Champaign,102,5,0,40.13919438,-88.20046615,17019.0,97,99,5,0,94,97,209983,3,0,0,3,2
2020-04-24,US,Illinois,Christian,27,4,0,39.54581621,-89.27780482,17021.0,23,26,4,0,22,26,32661,1,0,0,1,0
2020-04-24,US,Illinois,Clark,4,0,0,39.33425789,-87.78705622,17023.0,4,4,0,0,4,4,15596,0,0,0,0,0
2020-04-24,US,Illinois,Clay,2,0,0,38.75388572,-88.48914513,17025.0,2,2,0,0,2,2,13253,0,0,0,0,0
2020-04-24,US,Illinois,Clinton,73,1,0,38.60704876,-89.42385254,17027.0,72,51,0,0,51,49,37639,22,1,0,21,2
2020-04-24,US,Illinois,Coles,22,0,0,39.51949084,-88.22358557,17029.0,22,18,0,0,18,18,50885,4,0,0,4,0
2020-04-24,US,Illinois,Cook,27616,1220,0,41.84144849,-87.81658794,17031.0,26396,25811,1142,0,24669,24546,5180493,1805,78,0,1727,1265
2020-04-24,US,Illinois,Crawford,10,0,0,39.0032229,-87.75954624,17033.0,10,10,0,0,10,8,18807,0,0,0,0,2
2020-04-24,US,Illinois,Cumberland,2,0,0,39.27432424,-88.2401158,17035.0,2,2,0,0,2,2,10808,0,0,0,0,0
2020-04-24,US,Illinois,De Witt,1,0,0,40.17514519,-88.90959682,17039.0,1,1,0,0,1,1,15769,0,0,0,0,0
2020-04-24,US,Illinois,DeKalb,68,1,0,41.89373302,-88.76958483,17037.0,67,56,1,0,55,56,104143,12,0,0,12,0
2020-04-24,US,Illinois,Douglas,12,0,0,39.76768052,-88.21854195,17041.0,12,12,0,0,12,12,19479,0,0,0,0,0
2020-04-24,US,Illinois,DuPage,2219,125,0,41.85116968,-88.08642662,17043.0,2094,2047,118,0,1929,1947,928589,172,7,0,165,100
2020-04-24,US,Illinois,Effingham,5,1,0,39.05935711,-88.58969584,17049.0,4,5,1,0,4,5,34208,0,0,0,0,0
2020-04-24,US,Illinois,Fayette,16,2,0,39.00072038,-89.02452658,17051.0,14,15,2,0,13,15,21416,1,0,0,1,0
2020-04-24,US,Illinois,Ford,7,1,0,40.59706922,-88.22350769,17053.0,6,8,1,0,7,6,13264,-1,0,0,-1,2
2020-04-24,US,Illinois,Franklin,8,0,0,37.99189086,-88.92567818,17055.0,8,8,0,0,8,8,38701,0,0,0,0,0
2020-04-24,US,Illinois,Fulton,3,0,0,40.47289135,-90.20862357,17057.0,3,1,0,0,1,1,34844,2,0,0,2,0
2020-04-24,US,Illinois,Gallatin,2,0,0,37.76430935,-88.22953869,17059.0,2,2,0,0,2,2,5058,0,0,0,0,0
2020-04-24,US,Illinois,Greene,2,0,0,39.35907414,-90.388865,17061.0,2,2,0,0,2,2,13044,0,0,0,0,0
2020-04-24,US,Illinois,Grundy,28,0,0,41.28569601,-88.41905692,17063.0,28,26,0,0,26,26,50972,2,0,0,2,0
2020-04-24,US,Illinois,Hamilton,2,0,0,38.08163641,-88.53883373,17065.0,2,2,0,0,2,2,8163,0,0,0,0,0
2020-04-24,US,Illinois,Hancock,4,0,0,40.40423981,-91.16313899,17067.0,4,4,0,0,4,4,17844,0,0,0,0,0
2020-04-24,US,Illinois,Hardin,1,0,0,37.51810645,-88.26873022,17069.0,1,1,0,0,1,1,3910,0,0,0,0,0
2020-04-24,US,Illinois,Henderson,4,0,0,40.81908672,-90.92491462,17071.0,4,3,0,0,3,2,6709,1,0,0,1,1
2020-04-24,US,Illinois,Henry,36,0,0,41.3533994,-90.13296166,17073.0,36,33,0,0,33,32,49090,3,0,0,3,1
2020-04-24,US,Illinois,Iroquois,15,0,0,40.74717633,-87.82466784,17075.0,15,14,0,0,14,14,27604,1,0,0,1,0
2020-04-24,US,Illinois,Jackson,56,7,0,37.78595185,-89.38232563,17077.0,49,53,7,0,46,50,57419,3,0,0,3,3
2020-04-24,US,Illinois,Jasper,41,2,0,39.01054275,-88.15437049,17079.0,39,40,2,0,38,36,9611,1,0,0,1,4
2020-04-24,US,Illinois,Jefferson,80,2,0,38.29980057,-88.9240025,17081.0,78,77,1,0,76,75,37820,3,1,0,2,2
2020-04-24,US,Illinois,Jersey,12,0,0,39.08869046,-90.35393073,17083.0,12,11,0,0,11,10,21847,1,0,0,1,1
2020-04-24,US,Illinois,Jo Daviess,11,0,0,42.36542373,-90.21094405,17085.0,11,11,0,0,11,11,21366,0,0,0,0,0
2020-04-24,US,Illinois,Johnson,3,0,0,37.45939802,-88.88165419,17087.0,3,3,0,0,3,3,12456,0,0,0,0,0
2020-04-24,US,Illinois,Kane,962,39,0,41.93842729,-88.42861412,17089.0,923,863,39,0,824,764,534216,99,0,0,99,99
2020-04-24,US,Illinois,Kankakee,297,21,0,41.13746989,-87.86205334,17091.0,276,289,19,0,270,285,110024,8,2,0,6,4
2020-04-24,US,Illinois,Kendall,191,5,0,41.59081014,-88.42869583,17093.0,186,171,5,0,166,157,127915,20,0,0,20,14
2020-04-24,US,Illinois,Knox,24,0,0,40.93148779,-90.21330340000002,17095.0,24,21,0,0,21,16,50112,3,0,0,3,5
2020-04-24,US,Illinois,LaSalle,42,1,0,41.34426129999999,-88.88633881,17099.0,41,39,1,0,38,38,109430,3,0,0,3,1
2020-04-24,US,Illinois,Lake,2717,105,0,42.3224907,-88.00367925,17097.0,2612,2540,100,0,2440,2379,700832,177,5,0,172,161
2020-04-24,US,Illinois,Lawrence,2,0,0,38.71987914,-87.72884035,17101.0,2,2,0,0,2,2,15765,0,0,0,0,0
2020-04-24,US,Illinois,Lee,18,0,0,41.74583951,-89.29977132,17103.0,18,18,0,0,18,18,34223,0,0,0,0,0
2020-04-24,US,Illinois,Livingston,18,1,0,40.89188292,-88.55784752,17105.0,17,18,1,0,17,18,35761,0,0,0,0,0
2020-04-24,US,Illinois,Logan,4,0,0,40.12581572,-89.36638784,17107.0,4,4,0,0,4,4,28925,0,0,0,0,0
2020-04-24,US,Illinois,Macon,99,10,0,39.86064913,-88.96342505,17115.0,89,96,10,0,86,93,104712,3,0,0,3,3
2020-04-24,US,Illinois,Macoupin,25,0,0,39.26119767,-89.92424028,17117.0,25,24,0,0,24,24,45313,1,0,0,1,0
2020-04-24,US,Illinois,Madison,268,15,0,38.83042506,-89.90422563,17119.0,253,235,13,0,222,226,264461,33,2,0,31,9
2020-04-24,US,Illinois,Marion,26,0,0,38.64963204,-88.91899208,17121.0,26,25,0,0,25,24,37620,1,0,0,1,1
2020-04-24,US,Illinois,Marshall,4,0,0,41.0327901,-89.34510444,17123.0,4,4,0,0,4,4,11534,0,0,0,0,0
2020-04-24,US,Illinois,Mason,6,0,0,40.23917274,-89.91824452,17125.0,6,6,0,0,6,6,13565,0,0,0,0,0
2020-04-24,US,Illinois,Massac,3,0,0,37.22078441,-88.71036614,17127.0,3,3,0,0,3,3,14080,0,0,0,0,0
2020-04-24,US,Illinois,McDonough,5,0,0,40.45674722,-90.67775541,17109.0,5,4,0,0,4,4,29955,1,0,0,1,0
2020-04-24,US,Illinois,McHenry,459,27,0,42.32451172,-88.45248227,17111.0,432,419,26,0,393,399,308570,40,1,0,39,20
2020-04-24,US,Illinois,McLean,87,3,0,40.48996987,-88.84621113,17113.0,84,87,3,0,84,86,172828,0,0,0,0,1
2020-04-24,US,Illinois,Menard,4,0,0,40.02742725,-89.80246001,17129.0,4,4,0,0,4,4,12288,0,0,0,0,0
2020-04-24,US,Illinois,Mercer,7,0,0,41.20596782,-90.74290052,17131.0,7,6,0,0,6,5,15601,1,0,0,1,1
2020-04-24,US,Illinois,Monroe,62,8,0,38.27594376,-90.17761038,17133.0,54,60,8,0,52,58,34335,2,0,0,2,2
2020-04-24,US,Illinois,Montgomery,23,1,0,39.23198845,-89.47809254,17135.0,22,21,1,0,20,21,28601,2,0,0,2,0
2020-04-24,US,Illinois,Morgan,15,1,0,39.71654544,-90.20255104,17137.0,14,14,1,0,13,14,33976,1,0,0,1,0
2020-04-24,US,Illinois,Moultrie,4,0,0,39.64187451,-88.62099969,17139.0,4,2,0,0,2,2,14717,2,0,0,2,0
2020-04-24,US,Illinois,Ogle,75,1,0,42.04165196,-89.32184679,17141.0,74,71,1,0,70,71,50923,4,0,0,4,0
2020-04-24,US,Illinois,Peoria,56,2,0,40.78702156,-89.76078901,17143.0,54,54,2,0,52,46,180621,2,0,0,2,8
2020-04-24,US,Illinois,Perry,3,0,0,38.08510853,-89.36856219,17145.0,3,3,0,0,3,2,21174,0,0,0,0,1
2020-04-24,US,Illinois,Piatt,7,0,0,40.01360584,-88.59319339,17147.0,7,7,0,0,7,7,16396,0,0,0,0,0
2020-04-24,US,Illinois,Pike,1,0,0,39.62265059,-90.8877017,17149.0,1,1,0,0,1,1,15611,0,0,0,0,0
2020-04-24,US,Illinois,Pulaski,15,0,0,37.22631423,-89.13085001,17153.0,15,13,0,0,13,12,5463,2,0,0,2,1
2020-04-24,US,Illinois,Randolph,79,1,0,38.05095369,-89.82512254,17157.0,78,68,1,0,67,63,32106,11,0,0,11,5
2020-04-24,US,Illinois,Richland,3,0,0,38.71240969,-88.08475366,17159.0,3,2,0,0,2,2,15763,1,0,0,1,0
2020-04-24,US,Illinois,Rock Island,270,6,0,41.46613806,-90.57042164,17161.0,264,247,6,0,241,242,143477,23,0,0,23,5
2020-04-24,US,Illinois,Saline,3,0,0,37.75332999,-88.54119706,17165.0,3,3,0,0,3,3,23906,0,0,0,0,0
2020-04-24,US,Illinois,Sangamon,81,6,0,39.75836914,-89.65872023,17167.0,75,76,5,0,71,69,195348,5,1,0,4,7
2020-04-24,US,Illinois,Schuyler,1,0,0,40.157179799999994,-90.61114163,17169.0,1,1,0,0,1,1,6907,0,0,0,0,0
2020-04-24,US,Illinois,Shelby,10,0,0,39.39133527,-88.80611122,17173.0,10,5,0,0,5,4,21741,5,0,0,5,1
2020-04-24,US,Illinois,St. Clair,350,19,0,38.46996033,-89.93063427,17163.0,331,330,19,0,311,316,261059,20,0,0,20,14
2020-04-24,US,Illinois,Stark,1,0,0,41.09309773,-89.79745866,17175.0,1,1,0,0,1,1,5427,0,0,0,0,0
2020-04-24,US,Illinois,Stephenson,13,0,0,42.35129217,-89.662598,17177.0,13,13,0,0,13,13,44753,0,0,0,0,0
2020-04-24,US,Illinois,Tazewell,34,3,0,40.50716185,-89.51404662,17179.0,31,30,3,0,27,25,132328,4,0,0,4,5
2020-04-24,US,Illinois,Unassigned,218,1,0,0.0,0.0,90017.0,217,193,0,0,193,228,,25,1,0,24,-35
2020-04-24,US,Illinois,Union,7,0,0,37.47119609,-89.25548938,17181.0,7,6,0,0,6,5,16841,1,0,0,1,1
2020-04-24,US,Illinois,Vermilion,11,0,0,40.18417171,-87.73384359,17183.0,11,10,0,0,10,10,76806,1,0,0,1,0
2020-04-24,US,Illinois,Wabash,1,0,0,38.44272901,-87.84922065,17185.0,1,1,0,0,1,1,11549,0,0,0,0,0
2020-04-24,US,Illinois,Warren,37,0,0,40.84925021,-90.6147432,17187.0,37,31,0,0,31,19,17032,6,0,0,6,12
2020-04-24,US,Illinois,Washington,7,0,0,38.35309213,-89.40982703,17189.0,7,7,0,0,7,7,13995,0,0,0,0,0
2020-04-24,US,Illinois,Wayne,2,0,0,38.42955355,-88.42586459,17191.0,2,1,0,0,1,1,16332,1,0,0,1,0
2020-04-24,US,Illinois,White,1,0,0,38.08706198,-88.17657461,17193.0,1,1,0,0,1,1,13665,0,0,0,0,0
2020-04-24,US,Illinois,Whiteside,53,4,0,41.75509713,-89.91556058,17195.0,49,49,3,0,46,45,55626,4,1,0,3,4
2020-04-24,US,Illinois,Will,2009,125,0,41.44619267,-87.97862712,17197.0,1884,1885,119,0,1766,1820,692310,124,6,0,118,65
2020-04-24,US,Illinois,Williamson,22,0,0,37.73033511,-88.92994027,17199.0,22,19,0,0,19,17,67056,3,0,0,3,2
2020-04-24,US,Illinois,Winnebago,279,7,0,42.33641854,-89.16085327,17201.0,272,252,7,0,245,238,284081,27,0,0,27,14
2020-04-24,US,Illinois,Woodford,11,1,0,40.78579374,-89.20973757,17203.0,10,11,1,0,10,11,38463,0,0,0,0,0
2020-04-24,US,Indiana,Adams,7,1,0,40.7457653,-84.93671406,18001.0,6,7,1,0,6,7,35636,0,0,0,0,0
2020-04-24,US,Indiana,Allen,400,24,0,41.09194313,-85.06800636,18003.0,376,387,23,0,364,343,375351,13,1,0,12,44
2020-04-24,US,Indiana,Bartholomew,175,8,0,39.20744865,-85.89558181,18005.0,167,163,8,0,155,146,82753,12,0,0,12,17
2020-04-24,US,Indiana,Benton,5,0,0,40.60626947,-87.31093999,18007.0,5,6,0,0,6,4,8653,-1,0,0,-1,2
2020-04-24,US,Indiana,Blackford,7,1,0,40.47388153,-85.32499702,18009.0,6,6,1,0,5,6,11930,1,0,0,1,0
2020-04-24,US,Indiana,Boone,177,19,0,40.0509304,-86.46841646,18011.0,158,172,19,0,153,166,66999,5,0,0,5,6
2020-04-24,US,Indiana,Brown,15,1,0,39.19605589,-86.22868909,18013.0,14,15,1,0,14,14,15234,0,0,0,0,1
2020-04-24,US,Indiana,Carroll,8,1,0,40.580783200000006,-86.56198812,18015.0,7,7,1,0,6,7,20127,1,0,0,1,0
2020-04-24,US,Indiana,Cass,255,1,0,40.76135835,-86.34830753,18017.0,254,199,1,0,198,138,37955,56,0,0,56,61
2020-04-24,US,Indiana,Clark,207,11,0,38.48015445,-85.70510334,18019.0,196,195,11,0,184,188,117360,12,0,0,12,7
2020-04-24,US,Indiana,Clay,19,1,0,39.39561833,-87.11723506,18021.0,18,19,1,0,18,19,26170,0,0,0,0,0
2020-04-24,US,Indiana,Clinton,26,1,0,40.30319754,-86.47277257,18023.0,25,25,1,0,24,20,32250,1,0,0,1,5
2020-04-24,US,Indiana,Crawford,16,0,0,38.28814402,-86.44518825,18025.0,16,14,0,0,14,13,10558,2,0,0,2,1
2020-04-24,US,Indiana,Daviess,42,8,0,38.70186039,-87.07185406,18027.0,34,38,7,0,31,38,33147,4,1,0,3,0
2020-04-24,US,Indiana,DeKalb,14,1,0,41.39804622,-84.99906934,18033.0,13,14,1,0,13,13,43226,0,0,0,0,1
2020-04-24,US,Indiana,Dearborn,77,5,0,39.14647946,-84.97333539,18029.0,72,75,5,0,70,72,49568,2,0,0,2,3
2020-04-24,US,Indiana,Decatur,191,24,0,39.30712658,-85.50087166,18031.0,167,182,22,0,160,178,26794,9,2,0,7,4
2020-04-24,US,Indiana,Delaware,132,11,0,40.22787247,-85.39732772,18035.0,121,126,10,0,116,121,114772,6,1,0,5,5
2020-04-24,US,Indiana,Dubois,17,0,0,38.36597551,-86.87924170000002,18037.0,17,16,0,0,16,16,42565,1,0,0,1,0
2020-04-24,US,Indiana,Elkhart,211,4,0,41.59761169,-85.85875695,18039.0,207,196,4,0,192,185,205560,15,0,0,15,11
2020-04-24,US,Indiana,Fayette,23,4,0,39.63684962,-85.17797541,18041.0,19,22,4,0,18,22,23047,1,0,0,1,0
2020-04-24,US,Indiana,Floyd,162,10,0,38.32117957,-85.90385377,18043.0,152,152,9,0,143,149,77781,10,1,0,9,3
2020-04-24,US,Indiana,Fountain,9,2,0,40.12361933,-87.24217689,18045.0,7,8,2,0,6,8,16351,1,0,0,1,0
2020-04-24,US,Indiana,Franklin,92,7,0,39.4142482,-85.06062647,18047.0,85,92,7,0,85,91,22736,0,0,0,0,1
2020-04-24,US,Indiana,Fulton,7,0,0,41.0469907,-86.26252745,18049.0,7,7,0,0,7,6,20092,0,0,0,0,1
2020-04-24,US,Indiana,Gibson,6,0,0,38.30393723,-87.58054938,18051.0,6,6,0,0,6,5,33452,0,0,0,0,1
2020-04-24,US,Indiana,Grant,112,6,0,40.51587228,-85.65468702,18053.0,106,102,5,0,97,101,65936,10,1,0,9,1
2020-04-24,US,Indiana,Greene,45,4,0,39.03630547,-86.96223202,18055.0,41,44,4,0,40,44,32006,1,0,0,1,0
2020-04-24,US,Indiana,Hamilton,670,44,0,40.07306535,-86.05244729,18057.0,626,645,42,0,603,624,330086,25,2,0,23,21
2020-04-24,US,Indiana,Hancock,171,7,0,39.82304555,-85.77566351,18059.0,164,160,7,0,153,151,76351,11,0,0,11,9
2020-04-24,US,Indiana,Harrison,111,4,0,38.19467379,-86.10948271,18061.0,107,108,4,0,104,105,40350,3,0,0,3,3
2020-04-24,US,Indiana,Hendricks,582,26,0,39.76719009,-86.51037283,18063.0,556,565,25,0,540,518,167009,17,1,0,16,47
2020-04-24,US,Indiana,Henry,31,1,0,39.93029017,-85.39625719,18065.0,30,30,1,0,29,29,48271,1,0,0,1,1
2020-04-24,US,Indiana,Howard,81,4,0,40.48527731,-86.11351892,18067.0,77,76,4,0,72,75,82366,5,0,0,5,1
2020-04-24,US,Indiana,Huntington,6,2,0,40.82907273,-85.48822092,18069.0,4,6,2,0,4,6,36240,0,0,0,0,0
2020-04-24,US,Indiana,Jackson,101,0,0,38.90915820000001,-86.03851889,18071.0,101,100,0,0,100,97,44111,1,0,0,1,3
2020-04-24,US,Indiana,Jasper,34,1,0,41.02078733,-87.11553319,18073.0,33,27,1,0,26,24,33370,7,0,0,7,3
2020-04-24,US,Indiana,Jay,10,0,0,40.43781032,-85.00576229,18075.0,10,10,0,0,10,9,20764,0,0,0,0,1
2020-04-24,US,Indiana,Jefferson,22,0,0,38.78576239,-85.43633383,18077.0,22,22,0,0,22,21,32208,0,0,0,0,1
2020-04-24,US,Indiana,Jennings,68,1,0,38.99588883,-85.62710784,18079.0,67,67,1,0,66,64,27611,1,0,0,1,3
2020-04-24,US,Indiana,Johnson,511,48,0,39.48994426,-86.10149107,18081.0,463,478,43,0,435,456,156225,33,5,0,28,22
2020-04-24,US,Indiana,Knox,19,0,0,38.68861576,-87.4194665,18083.0,19,18,0,0,18,18,36895,1,0,0,1,0
2020-04-24,US,Indiana,Kosciusko,25,1,0,41.24521668,-85.86312322,18085.0,24,24,1,0,23,23,79344,1,0,0,1,1
2020-04-24,US,Indiana,LaGrange,19,1,0,41.64232188,-85.42674232,18087.0,18,19,1,0,18,18,39330,0,0,0,0,1
2020-04-24,US,Indiana,LaPorte,149,5,0,41.54366008,-86.74072188,18091.0,144,148,5,0,143,144,110007,1,0,0,1,4
2020-04-24,US,Indiana,Lake,1445,63,0,41.41874274,-87.38277575,18089.0,1382,1346,61,0,1285,1292,484411,99,2,0,97,54
2020-04-24,US,Indiana,Lawrence,87,9,0,38.84112637,-86.48361629,18093.0,78,86,9,0,77,83,45668,1,0,0,1,3
2020-04-24,US,Indiana,Madison,379,41,0,40.16143691,-85.71964711,18095.0,338,359,38,0,321,351,129641,20,3,0,17,8
2020-04-24,US,Indiana,Marion,4537,238,0,39.78163624,-86.13826325,18097.0,4299,4408,228,0,4180,4263,954670,129,10,0,119,145
2020-04-24,US,Indiana,Marshall,25,1,0,41.32467367,-86.26185087,18099.0,24,25,1,0,24,26,46248,0,0,0,0,-1
2020-04-24,US,Indiana,Martin,7,0,0,38.7099921,-86.80373186,18101.0,7,6,0,0,6,6,10217,1,0,0,1,0
2020-04-24,US,Indiana,Miami,38,0,0,40.76940965,-86.04525048,18103.0,38,31,0,0,31,27,35567,7,0,0,7,4
2020-04-24,US,Indiana,Monroe,118,6,0,39.16130004,-86.52414358,18105.0,112,118,6,0,112,118,146917,0,0,0,0,0
2020-04-24,US,Indiana,Montgomery,29,0,0,40.04034823,-86.89335024,18107.0,29,29,0,0,29,27,38346,0,0,0,0,2
2020-04-24,US,Indiana,Morgan,128,4,0,39.47899078,-86.44573375,18109.0,124,125,4,0,121,124,70116,3,0,0,3,1
2020-04-24,US,Indiana,Newton,40,5,0,40.95610449,-87.39635768,18111.0,35,40,5,0,35,38,14011,0,0,0,0,2
2020-04-24,US,Indiana,Noble,51,4,0,41.39672484,-85.41966713,18113.0,47,47,4,0,43,45,47532,4,0,0,4,2
2020-04-24,US,Indiana,Ohio,3,0,0,38.955304999999996,-84.96515993,18115.0,3,3,0,0,3,2,5844,0,0,0,0,1
2020-04-24,US,Indiana,Orange,56,5,0,38.54118920000001,-86.49523093,18117.0,51,39,4,0,35,38,19489,17,1,0,16,1
2020-04-24,US,Indiana,Owen,22,1,0,39.31145587,-86.83900724,18119.0,21,22,1,0,21,22,20845,0,0,0,0,0
2020-04-24,US,Indiana,Parke,11,0,0,39.77202286,-87.20375833,18121.0,11,10,0,0,10,9,16927,1,0,0,1,1
2020-04-24,US,Indiana,Perry,6,0,0,38.07809328,-86.63741946,18123.0,6,6,0,0,6,6,19102,0,0,0,0,0
2020-04-24,US,Indiana,Pike,1,0,0,38.40112197,-87.23574907,18125.0,1,1,0,0,1,1,12410,0,0,0,0,0
2020-04-24,US,Indiana,Porter,204,5,0,41.45986947,-87.06848888,18127.0,199,198,5,0,193,193,169594,6,0,0,6,5
2020-04-24,US,Indiana,Posey,8,0,0,38.02097333,-87.86480429,18129.0,8,8,0,0,8,8,25540,0,0,0,0,0
2020-04-24,US,Indiana,Pulaski,7,0,0,41.04166107,-86.69890683,18131.0,7,4,0,0,4,1,12469,3,0,0,3,3
2020-04-24,US,Indiana,Putnam,56,4,0,39.66437981,-86.84517605,18133.0,52,54,4,0,50,53,37779,2,0,0,2,1
2020-04-24,US,Indiana,Randolph,13,2,0,40.15734772,-85.01139319,18135.0,11,14,2,0,12,12,24851,-1,0,0,-1,2
2020-04-24,US,Indiana,Ripley,87,5,0,39.10235626,-85.26212744,18137.0,82,87,5,0,82,86,28523,0,0,0,0,1
2020-04-24,US,Indiana,Rush,26,1,0,39.62002287,-85.4655599,18139.0,25,21,1,0,20,21,16663,5,0,0,5,0
2020-04-24,US,Indiana,Scott,33,2,0,38.68672078,-85.74627859,18143.0,31,28,2,0,26,27,23878,5,0,0,5,1
2020-04-24,US,Indiana,Shelby,154,6,0,39.52305623,-85.79158570000001,18145.0,148,145,6,0,139,125,44593,9,0,0,9,20
2020-04-24,US,Indiana,Spencer,5,0,0,38.01519732,-87.0079644,18147.0,5,5,0,0,5,5,20327,0,0,0,0,0
2020-04-24,US,Indiana,St. Joseph,515,11,0,41.61756781,-86.29040834,18141.0,504,475,10,0,465,454,270771,40,1,0,39,21
2020-04-24,US,Indiana,Starke,13,1,0,41.27890281,-86.64686895,18149.0,12,13,1,0,12,11,22935,0,0,0,0,2
2020-04-24,US,Indiana,Steuben,20,1,0,41.64423868,-85.00101094,18151.0,19,18,1,0,17,18,34586,2,0,0,2,0
2020-04-24,US,Indiana,Sullivan,12,0,0,39.08952258,-87.41414469,18153.0,12,10,0,0,10,10,20690,2,0,0,2,0
2020-04-24,US,Indiana,Switzerland,14,0,0,38.82767338,-85.03022429,18155.0,14,14,0,0,14,13,10717,0,0,0,0,1
2020-04-24,US,Indiana,Tippecanoe,64,2,0,40.38872739,-86.89413959,18157.0,62,62,2,0,60,59,193048,2,0,0,2,3
2020-04-24,US,Indiana,Tipton,17,1,0,40.31123252,-86.05234925,18159.0,16,14,1,0,13,14,15128,3,0,0,3,0
2020-04-24,US,Indiana,Union,7,0,0,39.62550777,-84.92497066,18161.0,7,6,0,0,6,6,7037,1,0,0,1,0
2020-04-24,US,Indiana,Vanderburgh,104,1,0,38.02658833,-87.58763124,18163.0,103,104,1,0,103,96,180974,0,0,0,0,8
2020-04-24,US,Indiana,Vermillion,7,0,0,39.8523352,-87.46160542,18165.0,7,7,0,0,7,7,15479,0,0,0,0,0
2020-04-24,US,Indiana,Vigo,62,5,0,39.42944561,-87.39169027,18167.0,57,60,5,0,55,60,107386,2,0,0,2,0
2020-04-24,US,Indiana,Wabash,12,1,0,40.84704239,-85.79328272,18169.0,11,12,1,0,11,10,31280,0,0,0,0,2
2020-04-24,US,Indiana,Warren,11,1,0,40.34728141,-87.35602659,18171.0,10,8,1,0,7,7,8263,3,0,0,3,1
2020-04-24,US,Indiana,Warrick,78,11,0,38.08922676,-87.2716085,18173.0,67,77,9,0,68,68,62567,1,2,0,-1,9
2020-04-24,US,Indiana,Washington,36,0,0,38.60219804,-86.1049363,18175.0,36,33,0,0,33,31,27943,3,0,0,3,2
2020-04-24,US,Indiana,Wayne,31,3,0,39.863344399999995,-85.01044989,18177.0,28,30,2,0,28,30,65936,1,1,0,0,0
2020-04-24,US,Indiana,Wells,5,0,0,40.72934187,-85.22132966,18179.0,5,5,0,0,5,6,28206,0,0,0,0,-1
2020-04-24,US,Indiana,White,14,0,0,40.74911165,-86.86492015,18181.0,14,12,0,0,12,11,24133,2,0,0,2,1
2020-04-24,US,Indiana,Whitley,16,1,0,41.13863784,-85.50791236,18183.0,15,16,1,0,15,16,34074,0,0,0,0,0
2020-04-24,US,Iowa,Adair,1,0,0,41.33075609,-94.47105874,19001.0,1,1,0,0,1,1,7063,0,0,0,0,0
2020-04-24,US,Iowa,Allamakee,50,3,0,43.28383218,-91.37860922,19005.0,47,46,3,0,43,45,13832,4,0,0,4,1
2020-04-24,US,Iowa,Appanoose,2,2,0,40.74324454,-92.86865906,19007.0,0,2,2,0,0,2,12437,0,0,0,0,0
2020-04-24,US,Iowa,Audubon,1,0,0,41.6844628,-94.90581859,19009.0,1,1,0,0,1,1,5506,0,0,0,0,0
2020-04-24,US,Iowa,Benton,25,1,0,42.08011739,-92.06463573,19011.0,24,24,1,0,23,24,25642,1,0,0,1,0
2020-04-24,US,Iowa,Black Hawk,530,7,0,42.4704581,-92.30524729,19013.0,523,420,4,0,416,379,132408,110,3,0,107,41
2020-04-24,US,Iowa,Boone,6,0,0,42.03657094,-93.9313999,19015.0,6,6,0,0,6,6,26346,0,0,0,0,0
2020-04-24,US,Iowa,Bremer,35,2,0,42.77461496,-92.31795937,19017.0,33,34,1,0,33,33,24947,1,1,0,0,1
2020-04-24,US,Iowa,Buchanan,13,0,0,42.4709188,-91.83510825,19019.0,13,11,0,0,11,11,21199,2,0,0,2,0
2020-04-24,US,Iowa,Buena Vista,3,0,0,42.73545875,-95.15100162,19021.0,3,3,0,0,3,2,19874,0,0,0,0,1
2020-04-24,US,Iowa,Butler,2,0,0,42.73172833,-92.79015971,19023.0,2,2,0,0,2,2,14539,0,0,0,0,0
2020-04-24,US,Iowa,Carroll,1,0,0,42.03617207,-94.86032705,19027.0,1,1,0,0,1,1,20154,0,0,0,0,0
2020-04-24,US,Iowa,Cass,1,0,0,41.33149454,-94.92792482,19029.0,1,1,0,0,1,1,12930,0,0,0,0,0
2020-04-24,US,Iowa,Cedar,28,0,0,41.77233777,-91.13246684,19031.0,28,27,0,0,27,27,18627,1,0,0,1,0
2020-04-24,US,Iowa,Cerro Gordo,14,0,0,43.08177563,-93.2612239,19033.0,14,14,0,0,14,14,42647,0,0,0,0,0
2020-04-24,US,Iowa,Cherokee,2,0,0,42.73538914,-95.62389402,19035.0,2,1,0,0,1,1,11321,1,0,0,1,0
2020-04-24,US,Iowa,Chickasaw,3,0,0,43.06001295,-92.31773347,19037.0,3,3,0,0,3,3,11964,0,0,0,0,0
2020-04-24,US,Iowa,Clarke,2,0,0,41.02868181,-93.78499767,19039.0,2,2,0,0,2,2,9423,0,0,0,0,0
2020-04-24,US,Iowa,Clay,3,0,0,43.08247182,-95.15096481,19041.0,3,3,0,0,3,3,16134,0,0,0,0,0
2020-04-24,US,Iowa,Clayton,9,1,0,42.84443388,-91.34133693,19043.0,8,8,1,0,7,8,17556,1,0,0,1,0
2020-04-24,US,Iowa,Clinton,47,0,0,41.89981633,-90.53275096,19045.0,47,44,0,0,44,44,46518,3,0,0,3,0
2020-04-24,US,Iowa,Crawford,8,1,0,42.03718237,-95.3819718,19047.0,7,6,1,0,5,6,17158,2,0,0,2,0
2020-04-24,US,Iowa,Dallas,99,0,0,41.68560356,-94.04127625,19049.0,99,67,0,0,67,59,90180,32,0,0,32,8
2020-04-24,US,Iowa,Delaware,3,0,0,42.47104597,-91.3664492,19055.0,3,3,0,0,3,3,17069,0,0,0,0,0
2020-04-24,US,Iowa,Des Moines,14,0,0,40.92012606,-91.18326592,19057.0,14,13,0,0,13,13,39138,1,0,0,1,0
2020-04-24,US,Iowa,Dickinson,4,0,0,43.37787725,-95.1510206,19059.0,4,3,0,0,3,3,17153,1,0,0,1,0
2020-04-24,US,Iowa,Dubuque,62,1,0,42.46815349,-90.88181925,19061.0,61,52,1,0,51,49,96854,10,0,0,10,3
2020-04-24,US,Iowa,Fayette,10,0,0,42.86271799,-91.84412309999999,19065.0,10,7,0,0,7,7,19660,3,0,0,3,0
2020-04-24,US,Iowa,Franklin,1,0,0,42.73270384,-93.26256925,19069.0,1,1,0,0,1,1,10124,0,0,0,0,0
2020-04-24,US,Iowa,Greene,1,0,0,42.03614551,-94.39658081,19073.0,1,1,0,0,1,1,8981,0,0,0,0,0
2020-04-24,US,Iowa,Grundy,7,0,0,42.40183723,-92.78829551,19075.0,7,6,0,0,6,6,12304,1,0,0,1,0
2020-04-24,US,Iowa,Guthrie,5,0,0,41.68378965,-94.50111014,19077.0,5,5,0,0,5,4,10720,0,0,0,0,1
2020-04-24,US,Iowa,Hamilton,7,0,0,42.38382428,-93.70197703,19079.0,7,3,0,0,3,2,14952,4,0,0,4,1
2020-04-24,US,Iowa,Hancock,3,0,0,43.08178477,-93.73454884,19081.0,3,3,0,0,3,3,10712,0,0,0,0,0
2020-04-24,US,Iowa,Hardin,4,0,0,42.38353877,-93.23654611,19083.0,4,4,0,0,4,4,16868,0,0,0,0,0
2020-04-24,US,Iowa,Harrison,15,0,0,41.68330137,-95.81558439,19085.0,15,15,0,0,15,15,14134,0,0,0,0,0
2020-04-24,US,Iowa,Henry,31,1,0,40.98767962,-91.54436349,19087.0,30,30,1,0,29,30,20067,1,0,0,1,0
2020-04-24,US,Iowa,Howard,4,0,0,43.35671042,-92.31702714,19089.0,4,4,0,0,4,4,9187,0,0,0,0,0
2020-04-24,US,Iowa,Humboldt,4,0,0,42.7764426,-94.20722537,19091.0,4,2,0,0,2,2,9547,2,0,0,2,0
2020-04-24,US,Iowa,Iowa,14,0,0,41.68630265,-92.0643373,19095.0,14,13,0,0,13,13,16141,1,0,0,1,0
2020-04-24,US,Iowa,Jackson,5,0,0,42.17178824,-90.57354837,19097.0,5,5,0,0,5,5,19432,0,0,0,0,0
2020-04-24,US,Iowa,Jasper,73,0,0,41.68576082,-93.05567785,19099.0,73,55,0,0,55,53,37147,18,0,0,18,2
2020-04-24,US,Iowa,Jefferson,6,0,0,41.03192394,-91.94849466,19101.0,6,7,0,0,7,7,18381,-1,0,0,-1,0
2020-04-24,US,Iowa,Johnson,410,3,0,41.67169354,-91.58754744,19103.0,407,391,3,0,388,388,151260,19,0,0,19,3
2020-04-24,US,Iowa,Jones,18,0,0,42.12118609,-91.13139641,19105.0,18,18,0,0,18,17,20744,0,0,0,0,1
2020-04-24,US,Iowa,Keokuk,3,0,0,41.33649833,-92.1785067,19107.0,3,3,0,0,3,3,10225,0,0,0,0,0
2020-04-24,US,Iowa,Kossuth,1,0,0,43.20405458,-94.20691791,19109.0,1,1,0,0,1,1,14908,0,0,0,0,0
2020-04-24,US,Iowa,Lee,4,0,0,40.64181461,-91.48183025,19111.0,4,3,0,0,3,3,34055,1,0,0,1,0
2020-04-24,US,Iowa,Linn,509,33,0,42.07923082,-91.59809485,19113.0,476,479,29,0,450,466,225909,30,4,0,26,13
2020-04-24,US,Iowa,Louisa,259,2,0,41.21842119,-91.26102611,19115.0,257,251,2,0,249,248,11169,8,0,0,8,3
2020-04-24,US,Iowa,Lyon,5,0,0,43.38107862,-96.20926845,19119.0,5,5,0,0,5,5,11811,0,0,0,0,0
2020-04-24,US,Iowa,Madison,3,1,0,41.33081904,-94.01554631,19121.0,2,3,1,0,2,4,16249,0,0,0,0,-1
2020-04-24,US,Iowa,Mahaska,8,1,0,41.33521503,-92.64083907,19123.0,7,8,1,0,7,8,22000,0,0,0,0,0
2020-04-24,US,Iowa,Marion,6,0,0,41.33445101,-93.09934783,19125.0,6,5,0,0,5,5,33407,1,0,0,1,0
2020-04-24,US,Iowa,Marshall,271,0,0,42.03586837,-92.99908190000001,19127.0,271,239,0,0,239,239,39981,32,0,0,32,0
2020-04-24,US,Iowa,Mills,2,0,0,41.03299766,-95.61920963,19129.0,2,2,0,0,2,2,15063,0,0,0,0,0
2020-04-24,US,Iowa,Mitchell,2,0,0,43.35638371,-92.78887719,19131.0,2,2,0,0,2,2,10569,0,0,0,0,0
2020-04-24,US,Iowa,Monona,7,0,0,42.05220391,-95.95743843,19133.0,7,7,0,0,7,7,8679,0,0,0,0,0
2020-04-24,US,Iowa,Montgomery,1,0,0,41.03018714,-95.15642896,19137.0,1,1,0,0,1,1,10003,0,0,0,0,0
2020-04-24,US,Iowa,Muscatine,270,7,0,41.48370744,-91.11216970000001,19139.0,263,252,7,0,245,240,42929,18,0,0,18,12
2020-04-24,US,Iowa,O'Brien,5,0,0,43.08310673,-95.62474482,19141.0,5,3,0,0,3,3,13840,2,0,0,2,0
2020-04-24,US,Iowa,Osceola,6,0,0,43.37824276,-95.62422844,19143.0,6,6,0,0,6,4,6040,0,0,0,0,2
2020-04-24,US,Iowa,Page,5,0,0,40.7393172,-95.1497813,19145.0,5,5,0,0,5,4,15249,0,0,0,0,1
2020-04-24,US,Iowa,Plymouth,8,0,0,42.737633,-96.21366621,19149.0,8,9,0,0,9,9,25095,-1,0,0,-1,0
2020-04-24,US,Iowa,Polk,575,22,0,41.68679484,-93.57767461,19153.0,553,486,20,0,466,437,487204,89,2,0,87,49
2020-04-24,US,Iowa,Pottawattamie,20,1,0,41.33640314,-95.53907776,19155.0,19,18,1,0,17,18,93533,2,0,0,2,0
2020-04-24,US,Iowa,Poweshiek,39,1,0,41.68625425,-92.53155731,19157.0,38,20,1,0,19,14,18699,19,0,0,19,6
2020-04-24,US,Iowa,Scott,196,4,0,41.63935978,-90.61959493,19163.0,192,188,3,0,185,182,173283,8,1,0,7,6
2020-04-24,US,Iowa,Shelby,9,0,0,41.6850066,-95.31015553,19165.0,9,9,0,0,9,9,11578,0,0,0,0,0
2020-04-24,US,Iowa,Sioux,7,0,0,43.08221074,-96.17675679999999,19167.0,7,7,0,0,7,7,34909,0,0,0,0,0
2020-04-24,US,Iowa,Story,22,0,0,42.03621213,-93.46499005,19169.0,22,22,0,0,22,20,98105,0,0,0,0,2
2020-04-24,US,Iowa,Tama,236,7,0,42.07991767,-92.53266945,19171.0,229,225,7,0,218,225,16904,11,0,0,11,0
2020-04-24,US,Iowa,Taylor,1,0,0,40.73710579,-94.69778563,19173.0,1,1,0,0,1,1,6191,0,0,0,0,0
2020-04-24,US,Iowa,Unassigned,4,0,0,0.0,0.0,90019.0,4,3,0,0,3,4,,1,0,0,1,-1
2020-04-24,US,Iowa,Union,1,0,0,41.0277278,-94.24234847,19175.0,1,1,0,0,1,1,12359,0,0,0,0,0
2020-04-24,US,Iowa,Van Buren,8,0,0,40.75326764,-91.95017958,19177.0,8,8,0,0,8,8,7020,0,0,0,0,0
2020-04-24,US,Iowa,Wapello,7,0,0,41.03064984,-92.40954728,19179.0,7,6,0,0,6,6,35205,1,0,0,1,0
2020-04-24,US,Iowa,Warren,19,0,0,41.33559454,-93.56007641,19181.0,19,18,0,0,18,18,51056,1,0,0,1,0
2020-04-24,US,Iowa,Washington,131,5,0,41.33577126,-91.71725711,19183.0,126,124,5,0,119,124,22141,7,0,0,7,0
2020-04-24,US,Iowa,Webster,4,0,0,42.42853483,-94.17987389,19187.0,4,2,0,0,2,2,36277,2,0,0,2,0
2020-04-24,US,Iowa,Winnebago,2,0,0,43.37751174,-93.73407298,19189.0,2,2,0,0,2,2,10518,0,0,0,0,0
2020-04-24,US,Iowa,Winneshiek,11,0,0,43.29094334,-91.84422722,19191.0,11,9,0,0,9,8,20029,2,0,0,2,1
2020-04-24,US,Iowa,Woodbury,189,1,0,42.38979414,-96.0459439,19193.0,188,120,1,0,119,100,102539,69,0,0,69,20
2020-04-24,US,Iowa,Worth,1,0,0,43.37750768,-93.26087602,19195.0,1,1,0,0,1,1,7453,0,0,0,0,0
2020-04-24,US,Iowa,Wright,2,0,0,42.73305373,-93.73515113,19197.0,2,2,0,0,2,2,12690,0,0,0,0,0
2020-04-24,US,Kansas,Atchison,8,0,0,39.53185661,-95.30870026,20005.0,8,8,0,0,8,6,16193,0,0,0,0,2
2020-04-24,US,Kansas,Barber,1,0,0,37.2288586,-98.68460053,20007.0,1,1,0,0,1,1,4472,0,0,0,0,0
2020-04-24,US,Kansas,Barton,9,0,0,38.47889676,-98.75636726,20009.0,9,9,0,0,9,9,26111,0,0,0,0,0
2020-04-24,US,Kansas,Bourbon,6,1,0,37.85508555,-94.84865997,20011.0,5,6,1,0,5,7,14653,0,0,0,0,-1
2020-04-24,US,Kansas,Butler,13,0,0,37.78134351,-96.83878537,20015.0,13,13,0,0,13,13,66765,0,0,0,0,0
2020-04-24,US,Kansas,Chase,1,0,0,38.30292938,-96.59563862,20017.0,1,1,0,0,1,1,2629,0,0,0,0,0
2020-04-24,US,Kansas,Chautauqua,3,0,0,37.14994405,-96.2454192,20019.0,3,3,0,0,3,3,3309,0,0,0,0,0
2020-04-24,US,Kansas,Cherokee,7,0,0,37.16928494,-94.8462897,20021.0,7,7,0,0,7,7,20015,0,0,0,0,0
2020-04-24,US,Kansas,Clark,1,0,0,37.23577007,-99.81883015,20025.0,1,1,0,0,1,,2005,0,0,0,0,
2020-04-24,US,Kansas,Clay,4,0,0,39.34948772,-97.16518128,20027.0,4,4,0,0,4,4,7997,0,0,0,0,0
2020-04-24,US,Kansas,Cloud,3,0,0,39.48028352,-97.64925343,20029.0,3,3,0,0,3,3,8729,0,0,0,0,0
2020-04-24,US,Kansas,Coffey,48,7,0,38.2365018,-95.73379515,20031.0,41,48,6,0,42,47,8233,0,1,0,-1,1
2020-04-24,US,Kansas,Cowley,2,1,0,37.23781842,-96.83776647,20035.0,1,1,1,0,0,1,35218,1,0,0,1,0
2020-04-24,US,Kansas,Crawford,6,1,0,37.50675523,-94.85245778,20037.0,5,6,1,0,5,6,39019,0,0,0,0,0
2020-04-24,US,Kansas,Dickinson,1,0,0,38.86600962,-97.15532383,20041.0,1,1,0,0,1,1,18717,0,0,0,0,0
2020-04-24,US,Kansas,Doniphan,3,0,0,39.79067154,-95.14056866,20043.0,3,3,0,0,3,3,7682,0,0,0,0,0
2020-04-24,US,Kansas,Douglas,46,0,0,38.88503636,-95.2925121,20045.0,46,44,0,0,44,43,121436,2,0,0,2,1
2020-04-24,US,Kansas,Edwards,1,0,0,37.88735543,-99.31263309,20047.0,1,1,0,0,1,1,2849,0,0,0,0,0
2020-04-24,US,Kansas,Ellis,8,0,0,38.91458712,-99.31751551,20051.0,8,8,0,0,8,8,28710,0,0,0,0,0
2020-04-24,US,Kansas,Finney,162,1,0,38.04340344,-100.73819379999999,20055.0,161,127,1,0,126,56,36611,35,0,0,35,71
2020-04-24,US,Kansas,Ford,350,0,0,37.69200114,-99.88825298,20057.0,350,288,0,0,288,208,33888,62,0,0,62,80
2020-04-24,US,Kansas,Franklin,12,0,0,38.56443815,-95.28644341,20059.0,12,12,0,0,12,12,25631,0,0,0,0,0
2020-04-24,US,Kansas,Geary,9,0,0,38.99871131,-96.7577178,20061.0,9,9,0,0,9,9,32594,0,0,0,0,0
2020-04-24,US,Kansas,Gove,1,0,0,38.91588178,-100.4829321,20063.0,1,1,0,0,1,1,2612,0,0,0,0,0
2020-04-24,US,Kansas,Grant,1,0,0,37.56227336,-101.3079758,20067.0,1,,,,,,7336,,,,,
2020-04-24,US,Kansas,Gray,2,0,0,37.73836671,-100.4369088,20069.0,2,1,0,0,1,,6033,1,0,0,1,
2020-04-24,US,Kansas,Greenwood,3,0,0,37.8774388,-96.23250453,20073.0,3,2,0,0,2,2,6055,1,0,0,1,0
2020-04-24,US,Kansas,Hamilton,1,0,0,37.99978709,-101.7921066,20075.0,1,1,0,0,1,1,2607,0,0,0,0,0
2020-04-24,US,Kansas,Harvey,5,0,0,38.04293782,-97.42747573,20079.0,5,5,0,0,5,5,34210,0,0,0,0,0
2020-04-24,US,Kansas,Haskell,6,0,0,37.562039399999996,-100.8710738,20081.0,6,6,0,0,6,1,3997,0,0,0,0,5
2020-04-24,US,Kansas,Jackson,1,0,0,39.41673394,-95.79356799,20085.0,1,1,0,0,1,1,13280,0,0,0,0,0
2020-04-24,US,Kansas,Jefferson,8,0,0,39.2347941,-95.38289232,20087.0,8,7,0,0,7,6,18975,1,0,0,1,1
2020-04-24,US,Kansas,Jewell,4,0,0,39.78470589,-98.21820662,20089.0,4,4,0,0,4,4,2841,0,0,0,0,0
2020-04-24,US,Kansas,Johnson,417,37,0,38.88548175,-94.82250877,20091.0,380,403,36,0,367,396,597555,14,1,0,13,7
2020-04-24,US,Kansas,Kearny,10,0,0,38.00017981,-101.32168100000001,20093.0,10,9,0,0,9,4,3943,1,0,0,1,5
2020-04-24,US,Kansas,Kiowa,1,0,0,37.55848695,-99.2856537,20097.0,1,1,0,0,1,,2516,0,0,0,0,
2020-04-24,US,Kansas,Labette,21,0,0,37.19113093,-95.29849679,20099.0,21,20,0,0,20,20,19964,1,0,0,1,0
2020-04-24,US,Kansas,Leavenworth,154,3,0,39.20183497,-95.03620809,20103.0,151,154,3,0,151,150,81352,0,0,0,0,4
2020-04-24,US,Kansas,Linn,6,0,0,38.21267844,-94.84254089,20107.0,6,6,0,0,6,6,9750,0,0,0,0,0
2020-04-24,US,Kansas,Lyon,174,1,0,38.45576156,-96.15275715,20111.0,173,158,1,0,157,110,33406,16,0,0,16,48
2020-04-24,US,Kansas,Marion,5,1,0,38.35855394,-97.09852509999999,20115.0,4,5,0,0,5,5,11950,0,1,0,-1,0
2020-04-24,US,Kansas,McPherson,20,0,0,38.39184858,-97.64769869,20113.0,20,20,0,0,20,19,28537,0,0,0,0,1
2020-04-24,US,Kansas,Meade,1,0,0,37.23859987,-100.36483100000001,20119.0,1,,,,,,4146,,,,,
2020-04-24,US,Kansas,Miami,4,0,0,38.56383358,-94.83832189,20121.0,4,4,0,0,4,4,33680,0,0,0,0,0
2020-04-24,US,Kansas,Mitchell,2,0,0,39.39331582,-98.20906732,20123.0,2,2,0,0,2,2,6150,0,0,0,0,0
2020-04-24,US,Kansas,Montgomery,13,2,0,37.19236568,-95.74329258,20125.0,11,13,2,0,11,12,32120,0,0,0,0,1
2020-04-24,US,Kansas,Morris,3,0,0,38.68827511,-96.65128437,20127.0,3,3,0,0,3,3,5521,0,0,0,0,0
2020-04-24,US,Kansas,Morton,2,0,0,37.19141121,-101.79925190000002,20129.0,2,2,0,0,2,2,2667,0,0,0,0,0
2020-04-24,US,Kansas,Neosho,2,0,0,37.55862897,-95.30670046,20133.0,2,2,0,0,2,2,15951,0,0,0,0,0
2020-04-24,US,Kansas,Osage,5,0,0,38.65235984,-95.72707998,20139.0,5,5,0,0,5,5,15941,0,0,0,0,0
2020-04-24,US,Kansas,Osborne,2,0,0,39.3503437,-98.76753828,20141.0,2,2,0,0,2,2,3475,0,0,0,0,0
2020-04-24,US,Kansas,Ottawa,3,0,0,39.13237408,-97.65020313,20143.0,3,3,0,0,3,3,5802,0,0,0,0,0
2020-04-24,US,Kansas,Phillips,1,0,0,39.78465501,-99.34668865,20147.0,1,1,0,0,1,1,5317,0,0,0,0,0
2020-04-24,US,Kansas,Pottawatomie,8,0,0,39.37925655,-96.34564657,20149.0,8,8,0,0,8,6,24277,0,0,0,0,2
2020-04-24,US,Kansas,Pratt,1,0,0,37.64780729,-98.73922153,20151.0,1,1,0,0,1,1,9378,0,0,0,0,0
2020-04-24,US,Kansas,Reno,24,0,0,37.95230263,-98.08607292,20155.0,24,17,0,0,17,16,62342,7,0,0,7,1
2020-04-24,US,Kansas,Republic,4,0,0,39.82799632,-97.65036709,20157.0,4,4,0,0,4,4,4664,0,0,0,0,0
2020-04-24,US,Kansas,Rice,3,0,0,38.34616184,-98.19992118,20159.0,3,1,0,0,1,,9531,2,0,0,2,
2020-04-24,US,Kansas,Riley,40,0,0,39.28935726,-96.73420026,20161.0,40,37,0,0,37,34,73703,3,0,0,3,3
2020-04-24,US,Kansas,Rooks,4,0,0,39.35022773,-99.32484567,20163.0,4,4,0,0,4,4,5013,0,0,0,0,0
2020-04-24,US,Kansas,Saline,18,2,0,38.78369175,-97.65185177,20169.0,16,17,2,0,15,17,54401,1,0,0,1,0
2020-04-24,US,Kansas,Scott,1,0,0,38.48222076,-100.90665390000001,20171.0,1,1,0,0,1,1,4897,0,0,0,0,0
2020-04-24,US,Kansas,Sedgwick,323,6,0,37.6842718,-97.4608198,20173.0,317,316,6,0,310,295,513607,7,0,0,7,21
2020-04-24,US,Kansas,Seward,291,0,0,37.19324632,-100.85072009999999,20175.0,291,249,0,0,249,142,21780,42,0,0,42,107
2020-04-24,US,Kansas,Shawnee,100,5,0,39.04100763,-95.75572640000001,20177.0,95,100,5,0,95,96,177499,0,0,0,0,4
2020-04-24,US,Kansas,Sheridan,2,0,0,39.35018161,-100.44182590000001,20179.0,2,2,0,0,2,2,2533,0,0,0,0,0
2020-04-24,US,Kansas,Sherman,3,0,0,39.35147699,-101.71976240000001,20181.0,3,1,0,0,1,1,5899,2,0,0,2,0
2020-04-24,US,Kansas,Smith,2,0,0,39.78516566,-98.78566062,20183.0,2,2,0,0,2,2,3603,0,0,0,0,0
2020-04-24,US,Kansas,Stafford,1,0,0,38.03100851,-98.71762001,20185.0,1,1,0,0,1,1,4178,0,0,0,0,0
2020-04-24,US,Kansas,Stanton,4,0,0,37.56304714,-101.78435340000001,20187.0,4,4,0,0,4,4,1987,0,0,0,0,0
2020-04-24,US,Kansas,Stevens,6,0,0,37.1923008,-101.3118967,20189.0,6,6,0,0,6,4,5559,0,0,0,0,2
2020-04-24,US,Kansas,Sumner,3,1,0,37.23682549,-97.47721621,20191.0,2,3,1,0,2,3,22996,0,0,0,0,0
2020-04-24,US,Kansas,Wabaunsee,6,0,0,38.95471985,-96.20350509,20197.0,6,6,0,0,6,3,6899,0,0,0,0,3
2020-04-24,US,Kansas,Wilson,1,0,0,37.55937174,-95.74323255,20205.0,1,1,0,0,1,1,8665,0,0,0,0,0
2020-04-24,US,Kansas,Woodson,5,0,0,37.8865336,-95.74006277,20207.0,5,5,0,0,5,5,3183,0,0,0,0,0
2020-04-24,US,Kansas,Wyandotte,527,49,0,39.11727348,-94.76378225,20209.0,478,490,47,0,443,473,165324,37,2,0,35,17
2020-04-24,US,Kentucky,Adair,80,6,0,37.10459774,-85.28129668,21001.0,74,63,5,0,58,60,19215,17,1,0,16,3
2020-04-24,US,Kentucky,Allen,6,0,0,36.75197631,-86.19457544,21003.0,6,5,0,0,5,5,21122,1,0,0,1,0
2020-04-24,US,Kentucky,Anderson,7,1,0,38.00671029,-84.99171713,21005.0,6,7,1,0,6,7,22663,0,0,0,0,0
2020-04-24,US,Kentucky,Ballard,5,0,0,37.05842757,-88.99427697,21007.0,5,4,0,0,4,4,7979,1,0,0,1,0
2020-04-24,US,Kentucky,Barren,9,0,0,36.96469836,-85.93338945,21009.0,9,8,0,0,8,8,44176,1,0,0,1,0
2020-04-24,US,Kentucky,Bath,3,0,0,38.14735938,-83.74588932,21011.0,3,3,0,0,3,3,12383,0,0,0,0,0
2020-04-24,US,Kentucky,Boone,98,2,0,38.97065142,-84.72615357,21015.0,96,94,2,0,92,93,131533,4,0,0,4,1
2020-04-24,US,Kentucky,Bourbon,7,1,0,38.2054607,-84.21827874,21017.0,6,6,1,0,5,6,20184,1,0,0,1,0
2020-04-24,US,Kentucky,Boyd,31,3,0,38.36176608,-82.68652187,21019.0,28,30,3,0,27,30,47240,1,0,0,1,0
2020-04-24,US,Kentucky,Boyle,17,0,0,37.62680923,-84.8633779,21021.0,17,13,0,0,13,13,30100,4,0,0,4,0
2020-04-24,US,Kentucky,Bracken,7,0,0,38.69158994,-84.08532444,21023.0,7,7,0,0,7,7,8239,0,0,0,0,0
2020-04-24,US,Kentucky,Breathitt,2,0,0,37.52333168,-83.31959161,21025.0,2,2,0,0,2,2,12726,0,0,0,0,0
2020-04-24,US,Kentucky,Breckinridge,7,0,0,37.77377239,-86.42885017,21027.0,7,6,0,0,6,6,20388,1,0,0,1,0
2020-04-24,US,Kentucky,Bullitt,40,2,0,37.97162523,-85.68955617,21029.0,38,36,2,0,34,34,81069,4,0,0,4,2
2020-04-24,US,Kentucky,Butler,98,3,0,37.20946153,-86.68748787,21031.0,95,92,3,0,89,91,12772,6,0,0,6,1
2020-04-24,US,Kentucky,Caldwell,13,0,0,37.14749129,-87.86948214,21033.0,13,12,0,0,12,12,12715,1,0,0,1,0
2020-04-24,US,Kentucky,Calloway,26,1,0,36.62093411,-88.2731593,21035.0,25,24,1,0,23,22,39135,2,0,0,2,2
2020-04-24,US,Kentucky,Campbell,70,7,0,38.94384345,-84.37875208,21037.0,63,64,7,0,57,64,93152,6,0,0,6,0
2020-04-24,US,Kentucky,Carlisle,1,0,0,36.85372876,-88.96692220000001,21039.0,1,1,0,0,1,,4771,0,0,0,0,
2020-04-24,US,Kentucky,Carroll,2,0,0,38.66599534,-85.12601074,21041.0,2,2,0,0,2,2,10737,0,0,0,0,0
2020-04-24,US,Kentucky,Carter,4,0,0,38.31690743,-83.05092385,21043.0,4,4,0,0,4,4,27004,0,0,0,0,0
2020-04-24,US,Kentucky,Casey,1,0,0,37.32533118,-84.92726209,21045.0,1,1,0,0,1,1,15888,0,0,0,0,0
2020-04-24,US,Kentucky,Christian,85,3,0,36.89267803,-87.49055367,21047.0,82,86,3,0,83,86,71671,-1,0,0,-1,0
2020-04-24,US,Kentucky,Clark,19,0,0,37.9689263,-84.14615986,21049.0,19,19,0,0,19,19,36249,0,0,0,0,0
2020-04-24,US,Kentucky,Clay,1,0,0,37.16451126,-83.712575,21051.0,1,1,0,0,1,1,20105,0,0,0,0,0
2020-04-24,US,Kentucky,Clinton,2,0,0,36.72581156,-85.13377529,21053.0,2,2,0,0,2,2,10206,0,0,0,0,0
2020-04-24,US,Kentucky,Crittenden,3,1,0,37.35839237,-88.08826090000002,21055.0,2,3,1,0,2,3,8915,0,0,0,0,0
2020-04-24,US,Kentucky,Cumberland,4,0,0,36.78926125,-85.39050034,21057.0,4,4,0,0,4,4,6659,0,0,0,0,0
2020-04-24,US,Kentucky,Daviess,145,3,0,37.73028906,-87.09019479999998,21059.0,142,133,3,0,130,134,101104,12,0,0,12,-1
2020-04-24,US,Kentucky,Edmonson,11,0,0,37.21218923,-86.23955613,21061.0,11,7,0,0,7,7,12274,4,0,0,4,0
2020-04-24,US,Kentucky,Fayette,226,8,0,38.0368225,-84.45576892,21067.0,218,223,8,0,215,223,323780,3,0,0,3,0
2020-04-24,US,Kentucky,Fleming,2,0,0,38.36758311,-83.69657514,21069.0,2,2,0,0,2,2,14432,0,0,0,0,0
2020-04-24,US,Kentucky,Floyd,6,0,0,37.56213922,-82.74750924,21071.0,6,4,0,0,4,4,35845,2,0,0,2,0
2020-04-24,US,Kentucky,Franklin,15,0,0,38.2379395,-84.87962551,21073.0,15,14,0,0,14,14,50815,1,0,0,1,0
2020-04-24,US,Kentucky,Fulton,1,0,0,36.55238827,-89.20140068,21075.0,1,1,0,0,1,1,6120,0,0,0,0,0
2020-04-24,US,Kentucky,Gallatin,1,0,0,38.75398691,-84.8558382,21077.0,1,1,0,0,1,1,8832,0,0,0,0,0
2020-04-24,US,Kentucky,Garrard,1,0,0,37.638866799999995,-84.53289319,21079.0,1,1,0,0,1,1,17560,0,0,0,0,0
2020-04-24,US,Kentucky,Grant,18,3,0,38.64962758,-84.62415957,21081.0,15,18,3,0,15,19,25121,0,0,0,0,-1
2020-04-24,US,Kentucky,Graves,89,10,0,36.72292505,-88.65143315,21083.0,79,84,7,0,77,84,37317,5,3,0,2,0
2020-04-24,US,Kentucky,Grayson,37,1,0,37.46231118,-86.34248968,21085.0,36,25,1,0,24,23,26321,12,0,0,12,2
2020-04-24,US,Kentucky,Green,1,0,0,37.26484328,-85.5540745,21087.0,1,1,0,0,1,1,11049,0,0,0,0,0
2020-04-24,US,Kentucky,Greenup,10,0,0,38.54332505,-82.9215658,21089.0,10,10,0,0,10,10,35268,0,0,0,0,0
2020-04-24,US,Kentucky,Hancock,6,0,0,37.83766422,-86.78280584,21091.0,6,6,0,0,6,6,8758,0,0,0,0,0
2020-04-24,US,Kentucky,Hardin,32,0,0,37.6976111,-85.96319251,21093.0,32,32,0,0,32,32,110356,0,0,0,0,0
2020-04-24,US,Kentucky,Harrison,18,0,0,38.44188174,-84.32869741,21097.0,18,17,0,0,17,17,18778,1,0,0,1,0
2020-04-24,US,Kentucky,Hart,2,0,0,37.29943898,-85.88461055,21099.0,2,2,0,0,2,2,18906,0,0,0,0,0
2020-04-24,US,Kentucky,Henderson,44,1,0,37.79344553,-87.57392021,21101.0,43,40,1,0,39,40,45591,4,0,0,4,0
2020-04-24,US,Kentucky,Henry,3,0,0,38.44942688,-85.11587507,21103.0,3,3,0,0,3,3,16106,0,0,0,0,0
2020-04-24,US,Kentucky,Hickman,2,0,0,36.67948079999999,-88.97875928,21105.0,2,2,0,0,2,1,4421,0,0,0,0,1
2020-04-24,US,Kentucky,Hopkins,170,19,0,37.30939025,-87.54670406,21107.0,151,157,17,0,140,150,45068,13,2,0,11,7
2020-04-24,US,Kentucky,Jackson,58,5,0,37.41866422,-83.99825483,21109.0,53,58,4,0,54,57,13442,0,1,0,-1,1
2020-04-24,US,Kentucky,Jefferson,1121,78,0,38.18664655,-85.65931031,21111.0,1043,1008,78,0,930,954,770517,113,0,0,113,54
2020-04-24,US,Kentucky,Jessamine,31,0,0,37.87119786,-84.58252003,21113.0,31,31,0,0,31,31,53920,0,0,0,0,0
2020-04-24,US,Kentucky,Johnson,1,0,0,37.85106355,-82.8264322,21115.0,1,1,0,0,1,1,22386,0,0,0,0,0
2020-04-24,US,Kentucky,Kenton,223,16,0,38.93950319,-84.53241199,21117.0,207,214,16,0,198,179,166051,9,0,0,9,35
2020-04-24,US,Kentucky,Knott,3,0,0,37.35388197,-82.94981134,21119.0,3,4,0,0,4,4,15126,-1,0,0,-1,0
2020-04-24,US,Kentucky,Knox,5,0,0,36.89225732,-83.85403396,21121.0,5,5,0,0,5,5,31304,0,0,0,0,0
2020-04-24,US,Kentucky,Larue,5,0,0,37.54567114,-85.70138352,21123.0,5,5,0,0,5,5,14307,0,0,0,0,0
2020-04-24,US,Kentucky,Laurel,13,2,0,37.10975748,-84.11321779,21125.0,11,13,2,0,11,14,60669,0,0,0,0,-1
2020-04-24,US,Kentucky,Lawrence,1,0,0,38.07136018,-82.72882223,21127.0,1,1,0,0,1,1,15571,0,0,0,0,0
2020-04-24,US,Kentucky,Leslie,2,0,0,37.09246661,-83.37999606,21131.0,2,2,0,0,2,2,10143,0,0,0,0,0
2020-04-24,US,Kentucky,Letcher,1,0,0,37.12306748,-82.85346474,21133.0,1,1,0,0,1,1,21899,0,0,0,0,0
2020-04-24,US,Kentucky,Lewis,3,0,0,38.53184419,-83.37735618,21135.0,3,3,0,0,3,3,13257,0,0,0,0,0
2020-04-24,US,Kentucky,Lincoln,4,1,0,37.45475628,-84.6565327,21137.0,3,4,1,0,3,4,24644,0,0,0,0,0
2020-04-24,US,Kentucky,Livingston,1,0,0,37.21137452,-88.34797529,21139.0,1,1,0,0,1,1,9242,0,0,0,0,0
2020-04-24,US,Kentucky,Logan,8,0,0,36.85949479,-86.877635,21141.0,8,8,0,0,8,8,26989,0,0,0,0,0
2020-04-24,US,Kentucky,Lyon,14,3,0,37.02080035,-88.07886257,21143.0,11,14,3,0,11,14,8009,0,0,0,0,0
2020-04-24,US,Kentucky,Madison,26,1,0,37.71659336,-84.27220275,21151.0,25,23,1,0,22,23,92368,3,0,0,3,0
2020-04-24,US,Kentucky,Marion,13,0,0,37.55218078,-85.26898542,21155.0,13,13,0,0,13,13,19404,0,0,0,0,0
2020-04-24,US,Kentucky,Marshall,23,0,0,36.88007070000001,-88.32803576,21157.0,23,23,0,0,23,20,31191,0,0,0,0,3
2020-04-24,US,Kentucky,Martin,3,0,0,37.79990579,-82.51247478,21159.0,3,3,0,0,3,3,11323,0,0,0,0,0
2020-04-24,US,Kentucky,Mason,6,0,0,38.59471935,-83.82151043,21161.0,6,6,0,0,6,6,17150,0,0,0,0,0
2020-04-24,US,Kentucky,McCracken,31,2,0,37.05350953,-88.70445755,21145.0,29,30,2,0,28,30,65346,1,0,0,1,0
2020-04-24,US,Kentucky,McCreary,11,0,0,36.73874143,-84.48102924,21147.0,11,11,0,0,11,11,17408,0,0,0,0,0
2020-04-24,US,Kentucky,McLean,10,1,0,37.5301951,-87.26803443,21149.0,9,9,1,0,8,9,9252,1,0,0,1,0
2020-04-24,US,Kentucky,Meade,4,1,0,37.96163597,-86.21028219,21163.0,3,3,1,0,2,3,28715,1,0,0,1,0
2020-04-24,US,Kentucky,Menifee,3,0,0,37.94090733,-83.59985712,21165.0,3,3,0,0,3,3,6451,0,0,0,0,0
2020-04-24,US,Kentucky,Mercer,11,0,0,37.81474237,-84.87488475,21167.0,11,11,0,0,11,11,21774,0,0,0,0,0
2020-04-24,US,Kentucky,Monroe,3,0,0,36.71225341,-85.71596443,21171.0,3,3,0,0,3,3,10718,0,0,0,0,0
2020-04-24,US,Kentucky,Montgomery,10,0,0,38.03253032,-83.9145241,21173.0,10,9,0,0,9,9,28203,1,0,0,1,0
2020-04-24,US,Kentucky,Morgan,1,0,0,37.92465657,-83.25558245,21175.0,1,1,0,0,1,1,13345,0,0,0,0,0
2020-04-24,US,Kentucky,Muhlenberg,91,4,0,37.21425819,-87.14632053,21177.0,87,72,3,0,69,74,30774,19,1,0,18,-2
2020-04-24,US,Kentucky,Nelson,17,0,0,37.80335779,-85.4657193,21179.0,17,14,0,0,14,14,45851,3,0,0,3,0
2020-04-24,US,Kentucky,Nicholas,1,0,0,38.33342292,-84.01889177,21181.0,1,1,0,0,1,1,7166,0,0,0,0,0
2020-04-24,US,Kentucky,Ohio,34,0,0,37.47751843,-86.85368087,21183.0,34,26,0,0,26,25,24087,8,0,0,8,1
2020-04-24,US,Kentucky,Oldham,24,0,0,38.39791089,-85.448222,21185.0,24,24,0,0,24,24,66470,0,0,0,0,0
2020-04-24,US,Kentucky,Owsley,3,0,0,37.42823949,-83.68811419,21189.0,3,2,0,0,2,2,4472,1,0,0,1,0
2020-04-24,US,Kentucky,Pendleton,5,0,0,38.69607718,-84.35599463,21191.0,5,5,0,0,5,5,14529,0,0,0,0,0
2020-04-24,US,Kentucky,Perry,3,0,0,37.25023553,-83.22922731,21193.0,3,3,0,0,3,5,26092,0,0,0,0,-2
2020-04-24,US,Kentucky,Pike,8,2,0,37.47088263,-82.39487445,21195.0,6,6,2,0,4,6,58402,2,0,0,2,0
2020-04-24,US,Kentucky,Powell,1,0,0,37.83218794,-83.82553961,21197.0,1,1,0,0,1,1,12442,0,0,0,0,0
2020-04-24,US,Kentucky,Pulaski,39,2,0,37.10466131,-84.57629079,21199.0,37,38,2,0,36,38,64623,1,0,0,1,0
2020-04-24,US,Kentucky,Rockcastle,11,0,0,37.36642393,-84.31176452,21203.0,11,11,0,0,11,11,16750,0,0,0,0,0
2020-04-24,US,Kentucky,Rowan,2,0,0,38.19484205,-83.42088935,21205.0,2,2,0,0,2,2,24583,0,0,0,0,0
2020-04-24,US,Kentucky,Russell,16,2,0,36.99308373,-85.06070117,21207.0,14,16,2,0,14,16,17821,0,0,0,0,0
2020-04-24,US,Kentucky,Scott,23,0,0,38.29622293,-84.5816631,21209.0,23,22,0,0,22,22,56031,1,0,0,1,0
2020-04-24,US,Kentucky,Shelby,26,3,0,38.21476019,-85.194223,21211.0,23,23,2,0,21,23,48518,3,1,0,2,0
2020-04-24,US,Kentucky,Simpson,22,2,0,36.74058474,-86.58047435,21213.0,20,22,2,0,20,22,18529,0,0,0,0,0
2020-04-24,US,Kentucky,Spencer,9,0,0,38.03223971,-85.32749335,21215.0,9,9,0,0,9,9,18794,0,0,0,0,0
2020-04-24,US,Kentucky,Taylor,5,0,0,37.3677562,-85.3329931,21217.0,5,4,0,0,4,4,25549,1,0,0,1,0
2020-04-24,US,Kentucky,Todd,10,0,0,36.8381152,-87.17878374,21219.0,10,9,0,0,9,9,12311,1,0,0,1,0
2020-04-24,US,Kentucky,Trigg,4,0,0,36.80767017,-87.87333656,21221.0,4,4,0,0,4,4,14643,0,0,0,0,0
2020-04-24,US,Kentucky,Trimble,2,0,0,38.61056487,-85.33775972,21223.0,2,2,0,0,2,2,8515,0,0,0,0,0
2020-04-24,US,Kentucky,Unassigned,58,0,0,0.0,0.0,90021.0,58,67,0,0,67,72,,-9,0,0,-9,-5
2020-04-24,US,Kentucky,Union,8,0,0,37.66166713,-87.94300009,21225.0,8,8,0,0,8,8,14505,0,0,0,0,0
2020-04-24,US,Kentucky,Warren,165,0,0,36.99903045,-86.42672751,21227.0,165,130,0,0,130,131,131264,35,0,0,35,-1
2020-04-24,US,Kentucky,Washington,4,0,0,37.75599461,-85.17407732,21229.0,4,4,0,0,4,3,12084,0,0,0,0,1
2020-04-24,US,Kentucky,Wayne,6,0,0,36.80310688,-84.8251971,21231.0,6,6,0,0,6,7,20468,0,0,0,0,-1
2020-04-24,US,Kentucky,Webster,16,0,0,37.52168356,-87.67989953,21233.0,16,16,0,0,16,16,13111,0,0,0,0,0
2020-04-24,US,Kentucky,Whitley,10,0,0,36.75700531,-84.14541217,21235.0,10,10,0,0,10,10,36242,0,0,0,0,0
2020-04-24,US,Kentucky,Woodford,19,0,0,38.04178222,-84.7417556,21239.0,19,19,0,0,19,19,26533,0,0,0,0,0
2020-04-24,US,Louisiana,Acadia,129,7,0,30.295064899999996,-92.41419698,22001.0,122,117,7,0,110,117,62190,12,0,0,12,0
2020-04-24,US,Louisiana,Allen,81,9,0,30.65385745,-92.82442028,22003.0,72,81,9,0,72,80,25605,0,0,0,0,1
2020-04-24,US,Louisiana,Ascension,551,34,0,30.20406249,-90.91328409999998,22005.0,517,536,33,0,503,533,124672,15,1,0,14,3
2020-04-24,US,Louisiana,Assumption,166,2,0,29.89946234,-91.06461642,22007.0,164,158,2,0,156,154,22300,8,0,0,8,4
2020-04-24,US,Louisiana,Avoyelles,69,7,0,31.07796211,-92.00079449,22009.0,62,71,7,0,64,71,40462,-2,0,0,-2,0
2020-04-24,US,Louisiana,Beauregard,35,2,0,30.64836518,-93.34173616,22011.0,33,35,2,0,33,36,37253,0,0,0,0,-1
2020-04-24,US,Louisiana,Bienville,69,13,0,32.34569994,-93.05398492,22013.0,56,69,12,0,57,69,13308,0,1,0,-1,0
2020-04-24,US,Louisiana,Bossier,258,12,0,32.67932307,-93.60460152,22015.0,246,255,12,0,243,246,127185,3,0,0,3,9
2020-04-24,US,Louisiana,Caddo,1407,85,0,32.57991587,-93.88375652,22017.0,1322,1389,85,0,1304,1332,242922,18,0,0,18,57
2020-04-24,US,Louisiana,Calcasieu,356,26,0,30.22931235,-93.35400434,22019.0,330,352,24,0,328,341,203112,4,2,0,2,11
2020-04-24,US,Louisiana,Caldwell,17,0,0,32.0902519,-92.11752148,22021.0,17,17,0,0,17,15,9960,0,0,0,0,2
2020-04-24,US,Louisiana,Cameron,3,0,0,29.87592238,-93.19310676,22023.0,3,3,0,0,3,3,6968,0,0,0,0,0
2020-04-24,US,Louisiana,Catahoula,25,2,0,31.66778967,-91.84526385,22025.0,23,24,2,0,22,24,9608,1,0,0,1,0
2020-04-24,US,Louisiana,Claiborne,52,5,0,32.82308512,-92.99526883,22027.0,47,50,5,0,45,50,15944,2,0,0,2,0
2020-04-24,US,Louisiana,Concordia,28,3,0,31.44817835,-91.63814433,22029.0,25,27,2,0,25,27,19572,1,1,0,0,0
2020-04-24,US,Louisiana,De Soto,180,10,0,32.05457447,-93.74130302,22031.0,170,176,10,0,166,171,27436,4,0,0,4,5
2020-04-24,US,Louisiana,East Baton Rouge,1697,109,0,30.53842039,-91.09777565,22033.0,1588,1636,100,0,1536,1603,440956,61,9,0,52,33
2020-04-24,US,Louisiana,East Carroll,6,0,0,32.73926954,-91.23425694,22035.0,6,5,0,0,5,5,7037,1,0,0,1,0
2020-04-24,US,Louisiana,East Feliciana,105,10,0,30.84425359,-91.04976723,22037.0,95,106,10,0,96,102,19305,-1,0,0,-1,4
2020-04-24,US,Louisiana,Evangeline,44,0,0,30.72985248,-92.39915924,22039.0,44,44,0,0,44,44,33443,0,0,0,0,0
2020-04-24,US,Louisiana,Franklin,108,2,0,32.13675181,-91.67589857,22041.0,106,108,2,0,106,95,20156,0,0,0,0,13
2020-04-24,US,Louisiana,Grant,11,0,0,31.59882456,-92.56124347,22043.0,11,11,0,0,11,12,22482,0,0,0,0,-1
2020-04-24,US,Louisiana,Iberia,231,13,0,29.86803617,-91.75871777,22045.0,218,228,12,0,216,217,70941,3,1,0,2,11
2020-04-24,US,Louisiana,Iberville,339,25,0,30.25734305,-91.3499598,22047.0,314,299,23,0,276,297,32721,40,2,0,38,2
2020-04-24,US,Louisiana,Jackson,22,0,0,32.30251776,-92.55692092,22049.0,22,21,0,0,21,16,15902,1,0,0,1,5
2020-04-24,US,Louisiana,Jefferson,5985,323,0,29.74075478,-90.11115756,22051.0,5662,5929,306,0,5623,5860,434051,56,17,0,39,69
2020-04-24,US,Louisiana,Jefferson Davis,57,5,0,30.26896765,-92.81210004,22053.0,52,57,5,0,52,57,31582,0,0,0,0,0
2020-04-24,US,Louisiana,LaSalle,17,0,0,31.67884782,-92.15907765,22059.0,17,15,0,0,15,15,14917,2,0,0,2,0
2020-04-24,US,Louisiana,Lafayette,440,17,0,30.2049055,-92.06959876,22055.0,423,439,17,0,422,435,242782,1,0,0,1,4
2020-04-24,US,Louisiana,Lafourche,607,35,0,29.52470226,-90.40976986,22057.0,572,603,32,0,571,583,98115,4,3,0,1,20
2020-04-24,US,Louisiana,Lincoln,64,4,0,32.6003154,-92.66597409999999,22061.0,60,62,3,0,59,58,47196,2,1,0,1,4
2020-04-24,US,Louisiana,Livingston,172,11,0,30.44143993,-90.73061664,22063.0,161,165,11,0,154,161,139567,7,0,0,7,4
2020-04-24,US,Louisiana,Madison,5,0,0,32.36918118,-91.23973355,22065.0,5,5,0,0,5,5,11161,0,0,0,0,0
2020-04-24,US,Louisiana,Morehouse,46,4,0,32.81686191,-91.80421614,22067.0,42,45,4,0,41,41,25398,1,0,0,1,4
2020-04-24,US,Louisiana,Natchitoches,65,2,0,31.72321584,-93.09816516,22069.0,63,62,1,0,61,62,38659,3,1,0,2,0
2020-04-24,US,Louisiana,Orleans,6286,392,0,30.06971951,-89.92660315,22071.0,5894,6263,387,0,5876,6209,391006,23,5,0,18,54
2020-04-24,US,Louisiana,Ouachita,598,16,0,32.47645559,-92.15704172,22073.0,582,579,16,0,563,552,154475,19,0,0,19,27
2020-04-24,US,Louisiana,Plaquemines,166,16,0,29.42245447,-89.60322085,22075.0,150,165,16,0,149,164,23410,1,0,0,1,1
2020-04-24,US,Louisiana,Pointe Coupee,88,10,0,30.71409502,-91.60209535,22077.0,78,86,11,0,75,84,21940,2,-1,0,3,2
2020-04-24,US,Louisiana,Rapides,228,8,0,31.19778499,-92.52997303,22079.0,220,220,8,0,212,217,130562,8,0,0,8,3
2020-04-24,US,Louisiana,Red River,22,4,0,32.09530039,-93.34213308,22081.0,18,22,4,0,18,22,8477,0,0,0,0,0
2020-04-24,US,Louisiana,Richland,47,0,0,32.41391005,-91.76634876,22083.0,47,45,0,0,45,42,20192,2,0,0,2,3
2020-04-24,US,Louisiana,Sabine,13,0,0,31.56388699,-93.55433981,22085.0,13,13,0,0,13,14,24032,0,0,0,0,-1
2020-04-24,US,Louisiana,St. Bernard,440,15,0,29.87761636,-89.51887093,22087.0,425,435,15,0,420,430,46721,5,0,0,5,5
2020-04-24,US,Louisiana,St. Charles,536,34,0,29.90709658,-90.35555967,22089.0,502,529,33,0,496,522,52879,7,1,0,6,7
2020-04-24,US,Louisiana,St. Helena,23,1,0,30.82210324,-90.71013176,22091.0,22,23,1,0,22,22,10262,0,0,0,0,1
2020-04-24,US,Louisiana,St. James,237,19,0,30.02531716,-90.80212061,22093.0,218,235,17,0,218,231,21037,2,2,0,0,4
2020-04-24,US,Louisiana,St. John the Baptist,736,63,0,30.12597499,-90.4753503,22095.0,673,721,59,0,662,704,43184,15,4,0,11,17
2020-04-24,US,Louisiana,St. Landry,157,34,0,30.59724262,-92.00135806,22097.0,123,154,31,0,123,140,82764,3,3,0,0,14
2020-04-24,US,Louisiana,St. Martin,218,14,0,30.13112107,-91.61403569,22099.0,204,210,13,0,197,202,53621,8,1,0,7,8
2020-04-24,US,Louisiana,St. Mary,171,18,0,29.69262097,-91.44702164,22101.0,153,168,18,0,150,162,49774,3,0,0,3,6
2020-04-24,US,Louisiana,St. Tammany,1131,91,0,30.40942847,-89.95642711,22103.0,1040,1111,89,0,1022,1079,258111,20,2,0,18,32
2020-04-24,US,Louisiana,Tangipahoa,508,21,0,30.62888673,-90.40664996,22105.0,487,501,18,0,483,494,133777,7,3,0,4,7
2020-04-24,US,Louisiana,Tensas,1,0,0,32.00760749,-91.32915234,22107.0,1,1,0,0,1,1,4462,0,0,0,0,0
2020-04-24,US,Louisiana,Terrebonne,363,25,0,29.37343766,-90.82626855,22109.0,338,357,25,0,332,350,111021,6,0,0,6,7
2020-04-24,US,Louisiana,Unassigned,63,59,0,0.0,0.0,90022.0,4,62,59,0,3,60,,1,0,0,1,2
2020-04-24,US,Louisiana,Union,95,6,0,32.83121059,-92.3749373,22111.0,89,89,6,0,83,85,22330,6,0,0,6,4
2020-04-24,US,Louisiana,Vermilion,33,1,0,29.83517605,-92.30292538,22113.0,32,33,1,0,32,33,59830,0,0,0,0,0
2020-04-24,US,Louisiana,Vernon,15,1,0,31.10884837,-93.18153838,22115.0,14,14,1,0,13,14,48860,1,0,0,1,0
2020-04-24,US,Louisiana,Washington,232,14,0,30.85288548,-90.03866652,22117.0,218,225,13,0,212,214,46582,7,1,0,6,11
2020-04-24,US,Louisiana,Webster,80,4,0,32.70847669,-93.33121835,22119.0,76,81,4,0,77,79,38798,-1,0,0,-1,2
2020-04-24,US,Louisiana,West Baton Rouge,93,13,0,30.46058217,-91.30989571,22121.0,80,90,12,0,78,90,26427,3,1,0,2,0
2020-04-24,US,Louisiana,West Carroll,4,0,0,32.78550125,-91.461201,22123.0,4,4,0,0,4,4,10982,0,0,0,0,0
2020-04-24,US,Louisiana,West Feliciana,89,2,0,30.87882871,-91.41485379999999,22125.0,87,84,2,0,82,82,15460,5,0,0,5,2
2020-04-24,US,Louisiana,Winn,20,2,0,31.94449367,-92.63789413,22127.0,18,19,2,0,17,19,14134,1,0,0,1,0
2020-04-24,US,Maine,Androscoggin,38,1,0,44.1664747,-70.20380627,23001.0,37,37,1,0,36,36,107679,1,0,0,1,1
2020-04-24,US,Maine,Aroostook,4,0,0,46.65926321,-68.59841248,23003.0,4,3,0,0,3,2,67111,1,0,0,1,1
2020-04-24,US,Maine,Cumberland,426,24,0,43.8370751,-70.37226999,23005.0,402,414,23,0,391,395,293557,12,1,0,11,19
2020-04-24,US,Maine,Franklin,26,0,0,44.97330019,-70.44381045,23007.0,26,14,0,0,14,14,29897,12,0,0,12,0
2020-04-24,US,Maine,Hancock,8,0,0,44.59816444,-68.38401854,23009.0,8,8,0,0,8,7,54811,0,0,0,0,1
2020-04-24,US,Maine,Kennebec,100,5,0,44.40759555,-69.76738544,23011.0,95,100,4,0,96,99,122083,0,1,0,-1,1
2020-04-24,US,Maine,Knox,13,0,0,44.11486325,-69.10529169,23013.0,13,13,0,0,13,13,39771,0,0,0,0,0
2020-04-24,US,Maine,Lincoln,12,0,0,44.05996956,-69.54227124,23015.0,12,12,0,0,12,12,34342,0,0,0,0,0
2020-04-24,US,Maine,Oxford,14,0,0,44.49952995,-70.75682123,23017.0,14,14,0,0,14,14,57618,0,0,0,0,0
2020-04-24,US,Maine,Penobscot,50,0,0,45.40194593,-68.65020455,23019.0,50,49,0,0,49,47,151096,1,0,0,1,2
2020-04-24,US,Maine,Piscataquis,1,0,0,45.83839062,-69.2860223,23021.0,1,1,0,0,1,1,16800,0,0,0,0,0
2020-04-24,US,Maine,Sagadahoc,17,0,0,43.95415864,-69.85074999,23023.0,17,17,0,0,17,17,35634,0,0,0,0,0
2020-04-24,US,Maine,Somerset,16,0,0,45.51229767,-69.95995554,23025.0,16,16,0,0,16,16,50592,0,0,0,0,0
2020-04-24,US,Maine,Waldo,47,10,0,44.4858305,-69.12061935,23027.0,37,47,10,0,37,45,39694,0,0,0,0,2
2020-04-24,US,Maine,Washington,2,0,0,45.01607142,-67.62813524,23029.0,2,2,0,0,2,2,31490,0,0,0,0,0
2020-04-24,US,Maine,York,191,7,0,43.47808377,-70.71052375,23031.0,184,190,6,0,184,185,206229,1,1,0,0,5
2020-04-24,US,Maryland,Allegany,90,3,0,39.62357628,-78.69280486,24001.0,87,77,3,0,74,58,70975,13,0,0,13,19
2020-04-24,US,Maryland,Anne Arundel,1373,63,0,39.00670238,-76.60329337,24003.0,1310,1294,61,0,1233,1190,576031,79,2,0,77,104
2020-04-24,US,Maryland,Baltimore,2234,74,0,39.45784712,-76.62911955,24005.0,2160,2132,71,0,2061,2012,828431,102,3,0,99,120
2020-04-24,US,Maryland,Baltimore City,1728,71,0,39.30211911,-76.61151012,24510.0,1657,1672,66,0,1606,1602,621342,56,5,0,51,70
2020-04-24,US,Maryland,Calvert,125,6,0,38.53961642,-76.56820632,24009.0,119,121,6,0,115,118,92003,4,0,0,4,3
2020-04-24,US,Maryland,Caroline,55,0,0,38.87172293,-75.82904158,24011.0,55,50,0,0,50,41,33304,5,0,0,5,9
2020-04-24,US,Maryland,Carroll,372,34,0,39.56453592,-77.02373735,24013.0,338,355,34,0,321,344,168429,17,0,0,17,11
2020-04-24,US,Maryland,Cecil,144,5,0,39.56647682,-75.94627411,24015.0,139,140,5,0,135,134,102826,4,0,0,4,6
2020-04-24,US,Maryland,Charles,459,34,0,38.51092331,-76.98580666,24017.0,425,442,32,0,410,427,161503,17,2,0,15,15
2020-04-24,US,Maryland,Dorchester,32,2,0,38.45413522,-76.02752426,24019.0,30,31,2,0,29,28,31998,1,0,0,1,3
2020-04-24,US,Maryland,Frederick,765,41,0,39.47296601,-77.39999394,24021.0,724,690,36,0,654,658,255648,75,5,0,70,32
2020-04-24,US,Maryland,Garrett,4,0,0,39.52786077,-79.27355126,24023.0,4,4,0,0,4,4,29163,0,0,0,0,0
2020-04-24,US,Maryland,Harford,289,9,0,39.55010644,-76.30775940000002,24025.0,280,280,8,0,272,267,253956,9,1,0,8,13
2020-04-24,US,Maryland,Howard,642,15,0,39.25305293,-76.93126208,24027.0,627,618,15,0,603,592,323196,24,0,0,24,26
2020-04-24,US,Maryland,Kent,67,2,0,39.24976208,-76.04741541,24029.0,65,64,1,0,63,36,19383,3,1,0,2,28
2020-04-24,US,Maryland,Montgomery,3227,154,0,39.13676329,-77.20358245,24031.0,3073,3060,139,0,2921,2868,1052567,167,15,0,152,192
2020-04-24,US,Maryland,Prince George's,4403,158,0,38.83070039,-76.8496441,24033.0,4245,4141,150,0,3991,3875,909308,262,8,0,254,266
2020-04-24,US,Maryland,Queen Anne's,43,3,0,39.06198912,-76.03530977,24035.0,40,33,2,0,31,31,50251,10,1,0,9,2
2020-04-24,US,Maryland,Somerset,13,0,0,38.1163542,-75.75118623,24039.0,13,12,0,0,12,11,25675,1,0,0,1,1
2020-04-24,US,Maryland,St. Mary's,119,6,0,38.30058422,-76.60629279999998,24037.0,113,115,4,0,111,112,112664,4,2,0,2,3
2020-04-24,US,Maryland,Talbot,23,1,0,38.76618159,-76.10882561,24041.0,22,25,1,0,24,23,36968,-2,0,0,-2,2
2020-04-24,US,Maryland,Unassigned,0,111,0,0.0,0.0,90024.0,-111,0,106,0,-106,0,,0,5,0,-5,0
2020-04-24,US,Maryland,Washington,143,3,0,39.60835778,-77.82002295,24043.0,140,139,3,0,136,127,150926,4,0,0,4,12
2020-04-24,US,Maryland,Wicomico,222,3,0,38.37301947,-75.62705831,24045.0,219,203,3,0,200,183,103195,19,0,0,19,20
2020-04-24,US,Maryland,Worcester,44,0,0,38.21274277,-75.33200012,24047.0,44,39,0,0,39,34,51823,5,0,0,5,5
2020-04-24,US,Massachusetts,Barnstable,747,22,0,41.72980578,-70.28854339,25001.0,725,708,22,0,686,678,213413,39,0,0,39,30
2020-04-24,US,Massachusetts,Berkshire,425,29,0,42.37428441,-73.20524838,25003.0,396,418,29,0,389,404,126348,7,0,0,7,14
2020-04-24,US,Massachusetts,Bristol,2697,96,0,41.79228404,-71.10872211,25005.0,2601,2181,96,0,2085,1908,564022,516,0,0,516,273
2020-04-24,US,Massachusetts,Dukes and Nantucket,24,1,0,41.40674725,-70.68763497,0.0,23,23,1,0,22,23,26707,1,0,0,1,0
2020-04-24,US,Massachusetts,Essex,6841,245,0,42.6687626,-70.94687179,25009.0,6596,6219,245,0,5974,5783,790638,622,0,0,622,436
2020-04-24,US,Massachusetts,Franklin,217,29,0,42.58119713,-72.58602547,25011.0,188,203,29,0,174,196,70963,14,0,0,14,7
2020-04-24,US,Massachusetts,Hampden,3060,244,0,42.13440424,-72.63235561,25013.0,2816,2836,244,0,2592,2678,470406,224,0,0,224,158
2020-04-24,US,Massachusetts,Hampshire,396,10,0,42.33997957,-72.65898478,25015.0,386,367,10,0,357,345,161355,29,0,0,29,22
2020-04-24,US,Massachusetts,Middlesex,11681,428,0,42.48607732,-71.39049229,25017.0,11253,10724,428,0,10296,10094,1614714,957,0,0,957,630
2020-04-24,US,Massachusetts,Norfolk,4979,290,0,42.16073095,-71.20530408,25021.0,4689,4541,290,0,4251,4212,705388,438,0,0,438,329
2020-04-24,US,Massachusetts,Plymouth,4160,141,0,41.94070556,-70.80802823,25023.0,4019,3529,141,0,3388,3253,518132,631,0,0,631,276
2020-04-24,US,Massachusetts,Suffolk,10724,285,0,42.327951399999996,-71.07850442,25025.0,10439,9739,285,0,9454,9060,807252,985,0,0,985,679
2020-04-24,US,Massachusetts,Unassigned,791,603,0,0.0,0.0,90025.0,188,737,407,0,330,854,,54,196,0,-142,-117
2020-04-24,US,Massachusetts,Worcester,4227,133,0,42.35026951,-71.90493363,25027.0,4094,3798,133,0,3665,3456,830839,429,0,0,429,342
2020-04-24,US,Michigan,Alcona,4,0,0,44.6846864,-83.59507875,26001.0,4,4,0,0,4,4,10362,0,0,0,0,0
2020-04-24,US,Michigan,Allegan,60,1,0,42.59147037,-85.89102866,26005.0,59,56,0,0,56,50,117327,4,1,0,3,6
2020-04-24,US,Michigan,Alpena,60,2,0,45.03477666,-83.62212411,26007.0,58,47,1,0,46,38,28360,13,1,0,12,9
2020-04-24,US,Michigan,Antrim,9,0,0,44.99690221,-85.15503082,26009.0,9,9,0,0,9,9,23365,0,0,0,0,0
2020-04-24,US,Michigan,Arenac,16,1,0,44.0636262,-83.89277559,26011.0,15,15,1,0,14,13,15041,1,0,0,1,2
2020-04-24,US,Michigan,Barry,29,1,0,42.59513984,-85.30834519,26015.0,28,28,1,0,27,28,61157,1,0,0,1,0
2020-04-24,US,Michigan,Bay,107,2,0,43.70639106,-83.98731479,26017.0,105,102,2,0,100,93,103923,5,0,0,5,9
2020-04-24,US,Michigan,Benzie,4,0,0,44.63899297,-86.01608482,26019.0,4,4,0,0,4,4,17753,0,0,0,0,0
2020-04-24,US,Michigan,Berrien,210,11,0,41.95447397,-86.41313079999998,26021.0,199,189,11,0,178,177,154141,21,0,0,21,12
2020-04-24,US,Michigan,Branch,46,2,0,41.91600556,-85.05929476,26023.0,44,44,2,0,42,42,43622,2,0,0,2,2
2020-04-24,US,Michigan,Calhoun,190,10,0,42.24633834,-85.00493569,26025.0,180,177,6,0,171,168,134487,13,4,0,9,9
2020-04-24,US,Michigan,Cass,25,2,0,41.91522292,-85.99405727,26027.0,23,23,2,0,21,23,51653,2,0,0,2,0
2020-04-24,US,Michigan,Charlevoix,13,1,0,45.37790017,-85.19614053,26029.0,12,13,1,0,12,12,26244,0,0,0,0,1
2020-04-24,US,Michigan,Cheboygan,15,1,0,45.44787015,-84.50122149,26031.0,14,14,1,0,13,14,25413,1,0,0,1,0
2020-04-24,US,Michigan,Chippewa,2,0,0,46.29552653,-84.54353449,26033.0,2,1,0,0,1,1,37517,1,0,0,1,0
2020-04-24,US,Michigan,Clare,10,1,0,43.98794227,-84.84819859999998,26035.0,9,10,1,0,9,10,30757,0,0,0,0,0
2020-04-24,US,Michigan,Clinton,106,9,0,42.94400871,-84.60145248,26037.0,97,105,8,0,97,106,79332,1,1,0,0,-1
2020-04-24,US,Michigan,Crawford,46,3,0,44.68255561,-84.61006219,26039.0,43,43,2,0,41,32,13901,3,1,0,2,11
2020-04-24,US,Michigan,Delta,12,2,0,45.90484910000001,-86.9080745,26041.0,10,12,2,0,10,12,35857,0,0,0,0,0
2020-04-24,US,Michigan,Dickinson,3,2,0,46.00999672,-87.86961634,26043.0,1,3,2,0,1,3,25383,0,0,0,0,0
2020-04-24,US,Michigan,Eaton,114,5,0,42.59599185,-84.83740035,26045.0,109,111,5,0,106,104,109826,3,0,0,3,7
2020-04-24,US,Michigan,Emmet,21,2,0,45.52625509,-84.89083249,26047.0,19,21,2,0,19,22,33308,0,0,0,0,-1
2020-04-24,US,Michigan,Federal Correctional Institution (FCI),68,0,0,0.0,0.0,0.0,68,66,0,0,66,57,,2,0,0,2,9
2020-04-24,US,Michigan,Genesee,1434,151,0,43.02244215,-83.70589709,26049.0,1283,1387,144,0,1243,1362,406892,47,7,0,40,25
2020-04-24,US,Michigan,Gladwin,10,1,0,43.98901072,-84.38774817,26051.0,9,10,1,0,9,10,25337,0,0,0,0,0
2020-04-24,US,Michigan,Gogebic,4,1,0,46.40862701,-89.69377193,26053.0,3,4,1,0,3,4,15096,0,0,0,0,0
2020-04-24,US,Michigan,Grand Traverse,19,5,0,44.69565625,-85.55585247,26055.0,14,19,5,0,14,19,92573,0,0,0,0,0
2020-04-24,US,Michigan,Gratiot,8,1,0,43.29265605,-84.60505416,26057.0,7,8,1,0,7,8,40599,0,0,0,0,0
2020-04-24,US,Michigan,Hillsdale,109,12,0,41.88753639,-84.59312019,26059.0,97,98,12,0,86,97,45749,11,0,0,11,1
2020-04-24,US,Michigan,Houghton,2,0,0,46.89988536,-88.68495385,26061.0,2,2,0,0,2,2,36219,0,0,0,0,0
2020-04-24,US,Michigan,Huron,10,0,0,43.83353985,-83.04078453,26063.0,10,10,0,0,10,9,31166,0,0,0,0,1
2020-04-24,US,Michigan,Ingham,391,9,0,42.59716886,-84.37472069,26065.0,382,370,9,0,361,350,292735,21,0,0,21,20
2020-04-24,US,Michigan,Ionia,37,2,0,42.94502238,-85.07413319,26067.0,35,32,2,0,30,27,64210,5,0,0,5,5
2020-04-24,US,Michigan,Iosco,29,4,0,44.35486835,-83.63484895,26069.0,25,21,3,0,18,15,25081,8,1,0,7,6
2020-04-24,US,Michigan,Isabella,55,7,0,43.64060976,-84.84664923,26073.0,48,54,7,0,47,54,70562,1,0,0,1,0
2020-04-24,US,Michigan,Jackson,313,15,0,42.24807035,-84.42258681,26075.0,298,298,14,0,284,289,158823,15,1,0,14,9
2020-04-24,US,Michigan,Kalamazoo,266,11,0,42.24542231,-85.53038622,26077.0,255,229,11,0,218,212,264870,37,0,0,37,17
2020-04-24,US,Michigan,Kalkaska,17,2,0,44.68512729,-85.09085699,26079.0,15,17,2,0,15,17,17824,0,0,0,0,0
2020-04-24,US,Michigan,Kent,906,29,0,43.03197711,-85.54934642,26081.0,877,815,27,0,788,757,653786,91,2,0,89,58
2020-04-24,US,Michigan,Lake,2,0,0,43.99050893,-85.802173,26085.0,2,2,0,0,2,2,11881,0,0,0,0,0
2020-04-24,US,Michigan,Lapeer,163,23,0,43.09052506,-83.22153148,26087.0,140,159,23,0,136,154,88028,4,0,0,4,5
2020-04-24,US,Michigan,Leelanau,8,0,0,44.94430054,-85.80150326,26089.0,8,8,0,0,8,8,21764,0,0,0,0,0
2020-04-24,US,Michigan,Lenawee,80,0,0,41.89475156,-84.06603727,26091.0,80,80,0,0,80,77,98266,0,0,0,0,3
2020-04-24,US,Michigan,Livingston,312,11,0,42.60302282,-83.91297209,26093.0,301,312,11,0,301,308,191224,0,0,0,0,4
2020-04-24,US,Michigan,Luce,1,0,0,46.47227431,-85.54471223,26095.0,1,1,0,0,1,1,6283,0,0,0,0,0
2020-04-24,US,Michigan,Mackinac,5,0,0,46.07028979,-85.04980537,26097.0,5,5,0,0,5,5,10787,0,0,0,0,0
2020-04-24,US,Michigan,Macomb,5022,504,0,42.69158356,-82.92752801,26099.0,4518,4862,493,0,4369,4628,874759,160,11,0,149,234
2020-04-24,US,Michigan,Manistee,12,0,0,44.33352407,-86.05626916,26101.0,12,12,0,0,12,11,24528,0,0,0,0,1
2020-04-24,US,Michigan,Marquette,39,6,0,46.4338914,-87.64043701,26103.0,33,35,6,0,29,35,66516,4,0,0,4,0
2020-04-24,US,Michigan,Mason,5,0,0,43.99509218,-86.24988902,26105.0,5,5,0,0,5,5,29100,0,0,0,0,0
2020-04-24,US,Michigan,Mecosta,14,1,0,43.64064262,-85.32463223,26107.0,13,13,1,0,12,13,43545,1,0,0,1,0
2020-04-24,US,Michigan,Menominee,2,0,0,45.58038692,-87.55370409,26109.0,2,2,0,0,2,1,22983,0,0,0,0,1
2020-04-24,US,Michigan,Michigan Department of Corrections (MDOC),973,28,0,0.0,0.0,0.0,945,759,28,0,731,655,,214,0,0,214,104
2020-04-24,US,Michigan,Midland,50,3,0,43.64330771,-84.38804374,26111.0,47,51,3,0,48,47,83209,-1,0,0,-1,4
2020-04-24,US,Michigan,Missaukee,14,1,0,44.33772443,-85.09256478,26113.0,13,12,1,0,11,12,15113,2,0,0,2,0
2020-04-24,US,Michigan,Monroe,262,11,0,41.92734151,-83.53749864,26115.0,251,255,10,0,245,247,150439,7,1,0,6,8
2020-04-24,US,Michigan,Montcalm,28,1,0,43.31082541,-85.15252824,26117.0,27,28,1,0,27,26,63968,0,0,0,0,2
2020-04-24,US,Michigan,Montmorency,6,0,0,45.0275929,-84.12696227,26119.0,6,5,0,0,5,6,9265,1,0,0,1,-1
2020-04-24,US,Michigan,Muskegon,204,13,0,43.29123859,-86.15176712,26121.0,191,191,12,0,179,173,173588,13,1,0,12,18
2020-04-24,US,Michigan,Newaygo,13,0,0,43.554373999999996,-85.80070107,26123.0,13,12,0,0,12,12,48892,1,0,0,1,0
2020-04-24,US,Michigan,Oakland,6804,585,0,42.66090111,-83.38595416,26125.0,6219,6634,567,0,6067,6463,1259201,170,18,0,152,171
2020-04-24,US,Michigan,Oceana,4,1,0,43.64124435,-86.26726673,26127.0,3,4,1,0,3,4,26625,0,0,0,0,0
2020-04-24,US,Michigan,Ogemaw,8,0,0,44.33481032,-84.12725175,26129.0,8,8,0,0,8,6,20952,0,0,0,0,2
2020-04-24,US,Michigan,Osceola,8,0,0,43.98992088,-85.32566756,26133.0,8,8,0,0,8,8,23341,0,0,0,0,0
2020-04-24,US,Michigan,Oscoda,4,0,0,44.68192279,-84.12939244,26135.0,4,4,0,0,4,4,8276,0,0,0,0,0
2020-04-24,US,Michigan,Otsego,84,7,0,45.02085831,-84.59898295,26137.0,77,83,6,0,77,78,24665,1,1,0,0,5
2020-04-24,US,Michigan,Ottawa,167,8,0,42.95996803,-85.9969107,26139.0,159,161,7,0,154,149,290494,6,1,0,5,12
2020-04-24,US,Michigan,Out of MI,14,1,0,0.0,0.0,80026.0,13,39,0,0,39,37,,-25,1,0,-26,2
2020-04-24,US,Michigan,Presque Isle,9,0,0,45.34018577,-83.91498656,26141.0,9,8,0,0,8,6,12738,1,0,0,1,2
2020-04-24,US,Michigan,Roscommon,12,0,0,44.33473082,-84.61067651,26143.0,12,11,0,0,11,11,23884,1,0,0,1,0
2020-04-24,US,Michigan,Saginaw,534,40,0,43.33433923,-84.05131209999998,26145.0,494,507,38,0,469,474,190800,27,2,0,25,33
2020-04-24,US,Michigan,Sanilac,34,4,0,43.42406072,-82.82055898,26151.0,30,34,4,0,30,32,41182,0,0,0,0,2
2020-04-24,US,Michigan,Schoolcraft,3,0,0,46.19235734,-86.19972234,26153.0,3,3,0,0,3,3,8068,0,0,0,0,0
2020-04-24,US,Michigan,Shiawassee,130,6,0,42.95392800000001,-84.14585902,26155.0,124,125,6,0,119,123,68192,5,0,0,5,2
2020-04-24,US,Michigan,St. Clair,294,16,0,42.92655373,-82.67937954,26147.0,278,284,16,0,268,271,159337,10,0,0,10,13
2020-04-24,US,Michigan,St. Joseph,27,1,0,41.91441767,-85.52797979,26149.0,26,27,1,0,26,27,61043,0,0,0,0,0
2020-04-24,US,Michigan,Tuscola,78,12,0,43.46606813,-83.41897025,26157.0,66,76,12,0,64,71,52516,2,0,0,2,5
2020-04-24,US,Michigan,Unassigned,9,1,0,0.0,0.0,90026.0,8,4,0,0,4,3,,5,1,0,4,1
2020-04-24,US,Michigan,Van Buren,34,2,0,42.25190229,-86.01939087,26159.0,32,35,2,0,33,36,75448,-1,0,0,-1,-1
2020-04-24,US,Michigan,Washtenaw,974,47,0,42.253105,-83.83853204,26161.0,927,960,42,0,918,912,370963,14,5,0,9,48
2020-04-24,US,Michigan,Wayne,15407,1443,0,42.28098405,-83.281255,26163.0,13964,14994,1396,0,13598,14561,1753893,413,47,0,366,433
2020-04-24,US,Michigan,Wexford,8,1,0,44.33853602,-85.57712739,26165.0,7,7,1,0,6,7,33466,1,0,0,1,0
2020-04-24,US,Minnesota,Aitkin,1,0,0,46.60962049,-93.41168259999999,27001.0,1,1,0,0,1,1,15902,0,0,0,0,0
2020-04-24,US,Minnesota,Anoka,142,3,0,45.27476015,-93.24604565,27003.0,139,131,2,0,129,105,353813,11,1,0,10,26
2020-04-24,US,Minnesota,Becker,2,0,0,46.93479392,-95.67158144,27005.0,2,2,0,0,2,2,34371,0,0,0,0,0
2020-04-24,US,Minnesota,Beltrami,6,0,0,47.97373527,-94.93732139,27007.0,6,6,0,0,6,6,46847,0,0,0,0,0
2020-04-24,US,Minnesota,Benton,4,0,0,45.69804958,-93.99514135,27009.0,4,4,0,0,4,4,40545,0,0,0,0,0
2020-04-24,US,Minnesota,Big Stone,1,0,0,45.42712824,-96.41403739,27011.0,1,1,0,0,1,1,4989,0,0,0,0,0
2020-04-24,US,Minnesota,Blue Earth,27,0,0,44.03554215,-94.06699781,27013.0,27,26,0,0,26,26,67427,1,0,0,1,0
2020-04-24,US,Minnesota,Brown,8,1,0,44.24205652,-94.72562874,27015.0,7,8,1,0,7,8,25111,0,0,0,0,0
2020-04-24,US,Minnesota,Carlton,46,0,0,46.59180601,-92.67601019,27017.0,46,38,0,0,38,38,35837,8,0,0,8,0
2020-04-24,US,Minnesota,Carver,15,0,0,44.82017001,-93.80099179999999,27019.0,15,15,0,0,15,15,103551,0,0,0,0,0
2020-04-24,US,Minnesota,Cass,5,0,0,46.95043611,-94.32603968,27021.0,5,5,0,0,5,4,29519,0,0,0,0,1
2020-04-24,US,Minnesota,Chippewa,1,0,0,45.02343421,-95.56403693,27023.0,1,1,0,0,1,1,11924,0,0,0,0,0
2020-04-24,US,Minnesota,Chisago,7,1,0,45.5021011,-92.90861945,27025.0,6,7,1,0,6,7,55922,0,0,0,0,0
2020-04-24,US,Minnesota,Clay,100,4,0,46.89289518,-96.48761922,27027.0,96,84,4,0,80,79,63955,16,0,0,16,5
2020-04-24,US,Minnesota,Clearwater,2,0,0,47.57992111,-95.37790562,27029.0,2,2,0,0,2,3,8810,0,0,0,0,-1
2020-04-24,US,Minnesota,Cottonwood,6,0,0,44.00715262,-95.18138802,27033.0,6,6,0,0,6,6,11277,0,0,0,0,0
2020-04-24,US,Minnesota,Crow Wing,20,0,0,46.48096553,-94.06755609,27035.0,20,20,0,0,20,20,64889,0,0,0,0,0
2020-04-24,US,Minnesota,Dakota,136,6,0,44.67172617,-93.06299363,27037.0,130,131,6,0,125,130,425423,5,0,0,5,1
2020-04-24,US,Minnesota,Dodge,18,0,0,44.02238415,-92.86244324,27039.0,18,18,0,0,18,18,20822,0,0,0,0,0
2020-04-24,US,Minnesota,Douglas,2,0,0,45.93348491,-95.45335469,27041.0,2,2,0,0,2,2,37964,0,0,0,0,0
2020-04-24,US,Minnesota,Faribault,4,0,0,43.67381499,-93.94787458,27043.0,4,4,0,0,4,4,13758,0,0,0,0,0
2020-04-24,US,Minnesota,Fillmore,12,1,0,43.67394126,-92.08980382,27045.0,11,12,1,0,11,11,21058,0,0,0,0,1
2020-04-24,US,Minnesota,Freeborn,33,0,0,43.67385583,-93.34884422,27047.0,33,33,0,0,33,33,30444,0,0,0,0,0
2020-04-24,US,Minnesota,Goodhue,19,0,0,44.40849741,-92.72341949999999,27049.0,19,19,0,0,19,19,46403,0,0,0,0,0
2020-04-24,US,Minnesota,Hennepin,1200,138,0,45.00761521,-93.47694895,27053.0,1062,1132,123,0,1009,1073,1259428,68,15,0,53,59
2020-04-24,US,Minnesota,Houston,1,0,0,43.67129565,-91.49143057,27055.0,1,1,0,0,1,1,18578,0,0,0,0,0
2020-04-24,US,Minnesota,Isanti,6,0,0,45.56181234,-93.29487636,27059.0,6,6,0,0,6,6,39966,0,0,0,0,0
2020-04-24,US,Minnesota,Itasca,2,0,0,47.51009045,-93.63092229,27061.0,2,2,0,0,2,2,45108,0,0,0,0,0
2020-04-24,US,Minnesota,Jackson,6,0,0,43.67423373,-95.15398258,27063.0,6,5,0,0,5,3,9911,1,0,0,1,2
2020-04-24,US,Minnesota,Kandiyohi,12,0,0,45.1526059,-95.00586446,27067.0,12,4,0,0,4,3,42855,8,0,0,8,1
2020-04-24,US,Minnesota,Kittson,1,0,0,48.77754106,-96.78317184,27069.0,1,1,0,0,1,1,4248,0,0,0,0,0
2020-04-24,US,Minnesota,Koochiching,1,0,0,48.24539665,-93.78352843,27071.0,1,1,0,0,1,1,12440,0,0,0,0,0
2020-04-24,US,Minnesota,Lac qui Parle,1,0,0,44.9973857,-96.17488219,27073.0,1,1,0,0,1,1,6658,0,0,0,0,0
2020-04-24,US,Minnesota,Le Sueur,22,0,0,44.37136597,-93.72844721,27079.0,22,22,0,0,22,22,28494,0,0,0,0,0
2020-04-24,US,Minnesota,Lincoln,2,0,0,44.41311883,-96.26688165,27081.0,2,2,0,0,2,2,5673,0,0,0,0,0
2020-04-24,US,Minnesota,Lyon,6,0,0,44.41327865,-95.83806103,27083.0,6,6,0,0,6,6,25629,0,0,0,0,0
2020-04-24,US,Minnesota,Mahnomen,1,0,0,47.32557075,-95.80921485,27087.0,1,1,0,0,1,1,5519,0,0,0,0,0
2020-04-24,US,Minnesota,Marshall,1,0,0,48.35825983,-96.37017407,27089.0,1,1,0,0,1,1,9390,0,0,0,0,0
2020-04-24,US,Minnesota,Martin,41,4,0,43.67429718,-94.55099908,27091.0,37,41,4,0,37,41,19785,0,0,0,0,0
2020-04-24,US,Minnesota,McLeod,3,0,0,44.82367677,-94.27287017,27085.0,3,3,0,0,3,3,35873,0,0,0,0,0
2020-04-24,US,Minnesota,Meeker,3,0,0,45.12328869,-94.52839455,27093.0,3,3,0,0,3,3,23141,0,0,0,0,0
2020-04-24,US,Minnesota,Mille Lacs,1,1,0,45.93705297,-93.63236823,27095.0,0,1,1,0,0,1,26139,0,0,0,0,0
2020-04-24,US,Minnesota,Morrison,1,0,0,46.01265363,-94.27341528,27097.0,1,1,0,0,1,1,33169,0,0,0,0,0
2020-04-24,US,Minnesota,Mower,28,0,0,43.67142874,-92.75234549,27099.0,28,27,0,0,27,27,40011,1,0,0,1,0
2020-04-24,US,Minnesota,Murray,5,0,0,44.02216709,-95.76328482,27101.0,5,4,0,0,4,3,8276,1,0,0,1,1
2020-04-24,US,Minnesota,Nicollet,8,2,0,44.35291112,-94.24710352,27103.0,6,8,2,0,6,8,34220,0,0,0,0,0
2020-04-24,US,Minnesota,Nobles,258,1,0,43.67434621,-95.75329576,27105.0,257,196,1,0,195,126,21924,62,0,0,62,70
2020-04-24,US,Minnesota,Norman,7,0,0,47.32628443,-96.45620947,27107.0,7,6,0,0,6,6,6475,1,0,0,1,0
2020-04-24,US,Minnesota,Olmsted,219,6,0,44.00374114,-92.40209944,27109.0,213,213,5,0,208,204,156277,6,1,0,5,9
2020-04-24,US,Minnesota,Otter Tail,6,0,0,46.40846929,-95.70835255,27111.0,6,6,0,0,6,6,58812,0,0,0,0,0
2020-04-24,US,Minnesota,Pennington,1,0,0,48.06642577,-96.0370814,27113.0,1,1,0,0,1,1,14178,0,0,0,0,0
2020-04-24,US,Minnesota,Pine,43,0,0,46.12105238,-92.74070188,27115.0,43,26,0,0,26,15,29483,17,0,0,17,11
2020-04-24,US,Minnesota,Pipestone,2,0,0,44.02301619,-96.25841142,27117.0,2,2,0,0,2,2,9047,0,0,0,0,0
2020-04-24,US,Minnesota,Polk,19,0,0,47.77372465,-96.40134647,27119.0,19,19,0,0,19,17,31529,0,0,0,0,2
2020-04-24,US,Minnesota,Ramsey,247,18,0,45.01625271,-93.09872295,27123.0,229,235,14,0,221,219,550210,12,4,0,8,16
2020-04-24,US,Minnesota,Red Lake,1,0,0,47.87197525,-96.09561104,27125.0,1,1,0,0,1,1,3999,0,0,0,0,0
2020-04-24,US,Minnesota,Redwood,1,0,0,44.40555844,-95.25207021,27127.0,1,1,0,0,1,1,15249,0,0,0,0,0
2020-04-24,US,Minnesota,Renville,3,0,0,44.72836381,-94.94553734,27129.0,3,3,0,0,3,3,14612,0,0,0,0,0
2020-04-24,US,Minnesota,Rice,9,1,0,44.3543376,-93.29658715,27131.0,8,8,1,0,7,7,66523,1,0,0,1,1
2020-04-24,US,Minnesota,Rock,5,0,0,43.67482683,-96.25296832,27133.0,5,5,0,0,5,5,9414,0,0,0,0,0
2020-04-24,US,Minnesota,Roseau,1,0,0,48.77501878,-95.81079919,27135.0,1,1,0,0,1,1,15150,0,0,0,0,0
2020-04-24,US,Minnesota,Scott,30,1,0,44.6490231,-93.53340251,27139.0,29,29,1,0,28,28,147381,1,0,0,1,1
2020-04-24,US,Minnesota,Sherburne,15,0,0,45.44447208,-93.77617511,27141.0,15,15,0,0,15,13,96036,0,0,0,0,2
2020-04-24,US,Minnesota,Sibley,1,0,0,44.5796592,-94.23164924,27143.0,1,1,0,0,1,1,15028,0,0,0,0,0
2020-04-24,US,Minnesota,St. Louis,59,10,0,47.604840700000004,-92.46879855,27137.0,49,58,10,0,48,54,199754,1,0,0,1,4
2020-04-24,US,Minnesota,Stearns,33,0,0,45.55192576,-94.61078221,27145.0,33,25,0,0,25,20,159256,8,0,0,8,5
2020-04-24,US,Minnesota,Steele,11,0,0,44.02240351,-93.22627088,27147.0,11,10,0,0,10,10,36803,1,0,0,1,0
2020-04-24,US,Minnesota,Swift,1,0,0,45.2829032,-95.68264092,27151.0,1,1,0,0,1,1,9345,0,0,0,0,0
2020-04-24,US,Minnesota,Todd,3,0,0,46.06996226,-94.89785296,27153.0,3,3,0,0,3,3,24582,0,0,0,0,0
2020-04-24,US,Minnesota,Traverse,2,0,0,45.77298854,-96.47062949,27155.0,2,2,0,0,2,2,3308,0,0,0,0,0
2020-04-24,US,Minnesota,Unassigned,6,0,0,0.0,0.0,90027.0,6,3,0,0,3,4,,3,0,0,3,-1
2020-04-24,US,Minnesota,Wabasha,8,0,0,44.28424356,-92.23121312,27157.0,8,8,0,0,8,8,21645,0,0,0,0,0
2020-04-24,US,Minnesota,Waseca,3,0,0,44.02211116,-93.58720034,27161.0,3,3,0,0,3,3,18691,0,0,0,0,0
2020-04-24,US,Minnesota,Washington,107,7,0,45.03864533,-92.88429635,27163.0,100,100,7,0,93,100,259201,7,0,0,7,0
2020-04-24,US,Minnesota,Watonwan,5,0,0,43.97823903,-94.61413846,27165.0,5,4,0,0,4,4,10980,1,0,0,1,0
2020-04-24,US,Minnesota,Wilkin,11,2,0,46.35721532,-96.4684375,27167.0,9,11,2,0,9,10,6254,0,0,0,0,1
2020-04-24,US,Minnesota,Winona,64,13,0,43.98772283,-91.78081305,27169.0,51,62,13,0,49,61,50825,2,0,0,2,1
2020-04-24,US,Minnesota,Wright,32,1,0,45.17297924,-93.96234781,27171.0,31,32,1,0,31,30,136349,0,0,0,0,2
2020-04-24,US,Minnesota,Yellow Medicine,3,0,0,44.71710183,-95.86842453,27173.0,3,3,0,0,3,3,9795,0,0,0,0,0
2020-04-24,US,Mississippi,Adams,104,7,0,31.47669768,-91.35326037,28001.0,97,101,7,0,94,96,31192,3,0,0,3,5
2020-04-24,US,Mississippi,Alcorn,9,0,0,34.88084463,-88.57996173,28003.0,9,8,0,0,8,7,36925,1,0,0,1,1
2020-04-24,US,Mississippi,Amite,23,0,0,31.17467303,-90.80501621,28005.0,23,24,1,0,23,20,12326,-1,-1,0,0,4
2020-04-24,US,Mississippi,Attala,68,0,0,33.08658803,-89.57838564,28007.0,68,62,0,0,62,51,18365,6,0,0,6,11
2020-04-24,US,Mississippi,Benton,9,0,0,34.81681228,-89.18945516,28009.0,9,9,0,0,9,8,8271,0,0,0,0,1
2020-04-24,US,Mississippi,Bolivar,90,7,0,33.79696941,-90.87372121,28011.0,83,89,7,0,82,87,31333,1,0,0,1,2
2020-04-24,US,Mississippi,Calhoun,46,3,0,33.93683395,-89.33686647,28013.0,43,43,2,0,41,43,14436,3,1,0,2,0
2020-04-24,US,Mississippi,Carroll,15,1,0,33.44834567,-89.91994479,28015.0,14,15,1,0,14,15,9911,0,0,0,0,0
2020-04-24,US,Mississippi,Chickasaw,53,4,0,33.91983202,-88.9481545,28017.0,49,52,4,0,48,51,17171,1,0,0,1,1
2020-04-24,US,Mississippi,Choctaw,13,1,0,33.34598242,-89.24809382,28019.0,12,13,1,0,12,13,8278,0,0,0,0,0
2020-04-24,US,Mississippi,Claiborne,13,0,0,31.97061673,-90.90702196,28021.0,13,12,0,0,12,12,9002,1,0,0,1,0
2020-04-24,US,Mississippi,Clarke,43,3,0,32.04158545,-88.68896219999998,28023.0,40,37,3,0,34,36,15604,6,0,0,6,1
2020-04-24,US,Mississippi,Clay,29,2,0,33.65358105,-88.77784255,28025.0,27,28,2,0,26,27,19386,1,0,0,1,1
2020-04-24,US,Mississippi,Coahoma,54,2,0,34.22772299,-90.60415045,28027.0,52,53,2,0,51,53,22628,1,0,0,1,0
2020-04-24,US,Mississippi,Copiah,65,1,0,31.86977774,-90.44565118,28029.0,64,59,1,0,58,52,28543,6,0,0,6,7
2020-04-24,US,Mississippi,Covington,43,0,0,31.63225413,-89.55389939,28031.0,43,40,0,0,40,38,18853,3,0,0,3,2
2020-04-24,US,Mississippi,DeSoto,256,4,0,34.87625235,-89.99091418,28033.0,252,252,4,0,248,244,182001,4,0,0,4,8
2020-04-24,US,Mississippi,Forrest,174,7,0,31.18961454,-89.25832496,28035.0,167,164,6,0,158,158,75036,10,1,0,9,6
2020-04-24,US,Mississippi,Franklin,16,0,0,31.47786634,-90.89672989,28037.0,16,17,0,0,17,16,7788,-1,0,0,-1,1
2020-04-24,US,Mississippi,George,11,1,0,30.86259065,-88.64436789,28039.0,10,10,1,0,9,10,24250,1,0,0,1,0
2020-04-24,US,Mississippi,Greene,4,1,0,31.21444233,-88.63922281,28041.0,3,4,0,0,4,4,13586,0,1,0,-1,0
2020-04-24,US,Mississippi,Grenada,27,0,0,33.77036166,-89.80245083,28043.0,27,27,0,0,27,27,21055,0,0,0,0,0
2020-04-24,US,Mississippi,Hancock,56,5,0,30.41830223,-89.48851033,28045.0,51,55,5,0,50,54,47334,1,0,0,1,1
2020-04-24,US,Mississippi,Harrison,157,6,0,30.51359752,-89.12467576,28047.0,151,152,6,0,146,150,206650,5,0,0,5,2
2020-04-24,US,Mississippi,Hinds,401,6,0,32.2656285,-90.44435448,28049.0,395,383,6,0,377,377,237085,18,0,0,18,6
2020-04-24,US,Mississippi,Holmes,92,5,0,33.12345854,-90.08923538,28051.0,87,83,5,0,78,78,17622,9,0,0,9,5
2020-04-24,US,Mississippi,Humphreys,14,3,0,33.12825718,-90.52252707,28053.0,11,14,3,0,11,14,8257,0,0,0,0,0
2020-04-24,US,Mississippi,Itawamba,32,1,0,34.27993475,-88.3606733,28057.0,31,30,1,0,29,27,23517,2,0,0,2,3
2020-04-24,US,Mississippi,Jackson,235,6,0,30.54020656,-88.64184064,28059.0,229,228,6,0,222,221,143277,7,0,0,7,7
2020-04-24,US,Mississippi,Jasper,29,1,0,32.01922104,-89.11786866,28061.0,28,27,1,0,26,24,16428,2,0,0,2,3
2020-04-24,US,Mississippi,Jefferson,5,0,0,31.73397872,-91.03764977,28063.0,5,5,0,0,5,5,7106,0,0,0,0,0
2020-04-24,US,Mississippi,Jefferson Davis,19,1,0,31.56884708,-89.82670990000004,28065.0,18,13,1,0,12,12,11234,6,0,0,6,1
2020-04-24,US,Mississippi,Jones,104,0,0,31.62257767,-89.16896899999998,28067.0,104,94,0,0,94,88,68461,10,0,0,10,6
2020-04-24,US,Mississippi,Kemper,31,0,0,32.75462946,-88.64105766,28069.0,31,27,0,0,27,25,10027,4,0,0,4,2
2020-04-24,US,Mississippi,Lafayette,83,3,0,34.35687874,-89.48490961,28071.0,80,81,3,0,78,70,54793,2,0,0,2,11
2020-04-24,US,Mississippi,Lamar,82,2,0,31.20572971,-89.5077704,28073.0,80,79,2,0,77,79,62447,3,0,0,3,0
2020-04-24,US,Mississippi,Lauderdale,268,18,0,32.40419769,-88.66229662,28075.0,250,249,18,0,231,235,75317,19,0,0,19,14
2020-04-24,US,Mississippi,Lawrence,26,0,0,31.55147224,-90.10841127,28077.0,26,25,0,0,25,22,12455,1,0,0,1,3
2020-04-24,US,Mississippi,Leake,136,1,0,32.7536828,-89.52402044,28079.0,135,118,1,0,117,108,22763,18,0,0,18,10
2020-04-24,US,Mississippi,Lee,70,4,0,34.291877500000005,-88.68149954,28081.0,66,66,4,0,62,64,85202,4,0,0,4,2
2020-04-24,US,Mississippi,Leflore,124,14,0,33.55545125,-90.29900733,28083.0,110,119,13,0,106,113,28919,5,1,0,4,6
2020-04-24,US,Mississippi,Lincoln,132,7,0,31.53288662,-90.45391915,28085.0,125,125,7,0,118,121,34205,7,0,0,7,4
2020-04-24,US,Mississippi,Lowndes,38,2,0,33.47386518,-88.44191529999998,28087.0,36,36,1,0,35,36,58930,2,1,0,1,0
2020-04-24,US,Mississippi,Madison,178,4,0,32.63389156,-90.03513564,28089.0,174,165,4,0,161,151,105630,13,0,0,13,14
2020-04-24,US,Mississippi,Marion,55,4,0,31.23132643,-89.8209217,28091.0,51,53,4,0,49,48,24715,2,0,0,2,5
2020-04-24,US,Mississippi,Marshall,40,2,0,34.76216286,-89.50299462,28093.0,38,40,2,0,38,39,35451,0,0,0,0,1
2020-04-24,US,Mississippi,Monroe,117,9,0,33.89236763,-88.4808438,28095.0,108,109,9,0,100,99,35564,8,0,0,8,10
2020-04-24,US,Mississippi,Montgomery,17,1,0,33.49419589,-89.61729103,28097.0,16,16,1,0,15,16,10023,1,0,0,1,0
2020-04-24,US,Mississippi,Neshoba,116,2,0,32.75339664,-89.11726492,28099.0,114,102,2,0,100,91,29125,14,0,0,14,11
2020-04-24,US,Mississippi,Newton,51,0,0,32.40021118,-89.11843336,28101.0,51,45,0,0,45,33,21443,6,0,0,6,12
2020-04-24,US,Mississippi,Noxubee,35,0,0,33.11009499,-88.56949061,28103.0,35,29,0,0,29,24,10535,6,0,0,6,5
2020-04-24,US,Mississippi,Oktibbeha,46,3,0,33.42491685,-88.87905132,28105.0,43,45,3,0,42,44,49599,1,0,0,1,1
2020-04-24,US,Mississippi,Panola,38,2,0,34.36398677,-89.95064249,28107.0,36,38,2,0,36,37,34178,0,0,0,0,1
2020-04-24,US,Mississippi,Pearl River,144,13,0,30.77090935,-89.58677275,28109.0,131,142,11,0,131,136,55387,2,2,0,0,6
2020-04-24,US,Mississippi,Perry,23,1,0,31.17161885,-88.99281835,28111.0,22,23,1,0,22,22,11931,0,0,0,0,1
2020-04-24,US,Mississippi,Pike,127,4,0,31.17507789,-90.40392572,28113.0,123,126,3,0,123,118,39563,1,1,0,0,8
2020-04-24,US,Mississippi,Pontotoc,18,2,0,34.226046000000004,-89.03636807,28115.0,16,18,2,0,16,18,31833,0,0,0,0,0
2020-04-24,US,Mississippi,Prentiss,29,0,0,34.61810501,-88.51986294,28117.0,29,29,0,0,29,28,25315,0,0,0,0,1
2020-04-24,US,Mississippi,Quitman,14,0,0,34.25157572,-90.28908,28119.0,14,14,0,0,14,13,7051,0,0,0,0,1
2020-04-24,US,Mississippi,Rankin,154,4,0,32.26469147,-89.94537876,28121.0,150,153,4,0,149,148,153902,1,0,0,1,5
2020-04-24,US,Mississippi,Scott,200,0,0,32.406704100000006,-89.53789439,28123.0,200,177,0,0,177,163,28287,23,0,0,23,14
2020-04-24,US,Mississippi,Sharkey,4,0,0,32.88149103,-90.81595379999999,28125.0,4,4,0,0,4,3,4377,0,0,0,0,1
2020-04-24,US,Mississippi,Simpson,36,0,0,31.91282117,-89.91716179,28127.0,36,33,0,0,33,32,26758,3,0,0,3,1
2020-04-24,US,Mississippi,Smith,55,3,0,32.01744532,-89.50644846,28129.0,52,53,3,0,50,51,16002,2,0,0,2,2
2020-04-24,US,Mississippi,Stone,22,0,0,30.79187949,-89.11547539,28131.0,22,22,0,0,22,21,18717,0,0,0,0,1
2020-04-24,US,Mississippi,Sunflower,51,2,0,33.60192578,-90.58882684,28133.0,49,51,2,0,49,50,25735,0,0,0,0,1
2020-04-24,US,Mississippi,Tallahatchie,11,1,0,33.95339918,-90.1729398,28135.0,10,9,1,0,8,9,13987,2,0,0,2,0
2020-04-24,US,Mississippi,Tate,38,0,0,34.65133709,-89.94485778,28137.0,38,35,0,0,35,35,28759,3,0,0,3,0
2020-04-24,US,Mississippi,Tippah,50,7,0,34.76872156,-88.90988194,28139.0,43,49,7,0,42,49,21995,1,0,0,1,0
2020-04-24,US,Mississippi,Tishomingo,7,0,0,34.74023475,-88.23917219,28141.0,7,5,0,0,5,5,19454,2,0,0,2,0
2020-04-24,US,Mississippi,Tunica,34,1,0,34.64967704,-90.37481167,28143.0,33,34,1,0,33,34,9944,0,0,0,0,0
2020-04-24,US,Mississippi,Union,14,1,0,34.49162015,-89.00776006,28145.0,13,14,1,0,13,12,28606,0,0,0,0,2
2020-04-24,US,Mississippi,Walthall,27,0,0,31.14971548,-90.10446654,28147.0,27,27,0,0,27,25,14465,0,0,0,0,2
2020-04-24,US,Mississippi,Warren,39,2,0,32.35810271,-90.83352619,28149.0,37,32,2,0,30,29,46176,7,0,0,7,3
2020-04-24,US,Mississippi,Washington,74,3,0,33.28392041,-90.94196237,28151.0,71,71,3,0,68,71,45063,3,0,0,3,0
2020-04-24,US,Mississippi,Wayne,16,0,0,31.64135687,-88.69573913,28153.0,16,17,0,0,17,11,20298,-1,0,0,-1,6
2020-04-24,US,Mississippi,Webster,17,1,0,33.61300486,-89.28392912,28155.0,16,16,1,0,15,16,9788,1,0,0,1,0
2020-04-24,US,Mississippi,Wilkinson,66,7,0,31.16078225,-91.31018819,28157.0,59,65,6,0,59,66,8792,1,1,0,0,-1
2020-04-24,US,Mississippi,Winston,38,0,0,33.08747908,-89.03391385,28159.0,38,37,0,0,37,36,18165,1,0,0,1,1
2020-04-24,US,Mississippi,Yalobusha,17,0,0,34.02824175,-89.70762049999998,28161.0,17,17,0,0,17,17,12392,0,0,0,0,0
2020-04-24,US,Mississippi,Yazoo,117,1,0,32.77890365,-90.39656148,28163.0,116,110,1,0,109,103,28248,7,0,0,7,7
2020-04-24,US,Missouri,Adair,12,0,0,40.19058551,-92.60078167,29001.0,12,12,0,0,12,12,25339,0,0,0,0,0
2020-04-24,US,Missouri,Andrew,1,0,0,39.98492163,-94.80163024,29003.0,1,1,0,0,1,1,17607,0,0,0,0,0
2020-04-24,US,Missouri,Atchison,2,0,0,40.43238737,-95.42970639,29005.0,2,2,0,0,2,2,5171,0,0,0,0,0
2020-04-24,US,Missouri,Audrain,1,0,0,39.215877,-91.84242683,29007.0,1,1,0,0,1,1,25473,0,0,0,0,0
2020-04-24,US,Missouri,Barry,5,0,0,36.70978521,-93.82919888,29009.0,5,5,0,0,5,5,35886,0,0,0,0,0
2020-04-24,US,Missouri,Bates,6,1,0,38.25271289,-94.34113157,29013.0,5,6,1,0,5,6,16320,0,0,0,0,0
2020-04-24,US,Missouri,Benton,4,0,0,38.29503305,-93.28756116,29015.0,4,4,0,0,4,3,19278,0,0,0,0,1
2020-04-24,US,Missouri,Bollinger,4,0,0,37.32449052,-90.02725304,29017.0,4,3,0,0,3,3,12169,1,0,0,1,0
2020-04-24,US,Missouri,Boone,99,1,0,38.99186229,-92.30723575,29019.0,98,98,1,0,97,97,180005,1,0,0,1,1
2020-04-24,US,Missouri,Buchanan,48,1,0,39.65816401,-94.80138942,29021.0,47,43,1,0,42,35,88571,5,0,0,5,8
2020-04-24,US,Missouri,Butler,25,0,0,36.71462476,-90.40421163,29023.0,25,26,0,0,26,24,42639,-1,0,0,-1,2
2020-04-24,US,Missouri,Caldwell,2,0,0,39.65620858,-93.98308093,29025.0,2,2,0,0,2,2,9108,0,0,0,0,0
2020-04-24,US,Missouri,Callaway,21,1,0,38.83674754,-91.92186505,29027.0,20,21,1,0,20,21,44889,0,0,0,0,0
2020-04-24,US,Missouri,Camden,35,1,0,38.02199522,-92.76083747,29029.0,34,35,1,0,34,35,45815,0,0,0,0,0
2020-04-24,US,Missouri,Cape Girardeau,43,1,0,37.38489388,-89.6843587,29031.0,42,42,1,0,41,40,78753,1,0,0,1,2
2020-04-24,US,Missouri,Carroll,3,0,0,39.42762566,-93.50626255,29033.0,3,1,0,0,1,1,8743,2,0,0,2,0
2020-04-24,US,Missouri,Carter,3,1,0,36.94160441,-90.96051322,29035.0,2,3,1,0,2,3,6054,0,0,0,0,0
2020-04-24,US,Missouri,Cass,55,6,0,38.64789422,-94.353399,29037.0,49,55,6,0,49,55,104954,0,0,0,0,0
2020-04-24,US,Missouri,Cedar,5,0,0,37.72391475,-93.85445441,29039.0,5,5,0,0,5,5,14165,0,0,0,0,0
2020-04-24,US,Missouri,Chariton,5,0,0,39.51499357,-92.9629191,29041.0,5,4,0,0,4,4,7451,1,0,0,1,0
2020-04-24,US,Missouri,Christian,19,0,0,36.9711783,-93.18537118,29043.0,19,19,0,0,19,19,86983,0,0,0,0,0
2020-04-24,US,Missouri,Clark,1,0,0,40.41040752,-91.73661677,29045.0,1,1,0,0,1,1,6842,0,0,0,0,0
2020-04-24,US,Missouri,Clay,63,1,0,39.31132056,-94.41850862,29047.0,62,62,1,0,61,61,246365,1,0,0,1,1
2020-04-24,US,Missouri,Clinton,11,0,0,39.6013098,-94.40465394,29049.0,11,11,0,0,11,11,20470,0,0,0,0,0
2020-04-24,US,Missouri,Cole,49,1,0,38.50455671,-92.27860244,29051.0,48,47,1,0,46,46,76796,2,0,0,2,1
2020-04-24,US,Missouri,Cooper,7,0,0,38.844478,-92.80896081,29053.0,7,5,0,0,5,5,17603,2,0,0,2,0
2020-04-24,US,Missouri,Crawford,7,0,0,37.97663738,-91.30528104,29055.0,7,6,0,0,6,5,23957,1,0,0,1,1
2020-04-24,US,Missouri,Dallas,2,0,0,37.681135499999996,-93.02127031,29059.0,2,2,0,0,2,2,16762,0,0,0,0,0
2020-04-24,US,Missouri,Daviess,2,0,0,39.96145298,-93.98519678,29061.0,2,2,0,0,2,2,8313,0,0,0,0,0
2020-04-24,US,Missouri,DeKalb,3,0,0,39.89201062,-94.40476508,29063.0,3,3,0,0,3,3,12630,0,0,0,0,0
2020-04-24,US,Missouri,Dunklin,19,2,0,36.27167174,-90.09122243,29069.0,17,19,2,0,17,19,29423,0,0,0,0,0
2020-04-24,US,Missouri,Franklin,106,10,0,38.41127108,-91.07522826,29071.0,96,105,10,0,95,105,103670,1,0,0,1,0
2020-04-24,US,Missouri,Gasconade,2,0,0,38.43947277,-91.50847147,29073.0,2,2,0,0,2,2,14705,0,0,0,0,0
2020-04-24,US,Missouri,Gentry,1,0,0,40.21097916,-94.40944419,29075.0,1,1,0,0,1,1,6628,0,0,0,0,0
2020-04-24,US,Missouri,Greene,93,8,0,37.2575872,-93.34230916,29077.0,85,92,8,0,84,92,291923,1,0,0,1,0
2020-04-24,US,Missouri,Harrison,6,0,0,40.35570088,-93.99222144,29081.0,6,6,0,0,6,6,8414,0,0,0,0,0
2020-04-24,US,Missouri,Henry,6,1,0,38.38482826,-93.79293734,29083.0,5,6,1,0,5,6,21792,0,0,0,0,0
2020-04-24,US,Missouri,Holt,1,0,0,40.09799248,-95.21638879999999,29087.0,1,1,0,0,1,1,4404,0,0,0,0,0
2020-04-24,US,Missouri,Howard,2,0,0,39.1435761,-92.69756691,29089.0,2,2,0,0,2,2,10137,0,0,0,0,0
2020-04-24,US,Missouri,Howell,5,0,0,36.77383887,-91.88683935,29091.0,5,5,0,0,5,5,40076,0,0,0,0,0
2020-04-24,US,Missouri,Iron,2,0,0,37.55487945,-90.7735296,29093.0,2,2,0,0,2,2,10177,0,0,0,0,0
2020-04-24,US,Missouri,Jackson,300,12,0,39.01002188,-94.34724536,29095.0,288,287,12,0,275,288,700307,13,0,0,13,-1
2020-04-24,US,Missouri,Jasper,24,0,0,37.20351921,-94.34050458,29097.0,24,30,0,0,30,30,120636,-6,0,0,-6,0
2020-04-24,US,Missouri,Jefferson,251,3,0,38.25926778,-90.53870896,29099.0,248,244,3,0,241,238,224347,7,0,0,7,6
2020-04-24,US,Missouri,Johnson,53,0,0,38.74719601,-93.80691168,29101.0,53,52,0,0,52,52,53652,1,0,0,1,0
2020-04-24,US,Missouri,Kansas City,475,15,0,39.0997,-94.5786,0.0,460,461,14,0,447,448,491918,14,1,0,13,13
2020-04-24,US,Missouri,Lafayette,33,1,0,39.06986886,-93.78076396,29107.0,32,33,1,0,32,30,32598,0,0,0,0,3
2020-04-24,US,Missouri,Lewis,6,1,0,40.09673161,-91.72070156,29111.0,5,6,1,0,5,1,9855,0,0,0,0,5
2020-04-24,US,Missouri,Lincoln,60,1,0,39.05345619,-90.95588181,29113.0,59,58,1,0,57,59,57686,2,0,0,2,-1
2020-04-24,US,Missouri,Linn,5,1,0,39.87001769,-93.10704106,29115.0,4,5,1,0,4,5,12037,0,0,0,0,0
2020-04-24,US,Missouri,Livingston,2,0,0,39.78110272,-93.54645978,29117.0,2,2,0,0,2,2,15146,0,0,0,0,0
2020-04-24,US,Missouri,Macon,2,0,0,39.83049768,-92.56453089,29121.0,2,2,0,0,2,2,15153,0,0,0,0,0
2020-04-24,US,Missouri,Madison,1,0,0,37.47865134,-90.34671429999999,29123.0,1,1,0,0,1,1,12188,0,0,0,0,0
2020-04-24,US,Missouri,Maries,2,0,0,38.16193985,-91.92249662,29125.0,2,2,0,0,2,2,8769,0,0,0,0,0
2020-04-24,US,Missouri,Marion,4,0,0,39.80601912,-91.62203062,29127.0,4,4,0,0,4,4,28592,0,0,0,0,0
2020-04-24,US,Missouri,McDonald,4,0,0,36.62869595,-94.34867205,29119.0,4,5,0,0,5,4,23078,-1,0,0,-1,1
2020-04-24,US,Missouri,Miller,1,0,0,38.21450288,-92.42610898,29131.0,1,1,0,0,1,1,25336,0,0,0,0,0
2020-04-24,US,Missouri,Mississippi,3,0,0,36.82516239,-89.29505753,29133.0,3,3,0,0,3,1,13336,0,0,0,0,2
2020-04-24,US,Missouri,Moniteau,59,0,0,38.63571781,-92.57976951,29135.0,59,59,0,0,59,59,16121,0,0,0,0,0
2020-04-24,US,Missouri,Montgomery,7,0,0,38.94022054,-91.47000721,29139.0,7,7,0,0,7,7,11534,0,0,0,0,0
2020-04-24,US,Missouri,Morgan,3,0,0,38.4181765,-92.88791859,29141.0,3,3,0,0,3,3,20358,0,0,0,0,0
2020-04-24,US,Missouri,New Madrid,9,0,0,36.59666326,-89.66070007,29143.0,9,9,0,0,9,9,17296,0,0,0,0,0
2020-04-24,US,Missouri,Newton,10,1,0,36.90519407,-94.3394104,29145.0,9,10,1,0,9,10,58266,0,0,0,0,0
2020-04-24,US,Missouri,Nodaway,3,0,0,40.36079813,-94.88133008,29147.0,3,3,0,0,3,3,22304,0,0,0,0,0
2020-04-24,US,Missouri,Oregon,1,0,0,36.68710164,-91.4033755,29149.0,1,1,0,0,1,1,10541,0,0,0,0,0
2020-04-24,US,Missouri,Osage,5,0,0,38.46036182,-91.8613635,29151.0,5,5,0,0,5,5,13714,0,0,0,0,0
2020-04-24,US,Missouri,Pemiscot,18,1,0,36.2130572,-89.78742322,29155.0,17,18,1,0,17,17,16272,0,0,0,0,1
2020-04-24,US,Missouri,Perry,39,0,0,37.70660776,-89.82741088,29157.0,39,38,0,0,38,38,19150,1,0,0,1,0
2020-04-24,US,Missouri,Pettis,25,0,0,38.72798918,-93.28471706,29159.0,25,16,0,0,16,21,42542,9,0,0,9,-5
2020-04-24,US,Missouri,Phelps,1,0,0,37.87736118,-91.79351727,29161.0,1,1,0,0,1,1,44732,0,0,0,0,0
2020-04-24,US,Missouri,Pike,6,0,0,39.34310674,-91.16980779,29163.0,6,6,0,0,6,6,18504,0,0,0,0,0
2020-04-24,US,Missouri,Platte,30,0,0,39.38154439,-94.77068479,29165.0,30,28,0,0,28,27,102985,2,0,0,2,1
2020-04-24,US,Missouri,Polk,1,0,0,37.616229600000004,-93.39828174,29167.0,1,1,0,0,1,1,32201,0,0,0,0,0
2020-04-24,US,Missouri,Pulaski,33,1,0,37.82462075,-92.20783203,29169.0,32,30,1,0,29,31,52014,3,0,0,3,-1
2020-04-24,US,Missouri,Ralls,1,0,0,39.52817427,-91.51838643,29173.0,1,1,0,0,1,1,10212,0,0,0,0,0
2020-04-24,US,Missouri,Randolph,8,0,0,39.44007257,-92.49713740000001,29175.0,8,8,0,0,8,8,24763,0,0,0,0,0
2020-04-24,US,Missouri,Ray,10,0,0,39.353746799999996,-93.98905745,29177.0,10,10,0,0,10,7,22883,0,0,0,0,3
2020-04-24,US,Missouri,Reynolds,2,0,0,37.36085952,-90.97009925,29179.0,2,2,0,0,2,2,6254,0,0,0,0,0
2020-04-24,US,Missouri,Ripley,4,0,0,36.65460667,-90.85990261,29181.0,4,4,0,0,4,4,13401,0,0,0,0,0
2020-04-24,US,Missouri,Saline,142,0,0,39.13734288,-93.20259964,29195.0,142,123,0,0,123,96,22895,19,0,0,19,27
2020-04-24,US,Missouri,Scotland,4,0,0,40.45214695,-92.14709064,29199.0,4,4,0,0,4,4,4966,0,0,0,0,0
2020-04-24,US,Missouri,Scott,60,1,0,37.05588075,-89.56474493,29201.0,59,59,1,0,58,59,38458,1,0,0,1,0
2020-04-24,US,Missouri,Shelby,1,0,0,39.79742518,-92.07634971,29205.0,1,1,0,0,1,1,6050,0,0,0,0,0
2020-04-24,US,Missouri,St. Charles,516,26,0,38.77875681,-90.66662425,29183.0,490,487,26,0,461,474,399182,29,0,0,29,13
2020-04-24,US,Missouri,St. Clair,2,0,0,38.03699437,-93.77631447,29185.0,2,2,0,0,2,2,9395,0,0,0,0,0
2020-04-24,US,Missouri,St. Francois,26,1,0,37.81214171,-90.47598685,29187.0,25,26,1,0,25,24,66692,0,0,0,0,2
2020-04-24,US,Missouri,St. Louis,2653,121,0,38.63770039999999,-90.4458375,29189.0,2532,2518,105,0,2413,2436,996945,135,16,0,119,82
2020-04-24,US,Missouri,St. Louis City,1000,48,0,38.63555736,-90.24349225,29510.0,952,966,45,0,921,908,302838,34,3,0,31,58
2020-04-24,US,Missouri,Ste. Genevieve,7,1,0,37.89090059,-90.1949941,29186.0,6,7,1,0,6,7,17888,0,0,0,0,0
2020-04-24,US,Missouri,Stoddard,19,0,0,36.85571651,-89.9444155,29207.0,19,19,0,0,19,19,29206,0,0,0,0,0
2020-04-24,US,Missouri,Stone,3,0,0,36.75000327,-93.45256475,29209.0,3,3,0,0,3,3,31749,0,0,0,0,0
2020-04-24,US,Missouri,Taney,10,1,0,36.65465345,-93.04075153,29213.0,9,10,1,0,9,9,55852,0,0,0,0,1
2020-04-24,US,Missouri,Unassigned,1,0,0,0.0,0.0,90029.0,1,1,0,0,1,,,0,0,0,0,
2020-04-24,US,Missouri,Vernon,4,0,0,37.8457799,-94.34127305,29217.0,4,4,0,0,4,4,20528,0,0,0,0,0
2020-04-24,US,Missouri,Warren,22,0,0,38.76529479,-91.16124662,29219.0,22,22,0,0,22,22,34711,0,0,0,0,0
2020-04-24,US,Missouri,Washington,8,0,0,37.96130078,-90.87948158,29221.0,8,7,0,0,7,6,24943,1,0,0,1,1
2020-04-24,US,Missouri,Webster,13,0,0,37.2813734,-92.876329,29225.0,13,13,0,0,13,13,39109,0,0,0,0,0
2020-04-24,US,Missouri,Worth,1,0,0,40.47945588,-94.42328751,29227.0,1,1,0,0,1,1,2040,0,0,0,0,0
2020-04-24,US,Missouri,Wright,9,0,0,37.27029221,-92.46914488,29229.0,9,9,0,0,9,9,18378,0,0,0,0,0
2020-04-24,US,Montana,Beaverhead,1,0,0,45.13434354,-112.89846940000001,30001.0,1,1,0,0,1,1,9404,0,0,0,0,0
2020-04-24,US,Montana,Big Horn,3,0,0,45.42335905,-107.492347,30003.0,3,3,0,0,3,3,13338,0,0,0,0,0
2020-04-24,US,Montana,Broadwater,4,0,0,46.33277565,-111.49558130000001,30007.0,4,4,0,0,4,4,6085,0,0,0,0,0
2020-04-24,US,Montana,Carbon,6,0,0,45.22850116,-109.0274047,30009.0,6,6,0,0,6,6,10714,0,0,0,0,0
2020-04-24,US,Montana,Cascade,13,2,0,47.30797024,-111.3467922,30013.0,11,13,2,0,11,13,81643,0,0,0,0,0
2020-04-24,US,Montana,Deer Lodge,3,0,0,46.05953325,-113.073353,30023.0,3,3,0,0,3,3,9131,0,0,0,0,0
2020-04-24,US,Montana,Flathead,37,2,0,48.29575866,-114.05205690000001,30029.0,35,37,2,0,35,37,102106,0,0,0,0,0
2020-04-24,US,Montana,Gallatin,146,0,0,45.54486106,-111.1692571,30031.0,146,146,0,0,146,145,111876,0,0,0,0,1
2020-04-24,US,Montana,Glacier,4,0,0,48.70513576,-112.9934235,30035.0,4,4,0,0,4,4,13747,0,0,0,0,0
2020-04-24,US,Montana,Golden Valley,3,0,0,46.3816474,-109.17685220000001,30037.0,3,3,0,0,3,3,826,0,0,0,0,0
2020-04-24,US,Montana,Hill,1,0,0,48.62879827,-110.1129252,30041.0,1,1,0,0,1,1,16347,0,0,0,0,0
2020-04-24,US,Montana,Jefferson,2,0,0,46.14907081,-112.094396,30043.0,2,2,0,0,2,2,12097,0,0,0,0,0
2020-04-24,US,Montana,Lake,5,0,0,47.64514965,-114.0898013,30047.0,5,5,0,0,5,5,30250,0,0,0,0,0
2020-04-24,US,Montana,Lewis and Clark,16,0,0,47.12610041,-112.39469799999999,30049.0,16,16,0,0,16,16,68700,0,0,0,0,0
2020-04-24,US,Montana,Liberty,1,0,0,48.56084317,-111.02430700000001,30051.0,1,1,0,0,1,1,2430,0,0,0,0,0
2020-04-24,US,Montana,Lincoln,7,1,0,48.54265777,-115.4046155,30053.0,6,7,1,0,6,7,19794,0,0,0,0,0
2020-04-24,US,Montana,Madison,8,1,0,45.30080065,-111.9173017,30057.0,7,8,1,0,7,8,8768,0,0,0,0,0
2020-04-24,US,Montana,Meagher,1,0,0,46.59907074,-110.8898557,30059.0,1,1,0,0,1,1,1866,0,0,0,0,0
2020-04-24,US,Montana,Missoula,39,1,0,47.03728583,-113.92135079999998,30063.0,38,39,1,0,38,39,118791,0,0,0,0,0
2020-04-24,US,Montana,Musselshell,1,0,0,46.49684637,-108.39498,30065.0,1,1,0,0,1,1,4651,0,0,0,0,0
2020-04-24,US,Montana,Park,7,0,0,45.48965095,-110.52643940000002,30067.0,7,7,0,0,7,7,16736,0,0,0,0,0
2020-04-24,US,Montana,Pondera,2,0,0,48.22773388,-112.22527029999999,30073.0,2,2,0,0,2,2,5972,0,0,0,0,0
2020-04-24,US,Montana,Ravalli,5,0,0,46.08520862,-114.11891640000002,30081.0,5,5,0,0,5,5,43172,0,0,0,0,0
2020-04-24,US,Montana,Richland,3,0,0,47.78668011,-104.5610786,30083.0,3,3,0,0,3,3,10913,0,0,0,0,0
2020-04-24,US,Montana,Roosevelt,7,0,0,48.29607488,-105.00792679999999,30085.0,7,7,0,0,7,7,11059,0,0,0,0,0
2020-04-24,US,Montana,Silver Bow,11,0,0,45.90018933,-112.6620092,30093.0,11,11,0,0,11,11,34993,0,0,0,0,0
2020-04-24,US,Montana,Stillwater,1,0,0,45.67071407,-109.3950061,30095.0,1,1,0,0,1,1,9534,0,0,0,0,0
2020-04-24,US,Montana,Toole,29,6,0,48.65577551,-111.69424140000001,30101.0,23,29,6,0,23,29,4853,0,0,0,0,0
2020-04-24,US,Montana,Wheatland,1,0,0,46.46652491,-109.84646359999999,30107.0,1,,,,,,2236,,,,,
2020-04-24,US,Montana,Yellowstone,77,1,0,45.93955949,-108.26914860000001,30111.0,76,76,1,0,75,74,160137,1,0,0,1,2
2020-04-24,US,Nebraska,Adams,120,2,0,40.52449420000001,-98.50117804,31001.0,118,111,2,0,109,103,31511,9,0,0,9,8
2020-04-24,US,Nebraska,Antelope,1,0,0,42.17695516,-98.06662829999999,31003.0,1,1,0,0,1,1,6336,0,0,0,0,0
2020-04-24,US,Nebraska,Box Butte,1,0,0,42.22079243,-103.08788340000001,31013.0,1,1,0,0,1,1,10772,0,0,0,0,0
2020-04-24,US,Nebraska,Buffalo,75,1,0,40.85486962,-99.07500296,31019.0,74,70,1,0,69,61,49615,5,0,0,5,9
2020-04-24,US,Nebraska,Burt,1,0,0,41.85056773,-96.32605633,31021.0,1,1,0,0,1,1,6488,0,0,0,0,0
2020-04-24,US,Nebraska,Butler,1,0,0,41.22703692,-97.13106306,31023.0,1,1,0,0,1,1,8058,0,0,0,0,0
2020-04-24,US,Nebraska,Cass,4,0,0,40.90899107,-96.13971217,31025.0,4,4,0,0,4,3,26159,0,0,0,0,1
2020-04-24,US,Nebraska,Cherry,1,0,0,42.54502621,-101.1244332,31031.0,1,1,0,0,1,1,5761,0,0,0,0,0
2020-04-24,US,Nebraska,Cheyenne,5,0,0,41.21999357,-102.9941693,31033.0,5,5,0,0,5,5,9310,0,0,0,0,0
2020-04-24,US,Nebraska,Clay,4,0,0,40.52439441,-98.05126296,31035.0,4,4,0,0,4,5,6214,0,0,0,0,-1
2020-04-24,US,Nebraska,Colfax,9,0,0,41.57486951,-97.0868542,31037.0,9,6,0,0,6,5,10881,3,0,0,3,1
2020-04-24,US,Nebraska,Cuming,3,0,0,41.91637624,-96.78730772,31039.0,3,3,0,0,3,2,8940,0,0,0,0,1
2020-04-24,US,Nebraska,Custer,20,2,0,41.39374521,-99.72805369,31041.0,18,20,2,0,18,20,10840,0,0,0,0,0
2020-04-24,US,Nebraska,Dakota,246,0,0,42.39040144,-96.56656425,31043.0,246,246,0,0,246,86,20083,0,0,0,0,160
2020-04-24,US,Nebraska,Dawson,307,0,0,40.87028216,-99.82014609999999,31047.0,307,256,0,0,256,197,23709,51,0,0,51,59
2020-04-24,US,Nebraska,Dixon,1,0,0,42.49188363,-96.86782408,31051.0,1,1,0,0,1,1,5709,0,0,0,0,0
2020-04-24,US,Nebraska,Dodge,43,0,0,41.58071748,-96.65598179,31053.0,43,41,0,0,41,18,36791,2,0,0,2,23
2020-04-24,US,Nebraska,Douglas,362,10,0,41.29518299,-96.15085305,31055.0,352,327,10,0,317,310,566880,35,0,0,35,17
2020-04-24,US,Nebraska,Fillmore,1,0,0,40.52458567,-97.59646937,31059.0,1,1,0,0,1,1,5527,0,0,0,0,0
2020-04-24,US,Nebraska,Franklin,3,0,0,40.17636348,-98.95299073,31061.0,3,3,0,0,3,3,3023,0,0,0,0,0
2020-04-24,US,Nebraska,Furnas,2,0,0,40.17642064,-99.91247454,31065.0,2,2,0,0,2,2,4715,0,0,0,0,0
2020-04-24,US,Nebraska,Gage,29,3,0,40.26186809,-96.68946704,31067.0,26,28,3,0,25,28,21493,1,0,0,1,0
2020-04-24,US,Nebraska,Gosper,8,0,0,40.51481965,-99.83020279,31073.0,8,8,0,0,8,7,1996,0,0,0,0,1
2020-04-24,US,Nebraska,Greeley,1,0,0,41.56742671,-98.52150266,31077.0,1,1,0,0,1,,2356,0,0,0,0,
2020-04-24,US,Nebraska,Hall,734,12,0,40.87257079,-98.50218293,31079.0,722,647,12,0,635,588,61607,87,0,0,87,59
2020-04-24,US,Nebraska,Hamilton,32,2,0,40.87349452,-98.02099117,31081.0,30,28,2,0,26,27,9280,4,0,0,4,1
2020-04-24,US,Nebraska,Howard,9,0,0,41.2200529,-98.5166499,31093.0,9,9,0,0,9,5,6468,0,0,0,0,4
2020-04-24,US,Nebraska,Johnson,2,0,0,40.39257596,-96.26522753,31097.0,2,2,0,0,2,2,5134,0,0,0,0,0
2020-04-24,US,Nebraska,Kearney,4,0,0,40.50663314,-98.94877182,31099.0,4,4,0,0,4,4,6544,0,0,0,0,0
2020-04-24,US,Nebraska,Kimball,9,0,0,41.19774275,-103.7148131,31105.0,9,9,0,0,9,9,3618,0,0,0,0,0
2020-04-24,US,Nebraska,Knox,2,0,0,42.63758421,-97.89178836,31107.0,2,2,0,0,2,2,8419,0,0,0,0,0
2020-04-24,US,Nebraska,Lancaster,114,1,0,40.78416049,-96.68777155,31109.0,113,106,1,0,105,97,317272,8,0,0,8,9
2020-04-24,US,Nebraska,Lincoln,18,1,0,41.04658298,-100.74753740000001,31111.0,17,18,1,0,17,18,35185,0,0,0,0,0
2020-04-24,US,Nebraska,Madison,47,2,0,41.91676024,-97.6005481,31119.0,45,44,2,0,42,16,35392,3,0,0,3,28
2020-04-24,US,Nebraska,Merrick,10,0,0,41.16624273,-98.0374887,31121.0,10,9,0,0,9,9,7733,1,0,0,1,0
2020-04-24,US,Nebraska,Morrill,1,0,0,41.71711774,-103.0061405,31123.0,1,1,0,0,1,1,4686,0,0,0,0,0
2020-04-24,US,Nebraska,Nance,1,0,0,41.39750195,-97.99327291,31125.0,1,1,0,0,1,1,3532,0,0,0,0,0
2020-04-24,US,Nebraska,Nemaha,1,0,0,40.38514847,-95.85433992,31127.0,1,1,0,0,1,1,6958,0,0,0,0,0
2020-04-24,US,Nebraska,Otoe,1,0,0,40.64843556,-96.13374142,31131.0,1,1,0,0,1,1,15985,0,0,0,0,0
2020-04-24,US,Nebraska,Phelps,1,0,0,40.51156033,-99.41461667,31137.0,1,1,0,0,1,1,8996,0,0,0,0,0
2020-04-24,US,Nebraska,Pierce,1,0,0,42.26434853,-97.60122773,31139.0,1,1,0,0,1,1,7142,0,0,0,0,0
2020-04-24,US,Nebraska,Platte,12,0,0,41.57246836,-97.52144359,31141.0,12,11,0,0,11,11,33363,1,0,0,1,0
2020-04-24,US,Nebraska,Polk,5,0,0,41.18813488,-97.56630712,31143.0,5,6,0,0,6,6,5278,-1,0,0,-1,0
2020-04-24,US,Nebraska,Red Willow,1,0,0,40.17556879999999,-100.476998,31145.0,1,1,0,0,1,1,10726,0,0,0,0,0
2020-04-24,US,Nebraska,Saline,26,0,0,40.52418865,-97.14085859,31151.0,26,20,0,0,20,16,14350,6,0,0,6,4
2020-04-24,US,Nebraska,Sarpy,70,0,0,41.11314181,-96.11156432,31153.0,70,61,0,0,61,57,184459,9,0,0,9,4
2020-04-24,US,Nebraska,Saunders,8,0,0,41.227810299999994,-96.63773905,31155.0,8,8,0,0,8,6,21303,0,0,0,0,2
2020-04-24,US,Nebraska,Scotts Bluff,23,0,0,41.85070896,-103.70809859999999,31157.0,23,23,0,0,23,22,35989,0,0,0,0,1
2020-04-24,US,Nebraska,Seward,6,1,0,40.87241834,-97.139673,31159.0,5,5,1,0,4,4,17318,1,0,0,1,1
2020-04-24,US,Nebraska,Sherman,1,0,0,41.22045983,-98.97588642,31163.0,1,,,,,,3038,,,,,
2020-04-24,US,Nebraska,Stanton,2,0,0,41.9169835,-97.19394708,31167.0,2,2,0,0,2,2,5970,0,0,0,0,0
2020-04-24,US,Nebraska,Unassigned,0,12,0,0.0,0.0,90031.0,-12,7,9,0,-2,12,,-7,3,0,-10,-5
2020-04-24,US,Nebraska,Washington,22,1,0,41.52815707,-96.22019892,31177.0,21,21,1,0,20,21,20667,1,0,0,1,0
2020-04-24,US,Nebraska,Wayne,1,0,0,42.20934475,-97.11926964,31179.0,1,1,0,0,1,1,9403,0,0,0,0,0
2020-04-24,US,Nebraska,Webster,3,0,0,40.17642643,-98.50019851,31181.0,3,2,0,0,2,2,3533,1,0,0,1,0
2020-04-24,US,Nebraska,York,9,0,0,40.87272618,-97.59710186,31185.0,9,7,0,0,7,7,13772,2,0,0,2,0
2020-04-24,US,Nevada,Carson City,31,1,0,39.15509045,-119.7480219,32510.0,30,31,1,0,30,28,55414,0,0,0,0,3
2020-04-24,US,Nevada,Churchill,3,1,0,39.58105744,-118.3394607,32001.0,2,3,1,0,2,3,24440,0,0,0,0,0
2020-04-24,US,Nevada,Clark,3443,168,0,36.21458855,-115.0130241,32003.0,3275,3314,163,0,3151,3218,2231647,129,5,0,124,96
2020-04-24,US,Nevada,Douglas,17,0,0,38.912862,-119.61713329999999,32005.0,17,17,0,0,17,16,48467,0,0,0,0,1
2020-04-24,US,Nevada,Elko,12,1,0,41.14531606,-115.3577619,32007.0,11,12,1,0,11,12,52460,0,0,0,0,0
2020-04-24,US,Nevada,Humboldt,34,2,0,41.40692186,-118.11094270000001,32013.0,32,34,2,0,32,34,16786,0,0,0,0,0
2020-04-24,US,Nevada,Lander,1,0,0,39.933223299999995,-117.03970749999999,32015.0,1,1,0,0,1,1,5575,0,0,0,0,0
2020-04-24,US,Nevada,Lyon,20,0,0,39.01777974,-119.18704790000001,32019.0,20,20,0,0,20,19,55808,0,0,0,0,1
2020-04-24,US,Nevada,Mineral,2,0,0,38.53841696,-118.4344506,32021.0,2,2,0,0,2,2,4514,0,0,0,0,0
2020-04-24,US,Nevada,Nye,31,0,0,38.04264256,-116.47227020000001,32023.0,31,31,0,0,31,29,45346,0,0,0,0,2
2020-04-24,US,Nevada,Unassigned,65,2,0,0.0,0.0,90032.0,63,4,5,0,-1,6,,61,-3,0,64,-2
2020-04-24,US,Nevada,Washoe,736,22,0,40.66562265,-119.6631594,32031.0,714,736,22,0,714,710,465735,0,0,0,0,26
2020-04-24,US,Nevada,White Pine,3,0,0,39.44157041,-114.89996599999999,32033.0,3,3,0,0,3,3,9475,0,0,0,0,0
2020-04-24,US,New Hampshire,Belknap,30,0,0,43.51637314,-71.41684235,33001.0,30,28,0,0,28,28,61022,2,0,0,2,0
2020-04-24,US,New Hampshire,Carroll,30,0,0,43.87498583,-71.20430216,33003.0,30,30,0,0,30,30,48779,0,0,0,0,0
2020-04-24,US,New Hampshire,Cheshire,35,0,0,42.92015988,-72.25311043,33005.0,35,35,0,0,35,33,76493,0,0,0,0,2
2020-04-24,US,New Hampshire,Coos,2,0,0,44.69063265,-71.30633239,33007.0,2,2,0,0,2,2,31589,0,0,0,0,0
2020-04-24,US,New Hampshire,Grafton,47,0,0,43.93779815,-71.82057197,33009.0,47,46,0,0,46,45,89786,1,0,0,1,1
2020-04-24,US,New Hampshire,Hillsborough,753,2,0,42.91537785,-71.7200253,33011.0,751,721,2,0,719,681,415247,32,0,0,32,40
2020-04-24,US,New Hampshire,Merrimack,115,0,0,43.29662971,-71.6811573,33013.0,115,113,0,0,113,105,151132,2,0,0,2,8
2020-04-24,US,New Hampshire,Rockingham,568,1,0,42.98499744,-71.12883377,33015.0,567,551,1,0,550,519,309176,17,0,0,17,32
2020-04-24,US,New Hampshire,Strafford,126,0,0,43.291833000000004,-71.02336013,33017.0,126,123,0,0,123,118,130090,3,0,0,3,5
2020-04-24,US,New Hampshire,Sullivan,11,0,0,43.36094111,-72.22203125,33019.0,11,10,0,0,10,10,43144,1,0,0,1,0
2020-04-24,US,New Hampshire,Unassigned,3,50,0,0.0,0.0,90033.0,-47,11,48,0,-37,17,,-8,2,0,-10,-6
2020-04-24,US,New Jersey,Atlantic,566,29,0,39.47538693,-74.65848483,34001.0,537,544,30,0,514,505,265429,22,-1,0,23,39
2020-04-24,US,New Jersey,Bergen,14363,934,0,40.96010917,-74.07164325,34003.0,13429,14049,907,0,13142,13686,936692,314,27,0,287,363
2020-04-24,US,New Jersey,Burlington,2054,81,0,39.87681124,-74.66927768,34005.0,1973,1969,76,0,1893,1878,445384,85,5,0,80,91
2020-04-24,US,New Jersey,Camden,2750,106,0,39.80343818,-74.96388753,34007.0,2644,2683,104,0,2579,2528,507078,67,2,0,65,155
2020-04-24,US,New Jersey,Cape May,247,16,0,39.15008829,-74.80170244,34009.0,231,236,16,0,220,227,92560,11,0,0,11,9
2020-04-24,US,New Jersey,Cumberland,466,5,0,39.37199394,-75.10712559,34011.0,461,424,5,0,419,382,150972,42,0,0,42,42
2020-04-24,US,New Jersey,Essex,12110,975,0,40.78681335,-74.24657979,34013.0,11135,11811,932,0,10879,11387,799767,299,43,0,256,424
2020-04-24,US,New Jersey,Gloucester,923,30,0,39.71581067,-75.13995546,34015.0,893,899,30,0,869,856,291408,24,0,0,24,43
2020-04-24,US,New Jersey,Hudson,13011,706,0,40.73766234,-74.07515667,34017.0,12305,12681,666,0,12015,12088,676061,330,40,0,290,593
2020-04-24,US,New Jersey,Hunterdon,490,22,0,40.56335249,-74.91284156,34019.0,468,464,22,0,442,434,124714,26,0,0,26,30
2020-04-24,US,New Jersey,Mercer,3086,178,0,40.28047017,-74.70479631,34021.0,2908,2991,163,0,2828,2845,369811,95,15,0,80,146
2020-04-24,US,New Jersey,Middlesex,9789,413,0,40.43629879,-74.41426991,34023.0,9376,9530,396,0,9134,9047,829685,259,17,0,242,483
2020-04-24,US,New Jersey,Monmouth,5368,273,0,40.26549699,-74.22240686,34025.0,5095,5238,260,0,4978,5086,621354,130,13,0,117,152
2020-04-24,US,New Jersey,Morris,4716,340,0,40.86095313,-74.54553709999998,34027.0,4376,4680,324,0,4356,4556,494228,36,16,0,20,124
2020-04-24,US,New Jersey,Ocean,5612,301,0,39.8895449,-74.28089251,34029.0,5311,5444,286,0,5158,5234,601651,168,15,0,153,210
2020-04-24,US,New Jersey,Passaic,10291,383,0,41.03238628,-74.29954144,34031.0,9908,9874,350,0,9524,9392,503310,417,33,0,384,482
2020-04-24,US,New Jersey,Salem,169,6,0,39.58719656,-75.34696629999998,34033.0,163,164,6,0,158,134,62607,5,0,0,5,30
2020-04-24,US,New Jersey,Somerset,2921,198,0,40.56465737,-74.61683016,34035.0,2723,2798,196,0,2602,2688,331164,123,2,0,121,110
2020-04-24,US,New Jersey,Sussex,795,84,0,41.13891592,-74.69118243,34037.0,711,784,82,0,702,743,140799,11,2,0,9,41
2020-04-24,US,New Jersey,Unassigned,532,0,0,0.0,0.0,90034.0,532,1108,0,0,1108,1045,,-576,0,0,-576,63
2020-04-24,US,New Jersey,Union,11208,542,0,40.65835409,-74.30680092,34039.0,10666,10935,515,0,10420,10484,558067,273,27,0,246,451
2020-04-24,US,New Jersey,Warren,729,61,0,40.85951833,-74.99556527,34041.0,668,719,60,0,659,689,105779,10,1,0,9,30
2020-04-24,US,New Mexico,Bernalillo,651,33,0,35.05163625,-106.6703554,35001.0,618,631,31,0,600,600,678701,20,2,0,18,31
2020-04-24,US,New Mexico,Catron,1,0,0,33.91514144,-108.4046587,35003.0,1,1,0,0,1,1,3578,0,0,0,0,0
2020-04-24,US,New Mexico,Chaves,22,1,0,33.36406072,-104.4665365,35005.0,21,22,1,0,21,21,64689,0,0,0,0,1
2020-04-24,US,New Mexico,Cibola,38,2,0,34.91131525,-107.998876,35006.0,36,38,2,0,36,35,26746,0,0,0,0,3
2020-04-24,US,New Mexico,Colfax,5,0,0,36.60569702,-104.64726740000002,35007.0,5,5,0,0,5,5,12110,0,0,0,0,0
2020-04-24,US,New Mexico,Curry,10,0,0,34.57421077,-103.34688759999999,35009.0,10,10,0,0,10,10,49437,0,0,0,0,0
2020-04-24,US,New Mexico,Dona Ana,94,1,0,32.35275771,-106.83293870000001,35013.0,93,88,1,0,87,82,217522,6,0,0,6,6
2020-04-24,US,New Mexico,Eddy,11,1,0,32.47167456,-104.3053527,35015.0,10,11,1,0,10,11,57900,0,0,0,0,0
2020-04-24,US,New Mexico,Grant,14,0,0,32.73911281,-108.3827845,35017.0,14,14,0,0,14,14,27346,0,0,0,0,0
2020-04-24,US,New Mexico,Guadalupe,7,0,0,34.86319296,-104.790669,35019.0,7,3,0,0,3,2,4341,4,0,0,4,1
2020-04-24,US,New Mexico,Harding,1,0,0,35.85751555,-103.82209379999999,35021.0,1,1,0,0,1,,655,0,0,0,0,
2020-04-24,US,New Mexico,Lea,10,0,0,32.79215361,-103.4123733,35025.0,10,8,0,0,8,5,69611,2,0,0,2,3
2020-04-24,US,New Mexico,Lincoln,2,0,0,33.74526079,-105.4586166,35027.0,2,2,0,0,2,2,19556,0,0,0,0,0
2020-04-24,US,New Mexico,Los Alamos,6,0,0,35.86631386,-106.31349850000001,35028.0,6,6,0,0,6,6,19101,0,0,0,0,0
2020-04-24,US,New Mexico,Luna,3,0,0,32.18179341,-107.75088259999998,35029.0,3,3,0,0,3,3,23963,0,0,0,0,0
2020-04-24,US,New Mexico,McKinley,639,9,0,35.58007720000001,-108.262245,35031.0,630,573,8,0,565,519,72290,66,1,0,65,54
2020-04-24,US,New Mexico,Otero,4,0,0,32.61348406,-105.7417604,35035.0,4,5,0,0,5,3,66781,-1,0,0,-1,2
2020-04-24,US,New Mexico,Quay,4,1,0,35.10403332,-103.54817270000001,35037.0,3,4,1,0,3,3,8253,0,0,0,0,1
2020-04-24,US,New Mexico,Rio Arriba,12,0,0,36.51072137,-106.69316740000001,35039.0,12,11,0,0,11,11,39006,1,0,0,1,0
2020-04-24,US,New Mexico,Roosevelt,4,0,0,34.02097406,-103.4799493,35041.0,4,4,0,0,4,4,18743,0,0,0,0,0
2020-04-24,US,New Mexico,San Juan,420,27,0,36.50838318,-108.32043700000001,35045.0,393,390,24,0,366,339,125043,30,3,0,27,51
2020-04-24,US,New Mexico,San Miguel,2,0,0,35.48014807,-104.8163562,35047.0,2,2,0,0,2,2,27591,0,0,0,0,0
2020-04-24,US,New Mexico,Sandoval,357,8,0,35.68862401,-106.86878030000001,35043.0,349,345,8,0,337,341,145179,12,0,0,12,4
2020-04-24,US,New Mexico,Santa Fe,94,0,0,35.50708973,-105.9774716,35049.0,94,96,0,0,96,93,150056,-2,0,0,-2,3
2020-04-24,US,New Mexico,Socorro,39,1,0,34.00715494,-106.9298354,35053.0,38,38,1,0,37,34,16735,1,0,0,1,4
2020-04-24,US,New Mexico,Taos,17,0,0,36.58006022,-105.63101979999999,35055.0,17,17,0,0,17,16,32835,0,0,0,0,1
2020-04-24,US,New Mexico,Torrance,13,0,0,34.64048375,-105.8508949,35057.0,13,13,0,0,13,13,15591,0,0,0,0,0
2020-04-24,US,New Mexico,Valencia,41,0,0,34.71669834,-106.8103733,35061.0,41,38,0,0,38,35,76456,3,0,0,3,3
2020-04-24,US,New York,Albany,805,31,0,42.60060306,-73.97723916,36001.0,774,758,30,0,728,737,307117,47,1,0,46,21
2020-04-24,US,New York,Allegany,31,2,0,42.25748406,-78.02750466,36003.0,29,30,2,0,28,30,46430,1,0,0,1,0
2020-04-24,US,New York,Broome,232,17,0,42.15903158,-75.81326086,36007.0,215,224,15,0,209,219,191659,8,2,0,6,5
2020-04-24,US,New York,Cattaraugus,39,0,0,42.24778241,-78.67923096,36009.0,39,37,0,0,37,37,76840,2,0,0,2,0
2020-04-24,US,New York,Cayuga,39,1,0,42.91261714,-76.55731592,36011.0,38,37,1,0,36,36,77145,2,0,0,2,1
2020-04-24,US,New York,Chautauqua,27,3,0,42.22769210000001,-79.36691763,36013.0,24,26,3,0,23,36,127939,1,0,0,1,-10
2020-04-24,US,New York,Chemung,79,1,0,42.13891056,-76.7638805,36015.0,78,76,1,0,75,75,84254,3,0,0,3,1
2020-04-24,US,New York,Chenango,84,0,0,42.49430041,-75.60887553,36017.0,84,82,0,0,82,79,47536,2,0,0,2,3
2020-04-24,US,New York,Clinton,53,4,0,44.74530905,-73.67875352,36019.0,49,52,4,0,48,56,80695,1,0,0,1,-4
2020-04-24,US,New York,Columbia,129,13,0,42.24819348,-73.63089095,36021.0,116,123,13,0,110,120,59916,6,0,0,6,3
2020-04-24,US,New York,Cortland,25,0,0,42.59509207,-76.07048931,36023.0,25,25,0,0,25,25,47823,0,0,0,0,0
2020-04-24,US,New York,Delaware,51,4,0,42.19837623,-74.96709306,36025.0,47,50,4,0,46,62,44527,1,0,0,1,-12
2020-04-24,US,New York,Dutchess,2517,35,0,41.76486060000001,-73.74356679,36027.0,2482,2460,35,0,2425,2391,293718,57,0,0,57,69
2020-04-24,US,New York,Erie,2603,198,0,42.76249024,-78.73063652,36029.0,2405,2450,188,0,2262,2284,919719,153,10,0,143,166
2020-04-24,US,New York,Essex,22,0,0,44.11630765,-73.77297842,36031.0,22,22,0,0,22,22,37300,0,0,0,0,0
2020-04-24,US,New York,Franklin,13,0,0,44.59040891,-74.29926032,36033.0,13,13,0,0,13,13,50293,0,0,0,0,0
2020-04-24,US,New York,Fulton,29,0,0,43.11363907,-74.41798804,36035.0,29,28,0,0,28,28,53591,1,0,0,1,0
2020-04-24,US,New York,Genesee,127,3,0,43.0022601,-78.19135193,36037.0,124,126,3,0,123,122,57511,1,0,0,1,4
2020-04-24,US,New York,Greene,90,5,0,42.275797,-74.12384884,36039.0,85,89,0,0,89,87,47491,1,5,0,-4,2
2020-04-24,US,New York,Hamilton,3,0,0,43.66146647,-74.49721957,36041.0,3,3,0,0,3,3,4434,0,0,0,0,0
2020-04-24,US,New York,Herkimer,56,3,0,43.42034246,-74.96145307,36043.0,53,54,3,0,51,53,61833,2,0,0,2,1
2020-04-24,US,New York,Jefferson,58,0,0,44.04200959,-75.94653457,36045.0,58,56,0,0,56,54,111755,2,0,0,2,2
2020-04-24,US,New York,Lewis,9,0,0,43.784415700000004,-75.44903992,36049.0,9,9,0,0,9,9,26447,0,0,0,0,0
2020-04-24,US,New York,Livingston,44,5,0,42.72596275,-77.77966158,36051.0,39,41,5,0,36,39,63227,3,0,0,3,2
2020-04-24,US,New York,Madison,106,5,0,42.91653905,-75.67266639,36053.0,101,106,5,0,101,121,70795,0,0,0,0,-15
2020-04-24,US,New York,Monroe,1199,96,0,43.14638895,-77.69322942,36055.0,1103,1152,91,0,1061,1112,742474,47,5,0,42,40
2020-04-24,US,New York,Montgomery,39,1,0,42.90123494,-74.44011632,36057.0,38,39,1,0,38,38,49455,0,0,0,0,1
2020-04-24,US,New York,Nassau,32765,1518,0,40.74066522,-73.58941873,36059.0,31247,32124,1471,0,30653,31555,1358343,641,47,0,594,569
2020-04-24,US,New York,New York City,150473,16646,0,40.76727260000001,-73.97152637,36061.0,133827,145855,16388,0,129467,147297,1628701,4618,258,0,4360,-1442
2020-04-24,US,New York,Niagara,332,21,0,43.19898042,-78.74777412,36063.0,311,295,18,0,277,268,210433,37,3,0,34,27
2020-04-24,US,New York,Oneida,323,11,0,43.24375382,-75.43710392,36065.0,312,317,11,0,306,301,229577,6,0,0,6,16
2020-04-24,US,New York,Onondaga,639,25,0,43.00491923,-76.19971155,36067.0,614,600,23,0,577,667,461809,39,2,0,37,-67
2020-04-24,US,New York,Ontario,73,9,0,42.85145728,-77.30874425,36069.0,64,73,0,0,73,73,109864,0,9,0,-9,0
2020-04-24,US,New York,Orange,7155,274,0,41.40337468,-74.30240757,36071.0,6881,6816,268,0,6548,7152,381951,339,6,0,333,-336
2020-04-24,US,New York,Orleans,60,7,0,43.2516977,-78.2320066,36073.0,53,59,5,0,54,56,40612,1,2,0,-1,3
2020-04-24,US,New York,Oswego,51,2,0,43.42778894,-76.14635194,36075.0,49,49,2,0,47,52,117898,2,0,0,2,-3
2020-04-24,US,New York,Otsego,50,4,0,42.63492579,-75.03151402,36077.0,46,50,4,0,46,49,59749,0,0,0,0,1
2020-04-24,US,New York,Putnam,619,7,0,41.42630093,-73.74965532,36079.0,612,615,7,0,608,831,98892,4,0,0,4,-216
2020-04-24,US,New York,Rensselaer,198,11,0,42.71348136,-73.51089874,36083.0,187,191,10,0,181,202,159442,7,1,0,6,-11
2020-04-24,US,New York,Rockland,10091,453,0,41.15027894,-74.02560498,36087.0,9638,9828,436,0,9392,9699,325695,263,17,0,246,129
2020-04-24,US,New York,Saratoga,278,11,0,43.10904162,-73.86653895,36091.0,267,265,7,0,258,277,230163,13,4,0,9,-12
2020-04-24,US,New York,Schenectady,297,15,0,42.81668777,-74.05278291,36093.0,282,288,15,0,273,352,155350,9,0,0,9,-64
2020-04-24,US,New York,Schoharie,21,0,0,42.58831742,-74.44339029999998,36095.0,21,21,0,0,21,20,31097,0,0,0,0,1
2020-04-24,US,New York,Schuyler,7,0,0,42.39184015,-76.8773299,36097.0,7,7,0,0,7,8,17912,0,0,0,0,-1
2020-04-24,US,New York,Seneca,18,0,0,42.78081007,-76.82497064,36099.0,18,18,0,0,18,18,34300,0,0,0,0,0
2020-04-24,US,New York,St. Lawrence,144,0,0,44.4976179,-75.06550039,36089.0,144,139,0,0,139,123,108047,5,0,0,5,16
2020-04-24,US,New York,Steuben,171,33,0,42.2689144,-77.3829924,36101.0,138,171,33,0,138,214,95796,0,0,0,0,-43
2020-04-24,US,New York,Suffolk,30606,993,0,40.88320119,-72.8012172,36103.0,29613,29567,959,0,28608,28854,1481093,1039,34,0,1005,713
2020-04-24,US,New York,Sullivan,628,17,0,41.71579493,-74.76394559,36105.0,611,580,17,0,563,592,75498,48,0,0,48,-12
2020-04-24,US,New York,Tioga,40,5,0,42.16852837,-76.30835812,36107.0,35,40,4,0,36,39,48560,0,1,0,-1,1
2020-04-24,US,New York,Tompkins,121,0,0,42.44945765,-76.47229843,36109.0,121,119,0,0,119,123,102793,2,0,0,2,-4
2020-04-24,US,New York,Ulster,976,23,0,41.89027881,-74.26252104,36111.0,953,942,21,0,921,1018,178599,34,2,0,32,-76
2020-04-24,US,New York,Warren,122,0,0,43.56173026,-73.8433699,36113.0,122,119,0,0,119,108,64265,3,0,0,3,11
2020-04-24,US,New York,Washington,83,2,0,43.31153794,-73.43043448,36115.0,81,80,2,0,78,73,61197,3,0,0,3,7
2020-04-24,US,New York,Wayne,53,0,0,43.15494365,-77.02976528,36117.0,53,53,0,0,53,52,90064,0,0,0,0,1
2020-04-24,US,New York,Westchester,26633,891,0,41.16278376,-73.75741653,36119.0,25742,25959,863,0,25096,25276,967612,674,28,0,646,683
2020-04-24,US,New York,Wyoming,43,5,0,42.70145109,-78.22199579,36121.0,38,41,4,0,37,44,40085,2,1,0,1,-3
2020-04-24,US,New York,Yates,11,1,0,42.63505484,-77.10369919,36123.0,10,11,1,0,10,11,24841,0,0,0,0,0
2020-04-24,US,North Carolina,Alamance,73,1,0,36.0434701,-79.39976137,37001.0,72,63,0,0,63,60,166436,10,1,0,9,3
2020-04-24,US,North Carolina,Alexander,4,0,0,35.922379600000006,-81.17751948,37003.0,4,4,0,0,4,4,37353,0,0,0,0,0
2020-04-24,US,North Carolina,Alleghany,2,0,0,36.49360862,-81.12857041,37005.0,2,2,0,0,2,2,11161,0,0,0,0,0
2020-04-24,US,North Carolina,Anson,20,0,0,34.97403241,-80.09953279,37007.0,20,19,0,0,19,19,24877,1,0,0,1,0
2020-04-24,US,North Carolina,Ashe,4,0,0,36.43296207,-81.49862729,37009.0,4,4,0,0,4,4,27109,0,0,0,0,0
2020-04-24,US,North Carolina,Beaufort,16,0,0,35.48531943,-76.84325809,37013.0,16,16,0,0,16,16,47079,0,0,0,0,0
2020-04-24,US,North Carolina,Bertie,34,1,0,36.0688473,-76.96545943,37015.0,33,31,1,0,30,27,19026,3,0,0,3,4
2020-04-24,US,North Carolina,Bladen,6,0,0,34.61296243,-78.56180059,37017.0,6,5,0,0,5,4,33190,1,0,0,1,1
2020-04-24,US,North Carolina,Brunswick,39,2,0,34.070565,-78.22814204,37019.0,37,39,2,0,37,38,136744,0,0,0,0,1
2020-04-24,US,North Carolina,Buncombe,52,3,0,35.61113393,-82.53305,37021.0,49,49,3,0,46,49,259103,3,0,0,3,0
2020-04-24,US,North Carolina,Burke,83,8,0,35.74989637,-81.70755735,37023.0,75,83,8,0,75,83,90382,0,0,0,0,0
2020-04-24,US,North Carolina,Cabarrus,249,8,0,35.3877799,-80.55267168,37025.0,241,236,7,0,229,232,211342,13,1,0,12,4
2020-04-24,US,North Carolina,Caldwell,27,0,0,35.95204977,-81.54799522,37027.0,27,26,0,0,26,23,82029,1,0,0,1,3
2020-04-24,US,North Carolina,Carteret,27,3,0,34.8932941,-76.54120135,37031.0,24,27,3,0,24,27,69524,0,0,0,0,0
2020-04-24,US,North Carolina,Caswell,14,0,0,36.39312665,-79.33353281,37033.0,14,13,0,0,13,12,22698,1,0,0,1,1
2020-04-24,US,North Carolina,Catawba,49,1,0,35.66211129,-81.2132617,37035.0,48,47,1,0,46,47,158652,2,0,0,2,0
2020-04-24,US,North Carolina,Chatham,179,6,0,35.70394416,-79.25541492,37037.0,173,156,6,0,150,135,73139,23,0,0,23,21
2020-04-24,US,North Carolina,Cherokee,16,1,0,35.1349263,-84.05970864,37039.0,15,16,1,0,15,18,28383,0,0,0,0,-2
2020-04-24,US,North Carolina,Chowan,6,0,0,36.12908077,-76.60118385,37041.0,6,6,0,0,6,6,14029,0,0,0,0,0
2020-04-24,US,North Carolina,Clay,6,0,0,35.05704275,-83.74353633,37043.0,6,6,0,0,6,6,11139,0,0,0,0,0
2020-04-24,US,North Carolina,Cleveland,46,2,0,35.33553364,-81.55204486,37045.0,44,45,2,0,43,45,97645,1,0,0,1,0
2020-04-24,US,North Carolina,Columbus,87,5,0,34.26744084,-78.65801424,37047.0,82,76,5,0,71,76,55655,11,0,0,11,0
2020-04-24,US,North Carolina,Craven,39,4,0,35.11833364,-77.08398081,37049.0,35,37,4,0,33,36,102912,2,0,0,2,1
2020-04-24,US,North Carolina,Cumberland,189,6,0,35.04762133,-78.82623165,37051.0,183,154,6,0,148,133,332330,35,0,0,35,21
2020-04-24,US,North Carolina,Currituck,2,0,0,36.36123664,-75.95876401,37053.0,2,2,0,0,2,3,27072,0,0,0,0,-1
2020-04-24,US,North Carolina,Dare,15,1,0,35.66520691,-75.71767334,37055.0,14,15,1,0,14,15,36501,0,0,0,0,0
2020-04-24,US,North Carolina,Davidson,113,4,0,35.79115496,-80.21256572,37057.0,109,107,2,0,105,103,166614,6,2,0,4,4
2020-04-24,US,North Carolina,Davie,29,2,0,35.93099927,-80.54496571,37059.0,27,24,2,0,22,24,42733,5,0,0,5,0
2020-04-24,US,North Carolina,Duplin,51,0,0,34.93449805,-77.93140529,37061.0,51,41,0,0,41,35,58856,10,0,0,10,6
2020-04-24,US,North Carolina,Durham,541,9,0,36.03638492,-78.87608331,37063.0,532,500,9,0,491,439,316739,41,0,0,41,61
2020-04-24,US,North Carolina,Edgecombe,67,1,0,35.91230639,-77.59436892,37065.0,66,62,1,0,61,60,52005,5,0,0,5,2
2020-04-24,US,North Carolina,Forsyth,146,5,0,36.12859861,-80.25459052,37067.0,141,143,5,0,138,141,379099,3,0,0,3,2
2020-04-24,US,North Carolina,Franklin,87,14,0,36.081519,-78.28708884,37069.0,73,77,13,0,64,75,67560,10,1,0,9,2
2020-04-24,US,North Carolina,Gaston,127,3,0,35.29373559,-81.17477045,37071.0,124,126,3,0,123,124,222846,1,0,0,1,2
2020-04-24,US,North Carolina,Gates,6,0,0,36.44667547,-76.69749701,37073.0,6,6,0,0,6,4,11573,0,0,0,0,2
2020-04-24,US,North Carolina,Granville,123,5,0,36.30337451,-78.65184241,37077.0,118,123,5,0,118,118,60115,0,0,0,0,5
2020-04-24,US,North Carolina,Greene,15,0,0,35.48544173,-77.67578087,37079.0,15,14,0,0,14,14,21012,1,0,0,1,0
2020-04-24,US,North Carolina,Guilford,275,19,0,36.07959451,-79.78824948,37081.0,256,240,16,0,224,233,533670,35,3,0,32,7
2020-04-24,US,North Carolina,Halifax,40,1,0,36.25669272,-77.6556109,37083.0,39,40,1,0,39,39,50574,0,0,0,0,1
2020-04-24,US,North Carolina,Harnett,77,5,0,35.36731853,-78.87243571,37085.0,72,74,5,0,69,66,134214,3,0,0,3,8
2020-04-24,US,North Carolina,Haywood,5,0,0,35.55269063,-82.98196486,37087.0,5,5,0,0,5,5,61971,0,0,0,0,0
2020-04-24,US,North Carolina,Henderson,156,14,0,35.33788927,-82.4766782,37089.0,142,145,14,0,131,147,116748,11,0,0,11,-2
2020-04-24,US,North Carolina,Hertford,17,1,0,36.3607755,-76.98104134,37091.0,16,14,1,0,13,11,23659,3,0,0,3,3
2020-04-24,US,North Carolina,Hoke,40,0,0,35.01888303,-79.23651674,37093.0,40,34,0,0,34,30,54764,6,0,0,6,4
2020-04-24,US,North Carolina,Iredell,98,4,0,35.80950511,-80.8743128,37097.0,94,94,3,0,91,94,178435,4,1,0,3,0
2020-04-24,US,North Carolina,Jackson,5,0,0,35.28814273,-83.14093385,37099.0,5,5,0,0,5,5,43327,0,0,0,0,0
2020-04-24,US,North Carolina,Johnston,128,11,0,35.51745004,-78.36622717,37101.0,117,125,11,0,114,123,202675,3,0,0,3,2
2020-04-24,US,North Carolina,Jones,12,2,0,35.02254606,-77.35870791,37103.0,10,12,2,0,10,12,9637,0,0,0,0,0
2020-04-24,US,North Carolina,Lee,92,0,0,35.47623147,-79.17569362,37105.0,92,65,0,0,65,66,61452,27,0,0,27,-1
2020-04-24,US,North Carolina,Lenoir,37,2,0,35.24032589999999,-77.64245615,37107.0,35,34,1,0,33,34,55976,3,1,0,2,0
2020-04-24,US,North Carolina,Lincoln,25,0,0,35.48508185,-81.21740317,37109.0,25,25,0,0,25,24,83770,0,0,0,0,1
2020-04-24,US,North Carolina,Macon,2,1,0,35.14867843,-83.41696617,37113.0,1,2,1,0,1,2,35285,0,0,0,0,0
2020-04-24,US,North Carolina,Martin,13,0,0,35.84326734,-77.10860251,37117.0,13,12,0,0,12,11,22671,1,0,0,1,1
2020-04-24,US,North Carolina,McDowell,21,1,0,35.67736232,-82.0482425,37111.0,20,21,1,0,20,21,45507,0,0,0,0,0
2020-04-24,US,North Carolina,Mecklenburg,1407,37,0,35.24469268,-80.8317671,37119.0,1370,1377,37,0,1340,1331,1093901,30,0,0,30,46
2020-04-24,US,North Carolina,Mitchell,5,0,0,36.01059309,-82.1582442,37121.0,5,5,0,0,5,7,15000,0,0,0,0,-2
2020-04-24,US,North Carolina,Montgomery,21,1,0,35.33155144,-79.90416657,37123.0,20,19,1,0,18,18,27271,2,0,0,2,1
2020-04-24,US,North Carolina,Moore,104,6,0,35.30885257,-79.48474178,37125.0,98,104,6,0,98,99,98682,0,0,0,0,5
2020-04-24,US,North Carolina,Nash,74,1,0,35.96575634,-77.98422508,37127.0,73,74,1,0,73,74,94016,0,0,0,0,0
2020-04-24,US,North Carolina,New Hanover,76,3,0,34.25758282,-77.87075626,37129.0,73,74,3,0,71,69,232274,2,0,0,2,5
2020-04-24,US,North Carolina,Northampton,79,3,0,36.41736238,-77.39769443,37131.0,76,75,2,0,73,75,19676,4,1,0,3,0
2020-04-24,US,North Carolina,Onslow,40,1,0,34.72607366,-77.42908179,37133.0,39,39,1,0,38,38,197683,1,0,0,1,1
2020-04-24,US,North Carolina,Orange,200,8,0,36.06092947,-79.12167935,37135.0,192,199,8,0,191,195,146027,1,0,0,1,4
2020-04-24,US,North Carolina,Pamlico,7,0,0,35.15253315,-76.66559823,37137.0,7,6,0,0,6,6,12670,1,0,0,1,0
2020-04-24,US,North Carolina,Pasquotank,34,1,0,36.26723798,-76.25134778,37139.0,33,33,1,0,32,32,39639,1,0,0,1,1
2020-04-24,US,North Carolina,Pender,11,0,0,34.52265624,-77.90352133,37141.0,11,11,0,0,11,11,62162,0,0,0,0,0
2020-04-24,US,North Carolina,Perquimans,10,0,0,36.17847453,-76.40603143,37143.0,10,8,0,0,8,8,13422,2,0,0,2,0
2020-04-24,US,North Carolina,Person,19,0,0,36.38989032,-78.97217358,37145.0,19,19,0,0,19,18,39507,0,0,0,0,1
2020-04-24,US,North Carolina,Pitt,104,2,0,35.59535426,-77.37353178,37147.0,102,101,2,0,99,99,179914,3,0,0,3,2
2020-04-24,US,North Carolina,Polk,13,0,0,35.27820615,-82.16812354,37149.0,13,11,0,0,11,11,20611,2,0,0,2,0
2020-04-24,US,North Carolina,Randolph,107,2,0,35.71015088,-79.80570339,37151.0,105,97,2,0,95,97,143351,10,0,0,10,0
2020-04-24,US,North Carolina,Richmond,30,2,0,35.00417719,-79.74491009,37153.0,28,28,2,0,26,22,44887,2,0,0,2,6
2020-04-24,US,North Carolina,Robeson,85,3,0,34.64244496,-79.10250529999998,37155.0,82,53,3,0,50,44,131831,32,0,0,32,9
2020-04-24,US,North Carolina,Rockingham,22,2,0,36.39593137,-79.77504841,37157.0,20,22,2,0,20,20,90690,0,0,0,0,2
2020-04-24,US,North Carolina,Rowan,323,20,0,35.64003916,-80.52446628,37159.0,303,290,20,0,270,269,141262,33,0,0,33,21
2020-04-24,US,North Carolina,Rutherford,105,5,0,35.40114178,-81.92112099,37161.0,100,92,5,0,87,84,66826,13,0,0,13,8
2020-04-24,US,North Carolina,Sampson,31,0,0,34.98820368,-78.36914061,37163.0,31,25,0,0,25,23,63626,6,0,0,6,2
2020-04-24,US,North Carolina,Scotland,17,0,0,34.8386299,-79.4757978,37165.0,17,16,0,0,16,15,34810,1,0,0,1,1
2020-04-24,US,North Carolina,Stanly,24,4,0,35.31647813,-80.25093221,37167.0,20,24,4,0,20,22,62075,0,0,0,0,2
2020-04-24,US,North Carolina,Stokes,11,0,0,36.4017975,-80.23893369,37169.0,11,11,0,0,11,10,45467,0,0,0,0,1
2020-04-24,US,North Carolina,Surry,12,0,0,36.41689489,-80.69102283,37171.0,12,12,0,0,12,17,71948,0,0,0,0,-5
2020-04-24,US,North Carolina,Transylvania,7,0,0,35.20383864,-82.79638423,37175.0,7,7,0,0,7,8,34215,0,0,0,0,-1
2020-04-24,US,North Carolina,Tyrrell,4,0,0,35.87147226,-76.17055253,37177.0,4,4,0,0,4,4,4131,0,0,0,0,0
2020-04-24,US,North Carolina,Union,190,7,0,34.98960527,-80.52955873,37179.0,183,186,7,0,179,179,235908,4,0,0,4,7
2020-04-24,US,North Carolina,Vance,40,2,0,36.36880673,-78.40670845,37181.0,38,38,1,0,37,36,44582,2,1,0,1,2
2020-04-24,US,North Carolina,Wake,640,12,0,35.78879266,-78.65249174,37183.0,628,633,11,0,622,613,1092305,7,1,0,6,20
2020-04-24,US,North Carolina,Warren,3,0,0,36.39728256,-78.10652228,37185.0,3,3,0,0,3,3,19807,0,0,0,0,0
2020-04-24,US,North Carolina,Washington,23,2,0,35.83810081,-76.57299037,37187.0,21,22,2,0,20,22,11859,1,0,0,1,0
2020-04-24,US,North Carolina,Watauga,8,0,0,36.23103603,-81.70033724,37189.0,8,8,0,0,8,8,55945,0,0,0,0,0
2020-04-24,US,North Carolina,Wayne,603,6,0,35.36438125,-78.00027268,37191.0,597,597,6,0,591,585,123248,6,0,0,6,12
2020-04-24,US,North Carolina,Wilkes,11,1,0,36.2084135,-81.16232895,37193.0,10,8,1,0,7,5,68557,3,0,0,3,3
2020-04-24,US,North Carolina,Wilson,146,6,0,35.70625477,-77.917978,37195.0,140,130,6,0,124,127,81455,16,0,0,16,3
2020-04-24,US,North Carolina,Yadkin,12,1,0,36.16222629,-80.66239436,37197.0,11,12,1,0,11,11,37543,0,0,0,0,1
2020-04-24,US,North Dakota,Barnes,3,0,0,46.93579637,-98.06605978,38003.0,3,3,0,0,3,3,10542,0,0,0,0,0
2020-04-24,US,North Dakota,Bowman,1,0,0,46.11285362,-103.5203343,38011.0,1,1,0,0,1,1,3076,0,0,0,0,0
2020-04-24,US,North Dakota,Burke,3,0,0,48.79094471,-102.51821170000001,38013.0,3,3,0,0,3,2,2100,0,0,0,0,1
2020-04-24,US,North Dakota,Burleigh,68,0,0,46.97847375,-100.46452140000001,38015.0,68,67,0,0,67,65,95273,1,0,0,1,2
2020-04-24,US,North Dakota,Cass,318,8,0,46.93201724,-97.24447190000001,38017.0,310,290,8,0,282,274,181516,28,0,0,28,16
2020-04-24,US,North Dakota,Divide,1,0,0,48.814938700000006,-103.48736109999999,38023.0,1,1,0,0,1,1,2283,0,0,0,0,0
2020-04-24,US,North Dakota,Dunn,10,0,0,47.35423935,-102.61604679999999,38025.0,10,10,0,0,10,10,4332,0,0,0,0,0
2020-04-24,US,North Dakota,Eddy,1,0,0,47.71701474,-98.90432337,38027.0,1,1,0,0,1,1,2313,0,0,0,0,0
2020-04-24,US,North Dakota,Emmons,1,1,0,46.28398398,-100.2389766,38029.0,0,1,1,0,0,1,3295,0,0,0,0,0
2020-04-24,US,North Dakota,Foster,1,0,0,47.457108399999996,-98.88279923,38031.0,1,1,0,0,1,1,3216,0,0,0,0,0
2020-04-24,US,North Dakota,Grand Forks,170,0,0,47.92093639,-97.45450447,38035.0,170,162,0,0,162,154,70770,8,0,0,8,8
2020-04-24,US,North Dakota,Grant,1,0,0,46.35821257,-101.63900129999999,38037.0,1,1,0,0,1,1,2374,0,0,0,0,0
2020-04-24,US,North Dakota,McHenry,1,1,0,48.23104458,-100.6324822,38049.0,0,1,1,0,0,1,5816,0,0,0,0,0
2020-04-24,US,North Dakota,McIntosh,1,0,0,46.11182017,-99.44145858,38051.0,1,1,0,0,1,1,2585,0,0,0,0,0
2020-04-24,US,North Dakota,McKenzie,10,0,0,47.74133370000001,-103.395905,38053.0,10,10,0,0,10,10,13632,0,0,0,0,0
2020-04-24,US,North Dakota,McLean,3,0,0,47.60766714,-101.3182418,38055.0,3,3,0,0,3,3,9541,0,0,0,0,0
2020-04-24,US,North Dakota,Morton,23,2,0,46.71681782,-101.2822377,38059.0,21,23,2,0,21,23,31095,0,0,0,0,0
2020-04-24,US,North Dakota,Mountrail,33,0,0,48.20197971,-102.3555315,38061.0,33,33,0,0,33,31,10218,0,0,0,0,2
2020-04-24,US,North Dakota,Nelson,1,0,0,47.9226426,-98.19038437,38063.0,1,1,0,0,1,1,2869,0,0,0,0,0
2020-04-24,US,North Dakota,Oliver,1,0,0,47.11530482,-101.3406158,38065.0,1,1,0,0,1,1,1952,0,0,0,0,0
2020-04-24,US,North Dakota,Pierce,2,0,0,48.24977025,-99.96407787,38069.0,2,2,0,0,2,2,4081,0,0,0,0,0
2020-04-24,US,North Dakota,Ramsey,3,0,0,48.26886249,-98.72223879,38071.0,3,3,0,0,3,3,11481,0,0,0,0,0
2020-04-24,US,North Dakota,Richland,7,0,0,46.26440649,-96.94852979,38077.0,7,7,0,0,7,6,16239,0,0,0,0,1
2020-04-24,US,North Dakota,Rolette,1,0,0,48.77245354,-99.84097493,38079.0,1,1,0,0,1,1,14301,0,0,0,0,0
2020-04-24,US,North Dakota,Sargent,1,0,0,46.10830372,-97.63217159,38081.0,1,1,0,0,1,1,3870,0,0,0,0,0
2020-04-24,US,North Dakota,Sioux,1,0,0,46.11323337,-101.04401490000001,38085.0,1,1,0,0,1,1,4358,0,0,0,0,0
2020-04-24,US,North Dakota,Slope,3,0,0,46.44737738,-103.4601547,38087.0,3,3,0,0,3,3,763,0,0,0,0,0
2020-04-24,US,North Dakota,Stark,40,2,0,46.80851182,-102.65763259999999,38089.0,38,40,2,0,38,40,30997,0,0,0,0,0
2020-04-24,US,North Dakota,Stutsman,3,0,0,46.97962541,-98.95637318,38093.0,3,3,0,0,3,3,20917,0,0,0,0,0
2020-04-24,US,North Dakota,Walsh,4,0,0,48.36876964,-97.72574783,38099.0,4,3,0,0,3,3,10667,1,0,0,1,0
2020-04-24,US,North Dakota,Ward,21,1,0,48.22390169,-101.54367629999999,38101.0,20,21,1,0,20,21,67744,0,0,0,0,0
2020-04-24,US,North Dakota,Wells,1,0,0,47.58614526,-99.65904998,38103.0,1,1,0,0,1,1,3957,0,0,0,0,0
2020-04-24,US,North Dakota,Williams,10,0,0,48.34522353,-103.4793387,38105.0,10,9,0,0,9,9,35350,1,0,0,1,0
2020-04-24,US,Ohio,Adams,4,0,0,38.84541072,-83.4718964,39001.0,4,4,0,0,4,4,27724,0,0,0,0,0
2020-04-24,US,Ohio,Allen,108,15,0,40.77285242,-84.10802343,39003.0,93,100,14,0,86,94,102663,8,1,0,7,6
2020-04-24,US,Ohio,Ashland,5,0,0,40.84772277,-82.27280781,39005.0,5,5,0,0,5,5,53745,0,0,0,0,0
2020-04-24,US,Ohio,Ashtabula,103,8,0,41.70860332,-80.74830218,39007.0,95,98,7,0,91,80,97493,5,1,0,4,18
2020-04-24,US,Ohio,Athens,3,1,0,39.33425634,-82.04278644,39009.0,2,4,1,0,3,3,65818,-1,0,0,-1,1
2020-04-24,US,Ohio,Auglaize,29,3,0,40.55998859,-84.22421429999999,39011.0,26,29,3,0,26,28,45804,0,0,0,0,1
2020-04-24,US,Ohio,Belmont,98,6,0,40.01625942,-80.9924051,39013.0,92,95,6,0,89,93,67505,3,0,0,3,2
2020-04-24,US,Ohio,Brown,11,1,0,38.93416837,-83.86788395,39015.0,10,11,1,0,10,10,43602,0,0,0,0,1
2020-04-24,US,Ohio,Butler,208,4,0,39.44012838,-84.57388716,39017.0,204,201,4,0,197,192,382378,7,0,0,7,9
2020-04-24,US,Ohio,Carroll,19,1,0,40.578968599999996,-81.09178213,39019.0,18,18,0,0,18,18,27081,1,1,0,0,0
2020-04-24,US,Ohio,Champaign,8,1,0,40.13923427,-83.76875242,39021.0,7,8,1,0,7,7,38754,0,0,0,0,1
2020-04-24,US,Ohio,Clark,30,1,0,39.91592258,-83.78498252,39023.0,29,29,1,0,28,28,134585,1,0,0,1,1
2020-04-24,US,Ohio,Clermont,77,2,0,39.04847534,-84.15375786,39025.0,75,76,2,0,74,73,205466,1,0,0,1,3
2020-04-24,US,Ohio,Clinton,27,0,0,39.41485808,-83.80852286,39027.0,27,27,0,0,27,26,42057,0,0,0,0,1
2020-04-24,US,Ohio,Columbiana,214,18,0,40.76932373,-80.78094576,39029.0,196,208,16,0,192,195,102665,6,2,0,4,13
2020-04-24,US,Ohio,Coshocton,16,0,0,40.30096166,-81.91729018,39031.0,16,16,0,0,16,16,36629,0,0,0,0,0
2020-04-24,US,Ohio,Crawford,38,0,0,40.85065156,-82.91989099,39033.0,38,37,0,0,37,36,41550,1,0,0,1,1
2020-04-24,US,Ohio,Cuyahoga,1817,91,0,41.424119,-81.65918339,39035.0,1726,1768,83,0,1685,1713,1243857,49,8,0,41,55
2020-04-24,US,Ohio,Darke,74,12,0,40.13412966,-84.6194517,39037.0,62,62,12,0,50,62,51323,12,0,0,12,0
2020-04-24,US,Ohio,Defiance,18,1,0,41.32398837,-84.49076944,39039.0,17,17,1,0,16,17,38165,1,0,0,1,0
2020-04-24,US,Ohio,Delaware,137,3,0,40.27942393,-83.00457058,39041.0,134,132,3,0,129,128,204826,5,0,0,5,4
2020-04-24,US,Ohio,Erie,44,3,0,41.36796058,-82.62904521,39043.0,41,43,3,0,40,44,74615,1,0,0,1,-1
2020-04-24,US,Ohio,Fairfield,108,2,0,39.75107189,-82.63088163,39045.0,106,109,2,0,107,106,155782,-1,0,0,-1,3
2020-04-24,US,Ohio,Fayette,13,0,0,39.56021306,-83.4562016,39047.0,13,13,0,0,13,13,28666,0,0,0,0,0
2020-04-24,US,Ohio,Franklin,1768,48,0,39.96995815,-83.01115755,39049.0,1720,1673,46,0,1627,1598,1310300,95,2,0,93,75
2020-04-24,US,Ohio,Fulton,18,0,0,41.60213491,-84.12571393,39051.0,18,18,0,0,18,18,42276,0,0,0,0,0
2020-04-24,US,Ohio,Gallia,6,1,0,38.82708533,-82.31647569,39053.0,5,6,1,0,5,6,29979,0,0,0,0,0
2020-04-24,US,Ohio,Geauga,126,9,0,41.49952319,-81.17935342,39055.0,117,119,9,0,110,117,94031,7,0,0,7,2
2020-04-24,US,Ohio,Greene,40,3,0,39.69116283,-83.89032084,39057.0,37,40,3,0,37,39,167995,0,0,0,0,1
2020-04-24,US,Ohio,Guernsey,15,0,0,40.05026529,-81.49248905,39059.0,15,15,0,0,15,15,39022,0,0,0,0,0
2020-04-24,US,Ohio,Hamilton,932,51,0,39.19673558,-84.54502924,39061.0,881,868,47,0,821,785,816684,64,4,0,60,83
2020-04-24,US,Ohio,Hancock,34,1,0,41.00250487,-83.66838948,39063.0,33,32,1,0,31,30,75930,2,0,0,2,2
2020-04-24,US,Ohio,Hardin,21,0,0,40.66015414,-83.65929931,39065.0,21,20,0,0,20,20,31480,1,0,0,1,0
2020-04-24,US,Ohio,Harrison,2,0,0,40.29380509,-81.09068544,39067.0,2,2,0,0,2,2,15174,0,0,0,0,0
2020-04-24,US,Ohio,Henry,4,0,0,41.333964200000004,-84.06830637,39069.0,4,4,0,0,4,4,27086,0,0,0,0,0
2020-04-24,US,Ohio,Highland,8,0,0,39.1839264,-83.60331456,39071.0,8,8,0,0,8,8,43058,0,0,0,0,0
2020-04-24,US,Ohio,Hocking,6,1,0,39.49537927,-82.47991446,39073.0,5,5,1,0,4,5,28385,1,0,0,1,0
2020-04-24,US,Ohio,Holmes,5,1,0,40.56163713,-81.92635677,39075.0,4,5,1,0,4,4,43892,0,0,0,0,1
2020-04-24,US,Ohio,Huron,25,1,0,41.14651175,-82.59867951,39077.0,24,24,1,0,23,25,58504,1,0,0,1,-1
2020-04-24,US,Ohio,Jackson,4,0,0,39.01914254,-82.61818559999998,39079.0,4,4,0,0,4,4,32384,0,0,0,0,0
2020-04-24,US,Ohio,Jefferson,33,1,0,40.38614126,-80.76259514,39081.0,32,33,1,0,32,31,65767,0,0,0,0,2
2020-04-24,US,Ohio,Knox,15,1,0,40.39830217,-82.42027563,39083.0,14,14,1,0,13,13,61893,1,0,0,1,1
2020-04-24,US,Ohio,Lake,154,7,0,41.69710807,-81.23676539,39085.0,147,148,6,0,142,145,230514,6,1,0,5,3
2020-04-24,US,Ohio,Lawrence,22,0,0,38.59743452,-82.53466552,39087.0,22,22,0,0,22,22,59866,0,0,0,0,0
2020-04-24,US,Ohio,Licking,105,4,0,40.09136236,-82.48185785,39089.0,101,104,4,0,100,103,175769,1,0,0,1,1
2020-04-24,US,Ohio,Logan,16,0,0,40.38996525,-83.76784341,39091.0,16,15,0,0,15,14,45358,1,0,0,1,1
2020-04-24,US,Ohio,Lorain,366,19,0,41.29553751,-82.15083537,39093.0,347,344,19,0,325,332,309461,22,0,0,22,12
2020-04-24,US,Ohio,Lucas,985,58,0,41.62101218,-83.65468618,39095.0,927,936,55,0,881,878,429899,49,3,0,46,58
2020-04-24,US,Ohio,Madison,47,3,0,39.89381073,-83.40178317,39097.0,44,38,3,0,35,30,44413,9,0,0,9,8
2020-04-24,US,Ohio,Mahoning,688,65,0,41.01631101,-80.77287029,39099.0,623,666,62,0,604,635,229642,22,3,0,19,31
2020-04-24,US,Ohio,Marion,2169,4,0,40.58610662,-83.15736305,39101.0,2165,2161,3,0,2158,2137,65256,8,1,0,7,24
2020-04-24,US,Ohio,Medina,149,13,0,41.11770589,-81.89986209999998,39103.0,136,148,13,0,135,143,179146,1,0,0,1,5
2020-04-24,US,Ohio,Meigs,2,0,0,39.09224872,-82.0305041,39105.0,2,2,0,0,2,2,23106,0,0,0,0,0
2020-04-24,US,Ohio,Mercer,16,1,0,40.54043046,-84.62912742,39107.0,15,16,1,0,15,14,40959,0,0,0,0,2
2020-04-24,US,Ohio,Miami,134,24,0,40.0543329,-84.22871271,39109.0,110,134,23,0,111,134,106222,0,1,0,-1,0
2020-04-24,US,Ohio,Monroe,2,0,0,39.72984936,-81.08464734,39111.0,2,2,0,0,2,2,13790,0,0,0,0,0
2020-04-24,US,Ohio,Montgomery,251,9,0,39.75394919,-84.29050975,39113.0,242,250,12,0,238,241,532331,1,-3,0,4,9
2020-04-24,US,Ohio,Morgan,4,0,0,39.62081738,-81.85308173,39115.0,4,4,0,0,4,4,14604,0,0,0,0,0
2020-04-24,US,Ohio,Morrow,26,0,0,40.52363560000001,-82.7892599,39117.0,26,25,0,0,25,25,35112,1,0,0,1,0
2020-04-24,US,Ohio,Muskingum,12,0,0,39.96575964,-81.94363275,39119.0,12,10,0,0,10,9,86183,2,0,0,2,1
2020-04-24,US,Ohio,Noble,4,0,0,39.76818851,-81.45937183,39121.0,4,3,0,0,3,3,14354,1,0,0,1,0
2020-04-24,US,Ohio,Ottawa,35,0,0,41.53781826,-83.0940185,39123.0,35,34,0,0,34,32,40769,1,0,0,1,2
2020-04-24,US,Ohio,Paulding,8,0,0,41.11676341,-84.5801017,39125.0,8,7,0,0,7,8,18760,1,0,0,1,-1
2020-04-24,US,Ohio,Perry,12,0,0,39.73508655,-82.23804971,39127.0,12,11,0,0,11,11,36033,1,0,0,1,0
2020-04-24,US,Ohio,Pickaway,1659,5,0,39.64170392,-83.0243386,39129.0,1654,1661,5,0,1656,1658,58086,-2,0,0,-2,3
2020-04-24,US,Ohio,Pike,2,0,0,39.07634001,-83.06769584,39131.0,2,2,0,0,2,2,28067,0,0,0,0,0
2020-04-24,US,Ohio,Portage,213,31,0,41.16793482,-81.19735782,39133.0,182,206,31,0,175,197,162927,7,0,0,7,9
2020-04-24,US,Ohio,Preble,25,1,0,39.7420247,-84.64787018,39135.0,24,25,1,0,24,25,40997,0,0,0,0,0
2020-04-24,US,Ohio,Putnam,49,4,0,41.02094889,-84.1336111,39137.0,45,47,3,0,44,24,33780,2,1,0,1,23
2020-04-24,US,Ohio,Richland,73,1,0,40.77180308,-82.53799609999999,39139.0,72,70,1,0,69,68,121099,3,0,0,3,2
2020-04-24,US,Ohio,Ross,35,1,0,39.33705391,-83.06000914,39141.0,34,30,1,0,29,30,76931,5,0,0,5,0
2020-04-24,US,Ohio,Sandusky,20,2,0,41.35624126,-83.137872,39143.0,18,20,2,0,18,17,58799,0,0,0,0,3
2020-04-24,US,Ohio,Scioto,6,0,0,38.80270163,-82.98907345,39145.0,6,6,0,0,6,6,75502,0,0,0,0,0
2020-04-24,US,Ohio,Seneca,12,1,0,41.12351311,-83.12783209,39147.0,11,11,1,0,10,11,55207,1,0,0,1,0
2020-04-24,US,Ohio,Shelby,30,0,0,40.33163494,-84.20258189,39149.0,30,30,0,0,30,30,48627,0,0,0,0,0
2020-04-24,US,Ohio,Stark,294,34,0,40.81482476,-81.36437305,39151.0,260,290,30,0,260,266,371574,4,4,0,0,24
2020-04-24,US,Ohio,Summit,460,35,0,41.12464734,-81.53123079,39153.0,425,447,32,0,415,415,541918,13,3,0,10,32
2020-04-24,US,Ohio,Trumbull,278,23,0,41.31735028,-80.76109643,39155.0,255,272,22,0,250,261,198627,6,1,0,5,11
2020-04-24,US,Ohio,Tuscarawas,42,0,0,40.44214695,-81.47226262,39157.0,42,42,0,0,42,38,92176,0,0,0,0,4
2020-04-24,US,Ohio,Union,17,0,0,40.30016061,-83.37239023,39159.0,17,16,0,0,16,16,57835,1,0,0,1,0
2020-04-24,US,Ohio,Van Wert,3,0,0,40.8554138,-84.59111700000003,39161.0,3,3,0,0,3,3,28281,0,0,0,0,0
2020-04-24,US,Ohio,Warren,128,10,0,39.42581994,-84.16557457,39165.0,118,124,10,0,114,118,232173,4,0,0,4,6
2020-04-24,US,Ohio,Washington,80,8,0,39.45690571,-81.49121382,39167.0,72,75,8,0,67,73,60155,5,0,0,5,2
2020-04-24,US,Ohio,Wayne,91,18,0,40.82925852,-81.88844833,39169.0,73,88,18,0,70,85,115967,3,0,0,3,3
2020-04-24,US,Ohio,Williams,28,1,0,41.56052014,-84.58429552,39171.0,27,23,1,0,22,16,36804,5,0,0,5,7
2020-04-24,US,Ohio,Wood,122,15,0,41.36224827,-83.62285108,39173.0,107,105,15,0,90,98,130696,17,0,0,17,7
2020-04-24,US,Ohio,Wyandot,24,2,0,40.84339621,-83.30734173,39175.0,22,21,2,0,19,21,21935,3,0,0,3,0
2020-04-24,US,Oklahoma,Adair,53,3,0,35.88494195,-94.65859267,40001.0,50,50,3,0,47,49,22082,3,0,0,3,1
2020-04-24,US,Oklahoma,Alfalfa,1,0,0,36.73090616,-98.32408495,40003.0,1,1,0,0,1,1,5754,0,0,0,0,0
2020-04-24,US,Oklahoma,Atoka,1,0,0,34.37366573,-96.03802487,40005.0,1,1,0,0,1,1,13838,0,0,0,0,0
2020-04-24,US,Oklahoma,Beaver,2,0,0,36.7496847,-100.4758872,40007.0,2,1,0,0,1,1,5319,1,0,0,1,0
2020-04-24,US,Oklahoma,Beckham,2,0,0,35.26862449,-99.68128023,40009.0,2,2,0,0,2,2,21709,0,0,0,0,0
2020-04-24,US,Oklahoma,Bryan,6,1,0,33.96472458,-96.25903472,40013.0,5,6,1,0,5,6,47192,0,0,0,0,0
2020-04-24,US,Oklahoma,Caddo,53,6,0,35.17364557,-98.37534464,40015.0,47,53,5,0,48,53,28977,0,1,0,-1,0
2020-04-24,US,Oklahoma,Canadian,88,3,0,35.5426055,-97.98465569,40017.0,85,86,3,0,83,82,144447,2,0,0,2,4
2020-04-24,US,Oklahoma,Carter,2,0,0,34.25103751,-97.28552485,40019.0,2,2,0,0,2,1,48177,0,0,0,0,1
2020-04-24,US,Oklahoma,Cherokee,26,1,0,35.90692775,-94.99980896,40021.0,25,25,1,0,24,25,48675,1,0,0,1,0
2020-04-24,US,Oklahoma,Choctaw,3,0,0,34.02807439,-95.54771129,40023.0,3,3,0,0,3,3,14668,0,0,0,0,0
2020-04-24,US,Oklahoma,Cimarron,1,0,0,36.74817177,-102.5173885,40025.0,1,1,0,0,1,1,2153,0,0,0,0,0
2020-04-24,US,Oklahoma,Cleveland,393,27,0,35.20413532,-97.32519562,40027.0,366,388,26,0,362,372,281669,5,1,0,4,16
2020-04-24,US,Oklahoma,Comanche,76,1,0,34.65973764,-98.47195055,40031.0,75,75,1,0,74,71,120422,1,0,0,1,4
2020-04-24,US,Oklahoma,Cotton,5,1,0,34.28845626,-98.37053567,40033.0,4,5,1,0,4,5,5776,0,0,0,0,0
2020-04-24,US,Oklahoma,Craig,9,0,0,36.76268118,-95.20916602,40035.0,9,9,0,0,9,8,14306,0,0,0,0,1
2020-04-24,US,Oklahoma,Creek,72,6,0,35.90230551,-96.37086028,40037.0,66,71,5,0,66,70,71604,1,1,0,0,1
2020-04-24,US,Oklahoma,Custer,10,0,0,35.63853802,-99.00170785,40039.0,10,10,0,0,10,10,29036,0,0,0,0,0
2020-04-24,US,Oklahoma,Delaware,90,9,0,36.40823634,-94.80325046,40041.0,81,89,9,0,80,88,42733,1,0,0,1,1
2020-04-24,US,Oklahoma,Dewey,2,0,0,35.98772922,-99.00730714,40043.0,2,2,0,0,2,2,4894,0,0,0,0,0
2020-04-24,US,Oklahoma,Garfield,11,1,0,36.3791334,-97.78265517,40047.0,10,11,1,0,10,11,60913,0,0,0,0,0
2020-04-24,US,Oklahoma,Garvin,13,0,0,34.70418038,-97.30811132,40049.0,13,13,0,0,13,12,27811,0,0,0,0,1
2020-04-24,US,Oklahoma,Grady,31,1,0,35.0167709,-97.88339847,40051.0,30,31,1,0,30,25,55551,0,0,0,0,6
2020-04-24,US,Oklahoma,Grant,2,0,0,36.796296999999996,-97.78638765,40053.0,2,2,0,0,2,2,4326,0,0,0,0,0
2020-04-24,US,Oklahoma,Greer,64,6,0,34.93535801,-99.56056120000001,40055.0,58,63,6,0,57,61,5821,1,0,0,1,2
2020-04-24,US,Oklahoma,Harper,1,0,0,36.78836519,-99.6679804,40059.0,1,1,0,0,1,1,3797,0,0,0,0,0
2020-04-24,US,Oklahoma,Haskell,3,0,0,35.22257600000001,-95.11513306,40061.0,3,3,0,0,3,3,12668,0,0,0,0,0
2020-04-24,US,Oklahoma,Jackson,13,0,0,34.58781741,-99.41138784,40065.0,13,13,0,0,13,8,24949,0,0,0,0,5
2020-04-24,US,Oklahoma,Jefferson,2,0,0,34.11130184,-97.83182974,40067.0,2,2,0,0,2,2,6123,0,0,0,0,0
2020-04-24,US,Oklahoma,Johnston,3,0,0,34.31440473,-96.66011537,40069.0,3,3,0,0,3,3,10949,0,0,0,0,0
2020-04-24,US,Oklahoma,Kay,47,6,0,36.81799745,-97.14421435,40071.0,41,47,6,0,41,46,44161,0,0,0,0,1
2020-04-24,US,Oklahoma,Kingfisher,7,0,0,35.94530008,-97.94193268,40073.0,7,6,0,0,6,6,15816,1,0,0,1,0
2020-04-24,US,Oklahoma,Kiowa,4,0,0,34.91671958,-98.97720696,40075.0,4,4,0,0,4,3,8729,0,0,0,0,1
2020-04-24,US,Oklahoma,Latimer,4,1,0,34.87844729,-95.25215049,40077.0,3,4,1,0,3,4,10231,0,0,0,0,0
2020-04-24,US,Oklahoma,Le Flore,9,0,0,34.89851864,-94.70392124,40079.0,9,8,0,0,8,8,49980,1,0,0,1,0
2020-04-24,US,Oklahoma,Lincoln,10,0,0,35.70270942,-96.8812462,40081.0,10,10,0,0,10,10,34920,0,0,0,0,0
2020-04-24,US,Oklahoma,Logan,12,0,0,35.91899576,-97.44352845,40083.0,12,11,0,0,11,10,47291,1,0,0,1,1
2020-04-24,US,Oklahoma,Love,2,0,0,33.95273467,-97.23906784,40085.0,2,2,0,0,2,2,10134,0,0,0,0,0
2020-04-24,US,Oklahoma,Major,2,1,0,36.31149996,-98.53467076,40093.0,1,2,1,0,1,2,7644,0,0,0,0,0
2020-04-24,US,Oklahoma,Marshall,2,0,0,34.02311222,-96.76855464,40095.0,2,2,0,0,2,2,16806,0,0,0,0,0
2020-04-24,US,Oklahoma,Mayes,19,3,0,36.30179091,-95.23175116,40097.0,16,19,3,0,16,19,41107,0,0,0,0,0
2020-04-24,US,Oklahoma,McClain,30,0,0,35.01123903,-97.44572302,40087.0,30,28,0,0,28,25,39985,2,0,0,2,3
2020-04-24,US,Oklahoma,McCurtain,8,0,0,34.11664328,-94.77222373,40089.0,8,8,0,0,8,8,32703,0,0,0,0,0
2020-04-24,US,Oklahoma,McIntosh,2,0,0,35.37235506,-95.66599306,40091.0,2,2,0,0,2,2,19815,0,0,0,0,0
2020-04-24,US,Oklahoma,Murray,1,0,0,34.48116015,-97.06826283,40099.0,1,1,0,0,1,1,13953,0,0,0,0,0
2020-04-24,US,Oklahoma,Muskogee,26,4,0,35.61318461,-95.37802952,40101.0,22,26,4,0,22,26,68362,0,0,0,0,0
2020-04-24,US,Oklahoma,Noble,6,0,0,36.38953329,-97.22928674,40103.0,6,6,0,0,6,6,11289,0,0,0,0,0
2020-04-24,US,Oklahoma,Nowata,17,0,0,36.79843529,-95.61902331,40105.0,17,16,0,0,16,14,10218,1,0,0,1,2
2020-04-24,US,Oklahoma,Okfuskee,1,0,0,35.46485198,-96.32639984,40107.0,1,1,0,0,1,1,12098,0,0,0,0,0
2020-04-24,US,Oklahoma,Oklahoma,670,27,0,35.55140095,-97.40716948,40109.0,643,634,25,0,609,607,792582,36,2,0,34,27
2020-04-24,US,Oklahoma,Okmulgee,16,0,0,35.64661916,-95.96432828,40111.0,16,16,0,0,16,16,38335,0,0,0,0,0
2020-04-24,US,Oklahoma,Osage,71,8,0,36.62888819,-96.39635704,40113.0,63,68,8,0,60,65,47014,3,0,0,3,3
2020-04-24,US,Oklahoma,Ottawa,29,1,0,36.83532655,-94.81011909,40115.0,28,29,0,0,29,28,31175,0,1,0,-1,1
2020-04-24,US,Oklahoma,Pawnee,28,2,0,36.31743373,-96.70331759999999,40117.0,26,28,2,0,26,28,16390,0,0,0,0,0
2020-04-24,US,Oklahoma,Payne,43,0,0,36.07695283,-96.97584944,40119.0,43,40,0,0,40,40,82040,3,0,0,3,0
2020-04-24,US,Oklahoma,Pittsburg,22,2,0,34.92065823,-95.75134320000001,40121.0,20,22,2,0,20,20,43877,0,0,0,0,2
2020-04-24,US,Oklahoma,Pontotoc,10,1,0,34.72959848,-96.68337199,40123.0,9,10,1,0,9,10,38247,0,0,0,0,0
2020-04-24,US,Oklahoma,Pottawatomie,40,4,0,35.20614018,-96.94923008,40125.0,36,38,4,0,34,37,72679,2,0,0,2,1
2020-04-24,US,Oklahoma,Rogers,45,3,0,36.37004357,-95.60406759,40131.0,42,44,3,0,41,42,91984,1,0,0,1,2
2020-04-24,US,Oklahoma,Seminole,8,1,0,35.16478725,-96.61686741,40133.0,7,8,1,0,7,9,24578,0,0,0,0,-1
2020-04-24,US,Oklahoma,Sequoyah,11,3,0,35.49447108,-94.75463785,40135.0,8,10,2,0,8,10,41179,1,1,0,0,0
2020-04-24,US,Oklahoma,Stephens,19,1,0,34.48556989,-97.85141892,40137.0,18,19,1,0,18,19,43265,0,0,0,0,0
2020-04-24,US,Oklahoma,Texas,59,1,0,36.74777635,-101.4889765,40139.0,58,46,1,0,45,34,20455,13,0,0,13,12
2020-04-24,US,Oklahoma,Tillman,1,0,0,34.37288446,-98.92426619,40141.0,1,1,0,0,1,1,7348,0,0,0,0,0
2020-04-24,US,Oklahoma,Tulsa,467,27,0,36.11939621,-95.94013939,40143.0,440,454,26,0,428,437,648360,13,1,0,12,17
2020-04-24,US,Oklahoma,Wagoner,114,13,0,35.96024096,-95.51911308,40145.0,101,112,12,0,100,112,80110,2,1,0,1,0
2020-04-24,US,Oklahoma,Washington,216,13,0,36.71380786,-95.90514104,40147.0,203,208,13,0,195,201,51843,8,0,0,8,7
2020-04-24,US,Oklahoma,Washita,1,0,0,35.29071824,-98.99180434,40149.0,1,,,,,,11127,,,,,
2020-04-24,US,Oklahoma,Woods,3,0,0,36.76705782,-98.86573064,40151.0,3,3,0,0,3,3,8897,0,0,0,0,0
2020-04-24,US,Oklahoma,Woodward,1,0,0,36.42316318,-99.26283045,40153.0,1,2,0,0,2,1,20222,-1,0,0,-1,1
2020-04-24,US,Oregon,Benton,27,5,0,44.49167306,-123.4316987,41003.0,22,27,5,0,22,27,92101,0,0,0,0,0
2020-04-24,US,Oregon,Clackamas,196,6,0,45.18787398,-122.2179634,41005.0,190,191,6,0,185,183,416075,5,0,0,5,8
2020-04-24,US,Oregon,Clatsop,6,0,0,45.99712889,-123.660711,41007.0,6,6,0,0,6,6,39764,0,0,0,0,0
2020-04-24,US,Oregon,Columbia,14,0,0,45.94464254,-123.08908980000001,41009.0,14,14,0,0,14,14,52377,0,0,0,0,0
2020-04-24,US,Oregon,Coos,4,0,0,43.17406868,-124.0594514,41011.0,4,4,0,0,4,3,64389,0,0,0,0,1
2020-04-24,US,Oregon,Crook,1,0,0,44.14230227,-120.356297,41013.0,1,1,0,0,1,1,23867,0,0,0,0,0
2020-04-24,US,Oregon,Curry,4,0,0,42.45911325,-124.15728200000001,41015.0,4,4,0,0,4,4,22813,0,0,0,0,0
2020-04-24,US,Oregon,Deschutes,70,0,0,43.91570171,-121.2289121,41017.0,70,70,0,0,70,66,191996,0,0,0,0,4
2020-04-24,US,Oregon,Douglas,23,0,0,43.27941273,-123.16729099999999,41019.0,23,24,0,0,24,23,110283,-1,0,0,-1,1
2020-04-24,US,Oregon,Grant,1,0,0,44.49024544,-119.0068631,41023.0,1,1,0,0,1,1,7176,0,0,0,0,0
2020-04-24,US,Oregon,Hood River,5,0,0,45.51872811,-121.65520359999998,41027.0,5,5,0,0,5,4,23428,0,0,0,0,1
2020-04-24,US,Oregon,Jackson,48,0,0,42.43201126,-122.72893090000001,41029.0,48,48,0,0,48,48,219564,0,0,0,0,0
2020-04-24,US,Oregon,Jefferson,2,0,0,44.62806839,-121.17832,41031.0,2,2,0,0,2,2,24192,0,0,0,0,0
2020-04-24,US,Oregon,Josephine,19,1,0,42.3665549,-123.5561938,41033.0,18,19,1,0,18,19,87393,0,0,0,0,0
2020-04-24,US,Oregon,Klamath,36,0,0,42.68762984,-121.64964609999998,41035.0,36,36,0,0,36,33,67653,0,0,0,0,3
2020-04-24,US,Oregon,Lane,50,1,0,43.93727035,-122.847753,41039.0,49,48,1,0,47,48,379611,2,0,0,2,0
2020-04-24,US,Oregon,Lincoln,5,0,0,44.64252874,-123.86991200000001,41041.0,5,5,0,0,5,5,49388,0,0,0,0,0
2020-04-24,US,Oregon,Linn,67,7,0,44.48899494,-122.53731540000001,41043.0,60,67,6,0,61,63,127335,0,1,0,-1,4
2020-04-24,US,Oregon,Malheur,6,0,0,43.1937027,-117.62273950000001,41045.0,6,6,0,0,6,5,30725,0,0,0,0,1
2020-04-24,US,Oregon,Marion,417,14,0,44.90287942,-122.58151170000001,41047.0,403,397,14,0,383,388,346868,20,0,0,20,9
2020-04-24,US,Oregon,Morrow,5,0,0,45.41846568,-119.584546,41049.0,5,5,0,0,5,5,11372,0,0,0,0,0
2020-04-24,US,Oregon,Multnomah,596,35,0,45.54747959,-122.4169351,41051.0,561,582,33,0,549,566,811880,14,2,0,12,16
2020-04-24,US,Oregon,Polk,33,1,0,44.90322804,-123.4128888,41053.0,32,33,1,0,32,33,85234,0,0,0,0,0
2020-04-24,US,Oregon,Sherman,1,0,0,45.41501554,-120.6827834,41055.0,1,1,0,0,1,1,1708,0,0,0,0,0
2020-04-24,US,Oregon,Tillamook,6,0,0,45.46248721,-123.712066,41057.0,6,6,0,0,6,6,26787,0,0,0,0,0
2020-04-24,US,Oregon,Umatilla,32,0,0,45.59073056,-118.7353826,41059.0,32,30,0,0,30,29,77516,2,0,0,2,1
2020-04-24,US,Oregon,Union,4,0,0,45.30915495,-118.0068979,41061.0,4,4,0,0,4,4,26461,0,0,0,0,0
2020-04-24,US,Oregon,Wallowa,1,0,0,45.57894064,-117.18353799999998,41063.0,1,1,0,0,1,1,7081,0,0,0,0,0
2020-04-24,US,Oregon,Wasco,12,0,0,45.16292781,-121.16709540000001,41065.0,12,12,0,0,12,11,26505,0,0,0,0,1
2020-04-24,US,Oregon,Washington,451,10,0,45.55972701,-123.0955257,41067.0,441,443,10,0,433,425,597695,8,0,0,8,18
2020-04-24,US,Oregon,Yamhill,35,6,0,45.23330449,-123.3086963,41071.0,29,35,6,0,29,35,107002,0,0,0,0,0
2020-04-24,US,Pennsylvania,Adams,110,2,0,39.87140411,-77.21610347,42001.0,108,95,2,0,93,92,102811,15,0,0,15,3
2020-04-24,US,Pennsylvania,Allegheny,1177,74,0,40.46809875,-79.98167747,42003.0,1103,1149,74,0,1075,1088,1218452,28,0,0,28,61
2020-04-24,US,Pennsylvania,Armstrong,43,2,0,40.81665618,-79.46290811,42005.0,41,43,2,0,41,39,65263,0,0,0,0,4
2020-04-24,US,Pennsylvania,Beaver,337,47,0,40.6825484,-80.34921611,42007.0,290,319,47,0,272,317,164742,18,0,0,18,2
2020-04-24,US,Pennsylvania,Bedford,21,1,0,40.00522157,-78.48998442,42009.0,20,20,1,0,19,16,48176,1,0,0,1,4
2020-04-24,US,Pennsylvania,Berks,2339,87,0,40.41570541,-75.92457766,42011.0,2252,2212,86,0,2126,2069,420152,127,1,0,126,143
2020-04-24,US,Pennsylvania,Blair,19,0,0,40.47961444,-78.34917412,42013.0,19,15,0,0,15,14,122492,4,0,0,4,1
2020-04-24,US,Pennsylvania,Bradford,28,5,0,41.78869215,-76.51570822,42015.0,23,28,5,0,23,31,60833,0,0,0,0,-3
2020-04-24,US,Pennsylvania,Bucks,2469,135,0,40.33682119,-75.10836643,42017.0,2334,2321,126,0,2195,2067,628195,148,9,0,139,254
2020-04-24,US,Pennsylvania,Butler,168,6,0,40.91152759,-79.91351055,42019.0,162,164,6,0,158,164,187888,4,0,0,4,0
2020-04-24,US,Pennsylvania,Cambria,20,2,0,40.49527404,-78.71377428,42021.0,18,20,2,0,18,21,131730,0,0,0,0,-1
2020-04-24,US,Pennsylvania,Cameron,1,0,0,41.43625568,-78.20376845,42023.0,1,1,0,0,1,1,4492,0,0,0,0,0
2020-04-24,US,Pennsylvania,Carbon,160,12,0,40.91545395,-75.7068525,42025.0,148,155,11,0,144,154,64227,5,1,0,4,1
2020-04-24,US,Pennsylvania,Centre,77,2,0,40.92058903,-77.82200624,42027.0,75,76,2,0,74,77,162805,1,0,0,1,-1
2020-04-24,US,Pennsylvania,Chester,1064,77,0,39.97291773,-75.74768357,42029.0,987,989,67,0,922,950,522046,75,10,0,65,39
2020-04-24,US,Pennsylvania,Clarion,22,1,0,41.19265812,-79.42413524,42031.0,21,20,1,0,19,19,38779,2,0,0,2,1
2020-04-24,US,Pennsylvania,Clearfield,11,0,0,41.00110782,-78.47592663,42033.0,11,11,0,0,11,11,79388,0,0,0,0,0
2020-04-24,US,Pennsylvania,Clinton,17,0,0,41.23255967,-77.63785995,42035.0,17,14,0,0,14,13,38684,3,0,0,3,1
2020-04-24,US,Pennsylvania,Columbia,252,7,0,41.04821986,-76.40565017,42037.0,245,245,7,0,238,239,65456,7,0,0,7,6
2020-04-24,US,Pennsylvania,Crawford,19,0,0,41.68447709,-80.10760592,42039.0,19,19,0,0,19,17,85063,0,0,0,0,2
2020-04-24,US,Pennsylvania,Cumberland,240,8,0,40.1625372,-77.26130755,42041.0,232,229,7,0,222,207,251423,11,1,0,10,22
2020-04-24,US,Pennsylvania,Dauphin,468,19,0,40.41377078,-76.77993242,42043.0,449,445,16,0,429,422,277097,23,3,0,20,23
2020-04-24,US,Pennsylvania,Delaware,3055,129,0,39.91680171,-75.40243663,42045.0,2926,2902,123,0,2779,2757,564751,153,6,0,147,145
2020-04-24,US,Pennsylvania,Elk,2,0,0,41.42822061,-78.64524744,42047.0,2,2,0,0,2,2,30169,0,0,0,0,0
2020-04-24,US,Pennsylvania,Erie,72,0,0,41.99253829,-80.03301954,42049.0,72,68,0,0,68,62,272061,4,0,0,4,6
2020-04-24,US,Pennsylvania,Fayette,75,4,0,39.92041012,-79.64291195,42051.0,71,71,3,0,68,70,130441,4,1,0,3,1
2020-04-24,US,Pennsylvania,Forest,7,0,0,41.51095103,-79.23229292,42053.0,7,7,0,0,7,7,7279,0,0,0,0,0
2020-04-24,US,Pennsylvania,Franklin,164,10,0,39.92956518,-77.72157791,42055.0,154,151,10,0,141,152,154835,13,0,0,13,-1
2020-04-24,US,Pennsylvania,Fulton,2,0,0,39.92913544,-78.11163677,42057.0,2,2,0,0,2,2,14523,0,0,0,0,0
2020-04-24,US,Pennsylvania,Greene,25,0,0,39.85746531,-80.22357106,42059.0,25,25,0,0,25,25,36506,0,0,0,0,0
2020-04-24,US,Pennsylvania,Huntingdon,20,0,0,40.42162652,-77.97673273,42061.0,20,20,0,0,20,15,45168,0,0,0,0,5
2020-04-24,US,Pennsylvania,Indiana,62,4,0,40.65241041,-79.08963285,42063.0,58,59,4,0,55,56,84501,3,0,0,3,3
2020-04-24,US,Pennsylvania,Jefferson,4,0,0,41.12913106,-78.9986361,42065.0,4,4,0,0,4,3,43641,0,0,0,0,1
2020-04-24,US,Pennsylvania,Juniata,77,0,0,40.53358749,-77.39975129999998,42067.0,77,77,0,0,77,73,24704,0,0,0,0,4
2020-04-24,US,Pennsylvania,Lackawanna,735,61,0,41.43564672,-75.60379201,42069.0,674,707,58,0,649,682,210793,28,3,0,25,25
2020-04-24,US,Pennsylvania,Lancaster,1451,107,0,40.03904563,-76.24770128,42071.0,1344,1359,107,0,1252,1326,543557,92,0,0,92,33
2020-04-24,US,Pennsylvania,Lawrence,61,5,0,40.99206278,-80.33393706,42073.0,56,61,5,0,56,61,86184,0,0,0,0,0
2020-04-24,US,Pennsylvania,Lebanon,575,8,0,40.36680311,-76.45651841,42075.0,567,544,8,0,536,535,141314,31,0,0,31,9
2020-04-24,US,Pennsylvania,Lehigh,2478,49,0,40.6154815,-75.59435245,42077.0,2429,2418,49,0,2369,2374,368100,60,0,0,60,44
2020-04-24,US,Pennsylvania,Luzerne,1921,62,0,41.17823008,-75.98447579,42079.0,1859,1880,60,0,1820,1848,317646,41,2,0,39,32
2020-04-24,US,Pennsylvania,Lycoming,48,2,0,41.34310539,-77.06629984,42081.0,46,44,2,0,42,43,113664,4,0,0,4,1
2020-04-24,US,Pennsylvania,McKean,5,0,0,41.80938602,-78.56478358,42083.0,5,5,0,0,5,5,40968,0,0,0,0,0
2020-04-24,US,Pennsylvania,Mercer,64,1,0,41.30248872,-80.25816981,42085.0,63,60,1,0,59,59,110683,4,0,0,4,1
2020-04-24,US,Pennsylvania,Mifflin,26,0,0,40.61116939,-77.61070738,42087.0,26,24,0,0,24,22,46222,2,0,0,2,2
2020-04-24,US,Pennsylvania,Monroe,1037,48,0,41.05934058,-75.34031025,42089.0,989,1024,48,0,976,1015,169507,13,0,0,13,9
2020-04-24,US,Pennsylvania,Montgomery,3525,208,0,40.21053671,-75.36652296,42091.0,3317,3395,230,0,3165,3294,828604,130,-22,0,152,101
2020-04-24,US,Pennsylvania,Montour,47,0,0,41.03023987,-76.66345939,42093.0,47,47,0,0,47,47,18240,0,0,0,0,0
2020-04-24,US,Pennsylvania,Northampton,1716,46,0,40.75182733,-75.30471829,42095.0,1670,1656,45,0,1611,1591,304807,60,1,0,59,65
2020-04-24,US,Pennsylvania,Northumberland,84,0,0,40.84785433,-76.70798222,42097.0,84,82,0,0,82,77,91083,2,0,0,2,5
2020-04-24,US,Pennsylvania,Perry,25,1,0,40.40206612,-77.26297447,42099.0,24,23,1,0,22,23,46139,2,0,0,2,0
2020-04-24,US,Pennsylvania,Philadelphia,11877,449,0,40.00338507,-75.1379271,42101.0,11428,11226,443,0,10783,10028,1584138,651,6,0,645,1198
2020-04-24,US,Pennsylvania,Pike,338,12,0,41.33155042,-75.03208106,42103.0,326,327,12,0,315,317,55933,11,0,0,11,10
2020-04-24,US,Pennsylvania,Potter,4,0,0,41.74471626,-77.89559864,42105.0,4,4,0,0,4,4,16622,0,0,0,0,0
2020-04-24,US,Pennsylvania,Schuylkill,300,5,0,40.70497338,-76.2150785,42107.0,295,290,5,0,285,283,142067,10,0,0,10,7
2020-04-24,US,Pennsylvania,Snyder,31,1,0,40.77129231,-77.06840691,42109.0,30,31,1,0,30,31,40540,0,0,0,0,0
2020-04-24,US,Pennsylvania,Somerset,22,0,0,39.97172723,-79.02699593,42111.0,22,20,0,0,20,19,73952,2,0,0,2,1
2020-04-24,US,Pennsylvania,Sullivan,1,0,0,41.44634738,-76.51246591,42113.0,1,1,0,0,1,1,6071,0,0,0,0,0
2020-04-24,US,Pennsylvania,Susquehanna,76,4,0,41.82147784,-75.80071959,42115.0,72,72,4,0,68,71,40589,4,0,0,4,1
2020-04-24,US,Pennsylvania,Tioga,14,2,0,41.77255149,-77.25433032,42117.0,12,14,2,0,12,15,40763,0,0,0,0,-1
2020-04-24,US,Pennsylvania,Union,31,0,0,40.96188846,-77.05996014,42119.0,31,30,0,0,30,30,44785,1,0,0,1,0
2020-04-24,US,Pennsylvania,Venango,7,0,0,41.40323442,-79.75845449,42121.0,7,7,0,0,7,6,51266,0,0,0,0,1
2020-04-24,US,Pennsylvania,Warren,1,1,0,41.81304978,-79.26969577,42123.0,0,1,1,0,0,2,39498,0,0,0,0,-1
2020-04-24,US,Pennsylvania,Washington,96,2,0,40.19208869,-80.24582867,42125.0,94,92,2,0,90,87,207346,4,0,0,4,5
2020-04-24,US,Pennsylvania,Wayne,88,3,0,41.64938475,-75.29956506,42127.0,85,87,3,0,84,86,51276,1,0,0,1,1
2020-04-24,US,Pennsylvania,Westmoreland,317,20,0,40.31377979999999,-79.46615476,42129.0,297,307,20,0,287,300,350611,10,0,0,10,7
2020-04-24,US,Pennsylvania,Wyoming,17,2,0,41.51955538,-76.01074915,42131.0,15,17,1,0,16,17,27046,0,1,0,-1,0
2020-04-24,US,Pennsylvania,York,563,14,0,39.9210089,-76.73040131,42133.0,549,546,14,0,532,531,448273,17,0,0,17,15
2020-04-24,US,Rhode Island,Bristol,102,0,0,41.71018079,-71.28652315,44001.0,102,95,0,0,95,88,48649,7,0,0,7,7
2020-04-24,US,Rhode Island,Kent,466,0,0,41.67106337,-71.57641596,44003.0,466,432,0,0,432,412,163861,34,0,0,34,20
2020-04-24,US,Rhode Island,Newport,124,0,0,41.5642026,-71.26569799,44005.0,124,117,0,0,117,114,82542,7,0,0,7,3
2020-04-24,US,Rhode Island,Providence,4603,0,0,41.87064746,-71.57753536,44007.0,4603,4350,0,0,4350,4064,636084,253,0,0,253,286
2020-04-24,US,Rhode Island,Unassigned,1132,202,0,0.0,0.0,90044.0,930,1006,189,0,817,895,,126,13,0,113,111
2020-04-24,US,Rhode Island,Washington,272,0,0,41.45961631,-71.61435303,44009.0,272,256,0,0,256,268,126179,16,0,0,16,-12
2020-04-24,US,South Carolina,Abbeville,24,0,0,34.22333378,-82.46170658,45001.0,24,23,0,0,23,22,24541,1,0,0,1,1
2020-04-24,US,South Carolina,Aiken,86,6,0,33.54338026,-81.63645384,45003.0,80,84,5,0,79,82,169401,2,1,0,1,2
2020-04-24,US,South Carolina,Allendale,8,1,0,32.98837386,-81.35321066,45005.0,7,7,1,0,6,6,8903,1,0,0,1,1
2020-04-24,US,South Carolina,Anderson,140,6,0,34.51828081,-82.63959517,45007.0,134,137,6,0,131,135,200482,3,0,0,3,2
2020-04-24,US,South Carolina,Bamberg,7,0,0,33.21927586,-81.05659969,45009.0,7,7,0,0,7,7,14275,0,0,0,0,0
2020-04-24,US,South Carolina,Barnwell,10,0,0,33.26679302,-81.43584352,45011.0,10,10,0,0,10,8,21112,0,0,0,0,2
2020-04-24,US,South Carolina,Beaufort,244,10,0,32.39226291,-80.72619758,45013.0,234,241,9,0,232,236,188715,3,1,0,2,5
2020-04-24,US,South Carolina,Berkeley,162,6,0,33.20222596,-79.94654523,45015.0,156,152,6,0,146,143,221091,10,0,0,10,9
2020-04-24,US,South Carolina,Calhoun,6,1,0,33.66926881,-80.77722168,45017.0,5,6,1,0,5,6,14520,0,0,0,0,0
2020-04-24,US,South Carolina,Charleston,416,6,0,32.82487866,-79.96512315,45019.0,410,412,5,0,407,406,405905,4,1,0,3,6
2020-04-24,US,South Carolina,Cherokee,13,0,0,35.05122251,-81.61828622,45021.0,13,13,0,0,13,14,57078,0,0,0,0,-1
2020-04-24,US,South Carolina,Chester,26,0,0,34.69249168,-81.1583216,45023.0,26,26,0,0,26,25,32251,0,0,0,0,1
2020-04-24,US,South Carolina,Chesterfield,40,0,0,34.64137396,-80.15640140000002,45025.0,40,39,0,0,39,37,45754,1,0,0,1,2
2020-04-24,US,South Carolina,Clarendon,163,9,0,33.66610974,-80.21647898,45027.0,154,151,9,0,142,138,33700,12,0,0,12,13
2020-04-24,US,South Carolina,Colleton,24,2,0,32.87582989,-80.67641292,45029.0,22,23,2,0,21,23,37660,1,0,0,1,0
2020-04-24,US,South Carolina,Darlington,99,0,0,34.33358335,-79.96027485,45031.0,99,92,0,0,92,85,66802,7,0,0,7,7
2020-04-24,US,South Carolina,Dillon,34,0,0,34.39007791,-79.37741872,45033.0,34,28,0,0,28,23,30599,6,0,0,6,5
2020-04-24,US,South Carolina,Dorchester,84,2,0,33.0794369,-80.40502652,45035.0,82,84,1,0,83,85,160647,0,1,0,-1,-1
2020-04-24,US,South Carolina,Edgefield,22,1,0,33.77221995,-81.96231108,45037.0,21,21,1,0,20,21,27052,1,0,0,1,0
2020-04-24,US,South Carolina,Fairfield,28,2,0,34.39287073,-81.1195624,45039.0,26,27,2,0,25,26,22402,1,0,0,1,1
2020-04-24,US,South Carolina,Florence,225,7,0,34.02361754,-79.70189312,45041.0,218,195,8,0,187,176,138159,30,-1,0,31,19
2020-04-24,US,South Carolina,Georgetown,37,2,0,33.43443342,-79.33202141,45043.0,35,36,2,0,34,35,62249,1,0,0,1,1
2020-04-24,US,South Carolina,Greenville,557,15,0,34.89502264,-82.37295012,45045.0,542,558,13,0,545,536,514213,-1,2,0,-3,22
2020-04-24,US,South Carolina,Greenwood,42,0,0,34.15272415,-82.12715789,45047.0,42,41,0,0,41,41,70741,1,0,0,1,0
2020-04-24,US,South Carolina,Hampton,21,0,0,32.77419582,-81.13845571,45049.0,21,21,0,0,21,21,19351,0,0,0,0,0
2020-04-24,US,South Carolina,Horry,198,12,0,33.9212828,-78.99555293,45051.0,186,196,12,0,184,190,344147,2,0,0,2,6
2020-04-24,US,South Carolina,Jasper,17,1,0,32.43171982,-81.02487495,45053.0,16,15,1,0,14,15,28971,2,0,0,2,0
2020-04-24,US,South Carolina,Kershaw,211,10,0,34.33988254,-80.58763164,45055.0,201,208,9,0,199,205,65592,3,1,0,2,3
2020-04-24,US,South Carolina,Lancaster,80,3,0,34.68270843,-80.70513032,45057.0,77,79,3,0,76,80,95380,1,0,0,1,-1
2020-04-24,US,South Carolina,Laurens,21,1,0,34.48244419,-82.00490796,45059.0,20,21,1,0,20,21,66994,0,0,0,0,0
2020-04-24,US,South Carolina,Lee,48,5,0,34.16393091,-80.25690731,45061.0,43,45,5,0,40,42,17142,3,0,0,3,3
2020-04-24,US,South Carolina,Lexington,302,12,0,33.89665987,-81.27146426,45063.0,290,294,11,0,283,286,295032,8,1,0,7,8
2020-04-24,US,South Carolina,Marion,24,1,0,34.07859748,-79.36400756,45067.0,23,22,1,0,21,22,31039,2,0,0,2,0
2020-04-24,US,South Carolina,Marlboro,35,0,0,34.59905577,-79.67561152,45069.0,35,33,0,0,33,32,26398,2,0,0,2,1
2020-04-24,US,South Carolina,McCormick,6,1,0,33.90161443,-82.30794338,45065.0,5,6,1,0,5,6,9410,0,0,0,0,0
2020-04-24,US,South Carolina,Newberry,22,1,0,34.28629098,-81.59935761,45071.0,21,21,1,0,20,21,38520,1,0,0,1,0
2020-04-24,US,South Carolina,Oconee,20,0,0,34.75225169,-83.06742317,45073.0,20,20,0,0,20,19,78374,0,0,0,0,1
2020-04-24,US,South Carolina,Orangeburg,53,0,0,33.4391073,-80.79886287,45075.0,53,52,0,0,52,51,86934,1,0,0,1,1
2020-04-24,US,South Carolina,Pickens,44,0,0,34.88807695,-82.72791551,45077.0,44,44,0,0,44,41,124937,0,0,0,0,3
2020-04-24,US,South Carolina,Richland,766,17,0,34.01791263,-80.90267209,45079.0,749,736,17,0,719,725,414576,30,0,0,30,11
2020-04-24,US,South Carolina,Saluda,23,0,0,34.00795823,-81.72713237,45081.0,23,19,0,0,19,18,20544,4,0,0,4,1
2020-04-24,US,South Carolina,Spartanburg,238,8,0,34.92960077,-81.99225984,45083.0,230,237,8,0,229,227,313888,1,0,0,1,10
2020-04-24,US,South Carolina,Sumter,209,6,0,33.91826534,-80.37942316,45085.0,203,207,6,0,201,206,106512,2,0,0,2,1
2020-04-24,US,South Carolina,Union,25,0,0,34.68835752,-81.61730349,45087.0,25,24,0,0,24,24,27410,1,0,0,1,0
2020-04-24,US,South Carolina,Williamsburg,38,0,0,33.62190129,-79.72767442,45089.0,38,33,0,0,33,27,30606,5,0,0,5,6
2020-04-24,US,South Carolina,York,172,3,0,34.97281497,-81.18085944,45091.0,169,171,3,0,168,166,274118,1,0,0,1,5
2020-04-24,US,South Dakota,Aurora,1,0,0,43.71757685,-98.56050467,46003.0,1,1,0,0,1,1,2801,0,0,0,0,0
2020-04-24,US,South Dakota,Beadle,21,2,0,44.41464384,-98.27858469,46005.0,19,21,2,0,19,21,18883,0,0,0,0,0
2020-04-24,US,South Dakota,Bon Homme,4,0,0,42.98914167,-97.88592746,46009.0,4,4,0,0,4,4,6980,0,0,0,0,0
2020-04-24,US,South Dakota,Brookings,9,0,0,44.36974375,-96.79079945,46011.0,9,9,0,0,9,9,35232,0,0,0,0,0
2020-04-24,US,South Dakota,Brown,28,0,0,45.58994323,-98.35165355,46013.0,28,28,0,0,28,27,39316,0,0,0,0,1
2020-04-24,US,South Dakota,Charles Mix,4,0,0,43.20660134,-98.58856175,46023.0,4,4,0,0,4,4,9338,0,0,0,0,0
2020-04-24,US,South Dakota,Clark,1,0,0,44.85834507,-97.72925109,46025.0,1,1,0,0,1,1,3739,0,0,0,0,0
2020-04-24,US,South Dakota,Clay,5,0,0,42.91296147,-96.97656917,46027.0,5,5,0,0,5,5,14041,0,0,0,0,0
2020-04-24,US,South Dakota,Codington,14,0,0,44.97788119,-97.18827677,46029.0,14,13,0,0,13,13,28015,1,0,0,1,0
2020-04-24,US,South Dakota,Corson,1,0,0,45.70889983,-101.1970473,46031.0,1,1,0,0,1,1,4165,0,0,0,0,0
2020-04-24,US,South Dakota,Davison,5,0,0,43.67490933,-98.14458906,46035.0,5,5,0,0,5,5,19790,0,0,0,0,0
2020-04-24,US,South Dakota,Deuel,1,0,0,44.75994309,-96.66943645,46039.0,1,1,0,0,1,1,4337,0,0,0,0,0
2020-04-24,US,South Dakota,Fall River,1,0,0,43.23929297,-103.5275691,46047.0,1,1,0,0,1,1,6758,0,0,0,0,0
2020-04-24,US,South Dakota,Faulk,1,0,0,45.07082625,-99.14535601,46049.0,1,1,0,0,1,1,2330,0,0,0,0,0
2020-04-24,US,South Dakota,Hamlin,2,0,0,44.67385954,-97.18829593,46057.0,2,2,0,0,2,2,6111,0,0,0,0,0
2020-04-24,US,South Dakota,Hughes,7,0,0,44.39091534,-99.99661148,46065.0,7,7,0,0,7,6,17650,0,0,0,0,1
2020-04-24,US,South Dakota,Hutchinson,2,0,0,43.33449012,-97.75536441,46067.0,2,2,0,0,2,2,7380,0,0,0,0,0
2020-04-24,US,South Dakota,Hyde,1,0,0,44.54747703,-99.48572582,46069.0,1,1,0,0,1,1,1282,0,0,0,0,0
2020-04-24,US,South Dakota,Jerauld,6,1,0,44.06637798,-98.62965972,46073.0,5,5,0,0,5,4,2043,1,1,0,0,1
2020-04-24,US,South Dakota,Lake,4,0,0,44.02193107,-97.12926365,46079.0,4,3,0,0,3,3,13057,1,0,0,1,0
2020-04-24,US,South Dakota,Lawrence,9,0,0,44.35919441,-103.79294279999999,46081.0,9,9,0,0,9,9,25741,0,0,0,0,0
2020-04-24,US,South Dakota,Lincoln,116,0,0,43.27841182,-96.72039050000001,46083.0,116,110,0,0,110,104,58807,6,0,0,6,6
2020-04-24,US,South Dakota,Lyman,2,0,0,43.89522709,-99.85201878,46085.0,2,2,0,0,2,2,3821,0,0,0,0,0
2020-04-24,US,South Dakota,Marshall,1,0,0,45.75870838,-97.59855639,46091.0,1,1,0,0,1,1,5112,0,0,0,0,0
2020-04-24,US,South Dakota,McCook,4,1,0,43.6742571,-97.36863144,46087.0,3,4,1,0,3,3,5546,0,0,0,0,1
2020-04-24,US,South Dakota,Meade,1,0,0,44.56676791,-102.71627409999999,46093.0,1,1,0,0,1,1,28294,0,0,0,0,0
2020-04-24,US,South Dakota,Miner,1,0,0,44.02197882,-97.60992207,46097.0,1,1,0,0,1,1,2213,0,0,0,0,0
2020-04-24,US,South Dakota,Minnehaha,1707,5,0,43.67441641,-96.7910885,46099.0,1702,1636,5,0,1631,1555,192876,71,0,0,71,81
2020-04-24,US,South Dakota,Moody,2,0,0,44.02266214,-96.67081159,46101.0,2,2,0,0,2,2,6579,0,0,0,0,0
2020-04-24,US,South Dakota,Oglala Lakota,1,0,0,43.33749164,-102.55554980000001,46102.0,1,1,0,0,1,1,14309,0,0,0,0,0
2020-04-24,US,South Dakota,Pennington,11,1,0,44.0025835,-102.8240777,46103.0,10,11,1,0,10,11,111729,0,0,0,0,0
2020-04-24,US,South Dakota,Roberts,4,0,0,45.62975048,-96.94672673,46109.0,4,4,0,0,4,4,10447,0,0,0,0,0
2020-04-24,US,South Dakota,Sanborn,3,0,0,44.02351092,-98.09098159999999,46111.0,3,3,0,0,3,3,2429,0,0,0,0,0
2020-04-24,US,South Dakota,Spink,3,0,0,44.93837606,-98.34626602,46115.0,3,3,0,0,3,3,6495,0,0,0,0,0
2020-04-24,US,South Dakota,Stanley,1,0,0,44.41381872,-100.7349153,46117.0,1,,,,,,3022,,,,,
2020-04-24,US,South Dakota,Sully,1,0,0,44.71571812,-100.1278092,46119.0,1,1,0,0,1,1,1392,0,0,0,0,0
2020-04-24,US,South Dakota,Todd,1,0,0,43.19338568,-100.71955030000001,46121.0,1,1,0,0,1,1,10283,0,0,0,0,0
2020-04-24,US,South Dakota,Turner,13,0,0,43.3109081,-97.14865776,46125.0,13,13,0,0,13,9,8424,0,0,0,0,4
2020-04-24,US,South Dakota,Union,11,0,0,42.83112163,-96.6557828,46127.0,11,8,0,0,8,7,15619,3,0,0,3,1
2020-04-24,US,South Dakota,Walworth,5,0,0,45.43019636,-100.03075140000001,46129.0,5,5,0,0,5,5,5587,0,0,0,0,0
2020-04-24,US,South Dakota,Yankton,25,0,0,43.00924485,-97.39467635,46135.0,25,25,0,0,25,23,22869,0,0,0,0,2
2020-04-24,US,Tennessee,Anderson,24,1,0,36.12684348,-84.19965764,47001.0,23,23,1,0,22,21,76482,1,0,0,1,2
2020-04-24,US,Tennessee,Bedford,138,2,0,35.51123746,-86.45549096,47003.0,136,130,2,0,128,105,49038,8,0,0,8,25
2020-04-24,US,Tennessee,Benton,5,2,0,36.07110411,-88.06849355,47005.0,3,5,2,0,3,4,16184,0,0,0,0,1
2020-04-24,US,Tennessee,Bledsoe,585,0,0,35.59942968,-85.20611967,47007.0,585,351,0,0,351,11,14755,234,0,0,234,340
2020-04-24,US,Tennessee,Blount,49,3,0,35.68938198,-83.92847788,47009.0,46,48,3,0,45,46,131349,1,0,0,1,2
2020-04-24,US,Tennessee,Bradley,40,1,0,35.15739424,-84.857186,47011.0,39,38,1,0,37,37,106727,2,0,0,2,1
2020-04-24,US,Tennessee,Campbell,13,1,0,36.40355516,-84.15108559999999,47013.0,12,13,1,0,12,13,39583,0,0,0,0,0
2020-04-24,US,Tennessee,Cannon,10,0,0,35.80990797,-86.05738983,47015.0,10,10,0,0,10,8,14462,0,0,0,0,2
2020-04-24,US,Tennessee,Carroll,14,1,0,35.97366108,-88.45189331,47017.0,13,14,1,0,13,14,28020,0,0,0,0,0
2020-04-24,US,Tennessee,Carter,7,1,0,36.28969086,-82.12588974,47019.0,6,6,1,0,5,5,56351,1,0,0,1,1
2020-04-24,US,Tennessee,Cheatham,32,0,0,36.26136216,-87.08903581,47021.0,32,28,0,0,28,22,40439,4,0,0,4,6
2020-04-24,US,Tennessee,Chester,10,0,0,35.42527478,-88.6095842,47023.0,10,10,0,0,10,9,17276,0,0,0,0,1
2020-04-24,US,Tennessee,Claiborne,5,0,0,36.48319149,-83.65947309,47025.0,5,5,0,0,5,5,31756,0,0,0,0,0
2020-04-24,US,Tennessee,Clay,5,0,0,36.55151008,-85.53930419,47027.0,5,5,0,0,5,5,7717,0,0,0,0,0
2020-04-24,US,Tennessee,Cocke,14,0,0,35.9278914,-83.11828725,47029.0,14,14,0,0,14,11,35774,0,0,0,0,3
2020-04-24,US,Tennessee,Coffee,27,0,0,35.49090731,-86.07311784,47031.0,27,25,0,0,25,21,55700,2,0,0,2,4
2020-04-24,US,Tennessee,Crockett,6,0,0,35.81830662,-89.14916269,47033.0,6,6,0,0,6,6,14328,0,0,0,0,0
2020-04-24,US,Tennessee,Cumberland,67,0,0,35.95271721,-84.99840585,47035.0,67,61,0,0,61,59,59673,6,0,0,6,2
2020-04-24,US,Tennessee,Davidson,2011,21,0,36.17007426,-86.78646056,47037.0,1990,1934,21,0,1913,1719,692587,77,0,0,77,215
2020-04-24,US,Tennessee,DeKalb,12,0,0,35.97616272,-85.83689361,47041.0,12,10,0,0,10,12,20138,2,0,0,2,-2
2020-04-24,US,Tennessee,Decatur,4,0,0,35.60048904,-88.11043779,47039.0,4,4,0,0,4,4,11706,0,0,0,0,0
2020-04-24,US,Tennessee,Dickson,63,0,0,36.14669837,-87.35891709,47043.0,63,56,0,0,56,46,53446,7,0,0,7,10
2020-04-24,US,Tennessee,Dyer,30,0,0,36.05931946,-89.41542855,47045.0,30,30,0,0,30,28,37320,0,0,0,0,2
2020-04-24,US,Tennessee,Fayette,48,1,0,35.19615831,-89.41399032,47047.0,47,48,1,0,47,48,40507,0,0,0,0,0
2020-04-24,US,Tennessee,Fentress,4,0,0,36.38128818,-84.92870012,47049.0,4,4,0,0,4,4,18217,0,0,0,0,0
2020-04-24,US,Tennessee,Franklin,29,1,0,35.15634626,-86.09201039,47051.0,28,28,1,0,27,27,41890,1,0,0,1,1
2020-04-24,US,Tennessee,Gibson,34,1,0,35.99438059,-88.93358327,47053.0,33,32,1,0,31,32,49045,2,0,0,2,0
2020-04-24,US,Tennessee,Giles,6,0,0,35.20222469,-87.03992678,47055.0,6,6,0,0,6,6,29503,0,0,0,0,0
2020-04-24,US,Tennessee,Grainger,4,0,0,36.27469206,-83.51254721,47057.0,4,4,0,0,4,4,23145,0,0,0,0,0
2020-04-24,US,Tennessee,Greene,41,2,0,36.17470125,-82.84691273,47059.0,39,38,2,0,36,37,69087,3,0,0,3,1
2020-04-24,US,Tennessee,Grundy,28,1,0,35.38433717,-85.72142731,47061.0,27,27,1,0,26,26,13346,1,0,0,1,1
2020-04-24,US,Tennessee,Hamblen,14,2,0,36.21990035,-83.26586179,47063.0,12,14,2,0,12,13,64569,0,0,0,0,1
2020-04-24,US,Tennessee,Hamilton,133,13,0,35.17670231,-85.16652245,47065.0,120,129,13,0,116,124,364286,4,0,0,4,5
2020-04-24,US,Tennessee,Hardeman,9,0,0,35.20772017,-88.99161161,47069.0,9,8,0,0,8,8,25220,1,0,0,1,0
2020-04-24,US,Tennessee,Hardin,4,0,0,35.19732531,-88.18593755,47071.0,4,4,0,0,4,4,25776,0,0,0,0,0
2020-04-24,US,Tennessee,Hawkins,28,2,0,36.44355426,-82.94885298,47073.0,26,28,2,0,26,28,56530,0,0,0,0,0
2020-04-24,US,Tennessee,Haywood,15,1,0,35.58332824,-89.28536625,47075.0,14,14,1,0,13,13,17335,1,0,0,1,1
2020-04-24,US,Tennessee,Henderson,5,0,0,35.65581134,-88.38600175,47077.0,5,5,0,0,5,5,27847,0,0,0,0,0
2020-04-24,US,Tennessee,Henry,11,0,0,36.33160906,-88.30121797,47079.0,11,11,0,0,11,9,32358,0,0,0,0,2
2020-04-24,US,Tennessee,Hickman,20,0,0,35.80609681,-87.47643507,47081.0,20,16,0,0,16,3,25063,4,0,0,4,13
2020-04-24,US,Tennessee,Houston,4,0,0,36.28872054,-87.71878828,47083.0,4,4,0,0,4,4,8263,0,0,0,0,0
2020-04-24,US,Tennessee,Humphreys,7,0,0,36.03958805,-87.77992872,47085.0,7,7,0,0,7,6,18486,0,0,0,0,1
2020-04-24,US,Tennessee,Jackson,7,0,0,36.36380466,-85.67239905,47087.0,7,6,0,0,6,6,11758,1,0,0,1,0
2020-04-24,US,Tennessee,Jefferson,17,0,0,36.04818632,-83.45148924,47089.0,17,16,0,0,16,16,54012,1,0,0,1,0
2020-04-24,US,Tennessee,Johnson,2,0,0,36.45523950000001,-81.84886538,47091.0,2,2,0,0,2,2,17778,0,0,0,0,0
2020-04-24,US,Tennessee,Knox,204,4,0,35.99508821,-83.94635435,47093.0,200,203,4,0,199,196,465289,1,0,0,1,7
2020-04-24,US,Tennessee,Lake,46,0,0,36.34180170000001,-89.48921915,47095.0,46,20,0,0,20,4,7411,26,0,0,26,16
2020-04-24,US,Tennessee,Lauderdale,17,0,0,35.75893438,-89.63015909999999,47097.0,17,16,0,0,16,16,25825,1,0,0,1,0
2020-04-24,US,Tennessee,Lawrence,16,0,0,35.21675201,-87.39787695,47099.0,16,16,0,0,16,16,43734,0,0,0,0,0
2020-04-24,US,Tennessee,Lewis,2,0,0,35.52853208,-87.49022694,47101.0,2,2,0,0,2,2,12086,0,0,0,0,0
2020-04-24,US,Tennessee,Lincoln,11,0,0,35.13738622,-86.58910106,47103.0,11,11,0,0,11,11,34117,0,0,0,0,0
2020-04-24,US,Tennessee,Loudon,25,0,0,35.73939663,-84.31145275,47105.0,25,24,0,0,24,23,53054,1,0,0,1,1
2020-04-24,US,Tennessee,Macon,35,3,0,36.53157855,-86.00778595,47111.0,32,35,3,0,32,34,24265,0,0,0,0,1
2020-04-24,US,Tennessee,Madison,98,1,0,35.61181957,-88.84076036,47113.0,97,96,1,0,95,90,97605,2,0,0,2,6
2020-04-24,US,Tennessee,Marion,28,1,0,35.12997174,-85.62265895,47115.0,27,28,1,0,27,28,28575,0,0,0,0,0
2020-04-24,US,Tennessee,Marshall,22,1,0,35.45798777,-86.76420988,47117.0,21,22,1,0,21,22,33683,0,0,0,0,0
2020-04-24,US,Tennessee,Maury,36,0,0,35.618741299999996,-87.07462444,47119.0,36,35,0,0,35,34,94340,1,0,0,1,1
2020-04-24,US,Tennessee,McMinn,7,0,0,35.42812616,-84.61520715,47107.0,7,6,0,0,6,6,53285,1,0,0,1,0
2020-04-24,US,Tennessee,McNairy,11,0,0,35.17468549,-88.5647812,47109.0,11,10,0,0,10,9,25832,1,0,0,1,1
2020-04-24,US,Tennessee,Meigs,5,0,0,35.51558739,-84.81482914,47121.0,5,5,0,0,5,3,12306,0,0,0,0,2
2020-04-24,US,Tennessee,Monroe,12,1,0,35.44550387,-84.24902965,47123.0,11,12,1,0,11,11,46357,0,0,0,0,1
2020-04-24,US,Tennessee,Montgomery,132,2,0,36.49609412,-87.38550661,47125.0,130,130,2,0,128,124,205950,2,0,0,2,6
2020-04-24,US,Tennessee,Moore,3,0,0,35.27724699,-86.36230578,47127.0,3,3,0,0,3,2,6411,0,0,0,0,1
2020-04-24,US,Tennessee,Morgan,5,0,0,36.13248031,-84.64880098,47129.0,5,5,0,0,5,5,21579,0,0,0,0,0
2020-04-24,US,Tennessee,Obion,12,1,0,36.35732446,-89.14921589,47131.0,11,12,1,0,11,9,30267,0,0,0,0,3
2020-04-24,US,Tennessee,Out of TN,260,1,0,0.0,0.0,80047.0,259,277,1,0,276,265,,-17,0,0,-17,12
2020-04-24,US,Tennessee,Overton,7,0,0,36.34117832,-85.28989535,47133.0,7,7,0,0,7,7,22068,0,0,0,0,0
2020-04-24,US,Tennessee,Perry,8,0,0,35.63708728,-87.86139634,47135.0,8,8,0,0,8,6,8064,0,0,0,0,2
2020-04-24,US,Tennessee,Polk,6,0,0,35.12245443,-84.52075859,47139.0,6,7,0,0,7,5,16898,-1,0,0,-1,2
2020-04-24,US,Tennessee,Putnam,101,4,0,36.14005459,-85.50646123,47141.0,97,101,4,0,97,95,78843,0,0,0,0,6
2020-04-24,US,Tennessee,Rhea,4,0,0,35.60536161,-84.93076643,47143.0,4,4,0,0,4,3,33044,0,0,0,0,1
2020-04-24,US,Tennessee,Roane,8,0,0,35.84923189,-84.52458689,47145.0,8,8,0,0,8,8,53140,0,0,0,0,0
2020-04-24,US,Tennessee,Robertson,125,0,0,36.52454807,-86.87346725,47147.0,125,126,0,0,126,117,71012,-1,0,0,-1,9
2020-04-24,US,Tennessee,Rutherford,364,7,0,35.84591405,-86.4107263,47149.0,357,352,7,0,345,338,324890,12,0,0,12,14
2020-04-24,US,Tennessee,Scott,11,0,0,36.42325673,-84.50360494,47151.0,11,11,0,0,11,12,22039,0,0,0,0,-1
2020-04-24,US,Tennessee,Sequatchie,3,0,0,35.36979721,-85.41022136,47153.0,3,3,0,0,3,3,14876,0,0,0,0,0
2020-04-24,US,Tennessee,Sevier,35,1,0,35.78077323,-83.52244332,47155.0,34,34,1,0,33,29,97892,1,0,0,1,5
2020-04-24,US,Tennessee,Shelby,2001,42,0,35.1864775,-89.89692423,47157.0,1959,1953,44,0,1909,1873,935764,48,-2,0,50,80
2020-04-24,US,Tennessee,Smith,19,1,0,36.25359775,-85.95411046,47159.0,18,18,1,0,17,14,19942,1,0,0,1,4
2020-04-24,US,Tennessee,Stewart,6,0,0,36.50235092,-87.83920548,47161.0,6,7,0,0,7,6,13561,-1,0,0,-1,1
2020-04-24,US,Tennessee,Sullivan,47,1,0,36.51240691,-82.30412917,47163.0,46,47,1,0,46,45,157668,0,0,0,0,2
2020-04-24,US,Tennessee,Sumner,573,32,0,36.46824103,-86.45917204,47165.0,541,556,32,0,524,530,187149,17,0,0,17,26
2020-04-24,US,Tennessee,Tipton,88,0,0,35.501942,-89.73694895,47167.0,88,87,0,0,87,83,61581,1,0,0,1,4
2020-04-24,US,Tennessee,Trousdale,29,1,0,36.39026213,-86.16087954,47169.0,28,27,1,0,26,23,11012,2,0,0,2,4
2020-04-24,US,Tennessee,Unassigned,19,0,0,0.0,0.0,90047.0,19,30,0,0,30,36,,-11,0,0,-11,-6
2020-04-24,US,Tennessee,Unicoi,1,0,0,36.10890856,-82.43709629,47171.0,1,1,0,0,1,1,17761,0,0,0,0,0
2020-04-24,US,Tennessee,Union,3,0,0,36.28590426,-83.83651902,47173.0,3,3,0,0,3,3,19688,0,0,0,0,0
2020-04-24,US,Tennessee,Van Buren,1,0,0,35.69864497,-85.45221699,47175.0,1,1,0,0,1,1,5765,0,0,0,0,0
2020-04-24,US,Tennessee,Warren,5,0,0,35.672829899999996,-85.77969117,47177.0,5,4,0,0,4,4,40878,1,0,0,1,0
2020-04-24,US,Tennessee,Washington,46,0,0,36.29472368,-82.49454720000001,47179.0,46,46,0,0,46,46,128607,0,0,0,0,0
2020-04-24,US,Tennessee,Wayne,2,0,0,35.23868267,-87.78644456,47181.0,2,2,0,0,2,2,16558,0,0,0,0,0
2020-04-24,US,Tennessee,Weakley,10,0,0,36.29896232,-88.71990865,47183.0,10,9,0,0,9,8,33415,1,0,0,1,1
2020-04-24,US,Tennessee,White,4,0,0,35.92929884,-85.45591799,47185.0,4,4,0,0,4,4,27107,0,0,0,0,0
2020-04-24,US,Tennessee,Williamson,377,7,0,35.89099229,-86.89281867,47187.0,370,369,7,0,362,359,231729,8,0,0,8,10
2020-04-24,US,Tennessee,Wilson,197,1,0,36.15496772,-86.29775884,47189.0,196,196,1,0,195,187,140625,1,0,0,1,9
2020-04-24,US,Texas,Anderson,18,0,0,31.81534745,-95.65354823,48001.0,18,16,0,0,16,14,58057,2,0,0,2,2
2020-04-24,US,Texas,Andrews,19,0,0,32.30468633,-102.63765479999999,48003.0,19,19,0,0,19,19,18128,0,0,0,0,0
2020-04-24,US,Texas,Angelina,33,0,0,31.25457347,-94.60901487,48005.0,33,33,0,0,33,30,87092,0,0,0,0,3
2020-04-24,US,Texas,Aransas,2,0,0,28.10556197,-96.9995047,48007.0,2,2,0,0,2,2,23792,0,0,0,0,0
2020-04-24,US,Texas,Armstrong,1,0,0,34.96507426,-101.35748740000001,48011.0,1,1,0,0,1,1,1892,0,0,0,0,0
2020-04-24,US,Texas,Atascosa,14,1,0,28.89333001,-98.52730485,48013.0,13,14,1,0,13,14,50310,0,0,0,0,0
2020-04-24,US,Texas,Austin,12,0,0,29.88548725,-96.27736949,48015.0,12,12,0,0,12,12,29989,0,0,0,0,0
2020-04-24,US,Texas,Bandera,4,0,0,29.74619598,-99.24598147,48019.0,4,4,0,0,4,4,22824,0,0,0,0,0
2020-04-24,US,Texas,Bastrop,57,2,0,30.10370699,-97.31206354,48021.0,55,53,2,0,51,51,86976,4,0,0,4,2
2020-04-24,US,Texas,Bee,6,0,0,28.41761668,-97.74215593,48025.0,6,6,0,0,6,5,32587,0,0,0,0,1
2020-04-24,US,Texas,Bell,161,3,0,31.03736027,-97.4785025,48027.0,158,153,3,0,150,145,355642,8,0,0,8,8
2020-04-24,US,Texas,Bexar,1334,43,0,29.44928723,-98.52019748,48029.0,1291,1167,43,0,1124,1080,1986049,167,0,0,167,87
2020-04-24,US,Texas,Blanco,6,0,0,30.26640707,-98.3999852,48031.0,6,6,0,0,6,5,11702,0,0,0,0,1
2020-04-24,US,Texas,Bosque,3,0,0,31.89978581,-97.63613524,48035.0,3,3,0,0,3,3,18691,0,0,0,0,0
2020-04-24,US,Texas,Bowie,67,1,0,33.44626922,-94.41834132,48037.0,66,66,1,0,65,66,94324,1,0,0,1,0
2020-04-24,US,Texas,Brazoria,417,3,0,29.18757369,-95.44563172,48039.0,414,392,3,0,389,345,370200,25,0,0,25,47
2020-04-24,US,Texas,Brazos,181,16,0,30.663644800000004,-96.30205577,48041.0,165,177,16,0,161,173,226758,4,0,0,4,4
2020-04-24,US,Texas,Brooks,1,0,0,27.03103197,-98.21808402,48047.0,1,1,0,0,1,1,7114,0,0,0,0,0
2020-04-24,US,Texas,Brown,17,1,0,31.77430356,-98.99907113,48049.0,16,17,1,0,16,13,37924,0,0,0,0,4
2020-04-24,US,Texas,Burleson,11,0,0,30.49273808,-96.62158484,48051.0,11,11,0,0,11,10,18389,0,0,0,0,1
2020-04-24,US,Texas,Burnet,14,0,0,30.78801353,-98.181887,48053.0,14,14,0,0,14,13,47542,0,0,0,0,1
2020-04-24,US,Texas,Caldwell,10,0,0,29.83668859,-97.61814775,48055.0,10,10,0,0,10,9,43247,0,0,0,0,1
2020-04-24,US,Texas,Calhoun,23,2,0,28.47048236,-96.61633945,48057.0,21,23,2,0,21,22,21561,0,0,0,0,1
2020-04-24,US,Texas,Callahan,1,0,0,32.29760619,-99.37326312,48059.0,1,1,0,0,1,1,13994,0,0,0,0,0
2020-04-24,US,Texas,Cameron,344,14,0,26.14524221,-97.48140372,48061.0,330,333,12,0,321,321,423908,11,2,0,9,12
2020-04-24,US,Texas,Camp,6,0,0,32.97195142,-94.97790104,48063.0,6,6,0,0,6,6,13033,0,0,0,0,0
2020-04-24,US,Texas,Carson,1,0,0,35.40365929,-101.35426690000001,48065.0,1,1,0,0,1,1,6005,0,0,0,0,0
2020-04-24,US,Texas,Cass,13,0,0,33.07499881,-94.34646905,48067.0,13,13,0,0,13,13,30119,0,0,0,0,0
2020-04-24,US,Texas,Castro,13,1,0,34.53016752,-102.2617243,48069.0,12,13,1,0,12,12,7665,0,0,0,0,1
2020-04-24,US,Texas,Chambers,41,0,0,29.70972016,-94.67154501,48071.0,41,41,0,0,41,36,42454,0,0,0,0,5
2020-04-24,US,Texas,Cherokee,12,1,0,31.837258000000002,-95.16559897,48073.0,11,12,1,0,11,10,52592,0,0,0,0,2
2020-04-24,US,Texas,Childress,1,0,0,34.529304100000004,-100.2077916,48075.0,1,1,0,0,1,1,7291,0,0,0,0,0
2020-04-24,US,Texas,Clay,3,0,0,33.78686685,-98.20771198,48077.0,3,3,0,0,3,3,10456,0,0,0,0,0
2020-04-24,US,Texas,Cochran,1,0,0,33.60425307,-102.82844990000001,48079.0,1,1,0,0,1,,2836,0,0,0,0,
2020-04-24,US,Texas,Coleman,1,0,0,31.76736834,-99.45240766,48083.0,1,,,,,,8397,,,,,
2020-04-24,US,Texas,Collin,639,16,0,33.18820114,-96.57264368,48085.0,623,609,14,0,595,584,1005146,30,2,0,28,25
2020-04-24,US,Texas,Colorado,10,0,0,29.622097999999998,-96.5273805,48089.0,10,10,0,0,10,9,21217,0,0,0,0,1
2020-04-24,US,Texas,Comal,48,6,0,29.80811278,-98.27647225,48091.0,42,47,6,0,41,45,148373,1,0,0,1,2
2020-04-24,US,Texas,Comanche,4,0,0,31.94854689,-98.55876441,48093.0,4,4,0,0,4,4,13534,0,0,0,0,0
2020-04-24,US,Texas,Concho,1,0,0,31.32635934,-99.86473038,48095.0,1,1,0,0,1,1,4276,0,0,0,0,0
2020-04-24,US,Texas,Cooke,4,0,0,33.63979567,-97.21240912,48097.0,4,4,0,0,4,4,40574,0,0,0,0,0
2020-04-24,US,Texas,Coryell,103,1,0,31.39078397,-97.79936155,48099.0,102,86,1,0,85,86,74808,17,0,0,17,0
2020-04-24,US,Texas,Crane,2,0,0,31.43052248,-102.5143314,48103.0,2,2,0,0,2,2,4794,0,0,0,0,0
2020-04-24,US,Texas,Crosby,2,1,0,33.61431553,-101.30003640000001,48107.0,1,1,1,0,0,1,5779,1,0,0,1,0
2020-04-24,US,Texas,Dallam,4,1,0,36.27787176,-102.60207249999999,48111.0,3,3,1,0,2,3,7200,1,0,0,1,0
2020-04-24,US,Texas,Dallas,2834,77,0,32.76670599,-96.77796049999999,48113.0,2757,2763,72,0,2691,2683,2637772,71,5,0,66,80
2020-04-24,US,Texas,Dawson,18,1,0,32.74255572,-101.94772420000001,48115.0,17,18,1,0,17,14,12619,0,0,0,0,4
2020-04-24,US,Texas,DeWitt,14,1,0,29.08101855,-97.35681170000001,48123.0,13,14,1,0,13,14,20187,0,0,0,0,0
2020-04-24,US,Texas,Deaf Smith,21,0,0,34.96522957,-102.6054267,48117.0,21,17,0,0,17,14,18760,4,0,0,4,3
2020-04-24,US,Texas,Delta,1,0,0,33.38570922,-95.66921122,48119.0,1,1,0,0,1,1,5349,0,0,0,0,0
2020-04-24,US,Texas,Denton,680,19,0,33.20521901,-97.11691153,48121.0,661,661,19,0,642,619,859064,19,0,0,19,42
2020-04-24,US,Texas,Dickens,1,0,0,33.61616822,-100.7788855,48125.0,1,1,0,0,1,1,2249,0,0,0,0,0
2020-04-24,US,Texas,Dimmit,1,0,0,28.42270064,-99.75645095,48127.0,1,1,0,0,1,1,10308,0,0,0,0,0
2020-04-24,US,Texas,Donley,24,0,0,34.96517499,-100.8140093,48129.0,24,24,0,0,24,24,3319,0,0,0,0,0
2020-04-24,US,Texas,Duval,1,0,0,27.68184592,-98.50864568,48131.0,1,1,0,0,1,1,11212,0,0,0,0,0
2020-04-24,US,Texas,Eastland,3,0,0,32.32743996,-98.83243566,48133.0,3,3,0,0,3,3,18322,0,0,0,0,0
2020-04-24,US,Texas,Ector,67,4,0,31.86898877,-102.54294279999999,48135.0,63,62,4,0,58,61,162124,5,0,0,5,1
2020-04-24,US,Texas,El Paso,706,10,0,31.76980765,-106.23632749999999,48141.0,696,674,10,0,664,587,840758,32,0,0,32,87
2020-04-24,US,Texas,Ellis,121,4,0,32.34894117,-96.79371841,48139.0,117,111,4,0,107,110,179436,10,0,0,10,1
2020-04-24,US,Texas,Erath,13,1,0,32.23602653,-98.21773417,48143.0,12,13,1,0,12,13,42446,0,0,0,0,0
2020-04-24,US,Texas,Falls,1,0,0,31.25350609,-96.93630086,48145.0,1,1,0,0,1,1,17335,0,0,0,0,0
2020-04-24,US,Texas,Fannin,13,0,0,33.59564294,-96.10751083,48147.0,13,13,0,0,13,12,35286,0,0,0,0,1
2020-04-24,US,Texas,Fayette,15,1,0,29.87788372,-96.92076062,48149.0,14,15,0,0,15,15,25349,0,1,0,-1,0
2020-04-24,US,Texas,Floyd,3,0,0,34.07227468,-101.3031546,48153.0,3,3,0,0,3,2,5837,0,0,0,0,1
2020-04-24,US,Texas,Fort Bend,889,20,0,29.52704478,-95.77219463,48157.0,869,889,20,0,869,808,787858,0,0,0,0,81
2020-04-24,US,Texas,Franklin,1,0,0,33.17653242,-95.21917243,48159.0,1,1,0,0,1,1,10766,0,0,0,0,0
2020-04-24,US,Texas,Freestone,3,0,0,31.70422788,-96.15072516,48161.0,3,3,0,0,3,3,19808,0,0,0,0,0
2020-04-24,US,Texas,Frio,1,0,0,28.86751206,-99.10804207,48163.0,1,1,0,0,1,1,19816,0,0,0,0,0
2020-04-24,US,Texas,Gaines,2,0,0,32.74055318,-102.6353295,48165.0,2,2,0,0,2,2,20901,0,0,0,0,0
2020-04-24,US,Texas,Galveston,522,21,0,29.40167322,-94.90469073,48167.0,501,507,21,0,486,479,337890,15,0,0,15,28
2020-04-24,US,Texas,Gillespie,1,0,0,30.31824095,-98.94676915,48171.0,1,1,0,0,1,1,26804,0,0,0,0,0
2020-04-24,US,Texas,Goliad,6,0,0,28.65696592,-97.42760647,48175.0,6,6,0,0,6,6,7584,0,0,0,0,0
2020-04-24,US,Texas,Gonzales,4,0,0,29.45634206,-97.49424032,48177.0,4,4,0,0,4,3,20826,0,0,0,0,1
2020-04-24,US,Texas,Gray,32,0,0,35.40081878,-100.8129222,48179.0,32,27,0,0,27,22,21895,5,0,0,5,5
2020-04-24,US,Texas,Grayson,19,0,0,33.62744998,-96.67753461,48181.0,19,19,0,0,19,19,133991,0,0,0,0,0
2020-04-24,US,Texas,Gregg,59,0,0,32.47940482,-94.81591935,48183.0,59,59,0,0,59,53,123707,0,0,0,0,6
2020-04-24,US,Texas,Grimes,13,1,0,30.54579585,-95.98902499,48185.0,12,10,1,0,9,10,28360,3,0,0,3,0
2020-04-24,US,Texas,Guadalupe,64,0,0,29.58165339,-97.94786822,48187.0,64,64,0,0,64,63,163694,0,0,0,0,1
2020-04-24,US,Texas,Hale,19,4,0,34.07044901,-101.82681140000001,48189.0,15,16,4,0,12,16,33830,3,0,0,3,0
2020-04-24,US,Texas,Hamilton,5,0,0,31.70470573,-98.11083887,48193.0,5,5,0,0,5,5,8484,0,0,0,0,0
2020-04-24,US,Texas,Hansford,2,0,0,36.27743284,-101.3545796,48195.0,2,2,0,0,2,1,5463,0,0,0,0,1
2020-04-24,US,Texas,Hardin,92,3,0,30.33364686,-94.38931817,48199.0,89,92,3,0,89,89,57207,0,0,0,0,3
2020-04-24,US,Texas,Harris,5482,84,0,29.86,-95.39,48201.0,5398,5330,82,0,5248,5211,4698619,152,2,0,150,119
2020-04-24,US,Texas,Harrison,69,4,0,32.54935988,-94.36934071,48203.0,65,63,4,0,59,59,66726,6,0,0,6,4
2020-04-24,US,Texas,Hartley,4,0,0,35.84008013,-102.6029022,48205.0,4,2,0,0,2,1,5619,2,0,0,2,1
2020-04-24,US,Texas,Hays,147,1,0,30.05669873,-98.02944344,48209.0,146,147,1,0,146,140,222631,0,0,0,0,7
2020-04-24,US,Texas,Hemphill,1,0,0,35.83764858,-100.2703577,48211.0,1,1,0,0,1,1,3825,0,0,0,0,0
2020-04-24,US,Texas,Henderson,22,0,0,32.21128872,-95.85846587,48213.0,22,22,0,0,22,19,82299,0,0,0,0,3
2020-04-24,US,Texas,Hidalgo,290,4,0,26.39418217,-98.18299696,48215.0,286,281,4,0,277,275,865939,9,0,0,9,6
2020-04-24,US,Texas,Hill,15,1,0,31.99045053,-97.13423143,48217.0,14,14,1,0,13,12,36354,1,0,0,1,2
2020-04-24,US,Texas,Hockley,19,1,0,33.60771256,-102.3431676,48219.0,18,18,1,0,17,17,22980,1,0,0,1,1
2020-04-24,US,Texas,Hood,17,3,0,32.42990927,-97.83242024,48221.0,14,17,3,0,14,17,60537,0,0,0,0,0
2020-04-24,US,Texas,Hopkins,4,0,0,33.14875072,-95.56351139,48223.0,4,4,0,0,4,4,36810,0,0,0,0,0
2020-04-24,US,Texas,Houston,6,0,0,31.31925973,-95.42226208,48225.0,6,4,0,0,4,3,23169,2,0,0,2,1
2020-04-24,US,Texas,Howard,4,1,0,32.30621324,-101.4356444,48227.0,3,2,1,0,1,1,36459,2,0,0,2,1
2020-04-24,US,Texas,Hunt,38,2,0,33.12351514,-96.08551032,48231.0,36,38,2,0,36,38,96493,0,0,0,0,0
2020-04-24,US,Texas,Hutchinson,10,0,0,35.84006574,-101.3546643,48233.0,10,9,0,0,9,9,21198,1,0,0,1,0
2020-04-24,US,Texas,Jack,4,0,0,33.23377248,-98.17283469,48237.0,4,4,0,0,4,4,8843,0,0,0,0,0
2020-04-24,US,Texas,Jackson,6,0,0,28.95472367,-96.57749563,48239.0,6,6,0,0,6,6,14874,0,0,0,0,0
2020-04-24,US,Texas,Jasper,14,1,0,30.74685667,-94.02667579,48241.0,13,14,1,0,13,13,35872,0,0,0,0,1
2020-04-24,US,Texas,Jefferson,240,16,0,29.8832777,-94.16434171,48245.0,224,240,16,0,224,214,255001,0,0,0,0,26
2020-04-24,US,Texas,Jim Hogg,1,0,0,27.04453923,-98.69681870000001,48247.0,1,1,0,0,1,,5248,0,0,0,0,
2020-04-24,US,Texas,Jim Wells,2,0,0,27.73103938,-98.0904705,48249.0,2,2,0,0,2,2,40822,0,0,0,0,0
2020-04-24,US,Texas,Johnson,54,1,0,32.37877812,-97.36615819,48251.0,53,50,1,0,49,47,171361,4,0,0,4,3
2020-04-24,US,Texas,Jones,7,0,0,32.73997145,-99.87861576,48253.0,7,4,0,0,4,4,19817,3,0,0,3,0
2020-04-24,US,Texas,Karnes,3,0,0,28.90705334,-97.85960149,48255.0,3,3,0,0,3,3,15650,0,0,0,0,0
2020-04-24,US,Texas,Kaufman,62,0,0,32.599141700000004,-96.28734728,48257.0,62,58,0,0,58,51,128622,4,0,0,4,7
2020-04-24,US,Texas,Kendall,15,0,0,29.94414155,-98.7113588,48259.0,15,15,0,0,15,14,45641,0,0,0,0,1
2020-04-24,US,Texas,Kerr,5,0,0,30.06040006,-99.34930144,48265.0,5,5,0,0,5,4,52405,0,0,0,0,1
2020-04-24,US,Texas,Kleberg,7,1,0,27.42435506,-97.69894948,48273.0,6,7,1,0,6,7,31129,0,0,0,0,0
2020-04-24,US,Texas,Knox,1,0,0,33.60519951,-99.74229059999999,48275.0,1,1,0,0,1,1,3653,0,0,0,0,0
2020-04-24,US,Texas,La Salle,1,0,0,28.34453111,-99.09908775,48283.0,1,1,0,0,1,1,7531,0,0,0,0,0
2020-04-24,US,Texas,Lamar,8,0,0,33.66981763,-95.57404777,48277.0,8,8,0,0,8,8,49728,0,0,0,0,0
2020-04-24,US,Texas,Lamb,2,0,0,34.06859623,-102.35162890000001,48279.0,2,2,0,0,2,2,13158,0,0,0,0,0
2020-04-24,US,Texas,Lampasas,2,0,0,31.19531316,-98.24206613,48281.0,2,2,0,0,2,2,21229,0,0,0,0,0
2020-04-24,US,Texas,Lavaca,5,0,0,29.38508402,-96.93186692,48285.0,5,5,0,0,5,4,20110,0,0,0,0,1
2020-04-24,US,Texas,Lee,2,0,0,30.31120597,-96.97045773,48287.0,2,2,0,0,2,2,17144,0,0,0,0,0
2020-04-24,US,Texas,Leon,5,0,0,31.29872538,-95.9936328,48289.0,5,5,0,0,5,5,17270,0,0,0,0,0
2020-04-24,US,Texas,Liberty,37,0,0,30.15152688,-94.81205615,48291.0,37,37,0,0,37,37,86323,0,0,0,0,0
2020-04-24,US,Texas,Limestone,11,1,0,31.5454767,-96.58095444,48293.0,10,11,1,0,10,11,23519,0,0,0,0,0
2020-04-24,US,Texas,Live Oak,5,0,0,28.35101362,-98.1246786,48297.0,5,5,0,0,5,5,12166,0,0,0,0,0
2020-04-24,US,Texas,Llano,3,0,0,30.70645047,-98.68475262,48299.0,3,3,0,0,3,3,21646,0,0,0,0,0
2020-04-24,US,Texas,Lubbock,494,40,0,33.61008596,-101.82047890000001,48303.0,454,481,40,0,441,458,307412,13,0,0,13,23
2020-04-24,US,Texas,Lynn,5,1,0,33.17657705,-101.8162849,48305.0,4,5,1,0,4,5,5877,0,0,0,0,0
2020-04-24,US,Texas,Madison,2,0,0,30.96694679,-95.93003775,48313.0,2,2,0,0,2,2,14422,0,0,0,0,0
2020-04-24,US,Texas,Marion,6,0,0,32.79868409,-94.35661230000001,48315.0,6,6,0,0,6,6,9928,0,0,0,0,0
2020-04-24,US,Texas,Martin,2,0,0,32.30600051,-101.9513518,48317.0,2,2,0,0,2,2,5753,0,0,0,0,0
2020-04-24,US,Texas,Mason,1,0,0,30.71780434,-99.22629416,48319.0,1,1,0,0,1,1,4280,0,0,0,0,0
2020-04-24,US,Texas,Matagorda,59,3,0,28.81955746,-96.01230294,48321.0,56,57,3,0,54,56,36552,2,0,0,2,1
2020-04-24,US,Texas,Maverick,15,0,0,28.7429195,-100.3157686,48323.0,15,15,0,0,15,15,58485,0,0,0,0,0
2020-04-24,US,Texas,McCulloch,3,0,0,31.1925468,-99.34682807,48307.0,3,3,0,0,3,3,7987,0,0,0,0,0
2020-04-24,US,Texas,McLennan,81,4,0,31.55255453,-97.20217694,48309.0,77,81,4,0,77,78,254607,0,0,0,0,3
2020-04-24,US,Texas,Medina,17,2,0,29.355730100000002,-99.11030298,48325.0,15,17,2,0,15,17,50921,0,0,0,0,0
2020-04-24,US,Texas,Midland,69,5,0,31.86904128,-102.03156820000001,48329.0,64,67,4,0,63,65,172578,2,1,0,1,2
2020-04-24,US,Texas,Milam,13,1,0,30.78581830000001,-96.97718698,48331.0,12,13,0,0,13,12,25131,0,1,0,-1,1
2020-04-24,US,Texas,Mitchell,1,0,0,32.30623474,-100.9212058,48335.0,1,1,0,0,1,1,8145,0,0,0,0,0
2020-04-24,US,Texas,Montague,6,1,0,33.67521893,-97.72500958,48337.0,5,6,1,0,5,6,19596,0,0,0,0,0
2020-04-24,US,Texas,Montgomery,496,9,0,30.30079133,-95.50572772,48339.0,487,467,8,0,459,440,590925,29,1,0,28,27
2020-04-24,US,Texas,Moore,186,2,0,35.83769242,-101.8930281,48341.0,184,172,2,0,170,162,21485,14,0,0,14,10
2020-04-24,US,Texas,Morris,5,0,0,33.11304005,-94.73255695,48343.0,5,5,0,0,5,5,12339,0,0,0,0,0
2020-04-24,US,Texas,Motley,1,0,0,34.07408766,-100.77972199999999,48345.0,1,1,0,0,1,1,1234,0,0,0,0,0
2020-04-24,US,Texas,Nacogdoches,115,7,0,31.62017125,-94.61803994,48347.0,108,111,7,0,104,98,65711,4,0,0,4,13
2020-04-24,US,Texas,Navarro,26,2,0,32.04620681,-96.47428766,48349.0,24,25,2,0,23,24,49565,1,0,0,1,1
2020-04-24,US,Texas,Newton,2,0,0,30.78548982,-93.74408813,48351.0,2,2,0,0,2,2,13746,0,0,0,0,0
2020-04-24,US,Texas,Nolan,1,0,0,32.30365282,-100.4060208,48353.0,1,,,,,,14751,,,,,
2020-04-24,US,Texas,Nueces,91,1,0,27.736286,-97.5433285,48355.0,90,91,1,0,90,90,362265,0,0,0,0,1
2020-04-24,US,Texas,Ochiltree,1,0,0,36.27829105,-100.8158184,48357.0,1,,,,,,9947,,,,,
2020-04-24,US,Texas,Oldham,3,1,0,35.40425596,-102.6027606,48359.0,2,3,1,0,2,3,2131,0,0,0,0,0
2020-04-24,US,Texas,Orange,63,0,0,30.11879481,-93.89412775,48361.0,63,63,0,0,63,59,83572,0,0,0,0,4
2020-04-24,US,Texas,Palo Pinto,7,1,0,32.75310985,-98.31319001,48363.0,6,7,1,0,6,7,28875,0,0,0,0,0
2020-04-24,US,Texas,Panola,75,5,0,32.163959600000005,-94.30552481,48365.0,70,75,5,0,70,55,23148,0,0,0,0,20
2020-04-24,US,Texas,Parker,23,0,0,32.77757172,-97.80500621,48367.0,23,22,0,0,22,21,138371,1,0,0,1,1
2020-04-24,US,Texas,Parmer,4,0,0,34.52993409,-102.78446679999999,48369.0,4,3,0,0,3,3,9864,1,0,0,1,0
2020-04-24,US,Texas,Pecos,6,0,0,30.78097267,-102.72412609999999,48371.0,6,6,0,0,6,5,15673,0,0,0,0,1
2020-04-24,US,Texas,Polk,18,0,0,30.79472531,-94.82766240000001,48373.0,18,18,0,0,18,15,50031,0,0,0,0,3
2020-04-24,US,Texas,Potter,221,5,0,35.40133773,-101.893964,48375.0,216,204,5,0,199,174,119648,17,0,0,17,30
2020-04-24,US,Texas,Rains,2,0,0,32.87109387,-95.79232691,48379.0,2,2,0,0,2,2,12159,0,0,0,0,0
2020-04-24,US,Texas,Randall,137,3,0,34.96585996,-101.8971322,48381.0,134,125,3,0,122,117,136271,12,0,0,12,8
2020-04-24,US,Texas,Red River,1,0,0,33.61886692,-95.04841765,48387.0,1,1,0,0,1,1,12175,0,0,0,0,0
2020-04-24,US,Texas,Reeves,2,0,0,31.32323325,-103.69038959999999,48389.0,2,2,0,0,2,2,15695,0,0,0,0,0
2020-04-24,US,Texas,Roberts,2,0,0,35.83809685,-100.813175,48393.0,2,2,0,0,2,2,903,0,0,0,0,0
2020-04-24,US,Texas,Robertson,2,0,0,31.02539637,-96.51272246,48395.0,2,2,0,0,2,2,17284,0,0,0,0,0
2020-04-24,US,Texas,Rockwall,49,0,0,32.89779518,-96.40771592,48397.0,49,48,0,0,48,48,100657,1,0,0,1,0
2020-04-24,US,Texas,Rusk,30,1,0,32.10773545,-94.76176432,48401.0,29,30,1,0,29,29,54450,0,0,0,0,1
2020-04-24,US,Texas,Sabine,1,0,0,31.34318809,-93.85440451,48403.0,1,1,0,0,1,1,10589,0,0,0,0,0
2020-04-24,US,Texas,San Augustine,16,1,0,31.39457611,-94.17000399,48405.0,15,15,1,0,14,14,8232,1,0,0,1,1
2020-04-24,US,Texas,San Jacinto,10,0,0,30.57933681,-95.16260304,48407.0,10,10,0,0,10,10,28719,0,0,0,0,0
2020-04-24,US,Texas,San Patricio,11,0,0,28.00880118,-97.51763891,48409.0,11,11,0,0,11,9,66893,0,0,0,0,2
2020-04-24,US,Texas,Scurry,2,0,0,32.74613808,-100.91626640000001,48415.0,2,2,0,0,2,2,16866,0,0,0,0,0
2020-04-24,US,Texas,Shelby,86,0,0,31.79211404,-94.14550696,48419.0,86,85,0,0,85,69,25418,1,0,0,1,16
2020-04-24,US,Texas,Sherman,10,0,0,36.27751473,-101.8933156,48421.0,10,10,0,0,10,10,3079,0,0,0,0,0
2020-04-24,US,Texas,Smith,131,3,0,32.37474036,-95.27175679999999,48423.0,128,131,3,0,128,124,230221,0,0,0,0,7
2020-04-24,US,Texas,Starr,7,0,0,26.56150059,-98.73892358,48427.0,7,7,0,0,7,7,64525,0,0,0,0,0
2020-04-24,US,Texas,Stephens,1,0,0,32.73553157,-98.83631615,48429.0,1,1,0,0,1,1,9433,0,0,0,0,0
2020-04-24,US,Texas,Swisher,7,0,0,34.53028891,-101.73491740000001,48437.0,7,6,0,0,6,6,7462,1,0,0,1,0
2020-04-24,US,Texas,Tarrant,1706,48,0,32.77143818,-97.29101614,48439.0,1658,1559,45,0,1514,1333,2084931,147,3,0,144,226
2020-04-24,US,Texas,Taylor,203,3,0,32.30163422,-99.89007449,48441.0,200,191,3,0,188,164,137640,12,0,0,12,27
2020-04-24,US,Texas,Terry,10,0,0,33.17402785,-102.3354521,48445.0,10,10,0,0,10,10,12287,0,0,0,0,0
2020-04-24,US,Texas,Titus,15,0,0,33.21339719,-94.96797273,48449.0,15,12,0,0,12,12,33033,3,0,0,3,0
2020-04-24,US,Texas,Tom Green,42,1,0,31.40464436,-100.46244300000001,48451.0,41,41,1,0,40,41,118189,1,0,0,1,0
2020-04-24,US,Texas,Travis,1379,32,0,30.33432034,-97.78535620000001,48453.0,1347,1312,31,0,1281,1233,1248743,67,1,0,66,79
2020-04-24,US,Texas,Trinity,8,0,0,31.0879489,-95.1367187,48455.0,8,8,0,0,8,8,14740,0,0,0,0,0
2020-04-24,US,Texas,Tyler,6,0,0,30.77031716,-94.37690895,48457.0,6,6,0,0,6,6,21696,0,0,0,0,0
2020-04-24,US,Texas,Upshur,13,0,0,32.73706798,-94.93999853,48459.0,13,12,0,0,12,12,41260,1,0,0,1,0
2020-04-24,US,Texas,Uvalde,6,0,0,29.35739637,-99.76229172,48463.0,6,6,0,0,6,6,26846,0,0,0,0,0
2020-04-24,US,Texas,Val Verde,12,0,0,29.89149232,-101.1525205,48465.0,12,12,0,0,12,12,49208,0,0,0,0,0
2020-04-24,US,Texas,Van Zandt,13,1,0,32.56483801,-95.83766469,48467.0,12,13,1,0,12,13,56019,0,0,0,0,0
2020-04-24,US,Texas,Victoria,105,2,0,28.79780988,-96.96813006,48469.0,103,105,2,0,103,96,92035,0,0,0,0,9
2020-04-24,US,Texas,Walker,151,2,0,30.73872995,-95.57440968,48471.0,149,136,1,0,135,114,72480,15,1,0,14,22
2020-04-24,US,Texas,Waller,27,0,0,30.01058447,-95.99011759,48473.0,27,27,0,0,27,27,53126,0,0,0,0,0
2020-04-24,US,Texas,Washington,78,11,0,30.21498498,-96.40946246,48477.0,67,78,11,0,67,71,35108,0,0,0,0,7
2020-04-24,US,Texas,Webb,321,12,0,27.7610369,-99.33237355,48479.0,309,321,12,0,309,295,275910,0,0,0,0,26
2020-04-24,US,Texas,Wharton,36,0,0,29.27765923,-96.22319248,48481.0,36,36,0,0,36,36,41619,0,0,0,0,0
2020-04-24,US,Texas,Wheeler,3,0,0,35.40114335,-100.26995140000001,48483.0,3,1,0,0,1,1,5191,2,0,0,2,0
2020-04-24,US,Texas,Wichita,62,2,0,33.98842886,-98.70410340000001,48485.0,60,62,2,0,60,62,132064,0,0,0,0,0
2020-04-24,US,Texas,Wilbarger,1,0,0,34.07945812,-99.24178437,48487.0,1,1,0,0,1,1,12820,0,0,0,0,0
2020-04-24,US,Texas,Willacy,10,1,0,26.47411727,-97.61535848,48489.0,9,10,1,0,9,10,21515,0,0,0,0,0
2020-04-24,US,Texas,Williamson,182,5,0,30.64655664,-97.60048540000001,48491.0,177,167,5,0,162,158,566719,15,0,0,15,9
2020-04-24,US,Texas,Wilson,25,2,0,29.1732598,-98.08693082,48493.0,23,25,2,0,23,23,50224,0,0,0,0,2
2020-04-24,US,Texas,Winkler,3,0,0,31.85008651,-103.04851629999999,48495.0,3,3,0,0,3,3,7720,0,0,0,0,0
2020-04-24,US,Texas,Wise,14,2,0,33.21570665,-97.65460265,48497.0,12,14,2,0,12,13,68305,0,0,0,0,1
2020-04-24,US,Texas,Wood,7,0,0,32.78722382,-95.38236368,48499.0,7,7,0,0,7,6,45129,0,0,0,0,1
2020-04-24,US,Texas,Yoakum,1,0,0,33.17320212,-102.82764329999999,48501.0,1,1,0,0,1,1,8591,0,0,0,0,0
2020-04-24,US,Texas,Young,4,1,0,33.17659707,-98.68790885,48503.0,3,4,1,0,3,4,18045,0,0,0,0,0
2020-04-24,US,Texas,Zapata,7,0,0,27.00156391,-99.16987152,48505.0,7,7,0,0,7,7,14190,0,0,0,0,0
2020-04-24,US,Texas,Zavala,1,0,0,28.86617238,-99.76050829,48507.0,1,1,0,0,1,1,11983,0,0,0,0,0
2020-04-24,US,Utah,Bear River,59,1,0,41.52106798,-113.08328159999999,0.0,58,56,1,0,55,55,,3,0,0,3,1
2020-04-24,US,Utah,Central Utah,21,0,0,39.37231946,-111.5758676,0.0,21,21,0,0,21,20,,0,0,0,0,1
2020-04-24,US,Utah,Davis,256,2,0,40.99001837,-112.1139997,49011.0,254,254,2,0,252,249,351713,2,0,0,2,5
2020-04-24,US,Utah,Salt Lake,1975,23,0,40.66616532,-111.92160109999999,49035.0,1952,1889,20,0,1869,1795,1152633,86,3,0,83,94
2020-04-24,US,Utah,San Juan,37,2,0,37.62762978,-109.80337140000002,49037.0,35,37,2,0,35,34,15449,0,0,0,0,3
2020-04-24,US,Utah,Southeast Utah,8,0,0,38.99617072,-110.70139579999999,0.0,8,7,0,0,7,7,,1,0,0,1,0
2020-04-24,US,Utah,Southwest Utah,81,1,0,37.85447192,-111.4418764,0.0,80,76,1,0,75,70,,5,0,0,5,6
2020-04-24,US,Utah,Summit,351,0,0,40.86688146,-110.9535882,49043.0,351,343,0,0,343,341,41933,8,0,0,8,2
2020-04-24,US,Utah,Tooele,47,0,0,40.44862644,-113.12957150000001,49045.0,47,46,0,0,46,42,69907,1,0,0,1,4
2020-04-24,US,Utah,TriCounty,9,0,0,40.12491499,-109.5174415,0.0,9,9,0,0,9,9,,0,0,0,0,0
2020-04-24,US,Utah,Utah,669,7,0,40.116672200000004,-111.66576620000001,49049.0,662,611,6,0,605,570,622213,58,1,0,57,41
2020-04-24,US,Utah,Wasatch,129,1,0,40.33110236,-111.1691419,49051.0,128,127,1,0,126,123,33240,2,0,0,2,4
2020-04-24,US,Utah,Weber-Morgan,140,2,0,41.27116049,-111.9145117,0.0,138,136,2,0,134,130,,4,0,0,4,6
2020-04-24,US,Vermont,Addison,61,2,0,44.03217337,-73.14130877,50001.0,59,61,2,0,59,61,36973,0,0,0,0,0
2020-04-24,US,Vermont,Bennington,38,1,0,43.03519828,-73.09048868,50003.0,37,37,1,0,36,37,35631,1,0,0,1,0
2020-04-24,US,Vermont,Caledonia,12,0,0,44.46548598,-72.10314651,50005.0,12,12,0,0,12,12,30302,0,0,0,0,0
2020-04-24,US,Vermont,Chittenden,396,28,0,44.46322849,-73.08359212,50007.0,368,395,27,0,368,393,164572,1,1,0,0,2
2020-04-24,US,Vermont,Essex,2,0,0,44.72736416,-71.73579864,50009.0,2,2,0,0,2,2,6250,0,0,0,0,0
2020-04-24,US,Vermont,Franklin,90,5,0,44.85627605,-72.91249563,50011.0,85,90,5,0,85,92,49421,0,0,0,0,-2
2020-04-24,US,Vermont,Grand Isle,3,0,0,44.797582399999996,-73.29679772,50013.0,3,3,0,0,3,3,7090,0,0,0,0,0
2020-04-24,US,Vermont,Lamoille,25,2,0,44.60353043,-72.64356694,50015.0,23,25,2,0,23,23,25300,0,0,0,0,2
2020-04-24,US,Vermont,Orange,6,0,0,44.00470222,-72.37640104,50017.0,6,6,0,0,6,6,28999,0,0,0,0,0
2020-04-24,US,Vermont,Orleans,9,0,0,44.82964024,-72.24562697,50019.0,9,9,0,0,9,9,26907,0,0,0,0,0
2020-04-24,US,Vermont,Rutland,44,1,0,43.57723578,-73.03741676,50021.0,43,44,1,0,43,44,58672,0,0,0,0,0
2020-04-24,US,Vermont,Unassigned,3,0,0,0.0,0.0,90050.0,3,3,0,0,3,3,,0,0,0,0,0
2020-04-24,US,Vermont,Washington,33,1,0,44.27343241,-72.61604978,50023.0,32,33,1,0,32,33,58140,0,0,0,0,0
2020-04-24,US,Vermont,Windham,67,2,0,42.986982,-72.71268875,50025.0,65,67,2,0,65,67,42756,0,0,0,0,0
2020-04-24,US,Vermont,Windsor,38,2,0,43.58010937,-72.58595157,50027.0,36,38,2,0,36,38,55286,0,0,0,0,0
2020-04-24,US,Virginia,Accomack,100,3,0,37.76707161,-75.63234615,51001.0,97,76,2,0,74,59,32412,24,1,0,23,17
2020-04-24,US,Virginia,Albemarle,72,3,0,38.02080697,-78.55481085,51003.0,69,71,3,0,68,68,108718,1,0,0,1,3
2020-04-24,US,Virginia,Alexandria,547,15,0,38.814003,-77.08183073,51510.0,532,512,14,0,498,474,160530,35,1,0,34,38
2020-04-24,US,Virginia,Alleghany,5,0,0,37.78636074,-80.00222498,51005.0,5,5,0,0,5,5,14910,0,0,0,0,0
2020-04-24,US,Virginia,Amelia,15,1,0,37.34081025,-77.98584649,51007.0,14,15,1,0,14,15,13013,0,0,0,0,0
2020-04-24,US,Virginia,Amherst,9,1,0,37.60308293,-79.14548696,51009.0,8,9,1,0,8,10,31666,0,0,0,0,-1
2020-04-24,US,Virginia,Appomattox,12,0,0,37.37569884,-78.81340003,51011.0,12,12,0,0,12,10,15841,0,0,0,0,2
2020-04-24,US,Virginia,Arlington,722,24,0,38.8767675,-77.10139853,51013.0,698,686,24,0,662,663,237521,36,0,0,36,23
2020-04-24,US,Virginia,Augusta,34,1,0,38.16404586,-79.12461614,51015.0,33,33,1,0,32,30,75457,1,0,0,1,3
2020-04-24,US,Virginia,Bedford,23,0,0,37.3080028,-79.5281964,51019.0,23,21,0,0,21,20,78747,2,0,0,2,1
2020-04-24,US,Virginia,Botetourt,27,3,0,37.55531756,-79.80982182,51023.0,24,26,3,0,23,26,33277,1,0,0,1,0
2020-04-24,US,Virginia,Bristol,1,0,0,36.616302399999995,-82.16359122,51520.0,1,1,0,0,1,1,16482,0,0,0,0,0
2020-04-24,US,Virginia,Brunswick,14,0,0,36.76366949,-77.8593436,51025.0,14,13,0,0,13,13,16384,1,0,0,1,0
2020-04-24,US,Virginia,Buchanan,12,0,0,37.26818323,-82.03749726,51027.0,12,12,0,0,12,12,21221,0,0,0,0,0
2020-04-24,US,Virginia,Buckingham,31,0,0,37.57242268,-78.52518834,51029.0,31,31,0,0,31,27,16999,0,0,0,0,4
2020-04-24,US,Virginia,Buena Vista,5,0,0,37.73484642,-79.35296097,51530.0,5,5,0,0,5,5,6237,0,0,0,0,0
2020-04-24,US,Virginia,Campbell,10,0,0,37.20553386,-79.09678609,51031.0,10,10,0,0,10,10,54973,0,0,0,0,0
2020-04-24,US,Virginia,Caroline,21,0,0,38.02679129,-77.34901405,51033.0,21,21,0,0,21,20,30772,0,0,0,0,1
2020-04-24,US,Virginia,Carroll,3,0,0,36.73066666,-80.73455942,51035.0,3,3,0,0,3,3,29636,0,0,0,0,0
2020-04-24,US,Virginia,Charles City,12,1,0,37.35358063,-77.05634116,51036.0,11,12,1,0,11,11,6941,0,0,0,0,1
2020-04-24,US,Virginia,Charlotte,8,0,0,37.01909701,-78.66314092,51037.0,8,8,0,0,8,8,11938,0,0,0,0,0
2020-04-24,US,Virginia,Charlottesville,45,2,0,38.03527919,-78.48569588,51540.0,43,44,2,0,42,44,48117,1,0,0,1,0
2020-04-24,US,Virginia,Chesapeake,197,5,0,36.67670048,-76.30545744,51550.0,192,186,5,0,181,180,242634,11,0,0,11,6
2020-04-24,US,Virginia,Chesterfield,423,17,0,37.37373208,-77.58680140000001,51041.0,406,402,7,0,395,356,348556,21,10,0,11,46
2020-04-24,US,Virginia,Clarke,7,0,0,39.11271747,-77.99199425,51043.0,7,7,0,0,7,6,14523,0,0,0,0,1
2020-04-24,US,Virginia,Colonial Heights,41,3,0,37.26420587,-77.39609676,51570.0,38,41,2,0,39,37,17833,0,1,0,-1,4
2020-04-24,US,Virginia,Covington,1,0,0,37.7824656,-79.98631446,51580.0,1,1,0,0,1,1,5460,0,0,0,0,0
2020-04-24,US,Virginia,Craig,2,0,0,37.48133648,-80.21072274,51045.0,2,2,0,0,2,2,5064,0,0,0,0,0
2020-04-24,US,Virginia,Culpeper,90,1,0,38.48199985,-77.95630870000002,51047.0,89,84,1,0,83,73,51859,6,0,0,6,11
2020-04-24,US,Virginia,Cumberland,10,0,0,37.51328851,-78.24398086,51049.0,10,10,0,0,10,10,9809,0,0,0,0,0
2020-04-24,US,Virginia,Danville,31,1,0,36.58022376,-79.40395668,51590.0,30,31,1,0,30,29,40693,0,0,0,0,2
2020-04-24,US,Virginia,Dinwiddie,12,0,0,37.07544585,-77.63451754,51053.0,12,12,0,0,12,8,28529,0,0,0,0,4
2020-04-24,US,Virginia,Emporia,18,1,0,36.69455571,-77.53406129,51595.0,17,18,1,0,17,12,5121,0,0,0,0,6
2020-04-24,US,Virginia,Essex,3,0,0,37.93357639,-76.94230311,51057.0,3,3,0,0,3,2,10919,0,0,0,0,1
2020-04-24,US,Virginia,Fairfax,2534,85,0,38.83677558,-77.27565836,51059.0,2449,2362,76,0,2286,2256,1150795,172,9,0,163,106
2020-04-24,US,Virginia,Fairfax,2534,85,0,38.83677558,-77.27565836,51059.0,2449,2362,76,0,2286,2256,24574,172,9,0,163,106
2020-04-24,US,Virginia,Fairfax City,26,2,0,38.85157547,-77.29779640000002,51600.0,24,26,2,0,24,25,24574,0,0,0,0,1
2020-04-24,US,Virginia,Falls Church,24,2,0,38.88485255,-77.17560759,51610.0,22,25,2,0,23,25,14772,-1,0,0,-1,0
2020-04-24,US,Virginia,Fauquier,73,2,0,38.73564842,-77.80647472,51061.0,71,64,1,0,63,56,70675,9,1,0,8,8
2020-04-24,US,Virginia,Floyd,1,0,0,36.9302126,-80.36738849,51063.0,1,1,0,0,1,1,15795,0,0,0,0,0
2020-04-24,US,Virginia,Fluvanna,72,5,0,37.84157909,-78.27715475,51065.0,67,72,4,0,68,69,26783,0,1,0,-1,3
2020-04-24,US,Virginia,Franklin,19,0,0,36.99536167,-79.88023649,51067.0,19,17,0,0,17,17,56195,2,0,0,2,0
2020-04-24,US,Virginia,Franklin,19,0,0,36.99536167,-79.88023649,51067.0,19,17,0,0,17,17,8013,2,0,0,2,0
2020-04-24,US,Virginia,Franklin City,15,0,0,36.6831435,-76.93859681,51620.0,15,15,0,0,15,14,8013,0,0,0,0,1
2020-04-24,US,Virginia,Frederick,87,0,0,39.20172582,-78.25974949,51069.0,87,87,0,0,87,86,88355,0,0,0,0,1
2020-04-24,US,Virginia,Fredericksburg,21,0,0,38.2977863,-77.4922454,51630.0,21,20,0,0,20,17,29144,1,0,0,1,3
2020-04-24,US,Virginia,Galax,1,0,0,36.66601852,-80.91703124,51640.0,1,1,0,0,1,1,6423,0,0,0,0,0
2020-04-24,US,Virginia,Giles,4,0,0,37.31234791,-80.70636931,51071.0,4,4,0,0,4,4,16844,0,0,0,0,0
2020-04-24,US,Virginia,Gloucester,21,1,0,37.40809042,-76.53524337,51073.0,20,21,1,0,20,21,37349,0,0,0,0,0
2020-04-24,US,Virginia,Goochland,69,3,0,37.71714806,-77.90381514,51075.0,66,63,3,0,60,63,23244,6,0,0,6,0
2020-04-24,US,Virginia,Greene,10,1,0,38.29545894,-78.46525378,51079.0,9,10,1,0,9,9,19779,0,0,0,0,1
2020-04-24,US,Virginia,Greensville,30,4,0,36.67878901,-77.56351439,51081.0,26,30,4,0,26,24,11627,0,0,0,0,6
2020-04-24,US,Virginia,Halifax,16,0,0,36.76654925,-78.93512622,51083.0,16,13,0,0,13,12,34120,3,0,0,3,1
2020-04-24,US,Virginia,Hampton,99,1,0,37.03513786,-76.35879121,51650.0,98,99,1,0,98,97,134313,0,0,0,0,2
2020-04-24,US,Virginia,Hanover,100,7,0,37.7583355,-77.49464673,51085.0,93,99,7,0,92,97,107239,1,0,0,1,2
2020-04-24,US,Virginia,Harrisonburg,355,9,0,38.43542574,-78.87536254,51660.0,346,346,8,0,338,318,54033,9,1,0,8,28
2020-04-24,US,Virginia,Henrico,729,86,0,37.53460572,-77.39326555,51087.0,643,718,83,0,635,684,329261,11,3,0,8,34
2020-04-24,US,Virginia,Henry,12,1,0,36.68542395,-79.87634026,51089.0,11,10,1,0,9,10,50953,2,0,0,2,0
2020-04-24,US,Virginia,Highland,1,0,0,38.35799465,-79.56124594,51091.0,1,1,0,0,1,1,2210,0,0,0,0,0
2020-04-24,US,Virginia,Hopewell,19,0,0,37.29186313,-77.29754684,51670.0,19,19,0,0,19,16,22596,0,0,0,0,3
2020-04-24,US,Virginia,Isle of Wight,91,2,0,36.90579348,-76.70842863,51093.0,89,91,2,0,89,90,36953,0,0,0,0,1
2020-04-24,US,Virginia,James City,150,12,0,37.31156958,-76.76950618,51095.0,138,149,12,0,137,147,76397,1,0,0,1,2
2020-04-24,US,Virginia,King George,23,4,0,38.26818502,-77.15852768,51099.0,19,21,4,0,17,20,26575,2,0,0,2,1
2020-04-24,US,Virginia,King William,3,0,0,37.70965316,-77.09384941,51101.0,3,3,0,0,3,2,16939,0,0,0,0,1
2020-04-24,US,Virginia,King and Queen,2,0,0,37.71044922,-76.88689628,51097.0,2,2,0,0,2,2,7042,0,0,0,0,0
2020-04-24,US,Virginia,Lancaster,1,0,0,37.71889653,-76.46400482,51103.0,1,1,0,0,1,1,10783,0,0,0,0,0
2020-04-24,US,Virginia,Lee,8,0,0,36.70586667,-83.12606515,51105.0,8,7,0,0,7,7,23541,1,0,0,1,0
2020-04-24,US,Virginia,Lexington,3,0,0,37.78258621,-79.44262866,51678.0,3,3,0,0,3,3,7136,0,0,0,0,0
2020-04-24,US,Virginia,Loudoun,529,10,0,39.08990083,-77.63481877,51107.0,519,498,10,0,488,475,406850,31,0,0,31,23
2020-04-24,US,Virginia,Louisa,38,0,0,37.97850256,-77.96274807,51109.0,38,38,0,0,38,37,36778,0,0,0,0,1
2020-04-24,US,Virginia,Lunenburg,3,0,0,36.94618528,-78.24133319,51111.0,3,3,0,0,3,3,12086,0,0,0,0,0
2020-04-24,US,Virginia,Lynchburg,48,1,0,37.40021399,-79.19888138,51680.0,47,47,1,0,46,43,82126,1,0,0,1,4
2020-04-24,US,Virginia,Madison,14,0,0,38.41531222,-78.28220331,51113.0,14,14,0,0,14,12,13295,0,0,0,0,2
2020-04-24,US,Virginia,Manassas,137,1,0,38.7464321,-77.48509905,51683.0,136,127,1,0,126,117,41641,10,0,0,10,10
2020-04-24,US,Virginia,Manassas Park,44,1,0,38.77058531,-77.44399307,51685.0,43,38,1,0,37,34,17307,6,0,0,6,4
2020-04-24,US,Virginia,Mathews,3,0,0,37.44164146,-76.34098896,51115.0,3,3,0,0,3,3,8802,0,0,0,0,0
2020-04-24,US,Virginia,Mecklenburg,74,7,0,36.67882005,-78.36131056,51117.0,67,71,1,0,70,69,30650,3,6,0,-3,2
2020-04-24,US,Virginia,Middlesex,3,0,0,37.63191998,-76.55064617,51119.0,3,3,0,0,3,3,10769,0,0,0,0,0
2020-04-24,US,Virginia,Montgomery,50,0,0,37.17746986,-80.37868691,51121.0,50,50,0,0,50,50,98985,0,0,0,0,0
2020-04-24,US,Virginia,Nelson,7,0,0,37.78790447,-78.88498513,51125.0,7,7,0,0,7,7,14836,0,0,0,0,0
2020-04-24,US,Virginia,New Kent,20,1,0,37.50694406,-76.99828634,51127.0,19,20,1,0,19,20,22391,0,0,0,0,0
2020-04-24,US,Virginia,Newport News,107,6,0,37.08166899,-76.51754109,51700.0,101,105,6,0,99,101,178626,2,0,0,2,4
2020-04-24,US,Virginia,Norfolk,141,3,0,36.89934014,-76.26420872,51710.0,138,136,3,0,133,126,244076,5,0,0,5,10
2020-04-24,US,Virginia,Northampton,15,0,0,37.34062933,-75.87751591,51131.0,15,12,0,0,12,8,11735,3,0,0,3,4
2020-04-24,US,Virginia,Northumberland,6,0,0,37.89202088,-76.41949732,51133.0,6,6,0,0,6,5,12147,0,0,0,0,1
2020-04-24,US,Virginia,Norton,2,0,0,36.93357076,-82.62750411,51720.0,2,2,0,0,2,2,3968,0,0,0,0,0
2020-04-24,US,Virginia,Nottoway,10,0,0,37.1435975,-78.05065922,51135.0,10,8,0,0,8,8,15420,2,0,0,2,0
2020-04-24,US,Virginia,Orange,22,0,0,38.24530219,-78.01560400000002,51137.0,22,22,0,0,22,22,36644,0,0,0,0,0
2020-04-24,US,Virginia,Page,30,0,0,38.61807452,-78.48797204,51139.0,30,22,0,0,22,16,23933,8,0,0,8,6
2020-04-24,US,Virginia,Patrick,2,0,0,36.680163799999995,-80.2865648,51141.0,2,1,0,0,1,1,17673,1,0,0,1,0
2020-04-24,US,Virginia,Petersburg,27,2,0,37.20530399,-77.39368102,51730.0,25,27,2,0,25,24,31567,0,0,0,0,3
2020-04-24,US,Virginia,Pittsylvania,11,1,0,36.81980341,-79.39731264,51143.0,10,11,1,0,10,9,60949,0,0,0,0,2
2020-04-24,US,Virginia,Poquoson,6,0,0,37.14259351,-76.35798148,51735.0,6,6,0,0,6,6,12190,0,0,0,0,0
2020-04-24,US,Virginia,Portsmouth,100,4,0,36.85914825,-76.35971629,51740.0,96,98,4,0,94,93,94632,2,0,0,2,5
2020-04-24,US,Virginia,Powhatan,9,0,0,37.55016038,-77.91267882,51145.0,9,9,0,0,9,9,29189,0,0,0,0,0
2020-04-24,US,Virginia,Prince Edward,34,2,0,37.22554789,-78.43597949,51147.0,32,29,2,0,27,19,22950,5,0,0,5,10
2020-04-24,US,Virginia,Prince George,29,0,0,37.18497668,-77.22922187,51149.0,29,29,0,0,29,28,38082,0,0,0,0,1
2020-04-24,US,Virginia,Prince William,1110,18,0,38.70916224,-77.48713689,51153.0,1092,1027,18,0,1009,924,468011,83,0,0,83,103
2020-04-24,US,Virginia,Pulaski,10,0,0,37.06474963,-80.71229738,51155.0,10,9,0,0,9,9,34066,1,0,0,1,0
2020-04-24,US,Virginia,Radford,2,0,0,37.12222899,-80.56027320000003,51750.0,2,2,0,0,2,2,18339,0,0,0,0,0
2020-04-24,US,Virginia,Rappahannock,1,0,0,38.68295619,-78.15826963,51157.0,1,1,0,0,1,1,7252,0,0,0,0,0
2020-04-24,US,Virginia,Richmond,66,0,0,37.937575,-76.72920628,51159.0,66,66,0,0,66,53,9038,0,0,0,0,13
2020-04-24,US,Virginia,Richmond City,267,14,0,37.53255773,-77.47966921,51760.0,253,259,13,0,246,250,228783,8,1,0,7,9
2020-04-24,US,Virginia,Roanoke,39,0,0,37.26865804,-80.06396753,51161.0,39,34,0,0,34,31,94073,5,0,0,5,3
2020-04-24,US,Virginia,Roanoke City,33,0,0,37.27791025,-79.96189766,51770.0,33,28,0,0,28,27,99920,5,0,0,5,1
2020-04-24,US,Virginia,Rockbridge,5,0,0,37.81204314,-79.44605905,51163.0,5,5,0,0,5,5,22752,0,0,0,0,0
2020-04-24,US,Virginia,Rockingham,176,1,0,38.51006137,-78.87260325,51165.0,175,163,1,0,162,145,81244,13,0,0,13,18
2020-04-24,US,Virginia,Russell,2,0,0,36.93028320000001,-82.10095486,51167.0,2,2,0,0,2,2,26748,0,0,0,0,0
2020-04-24,US,Virginia,Salem,8,0,0,37.2836193,-80.06219455,51775.0,8,8,0,0,8,8,25643,0,0,0,0,0
2020-04-24,US,Virginia,Scott,5,1,0,36.71466456,-82.60171704,51169.0,4,5,1,0,4,5,21534,0,0,0,0,0
2020-04-24,US,Virginia,Shenandoah,65,0,0,38.85905135,-78.56813762,51171.0,65,58,0,0,58,53,43497,7,0,0,7,5
2020-04-24,US,Virginia,Smyth,13,0,0,36.84455636,-81.53344948,51173.0,13,13,0,0,13,13,30472,0,0,0,0,0
2020-04-24,US,Virginia,Southampton,75,1,0,36.72231125,-77.10642712,51175.0,74,71,1,0,70,19,17586,4,0,0,4,52
2020-04-24,US,Virginia,Spotsylvania,97,3,0,38.18574462,-77.655399,51177.0,94,94,3,0,91,83,134238,3,0,0,3,11
2020-04-24,US,Virginia,Stafford,193,2,0,38.41758738,-77.45917053,51179.0,191,180,2,0,178,170,149960,13,0,0,13,10
2020-04-24,US,Virginia,Staunton,10,0,0,38.15965544,-79.05979937,51790.0,10,10,0,0,10,10,24922,0,0,0,0,0
2020-04-24,US,Virginia,Suffolk,138,4,0,36.70155394,-76.63603554,51800.0,134,136,3,0,133,126,91185,2,1,0,1,10
2020-04-24,US,Virginia,Surry,4,1,0,37.11781893,-76.88450012,51181.0,3,4,1,0,3,4,6474,0,0,0,0,0
2020-04-24,US,Virginia,Sussex,28,1,0,36.92432914,-77.25791182,51183.0,27,25,1,0,24,23,11237,3,0,0,3,2
2020-04-24,US,Virginia,Tazewell,4,0,0,37.12191123,-81.56685568,51185.0,4,4,0,0,4,4,40855,0,0,0,0,0
2020-04-24,US,Virginia,Virginia Beach,331,10,0,36.73285734,-76.04566934,51810.0,321,328,8,0,320,313,450189,3,2,0,1,15
2020-04-24,US,Virginia,Warren,36,0,0,38.90847745,-78.20280433,51187.0,36,30,0,0,30,27,40003,6,0,0,6,3
2020-04-24,US,Virginia,Washington,30,3,0,36.72341572,-81.95666289,51191.0,27,30,3,0,27,29,54402,0,0,0,0,1
2020-04-24,US,Virginia,Waynesboro,10,0,0,38.06451466,-78.90293905,51820.0,10,9,0,0,9,8,22628,1,0,0,1,1
2020-04-24,US,Virginia,Westmoreland,14,0,0,38.11021557,-76.80213247,51193.0,14,14,0,0,14,12,17830,0,0,0,0,2
2020-04-24,US,Virginia,Williamsburg,14,1,0,37.28131268,-76.70905141,51830.0,13,14,1,0,13,14,14896,0,0,0,0,0
2020-04-24,US,Virginia,Winchester,31,0,0,39.17054517,-78.17325058,51840.0,31,30,0,0,30,29,28108,1,0,0,1,1
2020-04-24,US,Virginia,Wise,20,1,0,36.9746148,-82.62410519,51195.0,19,20,1,0,19,18,38012,0,0,0,0,2
2020-04-24,US,Virginia,Wythe,11,1,0,36.91582035,-81.07834059,51197.0,10,11,1,0,10,11,28754,0,0,0,0,0
2020-04-24,US,Virginia,York,43,1,0,37.24374789,-76.54412815,51199.0,42,43,1,0,42,43,67846,0,0,0,0,0
2020-04-24,US,Washington,Adams,45,0,0,46.98299757,-118.56017340000001,53001.0,45,45,0,0,45,44,19759,0,0,0,0,1
2020-04-24,US,Washington,Asotin,16,1,0,46.18894415,-117.2022851,53003.0,15,16,1,0,15,14,22610,0,0,0,0,2
2020-04-24,US,Washington,Benton,383,36,0,46.23946995,-119.51208340000001,53005.0,347,365,36,0,329,338,201877,18,0,0,18,27
2020-04-24,US,Washington,Chelan,89,5,0,47.87046092,-120.6173956,53007.0,84,88,5,0,83,88,77036,1,0,0,1,0
2020-04-24,US,Washington,Clallam,14,0,0,48.04754642,-123.92263190000001,53009.0,14,14,0,0,14,14,76737,0,0,0,0,0
2020-04-24,US,Washington,Clark,293,16,0,45.77568046,-122.48292040000001,53011.0,277,291,15,0,276,313,481857,2,1,0,1,-22
2020-04-24,US,Washington,Columbia,1,0,0,46.29442881,-117.9051983,53013.0,1,1,0,0,1,1,4059,0,0,0,0,0
2020-04-24,US,Washington,Cowlitz,36,0,0,46.19074721,-122.6782231,53015.0,36,35,0,0,35,34,108987,1,0,0,1,1
2020-04-24,US,Washington,Douglas,69,1,0,47.7361335,-119.69293700000001,53017.0,68,63,1,0,62,61,42907,6,0,0,6,2
2020-04-24,US,Washington,Ferry,1,0,0,48.471143100000006,-118.5154041,53019.0,1,1,0,0,1,1,7649,0,0,0,0,0
2020-04-24,US,Washington,Franklin,239,5,0,46.53351425,-118.9018212,53021.0,234,233,5,0,228,207,94347,6,0,0,6,26
2020-04-24,US,Washington,Grant,149,2,0,47.20753737,-119.4500749,53025.0,147,146,2,0,144,147,97331,3,0,0,3,-1
2020-04-24,US,Washington,Grays Harbor,12,0,0,47.14003705,-123.7820567,53027.0,12,12,0,0,12,12,73901,0,0,0,0,0
2020-04-24,US,Washington,Island,160,9,0,48.14713305,-122.5216407,53029.0,151,160,9,0,151,168,84460,0,0,0,0,-8
2020-04-24,US,Washington,Jefferson,28,0,0,47.75003077,-123.56097040000002,53031.0,28,28,0,0,28,28,31729,0,0,0,0,0
2020-04-24,US,Washington,King,5637,393,0,47.49137892,-121.8346131,53033.0,5244,5532,385,0,5147,5379,2233163,105,8,0,97,153
2020-04-24,US,Washington,Kitsap,143,2,0,47.63479026,-122.6436061,53035.0,141,144,2,0,142,141,269805,-1,0,0,-1,3
2020-04-24,US,Washington,Kittitas,14,0,0,47.12521214,-120.67943899999999,53037.0,14,14,0,0,14,14,47364,0,0,0,0,0
2020-04-24,US,Washington,Klickitat,16,3,0,45.87325839,-120.7913598,53039.0,13,16,3,0,13,16,22107,0,0,0,0,0
2020-04-24,US,Washington,Lewis,25,3,0,46.57756476,-122.39257690000001,53041.0,22,22,3,0,19,21,79604,3,0,0,3,1
2020-04-24,US,Washington,Lincoln,2,0,0,47.57705241,-118.41943880000001,53043.0,2,2,0,0,2,2,10740,0,0,0,0,0
2020-04-24,US,Washington,Mason,22,0,0,47.35007586,-123.1863685,53045.0,22,22,0,0,22,22,65507,0,0,0,0,0
2020-04-24,US,Washington,Okanogan,16,0,0,48.54855019,-119.73872240000001,53047.0,16,16,0,0,16,14,42132,0,0,0,0,2
2020-04-24,US,Washington,Pacific,4,0,0,46.55418369,-123.7285716,53049.0,4,4,0,0,4,3,22036,0,0,0,0,1
2020-04-24,US,Washington,Pend Oreille,2,0,0,48.53234021,-117.2741804,53051.0,2,2,0,0,2,2,13602,0,0,0,0,0
2020-04-24,US,Washington,Pierce,1212,43,0,47.03892768,-122.14059579999999,53053.0,1169,1192,44,0,1148,1236,891299,20,-1,0,21,-44
2020-04-24,US,Washington,San Juan,14,0,0,48.60182783,-122.96745,53055.0,14,14,0,0,14,15,17128,0,0,0,0,-1
2020-04-24,US,Washington,Skagit,283,10,0,48.48171488,-121.766131,53057.0,273,280,10,0,270,255,128206,3,0,0,3,25
2020-04-24,US,Washington,Skamania,3,0,0,46.02408726,-121.91644029999999,53059.0,3,3,0,0,3,3,11924,0,0,0,0,0
2020-04-24,US,Washington,Snohomish,2243,102,0,48.04615983,-121.7170703,53061.0,2141,2216,101,0,2115,2209,814901,27,1,0,26,7
2020-04-24,US,Washington,Spokane,330,19,0,47.62113146,-117.4046494,53063.0,311,320,19,0,301,317,514631,10,0,0,10,3
2020-04-24,US,Washington,Stevens,9,1,0,48.40035475,-117.8542701,53065.0,8,9,1,0,8,8,45260,0,0,0,0,1
2020-04-24,US,Washington,Thurston,98,1,0,46.9291895,-122.82906559999999,53067.0,97,96,1,0,95,94,286419,2,0,0,2,2
2020-04-24,US,Washington,Unassigned,100,0,0,0.0,0.0,90053.0,100,134,0,0,134,159,,-34,0,0,-34,-25
2020-04-24,US,Washington,Wahkiakum,2,0,0,46.29180039999999,-123.4250831,53069.0,2,2,0,0,2,2,4426,0,0,0,0,0
2020-04-24,US,Washington,Walla Walla,48,0,0,46.23040051,-118.4775539,53071.0,48,41,0,0,41,34,60922,7,0,0,7,7
2020-04-24,US,Washington,Whatcom,282,27,0,48.82227976,-121.74900179999999,53073.0,255,282,27,0,255,281,225685,0,0,0,0,1
2020-04-24,US,Washington,Whitman,14,0,0,46.90022523,-117.52417630000001,53075.0,14,13,0,0,13,13,49791,1,0,0,1,0
2020-04-24,US,Washington,Yakima,923,43,0,46.45738486,-120.73801259999999,53077.0,880,879,41,0,838,886,251446,44,2,0,42,-7
2020-04-24,US,West Virginia,Barbour,4,1,0,39.1307219,-80.00350858,54001.0,3,4,1,0,3,4,16535,0,0,0,0,0
2020-04-24,US,West Virginia,Berkeley,129,1,0,39.46704621,-78.02414609,54003.0,128,127,1,0,126,121,117123,2,0,0,2,6
2020-04-24,US,West Virginia,Boone,2,0,0,38.01974191,-81.69888019,54005.0,2,2,0,0,2,2,21951,0,0,0,0,0
2020-04-24,US,West Virginia,Braxton,1,0,0,38.70036159,-80.72011184,54007.0,1,1,0,0,1,1,14089,0,0,0,0,0
2020-04-24,US,West Virginia,Brooke,3,0,0,40.27367263,-80.57915332,54009.0,3,3,0,0,3,3,22203,0,0,0,0,0
2020-04-24,US,West Virginia,Cabell,38,0,0,38.42424062,-82.23855912,54011.0,38,38,0,0,38,35,93224,0,0,0,0,3
2020-04-24,US,West Virginia,Fayette,9,0,0,38.02974928,-81.08286634,54019.0,9,8,0,0,8,5,43018,1,0,0,1,3
2020-04-24,US,West Virginia,Grant,1,0,0,39.10314817,-79.19440518,54023.0,1,1,0,0,1,1,11626,0,0,0,0,0
2020-04-24,US,West Virginia,Greenbrier,3,0,0,37.9463652,-80.45335881,54025.0,3,3,0,0,3,3,34786,0,0,0,0,0
2020-04-24,US,West Virginia,Hampshire,7,1,0,39.32103553,-78.60826476,54027.0,6,7,1,0,6,7,23347,0,0,0,0,0
2020-04-24,US,West Virginia,Hancock,7,0,0,40.51943859,-80.57461608,54029.0,7,7,0,0,7,7,29094,0,0,0,0,0
2020-04-24,US,West Virginia,Hardy,3,0,0,39.00683177,-78.85855301,54031.0,3,3,0,0,3,3,13775,0,0,0,0,0
2020-04-24,US,West Virginia,Harrison,30,1,0,39.2853852,-80.37919577,54033.0,29,30,1,0,29,30,67554,0,0,0,0,0
2020-04-24,US,West Virginia,Jackson,116,8,0,38.84263974,-81.68148753,54035.0,108,112,7,0,105,103,28706,4,1,0,3,9
2020-04-24,US,West Virginia,Jefferson,70,0,0,39.30776166,-77.86014147,54037.0,70,67,0,0,67,65,56811,3,0,0,3,2
2020-04-24,US,West Virginia,Kanawha,147,3,0,38.33860077,-81.52857054,54039.0,144,142,3,0,139,138,180454,5,0,0,5,4
2020-04-24,US,West Virginia,Lewis,3,0,0,38.9947249,-80.49988181,54041.0,3,3,0,0,3,2,16024,0,0,0,0,1
2020-04-24,US,West Virginia,Lincoln,1,0,0,38.172154,-82.07017953,54043.0,1,1,0,0,1,1,20599,0,0,0,0,0
2020-04-24,US,West Virginia,Logan,11,1,0,37.8299889,-81.93528571,54045.0,10,11,1,0,10,9,32607,0,0,0,0,2
2020-04-24,US,West Virginia,Marion,44,2,0,39.50984542,-80.24244659,54049.0,42,44,2,0,42,43,56097,0,0,0,0,1
2020-04-24,US,West Virginia,Marshall,9,0,0,39.86064362,-80.66591062,54051.0,9,8,0,0,8,8,30785,1,0,0,1,0
2020-04-24,US,West Virginia,Mason,11,0,0,38.77071799,-82.02524219,54053.0,11,11,0,0,11,10,26718,0,0,0,0,1
2020-04-24,US,West Virginia,McDowell,6,0,0,37.38002939,-81.65083669,54047.0,6,6,0,0,6,6,18223,0,0,0,0,0
2020-04-24,US,West Virginia,Mercer,9,0,0,37.40481169,-81.11023142,54055.0,9,9,0,0,9,9,59131,0,0,0,0,0
2020-04-24,US,West Virginia,Mineral,12,0,0,39.41561583,-78.94104895,54057.0,12,11,0,0,11,10,26940,1,0,0,1,1
2020-04-24,US,West Virginia,Mingo,2,1,0,37.73048351,-82.13338365,54059.0,1,2,1,0,1,2,23785,0,0,0,0,0
2020-04-24,US,West Virginia,Monongalia,97,4,0,39.63218457,-80.04766838,54061.0,93,89,4,0,85,90,106420,8,0,0,8,-1
2020-04-24,US,West Virginia,Monroe,5,0,0,37.56274716,-80.54577965,54063.0,5,5,0,0,5,5,13280,0,0,0,0,0
2020-04-24,US,West Virginia,Morgan,9,0,0,39.55439028,-78.26311676,54065.0,9,7,0,0,7,7,17787,2,0,0,2,0
2020-04-24,US,West Virginia,Nicholas,6,0,0,38.29617706,-80.79759588,54067.0,6,5,0,0,5,4,24842,1,0,0,1,1
2020-04-24,US,West Virginia,Ohio,25,1,0,40.0955451,-80.62203992,54069.0,24,24,1,0,23,23,41755,1,0,0,1,1
2020-04-24,US,West Virginia,Pendleton,3,0,0,38.68314479,-79.35084086,54071.0,3,1,0,0,1,1,6997,2,0,0,2,0
2020-04-24,US,West Virginia,Pleasants,2,0,0,39.37091679,-81.16771771,54073.0,2,2,0,0,2,2,7507,0,0,0,0,0
2020-04-24,US,West Virginia,Preston,12,0,0,39.46770987,-79.66712803,54077.0,12,12,0,0,12,12,33839,0,0,0,0,0
2020-04-24,US,West Virginia,Putnam,16,0,0,38.50782345,-81.9082131,54079.0,16,19,0,0,19,16,56682,-3,0,0,-3,3
2020-04-24,US,West Virginia,Raleigh,9,0,0,37.76936795,-81.2456041,54081.0,9,8,0,0,8,7,74254,1,0,0,1,1
2020-04-24,US,West Virginia,Randolph,4,0,0,38.769899,-79.87919615,54083.0,4,4,0,0,4,4,28823,0,0,0,0,0
2020-04-24,US,West Virginia,Roane,3,0,0,38.71622686,-81.35243568,54087.0,3,4,0,0,4,5,13932,-1,0,0,-1,-1
2020-04-24,US,West Virginia,Summers,1,0,0,37.65390597,-80.86009693,54089.0,1,1,0,0,1,1,12760,0,0,0,0,0
2020-04-24,US,West Virginia,Taylor,5,0,0,39.33602617,-80.0421439,54091.0,5,5,0,0,5,5,16862,0,0,0,0,0
2020-04-24,US,West Virginia,Tucker,4,0,0,39.11240885,-79.57053576,54093.0,4,4,0,0,4,4,6955,0,0,0,0,0
2020-04-24,US,West Virginia,Tyler,3,0,0,39.46811972,-80.88772676,54095.0,3,3,0,0,3,3,8746,0,0,0,0,0
2020-04-24,US,West Virginia,Upshur,4,0,0,38.89285061,-80.23689136,54097.0,4,4,0,0,4,4,24415,0,0,0,0,0
2020-04-24,US,West Virginia,Wayne,81,6,0,38.14901357,-82.42287994,54099.0,75,81,6,0,75,79,39944,0,0,0,0,2
2020-04-24,US,West Virginia,Wetzel,3,0,0,39.6065771,-80.64016540000001,54103.0,3,3,0,0,3,3,15270,0,0,0,0,0
2020-04-24,US,West Virginia,Wirt,3,0,0,39.02775007,-81.37473928,54105.0,3,3,0,0,3,2,5830,0,0,0,0,1
2020-04-24,US,West Virginia,Wood,36,2,0,39.20967886,-81.5162836,54107.0,34,35,2,0,33,33,84203,1,0,0,1,2
2020-04-24,US,West Virginia,Wyoming,1,0,0,37.612327,-81.54511071,54109.0,1,1,0,0,1,1,20786,0,0,0,0,0
2020-04-24,US,Wisconsin,Adams,4,1,0,43.96974651,-89.76782777,55001.0,3,4,1,0,3,4,20348,0,0,0,0,0
2020-04-24,US,Wisconsin,Ashland,2,0,0,46.31956891,-90.67837132,55003.0,2,2,0,0,2,2,15600,0,0,0,0,0
2020-04-24,US,Wisconsin,Barron,6,0,0,45.42372701,-91.84833627,55005.0,6,6,0,0,6,6,45164,0,0,0,0,0
2020-04-24,US,Wisconsin,Bayfield,3,1,0,46.52868768,-91.19716729,55007.0,2,3,1,0,2,3,15042,0,0,0,0,0
2020-04-24,US,Wisconsin,Brown,605,2,0,44.452655299999996,-88.00411844,55009.0,603,455,2,0,453,402,263378,150,0,0,150,53
2020-04-24,US,Wisconsin,Buffalo,4,1,0,44.37835084,-91.75332578,55011.0,3,4,1,0,3,4,13125,0,0,0,0,0
2020-04-24,US,Wisconsin,Calumet,7,0,0,44.0816316,-88.21780273,55015.0,7,6,0,0,6,6,50159,1,0,0,1,0
2020-04-24,US,Wisconsin,Chippewa,20,0,0,45.06939744,-91.28068855,55017.0,20,20,0,0,20,20,64135,0,0,0,0,0
2020-04-24,US,Wisconsin,Clark,19,1,0,44.73483377,-90.61207486,55019.0,18,18,1,0,17,18,34709,1,0,0,1,0
2020-04-24,US,Wisconsin,Columbia,27,1,0,43.46492199,-89.33589004,55021.0,26,27,1,0,26,27,57358,0,0,0,0,0
2020-04-24,US,Wisconsin,Crawford,3,0,0,43.23870316,-90.93073686,55023.0,3,3,0,0,3,3,16291,0,0,0,0,0
2020-04-24,US,Wisconsin,Dane,395,21,0,43.06601594,-89.41733797,55025.0,374,387,21,0,366,386,542364,8,0,0,8,1
2020-04-24,US,Wisconsin,Dodge,21,1,0,43.41576662,-88.70928178,55027.0,20,20,1,0,19,20,87847,1,0,0,1,0
2020-04-24,US,Wisconsin,Door,9,1,0,44.95856458,-87.30002707,55029.0,8,9,1,0,8,9,27610,0,0,0,0,0
2020-04-24,US,Wisconsin,Douglas,9,0,0,46.43222285,-91.91595768,55031.0,9,9,0,0,9,8,43208,0,0,0,0,1
2020-04-24,US,Wisconsin,Dunn,9,0,0,44.94562799,-91.8962481,55033.0,9,9,0,0,9,9,45131,0,0,0,0,0
2020-04-24,US,Wisconsin,Eau Claire,23,0,0,44.726614,-91.28609183,55035.0,23,23,0,0,23,23,104534,0,0,0,0,0
2020-04-24,US,Wisconsin,Florence,2,0,0,45.84963535,-88.39804137,55037.0,2,2,0,0,2,2,4321,0,0,0,0,0
2020-04-24,US,Wisconsin,Fond du Lac,67,3,0,43.75354908,-88.48885325,55039.0,64,66,3,0,63,65,103066,1,0,0,1,1
2020-04-24,US,Wisconsin,Grant,27,3,0,42.8671731,-90.7063218,55043.0,24,26,3,0,23,25,51554,1,0,0,1,1
2020-04-24,US,Wisconsin,Green,10,0,0,42.6794956,-89.60243287,55045.0,10,10,0,0,10,9,36929,0,0,0,0,1
2020-04-24,US,Wisconsin,Green Lake,1,0,0,43.80025981,-89.04679553,55047.0,1,1,0,0,1,1,18918,0,0,0,0,0
2020-04-24,US,Wisconsin,Iowa,7,0,0,43.00050278,-90.13469017,55049.0,7,7,0,0,7,7,23771,0,0,0,0,0
2020-04-24,US,Wisconsin,Iron,2,1,0,46.26302338,-90.24295041,55051.0,1,2,1,0,1,2,5676,0,0,0,0,0
2020-04-24,US,Wisconsin,Jackson,12,1,0,44.31864893,-90.80566792,55053.0,11,12,1,0,11,12,20478,0,0,0,0,0
2020-04-24,US,Wisconsin,Jefferson,38,0,0,43.02054068,-88.77529134,55055.0,38,37,0,0,37,35,85129,1,0,0,1,2
2020-04-24,US,Wisconsin,Juneau,11,1,0,43.92456975,-90.11120239,55057.0,10,11,1,0,10,11,26617,0,0,0,0,0
2020-04-24,US,Wisconsin,Kenosha,314,7,0,42.57639354,-88.04051686,55059.0,307,294,6,0,288,278,169290,20,1,0,19,16
2020-04-24,US,Wisconsin,Kewaunee,9,1,0,44.51727459,-87.61468386,55061.0,8,10,1,0,9,8,20383,-1,0,0,-1,2
2020-04-24,US,Wisconsin,La Crosse,25,0,0,43.90632465,-91.11451093,55063.0,25,25,0,0,25,25,118230,0,0,0,0,0
2020-04-24,US,Wisconsin,Lafayette,4,0,0,42.66005229,-90.1317729,55065.0,4,4,0,0,4,4,16665,0,0,0,0,0
2020-04-24,US,Wisconsin,Manitowoc,9,0,0,44.11946801,-87.80928853,55071.0,9,7,0,0,7,7,79074,2,0,0,2,0
2020-04-24,US,Wisconsin,Marathon,17,1,0,44.89792533,-89.75863384,55073.0,16,17,1,0,16,17,135428,0,0,0,0,0
2020-04-24,US,Wisconsin,Marinette,8,1,0,45.38553432,-88.03324599999998,55075.0,7,8,1,0,7,6,40434,0,0,0,0,2
2020-04-24,US,Wisconsin,Marquette,3,1,0,43.81911946,-89.40073763,55077.0,2,3,1,0,2,3,15434,0,0,0,0,0
2020-04-24,US,Wisconsin,Menominee,1,0,0,45.00422544,-88.70950714,55078.0,1,1,0,0,1,1,4658,0,0,0,0,0
2020-04-24,US,Wisconsin,Milwaukee,2431,154,0,43.00486062,-87.96733172,55079.0,2277,2382,150,0,2232,2304,948201,49,4,0,45,78
2020-04-24,US,Wisconsin,Monroe,14,1,0,43.94641218,-90.61881899999999,55081.0,13,14,1,0,13,13,46051,0,0,0,0,1
2020-04-24,US,Wisconsin,Oconto,5,0,0,45.02715345,-88.26807503,55083.0,5,5,0,0,5,5,37830,0,0,0,0,0
2020-04-24,US,Wisconsin,Oneida,6,0,0,45.70677897,-89.51944105,55085.0,6,6,0,0,6,6,35470,0,0,0,0,0
2020-04-24,US,Wisconsin,Outagamie,43,2,0,44.41578887,-88.46565023,55087.0,41,38,2,0,36,37,187365,5,0,0,5,1
2020-04-24,US,Wisconsin,Ozaukee,80,9,0,43.38352225,-87.94625009,55089.0,71,80,9,0,71,80,89147,0,0,0,0,0
2020-04-24,US,Wisconsin,Pierce,8,0,0,44.71850291,-92.4224416,55093.0,8,8,0,0,8,8,42555,0,0,0,0,0
2020-04-24,US,Wisconsin,Polk,4,0,0,45.46130348,-92.44182875,55095.0,4,4,0,0,4,4,43598,0,0,0,0,0
2020-04-24,US,Wisconsin,Portage,4,0,0,44.47558711,-89.50152965,55097.0,4,4,0,0,4,4,70942,0,0,0,0,0
2020-04-24,US,Wisconsin,Price,1,0,0,45.68051754,-90.36098879999999,55099.0,1,1,0,0,1,1,13397,0,0,0,0,0
2020-04-24,US,Wisconsin,Racine,229,10,0,42.74753117,-88.05941254,55101.0,219,215,10,0,205,198,196584,14,0,0,14,17
2020-04-24,US,Wisconsin,Richland,10,1,0,43.3762778,-90.43012729,55103.0,9,10,1,0,9,9,17377,0,0,0,0,1
2020-04-24,US,Wisconsin,Rock,120,4,0,42.67151616,-89.07147900000002,55105.0,116,99,4,0,95,86,163129,21,0,0,21,13
2020-04-24,US,Wisconsin,Rusk,4,0,0,45.47498854,-91.1333012,55107.0,4,4,0,0,4,4,14147,0,0,0,0,0
2020-04-24,US,Wisconsin,Sauk,38,3,0,43.42574087,-89.94966132,55111.0,35,37,3,0,34,36,64249,1,0,0,1,1
2020-04-24,US,Wisconsin,Sawyer,2,0,0,45.87931905,-91.14504927,55113.0,2,2,0,0,2,2,16489,0,0,0,0,0
2020-04-24,US,Wisconsin,Shawano,8,0,0,44.78902246,-88.76443896,55115.0,8,6,0,0,6,6,40796,2,0,0,2,0
2020-04-24,US,Wisconsin,Sheboygan,45,2,0,43.72099677,-87.94579284,55117.0,43,44,2,0,42,44,115456,1,0,0,1,0
2020-04-24,US,Wisconsin,St. Croix,13,0,0,45.03437474,-92.45000068,55109.0,13,13,0,0,13,12,89694,0,0,0,0,1
2020-04-24,US,Wisconsin,Trempealeau,2,0,0,44.30360275,-91.35893614,55121.0,2,1,0,0,1,1,29442,1,0,0,1,0
2020-04-24,US,Wisconsin,Vernon,1,0,0,43.59422667,-90.8324691,55123.0,1,,,,,,30785,,,,,
2020-04-24,US,Wisconsin,Vilas,4,0,0,46.05467334,-89.51719204,55125.0,4,4,0,0,4,4,21938,0,0,0,0,0
2020-04-24,US,Wisconsin,Walworth,113,7,0,42.66858202,-88.54163073,55127.0,106,100,7,0,93,94,103718,13,0,0,13,6
2020-04-24,US,Wisconsin,Washburn,1,0,0,45.89838588,-91.79050449,55129.0,1,1,0,0,1,1,15878,0,0,0,0,0
2020-04-24,US,Wisconsin,Washington,91,4,0,43.36863664,-88.22974712,55131.0,87,90,4,0,86,88,135693,1,0,0,1,2
2020-04-24,US,Wisconsin,Waukesha,289,14,0,43.01833055,-88.30431188,55133.0,275,280,14,0,266,278,403072,9,0,0,9,2
2020-04-24,US,Wisconsin,Waupaca,7,1,0,44.47068056,-88.96534501,55135.0,6,6,1,0,5,5,51128,1,0,0,1,1
2020-04-24,US,Wisconsin,Waushara,2,0,0,44.11324419,-89.24317107,55137.0,2,2,0,0,2,2,24263,0,0,0,0,0
2020-04-24,US,Wisconsin,Winnebago,46,1,0,44.06886922,-88.64477096,55139.0,45,46,1,0,45,43,171020,0,0,0,0,3
2020-04-24,US,Wisconsin,Wood,2,0,0,44.45537896,-90.04158336,55141.0,2,2,0,0,2,2,73055,0,0,0,0,0
2020-04-24,US,Wyoming,Albany,6,0,0,41.65498705,-105.72354150000001,56001.0,6,6,0,0,6,6,38601,0,0,0,0,0
2020-04-24,US,Wyoming,Big Horn,2,0,0,44.52405055,-107.9960365,56003.0,2,2,0,0,2,2,11881,0,0,0,0,0
2020-04-24,US,Wyoming,Campbell,20,0,0,44.24886082,-105.54744040000001,56005.0,20,18,0,0,18,18,46140,2,0,0,2,0
2020-04-24,US,Wyoming,Carbon,4,0,0,41.69357844,-106.9326084,56007.0,4,4,0,0,4,4,14971,0,0,0,0,0
2020-04-24,US,Wyoming,Converse,16,0,0,42.97272268,-105.5081848,56009.0,16,16,0,0,16,16,13640,0,0,0,0,0
2020-04-24,US,Wyoming,Crook,5,0,0,44.58855102,-104.56977049999999,56011.0,5,5,0,0,5,5,7450,0,0,0,0,0
2020-04-24,US,Wyoming,Fremont,72,0,0,43.04183996,-108.6296893,56013.0,72,59,0,0,59,57,39531,13,0,0,13,2
2020-04-24,US,Wyoming,Goshen,4,0,0,42.08798185,-104.3534743,56015.0,4,4,0,0,4,4,13376,0,0,0,0,0
2020-04-24,US,Wyoming,Hot Springs,3,0,0,43.71930657,-108.44231740000001,56017.0,3,3,0,0,3,3,4555,0,0,0,0,0
2020-04-24,US,Wyoming,Johnson,15,1,0,44.04057166,-106.58451740000001,56019.0,14,15,1,0,14,15,8460,0,0,0,0,0
2020-04-24,US,Wyoming,Laramie,120,0,0,41.30702520000001,-104.6887497,56021.0,120,117,0,0,117,114,98976,3,0,0,3,3
2020-04-24,US,Wyoming,Lincoln,9,0,0,42.26376367,-110.6563997,56023.0,9,9,0,0,9,9,19434,0,0,0,0,0
2020-04-24,US,Wyoming,Natrona,49,0,0,42.96180148,-106.79788500000001,56025.0,49,49,0,0,49,48,79115,0,0,0,0,1
2020-04-24,US,Wyoming,Niobrara,2,0,0,43.05607708,-104.47588959999999,56027.0,2,2,0,0,2,2,2388,0,0,0,0,0
2020-04-24,US,Wyoming,Park,1,0,0,44.52157546,-109.58528249999999,56029.0,1,1,0,0,1,1,29324,0,0,0,0,0
2020-04-24,US,Wyoming,Sheridan,16,0,0,44.79048913,-106.8862389,56033.0,16,16,0,0,16,16,30233,0,0,0,0,0
2020-04-24,US,Wyoming,Sublette,3,0,0,42.76558279,-109.91309220000001,56035.0,3,3,0,0,3,3,9813,0,0,0,0,0
2020-04-24,US,Wyoming,Sweetwater,16,0,0,41.65943896,-108.8827882,56037.0,16,16,0,0,16,16,43051,0,0,0,0,0
2020-04-24,US,Wyoming,Teton,95,0,0,43.93522482,-110.5890801,56039.0,95,93,0,0,93,93,23081,2,0,0,2,0
2020-04-24,US,Wyoming,Uinta,7,0,0,41.2878183,-110.54757820000002,56041.0,7,7,0,0,7,7,20299,0,0,0,0,0
2020-04-24,US,Wyoming,Unassigned,0,6,0,0.0,0.0,90056.0,-6,0,6,0,-6,0,,0,0,0,0,0
2020-04-24,US,Wyoming,Washakie,8,0,0,43.90451606,-107.68018700000002,56043.0,8,8,0,0,8,8,7885,0,0,0,0,0
