Date,Country/Region,Province/State,Admin2,Confirmed,Deaths,Recovered,Latitude,Longitude,FIPS,Incidence_Rate,Case-Fatality_Ratio,Active Cases,Previous Confirmed,Previous Deaths,Previous Recovered,Previous Active,Prev2 Confirmed,Population,Daily Confirmed,Daily Deaths,Daily Recovered,Daily Active,Previous Daily Confirmed
2020-05-31,US,Alabama,Autauga,221,4,0,32.53952745,-86.64408227,1001.0,395.568204191949,1.8099547511312215,217,216,4,0,212,212,55601,5,0,0,5,4
2020-05-31,US,Alabama,Baldwin,290,9,0,30.72774991,-87.72207058,1003.0,129.90852647894138,3.103448275862069,281,283,9,0,274,282,218022,7,0,0,7,1
2020-05-31,US,Alabama,Barbour,167,1,0,31.868263,-85.3871286,1005.0,676.4967998055578,0.5988023952095808,166,150,1,0,149,147,24881,17,0,0,17,3
2020-05-31,US,Alabama,Bibb,75,1,0,32.99642064,-87.12511459999996,1007.0,334.9111369116728,1.3333333333333333,74,72,1,0,71,71,22400,3,0,0,3,1
2020-05-31,US,Alabama,Blount,62,1,0,33.98210918,-86.56790593,1009.0,107.21820634316744,1.6129032258064515,61,61,1,0,60,60,57840,1,0,0,1,1
2020-05-31,US,Alabama,Bullock,209,5,0,32.10030533,-85.71265535,1011.0,2069.102069102069,2.392344497607656,204,203,4,0,199,201,10138,6,1,0,5,2
2020-05-31,US,Alabama,Butler,411,18,0,31.75300095,-86.68057478,1013.0,2113.3278486219665,4.37956204379562,393,402,17,0,385,396,19680,9,1,0,8,6
2020-05-31,US,Alabama,Calhoun,160,3,0,33.77483727,-85.82630386,1015.0,140.83887152854192,1.875,157,154,3,0,151,153,114277,6,0,0,6,1
2020-05-31,US,Alabama,Chambers,355,25,0,32.91360079,-85.39072749,1017.0,1067.5407469778072,7.042253521126762,330,353,25,0,328,352,33615,2,0,0,2,1
2020-05-31,US,Alabama,Cherokee,37,3,0,34.17805983,-85.60638968,1019.0,141.24293785310738,8.108108108108109,34,37,3,0,34,36,26032,0,0,0,0,1
2020-05-31,US,Alabama,Chilton,101,1,0,32.85044126,-86.7173256,1021.0,227.33411362204015,0.99009900990099,100,100,1,0,99,99,44153,1,0,0,1,1
2020-05-31,US,Alabama,Choctaw,153,8,0,32.02227341,-88.26564429999998,1023.0,1215.346731273334,5.2287581699346415,145,151,8,0,143,149,12841,2,0,0,2,2
2020-05-31,US,Alabama,Clarke,144,2,0,31.68099859,-87.83548597,1025.0,609.6012192024383,1.3888888888888888,142,142,2,0,140,134,23920,2,0,0,2,8
2020-05-31,US,Alabama,Clay,27,2,0,33.26984193,-85.85836077,1027.0,204.0045334340763,7.407407407407407,25,27,2,0,25,27,13275,0,0,0,0,0
2020-05-31,US,Alabama,Cleburne,15,1,0,33.67679204,-85.52005899,1029.0,100.60362173038229,6.666666666666668,14,14,1,0,13,14,14987,1,0,0,1,0
2020-05-31,US,Alabama,Coffee,236,1,0,31.39932826,-85.98901039,1031.0,450.8807458637423,0.42372881355932196,235,229,1,0,228,226,51909,7,0,0,7,3
2020-05-31,US,Alabama,Colbert,184,2,0,34.69847452,-87.80168544,1033.0,333.0859325500987,1.0869565217391304,182,178,2,0,176,165,54762,6,0,0,6,13
2020-05-31,US,Alabama,Conecuh,41,1,0,31.43401703,-86.99320044,1035.0,339.7696196237673,2.4390243902439024,40,39,1,0,38,38,12277,2,0,0,2,1
2020-05-31,US,Alabama,Coosa,40,1,0,32.93690146,-86.24847739,1037.0,375.1289505767608,2.5,39,38,1,0,37,38,10715,2,0,0,2,0
2020-05-31,US,Alabama,Covington,80,1,0,31.247785399999998,-86.45050893,1039.0,215.93025452778755,1.25,79,77,1,0,76,77,36986,3,0,0,3,0
2020-05-31,US,Alabama,Crenshaw,75,3,0,31.72941803,-86.31593104,1041.0,544.5832123148417,4.0,72,76,3,0,73,73,13824,-1,0,0,-1,3
2020-05-31,US,Alabama,Cullman,143,0,0,34.13020303,-86.86888037,1043.0,170.70957883678733,0.0,143,126,0,0,126,114,83442,17,0,0,17,12
2020-05-31,US,Alabama,Dale,115,0,0,31.43037123,-85.61095742,1045.0,233.8729358171317,0.0,115,110,0,0,110,106,48956,5,0,0,5,4
2020-05-31,US,Alabama,Dallas,272,3,0,32.32688101,-87.10866709999998,1047.0,731.2614259597806,1.1029411764705883,269,260,3,0,257,255,38310,12,0,0,12,5
2020-05-31,US,Alabama,DeKalb,248,3,0,34.45946862,-85.80782906,1049.0,346.7900941087635,1.2096774193548387,245,243,3,0,240,243,71385,5,0,0,5,0
2020-05-31,US,Alabama,Elmore,354,8,0,32.59785413,-86.14415284,1051.0,435.9122757329853,2.2598870056497176,346,339,8,0,331,323,81887,15,0,0,15,16
2020-05-31,US,Alabama,Escambia,63,3,0,31.1256789,-87.15918694,1053.0,171.97608713455082,4.761904761904762,60,57,3,0,54,57,36748,6,0,0,6,0
2020-05-31,US,Alabama,Etowah,257,11,0,34.04567266,-86.04051873,1055.0,251.30050455665506,4.280155642023346,246,248,11,0,237,247,102501,9,0,0,9,1
2020-05-31,US,Alabama,Fayette,16,0,0,33.72076938,-87.73886638,1057.0,98.1474665685192,0.0,16,15,0,0,15,13,16433,1,0,0,1,2
2020-05-31,US,Alabama,Franklin,556,7,0,34.44235334,-87.84289505,1059.0,1772.8461195076845,1.2589928057553956,549,545,7,0,538,540,31363,11,0,0,11,5
2020-05-31,US,Alabama,Geneva,43,0,0,31.09389027,-85.83572839,1061.0,163.67858094476802,0.0,43,40,0,0,40,39,26314,3,0,0,3,1
2020-05-31,US,Alabama,Greene,94,4,0,32.85504247,-87.95684022,1063.0,1158.9199852052768,4.25531914893617,90,94,4,0,90,93,8233,0,0,0,0,1
2020-05-31,US,Alabama,Hale,173,9,0,32.76039258,-87.63284988,1065.0,1180.8067708688827,5.202312138728324,164,159,8,0,151,157,14726,14,1,0,13,2
2020-05-31,US,Alabama,Henry,80,2,0,31.51148016,-85.24267944,1067.0,464.9811101424005,2.5,78,74,2,0,72,73,17209,6,0,0,6,1
2020-05-31,US,Alabama,Houston,220,4,0,31.15197924,-85.29939599,1069.0,207.77847037267898,1.818181818181818,216,209,4,0,205,204,104722,11,0,0,11,5
2020-05-31,US,Alabama,Jackson,78,2,0,34.78144169,-85.99750489,1071.0,151.0866617595785,2.5641025641025643,76,77,2,0,75,76,51736,1,0,0,1,1
2020-05-31,US,Alabama,Jefferson,1837,102,0,33.55554728,-86.89506300000002,1073.0,278.9364277004979,5.5525313010342945,1735,1780,102,0,1678,1744,659300,57,0,0,57,36
2020-05-31,US,Alabama,Lamar,26,0,0,33.77995024,-88.09668032,1075.0,188.33755885548717,0.0,26,23,0,0,23,23,13844,3,0,0,3,0
2020-05-31,US,Alabama,Lauderdale,164,2,0,34.90171875,-87.65624729,1077.0,176.8594506572917,1.2195121951219512,162,161,2,0,159,156,92387,3,0,0,3,5
2020-05-31,US,Alabama,Lawrence,50,0,0,34.52041498,-87.31069453,1079.0,151.86490098408456,0.0,50,48,0,0,48,48,32957,2,0,0,2,0
2020-05-31,US,Alabama,Lee,548,33,0,32.60154883,-85.35132246,1081.0,333.04566615210706,6.021897810218978,515,540,33,0,507,536,163941,8,0,0,8,4
2020-05-31,US,Alabama,Limestone,106,0,0,34.81185586,-86.98310072,1083.0,107.16271546277105,0.0,106,94,0,0,94,92,96174,12,0,0,12,2
2020-05-31,US,Alabama,Lowndes,246,12,0,32.1597283,-86.65158371,1085.0,2529.3028994447877,4.878048780487805,234,238,12,0,226,227,9974,8,0,0,8,11
2020-05-31,US,Alabama,Macon,82,4,0,32.38759944,-85.69267724,1087.0,453.84104494133277,4.878048780487805,78,75,4,0,71,72,18439,7,0,0,7,3
2020-05-31,US,Alabama,Madison,339,4,0,34.76327133,-86.55069633,1089.0,90.90689685687391,1.1799410029498525,335,327,4,0,323,324,366519,12,0,0,12,3
2020-05-31,US,Alabama,Marengo,170,6,0,32.24767634,-87.78796182,1091.0,901.2352223930446,3.5294117647058822,164,163,6,0,157,160,19066,7,0,0,7,3
2020-05-31,US,Alabama,Marion,122,11,0,34.13697363,-87.88704173,1093.0,410.64997138914123,9.016393442622949,111,121,11,0,110,120,29763,1,0,0,1,1
2020-05-31,US,Alabama,Marshall,693,9,0,34.36975964,-86.30486727,1095.0,716.1014322028644,1.2987012987012987,684,687,9,0,678,681,96109,6,0,0,6,6
2020-05-31,US,Alabama,Mobile,2239,116,0,30.78472347,-88.20842409,1097.0,541.8552309963457,5.180884323358642,2123,2191,115,0,2076,2162,413757,48,1,0,47,29
2020-05-31,US,Alabama,Monroe,40,2,0,31.56729412,-87.36995001,1099.0,192.92914677084838,5.0,38,37,2,0,35,36,21067,3,0,0,3,1
2020-05-31,US,Alabama,Montgomery,1710,40,0,32.2206831,-86.20969272,1101.0,755.0135549217171,2.3391812865497075,1670,1632,38,0,1594,1590,225763,78,2,0,76,42
2020-05-31,US,Alabama,Morgan,280,1,0,34.45500589,-86.85475946,1103.0,233.9591741241153,0.35714285714285715,279,251,1,0,250,244,119089,29,0,0,29,7
2020-05-31,US,Alabama,Perry,39,0,0,32.64048341,-87.29770589,1105.0,437.0727333856328,0.0,39,37,0,0,37,35,9140,2,0,0,2,2
2020-05-31,US,Alabama,Pickens,116,4,0,33.28094866,-88.08818103,1107.0,582.0371299548418,3.4482758620689653,112,111,4,0,107,109,19938,5,0,0,5,2
2020-05-31,US,Alabama,Pike,203,0,0,31.80396383,-85.9408295,1109.0,613.0337621549797,0.0,203,198,0,0,198,191,33338,5,0,0,5,7
2020-05-31,US,Alabama,Randolph,127,7,0,33.29526734,-85.45708831,1111.0,558.9296716838306,5.511811023622046,120,125,7,0,118,125,22725,2,0,0,2,0
2020-05-31,US,Alabama,Russell,171,0,0,32.28725256,-85.18415324,1113.0,295.0259657355808,0.0,171,167,0,0,167,162,57781,4,0,0,4,5
2020-05-31,US,Alabama,Shelby,517,20,0,33.26879845,-86.66232561,1117.0,237.48059273686047,3.8684719535783367,497,503,19,0,484,497,215707,14,1,0,13,6
2020-05-31,US,Alabama,St. Clair,123,1,0,33.71902176,-86.31029372,1115.0,137.4117436768255,0.8130081300813008,122,118,1,0,117,118,88690,5,0,0,5,0
2020-05-31,US,Alabama,Sumter,224,7,0,32.59117397,-88.19916205,1119.0,1802.5267562565384,3.125,217,220,6,0,214,216,12691,4,1,0,3,4
2020-05-31,US,Alabama,Talladega,113,5,0,33.37823223,-86.16886178,1121.0,141.2888544349696,4.424778761061948,108,109,3,0,106,106,79828,4,2,0,2,3
2020-05-31,US,Alabama,Tallapoosa,427,65,0,32.86698258,-85.79833053,1123.0,1057.7947333217728,15.222482435597188,362,423,64,0,359,422,40497,4,1,0,3,1
2020-05-31,US,Alabama,Tuscaloosa,783,15,0,33.28726072,-87.52556818,1125.0,374.0058751880777,1.9157088122605364,768,738,14,0,724,720,208911,45,1,0,44,18
2020-05-31,US,Alabama,Walker,354,2,0,33.80270512,-87.30027177,1127.0,557.296012342375,0.5649717514124294,352,344,2,0,342,330,63711,10,0,0,10,14
2020-05-31,US,Alabama,Washington,70,6,0,31.4092794,-88.20689944,1129.0,428.7639348278818,8.571428571428571,64,68,6,0,62,67,16378,2,0,0,2,1
2020-05-31,US,Alabama,Wilcox,148,7,0,31.98773215,-87.30891118,1131.0,1426.7810662296347,4.729729729729731,141,144,7,0,137,141,10627,4,0,0,4,3
2020-05-31,US,Alabama,Winston,90,0,0,34.15030532,-87.37325922,1133.0,380.8878919971222,0.0,90,88,0,0,88,87,23660,2,0,0,2,1
2020-05-31,US,Alaska,Anchorage,229,4,0,61.14998174,-149.14269860000005,2020.0,79.5138888888889,1.7467248908296944,225,214,4,0,210,213,291538,15,0,0,15,1
2020-05-31,US,Alaska,Bethel,3,0,0,60.90980451,-159.8561831,2050.0,16.316762754269554,0.0,3,3,0,0,3,3,18216,0,0,0,0,0
2020-05-31,US,Alaska,Fairbanks North Star,85,2,0,64.80726247,-146.5692662,2090.0,87.76549060909252,2.3529411764705883,83,85,2,0,83,85,98971,0,0,0,0,0
2020-05-31,US,Alaska,Juneau,33,0,0,58.45031811,-134.200436,2110.0,103.20885719647215,0.0,33,33,0,0,33,33,32113,0,0,0,0,0
2020-05-31,US,Alaska,Kenai Peninsula,45,2,0,60.24429722,-151.53888840000005,2122.0,76.65054166382775,4.4444444444444455,43,38,2,0,36,36,58533,7,0,0,7,2
2020-05-31,US,Alaska,Ketchikan Gateway,16,0,0,55.57445008,-130.975561,2130.0,115.09963311991943,0.0,16,16,0,0,16,16,13918,0,0,0,0,0
2020-05-31,US,Alaska,Kodiak Island,1,0,0,57.65529415,-153.7493579,2150.0,7.693491306354824,0.0,1,1,0,0,1,1,13345,0,0,0,0,0
2020-05-31,US,Alaska,Matanuska-Susitna,29,1,0,62.31305045,-149.5741743,2170.0,26.77326735415493,3.4482758620689653,28,25,1,0,24,24,107610,4,0,0,4,1
2020-05-31,US,Alaska,Nome,3,0,0,64.90320724,-164.0353804,2180.0,29.98800479808077,0.0,3,3,0,0,3,3,10008,0,0,0,0,0
2020-05-31,US,Alaska,North Slope,1,0,0,69.31479216,-153.4836093,2185.0,10.17087062652563,0.0,1,1,0,0,1,1,9872,0,0,0,0,0
2020-05-31,US,Alaska,Northwest Arctic,2,0,0,67.04919196,-159.7503946,2188.0,26.243275160740065,0.0,2,2,0,0,2,2,7671,0,0,0,0,0
2020-05-31,US,Alaska,Petersburg,4,1,0,57.13978948,-132.9540995,2195.0,122.47397428046541,25.0,3,4,1,0,3,4,3221,0,0,0,0,0
2020-05-31,US,Alaska,Prince of Wales-Hyder,2,0,0,55.76261984,-133.0511621,2198.0,32.24246332419797,0.0,2,2,0,0,2,2,6422,0,0,0,0,0
2020-05-31,US,Alaska,Sitka,2,0,0,57.24124555,-135.3206587,2220.0,23.54880489815142,0.0,2,2,0,0,2,2,8647,0,0,0,0,0
2020-05-31,US,Alaska,Southeast Fairbanks,3,0,0,63.87692095,-143.2127643,2240.0,43.52241404323227,0.0,3,3,0,0,3,3,6918,0,0,0,0,0
2020-05-31,US,Alaska,Yukon-Koyukuk,1,0,0,65.50815459,-151.39073869999999,2290.0,19.120458891013385,0.0,1,1,0,0,1,1,5327,0,0,0,0,0
2020-05-31,US,Arizona,Apache,1524,35,0,35.39465006,-109.4892383,4001.0,2119.9938792827634,2.2965879265091864,1489,1491,35,0,1456,1414,71818,33,0,0,33,77
2020-05-31,US,Arizona,Cochise,74,3,0,31.87934684,-109.7516088,4003.0,58.766538015596964,4.0540540540540535,71,72,3,0,69,67,126770,2,0,0,2,5
2020-05-31,US,Arizona,Coconino,1151,81,0,35.83883429,-111.77071780000001,4005.0,802.2247623295883,7.037358818418766,1070,1123,81,0,1042,1104,142854,28,0,0,28,19
2020-05-31,US,Arizona,Gila,31,1,0,33.80190085,-110.8132779,4007.0,57.3882779814136,3.2258064516129035,30,30,1,0,29,28,53889,1,0,0,1,2
2020-05-31,US,Arizona,Graham,32,1,0,32.93166885,-109.8882178,4009.0,82.39565362927105,3.125,31,28,1,0,27,27,38072,4,0,0,4,1
2020-05-31,US,Arizona,Greenlee,6,0,0,33.21498827,-109.2405279,4011.0,63.171193935565384,0.0,6,4,0,0,4,4,9483,2,0,0,2,0
2020-05-31,US,Arizona,La Paz,78,1,0,33.72854224,-113.98100290000001,4012.0,369.5281409891984,1.2820512820512822,77,70,1,0,69,54,21098,8,0,0,8,16
2020-05-31,US,Arizona,Maricopa,9815,432,0,33.34835867,-112.49181540000001,4013.0,218.82038090575364,4.401426388181355,9383,9522,430,0,9092,9112,4410824,293,2,0,291,410
2020-05-31,US,Arizona,Mohave,396,44,0,35.70471703,-113.7577902,4015.0,186.63311041045142,11.111111111111109,352,383,44,0,339,369,209550,13,0,0,13,14
2020-05-31,US,Arizona,Navajo,1866,60,0,35.3997715,-110.3218983,4017.0,1682.2328801702065,3.2154340836012865,1806,1833,59,0,1774,1752,110445,33,1,0,32,81
2020-05-31,US,Arizona,Pima,2368,185,0,32.0971334,-111.7890033,4019.0,226.10975680788025,7.8125,2183,2290,185,0,2105,2234,1039073,78,0,0,78,56
2020-05-31,US,Arizona,Pinal,863,39,0,32.90525627,-111.3449483,4021.0,186.4780709999589,4.519119351100811,824,837,39,0,798,814,447138,26,0,0,26,23
2020-05-31,US,Arizona,Santa Cruz,330,0,0,31.52508998,-110.8479088,4023.0,709.7079444277173,0.0,330,297,0,0,297,262,46511,33,0,0,33,35
2020-05-31,US,Arizona,Unassigned,0,3,0,0.0,0.0,90004.0,0.0,0.0,-3,0,3,0,-3,0,,0,0,0,0,0
2020-05-31,US,Arizona,Yavapai,297,6,0,34.59933926,-112.5538588,4025.0,126.32975895261144,2.0202020202020203,291,296,7,0,289,295,231993,1,-1,0,2,1
2020-05-31,US,Arizona,Yuma,1105,16,0,32.76895712,-113.90666740000002,4027.0,516.8695945029399,1.4479638009049771,1089,982,15,0,967,936,212128,123,1,0,122,46
2020-05-31,US,Arkansas,Arkansas,6,0,0,34.29145151,-91.37277296,5001.0,34.31316481756834,0.0,6,5,0,0,5,4,17769,1,0,0,1,1
2020-05-31,US,Arkansas,Ashley,19,0,0,33.19153461,-91.76984709999999,5003.0,96.65767919825001,0.0,19,19,0,0,19,19,20046,0,0,0,0,0
2020-05-31,US,Arkansas,Baxter,12,0,0,36.28784385,-92.33782872,5005.0,28.617762091004487,0.0,12,11,0,0,11,9,41619,1,0,0,1,2
2020-05-31,US,Arkansas,Benton,578,2,0,36.33644656,-94.25680817,5007.0,207.06381362823802,0.3460207612456747,576,507,2,0,505,468,272608,71,0,0,71,39
2020-05-31,US,Arkansas,Boone,6,0,0,36.3084504,-93.09374925,5009.0,16.029066039752085,0.0,6,6,0,0,6,6,37480,0,0,0,0,0
2020-05-31,US,Arkansas,Bradley,22,1,0,33.46755808,-92.15980837,5011.0,204.40397658645358,4.545454545454546,21,18,1,0,17,18,10897,4,0,0,4,0
2020-05-31,US,Arkansas,Carroll,24,1,0,36.34038560000001,-93.54270261,5015.0,84.56659619450318,4.166666666666667,23,24,1,0,23,24,28223,0,0,0,0,0
2020-05-31,US,Arkansas,Chicot,15,0,0,33.26458973,-91.29539209,5017.0,148.2506424194505,0.0,15,15,0,0,15,15,10438,0,0,0,0,0
2020-05-31,US,Arkansas,Clark,39,0,0,34.04613432,-93.17484713,5019.0,174.73118279569889,0.0,39,39,0,0,39,39,22061,0,0,0,0,0
2020-05-31,US,Arkansas,Clay,4,0,0,36.36826212,-90.4148172,5021.0,27.489519620644625,0.0,4,4,0,0,4,4,14847,0,0,0,0,0
2020-05-31,US,Arkansas,Cleburne,73,4,0,35.53864922,-92.02640019,5023.0,292.94915526305226,5.479452054794519,69,73,4,0,69,73,24965,0,0,0,0,0
2020-05-31,US,Arkansas,Cleveland,19,0,0,33.89723187,-92.18537045,5025.0,238.81347410759173,0.0,19,19,0,0,19,19,8018,0,0,0,0,0
2020-05-31,US,Arkansas,Columbia,23,2,0,33.21230701,-93.22642793,5027.0,98.05175427377756,8.695652173913043,21,25,2,0,23,21,23537,-2,0,0,-2,4
2020-05-31,US,Arkansas,Conway,14,1,0,35.26205537,-92.70506566,5029.0,67.15916722632639,7.142857142857142,13,14,1,0,13,14,20891,0,0,0,0,0
2020-05-31,US,Arkansas,Craighead,220,0,0,35.83018283,-90.63235729,5031.0,199.39818003842944,0.0,220,212,0,0,212,206,108558,8,0,0,8,6
2020-05-31,US,Arkansas,Crawford,29,0,0,35.58928601,-94.2446814,5033.0,45.84472864663199,0.0,29,24,0,0,24,18,63406,5,0,0,5,6
2020-05-31,US,Arkansas,Crittenden,380,9,0,35.21247318,-90.30839406,5035.0,792.4095506203732,2.3684210526315788,371,367,9,0,358,341,48342,13,0,0,13,26
2020-05-31,US,Arkansas,Cross,52,0,0,35.29631396,-90.77185818,5037.0,316.7062549485352,0.0,52,51,0,0,51,50,16676,1,0,0,1,1
2020-05-31,US,Arkansas,Dallas,1,0,0,33.97042763,-92.65167437,5039.0,14.267370523612499,0.0,1,1,0,0,1,1,7182,0,0,0,0,0
2020-05-31,US,Arkansas,Desha,19,0,0,33.83011025,-91.25500948,5041.0,167.23879940146114,0.0,19,19,0,0,19,19,11512,0,0,0,0,0
2020-05-31,US,Arkansas,Drew,20,1,0,33.59035001,-91.71777921,5043.0,109.77550908392338,5.0,19,19,1,0,18,19,18328,1,0,0,1,0
2020-05-31,US,Arkansas,Faulkner,102,3,0,35.14719007,-92.33717519,5045.0,80.94788384772275,2.9411764705882355,99,102,3,0,99,102,124806,0,0,0,0,0
2020-05-31,US,Arkansas,Franklin,4,0,0,35.51202821,-93.89299569,5047.0,22.579734688117412,0.0,4,4,0,0,4,4,17810,0,0,0,0,0
2020-05-31,US,Arkansas,Fulton,7,0,0,36.38177105,-91.81729127,5049.0,56.10322994309529,0.0,7,7,0,0,7,7,12269,0,0,0,0,0
2020-05-31,US,Arkansas,Garland,136,1,0,34.57692074,-93.14921604,5051.0,136.8401988207595,0.7352941176470589,135,136,1,0,135,136,99154,0,0,0,0,0
2020-05-31,US,Arkansas,Grant,18,0,0,34.29017991,-92.42320562,5053.0,98.54913769504519,0.0,18,18,0,0,18,18,18188,0,0,0,0,0
2020-05-31,US,Arkansas,Greene,64,0,0,36.11735460000001,-90.55832668,5055.0,141.20242691671262,0.0,64,64,0,0,64,63,45325,0,0,0,0,1
2020-05-31,US,Arkansas,Hempstead,18,1,0,33.73325583,-93.66935133,5057.0,83.59650752368567,5.5555555555555545,17,16,1,0,15,15,21741,2,0,0,2,1
2020-05-31,US,Arkansas,Hot Spring,32,0,0,34.31709259,-92.95396325,5059.0,94.755855615765,0.0,32,32,0,0,32,32,33701,0,0,0,0,0
2020-05-31,US,Arkansas,Howard,21,0,0,34.09007427,-93.9934871,5061.0,159.06680805938498,0.0,21,20,0,0,20,19,13341,1,0,0,1,1
2020-05-31,US,Arkansas,Independence,31,0,0,35.74242707,-91.57001641,5063.0,81.95637805684072,0.0,31,31,0,0,31,30,37678,0,0,0,0,1
2020-05-31,US,Arkansas,Izard,16,0,0,36.09604046,-91.90847954,5065.0,117.3967275662191,0.0,16,16,0,0,16,16,13593,0,0,0,0,0
2020-05-31,US,Arkansas,Jackson,3,0,0,35.59802983,-91.21494602,5067.0,17.943656917279746,0.0,3,1,0,0,1,1,16811,2,0,0,2,0
2020-05-31,US,Arkansas,Jefferson,521,25,0,34.26767081,-91.92619839,5069.0,779.6600023943494,4.798464491362764,496,517,25,0,492,516,68114,4,0,0,4,1
2020-05-31,US,Arkansas,Johnson,43,0,0,35.56759135,-93.46036368,5071.0,161.78794491684852,0.0,43,43,0,0,43,42,26742,0,0,0,0,1
2020-05-31,US,Arkansas,Lafayette,9,1,0,33.24116713,-93.60677071,5073.0,135.8695652173913,11.111111111111109,8,9,1,0,8,9,6682,0,0,0,0,0
2020-05-31,US,Arkansas,Lawrence,84,5,0,36.04188196,-91.10867198,5075.0,512.0078020236499,5.9523809523809526,79,84,5,0,79,82,16434,0,0,0,0,2
2020-05-31,US,Arkansas,Lee,20,1,0,34.78498904,-90.78383866,5077.0,225.8100937111889,5.0,19,19,1,0,18,18,8985,1,0,0,1,1
2020-05-31,US,Arkansas,Lincoln,982,9,0,33.95317155,-91.74002806,5079.0,7539.92628992629,0.9164969450101832,973,978,9,0,969,975,13383,4,0,0,4,3
2020-05-31,US,Arkansas,Little River,6,0,0,33.70375665,-94.23468591,5081.0,48.94363324904152,0.0,6,6,0,0,6,6,12326,0,0,0,0,0
2020-05-31,US,Arkansas,Logan,6,0,0,35.21413234,-93.71951016,5083.0,27.951178608031306,0.0,6,6,0,0,6,5,21737,0,0,0,0,1
2020-05-31,US,Arkansas,Lonoke,48,0,0,34.75392199,-91.88742357,5085.0,65.47627167196389,0.0,48,47,0,0,47,47,73657,1,0,0,1,0
2020-05-31,US,Arkansas,Madison,23,0,0,36.01038185,-93.72524943,5087.0,138.75482625482624,0.0,23,22,0,0,22,13,16481,1,0,0,1,9
2020-05-31,US,Arkansas,Marion,2,0,0,36.26844485,-92.68451899,5089.0,11.980352222355338,0.0,2,1,0,0,1,1,16722,1,0,0,1,0
2020-05-31,US,Arkansas,Miller,44,1,0,33.31403423,-93.89285258,5091.0,101.71764107543287,2.272727272727273,43,43,1,0,42,42,43592,1,0,0,1,1
2020-05-31,US,Arkansas,Mississippi,75,2,0,35.76271485,-90.05194370000002,5093.0,184.49730633932742,2.6666666666666665,73,75,2,0,73,73,41239,0,0,0,0,2
2020-05-31,US,Arkansas,Monroe,5,0,0,34.6815935,-91.20540287,5095.0,74.61572899567228,0.0,5,5,0,0,5,5,6900,0,0,0,0,0
2020-05-31,US,Arkansas,Montgomery,2,0,0,34.53704874,-93.65824478,5097.0,22.2568439795237,0.0,2,2,0,0,2,2,8924,0,0,0,0,0
2020-05-31,US,Arkansas,Nevada,6,0,0,33.66340119,-93.30632432,5099.0,72.70964614638875,0.0,6,5,0,0,5,5,8326,1,0,0,1,0
2020-05-31,US,Arkansas,Newton,3,0,0,35.91947491,-93.21612969,5101.0,38.6946988262608,0.0,3,3,0,0,3,3,7805,0,0,0,0,0
2020-05-31,US,Arkansas,Ouachita,10,0,0,33.58839816,-92.87795984,5103.0,42.767941151312975,0.0,10,10,0,0,10,10,23606,0,0,0,0,0
2020-05-31,US,Arkansas,Perry,14,0,0,34.945915299999996,-92.94372564,5105.0,133.90722142515543,0.0,14,14,0,0,14,14,10352,0,0,0,0,0
2020-05-31,US,Arkansas,Phillips,21,1,0,34.43268455,-90.84800154,5107.0,118.09695197390622,4.761904761904762,20,20,1,0,19,19,18029,1,0,0,1,1
2020-05-31,US,Arkansas,Pike,5,0,0,34.16250414,-93.65789349,5109.0,46.65049449524165,0.0,5,5,0,0,5,5,10673,0,0,0,0,0
2020-05-31,US,Arkansas,Poinsett,33,2,0,35.57433534,-90.66268713,5111.0,140.2584155049303,6.0606060606060606,31,33,2,0,31,31,23974,0,0,0,0,2
2020-05-31,US,Arkansas,Polk,19,0,0,34.48254879,-94.22728802,5113.0,95.17130835503909,0.0,19,17,0,0,17,17,20049,2,0,0,2,0
2020-05-31,US,Arkansas,Pope,148,1,0,35.44871474,-93.03212219,5115.0,230.99013609689098,0.6756756756756757,147,142,1,0,141,136,64000,6,0,0,6,6
2020-05-31,US,Arkansas,Prairie,2,0,0,34.83624419,-91.55162157,5117.0,24.807740014884644,0.0,2,2,0,0,2,2,8074,0,0,0,0,0
2020-05-31,US,Arkansas,Pulaski,888,34,0,34.77054088,-92.31355101,5119.0,226.5820556197708,3.8288288288288284,854,876,34,0,842,846,392680,12,0,0,12,30
2020-05-31,US,Arkansas,Randolph,26,0,0,36.3415714,-91.02455531,5121.0,144.78226974050563,0.0,26,26,0,0,26,26,17948,0,0,0,0,0
2020-05-31,US,Arkansas,Saline,112,1,0,34.64916145,-92.67583224,5125.0,91.47561603110172,0.8928571428571429,111,112,1,0,111,110,121421,0,0,0,0,2
2020-05-31,US,Arkansas,Scott,1,0,0,34.85588887,-94.0632176,5127.0,9.726680284019064,0.0,1,1,0,0,1,1,10319,0,0,0,0,0
2020-05-31,US,Arkansas,Searcy,7,0,0,35.9109364,-92.69936482,5129.0,88.82121558177894,0.0,7,7,0,0,7,7,7958,0,0,0,0,0
2020-05-31,US,Arkansas,Sebastian,40,0,0,35.19605503,-94.27162713,5131.0,31.292293490420647,0.0,40,38,0,0,38,29,127753,2,0,0,2,9
2020-05-31,US,Arkansas,Sevier,210,2,0,33.99780401,-94.2424869,5133.0,1234.7856764861529,0.9523809523809524,208,170,2,0,168,162,17139,40,0,0,40,8
2020-05-31,US,Arkansas,Sharp,46,2,0,36.16258158,-91.47819342,5135.0,263.7312234835455,4.3478260869565215,44,46,2,0,44,46,17366,0,0,0,0,0
2020-05-31,US,Arkansas,St. Francis,672,1,0,35.02201976,-90.74828138,5123.0,2688.645274865968,0.1488095238095238,671,672,1,0,671,664,25439,0,0,0,0,8
2020-05-31,US,Arkansas,Stone,9,0,0,35.86251946,-92.15684085,5137.0,71.96545658084119,0.0,9,9,0,0,9,8,12457,0,0,0,0,1
2020-05-31,US,Arkansas,Unassigned,188,0,0,0.0,0.0,90005.0,0.0,0.0,188,196,0,0,196,193,,-8,0,0,-8,3
2020-05-31,US,Arkansas,Union,173,8,0,33.16887091,-92.59746952,5139.0,447.23644072178274,4.624277456647398,165,171,8,0,163,166,39126,2,0,0,2,5
2020-05-31,US,Arkansas,Van Buren,28,2,0,35.58095779,-92.51295036,5141.0,169.23541855545486,7.142857142857142,26,28,2,0,26,28,16603,0,0,0,0,0
2020-05-31,US,Arkansas,Washington,509,7,0,35.976844,-94.21800746,5143.0,212.80420758653275,1.3752455795677798,502,452,7,0,445,410,236961,57,0,0,57,42
2020-05-31,US,Arkansas,White,44,1,0,35.25688493,-91.74908296,5145.0,55.87088745825556,2.272727272727273,43,44,1,0,43,43,78727,0,0,0,0,1
2020-05-31,US,Arkansas,Woodruff,1,0,0,35.18902527,-91.2439489,5147.0,15.822784810126587,0.0,1,1,0,0,1,2,6490,0,0,0,0,-1
2020-05-31,US,Arkansas,Yell,141,1,0,35.00292371,-93.41171338,5149.0,660.7000609156083,0.7092198581560284,140,137,1,0,136,128,21535,4,0,0,4,9
2020-05-31,US,California,Alameda,3390,96,0,37.64629437,-121.8929271,6001.0,202.83259609568196,2.8318584070796464,3294,3289,95,0,3194,3195,1666753,101,1,0,100,94
2020-05-31,US,California,Alpine,2,0,0,38.59678594,-119.82235940000001,6003.0,177.14791851195747,0.0,2,2,0,0,2,2,1101,0,0,0,0,0
2020-05-31,US,California,Amador,19,0,0,38.44583082,-120.65696000000001,6005.0,47.796337291205475,0.0,19,10,0,0,10,10,39383,9,0,0,9,0
2020-05-31,US,California,Butte,44,0,0,39.66727762,-121.6005252,6007.0,20.074274816822246,0.0,44,44,0,0,44,44,231256,0,0,0,0,0
2020-05-31,US,California,Calaveras,15,0,0,38.20537103,-120.55291299999999,6009.0,32.676179065461284,0.0,15,15,0,0,15,15,45602,0,0,0,0,0
2020-05-31,US,California,Colusa,5,0,0,39.17881957,-122.2331726,6011.0,23.205086554972855,0.0,5,5,0,0,5,5,21627,0,0,0,0,0
2020-05-31,US,California,Contra Costa,1450,37,0,37.91923498,-121.9289527,6013.0,125.701544655257,2.5517241379310347,1413,1426,37,0,1389,1404,1150215,24,0,0,24,22
2020-05-31,US,California,Del Norte,45,0,0,41.74228275,-123.89740630000001,6015.0,161.80066158492735,0.0,45,45,0,0,45,44,27828,0,0,0,0,1
2020-05-31,US,California,El Dorado,90,0,0,38.77965956,-120.5233166,6017.0,46.670089139870264,0.0,90,90,0,0,90,84,190678,0,0,0,0,6
2020-05-31,US,California,Fresno,1743,35,0,36.75733899,-119.6466953,6019.0,174.45683669618987,2.0080321285140563,1708,1714,35,0,1679,1658,994400,29,0,0,29,56
2020-05-31,US,California,Glenn,16,0,0,39.59875897,-122.3938452,6021.0,56.351917726200114,0.0,16,16,0,0,16,14,28047,0,0,0,0,2
2020-05-31,US,California,Humboldt,101,3,0,40.69923009,-123.876044,6023.0,74.50685315510705,2.9702970297029703,98,99,3,0,96,98,136373,2,0,0,2,1
2020-05-31,US,California,Imperial,1634,27,0,33.0393082,-115.36690420000001,6025.0,901.6913610904173,1.6523867809057529,1607,1634,27,0,1607,1634,181827,0,0,0,0,0
2020-05-31,US,California,Inyo,20,1,0,36.51112084,-117.41119779999998,6027.0,110.87089084760795,5.0,19,20,1,0,19,20,17987,0,0,0,0,0
2020-05-31,US,California,Kern,2250,38,0,35.34329425,-118.72777959999999,6029.0,249.9439014798901,1.6888888888888889,2212,2145,38,0,2107,2076,896764,105,0,0,105,69
2020-05-31,US,California,Kings,746,4,0,36.07409056,-119.8159973,6031.0,487.772982869099,0.5361930294906166,742,735,3,0,732,714,151366,11,1,0,10,21
2020-05-31,US,California,Lake,21,0,0,39.10124298,-122.75362439999999,6033.0,32.61578604044357,0.0,21,21,0,0,21,23,64382,0,0,0,0,-2
2020-05-31,US,California,Lassen,5,0,0,40.67311306,-120.59350990000002,6035.0,16.35429954535047,0.0,5,5,0,0,5,5,30802,0,0,0,0,0
2020-05-31,US,California,Los Angeles,55001,2362,0,34.30828379,-118.22824109999999,6037.0,547.8674547447298,4.294467373320485,52639,53746,2339,0,51407,51678,10105518,1255,23,0,1232,2068
2020-05-31,US,California,Madera,106,2,0,37.21513971,-119.76655890000002,6039.0,67.37559350906075,1.8867924528301887,104,104,2,0,102,98,157672,2,0,0,2,6
2020-05-31,US,California,Marin,483,14,0,38.07122463,-122.72106310000001,6041.0,186.61185506865613,2.898550724637681,469,450,14,0,436,436,259666,33,0,0,33,14
2020-05-31,US,California,Mariposa,16,1,0,37.57978556,-119.9073334,6043.0,93.0070336569203,6.25,15,16,1,0,15,16,17471,0,0,0,0,0
2020-05-31,US,California,Mendocino,30,0,0,39.4381191,-123.39113130000001,6045.0,34.582531210734416,0.0,30,30,0,0,30,30,87606,0,0,0,0,0
2020-05-31,US,California,Merced,283,7,0,37.18922369,-120.72090349999999,6047.0,101.9158743877845,2.4734982332155475,276,283,7,0,276,280,274765,0,0,0,0,3
2020-05-31,US,California,Mono,37,1,0,37.93899289,-118.8872409,6051.0,256.1617280531709,2.702702702702702,36,35,1,0,34,35,14250,2,0,0,2,0
2020-05-31,US,California,Monterey,530,10,0,36.21862405,-121.24133970000001,6053.0,122.10265377446949,1.8867924528301887,520,509,10,0,499,477,435594,21,0,0,21,32
2020-05-31,US,California,Napa,112,3,0,38.50735751,-122.33283899999999,6055.0,81.31025670809619,2.6785714285714284,109,112,3,0,109,111,139417,0,0,0,0,1
2020-05-31,US,California,Nevada,41,1,0,39.30394768,-120.76272809999999,6057.0,41.100696706931984,2.4390243902439024,40,41,1,0,40,41,99696,0,0,0,0,0
2020-05-31,US,California,Orange,6261,147,0,33.70147516,-117.76459979999998,6059.0,197.15388016218202,2.3478677527551506,6114,6100,146,0,5954,5923,3185968,161,1,0,160,177
2020-05-31,US,California,Placer,215,9,0,39.06167234,-120.72405690000001,6061.0,53.97548257847156,4.186046511627906,206,214,9,0,205,199,393149,1,0,0,1,15
2020-05-31,US,California,Plumas,4,0,0,40.00355989,-120.8395236,6063.0,21.268676556601264,0.0,4,4,0,0,4,4,18804,0,0,0,0,0
2020-05-31,US,California,Riverside,7486,323,0,33.74314981,-115.9933578,6065.0,303.00994193186443,4.314720812182741,7163,7486,323,0,7163,7486,2450758,0,0,0,0,0
2020-05-31,US,California,Sacramento,1400,56,0,38.45106826,-121.34253740000001,6067.0,90.20281458553741,4.0,1344,1400,56,0,1344,1373,1540975,0,0,0,0,27
2020-05-31,US,California,San Benito,87,2,0,36.60308176,-121.069975,6069.0,138.51738632021394,2.2988505747126435,85,87,2,0,85,85,61537,0,0,0,0,2
2020-05-31,US,California,San Bernardino,5246,204,0,34.84060306,-116.1774685,6071.0,240.6328193625478,3.888677087304613,5042,5200,204,0,4996,5034,2171603,46,0,0,46,166
2020-05-31,US,California,San Diego,7481,269,0,33.03484597,-116.73653259999999,6073.0,224.0940829696285,3.595775965779976,7212,7385,269,0,7116,7100,3343364,96,0,0,96,285
2020-05-31,US,California,San Francisco,2588,42,0,37.75215114,-122.43856720000001,6075.0,293.5741518622334,1.6228748068006182,2546,2532,41,0,2491,2473,883305,56,1,0,55,59
2020-05-31,US,California,San Joaquin,858,34,0,37.93433732,-121.2730061,6077.0,112.57655993324131,3.962703962703962,824,858,34,0,824,858,752660,0,0,0,0,0
2020-05-31,US,California,San Luis Obispo,269,1,0,35.38822029,-120.4039028,6079.0,95.01573587744736,0.3717472118959108,268,269,1,0,268,269,284010,0,0,0,0,0
2020-05-31,US,California,San Mateo,2104,84,0,37.422880799999994,-122.32755459999998,6081.0,274.46831547680387,3.9923954372623576,2020,2104,84,0,2020,2061,769545,0,0,0,0,43
2020-05-31,US,California,Santa Barbara,1649,12,0,34.65329488,-120.0188492,6083.0,369.3177364339002,0.7277137659187386,1637,1649,12,0,1637,1636,446527,0,0,0,0,13
2020-05-31,US,California,Santa Clara,2776,141,0,37.23104908,-121.6970462,6085.0,143.99445600595897,5.079250720461095,2635,2731,141,0,2590,2707,1937570,45,0,0,45,24
2020-05-31,US,California,Santa Cruz,213,2,0,37.05580291,-122.0066524,6087.0,77.96115118973107,0.9389671361502347,211,212,2,0,210,206,274255,1,0,0,1,6
2020-05-31,US,California,Shasta,39,4,0,40.76391419,-122.0396884,6089.0,21.657041314971124,10.256410256410255,35,37,4,0,33,37,180040,2,0,0,2,0
2020-05-31,US,California,Sierra,1,0,0,39.57713498,-120.52007009999998,6091.0,33.277870216306155,0.0,1,1,0,0,1,1,2987,0,0,0,0,0
2020-05-31,US,California,Siskiyou,7,0,0,41.59198861,-122.54074340000001,6093.0,16.077539677071133,0.0,7,7,0,0,7,7,43724,0,0,0,0,0
2020-05-31,US,California,Solano,517,22,0,38.26827353,-121.9357113,6095.0,115.49381985198026,4.25531914893617,495,517,22,0,495,509,446610,0,0,0,0,8
2020-05-31,US,California,Sonoma,553,4,0,38.52746429,-122.88625060000001,6097.0,111.86723200414292,0.7233273056057866,549,548,4,0,544,531,499942,5,0,0,5,17
2020-05-31,US,California,Stanislaus,744,29,0,37.55862499,-120.9970722,6099.0,135.11059455925616,3.897849462365592,715,699,28,0,671,683,549815,45,1,0,44,16
2020-05-31,US,California,Sutter,46,2,0,39.03417539,-121.6945899,6101.0,47.43686256715925,4.3478260869565215,44,43,2,0,41,42,96807,3,0,0,3,1
2020-05-31,US,California,Tehama,4,1,0,40.12570935,-122.23701709999999,6103.0,6.145903755147193,25.0,3,4,1,0,3,4,63916,0,0,0,0,0
2020-05-31,US,California,Trinity,1,0,0,40.64917670000001,-123.114713,6105.0,8.14000814000814,0.0,1,1,0,0,1,1,12535,0,0,0,0,0
2020-05-31,US,California,Tulare,1844,84,0,36.22026558,-118.8020203,6107.0,395.54263773742747,4.55531453362256,1760,1844,84,0,1760,1844,465861,0,0,0,0,0
2020-05-31,US,California,Tuolumne,4,0,0,38.02644018,-119.95250929999999,6109.0,7.342413451301442,0.0,4,4,0,0,4,4,54539,0,0,0,0,0
2020-05-31,US,California,Ventura,1078,33,0,34.44465746,-119.09106129999999,6111.0,127.42226414469873,3.0612244897959178,1045,1078,33,0,1045,1062,850967,0,0,0,0,16
2020-05-31,US,California,Yolo,211,24,0,38.68278902,-121.90182879999999,6113.0,95.69160997732426,11.374407582938387,187,210,24,0,186,207,220408,1,0,0,1,3
2020-05-31,US,California,Yuba,30,1,0,39.26255932,-121.35356440000001,6115.0,38.13494686530737,3.333333333333333,29,30,1,0,29,29,78041,0,0,0,0,1
2020-05-31,US,Colorado,Adams,3258,120,0,39.87432092,-104.3362578,8001.0,629.6613396054662,3.6832412523020257,3138,3224,120,0,3104,3142,511868,34,0,0,34,82
2020-05-31,US,Colorado,Alamosa,76,2,0,37.57250606,-105.7885451,8003.0,468.18209819503477,2.631578947368421,74,74,2,0,72,65,16683,2,0,0,2,9
2020-05-31,US,Colorado,Arapahoe,4394,305,0,39.64977461,-104.3353617,8005.0,669.2151875599691,6.941283568502502,4089,4353,305,0,4048,4254,651215,41,0,0,41,99
2020-05-31,US,Colorado,Archuleta,8,0,0,37.19474156,-107.0476867,8007.0,57.02473447858009,0.0,8,8,0,0,8,8,13765,0,0,0,0,0
2020-05-31,US,Colorado,Baca,12,0,0,37.31940883,-102.5603223,8009.0,335.1019268360793,0.0,12,12,0,0,12,12,3585,0,0,0,0,0
2020-05-31,US,Colorado,Bent,2,0,0,37.95474293,-103.0720195,8011.0,35.861574323112784,0.0,2,2,0,0,2,2,5882,0,0,0,0,0
2020-05-31,US,Colorado,Boulder,980,65,0,40.09313619,-105.3546767,8013.0,300.4328685820795,6.632653061224491,915,974,64,0,910,964,326078,6,1,0,5,10
2020-05-31,US,Colorado,Broomfield,240,26,0,39.95998787,-105.0566324,8014.0,340.5946214432697,10.833333333333336,214,236,26,0,210,232,69267,4,0,0,4,4
2020-05-31,US,Colorado,Chaffee,72,20,0,38.74745778,-106.19265729999998,8015.0,353.70406759677735,27.777777777777782,52,72,20,0,52,72,20027,0,0,0,0,0
2020-05-31,US,Colorado,Cheyenne,5,0,0,38.82777431,-102.6032558,8017.0,273.07482250136536,0.0,5,5,0,0,5,5,1876,0,0,0,0,0
2020-05-31,US,Colorado,Clear Creek,16,1,0,39.68864463,-105.6463118,8019.0,164.94845360824743,6.25,15,16,1,0,15,16,9605,0,0,0,0,0
2020-05-31,US,Colorado,Conejos,2,0,0,37.201606,-106.19174879999998,8021.0,24.375380865326022,0.0,2,1,0,0,1,1,8200,1,0,0,1,0
2020-05-31,US,Colorado,Costilla,6,0,0,37.27732493,-105.4276548,8023.0,154.36068947774638,0.0,6,6,0,0,6,5,3828,0,0,0,0,1
2020-05-31,US,Colorado,Crowley,64,1,0,38.32608609,-103.7844965,8025.0,1055.93136446131,1.5625,63,64,1,0,63,63,5858,0,0,0,0,1
2020-05-31,US,Colorado,Custer,2,0,0,38.10883162,-105.3683478,8027.0,39.463299131807425,0.0,2,2,0,0,2,2,4954,0,0,0,0,0
2020-05-31,US,Colorado,Delta,69,1,0,38.86246243,-107.8631342,8029.0,221.42352865669727,1.4492753623188406,68,69,1,0,68,68,30953,0,0,0,0,1
2020-05-31,US,Colorado,Denver,5775,327,0,39.76018276,-104.8725695,8031.0,794.129901775413,5.662337662337662,5448,5690,327,0,5363,5569,716492,85,0,0,85,121
2020-05-31,US,Colorado,Douglas,720,45,0,39.33133796,-104.930001,8035.0,205.03824532826053,6.25,675,715,45,0,670,705,342776,5,0,0,5,10
2020-05-31,US,Colorado,Eagle,587,8,0,39.62754308,-106.6933637,8037.0,1064.8139750031744,1.3628620102214652,579,587,8,0,579,586,54993,0,0,0,0,1
2020-05-31,US,Colorado,El Paso,1732,88,0,38.83240149,-104.5251411,8041.0,240.42098658667442,5.080831408775982,1644,1717,88,0,1629,1674,713856,15,0,0,15,43
2020-05-31,US,Colorado,Elbert,53,2,0,39.28656773,-104.1358721,8039.0,198.2865052938756,3.7735849056603774,51,52,2,0,50,52,26282,1,0,0,1,0
2020-05-31,US,Colorado,Fremont,26,0,0,38.47362326,-105.4399667,8043.0,54.34896214385753,0.0,26,26,0,0,26,26,48021,0,0,0,0,0
2020-05-31,US,Colorado,Garfield,139,2,0,39.59921777,-107.902708,8045.0,231.43137809893275,1.4388489208633093,137,138,2,0,136,137,59770,1,0,0,1,1
2020-05-31,US,Colorado,Gilpin,3,0,0,39.85646523,-105.5252597,8047.0,48.05382027871216,0.0,3,3,0,0,3,3,6121,0,0,0,0,0
2020-05-31,US,Colorado,Grand,14,0,0,40.10603347,-106.1178042,8049.0,88.97928053896021,0.0,14,14,0,0,14,12,15525,0,0,0,0,2
2020-05-31,US,Colorado,Gunnison,177,6,0,38.66611652,-107.0320729,8051.0,1013.6295956935057,3.3898305084745757,171,177,6,0,171,177,17246,0,0,0,0,0
2020-05-31,US,Colorado,Hinsdale,3,0,0,37.82247444,-107.3004345,8053.0,365.8536585365854,0.0,3,3,0,0,3,3,811,0,0,0,0,0
2020-05-31,US,Colorado,Huerfano,3,0,0,37.68473101,-104.9612585,8055.0,43.497172683775545,0.0,3,3,0,0,3,3,6889,0,0,0,0,0
2020-05-31,US,Colorado,Jefferson,2221,171,0,39.58635604,-105.2517692,8059.0,381.0383251469854,7.69923457901846,2050,2196,171,0,2025,2171,580233,25,0,0,25,25
2020-05-31,US,Colorado,Kit Carson,26,3,0,39.30497777,-102.6022199,8063.0,366.3519797097365,11.538461538461537,23,26,3,0,23,26,7163,0,0,0,0,0
2020-05-31,US,Colorado,La Plata,81,1,0,37.28632032,-107.8429014,8067.0,144.07427829458743,1.2345679012345678,80,80,1,0,79,80,56310,1,0,0,1,0
2020-05-31,US,Colorado,Lake,31,0,0,39.20278823,-106.3555697,8065.0,381.4445674910791,0.0,31,29,0,0,29,29,7824,2,0,0,2,0
2020-05-31,US,Colorado,Larimer,583,27,0,40.66671597,-105.4625784,8069.0,163.35153642907378,4.631217838765009,556,576,27,0,549,570,350518,7,0,0,7,6
2020-05-31,US,Colorado,Las Animas,5,0,0,37.3153406,-104.0376458,8071.0,34.46849579484351,0.0,5,5,0,0,5,5,14503,0,0,0,0,0
2020-05-31,US,Colorado,Lincoln,3,0,0,38.98749519,-103.5136649,8073.0,52.62234695667427,0.0,3,3,0,0,3,3,5610,0,0,0,0,0
2020-05-31,US,Colorado,Logan,614,3,0,40.7249637,-103.110817,8075.0,2739.9705475478604,0.488599348534202,611,602,3,0,599,601,21528,12,0,0,12,1
2020-05-31,US,Colorado,Mesa,54,0,0,39.01787888,-108.469799,8077.0,35.01718435899099,0.0,54,54,0,0,54,54,153207,0,0,0,0,0
2020-05-31,US,Colorado,Mineral,2,0,0,37.66954283,-106.9281698,8079.0,260.0780234070221,0.0,2,2,0,0,2,2,776,0,0,0,0,0
2020-05-31,US,Colorado,Moffat,7,0,0,40.61810999,-108.2070876,8081.0,52.69893849281036,0.0,7,7,0,0,7,7,13188,0,0,0,0,0
2020-05-31,US,Colorado,Montezuma,45,3,0,37.33859579,-108.5958857,8083.0,171.867242103655,6.666666666666668,42,43,3,0,40,39,26158,2,0,0,2,4
2020-05-31,US,Colorado,Montrose,172,12,0,38.40214114,-108.26390220000002,8085.0,402.263903830862,6.9767441860465125,160,169,12,0,157,168,42214,3,0,0,3,1
2020-05-31,US,Colorado,Morgan,629,43,0,40.26279810000001,-103.8093302,8087.0,2163.891564607128,6.836248012718602,586,628,43,0,585,623,28558,1,0,0,1,5
2020-05-31,US,Colorado,Otero,19,1,0,37.9014485,-103.7173385,8089.0,103.95010395010395,5.2631578947368425,18,18,1,0,17,18,18432,1,0,0,1,0
2020-05-31,US,Colorado,Ouray,8,1,0,38.14717457,-107.7675136,8091.0,161.55088852988692,12.5,7,8,1,0,7,8,4833,0,0,0,0,0
2020-05-31,US,Colorado,Park,23,0,0,39.120926,-105.7182065,8093.0,122.04828867073496,0.0,23,23,0,0,23,23,18556,0,0,0,0,0
2020-05-31,US,Colorado,Phillips,13,0,0,40.59414277,-102.3577703,8095.0,304.8065650644783,0.0,13,13,0,0,13,13,4286,0,0,0,0,0
2020-05-31,US,Colorado,Pitkin,58,2,0,39.21720112,-106.9310027,8097.0,326.44790904485836,3.4482758620689653,56,58,2,0,56,57,17950,0,0,0,0,1
2020-05-31,US,Colorado,Prowers,14,0,0,37.95544985,-102.3926052,8099.0,115.01807426881369,0.0,14,13,0,0,13,13,12164,1,0,0,1,0
2020-05-31,US,Colorado,Pueblo,295,17,0,38.17359144,-104.5127437,8101.0,175.15318481926568,5.7627118644067785,278,289,16,0,273,281,167529,6,1,0,5,8
2020-05-31,US,Colorado,Rio Blanco,1,0,0,39.97913541,-108.2179009,8103.0,15.812776723592664,0.0,1,1,0,0,1,1,6336,0,0,0,0,0
2020-05-31,US,Colorado,Rio Grande,33,0,0,37.5836865,-106.3847838,8105.0,292.8907428774297,0.0,33,23,0,0,23,16,11250,10,0,0,10,7
2020-05-31,US,Colorado,Routt,62,6,0,40.48596505,-106.9905548,8107.0,241.82853576722053,9.677419354838712,56,61,6,0,55,61,25733,1,0,0,1,0
2020-05-31,US,Colorado,Saguache,81,1,0,38.08054629,-106.282466,8109.0,1186.987104337632,1.2345679012345678,80,79,1,0,78,48,6843,2,0,0,2,31
2020-05-31,US,Colorado,San Juan,1,0,0,37.76248981,-107.67632890000002,8111.0,137.36263736263737,0.0,1,1,0,0,1,1,762,0,0,0,0,0
2020-05-31,US,Colorado,San Miguel,23,0,0,38.00450883,-108.4020725,8113.0,281.2079716346741,0.0,23,23,0,0,23,23,8191,0,0,0,0,0
2020-05-31,US,Colorado,Summit,226,2,0,39.63803232,-106.1150762,8117.0,728.7736609590146,0.8849557522123894,224,224,2,0,222,219,31007,2,0,0,2,5
2020-05-31,US,Colorado,Teller,32,2,0,38.88133511,-105.1614893,8119.0,126.04380022057664,6.25,30,32,2,0,30,32,25083,0,0,0,0,0
2020-05-31,US,Colorado,Washington,41,0,0,39.97015535,-103.202587,8121.0,835.3708231458843,0.0,41,40,0,0,40,40,4909,1,0,0,1,0
2020-05-31,US,Colorado,Weld,2488,131,0,40.55499405,-104.3929621,8123.0,766.7369303403475,5.265273311897106,2357,2480,131,0,2349,2472,314305,8,0,0,8,8
2020-05-31,US,Colorado,Yuma,35,0,0,40.00346839,-102.4258673,8125.0,349.3362611039026,0.0,35,35,0,0,35,36,10020,0,0,0,0,-1
2020-05-31,US,Connecticut,Fairfield,15549,1277,0,41.26809896,-73.3881171,9001.0,1648.306216687232,8.212746800437326,14272,15502,1267,0,14235,15409,943823,47,10,0,37,93
2020-05-31,US,Connecticut,Hartford,10296,1250,0,41.80283011,-72.73103891,9003.0,1154.6225272507065,12.140637140637141,9046,10207,1238,0,8969,10146,892697,89,12,0,77,61
2020-05-31,US,Connecticut,Litchfield,1397,133,0,41.7937534,-73.2451475,9005.0,774.677956890863,9.520400858983537,1264,1381,131,0,1250,1375,181111,16,2,0,14,6
2020-05-31,US,Connecticut,Middlesex,1104,152,0,41.45949668,-72.53714864,9007.0,679.6522938264918,13.768115942028984,952,1104,150,0,954,1090,162682,0,2,0,-2,14
2020-05-31,US,Connecticut,New Haven,11323,972,0,41.408032500000004,-72.93620426,9009.0,1324.703980195541,8.584297447672878,10351,11309,966,0,10343,11241,857620,14,6,0,8,68
2020-05-31,US,Connecticut,New London,1078,89,0,41.48896435,-72.10430976,9011.0,406.47647489121664,8.256029684601113,989,1076,89,0,987,1068,266784,2,0,0,2,8
2020-05-31,US,Connecticut,Tolland,836,57,0,41.85853803,-72.3308481,9013.0,554.6672328341771,6.8181818181818175,779,833,57,0,776,827,150921,3,0,0,3,6
2020-05-31,US,Connecticut,Unassigned,234,0,0,0.0,0.0,90009.0,0.0,0.0,234,229,0,0,229,226,,5,0,0,5,3
2020-05-31,US,Connecticut,Windham,384,14,0,41.82972709,-71.98182316,9015.0,328.8177972632769,3.6458333333333335,370,381,14,0,367,380,117027,3,0,0,3,1
2020-05-31,US,Delaware,Kent,1436,63,0,39.08646628,-75.56884914,10001.0,794.3092938612504,4.387186629526463,1373,1432,63,0,1369,1401,178550,4,0,0,4,31
2020-05-31,US,Delaware,New Castle,3758,170,0,39.57992638,-75.64054974,10003.0,672.5690958258837,4.523682810005322,3588,3723,166,0,3557,3629,559335,35,4,0,31,94
2020-05-31,US,Delaware,Sussex,4253,133,0,38.66143781,-75.39031349,10005.0,1815.7754296082824,3.1272043263578655,4120,4215,132,0,4083,4155,229286,38,1,0,37,60
2020-05-31,US,Delaware,Unassigned,51,0,0,0.0,0.0,90010.0,0.0,0.0,51,52,0,0,52,51,,-1,0,0,-1,1
2020-05-31,US,District of Columbia,District of Columbia,8801,466,0,38.90417773,-77.01655992,11001.0,1247.0439207140214,5.294852857629816,8335,8717,462,0,8255,8538,702455,84,4,0,80,179
2020-05-31,US,Florida,Alachua,380,7,0,29.67866525,-82.35928158,12001.0,141.24136290481448,1.8421052631578947,373,379,7,0,372,378,269956,1,0,0,1,1
2020-05-31,US,Florida,Baker,29,3,0,30.33060121,-82.28467476,12003.0,99.28106812735365,10.344827586206897,26,29,3,0,26,28,28355,0,0,0,0,1
2020-05-31,US,Florida,Bay,98,3,0,30.26548745,-85.62122584,12005.0,56.094559400131644,3.0612244897959178,95,97,3,0,94,98,185287,1,0,0,1,-1
2020-05-31,US,Florida,Bradford,51,2,0,29.95079741,-82.16611613,12007.0,180.8446508989043,3.92156862745098,49,51,2,0,49,51,27732,0,0,0,0,0
2020-05-31,US,Florida,Brevard,422,12,0,28.29409504,-80.73091022,12009.0,70.10642221343585,2.8436018957345968,410,420,12,0,408,409,596849,2,0,0,2,11
2020-05-31,US,Florida,Broward,7123,313,0,26.15184651,-80.48725556,12011.0,364.76240514794813,4.394215920258318,6810,7067,313,0,6754,6975,1951260,56,0,0,56,92
2020-05-31,US,Florida,Calhoun,63,4,0,30.40666734,-85.19394153,12013.0,446.6501240694789,6.349206349206349,59,56,4,0,52,53,14587,7,0,0,7,3
2020-05-31,US,Florida,Charlotte,458,63,0,26.90131002,-81.92949121,12015.0,242.44349160976122,13.755458515283847,395,450,63,0,387,446,184998,8,0,0,8,4
2020-05-31,US,Florida,Citrus,121,12,0,28.84804315,-82.47614748,12017.0,80.85154720460788,9.917355371900827,109,121,12,0,109,120,147929,0,0,0,0,1
2020-05-31,US,Florida,Clay,382,28,0,29.98319144,-81.85609986,12019.0,174.2287413569774,7.329842931937172,354,380,28,0,352,374,216072,2,0,0,2,6
2020-05-31,US,Florida,Collier,1539,49,0,26.11091986,-81.34687065,12021.0,399.84203771349587,3.1838856400259914,1490,1514,49,0,1465,1454,378488,25,0,0,25,60
2020-05-31,US,Florida,Columbia,144,2,0,30.22509788,-82.62160164,12023.0,200.876042741958,1.3888888888888888,142,144,2,0,142,140,70503,0,0,0,0,4
2020-05-31,US,Florida,DeSoto,182,7,0,27.18677893,-81.80941373,12027.0,478.93476487460856,3.8461538461538463,175,173,7,0,166,171,37489,9,0,0,9,2
2020-05-31,US,Florida,Dixie,51,2,0,29.60631086,-83.15724673,12029.0,303.1023416141685,3.92156862745098,49,49,2,0,47,49,16700,2,0,0,2,0
2020-05-31,US,Florida,Duval,1644,50,0,30.33225875,-81.66976468,12031.0,171.65141398374325,3.0413625304136254,1594,1608,48,0,1560,1561,950181,36,2,0,34,47
2020-05-31,US,Florida,Escambia,815,33,0,30.67652764,-87.37284571,12033.0,256.03488357481245,4.049079754601227,782,810,33,0,777,791,315534,5,0,0,5,19
2020-05-31,US,Florida,Flagler,189,4,0,29.45933576,-81.31508595,12035.0,164.23214952946185,2.1164021164021163,185,185,4,0,181,182,112067,4,0,0,4,3
2020-05-31,US,Florida,Franklin,2,0,0,29.83791238,-84.82731662,12037.0,16.49484536082474,0.0,2,2,0,0,2,2,11736,0,0,0,0,0
2020-05-31,US,Florida,Gadsden,273,2,0,30.57796289,-84.61915825,12039.0,597.8975032851512,0.7326007326007326,271,269,2,0,267,269,45894,4,0,0,4,0
2020-05-31,US,Florida,Gilchrist,12,0,0,29.72856978,-82.79880657,12041.0,64.57862447529868,0.0,12,13,0,0,13,12,18256,-1,0,0,-1,1
2020-05-31,US,Florida,Glades,30,1,0,26.95635849,-81.18996211,12043.0,217.21815943812905,3.333333333333333,29,29,1,0,28,27,13724,1,0,0,1,2
2020-05-31,US,Florida,Gulf,1,0,0,29.93543004,-85.24270990000002,12045.0,7.331915829606276,0.0,1,1,0,0,1,1,16164,0,0,0,0,0
2020-05-31,US,Florida,Hamilton,233,0,0,30.49673973,-82.94998918,12047.0,1614.9154421957305,0.0,233,230,0,0,230,221,14310,3,0,0,3,9
2020-05-31,US,Florida,Hardee,99,0,0,27.49293939,-81.80956574,12049.0,367.52422318743737,0.0,99,93,0,0,93,91,27245,6,0,0,6,2
2020-05-31,US,Florida,Hendry,415,14,0,26.55386945,-81.16469006,12051.0,987.5779353671886,3.3734939759036147,401,405,14,0,391,387,41556,10,0,0,10,18
2020-05-31,US,Florida,Hernando,115,5,0,28.55364461,-82.42700204,12053.0,59.30280528052806,4.3478260869565215,110,113,5,0,108,113,190865,2,0,0,2,0
2020-05-31,US,Florida,Highlands,129,9,0,27.34254618,-81.34071957,12055.0,121.44491202304629,6.9767441860465125,120,127,9,0,118,120,105424,2,0,0,2,7
2020-05-31,US,Florida,Hillsborough,2201,81,0,27.9276559,-82.32013172,12057.0,149.5277071240679,3.680145388459791,2120,2129,81,0,2048,2069,1436888,72,0,0,72,60
2020-05-31,US,Florida,Holmes,19,0,0,30.86747479,-85.81319222,12059.0,96.85476882295968,0.0,19,19,0,0,19,19,19477,0,0,0,0,0
2020-05-31,US,Florida,Indian River,130,10,0,27.69308961,-80.60556721,12061.0,81.2891203891873,7.6923076923076925,120,126,10,0,116,122,157413,4,0,0,4,4
2020-05-31,US,Florida,Jackson,251,1,0,30.795459700000002,-85.21500423,12063.0,540.7851079415693,0.398406374501992,250,249,1,0,248,248,48305,2,0,0,2,1
2020-05-31,US,Florida,Jefferson,29,3,0,30.43669112,-83.89442308,12065.0,203.56591323880392,10.344827586206897,26,29,3,0,26,29,14288,0,0,0,0,0
2020-05-31,US,Florida,Lafayette,8,0,0,29.98484137,-83.18166636,12067.0,94.9893137022085,0.0,8,8,0,0,8,8,8732,0,0,0,0,0
2020-05-31,US,Florida,Lake,301,15,0,28.76202069,-81.7125123,12069.0,81.98998687070643,4.983388704318936,286,298,15,0,283,291,356495,3,0,0,3,7
2020-05-31,US,Florida,Lee,1908,105,0,26.58410348,-81.88399313,12071.0,247.60666357807202,5.50314465408805,1803,1894,105,0,1789,1847,754610,14,0,0,14,47
2020-05-31,US,Florida,Leon,404,7,0,30.45955727,-84.27491114,12073.0,137.6106164546873,1.7326732673267329,397,406,6,0,400,401,292502,-2,1,0,-3,5
2020-05-31,US,Florida,Levy,32,1,0,29.31829741,-82.74007147,12075.0,77.10286003421439,3.125,31,31,1,0,30,31,40770,1,0,0,1,0
2020-05-31,US,Florida,Liberty,213,0,0,30.23766008,-84.8829258,12077.0,2549.6768015322,0.0,213,213,0,0,213,213,8457,0,0,0,0,0
2020-05-31,US,Florida,Madison,69,4,0,30.44396917,-83.47398594,12079.0,373.1141513004921,5.797101449275362,65,69,4,0,65,69,18529,0,0,0,0,0
2020-05-31,US,Florida,Manatee,1045,97,0,27.47196942,-82.31831044,12081.0,259.14252342822004,9.282296650717702,948,1037,97,0,940,1022,394855,8,0,0,8,15
2020-05-31,US,Florida,Marion,248,7,0,29.21227113,-82.05803627,12083.0,67.83759461019369,2.8225806451612905,241,244,7,0,237,243,359977,4,0,0,4,1
2020-05-31,US,Florida,Martin,651,9,0,27.0772071,-80.43109784,12085.0,404.3478260869565,1.3824884792626728,642,626,9,0,617,601,160912,25,0,0,25,25
2020-05-31,US,Florida,Miami-Dade,18000,700,0,25.6112362,-80.55170587,12086.0,662.5100296657267,3.888888888888889,17300,17826,700,0,17126,17641,2761581,174,0,0,174,185
2020-05-31,US,Florida,Monroe,108,4,0,25.20904673,-81.07812416,12087.0,145.49765587109982,3.703703703703704,104,108,4,0,104,108,75027,0,0,0,0,0
2020-05-31,US,Florida,Nassau,76,1,0,30.61037141,-81.80297522,12089.0,85.75458392101552,1.3157894736842106,75,75,1,0,74,74,85832,1,0,0,1,1
2020-05-31,US,Florida,Okaloosa,223,6,0,30.69143028,-86.59267105,12091.0,105.818599398305,2.690582959641256,217,212,6,0,206,207,207269,11,0,0,11,5
2020-05-31,US,Florida,Okeechobee,83,0,0,27.386336199999995,-80.88944347,12093.0,196.83172073610316,0.0,83,76,0,0,76,70,41537,7,0,0,7,6
2020-05-31,US,Florida,Orange,2002,41,0,28.51367621,-81.31799498,12095.0,143.67197434859614,2.047952047952048,1961,1976,41,0,1935,1945,1380645,26,0,0,26,31
2020-05-31,US,Florida,Osceola,701,19,0,28.06312234,-81.14882926,12097.0,186.5597164079404,2.7104136947218262,682,698,19,0,679,688,367990,3,0,0,3,10
2020-05-31,US,Florida,Palm Beach,5996,337,0,26.64676272,-80.46536002,12099.0,400.5959499455494,5.620413609072715,5659,5898,337,0,5561,5765,1485941,98,0,0,98,133
2020-05-31,US,Florida,Pasco,386,13,0,28.30810945,-82.40227529,12101.0,69.68175655793786,3.3678756476683938,373,381,13,0,368,377,539630,5,0,0,5,4
2020-05-31,US,Florida,Pinellas,1297,82,0,27.93130349,-82.72239666,12103.0,133.02618677409959,6.3222821896684644,1215,1262,82,0,1180,1238,975280,35,0,0,35,24
2020-05-31,US,Florida,Polk,1027,55,0,27.95027105,-81.69732947,12105.0,141.69875699697974,5.355404089581305,972,1005,55,0,950,977,708009,22,0,0,22,28
2020-05-31,US,Florida,Putnam,152,6,0,29.60779729,-81.74230285,12107.0,203.96935092121686,3.947368421052632,146,150,5,0,145,149,74163,2,1,0,1,1
2020-05-31,US,Florida,Santa Rosa,245,9,0,30.69341450000001,-87.02458128,12113.0,132.92605513447236,3.673469387755102,236,242,9,0,233,240,179349,3,0,0,3,2
2020-05-31,US,Florida,Sarasota,635,77,0,27.18546175,-82.33174248,12115.0,146.4003947046862,12.125984251968505,558,629,77,0,552,622,426718,6,0,0,6,7
2020-05-31,US,Florida,Seminole,490,12,0,28.7158582,-81.24060348,12117.0,103.85184368813928,2.4489795918367347,478,484,12,0,472,481,467832,6,0,0,6,3
2020-05-31,US,Florida,St. Johns,260,6,0,29.90096506,-81.43589967,12109.0,98.23479627614556,2.3076923076923075,254,256,6,0,250,252,254261,4,0,0,4,4
2020-05-31,US,Florida,St. Lucie,471,30,0,27.37763908,-80.47106649,12111.0,143.46765276563602,6.369426751592357,441,463,30,0,433,449,321128,8,0,0,8,14
2020-05-31,US,Florida,Sumter,253,17,0,28.70181754,-82.0794267,12119.0,191.058752454312,6.7193675889328075,236,253,17,0,236,253,128754,0,0,0,0,0
2020-05-31,US,Florida,Suwannee,167,18,0,30.19746066,-82.99099670000003,12121.0,375.9821689893509,10.778443113772457,149,167,18,0,149,166,44191,0,0,0,0,1
2020-05-31,US,Florida,Taylor,22,0,0,30.04848048,-83.60445406,12123.0,101.99823821224906,0.0,22,20,0,0,20,19,21623,2,0,0,2,1
2020-05-31,US,Florida,Unassigned,84,0,0,0.0,0.0,90012.0,0.0,0.0,84,84,0,0,84,83,,0,0,0,0,1
2020-05-31,US,Florida,Union,32,1,0,30.04412971,-82.37497443,12125.0,210.0150948349413,3.125,31,31,1,0,30,31,14940,1,0,0,1,0
2020-05-31,US,Florida,Volusia,736,38,0,29.05858895,-81.18263252,12127.0,133.0239081556669,5.163043478260869,698,730,38,0,692,725,547538,6,0,0,6,5
2020-05-31,US,Florida,Wakulla,34,1,0,30.16548905,-84.39895211,12129.0,100.77358546489228,2.9411764705882355,33,34,1,0,33,33,32461,0,0,0,0,1
2020-05-31,US,Florida,Walton,117,9,0,30.64204028,-86.16935664,12131.0,157.9565551970407,7.6923076923076925,108,114,9,0,105,114,71375,3,0,0,3,0
2020-05-31,US,Florida,Washington,57,4,0,30.61359259,-85.66002461,12133.0,223.76634083146863,7.0175438596491215,53,57,4,0,53,54,24880,0,0,0,0,3
2020-05-31,US,Georgia,Appling,159,13,0,31.74847232,-82.28909114,13001.0,864.7884259762864,8.176100628930818,146,156,13,0,143,156,18507,3,0,0,3,0
2020-05-31,US,Georgia,Atkinson,48,2,0,31.29633502,-82.87545866,13003.0,587.8750765462339,4.166666666666667,46,47,2,0,45,46,8297,1,0,0,1,1
2020-05-31,US,Georgia,Bacon,122,3,0,31.55456473,-82.45936528,13005.0,1092.7982801863134,2.459016393442623,119,108,3,0,105,92,11185,14,0,0,14,16
2020-05-31,US,Georgia,Baker,34,2,0,31.32669878,-84.44218806,13007.0,1119.1573403554974,5.882352941176472,32,34,2,0,32,34,3092,0,0,0,0,0
2020-05-31,US,Georgia,Baldwin,345,26,0,33.06882326,-83.24701748,13009.0,768.545333036311,7.536231884057972,319,343,26,0,317,348,44823,2,0,0,2,-5
2020-05-31,US,Georgia,Banks,88,1,0,34.35607081,-83.49644388,13011.0,457.52313611313303,1.1363636363636365,87,88,1,0,87,92,18988,0,0,0,0,-4
2020-05-31,US,Georgia,Barrow,326,14,0,33.99148694,-83.71436292,13013.0,391.63863527150414,4.294478527607362,312,326,14,0,312,325,80809,0,0,0,0,1
2020-05-31,US,Georgia,Bartow,478,39,0,34.23732119,-84.83887523,13015.0,443.66890048079597,8.158995815899582,439,478,39,0,439,477,106408,0,0,0,0,1
2020-05-31,US,Georgia,Ben Hill,74,1,0,31.76095874,-83.22145359,13017.0,443.1137724550898,1.351351351351351,73,74,1,0,73,72,16787,0,0,0,0,2
2020-05-31,US,Georgia,Berrien,46,0,0,31.27590016,-83.22529920000002,13019.0,237.1500747538279,0.0,46,46,0,0,46,46,19252,0,0,0,0,0
2020-05-31,US,Georgia,Bibb,453,28,0,32.80904227,-83.70489165,13021.0,295.7710614459483,6.181015452538631,425,454,27,0,427,451,153095,-1,1,0,-2,3
2020-05-31,US,Georgia,Bleckley,45,0,0,32.43829035,-83.33035166,13023.0,349.56886506641814,0.0,45,45,0,0,45,45,12838,0,0,0,0,0
2020-05-31,US,Georgia,Brantley,56,2,0,31.19576557,-81.97743999,13025.0,293.055628238003,3.571428571428572,54,56,2,0,54,54,18897,0,0,0,0,2
2020-05-31,US,Georgia,Brooks,68,8,0,30.83922642,-83.58303423,13027.0,439.9301287442583,11.764705882352944,60,68,8,0,60,69,15513,0,0,0,0,-1
2020-05-31,US,Georgia,Bryan,74,5,0,32.00979311,-81.44002948,13029.0,186.74136321195144,6.756756756756758,69,74,5,0,69,74,38109,0,0,0,0,0
2020-05-31,US,Georgia,Bulloch,60,2,0,32.39577406,-81.74811421,13031.0,75.3693096171239,3.333333333333333,58,60,2,0,58,60,77296,0,0,0,0,0
2020-05-31,US,Georgia,Burke,121,5,0,33.05917989,-81.99928721,13033.0,540.5888397444488,4.132231404958676,116,121,5,0,116,121,22423,0,0,0,0,0
2020-05-31,US,Georgia,Butts,228,24,0,33.283094500000004,-83.95435040000002,13035.0,914.3407122232916,10.526315789473683,204,229,22,0,207,229,24193,-1,2,0,-3,0
2020-05-31,US,Georgia,Calhoun,132,6,0,31.53169785,-84.62725131,13037.0,2132.8162869607368,4.545454545454546,126,132,5,0,127,131,6352,0,1,0,-1,1
2020-05-31,US,Georgia,Camden,62,1,0,30.92951916,-81.66601818,13039.0,113.41601726850328,1.6129032258064515,61,61,1,0,60,62,53677,1,0,0,1,-1
2020-05-31,US,Georgia,Candler,13,0,0,32.40209349,-82.07702563,13043.0,120.33694344163658,0.0,13,13,0,0,13,13,10836,0,0,0,0,0
2020-05-31,US,Georgia,Carroll,525,24,0,33.58138199,-85.07976677,13045.0,437.52916861124083,4.571428571428571,501,518,24,0,494,519,118121,7,0,0,7,-1
2020-05-31,US,Georgia,Catoosa,133,0,0,34.89872298,-85.13757014,13047.0,196.80378810298905,0.0,133,133,0,0,133,129,67420,0,0,0,0,4
2020-05-31,US,Georgia,Charlton,32,1,0,30.78371028,-82.13951596,13049.0,238.94862604540023,3.125,31,32,1,0,31,33,12968,0,0,0,0,-1
2020-05-31,US,Georgia,Chatham,501,24,0,32.00043026,-81.12489526,13051.0,173.0988494627371,4.790419161676646,477,501,24,0,477,491,289195,0,0,0,0,10
2020-05-31,US,Georgia,Chattahoochee,54,0,0,32.34341231,-84.78809239,13053.0,495.0948931878609,0.0,54,43,0,0,43,39,10684,11,0,0,11,4
2020-05-31,US,Georgia,Chattooga,24,2,0,34.47197698,-85.34535662,13055.0,96.81713663318408,8.333333333333334,22,24,2,0,22,24,24790,0,0,0,0,0
2020-05-31,US,Georgia,Cherokee,909,33,0,34.24393976,-84.47431861,13057.0,351.2731235484382,3.6303630363036303,876,890,33,0,857,885,254149,19,0,0,19,5
2020-05-31,US,Georgia,Clarke,283,13,0,33.95436462,-83.37124007,13059.0,220.5234900374812,4.593639575971731,270,283,13,0,270,279,127330,0,0,0,0,4
2020-05-31,US,Georgia,Clay,39,2,0,31.62221166,-84.97713865,13061.0,1376.1467889908256,5.128205128205129,37,39,2,0,37,39,2887,0,0,0,0,0
2020-05-31,US,Georgia,Clayton,1221,49,0,33.54187245,-84.35594188,13063.0,417.78440819008006,4.013104013104013,1172,1216,45,0,1171,1217,289615,5,4,0,1,-1
2020-05-31,US,Georgia,Clinch,59,2,0,30.91395822,-82.70432472,13065.0,891.5080084617709,3.3898305084745757,57,59,2,0,57,58,6648,0,0,0,0,1
2020-05-31,US,Georgia,Cobb,3027,175,0,33.94243204,-84.5761255,13067.0,398.21559421212646,5.781301618764452,2852,3009,171,0,2838,2987,756865,18,4,0,14,22
2020-05-31,US,Georgia,Coffee,271,15,0,31.54892966,-82.85492059999999,13069.0,626.2565572065722,5.535055350553505,256,268,15,0,253,265,43093,3,0,0,3,3
2020-05-31,US,Georgia,Colquitt,467,15,0,31.18810588,-83.7677946,13071.0,1024.122807017544,3.2119914346895078,452,465,14,0,451,461,45592,2,1,0,1,4
2020-05-31,US,Georgia,Columbia,248,7,0,33.54534185,-82.263524,13073.0,158.25006061998292,2.8225806451612905,241,248,7,0,241,248,154291,0,0,0,0,0
2020-05-31,US,Georgia,Cook,48,2,0,31.16068491,-83.42947229,13075.0,277.9386218876665,4.166666666666667,46,48,2,0,46,48,17162,0,0,0,0,0
2020-05-31,US,Georgia,Coweta,417,9,0,33.35334302,-84.76129976,13077.0,280.7910631678888,2.1582733812949644,408,415,8,0,407,414,145864,2,1,0,1,1
2020-05-31,US,Georgia,Crawford,28,0,0,32.71391813,-83.98061238,13079.0,225.73363431151242,0.0,28,28,0,0,28,28,12318,0,0,0,0,0
2020-05-31,US,Georgia,Crisp,232,7,0,31.92289565,-83.76811843,13081.0,1037.0105489004113,3.0172413793103448,225,232,7,0,225,231,22601,0,0,0,0,1
2020-05-31,US,Georgia,Dade,28,1,0,34.854916700000004,-85.50490424,13083.0,173.7403822288409,3.571428571428572,27,28,1,0,27,28,16226,0,0,0,0,0
2020-05-31,US,Georgia,Dawson,109,1,0,34.44244079,-84.16964071,13085.0,417.49655278075693,0.9174311926605504,108,109,1,0,108,109,25083,0,0,0,0,0
2020-05-31,US,Georgia,DeKalb,3734,120,0,33.76944049,-84.22396017,13089.0,491.77067735023314,3.213711837171933,3614,3731,112,0,3619,3718,756558,3,8,0,-5,13
2020-05-31,US,Georgia,Decatur,186,5,0,30.87967778,-84.57619536,13087.0,704.4387214058477,2.6881720430107525,181,186,4,0,182,185,26575,0,1,0,-1,1
2020-05-31,US,Georgia,Dodge,51,2,0,32.17265114,-83.16948926,13091.0,247.51273962630432,3.92156862745098,49,51,2,0,49,51,20705,0,0,0,0,0
2020-05-31,US,Georgia,Dooly,179,12,0,32.15630737,-83.79746561,13093.0,1336.8185212845408,6.70391061452514,167,179,12,0,167,179,13706,0,0,0,0,0
2020-05-31,US,Georgia,Dougherty,1770,148,0,31.53328528,-84.21722377,13095.0,2012.3698212742734,8.361581920903955,1622,1770,145,0,1625,1764,91243,0,3,0,-3,6
2020-05-31,US,Georgia,Douglas,543,25,0,33.70291126,-84.77026156,13097.0,371.0461040159078,4.6040515653775325,518,539,25,0,514,539,145331,4,0,0,4,0
2020-05-31,US,Georgia,Early,238,31,0,31.32155345,-84.90255207,13099.0,2335.623159960746,13.025210084033613,207,238,31,0,207,238,10247,0,0,0,0,0
2020-05-31,US,Georgia,Echols,117,0,0,30.71101099,-82.89687287,13101.0,2920.619071392911,0.0,117,110,0,0,110,107,4000,7,0,0,7,3
2020-05-31,US,Georgia,Effingham,74,1,0,32.36616021,-81.34280942,13103.0,115.09269627970636,1.351351351351351,73,73,1,0,72,75,62190,1,0,0,1,-2
2020-05-31,US,Georgia,Elbert,75,0,0,34.11302332,-82.83936148,13105.0,390.7471084713973,0.0,75,75,0,0,75,74,19120,0,0,0,0,1
2020-05-31,US,Georgia,Emanuel,27,2,0,32.59221302,-82.30239915,13107.0,119.22635343990109,7.407407407407407,25,27,2,0,25,27,22612,0,0,0,0,0
2020-05-31,US,Georgia,Evans,5,0,0,32.15328841,-81.8870105,13109.0,46.93073024216257,0.0,5,5,0,0,5,5,10721,0,0,0,0,0
2020-05-31,US,Georgia,Fannin,44,1,0,34.86430205,-84.316964,13111.0,168.01588513823125,2.272727272727273,43,43,1,0,42,43,25964,1,0,0,1,0
2020-05-31,US,Georgia,Fayette,235,13,0,33.41357794,-84.49089434,13113.0,205.3818792004964,5.531914893617022,222,235,13,0,222,234,113459,0,0,0,0,1
2020-05-31,US,Georgia,Floyd,265,15,0,34.26268279,-85.21577392,13115.0,269.040995756259,5.660377358490566,250,263,15,0,248,260,97927,2,0,0,2,3
2020-05-31,US,Georgia,Forsyth,512,12,0,34.22604035,-84.12315129999998,13117.0,209.6195732276501,2.34375,500,512,12,0,500,512,236612,0,0,0,0,0
2020-05-31,US,Georgia,Franklin,46,1,0,34.37525597,-83.23159927,13119.0,197.0105786115037,2.1739130434782608,45,46,1,0,45,46,23023,0,0,0,0,0
2020-05-31,US,Georgia,Fulton,4524,235,0,33.79216944,-84.46319413,13121.0,425.21314701904345,5.194518125552609,4289,4507,230,0,4277,4490,1050114,17,5,0,12,17
2020-05-31,US,Georgia,Gilmer,153,0,0,34.69316688,-84.45802506,13123.0,487.74267589021014,0.0,153,149,0,0,149,148,30816,4,0,0,4,1
2020-05-31,US,Georgia,Glascock,1,0,0,33.22879932,-82.61297636,13125.0,33.65870077415012,0.0,1,1,0,0,1,1,2995,0,0,0,0,0
2020-05-31,US,Georgia,Glynn,115,1,0,31.23279254,-81.53811412,13127.0,134.8309337335272,0.8695652173913043,114,115,1,0,114,115,85219,0,0,0,0,0
2020-05-31,US,Georgia,Gordon,163,16,0,34.50487351,-84.87296253,13129.0,281.2138778186084,9.8159509202454,147,160,16,0,144,152,57685,3,0,0,3,8
2020-05-31,US,Georgia,Grady,110,4,0,30.87454847,-84.23418364,13131.0,446.55543376771,3.636363636363636,106,94,4,0,90,94,24748,16,0,0,16,0
2020-05-31,US,Georgia,Greene,68,7,0,33.5769205,-83.17139104,13133.0,371.09801353416293,10.294117647058824,61,68,7,0,61,68,17698,0,0,0,0,0
2020-05-31,US,Georgia,Gwinnett,3780,128,0,33.96044201,-84.02137802,13135.0,403.73831775700927,3.386243386243386,3652,3769,127,0,3642,3733,927781,11,1,0,10,36
2020-05-31,US,Georgia,Habersham,520,23,0,34.63331566,-83.53094677,13137.0,1147.1937875044125,4.4230769230769225,497,520,23,0,497,519,45388,0,0,0,0,1
2020-05-31,US,Georgia,Hall,2467,47,0,34.32207823,-83.81896936,13139.0,1206.7051129665772,1.9051479529793272,2420,2467,47,0,2420,2465,202148,0,0,0,0,2
2020-05-31,US,Georgia,Hancock,195,24,0,33.2721566,-82.99766919,13141.0,2305.782192266761,12.307692307692307,171,194,23,0,171,194,8348,1,1,0,0,0
2020-05-31,US,Georgia,Haralson,43,3,0,33.79602175,-85.21005667,13143.0,144.33404940923737,6.9767441860465125,40,43,2,0,41,43,29533,0,1,0,-1,0
2020-05-31,US,Georgia,Harris,91,5,0,32.73709786,-84.90538572,13145.0,258.25859915995005,5.494505494505495,86,91,5,0,86,91,34475,0,0,0,0,0
2020-05-31,US,Georgia,Hart,30,0,0,34.34626973,-82.96567682,13147.0,114.48196908986833,0.0,30,30,0,0,30,28,26099,0,0,0,0,2
2020-05-31,US,Georgia,Heard,34,2,0,33.29686567,-85.12886832,13149.0,285.16313008471025,5.882352941176472,32,33,2,0,31,32,11879,1,0,0,1,1
2020-05-31,US,Georgia,Henry,690,23,0,33.4533428,-84.14814659999998,13151.0,294.16654942637524,3.333333333333333,667,688,22,0,666,686,230220,2,1,0,1,2
2020-05-31,US,Georgia,Houston,366,17,0,32.45802497,-83.66879087,13153.0,231.84660116683452,4.644808743169398,349,365,17,0,348,364,155469,1,0,0,1,1
2020-05-31,US,Georgia,Irwin,28,1,0,31.60213036,-83.27501387,13155.0,297.36618521665247,3.571428571428572,27,28,1,0,27,29,9398,0,0,0,0,-1
2020-05-31,US,Georgia,Jackson,184,5,0,34.13794553,-83.56814788,13157.0,252.13423407374927,2.717391304347826,179,184,5,0,179,184,70422,0,0,0,0,0
2020-05-31,US,Georgia,Jasper,36,1,0,33.31535543,-83.68844964,13159.0,253.18236162880646,2.7777777777777777,35,36,1,0,35,33,14040,0,0,0,0,3
2020-05-31,US,Georgia,Jeff Davis,37,1,0,31.80405727,-82.63724870000001,13161.0,244.78994376447238,2.702702702702702,36,38,1,0,37,38,15029,-1,0,0,-1,0
2020-05-31,US,Georgia,Jefferson,43,1,0,33.05867328,-82.41609057,13163.0,279.9114698606952,2.3255813953488373,42,41,1,0,40,36,15430,2,0,0,2,5
2020-05-31,US,Georgia,Jenkins,19,1,0,32.79248718,-81.96040187,13165.0,218.99492853849702,5.2631578947368425,18,19,1,0,18,19,8683,0,0,0,0,0
2020-05-31,US,Georgia,Johnson,82,2,0,32.70211082,-82.66166794,13167.0,850.3577724774448,2.4390243902439024,80,82,2,0,80,82,9708,0,0,0,0,0
2020-05-31,US,Georgia,Jones,37,0,0,33.02512137,-83.56019163,13169.0,128.7628327823212,0.0,37,37,0,0,37,35,28616,0,0,0,0,2
2020-05-31,US,Georgia,Lamar,67,2,0,33.07841647,-84.14263877,13171.0,351.2082612570111,2.985074626865672,65,67,2,0,65,67,19000,0,0,0,0,0
2020-05-31,US,Georgia,Lanier,21,2,0,31.03828570000001,-83.06472457,13173.0,201.4775016789792,9.523809523809524,19,21,2,0,19,21,10340,0,0,0,0,0
2020-05-31,US,Georgia,Laurens,106,1,0,32.46325233,-82.92221316,13175.0,222.94199301728847,0.9433962264150944,105,105,1,0,104,104,47325,1,0,0,1,1
2020-05-31,US,Georgia,Lee,361,22,0,31.779330600000005,-84.14324253,13177.0,1203.6543078154175,6.094182825484765,339,361,22,0,339,361,29764,0,0,0,0,0
2020-05-31,US,Georgia,Liberty,82,0,0,31.82588896,-81.49251135,13179.0,133.47440384145844,0.0,82,82,0,0,82,81,61497,0,0,0,0,1
2020-05-31,US,Georgia,Lincoln,16,0,0,33.79201475,-82.45024131,13181.0,201.99469763918697,0.0,16,16,0,0,16,16,7915,0,0,0,0,0
2020-05-31,US,Georgia,Long,16,1,0,31.75218791,-81.74952375,13183.0,81.8037731990388,6.25,15,16,1,0,15,15,18998,0,0,0,0,1
2020-05-31,US,Georgia,Lowndes,302,4,0,30.83568832,-83.27056716,13185.0,257.22705824233856,1.3245033112582782,298,301,4,0,297,298,116321,1,0,0,1,3
2020-05-31,US,Georgia,Lumpkin,99,1,0,34.57286511,-84.00425681,13187.0,294.55519190717047,1.0101010101010102,98,99,1,0,98,99,32955,0,0,0,0,0
2020-05-31,US,Georgia,Macon,101,6,0,32.35207048,-84.04234127,13193.0,780.1034988800494,5.9405940594059405,95,101,6,0,95,100,13143,0,0,0,0,1
2020-05-31,US,Georgia,Madison,54,1,0,34.12920917,-83.21218732,13195.0,180.72289156626502,1.851851851851852,53,54,1,0,53,54,29650,0,0,0,0,0
2020-05-31,US,Georgia,Marion,57,2,0,32.3483402,-84.52733571,13197.0,681.8997487737768,3.5087719298245608,55,57,2,0,55,57,8351,0,0,0,0,0
2020-05-31,US,Georgia,McDuffie,67,5,0,33.47851918,-82.48252774,13189.0,314.37687687687685,7.462686567164179,62,67,5,0,62,67,21531,0,0,0,0,0
2020-05-31,US,Georgia,McIntosh,16,1,0,31.49683595,-81.40163426,13191.0,111.28112393935179,6.25,15,16,1,0,15,16,14340,0,0,0,0,0
2020-05-31,US,Georgia,Meriwether,85,2,0,33.04163534,-84.68859732,13199.0,401.5684792365474,2.3529411764705883,83,85,2,0,83,84,21068,0,0,0,0,1
2020-05-31,US,Georgia,Miller,41,0,0,31.16568912,-84.73151117,13201.0,717.0339279468345,0.0,41,41,0,0,41,41,5686,0,0,0,0,0
2020-05-31,US,Georgia,Mitchell,409,32,0,31.22483255,-84.19381821,13205.0,1870.7405205141104,7.823960880195599,377,408,32,0,376,409,22192,1,0,0,1,-1
2020-05-31,US,Georgia,Monroe,120,11,0,33.014289,-83.92097166,13207.0,435.12945101167605,9.166666666666666,109,120,8,0,112,120,27520,0,3,0,-3,0
2020-05-31,US,Georgia,Montgomery,9,0,0,32.17201038,-82.53527476,13209.0,98.12472743131269,0.0,9,9,0,0,9,9,9193,0,0,0,0,0
2020-05-31,US,Georgia,Morgan,37,0,0,33.59232073,-83.49129491,13211.0,191.94853704087987,0.0,37,37,0,0,37,37,18853,0,0,0,0,0
2020-05-31,US,Georgia,Murray,91,1,0,34.78897608,-84.74993177,13213.0,226.95530726256985,1.0989010989010992,90,90,1,0,89,86,39921,1,0,0,1,4
2020-05-31,US,Georgia,Muscogee,615,17,0,32.50931999,-84.87142262,13215.0,314.14575341346176,2.7642276422764227,598,604,17,0,587,602,194160,11,0,0,11,2
2020-05-31,US,Georgia,Newton,352,11,0,33.55514538,-83.84547140000002,13217.0,315.0057273768614,3.125,341,352,11,0,341,351,109541,0,0,0,0,1
2020-05-31,US,Georgia,Oconee,116,6,0,33.83749973,-83.43679568,13219.0,287.98411122144984,5.172413793103448,110,116,6,0,110,116,39272,0,0,0,0,0
2020-05-31,US,Georgia,Oglethorpe,61,7,0,33.878629600000004,-83.08278123,13221.0,399.7640736614457,11.475409836065571,54,61,6,0,55,60,15054,0,1,0,-1,1
2020-05-31,US,Georgia,Out of GA,2012,34,0,0.0,0.0,80013.0,0.0,1.6898608349900597,1978,1995,31,0,1964,1975,,17,3,0,14,20
2020-05-31,US,Georgia,Paulding,328,11,0,33.91969522,-84.86848792,13223.0,194.46601884186,3.3536585365853657,317,326,11,0,315,320,164044,2,0,0,2,6
2020-05-31,US,Georgia,Peach,72,4,0,32.56934316,-83.82937,13225.0,261.3809627532128,5.5555555555555545,68,72,4,0,68,72,27297,0,0,0,0,0
2020-05-31,US,Georgia,Pickens,48,3,0,34.46589159,-84.46406611,13227.0,147.2799239053726,6.25,45,47,3,0,44,47,31980,1,0,0,1,0
2020-05-31,US,Georgia,Pierce,100,3,0,31.35928155,-82.21598442,13229.0,513.7426149499101,3.0,97,99,3,0,96,98,19389,1,0,0,1,1
2020-05-31,US,Georgia,Pike,54,2,0,33.09310242,-84.38790389,13231.0,284.78008648876704,3.703703703703704,52,54,2,0,52,54,18634,0,0,0,0,0
2020-05-31,US,Georgia,Polk,118,1,0,34.00267074,-85.18677781,13233.0,276.91080186797456,0.8474576271186439,117,118,1,0,117,118,42470,0,0,0,0,0
2020-05-31,US,Georgia,Pulaski,42,2,0,32.23334561,-83.47549959999998,13235.0,377.1213073538655,4.761904761904762,40,42,2,0,40,42,11069,0,0,0,0,0
2020-05-31,US,Georgia,Putnam,90,9,0,33.32056115,-83.37552891,13237.0,406.89000406890005,10.0,81,90,9,0,81,89,21809,0,0,0,0,1
2020-05-31,US,Georgia,Quitman,12,1,0,31.86728114,-85.01773177,13239.0,521.9660722053067,8.333333333333334,11,12,1,0,11,12,2279,0,0,0,0,0
2020-05-31,US,Georgia,Rabun,20,1,0,34.88389445,-83.40304637,13241.0,116.70654140164557,5.0,19,20,1,0,19,20,16867,0,0,0,0,0
2020-05-31,US,Georgia,Randolph,179,19,0,31.76622818,-84.75732369,13243.0,2640.897019769844,10.614525139664805,160,179,19,0,160,179,6833,0,0,0,0,0
2020-05-31,US,Georgia,Richmond,595,22,0,33.35777107,-82.07026432,13245.0,293.8010448453965,3.6974789915966384,573,595,22,0,573,595,201554,0,0,0,0,0
2020-05-31,US,Georgia,Rockdale,285,8,0,33.65145002,-84.02202167,13247.0,313.54515050167225,2.8070175438596485,277,285,8,0,277,283,90594,0,0,0,0,2
2020-05-31,US,Georgia,Schley,16,1,0,32.2654021,-84.31258912,13249.0,304.3560966330607,6.25,15,16,1,0,15,16,5236,0,0,0,0,0
2020-05-31,US,Georgia,Screven,51,3,0,32.74976524,-81.60779441,13251.0,365.1725619361306,5.882352941176472,48,51,2,0,49,50,13938,0,1,0,-1,1
2020-05-31,US,Georgia,Seminole,44,2,0,30.93464824,-84.86823924,13253.0,543.8813349814586,4.545454545454546,42,44,2,0,42,44,8315,0,0,0,0,0
2020-05-31,US,Georgia,Spalding,275,22,0,33.26310031,-84.28013991,13255.0,412.275309956074,8.0,253,275,21,0,254,275,66100,0,1,0,-1,0
2020-05-31,US,Georgia,Stephens,139,2,0,34.55151201,-83.29405315,13257.0,536.1620057859209,1.4388489208633093,137,138,2,0,136,138,26035,1,0,0,1,0
2020-05-31,US,Georgia,Stewart,52,1,0,32.07996777,-84.83208037,13259.0,785.3798519861048,1.9230769230769231,51,52,1,0,51,52,6199,0,0,0,0,0
2020-05-31,US,Georgia,Sumter,475,44,0,32.03650571,-84.19821492,13261.0,1608.8605879962063,9.263157894736842,431,475,43,0,432,476,29733,0,1,0,-1,-1
2020-05-31,US,Georgia,Talbot,38,1,0,32.69642758,-84.53351366,13263.0,613.3979015334947,2.631578947368421,37,38,1,0,37,38,6272,0,0,0,0,0
2020-05-31,US,Georgia,Taliaferro,1,0,0,33.56543317,-82.88136816,13265.0,65.06180871828235,0.0,1,1,0,0,1,1,1608,0,0,0,0,0
2020-05-31,US,Georgia,Tattnall,27,0,0,32.04785085,-82.05539188,13267.0,106.77845448074034,0.0,27,23,0,0,23,23,25391,4,0,0,4,0
2020-05-31,US,Georgia,Taylor,22,2,0,32.55792548,-84.25077141,13269.0,274.3142144638404,9.090909090909092,20,22,2,0,20,23,8039,0,0,0,0,-1
2020-05-31,US,Georgia,Telfair,37,1,0,31.92829517,-82.93491155,13271.0,233.2912988650694,2.702702702702702,36,37,1,0,36,37,15876,0,0,0,0,0
2020-05-31,US,Georgia,Terrell,213,26,0,31.77527543,-84.44069698,13273.0,2496.7764623139137,12.206572769953054,187,213,26,0,187,213,8611,0,0,0,0,0
2020-05-31,US,Georgia,Thomas,324,32,0,30.86392347,-83.91847289,13275.0,728.8924883579672,9.876543209876543,292,324,32,0,292,324,44448,0,0,0,0,0
2020-05-31,US,Georgia,Tift,256,17,0,31.45743864,-83.5236119,13277.0,629.8592658202933,6.640625,239,256,17,0,239,255,40571,0,0,0,0,1
2020-05-31,US,Georgia,Toombs,56,4,0,32.12059861,-82.32957247,13279.0,208.7215803205367,7.142857142857142,52,56,4,0,52,56,26887,0,0,0,0,0
2020-05-31,US,Georgia,Towns,24,1,0,34.91369188,-83.74107459999998,13281.0,199.3852288776273,4.166666666666667,23,24,1,0,23,24,11852,0,0,0,0,0
2020-05-31,US,Georgia,Treutlen,10,0,0,32.40422134,-82.56904553,13283.0,144.90653528474138,0.0,10,9,0,0,9,9,6809,1,0,0,1,0
2020-05-31,US,Georgia,Troup,313,11,0,33.03349196,-85.02812115,13285.0,447.64165784731557,3.514376996805112,302,307,11,0,296,292,70034,6,0,0,6,15
2020-05-31,US,Georgia,Turner,118,13,0,31.71612656,-83.62069378,13287.0,1477.77082028804,11.016949152542374,105,118,12,0,106,115,7912,0,1,0,-1,3
2020-05-31,US,Georgia,Twiggs,17,1,0,32.67435595,-83.43078662,13289.0,209.35960591133002,5.882352941176472,16,17,0,0,17,15,8188,0,1,0,-1,2
2020-05-31,US,Georgia,Unassigned,1698,1,0,0.0,0.0,90013.0,0.0,0.05889281507656066,1697,1202,0,0,1202,1025,,496,1,0,495,177
2020-05-31,US,Georgia,Union,46,1,0,34.82995757,-83.98967069,13291.0,187.67084166292682,2.1739130434782608,45,44,1,0,43,44,24001,2,0,0,2,0
2020-05-31,US,Georgia,Upson,281,34,0,32.87920671,-84.30024826,13293.0,1067.6291793313071,12.099644128113878,247,280,34,0,246,280,26215,1,0,0,1,0
2020-05-31,US,Georgia,Walker,141,0,0,34.73376362,-85.30165174,13295.0,202.11866228981808,0.0,141,141,0,0,141,138,69410,0,0,0,0,3
2020-05-31,US,Georgia,Walton,265,12,0,33.78017694,-83.73552314,13297.0,280.1475796306281,4.528301886792453,253,265,12,0,253,261,93503,0,0,0,0,4
2020-05-31,US,Georgia,Ware,228,14,0,31.05449097,-82.42224148,13299.0,638.0477976157161,6.140350877192982,214,228,14,0,214,229,35680,0,0,0,0,-1
2020-05-31,US,Georgia,Warren,18,0,0,33.41146451,-82.67795848,13301.0,342.59611724400463,0.0,18,18,0,0,18,18,5251,0,0,0,0,0
2020-05-31,US,Georgia,Washington,74,1,0,32.96711864,-82.79357039,13303.0,363.20801020909,1.351351351351351,73,74,1,0,73,74,20386,0,0,0,0,0
2020-05-31,US,Georgia,Wayne,19,0,0,31.5521809,-81.91894878,13305.0,63.48782036288301,0.0,19,20,0,0,20,19,29808,-1,0,0,-1,1
2020-05-31,US,Georgia,Webster,13,1,0,32.04066113,-84.54742852,13307.0,498.6574606827771,7.6923076923076925,12,12,1,0,11,12,2611,1,0,0,1,0
2020-05-31,US,Georgia,Wheeler,13,0,0,32.12009104,-82.72574721,13309.0,165.49968173138132,0.0,13,13,0,0,13,13,7879,0,0,0,0,0
2020-05-31,US,Georgia,White,101,3,0,34.64624278,-83.74905525,13311.0,327.9433729462952,2.9702970297029703,98,101,3,0,98,101,29970,0,0,0,0,0
2020-05-31,US,Georgia,Whitfield,374,7,0,34.80987459,-84.96093476,13313.0,357.4568949038498,1.8716577540106951,367,351,7,0,344,331,104062,23,0,0,23,20
2020-05-31,US,Georgia,Wilcox,111,13,0,31.97496928,-83.43438555,13315.0,1285.4661262304573,11.711711711711711,98,111,13,0,98,109,8812,0,0,0,0,2
2020-05-31,US,Georgia,Wilkes,33,1,0,33.78290391,-82.74286107,13317.0,337.52684872660325,3.0303030303030303,32,33,1,0,32,33,9876,0,0,0,0,0
2020-05-31,US,Georgia,Wilkinson,69,6,0,32.80291082,-83.17140684,13319.0,770.6053160598615,8.695652173913043,63,69,5,0,64,69,9036,0,1,0,-1,0
2020-05-31,US,Georgia,Worth,211,21,0,31.55162306,-83.85090513,13321.0,1042.1296982268975,9.952606635071088,190,210,21,0,189,209,20299,1,0,0,1,1
2020-05-31,US,Hawaii,Hawaii,81,0,0,19.60121157,-155.5210167,15001.0,40.195917881228496,0.0,81,81,0,0,81,82,200983,0,0,0,0,-1
2020-05-31,US,Hawaii,Honolulu,421,11,0,21.45803166,-157.97121819999995,15003.0,43.19884912519765,2.6128266033254155,410,421,11,0,410,419,980080,0,0,0,0,2
2020-05-31,US,Hawaii,Kauai,20,0,0,22.03935037,-159.5966786,15007.0,27.665195800423284,0.0,20,20,0,0,20,20,72133,0,0,0,0,0
2020-05-31,US,Hawaii,Maui,120,6,0,20.86399628,-156.56890969999995,15009.0,71.67730875598058,5.0,114,119,6,0,113,118,167207,1,0,0,1,1
2020-05-31,US,Hawaii,Out of HI,10,0,0,0.0,0.0,80015.0,0.0,0.0,10,10,0,0,10,10,,0,0,0,0,0
2020-05-31,US,Idaho,Ada,812,22,0,43.4526575,-116.24155159999998,16001.0,168.60920249093104,2.70935960591133,790,805,22,0,783,803,469966,7,0,0,7,2
2020-05-31,US,Idaho,Adams,3,0,0,44.89333571,-116.4545247,16003.0,69.86492780624127,0.0,3,3,0,0,3,3,4250,0,0,0,0,0
2020-05-31,US,Idaho,Bannock,28,0,0,42.67002716,-112.2233311,16005.0,31.887755102040817,0.0,28,27,0,0,27,24,87138,1,0,0,1,3
2020-05-31,US,Idaho,Benewah,8,0,0,47.21754179,-116.6586851,16009.0,86.04000860400086,0.0,8,8,0,0,8,9,9226,0,0,0,0,-1
2020-05-31,US,Idaho,Bingham,6,0,0,43.21672879999999,-112.3978437,16011.0,12.817500160218751,0.0,6,6,0,0,6,6,46236,0,0,0,0,0
2020-05-31,US,Idaho,Blaine,512,5,0,43.4085812,-113.9752658,16013.0,2224.0562964250034,0.9765625,507,512,5,0,507,512,22601,0,0,0,0,0
2020-05-31,US,Idaho,Bonner,6,0,0,48.29996017,-116.6017932,16017.0,13.117908130916724,0.0,6,6,0,0,6,4,44727,0,0,0,0,2
2020-05-31,US,Idaho,Bonneville,47,0,0,43.38713372,-111.6161537,16019.0,39.475231392047846,0.0,47,37,0,0,37,37,116854,10,0,0,10,0
2020-05-31,US,Idaho,Camas,1,0,0,43.46665742,-114.8065892,16025.0,90.41591320072331,0.0,1,1,0,0,1,1,1127,0,0,0,0,0
2020-05-31,US,Idaho,Canyon,303,6,0,43.61970148,-116.70954990000001,16027.0,131.8256768574151,1.98019801980198,297,300,6,0,294,294,223499,3,0,0,3,6
2020-05-31,US,Idaho,Caribou,1,0,0,42.77149116,-111.5597683,16029.0,13.976240391334732,0.0,1,1,0,0,1,1,7060,0,0,0,0,0
2020-05-31,US,Idaho,Cassia,63,1,0,42.28347888,-113.6012409,16031.0,262.17228464419475,1.5873015873015872,62,62,1,0,61,56,23864,1,0,0,1,6
2020-05-31,US,Idaho,Custer,2,0,0,44.24186819,-114.2855494,16037.0,46.349942062572424,0.0,2,2,0,0,2,2,4280,0,0,0,0,0
2020-05-31,US,Idaho,Elmore,31,2,0,43.3507101,-115.4701578,16039.0,112.68219984733379,6.451612903225807,29,31,2,0,29,31,27259,0,0,0,0,0
2020-05-31,US,Idaho,Franklin,2,0,0,42.18332217,-111.81496659999999,16041.0,14.413375612568464,0.0,2,1,0,0,1,,13726,1,0,0,1,
2020-05-31,US,Idaho,Fremont,3,0,0,44.22800938,-111.48099429999999,16043.0,22.902511642110085,0.0,3,3,0,0,3,3,13168,0,0,0,0,0
2020-05-31,US,Idaho,Gem,17,0,0,44.06482372,-116.398376,16045.0,93.86042402826857,0.0,17,17,0,0,17,17,17634,0,0,0,0,0
2020-05-31,US,Idaho,Gooding,47,0,0,42.96927962,-114.81083059999999,16047.0,309.63831609460436,0.0,47,47,0,0,47,46,15196,0,0,0,0,1
2020-05-31,US,Idaho,Idaho,3,0,0,45.84721541,-115.4634436,16049.0,17.999640007199854,0.0,3,3,0,0,3,3,16513,0,0,0,0,0
2020-05-31,US,Idaho,Jefferson,7,0,0,43.82078483,-112.3131749,16051.0,23.434099963174987,0.0,7,7,0,0,7,7,29439,0,0,0,0,0
2020-05-31,US,Idaho,Jerome,169,2,0,42.68891267,-114.2655033,16053.0,692.2824840242504,1.183431952662722,167,165,2,0,163,161,24015,4,0,0,4,4
2020-05-31,US,Idaho,Kootenai,68,0,0,47.67282258,-116.7020872,16055.0,41.038763526195396,0.0,68,67,0,0,67,67,161505,1,0,0,1,0
2020-05-31,US,Idaho,Latah,7,0,0,46.81587887,-116.71136979999999,16057.0,17.452877231475018,0.0,7,7,0,0,7,7,40134,0,0,0,0,0
2020-05-31,US,Idaho,Lemhi,1,0,0,44.9438088,-113.9309747,16059.0,12.457954403886884,0.0,1,1,0,0,1,1,7961,0,0,0,0,0
2020-05-31,US,Idaho,Lincoln,33,0,0,43.0012336,-114.1358773,16063.0,614.9832277301529,0.0,33,33,0,0,33,33,5360,0,0,0,0,0
2020-05-31,US,Idaho,Madison,21,0,0,43.78141028,-111.65384740000002,16065.0,52.62234695667427,0.0,21,21,0,0,21,21,39304,0,0,0,0,0
2020-05-31,US,Idaho,Minidoka,50,0,0,42.85518524,-113.6357257,16067.0,237.65388088787492,0.0,50,46,0,0,46,45,20825,4,0,0,4,1
2020-05-31,US,Idaho,Nez Perce,82,19,0,46.32638236,-116.75009750000001,16069.0,202.9301128489408,23.170731707317074,63,82,19,0,63,82,40408,0,0,0,0,0
2020-05-31,US,Idaho,Owyhee,8,0,0,42.58016894,-116.16938710000001,16073.0,67.66472130592912,0.0,8,8,0,0,8,8,11693,0,0,0,0,0
2020-05-31,US,Idaho,Payette,23,2,0,44.00545243,-116.7647695,16075.0,96.02939334474551,8.695652173913043,21,23,2,0,21,23,23551,0,0,0,0,0
2020-05-31,US,Idaho,Power,5,0,0,42.69254894,-112.83957420000002,16077.0,65.09569066527796,0.0,5,4,0,0,4,3,7768,1,0,0,1,1
2020-05-31,US,Idaho,Teton,11,0,0,43.75303583,-111.2056773,16081.0,90.59463020919122,0.0,11,11,0,0,11,11,11640,0,0,0,0,0
2020-05-31,US,Idaho,Twin Falls,419,23,0,42.35440512,-114.6685381,16083.0,482.28550380994034,5.4892601431980905,396,416,23,0,393,410,86081,3,0,0,3,6
2020-05-31,US,Idaho,Valley,2,0,0,44.76728382,-115.5676773,16085.0,17.5561797752809,0.0,2,2,0,0,2,2,11041,0,0,0,0,0
2020-05-31,US,Idaho,Washington,38,0,0,44.45275475,-116.78476880000001,16087.0,372.7682950755346,0.0,38,38,0,0,38,36,10161,0,0,0,0,2
2020-05-31,US,Illinois,Adams,44,1,0,39.98815591,-91.18786813,17001.0,67.24230152059296,2.272727272727273,43,44,1,0,43,44,65691,0,0,0,0,0
2020-05-31,US,Illinois,Alexander,8,0,0,37.18049267,-89.32910838,17003.0,138.86478042006596,0.0,8,8,0,0,8,8,6060,0,0,0,0,0
2020-05-31,US,Illinois,Bond,12,1,0,38.88829622,-89.43534887,17005.0,73.0549129428954,8.333333333333334,11,12,1,0,11,12,16630,0,0,0,0,0
2020-05-31,US,Illinois,Boone,452,17,0,42.32359279,-88.82345779,17007.0,844.1655460929329,3.761061946902655,435,441,17,0,424,428,53577,11,0,0,11,13
2020-05-31,US,Illinois,Brown,10,0,0,39.96209138,-90.75068024,17009.0,152.02189115232594,0.0,10,10,0,0,10,10,6556,0,0,0,0,0
2020-05-31,US,Illinois,Bureau,15,1,0,41.40385234,-89.5283051,17011.0,45.97278411180581,6.666666666666668,14,15,1,0,14,15,32993,0,0,0,0,0
2020-05-31,US,Illinois,Calhoun,1,0,0,39.16840183,-90.66330078,17013.0,21.101498206372653,0.0,1,1,0,0,1,1,4802,0,0,0,0,0
2020-05-31,US,Illinois,Carroll,15,2,0,42.06823429,-89.93395545,17015.0,104.85844110450891,13.333333333333336,13,16,2,0,14,14,14312,-1,0,0,-1,2
2020-05-31,US,Illinois,Cass,73,0,0,39.96991073,-90.24734436,17017.0,600.971433275706,0.0,73,73,0,0,73,71,12260,0,0,0,0,2
2020-05-31,US,Illinois,Champaign,640,7,0,40.13919438,-88.20046615,17019.0,305.2139120316278,1.09375,633,627,7,0,620,617,209983,13,0,0,13,10
2020-05-31,US,Illinois,Christian,35,4,0,39.54581621,-89.27780482,17021.0,108.34571570084199,11.428571428571427,31,35,4,0,31,33,32661,0,0,0,0,2
2020-05-31,US,Illinois,Clark,11,0,0,39.33425789,-87.78705622,17023.0,71.23890939705977,0.0,11,11,0,0,11,11,15596,0,0,0,0,0
2020-05-31,US,Illinois,Clay,2,0,0,38.75388572,-88.48914513,17025.0,15.169902912621357,0.0,2,2,0,0,2,2,13253,0,0,0,0,0
2020-05-31,US,Illinois,Clinton,186,17,0,38.60704876,-89.42385254,17027.0,495.18130025025283,9.13978494623656,169,186,17,0,169,181,37639,0,0,0,0,5
2020-05-31,US,Illinois,Coles,127,15,0,39.51949084,-88.22358557,17029.0,250.8840204658146,11.811023622047243,112,126,15,0,111,125,50885,1,0,0,1,1
2020-05-31,US,Illinois,Cook,77925,3642,0,41.84144849,-87.81658794,17031.0,1513.038342148792,4.673724735322425,74283,77119,3603,0,73516,76266,5180493,806,39,0,767,853
2020-05-31,US,Illinois,Crawford,11,0,0,39.0032229,-87.75954624,17033.0,58.92751915144373,0.0,11,11,0,0,11,11,18807,0,0,0,0,0
2020-05-31,US,Illinois,Cumberland,10,0,0,39.27432424,-88.2401158,17035.0,92.88500835965077,0.0,10,10,0,0,10,10,10808,0,0,0,0,0
2020-05-31,US,Illinois,De Witt,4,0,0,40.17514519,-88.90959682,17039.0,25.57871850620284,0.0,4,4,0,0,4,4,15769,0,0,0,0,0
2020-05-31,US,Illinois,DeKalb,416,4,0,41.89373302,-88.76958483,17037.0,396.5795017970009,0.9615384615384616,412,399,4,0,395,392,104143,17,0,0,17,7
2020-05-31,US,Illinois,Douglas,28,0,0,39.76768052,-88.21854195,17041.0,143.84793218597486,0.0,28,27,0,0,27,26,19479,1,0,0,1,1
2020-05-31,US,Illinois,DuPage,7707,373,0,41.85116968,-88.08642662,17043.0,835.066056574723,4.839756065914103,7334,7620,368,0,7252,7543,928589,87,5,0,82,77
2020-05-31,US,Illinois,Edgar,1,0,0,39.6809186,-87.74759563,17045.0,5.827166249053086,0.0,1,1,0,0,1,1,17360,0,0,0,0,0
2020-05-31,US,Illinois,Edwards,2,0,0,38.41353228,-88.05720863,17047.0,31.27443315089914,0.0,2,2,0,0,2,2,6392,0,0,0,0,0
2020-05-31,US,Illinois,Effingham,7,1,0,39.05935711,-88.58969584,17049.0,20.58339214302517,14.285714285714285,6,7,1,0,6,7,34208,0,0,0,0,0
2020-05-31,US,Illinois,Fayette,21,3,0,39.00072038,-89.02452658,17051.0,98.42519685039369,14.285714285714285,18,20,3,0,17,20,21416,1,0,0,1,0
2020-05-31,US,Illinois,Ford,20,1,0,40.59706922,-88.22350769,17053.0,154.30908108942208,5.0,19,20,1,0,19,20,13264,0,0,0,0,0
2020-05-31,US,Illinois,Franklin,12,0,0,37.99189086,-88.92567818,17055.0,31.19394837401544,0.0,12,12,0,0,12,12,38701,0,0,0,0,0
2020-05-31,US,Illinois,Fulton,11,0,0,40.47289135,-90.20862357,17057.0,32.032615026208504,0.0,11,11,0,0,11,11,34844,0,0,0,0,0
2020-05-31,US,Illinois,Gallatin,2,0,0,37.76430935,-88.22953869,17059.0,41.42502071251035,0.0,2,2,0,0,2,2,5058,0,0,0,0,0
2020-05-31,US,Illinois,Greene,5,0,0,39.35907414,-90.388865,17061.0,38.55347366797749,0.0,5,5,0,0,5,5,13044,0,0,0,0,0
2020-05-31,US,Illinois,Grundy,98,2,0,41.28569601,-88.41905692,17063.0,191.95361773808125,2.0408163265306123,96,98,2,0,96,95,50972,0,0,0,0,3
2020-05-31,US,Illinois,Hamilton,2,0,0,38.08163641,-88.53883373,17065.0,24.64268112370626,0.0,2,2,0,0,2,2,8163,0,0,0,0,0
2020-05-31,US,Illinois,Hancock,17,0,0,40.40423981,-91.16313899,17067.0,96.00180709283941,0.0,17,17,0,0,17,16,17844,0,0,0,0,1
2020-05-31,US,Illinois,Hardin,1,0,0,37.51810645,-88.26873022,17069.0,26.17115938236064,0.0,1,1,0,0,1,1,3910,0,0,0,0,0
2020-05-31,US,Illinois,Henderson,8,0,0,40.81908672,-90.92491462,17071.0,120.37315678603672,0.0,8,8,0,0,8,8,6709,0,0,0,0,0
2020-05-31,US,Illinois,Henry,69,0,0,41.3533994,-90.13296166,17073.0,141.06679205937073,0.0,69,69,0,0,69,68,49090,0,0,0,0,1
2020-05-31,US,Illinois,Iroquois,132,4,0,40.74717633,-87.82466784,17075.0,486.8333702146493,3.0303030303030303,128,131,4,0,127,131,27604,1,0,0,1,0
2020-05-31,US,Illinois,Jackson,286,10,0,37.78595185,-89.38232563,17077.0,503.9647577092511,3.4965034965034967,276,282,10,0,272,268,57419,4,0,0,4,14
2020-05-31,US,Illinois,Jasper,45,7,0,39.01054275,-88.15437049,17079.0,468.26222684703436,15.555555555555555,38,45,7,0,38,45,9611,0,0,0,0,0
2020-05-31,US,Illinois,Jefferson,101,16,0,38.29980057,-88.9240025,17081.0,268.0182570852351,15.84158415841584,85,101,16,0,85,101,37820,0,0,0,0,0
2020-05-31,US,Illinois,Jersey,24,1,0,39.08869046,-90.35393073,17083.0,110.22826436412072,4.166666666666667,23,20,1,0,19,20,21847,4,0,0,4,0
2020-05-31,US,Illinois,Jo Daviess,32,0,0,42.36542373,-90.21094405,17085.0,150.69460795855895,0.0,32,32,0,0,32,32,21366,0,0,0,0,0
2020-05-31,US,Illinois,Johnson,8,0,0,37.45939802,-88.88165419,17087.0,64.42780059595715,0.0,8,8,0,0,8,7,12456,0,0,0,0,1
2020-05-31,US,Illinois,Kane,6338,178,0,41.93842729,-88.42861412,17089.0,1190.4515939992825,2.8084569264752286,6160,6259,176,0,6083,6188,534216,79,2,0,77,71
2020-05-31,US,Illinois,Kankakee,910,45,0,41.13746989,-87.86205334,17091.0,828.3118821794615,4.945054945054945,865,900,45,0,855,871,110024,10,0,0,10,29
2020-05-31,US,Illinois,Kendall,798,19,0,41.59081014,-88.42869583,17093.0,618.6526087293589,2.380952380952381,779,778,19,0,759,769,127915,20,0,0,20,9
2020-05-31,US,Illinois,Knox,100,0,0,40.93148779,-90.21330340000002,17095.0,201.2112919777058,0.0,100,98,0,0,98,97,50112,2,0,0,2,1
2020-05-31,US,Illinois,LaSalle,153,13,0,41.34426129999999,-88.88633881,17099.0,140.79452281699471,8.49673202614379,140,150,13,0,137,147,109430,3,0,0,3,3
2020-05-31,US,Illinois,Lake,8331,291,0,42.3224907,-88.00367925,17097.0,1196.063370828458,3.492978033849478,8040,8238,288,0,7950,8063,700832,93,3,0,90,175
2020-05-31,US,Illinois,Lawrence,4,0,0,38.71987914,-87.72884035,17101.0,25.513458349279247,0.0,4,4,0,0,4,4,15765,0,0,0,0,0
2020-05-31,US,Illinois,Lee,81,1,0,41.74583951,-89.29977132,17103.0,237.56452369779447,1.2345679012345678,80,81,1,0,80,79,34223,0,0,0,0,2
2020-05-31,US,Illinois,Livingston,34,2,0,40.89188292,-88.55784752,17105.0,95.37701974865351,5.882352941176472,32,34,2,0,32,32,35761,0,0,0,0,2
2020-05-31,US,Illinois,Logan,10,0,0,40.12581572,-89.36638784,17107.0,34.94304284017052,0.0,10,10,0,0,10,10,28925,0,0,0,0,0
2020-05-31,US,Illinois,Macon,193,19,0,39.86064913,-88.96342505,17115.0,185.56086492515067,9.844559585492227,174,194,19,0,175,195,104712,-1,0,0,-1,-1
2020-05-31,US,Illinois,Macoupin,45,2,0,39.26119767,-89.92424028,17117.0,100.16471530962026,4.4444444444444455,43,45,2,0,43,45,45313,0,0,0,0,0
2020-05-31,US,Illinois,Madison,580,60,0,38.83042506,-89.90422563,17119.0,220.560832959394,10.344827586206897,520,572,59,0,513,565,264461,8,1,0,7,7
2020-05-31,US,Illinois,Marion,50,0,0,38.64963204,-88.91899208,17121.0,134.390538906061,0.0,50,50,0,0,50,50,37620,0,0,0,0,0
2020-05-31,US,Illinois,Marshall,5,0,0,41.0327901,-89.34510444,17123.0,43.7139360027977,0.0,5,5,0,0,5,5,11534,0,0,0,0,0
2020-05-31,US,Illinois,Mason,18,0,0,40.23917274,-89.91824452,17125.0,134.74062429822592,0.0,18,18,0,0,18,18,13565,0,0,0,0,0
2020-05-31,US,Illinois,Massac,7,0,0,37.22078441,-88.71036614,17127.0,50.827766482718566,0.0,7,7,0,0,7,7,14080,0,0,0,0,0
2020-05-31,US,Illinois,McDonough,88,11,0,40.45674722,-90.67775541,17109.0,296.47597870763434,12.5,77,87,11,0,76,87,29955,1,0,0,1,0
2020-05-31,US,Illinois,McHenry,1566,72,0,42.32451172,-88.45248227,17111.0,508.81490964149015,4.597701149425287,1494,1539,72,0,1467,1514,308570,27,0,0,27,25
2020-05-31,US,Illinois,McLean,220,13,0,40.48996987,-88.84621113,17113.0,128.26716885206713,5.909090909090909,207,218,13,0,205,217,172828,2,0,0,2,1
2020-05-31,US,Illinois,Menard,20,0,0,40.02742725,-89.80246001,17129.0,163.9881928501148,0.0,20,20,0,0,20,21,12288,0,0,0,0,-1
2020-05-31,US,Illinois,Mercer,17,0,0,41.20596782,-90.74290052,17131.0,110.12502429228478,0.0,17,17,0,0,17,17,15601,0,0,0,0,0
2020-05-31,US,Illinois,Monroe,95,12,0,38.27594376,-90.17761038,17133.0,274.27317608337904,12.63157894736842,83,95,11,0,84,94,34335,0,1,0,-1,1
2020-05-31,US,Illinois,Montgomery,39,1,0,39.23198845,-89.47809254,17135.0,137.25628211445058,2.5641025641025643,38,39,1,0,38,39,28601,0,0,0,0,0
2020-05-31,US,Illinois,Morgan,36,1,0,39.71654544,-90.20255104,17137.0,106.95822687028343,2.7777777777777777,35,36,1,0,35,35,33976,0,0,0,0,1
2020-05-31,US,Illinois,Moultrie,11,0,0,39.64187451,-88.62099969,17139.0,75.85683745948555,0.0,11,11,0,0,11,11,14717,0,0,0,0,0
2020-05-31,US,Illinois,Ogle,206,3,0,42.04165196,-89.32184679,17141.0,406.76895128645623,1.4563106796116505,203,203,3,0,200,202,50923,3,0,0,3,1
2020-05-31,US,Illinois,Out of IL,118,1,0,0.0,0.0,80017.0,0.0,0.8474576271186439,117,118,1,0,117,119,,0,0,0,0,-1
2020-05-31,US,Illinois,Peoria,233,9,0,40.78702156,-89.76078901,17143.0,130.03756020515794,3.862660944206009,224,221,8,0,213,212,180621,12,1,0,11,9
2020-05-31,US,Illinois,Perry,41,0,0,38.08510853,-89.36856219,17145.0,196.0221839739912,0.0,41,42,0,0,42,42,21174,-1,0,0,-1,0
2020-05-31,US,Illinois,Piatt,11,0,0,40.01360584,-88.59319339,17147.0,67.30298580518844,0.0,11,11,0,0,11,12,16396,0,0,0,0,-1
2020-05-31,US,Illinois,Pike,1,0,0,39.62265059,-90.8877017,17149.0,6.426322215795901,0.0,1,1,0,0,1,1,15611,0,0,0,0,0
2020-05-31,US,Illinois,Pope,1,0,0,37.41391284,-88.56152109,17151.0,23.94062724443381,0.0,1,1,0,0,1,1,4212,0,0,0,0,0
2020-05-31,US,Illinois,Pulaski,56,0,0,37.22631423,-89.13085001,17153.0,1049.671977507029,0.0,56,56,0,0,56,51,5463,0,0,0,0,5
2020-05-31,US,Illinois,Putnam,1,0,0,41.2013541,-89.2869272,17155.0,17.424638438752392,0.0,1,1,0,0,1,1,5740,0,0,0,0,0
2020-05-31,US,Illinois,Randolph,270,4,0,38.05095369,-89.82512254,17157.0,849.5374740419105,1.4814814814814814,266,269,4,0,265,267,32106,1,0,0,1,2
2020-05-31,US,Illinois,Richland,3,0,0,38.71240969,-88.08475366,17159.0,19.338619222587507,0.0,3,3,0,0,3,3,15763,0,0,0,0,0
2020-05-31,US,Illinois,Rock Island,658,24,0,41.46613806,-90.57042164,17161.0,463.77547064752366,3.64741641337386,634,651,24,0,627,646,143477,7,0,0,7,5
2020-05-31,US,Illinois,Saline,7,0,0,37.75332999,-88.54119706,17165.0,29.798646290068536,0.0,7,7,0,0,7,7,23906,0,0,0,0,0
2020-05-31,US,Illinois,Sangamon,351,29,0,39.75836914,-89.65872023,17167.0,180.30327936220925,8.262108262108264,322,348,29,0,319,346,195348,3,0,0,3,2
2020-05-31,US,Illinois,Schuyler,13,0,0,40.157179799999994,-90.61114163,17169.0,192.08037825059105,0.0,13,13,0,0,13,12,6907,0,0,0,0,1
2020-05-31,US,Illinois,Shelby,16,1,0,39.39133527,-88.80611122,17173.0,73.95765924008505,6.25,15,16,1,0,15,16,21741,0,0,0,0,0
2020-05-31,US,Illinois,St. Clair,1137,82,0,38.46996033,-89.93063427,17163.0,437.83646403733735,7.2119613016710655,1055,1121,80,0,1041,1091,261059,16,2,0,14,30
2020-05-31,US,Illinois,Stark,3,0,0,41.09309773,-89.79745866,17175.0,56.15874204417821,0.0,3,3,0,0,3,3,5427,0,0,0,0,0
2020-05-31,US,Illinois,Stephenson,206,2,0,42.35129217,-89.662598,17177.0,462.94215470358216,0.9708737864077671,204,201,2,0,199,199,44753,5,0,0,5,2
2020-05-31,US,Illinois,Tazewell,73,5,0,40.50716185,-89.51404662,17179.0,55.38568924834792,6.849315068493151,68,72,5,0,67,71,132328,1,0,0,1,1
2020-05-31,US,Illinois,Unassigned,85,0,0,0.0,0.0,90017.0,0.0,0.0,85,80,0,0,80,125,,5,0,0,5,-45
2020-05-31,US,Illinois,Union,154,11,0,37.47119609,-89.25548938,17181.0,924.758301807482,7.142857142857142,143,155,10,0,145,151,16841,-1,1,0,-2,4
2020-05-31,US,Illinois,Vermilion,40,1,0,40.18417171,-87.73384359,17183.0,52.799704321655796,2.5,39,39,1,0,38,39,76806,1,0,0,1,0
2020-05-31,US,Illinois,Wabash,2,0,0,38.44272901,-87.84922065,17185.0,17.36111111111111,0.0,2,2,0,0,2,2,11549,0,0,0,0,0
2020-05-31,US,Illinois,Warren,117,0,0,40.84925021,-90.6147432,17187.0,694.6093564473997,0.0,117,115,0,0,115,113,17032,2,0,0,2,2
2020-05-31,US,Illinois,Washington,18,0,0,38.35309213,-89.40982703,17189.0,129.61762799740765,0.0,18,18,0,0,18,18,13995,0,0,0,0,0
2020-05-31,US,Illinois,Wayne,9,1,0,38.42955355,-88.42586459,17191.0,55.50416281221092,11.111111111111109,8,9,1,0,8,9,16332,0,0,0,0,0
2020-05-31,US,Illinois,White,2,0,0,38.08706198,-88.17657461,17193.0,14.774322227967794,0.0,2,2,0,0,2,2,13665,0,0,0,0,0
2020-05-31,US,Illinois,Whiteside,140,13,0,41.75509713,-89.91556058,17195.0,253.73810602627998,9.285714285714286,127,139,12,0,127,135,55626,1,1,0,0,4
2020-05-31,US,Illinois,Will,5566,276,0,41.44619267,-87.97862712,17197.0,805.7989729899542,4.958677685950414,5290,5510,273,0,5237,5442,692310,56,3,0,53,68
2020-05-31,US,Illinois,Williamson,67,2,0,37.73033511,-88.92994027,17199.0,100.60513236331968,2.985074626865672,65,66,1,0,65,64,67056,1,1,0,0,2
2020-05-31,US,Illinois,Winnebago,2251,55,0,42.33641854,-89.16085327,17201.0,796.6111291989298,2.443358507330076,2196,2209,55,0,2154,2156,284081,42,0,0,42,53
2020-05-31,US,Illinois,Woodford,19,2,0,40.78579374,-89.20973757,17203.0,49.40326061520061,10.526315789473683,17,19,2,0,17,19,38463,0,0,0,0,0
2020-05-31,US,Indiana,Adams,15,1,0,40.7457653,-84.93671406,18001.0,41.9263772814937,6.666666666666668,14,17,1,0,16,13,35636,-2,0,0,-2,4
2020-05-31,US,Indiana,Allen,1618,69,0,41.09194313,-85.06800636,18003.0,426.5763948758104,4.26452410383189,1549,1600,69,0,1531,1451,375351,18,0,0,18,149
2020-05-31,US,Indiana,Bartholomew,511,35,0,39.20744865,-85.89558181,18005.0,609.9380513016387,6.849315068493151,476,508,34,0,474,500,82753,3,1,0,2,8
2020-05-31,US,Indiana,Benton,30,0,0,40.60626947,-87.31093999,18007.0,342.9355281207133,0.0,30,30,0,0,30,30,8653,0,0,0,0,0
2020-05-31,US,Indiana,Blackford,25,2,0,40.47388153,-85.32499702,18009.0,212.621194080626,8.0,23,25,2,0,23,24,11930,0,0,0,0,1
2020-05-31,US,Indiana,Boone,315,35,0,40.0509304,-86.46841646,18011.0,464.30729773152717,11.111111111111109,280,316,35,0,281,309,66999,-1,0,0,-1,7
2020-05-31,US,Indiana,Brown,33,1,0,39.19605589,-86.22868909,18013.0,218.65889212827992,3.0303030303030303,32,33,1,0,32,33,15234,0,0,0,0,0
2020-05-31,US,Indiana,Carroll,93,2,0,40.580783200000006,-86.56198812,18015.0,459.10055783186067,2.150537634408602,91,93,2,0,91,92,20127,0,0,0,0,1
2020-05-31,US,Indiana,Cass,1587,7,0,40.76135835,-86.34830753,18017.0,4210.777680490329,0.4410838059231254,1580,1587,7,0,1580,1589,37955,0,0,0,0,-2
2020-05-31,US,Indiana,Clark,504,41,0,38.48015445,-85.70510334,18019.0,426.0283004513871,8.134920634920634,463,497,41,0,456,492,117360,7,0,0,7,5
2020-05-31,US,Indiana,Clay,51,1,0,39.39561833,-87.11723506,18021.0,194.47092469018116,1.96078431372549,50,51,1,0,50,47,26170,0,0,0,0,4
2020-05-31,US,Indiana,Clinton,232,1,0,40.30319754,-86.47277257,18023.0,716.0714836877681,0.4310344827586207,231,227,1,0,226,223,32250,5,0,0,5,4
2020-05-31,US,Indiana,Crawford,24,0,0,38.28814402,-86.44518825,18025.0,226.90744067315876,0.0,24,24,0,0,24,24,10558,0,0,0,0,0
2020-05-31,US,Indiana,Daviess,88,16,0,38.70186039,-87.07185406,18027.0,263.8601541183173,18.181818181818183,72,85,16,0,69,85,33147,3,0,0,3,0
2020-05-31,US,Indiana,DeKalb,37,1,0,41.39804622,-84.99906934,18033.0,85.1063829787234,2.702702702702702,36,37,1,0,36,33,43226,0,0,0,0,4
2020-05-31,US,Indiana,Dearborn,168,21,0,39.14647946,-84.97333539,18029.0,339.68215455538035,12.5,147,168,21,0,147,166,49568,0,0,0,0,2
2020-05-31,US,Indiana,Decatur,224,31,0,39.30712658,-85.50087166,18031.0,843.4052486915923,13.839285714285715,193,224,31,0,193,224,26794,0,0,0,0,0
2020-05-31,US,Indiana,Delaware,385,37,0,40.22787247,-85.39732772,18035.0,337.31984053971166,9.610389610389609,348,385,36,0,349,377,114772,0,1,0,-1,8
2020-05-31,US,Indiana,Dubois,199,3,0,38.36597551,-86.87924170000002,18037.0,465.64956944964433,1.5075376884422111,196,199,3,0,196,192,42565,0,0,0,0,7
2020-05-31,US,Indiana,Elkhart,1322,28,0,41.59761169,-85.85875695,18039.0,640.6870180914117,2.118003025718608,1294,1262,28,0,1234,1163,205560,60,0,0,60,99
2020-05-31,US,Indiana,Fayette,77,7,0,39.63684962,-85.17797541,18041.0,333.30447580296084,9.090909090909092,70,77,7,0,70,76,23047,0,0,0,0,1
2020-05-31,US,Indiana,Floyd,318,39,0,38.32117957,-85.90385377,18043.0,404.9820432490257,12.264150943396224,279,318,39,0,279,318,77781,0,0,0,0,0
2020-05-31,US,Indiana,Fountain,21,2,0,40.12361933,-87.24217689,18045.0,128.47179738162242,9.523809523809524,19,21,2,0,19,20,16351,0,0,0,0,1
2020-05-31,US,Indiana,Franklin,110,8,0,39.4142482,-85.06062647,18047.0,483.3465155110291,7.272727272727272,102,110,8,0,102,109,22736,0,0,0,0,1
2020-05-31,US,Indiana,Fulton,49,1,0,41.0469907,-86.26252745,18049.0,245.3189145889657,2.0408163265306123,48,49,1,0,48,48,20092,0,0,0,0,1
2020-05-31,US,Indiana,Gibson,17,2,0,38.30393723,-87.58054938,18051.0,50.50655099676164,11.764705882352944,15,15,2,0,13,14,33452,2,0,0,2,1
2020-05-31,US,Indiana,Grant,211,22,0,40.51587228,-85.65468702,18053.0,320.8198391339385,10.42654028436019,189,210,22,0,188,206,65936,1,0,0,1,4
2020-05-31,US,Indiana,Greene,169,24,0,39.03630547,-86.96223202,18055.0,529.4154501597644,14.201183431952662,145,169,24,0,145,168,32006,0,0,0,0,1
2020-05-31,US,Indiana,Hamilton,1159,93,0,40.07306535,-86.05244729,18057.0,342.88824919899065,8.024158757549612,1066,1154,93,0,1061,1156,330086,5,0,0,5,-2
2020-05-31,US,Indiana,Hancock,338,27,0,39.82304555,-85.77566351,18059.0,432.40200593593283,7.988165680473371,311,331,27,0,304,327,76351,7,0,0,7,4
2020-05-31,US,Indiana,Harrison,194,22,0,38.19467379,-86.10948271,18061.0,478.83499938294466,11.340206185567009,172,194,22,0,172,192,40350,0,0,0,0,2
2020-05-31,US,Indiana,Hendricks,1169,71,0,39.76719009,-86.51037283,18063.0,686.3913663826764,6.073567151411463,1098,1166,71,0,1095,1161,167009,3,0,0,3,5
2020-05-31,US,Indiana,Henry,182,11,0,39.93029017,-85.39625719,18065.0,379.3879763195197,6.043956043956044,171,172,11,0,161,169,48271,10,0,0,10,3
2020-05-31,US,Indiana,Howard,408,28,0,40.48527731,-86.11351892,18067.0,494.2818375654197,6.862745098039214,380,404,28,0,376,395,82366,4,0,0,4,9
2020-05-31,US,Indiana,Huntington,28,2,0,40.82907273,-85.48822092,18069.0,76.67031763417306,7.142857142857142,26,27,2,0,25,27,36240,1,0,0,1,0
2020-05-31,US,Indiana,Jackson,389,1,0,38.90915820000001,-86.03851889,18071.0,879.4736723112749,0.2570694087403599,388,382,1,0,381,379,44111,7,0,0,7,3
2020-05-31,US,Indiana,Jasper,67,1,0,41.02078733,-87.11553319,18073.0,199.6305345331029,1.492537313432836,66,66,1,0,65,65,33370,1,0,0,1,1
2020-05-31,US,Indiana,Jay,52,0,0,40.43781032,-85.00576229,18075.0,254.45292620865138,0.0,52,50,0,0,50,50,20764,2,0,0,2,0
2020-05-31,US,Indiana,Jefferson,45,1,0,38.78576239,-85.43633383,18077.0,139.28438776773555,2.2222222222222223,44,45,1,0,44,43,32208,0,0,0,0,2
2020-05-31,US,Indiana,Jennings,130,4,0,38.99588883,-85.62710784,18079.0,468.721831620696,3.0769230769230766,126,130,4,0,126,130,27611,0,0,0,0,0
2020-05-31,US,Indiana,Johnson,1105,108,0,39.48994426,-86.10149107,18081.0,698.6286646392737,9.773755656108598,997,1097,108,0,989,1093,156225,8,0,0,8,4
2020-05-31,US,Indiana,Knox,28,0,0,38.68861576,-87.4194665,18083.0,76.51527572826146,0.0,28,28,0,0,28,29,36895,0,0,0,0,-1
2020-05-31,US,Indiana,Kosciusko,135,1,0,41.24521668,-85.86312322,18085.0,169.90535642368104,0.7407407407407407,134,127,1,0,126,111,79344,8,0,0,8,16
2020-05-31,US,Indiana,LaGrange,81,2,0,41.64232188,-85.42674232,18087.0,204.4731660524057,2.469135802469136,79,76,2,0,74,71,39330,5,0,0,5,5
2020-05-31,US,Indiana,LaPorte,433,23,0,41.54366008,-86.74072188,18091.0,394.037565521258,5.311778290993073,410,430,23,0,407,424,110007,3,0,0,3,6
2020-05-31,US,Indiana,Lake,3616,190,0,41.41874274,-87.38277575,18089.0,744.8099148700392,5.254424778761061,3426,3573,186,0,3387,3538,484411,43,4,0,39,35
2020-05-31,US,Indiana,Lawrence,163,24,0,38.84112637,-86.48361629,18093.0,359.2682389243993,14.723926380368097,139,159,24,0,135,154,45668,4,0,0,4,5
2020-05-31,US,Indiana,Madison,586,59,0,40.16143691,-85.71964711,18095.0,452.268675377598,10.06825938566553,527,586,59,0,527,585,129641,0,0,0,0,1
2020-05-31,US,Indiana,Marion,9853,578,0,39.78163624,-86.13826325,18097.0,1021.4787337934979,5.866233634426062,9275,9761,576,0,9185,9616,954670,92,2,0,90,145
2020-05-31,US,Indiana,Marshall,108,2,0,41.32467367,-86.26185087,18099.0,233.47312897228588,1.851851851851852,106,102,1,0,101,90,46248,6,1,0,5,12
2020-05-31,US,Indiana,Martin,11,0,0,38.7099921,-86.80373186,18101.0,107.26474890297415,0.0,11,11,0,0,11,11,10217,0,0,0,0,0
2020-05-31,US,Indiana,Miami,140,1,0,40.76940965,-86.04525048,18103.0,394.18853474490373,0.7142857142857143,139,140,1,0,139,141,35567,0,0,0,0,-1
2020-05-31,US,Indiana,Monroe,166,12,0,39.16130004,-86.52414358,18105.0,111.83647620780027,7.2289156626506035,154,167,12,0,155,166,146917,-1,0,0,-1,1
2020-05-31,US,Indiana,Montgomery,241,17,0,40.04034823,-86.89335024,18107.0,628.6191246283063,7.053941908713693,224,238,17,0,221,235,38346,3,0,0,3,3
2020-05-31,US,Indiana,Morgan,277,24,0,39.47899078,-86.44573375,18109.0,392.96911574855653,8.664259927797834,253,278,24,0,254,278,70116,-1,0,0,-1,0
2020-05-31,US,Indiana,Newton,78,10,0,40.95610449,-87.39635768,18111.0,557.7803203661326,12.82051282051282,68,77,10,0,67,77,14011,1,0,0,1,0
2020-05-31,US,Indiana,Noble,232,21,0,41.39672484,-85.41966713,18113.0,485.9249329758713,9.051724137931034,211,228,21,0,207,211,47532,4,0,0,4,17
2020-05-31,US,Indiana,Ohio,13,0,0,38.955304999999996,-84.96515993,18115.0,221.27659574468086,0.0,13,13,0,0,13,13,5844,0,0,0,0,0
2020-05-31,US,Indiana,Orange,128,22,0,38.54118920000001,-86.49523093,18117.0,651.5321184974041,17.1875,106,126,22,0,104,125,19489,2,0,0,2,1
2020-05-31,US,Indiana,Owen,35,1,0,39.31145587,-86.83900724,18119.0,168.27732102504928,2.8571428571428568,34,34,1,0,33,34,20845,1,0,0,1,0
2020-05-31,US,Indiana,Parke,18,0,0,39.77202286,-87.20375833,18121.0,106.27620003542542,0.0,18,17,0,0,17,17,16927,1,0,0,1,0
2020-05-31,US,Indiana,Perry,33,0,0,38.07809328,-86.63741946,18123.0,172.15295529239918,0.0,33,32,0,0,32,31,19102,1,0,0,1,1
2020-05-31,US,Indiana,Pike,6,0,0,38.40112197,-87.23574907,18125.0,48.43005892323836,0.0,6,6,0,0,6,6,12410,0,0,0,0,0
2020-05-31,US,Indiana,Porter,539,28,0,41.45986947,-87.06848888,18127.0,316.33497467559533,5.194805194805196,511,534,28,0,506,516,169594,5,0,0,5,18
2020-05-31,US,Indiana,Posey,16,0,0,38.02097333,-87.86480429,18129.0,62.9252369528454,0.0,16,16,0,0,16,16,25540,0,0,0,0,0
2020-05-31,US,Indiana,Pulaski,46,0,0,41.04166107,-86.69890683,18131.0,372.379179146766,0.0,46,46,0,0,46,46,12469,0,0,0,0,0
2020-05-31,US,Indiana,Putnam,137,7,0,39.66437981,-86.84517605,18133.0,364.59442197147115,5.109489051094892,130,136,7,0,129,136,37779,1,0,0,1,0
2020-05-31,US,Indiana,Randolph,47,3,0,40.15734772,-85.01139319,18135.0,190.55341577133592,6.382978723404255,44,47,3,0,44,46,24851,0,0,0,0,1
2020-05-31,US,Indiana,Ripley,109,6,0,39.10235626,-85.26212744,18137.0,384.832650755543,5.504587155963303,103,108,6,0,102,108,28523,1,0,0,1,0
2020-05-31,US,Indiana,Rush,47,2,0,39.62002287,-85.4655599,18139.0,283.45696881973345,4.25531914893617,45,46,2,0,44,46,16663,1,0,0,1,0
2020-05-31,US,Indiana,Scott,120,3,0,38.68672078,-85.74627859,18143.0,502.65990868344994,2.5,117,119,3,0,116,119,23878,1,0,0,1,0
2020-05-31,US,Indiana,Shelby,373,22,0,39.52305623,-85.79158570000001,18145.0,833.9108855552327,5.898123324396782,351,371,22,0,349,368,44593,2,0,0,2,3
2020-05-31,US,Indiana,Spencer,20,1,0,38.01519732,-87.0079644,18147.0,98.63392020515856,5.0,19,20,1,0,19,19,20327,0,0,0,0,1
2020-05-31,US,Indiana,St. Joseph,1274,34,0,41.61756781,-86.29040834,18141.0,468.68217168335633,2.668759811616954,1240,1266,34,0,1232,1248,270771,8,0,0,8,18
2020-05-31,US,Indiana,Starke,39,3,0,41.27890281,-86.64686895,18149.0,169.60208741030658,7.6923076923076925,36,39,3,0,36,36,22935,0,0,0,0,3
2020-05-31,US,Indiana,Steuben,83,2,0,41.64423868,-85.00101094,18151.0,239.92599872810314,2.409638554216868,81,83,2,0,81,81,34586,0,0,0,0,2
2020-05-31,US,Indiana,Sullivan,36,1,0,39.08952258,-87.41414469,18153.0,174.1738835937878,2.7777777777777777,35,35,1,0,34,34,20690,1,0,0,1,1
2020-05-31,US,Indiana,Switzerland,20,0,0,38.82767338,-85.03022429,18155.0,186.0292065854339,0.0,20,20,0,0,20,20,10717,0,0,0,0,0
2020-05-31,US,Indiana,Tippecanoe,402,3,0,40.38872739,-86.89413959,18157.0,205.38287045552082,0.746268656716418,399,393,3,0,390,390,193048,9,0,0,9,3
2020-05-31,US,Indiana,Tipton,25,1,0,40.31123252,-86.05234925,18159.0,165.03828888302087,4.0,24,25,1,0,24,25,15128,0,0,0,0,0
2020-05-31,US,Indiana,Unassigned,0,167,0,0.0,0.0,90018.0,0.0,0.0,-167,0,167,0,-167,0,,0,0,0,0,0
2020-05-31,US,Indiana,Union,9,0,0,39.62550777,-84.92497066,18161.0,127.58718457612702,0.0,9,9,0,0,9,8,7037,0,0,0,0,1
2020-05-31,US,Indiana,Vanderburgh,274,2,0,38.02658833,-87.58763124,18163.0,151.00495450562408,0.7299270072992701,272,266,2,0,264,265,180974,8,0,0,8,1
2020-05-31,US,Indiana,Vermillion,10,0,0,39.8523352,-87.46160542,18165.0,64.5244547683572,0.0,10,10,0,0,10,10,15479,0,0,0,0,0
2020-05-31,US,Indiana,Vigo,169,8,0,39.42944561,-87.39169027,18167.0,157.88785291204994,4.733727810650888,161,168,8,0,160,164,107386,1,0,0,1,4
2020-05-31,US,Indiana,Wabash,78,2,0,40.84704239,-85.79328272,18169.0,251.64537359659315,2.5641025641025643,76,77,2,0,75,76,31280,1,0,0,1,1
2020-05-31,US,Indiana,Warren,12,1,0,40.34728141,-87.35602659,18171.0,145.19056261343013,8.333333333333334,11,12,1,0,11,12,8263,0,0,0,0,0
2020-05-31,US,Indiana,Warrick,166,28,0,38.08922676,-87.2716085,18173.0,263.5004285850345,16.867469879518072,138,166,28,0,138,166,62567,0,0,0,0,0
2020-05-31,US,Indiana,Washington,52,1,0,38.60219804,-86.1049363,18175.0,185.47581680696248,1.9230769230769231,51,52,1,0,51,52,27943,0,0,0,0,0
2020-05-31,US,Indiana,Wayne,82,5,0,39.863344399999995,-85.01044989,18177.0,124.46117418493108,6.097560975609755,77,78,5,0,73,77,65936,4,0,0,4,1
2020-05-31,US,Indiana,Wells,32,0,0,40.72934187,-85.22132966,18179.0,113.09018942606727,0.0,32,31,0,0,31,28,28206,1,0,0,1,3
2020-05-31,US,Indiana,White,235,8,0,40.74911165,-86.86492015,18181.0,975.0228196830137,3.404255319148936,227,233,8,0,225,231,24133,2,0,0,2,2
2020-05-31,US,Indiana,Whitley,42,3,0,41.13863784,-85.50791236,18183.0,123.6603462489695,7.142857142857142,39,41,3,0,38,39,34074,1,0,0,1,2
2020-05-31,US,Iowa,Adair,9,0,0,41.33075609,-94.47105874,19001.0,125.83892617449663,0.0,9,9,0,0,9,9,7063,0,0,0,0,0
2020-05-31,US,Iowa,Adams,7,0,0,41.02903567,-94.69932645,19003.0,194.3364797334814,0.0,7,7,0,0,7,7,3645,0,0,0,0,0
2020-05-31,US,Iowa,Allamakee,121,4,0,43.28383218,-91.37860922,19005.0,884.050558924527,3.3057851239669422,117,120,4,0,116,120,13832,1,0,0,1,0
2020-05-31,US,Iowa,Appanoose,15,3,0,40.74324454,-92.86865906,19007.0,120.7146306132303,20.0,12,15,3,0,12,14,12437,0,0,0,0,1
2020-05-31,US,Iowa,Audubon,12,1,0,41.6844628,-94.90581859,19009.0,218.34061135371175,8.333333333333334,11,12,1,0,11,12,5506,0,0,0,0,0
2020-05-31,US,Iowa,Benton,43,1,0,42.08011739,-92.06463573,19011.0,167.67401052836814,2.3255813953488373,42,41,1,0,40,40,25642,2,0,0,2,1
2020-05-31,US,Iowa,Black Hawk,1746,44,0,42.4704581,-92.30524729,19013.0,1330.5087328923705,2.520045819014891,1702,1739,44,0,1695,1730,132408,7,0,0,7,9
2020-05-31,US,Iowa,Boone,62,0,0,42.03657094,-93.9313999,19015.0,236.33452771212933,0.0,62,61,0,0,61,58,26346,1,0,0,1,3
2020-05-31,US,Iowa,Bremer,70,6,0,42.77461496,-92.31795937,19017.0,279.3073178517277,8.571428571428571,64,69,6,0,63,69,24947,1,0,0,1,0
2020-05-31,US,Iowa,Buchanan,33,0,0,42.4709188,-91.83510825,19019.0,155.84415584415584,0.0,33,33,0,0,33,32,21199,0,0,0,0,1
2020-05-31,US,Iowa,Buena Vista,783,0,0,42.73545875,-95.15100162,19021.0,3990.8256880733934,0.0,783,735,0,0,735,721,19874,48,0,0,48,14
2020-05-31,US,Iowa,Butler,16,1,0,42.73172833,-92.79015971,19023.0,110.81099799155065,6.25,15,15,1,0,14,15,14539,1,0,0,1,0
2020-05-31,US,Iowa,Calhoun,2,0,0,42.38521079,-94.64046046,19025.0,20.68680182043856,0.0,2,2,0,0,2,2,9699,0,0,0,0,0
2020-05-31,US,Iowa,Carroll,10,0,0,42.03617207,-94.86032705,19027.0,49.59087527894867,0.0,10,9,0,0,9,9,20154,1,0,0,1,0
2020-05-31,US,Iowa,Cass,12,0,0,41.33149454,-94.92792482,19029.0,93.48706762231224,0.0,12,12,0,0,12,12,12930,0,0,0,0,0
2020-05-31,US,Iowa,Cedar,47,1,0,41.77233777,-91.13246684,19031.0,252.32189831964357,2.127659574468085,46,46,1,0,45,46,18627,1,0,0,1,0
2020-05-31,US,Iowa,Cerro Gordo,29,1,0,43.08177563,-93.2612239,19033.0,68.31566548881037,3.4482758620689653,28,28,1,0,27,27,42647,1,0,0,1,1
2020-05-31,US,Iowa,Cherokee,28,0,0,42.73538914,-95.62389402,19035.0,249.2211838006231,0.0,28,28,0,0,28,27,11321,0,0,0,0,1
2020-05-31,US,Iowa,Chickasaw,10,0,0,43.06001295,-92.31773347,19037.0,83.80122349786306,0.0,10,10,0,0,10,10,11964,0,0,0,0,0
2020-05-31,US,Iowa,Clarke,55,0,0,41.02868181,-93.78499767,19039.0,585.4177754124536,0.0,55,53,0,0,53,50,9423,2,0,0,2,3
2020-05-31,US,Iowa,Clay,16,0,0,43.08247182,-95.15096481,19041.0,99.9000999000999,0.0,16,15,0,0,15,13,16134,1,0,0,1,2
2020-05-31,US,Iowa,Clayton,35,3,0,42.84443388,-91.34133693,19043.0,199.44156362185882,8.571428571428571,32,34,3,0,31,33,17556,1,0,0,1,1
2020-05-31,US,Iowa,Clinton,61,1,0,41.89981633,-90.53275096,19045.0,131.3834026147451,1.639344262295082,60,61,1,0,60,60,46518,0,0,0,0,1
2020-05-31,US,Iowa,Crawford,516,2,0,42.03718237,-95.3819718,19047.0,3067.7764565992866,0.3875968992248062,514,514,2,0,512,501,17158,2,0,0,2,13
2020-05-31,US,Iowa,Dallas,904,21,0,41.68560356,-94.04127625,19049.0,967.3311718189892,2.3230088495575223,883,892,20,0,872,886,90180,12,1,0,11,6
2020-05-31,US,Iowa,Davis,22,0,0,40.74773536,-92.41005468,19051.0,244.44444444444446,0.0,22,21,0,0,21,20,9017,1,0,0,1,1
2020-05-31,US,Iowa,Decatur,1,0,0,40.73742757,-93.78645949,19053.0,12.706480304955528,0.0,1,1,0,0,1,1,7890,0,0,0,0,0
2020-05-31,US,Iowa,Delaware,15,0,0,42.47104597,-91.3664492,19055.0,88.17823761095761,0.0,15,15,0,0,15,15,17069,0,0,0,0,0
2020-05-31,US,Iowa,Des Moines,63,1,0,40.92012606,-91.18326592,19057.0,161.67526368465624,1.5873015873015872,62,62,1,0,61,62,39138,1,0,0,1,0
2020-05-31,US,Iowa,Dickinson,21,0,0,43.37787725,-95.1510206,19059.0,121.68269787924443,0.0,21,20,0,0,20,19,17153,1,0,0,1,1
2020-05-31,US,Iowa,Dubuque,344,18,0,42.46815349,-90.88181925,19061.0,353.50577015959135,5.232558139534883,326,345,18,0,327,341,96854,-1,0,0,-1,4
2020-05-31,US,Iowa,Emmet,15,0,0,43.37782951,-94.67858943,19063.0,162.9018245004344,0.0,15,14,0,0,14,13,9253,1,0,0,1,1
2020-05-31,US,Iowa,Fayette,27,0,0,42.86271799,-91.84412309999999,19065.0,137.40458015267177,0.0,27,27,0,0,27,26,19660,0,0,0,0,1
2020-05-31,US,Iowa,Floyd,19,1,0,43.06000529999999,-92.78940097,19067.0,121.4678429868303,5.2631578947368425,18,19,1,0,18,19,15761,0,0,0,0,0
2020-05-31,US,Iowa,Franklin,13,0,0,42.73270384,-93.26256925,19069.0,129.09632571996028,0.0,13,13,0,0,13,12,10124,0,0,0,0,1
2020-05-31,US,Iowa,Fremont,4,0,0,40.74542720000001,-95.60129045,19071.0,57.4712643678161,0.0,4,4,0,0,4,4,6993,0,0,0,0,0
2020-05-31,US,Iowa,Greene,13,0,0,42.03614551,-94.39658081,19073.0,146.26462646264628,0.0,13,13,0,0,13,13,8981,0,0,0,0,0
2020-05-31,US,Iowa,Grundy,20,0,0,42.40183723,-92.78829551,19075.0,163.50555918901242,0.0,20,20,0,0,20,20,12304,0,0,0,0,0
2020-05-31,US,Iowa,Guthrie,50,3,0,41.68378965,-94.50111014,19077.0,467.77060529516325,6.0,47,50,3,0,47,50,10720,0,0,0,0,0
2020-05-31,US,Iowa,Hamilton,37,0,0,42.38382428,-93.70197703,19079.0,250.45691464157585,0.0,37,35,0,0,35,30,14952,2,0,0,2,5
2020-05-31,US,Iowa,Hancock,16,0,0,43.08178477,-93.73454884,19081.0,150.51740357478837,0.0,16,16,0,0,16,16,10712,0,0,0,0,0
2020-05-31,US,Iowa,Hardin,17,0,0,42.38353877,-93.23654611,19083.0,100.91416359966757,0.0,17,16,0,0,16,16,16868,1,0,0,1,0
2020-05-31,US,Iowa,Harrison,23,0,0,41.68330137,-95.81558439,19085.0,163.71271976653142,0.0,23,22,0,0,22,21,14134,1,0,0,1,1
2020-05-31,US,Iowa,Henry,71,1,0,40.98767962,-91.54436349,19087.0,355.81838227924226,1.4084507042253518,70,71,1,0,70,70,20067,0,0,0,0,1
2020-05-31,US,Iowa,Howard,12,0,0,43.35671042,-92.31702714,19089.0,131.03297663245252,0.0,12,12,0,0,12,12,9187,0,0,0,0,0
2020-05-31,US,Iowa,Humboldt,18,0,0,42.7764426,-94.20722537,19091.0,188.32391713747646,0.0,18,17,0,0,17,16,9547,1,0,0,1,1
2020-05-31,US,Iowa,Ida,14,0,0,42.38696136,-95.51355387,19093.0,204.08163265306126,0.0,14,14,0,0,14,14,6841,0,0,0,0,0
2020-05-31,US,Iowa,Iowa,33,0,0,41.68630265,-92.0643373,19095.0,203.90509144834405,0.0,33,33,0,0,33,34,16141,0,0,0,0,-1
2020-05-31,US,Iowa,Jackson,12,0,0,42.17178824,-90.57354837,19097.0,61.73157055404084,0.0,12,12,0,0,12,12,19432,0,0,0,0,0
2020-05-31,US,Iowa,Jasper,260,16,0,41.68576082,-93.05567785,19099.0,699.206669355923,6.153846153846153,244,261,16,0,245,260,37147,-1,0,0,-1,1
2020-05-31,US,Iowa,Jefferson,27,0,0,41.03192394,-91.94849466,19101.0,147.5813063678601,0.0,27,23,0,0,23,21,18381,4,0,0,4,2
2020-05-31,US,Iowa,Johnson,614,9,0,41.67169354,-91.58754744,19103.0,406.2458647611486,1.4657980456026058,605,614,9,0,605,610,151260,0,0,0,0,4
2020-05-31,US,Iowa,Jones,36,0,0,42.12118609,-91.13139641,19105.0,174.07282046322712,0.0,36,36,0,0,36,36,20744,0,0,0,0,0
2020-05-31,US,Iowa,Keokuk,15,0,0,41.33649833,-92.1785067,19107.0,146.3985945734921,0.0,15,15,0,0,15,14,10225,0,0,0,0,1
2020-05-31,US,Iowa,Kossuth,9,0,0,43.20405458,-94.20691791,19109.0,60.75744278674138,0.0,9,9,0,0,9,9,14908,0,0,0,0,0
2020-05-31,US,Iowa,Lee,27,0,0,40.64181461,-91.48183025,19111.0,80.22105356983687,0.0,27,25,0,0,25,25,34055,2,0,0,2,0
2020-05-31,US,Iowa,Linn,955,77,0,42.07923082,-91.59809485,19113.0,421.25043007242857,8.062827225130889,878,949,76,0,873,945,225909,6,1,0,5,4
2020-05-31,US,Iowa,Louisa,344,11,0,41.21842119,-91.26102611,19115.0,3117.3538740371546,3.197674418604651,333,343,11,0,332,341,11169,1,0,0,1,2
2020-05-31,US,Iowa,Lucas,17,0,0,41.02958964,-93.32780803,19117.0,197.67441860465115,0.0,17,17,0,0,17,13,8645,0,0,0,0,4
2020-05-31,US,Iowa,Lyon,24,0,0,43.38107862,-96.20926845,19119.0,204.16843896214374,0.0,24,21,0,0,21,20,11811,3,0,0,3,1
2020-05-31,US,Iowa,Madison,28,2,0,41.33081904,-94.01554631,19121.0,171.37960582690658,7.142857142857142,26,28,2,0,26,27,16249,0,0,0,0,1
2020-05-31,US,Iowa,Mahaska,94,10,0,41.33521503,-92.64083907,19123.0,425.43561891830734,10.638297872340424,84,93,10,0,83,92,22000,1,0,0,1,1
2020-05-31,US,Iowa,Marion,32,0,0,41.33445101,-93.09934783,19125.0,96.23191892460831,0.0,32,32,0,0,32,32,33407,0,0,0,0,0
2020-05-31,US,Iowa,Marshall,894,16,0,42.03586837,-92.99908190000001,19127.0,2270.8222205288425,1.7897091722595078,878,892,16,0,876,891,39981,2,0,0,2,1
2020-05-31,US,Iowa,Mills,19,0,0,41.03299766,-95.61920963,19129.0,125.75286253226555,0.0,19,19,0,0,19,16,15063,0,0,0,0,3
2020-05-31,US,Iowa,Mitchell,4,0,0,43.35638371,-92.78887719,19131.0,37.78575477045154,0.0,4,4,0,0,4,5,10569,0,0,0,0,-1
2020-05-31,US,Iowa,Monona,24,0,0,42.05220391,-95.95743843,19133.0,278.5838653511317,0.0,24,24,0,0,24,24,8679,0,0,0,0,0
2020-05-31,US,Iowa,Monroe,38,5,0,41.02988815,-92.8690667,19135.0,493.0582587258336,13.157894736842106,33,38,5,0,33,38,7790,0,0,0,0,0
2020-05-31,US,Iowa,Montgomery,7,0,0,41.03018714,-95.15642896,19137.0,70.58586266007866,0.0,7,7,0,0,7,6,10003,0,0,0,0,1
2020-05-31,US,Iowa,Muscatine,557,41,0,41.48370744,-91.11216970000001,19139.0,1305.550346896681,7.360861759425495,516,556,41,0,515,554,42929,1,0,0,1,2
2020-05-31,US,Iowa,O'Brien,31,0,0,43.08310673,-95.62474482,19141.0,225.40536610194138,0.0,31,27,0,0,27,28,13840,4,0,0,4,-1
2020-05-31,US,Iowa,Osceola,33,0,0,43.37824276,-95.62422844,19143.0,553.8771399798592,0.0,33,33,0,0,33,32,6040,0,0,0,0,1
2020-05-31,US,Iowa,Page,13,0,0,40.7393172,-95.1497813,19145.0,86.05282319454557,0.0,13,13,0,0,13,11,15249,0,0,0,0,2
2020-05-31,US,Iowa,Palo Alto,6,0,0,43.08193849,-94.67824621,19147.0,67.5219446320054,0.0,6,6,0,0,6,6,8929,0,0,0,0,0
2020-05-31,US,Iowa,Plymouth,132,2,0,42.737633,-96.21366621,19149.0,524.2880406720418,1.5151515151515151,130,129,2,0,127,127,25095,3,0,0,3,2
2020-05-31,US,Iowa,Pocahontas,12,0,0,42.73420133,-94.67862564,19151.0,181.2962683184771,0.0,12,11,0,0,11,11,6740,1,0,0,1,0
2020-05-31,US,Iowa,Polk,4227,126,0,41.68679484,-93.57767461,19153.0,862.3697111765317,2.9808374733853795,4101,4160,125,0,4035,4056,487204,67,1,0,66,104
2020-05-31,US,Iowa,Pottawattamie,263,8,0,41.33640314,-95.53907776,19155.0,282.1706757075725,3.041825095057034,255,257,8,0,249,244,93533,6,0,0,6,13
2020-05-31,US,Iowa,Poweshiek,90,8,0,41.68625425,-92.53155731,19157.0,486.3813229571985,8.888888888888891,82,90,8,0,82,89,18699,0,0,0,0,1
2020-05-31,US,Iowa,Ringgold,4,0,0,40.73518949,-94.24368535,19159.0,81.73273395995095,0.0,4,4,0,0,4,4,4968,0,0,0,0,0
2020-05-31,US,Iowa,Sac,19,0,0,42.38624071,-95.10547892,19161.0,195.45314268079414,0.0,19,18,0,0,18,18,9719,1,0,0,1,0
2020-05-31,US,Iowa,Scott,359,10,0,41.63935978,-90.61959493,19163.0,207.58284521489742,2.7855153203342615,349,358,10,0,348,357,173283,1,0,0,1,1
2020-05-31,US,Iowa,Shelby,37,0,0,41.6850066,-95.31015553,19165.0,323.031255456609,0.0,37,37,0,0,37,35,11578,0,0,0,0,2
2020-05-31,US,Iowa,Sioux,275,0,0,43.08221074,-96.17675679999999,19167.0,788.9829292784392,0.0,275,219,0,0,219,214,34909,56,0,0,56,5
2020-05-31,US,Iowa,Story,115,1,0,42.03621213,-93.46499005,19169.0,118.41387192767486,0.8695652173913043,114,109,1,0,108,105,98105,6,0,0,6,4
2020-05-31,US,Iowa,Tama,403,27,0,42.07991767,-92.53266945,19171.0,2391.123768838258,6.6997518610421825,376,402,27,0,375,401,16904,1,0,0,1,1
2020-05-31,US,Iowa,Taylor,56,0,0,40.73710579,-94.69778563,19173.0,914.8831890214017,0.0,56,54,0,0,54,51,6191,2,0,0,2,3
2020-05-31,US,Iowa,Unassigned,1,0,0,0.0,0.0,90019.0,0.0,0.0,1,6,0,0,6,1,,-5,0,0,-5,5
2020-05-31,US,Iowa,Union,8,0,0,41.0277278,-94.24234847,19175.0,65.35413773384528,0.0,8,7,0,0,7,7,12359,1,0,0,1,0
2020-05-31,US,Iowa,Van Buren,9,0,0,40.75326764,-91.95017958,19177.0,127.76831345826237,0.0,9,9,0,0,9,9,7020,0,0,0,0,0
2020-05-31,US,Iowa,Wapello,593,10,0,41.03064984,-92.40954728,19179.0,1695.7876976750836,1.6863406408094437,583,558,9,0,549,556,35205,35,1,0,34,2
2020-05-31,US,Iowa,Warren,132,0,0,41.33559454,-93.56007641,19181.0,256.4800062176971,0.0,132,126,0,0,126,121,51056,6,0,0,6,5
2020-05-31,US,Iowa,Washington,189,8,0,41.33577126,-91.71725711,19183.0,860.4598224447984,4.232804232804233,181,188,8,0,180,187,22141,1,0,0,1,1
2020-05-31,US,Iowa,Wayne,1,0,0,40.73969028,-93.32752197,19185.0,15.525539512498062,0.0,1,1,0,0,1,1,6401,0,0,0,0,0
2020-05-31,US,Iowa,Webster,40,1,0,42.42853483,-94.17987389,19187.0,111.40819964349377,2.5,39,39,1,0,38,37,36277,1,0,0,1,2
2020-05-31,US,Iowa,Winnebago,11,0,0,43.37751174,-93.73407298,19189.0,106.23913463395789,0.0,11,11,0,0,11,11,10518,0,0,0,0,0
2020-05-31,US,Iowa,Winneshiek,24,0,0,43.29094334,-91.84422722,19191.0,120.05402431093992,0.0,24,24,0,0,24,23,20029,0,0,0,0,1
2020-05-31,US,Iowa,Woodbury,2750,34,0,42.38979414,-96.0459439,19193.0,2667.1322024692795,1.2363636363636363,2716,2740,34,0,2706,2721,102539,10,0,0,10,19
2020-05-31,US,Iowa,Worth,3,0,0,43.37750768,-93.26087602,19195.0,40.64489906516732,0.0,3,3,0,0,3,3,7453,0,0,0,0,0
2020-05-31,US,Iowa,Wright,169,0,0,42.73305373,-93.73515113,19197.0,1345.3271772010823,0.0,169,167,0,0,167,153,12690,2,0,0,2,14
2020-05-31,US,Kansas,Allen,1,0,0,37.88582951,-95.30030847,20001.0,8.084727948904519,0.0,1,1,0,0,1,1,12444,0,0,0,0,0
2020-05-31,US,Kansas,Anderson,1,0,0,38.21413251,-95.29272815,20003.0,12.725884448969204,0.0,1,1,0,0,1,1,7878,0,0,0,0,0
2020-05-31,US,Kansas,Atchison,22,0,0,39.53185661,-95.30870026,20005.0,136.8755055061283,0.0,22,22,0,0,22,22,16193,0,0,0,0,0
2020-05-31,US,Kansas,Barber,1,0,0,37.2288586,-98.68460053,20007.0,22.588660492432798,0.0,1,1,0,0,1,1,4472,0,0,0,0,0
2020-05-31,US,Kansas,Barton,45,1,0,38.47889676,-98.75636726,20009.0,174.56068893285232,2.2222222222222223,44,45,1,0,44,45,26111,0,0,0,0,0
2020-05-31,US,Kansas,Bourbon,7,1,0,37.85508555,-94.84865997,20011.0,48.16292830604101,14.285714285714285,6,7,1,0,6,7,14653,0,0,0,0,0
2020-05-31,US,Kansas,Brown,6,0,0,39.82652589,-95.56421698,20013.0,62.73525721455458,0.0,6,6,0,0,6,6,9598,0,0,0,0,0
2020-05-31,US,Kansas,Butler,31,0,0,37.78134351,-96.83878537,20015.0,46.330199817668245,0.0,31,31,0,0,31,31,66765,0,0,0,0,0
2020-05-31,US,Kansas,Chase,4,0,0,38.30292938,-96.59563862,20017.0,151.0574018126888,0.0,4,4,0,0,4,4,2629,0,0,0,0,0
2020-05-31,US,Kansas,Chautauqua,4,0,0,37.14994405,-96.2454192,20019.0,123.07692307692308,0.0,4,4,0,0,4,4,3309,0,0,0,0,0
2020-05-31,US,Kansas,Cherokee,10,0,0,37.16928494,-94.8462897,20021.0,50.15296654797132,0.0,10,10,0,0,10,9,20015,0,0,0,0,1
2020-05-31,US,Kansas,Cheyenne,2,0,0,39.78580976,-101.7318201,20023.0,75.27286413248024,0.0,2,2,0,0,2,2,2660,0,0,0,0,0
2020-05-31,US,Kansas,Clark,33,1,0,37.23577007,-99.81883015,20025.0,1654.964894684052,3.0303030303030303,32,33,1,0,32,33,2005,0,0,0,0,0
2020-05-31,US,Kansas,Clay,5,2,0,39.34948772,-97.16518128,20027.0,62.48437890527367,40.0,3,5,2,0,3,5,7997,0,0,0,0,0
2020-05-31,US,Kansas,Cloud,5,0,0,39.48028352,-97.64925343,20029.0,56.908718415661276,0.0,5,5,0,0,5,5,8729,0,0,0,0,0
2020-05-31,US,Kansas,Coffey,50,8,0,38.2365018,-95.73379515,20031.0,611.321677466683,16.0,42,50,8,0,42,50,8233,0,0,0,0,0
2020-05-31,US,Kansas,Comanche,2,0,0,37.19114520000001,-99.27113247,20033.0,117.64705882352942,0.0,2,2,0,0,2,2,1748,0,0,0,0,0
2020-05-31,US,Kansas,Cowley,5,1,0,37.23781842,-96.83776647,20035.0,14.32336427180016,20.0,4,5,1,0,4,5,35218,0,0,0,0,0
2020-05-31,US,Kansas,Crawford,8,1,0,37.50675523,-94.85245778,20037.0,20.608995826678342,12.5,7,8,1,0,7,8,39019,0,0,0,0,0
2020-05-31,US,Kansas,Dickinson,3,0,0,38.86600962,-97.15532383,20041.0,16.246073865482508,0.0,3,3,0,0,3,3,18717,0,0,0,0,0
2020-05-31,US,Kansas,Doniphan,15,0,0,39.79067154,-95.14056866,20043.0,197.36842105263162,0.0,15,15,0,0,15,15,7682,0,0,0,0,0
2020-05-31,US,Kansas,Douglas,66,0,0,38.88503636,-95.2925121,20045.0,53.98375579711923,0.0,66,66,0,0,66,66,121436,0,0,0,0,0
2020-05-31,US,Kansas,Edwards,5,0,0,37.88735543,-99.31263309,20047.0,178.69907076483204,0.0,5,5,0,0,5,5,2849,0,0,0,0,0
2020-05-31,US,Kansas,Ellis,8,0,0,38.91458712,-99.31751551,20051.0,28.01807165621826,0.0,8,8,0,0,8,8,28710,0,0,0,0,0
2020-05-31,US,Kansas,Ellsworth,2,0,0,38.69677695,-98.20462799,20053.0,32.77613897082924,0.0,2,2,0,0,2,2,6196,0,0,0,0,0
2020-05-31,US,Kansas,Finney,1481,8,0,38.04340344,-100.73819379999999,20055.0,4061.2060218827983,0.5401755570560433,1473,1481,8,0,1473,1481,36611,0,0,0,0,0
2020-05-31,US,Kansas,Ford,1742,8,0,37.69200114,-99.88825298,20057.0,5181.593741634195,0.4592422502870264,1734,1732,8,0,1724,1732,33888,10,0,0,10,0
2020-05-31,US,Kansas,Franklin,34,0,0,38.56443815,-95.28644341,20059.0,133.10366426558096,0.0,34,34,0,0,34,34,25631,0,0,0,0,0
2020-05-31,US,Kansas,Geary,20,0,0,38.99871131,-96.7577178,20061.0,63.15124723713294,0.0,20,20,0,0,20,20,32594,0,0,0,0,0
2020-05-31,US,Kansas,Gove,1,0,0,38.91588178,-100.4829321,20063.0,37.93626707132018,0.0,1,1,0,0,1,1,2612,0,0,0,0,0
2020-05-31,US,Kansas,Grant,18,0,0,37.56227336,-101.3079758,20067.0,251.74825174825176,0.0,18,18,0,0,18,18,7336,0,0,0,0,0
2020-05-31,US,Kansas,Gray,22,0,0,37.73836671,-100.4369088,20069.0,367.4014696058785,0.0,22,22,0,0,22,22,6033,0,0,0,0,0
2020-05-31,US,Kansas,Greenwood,9,0,0,37.8774388,-96.23250453,20073.0,150.45135406218657,0.0,9,9,0,0,9,8,6055,0,0,0,0,1
2020-05-31,US,Kansas,Hamilton,17,0,0,37.99978709,-101.7921066,20075.0,669.5549428909019,0.0,17,17,0,0,17,17,2607,0,0,0,0,0
2020-05-31,US,Kansas,Harper,2,0,0,37.19175361,-98.07578384,20077.0,36.79175864606328,0.0,2,2,0,0,2,2,5506,0,0,0,0,0
2020-05-31,US,Kansas,Harvey,11,0,0,38.04293782,-97.42747573,20079.0,31.949809753405557,0.0,11,11,0,0,11,11,34210,0,0,0,0,0
2020-05-31,US,Kansas,Haskell,21,0,0,37.562039399999996,-100.8710738,20081.0,529.233870967742,0.0,21,21,0,0,21,21,3997,0,0,0,0,0
2020-05-31,US,Kansas,Hodgeman,5,0,0,38.08780079,-99.89829881,20083.0,278.70680044593087,0.0,5,5,0,0,5,4,1818,0,0,0,0,1
2020-05-31,US,Kansas,Jackson,96,1,0,39.41673394,-95.79356799,20085.0,728.8740414547111,1.0416666666666667,95,96,1,0,95,96,13280,0,0,0,0,0
2020-05-31,US,Kansas,Jefferson,22,0,0,39.2347941,-95.38289232,20087.0,115.52801554376936,0.0,22,22,0,0,22,22,18975,0,0,0,0,0
2020-05-31,US,Kansas,Jewell,4,0,0,39.78470589,-98.21820662,20089.0,138.9371309482459,0.0,4,4,0,0,4,4,2841,0,0,0,0,0
2020-05-31,US,Kansas,Johnson,812,62,0,38.88548175,-94.82250877,20091.0,134.79393294499843,7.635467980295568,750,812,62,0,750,801,597555,0,0,0,0,11
2020-05-31,US,Kansas,Kearny,45,1,0,38.00017981,-101.32168100000001,20093.0,1172.4856696195934,2.2222222222222223,44,45,1,0,44,45,3943,0,0,0,0,0
2020-05-31,US,Kansas,Kiowa,2,0,0,37.55848695,-99.2856537,20097.0,80.8080808080808,0.0,2,2,0,0,2,2,2516,0,0,0,0,0
2020-05-31,US,Kansas,Labette,22,0,0,37.19113093,-95.29849679,20099.0,112.141910490366,0.0,22,22,0,0,22,22,19964,0,0,0,0,0
2020-05-31,US,Kansas,Lane,3,0,0,38.48119447,-100.46607540000001,20101.0,195.4397394136808,0.0,3,3,0,0,3,3,1560,0,0,0,0,0
2020-05-31,US,Kansas,Leavenworth,1082,7,0,39.20183497,-95.03620809,20103.0,1323.4178918270995,0.6469500924214417,1075,1082,7,0,1075,1082,81352,0,0,0,0,0
2020-05-31,US,Kansas,Linn,11,0,0,38.21267844,-94.84254089,20107.0,113.36699989693909,0.0,11,11,0,0,11,11,9750,0,0,0,0,0
2020-05-31,US,Kansas,Lyon,354,3,0,38.45576156,-96.15275715,20111.0,1066.4256665160415,0.8474576271186439,351,354,3,0,351,354,33406,0,0,0,0,0
2020-05-31,US,Kansas,Marion,5,1,0,38.35855394,-97.09852509999999,20115.0,42.07337596768765,20.0,4,5,1,0,4,5,11950,0,0,0,0,0
2020-05-31,US,Kansas,McPherson,27,0,0,38.39184858,-97.64769869,20113.0,94.59743535841919,0.0,27,27,0,0,27,27,28537,0,0,0,0,0
2020-05-31,US,Kansas,Meade,29,0,0,37.23859987,-100.36483100000001,20119.0,719.0676915447557,0.0,29,29,0,0,29,29,4146,0,0,0,0,0
2020-05-31,US,Kansas,Miami,7,0,0,38.56383358,-94.83832189,20121.0,20.445716622367613,0.0,7,7,0,0,7,7,33680,0,0,0,0,0
2020-05-31,US,Kansas,Mitchell,4,0,0,39.39331582,-98.20906732,20123.0,66.9008195350393,0.0,4,4,0,0,4,4,6150,0,0,0,0,0
2020-05-31,US,Kansas,Montgomery,20,2,0,37.19236568,-95.74329258,20125.0,62.835778692387436,10.0,18,20,2,0,18,20,32120,0,0,0,0,0
2020-05-31,US,Kansas,Morris,5,0,0,38.68827511,-96.65128437,20127.0,88.96797153024912,0.0,5,5,0,0,5,5,5521,0,0,0,0,0
2020-05-31,US,Kansas,Morton,5,0,0,37.19141121,-101.79925190000002,20129.0,193.27406262079631,0.0,5,5,0,0,5,5,2667,0,0,0,0,0
2020-05-31,US,Kansas,Nemaha,16,0,0,39.78345387,-96.01392079,20131.0,156.38744990714494,0.0,16,16,0,0,16,16,10155,0,0,0,0,0
2020-05-31,US,Kansas,Neosho,2,0,0,37.55862897,-95.30670046,20133.0,12.494533641531827,0.0,2,2,0,0,2,2,15951,0,0,0,0,0
2020-05-31,US,Kansas,Ness,1,0,0,38.47974157,-99.91547333,20135.0,36.36363636363637,0.0,1,1,0,0,1,1,2840,0,0,0,0,0
2020-05-31,US,Kansas,Norton,2,0,0,39.78443827,-99.90286639,20137.0,37.30647267300878,0.0,2,2,0,0,2,2,5430,0,0,0,0,0
2020-05-31,US,Kansas,Osage,7,0,0,38.65235984,-95.72707998,20139.0,43.889899053232185,0.0,7,7,0,0,7,7,15941,0,0,0,0,0
2020-05-31,US,Kansas,Osborne,2,0,0,39.3503437,-98.76753828,20141.0,58.46243788365975,0.0,2,2,0,0,2,2,3475,0,0,0,0,0
2020-05-31,US,Kansas,Ottawa,4,0,0,39.13237408,-97.65020313,20143.0,70.12622720897616,0.0,4,4,0,0,4,4,5802,0,0,0,0,0
2020-05-31,US,Kansas,Phillips,2,0,0,39.78465501,-99.34668865,20147.0,38.211692777990066,0.0,2,2,0,0,2,2,5317,0,0,0,0,0
2020-05-31,US,Kansas,Pottawatomie,25,0,0,39.37925655,-96.34564657,20149.0,102.5304515441086,0.0,25,25,0,0,25,25,24277,0,0,0,0,0
2020-05-31,US,Kansas,Pratt,2,0,0,37.64780729,-98.73922153,20151.0,21.824530772588393,0.0,2,2,0,0,2,2,9378,0,0,0,0,0
2020-05-31,US,Kansas,Reno,43,0,0,37.95230263,-98.08607292,20155.0,69.3570760347108,0.0,43,43,0,0,43,43,62342,0,0,0,0,0
2020-05-31,US,Kansas,Republic,4,0,0,39.82799632,-97.65036709,20157.0,86.28127696289906,0.0,4,4,0,0,4,4,4664,0,0,0,0,0
2020-05-31,US,Kansas,Rice,4,0,0,38.34616184,-98.19992118,20159.0,41.94191045402118,0.0,4,4,0,0,4,4,9531,0,0,0,0,0
2020-05-31,US,Kansas,Riley,64,1,0,39.28935726,-96.73420026,20161.0,86.21618708912598,1.5625,63,64,1,0,63,64,73703,0,0,0,0,0
2020-05-31,US,Kansas,Rooks,6,0,0,39.35022773,-99.32484567,20163.0,121.95121951219512,0.0,6,6,0,0,6,6,5013,0,0,0,0,0
2020-05-31,US,Kansas,Saline,25,2,0,38.78369175,-97.65185177,20169.0,46.10504573620537,8.0,23,25,2,0,23,25,54401,0,0,0,0,0
2020-05-31,US,Kansas,Scott,14,0,0,38.48222076,-100.90665390000001,20171.0,290.2757619738752,0.0,14,14,0,0,14,14,4897,0,0,0,0,0
2020-05-31,US,Kansas,Sedgwick,580,21,0,37.6842718,-97.4608198,20173.0,112.39395243022855,3.6206896551724137,559,580,21,0,559,575,513607,0,0,0,0,5
2020-05-31,US,Kansas,Seward,883,2,0,37.19324632,-100.85072009999999,20175.0,4120.776554041441,0.2265005662514156,881,883,2,0,881,883,21780,0,0,0,0,0
2020-05-31,US,Kansas,Shawnee,300,7,0,39.04100763,-95.75572640000001,20177.0,169.61130742049468,2.333333333333333,293,300,7,0,293,294,177499,0,0,0,0,6
2020-05-31,US,Kansas,Sheridan,2,0,0,39.35018161,-100.44182590000001,20179.0,79.33359777865927,0.0,2,2,0,0,2,2,2533,0,0,0,0,0
2020-05-31,US,Kansas,Sherman,7,0,0,39.35147699,-101.71976240000001,20181.0,118.30319418624303,0.0,7,7,0,0,7,7,5899,0,0,0,0,0
2020-05-31,US,Kansas,Smith,2,0,0,39.78516566,-98.78566062,20183.0,55.81914596706671,0.0,2,2,0,0,2,2,3603,0,0,0,0,0
2020-05-31,US,Kansas,Stafford,1,0,0,38.03100851,-98.71762001,20185.0,24.06159769008662,0.0,1,1,0,0,1,1,4178,0,0,0,0,0
2020-05-31,US,Kansas,Stanton,9,0,0,37.56304714,-101.78435340000001,20187.0,448.65403788634103,0.0,9,9,0,0,9,9,1987,0,0,0,0,0
2020-05-31,US,Kansas,Stevens,30,0,0,37.1923008,-101.3118967,20189.0,546.9462169553327,0.0,30,30,0,0,30,29,5559,0,0,0,0,1
2020-05-31,US,Kansas,Sumner,8,1,0,37.23682549,-97.47721621,20191.0,35.032404974601505,12.5,7,8,1,0,7,8,22996,0,0,0,0,0
2020-05-31,US,Kansas,Trego,1,0,0,38.91467218,-99.87284448,20195.0,35.676061362825536,0.0,1,1,0,0,1,1,2793,0,0,0,0,0
2020-05-31,US,Kansas,Wabaunsee,31,0,0,38.95471985,-96.20350509,20197.0,447.2659067955562,0.0,31,31,0,0,31,31,6899,0,0,0,0,0
2020-05-31,US,Kansas,Wilson,1,0,0,37.55937174,-95.74323255,20205.0,11.730205278592374,0.0,1,1,0,0,1,1,8665,0,0,0,0,0
2020-05-31,US,Kansas,Woodson,6,0,0,37.8865336,-95.74006277,20207.0,191.20458891013385,0.0,6,6,0,0,6,6,3183,0,0,0,0,0
2020-05-31,US,Kansas,Wyandotte,1337,73,0,39.11727348,-94.76378225,20209.0,808.2017058677742,5.459985041136874,1264,1337,73,0,1264,1335,165324,0,0,0,0,2
2020-05-31,US,Kentucky,Adair,97,19,0,37.10459774,-85.28129668,21001.0,505.15571294656814,19.587628865979386,78,97,19,0,78,97,19215,0,0,0,0,0
2020-05-31,US,Kentucky,Allen,70,3,0,36.75197631,-86.19457544,21003.0,328.40722495894914,4.285714285714286,67,70,3,0,67,70,21122,0,0,0,0,0
2020-05-31,US,Kentucky,Anderson,18,1,0,38.00671029,-84.99171713,21005.0,79.13131401943113,5.5555555555555545,17,18,1,0,17,18,22663,0,0,0,0,0
2020-05-31,US,Kentucky,Ballard,12,0,0,37.05842757,-88.99427697,21007.0,152.1298174442191,0.0,12,12,0,0,12,10,7979,0,0,0,0,2
2020-05-31,US,Kentucky,Barren,45,1,0,36.96469836,-85.93338945,21009.0,101.69721349635022,2.2222222222222223,44,45,1,0,44,45,44176,0,0,0,0,0
2020-05-31,US,Kentucky,Bath,9,1,0,38.14735938,-83.74588932,21011.0,72.0,11.111111111111109,8,9,1,0,8,9,12383,0,0,0,0,0
2020-05-31,US,Kentucky,Bell,1,0,0,36.73355174,-83.67766671,21013.0,3.8414259373079287,0.0,1,1,0,0,1,1,26569,0,0,0,0,0
2020-05-31,US,Kentucky,Boone,436,17,0,38.97065142,-84.72615357,21015.0,326.3937236583047,3.8990825688073394,419,436,17,0,419,423,131533,0,0,0,0,13
2020-05-31,US,Kentucky,Bourbon,11,1,0,38.2054607,-84.21827874,21017.0,55.589246007681425,9.090909090909092,10,11,1,0,10,10,20184,0,0,0,0,1
2020-05-31,US,Kentucky,Boyd,39,3,0,38.36176608,-82.68652187,21019.0,83.47960101031723,7.6923076923076925,36,39,3,0,36,39,47240,0,0,0,0,0
2020-05-31,US,Kentucky,Boyle,25,0,0,37.62680923,-84.8633779,21021.0,83.166999334664,0.0,25,25,0,0,25,23,30100,0,0,0,0,2
2020-05-31,US,Kentucky,Bracken,12,0,0,38.69158994,-84.08532444,21023.0,144.52607491268216,0.0,12,12,0,0,12,11,8239,0,0,0,0,1
2020-05-31,US,Kentucky,Breathitt,3,0,0,37.52333168,-83.31959161,21025.0,23.752969121140147,0.0,3,3,0,0,3,3,12726,0,0,0,0,0
2020-05-31,US,Kentucky,Breckinridge,17,2,0,37.77377239,-86.42885017,21027.0,83.01997362894957,11.764705882352944,15,17,2,0,15,17,20388,0,0,0,0,0
2020-05-31,US,Kentucky,Bullitt,111,4,0,37.97162523,-85.68955617,21029.0,135.90283559429943,3.603603603603604,107,111,4,0,107,111,81069,0,0,0,0,0
2020-05-31,US,Kentucky,Butler,228,13,0,37.20946153,-86.68748787,21031.0,1770.3237829023992,5.701754385964912,215,228,13,0,215,228,12772,0,0,0,0,0
2020-05-31,US,Kentucky,Caldwell,12,0,0,37.14749129,-87.86948214,21033.0,94.13979759943516,0.0,12,12,0,0,12,12,12715,0,0,0,0,0
2020-05-31,US,Kentucky,Calloway,50,1,0,36.62093411,-88.2731593,21035.0,128.20184097843642,2.0,49,50,1,0,49,50,39135,0,0,0,0,0
2020-05-31,US,Kentucky,Campbell,173,11,0,38.94384345,-84.37875208,21037.0,184.8606599418704,6.3583815028901745,162,173,11,0,162,164,93152,0,0,0,0,9
2020-05-31,US,Kentucky,Carlisle,5,1,0,36.85372876,-88.96692220000001,21039.0,105.04201680672269,20.0,4,5,1,0,4,5,4771,0,0,0,0,0
2020-05-31,US,Kentucky,Carroll,12,0,0,38.66599534,-85.12601074,21041.0,112.87743391966889,0.0,12,12,0,0,12,11,10737,0,0,0,0,1
2020-05-31,US,Kentucky,Carter,11,0,0,38.31690743,-83.05092385,21043.0,41.04937119826846,0.0,11,11,0,0,11,9,27004,0,0,0,0,2
2020-05-31,US,Kentucky,Casey,3,0,0,37.32533118,-84.92726209,21045.0,18.565505291169007,0.0,3,3,0,0,3,3,15888,0,0,0,0,0
2020-05-31,US,Kentucky,Christian,110,3,0,36.89267803,-87.49055367,21047.0,156.1147301344006,2.727272727272727,107,110,3,0,107,109,71671,0,0,0,0,1
2020-05-31,US,Kentucky,Clark,41,0,0,37.9689263,-84.14615986,21049.0,113.06290158012301,0.0,41,41,0,0,41,39,36249,0,0,0,0,2
2020-05-31,US,Kentucky,Clay,7,0,0,37.16451126,-83.712575,21051.0,35.1741118536757,0.0,7,7,0,0,7,7,20105,0,0,0,0,0
2020-05-31,US,Kentucky,Clinton,3,0,0,36.72581156,-85.13377529,21053.0,29.35995302407516,0.0,3,3,0,0,3,3,10206,0,0,0,0,0
2020-05-31,US,Kentucky,Crittenden,6,1,0,37.35839237,-88.08826090000002,21055.0,68.1353622530093,16.666666666666668,5,6,1,0,5,6,8915,0,0,0,0,0
2020-05-31,US,Kentucky,Cumberland,5,0,0,36.78926125,-85.39050034,21057.0,75.59721802237678,0.0,5,5,0,0,5,5,6659,0,0,0,0,0
2020-05-31,US,Kentucky,Daviess,317,6,0,37.73028906,-87.09019479999998,21059.0,312.28142762853287,1.892744479495268,311,317,6,0,311,316,101104,0,0,0,0,1
2020-05-31,US,Kentucky,Edmonson,56,9,0,37.21218923,-86.23955613,21061.0,460.90534979423865,16.071428571428573,47,56,9,0,47,56,12274,0,0,0,0,0
2020-05-31,US,Kentucky,Elliott,1,0,0,38.11624059,-83.09771563,21063.0,13.303179459890915,0.0,1,1,0,0,1,1,7508,0,0,0,0,0
2020-05-31,US,Kentucky,Fayette,714,13,0,38.0368225,-84.45576892,21067.0,220.9486557409516,1.8207282913165264,701,714,13,0,701,702,323780,0,0,0,0,12
2020-05-31,US,Kentucky,Fleming,3,0,0,38.36758311,-83.69657514,21069.0,20.574720526712845,0.0,3,3,0,0,3,3,14432,0,0,0,0,0
2020-05-31,US,Kentucky,Floyd,16,0,0,37.56213922,-82.74750924,21071.0,44.957711652476895,0.0,16,16,0,0,16,16,35845,0,0,0,0,0
2020-05-31,US,Kentucky,Franklin,38,0,0,38.2379395,-84.87962551,21073.0,74.52295503128003,0.0,38,38,0,0,38,35,50815,0,0,0,0,3
2020-05-31,US,Kentucky,Fulton,7,0,0,36.55238827,-89.20140068,21075.0,117.27257497068186,0.0,7,7,0,0,7,6,6120,0,0,0,0,1
2020-05-31,US,Kentucky,Gallatin,36,3,0,38.75398691,-84.8558382,21077.0,405.90821964144766,8.333333333333334,33,36,3,0,33,33,8832,0,0,0,0,3
2020-05-31,US,Kentucky,Garrard,5,0,0,37.638866799999995,-84.53289319,21079.0,28.302954828484093,0.0,5,5,0,0,5,5,17560,0,0,0,0,0
2020-05-31,US,Kentucky,Grant,42,4,0,38.64962758,-84.62415957,21081.0,167.5375962343931,9.523809523809524,38,42,4,0,38,41,25121,0,0,0,0,1
2020-05-31,US,Kentucky,Graves,165,19,0,36.72292505,-88.65143315,21083.0,442.7628401223637,11.515151515151516,146,165,19,0,146,162,37317,0,0,0,0,3
2020-05-31,US,Kentucky,Grayson,124,8,0,37.46231118,-86.34248968,21085.0,469.2170885836455,6.451612903225807,116,124,8,0,116,124,26321,0,0,0,0,0
2020-05-31,US,Kentucky,Green,1,0,0,37.26484328,-85.5540745,21087.0,9.139932364500504,0.0,1,1,0,0,1,1,11049,0,0,0,0,0
2020-05-31,US,Kentucky,Greenup,14,0,0,38.54332505,-82.9215658,21089.0,39.88831272437176,0.0,14,14,0,0,14,14,35268,0,0,0,0,0
2020-05-31,US,Kentucky,Hancock,7,0,0,37.83766422,-86.78280584,21091.0,80.25682182985555,0.0,7,7,0,0,7,7,8758,0,0,0,0,0
2020-05-31,US,Kentucky,Hardin,102,2,0,37.6976111,-85.96319251,21093.0,91.92667495809224,1.96078431372549,100,102,2,0,100,100,110356,0,0,0,0,2
2020-05-31,US,Kentucky,Harlan,1,0,0,36.85699301,-83.21899516,21095.0,3.8446751249519417,0.0,1,1,0,0,1,1,26409,0,0,0,0,0
2020-05-31,US,Kentucky,Harrison,18,0,0,38.44188174,-84.32869741,21097.0,95.3086942708885,0.0,18,18,0,0,18,18,18778,0,0,0,0,0
2020-05-31,US,Kentucky,Hart,22,0,0,37.29943898,-85.88461055,21099.0,115.57656947727871,0.0,22,22,0,0,22,21,18906,0,0,0,0,1
2020-05-31,US,Kentucky,Henderson,110,3,0,37.79344553,-87.57392021,21101.0,243.30900243309003,2.727272727272727,107,110,3,0,107,106,45591,0,0,0,0,4
2020-05-31,US,Kentucky,Henry,22,0,0,38.44942688,-85.11587507,21103.0,136.4256480218281,0.0,22,22,0,0,22,19,16106,0,0,0,0,3
2020-05-31,US,Kentucky,Hickman,5,0,0,36.67948079999999,-88.97875928,21105.0,114.15525114155253,0.0,5,5,0,0,5,5,4421,0,0,0,0,0
2020-05-31,US,Kentucky,Hopkins,221,30,0,37.30939025,-87.54670406,21107.0,494.5620552298259,13.574660633484163,191,221,30,0,191,221,45068,0,0,0,0,0
2020-05-31,US,Kentucky,Jackson,61,13,0,37.41866422,-83.99825483,21109.0,457.6487358391477,21.311475409836067,48,61,13,0,48,61,13442,0,0,0,0,0
2020-05-31,US,Kentucky,Jefferson,2437,153,0,38.18664655,-85.65931031,21111.0,317.83211630281824,6.2782109150595,2284,2437,153,0,2284,2329,770517,0,0,0,0,108
2020-05-31,US,Kentucky,Jessamine,62,0,0,37.87119786,-84.58252003,21113.0,114.57082139887275,0.0,62,62,0,0,62,57,53920,0,0,0,0,5
2020-05-31,US,Kentucky,Johnson,5,0,0,37.85106355,-82.8264322,21115.0,22.534703443302693,0.0,5,5,0,0,5,5,22386,0,0,0,0,0
2020-05-31,US,Kentucky,Kenton,585,33,0,38.93950319,-84.53241199,21117.0,350.30359645025686,5.641025641025642,552,585,33,0,552,566,166051,0,0,0,0,19
2020-05-31,US,Kentucky,Knott,4,0,0,37.35388197,-82.94981134,21119.0,27.016074564365802,0.0,4,4,0,0,4,4,15126,0,0,0,0,0
2020-05-31,US,Kentucky,Knox,8,0,0,36.89225732,-83.85403396,21121.0,25.686305988120083,0.0,8,8,0,0,8,8,31304,0,0,0,0,0
2020-05-31,US,Kentucky,Larue,8,0,0,37.54567114,-85.70138352,21123.0,55.563272676760654,0.0,8,8,0,0,8,7,14307,0,0,0,0,1
2020-05-31,US,Kentucky,Laurel,21,2,0,37.10975748,-84.11321779,21125.0,34.532090178086925,9.523809523809524,19,21,2,0,19,21,60669,0,0,0,0,0
2020-05-31,US,Kentucky,Lawrence,2,0,0,38.07136018,-82.72882223,21127.0,13.057387216817913,0.0,2,2,0,0,2,2,15571,0,0,0,0,0
2020-05-31,US,Kentucky,Lee,1,0,0,37.59645942,-83.71513901,21129.0,13.508037282182901,0.0,1,1,0,0,1,1,7033,0,0,0,0,0
2020-05-31,US,Kentucky,Leslie,6,0,0,37.09246661,-83.37999606,21131.0,60.74719044244203,0.0,6,6,0,0,6,6,10143,0,0,0,0,0
2020-05-31,US,Kentucky,Letcher,4,0,0,37.12306748,-82.85346474,21133.0,18.558901313042266,0.0,4,4,0,0,4,4,21899,0,0,0,0,0
2020-05-31,US,Kentucky,Lewis,7,0,0,38.53184419,-83.37735618,21135.0,52.730696798493405,0.0,7,7,0,0,7,7,13257,0,0,0,0,0
2020-05-31,US,Kentucky,Lincoln,8,1,0,37.45475628,-84.6565327,21137.0,32.58788545358263,12.5,7,8,1,0,7,8,24644,0,0,0,0,0
2020-05-31,US,Kentucky,Livingston,9,0,0,37.21137452,-88.34797529,21139.0,97.88992821405265,0.0,9,9,0,0,9,9,9242,0,0,0,0,0
2020-05-31,US,Kentucky,Logan,145,3,0,36.85949479,-86.877635,21141.0,535.01586598775,2.0689655172413794,142,145,3,0,142,139,26989,0,0,0,0,6
2020-05-31,US,Kentucky,Lyon,15,3,0,37.02080035,-88.07886257,21143.0,182.70401948842877,20.0,12,15,3,0,12,14,8009,0,0,0,0,1
2020-05-31,US,Kentucky,Madison,55,1,0,37.71659336,-84.27220275,21151.0,59.148052953638675,1.818181818181818,54,55,1,0,54,50,92368,0,0,0,0,5
2020-05-31,US,Kentucky,Magoffin,2,0,0,37.70820545,-83.0657714,21153.0,16.446015952635474,0.0,2,2,0,0,2,2,12362,0,0,0,0,0
2020-05-31,US,Kentucky,Marion,21,0,0,37.55218078,-85.26898542,21155.0,108.96072225393036,0.0,21,21,0,0,21,20,19404,0,0,0,0,1
2020-05-31,US,Kentucky,Marshall,38,2,0,36.88007070000001,-88.32803576,21157.0,122.18649517684887,5.2631578947368425,36,38,2,0,36,38,31191,0,0,0,0,0
2020-05-31,US,Kentucky,Martin,3,0,0,37.79990579,-82.51247478,21159.0,26.797677534613662,0.0,3,3,0,0,3,3,11323,0,0,0,0,0
2020-05-31,US,Kentucky,Mason,9,0,0,38.59471935,-83.82151043,21161.0,52.72407732864674,0.0,9,9,0,0,9,9,17150,0,0,0,0,0
2020-05-31,US,Kentucky,McCracken,95,2,0,37.05350953,-88.70445755,21145.0,145.21997003882726,2.1052631578947367,93,95,2,0,93,95,65346,0,0,0,0,0
2020-05-31,US,Kentucky,McCreary,13,0,0,36.73874143,-84.48102924,21147.0,75.44541814172132,0.0,13,13,0,0,13,13,17408,0,0,0,0,0
2020-05-31,US,Kentucky,McLean,22,1,0,37.5301951,-87.26803443,21149.0,238.94862604540023,4.545454545454546,21,22,1,0,21,22,9252,0,0,0,0,0
2020-05-31,US,Kentucky,Meade,22,2,0,37.96163597,-86.21028219,21163.0,76.99846003079938,9.090909090909092,20,22,2,0,20,21,28715,0,0,0,0,1
2020-05-31,US,Kentucky,Menifee,10,0,0,37.94090733,-83.59985712,21165.0,154.10695022345507,0.0,10,10,0,0,10,10,6451,0,0,0,0,0
2020-05-31,US,Kentucky,Mercer,13,0,0,37.81474237,-84.87488475,21167.0,59.271417498746175,0.0,13,13,0,0,13,13,21774,0,0,0,0,0
2020-05-31,US,Kentucky,Metcalfe,6,1,0,36.99459295,-85.63123699,21169.0,59.577003276735184,16.666666666666668,5,6,1,0,5,6,10030,0,0,0,0,0
2020-05-31,US,Kentucky,Monroe,17,0,0,36.71225341,-85.71596443,21171.0,159.6244131455399,0.0,17,17,0,0,17,16,10718,0,0,0,0,1
2020-05-31,US,Kentucky,Montgomery,24,0,0,38.03253032,-83.9145241,21173.0,85.23635330468444,0.0,24,24,0,0,24,23,28203,0,0,0,0,1
2020-05-31,US,Kentucky,Morgan,1,0,0,37.92465657,-83.25558245,21175.0,7.5137125253587795,0.0,1,1,0,0,1,1,13345,0,0,0,0,0
2020-05-31,US,Kentucky,Muhlenberg,483,7,0,37.21425819,-87.14632053,21177.0,1577.2973679054276,1.4492753623188406,476,483,7,0,476,482,30774,0,0,0,0,1
2020-05-31,US,Kentucky,Nelson,41,1,0,37.80335779,-85.4657193,21179.0,88.68124499816149,2.4390243902439024,40,41,1,0,40,41,45851,0,0,0,0,0
2020-05-31,US,Kentucky,Nicholas,3,0,0,38.33342292,-84.01889177,21181.0,41.27115146512588,0.0,3,3,0,0,3,3,7166,0,0,0,0,0
2020-05-31,US,Kentucky,Ohio,144,0,0,37.47751843,-86.85368087,21183.0,600.1500375093774,0.0,144,144,0,0,144,141,24087,0,0,0,0,3
2020-05-31,US,Kentucky,Oldham,83,5,0,38.39791089,-85.448222,21185.0,124.25335708618393,6.024096385542169,78,83,5,0,78,74,66470,0,0,0,0,9
2020-05-31,US,Kentucky,Owen,2,0,0,38.51679143,-84.82404619,21187.0,18.34694064764701,0.0,2,2,0,0,2,2,10880,0,0,0,0,0
2020-05-31,US,Kentucky,Owsley,2,0,0,37.42823949,-83.68811419,21189.0,45.30011325028314,0.0,2,2,0,0,2,2,4472,0,0,0,0,0
2020-05-31,US,Kentucky,Pendleton,9,0,0,38.69607718,-84.35599463,21191.0,61.686086360520896,0.0,9,9,0,0,9,8,14529,0,0,0,0,1
2020-05-31,US,Kentucky,Perry,19,0,0,37.25023553,-83.22922731,21193.0,73.76349095426663,0.0,19,19,0,0,19,19,26092,0,0,0,0,0
2020-05-31,US,Kentucky,Pike,29,2,0,37.47088263,-82.39487445,21195.0,50.10712557882369,6.896551724137932,27,29,2,0,27,29,58402,0,0,0,0,0
2020-05-31,US,Kentucky,Powell,1,0,0,37.83218794,-83.82553961,21197.0,8.091269520187717,0.0,1,1,0,0,1,1,12442,0,0,0,0,0
2020-05-31,US,Kentucky,Pulaski,58,2,0,37.10466131,-84.57629079,21199.0,89.25960694993769,3.4482758620689653,56,58,2,0,56,56,64623,0,0,0,0,2
2020-05-31,US,Kentucky,Rockcastle,13,0,0,37.36642393,-84.31176452,21203.0,77.86762503743634,0.0,13,13,0,0,13,13,16750,0,0,0,0,0
2020-05-31,US,Kentucky,Rowan,7,0,0,38.19484205,-83.42088935,21205.0,28.618152085036797,0.0,7,7,0,0,7,7,24583,0,0,0,0,0
2020-05-31,US,Kentucky,Russell,24,4,0,36.99308373,-85.06070117,21207.0,133.9061541036657,16.666666666666668,20,24,4,0,20,23,17821,0,0,0,0,1
2020-05-31,US,Kentucky,Scott,35,0,0,38.29622293,-84.5816631,21209.0,61.39920005613641,0.0,35,35,0,0,35,35,56031,0,0,0,0,0
2020-05-31,US,Kentucky,Shelby,164,4,0,38.21476019,-85.194223,21211.0,334.5300261096606,2.4390243902439024,160,164,4,0,160,156,48518,0,0,0,0,8
2020-05-31,US,Kentucky,Simpson,52,3,0,36.74058474,-86.58047435,21213.0,279.9913848804652,5.769230769230768,49,52,3,0,49,51,18529,0,0,0,0,1
2020-05-31,US,Kentucky,Spencer,22,0,0,38.03223971,-85.32749335,21215.0,113.68921502764715,0.0,22,22,0,0,22,19,18794,0,0,0,0,3
2020-05-31,US,Kentucky,Taylor,11,1,0,37.3677562,-85.3329931,21217.0,42.68694943536808,9.090909090909092,10,11,1,0,10,11,25549,0,0,0,0,0
2020-05-31,US,Kentucky,Todd,17,0,0,36.8381152,-87.17878374,21219.0,138.27883520416464,0.0,17,17,0,0,17,17,12311,0,0,0,0,0
2020-05-31,US,Kentucky,Trigg,10,0,0,36.80767017,-87.87333656,21221.0,68.25472663981981,0.0,10,10,0,0,10,10,14643,0,0,0,0,0
2020-05-31,US,Kentucky,Trimble,6,0,0,38.61056487,-85.33775972,21223.0,70.82989021367017,0.0,6,6,0,0,6,5,8515,0,0,0,0,1
2020-05-31,US,Kentucky,Unassigned,6,0,0,0.0,0.0,90021.0,0.0,0.0,6,6,0,0,6,25,,0,0,0,0,-19
2020-05-31,US,Kentucky,Union,11,0,0,37.66166713,-87.94300009,21225.0,76.48981294763925,0.0,11,11,0,0,11,11,14505,0,0,0,0,0
2020-05-31,US,Kentucky,Warren,1007,6,0,36.99903045,-86.42672751,21227.0,757.7353720202265,0.5958291956305859,1001,1007,6,0,1001,995,131264,0,0,0,0,12
2020-05-31,US,Kentucky,Washington,6,0,0,37.75599461,-85.17407732,21229.0,49.60727573377429,0.0,6,6,0,0,6,6,12084,0,0,0,0,0
2020-05-31,US,Kentucky,Wayne,8,0,0,36.80310688,-84.8251971,21231.0,39.34490729356219,0.0,8,8,0,0,8,8,20468,0,0,0,0,0
2020-05-31,US,Kentucky,Webster,32,0,0,37.52168356,-87.67989953,21233.0,247.25699273682582,0.0,32,32,0,0,32,32,13111,0,0,0,0,0
2020-05-31,US,Kentucky,Whitley,13,0,0,36.75700531,-84.14541217,21235.0,35.848224134127506,0.0,13,13,0,0,13,13,36242,0,0,0,0,0
2020-05-31,US,Kentucky,Wolfe,1,0,0,37.73941626,-83.49303612,21237.0,13.972334777141258,0.0,1,1,0,0,1,1,7177,0,0,0,0,0
2020-05-31,US,Kentucky,Woodford,27,0,0,38.04178222,-84.7417556,21239.0,100.99498765616819,0.0,27,27,0,0,27,27,26533,0,0,0,0,0
2020-05-31,US,Louisiana,Acadia,418,23,0,30.295064899999996,-92.41419698,22001.0,673.7045692642438,5.502392344497608,395,412,23,0,389,401,62190,6,0,0,6,11
2020-05-31,US,Louisiana,Allen,184,10,0,30.65385745,-92.82442028,22003.0,717.9927420298903,5.434782608695652,174,184,10,0,174,184,25605,0,0,0,0,0
2020-05-31,US,Louisiana,Ascension,820,56,0,30.20406249,-90.91328409999998,22005.0,647.6888565922088,6.829268292682928,764,817,56,0,761,810,124672,3,0,0,3,7
2020-05-31,US,Louisiana,Assumption,252,14,0,29.89946234,-91.06461642,22007.0,1151.158010141154,5.5555555555555545,238,251,14,0,237,248,22300,1,0,0,1,3
2020-05-31,US,Louisiana,Avoyelles,128,9,0,31.07796211,-92.00079449,22009.0,318.85213232363486,7.03125,119,125,9,0,116,120,40462,3,0,0,3,5
2020-05-31,US,Louisiana,Beauregard,66,4,0,30.64836518,-93.34173616,22011.0,176.01408112649008,6.0606060606060606,62,66,4,0,62,61,37253,0,0,0,0,5
2020-05-31,US,Louisiana,Bienville,146,23,0,32.34569994,-93.05398492,22013.0,1102.6357525866626,15.753424657534245,123,144,23,0,121,139,13308,2,0,0,2,5
2020-05-31,US,Louisiana,Bossier,415,26,0,32.67932307,-93.60460152,22015.0,326.6713371484348,6.265060240963856,389,412,26,0,386,406,127185,3,0,0,3,6
2020-05-31,US,Louisiana,Caddo,2562,188,0,32.57991587,-93.88375652,22017.0,1066.5933956137283,7.338017174082746,2374,2525,188,0,2337,2480,242922,37,0,0,37,45
2020-05-31,US,Louisiana,Calcasieu,599,49,0,30.22931235,-93.35400434,22019.0,294.4414951139425,8.180300500834724,550,596,49,0,547,588,203112,3,0,0,3,8
2020-05-31,US,Louisiana,Caldwell,54,0,0,32.0902519,-92.11752148,22021.0,544.464609800363,0.0,54,53,0,0,53,52,9960,1,0,0,1,1
2020-05-31,US,Louisiana,Cameron,6,0,0,29.87592238,-93.19310676,22023.0,86.0461781155887,0.0,6,5,0,0,5,3,6968,1,0,0,1,2
2020-05-31,US,Louisiana,Catahoula,113,3,0,31.66778967,-91.84526385,22025.0,1190.2254055192752,2.6548672566371683,110,113,3,0,110,112,9608,0,0,0,0,1
2020-05-31,US,Louisiana,Claiborne,66,10,0,32.82308512,-92.99526883,22027.0,421.18698149329936,15.151515151515152,56,66,10,0,56,62,15944,0,0,0,0,4
2020-05-31,US,Louisiana,Concordia,87,5,0,31.44817835,-91.63814433,22029.0,451.73685030375407,5.747126436781608,82,87,5,0,82,86,19572,0,0,0,0,1
2020-05-31,US,Louisiana,De Soto,247,17,0,32.05457447,-93.74130302,22031.0,899.3919091140808,6.882591093117409,230,246,17,0,229,242,27436,1,0,0,1,4
2020-05-31,US,Louisiana,East Baton Rouge,3618,239,0,30.53842039,-91.09777565,22033.0,822.1624827579939,6.605859590934219,3379,3591,239,0,3352,3526,440956,27,0,0,27,65
2020-05-31,US,Louisiana,East Carroll,148,0,0,32.73926954,-91.23425694,22035.0,2157.1199533595686,0.0,148,138,0,0,138,118,7037,10,0,0,10,20
2020-05-31,US,Louisiana,East Feliciana,194,30,0,30.84425359,-91.04976723,22037.0,1013.8489678599424,15.463917525773196,164,194,30,0,164,192,19305,0,0,0,0,2
2020-05-31,US,Louisiana,Evangeline,78,1,0,30.72985248,-92.39915924,22039.0,233.56789938613562,1.2820512820512822,77,78,1,0,77,75,33443,0,0,0,0,3
2020-05-31,US,Louisiana,Franklin,332,10,0,32.13675181,-91.67589857,22041.0,1658.7559330502124,3.0120481927710845,322,314,10,0,304,311,20156,18,0,0,18,3
2020-05-31,US,Louisiana,Grant,28,1,0,31.59882456,-92.56124347,22043.0,125.06141408727501,3.571428571428572,27,28,1,0,27,28,22482,0,0,0,0,0
2020-05-31,US,Louisiana,Iberia,408,38,0,29.86803617,-91.75871777,22045.0,584.2760990978088,9.31372549019608,370,407,37,0,370,404,70941,1,1,0,0,3
2020-05-31,US,Louisiana,Iberville,567,41,0,30.25734305,-91.3499598,22047.0,1744.0250991971948,7.231040564373897,526,564,41,0,523,563,32721,3,0,0,3,1
2020-05-31,US,Louisiana,Jackson,106,13,0,32.30251776,-92.55692092,22049.0,673.2723577235772,12.264150943396224,93,106,13,0,93,100,15902,0,0,0,0,6
2020-05-31,US,Louisiana,Jefferson,7584,450,0,29.74075478,-90.11115756,22051.0,1753.5543927878605,5.9335443037974684,7134,7536,447,0,7089,7424,434051,48,3,0,45,112
2020-05-31,US,Louisiana,Jefferson Davis,76,7,0,30.26896765,-92.81210004,22053.0,242.28513134404488,9.210526315789474,69,76,7,0,69,75,31582,0,0,0,0,1
2020-05-31,US,Louisiana,LaSalle,51,0,0,31.67884782,-92.15907765,22059.0,342.4657534246575,0.0,51,51,1,0,50,48,14917,0,-1,0,1,3
2020-05-31,US,Louisiana,Lafayette,768,26,0,30.2049055,-92.06959876,22055.0,314.2518106305495,3.3854166666666665,742,763,26,0,737,695,242782,5,0,0,5,68
2020-05-31,US,Louisiana,Lafourche,821,71,0,29.52470226,-90.40976986,22057.0,841.0678796074333,8.647990255785627,750,809,71,0,738,789,98115,12,0,0,12,20
2020-05-31,US,Louisiana,Lincoln,157,14,0,32.6003154,-92.66597409999999,22061.0,335.88635488425825,8.917197452229301,143,152,14,0,138,144,47196,5,0,0,5,8
2020-05-31,US,Louisiana,Livingston,422,29,0,30.44143993,-90.73061664,22063.0,299.73932622577047,6.872037914691943,393,417,28,0,389,408,139567,5,1,0,4,9
2020-05-31,US,Louisiana,Madison,97,0,0,32.36918118,-91.23973355,22065.0,885.7638571819925,0.0,97,90,0,0,90,79,11161,7,0,0,7,11
2020-05-31,US,Louisiana,Morehouse,122,5,0,32.81686191,-91.80421614,22067.0,490.47197877301596,4.0983606557377055,117,121,5,0,116,121,25398,1,0,0,1,0
2020-05-31,US,Louisiana,Natchitoches,169,13,0,31.72321584,-93.09816516,22069.0,442.8953299439174,7.6923076923076925,156,168,13,0,155,157,38659,1,0,0,1,11
2020-05-31,US,Louisiana,Orleans,7127,507,0,30.06971951,-89.92660315,22071.0,1826.7614009186352,7.1137926196155465,6620,7108,507,0,6601,7067,391006,19,0,0,19,41
2020-05-31,US,Louisiana,Ouachita,1248,41,0,32.47645559,-92.15704172,22073.0,814.2015540289276,3.28525641025641,1207,1219,41,0,1178,1166,154475,29,0,0,29,53
2020-05-31,US,Louisiana,Plaquemines,211,17,0,29.42245447,-89.60322085,22075.0,909.6003793594,8.056872037914692,194,211,17,0,194,201,23410,0,0,0,0,10
2020-05-31,US,Louisiana,Pointe Coupee,197,24,0,30.71409502,-91.60209535,22077.0,906.5807639208467,12.182741116751268,173,195,24,0,171,192,21940,2,0,0,2,3
2020-05-31,US,Louisiana,Rapides,790,26,0,31.19778499,-92.52997303,22079.0,609.34221893126,3.2911392405063293,764,783,26,0,757,703,130562,7,0,0,7,80
2020-05-31,US,Louisiana,Red River,50,7,0,32.09530039,-93.34213308,22081.0,592.2767116796967,14.0,43,50,7,0,43,49,8477,0,0,0,0,1
2020-05-31,US,Louisiana,Richland,135,3,0,32.41391005,-91.76634876,22083.0,670.9074644667528,2.2222222222222223,132,128,3,0,125,125,20192,7,0,0,7,3
2020-05-31,US,Louisiana,Sabine,46,0,0,31.56388699,-93.55433981,22085.0,192.5975548484341,0.0,46,46,0,0,46,41,24032,0,0,0,0,5
2020-05-31,US,Louisiana,St. Bernard,536,22,0,29.87761636,-89.51887093,22087.0,1134.5356024045382,4.104477611940299,514,536,22,0,514,534,46721,0,0,0,0,2
2020-05-31,US,Louisiana,St. Charles,638,44,0,29.90709658,-90.35555967,22089.0,1201.5065913370995,6.896551724137932,594,637,44,0,593,633,52879,1,0,0,1,4
2020-05-31,US,Louisiana,St. Helena,51,1,0,30.82210324,-90.71013176,22091.0,503.3557046979866,1.96078431372549,50,51,1,0,50,51,10262,0,0,0,0,0
2020-05-31,US,Louisiana,St. James,294,25,0,30.02531716,-90.80212061,22093.0,1393.6291240045507,8.503401360544219,269,294,25,0,269,294,21037,0,0,0,0,0
2020-05-31,US,Louisiana,St. John the Baptist,860,79,0,30.12597499,-90.4753503,22095.0,2007.6102434811025,9.186046511627907,781,858,79,0,779,850,43184,2,0,0,2,8
2020-05-31,US,Louisiana,St. Landry,257,54,0,30.59724262,-92.00135806,22097.0,312.9414056792168,21.011673151750973,203,255,54,0,201,252,82764,2,0,0,2,3
2020-05-31,US,Louisiana,St. Martin,298,23,0,30.13112107,-91.61403569,22099.0,557.7286593924875,7.718120805369128,275,294,23,0,271,293,53621,4,0,0,4,1
2020-05-31,US,Louisiana,St. Mary,319,30,0,29.69262097,-91.44702164,22101.0,646.4294398962471,9.404388714733543,289,317,30,0,287,309,49774,2,0,0,2,8
2020-05-31,US,Louisiana,St. Tammany,1749,158,0,30.40942847,-89.95642711,22103.0,671.6099823745581,9.033733562035447,1591,1724,158,0,1566,1703,258111,25,0,0,25,21
2020-05-31,US,Louisiana,Tangipahoa,858,35,0,30.62888673,-90.40664996,22105.0,636.6968936909126,4.07925407925408,823,854,35,0,819,831,133777,4,0,0,4,23
2020-05-31,US,Louisiana,Tensas,11,0,0,32.00760749,-91.32915234,22107.0,253.8071065989848,0.0,11,11,0,0,11,10,4462,0,0,0,0,1
2020-05-31,US,Louisiana,Terrebonne,679,52,0,29.37343766,-90.82626855,22109.0,614.6965897466074,7.6583210603829155,627,667,51,0,616,653,111021,12,1,0,11,14
2020-05-31,US,Louisiana,Unassigned,84,105,0,0.0,0.0,90022.0,0.0,125.0,-21,84,105,0,-21,84,,0,0,0,0,0
2020-05-31,US,Louisiana,Union,317,17,0,32.83121059,-92.3749373,22111.0,1433.8700922742898,5.3627760252365935,300,313,17,0,296,306,22330,4,0,0,4,7
2020-05-31,US,Louisiana,Vermilion,53,3,0,29.83517605,-92.30292538,22113.0,89.05916553242258,5.660377358490566,50,53,3,0,50,53,59830,0,0,0,0,0
2020-05-31,US,Louisiana,Vernon,26,3,0,31.10884837,-93.18153838,22115.0,54.818781757996156,11.538461538461537,23,25,3,0,22,25,48860,1,0,0,1,0
2020-05-31,US,Louisiana,Washington,425,38,0,30.85288548,-90.03866652,22117.0,920.0329047062387,8.941176470588236,387,419,38,0,381,410,46582,6,0,0,6,9
2020-05-31,US,Louisiana,Webster,147,7,0,32.70847669,-93.33121835,22119.0,383.4115805946792,4.761904761904762,140,147,7,0,140,143,38798,0,0,0,0,4
2020-05-31,US,Louisiana,West Baton Rouge,166,30,0,30.46058217,-91.30989571,22121.0,627.2435291894956,18.072289156626507,136,161,30,0,131,159,26427,5,0,0,5,2
2020-05-31,US,Louisiana,West Carroll,62,0,0,32.78550125,-91.461201,22123.0,572.4838411819021,0.0,62,61,0,0,61,56,10982,1,0,0,1,5
2020-05-31,US,Louisiana,West Feliciana,209,13,0,30.87882871,-91.41485379999999,22125.0,1342.497430626927,6.2200956937799035,196,208,13,0,195,205,15460,1,0,0,1,3
2020-05-31,US,Louisiana,Winn,164,2,0,31.94449367,-92.63789413,22127.0,1179.5166858457997,1.2195121951219512,162,163,2,0,161,153,14134,1,0,0,1,10
2020-05-31,US,Maine,Androscoggin,298,2,0,44.1664747,-70.20380627,23001.0,275.22003749642124,0.6711409395973155,296,287,2,0,285,269,107679,11,0,0,11,18
2020-05-31,US,Maine,Aroostook,10,1,0,46.65926321,-68.59841248,23003.0,14.913131011855938,10.0,9,10,1,0,9,10,67111,0,0,0,0,0
2020-05-31,US,Maine,Cumberland,1175,50,0,43.8370751,-70.37226999,23005.0,398.30103422677064,4.25531914893617,1125,1146,50,0,1096,1117,293557,29,0,0,29,29
2020-05-31,US,Maine,Franklin,36,1,0,44.97330019,-70.44381045,23007.0,119.20924533924965,2.7777777777777777,35,36,1,0,35,36,29897,0,0,0,0,0
2020-05-31,US,Maine,Hancock,11,1,0,44.59816444,-68.38401854,23009.0,20.00472839034681,9.090909090909092,10,11,1,0,10,11,54811,0,0,0,0,0
2020-05-31,US,Maine,Kennebec,128,9,0,44.40759555,-69.76738544,23011.0,104.65895897041749,7.03125,119,128,9,0,119,128,122083,0,0,0,0,0
2020-05-31,US,Maine,Knox,20,0,0,44.11486325,-69.10529169,23013.0,50.28663381273258,0.0,20,20,0,0,20,20,39771,0,0,0,0,0
2020-05-31,US,Maine,Lincoln,20,0,0,44.05996956,-69.54227124,23015.0,57.746722873476934,0.0,20,20,0,0,20,20,34342,0,0,0,0,0
2020-05-31,US,Maine,Oxford,34,0,0,44.49952995,-70.75682123,23017.0,58.64596808969383,0.0,34,33,0,0,33,32,57618,1,0,0,1,1
2020-05-31,US,Maine,Penobscot,100,1,0,45.40194593,-68.65020455,23019.0,65.72547782422379,1.0,99,100,1,0,99,100,151096,0,0,0,0,0
2020-05-31,US,Maine,Piscataquis,1,0,0,45.83839062,-69.2860223,23021.0,5.957700327673518,0.0,1,1,0,0,1,1,16800,0,0,0,0,0
2020-05-31,US,Maine,Sagadahoc,30,0,0,43.95415864,-69.85074999,23023.0,83.66800535475234,0.0,30,30,0,0,30,30,35634,0,0,0,0,0
2020-05-31,US,Maine,Somerset,22,0,0,45.51229767,-69.95995554,23025.0,43.57816337849616,0.0,22,22,0,0,22,22,50592,0,0,0,0,0
2020-05-31,US,Maine,Unassigned,2,0,0,0.0,0.0,90023.0,0.0,0.0,2,4,0,0,4,4,,-2,0,0,-2,0
2020-05-31,US,Maine,Waldo,51,14,0,44.4858305,-69.12061935,23027.0,128.4149565655294,27.450980392156858,37,51,14,0,37,51,39694,0,0,0,0,0
2020-05-31,US,Maine,Washington,2,0,0,45.01607142,-67.62813524,23029.0,6.373689410115046,0.0,2,2,0,0,2,2,31490,0,0,0,0,0
2020-05-31,US,Maine,York,385,10,0,43.47808377,-70.71052375,23031.0,185.41617503286926,2.5974025974025974,375,381,10,0,371,373,206229,4,0,0,4,8
2020-05-31,US,Maryland,Allegany,178,17,0,39.62357628,-78.69280486,24001.0,252.7834583049307,9.550561797752811,161,177,16,0,161,177,70975,1,1,0,0,0
2020-05-31,US,Maryland,Anne Arundel,3785,174,0,39.00670238,-76.60329337,24003.0,653.4492105090516,4.597093791281374,3611,3743,172,0,3571,3643,576031,42,2,0,40,100
2020-05-31,US,Maryland,Baltimore,6065,344,0,39.45784712,-76.62911955,24005.0,733.0456748492211,5.671887881286068,5721,5955,340,0,5615,5819,828431,110,4,0,106,136
2020-05-31,US,Maryland,Baltimore City,5664,258,0,39.30211911,-76.61151012,24510.0,954.3547490269425,4.555084745762712,5406,5564,254,0,5310,5426,621342,100,4,0,96,138
2020-05-31,US,Maryland,Calvert,341,18,0,38.53961642,-76.56820632,24009.0,368.54904079978377,5.278592375366569,323,334,18,0,316,329,92003,7,0,0,7,5
2020-05-31,US,Maryland,Caroline,259,1,0,38.87172293,-75.82904158,24011.0,775.3098245824103,0.3861003861003861,258,253,0,0,253,248,33304,6,1,0,5,5
2020-05-31,US,Maryland,Carroll,913,90,0,39.56453592,-77.02373735,24013.0,542.0102465463915,9.857612267250822,823,880,90,0,790,861,168429,33,0,0,33,19
2020-05-31,US,Maryland,Cecil,371,23,0,39.56647682,-75.94627411,24015.0,360.7019590685917,6.199460916442049,348,366,22,0,344,364,102826,5,1,0,4,2
2020-05-31,US,Maryland,Charles,1108,72,0,38.51092331,-76.98580666,24017.0,678.6845280753657,6.498194945848375,1036,1085,72,0,1013,1056,161503,23,0,0,23,29
2020-05-31,US,Maryland,Dorchester,142,3,0,38.45413522,-76.02752426,24019.0,444.7367596855523,2.112676056338028,139,141,3,0,138,140,31998,1,0,0,1,1
2020-05-31,US,Maryland,Frederick,1911,105,0,39.47296601,-77.39999394,24021.0,736.2828312405845,5.494505494505495,1806,1890,105,0,1785,1856,255648,21,0,0,21,34
2020-05-31,US,Maryland,Garrett,10,0,0,39.52786077,-79.27355126,24023.0,34.46611980423244,0.0,10,10,0,0,10,10,29163,0,0,0,0,0
2020-05-31,US,Maryland,Harford,882,51,0,39.55010644,-76.30775940000002,24025.0,345.28521263227117,5.782312925170068,831,861,49,0,812,854,253956,21,2,0,19,7
2020-05-31,US,Maryland,Howard,1928,58,0,39.25305293,-76.93126208,24027.0,591.9739629709233,3.0082987551867215,1870,1905,58,0,1847,1868,323196,23,0,0,23,37
2020-05-31,US,Maryland,Kent,173,19,0,39.24976208,-76.04741541,24029.0,890.7424570075173,10.982658959537574,154,170,19,0,151,167,19383,3,0,0,3,3
2020-05-31,US,Maryland,Montgomery,11361,612,0,39.13676329,-77.20358245,24031.0,1081.291496619358,5.386849749141801,10749,11251,605,0,10646,11035,1052567,110,7,0,103,216
2020-05-31,US,Maryland,Prince George's,15220,541,0,38.83070039,-76.8496441,24033.0,1673.765323145579,3.5545335085413927,14679,15022,539,0,14483,14773,909308,198,2,0,196,249
2020-05-31,US,Maryland,Queen Anne's,160,13,0,39.06198912,-76.03530977,24035.0,317.58004009448007,8.125,147,159,12,0,147,160,50251,1,1,0,0,-1
2020-05-31,US,Maryland,Somerset,73,2,0,38.1163542,-75.75118623,24039.0,284.97813866333536,2.7397260273972597,71,73,2,0,71,73,25675,0,0,0,0,0
2020-05-31,US,Maryland,St. Mary's,499,22,0,38.30058422,-76.60629279999998,24037.0,439.6088450356797,4.408817635270541,477,471,20,0,451,460,112664,28,2,0,26,11
2020-05-31,US,Maryland,Talbot,99,2,0,38.76618159,-76.10882561,24041.0,266.2650278367984,2.0202020202020203,97,96,2,0,94,91,36968,3,0,0,3,5
2020-05-31,US,Maryland,Unassigned,0,50,0,0.0,0.0,90024.0,0.0,0.0,-50,0,55,0,-55,0,,0,-5,0,5,0
2020-05-31,US,Maryland,Washington,469,14,0,39.60835778,-77.82002295,24043.0,310.4952697469033,2.985074626865672,455,456,13,0,443,441,150926,13,1,0,12,15
2020-05-31,US,Maryland,Wicomico,953,30,0,38.37301947,-75.62705831,24045.0,919.8042641083304,3.1479538300104934,923,943,30,0,913,931,103195,10,0,0,10,12
2020-05-31,US,Maryland,Worcester,214,13,0,38.21274277,-75.33200012,24047.0,409.3656744969011,6.074766355140188,201,210,13,0,197,206,51823,4,0,0,4,4
2020-05-31,US,Massachusetts,Barnstable,1312,116,0,41.72980578,-70.28854339,25001.0,615.9913610967651,8.841463414634148,1196,1305,115,0,1190,1303,213413,7,1,0,6,2
2020-05-31,US,Massachusetts,Berkshire,544,40,0,42.37428441,-73.20524838,25003.0,435.3950569855295,7.352941176470589,504,544,40,0,504,544,126348,0,0,0,0,0
2020-05-31,US,Massachusetts,Bristol,7159,415,0,41.79228404,-71.10872211,25005.0,1266.5931845645125,5.796899008241375,6744,7089,410,0,6679,6930,564022,70,5,0,65,159
2020-05-31,US,Massachusetts,Dukes and Nantucket,40,1,0,41.40674725,-70.68763497,0.0,139.22244265775643,2.5,39,39,1,0,38,39,26707,1,0,0,1,0
2020-05-31,US,Massachusetts,Essex,14225,925,0,42.6687626,-70.94687179,25009.0,1802.8373935723935,6.502636203866433,13300,14099,909,0,13190,13994,790638,126,16,0,110,105
2020-05-31,US,Massachusetts,Franklin,320,47,0,42.58119713,-72.58602547,25011.0,455.9703619264748,14.6875,273,319,47,0,272,319,70963,1,0,0,1,0
2020-05-31,US,Massachusetts,Hampden,6035,580,0,42.13440424,-72.63235561,25013.0,1294.0313740962151,9.610604805302405,5455,5982,572,0,5410,5942,470406,53,8,0,45,40
2020-05-31,US,Massachusetts,Hampshire,855,89,0,42.33997957,-72.65898478,25015.0,531.6172355903749,10.409356725146196,766,855,88,0,767,853,161355,0,1,0,-1,2
2020-05-31,US,Massachusetts,Middlesex,21287,1615,0,42.48607732,-71.39049229,25017.0,1320.780120853832,7.586790059660825,19672,21124,1596,0,19528,20972,1614714,163,19,0,144,152
2020-05-31,US,Massachusetts,Norfolk,8079,821,0,42.16073095,-71.20530408,25021.0,1143.079480739981,10.162148780789703,7258,8016,815,0,7201,7959,705388,63,6,0,57,57
2020-05-31,US,Massachusetts,Plymouth,7859,552,0,41.94070556,-70.80802823,25023.0,1507.8606758991714,7.023794375874793,7307,7819,548,0,7271,7766,518132,40,4,0,36,53
2020-05-31,US,Massachusetts,Suffolk,17936,871,0,42.327951399999996,-71.07850442,25025.0,2231.1038465892198,4.8561552185548615,17065,17873,868,0,17005,17786,807252,63,3,0,60,87
2020-05-31,US,Massachusetts,Unassigned,296,7,0,0.0,0.0,90025.0,0.0,2.3648648648648654,289,336,6,0,330,289,,-40,1,0,-41,47
2020-05-31,US,Massachusetts,Worcester,11018,767,0,42.35026951,-71.90493363,25027.0,1326.4758217335925,6.961335995643492,10251,10901,753,0,10148,10816,830839,117,14,0,103,85
2020-05-31,US,Michigan,Alcona,15,1,0,44.6846864,-83.59507875,26001.0,144.16146083613648,6.666666666666668,14,14,1,0,13,14,10362,1,0,0,1,0
2020-05-31,US,Michigan,Allegan,218,6,0,42.59147037,-85.89102866,26005.0,184.61903269789383,2.7522935779816518,212,217,6,0,211,216,117327,1,0,0,1,1
2020-05-31,US,Michigan,Alpena,94,9,0,45.03477666,-83.62212411,26007.0,330.9276535821158,9.574468085106382,85,94,9,0,85,94,28360,0,0,0,0,0
2020-05-31,US,Michigan,Antrim,12,0,0,44.99690221,-85.15503082,26009.0,51.44915108900703,0.0,12,12,0,0,12,12,23365,0,0,0,0,0
2020-05-31,US,Michigan,Arenac,34,1,0,44.0636262,-83.89277559,26011.0,228.44856547739033,2.9411764705882355,33,34,1,0,33,34,15041,0,0,0,0,0
2020-05-31,US,Michigan,Baraga,1,0,0,46.6720582,-88.36363591,26013.0,12.181751735899622,0.0,1,1,0,0,1,1,8320,0,0,0,0,0
2020-05-31,US,Michigan,Barry,63,2,0,42.59513984,-85.30834519,26015.0,102.35580828594637,3.1746031746031744,61,62,2,0,60,62,61157,1,0,0,1,0
2020-05-31,US,Michigan,Bay,310,23,0,43.70639106,-83.98731479,26017.0,300.60314566646633,7.419354838709677,287,303,23,0,280,302,103923,7,0,0,7,1
2020-05-31,US,Michigan,Benzie,4,0,0,44.63899297,-86.01608482,26019.0,22.514916131937408,0.0,4,4,0,0,4,4,17753,0,0,0,0,0
2020-05-31,US,Michigan,Berrien,626,49,0,41.95447397,-86.41313079999998,26021.0,408.0807817419704,7.8274760383386575,577,618,49,0,569,613,154141,8,0,0,8,5
2020-05-31,US,Michigan,Branch,121,2,0,41.91600556,-85.05929476,26023.0,278.0522554404026,1.6528925619834711,119,117,2,0,115,111,43622,4,0,0,4,6
2020-05-31,US,Michigan,Calhoun,371,22,0,42.24633834,-85.00493569,26025.0,276.53754127565054,5.929919137466308,349,365,22,0,343,361,134487,6,0,0,6,4
2020-05-31,US,Michigan,Cass,83,3,0,41.91522292,-85.99405727,26027.0,160.2718829049761,3.614457831325301,80,82,3,0,79,80,51653,1,0,0,1,2
2020-05-31,US,Michigan,Charlevoix,15,1,0,45.37790017,-85.19614053,26029.0,57.3767356462533,6.666666666666668,14,15,1,0,14,15,26244,0,0,0,0,0
2020-05-31,US,Michigan,Cheboygan,21,1,0,45.44787015,-84.50122149,26031.0,83.08276626048425,4.761904761904762,20,21,1,0,20,21,25413,0,0,0,0,0
2020-05-31,US,Michigan,Chippewa,2,0,0,46.29552653,-84.54353449,26033.0,5.354895713405981,0.0,2,2,0,0,2,2,37517,0,0,0,0,0
2020-05-31,US,Michigan,Clare,19,2,0,43.98794227,-84.84819859999998,26035.0,61.38933764135703,10.526315789473683,17,18,2,0,16,18,30757,1,0,0,1,0
2020-05-31,US,Michigan,Clinton,139,11,0,42.94400871,-84.60145248,26037.0,174.63408505559394,7.913669064748201,128,139,10,0,129,139,79332,0,1,0,-1,0
2020-05-31,US,Michigan,Crawford,58,5,0,44.68255561,-84.61006219,26039.0,413.42932496970565,8.620689655172415,53,58,5,0,53,58,13901,0,0,0,0,0
2020-05-31,US,Michigan,Delta,17,2,0,45.90484910000001,-86.9080745,26041.0,47.507265817124974,11.764705882352944,15,17,2,0,15,17,35857,0,0,0,0,0
2020-05-31,US,Michigan,Dickinson,5,2,0,46.00999672,-87.86961634,26043.0,19.81061056301755,40.0,3,5,2,0,3,5,25383,0,0,0,0,0
2020-05-31,US,Michigan,Eaton,190,6,0,42.59599185,-84.83740035,26045.0,172.3074690753437,3.1578947368421053,184,187,6,0,181,185,109826,3,0,0,3,2
2020-05-31,US,Michigan,Emmet,21,2,0,45.52625509,-84.89083249,26047.0,62.84602723327846,9.523809523809524,19,21,2,0,19,21,33308,0,0,0,0,0
2020-05-31,US,Michigan,Federal Correctional Institution (FCI),146,4,0,0.0,0.0,0.0,0.0,2.7397260273972597,142,146,4,0,142,142,,0,0,0,0,4
2020-05-31,US,Michigan,Genesee,2013,252,0,43.02244215,-83.70589709,26049.0,496.04128009699053,12.518628912071536,1761,2004,252,0,1752,1998,406892,9,0,0,9,6
2020-05-31,US,Michigan,Gladwin,18,1,0,43.98901072,-84.38774817,26051.0,70.72969468348461,5.5555555555555545,17,18,1,0,17,18,25337,0,0,0,0,0
2020-05-31,US,Michigan,Gogebic,5,1,0,46.40862701,-89.69377193,26053.0,35.77817531305904,20.0,4,5,1,0,4,5,15096,0,0,0,0,0
2020-05-31,US,Michigan,Grand Traverse,27,5,0,44.69565625,-85.55585247,26055.0,29.004812650395326,18.51851851851852,22,27,5,0,22,25,92573,0,0,0,0,2
2020-05-31,US,Michigan,Gratiot,74,10,0,43.29265605,-84.60505416,26057.0,181.76905504654758,13.513513513513516,64,74,9,0,65,74,40599,0,1,0,-1,0
2020-05-31,US,Michigan,Hillsdale,169,24,0,41.88753639,-84.59312019,26059.0,370.5734020392501,14.201183431952662,145,169,24,0,145,169,45749,0,0,0,0,0
2020-05-31,US,Michigan,Houghton,6,0,0,46.89988536,-88.68495385,26061.0,16.814258491200537,0.0,6,6,0,0,6,5,36219,0,0,0,0,1
2020-05-31,US,Michigan,Huron,48,1,0,43.83353985,-83.04078453,26063.0,154.93366902294952,2.083333333333333,47,44,1,0,43,44,31166,4,0,0,4,0
2020-05-31,US,Michigan,Ingham,738,26,0,42.59716886,-84.37472069,26065.0,252.38880187137062,3.523035230352304,712,736,25,0,711,734,292735,2,1,0,1,2
2020-05-31,US,Michigan,Ionia,148,4,0,42.94502238,-85.07413319,26067.0,228.75867505448474,2.702702702702702,144,147,4,0,143,147,64210,1,0,0,1,0
2020-05-31,US,Michigan,Iosco,94,9,0,44.35486835,-83.63484895,26069.0,374.0995741632507,9.574468085106382,85,94,9,0,85,94,25081,0,0,0,0,0
2020-05-31,US,Michigan,Isabella,77,7,0,43.64060976,-84.84664923,26073.0,110.20151133501258,9.090909090909092,70,77,7,0,70,76,70562,0,0,0,0,1
2020-05-31,US,Michigan,Jackson,448,28,0,42.24807035,-84.42258681,26075.0,282.6320105987004,6.25,420,510,28,0,482,510,158823,-62,0,0,-62,0
2020-05-31,US,Michigan,Kalamazoo,844,55,0,42.24542231,-85.53038622,26077.0,318.41126360981787,6.516587677725117,789,834,54,0,780,833,264870,10,1,0,9,1
2020-05-31,US,Michigan,Kalkaska,19,2,0,44.68512729,-85.09085699,26079.0,105.33318549728351,10.526315789473683,17,19,2,0,17,19,17824,0,0,0,0,0
2020-05-31,US,Michigan,Kent,3715,85,0,43.03197711,-85.54934642,26081.0,565.4877426916607,2.288021534320323,3630,3642,84,0,3558,3596,653786,73,1,0,72,46
2020-05-31,US,Michigan,Lake,6,0,0,43.99050893,-85.802173,26085.0,50.62009617818274,0.0,6,7,0,0,7,7,11881,-1,0,0,-1,0
2020-05-31,US,Michigan,Lapeer,190,30,0,43.09052506,-83.22153148,26087.0,216.87764676338645,15.789473684210524,160,189,30,0,159,188,88028,1,0,0,1,1
2020-05-31,US,Michigan,Leelanau,11,0,0,44.94430054,-85.80150326,26089.0,50.549147557557106,0.0,11,11,0,0,11,11,21764,0,0,0,0,0
2020-05-31,US,Michigan,Lenawee,153,4,0,41.89475156,-84.06603727,26091.0,155.40725843312916,2.6143790849673203,149,151,4,0,147,151,98266,2,0,0,2,0
2020-05-31,US,Michigan,Livingston,395,26,0,42.60302282,-83.91297209,26093.0,205.73452433657127,6.582278481012659,369,395,26,0,369,395,191224,0,0,0,0,0
2020-05-31,US,Michigan,Luce,3,0,0,46.47227431,-85.54471223,26095.0,48.16182372772515,0.0,3,3,0,0,3,3,6283,0,0,0,0,0
2020-05-31,US,Michigan,Mackinac,8,0,0,46.07028979,-85.04980537,26097.0,74.0809334197611,0.0,8,8,0,0,8,8,10787,0,0,0,0,0
2020-05-31,US,Michigan,Macomb,6695,810,0,42.69158356,-82.92752801,26099.0,766.0428480546287,12.098581030619865,5885,6624,802,0,5822,6616,874759,71,8,0,63,8
2020-05-31,US,Michigan,Manistee,11,0,0,44.33352407,-86.05626916,26101.0,44.79192116621875,0.0,11,11,0,0,11,11,24528,0,0,0,0,0
2020-05-31,US,Michigan,Marquette,56,11,0,46.4338914,-87.64043701,26103.0,83.95927974932158,19.642857142857142,45,55,11,0,44,54,66516,1,0,0,1,1
2020-05-31,US,Michigan,Mason,32,0,0,43.99509218,-86.24988902,26105.0,109.79961570134505,0.0,32,32,0,0,32,32,29100,0,0,0,0,0
2020-05-31,US,Michigan,Mecosta,21,2,0,43.64064262,-85.32463223,26107.0,48.328078613674535,9.523809523809524,19,21,2,0,19,21,43545,0,0,0,0,0
2020-05-31,US,Michigan,Menominee,8,0,0,45.58038692,-87.55370409,26109.0,35.11852502194907,0.0,8,8,0,0,8,8,22983,0,0,0,0,0
2020-05-31,US,Michigan,Michigan Department of Corrections (MDOC),3933,69,0,0.0,0.0,0.0,0.0,1.7543859649122806,3864,3914,69,0,3845,3749,,19,0,0,19,165
2020-05-31,US,Michigan,Midland,82,8,0,43.64330771,-84.38804374,26111.0,98.6098417432296,9.75609756097561,74,82,8,0,74,81,83209,0,0,0,0,1
2020-05-31,US,Michigan,Missaukee,16,1,0,44.33772443,-85.09256478,26113.0,105.83410504034927,6.25,15,16,1,0,15,16,15113,0,0,0,0,0
2020-05-31,US,Michigan,Monroe,474,19,0,41.92734151,-83.53749864,26115.0,314.9501661129568,4.008438818565401,455,469,19,0,450,469,150439,5,0,0,5,0
2020-05-31,US,Michigan,Montcalm,66,1,0,43.31082541,-85.15252824,26117.0,103.30578512396694,1.5151515151515151,65,65,1,0,64,65,63968,1,0,0,1,0
2020-05-31,US,Michigan,Montmorency,5,0,0,45.0275929,-84.12696227,26119.0,53.60205831903945,0.0,5,5,0,0,5,5,9265,0,0,0,0,0
2020-05-31,US,Michigan,Muskegon,643,36,0,43.29123859,-86.15176712,26121.0,370.46426143369087,5.598755832037325,607,636,36,0,600,631,173588,7,0,0,7,5
2020-05-31,US,Michigan,Newaygo,105,0,0,43.554373999999996,-85.80070107,26123.0,214.37321355655368,0.0,105,105,0,0,105,103,48892,0,0,0,0,2
2020-05-31,US,Michigan,Oakland,8396,988,0,42.66090111,-83.38595416,26125.0,667.6293591521521,11.767508337303473,7408,8319,983,0,7336,8311,1259201,77,5,0,72,8
2020-05-31,US,Michigan,Oceana,85,2,0,43.64124435,-86.26726673,26127.0,321.15464540748854,2.3529411764705883,83,85,2,0,83,85,26625,0,0,0,0,0
2020-05-31,US,Michigan,Ogemaw,21,1,0,44.33481032,-84.12725175,26129.0,100.01428775539362,4.761904761904762,20,21,1,0,20,21,20952,0,0,0,0,0
2020-05-31,US,Michigan,Osceola,11,0,0,43.98992088,-85.32566756,26133.0,46.88832054560954,0.0,11,11,0,0,11,11,23341,0,0,0,0,0
2020-05-31,US,Michigan,Oscoda,5,1,0,44.68192279,-84.12939244,26135.0,60.6722485135299,20.0,4,5,1,0,4,5,8276,0,0,0,0,0
2020-05-31,US,Michigan,Otsego,102,10,0,45.02085831,-84.59898295,26137.0,413.49116263985735,9.803921568627453,92,100,10,0,90,100,24665,2,0,0,2,0
2020-05-31,US,Michigan,Ottawa,774,34,0,42.95996803,-85.9969107,26139.0,265.22290374533117,4.3927648578811365,740,766,33,0,733,759,290494,8,1,0,7,7
2020-05-31,US,Michigan,Out of MI,42,0,0,0.0,0.0,80026.0,0.0,0.0,42,36,0,0,36,32,,6,0,0,6,4
2020-05-31,US,Michigan,Presque Isle,11,0,0,45.34018577,-83.91498656,26141.0,87.35705209656925,0.0,11,11,0,0,11,11,12738,0,0,0,0,0
2020-05-31,US,Michigan,Roscommon,21,0,0,44.33473082,-84.61067651,26143.0,87.43078396269621,0.0,21,21,0,0,21,21,23884,0,0,0,0,0
2020-05-31,US,Michigan,Saginaw,1038,108,0,43.33433923,-84.05131209999998,26145.0,544.7703619731393,10.404624277456648,930,1029,108,0,921,1018,190800,9,0,0,9,11
2020-05-31,US,Michigan,Sanilac,41,5,0,43.42406072,-82.82055898,26151.0,99.5870779693952,12.19512195121951,36,41,5,0,36,41,41182,0,0,0,0,0
2020-05-31,US,Michigan,Schoolcraft,4,0,0,46.19235734,-86.19972234,26153.0,49.419322955275504,0.0,4,4,0,0,4,4,8068,0,0,0,0,0
2020-05-31,US,Michigan,Shiawassee,240,26,0,42.95392800000001,-84.14585902,26155.0,352.30909251049593,10.833333333333336,214,240,26,0,214,239,68192,0,0,0,0,1
2020-05-31,US,Michigan,St. Clair,449,41,0,42.92655373,-82.67937954,26147.0,282.1627871901865,9.131403118040089,408,448,41,0,407,448,159337,1,0,0,1,0
2020-05-31,US,Michigan,St. Joseph,119,2,0,41.91441767,-85.52797979,26149.0,195.19716554031888,1.680672268907563,117,118,2,0,116,112,61043,1,0,0,1,6
2020-05-31,US,Michigan,Tuscola,187,23,0,43.46606813,-83.41897025,26157.0,357.9289884199445,12.29946524064171,164,189,23,0,166,189,52516,-2,0,0,-2,0
2020-05-31,US,Michigan,Unassigned,4,0,0,0.0,0.0,90026.0,0.0,0.0,4,24,0,0,24,24,,-20,0,0,-20,0
2020-05-31,US,Michigan,Van Buren,144,6,0,42.25190229,-86.01939087,26159.0,190.28238434398827,4.166666666666667,138,140,6,0,134,136,75448,4,0,0,4,4
2020-05-31,US,Michigan,Washtenaw,1336,99,0,42.253105,-83.83853204,26161.0,363.4375314539406,7.410179640718563,1237,1331,100,0,1231,1318,370963,5,-1,0,6,13
2020-05-31,US,Michigan,Wayne,20415,2461,0,42.28098405,-83.281255,26163.0,1167.00955730237,12.054861621356844,17954,20254,2452,0,17802,20227,1753893,161,9,0,152,27
2020-05-31,US,Michigan,Wexford,11,3,0,44.33853602,-85.57712739,26165.0,32.707918289673216,27.272727272727273,8,11,3,0,8,11,33466,0,0,0,0,0
2020-05-31,US,Minnesota,Aitkin,8,0,0,46.60962049,-93.41168259999999,27001.0,50.35880649628604,0.0,8,8,0,0,8,7,15902,0,0,0,0,1
2020-05-31,US,Minnesota,Anoka,1399,70,0,45.27476015,-93.24604565,27003.0,391.9634877185708,5.003573981415297,1329,1363,70,0,1293,1324,353813,36,0,0,36,39
2020-05-31,US,Minnesota,Becker,40,0,0,46.93479392,-95.67158144,27005.0,116.20137698631727,0.0,40,39,0,0,39,36,34371,1,0,0,1,3
2020-05-31,US,Minnesota,Beltrami,15,0,0,47.97373527,-94.93732139,27007.0,31.787742646435536,0.0,15,14,0,0,14,14,46847,1,0,0,1,0
2020-05-31,US,Minnesota,Benton,177,3,0,45.69804958,-93.99514135,27009.0,432.8792584802759,1.6949152542372878,174,175,3,0,172,175,40545,2,0,0,2,0
2020-05-31,US,Minnesota,Big Stone,5,0,0,45.42712824,-96.41403739,27011.0,100.18032458425164,0.0,5,4,0,0,4,4,4989,1,0,0,1,0
2020-05-31,US,Minnesota,Blue Earth,140,0,0,44.03554215,-94.06699781,27013.0,206.93834715385867,0.0,140,138,0,0,138,137,67427,2,0,0,2,1
2020-05-31,US,Minnesota,Brown,16,2,0,44.24205652,-94.72562874,27015.0,63.979526551503525,12.5,14,15,2,0,13,14,25111,1,0,0,1,1
2020-05-31,US,Minnesota,Carlton,73,0,0,46.59180601,-92.67601019,27017.0,203.5070112347021,0.0,73,73,0,0,73,73,35837,0,0,0,0,0
2020-05-31,US,Minnesota,Carver,210,2,0,44.82017001,-93.80099179999999,27019.0,199.8306197603936,0.9523809523809524,208,206,2,0,204,201,103551,4,0,0,4,5
2020-05-31,US,Minnesota,Cass,14,2,0,46.95043611,-94.32603968,27021.0,47.01299573524968,14.285714285714285,12,13,2,0,11,13,29519,1,0,0,1,0
2020-05-31,US,Minnesota,Chippewa,51,1,0,45.02343421,-95.56403693,27023.0,432.2033898305085,1.96078431372549,50,49,1,0,48,49,11924,2,0,0,2,0
2020-05-31,US,Minnesota,Chisago,61,1,0,45.5021011,-92.90861945,27025.0,107.81385319641564,1.639344262295082,60,61,1,0,60,60,55922,0,0,0,0,1
2020-05-31,US,Minnesota,Clay,423,28,0,46.89289518,-96.48761922,27027.0,658.6527981065677,6.619385342789598,395,424,26,0,398,420,63955,-1,2,0,-3,4
2020-05-31,US,Minnesota,Clearwater,3,0,0,47.57992111,-95.37790562,27029.0,34.02132002721706,0.0,3,3,0,0,3,3,8810,0,0,0,0,0
2020-05-31,US,Minnesota,Cottonwood,75,0,0,44.00715262,-95.18138802,27033.0,669.8821007502679,0.0,75,70,0,0,70,69,11277,5,0,0,5,1
2020-05-31,US,Minnesota,Crow Wing,71,2,0,46.48096553,-94.06755609,27035.0,109.13842133579278,2.8169014084507036,69,68,2,0,66,64,64889,3,0,0,3,4
2020-05-31,US,Minnesota,Dakota,1327,55,0,44.67172617,-93.06299363,27037.0,309.3088683304547,4.1446872645064055,1272,1263,54,0,1209,1230,425423,64,1,0,63,33
2020-05-31,US,Minnesota,Dodge,52,0,0,44.02238415,-92.86244324,27039.0,248.39973249259575,0.0,52,52,0,0,52,50,20822,0,0,0,0,2
2020-05-31,US,Minnesota,Douglas,42,0,0,45.93348491,-95.45335469,27041.0,110.1177210875436,0.0,42,41,0,0,41,40,37964,1,0,0,1,1
2020-05-31,US,Minnesota,Faribault,18,0,0,43.67381499,-93.94787458,27043.0,131.83915622940015,0.0,18,18,0,0,18,15,13758,0,0,0,0,3
2020-05-31,US,Minnesota,Fillmore,17,1,0,43.67394126,-92.08980382,27045.0,80.69492571320075,5.882352941176472,16,17,1,0,16,17,21058,0,0,0,0,0
2020-05-31,US,Minnesota,Freeborn,117,0,0,43.67385583,-93.34884422,27047.0,386.3808989135101,0.0,117,115,0,0,115,108,30444,2,0,0,2,7
2020-05-31,US,Minnesota,Goodhue,66,3,0,44.40849741,-92.72341949999999,27049.0,142.42555028053516,4.545454545454546,63,66,3,0,63,62,46403,0,0,0,0,4
2020-05-31,US,Minnesota,Grant,4,0,0,45.93424769,-96.01139609,27051.0,66.97923643670461,0.0,4,4,0,0,4,4,6021,0,0,0,0,0
2020-05-31,US,Minnesota,Hennepin,8393,613,0,45.00761521,-93.47694895,27053.0,663.0364113085113,7.3037054688430825,7780,8181,606,0,7575,7932,1259428,212,7,0,205,249
2020-05-31,US,Minnesota,Houston,2,0,0,43.67129565,-91.49143057,27055.0,10.752688172043008,0.0,2,2,0,0,2,2,18578,0,0,0,0,0
2020-05-31,US,Minnesota,Hubbard,2,0,0,47.10778564,-94.91693868,27057.0,9.306221208878137,0.0,2,3,0,0,3,2,21332,-1,0,0,-1,1
2020-05-31,US,Minnesota,Isanti,35,0,0,45.56181234,-93.29487636,27059.0,86.21539067888462,0.0,35,32,0,0,32,32,39966,3,0,0,3,0
2020-05-31,US,Minnesota,Itasca,54,10,0,47.51009045,-93.63092229,27061.0,119.65433192998007,18.51851851851852,44,54,10,0,44,54,45108,0,0,0,0,0
2020-05-31,US,Minnesota,Jackson,39,0,0,43.67423373,-95.15398258,27063.0,396.0999390615478,0.0,39,39,0,0,39,39,9911,0,0,0,0,0
2020-05-31,US,Minnesota,Kanabec,11,1,0,45.9459309,-93.29275192,27065.0,67.33182346820102,9.090909090909092,10,11,1,0,10,11,16207,0,0,0,0,0
2020-05-31,US,Minnesota,Kandiyohi,496,1,0,45.1526059,-95.00586446,27067.0,1148.1747262668116,0.20161290322580644,495,490,1,0,489,486,42855,6,0,0,6,4
2020-05-31,US,Minnesota,Kittson,1,0,0,48.77754106,-96.78317184,27069.0,23.266635644485806,0.0,1,1,0,0,1,1,4248,0,0,0,0,0
2020-05-31,US,Minnesota,Koochiching,8,0,0,48.24539665,-93.78352843,27071.0,65.41826805135334,0.0,8,7,0,0,7,7,12440,1,0,0,1,0
2020-05-31,US,Minnesota,Lac qui Parle,3,0,0,44.9973857,-96.17488219,27073.0,45.29669334138608,0.0,3,3,0,0,3,3,6658,0,0,0,0,0
2020-05-31,US,Minnesota,Lake,1,0,0,47.64270764,-91.44557998,27075.0,9.3976130062964,0.0,1,1,0,0,1,1,10658,0,0,0,0,0
2020-05-31,US,Minnesota,Le Sueur,44,1,0,44.37136597,-93.72844721,27079.0,152.31765153875446,2.272727272727273,43,44,1,0,43,44,28494,0,0,0,0,0
2020-05-31,US,Minnesota,Lincoln,5,0,0,44.41311883,-96.26688165,27081.0,88.66820358219543,0.0,5,5,0,0,5,5,5673,0,0,0,0,0
2020-05-31,US,Minnesota,Lyon,56,0,0,44.41327865,-95.83806103,27083.0,219.83198555389808,0.0,56,49,0,0,49,43,25629,7,0,0,7,6
2020-05-31,US,Minnesota,Mahnomen,6,1,0,47.32557075,-95.80921485,27087.0,108.5579880586213,16.666666666666668,5,6,1,0,5,6,5519,0,0,0,0,0
2020-05-31,US,Minnesota,Marshall,12,0,0,48.35825983,-96.37017407,27089.0,128.53470437017995,0.0,12,10,0,0,10,10,9390,2,0,0,2,0
2020-05-31,US,Minnesota,Martin,130,5,0,43.67429718,-94.55099908,27091.0,660.4684245287813,3.8461538461538463,125,129,5,0,124,129,19785,1,0,0,1,0
2020-05-31,US,Minnesota,McLeod,37,0,0,44.82367677,-94.27287017,27085.0,103.08416682918677,0.0,37,34,0,0,34,33,35873,3,0,0,3,1
2020-05-31,US,Minnesota,Meeker,45,0,0,45.12328869,-94.52839455,27093.0,193.78175867711656,0.0,45,45,0,0,45,44,23141,0,0,0,0,1
2020-05-31,US,Minnesota,Mille Lacs,19,1,0,45.93705297,-93.63236823,27095.0,72.3065798987708,5.2631578947368425,18,19,1,0,18,19,26139,0,0,0,0,0
2020-05-31,US,Minnesota,Morrison,46,0,0,46.01265363,-94.27341528,27097.0,137.7823039597436,0.0,46,45,0,0,45,45,33169,1,0,0,1,0
2020-05-31,US,Minnesota,Mower,318,2,0,43.67142874,-92.75234549,27099.0,793.7696570316009,0.6289308176100629,316,303,1,0,302,254,40011,15,1,0,14,49
2020-05-31,US,Minnesota,Murray,39,0,0,44.02216709,-95.76328482,27101.0,475.9580180619966,0.0,39,39,0,0,39,37,8276,0,0,0,0,2
2020-05-31,US,Minnesota,Nicollet,87,10,0,44.35291112,-94.24710352,27103.0,253.8367275485791,11.494252873563216,77,86,10,0,76,83,34220,1,0,0,1,3
2020-05-31,US,Minnesota,Nobles,1539,5,0,43.67434621,-95.75329576,27105.0,7115.446853761154,0.3248862897985705,1534,1512,5,0,1507,1503,21924,27,0,0,27,9
2020-05-31,US,Minnesota,Norman,13,0,0,47.32628443,-96.45620947,27107.0,203.921568627451,0.0,13,13,0,0,13,12,6475,0,0,0,0,1
2020-05-31,US,Minnesota,Olmsted,626,10,0,44.00374114,-92.40209944,27109.0,395.46916161801215,1.597444089456869,616,608,10,0,598,594,156277,18,0,0,18,14
2020-05-31,US,Minnesota,Otter Tail,68,0,0,46.40846929,-95.70835255,27111.0,115.75256187655329,0.0,68,64,0,0,64,63,58812,4,0,0,4,1
2020-05-31,US,Minnesota,Pennington,19,0,0,48.06642577,-96.0370814,27113.0,134.57043699978752,0.0,19,17,0,0,17,17,14178,2,0,0,2,0
2020-05-31,US,Minnesota,Pine,89,0,0,46.12105238,-92.74070188,27115.0,300.889144325366,0.0,89,89,0,0,89,89,29483,0,0,0,0,0
2020-05-31,US,Minnesota,Pipestone,12,0,0,44.02301619,-96.25841142,27117.0,131.49243918474687,0.0,12,12,0,0,12,10,9047,0,0,0,0,2
2020-05-31,US,Minnesota,Polk,61,2,0,47.77372465,-96.40134647,27119.0,194.4904986608851,3.278688524590164,59,61,2,0,59,60,31529,0,0,0,0,1
2020-05-31,US,Minnesota,Pope,9,0,0,45.58606667,-95.44451209,27121.0,80.00711174326605,0.0,9,9,0,0,9,9,11097,0,0,0,0,0
2020-05-31,US,Minnesota,Ramsey,3019,124,0,45.01625271,-93.09872295,27123.0,548.5889144699183,4.107320304736668,2895,2863,122,0,2741,2790,550210,156,2,0,154,73
2020-05-31,US,Minnesota,Red Lake,4,0,0,47.87197525,-96.09561104,27125.0,98.64364981504316,0.0,4,4,0,0,4,4,3999,0,0,0,0,0
2020-05-31,US,Minnesota,Redwood,5,0,0,44.40555844,-95.25207021,27127.0,32.95978905735004,0.0,5,4,0,0,4,4,15249,1,0,0,1,0
2020-05-31,US,Minnesota,Renville,5,0,0,44.72836381,-94.94553734,27129.0,34.36898542755018,0.0,5,5,0,0,5,5,14612,0,0,0,0,0
2020-05-31,US,Minnesota,Rice,462,2,0,44.3543376,-93.29658715,27131.0,689.8405303709012,0.4329004329004329,460,452,2,0,450,438,66523,10,0,0,10,14
2020-05-31,US,Minnesota,Rock,22,0,0,43.67482683,-96.25296832,27133.0,236.17820719269997,0.0,22,22,0,0,22,22,9414,0,0,0,0,0
2020-05-31,US,Minnesota,Roseau,2,0,0,48.77501878,-95.81079919,27135.0,13.188262446422687,0.0,2,3,0,0,3,2,15150,-1,0,0,-1,1
2020-05-31,US,Minnesota,Scott,426,2,0,44.6490231,-93.53340251,27139.0,285.88109762235507,0.4694835680751174,424,408,2,0,406,394,147381,18,0,0,18,14
2020-05-31,US,Minnesota,Sherburne,243,2,0,45.44447208,-93.77617511,27141.0,249.90230156934533,0.8230452674897121,241,237,2,0,235,226,96036,6,0,0,6,11
2020-05-31,US,Minnesota,Sibley,16,0,0,44.5796592,-94.23164924,27143.0,107.63538513286241,0.0,16,16,0,0,16,16,15028,0,0,0,0,0
2020-05-31,US,Minnesota,St. Louis,118,14,0,47.604840700000004,-92.46879855,27137.0,59.275631687346156,11.864406779661017,104,118,14,0,104,118,199754,0,0,0,0,0
2020-05-31,US,Minnesota,Stearns,2021,13,0,45.55192576,-94.61078221,27145.0,1254.6950178488282,0.6432459178624443,2008,2014,13,0,2001,2001,159256,7,0,0,7,13
2020-05-31,US,Minnesota,Steele,158,0,0,44.02240351,-93.22627088,27147.0,431.1168108270349,0.0,158,159,0,0,159,151,36803,-1,0,0,-1,8
2020-05-31,US,Minnesota,Stevens,1,0,0,45.58613007,-96.00163705,27149.0,10.198878123406423,0.0,1,1,0,0,1,2,9753,0,0,0,0,-1
2020-05-31,US,Minnesota,Swift,18,0,0,45.2829032,-95.68264092,27151.0,194.25857975393916,0.0,18,18,0,0,18,18,9345,0,0,0,0,0
2020-05-31,US,Minnesota,Todd,316,0,0,46.06996226,-94.89785296,27153.0,1281.2195913071682,0.0,316,313,0,0,313,302,24582,3,0,0,3,11
2020-05-31,US,Minnesota,Traverse,3,0,0,45.77298854,-96.47062949,27155.0,92.05277692543726,0.0,3,3,0,0,3,3,3308,0,0,0,0,0
2020-05-31,US,Minnesota,Unassigned,89,10,0,0.0,0.0,90027.0,0.0,11.235955056179776,79,86,10,0,76,66,,3,0,0,3,20
2020-05-31,US,Minnesota,Wabasha,18,0,0,44.28424356,-92.23121312,27157.0,83.22929671244277,0.0,18,18,0,0,18,17,21645,0,0,0,0,1
2020-05-31,US,Minnesota,Wadena,10,0,0,46.58589171,-94.96968506,27159.0,73.0887297178775,0.0,10,9,0,0,9,8,13773,1,0,0,1,1
2020-05-31,US,Minnesota,Waseca,26,0,0,44.02211116,-93.58720034,27161.0,139.69482054588437,0.0,26,26,0,0,26,26,18691,0,0,0,0,0
2020-05-31,US,Minnesota,Washington,636,32,0,45.03864533,-92.88429635,27163.0,242.34110653863738,5.031446540880503,604,617,31,0,586,598,259201,19,1,0,18,19
2020-05-31,US,Minnesota,Watonwan,74,0,0,43.97823903,-94.61413846,27165.0,679.0859869688907,0.0,74,71,0,0,71,69,10980,3,0,0,3,2
2020-05-31,US,Minnesota,Wilkin,11,3,0,46.35721532,-96.4684375,27167.0,177.2192685677461,27.272727272727273,8,11,3,0,8,11,6254,0,0,0,0,0
2020-05-31,US,Minnesota,Winona,79,15,0,43.98772283,-91.78081305,27169.0,156.4852230409635,18.9873417721519,64,79,15,0,64,79,50825,0,0,0,0,0
2020-05-31,US,Minnesota,Wright,313,1,0,45.17297924,-93.96234781,27171.0,226.19365935090372,0.3194888178913738,312,305,1,0,304,287,136349,8,0,0,8,18
2020-05-31,US,Minnesota,Yellow Medicine,6,0,0,44.71710183,-95.86842453,27173.0,61.79833144505098,0.0,6,6,0,0,6,6,9795,0,0,0,0,0
2020-05-31,US,Mississippi,Adams,199,15,0,31.47669768,-91.35326037,28001.0,648.3563027400385,7.537688442211055,184,196,15,0,181,192,31192,3,0,0,3,4
2020-05-31,US,Mississippi,Alcorn,17,1,0,34.88084463,-88.57996173,28003.0,46.004383947176144,5.882352941176472,16,17,1,0,16,16,36925,0,0,0,0,1
2020-05-31,US,Mississippi,Amite,64,1,0,31.17467303,-90.80501621,28005.0,520.4521427990567,1.5625,63,60,1,0,59,59,12326,4,0,0,4,1
2020-05-31,US,Mississippi,Attala,298,17,0,33.08658803,-89.57838564,28007.0,1639.705073181468,5.704697986577182,281,292,16,0,276,287,18365,6,1,0,5,5
2020-05-31,US,Mississippi,Benton,15,0,0,34.81681228,-89.18945516,28009.0,181.62005085361423,0.0,15,15,0,0,15,15,8271,0,0,0,0,0
2020-05-31,US,Mississippi,Bolivar,162,11,0,33.79696941,-90.87372121,28011.0,528.9277785033303,6.790123456790122,151,160,11,0,149,156,31333,2,0,0,2,4
2020-05-31,US,Mississippi,Calhoun,65,4,0,33.93683395,-89.33686647,28013.0,452.6147204233689,6.153846153846153,61,64,4,0,60,63,14436,1,0,0,1,1
2020-05-31,US,Mississippi,Carroll,117,11,0,33.44834567,-89.91994479,28015.0,1176.2340404141953,9.401709401709402,106,117,11,0,106,118,9911,0,0,0,0,-1
2020-05-31,US,Mississippi,Chickasaw,135,12,0,33.91983202,-88.9481545,28017.0,789.3352043501139,8.888888888888891,123,133,12,0,121,132,17171,2,0,0,2,1
2020-05-31,US,Mississippi,Choctaw,43,2,0,33.34598242,-89.24809382,28019.0,523.7515225334957,4.651162790697675,41,43,2,0,41,39,8278,0,0,0,0,4
2020-05-31,US,Mississippi,Claiborne,111,2,0,31.97061673,-90.90702196,28021.0,1234.9799732977306,1.8018018018018016,109,111,2,0,109,72,9002,0,0,0,0,39
2020-05-31,US,Mississippi,Clarke,144,18,0,32.04158545,-88.68896219999998,28023.0,926.5813010745767,12.5,126,143,18,0,125,139,15604,1,0,0,1,4
2020-05-31,US,Mississippi,Clay,112,4,0,33.65358105,-88.77784255,28025.0,579.8301925864569,3.571428571428572,108,112,4,0,108,111,19386,0,0,0,0,1
2020-05-31,US,Mississippi,Coahoma,125,4,0,34.22772299,-90.60415045,28027.0,564.9972880130175,3.2,121,121,4,0,117,120,22628,4,0,0,4,1
2020-05-31,US,Mississippi,Copiah,312,4,0,31.86977774,-90.44565118,28029.0,1111.7049706039552,1.2820512820512822,308,310,4,0,306,298,28543,2,0,0,2,12
2020-05-31,US,Mississippi,Covington,165,2,0,31.63225413,-89.55389939,28031.0,885.3831294269156,1.2121212121212122,163,165,2,0,163,159,18853,0,0,0,0,6
2020-05-31,US,Mississippi,DeSoto,542,7,0,34.87625235,-89.99091418,28033.0,293.06009894833596,1.2915129151291511,535,533,7,0,526,520,182001,9,0,0,9,13
2020-05-31,US,Mississippi,Forrest,564,38,0,31.18961454,-89.25832496,28035.0,753.0341669225737,6.73758865248227,526,553,38,0,515,534,75036,11,0,0,11,19
2020-05-31,US,Mississippi,Franklin,29,2,0,31.47786634,-90.89672989,28037.0,375.9885906910411,6.896551724137932,27,28,2,0,26,28,7788,1,0,0,1,0
2020-05-31,US,Mississippi,George,25,1,0,30.86259065,-88.64436789,28039.0,102.04081632653063,4.0,24,25,1,0,24,21,24250,0,0,0,0,4
2020-05-31,US,Mississippi,Greene,13,1,0,31.21444233,-88.63922281,28041.0,95.68673634623876,7.6923076923076925,12,12,1,0,11,11,13586,1,0,0,1,1
2020-05-31,US,Mississippi,Grenada,94,3,0,33.77036166,-89.80245083,28043.0,452.8374602562869,3.191489361702128,91,89,3,0,86,88,21055,5,0,0,5,1
2020-05-31,US,Mississippi,Hancock,91,11,0,30.41830223,-89.48851033,28045.0,191.04803493449782,12.087912087912088,80,90,11,0,79,87,47334,1,0,0,1,3
2020-05-31,US,Mississippi,Harrison,258,7,0,30.51359752,-89.12467576,28047.0,123.99077277970012,2.713178294573644,251,257,7,0,250,251,206650,1,0,0,1,6
2020-05-31,US,Mississippi,Hinds,1006,25,0,32.2656285,-90.44435448,28049.0,433.91994478951005,2.485089463220676,981,999,25,0,974,971,237085,7,0,0,7,28
2020-05-31,US,Mississippi,Holmes,429,28,0,33.12345854,-90.08923538,28051.0,2522.045855379189,6.526806526806527,401,397,28,0,369,389,17622,32,0,0,32,8
2020-05-31,US,Mississippi,Humphreys,60,7,0,33.12825718,-90.52252707,28053.0,744.047619047619,11.666666666666664,53,60,7,0,53,59,8257,0,0,0,0,1
2020-05-31,US,Mississippi,Itawamba,87,7,0,34.27993475,-88.3606733,28057.0,371.9538264215477,8.045977011494253,80,87,7,0,80,85,23517,0,0,0,0,2
2020-05-31,US,Mississippi,Jackson,308,13,0,30.54020656,-88.64184064,28059.0,214.45929103100607,4.220779220779221,295,305,13,0,292,303,143277,3,0,0,3,2
2020-05-31,US,Mississippi,Jasper,163,4,0,32.01922104,-89.11786866,28061.0,994.933772813282,2.4539877300613497,159,157,4,0,153,152,16428,6,0,0,6,5
2020-05-31,US,Mississippi,Jefferson,42,1,0,31.73397872,-91.03764977,28063.0,600.8583690987125,2.380952380952381,41,42,1,0,41,41,7106,0,0,0,0,1
2020-05-31,US,Mississippi,Jefferson Davis,77,3,0,31.56884708,-89.82670990000004,28065.0,691.9482386772107,3.8961038961038965,74,77,2,0,75,77,11234,0,1,0,-1,0
2020-05-31,US,Mississippi,Jones,629,28,0,31.62257767,-89.16896899999998,28067.0,923.668830215278,4.4515103338632755,601,598,25,0,573,576,68461,31,3,0,28,22
2020-05-31,US,Mississippi,Kemper,144,11,0,32.75462946,-88.64105766,28069.0,1478.135906384726,7.638888888888888,133,144,11,0,133,144,10027,0,0,0,0,0
2020-05-31,US,Mississippi,Lafayette,136,4,0,34.35687874,-89.48490961,28071.0,251.76326847960902,2.9411764705882355,132,131,4,0,127,130,54793,5,0,0,5,1
2020-05-31,US,Mississippi,Lamar,238,5,0,31.20572971,-89.5077704,28073.0,375.73212509669577,2.100840336134454,233,235,5,0,230,235,62447,3,0,0,3,0
2020-05-31,US,Mississippi,Lauderdale,738,62,0,32.40419769,-88.66229662,28075.0,995.6155143338956,8.401084010840107,676,735,61,0,674,730,75317,3,1,0,2,5
2020-05-31,US,Mississippi,Lawrence,102,1,0,31.55147224,-90.10841127,28077.0,810.4242809470842,0.9803921568627452,101,102,1,0,101,102,12455,0,0,0,0,0
2020-05-31,US,Mississippi,Leake,427,12,0,32.7536828,-89.52402044,28079.0,1873.9576933204598,2.8103044496487115,415,421,12,0,409,409,22763,6,0,0,6,12
2020-05-31,US,Mississippi,Lee,153,6,0,34.291877500000005,-88.68149954,28081.0,179.08141766936654,3.92156862745098,147,149,6,0,143,139,85202,4,0,0,4,10
2020-05-31,US,Mississippi,Leflore,264,31,0,33.55545125,-90.29900733,28083.0,936.7349111166304,11.742424242424242,233,258,31,0,227,255,28919,6,0,0,6,3
2020-05-31,US,Mississippi,Lincoln,263,29,0,31.53288662,-90.45391915,28085.0,770.0641232102597,11.02661596958175,234,256,28,0,228,250,34205,7,1,0,6,6
2020-05-31,US,Mississippi,Lowndes,211,9,0,33.47386518,-88.44191529999998,28087.0,360.0989845549961,4.265402843601897,202,211,9,0,202,200,58930,0,0,0,0,11
2020-05-31,US,Mississippi,Madison,724,23,0,32.63389156,-90.03513564,28089.0,681.2707015959048,3.176795580110497,701,720,23,0,697,709,105630,4,0,0,4,11
2020-05-31,US,Mississippi,Marion,115,9,0,31.23132643,-89.8209217,28091.0,467.9933260082204,7.826086956521738,106,115,9,0,106,114,24715,0,0,0,0,1
2020-05-31,US,Mississippi,Marshall,83,3,0,34.76216286,-89.50299462,28093.0,235.16745055816853,3.614457831325301,80,83,3,0,80,81,35451,0,0,0,0,2
2020-05-31,US,Mississippi,Monroe,257,25,0,33.89236763,-88.4808438,28095.0,729.0366504028142,9.727626459143966,232,255,25,0,230,254,35564,2,0,0,2,1
2020-05-31,US,Mississippi,Montgomery,85,1,0,33.49419589,-89.61729103,28097.0,869.5652173913044,1.1764705882352942,84,83,1,0,82,81,10023,2,0,0,2,2
2020-05-31,US,Mississippi,Neshoba,646,39,0,32.75339664,-89.11726492,28099.0,2218.5589669620167,6.037151702786377,607,630,38,0,592,606,29125,16,1,0,15,24
2020-05-31,US,Mississippi,Newton,271,4,0,32.40021118,-89.11843336,28101.0,1289.3710153202016,1.4760147601476017,267,271,4,0,267,263,21443,0,0,0,0,8
2020-05-31,US,Mississippi,Noxubee,186,6,0,33.11009499,-88.56949061,28103.0,1785.5428626283956,3.2258064516129035,180,185,6,0,179,179,10535,1,0,0,1,6
2020-05-31,US,Mississippi,Oktibbeha,239,12,0,33.42491685,-88.87905132,28105.0,481.98116441809344,5.02092050209205,227,235,12,0,223,233,49599,4,0,0,4,2
2020-05-31,US,Mississippi,Panola,71,3,0,34.36398677,-89.95064249,28107.0,207.6509124941507,4.225352112676056,68,70,3,0,67,66,34178,1,0,0,1,4
2020-05-31,US,Mississippi,Pearl River,209,31,0,30.77090935,-89.58677275,28109.0,376.33924552084267,14.832535885167465,178,209,31,0,178,207,55387,0,0,0,0,2
2020-05-31,US,Mississippi,Perry,50,3,0,31.17161885,-88.99281835,28111.0,417.6062807984632,6.0,47,50,3,0,47,50,11931,0,0,0,0,0
2020-05-31,US,Mississippi,Pike,203,11,0,31.17507789,-90.40392572,28113.0,516.6972103441253,5.41871921182266,192,202,11,0,191,203,39563,1,0,0,1,-1
2020-05-31,US,Mississippi,Pontotoc,35,3,0,34.226046000000004,-89.03636807,28115.0,108.78348977435196,8.571428571428571,32,32,3,0,29,29,31833,3,0,0,3,3
2020-05-31,US,Mississippi,Prentiss,53,3,0,34.61810501,-88.51986294,28117.0,210.9368781342036,5.660377358490566,50,52,3,0,49,51,25315,1,0,0,1,1
2020-05-31,US,Mississippi,Quitman,33,0,0,34.25157572,-90.28908,28119.0,485.8657243816255,0.0,33,26,0,0,26,25,7051,7,0,0,7,1
2020-05-31,US,Mississippi,Rankin,439,8,0,32.26469147,-89.94537876,28121.0,282.7314823759749,1.8223234624145783,431,421,7,0,414,399,153902,18,1,0,17,22
2020-05-31,US,Mississippi,Scott,650,12,0,32.406704100000006,-89.53789439,28123.0,2311.193286872422,1.8461538461538465,638,650,12,0,638,640,28287,0,0,0,0,10
2020-05-31,US,Mississippi,Sharkey,7,0,0,32.88149103,-90.81595379999999,28125.0,161.99953714417958,0.0,7,7,0,0,7,7,4377,0,0,0,0,0
2020-05-31,US,Mississippi,Simpson,101,0,0,31.91282117,-89.91716179,28127.0,378.8731337684748,0.0,101,101,0,0,101,95,26758,0,0,0,0,6
2020-05-31,US,Mississippi,Smith,152,11,0,32.01744532,-89.50644846,28129.0,955.0138225684847,7.236842105263157,141,150,11,0,139,148,16002,2,0,0,2,2
2020-05-31,US,Mississippi,Stone,30,0,0,30.79187949,-89.11547539,28131.0,163.61256544502618,0.0,30,30,0,0,30,30,18717,0,0,0,0,0
2020-05-31,US,Mississippi,Sunflower,84,3,0,33.60192578,-90.58882684,28133.0,334.52807646356035,3.571428571428572,81,81,3,0,78,79,25735,3,0,0,3,2
2020-05-31,US,Mississippi,Tallahatchie,27,1,0,33.95339918,-90.1729398,28135.0,195.52465783184883,3.703703703703704,26,27,1,0,26,26,13987,0,0,0,0,1
2020-05-31,US,Mississippi,Tate,94,1,0,34.65133709,-89.94485778,28137.0,331.9091839977402,1.0638297872340423,93,89,1,0,88,81,28759,5,0,0,5,8
2020-05-31,US,Mississippi,Tippah,73,11,0,34.76872156,-88.90988194,28139.0,331.5920962979786,15.068493150684931,62,73,11,0,62,71,21995,0,0,0,0,2
2020-05-31,US,Mississippi,Tishomingo,32,0,0,34.74023475,-88.23917219,28141.0,165.09312283960168,0.0,32,32,0,0,32,30,19454,0,0,0,0,2
2020-05-31,US,Mississippi,Tunica,55,3,0,34.64967704,-90.37481167,28143.0,571.0132890365447,5.454545454545454,52,54,3,0,51,53,9944,1,0,0,1,1
2020-05-31,US,Mississippi,Union,83,5,0,34.49162015,-89.00776006,28145.0,288.0444213083464,6.024096385542169,78,83,5,0,78,81,28606,0,0,0,0,2
2020-05-31,US,Mississippi,Walthall,56,0,0,31.14971548,-90.10446654,28147.0,391.9921601567968,0.0,56,55,0,0,55,54,14465,1,0,0,1,1
2020-05-31,US,Mississippi,Warren,173,10,0,32.35810271,-90.83352619,28149.0,381.2168087966329,5.780346820809249,163,171,9,0,162,163,46176,2,1,0,1,8
2020-05-31,US,Mississippi,Washington,178,7,0,33.28392041,-90.94196237,28151.0,405.38386207838937,3.9325842696629216,171,168,7,0,161,166,45063,10,0,0,10,2
2020-05-31,US,Mississippi,Wayne,204,1,0,31.64135687,-88.69573913,28153.0,1010.7516226527276,0.4901960784313725,203,177,1,0,176,171,20298,27,0,0,27,6
2020-05-31,US,Mississippi,Webster,69,2,0,33.61300486,-89.28392912,28155.0,712.147796470224,2.898550724637681,67,69,1,0,68,64,9788,0,1,0,-1,5
2020-05-31,US,Mississippi,Wilkinson,88,9,0,31.16078225,-91.31018819,28157.0,1019.6987253765933,10.227272727272727,79,88,9,0,79,86,8792,0,0,0,0,2
2020-05-31,US,Mississippi,Winston,117,1,0,33.08747908,-89.03391385,28159.0,651.6290726817042,0.8547008547008547,116,112,1,0,111,109,18165,5,0,0,5,3
2020-05-31,US,Mississippi,Yalobusha,93,5,0,34.02824175,-89.70762049999998,28161.0,768.0872150644203,5.376344086021504,88,90,5,0,85,87,12392,3,0,0,3,3
2020-05-31,US,Mississippi,Yazoo,281,4,0,32.77890365,-90.39656148,28163.0,946.4466150218927,1.4234875444839858,277,273,4,0,269,239,28248,8,0,0,8,34
2020-05-31,US,Missouri,Adair,55,0,0,40.19058551,-92.60078167,29001.0,217.02245195912087,0.0,55,51,0,0,51,50,25339,4,0,0,4,1
2020-05-31,US,Missouri,Andrew,30,0,0,39.98492163,-94.80163024,29003.0,169.3766937669377,0.0,30,30,0,0,30,30,17607,0,0,0,0,0
2020-05-31,US,Missouri,Atchison,3,0,0,40.43238737,-95.42970639,29005.0,58.331713007972,0.0,3,3,0,0,3,3,5171,0,0,0,0,0
2020-05-31,US,Missouri,Audrain,82,0,0,39.215877,-91.84242683,29007.0,322.98723806522764,0.0,82,79,0,0,79,73,25473,3,0,0,3,6
2020-05-31,US,Missouri,Barry,9,0,0,36.70978521,-93.82919888,29009.0,25.147391656654282,0.0,9,9,0,0,9,9,35886,0,0,0,0,0
2020-05-31,US,Missouri,Bates,7,1,0,38.25271289,-94.34113157,29013.0,43.284689586940395,14.285714285714285,6,7,1,0,6,7,16320,0,0,0,0,0
2020-05-31,US,Missouri,Benton,11,0,0,38.29503305,-93.28756116,29015.0,56.57563133261328,0.0,11,11,0,0,11,10,19278,0,0,0,0,1
2020-05-31,US,Missouri,Bollinger,6,0,0,37.32449052,-90.02725304,29017.0,49.451908019451075,0.0,6,6,0,0,6,6,12169,0,0,0,0,0
2020-05-31,US,Missouri,Boone,152,1,0,38.99186229,-92.30723575,29019.0,84.22779184652809,0.6578947368421053,151,147,1,0,146,144,180005,5,0,0,5,3
2020-05-31,US,Missouri,Buchanan,692,2,0,39.65816401,-94.80138942,29021.0,792.0882743464128,0.28901734104046245,690,690,2,0,688,687,88571,2,0,0,2,3
2020-05-31,US,Missouri,Butler,35,0,0,36.71462476,-90.40421163,29023.0,82.3955930128537,0.0,35,35,0,0,35,32,42639,0,0,0,0,3
2020-05-31,US,Missouri,Caldwell,5,0,0,39.65620858,-93.98308093,29025.0,55.43237250554324,0.0,5,5,0,0,5,5,9108,0,0,0,0,0
2020-05-31,US,Missouri,Callaway,29,1,0,38.83674754,-91.92186505,29027.0,64.81460787162237,3.4482758620689653,28,29,1,0,28,27,44889,0,0,0,0,2
2020-05-31,US,Missouri,Camden,38,1,0,38.02199522,-92.76083747,29029.0,82.06457186049023,2.631578947368421,37,38,1,0,37,38,45815,0,0,0,0,0
2020-05-31,US,Missouri,Cape Girardeau,73,2,0,37.38489388,-89.6843587,29031.0,92.55619936351765,2.7397260273972597,71,73,2,0,71,73,78753,0,0,0,0,0
2020-05-31,US,Missouri,Carroll,8,0,0,39.42762566,-93.50626255,29033.0,92.17651803203134,0.0,8,8,0,0,8,8,8743,0,0,0,0,0
2020-05-31,US,Missouri,Carter,5,1,0,36.94160441,-90.96051322,29035.0,83.58408559010364,20.0,4,5,1,0,4,5,6054,0,0,0,0,0
2020-05-31,US,Missouri,Cass,90,8,0,38.64789422,-94.353399,29037.0,85.08224617129892,8.888888888888891,82,89,8,0,81,85,104954,1,0,0,1,4
2020-05-31,US,Missouri,Cedar,9,0,0,37.72391475,-93.85445441,29039.0,62.72214091574325,0.0,9,9,0,0,9,9,14165,0,0,0,0,0
2020-05-31,US,Missouri,Chariton,6,0,0,39.51499357,-92.9629191,29041.0,80.79719903043363,0.0,6,6,0,0,6,6,7451,0,0,0,0,0
2020-05-31,US,Missouri,Christian,23,0,0,36.9711783,-93.18537118,29043.0,25.960833004119873,0.0,23,23,0,0,23,21,86983,0,0,0,0,2
2020-05-31,US,Missouri,Clark,1,0,0,40.41040752,-91.73661677,29045.0,14.712373105781962,0.0,1,1,0,0,1,1,6842,0,0,0,0,0
2020-05-31,US,Missouri,Clay,173,3,0,39.31132056,-94.41850862,29047.0,69.21439659449166,1.7341040462427746,170,171,3,0,168,167,246365,2,0,0,2,4
2020-05-31,US,Missouri,Clinton,18,0,0,39.6013098,-94.40465394,29049.0,88.29155834600479,0.0,18,18,0,0,18,18,20470,0,0,0,0,0
2020-05-31,US,Missouri,Cole,60,1,0,38.50455671,-92.27860244,29051.0,78.18098898951072,1.6666666666666667,59,60,1,0,59,60,76796,0,0,0,0,0
2020-05-31,US,Missouri,Cooper,9,0,0,38.844478,-92.80896081,29053.0,50.82161612739286,0.0,9,9,0,0,9,9,17603,0,0,0,0,0
2020-05-31,US,Missouri,Crawford,9,0,0,37.97663738,-91.30528104,29055.0,37.625418060200666,0.0,9,9,0,0,9,9,23957,0,0,0,0,0
2020-05-31,US,Missouri,Dallas,3,0,0,37.681135499999996,-93.02127031,29059.0,17.774617845716318,0.0,3,3,0,0,3,3,16762,0,0,0,0,0
2020-05-31,US,Missouri,Daviess,4,0,0,39.96145298,-93.98519678,29061.0,48.32085044696787,0.0,4,4,0,0,4,4,8313,0,0,0,0,0
2020-05-31,US,Missouri,DeKalb,6,0,0,39.89201062,-94.40476508,29063.0,47.82019606280386,0.0,6,6,0,0,6,6,12630,0,0,0,0,0
2020-05-31,US,Missouri,Dunklin,38,2,0,36.27167174,-90.09122243,29069.0,130.44523016717585,5.2631578947368425,36,38,2,0,36,33,29423,0,0,0,0,5
2020-05-31,US,Missouri,Franklin,139,16,0,38.41127108,-91.07522826,29071.0,133.69626900843537,11.510791366906474,123,139,16,0,123,140,103670,0,0,0,0,-1
2020-05-31,US,Missouri,Gasconade,2,0,0,38.43947277,-91.50847147,29073.0,13.599891200870395,0.0,2,2,0,0,2,2,14705,0,0,0,0,0
2020-05-31,US,Missouri,Gentry,31,0,0,40.21097916,-94.40944419,29075.0,471.7698980368285,0.0,31,26,0,0,26,26,6628,5,0,0,5,0
2020-05-31,US,Missouri,Greene,151,8,0,37.2575872,-93.34230916,29077.0,51.520714056625025,5.298013245033113,143,148,8,0,140,139,291923,3,0,0,3,9
2020-05-31,US,Missouri,Harrison,9,0,0,40.35570088,-93.99222144,29081.0,107.75862068965515,0.0,9,9,0,0,9,9,8414,0,0,0,0,0
2020-05-31,US,Missouri,Henry,12,3,0,38.38482826,-93.79293734,29083.0,54.98533724340176,25.0,9,12,3,0,9,11,21792,0,0,0,0,1
2020-05-31,US,Missouri,Holt,2,0,0,40.09799248,-95.21638879999999,29087.0,45.42357483533954,0.0,2,1,0,0,1,1,4404,1,0,0,1,0
2020-05-31,US,Missouri,Howard,3,0,0,39.1435761,-92.69756691,29089.0,29.99700029997,0.0,3,3,0,0,3,3,10137,0,0,0,0,0
2020-05-31,US,Missouri,Howell,7,0,0,36.77383887,-91.88683935,29091.0,17.448961786773687,0.0,7,7,0,0,7,6,40076,0,0,0,0,1
2020-05-31,US,Missouri,Iron,2,0,0,37.55487945,-90.7735296,29093.0,19.753086419753085,0.0,2,2,0,0,2,2,10177,0,0,0,0,0
2020-05-31,US,Missouri,Jackson,596,19,0,39.01002188,-94.34724536,29095.0,84.77818981495311,3.1879194630872485,577,570,19,0,551,560,700307,26,0,0,26,10
2020-05-31,US,Missouri,Jasper,37,0,0,37.20351921,-94.34050458,29097.0,30.495845971251484,0.0,37,36,0,0,36,36,120636,1,0,0,1,0
2020-05-31,US,Missouri,Jefferson,349,17,0,38.25926778,-90.53870896,29099.0,155.05529120627685,4.871060171919772,332,349,17,0,332,349,224347,0,0,0,0,0
2020-05-31,US,Missouri,Johnson,76,0,0,38.74719601,-93.80691168,29101.0,140.57933483777884,0.0,76,76,0,0,76,76,53652,0,0,0,0,0
2020-05-31,US,Missouri,Kansas City,1182,26,0,39.0997,-94.5786,0.0,241.74597038918648,2.1996615905245345,1156,1149,26,0,1123,1117,491918,33,0,0,33,32
2020-05-31,US,Missouri,Laclede,4,0,0,37.65896829,-92.5888493,29105.0,11.197267866640539,0.0,4,3,0,0,3,3,35713,1,0,0,1,0
2020-05-31,US,Missouri,Lafayette,74,3,0,39.06986886,-93.78076396,29107.0,226.2443438914027,4.0540540540540535,71,73,3,0,70,73,32598,1,0,0,1,0
2020-05-31,US,Missouri,Lawrence,8,0,0,37.10626634,-93.83293097,29109.0,20.857776039629773,0.0,8,8,0,0,8,8,38359,0,0,0,0,0
2020-05-31,US,Missouri,Lewis,7,1,0,40.09673161,-91.72070156,29111.0,71.6039279869067,14.285714285714285,6,7,1,0,6,7,9855,0,0,0,0,0
2020-05-31,US,Missouri,Lincoln,109,1,0,39.05345619,-90.95588181,29113.0,184.70506498568116,0.9174311926605504,108,109,1,0,108,109,57686,0,0,0,0,0
2020-05-31,US,Missouri,Linn,9,1,0,39.87001769,-93.10704106,29115.0,75.50335570469798,11.111111111111109,8,9,1,0,8,6,12037,0,0,0,0,3
2020-05-31,US,Missouri,Livingston,3,0,0,39.78110272,-93.54645978,29117.0,19.70184540618638,0.0,3,3,0,0,3,3,15146,0,0,0,0,0
2020-05-31,US,Missouri,Macon,4,0,0,39.83049768,-92.56453089,29121.0,26.460276509889532,0.0,4,4,0,0,4,4,15153,0,0,0,0,0
2020-05-31,US,Missouri,Madison,3,0,0,37.47865134,-90.34671429999999,29123.0,24.81800132362674,0.0,3,3,0,0,3,3,12188,0,0,0,0,0
2020-05-31,US,Missouri,Maries,2,0,0,38.16193985,-91.92249662,29125.0,22.996435552489363,0.0,2,2,0,0,2,2,8769,0,0,0,0,0
2020-05-31,US,Missouri,Marion,5,0,0,39.80601912,-91.62203062,29127.0,17.525411847178407,0.0,5,5,0,0,5,5,28592,0,0,0,0,0
2020-05-31,US,Missouri,McDonald,20,0,0,36.62869595,-94.34867205,29119.0,87.5771773875728,0.0,20,20,0,0,20,20,23078,0,0,0,0,0
2020-05-31,US,Missouri,Miller,4,0,0,38.21450288,-92.42610898,29131.0,15.613411920839999,0.0,4,4,0,0,4,4,25336,0,0,0,0,0
2020-05-31,US,Missouri,Mississippi,58,0,0,36.82516239,-89.29505753,29133.0,440.0606980273142,0.0,58,56,0,0,56,56,13336,2,0,0,2,0
2020-05-31,US,Missouri,Moniteau,47,0,0,38.63571781,-92.57976951,29135.0,291.34639226382353,0.0,47,46,0,0,46,46,16121,1,0,0,1,0
2020-05-31,US,Missouri,Montgomery,9,0,0,38.94022054,-91.47000721,29139.0,77.91533200588694,0.0,9,9,0,0,9,9,11534,0,0,0,0,0
2020-05-31,US,Missouri,Morgan,9,0,0,38.4181765,-92.88791859,29141.0,43.63213264168323,0.0,9,9,0,0,9,9,20358,0,0,0,0,0
2020-05-31,US,Missouri,New Madrid,21,0,0,36.59666326,-89.66070007,29143.0,122.97962052002809,0.0,21,21,0,0,21,20,17296,0,0,0,0,1
2020-05-31,US,Missouri,Newton,18,1,0,36.90519407,-94.3394104,29145.0,30.908716257984747,5.5555555555555545,17,16,1,0,15,16,58266,2,0,0,2,0
2020-05-31,US,Missouri,Nodaway,13,0,0,40.36079813,-94.88133008,29147.0,58.84483070794858,0.0,13,13,0,0,13,12,22304,0,0,0,0,1
2020-05-31,US,Missouri,Oregon,2,0,0,36.68710164,-91.4033755,29149.0,18.995156235160035,0.0,2,2,0,0,2,2,10541,0,0,0,0,0
2020-05-31,US,Missouri,Osage,5,0,0,38.46036182,-91.8613635,29151.0,36.72420124862284,0.0,5,5,0,0,5,5,13714,0,0,0,0,0
2020-05-31,US,Missouri,Pemiscot,83,4,0,36.2130572,-89.78742322,29155.0,525.1502689022461,4.819277108433735,79,78,4,0,74,76,16272,5,0,0,5,2
2020-05-31,US,Missouri,Perry,57,0,0,37.70660776,-89.82741088,29157.0,297.8678929765886,0.0,57,57,0,0,57,55,19150,0,0,0,0,2
2020-05-31,US,Missouri,Pettis,78,1,0,38.72798918,-93.28471706,29159.0,184.2273081556012,1.2820512820512822,77,78,1,0,77,78,42542,0,0,0,0,0
2020-05-31,US,Missouri,Phelps,4,0,0,37.87736118,-91.79351727,29161.0,8.974042581832052,0.0,4,4,0,0,4,4,44732,0,0,0,0,0
2020-05-31,US,Missouri,Pike,22,1,0,39.34310674,-91.16980779,29163.0,120.20544202819364,4.545454545454546,21,19,1,0,18,17,18504,3,0,0,3,2
2020-05-31,US,Missouri,Platte,70,0,0,39.38154439,-94.77068479,29165.0,67.03825011013427,0.0,70,70,0,0,70,70,102985,0,0,0,0,0
2020-05-31,US,Missouri,Polk,3,0,0,37.616229600000004,-93.39828174,29167.0,9.33154997045009,0.0,3,3,0,0,3,3,32201,0,0,0,0,0
2020-05-31,US,Missouri,Pulaski,34,1,0,37.82462075,-92.20783203,29169.0,64.63018229513183,2.9411764705882355,33,34,1,0,33,34,52014,0,0,0,0,0
2020-05-31,US,Missouri,Ralls,5,0,0,39.52817427,-91.51838643,29173.0,48.50130953535746,0.0,5,3,0,0,3,3,10212,2,0,0,2,0
2020-05-31,US,Missouri,Randolph,10,0,0,39.44007257,-92.49713740000001,29175.0,40.40730564085987,0.0,10,10,0,0,10,9,24763,0,0,0,0,1
2020-05-31,US,Missouri,Ray,19,0,0,39.353746799999996,-93.98905745,29177.0,82.54409592492831,0.0,19,19,0,0,19,19,22883,0,0,0,0,0
2020-05-31,US,Missouri,Reynolds,2,0,0,37.36085952,-90.97009925,29179.0,31.897926634768737,0.0,2,2,0,0,2,2,6254,0,0,0,0,0
2020-05-31,US,Missouri,Ripley,7,0,0,36.65460667,-90.85990261,29181.0,52.679108970499705,0.0,7,7,0,0,7,7,13401,0,0,0,0,0
2020-05-31,US,Missouri,Saline,269,2,0,39.13734288,-93.20259964,29195.0,1181.8461403277533,0.7434944237918215,267,269,2,0,267,269,22895,0,0,0,0,0
2020-05-31,US,Missouri,Scotland,5,0,0,40.45214695,-92.14709064,29199.0,101.99918400652795,0.0,5,4,0,0,4,4,4966,1,0,0,1,0
2020-05-31,US,Missouri,Scott,110,10,0,37.05588075,-89.56474493,29201.0,287.3563218390805,9.090909090909092,100,108,10,0,98,100,38458,2,0,0,2,8
2020-05-31,US,Missouri,Shelby,1,0,0,39.79742518,-92.07634971,29205.0,16.863406408094434,0.0,1,1,0,0,1,1,6050,0,0,0,0,0
2020-05-31,US,Missouri,St. Charles,780,59,0,38.77875681,-90.66662425,29183.0,194.0192327783057,7.564102564102564,721,775,58,0,717,768,399182,5,1,0,4,7
2020-05-31,US,Missouri,St. Clair,3,0,0,38.03699437,-93.77631447,29185.0,31.925082473129727,0.0,3,3,0,0,3,3,9395,0,0,0,0,0
2020-05-31,US,Missouri,St. Francois,35,2,0,37.81214171,-90.47598685,29187.0,52.071710183738745,5.7142857142857135,33,35,2,0,33,34,66692,0,0,0,0,1
2020-05-31,US,Missouri,St. Louis,4914,443,0,38.63770039999999,-90.4458375,29189.0,494.2642613947828,9.015059015059013,4471,4914,442,0,4472,4832,996945,0,1,0,-1,82
2020-05-31,US,Missouri,St. Louis City,1955,130,0,38.63555736,-90.24349225,29510.0,650.4178643670817,6.649616368286445,1825,1930,130,0,1800,1916,302838,25,0,0,25,14
2020-05-31,US,Missouri,Ste. Genevieve,12,1,0,37.89090059,-90.1949941,29186.0,67.06158488878954,8.333333333333334,11,12,1,0,11,11,17888,0,0,0,0,1
2020-05-31,US,Missouri,Stoddard,81,0,0,36.85571651,-89.9444155,29207.0,279.06976744186045,0.0,81,79,0,0,79,78,29206,2,0,0,2,1
2020-05-31,US,Missouri,Stone,4,0,0,36.75000327,-93.45256475,29209.0,12.518778167250874,0.0,4,4,0,0,4,4,31749,0,0,0,0,0
2020-05-31,US,Missouri,Sullivan,59,0,0,40.2099105,-93.11150106,29211.0,968.960420430284,0.0,59,57,0,0,57,55,6221,2,0,0,2,2
2020-05-31,US,Missouri,Taney,14,2,0,36.65465345,-93.04075153,29213.0,25.03218423687598,14.285714285714285,12,14,2,0,12,14,55852,0,0,0,0,0
2020-05-31,US,Missouri,Texas,1,0,0,37.31728859,-91.96564727,29215.0,3.937317899047169,0.0,1,1,0,0,1,1,25571,0,0,0,0,0
2020-05-31,US,Missouri,Vernon,9,0,0,37.8457799,-94.34127305,29217.0,43.76793269464572,0.0,9,9,0,0,9,9,20528,0,0,0,0,0
2020-05-31,US,Missouri,Warren,28,0,0,38.76529479,-91.16124662,29219.0,78.54357765996241,0.0,28,28,0,0,28,28,34711,0,0,0,0,0
2020-05-31,US,Missouri,Washington,11,1,0,37.96130078,-90.87948158,29221.0,44.48038819247877,9.090909090909092,10,11,1,0,10,11,24943,0,0,0,0,0
2020-05-31,US,Missouri,Webster,17,0,0,37.2813734,-92.876329,29225.0,42.93796726611437,0.0,17,17,0,0,17,17,39109,0,0,0,0,0
2020-05-31,US,Missouri,Worth,4,0,0,40.47945588,-94.42328751,29227.0,198.7083954297069,0.0,4,4,0,0,4,4,2040,0,0,0,0,0
2020-05-31,US,Missouri,Wright,11,0,0,37.27029221,-92.46914488,29229.0,60.14544261577997,0.0,11,11,0,0,11,11,18378,0,0,0,0,0
2020-05-31,US,Montana,Beaverhead,1,0,0,45.13434354,-112.89846940000001,30001.0,10.578652279699568,0.0,1,1,0,0,1,1,9404,0,0,0,0,0
2020-05-31,US,Montana,Big Horn,29,0,0,45.42335905,-107.492347,30003.0,217.73406411892785,0.0,29,28,0,0,28,18,13338,1,0,0,1,10
2020-05-31,US,Montana,Broadwater,4,0,0,46.33277565,-111.49558130000001,30007.0,64.1333974667308,0.0,4,4,0,0,4,4,6085,0,0,0,0,0
2020-05-31,US,Montana,Carbon,6,0,0,45.22850116,-109.0274047,30009.0,55.94405594405596,0.0,6,6,0,0,6,6,10714,0,0,0,0,0
2020-05-31,US,Montana,Cascade,17,2,0,47.30797024,-111.3467922,30013.0,20.893247793918835,11.764705882352944,15,17,2,0,15,17,81643,0,0,0,0,0
2020-05-31,US,Montana,Deer Lodge,3,0,0,46.05953325,-113.073353,30023.0,32.822757111597376,0.0,3,3,0,0,3,3,9131,0,0,0,0,0
2020-05-31,US,Montana,Flathead,37,2,0,48.29575866,-114.05205690000001,30029.0,35.64341174883918,5.405405405405406,35,37,2,0,35,37,102106,0,0,0,0,0
2020-05-31,US,Montana,Gallatin,151,1,0,45.54486106,-111.1692571,30031.0,131.9537899575301,0.6622516556291391,150,151,1,0,150,150,111876,0,0,0,0,1
2020-05-31,US,Montana,Glacier,6,0,0,48.70513576,-112.9934235,30035.0,43.62684505198866,0.0,6,6,0,0,6,6,13747,0,0,0,0,0
2020-05-31,US,Montana,Golden Valley,3,0,0,46.3816474,-109.17685220000001,30037.0,365.40803897685754,0.0,3,3,0,0,3,3,826,0,0,0,0,0
2020-05-31,US,Montana,Hill,1,0,0,48.62879827,-110.1129252,30041.0,6.066488716330987,0.0,1,1,0,0,1,1,16347,0,0,0,0,0
2020-05-31,US,Montana,Jefferson,3,0,0,46.14907081,-112.094396,30043.0,24.547909336388184,0.0,3,3,0,0,3,3,12097,0,0,0,0,0
2020-05-31,US,Montana,Lake,5,0,0,47.64514965,-114.0898013,30047.0,16.41604832884628,0.0,5,5,0,0,5,5,30250,0,0,0,0,0
2020-05-31,US,Montana,Lewis and Clark,16,0,0,47.12610041,-112.39469799999999,30049.0,23.044129508007835,0.0,16,16,0,0,16,16,68700,0,0,0,0,0
2020-05-31,US,Montana,Liberty,1,0,0,48.56084317,-111.02430700000001,30051.0,42.78990158322636,0.0,1,1,0,0,1,1,2430,0,0,0,0,0
2020-05-31,US,Montana,Lincoln,7,1,0,48.54265777,-115.4046155,30053.0,35.03503503503504,14.285714285714285,6,7,1,0,6,7,19794,0,0,0,0,0
2020-05-31,US,Montana,Madison,8,1,0,45.30080065,-111.9173017,30057.0,93.02325581395347,12.5,7,8,1,0,7,8,8768,0,0,0,0,0
2020-05-31,US,Montana,Meagher,1,0,0,46.59907074,-110.8898557,30059.0,53.705692803437174,0.0,1,1,0,0,1,1,1866,0,0,0,0,0
2020-05-31,US,Montana,Missoula,40,1,0,47.03728583,-113.92135079999998,30063.0,33.44481605351171,2.5,39,40,1,0,39,40,118791,0,0,0,0,0
2020-05-31,US,Montana,Musselshell,1,0,0,46.49684637,-108.39498,30065.0,21.58428663932657,0.0,1,1,0,0,1,1,4651,0,0,0,0,0
2020-05-31,US,Montana,Park,8,0,0,45.48965095,-110.52643940000002,30067.0,48.17535830422739,0.0,8,8,0,0,8,8,16736,0,0,0,0,0
2020-05-31,US,Montana,Pondera,2,0,0,48.22773388,-112.22527029999999,30073.0,33.83522246658772,0.0,2,2,0,0,2,2,5972,0,0,0,0,0
2020-05-31,US,Montana,Ravalli,14,0,0,46.08520862,-114.11891640000002,30081.0,31.959092361776925,0.0,14,13,0,0,13,13,43172,1,0,0,1,0
2020-05-31,US,Montana,Richland,3,0,0,47.78668011,-104.5610786,30083.0,27.770063871146906,0.0,3,3,0,0,3,3,10913,0,0,0,0,0
2020-05-31,US,Montana,Roosevelt,7,0,0,48.29607488,-105.00792679999999,30085.0,63.613231552162844,0.0,7,7,0,0,7,7,11059,0,0,0,0,0
2020-05-31,US,Montana,Silver Bow,11,0,0,45.90018933,-112.6620092,30093.0,31.505083774881854,0.0,11,11,0,0,11,11,34993,0,0,0,0,0
2020-05-31,US,Montana,Stillwater,1,0,0,45.67071407,-109.3950061,30095.0,10.371292263015972,0.0,1,1,0,0,1,1,9534,0,0,0,0,0
2020-05-31,US,Montana,Toole,29,6,0,48.65577551,-111.69424140000001,30101.0,612.331081081081,20.689655172413797,23,29,6,0,23,29,4853,0,0,0,0,0
2020-05-31,US,Montana,Wheatland,1,0,0,46.46652491,-109.84646359999999,30107.0,47.036688617121364,0.0,1,1,0,0,1,1,2236,0,0,0,0,0
2020-05-31,US,Montana,Yellowstone,99,3,0,45.93955949,-108.26914860000001,30111.0,61.37631742095474,3.0303030303030303,96,91,3,0,88,90,160137,8,0,0,8,1
2020-05-31,US,Nebraska,Adams,270,11,0,40.52449420000001,-98.50117804,31001.0,860.8870324905142,4.0740740740740735,259,270,11,0,259,268,31511,0,0,0,0,2
2020-05-31,US,Nebraska,Antelope,8,0,0,42.17695516,-98.06662829999999,31003.0,127.02445220704986,0.0,8,8,0,0,8,8,6336,0,0,0,0,0
2020-05-31,US,Nebraska,Boone,6,0,0,41.70759415,-98.06737183,31011.0,115.56240369799693,0.0,6,6,0,0,6,5,5239,0,0,0,0,1
2020-05-31,US,Nebraska,Box Butte,2,0,0,42.22079243,-103.08788340000001,31013.0,18.547713994250213,0.0,2,2,0,0,2,2,10772,0,0,0,0,0
2020-05-31,US,Nebraska,Buffalo,157,1,0,40.85486962,-99.07500296,31019.0,316.1561851829477,0.6369426751592356,156,156,1,0,155,153,49615,1,0,0,1,3
2020-05-31,US,Nebraska,Burt,9,0,0,41.85056773,-96.32605633,31021.0,139.34045517882026,0.0,9,9,0,0,9,9,6488,0,0,0,0,0
2020-05-31,US,Nebraska,Butler,48,0,0,41.22703692,-97.13106306,31023.0,598.8023952095807,0.0,48,48,0,0,48,47,8058,0,0,0,0,1
2020-05-31,US,Nebraska,Cass,50,0,0,40.90899107,-96.13971217,31025.0,190.4907040536422,0.0,50,47,0,0,47,46,26159,3,0,0,3,1
2020-05-31,US,Nebraska,Cedar,8,0,0,42.598885100000004,-97.25311951,31027.0,95.21542489883362,0.0,8,8,0,0,8,7,8446,0,0,0,0,1
2020-05-31,US,Nebraska,Chase,1,0,0,40.523719799999995,-101.69780259999999,31029.0,25.4841997961264,0.0,1,1,0,0,1,1,3977,0,0,0,0,0
2020-05-31,US,Nebraska,Cherry,1,0,0,42.54502621,-101.1244332,31031.0,17.577781683951486,0.0,1,1,0,0,1,1,5761,0,0,0,0,0
2020-05-31,US,Nebraska,Cheyenne,9,0,0,41.21999357,-102.9941693,31033.0,101.010101010101,0.0,9,9,0,0,9,9,9310,0,0,0,0,0
2020-05-31,US,Nebraska,Clay,24,0,0,40.52439441,-98.05126296,31035.0,386.90955989037565,0.0,24,24,0,0,24,24,6214,0,0,0,0,0
2020-05-31,US,Nebraska,Colfax,617,2,0,41.57486951,-97.0868542,31037.0,5761.509011112148,0.3241491085899514,615,612,2,0,610,612,10881,5,0,0,5,0
2020-05-31,US,Nebraska,Cuming,31,0,0,41.91637624,-96.78730772,31039.0,350.44087723264755,0.0,31,31,0,0,31,31,8940,0,0,0,0,0
2020-05-31,US,Nebraska,Custer,31,4,0,41.39374521,-99.72805369,31041.0,287.64962419968447,12.903225806451614,27,31,4,0,27,31,10840,0,0,0,0,0
2020-05-31,US,Nebraska,Dakota,1663,15,0,42.39040144,-96.56656425,31043.0,8304.204534105662,0.9019843656043296,1648,1661,15,0,1646,1650,20083,2,0,0,2,11
2020-05-31,US,Nebraska,Dawes,1,0,0,42.71985036,-103.1313774,31045.0,11.6427989288625,0.0,1,1,0,0,1,1,8716,0,0,0,0,0
2020-05-31,US,Nebraska,Dawson,838,7,0,40.87028216,-99.82014609999999,31047.0,3551.5999152362792,0.8353221957040573,831,835,7,0,828,833,23709,3,0,0,3,2
2020-05-31,US,Nebraska,Dixon,27,0,0,42.49188363,-96.86782408,31051.0,479.06316536550753,0.0,27,27,0,0,27,26,5709,0,0,0,0,1
2020-05-31,US,Nebraska,Dodge,465,1,0,41.58071748,-96.65598179,31053.0,1271.7079174073567,0.21505376344086025,464,463,1,0,462,439,36791,2,0,0,2,24
2020-05-31,US,Nebraska,Douglas,4198,23,0,41.29518299,-96.15085305,31055.0,734.7806072529393,0.547879942829919,4175,4073,23,0,4050,3955,566880,125,0,0,125,118
2020-05-31,US,Nebraska,Fillmore,6,0,0,40.52458567,-97.59646937,31059.0,109.8498718418162,0.0,6,6,0,0,6,5,5527,0,0,0,0,1
2020-05-31,US,Nebraska,Franklin,6,0,0,40.17636348,-98.95299073,31061.0,201.40986908358508,0.0,6,6,0,0,6,6,3023,0,0,0,0,0
2020-05-31,US,Nebraska,Frontier,1,0,0,40.52993007,-100.3924658,31063.0,38.06623524933384,0.0,1,1,0,0,1,1,2608,0,0,0,0,0
2020-05-31,US,Nebraska,Furnas,9,0,0,40.17642064,-99.91247454,31065.0,192.4721984602224,0.0,9,9,0,0,9,8,4715,0,0,0,0,1
2020-05-31,US,Nebraska,Gage,45,4,0,40.26186809,-96.68946704,31067.0,209.17584716218101,8.888888888888891,41,45,4,0,41,45,21493,0,0,0,0,0
2020-05-31,US,Nebraska,Gosper,13,0,0,40.51481965,-99.83020279,31073.0,653.2663316582915,0.0,13,13,0,0,13,13,1996,0,0,0,0,0
2020-05-31,US,Nebraska,Greeley,2,0,0,41.56742671,-98.52150266,31077.0,84.88964346349746,0.0,2,2,0,0,2,2,2356,0,0,0,0,0
2020-05-31,US,Nebraska,Hall,1503,39,0,40.87257079,-98.50218293,31079.0,2449.757958046061,2.594810379241517,1464,1495,39,0,1456,1484,61607,8,0,0,8,11
2020-05-31,US,Nebraska,Hamilton,55,10,0,40.87349452,-98.02099117,31081.0,589.8755898755899,18.181818181818183,45,55,10,0,45,54,9280,0,0,0,0,1
2020-05-31,US,Nebraska,Hitchcock,1,0,0,40.17609175,-101.04164770000001,31087.0,36.205648081100655,0.0,1,1,0,0,1,1,2806,0,0,0,0,0
2020-05-31,US,Nebraska,Holt,1,0,0,42.45522056,-98.78402558,31089.0,9.933445912387008,0.0,1,1,0,0,1,1,10178,0,0,0,0,0
2020-05-31,US,Nebraska,Howard,42,0,0,41.2200529,-98.5166499,31093.0,651.6679596586501,0.0,42,42,0,0,42,42,6468,0,0,0,0,0
2020-05-31,US,Nebraska,Jefferson,6,0,0,40.17584531,-97.142601,31095.0,85.15469770082315,0.0,6,6,0,0,6,6,7097,0,0,0,0,0
2020-05-31,US,Nebraska,Johnson,6,0,0,40.39257596,-96.26522753,31097.0,118.3198580161704,0.0,6,6,0,0,6,7,5134,0,0,0,0,-1
2020-05-31,US,Nebraska,Kearney,11,0,0,40.50663314,-98.94877182,31099.0,169.36104695919937,0.0,11,11,0,0,11,11,6544,0,0,0,0,0
2020-05-31,US,Nebraska,Keith,2,0,0,41.19930341,-101.66201640000001,31101.0,24.894199651481205,0.0,2,2,0,0,2,2,8021,0,0,0,0,0
2020-05-31,US,Nebraska,Kimball,8,0,0,41.19774275,-103.7148131,31105.0,220.26431718061676,0.0,8,8,0,0,8,8,3618,0,0,0,0,0
2020-05-31,US,Nebraska,Knox,10,0,0,42.63758421,-97.89178836,31107.0,120.01920307249159,0.0,10,10,0,0,10,10,8419,0,0,0,0,0
2020-05-31,US,Nebraska,Lancaster,1205,6,0,40.78416049,-96.68777155,31109.0,377.6364035225172,0.4979253112033195,1199,1194,6,0,1188,1176,317272,11,0,0,11,18
2020-05-31,US,Nebraska,Lincoln,48,2,0,41.04658298,-100.74753740000001,31111.0,137.48066678123388,4.166666666666667,46,47,2,0,45,47,35185,1,0,0,1,0
2020-05-31,US,Nebraska,Madison,314,3,0,41.91676024,-97.6005481,31119.0,894.6123821191487,0.9554140127388536,311,314,3,0,311,312,35392,0,0,0,0,2
2020-05-31,US,Nebraska,Merrick,33,0,0,41.16624273,-98.0374887,31121.0,425.531914893617,0.0,33,33,0,0,33,33,7733,0,0,0,0,0
2020-05-31,US,Nebraska,Morrill,11,0,0,41.71711774,-103.0061405,31123.0,236.96682464454975,0.0,11,11,0,0,11,11,4686,0,0,0,0,0
2020-05-31,US,Nebraska,Nance,4,0,0,41.39750195,-97.99327291,31125.0,113.66865586814436,0.0,4,4,0,0,4,4,3532,0,0,0,0,0
2020-05-31,US,Nebraska,Nemaha,3,0,0,40.38514847,-95.85433992,31127.0,43.029259896729776,0.0,3,3,0,0,3,3,6958,0,0,0,0,0
2020-05-31,US,Nebraska,Nuckolls,1,0,0,40.17637905,-98.04743961,31129.0,24.10800385728061,0.0,1,1,0,0,1,1,4195,0,0,0,0,0
2020-05-31,US,Nebraska,Otoe,7,0,0,40.64843556,-96.13374142,31131.0,43.717212090931795,0.0,7,7,0,0,7,7,15985,0,0,0,0,0
2020-05-31,US,Nebraska,Phelps,20,0,0,40.51156033,-99.41461667,31137.0,221.38587558113792,0.0,20,20,0,0,20,20,8996,0,0,0,0,0
2020-05-31,US,Nebraska,Pierce,6,0,0,42.26434853,-97.60122773,31139.0,83.93956351426971,0.0,6,6,0,0,6,5,7142,0,0,0,0,1
2020-05-31,US,Nebraska,Platte,577,1,0,41.57246836,-97.52144359,31141.0,1723.9318792948911,0.1733102253032929,576,571,1,0,570,560,33363,6,0,0,6,11
2020-05-31,US,Nebraska,Polk,11,0,0,41.18813488,-97.56630712,31143.0,211.01093420295413,0.0,11,11,0,0,11,11,5278,0,0,0,0,0
2020-05-31,US,Nebraska,Red Willow,5,0,0,40.17556879999999,-100.476998,31145.0,46.624393882879524,0.0,5,5,0,0,5,5,10726,0,0,0,0,0
2020-05-31,US,Nebraska,Richardson,1,0,0,40.1247415,-95.71755036,31147.0,12.714558169103626,0.0,1,1,0,0,1,1,7937,0,0,0,0,0
2020-05-31,US,Nebraska,Saline,497,1,0,40.52418865,-97.14085859,31151.0,3494.0944881889764,0.2012072434607646,496,497,1,0,496,498,14350,0,0,0,0,-1
2020-05-31,US,Nebraska,Sarpy,620,2,0,41.11314181,-96.11156432,31153.0,331.20365819782467,0.3225806451612903,618,596,2,0,594,578,184459,24,0,0,24,18
2020-05-31,US,Nebraska,Saunders,36,1,0,41.227810299999994,-96.63773905,31155.0,166.8365928260265,2.7777777777777777,35,36,1,0,35,34,21303,0,0,0,0,2
2020-05-31,US,Nebraska,Scotts Bluff,102,0,0,41.85070896,-103.70809859999999,31157.0,286.37205907125616,0.0,102,102,0,0,102,88,35989,0,0,0,0,14
2020-05-31,US,Nebraska,Seward,28,1,0,40.87241834,-97.139673,31159.0,161.99953714417958,3.571428571428572,27,28,1,0,27,27,17318,0,0,0,0,1
2020-05-31,US,Nebraska,Sherman,4,0,0,41.22045983,-98.97588642,31163.0,133.2889036987671,0.0,4,4,0,0,4,4,3038,0,0,0,0,0
2020-05-31,US,Nebraska,Stanton,20,0,0,41.9169835,-97.19394708,31167.0,337.8378378378378,0.0,20,20,0,0,20,20,5970,0,0,0,0,0
2020-05-31,US,Nebraska,Thayer,1,0,0,40.17626377,-97.59504381,31169.0,19.98800719568259,0.0,1,1,0,0,1,1,5039,0,0,0,0,0
2020-05-31,US,Nebraska,Thomas,1,0,0,41.91358968,-100.5556632,31171.0,138.50415512465375,0.0,1,1,0,0,1,1,720,0,0,0,0,0
2020-05-31,US,Nebraska,Thurston,46,0,0,42.15725356,-96.54157099,31173.0,636.7663344407531,0.0,46,44,0,0,44,41,7303,2,0,0,2,3
2020-05-31,US,Nebraska,Unassigned,219,35,0,0.0,0.0,90031.0,0.0,15.981735159817353,184,217,35,0,182,207,,2,0,0,2,10
2020-05-31,US,Nebraska,Valley,4,0,0,41.56730777,-98.98197724,31175.0,96.20009620009621,0.0,4,4,0,0,4,4,4190,0,0,0,0,0
2020-05-31,US,Nebraska,Washington,30,1,0,41.52815707,-96.22019892,31177.0,144.72478170678758,3.333333333333333,29,29,1,0,28,29,20667,1,0,0,1,0
2020-05-31,US,Nebraska,Wayne,15,0,0,42.20934475,-97.11926964,31179.0,159.82951518380398,0.0,15,15,0,0,15,14,9403,0,0,0,0,1
2020-05-31,US,Nebraska,Webster,5,0,0,40.17642643,-98.50019851,31181.0,143.38973329509608,0.0,5,5,0,0,5,5,3533,0,0,0,0,0
2020-05-31,US,Nebraska,York,36,0,0,40.87272618,-97.59710186,31185.0,263.1771328313473,0.0,36,36,0,0,36,36,13772,0,0,0,0,0
2020-05-31,US,Nevada,Carson City,98,4,0,39.15509045,-119.7480219,32510.0,175.26289434151226,4.081632653061225,94,95,4,0,91,95,55414,3,0,0,3,0
2020-05-31,US,Nevada,Churchill,7,1,0,39.58105744,-118.3394607,32001.0,28.102292344132643,14.285714285714285,6,7,1,0,6,7,24440,0,0,0,0,0
2020-05-31,US,Nevada,Clark,6657,343,0,36.21458855,-115.0130241,32003.0,293.68491407168517,5.152471083070452,6314,6579,343,0,6236,6457,2231647,78,0,0,78,122
2020-05-31,US,Nevada,Douglas,32,0,0,38.912862,-119.61713329999999,32005.0,65.43298231264697,0.0,32,31,0,0,31,30,48467,1,0,0,1,1
2020-05-31,US,Nevada,Elko,24,1,0,41.14531606,-115.3577619,32007.0,45.47349274318846,4.166666666666667,23,24,1,0,23,24,52460,0,0,0,0,0
2020-05-31,US,Nevada,Humboldt,78,4,0,41.40692186,-118.11094270000001,32013.0,463.43057453508413,5.128205128205129,74,78,4,0,74,78,16786,0,0,0,0,0
2020-05-31,US,Nevada,Lander,20,0,0,39.933223299999995,-117.03970749999999,32015.0,361.53289949385396,0.0,20,20,0,0,20,20,5575,0,0,0,0,0
2020-05-31,US,Nevada,Lincoln,2,0,0,37.64268459,-114.8790388,32017.0,38.58769052672198,0.0,2,2,0,0,2,2,5201,0,0,0,0,0
2020-05-31,US,Nevada,Lyon,62,1,0,39.01777974,-119.18704790000001,32019.0,107.80733785428622,1.6129032258064515,61,62,1,0,61,61,55808,0,0,0,0,1
2020-05-31,US,Nevada,Mineral,4,0,0,38.53841696,-118.4344506,32021.0,88.79023307436182,0.0,4,4,0,0,4,4,4514,0,0,0,0,0
2020-05-31,US,Nevada,Nye,62,2,0,38.04264256,-116.47227020000001,32023.0,133.26741611675942,3.2258064516129035,60,62,2,0,60,62,45346,0,0,0,0,0
2020-05-31,US,Nevada,Storey,1,0,0,39.44875482,-119.5250207,32029.0,24.254183846713556,0.0,1,1,0,0,1,1,4029,0,0,0,0,0
2020-05-31,US,Nevada,Unassigned,0,2,0,0.0,0.0,90032.0,0.0,0.0,-2,0,2,0,-2,,,0,0,0,0,
2020-05-31,US,Nevada,Washoe,1577,59,0,40.66562265,-119.6631594,32031.0,334.4509977328591,3.741280913126189,1518,1548,59,0,1489,1531,465735,29,0,0,29,17
2020-05-31,US,Nevada,White Pine,4,0,0,39.44157041,-114.89996599999999,32033.0,41.7536534446764,0.0,4,4,0,0,4,4,9475,0,0,0,0,0
2020-05-31,US,New Hampshire,Belknap,60,0,0,43.51637314,-71.41684235,33001.0,97.87449227607132,0.0,60,58,0,0,58,58,61022,2,0,0,2,0
2020-05-31,US,New Hampshire,Carroll,47,0,0,43.87498583,-71.20430216,33003.0,96.09486812512779,0.0,47,46,0,0,46,46,48779,1,0,0,1,0
2020-05-31,US,New Hampshire,Cheshire,57,2,0,42.92015988,-72.25311043,33005.0,74.91621213116909,3.5087719298245608,55,57,2,0,55,57,76493,0,0,0,0,0
2020-05-31,US,New Hampshire,Coos,5,0,0,44.69063265,-71.30633239,33007.0,15.841333206602668,0.0,5,5,0,0,5,5,31589,0,0,0,0,0
2020-05-31,US,New Hampshire,Grafton,76,1,0,43.93779815,-71.82057197,33009.0,84.55154306566095,1.3157894736842106,75,74,1,0,73,74,89786,2,0,0,2,0
2020-05-31,US,New Hampshire,Hillsborough,2464,139,0,42.91537785,-71.7200253,33011.0,590.8518673940412,5.641233766233766,2325,2342,134,0,2208,2342,415247,122,5,0,117,0
2020-05-31,US,New Hampshire,Merrimack,342,14,0,43.29662971,-71.6811573,33013.0,225.90510664438443,4.093567251461988,328,334,14,0,320,334,151132,8,0,0,8,0
2020-05-31,US,New Hampshire,Rockingham,1306,75,0,42.98499744,-71.12883377,33015.0,421.6044859233817,5.742725880551301,1231,1284,73,0,1211,1284,309176,22,2,0,20,0
2020-05-31,US,New Hampshire,Strafford,269,13,0,43.291833000000004,-71.02336013,33017.0,205.92040296096698,4.83271375464684,256,267,13,0,254,267,130090,2,0,0,2,0
2020-05-31,US,New Hampshire,Sullivan,19,1,0,43.36094111,-72.22203125,33019.0,44.03652714040699,5.2631578947368425,18,19,1,0,18,19,43144,0,0,0,0,0
2020-05-31,US,New Hampshire,Unassigned,6,0,0,0.0,0.0,90033.0,0.0,0.0,6,6,0,0,6,6,,0,0,0,0,0
2020-05-31,US,New Jersey,Atlantic,2214,159,0,39.47538693,-74.65848483,34001.0,839.6859711002388,7.181571815718157,2055,2183,159,0,2024,2154,265429,31,0,0,31,29
2020-05-31,US,New Jersey,Bergen,18272,1579,0,40.96010917,-74.07164325,34003.0,1960.0901950435634,8.641637478108581,16693,18211,1573,0,16638,18223,936692,61,6,0,55,-12
2020-05-31,US,New Jersey,Burlington,4627,291,0,39.87681124,-74.66927768,34005.0,1038.9604557324706,6.2891722498379075,4336,4567,290,0,4277,4519,445384,60,1,0,59,48
2020-05-31,US,New Jersey,Camden,6510,338,0,39.80343818,-74.96388753,34007.0,1285.364808646497,5.192012288786482,6172,6425,334,0,6091,6350,507078,85,4,0,81,75
2020-05-31,US,New Jersey,Cape May,617,49,0,39.15008829,-74.80170244,34009.0,670.3679961755342,7.941653160453808,568,615,49,0,566,611,92560,2,0,0,2,4
2020-05-31,US,New Jersey,Cumberland,2298,73,0,39.37199394,-75.10712559,34011.0,1536.846188313816,3.176675369886858,2225,2259,72,0,2187,2209,150972,39,1,0,38,50
2020-05-31,US,New Jersey,Essex,17649,1664,0,40.78681335,-74.24657979,34013.0,2208.955223880597,9.42829622074905,15985,17594,1657,0,15937,17561,799767,55,7,0,48,33
2020-05-31,US,New Jersey,Gloucester,2234,147,0,39.71581067,-75.13995546,34015.0,766.0233990316698,6.5801253357206795,2087,2217,147,0,2070,2198,291408,17,0,0,17,19
2020-05-31,US,New Jersey,Hudson,18767,1183,0,40.73766234,-74.07515667,34017.0,2791.0843541927247,6.303618052965312,17584,18919,1173,0,17746,18919,676061,-152,10,0,-162,0
2020-05-31,US,New Jersey,Hunterdon,993,60,0,40.56335249,-74.91284156,34019.0,798.4176375521623,6.042296072507553,933,985,60,0,925,981,124714,8,0,0,8,4
2020-05-31,US,New Jersey,Mercer,6933,472,0,40.28047017,-74.70479631,34021.0,1886.8900198677302,6.808019616327707,6461,6850,470,0,6380,6775,369811,83,2,0,81,75
2020-05-31,US,New Jersey,Middlesex,15921,994,0,40.43629879,-74.41426991,34023.0,1929.6731639561635,6.2433264242195845,14927,15824,989,0,14835,15734,829685,97,5,0,92,90
2020-05-31,US,New Jersey,Monmouth,8219,597,0,40.26549699,-74.22240686,34025.0,1328.226634022576,7.2636573792432175,7622,8159,596,0,7563,8100,621354,60,1,0,59,59
2020-05-31,US,New Jersey,Morris,6463,615,0,40.86095313,-74.54553709999998,34027.0,1314.031859630575,9.515704781061428,5848,6383,613,0,5770,6367,494228,80,2,0,78,16
2020-05-31,US,New Jersey,Ocean,8748,739,0,39.8895449,-74.28089251,34029.0,1440.744681201477,8.447645176040236,8009,8700,726,0,7974,8627,601651,48,13,0,35,73
2020-05-31,US,New Jersey,Passaic,16170,928,0,41.03238628,-74.29954144,34031.0,3222.232407248728,5.7390228818800235,15242,16099,925,0,15174,16045,503310,71,3,0,68,54
2020-05-31,US,New Jersey,Salem,634,38,0,39.58719656,-75.34696629999998,34033.0,1016.2699366834976,5.993690851735016,596,621,37,0,584,602,62607,13,1,0,12,19
2020-05-31,US,New Jersey,Somerset,4583,419,0,40.56465737,-74.61683016,34035.0,1393.288623249649,9.14248308967925,4164,4567,417,0,4150,4552,331164,16,2,0,14,15
2020-05-31,US,New Jersey,Sussex,1110,149,0,41.13891592,-74.69118243,34037.0,790.1030693012925,13.423423423423426,961,1110,149,0,961,1106,140799,0,0,0,0,4
2020-05-31,US,New Jersey,Unassigned,502,0,0,0.0,0.0,90034.0,0.0,0.0,502,394,0,0,394,448,,108,0,0,108,-54
2020-05-31,US,New Jersey,Union,15821,1073,0,40.65835409,-74.30680092,34039.0,2843.759492829038,6.7821250237026725,14748,15764,1067,0,14697,15610,558067,57,6,0,51,154
2020-05-31,US,New Jersey,Warren,1160,131,0,40.85951833,-74.99556527,34041.0,1101.959778468086,11.29310344827586,1029,1162,131,0,1031,1153,105779,-2,0,0,-2,9
2020-05-31,US,New Mexico,Bernalillo,1476,71,0,35.05163625,-106.6703554,35001.0,217.3397671401709,4.810298102981029,1405,1464,71,0,1393,1445,678701,12,0,0,12,19
2020-05-31,US,New Mexico,Catron,2,1,0,33.91514144,-108.4046587,35003.0,56.70541536716757,50.0,1,2,1,0,1,2,3578,0,0,0,0,0
2020-05-31,US,New Mexico,Chaves,47,2,0,33.36406072,-104.4665365,35005.0,72.73852820552504,4.25531914893617,45,45,2,0,43,44,64689,2,0,0,2,1
2020-05-31,US,New Mexico,Cibola,141,5,0,34.91131525,-107.998876,35006.0,528.584817244611,3.5460992907801416,136,139,5,0,134,137,26746,2,0,0,2,2
2020-05-31,US,New Mexico,Colfax,5,0,0,36.60569702,-104.64726740000002,35007.0,41.87253998827568,0.0,5,5,0,0,5,5,12110,0,0,0,0,0
2020-05-31,US,New Mexico,Curry,52,0,0,34.57421077,-103.34688759999999,35009.0,106.22216774931569,0.0,52,51,0,0,51,52,49437,1,0,0,1,-1
2020-05-31,US,New Mexico,Dona Ana,466,3,0,32.35275771,-106.83293870000001,35013.0,213.5704301198469,0.6437768240343348,463,460,3,0,457,449,217522,6,0,0,6,11
2020-05-31,US,New Mexico,Eddy,22,1,0,32.47167456,-104.3053527,35015.0,37.6325692781389,4.545454545454546,21,20,1,0,19,20,57900,2,0,0,2,0
2020-05-31,US,New Mexico,Grant,15,0,0,32.73911281,-108.3827845,35017.0,55.55967108674717,0.0,15,15,0,0,15,15,27346,0,0,0,0,0
2020-05-31,US,New Mexico,Guadalupe,20,0,0,34.86319296,-104.790669,35019.0,465.11627906976736,0.0,20,20,0,0,20,20,4341,0,0,0,0,0
2020-05-31,US,New Mexico,Harding,1,0,0,35.85751555,-103.82209379999999,35021.0,160.0,0.0,1,1,0,0,1,1,655,0,0,0,0,0
2020-05-31,US,New Mexico,Hidalgo,1,0,0,31.91383467,-108.7151824,35023.0,23.820867079561697,0.0,1,1,0,0,1,1,4240,0,0,0,0,0
2020-05-31,US,New Mexico,Lea,26,0,0,32.79215361,-103.4123733,35025.0,36.58364992261151,0.0,26,26,0,0,26,26,69611,0,0,0,0,0
2020-05-31,US,New Mexico,Lincoln,2,0,0,33.74526079,-105.4586166,35027.0,10.218679746576742,0.0,2,2,0,0,2,2,19556,0,0,0,0,0
2020-05-31,US,New Mexico,Los Alamos,6,0,0,35.86631386,-106.31349850000001,35028.0,30.977334916619338,0.0,6,6,0,0,6,6,19101,0,0,0,0,0
2020-05-31,US,New Mexico,Luna,8,1,0,32.18179341,-107.75088259999998,35029.0,33.74246066894428,12.5,7,8,1,0,7,8,23963,0,0,0,0,0
2020-05-31,US,New Mexico,McKinley,2415,110,0,35.58007720000001,-108.262245,35031.0,3383.916936399176,4.554865424430641,2305,2406,109,0,2297,2348,72290,9,1,0,8,58
2020-05-31,US,New Mexico,Otero,22,2,0,32.61348406,-105.7417604,35035.0,32.597421840272624,9.090909090909092,20,22,2,0,20,22,66781,0,0,0,0,0
2020-05-31,US,New Mexico,Quay,5,1,0,35.10403332,-103.54817270000001,35037.0,60.5840300496789,20.0,4,5,1,0,4,5,8253,0,0,0,0,0
2020-05-31,US,New Mexico,Rio Arriba,47,1,0,36.51072137,-106.69316740000001,35039.0,120.75743172066494,2.127659574468085,46,44,1,0,43,43,39006,3,0,0,3,1
2020-05-31,US,New Mexico,Roosevelt,40,0,0,34.02097406,-103.4799493,35041.0,216.21621621621625,0.0,40,38,0,0,38,37,18743,2,0,0,2,1
2020-05-31,US,New Mexico,San Juan,1733,121,0,36.50838318,-108.32043700000001,35045.0,1398.0541796414914,6.982111944604733,1612,1715,117,0,1598,1692,125043,18,4,0,14,23
2020-05-31,US,New Mexico,San Miguel,15,0,0,35.48014807,-104.8163562,35047.0,54.99138468306632,0.0,15,15,0,0,15,15,27591,0,0,0,0,0
2020-05-31,US,New Mexico,Sandoval,568,27,0,35.68862401,-106.86878030000001,35043.0,387.0580859705073,4.753521126760563,541,566,27,0,539,559,145179,2,0,0,2,7
2020-05-31,US,New Mexico,Santa Fe,142,3,0,35.50708973,-105.9774716,35049.0,94.4412668431344,2.112676056338028,139,140,3,0,137,137,150056,2,0,0,2,3
2020-05-31,US,New Mexico,Sierra,1,0,0,33.13028233,-107.1925893,35051.0,9.266981744045964,0.0,1,1,0,0,1,1,10968,0,0,0,0,0
2020-05-31,US,New Mexico,Socorro,50,4,0,34.00715494,-106.9298354,35053.0,300.5349522149426,8.0,46,50,4,0,46,50,16735,0,0,0,0,0
2020-05-31,US,New Mexico,Taos,24,0,0,36.58006022,-105.63101979999999,35055.0,73.34290865751917,0.0,24,25,0,0,25,25,32835,-1,0,0,-1,0
2020-05-31,US,New Mexico,Torrance,32,1,0,34.64048375,-105.8508949,35057.0,206.9723821227605,3.125,31,32,1,0,31,33,15591,0,0,0,0,-1
2020-05-31,US,New Mexico,Unassigned,227,0,0,0.0,0.0,90035.0,0.0,0.0,227,223,0,0,223,215,,4,0,0,4,8
2020-05-31,US,New Mexico,Union,4,0,0,36.48126404,-103.4709624,35059.0,98.54644000985463,0.0,4,4,0,0,4,4,4118,0,0,0,0,0
2020-05-31,US,New Mexico,Valencia,74,2,0,34.71669834,-106.8103733,35061.0,96.49488837888588,2.702702702702702,72,73,2,0,71,74,76456,1,0,0,1,-1
2020-05-31,US,New York,Albany,1860,76,0,42.60060306,-73.97723916,36001.0,608.8260132370559,4.086021505376344,1784,1843,76,0,1767,1834,307117,17,0,0,17,9
2020-05-31,US,New York,Allegany,45,0,0,42.25748406,-78.02750466,36003.0,97.63294352476622,0.0,45,45,0,0,45,45,46430,0,0,0,0,0
2020-05-31,US,New York,Broome,566,44,0,42.15903158,-75.81326086,36007.0,297.1315778421738,7.773851590106008,522,561,44,0,517,557,191659,5,0,0,5,4
2020-05-31,US,New York,Cattaraugus,88,0,0,42.24778241,-78.67923096,36009.0,115.6114928334012,0.0,88,87,0,0,87,86,76840,1,0,0,1,1
2020-05-31,US,New York,Cayuga,91,1,0,42.91261714,-76.55731592,36011.0,118.83618888424571,1.0989010989010992,90,90,1,0,89,89,77145,1,0,0,1,1
2020-05-31,US,New York,Chautauqua,84,4,0,42.22769210000001,-79.36691763,36013.0,66.19228859837828,4.761904761904762,80,83,4,0,79,82,127939,1,0,0,1,1
2020-05-31,US,New York,Chemung,137,1,0,42.13891056,-76.7638805,36015.0,164.15835889570553,0.7299270072992701,136,137,1,0,136,137,84254,0,0,0,0,0
2020-05-31,US,New York,Chenango,133,0,0,42.49430041,-75.60887553,36017.0,281.7378778570975,0.0,133,132,0,0,132,130,47536,1,0,0,1,2
2020-05-31,US,New York,Clinton,95,4,0,44.74530905,-73.67875352,36019.0,118.03441635087285,4.2105263157894735,91,95,4,0,91,95,80695,0,0,0,0,0
2020-05-31,US,New York,Columbia,387,32,0,42.24819348,-73.63089095,36021.0,650.8467735154135,8.268733850129198,355,383,32,0,351,382,59916,4,0,0,4,1
2020-05-31,US,New York,Cortland,41,0,0,42.59509207,-76.07048931,36023.0,86.16884891027931,0.0,41,41,0,0,41,39,47823,0,0,0,0,2
2020-05-31,US,New York,Delaware,79,4,0,42.19837623,-74.96709306,36025.0,178.99626147048824,5.063291139240507,75,79,4,0,75,79,44527,0,0,0,0,0
2020-05-31,US,New York,Dutchess,3909,139,0,41.76486060000001,-73.74356679,36027.0,1328.6066794009885,3.5558966487592736,3770,3899,139,0,3760,3887,293718,10,0,0,10,12
2020-05-31,US,New York,Erie,6070,516,0,42.76249024,-78.73063652,36029.0,660.7147910856839,8.500823723228995,5554,6014,516,0,5498,5935,919719,56,0,0,56,79
2020-05-31,US,New York,Essex,37,0,0,44.11630765,-73.77297842,36031.0,100.31177985631015,0.0,37,36,0,0,36,36,37300,1,0,0,1,0
2020-05-31,US,New York,Franklin,22,0,0,44.59040891,-74.29926032,36033.0,43.98064851465355,0.0,22,22,0,0,22,21,50293,0,0,0,0,1
2020-05-31,US,New York,Fulton,208,18,0,43.11363907,-74.41798804,36035.0,389.6371504036866,8.653846153846152,190,207,18,0,189,206,53591,1,0,0,1,1
2020-05-31,US,New York,Genesee,202,4,0,43.0022601,-78.19135193,36037.0,352.6536312849162,1.98019801980198,198,200,4,0,196,199,57511,2,0,0,2,1
2020-05-31,US,New York,Greene,238,18,0,42.275797,-74.12384884,36039.0,504.3655166567772,7.563025210084032,220,238,18,0,220,237,47491,0,0,0,0,1
2020-05-31,US,New York,Hamilton,5,0,0,43.66146647,-74.49721957,36041.0,113.22463768115942,0.0,5,5,0,0,5,5,4434,0,0,0,0,0
2020-05-31,US,New York,Herkimer,108,3,0,43.42034246,-74.96145307,36043.0,176.1281168968835,2.7777777777777777,105,107,3,0,104,107,61833,1,0,0,1,0
2020-05-31,US,New York,Jefferson,74,0,0,44.04200959,-75.94653457,36045.0,67.37440136933918,0.0,74,74,0,0,74,74,111755,0,0,0,0,0
2020-05-31,US,New York,Lewis,20,0,0,43.784415700000004,-75.44903992,36049.0,76.057195010648,0.0,20,20,0,0,20,20,26447,0,0,0,0,0
2020-05-31,US,New York,Livingston,119,7,0,42.72596275,-77.77966158,36051.0,189.1470896779731,5.882352941176472,112,118,7,0,111,118,63227,1,0,0,1,0
2020-05-31,US,New York,Madison,316,10,0,42.91653905,-75.67266639,36053.0,445.44057738120415,3.1645569620253164,306,311,10,0,301,310,70795,5,0,0,5,1
2020-05-31,US,New York,Monroe,2942,216,0,43.14638895,-77.69322942,36055.0,396.6188980411718,7.3419442556084284,2726,2909,216,0,2693,2860,742474,33,0,0,33,49
2020-05-31,US,New York,Montgomery,91,4,0,42.90123494,-74.44011632,36057.0,184.8804372117592,4.395604395604397,87,89,4,0,85,84,49455,2,0,0,2,5
2020-05-31,US,New York,Nassau,40396,2122,0,40.74066522,-73.58941873,36059.0,2977.027453269306,5.2529953460738685,38274,40307,2121,0,38186,40226,1358343,89,1,0,88,81
2020-05-31,US,New York,New York City,203303,21569,0,40.76727260000001,-73.97152637,36061.0,2438.6165607329513,10.609287615037653,181734,202751,21512,0,181239,201999,1628701,552,57,0,495,752
2020-05-31,US,New York,Niagara,1037,63,0,43.19898042,-78.74777412,36063.0,495.50604211562444,6.075216972034715,974,1020,63,0,957,1008,210433,17,0,0,17,12
2020-05-31,US,New York,Oneida,1027,46,0,43.24375382,-75.43710392,36065.0,449.1168534707068,4.47906523855891,981,1006,46,0,960,988,229577,21,0,0,21,18
2020-05-31,US,New York,Onondaga,2170,131,0,43.00491923,-76.19971155,36067.0,471.1982767605878,6.0368663594470044,2039,2133,131,0,2002,2092,461809,37,0,0,37,41
2020-05-31,US,New York,Ontario,207,9,0,42.85145728,-77.30874425,36069.0,188.56408901682502,4.3478260869565215,198,206,9,0,197,205,109864,1,0,0,1,1
2020-05-31,US,New York,Orange,10406,444,0,41.40337468,-74.30240757,36071.0,2703.2784330025456,4.2667691716317515,9962,10389,444,0,9945,10361,381951,17,0,0,17,28
2020-05-31,US,New York,Orleans,229,33,0,43.2516977,-78.2320066,36073.0,567.5059476605868,14.410480349344976,196,228,33,0,195,216,40612,1,0,0,1,12
2020-05-31,US,New York,Oswego,109,3,0,43.42778894,-76.14635194,36075.0,93.06376148355591,2.7522935779816518,106,108,3,0,105,108,117898,1,0,0,1,0
2020-05-31,US,New York,Otsego,72,5,0,42.63492579,-75.03151402,36077.0,121.0226413191468,6.9444444444444455,67,71,5,0,66,71,59749,1,0,0,1,0
2020-05-31,US,New York,Putnam,1252,60,0,41.42630093,-73.74965532,36079.0,1273.393002441009,4.792332268370607,1192,1248,60,0,1188,1241,98892,4,0,0,4,7
2020-05-31,US,New York,Rensselaer,491,28,0,42.71348136,-73.51089874,36083.0,309.3614929999874,5.7026476578411405,463,486,28,0,458,478,159442,5,0,0,5,8
2020-05-31,US,New York,Rockland,13151,631,0,41.15027894,-74.02560498,36087.0,4036.661765744086,4.798114211847008,12520,13128,631,0,12497,13100,325695,23,0,0,23,28
2020-05-31,US,New York,Saratoga,480,14,0,43.10904162,-73.86653895,36091.0,208.8200362824813,2.9166666666666665,466,477,14,0,463,473,230163,3,0,0,3,4
2020-05-31,US,New York,Schenectady,689,29,0,42.81668777,-74.05278291,36093.0,443.6602940134837,4.208998548621191,660,686,29,0,657,680,155350,3,0,0,3,6
2020-05-31,US,New York,Schoharie,50,0,0,42.58831742,-74.44339029999998,36095.0,161.29552566211814,0.0,50,50,0,0,50,49,31097,0,0,0,0,1
2020-05-31,US,New York,Schuyler,11,0,0,42.39184015,-76.8773299,36097.0,61.773459875329934,0.0,11,11,0,0,11,11,17912,0,0,0,0,0
2020-05-31,US,New York,Seneca,58,0,0,42.78081007,-76.82497064,36099.0,170.5079962370649,0.0,58,58,0,0,58,57,34300,0,0,0,0,1
2020-05-31,US,New York,St. Lawrence,204,2,0,44.4976179,-75.06550039,36089.0,189.34471876740298,0.9803921568627452,202,202,2,0,200,202,108047,2,0,0,2,0
2020-05-31,US,New York,Steuben,241,41,0,42.2689144,-77.3829924,36101.0,252.67616561297558,17.012448132780086,200,241,41,0,200,241,95796,0,0,0,0,0
2020-05-31,US,New York,Suffolk,39643,1901,0,40.88320119,-72.8012172,36103.0,2684.7469289266364,4.795298034962036,37742,39532,1892,0,37640,39445,1481093,111,9,0,102,87
2020-05-31,US,New York,Sullivan,1387,31,0,41.71579493,-74.76394559,36105.0,1838.742178385831,2.235039653929344,1356,1375,31,0,1344,1364,75498,12,0,0,12,11
2020-05-31,US,New York,Tioga,130,21,0,42.16852837,-76.30835812,36107.0,269.6927577121756,16.153846153846153,109,128,21,0,107,126,48560,2,0,0,2,2
2020-05-31,US,New York,Tompkins,164,0,0,42.44945765,-76.47229843,36109.0,160.50107653161092,0.0,164,161,0,0,161,157,102793,3,0,0,3,4
2020-05-31,US,New York,Ulster,1685,74,0,41.89027881,-74.26252104,36111.0,948.9055205464797,4.3916913946587535,1611,1678,74,0,1604,1663,178599,7,0,0,7,15
2020-05-31,US,New York,Warren,255,28,0,43.56173026,-73.8433699,36113.0,398.7864381333667,10.980392156862745,227,255,28,0,227,254,64265,0,0,0,0,1
2020-05-31,US,New York,Washington,235,13,0,43.31153794,-73.43043448,36115.0,383.9618325599634,5.531914893617022,222,235,13,0,222,232,61197,0,0,0,0,3
2020-05-31,US,New York,Wayne,115,3,0,43.15494365,-77.02976528,36117.0,127.89430369892568,2.608695652173913,112,113,3,0,110,113,90064,2,0,0,2,0
2020-05-31,US,New York,Westchester,33481,1371,0,41.16278376,-73.75741653,36119.0,3460.5470146955163,4.094859771213524,32110,33429,1364,0,32065,33349,967612,52,7,0,45,80
2020-05-31,US,New York,Wyoming,86,5,0,42.70145109,-78.22199579,36121.0,215.7605559597581,5.813953488372092,81,84,5,0,79,82,40085,2,0,0,2,2
2020-05-31,US,New York,Yates,39,6,0,42.63505484,-77.10369919,36123.0,156.5447758198531,15.384615384615385,33,39,6,0,33,39,24841,0,0,0,0,0
2020-05-31,US,North Carolina,Alamance,364,24,0,36.0434701,-79.39976137,37001.0,214.7378605265797,6.593406593406592,340,342,24,0,318,342,166436,22,0,0,22,0
2020-05-31,US,North Carolina,Alexander,33,0,0,35.922379600000006,-81.17751948,37003.0,88.00704056324507,0.0,33,33,0,0,33,30,37353,0,0,0,0,3
2020-05-31,US,North Carolina,Alleghany,16,0,0,36.49360862,-81.12857041,37005.0,143.66525994432968,0.0,16,15,0,0,15,14,11161,1,0,0,1,1
2020-05-31,US,North Carolina,Anson,65,1,0,34.97403241,-80.09953279,37007.0,265.892170498241,1.5384615384615383,64,64,1,0,63,64,24877,1,0,0,1,0
2020-05-31,US,North Carolina,Ashe,37,0,0,36.43296207,-81.49862729,37009.0,136.0144101753483,0.0,37,36,0,0,36,36,27109,1,0,0,1,0
2020-05-31,US,North Carolina,Avery,2,0,0,36.07569796,-81.92308483,37011.0,11.391467790624821,0.0,2,2,0,0,2,2,17505,0,0,0,0,0
2020-05-31,US,North Carolina,Beaufort,36,0,0,35.48531943,-76.84325809,37013.0,76.60552410946079,0.0,36,36,0,0,36,36,47079,0,0,0,0,0
2020-05-31,US,North Carolina,Bertie,122,4,0,36.0688473,-76.96545943,37015.0,643.9014091940678,3.278688524590164,118,122,4,0,118,119,19026,0,0,0,0,3
2020-05-31,US,North Carolina,Bladen,101,2,0,34.61296243,-78.56180059,37017.0,308.6608398019681,1.98019801980198,99,100,2,0,98,95,33190,1,0,0,1,5
2020-05-31,US,North Carolina,Brunswick,85,2,0,34.070565,-78.22814204,37019.0,59.51547402324604,2.3529411764705883,83,83,2,0,81,83,136744,2,0,0,2,0
2020-05-31,US,North Carolina,Buncombe,335,23,0,35.61113393,-82.53305,37021.0,128.2586306572585,6.865671641791044,312,323,23,0,300,310,259103,12,0,0,12,13
2020-05-31,US,North Carolina,Burke,425,15,0,35.74989637,-81.70755735,37023.0,469.6911090235951,3.5294117647058822,410,390,15,0,375,380,90382,35,0,0,35,10
2020-05-31,US,North Carolina,Cabarrus,500,22,0,35.3877799,-80.55267168,37025.0,230.99702937820217,4.4,478,478,22,0,456,473,211342,22,0,0,22,5
2020-05-31,US,North Carolina,Caldwell,138,3,0,35.95204977,-81.54799522,37027.0,167.9281559541483,2.1739130434782608,135,132,3,0,129,127,82029,6,0,0,6,5
2020-05-31,US,North Carolina,Camden,3,0,0,36.33804939,-76.15568396,37029.0,27.606515137572465,0.0,3,3,0,0,3,3,10710,0,0,0,0,0
2020-05-31,US,North Carolina,Carteret,37,9,0,34.8932941,-76.54120135,37031.0,53.25810026916932,24.324324324324326,28,37,9,0,28,37,69524,0,0,0,0,0
2020-05-31,US,North Carolina,Caswell,61,1,0,36.39312665,-79.33353281,37033.0,269.86374093080866,1.639344262295082,60,60,1,0,59,58,22698,1,0,0,1,2
2020-05-31,US,North Carolina,Catawba,217,7,0,35.66211129,-81.2132617,37035.0,136.00666871407887,3.2258064516129035,210,208,6,0,202,208,158652,9,1,0,8,0
2020-05-31,US,North Carolina,Chatham,634,26,0,35.70394416,-79.25541492,37037.0,851.3495367261984,4.100946372239748,608,630,26,0,604,610,73139,4,0,0,4,20
2020-05-31,US,North Carolina,Cherokee,30,1,0,35.1349263,-84.05970864,37039.0,104.85111142178108,3.333333333333333,29,30,1,0,29,30,28383,0,0,0,0,0
2020-05-31,US,North Carolina,Chowan,17,0,0,36.12908077,-76.60118385,37041.0,121.92498027684142,0.0,17,17,0,0,17,17,14029,0,0,0,0,0
2020-05-31,US,North Carolina,Clay,8,0,0,35.05704275,-83.74353633,37043.0,71.23141305315643,0.0,8,8,0,0,8,8,11139,0,0,0,0,0
2020-05-31,US,North Carolina,Cleveland,90,2,0,35.33553364,-81.55204486,37045.0,91.88642837452907,2.2222222222222223,88,89,2,0,87,79,97645,1,0,0,1,10
2020-05-31,US,North Carolina,Columbus,336,26,0,34.26744084,-78.65801424,37047.0,605.3181523384018,7.738095238095237,310,330,26,0,304,330,55655,6,0,0,6,0
2020-05-31,US,North Carolina,Craven,207,5,0,35.11833364,-77.08398081,37049.0,202.66499574109798,2.415458937198068,202,204,5,0,199,192,102912,3,0,0,3,12
2020-05-31,US,North Carolina,Cumberland,697,23,0,35.04762133,-78.82623165,37051.0,207.74405455591355,3.2998565279770444,674,682,23,0,659,662,332330,15,0,0,15,20
2020-05-31,US,North Carolina,Currituck,13,0,0,36.36123664,-75.95876401,37053.0,46.824910852573566,0.0,13,13,0,0,13,15,27072,0,0,0,0,-2
2020-05-31,US,North Carolina,Dare,22,3,0,35.66520691,-75.71767334,37055.0,59.44499986489773,13.636363636363635,19,22,3,0,19,22,36501,0,0,0,0,0
2020-05-31,US,North Carolina,Davidson,413,13,0,35.79115496,-80.21256572,37057.0,246.40681586311,3.1476997578692494,400,398,13,0,385,385,166614,15,0,0,15,13
2020-05-31,US,North Carolina,Davie,98,2,0,35.93099927,-80.54496571,37059.0,228.72613546188683,2.0408163265306123,96,90,2,0,88,87,42733,8,0,0,8,3
2020-05-31,US,North Carolina,Duplin,831,18,0,34.93449805,-77.93140529,37061.0,1414.684802778298,2.166064981949458,813,794,16,0,778,750,58856,37,2,0,35,44
2020-05-31,US,North Carolina,Durham,1615,47,0,36.03638492,-78.87608331,37063.0,502.351565221719,2.9102167182662537,1568,1552,47,0,1505,1441,316739,63,0,0,63,111
2020-05-31,US,North Carolina,Edgecombe,200,9,0,35.91230639,-77.59436892,37065.0,388.5607709045695,4.5,191,197,9,0,188,190,52005,3,0,0,3,7
2020-05-31,US,North Carolina,Forsyth,1347,11,0,36.12859861,-80.25459052,37067.0,352.34570161786047,0.8166295471417966,1336,1253,11,0,1242,1207,379099,94,0,0,94,46
2020-05-31,US,North Carolina,Franklin,159,22,0,36.081519,-78.28708884,37069.0,228.1696204348138,13.836477987421384,137,159,22,0,137,157,67560,0,0,0,0,2
2020-05-31,US,North Carolina,Gaston,286,7,0,35.29373559,-81.17477045,37071.0,127.3777552120216,2.4475524475524475,279,276,7,0,269,261,222846,10,0,0,10,15
2020-05-31,US,North Carolina,Gates,24,1,0,36.44667547,-76.69749701,37073.0,207.57654385054488,4.166666666666667,23,24,1,0,23,25,11573,0,0,0,0,-1
2020-05-31,US,North Carolina,Graham,2,0,0,35.3506925,-83.83369267,37075.0,23.693875133278052,0.0,2,2,0,0,2,2,8484,0,0,0,0,0
2020-05-31,US,North Carolina,Granville,312,10,0,36.30337451,-78.65184241,37077.0,516.1888059824959,3.2051282051282053,302,294,10,0,284,287,60115,18,0,0,18,7
2020-05-31,US,North Carolina,Greene,78,2,0,35.48544173,-77.67578087,37079.0,370.21216004556464,2.5641025641025643,76,77,2,0,75,70,21012,1,0,0,1,7
2020-05-31,US,North Carolina,Guilford,1264,65,0,36.07959451,-79.78824948,37081.0,235.30550622330935,5.14240506329114,1199,1227,65,0,1162,1195,533670,37,0,0,37,32
2020-05-31,US,North Carolina,Halifax,180,1,0,36.25669272,-77.6556109,37083.0,359.9280143971206,0.5555555555555556,179,176,1,0,175,167,50574,4,0,0,4,9
2020-05-31,US,North Carolina,Harnett,288,27,0,35.36731853,-78.87243571,37085.0,211.8020827204801,9.375,261,287,27,0,260,285,134214,1,0,0,1,2
2020-05-31,US,North Carolina,Haywood,47,0,0,35.55269063,-82.98196486,37087.0,75.42083219667185,0.0,47,47,0,0,47,47,61971,0,0,0,0,0
2020-05-31,US,North Carolina,Henderson,345,46,0,35.33788927,-82.4766782,37089.0,293.82457395436785,13.333333333333336,299,339,46,0,293,334,116748,6,0,0,6,5
2020-05-31,US,North Carolina,Hertford,120,2,0,36.3607755,-76.98104134,37091.0,506.8209654939392,1.6666666666666667,118,117,2,0,115,89,23659,3,0,0,3,28
2020-05-31,US,North Carolina,Hoke,240,1,0,35.01888303,-79.23651674,37093.0,434.5149726617663,0.4166666666666667,239,239,1,0,238,232,54764,1,0,0,1,7
2020-05-31,US,North Carolina,Hyde,1,0,0,35.42017674,-76.15180542,37095.0,20.2552157180474,0.0,1,1,0,0,1,1,5230,0,0,0,0,0
2020-05-31,US,North Carolina,Iredell,259,6,0,35.80950511,-80.8743128,37097.0,142.4595447895009,2.3166023166023164,253,254,6,0,248,251,178435,5,0,0,5,3
2020-05-31,US,North Carolina,Jackson,33,1,0,35.28814273,-83.14093385,37099.0,75.10583094360234,3.0303030303030303,32,33,1,0,32,33,43327,0,0,0,0,0
2020-05-31,US,North Carolina,Johnston,456,21,0,35.51745004,-78.36622717,37101.0,217.82849827313592,4.605263157894737,435,440,21,0,419,428,202675,16,0,0,16,12
2020-05-31,US,North Carolina,Jones,28,3,0,35.02254606,-77.35870791,37103.0,297.271472555473,10.714285714285714,25,28,3,0,25,28,9637,0,0,0,0,0
2020-05-31,US,North Carolina,Lee,455,4,0,35.47623147,-79.17569362,37105.0,736.4962203985173,0.8791208791208791,451,432,4,0,428,428,61452,23,0,0,23,4
2020-05-31,US,North Carolina,Lenoir,216,7,0,35.24032589999999,-77.64245615,37107.0,386.0658814277288,3.2407407407407414,209,215,7,0,208,209,55976,1,0,0,1,6
2020-05-31,US,North Carolina,Lincoln,69,0,0,35.48508185,-81.21740317,37109.0,80.12913565049763,0.0,69,67,0,0,67,67,83770,2,0,0,2,0
2020-05-31,US,North Carolina,Macon,70,1,0,35.14867843,-83.41696617,37113.0,195.21445702493168,1.4285714285714286,69,62,1,0,61,47,35285,8,0,0,8,15
2020-05-31,US,North Carolina,Madison,4,0,0,35.85402722,-82.71346418,37115.0,18.38657779820731,0.0,4,4,0,0,4,4,21763,0,0,0,0,0
2020-05-31,US,North Carolina,Martin,72,4,0,35.84326734,-77.10860251,37117.0,320.85561497326205,5.5555555555555545,68,70,4,0,66,65,22671,2,0,0,2,5
2020-05-31,US,North Carolina,McDowell,73,1,0,35.67736232,-82.0482425,37111.0,159.54191799982516,1.3698630136986298,72,64,1,0,63,53,45507,9,0,0,9,11
2020-05-31,US,North Carolina,Mecklenburg,4250,89,0,35.24469268,-80.8317671,37119.0,382.760123780121,2.094117647058824,4161,4028,88,0,3940,3837,1093901,222,1,0,221,191
2020-05-31,US,North Carolina,Mitchell,14,0,0,36.01059309,-82.1582442,37121.0,93.55787222667736,0.0,14,12,0,0,12,12,15000,2,0,0,2,0
2020-05-31,US,North Carolina,Montgomery,128,4,0,35.33155144,-79.90416657,37123.0,471.0558274758032,3.125,124,123,4,0,119,113,27271,5,0,0,5,10
2020-05-31,US,North Carolina,Moore,224,10,0,35.30885257,-79.48474178,37125.0,222.04599524187157,4.464285714285714,214,220,10,0,210,220,98682,4,0,0,4,0
2020-05-31,US,North Carolina,Nash,204,4,0,35.96575634,-77.98422508,37127.0,216.33544719930438,1.96078431372549,200,201,4,0,197,193,94016,3,0,0,3,8
2020-05-31,US,North Carolina,New Hanover,195,5,0,34.25758282,-77.87075626,37129.0,83.16522584689922,2.5641025641025643,190,193,5,0,188,193,232274,2,0,0,2,0
2020-05-31,US,North Carolina,Northampton,156,14,0,36.41736238,-77.39769443,37131.0,800.6980444490068,8.974358974358974,142,156,14,0,142,156,19676,0,0,0,0,0
2020-05-31,US,North Carolina,Onslow,110,2,0,34.72607366,-77.42908179,37133.0,55.572957188614616,1.818181818181818,108,108,2,0,106,100,197683,2,0,0,2,8
2020-05-31,US,North Carolina,Orange,348,40,0,36.06092947,-79.12167935,37135.0,234.3813141517821,11.494252873563216,308,340,40,0,300,326,146027,8,0,0,8,14
2020-05-31,US,North Carolina,Pamlico,10,0,0,35.15253315,-76.66559823,37137.0,78.57928650007858,0.0,10,10,0,0,10,10,12670,0,0,0,0,0
2020-05-31,US,North Carolina,Pasquotank,105,11,0,36.26723798,-76.25134778,37139.0,263.6601044596224,10.476190476190476,94,105,11,0,94,104,39639,0,0,0,0,1
2020-05-31,US,North Carolina,Pender,80,1,0,34.52265624,-77.90352133,37141.0,126.86330478908978,1.25,79,75,1,0,74,76,62162,5,0,0,5,-1
2020-05-31,US,North Carolina,Perquimans,24,2,0,36.17847453,-76.40603143,37143.0,178.2663596523806,8.333333333333334,22,24,2,0,22,24,13422,0,0,0,0,0
2020-05-31,US,North Carolina,Person,48,1,0,36.38989032,-78.97217358,37145.0,121.54975943276779,2.083333333333333,47,48,1,0,47,45,39507,0,0,0,0,3
2020-05-31,US,North Carolina,Pitt,304,2,0,35.59535426,-77.37353178,37147.0,168.19554945723738,0.6578947368421053,302,295,2,0,293,286,179914,9,0,0,9,9
2020-05-31,US,North Carolina,Polk,37,4,0,35.27820615,-82.16812354,37149.0,178.53696197645246,10.810810810810812,33,36,4,0,32,35,20611,1,0,0,1,1
2020-05-31,US,North Carolina,Randolph,665,13,0,35.71015088,-79.80570339,37151.0,462.87595620427794,1.954887218045113,652,659,13,0,646,651,143351,6,0,0,6,8
2020-05-31,US,North Carolina,Richmond,163,3,0,35.00417719,-79.74491009,37153.0,363.6039171072297,1.8404907975460123,160,163,2,0,161,162,44887,0,1,0,-1,1
2020-05-31,US,North Carolina,Robeson,824,23,0,34.64244496,-79.10250529999998,37155.0,630.8133971291867,2.79126213592233,801,786,21,0,765,786,131831,38,2,0,36,0
2020-05-31,US,North Carolina,Rockingham,94,2,0,36.39593137,-79.77504841,37157.0,103.28535325788376,2.127659574468085,92,92,2,0,90,86,90690,2,0,0,2,6
2020-05-31,US,North Carolina,Rowan,654,37,0,35.64003916,-80.52446628,37159.0,460.2781374922584,5.657492354740062,617,640,37,0,603,629,141262,14,0,0,14,11
2020-05-31,US,North Carolina,Rutherford,182,7,0,35.40114178,-81.92112099,37161.0,271.52426561637503,3.8461538461538463,175,182,7,0,175,174,66826,0,0,0,0,8
2020-05-31,US,North Carolina,Sampson,479,4,0,34.98820368,-78.36914061,37163.0,753.9626324156711,0.8350730688935282,475,462,4,0,458,429,63626,17,0,0,17,33
2020-05-31,US,North Carolina,Scotland,85,0,0,34.8386299,-79.4757978,37165.0,244.09154868908482,0.0,85,84,0,0,84,84,34810,1,0,0,1,0
2020-05-31,US,North Carolina,Stanly,78,4,0,35.31647813,-80.25093221,37167.0,124.1919561825303,5.128205128205129,74,72,4,0,68,57,62075,6,0,0,6,15
2020-05-31,US,North Carolina,Stokes,67,0,0,36.4017975,-80.23893369,37169.0,146.95882959356013,0.0,67,66,0,0,66,65,45467,1,0,0,1,1
2020-05-31,US,North Carolina,Surry,214,2,0,36.41689489,-80.69102283,37171.0,298.12072496273487,0.9345794392523364,212,201,2,0,199,197,71948,13,0,0,13,4
2020-05-31,US,North Carolina,Swain,13,0,0,35.48665845,-83.48748932,37173.0,91.0938266414407,0.0,13,13,0,0,13,11,14245,0,0,0,0,2
2020-05-31,US,North Carolina,Transylvania,13,0,0,35.20383864,-82.79638423,37175.0,37.80718336483932,0.0,13,13,0,0,13,12,34215,0,0,0,0,1
2020-05-31,US,North Carolina,Tyrrell,4,0,0,35.87147226,-76.17055253,37177.0,99.60159362549801,0.0,4,4,0,0,4,4,4131,0,0,0,0,0
2020-05-31,US,North Carolina,Union,442,20,0,34.98960527,-80.52955873,37179.0,184.27492818697647,4.524886877828054,422,439,20,0,419,439,235908,3,0,0,3,0
2020-05-31,US,North Carolina,Vance,317,21,0,36.36880673,-78.40670845,37181.0,711.799708094757,6.624605678233437,296,310,21,0,289,300,44582,7,0,0,7,10
2020-05-31,US,North Carolina,Wake,1747,39,0,35.78879266,-78.65249174,37183.0,157.13808993119923,2.2323983972524326,1708,1683,38,0,1645,1661,1092305,64,1,0,63,22
2020-05-31,US,North Carolina,Warren,63,2,0,36.39728256,-78.10652228,37185.0,319.2945111753079,3.1746031746031744,61,62,2,0,60,58,19807,1,0,0,1,4
2020-05-31,US,North Carolina,Washington,29,3,0,35.83810081,-76.57299037,37187.0,250.43177892918823,10.344827586206897,26,27,3,0,24,27,11859,2,0,0,2,0
2020-05-31,US,North Carolina,Watauga,23,0,0,36.23103603,-81.70033724,37189.0,40.94202253591328,0.0,23,19,0,0,19,15,55945,4,0,0,4,4
2020-05-31,US,North Carolina,Wayne,1138,20,0,35.36438125,-78.00027268,37191.0,924.2189213114489,1.7574692442882252,1118,1112,20,0,1092,1088,123248,26,0,0,26,24
2020-05-31,US,North Carolina,Wilkes,497,5,0,36.2084135,-81.16232895,37193.0,726.4807343740863,1.0060362173038229,492,494,5,0,489,492,68557,3,0,0,3,2
2020-05-31,US,North Carolina,Wilson,356,10,0,35.70625477,-77.917978,37195.0,435.20250363687484,2.808988764044944,346,347,10,0,337,338,81455,9,0,0,9,9
2020-05-31,US,North Carolina,Yadkin,171,2,0,36.16222629,-80.66239436,37197.0,453.9782833780232,1.1695906432748535,169,169,2,0,167,169,37543,2,0,0,2,0
2020-05-31,US,North Carolina,Yancey,14,0,0,35.90079156,-82.31237181,37199.0,77.48076816647297,0.0,14,14,0,0,14,14,17903,0,0,0,0,0
2020-05-31,US,North Dakota,Barnes,4,0,0,46.93579637,-98.06605978,38003.0,38.40614498319732,0.0,4,4,0,0,4,4,10542,0,0,0,0,0
2020-05-31,US,North Dakota,Benson,1,0,0,48.0683985,-99.35916363,38005.0,14.637002341920375,0.0,1,1,0,0,1,1,6962,0,0,0,0,0
2020-05-31,US,North Dakota,Bottineau,2,0,0,48.79106111,-100.8378166,38009.0,31.836994587710922,0.0,2,2,0,0,2,2,6411,0,0,0,0,0
2020-05-31,US,North Dakota,Bowman,1,0,0,46.11285362,-103.5203343,38011.0,33.06878306878307,0.0,1,1,0,0,1,1,3076,0,0,0,0,0
2020-05-31,US,North Dakota,Burke,5,0,0,48.79094471,-102.51821170000001,38013.0,236.40661938534282,0.0,5,5,0,0,5,5,2100,0,0,0,0,0
2020-05-31,US,North Dakota,Burleigh,128,0,0,46.97847375,-100.46452140000001,38015.0,133.85480936147073,0.0,128,127,0,0,127,126,95273,1,0,0,1,1
2020-05-31,US,North Dakota,Cass,1705,44,0,46.93201724,-97.24447190000001,38017.0,937.209698608752,2.5806451612903225,1661,1685,43,0,1642,1661,181516,20,1,0,19,24
2020-05-31,US,North Dakota,Divide,1,0,0,48.814938700000006,-103.48736109999999,38023.0,44.16961130742049,0.0,1,1,0,0,1,1,2283,0,0,0,0,0
2020-05-31,US,North Dakota,Dunn,12,0,0,47.35423935,-102.61604679999999,38025.0,271.24773960217004,0.0,12,12,0,0,12,12,4332,0,0,0,0,0
2020-05-31,US,North Dakota,Eddy,4,0,0,47.71701474,-98.90432337,38027.0,174.90161783996498,0.0,4,4,0,0,4,4,2313,0,0,0,0,0
2020-05-31,US,North Dakota,Emmons,4,1,0,46.28398398,-100.2389766,38029.0,123.41869793273679,25.0,3,4,1,0,3,4,3295,0,0,0,0,0
2020-05-31,US,North Dakota,Foster,1,0,0,47.457108399999996,-98.88279923,38031.0,31.152647975077887,0.0,1,1,0,0,1,1,3216,0,0,0,0,0
2020-05-31,US,North Dakota,Grand Forks,333,3,0,47.92093639,-97.45450447,38035.0,479.474737584772,0.9009009009009008,330,333,3,0,330,331,70770,0,0,0,0,2
2020-05-31,US,North Dakota,Grant,2,0,0,46.35821257,-101.63900129999999,38037.0,87.95074758135445,0.0,2,2,0,0,2,2,2374,0,0,0,0,0
2020-05-31,US,North Dakota,Griggs,1,0,0,47.45785838,-98.23850925,38039.0,44.822949350067226,0.0,1,1,0,0,1,1,2232,0,0,0,0,0
2020-05-31,US,North Dakota,McHenry,2,1,0,48.23104458,-100.6324822,38049.0,34.81288076588338,50.0,1,2,1,0,1,2,5816,0,0,0,0,0
2020-05-31,US,North Dakota,McIntosh,1,0,0,46.11182017,-99.44145858,38051.0,40.04805766920305,0.0,1,1,0,0,1,1,2585,0,0,0,0,0
2020-05-31,US,North Dakota,McKenzie,17,0,0,47.74133370000001,-103.395905,38053.0,113.15228966986156,0.0,17,17,0,0,17,16,13632,0,0,0,0,1
2020-05-31,US,North Dakota,McLean,7,0,0,47.60766714,-101.3182418,38055.0,74.07407407407408,0.0,7,7,0,0,7,7,9541,0,0,0,0,0
2020-05-31,US,North Dakota,Mercer,5,0,0,47.31213126,-101.8318399,38057.0,61.072431904238435,0.0,5,5,0,0,5,5,8267,0,0,0,0,0
2020-05-31,US,North Dakota,Morton,59,2,0,46.71681782,-101.2822377,38059.0,188.11376099987243,3.3898305084745757,57,59,2,0,57,59,31095,0,0,0,0,0
2020-05-31,US,North Dakota,Mountrail,39,0,0,48.20197971,-102.3555315,38061.0,369.84352773826464,0.0,39,39,0,0,39,39,10218,0,0,0,0,0
2020-05-31,US,North Dakota,Nelson,1,0,0,47.9226426,-98.19038437,38063.0,34.734282737061484,0.0,1,1,0,0,1,1,2869,0,0,0,0,0
2020-05-31,US,North Dakota,Oliver,1,0,0,47.11530482,-101.3406158,38065.0,51.046452271567134,0.0,1,1,0,0,1,1,1952,0,0,0,0,0
2020-05-31,US,North Dakota,Pembina,6,0,0,48.76623521,-97.5523809,38067.0,88.2223202470225,0.0,6,6,0,0,6,6,6947,0,0,0,0,0
2020-05-31,US,North Dakota,Pierce,3,0,0,48.24977025,-99.96407787,38069.0,75.47169811320755,0.0,3,3,0,0,3,3,4081,0,0,0,0,0
2020-05-31,US,North Dakota,Ramsey,8,1,0,48.26886249,-98.72223879,38071.0,69.4504731313482,12.5,7,8,1,0,7,8,11481,0,0,0,0,0
2020-05-31,US,North Dakota,Ransom,8,0,0,46.45621782,-97.65742504,38073.0,153.31544653123802,0.0,8,8,0,0,8,8,5237,0,0,0,0,0
2020-05-31,US,North Dakota,Renville,3,0,0,48.71982533,-101.6603912,38075.0,128.92135797163732,0.0,3,3,0,0,3,1,2374,0,0,0,0,2
2020-05-31,US,North Dakota,Richland,22,0,0,46.26440649,-96.94852979,38077.0,135.99554923657044,0.0,22,22,0,0,22,21,16239,0,0,0,0,1
2020-05-31,US,North Dakota,Rolette,6,0,0,48.77245354,-99.84097493,38079.0,42.32505643340858,0.0,6,6,0,0,6,6,14301,0,0,0,0,0
2020-05-31,US,North Dakota,Sargent,3,0,0,46.10830372,-97.63217159,38081.0,76.96254489481785,0.0,3,3,0,0,3,3,3870,0,0,0,0,0
2020-05-31,US,North Dakota,Sioux,2,0,0,46.11323337,-101.04401490000001,38085.0,47.28132387706856,0.0,2,2,0,0,2,2,4358,0,0,0,0,0
2020-05-31,US,North Dakota,Slope,3,0,0,46.44737738,-103.4601547,38087.0,400.0,0.0,3,3,0,0,3,3,763,0,0,0,0,0
2020-05-31,US,North Dakota,Stark,62,2,0,46.80851182,-102.65763259999999,38089.0,196.89415351392552,3.2258064516129035,60,61,2,0,59,61,30997,1,0,0,1,0
2020-05-31,US,North Dakota,Steele,1,0,0,47.45611548,-97.72728747,38091.0,52.91005291005291,0.0,1,1,0,0,1,1,1903,0,0,0,0,0
2020-05-31,US,North Dakota,Stutsman,23,0,0,46.97962541,-98.95637318,38093.0,111.08964451313757,0.0,23,23,0,0,23,22,20917,0,0,0,0,1
2020-05-31,US,North Dakota,Traill,13,0,0,47.45367788,-97.16323288,38097.0,161.77202588352415,0.0,13,12,0,0,12,11,8037,1,0,0,1,1
2020-05-31,US,North Dakota,Unassigned,0,6,0,0.0,0.0,90038.0,0.0,0.0,-6,0,6,0,-6,0,,0,0,0,0,0
2020-05-31,US,North Dakota,Walsh,13,0,0,48.36876964,-97.72574783,38099.0,122.1689690818532,0.0,13,13,0,0,13,13,10667,0,0,0,0,0
2020-05-31,US,North Dakota,Ward,37,1,0,48.22390169,-101.54367629999999,38101.0,54.700551440694255,2.702702702702702,36,37,1,0,36,37,67744,0,0,0,0,0
2020-05-31,US,North Dakota,Wells,3,0,0,47.58614526,-99.65904998,38103.0,78.24726134585289,0.0,3,3,0,0,3,3,3957,0,0,0,0,0
2020-05-31,US,North Dakota,Williams,25,0,0,48.34522353,-103.4793387,38105.0,66.5088190694086,0.0,25,25,0,0,25,24,35350,0,0,0,0,1
2020-05-31,US,Ohio,Adams,10,1,0,38.84541072,-83.4718964,39001.0,36.10368979709726,10.0,9,9,1,0,8,9,27724,1,0,0,1,0
2020-05-31,US,Ohio,Allen,212,32,0,40.77285242,-84.10802343,39003.0,207.13036511612003,15.094339622641508,180,211,32,0,179,212,102663,1,0,0,1,-1
2020-05-31,US,Ohio,Ashland,20,0,0,40.84772277,-82.27280781,39005.0,37.394360930371704,0.0,20,20,0,0,20,20,53745,0,0,0,0,0
2020-05-31,US,Ohio,Ashtabula,339,34,0,41.70860332,-80.74830218,39007.0,348.61838113552926,10.029498525073748,305,338,34,0,304,330,97493,1,0,0,1,8
2020-05-31,US,Ohio,Athens,18,1,0,39.33425634,-82.04278644,39009.0,27.5536914292712,5.5555555555555545,17,18,1,0,17,18,65818,0,0,0,0,0
2020-05-31,US,Ohio,Auglaize,73,3,0,40.55998859,-84.22421429999999,39011.0,159.89136148589452,4.109589041095891,70,73,3,0,70,71,45804,0,0,0,0,2
2020-05-31,US,Ohio,Belmont,429,12,0,40.01625942,-80.9924051,39013.0,640.2411724323194,2.797202797202797,417,428,12,0,416,419,67505,1,0,0,1,9
2020-05-31,US,Ohio,Brown,29,1,0,38.93416837,-83.86788395,39015.0,66.77104439123227,3.4482758620689653,28,28,1,0,27,28,43602,1,0,0,1,0
2020-05-31,US,Ohio,Butler,893,29,0,39.44012838,-84.57388716,39017.0,233.07772215465084,3.2474804031354982,864,874,29,0,845,862,382378,19,0,0,19,12
2020-05-31,US,Ohio,Carroll,31,3,0,40.578968599999996,-81.09178213,39019.0,115.18168982685593,9.677419354838712,28,30,3,0,27,30,27081,1,0,0,1,0
2020-05-31,US,Ohio,Champaign,28,1,0,40.13923427,-83.76875242,39021.0,72.007200720072,3.571428571428572,27,27,1,0,26,27,38754,1,0,0,1,0
2020-05-31,US,Ohio,Clark,285,6,0,39.91592258,-83.78498252,39023.0,212.55491001842145,2.1052631578947367,279,277,6,0,271,252,134585,8,0,0,8,25
2020-05-31,US,Ohio,Clermont,211,5,0,39.04847534,-84.15375786,39025.0,102.21481581955936,2.3696682464454977,206,206,5,0,201,206,205466,5,0,0,5,0
2020-05-31,US,Ohio,Clinton,43,1,0,39.41485808,-83.80852286,39027.0,102.45901639344262,2.3255813953488373,42,43,1,0,42,43,42057,0,0,0,0,0
2020-05-31,US,Ohio,Columbiana,793,53,0,40.76932373,-80.78094576,39029.0,778.3437865002013,6.683480453972257,740,743,52,0,691,739,102665,50,1,0,49,4
2020-05-31,US,Ohio,Coshocton,40,0,0,40.30096166,-81.91729018,39031.0,109.28961748633881,0.0,40,38,0,0,38,38,36629,2,0,0,2,0
2020-05-31,US,Ohio,Crawford,114,4,0,40.85065156,-82.91989099,39033.0,274.7385164120114,3.5087719298245608,110,114,4,0,110,110,41550,0,0,0,0,4
2020-05-31,US,Ohio,Cuyahoga,4444,226,0,41.424119,-81.65918339,39035.0,359.8170794901026,5.085508550855086,4218,4369,226,0,4143,4318,1243857,75,0,0,75,51
2020-05-31,US,Ohio,Darke,170,21,0,40.13412966,-84.6194517,39037.0,332.59640404593745,12.352941176470587,149,167,21,0,146,167,51323,3,0,0,3,0
2020-05-31,US,Ohio,Defiance,34,2,0,41.32398837,-84.49076944,39039.0,89.26930448709534,5.882352941176472,32,33,2,0,31,33,38165,1,0,0,1,0
2020-05-31,US,Ohio,Delaware,337,13,0,40.27942393,-83.00457058,39041.0,161.10757874909766,3.8575667655786345,324,331,13,0,318,320,204826,6,0,0,6,11
2020-05-31,US,Ohio,Erie,172,14,0,41.36796058,-82.62904521,39043.0,231.59992459537338,8.13953488372093,158,171,14,0,157,167,74615,1,0,0,1,4
2020-05-31,US,Ohio,Fairfield,267,6,0,39.75107189,-82.63088163,39045.0,169.4441976468199,2.247191011235955,261,259,6,0,253,258,155782,8,0,0,8,1
2020-05-31,US,Ohio,Fayette,40,0,0,39.56021306,-83.4562016,39047.0,140.22787028922,0.0,40,40,0,0,40,40,28666,0,0,0,0,0
2020-05-31,US,Ohio,Franklin,5862,262,0,39.96995815,-83.01115755,39049.0,445.184984917479,4.4694643466393735,5600,5773,260,0,5513,5674,1310300,89,2,0,87,99
2020-05-31,US,Ohio,Fulton,41,0,0,41.60213491,-84.12571393,39051.0,97.32706641978822,0.0,41,40,0,0,40,39,42276,1,0,0,1,1
2020-05-31,US,Ohio,Gallia,8,1,0,38.82708533,-82.31647569,39053.0,26.757642651682385,12.5,7,9,1,0,8,7,29979,-1,0,0,-1,2
2020-05-31,US,Ohio,Geauga,284,32,0,41.49952319,-81.17935342,39055.0,303.2600454890068,11.267605633802814,252,282,32,0,250,277,94031,2,0,0,2,5
2020-05-31,US,Ohio,Greene,101,5,0,39.69116283,-83.89032084,39057.0,59.78560054931721,4.950495049504951,96,101,5,0,96,101,167995,0,0,0,0,0
2020-05-31,US,Ohio,Guernsey,35,1,0,40.05026529,-81.49248905,39059.0,90.03215434083602,2.8571428571428568,34,35,1,0,34,34,39022,0,0,0,0,1
2020-05-31,US,Ohio,Hamilton,2672,150,0,39.19673558,-84.54502924,39061.0,326.86094831266604,5.613772455089821,2522,2642,148,0,2494,2603,816684,30,2,0,28,39
2020-05-31,US,Ohio,Hancock,50,1,0,41.00250487,-83.66838948,39063.0,65.97785783091194,2.0,49,50,1,0,49,50,75930,0,0,0,0,0
2020-05-31,US,Ohio,Hardin,61,0,0,40.66015414,-83.65929931,39065.0,194.4842977841543,0.0,61,60,0,0,60,45,31480,1,0,0,1,15
2020-05-31,US,Ohio,Harrison,10,0,0,40.29380509,-81.09068544,39067.0,66.48936170212765,0.0,10,10,0,0,10,10,15174,0,0,0,0,0
2020-05-31,US,Ohio,Henry,15,0,0,41.333964200000004,-84.06830637,39069.0,55.54321261941791,0.0,15,15,0,0,15,15,27086,0,0,0,0,0
2020-05-31,US,Ohio,Highland,25,1,0,39.1839264,-83.60331456,39071.0,57.922661662148705,4.0,24,23,1,0,22,23,43058,2,0,0,2,0
2020-05-31,US,Ohio,Hocking,69,4,0,39.49537927,-82.47991446,39073.0,244.1268044155109,5.797101449275362,65,69,4,0,65,69,28385,0,0,0,0,0
2020-05-31,US,Ohio,Holmes,39,1,0,40.56163713,-81.92635677,39075.0,88.71701546860783,2.5641025641025643,38,34,1,0,33,32,43892,5,0,0,5,2
2020-05-31,US,Ohio,Huron,58,1,0,41.14651175,-82.59867951,39077.0,99.54347303744896,1.7241379310344829,57,57,1,0,56,56,58504,1,0,0,1,1
2020-05-31,US,Ohio,Jackson,14,0,0,39.01914254,-82.61818559999998,39079.0,43.192546200598535,0.0,14,14,0,0,14,13,32384,0,0,0,0,1
2020-05-31,US,Ohio,Jefferson,67,2,0,40.38614126,-80.76259514,39081.0,102.56410256410255,2.985074626865672,65,67,2,0,65,67,65767,0,0,0,0,0
2020-05-31,US,Ohio,Knox,25,1,0,40.39830217,-82.42027563,39083.0,40.11424537081609,4.0,24,25,1,0,24,24,61893,0,0,0,0,1
2020-05-31,US,Ohio,Lake,308,12,0,41.69710807,-81.23676539,39085.0,133.8263472793712,3.8961038961038965,296,306,12,0,294,302,230514,2,0,0,2,4
2020-05-31,US,Ohio,Lawrence,30,0,0,38.59743452,-82.53466552,39087.0,50.45154129458654,0.0,30,30,0,0,30,30,59866,0,0,0,0,0
2020-05-31,US,Ohio,Licking,248,10,0,40.09136236,-82.48185785,39089.0,140.2223202270697,4.032258064516129,238,243,10,0,233,230,175769,5,0,0,5,13
2020-05-31,US,Ohio,Logan,39,0,0,40.38996525,-83.76784341,39091.0,85.39148712559117,0.0,39,38,0,0,38,37,45358,1,0,0,1,1
2020-05-31,US,Ohio,Lorain,687,59,0,41.29553751,-82.15083537,39093.0,221.7323525899436,8.58806404657933,628,678,59,0,619,672,309461,9,0,0,9,6
2020-05-31,US,Ohio,Lucas,2267,242,0,41.62101218,-83.65468618,39095.0,529.2425784642394,10.674900749889725,2025,2241,242,0,1999,2202,429899,26,0,0,26,39
2020-05-31,US,Ohio,Madison,156,7,0,39.89381073,-83.40178317,39097.0,348.7514251861126,4.487179487179487,149,152,7,0,145,152,44413,4,0,0,4,0
2020-05-31,US,Ohio,Mahoning,1431,174,0,41.01631101,-80.77287029,39099.0,625.7570523388272,12.159329140461216,1257,1428,174,0,1254,1405,229642,3,0,0,3,23
2020-05-31,US,Ohio,Marion,2666,28,0,40.58610662,-83.15736305,39101.0,4095.6784907747383,1.0502625656414104,2638,2660,28,0,2632,2657,65256,6,0,0,6,3
2020-05-31,US,Ohio,Medina,337,22,0,41.11770589,-81.89986209999998,39103.0,187.486786910418,6.528189910979228,315,337,23,0,314,328,179146,0,-1,0,1,9
2020-05-31,US,Ohio,Meigs,6,0,0,39.09224872,-82.0305041,39105.0,26.192866809272275,0.0,6,6,0,0,6,6,23106,0,0,0,0,0
2020-05-31,US,Ohio,Mercer,211,7,0,40.54043046,-84.62912742,39107.0,512.4842125716507,3.3175355450236967,204,210,7,0,203,203,40959,1,0,0,1,7
2020-05-31,US,Ohio,Miami,357,30,0,40.0543329,-84.22871271,39109.0,333.6854010300317,8.403361344537815,327,355,30,0,325,355,106222,2,0,0,2,0
2020-05-31,US,Ohio,Monroe,78,12,0,39.72984936,-81.08464734,39111.0,571.2611688882379,15.384615384615385,66,78,12,0,66,77,13790,0,0,0,0,1
2020-05-31,US,Ohio,Montgomery,663,16,0,39.75394919,-84.29050975,39113.0,124.69742536492336,2.4132730015082955,647,656,16,0,640,651,532331,7,0,0,7,5
2020-05-31,US,Ohio,Morgan,5,0,0,39.62081738,-81.85308173,39115.0,34.46374414116349,0.0,5,5,0,0,5,5,14604,0,0,0,0,0
2020-05-31,US,Ohio,Morrow,107,1,0,40.52363560000001,-82.7892599,39117.0,302.87590579710144,0.9345794392523364,106,107,1,0,106,105,35112,0,0,0,0,2
2020-05-31,US,Ohio,Muskingum,52,0,0,39.96575964,-81.94363275,39119.0,60.31433045293743,0.0,52,50,0,0,50,50,86183,2,0,0,2,0
2020-05-31,US,Ohio,Noble,6,0,0,39.76818851,-81.45937183,39121.0,41.59733777038269,0.0,6,6,0,0,6,6,14354,0,0,0,0,0
2020-05-31,US,Ohio,Ottawa,99,16,0,41.53781826,-83.0940185,39123.0,244.2936458975941,16.161616161616163,83,99,16,0,83,95,40769,0,0,0,0,4
2020-05-31,US,Ohio,Paulding,14,0,0,41.11676341,-84.5801017,39125.0,74.97857754927162,0.0,14,14,0,0,14,14,18760,0,0,0,0,0
2020-05-31,US,Ohio,Perry,18,1,0,39.73508655,-82.23804971,39127.0,49.814579066806886,5.5555555555555545,17,18,1,0,17,18,36033,0,0,0,0,0
2020-05-31,US,Ohio,Pickaway,2074,37,0,39.64170392,-83.0243386,39129.0,3547.907008570402,1.7839922854387658,2037,2050,37,0,2013,2050,58086,24,0,0,24,0
2020-05-31,US,Ohio,Pike,6,0,0,39.07634001,-83.06769584,39131.0,21.604493734696817,0.0,6,6,0,0,6,6,28067,0,0,0,0,0
2020-05-31,US,Ohio,Portage,325,57,0,41.16793482,-81.19735782,39133.0,200.04185491118145,17.53846153846154,268,323,57,0,266,322,162927,2,0,0,2,1
2020-05-31,US,Ohio,Preble,37,1,0,39.7420247,-84.64787018,39135.0,90.5043784550658,2.702702702702702,36,35,1,0,34,35,40997,2,0,0,2,0
2020-05-31,US,Ohio,Putnam,92,14,0,41.02094889,-84.1336111,39137.0,271.6990047547326,15.217391304347824,78,91,14,0,77,90,33780,1,0,0,1,1
2020-05-31,US,Ohio,Richland,200,3,0,40.77180308,-82.53799609999999,39139.0,165.07915545504068,1.5,197,199,3,0,196,197,121099,1,0,0,1,2
2020-05-31,US,Ohio,Ross,71,2,0,39.33705391,-83.06000914,39141.0,92.6095009521822,2.8169014084507036,69,71,2,0,69,68,76931,0,0,0,0,3
2020-05-31,US,Ohio,Sandusky,79,11,0,41.35624126,-83.137872,39143.0,135.001196213131,13.924050632911394,68,73,11,0,62,73,58799,6,0,0,6,0
2020-05-31,US,Ohio,Scioto,16,0,0,38.80270163,-82.98907345,39145.0,21.244390153225165,0.0,16,15,0,0,15,15,75502,1,0,0,1,0
2020-05-31,US,Ohio,Seneca,20,2,0,41.12351311,-83.12783209,39147.0,36.24633005908152,10.0,18,20,2,0,18,20,55207,0,0,0,0,0
2020-05-31,US,Ohio,Shelby,43,3,0,40.33163494,-84.20258189,39149.0,88.49557522123894,6.9767441860465125,40,41,3,0,38,40,48627,2,0,0,2,1
2020-05-31,US,Ohio,Stark,727,91,0,40.81482476,-81.36437305,39151.0,196.1651996999509,12.5171939477304,636,723,91,0,632,716,371574,4,0,0,4,7
2020-05-31,US,Ohio,Summit,1420,173,0,41.12464734,-81.53123079,39153.0,262.47058758292314,12.183098591549294,1247,1390,172,0,1218,1380,541918,30,1,0,29,10
2020-05-31,US,Ohio,Trumbull,573,48,0,41.31735028,-80.76109643,39155.0,289.4319456090193,8.37696335078534,525,569,48,0,521,562,198627,4,0,0,4,7
2020-05-31,US,Ohio,Tuscarawas,343,4,0,40.44214695,-81.47226262,39157.0,372.8787763488319,1.1661807580174928,339,342,3,0,339,339,92176,1,1,0,0,3
2020-05-31,US,Ohio,Union,52,1,0,40.30016061,-83.37239023,39159.0,88.1535227503899,1.9230769230769231,51,51,1,0,50,51,57835,1,0,0,1,0
2020-05-31,US,Ohio,Van Wert,6,0,0,40.8554138,-84.59111700000003,39161.0,21.220159151193638,0.0,6,6,0,0,6,6,28281,0,0,0,0,0
2020-05-31,US,Ohio,Vinton,21,2,0,39.25208988,-82.4831444,39163.0,160.4891096675583,9.523809523809524,19,21,2,0,19,19,13139,0,0,0,0,2
2020-05-31,US,Ohio,Warren,373,21,0,39.42581994,-84.16557457,39165.0,158.99267695927568,5.630026809651475,352,366,21,0,345,359,232173,7,0,0,7,7
2020-05-31,US,Ohio,Washington,118,19,0,39.45690571,-81.49121382,39167.0,196.9588222530086,16.10169491525424,99,118,19,0,99,118,60155,0,0,0,0,0
2020-05-31,US,Ohio,Wayne,274,50,0,40.82925852,-81.88844833,39169.0,236.79889378618958,18.248175182481752,224,272,50,0,222,266,115967,2,0,0,2,6
2020-05-31,US,Ohio,Williams,55,1,0,41.56052014,-84.58429552,39171.0,149.89643519023218,1.818181818181818,54,54,1,0,53,54,36804,1,0,0,1,0
2020-05-31,US,Ohio,Wood,294,46,0,41.36224827,-83.62285108,39173.0,224.7414326884121,15.646258503401361,248,287,46,0,241,285,130696,7,0,0,7,2
2020-05-31,US,Ohio,Wyandot,41,2,0,40.84339621,-83.30734173,39175.0,188.3152673158185,4.878048780487805,39,40,2,0,38,39,21935,1,0,0,1,1
2020-05-31,US,Oklahoma,Adair,87,3,0,35.88494195,-94.65859267,40001.0,391.9978372533117,3.4482758620689653,84,87,3,0,84,85,22082,0,0,0,0,2
2020-05-31,US,Oklahoma,Alfalfa,1,0,0,36.73090616,-98.32408495,40003.0,17.5377060680463,0.0,1,1,0,0,1,1,5754,0,0,0,0,0
2020-05-31,US,Oklahoma,Atoka,3,0,0,34.37366573,-96.03802487,40005.0,21.805494984736157,0.0,3,3,0,0,3,3,13838,0,0,0,0,0
2020-05-31,US,Oklahoma,Beaver,24,0,0,36.7496847,-100.4758872,40007.0,451.8922990020711,0.0,24,24,0,0,24,24,5319,0,0,0,0,0
2020-05-31,US,Oklahoma,Beckham,6,0,0,35.26862449,-99.68128023,40009.0,27.448648154078413,0.0,6,6,0,0,6,6,21709,0,0,0,0,0
2020-05-31,US,Oklahoma,Blaine,6,0,0,35.87518314,-98.43307003,40011.0,63.633471205854285,0.0,6,6,0,0,6,6,9485,0,0,0,0,0
2020-05-31,US,Oklahoma,Bryan,26,1,0,33.96472458,-96.25903472,40013.0,54.172309615584965,3.8461538461538463,25,26,1,0,25,24,47192,0,0,0,0,2
2020-05-31,US,Oklahoma,Caddo,158,10,0,35.17364557,-98.37534464,40015.0,549.3359293512274,6.329113924050633,148,158,10,0,148,155,28977,0,0,0,0,3
2020-05-31,US,Oklahoma,Canadian,132,3,0,35.5426055,-97.98465569,40017.0,89.00516499669601,2.272727272727273,129,132,3,0,129,129,144447,0,0,0,0,3
2020-05-31,US,Oklahoma,Carter,41,1,0,34.25103751,-97.28552485,40019.0,85.21959635010705,2.4390243902439024,40,41,1,0,40,39,48177,0,0,0,0,2
2020-05-31,US,Oklahoma,Cherokee,29,1,0,35.90692775,-94.99980896,40021.0,59.60087962677518,3.4482758620689653,28,29,1,0,28,28,48675,0,0,0,0,1
2020-05-31,US,Oklahoma,Choctaw,39,1,0,34.02807439,-95.54771129,40023.0,265.8124318429662,2.5641025641025643,38,39,1,0,38,32,14668,0,0,0,0,7
2020-05-31,US,Oklahoma,Cimarron,1,0,0,36.74817177,-102.5173885,40025.0,46.79457182966776,0.0,1,1,0,0,1,1,2153,0,0,0,0,0
2020-05-31,US,Oklahoma,Cleveland,500,37,0,35.20413532,-97.32519562,40027.0,176.047659622413,7.4,463,500,37,0,463,498,281669,0,0,0,0,2
2020-05-31,US,Oklahoma,Coal,1,0,0,34.58840127,-96.29798747,40029.0,18.198362147406737,0.0,1,1,0,0,1,1,5520,0,0,0,0,0
2020-05-31,US,Oklahoma,Comanche,279,3,0,34.65973764,-98.47195055,40031.0,231.0578141433884,1.075268817204301,276,279,3,0,276,279,120422,0,0,0,0,0
2020-05-31,US,Oklahoma,Cotton,5,2,0,34.28845626,-98.37053567,40033.0,88.24567596187786,40.0,3,5,2,0,3,5,5776,0,0,0,0,0
2020-05-31,US,Oklahoma,Craig,15,0,0,36.76268118,-95.20916602,40035.0,106.06703436571915,0.0,15,15,0,0,15,15,14306,0,0,0,0,0
2020-05-31,US,Oklahoma,Creek,94,7,0,35.90230551,-96.37086028,40037.0,131.4280920555913,7.446808510638298,87,94,7,0,87,93,71604,0,0,0,0,1
2020-05-31,US,Oklahoma,Custer,16,0,0,35.63853802,-99.00170785,40039.0,55.16670689239045,0.0,16,16,0,0,16,13,29036,0,0,0,0,3
2020-05-31,US,Oklahoma,Delaware,100,16,0,36.40823634,-94.80325046,40041.0,232.50947476109653,16.0,84,100,16,0,84,100,42733,0,0,0,0,0
2020-05-31,US,Oklahoma,Dewey,2,0,0,35.98772922,-99.00730714,40043.0,40.891433244735225,0.0,2,2,0,0,2,2,4894,0,0,0,0,0
2020-05-31,US,Oklahoma,Garfield,27,1,0,36.3791334,-97.78265517,40047.0,44.22169811320755,3.703703703703704,26,27,1,0,26,26,60913,0,0,0,0,1
2020-05-31,US,Oklahoma,Garvin,17,1,0,34.70418038,-97.30811132,40049.0,61.34747934033416,5.882352941176472,16,17,1,0,16,17,27811,0,0,0,0,0
2020-05-31,US,Oklahoma,Grady,92,3,0,35.0167709,-97.88339847,40051.0,164.77415195042445,3.260869565217391,89,92,3,0,89,85,55551,0,0,0,0,7
2020-05-31,US,Oklahoma,Grant,2,0,0,36.796296999999996,-97.78638765,40053.0,46.15739672282484,0.0,2,2,0,0,2,2,4326,0,0,0,0,0
2020-05-31,US,Oklahoma,Greer,66,7,0,34.93535801,-99.56056120000001,40055.0,1155.4621848739494,10.606060606060606,59,66,7,0,59,66,5821,0,0,0,0,0
2020-05-31,US,Oklahoma,Harper,1,0,0,36.78836519,-99.6679804,40059.0,27.11496746203905,0.0,1,1,0,0,1,1,3797,0,0,0,0,0
2020-05-31,US,Oklahoma,Haskell,6,0,0,35.22257600000001,-95.11513306,40061.0,47.517224994060356,0.0,6,6,0,0,6,6,12668,0,0,0,0,0
2020-05-31,US,Oklahoma,Hughes,1,0,0,35.04912569,-96.24921145,40063.0,7.530687551773478,0.0,1,1,0,0,1,1,13335,0,0,0,0,0
2020-05-31,US,Oklahoma,Jackson,27,3,0,34.58781741,-99.41138784,40065.0,110.069302894415,11.111111111111109,24,27,3,0,24,24,24949,0,0,0,0,3
2020-05-31,US,Oklahoma,Jefferson,3,0,0,34.11130184,-97.83182974,40067.0,49.98333888703765,0.0,3,3,0,0,3,3,6123,0,0,0,0,0
2020-05-31,US,Oklahoma,Johnston,3,0,0,34.31440473,-96.66011537,40069.0,27.063599458728014,0.0,3,3,0,0,3,3,10949,0,0,0,0,0
2020-05-31,US,Oklahoma,Kay,53,7,0,36.81799745,-97.14421435,40071.0,121.7327392163168,13.20754716981132,46,53,7,0,46,52,44161,0,0,0,0,1
2020-05-31,US,Oklahoma,Kingfisher,11,0,0,35.94530008,-97.94193268,40073.0,69.77481763399936,0.0,11,11,0,0,11,11,15816,0,0,0,0,0
2020-05-31,US,Oklahoma,Kiowa,6,0,0,34.91671958,-98.97720696,40075.0,68.90215893431328,0.0,6,6,0,0,6,6,8729,0,0,0,0,0
2020-05-31,US,Oklahoma,Latimer,5,1,0,34.87844729,-95.25215049,40077.0,49.63764519011218,20.0,4,5,1,0,4,5,10231,0,0,0,0,0
2020-05-31,US,Oklahoma,Le Flore,14,1,0,34.89851864,-94.70392124,40079.0,28.08256273443925,7.142857142857142,13,14,1,0,13,14,49980,0,0,0,0,0
2020-05-31,US,Oklahoma,Lincoln,22,2,0,35.70270942,-96.8812462,40081.0,63.07881985262494,9.090909090909092,20,22,2,0,20,22,34920,0,0,0,0,0
2020-05-31,US,Oklahoma,Logan,19,1,0,35.91899576,-97.44352845,40083.0,39.5742642311137,5.2631578947368425,18,19,1,0,18,19,47291,0,0,0,0,0
2020-05-31,US,Oklahoma,Love,15,0,0,33.95273467,-97.23906784,40085.0,146.2986442992295,0.0,15,15,0,0,15,15,10134,0,0,0,0,0
2020-05-31,US,Oklahoma,Major,6,1,0,36.31149996,-98.53467076,40093.0,78.64726700747148,16.666666666666668,5,6,1,0,5,6,7644,0,0,0,0,0
2020-05-31,US,Oklahoma,Marshall,8,0,0,34.02311222,-96.76855464,40095.0,47.25060539838167,0.0,8,8,0,0,8,8,16806,0,0,0,0,0
2020-05-31,US,Oklahoma,Mayes,30,4,0,36.30179091,-95.23175116,40097.0,72.99270072992701,13.333333333333336,26,30,4,0,26,30,41107,0,0,0,0,0
2020-05-31,US,Oklahoma,McClain,104,3,0,35.01123903,-97.44572302,40087.0,256.95508227504075,2.8846153846153846,101,104,3,0,101,104,39985,0,0,0,0,0
2020-05-31,US,Oklahoma,McCurtain,35,1,0,34.11664328,-94.77222373,40089.0,106.60331384015595,2.8571428571428568,34,35,1,0,34,34,32703,0,0,0,0,1
2020-05-31,US,Oklahoma,McIntosh,11,1,0,35.37235506,-95.66599306,40091.0,56.133904878546645,9.090909090909092,10,11,1,0,10,11,19815,0,0,0,0,0
2020-05-31,US,Oklahoma,Murray,4,0,0,34.48116015,-97.06826283,40099.0,28.423221772187876,0.0,4,4,0,0,4,4,13953,0,0,0,0,0
2020-05-31,US,Oklahoma,Muskogee,48,6,0,35.61318461,-95.37802952,40101.0,70.59134961836551,12.5,42,48,6,0,42,46,68362,0,0,0,0,2
2020-05-31,US,Oklahoma,Noble,7,0,0,36.38953329,-97.22928674,40103.0,62.887431497619254,0.0,7,7,0,0,7,7,11289,0,0,0,0,0
2020-05-31,US,Oklahoma,Nowata,23,0,0,36.79843529,-95.61902331,40105.0,228.2651845970624,0.0,23,23,0,0,23,23,10218,0,0,0,0,0
2020-05-31,US,Oklahoma,Okfuskee,4,0,0,35.46485198,-96.32639984,40107.0,33.352789126990736,0.0,4,4,0,0,4,6,12098,0,0,0,0,-2
2020-05-31,US,Oklahoma,Oklahoma,1263,61,0,35.55140095,-97.40716948,40109.0,158.3830135158521,4.829770387965162,1202,1263,61,0,1202,1254,792582,0,0,0,0,9
2020-05-31,US,Oklahoma,Okmulgee,26,0,0,35.64661916,-95.96432828,40111.0,67.59391654751073,0.0,26,26,0,0,26,25,38335,0,0,0,0,1
2020-05-31,US,Oklahoma,Osage,95,8,0,36.62888819,-96.39635704,40113.0,202.28690671379601,8.421052631578947,87,95,8,0,87,95,47014,0,0,0,0,0
2020-05-31,US,Oklahoma,Ottawa,35,2,0,36.83532655,-94.81011909,40115.0,112.44257397115044,5.7142857142857135,33,35,2,0,33,35,31175,0,0,0,0,0
2020-05-31,US,Oklahoma,Pawnee,31,2,0,36.31743373,-96.70331759999999,40117.0,189.30141670737663,6.451612903225807,29,31,2,0,29,30,16390,0,0,0,0,1
2020-05-31,US,Oklahoma,Payne,45,1,0,36.07695283,-96.97584944,40119.0,55.02298738139489,2.2222222222222223,44,45,1,0,44,45,82040,0,0,0,0,0
2020-05-31,US,Oklahoma,Pittsburg,41,3,0,34.92065823,-95.75134320000001,40121.0,93.92037384890274,7.317073170731707,38,41,3,0,38,40,43877,0,0,0,0,1
2020-05-31,US,Oklahoma,Pontotoc,13,2,0,34.72959848,-96.68337199,40123.0,33.95674433183575,15.384615384615385,11,13,2,0,11,13,38247,0,0,0,0,0
2020-05-31,US,Oklahoma,Pottawatomie,59,4,0,35.20614018,-96.94923008,40125.0,81.27617368305047,6.779661016949151,55,59,4,0,55,59,72679,0,0,0,0,0
2020-05-31,US,Oklahoma,Pushmataha,2,0,0,34.41635232,-95.37603505,40127.0,18.02451333813987,0.0,2,2,0,0,2,2,11179,0,0,0,0,0
2020-05-31,US,Oklahoma,Rogers,81,5,0,36.37004357,-95.60406759,40131.0,87.60639851177278,6.172839506172839,76,81,5,0,76,80,91984,0,0,0,0,1
2020-05-31,US,Oklahoma,Seminole,26,2,0,35.16478725,-96.61686741,40133.0,107.18113612004288,7.6923076923076925,24,26,2,0,24,26,24578,0,0,0,0,0
2020-05-31,US,Oklahoma,Sequoyah,15,3,0,35.49447108,-94.75463785,40135.0,36.08458226081936,20.0,12,15,3,0,12,14,41179,0,0,0,0,1
2020-05-31,US,Oklahoma,Stephens,38,1,0,34.48556989,-97.85141892,40137.0,88.07917854576641,2.631578947368421,37,38,1,0,37,37,43265,0,0,0,0,1
2020-05-31,US,Oklahoma,Texas,917,5,0,36.74777635,-101.4889765,40139.0,4588.900565480659,0.5452562704471101,912,917,5,0,912,908,20455,0,0,0,0,9
2020-05-31,US,Oklahoma,Tillman,23,1,0,34.37288446,-98.92426619,40141.0,317.2413793103448,4.3478260869565215,22,23,1,0,22,23,7348,0,0,0,0,0
2020-05-31,US,Oklahoma,Tulsa,998,54,0,36.11939621,-95.94013939,40143.0,153.1727321840774,5.410821643286573,944,998,54,0,944,983,648360,0,0,0,0,15
2020-05-31,US,Oklahoma,Wagoner,149,17,0,35.96024096,-95.51911308,40145.0,183.29663300077505,11.409395973154364,132,149,17,0,132,150,80110,0,0,0,0,-1
2020-05-31,US,Oklahoma,Washington,316,35,0,36.71380786,-95.90514104,40147.0,613.2707124420207,11.075949367088606,281,316,35,0,281,314,51843,0,0,0,0,2
2020-05-31,US,Oklahoma,Washita,2,0,0,35.29071824,-98.99180434,40149.0,18.321729571271533,0.0,2,2,0,0,2,2,11127,0,0,0,0,0
2020-05-31,US,Oklahoma,Woods,3,0,0,36.76705782,-98.86573064,40151.0,34.1180484476288,0.0,3,3,0,0,3,3,8897,0,0,0,0,0
2020-05-31,US,Oklahoma,Woodward,5,0,0,36.42316318,-99.26283045,40153.0,24.7390035129385,0.0,5,5,0,0,5,4,20222,0,0,0,0,1
2020-05-31,US,Oregon,Baker,1,0,0,44.70915557,-117.6749883,41001.0,6.201935003721161,0.0,1,1,0,0,1,1,16006,0,0,0,0,0
2020-05-31,US,Oregon,Benton,55,5,0,44.49167306,-123.4316987,41003.0,59.10610082426144,9.090909090909092,50,55,5,0,50,55,92101,0,0,0,0,0
2020-05-31,US,Oregon,Clackamas,312,11,0,45.18787398,-122.2179634,41005.0,74.6077711645747,3.525641025641025,301,306,11,0,295,305,416075,6,0,0,6,1
2020-05-31,US,Oregon,Clatsop,45,0,0,45.99712889,-123.660711,41007.0,111.87350835322195,0.0,45,45,0,0,45,45,39764,0,0,0,0,0
2020-05-31,US,Oregon,Columbia,16,0,0,45.94464254,-123.08908980000001,41009.0,30.561179661534933,0.0,16,16,0,0,16,16,52377,0,0,0,0,0
2020-05-31,US,Oregon,Coos,31,0,0,43.17406868,-124.0594514,41011.0,48.0717043745251,0.0,31,31,0,0,31,31,64389,0,0,0,0,0
2020-05-31,US,Oregon,Crook,6,0,0,44.14230227,-120.356297,41013.0,24.586133420750688,0.0,6,6,0,0,6,6,23867,0,0,0,0,0
2020-05-31,US,Oregon,Curry,7,0,0,42.45911325,-124.15728200000001,41015.0,30.53435114503817,0.0,7,7,0,0,7,7,22813,0,0,0,0,0
2020-05-31,US,Oregon,Deschutes,125,0,0,43.91570171,-121.2289121,41017.0,63.22967039637416,0.0,125,124,0,0,124,121,191996,1,0,0,1,3
2020-05-31,US,Oregon,Douglas,27,0,0,43.27941273,-123.16729099999999,41019.0,24.32870787529285,0.0,27,27,0,0,27,26,110283,0,0,0,0,1
2020-05-31,US,Oregon,Grant,1,0,0,44.49024544,-119.0068631,41023.0,13.890818169190164,0.0,1,1,0,0,1,1,7176,0,0,0,0,0
2020-05-31,US,Oregon,Harney,1,0,0,43.06422669,-118.96663059999999,41025.0,13.526308670363855,0.0,1,1,0,0,1,1,7329,0,0,0,0,0
2020-05-31,US,Oregon,Hood River,18,0,0,45.51872811,-121.65520359999998,41027.0,76.98229407236336,0.0,18,16,0,0,16,14,23428,2,0,0,2,2
2020-05-31,US,Oregon,Jackson,66,0,0,42.43201126,-122.72893090000001,41029.0,29.87182272431023,0.0,66,65,0,0,65,65,219564,1,0,0,1,0
2020-05-31,US,Oregon,Jefferson,33,0,0,44.62806839,-121.17832,41031.0,133.8308054181199,0.0,33,30,0,0,30,28,24192,3,0,0,3,2
2020-05-31,US,Oregon,Josephine,23,1,0,42.3665549,-123.5561938,41033.0,26.28962017213986,4.3478260869565215,22,23,1,0,22,23,87393,0,0,0,0,0
2020-05-31,US,Oregon,Klamath,44,0,0,42.68762984,-121.64964609999998,41035.0,64.48020164717606,0.0,44,44,0,0,44,42,67653,0,0,0,0,2
2020-05-31,US,Oregon,Lake,2,0,0,42.79246693,-120.38501629999999,41037.0,25.41619011310205,0.0,2,2,0,0,2,2,7879,0,0,0,0,0
2020-05-31,US,Oregon,Lane,73,3,0,43.93727035,-122.847753,41039.0,19.10659648700359,4.109589041095891,70,69,3,0,66,68,379611,4,0,0,4,1
2020-05-31,US,Oregon,Lincoln,12,0,0,44.64252874,-123.86991200000001,41041.0,24.01825387294344,0.0,12,12,0,0,12,12,49388,0,0,0,0,0
2020-05-31,US,Oregon,Linn,115,9,0,44.48899494,-122.53731540000001,41043.0,88.63266768915369,7.826086956521738,106,115,9,0,106,115,127335,0,0,0,0,0
2020-05-31,US,Oregon,Malheur,32,0,0,43.1937027,-117.62273950000001,41045.0,104.67436459389616,0.0,32,32,0,0,32,32,30725,0,0,0,0,0
2020-05-31,US,Oregon,Marion,960,25,0,44.90287942,-122.58151170000001,41047.0,276.00641714919874,2.6041666666666665,935,949,25,0,924,942,346868,11,0,0,11,7
2020-05-31,US,Oregon,Morrow,11,0,0,45.41846568,-119.584546,41049.0,94.80306817202448,0.0,11,11,0,0,11,12,11372,0,0,0,0,-1
2020-05-31,US,Oregon,Multnomah,1165,59,0,45.54747959,-122.4169351,41051.0,143.3219946977013,5.064377682403434,1106,1142,59,0,1083,1121,811880,23,0,0,23,21
2020-05-31,US,Oregon,Polk,98,12,0,44.90322804,-123.4128888,41053.0,113.84097113318232,12.244897959183671,86,98,12,0,86,98,85234,0,0,0,0,0
2020-05-31,US,Oregon,Sherman,1,0,0,45.41501554,-120.6827834,41055.0,56.179775280898866,0.0,1,1,0,0,1,1,1708,0,0,0,0,0
2020-05-31,US,Oregon,Tillamook,6,0,0,45.46248721,-123.712066,41057.0,22.192632046160675,0.0,6,6,0,0,6,6,26787,0,0,0,0,0
2020-05-31,US,Oregon,Umatilla,116,3,0,45.59073056,-118.7353826,41059.0,148.81334188582423,2.586206896551724,113,116,3,0,113,114,77516,0,0,0,0,2
2020-05-31,US,Oregon,Union,6,0,0,45.30915495,-118.0068979,41061.0,22.3588596981554,0.0,6,6,0,0,6,6,26461,0,0,0,0,0
2020-05-31,US,Oregon,Wallowa,2,0,0,45.57894064,-117.18353799999998,41063.0,27.746947835738073,0.0,2,2,0,0,2,2,7081,0,0,0,0,0
2020-05-31,US,Oregon,Wasco,24,1,0,45.16292781,-121.16709540000001,41065.0,89.94827973915001,4.166666666666667,23,23,1,0,22,22,26505,1,0,0,1,1
2020-05-31,US,Oregon,Washington,739,17,0,45.55972701,-123.0955257,41067.0,122.8407292650168,2.3004059539918806,722,734,17,0,717,722,597695,5,0,0,5,12
2020-05-31,US,Oregon,Yamhill,70,7,0,45.23330449,-123.3086963,41071.0,65.359477124183,10.0,63,69,7,0,62,69,107002,1,0,0,1,0
2020-05-31,US,Pennsylvania,Adams,251,8,0,39.87140411,-77.21610347,42001.0,243.6680290071741,3.187250996015936,243,245,8,0,237,241,102811,6,0,0,6,4
2020-05-31,US,Pennsylvania,Allegheny,1911,163,0,40.46809875,-79.98167747,42003.0,157.1487897240645,8.529565672422816,1748,1897,163,0,1734,1870,1218452,14,0,0,14,27
2020-05-31,US,Pennsylvania,Armstrong,62,4,0,40.81665618,-79.46290811,42005.0,95.77508303081795,6.451612903225807,58,62,4,0,58,62,65263,0,0,0,0,0
2020-05-31,US,Pennsylvania,Beaver,590,73,0,40.6825484,-80.34921611,42007.0,359.91191308432315,12.372881355932204,517,589,73,0,516,582,164742,1,0,0,1,7
2020-05-31,US,Pennsylvania,Bedford,39,2,0,40.00522157,-78.48998442,42009.0,81.4400267290344,5.128205128205129,37,39,2,0,37,39,48176,0,0,0,0,0
2020-05-31,US,Pennsylvania,Berks,4061,317,0,40.41570541,-75.92457766,42011.0,964.232460514194,7.80595912336863,3744,4002,316,0,3686,3988,420152,59,1,0,58,14
2020-05-31,US,Pennsylvania,Blair,50,1,0,40.47961444,-78.34917412,42013.0,41.04113142191104,2.0,49,50,1,0,49,49,122492,0,0,0,0,1
2020-05-31,US,Pennsylvania,Bradford,46,3,0,41.78869215,-76.51570822,42015.0,76.25615436898032,6.521739130434782,43,46,3,0,43,46,60833,0,0,0,0,0
2020-05-31,US,Pennsylvania,Bucks,5082,503,0,40.33682119,-75.10836643,42017.0,808.8878985149698,9.89767807949626,4579,5050,501,0,4549,5012,628195,32,2,0,30,38
2020-05-31,US,Pennsylvania,Butler,230,12,0,40.91152759,-79.91351055,42019.0,122.43616018908402,5.217391304347826,218,229,12,0,217,227,187888,1,0,0,1,2
2020-05-31,US,Pennsylvania,Cambria,57,2,0,40.49527404,-78.71377428,42021.0,43.781491950350244,3.5087719298245608,55,57,2,0,55,57,131730,0,0,0,0,0
2020-05-31,US,Pennsylvania,Cameron,2,0,0,41.43625568,-78.20376845,42023.0,44.974139869575005,0.0,2,2,0,0,2,2,4492,0,0,0,0,0
2020-05-31,US,Pennsylvania,Carbon,235,24,0,40.91545395,-75.7068525,42025.0,366.14627154030717,10.212765957446807,211,235,24,0,211,234,64227,0,0,0,0,1
2020-05-31,US,Pennsylvania,Centre,153,7,0,40.92058903,-77.82200624,42027.0,94.22052529482404,4.575163398692809,146,152,7,0,145,151,162805,1,0,0,1,1
2020-05-31,US,Pennsylvania,Chester,2729,281,0,39.97291773,-75.74768357,42029.0,519.8204152848916,10.2968120190546,2448,2669,280,0,2389,2607,522046,60,1,0,59,62
2020-05-31,US,Pennsylvania,Clarion,27,2,0,41.19265812,-79.42413524,42031.0,70.24298870908996,7.407407407407407,25,27,2,0,25,26,38779,0,0,0,0,1
2020-05-31,US,Pennsylvania,Clearfield,39,0,0,41.00110782,-78.47592663,42033.0,49.20825184530944,0.0,39,39,0,0,39,38,79388,0,0,0,0,1
2020-05-31,US,Pennsylvania,Clinton,56,3,0,41.23255967,-77.63785995,42035.0,144.95754814661422,5.357142857142857,53,56,3,0,53,55,38684,0,0,0,0,1
2020-05-31,US,Pennsylvania,Columbia,348,31,0,41.04821986,-76.40565017,42037.0,535.6813004125362,8.908045977011492,317,346,31,0,315,346,65456,2,0,0,2,0
2020-05-31,US,Pennsylvania,Crawford,29,0,0,41.68447709,-80.10760592,42039.0,34.26721336657646,0.0,29,29,0,0,29,30,85063,0,0,0,0,-1
2020-05-31,US,Pennsylvania,Cumberland,629,50,0,40.1625372,-77.26130755,42041.0,248.2535422504637,7.94912559618442,579,626,50,0,576,621,251423,3,0,0,3,5
2020-05-31,US,Pennsylvania,Dauphin,1277,73,0,40.41377078,-76.77993242,42043.0,458.85899697807037,5.716523101018011,1204,1258,73,0,1185,1231,277097,19,0,0,19,27
2020-05-31,US,Pennsylvania,Delaware,6461,558,0,39.91680171,-75.40243663,42045.0,1140.0148567173712,8.636433988546665,5903,6420,558,0,5862,6379,564751,41,0,0,41,41
2020-05-31,US,Pennsylvania,Elk,6,0,0,41.42822061,-78.64524744,42047.0,20.060180541624874,0.0,6,6,0,0,6,6,30169,0,0,0,0,0
2020-05-31,US,Pennsylvania,Erie,279,4,0,41.99253829,-80.03301954,42049.0,103.43753707438604,1.4336917562724014,275,274,4,0,270,253,272061,5,0,0,5,21
2020-05-31,US,Pennsylvania,Fayette,95,4,0,39.92041012,-79.64291195,42051.0,73.48732150316383,4.2105263157894735,91,95,4,0,91,95,130441,0,0,0,0,0
2020-05-31,US,Pennsylvania,Forest,7,0,0,41.51095103,-79.23229292,42053.0,96.59169311439214,0.0,7,7,0,0,7,7,7279,0,0,0,0,0
2020-05-31,US,Pennsylvania,Franklin,774,35,0,39.92956518,-77.72157791,42055.0,499.2678694678991,4.521963824289407,739,767,35,0,732,762,154835,7,0,0,7,5
2020-05-31,US,Pennsylvania,Fulton,15,1,0,39.92913544,-78.11163677,42057.0,103.2346868547832,6.666666666666668,14,15,1,0,14,15,14523,0,0,0,0,0
2020-05-31,US,Pennsylvania,Greene,27,0,0,39.85746531,-80.22357106,42059.0,74.51770485469048,0.0,27,27,0,0,27,27,36506,0,0,0,0,0
2020-05-31,US,Pennsylvania,Huntingdon,230,2,0,40.42162652,-77.97673273,42061.0,509.48077263866736,0.8695652173913043,228,230,2,0,228,228,45168,0,0,0,0,2
2020-05-31,US,Pennsylvania,Indiana,91,5,0,40.65241041,-79.08963285,42063.0,108.23926825496888,5.494505494505495,86,91,5,0,86,90,84501,0,0,0,0,1
2020-05-31,US,Pennsylvania,Jefferson,9,0,0,41.12913106,-78.9986361,42065.0,20.72538860103627,0.0,9,9,0,0,9,7,43641,0,0,0,0,2
2020-05-31,US,Pennsylvania,Juniata,95,4,0,40.53358749,-77.39975129999998,42067.0,383.6368775996446,4.2105263157894735,91,95,4,0,91,95,24704,0,0,0,0,0
2020-05-31,US,Pennsylvania,Lackawanna,1547,170,0,41.43564672,-75.60379201,42069.0,737.812032011599,10.989010989010987,1377,1543,170,0,1373,1528,210793,4,0,0,4,15
2020-05-31,US,Pennsylvania,Lancaster,3161,297,0,40.03904563,-76.24770128,42071.0,579.2305267864342,9.39576083517874,2864,3131,295,0,2836,3105,543557,30,2,0,28,26
2020-05-31,US,Pennsylvania,Lawrence,80,8,0,40.99206278,-80.33393706,42073.0,93.55412105903265,10.0,72,79,8,0,71,76,86184,1,0,0,1,3
2020-05-31,US,Pennsylvania,Lebanon,969,33,0,40.36680311,-76.45651841,42075.0,683.3905764036308,3.4055727554179565,936,958,33,0,925,950,141314,11,0,0,11,8
2020-05-31,US,Pennsylvania,Lehigh,3765,228,0,40.6154815,-75.59435245,42077.0,1019.4466557275844,6.055776892430278,3537,3747,228,0,3519,3738,368100,18,0,0,18,9
2020-05-31,US,Pennsylvania,Luzerne,2736,149,0,41.17823008,-75.98447579,42079.0,861.9576141164463,5.445906432748538,2587,2722,147,0,2575,2711,317646,14,2,0,12,11
2020-05-31,US,Pennsylvania,Lycoming,164,17,0,41.34310539,-77.06629984,42081.0,144.74973300735226,10.365853658536585,147,164,17,0,147,162,113664,0,0,0,0,2
2020-05-31,US,Pennsylvania,McKean,12,1,0,41.80938602,-78.56478358,42083.0,29.538461538461537,8.333333333333334,11,12,1,0,11,12,40968,0,0,0,0,0
2020-05-31,US,Pennsylvania,Mercer,107,5,0,41.30248872,-80.25816981,42085.0,97.78476385436468,4.672897196261682,102,107,5,0,102,107,110683,0,0,0,0,0
2020-05-31,US,Pennsylvania,Mifflin,59,1,0,40.61116939,-77.61070738,42087.0,127.8772378516624,1.6949152542372878,58,59,1,0,58,58,46222,0,0,0,0,1
2020-05-31,US,Pennsylvania,Monroe,1319,101,0,41.05934058,-75.34031025,42089.0,774.6474737330492,7.657316148597423,1218,1318,101,0,1217,1315,169507,1,0,0,1,3
2020-05-31,US,Pennsylvania,Montgomery,7061,684,0,40.21053671,-75.36652296,42091.0,849.7860792018437,9.687013170938961,6377,7006,682,0,6324,6906,828604,55,2,0,53,100
2020-05-31,US,Pennsylvania,Montour,52,0,0,41.03023987,-76.66345939,42093.0,285.24410312671415,0.0,52,50,0,0,50,50,18240,2,0,0,2,0
2020-05-31,US,Pennsylvania,Northampton,3083,210,0,40.75182733,-75.30471829,42095.0,1009.8760174918518,6.8115471942912755,2873,3062,210,0,2852,3045,304807,21,0,0,21,17
2020-05-31,US,Pennsylvania,Northumberland,192,3,0,40.84785433,-76.70798222,42097.0,211.35365410653546,1.5625,189,190,3,0,187,186,91083,2,0,0,2,4
2020-05-31,US,Pennsylvania,Perry,59,3,0,40.40206612,-77.26297447,42099.0,127.50691562932226,5.084745762711863,56,57,3,0,54,56,46139,2,0,0,2,1
2020-05-31,US,Pennsylvania,Philadelphia,22629,1316,0,40.00338507,-75.1379271,42101.0,1428.540766029655,5.8155464227318925,21313,22629,1308,0,21321,22405,1584138,0,8,0,-8,224
2020-05-31,US,Pennsylvania,Pike,476,19,0,41.33155042,-75.03208106,42103.0,852.9090290096581,3.9915966386554618,457,476,19,0,457,476,55933,0,0,0,0,0
2020-05-31,US,Pennsylvania,Potter,4,0,0,41.74471626,-77.89559864,42105.0,24.20428415829602,0.0,4,4,0,0,4,4,16622,0,0,0,0,0
2020-05-31,US,Pennsylvania,Schuylkill,631,34,0,40.70497338,-76.2150785,42107.0,446.38119964063134,5.388272583201268,597,623,34,0,589,616,142067,8,0,0,8,7
2020-05-31,US,Pennsylvania,Snyder,45,1,0,40.77129231,-77.06840691,42109.0,111.46339046864165,2.2222222222222223,44,42,1,0,41,39,40540,3,0,0,3,3
2020-05-31,US,Pennsylvania,Somerset,38,1,0,39.97172723,-79.02699593,42111.0,51.737987936879655,2.631578947368421,37,38,1,0,37,37,73952,0,0,0,0,1
2020-05-31,US,Pennsylvania,Sullivan,3,0,0,41.44634738,-76.51246591,42113.0,49.455984174085074,0.0,3,3,0,0,3,3,6071,0,0,0,0,0
2020-05-31,US,Pennsylvania,Susquehanna,109,15,0,41.82147784,-75.80071959,42115.0,270.2836738742313,13.761467889908257,94,109,15,0,94,109,40589,0,0,0,0,0
2020-05-31,US,Pennsylvania,Tioga,17,2,0,41.77255149,-77.25433032,42117.0,41.88120519326944,11.764705882352944,15,17,2,0,15,17,40763,0,0,0,0,0
2020-05-31,US,Pennsylvania,Union,59,1,0,40.96188846,-77.05996014,42119.0,131.33584132849543,1.6949152542372878,58,59,1,0,58,57,44785,0,0,0,0,2
2020-05-31,US,Pennsylvania,Venango,9,0,0,41.40323442,-79.75845449,42121.0,17.762690455514328,0.0,9,9,0,0,9,8,51266,0,0,0,0,1
2020-05-31,US,Pennsylvania,Warren,3,0,0,41.81304978,-79.26969577,42123.0,7.654818708376923,0.0,3,3,0,0,3,3,39498,0,0,0,0,0
2020-05-31,US,Pennsylvania,Washington,139,5,0,40.19208869,-80.24582867,42125.0,67.19358035433737,3.5971223021582728,134,139,5,0,134,139,207346,0,0,0,0,0
2020-05-31,US,Pennsylvania,Wayne,119,8,0,41.64938475,-75.29956506,42127.0,231.69330815209983,6.722689075630252,111,119,8,0,111,119,51276,0,0,0,0,0
2020-05-31,US,Pennsylvania,Westmoreland,449,38,0,40.31377979999999,-79.46615476,42129.0,128.6905379493779,8.46325167037862,411,447,38,0,409,444,350611,2,0,0,2,3
2020-05-31,US,Pennsylvania,Wyoming,34,7,0,41.51955538,-76.01074915,42131.0,126.89408076435022,20.58823529411765,27,34,7,0,27,34,27046,0,0,0,0,0
2020-05-31,US,Pennsylvania,York,1007,26,0,39.9210089,-76.73040131,42133.0,224.24720192046462,2.5819265143992056,981,1000,26,0,974,991,448273,7,0,0,7,9
2020-05-31,US,Rhode Island,Bristol,224,0,0,41.71018079,-71.28652315,44001.0,462.0557354730914,0.0,224,224,0,0,224,224,48649,0,0,0,0,0
2020-05-31,US,Rhode Island,Kent,1052,0,0,41.67106337,-71.57641596,44003.0,640.3233267596718,0.0,1052,1052,0,0,1052,1052,163861,0,0,0,0,0
2020-05-31,US,Rhode Island,Newport,244,0,0,41.5642026,-71.26569799,44005.0,297.26371189785823,0.0,244,244,0,0,244,244,82542,0,0,0,0,0
2020-05-31,US,Rhode Island,Providence,11052,0,0,41.87064746,-71.57753536,44007.0,1729.7642468435556,0.0,11052,11052,0,0,11052,11052,636084,0,0,0,0,0
2020-05-31,US,Rhode Island,Unassigned,1857,718,0,0.0,0.0,90044.0,0.0,38.6645126548196,1139,1748,711,0,1037,1564,,109,7,0,102,184
2020-05-31,US,Rhode Island,Washington,499,0,0,41.45961631,-71.61435303,44009.0,397.36575965343974,0.0,499,499,0,0,499,499,126179,0,0,0,0,0
2020-05-31,US,South Carolina,Abbeville,42,0,0,34.22333378,-82.46170658,45001.0,171.23985811554613,0.0,42,39,0,0,39,39,24541,3,0,0,3,0
2020-05-31,US,South Carolina,Aiken,197,7,0,33.54338026,-81.63645384,45003.0,115.29097804204315,3.5532994923857872,190,194,7,0,187,191,169401,3,0,0,3,3
2020-05-31,US,South Carolina,Allendale,35,3,0,32.98837386,-81.35321066,45005.0,402.85451197053413,8.571428571428571,32,34,3,0,31,34,8903,1,0,0,1,0
2020-05-31,US,South Carolina,Anderson,239,9,0,34.51828081,-82.63959517,45007.0,117.99089643460144,3.7656903765690375,230,234,8,0,226,234,200482,5,1,0,4,0
2020-05-31,US,South Carolina,Bamberg,22,0,0,33.21927586,-81.05659969,45009.0,156.40551684913976,0.0,22,22,0,0,22,21,14275,0,0,0,0,1
2020-05-31,US,South Carolina,Barnwell,46,1,0,33.26679302,-81.43584352,45011.0,220.4543276143008,2.1739130434782608,45,45,1,0,44,44,21112,1,0,0,1,1
2020-05-31,US,South Carolina,Beaufort,385,14,0,32.39226291,-80.72619758,45013.0,200.3934999635648,3.636363636363636,371,376,14,0,362,361,188715,9,0,0,9,15
2020-05-31,US,South Carolina,Berkeley,233,16,0,33.20222596,-79.94654523,45015.0,102.23468344544048,6.866952789699571,217,230,16,0,214,228,221091,3,0,0,3,2
2020-05-31,US,South Carolina,Calhoun,15,1,0,33.66926881,-80.77722168,45017.0,103.07153164296021,6.666666666666668,14,14,1,0,13,11,14520,1,0,0,1,3
2020-05-31,US,South Carolina,Charleston,617,12,0,32.82487866,-79.96512315,45019.0,149.97350549092624,1.9448946515397083,605,609,12,0,597,586,405905,8,0,0,8,23
2020-05-31,US,South Carolina,Cherokee,39,2,0,35.05122251,-81.61828622,45021.0,68.06282722513089,5.128205128205129,37,34,2,0,32,34,57078,5,0,0,5,0
2020-05-31,US,South Carolina,Chester,80,1,0,34.69249168,-81.1583216,45023.0,248.1081751643717,1.25,79,74,0,0,74,62,32251,6,1,0,5,12
2020-05-31,US,South Carolina,Chesterfield,196,4,0,34.64137396,-80.15640140000002,45025.0,429.3537787513691,2.0408163265306123,192,180,4,0,176,165,45754,16,0,0,16,15
2020-05-31,US,South Carolina,Clarendon,301,39,0,33.66610974,-80.21647898,45027.0,891.9839976292784,12.956810631229233,262,301,39,0,262,296,33700,0,0,0,0,5
2020-05-31,US,South Carolina,Colleton,105,12,0,32.87582989,-80.67641292,45029.0,278.6846086471853,11.428571428571427,93,101,11,0,90,92,37660,4,1,0,3,9
2020-05-31,US,South Carolina,Darlington,295,10,0,34.33358335,-79.96027485,45031.0,442.82326098051584,3.3898305084745757,285,284,9,0,275,276,66802,11,1,0,10,8
2020-05-31,US,South Carolina,Dillon,165,3,0,34.39007791,-79.37741872,45033.0,541.356343712064,1.818181818181818,162,162,3,0,159,156,30599,3,0,0,3,6
2020-05-31,US,South Carolina,Dorchester,166,3,0,33.0794369,-80.40502652,45035.0,101.95996535818044,1.8072289156626504,163,164,3,0,161,161,160647,2,0,0,2,3
2020-05-31,US,South Carolina,Edgefield,51,2,0,33.77221995,-81.96231108,45037.0,187.08730741012474,3.92156862745098,49,51,2,0,49,51,27052,0,0,0,0,0
2020-05-31,US,South Carolina,Fairfield,179,15,0,34.39287073,-81.1195624,45039.0,801.002371683,8.379888268156424,164,174,15,0,159,168,22402,5,0,0,5,6
2020-05-31,US,South Carolina,Florence,655,38,0,34.02361754,-79.70189312,45041.0,473.63207103757964,5.801526717557253,617,643,38,0,605,637,138159,12,0,0,12,6
2020-05-31,US,South Carolina,Georgetown,76,3,0,33.43443342,-79.33202141,45043.0,121.25079770261648,3.947368421052632,73,73,3,0,70,74,62249,3,0,0,3,-1
2020-05-31,US,South Carolina,Greenville,1619,57,0,34.89502264,-82.37295012,45045.0,309.23975535869135,3.520691785052501,1562,1469,57,0,1412,1461,514213,150,0,0,150,8
2020-05-31,US,South Carolina,Greenwood,142,1,0,34.15272415,-82.12715789,45047.0,200.53381536766886,0.7042253521126759,141,129,1,0,128,128,70741,13,0,0,13,1
2020-05-31,US,South Carolina,Hampton,37,1,0,32.77419582,-81.13845571,45049.0,192.48777442513787,2.702702702702702,36,36,0,0,36,36,19351,1,1,0,0,0
2020-05-31,US,South Carolina,Horry,432,25,0,33.9212828,-78.99555293,45051.0,122.00598168215748,5.787037037037037,407,417,25,0,392,410,344147,15,0,0,15,7
2020-05-31,US,South Carolina,Jasper,42,2,0,32.43171982,-81.02487495,45053.0,139.66016027666012,4.761904761904762,40,41,2,0,39,39,28971,1,0,0,1,2
2020-05-31,US,South Carolina,Kershaw,332,14,0,34.33988254,-80.58763164,45055.0,498.8655316974952,4.216867469879518,318,329,14,0,315,324,65592,3,0,0,3,5
2020-05-31,US,South Carolina,Lancaster,135,5,0,34.68270843,-80.70513032,45057.0,137.7382361343509,3.703703703703704,130,130,5,0,125,129,95380,5,0,0,5,1
2020-05-31,US,South Carolina,Laurens,67,4,0,34.48244419,-82.00490796,45059.0,99.2695538796616,5.970149253731344,63,67,4,0,63,65,66994,0,0,0,0,2
2020-05-31,US,South Carolina,Lee,218,16,0,34.16393091,-80.25690731,45061.0,1295.459947706204,7.339449541284404,202,217,16,0,201,212,17142,1,0,0,1,5
2020-05-31,US,South Carolina,Lexington,645,33,0,33.89665987,-81.27146426,45063.0,215.89958158995816,5.116279069767441,612,625,33,0,592,597,295032,20,0,0,20,28
2020-05-31,US,South Carolina,Marion,69,5,0,34.07859748,-79.36400756,45067.0,225.07094627654368,7.246376811594202,64,68,5,0,63,68,31039,1,0,0,1,0
2020-05-31,US,South Carolina,Marlboro,171,1,0,34.59905577,-79.67561152,45069.0,654.7208821502412,0.5847953216374269,170,161,0,0,161,149,26398,10,1,0,9,12
2020-05-31,US,South Carolina,McCormick,9,1,0,33.90161443,-82.30794338,45065.0,95.10725985416887,11.111111111111109,8,8,1,0,7,8,9410,1,0,0,1,0
2020-05-31,US,South Carolina,Newberry,63,1,0,34.28629098,-81.59935761,45071.0,163.89177939646203,1.5873015873015872,62,60,1,0,59,55,38520,3,0,0,3,5
2020-05-31,US,South Carolina,Oconee,50,0,0,34.75225169,-83.06742317,45073.0,62.85671183969025,0.0,50,50,0,0,50,50,78374,0,0,0,0,0
2020-05-31,US,South Carolina,Orangeburg,189,3,0,33.4391073,-80.79886287,45075.0,219.32114882506528,1.5873015873015872,186,179,3,0,176,168,86934,10,0,0,10,11
2020-05-31,US,South Carolina,Pickens,158,3,0,34.88807695,-82.72791551,45077.0,124.52318653258092,1.8987341772151896,155,140,3,0,137,138,124937,18,0,0,18,2
2020-05-31,US,South Carolina,Richland,1518,66,0,34.01791263,-80.90267209,45079.0,365.11536731616167,4.3478260869565215,1452,1485,66,0,1419,1461,414576,33,0,0,33,24
2020-05-31,US,South Carolina,Saluda,145,1,0,34.00795823,-81.72713237,45081.0,708.249890099155,0.6896551724137931,144,144,1,0,143,142,20544,1,0,0,1,2
2020-05-31,US,South Carolina,Spartanburg,617,20,0,34.92960077,-81.99225984,45083.0,192.9421329956064,3.2414910858995136,597,556,20,0,536,555,313888,61,0,0,61,1
2020-05-31,US,South Carolina,Sumter,384,18,0,33.91826534,-80.37942316,45085.0,359.8167183590858,4.6875,366,378,18,0,360,365,106512,6,0,0,6,13
2020-05-31,US,South Carolina,Union,37,0,0,34.68835752,-81.61730349,45087.0,135.45174989017428,0.0,37,36,0,0,36,36,27410,1,0,0,1,0
2020-05-31,US,South Carolina,Williamsburg,236,14,0,33.62190129,-79.72767442,45089.0,777.1338250790304,5.932203389830509,222,233,14,0,219,229,30606,3,0,0,3,4
2020-05-31,US,South Carolina,York,407,8,0,34.97281497,-81.18085944,45091.0,144.85068279124062,1.9656019656019657,399,398,7,0,391,385,274118,9,1,0,8,13
2020-05-31,US,South Dakota,Aurora,26,0,0,43.71757685,-98.56050467,46003.0,945.1108687749906,0.0,26,25,0,0,25,23,2801,1,0,0,1,2
2020-05-31,US,South Dakota,Beadle,261,5,0,44.41464384,-98.27858469,46005.0,1414.4041619248903,1.9157088122605364,256,252,5,0,247,222,18883,9,0,0,9,30
2020-05-31,US,South Dakota,Bon Homme,8,0,0,42.98914167,-97.88592746,46009.0,115.92522822779308,0.0,8,8,0,0,8,8,6980,0,0,0,0,0
2020-05-31,US,South Dakota,Brookings,16,0,0,44.36974375,-96.79079945,46011.0,45.613935057159956,0.0,16,16,0,0,16,16,35232,0,0,0,0,0
2020-05-31,US,South Dakota,Brown,273,1,0,45.58994323,-98.35165355,46013.0,702.9017224954298,0.3663003663003663,272,271,1,0,270,269,39316,2,0,0,2,2
2020-05-31,US,South Dakota,Buffalo,17,0,0,44.07657829,-99.20814467,46017.0,866.4627930682976,0.0,17,17,0,0,17,12,2036,0,0,0,0,5
2020-05-31,US,South Dakota,Charles Mix,17,0,0,43.20660134,-98.58856175,46023.0,182.9530779164873,0.0,17,17,0,0,17,16,9338,0,0,0,0,1
2020-05-31,US,South Dakota,Clark,4,0,0,44.85834507,-97.72925109,46025.0,107.06638115631692,0.0,4,4,0,0,4,4,3739,0,0,0,0,0
2020-05-31,US,South Dakota,Clay,15,0,0,42.91296147,-96.97656917,46027.0,106.60980810234541,0.0,15,15,0,0,15,15,14041,0,0,0,0,0
2020-05-31,US,South Dakota,Codington,37,0,0,44.97788119,-97.18827677,46029.0,132.1003963011889,0.0,37,36,0,0,36,35,28015,1,0,0,1,1
2020-05-31,US,South Dakota,Corson,4,0,0,45.70889983,-101.1970473,46031.0,97.89525208027409,0.0,4,4,0,0,4,4,4165,0,0,0,0,0
2020-05-31,US,South Dakota,Davison,16,0,0,43.67490933,-98.14458906,46035.0,80.91024020227559,0.0,16,15,0,0,15,14,19790,1,0,0,1,1
2020-05-31,US,South Dakota,Day,13,0,0,45.367281,-97.60737498,46037.0,239.6755162241888,0.0,13,13,0,0,13,13,5505,0,0,0,0,0
2020-05-31,US,South Dakota,Deuel,1,0,0,44.75994309,-96.66943645,46039.0,22.983222247759137,0.0,1,1,0,0,1,1,4337,0,0,0,0,0
2020-05-31,US,South Dakota,Douglas,3,0,0,43.38520741,-98.36978007,46043.0,102.70455323519344,0.0,3,3,0,0,3,3,2935,0,0,0,0,0
2020-05-31,US,South Dakota,Edmunds,1,0,0,45.41846445,-99.21545423,46045.0,26.11647949856359,0.0,1,1,0,0,1,1,3875,0,0,0,0,0
2020-05-31,US,South Dakota,Fall River,4,0,0,43.23929297,-103.5275691,46047.0,59.58587814687919,0.0,4,4,0,0,4,4,6758,0,0,0,0,0
2020-05-31,US,South Dakota,Faulk,1,0,0,45.07082625,-99.14535601,46049.0,43.497172683775545,0.0,1,1,0,0,1,1,2330,0,0,0,0,0
2020-05-31,US,South Dakota,Grant,13,0,0,45.1723937,-96.77002276,46051.0,184.344866704481,0.0,13,13,0,0,13,13,7147,0,0,0,0,0
2020-05-31,US,South Dakota,Gregory,1,0,0,43.19419064,-99.18883902,46053.0,23.894862604540023,0.0,1,,,,,,4212,,,,,
2020-05-31,US,South Dakota,Hamlin,4,0,0,44.67385954,-97.18829593,46057.0,64.89292667099286,0.0,4,4,0,0,4,4,6111,0,0,0,0,0
2020-05-31,US,South Dakota,Hand,2,0,0,44.54708407,-99.00386459,46059.0,62.676277029144465,0.0,2,2,0,0,2,2,3262,0,0,0,0,0
2020-05-31,US,South Dakota,Hughes,19,0,0,44.39091534,-99.99661148,46065.0,108.41036174825972,0.0,19,19,0,0,19,19,17650,0,0,0,0,0
2020-05-31,US,South Dakota,Hutchinson,5,0,0,43.33449012,-97.75536441,46067.0,68.57769853243725,0.0,5,5,0,0,5,4,7380,0,0,0,0,1
2020-05-31,US,South Dakota,Hyde,1,0,0,44.54747703,-99.48572582,46069.0,76.86395080707149,0.0,1,1,0,0,1,1,1282,0,0,0,0,0
2020-05-31,US,South Dakota,Jackson,4,0,0,43.69318385,-101.6255063,46071.0,119.61722488038279,0.0,4,4,0,0,4,3,3307,0,0,0,0,1
2020-05-31,US,South Dakota,Jerauld,35,1,0,44.06637798,-98.62965972,46073.0,1738.6984600099356,2.8571428571428568,34,34,1,0,33,34,2043,1,0,0,1,0
2020-05-31,US,South Dakota,Kingsbury,1,0,0,44.36956169,-97.4913945,46077.0,20.24701356549909,0.0,1,1,0,0,1,1,4919,0,0,0,0,0
2020-05-31,US,South Dakota,Lake,8,0,0,44.02193107,-97.12926365,46079.0,62.5146518715324,0.0,8,8,0,0,8,8,13057,0,0,0,0,0
2020-05-31,US,South Dakota,Lawrence,11,0,0,44.35919441,-103.79294279999999,46081.0,42.563070732084824,0.0,11,11,0,0,11,11,25741,0,0,0,0,0
2020-05-31,US,South Dakota,Lincoln,238,0,0,43.27841182,-96.72039050000001,46083.0,389.3469441172621,0.0,238,237,0,0,237,236,58807,1,0,0,1,1
2020-05-31,US,South Dakota,Lyman,14,0,0,43.89522709,-99.85201878,46085.0,370.2724147051045,0.0,14,14,0,0,14,13,3821,0,0,0,0,1
2020-05-31,US,South Dakota,Marshall,4,0,0,45.75870838,-97.59855639,46091.0,81.05369807497469,0.0,4,4,0,0,4,4,5112,0,0,0,0,0
2020-05-31,US,South Dakota,McCook,6,1,0,43.6742571,-97.36863144,46087.0,107.41138560687432,16.666666666666668,5,6,1,0,5,5,5546,0,0,0,0,1
2020-05-31,US,South Dakota,McPherson,1,0,0,45.76626028,-99.22118798,46089.0,42.03446826397647,0.0,1,1,0,0,1,1,2407,0,0,0,0,0
2020-05-31,US,South Dakota,Meade,19,0,0,44.56676791,-102.71627409999999,46093.0,67.06197938726528,0.0,19,18,0,0,18,13,28294,1,0,0,1,5
2020-05-31,US,South Dakota,Miner,1,0,0,44.02197882,-97.60992207,46097.0,45.12635379061372,0.0,1,1,0,0,1,1,2213,0,0,0,0,0
2020-05-31,US,South Dakota,Minnehaha,3349,49,0,43.67441641,-96.7910885,46099.0,1734.0292232336099,1.4631233203941476,3300,3345,49,0,3296,3330,192876,4,0,0,4,15
2020-05-31,US,South Dakota,Moody,19,0,0,44.02266214,-96.67081159,46101.0,288.92944038929437,0.0,19,19,0,0,19,19,6579,0,0,0,0,0
2020-05-31,US,South Dakota,Oglala Lakota,26,0,0,43.33749164,-102.55554980000001,46102.0,183.3956408266911,0.0,26,25,0,0,25,21,14309,1,0,0,1,4
2020-05-31,US,South Dakota,Pennington,227,4,0,44.0025835,-102.8240777,46103.0,199.51658976049217,1.7621145374449338,223,218,4,0,214,201,111729,9,0,0,9,17
2020-05-31,US,South Dakota,Roberts,36,0,0,45.62975048,-96.94672673,46109.0,346.353665576294,0.0,36,36,0,0,36,35,10447,0,0,0,0,1
2020-05-31,US,South Dakota,Sanborn,13,0,0,44.02351092,-98.09098159999999,46111.0,554.6075085324234,0.0,13,13,0,0,13,12,2429,0,0,0,0,1
2020-05-31,US,South Dakota,Spink,5,0,0,44.93837606,-98.34626602,46115.0,78.41907151819322,0.0,5,5,0,0,5,5,6495,0,0,0,0,0
2020-05-31,US,South Dakota,Stanley,10,0,0,44.41381872,-100.7349153,46117.0,322.7888960619755,0.0,10,10,0,0,10,10,3022,0,0,0,0,0
2020-05-31,US,South Dakota,Sully,1,0,0,44.71571812,-100.1278092,46119.0,71.89072609633357,0.0,1,1,0,0,1,1,1392,0,0,0,0,0
2020-05-31,US,South Dakota,Todd,27,1,0,43.19338568,-100.71955030000001,46121.0,265.3041171268547,3.703703703703704,26,26,1,0,25,23,10283,1,0,0,1,3
2020-05-31,US,South Dakota,Tripp,6,0,0,43.34459388,-99.8854891,46123.0,110.27384671935306,0.0,6,6,0,0,6,6,5478,0,0,0,0,0
2020-05-31,US,South Dakota,Turner,24,0,0,43.3109081,-97.14865776,46125.0,286.25954198473283,0.0,24,24,0,0,24,24,8424,0,0,0,0,0
2020-05-31,US,South Dakota,Union,89,0,0,42.83112163,-96.6557828,46127.0,558.6241526487572,0.0,89,89,0,0,89,88,15619,0,0,0,0,1
2020-05-31,US,South Dakota,Walworth,5,0,0,45.43019636,-100.03075140000001,46129.0,91.99632014719411,0.0,5,5,0,0,5,5,5587,0,0,0,0,0
2020-05-31,US,South Dakota,Yankton,51,0,0,43.00924485,-97.39467635,46135.0,223.54694485842026,0.0,51,51,0,0,51,51,22869,0,0,0,0,0
2020-05-31,US,South Dakota,Ziebach,1,0,0,44.97881876,-101.6654622,46137.0,36.2844702467344,0.0,1,1,0,0,1,1,2742,0,0,0,0,0
2020-05-31,US,Tennessee,Anderson,40,1,0,36.12684348,-84.19965764,47001.0,51.9628984904778,2.5,39,40,1,0,39,39,76482,0,0,0,0,1
2020-05-31,US,Tennessee,Bedford,283,4,0,35.51123746,-86.45549096,47003.0,569.2675960010462,1.413427561837456,279,283,4,0,279,283,49038,0,0,0,0,0
2020-05-31,US,Tennessee,Benton,7,1,0,36.07110411,-88.06849355,47005.0,43.31683168316832,14.285714285714285,6,7,1,0,6,7,16184,0,0,0,0,0
2020-05-31,US,Tennessee,Bledsoe,607,1,0,35.59942968,-85.20611967,47007.0,4029.47424322889,0.16474464579901152,606,607,1,0,606,608,14755,0,0,0,0,-1
2020-05-31,US,Tennessee,Blount,91,3,0,35.68938198,-83.92847788,47009.0,68.3758114931474,3.2967032967032965,88,91,3,0,88,89,131349,0,0,0,0,2
2020-05-31,US,Tennessee,Bradley,122,1,0,35.15739424,-84.857186,47011.0,112.84802515955973,0.819672131147541,121,122,1,0,121,113,106727,0,0,0,0,9
2020-05-31,US,Tennessee,Campbell,18,1,0,36.40355516,-84.15108559999999,47013.0,45.178454896842524,5.5555555555555545,17,18,1,0,17,17,39583,0,0,0,0,1
2020-05-31,US,Tennessee,Cannon,21,0,0,35.80990797,-86.05738983,47015.0,143.07126311486581,0.0,21,21,0,0,21,17,14462,0,0,0,0,4
2020-05-31,US,Tennessee,Carroll,27,1,0,35.97366108,-88.45189331,47017.0,97.23772823855656,3.703703703703704,26,27,1,0,26,27,28020,0,0,0,0,0
2020-05-31,US,Tennessee,Carter,19,1,0,36.28969086,-82.12588974,47019.0,33.693319856005395,5.2631578947368425,18,19,1,0,18,19,56351,0,0,0,0,0
2020-05-31,US,Tennessee,Cheatham,123,0,0,36.26136216,-87.08903581,47021.0,302.4565372414981,0.0,123,123,0,0,123,118,40439,0,0,0,0,5
2020-05-31,US,Tennessee,Chester,12,0,0,35.42527478,-88.6095842,47023.0,69.37619240330693,0.0,12,12,0,0,12,12,17276,0,0,0,0,0
2020-05-31,US,Tennessee,Claiborne,9,0,0,36.48319149,-83.65947309,47025.0,28.161081385525204,0.0,9,9,0,0,9,9,31756,0,0,0,0,0
2020-05-31,US,Tennessee,Clay,7,0,0,36.55151008,-85.53930419,47027.0,91.92383453709783,0.0,7,7,0,0,7,7,7717,0,0,0,0,0
2020-05-31,US,Tennessee,Cocke,20,0,0,35.9278914,-83.11828725,47029.0,55.549383401844246,0.0,20,20,0,0,20,20,35774,0,0,0,0,0
2020-05-31,US,Tennessee,Coffee,73,0,0,35.49090731,-86.07311784,47031.0,129.15782024062278,0.0,73,73,0,0,73,70,55700,0,0,0,0,3
2020-05-31,US,Tennessee,Crockett,16,2,0,35.81830662,-89.14916269,47033.0,112.43851018974001,12.5,14,16,2,0,14,16,14328,0,0,0,0,0
2020-05-31,US,Tennessee,Cumberland,112,1,0,35.95271721,-84.99840585,47035.0,185.0627891606081,0.8928571428571429,111,112,1,0,111,111,59673,0,0,0,0,1
2020-05-31,US,Tennessee,Davidson,5040,62,0,36.17007426,-86.78646056,47037.0,726.0741287110455,1.2301587301587302,4978,5040,62,0,4978,4968,692587,0,0,0,0,72
2020-05-31,US,Tennessee,DeKalb,37,0,0,35.97616272,-85.83689361,47041.0,180.57589067837966,0.0,37,37,0,0,37,37,20138,0,0,0,0,0
2020-05-31,US,Tennessee,Decatur,5,0,0,35.60048904,-88.11043779,47039.0,42.87061647946497,0.0,5,5,0,0,5,5,11706,0,0,0,0,0
2020-05-31,US,Tennessee,Dickson,109,0,0,36.14669837,-87.35891709,47043.0,202.04641506636017,0.0,109,109,0,0,109,110,53446,0,0,0,0,-1
2020-05-31,US,Tennessee,Dyer,50,0,0,36.05931946,-89.41542855,47045.0,134.55690411475013,0.0,50,50,0,0,50,50,37320,0,0,0,0,0
2020-05-31,US,Tennessee,Fayette,115,2,0,35.19615831,-89.41399032,47047.0,279.58087180609243,1.7391304347826086,113,115,2,0,113,112,40507,0,0,0,0,3
2020-05-31,US,Tennessee,Fentress,12,0,0,36.38128818,-84.92870012,47049.0,64.78432219402903,0.0,12,12,0,0,12,12,18217,0,0,0,0,0
2020-05-31,US,Tennessee,Franklin,53,1,0,35.15634626,-86.09201039,47051.0,125.56861258529189,1.8867924528301887,52,53,1,0,52,51,41890,0,0,0,0,2
2020-05-31,US,Tennessee,Gibson,63,1,0,35.99438059,-88.93358327,47053.0,128.2233936458185,1.5873015873015872,62,63,1,0,62,62,49045,0,0,0,0,1
2020-05-31,US,Tennessee,Giles,12,0,0,35.20222469,-87.03992678,47055.0,40.727667662231866,0.0,12,12,0,0,12,12,29503,0,0,0,0,0
2020-05-31,US,Tennessee,Grainger,8,0,0,36.27469206,-83.51254721,47057.0,34.30531732418525,0.0,8,8,0,0,8,6,23145,0,0,0,0,2
2020-05-31,US,Tennessee,Greene,50,2,0,36.17470125,-82.84691273,47059.0,72.39137673920283,4.0,48,50,2,0,48,49,69087,0,0,0,0,1
2020-05-31,US,Tennessee,Grundy,31,1,0,35.38433717,-85.72142731,47061.0,230.8780814776197,3.2258064516129035,30,31,1,0,30,32,13346,0,0,0,0,-1
2020-05-31,US,Tennessee,Hamblen,36,2,0,36.21990035,-83.26586179,47063.0,55.44090923091139,5.5555555555555545,34,36,2,0,34,34,64569,0,0,0,0,2
2020-05-31,US,Tennessee,Hamilton,794,15,0,35.17670231,-85.16652245,47065.0,215.87584691846746,1.889168765743073,779,794,15,0,779,753,364286,0,0,0,0,41
2020-05-31,US,Tennessee,Hancock,1,0,0,36.52692871,-83.22375847,47067.0,15.105740181268883,0.0,1,1,0,0,1,1,6549,0,0,0,0,0
2020-05-31,US,Tennessee,Hardeman,196,0,0,35.20772017,-88.99161161,47069.0,782.435129740519,0.0,196,196,0,0,196,195,25220,0,0,0,0,1
2020-05-31,US,Tennessee,Hardin,15,2,0,35.19732531,-88.18593755,47071.0,58.4749727116794,13.333333333333336,13,15,2,0,13,12,25776,0,0,0,0,3
2020-05-31,US,Tennessee,Hawkins,33,2,0,36.44355426,-82.94885298,47073.0,58.112915155143874,6.0606060606060606,31,33,2,0,31,32,56530,0,0,0,0,1
2020-05-31,US,Tennessee,Haywood,31,2,0,35.58332824,-89.28536625,47075.0,179.14932963476653,6.451612903225807,29,31,2,0,29,30,17335,0,0,0,0,1
2020-05-31,US,Tennessee,Henderson,15,0,0,35.65581134,-88.38600175,47077.0,53.34850802005904,0.0,15,15,0,0,15,15,27847,0,0,0,0,0
2020-05-31,US,Tennessee,Henry,30,0,0,36.33160906,-88.30121797,47079.0,92.75003864584944,0.0,30,30,0,0,30,30,32358,0,0,0,0,0
2020-05-31,US,Tennessee,Hickman,58,0,0,35.80609681,-87.47643507,47081.0,230.3598379537692,0.0,58,58,0,0,58,57,25063,0,0,0,0,1
2020-05-31,US,Tennessee,Houston,8,0,0,36.28872054,-87.71878828,47083.0,97.54907938056334,0.0,8,8,0,0,8,8,8263,0,0,0,0,0
2020-05-31,US,Tennessee,Humphreys,13,1,0,36.03958805,-87.77992872,47085.0,69.9601765149069,7.6923076923076925,12,13,1,0,12,13,18486,0,0,0,0,0
2020-05-31,US,Tennessee,Jackson,17,0,0,36.36380466,-85.67239905,47087.0,144.23892754115053,0.0,17,17,0,0,17,17,11758,0,0,0,0,0
2020-05-31,US,Tennessee,Jefferson,28,0,0,36.04818632,-83.45148924,47089.0,51.380860629415544,0.0,28,28,0,0,28,28,54012,0,0,0,0,0
2020-05-31,US,Tennessee,Johnson,16,0,0,36.45523950000001,-81.84886538,47091.0,89.94827973915001,0.0,16,16,0,0,16,16,17778,0,0,0,0,0
2020-05-31,US,Tennessee,Knox,375,5,0,35.99508821,-83.94635435,47093.0,79.73413450191681,1.3333333333333333,370,375,5,0,370,366,465289,0,0,0,0,9
2020-05-31,US,Tennessee,Lake,414,0,0,36.34180170000001,-89.48921915,47095.0,5900.798175598632,0.0,414,414,0,0,414,413,7411,0,0,0,0,1
2020-05-31,US,Tennessee,Lauderdale,56,1,0,35.75893438,-89.63015909999999,47097.0,218.46838060312882,1.7857142857142858,55,56,1,0,55,56,25825,0,0,0,0,0
2020-05-31,US,Tennessee,Lawrence,31,0,0,35.21675201,-87.39787695,47099.0,70.22790086538896,0.0,31,31,0,0,31,29,43734,0,0,0,0,2
2020-05-31,US,Tennessee,Lewis,3,0,0,35.52853208,-87.49022694,47101.0,24.45386371046625,0.0,3,3,0,0,3,3,12086,0,0,0,0,0
2020-05-31,US,Tennessee,Lincoln,25,0,0,35.13738622,-86.58910106,47103.0,72.74631903625676,0.0,25,25,0,0,25,25,34117,0,0,0,0,0
2020-05-31,US,Tennessee,Loudon,143,0,0,35.73939663,-84.31145275,47105.0,264.4817637049641,0.0,143,143,0,0,143,142,53054,0,0,0,0,1
2020-05-31,US,Tennessee,Macon,136,3,0,36.53157855,-86.00778595,47111.0,552.8005853182668,2.2058823529411766,133,136,3,0,133,130,24265,0,0,0,0,6
2020-05-31,US,Tennessee,Madison,175,2,0,35.61181957,-88.84076036,47113.0,178.60058785107773,1.1428571428571428,173,175,2,0,173,175,97605,0,0,0,0,0
2020-05-31,US,Tennessee,Marion,40,1,0,35.12997174,-85.62265895,47115.0,138.37478811360572,2.5,39,40,1,0,39,39,28575,0,0,0,0,1
2020-05-31,US,Tennessee,Marshall,31,1,0,35.45798777,-86.76420988,47117.0,90.1818181818182,3.2258064516129035,30,31,1,0,30,31,33683,0,0,0,0,0
2020-05-31,US,Tennessee,Maury,89,0,0,35.618741299999996,-87.07462444,47119.0,92.33610341643585,0.0,89,89,0,0,89,88,94340,0,0,0,0,1
2020-05-31,US,Tennessee,McMinn,141,14,0,35.42812616,-84.61520715,47107.0,262.11101609844957,9.929078014184396,127,141,14,0,127,136,53285,0,0,0,0,5
2020-05-31,US,Tennessee,McNairy,12,0,0,35.17468549,-88.5647812,47109.0,46.703510547209476,0.0,12,12,0,0,12,12,25832,0,0,0,0,0
2020-05-31,US,Tennessee,Meigs,26,0,0,35.51558739,-84.81482914,47121.0,209.3060698760264,0.0,26,26,0,0,26,26,12306,0,0,0,0,0
2020-05-31,US,Tennessee,Monroe,62,2,0,35.44550387,-84.24902965,47123.0,133.20442582447095,3.2258064516129035,60,62,2,0,60,61,46357,0,0,0,0,1
2020-05-31,US,Tennessee,Montgomery,269,3,0,36.49609412,-87.38550661,47125.0,128.71244491442295,1.1152416356877324,266,269,3,0,266,262,205950,0,0,0,0,7
2020-05-31,US,Tennessee,Moore,3,0,0,35.27724699,-86.36230578,47127.0,46.23921085080148,0.0,3,3,0,0,3,3,6411,0,0,0,0,0
2020-05-31,US,Tennessee,Morgan,17,0,0,36.13248031,-84.64880098,47129.0,79.42811755361397,0.0,17,17,0,0,17,17,21579,0,0,0,0,0
2020-05-31,US,Tennessee,Obion,30,1,0,36.35732446,-89.14921589,47131.0,99.77052778609199,3.333333333333333,29,30,1,0,29,30,30267,0,0,0,0,0
2020-05-31,US,Tennessee,Out of TN,418,4,0,0.0,0.0,80047.0,0.0,0.9569377990430622,414,418,4,0,414,379,,0,0,0,0,39
2020-05-31,US,Tennessee,Overton,26,0,0,36.34117832,-85.28989535,47133.0,116.90121847039251,0.0,26,26,0,0,26,26,22068,0,0,0,0,0
2020-05-31,US,Tennessee,Perry,21,0,0,35.63708728,-87.86139634,47135.0,260.0297176820208,0.0,21,21,0,0,21,17,8064,0,0,0,0,4
2020-05-31,US,Tennessee,Pickett,3,0,0,36.55606529,-85.07763299999998,47137.0,59.429477020602214,0.0,3,3,0,0,3,3,5082,0,0,0,0,0
2020-05-31,US,Tennessee,Polk,16,0,0,35.12245443,-84.52075859,47139.0,95.05703422053232,0.0,16,16,0,0,16,15,16898,0,0,0,0,1
2020-05-31,US,Tennessee,Putnam,479,5,0,36.14005459,-85.50646123,47141.0,596.9219265997881,1.0438413361169103,474,479,5,0,474,465,78843,0,0,0,0,14
2020-05-31,US,Tennessee,Rhea,210,0,0,35.60536161,-84.93076643,47143.0,633.1594657340128,0.0,210,210,0,0,210,209,33044,0,0,0,0,1
2020-05-31,US,Tennessee,Roane,16,0,0,35.84923189,-84.52458689,47145.0,29.97264995691432,0.0,16,16,0,0,16,16,53140,0,0,0,0,0
2020-05-31,US,Tennessee,Robertson,465,3,0,36.52454807,-86.87346725,47147.0,647.5150738724186,0.6451612903225806,462,465,3,0,462,449,71012,0,0,0,0,16
2020-05-31,US,Tennessee,Rutherford,1196,23,0,35.84591405,-86.4107263,47149.0,359.9319860962728,1.9230769230769231,1173,1196,23,0,1173,1162,324890,0,0,0,0,34
2020-05-31,US,Tennessee,Scott,12,0,0,36.42325673,-84.50360494,47151.0,54.37737901033171,0.0,12,12,0,0,12,12,22039,0,0,0,0,0
2020-05-31,US,Tennessee,Sequatchie,15,0,0,35.36979721,-85.41022136,47153.0,99.82696659124184,0.0,15,15,0,0,15,15,14876,0,0,0,0,0
2020-05-31,US,Tennessee,Sevier,81,2,0,35.78077323,-83.52244332,47155.0,82.44274809160305,2.469135802469136,79,81,2,0,79,80,97892,0,0,0,0,1
2020-05-31,US,Tennessee,Shelby,4943,111,0,35.1864775,-89.89692423,47157.0,527.4412430668633,2.2455998381549667,4832,4943,111,0,4832,4823,935764,0,0,0,0,120
2020-05-31,US,Tennessee,Smith,34,1,0,36.25359775,-85.95411046,47159.0,168.67589423029222,2.9411764705882355,33,34,1,0,33,32,19942,0,0,0,0,2
2020-05-31,US,Tennessee,Stewart,11,0,0,36.50235092,-87.83920548,47161.0,80.20415603353993,0.0,11,11,0,0,11,11,13561,0,0,0,0,0
2020-05-31,US,Tennessee,Sullivan,60,2,0,36.51240691,-82.30412917,47163.0,37.891226917927604,3.333333333333333,58,60,2,0,58,60,157668,0,0,0,0,0
2020-05-31,US,Tennessee,Sumner,881,45,0,36.46824103,-86.45917204,47165.0,460.57412315783415,5.107832009080591,836,881,45,0,836,858,187149,0,0,0,0,23
2020-05-31,US,Tennessee,Tipton,442,3,0,35.501942,-89.73694895,47167.0,717.5441159759088,0.6787330316742082,439,442,3,0,439,437,61581,0,0,0,0,5
2020-05-31,US,Tennessee,Trousdale,1392,4,0,36.39026213,-86.16087954,47169.0,12336.051045728464,0.28735632183908044,1388,1392,4,0,1388,1393,11012,0,0,0,0,-1
2020-05-31,US,Tennessee,Unassigned,92,0,0,0.0,0.0,90047.0,0.0,0.0,92,92,0,0,92,67,,0,0,0,0,25
2020-05-31,US,Tennessee,Unicoi,4,0,0,36.10890856,-82.43709629,47171.0,22.367611698260923,0.0,4,4,0,0,4,4,17761,0,0,0,0,0
2020-05-31,US,Tennessee,Union,4,0,0,36.28590426,-83.83651902,47173.0,20.02803925495694,0.0,4,4,0,0,4,4,19688,0,0,0,0,0
2020-05-31,US,Tennessee,Van Buren,4,0,0,35.69864497,-85.45221699,47175.0,68.11989100817439,0.0,4,4,0,0,4,4,5765,0,0,0,0,0
2020-05-31,US,Tennessee,Warren,23,0,0,35.672829899999996,-85.77969117,47177.0,55.72110376238582,0.0,23,23,0,0,23,23,40878,0,0,0,0,0
2020-05-31,US,Tennessee,Washington,75,0,0,36.29472368,-82.49454720000001,47179.0,57.97101449275362,0.0,75,75,0,0,75,75,128607,0,0,0,0,0
2020-05-31,US,Tennessee,Wayne,64,0,0,35.23868267,-87.78644456,47181.0,383.85413542853723,0.0,64,64,0,0,64,63,16558,0,0,0,0,1
2020-05-31,US,Tennessee,Weakley,26,0,0,36.29896232,-88.71990865,47183.0,78.01248199711955,0.0,26,26,0,0,26,26,33415,0,0,0,0,0
2020-05-31,US,Tennessee,White,33,0,0,35.92929884,-85.45591799,47185.0,120.6801974766868,0.0,33,33,0,0,33,31,27107,0,0,0,0,2
2020-05-31,US,Tennessee,Williamson,552,10,0,35.89099229,-86.89281867,47187.0,231.53196986728852,1.8115942028985508,542,552,10,0,542,542,231729,0,0,0,0,10
2020-05-31,US,Tennessee,Wilson,407,8,0,36.15496772,-86.29775884,47189.0,281.35520576259705,1.9656019656019657,399,407,8,0,399,389,140625,0,0,0,0,18
2020-05-31,US,Texas,Anderson,72,0,0,31.81534745,-95.65354823,48001.0,124.70771628994542,0.0,72,72,0,0,72,66,58057,0,0,0,0,6
2020-05-31,US,Texas,Andrews,27,0,0,32.30468633,-102.63765479999999,48003.0,144.34643143544506,0.0,27,27,0,0,27,27,18128,0,0,0,0,0
2020-05-31,US,Texas,Angelina,205,4,0,31.25457347,-94.60901487,48005.0,236.40661938534282,1.951219512195122,201,205,4,0,201,201,87092,0,0,0,0,4
2020-05-31,US,Texas,Aransas,5,0,0,28.10556197,-96.9995047,48007.0,21.267545725223307,0.0,5,5,0,0,5,5,23792,0,0,0,0,0
2020-05-31,US,Texas,Archer,1,0,0,33.61569967,-98.68754589,48009.0,11.691804045364199,0.0,1,1,0,0,1,1,8786,0,0,0,0,0
2020-05-31,US,Texas,Armstrong,3,0,0,34.96507426,-101.35748740000001,48011.0,158.9825119236884,0.0,3,3,0,0,3,2,1892,0,0,0,0,1
2020-05-31,US,Texas,Atascosa,37,2,0,28.89333001,-98.52730485,48013.0,72.33202353723145,5.405405405405406,35,35,2,0,33,35,50310,2,0,0,2,0
2020-05-31,US,Texas,Austin,26,0,0,29.88548725,-96.27736949,48015.0,86.57432072456047,0.0,26,25,0,0,25,24,29989,1,0,0,1,1
2020-05-31,US,Texas,Bailey,17,0,0,34.06854817,-102.8299707,48017.0,242.85714285714286,0.0,17,17,0,0,17,14,7027,0,0,0,0,3
2020-05-31,US,Texas,Bandera,6,0,0,29.74619598,-99.24598147,48019.0,25.960539979231573,0.0,6,6,0,0,6,6,22824,0,0,0,0,0
2020-05-31,US,Texas,Bastrop,211,3,0,30.10370699,-97.31206354,48021.0,237.81882939034972,1.4218009478672986,208,204,3,0,201,196,86976,7,0,0,7,8
2020-05-31,US,Texas,Bee,9,0,0,28.41761668,-97.74215593,48025.0,27.637033625057573,0.0,9,9,0,0,9,9,32587,0,0,0,0,0
2020-05-31,US,Texas,Bell,362,4,0,31.03736027,-97.4785025,48027.0,99.74540124103115,1.1049723756906078,358,356,3,0,353,335,355642,6,1,0,5,21
2020-05-31,US,Texas,Bexar,2825,73,0,29.44928723,-98.52019748,48029.0,140.99944398803328,2.5840707964601766,2752,2636,72,0,2564,2583,1986049,189,1,0,188,53
2020-05-31,US,Texas,Blanco,11,1,0,30.26640707,-98.3999852,48031.0,92.19679825664237,9.090909090909092,10,10,1,0,9,8,11702,1,0,0,1,2
2020-05-31,US,Texas,Bosque,7,0,0,31.89978581,-97.63613524,48035.0,37.46320578003746,0.0,7,7,0,0,7,6,18691,0,0,0,0,1
2020-05-31,US,Texas,Bowie,265,6,0,33.44626922,-94.41834132,48037.0,284.1975441042415,2.2641509433962264,259,197,6,0,191,189,94324,68,0,0,68,8
2020-05-31,US,Texas,Brazoria,907,12,0,29.18757369,-95.44563172,48039.0,242.34230382831367,1.323042998897464,895,894,12,0,882,861,370200,13,0,0,13,33
2020-05-31,US,Texas,Brazos,477,19,0,30.663644800000004,-96.30205577,48041.0,208.10519564942345,3.9832285115303994,458,470,19,0,451,455,226758,7,0,0,7,15
2020-05-31,US,Texas,Brewster,1,0,0,29.81008251,-103.25203259999999,48043.0,10.866021949364338,0.0,1,1,0,0,1,1,9267,0,0,0,0,0
2020-05-31,US,Texas,Briscoe,1,0,0,34.53026962,-101.2084947,48045.0,64.68305304010349,0.0,1,1,0,0,1,1,1516,0,0,0,0,0
2020-05-31,US,Texas,Brooks,1,0,0,27.03103197,-98.21808402,48047.0,14.098406880022555,0.0,1,1,0,0,1,1,7114,0,0,0,0,0
2020-05-31,US,Texas,Brown,58,9,0,31.77430356,-98.99907113,48049.0,153.1798013944644,15.517241379310345,49,58,9,0,49,57,37924,0,0,0,0,1
2020-05-31,US,Texas,Burleson,24,0,0,30.49273808,-96.62158484,48051.0,130.13067288402107,0.0,24,24,0,0,24,23,18389,0,0,0,0,1
2020-05-31,US,Texas,Burnet,37,0,0,30.78801353,-98.181887,48053.0,76.83521960336414,0.0,37,36,0,0,36,32,47542,1,0,0,1,4
2020-05-31,US,Texas,Caldwell,65,0,0,29.83668859,-97.61814775,48055.0,148.86405276658115,0.0,65,64,0,0,64,57,43247,1,0,0,1,7
2020-05-31,US,Texas,Calhoun,37,3,0,28.47048236,-96.61633945,48057.0,173.79051197745417,8.108108108108109,34,37,3,0,34,37,21561,0,0,0,0,0
2020-05-31,US,Texas,Callahan,9,1,0,32.29760619,-99.37326312,48059.0,64.54851897009253,11.111111111111109,8,9,1,0,8,9,13994,0,0,0,0,0
2020-05-31,US,Texas,Cameron,764,36,0,26.14524221,-97.48140372,48061.0,180.5450854635212,4.712041884816754,728,754,36,0,718,743,423908,10,0,0,10,11
2020-05-31,US,Texas,Camp,83,0,0,32.97195142,-94.97790104,48063.0,633.8781121124179,0.0,83,82,0,0,82,74,13033,1,0,0,1,8
2020-05-31,US,Texas,Carson,6,0,0,35.40365929,-101.35426690000001,48065.0,101.24873439082012,0.0,6,6,0,0,6,6,6005,0,0,0,0,0
2020-05-31,US,Texas,Cass,29,0,0,33.07499881,-94.34646905,48067.0,96.58296143342436,0.0,29,29,0,0,29,29,30119,0,0,0,0,0
2020-05-31,US,Texas,Castro,33,1,0,34.53016752,-102.2617243,48069.0,438.24701195219126,3.0303030303030303,32,33,1,0,32,32,7665,0,0,0,0,1
2020-05-31,US,Texas,Chambers,68,0,0,29.70972016,-94.67154501,48071.0,155.12010402171686,0.0,68,67,0,0,67,62,42454,1,0,0,1,5
2020-05-31,US,Texas,Cherokee,44,2,0,31.837258000000002,-95.16559897,48073.0,83.57709987463436,4.545454545454546,42,44,2,0,42,44,52592,0,0,0,0,0
2020-05-31,US,Texas,Childress,2,0,0,34.529304100000004,-100.2077916,48075.0,27.37476047084588,0.0,2,2,0,0,2,2,7291,0,0,0,0,0
2020-05-31,US,Texas,Clay,3,0,0,33.78686685,-98.20771198,48077.0,28.65055868589437,0.0,3,3,0,0,3,3,10456,0,0,0,0,0
2020-05-31,US,Texas,Cochran,1,0,0,33.60425307,-102.82844990000001,48079.0,35.05082369435681,0.0,1,1,0,0,1,1,2836,0,0,0,0,0
2020-05-31,US,Texas,Coke,1,0,0,31.88911733,-100.5297533,48081.0,29.524653085326253,0.0,1,1,0,0,1,1,3370,0,0,0,0,0
2020-05-31,US,Texas,Coleman,3,0,0,31.76736834,-99.45240766,48083.0,36.697247706422026,0.0,3,3,0,0,3,3,8397,0,0,0,0,0
2020-05-31,US,Texas,Collin,1297,34,0,33.18820114,-96.57264368,48085.0,125.34670880326269,2.6214340786430226,1263,1278,34,0,1244,1217,1005146,19,0,0,19,61
2020-05-31,US,Texas,Collingsworth,5,0,0,34.96489496,-100.27001109999999,48087.0,171.23287671232876,0.0,5,5,0,0,5,5,2962,0,0,0,0,0
2020-05-31,US,Texas,Colorado,22,0,0,29.622097999999998,-96.5273805,48089.0,102.35890755129576,0.0,22,22,0,0,22,22,21217,0,0,0,0,0
2020-05-31,US,Texas,Comal,94,7,0,29.80811278,-98.27647225,48091.0,60.17579012732941,7.446808510638298,87,94,7,0,87,87,148373,0,0,0,0,7
2020-05-31,US,Texas,Comanche,12,1,0,31.94854689,-98.55876441,48093.0,88.008800880088,8.333333333333334,11,12,1,0,11,9,13534,0,0,0,0,3
2020-05-31,US,Texas,Concho,1,0,0,31.32635934,-99.86473038,48095.0,36.683785766691116,0.0,1,1,0,0,1,1,4276,0,0,0,0,0
2020-05-31,US,Texas,Cooke,14,0,0,33.63979567,-97.21240912,48097.0,33.933635504278065,0.0,14,14,0,0,14,13,40574,0,0,0,0,1
2020-05-31,US,Texas,Coryell,281,2,0,31.39078397,-97.79936155,48099.0,369.97537886268776,0.7117437722419929,279,231,2,0,229,227,74808,50,0,0,50,4
2020-05-31,US,Texas,Cottle,4,1,0,34.07783319,-100.27850620000001,48101.0,286.12303290414883,25.0,3,4,1,0,3,4,1389,0,0,0,0,0
2020-05-31,US,Texas,Crane,23,2,0,31.43052248,-102.5143314,48103.0,479.46633312486966,8.695652173913043,21,23,2,0,21,22,4794,0,0,0,0,1
2020-05-31,US,Texas,Crosby,4,1,0,33.61431553,-101.30003640000001,48107.0,69.72285166463307,25.0,3,4,1,0,3,3,5779,0,0,0,0,1
2020-05-31,US,Texas,Dallam,25,1,0,36.27787176,-102.60207249999999,48111.0,343.0767119527926,4.0,24,25,1,0,24,24,7200,0,0,0,0,1
2020-05-31,US,Texas,Dallas,10234,229,0,32.76670599,-96.77796049999999,48113.0,388.31105559594397,2.2376392417432087,10005,9787,223,0,9564,9787,2637772,447,6,0,441,0
2020-05-31,US,Texas,Dawson,42,1,0,32.74255572,-101.94772420000001,48115.0,329.9811439346323,2.380952380952381,41,42,1,0,41,40,12619,0,0,0,0,2
2020-05-31,US,Texas,DeWitt,17,1,0,29.08101855,-97.35681170000001,48123.0,84.32539682539681,5.882352941176472,16,17,1,0,16,17,20187,0,0,0,0,0
2020-05-31,US,Texas,Deaf Smith,164,13,0,34.96522957,-102.6054267,48117.0,884.2877170279304,7.926829268292682,151,164,13,0,151,161,18760,0,0,0,0,3
2020-05-31,US,Texas,Delta,1,0,0,33.38570922,-95.66921122,48119.0,18.758206715438003,0.0,1,1,0,0,1,1,5349,0,0,0,0,0
2020-05-31,US,Texas,Denton,1357,31,0,33.20521901,-97.11691153,48121.0,152.9519041215861,2.284450994841562,1326,1329,30,0,1299,1285,859064,28,1,0,27,44
2020-05-31,US,Texas,Dickens,1,0,0,33.61616822,-100.7788855,48125.0,45.22840343735866,0.0,1,1,0,0,1,1,2249,0,0,0,0,0
2020-05-31,US,Texas,Dimmit,1,0,0,28.42270064,-99.75645095,48127.0,9.877518767285656,0.0,1,1,0,0,1,1,10308,0,0,0,0,0
2020-05-31,US,Texas,Donley,26,0,0,34.96517499,-100.8140093,48129.0,793.1665649786455,0.0,26,26,0,0,26,26,3319,0,0,0,0,0
2020-05-31,US,Texas,Duval,5,0,0,27.68184592,-98.50864568,48131.0,44.81491440351349,0.0,5,5,0,0,5,5,11212,0,0,0,0,0
2020-05-31,US,Texas,Eastland,6,0,0,32.32743996,-98.83243566,48133.0,32.6797385620915,0.0,6,6,0,0,6,6,18322,0,0,0,0,0
2020-05-31,US,Texas,Ector,154,5,0,31.86898877,-102.54294279999999,48135.0,92.64662531659279,3.2467532467532467,149,154,5,0,149,152,162124,0,0,0,0,2
2020-05-31,US,Texas,El Paso,2764,78,0,31.76980765,-106.23632749999999,48141.0,329.3463832667253,2.8219971056439936,2686,2704,78,0,2626,2569,840758,60,0,0,60,135
2020-05-31,US,Texas,Ellis,335,14,0,32.34894117,-96.79371841,48139.0,181.25155551708093,4.17910447761194,321,317,14,0,303,305,179436,18,0,0,18,12
2020-05-31,US,Texas,Erath,17,1,0,32.23602653,-98.21773417,48143.0,39.81451121832404,5.882352941176472,16,17,1,0,16,16,42446,0,0,0,0,1
2020-05-31,US,Texas,Falls,7,0,0,31.25350609,-96.93630086,48145.0,40.46944556859571,0.0,7,7,0,0,7,6,17335,0,0,0,0,1
2020-05-31,US,Texas,Fannin,41,2,0,33.59564294,-96.10751083,48147.0,115.44742918285746,4.878048780487805,39,41,2,0,39,37,35286,0,0,0,0,4
2020-05-31,US,Texas,Fayette,34,2,0,29.87788372,-96.92076062,48149.0,134.14345458849522,5.882352941176472,32,34,2,0,32,34,25349,0,0,0,0,0
2020-05-31,US,Texas,Fisher,2,1,0,32.74281316,-100.40193020000001,48151.0,52.219321148825074,50.0,1,2,1,0,1,2,3839,0,0,0,0,0
2020-05-31,US,Texas,Floyd,11,0,0,34.07227468,-101.3031546,48153.0,192.57703081232486,0.0,11,11,0,0,11,8,5837,0,0,0,0,3
2020-05-31,US,Texas,Fort Bend,1861,44,0,29.52704478,-95.77219463,48157.0,229.27528804171058,2.3643202579258458,1817,1832,41,0,1791,1766,787858,29,3,0,26,66
2020-05-31,US,Texas,Franklin,15,0,0,33.17653242,-95.21917243,48159.0,139.86013986013987,0.0,15,15,0,0,15,13,10766,0,0,0,0,2
2020-05-31,US,Texas,Freestone,10,0,0,31.70422788,-96.15072516,48161.0,50.717654815641325,0.0,10,10,0,0,10,10,19808,0,0,0,0,0
2020-05-31,US,Texas,Frio,37,0,0,28.86751206,-99.10804207,48163.0,182.21215404313995,0.0,37,37,0,0,37,37,19816,0,0,0,0,0
2020-05-31,US,Texas,Gaines,7,0,0,32.74055318,-102.6353295,48165.0,32.570258700911964,0.0,7,7,0,0,7,7,20901,0,0,0,0,0
2020-05-31,US,Texas,Galveston,807,37,0,29.40167322,-94.90469073,48167.0,235.8690473754819,4.584882280049567,770,795,37,0,758,779,337890,12,0,0,12,16
2020-05-31,US,Texas,Garza,5,0,0,33.17969345,-101.2984114,48169.0,80.26970621287526,0.0,5,5,0,0,5,5,6578,0,0,0,0,0
2020-05-31,US,Texas,Gillespie,5,0,0,30.31824095,-98.94676915,48171.0,18.526752630798875,0.0,5,5,0,0,5,5,26804,0,0,0,0,0
2020-05-31,US,Texas,Glasscock,1,0,0,31.86942909,-101.5207776,48173.0,70.97232079489001,0.0,1,1,0,0,1,1,1388,0,0,0,0,0
2020-05-31,US,Texas,Goliad,7,0,0,28.65696592,-97.42760647,48175.0,91.40767824497256,0.0,7,7,0,0,7,7,7584,0,0,0,0,0
2020-05-31,US,Texas,Gonzales,129,2,0,29.45634206,-97.49424032,48177.0,619.091039976964,1.5503875968992251,127,121,2,0,119,111,20826,8,0,0,8,10
2020-05-31,US,Texas,Gray,98,2,0,35.40081878,-100.8129222,48179.0,447.77483322672026,2.0408163265306123,96,98,2,0,96,96,21895,0,0,0,0,2
2020-05-31,US,Texas,Grayson,333,2,0,33.62744998,-96.67753461,48181.0,244.47185270020265,0.6006006006006006,331,327,2,0,325,316,133991,6,0,0,6,11
2020-05-31,US,Texas,Gregg,213,6,0,32.47940482,-94.81591935,48183.0,171.85041752390174,2.8169014084507036,207,213,6,0,207,201,123707,0,0,0,0,12
2020-05-31,US,Texas,Grimes,215,1,0,30.54579585,-95.98902499,48185.0,744.4598337950139,0.4651162790697674,214,121,1,0,120,113,28360,94,0,0,94,8
2020-05-31,US,Texas,Guadalupe,133,0,0,29.58165339,-97.94786822,48187.0,79.71374972279995,0.0,133,132,0,0,132,126,163694,1,0,0,1,6
2020-05-31,US,Texas,Hale,58,4,0,34.07044901,-101.82681140000001,48189.0,173.6215051188409,6.896551724137932,54,57,4,0,53,56,33830,1,0,0,1,1
2020-05-31,US,Texas,Hall,2,0,0,34.5307555,-100.68138520000001,48191.0,67.47638326585695,0.0,2,2,0,0,2,2,3028,0,0,0,0,0
2020-05-31,US,Texas,Hamilton,8,1,0,31.70470573,-98.11083887,48193.0,94.55147145727457,12.5,7,8,1,0,7,7,8484,0,0,0,0,1
2020-05-31,US,Texas,Hansford,19,2,0,36.27743284,-101.3545796,48195.0,351.9170216706798,10.526315789473683,17,19,2,0,17,18,5463,0,0,0,0,1
2020-05-31,US,Texas,Hardeman,1,0,0,34.28944521,-99.74632408,48197.0,25.425883549453346,0.0,1,1,0,0,1,1,3922,0,0,0,0,0
2020-05-31,US,Texas,Hardin,138,5,0,30.33364686,-94.38931817,48199.0,239.57501475643207,3.6231884057971016,133,138,5,0,133,137,57207,0,0,0,0,1
2020-05-31,US,Texas,Harris,12276,232,0,29.86,-95.39,48201.0,260.4530771801223,1.8898664059954384,12044,12220,231,0,11989,12009,4698619,56,1,0,55,211
2020-05-31,US,Texas,Harrison,245,25,0,32.54935988,-94.36934071,48203.0,368.127657656304,10.20408163265306,220,244,25,0,219,239,66726,1,0,0,1,5
2020-05-31,US,Texas,Hartley,11,2,0,35.84008013,-102.6029022,48205.0,197.27403156384503,18.181818181818183,9,11,2,0,9,11,5619,0,0,0,0,0
2020-05-31,US,Texas,Haskell,3,0,0,33.17823584,-99.73037358,48207.0,53.022269353128316,0.0,3,3,0,0,3,2,5813,0,0,0,0,1
2020-05-31,US,Texas,Hays,329,4,0,30.05669873,-98.02944344,48209.0,142.92478854516466,1.2158054711246202,325,329,4,0,325,297,222631,0,0,0,0,32
2020-05-31,US,Texas,Hemphill,1,0,0,35.83764858,-100.2703577,48211.0,26.18486514794449,0.0,1,1,0,0,1,1,3825,0,0,0,0,0
2020-05-31,US,Texas,Henderson,57,2,0,32.21128872,-95.85846587,48213.0,68.89299829580477,3.5087719298245608,55,57,2,0,55,57,82299,0,0,0,0,0
2020-05-31,US,Texas,Hidalgo,560,10,0,26.39418217,-98.18299696,48215.0,64.46362237210015,1.7857142857142858,550,560,10,0,550,548,865939,0,0,0,0,12
2020-05-31,US,Texas,Hill,24,1,0,31.99045053,-97.13423143,48217.0,65.48609784714452,4.166666666666667,23,24,1,0,23,24,36354,0,0,0,0,0
2020-05-31,US,Texas,Hockley,27,1,0,33.60771256,-102.3431676,48219.0,117.28421875678728,3.703703703703704,26,27,1,0,26,27,22980,0,0,0,0,0
2020-05-31,US,Texas,Hood,27,3,0,32.42990927,-97.83242024,48221.0,43.800593741381824,11.111111111111109,24,27,3,0,24,26,60537,0,0,0,0,1
2020-05-31,US,Texas,Hopkins,26,0,0,33.14875072,-95.56351139,48223.0,70.11109912630783,0.0,26,26,0,0,26,24,36810,0,0,0,0,2
2020-05-31,US,Texas,Houston,114,0,0,31.31925973,-95.42226208,48225.0,496.342737722048,0.0,114,84,0,0,84,84,23169,30,0,0,30,0
2020-05-31,US,Texas,Howard,8,1,0,32.30621324,-101.4356444,48227.0,21.81976871045167,12.5,7,8,1,0,7,7,36459,0,0,0,0,1
2020-05-31,US,Texas,Hudspeth,2,0,0,31.45628381,-105.388178,48229.0,40.93327875562833,0.0,2,2,0,0,2,1,4795,0,0,0,0,1
2020-05-31,US,Texas,Hunt,88,4,0,33.12351514,-96.08551032,48231.0,89.25492423474044,4.545454545454546,84,82,4,0,78,76,96493,6,0,0,6,6
2020-05-31,US,Texas,Hutchinson,36,0,0,35.84006574,-101.3546643,48233.0,171.9361925685357,0.0,36,36,0,0,36,34,21198,0,0,0,0,2
2020-05-31,US,Texas,Jack,4,0,0,33.23377248,-98.17283469,48237.0,44.76776720761052,0.0,4,4,0,0,4,4,8843,0,0,0,0,0
2020-05-31,US,Texas,Jackson,18,1,0,28.95472367,-96.57749563,48239.0,121.95121951219512,5.5555555555555545,17,18,1,0,17,18,14874,0,0,0,0,0
2020-05-31,US,Texas,Jasper,29,1,0,30.74685667,-94.02667579,48241.0,81.62346252357229,3.4482758620689653,28,29,1,0,28,28,35872,0,0,0,0,1
2020-05-31,US,Texas,Jefferson,544,27,0,29.8832777,-94.16434171,48245.0,216.2462981734343,4.963235294117646,517,533,27,0,506,518,255001,11,0,0,11,15
2020-05-31,US,Texas,Jim Hogg,4,0,0,27.04453923,-98.69681870000001,48247.0,76.92307692307692,0.0,4,4,0,0,4,4,5248,0,0,0,0,0
2020-05-31,US,Texas,Jim Wells,9,0,0,27.73103938,-98.0904705,48249.0,22.232103156958647,0.0,9,9,0,0,9,9,40822,0,0,0,0,0
2020-05-31,US,Texas,Johnson,175,4,0,32.37877812,-97.36615819,48251.0,99.53531228493263,2.2857142857142856,171,175,4,0,171,165,171361,0,0,0,0,10
2020-05-31,US,Texas,Jones,401,0,0,32.73997145,-99.87861576,48253.0,1996.7136384006371,0.0,401,401,0,0,401,323,19817,0,0,0,0,78
2020-05-31,US,Texas,Karnes,4,0,0,28.90705334,-97.85960149,48255.0,25.63938209089161,0.0,4,4,0,0,4,4,15650,0,0,0,0,0
2020-05-31,US,Texas,Kaufman,223,2,0,32.599141700000004,-96.28734728,48257.0,163.78512566652466,0.8968609865470852,221,223,2,0,221,203,128622,0,0,0,0,20
2020-05-31,US,Texas,Kendall,29,0,0,29.94414155,-98.7113588,48259.0,61.14144757647952,0.0,29,29,0,0,29,28,45641,0,0,0,0,1
2020-05-31,US,Texas,Kerr,19,0,0,30.06040006,-99.34930144,48265.0,36.12167300380228,0.0,19,18,0,0,18,17,52405,1,0,0,1,1
2020-05-31,US,Texas,Kimble,1,0,0,30.48678918,-99.74856473,48267.0,23.057412958266077,0.0,1,1,0,0,1,1,4362,0,0,0,0,0
2020-05-31,US,Texas,Kinney,1,0,0,29.34967888,-100.41866379999999,48271.0,27.27024815925825,0.0,1,1,0,0,1,,3767,0,0,0,0,
2020-05-31,US,Texas,Kleberg,16,1,0,27.42435506,-97.69894948,48273.0,52.15123859191656,6.25,15,16,1,0,15,16,31129,0,0,0,0,0
2020-05-31,US,Texas,Knox,1,0,0,33.60519951,-99.74229059999999,48275.0,27.29257641921397,0.0,1,1,0,0,1,1,3653,0,0,0,0,0
2020-05-31,US,Texas,La Salle,4,0,0,28.34453111,-99.09908775,48283.0,53.19148936170214,0.0,4,4,0,0,4,4,7531,0,0,0,0,0
2020-05-31,US,Texas,Lamar,145,11,0,33.66981763,-95.57404777,48277.0,290.8201127178644,7.586206896551723,134,138,9,0,129,136,49728,7,2,0,5,2
2020-05-31,US,Texas,Lamb,16,0,0,34.06859623,-102.35162890000001,48279.0,124.09834794074304,0.0,16,16,0,0,16,16,13158,0,0,0,0,0
2020-05-31,US,Texas,Lampasas,9,0,0,31.19531316,-98.24206613,48281.0,42.001120029867465,0.0,9,9,0,0,9,8,21229,0,0,0,0,1
2020-05-31,US,Texas,Lavaca,12,1,0,29.38508402,-96.93186692,48285.0,59.541530217326596,8.333333333333334,11,12,1,0,11,11,20110,0,0,0,0,1
2020-05-31,US,Texas,Lee,24,1,0,30.31120597,-96.97045773,48287.0,139.21921225129068,4.166666666666667,23,25,0,0,25,21,17144,-1,1,0,-2,4
2020-05-31,US,Texas,Leon,10,0,0,31.29872538,-95.9936328,48289.0,57.45805561939784,0.0,10,10,0,0,10,10,17270,0,0,0,0,0
2020-05-31,US,Texas,Liberty,95,3,0,30.15152688,-94.81205615,48291.0,107.686552783414,3.1578947368421053,92,92,3,0,89,81,86323,3,0,0,3,11
2020-05-31,US,Texas,Limestone,24,1,0,31.5454767,-96.58095444,48293.0,102.40218457993772,4.166666666666667,23,24,1,0,23,23,23519,0,0,0,0,1
2020-05-31,US,Texas,Lipscomb,2,0,0,36.27783108,-100.27331509999999,48295.0,61.86204763377668,0.0,2,2,0,0,2,2,3355,0,0,0,0,0
2020-05-31,US,Texas,Live Oak,9,0,0,28.35101362,-98.1246786,48297.0,73.72818874416319,0.0,9,9,0,0,9,9,12166,0,0,0,0,0
2020-05-31,US,Texas,Llano,3,0,0,30.70645047,-98.68475262,48299.0,13.764624913971096,0.0,3,3,0,0,3,3,21646,0,0,0,0,0
2020-05-31,US,Texas,Lubbock,691,50,0,33.61008596,-101.82047890000001,48303.0,222.49484011604503,7.23589001447178,641,688,50,0,638,677,307412,3,0,0,3,11
2020-05-31,US,Texas,Lynn,7,1,0,33.17657705,-101.8162849,48305.0,117.62728953117123,14.285714285714285,6,7,1,0,6,6,5877,0,0,0,0,1
2020-05-31,US,Texas,Madison,8,0,0,30.96694679,-95.93003775,48313.0,56.00672080649678,0.0,8,8,0,0,8,8,14422,0,0,0,0,0
2020-05-31,US,Texas,Marion,16,1,0,32.79868409,-94.35661230000001,48315.0,162.3706109194236,6.25,15,16,1,0,15,16,9928,0,0,0,0,0
2020-05-31,US,Texas,Martin,3,1,0,32.30600051,-101.9513518,48317.0,51.984058222145215,33.333333333333336,2,3,1,0,2,3,5753,0,0,0,0,0
2020-05-31,US,Texas,Mason,32,0,0,30.71780434,-99.22629416,48319.0,748.7131492746843,0.0,32,32,0,0,32,31,4280,0,0,0,0,1
2020-05-31,US,Texas,Matagorda,70,5,0,28.81955746,-96.01230294,48321.0,191.03239363589225,7.142857142857142,65,70,5,0,65,70,36552,0,0,0,0,0
2020-05-31,US,Texas,Maverick,116,1,0,28.7429195,-100.3157686,48323.0,197.5409556895201,0.8620689655172413,115,116,1,0,115,116,58485,0,0,0,0,0
2020-05-31,US,Texas,McCulloch,3,0,0,31.1925468,-99.34682807,48307.0,37.5751503006012,0.0,3,3,0,0,3,3,7987,0,0,0,0,0
2020-05-31,US,Texas,McLennan,118,4,0,31.55255453,-97.20217694,48309.0,45.98184886000086,3.3898305084745757,114,118,4,0,114,113,254607,0,0,0,0,5
2020-05-31,US,Texas,Medina,73,2,0,29.355730100000002,-99.11030298,48325.0,141.5167493796526,2.7397260273972597,71,71,2,0,69,69,50921,2,0,0,2,2
2020-05-31,US,Texas,Midland,129,12,0,31.86904128,-102.03156820000001,48329.0,72.95059717698155,9.30232558139535,117,129,12,0,117,126,172578,0,0,0,0,3
2020-05-31,US,Texas,Milam,28,1,0,30.78581830000001,-96.97718698,48331.0,112.79861418845422,3.571428571428572,27,28,1,0,27,28,25131,0,0,0,0,0
2020-05-31,US,Texas,Mills,1,0,0,31.49557106,-98.59272068,48333.0,20.521239482864765,0.0,1,1,0,0,1,1,4921,0,0,0,0,0
2020-05-31,US,Texas,Mitchell,1,0,0,32.30623474,-100.9212058,48335.0,11.702750146284375,0.0,1,1,0,0,1,1,8145,0,0,0,0,0
2020-05-31,US,Texas,Montague,9,1,0,33.67521893,-97.72500958,48337.0,45.41326067211626,11.111111111111109,8,9,1,0,8,9,19596,0,0,0,0,0
2020-05-31,US,Texas,Montgomery,954,26,0,30.30079133,-95.50572772,48339.0,157.0652182860793,2.7253668763102725,928,954,26,0,928,954,590925,0,0,0,0,0
2020-05-31,US,Texas,Moore,686,13,0,35.83769242,-101.8930281,48341.0,3276.0267430754543,1.8950437317784257,673,604,13,0,591,583,21485,82,0,0,82,21
2020-05-31,US,Texas,Morris,26,0,0,33.11304005,-94.73255695,48343.0,209.8805295447207,0.0,26,26,0,0,26,27,12339,0,0,0,0,-1
2020-05-31,US,Texas,Motley,1,0,0,34.07408766,-100.77972199999999,48345.0,83.33333333333333,0.0,1,1,0,0,1,1,1234,0,0,0,0,0
2020-05-31,US,Texas,Nacogdoches,287,21,0,31.62017125,-94.61803994,48347.0,440.1570455800258,7.317073170731707,266,287,21,0,266,271,65711,0,0,0,0,16
2020-05-31,US,Texas,Navarro,56,2,0,32.04620681,-96.47428766,48349.0,111.74745076127951,3.571428571428572,54,55,2,0,53,49,49565,1,0,0,1,6
2020-05-31,US,Texas,Newton,5,0,0,30.78548982,-93.74408813,48351.0,36.778227289444644,0.0,5,5,0,0,5,4,13746,0,0,0,0,1
2020-05-31,US,Texas,Nolan,4,0,0,32.30365282,-100.4060208,48353.0,27.184993883376368,0.0,4,4,0,0,4,2,14751,0,0,0,0,2
2020-05-31,US,Texas,Nueces,274,3,0,27.736286,-97.5433285,48355.0,75.62918513693299,1.094890510948905,271,268,3,0,265,268,362265,6,0,0,6,0
2020-05-31,US,Texas,Ochiltree,49,2,0,36.27829105,-100.8158184,48357.0,498.1699877999186,4.081632653061225,47,49,2,0,47,48,9947,0,0,0,0,1
2020-05-31,US,Texas,Oldham,3,1,0,35.40425596,-102.6027606,48359.0,142.04545454545453,33.333333333333336,2,3,1,0,2,3,2131,0,0,0,0,0
2020-05-31,US,Texas,Orange,98,2,0,30.11879481,-93.89412775,48361.0,117.51163125329752,2.0408163265306123,96,98,2,0,96,96,83572,0,0,0,0,2
2020-05-31,US,Texas,Palo Pinto,13,2,0,32.75310985,-98.31319001,48363.0,44.53732570488883,15.384615384615385,11,13,2,0,11,11,28875,0,0,0,0,2
2020-05-31,US,Texas,Panola,197,23,0,32.163959600000005,-94.30552481,48365.0,849.3575924808141,11.6751269035533,174,197,23,0,174,196,23148,0,0,0,0,1
2020-05-31,US,Texas,Parker,76,1,0,32.77757172,-97.80500621,48367.0,53.19223393384566,1.3157894736842106,75,76,1,0,75,70,138371,0,0,0,0,6
2020-05-31,US,Texas,Parmer,59,0,0,34.52993409,-102.78446679999999,48369.0,614.263404476835,0.0,59,59,0,0,59,53,9864,0,0,0,0,6
2020-05-31,US,Texas,Pecos,93,0,0,30.78097267,-102.72412609999999,48371.0,587.7520065727107,0.0,93,66,0,0,66,56,15673,27,0,0,27,10
2020-05-31,US,Texas,Polk,56,0,0,30.79472531,-94.82766240000001,48373.0,109.04913052791464,0.0,56,56,0,0,56,54,50031,0,0,0,0,2
2020-05-31,US,Texas,Potter,2321,30,0,35.40133773,-101.893964,48375.0,1976.7491376740618,1.2925463162429986,2291,2317,28,0,2289,2266,119648,4,2,0,2,51
2020-05-31,US,Texas,Presidio,1,0,0,29.99954402,-104.24080790000001,48377.0,14.916467780429594,0.0,1,1,0,0,1,1,6948,0,0,0,0,0
2020-05-31,US,Texas,Rains,3,0,0,32.87109387,-95.79232691,48379.0,23.973150071919452,0.0,3,3,0,0,3,3,12159,0,0,0,0,0
2020-05-31,US,Texas,Randall,674,6,0,34.96585996,-101.8971322,48381.0,489.4236564449253,0.8902077151335311,668,671,6,0,665,655,136271,3,0,0,3,16
2020-05-31,US,Texas,Reagan,2,0,0,31.36607041,-101.52326590000001,48383.0,51.96154845414394,0.0,2,2,0,0,2,1,3741,0,0,0,0,1
2020-05-31,US,Texas,Red River,70,8,0,33.61886692,-95.04841765,48387.0,582.2174166181486,11.428571428571427,62,66,8,0,58,50,12175,4,0,0,4,16
2020-05-31,US,Texas,Reeves,7,0,0,31.32323325,-103.69038959999999,48389.0,43.81572358537807,0.0,7,7,0,0,7,7,15695,0,0,0,0,0
2020-05-31,US,Texas,Refugio,3,0,0,28.323897600000002,-97.15766311,48391.0,43.17789291882556,0.0,3,3,0,0,3,3,7032,0,0,0,0,0
2020-05-31,US,Texas,Roberts,2,0,0,35.83809685,-100.813175,48393.0,234.192037470726,0.0,2,2,0,0,2,2,903,0,0,0,0,0
2020-05-31,US,Texas,Robertson,8,0,0,31.02539637,-96.51272246,48395.0,46.85486704931475,0.0,8,8,0,0,8,7,17284,0,0,0,0,1
2020-05-31,US,Texas,Rockwall,167,13,0,32.89779518,-96.40771592,48397.0,159.176476195015,7.7844311377245505,154,167,13,0,154,159,100657,0,0,0,0,8
2020-05-31,US,Texas,Runnels,3,0,0,31.8314342,-99.97616148,48399.0,29.228371005455962,0.0,3,3,0,0,3,2,10234,0,0,0,0,1
2020-05-31,US,Texas,Rusk,55,2,0,32.10773545,-94.76176432,48401.0,101.09179134654266,3.636363636363636,53,52,2,0,50,45,54450,3,0,0,3,7
2020-05-31,US,Texas,Sabine,14,0,0,31.34318809,-93.85440451,48403.0,132.80212483399734,0.0,14,14,0,0,14,6,10589,0,0,0,0,8
2020-05-31,US,Texas,San Augustine,38,2,0,31.39457611,-94.17000399,48405.0,461.3330095908705,5.2631578947368425,36,38,2,0,36,31,8232,0,0,0,0,7
2020-05-31,US,Texas,San Jacinto,14,0,0,30.57933681,-95.16260304,48407.0,48.51172944315465,0.0,14,14,0,0,14,14,28719,0,0,0,0,0
2020-05-31,US,Texas,San Patricio,33,0,0,28.00880118,-97.51763891,48409.0,49.45301963135022,0.0,33,33,0,0,33,32,66893,0,0,0,0,1
2020-05-31,US,Texas,San Saba,1,0,0,31.1577796,-98.81758731,48411.0,16.515276630883566,0.0,1,1,0,0,1,1,6054,0,0,0,0,0
2020-05-31,US,Texas,Scurry,24,0,0,32.74613808,-100.91626640000001,48415.0,143.68676285697182,0.0,24,24,0,0,24,2,16866,0,0,0,0,22
2020-05-31,US,Texas,Shackelford,1,0,0,32.73587756,-99.35401337,48417.0,30.627871362940283,0.0,1,1,0,0,1,1,3253,0,0,0,0,0
2020-05-31,US,Texas,Shelby,201,6,0,31.79211404,-94.14550696,48419.0,795.2836907493868,2.985074626865672,195,201,6,0,195,189,25418,0,0,0,0,12
2020-05-31,US,Texas,Sherman,24,0,0,36.27751473,-101.8933156,48421.0,794.1760423560556,0.0,24,24,0,0,24,23,3079,0,0,0,0,1
2020-05-31,US,Texas,Smith,204,4,0,32.37474036,-95.27175679999999,48423.0,87.64731408243144,1.96078431372549,200,204,4,0,200,200,230221,0,0,0,0,4
2020-05-31,US,Texas,Starr,33,0,0,26.56150059,-98.73892358,48427.0,51.05750932186344,0.0,33,33,0,0,33,27,64525,0,0,0,0,6
2020-05-31,US,Texas,Stephens,4,0,0,32.73553157,-98.83631615,48429.0,42.707666026051676,0.0,4,4,0,0,4,4,9433,0,0,0,0,0
2020-05-31,US,Texas,Swisher,17,0,0,34.53028891,-101.73491740000001,48437.0,229.8229011761525,0.0,17,17,0,0,17,18,7462,0,0,0,0,-1
2020-05-31,US,Texas,Tarrant,5463,165,0,32.77143818,-97.29101614,48439.0,259.8316777763773,3.020318506315212,5298,5379,160,0,5219,5190,2084931,84,5,0,79,189
2020-05-31,US,Texas,Taylor,235,5,0,32.30163422,-99.89007449,48441.0,170.24790993523334,2.127659574468085,230,234,5,0,229,231,137640,1,0,0,1,3
2020-05-31,US,Texas,Terry,13,0,0,33.17402785,-102.3354521,48445.0,105.3740779768177,0.0,13,13,0,0,13,13,12287,0,0,0,0,0
2020-05-31,US,Texas,Titus,451,2,0,33.21339719,-94.96797273,48449.0,1377.0992366412213,0.4434589800443459,449,464,2,0,462,443,33033,-13,0,0,-13,21
2020-05-31,US,Texas,Tom Green,100,1,0,31.40464436,-100.46244300000001,48451.0,83.89261744966444,1.0,99,99,1,0,98,93,118189,1,0,0,1,6
2020-05-31,US,Texas,Travis,3232,93,0,30.33432034,-97.78535620000001,48453.0,253.69832819709342,2.8774752475247523,3139,3186,93,0,3093,3057,1248743,46,0,0,46,129
2020-05-31,US,Texas,Trinity,15,0,0,31.0879489,-95.1367187,48455.0,102.38208995972971,0.0,15,14,0,0,14,13,14740,1,0,0,1,1
2020-05-31,US,Texas,Tyler,12,0,0,30.77031716,-94.37690895,48457.0,55.37098560354374,0.0,12,12,0,0,12,11,21696,0,0,0,0,1
2020-05-31,US,Texas,Upshur,26,0,0,32.73706798,-94.93999853,48459.0,62.27097454075156,0.0,26,26,0,0,26,20,41260,0,0,0,0,6
2020-05-31,US,Texas,Uvalde,12,0,0,29.35739637,-99.76229172,48463.0,44.87491118507161,0.0,12,11,0,0,11,6,26846,1,0,0,1,5
2020-05-31,US,Texas,Val Verde,20,0,0,29.89149232,-101.1525205,48465.0,40.7955124936257,0.0,20,20,0,0,20,20,49208,0,0,0,0,0
2020-05-31,US,Texas,Van Zandt,31,1,0,32.56483801,-95.83766469,48467.0,54.779996465806676,3.2258064516129035,30,31,1,0,30,30,56019,0,0,0,0,1
2020-05-31,US,Texas,Victoria,160,7,0,28.79780988,-96.96813006,48469.0,173.7543981582034,4.375,153,160,7,0,153,159,92035,0,0,0,0,1
2020-05-31,US,Texas,Walker,1455,27,0,30.73872995,-95.57440968,48471.0,1993.9427991942005,1.855670103092784,1428,945,27,0,918,869,72480,510,0,0,510,76
2020-05-31,US,Texas,Waller,57,0,0,30.01058447,-95.99011759,48473.0,103.17489048980921,0.0,57,57,0,0,57,55,53126,0,0,0,0,2
2020-05-31,US,Texas,Ward,1,0,0,31.50999644,-103.09279090000001,48475.0,8.334722453742291,0.0,1,1,0,0,1,1,11720,0,0,0,0,0
2020-05-31,US,Texas,Washington,202,25,0,30.21498498,-96.40946246,48477.0,562.9563569477733,12.376237623762375,177,202,25,0,177,197,35108,0,0,0,0,5
2020-05-31,US,Texas,Webb,546,19,0,27.7610369,-99.33237355,48479.0,197.35986004077324,3.47985347985348,527,540,19,0,521,524,275910,6,0,0,6,16
2020-05-31,US,Texas,Wharton,58,0,0,29.27765923,-96.22319248,48481.0,139.57069977861198,0.0,58,57,0,0,57,57,41619,1,0,0,1,0
2020-05-31,US,Texas,Wheeler,15,0,0,35.40114335,-100.26995140000001,48483.0,296.67721518987344,0.0,15,15,0,0,15,15,5191,0,0,0,0,0
2020-05-31,US,Texas,Wichita,84,2,0,33.98842886,-98.70410340000001,48485.0,63.525674960296456,2.380952380952381,82,84,2,0,82,84,132064,0,0,0,0,0
2020-05-31,US,Texas,Wilbarger,7,0,0,34.07945812,-99.24178437,48487.0,54.82026783616571,0.0,7,7,0,0,7,6,12820,0,0,0,0,1
2020-05-31,US,Texas,Willacy,16,1,0,26.47411727,-97.61535848,48489.0,74.91338140275306,6.25,15,16,1,0,15,14,21515,0,0,0,0,2
2020-05-31,US,Texas,Williamson,621,24,0,30.64655664,-97.60048540000001,48491.0,105.15603224784991,3.864734299516908,597,612,24,0,588,605,566719,9,0,0,9,7
2020-05-31,US,Texas,Wilson,38,5,0,29.1732598,-98.08693082,48493.0,74.40767573918151,13.157894736842106,33,38,5,0,33,38,50224,0,0,0,0,0
2020-05-31,US,Texas,Winkler,3,0,0,31.85008651,-103.04851629999999,48495.0,37.453183520599254,0.0,3,3,0,0,3,3,7720,0,0,0,0,0
2020-05-31,US,Texas,Wise,46,3,0,33.21570665,-97.65460265,48497.0,65.72930955647006,6.521739130434782,43,46,3,0,43,45,68305,0,0,0,0,1
2020-05-31,US,Texas,Wood,29,1,0,32.78722382,-95.38236368,48499.0,63.68167943960122,3.4482758620689653,28,29,1,0,28,26,45129,0,0,0,0,3
2020-05-31,US,Texas,Yoakum,3,0,0,33.17320212,-102.82764329999999,48501.0,34.43130953747274,0.0,3,3,0,0,3,3,8591,0,0,0,0,0
2020-05-31,US,Texas,Young,4,1,0,33.17659707,-98.68790885,48503.0,22.209883398112158,25.0,3,4,1,0,3,4,18045,0,0,0,0,0
2020-05-31,US,Texas,Zapata,9,0,0,27.00156391,-99.16987152,48505.0,63.47415191480359,0.0,9,9,0,0,9,8,14190,0,0,0,0,1
2020-05-31,US,Texas,Zavala,11,0,0,28.86617238,-99.76050829,48507.0,92.9054054054054,0.0,11,11,0,0,11,11,11983,0,0,0,0,0
2020-05-31,US,Utah,Bear River,218,2,0,41.52106798,-113.08328159999999,0.0,116.69111113490135,0.9174311926605504,216,190,2,0,188,156,,28,0,0,28,34
2020-05-31,US,Utah,Central Utah,38,0,0,39.37231946,-111.5758676,0.0,46.36747443687923,0.0,38,38,0,0,38,38,,0,0,0,0,0
2020-05-31,US,Utah,Davis,465,2,0,40.99001837,-112.1139997,49011.0,130.80867894486624,0.4301075268817205,463,458,2,0,456,447,351713,7,0,0,7,11
2020-05-31,US,Utah,Salt Lake,5242,74,0,40.66616532,-111.92160109999999,49035.0,451.72637549474894,1.4116749332315908,5168,5118,74,0,5044,4994,1152633,124,0,0,124,124
2020-05-31,US,Utah,San Juan,297,5,0,37.62762978,-109.80337140000002,49037.0,1940.1620067938334,1.6835016835016836,292,289,5,0,284,286,15449,8,0,0,8,3
2020-05-31,US,Utah,Southeast Utah,24,0,0,38.99617072,-110.70139579999999,0.0,59.65845534316041,0.0,24,24,0,0,24,23,,0,0,0,0,1
2020-05-31,US,Utah,Southwest Utah,440,4,0,37.85447192,-111.4418764,0.0,174.57407892335402,0.9090909090909092,436,423,4,0,419,386,,17,0,0,17,37
2020-05-31,US,Utah,Summit,415,0,0,40.86688146,-110.9535882,49043.0,984.6956934393165,0.0,415,412,0,0,412,412,41933,3,0,0,3,0
2020-05-31,US,Utah,Tooele,128,0,0,40.44862644,-113.12957150000001,49045.0,177.14056380520077,0.0,128,126,0,0,126,125,69907,2,0,0,2,1
2020-05-31,US,Utah,TriCounty,21,0,0,40.12491499,-109.5174415,0.0,37.08805764543817,0.0,21,20,0,0,20,18,,1,0,0,1,2
2020-05-31,US,Utah,Utah,1929,17,0,40.116672200000004,-111.66576620000001,49049.0,303.1898590929452,0.8812856402280974,1912,1870,17,0,1853,1826,622213,59,0,0,59,44
2020-05-31,US,Utah,Wasatch,282,2,0,40.33110236,-111.1691419,49051.0,827.1977941392157,0.7092198581560284,280,272,1,0,271,265,33240,10,1,0,9,7
2020-05-31,US,Utah,Weber-Morgan,298,7,0,41.27116049,-111.9145117,0.0,109.42325133933323,2.348993288590604,291,293,7,0,286,288,,5,0,0,5,5
2020-05-31,US,Vermont,Addison,64,2,0,44.03217337,-73.14130877,50001.0,174.02180710770318,3.125,62,63,2,0,61,62,36973,1,0,0,1,1
2020-05-31,US,Vermont,Bennington,63,1,0,43.03519828,-73.09048868,50003.0,177.61488581900196,1.5873015873015872,62,63,1,0,62,63,35631,0,0,0,0,0
2020-05-31,US,Vermont,Caledonia,15,0,0,44.46548598,-72.10314651,50005.0,50.01166938952422,0.0,15,15,0,0,15,15,30302,0,0,0,0,0
2020-05-31,US,Vermont,Chittenden,451,39,0,44.46322849,-73.08359212,50007.0,275.3794863653572,8.647450110864744,412,449,39,0,410,448,164572,2,0,0,2,1
2020-05-31,US,Vermont,Essex,3,0,0,44.72736416,-71.73579864,50009.0,48.67759208177836,0.0,3,3,0,0,3,3,6250,0,0,0,0,0
2020-05-31,US,Vermont,Franklin,99,5,0,44.85627605,-72.91249563,50011.0,200.39674507104976,5.05050505050505,94,99,5,0,94,99,49421,0,0,0,0,0
2020-05-31,US,Vermont,Grand Isle,7,0,0,44.797582399999996,-73.29679772,50013.0,96.7519004837595,0.0,7,7,0,0,7,7,7090,0,0,0,0,0
2020-05-31,US,Vermont,Lamoille,29,1,0,44.60353043,-72.64356694,50015.0,114.34429461398943,3.4482758620689653,28,29,1,0,28,29,25300,0,0,0,0,0
2020-05-31,US,Vermont,Orange,9,0,0,44.00470222,-72.37640104,50017.0,31.150491485532328,0.0,9,8,0,0,8,8,28999,1,0,0,1,0
2020-05-31,US,Vermont,Orleans,10,0,0,44.82964024,-72.24562697,50019.0,36.98635203609868,0.0,10,10,0,0,10,10,26907,0,0,0,0,0
2020-05-31,US,Vermont,Rutland,55,1,0,43.57723578,-73.03741676,50021.0,94.51633414101838,1.818181818181818,54,55,1,0,54,55,58672,0,0,0,0,0
2020-05-31,US,Vermont,Unassigned,5,0,0,0.0,0.0,90050.0,0.0,0.0,5,5,0,0,5,5,,0,0,0,0,0
2020-05-31,US,Vermont,Washington,39,1,0,44.27343241,-72.61604978,50023.0,66.77053193857111,2.5641025641025643,38,39,1,0,38,39,58140,0,0,0,0,0
2020-05-31,US,Vermont,Windham,81,3,0,42.986982,-72.71268875,50025.0,191.84311496376296,3.703703703703704,78,81,3,0,78,81,42756,0,0,0,0,0
2020-05-31,US,Vermont,Windsor,51,2,0,43.58010937,-72.58595157,50027.0,92.62286150158005,3.92156862745098,49,51,2,0,49,51,55286,0,0,0,0,0
2020-05-31,US,Virginia,Accomack,909,12,0,37.76707161,-75.63234615,51001.0,2812.848124767917,1.32013201320132,897,863,12,0,851,827,32412,46,0,0,46,36
2020-05-31,US,Virginia,Albemarle,187,8,0,38.02080697,-78.55481085,51003.0,171.04180005487973,4.2780748663101615,179,187,8,0,179,180,108718,0,0,0,0,7
2020-05-31,US,Virginia,Alexandria,1974,44,0,38.814003,-77.08183073,51510.0,1238.1764809192864,2.2289766970618032,1930,1960,44,0,1916,1941,160530,14,0,0,14,19
2020-05-31,US,Virginia,Alleghany,20,2,0,37.78636074,-80.00222498,51005.0,134.5895020188425,10.0,18,20,2,0,18,19,14910,0,0,0,0,1
2020-05-31,US,Virginia,Amelia,25,1,0,37.34081025,-77.98584649,51007.0,190.18638265500192,4.0,24,25,1,0,24,25,13013,0,0,0,0,0
2020-05-31,US,Virginia,Amherst,27,0,0,37.60308293,-79.14548696,51009.0,85.42952064546748,0.0,27,27,0,0,27,27,31666,0,0,0,0,0
2020-05-31,US,Virginia,Appomattox,31,0,0,37.37569884,-78.81340003,51011.0,194.83376280560614,0.0,31,31,0,0,31,31,15841,0,0,0,0,0
2020-05-31,US,Virginia,Arlington,2116,115,0,38.8767675,-77.10139853,51013.0,893.4226192989418,5.434782608695652,2001,2107,113,0,1994,2089,237521,9,2,0,7,18
2020-05-31,US,Virginia,Augusta,109,1,0,38.16404586,-79.12461614,51015.0,144.26003864580852,0.9174311926605504,108,109,1,0,108,105,75457,0,0,0,0,4
2020-05-31,US,Virginia,Bedford,57,2,0,37.3080028,-79.5281964,51019.0,72.15463878375128,3.5087719298245608,55,51,2,0,49,47,78747,6,0,0,6,4
2020-05-31,US,Virginia,Botetourt,32,4,0,37.55531756,-79.80982182,51023.0,95.75391244501631,12.5,28,32,4,0,28,32,33277,0,0,0,0,0
2020-05-31,US,Virginia,Bristol,4,0,0,36.616302399999995,-82.16359122,51520.0,23.863500775563768,0.0,4,4,0,0,4,4,16482,0,0,0,0,0
2020-05-31,US,Virginia,Brunswick,25,1,0,36.76366949,-77.8593436,51025.0,154.02624607233074,4.0,24,25,1,0,24,25,16384,0,0,0,0,0
2020-05-31,US,Virginia,Buchanan,18,0,0,37.26818323,-82.03749726,51027.0,85.69796229289659,0.0,18,18,0,0,18,18,21221,0,0,0,0,0
2020-05-31,US,Virginia,Buckingham,459,3,0,37.57242268,-78.52518834,51029.0,2676.696990902729,0.6535947712418301,456,456,3,0,453,453,16999,3,0,0,3,3
2020-05-31,US,Virginia,Buena Vista,13,0,0,37.73484642,-79.35296097,51530.0,200.6792219820932,0.0,13,13,0,0,13,13,6237,0,0,0,0,0
2020-05-31,US,Virginia,Campbell,18,1,0,37.20553386,-79.09678609,51031.0,32.79584585952446,5.5555555555555545,17,18,1,0,17,17,54973,0,0,0,0,1
2020-05-31,US,Virginia,Caroline,67,2,0,38.02679129,-77.34901405,51033.0,218.06346623270954,2.985074626865672,65,64,2,0,62,58,30772,3,0,0,3,6
2020-05-31,US,Virginia,Carroll,96,1,0,36.73066666,-80.73455942,51035.0,322.24497331408816,1.0416666666666667,95,91,1,0,90,90,29636,5,0,0,5,1
2020-05-31,US,Virginia,Charles City,27,1,0,37.35358063,-77.05634116,51036.0,387.76389487289964,3.703703703703704,26,27,1,0,26,27,6941,0,0,0,0,0
2020-05-31,US,Virginia,Charlotte,23,0,0,37.01909701,-78.66314092,51037.0,193.6026936026936,0.0,23,23,0,0,23,23,11938,0,0,0,0,0
2020-05-31,US,Virginia,Charlottesville,116,3,0,38.03527919,-78.48569588,51540.0,245.4195404730673,2.586206896551724,113,108,3,0,105,105,48117,8,0,0,8,3
2020-05-31,US,Virginia,Chesapeake,521,15,0,36.67670048,-76.30545744,51550.0,212.79637306757616,2.8790786948176583,506,520,15,0,505,494,242634,1,0,0,1,26
2020-05-31,US,Virginia,Chesterfield,1548,35,0,37.37373208,-77.58680140000001,51041.0,438.77302282866884,2.2609819121447035,1513,1461,35,0,1426,1400,348556,87,0,0,87,61
2020-05-31,US,Virginia,Clarke,27,0,0,39.11271747,-77.99199425,51043.0,184.6911553457829,0.0,27,25,0,0,25,25,14523,2,0,0,2,0
2020-05-31,US,Virginia,Colonial Heights,95,17,0,37.26420587,-77.39609676,51570.0,546.9199769717903,17.894736842105264,78,91,17,0,74,86,17833,4,0,0,4,5
2020-05-31,US,Virginia,Covington,4,0,0,37.7824656,-79.98631446,51580.0,72.22824124232575,0.0,4,4,0,0,4,3,5460,0,0,0,0,1
2020-05-31,US,Virginia,Craig,5,0,0,37.48133648,-80.21072274,51045.0,97.44689144416292,0.0,5,5,0,0,5,5,5064,0,0,0,0,0
2020-05-31,US,Virginia,Culpeper,691,6,0,38.48199985,-77.95630870000002,51047.0,1313.5633494914932,0.8683068017366136,685,674,6,0,668,666,51859,17,0,0,17,8
2020-05-31,US,Virginia,Cumberland,37,0,0,37.51328851,-78.24398086,51049.0,372.53322593636733,0.0,37,37,0,0,37,35,9809,0,0,0,0,2
2020-05-31,US,Virginia,Danville,55,2,0,36.58022376,-79.40395668,51590.0,137.3489161921886,3.636363636363636,53,51,2,0,49,51,40693,4,0,0,4,0
2020-05-31,US,Virginia,Dinwiddie,80,0,0,37.07544585,-77.63451754,51053.0,280.2690582959641,0.0,80,77,0,0,77,71,28529,3,0,0,3,6
2020-05-31,US,Virginia,Emporia,79,5,0,36.69455571,-77.53406129,51595.0,1477.7403666292553,6.329113924050633,74,78,5,0,73,78,5121,1,0,0,1,0
2020-05-31,US,Virginia,Essex,48,0,0,37.93357639,-76.94230311,51057.0,438.2360996987127,0.0,48,46,0,0,46,46,10919,2,0,0,2,0
2020-05-31,US,Virginia,Fairfax,11110,383,0,38.83677558,-77.27565836,51059.0,968.1647222038252,3.4473447344734467,10727,10906,383,0,10523,10738,1150795,204,0,0,204,168
2020-05-31,US,Virginia,Fairfax,11110,383,0,38.83677558,-77.27565836,51059.0,968.1647222038252,3.4473447344734467,10727,10906,383,0,10523,10738,24574,204,0,0,204,168
2020-05-31,US,Virginia,Fairfax City,65,6,0,38.85157547,-77.29779640000002,51600.0,270.6190932178692,9.23076923076923,59,65,6,0,59,63,24574,0,0,0,0,2
2020-05-31,US,Virginia,Falls Church,55,8,0,38.88485255,-77.17560759,51610.0,376.27420127249087,14.545454545454545,47,55,8,0,47,55,14772,0,0,0,0,0
2020-05-31,US,Virginia,Fauquier,315,6,0,38.73564842,-77.80647472,51061.0,442.2790710735447,1.9047619047619049,309,312,6,0,306,308,70675,3,0,0,3,4
2020-05-31,US,Virginia,Floyd,6,0,0,36.9302126,-80.36738849,51063.0,38.097656994094855,0.0,6,6,0,0,6,6,15795,0,0,0,0,0
2020-05-31,US,Virginia,Fluvanna,92,6,0,37.84157909,-78.27715475,51065.0,337.3670700403373,6.521739130434782,86,91,6,0,85,90,26783,1,0,0,1,1
2020-05-31,US,Virginia,Franklin,36,1,0,36.99536167,-79.88023649,51067.0,64.23753613361407,2.7777777777777777,35,36,1,0,35,35,56195,0,0,0,0,1
2020-05-31,US,Virginia,Franklin,36,1,0,36.99536167,-79.88023649,51067.0,64.23753613361407,2.7777777777777777,35,36,1,0,35,35,8013,0,0,0,0,1
2020-05-31,US,Virginia,Franklin City,42,2,0,36.6831435,-76.93859681,51620.0,527.1745952052215,4.761904761904762,40,42,2,0,40,42,8013,0,0,0,0,0
2020-05-31,US,Virginia,Frederick,349,4,0,39.20172582,-78.25974949,51069.0,390.76058356566233,1.146131805157593,345,344,4,0,340,331,88355,5,0,0,5,13
2020-05-31,US,Virginia,Fredericksburg,164,0,0,38.2977863,-77.4922454,51630.0,564.8160903705743,0.0,164,158,0,0,158,147,29144,6,0,0,6,11
2020-05-31,US,Virginia,Galax,123,0,0,36.66601852,-80.91703124,51640.0,1937.9234283913659,0.0,123,112,0,0,112,107,6423,11,0,0,11,5
2020-05-31,US,Virginia,Giles,5,0,0,37.31234791,-80.70636931,51071.0,29.90430622009569,0.0,5,5,0,0,5,5,16844,0,0,0,0,0
2020-05-31,US,Virginia,Gloucester,31,1,0,37.40809042,-76.53524337,51073.0,83.00310592267323,3.2258064516129035,30,31,1,0,30,30,37349,0,0,0,0,1
2020-05-31,US,Virginia,Goochland,99,6,0,37.71714806,-77.90381514,51075.0,416.78945817370436,6.0606060606060606,93,96,6,0,90,95,23244,3,0,0,3,1
2020-05-31,US,Virginia,Grayson,38,0,0,36.65677234,-81.23215889,51077.0,244.37299035369773,0.0,38,37,0,0,37,34,15631,1,0,0,1,3
2020-05-31,US,Virginia,Greene,34,1,0,38.29545894,-78.46525378,51079.0,171.55255058277407,2.9411764705882355,33,34,1,0,33,31,19779,0,0,0,0,3
2020-05-31,US,Virginia,Greensville,73,7,0,36.67878901,-77.56351439,51081.0,643.9661256175018,9.58904109589041,66,73,7,0,66,69,11627,0,0,0,0,4
2020-05-31,US,Virginia,Halifax,30,0,0,36.76654925,-78.93512622,51083.0,88.46686915750051,0.0,30,30,0,0,30,30,34120,0,0,0,0,0
2020-05-31,US,Virginia,Hampton,207,3,0,37.03513786,-76.35879121,51650.0,153.89190394766192,1.4492753623188406,204,197,3,0,194,192,134313,10,0,0,10,5
2020-05-31,US,Virginia,Hanover,326,24,0,37.7583355,-77.49464673,51085.0,302.50728430117107,7.361963190184048,302,322,24,0,298,320,107239,4,0,0,4,2
2020-05-31,US,Virginia,Harrisonburg,779,23,0,38.43542574,-78.87536254,51660.0,1469.3677380413462,2.952503209242619,756,774,23,0,751,765,54033,5,0,0,5,9
2020-05-31,US,Virginia,Henrico,1820,133,0,37.53460572,-77.39326555,51087.0,550.1514427872728,7.3076923076923075,1687,1754,133,0,1621,1678,329261,66,0,0,66,76
2020-05-31,US,Virginia,Henry,113,3,0,36.68542395,-79.87634026,51089.0,223.51009751369745,2.6548672566371683,110,104,3,0,101,99,50953,9,0,0,9,5
2020-05-31,US,Virginia,Highland,3,0,0,38.35799465,-79.56124594,51091.0,136.98630136986299,0.0,3,3,0,0,3,3,2210,0,0,0,0,0
2020-05-31,US,Virginia,Hopewell,90,0,0,37.29186313,-77.29754684,51670.0,399.48510808291536,0.0,90,87,0,0,87,85,22596,3,0,0,3,2
2020-05-31,US,Virginia,Isle of Wight,128,3,0,36.90579348,-76.70842863,51093.0,344.9298013958878,2.34375,125,128,3,0,125,127,36953,0,0,0,0,1
2020-05-31,US,Virginia,James City,205,15,0,37.31156958,-76.76950618,51095.0,267.89331312154513,7.317073170731707,190,202,15,0,187,202,76397,3,0,0,3,0
2020-05-31,US,Virginia,King George,68,4,0,38.26818502,-77.15852768,51099.0,253.39096735728126,5.882352941176472,64,65,4,0,61,62,26575,3,0,0,3,3
2020-05-31,US,Virginia,King William,30,0,0,37.70965316,-77.09384941,51101.0,174.9475157452764,0.0,30,30,0,0,30,26,16939,0,0,0,0,4
2020-05-31,US,Virginia,King and Queen,13,1,0,37.71044922,-76.88689628,51097.0,185.05338078291814,7.6923076923076925,12,10,1,0,9,10,7042,3,0,0,3,0
2020-05-31,US,Virginia,Lancaster,10,0,0,37.71889653,-76.46400482,51103.0,94.3129303027445,0.0,10,10,0,0,10,10,10783,0,0,0,0,0
2020-05-31,US,Virginia,Lee,9,0,0,36.70586667,-83.12606515,51105.0,38.42377150663877,0.0,9,9,0,0,9,9,23541,0,0,0,0,0
2020-05-31,US,Virginia,Lexington,7,0,0,37.78258621,-79.44262866,51678.0,94.010206822455,0.0,7,7,0,0,7,7,7136,0,0,0,0,0
2020-05-31,US,Virginia,Loudoun,2575,62,0,39.08990083,-77.63481877,51107.0,622.6755461408625,2.4077669902912615,2513,2529,62,0,2467,2429,406850,46,0,0,46,100
2020-05-31,US,Virginia,Louisa,79,1,0,37.97850256,-77.96274807,51109.0,210.1566864409034,1.2658227848101269,78,78,1,0,77,76,36778,1,0,0,1,2
2020-05-31,US,Virginia,Lunenburg,13,0,0,36.94618528,-78.24133319,51111.0,106.59232535257462,0.0,13,13,0,0,13,12,12086,0,0,0,0,1
2020-05-31,US,Virginia,Lynchburg,80,1,0,37.40021399,-79.19888138,51680.0,97.36150326161035,1.25,79,80,1,0,79,80,82126,0,0,0,0,0
2020-05-31,US,Virginia,Madison,41,1,0,38.41531222,-78.28220331,51113.0,309.17728678078583,2.4390243902439024,40,40,1,0,39,39,13295,1,0,0,1,1
2020-05-31,US,Virginia,Manassas,1092,10,0,38.7464321,-77.48509905,51683.0,2657.9043446513324,0.9157509157509156,1082,1046,10,0,1036,1004,41641,46,0,0,46,42
2020-05-31,US,Virginia,Manassas Park,305,6,0,38.77058531,-77.44399307,51685.0,1745.0509211580274,1.9672131147540983,299,299,6,0,293,287,17307,6,0,0,6,12
2020-05-31,US,Virginia,Martinsville,31,1,0,36.68212094,-79.86352771,51690.0,246.93324836705432,3.2258064516129035,30,31,1,0,30,31,12902,0,0,0,0,0
2020-05-31,US,Virginia,Mathews,5,0,0,37.44164146,-76.34098896,51115.0,56.599501924383055,0.0,5,5,0,0,5,5,8802,0,0,0,0,0
2020-05-31,US,Virginia,Mecklenburg,217,21,0,36.67882005,-78.36131056,51117.0,709.4517278582405,9.677419354838712,196,217,21,0,196,214,30650,0,0,0,0,3
2020-05-31,US,Virginia,Middlesex,15,0,0,37.63191998,-76.55064617,51119.0,141.75014175014175,0.0,15,15,0,0,15,14,10769,0,0,0,0,1
2020-05-31,US,Virginia,Montgomery,77,1,0,37.17746986,-80.37868691,51121.0,78.14482163698179,1.2987012987012987,76,73,1,0,72,73,98985,4,0,0,4,0
2020-05-31,US,Virginia,Nelson,17,0,0,37.78790447,-78.88498513,51125.0,113.86470194239786,0.0,17,17,0,0,17,16,14836,0,0,0,0,1
2020-05-31,US,Virginia,New Kent,36,1,0,37.50694406,-76.99828634,51127.0,155.90489801221256,2.7777777777777777,35,36,1,0,35,36,22391,0,0,0,0,0
2020-05-31,US,Virginia,Newport News,273,10,0,37.08166899,-76.51754109,51700.0,152.32249965127633,3.663003663003663,263,258,10,0,248,257,178626,15,0,0,15,1
2020-05-31,US,Virginia,Norfolk,503,6,0,36.89934014,-76.26420872,51710.0,207.21589176986262,1.1928429423459244,497,490,6,0,484,470,244076,13,0,0,13,20
2020-05-31,US,Virginia,Northampton,237,23,0,37.34062933,-75.87751591,51131.0,2023.9111870196411,9.70464135021097,214,230,20,0,210,228,11735,7,3,0,4,2
2020-05-31,US,Virginia,Northumberland,25,1,0,37.89202088,-76.41949732,51133.0,206.69698222405952,4.0,24,25,1,0,24,25,12147,0,0,0,0,0
2020-05-31,US,Virginia,Norton,2,0,0,36.93357076,-82.62750411,51720.0,50.23863350916855,0.0,2,2,0,0,2,2,3968,0,0,0,0,0
2020-05-31,US,Virginia,Nottoway,29,0,0,37.1435975,-78.05065922,51135.0,190.38865546218491,0.0,29,28,0,0,28,25,15420,1,0,0,1,3
2020-05-31,US,Virginia,Orange,102,1,0,38.24530219,-78.01560400000002,51137.0,275.2962133275755,0.9803921568627452,101,101,1,0,100,97,36644,1,0,0,1,4
2020-05-31,US,Virginia,Page,220,21,0,38.61807452,-78.48797204,51139.0,920.4250690318802,9.545454545454543,199,219,21,0,198,214,23933,1,0,0,1,5
2020-05-31,US,Virginia,Patrick,19,0,0,36.680163799999995,-80.2865648,51141.0,107.90549750113584,0.0,19,18,0,0,18,18,17673,1,0,0,1,0
2020-05-31,US,Virginia,Petersburg,134,3,0,37.20530399,-77.39368102,51730.0,427.486760671218,2.238805970149253,131,127,3,0,124,118,31567,7,0,0,7,9
2020-05-31,US,Virginia,Pittsylvania,44,1,0,36.81980341,-79.39731264,51143.0,72.90320442721278,2.272727272727273,43,40,1,0,39,39,60949,4,0,0,4,1
2020-05-31,US,Virginia,Poquoson,8,0,0,37.14259351,-76.35798148,51735.0,65.19436068780051,0.0,8,7,0,0,7,7,12190,1,0,0,1,0
2020-05-31,US,Virginia,Portsmouth,308,11,0,36.85914825,-76.35971629,51740.0,326.27809911226933,3.571428571428572,297,307,11,0,296,294,94632,1,0,0,1,13
2020-05-31,US,Virginia,Powhatan,35,0,0,37.55016038,-77.91267882,51145.0,118.03588290840416,0.0,35,32,0,0,32,32,29189,3,0,0,3,0
2020-05-31,US,Virginia,Prince Edward,134,2,0,37.22554789,-78.43597949,51147.0,587.6677484431191,1.492537313432836,132,134,2,0,132,129,22950,0,0,0,0,5
2020-05-31,US,Virginia,Prince George,126,0,0,37.18497668,-77.22922187,51149.0,328.5271034860376,0.0,126,126,0,0,126,121,38082,0,0,0,0,5
2020-05-31,US,Virginia,Prince William,5533,104,0,38.70916224,-77.48713689,51153.0,1176.395547854189,1.879631303090548,5429,5412,104,0,5308,5270,468011,121,0,0,121,142
2020-05-31,US,Virginia,Pulaski,19,0,0,37.06474963,-80.71229738,51155.0,55.83801099127164,0.0,19,19,0,0,19,19,34066,0,0,0,0,0
2020-05-31,US,Virginia,Radford,6,0,0,37.12222899,-80.56027320000003,51750.0,32.878513891172126,0.0,6,6,0,0,6,6,18339,0,0,0,0,0
2020-05-31,US,Virginia,Rappahannock,13,0,0,38.68295619,-78.15826963,51157.0,176.39077340569878,0.0,13,13,0,0,13,13,7252,0,0,0,0,0
2020-05-31,US,Virginia,Richmond,276,4,0,37.937575,-76.72920628,51159.0,3058.8496065610107,1.4492753623188406,272,275,4,0,271,276,9038,1,0,0,1,-1
2020-05-31,US,Virginia,Richmond City,1316,24,0,37.53255773,-77.47966921,51760.0,571.0913225364093,1.82370820668693,1292,1249,24,0,1225,1202,228783,67,0,0,67,47
2020-05-31,US,Virginia,Roanoke,105,7,0,37.26865804,-80.06396753,51161.0,111.48153653409211,6.666666666666668,98,104,7,0,97,102,94073,1,0,0,1,2
2020-05-31,US,Virginia,Roanoke City,160,9,0,37.27791025,-79.96189766,51770.0,161.38305276217181,5.625,151,155,9,0,146,152,99920,5,0,0,5,3
2020-05-31,US,Virginia,Rockbridge,18,0,0,37.81204314,-79.44605905,51163.0,79.74128383466973,0.0,18,18,0,0,18,16,22752,0,0,0,0,2
2020-05-31,US,Virginia,Rockingham,518,6,0,38.51006137,-78.87260325,51165.0,632.1081661541465,1.1583011583011582,512,511,6,0,505,505,81244,7,0,0,7,6
2020-05-31,US,Virginia,Russell,8,0,0,36.93028320000001,-82.10095486,51167.0,30.091025351688856,0.0,8,8,0,0,8,8,26748,0,0,0,0,0
2020-05-31,US,Virginia,Salem,34,3,0,37.2836193,-80.06219455,51775.0,134.3820402355638,8.823529411764708,31,34,3,0,31,34,25643,0,0,0,0,0
2020-05-31,US,Virginia,Scott,7,2,0,36.71466456,-82.60171704,51169.0,32.458499489937864,28.57142857142857,5,7,2,0,5,7,21534,0,0,0,0,0
2020-05-31,US,Virginia,Shenandoah,448,21,0,38.85905135,-78.56813762,51171.0,1027.1460014673514,4.6875,427,444,21,0,423,429,43497,4,0,0,4,15
2020-05-31,US,Virginia,Smyth,15,0,0,36.84455636,-81.53344948,51173.0,49.827265479670466,0.0,15,15,0,0,15,15,30472,0,0,0,0,0
2020-05-31,US,Virginia,Southampton,147,2,0,36.72231125,-77.10642712,51175.0,833.7587204355963,1.3605442176870748,145,146,2,0,144,146,17586,1,0,0,1,0
2020-05-31,US,Virginia,Spotsylvania,556,7,0,38.18574462,-77.655399,51177.0,408.17824762324267,1.2589928057553956,549,524,7,0,517,500,134238,32,0,0,32,24
2020-05-31,US,Virginia,Stafford,713,4,0,38.41758738,-77.45917053,51179.0,466.3727580748552,0.5610098176718092,709,702,4,0,698,681,149960,11,0,0,11,21
2020-05-31,US,Virginia,Staunton,45,0,0,38.15965544,-79.05979937,51790.0,180.4909353441361,0.0,45,39,0,0,39,36,24922,6,0,0,6,3
2020-05-31,US,Virginia,Suffolk,315,32,0,36.70155394,-76.63603554,51800.0,341.9898380162418,10.158730158730158,283,314,32,0,282,311,91185,1,0,0,1,3
2020-05-31,US,Virginia,Surry,10,1,0,37.11781893,-76.88450012,51181.0,155.71473061351602,10.0,9,10,1,0,9,10,6474,0,0,0,0,0
2020-05-31,US,Virginia,Sussex,154,2,0,36.92432914,-77.25791182,51183.0,1380.051975983511,1.2987012987012987,152,154,2,0,152,151,11237,0,0,0,0,3
2020-05-31,US,Virginia,Tazewell,9,0,0,37.12191123,-81.56685568,51185.0,22.170218007143742,0.0,9,7,0,0,7,7,40855,2,0,0,2,0
2020-05-31,US,Virginia,Virginia Beach,708,23,0,36.73285734,-76.04566934,51810.0,157.34242422895545,3.248587570621469,685,699,23,0,676,680,450189,9,0,0,9,19
2020-05-31,US,Virginia,Warren,157,2,0,38.90847745,-78.20280433,51187.0,390.89732098396576,1.2738853503184713,155,155,2,0,153,146,40003,2,0,0,2,9
2020-05-31,US,Virginia,Washington,51,4,0,36.72341572,-81.95666289,51191.0,94.90137700037216,7.84313725490196,47,51,4,0,47,51,54402,0,0,0,0,0
2020-05-31,US,Virginia,Waynesboro,46,0,0,38.06451466,-78.90293905,51820.0,203.26999558108704,0.0,46,43,0,0,43,41,22628,3,0,0,3,2
2020-05-31,US,Virginia,Westmoreland,65,1,0,38.11021557,-76.80213247,51193.0,360.8104357479878,1.5384615384615383,64,63,1,0,62,63,17830,2,0,0,2,0
2020-05-31,US,Virginia,Williamsburg,44,4,0,37.28131268,-76.70905141,51830.0,294.23565601176944,9.090909090909092,40,44,4,0,40,44,14896,0,0,0,0,0
2020-05-31,US,Virginia,Winchester,189,2,0,39.17054517,-78.17325058,51840.0,673.1248664434788,1.058201058201058,187,187,2,0,185,176,28108,2,0,0,2,11
2020-05-31,US,Virginia,Wise,25,2,0,36.9746148,-82.62410519,51195.0,66.87531765775887,8.0,23,24,2,0,22,24,38012,1,0,0,1,0
2020-05-31,US,Virginia,Wythe,23,1,0,36.91582035,-81.07834059,51197.0,80.1840747455027,4.3478260869565215,22,21,1,0,20,21,28754,2,0,0,2,0
2020-05-31,US,Virginia,York,74,3,0,37.24374789,-76.54412815,51199.0,108.37727006444055,4.0540540540540535,71,72,3,0,69,72,67846,2,0,0,2,0
2020-05-31,US,Washington,Adams,63,0,0,46.98299757,-118.56017340000001,53001.0,315.26797778111387,0.0,63,62,0,0,62,59,19759,1,0,0,1,3
2020-05-31,US,Washington,Asotin,19,2,0,46.18894415,-117.2022851,53003.0,84.13780887432469,10.526315789473683,17,19,2,0,17,19,22610,0,0,0,0,0
2020-05-31,US,Washington,Benton,794,62,0,46.23946995,-119.51208340000001,53005.0,388.4730172709037,7.8085642317380355,732,776,62,0,714,757,201877,18,0,0,18,19
2020-05-31,US,Washington,Chelan,248,6,0,47.87046092,-120.6173956,53007.0,321.2435233160622,2.419354838709677,242,246,6,0,240,244,77036,2,0,0,2,2
2020-05-31,US,Washington,Clallam,25,0,0,48.04754642,-123.92263190000001,53009.0,32.328561637635616,0.0,25,25,0,0,25,25,76737,0,0,0,0,0
2020-05-31,US,Washington,Clark,514,22,0,45.77568046,-122.48292040000001,53011.0,105.27587810118365,4.280155642023346,492,509,22,0,487,477,481857,5,0,0,5,32
2020-05-31,US,Washington,Columbia,1,0,0,46.29442881,-117.9051983,53013.0,25.094102885821833,0.0,1,1,0,0,1,1,4059,0,0,0,0,0
2020-05-31,US,Washington,Cowlitz,73,0,0,46.19074721,-122.6782231,53015.0,66.00779434503087,0.0,73,73,0,0,73,73,108987,0,0,0,0,0
2020-05-31,US,Washington,Douglas,172,3,0,47.7361335,-119.69293700000001,53017.0,396.04872320338944,1.7441860465116281,169,169,3,0,166,167,42907,3,0,0,3,2
2020-05-31,US,Washington,Ferry,1,0,0,48.471143100000006,-118.5154041,53019.0,13.111315064901008,0.0,1,1,0,0,1,1,7649,0,0,0,0,0
2020-05-31,US,Washington,Franklin,574,20,0,46.53351425,-118.9018212,53021.0,602.8018735166243,3.484320557491289,554,549,20,0,529,535,94347,25,0,0,25,14
2020-05-31,US,Washington,Grant,204,4,0,47.20753737,-119.4500749,53025.0,208.7319533831971,1.96078431372549,200,203,4,0,199,202,97331,1,0,0,1,1
2020-05-31,US,Washington,Grays Harbor,17,0,0,47.14003705,-123.7820567,53027.0,22.64824609317755,0.0,17,16,0,0,16,16,73901,1,0,0,1,0
2020-05-31,US,Washington,Island,178,11,0,48.14713305,-122.5216407,53029.0,209.0649628263704,6.179775280898878,167,178,11,0,167,178,84460,0,0,0,0,0
2020-05-31,US,Washington,Jefferson,30,0,0,47.75003077,-123.56097040000002,53031.0,93.106979919928,0.0,30,30,0,0,30,30,31729,0,0,0,0,0
2020-05-31,US,Washington,King,8092,567,0,47.49137892,-121.8346131,53033.0,359.2003132127298,7.006920415224912,7525,7993,567,0,7426,7949,2233163,99,0,0,99,44
2020-05-31,US,Washington,Kitsap,161,2,0,47.63479026,-122.6436061,53035.0,59.306082004471904,1.2422360248447204,159,161,2,0,159,161,269805,0,0,0,0,0
2020-05-31,US,Washington,Kittitas,88,0,0,47.12521214,-120.67943899999999,53037.0,183.58193386878062,0.0,88,87,0,0,87,83,47364,1,0,0,1,4
2020-05-31,US,Washington,Klickitat,25,3,0,45.87325839,-120.7913598,53039.0,111.48272017837236,12.0,22,24,3,0,21,24,22107,1,0,0,1,0
2020-05-31,US,Washington,Lewis,37,3,0,46.57756476,-122.39257690000001,53041.0,45.844846171955346,8.108108108108109,34,36,3,0,33,35,79604,1,0,0,1,1
2020-05-31,US,Washington,Lincoln,2,0,0,47.57705241,-118.41943880000001,53043.0,18.283206874485785,0.0,2,2,0,0,2,2,10740,0,0,0,0,0
2020-05-31,US,Washington,Mason,36,1,0,47.35007586,-123.1863685,53045.0,53.918044572250174,2.7777777777777777,35,35,1,0,34,35,65507,1,0,0,1,0
2020-05-31,US,Washington,Okanogan,49,1,0,48.54855019,-119.73872240000001,53047.0,115.99554955850674,2.0408163265306123,48,46,1,0,45,47,42132,3,0,0,3,-1
2020-05-31,US,Washington,Pacific,9,1,0,46.55418369,-123.7285716,53049.0,40.05162209069467,11.111111111111109,8,9,1,0,8,9,22036,0,0,0,0,0
2020-05-31,US,Washington,Pend Oreille,3,0,0,48.53234021,-117.2741804,53051.0,21.85951617604197,0.0,3,3,0,0,3,3,13602,0,0,0,0,0
2020-05-31,US,Washington,Pierce,1937,79,0,47.03892768,-122.14059579999999,53053.0,214.03787929015004,4.078471863706763,1858,1922,79,0,1843,1909,891299,15,0,0,15,13
2020-05-31,US,Washington,San Juan,15,0,0,48.60182783,-122.96745,53055.0,85.31452621999773,0.0,15,15,0,0,15,15,17128,0,0,0,0,0
2020-05-31,US,Washington,Skagit,434,15,0,48.48171488,-121.766131,53057.0,335.90031345536164,3.4562211981566815,419,432,15,0,417,430,128206,2,0,0,2,2
2020-05-31,US,Washington,Skamania,3,0,0,46.02408726,-121.91644029999999,53059.0,24.828271124720683,0.0,3,3,0,0,3,3,11924,0,0,0,0,0
2020-05-31,US,Washington,Snohomish,2967,148,0,48.04615983,-121.7170703,53061.0,360.9124626102231,4.988203572632289,2819,2956,148,0,2808,2945,814901,11,0,0,11,11
2020-05-31,US,Washington,Spokane,596,32,0,47.62113146,-117.4046494,53063.0,114.00196634264094,5.369127516778524,564,582,32,0,550,555,514631,14,0,0,14,27
2020-05-31,US,Washington,Stevens,11,1,0,48.40035475,-117.8542701,53065.0,24.057913960151343,9.090909090909092,10,11,1,0,10,11,45260,0,0,0,0,0
2020-05-31,US,Washington,Thurston,147,2,0,46.9291895,-122.82906559999999,53067.0,50.596139548971564,1.3605442176870748,145,135,2,0,133,133,286419,12,0,0,12,2
2020-05-31,US,Washington,Unassigned,68,0,0,0.0,0.0,90053.0,0.0,0.0,68,61,0,0,61,58,,7,0,0,7,3
2020-05-31,US,Washington,Wahkiakum,4,0,0,46.29180039999999,-123.4250831,53069.0,89.12655971479502,0.0,4,4,0,0,4,4,4426,0,0,0,0,0
2020-05-31,US,Washington,Walla Walla,108,2,0,46.23040051,-118.4775539,53071.0,177.74851876234362,1.851851851851852,106,109,2,0,107,108,60922,-1,0,0,-1,1
2020-05-31,US,Washington,Whatcom,396,36,0,48.82227976,-121.74900179999999,53073.0,172.73944697204325,9.090909090909092,360,392,36,0,356,383,225685,4,0,0,4,9
2020-05-31,US,Washington,Whitman,16,0,0,46.90022523,-117.52417630000001,53075.0,31.93357815743254,0.0,16,16,0,0,16,16,49791,0,0,0,0,0
2020-05-31,US,Washington,Yakima,3585,95,0,46.45738486,-120.73801259999999,53077.0,1429.009897438146,2.6499302649930265,3490,3458,95,0,3363,3369,251446,127,0,0,127,89
2020-05-31,US,West Virginia,Barbour,9,1,0,39.1307219,-80.00350858,54001.0,54.741195791010284,11.111111111111109,8,9,1,0,8,9,16535,0,0,0,0,0
2020-05-31,US,West Virginia,Berkeley,308,6,0,39.46704621,-78.02414609,54003.0,258.45214020189474,1.9480519480519483,302,307,6,0,301,301,117123,1,0,0,1,6
2020-05-31,US,West Virginia,Boone,9,0,0,38.01974191,-81.69888019,54005.0,41.94435382392693,0.0,9,9,0,0,9,10,21951,0,0,0,0,-1
2020-05-31,US,West Virginia,Braxton,2,0,0,38.70036159,-80.72011184,54007.0,14.329727018700293,0.0,2,2,0,0,2,2,14089,0,0,0,0,0
2020-05-31,US,West Virginia,Brooke,5,0,0,40.27367263,-80.57915332,54009.0,22.79046446966589,0.0,5,5,0,0,5,4,22203,0,0,0,0,1
2020-05-31,US,West Virginia,Cabell,66,0,0,38.42424062,-82.23855912,54011.0,71.78204361302953,0.0,66,64,0,0,64,61,93224,2,0,0,2,3
2020-05-31,US,West Virginia,Calhoun,2,0,0,38.84315422,-81.11934872,54013.0,28.133352088901397,0.0,2,2,0,0,2,2,7254,0,0,0,0,0
2020-05-31,US,West Virginia,Clay,4,0,0,38.46231092,-81.07652217,54015.0,47.0145745181006,0.0,4,4,0,0,4,2,8632,0,0,0,0,2
2020-05-31,US,West Virginia,Fayette,48,4,0,38.02974928,-81.08286634,54019.0,113.19152950054236,8.333333333333334,44,46,4,0,42,46,43018,2,0,0,2,0
2020-05-31,US,West Virginia,Gilmer,10,0,0,38.9251277,-80.85952723,54021.0,127.82819890067749,0.0,10,10,0,0,10,10,8026,0,0,0,0,0
2020-05-31,US,West Virginia,Grant,12,0,0,39.10314817,-79.19440518,54023.0,103.73443983402491,0.0,12,12,0,0,12,11,11626,0,0,0,0,1
2020-05-31,US,West Virginia,Greenbrier,9,0,0,37.9463652,-80.45335881,54025.0,25.965033754543878,0.0,9,9,0,0,9,9,34786,0,0,0,0,0
2020-05-31,US,West Virginia,Hampshire,29,1,0,39.32103553,-78.60826476,54027.0,125.13484358144552,3.4482758620689653,28,28,1,0,27,29,23347,1,0,0,1,-1
2020-05-31,US,West Virginia,Hancock,18,0,0,40.51943859,-80.57461608,54029.0,62.4783061437001,0.0,18,18,0,0,18,17,29094,0,0,0,0,1
2020-05-31,US,West Virginia,Hardy,39,0,0,39.00683177,-78.85855301,54031.0,283.1010452961673,0.0,39,39,0,0,39,38,13775,0,0,0,0,1
2020-05-31,US,West Virginia,Harrison,41,1,0,39.2853852,-80.37919577,54033.0,60.9611038420364,2.4390243902439024,40,40,1,0,39,41,67554,1,0,0,1,-1
2020-05-31,US,West Virginia,Jackson,137,18,0,38.84263974,-81.68148753,54035.0,479.42329227323626,13.138686131386864,119,137,18,0,119,135,28706,0,0,0,0,2
2020-05-31,US,West Virginia,Jefferson,182,1,0,39.30776166,-77.86014147,54037.0,318.4824834634095,0.5494505494505495,181,180,1,0,179,172,56811,2,0,0,2,8
2020-05-31,US,West Virginia,Kanawha,229,18,0,38.33860077,-81.52857054,54039.0,128.5621252610541,7.860262008733624,211,226,18,0,208,220,180454,3,0,0,3,6
2020-05-31,US,West Virginia,Lewis,9,1,0,38.9947249,-80.49988181,54041.0,56.578864650782684,11.111111111111109,8,8,1,0,7,7,16024,1,0,0,1,1
2020-05-31,US,West Virginia,Lincoln,6,0,0,38.172154,-82.07017953,54043.0,29.39879464941937,0.0,6,6,0,0,6,5,20599,0,0,0,0,1
2020-05-31,US,West Virginia,Logan,17,1,0,37.8299889,-81.93528571,54045.0,53.093475748774175,5.882352941176472,16,17,1,0,16,17,32607,0,0,0,0,0
2020-05-31,US,West Virginia,Marion,51,2,0,39.50984542,-80.24244659,54049.0,90.9544870880297,3.92156862745098,49,50,2,0,48,50,56097,1,0,0,1,0
2020-05-31,US,West Virginia,Marshall,30,0,0,39.86064362,-80.66591062,54051.0,98.26078412105728,0.0,30,29,0,0,29,28,30785,1,0,0,1,1
2020-05-31,US,West Virginia,Mason,15,0,0,38.77071799,-82.02524219,54053.0,56.569618343641565,0.0,15,15,0,0,15,15,26718,0,0,0,0,0
2020-05-31,US,West Virginia,McDowell,6,0,0,37.38002939,-81.65083669,54047.0,34.04448479346346,0.0,6,6,0,0,6,6,18223,0,0,0,0,0
2020-05-31,US,West Virginia,Mercer,13,0,0,37.40481169,-81.11023142,54055.0,22.124646856598247,0.0,13,13,0,0,13,13,59131,0,0,0,0,0
2020-05-31,US,West Virginia,Mineral,46,1,0,39.41561583,-78.94104895,54057.0,171.20738424892062,2.1739130434782608,45,44,1,0,43,45,26940,2,0,0,2,-1
2020-05-31,US,West Virginia,Mingo,7,1,0,37.73048351,-82.13338365,54059.0,29.88387978142077,14.285714285714285,6,6,1,0,5,7,23785,1,0,0,1,-1
2020-05-31,US,West Virginia,Monongalia,133,5,0,39.63218457,-80.04766838,54061.0,125.93265916751885,3.7593984962406015,128,133,5,0,128,132,106420,0,0,0,0,1
2020-05-31,US,West Virginia,Monroe,7,0,0,37.56274716,-80.54577965,54063.0,52.730696798493405,0.0,7,7,0,0,7,7,13280,0,0,0,0,0
2020-05-31,US,West Virginia,Morgan,18,0,0,39.55439028,-78.26311676,54065.0,100.64862446879893,0.0,18,18,0,0,18,18,17787,0,0,0,0,0
2020-05-31,US,West Virginia,Nicholas,8,1,0,38.29617706,-80.79759588,54067.0,32.65839320705421,12.5,7,8,1,0,7,8,24842,0,0,0,0,0
2020-05-31,US,West Virginia,Ohio,42,1,0,40.0955451,-80.62203992,54069.0,101.42232740093212,2.380952380952381,41,41,1,0,40,41,41755,1,0,0,1,0
2020-05-31,US,West Virginia,Pendleton,12,0,0,38.68314479,-79.35084086,54071.0,172.19113215669393,0.0,12,12,0,0,12,11,6997,0,0,0,0,1
2020-05-31,US,West Virginia,Pleasants,4,0,0,39.37091679,-81.16771771,54073.0,53.61930294906166,0.0,4,4,0,0,4,4,7507,0,0,0,0,0
2020-05-31,US,West Virginia,Pocahontas,21,0,0,38.32758728,-80.00993811,54075.0,254.63805020007274,0.0,21,21,0,0,21,19,8414,0,0,0,0,2
2020-05-31,US,West Virginia,Preston,25,1,0,39.46770987,-79.66712803,54077.0,74.77865518066524,4.0,24,25,1,0,24,22,33839,0,0,0,0,3
2020-05-31,US,West Virginia,Putnam,34,0,0,38.50782345,-81.9082131,54079.0,60.23029229406554,0.0,34,35,0,0,35,35,56682,-1,0,0,-1,0
2020-05-31,US,West Virginia,Raleigh,16,0,0,37.76936795,-81.2456041,54081.0,21.80995351753657,0.0,16,16,0,0,16,16,74254,0,0,0,0,0
2020-05-31,US,West Virginia,Randolph,131,0,0,38.769899,-79.87919615,54083.0,456.5255270953128,0.0,131,129,0,0,129,126,28823,2,0,0,2,3
2020-05-31,US,West Virginia,Ritchie,1,0,0,39.18094587,-81.06356878,54085.0,10.466820180029307,0.0,1,1,0,0,1,1,9721,0,0,0,0,0
2020-05-31,US,West Virginia,Roane,9,0,0,38.71622686,-81.35243568,54087.0,65.7510227936879,0.0,9,9,0,0,9,9,13932,0,0,0,0,0
2020-05-31,US,West Virginia,Summers,1,0,0,37.65390597,-80.86009693,54089.0,7.953551260637875,0.0,1,1,0,0,1,1,12760,0,0,0,0,0
2020-05-31,US,West Virginia,Taylor,8,0,0,39.33602617,-80.0421439,54091.0,47.91853848457622,0.0,8,8,0,0,8,8,16862,0,0,0,0,0
2020-05-31,US,West Virginia,Tucker,4,0,0,39.11240885,-79.57053576,54093.0,58.488083053077936,0.0,4,4,0,0,4,4,6955,0,0,0,0,0
2020-05-31,US,West Virginia,Tyler,3,0,0,39.46811972,-80.88772676,54095.0,34.920265394016994,0.0,3,3,0,0,3,3,8746,0,0,0,0,0
2020-05-31,US,West Virginia,Upshur,7,0,0,38.89285061,-80.23689136,54097.0,28.95433487756453,0.0,7,7,0,0,7,7,24415,0,0,0,0,0
2020-05-31,US,West Virginia,Wayne,99,9,0,38.14901357,-82.42287994,54099.0,251.25628140703517,9.090909090909092,90,98,9,0,89,98,39944,1,0,0,1,0
2020-05-31,US,West Virginia,Wetzel,8,0,0,39.6065771,-80.64016540000001,54103.0,53.103219382675064,0.0,8,8,0,0,8,8,15270,0,0,0,0,0
2020-05-31,US,West Virginia,Wirt,4,0,0,39.02775007,-81.37473928,54105.0,68.7167153410067,0.0,4,4,0,0,4,4,5830,0,0,0,0,0
2020-05-31,US,West Virginia,Wood,53,2,0,39.20967886,-81.5162836,54107.0,63.45937402715583,3.7735849056603774,51,53,2,0,51,54,84203,0,0,0,0,-1
2020-05-31,US,West Virginia,Wyoming,3,0,0,37.612327,-81.54511071,54109.0,14.710208884966164,0.0,3,3,0,0,3,3,20786,0,0,0,0,0
2020-05-31,US,Wisconsin,Adams,4,1,0,43.96974651,-89.76782777,55001.0,19.782393669634022,25.0,3,4,1,0,3,4,20348,0,0,0,0,0
2020-05-31,US,Wisconsin,Ashland,2,0,0,46.31956891,-90.67837132,55003.0,12.851818532322323,0.0,2,2,0,0,2,2,15600,0,0,0,0,0
2020-05-31,US,Wisconsin,Barron,17,0,0,45.42372701,-91.84833627,55005.0,37.574042967023246,0.0,17,17,0,0,17,15,45164,0,0,0,0,2
2020-05-31,US,Wisconsin,Bayfield,3,1,0,46.52868768,-91.19716729,55007.0,19.952114924181963,33.333333333333336,2,3,1,0,2,3,15042,0,0,0,0,0
2020-05-31,US,Wisconsin,Brown,2319,37,0,44.452655299999996,-88.00411844,55009.0,876.6093852771962,1.5955153083225528,2282,2318,37,0,2281,2308,263378,1,0,0,1,10
2020-05-31,US,Wisconsin,Buffalo,6,1,0,44.37835084,-91.75332578,55011.0,46.04404880669172,16.666666666666668,5,6,1,0,5,5,13125,0,0,0,0,1
2020-05-31,US,Wisconsin,Burnett,1,1,0,45.86303537,-92.36711412,55013.0,6.487608667445179,100.0,0,1,1,0,0,1,15392,0,0,0,0,0
2020-05-31,US,Wisconsin,Calumet,76,1,0,44.0816316,-88.21780273,55015.0,151.72992074108092,1.3157894736842106,75,76,1,0,75,75,50159,0,0,0,0,1
2020-05-31,US,Wisconsin,Chippewa,56,0,0,45.06939744,-91.28068855,55017.0,86.60954560920536,0.0,56,56,0,0,56,55,64135,0,0,0,0,1
2020-05-31,US,Wisconsin,Clark,32,4,0,44.73483377,-90.61207486,55019.0,92.02277563697015,12.5,28,31,4,0,27,32,34709,1,0,0,1,-1
2020-05-31,US,Wisconsin,Columbia,44,1,0,43.46492199,-89.33589004,55021.0,76.47917680595147,2.272727272727273,43,44,1,0,43,43,57358,0,0,0,0,1
2020-05-31,US,Wisconsin,Crawford,26,0,0,43.23870316,-90.93073686,55023.0,161.18033599900812,0.0,26,26,0,0,26,26,16291,0,0,0,0,0
2020-05-31,US,Wisconsin,Dane,730,29,0,43.06601594,-89.41733797,55025.0,133.52966462104098,3.9726027397260273,701,725,29,0,696,705,542364,5,0,0,5,20
2020-05-31,US,Wisconsin,Dodge,221,2,0,43.41576662,-88.70928178,55027.0,251.59667118250442,0.9049773755656108,219,215,2,0,213,180,87847,6,0,0,6,35
2020-05-31,US,Wisconsin,Door,38,3,0,44.95856458,-87.30002707,55029.0,137.34277866126934,7.894736842105262,35,38,3,0,35,38,27610,0,0,0,0,0
2020-05-31,US,Wisconsin,Douglas,19,0,0,46.43222285,-91.91595768,55031.0,44.0324449594438,0.0,19,19,0,0,19,19,43208,0,0,0,0,0
2020-05-31,US,Wisconsin,Dunn,24,0,0,44.94562799,-91.8962481,55033.0,52.90072297654736,0.0,24,24,0,0,24,24,45131,0,0,0,0,0
2020-05-31,US,Wisconsin,Eau Claire,108,0,0,44.726614,-91.28609183,55035.0,103.20509145117826,0.0,108,108,0,0,108,107,104534,0,0,0,0,1
2020-05-31,US,Wisconsin,Florence,2,0,0,45.84963535,-88.39804137,55037.0,46.56577415599534,0.0,2,2,0,0,2,2,4321,0,0,0,0,0
2020-05-31,US,Wisconsin,Fond du Lac,213,5,0,43.75354908,-88.48885325,55039.0,205.99015502451573,2.347417840375587,208,203,5,0,198,194,103066,10,0,0,10,9
2020-05-31,US,Wisconsin,Forest,29,2,0,45.66678019,-88.77084892,55041.0,322.07907596623716,6.896551724137932,27,28,1,0,27,28,8991,1,1,0,0,0
2020-05-31,US,Wisconsin,Grant,95,12,0,42.8671731,-90.7063218,55043.0,184.68477225451502,12.63157894736842,83,95,12,0,83,94,51554,0,0,0,0,1
2020-05-31,US,Wisconsin,Green,66,0,0,42.6794956,-89.60243287,55045.0,178.5714285714286,0.0,66,66,0,0,66,65,36929,0,0,0,0,1
2020-05-31,US,Wisconsin,Green Lake,20,0,0,43.80025981,-89.04679553,55047.0,105.74736953418284,0.0,20,19,0,0,19,18,18918,1,0,0,1,1
2020-05-31,US,Wisconsin,Iowa,16,0,0,43.00050278,-90.13469017,55049.0,67.57327476982853,0.0,16,16,0,0,16,15,23771,0,0,0,0,1
2020-05-31,US,Wisconsin,Iron,2,1,0,46.26302338,-90.24295041,55051.0,35.16792685071215,50.0,1,2,1,0,1,2,5676,0,0,0,0,0
2020-05-31,US,Wisconsin,Jackson,17,1,0,44.31864893,-90.80566792,55053.0,82.35237126386669,5.882352941176472,16,17,1,0,16,16,20478,0,0,0,0,1
2020-05-31,US,Wisconsin,Jefferson,106,3,0,43.02054068,-88.77529134,55055.0,125.04571246564191,2.830188679245283,103,104,3,0,101,101,85129,2,0,0,2,3
2020-05-31,US,Wisconsin,Juneau,23,1,0,43.92456975,-90.11120239,55057.0,86.18428448308167,4.3478260869565215,22,23,1,0,22,23,26617,0,0,0,0,0
2020-05-31,US,Wisconsin,Kenosha,1168,30,0,42.57639354,-88.04051686,55059.0,688.8376454491304,2.568493150684932,1138,1165,30,0,1135,1131,169290,3,0,0,3,34
2020-05-31,US,Wisconsin,Kewaunee,35,1,0,44.51727459,-87.61468386,55061.0,171.28315552510526,2.8571428571428568,34,34,1,0,33,34,20383,1,0,0,1,0
2020-05-31,US,Wisconsin,La Crosse,53,0,0,43.90632465,-91.11451093,55063.0,44.90916485900217,0.0,53,53,0,0,53,53,118230,0,0,0,0,0
2020-05-31,US,Wisconsin,Lafayette,27,0,0,42.66005229,-90.1317729,55065.0,162.01620162016198,0.0,27,27,0,0,27,27,16665,0,0,0,0,0
2020-05-31,US,Wisconsin,Langlade,3,0,0,45.26271619,-89.07483625,55067.0,15.633956954505186,0.0,3,2,0,0,2,2,19268,1,0,0,1,0
2020-05-31,US,Wisconsin,Lincoln,7,0,0,45.33737523,-89.73411273,55069.0,25.3687529445874,0.0,7,7,0,0,7,7,27689,0,0,0,0,0
2020-05-31,US,Wisconsin,Manitowoc,36,1,0,44.11946801,-87.80928853,55071.0,45.58058267178182,2.7777777777777777,35,36,1,0,35,36,79074,0,0,0,0,0
2020-05-31,US,Wisconsin,Marathon,50,1,0,44.89792533,-89.75863384,55073.0,36.84815611826785,2.0,49,51,1,0,50,46,135428,-1,0,0,-1,5
2020-05-31,US,Wisconsin,Marinette,33,2,0,45.38553432,-88.03324599999998,55075.0,81.78438661710037,6.0606060606060606,31,33,2,0,31,33,40434,0,0,0,0,0
2020-05-31,US,Wisconsin,Marquette,4,1,0,43.81911946,-89.40073763,55077.0,25.68383202773854,25.0,3,4,1,0,3,3,15434,0,0,0,0,1
2020-05-31,US,Wisconsin,Menominee,3,0,0,45.00422544,-88.70950714,55078.0,65.84723441615452,0.0,3,3,0,0,3,3,4658,0,0,0,0,0
2020-05-31,US,Wisconsin,Milwaukee,7750,299,0,43.00486062,-87.96733172,55079.0,819.4762542216245,3.8580645161290317,7451,7656,299,0,7357,7429,948201,94,0,0,94,227
2020-05-31,US,Wisconsin,Monroe,17,1,0,43.94641218,-90.61881899999999,55081.0,36.75437268933907,5.882352941176472,16,16,1,0,15,16,46051,1,0,0,1,0
2020-05-31,US,Wisconsin,Oconto,37,0,0,45.02715345,-88.26807503,55083.0,97.5481149485895,0.0,37,37,0,0,37,35,37830,0,0,0,0,2
2020-05-31,US,Wisconsin,Oneida,9,0,0,45.70677897,-89.51944105,55085.0,25.284450063211125,0.0,9,9,0,0,9,9,35470,0,0,0,0,0
2020-05-31,US,Wisconsin,Outagamie,227,8,0,44.41578887,-88.46565023,55087.0,120.8185858370812,3.524229074889868,219,223,8,0,215,213,187365,4,0,0,4,10
2020-05-31,US,Wisconsin,Ozaukee,162,12,0,43.38352225,-87.94625009,55089.0,181.57160309792542,7.407407407407407,150,160,11,0,149,159,89147,2,1,0,1,1
2020-05-31,US,Wisconsin,Pepin,1,0,0,44.58307413,-91.99949611,55091.0,13.723068478111706,0.0,1,1,0,0,1,1,7289,0,0,0,0,0
2020-05-31,US,Wisconsin,Pierce,45,0,0,44.71850291,-92.4224416,55093.0,105.2533096318473,0.0,45,45,0,0,45,45,42555,0,0,0,0,0
2020-05-31,US,Wisconsin,Polk,19,1,0,45.46130348,-92.44182875,55095.0,43.39583856748054,5.2631578947368425,18,19,1,0,18,18,43598,0,0,0,0,1
2020-05-31,US,Wisconsin,Portage,11,0,0,44.47558711,-89.50152965,55097.0,15.542870061606285,0.0,11,11,0,0,11,11,70942,0,0,0,0,0
2020-05-31,US,Wisconsin,Price,2,0,0,45.68051754,-90.36098879999999,55099.0,14.980151299528124,0.0,2,2,0,0,2,2,13397,0,0,0,0,0
2020-05-31,US,Wisconsin,Racine,1722,37,0,42.74753117,-88.05941254,55101.0,877.1795773033605,2.148664343786295,1685,1714,36,0,1678,1652,196584,8,1,0,7,62
2020-05-31,US,Wisconsin,Richland,14,4,0,43.3762778,-90.43012729,55103.0,81.1500115928588,28.57142857142857,10,14,4,0,10,14,17377,0,0,0,0,0
2020-05-31,US,Wisconsin,Rock,636,19,0,42.67151616,-89.07147900000002,55105.0,389.33849186429467,2.9874213836477987,617,632,19,0,613,620,163129,4,0,0,4,12
2020-05-31,US,Wisconsin,Rusk,5,0,0,45.47498854,-91.1333012,55107.0,35.265904923120324,0.0,5,5,0,0,5,5,14147,0,0,0,0,0
2020-05-31,US,Wisconsin,Sauk,78,3,0,43.42574087,-89.94966132,55111.0,121.03907389590641,3.8461538461538463,75,78,3,0,75,78,64249,0,0,0,0,0
2020-05-31,US,Wisconsin,Sawyer,8,0,0,45.87931905,-91.14504927,55113.0,48.31501389056649,0.0,8,8,0,0,8,8,16489,0,0,0,0,0
2020-05-31,US,Wisconsin,Shawano,47,0,0,44.78902246,-88.76443896,55115.0,114.91723514022348,0.0,47,46,0,0,46,45,40796,1,0,0,1,1
2020-05-31,US,Wisconsin,Sheboygan,90,3,0,43.72099677,-87.94579284,55117.0,78.03017166637767,3.333333333333333,87,88,3,0,85,87,115456,2,0,0,2,1
2020-05-31,US,Wisconsin,St. Croix,86,0,0,45.03437474,-92.45000068,55109.0,94.8316737790422,0.0,86,81,0,0,81,77,89694,5,0,0,5,4
2020-05-31,US,Wisconsin,Taylor,2,0,0,45.21179252,-90.5004405,55119.0,9.83139163348572,0.0,2,2,0,0,2,2,20412,0,0,0,0,0
2020-05-31,US,Wisconsin,Trempealeau,25,0,0,44.30360275,-91.35893614,55121.0,84.3198758811427,0.0,25,25,0,0,25,24,29442,0,0,0,0,1
2020-05-31,US,Wisconsin,Vernon,21,0,0,43.59422667,-90.8324691,55123.0,68.13315164492894,0.0,21,21,0,0,21,21,30785,0,0,0,0,0
2020-05-31,US,Wisconsin,Vilas,7,0,0,46.05467334,-89.51719204,55125.0,31.538634827663888,0.0,7,7,0,0,7,6,21938,0,0,0,0,1
2020-05-31,US,Wisconsin,Walworth,395,17,0,42.66858202,-88.54163073,55127.0,380.2903685446913,4.30379746835443,378,392,17,0,375,379,103718,3,0,0,3,13
2020-05-31,US,Wisconsin,Washburn,2,0,0,45.89838588,-91.79050449,55129.0,12.72264631043257,0.0,2,2,0,0,2,2,15878,0,0,0,0,0
2020-05-31,US,Wisconsin,Washington,252,7,0,43.36863664,-88.22974712,55131.0,185.24780569563487,2.7777777777777777,245,248,7,0,241,238,135693,4,0,0,4,10
2020-05-31,US,Wisconsin,Waukesha,696,30,0,43.01833055,-88.30431188,55133.0,172.19283618424637,4.310344827586206,666,690,30,0,660,665,403072,6,0,0,6,25
2020-05-31,US,Wisconsin,Waupaca,41,1,0,44.47068056,-88.96534501,55135.0,80.40792312218082,2.4390243902439024,40,39,1,0,38,29,51128,2,0,0,2,10
2020-05-31,US,Wisconsin,Waushara,8,0,0,44.11324419,-89.24317107,55137.0,32.72920672585198,0.0,8,8,0,0,8,8,24263,0,0,0,0,0
2020-05-31,US,Wisconsin,Winnebago,244,7,0,44.06886922,-88.64477096,55139.0,141.93721023576705,2.8688524590163933,237,238,6,0,232,224,171020,6,1,0,5,14
2020-05-31,US,Wisconsin,Wood,10,1,0,44.45537896,-90.04158336,55141.0,13.698817792024547,10.0,9,10,1,0,9,10,73055,0,0,0,0,0
2020-05-31,US,Wyoming,Albany,25,0,0,41.65498705,-105.72354150000001,56001.0,64.30041152263375,0.0,25,25,0,0,25,25,38601,0,0,0,0,0
2020-05-31,US,Wyoming,Big Horn,6,0,0,44.52405055,-107.9960365,56003.0,50.89058524173028,0.0,6,5,0,0,5,5,11881,1,0,0,1,0
2020-05-31,US,Wyoming,Campbell,31,0,0,44.24886082,-105.54744040000001,56005.0,66.89540579616323,0.0,31,31,0,0,31,31,46140,0,0,0,0,0
2020-05-31,US,Wyoming,Carbon,16,0,0,41.69357844,-106.9326084,56007.0,108.10810810810813,0.0,16,16,0,0,16,16,14971,0,0,0,0,0
2020-05-31,US,Wyoming,Converse,24,0,0,42.97272268,-105.5081848,56009.0,173.63623209376357,0.0,24,24,0,0,24,24,13640,0,0,0,0,0
2020-05-31,US,Wyoming,Crook,5,0,0,44.58855102,-104.56977049999999,56011.0,65.92827004219409,0.0,5,5,0,0,5,5,7450,0,0,0,0,0
2020-05-31,US,Wyoming,Fremont,278,0,0,43.04183996,-108.6296893,56013.0,708.08181146685,0.0,278,277,0,0,277,273,39531,1,0,0,1,4
2020-05-31,US,Wyoming,Goshen,5,0,0,42.08798185,-104.3534743,56015.0,37.847248505033676,0.0,5,5,0,0,5,5,13376,0,0,0,0,0
2020-05-31,US,Wyoming,Hot Springs,12,0,0,43.71930657,-108.44231740000001,56017.0,271.92386131883075,0.0,12,12,0,0,12,12,4555,0,0,0,0,0
2020-05-31,US,Wyoming,Johnson,18,1,0,44.04057166,-106.58451740000001,56019.0,213.14387211367676,5.5555555555555545,17,18,1,0,17,18,8460,0,0,0,0,0
2020-05-31,US,Wyoming,Laramie,188,0,0,41.30702520000001,-104.6887497,56021.0,188.94472361809045,0.0,188,188,0,0,188,188,98976,0,0,0,0,0
2020-05-31,US,Wyoming,Lincoln,15,0,0,42.26376367,-110.6563997,56023.0,75.642965204236,0.0,15,15,0,0,15,15,19434,0,0,0,0,0
2020-05-31,US,Wyoming,Natrona,77,0,0,42.96180148,-106.79788500000001,56025.0,96.42114753687795,0.0,77,76,0,0,76,76,79115,1,0,0,1,0
2020-05-31,US,Wyoming,Niobrara,2,0,0,43.05607708,-104.47588959999999,56027.0,84.88964346349746,0.0,2,2,0,0,2,2,2388,0,0,0,0,0
2020-05-31,US,Wyoming,Park,2,0,0,44.52157546,-109.58528249999999,56029.0,6.850722751250258,0.0,2,2,0,0,2,2,29324,0,0,0,0,0
2020-05-31,US,Wyoming,Platte,1,0,0,42.13299116,-104.96633100000001,56031.0,11.914690813773385,0.0,1,1,0,0,1,1,8566,0,0,0,0,0
2020-05-31,US,Wyoming,Sheridan,16,0,0,44.79048913,-106.8862389,56033.0,52.484828604231595,0.0,16,16,0,0,16,16,30233,0,0,0,0,0
2020-05-31,US,Wyoming,Sublette,3,0,0,42.76558279,-109.91309220000001,56035.0,30.515715593530675,0.0,3,3,0,0,3,3,9813,0,0,0,0,0
2020-05-31,US,Wyoming,Sweetwater,30,0,0,41.65943896,-108.8827882,56037.0,70.84996339418558,0.0,30,27,0,0,27,26,43051,3,0,0,3,1
2020-05-31,US,Wyoming,Teton,100,0,0,43.93522482,-110.5890801,56039.0,426.1847937265599,0.0,100,100,0,0,100,100,23081,0,0,0,0,0
2020-05-31,US,Wyoming,Uinta,12,0,0,41.2878183,-110.54757820000002,56041.0,59.32957579353307,0.0,12,12,0,0,12,12,20299,0,0,0,0,0
2020-05-31,US,Wyoming,Unassigned,0,15,0,0.0,0.0,90056.0,0.0,0.0,-15,0,15,0,-15,0,,0,0,0,0,0
2020-05-31,US,Wyoming,Washakie,36,0,0,43.90451606,-107.68018700000002,56043.0,461.2427930813581,0.0,36,37,0,0,37,35,7885,-1,0,0,-1,2
2020-05-31,US,Wyoming,Weston,1,0,0,43.83961191,-104.56748809999999,56045.0,14.436263894903998,0.0,1,1,0,0,1,1,6967,0,0,0,0,0
