Date,Country/Region,Province/State,Admin2,Confirmed,Deaths,Recovered,Latitude,Longitude,FIPS,Incidence_Rate,Case-Fatality_Ratio,Active Cases,Previous Confirmed,Previous Deaths,Previous Recovered,Previous Active,Prev2 Confirmed,Population,Daily Confirmed,Daily Deaths,Daily Recovered,Daily Active,Previous Daily Confirmed
2020-09-04,US,Alabama,Autauga,1355,23,0,32.53952745,-86.64408227,1001.0,2425.3163650682845,1.6974169741697418,1332,1349,23,0,1326,1345,55601,6,0,0,6,4
2020-09-04,US,Alabama,Baldwin,4513,42,0,30.72774991,-87.72207058,1003.0,2021.6454482740085,0.9306448038998448,4471,4495,40,0,4455,4458,218022,18,2,0,16,37
2020-09-04,US,Alabama,Barbour,616,7,0,31.868263,-85.3871286,1005.0,2495.3414891031352,1.1363636363636365,609,614,7,0,607,617,24881,2,0,0,2,-3
2020-09-04,US,Alabama,Bibb,545,6,0,32.99642064,-87.12511459999996,1007.0,2433.687594891489,1.1009174311926606,539,542,6,0,536,541,22400,3,0,0,3,1
2020-09-04,US,Alabama,Blount,1049,12,0,33.98210918,-86.56790593,1009.0,1814.0628782900424,1.1439466158245948,1037,1037,11,0,1026,1036,57840,12,1,0,11,1
2020-09-04,US,Alabama,Bullock,541,13,0,32.10030533,-85.71265535,1011.0,5355.9053559053555,2.4029574861367844,528,541,13,0,528,540,10138,0,0,0,0,1
2020-09-04,US,Alabama,Butler,848,37,0,31.75300095,-86.68057478,1013.0,4360.345536816125,4.363207547169812,811,841,36,0,805,839,19680,7,1,0,6,2
2020-09-04,US,Alabama,Calhoun,2503,31,0,33.77483727,-85.82630386,1015.0,2203.248096474627,1.2385137834598479,2472,2447,31,0,2416,2413,114277,56,0,0,56,34
2020-09-04,US,Alabama,Chambers,850,40,0,32.91360079,-85.39072749,1017.0,2556.083478679257,4.705882352941177,810,850,39,0,811,861,33615,0,1,0,-1,-11
2020-09-04,US,Alabama,Cherokee,362,11,0,34.17805983,-85.60638968,1019.0,1381.8903649412125,3.0386740331491717,351,354,11,0,343,354,26032,8,0,0,8,0
2020-09-04,US,Alabama,Chilton,1105,12,0,32.85044126,-86.7173256,1021.0,2487.1702529936083,1.085972850678733,1093,1102,10,0,1092,1096,44153,3,2,0,1,6
2020-09-04,US,Alabama,Choctaw,320,12,0,32.02227341,-88.26564429999998,1023.0,2541.901660179522,3.75,308,319,12,0,307,316,12841,1,0,0,1,3
2020-09-04,US,Alabama,Clarke,923,13,0,31.68099859,-87.83548597,1025.0,3907.3744814156294,1.4084507042253518,910,917,13,0,904,922,23920,6,0,0,6,-5
2020-09-04,US,Alabama,Clay,376,6,0,33.26984193,-85.85836077,1027.0,2840.952021156025,1.5957446808510638,370,368,6,0,362,366,13275,8,0,0,8,2
2020-09-04,US,Alabama,Cleburne,229,5,0,33.67679204,-85.52005899,1029.0,1535.8819584171695,2.183406113537118,224,222,5,0,217,207,14987,7,0,0,7,15
2020-09-04,US,Alabama,Coffee,963,5,0,31.39932826,-85.98901039,1031.0,1839.8227045202705,0.5192107995846313,958,959,5,0,954,959,51909,4,0,0,4,0
2020-09-04,US,Alabama,Colbert,1463,22,0,34.69847452,-87.80168544,1033.0,2648.3952136999687,1.5037593984962403,1441,1458,22,0,1436,1447,54762,5,0,0,5,11
2020-09-04,US,Alabama,Conecuh,431,11,0,31.43401703,-86.99320044,1035.0,3571.724537996188,2.5522041763341066,420,432,11,0,421,433,12277,-1,0,0,-1,-1
2020-09-04,US,Alabama,Coosa,109,3,0,32.93690146,-86.24847739,1037.0,1022.2263903216733,2.7522935779816518,106,110,3,0,107,112,10715,-1,0,0,-1,-2
2020-09-04,US,Alabama,Covington,804,25,0,31.247785399999998,-86.45050893,1039.0,2170.0990580042644,3.109452736318408,779,800,25,0,775,806,36986,4,0,0,4,-6
2020-09-04,US,Alabama,Crenshaw,398,30,0,31.72941803,-86.31593104,1041.0,2889.9215800174265,7.537688442211055,368,394,28,0,366,396,13824,4,2,0,2,-2
2020-09-04,US,Alabama,Cullman,1449,15,0,34.13020303,-86.86888037,1043.0,1729.7774806608732,1.0351966873706004,1434,1448,15,0,1433,1454,83442,1,0,0,1,-6
2020-09-04,US,Alabama,Dale,1015,41,0,31.43037123,-85.61095742,1045.0,2064.182868299032,4.039408866995074,974,1015,41,0,974,1018,48956,0,0,0,0,-3
2020-09-04,US,Alabama,Dallas,1431,25,0,32.32688101,-87.10866709999998,1047.0,3847.1878696634053,1.747030048916841,1406,1428,25,0,1403,1429,38310,3,0,0,3,-1
2020-09-04,US,Alabama,DeKalb,2096,16,0,34.45946862,-85.80782906,1049.0,2930.935634080517,0.7633587786259542,2080,2080,15,0,2065,2071,71385,16,1,0,15,9
2020-09-04,US,Alabama,Elmore,2074,43,0,32.59785413,-86.14415284,1051.0,2553.904123927151,2.073288331726133,2031,2054,43,0,2011,2048,81887,20,0,0,20,6
2020-09-04,US,Alabama,Escambia,1242,22,0,31.1256789,-87.15918694,1053.0,3390.38571779543,1.7713365539452497,1220,1234,22,0,1212,1237,36748,8,0,0,8,-3
2020-09-04,US,Alabama,Etowah,2727,42,0,34.04567266,-86.04051873,1055.0,2666.523252630344,1.54015401540154,2685,2708,42,0,2666,2700,102501,19,0,0,19,8
2020-09-04,US,Alabama,Fayette,307,6,0,33.72076938,-87.73886638,1057.0,1883.2045147834626,1.954397394136808,301,300,6,0,294,296,16433,7,0,0,7,4
2020-09-04,US,Alabama,Franklin,1580,27,0,34.44235334,-87.84289505,1059.0,5037.944008672916,1.7088607594936709,1553,1570,27,0,1543,1555,31363,10,0,0,10,15
2020-09-04,US,Alabama,Geneva,388,3,0,31.09389027,-85.83572839,1061.0,1476.9137071295347,0.7731958762886598,385,387,3,0,384,392,26314,1,0,0,1,-5
2020-09-04,US,Alabama,Greene,278,14,0,32.85504247,-87.95684022,1063.0,3427.4442115645425,5.035971223021583,264,278,14,0,264,279,8233,0,0,0,0,-1
2020-09-04,US,Alabama,Hale,533,27,0,32.76039258,-87.63284988,1065.0,3637.976929902396,5.065666041275797,506,531,27,0,504,535,14726,2,0,0,2,-4
2020-09-04,US,Alabama,Henry,342,3,0,31.51148016,-85.24267944,1067.0,1987.794245858762,0.8771929824561403,339,338,3,0,335,336,17209,4,0,0,4,2
2020-09-04,US,Alabama,Houston,1892,15,0,31.15197924,-85.29939599,1069.0,1786.8948452050395,0.7928118393234672,1877,1875,15,0,1860,1867,104722,17,0,0,17,8
2020-09-04,US,Alabama,Jackson,1307,7,0,34.78144169,-85.99750489,1071.0,2531.670088714989,0.5355776587605203,1300,1294,7,0,1287,1288,51736,13,0,0,13,6
2020-09-04,US,Alabama,Jefferson,16349,305,0,33.55554728,-86.89506300000002,1073.0,2482.48865349779,1.8655575264542172,16044,16240,305,0,15935,16170,659300,109,0,0,109,70
2020-09-04,US,Alabama,Lamar,278,2,0,33.77995024,-88.09668032,1075.0,2013.7631293009772,0.7194244604316546,276,276,2,0,274,277,13844,2,0,0,2,-1
2020-09-04,US,Alabama,Lauderdale,1454,25,0,34.90171875,-87.65624729,1077.0,1568.01000765672,1.71939477303989,1429,1443,24,0,1419,1433,92387,11,1,0,10,10
2020-09-04,US,Alabama,Lawrence,488,5,0,34.52041498,-87.31069453,1079.0,1482.2014336046652,1.024590163934426,483,486,5,0,481,469,32957,2,0,0,2,17
2020-09-04,US,Alabama,Lee,3417,49,0,32.60154883,-85.35132246,1081.0,2076.673432922901,1.434006438396254,3368,3384,49,0,3335,3371,163941,33,0,0,33,13
2020-09-04,US,Alabama,Limestone,1672,18,0,34.81185586,-86.98310072,1083.0,1690.3401910731436,1.076555023923445,1654,1667,15,0,1652,1661,96174,5,3,0,2,6
2020-09-04,US,Alabama,Lowndes,601,25,0,32.1597283,-86.65158371,1085.0,6179.3131811638905,4.1597337770382685,576,600,24,0,576,602,9974,1,1,0,0,-2
2020-09-04,US,Alabama,Macon,406,17,0,32.38759944,-85.69267724,1087.0,2247.06663714855,4.1871921182266005,389,401,17,0,384,399,18439,5,0,0,5,2
2020-09-04,US,Alabama,Madison,6436,56,0,34.76327133,-86.55069633,1089.0,1725.8902305924505,0.870105655686762,6380,6382,55,0,6327,6345,366519,54,1,0,53,37
2020-09-04,US,Alabama,Marengo,641,18,0,32.24767634,-87.78796182,1091.0,3398.186926787891,2.8081123244929795,623,640,17,0,623,632,19066,1,1,0,0,8
2020-09-04,US,Alabama,Marion,716,27,0,34.13697363,-87.88704173,1093.0,2410.0440943821736,3.7709497206703912,689,717,27,0,690,720,29763,-1,0,0,-1,-3
2020-09-04,US,Alabama,Marshall,3486,41,0,34.36975964,-86.30486727,1095.0,3602.2072044144093,1.176133103843947,3445,3485,41,0,3444,3492,96109,1,0,0,1,-7
2020-09-04,US,Alabama,Mobile,12167,262,0,30.78472347,-88.20842409,1097.0,2944.507635342804,2.1533656612147607,11905,12123,262,0,11861,12098,413757,44,0,0,44,25
2020-09-04,US,Alabama,Monroe,434,6,0,31.56729412,-87.36995001,1099.0,2093.281242463705,1.3824884792626728,428,435,6,0,429,438,21067,-1,0,0,-1,-3
2020-09-04,US,Alabama,Montgomery,7853,163,0,32.2206831,-86.20969272,1101.0,3467.322483508915,2.0756398828473195,7690,7826,161,0,7665,7804,225763,27,2,0,25,22
2020-09-04,US,Alabama,Morgan,2855,22,0,34.45500589,-86.85475946,1103.0,2385.548007586962,0.7705779334500875,2833,2842,22,0,2820,2831,119089,13,0,0,13,11
2020-09-04,US,Alabama,Perry,479,5,0,32.64048341,-87.29770589,1105.0,5368.149725428668,1.0438413361169103,474,479,5,0,474,480,9140,0,0,0,0,-1
2020-09-04,US,Alabama,Pickens,540,11,0,33.28094866,-88.08818103,1107.0,2709.483191169092,2.0370370370370368,529,537,11,0,526,537,19938,3,0,0,3,0
2020-09-04,US,Alabama,Pike,837,7,0,31.80396383,-85.9408295,1109.0,2527.6318173582167,0.8363201911589009,830,837,7,0,830,833,33338,0,0,0,0,4
2020-09-04,US,Alabama,Randolph,484,11,0,33.29526734,-85.45708831,1111.0,2130.0941818501888,2.272727272727273,473,481,11,0,470,479,22725,3,0,0,3,2
2020-09-04,US,Alabama,Russell,1558,2,0,32.28725256,-85.18415324,1113.0,2688.0143544797365,0.12836970474967907,1556,1556,2,0,1554,1548,57781,2,0,0,2,8
2020-09-04,US,Alabama,Shelby,4212,40,0,33.26879845,-86.66232561,1117.0,1934.7548483707087,0.9496676163342829,4172,4169,40,0,4129,4158,215707,43,0,0,43,11
2020-09-04,US,Alabama,St. Clair,1679,30,0,33.71902176,-86.31029372,1115.0,1875.7261596210565,1.786777843954735,1649,1667,29,0,1638,1670,88690,12,1,0,11,-3
2020-09-04,US,Alabama,Sumter,401,19,0,32.59117397,-88.19916205,1119.0,3226.8447734771057,4.7381546134663335,382,401,19,0,382,399,12691,0,0,0,0,2
2020-09-04,US,Alabama,Talladega,1281,21,0,33.37823223,-86.16886178,1121.0,1601.6904648778416,1.639344262295082,1260,1276,20,0,1256,1290,79828,5,1,0,4,-14
2020-09-04,US,Alabama,Tallapoosa,936,82,0,32.86698258,-85.79833053,1123.0,2318.725691777937,8.760683760683763,854,932,82,0,850,934,40497,4,0,0,4,-2
2020-09-04,US,Alabama,Tuscaloosa,5230,94,0,33.28726072,-87.52556818,1125.0,2498.149076926751,1.797323135755258,5136,5218,91,0,5127,5201,208911,12,3,0,9,17
2020-09-04,US,Alabama,Unassigned,11104,122,0,0.0,0.0,90001.0,0.0,1.0987031700288183,10982,10684,113,0,10571,10019,,420,9,0,411,665
2020-09-04,US,Alabama,Walker,1902,74,0,33.80270512,-87.30027177,1127.0,2994.285354449709,3.8906414300736074,1828,1881,74,0,1807,1850,63711,21,0,0,21,31
2020-09-04,US,Alabama,Washington,498,13,0,31.4092794,-88.20689944,1129.0,3050.349136346931,2.6104417670682727,485,501,13,0,488,500,16378,-3,0,0,-3,1
2020-09-04,US,Alabama,Wilcox,474,11,0,31.98773215,-87.30891118,1131.0,4569.555576978694,2.3206751054852317,463,471,11,0,460,474,10627,3,0,0,3,-3
2020-09-04,US,Alabama,Winston,561,11,0,34.15030532,-87.37325922,1133.0,2374.201193448728,1.96078431372549,550,557,11,0,546,556,23660,4,0,0,4,1
2020-09-04,US,Alaska,Aleutians East,2,0,0,55.32222414,-161.9722021,2013.0,59.93407252022774,0.0,2,2,0,0,2,2,3515,0,0,0,0,0
2020-09-04,US,Alaska,Aleutians West,6,0,0,52.3233,-174.1596,2016.0,106.49627263045794,0.0,6,6,0,0,6,6,5723,0,0,0,0,0
2020-09-04,US,Alaska,Anchorage,3189,24,0,61.14998174,-149.14269860000005,2020.0,1107.2916666666667,0.7525870178739417,3165,3105,24,0,3081,3050,291538,84,0,0,84,55
2020-09-04,US,Alaska,Bethel,59,1,0,60.90980451,-159.8561831,2050.0,320.89633416730123,1.6949152542372878,58,59,1,0,58,59,18216,0,0,0,0,0
2020-09-04,US,Alaska,Bristol Bay,10,0,0,58.74513976,-156.701064,2060.0,1196.1722488038274,0.0,10,10,0,0,10,10,877,0,0,0,0,0
2020-09-04,US,Alaska,Denali,2,0,0,63.67264044,-150.0076108,2068.0,95.37434430138292,0.0,2,2,0,0,2,2,2059,0,0,0,0,0
2020-09-04,US,Alaska,Dillingham,5,0,0,59.79603738,-158.23819419999995,2070.0,101.70870626525631,0.0,5,5,0,0,5,5,5000,0,0,0,0,0
2020-09-04,US,Alaska,Fairbanks North Star,712,8,0,64.80726247,-146.5692662,2090.0,735.1650507491044,1.1235955056179776,704,691,8,0,683,666,98971,21,0,0,21,25
2020-09-04,US,Alaska,Haines,4,0,0,59.09893571,-135.4679843,2100.0,158.10276679841897,0.0,4,4,0,0,4,4,2474,0,0,0,0,0
2020-09-04,US,Alaska,Juneau,183,1,0,58.45031811,-134.200436,2110.0,572.3400262713452,0.5464480874316939,182,180,1,0,179,178,32113,3,0,0,3,2
2020-09-04,US,Alaska,Kenai Peninsula,419,2,0,60.24429722,-151.53888840000005,2122.0,713.7017101587517,0.47732696897374705,417,418,2,0,416,416,58533,1,0,0,1,2
2020-09-04,US,Alaska,Ketchikan Gateway,47,0,0,55.57445008,-130.975561,2130.0,338.1051722897633,0.0,47,47,0,0,47,47,13918,0,0,0,0,0
2020-09-04,US,Alaska,Kodiak Island,17,0,0,57.65529415,-153.7493579,2150.0,130.789352208032,0.0,17,17,0,0,17,15,13345,0,0,0,0,2
2020-09-04,US,Alaska,Kusilvak,8,0,0,62.15429159999999,-163.39678830000003,2158.0,96.22323791195574,0.0,8,8,0,0,8,8,8303,0,0,0,0,0
2020-09-04,US,Alaska,Matanuska-Susitna,495,2,0,62.31305045,-149.5741743,2170.0,456.9919772519549,0.404040404040404,493,487,2,0,485,481,107610,8,0,0,8,6
2020-09-04,US,Alaska,Nome,44,0,0,64.90320724,-164.0353804,2180.0,439.8240703718512,0.0,44,44,0,0,44,41,10008,0,0,0,0,3
2020-09-04,US,Alaska,North Slope,43,0,0,69.31479216,-153.4836093,2185.0,437.3474369406021,0.0,43,42,0,0,42,41,9872,1,0,0,1,1
2020-09-04,US,Alaska,Northwest Arctic,69,0,0,67.04919196,-159.7503946,2188.0,905.3929930455321,0.0,69,69,0,0,69,66,7671,0,0,0,0,3
2020-09-04,US,Alaska,Petersburg,7,1,0,57.13978948,-132.9540995,2195.0,214.32945499081444,14.285714285714285,6,7,1,0,6,7,3221,0,0,0,0,0
2020-09-04,US,Alaska,Prince of Wales-Hyder,27,0,0,55.76261984,-133.0511621,2198.0,435.2732548766726,0.0,27,26,0,0,26,25,6422,1,0,0,1,1
2020-09-04,US,Alaska,Sitka,38,0,0,57.24124555,-135.3206587,2220.0,447.42729306487695,0.0,38,38,0,0,38,38,8647,0,0,0,0,0
2020-09-04,US,Alaska,Southeast Fairbanks,19,0,0,63.87692095,-143.2127643,2240.0,275.6419556071377,0.0,19,19,0,0,19,19,6918,0,0,0,0,0
2020-09-04,US,Alaska,Unassigned,1,0,0,0.0,0.0,90002.0,0.0,0.0,1,1,0,0,1,1,,0,0,0,0,0
2020-09-04,US,Alaska,Valdez-Cordova,75,0,0,61.47502768,-144.7126799,2261.0,815.0402086502934,0.0,75,74,0,0,74,73,9164,1,0,0,1,1
2020-09-04,US,Alaska,Wrangell,12,0,0,56.3202004,-132.05837309999998,2275.0,479.61630695443637,0.0,12,12,0,0,12,11,2503,0,0,0,0,1
2020-09-04,US,Alaska,Yakutat,20,0,0,59.890980799999994,-140.36014509999998,2282.0,3454.231433506045,0.0,20,20,0,0,20,20,604,0,0,0,0,0
2020-09-04,US,Alaska,Yukon-Koyukuk,71,1,0,65.50815459,-151.39073869999999,2290.0,1357.5525812619505,1.4084507042253518,70,71,1,0,70,71,5327,0,0,0,0,0
2020-09-04,US,Arizona,Apache,3360,154,0,35.39465006,-109.4892383,4001.0,4674.002253536801,4.583333333333333,3206,3355,154,0,3201,3351,71818,5,0,0,5,4
2020-09-04,US,Arizona,Cochise,1838,62,0,31.87934684,-109.7516088,4003.0,1459.6337415225296,3.3732317736670288,1776,1832,62,0,1770,1830,126770,6,0,0,6,2
2020-09-04,US,Arizona,Coconino,3373,127,0,35.83883429,-111.77071780000001,4005.0,2350.91583261312,3.765194189149125,3246,3355,127,0,3228,3346,142854,18,0,0,18,9
2020-09-04,US,Arizona,Gila,1125,49,0,33.80190085,-110.8132779,4007.0,2082.6391202932355,4.355555555555555,1076,1122,48,0,1074,1117,53889,3,1,0,2,5
2020-09-04,US,Arizona,Graham,750,22,0,32.93166885,-109.8882178,4009.0,1931.1481319360407,2.933333333333333,728,744,22,0,722,735,38072,6,0,0,6,9
2020-09-04,US,Arizona,Greenlee,58,1,0,33.21498827,-109.2405279,4011.0,610.6548747104654,1.7241379310344829,57,58,1,0,57,58,9483,0,0,0,0,0
2020-09-04,US,Arizona,La Paz,514,15,0,33.72854224,-113.98100290000001,4012.0,2435.095698313436,2.9182879377431905,499,512,15,0,497,498,21098,2,0,0,2,14
2020-09-04,US,Arizona,Maricopa,135495,3064,0,33.34835867,-112.49181540000001,4013.0,3020.7913918313893,2.261338056754862,132431,135109,3030,0,132079,134346,4410824,386,34,0,352,763
2020-09-04,US,Arizona,Mohave,3700,210,0,35.70471703,-113.7577902,4015.0,1743.7942134309858,5.6756756756756745,3490,3675,210,0,3465,3651,209550,25,0,0,25,24
2020-09-04,US,Arizona,Navajo,5641,222,0,35.3997715,-110.3218983,4017.0,5085.463921243374,3.935472433965609,5419,5631,222,0,5409,5625,110445,10,0,0,10,6
2020-09-04,US,Arizona,Pima,21574,593,0,32.0971334,-111.7890033,4019.0,2060.0050225393616,2.7486789654213406,20981,21443,590,0,20853,21294,1039073,131,3,0,128,149
2020-09-04,US,Arizona,Pinal,9839,188,0,32.90525627,-111.3449483,4021.0,2126.022874355268,1.910763288952129,9651,9744,187,0,9557,9690,447138,95,1,0,94,54
2020-09-04,US,Arizona,Santa Cruz,2771,58,0,31.52508998,-110.8479088,4023.0,5959.396103058196,2.093107181522916,2713,2761,58,0,2703,2732,46511,10,0,0,10,29
2020-09-04,US,Arizona,Unassigned,1,1,0,0.0,0.0,90004.0,0.0,100.0,0,1,1,0,0,0,,0,0,0,0,1
2020-09-04,US,Arizona,Yavapai,2345,79,0,34.59933926,-112.5538588,4025.0,997.4521371847604,3.3688699360341148,2266,2342,78,0,2264,2324,231993,3,1,0,2,18
2020-09-04,US,Arizona,Yuma,12297,326,0,32.76895712,-113.90666740000002,4027.0,5751.986790590635,2.651053102382695,11971,12269,325,0,11944,12264,212128,28,1,0,27,5
2020-09-04,US,Arkansas,Arkansas,293,3,0,34.29145151,-91.37277296,5001.0,1675.6262152579204,1.023890784982935,290,287,3,0,284,286,17769,6,0,0,6,1
2020-09-04,US,Arkansas,Ashley,389,7,0,33.19153461,-91.76984709999999,5003.0,1978.9388004273287,1.7994858611825193,382,388,7,0,381,388,20046,1,0,0,1,0
2020-09-04,US,Arkansas,Baxter,147,1,0,36.28784385,-92.33782872,5005.0,350.56758561480484,0.6802721088435374,146,144,0,0,144,140,41619,3,1,0,2,4
2020-09-04,US,Arkansas,Benton,5564,58,0,36.33644656,-94.25680817,5007.0,1993.2578875908594,1.0424155283968368,5506,5503,58,0,5445,5453,272608,61,0,0,61,50
2020-09-04,US,Arkansas,Boone,392,3,0,36.3084504,-93.09374925,5009.0,1047.2323145971359,0.7653061224489796,389,388,3,0,385,374,37480,4,0,0,4,14
2020-09-04,US,Arkansas,Bradley,300,6,0,33.46755808,-92.15980837,5011.0,2787.32695345164,2.0,294,300,6,0,294,296,10897,0,0,0,0,4
2020-09-04,US,Arkansas,Calhoun,23,0,0,33.55598792,-92.49974403,5013.0,443.24532665253423,0.0,23,23,0,0,23,23,5277,0,0,0,0,0
2020-09-04,US,Arkansas,Carroll,482,8,0,36.34038560000001,-93.54270261,5015.0,1698.379140239605,1.6597510373443984,474,479,7,0,472,474,28223,3,1,0,2,5
2020-09-04,US,Arkansas,Chicot,968,11,0,33.26458973,-91.29539209,5017.0,9567.108124135204,1.1363636363636365,957,964,11,0,953,963,10438,4,0,0,4,1
2020-09-04,US,Arkansas,Clark,253,4,0,34.04613432,-93.17484713,5019.0,1133.5125448028673,1.5810276679841897,249,243,4,0,239,239,22061,10,0,0,10,4
2020-09-04,US,Arkansas,Clay,198,5,0,36.36826212,-90.4148172,5021.0,1360.7312212219092,2.525252525252525,193,190,5,0,185,185,14847,8,0,0,8,5
2020-09-04,US,Arkansas,Cleburne,260,7,0,35.53864922,-92.02640019,5023.0,1043.3805529916929,2.6923076923076925,253,259,7,0,252,257,24965,1,0,0,1,2
2020-09-04,US,Arkansas,Cleveland,140,6,0,33.89723187,-92.18537045,5025.0,1759.6782302664656,4.285714285714286,134,139,5,0,134,138,8018,1,1,0,0,1
2020-09-04,US,Arkansas,Columbia,312,15,0,33.21230701,-93.22642793,5027.0,1330.0933623225474,4.807692307692308,297,311,15,0,296,303,23537,1,0,0,1,8
2020-09-04,US,Arkansas,Conway,213,3,0,35.26205537,-92.70506566,5029.0,1021.778758514823,1.4084507042253518,210,213,3,0,210,212,20891,0,0,0,0,1
2020-09-04,US,Arkansas,Craighead,2009,16,0,35.83018283,-90.63235729,5031.0,1820.8679258963853,0.7964161274265804,1993,1958,16,0,1942,1932,108558,51,0,0,51,26
2020-09-04,US,Arkansas,Crawford,966,9,0,35.58928601,-94.2446814,5033.0,1527.1037197464316,0.9316770186335404,957,952,9,0,943,939,63406,14,0,0,14,13
2020-09-04,US,Arkansas,Crittenden,1693,35,0,35.21247318,-90.30839406,5035.0,3530.3930768428736,2.067336089781453,1658,1685,35,0,1650,1659,48342,8,0,0,8,26
2020-09-04,US,Arkansas,Cross,296,5,0,35.29631396,-90.77185818,5037.0,1802.7894512455082,1.6891891891891893,291,289,5,0,284,283,16676,7,0,0,7,6
2020-09-04,US,Arkansas,Dallas,132,2,0,33.97042763,-92.65167437,5039.0,1883.2929091168494,1.5151515151515151,130,132,2,0,130,128,7182,0,0,0,0,4
2020-09-04,US,Arkansas,Desha,252,5,0,33.83011025,-91.25500948,5041.0,2218.1146025878,1.984126984126984,247,249,5,0,244,244,11512,3,0,0,3,5
2020-09-04,US,Arkansas,Drew,309,5,0,33.59035001,-91.71777921,5043.0,1696.0316153466165,1.6181229773462784,304,309,5,0,304,308,18328,0,0,0,0,1
2020-09-04,US,Arkansas,Faulkner,1758,9,0,35.14719007,-92.33717519,5045.0,1395.1605863166333,0.5119453924914675,1749,1747,9,0,1738,1719,124806,11,0,0,11,28
2020-09-04,US,Arkansas,Franklin,182,2,0,35.51202821,-93.89299569,5047.0,1027.3779283093425,1.0989010989010992,180,178,2,0,176,174,17810,4,0,0,4,4
2020-09-04,US,Arkansas,Fulton,80,1,0,36.38177105,-91.81729127,5049.0,641.179770778232,1.25,79,77,0,0,77,72,12269,3,1,0,2,5
2020-09-04,US,Arkansas,Garland,1499,31,0,34.57692074,-93.14921604,5051.0,1508.2607208258707,2.0680453635757168,1468,1479,30,0,1449,1458,99154,20,1,0,19,21
2020-09-04,US,Arkansas,Grant,199,1,0,34.29017991,-92.42320562,5053.0,1089.515466739666,0.5025125628140703,198,197,1,0,196,193,18188,2,0,0,2,4
2020-09-04,US,Arkansas,Greene,658,5,0,36.11735460000001,-90.55832668,5055.0,1451.7374517374515,0.7598784194528876,653,652,5,0,647,648,45325,6,0,0,6,4
2020-09-04,US,Arkansas,Hempstead,335,3,0,33.73325583,-93.66935133,5057.0,1555.8238900241504,0.8955223880597015,332,335,3,0,332,334,21741,0,0,0,0,1
2020-09-04,US,Arkansas,Hot Spring,1736,21,0,34.31709259,-92.95396325,5059.0,5140.505167155252,1.2096774193548387,1715,1731,21,0,1710,1728,33701,5,0,0,5,3
2020-09-04,US,Arkansas,Howard,431,5,0,34.09007427,-93.9934871,5061.0,3264.656870171187,1.160092807424594,426,429,5,0,424,427,13341,2,0,0,2,2
2020-09-04,US,Arkansas,Independence,803,8,0,35.74242707,-91.57001641,5063.0,2122.9345670852613,0.99626400996264,795,791,7,0,784,788,37678,12,1,0,11,3
2020-09-04,US,Arkansas,Izard,109,0,0,36.09604046,-91.90847954,5065.0,799.7652065448675,0.0,109,108,0,0,108,106,13593,1,0,0,1,2
2020-09-04,US,Arkansas,Jackson,194,1,0,35.59802983,-91.21494602,5067.0,1160.3564806507566,0.5154639175257731,193,191,1,0,190,187,16811,3,0,0,3,4
2020-09-04,US,Arkansas,Jefferson,2191,51,0,34.26767081,-91.92619839,5069.0,3278.7621213935113,2.327704244637152,2140,2166,51,0,2115,2129,68114,25,0,0,25,37
2020-09-04,US,Arkansas,Johnson,775,4,0,35.56759135,-93.46036368,5071.0,2915.945518850177,0.5161290322580645,771,770,4,0,766,766,26742,5,0,0,5,4
2020-09-04,US,Arkansas,Lafayette,74,2,0,33.24116713,-93.60677071,5073.0,1117.1497584541064,2.702702702702702,72,75,2,0,73,72,6682,-1,0,0,-1,3
2020-09-04,US,Arkansas,Lawrence,262,11,0,36.04188196,-91.10867198,5075.0,1596.97671583567,4.198473282442748,251,258,11,0,247,253,16434,4,0,0,4,5
2020-09-04,US,Arkansas,Lee,1009,11,0,34.78498904,-90.78383866,5077.0,11392.11922772948,1.0901883052527257,998,1007,11,0,996,1006,8985,2,0,0,2,1
2020-09-04,US,Arkansas,Lincoln,1737,13,0,33.95317155,-91.74002806,5079.0,13336.916461916462,0.7484168105929764,1724,1617,13,0,1604,1610,13383,120,0,0,120,7
2020-09-04,US,Arkansas,Little River,299,15,0,33.70375665,-94.23468591,5081.0,2439.0243902439024,5.016722408026756,284,296,15,0,281,287,12326,3,0,0,3,9
2020-09-04,US,Arkansas,Logan,367,1,0,35.21413234,-93.71951016,5083.0,1709.6804248579147,0.2724795640326976,366,367,1,0,366,365,21737,0,0,0,0,2
2020-09-04,US,Arkansas,Lonoke,762,4,0,34.75392199,-91.88742357,5085.0,1039.4358127924263,0.5249343832020997,758,749,4,0,745,740,73657,13,0,0,13,9
2020-09-04,US,Arkansas,Madison,308,2,0,36.01038185,-93.72524943,5087.0,1858.108108108108,0.6493506493506493,306,302,2,0,300,299,16481,6,0,0,6,3
2020-09-04,US,Arkansas,Marion,51,0,0,36.26844485,-92.68451899,5089.0,305.4989816700611,0.0,51,48,0,0,48,46,16722,3,0,0,3,2
2020-09-04,US,Arkansas,Miller,642,9,0,33.31403423,-93.89285258,5091.0,1484.1528538733614,1.4018691588785046,633,638,9,0,629,621,43592,4,0,0,4,17
2020-09-04,US,Arkansas,Mississippi,1401,32,0,35.76271485,-90.05194370000002,5093.0,3446.409682418637,2.284082798001428,1369,1388,31,0,1357,1374,41239,13,1,0,12,14
2020-09-04,US,Arkansas,Monroe,97,0,0,34.6815935,-91.20540287,5095.0,1447.5451425160425,0.0,97,96,0,0,96,96,6900,1,0,0,1,0
2020-09-04,US,Arkansas,Montgomery,118,4,0,34.53704874,-93.65824478,5097.0,1313.1537947918985,3.3898305084745757,114,116,4,0,112,104,8924,2,0,0,2,12
2020-09-04,US,Arkansas,Nevada,165,12,0,33.66340119,-93.30632432,5099.0,1999.5152690256907,7.272727272727272,153,162,12,0,150,162,8326,3,0,0,3,0
2020-09-04,US,Arkansas,Newton,136,15,0,35.91947491,-93.21612969,5101.0,1754.1596801238231,11.029411764705882,121,134,15,0,119,121,7805,2,0,0,2,13
2020-09-04,US,Arkansas,Ouachita,175,5,0,33.58839816,-92.87795984,5103.0,748.4389701479771,2.8571428571428568,170,173,4,0,169,159,23606,2,1,0,1,14
2020-09-04,US,Arkansas,Perry,62,0,0,34.945915299999996,-92.94372564,5105.0,593.0176948828313,0.0,62,62,0,0,62,63,10352,0,0,0,0,-1
2020-09-04,US,Arkansas,Phillips,414,10,0,34.43268455,-90.84800154,5107.0,2328.197053199865,2.415458937198068,404,409,10,0,399,407,18029,5,0,0,5,2
2020-09-04,US,Arkansas,Pike,182,1,0,34.16250414,-93.65789349,5109.0,1698.0779996267959,0.5494505494505495,181,179,1,0,178,177,10673,3,0,0,3,2
2020-09-04,US,Arkansas,Poinsett,509,6,0,35.57433534,-90.66268713,5111.0,2163.379802788167,1.1787819253438114,503,503,6,0,497,493,23974,6,0,0,6,10
2020-09-04,US,Arkansas,Polk,232,4,0,34.48254879,-94.22728802,5113.0,1162.091765177319,1.7241379310344829,228,230,4,0,226,226,20049,2,0,0,2,4
2020-09-04,US,Arkansas,Pope,1819,19,0,35.44871474,-93.03212219,5115.0,2838.993632163816,1.0445299615173171,1800,1806,19,0,1787,1787,64000,13,0,0,13,19
2020-09-04,US,Arkansas,Prairie,120,1,0,34.83624419,-91.55162157,5117.0,1488.4644008930786,0.8333333333333334,119,118,1,0,117,115,8074,2,0,0,2,3
2020-09-04,US,Arkansas,Pulaski,7367,113,0,34.77054088,-92.31355101,5119.0,1879.7635177374455,1.5338672458259808,7254,7276,112,0,7164,7182,392680,91,1,0,90,94
2020-09-04,US,Arkansas,Randolph,317,13,0,36.3415714,-91.02455531,5121.0,1765.229981066934,4.100946372239748,304,312,13,0,299,311,17948,5,0,0,5,1
2020-09-04,US,Arkansas,Saline,1666,14,0,34.64916145,-92.67583224,5125.0,1360.699788462638,0.8403361344537815,1652,1653,13,0,1640,1617,121421,13,1,0,12,36
2020-09-04,US,Arkansas,Scott,89,0,0,34.85588887,-94.0632176,5127.0,865.6745452776967,0.0,89,88,0,0,88,87,10319,1,0,0,1,1
2020-09-04,US,Arkansas,Searcy,113,0,0,35.9109364,-92.69936482,5129.0,1433.8281943915747,0.0,113,111,0,0,111,101,7958,2,0,0,2,10
2020-09-04,US,Arkansas,Sebastian,2967,35,0,35.19605503,-94.27162713,5131.0,2321.1058696519517,1.1796427367711493,2932,2946,35,0,2911,2910,127753,21,0,0,21,36
2020-09-04,US,Arkansas,Sevier,1164,14,0,33.99780401,-94.2424869,5133.0,6844.240606808961,1.2027491408934707,1150,1163,13,0,1150,1160,17139,1,1,0,0,3
2020-09-04,US,Arkansas,Sharp,153,5,0,36.16258158,-91.47819342,5135.0,877.1929824561405,3.2679738562091503,148,152,5,0,147,149,17366,1,0,0,1,3
2020-09-04,US,Arkansas,St. Francis,1362,4,0,35.02201976,-90.74828138,5123.0,5449.3078338801315,0.2936857562408223,1358,1357,4,0,1353,1350,25439,5,0,0,5,7
2020-09-04,US,Arkansas,Stone,212,4,0,35.86251946,-92.15684085,5137.0,1695.1863105709256,1.8867924528301887,208,211,3,0,208,202,12457,1,1,0,0,9
2020-09-04,US,Arkansas,Unassigned,1230,0,0,0.0,0.0,90005.0,0.0,0.0,1230,1029,0,0,1029,956,,201,0,0,201,73
2020-09-04,US,Arkansas,Union,721,21,0,33.16887091,-92.59746952,5139.0,1863.9160332971408,2.9126213592233015,700,707,21,0,686,698,39126,14,0,0,14,9
2020-09-04,US,Arkansas,Van Buren,138,2,0,35.58095779,-92.51295036,5141.0,834.0888485947416,1.4492753623188406,136,136,2,0,134,126,16603,2,0,0,2,10
2020-09-04,US,Arkansas,Washington,7429,78,0,35.976844,-94.21800746,5143.0,3105.938031749217,1.049939426571544,7351,7203,78,0,7125,6991,236961,226,0,0,226,212
2020-09-04,US,Arkansas,White,564,12,0,35.25688493,-91.74908296,5145.0,716.163193783094,2.127659574468085,552,551,12,0,539,542,78727,13,0,0,13,9
2020-09-04,US,Arkansas,Woodruff,28,0,0,35.18902527,-91.2439489,5147.0,443.0379746835443,0.0,28,28,0,0,28,27,6490,0,0,0,0,1
2020-09-04,US,Arkansas,Yell,1173,25,0,35.00292371,-93.41171338,5149.0,5496.462208893679,2.131287297527707,1148,1169,25,0,1144,1167,21535,4,0,0,4,2
2020-09-04,US,California,Alameda,18977,296,0,37.64629437,-121.8929271,6001.0,1135.4437097662994,1.5597828950835222,18681,18852,295,0,18557,18695,1666753,125,1,0,124,157
2020-09-04,US,California,Alpine,2,0,0,38.59678594,-119.82235940000001,6003.0,177.14791851195747,0.0,2,2,0,0,2,2,1101,0,0,0,0,0
2020-09-04,US,California,Amador,280,15,0,38.44583082,-120.65696000000001,6005.0,704.3670758703964,5.357142857142857,265,280,15,0,265,280,39383,0,0,0,0,0
2020-09-04,US,California,Butte,2274,23,0,39.66727762,-121.6005252,6007.0,1037.4750212148583,1.011433597185576,2251,2241,23,0,2218,2146,231256,33,0,0,33,95
2020-09-04,US,California,Calaveras,257,2,0,38.20537103,-120.55291299999999,6009.0,559.8518679882366,0.7782101167315175,255,257,2,0,255,257,45602,0,0,0,0,0
2020-09-04,US,California,Colusa,467,6,0,39.17881957,-122.2331726,6011.0,2167.3550842344644,1.284796573875803,461,466,6,0,460,456,21627,1,0,0,1,10
2020-09-04,US,California,Contra Costa,14212,183,0,37.91923498,-121.9289527,6013.0,1232.0485190624224,1.2876442443005907,14029,14111,183,0,13928,14035,1150215,101,0,0,101,76
2020-09-04,US,California,Del Norte,124,1,0,41.74228275,-123.89740630000001,6015.0,445.850711922911,0.8064516129032258,123,124,1,0,123,123,27828,0,0,0,0,1
2020-09-04,US,California,El Dorado,988,2,0,38.77965956,-120.5233166,6017.0,512.3338674465757,0.20242914979757085,986,980,2,0,978,973,190678,8,0,0,8,7
2020-09-04,US,California,Fresno,25978,312,0,36.75733899,-119.6466953,6019.0,2600.137523633747,1.201016244514589,25666,25785,290,0,25495,25542,994400,193,22,0,171,243
2020-09-04,US,California,Glenn,470,3,0,39.59875897,-122.3938452,6021.0,1655.3375832071285,0.6382978723404256,467,467,3,0,464,463,28047,3,0,0,3,4
2020-09-04,US,California,Humboldt,409,4,0,40.69923009,-123.876044,6023.0,301.71587069741366,0.9779951100244498,405,403,4,0,399,397,136373,6,0,0,6,6
2020-09-04,US,California,Imperial,11001,296,0,33.0393082,-115.36690420000001,6025.0,6070.6895124575785,2.6906644850468138,10705,10773,296,0,10477,10746,181827,228,0,0,228,27
2020-09-04,US,California,Inyo,182,14,0,36.51112084,-117.41119779999998,6027.0,1008.9251067132324,7.6923076923076925,168,182,14,0,168,181,17987,0,0,0,0,1
2020-09-04,US,California,Kern,29763,296,0,35.34329425,-118.72777959999999,6029.0,3306.257928775986,0.9945234015388232,29467,29602,296,0,29306,29459,896764,161,0,0,161,143
2020-09-04,US,California,Kings,6422,76,0,36.07409056,-119.8159973,6031.0,4199.032300248464,1.183431952662722,6346,6392,75,0,6317,6392,151366,30,1,0,29,0
2020-09-04,US,California,Lake,350,5,0,39.10124298,-122.75362439999999,6033.0,543.5964340073929,1.4285714285714286,345,350,5,0,345,346,64382,0,0,0,0,4
2020-09-04,US,California,Lassen,716,0,0,40.67311306,-120.59350990000002,6035.0,2341.935694894188,0.0,716,716,0,0,716,716,30802,0,0,0,0,0
2020-09-04,US,California,Los Angeles,246407,5977,0,34.30828379,-118.22824109999999,6037.0,2454.4712990906464,2.425661608639365,240430,244999,5932,0,239067,243935,10105518,1408,45,0,1363,1064
2020-09-04,US,California,Madera,3953,58,0,37.21513971,-119.76655890000002,6039.0,2512.6011428426145,1.4672400708322793,3895,3889,57,0,3832,3876,157672,64,1,0,63,13
2020-09-04,US,California,Marin,6285,96,0,38.07122463,-122.72106310000001,6041.0,2428.272275582824,1.5274463007159904,6189,6321,96,0,6225,6295,259666,-36,0,0,-36,26
2020-09-04,US,California,Mariposa,74,2,0,37.57978556,-119.9073334,6043.0,430.15753066325635,2.702702702702702,72,73,2,0,71,73,17471,1,0,0,1,0
2020-09-04,US,California,Mendocino,724,17,0,39.4381191,-123.39113130000001,6045.0,834.5917532190573,2.348066298342541,707,716,17,0,699,714,87606,8,0,0,8,2
2020-09-04,US,California,Merced,8202,120,0,37.18922369,-120.72090349999999,6047.0,2953.759723422645,1.463057790782736,8082,8122,119,0,8003,8081,274765,80,1,0,79,41
2020-09-04,US,California,Modoc,16,0,0,41.58965602,-120.7244817,6049.0,180.97500282773441,0.0,16,15,0,0,15,13,8777,1,0,0,1,2
2020-09-04,US,California,Mono,162,2,0,37.93899289,-118.8872409,6051.0,1121.5729714760457,1.2345679012345678,160,162,2,0,160,162,14250,0,0,0,0,0
2020-09-04,US,California,Monterey,8244,58,0,36.21862405,-121.24133970000001,6053.0,1899.272222107031,0.7035419699175157,8186,8149,58,0,8091,8068,435594,95,0,0,95,81
2020-09-04,US,California,Napa,1466,13,0,38.50735751,-122.33283899999999,6055.0,1064.2931815541874,0.8867667121418826,1453,1454,13,0,1441,1446,139417,12,0,0,12,8
2020-09-04,US,California,Nevada,453,5,0,39.30394768,-120.76272809999999,6057.0,454.1125758107363,1.1037527593818983,448,452,5,0,447,450,99696,1,0,0,1,2
2020-09-04,US,California,Orange,49258,1042,0,33.70147516,-117.76459979999998,6059.0,1551.095005435036,2.1153924235657158,48216,49142,1018,0,48124,49142,3185968,116,24,0,92,0
2020-09-04,US,California,Placer,3115,35,0,39.06167234,-120.72405690000001,6061.0,782.0168754973904,1.1235955056179776,3080,3083,34,0,3049,3062,393149,32,1,0,31,21
2020-09-04,US,California,Plumas,45,0,0,40.00355989,-120.8395236,6063.0,239.2726112617643,0.0,45,45,0,0,45,42,18804,0,0,0,0,3
2020-09-04,US,California,Riverside,53987,1067,0,33.74314981,-115.9933578,6065.0,2185.225452187492,1.9764017263415263,52920,53703,1053,0,52650,53306,2450758,284,14,0,270,397
2020-09-04,US,California,Sacramento,18813,327,0,38.45106826,-121.34253740000001,6067.0,1212.132536284082,1.7381597831286877,18486,18607,317,0,18290,18413,1540975,206,10,0,196,194
2020-09-04,US,California,San Benito,1162,8,0,36.60308176,-121.069975,6069.0,1850.082792001019,0.6884681583476764,1154,1146,8,0,1138,1123,61537,16,0,0,16,23
2020-09-04,US,California,San Bernardino,48615,744,0,34.84060306,-116.1774685,6071.0,2229.9589236199504,1.5303918543659365,47871,48615,744,0,47871,48245,2171603,0,0,0,0,370
2020-09-04,US,California,San Diego,39899,701,0,33.03484597,-116.73653259999999,6073.0,1195.178427537122,1.7569362640667685,39198,39446,700,0,38746,39121,3343364,453,1,0,452,325
2020-09-04,US,California,San Francisco,9755,84,0,37.75215114,-122.43856720000001,6075.0,1106.574903947483,0.8610968733982574,9671,9696,84,0,9612,9617,883305,59,0,0,59,79
2020-09-04,US,California,San Joaquin,18331,368,0,37.93433732,-121.2730061,6077.0,2405.175897594693,2.0075282308657467,17963,18194,361,0,17833,17915,752660,137,7,0,130,279
2020-09-04,US,California,San Luis Obispo,3047,21,0,35.38822029,-120.4039028,6079.0,1076.2563093627589,0.6892024942566459,3026,3035,21,0,3014,3006,284010,12,0,0,12,29
2020-09-04,US,California,San Mateo,8452,135,0,37.422880799999994,-122.32755459999998,6081.0,1102.569487837427,1.597255087553242,8317,8390,132,0,8258,8311,769545,62,3,0,59,79
2020-09-04,US,California,Santa Barbara,8300,97,0,34.65329488,-120.0188492,6083.0,1858.9067388728754,1.1686746987951808,8203,8229,97,0,8132,8164,446527,71,0,0,71,65
2020-09-04,US,California,Santa Clara,18190,254,0,37.23104908,-121.6970462,6085.0,943.5371594914965,1.3963716327652556,17936,17993,253,0,17740,17802,1937570,197,1,0,196,191
2020-09-04,US,California,Santa Cruz,1896,7,0,37.05580291,-122.0066524,6087.0,693.9640500269023,0.3691983122362869,1889,1878,7,0,1871,1755,274255,18,0,0,18,123
2020-09-04,US,California,Shasta,581,12,0,40.76391419,-122.0396884,6089.0,322.6343847179032,2.0654044750430294,569,578,12,0,566,575,180040,3,0,0,3,3
2020-09-04,US,California,Sierra,6,0,0,39.57713498,-120.52007009999998,6091.0,199.6672212978369,0.0,6,6,0,0,6,6,2987,0,0,0,0,0
2020-09-04,US,California,Siskiyou,143,0,0,41.59198861,-122.54074340000001,6093.0,328.44116768873886,0.0,143,140,0,0,140,138,43724,3,0,0,3,2
2020-09-04,US,California,Solano,5671,48,0,38.26827353,-121.9357113,6095.0,1266.8577415485108,0.8464115676247576,5623,5631,47,0,5584,5588,446610,40,1,0,39,43
2020-09-04,US,California,Sonoma,6142,93,0,38.52746429,-122.88625060000001,6097.0,1242.4747540134645,1.5141647671768157,6049,6142,93,0,6049,6067,499942,0,0,0,0,75
2020-09-04,US,California,Stanislaus,15162,282,0,37.55862499,-120.9970722,6099.0,2753.4231649293574,1.8599129402453505,14880,15021,273,0,14748,14902,549815,141,9,0,132,119
2020-09-04,US,California,Sutter,1461,10,0,39.03417539,-121.6945899,6101.0,1506.6360045786882,0.6844626967830253,1451,1436,10,0,1426,1436,96807,25,0,0,25,0
2020-09-04,US,California,Tehama,436,1,0,40.12570935,-122.23701709999999,6103.0,669.9035093110442,0.22935779816513766,435,429,1,0,428,422,63916,7,0,0,7,7
2020-09-04,US,California,Trinity,13,0,0,40.64917670000001,-123.114713,6105.0,105.82010582010582,0.0,13,13,0,0,13,13,12535,0,0,0,0,0
2020-09-04,US,California,Tulare,14552,243,0,36.22026558,-118.8020203,6107.0,3121.4405988910216,1.6698735568993952,14309,14442,240,0,14202,14305,465861,110,3,0,107,137
2020-09-04,US,California,Tuolumne,193,2,0,38.02644018,-119.95250929999999,6109.0,354.27144902529466,1.0362694300518134,191,190,2,0,188,189,54539,3,0,0,3,1
2020-09-04,US,California,Ventura,11109,116,0,34.44465746,-119.09106129999999,6111.0,1313.1112545301098,1.0441983976955622,10993,11031,116,0,10915,10899,850967,78,0,0,78,132
2020-09-04,US,California,Yolo,2495,53,0,38.68278902,-121.90182879999999,6113.0,1131.5192743764173,2.1242484969939883,2442,2478,53,0,2425,2451,220408,17,0,0,17,27
2020-09-04,US,California,Yuba,975,6,0,39.26255932,-121.35356440000001,6115.0,1239.3857731224896,0.6153846153846154,969,944,6,0,938,944,78041,31,0,0,31,0
2020-09-04,US,Colorado,Adams,7663,200,0,39.87432092,-104.3362578,8001.0,1480.9990317362458,2.6099438862064464,7463,7663,200,0,7463,7623,511868,0,0,0,0,40
2020-09-04,US,Colorado,Alamosa,238,9,0,37.57250606,-105.7885451,8003.0,1466.1492022423458,3.7815126050420167,229,238,9,0,229,238,16683,0,0,0,0,0
2020-09-04,US,Colorado,Arapahoe,8214,369,0,39.64977461,-104.3353617,8005.0,1251.0090010508839,4.492330168005844,7845,8214,369,0,7845,8179,651215,0,0,0,0,35
2020-09-04,US,Colorado,Archuleta,48,0,0,37.19474156,-107.04768670000001,8007.0,342.14840687148046,0.0,48,48,0,0,48,48,13765,0,0,0,0,0
2020-09-04,US,Colorado,Baca,18,0,0,37.31940883,-102.5603223,8009.0,502.65289025411903,0.0,18,18,0,0,18,18,3585,0,0,0,0,0
2020-09-04,US,Colorado,Bent,11,0,0,37.95474293,-103.0720195,8011.0,197.23865877712032,0.0,11,11,0,0,11,11,5882,0,0,0,0,0
2020-09-04,US,Colorado,Boulder,2347,79,0,40.09313619,-105.3546767,8013.0,719.5060638389191,3.365999147848317,2268,2347,79,0,2268,2327,326078,0,0,0,0,20
2020-09-04,US,Colorado,Broomfield,542,33,0,39.95998787,-105.0566324,8014.0,769.1761867593841,6.088560885608857,509,542,33,0,509,541,69267,0,0,0,0,1
2020-09-04,US,Colorado,Chaffee,316,19,0,38.74745778,-106.19265729999998,8015.0,1552.3678522303005,6.012658227848102,297,316,19,0,297,316,20027,0,0,0,0,0
2020-09-04,US,Colorado,Cheyenne,9,0,0,38.82777431,-102.6032558,8017.0,491.53468050245766,0.0,9,9,0,0,9,9,1876,0,0,0,0,0
2020-09-04,US,Colorado,Clear Creek,36,1,0,39.68864463,-105.6463118,8019.0,371.1340206185567,2.7777777777777777,35,36,1,0,35,35,9605,0,0,0,0,1
2020-09-04,US,Colorado,Conejos,31,0,0,37.201606,-106.19174879999998,8021.0,377.8184034125533,0.0,31,31,0,0,31,31,8200,0,0,0,0,0
2020-09-04,US,Colorado,Costilla,32,1,0,37.27732493,-105.4276548,8023.0,823.2570105479805,3.125,31,32,1,0,31,32,3828,0,0,0,0,0
2020-09-04,US,Colorado,Crowley,73,1,0,38.32608609,-103.7844965,8025.0,1204.4217125886814,1.3698630136986298,72,73,1,0,72,73,5858,0,0,0,0,0
2020-09-04,US,Colorado,Custer,17,0,0,38.10883162,-105.3683478,8027.0,335.43804262036303,0.0,17,17,0,0,17,17,4954,0,0,0,0,0
2020-09-04,US,Colorado,Delta,166,2,0,38.86246243,-107.86313419999999,8029.0,532.7000834349528,1.2048192771084338,164,166,2,0,164,166,30953,0,0,0,0,0
2020-09-04,US,Colorado,Denver,11366,429,0,39.76018276,-104.87256950000001,8031.0,1562.9576560310556,3.7744149216962875,10937,11366,429,0,10937,11339,716492,0,0,0,0,27
2020-09-04,US,Colorado,Dolores,2,0,0,37.75208676,-108.5211585,8033.0,97.32360097323601,0.0,2,2,0,0,2,2,2074,0,0,0,0,0
2020-09-04,US,Colorado,Douglas,2053,60,0,39.33133796,-104.930001,8035.0,584.6437745262763,2.922552362396493,1993,2053,60,0,1993,2033,342776,0,0,0,0,20
2020-09-04,US,Colorado,Eagle,1187,9,0,39.62754308,-106.6933637,8037.0,2153.209860866726,0.7582139848357203,1178,1187,9,0,1178,1185,54993,0,0,0,0,2
2020-09-04,US,Colorado,El Paso,6098,154,0,38.83240149,-104.5251411,8041.0,846.4706560078179,2.525418169891768,5944,6098,154,0,5944,6070,713856,0,0,0,0,28
2020-09-04,US,Colorado,Elbert,125,2,0,39.28656773,-104.13587209999999,8039.0,467.6568521081971,1.6,123,125,2,0,123,122,26282,0,0,0,0,3
2020-09-04,US,Colorado,Fremont,161,0,0,38.47362326,-105.43996670000001,8043.0,336.5454963523485,0.0,161,161,0,0,161,160,48021,0,0,0,0,1
2020-09-04,US,Colorado,Garfield,847,4,0,39.59921777,-107.902708,8045.0,1410.232929854648,0.4722550177095632,843,847,4,0,843,846,59770,0,0,0,0,1
2020-09-04,US,Colorado,Gilpin,18,0,0,39.85646523,-105.5252597,8047.0,288.32292167227297,0.0,18,18,0,0,18,18,6121,0,0,0,0,0
2020-09-04,US,Colorado,Grand,66,1,0,40.10603347,-106.11780420000001,8049.0,419.4737511122409,1.5151515151515151,65,66,1,0,65,66,15525,0,0,0,0,0
2020-09-04,US,Colorado,Gunnison,292,7,0,38.66611652,-107.0320729,8051.0,1672.2024968503038,2.3972602739726026,285,292,7,0,285,292,17246,0,0,0,0,0
2020-09-04,US,Colorado,Hinsdale,3,0,0,37.82247444,-107.3004345,8053.0,365.8536585365854,0.0,3,3,0,0,3,3,811,0,0,0,0,0
2020-09-04,US,Colorado,Huerfano,9,1,0,37.68473101,-104.9612585,8055.0,130.49151805132666,11.111111111111109,8,9,1,0,8,9,6889,0,0,0,0,0
2020-09-04,US,Colorado,Jackson,9,0,0,40.66593870000001,-106.3408905,8057.0,646.5517241379309,0.0,9,9,0,0,9,9,1399,0,0,0,0,0
2020-09-04,US,Colorado,Jefferson,4878,238,0,39.58635604,-105.2517692,8059.0,836.8775101607359,4.8790487904879045,4640,4878,238,0,4640,4862,580233,0,0,0,0,16
2020-09-04,US,Colorado,Kit Carson,78,3,0,39.30497777,-102.60221990000001,8063.0,1099.0559391292095,3.8461538461538463,75,78,3,0,75,78,7163,0,0,0,0,0
2020-09-04,US,Colorado,La Plata,242,2,0,37.28632032,-107.8429014,8067.0,430.444140090002,0.8264462809917356,240,242,2,0,240,242,56310,0,0,0,0,0
2020-09-04,US,Colorado,Lake,81,0,0,39.20278823,-106.35556969999999,8065.0,996.6777408637872,0.0,81,81,0,0,81,81,7824,0,0,0,0,0
2020-09-04,US,Colorado,Larimer,2018,43,0,40.66671597,-105.4625784,8069.0,565.4260729225915,2.1308225966303267,1975,2018,43,0,1975,1985,350518,0,0,0,0,33
2020-09-04,US,Colorado,Las Animas,20,0,0,37.3153406,-104.03764579999999,8071.0,137.87398317937405,0.0,20,20,0,0,20,20,14503,0,0,0,0,0
2020-09-04,US,Colorado,Lincoln,8,0,0,38.98749519,-103.51366490000001,8073.0,140.3262585511314,0.0,8,8,0,0,8,8,5610,0,0,0,0,0
2020-09-04,US,Colorado,Logan,691,5,0,40.7249637,-103.110817,8075.0,3083.582489178455,0.723589001447178,686,691,5,0,686,691,21528,0,0,0,0,0
2020-09-04,US,Colorado,Mesa,426,5,0,39.01787888,-108.469799,8077.0,276.2466766098177,1.1737089201877935,421,426,5,0,421,419,153207,0,0,0,0,7
2020-09-04,US,Colorado,Mineral,19,0,0,37.66954283,-106.92816979999999,8079.0,2470.74122236671,0.0,19,19,0,0,19,19,776,0,0,0,0,0
2020-09-04,US,Colorado,Moffat,34,1,0,40.61810999,-108.2070876,8081.0,255.96627267936455,2.9411764705882355,33,34,1,0,33,34,13188,0,0,0,0,0
2020-09-04,US,Colorado,Montezuma,126,5,0,37.33859579,-108.59588570000001,8083.0,481.2282778902342,3.968253968253968,121,126,5,0,121,126,26158,0,0,0,0,0
2020-09-04,US,Colorado,Montrose,348,13,0,38.40214114,-108.26390220000002,8085.0,813.8827821694185,3.7356321839080464,335,348,13,0,335,345,42214,0,0,0,0,3
2020-09-04,US,Colorado,Morgan,717,48,0,40.26279810000001,-103.8093302,8087.0,2466.629971102243,6.694560669456067,669,717,48,0,669,716,28558,0,0,0,0,1
2020-09-04,US,Colorado,Otero,82,6,0,37.9014485,-103.7173385,8089.0,448.6267644162381,7.317073170731707,76,82,6,0,76,82,18432,0,0,0,0,0
2020-09-04,US,Colorado,Ouray,24,1,0,38.14717457,-107.7675136,8091.0,484.6526655896607,4.166666666666667,23,24,1,0,23,24,4833,0,0,0,0,0
2020-09-04,US,Colorado,Park,43,1,0,39.120926000000004,-105.7182065,8093.0,228.1772353409393,2.3255813953488373,42,43,1,0,42,43,18556,0,0,0,0,0
2020-09-04,US,Colorado,Phillips,19,0,0,40.59414277,-102.3577703,8095.0,445.48651817116064,0.0,19,19,0,0,19,19,4286,0,0,0,0,0
2020-09-04,US,Colorado,Pitkin,199,2,0,39.21720112,-106.9310027,8097.0,1120.0540327573592,1.0050251256281406,197,199,2,0,197,199,17950,0,0,0,0,0
2020-09-04,US,Colorado,Prowers,87,0,0,37.95544985,-102.3926052,8099.0,714.7551758133421,0.0,87,87,0,0,87,87,12164,0,0,0,0,0
2020-09-04,US,Colorado,Pueblo,895,34,0,38.17359144,-104.5127437,8101.0,531.3969505533653,3.798882681564246,861,895,34,0,861,886,167529,0,0,0,0,9
2020-09-04,US,Colorado,Rio Blanco,24,0,0,39.97913541,-108.2179009,8103.0,379.5066413662239,0.0,24,24,0,0,24,23,6336,0,0,0,0,1
2020-09-04,US,Colorado,Rio Grande,94,2,0,37.5836865,-106.3847838,8105.0,834.2948433478299,2.127659574468085,92,94,2,0,92,94,11250,0,0,0,0,0
2020-09-04,US,Colorado,Routt,135,8,0,40.48596505,-106.9905548,8107.0,526.5621343318512,5.925925925925926,127,135,8,0,127,134,25733,0,0,0,0,1
2020-09-04,US,Colorado,Saguache,111,2,0,38.08054629,-106.28246599999999,8109.0,1626.6119577960142,1.8018018018018016,109,111,2,0,109,111,6843,0,0,0,0,0
2020-09-04,US,Colorado,San Juan,6,0,0,37.76248981,-107.67632890000002,8111.0,824.1758241758242,0.0,6,6,0,0,6,6,762,0,0,0,0,0
2020-09-04,US,Colorado,San Miguel,93,0,0,38.00450883,-108.4020725,8113.0,1137.0583200880305,0.0,93,93,0,0,93,93,8191,0,0,0,0,0
2020-09-04,US,Colorado,Sedgwick,12,1,0,40.87595412,-102.3519227,8115.0,533.8078291814946,8.333333333333334,11,12,1,0,11,12,2303,0,0,0,0,0
2020-09-04,US,Colorado,Summit,365,4,0,39.63803232,-106.1150762,8117.0,1177.0017090709748,1.095890410958904,361,365,4,0,361,365,31007,0,0,0,0,0
2020-09-04,US,Colorado,Teller,163,4,0,38.88133511,-105.16148929999999,8119.0,642.0356073735624,2.4539877300613497,159,163,4,0,159,162,25083,0,0,0,0,1
2020-09-04,US,Colorado,Washington,54,0,0,39.97015535,-103.202587,8121.0,1100.244498777506,0.0,54,54,0,0,54,53,4909,0,0,0,0,1
2020-09-04,US,Colorado,Weld,4113,146,0,40.55499405,-104.39296209999999,8123.0,1267.519692319071,3.549720398735716,3967,4113,146,0,3967,4098,314305,0,0,0,0,15
2020-09-04,US,Colorado,Yuma,65,0,0,40.00346839,-102.4258673,8125.0,648.7673420501047,0.0,65,65,0,0,65,64,10020,0,0,0,0,1
2020-09-04,US,Connecticut,Fairfield,19031,1415,0,41.26809896,-73.3881171,9001.0,2017.423346181408,7.435237244495823,17616,18995,1415,0,17580,18965,943823,36,0,0,36,30
2020-09-04,US,Connecticut,Hartford,13635,1426,0,41.80283011,-72.73103891,9003.0,1529.067420266451,10.458379171250456,12209,13598,1426,0,12172,13561,892697,37,0,0,37,37
2020-09-04,US,Connecticut,Litchfield,1728,139,0,41.7937534,-73.2451475,9005.0,958.227279532864,8.043981481481481,1589,1721,139,0,1582,1717,181111,7,0,0,7,4
2020-09-04,US,Connecticut,Middlesex,1484,192,0,41.45949668,-72.53714864,9007.0,913.5905833682187,12.938005390835581,1292,1469,192,0,1277,1469,162682,15,0,0,15,0
2020-09-04,US,Connecticut,New Haven,13793,1109,0,41.408032500000004,-72.93620426,9009.0,1613.6749976894018,8.040310302327269,12684,13763,1109,0,12654,13736,857620,30,0,0,30,27
2020-09-04,US,Connecticut,New London,1620,107,0,41.48896435,-72.10430976,9011.0,610.8459084636095,6.604938271604937,1513,1598,107,0,1491,1590,266784,22,0,0,22,8
2020-09-04,US,Connecticut,Tolland,1161,65,0,41.85853803,-72.3308481,9013.0,770.2974369862196,5.598621877691644,1096,1158,65,0,1093,1153,150921,3,0,0,3,5
2020-09-04,US,Connecticut,Unassigned,100,0,0,0.0,0.0,90009.0,0.0,0.0,100,97,0,0,97,107,,3,0,0,3,-10
2020-09-04,US,Connecticut,Windham,813,15,0,41.82972709,-71.98182316,9015.0,696.1689301433438,1.845018450184502,798,810,15,0,795,810,117027,3,0,0,3,0
2020-09-04,US,Delaware,Kent,2678,110,0,39.08646628,-75.56884914,10001.0,1481.3093934264816,4.107542942494399,2568,2655,110,0,2545,2639,178550,23,0,0,23,16
2020-09-04,US,Delaware,New Castle,8415,301,0,39.57992638,-75.64054974,10003.0,1506.0321823775446,3.5769459298871062,8114,8360,301,0,8059,8285,559335,55,0,0,55,75
2020-09-04,US,Delaware,Sussex,6365,195,0,38.66143781,-75.39031349,10005.0,2717.472515743409,3.0636292223095047,6170,6346,195,0,6151,6335,229286,19,0,0,19,11
2020-09-04,US,Delaware,Unassigned,294,0,0,0.0,0.0,90010.0,0.0,0.0,294,292,0,0,292,290,,2,0,0,2,2
2020-09-04,US,District of Columbia,District of Columbia,14186,611,0,38.90417773,-77.01655992,11001.0,2010.063067747882,4.307063301846891,13575,14135,609,0,13526,14077,702455,51,2,0,49,58
2020-09-04,US,Florida,Alachua,5409,33,0,29.67866525,-82.35928158,12001.0,2010.4592946108987,0.6100942872989462,5376,5345,33,0,5312,5303,269956,64,0,0,64,42
2020-09-04,US,Florida,Baker,1238,6,0,30.33060121,-82.28467476,12003.0,4238.274563505649,0.4846526655896608,1232,1231,6,0,1225,1212,28355,7,0,0,7,19
2020-09-04,US,Florida,Bay,5473,84,0,30.26548745,-85.62122584,12005.0,3132.7094244583727,1.5348072355198246,5389,5455,84,0,5371,5417,185287,18,0,0,18,38
2020-09-04,US,Florida,Bradford,818,5,0,29.95079741,-82.16611613,12007.0,2900.6063614765435,0.6112469437652812,813,797,5,0,792,764,27732,21,0,0,21,33
2020-09-04,US,Florida,Brevard,7532,228,0,28.29409504,-80.73091022,12009.0,1251.2833462360159,3.0270844397238448,7304,7464,223,0,7241,7423,596849,68,5,0,63,41
2020-09-04,US,Florida,Broward,72880,1212,0,26.15184651,-80.48725556,12011.0,3732.119063201245,1.663007683863886,71668,72634,1206,0,71428,72371,1951260,246,6,0,240,263
2020-09-04,US,Florida,Calhoun,583,10,0,30.40666734,-85.19394153,12013.0,4133.2860687699385,1.7152658662092624,573,575,10,0,565,573,14587,8,0,0,8,2
2020-09-04,US,Florida,Charlotte,2762,116,0,26.90131002,-81.92949121,12015.0,1462.07188608332,4.199855177407676,2646,2744,114,0,2630,2729,184998,18,2,0,16,15
2020-09-04,US,Florida,Citrus,2211,62,0,28.84804315,-82.47614748,12017.0,1477.3782716478347,2.804161013116237,2149,2166,61,0,2105,2145,147929,45,1,0,44,21
2020-09-04,US,Florida,Clay,4214,79,0,29.98319144,-81.85609986,12019.0,1921.9893091055042,1.8747033697199809,4135,4179,79,0,4100,4127,216072,35,0,0,35,52
2020-09-04,US,Florida,Collier,11893,181,0,26.11091986,-81.34687065,12021.0,3089.877423344124,1.5219036407971076,11712,11853,180,0,11673,11819,378488,40,1,0,39,34
2020-09-04,US,Florida,Columbia,3402,38,0,30.22509788,-82.62160164,12023.0,4745.696509778757,1.1169900058788949,3364,3387,38,0,3349,3381,70503,15,0,0,15,6
2020-09-04,US,Florida,DeSoto,1503,22,0,27.18677893,-81.80941373,12027.0,3955.159074761191,1.4637391882900863,1481,1503,22,0,1481,1501,37489,0,0,0,0,2
2020-09-04,US,Florida,Dixie,757,4,0,29.60631086,-83.15724673,12029.0,4498.989658861286,0.5284015852047557,753,749,4,0,745,738,16700,8,0,0,8,11
2020-09-04,US,Florida,Duval,27405,268,0,30.33225875,-81.66976468,12031.0,2861.378953907837,0.9779237365444262,27137,27241,267,0,26974,26807,950181,164,1,0,163,434
2020-09-04,US,Florida,Escambia,11418,192,0,30.67652764,-87.37284571,12033.0,3587.0015958984154,1.6815554387808722,11226,11360,190,0,11170,11312,315534,58,2,0,56,48
2020-09-04,US,Florida,Flagler,1367,15,0,29.45933576,-81.31508595,12035.0,1187.8589862792294,1.097293343087052,1352,1340,15,0,1325,1329,112067,27,0,0,27,11
2020-09-04,US,Florida,Franklin,562,3,0,29.83791238,-84.82731662,12037.0,4635.051546391753,0.5338078291814946,559,560,3,0,557,551,11736,2,0,0,2,9
2020-09-04,US,Florida,Gadsden,2414,31,0,30.57796289,-84.61915825,12039.0,5286.903197547087,1.284175642087821,2383,2387,31,0,2356,2367,45894,27,0,0,27,20
2020-09-04,US,Florida,Gilchrist,474,10,0,29.72856978,-82.79880657,12041.0,2550.8556667742982,2.109704641350211,464,472,10,0,462,468,18256,2,0,0,2,4
2020-09-04,US,Florida,Glades,460,4,0,26.95635849,-81.18996211,12043.0,3330.6784447179784,0.8695652173913043,456,458,4,0,454,459,13724,2,0,0,2,-1
2020-09-04,US,Florida,Gulf,836,13,0,29.93543004,-85.24270990000002,12045.0,6129.4816335508485,1.5550239234449759,823,834,13,0,821,829,16164,2,0,0,2,5
2020-09-04,US,Florida,Hamilton,709,6,0,30.49673973,-82.94998918,12047.0,4914.05600221791,0.8462623413258108,703,707,6,0,701,703,14310,2,0,0,2,4
2020-09-04,US,Florida,Hardee,1125,9,0,27.49293939,-81.80956574,12049.0,4176.41162712997,0.8,1116,1121,9,0,1112,1108,27245,4,0,0,4,13
2020-09-04,US,Florida,Hendry,1987,39,0,26.55386945,-81.16469006,12051.0,4728.475560420732,1.962757926522396,1948,1983,39,0,1944,1981,41556,4,0,0,4,2
2020-09-04,US,Florida,Hernando,2742,98,0,28.55364461,-82.42700204,12053.0,1413.9851485148513,3.574033552151714,2644,2721,93,0,2628,2710,190865,21,5,0,16,11
2020-09-04,US,Florida,Highlands,1873,69,0,27.34254618,-81.34071957,12055.0,1763.3048079005093,3.6839295248264814,1804,1854,69,0,1785,1846,105424,19,0,0,19,8
2020-09-04,US,Florida,Hillsborough,37981,558,0,27.9276559,-82.32013172,12057.0,2580.2870714580754,1.4691556304468023,37423,37821,558,0,37263,37668,1436888,160,0,0,160,153
2020-09-04,US,Florida,Holmes,676,5,0,30.86747479,-85.81319222,12059.0,3445.9907223326704,0.7396449704142012,671,662,5,0,657,654,19477,14,0,0,14,8
2020-09-04,US,Florida,Indian River,2884,104,0,27.69308961,-80.60556721,12061.0,1803.3678707878169,3.6061026352288486,2780,2871,103,0,2768,2863,157413,13,1,0,12,8
2020-09-04,US,Florida,Jackson,2445,67,0,30.795459700000002,-85.21500423,12063.0,5267.807127159907,2.740286298568507,2378,2428,66,0,2362,2414,48305,17,1,0,16,14
2020-09-04,US,Florida,Jefferson,510,6,0,30.43669112,-83.89442308,12065.0,3579.9522673031024,1.1764705882352942,504,506,6,0,500,504,14288,4,0,0,4,2
2020-09-04,US,Florida,Lafayette,1210,10,0,29.98484137,-83.18166636,12067.0,14367.133697459036,0.8264462809917356,1200,1207,10,0,1197,1205,8732,3,0,0,3,2
2020-09-04,US,Florida,Lake,6683,128,0,28.76202069,-81.7125123,12069.0,1820.3956221160504,1.9153074966332488,6555,6622,126,0,6496,6581,356495,61,2,0,59,41
2020-09-04,US,Florida,Lee,19018,437,0,26.58410348,-81.88399313,12071.0,2468.020716943277,2.2978231149437374,18581,18960,435,0,18525,18878,754610,58,2,0,56,82
2020-09-04,US,Florida,Leon,7149,38,0,30.45955727,-84.27491114,12073.0,2435.0947946399983,0.531542873129109,7111,6875,38,0,6837,6597,292502,274,0,0,274,278
2020-09-04,US,Florida,Levy,930,7,0,29.31829741,-82.74007147,12075.0,2240.8018697443563,0.7526881720430108,923,927,6,0,921,923,40770,3,1,0,2,4
2020-09-04,US,Florida,Liberty,440,7,0,30.23766008,-84.8829258,12077.0,5266.937993775438,1.5909090909090908,433,436,7,0,429,436,8457,4,0,0,4,0
2020-09-04,US,Florida,Madison,898,16,0,30.44396917,-83.47398594,12079.0,4855.89141837452,1.7817371937639201,882,887,16,0,871,877,18529,11,0,0,11,10
2020-09-04,US,Florida,Manatee,10601,266,0,27.47196942,-82.31831044,12081.0,2628.870708959388,2.509197245542873,10335,10557,265,0,10292,10532,394855,44,1,0,43,25
2020-09-04,US,Florida,Marion,8738,209,0,29.21227113,-82.05803627,12083.0,2390.1810552575503,2.391851682307164,8529,8675,200,0,8475,8633,359977,63,9,0,54,42
2020-09-04,US,Florida,Martin,4530,120,0,27.0772071,-80.43109784,12085.0,2813.6645962732923,2.6490066225165565,4410,4514,119,0,4395,4509,160912,16,1,0,15,5
2020-09-04,US,Florida,Miami-Dade,160469,2632,0,25.6112362,-80.55170587,12086.0,5906.240108357196,1.6401921866528737,157837,159978,2600,0,157378,159400,2761581,491,32,0,459,578
2020-09-04,US,Florida,Monroe,1754,16,0,25.20904673,-81.07812416,12087.0,2362.9897073880475,0.9122006841505133,1738,1753,16,0,1737,1747,75027,1,0,0,1,6
2020-09-04,US,Florida,Nassau,1777,22,0,30.61037141,-81.80297522,12089.0,2005.0775740479544,1.2380416432189083,1755,1765,22,0,1743,1729,85832,12,0,0,12,36
2020-09-04,US,Florida,Okaloosa,4328,83,0,30.69143028,-86.59267105,12091.0,2053.73496948818,1.9177449168207024,4245,4278,80,0,4198,4245,207269,50,3,0,47,33
2020-09-04,US,Florida,Okeechobee,1271,20,0,27.386336199999995,-80.88944347,12093.0,3014.133940428761,1.5735641227380015,1251,1267,19,0,1248,1250,41537,4,1,0,3,17
2020-09-04,US,Florida,Orange,36827,386,0,28.51367621,-81.31799498,12095.0,2642.8610386292457,1.0481440247644391,36441,36668,386,0,36282,36488,1380645,159,0,0,159,180
2020-09-04,US,Florida,Osceola,11406,133,0,28.06312234,-81.14882926,12097.0,3035.5208635505955,1.166052954585306,11273,11342,132,0,11210,11298,367990,64,1,0,63,44
2020-09-04,US,Florida,Palm Beach,42762,1160,0,26.64676272,-80.46536002,12099.0,2856.9519699085363,2.7126888358823256,41602,42643,1150,0,41493,42518,1485941,119,10,0,109,125
2020-09-04,US,Florida,Pasco,8230,183,0,28.30810945,-82.40227529,12101.0,1485.701700704219,2.223572296476306,8047,8198,183,0,8015,8165,539630,32,0,0,32,33
2020-09-04,US,Florida,Pinellas,20259,669,0,27.93130349,-82.72239666,12103.0,2077.854678378168,3.302236043240041,19590,20177,669,0,19508,20080,975280,82,0,0,82,97
2020-09-04,US,Florida,Polk,17566,464,0,27.95027105,-81.69732947,12105.0,2423.6420305832003,2.6414664693157235,17102,17418,461,0,16957,17292,708009,148,3,0,145,126
2020-09-04,US,Florida,Putnam,1829,38,0,29.60779729,-81.74230285,12107.0,2454.3417291770106,2.077638053581192,1791,1818,38,0,1780,1805,74163,11,0,0,11,13
2020-09-04,US,Florida,Santa Rosa,4845,59,0,30.69341450000001,-87.02458128,12113.0,2628.6805597000753,1.217750257997936,4786,4812,58,0,4754,4763,179349,33,1,0,32,49
2020-09-04,US,Florida,Sarasota,7338,216,0,27.18546175,-82.33174248,12115.0,1691.7891280991926,2.9435813573180702,7122,7305,212,0,7093,7281,426718,33,4,0,29,24
2020-09-04,US,Florida,Seminole,8299,177,0,28.7158582,-81.24060348,12117.0,1758.9111240160569,2.1327870827810584,8122,8240,175,0,8065,8198,467832,59,2,0,57,42
2020-09-04,US,Florida,St. Johns,4535,60,0,29.90096506,-81.43589967,12109.0,1713.441542739693,1.323042998897464,4475,4485,60,0,4425,4413,254261,50,0,0,50,72
2020-09-04,US,Florida,St. Lucie,7234,243,0,27.37763908,-80.47106649,12111.0,2203.492569228473,3.3591374066906274,6991,7193,243,0,6950,7156,321128,41,0,0,41,37
2020-09-04,US,Florida,Sumter,1985,55,0,28.70181754,-82.0794267,12119.0,1499.0182751850175,2.7707808564231735,1930,1957,55,0,1902,1914,128754,28,0,0,28,43
2020-09-04,US,Florida,Suwannee,2490,63,0,30.19746066,-82.99099670000003,12121.0,5605.961681338226,2.5301204819277108,2427,2471,63,0,2408,2464,44191,19,0,0,19,7
2020-09-04,US,Florida,Taylor,1217,10,0,30.04848048,-83.60445406,12123.0,5642.357086559414,0.8216926869350862,1207,1215,10,0,1205,1207,21623,2,0,0,2,8
2020-09-04,US,Florida,Unassigned,1089,0,0,0.0,0.0,90012.0,0.0,0.0,1089,1083,0,0,1083,1057,,6,0,0,6,26
2020-09-04,US,Florida,Union,644,5,0,30.04412971,-82.37497443,12125.0,4226.553783553193,0.7763975155279503,639,636,5,0,631,619,14940,8,0,0,8,17
2020-09-04,US,Florida,Volusia,9648,196,0,29.05858895,-81.18263252,12127.0,1743.7699264753726,2.0315091210613603,9452,9589,196,0,9393,9483,547538,59,0,0,59,106
2020-09-04,US,Florida,Wakulla,942,8,0,30.16548905,-84.39895211,12129.0,2792.0211031743684,0.8492569002123143,934,937,7,0,930,928,32461,5,1,0,4,9
2020-09-04,US,Florida,Walton,1703,20,0,30.64204028,-86.16935664,12131.0,2299.1454145347034,1.1743981209630066,1683,1694,20,0,1674,1678,71375,9,0,0,9,16
2020-09-04,US,Florida,Washington,1024,17,0,30.61359259,-85.66002461,12133.0,4019.942684410945,1.66015625,1007,1023,16,0,1007,1017,24880,1,1,0,0,6
2020-09-04,US,Georgia,Appling,920,23,0,31.74847232,-82.28909114,13001.0,5003.807244642663,2.5,897,906,23,0,883,899,18507,14,0,0,14,7
2020-09-04,US,Georgia,Atkinson,416,3,0,31.29633502,-82.87545866,13003.0,5094.917330067361,0.7211538461538461,413,414,3,0,411,410,8297,2,0,0,2,4
2020-09-04,US,Georgia,Bacon,533,10,0,31.55456473,-82.45936528,13005.0,4774.27445360086,1.876172607879925,523,527,9,0,518,526,11185,6,1,0,5,1
2020-09-04,US,Georgia,Baker,71,3,0,31.32669878,-84.44218806,13007.0,2337.063857801185,4.225352112676056,68,71,3,0,68,71,3092,0,0,0,0,0
2020-09-04,US,Georgia,Baldwin,1765,52,0,33.06882326,-83.24701748,13009.0,3931.833370461127,2.946175637393768,1713,1743,52,0,1691,1715,44823,22,0,0,22,28
2020-09-04,US,Georgia,Banks,395,6,0,34.35607081,-83.49644388,13011.0,2053.6549859623583,1.5189873417721518,389,392,6,0,386,389,18988,3,0,0,3,3
2020-09-04,US,Georgia,Barrow,1857,41,0,33.99148694,-83.71436292,13013.0,2230.898606439212,2.207862143241788,1816,1833,39,0,1794,1809,80809,24,2,0,22,24
2020-09-04,US,Georgia,Bartow,2520,73,0,34.23732119,-84.83887523,13015.0,2339.0075924928988,2.8968253968253967,2447,2506,73,0,2433,2479,106408,14,0,0,14,27
2020-09-04,US,Georgia,Ben Hill,650,16,0,31.76095874,-83.22145359,13017.0,3892.215568862276,2.4615384615384617,634,648,16,0,632,638,16787,2,0,0,2,10
2020-09-04,US,Georgia,Berrien,404,9,0,31.27590016,-83.22529920000002,13019.0,2082.7963087075323,2.227722772277228,395,401,8,0,393,388,19252,3,1,0,2,13
2020-09-04,US,Georgia,Bibb,5486,131,0,32.80904227,-83.70489165,13021.0,3581.8985498730076,2.3878964637258475,5355,5463,131,0,5332,5431,153095,23,0,0,23,32
2020-09-04,US,Georgia,Bleckley,375,17,0,32.43829035,-83.33035166,13023.0,2913.073875553484,4.533333333333333,358,358,17,0,341,359,12838,17,0,0,17,-1
2020-09-04,US,Georgia,Brantley,315,8,0,31.19576557,-81.97743999,13025.0,1648.437908838767,2.5396825396825395,307,318,8,0,310,310,18897,-3,0,0,-3,8
2020-09-04,US,Georgia,Brooks,483,22,0,30.83922642,-83.58303423,13027.0,3124.7978262275988,4.554865424430641,461,483,22,0,461,478,15513,0,0,0,0,5
2020-09-04,US,Georgia,Bryan,891,9,0,32.00979311,-81.44002948,13029.0,2248.4669543493073,1.0101010101010102,882,884,9,0,875,871,38109,7,0,0,7,13
2020-09-04,US,Georgia,Bulloch,2299,22,0,32.39577406,-81.74811421,13031.0,2887.900713496131,0.9569377990430622,2277,2188,22,0,2166,2137,77296,111,0,0,111,51
2020-09-04,US,Georgia,Burke,683,9,0,33.05917989,-81.99928721,13033.0,3051.422954921145,1.3177159590043923,674,664,9,0,655,660,22423,19,0,0,19,4
2020-09-04,US,Georgia,Butts,571,41,0,33.283094500000004,-83.95435040000002,13035.0,2289.8620468399104,7.1803852889667255,530,571,40,0,531,569,24193,0,1,0,-1,2
2020-09-04,US,Georgia,Calhoun,228,7,0,31.53169785,-84.62725131,13037.0,3683.955404750363,3.0701754385964914,221,227,7,0,220,227,6352,1,0,0,1,0
2020-09-04,US,Georgia,Camden,1071,7,0,30.92951916,-81.66601818,13039.0,1959.1702337833385,0.6535947712418301,1064,1057,7,0,1050,1032,53677,14,0,0,14,25
2020-09-04,US,Georgia,Candler,367,16,0,32.40209349,-82.07702563,13043.0,3397.204480236971,4.359673024523161,351,365,15,0,350,356,10836,2,1,0,1,9
2020-09-04,US,Georgia,Carroll,2404,63,0,33.58138199,-85.07976677,13045.0,2003.4668977931867,2.6206322795341097,2341,2372,63,0,2309,2346,118121,32,0,0,32,26
2020-09-04,US,Georgia,Catoosa,914,16,0,34.89872298,-85.13757014,13047.0,1352.4711453092632,1.7505470459518602,898,902,17,0,885,885,67420,12,-1,0,13,17
2020-09-04,US,Georgia,Charlton,580,6,0,30.78371028,-82.13951596,13049.0,4330.943847072879,1.0344827586206895,574,580,6,0,574,574,12968,0,0,0,0,6
2020-09-04,US,Georgia,Chatham,7282,130,0,32.00043026,-81.12489526,13051.0,2515.979684206889,1.785223839604504,7152,7240,129,0,7111,7161,289195,42,1,0,41,79
2020-09-04,US,Georgia,Chattahoochee,1376,2,0,32.34341231,-84.78809239,13053.0,12615.751352342531,0.14534883720930233,1374,1336,2,0,1334,1277,10684,40,0,0,40,59
2020-09-04,US,Georgia,Chattooga,615,6,0,34.47197698,-85.34535662,13055.0,2480.939126225342,0.975609756097561,609,610,6,0,604,593,24790,5,0,0,5,17
2020-09-04,US,Georgia,Cherokee,5095,80,0,34.24393976,-84.47431861,13057.0,1968.9071116383857,1.5701668302257117,5015,5056,79,0,4977,4962,254149,39,1,0,38,94
2020-09-04,US,Georgia,Clarke,3410,32,0,33.95436462,-83.37124007,13059.0,2657.1911697095793,0.93841642228739,3378,3322,31,0,3291,3149,127330,88,1,0,87,173
2020-09-04,US,Georgia,Clay,114,2,0,31.62221166,-84.97713865,13061.0,4022.5829216654906,1.7543859649122806,112,113,2,0,111,113,2887,1,0,0,1,0
2020-09-04,US,Georgia,Clayton,6618,146,0,33.54187245,-84.35594188,13063.0,2264.4530822292786,2.206104563312179,6472,6596,146,0,6450,6561,289615,22,0,0,22,35
2020-09-04,US,Georgia,Clinch,306,4,0,30.91395822,-82.70432472,13065.0,4623.753399818676,1.30718954248366,302,307,4,0,303,300,6648,-1,0,0,-1,7
2020-09-04,US,Georgia,Cobb,17479,401,0,33.94243204,-84.5761255,13067.0,2299.4418140844923,2.2941815893357744,17078,17375,397,0,16978,17210,756865,104,4,0,100,165
2020-09-04,US,Georgia,Coffee,1845,38,0,31.54892966,-82.85492059999999,13069.0,4263.628590576111,2.059620596205962,1807,1829,38,0,1791,1807,43093,16,0,0,16,22
2020-09-04,US,Georgia,Colquitt,1804,27,0,31.18810588,-83.7677946,13071.0,3956.140350877193,1.496674057649667,1777,1790,26,0,1764,1784,45592,14,1,0,13,6
2020-09-04,US,Georgia,Columbia,3266,46,0,33.54534185,-82.263524,13073.0,2084.051201551872,1.4084507042253518,3220,3240,46,0,3194,3210,154291,26,0,0,26,30
2020-09-04,US,Georgia,Cook,517,11,0,31.16068491,-83.42947229,13075.0,2993.6305732484075,2.127659574468085,506,515,11,0,504,513,17162,2,0,0,2,2
2020-09-04,US,Georgia,Coweta,2308,31,0,33.35334302,-84.76129976,13077.0,1554.1145654472116,1.34315424610052,2277,2297,29,0,2268,2284,145864,11,2,0,9,13
2020-09-04,US,Georgia,Crawford,154,3,0,32.71391813,-83.98061238,13079.0,1241.5349887133182,1.9480519480519483,151,153,3,0,150,152,12318,1,0,0,1,1
2020-09-04,US,Georgia,Crisp,480,15,0,31.92289565,-83.76811843,13081.0,2145.539066690506,3.125,465,480,15,0,465,476,22601,0,0,0,0,4
2020-09-04,US,Georgia,Dade,214,4,0,34.854916700000004,-85.50490424,13083.0,1327.872921320427,1.8691588785046729,210,211,4,0,207,208,16226,3,0,0,3,3
2020-09-04,US,Georgia,Dawson,711,7,0,34.44244079,-84.16964071,13085.0,2723.303202083653,0.9845288326300984,704,703,7,0,696,694,25083,8,0,0,8,9
2020-09-04,US,Georgia,DeKalb,16900,311,0,33.76944049,-84.22396017,13089.0,2225.7430228224266,1.8402366863905328,16589,16837,311,0,16526,16716,756558,63,0,0,63,121
2020-09-04,US,Georgia,Decatur,1012,22,0,30.87967778,-84.57619536,13087.0,3832.752613240418,2.1739130434782608,990,1007,22,0,985,999,26575,5,0,0,5,8
2020-09-04,US,Georgia,Dodge,344,7,0,32.17265114,-83.16948926,13091.0,1669.4976947342875,2.0348837209302326,337,339,7,0,332,334,20705,5,0,0,5,5
2020-09-04,US,Georgia,Dooly,292,14,0,32.15630737,-83.79746561,13093.0,2180.731889469753,4.794520547945205,278,292,14,0,278,287,13706,0,0,0,0,5
2020-09-04,US,Georgia,Dougherty,3001,180,0,31.53328528,-84.21722377,13095.0,3411.9332393469463,5.998000666444519,2821,2993,179,0,2814,3005,91243,8,1,0,7,-12
2020-09-04,US,Georgia,Douglas,3227,67,0,33.70291126,-84.77026156,13097.0,2205.093513184778,2.0762317942361332,3160,3216,67,0,3149,3192,145331,11,0,0,11,24
2020-09-04,US,Georgia,Early,423,32,0,31.32155345,-84.90255207,13099.0,4151.128557409224,7.5650118203309695,391,422,32,0,390,419,10247,1,0,0,1,3
2020-09-04,US,Georgia,Echols,238,2,0,30.71101099,-82.89687287,13101.0,5941.088367448827,0.8403361344537815,236,238,2,0,236,237,4000,0,0,0,0,1
2020-09-04,US,Georgia,Effingham,1140,18,0,32.36616021,-81.34280942,13103.0,1773.0496453900712,1.5789473684210529,1122,1117,17,0,1100,1083,62190,23,1,0,22,34
2020-09-04,US,Georgia,Elbert,512,1,0,34.11302332,-82.83936148,13105.0,2667.5002604980723,0.1953125,511,498,1,0,497,479,19120,14,0,0,14,19
2020-09-04,US,Georgia,Emanuel,810,22,0,32.59221302,-82.30239915,13107.0,3576.7906031970324,2.716049382716049,788,790,22,0,768,775,22612,20,0,0,20,15
2020-09-04,US,Georgia,Evans,380,5,0,32.15328841,-81.8870105,13109.0,3566.735498404355,1.3157894736842106,375,376,5,0,371,373,10721,4,0,0,4,3
2020-09-04,US,Georgia,Fannin,484,8,0,34.86430205,-84.316964,13111.0,1848.1747365205442,1.6528925619834711,476,480,8,0,472,473,25964,4,0,0,4,7
2020-09-04,US,Georgia,Fayette,1613,40,0,33.41357794,-84.49089434,13113.0,1409.706260214471,2.479851208927464,1573,1606,39,0,1567,1595,113459,7,1,0,6,11
2020-09-04,US,Georgia,Floyd,2446,34,0,34.26268279,-85.21577392,13115.0,2483.2991532823003,1.3900245298446443,2412,2417,34,0,2383,2343,97927,29,0,0,29,74
2020-09-04,US,Georgia,Forsyth,3281,36,0,34.22604035,-84.12315129999998,13117.0,1343.284804218594,1.097226455348979,3245,3240,35,0,3205,3200,236612,41,1,0,40,40
2020-09-04,US,Georgia,Franklin,596,11,0,34.37525597,-83.23159927,13119.0,2552.571844618613,1.8456375838926171,585,582,11,0,571,569,23023,14,0,0,14,13
2020-09-04,US,Georgia,Fulton,25439,535,0,33.79216944,-84.46319413,13121.0,2391.025032497225,2.103070089233068,24904,25339,531,0,24808,25150,1050114,100,4,0,96,189
2020-09-04,US,Georgia,Gilmer,763,9,0,34.69316688,-84.45802506,13123.0,2432.337658197584,1.1795543905635648,754,758,8,0,750,755,30816,5,1,0,4,3
2020-09-04,US,Georgia,Glascock,35,2,0,33.22879932,-82.61297636,13125.0,1178.0545270952541,5.7142857142857135,33,34,2,0,32,34,2995,1,0,0,1,0
2020-09-04,US,Georgia,Glynn,3141,78,0,31.23279254,-81.53811412,13127.0,3682.643155278338,2.483285577841452,3063,3119,77,0,3042,3077,85219,22,1,0,21,42
2020-09-04,US,Georgia,Gordon,1577,31,0,34.50487351,-84.87296253,13129.0,2720.7011369321813,1.9657577679137603,1546,1561,31,0,1530,1549,57685,16,0,0,16,12
2020-09-04,US,Georgia,Grady,686,15,0,30.87454847,-84.23418364,13131.0,2784.8820687695365,2.186588921282799,671,682,15,0,667,671,24748,4,0,0,4,11
2020-09-04,US,Georgia,Greene,465,20,0,33.5769205,-83.17139104,13133.0,2537.655533726261,4.301075268817204,445,452,20,0,432,446,17698,13,0,0,13,6
2020-09-04,US,Georgia,Gwinnett,24870,351,0,33.96044201,-84.02137802,13135.0,2656.341789052069,1.4113389626055488,24519,24763,346,0,24417,24608,927781,107,5,0,102,155
2020-09-04,US,Georgia,Habersham,1390,65,0,34.63331566,-83.53094677,13137.0,3066.537239675256,4.676258992805756,1325,1376,64,0,1312,1371,45388,14,1,0,13,5
2020-09-04,US,Georgia,Hall,8023,130,0,34.32207823,-83.81896936,13139.0,3924.359595188832,1.6203415181353609,7893,7946,130,0,7816,7869,202148,77,0,0,77,77
2020-09-04,US,Georgia,Hancock,368,39,0,33.2721566,-82.99766919,13141.0,4351.424855149578,10.597826086956523,329,366,39,0,327,360,8348,2,0,0,2,6
2020-09-04,US,Georgia,Haralson,350,8,0,33.79602175,-85.21005667,13143.0,1174.812030075188,2.2857142857142856,342,345,8,0,337,333,29533,5,0,0,5,12
2020-09-04,US,Georgia,Harris,737,21,0,32.73709786,-84.90538572,13145.0,2091.610852537178,2.849389416553596,716,736,21,0,715,733,34475,1,0,0,1,3
2020-09-04,US,Georgia,Hart,431,11,0,34.34626973,-82.96567682,13147.0,1644.7242892577756,2.5522041763341066,420,427,11,0,416,423,26099,4,0,0,4,4
2020-09-04,US,Georgia,Heard,176,5,0,33.29686567,-85.12886832,13149.0,1476.1385557326175,2.8409090909090913,171,174,5,0,169,173,11879,2,0,0,2,1
2020-09-04,US,Georgia,Henry,4529,84,0,33.4533428,-84.14814659999998,13151.0,1930.8410179015266,1.854714064914992,4445,4492,83,0,4409,4467,230220,37,1,0,36,25
2020-09-04,US,Georgia,Houston,2735,71,0,32.45802497,-83.66879087,13153.0,1732.5149021620016,2.5959780621572213,2664,2706,71,0,2635,2670,155469,29,0,0,29,36
2020-09-04,US,Georgia,Irwin,233,4,0,31.60213036,-83.27501387,13155.0,2474.511469838573,1.7167381974248928,229,231,4,0,227,228,9398,2,0,0,2,3
2020-09-04,US,Georgia,Jackson,1609,27,0,34.13794553,-83.56814788,13157.0,2204.804253394905,1.678060907395898,1582,1586,26,0,1560,1563,70422,23,1,0,22,23
2020-09-04,US,Georgia,Jasper,192,4,0,33.31535543,-83.68844964,13159.0,1350.3059286869682,2.083333333333333,188,191,4,0,187,190,14040,1,0,0,1,1
2020-09-04,US,Georgia,Jeff Davis,659,12,0,31.80405727,-82.63724870000001,13161.0,4359.9073767780355,1.8209408194233687,647,655,12,0,643,651,15029,4,0,0,4,4
2020-09-04,US,Georgia,Jefferson,700,19,0,33.05867328,-82.41609057,13163.0,4556.698346569458,2.7142857142857144,681,689,19,0,670,675,15430,11,0,0,11,14
2020-09-04,US,Georgia,Jenkins,342,25,0,32.79248718,-81.96040187,13165.0,3941.908713692946,7.309941520467835,317,338,25,0,313,333,8683,4,0,0,4,5
2020-09-04,US,Georgia,Johnson,353,14,0,32.70211082,-82.66166794,13167.0,3660.6865083480243,3.966005665722379,339,352,13,0,339,347,9708,1,1,0,0,5
2020-09-04,US,Georgia,Jones,475,4,0,33.02512137,-83.56019163,13169.0,1653.0363668000696,0.8421052631578947,471,465,4,0,461,459,28616,10,0,0,10,6
2020-09-04,US,Georgia,Lamar,328,16,0,33.07841647,-84.14263877,13171.0,1719.3479058552184,4.878048780487805,312,325,16,0,309,325,19000,3,0,0,3,0
2020-09-04,US,Georgia,Lanier,275,5,0,31.03828570000001,-83.06472457,13173.0,2638.395855319965,1.818181818181818,270,272,5,0,267,271,10340,3,0,0,3,1
2020-09-04,US,Georgia,Laurens,1379,50,0,32.46325233,-82.92221316,13175.0,2900.349135573971,3.625815808556925,1329,1371,49,0,1322,1350,47325,8,1,0,7,21
2020-09-04,US,Georgia,Lee,641,25,0,31.779330600000005,-84.14324253,13177.0,2137.2365964257133,3.9001560062402496,616,669,25,0,644,668,29764,-28,0,0,-28,1
2020-09-04,US,Georgia,Liberty,945,18,0,31.82588896,-81.49251135,13179.0,1538.2111174411982,1.9047619047619049,927,940,18,0,922,933,61497,5,0,0,5,7
2020-09-04,US,Georgia,Lincoln,200,7,0,33.79201475,-82.45024131,13181.0,2524.933720489837,3.5,193,199,7,0,192,199,7915,1,0,0,1,0
2020-09-04,US,Georgia,Long,191,3,0,31.75218791,-81.74952375,13183.0,976.5325425635257,1.5706806282722514,188,190,3,0,187,186,18998,1,0,0,1,4
2020-09-04,US,Georgia,Lowndes,3565,72,0,30.83568832,-83.27056716,13185.0,3036.4717305759496,2.0196353436185133,3493,3550,71,0,3479,3521,116321,15,1,0,14,29
2020-09-04,US,Georgia,Lumpkin,772,12,0,34.57286511,-84.00425681,13187.0,2296.935435882178,1.5544041450777202,760,757,12,0,745,737,32955,15,0,0,15,20
2020-09-04,US,Georgia,Macon,211,10,0,32.35207048,-84.04234127,13193.0,1629.7211709276278,4.739336492890995,201,210,10,0,200,207,13143,1,0,0,1,3
2020-09-04,US,Georgia,Madison,554,8,0,34.12920917,-83.21218732,13195.0,1854.0829986613119,1.444043321299639,546,550,8,0,542,548,29650,4,0,0,4,2
2020-09-04,US,Georgia,Marion,178,6,0,32.3483402,-84.52733571,13197.0,2129.441320732145,3.3707865168539324,172,176,6,0,170,172,8351,2,0,0,2,4
2020-09-04,US,Georgia,McDuffie,528,13,0,33.47851918,-82.48252774,13189.0,2477.477477477477,2.462121212121212,515,525,13,0,512,524,21531,3,0,0,3,1
2020-09-04,US,Georgia,McIntosh,261,6,0,31.49683595,-81.40163426,13191.0,1815.273334260676,2.2988505747126435,255,260,5,0,255,251,14340,1,1,0,0,9
2020-09-04,US,Georgia,Meriwether,499,11,0,33.04163534,-84.68859732,13199.0,2357.443189871026,2.2044088176352705,488,497,9,0,488,492,21068,2,2,0,0,5
2020-09-04,US,Georgia,Miller,222,1,0,31.16568912,-84.73151117,13201.0,3882.476390346275,0.4504504504504505,221,223,1,0,222,217,5686,-1,0,0,-1,6
2020-09-04,US,Georgia,Mitchell,721,45,0,31.22483255,-84.19381821,13205.0,3297.8090838402777,6.2413314840499305,676,720,45,0,675,717,22192,1,0,0,1,3
2020-09-04,US,Georgia,Monroe,601,43,0,33.014289,-83.92097166,13207.0,2179.2733338168105,7.154742096505824,558,597,43,0,554,593,27520,4,0,0,4,4
2020-09-04,US,Georgia,Montgomery,236,3,0,32.17201038,-82.53527476,13209.0,2573.048408198866,1.2711864406779658,233,232,3,0,229,223,9193,4,0,0,4,9
2020-09-04,US,Georgia,Morgan,429,2,0,33.59232073,-83.49129491,13211.0,2225.565470014526,0.4662004662004662,427,425,2,0,423,420,18853,4,0,0,4,5
2020-09-04,US,Georgia,Murray,725,4,0,34.78897608,-84.74993177,13213.0,1808.1604150039905,0.5517241379310345,721,721,3,0,718,717,39921,4,1,0,3,4
2020-09-04,US,Georgia,Muscogee,5580,146,0,32.50931999,-84.87142262,13215.0,2850.2980553611656,2.6164874551971327,5434,5547,145,0,5402,5526,194160,33,1,0,32,21
2020-09-04,US,Georgia,Newton,2371,63,0,33.55514538,-83.84547140000002,13217.0,2121.814146620848,2.6571067060312106,2308,2360,62,0,2298,2342,109541,11,1,0,10,18
2020-09-04,US,Georgia,Oconee,593,20,0,33.83749973,-83.43679568,13219.0,1472.1946375372395,3.3726812816188865,573,575,20,0,555,568,39272,18,0,0,18,7
2020-09-04,US,Georgia,Oglethorpe,286,11,0,33.878629600000004,-83.08278123,13221.0,1874.3036896257943,3.8461538461538463,275,285,11,0,274,283,15054,1,0,0,1,2
2020-09-04,US,Georgia,Out of GA,16307,134,0,0.0,0.0,80013.0,0.0,0.8217329980989759,16173,16232,133,0,16099,16131,,75,1,0,74,101
2020-09-04,US,Georgia,Paulding,2403,39,0,33.91969522,-84.86848792,13223.0,1424.700741698139,1.6229712858926342,2364,2377,37,0,2340,2336,164044,26,2,0,24,41
2020-09-04,US,Georgia,Peach,578,18,0,32.56934316,-83.82937,13225.0,2098.3082843244033,3.1141868512110733,560,573,17,0,556,572,27297,5,1,0,4,1
2020-09-04,US,Georgia,Pickens,533,7,0,34.46589159,-84.46406611,13227.0,1635.4208216992422,1.3133208255159474,526,531,7,0,524,527,31980,2,0,0,2,4
2020-09-04,US,Georgia,Pierce,532,14,0,31.35928155,-82.21598442,13229.0,2733.110711533521,2.631578947368421,518,530,13,0,517,523,19389,2,1,0,1,7
2020-09-04,US,Georgia,Pike,287,8,0,33.09310242,-84.38790389,13231.0,1513.5534226347436,2.787456445993032,279,285,8,0,277,283,18634,2,0,0,2,2
2020-09-04,US,Georgia,Polk,1265,16,0,34.00267074,-85.18677781,13233.0,2968.577664093117,1.2648221343873518,1249,1254,15,0,1239,1236,42470,11,1,0,10,18
2020-09-04,US,Georgia,Pulaski,238,8,0,32.23334561,-83.47549959999998,13235.0,2137.0207416719045,3.361344537815126,230,230,8,0,222,224,11069,8,0,0,8,6
2020-09-04,US,Georgia,Putnam,634,20,0,33.32056115,-83.37552891,13237.0,2866.31402866314,3.154574132492113,614,627,20,0,607,619,21809,7,0,0,7,8
2020-09-04,US,Georgia,Quitman,31,1,0,31.86728114,-85.01773177,13239.0,1348.4123531970422,3.2258064516129035,30,31,1,0,30,31,2279,0,0,0,0,0
2020-09-04,US,Georgia,Rabun,293,6,0,34.88389445,-83.40304637,13241.0,1709.7508315341074,2.04778156996587,287,290,6,0,284,287,16867,3,0,0,3,3
2020-09-04,US,Georgia,Randolph,318,27,0,31.76622818,-84.75732369,13243.0,4691.649454116258,8.49056603773585,291,318,27,0,291,317,6833,0,0,0,0,1
2020-09-04,US,Georgia,Richmond,6191,137,0,33.35777107,-82.07026432,13245.0,3057.0122161980657,2.21288967856566,6054,6165,135,0,6030,6102,201554,26,2,0,24,63
2020-09-04,US,Georgia,Rockdale,1695,33,0,33.65145002,-84.02202167,13247.0,1864.76852666784,1.9469026548672568,1662,1688,33,0,1655,1678,90594,7,0,0,7,10
2020-09-04,US,Georgia,Schley,96,2,0,32.2654021,-84.31258912,13249.0,1826.136579798364,2.083333333333333,94,96,2,0,94,96,5236,0,0,0,0,0
2020-09-04,US,Georgia,Screven,305,9,0,32.74976524,-81.60779441,13251.0,2183.8751253043106,2.950819672131148,296,303,9,0,294,298,13938,2,0,0,2,5
2020-09-04,US,Georgia,Seminole,303,8,0,30.93464824,-84.86823924,13253.0,3745.3646477132256,2.64026402640264,295,298,8,0,290,292,8315,5,0,0,5,6
2020-09-04,US,Georgia,Spalding,1202,54,0,33.26310031,-84.28013991,13255.0,1802.0179002443667,4.492512479201332,1148,1198,53,0,1145,1190,66100,4,1,0,3,8
2020-09-04,US,Georgia,Stephens,882,28,0,34.55151201,-83.29405315,13257.0,3402.121504339441,3.1746031746031744,854,875,27,0,848,862,26035,7,1,0,6,13
2020-09-04,US,Georgia,Stewart,373,11,0,32.07996777,-84.83208037,13259.0,5633.590092131098,2.949061662198392,362,368,11,0,357,367,6199,5,0,0,5,1
2020-09-04,US,Georgia,Sumter,877,60,0,32.03650571,-84.19821492,13261.0,2970.4647066793127,6.841505131128848,817,872,60,0,812,862,29733,5,0,0,5,10
2020-09-04,US,Georgia,Talbot,155,5,0,32.69642758,-84.53351366,13263.0,2502.0177562550443,3.2258064516129035,150,155,5,0,150,155,6272,0,0,0,0,0
2020-09-04,US,Georgia,Taliaferro,19,0,0,33.56543317,-82.88136816,13265.0,1236.174365647365,0.0,19,19,0,0,19,19,1608,0,0,0,0,0
2020-09-04,US,Georgia,Tattnall,704,7,0,32.04785085,-82.05539188,13267.0,2784.14933164597,0.9943181818181818,697,702,7,0,695,691,25391,2,0,0,2,11
2020-09-04,US,Georgia,Taylor,163,7,0,32.55792548,-84.25077141,13269.0,2032.418952618454,4.294478527607362,156,162,7,0,155,163,8039,1,0,0,1,-1
2020-09-04,US,Georgia,Telfair,355,13,0,31.92829517,-82.93491155,13271.0,2238.3354350567465,3.661971830985916,342,349,13,0,336,349,15876,6,0,0,6,0
2020-09-04,US,Georgia,Terrell,321,31,0,31.77527543,-84.44069698,13273.0,3762.747626304068,9.657320872274145,290,321,31,0,290,320,8611,0,0,0,0,1
2020-09-04,US,Georgia,Thomas,1446,54,0,30.86392347,-83.91847289,13275.0,3253.020179523521,3.734439834024896,1392,1426,54,0,1372,1422,44448,20,0,0,20,4
2020-09-04,US,Georgia,Tift,1560,51,0,31.45743864,-83.5236119,13277.0,3838.204901092412,3.2692307692307687,1509,1547,51,0,1496,1530,40571,13,0,0,13,17
2020-09-04,US,Georgia,Toombs,1128,28,0,32.12059861,-82.32957247,13279.0,4204.248975027954,2.482269503546099,1100,1116,26,0,1090,1090,26887,12,2,0,10,26
2020-09-04,US,Georgia,Towns,221,6,0,34.91369188,-83.74107459999998,13281.0,1836.0056492481515,2.7149321266968327,215,221,6,0,215,218,11852,0,0,0,0,3
2020-09-04,US,Georgia,Treutlen,225,5,0,32.40422134,-82.56904553,13283.0,3260.39704390668,2.2222222222222223,220,222,5,0,217,214,6809,3,0,0,3,8
2020-09-04,US,Georgia,Troup,2634,89,0,33.03349196,-85.02812115,13285.0,3767.0547181144702,3.378891419893698,2545,2627,87,0,2540,2614,70034,7,2,0,5,13
2020-09-04,US,Georgia,Turner,281,21,0,31.71612656,-83.62069378,13287.0,3519.0983093299933,7.473309608540926,260,281,21,0,260,279,7912,0,0,0,0,2
2020-09-04,US,Georgia,Twiggs,168,7,0,32.67435595,-83.43078662,13289.0,2068.9655172413795,4.166666666666667,161,167,7,0,160,165,8188,1,0,0,1,2
2020-09-04,US,Georgia,Unassigned,2505,3,0,0.0,0.0,90013.0,0.0,0.11976047904191615,2502,2419,3,0,2416,2508,,86,0,0,86,-89
2020-09-04,US,Georgia,Union,511,14,0,34.82995757,-83.98967069,13291.0,2084.7782628207738,2.7397260273972597,497,509,12,0,497,497,24001,2,2,0,0,12
2020-09-04,US,Georgia,Upson,672,58,0,32.87920671,-84.30024826,13293.0,2553.1914893617013,8.630952380952381,614,670,58,0,612,667,26215,2,0,0,2,3
2020-09-04,US,Georgia,Walker,1107,24,0,34.73376362,-85.30165174,13295.0,1586.8465188285718,2.168021680216802,1083,1083,23,0,1060,1069,69410,24,1,0,23,14
2020-09-04,US,Georgia,Walton,1562,48,0,33.78017694,-83.73552314,13297.0,1651.2849788039284,3.072983354673496,1514,1550,48,0,1502,1527,93503,12,0,0,12,23
2020-09-04,US,Georgia,Ware,1367,46,0,31.05449097,-82.42224148,13299.0,3825.488330441596,3.3650329188002925,1321,1353,45,0,1308,1349,35680,14,1,0,13,4
2020-09-04,US,Georgia,Warren,123,5,0,33.41146451,-82.67795848,13301.0,2341.0734678340314,4.0650406504065035,118,121,5,0,116,121,5251,2,0,0,2,0
2020-09-04,US,Georgia,Washington,619,6,0,32.96711864,-82.79357039,13303.0,3038.1859232354964,0.9693053311793216,613,619,5,0,614,616,20386,0,1,0,-1,3
2020-09-04,US,Georgia,Wayne,998,26,0,31.5521809,-81.91894878,13305.0,3334.7813011661715,2.6052104208416837,972,984,25,0,959,973,29808,14,1,0,13,11
2020-09-04,US,Georgia,Webster,40,2,0,32.04066113,-84.54742852,13307.0,1534.3306482546989,5.0,38,40,2,0,38,38,2611,0,0,0,0,2
2020-09-04,US,Georgia,Wheeler,154,8,0,32.12009104,-82.72574721,13309.0,1960.5346912794396,5.194805194805196,146,152,7,0,145,152,7879,2,1,0,1,0
2020-09-04,US,Georgia,White,571,14,0,34.64624278,-83.74905525,13311.0,1854.0164945775696,2.4518388791593697,557,560,14,0,546,538,29970,11,0,0,11,22
2020-09-04,US,Georgia,Whitfield,4079,55,0,34.80987459,-84.96093476,13313.0,3898.57399548878,1.3483696984555038,4024,4064,55,0,4009,4030,104062,15,0,0,15,34
2020-09-04,US,Georgia,Wilcox,226,20,0,31.97496928,-83.43438555,13315.0,2617.2553561088594,8.849557522123892,206,225,20,0,205,225,8812,1,0,0,1,0
2020-09-04,US,Georgia,Wilkes,231,3,0,33.78290391,-82.74286107,13317.0,2362.687941086223,1.2987012987012987,228,229,3,0,226,226,9876,2,0,0,2,3
2020-09-04,US,Georgia,Wilkinson,295,17,0,32.80291082,-83.17140684,13319.0,3294.616930980568,5.7627118644067785,278,290,17,0,273,289,9036,5,0,0,5,1
2020-09-04,US,Georgia,Worth,511,29,0,31.55162306,-83.85090513,13321.0,2523.830690966563,5.675146771037183,482,509,29,0,480,509,20299,2,0,0,2,0
2020-09-04,US,Hawaii,Hawaii,469,3,0,19.60121157,-155.5210167,15001.0,232.7393269913108,0.6396588486140725,466,435,3,0,432,418,200983,34,0,0,34,17
2020-09-04,US,Hawaii,Honolulu,8575,69,0,21.45803166,-157.97121819999995,15003.0,879.881546908717,0.8046647230320699,8506,8339,67,0,8272,8149,980080,236,2,0,234,190
2020-09-04,US,Hawaii,Kauai,57,0,0,22.03935037,-159.5966786,15007.0,78.84580803120635,0.0,57,57,0,0,57,57,72133,0,0,0,0,0
2020-09-04,US,Hawaii,Maui,347,8,0,20.86399628,-156.56890969999995,15009.0,207.26688448604386,2.3054755043227666,339,346,8,0,338,342,167207,1,0,0,1,4
2020-09-04,US,Hawaii,Out of HI,25,1,0,0.0,0.0,80015.0,0.0,4.0,24,25,1,0,24,25,,0,0,0,0,0
2020-09-04,US,Idaho,Ada,11411,128,0,43.4526575,-116.24155159999998,16001.0,2369.4576473202137,1.1217246516519148,11283,11411,128,0,11283,11374,469966,0,0,0,0,37
2020-09-04,US,Idaho,Adams,25,0,0,44.89333571,-116.4545247,16003.0,582.2077317186772,0.0,25,25,0,0,25,25,4250,0,0,0,0,0
2020-09-04,US,Idaho,Bannock,642,3,0,42.67002716,-112.2233311,16005.0,731.1406705539357,0.4672897196261682,639,642,3,0,639,638,87138,0,0,0,0,4
2020-09-04,US,Idaho,Bear Lake,31,0,0,42.28269683,-111.32892379999998,16007.0,506.1224489795918,0.0,31,31,0,0,31,31,6050,0,0,0,0,0
2020-09-04,US,Idaho,Benewah,119,2,0,47.21754179,-116.6586851,16009.0,1279.8451279845128,1.680672268907563,117,119,2,0,117,119,9226,0,0,0,0,0
2020-09-04,US,Idaho,Bingham,458,5,0,43.21672879999999,-112.3978437,16011.0,978.4025122300314,1.091703056768559,453,458,5,0,453,454,46236,0,0,0,0,4
2020-09-04,US,Idaho,Blaine,606,6,0,43.4085812,-113.9752658,16013.0,2632.379132096781,0.99009900990099,600,606,6,0,600,604,22601,0,0,0,0,2
2020-09-04,US,Idaho,Boise,63,1,0,43.98829931,-115.7309284,16015.0,804.4949559443237,1.5873015873015872,62,63,1,0,62,63,7634,0,0,0,0,0
2020-09-04,US,Idaho,Bonner,221,0,0,48.29996017,-116.6017932,16017.0,483.1762828220993,0.0,221,221,0,0,221,218,44727,0,0,0,0,3
2020-09-04,US,Idaho,Bonneville,1884,11,0,43.38713372,-111.6161537,16019.0,1582.3688498429392,0.583864118895966,1873,1884,11,0,1873,1831,116854,0,0,0,0,53
2020-09-04,US,Idaho,Boundary,44,1,0,48.76684761,-116.4630179,16021.0,359.3303389138424,2.272727272727273,43,44,1,0,43,44,11948,0,0,0,0,0
2020-09-04,US,Idaho,Butte,16,0,0,43.72592209,-113.1735463,16023.0,616.0954948016943,0.0,16,16,0,0,16,13,2611,0,0,0,0,3
2020-09-04,US,Idaho,Camas,4,0,0,43.46665742,-114.8065892,16025.0,361.6636528028933,0.0,4,4,0,0,4,4,1127,0,0,0,0,0
2020-09-04,US,Idaho,Canyon,7332,81,0,43.61970148,-116.70954990000001,16027.0,3189.9203390051725,1.104746317512275,7251,7332,81,0,7251,7304,223499,0,0,0,0,28
2020-09-04,US,Idaho,Caribou,41,0,0,42.77149116,-111.5597683,16029.0,573.0258560447239,0.0,41,41,0,0,41,40,7060,0,0,0,0,1
2020-09-04,US,Idaho,Cassia,586,4,0,42.28347888,-113.6012409,16031.0,2438.618393674573,0.6825938566552902,582,586,4,0,582,584,23864,0,0,0,0,2
2020-09-04,US,Idaho,Clark,21,0,0,44.28496071,-112.35057040000001,16033.0,2485.207100591716,0.0,21,21,0,0,21,21,852,0,0,0,0,0
2020-09-04,US,Idaho,Clearwater,22,0,0,46.67459924,-115.6622393,16035.0,251.25628140703517,0.0,22,22,0,0,22,21,8758,0,0,0,0,1
2020-09-04,US,Idaho,Custer,42,0,0,44.24186819,-114.2855494,16037.0,973.3487833140207,0.0,42,42,0,0,42,40,4280,0,0,0,0,2
2020-09-04,US,Idaho,Elmore,293,3,0,43.3507101,-115.4701578,16039.0,1065.0285340409293,1.023890784982935,290,293,3,0,290,291,27259,0,0,0,0,2
2020-09-04,US,Idaho,Franklin,58,0,0,42.18332217,-111.81496659999999,16041.0,417.9878927644854,0.0,58,58,0,0,58,57,13726,0,0,0,0,1
2020-09-04,US,Idaho,Fremont,118,2,0,44.22800938,-111.48099429999999,16043.0,900.8321245896633,1.6949152542372878,116,118,2,0,116,116,13168,0,0,0,0,2
2020-09-04,US,Idaho,Gem,229,2,0,44.06482372,-116.398376,16045.0,1264.3551236749115,0.8733624454148472,227,229,2,0,227,214,17634,0,0,0,0,15
2020-09-04,US,Idaho,Gooding,240,1,0,42.96927962,-114.81083059999999,16047.0,1581.131826866065,0.4166666666666667,239,240,1,0,239,237,15196,0,0,0,0,3
2020-09-04,US,Idaho,Idaho,44,0,0,45.84721541,-115.4634436,16049.0,263.99472010559793,0.0,44,44,0,0,44,44,16513,0,0,0,0,0
2020-09-04,US,Idaho,Jefferson,370,1,0,43.82078483,-112.3131749,16051.0,1238.6595694821065,0.2702702702702703,369,370,1,0,369,365,29439,0,0,0,0,5
2020-09-04,US,Idaho,Jerome,617,6,0,42.68891267,-114.2655033,16053.0,2527.4455185974107,0.9724473257698542,611,617,6,0,611,612,24015,0,0,0,0,5
2020-09-04,US,Idaho,Kootenai,2237,30,0,47.67282258,-116.7020872,16055.0,1350.0546177661636,1.3410818059901657,2207,2237,30,0,2207,2220,161505,0,0,0,0,17
2020-09-04,US,Idaho,Latah,250,0,0,46.81587887,-116.71136979999999,16057.0,623.3170439812508,0.0,250,250,0,0,250,249,40134,0,0,0,0,1
2020-09-04,US,Idaho,Lemhi,70,0,0,44.9438088,-113.9309747,16059.0,872.0568082720818,0.0,70,70,0,0,70,70,7961,0,0,0,0,0
2020-09-04,US,Idaho,Lewis,9,0,0,46.23315327,-116.434146,16061.0,234.49713392391868,0.0,9,9,0,0,9,9,3861,0,0,0,0,0
2020-09-04,US,Idaho,Lincoln,70,0,0,43.0012336,-114.1358773,16063.0,1304.5098770033544,0.0,70,70,0,0,70,68,5360,0,0,0,0,2
2020-09-04,US,Idaho,Madison,260,0,0,43.78141028,-111.65384740000002,16065.0,651.5147718445387,0.0,260,260,0,0,260,256,39304,0,0,0,0,4
2020-09-04,US,Idaho,Minidoka,564,3,0,42.85518524,-113.6357257,16067.0,2680.735776415229,0.5319148936170213,561,564,3,0,561,563,20825,0,0,0,0,1
2020-09-04,US,Idaho,Nez Perce,317,19,0,46.32638236,-116.75009750000001,16069.0,784.4981191843201,5.993690851735016,298,317,19,0,298,313,40408,0,0,0,0,4
2020-09-04,US,Idaho,Oneida,22,0,0,42.19494279999999,-112.5407838,16071.0,485.5440300154492,0.0,22,22,0,0,22,22,4488,0,0,0,0,0
2020-09-04,US,Idaho,Owyhee,306,5,0,42.58016894,-116.16938710000001,16073.0,2588.175589951789,1.6339869281045751,301,306,5,0,301,306,11693,0,0,0,0,0
2020-09-04,US,Idaho,Payette,713,4,0,44.00545243,-116.7647695,16075.0,2976.9111936871113,0.5610098176718092,709,713,4,0,709,702,23551,0,0,0,0,11
2020-09-04,US,Idaho,Power,131,0,0,42.69254894,-112.83957420000002,16077.0,1705.5070954302826,0.0,131,131,0,0,131,128,7768,0,0,0,0,3
2020-09-04,US,Idaho,Shoshone,198,15,0,47.35364087,-115.89167490000001,16079.0,1537.0284117373078,7.575757575757576,183,198,15,0,183,197,12796,0,0,0,0,1
2020-09-04,US,Idaho,Teton,128,0,0,43.75303583,-111.2056773,16081.0,1054.1920606160436,0.0,128,128,0,0,128,127,11640,0,0,0,0,1
2020-09-04,US,Idaho,Twin Falls,1734,34,0,42.35440512,-114.6685381,16083.0,1995.9022997766986,1.96078431372549,1700,1734,34,0,1700,1695,86081,0,0,0,0,39
2020-09-04,US,Idaho,Unassigned,269,10,0,0.0,0.0,90016.0,0.0,3.717472118959108,259,3,0,0,3,3,,266,10,0,256,0
2020-09-04,US,Idaho,Valley,85,1,0,44.76728382,-115.5676773,16085.0,746.1376404494383,1.1764705882352942,84,85,1,0,84,84,11041,0,0,0,0,1
2020-09-04,US,Idaho,Washington,293,4,0,44.45275475,-116.78476880000001,16087.0,2874.239748871885,1.3651877133105803,289,293,4,0,289,288,10161,0,0,0,0,5
2020-09-04,US,Illinois,Adams,805,9,0,39.98815591,-91.18786813,17001.0,1230.2284710017575,1.1180124223602483,796,795,9,0,786,786,65691,10,0,0,10,9
2020-09-04,US,Illinois,Alexander,47,1,0,37.18049267,-89.32910838,17003.0,815.8305849678876,2.127659574468085,46,45,1,0,44,45,6060,2,0,0,2,0
2020-09-04,US,Illinois,Bond,191,4,0,38.88829622,-89.43534887,17005.0,1162.7906976744189,2.094240837696335,187,162,3,0,159,161,16630,29,1,0,28,1
2020-09-04,US,Illinois,Boone,898,23,0,42.32359279,-88.82345779,17007.0,1677.125354848349,2.5612472160356345,875,886,23,0,863,884,53577,12,0,0,12,2
2020-09-04,US,Illinois,Brown,24,0,0,39.96209138,-90.75068024,17009.0,364.85253876558227,0.0,24,23,0,0,23,23,6556,1,0,0,1,0
2020-09-04,US,Illinois,Bureau,429,9,0,41.40385234,-89.5283051,17011.0,1314.8216255976465,2.097902097902098,420,407,9,0,398,393,32993,22,0,0,22,14
2020-09-04,US,Illinois,Calhoun,32,0,0,39.16840183,-90.66330078,17013.0,675.2479426039249,0.0,32,27,0,0,27,27,4802,5,0,0,5,0
2020-09-04,US,Illinois,Carroll,146,4,0,42.06823429,-89.93395545,17015.0,1020.6221600838867,2.7397260273972597,142,138,4,0,134,138,14312,8,0,0,8,0
2020-09-04,US,Illinois,Cass,332,11,0,39.96991073,-90.24734436,17017.0,2733.185148596361,3.3132530120481927,321,313,11,0,302,309,12260,19,0,0,19,4
2020-09-04,US,Illinois,Champaign,3225,20,0,40.13919438,-88.20046615,17019.0,1537.9919785968743,0.6201550387596899,3205,2657,20,0,2637,2557,209983,568,0,0,568,100
2020-09-04,US,Illinois,Christian,264,6,0,39.54581621,-89.27780482,17021.0,817.2362555720654,2.272727272727273,258,250,6,0,244,249,32661,14,0,0,14,1
2020-09-04,US,Illinois,Clark,120,2,0,39.33425789,-87.78705622,17023.0,777.1517388770156,1.6666666666666667,118,119,2,0,117,119,15596,1,0,0,1,0
2020-09-04,US,Illinois,Clay,108,0,0,38.75388572,-88.48914513,17025.0,819.1747572815532,0.0,108,92,0,0,92,91,13253,16,0,0,16,1
2020-09-04,US,Illinois,Clinton,809,17,0,38.60704876,-89.42385254,17027.0,2153.7724295830894,2.1013597033374536,792,771,17,0,754,765,37639,38,0,0,38,6
2020-09-04,US,Illinois,Coles,1094,23,0,39.51949084,-88.22358557,17029.0,2161.158412516545,2.1023765996343693,1071,1060,23,0,1037,1027,50885,34,0,0,34,33
2020-09-04,US,Illinois,Cook,129545,5086,0,41.84144849,-87.81658794,17031.0,2515.323093149378,3.926048863329345,124459,128012,5080,0,122932,127616,5180493,1533,6,0,1527,396
2020-09-04,US,Illinois,Crawford,111,1,0,39.0032229,-87.75954624,17033.0,594.632238710023,0.9009009009009008,110,84,1,0,83,81,18807,27,0,0,27,3
2020-09-04,US,Illinois,Cumberland,154,4,0,39.27432424,-88.2401158,17035.0,1430.4291287386216,2.5974025974025974,150,148,3,0,145,146,10808,6,1,0,5,2
2020-09-04,US,Illinois,De Witt,52,1,0,40.17514519,-88.90959682,17039.0,332.52334058063684,1.9230769230769231,51,47,1,0,46,48,15769,5,0,0,5,-1
2020-09-04,US,Illinois,DeKalb,1190,36,0,41.89373302,-88.76958483,17037.0,1134.4461710058438,3.0252100840336134,1154,1156,36,0,1120,1149,104143,34,0,0,34,7
2020-09-04,US,Illinois,Douglas,235,5,0,39.76768052,-88.21854195,17041.0,1207.2951451322888,2.127659574468085,230,232,5,0,227,231,19479,3,0,0,3,1
2020-09-04,US,Illinois,DuPage,15109,536,0,41.85116968,-88.08642662,17043.0,1637.0848642516532,3.5475544377523334,14573,14840,536,0,14304,14770,928589,269,0,0,269,70
2020-09-04,US,Illinois,Edgar,93,2,0,39.6809186,-87.74759563,17045.0,541.9264611619369,2.150537634408602,91,92,1,0,91,92,17360,1,1,0,0,0
2020-09-04,US,Illinois,Edwards,45,0,0,38.41353228,-88.05720863,17047.0,703.6747458952307,0.0,45,43,0,0,43,42,6392,2,0,0,2,1
2020-09-04,US,Illinois,Effingham,616,1,0,39.05935711,-88.58969584,17049.0,1811.3385085862146,0.16233766233766234,615,586,1,0,585,574,34208,30,0,0,30,12
2020-09-04,US,Illinois,Fayette,196,3,0,39.00072038,-89.02452658,17051.0,918.6351706036743,1.5306122448979589,193,183,3,0,180,176,21416,13,0,0,13,7
2020-09-04,US,Illinois,Ford,77,3,0,40.59706922,-88.22350769,17053.0,594.0899621942751,3.8961038961038965,74,74,3,0,71,72,13264,3,0,0,3,2
2020-09-04,US,Illinois,Franklin,377,1,0,37.99189086,-88.92567818,17055.0,980.0098780836518,0.26525198938992045,376,358,1,0,357,349,38701,19,0,0,19,9
2020-09-04,US,Illinois,Fulton,99,0,0,40.47289135,-90.20862357,17057.0,288.2935352358765,0.0,99,97,0,0,97,94,34844,2,0,0,2,3
2020-09-04,US,Illinois,Gallatin,65,2,0,37.76430935,-88.22953869,17059.0,1346.3131731565863,3.0769230769230766,63,64,2,0,62,64,5058,1,0,0,1,0
2020-09-04,US,Illinois,Greene,152,1,0,39.35907414,-90.388865,17061.0,1172.0255995065154,0.6578947368421053,151,130,1,0,129,129,13044,22,0,0,22,1
2020-09-04,US,Illinois,Grundy,526,5,0,41.28569601,-88.41905692,17063.0,1030.2816625533749,0.9505703422053232,521,516,5,0,511,501,50972,10,0,0,10,15
2020-09-04,US,Illinois,Hamilton,47,0,0,38.08163641,-88.53883373,17065.0,579.103006407097,0.0,47,45,0,0,45,45,8163,2,0,0,2,0
2020-09-04,US,Illinois,Hancock,155,2,0,40.40423981,-91.16313899,17067.0,875.3105940817709,1.2903225806451613,153,150,2,0,148,146,17844,5,0,0,5,4
2020-09-04,US,Illinois,Hardin,20,0,0,37.51810645,-88.26873022,17069.0,523.4231876472128,0.0,20,20,0,0,20,20,3910,0,0,0,0,0
2020-09-04,US,Illinois,Henderson,51,0,0,40.81908672,-90.92491462,17071.0,767.378874510984,0.0,51,45,0,0,45,45,6709,6,0,0,6,0
2020-09-04,US,Illinois,Henry,514,2,0,41.3533994,-90.13296166,17073.0,1050.8453785292254,0.3891050583657588,512,477,1,0,476,472,49090,37,1,0,36,5
2020-09-04,US,Illinois,Iroquois,316,19,0,40.74717633,-87.82466784,17075.0,1165.44958324113,6.012658227848102,297,313,19,0,294,310,27604,3,0,0,3,3
2020-09-04,US,Illinois,Jackson,1021,22,0,37.78595185,-89.38232563,17077.0,1799.1189427312775,2.1547502448579823,999,984,22,0,962,973,57419,37,0,0,37,11
2020-09-04,US,Illinois,Jasper,155,7,0,39.01054275,-88.15437049,17079.0,1612.9032258064515,4.516129032258065,148,141,7,0,134,139,9611,14,0,0,14,2
2020-09-04,US,Illinois,Jefferson,479,35,0,38.29980057,-88.9240025,17081.0,1271.0964865725507,7.306889352818372,444,470,35,0,435,463,37820,9,0,0,9,7
2020-09-04,US,Illinois,Jersey,315,6,0,39.08869046,-90.35393073,17083.0,1446.745969779084,1.9047619047619049,309,285,6,0,279,285,21847,30,0,0,30,0
2020-09-04,US,Illinois,Jo Daviess,190,2,0,42.36542373,-90.21094405,17085.0,894.7492347539439,1.0526315789473684,188,183,2,0,181,177,21366,7,0,0,7,6
2020-09-04,US,Illinois,Johnson,122,0,0,37.45939802,-88.88165419,17087.0,982.5239590883466,0.0,122,119,0,0,119,119,12456,3,0,0,3,0
2020-09-04,US,Illinois,Kane,11552,317,0,41.93842729,-88.42861412,17089.0,2169.7849185673263,2.7441135734072017,11235,11395,317,0,11078,11354,534216,157,0,0,157,41
2020-09-04,US,Illinois,Kankakee,2354,72,0,41.13746989,-87.86205334,17091.0,2142.688099615881,3.058623619371283,2282,2290,71,0,2219,2274,110024,64,1,0,63,16
2020-09-04,US,Illinois,Kendall,1705,24,0,41.59081014,-88.42869583,17093.0,1321.8078920846574,1.4076246334310851,1681,1679,24,0,1655,1670,127915,26,0,0,26,9
2020-09-04,US,Illinois,Knox,483,3,0,40.93148779,-90.21330340000002,17095.0,971.850540252319,0.6211180124223602,480,468,3,0,465,460,50112,15,0,0,15,8
2020-09-04,US,Illinois,LaSalle,1357,52,0,41.34426129999999,-88.88633881,17099.0,1248.7461925664172,3.8319823139277815,1305,1302,51,0,1251,1291,109430,55,1,0,54,11
2020-09-04,US,Illinois,Lake,15006,471,0,42.3224907,-88.00367925,17097.0,2154.3784590867654,3.1387445021991205,14535,14767,469,0,14298,14697,700832,239,2,0,237,70
2020-09-04,US,Illinois,Lawrence,175,0,0,38.71987914,-87.72884035,17101.0,1116.213802780967,0.0,175,142,0,0,142,142,15765,33,0,0,33,0
2020-09-04,US,Illinois,Lee,268,1,0,41.74583951,-89.29977132,17103.0,786.0159549507274,0.373134328358209,267,246,1,0,245,244,34223,22,0,0,22,2
2020-09-04,US,Illinois,Livingston,224,4,0,40.89188292,-88.55784752,17105.0,628.3662477558347,1.7857142857142858,220,210,4,0,206,207,35761,14,0,0,14,3
2020-09-04,US,Illinois,Logan,306,1,0,40.12581572,-89.36638784,17107.0,1069.257110909218,0.32679738562091504,305,287,1,0,286,276,28925,19,0,0,19,11
2020-09-04,US,Illinois,Macon,1072,28,0,39.86064913,-88.96342505,17115.0,1030.680037304464,2.611940298507463,1044,1010,28,0,982,1007,104712,62,0,0,62,3
2020-09-04,US,Illinois,Macoupin,388,6,0,39.26119767,-89.92424028,17117.0,863.6424342251703,1.5463917525773196,382,364,5,0,359,362,45313,24,1,0,23,2
2020-09-04,US,Illinois,Madison,4380,105,0,38.83042506,-89.90422563,17119.0,1665.6145661416306,2.3972602739726026,4275,4219,103,0,4116,4182,264461,161,2,0,159,37
2020-09-04,US,Illinois,Marion,311,0,0,38.64963204,-88.91899208,17121.0,835.9091519956995,0.0,311,293,0,0,293,286,37620,18,0,0,18,7
2020-09-04,US,Illinois,Marshall,53,0,0,41.0327901,-89.34510444,17123.0,463.36772162965553,0.0,53,53,0,0,53,53,11534,0,0,0,0,0
2020-09-04,US,Illinois,Mason,95,1,0,40.23917274,-89.91824452,17125.0,711.1310726850812,1.0526315789473684,94,88,1,0,87,88,13565,7,0,0,7,0
2020-09-04,US,Illinois,Massac,70,1,0,37.22078441,-88.71036614,17127.0,508.2776648271856,1.4285714285714286,69,67,1,0,66,65,14080,3,0,0,3,2
2020-09-04,US,Illinois,McDonough,278,15,0,40.45674722,-90.67775541,17109.0,936.5945690991173,5.395683453237409,263,251,15,0,236,231,29955,27,0,0,27,20
2020-09-04,US,Illinois,McHenry,4013,116,0,42.32451172,-88.45248227,17111.0,1303.878820173244,2.8906055320209316,3897,3925,115,0,3810,3907,308570,88,1,0,87,18
2020-09-04,US,Illinois,McLean,2454,17,0,40.48996987,-88.84621113,17113.0,1430.76196528624,0.6927465362673186,2437,2162,16,0,2146,2063,172828,292,1,0,291,99
2020-09-04,US,Illinois,Menard,77,0,0,40.02742725,-89.80246001,17129.0,631.354542472942,0.0,77,72,0,0,72,72,12288,5,0,0,5,0
2020-09-04,US,Illinois,Mercer,114,5,0,41.20596782,-90.74290052,17131.0,738.4854570188509,4.385964912280701,109,106,5,0,101,103,15601,8,0,0,8,3
2020-09-04,US,Illinois,Monroe,499,14,0,38.27594376,-90.17761038,17133.0,1440.6559459537489,2.8056112224448904,485,477,14,0,463,472,34335,22,0,0,22,5
2020-09-04,US,Illinois,Montgomery,263,10,0,39.23198845,-89.47809254,17135.0,925.6000563102697,3.8022813688212933,253,258,10,0,248,254,28601,5,0,0,5,4
2020-09-04,US,Illinois,Morgan,575,20,0,39.71654544,-90.20255104,17137.0,1708.360568067027,3.4782608695652173,555,544,20,0,524,538,33976,31,0,0,31,6
2020-09-04,US,Illinois,Moultrie,178,3,0,39.64187451,-88.62099969,17139.0,1227.5015516171302,1.6853932584269662,175,174,2,0,172,169,14717,4,1,0,3,5
2020-09-04,US,Illinois,Ogle,514,5,0,42.04165196,-89.32184679,17141.0,1014.9477716564976,0.9727626459143968,509,492,5,0,487,489,50923,22,0,0,22,3
2020-09-04,US,Illinois,Out of IL,1,0,0,0.0,0.0,80017.0,0.0,0.0,1,,,,,,,,,,,
2020-09-04,US,Illinois,Peoria,2544,41,0,40.78702156,-89.76078901,17143.0,1419.8092410382912,1.6116352201257862,2503,2466,41,0,2425,2441,180621,78,0,0,78,25
2020-09-04,US,Illinois,Perry,306,11,0,38.08510853,-89.36856219,17145.0,1462.9948364888126,3.594771241830065,295,300,10,0,290,298,21174,6,1,0,5,2
2020-09-04,US,Illinois,Piatt,92,0,0,40.01360584,-88.59319339,17147.0,562.8976994615762,0.0,92,84,0,0,84,82,16396,8,0,0,8,2
2020-09-04,US,Illinois,Pike,78,0,0,39.62265059,-90.8877017,17149.0,501.25313283208015,0.0,78,75,0,0,75,75,15611,3,0,0,3,0
2020-09-04,US,Illinois,Pope,22,1,0,37.41391284,-88.56152109,17151.0,526.6937993775438,4.545454545454546,21,20,1,0,19,19,4212,2,0,0,2,1
2020-09-04,US,Illinois,Pulaski,136,1,0,37.22631423,-89.13085001,17153.0,2549.203373945642,0.7352941176470589,135,133,1,0,132,132,5463,3,0,0,3,1
2020-09-04,US,Illinois,Putnam,21,0,0,41.2013541,-89.2869272,17155.0,365.9174072138003,0.0,21,20,0,0,20,20,5740,1,0,0,1,0
2020-09-04,US,Illinois,Randolph,783,7,0,38.05095369,-89.82512254,17157.0,2463.658674721541,0.8939974457215837,776,751,7,0,744,750,32106,32,0,0,32,1
2020-09-04,US,Illinois,Richland,76,4,0,38.71240969,-88.08475366,17159.0,489.9116869722168,5.2631578947368425,72,66,3,0,63,66,15763,10,1,0,9,0
2020-09-04,US,Illinois,Rock Island,2331,61,0,41.46613806,-90.57042164,17161.0,1642.9492736768655,2.6169026169026166,2270,2274,60,0,2214,2269,143477,57,1,0,56,5
2020-09-04,US,Illinois,Saline,176,3,0,37.75332999,-88.54119706,17165.0,749.2231067217232,1.7045454545454546,173,168,3,0,165,168,23906,8,0,0,8,0
2020-09-04,US,Illinois,Sangamon,1917,39,0,39.75836914,-89.65872023,17167.0,984.7332949782198,2.0344287949921758,1878,1844,39,0,1805,1837,195348,73,0,0,73,7
2020-09-04,US,Illinois,Schuyler,30,0,0,40.157179799999994,-90.61114163,17169.0,443.2624113475178,0.0,30,29,0,0,29,24,6907,1,0,0,1,5
2020-09-04,US,Illinois,Scott,49,0,0,39.642916899999996,-90.47814431,17171.0,989.6990506968292,0.0,49,46,0,0,46,46,4926,3,0,0,3,0
2020-09-04,US,Illinois,Shelby,242,3,0,39.39133527,-88.80611122,17173.0,1118.6095960062862,1.2396694214876034,239,226,3,0,223,221,21741,16,0,0,16,5
2020-09-04,US,Illinois,St. Clair,5580,173,0,38.46996033,-89.93063427,17163.0,2148.748873639704,3.100358422939068,5407,5450,173,0,5277,5413,261059,130,0,0,130,37
2020-09-04,US,Illinois,Stark,37,1,0,41.09309773,-89.79745866,17175.0,692.6244852115312,2.702702702702702,36,28,0,0,28,28,5427,9,1,0,8,0
2020-09-04,US,Illinois,Stephenson,395,6,0,42.35129217,-89.662598,17177.0,887.6803451840532,1.5189873417721518,389,388,6,0,382,387,44753,7,0,0,7,1
2020-09-04,US,Illinois,Tazewell,1209,11,0,40.50716185,-89.51404662,17179.0,917.2780589212688,0.9098428453267164,1198,1158,10,0,1148,1139,132328,51,1,0,50,19
2020-09-04,US,Illinois,Unassigned,1988,219,0,0.0,0.0,90017.0,0.0,11.01609657947686,1769,1789,209,0,1580,1776,,199,10,0,189,13
2020-09-04,US,Illinois,Union,442,24,0,37.47119609,-89.25548938,17181.0,2654.1764246682283,5.429864253393665,418,438,24,0,414,435,16841,4,0,0,4,3
2020-09-04,US,Illinois,Vermilion,385,4,0,40.18417171,-87.73384359,17183.0,508.197154095937,1.0389610389610389,381,368,4,0,364,353,76806,17,0,0,17,15
2020-09-04,US,Illinois,Wabash,120,1,0,38.44272901,-87.84922065,17185.0,1041.6666666666667,0.8333333333333334,119,110,1,0,109,108,11549,10,0,0,10,2
2020-09-04,US,Illinois,Warren,270,1,0,40.84925021,-90.6147432,17187.0,1602.9446687247685,0.3703703703703704,269,265,1,0,264,264,17032,5,0,0,5,1
2020-09-04,US,Illinois,Washington,126,1,0,38.35309213,-89.40982703,17189.0,907.3233959818537,0.7936507936507936,125,119,1,0,118,116,13995,7,0,0,7,3
2020-09-04,US,Illinois,Wayne,125,2,0,38.42955355,-88.42586459,17191.0,770.8911501695959,1.6,123,118,2,0,116,117,16332,7,0,0,7,1
2020-09-04,US,Illinois,White,139,0,0,38.08706198,-88.17657461,17193.0,1026.8153948437616,0.0,139,129,0,0,129,128,13665,10,0,0,10,1
2020-09-04,US,Illinois,Whiteside,575,19,0,41.75509713,-89.91556058,17195.0,1042.1386497507926,3.3043478260869565,556,525,19,0,506,524,55626,50,0,0,50,1
2020-09-04,US,Illinois,Will,12047,361,0,41.44619267,-87.97862712,17197.0,1744.064000648577,2.9965966630696435,11686,11737,360,0,11377,11676,692310,310,1,0,309,61
2020-09-04,US,Illinois,Williamson,1017,16,0,37.73033511,-88.92994027,17199.0,1527.0958151268076,1.5732546705998034,1001,965,14,0,951,960,67056,52,2,0,50,5
2020-09-04,US,Illinois,Winnebago,4422,147,0,42.33641854,-89.16085327,17201.0,1564.9108899678665,3.3242876526458622,4275,4342,147,0,4195,4326,284081,80,0,0,80,16
2020-09-04,US,Illinois,Woodford,302,3,0,40.78579374,-89.20973757,17203.0,785.2518266205569,0.9933774834437086,299,293,3,0,290,288,38463,9,0,0,9,5
2020-09-04,US,Indiana,Adams,192,3,0,40.7457653,-84.93671406,18001.0,536.6576292031193,1.5625,189,192,2,0,190,190,35636,0,1,0,-1,2
2020-09-04,US,Indiana,Allen,5185,182,0,41.09194313,-85.06800636,18003.0,1366.9954310451649,3.510125361620058,5003,5127,179,0,4948,5062,375351,58,3,0,55,65
2020-09-04,US,Indiana,Bartholomew,1080,54,0,39.20744865,-85.89558181,18005.0,1289.1058618508216,5.0,1026,1077,54,0,1023,1074,82753,3,0,0,3,3
2020-09-04,US,Indiana,Benton,84,0,0,40.60626947,-87.31093999,18007.0,960.2194787379973,0.0,84,84,0,0,84,81,8653,0,0,0,0,3
2020-09-04,US,Indiana,Blackford,78,2,0,40.47388153,-85.32499702,18009.0,663.378125531553,2.5641025641025643,76,76,2,0,74,74,11930,2,0,0,2,2
2020-09-04,US,Indiana,Boone,873,46,0,40.0509304,-86.46841646,18011.0,1286.7945108559468,5.2691867124856815,827,867,46,0,821,860,66999,6,0,0,6,7
2020-09-04,US,Indiana,Brown,91,2,0,39.19605589,-86.22868909,18013.0,602.9684601113172,2.1978021978021984,89,90,2,0,88,90,15234,1,0,0,1,0
2020-09-04,US,Indiana,Carroll,259,13,0,40.580783200000006,-86.56198812,18015.0,1278.570370736042,5.019305019305019,246,258,13,0,245,258,20127,1,0,0,1,0
2020-09-04,US,Indiana,Cass,1885,9,0,40.76135835,-86.34830753,18017.0,5001.45931173552,0.4774535809018568,1876,1879,9,0,1870,1876,37955,6,0,0,6,3
2020-09-04,US,Indiana,Clark,1833,53,0,38.48015445,-85.70510334,18019.0,1549.4243546178425,2.8914348063284234,1780,1816,53,0,1763,1785,117360,17,0,0,17,31
2020-09-04,US,Indiana,Clay,246,5,0,39.39561833,-87.11723506,18021.0,938.0362249761678,2.0325203252032518,241,245,5,0,240,241,26170,1,0,0,1,4
2020-09-04,US,Indiana,Clinton,563,11,0,40.30319754,-86.47277257,18023.0,1737.7079539491958,1.9538188277087036,552,561,11,0,550,555,32250,2,0,0,2,6
2020-09-04,US,Indiana,Crawford,71,0,0,38.28814402,-86.44518825,18025.0,671.2678453247613,0.0,71,69,0,0,69,67,10558,2,0,0,2,2
2020-09-04,US,Indiana,Daviess,529,24,0,38.70186039,-87.07185406,18027.0,1586.1593355521572,4.536862003780718,505,521,24,0,497,510,33147,8,0,0,8,11
2020-09-04,US,Indiana,DeKalb,360,7,0,41.39804622,-84.99906934,18033.0,828.0621046578493,1.9444444444444444,353,357,7,0,350,349,43226,3,0,0,3,8
2020-09-04,US,Indiana,Dearborn,583,28,0,39.14647946,-84.97333539,18029.0,1178.7779530106352,4.802744425385935,555,579,28,0,551,577,49568,4,0,0,4,2
2020-09-04,US,Indiana,Decatur,421,35,0,39.30712658,-85.50087166,18031.0,1585.150043299823,8.31353919239905,386,417,35,0,382,411,26794,4,0,0,4,6
2020-09-04,US,Indiana,Delaware,1450,57,0,40.22787247,-85.39732772,18035.0,1270.425373461252,3.931034482758621,1393,1344,57,0,1287,1268,114772,106,0,0,106,76
2020-09-04,US,Indiana,Dubois,863,17,0,38.36597551,-86.87924170000002,18037.0,2019.3747660052413,1.969872537659328,846,858,17,0,841,854,42565,5,0,0,5,4
2020-09-04,US,Indiana,Elkhart,5747,99,0,41.59761169,-85.85875695,18039.0,2785.1953804624377,1.7226378980337569,5648,5702,98,0,5604,5631,205560,45,1,0,44,71
2020-09-04,US,Indiana,Fayette,349,10,0,39.63684962,-85.17797541,18041.0,1510.6917150030301,2.8653295128939833,339,343,10,0,333,337,23047,6,0,0,6,6
2020-09-04,US,Indiana,Floyd,1111,57,0,38.32117957,-85.90385377,18043.0,1414.89009449581,5.1305130513051305,1054,1099,57,0,1042,1087,77781,12,0,0,12,12
2020-09-04,US,Indiana,Fountain,100,2,0,40.12361933,-87.24217689,18045.0,611.7704637220115,2.0,98,98,2,0,96,98,16351,2,0,0,2,0
2020-09-04,US,Indiana,Franklin,279,25,0,39.4142482,-85.06062647,18047.0,1225.9425257052465,8.960573476702507,254,279,25,0,254,276,22736,0,0,0,0,3
2020-09-04,US,Indiana,Fulton,208,2,0,41.0469907,-86.26252745,18049.0,1041.3537598878543,0.9615384615384616,206,208,2,0,206,207,20092,0,0,0,0,1
2020-09-04,US,Indiana,Gibson,336,4,0,38.30393723,-87.58054938,18051.0,998.2471255830536,1.1904761904761905,332,333,4,0,329,325,33452,3,0,0,3,8
2020-09-04,US,Indiana,Grant,713,31,0,40.51587228,-85.65468702,18053.0,1084.0973711018871,4.3478260869565215,682,699,31,0,668,684,65936,14,0,0,14,15
2020-09-04,US,Indiana,Greene,374,35,0,39.03630547,-86.96223202,18055.0,1171.6057891109579,9.358288770053477,339,372,35,0,337,373,32006,2,0,0,2,-1
2020-09-04,US,Indiana,Hamilton,4101,107,0,40.07306535,-86.05244729,18057.0,1213.2741242148925,2.6091197268958792,3994,4056,107,0,3949,3998,330086,45,0,0,45,58
2020-09-04,US,Indiana,Hancock,836,41,0,39.82304555,-85.77566351,18059.0,1069.4913519598813,4.904306220095694,795,828,41,0,787,824,76351,8,0,0,8,4
2020-09-04,US,Indiana,Harrison,503,24,0,38.19467379,-86.10948271,18061.0,1241.5154880908306,4.7713717693836974,479,498,24,0,474,493,40350,5,0,0,5,5
2020-09-04,US,Indiana,Hendricks,2413,113,0,39.76719009,-86.51037283,18063.0,1416.819817862616,4.682967260671363,2300,2391,113,0,2278,2372,167009,22,0,0,22,19
2020-09-04,US,Indiana,Henry,639,22,0,39.93029017,-85.39625719,18065.0,1332.0270157591929,3.442879499217528,617,632,22,0,610,625,48271,7,0,0,7,7
2020-09-04,US,Indiana,Howard,1131,62,0,40.48527731,-86.11351892,18067.0,1370.178329133553,5.4818744473916885,1069,1116,62,0,1054,1093,82366,15,0,0,15,23
2020-09-04,US,Indiana,Huntington,176,3,0,40.82907273,-85.48822092,18069.0,481.92771084337346,1.7045454545454546,173,174,3,0,171,170,36240,2,0,0,2,4
2020-09-04,US,Indiana,Jackson,713,9,0,38.90915820000001,-86.03851889,18071.0,1611.9915896090977,1.262272089761571,704,711,9,0,702,705,44111,2,0,0,2,6
2020-09-04,US,Indiana,Jasper,336,2,0,41.02078733,-87.11553319,18073.0,1001.1322328824266,0.5952380952380952,334,332,2,0,330,328,33370,4,0,0,4,4
2020-09-04,US,Indiana,Jay,138,0,0,40.43781032,-85.00576229,18075.0,675.2789195537288,0.0,138,135,0,0,135,130,20764,3,0,0,3,5
2020-09-04,US,Indiana,Jefferson,217,3,0,38.78576239,-85.43633383,18077.0,671.6602699021914,1.3824884792626728,214,212,3,0,209,211,32208,5,0,0,5,1
2020-09-04,US,Indiana,Jennings,281,12,0,38.99588883,-85.62710784,18079.0,1013.1602668108889,4.270462633451957,269,280,12,0,268,276,27611,1,0,0,1,4
2020-09-04,US,Indiana,Johnson,2065,122,0,39.48994426,-86.10149107,18081.0,1305.5820746426245,5.907990314769976,1943,2059,121,0,1938,2052,156225,6,1,0,5,7
2020-09-04,US,Indiana,Knox,370,6,0,38.68861576,-87.4194665,18083.0,1011.094714980598,1.6216216216216215,364,362,4,0,358,352,36895,8,2,0,6,10
2020-09-04,US,Indiana,Kosciusko,1071,17,0,41.24521668,-85.86312322,18085.0,1347.9158276278695,1.5873015873015872,1054,1058,17,0,1041,1035,79344,13,0,0,13,23
2020-09-04,US,Indiana,LaGrange,612,11,0,41.64232188,-85.42674232,18087.0,1544.9083657292874,1.7973856209150327,601,612,11,0,601,603,39330,0,0,0,0,9
2020-09-04,US,Indiana,LaPorte,1212,35,0,41.54366008,-86.74072188,18091.0,1102.9411764705883,2.8877887788778884,1177,1204,31,0,1173,1194,110007,8,4,0,4,10
2020-09-04,US,Indiana,Lake,9346,298,0,41.41874274,-87.38277575,18089.0,1925.0535023162024,3.1885298523432484,9048,9275,298,0,8977,9206,484411,71,0,0,71,69
2020-09-04,US,Indiana,Lawrence,469,27,0,38.84112637,-86.48361629,18093.0,1033.722724267137,5.756929637526653,442,467,27,0,440,464,45668,2,0,0,2,3
2020-09-04,US,Indiana,Madison,1374,74,0,40.16143691,-85.71964711,18095.0,1060.438839537235,5.385735080058224,1300,1359,74,0,1285,1337,129641,15,0,0,15,22
2020-09-04,US,Indiana,Marion,18956,750,0,39.78163624,-86.13826325,18097.0,1965.2035804109967,3.956530913694873,18206,18837,749,0,18088,18721,954670,119,1,0,118,116
2020-09-04,US,Indiana,Marshall,916,23,0,41.32467367,-86.26185087,18099.0,1980.1980198019805,2.510917030567686,893,910,23,0,887,901,46248,6,0,0,6,9
2020-09-04,US,Indiana,Martin,124,0,0,38.7099921,-86.80373186,18101.0,1209.1662603607995,0.0,124,120,0,0,120,117,10217,4,0,0,4,3
2020-09-04,US,Indiana,Miami,340,2,0,40.76940965,-86.04525048,18103.0,957.315012951909,0.5882352941176471,338,338,2,0,336,329,35567,2,0,0,2,9
2020-09-04,US,Indiana,Monroe,1303,36,0,39.16130004,-86.52414358,18105.0,877.8489668600224,2.7628549501151194,1267,1273,36,0,1237,1235,146917,30,0,0,30,38
2020-09-04,US,Indiana,Montgomery,455,21,0,40.04034823,-86.89335024,18107.0,1186.812040273358,4.615384615384615,434,452,21,0,431,446,38346,3,0,0,3,6
2020-09-04,US,Indiana,Morgan,609,35,0,39.47899078,-86.44573375,18109.0,863.9645902197508,5.747126436781608,574,602,35,0,567,599,70116,7,0,0,7,3
2020-09-04,US,Indiana,Newton,149,10,0,40.95610449,-87.39635768,18111.0,1065.5034324942792,6.711409395973154,139,147,10,0,137,146,14011,2,0,0,2,1
2020-09-04,US,Indiana,Noble,825,31,0,41.39672484,-85.41966713,18113.0,1727.96581769437,3.7575757575757582,794,821,31,0,790,810,47532,4,0,0,4,11
2020-09-04,US,Indiana,Ohio,74,7,0,38.955304999999996,-84.96515993,18115.0,1259.5744680851064,9.459459459459461,67,74,7,0,67,74,5844,0,0,0,0,0
2020-09-04,US,Indiana,Orange,252,24,0,38.54118920000001,-86.49523093,18117.0,1282.7038582917642,9.523809523809524,228,247,24,0,223,242,19489,5,0,0,5,5
2020-09-04,US,Indiana,Owen,154,1,0,39.31145587,-86.83900724,18119.0,740.4202125102169,0.6493506493506493,153,153,1,0,152,150,20845,1,0,0,1,3
2020-09-04,US,Indiana,Parke,81,2,0,39.77202286,-87.20375833,18121.0,478.2429001594143,2.469135802469136,79,80,2,0,78,80,16927,1,0,0,1,0
2020-09-04,US,Indiana,Perry,197,14,0,38.07809328,-86.63741946,18123.0,1027.7009755334134,7.1065989847715745,183,197,14,0,183,196,19102,0,0,0,0,1
2020-09-04,US,Indiana,Pike,110,1,0,38.40112197,-87.23574907,18125.0,887.8844135927033,0.9090909090909092,109,109,1,0,108,106,12410,1,0,0,1,3
2020-09-04,US,Indiana,Porter,1794,42,0,41.45986947,-87.06848888,18127.0,1052.8848693284192,2.34113712374582,1752,1770,41,0,1729,1745,169594,24,1,0,23,25
2020-09-04,US,Indiana,Posey,225,1,0,38.02097333,-87.86480429,18129.0,884.8861446493885,0.4444444444444444,224,223,0,0,223,220,25540,2,1,0,1,3
2020-09-04,US,Indiana,Pulaski,103,1,0,41.04166107,-86.69890683,18131.0,833.805553306889,0.9708737864077671,102,103,1,0,102,100,12469,0,0,0,0,3
2020-09-04,US,Indiana,Putnam,448,8,0,39.66437981,-86.84517605,18133.0,1192.2503725782415,1.7857142857142858,440,438,8,0,430,436,37779,10,0,0,10,2
2020-09-04,US,Indiana,Randolph,182,7,0,40.15734772,-85.01139319,18135.0,737.8876951145347,3.8461538461538463,175,182,7,0,175,174,24851,0,0,0,0,8
2020-09-04,US,Indiana,Ripley,252,8,0,39.10235626,-85.26212744,18137.0,889.7048439485948,3.1746031746031744,244,248,8,0,240,246,28523,4,0,0,4,2
2020-09-04,US,Indiana,Rush,135,4,0,39.62002287,-85.4655599,18139.0,814.1849104396597,2.962962962962963,131,135,4,0,131,134,16663,0,0,0,0,1
2020-09-04,US,Indiana,Scott,320,10,0,38.68672078,-85.74627859,18143.0,1340.4264231558666,3.125,310,319,10,0,309,318,23878,1,0,0,1,1
2020-09-04,US,Indiana,Shelby,630,28,0,39.52305623,-85.79158570000001,18145.0,1408.4821927608484,4.4444444444444455,602,629,28,0,601,625,44593,1,0,0,1,4
2020-09-04,US,Indiana,Spencer,168,3,0,38.01519732,-87.0079644,18147.0,828.5249297233319,1.7857142857142858,165,165,3,0,162,161,20327,3,0,0,3,4
2020-09-04,US,Indiana,St. Joseph,5337,94,0,41.61756781,-86.29040834,18141.0,1963.3883440141856,1.7612891137343076,5243,5293,94,0,5199,5216,270771,44,0,0,44,77
2020-09-04,US,Indiana,Starke,215,7,0,41.27890281,-86.64686895,18149.0,934.9858664927158,3.255813953488372,208,214,7,0,207,213,22935,1,0,0,1,1
2020-09-04,US,Indiana,Steuben,301,5,0,41.64423868,-85.00101094,18151.0,870.0930797248077,1.6611295681063123,296,296,5,0,291,290,34586,5,0,0,5,6
2020-09-04,US,Indiana,Sullivan,301,9,0,39.08952258,-87.41414469,18153.0,1456.2871933813926,2.990033222591362,292,298,9,0,289,296,20690,3,0,0,3,2
2020-09-04,US,Indiana,Switzerland,64,0,0,38.82767338,-85.03022429,18155.0,595.2934610733885,0.0,64,64,0,0,64,64,10717,0,0,0,0,0
2020-09-04,US,Indiana,Tippecanoe,1690,13,0,40.38872739,-86.89413959,18157.0,863.425500173707,0.7692307692307693,1677,1634,13,0,1621,1618,193048,56,0,0,56,16
2020-09-04,US,Indiana,Tipton,197,21,0,40.31123252,-86.05234925,18159.0,1300.5017163982045,10.659898477157359,176,191,21,0,170,190,15128,6,0,0,6,1
2020-09-04,US,Indiana,Unassigned,0,223,0,0.0,0.0,90018.0,0.0,0.0,-223,0,222,0,-222,0,,0,1,0,-1,0
2020-09-04,US,Indiana,Union,65,0,0,39.62550777,-84.92497066,18161.0,921.462999716473,0.0,65,65,0,0,65,65,7037,0,0,0,0,0
2020-09-04,US,Indiana,Vanderburgh,2687,21,0,38.02658833,-87.58763124,18163.0,1480.8405575058832,0.7815407517677707,2666,2649,19,0,2630,2621,180974,38,2,0,36,28
2020-09-04,US,Indiana,Vermillion,104,0,0,39.8523352,-87.46160542,18165.0,671.0543295909148,0.0,104,101,0,0,101,96,15479,3,0,0,3,5
2020-09-04,US,Indiana,Vigo,1451,17,0,39.42944561,-87.39169027,18167.0,1355.5933406827482,1.171605789110958,1434,1403,17,0,1386,1383,107386,48,0,0,48,20
2020-09-04,US,Indiana,Wabash,221,6,0,40.84704239,-85.79328272,18169.0,712.9952251903471,2.7149321266968327,215,218,6,0,212,214,31280,3,0,0,3,4
2020-09-04,US,Indiana,Warren,38,1,0,40.34728141,-87.35602659,18171.0,459.7701149425288,2.631578947368421,37,38,1,0,37,38,8263,0,0,0,0,0
2020-09-04,US,Indiana,Warrick,817,31,0,38.08922676,-87.2716085,18173.0,1296.8665671926092,3.79436964504284,786,798,31,0,767,790,62567,19,0,0,19,8
2020-09-04,US,Indiana,Washington,239,1,0,38.60219804,-86.1049363,18175.0,852.4753887858467,0.41841004184100417,238,237,1,0,236,234,27943,2,0,0,2,3
2020-09-04,US,Indiana,Wayne,595,10,0,39.863344399999995,-85.01044989,18177.0,903.1024224394388,1.680672268907563,585,585,10,0,575,569,65936,10,0,0,10,16
2020-09-04,US,Indiana,Wells,217,2,0,40.72934187,-85.22132966,18179.0,766.8928470455188,0.9216589861751152,215,217,2,0,215,214,28206,0,0,0,0,3
2020-09-04,US,Indiana,White,455,13,0,40.74911165,-86.86492015,18181.0,1887.8101402373247,2.8571428571428568,442,451,13,0,438,444,24133,4,0,0,4,7
2020-09-04,US,Indiana,Whitley,222,6,0,41.13863784,-85.50791236,18183.0,653.633258744553,2.702702702702702,216,219,6,0,213,216,34074,3,0,0,3,3
2020-09-04,US,Iowa,Adair,49,1,0,41.33075609,-94.47105874,19001.0,685.1230425055927,2.0408163265306123,48,49,1,0,48,49,7063,0,0,0,0,0
2020-09-04,US,Iowa,Adams,23,0,0,41.02903567,-94.69932645,19003.0,638.5341476957246,0.0,23,23,0,0,23,22,3645,0,0,0,0,1
2020-09-04,US,Iowa,Allamakee,186,5,0,43.28383218,-91.37860922,19005.0,1358.9537517352232,2.6881720430107525,181,185,5,0,180,184,13832,1,0,0,1,1
2020-09-04,US,Iowa,Appanoose,90,3,0,40.74324454,-92.86865906,19007.0,724.2877836793822,3.333333333333333,87,89,3,0,86,87,12437,1,0,0,1,2
2020-09-04,US,Iowa,Audubon,40,1,0,41.6844628,-94.90581859,19009.0,727.802037845706,2.5,39,39,1,0,38,39,5506,1,0,0,1,0
2020-09-04,US,Iowa,Benton,217,1,0,42.08011739,-92.06463573,19011.0,846.1688438292067,0.4608294930875576,216,215,1,0,214,211,25642,2,0,0,2,4
2020-09-04,US,Iowa,Black Hawk,3950,78,0,42.4704581,-92.30524729,19013.0,3010.028347608742,1.9746835443037976,3872,3902,76,0,3826,3843,132408,48,2,0,46,59
2020-09-04,US,Iowa,Boone,362,4,0,42.03657094,-93.9313999,19015.0,1379.888694061142,1.1049723756906078,358,359,4,0,355,350,26346,3,0,0,3,9
2020-09-04,US,Iowa,Bremer,368,7,0,42.77461496,-92.31795937,19017.0,1468.35847099194,1.9021739130434785,361,364,7,0,357,356,24947,4,0,0,4,8
2020-09-04,US,Iowa,Buchanan,184,1,0,42.4709188,-91.83510825,19019.0,868.9492325855963,0.5434782608695652,183,180,1,0,179,176,21199,4,0,0,4,4
2020-09-04,US,Iowa,Buena Vista,1853,12,0,42.73545875,-95.15100162,19021.0,9444.444444444445,0.6475984889368591,1841,1835,12,0,1823,1830,19874,18,0,0,18,5
2020-09-04,US,Iowa,Butler,218,2,0,42.73172833,-92.79015971,19023.0,1509.7998476348776,0.9174311926605504,216,217,2,0,215,213,14539,1,0,0,1,4
2020-09-04,US,Iowa,Calhoun,132,2,0,42.38521079,-94.64046046,19025.0,1365.328920148945,1.5151515151515151,130,131,2,0,129,130,9699,1,0,0,1,1
2020-09-04,US,Iowa,Carroll,459,3,0,42.03617207,-94.86032705,19027.0,2276.221175303744,0.6535947712418301,456,438,3,0,435,429,20154,21,0,0,21,9
2020-09-04,US,Iowa,Cass,118,2,0,41.33149454,-94.92792482,19029.0,919.2894982860704,1.6949152542372878,116,116,2,0,114,112,12930,2,0,0,2,4
2020-09-04,US,Iowa,Cedar,171,1,0,41.77233777,-91.13246684,19031.0,918.0222258012562,0.5847953216374269,170,161,1,0,160,155,18627,10,0,0,10,6
2020-09-04,US,Iowa,Cerro Gordo,869,20,0,43.08177563,-93.2612239,19033.0,2047.1142520612489,2.3014959723820483,849,860,20,0,840,848,42647,9,0,0,9,12
2020-09-04,US,Iowa,Cherokee,146,2,0,42.73538914,-95.62389402,19035.0,1299.5104583889633,1.3698630136986298,144,145,2,0,143,141,11321,1,0,0,1,4
2020-09-04,US,Iowa,Chickasaw,120,0,0,43.06001295,-92.31773347,19037.0,1005.6146819743567,0.0,120,115,0,0,115,112,11964,5,0,0,5,3
2020-09-04,US,Iowa,Clarke,244,3,0,41.02868181,-93.78499767,19039.0,2597.1261309207025,1.2295081967213115,241,244,3,0,241,241,9423,0,0,0,0,3
2020-09-04,US,Iowa,Clay,241,3,0,43.08247182,-95.15096481,19041.0,1504.7452547452551,1.2448132780082988,238,241,3,0,238,238,16134,0,0,0,0,3
2020-09-04,US,Iowa,Clayton,189,3,0,42.84443388,-91.34133693,19043.0,1076.9844435580376,1.5873015873015872,186,186,3,0,183,184,17556,3,0,0,3,2
2020-09-04,US,Iowa,Clinton,906,13,0,41.89981633,-90.53275096,19045.0,1951.3666027698205,1.4348785871964682,893,889,13,0,876,857,46518,17,0,0,17,32
2020-09-04,US,Iowa,Crawford,862,3,0,42.03718237,-95.3819718,19047.0,5124.851367419738,0.3480278422273782,859,855,3,0,852,841,17158,7,0,0,7,14
2020-09-04,US,Iowa,Dallas,2456,38,0,41.68560356,-94.04127625,19049.0,2628.0590243223864,1.5472312703583062,2418,2434,38,0,2396,2397,90180,22,0,0,22,37
2020-09-04,US,Iowa,Davis,89,3,0,40.74773536,-92.41005468,19051.0,988.8888888888887,3.3707865168539324,86,86,3,0,83,86,9017,3,0,0,3,0
2020-09-04,US,Iowa,Decatur,48,0,0,40.73742757,-93.78645949,19053.0,609.9110546378652,0.0,48,48,0,0,48,47,7890,0,0,0,0,1
2020-09-04,US,Iowa,Delaware,249,3,0,42.47104597,-91.3664492,19055.0,1463.7587443418963,1.2048192771084338,246,243,3,0,240,231,17069,6,0,0,6,12
2020-09-04,US,Iowa,Des Moines,605,5,0,40.92012606,-91.18326592,19057.0,1552.595786178048,0.8264462809917356,600,591,5,0,586,581,39138,14,0,0,14,10
2020-09-04,US,Iowa,Dickinson,438,6,0,43.37787725,-95.1510206,19059.0,2537.953412909955,1.3698630136986298,432,434,6,0,428,431,17153,4,0,0,4,3
2020-09-04,US,Iowa,Dubuque,2137,36,0,42.46815349,-90.88181925,19061.0,2196.051833811183,1.6846045858680394,2101,2106,36,0,2070,2064,96854,31,0,0,31,42
2020-09-04,US,Iowa,Emmet,226,8,0,43.37782951,-94.67858943,19063.0,2454.3874891398777,3.5398230088495577,218,225,8,0,217,223,9253,1,0,0,1,2
2020-09-04,US,Iowa,Fayette,153,1,0,42.86271799,-91.84412309999999,19065.0,778.6259541984732,0.6535947712418301,152,150,1,0,149,144,19660,3,0,0,3,6
2020-09-04,US,Iowa,Floyd,230,3,0,43.06000529999999,-92.78940097,19067.0,1470.4002045774198,1.3043478260869563,227,227,3,0,224,220,15761,3,0,0,3,7
2020-09-04,US,Iowa,Franklin,308,17,0,42.73270384,-93.26256925,19069.0,3058.5898709036737,5.51948051948052,291,304,17,0,287,303,10124,4,0,0,4,1
2020-09-04,US,Iowa,Fremont,61,0,0,40.74542720000001,-95.60129045,19071.0,876.4367816091954,0.0,61,61,0,0,61,61,6993,0,0,0,0,0
2020-09-04,US,Iowa,Greene,62,0,0,42.03614551,-94.39658081,19073.0,697.5697569756976,0.0,62,60,0,0,60,58,8981,2,0,0,2,2
2020-09-04,US,Iowa,Grundy,136,1,0,42.40183723,-92.78829551,19075.0,1111.8378024852846,0.7352941176470589,135,135,1,0,134,133,12304,1,0,0,1,2
2020-09-04,US,Iowa,Guthrie,177,5,0,41.68378965,-94.50111014,19077.0,1655.9079427448776,2.824858757062147,172,174,5,0,169,174,10720,3,0,0,3,0
2020-09-04,US,Iowa,Hamilton,290,2,0,42.38382428,-93.70197703,19079.0,1963.040682325865,0.6896551724137931,288,287,2,0,285,286,14952,3,0,0,3,1
2020-09-04,US,Iowa,Hancock,160,2,0,43.08178477,-93.73454884,19081.0,1505.1740357478836,1.25,158,160,2,0,158,158,10712,0,0,0,0,2
2020-09-04,US,Iowa,Hardin,245,1,0,42.38353877,-93.23654611,19083.0,1454.3511812893269,0.4081632653061225,244,242,1,0,241,232,16868,3,0,0,3,10
2020-09-04,US,Iowa,Harrison,153,2,0,41.68330137,-95.81558439,19085.0,1089.0454836643178,1.30718954248366,151,151,2,0,149,150,14134,2,0,0,2,1
2020-09-04,US,Iowa,Henry,371,4,0,40.98767962,-91.54436349,19087.0,1859.2763355718155,1.0781671159029649,367,306,4,0,302,296,20067,65,0,0,65,10
2020-09-04,US,Iowa,Howard,144,3,0,43.35671042,-92.31702714,19089.0,1572.39571958943,2.083333333333333,141,142,3,0,139,137,9187,2,0,0,2,5
2020-09-04,US,Iowa,Humboldt,153,2,0,42.7764426,-94.20722537,19091.0,1600.7532956685502,1.30718954248366,151,153,2,0,151,152,9547,0,0,0,0,1
2020-09-04,US,Iowa,Ida,48,0,0,42.38696136,-95.51355387,19093.0,699.7084548104956,0.0,48,47,0,0,47,45,6841,1,0,0,1,2
2020-09-04,US,Iowa,Iowa,121,1,0,41.68630265,-92.0643373,19095.0,747.6520019772615,0.8264462809917356,120,121,1,0,120,116,16141,0,0,0,0,5
2020-09-04,US,Iowa,Jackson,229,2,0,42.17178824,-90.57354837,19097.0,1178.0441380729462,0.8733624454148472,227,221,1,0,220,219,19432,8,1,0,7,2
2020-09-04,US,Iowa,Jasper,609,30,0,41.68576082,-93.05567785,19099.0,1637.7571601452198,4.9261083743842375,579,602,30,0,572,592,37147,7,0,0,7,10
2020-09-04,US,Iowa,Jefferson,121,1,0,41.03192394,-91.94849466,19101.0,661.38289150041,0.8264462809917356,120,120,0,0,120,120,18381,1,1,0,0,0
2020-09-04,US,Iowa,Johnson,4419,26,0,41.67169354,-91.58754744,19103.0,2923.779277491068,0.5883684091423399,4393,4302,26,0,4276,4164,151260,117,0,0,117,138
2020-09-04,US,Iowa,Jones,185,2,0,42.12118609,-91.13139641,19105.0,894.5408829360283,1.0810810810810811,183,176,2,0,174,176,20744,9,0,0,9,0
2020-09-04,US,Iowa,Keokuk,70,1,0,41.33649833,-92.1785067,19107.0,683.1934413429631,1.4285714285714286,69,70,1,0,69,69,10225,0,0,0,0,1
2020-09-04,US,Iowa,Kossuth,124,0,0,43.20405458,-94.20691791,19109.0,837.1025450617701,0.0,124,123,0,0,123,122,14908,1,0,0,1,1
2020-09-04,US,Iowa,Lee,474,6,0,40.64181461,-91.48183025,19111.0,1408.3251626704694,1.2658227848101269,468,460,6,0,454,447,34055,14,0,0,14,13
2020-09-04,US,Iowa,Linn,3114,94,0,42.07923082,-91.59809485,19113.0,1373.5851719848615,3.0186255619781632,3020,3056,94,0,2962,3018,225909,58,0,0,58,38
2020-09-04,US,Iowa,Louisa,399,14,0,41.21842119,-91.26102611,19115.0,3615.76801087449,3.5087719298245608,385,399,14,0,385,396,11169,0,0,0,0,3
2020-09-04,US,Iowa,Lucas,98,5,0,41.02958964,-93.32780803,19117.0,1139.5348837209306,5.1020408163265305,93,97,5,0,92,97,8645,1,0,0,1,0
2020-09-04,US,Iowa,Lyon,162,2,0,43.38107862,-96.20926845,19119.0,1378.1369629944704,1.2345679012345678,160,160,2,0,158,152,11811,2,0,0,2,8
2020-09-04,US,Iowa,Madison,171,2,0,41.33081904,-94.01554631,19121.0,1046.639735585751,1.1695906432748535,169,167,2,0,165,167,16249,4,0,0,4,0
2020-09-04,US,Iowa,Mahaska,248,18,0,41.33521503,-92.64083907,19123.0,1122.4258882100025,7.258064516129032,230,238,18,0,220,230,22000,10,0,0,10,8
2020-09-04,US,Iowa,Marion,560,2,0,41.33445101,-93.09934783,19125.0,1684.0585811806454,0.35714285714285715,558,540,2,0,538,511,33407,20,0,0,20,29
2020-09-04,US,Iowa,Marshall,1695,32,0,42.03586837,-92.99908190000001,19127.0,4305.417968452336,1.8879056047197642,1663,1685,32,0,1653,1667,39981,10,0,0,10,18
2020-09-04,US,Iowa,Mills,136,1,0,41.03299766,-95.61920963,19129.0,900.1257528625322,0.7352941176470589,135,135,1,0,134,132,15063,1,0,0,1,3
2020-09-04,US,Iowa,Mitchell,129,0,0,43.35638371,-92.78887719,19131.0,1218.5905913470622,0.0,129,125,0,0,125,114,10569,4,0,0,4,11
2020-09-04,US,Iowa,Monona,108,1,0,42.05220391,-95.95743843,19133.0,1253.627394080093,0.925925925925926,107,108,1,0,107,107,8679,0,0,0,0,1
2020-09-04,US,Iowa,Monroe,119,8,0,41.02988815,-92.8690667,19135.0,1544.0508628519528,6.722689075630252,111,118,8,0,110,114,7790,1,0,0,1,4
2020-09-04,US,Iowa,Montgomery,84,5,0,41.03018714,-95.15642896,19137.0,847.0303519209439,5.9523809523809526,79,80,5,0,75,82,10003,4,0,0,4,-2
2020-09-04,US,Iowa,Muscatine,990,52,0,41.48370744,-91.11216970000001,19139.0,2320.457528595537,5.252525252525253,938,983,52,0,931,976,42929,7,0,0,7,7
2020-09-04,US,Iowa,O'Brien,222,8,0,43.08310673,-95.62474482,19141.0,1614.1932669235807,3.603603603603604,214,213,8,0,205,204,13840,9,0,0,9,9
2020-09-04,US,Iowa,Osceola,99,0,0,43.37824276,-95.62422844,19143.0,1661.631419939577,0.0,99,99,0,0,99,99,6040,0,0,0,0,0
2020-09-04,US,Iowa,Page,122,0,0,40.7393172,-95.1497813,19145.0,807.57264844112,0.0,122,114,0,0,114,114,15249,8,0,0,8,0
2020-09-04,US,Iowa,Palo Alto,122,0,0,43.08193849,-94.67824621,19147.0,1372.9462075174429,0.0,122,119,0,0,119,119,8929,3,0,0,3,0
2020-09-04,US,Iowa,Plymouth,826,18,0,42.737633,-96.21366621,19149.0,3280.7721332962624,2.179176755447942,808,798,18,0,780,772,25095,28,0,0,28,26
2020-09-04,US,Iowa,Pocahontas,136,2,0,42.73420133,-94.67862564,19151.0,2054.6910409427405,1.4705882352941178,134,133,2,0,131,131,6740,3,0,0,3,2
2020-09-04,US,Iowa,Polk,13856,240,0,41.68679484,-93.57767461,19153.0,2826.8262876891467,1.7321016166281755,13616,13733,227,0,13506,13547,487204,123,13,0,110,186
2020-09-04,US,Iowa,Pottawattamie,1700,34,0,41.33640314,-95.53907776,19155.0,1823.9169152200504,2.0,1666,1684,34,0,1650,1666,93533,16,0,0,16,18
2020-09-04,US,Iowa,Poweshiek,196,8,0,41.68625425,-92.53155731,19157.0,1059.2304366623432,4.081632653061225,188,187,8,0,179,185,18699,9,0,0,9,2
2020-09-04,US,Iowa,Ringgold,33,1,0,40.73518949,-94.24368535,19159.0,674.2950551695955,3.0303030303030303,32,31,1,0,30,31,4968,2,0,0,2,0
2020-09-04,US,Iowa,Sac,123,0,0,42.38624071,-95.10547892,19161.0,1265.3019236704042,0.0,123,123,0,0,123,121,9719,0,0,0,0,2
2020-09-04,US,Iowa,Scott,2334,22,0,41.63935978,-90.61959493,19163.0,1349.5776064946253,0.9425878320479862,2312,2300,21,0,2279,2259,173283,34,1,0,33,41
2020-09-04,US,Iowa,Shelby,222,1,0,41.6850066,-95.31015553,19165.0,1938.1875327396544,0.4504504504504505,221,220,1,0,219,219,11578,2,0,0,2,1
2020-09-04,US,Iowa,Sioux,953,3,0,43.08221074,-96.17675679999999,19167.0,2734.1844785540093,0.3147953830010493,950,937,3,0,934,917,34909,16,0,0,16,20
2020-09-04,US,Iowa,Story,2817,16,0,42.03621213,-93.46499005,19169.0,2900.625019306609,0.5679801206957756,2801,2733,16,0,2717,2584,98105,84,0,0,84,149
2020-09-04,US,Iowa,Tama,645,29,0,42.07991767,-92.53266945,19171.0,3826.984692061232,4.496124031007752,616,645,29,0,616,629,16904,0,0,0,0,16
2020-09-04,US,Iowa,Taylor,114,1,0,40.73710579,-94.69778563,19173.0,1862.4407776507107,0.8771929824561403,113,114,1,0,113,113,6191,0,0,0,0,1
2020-09-04,US,Iowa,Unassigned,29,0,0,0.0,0.0,90019.0,0.0,0.0,29,21,0,0,21,8,,8,0,0,8,13
2020-09-04,US,Iowa,Union,93,3,0,41.0277278,-94.24234847,19175.0,759.7418511559513,3.2258064516129035,90,92,3,0,89,92,12359,1,0,0,1,0
2020-09-04,US,Iowa,Van Buren,106,1,0,40.75326764,-91.95017958,19177.0,1504.8268029528674,0.9433962264150944,105,106,1,0,105,103,7020,0,0,0,0,3
2020-09-04,US,Iowa,Wapello,1115,54,0,41.03064984,-92.40954728,19179.0,3188.5384197432013,4.84304932735426,1061,1105,51,0,1054,1095,35205,10,3,0,7,10
2020-09-04,US,Iowa,Warren,824,5,0,41.33559454,-93.56007641,19181.0,1601.057008510473,0.6067961165048543,819,810,6,0,804,792,51056,14,-1,0,15,18
2020-09-04,US,Iowa,Washington,358,11,0,41.33577126,-91.71725711,19183.0,1629.8656954245391,3.0726256983240225,347,352,11,0,341,349,22141,6,0,0,6,3
2020-09-04,US,Iowa,Wayne,60,2,0,40.73969028,-93.32752197,19185.0,931.5323707498836,3.333333333333333,58,58,2,0,56,54,6401,2,0,0,2,4
2020-09-04,US,Iowa,Webster,1066,11,0,42.42853483,-94.17987389,19187.0,2969.0285204991087,1.0318949343339587,1055,1054,9,0,1045,1048,36277,12,2,0,10,6
2020-09-04,US,Iowa,Winnebago,167,10,0,43.37751174,-93.73407298,19189.0,1612.9032258064515,5.9880239520958085,157,167,10,0,157,166,10518,0,0,0,0,1
2020-09-04,US,Iowa,Winneshiek,235,4,0,43.29094334,-91.84422722,19191.0,1175.5289880446198,1.702127659574468,231,229,4,0,225,224,20029,6,0,0,6,5
2020-09-04,US,Iowa,Woodbury,4264,56,0,42.38979414,-96.0459439,19193.0,4135.509713210548,1.3133208255159474,4208,4220,56,0,4164,4177,102539,44,0,0,44,43
2020-09-04,US,Iowa,Worth,83,0,0,43.37750768,-93.26087602,19195.0,1124.5088741362958,0.0,83,82,0,0,82,80,7453,1,0,0,1,2
2020-09-04,US,Iowa,Wright,523,1,0,42.73305373,-93.73515113,19197.0,4163.3497850660715,0.19120458891013384,522,522,1,0,521,520,12690,1,0,0,1,2
2020-09-04,US,Kansas,Allen,24,0,0,37.88582951,-95.30030847,20001.0,194.03347077370842,0.0,24,25,0,0,25,25,12444,-1,0,0,-1,0
2020-09-04,US,Kansas,Anderson,43,0,0,38.21413251,-95.29272815,20003.0,547.2130313056757,0.0,43,39,0,0,39,39,7878,4,0,0,4,0
2020-09-04,US,Kansas,Atchison,219,1,0,39.53185661,-95.30870026,20005.0,1362.5334411746408,0.45662100456620996,218,219,1,0,218,219,16193,0,0,0,0,0
2020-09-04,US,Kansas,Barber,4,0,0,37.2288586,-98.68460053,20007.0,90.35464196973119,0.0,4,5,0,0,5,5,4472,-1,0,0,-1,0
2020-09-04,US,Kansas,Barton,317,5,0,38.47889676,-98.75636726,20009.0,1229.6830753714266,1.5772870662460567,312,306,5,0,301,306,26111,11,0,0,11,0
2020-09-04,US,Kansas,Bourbon,94,2,0,37.85508555,-94.84865997,20011.0,646.7593229668364,2.127659574468085,92,85,2,0,83,85,14653,9,0,0,9,0
2020-09-04,US,Kansas,Brown,77,3,0,39.82652589,-95.56421698,20013.0,805.1024675867837,3.8961038961038965,74,77,3,0,74,77,9598,0,0,0,0,0
2020-09-04,US,Kansas,Butler,431,2,0,37.78134351,-96.83878537,20015.0,644.139229723065,0.4640371229698376,429,422,2,0,420,419,66765,9,0,0,9,3
2020-09-04,US,Kansas,Chase,76,1,0,38.30292938,-96.59563862,20017.0,2870.0906344410882,1.3157894736842106,75,76,1,0,75,76,2629,0,0,0,0,0
2020-09-04,US,Kansas,Chautauqua,9,0,0,37.14994405,-96.2454192,20019.0,276.9230769230769,0.0,9,9,0,0,9,9,3309,0,0,0,0,0
2020-09-04,US,Kansas,Cherokee,290,1,0,37.16928494,-94.8462897,20021.0,1454.436029891168,0.3448275862068966,289,290,1,0,289,260,20015,0,0,0,0,30
2020-09-04,US,Kansas,Cheyenne,8,0,0,39.78580976,-101.7318201,20023.0,301.09145652992095,0.0,8,8,0,0,8,8,2660,0,0,0,0,0
2020-09-04,US,Kansas,Clark,46,1,0,37.23577007,-99.81883015,20025.0,2306.9207622868607,2.1739130434782608,45,46,1,0,45,46,2005,0,0,0,0,0
2020-09-04,US,Kansas,Clay,40,2,0,39.34948772,-97.16518128,20027.0,499.8750312421894,5.0,38,40,2,0,38,40,7997,0,0,0,0,0
2020-09-04,US,Kansas,Cloud,61,0,0,39.48028352,-97.64925343,20029.0,694.2863646710676,0.0,61,60,0,0,60,60,8729,1,0,0,1,0
2020-09-04,US,Kansas,Coffey,90,8,0,38.2365018,-95.73379515,20031.0,1100.3790194400294,8.888888888888891,82,88,8,0,80,88,8233,2,0,0,2,0
2020-09-04,US,Kansas,Comanche,9,0,0,37.19114520000001,-99.27113247,20033.0,529.4117647058823,0.0,9,9,0,0,9,9,1748,0,0,0,0,0
2020-09-04,US,Kansas,Cowley,270,3,0,37.23781842,-96.83776647,20035.0,773.4616706772085,1.1111111111111112,267,266,3,0,263,266,35218,4,0,0,4,0
2020-09-04,US,Kansas,Crawford,769,4,0,37.50675523,-94.85245778,20037.0,1981.039723839456,0.5201560468140443,765,689,3,0,686,689,39019,80,1,0,79,0
2020-09-04,US,Kansas,Decatur,7,0,0,39.78468441,-100.45940809999999,20039.0,247.61230986911917,0.0,7,8,0,0,8,8,2871,-1,0,0,-1,0
2020-09-04,US,Kansas,Dickinson,84,1,0,38.86600962,-97.15532383,20041.0,454.8900682335103,1.1904761904761905,83,84,1,0,83,84,18717,0,0,0,0,0
2020-09-04,US,Kansas,Doniphan,78,0,0,39.79067154,-95.14056866,20043.0,1026.3157894736842,0.0,78,78,0,0,78,73,7682,0,0,0,0,5
2020-09-04,US,Kansas,Douglas,1569,9,0,38.88503636,-95.2925121,20045.0,1283.3411037224253,0.5736137667304015,1560,1511,9,0,1502,1476,121436,58,0,0,58,35
2020-09-04,US,Kansas,Edwards,31,0,0,37.88735543,-99.31263309,20047.0,1107.9342387419586,0.0,31,25,0,0,25,25,2849,6,0,0,6,0
2020-09-04,US,Kansas,Elk,1,0,0,37.45338105,-96.24369667,20049.0,39.52569169960474,0.0,1,1,0,0,1,1,2508,0,0,0,0,0
2020-09-04,US,Kansas,Ellis,534,1,0,38.91458712,-99.31751551,20051.0,1870.206283052569,0.18726591760299627,533,467,1,0,466,467,28710,67,0,0,67,0
2020-09-04,US,Kansas,Ellsworth,25,0,0,38.69677695,-98.20462799,20053.0,409.70173713536553,0.0,25,25,0,0,25,25,6196,0,0,0,0,0
2020-09-04,US,Kansas,Finney,1910,12,0,38.04340344,-100.73819379999999,20055.0,5237.61208764088,0.6282722513089005,1898,1904,12,0,1892,1901,36611,6,0,0,6,3
2020-09-04,US,Kansas,Ford,2388,10,0,37.69200114,-99.88825298,20057.0,7103.126208394063,0.4187604690117253,2378,2367,10,0,2357,2367,33888,21,0,0,21,0
2020-09-04,US,Kansas,Franklin,269,3,0,38.56443815,-95.28644341,20059.0,1053.0848731600377,1.1152416356877324,266,265,3,0,262,265,25631,4,0,0,4,0
2020-09-04,US,Kansas,Geary,239,2,0,38.99871131,-96.7577178,20061.0,754.6574044837386,0.8368200836820083,237,234,2,0,232,228,32594,5,0,0,5,6
2020-09-04,US,Kansas,Gove,17,0,0,38.91588178,-100.4829321,20063.0,644.9165402124431,0.0,17,11,0,0,11,11,2612,6,0,0,6,0
2020-09-04,US,Kansas,Graham,25,0,0,39.34987223,-99.88332493,20065.0,1007.252215954875,0.0,25,25,0,0,25,25,2492,0,0,0,0,0
2020-09-04,US,Kansas,Grant,166,3,0,37.56227336,-101.3079758,20067.0,2321.678321678321,1.8072289156626504,163,163,3,0,160,160,7336,3,0,0,3,3
2020-09-04,US,Kansas,Gray,113,0,0,37.73836671,-100.4369088,20069.0,1887.1075484301932,0.0,113,113,0,0,113,113,6033,0,0,0,0,0
2020-09-04,US,Kansas,Greeley,4,0,0,38.4808095,-101.8061079,20071.0,324.67532467532465,0.0,4,5,0,0,5,5,1227,-1,0,0,-1,0
2020-09-04,US,Kansas,Greenwood,30,0,0,37.8774388,-96.23250453,20073.0,501.5045135406219,0.0,30,26,0,0,26,26,6055,4,0,0,4,0
2020-09-04,US,Kansas,Hamilton,42,0,0,37.99978709,-101.7921066,20075.0,1654.1945647892871,0.0,42,42,0,0,42,42,2607,0,0,0,0,0
2020-09-04,US,Kansas,Harper,117,1,0,37.19175361,-98.07578384,20077.0,2152.317880794702,0.8547008547008547,116,115,1,0,114,115,5506,2,0,0,2,0
2020-09-04,US,Kansas,Harvey,305,4,0,38.04293782,-97.42747573,20079.0,885.8810886171541,1.3114754098360657,301,299,4,0,295,299,34210,6,0,0,6,0
2020-09-04,US,Kansas,Haskell,85,0,0,37.562039399999996,-100.8710738,20081.0,2142.137096774193,0.0,85,47,0,0,47,47,3997,38,0,0,38,0
2020-09-04,US,Kansas,Hodgeman,15,0,0,38.08780079,-99.89829881,20083.0,836.1204013377928,0.0,15,13,0,0,13,13,1818,2,0,0,2,0
2020-09-04,US,Kansas,Jackson,216,1,0,39.41673394,-95.79356799,20085.0,1639.9665932731,0.462962962962963,215,216,1,0,215,211,13280,0,0,0,0,5
2020-09-04,US,Kansas,Jefferson,127,0,0,39.2347941,-95.38289232,20087.0,666.9117260935777,0.0,127,123,0,0,123,123,18975,4,0,0,4,0
2020-09-04,US,Kansas,Jewell,14,1,0,39.78470589,-98.21820662,20089.0,486.2799583188608,7.142857142857142,13,14,1,0,13,14,2841,0,0,0,0,0
2020-09-04,US,Kansas,Johnson,8614,120,0,38.88548175,-94.82250877,20091.0,1429.9445054042071,1.3930810308799628,8494,8499,118,0,8381,8436,597555,115,2,0,113,63
2020-09-04,US,Kansas,Kearny,75,1,0,38.00017981,-101.32168100000001,20093.0,1954.1427826993229,1.3333333333333333,74,74,1,0,73,74,3943,1,0,0,1,0
2020-09-04,US,Kansas,Kingman,44,0,0,37.55909527,-98.13638678,20095.0,615.2125279642058,0.0,44,43,0,0,43,43,7310,1,0,0,1,0
2020-09-04,US,Kansas,Kiowa,15,0,0,37.55848695,-99.2856537,20097.0,606.060606060606,0.0,15,8,0,0,8,8,2516,7,0,0,7,0
2020-09-04,US,Kansas,Labette,194,3,0,37.19113093,-95.29849679,20099.0,988.8877561423184,1.5463917525773196,191,193,3,0,190,193,19964,1,0,0,1,0
2020-09-04,US,Kansas,Lane,7,0,0,38.48119447,-100.46607540000001,20101.0,456.02605863192184,0.0,7,7,0,0,7,7,1560,0,0,0,0,0
2020-09-04,US,Kansas,Leavenworth,1704,9,0,39.20183497,-95.03620809,20103.0,2084.1997113432326,0.528169014084507,1695,1680,9,0,1671,1680,81352,24,0,0,24,0
2020-09-04,US,Kansas,Lincoln,10,0,0,39.04549684,-98.20756994,20105.0,337.609723160027,0.0,10,7,0,0,7,7,3023,3,0,0,3,0
2020-09-04,US,Kansas,Linn,56,0,0,38.21267844,-94.84254089,20107.0,577.1410903844172,0.0,56,56,0,0,56,56,9750,0,0,0,0,0
2020-09-04,US,Kansas,Logan,3,0,0,38.91735806,-101.148475,20109.0,107.37294201861131,0.0,3,2,0,0,2,2,2844,1,0,0,1,0
2020-09-04,US,Kansas,Lyon,974,19,0,38.45576156,-96.15275715,20111.0,2934.176833860521,1.950718685831622,955,951,17,0,934,951,33406,23,2,0,21,0
2020-09-04,US,Kansas,Marion,69,1,0,38.35855394,-97.09852509999999,20115.0,580.6125883540898,1.4492753623188406,68,67,1,0,66,67,11950,2,0,0,2,0
2020-09-04,US,Kansas,Marshall,18,0,0,39.78359669,-96.52278974,20117.0,185.43319254146493,0.0,18,17,0,0,17,17,9722,1,0,0,1,0
2020-09-04,US,Kansas,McPherson,226,1,0,38.39184858,-97.64769869,20113.0,791.8155700371382,0.4424778761061947,225,222,1,0,221,222,28537,4,0,0,4,0
2020-09-04,US,Kansas,Meade,66,0,0,37.23859987,-100.36483100000001,20119.0,1636.4988842053065,0.0,66,66,0,0,66,66,4146,0,0,0,0,0
2020-09-04,US,Kansas,Miami,242,0,0,38.56383358,-94.83832189,20121.0,706.8376318018518,0.0,242,218,0,0,218,218,33680,24,0,0,24,0
2020-09-04,US,Kansas,Mitchell,40,0,0,39.39331582,-98.20906732,20123.0,669.0081953503932,0.0,40,33,0,0,33,33,6150,7,0,0,7,0
2020-09-04,US,Kansas,Montgomery,284,5,0,37.19236568,-95.74329258,20125.0,892.2680574319018,1.7605633802816902,279,269,5,0,264,269,32120,15,0,0,15,0
2020-09-04,US,Kansas,Morris,22,0,0,38.68827511,-96.65128437,20127.0,391.45907473309614,0.0,22,21,0,0,21,21,5521,1,0,0,1,0
2020-09-04,US,Kansas,Morton,12,2,0,37.19141121,-101.79925190000002,20129.0,463.8577502899111,16.666666666666668,10,10,2,0,8,10,2667,2,0,0,2,0
2020-09-04,US,Kansas,Nemaha,55,1,0,39.78345387,-96.01392079,20131.0,537.5818590558108,1.818181818181818,54,55,1,0,54,55,10155,0,0,0,0,0
2020-09-04,US,Kansas,Neosho,124,0,0,37.55862897,-95.30670046,20133.0,774.6610857749735,0.0,124,124,0,0,124,104,15951,0,0,0,0,20
2020-09-04,US,Kansas,Ness,32,1,0,38.47974157,-99.91547333,20135.0,1163.6363636363635,3.125,31,32,1,0,31,32,2840,0,0,0,0,0
2020-09-04,US,Kansas,Norton,24,0,0,39.78443827,-99.90286639,20137.0,447.6776720761052,0.0,24,24,0,0,24,24,5430,0,0,0,0,0
2020-09-04,US,Kansas,Osage,69,0,0,38.65235984,-95.72707998,20139.0,432.62900495328864,0.0,69,65,0,0,65,65,15941,4,0,0,4,0
2020-09-04,US,Kansas,Osborne,5,0,0,39.3503437,-98.76753828,20141.0,146.1560947091494,0.0,5,4,0,0,4,4,3475,1,0,0,1,0
2020-09-04,US,Kansas,Ottawa,46,0,0,39.13237408,-97.65020313,20143.0,806.4516129032259,0.0,46,46,0,0,46,46,5802,0,0,0,0,0
2020-09-04,US,Kansas,Pawnee,244,0,0,38.18108732,-99.23692334,20145.0,3804.178359837855,0.0,244,240,0,0,240,240,6562,4,0,0,4,0
2020-09-04,US,Kansas,Phillips,58,8,0,39.78465501,-99.34668865,20147.0,1108.1390905617118,13.79310344827586,50,56,8,0,48,56,5317,2,0,0,2,0
2020-09-04,US,Kansas,Pottawatomie,170,0,0,39.37925655,-96.34564657,20149.0,697.2070704999385,0.0,170,170,0,0,170,170,24277,0,0,0,0,0
2020-09-04,US,Kansas,Pratt,53,0,0,37.64780729,-98.73922153,20151.0,578.3500654735923,0.0,53,51,0,0,51,51,9378,2,0,0,2,0
2020-09-04,US,Kansas,Rawlins,2,0,0,39.78525843,-101.07616170000001,20153.0,79.05138339920948,0.0,2,1,0,0,1,1,2508,1,0,0,1,0
2020-09-04,US,Kansas,Reno,810,1,0,37.95230263,-98.08607292,20155.0,1306.4937578631568,0.12345679012345677,809,801,1,0,800,766,62342,9,0,0,9,35
2020-09-04,US,Kansas,Republic,38,0,0,39.82799632,-97.65036709,20157.0,819.672131147541,0.0,38,38,0,0,38,38,4664,0,0,0,0,0
2020-09-04,US,Kansas,Rice,44,1,0,38.34616184,-98.19992118,20159.0,461.36101499423296,2.272727272727273,43,44,1,0,43,44,9531,0,0,0,0,0
2020-09-04,US,Kansas,Riley,1186,6,0,39.28935726,-96.73420026,20161.0,1597.6937169953655,0.5059021922428331,1180,1057,6,0,1051,1057,73703,129,0,0,129,0
2020-09-04,US,Kansas,Rooks,33,0,0,39.35022773,-99.32484567,20163.0,670.7317073170733,0.0,33,32,0,0,32,32,5013,1,0,0,1,0
2020-09-04,US,Kansas,Rush,24,0,0,38.52275276,-99.30863983,20165.0,790.5138339920949,0.0,24,21,0,0,21,21,3093,3,0,0,3,0
2020-09-04,US,Kansas,Russell,55,0,0,38.91462787,-98.76254297,20167.0,802.2170361726953,0.0,55,18,0,0,18,18,6907,37,0,0,37,0
2020-09-04,US,Kansas,Saline,527,9,0,38.78369175,-97.65185177,20169.0,971.8943641192093,1.7077798861480076,518,508,9,0,499,508,54401,19,0,0,19,0
2020-09-04,US,Kansas,Scott,97,1,0,38.48222076,-100.90665390000001,20171.0,2011.1963508189926,1.0309278350515465,96,97,1,0,96,97,4897,0,0,0,0,0
2020-09-04,US,Kansas,Sedgwick,7246,55,0,37.6842718,-97.4608198,20173.0,1404.1492746714416,0.7590394700524428,7191,7186,55,0,7131,6994,513607,60,0,0,60,192
2020-09-04,US,Kansas,Seward,1451,5,0,37.19324632,-100.85072009999999,20175.0,6771.513907037521,0.3445899379738112,1446,1451,5,0,1446,1416,21780,0,0,0,0,35
2020-09-04,US,Kansas,Shawnee,2296,23,0,39.04100763,-95.75572640000001,20177.0,1298.0918727915193,1.0017421602787455,2273,2263,22,0,2241,2203,177499,33,1,0,32,60
2020-09-04,US,Kansas,Sheridan,12,0,0,39.35018161,-100.44182590000001,20179.0,476.0015866719557,0.0,12,10,0,0,10,10,2533,2,0,0,2,0
2020-09-04,US,Kansas,Sherman,18,0,0,39.35147699,-101.71976240000001,20181.0,304.2082136217678,0.0,18,18,0,0,18,18,5899,0,0,0,0,0
2020-09-04,US,Kansas,Smith,5,0,0,39.78516566,-98.78566062,20183.0,139.54786491766677,0.0,5,5,0,0,5,5,3603,0,0,0,0,0
2020-09-04,US,Kansas,Stafford,43,1,0,38.03100851,-98.71762001,20185.0,1034.6487006737248,2.3255813953488373,42,42,1,0,41,42,4178,1,0,0,1,0
2020-09-04,US,Kansas,Stanton,22,2,0,37.56304714,-101.78435340000001,20187.0,1096.7098703888337,9.090909090909092,20,22,2,0,20,22,1987,0,0,0,0,0
2020-09-04,US,Kansas,Stevens,76,0,0,37.1923008,-101.3118967,20189.0,1385.5970829535095,0.0,76,72,0,0,72,72,5559,4,0,0,4,0
2020-09-04,US,Kansas,Sumner,137,3,0,37.23682549,-97.47721621,20191.0,599.9299351900507,2.18978102189781,134,128,3,0,125,128,22996,9,0,0,9,0
2020-09-04,US,Kansas,Thomas,62,0,0,39.35107575,-101.0553705,20193.0,797.2225794007973,0.0,62,60,0,0,60,54,7711,2,0,0,2,6
2020-09-04,US,Kansas,Trego,37,2,0,38.91467218,-99.87284448,20195.0,1320.0142704245452,5.405405405405406,35,26,1,0,25,26,2793,11,1,0,10,0
2020-09-04,US,Kansas,Wabaunsee,60,0,0,38.95471985,-96.20350509,20197.0,865.6759486365604,0.0,60,58,0,0,58,58,6899,2,0,0,2,0
2020-09-04,US,Kansas,Wallace,10,0,0,38.91686134,-101.76388759999999,20199.0,658.7615283267457,0.0,10,6,0,0,6,5,1503,4,0,0,4,1
2020-09-04,US,Kansas,Washington,15,0,0,39.78420784,-97.08753229999999,20201.0,277.4694783573807,0.0,15,12,0,0,12,12,5420,3,0,0,3,0
2020-09-04,US,Kansas,Wichita,4,0,0,38.48178252,-101.3471509,20203.0,188.76828692779614,0.0,4,4,0,0,4,4,2105,0,0,0,0,0
2020-09-04,US,Kansas,Wilson,16,0,0,37.55937174,-95.74323255,20205.0,187.68328445747798,0.0,16,16,0,0,16,16,8665,0,0,0,0,0
2020-09-04,US,Kansas,Woodson,12,0,0,37.8865336,-95.74006277,20207.0,382.4091778202677,0.0,12,12,0,0,12,12,3183,0,0,0,0,0
2020-09-04,US,Kansas,Wyandotte,6184,117,0,39.11727348,-94.76378225,20209.0,3738.159572989016,1.8919793014230268,6067,6136,117,0,6019,6091,165324,48,0,0,48,45
2020-09-04,US,Kentucky,Adair,272,19,0,37.10459774,-85.28129668,21001.0,1416.5191125924384,6.985294117647059,253,270,19,0,251,267,19215,2,0,0,2,3
2020-09-04,US,Kentucky,Allen,258,9,0,36.75197631,-86.19457544,21003.0,1210.4152005629835,3.4883720930232562,249,256,9,0,247,255,21122,2,0,0,2,1
2020-09-04,US,Kentucky,Anderson,121,1,0,38.00671029,-84.99171713,21005.0,531.9382775750648,0.8264462809917356,120,118,1,0,117,119,22663,3,0,0,3,-1
2020-09-04,US,Kentucky,Ballard,45,1,0,37.05842757,-88.99427697,21007.0,570.4868154158215,2.2222222222222223,44,44,1,0,43,43,7979,1,0,0,1,1
2020-09-04,US,Kentucky,Barren,523,10,0,36.96469836,-85.93338945,21009.0,1181.947614635359,1.9120458891013383,513,522,9,0,513,512,44176,1,1,0,0,10
2020-09-04,US,Kentucky,Bath,68,1,0,38.14735938,-83.74588932,21011.0,544.0,1.4705882352941178,67,68,1,0,67,68,12383,0,0,0,0,0
2020-09-04,US,Kentucky,Bell,423,8,0,36.73355174,-83.67766671,21013.0,1624.9231714812533,1.8912529550827424,415,420,8,0,412,409,26569,3,0,0,3,11
2020-09-04,US,Kentucky,Boone,1339,25,0,38.97065142,-84.72615357,21015.0,1002.3880641708027,1.8670649738610905,1314,1323,25,0,1298,1321,131533,16,0,0,16,2
2020-09-04,US,Kentucky,Bourbon,128,1,0,38.2054607,-84.21827874,21017.0,646.8566808166565,0.78125,127,123,1,0,122,119,20184,5,0,0,5,4
2020-09-04,US,Kentucky,Boyd,270,4,0,38.36176608,-82.68652187,21019.0,577.9356993021961,1.4814814814814814,266,261,4,0,257,254,47240,9,0,0,9,7
2020-09-04,US,Kentucky,Boyle,219,0,0,37.62680923,-84.8633779,21021.0,728.5429141716568,0.0,219,216,0,0,216,216,30100,3,0,0,3,0
2020-09-04,US,Kentucky,Bracken,37,0,0,38.69158994,-84.08532444,21023.0,445.6220643141034,0.0,37,38,0,0,38,37,8239,-1,0,0,-1,1
2020-09-04,US,Kentucky,Breathitt,57,0,0,37.52333168,-83.31959161,21025.0,451.3064133016627,0.0,57,57,0,0,57,56,12726,0,0,0,0,1
2020-09-04,US,Kentucky,Breckinridge,102,2,0,37.77377239,-86.42885017,21027.0,498.11984177369726,1.96078431372549,100,100,2,0,98,100,20388,2,0,0,2,0
2020-09-04,US,Kentucky,Bullitt,668,5,0,37.97162523,-85.68955617,21029.0,817.8657133062344,0.7485029940119761,663,647,5,0,642,643,81069,21,0,0,21,4
2020-09-04,US,Kentucky,Butler,324,16,0,37.20946153,-86.68748787,21031.0,2515.7232704402522,4.938271604938271,308,326,16,0,310,322,12772,-2,0,0,-2,4
2020-09-04,US,Kentucky,Caldwell,87,0,0,37.14749129,-87.86948214,21033.0,682.513532595905,0.0,87,85,0,0,85,84,12715,2,0,0,2,1
2020-09-04,US,Kentucky,Calloway,440,7,0,36.62093411,-88.2731593,21035.0,1128.1762006102408,1.5909090909090908,433,433,7,0,426,423,39135,7,0,0,7,10
2020-09-04,US,Kentucky,Campbell,728,15,0,38.94384345,-84.37875208,21037.0,777.9107539750385,2.06043956043956,713,722,15,0,707,711,93152,6,0,0,6,11
2020-09-04,US,Kentucky,Carlisle,61,1,0,36.85372876,-88.96692220000001,21039.0,1281.5126050420167,1.639344262295082,60,61,1,0,60,61,4771,0,0,0,0,0
2020-09-04,US,Kentucky,Carroll,194,5,0,38.66599534,-85.12601074,21041.0,1824.8518483679807,2.5773195876288657,189,193,4,0,189,191,10737,1,1,0,0,2
2020-09-04,US,Kentucky,Carter,127,3,0,38.31690743,-83.05092385,21043.0,473.93364928909966,2.3622047244094486,124,130,3,0,127,127,27004,-3,0,0,-3,3
2020-09-04,US,Kentucky,Casey,255,15,0,37.32533118,-84.92726209,21045.0,1578.0679497493657,5.882352941176472,240,253,15,0,238,249,15888,2,0,0,2,4
2020-09-04,US,Kentucky,Christian,885,13,0,36.89267803,-87.49055367,21047.0,1256.0139651722232,1.4689265536723164,872,881,13,0,868,872,71671,4,0,0,4,9
2020-09-04,US,Kentucky,Clark,262,8,0,37.9689263,-84.14615986,21049.0,722.4995174144444,3.053435114503817,254,260,8,0,252,259,36249,2,0,0,2,1
2020-09-04,US,Kentucky,Clay,225,6,0,37.16451126,-83.712575,21051.0,1130.5964524395758,2.6666666666666665,219,225,6,0,219,221,20105,0,0,0,0,4
2020-09-04,US,Kentucky,Clinton,71,2,0,36.72581156,-85.13377529,21053.0,694.8522215697789,2.8169014084507036,69,70,1,0,69,71,10206,1,1,0,0,-1
2020-09-04,US,Kentucky,Crittenden,78,1,0,37.35839237,-88.08826090000002,21055.0,885.7597092891209,1.2820512820512822,77,76,1,0,75,67,8915,2,0,0,2,9
2020-09-04,US,Kentucky,Cumberland,90,0,0,36.78926125,-85.39050034,21057.0,1360.749924402782,0.0,90,91,0,0,91,89,6659,-1,0,0,-1,2
2020-09-04,US,Kentucky,Daviess,1040,11,0,37.73028906,-87.09019479999998,21059.0,1024.519510200865,1.0576923076923077,1029,1016,11,0,1005,991,101104,24,0,0,24,25
2020-09-04,US,Kentucky,Edmonson,118,12,0,37.21218923,-86.23955613,21061.0,971.19341563786,10.169491525423727,106,118,12,0,106,118,12274,0,0,0,0,0
2020-09-04,US,Kentucky,Elliott,31,0,0,38.11624059,-83.09771563,21063.0,412.39856325661833,0.0,31,29,0,0,29,28,7508,2,0,0,2,1
2020-09-04,US,Kentucky,Estill,59,0,0,37.69241417,-83.95956369,21065.0,418.2617325960583,0.0,59,57,0,0,57,53,14198,2,0,0,2,4
2020-09-04,US,Kentucky,Fayette,4446,57,0,38.0368225,-84.45576892,21067.0,1375.8231420507996,1.2820512820512822,4389,4394,57,0,4337,4326,323780,52,0,0,52,68
2020-09-04,US,Kentucky,Fleming,73,0,0,38.36758311,-83.69657514,21069.0,500.65153281667915,0.0,73,72,0,0,72,72,14432,1,0,0,1,0
2020-09-04,US,Kentucky,Floyd,151,2,0,37.56213922,-82.74750924,21071.0,424.28840372025047,1.3245033112582782,149,150,2,0,148,150,35845,1,0,0,1,0
2020-09-04,US,Kentucky,Franklin,507,11,0,38.2379395,-84.87962551,21073.0,994.2931105489205,2.1696252465483234,496,498,11,0,487,483,50815,9,0,0,9,15
2020-09-04,US,Kentucky,Fulton,124,2,0,36.55238827,-89.20140068,21075.0,2077.39989948065,1.6129032258064515,122,123,2,0,121,122,6120,1,0,0,1,1
2020-09-04,US,Kentucky,Gallatin,92,8,0,38.75398691,-84.8558382,21077.0,1037.3210057503663,8.695652173913043,84,92,8,0,84,93,8832,0,0,0,0,-1
2020-09-04,US,Kentucky,Garrard,131,2,0,37.638866799999995,-84.53289319,21079.0,741.5374165062833,1.5267175572519085,129,129,2,0,127,131,17560,2,0,0,2,-2
2020-09-04,US,Kentucky,Grant,139,6,0,38.64962758,-84.62415957,21081.0,554.4696637281104,4.316546762589929,133,137,6,0,131,137,25121,2,0,0,2,0
2020-09-04,US,Kentucky,Graves,663,29,0,36.72292505,-88.65143315,21083.0,1779.1015939462243,4.3740573152337845,634,659,29,0,630,656,37317,4,0,0,4,3
2020-09-04,US,Kentucky,Grayson,288,12,0,37.46231118,-86.34248968,21085.0,1089.7945283233057,4.166666666666667,276,274,12,0,262,268,26321,14,0,0,14,6
2020-09-04,US,Kentucky,Green,196,7,0,37.26484328,-85.5540745,21087.0,1791.4267434420983,3.571428571428572,189,189,7,0,182,168,11049,7,0,0,7,21
2020-09-04,US,Kentucky,Greenup,248,2,0,38.54332505,-82.9215658,21089.0,706.5929682602997,0.8064516129032258,246,232,2,0,230,225,35268,16,0,0,16,7
2020-09-04,US,Kentucky,Hancock,64,0,0,37.83766422,-86.78280584,21091.0,733.7766567301077,0.0,64,63,0,0,63,59,8758,1,0,0,1,4
2020-09-04,US,Kentucky,Hardin,973,10,0,37.6976111,-85.96319251,21093.0,876.9083797472917,1.027749229188078,963,961,9,0,952,945,110356,12,1,0,11,16
2020-09-04,US,Kentucky,Harlan,320,8,0,36.85699301,-83.21899516,21095.0,1230.2960399846213,2.5,312,319,8,0,311,315,26409,1,0,0,1,4
2020-09-04,US,Kentucky,Harrison,158,0,0,38.44188174,-84.32869741,21097.0,836.598538600021,0.0,158,159,0,0,159,158,18778,-1,0,0,-1,1
2020-09-04,US,Kentucky,Hart,141,1,0,37.29943898,-85.88461055,21099.0,740.7407407407408,0.7092198581560284,140,138,1,0,137,134,18906,3,0,0,3,4
2020-09-04,US,Kentucky,Henderson,476,3,0,37.79344553,-87.57392021,21101.0,1052.8644105286442,0.6302521008403361,473,457,3,0,454,438,45591,19,0,0,19,19
2020-09-04,US,Kentucky,Henry,166,2,0,38.44942688,-85.11587507,21103.0,1029.3935259828847,1.2048192771084338,164,162,2,0,160,164,16106,4,0,0,4,-2
2020-09-04,US,Kentucky,Hickman,69,0,0,36.67948079999999,-88.97875928,21105.0,1575.3424657534247,0.0,69,69,0,0,69,68,4421,0,0,0,0,1
2020-09-04,US,Kentucky,Hopkins,530,36,0,37.30939025,-87.54670406,21107.0,1186.0537976099895,6.79245283018868,494,527,36,0,491,523,45068,3,0,0,3,4
2020-09-04,US,Kentucky,Jackson,279,15,0,37.41866422,-83.99825483,21109.0,2093.180283592168,5.376344086021504,264,269,15,0,254,255,13442,10,0,0,10,14
2020-09-04,US,Kentucky,Jefferson,12617,274,0,38.18664655,-85.65931031,21111.0,1645.5017691393753,2.171673139415075,12343,12394,272,0,12122,12192,770517,223,2,0,221,202
2020-09-04,US,Kentucky,Jessamine,477,0,0,37.87119786,-84.58252003,21113.0,881.4561581816503,0.0,477,472,0,0,472,471,53920,5,0,0,5,1
2020-09-04,US,Kentucky,Johnson,128,1,0,37.85106355,-82.8264322,21115.0,576.8884081485487,0.78125,127,128,1,0,127,127,22386,0,0,0,0,1
2020-09-04,US,Kentucky,Kenton,1792,44,0,38.93950319,-84.53241199,21117.0,1073.0667433142912,2.455357142857143,1748,1776,43,0,1733,1756,166051,16,1,0,15,20
2020-09-04,US,Kentucky,Knott,93,1,0,37.35388197,-82.94981134,21119.0,628.1237336215047,1.075268817204301,92,92,1,0,91,92,15126,1,0,0,1,0
2020-09-04,US,Kentucky,Knox,371,9,0,36.89225732,-83.85403396,21121.0,1191.2024401990689,2.4258760107816717,362,372,9,0,363,367,31304,-1,0,0,-1,5
2020-09-04,US,Kentucky,Larue,92,1,0,37.54567114,-85.70138352,21123.0,638.9776357827476,1.0869565217391304,91,91,1,0,90,90,14307,1,0,0,1,1
2020-09-04,US,Kentucky,Laurel,611,5,0,37.10975748,-84.11321779,21125.0,1004.719385657672,0.8183306055646481,606,594,5,0,589,588,60669,17,0,0,17,6
2020-09-04,US,Kentucky,Lawrence,46,0,0,38.07136018,-82.72882223,21127.0,300.31990598681205,0.0,46,46,0,0,46,46,15571,0,0,0,0,0
2020-09-04,US,Kentucky,Lee,14,0,0,37.59645942,-83.71513901,21129.0,189.11252195056062,0.0,14,12,0,0,12,13,7033,2,0,0,2,-1
2020-09-04,US,Kentucky,Leslie,42,0,0,37.09246661,-83.37999606,21131.0,425.23033309709433,0.0,42,41,0,0,41,41,10143,1,0,0,1,0
2020-09-04,US,Kentucky,Letcher,77,2,0,37.12306748,-82.85346474,21133.0,357.25885027606364,2.5974025974025974,75,78,2,0,76,75,21899,-1,0,0,-1,3
2020-09-04,US,Kentucky,Lewis,183,12,0,38.53184419,-83.37735618,21135.0,1378.5310734463276,6.557377049180328,171,180,12,0,168,176,13257,3,0,0,3,4
2020-09-04,US,Kentucky,Lincoln,144,10,0,37.45475628,-84.6565327,21137.0,586.5819381644874,6.9444444444444455,134,142,10,0,132,141,24644,2,0,0,2,1
2020-09-04,US,Kentucky,Livingston,54,1,0,37.21137452,-88.34797529,21139.0,587.3395692843159,1.851851851851852,53,54,1,0,53,52,9242,0,0,0,0,2
2020-09-04,US,Kentucky,Logan,444,26,0,36.85949479,-86.877635,21141.0,1638.2554793004206,5.855855855855856,418,442,26,0,416,427,26989,2,0,0,2,15
2020-09-04,US,Kentucky,Lyon,43,4,0,37.02080035,-88.07886257,21143.0,523.7515225334957,9.30232558139535,39,41,4,0,37,41,8009,2,0,0,2,0
2020-09-04,US,Kentucky,Madison,1196,3,0,37.71659336,-84.27220275,21151.0,1286.2012969554885,0.2508361204013378,1193,1174,3,0,1171,1107,92368,22,0,0,22,67
2020-09-04,US,Kentucky,Magoffin,69,0,0,37.70820545,-83.0657714,21153.0,567.3875503659239,0.0,69,69,0,0,69,68,12362,0,0,0,0,1
2020-09-04,US,Kentucky,Marion,184,3,0,37.55218078,-85.26898542,21155.0,954.7034711772948,1.6304347826086956,181,176,2,0,174,174,19404,8,1,0,7,2
2020-09-04,US,Kentucky,Marshall,202,2,0,36.88007070000001,-88.32803576,21157.0,649.5176848874597,0.99009900990099,200,200,2,0,198,199,31191,2,0,0,2,1
2020-09-04,US,Kentucky,Martin,58,2,0,37.79990579,-82.51247478,21159.0,518.0884323358641,3.4482758620689653,56,59,2,0,57,59,11323,-1,0,0,-1,0
2020-09-04,US,Kentucky,Mason,107,2,0,38.59471935,-83.82151043,21161.0,626.8306971294669,1.8691588785046729,105,99,2,0,97,99,17150,8,0,0,8,0
2020-09-04,US,Kentucky,McCracken,545,6,0,37.05350953,-88.70445755,21145.0,833.1040386437984,1.1009174311926606,539,536,6,0,530,525,65346,9,0,0,9,11
2020-09-04,US,Kentucky,McCreary,112,0,0,36.73874143,-84.48102924,21147.0,649.9912947594453,0.0,112,106,0,0,106,103,17408,6,0,0,6,3
2020-09-04,US,Kentucky,McLean,62,1,0,37.5301951,-87.26803443,21149.0,673.4006734006732,1.6129032258064515,61,62,1,0,61,54,9252,0,0,0,0,8
2020-09-04,US,Kentucky,Meade,132,3,0,37.96163597,-86.21028219,21163.0,461.9907601847963,2.272727272727273,129,130,3,0,127,128,28715,2,0,0,2,2
2020-09-04,US,Kentucky,Menifee,35,0,0,37.94090733,-83.59985712,21165.0,539.3743257820928,0.0,35,34,0,0,34,34,6451,1,0,0,1,0
2020-09-04,US,Kentucky,Mercer,131,1,0,37.81474237,-84.87488475,21167.0,597.2735147950576,0.7633587786259542,130,128,1,0,127,124,21774,3,0,0,3,4
2020-09-04,US,Kentucky,Metcalfe,86,2,0,36.99459295,-85.63123699,21169.0,853.9370469665373,2.3255813953488373,84,84,2,0,82,82,10030,2,0,0,2,2
2020-09-04,US,Kentucky,Monroe,162,3,0,36.71225341,-85.71596443,21171.0,1521.1267605633802,1.851851851851852,159,157,3,0,154,150,10718,5,0,0,5,7
2020-09-04,US,Kentucky,Montgomery,203,1,0,38.03253032,-83.9145241,21173.0,720.9574883687892,0.4926108374384237,202,203,1,0,202,201,28203,0,0,0,0,2
2020-09-04,US,Kentucky,Morgan,50,0,0,37.92465657,-83.25558245,21175.0,375.68562626793886,0.0,50,50,0,0,50,49,13345,0,0,0,0,1
2020-09-04,US,Kentucky,Muhlenberg,667,11,0,37.21425819,-87.14632053,21177.0,2178.172555678924,1.6491754122938531,656,662,11,0,651,662,30774,5,0,0,5,0
2020-09-04,US,Kentucky,Nelson,381,2,0,37.80335779,-85.4657193,21179.0,824.0866913243786,0.5249343832020997,379,374,2,0,372,363,45851,7,0,0,7,11
2020-09-04,US,Kentucky,Nicholas,27,1,0,38.33342292,-84.01889177,21181.0,371.4403631861329,3.703703703703704,26,25,1,0,24,25,7166,2,0,0,2,0
2020-09-04,US,Kentucky,Ohio,393,9,0,37.47751843,-86.85368087,21183.0,1637.9094773693425,2.2900763358778624,384,387,9,0,378,388,24087,6,0,0,6,-1
2020-09-04,US,Kentucky,Oldham,861,24,0,38.39791089,-85.448222,21185.0,1288.9414512193296,2.787456445993032,837,854,24,0,830,842,66470,7,0,0,7,12
2020-09-04,US,Kentucky,Owen,85,1,0,38.51679143,-84.82404619,21187.0,779.7449775249977,1.1764705882352942,84,84,1,0,83,83,10880,1,0,0,1,1
2020-09-04,US,Kentucky,Owsley,36,1,0,37.42823949,-83.68811419,21189.0,815.4020385050962,2.7777777777777777,35,35,0,0,35,34,4472,1,1,0,0,1
2020-09-04,US,Kentucky,Pendleton,65,0,0,38.69607718,-84.35599463,21191.0,445.5106237148732,0.0,65,66,0,0,66,65,14529,-1,0,0,-1,1
2020-09-04,US,Kentucky,Perry,293,8,0,37.25023553,-83.22922731,21193.0,1137.5106762947435,2.7303754266211606,285,292,8,0,284,291,26092,1,0,0,1,1
2020-09-04,US,Kentucky,Pike,329,3,0,37.47088263,-82.39487445,21195.0,568.4567005321722,0.9118541033434652,326,326,3,0,323,324,58402,3,0,0,3,2
2020-09-04,US,Kentucky,Powell,81,0,0,37.83218794,-83.82553961,21197.0,655.3928311352051,0.0,81,80,0,0,80,76,12442,1,0,0,1,4
2020-09-04,US,Kentucky,Pulaski,614,7,0,37.10466131,-84.57629079,21199.0,944.9206666769264,1.1400651465798046,607,578,7,0,571,559,64623,36,0,0,36,19
2020-09-04,US,Kentucky,Robertson,9,0,0,38.51923469,-84.05055616,21201.0,426.9449715370019,0.0,9,9,0,0,9,8,2135,0,0,0,0,1
2020-09-04,US,Kentucky,Rockcastle,134,1,0,37.36642393,-84.31176452,21203.0,802.6355196166518,0.746268656716418,133,130,0,0,130,129,16750,4,1,0,3,1
2020-09-04,US,Kentucky,Rowan,182,0,0,38.19484205,-83.42088935,21205.0,744.0719542109566,0.0,182,179,0,0,179,175,24583,3,0,0,3,4
2020-09-04,US,Kentucky,Russell,195,6,0,36.99308373,-85.06070117,21207.0,1087.9875020922836,3.0769230769230766,189,194,6,0,188,191,17821,1,0,0,1,3
2020-09-04,US,Kentucky,Scott,625,5,0,38.29622293,-84.5816631,21209.0,1096.4142867167216,0.8,620,614,5,0,609,604,56031,11,0,0,11,10
2020-09-04,US,Kentucky,Shelby,933,23,0,38.21476019,-85.194223,21211.0,1903.1494778067886,2.465166130760986,910,923,23,0,900,915,48518,10,0,0,10,8
2020-09-04,US,Kentucky,Simpson,231,7,0,36.74058474,-86.58047435,21213.0,1243.8078828343746,3.0303030303030303,224,225,7,0,218,219,18529,6,0,0,6,6
2020-09-04,US,Kentucky,Spencer,173,0,0,38.03223971,-85.32749335,21215.0,894.0106454446799,0.0,173,168,0,0,168,171,18794,5,0,0,5,-3
2020-09-04,US,Kentucky,Taylor,210,5,0,37.3677562,-85.3329931,21217.0,814.9326710388451,2.380952380952381,205,208,5,0,203,207,25549,2,0,0,2,1
2020-09-04,US,Kentucky,Todd,157,5,0,36.8381152,-87.17878374,21219.0,1277.0457133561088,3.1847133757961785,152,155,5,0,150,151,12311,2,0,0,2,4
2020-09-04,US,Kentucky,Trigg,101,0,0,36.80767017,-87.87333656,21221.0,689.37273906218,0.0,101,96,0,0,96,94,14643,5,0,0,5,2
2020-09-04,US,Kentucky,Trimble,49,0,0,38.61056487,-85.33775972,21223.0,578.4441034116397,0.0,49,47,0,0,47,48,8515,2,0,0,2,-1
2020-09-04,US,Kentucky,Union,142,1,0,37.66166713,-87.94300009,21225.0,987.4139489604339,0.7042253521126759,141,121,1,0,120,103,14505,21,0,0,21,18
2020-09-04,US,Kentucky,Warren,3498,29,0,36.99903045,-86.42672751,21227.0,2632.1333975439443,0.8290451686678102,3469,3476,28,0,3448,3388,131264,22,1,0,21,88
2020-09-04,US,Kentucky,Washington,127,1,0,37.75599461,-85.17407732,21229.0,1050.0206696982223,0.7874015748031497,126,127,1,0,126,124,12084,0,0,0,0,3
2020-09-04,US,Kentucky,Wayne,100,0,0,36.80310688,-84.8251971,21231.0,491.81134116952734,0.0,100,99,0,0,99,97,20468,1,0,0,1,2
2020-09-04,US,Kentucky,Webster,117,2,0,37.52168356,-87.67989953,21233.0,904.0333796940196,1.709401709401709,115,113,2,0,111,109,13111,4,0,0,4,4
2020-09-04,US,Kentucky,Whitley,214,2,0,36.75700531,-84.14541217,21235.0,590.1169203617914,0.9345794392523364,212,212,2,0,210,207,36242,2,0,0,2,5
2020-09-04,US,Kentucky,Wolfe,28,0,0,37.73941626,-83.49303612,21237.0,391.2253737599553,0.0,28,28,0,0,28,27,7177,0,0,0,0,1
2020-09-04,US,Kentucky,Woodford,219,0,0,38.04178222,-84.7417556,21239.0,819.1815665444752,0.0,219,214,0,0,214,215,26533,5,0,0,5,-1
2020-09-04,US,Louisiana,Acadia,2828,94,0,30.295064899999996,-92.41419698,22001.0,4557.982109759046,3.323903818953324,2734,2824,93,0,2731,2821,62190,4,1,0,3,3
2020-09-04,US,Louisiana,Allen,1458,40,0,30.65385745,-92.82442028,22003.0,5689.31205369337,2.7434842249657065,1418,1454,40,0,1414,1447,25605,4,0,0,4,7
2020-09-04,US,Louisiana,Ascension,3429,92,0,30.20406249,-90.91328409999998,22005.0,2708.445230798395,2.6829979585885098,3337,3418,92,0,3326,3395,124672,11,0,0,11,23
2020-09-04,US,Louisiana,Assumption,675,22,0,29.89946234,-91.06461642,22007.0,3083.4589557352338,3.2592592592592586,653,669,22,0,647,670,22300,6,0,0,6,-1
2020-09-04,US,Louisiana,Avoyelles,1320,46,0,31.07796211,-92.00079449,22009.0,3288.1626145874848,3.484848484848485,1274,1305,46,0,1259,1303,40462,15,0,0,15,2
2020-09-04,US,Louisiana,Beauregard,949,31,0,30.64836518,-93.34173616,22011.0,2530.8691361975625,3.266596417281349,918,953,31,0,922,944,37253,-4,0,0,-4,9
2020-09-04,US,Louisiana,Bienville,426,32,0,32.34569994,-93.05398492,22013.0,3217.2796616569744,7.511737089201878,394,425,32,0,393,421,13308,1,0,0,1,4
2020-09-04,US,Louisiana,Bossier,2776,94,0,32.67932307,-93.60460152,22015.0,2185.155739576036,3.3861671469740635,2682,2749,94,0,2655,2732,127185,27,0,0,27,17
2020-09-04,US,Louisiana,Caddo,7581,328,0,32.57991587,-93.88375652,22017.0,3156.0673427586553,4.32660598865585,7253,7546,326,0,7220,7482,242922,35,2,0,33,64
2020-09-04,US,Louisiana,Calcasieu,7465,193,0,30.22931235,-93.35400434,22019.0,3669.458699541871,2.5853985264567982,7272,7438,192,0,7246,7442,203112,27,1,0,26,-4
2020-09-04,US,Louisiana,Caldwell,286,3,0,32.0902519,-92.11752148,22021.0,2883.645896350071,1.048951048951049,283,285,3,0,282,282,9960,1,0,0,1,3
2020-09-04,US,Louisiana,Cameron,206,1,0,29.87592238,-93.19310676,22023.0,2954.2521153018793,0.4854368932038835,205,209,1,0,208,206,6968,-3,0,0,-3,3
2020-09-04,US,Louisiana,Catahoula,384,6,0,31.66778967,-91.84526385,22025.0,4044.6597851274487,1.5625,378,383,6,0,377,381,9608,1,0,0,1,2
2020-09-04,US,Louisiana,Claiborne,408,13,0,32.82308512,-92.99526883,22027.0,2603.701340140396,3.1862745098039214,395,392,13,0,379,389,15944,16,0,0,16,3
2020-09-04,US,Louisiana,Concordia,458,10,0,31.44817835,-91.63814433,22029.0,2378.108936081832,2.183406113537118,448,456,10,0,446,450,19572,2,0,0,2,6
2020-09-04,US,Louisiana,De Soto,826,33,0,32.05457447,-93.74130302,22031.0,3007.683064486764,3.995157384987893,793,823,33,0,790,820,27436,3,0,0,3,3
2020-09-04,US,Louisiana,East Baton Rouge,14089,420,0,30.53842039,-91.09777565,22033.0,3201.616146925753,2.981049045354532,13669,13990,418,0,13572,13911,440956,99,2,0,97,79
2020-09-04,US,Louisiana,East Carroll,530,3,0,32.73926954,-91.23425694,22035.0,7724.821454598455,0.5660377358490566,527,529,3,0,526,530,7037,1,0,0,1,-1
2020-09-04,US,Louisiana,East Feliciana,1328,46,0,30.84425359,-91.04976723,22037.0,6940.162006793833,3.463855421686747,1282,1315,46,0,1269,1181,19305,13,0,0,13,134
2020-09-04,US,Louisiana,Evangeline,1154,27,0,30.72985248,-92.39915924,22039.0,3455.6071268153914,2.339688041594454,1127,1143,27,0,1116,1134,33443,11,0,0,11,9
2020-09-04,US,Louisiana,Franklin,1105,31,0,32.13675181,-91.67589857,22041.0,5520.859355483388,2.805429864253393,1074,1101,31,0,1070,1093,20156,4,0,0,4,8
2020-09-04,US,Louisiana,Grant,436,30,0,31.59882456,-92.56124347,22043.0,1947.3848765018536,6.8807339449541285,406,435,30,0,405,438,22482,1,0,0,1,-3
2020-09-04,US,Louisiana,Iberia,2752,87,0,29.86803617,-91.75871777,22045.0,3940.999570385221,3.1613372093023258,2665,2752,87,0,2665,2738,70941,0,0,0,0,14
2020-09-04,US,Louisiana,Iberville,1347,55,0,30.25734305,-91.3499598,22047.0,4143.213066346775,4.083147735708983,1292,1351,55,0,1296,1339,32721,-4,0,0,-4,12
2020-09-04,US,Louisiana,Jackson,513,21,0,32.30251776,-92.55692092,22049.0,3258.384146341464,4.093567251461988,492,496,21,0,475,485,15902,17,0,0,17,11
2020-09-04,US,Louisiana,Jefferson,16678,553,0,29.74075478,-90.11115756,22051.0,3856.2473843507296,3.3157452932006235,16125,16629,552,0,16077,16575,434051,49,1,0,48,54
2020-09-04,US,Louisiana,Jefferson Davis,1169,36,0,30.26896765,-92.81210004,22053.0,3726.727875541954,3.0795551753635584,1133,1168,36,0,1132,1167,31582,1,0,0,1,1
2020-09-04,US,Louisiana,LaSalle,395,5,0,31.67884782,-92.15907765,22059.0,2652.4308353478377,1.2658227848101269,390,392,5,0,387,395,14917,3,0,0,3,-3
2020-09-04,US,Louisiana,Lafayette,8402,113,0,30.2049055,-92.06959876,22055.0,3437.9475428618193,1.3449178766960248,8289,8365,112,0,8253,8339,242782,37,1,0,36,26
2020-09-04,US,Louisiana,Lafourche,3326,111,0,29.52470226,-90.40976986,22057.0,3407.2981334644624,3.3373421527360194,3215,3312,110,0,3202,3298,98115,14,1,0,13,14
2020-09-04,US,Louisiana,Lincoln,941,40,0,32.6003154,-92.66597409999999,22061.0,2013.178725771255,4.2507970244420825,901,937,40,0,897,930,47196,4,0,0,4,7
2020-09-04,US,Louisiana,Livingston,3457,66,0,30.44143993,-90.73061664,22063.0,2455.447513655186,1.9091698004049755,3391,3448,66,0,3382,3429,139567,9,0,0,9,19
2020-09-04,US,Louisiana,Madison,832,7,0,32.36918118,-91.23973355,22065.0,7597.479682220802,0.8413461538461539,825,829,7,0,822,831,11161,3,0,0,3,-2
2020-09-04,US,Louisiana,Morehouse,625,17,0,32.81686191,-91.80421614,22067.0,2512.6638256814344,2.72,608,619,17,0,602,615,25398,6,0,0,6,4
2020-09-04,US,Louisiana,Natchitoches,942,23,0,31.72321584,-93.09816516,22069.0,2468.682845012841,2.4416135881104037,919,940,23,0,917,924,38659,2,0,0,2,16
2020-09-04,US,Louisiana,Orleans,11816,578,0,30.06971951,-89.92660315,22071.0,3028.625328083989,4.89167230873392,11238,11727,578,0,11149,11687,391006,89,0,0,89,40
2020-09-04,US,Louisiana,Ouachita,5579,130,0,32.47645559,-92.15704172,22073.0,3639.768004749509,2.3301666965405987,5449,5559,129,0,5430,5527,154475,20,1,0,19,32
2020-09-04,US,Louisiana,Plaquemines,643,19,0,29.42245447,-89.60322085,22075.0,2771.9101607966554,2.9548989113530326,624,619,19,0,600,590,23410,24,0,0,24,29
2020-09-04,US,Louisiana,Pointe Coupee,970,38,0,30.71409502,-91.60209535,22077.0,4463.8748274275185,3.9175257731958766,932,964,38,0,926,963,21940,6,0,0,6,1
2020-09-04,US,Louisiana,Rapides,3875,135,0,31.19778499,-92.52997303,22079.0,2988.862149821054,3.4838709677419355,3740,3856,135,0,3721,3849,130562,19,0,0,19,7
2020-09-04,US,Louisiana,Red River,329,20,0,32.09530039,-93.34213308,22081.0,3897.1807628524048,6.079027355623101,309,324,20,0,304,322,8477,5,0,0,5,2
2020-09-04,US,Louisiana,Richland,716,9,0,32.41391005,-91.76634876,22083.0,3558.294404134778,1.2569832402234635,707,708,10,0,698,703,20192,8,-1,0,9,5
2020-09-04,US,Louisiana,Sabine,769,13,0,31.56388699,-93.55433981,22085.0,3219.728688661866,1.6905071521456436,756,765,13,0,752,758,24032,4,0,0,4,7
2020-09-04,US,Louisiana,St. Bernard,1268,27,0,29.87761636,-89.51887093,22087.0,2683.938701210736,2.1293375394321767,1241,1257,27,0,1230,1244,46721,11,0,0,11,13
2020-09-04,US,Louisiana,St. Charles,1669,57,0,29.90709658,-90.35555967,22089.0,3143.1261770244823,3.41521869382864,1612,1662,56,0,1606,1660,52879,7,1,0,6,2
2020-09-04,US,Louisiana,St. Helena,371,2,0,30.82210324,-90.71013176,22091.0,3661.6660086853535,0.5390835579514824,369,369,2,0,367,373,10262,2,0,0,2,-4
2020-09-04,US,Louisiana,St. James,769,37,0,30.02531716,-90.80212061,22093.0,3645.2408039438756,4.811443433029909,732,768,36,0,732,767,21037,1,1,0,0,1
2020-09-04,US,Louisiana,St. John the Baptist,1528,96,0,30.12597499,-90.4753503,22095.0,3567.009827952471,6.282722513089006,1432,1520,96,0,1424,1518,43184,8,0,0,8,2
2020-09-04,US,Louisiana,St. Landry,3141,115,0,30.59724262,-92.00135806,22097.0,3824.704105986071,3.661254377586756,3026,3139,115,0,3024,3130,82764,2,0,0,2,9
2020-09-04,US,Louisiana,St. Martin,1996,57,0,30.13112107,-91.61403569,22099.0,3735.659074320152,2.8557114228456912,1939,1983,57,0,1926,1982,53621,13,0,0,13,1
2020-09-04,US,Louisiana,St. Mary,1778,72,0,29.69262097,-91.44702164,22101.0,3602.982896976575,4.049493813273341,1706,1774,71,0,1703,1773,49774,4,1,0,3,1
2020-09-04,US,Louisiana,St. Tammany,6267,242,0,30.40942847,-89.95642711,22103.0,2406.506437702318,3.8614967288973987,6025,6220,242,0,5978,6148,258111,47,0,0,47,72
2020-09-04,US,Louisiana,Tangipahoa,4134,104,0,30.62888673,-90.40664996,22105.0,3067.7213968743968,2.5157232704402515,4030,4098,103,0,3995,4095,133777,36,1,0,35,3
2020-09-04,US,Louisiana,Tensas,151,1,0,32.00760749,-91.32915234,22107.0,3484.079372404245,0.6622516556291391,150,151,1,0,150,153,4462,0,0,0,0,-2
2020-09-04,US,Louisiana,Terrebonne,3385,99,0,29.37343766,-90.82626855,22109.0,3064.429979811879,2.924667651403249,3286,3372,99,0,3273,3366,111021,13,0,0,13,6
2020-09-04,US,Louisiana,Unassigned,191,163,0,0.0,0.0,90022.0,0.0,85.34031413612566,28,190,163,0,27,191,,1,0,0,1,-1
2020-09-04,US,Louisiana,Union,855,39,0,32.83121059,-92.3749373,22111.0,3867.3783245883837,4.56140350877193,816,852,39,0,813,845,22330,3,0,0,3,7
2020-09-04,US,Louisiana,Vermilion,1901,48,0,29.83517605,-92.30292538,22113.0,3194.3674278704775,2.524986849026828,1853,1890,47,0,1843,1887,59830,11,1,0,10,3
2020-09-04,US,Louisiana,Vernon,966,40,0,31.10884837,-93.18153838,22115.0,2036.7285837778575,4.140786749482402,926,962,40,0,922,962,48860,4,0,0,4,0
2020-09-04,US,Louisiana,Washington,1504,60,0,30.85288548,-90.03866652,22117.0,3255.8340910074903,3.98936170212766,1444,1486,60,0,1426,1480,46582,18,0,0,18,6
2020-09-04,US,Louisiana,Webster,1064,20,0,32.70847669,-93.33121835,22119.0,2775.1695357329163,1.8796992481203008,1044,1050,20,0,1030,1047,38798,14,0,0,14,3
2020-09-04,US,Louisiana,West Baton Rouge,841,39,0,30.46058217,-91.30989571,22121.0,3177.7819761949745,4.637336504161712,802,839,39,0,800,838,26427,2,0,0,2,1
2020-09-04,US,Louisiana,West Carroll,317,9,0,32.78550125,-91.461201,22123.0,2927.0544783010155,2.8391167192429023,308,317,9,0,308,316,10982,0,0,0,0,1
2020-09-04,US,Louisiana,West Feliciana,611,21,0,30.87882871,-91.41485379999999,22125.0,3924.717368961973,3.436988543371522,590,594,21,0,573,572,15460,17,0,0,17,22
2020-09-04,US,Louisiana,Winn,573,16,0,31.94449367,-92.63789413,22127.0,4121.116225546605,2.7923211169284468,557,556,16,0,540,555,14134,17,0,0,17,1
2020-09-04,US,Maine,Androscoggin,620,10,0,44.1664747,-70.20380627,23001.0,572.6054471402052,1.6129032258064515,610,620,10,0,610,616,107679,0,0,0,0,4
2020-09-04,US,Maine,Aroostook,38,1,0,46.65926321,-68.59841248,23003.0,56.66989784505257,2.631578947368421,37,38,1,0,37,38,67111,0,0,0,0,0
2020-09-04,US,Maine,Cumberland,2212,70,0,43.8370751,-70.37226999,23005.0,749.8228831571205,3.1645569620253164,2142,2206,70,0,2136,2196,293557,6,0,0,6,10
2020-09-04,US,Maine,Franklin,53,1,0,44.97330019,-70.44381045,23007.0,175.5025000827842,1.8867924528301887,52,53,1,0,52,53,29897,0,0,0,0,0
2020-09-04,US,Maine,Hancock,50,1,0,44.59816444,-68.38401854,23009.0,90.93058359248549,2.0,49,50,1,0,49,47,54811,0,0,0,0,3
2020-09-04,US,Maine,Kennebec,193,11,0,44.40759555,-69.76738544,23011.0,157.8060865725826,5.699481865284973,182,193,11,0,182,191,122083,0,0,0,0,2
2020-09-04,US,Maine,Knox,33,1,0,44.11486325,-69.10529169,23013.0,82.97294579100875,3.0303030303030303,32,31,1,0,30,30,39771,2,0,0,2,1
2020-09-04,US,Maine,Lincoln,36,1,0,44.05996956,-69.54227124,23015.0,103.94410117225848,2.7777777777777777,35,36,1,0,35,37,34342,0,0,0,0,-1
2020-09-04,US,Maine,Oxford,71,0,0,44.49952995,-70.75682123,23017.0,122.46658042259595,0.0,71,70,0,0,70,67,57618,1,0,0,1,3
2020-09-04,US,Maine,Penobscot,240,6,0,45.40194593,-68.65020455,23019.0,157.74114677813708,2.5,234,241,6,0,235,234,151096,-1,0,0,-1,7
2020-09-04,US,Maine,Piscataquis,8,0,0,45.83839062,-69.2860223,23021.0,47.66160262138814,0.0,8,8,0,0,8,8,16800,0,0,0,0,0
2020-09-04,US,Maine,Sagadahoc,61,0,0,43.95415864,-69.85074999,23023.0,170.12494422132974,0.0,61,61,0,0,61,61,35634,0,0,0,0,0
2020-09-04,US,Maine,Somerset,61,3,0,45.51229767,-69.95995554,23025.0,120.83036209492116,4.918032786885246,58,58,2,0,56,54,50592,3,1,0,2,4
2020-09-04,US,Maine,Unassigned,1,0,0,0.0,0.0,90023.0,0.0,0.0,1,1,0,0,1,1,,0,0,0,0,0
2020-09-04,US,Maine,Waldo,70,14,0,44.4858305,-69.12061935,23027.0,176.25582273700113,20.0,56,70,14,0,56,69,39694,0,0,0,0,1
2020-09-04,US,Maine,Washington,15,0,0,45.01607142,-67.62813524,23029.0,47.802670575862855,0.0,15,15,0,0,15,15,31490,0,0,0,0,0
2020-09-04,US,Maine,York,871,15,0,43.47808377,-70.71052375,23031.0,419.4739959834522,1.722158438576349,856,867,15,0,852,851,206229,4,0,0,4,16
2020-09-04,US,Maryland,Allegany,401,21,0,39.62357628,-78.69280486,24001.0,569.472847080209,5.236907730673316,380,398,20,0,378,396,70975,3,1,0,2,2
2020-09-04,US,Maryland,Anne Arundel,8625,239,0,39.00670238,-76.60329337,24003.0,1489.0355193237963,2.7710144927536238,8386,8536,238,0,8298,8469,576031,89,1,0,88,67
2020-09-04,US,Maryland,Baltimore,15959,608,0,39.45784712,-76.62911955,24005.0,1928.8830873732431,3.809762516448399,15351,15825,607,0,15218,15665,828431,134,1,0,133,160
2020-09-04,US,Maryland,Baltimore City,14692,465,0,39.30211911,-76.61151012,24510.0,2475.526125124265,3.1649877484345224,14227,14626,463,0,14163,14569,621342,66,2,0,64,57
2020-09-04,US,Maryland,Calvert,807,28,0,38.53961642,-76.56820632,24009.0,872.1967035936234,3.4696406443618337,779,795,28,0,767,793,92003,12,0,0,12,2
2020-09-04,US,Maryland,Caroline,535,3,0,38.87172293,-75.82904158,24011.0,1601.5087110099985,0.5607476635514018,532,522,3,0,519,520,33304,13,0,0,13,2
2020-09-04,US,Maryland,Carroll,1744,123,0,39.56453592,-77.02373735,24013.0,1035.3404928553198,7.052752293577981,1621,1728,123,0,1605,1711,168429,16,0,0,16,17
2020-09-04,US,Maryland,Cecil,824,31,0,39.56647682,-75.94627411,24015.0,801.1278012736377,3.762135922330097,793,809,31,0,778,802,102826,15,0,0,15,7
2020-09-04,US,Maryland,Charles,2439,95,0,38.51092331,-76.98580666,24017.0,1493.9635053933368,3.895038950389504,2344,2424,94,0,2330,2411,161503,15,1,0,14,13
2020-09-04,US,Maryland,Dorchester,473,7,0,38.45413522,-76.02752426,24019.0,1481.4118826145514,1.4799154334038056,466,468,7,0,461,461,31998,5,0,0,5,7
2020-09-04,US,Maryland,Frederick,3562,126,0,39.47296601,-77.39999394,24021.0,1372.3911276185045,3.537338573834924,3436,3532,125,0,3407,3513,255648,30,1,0,29,19
2020-09-04,US,Maryland,Garrett,64,0,0,39.52786077,-79.27355126,24023.0,220.5831667470876,0.0,64,63,0,0,63,63,29163,1,0,0,1,0
2020-09-04,US,Maryland,Harford,2586,72,0,39.55010644,-76.30775940000002,24025.0,1012.3668479218293,2.7842227378190256,2514,2552,71,0,2481,2523,253956,34,1,0,33,29
2020-09-04,US,Maryland,Howard,4502,117,0,39.25305293,-76.93126208,24027.0,1382.2960483895733,2.5988449577965347,4385,4459,117,0,4342,4431,323196,43,0,0,43,28
2020-09-04,US,Maryland,Kent,270,24,0,39.24976208,-76.04741541,24029.0,1390.1760889712698,8.888888888888891,246,270,24,0,246,267,19383,0,0,0,0,3
2020-09-04,US,Maryland,Montgomery,20399,822,0,39.13676329,-77.20358245,24031.0,1941.4897667052448,4.029609294573263,19577,20281,821,0,19460,20190,1052567,118,1,0,117,91
2020-09-04,US,Maryland,Prince George's,26697,798,0,38.83070039,-76.8496441,24033.0,2935.9075448106128,2.989099898865041,25899,26565,797,0,25768,26428,909308,132,1,0,131,137
2020-09-04,US,Maryland,Queen Anne's,571,26,0,39.06198912,-76.03530977,24035.0,1133.3637680871755,4.553415061295972,545,560,26,0,534,558,50251,11,0,0,11,2
2020-09-04,US,Maryland,Somerset,203,4,0,38.1163542,-75.75118623,24039.0,792.4734540911929,1.9704433497536944,199,201,4,0,197,198,25675,2,0,0,2,3
2020-09-04,US,Maryland,St. Mary's,1139,56,0,38.30058422,-76.60629279999998,24037.0,1003.4358206325434,4.916593503072871,1083,1130,56,0,1074,1122,112664,9,0,0,9,8
2020-09-04,US,Maryland,Talbot,484,4,0,38.76618159,-76.10882561,24041.0,1301.7401360910142,0.8264462809917356,480,478,4,0,474,475,36968,6,0,0,6,3
2020-09-04,US,Maryland,Unassigned,0,13,0,0.0,0.0,90024.0,0.0,0.0,-13,0,12,0,-12,0,,0,1,0,-1,0
2020-09-04,US,Maryland,Washington,1369,34,0,39.60835778,-77.82002295,24043.0,906.3284099861636,2.483564645726808,1335,1349,34,0,1315,1337,150926,20,0,0,20,12
2020-09-04,US,Maryland,Wicomico,1614,47,0,38.37301947,-75.62705831,24045.0,1557.7797295601733,2.912019826517968,1567,1587,47,0,1540,1575,103195,27,0,0,27,12
2020-09-04,US,Maryland,Worcester,872,26,0,38.21274277,-75.33200012,24047.0,1668.0694773892417,2.9816513761467887,846,854,26,0,828,842,51823,18,0,0,18,12
2020-09-04,US,Massachusetts,Barnstable,1654,168,0,41.72980578,-70.28854339,25001.0,776.562279919245,10.157194679564693,1486,1645,166,0,1479,1635,213413,9,2,0,7,10
2020-09-04,US,Massachusetts,Berkshire,669,46,0,42.37428441,-73.20524838,25003.0,535.4398770649251,6.8759342301943205,623,669,46,0,623,665,126348,0,0,0,0,4
2020-09-04,US,Massachusetts,Bristol,9296,661,0,41.79228404,-71.10872211,25005.0,1644.6780617001966,7.110585197934594,8635,9252,659,0,8593,9211,564022,44,2,0,42,41
2020-09-04,US,Massachusetts,Dukes and Nantucket,98,1,0,41.40674725,-70.68763497,0.0,341.09498451150324,1.020408163265306,97,99,1,0,98,98,26707,-1,0,0,-1,1
2020-09-04,US,Massachusetts,Essex,18249,1249,0,42.6687626,-70.94687179,25009.0,2312.82809105818,6.8442106416789965,17000,18186,1243,0,16943,18125,790638,63,6,0,57,61
2020-09-04,US,Massachusetts,Franklin,394,66,0,42.58119713,-72.58602547,25011.0,561.4135081219721,16.751269035532996,328,392,66,0,326,392,70963,2,0,0,2,0
2020-09-04,US,Massachusetts,Hampden,7718,755,0,42.13440424,-72.63235561,25013.0,1654.902095323047,9.78232702772739,6963,7698,754,0,6944,7686,470406,20,1,0,19,12
2020-09-04,US,Massachusetts,Hampshire,1183,141,0,42.33997957,-72.65898478,25015.0,735.5592862028227,11.91885038038884,1042,1180,140,0,1040,1176,161355,3,1,0,2,4
2020-09-04,US,Massachusetts,Middlesex,25558,2075,0,42.48607732,-71.39049229,25017.0,1585.779975044968,8.118788637608576,23483,25495,2071,0,23424,25411,1614714,63,4,0,59,84
2020-09-04,US,Massachusetts,Norfolk,9620,1022,0,42.16073095,-71.20530408,25021.0,1361.1120936648865,10.623700623700623,8598,9597,1021,0,8576,9569,705388,23,1,0,22,28
2020-09-04,US,Massachusetts,Plymouth,9174,745,0,41.94070556,-70.80802823,25023.0,1760.162086868431,8.120776106387618,8429,9153,743,0,8410,9135,518132,21,2,0,19,18
2020-09-04,US,Massachusetts,Suffolk,22529,1107,0,42.327951399999996,-71.07850442,25025.0,2802.438590533482,4.913666829419858,21422,22593,1106,0,21487,22508,807252,-64,1,0,-65,85
2020-09-04,US,Massachusetts,Unassigned,2065,5,0,0.0,0.0,90025.0,0.0,0.2421307506053269,2060,2065,5,0,2060,10088,,0,0,0,0,-8023
2020-09-04,US,Massachusetts,Worcester,13551,1059,0,42.35026951,-71.90493363,25027.0,1631.4280141869585,7.814921408014169,12492,13522,1056,0,12466,13483,830839,29,3,0,26,39
2020-09-04,US,Michigan,Alcona,37,2,0,44.6846864,-83.59507875,26001.0,355.59827006247,5.405405405405406,35,37,2,0,35,36,10362,0,0,0,0,1
2020-09-04,US,Michigan,Alger,18,0,0,46.41292944,-86.60260122,26003.0,197.6284584980237,0.0,18,17,0,0,17,17,9097,1,0,0,1,0
2020-09-04,US,Michigan,Allegan,658,6,0,42.59147037,-85.89102866,26005.0,557.2446032807987,0.9118541033434652,652,650,6,0,644,648,117327,8,0,0,8,2
2020-09-04,US,Michigan,Alpena,132,14,0,45.03477666,-83.62212411,26007.0,464.70691779616266,10.606060606060606,118,132,14,0,118,133,28360,0,0,0,0,-1
2020-09-04,US,Michigan,Antrim,60,0,0,44.99690221,-85.15503082,26009.0,257.2457554450352,0.0,60,60,0,0,60,60,23365,0,0,0,0,0
2020-09-04,US,Michigan,Arenac,61,3,0,44.0636262,-83.89277559,26011.0,409.8636027682591,4.918032786885246,58,59,3,0,56,59,15041,2,0,0,2,0
2020-09-04,US,Michigan,Baraga,8,0,0,46.6720582,-88.36363591,26013.0,97.45401388719698,0.0,8,8,0,0,8,8,8320,0,0,0,0,0
2020-09-04,US,Michigan,Barry,224,2,0,42.59513984,-85.30834519,26015.0,363.931762794476,0.8928571428571429,222,217,2,0,215,216,61157,7,0,0,7,1
2020-09-04,US,Michigan,Bay,866,43,0,43.70639106,-83.98731479,26017.0,839.7494327327735,4.965357967667437,823,850,42,0,808,837,103923,16,1,0,15,13
2020-09-04,US,Michigan,Benzie,56,2,0,44.63899297,-86.01608482,26019.0,315.2088258471237,3.571428571428572,54,55,2,0,53,50,17753,1,0,0,1,5
2020-09-04,US,Michigan,Berrien,1656,70,0,41.95447397,-86.41313079999998,26021.0,1079.523601541059,4.2270531400966185,1586,1634,70,0,1564,1627,154141,22,0,0,22,7
2020-09-04,US,Michigan,Branch,505,4,0,41.91600556,-85.05929476,26023.0,1160.4660247719282,0.7920792079207921,501,501,4,0,497,498,43622,4,0,0,4,3
2020-09-04,US,Michigan,Calhoun,1054,44,0,42.24633834,-85.00493569,26025.0,785.6349555378322,4.174573055028463,1010,1029,44,0,985,1018,134487,25,0,0,25,11
2020-09-04,US,Michigan,Cass,427,16,0,41.91522292,-85.99405727,26027.0,824.5312530171665,3.747072599531616,411,418,16,0,402,415,51653,9,0,0,9,3
2020-09-04,US,Michigan,Charlevoix,74,3,0,45.37790017,-85.19614053,26029.0,283.05856252151625,4.0540540540540535,71,73,3,0,70,73,26244,1,0,0,1,0
2020-09-04,US,Michigan,Cheboygan,83,2,0,45.44787015,-84.50122149,26031.0,328.3747428390568,2.409638554216868,81,80,2,0,78,80,25413,3,0,0,3,0
2020-09-04,US,Michigan,Chippewa,64,0,0,46.29552653,-84.54353449,26033.0,171.3566628289914,0.0,64,65,0,0,65,62,37517,-1,0,0,-1,3
2020-09-04,US,Michigan,Clare,104,4,0,43.98794227,-84.84819859999998,26035.0,336.0258481421648,3.8461538461538463,100,103,4,0,99,103,30757,1,0,0,1,0
2020-09-04,US,Michigan,Clinton,535,13,0,42.94400871,-84.60145248,26037.0,672.1527734154156,2.4299065420560746,522,520,13,0,507,505,79332,15,0,0,15,15
2020-09-04,US,Michigan,Crawford,113,5,0,44.68255561,-84.61006219,26039.0,805.4743745099437,4.424778761061948,108,113,5,0,108,113,13901,0,0,0,0,0
2020-09-04,US,Michigan,Delta,176,3,0,45.90484910000001,-86.9080745,26041.0,491.8399284596469,1.7045454545454546,173,169,3,0,166,167,35857,7,0,0,7,2
2020-09-04,US,Michigan,Dickinson,67,2,0,46.00999672,-87.86961634,26043.0,265.46218154443517,2.985074626865672,65,67,2,0,65,66,25383,0,0,0,0,1
2020-09-04,US,Michigan,Eaton,526,9,0,42.59599185,-84.83740035,26045.0,477.01962491384626,1.7110266159695815,517,523,9,0,514,522,109826,3,0,0,3,1
2020-09-04,US,Michigan,Emmet,129,3,0,45.52625509,-84.89083249,26047.0,386.05416729013916,2.3255813953488373,126,127,3,0,124,128,33308,2,0,0,2,-1
2020-09-04,US,Michigan,Federal Correctional Institution (FCI),196,5,0,0.0,0.0,0.0,0.0,2.5510204081632653,191,196,5,0,191,196,,0,0,0,0,0
2020-09-04,US,Michigan,Genesee,4021,305,0,43.02244215,-83.70589709,26049.0,990.8504656085437,7.585177816463566,3716,4005,305,0,3700,3994,406892,16,0,0,16,11
2020-09-04,US,Michigan,Gladwin,81,2,0,43.98901072,-84.38774817,26051.0,318.2836260756808,2.469135802469136,79,80,2,0,78,79,25337,1,0,0,1,1
2020-09-04,US,Michigan,Gogebic,146,1,0,46.40862701,-89.69377193,26053.0,1044.7227191413238,0.6849315068493149,145,144,1,0,143,144,15096,2,0,0,2,0
2020-09-04,US,Michigan,Grand Traverse,380,7,0,44.69565625,-85.55585247,26055.0,408.21588174630455,1.8421052631578947,373,370,7,0,363,364,92573,10,0,0,10,6
2020-09-04,US,Michigan,Gratiot,193,15,0,43.29265605,-84.60505416,26057.0,474.0733462700498,7.772020725388602,178,192,15,0,177,190,40599,1,0,0,1,2
2020-09-04,US,Michigan,Hillsdale,305,26,0,41.88753639,-84.59312019,26059.0,668.7863172897709,8.524590163934427,279,305,26,0,279,303,45749,0,0,0,0,2
2020-09-04,US,Michigan,Houghton,110,2,0,46.89988536,-88.68495385,26061.0,308.2614056720098,1.818181818181818,108,95,1,0,94,85,36219,15,1,0,14,10
2020-09-04,US,Michigan,Huron,205,4,0,43.83353985,-83.04078453,26063.0,661.6958781188471,1.951219512195122,201,204,4,0,200,203,31166,1,0,0,1,1
2020-09-04,US,Michigan,Ingham,1889,40,0,42.59716886,-84.37472069,26065.0,646.0195755217062,2.1175224986765486,1849,1840,40,0,1800,1814,292735,49,0,0,49,26
2020-09-04,US,Michigan,Ionia,385,7,0,42.94502238,-85.07413319,26067.0,595.0816884863286,1.818181818181818,378,307,7,0,300,302,64210,78,0,0,78,5
2020-09-04,US,Michigan,Iosco,149,12,0,44.35486835,-83.63484895,26069.0,592.987622875791,8.053691275167786,137,145,12,0,133,143,25081,4,0,0,4,2
2020-09-04,US,Michigan,Iron,36,1,0,46.20974132,-88.53136251,26071.0,325.32080245797937,2.7777777777777777,35,36,1,0,35,35,11117,0,0,0,0,1
2020-09-04,US,Michigan,Isabella,557,10,0,43.64060976,-84.84664923,26073.0,797.171971605221,1.7953321364452424,547,544,10,0,534,530,70562,13,0,0,13,14
2020-09-04,US,Michigan,Jackson,859,40,0,42.24807035,-84.42258681,26075.0,541.9216453220616,4.656577415599535,819,856,40,0,816,853,158823,3,0,0,3,3
2020-09-04,US,Michigan,Kalamazoo,2037,88,0,42.24542231,-85.53038622,26077.0,768.4878483094777,4.32007854688267,1949,1995,88,0,1907,1979,264870,42,0,0,42,16
2020-09-04,US,Michigan,Kalkaska,68,4,0,44.68512729,-85.09085699,26079.0,376.9819270429095,5.882352941176472,64,67,4,0,63,66,17824,1,0,0,1,1
2020-09-04,US,Michigan,Kent,8640,169,0,43.03197711,-85.54934642,26081.0,1315.158572504966,1.9560185185185184,8471,8610,169,0,8441,8562,653786,30,0,0,30,48
2020-09-04,US,Michigan,Keweenaw,4,0,0,47.63197653,-88.41434263,26083.0,189.0359168241966,0.0,4,2,0,0,2,2,2113,2,0,0,2,0
2020-09-04,US,Michigan,Lake,29,0,0,43.99050893,-85.802173,26085.0,244.6637981945499,0.0,29,29,0,0,29,29,11881,0,0,0,0,0
2020-09-04,US,Michigan,Lapeer,552,36,0,43.09052506,-83.22153148,26087.0,630.0866369125755,6.521739130434782,516,546,35,0,511,544,88028,6,1,0,5,2
2020-09-04,US,Michigan,Leelanau,95,1,0,44.94430054,-85.80150326,26089.0,436.5608198152658,1.0526315789473684,94,95,1,0,94,95,21764,0,0,0,0,0
2020-09-04,US,Michigan,Lenawee,665,13,0,41.89475156,-84.06603727,26091.0,675.4629206407249,1.954887218045113,652,660,13,0,647,635,98266,5,0,0,5,25
2020-09-04,US,Michigan,Livingston,1164,29,0,42.60302282,-83.91297209,26093.0,606.265788171567,2.4914089347079043,1135,1153,29,0,1124,1137,191224,11,0,0,11,16
2020-09-04,US,Michigan,Luce,6,0,0,46.47227431,-85.54471223,26095.0,96.3236474554503,0.0,6,5,0,0,5,5,6283,1,0,0,1,0
2020-09-04,US,Michigan,Mackinac,42,0,0,46.07028979,-85.04980537,26097.0,388.92490045374564,0.0,42,38,0,0,38,37,10787,4,0,0,4,1
2020-09-04,US,Michigan,Macomb,13104,982,0,42.69158356,-82.92752801,26099.0,1499.3615356098364,7.493894993894994,12122,13031,981,0,12050,12936,874759,73,1,0,72,95
2020-09-04,US,Michigan,Manistee,61,1,0,44.33352407,-86.05626916,26101.0,248.3915628308494,1.639344262295082,60,59,1,0,58,55,24528,2,0,0,2,4
2020-09-04,US,Michigan,Marquette,264,11,0,46.4338914,-87.64043701,26103.0,395.80803310394464,4.166666666666667,253,262,11,0,251,254,66516,2,0,0,2,8
2020-09-04,US,Michigan,Mason,122,0,0,43.99509218,-86.24988902,26105.0,418.611034861378,0.0,122,122,0,0,122,120,29100,0,0,0,0,2
2020-09-04,US,Michigan,Mecosta,98,2,0,43.64064262,-85.32463223,26107.0,225.53103353048118,2.0408163265306123,96,94,2,0,92,92,43545,4,0,0,4,2
2020-09-04,US,Michigan,Menominee,260,0,0,45.58038692,-87.55370409,26109.0,1141.352063213345,0.0,260,258,0,0,258,256,22983,2,0,0,2,2
2020-09-04,US,Michigan,Michigan Department of Corrections (MDOC),5345,70,0,0.0,0.0,0.0,0.0,1.3096351730589335,5275,5304,70,0,5234,5304,,41,0,0,41,0
2020-09-04,US,Michigan,Midland,449,11,0,43.64330771,-84.38804374,26111.0,539.9490114964644,2.4498886414253898,438,438,11,0,427,428,83209,11,0,0,11,10
2020-09-04,US,Michigan,Missaukee,49,1,0,44.33772443,-85.09256478,26113.0,324.11694668606964,2.0408163265306123,48,49,1,0,48,48,15113,0,0,0,0,1
2020-09-04,US,Michigan,Monroe,1367,28,0,41.92734151,-83.53749864,26115.0,908.3056478405316,2.04828090709583,1339,1357,28,0,1329,1340,150439,10,0,0,10,17
2020-09-04,US,Michigan,Montcalm,238,4,0,43.31082541,-85.15252824,26117.0,372.52692211369896,1.680672268907563,234,235,4,0,231,228,63968,3,0,0,3,7
2020-09-04,US,Michigan,Montmorency,12,0,0,45.0275929,-84.12696227,26119.0,128.6449399656947,0.0,12,12,0,0,12,12,9265,0,0,0,0,0
2020-09-04,US,Michigan,Muskegon,1363,68,0,43.29123859,-86.15176712,26121.0,785.2920502863465,4.988994864269992,1295,1356,68,0,1288,1346,173588,7,0,0,7,10
2020-09-04,US,Michigan,Newaygo,302,1,0,43.554373999999996,-85.80070107,26123.0,616.5781951817069,0.3311258278145696,301,301,1,0,300,301,48892,1,0,0,1,0
2020-09-04,US,Michigan,Oakland,18455,1170,0,42.66090111,-83.38595416,26125.0,1467.4964058066894,6.3397453264697905,17285,18351,1169,0,17182,18247,1259201,104,1,0,103,104
2020-09-04,US,Michigan,Oceana,501,6,0,43.64124435,-86.26726673,26127.0,1892.9232629311973,1.1976047904191616,495,501,6,0,495,501,26625,0,0,0,0,0
2020-09-04,US,Michigan,Ogemaw,58,5,0,44.33481032,-84.12725175,26129.0,276.22993761013475,8.620689655172415,53,58,5,0,53,58,20952,0,0,0,0,0
2020-09-04,US,Michigan,Ontonagon,36,0,0,46.665226200000006,-89.31390481,26131.0,629.3706293706292,0.0,36,36,0,0,36,34,5795,0,0,0,0,2
2020-09-04,US,Michigan,Osceola,80,0,0,43.98992088,-85.32566756,26133.0,341.00596760443307,0.0,80,80,0,0,80,79,23341,0,0,0,0,1
2020-09-04,US,Michigan,Oscoda,29,1,0,44.68192279,-84.12939244,26135.0,351.8990413784735,3.4482758620689653,28,32,1,0,31,29,8276,-3,0,0,-3,3
2020-09-04,US,Michigan,Otsego,151,11,0,45.02085831,-84.59898295,26137.0,612.1290741041025,7.284768211920531,140,148,11,0,137,147,24665,3,0,0,3,1
2020-09-04,US,Michigan,Ottawa,2371,63,0,42.95996803,-85.9969107,26139.0,812.4593085015248,2.6571067060312106,2308,2326,63,0,2263,2280,290494,45,0,0,45,46
2020-09-04,US,Michigan,Out of MI,139,0,0,0.0,0.0,80026.0,0.0,0.0,139,121,0,0,121,115,,18,0,0,18,6
2020-09-04,US,Michigan,Presque Isle,22,1,0,45.34018577,-83.91498656,26141.0,174.7141041931385,4.545454545454546,21,21,1,0,20,21,12738,1,0,0,1,0
2020-09-04,US,Michigan,Roscommon,76,4,0,44.33473082,-84.61067651,26143.0,316.41617053166243,5.2631578947368425,72,76,4,0,72,76,23884,0,0,0,0,0
2020-09-04,US,Michigan,Saginaw,2623,132,0,43.33433923,-84.05131209999998,26145.0,1376.6210592057266,5.032405642394205,2491,2584,132,0,2452,2558,190800,39,0,0,39,26
2020-09-04,US,Michigan,Sanilac,128,7,0,43.42406072,-82.82055898,26151.0,310.9059995142094,5.46875,121,126,7,0,119,125,41182,2,0,0,2,1
2020-09-04,US,Michigan,Schoolcraft,15,0,0,46.19235734,-86.19972234,26153.0,185.32246108228318,0.0,15,15,0,0,15,15,8068,0,0,0,0,0
2020-09-04,US,Michigan,Shiawassee,452,30,0,42.95392800000001,-84.14585902,26155.0,663.5154575614339,6.6371681415929205,422,459,30,0,429,436,68192,-7,0,0,-7,23
2020-09-04,US,Michigan,St. Clair,939,53,0,42.92655373,-82.67937954,26147.0,590.0909959278065,5.644302449414271,886,934,53,0,881,934,159337,5,0,0,5,0
2020-09-04,US,Michigan,St. Joseph,691,11,0,41.91441767,-85.52797979,26149.0,1133.4558099862213,1.5918958031837915,680,683,11,0,672,684,61043,8,0,0,8,-1
2020-09-04,US,Michigan,Tuscola,466,29,0,43.46606813,-83.41897025,26157.0,891.9513829074552,6.223175965665237,437,462,29,0,433,459,52516,4,0,0,4,3
2020-09-04,US,Michigan,Unassigned,5,0,0,0.0,0.0,90026.0,0.0,0.0,5,5,0,0,5,6,,0,0,0,0,-1
2020-09-04,US,Michigan,Van Buren,658,16,0,42.25190229,-86.01939087,26159.0,869.4847840162797,2.4316109422492405,642,647,16,0,631,643,75448,11,0,0,11,4
2020-09-04,US,Michigan,Washtenaw,2982,114,0,42.253105,-83.83853204,26161.0,811.2056278410561,3.8229376257545273,2868,2956,114,0,2842,2944,370963,26,0,0,26,12
2020-09-04,US,Michigan,Wayne,31825,2895,0,42.28098405,-83.281255,26163.0,1819.2544286626464,9.096622152395916,28930,31607,2893,0,28714,31483,1753893,218,2,0,216,124
2020-09-04,US,Michigan,Wexford,112,4,0,44.33853602,-85.57712739,26165.0,333.02607713121824,3.571428571428572,108,110,4,0,106,107,33466,2,0,0,2,3
2020-09-04,US,Minnesota,Aitkin,55,1,0,46.60962049,-93.41168259999999,27001.0,346.2167946619665,1.818181818181818,54,52,1,0,51,51,15902,3,0,0,3,1
2020-09-04,US,Minnesota,Anoka,4923,123,0,45.27476015,-93.24604565,27003.0,1379.296819184077,2.4984765386959173,4800,4871,121,0,4750,4816,353813,52,2,0,50,55
2020-09-04,US,Minnesota,Becker,205,2,0,46.93479392,-95.67158144,27005.0,595.5320570548761,0.975609756097561,203,203,2,0,201,201,34371,2,0,0,2,2
2020-09-04,US,Minnesota,Beltrami,329,1,0,47.97373527,-94.93732139,27007.0,697.2111553784862,0.30395136778115506,328,329,1,0,328,327,46847,0,0,0,0,2
2020-09-04,US,Minnesota,Benton,419,3,0,45.69804958,-93.99514135,27009.0,1024.7254762894663,0.7159904534606205,416,414,3,0,411,412,40545,5,0,0,5,2
2020-09-04,US,Minnesota,Big Stone,38,0,0,45.42712824,-96.41403739,27011.0,761.3704668403128,0.0,38,35,0,0,35,35,4989,3,0,0,3,0
2020-09-04,US,Minnesota,Blue Earth,1363,5,0,44.03554215,-94.06699781,27013.0,2014.6926226479238,0.3668378576669112,1358,1344,5,0,1339,1303,67427,19,0,0,19,41
2020-09-04,US,Minnesota,Brown,136,2,0,44.24205652,-94.72562874,27015.0,543.8259756877799,1.4705882352941178,134,135,2,0,133,133,25111,1,0,0,1,2
2020-09-04,US,Minnesota,Carlton,202,1,0,46.59180601,-92.67601019,27017.0,563.1289899919153,0.4950495049504951,201,200,1,0,199,196,35837,2,0,0,2,4
2020-09-04,US,Minnesota,Carver,1169,5,0,44.82017001,-93.80099179999999,27019.0,1112.3904499995242,0.427715996578272,1164,1160,5,0,1155,1140,103551,9,0,0,9,20
2020-09-04,US,Minnesota,Cass,105,3,0,46.95043611,-94.32603968,27021.0,352.59746801437257,2.8571428571428568,102,105,3,0,102,105,29519,0,0,0,0,0
2020-09-04,US,Minnesota,Chippewa,149,1,0,45.02343421,-95.56403693,27023.0,1262.7118644067796,0.6711409395973155,148,148,1,0,147,142,11924,1,0,0,1,6
2020-09-04,US,Minnesota,Chisago,329,1,0,45.5021011,-92.90861945,27025.0,581.4878311741105,0.30395136778115506,328,327,1,0,326,321,55922,2,0,0,2,6
2020-09-04,US,Minnesota,Clay,960,40,0,46.89289518,-96.48761922,27027.0,1494.8148609510758,4.166666666666667,920,940,40,0,900,913,63955,20,0,0,20,27
2020-09-04,US,Minnesota,Clearwater,20,0,0,47.57992111,-95.37790562,27029.0,226.80880018144703,0.0,20,20,0,0,20,19,8810,0,0,0,0,1
2020-09-04,US,Minnesota,Cook,6,0,0,47.90504893,-90.52629546,27031.0,109.82976386600771,0.0,6,6,0,0,6,6,5393,0,0,0,0,0
2020-09-04,US,Minnesota,Cottonwood,202,0,0,44.00715262,-95.18138802,27033.0,1804.2157913540548,0.0,202,202,0,0,202,202,11277,0,0,0,0,0
2020-09-04,US,Minnesota,Crow Wing,327,16,0,46.48096553,-94.06755609,27035.0,502.6516024902007,4.892966360856269,311,320,16,0,304,315,64889,7,0,0,7,5
2020-09-04,US,Minnesota,Dakota,6303,113,0,44.67172617,-93.06299363,27037.0,1469.1588523638702,1.7927970807551958,6190,6219,113,0,6106,6084,425423,84,0,0,84,135
2020-09-04,US,Minnesota,Dodge,160,0,0,44.02238415,-92.86244324,27039.0,764.306869207987,0.0,160,158,0,0,158,158,20822,2,0,0,2,0
2020-09-04,US,Minnesota,Douglas,179,1,0,45.93348491,-95.45335469,27041.0,469.31123987310235,0.5586592178770949,178,174,1,0,173,173,37964,5,0,0,5,1
2020-09-04,US,Minnesota,Faribault,117,0,0,43.67381499,-93.94787458,27043.0,856.9545154911009,0.0,117,116,0,0,116,116,13758,1,0,0,1,0
2020-09-04,US,Minnesota,Fillmore,88,0,0,43.67394126,-92.08980382,27045.0,417.7149095742156,0.0,88,86,0,0,86,86,21058,2,0,0,2,0
2020-09-04,US,Minnesota,Freeborn,413,1,0,43.67385583,-93.34884422,27047.0,1363.8915491562366,0.2421307506053269,412,411,1,0,410,402,30444,2,0,0,2,9
2020-09-04,US,Minnesota,Goodhue,269,9,0,44.40849741,-92.72341949999999,27049.0,580.4920155373328,3.3457249070631967,260,265,9,0,256,262,46403,4,0,0,4,3
2020-09-04,US,Minnesota,Grant,56,4,0,45.93424769,-96.01139609,27051.0,937.7093101138647,7.142857142857142,52,55,4,0,51,55,6021,1,0,0,1,0
2020-09-04,US,Minnesota,Hennepin,23798,888,0,45.00761521,-93.47694895,27053.0,1880.01197620874,3.7314060005042435,22910,23569,885,0,22684,23372,1259428,229,3,0,226,197
2020-09-04,US,Minnesota,Houston,83,0,0,43.67129565,-91.49143057,27055.0,446.23655913978484,0.0,83,81,0,0,81,80,18578,2,0,0,2,1
2020-09-04,US,Minnesota,Hubbard,46,0,0,47.10778564,-94.91693868,27057.0,214.04308780419709,0.0,46,46,0,0,46,46,21332,0,0,0,0,0
2020-09-04,US,Minnesota,Isanti,187,0,0,45.56181234,-93.29487636,27059.0,460.6365159128977,0.0,187,183,0,0,183,179,39966,4,0,0,4,4
2020-09-04,US,Minnesota,Itasca,212,13,0,47.51009045,-93.63092229,27061.0,469.75404387325517,6.132075471698112,199,207,13,0,194,201,45108,5,0,0,5,6
2020-09-04,US,Minnesota,Jackson,98,1,0,43.67423373,-95.15398258,27063.0,995.3280520008124,1.020408163265306,97,97,1,0,96,97,9911,1,0,0,1,0
2020-09-04,US,Minnesota,Kanabec,71,6,0,45.9459309,-93.29275192,27065.0,434.59631511293367,8.450704225352112,65,69,6,0,63,65,16207,2,0,0,2,4
2020-09-04,US,Minnesota,Kandiyohi,842,1,0,45.1526059,-95.00586446,27067.0,1949.1191925739026,0.1187648456057007,841,834,1,0,833,825,42855,8,0,0,8,9
2020-09-04,US,Minnesota,Kittson,8,0,0,48.77754106,-96.78317184,27069.0,186.13308515588642,0.0,8,8,0,0,8,8,4248,0,0,0,0,0
2020-09-04,US,Minnesota,Koochiching,90,3,0,48.24539665,-93.78352843,27071.0,735.9555155777251,3.333333333333333,87,89,3,0,86,89,12440,1,0,0,1,0
2020-09-04,US,Minnesota,Lac qui Parle,20,0,0,44.9973857,-96.17488219,27073.0,301.9779556092405,0.0,20,19,0,0,19,18,6658,1,0,0,1,1
2020-09-04,US,Minnesota,Lake,37,0,0,47.64270764,-91.44557998,27075.0,347.71168123296684,0.0,37,34,0,0,34,34,10658,3,0,0,3,0
2020-09-04,US,Minnesota,Lake of the Woods,14,1,0,48.77217001,-94.90274472,27077.0,374.3315508021389,7.142857142857142,13,13,1,0,12,13,3758,1,0,0,1,0
2020-09-04,US,Minnesota,Le Sueur,401,2,0,44.37136597,-93.72844721,27079.0,1388.167687887285,0.4987531172069826,399,399,2,0,397,386,28494,2,0,0,2,13
2020-09-04,US,Minnesota,Lincoln,71,0,0,44.41311883,-96.26688165,27081.0,1259.088490867175,0.0,71,71,0,0,71,70,5673,0,0,0,0,1
2020-09-04,US,Minnesota,Lyon,556,3,0,44.41327865,-95.83806103,27083.0,2182.61757085656,0.5395683453237411,553,546,3,0,543,540,25629,10,0,0,10,6
2020-09-04,US,Minnesota,Mahnomen,36,1,0,47.32557075,-95.80921485,27087.0,651.3479283517279,2.7777777777777777,35,36,1,0,35,37,5519,0,0,0,0,-1
2020-09-04,US,Minnesota,Marshall,44,1,0,48.35825983,-96.37017407,27089.0,471.29391602399323,2.272727272727273,43,39,0,0,39,38,9390,5,1,0,4,1
2020-09-04,US,Minnesota,Martin,248,9,0,43.67429718,-94.55099908,27091.0,1259.9705329472133,3.629032258064516,239,247,7,0,240,237,19785,1,2,0,-1,10
2020-09-04,US,Minnesota,McLeod,375,1,0,44.82367677,-94.27287017,27085.0,1044.7719611066223,0.26666666666666666,374,370,1,0,369,369,35873,5,0,0,5,1
2020-09-04,US,Minnesota,Meeker,119,2,0,45.12328869,-94.52839455,27093.0,512.4450951683748,1.680672268907563,117,117,2,0,115,112,23141,2,0,0,2,5
2020-09-04,US,Minnesota,Mille Lacs,107,3,0,45.93705297,-93.63236823,27095.0,407.20021311413024,2.803738317757009,104,105,3,0,102,104,26139,2,0,0,2,1
2020-09-04,US,Minnesota,Morrison,125,1,0,46.01265363,-94.27341528,27097.0,374.40843467321633,0.8,124,124,1,0,123,121,33169,1,0,0,1,3
2020-09-04,US,Minnesota,Mower,1198,3,0,43.67142874,-92.75234549,27099.0,2990.364934351755,0.25041736227045075,1195,1192,3,0,1189,1187,40011,6,0,0,6,5
2020-09-04,US,Minnesota,Murray,144,2,0,44.02216709,-95.76328482,27101.0,1757.3834513058334,1.3888888888888888,142,143,2,0,141,143,8276,1,0,0,1,0
2020-09-04,US,Minnesota,Nicollet,452,15,0,44.35291112,-94.24710352,27103.0,1318.7839178385948,3.31858407079646,437,449,15,0,434,445,34220,3,0,0,3,4
2020-09-04,US,Minnesota,Nobles,1882,13,0,43.67434621,-95.75329576,27105.0,8701.280687965233,0.6907545164718385,1869,1875,13,0,1862,1870,21924,7,0,0,7,5
2020-09-04,US,Minnesota,Norman,48,0,0,47.32628443,-96.45620947,27107.0,752.9411764705882,0.0,48,46,0,0,46,46,6475,2,0,0,2,0
2020-09-04,US,Minnesota,Olmsted,2080,25,0,44.00374114,-92.40209944,27109.0,1314.0189395614461,1.2019230769230769,2055,2073,25,0,2048,2058,156277,7,0,0,7,15
2020-09-04,US,Minnesota,Otter Tail,310,4,0,46.40846929,-95.70835255,27111.0,527.6955026725224,1.2903225806451613,306,305,4,0,301,297,58812,5,0,0,5,8
2020-09-04,US,Minnesota,Pennington,98,1,0,48.06642577,-96.0370814,27113.0,694.1001487357463,1.020408163265306,97,96,1,0,95,94,14178,2,0,0,2,2
2020-09-04,US,Minnesota,Pine,160,0,0,46.12105238,-92.74070188,27115.0,540.9243044051523,0.0,160,158,0,0,158,157,29483,2,0,0,2,1
2020-09-04,US,Minnesota,Pipestone,193,9,0,44.02301619,-96.25841142,27117.0,2114.836730221345,4.66321243523316,184,189,9,0,180,189,9047,4,0,0,4,0
2020-09-04,US,Minnesota,Polk,218,4,0,47.77372465,-96.40134647,27119.0,695.0644050503763,1.834862385321101,214,211,4,0,207,204,31529,7,0,0,7,7
2020-09-04,US,Minnesota,Pope,67,0,0,45.58606667,-95.44451209,27121.0,595.6084985332029,0.0,67,64,0,0,64,64,11097,3,0,0,3,0
2020-09-04,US,Minnesota,Ramsey,9492,301,0,45.01625271,-93.09872295,27123.0,1724.8115190952192,3.1710914454277286,9191,9396,299,0,9097,9311,550210,96,2,0,94,85
2020-09-04,US,Minnesota,Red Lake,32,0,0,47.87197525,-96.09561104,27125.0,789.1491985203453,0.0,32,31,0,0,31,29,3999,1,0,0,1,2
2020-09-04,US,Minnesota,Redwood,73,0,0,44.40555844,-95.25207021,27127.0,481.21292023731047,0.0,73,72,0,0,72,71,15249,1,0,0,1,1
2020-09-04,US,Minnesota,Renville,91,6,0,44.72836381,-94.94553734,27129.0,625.5155347814133,6.593406593406592,85,87,6,0,81,84,14612,4,0,0,4,3
2020-09-04,US,Minnesota,Rice,1216,8,0,44.3543376,-93.29658715,27131.0,1815.6841665173504,0.6578947368421053,1208,1211,8,0,1203,1207,66523,5,0,0,5,4
2020-09-04,US,Minnesota,Rock,112,0,0,43.67482683,-96.25296832,27133.0,1202.361782071927,0.0,112,110,0,0,110,110,9414,2,0,0,2,0
2020-09-04,US,Minnesota,Roseau,76,0,0,48.77501878,-95.81079919,27135.0,501.15397296406195,0.0,76,74,0,0,74,73,15150,2,0,0,2,1
2020-09-04,US,Minnesota,Scott,2141,32,0,44.6490231,-93.53340251,27139.0,1436.7873943884092,1.494628678187763,2109,2105,32,0,2073,2068,147381,36,0,0,36,37
2020-09-04,US,Minnesota,Sherburne,947,13,0,45.44447208,-93.77617511,27141.0,973.8990929472017,1.372756071805702,934,939,13,0,926,930,96036,8,0,0,8,9
2020-09-04,US,Minnesota,Sibley,144,3,0,44.5796592,-94.23164924,27143.0,968.7184661957616,2.083333333333333,141,143,3,0,140,140,15028,1,0,0,1,3
2020-09-04,US,Minnesota,St. Louis,947,24,0,47.604840700000004,-92.46879855,27137.0,475.71206108404084,2.5343189017951424,923,922,24,0,898,908,199754,25,0,0,25,14
2020-09-04,US,Minnesota,Stearns,3384,22,0,45.55192576,-94.61078221,27145.0,2100.8846810492005,0.6501182033096927,3362,3365,22,0,3343,3306,159256,19,0,0,19,59
2020-09-04,US,Minnesota,Steele,458,2,0,44.02240351,-93.22627088,27147.0,1249.6930339163416,0.4366812227074236,456,449,2,0,447,441,36803,9,0,0,9,8
2020-09-04,US,Minnesota,Stevens,64,1,0,45.58613007,-96.00163705,27149.0,652.7281998980112,1.5625,63,57,1,0,56,54,9753,7,0,0,7,3
2020-09-04,US,Minnesota,Swift,70,1,0,45.2829032,-95.68264092,27151.0,755.4500323764299,1.4285714285714286,69,68,1,0,67,65,9345,2,0,0,2,3
2020-09-04,US,Minnesota,Todd,452,2,0,46.06996226,-94.89785296,27153.0,1832.6305546545573,0.4424778761061947,450,452,2,0,450,452,24582,0,0,0,0,0
2020-09-04,US,Minnesota,Traverse,21,0,0,45.77298854,-96.47062949,27155.0,644.3694384780607,0.0,21,21,0,0,21,21,3308,0,0,0,0,0
2020-09-04,US,Minnesota,Unassigned,166,52,0,0.0,0.0,90027.0,0.0,31.325301204819283,114,207,52,0,155,157,,-41,0,0,-41,50
2020-09-04,US,Minnesota,Wabasha,129,0,0,44.28424356,-92.23121312,27157.0,596.4766264391733,0.0,129,129,0,0,129,125,21645,0,0,0,0,4
2020-09-04,US,Minnesota,Wadena,49,0,0,46.58589171,-94.96968506,27159.0,358.1347756175997,0.0,49,49,0,0,49,49,13773,0,0,0,0,0
2020-09-04,US,Minnesota,Waseca,298,3,0,44.02211116,-93.58720034,27161.0,1601.117558564367,1.0067114093959733,295,281,3,0,278,271,18691,17,0,0,17,10
2020-09-04,US,Minnesota,Washington,3168,54,0,45.03864533,-92.88429635,27163.0,1207.1330589849108,1.7045454545454546,3114,3124,54,0,3070,3071,259201,44,0,0,44,53
2020-09-04,US,Minnesota,Watonwan,449,4,0,43.97823903,-94.61413846,27165.0,4120.400110122052,0.8908685968819601,445,445,4,0,441,445,10980,4,0,0,4,0
2020-09-04,US,Minnesota,Wilkin,51,3,0,46.35721532,-96.4684375,27167.0,821.6529724504593,5.882352941176472,48,51,3,0,48,51,6254,0,0,0,0,0
2020-09-04,US,Minnesota,Winona,550,17,0,43.98772283,-91.78081305,27169.0,1089.4540844624041,3.0909090909090913,533,535,17,0,518,507,50825,15,0,0,15,28
2020-09-04,US,Minnesota,Wright,1321,6,0,45.17297924,-93.96234781,27171.0,954.6384153435904,0.4542013626040878,1315,1300,6,0,1294,1277,136349,21,0,0,21,23
2020-09-04,US,Minnesota,Yellow Medicine,105,1,0,44.71710183,-95.86842453,27173.0,1081.4708002883922,0.9523809523809524,104,101,1,0,100,94,9795,4,0,0,4,7
2020-09-04,US,Mississippi,Adams,809,32,0,31.47669768,-91.35326037,28001.0,2635.780145310005,3.955500618046972,777,800,32,0,768,797,31192,9,0,0,9,3
2020-09-04,US,Mississippi,Alcorn,669,6,0,34.88084463,-88.57996173,28003.0,1810.4078153329904,0.8968609865470852,663,661,6,0,655,654,36925,8,0,0,8,7
2020-09-04,US,Mississippi,Amite,282,7,0,31.17467303,-90.80501621,28005.0,2293.242254208344,2.482269503546099,275,282,7,0,275,279,12326,0,0,0,0,3
2020-09-04,US,Mississippi,Attala,599,25,0,33.08658803,-89.57838564,28007.0,3295.917244415098,4.173622704507513,574,594,25,0,569,592,18365,5,0,0,5,2
2020-09-04,US,Mississippi,Benton,200,1,0,34.81681228,-89.18945516,28009.0,2421.60067804819,0.5,199,197,1,0,196,196,8271,3,0,0,3,1
2020-09-04,US,Mississippi,Bolivar,1605,56,0,33.79696941,-90.87372121,28011.0,5240.302990727439,3.4890965732087227,1549,1583,55,0,1528,1556,31333,22,1,0,21,27
2020-09-04,US,Mississippi,Calhoun,485,11,0,33.93683395,-89.33686647,28013.0,3377.2021446974445,2.268041237113402,474,483,11,0,472,482,14436,2,0,0,2,1
2020-09-04,US,Mississippi,Carroll,296,12,0,33.44834567,-89.91994479,28015.0,2975.7715894239477,4.0540540540540535,284,296,12,0,284,294,9911,0,0,0,0,2
2020-09-04,US,Mississippi,Chickasaw,604,22,0,33.91983202,-88.9481545,28017.0,3531.544173536807,3.6423841059602653,582,603,22,0,581,600,17171,1,0,0,1,3
2020-09-04,US,Mississippi,Choctaw,161,4,0,33.34598242,-89.24809382,28019.0,1961.0231425091351,2.4844720496894412,157,159,4,0,155,158,8278,2,0,0,2,1
2020-09-04,US,Mississippi,Claiborne,443,16,0,31.97061673,-90.90702196,28021.0,4928.7939474855375,3.611738148984199,427,442,16,0,426,441,9002,1,0,0,1,1
2020-09-04,US,Mississippi,Clarke,482,30,0,32.04158545,-88.68896219999998,28023.0,3101.473521652403,6.224066390041495,452,479,30,0,449,477,15604,3,0,0,3,2
2020-09-04,US,Mississippi,Clay,492,16,0,33.65358105,-88.77784255,28025.0,2547.1112031476496,3.2520325203252027,476,484,16,0,468,483,19386,8,0,0,8,1
2020-09-04,US,Mississippi,Coahoma,1033,20,0,34.22772299,-90.60415045,28027.0,4669.137588139577,1.936108422071636,1013,1022,20,0,1002,1013,22628,11,0,0,11,9
2020-09-04,US,Mississippi,Copiah,1111,31,0,31.86977774,-90.44565118,28029.0,3958.6673792980573,2.7902790279027903,1080,1105,31,0,1074,1103,28543,6,0,0,6,2
2020-09-04,US,Mississippi,Covington,731,17,0,31.63225413,-89.55389939,28031.0,3922.515561279245,2.3255813953488373,714,726,17,0,709,725,18853,5,0,0,5,1
2020-09-04,US,Mississippi,DeSoto,4823,48,0,34.87625235,-89.99091418,28033.0,2607.8023196085323,0.9952311839104292,4775,4757,48,0,4709,4713,182001,66,0,0,66,44
2020-09-04,US,Mississippi,Forrest,2219,68,0,31.18961454,-89.25832496,28035.0,2962.7354900730347,3.064443442992339,2151,2203,67,0,2136,2165,75036,16,1,0,15,38
2020-09-04,US,Mississippi,Franklin,179,3,0,31.47786634,-90.89672989,28037.0,2320.757163230909,1.675977653631285,176,179,3,0,176,178,7788,0,0,0,0,1
2020-09-04,US,Mississippi,George,707,13,0,30.86259065,-88.64436789,28039.0,2885.714285714286,1.8387553041018387,694,706,13,0,693,687,24250,1,0,0,1,19
2020-09-04,US,Mississippi,Greene,302,14,0,31.21444233,-88.63922281,28041.0,2222.876490504932,4.635761589403972,288,301,14,0,287,300,13586,1,0,0,1,1
2020-09-04,US,Mississippi,Grenada,974,32,0,33.77036166,-89.80245083,28043.0,4692.166875421524,3.2854209445585214,942,970,32,0,938,966,21055,4,0,0,4,4
2020-09-04,US,Mississippi,Hancock,510,20,0,30.41830223,-89.48851033,28045.0,1070.7087672153177,3.92156862745098,490,508,20,0,488,502,47334,2,0,0,2,6
2020-09-04,US,Mississippi,Harrison,3445,61,0,30.51359752,-89.12467576,28047.0,1655.61322568243,1.7706821480406385,3384,3408,61,0,3347,3375,206650,37,0,0,37,33
2020-09-04,US,Mississippi,Hinds,6635,143,0,32.2656285,-90.44435448,28049.0,2861.887508626639,2.155237377543331,6492,6587,141,0,6446,6564,237085,48,2,0,46,23
2020-09-04,US,Mississippi,Holmes,1056,54,0,33.12345854,-90.08923538,28051.0,6208.112874779541,5.113636363636363,1002,1052,54,0,998,1047,17622,4,0,0,4,5
2020-09-04,US,Mississippi,Humphreys,346,15,0,33.12825718,-90.52252707,28053.0,4290.674603174603,4.335260115606936,331,344,15,0,329,342,8257,2,0,0,2,2
2020-09-04,US,Mississippi,Issaquena,98,3,0,32.72531359,-90.97392828,28055.0,7385.079125847778,3.0612244897959178,95,99,3,0,96,99,1308,-1,0,0,-1,0
2020-09-04,US,Mississippi,Itawamba,621,17,0,34.27993475,-88.3606733,28057.0,2654.980761008979,2.7375201288244773,604,604,17,0,587,592,23517,17,0,0,17,12
2020-09-04,US,Mississippi,Jackson,3126,60,0,30.54020656,-88.64184064,28059.0,2176.6225446848216,1.919385796545105,3066,3095,60,0,3035,3073,143277,31,0,0,31,22
2020-09-04,US,Mississippi,Jasper,501,13,0,32.01922104,-89.11786866,28061.0,3058.047976561069,2.594810379241517,488,493,13,0,480,486,16428,8,0,0,8,7
2020-09-04,US,Mississippi,Jefferson,224,9,0,31.73397872,-91.03764977,28063.0,3204.5779685264665,4.017857142857143,215,222,9,0,213,222,7106,2,0,0,2,0
2020-09-04,US,Mississippi,Jefferson Davis,308,9,0,31.56884708,-89.82670990000004,28065.0,2767.792954708843,2.9220779220779223,299,306,9,0,297,307,11234,2,0,0,2,-1
2020-09-04,US,Mississippi,Jones,2212,75,0,31.62257767,-89.16896899999998,28067.0,3248.259860788863,3.390596745027125,2137,2191,74,0,2117,2178,68461,21,1,0,20,13
2020-09-04,US,Mississippi,Kemper,277,15,0,32.75462946,-88.64105766,28069.0,2843.358653253952,5.415162454873647,262,276,15,0,261,275,10027,1,0,0,1,1
2020-09-04,US,Mississippi,Lafayette,1664,38,0,34.35687874,-89.48490961,28071.0,3080.397637868157,2.2836538461538463,1626,1590,38,0,1552,1527,54793,74,0,0,74,63
2020-09-04,US,Mississippi,Lamar,1505,32,0,31.20572971,-89.5077704,28073.0,2375.953143993812,2.12624584717608,1473,1482,31,0,1451,1447,62447,23,1,0,22,35
2020-09-04,US,Mississippi,Lauderdale,1841,110,0,32.40419769,-88.66229662,28075.0,2483.6424957841477,5.975013579576317,1731,1826,109,0,1717,1817,75317,15,1,0,14,9
2020-09-04,US,Mississippi,Lawrence,412,11,0,31.55147224,-90.10841127,28077.0,3273.478468139202,2.66990291262136,401,412,11,0,401,406,12455,0,0,0,0,6
2020-09-04,US,Mississippi,Leake,900,31,0,32.7536828,-89.52402044,28079.0,3949.793732993944,3.4444444444444446,869,900,31,0,869,890,22763,0,0,0,0,10
2020-09-04,US,Mississippi,Lee,2294,61,0,34.291877500000005,-88.68149954,28081.0,2685.050798258345,2.6591107236268527,2233,2271,61,0,2210,2240,85202,23,0,0,23,31
2020-09-04,US,Mississippi,Leflore,1262,76,0,33.55545125,-90.29900733,28083.0,4477.876734201469,6.0221870047543575,1186,1255,75,0,1180,1248,28919,7,1,0,6,7
2020-09-04,US,Mississippi,Lincoln,995,52,0,31.53288662,-90.45391915,28085.0,2913.3604661376744,5.226130653266332,943,986,52,0,934,981,34205,9,0,0,9,5
2020-09-04,US,Mississippi,Lowndes,1309,56,0,33.47386518,-88.44191529999998,28087.0,2233.97900844782,4.2780748663101615,1253,1304,55,0,1249,1297,58930,5,1,0,4,7
2020-09-04,US,Mississippi,Madison,3039,83,0,32.63389156,-90.03513564,28089.0,2859.643179765131,2.731161566304705,2956,3020,83,0,2937,3009,105630,19,0,0,19,11
2020-09-04,US,Mississippi,Marion,798,26,0,31.23132643,-89.8209217,28091.0,3247.4667317787817,3.2581453634085213,772,790,26,0,764,787,24715,8,0,0,8,3
2020-09-04,US,Mississippi,Marshall,988,14,0,34.76216286,-89.50299462,28093.0,2799.342664475548,1.4170040485829958,974,982,13,0,969,971,35451,6,1,0,5,11
2020-09-04,US,Mississippi,Monroe,1086,61,0,33.89236763,-88.4808438,28095.0,3080.6762736866,5.6169429097605885,1025,1067,60,0,1007,1059,35564,19,1,0,18,8
2020-09-04,US,Mississippi,Montgomery,418,18,0,33.49419589,-89.61729103,28097.0,4276.214833759591,4.30622009569378,400,411,18,0,393,411,10023,7,0,0,7,0
2020-09-04,US,Mississippi,Neshoba,1451,101,0,32.75339664,-89.11726492,28099.0,4983.171921148431,6.960716747070985,1350,1444,101,0,1343,1439,29125,7,0,0,7,5
2020-09-04,US,Mississippi,Newton,692,18,0,32.40021118,-89.11843336,28101.0,3292.4160243600722,2.601156069364162,674,688,18,0,670,679,21443,4,0,0,4,9
2020-09-04,US,Mississippi,Noxubee,529,14,0,33.11009499,-88.56949061,28103.0,5078.237496400116,2.6465028355387523,515,525,14,0,511,523,10535,4,0,0,4,2
2020-09-04,US,Mississippi,Oktibbeha,1550,46,0,33.42491685,-88.87905132,28105.0,3125.8192671466313,2.967741935483871,1504,1526,46,0,1480,1497,49599,24,0,0,24,29
2020-09-04,US,Mississippi,Panola,1319,25,0,34.36398677,-89.95064249,28107.0,3857.627515208236,1.8953752843062923,1294,1315,23,0,1292,1307,34178,4,2,0,2,8
2020-09-04,US,Mississippi,Pearl River,786,48,0,30.77090935,-89.58677275,28109.0,1415.3236697578104,6.106870229007634,738,771,48,0,723,758,55387,15,0,0,15,13
2020-09-04,US,Mississippi,Perry,341,10,0,31.17161885,-88.99281835,28111.0,2848.0748350455187,2.9325513196480935,331,333,9,0,324,321,11931,8,1,0,7,12
2020-09-04,US,Mississippi,Pike,1163,46,0,31.17507789,-90.40392572,28113.0,2960.1914070454077,3.9552880481513326,1117,1154,45,0,1109,1145,39563,9,1,0,8,9
2020-09-04,US,Mississippi,Pontotoc,1102,13,0,34.226046000000004,-89.03636807,28115.0,3425.1258780381677,1.1796733212341195,1089,1098,13,0,1085,1085,31833,4,0,0,4,13
2020-09-04,US,Mississippi,Prentiss,663,15,0,34.61810501,-88.51986294,28117.0,2638.700947225981,2.262443438914027,648,652,15,0,637,644,25315,11,0,0,11,8
2020-09-04,US,Mississippi,Quitman,346,4,0,34.25157572,-90.28908,28119.0,5094.228504122497,1.1560693641618498,342,341,4,0,337,337,7051,5,0,0,5,4
2020-09-04,US,Mississippi,Rankin,2956,69,0,32.26469147,-89.94537876,28121.0,1903.768250349389,2.334235453315291,2887,2914,66,0,2848,2882,153902,42,3,0,39,32
2020-09-04,US,Mississippi,Scott,1116,22,0,32.406704100000006,-89.53789439,28123.0,3968.141089460959,1.971326164874552,1094,1111,22,0,1089,1108,28287,5,0,0,5,3
2020-09-04,US,Mississippi,Sharkey,254,9,0,32.88149103,-90.81595379999999,28125.0,5878.268919231659,3.543307086614173,245,246,9,0,237,245,4377,8,0,0,8,1
2020-09-04,US,Mississippi,Simpson,955,40,0,31.91282117,-89.91716179,28127.0,3582.4142846425093,4.18848167539267,915,944,39,0,905,942,26758,11,1,0,10,2
2020-09-04,US,Mississippi,Smith,490,13,0,32.01744532,-89.50644846,28129.0,3078.662980648405,2.653061224489796,477,484,13,0,471,479,16002,6,0,0,6,5
2020-09-04,US,Mississippi,Stone,329,10,0,30.79187949,-89.11547539,28131.0,1794.2844677137866,3.0395136778115504,319,325,10,0,315,323,18717,4,0,0,4,2
2020-09-04,US,Mississippi,Sunflower,1300,39,0,33.60192578,-90.58882684,28133.0,5177.220230983672,3.0,1261,1291,39,0,1252,1278,25735,9,0,0,9,13
2020-09-04,US,Mississippi,Tallahatchie,668,13,0,33.95339918,-90.1729398,28135.0,4837.4248678398135,1.9461077844311376,655,653,13,0,640,647,13987,15,0,0,15,6
2020-09-04,US,Mississippi,Tate,874,35,0,34.65133709,-89.94485778,28137.0,3086.049221425797,4.004576659038902,839,870,35,0,835,864,28759,4,0,0,4,6
2020-09-04,US,Mississippi,Tippah,563,16,0,34.76872156,-88.90988194,28139.0,2557.347263229616,2.841918294849023,547,560,15,0,545,555,21995,3,1,0,2,5
2020-09-04,US,Mississippi,Tishomingo,578,30,0,34.74023475,-88.23917219,28141.0,2981.994531290306,5.190311418685121,548,573,30,0,543,566,19454,5,0,0,5,7
2020-09-04,US,Mississippi,Tunica,457,13,0,34.64967704,-90.37481167,28143.0,4744.601328903655,2.844638949671773,444,454,12,0,442,451,9944,3,1,0,2,3
2020-09-04,US,Mississippi,Union,903,23,0,34.49162015,-89.00776006,28145.0,3133.784487246226,2.5470653377630117,880,899,23,0,876,894,28606,4,0,0,4,5
2020-09-04,US,Mississippi,Walthall,574,24,0,31.14971548,-90.10446654,28147.0,4017.919641607168,4.181184668989547,550,572,24,0,548,569,14465,2,0,0,2,3
2020-09-04,US,Mississippi,Warren,1335,47,0,32.35810271,-90.83352619,28149.0,2941.7597673034966,3.5205992509363297,1288,1328,46,0,1282,1317,46176,7,1,0,6,11
2020-09-04,US,Mississippi,Washington,2062,64,0,33.28392041,-90.94196237,28151.0,4696.0759753125785,3.103782735208535,1998,2038,64,0,1974,2018,45063,24,0,0,24,20
2020-09-04,US,Mississippi,Wayne,852,21,0,31.64135687,-88.69573913,28153.0,4221.374424020215,2.4647887323943656,831,851,21,0,830,850,20298,1,0,0,1,1
2020-09-04,US,Mississippi,Webster,312,13,0,33.61300486,-89.28392912,28155.0,3220.146557952317,4.166666666666667,299,310,13,0,297,307,9788,2,0,0,2,3
2020-09-04,US,Mississippi,Wilkinson,284,17,0,31.16078225,-91.31018819,28157.0,3290.845886442642,5.985915492957746,267,284,17,0,267,281,8792,0,0,0,0,3
2020-09-04,US,Mississippi,Winston,708,19,0,33.08747908,-89.03391385,28159.0,3943.1913116123637,2.68361581920904,689,704,19,0,685,701,18165,4,0,0,4,3
2020-09-04,US,Mississippi,Yalobusha,386,13,0,34.02824175,-89.70762049999998,28161.0,3187.97489263297,3.3678756476683938,373,382,13,0,369,381,12392,4,0,0,4,1
2020-09-04,US,Mississippi,Yazoo,965,21,0,32.77890365,-90.39656148,28163.0,3250.2526103065006,2.1761658031088085,944,963,21,0,942,961,28248,2,0,0,2,2
2020-09-04,US,Missouri,Adair,254,0,0,40.19058551,-92.60078167,29001.0,1002.2491417748488,0.0,254,248,0,0,248,242,25339,6,0,0,6,6
2020-09-04,US,Missouri,Andrew,142,1,0,39.98492163,-94.80163024,29003.0,801.7163504968382,0.7042253521126759,141,136,1,0,135,131,17607,6,0,0,6,5
2020-09-04,US,Missouri,Atchison,34,0,0,40.43238737,-95.42970639,29005.0,661.0927474236828,0.0,34,33,0,0,33,33,5171,1,0,0,1,0
2020-09-04,US,Missouri,Audrain,304,2,0,39.215877,-91.84242683,29007.0,1197.4161020954782,0.6578947368421053,302,308,1,0,307,273,25473,-4,1,0,-5,35
2020-09-04,US,Missouri,Barry,367,5,0,36.70978521,-93.82919888,29009.0,1025.4547486657914,1.3623978201634876,362,362,5,0,357,360,35886,5,0,0,5,2
2020-09-04,US,Missouri,Barton,111,0,0,37.50207671,-94.34757022,29011.0,944.3593670239917,0.0,111,110,0,0,110,108,11798,1,0,0,1,2
2020-09-04,US,Missouri,Bates,76,1,0,38.25271289,-94.34113157,29013.0,469.94805837249567,1.3157894736842106,75,78,1,0,77,77,16320,-2,0,0,-2,1
2020-09-04,US,Missouri,Benton,158,1,0,38.29503305,-93.28756116,29015.0,812.6317955048088,0.6329113924050633,157,158,1,0,157,156,19278,0,0,0,0,2
2020-09-04,US,Missouri,Bollinger,142,1,0,37.32449052,-90.02725304,29017.0,1170.361823127009,0.7042253521126759,141,138,1,0,137,133,12169,4,0,0,4,5
2020-09-04,US,Missouri,Boone,3169,6,0,38.99186229,-92.30723575,29019.0,1756.0386339582074,0.18933417481855475,3163,2994,6,0,2988,2817,180005,175,0,0,175,177
2020-09-04,US,Missouri,Buchanan,1359,11,0,39.65816401,-94.80138942,29021.0,1555.5606428277094,0.8094186902133922,1348,1336,11,0,1325,1322,88571,23,0,0,23,14
2020-09-04,US,Missouri,Butler,398,3,0,36.71462476,-90.40421163,29023.0,936.9556005461653,0.7537688442211056,395,386,3,0,383,383,42639,12,0,0,12,3
2020-09-04,US,Missouri,Caldwell,47,1,0,39.65620858,-93.98308093,29025.0,521.0643015521065,2.127659574468085,46,46,1,0,45,44,9108,1,0,0,1,2
2020-09-04,US,Missouri,Callaway,382,2,0,38.83674754,-91.92186505,29027.0,853.7648347227499,0.5235602094240838,380,362,2,0,360,344,44889,20,0,0,20,18
2020-09-04,US,Missouri,Camden,577,8,0,38.02199522,-92.76083747,29029.0,1246.0857358816545,1.3864818024263432,569,563,8,0,555,556,45815,14,0,0,14,7
2020-09-04,US,Missouri,Cape Girardeau,1028,8,0,37.38489388,-89.6843587,29031.0,1303.394149941043,0.7782101167315175,1020,1003,8,0,995,989,78753,25,0,0,25,14
2020-09-04,US,Missouri,Carroll,115,0,0,39.42762566,-93.50626255,29033.0,1325.0374467104505,0.0,115,114,0,0,114,114,8743,1,0,0,1,0
2020-09-04,US,Missouri,Carter,39,1,0,36.94160441,-90.96051322,29035.0,651.9558676028082,2.5641025641025643,38,39,1,0,38,37,6054,0,0,0,0,2
2020-09-04,US,Missouri,Cass,1122,12,0,38.64789422,-94.353399,29037.0,1060.6920022688598,1.0695187165775402,1110,1108,11,0,1097,1092,104954,14,1,0,13,16
2020-09-04,US,Missouri,Cedar,59,0,0,37.72391475,-93.85445441,29039.0,411.17847933653917,0.0,59,55,0,0,55,54,14165,4,0,0,4,1
2020-09-04,US,Missouri,Chariton,35,0,0,39.51499357,-92.9629191,29041.0,471.3169943441961,0.0,35,31,0,0,31,30,7451,4,0,0,4,1
2020-09-04,US,Missouri,Christian,753,1,0,36.9711783,-93.18537118,29043.0,849.9350979174898,0.13280212483399734,752,741,1,0,740,719,86983,12,0,0,12,22
2020-09-04,US,Missouri,Clark,48,0,0,40.41040752,-91.73661677,29045.0,706.1939090775342,0.0,48,48,0,0,48,48,6842,0,0,0,0,0
2020-09-04,US,Missouri,Clay,1455,31,0,39.31132056,-94.41850862,29047.0,582.1210811848864,2.1305841924398625,1424,1443,31,0,1412,1412,246365,12,0,0,12,31
2020-09-04,US,Missouri,Clinton,146,0,0,39.6013098,-94.40465394,29049.0,716.1426399175946,0.0,146,142,0,0,142,135,20470,4,0,0,4,7
2020-09-04,US,Missouri,Cole,931,6,0,38.50455671,-92.27860244,29051.0,1213.1083458205744,0.644468313641246,925,916,4,0,912,881,76796,15,2,0,13,35
2020-09-04,US,Missouri,Cooper,265,2,0,38.844478,-92.80896081,29053.0,1496.4142526399007,0.7547169811320755,263,252,1,0,251,244,17603,13,1,0,12,8
2020-09-04,US,Missouri,Crawford,215,1,0,37.97663738,-91.30528104,29055.0,898.8294314381271,0.4651162790697674,214,209,1,0,208,198,23957,6,0,0,6,11
2020-09-04,US,Missouri,Dade,32,0,0,37.431814,-93.8503345,29057.0,423.22444121147987,0.0,32,32,0,0,32,30,7569,0,0,0,0,2
2020-09-04,US,Missouri,Dallas,118,1,0,37.681135499999996,-93.02127031,29059.0,699.1349685981752,0.8474576271186439,117,114,1,0,113,108,16762,4,0,0,4,6
2020-09-04,US,Missouri,Daviess,37,0,0,39.96145298,-93.98519678,29061.0,446.96786663445283,0.0,37,33,0,0,33,30,8313,4,0,0,4,3
2020-09-04,US,Missouri,DeKalb,75,1,0,39.89201062,-94.40476508,29063.0,597.7524507850483,1.3333333333333333,74,73,1,0,72,71,12630,2,0,0,2,2
2020-09-04,US,Missouri,Dent,46,0,0,37.60663134,-91.50790473,29065.0,295.38303473961344,0.0,46,44,0,0,44,43,15441,2,0,0,2,1
2020-09-04,US,Missouri,Douglas,117,2,0,36.9325593,-92.49905109,29067.0,887.3720136518773,1.709401709401709,115,119,2,0,117,114,13373,-2,0,0,-2,5
2020-09-04,US,Missouri,Dunklin,545,4,0,36.27167174,-90.09122243,29069.0,1870.859222134496,0.7339449541284404,541,544,4,0,540,532,29423,1,0,0,1,12
2020-09-04,US,Missouri,Franklin,1110,22,0,38.41127108,-91.07522826,29071.0,1067.6464647436203,1.981981981981982,1088,1092,22,0,1070,1055,103670,18,0,0,18,37
2020-09-04,US,Missouri,Gasconade,100,3,0,38.43947277,-91.50847147,29073.0,679.9945600435196,3.0,97,98,3,0,95,99,14705,2,0,0,2,-1
2020-09-04,US,Missouri,Gentry,101,9,0,40.21097916,-94.40944419,29075.0,1537.0567645716026,8.910891089108912,92,100,9,0,91,100,6628,1,0,0,1,0
2020-09-04,US,Missouri,Greene,3633,10,0,37.2575872,-93.34230916,29077.0,1239.567908395488,0.2752546105147261,3623,3471,10,0,3461,3372,291923,162,0,0,162,99
2020-09-04,US,Missouri,Grundy,74,1,0,40.11406587,-93.56509276,29079.0,751.269035532995,1.351351351351351,73,66,1,0,65,58,9914,8,0,0,8,8
2020-09-04,US,Missouri,Harrison,81,1,0,40.35570088,-93.99222144,29081.0,969.8275862068964,1.2345679012345678,80,78,1,0,77,78,8414,3,0,0,3,0
2020-09-04,US,Missouri,Henry,121,3,0,38.38482826,-93.79293734,29083.0,554.4354838709677,2.479338842975207,118,120,3,0,117,118,21792,1,0,0,1,2
2020-09-04,US,Missouri,Hickory,66,1,0,37.94163617,-93.3203037,29085.0,691.5339480301759,1.5151515151515151,65,66,0,0,66,64,9509,0,1,0,-1,2
2020-09-04,US,Missouri,Holt,69,0,0,40.09799248,-95.21638879999999,29087.0,1567.1133318192142,0.0,69,67,0,0,67,67,4404,2,0,0,2,0
2020-09-04,US,Missouri,Howard,131,0,0,39.1435761,-92.69756691,29089.0,1309.8690130986902,0.0,131,130,0,0,130,128,10137,1,0,0,1,2
2020-09-04,US,Missouri,Howell,293,3,0,36.77383887,-91.88683935,29091.0,730.3636862178128,1.023890784982935,290,291,3,0,288,285,40076,2,0,0,2,6
2020-09-04,US,Missouri,Iron,43,0,0,37.55487945,-90.7735296,29093.0,424.6913580246914,0.0,43,42,0,0,42,51,10177,1,0,0,1,-9
2020-09-04,US,Missouri,Jackson,5819,82,0,39.01002188,-94.34724536,29095.0,827.7253129751881,1.4091768345076474,5737,5773,81,0,5692,5707,700307,46,1,0,45,66
2020-09-04,US,Missouri,Jasper,2586,35,0,37.20351921,-94.34050458,29097.0,2131.412369774496,1.3534416086620262,2551,2494,35,0,2459,2440,120636,92,0,0,92,54
2020-09-04,US,Missouri,Jefferson,2913,40,0,38.25926778,-90.53870896,29099.0,1294.2007543950845,1.3731548232063164,2873,2849,40,0,2809,2819,224347,64,0,0,64,30
2020-09-04,US,Missouri,Johnson,622,4,0,38.74719601,-93.80691168,29101.0,1150.5308719618215,0.6430868167202572,618,609,3,0,606,599,53652,13,1,0,12,10
2020-09-04,US,Missouri,Kansas City,9579,74,0,39.0997,-94.5786,0.0,1959.124069676833,0.7725232278943522,9505,9520,72,0,9448,9424,491918,59,2,0,57,96
2020-09-04,US,Missouri,Knox,40,0,0,40.12699751,-92.14780832,29103.0,1010.3561505430664,0.0,40,39,0,0,39,39,3947,1,0,0,1,0
2020-09-04,US,Missouri,Laclede,314,1,0,37.65896829,-92.5888493,29105.0,878.9855275312824,0.3184713375796178,313,311,1,0,310,307,35713,3,0,0,3,4
2020-09-04,US,Missouri,Lafayette,259,2,0,39.06986886,-93.78076396,29107.0,791.8552036199095,0.7722007722007722,257,257,2,0,255,250,32598,2,0,0,2,7
2020-09-04,US,Missouri,Lawrence,378,2,0,37.10626634,-93.83293097,29109.0,985.5299178725068,0.5291005291005291,376,370,2,0,368,363,38359,8,0,0,8,7
2020-09-04,US,Missouri,Lewis,61,2,0,40.09673161,-91.72070156,29111.0,623.9770867430443,3.278688524590164,59,60,2,0,58,60,9855,1,0,0,1,0
2020-09-04,US,Missouri,Lincoln,602,1,0,39.05345619,-90.95588181,29113.0,1020.1142121227526,0.16611295681063126,601,598,1,0,597,586,57686,4,0,0,4,12
2020-09-04,US,Missouri,Linn,49,1,0,39.87001769,-93.10704106,29115.0,411.0738255033557,2.0408163265306123,48,44,1,0,43,49,12037,5,0,0,5,-5
2020-09-04,US,Missouri,Livingston,276,1,0,39.78110272,-93.54645978,29117.0,1812.569777369147,0.3623188405797101,275,77,1,0,76,76,15146,199,0,0,199,1
2020-09-04,US,Missouri,Macon,82,0,0,39.83049768,-92.56453089,29121.0,542.4356684527353,0.0,82,81,0,0,81,82,15153,1,0,0,1,-1
2020-09-04,US,Missouri,Madison,182,0,0,37.47865134,-90.34671429999999,29123.0,1505.6254136333555,0.0,182,176,0,0,176,170,12188,6,0,0,6,6
2020-09-04,US,Missouri,Maries,48,0,0,38.16193985,-91.92249662,29125.0,551.9144532597447,0.0,48,47,0,0,47,46,8769,1,0,0,1,1
2020-09-04,US,Missouri,Marion,505,4,0,39.80601912,-91.62203062,29127.0,1770.0665965650196,0.7920792079207921,501,497,3,0,494,489,28592,8,1,0,7,8
2020-09-04,US,Missouri,McDonald,995,10,0,36.62869595,-94.34867205,29119.0,4356.964575031747,1.0050251256281406,985,993,10,0,983,994,23078,2,0,0,2,-1
2020-09-04,US,Missouri,Mercer,22,0,0,40.42212303,-93.56829590000001,29129.0,608.2388719933647,0.0,22,22,0,0,22,20,3641,0,0,0,0,2
2020-09-04,US,Missouri,Miller,280,1,0,38.21450288,-92.42610898,29131.0,1092.9388344588,0.35714285714285715,279,274,1,0,273,265,25336,6,0,0,6,9
2020-09-04,US,Missouri,Mississippi,241,0,0,36.82516239,-89.29505753,29133.0,1828.5280728376329,0.0,241,239,0,0,239,237,13336,2,0,0,2,2
2020-09-04,US,Missouri,Moniteau,197,4,0,38.63571781,-92.57976951,29135.0,1221.175303744111,2.0304568527918785,193,196,4,0,192,195,16121,1,0,0,1,1
2020-09-04,US,Missouri,Monroe,74,0,0,39.49593978,-92.00043978,29137.0,856.0851457658491,0.0,74,72,0,0,72,72,8664,2,0,0,2,0
2020-09-04,US,Missouri,Montgomery,56,1,0,38.94022054,-91.47000721,29139.0,484.80651025885203,1.7857142857142858,55,57,1,0,56,55,11534,-1,0,0,-1,2
2020-09-04,US,Missouri,Morgan,138,0,0,38.4181765,-92.88791859,29141.0,669.0260338391429,0.0,138,132,0,0,132,128,20358,6,0,0,6,4
2020-09-04,US,Missouri,New Madrid,430,9,0,36.59666326,-89.66070007,29143.0,2518.1541344577186,2.0930232558139537,421,425,5,0,420,421,17296,5,4,0,1,4
2020-09-04,US,Missouri,Newton,1127,14,0,36.90519407,-94.3394104,29145.0,1935.2290679304892,1.2422360248447204,1113,1117,13,0,1104,1104,58266,10,1,0,9,13
2020-09-04,US,Missouri,Nodaway,603,6,0,40.36079813,-94.88133008,29147.0,2729.494839761,0.9950248756218906,597,590,6,0,584,567,22304,13,0,0,13,23
2020-09-04,US,Missouri,Oregon,59,0,0,36.68710164,-91.4033755,29149.0,560.357108937221,0.0,59,57,0,0,57,52,10541,2,0,0,2,5
2020-09-04,US,Missouri,Osage,88,1,0,38.46036182,-91.8613635,29151.0,646.345941975762,1.1363636363636365,87,87,1,0,86,85,13714,1,0,0,1,2
2020-09-04,US,Missouri,Ozark,41,0,0,36.64916339,-92.44459066,29153.0,446.915195116634,0.0,41,35,0,0,35,27,9017,6,0,0,6,8
2020-09-04,US,Missouri,Pemiscot,362,9,0,36.2130572,-89.78742322,29155.0,2290.414425814616,2.4861878453038675,353,355,9,0,346,346,16272,7,0,0,7,9
2020-09-04,US,Missouri,Perry,423,4,0,37.70660776,-89.82741088,29157.0,2210.493311036789,0.9456264775413712,419,422,4,0,418,412,19150,1,0,0,1,10
2020-09-04,US,Missouri,Pettis,824,8,0,38.72798918,-93.28471706,29159.0,1946.1961784643,0.9708737864077671,816,822,8,0,814,816,42542,2,0,0,2,6
2020-09-04,US,Missouri,Phelps,244,0,0,37.87736118,-91.79351727,29161.0,547.4165974917548,0.0,244,240,0,0,240,224,44732,4,0,0,4,16
2020-09-04,US,Missouri,Pike,145,2,0,39.34310674,-91.16980779,29163.0,792.2631406403673,1.3793103448275863,143,146,2,0,144,148,18504,-1,0,0,-1,-2
2020-09-04,US,Missouri,Platte,510,10,0,39.38154439,-94.77068479,29165.0,488.4215365166925,1.96078431372549,500,508,10,0,498,495,102985,2,0,0,2,13
2020-09-04,US,Missouri,Polk,328,0,0,37.616229600000004,-93.39828174,29167.0,1020.2494634358768,0.0,328,315,0,0,315,309,32201,13,0,0,13,6
2020-09-04,US,Missouri,Pulaski,411,2,0,37.82462075,-92.20783203,29169.0,781.2648506852701,0.4866180048661801,409,402,2,0,400,400,52014,9,0,0,9,2
2020-09-04,US,Missouri,Putnam,28,1,0,40.47942497,-93.02042674,29171.0,596.2521294718911,3.571428571428572,27,27,1,0,26,26,4757,1,0,0,1,1
2020-09-04,US,Missouri,Ralls,116,0,0,39.52817427,-91.51838643,29173.0,1125.2303812202929,0.0,116,116,0,0,116,115,10212,0,0,0,0,1
2020-09-04,US,Missouri,Randolph,135,1,0,39.44007257,-92.49713740000001,29175.0,545.4986261516082,0.7407407407407407,134,132,1,0,131,130,24763,3,0,0,3,2
2020-09-04,US,Missouri,Ray,128,0,0,39.353746799999996,-93.98905745,29177.0,556.0865409679382,0.0,128,128,0,0,128,125,22883,0,0,0,0,3
2020-09-04,US,Missouri,Reynolds,23,0,0,37.36085952,-90.97009925,29179.0,366.8261562998405,0.0,23,23,0,0,23,23,6254,0,0,0,0,0
2020-09-04,US,Missouri,Ripley,100,0,0,36.65460667,-90.85990261,29181.0,752.5586995785671,0.0,100,93,0,0,93,92,13401,7,0,0,7,1
2020-09-04,US,Missouri,Saline,569,8,0,39.13734288,-93.20259964,29195.0,2499.890162998111,1.40597539543058,561,557,7,0,550,551,22895,12,1,0,11,6
2020-09-04,US,Missouri,Schuyler,20,0,0,40.46921489,-92.52311943,29197.0,429.1845493562232,0.0,20,19,0,0,19,18,4599,1,0,0,1,1
2020-09-04,US,Missouri,Scotland,21,1,0,40.45214695,-92.14709064,29199.0,428.3965728274174,4.761904761904762,20,20,1,0,19,20,4966,1,0,0,1,0
2020-09-04,US,Missouri,Scott,662,14,0,37.05588075,-89.56474493,29201.0,1729.362591431557,2.114803625377644,648,655,14,0,641,652,38458,7,0,0,7,3
2020-09-04,US,Missouri,Shannon,56,1,0,37.15772072,-91.40190382,29203.0,685.7702669605683,1.7857142857142858,55,54,1,0,53,54,8189,2,0,0,2,0
2020-09-04,US,Missouri,Shelby,49,0,0,39.79742518,-92.07634971,29205.0,826.3069139966274,0.0,49,47,0,0,47,46,6050,2,0,0,2,1
2020-09-04,US,Missouri,St. Charles,6002,105,0,38.77875681,-90.66662425,29183.0,1492.9531219684493,1.749416861046318,5897,5939,105,0,5834,5861,399182,63,0,0,63,78
2020-09-04,US,Missouri,St. Clair,28,0,0,38.03699437,-93.77631447,29185.0,297.9674364158774,0.0,28,27,0,0,27,27,9395,1,0,0,1,0
2020-09-04,US,Missouri,St. Francois,1207,5,0,37.81214171,-90.47598685,29187.0,1795.7301197649335,0.4142502071251036,1202,1134,5,0,1129,1113,66692,73,0,0,73,21
2020-09-04,US,Missouri,St. Louis,20174,757,0,38.63770039999999,-90.4458375,29189.0,2029.1589762674694,3.7523545157132943,19417,20039,755,0,19284,19852,996945,135,2,0,133,187
2020-09-04,US,Missouri,St. Louis City,6335,189,0,38.63555736,-90.24349225,29510.0,2107.620036197168,2.9834254143646413,6146,6304,188,0,6116,6271,302838,31,1,0,30,33
2020-09-04,US,Missouri,Ste. Genevieve,122,1,0,37.89090059,-90.1949941,29186.0,681.7927797026938,0.819672131147541,121,118,1,0,117,113,17888,4,0,0,4,5
2020-09-04,US,Missouri,Stoddard,308,9,0,36.85571651,-89.9444155,29207.0,1061.1541774332472,2.9220779220779223,299,303,9,0,294,301,29206,5,0,0,5,2
2020-09-04,US,Missouri,Stone,304,2,0,36.75000327,-93.45256475,29209.0,951.4271407110666,0.6578947368421053,302,294,2,0,292,286,31749,10,0,0,10,8
2020-09-04,US,Missouri,Sullivan,178,0,0,40.2099105,-93.11150106,29211.0,2923.3043192642467,0.0,178,176,0,0,176,174,6221,2,0,0,2,2
2020-09-04,US,Missouri,Taney,939,15,0,36.65465345,-93.04075153,29213.0,1678.9443570304675,1.597444089456869,924,933,14,0,919,929,55852,6,1,0,5,4
2020-09-04,US,Missouri,Texas,121,1,0,37.31728859,-91.96564727,29215.0,476.4154657847074,0.8264462809917356,120,113,1,0,112,107,25571,8,0,0,8,6
2020-09-04,US,Missouri,Vernon,95,0,0,37.8457799,-94.34127305,29217.0,461.9948451101493,0.0,95,93,0,0,93,88,20528,2,0,0,2,5
2020-09-04,US,Missouri,Warren,349,0,0,38.76529479,-91.16124662,29219.0,978.9895929759599,0.0,349,340,0,0,340,337,34711,9,0,0,9,3
2020-09-04,US,Missouri,Washington,253,1,0,37.96130078,-90.87948158,29221.0,1023.0489284270116,0.3952569169960474,252,251,1,0,250,246,24943,2,0,0,2,5
2020-09-04,US,Missouri,Wayne,95,0,0,37.11303869,-90.46001416,29223.0,737.9787151402161,0.0,95,92,0,0,92,89,13122,3,0,0,3,3
2020-09-04,US,Missouri,Webster,266,1,0,37.2813734,-92.876329,29225.0,671.8528995756718,0.3759398496240601,265,257,1,0,256,253,39109,9,0,0,9,4
2020-09-04,US,Missouri,Worth,13,0,0,40.47945588,-94.42328751,29227.0,645.8022851465474,0.0,13,13,0,0,13,13,2040,0,0,0,0,0
2020-09-04,US,Missouri,Wright,96,0,0,37.27029221,-92.46914488,29229.0,524.9056810104435,0.0,96,95,0,0,95,91,18378,1,0,0,1,4
2020-09-04,US,Montana,Beaverhead,71,1,0,45.13434354,-112.89846940000001,30001.0,751.0843118586693,1.4084507042253518,70,71,1,0,70,71,9404,0,0,0,0,0
2020-09-04,US,Montana,Big Horn,700,16,0,45.42335905,-107.492347,30003.0,5255.649823560328,2.2857142857142856,684,692,16,0,676,682,13338,8,0,0,8,10
2020-09-04,US,Montana,Blaine,15,0,0,48.43175214,-108.9582723,30005.0,224.51728783116297,0.0,15,15,0,0,15,15,6807,0,0,0,0,0
2020-09-04,US,Montana,Broadwater,16,0,0,46.33277565,-111.49558130000001,30007.0,256.5335898669232,0.0,16,16,0,0,16,16,6085,0,0,0,0,0
2020-09-04,US,Montana,Carbon,91,0,0,45.22850116,-109.0274047,30009.0,848.4848484848485,0.0,91,91,0,0,91,89,10714,0,0,0,0,2
2020-09-04,US,Montana,Cascade,364,5,0,47.30797024,-111.3467922,30013.0,447.36130570508567,1.3736263736263736,359,355,5,0,350,299,81643,9,0,0,9,56
2020-09-04,US,Montana,Chouteau,11,0,0,47.88084126,-110.4353362,30015.0,195.20851818988464,0.0,11,11,0,0,11,11,5745,0,0,0,0,0
2020-09-04,US,Montana,Custer,67,2,0,46.25319932,-105.57375259999998,30017.0,587.6162076828626,2.985074626865672,65,66,2,0,64,66,11586,1,0,0,1,0
2020-09-04,US,Montana,Daniels,3,0,0,48.78420029,-105.54763429999998,30019.0,177.5147928994083,0.0,3,3,0,0,3,3,1747,0,0,0,0,0
2020-09-04,US,Montana,Dawson,49,0,0,47.26584855,-104.89444170000002,30021.0,568.9074654591896,0.0,49,48,0,0,48,47,8680,1,0,0,1,1
2020-09-04,US,Montana,Deer Lodge,59,0,0,46.05953325,-113.073353,30023.0,645.5142231947484,0.0,59,35,0,0,35,33,9131,24,0,0,24,2
2020-09-04,US,Montana,Fallon,3,0,0,46.33478338,-104.41835649999999,30025.0,105.41110330288124,0.0,3,2,0,0,2,2,2920,1,0,0,1,0
2020-09-04,US,Montana,Fergus,35,0,0,47.26331584,-109.2245206,30027.0,316.7420814479638,0.0,35,33,0,0,33,32,11113,2,0,0,2,1
2020-09-04,US,Montana,Flathead,663,9,0,48.29575866,-114.05205690000001,30029.0,638.6914051210912,1.3574660633484164,654,651,7,0,644,626,102106,12,2,0,10,25
2020-09-04,US,Montana,Gallatin,1097,3,0,45.54486106,-111.1692571,30031.0,958.6311760490764,0.2734731084776664,1094,1088,3,0,1085,1086,111876,9,0,0,9,2
2020-09-04,US,Montana,Garfield,14,0,0,47.27545948,-107.0002351,30033.0,1112.8775834658188,0.0,14,14,0,0,14,14,1268,0,0,0,0,0
2020-09-04,US,Montana,Glacier,140,1,0,48.70513576,-112.9934235,30035.0,1017.9597178797353,0.7142857142857143,139,140,1,0,139,138,13747,0,0,0,0,2
2020-09-04,US,Montana,Golden Valley,3,0,0,46.3816474,-109.17685220000001,30037.0,365.4080389768576,0.0,3,3,0,0,3,3,826,0,0,0,0,0
2020-09-04,US,Montana,Granite,20,0,0,46.40605220000001,-113.4414186,30039.0,591.8910920390647,0.0,20,20,0,0,20,20,3378,0,0,0,0,0
2020-09-04,US,Montana,Hill,96,2,0,48.62879827,-110.1129252,30041.0,582.3829167677748,2.083333333333333,94,93,2,0,91,91,16347,3,0,0,3,2
2020-09-04,US,Montana,Jefferson,41,0,0,46.14907081,-112.094396,30043.0,335.48809426397185,0.0,41,39,0,0,39,39,12097,2,0,0,2,0
2020-09-04,US,Montana,Judith Basin,6,0,0,47.04581276,-110.26606880000001,30045.0,298.95366218236165,0.0,6,6,0,0,6,6,1952,0,0,0,0,0
2020-09-04,US,Montana,Lake,217,1,0,47.64514965,-114.0898013,30047.0,712.4564974719285,0.4608294930875576,216,209,1,0,208,204,30250,8,0,0,8,5
2020-09-04,US,Montana,Lewis and Clark,206,3,0,47.12610041,-112.39469799999999,30049.0,296.6931674156009,1.4563106796116505,203,199,3,0,196,199,68700,7,0,0,7,0
2020-09-04,US,Montana,Liberty,7,0,0,48.56084317,-111.02430700000001,30051.0,299.5293110825845,0.0,7,7,0,0,7,7,2430,0,0,0,0,0
2020-09-04,US,Montana,Lincoln,91,2,0,48.54265777,-115.4046155,30053.0,455.4554554554555,2.1978021978021984,89,91,2,0,89,89,19794,0,0,0,0,2
2020-09-04,US,Montana,Madison,95,1,0,45.30080065,-111.9173017,30057.0,1104.6511627906978,1.0526315789473684,94,94,1,0,93,93,8768,1,0,0,1,1
2020-09-04,US,Montana,McCone,14,0,0,47.64469406,-105.79449939999999,30055.0,841.3461538461537,0.0,14,14,0,0,14,14,1675,0,0,0,0,0
2020-09-04,US,Montana,Meagher,4,0,0,46.59907074,-110.8898557,30059.0,214.8227712137487,0.0,4,4,0,0,4,4,1866,0,0,0,0,0
2020-09-04,US,Montana,Mineral,2,0,0,47.15283992,-115.00152390000001,30061.0,45.48555833522857,0.0,2,2,0,0,2,2,4316,0,0,0,0,0
2020-09-04,US,Montana,Missoula,438,3,0,47.03728583,-113.92135079999998,30063.0,366.2207357859532,0.6849315068493149,435,436,3,0,433,436,118791,2,0,0,2,0
2020-09-04,US,Montana,Musselshell,16,0,0,46.49684637,-108.39498,30065.0,345.34858622922513,0.0,16,15,0,0,15,15,4651,1,0,0,1,0
2020-09-04,US,Montana,Park,66,0,0,45.48965095,-110.52643940000002,30067.0,397.4467060098759,0.0,66,65,0,0,65,65,16736,1,0,0,1,0
2020-09-04,US,Montana,Phillips,114,0,0,48.25936577,-107.9128511,30071.0,2883.156297420334,0.0,114,114,0,0,114,114,4074,0,0,0,0,0
2020-09-04,US,Montana,Pondera,16,0,0,48.22773388,-112.22527029999999,30073.0,270.68177973270167,0.0,16,16,0,0,16,16,5972,0,0,0,0,0
2020-09-04,US,Montana,Powder River,2,0,0,45.39617714,-105.636738,30075.0,118.90606420927469,0.0,2,2,0,0,2,2,1716,0,0,0,0,0
2020-09-04,US,Montana,Powell,10,0,0,46.85538891,-112.93591640000001,30077.0,145.1378809869376,0.0,10,10,0,0,10,10,6968,0,0,0,0,0
2020-09-04,US,Montana,Prairie,1,0,0,46.86048047,-105.379384,30079.0,92.85051067780873,0.0,1,1,0,0,1,1,1087,0,0,0,0,0
2020-09-04,US,Montana,Ravalli,113,2,0,46.08520862,-114.11891640000002,30081.0,257.9555312057709,1.7699115044247788,111,112,2,0,110,110,43172,1,0,0,1,2
2020-09-04,US,Montana,Richland,60,2,0,47.78668011,-104.5610786,30083.0,555.401277422938,3.333333333333333,58,60,2,0,58,60,10913,0,0,0,0,0
2020-09-04,US,Montana,Roosevelt,51,1,0,48.29607488,-105.00792679999999,30085.0,463.4678298800437,1.96078431372549,50,48,1,0,47,44,11059,3,0,0,3,4
2020-09-04,US,Montana,Rosebud,329,5,0,46.23397237,-106.72928799999998,30087.0,3681.3248293610827,1.5197568389057752,324,313,5,0,308,297,9063,16,0,0,16,16
2020-09-04,US,Montana,Sanders,40,0,0,47.67657534,-115.1329916,30089.0,330.2237265747544,0.0,40,40,0,0,40,39,11844,0,0,0,0,1
2020-09-04,US,Montana,Sheridan,5,0,0,48.72085833,-104.50382900000001,30091.0,151.1030522816561,0.0,5,5,0,0,5,5,3424,0,0,0,0,0
2020-09-04,US,Montana,Silver Bow,120,0,0,45.90018933,-112.6620092,30093.0,343.6918229987112,0.0,120,120,0,0,120,115,34993,0,0,0,0,5
2020-09-04,US,Montana,Stillwater,40,2,0,45.67071407,-109.3950061,30095.0,414.8516905206389,5.0,38,40,2,0,38,38,9534,0,0,0,0,2
2020-09-04,US,Montana,Sweet Grass,30,1,0,45.81367654,-109.9425686,30097.0,802.7829810008028,3.333333333333333,29,29,1,0,28,28,3710,1,0,0,1,1
2020-09-04,US,Montana,Teton,18,0,0,47.83741052,-112.24106880000001,30099.0,292.8257686676428,0.0,18,18,0,0,18,18,6162,0,0,0,0,0
2020-09-04,US,Montana,Toole,55,6,0,48.65577551,-111.69424140000001,30101.0,1161.3175675675675,10.909090909090908,49,52,6,0,46,51,4853,3,0,0,3,1
2020-09-04,US,Montana,Treasure,3,0,0,46.20973220000001,-107.26665159999999,30103.0,431.0344827586207,0.0,3,3,0,0,3,3,679,0,0,0,0,0
2020-09-04,US,Montana,Valley,51,0,0,48.36435097,-106.6669635,30105.0,689.5619253650623,0.0,51,49,0,0,49,46,7437,2,0,0,2,3
2020-09-04,US,Montana,Wheatland,3,0,0,46.46652491,-109.84646359999999,30107.0,141.11006585136406,0.0,3,3,0,0,3,3,2236,0,0,0,0,0
2020-09-04,US,Montana,Wibaux,8,0,0,46.95925154,-104.2510927,30109.0,825.5933952528377,0.0,8,8,0,0,8,8,1034,0,0,0,0,0
2020-09-04,US,Montana,Yellowstone,2230,46,0,45.93955949,-108.26914860000001,30111.0,1382.5170489770614,2.0627802690582957,2184,2200,45,0,2155,2166,160137,30,1,0,29,34
2020-09-04,US,Nebraska,Adams,429,11,0,40.52449420000001,-98.50117804,31001.0,1367.853840512706,2.5641025641025643,418,428,11,0,417,419,31511,1,0,0,1,9
2020-09-04,US,Nebraska,Antelope,28,1,0,42.17695516,-98.06662829999999,31003.0,444.5855827246745,3.571428571428572,27,27,1,0,26,27,6336,1,0,0,1,0
2020-09-04,US,Nebraska,Arthur,1,0,0,41.56896142,-101.6959559,31005.0,215.98272138228938,0.0,1,1,0,0,1,1,465,0,0,0,0,0
2020-09-04,US,Nebraska,Banner,2,0,0,41.54634427,-103.7114332,31007.0,268.4563758389262,0.0,2,2,0,0,2,2,730,0,0,0,0,0
2020-09-04,US,Nebraska,Boone,30,0,0,41.70759415,-98.06737183,31011.0,577.8120184899846,0.0,30,29,0,0,29,28,5239,1,0,0,1,1
2020-09-04,US,Nebraska,Box Butte,31,0,0,42.22079243,-103.08788340000001,31013.0,287.48956691087824,0.0,31,31,0,0,31,29,10772,0,0,0,0,2
2020-09-04,US,Nebraska,Boyd,10,0,0,42.899727399999996,-98.76486568,31015.0,521.1047420531527,0.0,10,10,0,0,10,10,1955,0,0,0,0,0
2020-09-04,US,Nebraska,Brown,5,0,0,42.43018907,-99.92904055,31017.0,169.20473773265653,0.0,5,5,0,0,5,5,2973,0,0,0,0,0
2020-09-04,US,Nebraska,Buffalo,740,3,0,40.85486962,-99.07500296,31019.0,1490.162911053384,0.40540540540540543,737,732,3,0,729,713,49615,8,0,0,8,19
2020-09-04,US,Nebraska,Burt,69,0,0,41.85056773,-96.32605633,31021.0,1068.276823037622,0.0,69,69,0,0,69,69,6488,0,0,0,0,0
2020-09-04,US,Nebraska,Butler,96,0,0,41.22703692,-97.13106306,31023.0,1197.6047904191614,0.0,96,96,0,0,96,94,8058,0,0,0,0,2
2020-09-04,US,Nebraska,Cass,268,2,0,40.90899107,-96.13971217,31025.0,1021.030173727522,0.746268656716418,266,268,2,0,266,263,26159,0,0,0,0,5
2020-09-04,US,Nebraska,Cedar,52,0,0,42.598885100000004,-97.25311951,31027.0,618.9002618424182,0.0,52,50,0,0,50,49,8446,2,0,0,2,1
2020-09-04,US,Nebraska,Chase,15,0,0,40.523719799999995,-101.69780259999999,31029.0,382.262996941896,0.0,15,15,0,0,15,13,3977,0,0,0,0,2
2020-09-04,US,Nebraska,Cherry,30,1,0,42.54502621,-101.1244332,31031.0,527.3334505185445,3.333333333333333,29,27,1,0,26,24,5761,3,0,0,3,3
2020-09-04,US,Nebraska,Cheyenne,29,0,0,41.21999357,-102.9941693,31033.0,325.47699214365883,0.0,29,29,0,0,29,29,9310,0,0,0,0,0
2020-09-04,US,Nebraska,Clay,63,0,0,40.52439441,-98.05126296,31035.0,1015.637594712236,0.0,63,61,0,0,61,59,6214,2,0,0,2,2
2020-09-04,US,Nebraska,Colfax,732,5,0,41.57486951,-97.0868542,31037.0,6835.3721169110095,0.6830601092896175,727,731,5,0,726,730,10881,1,0,0,1,1
2020-09-04,US,Nebraska,Cuming,95,0,0,41.91637624,-96.78730772,31039.0,1073.9317205516618,0.0,95,93,0,0,93,87,8940,2,0,0,2,6
2020-09-04,US,Nebraska,Custer,76,4,0,41.39374521,-99.72805369,31041.0,705.2055302960008,5.2631578947368425,72,77,4,0,73,76,10840,-1,0,0,-1,1
2020-09-04,US,Nebraska,Dakota,2040,43,0,42.39040144,-96.56656425,31043.0,10186.757215619697,2.107843137254902,1997,2033,43,0,1990,2021,20083,7,0,0,7,12
2020-09-04,US,Nebraska,Dawes,91,0,0,42.71985036,-103.1313774,31045.0,1059.4947025264873,0.0,91,90,0,0,90,88,8716,1,0,0,1,2
2020-09-04,US,Nebraska,Dawson,1021,11,0,40.87028216,-99.82014609999999,31047.0,4327.1879635516,1.0773751224289911,1010,1016,11,0,1005,1012,23709,5,0,0,5,4
2020-09-04,US,Nebraska,Deuel,3,0,0,41.11168186,-102.33333309999999,31049.0,167.22408026755855,0.0,3,3,0,0,3,3,1825,0,0,0,0,0
2020-09-04,US,Nebraska,Dixon,67,2,0,42.49188363,-96.86782408,31051.0,1188.7863733144075,2.985074626865672,65,66,2,0,64,64,5709,1,0,0,1,2
2020-09-04,US,Nebraska,Dodge,934,11,0,41.58071748,-96.65598179,31053.0,2554.355257760153,1.1777301927194859,923,926,11,0,915,921,36791,8,0,0,8,5
2020-09-04,US,Nebraska,Douglas,13852,161,0,41.29518299,-96.15085305,31055.0,2424.530960378207,1.1622870343632687,13691,13783,161,0,13622,13671,566880,69,0,0,69,112
2020-09-04,US,Nebraska,Dundy,9,0,0,40.17638677,-101.6876522,31057.0,531.6007088009451,0.0,9,9,0,0,9,9,1770,0,0,0,0,0
2020-09-04,US,Nebraska,Fillmore,34,1,0,40.52458567,-97.59646937,31059.0,622.482607103625,2.9411764705882355,33,34,1,0,33,32,5527,0,0,0,0,2
2020-09-04,US,Nebraska,Franklin,20,0,0,40.17636348,-98.95299073,31061.0,671.366230278617,0.0,20,20,0,0,20,20,3023,0,0,0,0,0
2020-09-04,US,Nebraska,Frontier,6,0,0,40.52993007,-100.3924658,31063.0,228.39741149600303,0.0,6,6,0,0,6,7,2608,0,0,0,0,-1
2020-09-04,US,Nebraska,Furnas,28,1,0,40.17642064,-99.91247454,31065.0,598.8023952095807,3.571428571428572,27,27,1,0,26,28,4715,1,0,0,1,-1
2020-09-04,US,Nebraska,Gage,138,4,0,40.26186809,-96.68946704,31067.0,641.4725979640218,2.898550724637681,134,139,4,0,135,137,21493,-1,0,0,-1,2
2020-09-04,US,Nebraska,Garden,8,0,0,41.61703149,-102.3313973,31069.0,435.49265106151336,0.0,8,8,0,0,8,8,1897,0,0,0,0,0
2020-09-04,US,Nebraska,Garfield,6,0,0,41.91428955,-98.99111827,31071.0,304.7232097511427,0.0,6,6,0,0,6,6,1987,0,0,0,0,0
2020-09-04,US,Nebraska,Gosper,24,0,0,40.51481965,-99.83020279,31073.0,1206.0301507537688,0.0,24,24,0,0,24,24,1996,0,0,0,0,0
2020-09-04,US,Nebraska,Greeley,12,0,0,41.56742671,-98.52150266,31077.0,509.3378607809847,0.0,12,12,0,0,12,12,2356,0,0,0,0,0
2020-09-04,US,Nebraska,Hall,1879,46,0,40.87257079,-98.50218293,31079.0,3062.6049255945104,2.4481106971793514,1833,1875,46,0,1829,1866,61607,4,0,0,4,9
2020-09-04,US,Nebraska,Hamilton,107,12,0,40.87349452,-98.02099117,31081.0,1147.5761475761474,11.214953271028037,95,107,12,0,95,105,9280,0,0,0,0,2
2020-09-04,US,Nebraska,Harlan,8,0,0,40.17658508,-99.40438879,31083.0,236.6863905325444,0.0,8,8,0,0,8,7,3401,0,0,0,0,1
2020-09-04,US,Nebraska,Hitchcock,2,0,0,40.17609175,-101.04164770000001,31087.0,72.41129616220131,0.0,2,2,0,0,2,2,2806,0,0,0,0,0
2020-09-04,US,Nebraska,Holt,24,0,0,42.45522056,-98.78402558,31089.0,238.40270189728818,0.0,24,24,0,0,24,22,10178,0,0,0,0,2
2020-09-04,US,Nebraska,Hooker,6,0,0,41.91586243,-101.1354293,31091.0,879.7653958944281,0.0,6,6,0,0,6,4,682,0,0,0,0,2
2020-09-04,US,Nebraska,Howard,64,5,0,41.2200529,-98.5166499,31093.0,993.0178432893716,7.8125,59,63,5,0,58,63,6468,1,0,0,1,0
2020-09-04,US,Nebraska,Jefferson,22,0,0,40.17584531,-97.142601,31095.0,312.23389156968494,0.0,22,22,0,0,22,22,7097,0,0,0,0,0
2020-09-04,US,Nebraska,Johnson,28,0,0,40.39257596,-96.26522753,31097.0,552.1593374087951,0.0,28,28,0,0,28,27,5134,0,0,0,0,1
2020-09-04,US,Nebraska,Kearney,115,0,0,40.50663314,-98.94877182,31099.0,1770.592763664357,0.0,115,115,0,0,115,114,6544,0,0,0,0,1
2020-09-04,US,Nebraska,Keith,48,0,0,41.19930341,-101.66201640000001,31101.0,597.460791635549,0.0,48,47,0,0,47,47,8021,1,0,0,1,0
2020-09-04,US,Nebraska,Keya Paha,1,0,0,42.87990694,-99.71343729,31103.0,124.06947890818859,0.0,1,1,0,0,1,1,810,0,0,0,0,0
2020-09-04,US,Nebraska,Kimball,15,0,0,41.19774275,-103.7148131,31105.0,412.9955947136564,0.0,15,15,0,0,15,15,3618,0,0,0,0,0
2020-09-04,US,Nebraska,Knox,78,0,0,42.63758421,-97.89178836,31107.0,936.1497839654344,0.0,78,77,0,0,77,70,8419,1,0,0,1,7
2020-09-04,US,Nebraska,Lancaster,4354,21,0,40.78416049,-96.68777155,31109.0,1364.505311980946,0.482315112540193,4333,4313,21,0,4292,4213,317272,41,0,0,41,100
2020-09-04,US,Nebraska,Lincoln,332,2,0,41.04658298,-100.74753740000001,31111.0,950.9079452368677,0.6024096385542169,330,333,2,0,331,276,35185,-1,0,0,-1,57
2020-09-04,US,Nebraska,Logan,5,0,0,41.56650314,-100.4817851,31113.0,668.4491978609626,0.0,5,5,0,0,5,3,749,0,0,0,0,2
2020-09-04,US,Nebraska,Loup,2,0,0,41.91371961,-99.45440415,31115.0,301.20481927710836,0.0,2,2,0,0,2,2,618,0,0,0,0,0
2020-09-04,US,Nebraska,Madison,640,5,0,41.91676024,-97.6005481,31119.0,1823.4137724721506,0.78125,635,629,5,0,624,610,35392,11,0,0,11,19
2020-09-04,US,Nebraska,McPherson,6,0,0,41.56797682,-101.05993620000001,31117.0,1214.5748987854256,0.0,6,6,0,0,6,6,492,0,0,0,0,0
2020-09-04,US,Nebraska,Merrick,74,1,0,41.16624273,-98.0374887,31121.0,954.2230818826564,1.351351351351351,73,73,1,0,72,71,7733,1,0,0,1,2
2020-09-04,US,Nebraska,Morrill,67,0,0,41.71711774,-103.0061405,31123.0,1443.3433864713486,0.0,67,66,0,0,66,66,4686,1,0,0,1,0
2020-09-04,US,Nebraska,Nance,13,0,0,41.39750195,-97.99327291,31125.0,369.4231315714692,0.0,13,13,0,0,13,12,3532,0,0,0,0,1
2020-09-04,US,Nebraska,Nemaha,97,0,0,40.38514847,-95.85433992,31127.0,1391.2794033275961,0.0,97,95,0,0,95,95,6958,2,0,0,2,0
2020-09-04,US,Nebraska,Nuckolls,11,0,0,40.17637905,-98.04743961,31129.0,265.1880424300868,0.0,11,10,0,0,10,10,4195,1,0,0,1,0
2020-09-04,US,Nebraska,Otoe,125,1,0,40.64843556,-96.13374142,31131.0,780.6645016237821,0.8,124,125,1,0,124,123,15985,0,0,0,0,2
2020-09-04,US,Nebraska,Pawnee,12,0,0,40.13141096,-96.23705437,31133.0,459.24225028702637,0.0,12,12,0,0,12,12,2632,0,0,0,0,0
2020-09-04,US,Nebraska,Perkins,30,7,0,40.85082525,-101.6502942,31135.0,1037.7032168799724,23.33333333333333,23,29,7,0,22,29,2929,1,0,0,1,0
2020-09-04,US,Nebraska,Phelps,78,0,0,40.51156033,-99.41461667,31137.0,863.4049147664379,0.0,78,78,0,0,78,75,8996,0,0,0,0,3
2020-09-04,US,Nebraska,Pierce,66,4,0,42.26434853,-97.60122773,31139.0,923.335198656967,6.0606060606060606,62,65,4,0,61,62,7142,1,0,0,1,3
2020-09-04,US,Nebraska,Platte,893,3,0,41.57246836,-97.52144359,31141.0,2668.0609501045715,0.33594624860022404,890,895,3,0,892,879,33363,-2,0,0,-2,16
2020-09-04,US,Nebraska,Polk,34,1,0,41.18813488,-97.56630712,31143.0,652.215614809131,2.9411764705882355,33,34,1,0,33,33,5278,0,0,0,0,1
2020-09-04,US,Nebraska,Red Willow,19,0,0,40.17556879999999,-100.476998,31145.0,177.17269675494217,0.0,19,19,0,0,19,19,10726,0,0,0,0,0
2020-09-04,US,Nebraska,Richardson,37,1,0,40.1247415,-95.71755036,31147.0,470.438652256834,2.702702702702702,36,36,1,0,35,36,7937,1,0,0,1,0
2020-09-04,US,Nebraska,Rock,17,0,0,42.42252217,-99.44832069,31149.0,1252.7634487840826,0.0,17,17,0,0,17,14,1360,0,0,0,0,3
2020-09-04,US,Nebraska,Saline,644,2,0,40.52418865,-97.14085859,31151.0,4527.55905511811,0.3105590062111801,642,643,2,0,641,641,14350,1,0,0,1,2
2020-09-04,US,Nebraska,Sarpy,2930,15,0,41.11314181,-96.11156432,31153.0,1565.204384709075,0.5119453924914675,2915,2907,15,0,2892,2892,184459,23,0,0,23,15
2020-09-04,US,Nebraska,Saunders,255,2,0,41.227810299999994,-96.63773905,31155.0,1181.7591991843547,0.7843137254901961,253,255,2,0,253,250,21303,0,0,0,0,5
2020-09-04,US,Nebraska,Scotts Bluff,371,6,0,41.85070896,-103.70809859999999,31157.0,1041.6081756415297,1.6172506738544474,365,369,6,0,363,368,35989,2,0,0,2,1
2020-09-04,US,Nebraska,Seward,172,2,0,40.87241834,-97.139673,31159.0,995.1400138856744,1.162790697674419,170,171,2,0,169,167,17318,1,0,0,1,4
2020-09-04,US,Nebraska,Sheridan,30,0,0,42.50284406,-102.4126613,31161.0,571.864277544796,0.0,30,30,0,0,30,30,5190,0,0,0,0,0
2020-09-04,US,Nebraska,Sherman,18,1,0,41.22045983,-98.97588642,31163.0,599.8000666444517,5.5555555555555545,17,18,1,0,17,18,3038,0,0,0,0,0
2020-09-04,US,Nebraska,Sioux,6,0,0,42.48932059,-103.7576544,31165.0,514.5797598627787,0.0,6,6,0,0,6,6,1187,0,0,0,0,0
2020-09-04,US,Nebraska,Stanton,34,0,0,41.9169835,-97.19394708,31167.0,574.3243243243244,0.0,34,34,0,0,34,34,5970,0,0,0,0,0
2020-09-04,US,Nebraska,Thayer,27,0,0,40.17626377,-97.59504381,31169.0,539.6761942834298,0.0,27,27,0,0,27,27,5039,0,0,0,0,0
2020-09-04,US,Nebraska,Thomas,5,0,0,41.91358968,-100.5556632,31171.0,692.5207756232687,0.0,5,4,0,0,4,3,720,1,0,0,1,1
2020-09-04,US,Nebraska,Thurston,233,4,0,42.15725356,-96.54157099,31173.0,3225.3599114064227,1.7167381974248928,229,231,4,0,227,228,7303,2,0,0,2,3
2020-09-04,US,Nebraska,Unassigned,141,1,0,0.0,0.0,90031.0,0.0,0.7092198581560284,140,156,1,0,155,151,,-15,0,0,-15,5
2020-09-04,US,Nebraska,Valley,20,0,0,41.56730777,-98.98197724,31175.0,481.00048100048105,0.0,20,19,0,0,19,19,4190,1,0,0,1,0
2020-09-04,US,Nebraska,Washington,180,1,0,41.52815707,-96.22019892,31177.0,868.3486902407255,0.5555555555555556,179,180,1,0,179,176,20667,0,0,0,0,4
2020-09-04,US,Nebraska,Wayne,57,0,0,42.20934475,-97.11926964,31179.0,607.352157698455,0.0,57,57,0,0,57,56,9403,0,0,0,0,1
2020-09-04,US,Nebraska,Webster,14,0,0,40.17642643,-98.50019851,31181.0,401.491253226269,0.0,14,14,0,0,14,13,3533,0,0,0,0,1
2020-09-04,US,Nebraska,Wheeler,1,0,0,41.91482725,-98.52798941,31183.0,127.7139208173691,0.0,1,1,0,0,1,1,805,0,0,0,0,0
2020-09-04,US,Nebraska,York,120,0,0,40.87272618,-97.59710186,31185.0,877.2571094378244,0.0,120,119,0,0,119,114,13772,1,0,0,1,5
2020-09-04,US,Nevada,Carson City,446,8,0,39.15509045,-119.7480219,32510.0,797.6250089419844,1.7937219730941705,438,438,8,0,430,434,55414,8,0,0,8,4
2020-09-04,US,Nevada,Churchill,113,1,0,39.58105744,-118.3394607,32001.0,453.65129069814117,0.8849557522123894,112,113,1,0,112,113,24440,0,0,0,0,0
2020-09-04,US,Nevada,Clark,60514,1190,0,36.21458855,-115.0130241,32003.0,2669.678367152465,1.9664870938956276,59324,60144,1181,0,58963,59857,2231647,370,9,0,361,287
2020-09-04,US,Nevada,Douglas,257,1,0,38.912862,-119.61713329999999,32005.0,525.508639198446,0.3891050583657588,256,256,1,0,255,255,48467,1,0,0,1,1
2020-09-04,US,Nevada,Elko,853,6,0,41.14531606,-115.3577619,32007.0,1616.2037212474895,0.7033997655334114,847,824,6,0,818,824,52460,29,0,0,29,0
2020-09-04,US,Nevada,Eureka,8,0,0,39.98100864,-116.26832040000001,32011.0,394.2828979793002,0.0,8,7,0,0,7,7,2003,1,0,0,1,0
2020-09-04,US,Nevada,Humboldt,111,4,0,41.40692186,-118.11094270000001,32013.0,659.4973560691581,3.603603603603604,107,111,4,0,107,111,16786,0,0,0,0,0
2020-09-04,US,Nevada,Lander,65,1,0,39.933223299999995,-117.03970749999999,32015.0,1174.9819233550254,1.5384615384615383,64,63,1,0,62,63,5575,2,0,0,2,0
2020-09-04,US,Nevada,Lincoln,6,0,0,37.64268459,-114.8790388,32017.0,115.76307158016591,0.0,6,6,0,0,6,6,5201,0,0,0,0,0
2020-09-04,US,Nevada,Lyon,347,6,0,39.01777974,-119.18704790000001,32019.0,603.3733263780213,1.7291066282420748,341,345,6,0,339,336,55808,2,0,0,2,9
2020-09-04,US,Nevada,Mineral,12,0,0,38.53841696,-118.4344506,32021.0,266.37069922308547,0.0,12,12,0,0,12,12,4514,0,0,0,0,0
2020-09-04,US,Nevada,Nye,478,15,0,38.04264256,-116.47227020000001,32023.0,1027.4487887711457,3.1380753138075312,463,477,14,0,463,472,45346,1,1,0,0,5
2020-09-04,US,Nevada,Pershing,20,0,0,40.44003782,-118.40056409999998,32027.0,297.39776951672866,0.0,20,21,0,0,21,21,6666,-1,0,0,-1,0
2020-09-04,US,Nevada,Storey,7,0,0,39.44875482,-119.5250207,32029.0,169.77928692699493,0.0,7,7,0,0,7,7,4029,0,0,0,0,0
2020-09-04,US,Nevada,Washoe,7446,142,0,40.66562265,-119.6631594,32031.0,1579.1516354590165,1.9070641955412304,7304,7371,140,0,7231,7326,465735,75,2,0,73,45
2020-09-04,US,Nevada,White Pine,29,1,0,39.44157041,-114.89996599999999,32033.0,302.713987473904,3.4482758620689653,28,28,1,0,27,28,9475,1,0,0,1,0
2020-09-04,US,New Hampshire,Belknap,126,4,0,43.51637314,-71.41684235,33001.0,205.53643377974976,3.1746031746031744,122,126,4,0,122,125,61022,0,0,0,0,1
2020-09-04,US,New Hampshire,Carroll,107,1,0,43.87498583,-71.20430216,33003.0,218.7691678593334,0.9345794392523364,106,106,1,0,105,105,48779,1,0,0,1,1
2020-09-04,US,New Hampshire,Cheshire,133,3,0,42.92015988,-72.25311043,33005.0,174.8044949727279,2.255639097744361,130,132,3,0,129,131,76493,1,0,0,1,1
2020-09-04,US,New Hampshire,Coos,20,0,0,44.69063265,-71.30633239,33007.0,63.36533282641067,0.0,20,21,0,0,21,19,31589,-1,0,0,-1,2
2020-09-04,US,New Hampshire,Grafton,115,1,0,43.93779815,-71.82057197,33009.0,127.93983490198696,0.8695652173913043,114,114,1,0,113,114,89786,1,0,0,1,0
2020-09-04,US,New Hampshire,Hillsborough,4080,286,0,42.91537785,-71.7200253,33011.0,978.3586115940292,7.009803921568627,3794,4074,286,0,3788,4052,415247,6,0,0,6,22
2020-09-04,US,New Hampshire,Merrimack,508,23,0,43.29662971,-71.6811573,33013.0,335.55495372908564,4.52755905511811,485,508,23,0,485,504,151132,0,0,0,0,4
2020-09-04,US,New Hampshire,Rockingham,1829,100,0,42.98499744,-71.12883377,33015.0,590.4399730121478,5.467468562055769,1729,1821,100,0,1721,1817,309176,8,0,0,8,4
2020-09-04,US,New Hampshire,Strafford,400,13,0,43.291833000000004,-71.02336013,33017.0,306.2013426928877,3.25,387,395,13,0,382,391,130090,5,0,0,5,4
2020-09-04,US,New Hampshire,Sullivan,48,1,0,43.36094111,-72.22203125,33019.0,111.25017382839658,2.083333333333333,47,48,1,0,47,48,43144,0,0,0,0,0
2020-09-04,US,New Hampshire,Unassigned,2,0,0,0.0,0.0,90033.0,0.0,0.0,2,2,0,0,2,3,,0,0,0,0,-1
2020-09-04,US,New Jersey,Atlantic,3784,252,0,39.47538693,-74.65848483,34001.0,1435.1272423863165,6.659619450317125,3532,3778,252,0,3526,3769,265429,6,0,0,6,9
2020-09-04,US,New Jersey,Bergen,21752,2036,0,40.96010917,-74.07164325,34003.0,2333.399842523401,9.360058845163664,19716,21724,2036,0,19688,21691,936692,28,0,0,28,33
2020-09-04,US,New Jersey,Burlington,6521,482,0,39.87681124,-74.66927768,34005.0,1464.2448955762784,7.391504370495322,6039,6499,482,0,6017,6457,445384,22,0,0,22,42
2020-09-04,US,New Jersey,Camden,9270,593,0,39.80343818,-74.96388753,34007.0,1830.312100791556,6.39697950377562,8677,9237,592,0,8645,9198,507078,33,1,0,32,39
2020-09-04,US,New Jersey,Cape May,921,94,0,39.15008829,-74.80170244,34009.0,1000.662762524582,10.20629750271444,827,913,95,0,818,913,92560,8,-1,0,9,0
2020-09-04,US,New Jersey,Cumberland,3606,156,0,39.37199394,-75.10712559,34011.0,2411.604593150401,4.3261231281198,3450,3598,156,0,3442,3594,150972,8,0,0,8,4
2020-09-04,US,New Jersey,Essex,20463,2119,0,40.78681335,-74.24657979,34013.0,2561.1564817422322,10.355275375067194,18344,20407,2119,0,18288,20392,799767,56,0,0,56,15
2020-09-04,US,New Jersey,Gloucester,3762,222,0,39.71581067,-75.13995546,34015.0,1289.9642019503765,5.901116427432218,3540,3731,219,0,3512,3719,291408,31,3,0,28,12
2020-09-04,US,New Jersey,Hudson,20227,1509,0,40.73766234,-74.07515667,34017.0,3008.219919659841,7.46032530775696,18718,20206,1508,0,18698,20197,676061,21,1,0,20,9
2020-09-04,US,New Jersey,Hunterdon,1223,125,0,40.56335249,-74.91284156,34019.0,983.3482081835796,10.220768601798856,1098,1221,125,0,1096,1216,124714,2,0,0,2,5
2020-09-04,US,New Jersey,Mercer,8390,631,0,40.28047017,-74.70479631,34021.0,2283.428135971478,7.520858164481527,7759,8371,631,0,7740,8349,369811,19,0,0,19,22
2020-09-04,US,New Jersey,Middlesex,18531,1418,0,40.43629879,-74.41426991,34023.0,2246.013026899797,7.652042523339269,17113,18507,1418,0,17089,18483,829685,24,0,0,24,24
2020-09-04,US,New Jersey,Monmouth,10862,859,0,40.26549699,-74.22240686,34025.0,1755.3470858685025,7.908304179709077,10003,10818,859,0,9959,10780,621354,44,0,0,44,38
2020-09-04,US,New Jersey,Morris,7548,829,0,40.86095313,-74.54553709999998,34027.0,1534.6298122375952,10.983041865394807,6719,7524,829,0,6695,7514,494228,24,0,0,24,10
2020-09-04,US,New Jersey,Ocean,11358,1030,0,39.8895449,-74.28089251,34029.0,1870.5964893788723,9.068497974995598,10328,11305,1027,0,10278,11259,601651,53,3,0,50,46
2020-09-04,US,New Jersey,Passaic,18469,1248,0,41.03238628,-74.29954144,34031.0,3680.3593277351124,6.7572689371379075,17221,18439,1248,0,17191,18416,503310,30,0,0,30,23
2020-09-04,US,New Jersey,Salem,988,89,0,39.58719656,-75.34696629999998,34033.0,1583.714033822233,9.008097165991902,899,984,89,0,895,982,62607,4,0,0,4,2
2020-09-04,US,New Jersey,Somerset,5446,566,0,40.56465737,-74.61683016,34035.0,1655.6512856682496,10.392948953360262,4880,5437,566,0,4871,5426,331164,9,0,0,9,11
2020-09-04,US,New Jersey,Sussex,1408,197,0,41.13891592,-74.69118243,34037.0,1002.2208302488467,13.991477272727273,1211,1409,197,0,1212,1402,140799,-1,0,0,-1,7
2020-09-04,US,New Jersey,Unassigned,307,0,0,0.0,0.0,90034.0,0.0,0.0,307,305,0,0,305,304,,2,0,0,2,1
2020-09-04,US,New Jersey,Union,17187,1352,0,40.65835409,-74.30680092,34039.0,3089.292358463604,7.866410659219178,15835,17161,1352,0,15809,17137,558067,26,0,0,26,24
2020-09-04,US,New Jersey,Warren,1399,171,0,40.85951833,-74.99556527,34041.0,1329.001491445562,12.22301644031451,1228,1399,171,0,1228,1397,105779,0,0,0,0,2
2020-09-04,US,New Mexico,Bernalillo,5914,160,0,35.05163625,-106.6703554,35001.0,870.8315602079747,2.705444707473791,5754,5898,159,0,5739,5861,678701,16,1,0,15,37
2020-09-04,US,New Mexico,Catron,9,1,0,33.91514144,-108.4046587,35003.0,255.17436915225403,11.111111111111109,8,9,1,0,8,8,3578,0,0,0,0,1
2020-09-04,US,New Mexico,Chaves,787,7,0,33.36406072,-104.4665365,35005.0,1217.9834403776213,0.8894536213468869,780,776,6,0,770,754,64689,11,1,0,10,22
2020-09-04,US,New Mexico,Cibola,399,20,0,34.91131525,-107.998876,35006.0,1495.7825679475166,5.012531328320802,379,399,20,0,379,398,26746,0,0,0,0,1
2020-09-04,US,New Mexico,Colfax,23,1,0,36.60569702,-104.64726740000002,35007.0,192.61368394606816,4.3478260869565215,22,22,1,0,21,20,12110,1,0,0,1,2
2020-09-04,US,New Mexico,Curry,703,5,0,34.57421077,-103.34688759999999,35009.0,1436.041998610941,0.7112375533428165,698,694,5,0,689,680,49437,9,0,0,9,14
2020-09-04,US,New Mexico,Dona Ana,2933,45,0,32.35275771,-106.83293870000001,35013.0,1344.2104539517406,1.5342652574156157,2888,2920,45,0,2875,2892,217522,13,0,0,13,28
2020-09-04,US,New Mexico,Eddy,553,5,0,32.47167456,-104.3053527,35015.0,945.945945945946,0.9041591320072332,548,545,5,0,540,513,57900,8,0,0,8,32
2020-09-04,US,New Mexico,Grant,84,2,0,32.73911281,-108.3827845,35017.0,311.1341580857841,2.380952380952381,82,84,2,0,82,84,27346,0,0,0,0,0
2020-09-04,US,New Mexico,Guadalupe,32,1,0,34.86319296,-104.790669,35019.0,744.1860465116278,3.125,31,32,1,0,31,32,4341,0,0,0,0,0
2020-09-04,US,New Mexico,Harding,2,0,0,35.85751555,-103.82209379999999,35021.0,320.0,0.0,2,2,0,0,2,2,655,0,0,0,0,0
2020-09-04,US,New Mexico,Hidalgo,98,2,0,31.91383467,-108.7151824,35023.0,2334.444973797047,2.0408163265306123,96,98,2,0,96,98,4240,0,0,0,0,0
2020-09-04,US,New Mexico,Lea,1178,15,0,32.79215361,-103.4123733,35025.0,1657.5207541860138,1.2733446519524618,1163,1170,15,0,1155,1151,69611,8,0,0,8,19
2020-09-04,US,New Mexico,Lincoln,173,2,0,33.74526079,-105.4586166,35027.0,883.9157980788882,1.1560693641618498,171,173,2,0,171,171,19556,0,0,0,0,2
2020-09-04,US,New Mexico,Los Alamos,27,0,0,35.86631386,-106.31349850000001,35028.0,139.39800712478706,0.0,27,27,0,0,27,27,19101,0,0,0,0,0
2020-09-04,US,New Mexico,Luna,321,5,0,32.18179341,-107.75088259999998,35029.0,1353.9162343413893,1.557632398753894,316,321,5,0,316,316,23963,0,0,0,0,5
2020-09-04,US,New Mexico,McKinley,4230,243,0,35.58007720000001,-108.262245,35031.0,5927.109168102907,5.74468085106383,3987,4229,243,0,3986,4223,72290,1,0,0,1,6
2020-09-04,US,New Mexico,Mora,6,0,0,36.01095101,-104.9497716,35033.0,132.71400132713998,0.0,6,6,0,0,6,6,4506,0,0,0,0,0
2020-09-04,US,New Mexico,Otero,227,12,0,32.61348406,-105.7417604,35035.0,336.346125351904,5.286343612334802,215,227,12,0,215,224,66781,0,0,0,0,3
2020-09-04,US,New Mexico,Quay,64,2,0,35.10403332,-103.54817270000001,35037.0,775.4755846358902,3.125,62,63,2,0,61,62,8253,1,0,0,1,1
2020-09-04,US,New Mexico,Rio Arriba,361,13,0,36.51072137,-106.69316740000001,35039.0,927.5198478970219,3.601108033240997,348,361,13,0,348,359,39006,0,0,0,0,2
2020-09-04,US,New Mexico,Roosevelt,206,3,0,34.02097406,-103.4799493,35041.0,1113.5135135135135,1.4563106796116505,203,205,2,0,203,204,18743,1,1,0,0,1
2020-09-04,US,New Mexico,San Juan,3206,192,0,36.50838318,-108.32043700000001,35045.0,2586.3598960938384,5.988771054273237,3014,3201,192,0,3009,3199,125043,5,0,0,5,2
2020-09-04,US,New Mexico,San Miguel,86,0,0,35.48014807,-104.8163562,35047.0,315.2839388495803,0.0,86,85,0,0,85,83,27591,1,0,0,1,2
2020-09-04,US,New Mexico,Sandoval,1259,37,0,35.68862401,-106.86878030000001,35043.0,857.933327881811,2.9388403494837174,1222,1257,37,0,1220,1255,145179,2,0,0,2,2
2020-09-04,US,New Mexico,Santa Fe,849,4,0,35.50708973,-105.9774716,35049.0,564.6523630269091,0.4711425206124853,845,839,4,0,835,828,150056,10,0,0,10,11
2020-09-04,US,New Mexico,Sierra,38,1,0,33.13028233,-107.1925893,35051.0,352.14530627374666,2.631578947368421,37,38,1,0,37,38,10968,0,0,0,0,0
2020-09-04,US,New Mexico,Socorro,78,6,0,34.00715494,-106.9298354,35053.0,468.83452545531037,7.6923076923076925,72,78,6,0,72,78,16735,0,0,0,0,0
2020-09-04,US,New Mexico,Taos,118,3,0,36.58006022,-105.63101979999999,35055.0,360.60263423280264,2.5423728813559316,115,118,3,0,115,116,32835,0,0,0,0,2
2020-09-04,US,New Mexico,Torrance,63,1,0,34.64048375,-105.8508949,35057.0,407.4768773041847,1.5873015873015872,62,63,1,0,62,63,15591,0,0,0,0,0
2020-09-04,US,New Mexico,Unassigned,1321,0,0,0.0,0.0,90035.0,0.0,0.0,1321,1321,0,0,1321,1321,,0,0,0,0,0
2020-09-04,US,New Mexico,Union,31,2,0,36.48126404,-103.4709624,35059.0,763.7349100763735,6.451612903225807,29,31,2,0,29,31,4118,0,0,0,0,0
2020-09-04,US,New Mexico,Valencia,523,4,0,34.71669834,-106.8103733,35061.0,681.9841435426664,0.7648183556405354,519,520,4,0,516,515,76456,3,0,0,3,5
2020-09-04,US,New York,Albany,2819,133,0,42.60060306,-73.97723916,36001.0,922.7314684490648,4.717985101099682,2686,2802,133,0,2669,2791,307117,17,0,0,17,11
2020-09-04,US,New York,Allegany,90,1,0,42.25748406,-78.02750466,36003.0,195.26588704953244,1.1111111111111112,89,90,1,0,89,89,46430,0,0,0,0,1
2020-09-04,US,New York,Bronx,51820,4917,0,40.85209301,-73.86282755,36005.0,3653.9094786586156,9.488614434581242,46903,51768,4916,0,46852,51711,1432132,52,1,0,51,57
2020-09-04,US,New York,Broome,1342,69,0,42.15903158,-75.81326086,36007.0,704.5063206081222,5.141579731743666,1273,1333,69,0,1264,1315,191659,9,0,0,9,18
2020-09-04,US,New York,Cattaraugus,223,6,0,42.24778241,-78.67923096,36009.0,292.9700329755508,2.690582959641256,217,222,6,0,216,216,76840,1,0,0,1,6
2020-09-04,US,New York,Cayuga,181,2,0,42.91261714,-76.55731592,36011.0,236.36648558295028,1.1049723756906078,179,181,2,0,179,180,77145,0,0,0,0,1
2020-09-04,US,New York,Chautauqua,464,9,0,42.22769210000001,-79.36691763,36013.0,365.63359416247056,1.9396551724137927,455,452,9,0,443,428,127939,12,0,0,12,24
2020-09-04,US,New York,Chemung,206,3,0,42.13891056,-76.7638805,36015.0,246.8366564417178,1.4563106796116505,203,205,3,0,202,205,84254,1,0,0,1,0
2020-09-04,US,New York,Chenango,231,7,0,42.49430041,-75.60887553,36017.0,489.3342089096956,3.0303030303030303,224,230,7,0,223,229,47536,1,0,0,1,1
2020-09-04,US,New York,Clinton,152,5,0,44.74530905,-73.67875352,36019.0,188.85506616139654,3.2894736842105265,147,152,5,0,147,151,80695,0,0,0,0,1
2020-09-04,US,New York,Columbia,574,37,0,42.24819348,-73.63089095,36021.0,965.338625317435,6.445993031358885,537,570,37,0,533,570,59916,4,0,0,4,0
2020-09-04,US,New York,Cortland,102,0,0,42.59509207,-76.07048931,36023.0,214.3712826548412,0.0,102,102,0,0,102,102,47823,0,0,0,0,0
2020-09-04,US,New York,Delaware,121,4,0,42.19837623,-74.96709306,36025.0,274.1588308598618,3.3057851239669422,117,121,4,0,117,120,44527,0,0,0,0,1
2020-09-04,US,New York,Dutchess,4902,153,0,41.76486060000001,-73.74356679,36027.0,1666.1115227484381,3.121175030599755,4749,4892,153,0,4739,4878,293718,10,0,0,10,14
2020-09-04,US,New York,Erie,10156,678,0,42.76249024,-78.73063652,36029.0,1105.4727212959153,6.6758566364710505,9478,10086,678,0,9408,10017,919719,70,0,0,70,69
2020-09-04,US,New York,Essex,145,0,0,44.11630765,-73.77297842,36031.0,393.11373186932366,0.0,145,141,0,0,141,135,37300,4,0,0,4,6
2020-09-04,US,New York,Franklin,59,0,0,44.59040891,-74.29926032,36033.0,117.94810283475272,0.0,59,59,0,0,59,58,50293,0,0,0,0,1
2020-09-04,US,New York,Fulton,312,24,0,43.11363907,-74.41798804,36035.0,584.4557256055299,7.6923076923076925,288,312,24,0,288,311,53591,0,0,0,0,1
2020-09-04,US,New York,Genesee,300,5,0,43.0022601,-78.19135193,36037.0,523.7430167597765,1.6666666666666667,295,298,5,0,293,297,57511,2,0,0,2,1
2020-09-04,US,New York,Greene,313,18,0,42.275797,-74.12384884,36039.0,663.3042298889549,5.7507987220447285,295,310,18,0,292,310,47491,3,0,0,3,0
2020-09-04,US,New York,Hamilton,14,0,0,43.66146647,-74.49721957,36041.0,317.0289855072464,0.0,14,14,0,0,14,14,4434,0,0,0,0,0
2020-09-04,US,New York,Herkimer,306,4,0,43.42034246,-74.96145307,36043.0,499.02966454116995,1.30718954248366,302,305,4,0,301,303,61833,1,0,0,1,2
2020-09-04,US,New York,Jefferson,154,0,0,44.04200959,-75.94653457,36045.0,140.21159203889505,0.0,154,154,0,0,154,150,111755,0,0,0,0,4
2020-09-04,US,New York,Kings,65440,7290,0,40.636182500000004,-73.94935552,36047.0,2556.346861580302,11.13997555012225,58150,65328,7289,0,58039,65201,2582830,112,1,0,111,127
2020-09-04,US,New York,Lewis,49,0,0,43.784415700000004,-75.44903992,36049.0,186.3401277760876,0.0,49,49,0,0,49,49,26447,0,0,0,0,0
2020-09-04,US,New York,Livingston,188,8,0,42.72596275,-77.77966158,36051.0,298.8206122643609,4.25531914893617,180,187,8,0,179,184,63227,1,0,0,1,3
2020-09-04,US,New York,Madison,474,17,0,42.91653905,-75.67266639,36053.0,668.1608660718061,3.586497890295359,457,467,17,0,450,461,70795,7,0,0,7,6
2020-09-04,US,New York,Monroe,5529,289,0,43.14638895,-77.69322942,36055.0,745.3792954689459,5.226984988243807,5240,5502,289,0,5213,5468,742474,27,0,0,27,34
2020-09-04,US,New York,Montgomery,212,4,0,42.90123494,-74.44011632,36057.0,430.71046910871377,1.8867924528301887,208,211,4,0,207,208,49455,1,0,0,1,3
2020-09-04,US,New York,Nassau,45008,2198,0,40.74066522,-73.58941873,36059.0,3316.9138433692674,4.883576253110558,42810,44924,2198,0,42726,44845,1358343,84,0,0,84,79
2020-09-04,US,New York,New York,32310,3172,0,40.76727260000001,-73.97152637,36061.0,1983.783445262681,9.817393995666976,29138,32251,3170,0,29081,32218,,59,2,0,57,33
2020-09-04,US,New York,Niagara,1638,101,0,43.19898042,-78.74777412,36063.0,782.6797463697135,6.1660561660561655,1537,1635,101,0,1534,1632,210433,3,0,0,3,3
2020-09-04,US,New York,Oneida,2295,120,0,43.24375382,-75.43710392,36065.0,1003.6252957305474,5.2287581699346415,2175,2286,120,0,2166,2283,229577,9,0,0,9,3
2020-09-04,US,New York,Onondaga,3947,204,0,43.00491923,-76.19971155,36067.0,857.0597227530141,5.168482391689892,3743,3937,204,0,3733,3922,461809,10,0,0,10,15
2020-09-04,US,New York,Ontario,398,35,0,42.85145728,-77.30874425,36069.0,362.55317598404037,8.793969849246231,363,396,35,0,361,393,109864,2,0,0,2,3
2020-09-04,US,New York,Orange,11487,494,0,41.40337468,-74.30240757,36071.0,2984.101418402868,4.300513624096806,10993,11478,494,0,10984,11460,381951,9,0,0,9,18
2020-09-04,US,New York,Orleans,307,54,0,43.2516977,-78.2320066,36073.0,760.8049167327517,17.589576547231268,253,306,54,0,252,306,40612,1,0,0,1,0
2020-09-04,US,New York,Oswego,314,3,0,43.42778894,-76.14635194,36075.0,268.09193675079405,0.9554140127388536,311,311,3,0,308,307,117898,3,0,0,3,4
2020-09-04,US,New York,Otsego,235,5,0,42.63492579,-75.03151402,36077.0,395.00445430554856,2.127659574468085,230,209,5,0,204,189,59749,26,0,0,26,20
2020-09-04,US,New York,Putnam,1523,63,0,41.42630093,-73.74965532,36079.0,1549.0235964198534,4.136572554169402,1460,1518,63,0,1455,1510,98892,5,0,0,5,8
2020-09-04,US,New York,Queens,70496,7231,0,40.71088124,-73.81684712,36081.0,3127.7924341285034,10.257319564230595,63265,70413,7230,0,63183,70344,2278906,83,1,0,82,69
2020-09-04,US,New York,Rensselaer,854,40,0,42.71348136,-73.51089874,36083.0,538.0747760121981,4.68384074941452,814,848,40,0,808,844,159442,6,0,0,6,4
2020-09-04,US,New York,Richmond,15369,1085,0,40.58582155,-74.14808598,36085.0,3227.81181283774,7.059665560543952,14284,15350,1085,0,14265,15332,476179,19,0,0,19,18
2020-09-04,US,New York,Rockland,14358,674,0,41.15027894,-74.02560498,36087.0,4407.146957079583,4.694247109625296,13684,14334,674,0,13660,14305,325695,24,0,0,24,29
2020-09-04,US,New York,Saratoga,868,17,0,43.10904162,-73.86653895,36091.0,377.61623227748703,1.95852534562212,851,863,17,0,846,852,230163,5,0,0,5,11
2020-09-04,US,New York,Schenectady,1298,45,0,42.81668777,-74.05278291,36093.0,835.8070560660402,3.4668721109399074,1253,1290,45,0,1245,1278,155350,8,0,0,8,12
2020-09-04,US,New York,Schoharie,71,0,0,42.58831742,-74.44339029999998,36095.0,229.03964644020766,0.0,71,70,0,0,70,70,31097,1,0,0,1,0
2020-09-04,US,New York,Schuyler,27,0,0,42.39184015,-76.8773299,36097.0,151.6257651485371,0.0,27,27,0,0,27,26,17912,0,0,0,0,1
2020-09-04,US,New York,Seneca,102,3,0,42.78081007,-76.82497064,36099.0,299.85888993414864,2.9411764705882355,99,101,3,0,98,100,34300,1,0,0,1,1
2020-09-04,US,New York,St. Lawrence,291,4,0,44.4976179,-75.06550039,36089.0,270.0946723593837,1.3745704467353952,287,287,4,0,283,279,108047,4,0,0,4,8
2020-09-04,US,New York,Steuben,319,42,0,42.2689144,-77.3829924,36101.0,334.45517357070213,13.16614420062696,277,316,42,0,274,315,95796,3,0,0,3,1
2020-09-04,US,New York,Suffolk,45102,2005,0,40.88320119,-72.8012172,36103.0,3054.447342240728,4.4454791361802135,43097,45006,2005,0,43001,44940,1481093,96,0,0,96,66
2020-09-04,US,New York,Sullivan,1540,48,0,41.71579493,-74.76394559,36105.0,2041.5738678544915,3.116883116883117,1492,1537,48,0,1489,1534,75498,3,0,0,3,3
2020-09-04,US,New York,Tioga,211,25,0,42.16852837,-76.30835812,36107.0,437.7320913636081,11.848341232227488,186,210,25,0,185,209,48560,1,0,0,1,1
2020-09-04,US,New York,Tompkins,308,0,0,42.44945765,-76.47229843,36109.0,301.42885104717163,0.0,308,303,0,0,303,280,102793,5,0,0,5,23
2020-09-04,US,New York,Ulster,2196,94,0,41.89027881,-74.26252104,36111.0,1236.6744944332754,4.280510018214936,2102,2190,94,0,2096,2178,178599,6,0,0,6,12
2020-09-04,US,New York,Unassigned,0,21,0,0.0,0.0,90036.0,0.0,0.0,-21,0,20,0,-20,0,,0,1,0,-1,0
2020-09-04,US,New York,Warren,324,33,0,43.56173026,-73.8433699,36113.0,506.6933566871012,10.185185185185183,291,323,33,0,290,322,64265,1,0,0,1,1
2020-09-04,US,New York,Washington,269,14,0,43.31153794,-73.43043448,36115.0,439.5137572707665,5.204460966542751,255,268,14,0,254,268,61197,1,0,0,1,0
2020-09-04,US,New York,Wayne,288,5,0,43.15494365,-77.02976528,36117.0,320.29182143730947,1.7361111111111112,283,283,5,0,278,281,90064,5,0,0,5,2
2020-09-04,US,New York,Westchester,37152,1452,0,41.16278376,-73.75741653,36119.0,3839.976186194194,3.9082687338501287,35700,37106,1452,0,35654,37057,967612,46,0,0,46,49
2020-09-04,US,New York,Wyoming,126,5,0,42.70145109,-78.22199579,36121.0,316.1143029177852,3.968253968253968,121,126,5,0,121,126,40085,0,0,0,0,0
2020-09-04,US,New York,Yates,62,7,0,42.63505484,-77.10369919,36123.0,248.8660538674588,11.290322580645164,55,62,7,0,55,62,24841,0,0,0,0,0
2020-09-04,US,North Carolina,Alamance,3334,46,0,36.0434701,-79.39976137,37001.0,1966.8572170209247,1.3797240551889622,3288,3294,46,0,3248,3259,166436,40,0,0,40,35
2020-09-04,US,North Carolina,Alexander,433,3,0,35.922379600000006,-81.17751948,37003.0,1154.7590473904581,0.6928406466512702,430,427,3,0,424,414,37353,6,0,0,6,13
2020-09-04,US,North Carolina,Alleghany,206,0,0,36.49360862,-81.12857041,37005.0,1849.6902217832446,0.0,206,205,0,0,205,202,11161,1,0,0,1,3
2020-09-04,US,North Carolina,Anson,461,3,0,34.97403241,-80.09953279,37007.0,1885.7890861490632,0.6507592190889371,458,458,3,0,455,452,24877,3,0,0,3,6
2020-09-04,US,North Carolina,Ashe,218,1,0,36.43296207,-81.49862729,37009.0,801.3822004925928,0.4587155963302753,217,210,1,0,209,206,27109,8,0,0,8,4
2020-09-04,US,North Carolina,Avery,152,0,0,36.07569796,-81.92308483,37011.0,865.7515520874865,0.0,152,150,0,0,150,146,17505,2,0,0,2,4
2020-09-04,US,North Carolina,Beaufort,633,10,0,35.48531943,-76.84325809,37013.0,1346.9804655913522,1.5797788309636651,623,608,10,0,598,599,47079,25,0,0,25,9
2020-09-04,US,North Carolina,Bertie,463,6,0,36.0688473,-76.96545943,37015.0,2443.658626695519,1.2958963282937366,457,457,6,0,451,448,19026,6,0,0,6,9
2020-09-04,US,North Carolina,Bladen,748,10,0,34.61296243,-78.56180059,37017.0,2285.923843285863,1.3368983957219251,738,738,10,0,728,729,33190,10,0,0,10,9
2020-09-04,US,North Carolina,Brunswick,1420,24,0,34.070565,-78.22814204,37019.0,994.2585072118753,1.6901408450704225,1396,1410,24,0,1386,1402,136744,10,0,0,10,8
2020-09-04,US,North Carolina,Buncombe,2581,72,0,35.61113393,-82.53305,37021.0,988.1657484369676,2.7896164277411857,2509,2565,72,0,2493,2517,259103,16,0,0,16,48
2020-09-04,US,North Carolina,Burke,1891,30,0,35.74989637,-81.70755735,37023.0,2089.8491462673373,1.5864621893178212,1861,1874,30,0,1844,1864,90382,17,0,0,17,10
2020-09-04,US,North Carolina,Cabarrus,3371,55,0,35.3877799,-80.55267168,37025.0,1557.3819720678393,1.6315633343221596,3316,3308,54,0,3254,3255,211342,63,1,0,62,53
2020-09-04,US,North Carolina,Caldwell,1457,17,0,35.95204977,-81.54799522,37027.0,1772.9806030811167,1.1667810569663692,1440,1453,17,0,1436,1441,82029,4,0,0,4,12
2020-09-04,US,North Carolina,Camden,102,3,0,36.33804939,-76.15568396,37029.0,938.621514677464,2.9411764705882355,99,100,3,0,97,99,10710,2,0,0,2,1
2020-09-04,US,North Carolina,Carteret,534,5,0,34.8932941,-76.54120135,37031.0,768.6439336144977,0.9363295880149812,529,526,5,0,521,513,69524,8,0,0,8,13
2020-09-04,US,North Carolina,Caswell,255,3,0,36.39312665,-79.33353281,37033.0,1128.1189170058396,1.1764705882352942,252,249,3,0,246,248,22698,6,0,0,6,1
2020-09-04,US,North Carolina,Catawba,2689,47,0,35.66211129,-81.2132617,37035.0,1685.3545261389775,1.7478616586091484,2642,2658,47,0,2611,2645,158652,31,0,0,31,13
2020-09-04,US,North Carolina,Chatham,1522,56,0,35.70394416,-79.25541492,37037.0,2043.7760171881293,3.679369250985545,1466,1514,56,0,1458,1506,73139,8,0,0,8,8
2020-09-04,US,North Carolina,Cherokee,475,6,0,35.1349263,-84.05970864,37039.0,1660.1425975115335,1.263157894736842,469,466,5,0,461,446,28383,9,1,0,8,20
2020-09-04,US,North Carolina,Chowan,237,2,0,36.12908077,-76.60118385,37041.0,1699.7776662124365,0.8438818565400844,235,231,2,0,229,227,14029,6,0,0,6,4
2020-09-04,US,North Carolina,Clay,94,1,0,35.05704275,-83.74353633,37043.0,836.9691033745881,1.0638297872340423,93,90,1,0,89,89,11139,4,0,0,4,1
2020-09-04,US,North Carolina,Cleveland,1655,45,0,35.33553364,-81.55204486,37045.0,1689.6893217760626,2.7190332326283992,1610,1636,44,0,1592,1630,97645,19,1,0,18,6
2020-09-04,US,North Carolina,Columbus,1163,52,0,34.26744084,-78.65801424,37047.0,2095.193485623694,4.4711951848667235,1111,1158,52,0,1106,1128,55655,5,0,0,5,30
2020-09-04,US,North Carolina,Craven,1027,26,0,35.11833364,-77.08398081,37049.0,1005.4925151019687,2.5316455696202533,1001,1013,26,0,987,1000,102912,14,0,0,14,13
2020-09-04,US,North Carolina,Cumberland,4326,67,0,35.04762133,-78.82623165,37051.0,1289.3841893958133,1.5487748497457234,4259,4238,67,0,4171,4167,332330,88,0,0,88,71
2020-09-04,US,North Carolina,Currituck,116,0,0,36.36123664,-75.95876401,37053.0,417.82228145373335,0.0,116,113,0,0,113,112,27072,3,0,0,3,1
2020-09-04,US,North Carolina,Dare,245,2,0,35.66520691,-75.71767334,37055.0,662.0011348590883,0.8163265306122449,243,245,2,0,243,244,36501,0,0,0,0,1
2020-09-04,US,North Carolina,Davidson,2259,32,0,35.79115496,-80.21256572,37057.0,1347.7796538372045,1.4165559982293048,2227,2236,32,0,2204,2220,166614,23,0,0,23,16
2020-09-04,US,North Carolina,Davie,496,6,0,35.93099927,-80.54496571,37059.0,1157.63431825608,1.2096774193548387,490,493,6,0,487,489,42733,3,0,0,3,4
2020-09-04,US,North Carolina,Duplin,2089,52,0,34.93449805,-77.93140529,37061.0,3556.2894741322075,2.4892292963140257,2037,2086,52,0,2034,2085,58856,3,0,0,3,1
2020-09-04,US,North Carolina,Durham,7051,84,0,36.03638492,-78.87608331,37063.0,2193.238938933957,1.1913203800879308,6967,7017,84,0,6933,6968,316739,34,0,0,34,49
2020-09-04,US,North Carolina,Edgecombe,1046,22,0,35.91230639,-77.59436892,37065.0,2032.1728318308985,2.103250478011472,1024,1023,21,0,1002,996,52005,23,1,0,22,27
2020-09-04,US,North Carolina,Forsyth,6335,82,0,36.12859861,-80.25459052,37067.0,1657.0972678167386,1.2943962115232834,6253,6287,82,0,6205,6266,379099,48,0,0,48,21
2020-09-04,US,North Carolina,Franklin,1097,29,0,36.081519,-78.28708884,37069.0,1574.2268780942813,2.643573381950775,1068,1084,29,0,1055,1078,67560,13,0,0,13,6
2020-09-04,US,North Carolina,Gaston,4247,66,0,35.29373559,-81.17477045,37071.0,1891.515127221873,1.5540381445726394,4181,4208,66,0,4142,4149,222846,39,0,0,39,59
2020-09-04,US,North Carolina,Gates,96,3,0,36.44667547,-76.69749701,37073.0,830.3061754021795,3.125,93,94,3,0,91,87,11573,2,0,0,2,7
2020-09-04,US,North Carolina,Graham,75,0,0,35.3506925,-83.83369267,37075.0,888.5203174979268,0.0,75,69,0,0,69,61,8484,6,0,0,6,8
2020-09-04,US,North Carolina,Granville,1579,46,0,36.30337451,-78.65184241,37077.0,2612.378604635773,2.9132362254591517,1533,1558,46,0,1512,1551,60115,21,0,0,21,7
2020-09-04,US,North Carolina,Greene,442,4,0,35.48544173,-77.67578087,37079.0,2097.8689069248653,0.9049773755656108,438,431,4,0,427,422,21012,11,0,0,11,9
2020-09-04,US,North Carolina,Guilford,7170,171,0,36.07959451,-79.78824948,37081.0,1334.7630376749432,2.384937238493724,6999,7076,170,0,6906,7013,533670,94,1,0,93,63
2020-09-04,US,North Carolina,Halifax,885,13,0,36.25669272,-77.6556109,37083.0,1769.646070785843,1.4689265536723164,872,878,13,0,865,875,50574,7,0,0,7,3
2020-09-04,US,North Carolina,Harnett,1736,46,0,35.36731853,-78.87243571,37085.0,1276.6958875095606,2.6497695852534564,1690,1705,46,0,1659,1694,134214,31,0,0,31,11
2020-09-04,US,North Carolina,Haywood,521,28,0,35.55269063,-82.98196486,37087.0,836.0479483928943,5.374280230326296,493,518,28,0,490,513,61971,3,0,0,3,5
2020-09-04,US,North Carolina,Henderson,1731,60,0,35.33788927,-82.4766782,37089.0,1474.2328623623496,3.466204506065858,1671,1717,60,0,1657,1710,116748,14,0,0,14,7
2020-09-04,US,North Carolina,Hertford,578,18,0,36.3607755,-76.98104134,37091.0,2441.1876504624743,3.1141868512110733,560,572,18,0,554,561,23659,6,0,0,6,11
2020-09-04,US,North Carolina,Hoke,897,13,0,35.01888303,-79.23651674,37093.0,1623.999710323351,1.4492753623188406,884,887,13,0,874,883,54764,10,0,0,10,4
2020-09-04,US,North Carolina,Hyde,106,3,0,35.42017674,-76.15180542,37095.0,2147.0528661130247,2.830188679245283,103,104,0,0,104,100,5230,2,3,0,-1,4
2020-09-04,US,North Carolina,Iredell,2436,24,0,35.80950511,-80.8743128,37097.0,1339.8897726147652,0.9852216748768472,2412,2423,24,0,2399,2390,178435,13,0,0,13,33
2020-09-04,US,North Carolina,Jackson,502,7,0,35.28814273,-83.14093385,37099.0,1142.519004051163,1.3944223107569722,495,496,7,0,489,492,43327,6,0,0,6,4
2020-09-04,US,North Carolina,Johnston,3947,52,0,35.51745004,-78.36622717,37101.0,1885.4585146580425,1.3174562959209526,3895,3907,52,0,3855,3883,202675,40,0,0,40,24
2020-09-04,US,North Carolina,Jones,140,7,0,35.02254606,-77.35870791,37103.0,1486.3573627773649,5.0,133,138,7,0,131,134,9637,2,0,0,2,4
2020-09-04,US,North Carolina,Lee,1472,13,0,35.47623147,-79.17569362,37105.0,2382.686673465093,0.8831521739130435,1459,1455,13,0,1442,1451,61452,17,0,0,17,4
2020-09-04,US,North Carolina,Lenoir,832,18,0,35.24032589999999,-77.64245615,37107.0,1487.0685803142148,2.1634615384615383,814,824,18,0,806,808,55976,8,0,0,8,16
2020-09-04,US,North Carolina,Lincoln,1179,13,0,35.48508185,-81.21740317,37109.0,1369.1630569845895,1.102629346904156,1166,1157,13,0,1144,1135,83770,22,0,0,22,22
2020-09-04,US,North Carolina,Macon,548,2,0,35.14867843,-83.41696617,37113.0,1528.250320709465,0.36496350364963503,546,548,2,0,546,545,35285,0,0,0,0,3
2020-09-04,US,North Carolina,Madison,73,1,0,35.85402722,-82.71346418,37115.0,335.5550448172834,1.3698630136986298,72,71,1,0,70,71,21763,2,0,0,2,0
2020-09-04,US,North Carolina,Martin,368,7,0,35.84326734,-77.10860251,37117.0,1639.9286987522285,1.9021739130434785,361,360,7,0,353,352,22671,8,0,0,8,8
2020-09-04,US,North Carolina,McDowell,815,24,0,35.67736232,-82.0482425,37111.0,1781.187166710377,2.9447852760736195,791,808,24,0,784,804,45507,7,0,0,7,4
2020-09-04,US,North Carolina,Mecklenburg,26021,306,0,35.24469268,-80.8317671,37119.0,2343.482630795889,1.1759732523730833,25715,25856,301,0,25555,25703,1093901,165,5,0,160,153
2020-09-04,US,North Carolina,Mitchell,93,3,0,36.01059309,-82.1582442,37121.0,621.4915797914996,3.2258064516129035,90,93,3,0,90,94,15000,0,0,0,0,-1
2020-09-04,US,North Carolina,Montgomery,923,18,0,35.33155144,-79.90416657,37123.0,3396.7541309387993,1.9501625135427951,905,895,18,0,877,896,27271,28,0,0,28,-1
2020-09-04,US,North Carolina,Moore,1350,22,0,35.30885257,-79.48474178,37125.0,1338.223632038065,1.6296296296296295,1328,1331,21,0,1310,1323,98682,19,1,0,18,8
2020-09-04,US,North Carolina,Nash,1775,27,0,35.96575634,-77.98422508,37127.0,1882.330484209633,1.5211267605633805,1748,1752,27,0,1725,1723,94016,23,0,0,23,29
2020-09-04,US,North Carolina,New Hanover,3281,23,0,34.25758282,-77.87075626,37129.0,1399.3082359162888,0.7010057909174032,3258,3214,23,0,3191,3154,232274,67,0,0,67,60
2020-09-04,US,North Carolina,Northampton,346,17,0,36.41736238,-77.39769443,37131.0,1775.9072011497205,4.913294797687861,329,346,17,0,329,343,19676,0,0,0,0,3
2020-09-04,US,North Carolina,Onslow,1576,16,0,34.72607366,-77.42908179,37133.0,796.208913902333,1.0152284263959392,1560,1527,14,0,1513,1509,197683,49,2,0,47,18
2020-09-04,US,North Carolina,Orange,2371,50,0,36.06092947,-79.12167935,37135.0,1596.8910800398714,2.1088148460565157,2321,2344,50,0,2294,2323,146027,27,0,0,27,21
2020-09-04,US,North Carolina,Pamlico,175,2,0,35.15253315,-76.66559823,37137.0,1375.137513751375,1.1428571428571428,173,171,2,0,169,169,12670,4,0,0,4,2
2020-09-04,US,North Carolina,Pasquotank,587,25,0,36.26723798,-76.25134778,37139.0,1473.9855363599838,4.258943781942079,562,580,23,0,557,572,39639,7,2,0,5,8
2020-09-04,US,North Carolina,Pender,793,4,0,34.52265624,-77.90352133,37141.0,1257.5325087218525,0.5044136191677175,789,786,4,0,782,773,62162,7,0,0,7,13
2020-09-04,US,North Carolina,Perquimans,145,2,0,36.17847453,-76.40603143,37143.0,1077.0259228997998,1.3793103448275863,143,144,2,0,142,143,13422,1,0,0,1,1
2020-09-04,US,North Carolina,Person,347,6,0,36.38989032,-78.97217358,37145.0,878.7034692327171,1.7291066282420748,341,343,6,0,337,336,39507,4,0,0,4,7
2020-09-04,US,North Carolina,Pitt,3857,19,0,35.59535426,-77.37353178,37147.0,2133.9810337387,0.4926108374384237,3838,3761,19,0,3742,3667,179914,96,0,0,96,94
2020-09-04,US,North Carolina,Polk,235,7,0,35.27820615,-82.16812354,37149.0,1133.9509747153058,2.9787234042553186,228,234,7,0,227,233,20611,1,0,0,1,1
2020-09-04,US,North Carolina,Randolph,2474,44,0,35.71015088,-79.80570339,37151.0,1722.0377678938098,1.778496362166532,2430,2453,44,0,2409,2438,143351,21,0,0,21,15
2020-09-04,US,North Carolina,Richmond,697,11,0,35.00417719,-79.74491009,37153.0,1554.7971179370495,1.5781922525107603,686,685,11,0,674,681,44887,12,0,0,12,4
2020-09-04,US,North Carolina,Robeson,3756,61,0,34.64244496,-79.10250529999998,37155.0,2875.4066985645927,1.6240681576144835,3695,3674,61,0,3613,3625,131831,82,0,0,82,49
2020-09-04,US,North Carolina,Rockingham,950,8,0,36.39593137,-79.77504841,37157.0,1043.8413361169105,0.8421052631578947,942,886,8,0,878,855,90690,64,0,0,64,31
2020-09-04,US,North Carolina,Rowan,2899,76,0,35.64003916,-80.52446628,37159.0,2040.2848938685888,2.6215936529837878,2823,2867,70,0,2797,2853,141262,32,6,0,26,14
2020-09-04,US,North Carolina,Rutherford,955,20,0,35.40114178,-81.92112099,37161.0,1424.7564487013085,2.094240837696335,935,943,20,0,923,943,66826,12,0,0,12,0
2020-09-04,US,North Carolina,Sampson,1654,21,0,34.98820368,-78.36914061,37163.0,2603.453432182714,1.2696493349455864,1633,1633,21,0,1612,1627,63626,21,0,0,21,6
2020-09-04,US,North Carolina,Scotland,730,8,0,34.8386299,-79.4757978,37165.0,2096.315653447434,1.095890410958904,722,697,8,0,689,684,34810,33,0,0,33,13
2020-09-04,US,North Carolina,Stanly,1609,31,0,35.31647813,-80.25093221,37167.0,2561.857147406299,1.9266625233064012,1578,1556,31,0,1525,1534,62075,53,0,0,53,22
2020-09-04,US,North Carolina,Stokes,347,3,0,36.4017975,-80.23893369,37169.0,761.1151323726174,0.8645533141210374,344,342,3,0,339,337,45467,5,0,0,5,5
2020-09-04,US,North Carolina,Surry,1195,19,0,36.41689489,-80.69102283,37171.0,1664.7395622919073,1.5899581589958158,1176,1187,17,0,1170,1173,71948,8,2,0,6,14
2020-09-04,US,North Carolina,Swain,135,3,0,35.48665845,-83.48748932,37173.0,945.9743535841916,2.2222222222222223,132,134,3,0,131,133,14245,1,0,0,1,1
2020-09-04,US,North Carolina,Transylvania,262,5,0,35.20383864,-82.79638423,37175.0,761.9601570452232,1.9083969465648856,257,260,2,0,258,259,34215,2,3,0,-1,1
2020-09-04,US,North Carolina,Tyrrell,108,2,0,35.87147226,-76.17055253,37177.0,2689.2430278884462,1.851851851851852,106,108,2,0,106,108,4131,0,0,0,0,0
2020-09-04,US,North Carolina,Union,4108,52,0,34.98960527,-80.52955873,37179.0,1712.672861973076,1.2658227848101269,4056,4068,52,0,4016,4036,235908,40,0,0,40,32
2020-09-04,US,North Carolina,Vance,932,42,0,36.36880673,-78.40670845,37181.0,2092.736050297519,4.5064377682403425,890,922,42,0,880,919,44582,10,0,0,10,3
2020-09-04,US,North Carolina,Wake,15555,209,0,35.78879266,-78.65249174,37183.0,1399.131647899144,1.3436194149791063,15346,15391,202,0,15189,15297,1092305,164,7,0,157,94
2020-09-04,US,North Carolina,Warren,294,7,0,36.39728256,-78.10652228,37185.0,1490.0410521514368,2.380952380952381,287,291,7,0,284,291,19807,3,0,0,3,0
2020-09-04,US,North Carolina,Washington,184,6,0,35.83810081,-76.57299037,37187.0,1588.9464594127808,3.260869565217391,178,181,6,0,175,179,11859,3,0,0,3,2
2020-09-04,US,North Carolina,Watauga,474,0,0,36.23103603,-81.70033724,37189.0,843.7616818270823,0.0,474,471,0,0,471,460,55945,3,0,0,3,11
2020-09-04,US,North Carolina,Wayne,2883,56,0,35.36438125,-78.00027268,37191.0,2341.4087435333104,1.9424210891432536,2827,2859,56,0,2803,2841,123248,24,0,0,24,18
2020-09-04,US,North Carolina,Wilkes,1066,25,0,36.2084135,-81.16232895,37193.0,1558.2061626615216,2.3452157598499057,1041,1061,25,0,1036,1051,68557,5,0,0,5,10
2020-09-04,US,North Carolina,Wilson,1800,38,0,35.70625477,-77.917978,37195.0,2200.4620970403785,2.1111111111111107,1762,1779,38,0,1741,1754,81455,21,0,0,21,25
2020-09-04,US,North Carolina,Yadkin,654,7,0,36.16222629,-80.66239436,37197.0,1736.2678206387554,1.0703363914373092,647,653,7,0,646,646,37543,1,0,0,1,7
2020-09-04,US,North Carolina,Yancey,101,0,0,35.90079156,-82.31237181,37199.0,558.9683989152693,0.0,101,99,0,0,99,94,17903,2,0,0,2,5
2020-09-04,US,North Dakota,Adams,6,0,0,46.09686891,-102.5285397,38001.0,270.75812274368235,0.0,6,5,0,0,5,4,2294,1,0,0,1,1
2020-09-04,US,North Dakota,Barnes,125,0,0,46.93579637,-98.06605978,38003.0,1200.1920307249159,0.0,125,124,0,0,124,117,10542,1,0,0,1,7
2020-09-04,US,North Dakota,Benson,242,4,0,48.0683985,-99.35916363,38005.0,3542.154566744731,1.6528925619834711,238,242,4,0,238,239,6962,0,0,0,0,3
2020-09-04,US,North Dakota,Billings,4,0,0,47.02366884,-103.3762965,38007.0,431.0344827586207,0.0,4,5,0,0,5,4,919,-1,0,0,-1,1
2020-09-04,US,North Dakota,Bottineau,29,0,0,48.79106111,-100.8378166,38009.0,461.6364215218084,0.0,29,29,0,0,29,28,6411,0,0,0,0,1
2020-09-04,US,North Dakota,Bowman,19,0,0,46.11285362,-103.5203343,38011.0,628.3068783068783,0.0,19,16,0,0,16,16,3076,3,0,0,3,0
2020-09-04,US,North Dakota,Burke,24,1,0,48.79094471,-102.51821170000001,38013.0,1134.7517730496456,4.166666666666667,23,24,1,0,23,24,2100,0,0,0,0,0
2020-09-04,US,North Dakota,Burleigh,2157,19,0,46.97847375,-100.46452140000001,38015.0,2255.662685880409,0.8808530366249421,2138,2118,19,0,2099,2099,95273,39,0,0,39,19
2020-09-04,US,North Dakota,Cass,3740,76,0,46.93201724,-97.24447190000001,38017.0,2055.814822754681,2.0320855614973263,3664,3661,76,0,3585,3604,181516,79,0,0,79,57
2020-09-04,US,North Dakota,Cavalier,34,0,0,48.77286211,-98.46685243,38019.0,903.7745879851144,0.0,34,34,0,0,34,34,3829,0,0,0,0,0
2020-09-04,US,North Dakota,Dickey,28,0,0,46.11017712,-98.50490079999999,38021.0,574.7126436781608,0.0,28,28,0,0,28,28,4903,0,0,0,0,0
2020-09-04,US,North Dakota,Divide,5,0,0,48.814938700000006,-103.48736109999999,38023.0,220.84805653710248,0.0,5,5,0,0,5,5,2283,0,0,0,0,0
2020-09-04,US,North Dakota,Dunn,52,0,0,47.35423935,-102.61604679999999,38025.0,1175.4068716094032,0.0,52,51,0,0,51,51,4332,1,0,0,1,0
2020-09-04,US,North Dakota,Eddy,46,0,0,47.71701474,-98.90432337,38027.0,2011.3686051595976,0.0,46,41,0,0,41,35,2313,5,0,0,5,6
2020-09-04,US,North Dakota,Emmons,27,1,0,46.28398398,-100.2389766,38029.0,833.0762110459732,3.703703703703704,26,27,1,0,26,27,3295,0,0,0,0,0
2020-09-04,US,North Dakota,Foster,41,0,0,47.457108399999996,-98.88279923,38031.0,1277.2585669781931,0.0,41,39,0,0,39,35,3216,2,0,0,2,4
2020-09-04,US,North Dakota,Golden Valley,37,0,0,46.94022281,-103.8465421,38033.0,2101.0789324247585,0.0,37,35,0,0,35,34,1769,2,0,0,2,1
2020-09-04,US,North Dakota,Grand Forks,1679,11,0,47.92093639,-97.45450447,38035.0,2417.5317849994963,0.6551518761167362,1668,1611,11,0,1600,1531,70770,68,0,0,68,80
2020-09-04,US,North Dakota,Grant,9,0,0,46.35821257,-101.63900129999999,38037.0,395.77836411609496,0.0,9,9,0,0,9,9,2374,0,0,0,0,0
2020-09-04,US,North Dakota,Griggs,38,1,0,47.45785838,-98.23850925,38039.0,1703.2720753025546,2.631578947368421,37,38,1,0,37,38,2232,0,0,0,0,0
2020-09-04,US,North Dakota,Hettinger,30,0,0,46.43375068,-102.4632417,38041.0,1200.4801920768307,0.0,30,28,0,0,28,28,2514,2,0,0,2,0
2020-09-04,US,North Dakota,Kidder,37,0,0,46.97830064,-99.77507857,38043.0,1491.9354838709678,0.0,37,37,0,0,37,33,2450,0,0,0,0,4
2020-09-04,US,North Dakota,LaMoure,23,0,0,46.45681054,-98.53542355,38045.0,568.4626791893228,0.0,23,21,0,0,21,20,4062,2,0,0,2,1
2020-09-04,US,North Dakota,Logan,12,0,0,46.45729487,-99.47719806,38047.0,648.6486486486486,0.0,12,12,0,0,12,11,1903,0,0,0,0,1
2020-09-04,US,North Dakota,McHenry,44,1,0,48.23104458,-100.6324822,38049.0,765.8833768494342,2.272727272727273,43,44,1,0,43,44,5816,0,0,0,0,0
2020-09-04,US,North Dakota,McIntosh,44,3,0,46.11182017,-99.44145858,38051.0,1762.1145374449338,6.8181818181818175,41,44,3,0,41,44,2585,0,0,0,0,0
2020-09-04,US,North Dakota,McKenzie,130,2,0,47.74133370000001,-103.395905,38053.0,865.2822151224707,1.5384615384615383,128,126,2,0,124,125,13632,4,0,0,4,1
2020-09-04,US,North Dakota,McLean,174,1,0,47.60766714,-101.3182418,38055.0,1841.2698412698408,0.5747126436781609,173,171,1,0,170,170,9541,3,0,0,3,1
2020-09-04,US,North Dakota,Mercer,45,0,0,47.31213126,-101.8318399,38057.0,549.6518871381459,0.0,45,44,0,0,44,40,8267,1,0,0,1,4
2020-09-04,US,North Dakota,Morton,729,7,0,46.71681782,-101.2822377,38059.0,2324.3208774391023,0.9602194787379972,722,701,7,0,694,676,31095,28,0,0,28,25
2020-09-04,US,North Dakota,Mountrail,179,1,0,48.20197971,-102.3555315,38061.0,1697.4869606448553,0.5586592178770949,178,174,1,0,173,173,10218,5,0,0,5,1
2020-09-04,US,North Dakota,Nelson,32,0,0,47.9226426,-98.19038437,38063.0,1111.4970475859673,0.0,32,32,0,0,32,31,2869,0,0,0,0,1
2020-09-04,US,North Dakota,Oliver,10,0,0,47.11530482,-101.3406158,38065.0,510.46452271567125,0.0,10,10,0,0,10,10,1952,0,0,0,0,0
2020-09-04,US,North Dakota,Pembina,39,0,0,48.76623521,-97.5523809,38067.0,573.4450816056462,0.0,39,37,0,0,37,37,6947,2,0,0,2,0
2020-09-04,US,North Dakota,Pierce,28,0,0,48.24977025,-99.96407787,38069.0,704.4025157232704,0.0,28,27,0,0,27,27,4081,1,0,0,1,0
2020-09-04,US,North Dakota,Ramsey,138,2,0,48.26886249,-98.72223879,38071.0,1198.0206615157565,1.4492753623188406,136,134,2,0,132,122,11481,4,0,0,4,12
2020-09-04,US,North Dakota,Ransom,44,0,0,46.45621782,-97.65742504,38073.0,843.2349559218093,0.0,44,45,0,0,45,42,5237,-1,0,0,-1,3
2020-09-04,US,North Dakota,Renville,11,0,0,48.71982533,-101.6603912,38075.0,472.71164589600335,0.0,11,11,0,0,11,11,2374,0,0,0,0,0
2020-09-04,US,North Dakota,Richland,144,1,0,46.26440649,-96.94852979,38077.0,890.1526859120975,0.6944444444444444,143,142,1,0,141,136,16239,2,0,0,2,6
2020-09-04,US,North Dakota,Rolette,128,2,0,48.77245354,-99.84097493,38079.0,902.9345372460497,1.5625,126,127,2,0,125,126,14301,1,0,0,1,1
2020-09-04,US,North Dakota,Sargent,18,0,0,46.10830372,-97.63217159,38081.0,461.77526936890706,0.0,18,18,0,0,18,18,3870,0,0,0,0,0
2020-09-04,US,North Dakota,Sheridan,9,0,0,47.57700669,-100.3426391,38083.0,684.4106463878327,0.0,9,9,0,0,9,9,1349,0,0,0,0,0
2020-09-04,US,North Dakota,Sioux,125,2,0,46.11323337,-101.04401490000001,38085.0,2955.0827423167852,1.6,123,123,2,0,121,122,4358,2,0,0,2,1
2020-09-04,US,North Dakota,Slope,7,0,0,46.44737738,-103.4601547,38087.0,933.3333333333336,0.0,7,7,0,0,7,7,763,0,0,0,0,0
2020-09-04,US,North Dakota,Stark,862,6,0,46.80851182,-102.65763259999999,38089.0,2737.4638762742543,0.6960556844547564,856,819,6,0,813,751,30997,43,0,0,43,68
2020-09-04,US,North Dakota,Steele,23,0,0,47.45611548,-97.72728747,38091.0,1216.931216931217,0.0,23,21,0,0,21,21,1903,2,0,0,2,0
2020-09-04,US,North Dakota,Stutsman,268,3,0,46.97962541,-98.95637318,38093.0,1294.435857805255,1.1194029850746268,265,251,3,0,248,221,20917,17,0,0,17,30
2020-09-04,US,North Dakota,Towner,10,0,0,48.68565745,-99.24564265,38095.0,456.82960255824577,0.0,10,10,0,0,10,9,2192,0,0,0,0,1
2020-09-04,US,North Dakota,Traill,75,0,0,47.45367788,-97.16323288,38097.0,933.3001493280237,0.0,75,74,0,0,74,71,8037,1,0,0,1,3
2020-09-04,US,North Dakota,Walsh,148,1,0,48.36876964,-97.72574783,38099.0,1390.8467249318674,0.6756756756756757,147,148,1,0,147,146,10667,0,0,0,0,2
2020-09-04,US,North Dakota,Ward,543,1,0,48.22390169,-101.54367629999999,38101.0,802.7675522242425,0.1841620626151013,542,530,1,0,529,520,67744,13,0,0,13,10
2020-09-04,US,North Dakota,Wells,28,0,0,47.58614526,-99.65904998,38103.0,730.3077725612936,0.0,28,28,0,0,28,29,3957,0,0,0,0,-1
2020-09-04,US,North Dakota,Williams,494,4,0,48.34522353,-103.4793387,38105.0,1314.2142648115139,0.8097165991902834,490,482,4,0,478,475,35350,12,0,0,12,7
2020-09-04,US,Ohio,Adams,95,4,0,38.84541072,-83.4718964,39001.0,342.985053072424,4.2105263157894735,91,95,4,0,91,94,27724,0,0,0,0,1
2020-09-04,US,Ohio,Allen,1195,61,0,40.77285242,-84.10802343,39003.0,1167.5508788385064,5.104602510460251,1134,1182,61,0,1121,1170,102663,13,0,0,13,12
2020-09-04,US,Ohio,Ashland,177,4,0,40.84772277,-82.27280781,39005.0,330.94009423378947,2.2598870056497176,173,175,4,0,171,172,53745,2,0,0,2,3
2020-09-04,US,Ohio,Ashtabula,619,46,0,41.70860332,-80.74830218,39007.0,636.5627667341964,7.431340872374798,573,616,46,0,570,614,97493,3,0,0,3,2
2020-09-04,US,Ohio,Athens,408,2,0,39.33425634,-82.04278644,39009.0,624.5503390634808,0.4901960784313725,406,404,2,0,402,399,65818,4,0,0,4,5
2020-09-04,US,Ohio,Auglaize,451,8,0,40.55998859,-84.22421429999999,39011.0,987.8219730155948,1.7738359201773837,443,441,8,0,433,436,45804,10,0,0,10,5
2020-09-04,US,Ohio,Belmont,691,27,0,40.01625942,-80.9924051,39013.0,1031.2509327522907,3.9073806078147615,664,687,26,0,661,685,67505,4,1,0,3,2
2020-09-04,US,Ohio,Brown,231,2,0,38.93416837,-83.86788395,39015.0,531.865905323264,0.8658008658008658,229,227,2,0,225,221,43602,4,0,0,4,6
2020-09-04,US,Ohio,Butler,4621,80,0,39.44012838,-84.57388716,39017.0,1206.1054356961274,1.7312270071413114,4541,4477,78,0,4399,4308,382378,144,2,0,142,169
2020-09-04,US,Ohio,Carroll,128,6,0,40.578968599999996,-81.09178213,39019.0,475.58891283346964,4.6875,122,126,6,0,120,126,27081,2,0,0,2,0
2020-09-04,US,Ohio,Champaign,255,3,0,40.13923427,-83.76875242,39021.0,655.7798637006557,1.1764705882352942,252,253,3,0,250,250,38754,2,0,0,2,3
2020-09-04,US,Ohio,Clark,1488,29,0,39.91592258,-83.78498252,39023.0,1109.7603723067052,1.948924731182796,1459,1467,29,0,1438,1449,134585,21,0,0,21,18
2020-09-04,US,Ohio,Clermont,1349,15,0,39.04847534,-84.15375786,39025.0,653.496618675761,1.111934766493699,1334,1337,15,0,1322,1320,205466,12,0,0,12,17
2020-09-04,US,Ohio,Clinton,257,11,0,39.41485808,-83.80852286,39027.0,612.3713305375525,4.280155642023346,246,255,11,0,244,251,42057,2,0,0,2,4
2020-09-04,US,Ohio,Columbiana,1865,68,0,40.76932373,-80.78094576,39029.0,1830.531099398329,3.646112600536193,1797,1849,66,0,1783,1843,102665,16,2,0,14,6
2020-09-04,US,Ohio,Coshocton,217,9,0,40.30096166,-81.91729018,39031.0,592.896174863388,4.147465437788019,208,217,9,0,208,217,36629,0,0,0,0,0
2020-09-04,US,Ohio,Crawford,202,5,0,40.85065156,-82.91989099,39033.0,486.8173711861956,2.4752475247524752,197,199,5,0,194,197,41550,3,0,0,3,2
2020-09-04,US,Ohio,Cuyahoga,16066,599,0,41.424119,-81.65918339,39035.0,1300.8148512799253,3.728370471803809,15467,15965,591,0,15374,15925,1243857,101,8,0,93,40
2020-09-04,US,Ohio,Darke,658,36,0,40.13412966,-84.6194517,39037.0,1287.3437286013345,5.47112462006079,622,645,36,0,609,633,51323,13,0,0,13,12
2020-09-04,US,Ohio,Defiance,223,7,0,41.32398837,-84.49076944,39039.0,585.5016147241843,3.1390134529147984,216,215,7,0,208,212,38165,8,0,0,8,3
2020-09-04,US,Ohio,Delaware,1748,20,0,40.27942393,-83.00457058,39041.0,835.6559277549635,1.1441647597254003,1728,1725,20,0,1705,1688,204826,23,0,0,23,37
2020-09-04,US,Ohio,Erie,799,37,0,41.36796058,-82.62904521,39043.0,1075.86244041688,4.630788485607009,762,783,37,0,746,774,74615,16,0,0,16,9
2020-09-04,US,Ohio,Fairfield,1782,42,0,39.75107189,-82.63088163,39045.0,1130.8972292383262,2.356902356902357,1740,1762,42,0,1720,1753,155782,20,0,0,20,9
2020-09-04,US,Ohio,Fayette,201,5,0,39.56021306,-83.4562016,39047.0,704.6450482033304,2.487562189054726,196,198,5,0,193,193,28666,3,0,0,3,5
2020-09-04,US,Ohio,Franklin,22629,565,0,39.96995815,-83.01115755,39049.0,1718.541628061691,2.4967961465376285,22064,22392,565,0,21827,22161,1310300,237,0,0,237,231
2020-09-04,US,Ohio,Fulton,196,1,0,41.60213491,-84.12571393,39051.0,465.2708541043537,0.5102040816326531,195,193,1,0,192,192,42276,3,0,0,3,1
2020-09-04,US,Ohio,Gallia,152,4,0,38.82708533,-82.31647569,39053.0,508.39521038196517,2.631578947368421,148,152,4,0,148,150,29979,0,0,0,0,2
2020-09-04,US,Ohio,Geauga,642,46,0,41.49952319,-81.17935342,39055.0,685.5385535350084,7.165109034267912,596,634,46,0,588,627,94031,8,0,0,8,7
2020-09-04,US,Ohio,Greene,1063,20,0,39.69116283,-83.89032084,39057.0,629.228647365586,1.881467544684854,1043,1035,20,0,1015,1020,167995,28,0,0,28,15
2020-09-04,US,Ohio,Guernsey,138,7,0,40.05026529,-81.49248905,39059.0,354.983922829582,5.0724637681159415,131,137,7,0,130,137,39022,1,0,0,1,0
2020-09-04,US,Ohio,Hamilton,11580,289,0,39.19673558,-84.54502924,39061.0,1416.5605469538446,2.4956822107081176,11291,11494,289,0,11205,11356,816684,86,0,0,86,138
2020-09-04,US,Ohio,Hancock,556,8,0,41.00250487,-83.66838948,39063.0,733.6737790797407,1.4388489208633093,548,549,7,0,542,536,75930,7,1,0,6,13
2020-09-04,US,Ohio,Hardin,231,13,0,40.66015414,-83.65929931,39065.0,736.489717838355,5.627705627705628,218,230,13,0,217,224,31480,1,0,0,1,6
2020-09-04,US,Ohio,Harrison,31,1,0,40.29380509,-81.09068544,39067.0,206.1170212765957,3.2258064516129035,30,31,1,0,30,31,15174,0,0,0,0,0
2020-09-04,US,Ohio,Henry,226,3,0,41.333964200000004,-84.06830637,39069.0,836.8510701325633,1.327433628318584,223,221,3,0,218,218,27086,5,0,0,5,3
2020-09-04,US,Ohio,Highland,194,3,0,39.1839264,-83.60331456,39071.0,449.4798544982738,1.5463917525773196,191,193,3,0,190,192,43058,1,0,0,1,1
2020-09-04,US,Ohio,Hocking,144,9,0,39.49537927,-82.47991446,39073.0,509.4820266062836,6.25,135,143,9,0,134,143,28385,1,0,0,1,0
2020-09-04,US,Ohio,Holmes,353,7,0,40.56163713,-81.92635677,39075.0,803.0027297543221,1.9830028328611895,346,351,7,0,344,351,43892,2,0,0,2,0
2020-09-04,US,Ohio,Huron,487,6,0,41.14651175,-82.59867951,39077.0,835.8219201592696,1.2320328542094456,481,483,6,0,477,481,58504,4,0,0,4,2
2020-09-04,US,Ohio,Jackson,180,1,0,39.01914254,-82.61818559999998,39079.0,555.3327368648381,0.5555555555555556,179,178,1,0,177,176,32384,2,0,0,2,2
2020-09-04,US,Ohio,Jefferson,292,4,0,40.38614126,-80.76259514,39081.0,446.9957902793724,1.3698630136986298,288,288,4,0,284,275,65767,4,0,0,4,13
2020-09-04,US,Ohio,Knox,255,15,0,40.39830217,-82.42027563,39083.0,409.165302782324,5.882352941176472,240,255,15,0,240,252,61893,0,0,0,0,3
2020-09-04,US,Ohio,Lake,1373,45,0,41.69710807,-81.23676539,39085.0,596.5700480992748,3.277494537509104,1328,1362,44,0,1318,1339,230514,11,1,0,10,23
2020-09-04,US,Ohio,Lawrence,470,14,0,38.59743452,-82.53466552,39087.0,790.4074802818559,2.9787234042553186,456,465,14,0,451,454,59866,5,0,0,5,11
2020-09-04,US,Ohio,Licking,1654,57,0,40.09136236,-82.48185785,39089.0,935.1924099015052,3.446191051995163,1597,1639,57,0,1582,1622,175769,15,0,0,15,17
2020-09-04,US,Ohio,Logan,249,2,0,40.38996525,-83.76784341,39091.0,545.191802417236,0.8032128514056225,247,246,2,0,244,243,45358,3,0,0,3,3
2020-09-04,US,Ohio,Lorain,2140,83,0,41.29553751,-82.15083537,39093.0,690.6946645450937,3.8785046728971966,2057,2130,83,0,2047,2115,309461,10,0,0,10,15
2020-09-04,US,Ohio,Lucas,6625,348,0,41.62101218,-83.65468618,39095.0,1546.6396481365618,5.252830188679245,6277,6585,348,0,6237,6527,429899,40,0,0,40,58
2020-09-04,US,Ohio,Madison,718,11,0,39.89381073,-83.40178317,39097.0,1605.1507902796716,1.532033426183844,707,712,11,0,701,705,44413,6,0,0,6,7
2020-09-04,US,Ohio,Mahoning,2879,272,0,41.01631101,-80.77287029,39099.0,1258.9479760192055,9.447724904480722,2607,2874,271,0,2603,2868,229642,5,1,0,4,6
2020-09-04,US,Ohio,Marion,3020,46,0,40.58610662,-83.15736305,39101.0,4639.515769744828,1.52317880794702,2974,3014,46,0,2968,3009,65256,6,0,0,6,5
2020-09-04,US,Ohio,Medina,1266,38,0,41.11770589,-81.89986209999998,39103.0,704.327217295517,3.001579778830964,1228,1252,38,0,1214,1239,179146,14,0,0,14,13
2020-09-04,US,Ohio,Meigs,146,4,0,39.09224872,-82.0305041,39105.0,637.3597590256254,2.7397260273972597,142,132,4,0,128,132,23106,14,0,0,14,0
2020-09-04,US,Ohio,Mercer,866,17,0,40.54043046,-84.62912742,39107.0,2103.371223161372,1.9630484988452657,849,853,17,0,836,837,40959,13,0,0,13,16
2020-09-04,US,Ohio,Miami,1113,44,0,40.0543329,-84.22871271,39109.0,1040.3133090936283,3.953279424977538,1069,1099,43,0,1056,1088,106222,14,1,0,13,11
2020-09-04,US,Ohio,Monroe,105,18,0,39.72984936,-81.08464734,39111.0,769.0054196572434,17.142857142857142,87,105,18,0,87,105,13790,0,0,0,0,0
2020-09-04,US,Ohio,Montgomery,6441,133,0,39.75394919,-84.29050975,39113.0,1211.4270237940746,2.0648967551622417,6308,6309,133,0,6176,6210,532331,132,0,0,132,99
2020-09-04,US,Ohio,Morgan,45,0,0,39.62081738,-81.85308173,39115.0,310.1736972704714,0.0,45,45,0,0,45,44,14604,0,0,0,0,1
2020-09-04,US,Ohio,Morrow,237,2,0,40.52363560000001,-82.7892599,39117.0,670.8559782608696,0.8438818565400844,235,235,2,0,233,235,35112,2,0,0,2,0
2020-09-04,US,Ohio,Muskingum,313,2,0,39.96575964,-81.94363275,39119.0,363.0458736878733,0.6389776357827476,311,311,2,0,309,308,86183,2,0,0,2,3
2020-09-04,US,Ohio,Noble,23,0,0,39.76818851,-81.45937183,39121.0,159.45646145313367,0.0,23,23,0,0,23,23,14354,0,0,0,0,0
2020-09-04,US,Ohio,Ottawa,455,30,0,41.53781826,-83.0940185,39123.0,1122.763726095003,6.593406593406592,425,454,30,0,424,453,40769,1,0,0,1,1
2020-09-04,US,Ohio,Paulding,84,0,0,41.11676341,-84.5801017,39125.0,449.87146529562966,0.0,84,84,0,0,84,83,18760,0,0,0,0,1
2020-09-04,US,Ohio,Perry,245,8,0,39.73508655,-82.23804971,39127.0,678.0317706315383,3.26530612244898,237,239,8,0,231,235,36033,6,0,0,6,4
2020-09-04,US,Ohio,Pickaway,2511,43,0,39.64170392,-83.0243386,39129.0,4295.465042680945,1.7124651533253683,2468,2503,43,0,2460,2500,58086,8,0,0,8,3
2020-09-04,US,Ohio,Pike,112,0,0,39.07634001,-83.06769584,39131.0,403.2838830476739,0.0,112,111,0,0,111,108,28067,1,0,0,1,3
2020-09-04,US,Ohio,Portage,912,65,0,41.16793482,-81.19735782,39133.0,561.3482205507613,7.1271929824561395,847,888,65,0,823,882,162927,24,0,0,24,6
2020-09-04,US,Ohio,Preble,373,6,0,39.7420247,-84.64787018,39135.0,912.381977398366,1.6085790884718498,367,364,5,0,359,359,40997,9,1,0,8,5
2020-09-04,US,Ohio,Putnam,385,17,0,41.02094889,-84.1336111,39137.0,1137.0012698975222,4.415584415584416,368,371,17,0,354,359,33780,14,0,0,14,12
2020-09-04,US,Ohio,Richland,714,18,0,40.77180308,-82.53799609999999,39139.0,589.3325849744953,2.5210084033613445,696,711,17,0,694,707,121099,3,1,0,2,4
2020-09-04,US,Ohio,Ross,766,14,0,39.33705391,-83.06000914,39141.0,999.1391229488953,1.827676240208877,752,764,14,0,750,727,76931,2,0,0,2,37
2020-09-04,US,Ohio,Sandusky,531,19,0,41.35624126,-83.137872,39143.0,907.4131036604124,3.5781544256120528,512,528,18,0,510,525,58799,3,1,0,2,3
2020-09-04,US,Ohio,Scioto,387,3,0,38.80270163,-82.98907345,39145.0,513.8486868311337,0.7751937984496124,384,385,3,0,382,378,75502,2,0,0,2,7
2020-09-04,US,Ohio,Seneca,371,12,0,41.12351311,-83.12783209,39147.0,672.3694225959622,3.2345013477088953,359,371,12,0,359,368,55207,0,0,0,0,3
2020-09-04,US,Ohio,Shelby,414,4,0,40.33163494,-84.20258189,39149.0,852.0271660835563,0.966183574879227,410,390,4,0,386,376,48627,24,0,0,24,14
2020-09-04,US,Ohio,Stark,2416,155,0,40.81482476,-81.36437305,39151.0,651.9052578749399,6.4155629139072845,2261,2395,155,0,2240,2366,371574,21,0,0,21,29
2020-09-04,US,Ohio,Summit,4615,236,0,41.12464734,-81.53123079,39153.0,853.0294096445002,5.113759479956664,4379,4582,235,0,4347,4542,541918,33,1,0,32,40
2020-09-04,US,Ohio,Trumbull,1772,125,0,41.31735028,-80.76109643,39155.0,895.0670290038086,7.054176072234763,1647,1768,125,0,1643,1758,198627,4,0,0,4,10
2020-09-04,US,Ohio,Tuscarawas,872,18,0,40.44214695,-81.47226262,39157.0,947.9600378314328,2.0642201834862384,854,872,17,0,855,868,92176,0,1,0,-1,4
2020-09-04,US,Ohio,Union,385,1,0,40.30016061,-83.37239023,39159.0,652.6751203634637,0.2597402597402597,384,379,1,0,378,381,57835,6,0,0,6,-2
2020-09-04,US,Ohio,Van Wert,94,2,0,40.8554138,-84.59111700000003,39161.0,332.44916003536696,2.127659574468085,92,94,2,0,92,92,28281,0,0,0,0,2
2020-09-04,US,Ohio,Vinton,39,2,0,39.25208988,-82.4831444,39163.0,298.0512036683225,5.128205128205129,37,39,2,0,37,39,13139,0,0,0,0,0
2020-09-04,US,Ohio,Warren,2444,42,0,39.42581994,-84.16557457,39165.0,1041.7643498350399,1.718494271685761,2402,2417,42,0,2375,2388,232173,27,0,0,27,29
2020-09-04,US,Ohio,Washington,229,23,0,39.45690571,-81.49121382,39167.0,382.2336465757541,10.043668122270743,206,228,23,0,205,227,60155,1,0,0,1,1
2020-09-04,US,Ohio,Wayne,801,63,0,40.82925852,-81.88844833,39169.0,692.2478610318901,7.865168539325843,738,789,63,0,726,770,115967,12,0,0,12,19
2020-09-04,US,Ohio,Williams,164,3,0,41.56052014,-84.58429552,39171.0,446.9639158399651,1.8292682926829267,161,163,3,0,160,162,36804,1,0,0,1,1
2020-09-04,US,Ohio,Wood,1404,64,0,41.36224827,-83.62285108,39173.0,1073.2550050834373,4.558404558404559,1340,1382,64,0,1318,1371,130696,22,0,0,22,11
2020-09-04,US,Ohio,Wyandot,191,11,0,40.84339621,-83.30734173,39175.0,877.273562373691,5.7591623036649215,180,191,11,0,180,188,21935,0,0,0,0,3
2020-09-04,US,Oklahoma,Adair,493,10,0,35.88494195,-94.65859267,40001.0,2221.3210777687664,2.028397565922921,483,483,10,0,473,469,22082,10,0,0,10,14
2020-09-04,US,Oklahoma,Alfalfa,15,0,0,36.73090616,-98.32408495,40003.0,263.0655910206945,0.0,15,14,0,0,14,14,5754,1,0,0,1,0
2020-09-04,US,Oklahoma,Atoka,161,1,0,34.37366573,-96.03802487,40005.0,1170.2282308475073,0.6211180124223602,160,153,1,0,152,152,13838,8,0,0,8,1
2020-09-04,US,Oklahoma,Beaver,44,0,0,36.7496847,-100.4758872,40007.0,828.4692148371304,0.0,44,44,0,0,44,44,5319,0,0,0,0,0
2020-09-04,US,Oklahoma,Beckham,129,1,0,35.26862449,-99.68128023,40009.0,590.1459353126859,0.7751937984496124,128,129,1,0,128,126,21709,0,0,0,0,3
2020-09-04,US,Oklahoma,Blaine,85,1,0,35.87518314,-98.43307003,40011.0,901.4741754162692,1.1764705882352942,84,79,1,0,78,74,9485,6,0,0,6,5
2020-09-04,US,Oklahoma,Bryan,644,3,0,33.96472458,-96.25903472,40013.0,1341.8064381706427,0.4658385093167702,641,624,3,0,621,613,47192,20,0,0,20,11
2020-09-04,US,Oklahoma,Caddo,587,20,0,35.17364557,-98.37534464,40015.0,2040.887281830193,3.4071550255536627,567,580,20,0,560,568,28977,7,0,0,7,12
2020-09-04,US,Oklahoma,Canadian,1599,13,0,35.5426055,-97.98465569,40017.0,1078.1762032554311,0.8130081300813008,1586,1568,13,0,1555,1556,144447,31,0,0,31,12
2020-09-04,US,Oklahoma,Carter,424,7,0,34.25103751,-97.28552485,40019.0,881.2953378645218,1.650943396226415,417,418,7,0,411,417,48177,6,0,0,6,1
2020-09-04,US,Oklahoma,Cherokee,739,7,0,35.90692775,-94.99980896,40021.0,1518.7948291098915,0.9472259810554804,732,722,7,0,715,700,48675,17,0,0,17,22
2020-09-04,US,Oklahoma,Choctaw,256,2,0,34.02807439,-95.54771129,40023.0,1744.8200654307525,0.78125,254,253,2,0,251,252,14668,3,0,0,3,1
2020-09-04,US,Oklahoma,Cimarron,14,0,0,36.74817177,-102.5173885,40025.0,655.1240056153488,0.0,14,14,0,0,14,14,2153,0,0,0,0,0
2020-09-04,US,Oklahoma,Cleveland,4179,66,0,35.20413532,-97.32519562,40027.0,1471.4063391241275,1.5793251974156497,4113,4105,65,0,4040,4019,281669,74,1,0,73,86
2020-09-04,US,Oklahoma,Coal,62,0,0,34.58840127,-96.29798747,40029.0,1128.2984531392176,0.0,62,60,0,0,60,60,5520,2,0,0,2,0
2020-09-04,US,Oklahoma,Comanche,1286,11,0,34.65973764,-98.47195055,40031.0,1065.0191720014243,0.8553654743390358,1275,1283,11,0,1272,1280,120422,3,0,0,3,3
2020-09-04,US,Oklahoma,Cotton,42,2,0,34.28845626,-98.37053567,40033.0,741.2636780797743,4.761904761904762,40,34,2,0,32,32,5776,8,0,0,8,2
2020-09-04,US,Oklahoma,Craig,154,1,0,36.76268118,-95.20916602,40035.0,1088.9548861547164,0.6493506493506493,153,144,1,0,143,129,14306,10,0,0,10,15
2020-09-04,US,Oklahoma,Creek,860,22,0,35.90230551,-96.37086028,40037.0,1202.4272251894522,2.5581395348837206,838,846,22,0,824,836,71604,14,0,0,14,10
2020-09-04,US,Oklahoma,Custer,348,0,0,35.63853802,-99.00170785,40039.0,1199.875874909492,0.0,348,336,0,0,336,332,29036,12,0,0,12,4
2020-09-04,US,Oklahoma,Delaware,564,22,0,36.40823634,-94.80325046,40041.0,1311.3534376525845,3.9007092198581566,542,556,22,0,534,551,42733,8,0,0,8,5
2020-09-04,US,Oklahoma,Dewey,24,1,0,35.98772922,-99.00730714,40043.0,490.6971989368228,4.166666666666667,23,24,1,0,23,21,4894,0,0,0,0,3
2020-09-04,US,Oklahoma,Ellis,6,0,0,36.218019399999996,-99.75324573,40045.0,155.48069448043537,0.0,6,6,0,0,6,6,3952,0,0,0,0,0
2020-09-04,US,Oklahoma,Garfield,1084,14,0,36.3791334,-97.78265517,40047.0,1775.41928721174,1.2915129151291511,1070,1061,12,0,1049,1027,60913,23,2,0,21,34
2020-09-04,US,Oklahoma,Garvin,269,4,0,34.70418038,-97.30811132,40049.0,970.7336436794052,1.4869888475836432,265,266,4,0,262,264,27811,3,0,0,3,2
2020-09-04,US,Oklahoma,Grady,549,7,0,35.0167709,-97.88339847,40051.0,983.2718415302504,1.275045537340619,542,547,7,0,540,542,55551,2,0,0,2,5
2020-09-04,US,Oklahoma,Grant,27,0,0,36.796296999999996,-97.78638765,40053.0,623.1248557581353,0.0,27,27,0,0,27,27,4326,0,0,0,0,0
2020-09-04,US,Oklahoma,Greer,91,8,0,34.93535801,-99.56056120000001,40055.0,1593.1372549019613,8.791208791208794,83,88,8,0,80,88,5821,3,0,0,3,0
2020-09-04,US,Oklahoma,Harmon,40,0,0,34.7440135,-99.84741652,40057.0,1507.7271013946474,0.0,40,40,0,0,40,40,2664,0,0,0,0,0
2020-09-04,US,Oklahoma,Harper,19,0,0,36.78836519,-99.6679804,40059.0,515.1843817787419,0.0,19,18,0,0,18,17,3797,1,0,0,1,1
2020-09-04,US,Oklahoma,Haskell,178,4,0,35.22257600000001,-95.11513306,40061.0,1409.6776748237905,2.247191011235955,174,174,4,0,170,171,12668,4,0,0,4,3
2020-09-04,US,Oklahoma,Hughes,226,4,0,35.04912569,-96.24921145,40063.0,1701.9353867008053,1.7699115044247788,222,223,4,0,219,221,13335,3,0,0,3,2
2020-09-04,US,Oklahoma,Jackson,614,9,0,34.58781741,-99.41138784,40065.0,2503.057480635956,1.4657980456026058,605,602,9,0,593,597,24949,12,0,0,12,5
2020-09-04,US,Oklahoma,Jefferson,35,0,0,34.11130184,-97.83182974,40067.0,583.1389536821059,0.0,35,36,0,0,36,36,6123,-1,0,0,-1,0
2020-09-04,US,Oklahoma,Johnston,107,2,0,34.31440473,-96.66011537,40069.0,965.2683806946325,1.8691588785046729,105,99,2,0,97,93,10949,8,0,0,8,6
2020-09-04,US,Oklahoma,Kay,348,12,0,36.81799745,-97.14421435,40071.0,799.3017593826082,3.4482758620689653,336,340,12,0,328,327,44161,8,0,0,8,13
2020-09-04,US,Oklahoma,Kingfisher,274,2,0,35.94530008,-97.94193268,40073.0,1738.0272756105294,0.7299270072992701,272,263,2,0,261,264,15816,11,0,0,11,-1
2020-09-04,US,Oklahoma,Kiowa,48,1,0,34.91671958,-98.97720696,40075.0,551.2172714745062,2.083333333333333,47,46,1,0,45,45,8729,2,0,0,2,1
2020-09-04,US,Oklahoma,Latimer,114,2,0,34.87844729,-95.25215049,40077.0,1131.7383103345578,1.7543859649122806,112,114,2,0,112,114,10231,0,0,0,0,0
2020-09-04,US,Oklahoma,Le Flore,732,10,0,34.89851864,-94.70392124,40079.0,1468.316851543538,1.3661202185792352,722,721,9,0,712,694,49980,11,1,0,10,27
2020-09-04,US,Oklahoma,Lincoln,319,9,0,35.70270942,-96.8812462,40081.0,914.6428878630617,2.8213166144200628,310,314,9,0,305,305,34920,5,0,0,5,9
2020-09-04,US,Oklahoma,Logan,316,1,0,35.91899576,-97.44352845,40083.0,658.1824998437858,0.3164556962025317,315,310,1,0,309,308,47291,6,0,0,6,2
2020-09-04,US,Oklahoma,Love,117,1,0,33.95273467,-97.23906784,40085.0,1141.1294255339901,0.8547008547008547,116,114,1,0,113,109,10134,3,0,0,3,5
2020-09-04,US,Oklahoma,Major,57,1,0,36.31149996,-98.53467076,40093.0,747.1490365709793,1.7543859649122806,56,54,1,0,53,53,7644,3,0,0,3,1
2020-09-04,US,Oklahoma,Marshall,133,1,0,34.02311222,-96.76855464,40095.0,785.5413147480953,0.7518796992481203,132,133,1,0,132,132,16806,0,0,0,0,1
2020-09-04,US,Oklahoma,Mayes,437,10,0,36.30179091,-95.23175116,40097.0,1063.2603406326034,2.2883295194508007,427,426,10,0,416,420,41107,11,0,0,11,6
2020-09-04,US,Oklahoma,McClain,602,4,0,35.01123903,-97.44572302,40087.0,1487.3746108612936,0.6644518272425249,598,599,4,0,595,588,39985,3,0,0,3,11
2020-09-04,US,Oklahoma,McCurtain,1076,31,0,34.11664328,-94.77222373,40089.0,3277.29044834308,2.8810408921933086,1045,1056,30,0,1026,1037,32703,20,1,0,19,19
2020-09-04,US,Oklahoma,McIntosh,242,4,0,35.37235506,-95.66599306,40091.0,1234.945907328026,1.6528925619834711,238,241,4,0,237,241,19815,1,0,0,1,0
2020-09-04,US,Oklahoma,Murray,91,1,0,34.48116015,-97.06826283,40099.0,646.6282953172743,1.0989010989010992,90,90,1,0,89,89,13953,1,0,0,1,1
2020-09-04,US,Oklahoma,Muskogee,1427,17,0,35.61318461,-95.37802952,40101.0,2098.621998029325,1.191310441485634,1410,1408,17,0,1391,1381,68362,19,0,0,19,27
2020-09-04,US,Oklahoma,Noble,115,2,0,36.38953329,-97.22928674,40103.0,1033.1506603180308,1.7391304347826086,113,113,2,0,111,111,11289,2,0,0,2,2
2020-09-04,US,Oklahoma,Nowata,107,1,0,36.79843529,-95.61902331,40105.0,1061.9293370385074,0.9345794392523364,106,104,1,0,103,101,10218,3,0,0,3,3
2020-09-04,US,Oklahoma,Okfuskee,109,3,0,35.46485198,-96.32639984,40107.0,908.8635037104978,2.7522935779816518,106,110,3,0,107,107,12098,-1,0,0,-1,3
2020-09-04,US,Oklahoma,Oklahoma,13923,163,0,35.55140095,-97.40716948,40109.0,1745.9752155037281,1.1707247001364651,13760,13791,158,0,13633,13689,792582,132,5,0,127,102
2020-09-04,US,Oklahoma,Okmulgee,649,5,0,35.64661916,-95.96432828,40111.0,1687.2481476667099,0.7704160246533128,644,640,5,0,635,630,38335,9,0,0,9,10
2020-09-04,US,Oklahoma,Osage,666,12,0,36.62888819,-96.39635704,40113.0,1418.137682856717,1.8018018018018016,654,657,12,0,645,649,47014,9,0,0,9,8
2020-09-04,US,Oklahoma,Ottawa,576,4,0,36.83532655,-94.81011909,40115.0,1850.4835030680758,0.6944444444444444,572,555,4,0,551,544,31175,21,0,0,21,11
2020-09-04,US,Oklahoma,Pawnee,223,3,0,36.31743373,-96.70331759999999,40117.0,1361.7489008304835,1.345291479820628,220,223,3,0,220,218,16390,0,0,0,0,5
2020-09-04,US,Oklahoma,Payne,1396,5,0,36.07695283,-96.97584944,40119.0,1706.9353418761616,0.35816618911174786,1391,1319,5,0,1314,1239,82040,77,0,0,77,80
2020-09-04,US,Oklahoma,Pittsburg,619,18,0,34.92065823,-95.75134320000001,40121.0,1417.968571035873,2.9079159935379644,601,602,18,0,584,599,43877,17,0,0,17,3
2020-09-04,US,Oklahoma,Pontotoc,253,3,0,34.72959848,-96.68337199,40123.0,660.8504858426496,1.1857707509881423,250,249,3,0,246,244,38247,4,0,0,4,5
2020-09-04,US,Oklahoma,Pottawatomie,911,9,0,35.20614018,-96.94923008,40125.0,1254.9592241569321,0.9879253567508232,902,887,9,0,878,877,72679,24,0,0,24,10
2020-09-04,US,Oklahoma,Pushmataha,131,1,0,34.41635232,-95.37603505,40127.0,1180.6056236481616,0.7633587786259542,130,131,1,0,130,127,11179,0,0,0,0,4
2020-09-04,US,Oklahoma,Roger Mills,14,1,0,35.68711719,-99.69666167,40129.0,390.73402176946695,7.142857142857142,13,14,1,0,13,14,3656,0,0,0,0,0
2020-09-04,US,Oklahoma,Rogers,1369,42,0,36.37004357,-95.60406759,40131.0,1480.6562908965054,3.0679327976625275,1327,1348,42,0,1306,1334,91984,21,0,0,21,14
2020-09-04,US,Oklahoma,Seminole,339,5,0,35.16478725,-96.61686741,40133.0,1397.4771209497894,1.4749262536873156,334,338,5,0,333,332,24578,1,0,0,1,6
2020-09-04,US,Oklahoma,Sequoyah,613,8,0,35.49447108,-94.75463785,40135.0,1474.656595058818,1.3050570962479608,605,591,8,0,583,585,41179,22,0,0,22,6
2020-09-04,US,Oklahoma,Stephens,258,4,0,34.48556989,-97.85141892,40137.0,598.0112648633614,1.5503875968992251,254,256,4,0,252,252,43265,2,0,0,2,4
2020-09-04,US,Oklahoma,Texas,1213,7,0,36.74777635,-101.4889765,40139.0,6070.1596356903365,0.5770816158285244,1206,1189,7,0,1182,1181,20455,24,0,0,24,8
2020-09-04,US,Oklahoma,Tillman,70,1,0,34.37288446,-98.92426619,40141.0,965.5172413793103,1.4285714285714286,69,70,1,0,69,69,7348,0,0,0,0,1
2020-09-04,US,Oklahoma,Tulsa,13923,137,0,36.11939621,-95.94013939,40143.0,2136.8977456902903,0.9839833369245132,13786,13742,136,0,13606,13557,648360,181,1,0,180,185
2020-09-04,US,Oklahoma,Unassigned,54,0,0,0.0,0.0,90040.0,0.0,0.0,54,40,0,0,40,15,,14,0,0,14,25
2020-09-04,US,Oklahoma,Wagoner,1200,23,0,35.96024096,-95.51911308,40145.0,1476.2144939659736,1.9166666666666667,1177,1188,23,0,1165,1179,80110,12,0,0,12,9
2020-09-04,US,Oklahoma,Washington,846,40,0,36.71380786,-95.90514104,40147.0,1641.8576668542705,4.728132387706856,806,816,40,0,776,803,51843,30,0,0,30,13
2020-09-04,US,Oklahoma,Washita,44,0,0,35.29071824,-98.99180434,40149.0,403.0780505679736,0.0,44,43,0,0,43,43,11127,1,0,0,1,0
2020-09-04,US,Oklahoma,Woods,26,0,0,36.76705782,-98.86573064,40151.0,295.6897532127829,0.0,26,26,0,0,26,25,8897,0,0,0,0,1
2020-09-04,US,Oklahoma,Woodward,106,0,0,36.42316318,-99.26283045,40153.0,524.4668744742962,0.0,106,100,0,0,100,99,20222,6,0,0,6,1
2020-09-04,US,Oregon,Baker,77,2,0,44.70915557,-117.6749883,41001.0,477.54899528652936,2.5974025974025974,75,77,2,0,75,75,16006,0,0,0,0,2
2020-09-04,US,Oregon,Benton,221,6,0,44.49167306,-123.4316987,41003.0,237.49905967566872,2.7149321266968327,215,217,6,0,211,217,92101,4,0,0,4,0
2020-09-04,US,Oregon,Clackamas,2022,57,0,45.18787398,-122.2179634,41005.0,483.5157477396476,2.8189910979228485,1965,2003,56,0,1947,1981,416075,19,1,0,18,22
2020-09-04,US,Oregon,Clatsop,97,0,0,45.99712889,-123.660711,41007.0,241.14956245027844,0.0,97,96,0,0,96,96,39764,1,0,0,1,0
2020-09-04,US,Oregon,Columbia,132,1,0,45.94464254,-123.08908980000001,41009.0,252.12973220766318,0.7575757575757576,131,132,1,0,131,130,52377,0,0,0,0,2
2020-09-04,US,Oregon,Coos,123,0,0,43.17406868,-124.0594514,41011.0,190.73611735698668,0.0,123,122,0,0,122,118,64389,1,0,0,1,4
2020-09-04,US,Oregon,Crook,57,1,0,44.14230227,-120.356297,41013.0,233.5682674971316,1.7543859649122806,56,55,1,0,54,55,23867,2,0,0,2,0
2020-09-04,US,Oregon,Curry,22,0,0,42.45911325,-124.15728200000001,41015.0,95.9651035986914,0.0,22,21,0,0,21,21,22813,1,0,0,1,0
2020-09-04,US,Oregon,Deschutes,699,11,0,43.91570171,-121.2289121,41017.0,353.5803168565243,1.5736766809728182,688,698,11,0,687,694,191996,1,0,0,1,4
2020-09-04,US,Oregon,Douglas,180,3,0,43.27941273,-123.16729099999999,41019.0,162.19138583528562,1.6666666666666667,177,180,3,0,177,179,110283,0,0,0,0,1
2020-09-04,US,Oregon,Gilliam,4,0,0,45.37160076,-120.20488689999999,41021.0,209.20502092050208,0.0,4,4,0,0,4,4,1894,0,0,0,0,0
2020-09-04,US,Oregon,Grant,8,0,0,44.49024544,-119.0068631,41023.0,111.12654535352131,0.0,8,8,0,0,8,8,7176,0,0,0,0,0
2020-09-04,US,Oregon,Harney,12,0,0,43.06422669,-118.96663059999999,41025.0,162.31570404436633,0.0,12,12,0,0,12,12,7329,0,0,0,0,0
2020-09-04,US,Oregon,Hood River,238,0,0,45.51872811,-121.65520359999998,41027.0,1017.8769994012488,0.0,238,236,0,0,236,236,23428,2,0,0,2,0
2020-09-04,US,Oregon,Jackson,864,3,0,42.43201126,-122.72893090000001,41029.0,391.04931566369766,0.3472222222222222,861,853,3,0,850,835,219564,11,0,0,11,18
2020-09-04,US,Oregon,Jefferson,468,7,0,44.62806839,-121.17832,41031.0,1897.9641495660642,1.4957264957264955,461,467,7,0,460,461,24192,1,0,0,1,6
2020-09-04,US,Oregon,Josephine,168,2,0,42.3665549,-123.5561938,41033.0,192.02852995302158,1.1904761904761905,166,162,2,0,160,161,87393,6,0,0,6,1
2020-09-04,US,Oregon,Klamath,235,2,0,42.68762984,-121.64964609999998,41035.0,344.382895161054,0.851063829787234,233,235,2,0,233,235,67653,0,0,0,0,0
2020-09-04,US,Oregon,Lake,31,0,0,42.79246693,-120.38501629999999,41037.0,393.95094675308167,0.0,31,29,0,0,29,29,7879,2,0,0,2,0
2020-09-04,US,Oregon,Lane,769,6,0,43.93727035,-122.847753,41039.0,201.273598609668,0.7802340702210663,763,747,6,0,741,736,379611,22,0,0,22,11
2020-09-04,US,Oregon,Lincoln,467,13,0,44.64252874,-123.86991200000001,41041.0,934.7103798887157,2.78372591006424,454,467,13,0,454,466,49388,0,0,0,0,1
2020-09-04,US,Oregon,Linn,398,13,0,44.48899494,-122.53731540000001,41043.0,306.74610208941886,3.266331658291457,385,393,13,0,380,391,127335,5,0,0,5,2
2020-09-04,US,Oregon,Malheur,1249,20,0,43.1937027,-117.62273950000001,41045.0,4085.57129305551,1.601281024819856,1229,1219,20,0,1199,1196,30725,30,0,0,30,23
2020-09-04,US,Oregon,Marion,3964,81,0,44.90287942,-122.58151170000001,41047.0,1139.6764974785665,2.0433905146316853,3883,3920,81,0,3839,3887,346868,44,0,0,44,33
2020-09-04,US,Oregon,Morrow,453,3,0,45.41846568,-119.584546,41049.0,3904.1627165388263,0.6622516556291391,450,447,3,0,444,440,11372,6,0,0,6,7
2020-09-04,US,Oregon,Multnomah,6185,123,0,45.54747959,-122.4169351,41051.0,760.8983151976674,1.9886822958771218,6062,6142,120,0,6022,6081,811880,43,3,0,40,61
2020-09-04,US,Oregon,Polk,440,15,0,44.90322804,-123.4128888,41053.0,511.12272753673693,3.4090909090909087,425,437,15,0,422,436,85234,3,0,0,3,1
2020-09-04,US,Oregon,Sherman,18,0,0,45.41501554,-120.6827834,41055.0,1011.2359550561798,0.0,18,18,0,0,18,18,1708,0,0,0,0,0
2020-09-04,US,Oregon,Tillamook,40,0,0,45.46248721,-123.712066,41057.0,147.95088030773783,0.0,40,38,0,0,38,38,26787,2,0,0,2,0
2020-09-04,US,Oregon,Umatilla,2753,38,0,45.59073056,-118.7353826,41059.0,3531.7511225144317,1.3803123864874682,2715,2721,38,0,2683,2707,77516,32,0,0,32,14
2020-09-04,US,Oregon,Union,420,2,0,45.30915495,-118.0068979,41061.0,1565.1201788708775,0.4761904761904762,418,419,2,0,417,420,26461,1,0,0,1,-1
2020-09-04,US,Oregon,Wallowa,23,1,0,45.57894064,-117.18353799999998,41063.0,319.0899001109878,4.3478260869565215,22,23,1,0,22,23,7081,0,0,0,0,0
2020-09-04,US,Oregon,Wasco,214,3,0,45.16292781,-121.16709540000001,41065.0,802.0388276740872,1.4018691588785046,211,212,3,0,209,208,26505,2,0,0,2,4
2020-09-04,US,Oregon,Washington,3898,48,0,45.55972701,-123.0955257,41067.0,647.9474461096557,1.2314007183170856,3850,3877,47,0,3830,3838,597695,21,1,0,20,39
2020-09-04,US,Oregon,Yamhill,652,14,0,45.23330449,-123.3086963,41071.0,608.7768440709617,2.147239263803681,638,649,14,0,635,643,107002,3,0,0,3,6
2020-09-04,US,Pennsylvania,Adams,697,23,0,39.87140411,-77.21610347,42001.0,676.6399052509975,3.2998565279770444,674,686,23,0,663,680,102811,11,0,0,11,6
2020-09-04,US,Pennsylvania,Allegheny,10641,324,0,40.46809875,-79.98167747,42003.0,875.0498542405915,3.044826614040034,10317,10549,324,0,10225,10444,1218452,92,0,0,92,105
2020-09-04,US,Pennsylvania,Armstrong,343,10,0,40.81665618,-79.46290811,42005.0,529.8524754769445,2.915451895043732,333,341,10,0,331,324,65263,2,0,0,2,17
2020-09-04,US,Pennsylvania,Beaver,1694,99,0,40.6825484,-80.34921611,42007.0,1033.3742046861748,5.8441558441558445,1595,1653,99,0,1554,1630,164742,41,0,0,41,23
2020-09-04,US,Pennsylvania,Bedford,176,5,0,40.00522157,-78.48998442,42009.0,367.52422318743737,2.8409090909090913,171,176,5,0,171,172,48176,0,0,0,0,4
2020-09-04,US,Pennsylvania,Berks,6214,382,0,40.41570541,-75.92457766,42011.0,1475.434747509284,6.147409076279369,5832,6174,382,0,5792,6129,420152,40,0,0,40,45
2020-09-04,US,Pennsylvania,Blair,490,12,0,40.47961444,-78.34917412,42013.0,402.20308793472816,2.4489795918367347,478,472,12,0,460,468,122492,18,0,0,18,4
2020-09-04,US,Pennsylvania,Bradford,100,3,0,41.78869215,-76.51570822,42015.0,165.7742486282181,3.0,97,99,3,0,96,99,60833,1,0,0,1,0
2020-09-04,US,Pennsylvania,Bucks,7961,589,0,40.33682119,-75.10836643,42017.0,1267.1303738838396,7.398568019093079,7372,7899,588,0,7311,7856,628195,62,1,0,61,43
2020-09-04,US,Pennsylvania,Butler,833,19,0,40.91152759,-79.91351055,42019.0,443.4318323369869,2.2809123649459786,814,821,19,0,802,801,187888,12,0,0,12,20
2020-09-04,US,Pennsylvania,Cambria,486,6,0,40.49527404,-78.71377428,42021.0,373.29482610298635,1.2345679012345678,480,480,6,0,474,473,131730,6,0,0,6,7
2020-09-04,US,Pennsylvania,Cameron,8,0,0,41.43625568,-78.20376845,42023.0,179.89655947830002,0.0,8,8,0,0,8,8,4492,0,0,0,0,0
2020-09-04,US,Pennsylvania,Carbon,427,28,0,40.91545395,-75.7068525,42025.0,665.2955657349413,6.557377049180328,399,425,28,0,397,425,64227,2,0,0,2,0
2020-09-04,US,Pennsylvania,Centre,615,11,0,40.92058903,-77.82200624,42027.0,378.7295624595868,1.7886178861788615,604,578,11,0,567,538,162805,37,0,0,37,40
2020-09-04,US,Pennsylvania,Chester,5821,359,0,39.97291773,-75.74768357,42029.0,1108.7851364504781,6.167325201855352,5462,5748,358,0,5390,5748,522046,73,1,0,72,0
2020-09-04,US,Pennsylvania,Clarion,100,3,0,41.19265812,-79.42413524,42031.0,260.15921744107396,3.0,97,98,3,0,95,98,38779,2,0,0,2,0
2020-09-04,US,Pennsylvania,Clearfield,239,1,0,41.00110782,-78.47592663,42033.0,301.55826130843485,0.41841004184100417,238,237,1,0,236,235,79388,2,0,0,2,2
2020-09-04,US,Pennsylvania,Clinton,150,5,0,41.23255967,-77.63785995,42035.0,388.27914682128807,3.333333333333333,145,147,5,0,142,143,38684,3,0,0,3,4
2020-09-04,US,Pennsylvania,Columbia,754,35,0,41.04821986,-76.40565017,42037.0,1160.6428175604954,4.641909814323609,719,728,35,0,693,692,65456,26,0,0,26,36
2020-09-04,US,Pennsylvania,Crawford,222,2,0,41.68447709,-80.10760592,42039.0,262.3214264613785,0.9009009009009008,220,220,2,0,218,218,85063,2,0,0,2,2
2020-09-04,US,Pennsylvania,Cumberland,1578,72,0,40.1625372,-77.26130755,42041.0,622.8045940719106,4.56273764258555,1506,1563,72,0,1491,1553,251423,15,0,0,15,10
2020-09-04,US,Pennsylvania,Dauphin,3410,165,0,40.41377078,-76.77993242,42043.0,1225.300845493516,4.838709677419356,3245,3393,165,0,3228,3372,277097,17,0,0,17,21
2020-09-04,US,Pennsylvania,Delaware,10546,728,0,39.91680171,-75.40243663,42045.0,1860.795028469493,6.903091219419684,9818,10516,725,0,9791,10479,564751,30,3,0,27,37
2020-09-04,US,Pennsylvania,Elk,64,2,0,41.42822061,-78.64524744,42047.0,213.97525911066532,3.125,62,64,2,0,62,65,30169,0,0,0,0,-1
2020-09-04,US,Pennsylvania,Erie,1376,36,0,41.99253829,-80.03301954,42049.0,510.14355202277847,2.6162790697674416,1340,1370,35,0,1335,1369,272061,6,1,0,5,1
2020-09-04,US,Pennsylvania,Fayette,705,6,0,39.92041012,-79.64291195,42051.0,545.353280628742,0.851063829787234,699,703,6,0,697,699,130441,2,0,0,2,4
2020-09-04,US,Pennsylvania,Forest,14,0,0,41.51095103,-79.23229292,42053.0,193.1833862287843,0.0,14,14,0,0,14,14,7279,0,0,0,0,0
2020-09-04,US,Pennsylvania,Franklin,1559,47,0,39.92956518,-77.72157791,42055.0,1005.6312771323703,3.014753046824888,1512,1550,47,0,1503,1540,154835,9,0,0,9,10
2020-09-04,US,Pennsylvania,Fulton,36,2,0,39.92913544,-78.11163677,42057.0,247.76324845147968,5.5555555555555545,34,36,2,0,34,36,14523,0,0,0,0,0
2020-09-04,US,Pennsylvania,Greene,145,1,0,39.85746531,-80.22357106,42059.0,400.1876742196341,0.6896551724137931,144,145,1,0,144,140,36506,0,0,0,0,5
2020-09-04,US,Pennsylvania,Huntingdon,382,5,0,40.42162652,-77.97673273,42061.0,846.181109339004,1.3089005235602094,377,377,5,0,372,373,45168,5,0,0,5,4
2020-09-04,US,Pennsylvania,Indiana,456,10,0,40.65241041,-79.08963285,42063.0,542.3857837831408,2.1929824561403506,446,445,10,0,435,440,84501,11,0,0,11,5
2020-09-04,US,Pennsylvania,Jefferson,99,1,0,41.12913106,-78.9986361,42065.0,227.97927461139898,1.0101010101010102,98,98,1,0,97,97,43641,1,0,0,1,1
2020-09-04,US,Pennsylvania,Juniata,151,6,0,40.53358749,-77.39975129999998,42067.0,609.7807212373299,3.9735099337748334,145,151,6,0,145,151,24704,0,0,0,0,0
2020-09-04,US,Pennsylvania,Lackawanna,2154,214,0,41.43564672,-75.60379201,42069.0,1027.309060732375,9.935004642525534,1940,2129,214,0,1915,2117,210793,25,0,0,25,12
2020-09-04,US,Pennsylvania,Lancaster,6960,438,0,40.03904563,-76.24770128,42071.0,1275.3699672361854,6.293103448275862,6522,6919,435,0,6484,6867,543557,41,3,0,38,52
2020-09-04,US,Pennsylvania,Lawrence,470,19,0,40.99206278,-80.33393706,42073.0,549.6304612218169,4.042553191489361,451,468,18,0,450,466,86184,2,1,0,1,2
2020-09-04,US,Pennsylvania,Lebanon,1748,57,0,40.36680311,-76.45651841,42075.0,1232.7830005712551,3.260869565217391,1691,1742,57,0,1685,1739,141314,6,0,0,6,3
2020-09-04,US,Pennsylvania,Lehigh,5249,345,0,40.6154815,-75.59435245,42077.0,1421.2683920090549,6.572680510573442,4904,5244,344,0,4900,5223,368100,5,1,0,4,21
2020-09-04,US,Pennsylvania,Luzerne,3831,188,0,41.17823008,-75.98447579,42079.0,1206.929685555594,4.907334899504046,3643,3818,188,0,3630,3801,317646,13,0,0,13,17
2020-09-04,US,Pennsylvania,Lycoming,544,23,0,41.34310539,-77.06629984,42081.0,480.1454558292659,4.227941176470588,521,538,23,0,515,531,113664,6,0,0,6,7
2020-09-04,US,Pennsylvania,McKean,41,2,0,41.80938602,-78.56478358,42083.0,100.92307692307692,4.878048780487805,39,41,2,0,39,40,40968,0,0,0,0,1
2020-09-04,US,Pennsylvania,Mercer,565,13,0,41.30248872,-80.25816981,42085.0,516.3401082029536,2.3008849557522124,552,560,13,0,547,553,110683,5,0,0,5,7
2020-09-04,US,Pennsylvania,Mifflin,170,1,0,40.61116939,-77.61070738,42087.0,368.45983787767136,0.5882352941176471,169,166,1,0,165,163,46222,4,0,0,4,3
2020-09-04,US,Pennsylvania,Monroe,1731,129,0,41.05934058,-75.34031025,42089.0,1016.6146906989444,7.4523396880415955,1602,1730,129,0,1601,1720,169507,1,0,0,1,10
2020-09-04,US,Pennsylvania,Montgomery,11237,863,0,40.21053671,-75.36652296,42091.0,1352.3645619588044,7.679985761324197,10374,11189,863,0,10326,11126,828604,48,0,0,48,63
2020-09-04,US,Pennsylvania,Montour,141,5,0,41.03023987,-76.66345939,42093.0,773.4503565551289,3.5460992907801416,136,139,5,0,134,137,18240,2,0,0,2,2
2020-09-04,US,Pennsylvania,Northampton,4141,301,0,40.75182733,-75.30471829,42095.0,1356.4374273220105,7.26877565805361,3840,4134,301,0,3833,4130,304807,7,0,0,7,4
2020-09-04,US,Pennsylvania,Northumberland,740,38,0,40.84785433,-76.70798222,42097.0,814.5922085356053,5.135135135135135,702,732,38,0,694,703,91083,8,0,0,8,29
2020-09-04,US,Pennsylvania,Perry,178,5,0,40.40206612,-77.26297447,42099.0,384.6818810511757,2.808988764044944,173,178,5,0,173,178,46139,0,0,0,0,0
2020-09-04,US,Pennsylvania,Philadelphia,34445,1759,0,40.00338507,-75.1379271,42101.0,2174.4702234253164,5.106691827551169,32686,34311,1759,0,32552,34144,1584138,134,0,0,134,167
2020-09-04,US,Pennsylvania,Pike,543,21,0,41.33155042,-75.03208106,42103.0,972.9613503198407,3.867403314917127,522,543,21,0,522,544,55933,0,0,0,0,-1
2020-09-04,US,Pennsylvania,Potter,25,0,0,41.74471626,-77.89559864,42105.0,151.27677598935009,0.0,25,25,0,0,25,25,16622,0,0,0,0,0
2020-09-04,US,Pennsylvania,Schuylkill,997,51,0,40.70497338,-76.2150785,42107.0,705.2964438061957,5.1153460381143425,946,995,51,0,944,996,142067,2,0,0,2,-1
2020-09-04,US,Pennsylvania,Snyder,174,3,0,40.77129231,-77.06840691,42109.0,430.9917764787476,1.7241379310344829,171,170,3,0,167,167,40540,4,0,0,4,3
2020-09-04,US,Pennsylvania,Somerset,179,3,0,39.97172723,-79.02699593,42111.0,243.71315370266998,1.675977653631285,176,174,3,0,171,172,73952,5,0,0,5,2
2020-09-04,US,Pennsylvania,Sullivan,10,0,0,41.44634738,-76.51246591,42113.0,164.85328058028355,0.0,10,10,0,0,10,10,6071,0,0,0,0,0
2020-09-04,US,Pennsylvania,Susquehanna,277,27,0,41.82147784,-75.80071959,42115.0,686.8676849831382,9.747292418772563,250,274,27,0,247,270,40589,3,0,0,3,4
2020-09-04,US,Pennsylvania,Tioga,48,3,0,41.77255149,-77.25433032,42117.0,118.252814663349,6.25,45,48,3,0,45,49,40763,0,0,0,0,-1
2020-09-04,US,Pennsylvania,Union,397,6,0,40.96188846,-77.05996014,42119.0,883.7343899561473,1.5113350125944585,391,397,6,0,391,390,44785,0,0,0,0,7
2020-09-04,US,Pennsylvania,Venango,72,1,0,41.40323442,-79.75845449,42121.0,142.10152364411462,1.3888888888888888,71,72,1,0,71,70,51266,0,0,0,0,2
2020-09-04,US,Pennsylvania,Warren,36,1,0,41.81304978,-79.26969577,42123.0,91.85782450052307,2.7777777777777777,35,34,1,0,33,31,39498,2,0,0,2,3
2020-09-04,US,Pennsylvania,Washington,1117,28,0,40.19208869,-80.24582867,42125.0,539.9656780992435,2.5067144136078783,1089,1108,28,0,1080,1086,207346,9,0,0,9,22
2020-09-04,US,Pennsylvania,Wayne,185,10,0,41.64938475,-75.29956506,42127.0,360.1954790599871,5.405405405405406,175,181,10,0,171,181,51276,4,0,0,4,0
2020-09-04,US,Pennsylvania,Westmoreland,1861,49,0,40.31377979999999,-79.46615476,42129.0,533.3921851309404,2.6329930145083287,1812,1851,49,0,1802,1837,350611,10,0,0,10,14
2020-09-04,US,Pennsylvania,Wyoming,70,8,0,41.51955538,-76.01074915,42131.0,261.25251922072107,11.428571428571427,62,68,8,0,60,67,27046,2,0,0,2,1
2020-09-04,US,Pennsylvania,York,3667,127,0,39.9210089,-76.73040131,42133.0,816.5983013330127,3.4633215162257978,3540,3618,127,0,3491,3490,448273,49,0,0,49,128
2020-09-04,US,Puerto Rico,Adjuntas,127,0,0,18.180117000000006,-66.754367,72001.0,651.8503310578452,0.0,127,128,0,0,128,124,,-1,0,0,-1,4
2020-09-04,US,Puerto Rico,Aguada,229,0,0,18.360255,-67.17513100000001,72003.0,545.7708715650991,0.0,229,227,0,0,227,227,,2,0,0,2,0
2020-09-04,US,Puerto Rico,Aguadilla,329,0,0,18.459681,-67.12081500000001,72005.0,539.7955667853452,0.0,329,329,0,0,329,328,,0,0,0,0,1
2020-09-04,US,Puerto Rico,Aguas Buenas,204,0,0,18.251619,-66.126806,72007.0,711.818276981053,0.0,204,204,0,0,204,204,,0,0,0,0,0
2020-09-04,US,Puerto Rico,Aibonito,125,0,0,18.131361,-66.264131,72009.0,482.6254826254826,0.0,125,125,0,0,125,124,,0,0,0,0,1
2020-09-04,US,Puerto Rico,Anasco,193,0,0,18.287985,-67.120611,72011.0,659.5810122688903,0.0,193,193,0,0,193,192,,0,0,0,0,1
2020-09-04,US,Puerto Rico,Arecibo,529,0,0,18.406631,-66.675077,72013.0,548.5275819162174,0.0,529,527,0,0,527,519,,2,0,0,2,8
2020-09-04,US,Puerto Rico,Arroyo,129,0,0,17.998457000000005,-66.056546,72015.0,659.0038314176245,0.0,129,129,0,0,129,129,,0,0,0,0,0
2020-09-04,US,Puerto Rico,Barceloneta,129,0,0,18.445532999999998,-66.56053100000001,72017.0,519.825918762089,0.0,129,129,0,0,129,128,,0,0,0,0,1
2020-09-04,US,Puerto Rico,Barranquitas,347,0,0,18.201592,-66.30963,72019.0,1144.5345999076455,0.0,347,347,0,0,347,347,,0,0,0,0,0
2020-09-04,US,Puerto Rico,Bayamon,2677,0,0,18.34946,-66.168435,72021.0,1286.3018701108995,0.0,2677,2670,0,0,2670,2650,,7,0,0,7,20
2020-09-04,US,Puerto Rico,Cabo Rojo,278,0,0,18.040993,-67.154391,72023.0,545.9866056523362,0.0,278,280,0,0,280,280,,-2,0,0,-2,0
2020-09-04,US,Puerto Rico,Caguas,1136,0,0,18.211615,-66.050779,72025.0,795.0004548858236,0.0,1136,1134,0,0,1134,1120,,2,0,0,2,14
2020-09-04,US,Puerto Rico,Camuy,196,0,0,18.418578,-66.860206,72027.0,557.4675047640718,0.0,196,196,0,0,196,196,,0,0,0,0,0
2020-09-04,US,Puerto Rico,Canovanas,529,0,0,18.328802,-65.887612,72029.0,1110.2249832102084,0.0,529,528,0,0,528,524,,1,0,0,1,4
2020-09-04,US,Puerto Rico,Carolina,1965,0,0,18.374986,-65.95683100000001,72031.0,1111.6642717326124,0.0,1965,1963,0,0,1963,1946,,2,0,0,2,17
2020-09-04,US,Puerto Rico,Catano,312,0,0,18.437269,-66.14330600000001,72033.0,1108.7420042643923,0.0,312,311,0,0,311,309,,1,0,0,1,2
2020-09-04,US,Puerto Rico,Cayey,271,0,0,18.102851,-66.14914,72035.0,563.1870986512604,0.0,271,272,0,0,272,272,,-1,0,0,-1,0
2020-09-04,US,Puerto Rico,Ceiba,90,0,0,18.251818,-65.666416,72037.0,660.2597021495121,0.0,90,90,0,0,90,88,,0,0,0,0,2
2020-09-04,US,Puerto Rico,Ciales,192,0,0,18.28885,-66.516475,72039.0,1022.255350867852,0.0,192,192,0,0,192,192,,0,0,0,0,0
2020-09-04,US,Puerto Rico,Cidra,241,0,0,18.173559,-66.161179,72041.0,554.2778288868445,0.0,241,241,0,0,241,240,,0,0,0,0,1
2020-09-04,US,Puerto Rico,Coamo,215,0,0,18.097597,-66.36014,72043.0,530.7069510268561,0.0,215,215,0,0,215,215,,0,0,0,0,0
2020-09-04,US,Puerto Rico,Comerio,173,0,0,18.224687,-66.221622,72045.0,832.6114159206853,0.0,173,174,0,0,174,174,,-1,0,0,-1,0
2020-09-04,US,Puerto Rico,Corozal,422,0,0,18.304264,-66.327738,72047.0,1136.1800656938235,0.0,422,421,0,0,421,421,,1,0,0,1,0
2020-09-04,US,Puerto Rico,Culebra,21,0,0,18.31586,-65.28813000000001,72049.0,1155.1155115511556,0.0,21,21,0,0,21,21,,0,0,0,0,0
2020-09-04,US,Puerto Rico,Dorado,538,0,0,18.436115,-66.278669,72051.0,1409.6685444779248,0.0,538,537,0,0,537,535,,1,0,0,1,2
2020-09-04,US,Puerto Rico,Fajardo,364,0,0,18.318373,-65.666866,72053.0,983.969940258968,0.0,364,364,0,0,364,360,,0,0,0,0,4
2020-09-04,US,Puerto Rico,Florida,211,0,0,18.373715,-66.560488,72054.0,1664.03785488959,0.0,211,209,0,0,209,209,,2,0,0,2,0
2020-09-04,US,Puerto Rico,Guanica,84,0,0,17.982429,-66.91964300000001,72055.0,432.38791372831633,0.0,84,84,0,0,84,83,,0,0,0,0,1
2020-09-04,US,Puerto Rico,Guayama,236,0,0,18.007516,-66.13390799999999,72057.0,520.2592478285791,0.0,236,236,0,0,236,233,,0,0,0,0,3
2020-09-04,US,Puerto Rico,Guayanilla,147,0,0,18.039942,-66.79186,72059.0,681.1547194291275,0.0,147,147,0,0,147,147,,0,0,0,0,0
2020-09-04,US,Puerto Rico,Guaynabo,1314,0,0,18.345114000000002,-66.11452299999999,72061.0,1341.8569502879784,0.0,1314,1314,0,0,1314,1310,,0,0,0,0,4
2020-09-04,US,Puerto Rico,Gurabo,372,0,0,18.266461,-65.97970500000001,72063.0,819.9431329762613,0.0,372,373,0,0,373,366,,-1,0,0,-1,7
2020-09-04,US,Puerto Rico,Hatillo,198,0,0,18.410928,-66.79632600000001,72065.0,471.95671346506805,0.0,198,198,0,0,198,197,,0,0,0,0,1
2020-09-04,US,Puerto Rico,Hormigueros,128,0,0,18.134532,-67.113972,72067.0,742.0289855072464,0.0,128,128,0,0,128,128,,0,0,0,0,0
2020-09-04,US,Puerto Rico,Humacao,319,0,0,18.145211,-65.810174,72069.0,545.6162556015462,0.0,319,317,0,0,317,313,,2,0,0,2,4
2020-09-04,US,Puerto Rico,Isabela,212,0,0,18.44981,-67.005093,72071.0,464.59643663299073,0.0,212,212,0,0,212,212,,0,0,0,0,0
2020-09-04,US,Puerto Rico,Jayuya,207,0,0,18.211446,-66.58878,72073.0,1243.8408845090735,0.0,207,207,0,0,207,206,,0,0,0,0,1
2020-09-04,US,Puerto Rico,Juana Diaz,272,0,0,18.050764,-66.49458100000001,72075.0,340.4383143296995,0.0,272,272,0,0,272,272,,0,0,0,0,0
2020-09-04,US,Puerto Rico,Juncos,254,0,0,18.223793,-65.909109,72077.0,630.4293869446512,0.0,254,254,0,0,254,247,,0,0,0,0,7
2020-09-04,US,Puerto Rico,Lajas,118,0,0,18.011661,-67.040585,72079.0,458.1990447714829,0.0,118,118,0,0,118,118,,0,0,0,0,0
2020-09-04,US,Puerto Rico,Lares,251,0,0,18.269035000000002,-66.867236,72081.0,816.180535232335,0.0,251,251,0,0,251,249,,0,0,0,0,2
2020-09-04,US,Puerto Rico,Las Marias,81,0,0,18.23679,-66.98362,72083.0,819.7550855176602,0.0,81,80,0,0,80,80,,1,0,0,1,0
2020-09-04,US,Puerto Rico,Las Piedras,303,0,0,18.187527,-65.86946800000001,72085.0,783.4518422753715,0.0,303,303,0,0,303,284,,0,0,0,0,19
2020-09-04,US,Puerto Rico,Loiza,192,0,0,18.425688,-65.89943000000001,72087.0,638.7225548902196,0.0,192,191,0,0,191,190,,1,0,0,1,1
2020-09-04,US,Puerto Rico,Luquillo,178,0,0,18.342114000000002,-65.72509699999999,72089.0,886.9842535379709,0.0,178,178,0,0,178,178,,0,0,0,0,0
2020-09-04,US,Puerto Rico,Manati,373,0,0,18.420473,-66.490461,72091.0,845.5557318704234,0.0,373,372,0,0,372,367,,1,0,0,1,5
2020-09-04,US,Puerto Rico,Maricao,63,0,0,18.171795,-66.942126,72093.0,1003.8240917782028,0.0,63,62,0,0,62,58,,1,0,0,1,4
2020-09-04,US,Puerto Rico,Maunabo,89,0,0,18.017889,-65.922235,72095.0,728.0163599182007,0.0,89,90,0,0,90,90,,-1,0,0,-1,0
2020-09-04,US,Puerto Rico,Mayaguez,664,0,0,18.2013,-67.1452,72097.0,745.3973955994611,0.0,664,663,0,0,663,656,,1,0,0,1,7
2020-09-04,US,Puerto Rico,Moca,259,0,0,18.377805,-67.080952,72099.0,645.7403575257423,0.0,259,258,0,0,258,258,,1,0,0,1,0
2020-09-04,US,Puerto Rico,Morovis,412,0,0,18.316963,-66.420383,72101.0,1263.4161300214655,0.0,412,409,0,0,409,409,,3,0,0,3,0
2020-09-04,US,Puerto Rico,Naguabo,142,0,0,18.230636999999998,-65.753897,72103.0,531.437125748503,0.0,142,142,0,0,142,140,,0,0,0,0,2
2020-09-04,US,Puerto Rico,Naranjito,487,0,0,18.288019,-66.252703,72105.0,1601.8682981382806,0.0,487,486,0,0,486,480,,1,0,0,1,6
2020-09-04,US,Puerto Rico,Orocovis,276,0,0,18.215046,-66.433604,72107.0,1178.3289928702554,0.0,276,276,0,0,276,276,,0,0,0,0,0
2020-09-04,US,Puerto Rico,Out of PR,753,0,0,0.0,0.0,72888.0,0.0,0.0,753,753,0,0,753,742,,0,0,0,0,11
2020-09-04,US,Puerto Rico,Patillas,137,0,0,18.03174,-66.012242,72109.0,710.6914976396743,0.0,137,136,0,0,136,136,,1,0,0,1,0
2020-09-04,US,Puerto Rico,Penuelas,99,0,0,18.059645,-66.721572,72111.0,407.70941438102295,0.0,99,99,0,0,99,98,,0,0,0,0,1
2020-09-04,US,Puerto Rico,Ponce,668,0,0,18.059498,-66.613748,72113.0,401.61849849994286,0.0,668,668,0,0,668,667,,0,0,0,0,1
2020-09-04,US,Puerto Rico,Quebradillas,118,0,0,18.439692,-66.926113,72115.0,455.2644777962114,0.0,118,118,0,0,118,118,,0,0,0,0,0
2020-09-04,US,Puerto Rico,Rincon,129,0,0,18.335442999999998,-67.23174,72117.0,848.6842105263157,0.0,129,129,0,0,129,129,,0,0,0,0,0
2020-09-04,US,Puerto Rico,Rio Grande,446,0,0,18.346329,-65.813742,72119.0,821.3022981732469,0.0,446,445,0,0,445,441,,1,0,0,1,4
2020-09-04,US,Puerto Rico,Sabana Grande,166,0,0,18.08282,-66.943758,72121.0,657.0354245002968,0.0,166,166,0,0,166,165,,0,0,0,0,1
2020-09-04,US,Puerto Rico,Salinas,318,0,0,18.010386999999994,-66.256592,72123.0,1023.2318682025873,0.0,318,315,0,0,315,314,,3,0,0,3,1
2020-09-04,US,Puerto Rico,San German,198,0,0,18.111484,-67.03858100000001,72125.0,557.3225997128943,0.0,198,198,0,0,198,198,,0,0,0,0,0
2020-09-04,US,Puerto Rico,San Juan,5528,0,0,18.386933,-66.061128,72127.0,1398.3395982050256,0.0,5528,5512,0,0,5512,5462,,16,0,0,16,50
2020-09-04,US,Puerto Rico,San Lorenzo,287,0,0,18.147987,-65.976392,72129.0,699.011154951532,0.0,287,286,0,0,286,281,,1,0,0,1,5
2020-09-04,US,Puerto Rico,San Sebastian,281,0,0,18.328646,-66.971214,72131.0,662.2672637284941,0.0,281,280,0,0,280,279,,1,0,0,1,1
2020-09-04,US,Puerto Rico,Santa Isabel,135,0,0,17.994525,-66.388913,72133.0,580.046403712297,0.0,135,135,0,0,135,135,,0,0,0,0,0
2020-09-04,US,Puerto Rico,Toa Alta,956,0,0,18.362406,-66.246616,72135.0,1290.7406907352902,0.0,956,953,0,0,953,947,,3,0,0,3,6
2020-09-04,US,Puerto Rico,Toa Baja,935,0,0,18.431445999999998,-66.213553,72137.0,1043.4219777031326,0.0,935,933,0,0,933,920,,2,0,0,2,13
2020-09-04,US,Puerto Rico,Trujillo Alto,766,0,0,18.336159,-65.99888399999999,72139.0,1023.4894845140428,0.0,766,767,0,0,767,764,,-1,0,0,-1,3
2020-09-04,US,Puerto Rico,Unassigned,530,455,0,0.0,0.0,72999.0,0.0,85.84905660377359,75,543,448,0,95,614,,-13,7,0,-20,-71
2020-09-04,US,Puerto Rico,Utuado,104,0,0,18.271214,-66.702984,72141.0,313.73495429726387,0.0,104,103,0,0,103,103,,1,0,0,1,0
2020-09-04,US,Puerto Rico,Vega Alta,487,0,0,18.409346,-66.33725,72143.0,1218.993266751771,0.0,487,484,0,0,484,482,,3,0,0,3,2
2020-09-04,US,Puerto Rico,Vega Baja,678,0,0,18.428262,-66.397924,72145.0,1136.4017297442258,0.0,678,676,0,0,676,669,,2,0,0,2,7
2020-09-04,US,Puerto Rico,Vieques,84,0,0,18.123276,-65.44097099999999,72147.0,903.1286958391572,0.0,84,87,0,0,87,87,,-3,0,0,-3,0
2020-09-04,US,Puerto Rico,Villalba,98,0,0,18.127951,-66.473115,72149.0,375.86775591608176,0.0,98,98,0,0,98,98,,0,0,0,0,0
2020-09-04,US,Puerto Rico,Yabucoa,216,0,0,18.070399,-65.896289,72151.0,569.3049735115047,0.0,216,216,0,0,216,214,,0,0,0,0,2
2020-09-04,US,Puerto Rico,Yauco,321,0,0,18.080374,-66.858814,72153.0,763.5040315867087,0.0,321,321,0,0,321,319,,0,0,0,0,2
2020-09-04,US,Rhode Island,Bristol,358,0,0,41.71018079,-71.28652315,44001.0,738.4640772293158,0.0,358,358,0,0,358,358,48649,0,0,0,0,0
2020-09-04,US,Rhode Island,Kent,1706,0,0,41.67106337,-71.57641596,44003.0,1038.3950527110267,0.0,1706,1706,0,0,1706,1706,163861,0,0,0,0,0
2020-09-04,US,Rhode Island,Newport,457,0,0,41.5642026,-71.26569799,44005.0,556.7603128578738,0.0,457,457,0,0,457,457,82542,0,0,0,0,0
2020-09-04,US,Rhode Island,Providence,17107,0,0,41.87064746,-71.57753536,44007.0,2677.440913025037,0.0,17107,17107,0,0,17107,17107,636084,0,0,0,0,0
2020-09-04,US,Rhode Island,Unassigned,1893,1055,0,0.0,0.0,90044.0,0.0,55.73164289487586,838,1793,1055,0,738,1728,,100,0,0,100,65
2020-09-04,US,Rhode Island,Washington,722,0,0,41.45961631,-71.61435303,44009.0,574.9460490376422,0.0,722,722,0,0,722,722,126179,0,0,0,0,0
2020-09-04,US,South Carolina,Abbeville,463,10,0,34.22333378,-82.46170658,45001.0,1887.7155787499487,2.159827213822894,453,450,10,0,440,439,24541,13,0,0,13,11
2020-09-04,US,South Carolina,Aiken,2420,68,0,33.54338026,-81.63645384,45003.0,1416.2648064047946,2.809917355371901,2352,2409,67,0,2342,2378,169401,11,1,0,10,31
2020-09-04,US,South Carolina,Allendale,302,6,0,32.98837386,-81.35321066,45005.0,3476.0589318600373,1.9867549668874167,296,300,6,0,294,294,8903,2,0,0,2,6
2020-09-04,US,South Carolina,Anderson,3320,127,0,34.51828081,-82.63959517,45007.0,1639.0367203467652,3.8253012048192767,3193,3288,126,0,3162,3246,200482,32,1,0,31,42
2020-09-04,US,South Carolina,Bamberg,553,29,0,33.21927586,-81.05659969,45009.0,3931.4659462533773,5.244122965641953,524,549,29,0,520,548,14275,4,0,0,4,1
2020-09-04,US,South Carolina,Barnwell,547,14,0,33.26679302,-81.43584352,45011.0,2621.489504457011,2.5594149908592323,533,543,14,0,529,541,21112,4,0,0,4,2
2020-09-04,US,South Carolina,Beaufort,4892,71,0,32.39226291,-80.72619758,45013.0,2546.2987060305427,1.4513491414554374,4821,4849,69,0,4780,4810,188715,43,2,0,41,39
2020-09-04,US,South Carolina,Berkeley,4910,84,0,33.20222596,-79.94654523,45015.0,2154.387535266578,1.7107942973523422,4826,4884,83,0,4801,4867,221091,26,1,0,25,17
2020-09-04,US,South Carolina,Calhoun,421,15,0,33.66926881,-80.77722168,45017.0,2892.87432144575,3.5629453681710213,406,418,15,0,403,416,14520,3,0,0,3,2
2020-09-04,US,South Carolina,Charleston,14325,244,0,32.82487866,-79.96512315,45019.0,3481.961857629689,1.7033158813263525,14081,14232,242,0,13990,14151,405905,93,2,0,91,81
2020-09-04,US,South Carolina,Cherokee,879,33,0,35.05122251,-81.61828622,45021.0,1534.0314136125655,3.754266211604096,846,819,33,0,786,807,57078,60,0,0,60,12
2020-09-04,US,South Carolina,Chester,920,18,0,34.69249168,-81.1583216,45023.0,2853.244014390274,1.9565217391304348,902,903,18,0,885,892,32251,17,0,0,17,11
2020-09-04,US,South Carolina,Chesterfield,1044,29,0,34.64137396,-80.15640140000002,45025.0,2286.9660460021905,2.7777777777777777,1015,1031,28,0,1003,1010,45754,13,1,0,12,21
2020-09-04,US,South Carolina,Clarendon,993,63,0,33.66610974,-80.21647898,45027.0,2942.658171580975,6.3444108761329305,930,990,63,0,927,985,33700,3,0,0,3,5
2020-09-04,US,South Carolina,Colleton,908,39,0,32.87582989,-80.67641292,45029.0,2409.95833001566,4.295154185022026,869,904,39,0,865,897,37660,4,0,0,4,7
2020-09-04,US,South Carolina,Darlington,1713,46,0,34.33358335,-79.96027485,45031.0,2571.377105286859,2.6853473438412143,1667,1700,46,0,1654,1677,66802,13,0,0,13,23
2020-09-04,US,South Carolina,Dillon,792,28,0,34.39007791,-79.37741872,45033.0,2598.510449817908,3.5353535353535355,764,784,28,0,756,769,30599,8,0,0,8,15
2020-09-04,US,South Carolina,Dorchester,3689,80,0,33.0794369,-80.40502652,45035.0,2265.845254254986,2.168609379235565,3609,3670,80,0,3590,3643,160647,19,0,0,19,27
2020-09-04,US,South Carolina,Edgefield,504,14,0,33.77221995,-81.96231108,45037.0,1848.8628026412325,2.7777777777777777,490,503,13,0,490,497,27052,1,1,0,0,6
2020-09-04,US,South Carolina,Fairfield,678,29,0,34.39287073,-81.1195624,45039.0,3033.9642905087926,4.277286135693215,649,664,29,0,635,648,22402,14,0,0,14,16
2020-09-04,US,South Carolina,Florence,4434,161,0,34.02361754,-79.70189312,45041.0,3206.2360350849285,3.6310329273793416,4273,4386,158,0,4228,4360,138159,48,3,0,45,26
2020-09-04,US,South Carolina,Georgetown,1770,37,0,33.43443342,-79.33202141,45043.0,2823.8672622846198,2.0903954802259888,1733,1760,37,0,1723,1749,62249,10,0,0,10,11
2020-09-04,US,South Carolina,Greenville,12447,266,0,34.89502264,-82.37295012,45045.0,2377.4596880479503,2.1370611392303367,12181,12328,266,0,12062,12212,514213,119,0,0,119,116
2020-09-04,US,South Carolina,Greenwood,1936,54,0,34.15272415,-82.12715789,45047.0,2734.0384968437106,2.789256198347108,1882,1907,51,0,1856,1877,70741,29,3,0,26,30
2020-09-04,US,South Carolina,Hampton,554,25,0,32.77419582,-81.13845571,45049.0,2882.114244095308,4.512635379061372,529,553,23,0,530,545,19351,1,2,0,-1,8
2020-09-04,US,South Carolina,Horry,9504,188,0,33.9212828,-78.99555293,45051.0,2684.1315970074647,1.9781144781144784,9316,9462,187,0,9275,9422,344147,42,1,0,41,40
2020-09-04,US,South Carolina,Jasper,699,18,0,32.43171982,-81.02487495,45053.0,2324.3440960329863,2.5751072961373387,681,690,18,0,672,687,28971,9,0,0,9,3
2020-09-04,US,South Carolina,Kershaw,1686,31,0,34.33988254,-80.58763164,45055.0,2533.395441090292,1.8386714116251484,1655,1651,29,0,1622,1636,65592,35,2,0,33,15
2020-09-04,US,South Carolina,Lancaster,1728,43,0,34.68270843,-80.70513032,45057.0,1763.0494225196915,2.4884259259259256,1685,1699,41,0,1658,1685,95380,29,2,0,27,14
2020-09-04,US,South Carolina,Laurens,1518,54,0,34.48244419,-82.00490796,45059.0,2249.1221311839745,3.5573122529644268,1464,1514,54,0,1460,1506,66994,4,0,0,4,8
2020-09-04,US,South Carolina,Lee,668,32,0,34.16393091,-80.25690731,45061.0,3969.5745186593767,4.790419161676646,636,664,32,0,632,655,17142,4,0,0,4,9
2020-09-04,US,South Carolina,Lexington,5983,142,0,33.89665987,-81.27146426,45063.0,2002.6778242677826,2.37339127527996,5841,5906,140,0,5766,5853,295032,77,2,0,75,53
2020-09-04,US,South Carolina,Marion,731,17,0,34.07859748,-79.36400756,45067.0,2384.447271422513,2.3255813953488373,714,723,17,0,706,720,31039,8,0,0,8,3
2020-09-04,US,South Carolina,Marlboro,783,5,0,34.59905577,-79.67561152,45069.0,2997.932460372157,0.6385696040868455,778,768,5,0,763,740,26398,15,0,0,15,28
2020-09-04,US,South Carolina,McCormick,171,5,0,33.90161443,-82.30794338,45065.0,1807.0379372292084,2.9239766081871346,166,168,5,0,163,163,9410,3,0,0,3,5
2020-09-04,US,South Carolina,Newberry,1009,15,0,34.28629098,-81.59935761,45071.0,2624.869927159209,1.4866204162537169,994,998,15,0,983,974,38520,11,0,0,11,24
2020-09-04,US,South Carolina,Oconee,1136,20,0,34.75225169,-83.06742317,45073.0,1428.1044929977622,1.7605633802816902,1116,1117,19,0,1098,1093,78374,19,1,0,18,24
2020-09-04,US,South Carolina,Orangeburg,2865,105,0,33.4391073,-80.79886287,45075.0,3324.6301131418627,3.6649214659685865,2760,2854,103,0,2751,2845,86934,11,2,0,9,9
2020-09-04,US,South Carolina,Pickens,2338,36,0,34.88807695,-82.72791551,45077.0,1842.6279121086973,1.5397775876817792,2302,2320,35,0,2285,2241,124937,18,1,0,17,79
2020-09-04,US,South Carolina,Richland,12012,197,0,34.01791263,-80.90267209,45079.0,2889.173776153974,1.64002664002664,11815,11562,196,0,11366,11440,414576,450,1,0,449,122
2020-09-04,US,South Carolina,Saluda,600,14,0,34.00795823,-81.72713237,45081.0,2930.6892004102965,2.333333333333333,586,589,14,0,575,577,20544,11,0,0,11,12
2020-09-04,US,South Carolina,Spartanburg,5442,166,0,34.92960077,-81.99225984,45083.0,1701.7683756273746,3.0503491363469317,5276,5227,163,0,5064,5128,313888,215,3,0,212,99
2020-09-04,US,South Carolina,Sumter,2899,69,0,33.91826534,-80.37942316,45085.0,2716.428819070286,2.3801310796826494,2830,2885,66,0,2819,2869,106512,14,3,0,11,16
2020-09-04,US,South Carolina,Union,483,9,0,34.68835752,-81.61730349,45087.0,1768.1944647825449,1.8633540372670807,474,469,7,0,462,464,27410,14,2,0,12,5
2020-09-04,US,South Carolina,Williamsburg,1221,39,0,33.62190129,-79.72767442,45089.0,4020.679662802951,3.194103194103194,1182,1211,39,0,1172,1207,30606,10,0,0,10,4
2020-09-04,US,South Carolina,York,4435,51,0,34.97281497,-81.18085944,45091.0,1578.4097743959512,1.1499436302142052,4384,4395,49,0,4346,4340,274118,40,2,0,38,55
2020-09-04,US,South Dakota,Aurora,42,0,0,43.71757685,-98.56050467,46003.0,1526.7175572519086,0.0,42,42,0,0,42,42,2801,0,0,0,0,0
2020-09-04,US,South Dakota,Beadle,644,9,0,44.41464384,-98.27858469,46005.0,3489.9474340215693,1.3975155279503106,635,642,9,0,633,641,18883,2,0,0,2,1
2020-09-04,US,South Dakota,Bennett,30,0,0,43.19486375,-101.6665572,46007.0,891.5304606240712,0.0,30,29,0,0,29,24,3468,1,0,0,1,5
2020-09-04,US,South Dakota,Bon Homme,54,1,0,42.98914167,-97.88592746,46009.0,782.4952905376033,1.851851851851852,53,54,1,0,53,53,6980,0,0,0,0,1
2020-09-04,US,South Dakota,Brookings,431,1,0,44.36974375,-96.79079945,46011.0,1228.7253756022465,0.2320185614849188,430,402,1,0,401,362,35232,29,0,0,29,40
2020-09-04,US,South Dakota,Brown,742,3,0,45.58994323,-98.35165355,46013.0,1910.4508355003989,0.4043126684636119,739,718,3,0,715,696,39316,24,0,0,24,22
2020-09-04,US,South Dakota,Brule,70,0,0,43.71756379,-99.08118954,46015.0,1321.5027373985274,0.0,70,70,0,0,70,68,5229,0,0,0,0,2
2020-09-04,US,South Dakota,Buffalo,110,3,0,44.07657829,-99.20814467,46017.0,5606.523955147808,2.727272727272727,107,110,3,0,107,110,2036,0,0,0,0,0
2020-09-04,US,South Dakota,Butte,51,1,0,44.90608745,-103.5079318,46019.0,489.0209991370217,1.96078431372549,50,52,1,0,51,49,10222,-1,0,0,-1,3
2020-09-04,US,South Dakota,Campbell,4,0,0,45.77074915,-100.0510181,46021.0,290.6976744186046,0.0,4,4,0,0,4,5,1377,0,0,0,0,-1
2020-09-04,US,South Dakota,Charles Mix,122,0,0,43.20660134,-98.58856175,46023.0,1312.9573826947912,0.0,122,122,0,0,122,122,9338,0,0,0,0,0
2020-09-04,US,South Dakota,Clark,21,0,0,44.85834507,-97.72925109,46025.0,562.0985010706638,0.0,21,21,0,0,21,21,3739,0,0,0,0,0
2020-09-04,US,South Dakota,Clay,427,2,0,42.91296147,-96.97656917,46027.0,3034.8258706467664,0.468384074941452,425,413,2,0,411,381,14041,14,0,0,14,32
2020-09-04,US,South Dakota,Codington,399,2,0,44.97788119,-97.18827677,46029.0,1424.5421114641724,0.5012531328320802,397,372,2,0,370,357,28015,27,0,0,27,15
2020-09-04,US,South Dakota,Corson,67,0,0,45.70889983,-101.1970473,46031.0,1639.7454723445915,0.0,67,64,0,0,64,61,4165,3,0,0,3,3
2020-09-04,US,South Dakota,Custer,131,0,0,43.67741105,-103.45345209999999,46033.0,1460.0980829246546,0.0,131,130,0,0,130,130,8726,1,0,0,1,0
2020-09-04,US,South Dakota,Davison,148,2,0,43.67490933,-98.14458906,46035.0,748.4197218710492,1.351351351351351,146,146,2,0,144,142,19790,2,0,0,2,4
2020-09-04,US,South Dakota,Day,43,0,0,45.367281,-97.60737498,46037.0,792.772861356932,0.0,43,39,0,0,39,38,5505,4,0,0,4,1
2020-09-04,US,South Dakota,Deuel,53,0,0,44.75994309,-96.66943645,46039.0,1218.1107791312345,0.0,53,50,0,0,50,49,4337,3,0,0,3,1
2020-09-04,US,South Dakota,Dewey,92,0,0,45.15639647,-100.8709139,46041.0,1561.4392396469784,0.0,92,89,0,0,89,84,5904,3,0,0,3,5
2020-09-04,US,South Dakota,Douglas,32,0,0,43.38520741,-98.36978007,46043.0,1095.51523450873,0.0,32,32,0,0,32,31,2935,0,0,0,0,1
2020-09-04,US,South Dakota,Edmunds,34,0,0,45.41846445,-99.21545423,46045.0,887.9603029511621,0.0,34,34,0,0,34,32,3875,0,0,0,0,2
2020-09-04,US,South Dakota,Fall River,60,1,0,43.23929297,-103.5275691,46047.0,893.7881722031879,1.6666666666666667,59,58,1,0,57,56,6758,2,0,0,2,2
2020-09-04,US,South Dakota,Faulk,36,1,0,45.07082625,-99.14535601,46049.0,1565.8982166159199,2.7777777777777777,35,34,1,0,33,33,2330,2,0,0,2,1
2020-09-04,US,South Dakota,Grant,47,0,0,45.1723937,-96.77002276,46051.0,666.4775950085083,0.0,47,45,0,0,45,44,7147,2,0,0,2,1
2020-09-04,US,South Dakota,Gregory,35,1,0,43.19419064,-99.18883902,46053.0,836.3201911589008,2.8571428571428568,34,34,1,0,33,32,4212,1,0,0,1,2
2020-09-04,US,South Dakota,Haakon,6,0,0,44.29299053,-101.539099,46055.0,315.955766192733,0.0,6,6,0,0,6,6,1918,0,0,0,0,0
2020-09-04,US,South Dakota,Hamlin,65,0,0,44.67385954,-97.18829593,46057.0,1054.510058403634,0.0,65,63,0,0,63,60,6111,2,0,0,2,3
2020-09-04,US,South Dakota,Hand,15,0,0,44.54708407,-99.00386459,46059.0,470.0720777185835,0.0,15,15,0,0,15,15,3262,0,0,0,0,0
2020-09-04,US,South Dakota,Hanson,24,0,0,43.6746384,-97.78715148,46061.0,695.0477845351868,0.0,24,24,0,0,24,23,3376,0,0,0,0,1
2020-09-04,US,South Dakota,Harding,2,0,0,45.58015551,-103.4958629,46063.0,154.08320493066256,0.0,2,2,0,0,2,2,1249,0,0,0,0,0
2020-09-04,US,South Dakota,Hughes,138,4,0,44.39091534,-99.99661148,46065.0,787.4015748031495,2.898550724637681,134,135,4,0,131,133,17650,3,0,0,3,2
2020-09-04,US,South Dakota,Hutchinson,51,1,0,43.33449012,-97.75536441,46067.0,699.49252503086,1.96078431372549,50,49,1,0,48,46,7380,2,0,0,2,3
2020-09-04,US,South Dakota,Hyde,8,0,0,44.54747703,-99.48572582,46069.0,614.9116064565719,0.0,8,8,0,0,8,7,1282,0,0,0,0,1
2020-09-04,US,South Dakota,Jackson,12,1,0,43.69318385,-101.6255063,46071.0,358.85167464114835,8.333333333333334,11,12,1,0,11,12,3307,0,0,0,0,0
2020-09-04,US,South Dakota,Jerauld,44,1,0,44.06637798,-98.62965972,46073.0,2185.792349726776,2.272727272727273,43,43,1,0,42,42,2043,1,0,0,1,1
2020-09-04,US,South Dakota,Jones,5,0,0,43.96278565,-100.6940008,46075.0,553.7098560354374,0.0,5,5,0,0,5,5,928,0,0,0,0,0
2020-09-04,US,South Dakota,Kingsbury,25,0,0,44.36956169,-97.4913945,46077.0,506.17533913747724,0.0,25,24,0,0,24,23,4919,1,0,0,1,1
2020-09-04,US,South Dakota,Lake,122,6,0,44.02193107,-97.12926365,46079.0,953.3484410408687,4.918032786885246,116,118,6,0,112,118,13057,4,0,0,4,0
2020-09-04,US,South Dakota,Lawrence,252,3,0,44.35919441,-103.79294279999999,46081.0,975.0812567713975,1.1904761904761905,249,240,3,0,237,233,25741,12,0,0,12,7
2020-09-04,US,South Dakota,Lincoln,958,2,0,43.27841182,-96.72039050000001,46083.0,1567.2032456484753,0.20876826722338204,956,952,2,0,950,935,58807,6,0,0,6,17
2020-09-04,US,South Dakota,Lyman,104,3,0,43.89522709,-99.85201878,46085.0,2750.5950806664905,2.8846153846153846,101,104,3,0,101,104,3821,0,0,0,0,0
2020-09-04,US,South Dakota,Marshall,19,0,0,45.75870838,-97.59855639,46091.0,385.0050658561297,0.0,19,19,0,0,19,19,5112,0,0,0,0,0
2020-09-04,US,South Dakota,McCook,54,1,0,43.6742571,-97.36863144,46087.0,966.7024704618692,1.851851851851852,53,53,1,0,52,53,5546,1,0,0,1,0
2020-09-04,US,South Dakota,McPherson,11,0,0,45.76626028,-99.22118798,46089.0,462.37915090374105,0.0,11,10,0,0,10,10,2407,1,0,0,1,0
2020-09-04,US,South Dakota,Meade,332,1,0,44.56676791,-102.71627409999999,46093.0,1171.8198503458987,0.3012048192771085,331,324,1,0,323,317,28294,8,0,0,8,7
2020-09-04,US,South Dakota,Mellette,25,0,0,43.58078848,-100.7563186,46095.0,1213.0033964095098,0.0,25,25,0,0,25,25,2042,0,0,0,0,0
2020-09-04,US,South Dakota,Miner,17,0,0,44.02197882,-97.60992207,46097.0,767.1480144404331,0.0,17,17,0,0,17,17,2213,0,0,0,0,0
2020-09-04,US,South Dakota,Minnehaha,5496,71,0,43.67441641,-96.7910885,46099.0,2845.692627916369,1.2918486171761279,5425,5457,70,0,5387,5389,192876,39,1,0,38,68
2020-09-04,US,South Dakota,Moody,48,0,0,44.02266214,-96.67081159,46101.0,729.92700729927,0.0,48,47,0,0,47,47,6579,1,0,0,1,0
2020-09-04,US,South Dakota,Oglala Lakota,187,2,0,43.33749164,-102.55554980000001,46102.0,1319.0378782535092,1.0695187165775402,185,186,2,0,184,185,14309,1,0,0,1,1
2020-09-04,US,South Dakota,Pennington,1560,33,0,44.0025835,-102.8240777,46103.0,1371.1272247857617,2.1153846153846154,1527,1536,33,0,1503,1475,111729,24,0,0,24,61
2020-09-04,US,South Dakota,Perkins,23,0,0,45.49049506,-102.47555859999999,46105.0,802.7923211169284,0.0,23,19,0,0,19,19,2922,4,0,0,4,0
2020-09-04,US,South Dakota,Potter,20,0,0,45.06583079,-99.95498503,46107.0,928.9363678588015,0.0,20,18,0,0,18,18,2207,2,0,0,2,0
2020-09-04,US,South Dakota,Roberts,104,1,0,45.62975048,-96.94672673,46109.0,1000.5772561092938,0.9615384615384616,103,102,1,0,101,100,10447,2,0,0,2,2
2020-09-04,US,South Dakota,Sanborn,16,0,0,44.02351092,-98.09098159999999,46111.0,682.5938566552901,0.0,16,15,0,0,15,16,2429,1,0,0,1,-1
2020-09-04,US,South Dakota,Spink,57,0,0,44.93837606,-98.34626602,46115.0,893.9774153074028,0.0,57,56,0,0,56,54,6495,1,0,0,1,2
2020-09-04,US,South Dakota,Stanley,22,0,0,44.41381872,-100.7349153,46117.0,710.1355713363463,0.0,22,21,0,0,21,21,3022,1,0,0,1,0
2020-09-04,US,South Dakota,Sully,8,0,0,44.71571812,-100.1278092,46119.0,575.1258087706685,0.0,8,8,0,0,8,8,1392,0,0,0,0,0
2020-09-04,US,South Dakota,Todd,86,5,0,43.19338568,-100.71955030000001,46121.0,845.0427434410926,5.813953488372092,81,83,5,0,78,82,10283,3,0,0,3,1
2020-09-04,US,South Dakota,Tripp,25,0,0,43.34459388,-99.8854891,46123.0,459.47436133063775,0.0,25,25,0,0,25,23,5478,0,0,0,0,2
2020-09-04,US,South Dakota,Turner,88,0,0,43.3109081,-97.14865776,46125.0,1049.6183206106869,0.0,88,85,0,0,85,85,8424,3,0,0,3,0
2020-09-04,US,South Dakota,Union,288,5,0,42.83112163,-96.6557828,46127.0,1807.6826512678888,1.7361111111111112,283,280,5,0,275,273,15619,8,0,0,8,7
2020-09-04,US,South Dakota,Walworth,49,0,0,45.43019636,-100.03075140000001,46129.0,901.5639374425025,0.0,49,46,0,0,46,45,5587,3,0,0,3,1
2020-09-04,US,South Dakota,Yankton,252,3,0,43.00924485,-97.39467635,46135.0,1104.584904006312,1.1904761904761905,249,247,3,0,244,245,22869,5,0,0,5,2
2020-09-04,US,South Dakota,Ziebach,53,0,0,44.97881876,-101.6654622,46137.0,1923.0769230769226,0.0,53,52,0,0,52,50,2742,1,0,0,1,2
2020-09-04,US,Tennessee,Anderson,920,8,0,36.12684348,-84.19965764,47001.0,1195.1466652809893,0.8695652173913043,912,915,8,0,907,888,76482,5,0,0,5,27
2020-09-04,US,Tennessee,Bedford,1144,14,0,35.51123746,-86.45549096,47003.0,2301.208939311649,1.2237762237762235,1130,1143,14,0,1129,1137,49038,1,0,0,1,6
2020-09-04,US,Tennessee,Benton,278,6,0,36.07110411,-88.06849355,47005.0,1720.2970297029706,2.1582733812949644,272,269,6,0,263,261,16184,9,0,0,9,8
2020-09-04,US,Tennessee,Bledsoe,797,4,0,35.59942968,-85.20611967,47007.0,5290.759426447159,0.5018820577164367,793,794,4,0,790,782,14755,3,0,0,3,12
2020-09-04,US,Tennessee,Blount,2111,17,0,35.68938198,-83.92847788,47009.0,1586.1685501322436,0.8053055423969683,2094,2076,17,0,2059,2032,131349,35,0,0,35,44
2020-09-04,US,Tennessee,Bradley,2535,16,0,35.15739424,-84.857186,47011.0,2344.833965405605,0.631163708086785,2519,2526,16,0,2510,2524,106727,9,0,0,9,2
2020-09-04,US,Tennessee,Campbell,351,3,0,36.40355516,-84.15108559999999,47013.0,880.9798704884292,0.8547008547008547,348,347,3,0,344,333,39583,4,0,0,4,14
2020-09-04,US,Tennessee,Cannon,222,0,0,35.80990797,-86.05738983,47015.0,1512.4676386428669,0.0,222,216,0,0,216,206,14462,6,0,0,6,10
2020-09-04,US,Tennessee,Carroll,667,9,0,35.97366108,-88.45189331,47017.0,2402.132027226564,1.3493253373313343,658,654,9,0,645,666,28020,13,0,0,13,-12
2020-09-04,US,Tennessee,Carter,959,24,0,36.28969086,-82.12588974,47019.0,1700.6259864162719,2.5026068821689256,935,953,19,0,934,866,56351,6,5,0,1,87
2020-09-04,US,Tennessee,Cheatham,718,10,0,36.26136216,-87.08903581,47021.0,1765.5592986942734,1.3927576601671308,708,719,10,0,709,724,40439,-1,0,0,-1,-5
2020-09-04,US,Tennessee,Chester,441,6,0,35.42527478,-88.6095842,47023.0,2549.5750708215296,1.3605442176870748,435,438,5,0,433,394,17276,3,1,0,2,44
2020-09-04,US,Tennessee,Claiborne,368,3,0,36.48319149,-83.65947309,47025.0,1151.4753277636976,0.8152173913043478,365,364,3,0,361,372,31756,4,0,0,4,-8
2020-09-04,US,Tennessee,Clay,129,2,0,36.55151008,-85.53930419,47027.0,1694.0249507550884,1.5503875968992251,127,128,2,0,126,118,7717,1,0,0,1,10
2020-09-04,US,Tennessee,Cocke,655,7,0,35.9278914,-83.11828725,47029.0,1819.242306410399,1.068702290076336,648,653,7,0,646,652,35774,2,0,0,2,1
2020-09-04,US,Tennessee,Coffee,790,6,0,35.49090731,-86.07311784,47031.0,1397.735314932767,0.7594936708860759,784,783,6,0,777,785,55700,7,0,0,7,-2
2020-09-04,US,Tennessee,Crockett,417,14,0,35.81830662,-89.14916269,47033.0,2930.4286718200983,3.357314148681055,403,410,14,0,396,416,14328,7,0,0,7,-6
2020-09-04,US,Tennessee,Cumberland,970,9,0,35.95271721,-84.99840585,47035.0,1602.7759418374094,0.9278350515463918,961,944,9,0,935,856,59673,26,0,0,26,88
2020-09-04,US,Tennessee,Davidson,23830,261,0,36.17007426,-86.78646056,47037.0,3433.0052553936935,1.0952580780528745,23569,23778,259,0,23519,23703,692587,52,2,0,50,75
2020-09-04,US,Tennessee,DeKalb,498,6,0,35.97616272,-85.83689361,47041.0,2430.453879941435,1.2048192771084338,492,490,6,0,484,482,20138,8,0,0,8,8
2020-09-04,US,Tennessee,Decatur,332,4,0,35.60048904,-88.11043779,47039.0,2846.6089342364744,1.2048192771084338,328,320,4,0,316,317,11706,12,0,0,12,3
2020-09-04,US,Tennessee,Dickson,970,9,0,36.14669837,-87.35891709,47043.0,1798.0277304070587,0.9278350515463918,961,955,9,0,946,932,53446,15,0,0,15,23
2020-09-04,US,Tennessee,Dyer,1025,10,0,36.05931946,-89.41542855,47045.0,2758.416534352377,0.975609756097561,1015,1013,10,0,1003,988,37320,12,0,0,12,25
2020-09-04,US,Tennessee,Fayette,976,11,0,35.19615831,-89.41399032,47047.0,2372.790703328228,1.1270491803278688,965,973,11,0,962,909,40507,3,0,0,3,64
2020-09-04,US,Tennessee,Fentress,278,0,0,36.38128818,-84.92870012,47049.0,1500.8367974950065,0.0,278,269,0,0,269,247,18217,9,0,0,9,22
2020-09-04,US,Tennessee,Franklin,574,4,0,35.15634626,-86.09201039,47051.0,1359.9317664897646,0.6968641114982579,570,567,4,0,563,534,41890,7,0,0,7,33
2020-09-04,US,Tennessee,Gibson,1152,16,0,35.99438059,-88.93358327,47053.0,2344.656340952109,1.3888888888888888,1136,1139,16,0,1123,1160,49045,13,0,0,13,-21
2020-09-04,US,Tennessee,Giles,467,15,0,35.20222469,-87.03992678,47055.0,1584.985066521857,3.2119914346895078,452,464,15,0,449,448,29503,3,0,0,3,16
2020-09-04,US,Tennessee,Grainger,291,1,0,36.27469206,-83.51254721,47057.0,1247.8559176672384,0.3436426116838488,290,283,1,0,282,282,23145,8,0,0,8,1
2020-09-04,US,Tennessee,Greene,890,18,0,36.17470125,-82.84691273,47059.0,1288.5665059578105,2.02247191011236,872,878,18,0,860,857,69087,12,0,0,12,21
2020-09-04,US,Tennessee,Grundy,152,3,0,35.38433717,-85.72142731,47061.0,1132.0473672451033,1.973684210526316,149,153,3,0,150,152,13346,-1,0,0,-1,1
2020-09-04,US,Tennessee,Hamblen,1675,22,0,36.21990035,-83.26586179,47063.0,2579.542304493794,1.3134328358208955,1653,1668,22,0,1646,1668,64569,7,0,0,7,0
2020-09-04,US,Tennessee,Hamilton,8326,77,0,35.17670231,-85.16652245,47065.0,2263.705669323879,0.9248138361758348,8249,8294,77,0,8217,8217,364286,32,0,0,32,77
2020-09-04,US,Tennessee,Hancock,97,2,0,36.52692871,-83.22375847,47067.0,1465.2567975830814,2.061855670103093,95,97,2,0,95,92,6549,0,0,0,0,5
2020-09-04,US,Tennessee,Hardeman,1277,22,0,35.20772017,-88.99161161,47069.0,5097.804391217564,1.7227877838684416,1255,1262,22,0,1240,1256,25220,15,0,0,15,6
2020-09-04,US,Tennessee,Hardin,772,12,0,35.19732531,-88.18593755,47071.0,3009.511928894433,1.5544041450777202,760,760,12,0,748,731,25776,12,0,0,12,29
2020-09-04,US,Tennessee,Hawkins,684,13,0,36.44355426,-82.94885298,47073.0,1204.5222413975275,1.9005847953216373,671,680,13,0,667,679,56530,4,0,0,4,1
2020-09-04,US,Tennessee,Haywood,787,12,0,35.58332824,-89.28536625,47075.0,4548.081368469718,1.5247776365946633,775,779,11,0,768,752,17335,8,1,0,7,27
2020-09-04,US,Tennessee,Henderson,940,10,0,35.65581134,-88.38600175,47077.0,3343.173169257033,1.0638297872340423,930,922,9,0,913,901,27847,18,1,0,17,21
2020-09-04,US,Tennessee,Henry,513,7,0,36.33160906,-88.30121797,47079.0,1586.0256608440257,1.364522417153996,506,493,7,0,486,474,32358,20,0,0,20,19
2020-09-04,US,Tennessee,Hickman,399,4,0,35.80609681,-87.47643507,47081.0,1584.7168162681705,1.0025062656641603,395,396,4,0,392,394,25063,3,0,0,3,2
2020-09-04,US,Tennessee,Houston,113,0,0,36.28872054,-87.71878828,47083.0,1377.8807462504572,0.0,113,111,0,0,111,103,8263,2,0,0,2,8
2020-09-04,US,Tennessee,Humphreys,173,3,0,36.03958805,-87.77992872,47085.0,931.0085028522226,1.7341040462427746,170,168,3,0,165,171,18486,5,0,0,5,-3
2020-09-04,US,Tennessee,Jackson,258,2,0,36.36380466,-85.67239905,47087.0,2189.037841506873,0.7751937984496124,256,250,2,0,248,221,11758,8,0,0,8,29
2020-09-04,US,Tennessee,Jefferson,859,7,0,36.04818632,-83.45148924,47089.0,1576.2914028809982,0.8149010477299186,852,846,7,0,839,830,54012,13,0,0,13,16
2020-09-04,US,Tennessee,Johnson,430,1,0,36.45523950000001,-81.84886538,47091.0,2417.360017989656,0.2325581395348837,429,428,1,0,427,427,17778,2,0,0,2,1
2020-09-04,US,Tennessee,Knox,6863,64,0,35.99508821,-83.94635435,47093.0,1459.2409735644135,0.9325367914906018,6799,6736,63,0,6673,6629,465289,127,1,0,126,107
2020-09-04,US,Tennessee,Lake,844,2,0,36.34180170000001,-89.48921915,47095.0,12029.646522234892,0.23696682464454974,842,844,2,0,842,848,7411,0,0,0,0,-4
2020-09-04,US,Tennessee,Lauderdale,733,12,0,35.75893438,-89.63015909999999,47097.0,2859.595053251668,1.6371077762619373,721,726,12,0,714,728,25825,7,0,0,7,-2
2020-09-04,US,Tennessee,Lawrence,768,9,0,35.21675201,-87.39787695,47099.0,1739.839608536088,1.171875,759,765,9,0,756,776,43734,3,0,0,3,-11
2020-09-04,US,Tennessee,Lewis,146,1,0,35.52853208,-87.49022694,47101.0,1190.0880339093574,0.6849315068493149,145,144,1,0,143,134,12086,2,0,0,2,10
2020-09-04,US,Tennessee,Lincoln,438,1,0,35.13738622,-86.58910106,47103.0,1274.5155095152186,0.22831050228310498,437,432,1,0,431,424,34117,6,0,0,6,8
2020-09-04,US,Tennessee,Loudon,955,4,0,35.73939663,-84.31145275,47105.0,1766.2942960716134,0.418848167539267,951,942,4,0,938,973,53054,13,0,0,13,-31
2020-09-04,US,Tennessee,Macon,935,16,0,36.53157855,-86.00778595,47111.0,3800.504024063084,1.711229946524064,919,930,16,0,914,915,24265,5,0,0,5,15
2020-09-04,US,Tennessee,Madison,1988,46,0,35.61181957,-88.84076036,47113.0,2028.9026779882429,2.3138832997987926,1942,1949,46,0,1903,1882,97605,39,0,0,39,67
2020-09-04,US,Tennessee,Marion,361,7,0,35.12997174,-85.62265895,47115.0,1248.8324627252914,1.9390581717451525,354,356,7,0,349,342,28575,5,0,0,5,14
2020-09-04,US,Tennessee,Marshall,576,4,0,35.45798777,-86.76420988,47117.0,1675.6363636363635,0.6944444444444444,572,577,4,0,573,568,33683,-1,0,0,-1,9
2020-09-04,US,Tennessee,Maury,1831,17,0,35.618741299999996,-87.07462444,47119.0,1899.6337680392585,0.9284543965046422,1814,1822,16,0,1806,1807,94340,9,1,0,8,15
2020-09-04,US,Tennessee,McMinn,840,23,0,35.42812616,-84.61520715,47107.0,1561.5124363311893,2.738095238095238,817,834,23,0,811,817,53285,6,0,0,6,17
2020-09-04,US,Tennessee,McNairy,610,13,0,35.17468549,-88.5647812,47109.0,2374.0951194831478,2.1311475409836067,597,582,13,0,569,583,25832,28,0,0,28,-1
2020-09-04,US,Tennessee,Meigs,171,2,0,35.51558739,-84.81482914,47121.0,1376.5899211077121,1.1695906432748535,169,169,2,0,167,167,12306,2,0,0,2,2
2020-09-04,US,Tennessee,Monroe,848,15,0,35.44550387,-84.24902965,47123.0,1821.892791921796,1.768867924528302,833,828,15,0,813,784,46357,20,0,0,20,44
2020-09-04,US,Tennessee,Montgomery,2555,30,0,36.49609412,-87.38550661,47125.0,1222.528984224352,1.1741682974559686,2525,2536,30,0,2506,2504,205950,19,0,0,19,32
2020-09-04,US,Tennessee,Moore,115,1,0,35.27724699,-86.36230578,47127.0,1772.5030826140567,0.8695652173913043,114,115,1,0,114,97,6411,0,0,0,0,18
2020-09-04,US,Tennessee,Morgan,255,2,0,36.13248031,-84.64880098,47129.0,1191.4217633042094,0.7843137254901961,253,248,2,0,246,220,21579,7,0,0,7,28
2020-09-04,US,Tennessee,Obion,908,8,0,36.35732446,-89.14921589,47131.0,3019.721307659051,0.8810572687224669,900,883,8,0,875,837,30267,25,0,0,25,46
2020-09-04,US,Tennessee,Out of TN,2477,24,0,0.0,0.0,80047.0,0.0,0.9689140088817118,2453,2518,24,0,2494,3010,,-41,0,0,-41,-492
2020-09-04,US,Tennessee,Overton,519,2,0,36.34117832,-85.28989535,47133.0,2333.528168697451,0.3853564547206166,517,505,2,0,503,450,22068,14,0,0,14,55
2020-09-04,US,Tennessee,Perry,117,0,0,35.63708728,-87.86139634,47135.0,1448.7369985141156,0.0,117,114,0,0,114,113,8064,3,0,0,3,1
2020-09-04,US,Tennessee,Pickett,73,1,0,36.55606529,-85.07763299999998,47137.0,1446.1172741679873,1.3698630136986298,72,72,1,0,71,68,5082,1,0,0,1,4
2020-09-04,US,Tennessee,Polk,344,10,0,35.12245443,-84.52075859,47139.0,2043.726235741445,2.9069767441860463,334,344,10,0,334,335,16898,0,0,0,0,9
2020-09-04,US,Tennessee,Putnam,2415,29,0,36.14005459,-85.50646123,47141.0,3009.533304255717,1.2008281573498965,2386,2384,29,0,2355,2429,78843,31,0,0,31,-45
2020-09-04,US,Tennessee,Rhea,663,5,0,35.60536161,-84.93076643,47143.0,1998.9748846745251,0.7541478129713424,658,663,5,0,658,672,33044,0,0,0,0,-9
2020-09-04,US,Tennessee,Roane,669,2,0,35.84923189,-84.52458689,47145.0,1253.2314263234798,0.2989536621823617,667,662,2,0,660,671,53140,7,0,0,7,-9
2020-09-04,US,Tennessee,Robertson,1956,29,0,36.52454807,-86.87346725,47147.0,2723.740826869787,1.4826175869120657,1927,1942,29,0,1913,1908,71012,14,0,0,14,34
2020-09-04,US,Tennessee,Rutherford,8059,77,0,35.84591405,-86.4107263,47149.0,2425.327655476473,0.9554535302146668,7982,8018,73,0,7945,7930,324890,41,4,0,37,88
2020-09-04,US,Tennessee,Scott,166,2,0,36.42325673,-84.50360494,47151.0,752.2204096429217,1.2048192771084338,164,163,2,0,161,160,22039,3,0,0,3,3
2020-09-04,US,Tennessee,Sequatchie,168,2,0,35.36979721,-85.41022136,47153.0,1118.0620258219087,1.1904761904761905,166,167,2,0,165,149,14876,1,0,0,1,18
2020-09-04,US,Tennessee,Sevier,2302,13,0,35.78077323,-83.52244332,47155.0,2343.002544529262,0.5647263249348393,2289,2283,13,0,2270,2278,97892,19,0,0,19,5
2020-09-04,US,Tennessee,Shelby,27474,398,0,35.1864775,-89.89692423,47157.0,2931.6044329393085,1.4486423527698915,27076,27410,393,0,27017,27264,935764,64,5,0,59,146
2020-09-04,US,Tennessee,Smith,559,8,0,36.25359775,-85.95411046,47159.0,2773.230143374509,1.4311270125223614,551,549,8,0,541,525,19942,10,0,0,10,24
2020-09-04,US,Tennessee,Stewart,103,0,0,36.50235092,-87.83920548,47161.0,751.0025519504193,0.0,103,102,0,0,102,98,13561,1,0,0,1,4
2020-09-04,US,Tennessee,Sullivan,1820,26,0,36.51240691,-82.30412917,47163.0,1149.3672165104704,1.4285714285714286,1794,1800,26,0,1774,1730,157668,20,0,0,20,70
2020-09-04,US,Tennessee,Sumner,4220,87,0,36.46824103,-86.45917204,47165.0,2206.1552777821344,2.061611374407583,4133,4192,86,0,4106,4136,187149,28,1,0,27,56
2020-09-04,US,Tennessee,Tipton,1522,15,0,35.501942,-89.73694895,47167.0,2470.819331482654,0.9855453350854141,1507,1518,15,0,1503,1481,61581,4,0,0,4,37
2020-09-04,US,Tennessee,Trousdale,1630,7,0,36.39026213,-86.16087954,47169.0,14445.232187167669,0.4294478527607362,1623,1627,6,0,1621,1619,11012,3,1,0,2,8
2020-09-04,US,Tennessee,Unassigned,3702,7,0,0.0,0.0,90047.0,0.0,0.18908698001080496,3695,3718,10,0,3708,3320,,-16,-3,0,-13,398
2020-09-04,US,Tennessee,Unicoi,232,1,0,36.10890856,-82.43709629,47171.0,1297.3214784991333,0.4310344827586207,231,230,1,0,229,232,17761,2,0,0,2,-2
2020-09-04,US,Tennessee,Union,245,1,0,36.28590426,-83.83651902,47173.0,1226.7174043661125,0.4081632653061225,244,244,1,0,243,229,19688,1,0,0,1,15
2020-09-04,US,Tennessee,Van Buren,104,0,0,35.69864497,-85.45221699,47175.0,1771.117166212534,0.0,104,107,0,0,107,90,5765,-3,0,0,-3,17
2020-09-04,US,Tennessee,Warren,894,7,0,35.672829899999996,-85.77969117,47177.0,2165.855076677084,0.7829977628635347,887,873,7,0,866,879,40878,21,0,0,21,-6
2020-09-04,US,Tennessee,Washington,1773,14,0,36.29472368,-82.49454720000001,47179.0,1370.4347826086955,0.7896221094190637,1759,1766,13,0,1753,1812,128607,7,1,0,6,-46
2020-09-04,US,Tennessee,Wayne,1485,2,0,35.23868267,-87.78644456,47181.0,8906.615486115275,0.13468013468013468,1483,1499,2,0,1497,1450,16558,-14,0,0,-14,49
2020-09-04,US,Tennessee,Weakley,939,13,0,36.29896232,-88.71990865,47183.0,2817.450792126741,1.384451544195953,926,924,13,0,911,868,33415,15,0,0,15,56
2020-09-04,US,Tennessee,White,608,7,0,35.92929884,-85.45591799,47185.0,2223.441214115926,1.1513157894736843,601,599,7,0,592,586,27107,9,0,0,9,13
2020-09-04,US,Tennessee,Williamson,4455,30,0,35.89099229,-86.89281867,47187.0,1868.6139959398017,0.6734006734006734,4425,4424,29,0,4395,4465,231729,31,1,0,30,-41
2020-09-04,US,Tennessee,Wilson,2954,31,0,36.15496772,-86.29775884,47189.0,2042.0719356823377,1.0494245091401488,2923,2943,31,0,2912,2900,140625,11,0,0,11,43
2020-09-04,US,Texas,Anderson,2538,18,0,31.81534745,-95.65354823,48001.0,4395.946999220577,0.7092198581560284,2520,2519,18,0,2501,2527,58057,19,0,0,19,-8
2020-09-04,US,Texas,Andrews,386,8,0,32.30468633,-102.63765479999999,48003.0,2063.6193531141407,2.0725388601036268,378,377,8,0,369,374,18128,9,0,0,9,3
2020-09-04,US,Texas,Angelina,2013,70,0,31.25457347,-94.60901487,48005.0,2321.397682061927,3.4773969200198707,1943,2013,69,0,1944,2013,87092,0,1,0,-1,0
2020-09-04,US,Texas,Aransas,293,18,0,28.10556197,-96.9995047,48007.0,1246.2781794980858,6.143344709897611,275,215,18,0,197,217,23792,78,0,0,78,-2
2020-09-04,US,Texas,Archer,58,1,0,33.61569967,-98.68754589,48009.0,678.1246346311236,1.7241379310344829,57,56,1,0,55,53,8786,2,0,0,2,3
2020-09-04,US,Texas,Armstrong,11,0,0,34.96507426,-101.35748740000001,48011.0,582.9358770535241,0.0,11,11,0,0,11,11,1892,0,0,0,0,0
2020-09-04,US,Texas,Atascosa,576,28,0,28.89333001,-98.52730485,48013.0,1126.0336637147384,4.861111111111111,548,576,27,0,549,572,50310,0,1,0,-1,4
2020-09-04,US,Texas,Austin,434,6,0,29.88548725,-96.27736949,48015.0,1445.125199786894,1.3824884792626728,428,419,6,0,413,419,29989,15,0,0,15,0
2020-09-04,US,Texas,Bailey,203,4,0,34.06854817,-102.8299707,48017.0,2900.0,1.9704433497536944,199,202,4,0,198,202,7027,1,0,0,1,0
2020-09-04,US,Texas,Bandera,109,6,0,29.74619598,-99.24598147,48019.0,471.61647628937345,5.504587155963303,103,109,6,0,103,109,22824,0,0,0,0,0
2020-09-04,US,Texas,Bastrop,1633,27,0,30.10370699,-97.31206354,48021.0,1840.5599449973513,1.6533986527862832,1606,1616,27,0,1589,1608,86976,17,0,0,17,8
2020-09-04,US,Texas,Baylor,15,0,0,33.61640794,-99.21352901,48023.0,427.4722143060701,0.0,15,15,0,0,15,15,3582,0,0,0,0,0
2020-09-04,US,Texas,Bee,1792,24,0,28.41761668,-97.74215593,48025.0,5502.840472900353,1.3392857142857142,1768,1643,24,0,1619,1621,32587,149,0,0,149,22
2020-09-04,US,Texas,Bell,4974,67,0,31.03736027,-97.4785025,48027.0,1370.5348778256605,1.347004422999598,4907,4942,65,0,4877,4896,355642,32,2,0,30,46
2020-09-04,US,Texas,Bexar,47184,1145,0,29.44928723,-98.52019748,48029.0,2355.0151380995967,2.42667005764666,46039,47070,1136,0,45934,46913,1986049,114,9,0,105,157
2020-09-04,US,Texas,Blanco,132,5,0,30.26640707,-98.3999852,48031.0,1106.3615790797082,3.787878787878788,127,129,5,0,124,129,11702,3,0,0,3,0
2020-09-04,US,Texas,Bosque,240,5,0,31.89978581,-97.63613524,48035.0,1284.4527696012844,2.083333333333333,235,232,5,0,227,229,18691,8,0,0,8,3
2020-09-04,US,Texas,Bowie,1013,44,0,33.44626922,-94.41834132,48037.0,1086.3853289720628,4.343534057255677,969,968,44,0,924,969,94324,45,0,0,45,-1
2020-09-04,US,Texas,Brazoria,9670,145,0,29.18757369,-95.44563172,48039.0,2583.737682491503,1.499482936918304,9525,9591,143,0,9448,9592,370200,79,2,0,77,-1
2020-09-04,US,Texas,Brazos,5100,57,0,30.663644800000004,-96.30205577,48041.0,2225.0241044277977,1.1176470588235294,5043,4975,57,0,4918,4872,226758,125,0,0,125,103
2020-09-04,US,Texas,Brewster,203,2,0,29.81008251,-103.25203259999999,48043.0,2205.8024557209606,0.9852216748768472,201,203,2,0,201,203,9267,0,0,0,0,0
2020-09-04,US,Texas,Briscoe,12,1,0,34.53026962,-101.2084947,48045.0,776.1966364812421,8.333333333333334,11,12,1,0,11,12,1516,0,0,0,0,0
2020-09-04,US,Texas,Brooks,269,16,0,27.03103197,-98.21808402,48047.0,3792.4714507260683,5.947955390334573,253,251,16,0,235,239,7114,18,0,0,18,12
2020-09-04,US,Texas,Brown,491,20,0,31.77430356,-98.99907113,48049.0,1296.746249735897,4.073319755600815,471,488,20,0,468,483,37924,3,0,0,3,5
2020-09-04,US,Texas,Burleson,296,6,0,30.49273808,-96.62158484,48051.0,1604.9449655695928,2.0270270270270268,290,293,6,0,287,293,18389,3,0,0,3,0
2020-09-04,US,Texas,Burnet,664,12,0,30.78801353,-98.181887,48053.0,1378.8806977468591,1.8072289156626504,652,669,12,0,657,675,47542,-5,0,0,-5,-6
2020-09-04,US,Texas,Caldwell,1281,34,0,29.83668859,-97.61814775,48055.0,2933.7669475998528,2.6541764246682282,1247,1255,34,0,1221,1248,43247,26,0,0,26,7
2020-09-04,US,Texas,Calhoun,614,7,0,28.47048236,-96.61633945,48057.0,2883.9830906528887,1.1400651465798046,607,614,7,0,607,611,21561,0,0,0,0,3
2020-09-04,US,Texas,Callahan,73,3,0,32.29760619,-99.37326312,48059.0,523.5602094240837,4.109589041095891,70,72,3,0,69,71,13994,1,0,0,1,1
2020-09-04,US,Texas,Cameron,21460,806,0,26.14524221,-97.48140372,48061.0,5071.331850847073,3.755824790307549,20654,21342,793,0,20549,21211,423908,118,13,0,105,131
2020-09-04,US,Texas,Camp,318,8,0,32.97195142,-94.97790104,48063.0,2428.593248816252,2.5157232704402515,310,316,8,0,308,316,13033,2,0,0,2,0
2020-09-04,US,Texas,Carson,17,0,0,35.40365929,-101.35426690000001,48065.0,286.87141410732363,0.0,17,17,0,0,17,17,6005,0,0,0,0,0
2020-09-04,US,Texas,Cass,262,12,0,33.07499881,-94.34646905,48067.0,872.5770998467995,4.580152671755725,250,261,12,0,249,261,30119,1,0,0,1,0
2020-09-04,US,Texas,Castro,231,4,0,34.53016752,-102.2617243,48069.0,3067.7290836653387,1.7316017316017316,227,231,4,0,227,229,7665,0,0,0,0,2
2020-09-04,US,Texas,Chambers,1166,5,0,29.70972016,-94.67154501,48071.0,2659.8535483723795,0.4288164665523156,1161,1166,5,0,1161,1155,42454,0,0,0,0,11
2020-09-04,US,Texas,Cherokee,1444,19,0,31.837258000000002,-95.16559897,48073.0,2742.848459522091,1.3157894736842106,1425,1432,18,0,1414,1427,52592,12,1,0,11,5
2020-09-04,US,Texas,Childress,60,0,0,34.529304100000004,-100.2077916,48075.0,821.2428141253764,0.0,60,57,0,0,57,57,7291,3,0,0,3,0
2020-09-04,US,Texas,Clay,70,1,0,33.78686685,-98.20771198,48077.0,668.5130360042019,1.4285714285714286,69,69,1,0,68,69,10456,1,0,0,1,0
2020-09-04,US,Texas,Cochran,40,1,0,33.60425307,-102.82844990000001,48079.0,1402.0329477742728,2.5,39,39,1,0,38,37,2836,1,0,0,1,2
2020-09-04,US,Texas,Coke,49,3,0,31.88911733,-100.5297533,48081.0,1446.7080011809862,6.1224489795918355,46,49,3,0,46,49,3370,0,0,0,0,0
2020-09-04,US,Texas,Coleman,56,3,0,31.76736834,-99.45240766,48083.0,685.0152905198778,5.357142857142857,53,55,2,0,53,54,8397,1,1,0,0,1
2020-09-04,US,Texas,Collin,11306,115,0,33.18820114,-96.57264368,48085.0,1092.6521894600523,1.0171590306032194,11191,11198,114,0,11084,11119,1005146,108,1,0,107,79
2020-09-04,US,Texas,Collingsworth,17,0,0,34.96489496,-100.27001109999999,48087.0,582.1917808219179,0.0,17,16,0,0,16,16,2962,1,0,0,1,0
2020-09-04,US,Texas,Colorado,466,4,0,29.622097999999998,-96.5273805,48089.0,2168.147769041083,0.8583690987124464,462,448,4,0,444,448,21217,18,0,0,18,0
2020-09-04,US,Texas,Comal,2440,97,0,29.80811278,-98.27647225,48091.0,1562.0098713902528,3.9754098360655736,2343,2395,96,0,2299,2382,148373,45,1,0,44,13
2020-09-04,US,Texas,Comanche,218,3,0,31.94854689,-98.55876441,48093.0,1598.8265493215988,1.3761467889908257,215,218,3,0,215,218,13534,0,0,0,0,0
2020-09-04,US,Texas,Concho,58,1,0,31.32635934,-99.86473038,48095.0,2127.659574468085,1.7241379310344829,57,58,1,0,57,58,4276,0,0,0,0,0
2020-09-04,US,Texas,Cooke,335,5,0,33.63979567,-97.21240912,48097.0,811.9834209952251,1.492537313432836,330,335,4,0,331,331,40574,0,1,0,-1,4
2020-09-04,US,Texas,Coryell,1443,10,0,31.39078397,-97.79936155,48099.0,1899.909151953233,0.693000693000693,1433,1436,10,0,1426,1432,74808,7,0,0,7,4
2020-09-04,US,Texas,Cottle,18,2,0,34.07783319,-100.27850620000001,48101.0,1287.5536480686694,11.111111111111109,16,18,2,0,16,18,1389,0,0,0,0,0
2020-09-04,US,Texas,Crane,71,2,0,31.43052248,-102.5143314,48103.0,1480.091723994163,2.8169014084507036,69,71,2,0,69,71,4794,0,0,0,0,0
2020-09-04,US,Texas,Crockett,162,6,0,30.72367027,-101.4134238,48105.0,4676.674364896075,3.703703703703704,156,162,6,0,156,162,3499,0,0,0,0,0
2020-09-04,US,Texas,Crosby,81,1,0,33.61431553,-101.30003640000001,48107.0,1411.8877462088199,1.2345679012345678,80,81,1,0,80,81,5779,0,0,0,0,0
2020-09-04,US,Texas,Culberson,37,2,0,31.44506775,-104.5185739,48109.0,1704.283740211884,5.405405405405406,35,36,2,0,34,35,2204,1,0,0,1,1
2020-09-04,US,Texas,Dallam,210,8,0,36.27787176,-102.60207249999999,48111.0,2881.844380403458,3.809523809523809,202,211,8,0,203,210,7200,-1,0,0,-1,1
2020-09-04,US,Texas,Dallas,73055,991,0,32.76670599,-96.77796049999999,48113.0,2771.942951588987,1.3565122168229415,72064,72610,984,0,71626,72610,2637772,445,7,0,438,0
2020-09-04,US,Texas,Dawson,237,8,0,32.74255572,-101.94772420000001,48115.0,1862.0364550597108,3.3755274261603376,229,230,8,0,222,228,12619,7,0,0,7,2
2020-09-04,US,Texas,DeWitt,870,25,0,29.08101855,-97.35681170000001,48123.0,4315.476190476191,2.8735632183908044,845,870,25,0,845,850,20187,0,0,0,0,20
2020-09-04,US,Texas,Deaf Smith,816,20,0,34.96522957,-102.6054267,48117.0,4399.8705920414095,2.4509803921568634,796,809,20,0,789,808,18760,7,0,0,7,1
2020-09-04,US,Texas,Delta,18,0,0,33.38570922,-95.66921122,48119.0,337.64772087788407,0.0,18,17,0,0,17,17,5349,1,0,0,1,0
2020-09-04,US,Texas,Denton,10514,135,0,33.20521901,-97.11691153,48121.0,1185.0672954564156,1.2840022826707247,10379,10422,135,0,10287,10340,859064,92,0,0,92,82
2020-09-04,US,Texas,Dickens,45,1,0,33.61616822,-100.7788855,48125.0,2035.2781546811402,2.2222222222222223,44,44,1,0,43,39,2249,1,0,0,1,5
2020-09-04,US,Texas,Dimmit,186,7,0,28.42270064,-99.75645095,48127.0,1837.2184907151322,3.7634408602150535,179,186,6,0,180,183,10308,0,1,0,-1,3
2020-09-04,US,Texas,Donley,55,1,0,34.96517499,-100.8140093,48129.0,1677.8523489932886,1.818181818181818,54,55,1,0,54,55,3319,0,0,0,0,0
2020-09-04,US,Texas,Duval,358,10,0,27.68184592,-98.50864568,48131.0,3208.7478712915668,2.793296089385475,348,351,10,0,341,331,11212,7,0,0,7,20
2020-09-04,US,Texas,Eastland,120,3,0,32.32743996,-98.83243566,48133.0,653.59477124183,2.5,117,118,3,0,115,117,18322,2,0,0,2,1
2020-09-04,US,Texas,Ector,4353,73,0,31.86898877,-102.54294279999999,48135.0,2618.771168851483,1.6770043648058808,4280,4323,73,0,4250,4302,162124,30,0,0,30,21
2020-09-04,US,Texas,Edwards,34,1,0,29.98202582,-100.304252,48137.0,1759.8343685300208,2.9411764705882355,33,34,1,0,33,34,1928,0,0,0,0,0
2020-09-04,US,Texas,El Paso,20686,449,0,31.76980765,-106.23632749999999,48141.0,2464.855023247279,2.170550130523059,20237,20686,446,0,20240,20611,840758,0,3,0,-3,75
2020-09-04,US,Texas,Ellis,3856,60,0,32.34894117,-96.79371841,48139.0,2086.2865614145194,1.5560165975103737,3796,3843,58,0,3785,3828,179436,13,2,0,11,15
2020-09-04,US,Texas,Erath,712,10,0,32.23602653,-98.21773417,48143.0,1667.5254110262774,1.404494382022472,702,706,10,0,696,704,42446,6,0,0,6,2
2020-09-04,US,Texas,Falls,173,3,0,31.25350609,-96.93630086,48145.0,1000.1734404810084,1.7341040462427746,170,172,3,0,169,169,17335,1,0,0,1,3
2020-09-04,US,Texas,Fannin,612,12,0,33.59564294,-96.10751083,48147.0,1723.2640648758234,1.96078431372549,600,611,12,0,599,606,35286,1,0,0,1,5
2020-09-04,US,Texas,Fayette,474,17,0,29.87788372,-96.92076062,48149.0,1870.117572792551,3.586497890295359,457,474,17,0,457,469,25349,0,0,0,0,5
2020-09-04,US,Texas,Fisher,60,1,0,32.74281316,-100.40193020000001,48151.0,1566.579634464752,1.6666666666666667,59,60,1,0,59,59,3839,0,0,0,0,1
2020-09-04,US,Texas,Floyd,99,9,0,34.07227468,-101.3031546,48153.0,1733.1932773109245,9.090909090909092,90,99,8,0,91,99,5837,0,1,0,-1,0
2020-09-04,US,Texas,Foard,3,0,0,33.97308618,-99.7767797,48155.0,259.7402597402597,0.0,3,3,0,0,3,3,1200,0,0,0,0,0
2020-09-04,US,Texas,Fort Bend,15100,244,0,29.52704478,-95.77219463,48157.0,1860.3207143631546,1.6158940397350994,14856,15081,243,0,14838,15036,787858,19,1,0,18,45
2020-09-04,US,Texas,Franklin,117,6,0,33.17653242,-95.21917243,48159.0,1090.909090909091,5.128205128205129,111,116,6,0,110,116,10766,1,0,0,1,0
2020-09-04,US,Texas,Freestone,389,1,0,31.70422788,-96.15072516,48161.0,1972.916772328448,0.2570694087403599,388,388,1,0,387,386,19808,1,0,0,1,2
2020-09-04,US,Texas,Frio,644,7,0,28.86751206,-99.10804207,48163.0,3171.4764109130306,1.0869565217391304,637,641,7,0,634,641,19816,3,0,0,3,0
2020-09-04,US,Texas,Gaines,264,8,0,32.74055318,-102.6353295,48165.0,1228.3640424343942,3.0303030303030303,256,262,7,0,255,258,20901,2,1,0,1,4
2020-09-04,US,Texas,Galveston,10780,143,0,29.40167322,-94.90469073,48167.0,3150.766209055384,1.326530612244898,10637,10715,143,0,10572,10646,337890,65,0,0,65,69
2020-09-04,US,Texas,Garza,102,3,0,33.17969345,-101.2984114,48169.0,1637.5020067426553,2.9411764705882355,99,102,3,0,99,102,6578,0,0,0,0,0
2020-09-04,US,Texas,Gillespie,205,7,0,30.31824095,-98.94676915,48171.0,759.5968578627537,3.414634146341464,198,203,7,0,196,202,26804,2,0,0,2,1
2020-09-04,US,Texas,Glasscock,6,0,0,31.86942909,-101.5207776,48173.0,425.83392476934,0.0,6,6,0,0,6,6,1388,0,0,0,0,0
2020-09-04,US,Texas,Goliad,121,6,0,28.65696592,-97.42760647,48175.0,1580.0470096630975,4.958677685950414,115,121,6,0,115,121,7584,0,0,0,0,0
2020-09-04,US,Texas,Gonzales,819,13,0,29.45634206,-97.49424032,48177.0,3930.508230551423,1.5873015873015872,806,818,13,0,805,817,20826,1,0,0,1,1
2020-09-04,US,Texas,Gray,249,5,0,35.40081878,-100.8129222,48179.0,1137.7136068719728,2.0080321285140563,244,246,4,0,242,244,21895,3,1,0,2,2
2020-09-04,US,Texas,Grayson,1550,29,0,33.62744998,-96.67753461,48181.0,1137.9320471030453,1.870967741935484,1521,1532,29,0,1503,1527,133991,18,0,0,18,5
2020-09-04,US,Texas,Gregg,1952,51,0,32.47940482,-94.81591935,48183.0,1574.8920892331275,2.612704918032787,1901,1936,51,0,1885,1926,123707,16,0,0,16,10
2020-09-04,US,Texas,Grimes,998,31,0,30.54579585,-95.98902499,48185.0,3455.678670360111,3.1062124248497,967,1000,31,0,969,995,28360,-2,0,0,-2,5
2020-09-04,US,Texas,Guadalupe,1903,74,0,29.58165339,-97.94786822,48187.0,1140.5659076878815,3.8885969521807673,1829,1903,74,0,1829,1901,163694,0,0,0,0,2
2020-09-04,US,Texas,Hale,1675,49,0,34.07044901,-101.82681140000001,48189.0,5014.069328863078,2.925373134328358,1626,1667,47,0,1620,1644,33830,8,2,0,6,23
2020-09-04,US,Texas,Hall,16,1,0,34.5307555,-100.68138520000001,48191.0,539.8110661268556,6.25,15,16,1,0,15,16,3028,0,0,0,0,0
2020-09-04,US,Texas,Hamilton,105,3,0,31.70470573,-98.11083887,48193.0,1240.9880628767285,2.8571428571428568,102,105,3,0,102,105,8484,0,0,0,0,0
2020-09-04,US,Texas,Hansford,104,3,0,36.27743284,-101.3545796,48195.0,1926.2826449342472,2.8846153846153846,101,103,3,0,100,102,5463,1,0,0,1,1
2020-09-04,US,Texas,Hardeman,22,0,0,34.28944521,-99.74632408,48197.0,559.3694380879734,0.0,22,22,0,0,22,22,3922,0,0,0,0,0
2020-09-04,US,Texas,Hardin,1195,21,0,30.33364686,-94.38931817,48199.0,2074.580743724176,1.7573221757322175,1174,1181,21,0,1160,1166,57207,14,0,0,14,15
2020-09-04,US,Texas,Harris,109834,2300,0,29.85864939,-95.39339521,48201.0,2330.2870054579307,2.094069231749732,107534,108819,2281,0,106538,108085,4698619,1015,19,0,996,734
2020-09-04,US,Texas,Harrison,816,28,0,32.54935988,-94.36934071,48203.0,1226.09048427569,3.431372549019608,788,811,28,0,783,809,66726,5,0,0,5,2
2020-09-04,US,Texas,Hartley,104,0,0,35.84008013,-102.6029022,48205.0,1865.1362984218079,0.0,104,104,0,0,104,102,5619,0,0,0,0,2
2020-09-04,US,Texas,Haskell,56,2,0,33.17823584,-99.73037358,48207.0,989.7490279250619,3.571428571428572,54,56,2,0,54,55,5813,0,0,0,0,1
2020-09-04,US,Texas,Hays,5471,58,0,30.05669873,-98.02944344,48209.0,2376.7219396066744,1.0601352586364468,5413,5446,58,0,5388,5425,222631,25,0,0,25,21
2020-09-04,US,Texas,Hemphill,64,0,0,35.83764858,-100.2703577,48211.0,1675.8313694684473,0.0,64,60,0,0,60,58,3825,4,0,0,4,2
2020-09-04,US,Texas,Henderson,842,18,0,32.21128872,-95.85846587,48213.0,1017.6825362292566,2.1377672209026133,824,834,17,0,817,830,82299,8,1,0,7,4
2020-09-04,US,Texas,Hidalgo,28369,1250,0,26.39418217,-98.18299696,48215.0,3265.658041203766,4.406218054919101,27119,28178,1233,0,26945,27908,865939,191,17,0,174,270
2020-09-04,US,Texas,Hill,390,11,0,31.99045053,-97.13423143,48217.0,1064.1490900160986,2.8205128205128207,379,383,11,0,372,378,36354,7,0,0,7,5
2020-09-04,US,Texas,Hockley,281,5,0,33.60771256,-102.3431676,48219.0,1220.6246470613787,1.7793594306049825,276,278,5,0,273,272,22980,3,0,0,3,6
2020-09-04,US,Texas,Hood,794,23,0,32.42990927,-97.83242024,48221.0,1288.0619048391545,2.896725440806045,771,791,23,0,768,789,60537,3,0,0,3,2
2020-09-04,US,Texas,Hopkins,253,8,0,33.14875072,-95.56351139,48223.0,682.2349261136877,3.1620553359683794,245,251,8,0,243,250,36810,2,0,0,2,1
2020-09-04,US,Texas,Houston,342,9,0,31.31925973,-95.42226208,48225.0,1489.0282131661445,2.631578947368421,333,342,9,0,333,341,23169,0,0,0,0,1
2020-09-04,US,Texas,Howard,302,8,0,32.30621324,-101.4356444,48227.0,823.6962688195505,2.6490066225165565,294,285,8,0,277,280,36459,17,0,0,17,5
2020-09-04,US,Texas,Hudspeth,39,2,0,31.45628381,-105.388178,48229.0,798.1989357347524,5.128205128205129,37,39,2,0,37,39,4795,0,0,0,0,0
2020-09-04,US,Texas,Hunt,1450,31,0,33.12351514,-96.08551032,48231.0,1470.6777288678825,2.1379310344827585,1419,1441,30,0,1411,1429,96493,9,1,0,8,12
2020-09-04,US,Texas,Hutchinson,150,3,0,35.84006574,-101.3546643,48233.0,716.4008023688988,2.0,147,150,3,0,147,148,21198,0,0,0,0,2
2020-09-04,US,Texas,Irion,10,0,0,31.30375559,-100.982439,48235.0,651.0416666666666,0.0,10,10,0,0,10,10,1522,0,0,0,0,0
2020-09-04,US,Texas,Jack,128,1,0,33.23377248,-98.17283469,48237.0,1432.5685506435364,0.78125,127,128,1,0,127,127,8843,0,0,0,0,1
2020-09-04,US,Texas,Jackson,505,14,0,28.95472367,-96.57749563,48239.0,3421.409214092141,2.7722772277227716,491,505,14,0,491,503,14874,0,0,0,0,2
2020-09-04,US,Texas,Jasper,411,19,0,30.74685667,-94.02667579,48241.0,1156.8014861099384,4.622871046228711,392,410,19,0,391,406,35872,1,0,0,1,4
2020-09-04,US,Texas,Jeff Davis,14,0,0,30.71490589,-104.1399973,48243.0,615.6552330694811,0.0,14,13,0,0,13,13,2252,1,0,0,1,0
2020-09-04,US,Texas,Jefferson,6722,109,0,29.8832777,-94.16434171,48245.0,2672.072824121003,1.6215412079738174,6613,6680,107,0,6573,6659,255001,42,2,0,40,21
2020-09-04,US,Texas,Jim Hogg,79,2,0,27.04453923,-98.69681870000001,48247.0,1519.2307692307693,2.5316455696202533,77,79,2,0,77,79,5248,0,0,0,0,0
2020-09-04,US,Texas,Jim Wells,1312,26,0,27.73103938,-98.0904705,48249.0,3240.9465935477497,1.9817073170731707,1286,1088,24,0,1064,1057,40822,224,2,0,222,31
2020-09-04,US,Texas,Johnson,2577,45,0,32.37877812,-97.36615819,48251.0,1465.728570047265,1.7462165308498254,2532,2564,45,0,2519,2554,171361,13,0,0,13,10
2020-09-04,US,Texas,Jones,601,0,0,32.73997145,-99.87861576,48253.0,2992.580789722651,0.0,601,599,0,0,599,598,19817,2,0,0,2,1
2020-09-04,US,Texas,Karnes,750,13,0,28.90705334,-97.85960149,48255.0,4807.384142042177,1.7333333333333334,737,746,12,0,734,747,15650,4,1,0,3,-1
2020-09-04,US,Texas,Kaufman,2839,41,0,32.599141700000004,-96.28734728,48257.0,2085.138886848716,1.4441704825642832,2798,2833,41,0,2792,2827,128622,6,0,0,6,6
2020-09-04,US,Texas,Kendall,197,5,0,29.94414155,-98.7113588,48259.0,415.3401783643608,2.538071065989848,192,197,5,0,192,195,45641,0,0,0,0,2
2020-09-04,US,Texas,Kenedy,8,1,0,26.92601662,-97.66413984,48261.0,1980.1980198019805,12.5,7,7,1,0,6,7,442,1,0,0,1,0
2020-09-04,US,Texas,Kent,7,0,0,33.18104136,-100.7780939,48263.0,918.6351706036743,0.0,7,7,0,0,7,7,726,0,0,0,0,0
2020-09-04,US,Texas,Kerr,439,9,0,30.06040006,-99.34930144,48265.0,834.6007604562737,2.050113895216401,430,439,9,0,430,438,52405,0,0,0,0,1
2020-09-04,US,Texas,Kimble,16,1,0,30.48678918,-99.74856473,48267.0,368.9186073322573,6.25,15,16,1,0,15,16,4362,0,0,0,0,0
2020-09-04,US,Texas,Kinney,23,1,0,29.34967888,-100.41866379999999,48271.0,627.2157076629397,4.3478260869565215,22,23,1,0,22,22,3767,0,0,0,0,1
2020-09-04,US,Texas,Kleberg,902,29,0,27.42435506,-97.69894948,48273.0,2940.026075619296,3.2150776053215075,873,673,29,0,644,642,31129,229,0,0,229,31
2020-09-04,US,Texas,Knox,67,8,0,33.60519951,-99.74229059999999,48275.0,1828.6026200873362,11.940298507462687,59,67,8,0,59,67,3653,0,0,0,0,0
2020-09-04,US,Texas,La Salle,366,4,0,28.34453111,-99.09908775,48283.0,4867.021276595745,1.0928961748633879,362,365,4,0,361,365,7531,1,0,0,1,0
2020-09-04,US,Texas,Lamar,908,28,0,33.66981763,-95.57404777,48277.0,1821.1356023987646,3.0837004405286343,880,791,28,0,763,791,49728,117,0,0,117,0
2020-09-04,US,Texas,Lamb,298,20,0,34.06859623,-102.35162890000001,48279.0,2311.331730396339,6.711409395973154,278,292,19,0,273,290,13158,6,1,0,5,2
2020-09-04,US,Texas,Lampasas,158,7,0,31.19531316,-98.24206613,48281.0,737.3529960798953,4.4303797468354436,151,158,6,0,152,155,21229,0,1,0,-1,3
2020-09-04,US,Texas,Lavaca,688,32,0,29.38508402,-96.93186692,48285.0,3413.7143991267244,4.651162790697675,656,688,32,0,656,686,20110,0,0,0,0,2
2020-09-04,US,Texas,Lee,197,14,0,30.31120597,-96.97045773,48287.0,1142.7577005626774,7.1065989847715745,183,197,14,0,183,196,17144,0,0,0,0,1
2020-09-04,US,Texas,Leon,205,5,0,31.29872538,-95.9936328,48289.0,1177.8901401976555,2.4390243902439024,200,204,5,0,199,201,17270,1,0,0,1,3
2020-09-04,US,Texas,Liberty,1843,44,0,30.15152688,-94.81205615,48291.0,2089.119123998232,2.387411828540423,1799,1860,43,0,1817,1835,86323,-17,1,0,-18,25
2020-09-04,US,Texas,Limestone,473,8,0,31.5454767,-96.58095444,48293.0,2018.1763877629392,1.6913319238900637,465,467,8,0,459,465,23519,6,0,0,6,2
2020-09-04,US,Texas,Lipscomb,25,0,0,36.27783108,-100.27331509999999,48295.0,773.2755954222084,0.0,25,25,0,0,25,25,3355,0,0,0,0,0
2020-09-04,US,Texas,Live Oak,353,8,0,28.35101362,-98.1246786,48297.0,2891.7834029655114,2.26628895184136,345,353,7,0,346,349,12166,0,1,0,-1,4
2020-09-04,US,Texas,Llano,104,1,0,30.70645047,-98.68475262,48299.0,477.1736636843313,0.9615384615384616,103,101,1,0,100,101,21646,3,0,0,3,0
2020-09-04,US,Texas,Lubbock,8331,102,0,33.61008596,-101.82047890000001,48303.0,2682.495677289105,1.2243428159884768,8229,8027,100,0,7927,7754,307412,304,2,0,302,273
2020-09-04,US,Texas,Lynn,83,4,0,33.17657705,-101.8162849,48305.0,1394.7235758696015,4.819277108433735,79,82,4,0,78,82,5877,1,0,0,1,0
2020-09-04,US,Texas,Madison,693,5,0,30.96694679,-95.93003775,48313.0,4851.582189862784,0.7215007215007215,688,695,5,0,690,694,14422,-2,0,0,-2,1
2020-09-04,US,Texas,Marion,146,12,0,32.79868409,-94.35661230000001,48315.0,1481.6318246397402,8.219178082191782,134,143,12,0,131,142,9928,3,0,0,3,1
2020-09-04,US,Texas,Martin,74,5,0,32.30600051,-101.9513518,48317.0,1282.2734361462485,6.756756756756758,69,74,5,0,69,73,5753,0,0,0,0,1
2020-09-04,US,Texas,Mason,75,1,0,30.71780434,-99.22629416,48319.0,1754.796443612541,1.3333333333333333,74,73,1,0,72,73,4280,2,0,0,2,0
2020-09-04,US,Texas,Matagorda,940,39,0,28.81955746,-96.01230294,48321.0,2565.292143110553,4.148936170212766,901,939,39,0,900,921,36552,1,0,0,1,18
2020-09-04,US,Texas,Maverick,3335,84,0,28.7429195,-100.3157686,48323.0,5679.3024760737035,2.5187406296851576,3251,3335,84,0,3251,3335,58485,0,0,0,0,0
2020-09-04,US,Texas,McCulloch,120,1,0,31.1925468,-99.34682807,48307.0,1503.0060120240478,0.8333333333333334,119,114,1,0,113,114,7987,6,0,0,6,0
2020-09-04,US,Texas,McLennan,6629,85,0,31.55255453,-97.20217694,48309.0,2583.166746550387,1.2822446824558758,6544,6549,83,0,6466,6454,254607,80,2,0,78,95
2020-09-04,US,Texas,McMullen,18,0,0,28.35251708,-98.56769164,48311.0,2422.611036339165,0.0,18,16,0,0,16,16,749,2,0,0,2,0
2020-09-04,US,Texas,Medina,1134,37,0,29.355730100000002,-99.11030298,48325.0,2198.3560794044665,3.2627865961199296,1097,1133,37,0,1096,1132,50921,1,0,0,1,1
2020-09-04,US,Texas,Menard,20,0,0,30.88990665,-99.82047940000001,48327.0,935.4536950420952,0.0,20,20,0,0,20,20,2139,0,0,0,0,0
2020-09-04,US,Texas,Midland,3362,73,0,31.86904128,-102.03156820000001,48329.0,1901.239594643504,2.1713265913146937,3289,3336,73,0,3263,3322,172578,26,0,0,26,14
2020-09-04,US,Texas,Milam,445,5,0,30.78581830000001,-96.97718698,48331.0,1792.6922612093622,1.1235955056179776,440,441,5,0,436,440,25131,4,0,0,4,1
2020-09-04,US,Texas,Mills,35,0,0,31.49557106,-98.59272068,48333.0,718.2433819002667,0.0,35,35,0,0,35,35,4921,0,0,0,0,0
2020-09-04,US,Texas,Mitchell,75,1,0,32.30623474,-100.9212058,48335.0,877.7062609713283,1.3333333333333333,74,75,1,0,74,73,8145,0,0,0,0,2
2020-09-04,US,Texas,Montague,144,3,0,33.67521893,-97.72500958,48337.0,726.6121707538601,2.083333333333333,141,135,3,0,132,134,19596,9,0,0,9,1
2020-09-04,US,Texas,Montgomery,9164,132,0,30.30079133,-95.50572772,48339.0,1508.7480716704727,1.4404190309908338,9032,9046,132,0,8914,8904,590925,118,0,0,118,142
2020-09-04,US,Texas,Moore,1124,18,0,35.83769242,-101.8930281,48341.0,5367.717287488061,1.6014234875444842,1106,1125,18,0,1107,1123,21485,-1,0,0,-1,2
2020-09-04,US,Texas,Morris,159,3,0,33.11304005,-94.73255695,48343.0,1283.5001614465614,1.8867924528301887,156,158,3,0,155,158,12339,1,0,0,1,0
2020-09-04,US,Texas,Motley,7,0,0,34.07408766,-100.77972199999999,48345.0,583.3333333333334,0.0,7,7,0,0,7,7,1234,0,0,0,0,0
2020-09-04,US,Texas,Nacogdoches,1386,50,0,31.62017125,-94.61803994,48347.0,2125.636464020612,3.6075036075036073,1336,1379,50,0,1329,1370,65711,7,0,0,7,9
2020-09-04,US,Texas,Navarro,1110,18,0,32.04620681,-96.47428766,48349.0,2214.9941133039333,1.6216216216216215,1092,1110,18,0,1092,1103,49565,0,0,0,0,7
2020-09-04,US,Texas,Newton,164,8,0,30.78548982,-93.74408813,48351.0,1206.3258550937844,4.878048780487805,156,164,8,0,156,163,13746,0,0,0,0,1
2020-09-04,US,Texas,Nolan,164,4,0,32.30365282,-100.4060208,48353.0,1114.5847492184314,2.4390243902439024,160,158,4,0,154,154,14751,6,0,0,6,4
2020-09-04,US,Texas,Nueces,19076,370,0,27.736286,-97.5433285,48355.0,5265.3369915041385,1.9396099811281193,18706,19050,368,0,18682,19017,362265,26,2,0,24,33
2020-09-04,US,Texas,Ochiltree,110,4,0,36.27829105,-100.8158184,48357.0,1118.3407889385926,3.636363636363636,106,110,4,0,106,110,9947,0,0,0,0,0
2020-09-04,US,Texas,Oldham,15,1,0,35.40425596,-102.6027606,48359.0,710.2272727272727,6.666666666666668,14,15,1,0,14,16,2131,0,0,0,0,-1
2020-09-04,US,Texas,Orange,1809,36,0,30.11879481,-93.89412775,48361.0,2169.168785073625,1.9900497512437807,1773,1799,36,0,1763,1782,83572,10,0,0,10,17
2020-09-04,US,Texas,Palo Pinto,442,11,0,32.75310985,-98.31319001,48363.0,1514.2690739662198,2.4886877828054303,431,430,11,0,419,428,28875,12,0,0,12,2
2020-09-04,US,Texas,Panola,328,22,0,32.163959600000005,-94.30552481,48365.0,1414.1588341812533,6.7073170731707314,306,326,22,0,304,320,23148,2,0,0,2,6
2020-09-04,US,Texas,Parker,1677,27,0,32.77757172,-97.80500621,48367.0,1173.7286356191996,1.6100178890876566,1650,1666,25,0,1641,1662,138371,11,2,0,9,4
2020-09-04,US,Texas,Parmer,391,7,0,34.52993409,-102.78446679999999,48369.0,4070.796460176991,1.7902813299232736,384,390,7,0,383,389,9864,1,0,0,1,1
2020-09-04,US,Texas,Pecos,320,4,0,30.78097267,-102.72412609999999,48371.0,2022.372495734058,1.25,316,310,4,0,306,303,15673,10,0,0,10,7
2020-09-04,US,Texas,Polk,778,18,0,30.79472531,-94.82766240000001,48373.0,1515.0039919770995,2.3136246786632397,760,778,18,0,760,778,50031,0,0,0,0,0
2020-09-04,US,Texas,Potter,4181,54,0,35.40133773,-101.893964,48375.0,3560.873823617085,1.2915570437694333,4127,4143,53,0,4090,4114,119648,38,1,0,37,29
2020-09-04,US,Texas,Presidio,91,5,0,29.99954402,-104.24080790000001,48377.0,1357.398568019093,5.494505494505495,86,66,5,0,61,66,6948,25,0,0,25,0
2020-09-04,US,Texas,Rains,60,3,0,32.87109387,-95.79232691,48379.0,479.4630014383889,5.0,57,60,3,0,57,60,12159,0,0,0,0,0
2020-09-04,US,Texas,Randall,2303,31,0,34.96585996,-101.8971322,48381.0,1672.3185174965326,1.3460703430308294,2272,2252,31,0,2221,2236,136271,51,0,0,51,16
2020-09-04,US,Texas,Reagan,86,6,0,31.36607041,-101.52326590000001,48383.0,2234.346583528189,6.9767441860465125,80,86,6,0,80,86,3741,0,0,0,0,0
2020-09-04,US,Texas,Real,105,5,0,29.83321503,-99.82018052,48385.0,3041.7149478563147,4.761904761904762,100,105,5,0,100,105,3478,0,0,0,0,0
2020-09-04,US,Texas,Red River,151,14,0,33.61886692,-95.04841765,48387.0,1255.9261415620065,9.271523178807945,137,148,14,0,134,146,12175,3,0,0,3,2
2020-09-04,US,Texas,Reeves,177,5,0,31.32323325,-103.69038959999999,48389.0,1107.9118678017026,2.824858757062147,172,172,5,0,167,172,15695,5,0,0,5,0
2020-09-04,US,Texas,Refugio,301,10,0,28.323897600000002,-97.15766311,48391.0,4332.181922855498,3.3222591362126246,291,273,10,0,263,272,7032,28,0,0,28,1
2020-09-04,US,Texas,Roberts,8,0,0,35.83809685,-100.813175,48393.0,936.768149882904,0.0,8,8,0,0,8,8,903,0,0,0,0,0
2020-09-04,US,Texas,Robertson,254,5,0,31.02539637,-96.51272246,48395.0,1487.642028815743,1.9685039370078738,249,252,5,0,247,251,17284,2,0,0,2,1
2020-09-04,US,Texas,Rockwall,1405,21,0,32.89779518,-96.40771592,48397.0,1339.1793356526712,1.4946619217081851,1384,1378,21,0,1357,1374,100657,27,0,0,27,4
2020-09-04,US,Texas,Runnels,209,3,0,31.8314342,-99.97616148,48399.0,2036.2431800467648,1.4354066985645932,206,208,3,0,205,208,10234,1,0,0,1,0
2020-09-04,US,Texas,Rusk,732,5,0,32.10773545,-94.76176432,48401.0,1345.439841193986,0.6830601092896175,727,716,5,0,711,714,54450,16,0,0,16,2
2020-09-04,US,Texas,Sabine,75,8,0,31.34318809,-93.85440451,48403.0,711.4399544678429,10.666666666666666,67,75,8,0,67,73,10589,0,0,0,0,2
2020-09-04,US,Texas,San Augustine,192,12,0,31.39457611,-94.17000399,48405.0,2330.945732669661,6.25,180,192,12,0,180,192,8232,0,0,0,0,0
2020-09-04,US,Texas,San Jacinto,205,8,0,30.57933681,-95.16260304,48407.0,710.3503239890503,3.902439024390244,197,204,8,0,196,202,28719,1,0,0,1,2
2020-09-04,US,Texas,San Patricio,1333,60,0,28.00880118,-97.51763891,48409.0,1997.602277836056,4.50112528132033,1273,1326,60,0,1266,1313,66893,7,0,0,7,13
2020-09-04,US,Texas,San Saba,40,0,0,31.1577796,-98.81758731,48411.0,660.6110652353427,0.0,40,39,0,0,39,38,6054,1,0,0,1,1
2020-09-04,US,Texas,Schleicher,51,2,0,30.89740592,-100.5384842,48413.0,1825.993555316864,3.92156862745098,49,51,2,0,49,38,2895,0,0,0,0,13
2020-09-04,US,Texas,Scurry,559,2,0,32.74613808,-100.91626640000001,48415.0,3346.7041848769677,0.35778175313059035,557,557,2,0,555,548,16866,2,0,0,2,9
2020-09-04,US,Texas,Shackelford,23,0,0,32.73587756,-99.35401337,48417.0,704.4410413476262,0.0,23,23,0,0,23,23,3253,0,0,0,0,0
2020-09-04,US,Texas,Shelby,445,20,0,31.79211404,-94.14550696,48419.0,1760.702698425259,4.49438202247191,425,445,20,0,425,442,25418,0,0,0,0,3
2020-09-04,US,Texas,Sherman,55,0,0,36.27751473,-101.8933156,48421.0,1819.9867637326279,0.0,55,55,0,0,55,54,3079,0,0,0,0,1
2020-09-04,US,Texas,Smith,3389,73,0,32.37474036,-95.27175679999999,48423.0,1456.0624873792167,2.154027736795515,3316,3359,70,0,3289,3339,230221,30,3,0,27,20
2020-09-04,US,Texas,Somervell,123,4,0,32.22236802,-97.77403489,48425.0,1347.5021910604733,3.2520325203252027,119,121,4,0,117,119,9016,2,0,0,2,2
2020-09-04,US,Texas,Starr,3138,140,0,26.56150059,-98.73892358,48427.0,4855.10497733356,4.4614404079031225,2998,2782,140,0,2642,2782,64525,356,0,0,356,0
2020-09-04,US,Texas,Stephens,112,4,0,32.73553157,-98.83631615,48429.0,1195.8146487294466,3.571428571428572,108,112,4,0,108,113,9433,0,0,0,0,-1
2020-09-04,US,Texas,Sterling,4,0,0,31.82781912,-101.05007459999999,48431.0,309.8373353989156,0.0,4,4,0,0,4,4,1311,0,0,0,0,0
2020-09-04,US,Texas,Stonewall,9,1,0,33.17906744,-100.25384009999999,48433.0,666.6666666666666,11.111111111111109,8,10,1,0,9,10,1362,-1,0,0,-1,0
2020-09-04,US,Texas,Sutton,77,2,0,30.49856623,-100.5382014,48435.0,2039.1949152542368,2.5974025974025974,75,77,2,0,75,76,3758,0,0,0,0,1
2020-09-04,US,Texas,Swisher,95,3,0,34.53028891,-101.73491740000001,48437.0,1284.3044477490876,3.1578947368421053,92,94,3,0,91,94,7462,1,0,0,1,0
2020-09-04,US,Texas,Tarrant,42511,630,0,32.77143818,-97.29101614,48439.0,2021.911853185352,1.4819693726329657,41881,42297,624,0,41673,42070,2084931,214,6,0,208,227
2020-09-04,US,Texas,Taylor,1342,35,0,32.30163422,-99.89007449,48441.0,972.2242346088644,2.6080476900149034,1307,1339,35,0,1304,1322,137640,3,0,0,3,17
2020-09-04,US,Texas,Terrell,3,0,0,30.22429013,-102.0766732,48443.0,386.59793814432993,0.0,3,3,0,0,3,3,823,0,0,0,0,0
2020-09-04,US,Texas,Terry,209,3,0,33.17402785,-102.3354521,48445.0,1694.0909459349923,1.4354066985645932,206,207,3,0,204,206,12287,2,0,0,2,1
2020-09-04,US,Texas,Throckmorton,5,2,0,33.17751417,-99.21226795,48447.0,333.1112591605596,40.0,3,5,2,0,3,5,1515,0,0,0,0,0
2020-09-04,US,Texas,Titus,1525,25,0,33.21339719,-94.96797273,48449.0,4656.488549618321,1.639344262295082,1500,1502,25,0,1477,1502,33033,23,0,0,23,0
2020-09-04,US,Texas,Tom Green,3316,57,0,31.40464436,-100.46244300000001,48451.0,2781.879194630873,1.7189384800965015,3259,3285,56,0,3229,3261,118189,31,1,0,30,24
2020-09-04,US,Texas,Travis,26854,393,0,30.33432034,-97.78535620000001,48453.0,2107.9254038999843,1.4634691293662023,26461,26726,389,0,26337,26622,1248743,128,4,0,124,104
2020-09-04,US,Texas,Trinity,180,6,0,31.0879489,-95.1367187,48455.0,1228.5850795167564,3.333333333333333,174,180,6,0,174,179,14740,0,0,0,0,1
2020-09-04,US,Texas,Tyler,192,4,0,30.77031716,-94.37690895,48457.0,885.9357696566997,2.083333333333333,188,191,4,0,187,185,21696,1,0,0,1,6
2020-09-04,US,Texas,Upshur,332,8,0,32.73706798,-94.93999853,48459.0,795.1524441357508,2.409638554216868,324,332,8,0,324,329,41260,0,0,0,0,3
2020-09-04,US,Texas,Upton,20,2,0,31.36868194,-102.0423217,48461.0,546.8963631391852,10.0,18,20,2,0,18,19,3671,0,0,0,0,1
2020-09-04,US,Texas,Uvalde,715,25,0,29.35739637,-99.76229172,48463.0,2673.7967914438505,3.4965034965034967,690,705,24,0,681,704,26846,10,1,0,9,1
2020-09-04,US,Texas,Val Verde,1957,86,0,29.89149232,-101.1525205,48465.0,3991.840897501275,4.394481349003577,1871,1957,86,0,1871,1957,49208,0,0,0,0,0
2020-09-04,US,Texas,Van Zandt,527,18,0,32.56483801,-95.83766469,48467.0,931.2599399187137,3.415559772296015,509,521,18,0,503,521,56019,6,0,0,6,0
2020-09-04,US,Texas,Victoria,3836,82,0,28.79780988,-96.96813006,48469.0,4165.761695842926,2.1376433785192908,3754,3819,82,0,3737,3796,92035,17,0,0,17,23
2020-09-04,US,Texas,Walker,3415,48,0,30.73872995,-95.57440968,48471.0,4679.941346562333,1.4055636896046853,3367,3417,48,0,3369,3663,72480,-2,0,0,-2,-246
2020-09-04,US,Texas,Waller,692,8,0,30.01058447,-95.99011759,48473.0,1252.5793722622452,1.1560693641618498,684,685,8,0,677,675,53126,7,0,0,7,10
2020-09-04,US,Texas,Ward,111,1,0,31.50999644,-103.09279090000001,48475.0,925.1541923653942,0.9009009009009008,110,109,1,0,108,109,11720,2,0,0,2,0
2020-09-04,US,Texas,Washington,576,45,0,30.21498498,-96.40946246,48477.0,1605.261691098601,7.8125,531,575,45,0,530,573,35108,1,0,0,1,2
2020-09-04,US,Texas,Webb,11828,250,0,27.7610369,-99.33237355,48479.0,4275.407370993161,2.1136286777138995,11578,11642,247,0,11395,11389,275910,186,3,0,183,253
2020-09-04,US,Texas,Wharton,1215,43,0,29.27765923,-96.22319248,48481.0,2923.765521224372,3.539094650205761,1172,1215,43,0,1172,1201,41619,0,0,0,0,14
2020-09-04,US,Texas,Wheeler,42,0,0,35.40114335,-100.26995140000001,48483.0,830.6962025316458,0.0,42,42,0,0,42,42,5191,0,0,0,0,0
2020-09-04,US,Texas,Wichita,1377,16,0,33.98842886,-98.70410340000001,48485.0,1041.3673145277166,1.1619462599854755,1361,1362,16,0,1346,1347,132064,15,0,0,15,15
2020-09-04,US,Texas,Wilbarger,114,2,0,34.07945812,-99.24178437,48487.0,892.7872190461273,1.7543859649122806,112,111,2,0,109,106,12820,3,0,0,3,5
2020-09-04,US,Texas,Willacy,1142,43,0,26.47411727,-97.61535848,48489.0,5346.942597621501,3.765323992994746,1099,891,43,0,848,866,21515,251,0,0,251,25
2020-09-04,US,Texas,Williamson,8024,128,0,30.64655664,-97.60048540000001,48491.0,1358.7310833441989,1.5952143569292123,7896,8006,126,0,7880,7984,566719,18,2,0,16,22
2020-09-04,US,Texas,Wilson,545,26,0,29.1732598,-98.08693082,48493.0,1067.1627178382612,4.770642201834862,519,541,25,0,516,541,50224,4,1,0,3,0
2020-09-04,US,Texas,Winkler,98,1,0,31.85008651,-103.04851629999999,48495.0,1223.4706616729088,1.020408163265306,97,96,1,0,95,95,7720,2,0,0,2,1
2020-09-04,US,Texas,Wise,670,12,0,33.21570665,-97.65460265,48497.0,957.3616826703244,1.791044776119403,658,665,12,0,653,665,68305,5,0,0,5,0
2020-09-04,US,Texas,Wood,418,16,0,32.78722382,-95.38236368,48499.0,917.8945519225281,3.827751196172249,402,412,16,0,396,408,45129,6,0,0,6,4
2020-09-04,US,Texas,Yoakum,163,4,0,33.17320212,-102.82764329999999,48501.0,1870.7678182026852,2.4539877300613497,159,163,4,0,159,155,8591,0,0,0,0,8
2020-09-04,US,Texas,Young,231,6,0,33.17659707,-98.68790885,48503.0,1282.6207662409772,2.5974025974025974,225,226,6,0,220,226,18045,5,0,0,5,0
2020-09-04,US,Texas,Zapata,282,4,0,27.00156391,-99.16987152,48505.0,1988.8567599971786,1.4184397163120568,278,281,4,0,277,281,14190,1,0,0,1,0
2020-09-04,US,Texas,Zavala,266,12,0,28.86617238,-99.76050829,48507.0,2246.621621621621,4.511278195488722,254,266,11,0,255,264,11983,0,1,0,-1,2
2020-09-04,US,Utah,Bear River,2656,11,0,41.52106798,-113.08328159999999,0.0,1421.7045466710915,0.4141566265060241,2645,2645,11,0,2634,2591,,11,0,0,11,54
2020-09-04,US,Utah,Central Utah,526,3,0,39.37231946,-111.5758676,0.0,641.823461942065,0.5703422053231939,523,523,3,0,520,513,,3,0,0,3,10
2020-09-04,US,Utah,Davis,4081,25,0,40.99001837,-112.1139997,49011.0,1148.0219758580627,0.6125949522175937,4056,4035,24,0,4011,3998,351713,46,1,0,45,37
2020-09-04,US,Utah,Salt Lake,24584,235,0,40.66616532,-111.92160109999999,49035.0,2118.512250126461,0.9559062805076473,24349,24416,234,0,24182,24250,1152633,168,1,0,167,166
2020-09-04,US,Utah,San Juan,670,28,0,37.62762978,-109.80337140000002,49037.0,4376.796446302586,4.17910447761194,642,668,28,0,640,670,15449,2,0,0,2,-2
2020-09-04,US,Utah,Southeast Utah,154,1,0,38.99617072,-110.70139579999999,0.0,382.8084217852794,0.6493506493506493,153,154,1,0,153,146,,0,0,0,0,8
2020-09-04,US,Utah,Southwest Utah,3693,28,0,37.85447192,-111.4418764,0.0,1465.2319851453326,0.7581911724884918,3665,3664,27,0,3637,3638,,29,1,0,28,26
2020-09-04,US,Utah,Summit,863,1,0,40.86688146,-110.9535882,49043.0,2047.6924902123621,0.11587485515643105,862,856,1,0,855,854,41933,7,0,0,7,2
2020-09-04,US,Utah,Tooele,716,0,0,40.44862644,-113.12957150000001,49045.0,990.8800287853417,0.0,716,708,0,0,708,702,69907,8,0,0,8,6
2020-09-04,US,Utah,TriCounty,215,1,0,40.12491499,-109.5174415,0.0,379.71106636996217,0.4651162790697674,214,214,1,0,213,211,,1,0,0,1,3
2020-09-04,US,Utah,Utah,11525,50,0,40.116672200000004,-111.66576620000001,49049.0,1811.437597742972,0.4338394793926248,11475,11317,48,0,11269,11168,622213,208,2,0,206,149
2020-09-04,US,Utah,Wasatch,649,7,0,40.33110236,-111.1691419,49051.0,1903.7282567246486,1.078582434514638,642,648,7,0,641,646,33240,1,0,0,1,2
2020-09-04,US,Utah,Weber-Morgan,3507,29,0,41.27116049,-111.9145117,0.0,1287.7427598894014,0.8269175933846592,3478,3478,29,0,3449,3435,,29,0,0,29,43
2020-09-04,US,Vermont,Addison,82,2,0,44.03217337,-73.14130877,50001.0,222.9654403567447,2.4390243902439024,80,81,2,0,79,81,36973,1,0,0,1,0
2020-09-04,US,Vermont,Bennington,105,1,0,43.03519828,-73.09048868,50003.0,296.02480969833664,0.9523809523809524,104,105,1,0,104,104,35631,0,0,0,0,1
2020-09-04,US,Vermont,Caledonia,33,0,0,44.46548598,-72.10314651,50005.0,110.02567265695328,0.0,33,33,0,0,33,33,30302,0,0,0,0,0
2020-09-04,US,Vermont,Chittenden,801,39,0,44.46322849,-73.08359212,50007.0,489.0886221256121,4.868913857677903,762,800,39,0,761,803,164572,1,0,0,1,-3
2020-09-04,US,Vermont,Essex,6,0,0,44.72736416,-71.73579864,50009.0,97.35518416355671,0.0,6,6,0,0,6,6,6250,0,0,0,0,0
2020-09-04,US,Vermont,Franklin,123,7,0,44.85627605,-72.91249563,50011.0,248.97777417918306,5.691056910569106,116,123,7,0,116,122,49421,0,0,0,0,1
2020-09-04,US,Vermont,Grand Isle,13,0,0,44.797582399999996,-73.29679772,50013.0,179.68210089841045,0.0,13,13,0,0,13,13,7090,0,0,0,0,0
2020-09-04,US,Vermont,Lamoille,45,1,0,44.60353043,-72.64356694,50015.0,177.43080198722495,2.2222222222222223,44,45,1,0,44,45,25300,0,0,0,0,0
2020-09-04,US,Vermont,Orange,20,0,0,44.00470222,-72.37640104,50017.0,69.22331441229406,0.0,20,20,0,0,20,20,28999,0,0,0,0,0
2020-09-04,US,Vermont,Orleans,15,0,0,44.82964024,-72.24562697,50019.0,55.479528054148034,0.0,15,15,0,0,15,15,26907,0,0,0,0,0
2020-09-04,US,Vermont,Rutland,125,1,0,43.57723578,-73.03741676,50021.0,214.80985032049637,0.8,124,123,1,0,122,123,58672,2,0,0,2,0
2020-09-04,US,Vermont,Unassigned,8,0,0,0.0,0.0,90050.0,0.0,0.0,8,8,0,0,8,8,,0,0,0,0,0
2020-09-04,US,Vermont,Washington,63,2,0,44.27343241,-72.61604978,50023.0,107.86009005461487,3.1746031746031744,61,63,2,0,61,62,58140,0,0,0,0,1
2020-09-04,US,Vermont,Windham,123,3,0,42.986982,-72.71268875,50025.0,291.3173227227512,2.4390243902439024,120,123,3,0,120,123,42756,0,0,0,0,0
2020-09-04,US,Vermont,Windsor,80,2,0,43.58010937,-72.58595157,50027.0,145.2907631397334,2.5,78,79,2,0,77,79,55286,1,0,0,1,0
2020-09-04,US,Virginia,Accomack,1151,19,0,37.76707161,-75.63234615,51001.0,3561.703181086769,1.6507384882710687,1132,1151,19,0,1132,1148,32412,0,0,0,0,3
2020-09-04,US,Virginia,Albemarle,1067,19,0,38.02080697,-78.55481085,51003.0,975.9443885484312,1.7806935332708531,1048,1060,19,0,1041,1052,108718,7,0,0,7,8
2020-09-04,US,Virginia,Alexandria,3459,62,0,38.814003,-77.08183073,51510.0,2169.631432370725,1.7924255565192253,3397,3436,62,0,3374,3415,160530,23,0,0,23,21
2020-09-04,US,Virginia,Alleghany,69,4,0,37.78636074,-80.00222498,51005.0,464.3337819650067,5.797101449275362,65,68,4,0,64,68,14910,1,0,0,1,0
2020-09-04,US,Virginia,Amelia,101,3,0,37.34081025,-77.98584649,51007.0,768.3529859262077,2.9702970297029703,98,100,3,0,97,100,13013,1,0,0,1,0
2020-09-04,US,Virginia,Amherst,319,1,0,37.60308293,-79.14548696,51009.0,1009.3339661445973,0.31347962382445144,318,313,1,0,312,307,31666,6,0,0,6,6
2020-09-04,US,Virginia,Appomattox,179,1,0,37.37569884,-78.81340003,51011.0,1125.007856200113,0.5586592178770949,178,178,1,0,177,176,15841,1,0,0,1,2
2020-09-04,US,Virginia,Arlington,3605,142,0,38.8767675,-77.10139853,51013.0,1522.111787605239,3.938973647711512,3463,3587,141,0,3446,3569,237521,18,1,0,17,18
2020-09-04,US,Virginia,Augusta,380,4,0,38.16404586,-79.12461614,51015.0,502.92490537070864,1.0526315789473684,376,373,4,0,369,372,75457,7,0,0,7,1
2020-09-04,US,Virginia,Bath,4,0,0,38.05852573,-79.73912095,51017.0,96.45526886906195,0.0,4,4,0,0,4,4,4292,0,0,0,0,0
2020-09-04,US,Virginia,Bedford,593,9,0,37.3080028,-79.5281964,51019.0,750.6614175221845,1.5177065767284992,584,576,9,0,567,559,78747,17,0,0,17,17
2020-09-04,US,Virginia,Bland,59,1,0,37.13128068,-81.13599391,51021.0,939.4904458598726,1.6949152542372878,58,50,1,0,49,50,6293,9,0,0,9,0
2020-09-04,US,Virginia,Botetourt,255,10,0,37.55531756,-79.80982182,51023.0,763.0389897962237,3.92156862745098,245,255,10,0,245,251,33277,0,0,0,0,4
2020-09-04,US,Virginia,Bristol,121,2,0,36.616302399999995,-82.16359122,51520.0,721.8708984608043,1.6528925619834711,119,120,2,0,118,125,16482,1,0,0,1,-5
2020-09-04,US,Virginia,Brunswick,306,2,0,36.76366949,-77.8593436,51025.0,1885.281251925328,0.6535947712418301,304,302,2,0,300,301,16384,4,0,0,4,1
2020-09-04,US,Virginia,Buchanan,99,2,0,37.26818323,-82.03749726,51027.0,471.33879261093125,2.0202020202020203,97,99,2,0,97,99,21221,0,0,0,0,0
2020-09-04,US,Virginia,Buckingham,654,8,0,37.57242268,-78.52518834,51029.0,3813.855843247026,1.2232415902140672,646,651,8,0,643,649,16999,3,0,0,3,2
2020-09-04,US,Virginia,Buena Vista,76,1,0,37.73484642,-79.35296097,51530.0,1173.201605433776,1.3157894736842106,75,75,1,0,74,75,6237,1,0,0,1,0
2020-09-04,US,Virginia,Campbell,342,3,0,37.20553386,-79.09678609,51031.0,623.1210713309647,0.8771929824561403,339,342,3,0,339,335,54973,0,0,0,0,7
2020-09-04,US,Virginia,Caroline,270,5,0,38.02679129,-77.34901405,51033.0,878.7632221318146,1.851851851851852,265,269,5,0,264,265,30772,1,0,0,1,4
2020-09-04,US,Virginia,Carroll,421,19,0,36.73066666,-80.73455942,51035.0,1413.1784767211575,4.513064133016627,402,413,19,0,394,411,29636,8,0,0,8,2
2020-09-04,US,Virginia,Charles City,69,5,0,37.35358063,-77.05634116,51036.0,990.952175786299,7.246376811594202,64,69,5,0,64,69,6941,0,0,0,0,0
2020-09-04,US,Virginia,Charlotte,78,0,0,37.01909701,-78.66314092,51037.0,656.5656565656567,0.0,78,77,0,0,77,74,11938,1,0,0,1,3
2020-09-04,US,Virginia,Charlottesville,758,23,0,38.03527919,-78.48569588,51540.0,1603.6897558498706,3.0343007915567277,735,732,22,0,710,699,48117,26,1,0,25,33
2020-09-04,US,Virginia,Chesapeake,3887,49,0,36.67670048,-76.30545744,51550.0,1587.5998121183654,1.260612297401595,3838,3859,49,0,3810,3826,242634,28,0,0,28,33
2020-09-04,US,Virginia,Chesterfield,5209,83,0,37.37373208,-77.58680140000001,51041.0,1476.465552916367,1.5933960453062008,5126,5185,83,0,5102,5146,348556,24,0,0,24,39
2020-09-04,US,Virginia,Clarke,82,0,0,39.11271747,-77.99199425,51043.0,560.9138791983036,0.0,82,82,0,0,82,82,14523,0,0,0,0,0
2020-09-04,US,Virginia,Colonial Heights,231,23,0,37.26420587,-77.39609676,51570.0,1329.8791018998272,9.956709956709958,208,230,23,0,207,229,17833,1,0,0,1,1
2020-09-04,US,Virginia,Covington,26,0,0,37.7824656,-79.98631446,51580.0,469.4835680751173,0.0,26,26,0,0,26,25,5460,0,0,0,0,1
2020-09-04,US,Virginia,Craig,22,0,0,37.48133648,-80.21072274,51045.0,428.76632235431686,0.0,22,22,0,0,22,21,5064,0,0,0,0,1
2020-09-04,US,Virginia,Culpeper,1128,14,0,38.48199985,-77.95630870000002,51047.0,2144.282862845737,1.2411347517730495,1114,1124,14,0,1110,1122,51859,4,0,0,4,2
2020-09-04,US,Virginia,Cumberland,100,0,0,37.51328851,-78.24398086,51049.0,1006.8465565847763,0.0,100,99,0,0,99,99,9809,1,0,0,1,0
2020-09-04,US,Virginia,Danville,647,16,0,36.58022376,-79.40395668,51590.0,1615.722705024473,2.4729520865533234,631,630,16,0,614,616,40693,17,0,0,17,14
2020-09-04,US,Virginia,Dickenson,69,1,0,37.12560977,-82.35124171,51051.0,481.9108814080179,1.4492753623188406,68,68,1,0,67,68,14523,1,0,0,1,0
2020-09-04,US,Virginia,Dinwiddie,309,8,0,37.07544585,-77.63451754,51053.0,1082.5392376681614,2.588996763754045,301,305,8,0,297,298,28529,4,0,0,4,7
2020-09-04,US,Virginia,Emporia,236,18,0,36.69455571,-77.53406129,51595.0,4414.515525626637,7.627118644067798,218,235,17,0,218,234,5121,1,1,0,0,1
2020-09-04,US,Virginia,Essex,140,2,0,37.93357639,-76.94230311,51057.0,1278.1886241212453,1.4285714285714286,138,136,2,0,134,131,10919,4,0,0,4,5
2020-09-04,US,Virginia,Fairfax,18740,562,0,38.83677558,-77.27565836,51059.0,1633.0699274617182,2.998932764140875,18178,18671,562,0,18109,18606,1150795,69,0,0,69,65
2020-09-04,US,Virginia,Fairfax,18740,562,0,38.83677558,-77.27565836,51059.0,1633.0699274617182,2.998932764140875,18178,18671,562,0,18109,18606,24574,69,0,0,69,65
2020-09-04,US,Virginia,Fairfax City,124,7,0,38.85157547,-77.29779640000002,51600.0,516.2579624463966,5.645161290322582,117,121,7,0,114,121,24574,3,0,0,3,0
2020-09-04,US,Virginia,Falls Church,66,7,0,38.88485255,-77.17560759,51610.0,451.5290415269892,10.606060606060606,59,66,7,0,59,66,14772,0,0,0,0,0
2020-09-04,US,Virginia,Fauquier,792,9,0,38.73564842,-77.80647472,51061.0,1112.0159501277694,1.1363636363636365,783,786,9,0,777,779,70675,6,0,0,6,7
2020-09-04,US,Virginia,Floyd,153,2,0,36.9302126,-80.36738849,51063.0,971.4902533494188,1.30718954248366,151,153,2,0,151,153,15795,0,0,0,0,0
2020-09-04,US,Virginia,Fluvanna,229,9,0,37.84157909,-78.27715475,51065.0,839.7506417308397,3.930131004366812,220,229,9,0,220,227,26783,0,0,0,0,2
2020-09-04,US,Virginia,Franklin,194,1,0,36.99536167,-79.88023649,51067.0,346.1689447200313,0.5154639175257731,193,194,1,0,193,194,56195,0,0,0,0,0
2020-09-04,US,Virginia,Franklin,194,1,0,36.99536167,-79.88023649,51067.0,346.1689447200313,0.5154639175257731,193,194,1,0,193,194,8013,0,0,0,0,0
2020-09-04,US,Virginia,Franklin City,326,7,0,36.6831435,-76.93859681,51620.0,4091.879000878625,2.147239263803681,319,315,7,0,308,313,8013,11,0,0,11,2
2020-09-04,US,Virginia,Frederick,775,11,0,39.20172582,-78.25974949,51069.0,867.734820238935,1.4193548387096775,764,774,11,0,763,772,88355,1,0,0,1,2
2020-09-04,US,Virginia,Fredericksburg,488,5,0,38.2977863,-77.4922454,51630.0,1680.672268907563,1.024590163934426,483,488,5,0,483,486,29144,0,0,0,0,2
2020-09-04,US,Virginia,Galax,401,28,0,36.66601852,-80.91703124,51640.0,6317.945486056405,6.982543640897756,373,401,28,0,373,398,6423,0,0,0,0,3
2020-09-04,US,Virginia,Giles,54,0,0,37.31234791,-80.70636931,51071.0,322.9665071770335,0.0,54,52,0,0,52,51,16844,2,0,0,2,1
2020-09-04,US,Virginia,Gloucester,207,2,0,37.40809042,-76.53524337,51073.0,554.2465459997859,0.966183574879227,205,207,2,0,205,206,37349,0,0,0,0,1
2020-09-04,US,Virginia,Goochland,224,7,0,37.71714806,-77.90381514,51075.0,943.0387740495937,3.125,217,224,7,0,217,222,23244,0,0,0,0,2
2020-09-04,US,Virginia,Grayson,228,8,0,36.65677234,-81.23215889,51077.0,1466.2379421221865,3.5087719298245608,220,225,8,0,217,225,15631,3,0,0,3,0
2020-09-04,US,Virginia,Greene,199,3,0,38.29545894,-78.46525378,51079.0,1004.0869872344721,1.5075376884422111,196,199,3,0,196,199,19779,0,0,0,0,0
2020-09-04,US,Virginia,Greensville,716,11,0,36.67878901,-77.56351439,51081.0,6316.160903316866,1.5363128491620113,705,713,11,0,702,713,11627,3,0,0,3,0
2020-09-04,US,Virginia,Halifax,219,2,0,36.76654925,-78.93512622,51083.0,645.8081448497537,0.9132420091324199,217,216,2,0,214,214,34120,3,0,0,3,2
2020-09-04,US,Virginia,Hampton,1603,16,0,37.03513786,-76.35879121,51650.0,1191.7329566574977,0.9981285090455396,1587,1589,16,0,1573,1570,134313,14,0,0,14,19
2020-09-04,US,Virginia,Hanover,846,35,0,37.7583355,-77.49464673,51085.0,785.0342408551863,4.137115839243498,811,832,35,0,797,816,107239,14,0,0,14,16
2020-09-04,US,Virginia,Harrisonburg,1587,33,0,38.43542574,-78.87536254,51660.0,2993.435943866002,2.0793950850661624,1554,1551,33,0,1518,1496,54033,36,0,0,36,55
2020-09-04,US,Virginia,Henrico,4738,194,0,37.53460572,-77.39326555,51087.0,1432.2074373220319,4.094554664415366,4544,4707,194,0,4513,4670,329261,31,0,0,31,37
2020-09-04,US,Virginia,Henry,880,16,0,36.68542395,-79.87634026,51089.0,1740.6096089562275,1.818181818181818,864,870,16,0,854,858,50953,10,0,0,10,12
2020-09-04,US,Virginia,Highland,6,0,0,38.35799465,-79.56124594,51091.0,273.97260273972597,0.0,6,6,0,0,6,6,2210,0,0,0,0,0
2020-09-04,US,Virginia,Hopewell,351,5,0,37.29186313,-77.29754684,51670.0,1557.9919215233701,1.4245014245014245,346,350,5,0,345,350,22596,1,0,0,1,0
2020-09-04,US,Virginia,Isle of Wight,595,11,0,36.90579348,-76.70842863,51093.0,1603.3846236761972,1.8487394957983196,584,582,11,0,571,566,36953,13,0,0,13,16
2020-09-04,US,Virginia,James City,759,18,0,37.31156958,-76.76950618,51095.0,991.8586568744037,2.3715415019762847,741,754,18,0,736,749,76397,5,0,0,5,5
2020-09-04,US,Virginia,King George,206,4,0,38.26818502,-77.15852768,51099.0,767.6255775823521,1.9417475728155342,202,205,4,0,201,204,26575,1,0,0,1,1
2020-09-04,US,Virginia,King William,117,2,0,37.70965316,-77.09384941,51101.0,682.295311406578,1.709401709401709,115,117,2,0,115,115,16939,0,0,0,0,2
2020-09-04,US,Virginia,King and Queen,53,1,0,37.71044922,-76.88689628,51097.0,754.4483985765124,1.8867924528301887,52,53,1,0,52,49,7042,0,0,0,0,4
2020-09-04,US,Virginia,Lancaster,76,0,0,37.71889653,-76.46400482,51103.0,716.7782703008583,0.0,76,73,0,0,73,73,10783,3,0,0,3,0
2020-09-04,US,Virginia,Lee,222,3,0,36.70586667,-83.12606515,51105.0,947.7863638304228,1.351351351351351,219,217,3,0,214,214,23541,5,0,0,5,3
2020-09-04,US,Virginia,Lexington,43,1,0,37.78258621,-79.44262866,51678.0,577.491270480795,2.3255813953488373,42,43,0,0,43,43,7136,0,1,0,-1,0
2020-09-04,US,Virginia,Loudoun,6146,118,0,39.08990083,-77.63481877,51107.0,1486.1995753715494,1.9199479336153595,6028,6077,118,0,5959,6053,406850,69,0,0,69,24
2020-09-04,US,Virginia,Louisa,257,3,0,37.97850256,-77.96274807,51109.0,683.6742837381288,1.1673151750972763,254,255,3,0,252,252,36778,2,0,0,2,3
2020-09-04,US,Virginia,Lunenburg,98,2,0,36.94618528,-78.24133319,51111.0,803.5421449655624,2.0408163265306123,96,97,2,0,95,97,12086,1,0,0,1,0
2020-09-04,US,Virginia,Lynchburg,1048,5,0,37.40021399,-79.19888138,51680.0,1275.4356927270958,0.4770992366412214,1043,1025,5,0,1020,1008,82126,23,0,0,23,17
2020-09-04,US,Virginia,Madison,92,2,0,38.41531222,-78.28220331,51113.0,693.7636678983487,2.1739130434782608,90,92,2,0,90,91,13295,0,0,0,0,1
2020-09-04,US,Virginia,Manassas,1826,24,0,38.7464321,-77.48509905,51683.0,4444.444444444444,1.3143483023001097,1802,1819,24,0,1795,1813,41641,7,0,0,7,6
2020-09-04,US,Virginia,Manassas Park,572,7,0,38.77058531,-77.44399307,51685.0,3272.6856619750542,1.2237762237762235,565,571,7,0,564,571,17307,1,0,0,1,0
2020-09-04,US,Virginia,Martinsville,334,6,0,36.68212094,-79.86352771,51690.0,2660.506611438585,1.7964071856287425,328,330,6,0,324,329,12902,4,0,0,4,1
2020-09-04,US,Virginia,Mathews,23,0,0,37.44164146,-76.34098896,51115.0,260.3577088521621,0.0,23,23,0,0,23,23,8802,0,0,0,0,0
2020-09-04,US,Virginia,Mecklenburg,573,33,0,36.67882005,-78.36131056,51117.0,1873.3448850818966,5.7591623036649215,540,550,33,0,517,537,30650,23,0,0,23,13
2020-09-04,US,Virginia,Middlesex,61,1,0,37.63191998,-76.55064617,51119.0,576.4505764505765,1.639344262295082,60,55,1,0,54,55,10769,6,0,0,6,0
2020-09-04,US,Virginia,Montgomery,766,4,0,37.17746986,-80.37868691,51121.0,777.3887451159486,0.5221932114882507,762,660,4,0,656,600,98985,106,0,0,106,60
2020-09-04,US,Virginia,Nelson,87,0,0,37.78790447,-78.88498513,51125.0,582.7193569993302,0.0,87,87,0,0,87,86,14836,0,0,0,0,1
2020-09-04,US,Virginia,New Kent,157,1,0,37.50694406,-76.99828634,51127.0,679.9185829977048,0.6369426751592356,156,155,1,0,154,153,22391,2,0,0,2,2
2020-09-04,US,Virginia,Newport News,2438,28,0,37.08166899,-76.51754109,51700.0,1360.3012972520576,1.1484823625922889,2410,2400,28,0,2372,2364,178626,38,0,0,38,36
2020-09-04,US,Virginia,Norfolk,4468,59,0,36.89934014,-76.26420872,51710.0,1840.6373845482035,1.3205013428827217,4409,4450,59,0,4391,4429,244076,18,0,0,18,21
2020-09-04,US,Virginia,Northampton,304,29,0,37.34062933,-75.87751591,51131.0,2596.071733561059,9.539473684210526,275,304,29,0,275,304,11735,0,0,0,0,0
2020-09-04,US,Virginia,Northumberland,97,5,0,37.89202088,-76.41949732,51133.0,801.9842910293512,5.154639175257731,92,94,5,0,89,91,12147,3,0,0,3,3
2020-09-04,US,Virginia,Norton,27,0,0,36.93357076,-82.62750411,51720.0,678.2215523737755,0.0,27,27,0,0,27,27,3968,0,0,0,0,0
2020-09-04,US,Virginia,Nottoway,205,15,0,37.1435975,-78.05065922,51135.0,1345.8508403361345,7.317073170731707,190,204,15,0,189,203,15420,1,0,0,1,1
2020-09-04,US,Virginia,Orange,269,4,0,38.24530219,-78.01560400000002,51137.0,726.0262880893903,1.4869888475836432,265,267,4,0,263,265,36644,2,0,0,2,2
2020-09-04,US,Virginia,Page,365,26,0,38.61807452,-78.48797204,51139.0,1527.0688645301648,7.123287671232878,339,363,26,0,337,362,23933,2,0,0,2,1
2020-09-04,US,Virginia,Patrick,242,13,0,36.680163799999995,-80.2865648,51141.0,1374.3752839618355,5.371900826446281,229,239,13,0,226,237,17673,3,0,0,3,2
2020-09-04,US,Virginia,Petersburg,652,23,0,37.20530399,-77.39368102,51730.0,2080.0102086390607,3.5276073619631902,629,642,23,0,619,637,31567,10,0,0,10,5
2020-09-04,US,Virginia,Pittsylvania,827,4,0,36.81980341,-79.39731264,51143.0,1370.2488650296584,0.4836759371221282,823,807,4,0,803,791,60949,20,0,0,20,16
2020-09-04,US,Virginia,Poquoson,69,0,0,37.14259351,-76.35798148,51735.0,562.3013609322794,0.0,69,69,0,0,69,68,12190,0,0,0,0,1
2020-09-04,US,Virginia,Portsmouth,2269,42,0,36.85914825,-76.35971629,51740.0,2403.6526197588933,1.8510356985456151,2227,2258,42,0,2216,2242,94632,11,0,0,11,16
2020-09-04,US,Virginia,Powhatan,194,4,0,37.55016038,-77.91267882,51145.0,654.2560366922974,2.061855670103093,190,191,4,0,187,191,29189,3,0,0,3,0
2020-09-04,US,Virginia,Prince Edward,506,12,0,37.22554789,-78.43597949,51147.0,2219.103587404614,2.3715415019762847,494,505,12,0,493,503,22950,1,0,0,1,2
2020-09-04,US,Virginia,Prince George,591,2,0,37.18497668,-77.22922187,51149.0,1540.948556827367,0.33840947546531297,589,586,2,0,584,573,38082,5,0,0,5,13
2020-09-04,US,Virginia,Prince William,11085,188,0,38.70916224,-77.48713689,51153.0,2356.8307695578687,1.6959855660802887,10897,11024,188,0,10836,10944,468011,61,0,0,61,80
2020-09-04,US,Virginia,Pulaski,145,3,0,37.06474963,-80.71229738,51155.0,426.1321891439151,2.0689655172413794,142,142,3,0,139,138,34066,3,0,0,3,4
2020-09-04,US,Virginia,Radford,550,0,0,37.12222899,-80.56027320000003,51750.0,3013.8637733574437,0.0,550,527,0,0,527,504,18339,23,0,0,23,23
2020-09-04,US,Virginia,Rappahannock,56,2,0,38.68295619,-78.15826963,51157.0,759.8371777476256,3.571428571428572,54,54,2,0,52,53,7252,2,0,0,2,1
2020-09-04,US,Virginia,Richmond,327,4,0,37.937575,-76.72920628,51159.0,3624.0718164690243,1.2232415902140672,323,328,4,0,324,327,9038,-1,0,0,-1,1
2020-09-04,US,Virginia,Richmond City,4052,49,0,37.53255773,-77.47966921,51760.0,1758.405804648579,1.209279368213228,4003,4027,49,0,3978,3950,228783,25,0,0,25,77
2020-09-04,US,Virginia,Roanoke,634,5,0,37.26865804,-80.06396753,51161.0,673.1361348820418,0.7886435331230284,629,622,4,0,618,610,94073,12,1,0,11,12
2020-09-04,US,Virginia,Roanoke City,1220,15,0,37.27791025,-79.96189766,51770.0,1230.54577731156,1.2295081967213115,1205,1199,15,0,1184,1203,99920,21,0,0,21,-4
2020-09-04,US,Virginia,Rockbridge,84,1,0,37.81204314,-79.44605905,51163.0,372.12599122845876,1.1904761904761905,83,84,1,0,83,84,22752,0,0,0,0,0
2020-09-04,US,Virginia,Rockingham,1108,20,0,38.51006137,-78.87260325,51165.0,1352.0769268316494,1.8050541516245489,1088,1091,20,0,1071,1080,81244,17,0,0,17,11
2020-09-04,US,Virginia,Russell,193,4,0,36.93028320000001,-82.10095486,51167.0,725.9459866094937,2.0725388601036268,189,191,4,0,187,189,26748,2,0,0,2,2
2020-09-04,US,Virginia,Salem,218,4,0,37.2836193,-80.06219455,51775.0,861.6260226868503,1.834862385321101,214,214,4,0,210,210,25643,4,0,0,4,4
2020-09-04,US,Virginia,Scott,161,4,0,36.71466456,-82.60171704,51169.0,746.5454882685707,2.4844720496894412,157,161,4,0,157,156,21534,0,0,0,0,5
2020-09-04,US,Virginia,Shenandoah,776,50,0,38.85905135,-78.56813762,51171.0,1779.1636096845193,6.443298969072165,726,775,50,0,725,775,43497,1,0,0,1,0
2020-09-04,US,Virginia,Smyth,297,5,0,36.84455636,-81.53344948,51173.0,986.5798564974756,1.6835016835016836,292,290,5,0,285,282,30472,7,0,0,7,8
2020-09-04,US,Virginia,Southampton,372,13,0,36.72231125,-77.10642712,51175.0,2109.9200272247745,3.4946236559139785,359,371,13,0,358,361,17586,1,0,0,1,10
2020-09-04,US,Virginia,Spotsylvania,1863,39,0,38.18574462,-77.655399,51177.0,1367.690782953419,2.0933977455716586,1824,1853,38,0,1815,1836,134238,10,1,0,9,17
2020-09-04,US,Virginia,Stafford,1752,12,0,38.41758738,-77.45917053,51179.0,1145.9818683690692,0.6849315068493149,1740,1737,10,0,1727,1729,149960,15,2,0,13,8
2020-09-04,US,Virginia,Staunton,174,0,0,38.15965544,-79.05979937,51790.0,697.8982833306592,0.0,174,173,0,0,173,173,24922,1,0,0,1,0
2020-09-04,US,Virginia,Suffolk,1705,63,0,36.70155394,-76.63603554,51800.0,1851.0878533894995,3.695014662756598,1642,1693,62,0,1631,1674,91185,12,1,0,11,19
2020-09-04,US,Virginia,Surry,85,3,0,37.11781893,-76.88450012,51181.0,1323.5752102148865,3.5294117647058822,82,82,3,0,79,78,6474,3,0,0,3,4
2020-09-04,US,Virginia,Sussex,349,9,0,36.92432914,-77.25791182,51183.0,3127.5203871314643,2.5787965616045847,340,347,9,0,338,345,11237,2,0,0,2,2
2020-09-04,US,Virginia,Tazewell,202,2,0,37.12191123,-81.56685568,51185.0,497.59822638255935,0.99009900990099,200,200,2,0,198,198,40855,2,0,0,2,2
2020-09-04,US,Virginia,Virginia Beach,6160,71,0,36.73285734,-76.04566934,51810.0,1368.9679848169005,1.1525974025974026,6089,6128,70,0,6058,6081,450189,32,1,0,31,47
2020-09-04,US,Virginia,Warren,393,6,0,38.90847745,-78.20280433,51187.0,978.4881983866147,1.5267175572519085,387,395,6,0,389,394,40003,-2,0,0,-2,1
2020-09-04,US,Virginia,Washington,402,9,0,36.72341572,-81.95666289,51191.0,748.0461481205806,2.238805970149253,393,395,9,0,386,381,54402,7,0,0,7,14
2020-09-04,US,Virginia,Waynesboro,221,3,0,38.06451466,-78.90293905,51820.0,976.5797613787007,1.3574660633484164,218,220,3,0,217,218,22628,1,0,0,1,2
2020-09-04,US,Virginia,Westmoreland,231,3,0,38.11021557,-76.80213247,51193.0,1282.2647793505412,1.2987012987012987,228,231,3,0,228,228,17830,0,0,0,0,3
2020-09-04,US,Virginia,Williamsburg,156,6,0,37.28131268,-76.70905141,51830.0,1043.199144041728,3.8461538461538463,150,155,6,0,149,154,14896,1,0,0,1,1
2020-09-04,US,Virginia,Winchester,455,4,0,39.17054517,-78.17325058,51840.0,1620.4857895861526,0.8791208791208791,451,451,4,0,447,447,28108,4,0,0,4,4
2020-09-04,US,Virginia,Wise,346,5,0,36.9746148,-82.62410519,51195.0,925.5543963833827,1.4450867052023122,341,339,5,0,334,334,38012,7,0,0,7,5
2020-09-04,US,Virginia,Wythe,185,3,0,36.91582035,-81.07834059,51197.0,644.9588620833913,1.6216216216216215,182,178,3,0,175,165,28754,7,0,0,7,13
2020-09-04,US,Virginia,York,480,6,0,37.24374789,-76.54412815,51199.0,702.9876977152901,1.25,474,474,6,0,468,468,67846,6,0,0,6,6
2020-09-04,US,Washington,Adams,671,8,0,46.98299757,-118.56017340000001,53001.0,3357.8541760496423,1.1922503725782414,663,664,8,0,656,641,19759,7,0,0,7,23
2020-09-04,US,Washington,Asotin,57,2,0,46.18894415,-117.2022851,53003.0,252.41342662297401,3.5087719298245608,55,56,2,0,54,52,22610,1,0,0,1,4
2020-09-04,US,Washington,Benton,4200,125,0,46.23946995,-119.51208340000001,53005.0,2054.8950535740496,2.9761904761904763,4075,4187,123,0,4064,4182,201877,13,2,0,11,5
2020-09-04,US,Washington,Chelan,1742,12,0,47.87046092,-120.6173956,53007.0,2256.476683937824,0.6888633754305397,1730,1737,12,0,1725,1730,77036,5,0,0,5,7
2020-09-04,US,Washington,Clallam,216,1,0,48.04754642,-123.92263190000001,53009.0,279.31877254917174,0.462962962962963,215,212,1,0,211,211,76737,4,0,0,4,1
2020-09-04,US,Washington,Clark,2266,57,0,45.77568046,-122.48292040000001,53011.0,464.1150579324555,2.5154457193292146,2209,2244,56,0,2188,2223,481857,22,1,0,21,21
2020-09-04,US,Washington,Columbia,15,1,0,46.29442881,-117.9051983,53013.0,376.4115432873275,6.666666666666668,14,15,1,0,14,14,4059,0,0,0,0,1
2020-09-04,US,Washington,Cowlitz,552,6,0,46.19074721,-122.6782231,53015.0,499.1274312117403,1.0869565217391304,546,548,6,0,542,548,108987,4,0,0,4,0
2020-09-04,US,Washington,Douglas,1157,8,0,47.7361335,-119.69293700000001,53017.0,2664.118446199544,0.6914433880726015,1149,1157,8,0,1149,1155,42907,0,0,0,0,2
2020-09-04,US,Washington,Ferry,27,0,0,48.471143100000006,-118.5154041,53019.0,354.00550675232734,0.0,27,27,0,0,27,25,7649,0,0,0,0,2
2020-09-04,US,Washington,Franklin,4007,58,0,46.53351425,-118.9018212,53021.0,4208.061162336435,1.4474669328674818,3949,3988,58,0,3930,3973,94347,19,0,0,19,15
2020-09-04,US,Washington,Garfield,4,0,0,46.43197502,-117.54540320000001,53023.0,179.77528089887642,0.0,4,4,0,0,4,4,2247,0,0,0,0,0
2020-09-04,US,Washington,Grant,2391,17,0,47.20753737,-119.4500749,53025.0,2446.46127715306,0.7109995817649519,2374,2376,17,0,2359,2331,97331,15,0,0,15,45
2020-09-04,US,Washington,Grays Harbor,268,6,0,47.14003705,-123.7820567,53027.0,357.04293841009314,2.238805970149253,262,255,6,0,249,247,73901,13,0,0,13,8
2020-09-04,US,Washington,Island,273,11,0,48.14713305,-122.5216407,53029.0,320.64457781797256,4.029304029304028,262,272,11,0,261,272,84460,1,0,0,1,0
2020-09-04,US,Washington,Jefferson,70,0,0,47.75003077,-123.56097040000002,53031.0,217.2496198131653,0.0,70,70,0,0,70,70,31729,0,0,0,0,0
2020-09-04,US,Washington,King,20022,735,0,47.49137892,-121.8346131,53033.0,888.7677547139493,3.6709619418639496,19287,19892,732,0,19160,19797,2233163,130,3,0,127,95
2020-09-04,US,Washington,Kitsap,1031,11,0,47.63479026,-122.6436061,53035.0,379.7799412832952,1.066925315227934,1020,1023,11,0,1012,1017,269805,8,0,0,8,6
2020-09-04,US,Washington,Kittitas,452,21,0,47.12521214,-120.67943899999999,53037.0,942.9435694169188,4.6460176991150455,431,451,21,0,430,452,47364,1,0,0,1,-1
2020-09-04,US,Washington,Klickitat,179,3,0,45.87325839,-120.7913598,53039.0,798.216276477146,1.675977653631285,176,177,3,0,174,177,22107,2,0,0,2,0
2020-09-04,US,Washington,Lewis,354,4,0,46.57756476,-122.39257690000001,53041.0,438.6236633749241,1.1299435028248588,350,353,4,0,349,348,79604,1,0,0,1,5
2020-09-04,US,Washington,Lincoln,32,1,0,47.57705241,-118.41943880000001,53043.0,292.53130999177256,3.125,31,31,1,0,30,31,10740,1,0,0,1,0
2020-09-04,US,Washington,Mason,333,1,0,47.35007586,-123.1863685,53045.0,498.7419122933142,0.3003003003003003,332,323,1,0,322,322,65507,10,0,0,10,1
2020-09-04,US,Washington,Okanogan,1003,7,0,48.54855019,-119.73872240000001,53047.0,2374.357881779229,0.6979062811565304,996,999,7,0,992,998,42132,4,0,0,4,1
2020-09-04,US,Washington,Pacific,64,3,0,46.55418369,-123.7285716,53049.0,284.81153486716215,4.6875,61,60,3,0,57,60,22036,4,0,0,4,0
2020-09-04,US,Washington,Pend Oreille,55,0,0,48.53234021,-117.2741804,53051.0,400.7577965607695,0.0,55,54,0,0,54,54,13602,1,0,0,1,0
2020-09-04,US,Washington,Pierce,6990,177,0,47.03892768,-122.14059579999999,53053.0,772.3927600609958,2.532188841201717,6813,6931,175,0,6756,6873,891299,59,2,0,57,58
2020-09-04,US,Washington,San Juan,29,0,0,48.60182783,-122.96745,53055.0,164.94141735866228,0.0,29,29,0,0,29,29,17128,0,0,0,0,0
2020-09-04,US,Washington,Skagit,1042,22,0,48.48171488,-121.766131,53057.0,806.4703378352231,2.111324376199616,1020,1040,22,0,1018,1026,128206,2,0,0,2,14
2020-09-04,US,Washington,Skamania,61,1,0,46.02408726,-121.91644029999999,53059.0,504.8415128693205,1.639344262295082,60,59,1,0,58,61,11924,2,0,0,2,-2
2020-09-04,US,Washington,Snohomish,6310,207,0,48.04615983,-121.7170703,53061.0,767.5623994170903,3.2805071315372425,6103,6287,207,0,6080,6248,814901,23,0,0,23,39
2020-09-04,US,Washington,Spokane,5469,138,0,47.62113146,-117.4046494,53063.0,1046.1019361206434,2.523313219967087,5331,5436,138,0,5298,5395,514631,33,0,0,33,41
2020-09-04,US,Washington,Stevens,128,2,0,48.40035475,-117.8542701,53065.0,279.9466351726702,1.5625,126,128,1,0,127,128,45260,0,1,0,-1,0
2020-09-04,US,Washington,Thurston,950,16,0,46.9291895,-122.82906559999999,53067.0,326.9818542280475,1.6842105263157894,934,939,16,0,923,929,286419,11,0,0,11,10
2020-09-04,US,Washington,Unassigned,290,5,0,0.0,0.0,90053.0,0.0,1.7241379310344829,285,287,6,0,281,285,,3,-1,0,4,2
2020-09-04,US,Washington,Wahkiakum,6,0,0,46.29180039999999,-123.4250831,53069.0,133.6898395721925,0.0,6,6,0,0,6,6,4426,0,0,0,0,0
2020-09-04,US,Washington,Walla Walla,781,5,0,46.23040051,-118.4775539,53071.0,1285.3851217906515,0.6402048655569782,776,772,5,0,767,774,60922,9,0,0,9,-2
2020-09-04,US,Washington,Whatcom,1125,39,0,48.82227976,-121.74900179999999,53073.0,490.7370652614865,3.466666666666667,1086,1118,39,0,1079,1114,225685,7,0,0,7,4
2020-09-04,US,Washington,Whitman,706,0,0,46.90022523,-117.52417630000001,53075.0,1409.0691361967108,0.0,706,655,0,0,655,600,49791,51,0,0,51,55
2020-09-04,US,Washington,Yakima,11007,243,0,46.45738486,-120.73801259999999,53077.0,4387.478923598793,2.2076860179885527,10764,10994,243,0,10751,10975,251446,13,0,0,13,19
2020-09-04,US,West Virginia,Barbour,34,1,0,39.1307219,-80.00350858,54001.0,206.80007298826104,2.9411764705882355,33,34,1,0,33,34,16535,0,0,0,0,0
2020-09-04,US,West Virginia,Berkeley,819,11,0,39.46704621,-78.02414609,54003.0,687.2477364459476,1.343101343101343,808,812,11,0,801,808,117123,7,0,0,7,4
2020-09-04,US,West Virginia,Boone,151,0,0,38.01974191,-81.69888019,54005.0,703.7330474903295,0.0,151,145,0,0,145,143,21951,6,0,0,6,2
2020-09-04,US,West Virginia,Braxton,9,0,0,38.70036159,-80.72011184,54007.0,64.48377158415133,0.0,9,9,0,0,9,9,14089,0,0,0,0,0
2020-09-04,US,West Virginia,Brooke,98,2,0,40.27367263,-80.57915332,54009.0,446.6931036054515,2.0408163265306123,96,97,2,0,95,95,22203,1,0,0,1,2
2020-09-04,US,West Virginia,Cabell,564,8,0,38.42424062,-82.23855912,54011.0,613.4101908749798,1.4184397163120568,556,560,8,0,552,555,93224,4,0,0,4,5
2020-09-04,US,West Virginia,Calhoun,12,0,0,38.84315422,-81.11934872,54013.0,168.80011253340837,0.0,12,12,0,0,12,10,7254,0,0,0,0,2
2020-09-04,US,West Virginia,Clay,27,2,0,38.46231092,-81.07652217,54015.0,317.3483779971791,7.407407407407407,25,27,2,0,25,27,8632,0,0,0,0,0
2020-09-04,US,West Virginia,Doddridge,9,0,0,39.27057157,-80.70671527,54017.0,106.5340909090909,0.0,9,7,0,0,7,6,8406,2,0,0,2,1
2020-09-04,US,West Virginia,Fayette,377,10,0,38.02974928,-81.08286634,54019.0,889.0251379521768,2.6525198938992043,367,369,10,0,359,365,43018,8,0,0,8,4
2020-09-04,US,West Virginia,Gilmer,20,0,0,38.9251277,-80.85952723,54021.0,255.65639780135498,0.0,20,20,0,0,20,19,8026,0,0,0,0,1
2020-09-04,US,West Virginia,Grant,143,6,0,39.10314817,-79.19440518,54023.0,1236.1687413554635,4.195804195804196,137,142,6,0,136,141,11626,1,0,0,1,1
2020-09-04,US,West Virginia,Greenbrier,106,3,0,37.9463652,-80.45335881,54025.0,305.8103975535168,2.830188679245283,103,106,3,0,103,105,34786,0,0,0,0,1
2020-09-04,US,West Virginia,Hampshire,92,1,0,39.32103553,-78.60826476,54027.0,396.97950377562034,1.0869565217391304,91,92,1,0,91,92,23347,0,0,0,0,0
2020-09-04,US,West Virginia,Hancock,126,0,0,40.51943859,-80.57461608,54029.0,437.3481430059008,0.0,126,123,0,0,123,122,29094,3,0,0,3,1
2020-09-04,US,West Virginia,Hardy,75,0,0,39.00683177,-78.85855301,54031.0,544.4250871080138,0.0,75,75,0,0,75,75,13775,0,0,0,0,0
2020-09-04,US,West Virginia,Harrison,287,2,0,39.2853852,-80.37919577,54033.0,426.72772689425483,0.6968641114982579,285,280,2,0,278,272,67554,7,0,0,7,8
2020-09-04,US,West Virginia,Jackson,208,20,0,38.84263974,-81.68148753,54035.0,727.8835386338188,9.615384615384617,188,205,20,0,185,205,28706,3,0,0,3,0
2020-09-04,US,West Virginia,Jefferson,378,4,0,39.30776166,-77.86014147,54037.0,661.4636195009274,1.058201058201058,374,373,4,0,369,365,56811,5,0,0,5,8
2020-09-04,US,West Virginia,Kanawha,1582,43,0,38.33860077,-81.52857054,54039.0,888.1453369562778,2.718078381795196,1539,1553,40,0,1513,1515,180454,29,3,0,26,38
2020-09-04,US,West Virginia,Lewis,36,2,0,38.9947249,-80.49988181,54041.0,226.31545860313068,5.5555555555555545,34,34,2,0,32,33,16024,2,0,0,2,1
2020-09-04,US,West Virginia,Lincoln,124,2,0,38.172154,-82.07017953,54043.0,607.5750894213338,1.6129032258064515,122,123,2,0,121,123,20599,1,0,0,1,0
2020-09-04,US,West Virginia,Logan,511,32,0,37.8299889,-81.93528571,54045.0,1595.9274180955053,6.262230919765166,479,503,30,0,473,501,32607,8,2,0,6,2
2020-09-04,US,West Virginia,Marion,224,2,0,39.50984542,-80.24244659,54049.0,399.48637466114997,0.8928571428571429,222,221,2,0,219,220,56097,3,0,0,3,1
2020-09-04,US,West Virginia,Marshall,133,1,0,39.86064362,-80.66591062,54051.0,435.622809603354,0.7518796992481203,132,133,1,0,132,133,30785,0,0,0,0,0
2020-09-04,US,West Virginia,Mason,120,1,0,38.77071799,-82.02524219,54053.0,452.55694674913263,0.8333333333333334,119,120,1,0,119,109,26718,0,0,0,0,11
2020-09-04,US,West Virginia,McDowell,73,1,0,37.38002939,-81.65083669,54047.0,414.2078983204721,1.3698630136986298,72,73,1,0,72,71,18223,0,0,0,0,2
2020-09-04,US,West Virginia,Mercer,331,24,0,37.40481169,-81.11023142,54055.0,563.3275468872324,7.250755287009063,307,323,24,0,299,318,59131,8,0,0,8,5
2020-09-04,US,West Virginia,Mineral,147,4,0,39.41561583,-78.94104895,54057.0,547.119249665029,2.7210884353741496,143,147,4,0,143,147,26940,0,0,0,0,0
2020-09-04,US,West Virginia,Mingo,266,7,0,37.73048351,-82.13338365,54059.0,1135.5874316939892,2.631578947368421,259,262,7,0,255,250,23785,4,0,0,4,12
2020-09-04,US,West Virginia,Monongalia,1294,5,0,39.63218457,-80.04766838,54061.0,1225.239556111048,0.3863987635239568,1289,1259,5,0,1254,1209,106420,35,0,0,35,50
2020-09-04,US,West Virginia,Monroe,127,5,0,37.56274716,-80.54577965,54063.0,956.6854990583804,3.9370078740157477,122,127,5,0,122,126,13280,0,0,0,0,1
2020-09-04,US,West Virginia,Morgan,40,0,0,39.55439028,-78.26311676,54065.0,223.66360993066428,0.0,40,38,0,0,38,38,17787,2,0,0,2,0
2020-09-04,US,West Virginia,Nicholas,56,3,0,38.29617706,-80.79759588,54067.0,228.6087524493795,5.357142857142857,53,53,3,0,50,53,24842,3,0,0,3,0
2020-09-04,US,West Virginia,Ohio,293,6,0,40.0955451,-80.62203992,54069.0,707.5414744874548,2.04778156996587,287,293,6,0,287,293,41755,0,0,0,0,0
2020-09-04,US,West Virginia,Pendleton,45,1,0,38.68314479,-79.35084086,54071.0,645.7167455876022,2.2222222222222223,44,45,1,0,44,45,6997,0,0,0,0,0
2020-09-04,US,West Virginia,Pleasants,15,2,0,39.37091679,-81.16771771,54073.0,201.07238605898124,13.333333333333336,13,15,2,0,13,15,7507,0,0,0,0,0
2020-09-04,US,West Virginia,Pocahontas,45,0,0,38.32758728,-80.00993811,54075.0,545.6529647144416,0.0,45,45,0,0,45,45,8414,0,0,0,0,0
2020-09-04,US,West Virginia,Preston,140,4,0,39.46770987,-79.66712803,54077.0,418.7604690117253,2.8571428571428568,136,140,4,0,136,140,33839,0,0,0,0,0
2020-09-04,US,West Virginia,Putnam,323,0,0,38.50782345,-81.9082131,54079.0,572.1877767936228,0.0,323,307,0,0,307,294,56682,16,0,0,16,13
2020-09-04,US,West Virginia,Raleigh,386,4,0,37.76936795,-81.2456041,54081.0,526.1651286105697,1.0362694300518134,382,377,4,0,373,372,74254,9,0,0,9,5
2020-09-04,US,West Virginia,Randolph,227,1,0,38.769899,-79.87919615,54083.0,791.0785851193589,0.4405286343612335,226,227,1,0,226,227,28823,0,0,0,0,0
2020-09-04,US,West Virginia,Ritchie,6,0,0,39.18094587,-81.06356878,54085.0,62.80092108017585,0.0,6,6,0,0,6,5,9721,0,0,0,0,1
2020-09-04,US,West Virginia,Roane,34,1,0,38.71622686,-81.35243568,54087.0,248.39275277615428,2.9411764705882355,33,33,1,0,32,33,13932,1,0,0,1,0
2020-09-04,US,West Virginia,Summers,21,0,0,37.65390597,-80.86009693,54089.0,167.02457647339537,0.0,21,20,0,0,20,20,12760,1,0,0,1,0
2020-09-04,US,West Virginia,Taylor,108,6,0,39.33602617,-80.0421439,54091.0,646.9002695417789,5.5555555555555545,102,108,6,0,102,106,16862,0,0,0,0,2
2020-09-04,US,West Virginia,Tucker,11,0,0,39.11240885,-79.57053576,54093.0,160.84222839596433,0.0,11,11,0,0,11,11,6955,0,0,0,0,0
2020-09-04,US,West Virginia,Tyler,15,0,0,39.46811972,-80.88772676,54095.0,174.60132697008495,0.0,15,15,0,0,15,15,8746,0,0,0,0,0
2020-09-04,US,West Virginia,Upshur,45,0,0,38.89285061,-80.23689136,54097.0,186.13500992720054,0.0,45,45,0,0,45,45,24415,0,0,0,0,0
2020-09-04,US,West Virginia,Wayne,280,10,0,38.14901357,-82.42287994,54099.0,710.6238262017157,3.571428571428572,270,269,10,0,259,259,39944,11,0,0,11,10
2020-09-04,US,West Virginia,Webster,7,0,0,38.49370949,-80.4202023,54101.0,86.27064333251171,0.0,7,7,0,0,7,7,8285,0,0,0,0,0
2020-09-04,US,West Virginia,Wetzel,45,0,0,39.6065771,-80.64016540000001,54103.0,298.70560902754727,0.0,45,45,0,0,45,45,15270,0,0,0,0,0
2020-09-04,US,West Virginia,Wirt,9,0,0,39.02775007,-81.37473928,54105.0,154.6126095172651,0.0,9,9,0,0,9,9,5830,0,0,0,0,0
2020-09-04,US,West Virginia,Wood,318,5,0,39.20967886,-81.5162836,54107.0,380.7562441629349,1.572327044025157,313,313,5,0,308,310,84203,5,0,0,5,3
2020-09-04,US,West Virginia,Wyoming,70,3,0,37.612327,-81.54511071,54109.0,343.23820731587716,4.285714285714286,67,68,3,0,65,68,20786,2,0,0,2,0
2020-09-04,US,Wisconsin,Adams,134,3,0,43.96974651,-89.76782777,55001.0,662.7101879327397,2.238805970149253,131,124,3,0,121,121,20348,10,0,0,10,3
2020-09-04,US,Wisconsin,Ashland,37,1,0,46.31956891,-90.67837132,55003.0,237.758642847963,2.702702702702702,36,35,1,0,34,35,15600,2,0,0,2,0
2020-09-04,US,Wisconsin,Barron,382,3,0,45.42372701,-91.84833627,55005.0,844.3108478472284,0.7853403141361257,379,381,3,0,378,375,45164,1,0,0,1,6
2020-09-04,US,Wisconsin,Bayfield,50,1,0,46.52868768,-91.19716729,55007.0,332.5352487363661,2.0,49,47,1,0,46,47,15042,3,0,0,3,0
2020-09-04,US,Wisconsin,Brown,5689,58,0,44.452655299999996,-88.00411844,55009.0,2150.509181906843,1.0195113376691862,5631,5550,58,0,5492,5508,263378,139,0,0,139,42
2020-09-04,US,Wisconsin,Buffalo,84,2,0,44.37835084,-91.75332578,55011.0,644.6166832936842,2.380952380952381,82,77,2,0,75,69,13125,7,0,0,7,8
2020-09-04,US,Wisconsin,Burnett,45,2,0,45.86303537,-92.36711412,55013.0,291.9423900350331,4.4444444444444455,43,44,2,0,42,43,15392,1,0,0,1,1
2020-09-04,US,Wisconsin,Calumet,554,2,0,44.0816316,-88.21780273,55015.0,1106.031264349458,0.36101083032490977,552,532,2,0,530,520,50159,22,0,0,22,12
2020-09-04,US,Wisconsin,Chippewa,371,0,0,45.06939744,-91.28068855,55017.0,573.7882396609855,0.0,371,364,0,0,364,354,64135,7,0,0,7,10
2020-09-04,US,Wisconsin,Clark,257,8,0,44.73483377,-90.61207486,55019.0,739.0579168344168,3.1128404669260696,249,248,8,0,240,247,34709,9,0,0,9,1
2020-09-04,US,Wisconsin,Columbia,372,2,0,43.46492199,-89.33589004,55021.0,646.5966766321352,0.5376344086021505,370,369,2,0,367,366,57358,3,0,0,3,3
2020-09-04,US,Wisconsin,Crawford,113,0,0,43.23870316,-90.93073686,55023.0,700.5145372264584,0.0,113,111,0,0,111,107,16291,2,0,0,2,4
2020-09-04,US,Wisconsin,Dane,5799,40,0,43.06601594,-89.41733797,55025.0,1060.737705667694,0.6897740989825832,5759,5639,40,0,5599,5564,542364,160,0,0,160,75
2020-09-04,US,Wisconsin,Dodge,1233,5,0,43.41576662,-88.70928178,55027.0,1403.7045048327054,0.4055150040551501,1228,1209,5,0,1204,1200,87847,24,0,0,24,9
2020-09-04,US,Wisconsin,Door,143,3,0,44.95856458,-87.30002707,55029.0,516.8425618042504,2.097902097902098,140,138,3,0,135,134,27610,5,0,0,5,4
2020-09-04,US,Wisconsin,Douglas,270,0,0,46.43222285,-91.91595768,55031.0,625.7242178447278,0.0,270,264,0,0,264,258,43208,6,0,0,6,6
2020-09-04,US,Wisconsin,Dunn,187,0,0,44.94562799,-91.8962481,55033.0,412.18479985893134,0.0,187,183,0,0,183,179,45131,4,0,0,4,4
2020-09-04,US,Wisconsin,Eau Claire,882,6,0,44.726614,-91.28609183,55035.0,842.8415801846222,0.6802721088435374,876,860,6,0,854,838,104534,22,0,0,22,22
2020-09-04,US,Wisconsin,Florence,32,0,0,45.84963535,-88.39804137,55037.0,745.0523864959255,0.0,32,28,0,0,28,27,4321,4,0,0,4,1
2020-09-04,US,Wisconsin,Fond du Lac,1225,10,0,43.75354908,-88.48885325,55039.0,1184.6851638733885,0.8163265306122449,1215,1201,10,0,1191,1170,103066,24,0,0,24,31
2020-09-04,US,Wisconsin,Forest,94,4,0,45.66678019,-88.77084892,55041.0,1043.9804531319414,4.25531914893617,90,83,4,0,79,81,8991,11,0,0,11,2
2020-09-04,US,Wisconsin,Grant,443,18,0,42.8671731,-90.7063218,55043.0,861.2142537763176,4.063205417607223,425,436,18,0,418,435,51554,7,0,0,7,1
2020-09-04,US,Wisconsin,Green,278,2,0,42.6794956,-89.60243287,55045.0,752.1645021645022,0.7194244604316546,276,272,1,0,271,269,36929,6,1,0,5,3
2020-09-04,US,Wisconsin,Green Lake,101,0,0,43.80025981,-89.04679553,55047.0,534.0242161476233,0.0,101,95,0,0,95,94,18918,6,0,0,6,1
2020-09-04,US,Wisconsin,Iowa,123,0,0,43.00050278,-90.13469017,55049.0,519.4695497930569,0.0,123,123,0,0,123,122,23771,0,0,0,0,1
2020-09-04,US,Wisconsin,Iron,130,1,0,46.26302338,-90.24295041,55051.0,2285.91524529629,0.7692307692307693,129,128,1,0,127,126,5676,2,0,0,2,2
2020-09-04,US,Wisconsin,Jackson,77,1,0,44.31864893,-90.80566792,55053.0,373.0077992539844,1.2987012987012987,76,77,1,0,76,76,20478,0,0,0,0,1
2020-09-04,US,Wisconsin,Jefferson,963,7,0,43.02054068,-88.77529134,55055.0,1136.02850098503,0.726895119418484,956,946,7,0,939,932,85129,17,0,0,17,14
2020-09-04,US,Wisconsin,Juneau,248,1,0,43.92456975,-90.11120239,55057.0,929.2914152958368,0.4032258064516129,247,245,1,0,244,240,26617,3,0,0,3,5
2020-09-04,US,Wisconsin,Kenosha,3024,65,0,42.57639354,-88.04051686,55059.0,1783.428972464187,2.1494708994708995,2959,3013,65,0,2948,2991,169290,11,0,0,11,22
2020-09-04,US,Wisconsin,Kewaunee,202,2,0,44.51727459,-87.61468386,55061.0,988.5484976020357,0.99009900990099,200,196,2,0,194,191,20383,6,0,0,6,5
2020-09-04,US,Wisconsin,La Crosse,1286,2,0,43.90632465,-91.11451093,55063.0,1089.682754880694,0.15552099533437014,1284,1239,2,0,1237,1208,118230,47,0,0,47,31
2020-09-04,US,Wisconsin,Lafayette,186,0,0,42.66005229,-90.1317729,55065.0,1116.1116111611161,0.0,186,185,0,0,185,185,16665,1,0,0,1,0
2020-09-04,US,Wisconsin,Langlade,84,2,0,45.26271619,-89.07483625,55067.0,437.75079472614516,2.380952380952381,82,84,2,0,82,84,19268,0,0,0,0,0
2020-09-04,US,Wisconsin,Lincoln,87,1,0,45.33737523,-89.73411273,55069.0,315.2973580255862,1.1494252873563218,86,85,1,0,84,85,27689,2,0,0,2,0
2020-09-04,US,Wisconsin,Manitowoc,570,2,0,44.11946801,-87.80928853,55071.0,721.6925589698789,0.3508771929824561,568,551,2,0,549,541,79074,19,0,0,19,10
2020-09-04,US,Wisconsin,Marathon,804,14,0,44.89792533,-89.75863384,55073.0,592.5183503817469,1.7412935323383083,790,791,14,0,777,788,135428,13,0,0,13,3
2020-09-04,US,Wisconsin,Marinette,627,6,0,45.38553432,-88.03324599999998,55075.0,1553.903345724907,0.9569377990430622,621,620,6,0,614,618,40434,7,0,0,7,2
2020-09-04,US,Wisconsin,Marquette,100,1,0,43.81911946,-89.40073763,55077.0,642.0958006934635,1.0,99,93,1,0,92,91,15434,7,0,0,7,2
2020-09-04,US,Wisconsin,Menominee,29,0,0,45.00422544,-88.70950714,55078.0,636.523266022827,0.0,29,29,0,0,29,29,4658,0,0,0,0,0
2020-09-04,US,Wisconsin,Milwaukee,24601,496,0,43.00486062,-87.96733172,55079.0,2601.281978078217,2.0161782041380434,24105,24380,494,0,23886,24263,948201,221,2,0,219,117
2020-09-04,US,Wisconsin,Monroe,298,2,0,43.94641218,-90.61881899999999,55081.0,644.2825330248849,0.6711409395973155,296,292,2,0,290,290,46051,6,0,0,6,2
2020-09-04,US,Wisconsin,Oconto,455,2,0,45.02715345,-88.26807503,55083.0,1199.5781703137359,0.4395604395604396,453,439,2,0,437,436,37830,16,0,0,16,3
2020-09-04,US,Wisconsin,Oneida,222,0,0,45.70677897,-89.51944105,55085.0,623.6831015592078,0.0,222,219,0,0,219,218,35470,3,0,0,3,1
2020-09-04,US,Wisconsin,Outagamie,2137,21,0,44.41578887,-88.46565023,55087.0,1137.3978763605396,0.9826860084230228,2116,2014,21,0,1993,1974,187365,123,0,0,123,40
2020-09-04,US,Wisconsin,Ozaukee,974,18,0,43.38352225,-87.94625009,55089.0,1091.6712433171563,1.8480492813141685,956,941,18,0,923,935,89147,33,0,0,33,6
2020-09-04,US,Wisconsin,Pepin,48,0,0,44.58307413,-91.99949611,55091.0,658.7072869493619,0.0,48,48,0,0,48,48,7289,0,0,0,0,0
2020-09-04,US,Wisconsin,Pierce,296,6,0,44.71850291,-92.4224416,55093.0,692.3328811339287,2.0270270270270268,290,295,6,0,289,294,42555,1,0,0,1,1
2020-09-04,US,Wisconsin,Polk,179,2,0,45.46130348,-92.44182875,55095.0,408.83447913573764,1.11731843575419,177,179,2,0,177,176,43598,0,0,0,0,3
2020-09-04,US,Wisconsin,Portage,686,2,0,44.47558711,-89.50152965,55097.0,969.3098965692647,0.2915451895043732,684,667,1,0,666,652,70942,19,1,0,18,15
2020-09-04,US,Wisconsin,Price,36,0,0,45.68051754,-90.36098879999999,55099.0,269.64272339150625,0.0,36,35,0,0,35,36,13397,1,0,0,1,-1
2020-09-04,US,Wisconsin,Racine,4129,91,0,42.74753117,-88.05941254,55101.0,2103.2952814666523,2.203923468152095,4038,4063,91,0,3972,4049,196584,66,0,0,66,14
2020-09-04,US,Wisconsin,Richland,56,4,0,43.3762778,-90.43012729,55103.0,324.6000463714352,7.142857142857142,52,56,4,0,52,51,17377,0,0,0,0,5
2020-09-04,US,Wisconsin,Rock,1763,27,0,42.67151616,-89.07147900000002,55105.0,1079.2511967873452,1.5314804310833805,1736,1735,26,0,1709,1718,163129,28,1,0,27,17
2020-09-04,US,Wisconsin,Rusk,24,1,0,45.47498854,-91.1333012,55107.0,169.27634363097758,4.166666666666667,23,24,1,0,23,25,14147,0,0,0,0,-1
2020-09-04,US,Wisconsin,Sauk,673,3,0,43.42574087,-89.94966132,55111.0,1044.3499581018589,0.4457652303120357,670,660,3,0,657,654,64249,13,0,0,13,6
2020-09-04,US,Wisconsin,Sawyer,165,0,0,45.87931905,-91.14504927,55113.0,996.497161492934,0.0,165,163,0,0,163,162,16489,2,0,0,2,1
2020-09-04,US,Wisconsin,Shawano,307,0,0,44.78902246,-88.76443896,55115.0,750.629599745715,0.0,307,289,0,0,289,287,40796,18,0,0,18,2
2020-09-04,US,Wisconsin,Sheboygan,1141,9,0,43.72099677,-87.94579284,55117.0,989.249176348188,0.7887817703768624,1132,1103,9,0,1094,1091,115456,38,0,0,38,12
2020-09-04,US,Wisconsin,St. Croix,665,7,0,45.03437474,-92.45000068,55109.0,733.2914309658496,1.0526315789473684,658,657,7,0,650,646,89694,8,0,0,8,11
2020-09-04,US,Wisconsin,Taylor,117,3,0,45.21179252,-90.5004405,55119.0,575.1364105589147,2.5641025641025643,114,116,3,0,113,113,20412,1,0,0,1,3
2020-09-04,US,Wisconsin,Trempealeau,437,2,0,44.30360275,-91.35893614,55121.0,1473.911430402375,0.4576659038901602,435,431,2,0,429,426,29442,6,0,0,6,5
2020-09-04,US,Wisconsin,Vernon,115,0,0,43.59422667,-90.8324691,55123.0,373.1101161508014,0.0,115,107,0,0,107,105,30785,8,0,0,8,2
2020-09-04,US,Wisconsin,Vilas,124,0,0,46.05467334,-89.51719204,55125.0,558.6843883757601,0.0,124,120,0,0,120,114,21938,4,0,0,4,6
2020-09-04,US,Wisconsin,Walworth,1765,32,0,42.66858202,-88.54163073,55127.0,1699.2721531174182,1.813031161473088,1733,1732,32,0,1700,1726,103718,33,0,0,33,6
2020-09-04,US,Wisconsin,Washburn,71,0,0,45.89838588,-91.79050449,55129.0,451.6539440203562,0.0,71,70,0,0,70,69,15878,1,0,0,1,1
2020-09-04,US,Wisconsin,Washington,1737,29,0,43.36863664,-88.22974712,55131.0,1276.8866606877693,1.6695451928612548,1708,1688,29,0,1659,1669,135693,49,0,0,49,19
2020-09-04,US,Wisconsin,Waukesha,5754,77,0,43.01833055,-88.30431188,55133.0,1423.559740523209,1.338199513381995,5677,5680,75,0,5605,5650,403072,74,2,0,72,30
2020-09-04,US,Wisconsin,Waupaca,734,18,0,44.47068056,-88.96534501,55135.0,1439.4979407727005,2.4523160762942777,716,704,18,0,686,690,51128,30,0,0,30,14
2020-09-04,US,Wisconsin,Waushara,179,2,0,44.11324419,-89.24317107,55137.0,732.3160004909381,1.11731843575419,177,168,2,0,166,167,24263,11,0,0,11,1
2020-09-04,US,Wisconsin,Winnebago,1645,21,0,44.06886922,-88.64477096,55139.0,956.9127493353964,1.2765957446808511,1624,1597,21,0,1576,1569,171020,48,0,0,48,28
2020-09-04,US,Wisconsin,Wood,506,3,0,44.45537896,-90.04158336,55141.0,693.1601802764421,0.5928853754940712,503,489,3,0,486,478,73055,17,0,0,17,11
2020-09-04,US,Wyoming,Albany,164,0,0,41.65498705,-105.72354150000001,56001.0,421.8106995884774,0.0,164,157,0,0,157,148,38601,7,0,0,7,9
2020-09-04,US,Wyoming,Big Horn,50,1,0,44.52405055,-107.9960365,56003.0,424.0882103477524,2.0,49,48,1,0,47,46,11881,2,0,0,2,2
2020-09-04,US,Wyoming,Campbell,202,1,0,44.24886082,-105.54744040000001,56005.0,435.89909583306365,0.4950495049504951,201,201,1,0,200,200,46140,1,0,0,1,1
2020-09-04,US,Wyoming,Carbon,191,2,0,41.69357844,-106.9326084,56007.0,1290.5405405405404,1.0471204188481675,189,191,2,0,189,191,14971,0,0,0,0,0
2020-09-04,US,Wyoming,Converse,45,0,0,42.97272268,-105.5081848,56009.0,325.56793517580667,0.0,45,45,0,0,45,45,13640,0,0,0,0,0
2020-09-04,US,Wyoming,Crook,14,0,0,44.58855102,-104.56977049999999,56011.0,184.59915611814347,0.0,14,14,0,0,14,14,7450,0,0,0,0,0
2020-09-04,US,Wyoming,Fremont,611,14,0,43.04183996,-108.6296893,56013.0,1556.2517511016022,2.2913256955810146,597,609,14,0,595,610,39531,2,0,0,2,-1
2020-09-04,US,Wyoming,Goshen,64,1,0,42.08798185,-104.3534743,56015.0,484.44478086443115,1.5625,63,62,1,0,61,61,13376,2,0,0,2,1
2020-09-04,US,Wyoming,Hot Springs,31,0,0,43.71930657,-108.44231740000001,56017.0,702.4699750736461,0.0,31,30,0,0,30,30,4555,1,0,0,1,0
2020-09-04,US,Wyoming,Johnson,27,1,0,44.04057166,-106.58451740000001,56019.0,319.7158081705151,3.703703703703704,26,27,1,0,26,27,8460,0,0,0,0,0
2020-09-04,US,Wyoming,Laramie,583,4,0,41.30702520000001,-104.6887497,56021.0,585.929648241206,0.6861063464837049,579,580,4,0,576,577,98976,3,0,0,3,3
2020-09-04,US,Wyoming,Lincoln,116,1,0,42.26376367,-110.6563997,56023.0,584.9722642460918,0.8620689655172413,115,115,1,0,114,114,19434,1,0,0,1,1
2020-09-04,US,Wyoming,Natrona,307,2,0,42.96180148,-106.79788500000001,56025.0,384.4323674522277,0.6514657980456026,305,302,1,0,301,298,79115,5,1,0,4,4
2020-09-04,US,Wyoming,Niobrara,3,0,0,43.05607708,-104.47588959999999,56027.0,127.33446519524618,0.0,3,3,0,0,3,3,2388,0,0,0,0,0
2020-09-04,US,Wyoming,Park,172,1,0,44.52157546,-109.58528249999999,56029.0,589.1621566075221,0.5813953488372093,171,171,1,0,170,170,29324,1,0,0,1,1
2020-09-04,US,Wyoming,Platte,7,1,0,42.13299116,-104.96633100000001,56031.0,83.40283569641367,14.285714285714285,6,7,1,0,6,7,8566,0,0,0,0,0
2020-09-04,US,Wyoming,Sheridan,170,1,0,44.79048913,-106.8862389,56033.0,557.6513039199606,0.5882352941176471,169,157,1,0,156,154,30233,13,0,0,13,3
2020-09-04,US,Wyoming,Sublette,48,1,0,42.76558279,-109.91309220000001,56035.0,488.2514494964907,2.083333333333333,47,49,1,0,48,48,9813,-1,0,0,-1,1
2020-09-04,US,Wyoming,Sweetwater,307,2,0,41.65943896,-108.8827882,56037.0,725.0312920671657,0.6514657980456026,305,304,2,0,302,304,43051,3,0,0,3,0
2020-09-04,US,Wyoming,Teton,440,1,0,43.93522482,-110.5890801,56039.0,1875.2130923968632,0.2272727272727273,439,435,1,0,434,433,23081,5,0,0,5,2
2020-09-04,US,Wyoming,Uinta,308,2,0,41.2878183,-110.54757820000002,56041.0,1522.792445367349,0.6493506493506493,306,305,2,0,303,303,20299,3,0,0,3,2
2020-09-04,US,Wyoming,Washakie,110,6,0,43.90451606,-107.68018700000002,56043.0,1409.3529788597052,5.454545454545454,104,109,6,0,103,109,7885,1,0,0,1,0
2020-09-04,US,Wyoming,Weston,20,0,0,43.83961191,-104.56748809999999,56045.0,288.72527789808,0.0,20,20,0,0,20,19,6967,0,0,0,0,1
