Date,Country/Region,Province/State,Admin2,Confirmed,Deaths,Recovered,Latitude,Longitude,FIPS,Incidence_Rate,Case-Fatality_Ratio,Active Cases,Previous Confirmed,Previous Deaths,Previous Recovered,Previous Active,Prev2 Confirmed,Population,Daily Confirmed,Daily Deaths,Daily Recovered,Daily Active,Previous Daily Confirmed
2020-10-10,US,Alabama,Autauga,1898,28,0,32.53952745,-86.64408227,1001.0,3397.232812472033,1.4752370916754478,1870,1882,28,0,1854,1863,55601,16,0,0,16,19
2020-10-10,US,Alabama,Baldwin,6190,65,0,30.72774991,-87.72207058,1003.0,2772.875099671197,1.050080775444265,6125,6172,64,0,6108,6141,218022,18,1,0,17,31
2020-10-10,US,Alabama,Barbour,942,9,0,31.868263,-85.3871286,1005.0,3815.928056388236,0.9554140127388536,933,939,9,0,930,927,24881,3,0,0,3,12
2020-10-10,US,Alabama,Bibb,726,12,0,32.99642064,-87.12511459999996,1007.0,3241.939805304992,1.6528925619834711,714,719,12,0,707,708,22400,7,0,0,7,11
2020-10-10,US,Alabama,Blount,1704,16,0,33.98210918,-86.56790593,1009.0,2946.771348528345,0.9389671361502347,1688,1689,16,0,1673,1681,57840,15,0,0,15,8
2020-10-10,US,Alabama,Bullock,623,16,0,32.10030533,-85.71265535,1011.0,6167.706167706167,2.5682182985553768,607,622,16,0,606,619,10138,1,0,0,1,3
2020-10-10,US,Alabama,Butler,952,40,0,31.75300095,-86.68057478,1013.0,4895.104895104895,4.201680672268908,912,943,40,0,903,932,19680,9,0,0,9,11
2020-10-10,US,Alabama,Calhoun,3823,49,0,33.77483727,-85.82630386,1015.0,3365.1687865850977,1.281715929897986,3774,3803,47,0,3756,3752,114277,20,2,0,18,51
2020-10-10,US,Alabama,Chambers,1242,43,0,32.91360079,-85.39072749,1017.0,3734.889035905455,3.4621578099838968,1199,1238,43,0,1195,1222,33615,4,0,0,4,16
2020-10-10,US,Alabama,Cherokee,666,13,0,34.17805983,-85.60638968,1019.0,2542.372881355933,1.951951951951952,653,662,13,0,649,654,26032,4,0,0,4,8
2020-10-10,US,Alabama,Chilton,1713,30,0,32.85044126,-86.7173256,1021.0,3855.676600342127,1.7513134851138354,1683,1701,30,0,1671,1684,44153,12,0,0,12,17
2020-10-10,US,Alabama,Choctaw,375,12,0,32.02227341,-88.26564429999998,1023.0,2978.791008022877,3.2,363,374,12,0,362,369,12841,1,0,0,1,5
2020-10-10,US,Alabama,Clarke,1216,16,0,31.68099859,-87.83548597,1025.0,5147.743628820591,1.3157894736842106,1200,1203,16,0,1187,1184,23920,13,0,0,13,19
2020-10-10,US,Alabama,Clay,641,9,0,33.26984193,-85.85836077,1027.0,4843.218738194182,1.4040561622464898,632,634,9,0,625,627,13275,7,0,0,7,7
2020-10-10,US,Alabama,Cleburne,467,6,0,33.67679204,-85.52005899,1029.0,3132.126089872569,1.284796573875803,461,452,6,0,446,449,14987,15,0,0,15,3
2020-10-10,US,Alabama,Coffee,1521,6,0,31.39932826,-85.98901039,1031.0,2905.8881968591195,0.3944773175542407,1515,1513,7,0,1506,1497,51909,8,-1,0,9,16
2020-10-10,US,Alabama,Colbert,1804,27,0,34.69847452,-87.80168544,1033.0,3265.6903386977065,1.496674057649667,1777,1787,27,0,1760,1771,54762,17,0,0,17,16
2020-10-10,US,Alabama,Conecuh,547,12,0,31.43401703,-86.99320044,1035.0,4533.0239496146505,2.1937842778793417,535,546,12,0,534,542,12277,1,0,0,1,4
2020-10-10,US,Alabama,Coosa,187,3,0,32.93690146,-86.24847739,1037.0,1753.7278439463564,1.60427807486631,184,186,3,0,183,183,10715,1,0,0,1,3
2020-10-10,US,Alabama,Covington,1541,29,0,31.247785399999998,-86.45050893,1039.0,4159.356527841507,1.8818948734587932,1512,1533,29,0,1504,1514,36986,8,0,0,8,19
2020-10-10,US,Alabama,Crenshaw,562,30,0,31.72941803,-86.31593104,1041.0,4080.743537612547,5.338078291814947,532,559,30,0,529,554,13824,3,0,0,3,5
2020-10-10,US,Alabama,Cullman,2036,21,0,34.13020303,-86.86888037,1043.0,2430.522395186706,1.031434184675835,2015,2025,21,0,2004,2001,83442,11,0,0,11,24
2020-10-10,US,Alabama,Dale,1542,50,0,31.43037123,-85.61095742,1045.0,3135.931017652323,3.2425421530479897,1492,1534,49,0,1485,1527,48956,8,1,0,7,7
2020-10-10,US,Alabama,Dallas,1829,26,0,32.32688101,-87.10866709999998,1047.0,4917.195397354554,1.4215418261344996,1803,1828,26,0,1802,1817,38310,1,0,0,1,11
2020-10-10,US,Alabama,DeKalb,2803,24,0,34.45946862,-85.80782906,1049.0,3919.5670717212256,0.8562254727078129,2779,2769,24,0,2745,2709,71385,34,0,0,34,60
2020-10-10,US,Alabama,Elmore,2945,50,0,32.59785413,-86.14415284,1051.0,3626.445344727801,1.6977928692699489,2895,2917,50,0,2867,2889,81887,28,0,0,28,28
2020-10-10,US,Alabama,Escambia,1684,27,0,31.1256789,-87.15918694,1053.0,4596.948106898152,1.6033254156769596,1657,1680,27,0,1653,1670,36748,4,0,0,4,10
2020-10-10,US,Alabama,Etowah,3769,45,0,34.04567266,-86.04051873,1055.0,3685.414792505965,1.1939506500397985,3724,3754,45,0,3709,3726,102501,15,0,0,15,28
2020-10-10,US,Alabama,Fayette,497,10,0,33.72076938,-87.73886638,1057.0,3048.705680284628,2.0120724346076457,487,491,10,0,481,490,16433,6,0,0,6,1
2020-10-10,US,Alabama,Franklin,1886,30,0,34.44235334,-87.84289505,1059.0,6013.647088833621,1.5906680805938491,1856,1872,30,0,1842,1871,31363,14,0,0,14,1
2020-10-10,US,Alabama,Geneva,785,6,0,31.09389027,-85.83572839,1061.0,2988.085721898672,0.7643312101910829,779,775,6,0,769,765,26314,10,0,0,10,10
2020-10-10,US,Alabama,Greene,326,15,0,32.85504247,-87.95684022,1063.0,4019.2331401800025,4.601226993865031,311,325,15,0,310,313,8233,1,0,0,1,12
2020-10-10,US,Alabama,Hale,696,29,0,32.76039258,-87.63284988,1065.0,4750.528974131458,4.166666666666667,667,695,28,0,667,682,14726,1,1,0,0,13
2020-10-10,US,Alabama,Henry,593,5,0,31.51148016,-85.24267944,1067.0,3446.672478930543,0.8431703204047217,588,589,5,0,584,579,17209,4,0,0,4,10
2020-10-10,US,Alabama,Houston,3482,25,0,31.15197924,-85.29939599,1069.0,3288.5665174439478,0.7179781734635267,3457,3466,25,0,3441,3428,104722,16,0,0,16,38
2020-10-10,US,Alabama,Jackson,1799,12,0,34.78144169,-85.99750489,1071.0,3484.678262890792,0.6670372429127293,1787,1777,12,0,1765,1745,51736,22,0,0,22,32
2020-10-10,US,Alabama,Jefferson,21335,362,0,33.55554728,-86.89506300000002,1073.0,3239.580122476931,1.696742441996719,20973,21162,361,0,20801,20965,659300,173,1,0,172,197
2020-10-10,US,Alabama,Lamar,413,3,0,33.77995024,-88.09668032,1075.0,2991.6696848967767,0.7263922518159807,410,407,3,0,404,404,13844,6,0,0,6,3
2020-10-10,US,Alabama,Lauderdale,1914,37,0,34.90171875,-87.65624729,1077.0,2064.0791985247333,1.9331243469174504,1877,1894,37,0,1857,1880,92387,20,0,0,20,14
2020-10-10,US,Alabama,Lawrence,711,28,0,34.52041498,-87.31069453,1079.0,2159.5188919936827,3.938115330520394,683,699,26,0,673,689,32957,12,2,0,10,10
2020-10-10,US,Alabama,Lee,6281,64,0,32.60154883,-85.35132246,1081.0,3817.2624618638397,1.0189460277025952,6217,6268,64,0,6204,6243,163941,13,0,0,13,25
2020-10-10,US,Alabama,Limestone,2478,23,0,34.81185586,-86.98310072,1083.0,2505.1812161957237,0.9281678773204196,2455,2439,23,0,2416,2396,96174,39,0,0,39,43
2020-10-10,US,Alabama,Lowndes,679,27,0,32.1597283,-86.65158371,1085.0,6981.28727123175,3.976435935198822,652,675,27,0,648,672,9974,4,0,0,4,3
2020-10-10,US,Alabama,Macon,512,18,0,32.38759944,-85.69267724,1087.0,2833.7392074385652,3.515625,494,507,18,0,489,503,18439,5,0,0,5,4
2020-10-10,US,Alabama,Madison,8483,83,0,34.76327133,-86.55069633,1089.0,2274.8177169228948,0.9784274431215372,8400,8438,83,0,8355,8375,366519,45,0,0,45,63
2020-10-10,US,Alabama,Marengo,876,20,0,32.24767634,-87.78796182,1091.0,4644.012087154747,2.2831050228310503,856,850,20,0,830,757,19066,26,0,0,26,93
2020-10-10,US,Alabama,Marion,1020,29,0,34.13697363,-87.88704173,1093.0,3433.3030394829852,2.843137254901962,991,1020,29,0,991,1015,29763,0,0,0,0,5
2020-10-10,US,Alabama,Marshall,4137,45,0,34.36975964,-86.30486727,1095.0,4274.9085498171,1.0877447425670776,4092,4121,45,0,4076,4083,96109,16,0,0,16,38
2020-10-10,US,Alabama,Mobile,13920,308,0,30.78472347,-88.20842409,1097.0,3368.747126158612,2.21264367816092,13612,13871,308,0,13563,13829,413757,49,0,0,49,42
2020-10-10,US,Alabama,Monroe,608,9,0,31.56729412,-87.36995001,1099.0,2932.5230309168956,1.4802631578947367,599,607,9,0,598,601,21067,1,0,0,1,6
2020-10-10,US,Alabama,Montgomery,9210,189,0,32.2206831,-86.20969272,1101.0,4066.4765151046863,2.052117263843648,9021,9152,188,0,8964,9107,225763,58,1,0,57,45
2020-10-10,US,Alabama,Morgan,3632,32,0,34.45500589,-86.85475946,1103.0,3034.7847157813812,0.8810572687224669,3600,3600,32,0,3568,3551,119089,32,0,0,32,49
2020-10-10,US,Alabama,Perry,566,6,0,32.64048341,-87.29770589,1105.0,6343.1581306735425,1.060070671378092,560,565,6,0,559,547,9140,1,0,0,1,18
2020-10-10,US,Alabama,Pickens,712,15,0,33.28094866,-88.08818103,1107.0,3572.5037631710993,2.106741573033708,697,703,15,0,688,697,19938,9,0,0,9,6
2020-10-10,US,Alabama,Pike,1266,12,0,31.80396383,-85.9408295,1109.0,3823.156368907411,0.9478672985781992,1254,1259,12,0,1247,1254,33338,7,0,0,7,5
2020-10-10,US,Alabama,Randolph,736,13,0,33.29526734,-85.45708831,1111.0,3239.1514831440886,1.766304347826087,723,730,13,0,717,723,22725,6,0,0,6,7
2020-10-10,US,Alabama,Russell,1843,3,0,32.28725256,-85.18415324,1113.0,3179.7242973723714,0.16277807921866522,1840,1840,3,0,1837,1832,57781,3,0,0,3,8
2020-10-10,US,Alabama,Shelby,6637,58,0,33.26879845,-86.66232561,1117.0,3048.6628510532746,0.8738888051830647,6579,6589,58,0,6531,6497,215707,48,0,0,48,92
2020-10-10,US,Alabama,St. Clair,2573,41,0,33.71902176,-86.31029372,1115.0,2874.4749307355437,1.5934706568208317,2532,2557,41,0,2516,2521,88690,16,0,0,16,36
2020-10-10,US,Alabama,Sumter,454,21,0,32.59117397,-88.19916205,1119.0,3653.3354791985207,4.625550660792952,433,452,21,0,431,443,12691,2,0,0,2,9
2020-10-10,US,Alabama,Talladega,2375,33,0,33.37823223,-86.16886178,1121.0,2969.566630823477,1.3894736842105264,2342,2349,33,0,2316,2306,79828,26,0,0,26,43
2020-10-10,US,Alabama,Tallapoosa,1220,85,0,32.86698258,-85.79833053,1123.0,3022.2706666336358,6.967213114754099,1135,1213,85,0,1128,1211,40497,7,0,0,7,2
2020-10-10,US,Alabama,Tuscaloosa,9430,128,0,33.28726072,-87.52556818,1125.0,4504.310859544792,1.357370095440085,9302,9390,126,0,9264,9364,208911,40,2,0,38,26
2020-10-10,US,Alabama,Walker,2527,91,0,33.80270512,-87.30027177,1127.0,3978.2119299129413,3.601108033240997,2436,2513,90,0,2423,2493,63711,14,1,0,13,20
2020-10-10,US,Alabama,Washington,599,12,0,31.4092794,-88.20689944,1129.0,3668.9942423128746,2.003338898163606,587,589,12,0,577,588,16378,10,0,0,10,1
2020-10-10,US,Alabama,Wilcox,551,11,0,31.98773215,-87.30891118,1131.0,5311.867347922491,1.996370235934664,540,550,11,0,539,548,10627,1,0,0,1,2
2020-10-10,US,Alabama,Winston,816,12,0,34.15030532,-87.37325922,1133.0,3453.3835541072413,1.4705882352941178,804,802,12,0,790,796,23660,14,0,0,14,6
2020-10-10,US,Alaska,Aleutians East,6,0,0,55.32222414,-161.9722021,2013.0,179.80221756068326,0.0,6,5,0,0,5,5,3515,1,0,0,1,0
2020-10-10,US,Alaska,Aleutians West,5,0,0,52.3233,-174.1596,2016.0,88.74689385871494,0.0,5,5,0,0,5,5,5723,0,0,0,0,0
2020-10-10,US,Alaska,Anchorage,5284,38,0,61.14998174,-149.14269860000005,2020.0,1834.7222222222226,0.7191521574564723,5246,5138,38,0,5100,5053,291538,146,0,0,146,85
2020-10-10,US,Alaska,Bethel,168,1,0,60.90980451,-159.8561831,2050.0,913.738714239095,0.5952380952380952,167,164,1,0,163,150,18216,4,0,0,4,14
2020-10-10,US,Alaska,Bristol Bay,10,0,0,58.74513976,-156.701064,2060.0,1196.1722488038274,0.0,10,10,0,0,10,10,877,0,0,0,0,0
2020-10-10,US,Alaska,Denali,13,0,0,63.67264044,-150.0076108,2068.0,619.933237958989,0.0,13,11,0,0,11,11,2059,2,0,0,2,0
2020-10-10,US,Alaska,Dillingham,12,0,0,59.79603738,-158.23819419999995,2070.0,244.10089503661519,0.0,12,10,0,0,10,10,5000,2,0,0,2,0
2020-10-10,US,Alaska,Fairbanks North Star,1501,11,0,64.80726247,-146.5692662,2090.0,1549.83531063821,0.7328447701532311,1490,1458,11,0,1447,1415,98971,43,0,0,43,43
2020-10-10,US,Alaska,Haines,5,0,0,59.09893571,-135.4679843,2100.0,197.6284584980237,0.0,5,5,0,0,5,5,2474,0,0,0,0,0
2020-10-10,US,Alaska,Juneau,312,2,0,58.45031811,-134.200436,2110.0,975.7928316757367,0.6410256410256411,310,308,2,0,306,306,32113,4,0,0,4,2
2020-10-10,US,Alaska,Kenai Peninsula,505,3,0,60.24429722,-151.53888840000005,2122.0,860.1894120051783,0.594059405940594,502,490,3,0,487,484,58533,15,0,0,15,6
2020-10-10,US,Alaska,Ketchikan Gateway,54,0,0,55.57445008,-130.975561,2130.0,388.4612617797281,0.0,54,54,0,0,54,51,13918,0,0,0,0,3
2020-10-10,US,Alaska,Kodiak Island,41,0,0,57.65529415,-153.7493579,2150.0,315.43314356054776,0.0,41,41,0,0,41,39,13345,0,0,0,0,2
2020-10-10,US,Alaska,Kusilvak,17,0,0,62.15429159999999,-163.39678830000003,2158.0,204.474380562906,0.0,17,16,0,0,16,15,8303,1,0,0,1,1
2020-10-10,US,Alaska,Matanuska-Susitna,722,2,0,62.31305045,-149.5741743,2170.0,666.5620355068918,0.2770083102493075,720,703,2,0,701,693,107610,19,0,0,19,10
2020-10-10,US,Alaska,Nome,102,0,0,64.90320724,-164.0353804,2180.0,1019.592163134746,0.0,102,100,0,0,100,98,10008,2,0,0,2,2
2020-10-10,US,Alaska,North Slope,156,0,0,69.31479216,-153.4836093,2185.0,1586.6558177379984,0.0,156,155,0,0,155,155,9872,1,0,0,1,0
2020-10-10,US,Alaska,Northwest Arctic,159,0,0,67.04919196,-159.7503946,2188.0,2086.340375278835,0.0,159,152,0,0,152,145,7671,7,0,0,7,7
2020-10-10,US,Alaska,Petersburg,8,1,0,57.13978948,-132.9540995,2195.0,244.94794856093085,12.5,7,8,1,0,7,8,3221,0,0,0,0,0
2020-10-10,US,Alaska,Prince of Wales-Hyder,31,0,0,55.76261984,-133.0511621,2198.0,499.7581815250685,0.0,31,31,0,0,31,31,6422,0,0,0,0,0
2020-10-10,US,Alaska,Sitka,54,0,0,57.24124555,-135.3206587,2220.0,635.8177322500883,0.0,54,54,0,0,54,54,8647,0,0,0,0,0
2020-10-10,US,Alaska,Southeast Fairbanks,34,0,0,63.87692095,-143.2127643,2240.0,493.254025823299,0.0,34,34,0,0,34,34,6918,0,0,0,0,0
2020-10-10,US,Alaska,Unassigned,21,0,0,0.0,0.0,90002.0,0.0,0.0,21,21,0,0,21,21,,0,0,0,0,0
2020-10-10,US,Alaska,Valdez-Cordova,85,0,0,61.47502768,-144.7126799,2261.0,923.7122364703323,0.0,85,84,0,0,84,83,9164,1,0,0,1,1
2020-10-10,US,Alaska,Wrangell,13,0,0,56.3202004,-132.05837309999998,2275.0,519.5843325339728,0.0,13,13,0,0,13,13,2503,0,0,0,0,0
2020-10-10,US,Alaska,Yakutat,25,0,0,59.890980799999994,-140.36014509999998,2282.0,4317.789291882556,0.0,25,25,0,0,25,25,604,0,0,0,0,0
2020-10-10,US,Alaska,Yukon-Koyukuk,88,2,0,65.50815459,-151.39073869999999,2290.0,1682.6003824091779,2.272727272727273,86,87,2,0,85,86,5327,1,0,0,1,1
2020-10-10,US,Arizona,Apache,3713,166,0,35.39465006,-109.4892383,4001.0,5165.050704578019,4.470778346350659,3547,3654,166,0,3488,3654,71818,59,0,0,59,0
2020-10-10,US,Arizona,Cochise,1954,73,0,31.87934684,-109.7516088,4003.0,1551.7542605740061,3.735926305015353,1881,1944,73,0,1871,1937,126770,10,0,0,10,7
2020-10-10,US,Arizona,Coconino,4445,145,0,35.83883429,-111.77071780000001,4005.0,3098.079121246759,3.262092238470191,4300,4401,145,0,4256,4385,142854,44,0,0,44,16
2020-10-10,US,Arizona,Gila,1523,61,0,33.80190085,-110.8132779,4007.0,2819.430560183643,4.0052527905449775,1462,1500,60,0,1440,1487,53889,23,1,0,22,13
2020-10-10,US,Arizona,Graham,938,26,0,32.93166885,-109.8882178,4009.0,2415.222597008008,2.771855010660981,912,927,26,0,901,907,38072,11,0,0,11,20
2020-10-10,US,Arizona,Greenlee,62,1,0,33.21498827,-109.2405279,4011.0,652.7690040008423,1.6129032258064515,61,62,1,0,61,60,9483,0,0,0,0,2
2020-10-10,US,Arizona,La Paz,568,16,0,33.72854224,-113.98100290000001,4012.0,2690.922872844419,2.8169014084507036,552,563,15,0,548,557,21098,5,1,0,4,6
2020-10-10,US,Arizona,Maricopa,145847,3466,0,33.34835867,-112.49181540000001,4013.0,3251.583911763775,2.376463005752604,142381,145298,3458,0,141840,144867,4410824,549,8,0,541,431
2020-10-10,US,Arizona,Mohave,4090,228,0,35.70471703,-113.7577902,4015.0,1927.599549441279,5.574572127139366,3862,4078,228,0,3850,4079,209550,12,0,0,12,-1
2020-10-10,US,Arizona,Navajo,5887,236,0,35.3997715,-110.3218983,4017.0,5307.23738776099,4.0088330219126895,5651,5874,236,0,5638,5871,110445,13,0,0,13,3
2020-10-10,US,Arizona,Pima,26363,631,0,32.0971334,-111.7890033,4019.0,2517.2852697323256,2.3935060501460383,25732,26287,630,0,25657,26217,1039073,76,1,0,75,70
2020-10-10,US,Arizona,Pinal,11005,212,0,32.90525627,-111.3449483,4021.0,2377.973547340149,1.926397092230804,10793,10973,212,0,10761,10919,447138,32,0,0,32,54
2020-10-10,US,Arizona,Santa Cruz,2904,64,0,31.52508998,-110.8479088,4023.0,6245.429910963912,2.203856749311295,2840,2900,64,0,2836,2895,46511,4,0,0,4,5
2020-10-10,US,Arizona,Unassigned,0,1,0,0.0,0.0,90004.0,0.0,0.0,-1,0,1,0,-1,0,,0,0,0,0,0
2020-10-10,US,Arizona,Yavapai,2693,85,0,34.59933926,-112.5538588,4025.0,1145.4748850484266,3.1563312291125136,2608,2682,84,0,2598,2672,231993,11,1,0,10,10
2020-10-10,US,Arizona,Yuma,12986,348,0,32.76895712,-113.90666740000002,4027.0,6074.270184810115,2.679809025103958,12638,12941,347,0,12594,12894,212128,45,1,0,44,47
2020-10-10,US,Arkansas,Arkansas,551,12,0,34.29145151,-91.37277296,5001.0,3151.0923024133594,2.177858439201452,539,538,12,0,526,527,17769,13,0,0,13,11
2020-10-10,US,Arkansas,Ashley,471,12,0,33.19153461,-91.76984709999999,5003.0,2396.092994861881,2.5477707006369426,459,465,12,0,453,457,20046,6,0,0,6,8
2020-10-10,US,Arkansas,Baxter,459,4,0,36.28784385,-92.33782872,5005.0,1094.6293999809216,0.8714596949891068,455,449,4,0,445,434,41619,10,0,0,10,15
2020-10-10,US,Arkansas,Benton,7170,102,0,36.33644656,-94.25680817,5007.0,2568.594366288005,1.4225941422594142,7068,7121,98,0,7023,7065,272608,49,4,0,45,56
2020-10-10,US,Arkansas,Boone,871,26,0,36.3084504,-93.09374925,5009.0,2326.8860867706776,2.985074626865672,845,860,24,0,836,843,37480,11,2,0,9,17
2020-10-10,US,Arkansas,Bradley,348,8,0,33.46755808,-92.15980837,5011.0,3233.299266003902,2.2988505747126435,340,348,8,0,340,345,10897,0,0,0,0,3
2020-10-10,US,Arkansas,Calhoun,38,0,0,33.55598792,-92.49974403,5013.0,732.3183657737521,0.0,38,38,0,0,38,38,5277,0,0,0,0,0
2020-10-10,US,Arkansas,Carroll,846,12,0,36.34038560000001,-93.54270261,5015.0,2980.9725158562374,1.4184397163120568,834,844,11,0,833,796,28223,2,1,0,1,48
2020-10-10,US,Arkansas,Chicot,1018,22,0,33.26458973,-91.29539209,5017.0,10061.27693220004,2.161100196463654,996,1017,22,0,995,1016,10438,1,0,0,1,1
2020-10-10,US,Arkansas,Clark,418,4,0,34.04613432,-93.17484713,5019.0,1872.7598566308245,0.9569377990430622,414,412,4,0,408,409,22061,6,0,0,6,3
2020-10-10,US,Arkansas,Clay,376,11,0,36.36826212,-90.4148172,5021.0,2584.014844340595,2.9255319148936163,365,372,11,0,361,363,14847,4,0,0,4,9
2020-10-10,US,Arkansas,Cleburne,388,12,0,35.53864922,-92.02640019,5023.0,1557.0448252337576,3.0927835051546397,376,382,12,0,370,377,24965,6,0,0,6,5
2020-10-10,US,Arkansas,Cleveland,196,12,0,33.89723187,-92.18537045,5025.0,2463.5495223730522,6.1224489795918355,184,196,12,0,184,195,8018,0,0,0,0,1
2020-10-10,US,Arkansas,Columbia,610,18,0,33.21230701,-93.22642793,5027.0,2600.503048130622,2.950819672131148,592,602,18,0,584,595,23537,8,0,0,8,7
2020-10-10,US,Arkansas,Conway,307,3,0,35.26205537,-92.70506566,5029.0,1472.7045956058716,0.977198697068404,304,306,3,0,303,304,20891,1,0,0,1,2
2020-10-10,US,Arkansas,Craighead,3598,29,0,35.83018283,-90.63235729,5031.0,3261.066598992133,0.8060033351862146,3569,3539,29,0,3510,3451,108558,59,0,0,59,88
2020-10-10,US,Arkansas,Crawford,1704,20,0,35.58928601,-94.2446814,5033.0,2693.773021167618,1.1737089201877935,1684,1683,20,0,1663,1655,63406,21,0,0,21,28
2020-10-10,US,Arkansas,Crittenden,2059,50,0,35.21247318,-90.30839406,5035.0,4293.60859138776,2.4283632831471587,2009,2053,48,0,2005,2041,48342,6,2,0,4,12
2020-10-10,US,Arkansas,Cross,500,18,0,35.29631396,-90.77185818,5037.0,3045.252451428224,3.6,482,500,17,0,483,498,16676,0,1,0,-1,2
2020-10-10,US,Arkansas,Dallas,174,5,0,33.97042763,-92.65167437,5039.0,2482.5224711085752,2.8735632183908044,169,174,5,0,169,174,7182,0,0,0,0,0
2020-10-10,US,Arkansas,Desha,344,6,0,33.83011025,-91.25500948,5041.0,3027.9024733738233,1.7441860465116281,338,340,6,0,334,334,11512,4,0,0,4,6
2020-10-10,US,Arkansas,Drew,374,7,0,33.59035001,-91.71777921,5043.0,2052.802019869367,1.8716577540106951,367,374,7,0,367,372,18328,0,0,0,0,2
2020-10-10,US,Arkansas,Faulkner,2900,26,0,35.14719007,-92.33717519,5045.0,2301.4594427293728,0.8965517241379308,2874,2871,24,0,2847,2831,124806,29,2,0,27,40
2020-10-10,US,Arkansas,Franklin,392,2,0,35.51202821,-93.89299569,5047.0,2212.8139994355065,0.5102040816326531,390,376,2,0,374,362,17810,16,0,0,16,14
2020-10-10,US,Arkansas,Fulton,220,7,0,36.38177105,-91.81729127,5049.0,1763.2443696401376,3.1818181818181817,213,214,6,0,208,213,12269,6,1,0,5,1
2020-10-10,US,Arkansas,Garland,2093,55,0,34.57692074,-93.14921604,5051.0,2105.930412734188,2.6278069756330624,2038,2083,55,0,2028,2071,99154,10,0,0,10,12
2020-10-10,US,Arkansas,Grant,303,2,0,34.29017991,-92.42320562,5053.0,1658.9104845332604,0.6600660066006601,301,297,2,0,295,292,18188,6,0,0,6,5
2020-10-10,US,Arkansas,Greene,1077,15,0,36.11735460000001,-90.55832668,5055.0,2376.172090457805,1.3927576601671308,1062,1053,15,0,1038,1024,45325,24,0,0,24,29
2020-10-10,US,Arkansas,Hempstead,450,5,0,33.73325583,-93.66935133,5057.0,2089.9126880921413,1.1111111111111112,445,443,5,0,438,436,21741,7,0,0,7,7
2020-10-10,US,Arkansas,Hot Spring,2043,28,0,34.31709259,-92.95396325,5059.0,6049.569156968996,1.3705335291238374,2015,2032,28,0,2004,2007,33701,11,0,0,11,25
2020-10-10,US,Arkansas,Howard,515,12,0,34.09007427,-93.9934871,5061.0,3900.9241024087264,2.3300970873786406,503,514,12,0,502,511,13341,1,0,0,1,3
2020-10-10,US,Arkansas,Independence,1296,26,0,35.74242707,-91.57001641,5063.0,3426.305353602115,2.0061728395061733,1270,1285,26,0,1259,1269,37678,11,0,0,11,16
2020-10-10,US,Arkansas,Izard,346,1,0,36.09604046,-91.90847954,5065.0,2538.7042336194877,0.28901734104046245,345,338,1,0,337,303,13593,8,0,0,8,35
2020-10-10,US,Arkansas,Jackson,501,5,0,35.59802983,-91.21494602,5067.0,2996.590705185717,0.998003992015968,496,485,4,0,481,473,16811,16,1,0,15,12
2020-10-10,US,Arkansas,Jefferson,3729,90,0,34.26767081,-91.92619839,5069.0,5580.330420208308,2.4135156878519712,3639,3705,89,0,3616,3672,68114,24,1,0,23,33
2020-10-10,US,Arkansas,Johnson,909,7,0,35.56759135,-93.46036368,5071.0,3420.1219053352397,0.77007700770077,902,904,7,0,897,896,26742,5,0,0,5,8
2020-10-10,US,Arkansas,Lafayette,134,3,0,33.24116713,-93.60677071,5073.0,2022.9468599033814,2.238805970149253,131,133,3,0,130,132,6682,1,0,0,1,1
2020-10-10,US,Arkansas,Lawrence,583,13,0,36.04188196,-91.10867198,5075.0,3553.577959283189,2.229845626072041,570,567,13,0,554,546,16434,16,0,0,16,21
2020-10-10,US,Arkansas,Lee,1091,18,0,34.78498904,-90.78383866,5077.0,12317.940611945354,1.6498625114573786,1073,1088,18,0,1070,1087,8985,3,0,0,3,1
2020-10-10,US,Arkansas,Lincoln,2141,17,0,33.95317155,-91.74002806,5079.0,16438.88206388206,0.7940214852872489,2124,2140,17,0,2123,2100,13383,1,0,0,1,40
2020-10-10,US,Arkansas,Little River,393,28,0,33.70375665,-94.23468591,5081.0,3205.8079778122196,7.124681933842238,365,390,28,0,362,378,12326,3,0,0,3,12
2020-10-10,US,Arkansas,Logan,495,2,0,35.21413234,-93.71951016,5083.0,2305.972235162583,0.404040404040404,493,487,2,0,485,480,21737,8,0,0,8,7
2020-10-10,US,Arkansas,Lonoke,1399,17,0,34.75392199,-91.88742357,5085.0,1908.3605014391144,1.2151536812008576,1382,1382,17,0,1365,1370,73657,17,0,0,17,12
2020-10-10,US,Arkansas,Madison,393,5,0,36.01038185,-93.72524943,5087.0,2370.8976833976835,1.272264631043257,388,392,5,0,387,385,16481,1,0,0,1,7
2020-10-10,US,Arkansas,Marion,115,0,0,36.26844485,-92.68451899,5089.0,688.870252785432,0.0,115,114,0,0,114,112,16722,1,0,0,1,2
2020-10-10,US,Arkansas,Miller,1030,12,0,33.31403423,-93.89285258,5091.0,2381.117506993088,1.1650485436893203,1018,1017,12,0,1005,1005,43592,13,0,0,13,12
2020-10-10,US,Arkansas,Mississippi,1849,54,0,35.76271485,-90.05194370000002,5093.0,4548.473592285553,2.9204975662520285,1795,1828,54,0,1774,1808,41239,21,0,0,21,20
2020-10-10,US,Arkansas,Monroe,178,0,0,34.6815935,-91.20540287,5095.0,2656.3199522459336,0.0,178,173,0,0,173,165,6900,5,0,0,5,8
2020-10-10,US,Arkansas,Montgomery,173,7,0,34.53704874,-93.65824478,5097.0,1925.2170042288003,4.0462427745664735,166,172,7,0,165,170,8924,1,0,0,1,2
2020-10-10,US,Arkansas,Nevada,247,14,0,33.66340119,-93.30632432,5099.0,2993.2137663596704,5.668016194331983,233,244,14,0,230,241,8326,3,0,0,3,3
2020-10-10,US,Arkansas,Newton,271,19,0,35.91947491,-93.21612969,5101.0,3495.421127305559,7.011070110701108,252,268,19,0,249,264,7805,3,0,0,3,4
2020-10-10,US,Arkansas,Ouachita,293,7,0,33.58839816,-92.87795984,5103.0,1253.10067573347,2.389078498293516,286,288,7,0,281,288,23606,5,0,0,5,0
2020-10-10,US,Arkansas,Perry,115,0,0,34.945915299999996,-92.94372564,5105.0,1099.9521759923482,0.0,115,113,0,0,113,112,10352,2,0,0,2,1
2020-10-10,US,Arkansas,Phillips,613,15,0,34.43268455,-90.84800154,5107.0,3447.306264762119,2.446982055464926,598,596,15,0,581,588,18029,17,0,0,17,8
2020-10-10,US,Arkansas,Pike,247,3,0,34.16250414,-93.65789349,5109.0,2304.534428064937,1.214574898785425,244,246,3,0,243,243,10673,1,0,0,1,3
2020-10-10,US,Arkansas,Poinsett,790,14,0,35.57433534,-90.66268713,5111.0,3357.7014620877253,1.7721518987341771,776,781,15,0,766,763,23974,9,-1,0,10,18
2020-10-10,US,Arkansas,Polk,304,4,0,34.48254879,-94.22728802,5113.0,1522.7409336806256,1.3157894736842106,300,304,4,0,300,302,20049,0,0,0,0,2
2020-10-10,US,Arkansas,Pope,2383,36,0,35.44871474,-93.03212219,5115.0,3719.253339992508,1.5107007973143096,2347,2353,36,0,2317,2332,64000,30,0,0,30,21
2020-10-10,US,Arkansas,Prairie,177,4,0,34.83624419,-91.55162157,5117.0,2195.484991317291,2.2598870056497176,173,175,4,0,171,174,8074,2,0,0,2,1
2020-10-10,US,Arkansas,Pulaski,10331,175,0,34.77054088,-92.31355101,5119.0,2636.057676360194,1.6939308876197852,10156,10224,173,0,10051,10130,392680,107,2,0,105,94
2020-10-10,US,Arkansas,Randolph,522,23,0,36.3415714,-91.02455531,5121.0,2906.782492482459,4.406130268199234,499,519,23,0,496,502,17948,3,0,0,3,17
2020-10-10,US,Arkansas,Saline,2399,24,0,34.64916145,-92.67583224,5125.0,1959.3750255233304,1.000416840350146,2375,2377,24,0,2353,2354,121421,22,0,0,22,23
2020-10-10,US,Arkansas,Scott,128,1,0,34.85588887,-94.0632176,5127.0,1245.0150763544402,0.78125,127,128,1,0,127,127,10319,0,0,0,0,1
2020-10-10,US,Arkansas,Searcy,164,1,0,35.9109364,-92.69936482,5129.0,2080.95419363025,0.6097560975609756,163,163,1,0,162,161,7958,1,0,0,1,2
2020-10-10,US,Arkansas,Sebastian,4254,77,0,35.19605503,-94.27162713,5131.0,3327.935412706236,1.8100611189468736,4177,4188,72,0,4116,4107,127753,66,5,0,61,81
2020-10-10,US,Arkansas,Sevier,1226,19,0,33.99780401,-94.2424869,5133.0,7208.796377962017,1.5497553017944534,1207,1224,19,0,1205,1221,17139,2,0,0,2,3
2020-10-10,US,Arkansas,Sharp,274,8,0,36.16258158,-91.47819342,5135.0,1570.9207659672054,2.9197080291970803,266,271,7,0,264,265,17366,3,1,0,2,6
2020-10-10,US,Arkansas,St. Francis,1607,8,0,35.02201976,-90.74828138,5123.0,6429.543090341682,0.4978220286247666,1599,1583,8,0,1575,1576,25439,24,0,0,24,7
2020-10-10,US,Arkansas,Stone,378,17,0,35.86251946,-92.15684085,5137.0,3022.54917639533,4.497354497354498,361,377,17,0,360,373,12457,1,0,0,1,4
2020-10-10,US,Arkansas,Unassigned,1928,0,0,0.0,0.0,90005.0,0.0,0.0,1928,1897,0,0,1897,1901,,31,0,0,31,-4
2020-10-10,US,Arkansas,Union,1007,47,0,33.16887091,-92.59746952,5139.0,2603.278010444134,4.667328699106256,960,1002,47,0,955,983,39126,5,0,0,5,19
2020-10-10,US,Arkansas,Van Buren,184,3,0,35.58095779,-92.51295036,5141.0,1112.1184647929888,1.6304347826086956,181,182,3,0,179,180,16603,2,0,0,2,2
2020-10-10,US,Arkansas,Washington,10353,123,0,35.976844,-94.21800746,5143.0,4328.4124973347225,1.1880614314691391,10230,10280,123,0,10157,10171,236961,73,0,0,73,109
2020-10-10,US,Arkansas,White,1093,30,0,35.25688493,-91.74908296,5145.0,1387.8836361789392,2.744739249771272,1063,1073,30,0,1043,1047,78727,20,0,0,20,26
2020-10-10,US,Arkansas,Woodruff,71,0,0,35.18902527,-91.2439489,5147.0,1123.4177215189873,0.0,71,69,0,0,69,65,6490,2,0,0,2,4
2020-10-10,US,Arkansas,Yell,1293,30,0,35.00292371,-93.41171338,5149.0,6058.760133077175,2.320185614849188,1263,1291,30,0,1261,1288,21535,2,0,0,2,3
2020-10-10,US,California,Alameda,22072,441,0,37.64629437,-121.8929271,6001.0,1320.6256817179622,1.998006524102936,21631,21942,440,0,21502,21938,1666753,130,1,0,129,4
2020-10-10,US,California,Alpine,3,0,0,38.59678594,-119.82235940000001,6003.0,265.72187776793623,0.0,3,3,0,0,3,3,1101,0,0,0,0,0
2020-10-10,US,California,Amador,303,16,0,38.44583082,-120.65696000000001,6005.0,762.2257999597505,5.2805280528052805,287,302,16,0,286,302,39383,1,0,0,1,0
2020-10-10,US,California,Butte,2956,48,0,39.66727762,-121.6005252,6007.0,1348.6262808756035,1.6238159675236807,2908,2935,45,0,2890,2927,231256,21,3,0,18,8
2020-10-10,US,California,Calaveras,330,16,0,38.20537103,-120.55291299999999,6009.0,718.8759394401483,4.848484848484849,314,329,14,0,315,329,45602,1,2,0,-1,0
2020-10-10,US,California,Colusa,543,6,0,39.17881957,-122.2331726,6011.0,2520.0723998700514,1.1049723756906078,537,541,6,0,535,541,21627,2,0,0,2,0
2020-10-10,US,California,Contra Costa,17546,228,0,37.91923498,-121.9289527,6013.0,1521.0753810490617,1.2994414681408868,17318,17478,227,0,17251,17420,1150215,68,1,0,67,58
2020-10-10,US,California,Del Norte,169,1,0,41.74228275,-123.89740630000001,6015.0,607.6513735078383,0.591715976331361,168,167,1,0,166,160,27828,2,0,0,2,7
2020-10-10,US,California,El Dorado,1239,4,0,38.77965956,-120.5233166,6017.0,642.4915604922139,0.3228410008071025,1235,1232,4,0,1228,1229,190678,7,0,0,7,3
2020-10-10,US,California,Fresno,29208,406,0,36.75733899,-119.6466953,6019.0,2923.428161917564,1.3900301287318544,28802,29111,406,0,28705,29069,994400,97,0,0,97,42
2020-10-10,US,California,Glenn,626,3,0,39.59875897,-122.3938452,6021.0,2204.76878103758,0.4792332268370607,623,623,3,0,620,621,28047,3,0,0,3,2
2020-10-10,US,California,Humboldt,529,8,0,40.69923009,-123.876044,6023.0,390.2388645450656,1.5122873345935728,521,529,8,0,521,528,136373,0,0,0,0,1
2020-10-10,US,California,Imperial,12145,329,0,33.0393082,-115.36690420000001,6025.0,6701.98383136054,2.7089337175792507,11816,12145,329,0,11816,12145,181827,0,0,0,0,0
2020-10-10,US,California,Inyo,202,15,0,36.51112084,-117.41119779999998,6027.0,1119.7959975608403,7.425742574257426,187,201,15,0,186,199,17987,1,0,0,1,2
2020-10-10,US,California,Kern,32831,392,0,35.34329425,-118.72777959999999,6029.0,3647.0703242161208,1.1939934817702782,32439,32741,387,0,32354,32674,896764,90,5,0,85,67
2020-10-10,US,California,Kings,7993,82,0,36.07409056,-119.8159973,6031.0,5226.232509480842,1.0258976604528962,7911,7968,82,0,7886,7948,151366,25,0,0,25,20
2020-10-10,US,California,Lake,628,13,0,39.10124298,-122.75362439999999,6033.0,975.367315876122,2.0700636942675157,615,604,12,0,592,599,64382,24,1,0,23,5
2020-10-10,US,California,Lassen,751,1,0,40.67311306,-120.59350990000002,6035.0,2456.415791711641,0.13315579227696406,750,751,0,0,751,751,30802,0,1,0,-1,0
2020-10-10,US,California,Los Angeles,281165,6768,0,34.30828379,-118.22824109999999,6037.0,2800.6973130179804,2.40712748741842,274397,279909,6741,0,273168,278665,10105518,1256,27,0,1229,1244
2020-10-10,US,California,Madera,4748,71,0,37.21513971,-119.76655890000002,6039.0,3017.91809416057,1.4953664700926703,4677,4748,71,0,4677,4739,157672,0,0,0,0,9
2020-10-10,US,California,Marin,6871,124,0,38.07122463,-122.72106310000001,6041.0,2654.679205334858,1.8046863629748215,6747,6854,124,0,6730,6828,259666,17,0,0,17,26
2020-10-10,US,California,Mariposa,77,2,0,37.57978556,-119.9073334,6043.0,447.5963494739289,2.5974025974025974,75,77,2,0,75,77,17471,0,0,0,0,0
2020-10-10,US,California,Mendocino,1035,21,0,39.4381191,-123.39113130000001,6045.0,1193.0973267703373,2.028985507246377,1014,1030,21,0,1009,1025,87606,5,0,0,5,5
2020-10-10,US,California,Merced,9149,150,0,37.18922369,-120.72090349999999,6047.0,3294.7997695188697,1.6395234451852658,8999,9130,150,0,8980,9111,274765,19,0,0,19,19
2020-10-10,US,California,Modoc,28,0,0,41.58965602,-120.7244817,6049.0,316.7062549485352,0.0,28,28,0,0,28,28,8777,0,0,0,0,0
2020-10-10,US,California,Mono,172,2,0,37.93899289,-118.8872409,6051.0,1190.8058709498753,1.162790697674419,170,170,2,0,168,169,14250,2,0,0,2,1
2020-10-10,US,California,Monterey,10587,78,0,36.21862405,-121.24133970000001,6053.0,2439.058104736431,0.7367526211391329,10509,10560,78,0,10482,10475,435594,27,0,0,27,85
2020-10-10,US,California,Napa,1795,13,0,38.50735751,-122.33283899999999,6055.0,1303.14206063422,0.724233983286908,1782,1779,13,0,1766,1774,139417,16,0,0,16,5
2020-10-10,US,California,Nevada,562,8,0,39.30394768,-120.76272809999999,6057.0,563.3802816901408,1.4234875444839858,554,557,8,0,549,554,99696,5,0,0,5,3
2020-10-10,US,California,Orange,55531,1340,0,33.70147516,-117.76459979999998,6059.0,1748.626755995229,2.4130665754263383,54191,55345,1316,0,54029,55183,3185968,186,24,0,162,162
2020-10-10,US,California,Placer,3750,51,0,39.06167234,-120.72405690000001,6061.0,941.4328356710156,1.36,3699,3750,51,0,3699,3730,393149,0,0,0,0,20
2020-10-10,US,California,Plumas,52,0,0,40.00355989,-120.8395236,6063.0,276.49279523581646,0.0,52,52,0,0,52,52,18804,0,0,0,0,0
2020-10-10,US,California,Riverside,61824,1256,0,33.74314981,-115.9933578,6065.0,2502.442779855141,2.031573498964803,60568,61824,1256,0,60568,61416,2450758,0,0,0,0,408
2020-10-10,US,California,Sacramento,23649,450,0,38.45106826,-121.34253740000001,6067.0,1523.718830095267,1.902828872256755,23199,23523,447,0,23076,23420,1540975,126,3,0,123,103
2020-10-10,US,California,San Benito,1381,13,0,36.60308176,-121.069975,6069.0,2198.7644886001785,0.9413468501086171,1368,1377,13,0,1364,1374,61537,4,0,0,4,3
2020-10-10,US,California,San Bernardino,57834,986,0,34.84060306,-116.1774685,6071.0,2652.832343693021,1.7048794826572604,56848,57517,984,0,56533,57203,2171603,317,2,0,315,314
2020-10-10,US,California,San Diego,50143,825,0,33.03484597,-116.73653259999999,6073.0,1502.0384443718865,1.6452944578505475,49318,49823,821,0,49002,49466,3343364,320,4,0,316,357
2020-10-10,US,California,San Francisco,11620,123,0,37.75215114,-122.43856720000001,6075.0,1318.134329458714,1.0585197934595525,11497,11608,121,0,11487,11551,883305,12,2,0,10,57
2020-10-10,US,California,San Joaquin,20828,473,0,37.93433732,-121.2730061,6077.0,2732.8025527850227,2.270981371231035,20355,20828,473,0,20355,20828,752660,0,0,0,0,0
2020-10-10,US,California,San Luis Obispo,3842,31,0,35.38822029,-120.4039028,6079.0,1357.0648968072596,0.8068714211348256,3811,3815,31,0,3784,3779,284010,27,0,0,27,36
2020-10-10,US,California,San Mateo,10510,155,0,37.422880799999994,-122.32755459999998,6081.0,1371.037070181183,1.4747859181731684,10355,10452,155,0,10297,10395,769545,58,0,0,58,57
2020-10-10,US,California,Santa Barbara,9408,116,0,34.65329488,-120.0188492,6083.0,2107.0595902790374,1.2329931972789117,9292,9387,115,0,9272,9363,446527,21,1,0,20,24
2020-10-10,US,California,Santa Clara,22419,357,0,37.23104908,-121.6970462,6085.0,1162.9004716129664,1.5923993041616489,22062,22312,357,0,21955,22154,1937570,107,0,0,107,158
2020-10-10,US,California,Santa Cruz,2563,20,0,37.05580291,-122.0066524,6087.0,938.0959178369992,0.7803355442840422,2543,2552,19,0,2533,2535,274255,11,1,0,10,17
2020-10-10,US,California,Shasta,1353,24,0,40.76391419,-122.0396884,6089.0,751.3327410039983,1.7738359201773837,1329,1343,24,0,1319,1268,180040,10,0,0,10,75
2020-10-10,US,California,Sierra,6,0,0,39.57713498,-120.52007009999998,6091.0,199.6672212978369,0.0,6,6,0,0,6,6,2987,0,0,0,0,0
2020-10-10,US,California,Siskiyou,179,0,0,41.59198861,-122.54074340000001,6093.0,411.1256574565333,0.0,179,173,0,0,173,172,43724,6,0,0,6,1
2020-10-10,US,California,Solano,6750,74,0,38.26827353,-121.9357113,6095.0,1507.8980348179239,1.0962962962962963,6676,6750,74,0,6676,6708,446610,0,0,0,0,42
2020-10-10,US,California,Sonoma,8352,126,0,38.52746429,-122.88625060000001,6097.0,1689.5390989124805,1.5086206896551724,8226,8270,126,0,8144,8155,499942,82,0,0,82,115
2020-10-10,US,California,Stanislaus,17002,384,0,37.55862499,-120.9970722,6099.0,3087.5676460974105,2.258557816727444,16618,16950,383,0,16567,16886,549815,52,1,0,51,64
2020-10-10,US,California,Sutter,1775,12,0,39.03417539,-121.6945899,6101.0,1830.4441534066889,0.676056338028169,1763,1771,12,0,1759,1770,96807,4,0,0,4,1
2020-10-10,US,California,Tehama,682,8,0,40.12570935,-122.23701709999999,6103.0,1047.8765902525965,1.1730205278592376,674,676,7,0,669,666,63916,6,1,0,5,10
2020-10-10,US,California,Trinity,25,0,0,40.64917670000001,-123.114713,6105.0,203.50020350020355,0.0,25,25,0,0,25,26,12535,0,0,0,0,-1
2020-10-10,US,California,Tulare,16794,269,0,36.22026558,-118.8020203,6107.0,3602.355237615161,1.6017625342384183,16525,16718,269,0,16449,16634,465861,76,0,0,76,84
2020-10-10,US,California,Tuolumne,237,4,0,38.02644018,-119.95250929999999,6109.0,435.0379969896105,1.6877637130801688,233,235,4,0,231,234,54539,2,0,0,2,1
2020-10-10,US,California,Ventura,13469,158,0,34.44465746,-119.09106129999999,6111.0,1592.0690869804705,1.1730640730566486,13311,13399,157,0,13242,13333,850967,70,1,0,69,66
2020-10-10,US,California,Yolo,2942,56,0,38.68278902,-121.90182879999999,6113.0,1334.2403628117913,1.903467029231815,2886,2929,56,0,2873,2918,220408,13,0,0,13,11
2020-10-10,US,California,Yuba,1227,10,0,39.26255932,-121.35356440000001,6115.0,1559.7193267910716,0.8149959250203749,1217,1222,10,0,1212,1217,78041,5,0,0,5,5
2020-10-10,US,Colorado,Adams,10588,242,0,39.87432092,-104.3362578,8001.0,2046.3027206085571,2.285606346807707,10346,10406,240,0,10166,10286,511868,182,2,0,180,120
2020-10-10,US,Colorado,Alamosa,261,9,0,37.57250606,-105.7885451,8003.0,1607.8358898540012,3.4482758620689653,252,259,9,0,250,258,16683,2,0,0,2,1
2020-10-10,US,Colorado,Arapahoe,10217,375,0,39.64977461,-104.3353617,8005.0,1556.0699980200736,3.670353332680826,9842,10080,375,0,9705,9995,651215,137,0,0,137,85
2020-10-10,US,Colorado,Archuleta,58,0,0,37.19474156,-107.04768670000001,8007.0,413.42932496970565,0.0,58,57,0,0,57,56,13765,1,0,0,1,1
2020-10-10,US,Colorado,Baca,19,0,0,37.31940883,-102.5603223,8009.0,530.5780508237922,0.0,19,19,0,0,19,18,3585,0,0,0,0,1
2020-10-10,US,Colorado,Bent,11,0,0,37.95474293,-103.0720195,8011.0,197.23865877712032,0.0,11,11,0,0,11,11,5882,0,0,0,0,0
2020-10-10,US,Colorado,Boulder,4764,82,0,40.09313619,-105.3546767,8013.0,1460.4716182908435,1.7212426532325775,4682,4727,82,0,4645,4705,326078,37,0,0,37,22
2020-10-10,US,Colorado,Broomfield,731,37,0,39.95998787,-105.0566324,8014.0,1037.394451145959,5.06155950752394,694,721,37,0,684,716,69267,10,0,0,10,5
2020-10-10,US,Colorado,Chaffee,356,20,0,38.74745778,-106.19265729999998,8015.0,1748.870112006288,5.617977528089888,336,350,20,0,330,350,20027,6,0,0,6,0
2020-10-10,US,Colorado,Cheyenne,14,0,0,38.82777431,-102.6032558,8017.0,764.6095030038231,0.0,14,14,0,0,14,14,1876,0,0,0,0,0
2020-10-10,US,Colorado,Clear Creek,58,1,0,39.68864463,-105.6463118,8019.0,597.9381443298969,1.7241379310344829,57,54,1,0,53,51,9605,4,0,0,4,3
2020-10-10,US,Colorado,Conejos,40,0,0,37.201606,-106.19174879999998,8021.0,487.5076173065204,0.0,40,38,0,0,38,38,8200,2,0,0,2,0
2020-10-10,US,Colorado,Costilla,34,1,0,37.27732493,-105.4276548,8023.0,874.7105737072293,2.9411764705882355,33,33,1,0,32,33,3828,1,0,0,1,0
2020-10-10,US,Colorado,Crowley,74,1,0,38.32608609,-103.7844965,8025.0,1220.9206401583895,1.351351351351351,73,74,1,0,73,74,5858,0,0,0,0,0
2020-10-10,US,Colorado,Custer,18,0,0,38.10883162,-105.3683478,8027.0,355.1696921862668,0.0,18,18,0,0,18,18,4954,0,0,0,0,0
2020-10-10,US,Colorado,Delta,193,3,0,38.86246243,-107.86313419999999,8029.0,619.3440729093128,1.5544041450777202,190,192,3,0,189,192,30953,1,0,0,1,0
2020-10-10,US,Colorado,Denver,14645,439,0,39.76018276,-104.87256950000001,8031.0,2013.8584262339264,2.99761010583817,14206,14469,437,0,14032,14298,716492,176,2,0,174,171
2020-10-10,US,Colorado,Dolores,3,0,0,37.75208676,-108.5211585,8033.0,145.98540145985402,0.0,3,3,0,0,3,3,2074,0,0,0,0,0
2020-10-10,US,Colorado,Douglas,2982,63,0,39.33133796,-104.930001,8035.0,849.2000660678792,2.112676056338028,2919,2944,63,0,2881,2902,342776,38,0,0,38,42
2020-10-10,US,Colorado,Eagle,1310,10,0,39.62754308,-106.6933637,8037.0,2376.331017468754,0.7633587786259542,1300,1304,10,0,1294,1291,54993,6,0,0,6,13
2020-10-10,US,Colorado,El Paso,7632,183,0,38.83240149,-104.5251411,8041.0,1059.4070263449764,2.3977987421383653,7449,7549,182,0,7367,7459,713856,83,1,0,82,90
2020-10-10,US,Colorado,Elbert,173,3,0,39.28656773,-104.13587209999999,8039.0,647.2370833177448,1.7341040462427746,170,172,3,0,169,172,26282,1,0,0,1,0
2020-10-10,US,Colorado,Fremont,198,1,0,38.47362326,-105.43996670000001,8043.0,413.8882501724534,0.5050505050505051,197,191,1,0,190,190,48021,7,0,0,7,1
2020-10-10,US,Colorado,Garfield,1006,5,0,39.59921777,-107.902708,8045.0,1674.9637868167365,0.4970178926441352,1001,993,5,0,988,990,59770,13,0,0,13,3
2020-10-10,US,Colorado,Gilpin,20,0,0,39.85646523,-105.5252597,8047.0,320.35880185808105,0.0,20,19,0,0,19,19,6121,1,0,0,1,0
2020-10-10,US,Colorado,Grand,114,1,0,40.10603347,-106.11780420000001,8049.0,724.5455701029617,0.8771929824561403,113,111,1,0,110,108,15525,3,0,0,3,3
2020-10-10,US,Colorado,Gunnison,297,7,0,38.66611652,-107.0320729,8051.0,1700.8361012484256,2.356902356902357,290,299,7,0,292,298,17246,-2,0,0,-2,1
2020-10-10,US,Colorado,Hinsdale,3,0,0,37.82247444,-107.3004345,8053.0,365.8536585365854,0.0,3,3,0,0,3,3,811,0,0,0,0,0
2020-10-10,US,Colorado,Huerfano,26,1,0,37.68473101,-104.9612585,8055.0,376.97549659272147,3.8461538461538463,25,26,1,0,25,26,6889,0,0,0,0,0
2020-10-10,US,Colorado,Jackson,9,0,0,40.66593870000001,-106.3408905,8057.0,646.5517241379309,0.0,9,9,0,0,9,9,1399,0,0,0,0,0
2020-10-10,US,Colorado,Jefferson,6492,263,0,39.58635604,-105.2517692,8059.0,1113.7779409519267,4.051139864448552,6229,6387,262,0,6125,6316,580233,105,1,0,104,71
2020-10-10,US,Colorado,Kiowa,1,0,0,38.43260896,-102.7392145,8061.0,71.12375533428165,0.0,1,1,0,0,1,1,1383,0,0,0,0,0
2020-10-10,US,Colorado,Kit Carson,98,3,0,39.30497777,-102.60221990000001,8063.0,1380.8651542905454,3.0612244897959178,95,81,3,0,78,81,7163,17,0,0,17,0
2020-10-10,US,Colorado,La Plata,291,2,0,37.28632032,-107.8429014,8067.0,517.6001849842587,0.6872852233676976,289,287,2,0,285,282,56310,4,0,0,4,5
2020-10-10,US,Colorado,Lake,104,0,0,39.20278823,-106.35556969999999,8065.0,1279.685000615233,0.0,104,104,0,0,104,103,7824,0,0,0,0,1
2020-10-10,US,Colorado,Larimer,3079,55,0,40.66671597,-105.4625784,8069.0,862.709057744628,1.7862942513803184,3024,2992,55,0,2937,2935,350518,87,0,0,87,57
2020-10-10,US,Colorado,Las Animas,28,0,0,37.3153406,-104.03764579999999,8071.0,193.0235764511237,0.0,28,28,0,0,28,27,14503,0,0,0,0,1
2020-10-10,US,Colorado,Lincoln,24,0,0,38.98749519,-103.51366490000001,8073.0,420.97877565339417,0.0,24,24,0,0,24,25,5610,0,0,0,0,-1
2020-10-10,US,Colorado,Logan,992,9,0,40.7249637,-103.110817,8075.0,4426.79280646169,0.907258064516129,983,979,7,0,972,962,21528,13,2,0,11,17
2020-10-10,US,Colorado,Mesa,781,7,0,39.01787888,-108.469799,8077.0,506.4522404513326,0.8962868117797695,774,766,7,0,759,744,153207,15,0,0,15,22
2020-10-10,US,Colorado,Mineral,20,0,0,37.66954283,-106.92816979999999,8079.0,2600.780234070221,0.0,20,20,0,0,20,20,776,0,0,0,0,0
2020-10-10,US,Colorado,Moffat,46,1,0,40.61810999,-108.2070876,8081.0,346.30731009561094,2.1739130434782608,45,45,1,0,44,45,13188,1,0,0,1,0
2020-10-10,US,Colorado,Montezuma,159,5,0,37.33859579,-108.59588570000001,8083.0,607.2642554329145,3.1446540880503147,154,158,5,0,153,157,26158,1,0,0,1,1
2020-10-10,US,Colorado,Montrose,397,13,0,38.40214114,-108.26390220000002,8085.0,928.4812198886757,3.2745591939546603,384,393,13,0,380,391,42214,4,0,0,4,2
2020-10-10,US,Colorado,Morgan,777,48,0,40.26279810000001,-103.8093302,8087.0,2673.042520985276,6.177606177606178,729,775,48,0,727,770,28558,2,0,0,2,5
2020-10-10,US,Colorado,Otero,110,6,0,37.9014485,-103.7173385,8089.0,601.8163912900752,5.454545454545454,104,109,6,0,103,107,18432,1,0,0,1,2
2020-10-10,US,Colorado,Ouray,30,1,0,38.14717457,-107.7675136,8091.0,605.8158319870761,3.333333333333333,29,29,1,0,28,30,4833,1,0,0,1,-1
2020-10-10,US,Colorado,Park,64,1,0,39.120926000000004,-105.7182065,8093.0,339.6126293446537,1.5625,63,61,1,0,60,59,18556,3,0,0,3,2
2020-10-10,US,Colorado,Phillips,33,0,0,40.59414277,-102.3577703,8095.0,773.7397420867526,0.0,33,33,0,0,33,33,4286,0,0,0,0,0
2020-10-10,US,Colorado,Pitkin,237,2,0,39.21720112,-106.9310027,8097.0,1333.9336973039906,0.8438818565400844,235,236,2,0,234,234,17950,1,0,0,1,2
2020-10-10,US,Colorado,Prowers,98,0,0,37.95544985,-102.3926052,8099.0,805.1265198816957,0.0,98,97,0,0,97,96,12164,1,0,0,1,1
2020-10-10,US,Colorado,Pueblo,1332,37,0,38.17359144,-104.5127437,8101.0,790.8611599297012,2.7777777777777777,1295,1317,37,0,1280,1284,167529,15,0,0,15,33
2020-10-10,US,Colorado,Rio Blanco,25,0,0,39.97913541,-108.2179009,8103.0,395.31941808981657,0.0,25,26,0,0,26,26,6336,-1,0,0,-1,0
2020-10-10,US,Colorado,Rio Grande,102,2,0,37.5836865,-106.3847838,8105.0,905.2986598029644,1.96078431372549,100,102,2,0,100,99,11250,0,0,0,0,3
2020-10-10,US,Colorado,Routt,171,8,0,40.48596505,-106.9905548,8107.0,666.9787034870112,4.678362573099415,163,171,8,0,163,167,25733,0,0,0,0,4
2020-10-10,US,Colorado,Saguache,115,2,0,38.08054629,-106.28246599999999,8109.0,1685.2286049237985,1.7391304347826086,113,113,2,0,111,112,6843,2,0,0,2,1
2020-10-10,US,Colorado,San Juan,6,0,0,37.76248981,-107.67632890000002,8111.0,824.1758241758242,0.0,6,6,0,0,6,6,762,0,0,0,0,0
2020-10-10,US,Colorado,San Miguel,98,0,0,38.00450883,-108.4020725,8113.0,1198.1904878346984,0.0,98,98,0,0,98,96,8191,0,0,0,0,2
2020-10-10,US,Colorado,Sedgwick,15,1,0,40.87595412,-102.3519227,8115.0,667.2597864768683,6.666666666666668,14,15,1,0,14,15,2303,0,0,0,0,0
2020-10-10,US,Colorado,Summit,516,4,0,39.63803232,-106.1150762,8117.0,1663.9257037825287,0.7751937984496124,512,512,4,0,508,505,31007,4,0,0,4,7
2020-10-10,US,Colorado,Teller,183,4,0,38.88133511,-105.16148929999999,8119.0,720.8129825114228,2.1857923497267757,179,181,4,0,177,180,25083,2,0,0,2,1
2020-10-10,US,Colorado,Washington,72,0,0,39.97015535,-103.202587,8121.0,1466.9926650366751,0.0,72,71,0,0,71,69,4909,1,0,0,1,2
2020-10-10,US,Colorado,Weld,5117,153,0,40.55499405,-104.39296209999999,8123.0,1576.9263957200797,2.990033222591362,4964,5083,152,0,4931,5055,314305,34,1,0,33,28
2020-10-10,US,Colorado,Yuma,151,1,0,40.00346839,-102.4258673,8125.0,1507.136440762551,0.6622516556291391,150,150,1,0,149,146,10020,1,0,0,1,4
2020-10-10,US,Connecticut,Fairfield,20752,1426,0,41.26809896,-73.3881171,9001.0,2199.861766589069,6.871626831148804,19326,20752,1426,0,19326,20701,943823,0,0,0,0,51
2020-10-10,US,Connecticut,Hartford,15520,1442,0,41.80283011,-72.73103891,9003.0,1740.4566455838155,9.291237113402063,14078,15520,1442,0,14078,15434,892697,0,0,0,0,86
2020-10-10,US,Connecticut,Litchfield,1919,141,0,41.7937534,-73.2451475,9005.0,1064.1424475830825,7.3475768629494524,1778,1919,141,0,1778,1916,181111,0,0,0,0,3
2020-10-10,US,Connecticut,Middlesex,1667,193,0,41.45949668,-72.53714864,9007.0,1026.2503385948928,11.577684463107376,1474,1667,193,0,1474,1652,162682,0,0,0,0,15
2020-10-10,US,Connecticut,New Haven,14877,1118,0,41.408032500000004,-72.93620426,9009.0,1740.494666905331,7.514955972306246,13759,14877,1118,0,13759,14830,857620,0,0,0,0,47
2020-10-10,US,Connecticut,New London,2570,126,0,41.48896435,-72.10430976,9011.0,969.0580152786888,4.9027237354085615,2444,2570,126,0,2444,2515,266784,0,0,0,0,55
2020-10-10,US,Connecticut,Tolland,1502,67,0,41.85853803,-72.3308481,9013.0,996.543281958055,4.460719041278296,1435,1502,67,0,1435,1494,150921,0,0,0,0,8
2020-10-10,US,Connecticut,Unassigned,123,0,0,0.0,0.0,90009.0,0.0,0.0,123,123,0,0,123,109,,0,0,0,0,14
2020-10-10,US,Connecticut,Windham,1108,17,0,41.82972709,-71.98182316,9015.0,948.7763525200804,1.5342960288808665,1091,1108,17,0,1091,1097,117027,0,0,0,0,11
2020-10-10,US,Delaware,Kent,3212,118,0,39.08646628,-75.56884914,10001.0,1776.686247828925,3.6737235367372354,3094,3190,118,0,3072,3183,178550,22,0,0,22,7
2020-10-10,US,Delaware,New Castle,11507,325,0,39.57992638,-75.64054974,10003.0,2059.4072872986812,2.8243677761362647,11182,11399,323,0,11076,11297,559335,108,2,0,106,102
2020-10-10,US,Delaware,Sussex,7188,210,0,38.66143781,-75.39031349,10005.0,3068.844060198527,2.921535893155258,6978,7148,210,0,6938,7112,229286,40,0,0,40,36
2020-10-10,US,Delaware,Unassigned,91,0,0,0.0,0.0,90010.0,0.0,0.0,91,90,0,0,90,90,,1,0,0,1,0
2020-10-10,US,District of Columbia,District of Columbia,15918,636,0,38.90417773,-77.01655992,11001.0,2255.4760970259963,3.9954768186958165,15282,15843,634,0,15209,15765,702455,75,2,0,73,78
2020-10-10,US,Florida,Alachua,8817,68,0,29.67866525,-82.35928158,12001.0,3277.171307188814,0.7712373823295906,8749,8817,68,0,8749,8733,269956,0,0,0,0,84
2020-10-10,US,Florida,Baker,1604,15,0,30.33060121,-82.28467476,12003.0,5491.270112975009,0.9351620947630924,1589,1604,15,0,1589,1591,28355,0,0,0,0,13
2020-10-10,US,Florida,Bay,6268,120,0,30.26548745,-85.62122584,12005.0,3587.7622277553587,1.9144862795149968,6148,6268,120,0,6148,6249,185287,0,0,0,0,19
2020-10-10,US,Florida,Bradford,1166,10,0,29.95079741,-82.16611613,12007.0,4134.605155845537,0.8576329331046312,1156,1166,10,0,1156,1163,27732,0,0,0,0,3
2020-10-10,US,Florida,Brevard,9777,317,0,28.29409504,-80.73091022,12009.0,1624.2428672529913,3.2423033650404007,9460,9777,317,0,9460,9657,596849,0,0,0,0,120
2020-10-10,US,Florida,Broward,78795,1455,0,26.15184651,-80.48725556,12011.0,4035.020877949261,1.8465638682657528,77340,78795,1455,0,77340,78614,1951260,0,0,0,0,181
2020-10-10,US,Florida,Calhoun,638,14,0,30.40666734,-85.19394153,12013.0,4523.218716767104,2.19435736677116,624,638,14,0,624,636,14587,0,0,0,0,2
2020-10-10,US,Florida,Charlotte,3202,143,0,26.90131002,-81.92949121,12015.0,1694.9870308612567,4.465958775765147,3059,3202,143,0,3059,3186,184998,0,0,0,0,16
2020-10-10,US,Florida,Citrus,2914,115,0,28.84804315,-82.47614748,12017.0,1947.1190789605566,3.9464653397391896,2799,2914,115,0,2799,2898,147929,0,0,0,0,16
2020-10-10,US,Florida,Clay,5407,110,0,29.98319144,-81.85609986,12019.0,2466.1120537098864,2.0343998520436477,5297,5407,110,0,5297,5383,216072,0,0,0,0,24
2020-10-10,US,Florida,Collier,13139,234,0,26.11091986,-81.34687065,12021.0,3413.5961881206126,1.7809574549052438,12905,13139,234,0,12905,13089,378488,0,0,0,0,50
2020-10-10,US,Florida,Columbia,3966,62,0,30.22509788,-82.62160164,12023.0,5532.461010518095,1.5632879475542107,3904,3966,62,0,3904,3946,70503,0,0,0,0,20
2020-10-10,US,Florida,DeSoto,1597,27,0,27.18677893,-81.80941373,12027.0,4202.5209862898355,1.6906700062617408,1570,1597,27,0,1570,1593,37489,0,0,0,0,4
2020-10-10,US,Florida,Dixie,845,11,0,29.60631086,-83.15724673,12029.0,5021.98977772495,1.301775147928994,834,845,11,0,834,844,16700,0,0,0,0,1
2020-10-10,US,Florida,Duval,31669,474,0,30.33225875,-81.66976468,12031.0,3306.586757573701,1.4967318197606492,31195,31669,474,0,31195,31500,950181,0,0,0,0,169
2020-10-10,US,Florida,Escambia,12611,255,0,30.67652764,-87.37284571,12033.0,3961.78640093492,2.0220442470858773,12356,12611,255,0,12356,12588,315534,0,0,0,0,23
2020-10-10,US,Florida,Flagler,1838,31,0,29.45933576,-81.31508595,12035.0,1597.1359303447134,1.6866158868335146,1807,1838,31,0,1807,1831,112067,0,0,0,0,7
2020-10-10,US,Florida,Franklin,662,4,0,29.83791238,-84.82731662,12037.0,5459.79381443299,0.6042296072507553,658,662,4,0,658,658,11736,0,0,0,0,4
2020-10-10,US,Florida,Gadsden,2953,50,0,30.57796289,-84.61915825,12039.0,6467.36749890495,1.6931933626820184,2903,2953,50,0,2903,2940,45894,0,0,0,0,13
2020-10-10,US,Florida,Gilchrist,523,16,0,29.72856978,-82.79880657,12041.0,2814.5517167151006,3.0592734225621414,507,523,16,0,507,522,18256,0,0,0,0,1
2020-10-10,US,Florida,Glades,577,5,0,26.95635849,-81.18996211,12043.0,4177.829266526682,0.8665511265164645,572,577,5,0,572,577,13724,0,0,0,0,0
2020-10-10,US,Florida,Gulf,894,15,0,29.93543004,-85.24270990000002,12045.0,6554.732751668012,1.6778523489932886,879,894,15,0,879,893,16164,0,0,0,0,1
2020-10-10,US,Florida,Hamilton,879,8,0,30.49673973,-82.94998918,12047.0,6092.3204879401155,0.9101251422070534,871,879,8,0,871,875,14310,0,0,0,0,4
2020-10-10,US,Florida,Hardee,1439,11,0,27.49293939,-81.80956574,12049.0,5342.094516835579,0.7644197359277276,1428,1439,11,0,1428,1431,27245,0,0,0,0,8
2020-10-10,US,Florida,Hendry,2103,42,0,26.55386945,-81.16469006,12051.0,5004.521441149875,1.9971469329529243,2061,2103,42,0,2061,2099,41556,0,0,0,0,4
2020-10-10,US,Florida,Hernando,3311,146,0,28.55364461,-82.42700204,12053.0,1707.4051155115512,4.409543944427665,3165,3311,146,0,3165,3291,190865,0,0,0,0,20
2020-10-10,US,Florida,Highlands,2313,97,0,27.34254618,-81.34071957,12055.0,2177.5355155760158,4.1936878512754,2216,2313,97,0,2216,2291,105424,0,0,0,0,22
2020-10-10,US,Florida,Hillsborough,43808,691,0,27.9276559,-82.32013172,12057.0,2976.151655470771,1.5773374726077432,43117,43808,691,0,43117,43578,1436888,0,0,0,0,230
2020-10-10,US,Florida,Holmes,784,9,0,30.86747479,-85.81319222,12059.0,3996.5336188000206,1.1479591836734695,775,784,9,0,775,781,19477,0,0,0,0,3
2020-10-10,US,Florida,Indian River,3416,119,0,27.69308961,-80.60556721,12061.0,2136.027963457414,3.4836065573770494,3297,3416,119,0,3297,3392,157413,0,0,0,0,24
2020-10-10,US,Florida,Jackson,2932,83,0,30.795459700000002,-85.21500423,12063.0,6317.059507907097,2.830832196452933,2849,2932,83,0,2849,2927,48305,0,0,0,0,5
2020-10-10,US,Florida,Jefferson,586,9,0,30.43669112,-83.89442308,12065.0,4113.435350273761,1.5358361774744027,577,586,9,0,577,576,14288,0,0,0,0,10
2020-10-10,US,Florida,Lafayette,1248,15,0,29.98484137,-83.18166636,12067.0,14818.332937544526,1.2019230769230769,1233,1248,15,0,1233,1244,8732,0,0,0,0,4
2020-10-10,US,Florida,Lake,7862,202,0,28.76202069,-81.7125123,12069.0,2141.5457700248967,2.569320783515645,7660,7862,202,0,7660,7818,356495,0,0,0,0,44
2020-10-10,US,Florida,Lee,21175,481,0,26.58410348,-81.88399313,12071.0,2747.9408287555952,2.271546635182999,20694,21175,481,0,20694,21089,754610,0,0,0,0,86
2020-10-10,US,Florida,Leon,11132,90,0,30.45955727,-84.27491114,12073.0,3791.7855999346007,0.8084800574919152,11042,11132,90,0,11042,11064,292502,0,0,0,0,68
2020-10-10,US,Florida,Levy,1075,10,0,29.31829741,-82.74007147,12075.0,2590.17420427439,0.9302325581395348,1065,1075,10,0,1065,1072,40770,0,0,0,0,3
2020-10-10,US,Florida,Liberty,520,9,0,30.23766008,-84.8829258,12077.0,6224.563083552789,1.7307692307692308,511,520,9,0,511,520,8457,0,0,0,0,0
2020-10-10,US,Florida,Madison,1035,22,0,30.44396917,-83.47398594,12079.0,5596.712269507381,2.1256038647343,1013,1035,22,0,1013,1034,18529,0,0,0,0,1
2020-10-10,US,Florida,Manatee,11999,300,0,27.47196942,-82.31831044,12081.0,2975.5513288183843,2.500208350695891,11699,11999,300,0,11699,11943,394855,0,0,0,0,56
2020-10-10,US,Florida,Marion,10102,317,0,29.21227113,-82.05803627,12083.0,2763.2878256136155,3.1379924767372795,9785,10102,317,0,9785,10075,359977,0,0,0,0,27
2020-10-10,US,Florida,Martin,5050,145,0,27.0772071,-80.43109784,12085.0,3136.6459627329186,2.871287128712871,4905,5050,145,0,4905,5030,160912,0,0,0,0,20
2020-10-10,US,Florida,Miami-Dade,174112,3409,0,25.6112362,-80.55170587,12086.0,6408.385904731058,1.95793512222018,170703,174112,3409,0,170703,173721,2761581,0,0,0,0,391
2020-10-10,US,Florida,Monroe,1927,24,0,25.20904673,-81.07812416,12087.0,2596.0553968852723,1.2454592631032693,1903,1927,24,0,1903,1914,75027,0,0,0,0,13
2020-10-10,US,Florida,Nassau,2224,49,0,30.61037141,-81.80297522,12089.0,2509.449929478138,2.2032374100719423,2175,2224,49,0,2175,2218,85832,0,0,0,0,6
2020-10-10,US,Florida,Okaloosa,5323,122,0,30.69143028,-86.59267105,12091.0,2525.8852224088682,2.2919406349802744,5201,5323,122,0,5201,5265,207269,0,0,0,0,58
2020-10-10,US,Florida,Okeechobee,1631,32,0,27.386336199999995,-80.88944347,12093.0,3867.861885790173,1.9619865113427344,1599,1631,32,0,1599,1624,41537,0,0,0,0,7
2020-10-10,US,Florida,Orange,41822,502,0,28.51367621,-81.31799498,12095.0,3001.3233322712226,1.2003251877002534,41320,41822,502,0,41320,41571,1380645,0,0,0,0,251
2020-10-10,US,Florida,Osceola,13023,172,0,28.06312234,-81.14882926,12097.0,3465.8590396299683,1.3207402288259231,12851,13023,172,0,12851,12957,367990,0,0,0,0,66
2020-10-10,US,Florida,Palm Beach,47648,1425,0,26.64676272,-80.46536002,12099.0,3183.38822932047,2.9906816655473474,46223,47648,1425,0,46223,47525,1485941,0,0,0,0,123
2020-10-10,US,Florida,Pasco,9720,216,0,28.30810945,-82.40227529,12101.0,1754.6805019252743,2.2222222222222223,9504,9720,216,0,9504,9652,539630,0,0,0,0,68
2020-10-10,US,Florida,Pinellas,22910,780,0,27.93130349,-82.72239666,12103.0,2349.75322975684,3.4046268005237885,22130,22910,780,0,22130,22822,975280,0,0,0,0,88
2020-10-10,US,Florida,Polk,20929,552,0,27.95027105,-81.69732947,12105.0,2887.64682102219,2.6374886521095133,20377,20929,552,0,20377,20814,708009,0,0,0,0,115
2020-10-10,US,Florida,Putnam,2190,43,0,29.60779729,-81.74230285,12107.0,2938.768937614901,1.9634703196347032,2147,2190,43,0,2147,2177,74163,0,0,0,0,13
2020-10-10,US,Florida,Santa Rosa,5514,82,0,30.69341450000001,-87.02458128,12113.0,2991.650073516247,1.4871236851650345,5432,5514,82,0,5432,5490,179349,0,0,0,0,24
2020-10-10,US,Florida,Sarasota,8564,280,0,27.18546175,-82.33174248,12115.0,1974.445638190445,3.2695002335357315,8284,8564,280,0,8284,8518,426718,0,0,0,0,46
2020-10-10,US,Florida,Seminole,9377,232,0,28.7158582,-81.24060348,12117.0,1987.3851801299634,2.4741388503785857,9145,9377,232,0,9145,9343,467832,0,0,0,0,34
2020-10-10,US,Florida,St. Johns,5640,76,0,29.90096506,-81.43589967,12109.0,2130.939426913312,1.3475177304964538,5564,5640,76,0,5564,5618,254261,0,0,0,0,22
2020-10-10,US,Florida,St. Lucie,8326,298,0,27.37763908,-80.47106649,12111.0,2536.118210035425,3.5791496516934904,8028,8326,298,0,8028,8299,321128,0,0,0,0,27
2020-10-10,US,Florida,Sumter,2612,76,0,28.70181754,-82.0794267,12119.0,1972.5117051804864,2.909647779479326,2536,2612,76,0,2536,2593,128754,0,0,0,0,19
2020-10-10,US,Florida,Suwannee,2819,73,0,30.19746066,-82.99099670000003,12121.0,6346.669068149583,2.5895707697765165,2746,2819,73,0,2746,2807,44191,0,0,0,0,12
2020-10-10,US,Florida,Taylor,1382,14,0,30.04848048,-83.60445406,12123.0,6407.3438731512815,1.0130246020260492,1368,1382,14,0,1368,1370,21623,0,0,0,0,12
2020-10-10,US,Florida,Unassigned,1844,0,0,0.0,0.0,90012.0,0.0,0.0,1844,1844,0,0,1844,1830,,0,0,0,0,14
2020-10-10,US,Florida,Union,1016,24,0,30.04412971,-82.37497443,12125.0,6667.979261009386,2.3622047244094486,992,1016,24,0,992,1012,14940,0,0,0,0,4
2020-10-10,US,Florida,Volusia,11378,284,0,29.05858895,-81.18263252,12127.0,2056.448406243448,2.4960449991211107,11094,11378,284,0,11094,11325,547538,0,0,0,0,53
2020-10-10,US,Florida,Wakulla,1180,11,0,30.16548905,-84.39895211,12129.0,3497.436201428614,0.9322033898305084,1169,1180,11,0,1169,1178,32461,0,0,0,0,2
2020-10-10,US,Florida,Walton,2072,29,0,30.64204028,-86.16935664,12131.0,2797.316088617677,1.3996138996138996,2043,2072,29,0,2043,2045,71375,0,0,0,0,27
2020-10-10,US,Florida,Washington,1107,24,0,30.61359259,-85.66002461,12133.0,4345.777882463784,2.168021680216802,1083,1107,24,0,1083,1104,24880,0,0,0,0,3
2020-10-10,US,Georgia,Appling,1099,34,0,31.74847232,-82.28909114,13001.0,5977.374088980746,3.0937215650591448,1065,1093,34,0,1059,1087,18507,6,0,0,6,6
2020-10-10,US,Georgia,Atkinson,455,4,0,31.29633502,-82.87545866,13003.0,5572.565829761175,0.8791208791208791,451,456,4,0,452,452,8297,-1,0,0,-1,4
2020-10-10,US,Georgia,Bacon,614,14,0,31.55456473,-82.45936528,13005.0,5499.820852740953,2.280130293159609,600,612,14,0,598,613,11185,2,0,0,2,-1
2020-10-10,US,Georgia,Baker,85,6,0,31.32669878,-84.44218806,13007.0,2797.8933508887426,7.0588235294117645,79,85,6,0,79,85,3092,0,0,0,0,0
2020-10-10,US,Georgia,Baldwin,2193,61,0,33.06882326,-83.24701748,13009.0,4885.275116952551,2.7815777473780208,2132,2189,61,0,2128,2177,44823,4,0,0,4,12
2020-10-10,US,Georgia,Banks,523,8,0,34.35607081,-83.49644388,13011.0,2719.143183945097,1.5296367112810707,515,519,8,0,511,514,18988,4,0,0,4,5
2020-10-10,US,Georgia,Barrow,2375,47,0,33.99148694,-83.71436292,13013.0,2853.1955790485345,1.9789473684210528,2328,2358,47,0,2311,2342,80809,17,0,0,17,16
2020-10-10,US,Georgia,Bartow,3130,91,0,34.23732119,-84.83887523,13015.0,2905.195938294752,2.9073482428115014,3039,3107,90,0,3017,3083,106408,23,1,0,22,24
2020-10-10,US,Georgia,Ben Hill,824,27,0,31.76095874,-83.22145359,13017.0,4934.131736526946,3.2766990291262137,797,824,27,0,797,818,16787,0,0,0,0,6
2020-10-10,US,Georgia,Berrien,468,12,0,31.27590016,-83.22529920000002,13019.0,2412.7442387998144,2.5641025641025643,456,468,12,0,456,466,19252,0,0,0,0,2
2020-10-10,US,Georgia,Bibb,6270,186,0,32.80904227,-83.70489165,13021.0,4093.784890212132,2.9665071770334928,6084,6247,186,0,6061,6215,153095,23,0,0,23,32
2020-10-10,US,Georgia,Bleckley,457,21,0,32.43829035,-83.33035166,13023.0,3550.0660296745127,4.595185995623632,436,454,21,0,433,443,12838,3,0,0,3,11
2020-10-10,US,Georgia,Brantley,370,11,0,31.19576557,-81.97743999,13025.0,1936.2604008582346,2.972972972972973,359,363,11,0,352,358,18897,7,0,0,7,5
2020-10-10,US,Georgia,Brooks,530,26,0,30.83922642,-83.58303423,13027.0,3428.867179918483,4.90566037735849,504,530,26,0,504,529,15513,0,0,0,0,1
2020-10-10,US,Georgia,Bryan,1209,13,0,32.00979311,-81.44002948,13029.0,3050.95010977364,1.075268817204301,1196,1207,13,0,1194,1197,38109,2,0,0,2,10
2020-10-10,US,Georgia,Bulloch,2951,32,0,32.39577406,-81.74811421,13031.0,3706.9138780022113,1.08437817688919,2919,2947,31,0,2916,2942,77296,4,1,0,3,5
2020-10-10,US,Georgia,Burke,852,11,0,33.05917989,-81.99928721,13033.0,3806.460260018764,1.2910798122065728,841,849,11,0,838,847,22423,3,0,0,3,2
2020-10-10,US,Georgia,Butts,715,43,0,33.283094500000004,-83.95435040000002,13035.0,2867.340391401989,6.013986013986014,672,713,43,0,670,711,24193,2,0,0,2,2
2020-10-10,US,Georgia,Calhoun,255,9,0,31.53169785,-84.62725131,13037.0,4120.213281628697,3.5294117647058822,246,252,10,0,242,251,6352,3,-1,0,4,1
2020-10-10,US,Georgia,Camden,1353,16,0,30.92951916,-81.66601818,13039.0,2475.030183294918,1.1825572801182558,1337,1344,16,0,1328,1341,53677,9,0,0,9,3
2020-10-10,US,Georgia,Candler,491,23,0,32.40209349,-82.07702563,13043.0,4545.0337869110435,4.684317718940936,468,485,22,0,463,480,10836,6,1,0,5,5
2020-10-10,US,Georgia,Carroll,2978,72,0,33.58138199,-85.07976677,13045.0,2481.8321221414762,2.4177300201477503,2906,2954,71,0,2883,2933,118121,24,1,0,23,21
2020-10-10,US,Georgia,Catoosa,1285,19,0,34.89872298,-85.13757014,13047.0,1901.450133175496,1.4785992217898831,1266,1280,19,0,1261,1262,67420,5,0,0,5,18
2020-10-10,US,Georgia,Charlton,643,9,0,30.78371028,-82.13951596,13049.0,4801.3739545997605,1.3996889580093312,634,642,9,0,633,643,12968,1,0,0,1,-1
2020-10-10,US,Georgia,Chatham,8842,175,0,32.00043026,-81.12489526,13051.0,3054.9701136716994,1.9791902284551008,8667,8809,173,0,8636,8755,289195,33,2,0,31,54
2020-10-10,US,Georgia,Chattahoochee,1706,1,0,32.34341231,-84.78809239,13053.0,15641.331255157238,0.058616647127784284,1705,1697,1,0,1696,1697,10684,9,0,0,9,0
2020-10-10,US,Georgia,Chattooga,832,26,0,34.47197698,-85.34535662,13055.0,3356.3274032837144,3.125,806,831,24,0,807,827,24790,1,2,0,-1,4
2020-10-10,US,Georgia,Cherokee,6423,96,0,34.24393976,-84.47431861,13057.0,2482.098209627743,1.494628678187763,6327,6393,96,0,6297,6359,254149,30,0,0,30,34
2020-10-10,US,Georgia,Clarke,5354,45,0,33.95436462,-83.37124007,13059.0,4172.023906928178,0.8404930892790438,5309,5307,45,0,5262,5271,127330,47,0,0,47,36
2020-10-10,US,Georgia,Clay,121,3,0,31.62221166,-84.97713865,13061.0,4269.583627381792,2.479338842975207,118,121,3,0,118,121,2887,0,0,0,0,0
2020-10-10,US,Georgia,Clayton,7408,168,0,33.54187245,-84.35594188,13063.0,2534.764042483302,2.2678185745140387,7240,7347,167,0,7180,7289,289615,61,1,0,60,58
2020-10-10,US,Georgia,Clinch,401,11,0,30.91395822,-82.70432472,13065.0,6059.232396494409,2.743142144638404,390,399,11,0,388,397,6648,2,0,0,2,2
2020-10-10,US,Georgia,Cobb,20439,439,0,33.94243204,-84.5761255,13067.0,2688.843254080493,2.147854591711923,20000,20367,437,0,19930,20294,756865,72,2,0,70,73
2020-10-10,US,Georgia,Coffee,2147,56,0,31.54892966,-82.85492059999999,13069.0,4961.523351743582,2.6082906380996738,2091,2141,55,0,2086,2130,43093,6,1,0,5,11
2020-10-10,US,Georgia,Colquitt,1974,37,0,31.18810588,-83.7677946,13071.0,4328.9473684210525,1.8743667679837888,1937,1966,37,0,1929,1954,45592,8,0,0,8,12
2020-10-10,US,Georgia,Columbia,3969,62,0,33.54534185,-82.263524,13073.0,2532.6390750028713,1.562106324011086,3907,3947,61,0,3886,3925,154291,22,1,0,21,22
2020-10-10,US,Georgia,Cook,561,14,0,31.16068491,-83.42947229,13075.0,3248.407643312101,2.4955436720142603,547,561,14,0,547,558,17162,0,0,0,0,3
2020-10-10,US,Georgia,Coweta,2743,56,0,33.35334302,-84.76129976,13077.0,1847.026106161916,2.0415603353991982,2687,2718,55,0,2663,2707,145864,25,1,0,24,11
2020-10-10,US,Georgia,Crawford,179,6,0,32.71391813,-83.98061238,13079.0,1443.0828764914545,3.35195530726257,173,177,6,0,171,175,12318,2,0,0,2,2
2020-10-10,US,Georgia,Crisp,603,19,0,31.92289565,-83.76811843,13081.0,2695.3334525299483,3.1509121061359866,584,601,19,0,582,599,22601,2,0,0,2,2
2020-10-10,US,Georgia,Dade,303,5,0,34.854916700000004,-85.50490424,13083.0,1880.1191362621,1.6501650165016502,298,301,5,0,296,300,16226,2,0,0,2,1
2020-10-10,US,Georgia,Dawson,858,9,0,34.44244079,-84.16964071,13085.0,3286.34901179715,1.048951048951049,849,855,9,0,846,852,25083,3,0,0,3,3
2020-10-10,US,Georgia,DeKalb,19613,378,0,33.76944049,-84.22396017,13089.0,2583.0472134092456,1.9272931219089382,19235,19571,378,0,19193,19473,756558,42,0,0,42,98
2020-10-10,US,Georgia,Decatur,1234,34,0,30.87967778,-84.57619536,13087.0,4673.5343129828825,2.7552674230145873,1200,1230,33,0,1197,1229,26575,4,1,0,3,1
2020-10-10,US,Georgia,Dodge,453,12,0,32.17265114,-83.16948926,13091.0,2198.49551079835,2.6490066225165565,441,449,12,0,437,445,20705,4,0,0,4,4
2020-10-10,US,Georgia,Dooly,350,14,0,32.15630737,-83.79746561,13093.0,2613.890963405527,4.0,336,350,14,0,336,348,13706,0,0,0,0,2
2020-10-10,US,Georgia,Dougherty,3215,188,0,31.53328528,-84.21722377,13095.0,3655.2367092637232,5.847589424572318,3027,3204,188,0,3016,3192,91243,11,0,0,11,12
2020-10-10,US,Georgia,Douglas,3809,70,0,33.70291126,-84.77026156,13097.0,2602.789337378624,1.837752690995012,3739,3779,70,0,3709,3761,145331,30,0,0,30,18
2020-10-10,US,Georgia,Early,518,33,0,31.32155345,-84.90255207,13099.0,5083.4151128557405,6.370656370656371,485,516,33,0,483,516,10247,2,0,0,2,0
2020-10-10,US,Georgia,Echols,243,2,0,30.71101099,-82.89687287,13101.0,6065.901148277584,0.8230452674897121,241,243,2,0,241,243,4000,0,0,0,0,0
2020-10-10,US,Georgia,Effingham,1561,28,0,32.36616021,-81.34280942,13103.0,2427.833768819211,1.7937219730941705,1533,1550,28,0,1522,1540,62190,11,0,0,11,10
2020-10-10,US,Georgia,Elbert,714,8,0,34.11302332,-82.83936148,13105.0,3719.912472647704,1.1204481792717087,706,712,6,0,706,707,19120,2,2,0,0,5
2020-10-10,US,Georgia,Emanuel,1129,34,0,32.59221302,-82.30239915,13107.0,4985.427890135124,3.0115146147032767,1095,1125,34,0,1091,1123,22612,4,0,0,4,2
2020-10-10,US,Georgia,Evans,441,6,0,32.15328841,-81.8870105,13109.0,4139.290407358739,1.3605442176870748,435,439,6,0,433,436,10721,2,0,0,2,3
2020-10-10,US,Georgia,Fannin,745,27,0,34.86430205,-84.316964,13111.0,2844.814418817779,3.624161073825504,718,739,27,0,712,731,25964,6,0,0,6,8
2020-10-10,US,Georgia,Fayette,1953,51,0,33.41357794,-84.49089434,13113.0,1706.854510972636,2.6113671274961603,1902,1954,51,0,1903,1947,113459,-1,0,0,-1,7
2020-10-10,US,Georgia,Floyd,3409,49,0,34.26268279,-85.21577392,13115.0,3460.98397937014,1.4373716632443532,3360,3393,48,0,3345,3374,97927,16,1,0,15,19
2020-10-10,US,Georgia,Forsyth,4356,48,0,34.22604035,-84.12315129999998,13117.0,1783.4040253508676,1.1019283746556474,4308,4334,47,0,4287,4312,236612,22,1,0,21,22
2020-10-10,US,Georgia,Franklin,802,16,0,34.37525597,-83.23159927,13119.0,3434.836609704913,1.9950124688279305,786,801,15,0,786,789,23023,1,1,0,0,12
2020-10-10,US,Georgia,Fulton,28942,590,0,33.79216944,-84.46319413,13121.0,2720.273850801317,2.0385598783774443,28352,28834,588,0,28246,28581,1050114,108,2,0,106,253
2020-10-10,US,Georgia,Gilmer,907,13,0,34.69316688,-84.45802506,13123.0,2891.389588447193,1.4332965821389194,894,905,13,0,892,895,30816,2,0,0,2,10
2020-10-10,US,Georgia,Glascock,40,2,0,33.22879932,-82.61297636,13125.0,1346.348030966005,5.0,38,40,2,0,38,40,2995,0,0,0,0,0
2020-10-10,US,Georgia,Glynn,3556,98,0,31.23279254,-81.53811412,13127.0,4169.206959621067,2.755905511811024,3458,3545,98,0,3447,3541,85219,11,0,0,11,4
2020-10-10,US,Georgia,Gordon,1988,39,0,34.50487351,-84.87296253,13129.0,3429.774166278489,1.9617706237424548,1949,1965,40,0,1925,1948,57685,23,-1,0,24,17
2020-10-10,US,Georgia,Grady,828,23,0,30.87454847,-84.23418364,13131.0,3361.344537815126,2.7777777777777777,805,823,23,0,800,822,24748,5,0,0,5,1
2020-10-10,US,Georgia,Greene,539,24,0,33.5769205,-83.17139104,13133.0,2941.497489631085,4.4526901669758825,515,536,25,0,511,532,17698,3,-1,0,4,4
2020-10-10,US,Georgia,Gwinnett,28712,423,0,33.96044201,-84.02137802,13135.0,3066.702269692925,1.4732516021175814,28289,28593,422,0,28171,28461,927781,119,1,0,118,132
2020-10-10,US,Georgia,Habersham,1775,72,0,34.63331566,-83.53094677,13137.0,3915.9018708083295,4.056338028169014,1703,1766,71,0,1695,1758,45388,9,1,0,8,8
2020-10-10,US,Georgia,Hall,9941,162,0,34.32207823,-83.81896936,13139.0,4862.527575192843,1.6296147268886432,9779,9848,161,0,9687,9773,202148,93,1,0,92,75
2020-10-10,US,Georgia,Hancock,402,43,0,33.2721566,-82.99766919,13141.0,4753.4586732884,10.696517412935323,359,402,43,0,359,402,8348,0,0,0,0,0
2020-10-10,US,Georgia,Haralson,544,9,0,33.79602175,-85.21005667,13143.0,1825.993555316864,1.6544117647058822,535,541,9,0,532,538,29533,3,0,0,3,3
2020-10-10,US,Georgia,Harris,812,24,0,32.73709786,-84.90538572,13145.0,2304.4613463503233,2.955665024630542,788,807,22,0,785,807,34475,5,2,0,3,0
2020-10-10,US,Georgia,Hart,541,14,0,34.34626973,-82.96567682,13147.0,2064.491509253959,2.587800369685767,527,540,13,0,527,535,26099,1,1,0,0,5
2020-10-10,US,Georgia,Heard,203,6,0,33.29686567,-85.12886832,13149.0,1702.591629623417,2.955665024630542,197,202,6,0,196,201,11879,1,0,0,1,1
2020-10-10,US,Georgia,Henry,5618,106,0,33.4533428,-84.14814659999998,13151.0,2395.112571996197,1.8867924528301887,5512,5587,106,0,5481,5551,230220,31,0,0,31,36
2020-10-10,US,Georgia,Houston,3284,86,0,32.45802497,-83.66879087,13153.0,2080.284803912253,2.6187576126674785,3198,3270,85,0,3185,3250,155469,14,1,0,13,20
2020-10-10,US,Georgia,Irwin,335,6,0,31.60213036,-83.27501387,13155.0,3557.774001699235,1.791044776119403,329,334,6,0,328,332,9398,1,0,0,1,2
2020-10-10,US,Georgia,Jackson,2140,36,0,34.13794553,-83.56814788,13157.0,2932.4307658577363,1.6822429906542056,2104,2125,35,0,2090,2106,70422,15,1,0,14,19
2020-10-10,US,Georgia,Jasper,231,3,0,33.31535543,-83.68844964,13159.0,1624.5868204515084,1.2987012987012987,228,230,3,0,227,229,14040,1,0,0,1,1
2020-10-10,US,Georgia,Jeff Davis,746,22,0,31.80405727,-82.63724870000001,13161.0,4935.494541845847,2.949061662198392,724,744,22,0,722,740,15029,2,0,0,2,4
2020-10-10,US,Georgia,Jefferson,825,30,0,33.05867328,-82.41609057,13163.0,5370.394479885432,3.636363636363636,795,823,30,0,793,818,15430,2,0,0,2,5
2020-10-10,US,Georgia,Jenkins,452,30,0,32.79248718,-81.96040187,13165.0,5209.7740894421395,6.6371681415929205,422,451,30,0,421,450,8683,1,0,0,1,1
2020-10-10,US,Georgia,Johnson,429,22,0,32.70211082,-82.66166794,13167.0,4448.82298040029,5.128205128205129,407,426,22,0,404,424,9708,3,0,0,3,2
2020-10-10,US,Georgia,Jones,598,13,0,33.02512137,-83.56019163,13169.0,2081.0857838872453,2.1739130434782608,585,592,13,0,579,588,28616,6,0,0,6,4
2020-10-10,US,Georgia,Lamar,390,19,0,33.07841647,-84.14263877,13171.0,2044.3465953766315,4.871794871794871,371,388,19,0,369,386,19000,2,0,0,2,2
2020-10-10,US,Georgia,Lanier,301,7,0,31.03828570000001,-83.06472457,13173.0,2887.844190732035,2.3255813953488373,294,301,7,0,294,301,10340,0,0,0,0,0
2020-10-10,US,Georgia,Laurens,1829,81,0,32.46325233,-82.92221316,13175.0,3846.800992722837,4.428649535265172,1748,1808,80,0,1728,1786,47325,21,1,0,20,22
2020-10-10,US,Georgia,Lee,724,26,0,31.779330600000005,-84.14324253,13177.0,2413.97706054948,3.591160220994475,698,724,26,0,698,720,29764,0,0,0,0,4
2020-10-10,US,Georgia,Liberty,1163,24,0,31.82588896,-81.49251135,13179.0,1893.057703263612,2.063628546861565,1139,1161,24,0,1137,1150,61497,2,0,0,2,11
2020-10-10,US,Georgia,Lincoln,219,7,0,33.79201475,-82.45024131,13181.0,2764.802423936372,3.1963470319634704,212,217,7,0,210,217,7915,2,0,0,2,0
2020-10-10,US,Georgia,Long,260,4,0,31.75218791,-81.74952375,13183.0,1329.3113144843805,1.5384615384615383,256,260,4,0,256,260,18998,0,0,0,0,0
2020-10-10,US,Georgia,Lowndes,4101,85,0,30.83568832,-83.27056716,13185.0,3493.0071716948028,2.072665203608876,4016,4093,85,0,4008,4065,116321,8,0,0,8,28
2020-10-10,US,Georgia,Lumpkin,967,14,0,34.57286511,-84.00425681,13187.0,2877.119904790241,1.4477766287487073,953,958,14,0,944,952,32955,9,0,0,9,6
2020-10-10,US,Georgia,Macon,240,10,0,32.35207048,-84.04234127,13193.0,1853.7112844674439,4.166666666666667,230,238,10,0,228,238,13143,2,0,0,2,0
2020-10-10,US,Georgia,Madison,733,9,0,34.12920917,-83.21218732,13195.0,2453.1459170013386,1.2278308321964528,724,731,9,0,722,725,29650,2,0,0,2,6
2020-10-10,US,Georgia,Marion,194,9,0,32.3483402,-84.52733571,13197.0,2320.851776528293,4.639175257731959,185,194,9,0,185,194,8351,0,0,0,0,0
2020-10-10,US,Georgia,McDuffie,637,14,0,33.47851918,-82.48252774,13189.0,2988.9264264264266,2.1978021978021984,623,632,14,0,618,626,21531,5,0,0,5,6
2020-10-10,US,Georgia,McIntosh,298,7,0,31.49683595,-81.40163426,13191.0,2072.610933370427,2.348993288590604,291,298,7,0,291,297,14340,0,0,0,0,1
2020-10-10,US,Georgia,Meriwether,562,14,0,33.04163534,-84.68859732,13199.0,2655.076298011055,2.491103202846975,548,560,14,0,546,560,21068,2,0,0,2,0
2020-10-10,US,Georgia,Miller,292,2,0,31.16568912,-84.73151117,13201.0,5106.680657572578,0.6849315068493149,290,289,2,0,287,288,5686,3,0,0,3,1
2020-10-10,US,Georgia,Mitchell,839,46,0,31.22483255,-84.19381821,13205.0,3837.5337327905604,5.482717520858165,793,832,45,0,787,832,22192,7,1,0,6,0
2020-10-10,US,Georgia,Monroe,727,54,0,33.014289,-83.92097166,13207.0,2636.1592573790704,7.427785419532324,673,724,54,0,670,720,27520,3,0,0,3,4
2020-10-10,US,Georgia,Montgomery,342,7,0,32.17201038,-82.53527476,13209.0,3728.739642389882,2.046783625730994,335,336,5,0,331,333,9193,6,2,0,4,3
2020-10-10,US,Georgia,Morgan,501,4,0,33.59232073,-83.49129491,13211.0,2599.086947499481,0.7984031936127745,497,499,3,0,496,498,18853,2,1,0,1,1
2020-10-10,US,Georgia,Murray,888,7,0,34.78897608,-84.74993177,13213.0,2214.684756584198,0.7882882882882883,881,882,6,0,876,873,39921,6,1,0,5,9
2020-10-10,US,Georgia,Muscogee,6177,173,0,32.50931999,-84.87142262,13215.0,3155.2492989186235,2.8007123198963897,6004,6166,173,0,5993,6159,194160,11,0,0,11,7
2020-10-10,US,Georgia,Newton,2680,91,0,33.55514538,-83.84547140000002,13217.0,2398.339060710194,3.3955223880597014,2589,2669,91,0,2578,2664,109541,11,0,0,11,5
2020-10-10,US,Georgia,Oconee,795,27,0,33.83749973,-83.43679568,13219.0,1973.6842105263158,3.39622641509434,768,792,27,0,765,789,39272,3,0,0,3,3
2020-10-10,US,Georgia,Oglethorpe,372,11,0,33.878629600000004,-83.08278123,13221.0,2437.90549839439,2.956989247311828,361,371,11,0,360,365,15054,1,0,0,1,6
2020-10-10,US,Georgia,Out of GA,15526,170,0,0.0,0.0,80013.0,0.0,1.0949375241530337,15356,15706,170,0,15536,15873,,-180,0,0,-180,-167
2020-10-10,US,Georgia,Paulding,2922,59,0,33.91969522,-84.86848792,13223.0,1732.4076434631552,2.0191649555099254,2863,2907,58,0,2849,2891,164044,15,1,0,14,16
2020-10-10,US,Georgia,Peach,704,24,0,32.56934316,-83.82937,13225.0,2555.724969142525,3.4090909090909087,680,693,24,0,669,690,27297,11,0,0,11,3
2020-10-10,US,Georgia,Pickens,653,9,0,34.46589159,-84.46406611,13227.0,2003.6206314626736,1.3782542113323124,644,646,9,0,637,645,31980,7,0,0,7,1
2020-10-10,US,Georgia,Pierce,630,22,0,31.35928155,-82.21598442,13229.0,3236.5784741844336,3.492063492063492,608,628,22,0,606,626,19389,2,0,0,2,2
2020-10-10,US,Georgia,Pike,362,11,0,33.09310242,-84.38790389,13231.0,1909.0813205358088,3.0386740331491717,351,362,12,0,350,358,18634,0,-1,0,1,4
2020-10-10,US,Georgia,Polk,1548,21,0,34.00267074,-85.18677781,13233.0,3632.694248234107,1.3565891472868217,1527,1539,21,0,1518,1529,42470,9,0,0,9,10
2020-10-10,US,Georgia,Pulaski,320,22,0,32.23334561,-83.47549959999998,13235.0,2873.305198886594,6.875,298,319,22,0,297,319,11069,1,0,0,1,0
2020-10-10,US,Georgia,Putnam,745,26,0,33.32056115,-83.37552891,13237.0,3368.14503368145,3.48993288590604,719,742,25,0,717,734,21809,3,1,0,2,8
2020-10-10,US,Georgia,Quitman,38,1,0,31.86728114,-85.01773177,13239.0,1652.892561983471,2.631578947368421,37,37,1,0,36,34,2279,1,0,0,1,3
2020-10-10,US,Georgia,Rabun,397,11,0,34.88389445,-83.40304637,13241.0,2316.6248468226645,2.7707808564231735,386,387,11,0,376,384,16867,10,0,0,10,3
2020-10-10,US,Georgia,Randolph,336,29,0,31.76622818,-84.75732369,13243.0,4957.214517556801,8.630952380952381,307,335,29,0,306,333,6833,1,0,0,1,2
2020-10-10,US,Georgia,Richmond,7467,172,0,33.35777107,-82.07026432,13245.0,3687.079666992564,2.303468595152002,7295,7424,172,0,7252,7370,201554,43,0,0,43,54
2020-10-10,US,Georgia,Rockdale,1936,40,0,33.65145002,-84.02202167,13247.0,2129.906706565745,2.066115702479338,1896,1924,40,0,1884,1912,90594,12,0,0,12,12
2020-10-10,US,Georgia,Schley,107,2,0,32.2654021,-84.31258912,13249.0,2035.3813962335933,1.8691588785046729,105,107,2,0,105,107,5236,0,0,0,0,0
2020-10-10,US,Georgia,Screven,429,11,0,32.74976524,-81.60779441,13251.0,3071.745668050981,2.5641025641025643,418,429,11,0,418,429,13938,0,0,0,0,0
2020-10-10,US,Georgia,Seminole,370,10,0,30.93464824,-84.86823924,13253.0,4573.547589616811,2.702702702702702,360,369,9,0,360,368,8315,1,1,0,0,1
2020-10-10,US,Georgia,Spalding,1407,62,0,33.26310031,-84.28013991,13255.0,2109.350404029804,4.406538734896944,1345,1399,62,0,1337,1387,66100,8,0,0,8,12
2020-10-10,US,Georgia,Stephens,1190,41,0,34.55151201,-83.29405315,13257.0,4590.163934426229,3.4453781512605044,1149,1178,39,0,1139,1159,26035,12,2,0,10,19
2020-10-10,US,Georgia,Stewart,523,16,0,32.07996777,-84.83208037,13259.0,7899.10889593717,3.0592734225621414,507,523,16,0,507,523,6199,0,0,0,0,0
2020-10-10,US,Georgia,Sumter,946,64,0,32.03650571,-84.19821492,13261.0,3204.172876304024,6.765327695560254,882,946,64,0,882,943,29733,0,0,0,0,3
2020-10-10,US,Georgia,Talbot,166,6,0,32.69642758,-84.53351366,13263.0,2679.5803066989506,3.614457831325301,160,166,6,0,160,166,6272,0,0,0,0,0
2020-10-10,US,Georgia,Taliaferro,24,0,0,33.56543317,-82.88136816,13265.0,1561.4834092387769,0.0,24,24,0,0,24,24,1608,0,0,0,0,0
2020-10-10,US,Georgia,Tattnall,869,11,0,32.04785085,-82.05539188,13267.0,3436.6843312504943,1.2658227848101269,858,866,11,0,855,863,25391,3,0,0,3,3
2020-10-10,US,Georgia,Taylor,219,12,0,32.55792548,-84.25077141,13269.0,2730.673316708229,5.479452054794519,207,217,12,0,205,217,8039,2,0,0,2,0
2020-10-10,US,Georgia,Telfair,403,22,0,31.92829517,-82.93491155,13271.0,2540.983606557377,5.459057071960298,381,402,21,0,381,401,15876,1,1,0,0,1
2020-10-10,US,Georgia,Terrell,333,32,0,31.77527543,-84.44069698,13273.0,3903.41108896964,9.60960960960961,301,333,32,0,301,333,8611,0,0,0,0,0
2020-10-10,US,Georgia,Thomas,1540,67,0,30.86392347,-83.91847289,13275.0,3464.4889878742883,4.35064935064935,1473,1538,66,0,1472,1529,44448,2,1,0,1,9
2020-10-10,US,Georgia,Tift,1861,59,0,31.45743864,-83.5236119,13277.0,4578.781615982679,3.170338527673294,1802,1853,59,0,1794,1844,40571,8,0,0,8,9
2020-10-10,US,Georgia,Toombs,1406,54,0,32.12059861,-82.32957247,13279.0,5240.402534476332,3.840682788051209,1352,1400,53,0,1347,1389,26887,6,1,0,5,11
2020-10-10,US,Georgia,Towns,382,10,0,34.91369188,-83.74107459999998,13281.0,3173.548226302235,2.6178010471204187,372,377,10,0,367,375,11852,5,0,0,5,2
2020-10-10,US,Georgia,Treutlen,274,11,0,32.40422134,-82.56904553,13283.0,3970.4390668019128,4.014598540145985,263,273,11,0,262,272,6809,1,0,0,1,1
2020-10-10,US,Georgia,Troup,2893,103,0,33.03349196,-85.02812115,13285.0,4137.467463745316,3.56031800898721,2790,2891,103,0,2788,2882,70034,2,0,0,2,9
2020-10-10,US,Georgia,Turner,323,24,0,31.71612656,-83.62069378,13287.0,4045.0845335003132,7.4303405572755405,299,323,24,0,299,320,7912,0,0,0,0,3
2020-10-10,US,Georgia,Twiggs,205,9,0,32.67435595,-83.43078662,13289.0,2524.630541871921,4.390243902439025,196,204,9,0,195,202,8188,1,0,0,1,2
2020-10-10,US,Georgia,Unassigned,2126,5,0,0.0,0.0,90013.0,0.0,0.2351834430856068,2121,2159,4,0,2155,2148,,-33,1,0,-34,11
2020-10-10,US,Georgia,Union,843,22,0,34.82995757,-83.98967069,13291.0,3439.2721635184203,2.6097271648873077,821,841,22,0,819,835,24001,2,0,0,2,6
2020-10-10,US,Georgia,Upson,818,67,0,32.87920671,-84.30024826,13293.0,3107.90273556231,8.190709046454767,751,817,65,0,752,814,26215,1,2,0,-1,3
2020-10-10,US,Georgia,Walker,1671,39,0,34.73376362,-85.30165174,13295.0,2395.321167987844,2.3339317773788157,1632,1665,39,0,1626,1655,69410,6,0,0,6,10
2020-10-10,US,Georgia,Walton,1953,63,0,33.78017694,-83.73552314,13297.0,2064.6348038438364,3.2258064516129035,1890,1937,62,0,1875,1919,93503,16,1,0,15,18
2020-10-10,US,Georgia,Ware,1557,62,0,31.05449097,-82.42224148,13299.0,4357.194828454693,3.982016698779705,1495,1537,62,0,1475,1536,35680,20,0,0,20,1
2020-10-10,US,Georgia,Warren,161,5,0,33.41146451,-82.67795848,13301.0,3064.331937571374,3.1055900621118013,156,160,5,0,155,160,5251,1,0,0,1,0
2020-10-10,US,Georgia,Washington,709,10,0,32.96711864,-82.79357039,13303.0,3479.9253951114165,1.4104372355430184,699,705,9,0,696,704,20386,4,1,0,3,1
2020-10-10,US,Georgia,Wayne,1177,29,0,31.5521809,-81.91894878,13305.0,3932.9033982691217,2.463891248937978,1148,1173,29,0,1144,1170,29808,4,0,0,4,3
2020-10-10,US,Georgia,Webster,44,2,0,32.04066113,-84.54742852,13307.0,1687.7637130801688,4.545454545454546,42,44,2,0,42,44,2611,0,0,0,0,0
2020-10-10,US,Georgia,Wheeler,355,13,0,32.12009104,-82.72574721,13309.0,4519.414385741567,3.661971830985916,342,352,13,0,339,349,7879,3,0,0,3,3
2020-10-10,US,Georgia,White,955,22,0,34.64624278,-83.74905525,13311.0,3100.8507045912074,2.3036649214659692,933,948,22,0,926,930,29970,7,0,0,7,18
2020-10-10,US,Georgia,Whitfield,4851,62,0,34.80987459,-84.96093476,13313.0,4636.426195664641,1.2780869923727067,4789,4833,62,0,4771,4794,104062,18,0,0,18,39
2020-10-10,US,Georgia,Wilcox,249,25,0,31.97496928,-83.43438555,13315.0,2883.61320208454,10.040160642570283,224,249,25,0,224,250,8812,0,0,0,0,-1
2020-10-10,US,Georgia,Wilkes,271,6,0,33.78290391,-82.74286107,13317.0,2771.811394088167,2.2140221402214024,265,271,6,0,265,269,9876,0,0,0,0,2
2020-10-10,US,Georgia,Wilkinson,354,18,0,32.80291082,-83.17140684,13319.0,3953.540317176681,5.084745762711863,336,352,18,0,334,351,9036,2,0,0,2,1
2020-10-10,US,Georgia,Worth,569,31,0,31.55162306,-83.85090513,13321.0,2810.292882896232,5.4481546572934985,538,565,31,0,534,563,20299,4,0,0,4,2
2020-10-10,US,Hawaii,Hawaii,924,15,0,19.60121157,-155.5210167,15001.0,458.5312113858658,1.6233766233766234,909,911,15,0,896,866,200983,13,0,0,13,45
2020-10-10,US,Hawaii,Honolulu,11954,140,0,21.45803166,-157.97121819999995,15003.0,1226.6010509325718,1.1711560983771123,11814,11896,138,0,11758,11788,980080,58,2,0,56,108
2020-10-10,US,Hawaii,Kauai,59,0,0,22.03935037,-159.5966786,15007.0,81.61232761124867,0.0,59,59,0,0,59,59,72133,0,0,0,0,0
2020-10-10,US,Hawaii,Maui,397,12,0,20.86399628,-156.56890969999995,15009.0,237.13242980103573,3.022670025188917,385,397,12,0,385,397,167207,0,0,0,0,0
2020-10-10,US,Hawaii,Out of HI,37,1,0,0.0,0.0,80015.0,0.0,2.702702702702702,36,37,1,0,36,36,,0,0,0,0,1
2020-10-10,US,Idaho,Ada,14281,153,0,43.4526575,-116.24155159999998,16001.0,2965.4039664691945,1.0713535466704012,14128,14108,153,0,13955,13993,469966,173,0,0,173,115
2020-10-10,US,Idaho,Adams,29,2,0,44.89333571,-116.4545247,16003.0,675.3609687936656,6.896551724137932,27,29,2,0,27,29,4250,0,0,0,0,0
2020-10-10,US,Idaho,Bannock,1452,8,0,42.67002716,-112.2233311,16005.0,1653.607871720117,0.5509641873278237,1444,1441,8,0,1433,1408,87138,11,0,0,11,33
2020-10-10,US,Idaho,Bear Lake,53,1,0,42.28269683,-111.32892379999998,16007.0,865.3061224489796,1.8867924528301887,52,51,1,0,50,50,6050,2,0,0,2,1
2020-10-10,US,Idaho,Benewah,162,3,0,47.21754179,-116.6586851,16009.0,1742.3101742310175,1.851851851851852,159,163,3,0,160,163,9226,-1,0,0,-1,0
2020-10-10,US,Idaho,Bingham,1151,10,0,43.21672879999999,-112.3978437,16011.0,2458.823780735297,0.8688097306689835,1141,1146,10,0,1136,1136,46236,5,0,0,5,10
2020-10-10,US,Idaho,Blaine,745,6,0,43.4085812,-113.9752658,16013.0,3236.175665696538,0.8053691275167785,739,731,6,0,725,719,22601,14,0,0,14,12
2020-10-10,US,Idaho,Boise,73,2,0,43.98829931,-115.7309284,16015.0,932.1925679989785,2.7397260273972597,71,73,2,0,71,73,7634,0,0,0,0,0
2020-10-10,US,Idaho,Bonner,396,0,0,48.29996017,-116.6017932,16017.0,865.7819366405037,0.0,396,392,0,0,392,389,44727,4,0,0,4,3
2020-10-10,US,Idaho,Bonneville,3323,21,0,43.38713372,-111.6161537,16019.0,2790.982849271808,0.6319590731266927,3302,3278,21,0,3257,3201,116854,45,0,0,45,77
2020-10-10,US,Idaho,Boundary,68,1,0,48.76684761,-116.4630179,16021.0,555.32870559412,1.4705882352941178,67,68,1,0,67,64,11948,0,0,0,0,4
2020-10-10,US,Idaho,Butte,51,0,0,43.72592209,-113.1735463,16023.0,1963.8043896804004,0.0,51,50,0,0,50,49,2611,1,0,0,1,1
2020-10-10,US,Idaho,Camas,38,0,0,43.46665742,-114.8065892,16025.0,3435.8047016274872,0.0,38,38,0,0,38,38,1127,0,0,0,0,0
2020-10-10,US,Idaho,Canyon,8764,103,0,43.61970148,-116.70954990000001,16027.0,3812.938059334607,1.1752624372432678,8661,8707,103,0,8604,8642,223499,57,0,0,57,65
2020-10-10,US,Idaho,Caribou,152,2,0,42.77149116,-111.5597683,16029.0,2124.388539482879,1.3157894736842106,150,146,2,0,144,145,7060,6,0,0,6,1
2020-10-10,US,Idaho,Cassia,947,8,0,42.28347888,-113.6012409,16031.0,3940.9071993341663,0.8447729672650475,939,916,8,0,908,880,23864,31,0,0,31,36
2020-10-10,US,Idaho,Clark,38,0,0,44.28496071,-112.35057040000001,16033.0,4497.041420118343,0.0,38,38,0,0,38,38,852,0,0,0,0,0
2020-10-10,US,Idaho,Clearwater,96,0,0,46.67459924,-115.6622393,16035.0,1096.3910461397898,0.0,96,94,0,0,94,86,8758,2,0,0,2,8
2020-10-10,US,Idaho,Custer,77,1,0,44.24186819,-114.2855494,16037.0,1784.4727694090384,1.2987012987012987,76,77,1,0,76,77,4280,0,0,0,0,0
2020-10-10,US,Idaho,Elmore,414,4,0,43.3507101,-115.4701578,16039.0,1504.8526044127802,0.966183574879227,410,403,4,0,399,397,27259,11,0,0,11,6
2020-10-10,US,Idaho,Franklin,202,1,0,42.18332217,-111.81496659999999,16041.0,1455.7509368694148,0.4950495049504951,201,198,1,0,197,195,13726,4,0,0,4,3
2020-10-10,US,Idaho,Fremont,288,3,0,44.22800938,-111.48099429999999,16043.0,2198.641117642568,1.0416666666666667,285,284,3,0,281,281,13168,4,0,0,4,3
2020-10-10,US,Idaho,Gem,357,4,0,44.06482372,-116.398376,16045.0,1971.0689045936401,1.1204481792717087,353,352,4,0,348,349,17634,5,0,0,5,3
2020-10-10,US,Idaho,Gooding,378,2,0,42.96927962,-114.81083059999999,16047.0,2490.282627314052,0.5291005291005291,376,366,2,0,364,362,15196,12,0,0,12,4
2020-10-10,US,Idaho,Idaho,245,0,0,45.84721541,-115.4634436,16049.0,1469.9706005879882,0.0,245,244,0,0,244,241,16513,1,0,0,1,3
2020-10-10,US,Idaho,Jefferson,725,3,0,43.82078483,-112.3131749,16051.0,2427.103210471695,0.4137931034482759,722,715,3,0,712,700,29439,10,0,0,10,15
2020-10-10,US,Idaho,Jerome,878,7,0,42.68891267,-114.2655033,16053.0,3596.59184007865,0.7972665148063781,871,872,7,0,865,855,24015,6,0,0,6,17
2020-10-10,US,Idaho,Kootenai,3018,44,0,47.67282258,-116.7020872,16055.0,1821.396887089084,1.4579191517561298,2974,3004,44,0,2960,2973,161505,14,0,0,14,31
2020-10-10,US,Idaho,Latah,699,0,0,46.81587887,-116.71136979999999,16057.0,1742.7944549715771,0.0,699,696,0,0,696,677,40134,3,0,0,3,19
2020-10-10,US,Idaho,Lemhi,131,0,0,44.9438088,-113.9309747,16059.0,1631.9920269091815,0.0,131,130,0,0,130,130,7961,1,0,0,1,0
2020-10-10,US,Idaho,Lewis,50,2,0,46.23315327,-116.434146,16061.0,1302.7618551328815,4.0,48,51,2,0,49,52,3861,-1,0,0,-1,-1
2020-10-10,US,Idaho,Lincoln,108,0,0,43.0012336,-114.1358773,16063.0,2012.6723816623185,0.0,108,103,0,0,103,100,5360,5,0,0,5,3
2020-10-10,US,Idaho,Madison,1395,2,0,43.78141028,-111.65384740000002,16065.0,3495.6273335505048,0.14336917562724014,1393,1301,2,0,1299,1249,39304,94,0,0,94,52
2020-10-10,US,Idaho,Minidoka,891,8,0,42.85518524,-113.6357257,16067.0,4234.992157421932,0.8978675645342312,883,868,8,0,860,826,20825,23,0,0,23,42
2020-10-10,US,Idaho,Nez Perce,526,24,0,46.32638236,-116.75009750000001,16069.0,1301.7224312017422,4.56273764258555,502,525,24,0,501,519,40408,1,0,0,1,6
2020-10-10,US,Idaho,Oneida,29,0,0,42.19494279999999,-112.5407838,16071.0,640.0353122930919,0.0,29,29,0,0,29,29,4488,0,0,0,0,0
2020-10-10,US,Idaho,Owyhee,353,5,0,42.58016894,-116.16938710000001,16073.0,2985.7058276241223,1.4164305949008498,348,353,5,0,348,353,11693,0,0,0,0,0
2020-10-10,US,Idaho,Payette,998,9,0,44.00545243,-116.7647695,16075.0,4166.840632958958,0.9018036072144288,989,993,9,0,984,978,23551,5,0,0,5,15
2020-10-10,US,Idaho,Power,305,1,0,42.69254894,-112.83957420000002,16077.0,3970.837130581956,0.3278688524590164,304,301,1,0,300,297,7768,4,0,0,4,4
2020-10-10,US,Idaho,Shoshone,220,18,0,47.35364087,-115.89167490000001,16079.0,1707.8093463747864,8.181818181818182,202,220,18,0,202,221,12796,0,0,0,0,-1
2020-10-10,US,Idaho,Teton,224,1,0,43.75303583,-111.2056773,16081.0,1844.8361060780758,0.44642857142857145,223,221,1,0,220,218,11640,3,0,0,3,3
2020-10-10,US,Idaho,Twin Falls,2866,40,0,42.35440512,-114.6685381,16083.0,3298.878887635535,1.3956734124214931,2826,2813,40,0,2773,2746,86081,53,0,0,53,67
2020-10-10,US,Idaho,Valley,104,1,0,44.76728382,-115.5676773,16085.0,912.9213483146068,0.9615384615384616,103,103,1,0,102,103,11041,1,0,0,1,0
2020-10-10,US,Idaho,Washington,401,7,0,44.45275475,-116.78476880000001,16087.0,3933.686482244457,1.745635910224439,394,397,6,0,391,395,10161,4,1,0,3,2
2020-10-10,US,Illinois,Adams,1366,11,0,39.98815591,-91.18786813,17001.0,2087.5678153893177,0.8052708638360175,1355,1349,11,0,1338,1319,65691,17,0,0,17,30
2020-10-10,US,Illinois,Alexander,100,1,0,37.18049267,-89.32910838,17003.0,1735.8097552508245,1.0,99,99,1,0,98,98,6060,1,0,0,1,1
2020-10-10,US,Illinois,Bond,382,8,0,38.88829622,-89.43534887,17005.0,2325.581395348837,2.094240837696335,374,372,8,0,364,368,16630,10,0,0,10,4
2020-10-10,US,Illinois,Boone,1374,24,0,42.32359279,-88.82345779,17007.0,2566.113850291349,1.7467248908296944,1350,1338,24,0,1314,1309,53577,36,0,0,36,29
2020-10-10,US,Illinois,Brown,78,0,0,39.96209138,-90.75068024,17009.0,1185.7707509881425,0.0,78,77,0,0,77,76,6556,1,0,0,1,1
2020-10-10,US,Illinois,Bureau,790,15,0,41.40385234,-89.5283051,17011.0,2421.233296555106,1.8987341772151896,775,776,15,0,761,770,32993,14,0,0,14,6
2020-10-10,US,Illinois,Calhoun,66,0,0,39.16840183,-90.66330078,17013.0,1392.698881620595,0.0,66,66,0,0,66,66,4802,0,0,0,0,0
2020-10-10,US,Illinois,Carroll,266,6,0,42.06823429,-89.93395545,17015.0,1859.4896889199576,2.255639097744361,260,261,6,0,255,259,14312,5,0,0,5,2
2020-10-10,US,Illinois,Cass,428,11,0,39.96991073,-90.24734436,17017.0,3523.5037457808507,2.5700934579439254,417,424,11,0,413,421,12260,4,0,0,4,3
2020-10-10,US,Illinois,Champaign,5286,27,0,40.13919438,-88.20046615,17019.0,2520.8761546862256,0.5107832009080591,5259,5270,27,0,5243,5227,209983,16,0,0,16,43
2020-10-10,US,Illinois,Christian,699,21,0,39.54581621,-89.27780482,17021.0,2163.818722139673,3.004291845493562,678,691,20,0,671,680,32661,8,1,0,7,11
2020-10-10,US,Illinois,Clark,229,4,0,39.33425789,-87.78705622,17023.0,1483.0645683569714,1.7467248908296944,225,227,4,0,223,207,15596,2,0,0,2,20
2020-10-10,US,Illinois,Clay,243,1,0,38.75388572,-88.48914513,17025.0,1843.1432038834948,0.41152263374485604,242,238,1,0,237,236,13253,5,0,0,5,2
2020-10-10,US,Illinois,Clinton,1400,23,0,38.60704876,-89.42385254,17027.0,3727.171077152441,1.6428571428571428,1377,1377,23,0,1354,1355,37639,23,0,0,23,22
2020-10-10,US,Illinois,Coles,1631,37,0,39.51949084,-88.22358557,17029.0,3221.9829714940442,2.2685469037400368,1594,1619,37,0,1582,1605,50885,12,0,0,12,14
2020-10-10,US,Illinois,Cook,153514,5298,0,41.84144849,-87.81658794,17031.0,2980.71951307834,3.4511510350847483,148216,152387,5289,0,147098,151470,5180493,1127,9,0,1118,917
2020-10-10,US,Illinois,Crawford,544,6,0,39.0032229,-87.75954624,17033.0,2914.233674398672,1.1029411764705883,538,539,6,0,533,525,18807,5,0,0,5,14
2020-10-10,US,Illinois,Cumberland,231,5,0,39.27432424,-88.2401158,17035.0,2145.6436931079324,2.1645021645021645,226,229,5,0,224,226,10808,2,0,0,2,3
2020-10-10,US,Illinois,De Witt,186,2,0,40.17514519,-88.90959682,17039.0,1189.410410538432,1.075268817204301,184,186,2,0,184,158,15769,0,0,0,0,28
2020-10-10,US,Illinois,DeKalb,1859,41,0,41.89373302,-88.76958483,17037.0,1772.2146486553477,2.205486820871436,1818,1835,41,0,1794,1794,104143,24,0,0,24,41
2020-10-10,US,Illinois,Douglas,368,7,0,39.76768052,-88.21854195,17041.0,1890.5728230156687,1.9021739130434785,361,364,7,0,357,363,19479,4,0,0,4,1
2020-10-10,US,Illinois,DuPage,19156,580,0,41.85116968,-88.08642662,17043.0,2075.5839340528605,3.0277719774483187,18576,18985,579,0,18406,18788,928589,171,1,0,170,197
2020-10-10,US,Illinois,Edgar,128,8,0,39.6809186,-87.74759563,17045.0,745.877279878795,6.25,120,128,8,0,120,125,17360,0,0,0,0,3
2020-10-10,US,Illinois,Edwards,80,0,0,38.41353228,-88.05720863,17047.0,1250.9773260359657,0.0,80,79,0,0,79,78,6392,1,0,0,1,1
2020-10-10,US,Illinois,Effingham,970,3,0,39.05935711,-88.58969584,17049.0,2852.270054104917,0.30927835051546393,967,962,3,0,959,950,34208,8,0,0,8,12
2020-10-10,US,Illinois,Fayette,507,12,0,39.00072038,-89.02452658,17051.0,2376.265466816648,2.366863905325444,495,501,10,0,491,489,21416,6,2,0,4,12
2020-10-10,US,Illinois,Ford,120,6,0,40.59706922,-88.22350769,17053.0,925.8544865365327,5.0,114,117,6,0,111,113,13264,3,0,0,3,4
2020-10-10,US,Illinois,Franklin,638,5,0,37.99189086,-88.92567818,17055.0,1658.4782552184874,0.7836990595611285,633,627,5,0,622,620,38701,11,0,0,11,7
2020-10-10,US,Illinois,Fulton,262,0,0,40.47289135,-90.20862357,17057.0,762.9586488060571,0.0,262,251,0,0,251,244,34844,11,0,0,11,7
2020-10-10,US,Illinois,Gallatin,86,2,0,37.76430935,-88.22953869,17059.0,1781.2758906379456,2.3255813953488373,84,86,2,0,84,84,5058,0,0,0,0,2
2020-10-10,US,Illinois,Greene,245,15,0,39.35907414,-90.388865,17061.0,1889.1202097308967,6.1224489795918355,230,242,15,0,227,241,13044,3,0,0,3,1
2020-10-10,US,Illinois,Grundy,775,7,0,41.28569601,-88.41905692,17063.0,1518.0005484389078,0.9032258064516128,768,770,7,0,763,763,50972,5,0,0,5,7
2020-10-10,US,Illinois,Hamilton,87,2,0,38.08163641,-88.53883373,17065.0,1071.9566288812223,2.2988505747126435,85,84,2,0,82,84,8163,3,0,0,3,0
2020-10-10,US,Illinois,Hancock,249,3,0,40.40423981,-91.16313899,17067.0,1406.1441156539418,1.2048192771084338,246,245,3,0,242,245,17844,4,0,0,4,0
2020-10-10,US,Illinois,Hardin,44,0,0,37.51810645,-88.26873022,17069.0,1151.5310128238682,0.0,44,44,0,0,44,44,3910,0,0,0,0,0
2020-10-10,US,Illinois,Henderson,85,0,0,40.81908672,-90.92491462,17071.0,1278.96479085164,0.0,85,83,0,0,83,82,6709,2,0,0,2,1
2020-10-10,US,Illinois,Henry,747,5,0,41.3533994,-90.13296166,17073.0,1527.2013575123178,0.6693440428380187,742,730,5,0,725,723,49090,17,0,0,17,7
2020-10-10,US,Illinois,Iroquois,400,19,0,40.74717633,-87.82466784,17075.0,1475.2526370140884,4.75,381,393,19,0,374,388,27604,7,0,0,7,5
2020-10-10,US,Illinois,Jackson,1345,24,0,37.78595185,-89.38232563,17077.0,2370.0440528634367,1.7843866171003715,1321,1333,24,0,1309,1327,57419,12,0,0,12,6
2020-10-10,US,Illinois,Jasper,227,10,0,39.01054275,-88.15437049,17079.0,2362.1227887617065,4.405286343612334,217,227,10,0,217,224,9611,0,0,0,0,3
2020-10-10,US,Illinois,Jefferson,772,39,0,38.29980057,-88.9240025,17081.0,2048.614796730708,5.051813471502591,733,752,38,0,714,747,37820,20,1,0,19,5
2020-10-10,US,Illinois,Jersey,422,20,0,39.08869046,-90.35393073,17083.0,1938.1803150691226,4.739336492890995,402,421,19,0,402,420,21847,1,1,0,0,1
2020-10-10,US,Illinois,Jo Daviess,333,2,0,42.36542373,-90.21094405,17085.0,1568.1657640687545,0.6006006006006006,331,326,2,0,324,312,21366,7,0,0,7,14
2020-10-10,US,Illinois,Johnson,255,0,0,37.45939802,-88.88165419,17087.0,2053.6361439961347,0.0,255,249,0,0,249,240,12456,6,0,0,6,9
2020-10-10,US,Illinois,Kane,14065,335,0,41.93842729,-88.42861412,17089.0,2641.79578251813,2.3817987913259864,13730,13974,334,0,13640,13846,534216,91,1,0,90,128
2020-10-10,US,Illinois,Kankakee,2960,78,0,41.13746989,-87.86205334,17091.0,2694.289199177149,2.6351351351351346,2882,2931,79,0,2852,2910,110024,29,-1,0,30,21
2020-10-10,US,Illinois,Kendall,2239,26,0,41.59081014,-88.42869583,17093.0,1735.7934723621986,1.1612326931665922,2213,2209,26,0,2183,2176,127915,30,0,0,30,33
2020-10-10,US,Illinois,Knox,842,5,0,40.93148779,-90.21330340000002,17095.0,1694.1990784522827,0.5938242280285035,837,828,4,0,824,806,50112,14,1,0,13,22
2020-10-10,US,Illinois,LaSalle,1947,58,0,41.34426129999999,-88.88633881,17099.0,1791.6793197692075,2.9789419619928093,1889,1926,57,0,1869,1910,109430,21,1,0,20,16
2020-10-10,US,Illinois,Lake,18141,498,0,42.3224907,-88.00367925,17097.0,2604.463523010329,2.745162890689598,17643,18034,495,0,17539,17932,700832,107,3,0,104,102
2020-10-10,US,Illinois,Lawrence,286,6,0,38.71987914,-87.72884035,17101.0,1824.212271973466,2.097902097902098,280,282,6,0,276,279,15765,4,0,0,4,3
2020-10-10,US,Illinois,Lee,497,1,0,41.74583951,-89.29977132,17103.0,1457.648991083998,0.2012072434607646,496,484,1,0,483,472,34223,13,0,0,13,12
2020-10-10,US,Illinois,Livingston,468,9,0,40.89188292,-88.55784752,17105.0,1312.8366247755835,1.9230769230769231,459,464,9,0,455,457,35761,4,0,0,4,7
2020-10-10,US,Illinois,Logan,497,3,0,40.12581572,-89.36638784,17107.0,1736.669229156475,0.6036217303822937,494,495,3,0,492,493,28925,2,0,0,2,2
2020-10-10,US,Illinois,Macon,1975,48,0,39.86064913,-88.96342505,17115.0,1898.8741358920865,2.4303797468354436,1927,1914,48,0,1866,1865,104712,61,0,0,61,49
2020-10-10,US,Illinois,Macoupin,636,8,0,39.26119767,-89.92424028,17117.0,1415.6613097092995,1.2578616352201255,628,630,8,0,622,620,45313,6,0,0,6,10
2020-10-10,US,Illinois,Madison,6281,148,0,38.83042506,-89.90422563,17119.0,2388.5217100309546,2.3563126890622508,6133,6238,148,0,6090,6188,264461,43,0,0,43,50
2020-10-10,US,Illinois,Marion,736,7,0,38.64963204,-88.91899208,17121.0,1978.2287326972187,0.9510869565217392,729,723,6,0,717,700,37620,13,1,0,12,23
2020-10-10,US,Illinois,Marshall,120,1,0,41.0327901,-89.34510444,17123.0,1049.1344640671446,0.8333333333333334,119,120,1,0,119,120,11534,0,0,0,0,0
2020-10-10,US,Illinois,Mason,201,1,0,40.23917274,-89.91824452,17125.0,1504.6036379968564,0.4975124378109453,200,196,1,0,195,187,13565,5,0,0,5,9
2020-10-10,US,Illinois,Massac,131,2,0,37.22078441,-88.71036614,17127.0,951.2053441765904,1.5267175572519085,129,131,2,0,129,131,14080,0,0,0,0,0
2020-10-10,US,Illinois,McDonough,551,15,0,40.45674722,-90.67775541,17109.0,1856.3439121353006,2.722323049001815,536,537,15,0,522,523,29955,14,0,0,14,14
2020-10-10,US,Illinois,McHenry,5053,119,0,42.32451172,-88.45248227,17111.0,1641.7891049926245,2.3550366119137145,4934,5000,119,0,4881,4944,308570,53,0,0,53,56
2020-10-10,US,Illinois,McLean,3552,26,0,40.48996987,-88.84621113,17113.0,2070.931744375193,0.7319819819819819,3526,3532,26,0,3506,3496,172828,20,0,0,20,36
2020-10-10,US,Illinois,Menard,142,1,0,40.02742725,-89.80246001,17129.0,1164.3161692358149,0.7042253521126759,141,141,1,0,140,137,12288,1,0,0,1,4
2020-10-10,US,Illinois,Mercer,176,6,0,41.20596782,-90.74290052,17131.0,1140.1178985554186,3.4090909090909087,170,170,6,0,164,165,15601,6,0,0,6,5
2020-10-10,US,Illinois,Monroe,786,26,0,38.27594376,-90.17761038,17133.0,2269.249646331957,3.307888040712468,760,776,25,0,751,760,34335,10,1,0,9,16
2020-10-10,US,Illinois,Montgomery,457,14,0,39.23198845,-89.47809254,17135.0,1608.3620750334342,3.063457330415755,443,448,14,0,434,438,28601,9,0,0,9,10
2020-10-10,US,Illinois,Morgan,721,24,0,39.71654544,-90.20255104,17137.0,2142.135599263177,3.328710124826629,697,720,24,0,696,709,33976,1,0,0,1,11
2020-10-10,US,Illinois,Moultrie,263,4,0,39.64187451,-88.62099969,17139.0,1813.6680228949729,1.520912547528517,259,259,4,0,255,254,14717,4,0,0,4,5
2020-10-10,US,Illinois,Ogle,892,6,0,42.04165196,-89.32184679,17141.0,1761.3490512015478,0.672645739910314,886,878,6,0,872,853,50923,14,0,0,14,25
2020-10-10,US,Illinois,Out of IL,1,0,0,0.0,0.0,80017.0,0.0,0.0,1,1,0,0,1,2,,0,0,0,0,-1
2020-10-10,US,Illinois,Peoria,3848,55,0,40.78702156,-89.76078901,17143.0,2147.573097293768,1.4293139293139294,3793,3819,55,0,3764,3787,180621,29,0,0,29,32
2020-10-10,US,Illinois,Perry,371,16,0,38.08510853,-89.36856219,17145.0,1773.7617135207495,4.31266846361186,355,368,16,0,352,366,21174,3,0,0,3,2
2020-10-10,US,Illinois,Piatt,166,0,0,40.01360584,-88.59319339,17147.0,1015.6632403328439,0.0,166,166,0,0,166,161,16396,0,0,0,0,5
2020-10-10,US,Illinois,Pike,179,2,0,39.62265059,-90.8877017,17149.0,1150.3116766274659,1.11731843575419,177,163,2,0,161,160,15611,16,0,0,16,3
2020-10-10,US,Illinois,Pope,34,1,0,37.41391284,-88.56152109,17151.0,813.9813263107492,2.9411764705882355,33,34,1,0,33,33,4212,0,0,0,0,1
2020-10-10,US,Illinois,Pulaski,209,1,0,37.22631423,-89.13085001,17153.0,3917.5257731958773,0.4784688995215311,208,205,1,0,204,201,5463,4,0,0,4,4
2020-10-10,US,Illinois,Putnam,73,0,0,41.2013541,-89.2869272,17155.0,1271.998606028925,0.0,73,71,0,0,71,69,5740,2,0,0,2,2
2020-10-10,US,Illinois,Randolph,1035,13,0,38.05095369,-89.82512254,17157.0,3256.5603171606567,1.2560386473429952,1022,1023,13,0,1010,1007,32106,12,0,0,12,16
2020-10-10,US,Illinois,Richland,279,10,0,38.71240969,-88.08475366,17159.0,1798.491587700638,3.584229390681004,269,278,9,0,269,275,15763,1,1,0,0,3
2020-10-10,US,Illinois,Rock Island,3338,82,0,41.46613806,-90.57042164,17161.0,2352.7089985128173,2.4565608148591966,3256,3318,81,0,3237,3291,143477,20,1,0,19,27
2020-10-10,US,Illinois,Saline,433,6,0,37.75332999,-88.54119706,17165.0,1843.25912051424,1.3856812933025404,427,431,6,0,425,424,23906,2,0,0,2,7
2020-10-10,US,Illinois,Sangamon,2923,50,0,39.75836914,-89.65872023,17167.0,1501.4999589052356,1.7105713308244954,2873,2843,50,0,2793,2803,195348,80,0,0,80,40
2020-10-10,US,Illinois,Schuyler,69,1,0,40.157179799999994,-90.61114163,17169.0,1019.5035460992908,1.4492753623188406,68,67,1,0,66,64,6907,2,0,0,2,3
2020-10-10,US,Illinois,Scott,84,0,0,39.642916899999996,-90.47814431,17171.0,1696.626944051707,0.0,84,83,0,0,83,82,4926,1,0,0,1,1
2020-10-10,US,Illinois,Shelby,500,7,0,39.39133527,-88.80611122,17173.0,2311.1768512526583,1.4,493,489,7,0,482,468,21741,11,0,0,11,21
2020-10-10,US,Illinois,St. Clair,7168,202,0,38.46996033,-89.93063427,17163.0,2760.2566176074183,2.8180803571428568,6966,7137,202,0,6935,7091,261059,31,0,0,31,46
2020-10-10,US,Illinois,Stark,62,2,0,41.09309773,-89.79745866,17175.0,1160.6140022463494,3.2258064516129035,60,61,2,0,59,59,5427,1,0,0,1,2
2020-10-10,US,Illinois,Stephenson,666,7,0,42.35129217,-89.662598,17177.0,1496.6964807407073,1.0510510510510511,659,649,7,0,642,635,44753,17,0,0,17,14
2020-10-10,US,Illinois,Tazewell,2078,43,0,40.50716185,-89.51404662,17179.0,1576.5953733981776,2.0692974013474497,2035,2055,42,0,2013,2015,132328,23,1,0,22,40
2020-10-10,US,Illinois,Unassigned,3070,246,0,0.0,0.0,90017.0,0.0,8.013029315960912,2824,3075,246,0,2829,2771,,-5,0,0,-5,304
2020-10-10,US,Illinois,Union,642,25,0,37.47119609,-89.25548938,17181.0,3855.1612322104133,3.894080996884736,617,618,24,0,594,607,16841,24,1,0,23,11
2020-10-10,US,Illinois,Vermilion,1211,6,0,40.18417171,-87.73384359,17183.0,1598.5110483381293,0.495458298926507,1205,1187,6,0,1181,1133,76806,24,0,0,24,54
2020-10-10,US,Illinois,Wabash,180,4,0,38.44272901,-87.84922065,17185.0,1562.5,2.2222222222222223,176,174,4,0,170,172,11549,6,0,0,6,2
2020-10-10,US,Illinois,Warren,385,4,0,40.84925021,-90.6147432,17187.0,2285.680360959392,1.0389610389610389,381,376,4,0,372,373,17032,9,0,0,9,3
2020-10-10,US,Illinois,Washington,254,1,0,38.35309213,-89.40982703,17189.0,1829.0487506300851,0.3937007874015748,253,248,1,0,247,242,13995,6,0,0,6,6
2020-10-10,US,Illinois,Wayne,360,7,0,38.42955355,-88.42586459,17191.0,2220.166512488437,1.9444444444444444,353,345,7,0,338,343,16332,15,0,0,15,2
2020-10-10,US,Illinois,White,201,1,0,38.08706198,-88.17657461,17193.0,1484.819383910763,0.4975124378109453,200,200,1,0,199,195,13665,1,0,0,1,5
2020-10-10,US,Illinois,Whiteside,980,21,0,41.75509713,-89.91556058,17195.0,1776.1667421839602,2.142857142857143,959,964,21,0,943,936,55626,16,0,0,16,28
2020-10-10,US,Illinois,Will,15394,400,0,41.44619267,-87.97862712,17197.0,2228.6146946114545,2.598414966870209,14994,15202,398,0,14804,15084,692310,192,2,0,190,118
2020-10-10,US,Illinois,Williamson,1532,56,0,37.73033511,-88.92994027,17199.0,2300.4039220985933,3.655352480417754,1476,1522,56,0,1466,1521,67056,10,0,0,10,1
2020-10-10,US,Illinois,Winnebago,7663,158,0,42.33641854,-89.16085327,17201.0,2711.8752034879612,2.061855670103093,7505,7502,156,0,7346,7354,284081,161,2,0,159,148
2020-10-10,US,Illinois,Woodford,475,9,0,40.78579374,-89.20973757,17203.0,1235.0815153800152,1.8947368421052633,466,473,9,0,464,471,38463,2,0,0,2,2
2020-10-10,US,Indiana,Adams,359,4,0,40.7457653,-84.93671406,18001.0,1003.4379629370824,1.1142061281337048,355,341,4,0,337,333,35636,18,0,0,18,8
2020-10-10,US,Indiana,Allen,7025,211,0,41.09194313,-85.06800636,18003.0,1852.1008491981256,3.0035587188612096,6814,6937,211,0,6726,6848,375351,88,0,0,88,89
2020-10-10,US,Indiana,Bartholomew,1273,57,0,39.20744865,-85.89558181,18005.0,1519.4738538297186,4.477611940298506,1216,1264,57,0,1207,1246,82753,9,0,0,9,18
2020-10-10,US,Indiana,Benton,93,0,0,40.60626947,-87.31093999,18007.0,1063.1001371742113,0.0,93,92,0,0,92,90,8653,1,0,0,1,2
2020-10-10,US,Indiana,Blackford,159,3,0,40.47388153,-85.32499702,18009.0,1352.2707943527812,1.8867924528301887,156,158,3,0,155,154,11930,1,0,0,1,4
2020-10-10,US,Indiana,Boone,1098,46,0,40.0509304,-86.46841646,18011.0,1618.4425806641807,4.189435336976319,1052,1088,46,0,1042,1077,66999,10,0,0,10,11
2020-10-10,US,Indiana,Brown,119,3,0,39.19605589,-86.22868909,18013.0,788.4972170686458,2.5210084033613445,116,115,3,0,112,112,15234,4,0,0,4,3
2020-10-10,US,Indiana,Carroll,298,13,0,40.580783200000006,-86.56198812,18015.0,1471.0964111171447,4.362416107382551,285,294,13,0,281,292,20127,4,0,0,4,2
2020-10-10,US,Indiana,Cass,2108,13,0,40.76135835,-86.34830753,18017.0,5593.143888137121,0.6166982922201139,2095,2099,11,0,2088,2078,37955,9,2,0,7,21
2020-10-10,US,Indiana,Clark,2542,57,0,38.48015445,-85.70510334,18019.0,2148.737975689337,2.2423288749016517,2485,2497,57,0,2440,2470,117360,45,0,0,45,27
2020-10-10,US,Indiana,Clay,367,6,0,39.39561833,-87.11723506,18021.0,1399.4280266920878,1.6348773841961852,361,352,6,0,346,348,26170,15,0,0,15,4
2020-10-10,US,Indiana,Clinton,723,14,0,40.30319754,-86.47277257,18023.0,2231.5503564924843,1.9363762102351316,709,718,14,0,704,709,32250,5,0,0,5,9
2020-10-10,US,Indiana,Crawford,127,1,0,38.28814402,-86.44518825,18025.0,1200.7185402287982,0.7874015748031497,126,123,1,0,122,123,10558,4,0,0,4,0
2020-10-10,US,Indiana,Daviess,740,30,0,38.70186039,-87.07185406,18027.0,2218.824023267668,4.0540540540540535,710,735,30,0,705,730,33147,5,0,0,5,5
2020-10-10,US,Indiana,DeKalb,584,11,0,41.39804622,-84.99906934,18033.0,1343.3007475560667,1.8835616438356164,573,576,11,0,565,557,43226,8,0,0,8,19
2020-10-10,US,Indiana,Dearborn,769,28,0,39.14647946,-84.97333539,18029.0,1554.8546241255206,3.641092327698309,741,754,28,0,726,733,49568,15,0,0,15,21
2020-10-10,US,Indiana,Decatur,476,39,0,39.30712658,-85.50087166,18031.0,1792.2361534696336,8.193277310924369,437,474,39,0,435,470,26794,2,0,0,2,4
2020-10-10,US,Indiana,Delaware,2393,69,0,40.22787247,-85.39732772,18035.0,2096.6399439260526,2.883409945674885,2324,2340,67,0,2273,2290,114772,53,2,0,51,50
2020-10-10,US,Indiana,Dubois,1183,21,0,38.36597551,-86.87924170000002,18037.0,2768.157993260951,1.7751479289940828,1162,1125,20,0,1105,1112,42565,58,1,0,57,13
2020-10-10,US,Indiana,Elkhart,7445,125,0,41.59761169,-85.85875695,18039.0,3608.1050300231173,1.6789791806581598,7320,7375,124,0,7251,7305,205560,70,1,0,69,70
2020-10-10,US,Indiana,Fayette,488,14,0,39.63684962,-85.17797541,18041.0,2112.371223270713,2.8688524590163933,474,484,14,0,470,478,23047,4,0,0,4,6
2020-10-10,US,Indiana,Floyd,1577,65,0,38.32117957,-85.90385377,18043.0,2008.3543465525586,4.121750158528852,1512,1545,64,0,1481,1530,77781,32,1,0,31,15
2020-10-10,US,Indiana,Fountain,207,2,0,40.12361933,-87.24217689,18045.0,1266.3648599045641,0.966183574879227,205,192,2,0,190,186,16351,15,0,0,15,6
2020-10-10,US,Indiana,Franklin,327,25,0,39.4142482,-85.06062647,18047.0,1436.857368837332,7.64525993883792,302,325,25,0,300,324,22736,2,0,0,2,1
2020-10-10,US,Indiana,Fulton,282,2,0,41.0469907,-86.26252745,18049.0,1411.8353860018024,0.7092198581560284,280,276,2,0,274,270,20092,6,0,0,6,6
2020-10-10,US,Indiana,Gibson,717,9,0,38.30393723,-87.58054938,18051.0,2130.1880626281227,1.2552301255230125,708,703,9,0,694,672,33452,14,0,0,14,31
2020-10-10,US,Indiana,Grant,1067,37,0,40.51587228,-85.65468702,18053.0,1622.3448737247033,3.4676663542642925,1030,1060,37,0,1023,1050,65936,7,0,0,7,10
2020-10-10,US,Indiana,Greene,464,36,0,39.03630547,-86.96223202,18055.0,1453.5430110895306,7.758620689655173,428,454,36,0,418,450,32006,10,0,0,10,4
2020-10-10,US,Indiana,Hamilton,5441,110,0,40.07306535,-86.05244729,18057.0,1609.7109265674787,2.0216871898548057,5331,5382,110,0,5272,5325,330086,59,0,0,59,57
2020-10-10,US,Indiana,Hancock,1032,44,0,39.82304555,-85.77566351,18059.0,1320.2333435677006,4.263565891472869,988,1010,44,0,966,1006,76351,22,0,0,22,4
2020-10-10,US,Indiana,Harrison,665,24,0,38.19467379,-86.10948271,18061.0,1641.3673947920527,3.609022556390977,641,654,24,0,630,649,40350,11,0,0,11,5
2020-10-10,US,Indiana,Hendricks,2941,128,0,39.76719009,-86.51037283,18063.0,1726.8408969473492,4.35226113566814,2813,2926,128,0,2798,2890,167009,15,0,0,15,36
2020-10-10,US,Indiana,Henry,1005,27,0,39.93029017,-85.39625719,18065.0,2094.972067039106,2.6865671641791047,978,996,27,0,969,976,48271,9,0,0,9,20
2020-10-10,US,Indiana,Howard,1477,65,0,40.48527731,-86.11351892,18067.0,1789.348710990502,4.400812457684496,1412,1462,65,0,1397,1447,82366,15,0,0,15,15
2020-10-10,US,Indiana,Huntington,318,4,0,40.82907273,-85.48822092,18069.0,870.7557502738225,1.2578616352201255,314,316,3,0,313,308,36240,2,1,0,1,8
2020-10-10,US,Indiana,Jackson,907,10,0,38.90915820000001,-86.03851889,18071.0,2050.5979968800157,1.1025358324145536,897,890,10,0,880,869,44111,17,0,0,17,21
2020-10-10,US,Indiana,Jasper,438,3,0,41.02078733,-87.11553319,18073.0,1305.0473750074484,0.6849315068493149,435,432,3,0,429,429,33370,6,0,0,6,3
2020-10-10,US,Indiana,Jay,234,2,0,40.43781032,-85.00576229,18075.0,1145.0381679389313,0.8547008547008547,232,233,2,0,231,228,20764,1,0,0,1,5
2020-10-10,US,Indiana,Jefferson,297,4,0,38.78576239,-85.43633383,18077.0,919.2769592670546,1.3468013468013469,293,288,4,0,284,274,32208,9,0,0,9,14
2020-10-10,US,Indiana,Jennings,337,13,0,38.99588883,-85.62710784,18079.0,1215.0712096628806,3.8575667655786345,324,335,13,0,322,334,27611,2,0,0,2,1
2020-10-10,US,Indiana,Johnson,2646,127,0,39.48994426,-86.10149107,18081.0,1672.9153363217358,4.799697656840514,2519,2609,126,0,2483,2572,156225,37,1,0,36,37
2020-10-10,US,Indiana,Knox,595,10,0,38.68861576,-87.4194665,18083.0,1625.949609225556,1.680672268907563,585,591,10,0,581,587,36895,4,0,0,4,4
2020-10-10,US,Indiana,Kosciusko,1480,18,0,41.24521668,-85.86312322,18085.0,1862.6661296818365,1.2162162162162162,1462,1448,17,0,1431,1436,79344,32,1,0,31,12
2020-10-10,US,Indiana,LaGrange,704,12,0,41.64232188,-85.42674232,18087.0,1777.1494926036248,1.7045454545454546,692,691,12,0,679,687,39330,13,0,0,13,4
2020-10-10,US,Indiana,LaPorte,1801,47,0,41.54366008,-86.74072188,18091.0,1638.9414676761794,2.6096612992781787,1754,1767,47,0,1720,1733,110007,34,0,0,34,34
2020-10-10,US,Indiana,Lake,11728,339,0,41.41874274,-87.38277575,18089.0,2415.688794689109,2.890518417462483,11389,11578,335,0,11243,11419,484411,150,4,0,146,159
2020-10-10,US,Indiana,Lawrence,626,30,0,38.84112637,-86.48361629,18093.0,1379.7663654397181,4.792332268370607,596,615,30,0,585,598,45668,11,0,0,11,17
2020-10-10,US,Indiana,Madison,1997,82,0,40.16143691,-85.71964711,18095.0,1541.2637282065923,4.106159238858288,1915,1953,81,0,1872,1924,129641,44,1,0,43,29
2020-10-10,US,Indiana,Marion,23038,771,0,39.78163624,-86.13826325,18097.0,2388.39207034757,3.346644674016842,22267,22867,771,0,22096,22689,954670,171,0,0,171,178
2020-10-10,US,Indiana,Marshall,1137,26,0,41.32467367,-86.26185087,18099.0,2457.9532189026763,2.2867194371152157,1111,1123,26,0,1097,1105,46248,14,0,0,14,18
2020-10-10,US,Indiana,Martin,181,0,0,38.7099921,-86.80373186,18101.0,1764.992686494393,0.0,181,177,0,0,177,177,10217,4,0,0,4,0
2020-10-10,US,Indiana,Miami,479,4,0,40.76940965,-86.04525048,18103.0,1348.6879153057778,0.8350730688935282,475,470,4,0,466,459,35567,9,0,0,9,11
2020-10-10,US,Indiana,Monroe,2960,37,0,39.16130004,-86.52414358,18105.0,1994.1925878017398,1.25,2923,2920,37,0,2883,2890,146917,40,0,0,40,30
2020-10-10,US,Indiana,Montgomery,527,22,0,40.04034823,-86.89335024,18107.0,1374.6152642287027,4.174573055028463,505,518,22,0,496,515,38346,9,0,0,9,3
2020-10-10,US,Indiana,Morgan,823,40,0,39.47899078,-86.44573375,18109.0,1167.558058704195,4.860267314702309,783,813,40,0,773,798,70116,10,0,0,10,15
2020-10-10,US,Indiana,Newton,188,11,0,40.95610449,-87.39635768,18111.0,1344.3935926773454,5.851063829787233,177,182,11,0,171,182,14011,6,0,0,6,0
2020-10-10,US,Indiana,Noble,996,33,0,41.39672484,-85.41966713,18113.0,2086.1260053619308,3.3132530120481927,963,981,33,0,948,972,47532,15,0,0,15,9
2020-10-10,US,Indiana,Ohio,83,7,0,38.955304999999996,-84.96515993,18115.0,1412.7659574468084,8.433734939759036,76,83,7,0,76,83,5844,0,0,0,0,0
2020-10-10,US,Indiana,Orange,331,24,0,38.54118920000001,-86.49523093,18117.0,1684.8213376768808,7.250755287009063,307,313,24,0,289,306,19489,18,0,0,18,7
2020-10-10,US,Indiana,Owen,182,1,0,39.31145587,-86.83900724,18119.0,875.0420693302561,0.5494505494505495,181,179,1,0,178,177,20845,3,0,0,3,2
2020-10-10,US,Indiana,Parke,155,2,0,39.77202286,-87.20375833,18121.0,915.1561669717188,1.2903225806451613,153,150,2,0,148,146,16927,5,0,0,5,4
2020-10-10,US,Indiana,Perry,250,13,0,38.07809328,-86.63741946,18123.0,1304.1890552454483,5.2,237,247,13,0,234,246,19102,3,0,0,3,1
2020-10-10,US,Indiana,Pike,267,6,0,38.40112197,-87.23574907,18125.0,2155.137622084107,2.247191011235955,261,260,6,0,254,255,12410,7,0,0,7,5
2020-10-10,US,Indiana,Porter,2549,47,0,41.45986947,-87.06848888,18127.0,1495.9885908127872,1.843860337387211,2502,2512,47,0,2465,2459,169594,37,0,0,37,53
2020-10-10,US,Indiana,Posey,547,3,0,38.02097333,-87.86480429,18129.0,2151.2565383254027,0.5484460694698354,544,504,3,0,501,485,25540,43,0,0,43,19
2020-10-10,US,Indiana,Pulaski,121,1,0,41.04166107,-86.69890683,18131.0,979.5191451469278,0.8264462809917356,120,119,1,0,118,117,12469,2,0,0,2,2
2020-10-10,US,Indiana,Putnam,656,15,0,39.66437981,-86.84517605,18133.0,1745.7951884181393,2.2865853658536586,641,638,14,0,624,636,37779,18,1,0,17,2
2020-10-10,US,Indiana,Randolph,275,8,0,40.15734772,-85.01139319,18135.0,1114.9401986620717,2.9090909090909087,267,267,8,0,259,264,24851,8,0,0,8,3
2020-10-10,US,Indiana,Ripley,355,8,0,39.10235626,-85.26212744,18137.0,1253.354046038695,2.2535211267605635,347,348,8,0,340,338,28523,7,0,0,7,10
2020-10-10,US,Indiana,Rush,166,4,0,39.62002287,-85.4655599,18139.0,1001.145889873952,2.409638554216868,162,164,4,0,160,164,16663,2,0,0,2,0
2020-10-10,US,Indiana,Scott,460,11,0,38.68672078,-85.74627859,18143.0,1926.862983286558,2.391304347826087,449,454,11,0,443,443,23878,6,0,0,6,11
2020-10-10,US,Indiana,Shelby,719,29,0,39.52305623,-85.79158570000001,18145.0,1607.4582485635715,4.033379694019471,690,711,29,0,682,706,44593,8,0,0,8,5
2020-10-10,US,Indiana,Spencer,330,5,0,38.01519732,-87.0079644,18147.0,1627.4596833851165,1.5151515151515151,325,319,4,0,315,313,20327,11,1,0,10,6
2020-10-10,US,Indiana,St. Joseph,7766,140,0,41.61756781,-86.29040834,18141.0,2856.974682333552,1.802729848055627,7626,7620,137,0,7483,7500,270771,146,3,0,143,120
2020-10-10,US,Indiana,Starke,323,7,0,41.27890281,-86.64686895,18149.0,1404.653185475103,2.1671826625387,316,315,7,0,308,306,22935,8,0,0,8,9
2020-10-10,US,Indiana,Steuben,484,9,0,41.64423868,-85.00101094,18151.0,1399.0865468000231,1.859504132231405,475,465,9,0,456,451,34586,19,0,0,19,14
2020-10-10,US,Indiana,Sullivan,374,12,0,39.08952258,-87.41414469,18153.0,1809.4731240021285,3.2085561497326203,362,366,12,0,354,360,20690,8,0,0,8,6
2020-10-10,US,Indiana,Switzerland,75,0,0,38.82767338,-85.03022429,18155.0,697.6095246953772,0.0,75,72,0,0,72,72,10717,3,0,0,3,0
2020-10-10,US,Indiana,Tippecanoe,3080,13,0,40.38872739,-86.89413959,18157.0,1573.5802015000104,0.4220779220779221,3067,3035,13,0,3022,2960,193048,45,0,0,45,75
2020-10-10,US,Indiana,Tipton,252,23,0,40.31123252,-86.05234925,18159.0,1663.5859519408502,9.126984126984127,229,250,23,0,227,247,15128,2,0,0,2,3
2020-10-10,US,Indiana,Unassigned,0,227,0,0.0,0.0,90018.0,0.0,0.0,-227,0,227,0,-227,0,,0,0,0,0,0
2020-10-10,US,Indiana,Union,83,0,0,39.62550777,-84.92497066,18161.0,1176.637368868727,0.0,83,83,0,0,83,83,7037,0,0,0,0,0
2020-10-10,US,Indiana,Vanderburgh,4746,41,0,38.02658833,-87.58763124,18163.0,2615.582168188657,0.8638853771597135,4705,4652,41,0,4611,4526,180974,94,0,0,94,126
2020-10-10,US,Indiana,Vermillion,156,1,0,39.8523352,-87.46160542,18165.0,1006.5814943863724,0.6410256410256411,155,151,1,0,150,147,15479,5,0,0,5,4
2020-10-10,US,Indiana,Vigo,2162,30,0,39.42944561,-87.39169027,18167.0,2019.8434200937986,1.387604070305273,2132,2119,30,0,2089,2091,107386,43,0,0,43,28
2020-10-10,US,Indiana,Wabash,309,9,0,40.84704239,-85.79328272,18169.0,996.9028261711188,2.9126213592233015,300,304,9,0,295,296,31280,5,0,0,5,8
2020-10-10,US,Indiana,Warren,55,1,0,40.34728141,-87.35602659,18171.0,665.4567453115548,1.818181818181818,54,50,1,0,49,48,8263,5,0,0,5,2
2020-10-10,US,Indiana,Warrick,1668,57,0,38.08922676,-87.2716085,18173.0,2647.703101685768,3.41726618705036,1611,1638,56,0,1582,1608,62567,30,1,0,29,30
2020-10-10,US,Indiana,Washington,305,2,0,38.60219804,-86.1049363,18175.0,1087.887002425453,0.6557377049180327,303,304,2,0,302,298,27943,1,0,0,1,6
2020-10-10,US,Indiana,Wayne,921,16,0,39.863344399999995,-85.01044989,18177.0,1397.911480784409,1.737242128121607,905,904,16,0,888,880,65936,17,0,0,17,24
2020-10-10,US,Indiana,Wells,323,5,0,40.72934187,-85.22132966,18179.0,1141.5040995193667,1.547987616099071,318,312,5,0,307,305,28206,11,0,0,11,7
2020-10-10,US,Indiana,White,517,15,0,40.74911165,-86.86492015,18181.0,2145.0502033026305,2.9013539651837523,502,514,15,0,499,508,24133,3,0,0,3,6
2020-10-10,US,Indiana,Whitley,358,6,0,41.13863784,-85.50791236,18183.0,1054.0572370745494,1.675977653631285,352,348,6,0,342,338,34074,10,0,0,10,10
2020-10-10,US,Iowa,Adair,97,1,0,41.33075609,-94.47105874,19001.0,1356.2639821029086,1.0309278350515465,96,92,1,0,91,86,7063,5,0,0,5,6
2020-10-10,US,Iowa,Adams,53,0,0,41.02903567,-94.69932645,19003.0,1471.4047751249307,0.0,53,52,0,0,52,52,3645,1,0,0,1,0
2020-10-10,US,Iowa,Allamakee,295,8,0,43.28383218,-91.37860922,19005.0,2155.329875063929,2.7118644067796613,287,291,8,0,283,286,13832,4,0,0,4,5
2020-10-10,US,Iowa,Appanoose,178,3,0,40.74324454,-92.86865906,19007.0,1432.4802832770001,1.6853932584269662,175,171,3,0,168,168,12437,7,0,0,7,3
2020-10-10,US,Iowa,Audubon,115,1,0,41.6844628,-94.90581859,19009.0,2092.4308588064046,0.8695652173913043,114,113,1,0,112,112,5506,2,0,0,2,1
2020-10-10,US,Iowa,Benton,407,1,0,42.08011739,-92.06463573,19011.0,1587.0540066289725,0.2457002457002457,406,397,1,0,396,385,25642,10,0,0,10,12
2020-10-10,US,Iowa,Black Hawk,4895,96,0,42.4704581,-92.30524729,19013.0,3730.149053555644,1.9611848825331968,4799,4829,96,0,4733,4784,132408,66,0,0,66,45
2020-10-10,US,Iowa,Boone,609,8,0,42.03657094,-93.9313999,19015.0,2321.414957688496,1.3136288998357963,601,599,8,0,591,586,26346,10,0,0,10,13
2020-10-10,US,Iowa,Bremer,560,7,0,42.77461496,-92.31795937,19017.0,2234.4585428138216,1.25,553,552,7,0,545,541,24947,8,0,0,8,11
2020-10-10,US,Iowa,Buchanan,350,1,0,42.4709188,-91.83510825,19019.0,1652.892561983471,0.2857142857142857,349,339,1,0,338,334,21199,11,0,0,11,5
2020-10-10,US,Iowa,Buena Vista,2128,12,0,42.73545875,-95.15100162,19021.0,10846.075433231397,0.5639097744360902,2116,2115,12,0,2103,2104,19874,13,0,0,13,11
2020-10-10,US,Iowa,Butler,320,2,0,42.73172833,-92.79015971,19023.0,2216.219959831013,0.625,318,313,2,0,311,307,14539,7,0,0,7,6
2020-10-10,US,Iowa,Calhoun,241,3,0,42.38521079,-94.64046046,19025.0,2492.7596193628465,1.2448132780082988,238,238,3,0,235,234,9699,3,0,0,3,4
2020-10-10,US,Iowa,Carroll,899,6,0,42.03617207,-94.86032705,19027.0,4458.219687577486,0.6674082313681868,893,873,6,0,867,855,20154,26,0,0,26,18
2020-10-10,US,Iowa,Cass,232,2,0,41.33149454,-94.92792482,19029.0,1807.4166406980369,0.8620689655172413,230,219,2,0,217,207,12930,13,0,0,13,12
2020-10-10,US,Iowa,Cedar,300,3,0,41.77233777,-91.13246684,19031.0,1610.5653084232565,1.0,297,297,3,0,294,291,18627,3,0,0,3,6
2020-10-10,US,Iowa,Cerro Gordo,1174,23,0,43.08177563,-93.2612239,19033.0,2765.606595995289,1.9591141396933558,1151,1172,23,0,1149,1166,42647,2,0,0,2,6
2020-10-10,US,Iowa,Cherokee,330,2,0,42.73538914,-95.62389402,19035.0,2937.249666221629,0.6060606060606061,328,325,2,0,323,319,11321,5,0,0,5,6
2020-10-10,US,Iowa,Chickasaw,308,1,0,43.06001295,-92.31773347,19037.0,2581.0776837341823,0.3246753246753247,307,304,1,0,303,303,11964,4,0,0,4,1
2020-10-10,US,Iowa,Clarke,287,3,0,41.02868181,-93.78499767,19039.0,3054.816391697712,1.0452961672473868,284,285,3,0,282,278,9423,2,0,0,2,7
2020-10-10,US,Iowa,Clay,424,4,0,43.08247182,-95.15096481,19041.0,2647.352647352647,0.9433962264150944,420,415,4,0,411,407,16134,9,0,0,9,8
2020-10-10,US,Iowa,Clayton,312,3,0,42.84443388,-91.34133693,19043.0,1777.8790814291413,0.9615384615384616,309,309,3,0,306,305,17556,3,0,0,3,4
2020-10-10,US,Iowa,Clinton,1259,25,0,41.89981633,-90.53275096,19045.0,2711.667276917444,1.985702938840349,1234,1247,25,0,1222,1237,46518,12,0,0,12,10
2020-10-10,US,Iowa,Crawford,1225,11,0,42.03718237,-95.3819718,19047.0,7282.996432818074,0.8979591836734694,1214,1215,10,0,1205,1188,17158,10,1,0,9,27
2020-10-10,US,Iowa,Dallas,3092,40,0,41.68560356,-94.04127625,19049.0,3308.615025734861,1.2936610608020698,3052,3055,40,0,3015,3017,90180,37,0,0,37,38
2020-10-10,US,Iowa,Davis,145,4,0,40.74773536,-92.41005468,19051.0,1611.111111111111,2.7586206896551726,141,142,4,0,138,139,9017,3,0,0,3,3
2020-10-10,US,Iowa,Decatur,101,0,0,40.73742757,-93.78645949,19053.0,1283.3545108005085,0.0,101,99,0,0,99,95,7890,2,0,0,2,4
2020-10-10,US,Iowa,Delaware,562,6,0,42.47104597,-91.3664492,19055.0,3303.744635823879,1.0676156583629892,556,554,6,0,548,548,17069,8,0,0,8,6
2020-10-10,US,Iowa,Des Moines,998,9,0,40.92012606,-91.18326592,19057.0,2561.141478687094,0.9018036072144288,989,983,9,0,974,951,39138,15,0,0,15,32
2020-10-10,US,Iowa,Dickinson,630,7,0,43.37787725,-95.1510206,19059.0,3650.480936377333,1.1111111111111112,623,624,7,0,617,615,17153,6,0,0,6,9
2020-10-10,US,Iowa,Dubuque,4103,47,0,42.46815349,-90.88181925,19061.0,4216.378415595359,1.1455032902754083,4056,4017,47,0,3970,3937,96854,86,0,0,86,80
2020-10-10,US,Iowa,Emmet,345,11,0,43.37782951,-94.67858943,19063.0,3746.7419635099923,3.188405797101449,334,338,11,0,327,335,9253,7,0,0,7,3
2020-10-10,US,Iowa,Fayette,285,2,0,42.86271799,-91.84412309999999,19065.0,1450.3816793893134,0.7017543859649122,283,281,2,0,279,274,19660,4,0,0,4,7
2020-10-10,US,Iowa,Floyd,388,9,0,43.06000529999999,-92.78940097,19067.0,2480.5012146784297,2.31958762886598,379,388,9,0,379,388,15761,0,0,0,0,0
2020-10-10,US,Iowa,Franklin,362,18,0,42.73270384,-93.26256925,19069.0,3594.8361469712017,4.972375690607736,344,361,18,0,343,360,10124,1,0,0,1,1
2020-10-10,US,Iowa,Fremont,164,0,0,40.74542720000001,-95.60129045,19071.0,2356.32183908046,0.0,164,161,0,0,161,158,6993,3,0,0,3,3
2020-10-10,US,Iowa,Greene,151,0,0,42.03614551,-94.39658081,19073.0,1698.919891989199,0.0,151,147,0,0,147,145,8981,4,0,0,4,2
2020-10-10,US,Iowa,Grundy,255,4,0,42.40183723,-92.78829551,19075.0,2084.6958796599083,1.568627450980392,251,252,4,0,248,250,12304,3,0,0,3,2
2020-10-10,US,Iowa,Guthrie,328,13,0,41.68378965,-94.50111014,19077.0,3068.5751707362706,3.963414634146341,315,323,13,0,310,319,10720,5,0,0,5,4
2020-10-10,US,Iowa,Hamilton,382,3,0,42.38382428,-93.70197703,19079.0,2585.7984160292426,0.7853403141361257,379,382,3,0,379,371,14952,0,0,0,0,11
2020-10-10,US,Iowa,Hancock,243,4,0,43.08178477,-93.73454884,19081.0,2285.9830667920983,1.6460905349794241,239,243,4,0,239,236,10712,0,0,0,0,7
2020-10-10,US,Iowa,Hardin,349,3,0,42.38353877,-93.23654611,19083.0,2071.7084174284696,0.8595988538681948,346,340,3,0,337,332,16868,9,0,0,9,8
2020-10-10,US,Iowa,Harrison,435,5,0,41.68330137,-95.81558439,19085.0,3096.3057868887468,1.1494252873563218,430,424,5,0,419,371,14134,11,0,0,11,53
2020-10-10,US,Iowa,Henry,902,5,0,40.98767962,-91.54436349,19087.0,4520.396912899671,0.5543237250554324,897,889,5,0,884,881,20067,13,0,0,13,8
2020-10-10,US,Iowa,Howard,211,7,0,43.35671042,-92.31702714,19089.0,2303.9965057872896,3.3175355450236967,204,209,7,0,202,207,9187,2,0,0,2,2
2020-10-10,US,Iowa,Humboldt,244,3,0,42.7764426,-94.20722537,19091.0,2552.835321196903,1.2295081967213115,241,240,3,0,237,231,9547,4,0,0,4,9
2020-10-10,US,Iowa,Ida,155,2,0,42.38696136,-95.51355387,19093.0,2259.475218658892,1.2903225806451613,153,155,2,0,153,155,6841,0,0,0,0,0
2020-10-10,US,Iowa,Iowa,310,2,0,41.68630265,-92.0643373,19095.0,1915.4720711814136,0.6451612903225806,308,300,2,0,298,293,16141,10,0,0,10,7
2020-10-10,US,Iowa,Jackson,445,3,0,42.17178824,-90.57354837,19097.0,2289.212408045681,0.6741573033707865,442,436,3,0,433,433,19432,9,0,0,9,3
2020-10-10,US,Iowa,Jasper,958,35,0,41.68576082,-93.05567785,19099.0,2576.3076509345165,3.653444676409186,923,952,35,0,917,943,37147,6,0,0,6,9
2020-10-10,US,Iowa,Jefferson,168,1,0,41.03192394,-91.94849466,19101.0,918.2836840666847,0.5952380952380952,167,168,1,0,167,164,18381,0,0,0,0,4
2020-10-10,US,Iowa,Johnson,5444,29,0,41.67169354,-91.58754744,19103.0,3601.9584491200208,0.5326965466568699,5415,5414,29,0,5385,5378,151260,30,0,0,30,36
2020-10-10,US,Iowa,Jones,351,3,0,42.12118609,-91.13139641,19105.0,1697.2099995164644,0.8547008547008547,348,342,3,0,339,332,20744,9,0,0,9,10
2020-10-10,US,Iowa,Keokuk,131,1,0,41.33649833,-92.1785067,19107.0,1278.547725941831,0.7633587786259542,130,130,1,0,129,127,10225,1,0,0,1,3
2020-10-10,US,Iowa,Kossuth,369,0,0,43.20405458,-94.20691791,19109.0,2491.055154256396,0.0,369,366,0,0,366,352,14908,3,0,0,3,14
2020-10-10,US,Iowa,Lee,766,9,0,40.64181461,-91.48183025,19111.0,2275.901001277595,1.1749347258485638,757,754,9,0,745,748,34055,12,0,0,12,6
2020-10-10,US,Iowa,Linn,4651,120,0,42.07923082,-91.59809485,19113.0,2051.555759441744,2.5800903031606106,4531,4600,119,0,4481,4567,225909,51,1,0,50,33
2020-10-10,US,Iowa,Louisa,462,15,0,41.21842119,-91.26102611,19115.0,4186.67874943362,3.2467532467532467,447,456,15,0,441,455,11169,6,0,0,6,1
2020-10-10,US,Iowa,Lucas,165,6,0,41.02958964,-93.32780803,19117.0,1918.6046511627908,3.636363636363636,159,164,6,0,158,164,8645,1,0,0,1,0
2020-10-10,US,Iowa,Lyon,472,5,0,43.38107862,-96.20926845,19119.0,4015.3126329221614,1.0593220338983051,467,465,5,0,460,457,11811,7,0,0,7,8
2020-10-10,US,Iowa,Madison,299,2,0,41.33081904,-94.01554631,19121.0,1830.0893622230387,0.6688963210702341,297,293,2,0,291,282,16249,6,0,0,6,11
2020-10-10,US,Iowa,Mahaska,508,21,0,41.33521503,-92.64083907,19123.0,2299.162706494682,4.133858267716535,487,495,21,0,474,483,22000,13,0,0,13,12
2020-10-10,US,Iowa,Marion,858,9,0,41.33445101,-93.09934783,19125.0,2580.218326166061,1.048951048951049,849,848,9,0,839,841,33407,10,0,0,10,7
2020-10-10,US,Iowa,Marshall,1863,36,0,42.03586837,-92.99908190000001,19127.0,4732.149660900709,1.932367149758454,1827,1859,36,0,1823,1854,39981,4,0,0,4,5
2020-10-10,US,Iowa,Mills,280,1,0,41.03299766,-95.61920963,19129.0,1853.2000794228607,0.35714285714285715,279,263,1,0,262,252,15063,17,0,0,17,11
2020-10-10,US,Iowa,Mitchell,208,0,0,43.35638371,-92.78887719,19131.0,1964.85924806348,0.0,208,205,0,0,205,204,10569,3,0,0,3,1
2020-10-10,US,Iowa,Monona,194,1,0,42.05220391,-95.95743843,19133.0,2251.886244921648,0.5154639175257731,193,193,1,0,192,188,8679,1,0,0,1,5
2020-10-10,US,Iowa,Monroe,196,11,0,41.02988815,-92.8690667,19135.0,2543.1425976385103,5.612244897959183,185,191,11,0,180,179,7790,5,0,0,5,12
2020-10-10,US,Iowa,Montgomery,132,5,0,41.03018714,-95.15642896,19137.0,1331.0476958757688,3.787878787878788,127,132,5,0,127,119,10003,0,0,0,0,13
2020-10-10,US,Iowa,Muscatine,1217,57,0,41.48370744,-91.11216970000001,19139.0,2852.522032627039,4.683648315529992,1160,1206,57,0,1149,1197,42929,11,0,0,11,9
2020-10-10,US,Iowa,O'Brien,505,9,0,43.08310673,-95.62474482,19141.0,3671.9261252090455,1.7821782178217822,496,494,9,0,485,489,13840,11,0,0,11,5
2020-10-10,US,Iowa,Osceola,210,0,0,43.37824276,-95.62422844,19143.0,3524.6727089627393,0.0,210,203,0,0,203,197,6040,7,0,0,7,6
2020-10-10,US,Iowa,Page,286,0,0,40.7393172,-95.1497813,19145.0,1893.1621102800027,0.0,286,271,0,0,271,263,15249,15,0,0,15,8
2020-10-10,US,Iowa,Palo Alto,257,0,0,43.08193849,-94.67824621,19147.0,2892.1899617375648,0.0,257,255,0,0,255,248,8929,2,0,0,2,7
2020-10-10,US,Iowa,Plymouth,1363,24,0,42.737633,-96.21366621,19149.0,5413.671207848433,1.760821716801174,1339,1348,24,0,1324,1335,25095,15,0,0,15,13
2020-10-10,US,Iowa,Pocahontas,191,2,0,42.73420133,-94.67862564,19151.0,2885.6322707357613,1.0471204188481675,189,189,2,0,187,189,6740,2,0,0,2,0
2020-10-10,US,Iowa,Polk,17076,276,0,41.68679484,-93.57767461,19153.0,3483.753297385961,1.6163035839775124,16800,16933,276,0,16657,16814,487204,143,0,0,143,119
2020-10-10,US,Iowa,Pottawattamie,2609,43,0,41.33640314,-95.53907776,19155.0,2799.1760187112427,1.6481410502108087,2566,2556,43,0,2513,2487,93533,53,0,0,53,69
2020-10-10,US,Iowa,Poweshiek,384,10,0,41.68625425,-92.53155731,19157.0,2075.2269779507133,2.6041666666666665,374,377,10,0,367,371,18699,7,0,0,7,6
2020-10-10,US,Iowa,Ringgold,65,2,0,40.73518949,-94.24368535,19159.0,1328.156926849203,3.0769230769230766,63,65,2,0,63,64,4968,0,0,0,0,1
2020-10-10,US,Iowa,Sac,328,1,0,42.38624071,-95.10547892,19161.0,3374.138463121078,0.3048780487804878,327,324,1,0,323,318,9719,4,0,0,4,6
2020-10-10,US,Iowa,Scott,3541,29,0,41.63935978,-90.61959493,19163.0,2047.495417565325,0.8189776899181023,3512,3494,29,0,3465,3449,173283,47,0,0,47,45
2020-10-10,US,Iowa,Shelby,307,1,0,41.6850066,-95.31015553,19165.0,2680.286362842675,0.3257328990228013,306,306,1,0,305,300,11578,1,0,0,1,6
2020-10-10,US,Iowa,Sioux,2065,8,0,43.08221074,-96.17675679999999,19167.0,5924.544541672642,0.38740920096852294,2057,2014,8,0,2006,1995,34909,51,0,0,51,19
2020-10-10,US,Iowa,Story,3702,17,0,42.03621213,-93.46499005,19169.0,3811.896990228281,0.4592112371690978,3685,3670,17,0,3653,3654,98105,32,0,0,32,16
2020-10-10,US,Iowa,Tama,848,35,0,42.07991767,-92.53266945,19171.0,5031.4465408805045,4.127358490566038,813,839,34,0,805,829,16904,9,1,0,8,10
2020-10-10,US,Iowa,Taylor,196,1,0,40.73710579,-94.69778563,19173.0,3202.091161574906,0.5102040816326531,195,192,1,0,191,190,6191,4,0,0,4,2
2020-10-10,US,Iowa,Unassigned,14,0,0,0.0,0.0,90019.0,0.0,0.0,14,8,0,0,8,8,,6,0,0,6,0
2020-10-10,US,Iowa,Union,177,3,0,41.0277278,-94.24234847,19175.0,1445.9602973613266,1.6949152542372878,174,177,3,0,174,169,12359,0,0,0,0,8
2020-10-10,US,Iowa,Van Buren,140,1,0,40.75326764,-91.95017958,19177.0,1987.5070982396371,0.7142857142857143,139,139,1,0,138,134,7020,1,0,0,1,5
2020-10-10,US,Iowa,Wapello,1415,59,0,41.03064984,-92.40954728,19179.0,4046.441133575453,4.169611307420495,1356,1411,58,0,1353,1405,35205,4,1,0,3,6
2020-10-10,US,Iowa,Warren,1043,6,0,41.33559454,-93.56007641,19181.0,2026.580655189834,0.5752636625119847,1037,1031,6,0,1025,1022,51056,12,0,0,12,9
2020-10-10,US,Iowa,Washington,555,11,0,41.33577126,-91.71725711,19183.0,2526.747097655361,1.981981981981982,544,548,11,0,537,542,22141,7,0,0,7,6
2020-10-10,US,Iowa,Wayne,101,3,0,40.73969028,-93.32752197,19185.0,1568.079490762304,2.9702970297029703,98,101,3,0,98,98,6401,0,0,0,0,3
2020-10-10,US,Iowa,Webster,1547,14,0,42.42853483,-94.17987389,19187.0,4308.712121212121,0.9049773755656108,1533,1544,14,0,1530,1538,36277,3,0,0,3,6
2020-10-10,US,Iowa,Winnebago,361,16,0,43.37751174,-93.73407298,19189.0,3486.5752366235274,4.43213296398892,345,360,16,0,344,359,10518,1,0,0,1,1
2020-10-10,US,Iowa,Winneshiek,382,9,0,43.29094334,-91.84422722,19191.0,1910.8598869491268,2.356020942408377,373,377,9,0,368,370,20029,5,0,0,5,7
2020-10-10,US,Iowa,Woodbury,6330,78,0,42.38979414,-96.0459439,19193.0,6139.2533969565575,1.2322274881516588,6252,6288,77,0,6211,6204,102539,42,1,0,41,84
2020-10-10,US,Iowa,Worth,117,0,0,43.37750768,-93.26087602,19195.0,1585.1510635415257,0.0,117,117,0,0,117,117,7453,0,0,0,0,0
2020-10-10,US,Iowa,Wright,652,1,0,42.73305373,-93.73515113,19197.0,5190.256328610094,0.15337423312883436,651,649,1,0,648,637,12690,3,0,0,3,12
2020-10-10,US,Kansas,Allen,97,1,0,37.88582951,-95.30030847,20001.0,784.2186110437384,1.0309278350515465,96,97,1,0,96,97,12444,0,0,0,0,0
2020-10-10,US,Kansas,Anderson,86,0,0,38.21413251,-95.29272815,20003.0,1094.4260626113514,0.0,86,86,0,0,86,86,7878,0,0,0,0,0
2020-10-10,US,Kansas,Atchison,400,4,0,39.53185661,-95.30870026,20005.0,2488.645554656878,1.0,396,400,4,0,396,400,16193,0,0,0,0,0
2020-10-10,US,Kansas,Barber,18,0,0,37.2288586,-98.68460053,20007.0,406.5958888637904,0.0,18,18,0,0,18,12,4472,0,0,0,0,6
2020-10-10,US,Kansas,Barton,607,7,0,38.47889676,-98.75636726,20009.0,2354.6297373831408,1.1532125205930808,600,607,7,0,600,573,26111,0,0,0,0,34
2020-10-10,US,Kansas,Bourbon,215,3,0,37.85508555,-94.84865997,20011.0,1479.2899408284025,1.3953488372093024,212,215,3,0,212,215,14653,0,0,0,0,0
2020-10-10,US,Kansas,Brown,155,5,0,39.82652589,-95.56421698,20013.0,1620.6608113759933,3.2258064516129035,150,155,5,0,150,155,9598,0,0,0,0,0
2020-10-10,US,Kansas,Butler,674,3,0,37.78134351,-96.83878537,20015.0,1007.3082153905934,0.4451038575667656,671,674,3,0,671,661,66765,0,0,0,0,13
2020-10-10,US,Kansas,Chase,87,2,0,38.30292938,-96.59563862,20017.0,3285.498489425982,2.2988505747126435,85,87,2,0,85,87,2629,0,0,0,0,0
2020-10-10,US,Kansas,Chautauqua,22,0,0,37.14994405,-96.2454192,20019.0,676.9230769230769,0.0,22,22,0,0,22,21,3309,0,0,0,0,1
2020-10-10,US,Kansas,Cherokee,578,7,0,37.16928494,-94.8462897,20021.0,2898.8414664727416,1.2110726643598615,571,564,7,0,557,564,20015,14,0,0,14,0
2020-10-10,US,Kansas,Cheyenne,81,2,0,39.78580976,-101.7318201,20023.0,3048.55099736545,2.469135802469136,79,81,2,0,79,74,2660,0,0,0,0,7
2020-10-10,US,Kansas,Clark,55,1,0,37.23577007,-99.81883015,20025.0,2758.2748244734203,1.818181818181818,54,55,1,0,54,54,2005,0,0,0,0,1
2020-10-10,US,Kansas,Clay,63,2,0,39.34948772,-97.16518128,20027.0,787.3031742064484,3.1746031746031744,61,63,2,0,61,63,7997,0,0,0,0,0
2020-10-10,US,Kansas,Cloud,84,1,0,39.48028352,-97.64925343,20029.0,956.0664693831096,1.1904761904761905,83,84,1,0,83,74,8729,0,0,0,0,10
2020-10-10,US,Kansas,Coffey,136,9,0,38.2365018,-95.73379515,20031.0,1662.7949627093774,6.617647058823528,127,136,9,0,127,129,8233,0,0,0,0,7
2020-10-10,US,Kansas,Comanche,18,0,0,37.19114520000001,-99.27113247,20033.0,1058.8235294117646,0.0,18,18,0,0,18,16,1748,0,0,0,0,2
2020-10-10,US,Kansas,Cowley,412,9,0,37.23781842,-96.83776647,20035.0,1180.2452159963334,2.184466019417476,403,412,9,0,403,402,35218,0,0,0,0,10
2020-10-10,US,Kansas,Crawford,1131,8,0,37.50675523,-94.85245778,20037.0,2913.596784996651,0.7073386383731212,1123,1131,8,0,1123,1131,39019,0,0,0,0,0
2020-10-10,US,Kansas,Decatur,38,1,0,39.78468441,-100.45940809999999,20039.0,1344.1811107180756,2.631578947368421,37,38,1,0,37,30,2871,0,0,0,0,8
2020-10-10,US,Kansas,Dickinson,246,3,0,38.86600962,-97.15532383,20041.0,1332.1780569695654,1.2195121951219512,243,246,3,0,243,235,18717,0,0,0,0,11
2020-10-10,US,Kansas,Doniphan,141,0,0,39.79067154,-95.14056866,20043.0,1855.2631578947367,0.0,141,141,0,0,141,141,7682,0,0,0,0,0
2020-10-10,US,Kansas,Douglas,2576,14,0,38.88503636,-95.2925121,20045.0,2107.0023474754416,0.5434782608695652,2562,2576,14,0,2562,2527,121436,0,0,0,0,49
2020-10-10,US,Kansas,Edwards,56,0,0,37.88735543,-99.31263309,20047.0,2001.4295925661186,0.0,56,56,0,0,56,56,2849,0,0,0,0,0
2020-10-10,US,Kansas,Elk,13,0,0,37.45338105,-96.24369667,20049.0,513.8339920948616,0.0,13,13,0,0,13,3,2508,0,0,0,0,10
2020-10-10,US,Kansas,Ellis,1182,12,0,38.91458712,-99.31751551,20051.0,4139.670087206248,1.0152284263959392,1170,1182,12,0,1170,1145,28710,0,0,0,0,37
2020-10-10,US,Kansas,Ellsworth,124,0,0,38.69677695,-98.20462799,20053.0,2032.1206161914126,0.0,124,124,0,0,124,76,6196,0,0,0,0,48
2020-10-10,US,Kansas,Finney,2413,13,0,38.04340344,-100.73819379999999,20055.0,6616.94134422903,0.5387484459179445,2400,2413,13,0,2400,2368,36611,0,0,0,0,45
2020-10-10,US,Kansas,Ford,2983,13,0,37.69200114,-99.88825298,20057.0,8872.958743567626,0.4358028830036876,2970,2983,13,0,2970,2927,33888,0,0,0,0,56
2020-10-10,US,Kansas,Franklin,439,3,0,38.56443815,-95.28644341,20059.0,1718.6031944879426,0.683371298405467,436,439,3,0,436,427,25631,0,0,0,0,12
2020-10-10,US,Kansas,Geary,338,4,0,38.99871131,-96.7577178,20061.0,1067.2560783075467,1.183431952662722,334,338,4,0,334,327,32594,0,0,0,0,11
2020-10-10,US,Kansas,Gove,130,2,0,38.91588178,-100.4829321,20063.0,4931.714719271624,1.5384615384615383,128,130,2,0,128,115,2612,0,0,0,0,15
2020-10-10,US,Kansas,Graham,45,1,0,39.34987223,-99.88332493,20065.0,1813.0539887187756,2.2222222222222223,44,45,1,0,44,45,2492,0,0,0,0,0
2020-10-10,US,Kansas,Grant,343,7,0,37.56227336,-101.3079758,20067.0,4797.202797202797,2.0408163265306123,336,343,7,0,336,334,7336,0,0,0,0,9
2020-10-10,US,Kansas,Gray,148,0,0,37.73836671,-100.4369088,20069.0,2471.609886439546,0.0,148,148,0,0,148,148,6033,0,0,0,0,0
2020-10-10,US,Kansas,Greeley,22,0,0,38.4808095,-101.8061079,20071.0,1785.7142857142858,0.0,22,22,0,0,22,10,1227,0,0,0,0,12
2020-10-10,US,Kansas,Greenwood,58,0,0,37.8774388,-96.23250453,20073.0,969.5753928452024,0.0,58,58,0,0,58,56,6055,0,0,0,0,2
2020-10-10,US,Kansas,Hamilton,47,0,0,37.99978709,-101.7921066,20075.0,1851.122489168964,0.0,47,47,0,0,47,45,2607,0,0,0,0,2
2020-10-10,US,Kansas,Harper,120,2,0,37.19175361,-98.07578384,20077.0,2207.5055187637968,1.6666666666666667,118,120,2,0,118,120,5506,0,0,0,0,0
2020-10-10,US,Kansas,Harvey,402,7,0,38.04293782,-97.42747573,20079.0,1167.6203200790032,1.7412935323383083,395,402,7,0,395,394,34210,0,0,0,0,8
2020-10-10,US,Kansas,Haskell,103,1,0,37.562039399999996,-100.8710738,20081.0,2595.766129032258,0.9708737864077671,102,103,1,0,102,103,3997,0,0,0,0,0
2020-10-10,US,Kansas,Hodgeman,30,0,0,38.08780079,-99.89829881,20083.0,1672.2408026755857,0.0,30,30,0,0,30,30,1818,0,0,0,0,0
2020-10-10,US,Kansas,Jackson,268,3,0,39.41673394,-95.79356799,20085.0,2034.7733657277356,1.1194029850746268,265,268,3,0,265,261,13280,0,0,0,0,7
2020-10-10,US,Kansas,Jefferson,222,4,0,39.2347941,-95.38289232,20087.0,1165.782702305309,1.8018018018018016,218,222,4,0,218,222,18975,0,0,0,0,0
2020-10-10,US,Kansas,Jewell,19,1,0,39.78470589,-98.21820662,20089.0,659.9513720041681,5.2631578947368425,18,19,1,0,18,17,2841,0,0,0,0,2
2020-10-10,US,Kansas,Johnson,12186,163,0,38.88548175,-94.82250877,20091.0,2022.9050084578214,1.3376005251928442,12023,12066,163,0,11903,11949,597555,120,0,0,120,117
2020-10-10,US,Kansas,Kearny,107,1,0,38.00017981,-101.32168100000001,20093.0,2787.910369984367,0.9345794392523364,106,107,1,0,106,105,3943,0,0,0,0,2
2020-10-10,US,Kansas,Kingman,100,1,0,37.55909527,-98.13638678,20095.0,1398.2102908277404,1.0,99,100,1,0,99,96,7310,0,0,0,0,4
2020-10-10,US,Kansas,Kiowa,37,0,0,37.55848695,-99.2856537,20097.0,1494.949494949495,0.0,37,37,0,0,37,28,2516,0,0,0,0,9
2020-10-10,US,Kansas,Labette,274,5,0,37.19113093,-95.29849679,20099.0,1396.6765215618314,1.8248175182481752,269,274,5,0,269,262,19964,0,0,0,0,12
2020-10-10,US,Kansas,Lane,15,0,0,38.48119447,-100.46607540000001,20101.0,977.1986970684039,0.0,15,15,0,0,15,15,1560,0,0,0,0,0
2020-10-10,US,Kansas,Leavenworth,2334,15,0,39.20183497,-95.03620809,20103.0,2854.766506029991,0.6426735218508998,2319,2334,15,0,2319,2296,81352,0,0,0,0,38
2020-10-10,US,Kansas,Lincoln,15,1,0,39.04549684,-98.20756994,20105.0,506.41458474004054,6.666666666666668,14,15,1,0,14,14,3023,0,0,0,0,1
2020-10-10,US,Kansas,Linn,89,0,0,38.21267844,-94.84254089,20107.0,917.2420900752344,0.0,89,89,0,0,89,85,9750,0,0,0,0,4
2020-10-10,US,Kansas,Logan,51,0,0,38.91735806,-101.148475,20109.0,1825.340014316392,0.0,51,51,0,0,51,47,2844,0,0,0,0,4
2020-10-10,US,Kansas,Lyon,1191,37,0,38.45576156,-96.15275715,20111.0,3587.889742431089,3.1066330814441647,1154,1191,37,0,1154,1187,33406,0,0,0,0,4
2020-10-10,US,Kansas,Marion,94,1,0,38.35855394,-97.09852509999999,20115.0,790.9794681925277,1.0638297872340423,93,94,1,0,93,89,11950,0,0,0,0,5
2020-10-10,US,Kansas,Marshall,48,0,0,39.78359669,-96.52278974,20117.0,494.48851344390647,0.0,48,48,0,0,48,41,9722,0,0,0,0,7
2020-10-10,US,Kansas,McPherson,320,5,0,38.39184858,-97.64769869,20113.0,1121.154789433116,1.5625,315,320,5,0,315,315,28537,0,0,0,0,5
2020-10-10,US,Kansas,Meade,133,1,0,37.23859987,-100.36483100000001,20119.0,3297.7932060500866,0.7518796992481203,132,133,1,0,132,130,4146,0,0,0,0,3
2020-10-10,US,Kansas,Miami,433,1,0,38.56383358,-94.83832189,20121.0,1264.713613926454,0.2309468822170901,432,433,1,0,432,433,33680,0,0,0,0,0
2020-10-10,US,Kansas,Mitchell,56,0,0,39.39331582,-98.20906732,20123.0,936.6114734905502,0.0,56,56,0,0,56,48,6150,0,0,0,0,8
2020-10-10,US,Kansas,Montgomery,540,6,0,37.19236568,-95.74329258,20125.0,1696.566024694461,1.1111111111111112,534,486,6,0,480,486,32120,54,0,0,54,0
2020-10-10,US,Kansas,Morris,45,0,0,38.68827511,-96.65128437,20127.0,800.711743772242,0.0,45,45,0,0,45,43,5521,0,0,0,0,2
2020-10-10,US,Kansas,Morton,30,2,0,37.19141121,-101.79925190000002,20129.0,1159.6443757247778,6.666666666666668,28,30,2,0,28,24,2667,0,0,0,0,6
2020-10-10,US,Kansas,Nemaha,169,1,0,39.78345387,-96.01392079,20131.0,1651.8424396442185,0.591715976331361,168,169,1,0,168,169,10155,0,0,0,0,0
2020-10-10,US,Kansas,Neosho,187,0,0,37.55862897,-95.30670046,20133.0,1168.238895483226,0.0,187,187,0,0,187,187,15951,0,0,0,0,0
2020-10-10,US,Kansas,Ness,101,7,0,38.47974157,-99.91547333,20135.0,3672.727272727273,6.9306930693069315,94,101,7,0,94,101,2840,0,0,0,0,0
2020-10-10,US,Kansas,Norton,147,0,0,39.78443827,-99.90286639,20137.0,2742.025741466144,0.0,147,147,0,0,147,60,5430,0,0,0,0,87
2020-10-10,US,Kansas,Osage,121,0,0,38.65235984,-95.72707998,20139.0,758.6682550630134,0.0,121,121,0,0,121,113,15941,0,0,0,0,8
2020-10-10,US,Kansas,Osborne,15,0,0,39.3503437,-98.76753828,20141.0,438.4682841274481,0.0,15,15,0,0,15,12,3475,0,0,0,0,3
2020-10-10,US,Kansas,Ottawa,91,0,0,39.13237408,-97.65020313,20143.0,1595.3716690042074,0.0,91,91,0,0,91,71,5802,0,0,0,0,20
2020-10-10,US,Kansas,Pawnee,397,1,0,38.18108732,-99.23692334,20145.0,6189.585282195198,0.2518891687657431,396,397,1,0,396,397,6562,0,0,0,0,0
2020-10-10,US,Kansas,Phillips,142,9,0,39.78465501,-99.34668865,20147.0,2713.0301872372947,6.338028169014086,133,142,9,0,133,140,5317,0,0,0,0,2
2020-10-10,US,Kansas,Pottawatomie,307,0,0,39.37925655,-96.34564657,20149.0,1259.0739449616535,0.0,307,307,0,0,307,307,24277,0,0,0,0,0
2020-10-10,US,Kansas,Pratt,87,0,0,37.64780729,-98.73922153,20151.0,949.3670886075952,0.0,87,87,0,0,87,83,9378,0,0,0,0,4
2020-10-10,US,Kansas,Rawlins,54,0,0,39.78525843,-101.07616170000001,20153.0,2134.387351778656,0.0,54,54,0,0,54,51,2508,0,0,0,0,3
2020-10-10,US,Kansas,Reno,1423,7,0,37.95230263,-98.08607292,20155.0,2295.235330171941,0.4919184820801125,1416,1385,7,0,1378,1306,62342,38,0,0,38,79
2020-10-10,US,Kansas,Republic,55,1,0,39.82799632,-97.65036709,20157.0,1186.367558239862,1.818181818181818,54,55,1,0,54,53,4664,0,0,0,0,2
2020-10-10,US,Kansas,Rice,99,1,0,38.34616184,-98.19992118,20159.0,1038.0622837370242,1.0101010101010102,98,95,1,0,94,95,9531,4,0,0,4,0
2020-10-10,US,Kansas,Riley,1957,9,0,39.28935726,-96.73420026,20161.0,2636.329345834681,0.4598875830352581,1948,1957,9,0,1948,1949,73703,0,0,0,0,8
2020-10-10,US,Kansas,Rooks,128,7,0,39.35022773,-99.32484567,20163.0,2601.6260162601625,5.46875,121,128,7,0,121,119,5013,0,0,0,0,9
2020-10-10,US,Kansas,Rush,64,0,0,38.52275276,-99.30863983,20165.0,2108.0368906455865,0.0,64,64,0,0,64,64,3093,0,0,0,0,0
2020-10-10,US,Kansas,Russell,139,1,0,38.91462787,-98.76254297,20167.0,2027.421236872812,0.7194244604316546,138,139,1,0,138,116,6907,0,0,0,0,23
2020-10-10,US,Kansas,Saline,882,12,0,38.78369175,-97.65185177,20169.0,1626.5860135733255,1.3605442176870748,870,882,12,0,870,864,54401,0,0,0,0,18
2020-10-10,US,Kansas,Scott,133,1,0,38.48222076,-100.90665390000001,20171.0,2757.619738751814,0.7518796992481203,132,133,1,0,132,129,4897,0,0,0,0,4
2020-10-10,US,Kansas,Sedgwick,9259,106,0,37.6842718,-97.4608198,20173.0,1794.233802674976,1.1448320552975484,9153,9220,104,0,9116,9117,513607,39,2,0,37,103
2020-10-10,US,Kansas,Seward,1877,7,0,37.19324632,-100.85072009999999,20175.0,8759.56692178458,0.3729355354288759,1870,1844,7,0,1837,1844,21780,33,0,0,33,0
2020-10-10,US,Kansas,Shawnee,2966,62,0,39.04100763,-95.75572640000001,20177.0,1676.8904593639575,2.0903573836817264,2904,2966,62,0,2904,2942,177499,0,0,0,0,24
2020-10-10,US,Kansas,Sheridan,56,0,0,39.35018161,-100.44182590000001,20179.0,2221.3407378024594,0.0,56,56,0,0,56,47,2533,0,0,0,0,9
2020-10-10,US,Kansas,Sherman,109,0,0,39.35147699,-101.71976240000001,20181.0,1842.1497380429266,0.0,109,109,0,0,109,54,5899,0,0,0,0,55
2020-10-10,US,Kansas,Smith,13,0,0,39.78516566,-98.78566062,20183.0,362.8244487859336,0.0,13,13,0,0,13,12,3603,0,0,0,0,1
2020-10-10,US,Kansas,Stafford,63,1,0,38.03100851,-98.71762001,20185.0,1515.8806544754568,1.5873015873015872,62,63,1,0,62,63,4178,0,0,0,0,0
2020-10-10,US,Kansas,Stanton,48,2,0,37.56304714,-101.78435340000001,20187.0,2392.8215353938185,4.166666666666667,46,48,2,0,46,48,1987,0,0,0,0,0
2020-10-10,US,Kansas,Stevens,188,1,0,37.1923008,-101.3118967,20189.0,3427.5296262534184,0.5319148936170213,187,188,1,0,187,180,5559,0,0,0,0,8
2020-10-10,US,Kansas,Sumner,218,3,0,37.23682549,-97.47721621,20191.0,954.6330355578908,1.3761467889908257,215,218,3,0,215,212,22996,0,0,0,0,6
2020-10-10,US,Kansas,Thomas,208,0,0,39.35107575,-101.0553705,20193.0,2674.5531696026746,0.0,208,208,0,0,208,204,7711,0,0,0,0,4
2020-10-10,US,Kansas,Trego,67,3,0,38.91467218,-99.87284448,20195.0,2390.2961113093115,4.477611940298506,64,67,3,0,64,64,2793,0,0,0,0,3
2020-10-10,US,Kansas,Wabaunsee,72,1,0,38.95471985,-96.20350509,20197.0,1038.8111383638725,1.3888888888888888,71,72,1,0,71,70,6899,0,0,0,0,2
2020-10-10,US,Kansas,Wallace,19,0,0,38.91686134,-101.76388759999999,20199.0,1251.6469038208168,0.0,19,19,0,0,19,19,1503,0,0,0,0,0
2020-10-10,US,Kansas,Washington,25,0,0,39.78420784,-97.08753229999999,20201.0,462.44913059563453,0.0,25,25,0,0,25,24,5420,0,0,0,0,1
2020-10-10,US,Kansas,Wichita,7,0,0,38.48178252,-101.3471509,20203.0,330.34450212364317,0.0,7,7,0,0,7,6,2105,0,0,0,0,1
2020-10-10,US,Kansas,Wilson,79,2,0,37.55937174,-95.74323255,20205.0,926.6862170087976,2.5316455696202533,77,79,2,0,77,70,8665,0,0,0,0,9
2020-10-10,US,Kansas,Woodson,24,0,0,37.8865336,-95.74006277,20207.0,764.8183556405354,0.0,24,24,0,0,24,24,3183,0,0,0,0,0
2020-10-10,US,Kansas,Wyandotte,7520,134,0,39.11727348,-94.76378225,20209.0,4545.75678992196,1.7819148936170213,7386,7497,134,0,7363,7446,165324,23,0,0,23,51
2020-10-10,US,Kentucky,Adair,377,19,0,37.10459774,-85.28129668,21001.0,1963.3371523799606,5.039787798408488,358,367,19,0,348,356,19215,10,0,0,10,11
2020-10-10,US,Kentucky,Allen,434,9,0,36.75197631,-86.19457544,21003.0,2036.1247947454847,2.0737327188940093,425,427,9,0,418,424,21122,7,0,0,7,3
2020-10-10,US,Kentucky,Anderson,191,1,0,38.00671029,-84.99171713,21005.0,839.671165428408,0.5235602094240838,190,191,1,0,190,190,22663,0,0,0,0,1
2020-10-10,US,Kentucky,Ballard,60,1,0,37.05842757,-88.99427697,21007.0,760.6490872210953,1.6666666666666667,59,60,1,0,59,60,7979,0,0,0,0,0
2020-10-10,US,Kentucky,Barren,853,13,0,36.96469836,-85.93338945,21009.0,1927.7271802752607,1.5240328253223916,840,852,13,0,839,842,44176,1,0,0,1,10
2020-10-10,US,Kentucky,Bath,94,1,0,38.14735938,-83.74588932,21011.0,752.0,1.0638297872340423,93,94,1,0,93,94,12383,0,0,0,0,0
2020-10-10,US,Kentucky,Bell,556,16,0,36.73355174,-83.67766671,21013.0,2135.8328211432085,2.8776978417266186,540,546,16,0,530,541,26569,10,0,0,10,5
2020-10-10,US,Kentucky,Boone,1761,25,0,38.97065142,-84.72615357,21015.0,1318.3012554180611,1.419647927314026,1736,1739,25,0,1714,1714,131533,22,0,0,22,25
2020-10-10,US,Kentucky,Bourbon,239,1,0,38.2054607,-84.21827874,21017.0,1207.802708712351,0.41841004184100417,238,230,1,0,229,230,20184,9,0,0,9,0
2020-10-10,US,Kentucky,Boyd,549,13,0,38.36176608,-82.68652187,21019.0,1175.1359219144656,2.3679417122040074,536,545,13,0,532,525,47240,4,0,0,4,20
2020-10-10,US,Kentucky,Boyle,340,0,0,37.62680923,-84.8633779,21021.0,1131.0711909514305,0.0,340,336,0,0,336,326,30100,4,0,0,4,10
2020-10-10,US,Kentucky,Bracken,42,0,0,38.69158994,-84.08532444,21023.0,505.8412621943876,0.0,42,42,0,0,42,42,8239,0,0,0,0,0
2020-10-10,US,Kentucky,Breathitt,100,0,0,37.52333168,-83.31959161,21025.0,791.7656373713382,0.0,100,100,0,0,100,100,12726,0,0,0,0,0
2020-10-10,US,Kentucky,Breckinridge,150,2,0,37.77377239,-86.42885017,21027.0,732.5291790789666,1.3333333333333333,148,150,2,0,148,150,20388,0,0,0,0,0
2020-10-10,US,Kentucky,Bullitt,1044,12,0,37.97162523,-85.68955617,21029.0,1278.221264508546,1.1494252873563218,1032,1029,12,0,1017,1011,81069,15,0,0,15,18
2020-10-10,US,Kentucky,Butler,365,16,0,37.20946153,-86.68748787,21031.0,2834.070968242876,4.383561643835616,349,365,16,0,349,362,12772,0,0,0,0,3
2020-10-10,US,Kentucky,Caldwell,192,0,0,37.14749129,-87.86948214,21033.0,1506.2367615909625,0.0,192,188,0,0,188,186,12715,4,0,0,4,2
2020-10-10,US,Kentucky,Calloway,750,9,0,36.62093411,-88.2731593,21035.0,1923.0276146765466,1.2,741,724,9,0,715,712,39135,26,0,0,26,12
2020-10-10,US,Kentucky,Campbell,973,16,0,38.94384345,-84.37875208,21037.0,1039.7076423320225,1.644398766700925,957,959,16,0,943,948,93152,14,0,0,14,11
2020-10-10,US,Kentucky,Carlisle,86,1,0,36.85372876,-88.96692220000001,21039.0,1806.7226890756306,1.162790697674419,85,86,1,0,85,86,4771,0,0,0,0,0
2020-10-10,US,Kentucky,Carroll,207,5,0,38.66599534,-85.12601074,21041.0,1947.1357351142885,2.415458937198068,202,206,5,0,201,203,10737,1,0,0,1,3
2020-10-10,US,Kentucky,Carter,252,4,0,38.31690743,-83.05092385,21043.0,940.4037765421502,1.5873015873015872,248,251,3,0,248,244,27004,1,1,0,0,7
2020-10-10,US,Kentucky,Casey,284,15,0,37.32533118,-84.92726209,21045.0,1757.5345008973327,5.28169014084507,269,284,15,0,269,283,15888,0,0,0,0,1
2020-10-10,US,Kentucky,Christian,1543,25,0,36.89267803,-87.49055367,21047.0,2189.86389633982,1.6202203499675956,1518,1514,25,0,1489,1490,71671,29,0,0,29,24
2020-10-10,US,Kentucky,Clark,396,10,0,37.9689263,-84.14615986,21049.0,1092.0221713592366,2.525252525252525,386,388,10,0,378,378,36249,8,0,0,8,10
2020-10-10,US,Kentucky,Clay,362,6,0,37.16451126,-83.712575,21051.0,1819.0040701472287,1.6574585635359116,356,361,6,0,355,355,20105,1,0,0,1,6
2020-10-10,US,Kentucky,Clinton,157,2,0,36.72581156,-85.13377529,21053.0,1536.5042082599334,1.2738853503184713,155,149,2,0,147,146,10206,8,0,0,8,3
2020-10-10,US,Kentucky,Crittenden,131,1,0,37.35839237,-88.08826090000002,21055.0,1487.62207585737,0.7633587786259542,130,128,1,0,127,128,8915,3,0,0,3,0
2020-10-10,US,Kentucky,Cumberland,111,0,0,36.78926125,-85.39050034,21057.0,1678.2582400967644,0.0,111,111,0,0,111,111,6659,0,0,0,0,0
2020-10-10,US,Kentucky,Daviess,1682,19,0,37.73028906,-87.09019479999998,21059.0,1656.963284767168,1.1296076099881094,1663,1656,18,0,1638,1640,101104,26,1,0,25,16
2020-10-10,US,Kentucky,Edmonson,148,12,0,37.21218923,-86.23955613,21061.0,1218.1069958847736,8.108108108108109,136,149,12,0,137,148,12274,-1,0,0,-1,1
2020-10-10,US,Kentucky,Elliott,58,0,0,38.11624059,-83.09771563,21063.0,771.5844086736729,0.0,58,53,0,0,53,48,7508,5,0,0,5,5
2020-10-10,US,Kentucky,Estill,222,0,0,37.69241417,-83.95956369,21065.0,1573.7983836665244,0.0,222,205,0,0,205,205,14198,17,0,0,17,0
2020-10-10,US,Kentucky,Fayette,9083,79,0,38.0368225,-84.45576892,21067.0,2810.751596771797,0.8697566883188373,9004,9027,79,0,8948,8991,323780,56,0,0,56,36
2020-10-10,US,Kentucky,Fleming,93,0,0,38.36758311,-83.69657514,21069.0,637.8163363280983,0.0,93,92,0,0,92,92,14432,1,0,0,1,0
2020-10-10,US,Kentucky,Floyd,230,4,0,37.56213922,-82.74750924,21071.0,646.2671050043552,1.7391304347826086,226,221,4,0,217,215,35845,9,0,0,9,6
2020-10-10,US,Kentucky,Franklin,760,12,0,38.2379395,-84.87962551,21073.0,1490.4591006256005,1.5789473684210529,748,754,12,0,742,749,50815,6,0,0,6,5
2020-10-10,US,Kentucky,Fulton,196,3,0,36.55238827,-89.20140068,21075.0,3283.6320991790917,1.5306122448979589,193,187,3,0,184,180,6120,9,0,0,9,7
2020-10-10,US,Kentucky,Gallatin,106,8,0,38.75398691,-84.8558382,21077.0,1195.174202277596,7.547169811320754,98,101,8,0,93,101,8832,5,0,0,5,0
2020-10-10,US,Kentucky,Garrard,204,3,0,37.638866799999995,-84.53289319,21079.0,1154.760557002151,1.4705882352941178,201,200,3,0,197,196,17560,4,0,0,4,4
2020-10-10,US,Kentucky,Grant,200,6,0,38.64962758,-84.62415957,21081.0,797.7980773066338,3.0,194,198,6,0,192,195,25121,2,0,0,2,3
2020-10-10,US,Kentucky,Graves,820,29,0,36.72292505,-88.65143315,21083.0,2200.397144850534,3.5365853658536586,791,813,29,0,784,805,37317,7,0,0,7,8
2020-10-10,US,Kentucky,Grayson,428,14,0,37.46231118,-86.34248968,21085.0,1619.555757369357,3.2710280373831777,414,419,14,0,405,419,26321,9,0,0,9,0
2020-10-10,US,Kentucky,Green,289,8,0,37.26484328,-85.5540745,21087.0,2641.440453340645,2.7681660899653977,281,287,8,0,279,286,11049,2,0,0,2,1
2020-10-10,US,Kentucky,Greenup,491,5,0,38.54332505,-82.9215658,21089.0,1398.9401105476095,1.0183299389002036,486,483,5,0,478,481,35268,8,0,0,8,2
2020-10-10,US,Kentucky,Hancock,103,1,0,37.83766422,-86.78280584,21091.0,1180.9218069250169,0.9708737864077671,102,102,0,0,102,101,8758,1,1,0,0,1
2020-10-10,US,Kentucky,Hardin,1523,12,0,37.6976111,-85.96319251,21093.0,1372.5914309919071,0.7879185817465528,1511,1487,11,0,1476,1469,110356,36,1,0,35,18
2020-10-10,US,Kentucky,Harlan,519,13,0,36.85699301,-83.21899516,21095.0,1995.3863898500574,2.5048169556840083,506,510,12,0,498,507,26409,9,1,0,8,3
2020-10-10,US,Kentucky,Harrison,206,1,0,38.44188174,-84.32869741,21097.0,1090.7550566557238,0.4854368932038835,205,204,1,0,203,203,18778,2,0,0,2,1
2020-10-10,US,Kentucky,Hart,207,1,0,37.29943898,-85.88461055,21099.0,1087.4704491725768,0.4830917874396135,206,207,1,0,206,204,18906,0,0,0,0,3
2020-10-10,US,Kentucky,Henderson,1061,8,0,37.79344553,-87.57392021,21101.0,2346.825923468259,0.7540056550424128,1053,1022,8,0,1014,1005,45591,39,0,0,39,17
2020-10-10,US,Kentucky,Henry,214,2,0,38.44942688,-85.11587507,21103.0,1327.049485303237,0.9345794392523364,212,212,2,0,210,209,16106,2,0,0,2,3
2020-10-10,US,Kentucky,Hickman,89,1,0,36.67948079999999,-88.97875928,21105.0,2031.9634703196348,1.1235955056179776,88,87,1,0,86,87,4421,2,0,0,2,0
2020-10-10,US,Kentucky,Hopkins,809,39,0,37.30939025,-87.54670406,21107.0,1810.4104193707199,4.8207663782447465,770,792,39,0,753,756,45068,17,0,0,17,36
2020-10-10,US,Kentucky,Jackson,401,17,0,37.41866422,-83.99825483,21109.0,3008.477755270463,4.239401496259352,384,396,17,0,379,393,13442,5,0,0,5,3
2020-10-10,US,Kentucky,Jefferson,17724,320,0,38.18664655,-85.65931031,21111.0,2311.553725626241,1.805461521101332,17404,17565,320,0,17245,17315,770517,159,0,0,159,250
2020-10-10,US,Kentucky,Jessamine,734,0,0,37.87119786,-84.58252003,21113.0,1356.3706920447196,0.0,734,724,0,0,724,702,53920,10,0,0,10,22
2020-10-10,US,Kentucky,Johnson,191,2,0,37.85106355,-82.8264322,21115.0,860.8256715341628,1.0471204188481675,189,186,2,0,184,180,22386,5,0,0,5,6
2020-10-10,US,Kentucky,Kenton,2223,49,0,38.93950319,-84.53241199,21117.0,1331.1536665109759,2.2042285200179936,2174,2196,49,0,2147,2179,166051,27,0,0,27,17
2020-10-10,US,Kentucky,Knott,252,1,0,37.35388197,-82.94981134,21119.0,1702.0126975550452,0.3968253968253968,251,250,1,0,249,248,15126,2,0,0,2,2
2020-10-10,US,Kentucky,Knox,622,9,0,36.89225732,-83.85403396,21121.0,1997.1102905763364,1.4469453376205788,613,592,9,0,583,572,31304,30,0,0,30,20
2020-10-10,US,Kentucky,Larue,170,1,0,37.54567114,-85.70138352,21123.0,1180.719544381164,0.5882352941176471,169,164,1,0,163,162,14307,6,0,0,6,2
2020-10-10,US,Kentucky,Laurel,1130,6,0,37.10975748,-84.11321779,21125.0,1858.1553286303915,0.5309734513274337,1124,1123,6,0,1117,1094,60669,7,0,0,7,29
2020-10-10,US,Kentucky,Lawrence,80,0,0,38.07136018,-82.72882223,21127.0,522.2954886727166,0.0,80,78,0,0,78,77,15571,2,0,0,2,1
2020-10-10,US,Kentucky,Lee,18,0,0,37.59645942,-83.71513901,21129.0,243.1446710792921,0.0,18,18,0,0,18,18,7033,0,0,0,0,0
2020-10-10,US,Kentucky,Leslie,103,0,0,37.09246661,-83.37999606,21131.0,1042.8267692619218,0.0,103,102,0,0,102,101,10143,1,0,0,1,1
2020-10-10,US,Kentucky,Letcher,242,2,0,37.12306748,-82.85346474,21133.0,1122.8135294390572,0.8264462809917356,240,238,2,0,236,229,21899,4,0,0,4,9
2020-10-10,US,Kentucky,Lewis,248,15,0,38.53184419,-83.37735618,21135.0,1868.1732580037665,6.048387096774193,233,245,15,0,230,240,13257,3,0,0,3,5
2020-10-10,US,Kentucky,Lincoln,245,16,0,37.45475628,-84.6565327,21137.0,998.003992015968,6.530612244897959,229,246,16,0,230,244,24644,-1,0,0,-1,2
2020-10-10,US,Kentucky,Livingston,99,1,0,37.21137452,-88.34797529,21139.0,1076.7892103545794,1.0101010101010102,98,99,1,0,98,97,9242,0,0,0,0,2
2020-10-10,US,Kentucky,Logan,620,30,0,36.85949479,-86.877635,21141.0,2287.654047671759,4.838709677419356,590,612,30,0,582,604,26989,8,0,0,8,8
2020-10-10,US,Kentucky,Lyon,86,4,0,37.02080035,-88.07886257,21143.0,1047.5030450669915,4.651162790697675,82,85,4,0,81,83,8009,1,0,0,1,2
2020-10-10,US,Kentucky,Madison,1994,7,0,37.71659336,-84.27220275,21151.0,2144.385774355555,0.3510531594784353,1987,1981,7,0,1974,1967,92368,13,0,0,13,14
2020-10-10,US,Kentucky,Magoffin,114,0,0,37.70820545,-83.0657714,21153.0,937.422909300222,0.0,114,108,0,0,108,106,12362,6,0,0,6,2
2020-10-10,US,Kentucky,Marion,269,8,0,37.55218078,-85.26898542,21155.0,1395.734966014632,2.9739776951672865,261,264,8,0,256,259,19404,5,0,0,5,5
2020-10-10,US,Kentucky,Marshall,368,4,0,36.88007070000001,-88.32803576,21157.0,1183.2797427652733,1.0869565217391304,364,364,4,0,360,361,31191,4,0,0,4,3
2020-10-10,US,Kentucky,Martin,97,3,0,37.79990579,-82.51247478,21159.0,866.4582402858417,3.0927835051546397,94,97,3,0,94,95,11323,0,0,0,0,2
2020-10-10,US,Kentucky,Mason,139,2,0,38.59471935,-83.82151043,21161.0,814.2940831868774,1.4388489208633093,137,136,2,0,134,135,17150,3,0,0,3,1
2020-10-10,US,Kentucky,McCracken,852,11,0,37.05350953,-88.70445755,21145.0,1302.3938365587453,1.2910798122065728,841,835,11,0,824,823,65346,17,0,0,17,12
2020-10-10,US,Kentucky,McCreary,221,1,0,36.73874143,-84.48102924,21147.0,1282.5721084092625,0.4524886877828054,220,218,1,0,217,215,17408,3,0,0,3,3
2020-10-10,US,Kentucky,McLean,99,1,0,37.5301951,-87.26803443,21149.0,1075.268817204301,1.0101010101010102,98,99,1,0,98,97,9252,0,0,0,0,2
2020-10-10,US,Kentucky,Meade,274,3,0,37.96163597,-86.21028219,21163.0,958.9808203835923,1.094890510948905,271,267,3,0,264,259,28715,7,0,0,7,8
2020-10-10,US,Kentucky,Menifee,68,1,0,37.94090733,-83.59985712,21165.0,1047.9272615194946,1.4705882352941178,67,67,1,0,66,67,6451,1,0,0,1,0
2020-10-10,US,Kentucky,Mercer,283,5,0,37.81474237,-84.87488475,21167.0,1290.2931655496284,1.7667844522968197,278,279,5,0,274,281,21774,4,0,0,4,-2
2020-10-10,US,Kentucky,Metcalfe,140,2,0,36.99459295,-85.63123699,21169.0,1390.1300764571542,1.4285714285714286,138,137,2,0,135,135,10030,3,0,0,3,2
2020-10-10,US,Kentucky,Monroe,229,4,0,36.71225341,-85.71596443,21171.0,2150.2347417840374,1.7467248908296944,225,227,4,0,223,225,10718,2,0,0,2,2
2020-10-10,US,Kentucky,Montgomery,331,3,0,38.03253032,-83.9145241,21173.0,1175.5513726604395,0.9063444108761328,328,323,3,0,320,322,28203,8,0,0,8,1
2020-10-10,US,Kentucky,Morgan,96,0,0,37.92465657,-83.25558245,21175.0,721.3164024344427,0.0,96,90,0,0,90,85,13345,6,0,0,6,5
2020-10-10,US,Kentucky,Muhlenberg,842,12,0,37.21425819,-87.14632053,21177.0,2749.6571092678473,1.4251781472684086,830,834,12,0,822,825,30774,8,0,0,8,9
2020-10-10,US,Kentucky,Nelson,584,4,0,37.80335779,-85.4657193,21179.0,1263.167001925032,0.6849315068493149,580,576,4,0,572,568,45851,8,0,0,8,8
2020-10-10,US,Kentucky,Nicholas,64,1,0,38.33342292,-84.01889177,21181.0,880.4512312560187,1.5625,63,61,1,0,60,61,7166,3,0,0,3,0
2020-10-10,US,Kentucky,Ohio,517,9,0,37.47751843,-86.85368087,21183.0,2154.705343002417,1.7408123791102514,508,507,9,0,498,503,24087,10,0,0,10,4
2020-10-10,US,Kentucky,Oldham,1239,26,0,38.39791089,-85.448222,21185.0,1854.8181859009867,2.0984665052461664,1213,1235,26,0,1209,1218,66470,4,0,0,4,17
2020-10-10,US,Kentucky,Owen,105,2,0,38.51679143,-84.82404619,21187.0,963.2143840014676,1.9047619047619049,103,105,2,0,103,104,10880,0,0,0,0,1
2020-10-10,US,Kentucky,Owsley,51,1,0,37.42823949,-83.68811419,21189.0,1155.1528878822196,1.96078431372549,50,50,1,0,49,50,4472,1,0,0,1,0
2020-10-10,US,Kentucky,Pendleton,104,0,0,38.69607718,-84.35599463,21191.0,712.8169979437971,0.0,104,103,0,0,103,103,14529,1,0,0,1,0
2020-10-10,US,Kentucky,Perry,371,9,0,37.25023553,-83.22922731,21193.0,1440.3292181069958,2.4258760107816717,362,364,9,0,355,360,26092,7,0,0,7,4
2020-10-10,US,Kentucky,Pike,567,3,0,37.47088263,-82.39487445,21195.0,979.6806966618287,0.5291005291005291,564,557,3,0,554,543,58402,10,0,0,10,14
2020-10-10,US,Kentucky,Powell,121,0,0,37.83218794,-83.82553961,21197.0,979.0436119427138,0.0,121,120,0,0,120,119,12442,1,0,0,1,1
2020-10-10,US,Kentucky,Pulaski,874,11,0,37.10466131,-84.57629079,21199.0,1345.0499392111294,1.2585812356979404,863,863,11,0,852,850,64623,11,0,0,11,13
2020-10-10,US,Kentucky,Robertson,13,1,0,38.51923469,-84.05055616,21201.0,616.6982922201139,7.6923076923076925,12,13,1,0,12,13,2135,0,0,0,0,0
2020-10-10,US,Kentucky,Rockcastle,223,1,0,37.36642393,-84.31176452,21203.0,1335.729260257562,0.4484304932735426,222,219,1,0,218,213,16750,4,0,0,4,6
2020-10-10,US,Kentucky,Rowan,289,1,0,38.19484205,-83.42088935,21205.0,1181.5208503679476,0.3460207612456747,288,284,1,0,283,280,24583,5,0,0,5,4
2020-10-10,US,Kentucky,Russell,288,6,0,36.99308373,-85.06070117,21207.0,1606.8738492439886,2.083333333333333,282,287,6,0,281,280,17821,1,0,0,1,7
2020-10-10,US,Kentucky,Scott,908,16,0,38.29622293,-84.5816631,21209.0,1592.8706757420532,1.7621145374449338,892,896,16,0,880,884,56031,12,0,0,12,12
2020-10-10,US,Kentucky,Shelby,1176,24,0,38.21476019,-85.194223,21211.0,2398.8250652741517,2.0408163265306123,1152,1168,24,0,1144,1147,48518,8,0,0,8,21
2020-10-10,US,Kentucky,Simpson,297,8,0,36.74058474,-86.58047435,21213.0,1599.1815636441956,2.6936026936026938,289,296,8,0,288,297,18529,1,0,0,1,-1
2020-10-10,US,Kentucky,Spencer,237,0,0,38.03223971,-85.32749335,21215.0,1224.7429073432895,0.0,237,235,0,0,235,233,18794,2,0,0,2,2
2020-10-10,US,Kentucky,Taylor,353,7,0,37.3677562,-85.3329931,21217.0,1369.86301369863,1.9830028328611895,346,343,7,0,336,341,25549,10,0,0,10,2
2020-10-10,US,Kentucky,Todd,218,8,0,36.8381152,-87.17878374,21219.0,1773.22271026517,3.669724770642202,210,215,8,0,207,212,12311,3,0,0,3,3
2020-10-10,US,Kentucky,Trigg,206,0,0,36.80767017,-87.87333656,21221.0,1406.047368780288,0.0,206,201,0,0,201,201,14643,5,0,0,5,0
2020-10-10,US,Kentucky,Trimble,74,0,0,38.61056487,-85.33775972,21223.0,873.5686459685987,0.0,74,73,0,0,73,73,8515,1,0,0,1,0
2020-10-10,US,Kentucky,Union,417,5,0,37.66166713,-87.94300009,21225.0,2899.659272651415,1.1990407673860912,412,406,3,0,403,399,14505,11,2,0,9,7
2020-10-10,US,Kentucky,Warren,4629,56,0,36.99903045,-86.42672751,21227.0,3483.174813387913,1.2097645279758047,4573,4598,56,0,4542,4575,131264,31,0,0,31,23
2020-10-10,US,Kentucky,Washington,168,1,0,37.75599461,-85.17407732,21229.0,1389.00372054568,0.5952380952380952,167,163,1,0,162,158,12084,5,0,0,5,5
2020-10-10,US,Kentucky,Wayne,197,0,0,36.80310688,-84.8251971,21231.0,968.8683421039688,0.0,197,196,0,0,196,195,20468,1,0,0,1,1
2020-10-10,US,Kentucky,Webster,246,3,0,37.52168356,-87.67989953,21233.0,1900.7881316643488,1.2195121951219512,243,241,3,0,238,230,13111,5,0,0,5,11
2020-10-10,US,Kentucky,Whitley,591,3,0,36.75700531,-84.14541217,21235.0,1629.7154202514891,0.5076142131979695,588,577,3,0,574,558,36242,14,0,0,14,19
2020-10-10,US,Kentucky,Wolfe,56,0,0,37.73941626,-83.49303612,21237.0,782.4507475199106,0.0,56,54,0,0,54,53,7177,2,0,0,2,1
2020-10-10,US,Kentucky,Woodford,318,0,0,38.04178222,-84.7417556,21239.0,1189.4965212837585,0.0,318,315,0,0,315,310,26533,3,0,0,3,5
2020-10-10,US,Louisiana,Acadia,3015,99,0,30.295064899999996,-92.41419698,22001.0,4859.376259166734,3.2835820895522385,2916,3015,99,0,2916,3014,62190,0,0,0,0,1
2020-10-10,US,Louisiana,Allen,1719,51,0,30.65385745,-92.82442028,22003.0,6707.7691497249,2.9668411867364752,1668,1719,51,0,1668,1721,25605,0,0,0,0,-2
2020-10-10,US,Louisiana,Ascension,3864,98,0,30.20406249,-90.91328409999998,22005.0,3052.0362705759694,2.5362318840579707,3766,3864,98,0,3766,3862,124672,0,0,0,0,2
2020-10-10,US,Louisiana,Assumption,772,24,0,29.89946234,-91.06461642,22007.0,3526.563427892741,3.1088082901554404,748,772,24,0,748,774,22300,0,0,0,0,-2
2020-10-10,US,Louisiana,Avoyelles,1617,59,0,31.07796211,-92.00079449,22009.0,4027.9992028696693,3.648732220160792,1558,1617,59,0,1558,1610,40462,0,0,0,0,7
2020-10-10,US,Louisiana,Beauregard,1029,39,0,30.64836518,-93.34173616,22011.0,2744.219537563005,3.7900874635568513,990,1029,39,0,990,1029,37253,0,0,0,0,0
2020-10-10,US,Louisiana,Bienville,525,33,0,32.34569994,-93.05398492,22013.0,3964.957329506835,6.2857142857142865,492,525,33,0,492,520,13308,0,0,0,0,5
2020-10-10,US,Louisiana,Bossier,3534,110,0,32.67932307,-93.60460152,22015.0,2781.822904777273,3.1126202603282405,3424,3534,110,0,3424,3524,127185,0,0,0,0,10
2020-10-10,US,Louisiana,Caddo,9117,373,0,32.57991587,-93.88375652,22017.0,3795.523804765949,4.0912580892837545,8744,9117,373,0,8744,9107,242922,0,0,0,0,10
2020-10-10,US,Louisiana,Calcasieu,8028,219,0,30.22931235,-93.35400434,22019.0,3946.204211643957,2.7279521674140508,7809,8028,219,0,7809,8005,203112,0,0,0,0,23
2020-10-10,US,Louisiana,Caldwell,319,3,0,32.0902519,-92.11752148,22021.0,3216.374269005848,0.9404388714733544,316,319,3,0,316,318,9960,0,0,0,0,1
2020-10-10,US,Louisiana,Cameron,227,2,0,29.87592238,-93.19310676,22023.0,3255.4137387064393,0.8810572687224669,225,227,2,0,225,231,6968,0,0,0,0,-4
2020-10-10,US,Louisiana,Catahoula,442,12,0,31.66778967,-91.84526385,22025.0,4655.571940172741,2.7149321266968327,430,442,12,0,430,444,9608,0,0,0,0,-2
2020-10-10,US,Louisiana,Claiborne,560,23,0,32.82308512,-92.99526883,22027.0,3573.7077217613273,4.107142857142857,537,560,23,0,537,547,15944,0,0,0,0,13
2020-10-10,US,Louisiana,Concordia,528,15,0,31.44817835,-91.63814433,22029.0,2741.5753673607146,2.8409090909090913,513,528,15,0,513,525,19572,0,0,0,0,3
2020-10-10,US,Louisiana,De Soto,944,35,0,32.05457447,-93.74130302,22031.0,3437.352073699159,3.7076271186440684,909,944,35,0,909,942,27436,0,0,0,0,2
2020-10-10,US,Louisiana,East Baton Rouge,15446,446,0,30.53842039,-91.09777565,22033.0,3509.983888524039,2.8874789589537744,15000,15446,446,0,15000,15395,440956,0,0,0,0,51
2020-10-10,US,Louisiana,East Carroll,550,5,0,32.73926954,-91.23425694,22035.0,8016.324150998396,0.9090909090909092,545,550,5,0,545,549,7037,0,0,0,0,1
2020-10-10,US,Louisiana,East Feliciana,1761,74,0,30.84425359,-91.04976723,22037.0,9203.031094852366,4.202157864849517,1687,1761,74,0,1687,1763,19305,0,0,0,0,-2
2020-10-10,US,Louisiana,Evangeline,1351,35,0,30.72985248,-92.39915924,22039.0,4045.515795777812,2.5906735751295336,1316,1351,35,0,1316,1351,33443,0,0,0,0,0
2020-10-10,US,Louisiana,Franklin,1239,41,0,32.13675181,-91.67589857,22041.0,6190.357232075944,3.3091202582728005,1198,1239,41,0,1198,1239,20156,0,0,0,0,0
2020-10-10,US,Louisiana,Grant,504,30,0,31.59882456,-92.56124347,22043.0,2251.10545357095,5.9523809523809526,474,504,30,0,474,503,22482,0,0,0,0,1
2020-10-10,US,Louisiana,Iberia,3015,91,0,29.86803617,-91.75871777,22045.0,4317.628526421309,3.0182421227197347,2924,3015,91,0,2924,3014,70941,0,0,0,0,1
2020-10-10,US,Louisiana,Iberville,1425,58,0,30.25734305,-91.3499598,22047.0,4383.1318630617325,4.0701754385964914,1367,1425,58,0,1367,1429,32721,0,0,0,0,-4
2020-10-10,US,Louisiana,Jackson,719,22,0,32.30251776,-92.55692092,22049.0,4566.819105691057,3.05980528511822,697,719,22,0,697,718,15902,0,0,0,0,1
2020-10-10,US,Louisiana,Jefferson,17960,575,0,29.74075478,-90.11115756,22051.0,4152.668366886863,3.2015590200445434,17385,17960,575,0,17385,17947,434051,0,0,0,0,13
2020-10-10,US,Louisiana,Jefferson Davis,1293,41,0,30.26896765,-92.81210004,22053.0,4122.03519510329,3.17092034029389,1252,1293,41,0,1252,1282,31582,0,0,0,0,11
2020-10-10,US,Louisiana,LaSalle,444,10,0,31.67884782,-92.15907765,22059.0,2981.4665592264305,2.2522522522522523,434,444,10,0,434,439,14917,0,0,0,0,5
2020-10-10,US,Louisiana,Lafayette,9139,135,0,30.2049055,-92.06959876,22055.0,3739.514710094521,1.4771856877120035,9004,9139,135,0,9004,9120,242782,0,0,0,0,19
2020-10-10,US,Louisiana,Lafourche,3750,124,0,29.52470226,-90.40976986,22057.0,3841.662056672199,3.306666666666666,3626,3750,124,0,3626,3745,98115,0,0,0,0,5
2020-10-10,US,Louisiana,Lincoln,1469,48,0,32.6003154,-92.66597409999999,22061.0,3142.7837918788236,3.2675289312457454,1421,1469,48,0,1421,1471,47196,0,0,0,0,-2
2020-10-10,US,Louisiana,Livingston,3933,76,0,30.44143993,-90.73061664,22063.0,2793.5421091136377,1.932367149758454,3857,3933,76,0,3857,3926,139567,0,0,0,0,7
2020-10-10,US,Louisiana,Madison,889,8,0,32.36918118,-91.23973355,22065.0,8117.980093142179,0.8998875140607424,881,889,8,0,881,888,11161,0,0,0,0,1
2020-10-10,US,Louisiana,Morehouse,838,23,0,32.81686191,-91.80421614,22067.0,3368.9796574736674,2.7446300715990453,815,838,23,0,815,836,25398,0,0,0,0,2
2020-10-10,US,Louisiana,Natchitoches,1255,26,0,31.72321584,-93.09816516,22069.0,3288.9564442580845,2.0717131474103585,1229,1255,26,0,1229,1250,38659,0,0,0,0,5
2020-10-10,US,Louisiana,Orleans,12914,589,0,30.06971951,-89.92660315,22071.0,3310.059875328084,4.560941613752517,12325,12914,589,0,12325,12902,391006,0,0,0,0,12
2020-10-10,US,Louisiana,Ouachita,6541,151,0,32.47645559,-92.15704172,22073.0,4267.381702646808,2.3085155175049685,6390,6541,151,0,6390,6535,154475,0,0,0,0,6
2020-10-10,US,Louisiana,Plaquemines,790,19,0,29.42245447,-89.60322085,22075.0,3405.612794757943,2.4050632911392404,771,790,19,0,771,790,23410,0,0,0,0,0
2020-10-10,US,Louisiana,Pointe Coupee,1075,40,0,30.71409502,-91.60209535,22077.0,4947.077772664519,3.72093023255814,1035,1075,40,0,1035,1075,21940,0,0,0,0,0
2020-10-10,US,Louisiana,Rapides,4396,150,0,31.19778499,-92.52997303,22079.0,3390.7194866098976,3.4121929026387625,4246,4396,150,0,4246,4382,130562,0,0,0,0,14
2020-10-10,US,Louisiana,Red River,372,24,0,32.09530039,-93.34213308,22081.0,4406.5387348969425,6.451612903225807,348,372,24,0,348,369,8477,0,0,0,0,3
2020-10-10,US,Louisiana,Richland,810,15,0,32.41391005,-91.76634876,22083.0,4025.444786800517,1.851851851851852,795,810,15,0,795,805,20192,0,0,0,0,5
2020-10-10,US,Louisiana,Sabine,900,14,0,31.56388699,-93.55433981,22085.0,3768.2130296432756,1.5555555555555556,886,900,14,0,886,899,24032,0,0,0,0,1
2020-10-10,US,Louisiana,St. Bernard,1473,31,0,29.87761636,-89.51887093,22087.0,3117.8562357124715,2.104548540393754,1442,1473,31,0,1442,1473,46721,0,0,0,0,0
2020-10-10,US,Louisiana,St. Charles,1862,62,0,29.90709658,-90.35555967,22089.0,3506.591337099812,3.3297529538131037,1800,1862,62,0,1800,1866,52879,0,0,0,0,-4
2020-10-10,US,Louisiana,St. Helena,423,4,0,30.82210324,-90.71013176,22091.0,4174.8914330833,0.9456264775413712,419,423,4,0,419,424,10262,0,0,0,0,-1
2020-10-10,US,Louisiana,St. James,815,40,0,30.02531716,-90.80212061,22093.0,3863.2916192643156,4.9079754601227,775,815,40,0,775,816,21037,0,0,0,0,-1
2020-10-10,US,Louisiana,St. John the Baptist,1602,105,0,30.12597499,-90.4753503,22095.0,3739.757686112473,6.5543071161048685,1497,1602,105,0,1497,1603,43184,0,0,0,0,-1
2020-10-10,US,Louisiana,St. Landry,3439,130,0,30.59724262,-92.00135806,22097.0,4187.570016073255,3.7801686536783943,3309,3439,130,0,3309,3433,82764,0,0,0,0,6
2020-10-10,US,Louisiana,St. Martin,2132,61,0,30.13112107,-91.61403569,22099.0,3990.1929591435683,2.8611632270168856,2071,2132,61,0,2071,2131,53621,0,0,0,0,1
2020-10-10,US,Louisiana,St. Mary,1962,80,0,29.69262097,-91.44702164,22101.0,3975.845019048391,4.077471967380224,1882,1962,80,0,1882,1962,49774,0,0,0,0,0
2020-10-10,US,Louisiana,St. Tammany,7360,264,0,30.40942847,-89.95642711,22103.0,2826.214677116493,3.5869565217391304,7096,7360,264,0,7096,7349,258111,0,0,0,0,11
2020-10-10,US,Louisiana,Tangipahoa,4784,121,0,30.62888673,-90.40664996,22105.0,3550.0675284584217,2.5292642140468233,4663,4784,121,0,4663,4771,133777,0,0,0,0,13
2020-10-10,US,Louisiana,Tensas,162,2,0,32.00760749,-91.32915234,22107.0,3737.886479003231,1.2345679012345678,160,162,2,0,160,162,4462,0,0,0,0,0
2020-10-10,US,Louisiana,Terrebonne,3716,119,0,29.37343766,-90.82626855,22109.0,3364.083251102199,3.2023681377825617,3597,3716,119,0,3597,3718,111021,0,0,0,0,-2
2020-10-10,US,Louisiana,Unassigned,245,193,0,0.0,0.0,90022.0,0.0,78.77551020408163,52,245,193,0,52,245,,0,0,0,0,0
2020-10-10,US,Louisiana,Union,1020,46,0,32.83121059,-92.3749373,22111.0,4613.714492491406,4.5098039215686265,974,1020,46,0,974,1019,22330,0,0,0,0,1
2020-10-10,US,Louisiana,Vermilion,2069,67,0,29.83517605,-92.30292538,22113.0,3476.668178992119,3.2382793620106334,2002,2069,67,0,2002,2066,59830,0,0,0,0,3
2020-10-10,US,Louisiana,Vernon,1091,52,0,31.10884837,-93.18153838,22115.0,2300.280419152839,4.766269477543538,1039,1091,52,0,1039,1089,48860,0,0,0,0,2
2020-10-10,US,Louisiana,Washington,1683,67,0,30.85288548,-90.03866652,22117.0,3643.3303026367053,3.9809863339275102,1616,1683,67,0,1616,1682,46582,0,0,0,0,1
2020-10-10,US,Louisiana,Webster,1351,30,0,32.70847669,-93.33121835,22119.0,3523.735002608242,2.220577350111029,1321,1351,30,0,1321,1352,38798,0,0,0,0,-1
2020-10-10,US,Louisiana,West Baton Rouge,933,42,0,30.46058217,-91.30989571,22121.0,3525.4109200831285,4.501607717041801,891,933,42,0,891,928,26427,0,0,0,0,5
2020-10-10,US,Louisiana,West Carroll,354,10,0,32.78550125,-91.461201,22123.0,3268.698060941829,2.824858757062147,344,354,10,0,344,354,10982,0,0,0,0,0
2020-10-10,US,Louisiana,West Feliciana,738,25,0,30.87882871,-91.41485379999999,22125.0,4740.493319630011,3.3875338753387534,713,738,25,0,713,737,15460,0,0,0,0,1
2020-10-10,US,Louisiana,Winn,646,19,0,31.94449367,-92.63789413,22127.0,4646.144994246261,2.9411764705882355,627,646,19,0,627,646,14134,0,0,0,0,0
2020-10-10,US,Maine,Androscoggin,799,10,0,44.1664747,-70.20380627,23001.0,737.9221810726193,1.2515644555694618,789,791,10,0,781,786,107679,8,0,0,8,5
2020-10-10,US,Maine,Aroostook,52,1,0,46.65926321,-68.59841248,23003.0,77.54828126165089,1.9230769230769231,51,51,1,0,50,51,67111,1,0,0,1,0
2020-10-10,US,Maine,Cumberland,2383,70,0,43.8370751,-70.37226999,23005.0,807.7883953722504,2.9374737725556024,2313,2377,70,0,2307,2374,293557,6,0,0,6,3
2020-10-10,US,Maine,Franklin,67,1,0,44.97330019,-70.44381045,23007.0,221.86165104804797,1.492537313432836,66,66,1,0,65,64,29897,1,0,0,1,2
2020-10-10,US,Maine,Hancock,55,1,0,44.59816444,-68.38401854,23009.0,100.02364195173405,1.818181818181818,54,55,1,0,54,55,54811,0,0,0,0,0
2020-10-10,US,Maine,Kennebec,258,11,0,44.40759555,-69.76738544,23011.0,210.95321417474773,4.263565891472869,247,258,11,0,247,253,122083,0,0,0,0,5
2020-10-10,US,Maine,Knox,51,1,0,44.11486325,-69.10529169,23013.0,128.23091622246807,1.96078431372549,50,51,1,0,50,50,39771,0,0,0,0,1
2020-10-10,US,Maine,Lincoln,50,1,0,44.05996956,-69.54227124,23015.0,144.36680718369232,2.0,49,50,1,0,49,50,34342,0,0,0,0,0
2020-10-10,US,Maine,Oxford,154,2,0,44.49952995,-70.75682123,23017.0,265.63173781802504,1.2987012987012987,152,152,2,0,150,151,57618,2,0,0,2,1
2020-10-10,US,Maine,Penobscot,268,6,0,45.40194593,-68.65020455,23019.0,176.14428056891973,2.238805970149253,262,268,6,0,262,268,151096,0,0,0,0,0
2020-10-10,US,Maine,Piscataquis,10,0,0,45.83839062,-69.2860223,23021.0,59.577003276735184,0.0,10,10,0,0,10,10,16800,0,0,0,0,0
2020-10-10,US,Maine,Sagadahoc,72,0,0,43.95415864,-69.85074999,23023.0,200.8032128514056,0.0,72,71,0,0,71,70,35634,1,0,0,1,1
2020-10-10,US,Maine,Somerset,108,8,0,45.51229767,-69.95995554,23025.0,213.92916567625386,7.407407407407407,100,103,8,0,95,99,50592,5,0,0,5,4
2020-10-10,US,Maine,Waldo,79,14,0,44.4858305,-69.12061935,23027.0,198.91728566032987,17.721518987341767,65,79,14,0,65,79,39694,0,0,0,0,0
2020-10-10,US,Maine,Washington,20,0,0,45.01607142,-67.62813524,23029.0,63.73689410115046,0.0,20,20,0,0,20,20,31490,0,0,0,0,0
2020-10-10,US,Maine,York,1269,17,0,43.47808377,-70.71052375,23031.0,611.1509769265222,1.3396375098502755,1252,1263,17,0,1246,1258,206229,6,0,0,6,5
2020-10-10,US,Maryland,Allegany,513,23,0,39.62357628,-78.69280486,24001.0,728.5276073619632,4.483430799220273,490,506,23,0,483,504,70975,7,0,0,7,2
2020-10-10,US,Maryland,Anne Arundel,10732,255,0,39.00670238,-76.60329337,24003.0,1852.7917905371576,2.376071561684681,10477,10655,255,0,10400,10572,576031,77,0,0,77,83
2020-10-10,US,Maryland,Baltimore,18887,642,0,39.45784712,-76.62911955,24005.0,2282.775541776956,3.3991634457563404,18245,18792,642,0,18150,18668,828431,95,0,0,95,124
2020-10-10,US,Maryland,Baltimore City,16390,491,0,39.30211911,-76.61151012,24510.0,2761.630356029588,2.9957291031116533,15899,16354,491,0,15863,16263,621342,36,0,0,36,91
2020-10-10,US,Maryland,Calvert,1057,28,0,38.53961642,-76.56820632,24009.0,1142.3939475817347,2.6490066225165565,1029,1047,28,0,1019,1041,92003,10,0,0,10,6
2020-10-10,US,Maryland,Caroline,680,7,0,38.87172293,-75.82904158,24011.0,2035.5624738071008,1.0294117647058822,673,677,7,0,670,674,33304,3,0,0,3,3
2020-10-10,US,Maryland,Carroll,2069,126,0,39.56453592,-77.02373735,24013.0,1228.2795181867293,6.089898501691638,1943,2051,126,0,1925,2043,168429,18,0,0,18,8
2020-10-10,US,Maryland,Cecil,1163,36,0,39.56647682,-75.94627411,24015.0,1130.7180010694667,3.0954428202923463,1127,1148,36,0,1112,1139,102826,15,0,0,15,9
2020-10-10,US,Maryland,Charles,2922,101,0,38.51092331,-76.98580666,24017.0,1789.8160568918945,3.4565366187542783,2821,2904,101,0,2803,2888,161503,18,0,0,18,16
2020-10-10,US,Maryland,Dorchester,633,10,0,38.45413522,-76.02752426,24019.0,1982.5237245137646,1.5797788309636651,623,625,10,0,615,622,31998,8,0,0,8,3
2020-10-10,US,Maryland,Frederick,4314,134,0,39.47296601,-77.39999394,24021.0,1662.1267053751346,3.1061659712563747,4180,4297,134,0,4163,4279,255648,17,0,0,17,18
2020-10-10,US,Maryland,Garrett,79,1,0,39.52786077,-79.27355126,24023.0,272.2823464534364,1.2658227848101269,78,76,1,0,75,76,29163,3,0,0,3,0
2020-10-10,US,Maryland,Harford,3246,76,0,39.55010644,-76.30775940000002,24025.0,1270.743537646658,2.341343191620456,3170,3227,76,0,3151,3207,253956,19,0,0,19,20
2020-10-10,US,Maryland,Howard,5391,123,0,39.25305293,-76.93126208,24027.0,1655.2549970831158,2.28158041179744,5268,5357,123,0,5234,5322,323196,34,0,0,34,35
2020-10-10,US,Maryland,Kent,320,24,0,39.24976208,-76.04741541,24029.0,1647.6161054474308,7.5,296,318,24,0,294,316,19383,2,0,0,2,2
2020-10-10,US,Maryland,Montgomery,23505,855,0,39.13676329,-77.20358245,24031.0,2237.105591764634,3.6375239310784937,22650,23403,854,0,22549,23293,1052567,102,1,0,101,110
2020-10-10,US,Maryland,Prince George's,30621,833,0,38.83070039,-76.8496441,24033.0,3367.4354770066216,2.720355311714183,29788,30502,833,0,29669,30356,909308,119,0,0,119,146
2020-10-10,US,Maryland,Queen Anne's,699,26,0,39.06198912,-76.03530977,24035.0,1387.4278001627595,3.7195994277539337,673,691,26,0,665,691,50251,8,0,0,8,0
2020-10-10,US,Maryland,Somerset,341,4,0,38.1163542,-75.75118623,24039.0,1331.1992504684572,1.1730205278592376,337,335,4,0,331,329,25675,6,0,0,6,6
2020-10-10,US,Maryland,St. Mary's,1363,58,0,38.30058422,-76.60629279999998,24037.0,1200.7752620914455,4.25531914893617,1305,1361,58,0,1303,1363,112664,2,0,0,2,-2
2020-10-10,US,Maryland,Talbot,583,6,0,38.76618159,-76.10882561,24041.0,1568.0051639278124,1.0291595197255574,577,583,6,0,577,584,36968,0,0,0,0,-1
2020-10-10,US,Maryland,Unassigned,0,16,0,0.0,0.0,90024.0,0.0,0.0,-16,0,12,0,-12,0,,0,4,0,-4,0
2020-10-10,US,Maryland,Washington,1972,41,0,39.60835778,-77.82002295,24043.0,1305.5366139464675,2.0791075050709944,1931,1955,41,0,1914,1926,150926,17,0,0,17,29
2020-10-10,US,Maryland,Wicomico,2190,49,0,38.37301947,-75.62705831,24045.0,2113.7159899236553,2.237442922374429,2141,2175,49,0,2126,2157,103195,15,0,0,15,18
2020-10-10,US,Maryland,Worcester,1125,30,0,38.21274277,-75.33200012,24047.0,2152.0391766776347,2.6666666666666665,1095,1120,30,0,1090,1112,51823,5,0,0,5,8
2020-10-10,US,Massachusetts,Barnstable,1858,176,0,41.72980578,-70.28854339,25001.0,872.3414244800224,9.472551130247576,1682,1855,175,0,1680,1849,213413,3,1,0,2,6
2020-10-10,US,Massachusetts,Berkshire,730,51,0,42.37428441,-73.20524838,25003.0,584.2617492636701,6.986301369863014,679,729,51,0,678,726,126348,1,0,0,1,3
2020-10-10,US,Massachusetts,Bristol,10555,718,0,41.79228404,-71.10872211,25005.0,1867.424369755333,6.802463287541451,9837,10511,717,0,9794,10452,564022,44,1,0,43,59
2020-10-10,US,Massachusetts,Dukes and Nantucket,198,2,0,41.40674725,-70.68763497,0.0,689.1510911558943,1.0101010101010102,196,197,2,0,195,194,26707,1,0,0,1,3
2020-10-10,US,Massachusetts,Essex,21078,1307,0,42.6687626,-70.94687179,25009.0,2671.3677737587986,6.200778062434766,19771,20945,1307,0,19638,20835,790638,133,0,0,133,110
2020-10-10,US,Massachusetts,Franklin,425,69,0,42.58119713,-72.58602547,25011.0,605.5856369335993,16.235294117647058,356,424,69,0,355,424,70963,1,0,0,1,0
2020-10-10,US,Massachusetts,Hampden,8716,792,0,42.13440424,-72.63235561,25013.0,1868.894359009546,9.086737035337313,7924,8681,792,0,7889,8621,470406,35,0,0,35,60
2020-10-10,US,Massachusetts,Hampshire,1352,149,0,42.33997957,-72.65898478,25015.0,840.6391842317978,11.0207100591716,1203,1349,149,0,1200,1345,161355,3,0,0,3,4
2020-10-10,US,Massachusetts,Middlesex,28917,2186,0,42.48607732,-71.39049229,25017.0,1794.1935808113053,7.559567036691218,26731,28796,2182,0,26614,28638,1614714,121,4,0,117,158
2020-10-10,US,Massachusetts,Norfolk,10792,1080,0,42.16073095,-71.20530408,25021.0,1526.9357291924591,10.007412898443292,9712,10739,1078,0,9661,10666,705388,53,2,0,51,73
2020-10-10,US,Massachusetts,Plymouth,10172,780,0,41.94070556,-70.80802823,25023.0,1951.642549337877,7.66810853322847,9392,10130,779,0,9351,10058,518132,42,1,0,41,72
2020-10-10,US,Massachusetts,Suffolk,25497,1145,0,42.327951399999996,-71.07850442,25025.0,3171.635525004758,4.490724398948896,24352,25382,1144,0,24238,25273,807252,115,1,0,114,109
2020-10-10,US,Massachusetts,Unassigned,3028,5,0,0.0,0.0,90025.0,0.0,0.16512549537648613,3023,2981,5,0,2976,2950,,47,0,0,47,31
2020-10-10,US,Massachusetts,Worcester,15022,1127,0,42.35026951,-71.90493363,25027.0,1808.52421438392,7.50232991612302,13895,14982,1127,0,13855,14905,830839,40,0,0,40,77
2020-10-10,US,Michigan,Alcona,48,2,0,44.6846864,-83.59507875,26001.0,461.31667467563676,4.166666666666667,46,49,2,0,47,49,10362,-1,0,0,-1,0
2020-10-10,US,Michigan,Alger,47,0,0,46.41292944,-86.60260122,26003.0,516.0298638559508,0.0,47,41,0,0,41,36,9097,6,0,0,6,5
2020-10-10,US,Michigan,Allegan,901,7,0,42.59147037,-85.89102866,26005.0,763.0355433981758,0.7769145394006659,894,888,7,0,881,873,117327,13,0,0,13,15
2020-10-10,US,Michigan,Alpena,146,14,0,45.03477666,-83.62212411,26007.0,513.9940151381799,9.58904109589041,132,145,14,0,131,145,28360,1,0,0,1,0
2020-10-10,US,Michigan,Antrim,79,0,0,44.99690221,-85.15503082,26009.0,338.70691133596296,0.0,79,80,0,0,80,79,23365,-1,0,0,-1,1
2020-10-10,US,Michigan,Arenac,81,3,0,44.0636262,-83.89277559,26011.0,544.2451118726062,3.703703703703704,78,81,3,0,78,77,15041,0,0,0,0,4
2020-10-10,US,Michigan,Baraga,56,3,0,46.6720582,-88.36363591,26013.0,682.1780972103787,5.357142857142857,53,53,3,0,50,52,8320,3,0,0,3,1
2020-10-10,US,Michigan,Barry,414,4,0,42.59513984,-85.30834519,26015.0,672.6238830219334,0.966183574879227,410,404,4,0,400,395,61157,10,0,0,10,9
2020-10-10,US,Michigan,Bay,1102,54,0,43.70639106,-83.98731479,26017.0,1068.5956984659542,4.900181488203267,1048,1099,54,0,1045,1091,103923,3,0,0,3,8
2020-10-10,US,Michigan,Benzie,91,2,0,44.63899297,-86.01608482,26019.0,512.214342001576,2.1978021978021984,89,90,2,0,88,88,17753,1,0,0,1,2
2020-10-10,US,Michigan,Berrien,2095,76,0,41.95447397,-86.41313079999998,26021.0,1365.70165774669,3.627684964200477,2019,2050,76,0,1974,2045,154141,45,0,0,45,5
2020-10-10,US,Michigan,Branch,696,9,0,41.91600556,-85.05929476,26023.0,1599.3749569133902,1.293103448275862,687,690,9,0,681,686,43622,6,0,0,6,4
2020-10-10,US,Michigan,Calhoun,1825,51,0,42.24633834,-85.00493569,26025.0,1360.3261801295478,2.794520547945205,1774,1773,51,0,1722,1740,134487,52,0,0,52,33
2020-10-10,US,Michigan,Cass,689,21,0,41.91522292,-85.99405727,26027.0,1330.4497267654044,3.0478955007256894,668,675,20,0,655,671,51653,14,1,0,13,4
2020-10-10,US,Michigan,Charlevoix,118,4,0,45.37790017,-85.19614053,26029.0,451.363653750526,3.3898305084745757,114,116,4,0,112,116,26244,2,0,0,2,0
2020-10-10,US,Michigan,Cheboygan,99,2,0,45.44787015,-84.50122149,26031.0,391.67589808514,2.0202020202020203,97,98,2,0,96,98,25413,1,0,0,1,0
2020-10-10,US,Michigan,Chippewa,89,0,0,46.29552653,-84.54353449,26033.0,238.29285924656617,0.0,89,89,0,0,89,86,37517,0,0,0,0,3
2020-10-10,US,Michigan,Clare,149,6,0,43.98794227,-84.84819859999998,26035.0,481.421647819063,4.026845637583893,143,136,6,0,130,128,30757,13,0,0,13,8
2020-10-10,US,Michigan,Clinton,789,14,0,42.94400871,-84.60145248,26037.0,991.2682957472203,1.7743979721166032,775,779,14,0,765,770,79332,10,0,0,10,9
2020-10-10,US,Michigan,Crawford,129,5,0,44.68255561,-84.61006219,26039.0,919.5238434671036,3.875968992248062,124,129,5,0,124,128,13901,0,0,0,0,1
2020-10-10,US,Michigan,Delta,808,13,0,45.90484910000001,-86.9080745,26041.0,2257.992398837469,1.6089108910891092,795,796,13,0,783,781,35857,12,0,0,12,15
2020-10-10,US,Michigan,Dickinson,297,5,0,46.00999672,-87.86961634,26043.0,1176.7502674432426,1.6835016835016836,292,262,5,0,257,259,25383,35,0,0,35,3
2020-10-10,US,Michigan,Eaton,816,10,0,42.59599185,-84.83740035,26045.0,740.0152356077921,1.2254901960784317,806,799,10,0,789,781,109826,17,0,0,17,18
2020-10-10,US,Michigan,Emmet,177,4,0,45.52625509,-84.89083249,26047.0,529.7022295376328,2.2598870056497176,173,177,4,0,173,175,33308,0,0,0,0,2
2020-10-10,US,Michigan,Federal Correctional Institution (FCI),195,5,0,0.0,0.0,0.0,0.0,2.5641025641025643,190,195,5,0,190,195,,0,0,0,0,0
2020-10-10,US,Michigan,Genesee,5294,313,0,43.02244215,-83.70589709,26049.0,1304.5417470608384,5.912353607857952,4981,5201,311,0,4890,5152,406892,93,2,0,91,49
2020-10-10,US,Michigan,Gladwin,129,2,0,43.98901072,-84.38774817,26051.0,506.89614523163976,1.5503875968992251,127,124,2,0,122,119,25337,5,0,0,5,5
2020-10-10,US,Michigan,Gogebic,192,2,0,46.40862701,-89.69377193,26053.0,1373.8819320214666,1.0416666666666667,190,186,2,0,184,185,15096,6,0,0,6,1
2020-10-10,US,Michigan,Grand Traverse,578,9,0,44.69565625,-85.55585247,26055.0,620.9178411825369,1.5570934256055364,569,573,9,0,564,563,92573,5,0,0,5,10
2020-10-10,US,Michigan,Gratiot,344,16,0,43.29265605,-84.60505416,26057.0,844.9804721082753,4.651162790697675,328,331,16,0,315,321,40599,13,0,0,13,10
2020-10-10,US,Michigan,Hillsdale,394,27,0,41.88753639,-84.59312019,26059.0,863.9403574169501,6.852791878172589,367,384,27,0,357,382,45749,10,0,0,10,2
2020-10-10,US,Michigan,Houghton,794,5,0,46.89988536,-88.68495385,26061.0,2225.0868736688712,0.6297229219143576,789,784,4,0,780,767,36219,10,1,0,9,17
2020-10-10,US,Michigan,Huron,244,5,0,43.83353985,-83.04078453,26063.0,787.5794841999934,2.0491803278688523,239,241,5,0,236,238,31166,3,0,0,3,3
2020-10-10,US,Michigan,Ingham,3989,53,0,42.59716886,-84.37472069,26065.0,1364.1990930418665,1.328653797944347,3936,3953,52,0,3901,3888,292735,36,1,0,35,65
2020-10-10,US,Michigan,Ionia,457,7,0,42.94502238,-85.07413319,26067.0,706.3696925668887,1.5317286652078774,450,445,7,0,438,423,64210,12,0,0,12,22
2020-10-10,US,Michigan,Iosco,246,13,0,44.35486835,-83.63484895,26069.0,979.0265451506348,5.284552845528455,233,244,13,0,231,243,25081,2,0,0,2,1
2020-10-10,US,Michigan,Iron,292,10,0,46.20974132,-88.53136251,26071.0,2638.7131754924994,3.4246575342465757,282,289,10,0,279,267,11117,3,0,0,3,22
2020-10-10,US,Michigan,Isabella,822,15,0,43.64060976,-84.84664923,26073.0,1176.436913212732,1.8248175182481752,807,810,15,0,795,798,70562,12,0,0,12,12
2020-10-10,US,Michigan,Jackson,1329,53,0,42.24807035,-84.42258681,26075.0,838.432906441234,3.98796087283672,1276,1291,51,0,1240,1265,158823,38,2,0,36,26
2020-10-10,US,Michigan,Kalamazoo,3649,96,0,42.24542231,-85.53038622,26077.0,1376.638271223016,2.63085776925185,3553,3553,96,0,3457,3483,264870,96,0,0,96,70
2020-10-10,US,Michigan,Kalkaska,98,4,0,44.68512729,-85.09085699,26079.0,543.2974830912518,4.081632653061225,94,96,4,0,92,95,17824,2,0,0,2,1
2020-10-10,US,Michigan,Kent,11268,172,0,43.03197711,-85.54934642,26081.0,1715.1859716418933,1.526446574369897,11096,11096,172,0,10924,10975,653786,172,0,0,172,121
2020-10-10,US,Michigan,Keweenaw,12,0,0,47.63197653,-88.41434263,26083.0,567.1077504725897,0.0,12,13,0,0,13,13,2113,-1,0,0,-1,0
2020-10-10,US,Michigan,Lake,38,0,0,43.99050893,-85.802173,26085.0,320.593942461824,0.0,38,38,0,0,38,38,11881,0,0,0,0,0
2020-10-10,US,Michigan,Lapeer,698,37,0,43.09052506,-83.22153148,26087.0,796.7399865307567,5.300859598853868,661,684,37,0,647,678,88028,14,0,0,14,6
2020-10-10,US,Michigan,Leelanau,119,1,0,44.94430054,-85.80150326,26089.0,546.8498690317541,0.8403361344537815,118,118,1,0,117,118,21764,1,0,0,1,0
2020-10-10,US,Michigan,Lenawee,926,18,0,41.89475156,-84.06603727,26091.0,940.5694203207687,1.9438444924406049,908,920,18,0,902,910,98266,6,0,0,6,10
2020-10-10,US,Michigan,Livingston,1566,32,0,42.60302282,-83.91297209,26093.0,815.6462407875205,2.0434227330779056,1534,1543,32,0,1511,1527,191224,23,0,0,23,16
2020-10-10,US,Michigan,Luce,25,0,0,46.47227431,-85.54471223,26095.0,401.3485310643763,0.0,25,26,0,0,26,21,6283,-1,0,0,-1,5
2020-10-10,US,Michigan,Mackinac,104,0,0,46.07028979,-85.04980537,26097.0,963.0521344568941,0.0,104,97,0,0,97,86,10787,7,0,0,7,11
2020-10-10,US,Michigan,Macomb,15911,1041,0,42.69158356,-82.92752801,26099.0,1820.5388730989093,6.5426434542140655,14870,15755,1040,0,14715,15577,874759,156,1,0,155,178
2020-10-10,US,Michigan,Manistee,92,3,0,44.33352407,-86.05626916,26101.0,374.62334066292055,3.260869565217391,89,91,3,0,88,91,24528,1,0,0,1,0
2020-10-10,US,Michigan,Marquette,521,12,0,46.4338914,-87.64043701,26103.0,781.121156239224,2.3032629558541267,509,494,12,0,482,479,66516,27,0,0,27,15
2020-10-10,US,Michigan,Mason,148,1,0,43.99509218,-86.24988902,26105.0,507.82322261872076,0.6756756756756757,147,144,0,0,144,144,29100,4,1,0,3,0
2020-10-10,US,Michigan,Mecosta,293,3,0,43.64064262,-85.32463223,26107.0,674.2917635146019,1.023890784982935,290,285,3,0,282,278,43545,8,0,0,8,7
2020-10-10,US,Michigan,Menominee,537,3,0,45.58038692,-87.55370409,26109.0,2357.330992098332,0.5586592178770949,534,525,3,0,522,521,22983,12,0,0,12,4
2020-10-10,US,Michigan,Michigan Department of Corrections (MDOC),5650,75,0,0.0,0.0,0.0,0.0,1.327433628318584,5575,5650,75,0,5575,5637,,0,0,0,0,13
2020-10-10,US,Michigan,Midland,719,13,0,43.64330771,-84.38804374,26111.0,864.6399538217328,1.8080667593880388,706,704,13,0,691,698,83209,15,0,0,15,6
2020-10-10,US,Michigan,Missaukee,70,1,0,44.33772443,-85.09256478,26113.0,463.02420955152803,1.4285714285714286,69,70,1,0,69,70,15113,0,0,0,0,0
2020-10-10,US,Michigan,Monroe,1662,28,0,41.92734151,-83.53749864,26115.0,1104.3189368770763,1.6847172081829125,1634,1648,28,0,1620,1641,150439,14,0,0,14,7
2020-10-10,US,Michigan,Montcalm,392,7,0,43.31082541,-85.15252824,26117.0,613.5737540696217,1.7857142857142858,385,389,7,0,382,385,63968,3,0,0,3,4
2020-10-10,US,Michigan,Montmorency,18,0,0,45.0275929,-84.12696227,26119.0,192.96740994854198,0.0,18,18,0,0,18,17,9265,0,0,0,0,1
2020-10-10,US,Michigan,Muskegon,1676,73,0,43.29123859,-86.15176712,26121.0,965.6269084959036,4.355608591885441,1603,1665,73,0,1592,1643,173588,11,0,0,11,22
2020-10-10,US,Michigan,Newaygo,445,2,0,43.554373999999996,-85.80070107,26123.0,908.5340955492038,0.44943820224719105,443,438,2,0,436,434,48892,7,0,0,7,4
2020-10-10,US,Michigan,Oakland,21878,1220,0,42.66090111,-83.38595416,26125.0,1739.684983269507,5.576378096718163,20658,21730,1215,0,20515,21592,1259201,148,5,0,143,138
2020-10-10,US,Michigan,Oceana,542,6,0,43.64124435,-86.26726673,26127.0,2047.833150715986,1.1070110701107012,536,539,6,0,533,538,26625,3,0,0,3,1
2020-10-10,US,Michigan,Ogemaw,76,5,0,44.33481032,-84.12725175,26129.0,361.9564699719008,6.578947368421053,71,76,5,0,71,76,20952,0,0,0,0,0
2020-10-10,US,Michigan,Ontonagon,53,0,0,46.665226200000006,-89.31390481,26131.0,926.5734265734268,0.0,53,50,0,0,50,50,5795,3,0,0,3,0
2020-10-10,US,Michigan,Osceola,106,0,0,43.98992088,-85.32566756,26133.0,451.8329070758737,0.0,106,105,0,0,105,103,23341,1,0,0,1,2
2020-10-10,US,Michigan,Oscoda,50,1,0,44.68192279,-84.12939244,26135.0,606.7224851352993,2.0,49,50,1,0,49,50,8276,0,0,0,0,0
2020-10-10,US,Michigan,Otsego,201,11,0,45.02085831,-84.59898295,26137.0,814.8208204961894,5.472636815920398,190,196,12,0,184,193,24665,5,-1,0,6,3
2020-10-10,US,Michigan,Ottawa,3921,70,0,42.95996803,-85.9969107,26139.0,1343.5904464928212,1.7852588625350676,3851,3872,69,0,3803,3819,290494,49,1,0,48,53
2020-10-10,US,Michigan,Out of MI,220,2,0,0.0,0.0,80026.0,0.0,0.9090909090909092,218,203,2,0,201,209,,17,0,0,17,-6
2020-10-10,US,Michigan,Presque Isle,29,1,0,45.34018577,-83.91498656,26141.0,230.30495552731887,3.4482758620689653,28,29,1,0,28,29,12738,0,0,0,0,0
2020-10-10,US,Michigan,Roscommon,114,4,0,44.33473082,-84.61067651,26143.0,474.6242557974937,3.5087719298245608,110,111,4,0,107,111,23884,3,0,0,3,0
2020-10-10,US,Michigan,Saginaw,3183,144,0,43.33433923,-84.05131209999998,26145.0,1670.5241446632972,4.524033930254476,3039,3172,143,0,3029,3150,190800,11,1,0,10,22
2020-10-10,US,Michigan,Sanilac,158,7,0,43.42406072,-82.82055898,26151.0,383.7745931503522,4.4303797468354436,151,157,7,0,150,157,41182,1,0,0,1,0
2020-10-10,US,Michigan,Schoolcraft,43,0,0,46.19235734,-86.19972234,26153.0,531.2577217692118,0.0,43,42,0,0,42,40,8068,1,0,0,1,2
2020-10-10,US,Michigan,Shiawassee,573,32,0,42.95392800000001,-84.14585902,26155.0,841.1379583688089,5.5846422338568935,541,574,32,0,542,565,68192,-1,0,0,-1,9
2020-10-10,US,Michigan,St. Clair,1153,61,0,42.92655373,-82.67937954,26147.0,724.5739279070938,5.2905464006938425,1092,1138,60,0,1078,1120,159337,15,1,0,14,18
2020-10-10,US,Michigan,St. Joseph,913,12,0,41.91441767,-85.52797979,26149.0,1497.6051440194215,1.3143483023001097,901,901,11,0,890,885,61043,12,1,0,11,16
2020-10-10,US,Michigan,Tuscola,541,33,0,43.46606813,-83.41897025,26157.0,1035.5057900277538,6.099815157116451,508,538,33,0,505,536,52516,3,0,0,3,2
2020-10-10,US,Michigan,Unassigned,28,0,0,0.0,0.0,90026.0,0.0,0.0,28,8,0,0,8,9,,20,0,0,20,-1
2020-10-10,US,Michigan,Van Buren,846,18,0,42.25190229,-86.01939087,26159.0,1117.909008020931,2.127659574468085,828,833,18,0,815,825,75448,13,0,0,13,8
2020-10-10,US,Michigan,Washtenaw,4138,116,0,42.253105,-83.83853204,26161.0,1125.6770248176692,2.8032866118898014,4022,4081,116,0,3965,4045,370963,57,0,0,57,36
2020-10-10,US,Michigan,Wayne,36870,3006,0,42.28098405,-83.281255,26163.0,2107.648414290393,8.152969894222945,33864,36661,3004,0,33657,36538,1753893,209,2,0,207,123
2020-10-10,US,Michigan,Wexford,140,4,0,44.33853602,-85.57712739,26165.0,416.2825964140228,2.8571428571428568,136,140,4,0,136,139,33466,0,0,0,0,1
2020-10-10,US,Minnesota,Aitkin,113,1,0,46.60962049,-93.41168259999999,27001.0,711.3181417600402,0.8849557522123894,112,111,1,0,110,108,15902,2,0,0,2,3
2020-10-10,US,Minnesota,Anoka,7177,142,0,45.27476015,-93.24604565,27003.0,2010.8091146220029,1.978542566531977,7035,7061,142,0,6919,6958,353813,116,0,0,116,103
2020-10-10,US,Minnesota,Becker,373,2,0,46.93479392,-95.67158144,27005.0,1083.5778403974086,0.5361930294906166,371,359,2,0,357,342,34371,14,0,0,14,17
2020-10-10,US,Minnesota,Beltrami,625,5,0,47.97373527,-94.93732139,27007.0,1324.489276934814,0.8,620,612,5,0,607,594,46847,13,0,0,13,18
2020-10-10,US,Minnesota,Benton,673,4,0,45.69804958,-93.99514135,27009.0,1645.9194404363031,0.5943536404160475,669,667,4,0,663,655,40545,6,0,0,6,12
2020-10-10,US,Minnesota,Big Stone,107,0,0,45.42712824,-96.41403739,27011.0,2143.8589461029856,0.0,107,103,0,0,103,100,4989,4,0,0,4,3
2020-10-10,US,Minnesota,Blue Earth,1868,7,0,44.03554215,-94.06699781,27013.0,2761.1488034529143,0.3747323340471092,1861,1855,7,0,1848,1846,67427,13,0,0,13,9
2020-10-10,US,Minnesota,Brown,260,2,0,44.24205652,-94.72562874,27015.0,1039.6673064619322,0.7692307692307693,258,244,2,0,242,239,25111,16,0,0,16,5
2020-10-10,US,Minnesota,Carlton,334,1,0,46.59180601,-92.67601019,27017.0,931.1142705806919,0.2994011976047904,333,331,1,0,330,326,35837,3,0,0,3,5
2020-10-10,US,Minnesota,Carver,1570,7,0,44.82017001,-93.80099179999999,27019.0,1493.9717763038943,0.445859872611465,1563,1553,7,0,1546,1545,103551,17,0,0,17,8
2020-10-10,US,Minnesota,Cass,253,4,0,46.95043611,-94.32603968,27021.0,849.5919943584405,1.5810276679841897,249,247,4,0,243,238,29519,6,0,0,6,9
2020-10-10,US,Minnesota,Chippewa,306,2,0,45.02343421,-95.56403693,27023.0,2593.2203389830506,0.6535947712418301,304,288,2,0,286,284,11924,18,0,0,18,4
2020-10-10,US,Minnesota,Chisago,665,2,0,45.5021011,-92.90861945,27025.0,1175.347743862564,0.3007518796992481,663,645,2,0,643,630,55922,20,0,0,20,15
2020-10-10,US,Minnesota,Clay,1703,42,0,46.89289518,-96.48761922,27027.0,2651.739279374669,2.4662360540223136,1661,1668,42,0,1626,1647,63955,35,0,0,35,21
2020-10-10,US,Minnesota,Clearwater,47,0,0,47.57992111,-95.37790562,27029.0,533.0006804264005,0.0,47,43,0,0,43,39,8810,4,0,0,4,4
2020-10-10,US,Minnesota,Cook,9,0,0,47.90504893,-90.52629546,27031.0,164.74464579901152,0.0,9,8,0,0,8,7,5393,1,0,0,1,1
2020-10-10,US,Minnesota,Cottonwood,244,0,0,44.00715262,-95.18138802,27033.0,2179.349767774205,0.0,244,244,0,0,244,243,11277,0,0,0,0,1
2020-10-10,US,Minnesota,Crow Wing,716,20,0,46.48096553,-94.06755609,27035.0,1100.6071785412344,2.793296089385475,696,701,18,0,683,692,64889,15,2,0,13,9
2020-10-10,US,Minnesota,Dakota,8400,130,0,44.67172617,-93.06299363,27037.0,1957.9461145258624,1.5476190476190477,8270,8295,130,0,8165,8200,425423,105,0,0,105,95
2020-10-10,US,Minnesota,Dodge,331,0,0,44.02238415,-92.86244324,27039.0,1581.159835674023,0.0,331,319,0,0,319,305,20822,12,0,0,12,14
2020-10-10,US,Minnesota,Douglas,500,3,0,45.93348491,-95.45335469,27041.0,1310.9252510421854,0.6,497,489,3,0,486,469,37964,11,0,0,11,20
2020-10-10,US,Minnesota,Faribault,176,0,0,43.67381499,-93.94787458,27043.0,1289.0939720208016,0.0,176,172,0,0,172,170,13758,4,0,0,4,2
2020-10-10,US,Minnesota,Fillmore,201,0,0,43.67394126,-92.08980382,27045.0,954.098827550197,0.0,201,192,0,0,192,188,21058,9,0,0,9,4
2020-10-10,US,Minnesota,Freeborn,585,4,0,43.67385583,-93.34884422,27047.0,1931.9044945675503,0.6837606837606838,581,585,4,0,581,576,30444,0,0,0,0,9
2020-10-10,US,Minnesota,Goodhue,452,11,0,44.40849741,-92.72341949999999,27049.0,975.3992231333619,2.433628318584071,441,442,10,0,432,431,46403,10,1,0,9,11
2020-10-10,US,Minnesota,Grant,74,4,0,45.93424769,-96.01139609,27051.0,1239.1158740790354,5.405405405405406,70,71,4,0,67,71,6021,3,0,0,3,0
2020-10-10,US,Minnesota,Hennepin,29929,951,0,45.00761521,-93.47694895,27053.0,2364.3532412787367,3.1775201309766445,28978,29661,951,0,28710,29404,1259428,268,0,0,268,257
2020-10-10,US,Minnesota,Houston,164,0,0,43.67129565,-91.49143057,27055.0,881.7204301075269,0.0,164,161,0,0,161,156,18578,3,0,0,3,5
2020-10-10,US,Minnesota,Hubbard,200,1,0,47.10778564,-94.91693868,27057.0,930.6221208878136,0.5,199,192,1,0,191,184,21332,8,0,0,8,8
2020-10-10,US,Minnesota,Isanti,391,1,0,45.56181234,-93.29487636,27059.0,963.1490787269679,0.2557544757033248,390,384,1,0,383,374,39966,7,0,0,7,10
2020-10-10,US,Minnesota,Itasca,541,16,0,47.51009045,-93.63092229,27061.0,1198.7591402614667,2.957486136783734,525,522,16,0,506,496,45108,19,0,0,19,26
2020-10-10,US,Minnesota,Jackson,168,1,0,43.67423373,-95.15398258,27063.0,1706.2766605728214,0.5952380952380952,167,167,1,0,166,165,9911,1,0,0,1,2
2020-10-10,US,Minnesota,Kanabec,156,9,0,45.9459309,-93.29275192,27065.0,954.8876782763052,5.769230769230768,147,153,9,0,144,151,16207,3,0,0,3,2
2020-10-10,US,Minnesota,Kandiyohi,1278,3,0,45.1526059,-95.00586446,27067.0,2958.401814856825,0.2347417840375587,1275,1247,3,0,1244,1210,42855,31,0,0,31,37
2020-10-10,US,Minnesota,Kittson,17,0,0,48.77754106,-96.78317184,27069.0,395.5328059562587,0.0,17,15,0,0,15,15,4248,2,0,0,2,0
2020-10-10,US,Minnesota,Koochiching,143,4,0,48.24539665,-93.78352843,27071.0,1169.351541417941,2.797202797202797,139,140,4,0,136,135,12440,3,0,0,3,5
2020-10-10,US,Minnesota,Lac qui Parle,100,2,0,44.9973857,-96.17488219,27073.0,1509.8897780462023,2.0,98,95,2,0,93,93,6658,5,0,0,5,2
2020-10-10,US,Minnesota,Lake,86,0,0,47.64270764,-91.44557998,27075.0,808.1947185414905,0.0,86,83,0,0,83,82,10658,3,0,0,3,1
2020-10-10,US,Minnesota,Lake of the Woods,35,1,0,48.77217001,-94.90274472,27077.0,935.8288770053476,2.8571428571428568,34,35,1,0,34,34,3758,0,0,0,0,1
2020-10-10,US,Minnesota,Le Sueur,527,5,0,44.37136597,-93.72844721,27079.0,1824.3500536573545,0.9487666034155596,522,519,5,0,514,515,28494,8,0,0,8,4
2020-10-10,US,Minnesota,Lincoln,144,0,0,44.41311883,-96.26688165,27081.0,2553.644263167228,0.0,144,140,0,0,140,136,5673,4,0,0,4,4
2020-10-10,US,Minnesota,Lyon,826,5,0,44.41327865,-95.83806103,27083.0,3242.521786919997,0.6053268765133172,821,816,4,0,812,808,25629,10,1,0,9,8
2020-10-10,US,Minnesota,Mahnomen,72,1,0,47.32557075,-95.80921485,27087.0,1302.6958567034558,1.3888888888888888,71,65,1,0,64,64,5519,7,0,0,7,1
2020-10-10,US,Minnesota,Marshall,68,1,0,48.35825983,-96.37017407,27089.0,728.363324764353,1.4705882352941178,67,63,1,0,62,62,9390,5,0,0,5,1
2020-10-10,US,Minnesota,Martin,543,14,0,43.67429718,-94.55099908,27091.0,2758.7258039932926,2.5782688766114177,529,535,14,0,521,531,19785,8,0,0,8,4
2020-10-10,US,Minnesota,McLeod,528,3,0,44.82367677,-94.27287017,27085.0,1471.0389212381244,0.5681818181818182,525,527,3,0,524,521,35873,1,0,0,1,6
2020-10-10,US,Minnesota,Meeker,263,2,0,45.12328869,-94.52839455,27093.0,1132.5467229351475,0.7604562737642585,261,255,2,0,253,253,23141,8,0,0,8,2
2020-10-10,US,Minnesota,Mille Lacs,240,3,0,45.93705297,-93.63236823,27095.0,913.3462724055256,1.25,237,220,3,0,217,207,26139,20,0,0,20,13
2020-10-10,US,Minnesota,Morrison,407,3,0,46.01265363,-94.27341528,27097.0,1219.0738632959924,0.7371007371007371,404,397,3,0,394,379,33169,10,0,0,10,18
2020-10-10,US,Minnesota,Mower,1421,7,0,43.67142874,-92.75234549,27099.0,3547.0021466726566,0.4926108374384237,1414,1401,7,0,1394,1395,40011,20,0,0,20,6
2020-10-10,US,Minnesota,Murray,209,3,0,44.02216709,-95.76328482,27101.0,2550.6468147424944,1.4354066985645932,206,205,3,0,202,203,8276,4,0,0,4,2
2020-10-10,US,Minnesota,Nicollet,625,17,0,44.35291112,-94.24710352,27103.0,1823.539709400712,2.72,608,619,17,0,602,613,34220,6,0,0,6,6
2020-10-10,US,Minnesota,Nobles,2038,16,0,43.67434621,-95.75329576,27105.0,9422.534560081373,0.7850834151128557,2022,2034,16,0,2018,2024,21924,4,0,0,4,10
2020-10-10,US,Minnesota,Norman,82,0,0,47.32628443,-96.45620947,27107.0,1286.2745098039215,0.0,82,80,0,0,80,74,6475,2,0,0,2,6
2020-10-10,US,Minnesota,Olmsted,2817,28,0,44.00374114,-92.40209944,27109.0,1779.6112272810547,0.9939652112176074,2789,2776,28,0,2748,2751,156277,41,0,0,41,25
2020-10-10,US,Minnesota,Otter Tail,574,6,0,46.40846929,-95.70835255,27111.0,977.0878017226704,1.0452961672473868,568,563,6,0,557,548,58812,11,0,0,11,15
2020-10-10,US,Minnesota,Pennington,142,1,0,48.06642577,-96.0370814,27113.0,1005.7369502089384,0.7042253521126759,141,140,1,0,139,140,14178,2,0,0,2,0
2020-10-10,US,Minnesota,Pine,456,0,0,46.12105238,-92.74070188,27115.0,1541.6342675546841,0.0,456,447,0,0,447,439,29483,9,0,0,9,8
2020-10-10,US,Minnesota,Pipestone,302,15,0,44.02301619,-96.25841142,27117.0,3309.226386149463,4.966887417218543,287,298,15,0,283,292,9047,4,0,0,4,6
2020-10-10,US,Minnesota,Polk,392,4,0,47.77372465,-96.40134647,27119.0,1249.8405815584747,1.020408163265306,388,382,4,0,378,376,31529,10,0,0,10,6
2020-10-10,US,Minnesota,Pope,123,0,0,45.58606667,-95.44451209,27121.0,1093.4305271579697,0.0,123,117,0,0,117,115,11097,6,0,0,6,2
2020-10-10,US,Minnesota,Ramsey,12170,335,0,45.01625271,-93.09872295,27123.0,2211.4365979128547,2.7526705012325388,11835,12027,333,0,11694,11916,550210,143,2,0,141,111
2020-10-10,US,Minnesota,Red Lake,47,1,0,47.87197525,-96.09561104,27125.0,1159.0628853267572,2.127659574468085,46,46,1,0,45,46,3999,1,0,0,1,0
2020-10-10,US,Minnesota,Redwood,212,8,0,44.40555844,-95.25207021,27127.0,1397.4950560316413,3.7735849056603774,204,212,8,0,204,213,15249,0,0,0,0,-1
2020-10-10,US,Minnesota,Renville,203,9,0,44.72836381,-94.94553734,27129.0,1395.3808083585373,4.433497536945813,194,195,9,0,186,191,14612,8,0,0,8,4
2020-10-10,US,Minnesota,Rice,1468,8,0,44.3543376,-93.29658715,27131.0,2191.960819446933,0.5449591280653951,1460,1454,8,0,1446,1428,66523,14,0,0,14,26
2020-10-10,US,Minnesota,Rock,219,1,0,43.67482683,-96.25296832,27133.0,2351.046698872786,0.45662100456620996,218,211,1,0,210,199,9414,8,0,0,8,12
2020-10-10,US,Minnesota,Roseau,154,0,0,48.77501878,-95.81079919,27135.0,1015.4962083745468,0.0,154,151,0,0,151,146,15150,3,0,0,3,5
2020-10-10,US,Minnesota,Scott,2889,34,0,44.6490231,-93.53340251,27139.0,1938.7570211994928,1.176877812391831,2855,2853,34,0,2819,2822,147381,36,0,0,36,31
2020-10-10,US,Minnesota,Sherburne,1330,16,0,45.44447208,-93.77617511,27141.0,1367.7780291655529,1.2030075187969924,1314,1313,16,0,1297,1300,96036,17,0,0,17,13
2020-10-10,US,Minnesota,Sibley,221,3,0,44.5796592,-94.23164924,27143.0,1486.7137571476624,1.3574660633484164,218,217,3,0,214,215,15028,4,0,0,4,2
2020-10-10,US,Minnesota,St. Louis,2157,55,0,47.604840700000004,-92.46879855,27137.0,1083.5384538102176,2.5498377375985166,2102,2121,53,0,2068,2081,199754,36,2,0,34,40
2020-10-10,US,Minnesota,Stearns,4634,30,0,45.55192576,-94.61078221,27145.0,2876.920689119975,0.6473888649115235,4604,4570,29,0,4541,4508,159256,64,1,0,63,62
2020-10-10,US,Minnesota,Steele,635,2,0,44.02240351,-93.22627088,27147.0,1732.6530055390326,0.31496062992125984,633,619,2,0,617,614,36803,16,0,0,16,5
2020-10-10,US,Minnesota,Stevens,142,1,0,45.58613007,-96.00163705,27149.0,1448.2406935237125,0.7042253521126759,141,138,1,0,137,130,9753,4,0,0,4,8
2020-10-10,US,Minnesota,Swift,166,1,0,45.2829032,-95.68264092,27151.0,1791.4957910641053,0.6024096385542169,165,163,1,0,162,160,9345,3,0,0,3,3
2020-10-10,US,Minnesota,Todd,577,2,0,46.06996226,-94.89785296,27153.0,2339.442101848849,0.3466204506065858,575,569,2,0,567,559,24582,8,0,0,8,10
2020-10-10,US,Minnesota,Traverse,43,0,0,45.77298854,-96.47062949,27155.0,1319.4231359312673,0.0,43,43,0,0,43,45,3308,0,0,0,0,-2
2020-10-10,US,Minnesota,Unassigned,183,53,0,0.0,0.0,90027.0,0.0,28.961748633879786,130,193,53,0,140,176,,-10,0,0,-10,17
2020-10-10,US,Minnesota,Wabasha,264,0,0,44.28424356,-92.23121312,27157.0,1220.696351782494,0.0,264,261,0,0,261,248,21645,3,0,0,3,13
2020-10-10,US,Minnesota,Wadena,113,0,0,46.58589171,-94.96968506,27159.0,825.9026458120156,0.0,113,111,0,0,111,105,13773,2,0,0,2,6
2020-10-10,US,Minnesota,Waseca,852,9,0,44.02211116,-93.58720034,27161.0,4577.691811734365,1.056338028169014,843,844,9,0,835,840,18691,8,0,0,8,4
2020-10-10,US,Minnesota,Washington,4447,62,0,45.03864533,-92.88429635,27163.0,1694.4825483920133,1.3941983359568249,4385,4368,61,0,4307,4315,259201,79,1,0,78,53
2020-10-10,US,Minnesota,Watonwan,550,4,0,43.97823903,-94.61413846,27165.0,5047.26071395797,0.7272727272727273,546,550,4,0,546,548,10980,0,0,0,0,2
2020-10-10,US,Minnesota,Wilkin,96,3,0,46.35721532,-96.4684375,27167.0,1546.6408893185114,3.125,93,91,3,0,88,88,6254,5,0,0,5,3
2020-10-10,US,Minnesota,Winona,1063,18,0,43.98772283,-91.78081305,27169.0,2105.6176214246093,1.6933207902163687,1045,1051,18,0,1033,1037,50825,12,0,0,12,14
2020-10-10,US,Minnesota,Wright,1986,10,0,45.17297924,-93.96234781,27171.0,1435.2096085332098,0.5035246727089627,1976,1950,10,0,1940,1915,136349,36,0,0,36,35
2020-10-10,US,Minnesota,Yellow Medicine,238,3,0,44.71710183,-95.86842453,27173.0,2451.3338139870225,1.2605042016806722,235,232,3,0,229,229,9795,6,0,0,6,3
2020-10-10,US,Mississippi,Adams,991,40,0,31.47669768,-91.35326037,28001.0,3228.7492262079304,4.036326942482342,951,987,40,0,947,984,31192,4,0,0,4,3
2020-10-10,US,Mississippi,Alcorn,895,12,0,34.88084463,-88.57996173,28003.0,2421.9955078072144,1.340782122905028,883,884,11,0,873,873,36925,11,1,0,10,11
2020-10-10,US,Mississippi,Amite,375,10,0,31.17467303,-90.80501621,28005.0,3049.524274213223,2.6666666666666665,365,368,10,0,358,364,12326,7,0,0,7,4
2020-10-10,US,Mississippi,Attala,703,25,0,33.08658803,-89.57838564,28007.0,3868.163310223396,3.5561877667140824,678,700,25,0,675,697,18365,3,0,0,3,3
2020-10-10,US,Mississippi,Benton,275,4,0,34.81681228,-89.18945516,28009.0,3329.700932316261,1.4545454545454546,271,270,4,0,266,258,8271,5,0,0,5,12
2020-10-10,US,Mississippi,Bolivar,1942,75,0,33.79696941,-90.87372121,28011.0,6340.603369465848,3.861997940267765,1867,1933,75,0,1858,1928,31333,9,0,0,9,5
2020-10-10,US,Mississippi,Calhoun,571,12,0,33.93683395,-89.33686647,28013.0,3976.0462363345173,2.1015761821366024,559,563,12,0,551,556,14436,8,0,0,8,7
2020-10-10,US,Mississippi,Carroll,343,12,0,33.44834567,-89.91994479,28015.0,3448.2758620689656,3.498542274052478,331,341,12,0,329,337,9911,2,0,0,2,4
2020-10-10,US,Mississippi,Chickasaw,773,24,0,33.91983202,-88.9481545,28017.0,4519.674910834357,3.104786545924968,749,764,24,0,740,745,17171,9,0,0,9,19
2020-10-10,US,Mississippi,Choctaw,196,6,0,33.34598242,-89.24809382,28019.0,2387.332521315469,3.0612244897959178,190,195,6,0,189,194,8278,1,0,0,1,1
2020-10-10,US,Mississippi,Claiborne,518,16,0,31.97061673,-90.90702196,28021.0,5763.23987538941,3.088803088803089,502,513,16,0,497,509,9002,5,0,0,5,4
2020-10-10,US,Mississippi,Clarke,657,48,0,32.04158545,-88.68896219999998,28023.0,4227.527186152757,7.305936073059359,609,647,48,0,599,634,15604,10,0,0,10,13
2020-10-10,US,Mississippi,Clay,631,20,0,33.65358105,-88.77784255,28025.0,3266.72188858977,3.169572107765452,611,628,20,0,608,626,19386,3,0,0,3,2
2020-10-10,US,Mississippi,Coahoma,1207,34,0,34.22772299,-90.60415045,28027.0,5455.6138130536965,2.8169014084507036,1173,1205,34,0,1171,1202,22628,2,0,0,2,3
2020-10-10,US,Mississippi,Copiah,1281,35,0,31.86977774,-90.44565118,28029.0,4564.404061998931,2.7322404371584703,1246,1276,35,0,1241,1260,28543,5,0,0,5,16
2020-10-10,US,Mississippi,Covington,877,25,0,31.63225413,-89.55389939,28031.0,4705.945481863061,2.8506271379703536,852,863,25,0,838,858,18853,14,0,0,14,5
2020-10-10,US,Mississippi,DeSoto,6123,75,0,34.87625235,-89.99091418,28033.0,3310.7139960528807,1.2248897599216069,6048,6076,74,0,6002,6019,182001,47,1,0,46,57
2020-10-10,US,Mississippi,Forrest,2813,76,0,31.18961454,-89.25832496,28035.0,3755.824665874467,2.70174191254888,2737,2771,76,0,2695,2750,75036,42,0,0,42,21
2020-10-10,US,Mississippi,Franklin,211,3,0,31.47786634,-90.89672989,28037.0,2735.6411253727474,1.4218009478672986,208,209,3,0,206,207,7788,2,0,0,2,2
2020-10-10,US,Mississippi,George,867,16,0,30.86259065,-88.64436789,28039.0,3538.775510204081,1.8454440599769317,851,860,15,0,845,856,24250,7,1,0,6,4
2020-10-10,US,Mississippi,Greene,426,17,0,31.21444233,-88.63922281,28041.0,3135.58074488444,3.9906103286384975,409,424,17,0,407,423,13586,2,0,0,2,1
2020-10-10,US,Mississippi,Grenada,1158,36,0,33.77036166,-89.80245083,28043.0,5578.572116774257,3.1088082901554404,1122,1150,36,0,1114,1138,21055,8,0,0,8,12
2020-10-10,US,Mississippi,Hancock,687,26,0,30.41830223,-89.48851033,28045.0,1442.3076923076926,3.7845705967976713,661,672,25,0,647,663,47334,15,1,0,14,9
2020-10-10,US,Mississippi,Harrison,4370,79,0,30.51359752,-89.12467576,28047.0,2100.153787004998,1.807780320366133,4291,4300,79,0,4221,4257,206650,70,0,0,70,43
2020-10-10,US,Mississippi,Hinds,7465,167,0,32.2656285,-90.44435448,28049.0,3219.8930296756384,2.2371064969859344,7298,7418,166,0,7252,7379,237085,47,1,0,46,39
2020-10-10,US,Mississippi,Holmes,1116,60,0,33.12345854,-90.08923538,28051.0,6560.846560846561,5.376344086021504,1056,1113,60,0,1053,1113,17622,3,0,0,3,0
2020-10-10,US,Mississippi,Humphreys,384,16,0,33.12825718,-90.52252707,28053.0,4761.904761904762,4.166666666666667,368,383,16,0,367,382,8257,1,0,0,1,1
2020-10-10,US,Mississippi,Issaquena,106,3,0,32.72531359,-90.97392828,28055.0,7987.942727957799,2.830188679245283,103,106,3,0,103,106,1308,0,0,0,0,0
2020-10-10,US,Mississippi,Itawamba,998,24,0,34.27993475,-88.3606733,28057.0,4266.780675502351,2.404809619238477,974,982,24,0,958,958,23517,16,0,0,16,24
2020-10-10,US,Mississippi,Jackson,4002,74,0,30.54020656,-88.64184064,28059.0,2786.578190604177,1.8490754622688657,3928,3956,74,0,3882,3917,143277,46,0,0,46,39
2020-10-10,US,Mississippi,Jasper,632,16,0,32.01922104,-89.11786866,28061.0,3857.657327717756,2.5316455696202533,616,621,16,0,605,615,16428,11,0,0,11,6
2020-10-10,US,Mississippi,Jefferson,252,10,0,31.73397872,-91.03764977,28063.0,3605.150214592275,3.968253968253968,242,252,10,0,242,248,7106,0,0,0,0,4
2020-10-10,US,Mississippi,Jefferson Davis,376,11,0,31.56884708,-89.82670990000004,28065.0,3378.8641265276783,2.9255319148936163,365,368,11,0,357,364,11234,8,0,0,8,4
2020-10-10,US,Mississippi,Jones,2679,81,0,31.62257767,-89.16896899999998,28067.0,3934.036241886693,3.023516237402016,2598,2656,81,0,2575,2636,68461,23,0,0,23,20
2020-10-10,US,Mississippi,Kemper,306,15,0,32.75462946,-88.64105766,28069.0,3141.038801067543,4.901960784313727,291,303,15,0,288,299,10027,3,0,0,3,4
2020-10-10,US,Mississippi,Lafayette,2341,41,0,34.35687874,-89.48490961,28071.0,4333.660378755623,1.7513882956001707,2300,2324,41,0,2283,2309,54793,17,0,0,17,15
2020-10-10,US,Mississippi,Lamar,1982,37,0,31.20572971,-89.5077704,28073.0,3128.9961005951727,1.8668012108980827,1945,1962,37,0,1925,1944,62447,20,0,0,20,18
2020-10-10,US,Mississippi,Lauderdale,2223,128,0,32.40419769,-88.66229662,28075.0,2998.9881956155145,5.7579847053531275,2095,2199,128,0,2071,2157,75317,24,0,0,24,42
2020-10-10,US,Mississippi,Lawrence,465,14,0,31.55147224,-90.10841127,28077.0,3694.5812807881775,3.010752688172043,451,463,14,0,449,459,12455,2,0,0,2,4
2020-10-10,US,Mississippi,Leake,1053,39,0,32.7536828,-89.52402044,28079.0,4621.258667602914,3.703703703703704,1014,1021,39,0,982,996,22763,32,0,0,32,25
2020-10-10,US,Mississippi,Lee,3181,76,0,34.291877500000005,-88.68149954,28081.0,3723.2548340278095,2.3891857906318767,3105,3139,75,0,3064,3100,85202,42,1,0,41,39
2020-10-10,US,Mississippi,Leflore,1513,82,0,33.55545125,-90.29900733,28083.0,5368.484547422206,5.419695968274951,1431,1502,82,0,1420,1487,28919,11,0,0,11,15
2020-10-10,US,Mississippi,Lincoln,1236,53,0,31.53288662,-90.45391915,28085.0,3619.008579041373,4.2880258899676384,1183,1209,53,0,1156,1182,34205,27,0,0,27,27
2020-10-10,US,Mississippi,Lowndes,1687,59,0,33.47386518,-88.44191529999998,28087.0,2879.0852461814147,3.4973325429756965,1628,1681,59,0,1622,1679,58930,6,0,0,6,2
2020-10-10,US,Mississippi,Madison,3501,92,0,32.63389156,-90.03513564,28089.0,3294.3766937669375,2.6278206226792347,3409,3481,91,0,3390,3463,105630,20,1,0,19,18
2020-10-10,US,Mississippi,Marion,906,41,0,31.23132643,-89.8209217,28091.0,3686.973507508241,4.525386313465783,865,903,41,0,862,895,24715,3,0,0,3,8
2020-10-10,US,Mississippi,Marshall,1180,22,0,34.76216286,-89.50299462,28093.0,3343.344477814926,1.8644067796610169,1158,1164,22,0,1142,1154,35451,16,0,0,16,10
2020-10-10,US,Mississippi,Monroe,1347,71,0,33.89236763,-88.4808438,28095.0,3821.059798025644,5.270972531551597,1276,1332,71,0,1261,1320,35564,15,0,0,15,12
2020-10-10,US,Mississippi,Montgomery,511,22,0,33.49419589,-89.61729103,28097.0,5227.621483375959,4.305283757338552,489,506,21,0,485,499,10023,5,1,0,4,7
2020-10-10,US,Mississippi,Neshoba,1712,109,0,32.75339664,-89.11726492,28099.0,5879.524692629989,6.366822429906543,1603,1676,109,0,1567,1665,29125,36,0,0,36,11
2020-10-10,US,Mississippi,Newton,819,27,0,32.40021118,-89.11843336,28101.0,3896.660005709392,3.2967032967032965,792,811,27,0,784,805,21443,8,0,0,8,6
2020-10-10,US,Mississippi,Noxubee,581,16,0,33.11009499,-88.56949061,28103.0,5577.421522511279,2.753872633390705,565,579,16,0,563,576,10535,2,0,0,2,3
2020-10-10,US,Mississippi,Oktibbeha,1899,54,0,33.42491685,-88.87905132,28105.0,3829.63276665255,2.8436018957345968,1845,1891,54,0,1837,1885,49599,8,0,0,8,6
2020-10-10,US,Mississippi,Panola,1599,35,0,34.36398677,-89.95064249,28107.0,4676.532522227421,2.1888680425265794,1564,1594,33,0,1561,1575,34178,5,2,0,3,19
2020-10-10,US,Mississippi,Pearl River,1001,54,0,30.77090935,-89.58677275,28109.0,1802.4669127577206,5.394605394605395,947,990,54,0,936,982,55387,11,0,0,11,8
2020-10-10,US,Mississippi,Perry,458,21,0,31.17161885,-88.99281835,28111.0,3825.2735321139226,4.585152838427947,437,455,21,0,434,453,11931,3,0,0,3,2
2020-10-10,US,Mississippi,Pike,1297,55,0,31.17507789,-90.40392572,28113.0,3301.2624720016292,4.240555127216654,1242,1293,55,0,1238,1283,39563,4,0,0,4,10
2020-10-10,US,Mississippi,Pontotoc,1397,18,0,34.226046000000004,-89.03636807,28115.0,4342.015291850563,1.2884753042233357,1379,1378,18,0,1360,1363,31833,19,0,0,19,15
2020-10-10,US,Mississippi,Prentiss,945,19,0,34.61810501,-88.51986294,28117.0,3761.044336543819,2.0105820105820107,926,936,19,0,917,923,25315,9,0,0,9,13
2020-10-10,US,Mississippi,Quitman,405,6,0,34.25157572,-90.28908,28119.0,5962.897526501768,1.4814814814814814,399,405,6,0,399,405,7051,0,0,0,0,0
2020-10-10,US,Mississippi,Rankin,3592,83,0,32.26469147,-89.94537876,28121.0,2313.374680397499,2.3106904231625838,3509,3563,83,0,3480,3529,153902,29,0,0,29,34
2020-10-10,US,Mississippi,Scott,1198,29,0,32.406704100000006,-89.53789439,28123.0,4259.707011804864,2.4207011686143574,1169,1193,28,0,1165,1193,28287,5,1,0,4,0
2020-10-10,US,Mississippi,Sharkey,271,14,0,32.88149103,-90.81595379999999,28125.0,6271.696366581809,5.166051660516605,257,270,14,0,256,268,4377,1,0,0,1,2
2020-10-10,US,Mississippi,Simpson,1143,48,0,31.91282117,-89.91716179,28127.0,4287.6434841323435,4.199475065616799,1095,1130,48,0,1082,1124,26758,13,0,0,13,6
2020-10-10,US,Mississippi,Smith,567,15,0,32.01744532,-89.50644846,28129.0,3562.452877607439,2.6455026455026456,552,564,15,0,549,562,16002,3,0,0,3,2
2020-10-10,US,Mississippi,Stone,419,14,0,30.79187949,-89.11547539,28131.0,2285.122164048865,3.3412887828162283,405,416,13,0,403,411,18717,3,1,0,2,5
2020-10-10,US,Mississippi,Sunflower,1536,49,0,33.60192578,-90.58882684,28133.0,6117.084826762246,3.1901041666666665,1487,1527,49,0,1478,1522,25735,9,0,0,9,5
2020-10-10,US,Mississippi,Tallahatchie,798,24,0,33.95339918,-90.1729398,28135.0,5778.839887030198,3.0075187969924815,774,797,24,0,773,793,13987,1,0,0,1,4
2020-10-10,US,Mississippi,Tate,1079,38,0,34.65133709,-89.94485778,28137.0,3809.8937184421447,3.5217794253938832,1041,1077,38,0,1039,1067,28759,2,0,0,2,10
2020-10-10,US,Mississippi,Tippah,782,19,0,34.76872156,-88.90988194,28139.0,3552.123552123552,2.429667519181585,763,764,18,0,746,759,21995,18,1,0,17,5
2020-10-10,US,Mississippi,Tishomingo,752,39,0,34.74023475,-88.23917219,28141.0,3879.68838673064,5.1861702127659575,713,742,39,0,703,732,19454,10,0,0,10,10
2020-10-10,US,Mississippi,Tunica,512,17,0,34.64967704,-90.37481167,28143.0,5315.614617940199,3.3203125,495,512,17,0,495,511,9944,0,0,0,0,1
2020-10-10,US,Mississippi,Union,1087,24,0,34.49162015,-89.00776006,28145.0,3772.3407947249693,2.2079116835326587,1063,1073,24,0,1049,1068,28606,14,0,0,14,5
2020-10-10,US,Mississippi,Walthall,617,27,0,31.14971548,-90.10446654,28147.0,4318.9136217275645,4.376012965964343,590,616,27,0,589,612,14465,1,0,0,1,4
2020-10-10,US,Mississippi,Warren,1467,53,0,32.35810271,-90.83352619,28149.0,3232.630395980697,3.6128152692569873,1414,1459,53,0,1406,1452,46176,8,0,0,8,7
2020-10-10,US,Mississippi,Washington,2389,88,0,33.28392041,-90.94196237,28151.0,5440.798014074563,3.6835496023440766,2301,2366,86,0,2280,2360,45063,23,2,0,21,6
2020-10-10,US,Mississippi,Wayne,952,21,0,31.64135687,-88.69573913,28153.0,4716.840905712728,2.2058823529411766,931,950,21,0,929,946,20298,2,0,0,2,4
2020-10-10,US,Mississippi,Webster,359,13,0,33.61300486,-89.28392912,28155.0,3705.2327381566715,3.62116991643454,346,355,13,0,342,355,9788,4,0,0,4,0
2020-10-10,US,Mississippi,Wilkinson,316,19,0,31.16078225,-91.31018819,28157.0,3661.6454229432215,6.012658227848102,297,315,19,0,296,313,8792,1,0,0,1,2
2020-10-10,US,Mississippi,Winston,790,21,0,33.08747908,-89.03391385,28159.0,4399.888610414926,2.6582278481012658,769,780,20,0,760,776,18165,10,1,0,9,4
2020-10-10,US,Mississippi,Yalobusha,466,14,0,34.02824175,-89.70762049999998,28161.0,3848.6950776346216,3.004291845493562,452,463,14,0,449,461,12392,3,0,0,3,2
2020-10-10,US,Mississippi,Yazoo,1101,33,0,32.77890365,-90.39656148,28163.0,3708.319299427417,2.9972752043596733,1068,1098,33,0,1065,1091,28248,3,0,0,3,7
2020-10-10,US,Missouri,Adair,406,0,0,40.19058551,-92.60078167,29001.0,1602.0202817346012,0.0,406,393,0,0,393,386,25339,13,0,0,13,7
2020-10-10,US,Missouri,Andrew,342,3,0,39.98492163,-94.80163024,29003.0,1930.8943089430893,0.8771929824561403,339,320,3,0,317,315,17607,22,0,0,22,5
2020-10-10,US,Missouri,Atchison,68,0,0,40.43238737,-95.42970639,29005.0,1322.1854948473656,0.0,68,65,0,0,65,64,5171,3,0,0,3,1
2020-10-10,US,Missouri,Audrain,483,5,0,39.215877,-91.84242683,29007.0,1902.473609579329,1.0351966873706004,478,474,5,0,469,470,25473,9,0,0,9,4
2020-10-10,US,Missouri,Barry,584,8,0,36.70978521,-93.82919888,29009.0,1631.7863030540113,1.3698630136986298,576,567,7,0,560,550,35886,17,1,0,16,17
2020-10-10,US,Missouri,Barton,318,2,0,37.50207671,-94.34757022,29011.0,2705.461970393057,0.6289308176100629,316,293,2,0,291,280,11798,25,0,0,25,13
2020-10-10,US,Missouri,Bates,186,3,0,38.25271289,-94.34113157,29013.0,1150.1360375958448,1.6129032258064515,183,171,3,0,168,168,16320,15,0,0,15,3
2020-10-10,US,Missouri,Benton,421,5,0,38.29503305,-93.28756116,29015.0,2165.303708275472,1.187648456057007,416,411,5,0,406,403,19278,10,0,0,10,8
2020-10-10,US,Missouri,Bollinger,392,2,0,37.32449052,-90.02725304,29017.0,3230.857990604137,0.5102040816326531,390,383,2,0,381,371,12169,9,0,0,9,12
2020-10-10,US,Missouri,Boone,5244,14,0,38.99186229,-92.30723575,29019.0,2905.858818705219,0.2669717772692601,5230,4948,14,0,4934,4884,180005,296,0,0,296,64
2020-10-10,US,Missouri,Buchanan,2458,32,0,39.65816401,-94.80138942,29021.0,2813.515864658212,1.301871440195281,2426,2371,30,0,2341,2337,88571,87,2,0,85,34
2020-10-10,US,Missouri,Butler,834,8,0,36.71462476,-90.40421163,29023.0,1963.3692735062855,0.9592326139088728,826,786,8,0,778,771,42639,48,0,0,48,15
2020-10-10,US,Missouri,Caldwell,130,1,0,39.65620858,-93.98308093,29025.0,1441.2416851441242,0.7692307692307693,129,128,1,0,127,125,9108,2,0,0,2,3
2020-10-10,US,Missouri,Callaway,858,4,0,38.83674754,-91.92186505,29027.0,1917.6183984086892,0.4662004662004662,854,812,4,0,808,774,44889,46,0,0,46,38
2020-10-10,US,Missouri,Camden,1302,21,0,38.02199522,-92.76083747,29029.0,2811.7913832199547,1.6129032258064515,1281,1226,20,0,1206,1192,45815,76,1,0,75,34
2020-10-10,US,Missouri,Cape Girardeau,2241,27,0,37.38489388,-89.6843587,29031.0,2841.3485311457953,1.2048192771084338,2214,2101,27,0,2074,2060,78753,140,0,0,140,41
2020-10-10,US,Missouri,Carroll,155,2,0,39.42762566,-93.50626255,29033.0,1785.9200368706072,1.2903225806451613,153,145,2,0,143,142,8743,10,0,0,10,3
2020-10-10,US,Missouri,Carter,137,3,0,36.94160441,-90.96051322,29035.0,2290.2039451688397,2.18978102189781,134,113,3,0,110,112,6054,24,0,0,24,1
2020-10-10,US,Missouri,Cass,1733,29,0,38.64789422,-94.353399,29037.0,1638.3059179429004,1.6733987305251008,1704,1648,29,0,1619,1626,104954,85,0,0,85,22
2020-10-10,US,Missouri,Cedar,180,2,0,37.72391475,-93.85445441,29039.0,1254.4428183148652,1.1111111111111112,178,165,1,0,164,159,14165,15,1,0,14,6
2020-10-10,US,Missouri,Chariton,54,1,0,39.51499357,-92.9629191,29041.0,727.1747912739024,1.851851851851852,53,53,1,0,52,53,7451,1,0,0,1,0
2020-10-10,US,Missouri,Christian,1848,8,0,36.9711783,-93.18537118,29043.0,2085.8964952875444,0.4329004329004329,1840,1786,8,0,1778,1756,86983,62,0,0,62,30
2020-10-10,US,Missouri,Clark,85,0,0,40.41040752,-91.73661677,29045.0,1250.5517139914666,0.0,85,82,0,0,82,79,6842,3,0,0,3,3
2020-10-10,US,Missouri,Clay,1985,44,0,39.31132056,-94.41850862,29047.0,794.1651863587626,2.216624685138539,1941,1912,44,0,1868,1901,246365,73,0,0,73,11
2020-10-10,US,Missouri,Clinton,333,0,0,39.6013098,-94.40465394,29049.0,1633.3938294010889,0.0,333,302,0,0,302,293,20470,31,0,0,31,9
2020-10-10,US,Missouri,Cole,2095,16,0,38.50455671,-92.27860244,29051.0,2729.819532217083,0.7637231503579952,2079,1999,16,0,1983,1913,76796,96,0,0,96,86
2020-10-10,US,Missouri,Cooper,515,3,0,38.844478,-92.80896081,29053.0,2908.1258117341467,0.5825242718446602,512,497,2,0,495,491,17603,18,1,0,17,6
2020-10-10,US,Missouri,Crawford,481,7,0,37.97663738,-91.30528104,29055.0,2010.8695652173913,1.4553014553014554,474,451,7,0,444,443,23957,30,0,0,30,8
2020-10-10,US,Missouri,Dade,107,0,0,37.431814,-93.8503345,29057.0,1415.156725300886,0.0,107,90,0,0,90,88,7569,17,0,0,17,2
2020-10-10,US,Missouri,Dallas,242,1,0,37.681135499999996,-93.02127031,29059.0,1433.819172887783,0.4132231404958678,241,236,1,0,235,232,16762,6,0,0,6,4
2020-10-10,US,Missouri,Daviess,172,1,0,39.96145298,-93.98519678,29061.0,2077.796569219618,0.5813953488372093,171,165,1,0,164,159,8313,7,0,0,7,6
2020-10-10,US,Missouri,DeKalb,189,2,0,39.89201062,-94.40476508,29063.0,1506.3361759783215,1.058201058201058,187,178,2,0,176,173,12630,11,0,0,11,5
2020-10-10,US,Missouri,Dent,197,2,0,37.60663134,-91.50790473,29065.0,1265.0099531239964,1.0152284263959392,195,162,2,0,160,157,15441,35,0,0,35,5
2020-10-10,US,Missouri,Douglas,248,3,0,36.9325593,-92.49905109,29067.0,1880.9252938945767,1.2096774193548387,245,242,3,0,239,236,13373,6,0,0,6,6
2020-10-10,US,Missouri,Dunklin,948,11,0,36.27167174,-90.09122243,29069.0,3254.2652157495454,1.1603375527426159,937,923,11,0,912,912,29423,25,0,0,25,11
2020-10-10,US,Missouri,Franklin,2073,33,0,38.41127108,-91.07522826,29071.0,1993.9019111833566,1.5918958031837915,2040,2021,33,0,1988,1999,103670,52,0,0,52,22
2020-10-10,US,Missouri,Gasconade,186,24,0,38.43947277,-91.50847147,29073.0,1264.7898816809466,12.903225806451614,162,177,24,0,153,172,14705,9,0,0,9,5
2020-10-10,US,Missouri,Gentry,148,10,0,40.21097916,-94.40944419,29075.0,2252.3208035306648,6.756756756756758,138,153,10,0,143,147,6628,-5,0,0,-5,6
2020-10-10,US,Missouri,Greene,7728,96,0,37.2575872,-93.34230916,29077.0,2636.7687299973386,1.2422360248447204,7632,7350,93,0,7257,7253,291923,378,3,0,375,97
2020-10-10,US,Missouri,Grundy,230,7,0,40.11406587,-93.56509276,29079.0,2335.02538071066,3.0434782608695654,223,226,7,0,219,224,9914,4,0,0,4,2
2020-10-10,US,Missouri,Harrison,145,1,0,40.35570088,-93.99222144,29081.0,1736.111111111111,0.6896551724137931,144,147,1,0,146,144,8414,-2,0,0,-2,3
2020-10-10,US,Missouri,Henry,289,5,0,38.38482826,-93.79293734,29083.0,1324.2302052785926,1.7301038062283738,284,271,5,0,266,267,21792,18,0,0,18,4
2020-10-10,US,Missouri,Hickory,150,3,0,37.94163617,-93.3203037,29085.0,1571.6680637049453,2.0,147,141,3,0,138,135,9509,9,0,0,9,6
2020-10-10,US,Missouri,Holt,95,1,0,40.09799248,-95.21638879999999,29087.0,2157.619804678628,1.0526315789473684,94,90,1,0,89,88,4404,5,0,0,5,2
2020-10-10,US,Missouri,Howard,200,2,0,39.1435761,-92.69756691,29089.0,1999.800019998,1.0,198,196,2,0,194,196,10137,4,0,0,4,0
2020-10-10,US,Missouri,Howell,881,4,0,36.77383887,-91.88683935,29091.0,2196.0764763068028,0.4540295119182747,877,834,4,0,830,816,40076,47,0,0,47,18
2020-10-10,US,Missouri,Iron,73,0,0,37.55487945,-90.7735296,29093.0,720.9876543209875,0.0,73,69,0,0,69,68,10177,4,0,0,4,1
2020-10-10,US,Missouri,Jackson,8319,116,0,39.01002188,-94.34724536,29095.0,1183.338525286233,1.3943983651881235,8203,8069,113,0,7956,7973,700307,250,3,0,247,96
2020-10-10,US,Missouri,Jasper,4646,59,0,37.20351921,-94.34050458,29097.0,3829.289199525254,1.2699095996556178,4587,4495,59,0,4436,4433,120636,151,0,0,151,62
2020-10-10,US,Missouri,Jefferson,4846,69,0,38.25926778,-90.53870896,29099.0,2153.0026968069274,1.4238547255468428,4777,4706,68,0,4638,4642,224347,140,1,0,139,64
2020-10-10,US,Missouri,Johnson,1272,10,0,38.74719601,-93.80691168,29101.0,2352.854130442825,0.7861635220125787,1262,1051,10,0,1041,1044,53652,221,0,0,221,7
2020-10-10,US,Missouri,Kansas City,13077,168,0,39.0997,-94.5786,0.0,2674.544885600162,1.2846983253039688,12909,12743,166,0,12577,12623,491918,334,2,0,332,120
2020-10-10,US,Missouri,Knox,55,1,0,40.12699751,-92.14780832,29103.0,1389.2397069967167,1.818181818181818,54,55,1,0,54,55,3947,0,0,0,0,0
2020-10-10,US,Missouri,Laclede,920,12,0,37.65896829,-92.5888493,29105.0,2575.3716093273238,1.3043478260869563,908,877,12,0,865,845,35713,43,0,0,43,32
2020-10-10,US,Missouri,Lafayette,673,19,0,39.06986886,-93.78076396,29107.0,2057.600587012352,2.823179791976226,654,631,19,0,612,619,32598,42,0,0,42,12
2020-10-10,US,Missouri,Lawrence,823,13,0,37.10626634,-93.83293097,29109.0,2145.743710076913,1.5795868772782502,810,791,13,0,778,772,38359,32,0,0,32,19
2020-10-10,US,Missouri,Lewis,150,2,0,40.09673161,-91.72070156,29111.0,1534.3698854337151,1.3333333333333333,148,143,2,0,141,138,9855,7,0,0,7,5
2020-10-10,US,Missouri,Lincoln,948,3,0,39.05345619,-90.95588181,29113.0,1606.4257028112452,0.3164556962025317,945,938,3,0,935,915,57686,10,0,0,10,23
2020-10-10,US,Missouri,Linn,144,1,0,39.87001769,-93.10704106,29115.0,1208.0536912751675,0.6944444444444444,143,141,1,0,140,128,12037,3,0,0,3,13
2020-10-10,US,Missouri,Livingston,518,5,0,39.78110272,-93.54645978,29117.0,3401.8519734681813,0.9652509652509652,513,489,3,0,486,479,15146,29,2,0,27,10
2020-10-10,US,Missouri,Macon,182,0,0,39.83049768,-92.56453089,29121.0,1203.9425811999733,0.0,182,180,0,0,180,174,15153,2,0,0,2,6
2020-10-10,US,Missouri,Madison,367,1,0,37.47865134,-90.34671429999999,29123.0,3036.068828590337,0.2724795640326976,366,330,1,0,329,326,12188,37,0,0,37,4
2020-10-10,US,Missouri,Maries,109,0,0,38.16193985,-91.92249662,29125.0,1253.3057376106706,0.0,109,106,0,0,106,96,8769,3,0,0,3,10
2020-10-10,US,Missouri,Marion,765,14,0,39.80601912,-91.62203062,29127.0,2681.388012618297,1.830065359477124,751,742,14,0,728,734,28592,23,0,0,23,8
2020-10-10,US,Missouri,McDonald,1138,12,0,36.62869595,-94.34867205,29119.0,4983.141393352892,1.054481546572935,1126,1125,12,0,1113,1125,23078,13,0,0,13,0
2020-10-10,US,Missouri,Mercer,32,0,0,40.42212303,-93.56829590000001,29129.0,884.711086535803,0.0,32,31,0,0,31,31,3641,1,0,0,1,0
2020-10-10,US,Missouri,Miller,633,3,0,38.21450288,-92.42610898,29131.0,2470.822436472931,0.4739336492890995,630,607,2,0,605,593,25336,26,1,0,25,14
2020-10-10,US,Missouri,Mississippi,344,4,0,36.82516239,-89.29505753,29133.0,2610.0151745068288,1.162790697674419,340,335,4,0,331,329,13336,9,0,0,9,6
2020-10-10,US,Missouri,Moniteau,399,5,0,38.63571781,-92.57976951,29135.0,2473.344904537565,1.2531328320802004,394,373,5,0,368,370,16121,26,0,0,26,3
2020-10-10,US,Missouri,Monroe,100,1,0,39.49593978,-92.00043978,29137.0,1156.871818602499,1.0,99,97,1,0,96,95,8664,3,0,0,3,2
2020-10-10,US,Missouri,Montgomery,90,1,0,38.94022054,-91.47000721,29139.0,779.1533200588693,1.1111111111111112,89,94,1,0,93,90,11534,-4,0,0,-4,4
2020-10-10,US,Missouri,Morgan,497,5,0,38.4181765,-92.88791859,29141.0,2409.4633247685074,1.0060362173038229,492,473,5,0,468,457,20358,24,0,0,24,16
2020-10-10,US,Missouri,New Madrid,653,17,0,36.59666326,-89.66070007,29143.0,3824.080580932303,2.603369065849924,636,624,16,0,608,609,17296,29,1,0,28,15
2020-10-10,US,Missouri,Newton,1521,14,0,36.90519407,-94.3394104,29145.0,2611.786523799712,0.920447074293228,1507,1484,14,0,1470,1476,58266,37,0,0,37,8
2020-10-10,US,Missouri,Nodaway,895,10,0,40.36079813,-94.88133008,29147.0,4051.240267970306,1.11731843575419,885,875,10,0,865,875,22304,20,0,0,20,0
2020-10-10,US,Missouri,Oregon,173,0,0,36.68710164,-91.4033755,29149.0,1643.081014341343,0.0,173,162,0,0,162,159,10541,11,0,0,11,3
2020-10-10,US,Missouri,Osage,250,3,0,38.46036182,-91.8613635,29151.0,1836.210062431143,1.2,247,230,2,0,228,226,13714,20,1,0,19,4
2020-10-10,US,Missouri,Ozark,158,1,0,36.64916339,-92.44459066,29153.0,1722.2585567909314,0.6329113924050633,157,148,1,0,147,147,9017,10,0,0,10,1
2020-10-10,US,Missouri,Pemiscot,616,11,0,36.2130572,-89.78742322,29155.0,3897.500790888959,1.7857142857142858,605,601,11,0,590,592,16272,15,0,0,15,9
2020-10-10,US,Missouri,Perry,707,8,0,37.70660776,-89.82741088,29157.0,3694.607023411371,1.1315417256011315,699,694,8,0,686,686,19150,13,0,0,13,8
2020-10-10,US,Missouri,Pettis,1301,13,0,38.72798918,-93.28471706,29159.0,3072.817024492785,0.9992313604919292,1288,1260,13,0,1247,1241,42542,41,0,0,41,19
2020-10-10,US,Missouri,Phelps,589,15,0,37.87736118,-91.79351727,29161.0,1321.4277701747694,2.546689303904924,574,551,15,0,536,523,44732,38,0,0,38,28
2020-10-10,US,Missouri,Pike,275,4,0,39.34310674,-91.16980779,29163.0,1502.5680253524204,1.4545454545454546,271,268,4,0,264,264,18504,7,0,0,7,4
2020-10-10,US,Missouri,Platte,802,12,0,39.38154439,-94.77068479,29165.0,768.0668084046813,1.4962593516209477,790,776,12,0,764,758,102985,26,0,0,26,18
2020-10-10,US,Missouri,Polk,792,7,0,37.616229600000004,-93.39828174,29167.0,2463.5291921988237,0.8838383838383839,785,767,7,0,760,751,32201,25,0,0,25,16
2020-10-10,US,Missouri,Pulaski,819,8,0,37.82462075,-92.20783203,29169.0,1556.8270382268522,0.9768009768009768,811,765,8,0,757,743,52014,54,0,0,54,22
2020-10-10,US,Missouri,Putnam,41,1,0,40.47942497,-93.02042674,29171.0,873.083475298126,2.4390243902439024,40,35,1,0,34,34,4757,6,0,0,6,1
2020-10-10,US,Missouri,Ralls,168,0,0,39.52817427,-91.51838643,29173.0,1629.6440003880105,0.0,168,169,0,0,169,160,10212,-1,0,0,-1,9
2020-10-10,US,Missouri,Randolph,414,2,0,39.44007257,-92.49713740000001,29175.0,1672.8624535315985,0.4830917874396135,412,389,2,0,387,386,24763,25,0,0,25,3
2020-10-10,US,Missouri,Ray,208,2,0,39.353746799999996,-93.98905745,29177.0,903.6406290728996,0.9615384615384616,206,194,2,0,192,192,22883,14,0,0,14,2
2020-10-10,US,Missouri,Reynolds,45,0,0,37.36085952,-90.97009925,29179.0,717.7033492822967,0.0,45,41,0,0,41,43,6254,4,0,0,4,-2
2020-10-10,US,Missouri,Ripley,161,1,0,36.65460667,-90.85990261,29181.0,1211.619506321493,0.6211180124223602,160,162,1,0,161,154,13401,-1,0,0,-1,8
2020-10-10,US,Missouri,Saline,852,9,0,39.13734288,-93.20259964,29195.0,3743.245024383815,1.056338028169014,843,842,9,0,833,829,22895,10,0,0,10,13
2020-10-10,US,Missouri,Schuyler,31,0,0,40.46921489,-92.52311943,29197.0,665.2360515021459,0.0,31,30,0,0,30,29,4599,1,0,0,1,1
2020-10-10,US,Missouri,Scotland,45,1,0,40.45214695,-92.14709064,29199.0,917.9926560587517,2.2222222222222223,44,44,1,0,43,44,4966,1,0,0,1,0
2020-10-10,US,Missouri,Scott,1114,17,0,37.05588075,-89.56474493,29201.0,2910.135841170324,1.526032315978456,1097,1026,17,0,1009,1002,38458,88,0,0,88,24
2020-10-10,US,Missouri,Shannon,174,2,0,37.15772072,-91.40190382,29203.0,2130.7861866274798,1.1494252873563218,172,155,2,0,153,154,8189,19,0,0,19,1
2020-10-10,US,Missouri,Shelby,86,1,0,39.79742518,-92.07634971,29205.0,1450.2529510961215,1.162790697674419,85,80,1,0,79,77,6050,6,0,0,6,3
2020-10-10,US,Missouri,St. Charles,8676,127,0,38.77875681,-90.66662425,29183.0,2158.0908507494614,1.4638082065467957,8549,8464,125,0,8339,8354,399182,212,2,0,210,110
2020-10-10,US,Missouri,St. Clair,91,0,0,38.03699437,-93.77631447,29185.0,968.3941683516016,0.0,91,86,0,0,86,82,9395,5,0,0,5,4
2020-10-10,US,Missouri,St. Francois,2467,18,0,37.81214171,-90.47598685,29187.0,3670.311686379529,0.7296311309282529,2449,2356,18,0,2338,2313,66692,111,0,0,111,43
2020-10-10,US,Missouri,St. Louis,26134,839,0,38.63770039999999,-90.4458375,29189.0,2628.6329278166972,3.210377286293717,25295,25937,835,0,25102,25709,996945,197,4,0,193,228
2020-10-10,US,Missouri,St. Louis City,7528,217,0,38.63555736,-90.24349225,29510.0,2504.524646012989,2.8825717321997875,7311,7458,217,0,7241,7413,302838,70,0,0,70,45
2020-10-10,US,Missouri,Ste. Genevieve,249,1,0,37.89090059,-90.1949941,29186.0,1391.5278864423829,0.4016064257028112,248,236,1,0,235,233,17888,13,0,0,13,3
2020-10-10,US,Missouri,Stoddard,665,15,0,36.85571651,-89.9444155,29207.0,2291.1283376399656,2.255639097744361,650,632,15,0,617,622,29206,33,0,0,33,10
2020-10-10,US,Missouri,Stone,570,6,0,36.75000327,-93.45256475,29209.0,1783.9258888332502,1.0526315789473684,564,561,6,0,555,541,31749,9,0,0,9,20
2020-10-10,US,Missouri,Sullivan,247,0,0,40.2099105,-93.11150106,29211.0,4056.4953194284776,0.0,247,236,0,0,236,230,6221,11,0,0,11,6
2020-10-10,US,Missouri,Taney,1480,38,0,36.65465345,-93.04075153,29213.0,2646.259476469747,2.5675675675675675,1442,1450,38,0,1412,1439,55852,30,0,0,30,11
2020-10-10,US,Missouri,Texas,458,2,0,37.31728859,-91.96564727,29215.0,1803.2915977636035,0.4366812227074236,456,419,2,0,417,404,25571,39,0,0,39,15
2020-10-10,US,Missouri,Vernon,255,2,0,37.8457799,-94.34127305,29217.0,1240.0914263482955,0.7843137254901961,253,244,2,0,242,239,20528,11,0,0,11,5
2020-10-10,US,Missouri,Warren,524,1,0,38.76529479,-91.16124662,29219.0,1469.8869533507252,0.19083969465648856,523,508,1,0,507,503,34711,16,0,0,16,5
2020-10-10,US,Missouri,Washington,544,12,0,37.96130078,-90.87948158,29221.0,2199.7573797007685,2.2058823529411766,532,522,11,0,511,508,24943,22,1,0,21,14
2020-10-10,US,Missouri,Wayne,260,1,0,37.11303869,-90.46001416,29223.0,2019.7312203837487,0.38461538461538464,259,247,1,0,246,243,13122,13,0,0,13,4
2020-10-10,US,Missouri,Webster,920,6,0,37.2813734,-92.876329,29225.0,2323.701757930895,0.6521739130434783,914,890,6,0,884,851,39109,30,0,0,30,39
2020-10-10,US,Missouri,Worth,22,0,0,40.47945588,-94.42328751,29227.0,1092.896174863388,0.0,22,22,0,0,22,22,2040,0,0,0,0,0
2020-10-10,US,Missouri,Wright,486,0,0,37.27029221,-92.46914488,29229.0,2657.33501011537,0.0,486,468,0,0,468,457,18378,18,0,0,18,11
2020-10-10,US,Montana,Beaverhead,192,1,0,45.13434354,-112.89846940000001,30001.0,2031.101237702317,0.5208333333333334,191,191,1,0,190,166,9404,1,0,0,1,25
2020-10-10,US,Montana,Big Horn,1024,27,0,45.42335905,-107.492347,30003.0,7688.264884751107,2.63671875,997,1022,27,0,995,992,13338,2,0,0,2,30
2020-10-10,US,Montana,Blaine,112,0,0,48.43175214,-108.9582723,30005.0,1676.3957491393505,0.0,112,112,0,0,112,108,6807,0,0,0,0,4
2020-10-10,US,Montana,Broadwater,22,0,0,46.33277565,-111.49558130000001,30007.0,352.73368606701933,0.0,22,21,0,0,21,20,6085,1,0,0,1,1
2020-10-10,US,Montana,Carbon,157,0,0,45.22850116,-109.0274047,30009.0,1463.8694638694642,0.0,157,148,0,0,148,142,10714,9,0,0,9,6
2020-10-10,US,Montana,Carter,8,0,0,45.5197966,-104.53955359999999,30011.0,638.9776357827476,0.0,8,11,0,0,11,9,1238,-3,0,0,-3,2
2020-10-10,US,Montana,Cascade,1038,6,0,47.30797024,-111.3467922,30013.0,1275.7171300051618,0.5780346820809249,1032,1010,6,0,1004,967,81643,28,0,0,28,43
2020-10-10,US,Montana,Chouteau,47,0,0,47.88084126,-110.4353362,30015.0,834.072759538598,0.0,47,46,0,0,46,41,5745,1,0,0,1,5
2020-10-10,US,Montana,Custer,140,2,0,46.25319932,-105.57375259999998,30017.0,1227.8547623223994,1.4285714285714286,138,129,2,0,127,128,11586,11,0,0,11,1
2020-10-10,US,Montana,Daniels,11,0,0,48.78420029,-105.54763429999998,30019.0,650.887573964497,0.0,11,11,0,0,11,12,1747,0,0,0,0,-1
2020-10-10,US,Montana,Dawson,116,2,0,47.26584855,-104.89444170000002,30021.0,1346.8013468013467,1.7241379310344829,114,108,1,0,107,104,8680,8,1,0,7,4
2020-10-10,US,Montana,Deer Lodge,238,0,0,46.05953325,-113.073353,30023.0,2603.9387308533915,0.0,238,226,0,0,226,210,9131,12,0,0,12,16
2020-10-10,US,Montana,Fallon,24,0,0,46.33478338,-104.41835649999999,30025.0,843.2888264230497,0.0,24,24,0,0,24,24,2920,0,0,0,0,0
2020-10-10,US,Montana,Fergus,113,1,0,47.26331584,-109.2245206,30027.0,1022.6244343891403,0.8849557522123894,112,97,1,0,96,83,11113,16,0,0,16,14
2020-10-10,US,Montana,Flathead,1909,23,0,48.29575866,-114.05205690000001,30029.0,1839.007379149568,1.2048192771084338,1886,1817,23,0,1794,1681,102106,92,0,0,92,136
2020-10-10,US,Montana,Gallatin,1868,4,0,45.54486106,-111.1692571,30031.0,1632.381984375273,0.21413276231263384,1864,1792,4,0,1788,1731,111876,76,0,0,76,61
2020-10-10,US,Montana,Garfield,18,0,0,47.27545948,-107.0002351,30033.0,1430.8426073131955,0.0,18,18,0,0,18,18,1268,0,0,0,0,0
2020-10-10,US,Montana,Glacier,618,1,0,48.70513576,-112.9934235,30035.0,4493.5650403548325,0.16181229773462782,617,604,1,0,603,601,13747,14,0,0,14,3
2020-10-10,US,Montana,Golden Valley,5,0,0,46.3816474,-109.17685220000001,30037.0,609.0133982947625,0.0,5,5,0,0,5,5,826,0,0,0,0,0
2020-10-10,US,Montana,Granite,32,0,0,46.40605220000001,-113.4414186,30039.0,947.0257472625036,0.0,32,32,0,0,32,32,3378,0,0,0,0,0
2020-10-10,US,Montana,Hill,333,5,0,48.62879827,-110.1129252,30041.0,2020.1407425382188,1.5015015015015014,328,313,5,0,308,287,16347,20,0,0,20,26
2020-10-10,US,Montana,Jefferson,102,0,0,46.14907081,-112.094396,30043.0,834.6289174371982,0.0,102,101,0,0,101,98,12097,1,0,0,1,3
2020-10-10,US,Montana,Judith Basin,9,0,0,47.04581276,-110.26606880000001,30045.0,448.43049327354265,0.0,9,9,0,0,9,9,1952,0,0,0,0,0
2020-10-10,US,Montana,Lake,334,1,0,47.64514965,-114.0898013,30047.0,1096.5920283669316,0.2994011976047904,333,333,1,0,332,328,30250,1,0,0,1,5
2020-10-10,US,Montana,Lewis and Clark,445,3,0,47.12610041,-112.39469799999999,30049.0,640.9148519414679,0.6741573033707865,442,416,3,0,413,398,68700,29,0,0,29,18
2020-10-10,US,Montana,Liberty,25,0,0,48.56084317,-111.02430700000001,30051.0,1069.7475395806591,0.0,25,25,0,0,25,23,2430,0,0,0,0,2
2020-10-10,US,Montana,Lincoln,181,3,0,48.54265777,-115.4046155,30053.0,905.905905905906,1.6574585635359116,178,178,3,0,175,170,19794,3,0,0,3,8
2020-10-10,US,Montana,Madison,123,1,0,45.30080065,-111.9173017,30057.0,1430.2325581395346,0.8130081300813008,122,121,1,0,120,120,8768,2,0,0,2,1
2020-10-10,US,Montana,McCone,31,0,0,47.64469406,-105.79449939999999,30055.0,1862.9807692307693,0.0,31,29,0,0,29,27,1675,2,0,0,2,2
2020-10-10,US,Montana,Meagher,40,2,0,46.59907074,-110.8898557,30059.0,2148.2277121374864,5.0,38,40,2,0,38,39,1866,0,0,0,0,1
2020-10-10,US,Montana,Mineral,9,0,0,47.15283992,-115.00152390000001,30061.0,204.68501250852853,0.0,9,7,0,0,7,7,4316,2,0,0,2,0
2020-10-10,US,Montana,Missoula,1321,5,0,47.03728583,-113.92135079999998,30063.0,1104.515050167224,0.3785011355034065,1316,1257,4,0,1253,1233,118791,64,1,0,63,24
2020-10-10,US,Montana,Musselshell,39,1,0,46.49684637,-108.39498,30065.0,841.7871789337363,2.5641025641025643,38,39,1,0,38,37,4651,0,0,0,0,2
2020-10-10,US,Montana,Park,142,0,0,45.48965095,-110.52643940000002,30067.0,855.1126099000363,0.0,142,136,0,0,136,132,16736,6,0,0,6,4
2020-10-10,US,Montana,Petroleum,2,0,0,47.118246299999996,-108.2508876,30069.0,410.6776180698152,0.0,2,1,0,0,1,1,513,1,0,0,1,0
2020-10-10,US,Montana,Phillips,129,0,0,48.25936577,-107.9128511,30071.0,3262.518968133536,0.0,129,125,0,0,125,125,4074,4,0,0,4,0
2020-10-10,US,Montana,Pondera,111,1,0,48.22773388,-112.22527029999999,30073.0,1877.8548468956185,0.9009009009009008,110,104,1,0,103,94,5972,7,0,0,7,10
2020-10-10,US,Montana,Powder River,34,0,0,45.39617714,-105.636738,30075.0,2021.4030915576693,0.0,34,28,0,0,28,27,1716,6,0,0,6,1
2020-10-10,US,Montana,Powell,19,0,0,46.85538891,-112.93591640000001,30077.0,275.7619738751814,0.0,19,17,0,0,17,15,6968,2,0,0,2,2
2020-10-10,US,Montana,Prairie,26,0,0,46.86048047,-105.379384,30079.0,2414.113277623027,0.0,26,25,0,0,25,23,1087,1,0,0,1,2
2020-10-10,US,Montana,Ravalli,228,2,0,46.08520862,-114.11891640000002,30081.0,520.4766470346528,0.8771929824561403,226,210,2,0,208,195,43172,18,0,0,18,15
2020-10-10,US,Montana,Richland,144,2,0,47.78668011,-104.5610786,30083.0,1332.9630658150513,1.3888888888888888,142,143,2,0,141,141,10913,1,0,0,1,2
2020-10-10,US,Montana,Roosevelt,619,10,0,48.29607488,-105.00792679999999,30085.0,5625.227190112685,1.615508885298869,609,527,9,0,518,503,11059,92,1,0,91,24
2020-10-10,US,Montana,Rosebud,698,19,0,46.23397237,-106.72928799999998,30087.0,7810.227145574578,2.722063037249284,679,697,19,0,678,695,9063,1,0,0,1,2
2020-10-10,US,Montana,Sanders,74,1,0,47.67657534,-115.1329916,30089.0,610.9138941632956,1.351351351351351,73,74,1,0,73,70,11844,0,0,0,0,4
2020-10-10,US,Montana,Sheridan,29,0,0,48.72085833,-104.50382900000001,30091.0,876.3977032336052,0.0,29,27,0,0,27,27,3424,2,0,0,2,0
2020-10-10,US,Montana,Silver Bow,346,0,0,45.90018933,-112.6620092,30093.0,990.9780896462836,0.0,346,340,0,0,340,329,34993,6,0,0,6,11
2020-10-10,US,Montana,Stillwater,116,3,0,45.67071407,-109.3950061,30095.0,1203.0699025098527,2.586206896551724,113,108,3,0,105,99,9534,8,0,0,8,9
2020-10-10,US,Montana,Sweet Grass,54,2,0,45.81367654,-109.9425686,30097.0,1445.009365801445,3.703703703703704,52,52,2,0,50,52,3710,2,0,0,2,0
2020-10-10,US,Montana,Teton,53,0,0,47.83741052,-112.24106880000001,30099.0,862.2092077436148,0.0,53,48,0,0,48,48,6162,5,0,0,5,0
2020-10-10,US,Montana,Toole,176,6,0,48.65577551,-111.69424140000001,30101.0,3716.216216216216,3.4090909090909087,170,174,6,0,168,169,4853,2,0,0,2,5
2020-10-10,US,Montana,Treasure,9,0,0,46.20973220000001,-107.26665159999999,30103.0,1293.1034482758619,0.0,9,9,0,0,9,8,679,0,0,0,0,1
2020-10-10,US,Montana,Valley,151,1,0,48.36435097,-106.6669635,30105.0,2041.6441319632238,0.6622516556291391,150,148,1,0,147,133,7437,3,0,0,3,15
2020-10-10,US,Montana,Wheatland,34,1,0,46.46652491,-109.84646359999999,30107.0,1599.2474129821258,2.9411764705882355,33,34,1,0,33,22,2236,0,0,0,0,12
2020-10-10,US,Montana,Wibaux,30,0,0,46.95925154,-104.2510927,30109.0,3095.9752321981427,0.0,30,30,0,0,30,24,1034,0,0,0,0,6
2020-10-10,US,Montana,Yellowstone,4209,73,0,45.93955949,-108.26914860000001,30111.0,2609.4234345939244,1.7343787122832026,4136,4050,73,0,3977,3895,160137,159,0,0,159,155
2020-10-10,US,Nebraska,Adams,649,12,0,40.52449420000001,-98.50117804,31001.0,2069.31734846794,1.8489984591679507,637,625,12,0,613,625,31511,24,0,0,24,0
2020-10-10,US,Nebraska,Antelope,123,1,0,42.17695516,-98.06662829999999,31003.0,1953.0009526833915,0.8130081300813008,122,113,1,0,112,113,6336,10,0,0,10,0
2020-10-10,US,Nebraska,Arthur,2,0,0,41.56896142,-101.6959559,31005.0,431.96544276457877,0.0,2,1,0,0,1,1,465,1,0,0,1,0
2020-10-10,US,Nebraska,Banner,2,0,0,41.54634427,-103.7114332,31007.0,268.4563758389262,0.0,2,2,0,0,2,2,730,0,0,0,0,0
2020-10-10,US,Nebraska,Blaine,1,0,0,41.91311716,-99.97677845,31009.0,215.05376344086025,0.0,1,1,0,0,1,1,476,0,0,0,0,0
2020-10-10,US,Nebraska,Boone,114,0,0,41.70759415,-98.06737183,31011.0,2195.6856702619416,0.0,114,109,0,0,109,109,5239,5,0,0,5,0
2020-10-10,US,Nebraska,Box Butte,123,1,0,42.22079243,-103.08788340000001,31013.0,1140.6844106463875,0.8130081300813008,122,120,1,0,119,120,10772,3,0,0,3,0
2020-10-10,US,Nebraska,Boyd,42,0,0,42.899727399999996,-98.76486568,31015.0,2188.6399166232413,0.0,42,36,0,0,36,36,1955,6,0,0,6,0
2020-10-10,US,Nebraska,Brown,61,0,0,42.43018907,-99.92904055,31017.0,2064.2978003384096,0.0,61,58,0,0,58,58,2973,3,0,0,3,0
2020-10-10,US,Nebraska,Buffalo,1356,6,0,40.85486962,-99.07500296,31019.0,2730.622847822147,0.4424778761061947,1350,1278,6,0,1272,1278,49615,78,0,0,78,0
2020-10-10,US,Nebraska,Burt,95,1,0,41.85056773,-96.32605633,31021.0,1470.8159157764358,1.0526315789473684,94,92,1,0,91,92,6488,3,0,0,3,0
2020-10-10,US,Nebraska,Butler,170,1,0,41.22703692,-97.13106306,31023.0,2120.758483033932,0.5882352941176471,169,157,1,0,156,157,8058,13,0,0,13,0
2020-10-10,US,Nebraska,Cass,404,3,0,40.90899107,-96.13971217,31025.0,1539.1648887534286,0.7425742574257426,401,385,3,0,382,385,26159,19,0,0,19,0
2020-10-10,US,Nebraska,Cedar,117,0,0,42.598885100000004,-97.25311951,31027.0,1392.5255891454417,0.0,117,107,0,0,107,107,8446,10,0,0,10,0
2020-10-10,US,Nebraska,Chase,88,0,0,40.523719799999995,-101.69780259999999,31029.0,2242.609582059124,0.0,88,58,0,0,58,58,3977,30,0,0,30,0
2020-10-10,US,Nebraska,Cherry,54,4,0,42.54502621,-101.1244332,31031.0,949.2002109333804,7.407407407407407,50,54,4,0,50,54,5761,0,0,0,0,0
2020-10-10,US,Nebraska,Cheyenne,51,0,0,41.21999357,-102.9941693,31033.0,572.3905723905724,0.0,51,49,0,0,49,49,9310,2,0,0,2,0
2020-10-10,US,Nebraska,Clay,103,0,0,40.52439441,-98.05126296,31035.0,1660.4868611961954,0.0,103,95,0,0,95,95,6214,8,0,0,8,0
2020-10-10,US,Nebraska,Colfax,819,5,0,41.57486951,-97.0868542,31037.0,7647.772901297973,0.6105006105006106,814,804,5,0,799,804,10881,15,0,0,15,0
2020-10-10,US,Nebraska,Cuming,208,1,0,41.91637624,-96.78730772,31039.0,2351.345240786796,0.4807692307692308,207,200,1,0,199,200,8940,8,0,0,8,0
2020-10-10,US,Nebraska,Custer,141,4,0,41.39374521,-99.72805369,31041.0,1308.3418391017908,2.8368794326241136,137,126,4,0,122,126,10840,15,0,0,15,0
2020-10-10,US,Nebraska,Dakota,2379,44,0,42.39040144,-96.56656425,31043.0,11879.556576450614,1.849516603614964,2335,2346,44,0,2302,2346,20083,33,0,0,33,0
2020-10-10,US,Nebraska,Dawes,159,0,0,42.71985036,-103.1313774,31045.0,1851.2050296891373,0.0,159,147,0,0,147,147,8716,12,0,0,12,0
2020-10-10,US,Nebraska,Dawson,1134,14,0,40.87028216,-99.82014609999999,31047.0,4806.10298792117,1.2345679012345678,1120,1117,14,0,1103,1117,23709,17,0,0,17,0
2020-10-10,US,Nebraska,Deuel,4,0,0,41.11168186,-102.33333309999999,31049.0,222.9654403567447,0.0,4,4,0,0,4,4,1825,0,0,0,0,0
2020-10-10,US,Nebraska,Dixon,135,2,0,42.49188363,-96.86782408,31051.0,2395.315826827537,1.4814814814814814,133,128,2,0,126,128,5709,7,0,0,7,0
2020-10-10,US,Nebraska,Dodge,1379,13,0,41.58071748,-96.65598179,31053.0,3771.3660604403117,0.9427121102248006,1366,1331,13,0,1318,1331,36791,48,0,0,48,0
2020-10-10,US,Nebraska,Douglas,18190,202,0,41.29518299,-96.15085305,31055.0,3183.815923280363,1.1105002748763058,17988,17736,198,0,17538,17736,566880,454,4,0,450,0
2020-10-10,US,Nebraska,Dundy,15,1,0,40.17638677,-101.6876522,31057.0,886.0011813349084,6.666666666666668,14,15,1,0,14,15,1770,0,0,0,0,0
2020-10-10,US,Nebraska,Fillmore,64,1,0,40.52458567,-97.59646937,31059.0,1171.731966312706,1.5625,63,61,1,0,60,61,5527,3,0,0,3,0
2020-10-10,US,Nebraska,Franklin,57,0,0,40.17636348,-98.95299073,31061.0,1913.3937562940584,0.0,57,50,0,0,50,50,3023,7,0,0,7,0
2020-10-10,US,Nebraska,Frontier,18,0,0,40.52993007,-100.3924658,31063.0,685.1922344880091,0.0,18,13,0,0,13,13,2608,5,0,0,5,0
2020-10-10,US,Nebraska,Furnas,57,2,0,40.17642064,-99.91247454,31065.0,1218.9905902480753,3.5087719298245608,55,56,2,0,54,56,4715,1,0,0,1,0
2020-10-10,US,Nebraska,Gage,334,5,0,40.26186809,-96.68946704,31067.0,1552.549621159299,1.497005988023952,329,314,5,0,309,314,21493,20,0,0,20,0
2020-10-10,US,Nebraska,Garden,13,0,0,41.61703149,-102.3313973,31069.0,707.6755579749591,0.0,13,13,0,0,13,13,1897,0,0,0,0,0
2020-10-10,US,Nebraska,Garfield,13,0,0,41.91428955,-98.99111827,31071.0,660.2336211274759,0.0,13,11,0,0,11,11,1987,2,0,0,2,0
2020-10-10,US,Nebraska,Gosper,50,0,0,40.51481965,-99.83020279,31073.0,2512.562814070352,0.0,50,48,0,0,48,48,1996,2,0,0,2,0
2020-10-10,US,Nebraska,Grant,2,0,0,41.91528587,-101.740701,31075.0,321.0272873194222,0.0,2,2,0,0,2,2,660,0,0,0,0,0
2020-10-10,US,Nebraska,Greeley,40,0,0,41.56742671,-98.52150266,31077.0,1697.792869269949,0.0,40,37,0,0,37,37,2356,3,0,0,3,0
2020-10-10,US,Nebraska,Hall,2205,48,0,40.87257079,-98.50218293,31079.0,3593.956285756197,2.17687074829932,2157,2142,48,0,2094,2142,61607,63,0,0,63,0
2020-10-10,US,Nebraska,Hamilton,183,12,0,40.87349452,-98.02099117,31081.0,1962.6769626769626,6.557377049180328,171,167,12,0,155,167,9280,16,0,0,16,0
2020-10-10,US,Nebraska,Harlan,36,0,0,40.17658508,-99.40438879,31083.0,1065.0887573964496,0.0,36,31,0,0,31,31,3401,5,0,0,5,0
2020-10-10,US,Nebraska,Hayes,2,0,0,40.52451972,-101.0603568,31085.0,216.9197396963124,0.0,2,2,0,0,2,2,916,0,0,0,0,0
2020-10-10,US,Nebraska,Hitchcock,17,0,0,40.17609175,-101.04164770000001,31087.0,615.496017378711,0.0,17,14,0,0,14,14,2806,3,0,0,3,0
2020-10-10,US,Nebraska,Holt,155,1,0,42.45522056,-98.78402558,31089.0,1539.684116419986,0.6451612903225806,154,139,1,0,138,139,10178,16,0,0,16,0
2020-10-10,US,Nebraska,Hooker,15,1,0,41.91586243,-101.1354293,31091.0,2199.4134897360705,6.666666666666668,14,13,1,0,12,13,682,2,0,0,2,0
2020-10-10,US,Nebraska,Howard,114,5,0,41.2200529,-98.5166499,31093.0,1768.813033359193,4.385964912280701,109,115,5,0,110,115,6468,-1,0,0,-1,0
2020-10-10,US,Nebraska,Jefferson,42,0,0,40.17584531,-97.142601,31095.0,596.0828839057623,0.0,42,37,0,0,37,37,7097,5,0,0,5,0
2020-10-10,US,Nebraska,Johnson,81,0,0,40.39257596,-96.26522753,31097.0,1597.3180832183002,0.0,81,74,0,0,74,74,5134,7,0,0,7,0
2020-10-10,US,Nebraska,Kearney,196,0,0,40.50663314,-98.94877182,31099.0,3017.7059276366435,0.0,196,170,0,0,170,170,6544,26,0,0,26,0
2020-10-10,US,Nebraska,Keith,72,0,0,41.19930341,-101.66201640000001,31101.0,896.1911874533232,0.0,72,70,0,0,70,70,8021,2,0,0,2,0
2020-10-10,US,Nebraska,Keya Paha,7,0,0,42.87990694,-99.71343729,31103.0,868.4863523573201,0.0,7,5,0,0,5,5,810,2,0,0,2,0
2020-10-10,US,Nebraska,Kimball,27,0,0,41.19774275,-103.7148131,31105.0,743.3920704845815,0.0,27,25,0,0,25,25,3618,2,0,0,2,0
2020-10-10,US,Nebraska,Knox,221,0,0,42.63758421,-97.89178836,31107.0,2652.4243879020637,0.0,221,210,0,0,210,210,8419,11,0,0,11,0
2020-10-10,US,Nebraska,Lancaster,7333,26,0,40.78416049,-96.68777155,31109.0,2298.0977153781064,0.3545615709804991,7307,7082,26,0,7056,7082,317272,251,0,0,251,0
2020-10-10,US,Nebraska,Lincoln,546,4,0,41.04658298,-100.74753740000001,31111.0,1563.8425846365355,0.7326007326007326,542,512,4,0,508,512,35185,34,0,0,34,0
2020-10-10,US,Nebraska,Logan,7,0,0,41.56650314,-100.4817851,31113.0,935.8288770053476,0.0,7,7,0,0,7,7,749,0,0,0,0,0
2020-10-10,US,Nebraska,Loup,4,0,0,41.91371961,-99.45440415,31115.0,602.4096385542167,0.0,4,3,0,0,3,3,618,1,0,0,1,0
2020-10-10,US,Nebraska,Madison,958,7,0,41.91676024,-97.6005481,31119.0,2729.42249066925,0.7306889352818372,951,915,7,0,908,915,35392,43,0,0,43,0
2020-10-10,US,Nebraska,McPherson,7,0,0,41.56797682,-101.05993620000001,31117.0,1417.004048582996,0.0,7,7,0,0,7,7,492,0,0,0,0,0
2020-10-10,US,Nebraska,Merrick,103,1,0,41.16624273,-98.0374887,31121.0,1328.1753707285625,0.9708737864077671,102,99,1,0,98,99,7733,4,0,0,4,0
2020-10-10,US,Nebraska,Morrill,80,0,0,41.71711774,-103.0061405,31123.0,1723.3950883239984,0.0,80,79,0,0,79,79,4686,1,0,0,1,0
2020-10-10,US,Nebraska,Nance,64,0,0,41.39750195,-97.99327291,31125.0,1818.6984938903092,0.0,64,63,0,0,63,63,3532,1,0,0,1,0
2020-10-10,US,Nebraska,Nemaha,147,0,0,40.38514847,-95.85433992,31127.0,2108.4337349397592,0.0,147,142,0,0,142,142,6958,5,0,0,5,0
2020-10-10,US,Nebraska,Nuckolls,27,0,0,40.17637905,-98.04743961,31129.0,650.9161041465768,0.0,27,19,0,0,19,19,4195,8,0,0,8,0
2020-10-10,US,Nebraska,Otoe,215,1,0,40.64843556,-96.13374142,31131.0,1342.7429427929053,0.4651162790697674,214,201,1,0,200,201,15985,14,0,0,14,0
2020-10-10,US,Nebraska,Pawnee,22,0,0,40.13141096,-96.23705437,31133.0,841.9441255262151,0.0,22,21,0,0,21,21,2632,1,0,0,1,0
2020-10-10,US,Nebraska,Perkins,36,10,0,40.85082525,-101.6502942,31135.0,1245.2438602559669,27.777777777777782,26,34,10,0,24,34,2929,2,0,0,2,0
2020-10-10,US,Nebraska,Phelps,168,0,0,40.51156033,-99.41461667,31137.0,1859.6413548815585,0.0,168,161,0,0,161,161,8996,7,0,0,7,0
2020-10-10,US,Nebraska,Pierce,120,8,0,42.26434853,-97.60122773,31139.0,1678.7912702853946,6.666666666666668,112,116,8,0,108,116,7142,4,0,0,4,0
2020-10-10,US,Nebraska,Platte,1234,5,0,41.57246836,-97.52144359,31141.0,3686.883776516283,0.4051863857374392,1229,1211,4,0,1207,1211,33363,23,1,0,22,0
2020-10-10,US,Nebraska,Polk,122,1,0,41.18813488,-97.56630712,31143.0,2340.303088432764,0.819672131147541,121,107,1,0,106,107,5278,15,0,0,15,0
2020-10-10,US,Nebraska,Red Willow,94,0,0,40.17556879999999,-100.476998,31145.0,876.538604998135,0.0,94,88,0,0,88,88,10726,6,0,0,6,0
2020-10-10,US,Nebraska,Richardson,74,2,0,40.1247415,-95.71755036,31147.0,940.8773045136684,2.702702702702702,72,68,2,0,66,68,7937,6,0,0,6,0
2020-10-10,US,Nebraska,Rock,49,1,0,42.42252217,-99.44832069,31149.0,3610.9064112011793,2.0408163265306123,48,47,1,0,46,47,1360,2,0,0,2,0
2020-10-10,US,Nebraska,Saline,793,2,0,40.52418865,-97.14085859,31151.0,5575.084364454443,0.2522068095838588,791,782,2,0,780,782,14350,11,0,0,11,0
2020-10-10,US,Nebraska,Sarpy,4388,32,0,41.11314181,-96.11156432,31153.0,2344.067180922669,0.7292616226071102,4356,4190,32,0,4158,4190,184459,198,0,0,198,0
2020-10-10,US,Nebraska,Saunders,562,4,0,41.227810299999994,-96.63773905,31155.0,2604.5045880063026,0.7117437722419929,558,544,4,0,540,544,21303,18,0,0,18,0
2020-10-10,US,Nebraska,Scotts Bluff,467,8,0,41.85070896,-103.70809859999999,31157.0,1311.1348194733,1.7130620985010707,459,455,8,0,447,455,35989,12,0,0,12,0
2020-10-10,US,Nebraska,Seward,266,3,0,40.87241834,-97.139673,31159.0,1538.995602869706,1.1278195488721805,263,261,3,0,258,261,17318,5,0,0,5,0
2020-10-10,US,Nebraska,Sheridan,67,0,0,42.50284406,-102.4126613,31161.0,1277.163553183378,0.0,67,65,0,0,65,65,5190,2,0,0,2,0
2020-10-10,US,Nebraska,Sherman,31,2,0,41.22045983,-98.97588642,31163.0,1032.989003665445,6.451612903225807,29,30,2,0,28,30,3038,1,0,0,1,0
2020-10-10,US,Nebraska,Sioux,8,0,0,42.48932059,-103.7576544,31165.0,686.106346483705,0.0,8,7,0,0,7,7,1187,1,0,0,1,0
2020-10-10,US,Nebraska,Stanton,49,0,0,41.9169835,-97.19394708,31167.0,827.7027027027028,0.0,49,48,0,0,48,48,5970,1,0,0,1,0
2020-10-10,US,Nebraska,Thayer,38,0,0,40.17626377,-97.59504381,31169.0,759.5442734359384,0.0,38,36,0,0,36,36,5039,2,0,0,2,0
2020-10-10,US,Nebraska,Thomas,7,0,0,41.91358968,-100.5556632,31171.0,969.5290858725765,0.0,7,7,0,0,7,7,720,0,0,0,0,0
2020-10-10,US,Nebraska,Thurston,294,4,0,42.15725356,-96.54157099,31173.0,4069.767441860465,1.3605442176870748,290,288,4,0,284,288,7303,6,0,0,6,0
2020-10-10,US,Nebraska,Unassigned,406,1,0,0.0,0.0,90031.0,0.0,0.24630541871921185,405,388,1,0,387,388,,18,0,0,18,0
2020-10-10,US,Nebraska,Valley,54,0,0,41.56730777,-98.98197724,31175.0,1298.7012987012986,0.0,54,50,0,0,50,50,4190,4,0,0,4,0
2020-10-10,US,Nebraska,Washington,350,5,0,41.52815707,-96.22019892,31177.0,1688.4557865791885,1.4285714285714286,345,334,5,0,329,334,20667,16,0,0,16,0
2020-10-10,US,Nebraska,Wayne,247,0,0,42.20934475,-97.11926964,31179.0,2631.8593500266384,0.0,247,211,0,0,211,211,9403,36,0,0,36,0
2020-10-10,US,Nebraska,Webster,27,0,0,40.17642643,-98.50019851,31181.0,774.3045597935187,0.0,27,21,0,0,21,21,3533,6,0,0,6,0
2020-10-10,US,Nebraska,Wheeler,2,0,0,41.91482725,-98.52798941,31183.0,255.4278416347382,0.0,2,2,0,0,2,2,805,0,0,0,0,0
2020-10-10,US,Nebraska,York,282,2,0,40.87272618,-97.59710186,31185.0,2061.5542071788877,0.7092198581560284,280,245,2,0,243,245,13772,37,0,0,37,0
2020-10-10,US,Nevada,Carson City,588,8,0,39.15509045,-119.7480219,32510.0,1051.5773660490736,1.3605442176870748,580,585,8,0,577,581,55414,3,0,0,3,4
2020-10-10,US,Nevada,Churchill,169,4,0,39.58105744,-118.3394607,32001.0,678.4696294512024,2.366863905325444,165,169,4,0,165,167,24440,0,0,0,0,2
2020-10-10,US,Nevada,Clark,71325,1438,0,36.21458855,-115.0130241,32003.0,3146.624079339484,2.016123378899404,69887,70730,1438,0,69292,70121,2231647,595,0,0,595,609
2020-10-10,US,Nevada,Douglas,342,1,0,38.912862,-119.61713329999999,32005.0,699.3149984664145,0.29239766081871343,341,339,1,0,338,334,48467,3,0,0,3,5
2020-10-10,US,Nevada,Elko,1068,11,0,41.14531606,-115.3577619,32007.0,2023.570427071886,1.0299625468164797,1057,1052,10,0,1042,1043,52460,16,1,0,15,9
2020-10-10,US,Nevada,Eureka,10,0,0,39.98100864,-116.26832040000001,32011.0,492.8536224741252,0.0,10,10,0,0,10,10,2003,0,0,0,0,0
2020-10-10,US,Nevada,Humboldt,141,4,0,41.40692186,-118.11094270000001,32013.0,837.7398847364981,2.8368794326241136,137,136,4,0,132,133,16786,5,0,0,5,3
2020-10-10,US,Nevada,Lander,89,1,0,39.933223299999995,-117.03970749999999,32015.0,1608.8214027476502,1.1235955056179776,88,88,1,0,87,87,5575,1,0,0,1,1
2020-10-10,US,Nevada,Lincoln,14,0,0,37.64268459,-114.8790388,32017.0,270.11383368705384,0.0,14,10,0,0,10,8,5201,4,0,0,4,2
2020-10-10,US,Nevada,Lyon,508,8,0,39.01777974,-119.18704790000001,32019.0,883.3246391931838,1.5748031496062993,500,477,8,0,469,463,55808,31,0,0,31,14
2020-10-10,US,Nevada,Mineral,14,0,0,38.53841696,-118.4344506,32021.0,310.7658157602664,0.0,14,14,0,0,14,14,4514,0,0,0,0,0
2020-10-10,US,Nevada,Nye,534,15,0,38.04264256,-116.47227020000001,32023.0,1147.8193581669282,2.808988764044944,519,531,15,0,516,527,45346,3,0,0,3,4
2020-10-10,US,Nevada,Pershing,22,0,0,40.44003782,-118.40056409999998,32027.0,327.13754646840147,0.0,22,22,0,0,22,22,6666,0,0,0,0,0
2020-10-10,US,Nevada,Storey,15,0,0,39.44875482,-119.5250207,32029.0,363.81275770070334,0.0,15,15,0,0,15,15,4029,0,0,0,0,0
2020-10-10,US,Nevada,Washoe,10479,168,0,40.66562265,-119.6631594,32031.0,2222.3918866471977,1.6032064128256514,10311,10335,167,0,10168,10225,465735,144,1,0,143,110
2020-10-10,US,Nevada,White Pine,81,1,0,39.44157041,-114.89996599999999,32033.0,845.5114822546973,1.2345679012345678,80,80,1,0,79,77,9475,1,0,0,1,3
2020-10-10,US,New Hampshire,Belknap,172,5,0,43.51637314,-71.41684235,33001.0,280.5735445247377,2.9069767441860463,167,170,4,0,166,166,61022,2,1,0,1,4
2020-10-10,US,New Hampshire,Carroll,133,2,0,43.87498583,-71.20430216,33003.0,271.92803107748927,1.5037593984962403,131,133,2,0,131,130,48779,0,0,0,0,3
2020-10-10,US,New Hampshire,Cheshire,159,3,0,42.92015988,-72.25311043,33005.0,208.97680226062957,1.8867924528301887,156,159,3,0,156,155,76493,0,0,0,0,4
2020-10-10,US,New Hampshire,Coos,22,0,0,44.69063265,-71.30633239,33007.0,69.70186610905174,0.0,22,22,0,0,22,22,31589,0,0,0,0,0
2020-10-10,US,New Hampshire,Grafton,164,1,0,43.93779815,-71.82057197,33009.0,182.4533297732684,0.6097560975609756,163,159,1,0,158,157,89786,5,0,0,5,2
2020-10-10,US,New Hampshire,Hillsborough,4866,302,0,42.91537785,-71.7200253,33011.0,1166.8365205922905,6.206329634196465,4564,4820,298,0,4522,4775,415247,46,4,0,42,45
2020-10-10,US,New Hampshire,Merrimack,684,24,0,43.29662971,-71.6811573,33013.0,451.81021328876886,3.5087719298245608,660,644,24,0,620,630,151132,40,0,0,40,14
2020-10-10,US,New Hampshire,Rockingham,2210,104,0,42.98499744,-71.12883377,33015.0,713.4348498397193,4.705882352941177,2106,2189,104,0,2085,2175,309176,21,0,0,21,14
2020-10-10,US,New Hampshire,Strafford,608,13,0,43.291833000000004,-71.02336013,33017.0,465.42604089318917,2.138157894736842,595,603,13,0,590,603,130090,5,0,0,5,0
2020-10-10,US,New Hampshire,Sullivan,65,1,0,43.36094111,-72.22203125,33019.0,150.65127705928708,1.5384615384615383,64,64,1,0,63,63,43144,1,0,0,1,1
2020-10-10,US,New Hampshire,Unassigned,9,0,0,0.0,0.0,90033.0,0.0,0.0,9,7,0,0,7,2,,2,0,0,2,5
2020-10-10,US,New Jersey,Atlantic,4411,261,0,39.47538693,-74.65848483,34001.0,1672.9244889445138,5.917025617773748,4150,4387,260,0,4127,4357,265429,24,1,0,23,30
2020-10-10,US,New Jersey,Bergen,23107,2051,0,40.96010917,-74.07164325,34003.0,2478.754604688683,8.876098152075127,21056,23031,2051,0,20980,22959,936692,76,0,0,76,72
2020-10-10,US,New Jersey,Burlington,7508,504,0,39.87681124,-74.66927768,34005.0,1685.868835452645,6.712839637719767,7004,7484,503,0,6981,7442,445384,24,1,0,23,42
2020-10-10,US,New Jersey,Camden,10418,616,0,39.80343818,-74.96388753,34007.0,2056.9785831765294,5.912843156076022,9802,10374,616,0,9758,10286,507078,44,0,0,44,88
2020-10-10,US,New Jersey,Cape May,1060,99,0,39.15008829,-74.80170244,34009.0,1151.6856984539165,9.339622641509434,961,1068,99,0,969,1063,92560,-8,0,0,-8,5
2020-10-10,US,New Jersey,Cumberland,3855,160,0,39.37199394,-75.10712559,34011.0,2578.129702328008,4.150453955901427,3695,3851,160,0,3691,3838,150972,4,0,0,4,13
2020-10-10,US,New Jersey,Essex,21689,2128,0,40.78681335,-74.24657979,34013.0,2714.6030852029157,9.81142514638757,19561,21608,2128,0,19480,21539,799767,81,0,0,81,69
2020-10-10,US,New Jersey,Gloucester,4930,233,0,39.71581067,-75.13995546,34015.0,1690.4634544432101,4.726166328600406,4697,4915,233,0,4682,4877,291408,15,0,0,15,38
2020-10-10,US,New Jersey,Hudson,21141,1519,0,40.73766234,-74.07515667,34017.0,3144.152732561857,7.185090582280876,19622,21079,1518,0,19561,21042,676061,62,1,0,61,37
2020-10-10,US,New Jersey,Hunterdon,1446,126,0,40.56335249,-74.91284156,34019.0,1162.6504571001278,8.71369294605809,1320,1434,126,0,1308,1431,124714,12,0,0,12,3
2020-10-10,US,New Jersey,Mercer,8813,636,0,40.28047017,-74.70479631,34021.0,2398.552105162888,7.2166118234426415,8177,8795,636,0,8159,8773,369811,18,0,0,18,22
2020-10-10,US,New Jersey,Middlesex,20304,1433,0,40.43629879,-74.41426991,34023.0,2460.9059682787474,7.057722616233255,18871,20226,1431,0,18795,20134,829685,78,2,0,76,92
2020-10-10,US,New Jersey,Monmouth,12759,867,0,40.26549699,-74.22240686,34025.0,2061.9106489225032,6.795203385845285,11892,12661,867,0,11794,12588,621354,98,0,0,98,73
2020-10-10,US,New Jersey,Morris,8125,832,0,40.86095313,-74.54553709999998,34027.0,1651.9431934857525,10.24,7293,8092,831,0,7261,8061,494228,33,1,0,32,31
2020-10-10,US,New Jersey,Ocean,15053,1052,0,39.8895449,-74.28089251,34029.0,2479.141482181737,6.988640138178437,14001,14923,1052,0,13871,14814,601651,130,0,0,130,109
2020-10-10,US,New Jersey,Passaic,19561,1255,0,41.03238628,-74.29954144,34031.0,3897.964633159701,6.415827411686518,18306,19484,1255,0,18229,19418,503310,77,0,0,77,66
2020-10-10,US,New Jersey,Salem,1113,88,0,39.58719656,-75.34696629999998,34033.0,1784.0827121904306,7.906558849955076,1025,1111,88,0,1023,1110,62607,2,0,0,2,1
2020-10-10,US,New Jersey,Somerset,6007,582,0,40.56465737,-74.61683016,34035.0,1826.2022168580927,9.68869652072582,5425,5980,582,0,5398,5967,331164,27,0,0,27,13
2020-10-10,US,New Jersey,Sussex,1575,197,0,41.13891592,-74.69118243,34037.0,1121.0921929275098,12.507936507936508,1378,1566,197,0,1369,1559,140799,9,0,0,9,7
2020-10-10,US,New Jersey,Unassigned,362,0,0,0.0,0.0,90034.0,0.0,0.0,362,363,0,0,363,358,,-1,0,0,-1,5
2020-10-10,US,New Jersey,Union,18163,1361,0,40.65835409,-74.30680092,34039.0,3264.7243327383744,7.493255519462644,16802,18109,1360,0,16749,18061,558067,54,1,0,53,48
2020-10-10,US,New Jersey,Warren,1477,171,0,40.85951833,-74.99556527,34041.0,1403.0987868942786,11.577522004062288,1306,1472,171,0,1301,1471,105779,5,0,0,5,1
2020-10-10,US,New Mexico,Bernalillo,7584,180,0,35.05163625,-106.6703554,35001.0,1116.7376653055935,2.373417721518988,7404,7420,180,0,7240,7286,678701,164,0,0,164,134
2020-10-10,US,New Mexico,Catron,9,1,0,33.91514144,-108.4046587,35003.0,255.17436915225403,11.111111111111109,8,9,1,0,8,9,3578,0,0,0,0,0
2020-10-10,US,New Mexico,Chaves,1507,15,0,33.36406072,-104.4665365,35005.0,2332.275787355877,0.99535500995355,1492,1469,15,0,1454,1428,64689,38,0,0,38,41
2020-10-10,US,New Mexico,Cibola,459,21,0,34.91131525,-107.998876,35006.0,1720.7122774133084,4.575163398692809,438,454,21,0,433,451,26746,5,0,0,5,3
2020-10-10,US,New Mexico,Colfax,40,1,0,36.60569702,-104.64726740000002,35007.0,334.98031990620547,2.5,39,40,1,0,39,40,12110,0,0,0,0,0
2020-10-10,US,New Mexico,Curry,1068,7,0,34.57421077,-103.34688759999999,35009.0,2181.6399068513297,0.6554307116104869,1061,1025,7,0,1018,1015,49437,43,0,0,43,10
2020-10-10,US,New Mexico,De Baca,1,0,0,34.34274529,-104.4117842,35011.0,57.20823798627003,0.0,1,1,0,0,1,1,1781,0,0,0,0,0
2020-10-10,US,New Mexico,Dona Ana,3990,60,0,32.35275771,-106.83293870000001,35013.0,1828.639519695685,1.5037593984962403,3930,3918,60,0,3858,3839,217522,72,0,0,72,79
2020-10-10,US,New Mexico,Eddy,1018,15,0,32.47167456,-104.3053527,35015.0,1741.3616147793366,1.4734774066797642,1003,1003,14,0,989,975,57900,15,1,0,14,28
2020-10-10,US,New Mexico,Grant,143,2,0,32.73911281,-108.3827845,35017.0,529.668864360323,1.3986013986013983,141,140,2,0,138,136,27346,3,0,0,3,4
2020-10-10,US,New Mexico,Guadalupe,36,1,0,34.86319296,-104.790669,35019.0,837.2093023255812,2.7777777777777777,35,36,1,0,35,36,4341,0,0,0,0,0
2020-10-10,US,New Mexico,Harding,1,0,0,35.85751555,-103.82209379999999,35021.0,160.0,0.0,1,1,0,0,1,1,655,0,0,0,0,0
2020-10-10,US,New Mexico,Hidalgo,106,2,0,31.91383467,-108.7151824,35023.0,2525.01191043354,1.8867924528301887,104,106,2,0,104,104,4240,0,0,0,0,2
2020-10-10,US,New Mexico,Lea,1631,28,0,32.79215361,-103.4123733,35025.0,2294.9205009145912,1.7167381974248928,1603,1620,27,0,1593,1584,69611,11,1,0,10,36
2020-10-10,US,New Mexico,Lincoln,250,3,0,33.74526079,-105.4586166,35027.0,1277.3349683220931,1.2,247,246,3,0,243,244,19556,4,0,0,4,2
2020-10-10,US,New Mexico,Los Alamos,37,0,0,35.86631386,-106.31349850000001,35028.0,191.02689865248595,0.0,37,36,0,0,36,36,19101,1,0,0,1,0
2020-10-10,US,New Mexico,Luna,490,8,0,32.18179341,-107.75088259999998,35029.0,2066.7257159728374,1.6326530612244898,482,482,8,0,474,464,23963,8,0,0,8,18
2020-10-10,US,New Mexico,McKinley,4405,259,0,35.58007720000001,-108.262245,35031.0,6172.320540305744,5.879682179341657,4146,4396,258,0,4138,4384,72290,9,1,0,8,12
2020-10-10,US,New Mexico,Mora,9,0,0,36.01095101,-104.9497716,35033.0,199.07100199071,0.0,9,8,0,0,8,7,4506,1,0,0,1,1
2020-10-10,US,New Mexico,Otero,297,13,0,32.61348406,-105.7417604,35035.0,440.06519484368056,4.377104377104377,284,293,13,0,280,288,66781,4,0,0,4,5
2020-10-10,US,New Mexico,Quay,79,2,0,35.10403332,-103.54817270000001,35037.0,957.2276747849266,2.5316455696202533,77,77,2,0,75,77,8253,2,0,0,2,0
2020-10-10,US,New Mexico,Rio Arriba,416,14,0,36.51072137,-106.69316740000001,35039.0,1068.831736080779,3.3653846153846154,402,414,14,0,400,410,39006,2,0,0,2,4
2020-10-10,US,New Mexico,Roosevelt,343,4,0,34.02097406,-103.4799493,35041.0,1854.054054054054,1.1661807580174928,339,333,4,0,329,327,18743,10,0,0,10,6
2020-10-10,US,New Mexico,San Juan,3460,202,0,36.50838318,-108.32043700000001,35045.0,2791.268010132464,5.838150289017341,3258,3449,201,0,3248,3431,125043,11,1,0,10,18
2020-10-10,US,New Mexico,San Miguel,115,0,0,35.48014807,-104.8163562,35047.0,421.6006159035085,0.0,115,112,0,0,112,111,27591,3,0,0,3,1
2020-10-10,US,New Mexico,Sandoval,1511,43,0,35.68862401,-106.86878030000001,35043.0,1029.6562815166137,2.8457974851091987,1468,1484,43,0,1441,1455,145179,27,0,0,27,29
2020-10-10,US,New Mexico,Santa Fe,1173,8,0,35.50708973,-105.9774716,35049.0,780.1380704718073,0.6820119352088662,1165,1163,7,0,1156,1144,150056,10,1,0,9,19
2020-10-10,US,New Mexico,Sierra,64,1,0,33.13028233,-107.1925893,35051.0,593.0868316189417,1.5625,63,57,1,0,56,54,10968,7,0,0,7,3
2020-10-10,US,New Mexico,Socorro,139,6,0,34.00715494,-106.9298354,35053.0,835.4871671575404,4.316546762589929,133,137,6,0,131,126,16735,2,0,0,2,11
2020-10-10,US,New Mexico,Taos,154,4,0,36.58006022,-105.63101979999999,35055.0,470.6169972190813,2.5974025974025974,150,153,4,0,149,151,32835,1,0,0,1,2
2020-10-10,US,New Mexico,Torrance,89,1,0,34.64048375,-105.8508949,35057.0,575.6419377789276,1.1235955056179776,88,88,1,0,87,84,15591,1,0,0,1,4
2020-10-10,US,New Mexico,Unassigned,1414,0,0,0.0,0.0,90035.0,0.0,0.0,1414,1398,0,0,1398,1393,,16,0,0,16,5
2020-10-10,US,New Mexico,Union,37,2,0,36.48126404,-103.4709624,35059.0,911.5545700911557,5.405405405405406,35,37,2,0,35,34,4118,0,0,0,0,3
2020-10-10,US,New Mexico,Valencia,647,4,0,34.71669834,-106.8103733,35061.0,843.6782808262049,0.6182380216383307,643,636,4,0,632,631,76456,11,0,0,11,5
2020-10-10,US,New York,Albany,3280,135,0,42.60060306,-73.97723916,36001.0,1073.6286685040557,4.115853658536587,3145,3268,135,0,3133,3251,307117,12,0,0,12,17
2020-10-10,US,New York,Allegany,144,1,0,42.25748406,-78.02750466,36003.0,312.4254192792518,0.6944444444444444,143,141,1,0,140,131,46430,3,0,0,3,10
2020-10-10,US,New York,Bronx,53762,4966,0,40.85209301,-73.86282755,36005.0,3790.8429446477135,9.237007551802387,48796,53691,4966,0,48725,53617,1432132,71,0,0,71,74
2020-10-10,US,New York,Broome,2400,83,0,42.15903158,-75.81326086,36007.0,1259.9218848431394,3.458333333333333,2317,2314,83,0,2231,2239,191659,86,0,0,86,75
2020-10-10,US,New York,Cattaraugus,355,6,0,42.24778241,-78.67923096,36009.0,466.3872722256526,1.6901408450704225,349,343,6,0,337,327,76840,12,0,0,12,16
2020-10-10,US,New York,Cayuga,241,2,0,42.91261714,-76.55731592,36011.0,314.72001671542006,0.8298755186721992,239,240,2,0,238,237,77145,1,0,0,1,3
2020-10-10,US,New York,Chautauqua,682,13,0,42.22769210000001,-79.36691763,36013.0,537.4183431439761,1.906158357771261,669,668,13,0,655,656,127939,14,0,0,14,12
2020-10-10,US,New York,Chemung,929,3,0,42.13891056,-76.7638805,36015.0,1113.161426380368,0.3229278794402584,926,888,3,0,885,855,84254,41,0,0,41,33
2020-10-10,US,New York,Chenango,271,7,0,42.49430041,-75.60887553,36017.0,574.0674052576949,2.5830258302583027,264,268,7,0,261,267,47536,3,0,0,3,1
2020-10-10,US,New York,Clinton,178,5,0,44.74530905,-73.67875352,36019.0,221.15922221531963,2.808988764044944,173,178,5,0,173,177,80695,0,0,0,0,1
2020-10-10,US,New York,Columbia,617,37,0,42.24819348,-73.63089095,36021.0,1037.6549334858141,5.996758508914101,580,615,37,0,578,611,59916,2,0,0,2,4
2020-10-10,US,New York,Cortland,293,0,0,42.59509207,-76.07048931,36023.0,615.7920178222398,0.0,293,277,0,0,277,260,47823,16,0,0,16,17
2020-10-10,US,New York,Delaware,146,7,0,42.19837623,-74.96709306,36025.0,330.8032174011556,4.794520547945205,139,144,7,0,137,144,44527,2,0,0,2,0
2020-10-10,US,New York,Dutchess,5245,161,0,41.76486060000001,-73.74356679,36027.0,1782.6917455764096,3.0695900857959963,5084,5233,161,0,5072,5222,293718,12,0,0,12,11
2020-10-10,US,New York,Erie,12055,706,0,42.76249024,-78.73063652,36029.0,1312.1773981116835,5.8564910825383665,11349,11998,706,0,11292,11953,919719,57,0,0,57,45
2020-10-10,US,New York,Essex,178,0,0,44.11630765,-73.77297842,36031.0,482.580994984411,0.0,178,177,0,0,177,176,37300,1,0,0,1,1
2020-10-10,US,New York,Franklin,71,0,0,44.59040891,-74.29926032,36033.0,141.93754747910918,0.0,71,71,0,0,71,71,50293,0,0,0,0,0
2020-10-10,US,New York,Fulton,352,24,0,43.11363907,-74.41798804,36035.0,659.3859468370081,6.8181818181818175,328,352,24,0,328,351,53591,0,0,0,0,1
2020-10-10,US,New York,Genesee,358,5,0,43.0022601,-78.19135193,36037.0,625.0,1.3966480446927374,353,358,5,0,353,355,57511,0,0,0,0,3
2020-10-10,US,New York,Greene,379,18,0,42.275797,-74.12384884,36039.0,803.1702975332712,4.749340369393139,361,377,18,0,359,372,47491,2,0,0,2,5
2020-10-10,US,New York,Hamilton,15,0,0,43.66146647,-74.49721957,36041.0,339.67391304347825,0.0,15,15,0,0,15,15,4434,0,0,0,0,0
2020-10-10,US,New York,Herkimer,358,10,0,43.42034246,-74.96145307,36043.0,583.832091195225,2.793296089385475,348,355,10,0,345,355,61833,3,0,0,3,0
2020-10-10,US,New York,Jefferson,181,0,0,44.04200959,-75.94653457,36045.0,164.79414388987016,0.0,181,180,0,0,180,177,111755,1,0,0,1,3
2020-10-10,US,New York,Kings,71435,7350,0,40.636182500000004,-73.94935552,36047.0,2790.535422631249,10.289073983341499,64085,71199,7347,0,63852,70899,2582830,236,3,0,233,300
2020-10-10,US,New York,Lewis,55,0,0,43.784415700000004,-75.44903992,36049.0,209.15728627928203,0.0,55,54,0,0,54,54,26447,1,0,0,1,0
2020-10-10,US,New York,Livingston,219,8,0,42.72596275,-77.77966158,36051.0,348.0942238611438,3.6529680365296797,211,219,8,0,211,216,63227,0,0,0,0,3
2020-10-10,US,New York,Madison,509,17,0,42.91653905,-75.67266639,36053.0,717.4976388830155,3.3398821218074657,492,509,17,0,492,505,70795,0,0,0,0,4
2020-10-10,US,New York,Monroe,6387,300,0,43.14638895,-77.69322942,36055.0,861.0485730078058,4.697040864255518,6087,6349,300,0,6049,6316,742474,38,0,0,38,33
2020-10-10,US,New York,Montgomery,245,4,0,42.90123494,-74.44011632,36057.0,497.75502326242867,1.6326530612244898,241,244,4,0,240,242,49455,1,0,0,1,2
2020-10-10,US,New York,Nassau,47841,2204,0,40.74066522,-73.58941873,36059.0,3525.694880479673,4.6069271127275755,45637,47736,2204,0,45532,47656,1358343,105,0,0,105,80
2020-10-10,US,New York,New York,34296,3182,0,40.76727260000001,-73.97152637,36061.0,2105.7207378127177,9.278049918357826,31114,34217,3182,0,31035,34144,,79,0,0,79,73
2020-10-10,US,New York,Niagara,1882,101,0,43.19898042,-78.74777412,36063.0,899.2694033380957,5.36663124335813,1781,1872,101,0,1771,1855,210433,10,0,0,10,17
2020-10-10,US,New York,Oneida,2529,128,0,43.24375382,-75.43710392,36065.0,1105.9557180403287,5.0612890470541725,2401,2512,128,0,2384,2503,229577,17,0,0,17,9
2020-10-10,US,New York,Onondaga,4747,207,0,43.00491923,-76.19971155,36067.0,1030.773373171664,4.360648830840531,4540,4693,207,0,4486,4669,461809,54,0,0,54,24
2020-10-10,US,New York,Ontario,512,35,0,42.85145728,-77.30874425,36069.0,466.4000655875092,6.8359375,477,511,35,0,476,505,109864,1,0,0,1,6
2020-10-10,US,New York,Orange,12798,500,0,41.40337468,-74.30240757,36071.0,3324.673975164961,3.9068604469448354,12298,12748,500,0,12248,12664,381951,50,0,0,50,84
2020-10-10,US,New York,Orleans,344,54,0,43.2516977,-78.2320066,36073.0,852.4980174464711,15.69767441860465,290,343,54,0,289,342,40612,1,0,0,1,1
2020-10-10,US,New York,Oswego,547,4,0,43.42778894,-76.14635194,36075.0,467.0263993716062,0.7312614259597806,543,542,4,0,538,536,117898,5,0,0,5,6
2020-10-10,US,New York,Otsego,359,5,0,42.63492579,-75.03151402,36077.0,603.4323365774125,1.3927576601671308,354,357,5,0,352,354,59749,2,0,0,2,3
2020-10-10,US,New York,Putnam,1675,63,0,41.42630093,-73.74965532,36079.0,1703.6208299430432,3.7611940298507465,1612,1673,63,0,1610,1669,98892,2,0,0,2,4
2020-10-10,US,New York,Queens,74029,7275,0,40.71088124,-73.81684712,36081.0,3284.5458764482946,9.827229869375516,66754,73889,7276,0,66613,73742,2278906,140,-1,0,141,147
2020-10-10,US,New York,Rensselaer,970,42,0,42.71348136,-73.51089874,36083.0,611.1622163136208,4.3298969072164954,928,964,42,0,922,958,159442,6,0,0,6,6
2020-10-10,US,New York,Richmond,16373,1088,0,40.58582155,-74.14808598,36085.0,3438.672835681717,6.645086422769192,15285,16324,1088,0,15236,16294,476179,49,0,0,49,30
2020-10-10,US,New York,Rockland,16690,679,0,41.15027894,-74.02560498,36087.0,5122.9476747219815,4.068304373876574,16011,16599,679,0,15920,16454,325695,91,0,0,91,145
2020-10-10,US,New York,Saratoga,1141,17,0,43.10904162,-73.86653895,36091.0,496.38262791314827,1.4899211218229622,1124,1139,17,0,1122,1122,230163,2,0,0,2,17
2020-10-10,US,New York,Schenectady,1451,48,0,42.81668777,-74.05278291,36093.0,934.3266859413134,3.3080634045485877,1403,1445,48,0,1397,1438,155350,6,0,0,6,7
2020-10-10,US,New York,Schoharie,93,0,0,42.58831742,-74.44339029999998,36095.0,300.00967773153974,0.0,93,90,0,0,90,88,31097,3,0,0,3,2
2020-10-10,US,New York,Schuyler,66,0,0,42.39184015,-76.8773299,36097.0,370.6407592519796,0.0,66,66,0,0,66,62,17912,0,0,0,0,4
2020-10-10,US,New York,Seneca,115,3,0,42.78081007,-76.82497064,36099.0,338.0761994355597,2.608695652173913,112,114,3,0,111,114,34300,1,0,0,1,0
2020-10-10,US,New York,St. Lawrence,344,4,0,44.4976179,-75.06550039,36089.0,319.28717282346383,1.162790697674419,340,342,4,0,338,339,108047,2,0,0,2,3
2020-10-10,US,New York,Steuben,660,57,0,42.2689144,-77.3829924,36101.0,691.9762211807631,8.636363636363637,603,632,57,0,575,608,95796,28,0,0,28,24
2020-10-10,US,New York,Suffolk,47357,2016,0,40.88320119,-72.8012172,36103.0,3207.162937042573,4.257026416369279,45341,47285,2016,0,45269,47196,1481093,72,0,0,72,89
2020-10-10,US,New York,Sullivan,1645,48,0,41.71579493,-74.76394559,36105.0,2180.7720861172975,2.917933130699088,1597,1643,48,0,1595,1633,75498,2,0,0,2,10
2020-10-10,US,New York,Tioga,333,25,0,42.16852837,-76.30835812,36107.0,690.8283716781116,7.5075075075075075,308,319,25,0,294,304,48560,14,0,0,14,15
2020-10-10,US,New York,Tompkins,476,0,0,42.44945765,-76.47229843,36109.0,465.84458798199256,0.0,476,473,0,0,473,465,102793,3,0,0,3,8
2020-10-10,US,New York,Ulster,2355,95,0,41.89027881,-74.26252104,36111.0,1326.2151340575426,4.0339702760084934,2260,2349,95,0,2254,2343,178599,6,0,0,6,6
2020-10-10,US,New York,Unassigned,0,21,0,0.0,0.0,90036.0,0.0,0.0,-21,0,20,0,-20,0,,0,1,0,-1,0
2020-10-10,US,New York,Warren,429,33,0,43.56173026,-73.8433699,36113.0,670.8995370949581,7.6923076923076925,396,429,33,0,396,427,64265,0,0,0,0,2
2020-10-10,US,New York,Washington,317,14,0,43.31153794,-73.43043448,36115.0,517.9400039213124,4.416403785488959,303,317,14,0,303,314,61197,0,0,0,0,3
2020-10-10,US,New York,Wayne,361,5,0,43.15494365,-77.02976528,36117.0,401.4769011766277,1.3850415512465375,356,357,5,0,352,347,90064,4,0,0,4,10
2020-10-10,US,New York,Westchester,38847,1460,0,41.16278376,-73.75741653,36119.0,4015.168898177376,3.758333976883672,37387,38771,1460,0,37311,38694,967612,76,0,0,76,77
2020-10-10,US,New York,Wyoming,150,5,0,42.70145109,-78.22199579,36121.0,376.3265510926014,3.333333333333333,145,150,5,0,145,147,40085,0,0,0,0,3
2020-10-10,US,New York,Yates,71,7,0,42.63505484,-77.10369919,36123.0,284.99177136434787,9.859154929577462,64,70,7,0,63,67,24841,1,0,0,1,3
2020-10-10,US,North Carolina,Alamance,4377,59,0,36.0434701,-79.39976137,37001.0,2582.163778914394,1.3479552204706422,4318,4314,59,0,4255,4287,166436,63,0,0,63,27
2020-10-10,US,North Carolina,Alexander,585,8,0,35.922379600000006,-81.17751948,37003.0,1560.124809984799,1.3675213675213675,577,580,8,0,572,575,37353,5,0,0,5,5
2020-10-10,US,North Carolina,Alleghany,249,1,0,36.49360862,-81.12857041,37005.0,2235.7906078836318,0.4016064257028112,248,245,0,0,245,245,11161,4,1,0,3,0
2020-10-10,US,North Carolina,Anson,668,6,0,34.97403241,-80.09953279,37007.0,2732.553382966539,0.8982035928143712,662,661,6,0,655,662,24877,7,0,0,7,-1
2020-10-10,US,North Carolina,Ashe,323,1,0,36.43296207,-81.49862729,37009.0,1187.369040179392,0.30959752321981426,322,320,1,0,319,306,27109,3,0,0,3,14
2020-10-10,US,North Carolina,Avery,457,0,0,36.07569796,-81.92308483,37011.0,2602.950390157772,0.0,457,453,0,0,453,443,17505,4,0,0,4,10
2020-10-10,US,North Carolina,Beaufort,1087,29,0,35.48531943,-76.84325809,37013.0,2313.0612418606634,2.6678932842686294,1058,1065,28,0,1037,1052,47079,22,1,0,21,13
2020-10-10,US,North Carolina,Bertie,655,13,0,36.0688473,-76.96545943,37015.0,3457.011664115691,1.984732824427481,642,644,13,0,631,639,19026,11,0,0,11,5
2020-10-10,US,North Carolina,Bladen,976,18,0,34.61296243,-78.56180059,37017.0,2982.7027687794152,1.8442622950819672,958,973,18,0,955,968,33190,3,0,0,3,5
2020-10-10,US,North Carolina,Brunswick,1847,28,0,34.070565,-78.22814204,37019.0,1293.2362414227698,1.5159718462371412,1819,1823,28,0,1795,1796,136744,24,0,0,24,27
2020-10-10,US,North Carolina,Buncombe,3533,92,0,35.61113393,-82.53305,37021.0,1352.6499764540124,2.6040192470987833,3441,3475,91,0,3384,3439,259103,58,1,0,57,36
2020-10-10,US,North Carolina,Burke,2356,43,0,35.74989637,-81.70755735,37023.0,2603.746477316682,1.8251273344651957,2313,2332,43,0,2289,2312,90382,24,0,0,24,20
2020-10-10,US,North Carolina,Cabarrus,4340,81,0,35.3877799,-80.55267168,37025.0,2005.0542150027952,1.8663594470046083,4259,4305,81,0,4224,4278,211342,35,0,0,35,27
2020-10-10,US,North Carolina,Caldwell,1948,18,0,35.95204977,-81.54799522,37027.0,2370.464114483195,0.9240246406570842,1930,1924,18,0,1906,1882,82029,24,0,0,24,42
2020-10-10,US,North Carolina,Camden,127,3,0,36.33804939,-76.15568396,37029.0,1168.6758074905679,2.3622047244094486,124,126,3,0,123,126,10710,1,0,0,1,0
2020-10-10,US,North Carolina,Carteret,873,5,0,34.8932941,-76.54120135,37031.0,1256.6032847293193,0.572737686139748,868,854,5,0,849,839,69524,19,0,0,19,15
2020-10-10,US,North Carolina,Caswell,493,5,0,36.39312665,-79.33353281,37033.0,2181.02990621129,1.0141987829614605,488,482,5,0,477,475,22698,11,0,0,11,7
2020-10-10,US,North Carolina,Catawba,3562,55,0,35.66211129,-81.2132617,37035.0,2232.5149952052952,1.5440763615946098,3507,3522,55,0,3467,3478,158652,40,0,0,40,44
2020-10-10,US,North Carolina,Chatham,1785,60,0,35.70394416,-79.25541492,37037.0,2396.938364442057,3.361344537815126,1725,1770,59,0,1711,1761,73139,15,1,0,14,9
2020-10-10,US,North Carolina,Cherokee,702,12,0,35.1349263,-84.05970864,37039.0,2453.516007269677,1.709401709401709,690,694,12,0,682,683,28383,8,0,0,8,11
2020-10-10,US,North Carolina,Chowan,451,4,0,36.12908077,-76.60118385,37041.0,3234.598006167969,0.8869179600886918,447,443,4,0,439,432,14029,8,0,0,8,11
2020-10-10,US,North Carolina,Clay,152,3,0,35.05704275,-83.74353633,37043.0,1353.3968480099725,1.973684210526316,149,144,3,0,141,141,11139,8,0,0,8,3
2020-10-10,US,North Carolina,Cleveland,2629,73,0,35.33553364,-81.55204486,37045.0,2684.1046688515216,2.7767211867630284,2556,2592,73,0,2519,2561,97645,37,0,0,37,31
2020-10-10,US,North Carolina,Columbus,1497,58,0,34.26744084,-78.65801424,37047.0,2696.908553721986,3.874415497661991,1439,1493,58,0,1435,1476,55655,4,0,0,4,17
2020-10-10,US,North Carolina,Craven,1958,48,0,35.11833364,-77.08398081,37049.0,1916.995466961689,2.4514811031664965,1910,1924,48,0,1876,1899,102912,34,0,0,34,25
2020-10-10,US,North Carolina,Cumberland,6090,81,0,35.04762133,-78.82623165,37051.0,1815.152499634883,1.3300492610837438,6009,6028,80,0,5948,5993,332330,62,1,0,61,35
2020-10-10,US,North Carolina,Currituck,205,4,0,36.36123664,-75.95876401,37053.0,738.3928249828909,1.951219512195122,201,203,4,0,199,199,27072,2,0,0,2,4
2020-10-10,US,North Carolina,Dare,302,3,0,35.66520691,-75.71767334,37055.0,816.0177254181415,0.9933774834437086,299,299,3,0,296,297,36501,3,0,0,3,2
2020-10-10,US,North Carolina,Davidson,3174,39,0,35.79115496,-80.21256572,37057.0,1893.693059441916,1.2287334593572778,3135,3130,39,0,3091,3090,166614,44,0,0,44,40
2020-10-10,US,North Carolina,Davie,631,6,0,35.93099927,-80.54496571,37059.0,1472.716239555618,0.9508716323296356,625,627,6,0,621,620,42733,4,0,0,4,7
2020-10-10,US,North Carolina,Duplin,2567,54,0,34.93449805,-77.93140529,37061.0,4370.0311537086545,2.1036229061160894,2513,2554,54,0,2500,2534,58856,13,0,0,13,20
2020-10-10,US,North Carolina,Durham,8226,97,0,36.03638492,-78.87608331,37063.0,2558.726919822824,1.1791879406759056,8129,8180,97,0,8083,8126,316739,46,0,0,46,54
2020-10-10,US,North Carolina,Edgecombe,1581,52,0,35.91230639,-77.59436892,37065.0,3071.5728940006206,3.289057558507274,1529,1553,52,0,1501,1534,52005,28,0,0,28,19
2020-10-10,US,North Carolina,Forsyth,7605,105,0,36.12859861,-80.25459052,37067.0,1989.3014556821304,1.3806706114398422,7500,7540,104,0,7436,7501,379099,65,1,0,64,39
2020-10-10,US,North Carolina,Franklin,1336,31,0,36.081519,-78.28708884,37069.0,1917.1988232761719,2.320359281437126,1305,1328,31,0,1297,1315,67560,8,0,0,8,13
2020-10-10,US,North Carolina,Gaston,6007,97,0,35.29373559,-81.17477045,37071.0,2675.378236218929,1.614782753454303,5910,5927,97,0,5830,5852,222846,80,0,0,80,75
2020-10-10,US,North Carolina,Gates,155,3,0,36.44667547,-76.69749701,37073.0,1340.5985123681025,1.935483870967742,152,155,3,0,152,154,11573,0,0,0,0,1
2020-10-10,US,North Carolina,Graham,217,7,0,35.3506925,-83.83369267,37075.0,2570.785451960668,3.2258064516129035,210,214,7,0,207,208,8484,3,0,0,3,6
2020-10-10,US,North Carolina,Granville,1821,50,0,36.30337451,-78.65184241,37077.0,3012.7558195324523,2.745744096650192,1771,1815,50,0,1765,1807,60115,6,0,0,6,8
2020-10-10,US,North Carolina,Greene,748,7,0,35.48544173,-77.67578087,37079.0,3550.239688642081,0.9358288770053476,741,725,6,0,719,717,21012,23,1,0,22,8
2020-10-10,US,North Carolina,Guilford,9691,191,0,36.07959451,-79.78824948,37081.0,1804.070934185199,1.9709008358270559,9500,9526,191,0,9335,9411,533670,165,0,0,165,115
2020-10-10,US,North Carolina,Halifax,1152,22,0,36.25669272,-77.6556109,37083.0,2303.539292141572,1.9097222222222223,1130,1136,22,0,1114,1124,50574,16,0,0,16,12
2020-10-10,US,North Carolina,Harnett,2529,62,0,35.36731853,-78.87243571,37085.0,1859.887038889216,2.4515618821668643,2467,2515,60,0,2455,2488,134214,14,2,0,12,27
2020-10-10,US,North Carolina,Haywood,646,35,0,35.55269063,-82.98196486,37087.0,1036.635268064894,5.4179566563467505,611,646,31,0,615,638,61971,0,4,0,-4,8
2020-10-10,US,North Carolina,Henderson,2183,64,0,35.33788927,-82.4766782,37089.0,1859.185637514159,2.9317453046266606,2119,2162,64,0,2098,2152,116748,21,0,0,21,10
2020-10-10,US,North Carolina,Hertford,820,34,0,36.3607755,-76.98104134,37091.0,3463.2765975419184,4.146341463414634,786,815,34,0,781,813,23659,5,0,0,5,2
2020-10-10,US,North Carolina,Hoke,1358,18,0,35.01888303,-79.23651674,37093.0,2458.6305536444947,1.325478645066274,1340,1347,18,0,1329,1342,54764,11,0,0,11,5
2020-10-10,US,North Carolina,Hyde,148,5,0,35.42017674,-76.15180542,37095.0,2997.771926271015,3.3783783783783785,143,146,5,0,141,145,5230,2,0,0,2,1
2020-10-10,US,North Carolina,Iredell,3334,34,0,35.80950511,-80.8743128,37097.0,1833.8228661320306,1.0197960407918416,3300,3317,34,0,3283,3286,178435,17,0,0,17,31
2020-10-10,US,North Carolina,Jackson,753,7,0,35.28814273,-83.14093385,37099.0,1713.7785060767444,0.9296148738379814,746,735,7,0,728,731,43327,18,0,0,18,4
2020-10-10,US,North Carolina,Johnston,4897,57,0,35.51745004,-78.36622717,37101.0,2339.2678860604087,1.1639779456810293,4840,4868,57,0,4811,4825,202675,29,0,0,29,43
2020-10-10,US,North Carolina,Jones,171,14,0,35.02254606,-77.35870791,37103.0,1815.4793502494958,8.187134502923977,157,167,14,0,153,164,9637,4,0,0,4,3
2020-10-10,US,North Carolina,Lee,1816,15,0,35.47623147,-79.17569362,37105.0,2939.5101895466096,0.8259911894273128,1801,1805,15,0,1790,1786,61452,11,0,0,11,19
2020-10-10,US,North Carolina,Lenoir,1125,34,0,35.24032589999999,-77.64245615,37107.0,2010.7597991027544,3.0222222222222217,1091,1108,34,0,1074,1093,55976,17,0,0,17,15
2020-10-10,US,North Carolina,Lincoln,1951,16,0,35.48508185,-81.21740317,37109.0,2265.6803428133458,0.8200922603792927,1935,1909,16,0,1893,1889,83770,42,0,0,42,20
2020-10-10,US,North Carolina,Macon,675,2,0,35.14867843,-83.41696617,37113.0,1882.4251213118407,0.2962962962962963,673,670,2,0,668,666,35285,5,0,0,5,4
2020-10-10,US,North Carolina,Madison,129,1,0,35.85402722,-82.71346418,37115.0,592.9671339921857,0.7751937984496124,128,127,1,0,126,123,21763,2,0,0,2,4
2020-10-10,US,North Carolina,Martin,546,15,0,35.84326734,-77.10860251,37117.0,2433.155080213904,2.7472527472527477,531,537,15,0,522,532,22671,9,0,0,9,5
2020-10-10,US,North Carolina,McDowell,1123,30,0,35.67736232,-82.0482425,37111.0,2454.322930326077,2.6714158504007117,1093,1114,30,0,1084,1106,45507,9,0,0,9,8
2020-10-10,US,North Carolina,Mecklenburg,30273,365,0,35.24469268,-80.8317671,37119.0,2726.422876987201,1.2056948435899977,29908,30088,365,0,29723,29963,1093901,185,0,0,185,125
2020-10-10,US,North Carolina,Mitchell,173,3,0,36.01059309,-82.1582442,37121.0,1156.10799251537,1.7341040462427746,170,172,3,0,169,172,15000,1,0,0,1,0
2020-10-10,US,North Carolina,Montgomery,1085,36,0,35.33155144,-79.90416657,37123.0,3992.9341625878633,3.3179723502304146,1049,1085,36,0,1049,1076,27271,0,0,0,0,9
2020-10-10,US,North Carolina,Moore,1956,36,0,35.30885257,-79.48474178,37125.0,1938.9373513084847,1.8404907975460123,1920,1918,36,0,1882,1899,98682,38,0,0,38,19
2020-10-10,US,North Carolina,Nash,2786,51,0,35.96575634,-77.98422508,37127.0,2954.4635093003035,1.8305814788226848,2735,2740,51,0,2689,2701,94016,46,0,0,46,39
2020-10-10,US,North Carolina,New Hanover,4663,35,0,34.25758282,-77.87075626,37129.0,1988.7151185850823,0.7505897490885696,4628,4628,33,0,4595,4582,232274,35,2,0,33,46
2020-10-10,US,North Carolina,Northampton,503,17,0,36.41736238,-77.39769443,37131.0,2581.737925370836,3.37972166998012,486,500,17,0,483,498,19676,3,0,0,3,2
2020-10-10,US,North Carolina,Onslow,2591,26,0,34.72607366,-77.42908179,37133.0,1308.9957461427314,1.0034735623311464,2565,2549,26,0,2523,2505,197683,42,0,0,42,44
2020-10-10,US,North Carolina,Orange,2817,57,0,36.06092947,-79.12167935,37135.0,1897.2763274872711,2.0234291799787005,2760,2808,57,0,2751,2795,146027,9,0,0,9,13
2020-10-10,US,North Carolina,Pamlico,292,2,0,35.15253315,-76.66559823,37137.0,2294.5151658022946,0.6849315068493149,290,286,2,0,284,279,12670,6,0,0,6,7
2020-10-10,US,North Carolina,Pasquotank,784,33,0,36.26723798,-76.25134778,37139.0,1968.6621132985128,4.209183673469388,751,783,33,0,750,768,39639,1,0,0,1,15
2020-10-10,US,North Carolina,Pender,1108,8,0,34.52265624,-77.90352133,37141.0,1757.056771328893,0.7220216606498195,1100,1095,8,0,1087,1083,62162,13,0,0,13,12
2020-10-10,US,North Carolina,Perquimans,211,3,0,36.17847453,-76.40603143,37143.0,1567.258411943846,1.4218009478672986,208,208,3,0,205,201,13422,3,0,0,3,7
2020-10-10,US,North Carolina,Person,502,9,0,36.38989032,-78.97217358,37145.0,1271.2079007343632,1.792828685258964,493,491,9,0,482,487,39507,11,0,0,11,4
2020-10-10,US,North Carolina,Pitt,5453,33,0,35.59535426,-77.37353178,37147.0,3017.007668389196,0.6051714652484871,5420,5389,33,0,5356,5343,179914,64,0,0,64,46
2020-10-10,US,North Carolina,Polk,350,11,0,35.27820615,-82.16812354,37149.0,1688.8631538313064,3.1428571428571432,339,348,11,0,337,340,20611,2,0,0,2,8
2020-10-10,US,North Carolina,Randolph,3171,55,0,35.71015088,-79.80570339,37151.0,2207.187454321452,1.7344686218858405,3116,3126,55,0,3071,3089,143351,45,0,0,45,37
2020-10-10,US,North Carolina,Richmond,1169,20,0,35.00417719,-79.74491009,37153.0,2607.6869883334452,1.710863986313088,1149,1149,20,0,1129,1141,44887,20,0,0,20,8
2020-10-10,US,North Carolina,Robeson,5160,84,0,34.64244496,-79.10250529999998,37155.0,3950.2392344497607,1.627906976744186,5076,5089,84,0,5005,5040,131831,71,0,0,71,49
2020-10-10,US,North Carolina,Rockingham,1528,17,0,36.39593137,-79.77504841,37157.0,1678.9363806175147,1.112565445026178,1511,1500,17,0,1483,1467,90690,28,0,0,28,33
2020-10-10,US,North Carolina,Rowan,3738,106,0,35.64003916,-80.52446628,37159.0,2630.764033556669,2.8357410379882286,3632,3708,105,0,3603,3671,141262,30,1,0,29,37
2020-10-10,US,North Carolina,Rutherford,1437,39,0,35.40114178,-81.92112099,37161.0,2143.848185113906,2.7139874739039667,1398,1425,39,0,1386,1407,66826,12,0,0,12,18
2020-10-10,US,North Carolina,Sampson,2421,28,0,34.98820368,-78.36914061,37163.0,3810.7380648817107,1.1565468814539446,2393,2392,28,0,2364,2363,63626,29,0,0,29,29
2020-10-10,US,North Carolina,Scotland,1421,17,0,34.8386299,-79.4757978,37165.0,4080.63636102576,1.1963406052076002,1404,1416,17,0,1399,1400,34810,5,0,0,5,16
2020-10-10,US,North Carolina,Stanly,2219,57,0,35.31647813,-80.25093221,37167.0,3533.1019329363435,2.568724650743578,2162,2187,56,0,2131,2171,62075,32,1,0,31,16
2020-10-10,US,North Carolina,Stokes,538,5,0,36.4017975,-80.23893369,37169.0,1180.057467482617,0.929368029739777,533,533,4,0,529,525,45467,5,1,0,4,8
2020-10-10,US,North Carolina,Surry,1480,25,0,36.41689489,-80.69102283,37171.0,2061.7694997422786,1.6891891891891893,1455,1459,25,0,1434,1451,71948,21,0,0,21,8
2020-10-10,US,North Carolina,Swain,176,3,0,35.48665845,-83.48748932,37173.0,1233.2702683764278,1.7045454545454546,173,174,3,0,171,172,14245,2,0,0,2,2
2020-10-10,US,North Carolina,Transylvania,354,9,0,35.20383864,-82.79638423,37175.0,1029.518685473317,2.5423728813559316,345,352,9,0,343,349,34215,2,0,0,2,3
2020-10-10,US,North Carolina,Tyrrell,117,3,0,35.87147226,-76.17055253,37177.0,2913.346613545817,2.5641025641025643,114,117,3,0,114,117,4131,0,0,0,0,0
2020-10-10,US,North Carolina,Union,5324,60,0,34.98960527,-80.52955873,37179.0,2219.637370288378,1.1269722013523666,5264,5277,60,0,5217,5232,235908,47,0,0,47,45
2020-10-10,US,North Carolina,Vance,1105,46,0,36.36880673,-78.40670845,37181.0,2481.194566071629,4.16289592760181,1059,1100,46,0,1054,1099,44582,5,0,0,5,1
2020-10-10,US,North Carolina,Wake,18980,258,0,35.78879266,-78.65249174,37183.0,1707.2014578672934,1.3593256059009484,18722,18884,258,0,18626,18755,1092305,96,0,0,96,129
2020-10-10,US,North Carolina,Warren,375,7,0,36.39728256,-78.10652228,37185.0,1900.5625665196897,1.8666666666666667,368,373,7,0,366,370,19807,2,0,0,2,3
2020-10-10,US,North Carolina,Washington,227,8,0,35.83810081,-76.57299037,37187.0,1960.2763385146804,3.524229074889868,219,224,8,0,216,222,11859,3,0,0,3,2
2020-10-10,US,North Carolina,Watauga,1189,2,0,36.23103603,-81.70033724,37189.0,2116.524556313082,0.16820857863751051,1187,1151,2,0,1149,1122,55945,38,0,0,38,29
2020-10-10,US,North Carolina,Wayne,3800,74,0,35.36438125,-78.00027268,37191.0,3086.144025468809,1.947368421052632,3726,3751,74,0,3677,3712,123248,49,0,0,49,39
2020-10-10,US,North Carolina,Wilkes,1409,35,0,36.2084135,-81.16232895,37193.0,2059.5801906098345,2.48403122782115,1374,1378,35,0,1343,1359,68557,31,0,0,31,19
2020-10-10,US,North Carolina,Wilson,2473,58,0,35.70625477,-77.917978,37195.0,3023.19042554492,2.3453295592397896,2415,2452,58,0,2394,2433,81455,21,0,0,21,19
2020-10-10,US,North Carolina,Yadkin,826,9,0,36.16222629,-80.66239436,37197.0,2192.9009477792238,1.089588377723971,817,814,9,0,805,798,37543,12,0,0,12,16
2020-10-10,US,North Carolina,Yancey,226,0,0,35.90079156,-82.31237181,37199.0,1250.7609718302065,0.0,226,226,0,0,226,224,17903,0,0,0,0,2
2020-10-10,US,North Dakota,Adams,38,0,0,46.09686891,-102.5285397,38001.0,1714.8014440433212,0.0,38,30,0,0,30,29,2294,8,0,0,8,1
2020-10-10,US,North Dakota,Barnes,265,1,0,46.93579637,-98.06605978,38003.0,2544.407105136822,0.37735849056603776,264,264,1,0,263,262,10542,1,0,0,1,2
2020-10-10,US,North Dakota,Benson,399,8,0,48.0683985,-99.35916363,38005.0,5840.163934426229,2.0050125313283207,391,396,7,0,389,375,6962,3,1,0,2,21
2020-10-10,US,North Dakota,Billings,24,0,0,47.02366884,-103.3762965,38007.0,2586.2068965517237,0.0,24,24,0,0,24,20,919,0,0,0,0,4
2020-10-10,US,North Dakota,Bottineau,137,9,0,48.79106111,-100.8378166,38009.0,2180.834129258198,6.569343065693432,128,126,9,0,117,121,6411,11,0,0,11,5
2020-10-10,US,North Dakota,Bowman,64,0,0,46.11285362,-103.5203343,38011.0,2116.4021164021165,0.0,64,57,0,0,57,55,3076,7,0,0,7,2
2020-10-10,US,North Dakota,Burke,43,1,0,48.79094471,-102.51821170000001,38013.0,2033.096926713948,2.3255813953488373,42,43,1,0,42,40,2100,0,0,0,0,3
2020-10-10,US,North Dakota,Burleigh,4537,63,0,46.97847375,-100.46452140000001,38015.0,4744.525547445255,1.38858276394093,4474,4483,58,0,4425,4356,95273,54,5,0,49,127
2020-10-10,US,North Dakota,Cass,6301,78,0,46.93201724,-97.24447190000001,38017.0,3463.55326154472,1.2378987462307571,6223,6192,78,0,6114,6081,181516,109,0,0,109,111
2020-10-10,US,North Dakota,Cavalier,58,0,0,48.77286211,-98.46685243,38019.0,1541.7331206804888,0.0,58,57,0,0,57,57,3829,1,0,0,1,0
2020-10-10,US,North Dakota,Dickey,160,0,0,46.11017712,-98.50490079999999,38021.0,3284.072249589491,0.0,160,158,0,0,158,152,4903,2,0,0,2,6
2020-10-10,US,North Dakota,Divide,24,1,0,48.814938700000006,-103.48736109999999,38023.0,1060.0706713780921,4.166666666666667,23,22,1,0,21,21,2283,2,0,0,2,1
2020-10-10,US,North Dakota,Dunn,154,3,0,47.35423935,-102.61604679999999,38025.0,3481.012658227848,1.9480519480519483,151,150,3,0,147,146,4332,4,0,0,4,4
2020-10-10,US,North Dakota,Eddy,128,3,0,47.71701474,-98.90432337,38027.0,5596.8517708788795,2.34375,125,117,3,0,114,112,2313,11,0,0,11,5
2020-10-10,US,North Dakota,Emmons,236,5,0,46.28398398,-100.2389766,38029.0,7281.703178031472,2.1186440677966103,231,231,5,0,226,231,3295,5,0,0,5,0
2020-10-10,US,North Dakota,Foster,83,1,0,47.457108399999996,-98.88279923,38031.0,2585.669781931464,1.2048192771084338,82,82,1,0,81,77,3216,1,0,0,1,5
2020-10-10,US,North Dakota,Golden Valley,87,0,0,46.94022281,-103.8465421,38033.0,4940.3747870528105,0.0,87,82,0,0,82,79,1769,5,0,0,5,3
2020-10-10,US,North Dakota,Grand Forks,2635,14,0,47.92093639,-97.45450447,38035.0,3794.041842450073,0.5313092979127134,2621,2587,14,0,2573,2511,70770,48,0,0,48,76
2020-10-10,US,North Dakota,Grant,47,1,0,46.35821257,-101.63900129999999,38037.0,2066.8425681618287,2.127659574468085,46,44,1,0,43,43,2374,3,0,0,3,1
2020-10-10,US,North Dakota,Griggs,62,1,0,47.45785838,-98.23850925,38039.0,2779.0228597041687,1.6129032258064515,61,62,1,0,61,61,2232,0,0,0,0,1
2020-10-10,US,North Dakota,Hettinger,77,1,0,46.43375068,-102.4632417,38041.0,3081.232492997199,1.2987012987012987,76,76,0,0,76,74,2514,1,1,0,0,2
2020-10-10,US,North Dakota,Kidder,64,0,0,46.97830064,-99.77507857,38043.0,2580.6451612903224,0.0,64,62,0,0,62,62,2450,2,0,0,2,0
2020-10-10,US,North Dakota,LaMoure,117,0,0,46.45681054,-98.53542355,38045.0,2891.744933267425,0.0,117,115,0,0,115,115,4062,2,0,0,2,0
2020-10-10,US,North Dakota,Logan,88,0,0,46.45729487,-99.47719806,38047.0,4756.756756756758,0.0,88,88,0,0,88,87,1903,0,0,0,0,1
2020-10-10,US,North Dakota,McHenry,117,8,0,48.23104458,-100.6324822,38049.0,2036.5535248041776,6.837606837606838,109,117,7,0,110,113,5816,0,1,0,-1,4
2020-10-10,US,North Dakota,McIntosh,112,3,0,46.11182017,-99.44145858,38051.0,4485.382458950741,2.6785714285714284,109,108,3,0,105,102,2585,4,0,0,4,6
2020-10-10,US,North Dakota,McKenzie,349,3,0,47.74133370000001,-103.395905,38053.0,2322.9499467518635,0.8595988538681948,346,328,3,0,325,310,13632,21,0,0,21,18
2020-10-10,US,North Dakota,McLean,366,4,0,47.60766714,-101.3182418,38055.0,3873.015873015873,1.0928961748633879,362,352,4,0,348,340,9541,14,0,0,14,12
2020-10-10,US,North Dakota,Mercer,251,1,0,47.31213126,-101.8318399,38057.0,3065.836081592769,0.398406374501992,250,225,1,0,224,218,8267,26,0,0,26,7
2020-10-10,US,North Dakota,Morton,1595,43,0,46.71681782,-101.2822377,38059.0,5085.448284657569,2.6959247648902815,1552,1569,41,0,1528,1521,31095,26,2,0,24,48
2020-10-10,US,North Dakota,Mountrail,336,5,0,48.20197971,-102.3555315,38061.0,3186.344238975818,1.488095238095238,331,326,4,0,322,323,10218,10,1,0,9,3
2020-10-10,US,North Dakota,Nelson,119,1,0,47.9226426,-98.19038437,38063.0,4133.379645710316,0.8403361344537815,118,118,1,0,117,118,2869,1,0,0,1,0
2020-10-10,US,North Dakota,Oliver,33,0,0,47.11530482,-101.3406158,38065.0,1684.5329249617155,0.0,33,31,0,0,31,29,1952,2,0,0,2,2
2020-10-10,US,North Dakota,Pembina,141,0,0,48.76623521,-97.5523809,38067.0,2073.224525805029,0.0,141,140,0,0,140,134,6947,1,0,0,1,6
2020-10-10,US,North Dakota,Pierce,37,0,0,48.24977025,-99.96407787,38069.0,930.8176100628932,0.0,37,37,0,0,37,37,4081,0,0,0,0,0
2020-10-10,US,North Dakota,Ramsey,329,3,0,48.26886249,-98.72223879,38071.0,2856.150707526695,0.9118541033434652,326,323,3,0,320,308,11481,6,0,0,6,15
2020-10-10,US,North Dakota,Ransom,98,0,0,46.45621782,-97.65742504,38073.0,1878.1142200076652,0.0,98,91,0,0,91,90,5237,7,0,0,7,1
2020-10-10,US,North Dakota,Renville,89,2,0,48.71982533,-101.6603912,38075.0,3824.666953158573,2.247191011235955,87,89,2,0,87,85,2374,0,0,0,0,4
2020-10-10,US,North Dakota,Richland,284,3,0,46.26440649,-96.94852979,38077.0,1755.5789083266363,1.056338028169014,281,279,3,0,276,273,16239,5,0,0,5,6
2020-10-10,US,North Dakota,Rolette,253,7,0,48.77245354,-99.84097493,38079.0,1784.7065462753949,2.766798418972332,246,244,7,0,237,240,14301,9,0,0,9,4
2020-10-10,US,North Dakota,Sargent,94,1,0,46.10830372,-97.63217159,38081.0,2411.4930733709593,1.0638297872340423,93,92,1,0,91,93,3870,2,0,0,2,-1
2020-10-10,US,North Dakota,Sheridan,18,1,0,47.57700669,-100.3426391,38083.0,1368.8212927756654,5.5555555555555545,17,18,1,0,17,18,1349,0,0,0,0,0
2020-10-10,US,North Dakota,Sioux,190,3,0,46.11323337,-101.04401490000001,38085.0,4491.725768321513,1.5789473684210529,187,184,3,0,181,177,4358,6,0,0,6,7
2020-10-10,US,North Dakota,Slope,11,0,0,46.44737738,-103.4601547,38087.0,1466.666666666667,0.0,11,11,0,0,11,11,763,0,0,0,0,0
2020-10-10,US,North Dakota,Stark,1997,24,0,46.80851182,-102.65763259999999,38089.0,6341.897170440471,1.201802704056084,1973,1983,22,0,1961,1926,30997,14,2,0,12,57
2020-10-10,US,North Dakota,Steele,31,0,0,47.45611548,-97.72728747,38091.0,1640.2116402116405,0.0,31,31,0,0,31,31,1903,0,0,0,0,0
2020-10-10,US,North Dakota,Stutsman,600,4,0,46.97962541,-98.95637318,38093.0,2897.9907264296753,0.6666666666666666,596,585,4,0,581,572,20917,15,0,0,15,13
2020-10-10,US,North Dakota,Towner,36,0,0,48.68565745,-99.24564265,38095.0,1644.5865692096847,0.0,36,30,0,0,30,30,2192,6,0,0,6,0
2020-10-10,US,North Dakota,Traill,156,0,0,47.45367788,-97.16323288,38097.0,1941.264310602289,0.0,156,149,0,0,149,149,8037,7,0,0,7,0
2020-10-10,US,North Dakota,Walsh,266,1,0,48.36876964,-97.72574783,38099.0,2499.7650596748426,0.3759398496240601,265,263,1,0,262,255,10667,3,0,0,3,8
2020-10-10,US,North Dakota,Ward,1426,20,0,48.22390169,-101.54367629999999,38101.0,2108.1888203900007,1.4025245441795229,1406,1388,18,0,1370,1353,67744,38,2,0,36,35
2020-10-10,US,North Dakota,Wells,58,0,0,47.58614526,-99.65904998,38103.0,1512.7803860198223,0.0,58,56,0,0,56,53,3957,2,0,0,2,3
2020-10-10,US,North Dakota,Williams,1407,9,0,48.34522353,-103.4793387,38105.0,3743.116337226316,0.6396588486140725,1398,1324,9,0,1315,1308,35350,83,0,0,83,16
2020-10-10,US,Ohio,Adams,169,4,0,38.84541072,-83.4718964,39001.0,610.1523575709438,2.366863905325444,165,165,4,0,161,162,27724,4,0,0,4,3
2020-10-10,US,Ohio,Allen,1679,72,0,40.77285242,-84.10802343,39003.0,1640.4334105187052,4.288266825491364,1607,1664,72,0,1592,1641,102663,15,0,0,15,23
2020-10-10,US,Ohio,Ashland,336,5,0,40.84772277,-82.27280781,39005.0,628.2252636302445,1.488095238095238,331,334,5,0,329,319,53745,2,0,0,2,15
2020-10-10,US,Ohio,Ashtabula,684,48,0,41.70860332,-80.74830218,39007.0,703.4069991053157,7.0175438596491215,636,682,48,0,634,680,97493,2,0,0,2,2
2020-10-10,US,Ohio,Athens,986,2,0,39.33425634,-82.04278644,39009.0,1509.3299860700781,0.2028397565922921,984,955,2,0,953,909,65818,31,0,0,31,46
2020-10-10,US,Ohio,Auglaize,759,16,0,40.55998859,-84.22421429999999,39011.0,1662.4321009286841,2.1080368906455864,743,739,16,0,723,717,45804,20,0,0,20,22
2020-10-10,US,Ohio,Belmont,737,27,0,40.01625942,-80.9924051,39013.0,1099.9015013580872,3.663500678426052,710,736,27,0,709,733,67505,1,0,0,1,3
2020-10-10,US,Ohio,Brown,310,3,0,38.93416837,-83.86788395,39015.0,713.759440044207,0.967741935483871,307,308,3,0,305,303,43602,2,0,0,2,5
2020-10-10,US,Ohio,Butler,7098,115,0,39.44012838,-84.57388716,39017.0,1852.6155339907184,1.6201746970977742,6983,7014,116,0,6898,6911,382378,84,-1,0,85,103
2020-10-10,US,Ohio,Carroll,174,7,0,40.578968599999996,-81.09178213,39019.0,646.5036783829977,4.022988505747127,167,171,7,0,164,168,27081,3,0,0,3,3
2020-10-10,US,Ohio,Champaign,344,3,0,40.13923427,-83.76875242,39021.0,884.6598945608847,0.8720930232558141,341,341,3,0,338,335,38754,3,0,0,3,6
2020-10-10,US,Ohio,Clark,2100,52,0,39.91592258,-83.78498252,39023.0,1566.1940738199469,2.4761904761904763,2048,2077,52,0,2025,2048,134585,23,0,0,23,29
2020-10-10,US,Ohio,Clermont,1980,34,0,39.04847534,-84.15375786,39025.0,959.1722053209836,1.7171717171717171,1946,1953,34,0,1919,1924,205466,27,0,0,27,29
2020-10-10,US,Ohio,Clinton,354,13,0,39.41485808,-83.80852286,39027.0,843.499809378574,3.6723163841807906,341,350,13,0,337,346,42057,4,0,0,4,4
2020-10-10,US,Ohio,Columbiana,2010,86,0,40.76932373,-80.78094576,39029.0,1972.8512116839904,4.278606965174129,1924,2006,86,0,1920,2003,102665,4,0,0,4,3
2020-10-10,US,Ohio,Coshocton,257,11,0,40.30096166,-81.91729018,39031.0,702.1857923497267,4.280155642023346,246,253,11,0,242,252,36629,4,0,0,4,1
2020-10-10,US,Ohio,Crawford,314,6,0,40.85065156,-82.91989099,39033.0,756.7359136260665,1.9108280254777068,308,305,6,0,299,294,41550,9,0,0,9,11
2020-10-10,US,Ohio,Cuyahoga,18358,667,0,41.424119,-81.65918339,39035.0,1486.3910767955228,3.6332933870792026,17691,18299,667,0,17632,18183,1243857,59,0,0,59,116
2020-10-10,US,Ohio,Darke,985,44,0,40.13412966,-84.6194517,39037.0,1927.1026940308727,4.467005076142132,941,978,44,0,934,964,51323,7,0,0,7,14
2020-10-10,US,Ohio,Defiance,399,13,0,41.32398837,-84.49076944,39039.0,1047.601543833854,3.2581453634085213,386,397,13,0,384,390,38165,2,0,0,2,7
2020-10-10,US,Ohio,Delaware,2565,26,0,40.27942393,-83.00457058,39041.0,1226.2342418143487,1.01364522417154,2539,2548,26,0,2522,2511,204826,17,0,0,17,37
2020-10-10,US,Ohio,Erie,1041,51,0,41.36796058,-82.62904521,39043.0,1401.718148277812,4.899135446685879,990,1036,51,0,985,1022,74615,5,0,0,5,14
2020-10-10,US,Ohio,Fairfield,2357,55,0,39.75107189,-82.63088163,39045.0,1495.8051455189307,2.333474756045821,2302,2338,55,0,2283,2310,155782,19,0,0,19,28
2020-10-10,US,Ohio,Fayette,349,7,0,39.56021306,-83.4562016,39047.0,1223.4881682734444,2.005730659025788,342,334,7,0,327,324,28666,15,0,0,15,10
2020-10-10,US,Ohio,Franklin,29005,635,0,39.96995815,-83.01115755,39049.0,2202.7619391899484,2.189277710739528,28370,28841,635,0,28206,28661,1310300,164,0,0,164,180
2020-10-10,US,Ohio,Fulton,401,3,0,41.60213491,-84.12571393,39051.0,951.9061862032946,0.7481296758104738,398,384,2,0,382,378,42276,17,1,0,16,6
2020-10-10,US,Ohio,Gallia,244,13,0,38.82708533,-82.31647569,39053.0,816.1081008763127,5.327868852459017,231,240,13,0,227,235,29979,4,0,0,4,5
2020-10-10,US,Ohio,Geauga,758,50,0,41.49952319,-81.17935342,39055.0,809.4053326784056,6.596306068601582,708,755,50,0,705,755,94031,3,0,0,3,0
2020-10-10,US,Ohio,Greene,1839,38,0,39.69116283,-83.89032084,39057.0,1088.5714793088546,2.066340402392605,1801,1805,37,0,1768,1774,167995,34,1,0,33,31
2020-10-10,US,Ohio,Guernsey,207,8,0,40.05026529,-81.49248905,39059.0,532.475884244373,3.864734299516908,199,198,8,0,190,192,39022,9,0,0,9,6
2020-10-10,US,Ohio,Hamilton,14510,335,0,39.19673558,-84.54502924,39061.0,1774.982170664964,2.3087525844245347,14175,14357,335,0,14022,14208,816684,153,0,0,153,149
2020-10-10,US,Ohio,Hancock,875,14,0,41.00250487,-83.66838948,39063.0,1154.612512040959,1.6,861,866,14,0,852,849,75930,9,0,0,9,17
2020-10-10,US,Ohio,Hardin,283,13,0,40.66015414,-83.65929931,39065.0,902.2796110314044,4.593639575971731,270,282,13,0,269,274,31480,1,0,0,1,8
2020-10-10,US,Ohio,Harrison,71,3,0,40.29380509,-81.09068544,39067.0,472.0744680851063,4.225352112676056,68,71,3,0,68,71,15174,0,0,0,0,0
2020-10-10,US,Ohio,Henry,396,17,0,41.333964200000004,-84.06830637,39069.0,1466.3408131526328,4.292929292929293,379,389,17,0,372,382,27086,7,0,0,7,7
2020-10-10,US,Ohio,Highland,294,4,0,39.1839264,-83.60331456,39071.0,681.1705011468688,1.3605442176870748,290,291,4,0,287,281,43058,3,0,0,3,10
2020-10-10,US,Ohio,Hocking,182,9,0,39.49537927,-82.47991446,39073.0,643.9286725162751,4.945054945054945,173,180,9,0,171,179,28385,2,0,0,2,1
2020-10-10,US,Ohio,Holmes,460,10,0,40.56163713,-81.92635677,39075.0,1046.4058234758872,2.1739130434782608,450,454,10,0,444,439,43892,6,0,0,6,15
2020-10-10,US,Ohio,Huron,643,8,0,41.14651175,-82.59867951,39077.0,1103.559537294477,1.2441679626749609,635,641,8,0,633,636,58504,2,0,0,2,5
2020-10-10,US,Ohio,Jackson,332,7,0,39.01914254,-82.61818559999998,39079.0,1024.2803813284793,2.108433734939759,325,328,7,0,321,317,32384,4,0,0,4,11
2020-10-10,US,Ohio,Jefferson,392,4,0,40.38614126,-80.76259514,39081.0,600.0765403750478,1.020408163265306,388,390,4,0,386,380,65767,2,0,0,2,10
2020-10-10,US,Ohio,Knox,316,15,0,40.39830217,-82.42027563,39083.0,507.0440614871153,4.746835443037975,301,315,15,0,300,311,61893,1,0,0,1,4
2020-10-10,US,Ohio,Lake,1748,56,0,41.69710807,-81.23676539,39085.0,759.5079709231845,3.203661327231121,1692,1739,56,0,1683,1729,230514,9,0,0,9,10
2020-10-10,US,Ohio,Lawrence,788,24,0,38.59743452,-82.53466552,39087.0,1325.1938180044733,3.045685279187817,764,778,23,0,755,766,59866,10,1,0,9,12
2020-10-10,US,Ohio,Licking,2158,65,0,40.09136236,-82.48185785,39089.0,1220.1603510081304,3.0120481927710845,2093,2138,65,0,2073,2076,175769,20,0,0,20,62
2020-10-10,US,Ohio,Logan,353,3,0,40.38996525,-83.76784341,39091.0,772.9024347521457,0.8498583569405099,350,352,3,0,349,347,45358,1,0,0,1,5
2020-10-10,US,Ohio,Lorain,2476,89,0,41.29553751,-82.15083537,39093.0,799.1401819689963,3.594507269789984,2387,2460,89,0,2371,2447,309461,16,0,0,16,13
2020-10-10,US,Ohio,Lucas,7732,370,0,41.62101218,-83.65468618,39095.0,1805.0743787761355,4.785307811691671,7362,7704,370,0,7334,7656,429899,28,0,0,28,48
2020-10-10,US,Ohio,Madison,961,14,0,39.89381073,-83.40178317,39097.0,2148.3982025888085,1.4568158168574399,947,952,14,0,938,940,44413,9,0,0,9,12
2020-10-10,US,Ohio,Mahoning,3352,282,0,41.01631101,-80.77287029,39099.0,1465.7845139341364,8.41288782816229,3070,3341,282,0,3059,3316,229642,11,0,0,11,25
2020-10-10,US,Ohio,Marion,3236,48,0,40.58610662,-83.15736305,39101.0,4971.348685726576,1.4833127317676142,3188,3227,48,0,3179,3216,65256,9,0,0,9,11
2020-10-10,US,Ohio,Medina,1616,42,0,41.11770589,-81.89986209999998,39103.0,899.0464321876428,2.599009900990099,1574,1600,42,0,1558,1584,179146,16,0,0,16,16
2020-10-10,US,Ohio,Meigs,194,12,0,39.09224872,-82.0305041,39105.0,846.9026934998036,6.185567010309278,182,193,12,0,181,191,23106,1,0,0,1,2
2020-10-10,US,Ohio,Mercer,1311,27,0,40.54043046,-84.62912742,39107.0,3184.202856310113,2.059496567505721,1284,1295,27,0,1268,1267,40959,16,0,0,16,28
2020-10-10,US,Ohio,Miami,1723,56,0,40.0543329,-84.22871271,39109.0,1610.476039144943,3.2501450957632034,1667,1716,56,0,1660,1684,106222,7,0,0,7,32
2020-10-10,US,Ohio,Monroe,114,18,0,39.72984936,-81.08464734,39111.0,834.9201699135782,15.789473684210524,96,114,18,0,96,113,13790,0,0,0,0,1
2020-10-10,US,Ohio,Montgomery,8943,183,0,39.75394919,-84.29050975,39113.0,1682.0046380671336,2.0462931902046293,8760,8864,183,0,8681,8732,532331,79,0,0,79,132
2020-10-10,US,Ohio,Morgan,57,0,0,39.62081738,-81.85308173,39115.0,392.8866832092638,0.0,57,57,0,0,57,55,14604,0,0,0,0,2
2020-10-10,US,Ohio,Morrow,285,2,0,40.52363560000001,-82.7892599,39117.0,806.7255434782608,0.7017543859649122,283,282,2,0,280,277,35112,3,0,0,3,5
2020-10-10,US,Ohio,Muskingum,644,3,0,39.96575964,-81.94363275,39119.0,746.9697848402251,0.4658385093167702,641,625,3,0,622,593,86183,19,0,0,19,32
2020-10-10,US,Ohio,Noble,73,0,0,39.76818851,-81.45937183,39121.0,506.10094287298944,0.0,73,69,0,0,69,68,14354,4,0,0,4,1
2020-10-10,US,Ohio,Ottawa,512,30,0,41.53781826,-83.0940185,39123.0,1263.4176434299816,5.859375,482,509,30,0,479,500,40769,3,0,0,3,9
2020-10-10,US,Ohio,Paulding,145,0,0,41.11676341,-84.5801017,39125.0,776.5638389031708,0.0,145,143,0,0,143,138,18760,2,0,0,2,5
2020-10-10,US,Ohio,Perry,330,11,0,39.73508655,-82.23804971,39127.0,913.2672828914597,3.333333333333333,319,327,11,0,316,325,36033,3,0,0,3,2
2020-10-10,US,Ohio,Pickaway,2786,46,0,39.64170392,-83.0243386,39129.0,4765.896299844329,1.6511127063890882,2740,2759,46,0,2713,2749,58086,27,0,0,27,10
2020-10-10,US,Ohio,Pike,247,0,0,39.07634001,-83.06769584,39131.0,889.3849920783522,0.0,247,240,0,0,240,233,28067,7,0,0,7,7
2020-10-10,US,Ohio,Portage,1364,67,0,41.16793482,-81.19735782,39133.0,839.5602772272352,4.912023460410556,1297,1350,67,0,1283,1329,162927,14,0,0,14,21
2020-10-10,US,Ohio,Preble,510,17,0,39.7420247,-84.64787018,39135.0,1247.4927841103665,3.333333333333333,493,500,17,0,483,490,40997,10,0,0,10,10
2020-10-10,US,Ohio,Putnam,737,27,0,41.02094889,-84.1336111,39137.0,2176.5452880895427,3.663500678426052,710,721,27,0,694,709,33780,16,0,0,16,12
2020-10-10,US,Ohio,Richland,1128,20,0,40.77180308,-82.53799609999999,39139.0,931.0464367664296,1.7730496453900708,1108,1118,20,0,1098,1101,121099,10,0,0,10,17
2020-10-10,US,Ohio,Ross,1083,31,0,39.33705391,-83.06000914,39141.0,1412.6209793128635,2.8624192059095113,1052,1065,31,0,1034,1042,76931,18,0,0,18,23
2020-10-10,US,Ohio,Sandusky,631,21,0,41.35624126,-83.137872,39143.0,1078.300693803616,3.328050713153724,610,626,21,0,605,621,58799,5,0,0,5,5
2020-10-10,US,Ohio,Scioto,654,7,0,38.80270163,-82.98907345,39145.0,868.3644475130786,1.0703363914373092,647,643,7,0,636,627,75502,11,0,0,11,16
2020-10-10,US,Ohio,Seneca,525,14,0,41.12351311,-83.12783209,39147.0,951.4661640508896,2.6666666666666665,511,524,14,0,510,519,55207,1,0,0,1,5
2020-10-10,US,Ohio,Shelby,771,14,0,40.33163494,-84.20258189,39149.0,1586.7462440831446,1.8158236057068744,757,764,14,0,750,758,48627,7,0,0,7,6
2020-10-10,US,Ohio,Stark,3293,179,0,40.81482476,-81.36437305,39151.0,888.5447078568616,5.435772851503189,3114,3255,178,0,3077,3229,371574,38,1,0,37,26
2020-10-10,US,Ohio,Summit,5845,258,0,41.12464734,-81.53123079,39153.0,1080.3806932550604,4.414029084687766,5587,5813,258,0,5555,5753,541918,32,0,0,32,60
2020-10-10,US,Ohio,Trumbull,2069,133,0,41.31735028,-80.76109643,39155.0,1045.086728560316,6.428226196230062,1936,2063,133,0,1930,2037,198627,6,0,0,6,26
2020-10-10,US,Ohio,Tuscarawas,1050,20,0,40.44214695,-81.47226262,39157.0,1141.4656418841796,1.9047619047619049,1030,1040,20,0,1020,1031,92176,10,0,0,10,9
2020-10-10,US,Ohio,Union,647,2,0,40.30016061,-83.37239023,39159.0,1096.8332542211974,0.3091190108191654,645,644,2,0,642,627,57835,3,0,0,3,17
2020-10-10,US,Ohio,Van Wert,175,3,0,40.8554138,-84.59111700000003,39161.0,618.921308576481,1.7142857142857142,172,171,3,0,168,175,28281,4,0,0,4,-4
2020-10-10,US,Ohio,Vinton,66,3,0,39.25208988,-82.4831444,39163.0,504.39434466946886,4.545454545454546,63,65,3,0,62,62,13139,1,0,0,1,3
2020-10-10,US,Ohio,Warren,3514,59,0,39.42581994,-84.16557457,39165.0,1497.8559432570908,1.6789982925441094,3455,3468,59,0,3409,3414,232173,46,0,0,46,54
2020-10-10,US,Ohio,Washington,277,23,0,39.45690571,-81.49121382,39167.0,462.3524895261305,8.303249097472925,254,276,23,0,253,273,60155,1,0,0,1,3
2020-10-10,US,Ohio,Wayne,1043,68,0,40.82925852,-81.88844833,39169.0,901.3914095583788,6.519654841802492,975,1035,68,0,967,1019,115967,8,0,0,8,16
2020-10-10,US,Ohio,Williams,261,3,0,41.56052014,-84.58429552,39171.0,711.3267197209201,1.1494252873563218,258,255,3,0,252,251,36804,6,0,0,6,4
2020-10-10,US,Ohio,Wood,2231,81,0,41.36224827,-83.62285108,39173.0,1705.435837849821,3.6306588973554463,2150,2212,81,0,2131,2189,130696,19,0,0,19,23
2020-10-10,US,Ohio,Wyandot,247,13,0,40.84339621,-83.30734173,39175.0,1134.4846591952967,5.2631578947368425,234,240,13,0,227,233,21935,7,0,0,7,7
2020-10-10,US,Oklahoma,Adair,688,10,0,35.88494195,-94.65859267,40001.0,3099.936919888258,1.4534883720930232,678,685,10,0,675,673,22082,3,0,0,3,12
2020-10-10,US,Oklahoma,Alfalfa,87,0,0,36.73090616,-98.32408495,40003.0,1525.7804279200284,0.0,87,84,0,0,84,83,5754,3,0,0,3,1
2020-10-10,US,Oklahoma,Atoka,358,1,0,34.37366573,-96.03802487,40005.0,2602.1224015118482,0.2793296089385475,357,355,1,0,354,350,13838,3,0,0,3,5
2020-10-10,US,Oklahoma,Beaver,72,0,0,36.7496847,-100.4758872,40007.0,1355.6768970062135,0.0,72,71,0,0,71,67,5319,1,0,0,1,4
2020-10-10,US,Oklahoma,Beckham,719,8,0,35.26862449,-99.68128023,40009.0,3289.263003797063,1.1126564673157162,711,686,8,0,678,673,21709,33,0,0,33,13
2020-10-10,US,Oklahoma,Blaine,155,1,0,35.87518314,-98.43307003,40011.0,1643.864672817902,0.6451612903225806,154,153,1,0,152,148,9485,2,0,0,2,5
2020-10-10,US,Oklahoma,Bryan,1194,5,0,33.96472458,-96.25903472,40013.0,2487.759141577248,0.4187604690117253,1189,1168,5,0,1163,1132,47192,26,0,0,26,36
2020-10-10,US,Oklahoma,Caddo,952,21,0,35.17364557,-98.37534464,40015.0,3309.9228148251173,2.2058823529411766,931,939,21,0,918,919,28977,13,0,0,13,20
2020-10-10,US,Oklahoma,Canadian,2828,18,0,35.5426055,-97.98465569,40017.0,1906.868231898912,0.6364922206506365,2810,2764,18,0,2746,2716,144447,64,0,0,64,48
2020-10-10,US,Oklahoma,Carter,652,9,0,34.25103751,-97.28552485,40019.0,1355.1994346407264,1.3803680981595092,643,638,9,0,629,626,48177,14,0,0,14,12
2020-10-10,US,Oklahoma,Cherokee,1237,8,0,35.90692775,-94.99980896,40021.0,2542.285796493824,0.6467259498787389,1229,1230,8,0,1222,1206,48675,7,0,0,7,24
2020-10-10,US,Oklahoma,Choctaw,368,2,0,34.02807439,-95.54771129,40023.0,2508.1788440567066,0.5434782608695652,366,367,2,0,365,363,14668,1,0,0,1,4
2020-10-10,US,Oklahoma,Cimarron,32,0,0,36.74817177,-102.5173885,40025.0,1497.4262985493685,0.0,32,31,0,0,31,31,2153,1,0,0,1,0
2020-10-10,US,Oklahoma,Cleveland,6936,81,0,35.20413532,-97.32519562,40027.0,2442.133134282113,1.1678200692041525,6855,6819,81,0,6738,6734,281669,117,0,0,117,85
2020-10-10,US,Oklahoma,Coal,78,0,0,34.58840127,-96.29798747,40029.0,1419.4722474977252,0.0,78,76,0,0,76,75,5520,2,0,0,2,1
2020-10-10,US,Oklahoma,Comanche,1900,13,0,34.65973764,-98.47195055,40031.0,1573.5119959585584,0.6842105263157895,1887,1863,13,0,1850,1839,120422,37,0,0,37,24
2020-10-10,US,Oklahoma,Cotton,76,3,0,34.28845626,-98.37053567,40033.0,1341.3342746205435,3.947368421052632,73,76,3,0,73,75,5776,0,0,0,0,1
2020-10-10,US,Oklahoma,Craig,567,1,0,36.76268118,-95.20916602,40035.0,4009.3338990241828,0.1763668430335097,566,560,1,0,559,551,14306,7,0,0,7,9
2020-10-10,US,Oklahoma,Creek,1340,35,0,35.90230551,-96.37086028,40037.0,1873.549397388216,2.611940298507463,1305,1325,35,0,1290,1305,71604,15,0,0,15,20
2020-10-10,US,Oklahoma,Custer,900,1,0,35.63853802,-99.00170785,40039.0,3103.127262696962,0.1111111111111111,899,866,1,0,865,841,29036,34,0,0,34,25
2020-10-10,US,Oklahoma,Delaware,1001,26,0,36.40823634,-94.80325046,40041.0,2327.4198423585763,2.5974025974025974,975,965,26,0,939,947,42733,36,0,0,36,18
2020-10-10,US,Oklahoma,Dewey,75,1,0,35.98772922,-99.00730714,40043.0,1533.428746677571,1.3333333333333333,74,75,1,0,74,74,4894,0,0,0,0,1
2020-10-10,US,Oklahoma,Ellis,15,0,0,36.218019399999996,-99.75324573,40045.0,388.7017362010884,0.0,15,15,0,0,15,15,3952,0,0,0,0,0
2020-10-10,US,Oklahoma,Garfield,2025,22,0,36.3791334,-97.78265517,40047.0,3316.6273584905657,1.0864197530864197,2003,1992,22,0,1970,1971,60913,33,0,0,33,21
2020-10-10,US,Oklahoma,Garvin,474,5,0,34.70418038,-97.30811132,40049.0,1710.5120710187286,1.0548523206751057,469,462,5,0,457,446,27811,12,0,0,12,16
2020-10-10,US,Oklahoma,Grady,1330,13,0,35.0167709,-97.88339847,40051.0,2382.061109718093,0.9774436090225564,1317,1309,12,0,1297,1286,55551,21,1,0,20,23
2020-10-10,US,Oklahoma,Grant,63,1,0,36.796296999999996,-97.78638765,40053.0,1453.9579967689822,1.5873015873015872,62,60,1,0,59,58,4326,3,0,0,3,2
2020-10-10,US,Oklahoma,Greer,122,8,0,34.93535801,-99.56056120000001,40055.0,2135.8543417366946,6.557377049180328,114,121,8,0,113,119,5821,1,0,0,1,2
2020-10-10,US,Oklahoma,Harmon,59,0,0,34.7440135,-99.84741652,40057.0,2223.897474557105,0.0,59,57,0,0,57,54,2664,2,0,0,2,3
2020-10-10,US,Oklahoma,Harper,37,1,0,36.78836519,-99.6679804,40059.0,1003.2537960954448,2.702702702702702,36,36,1,0,35,35,3797,1,0,0,1,1
2020-10-10,US,Oklahoma,Haskell,329,4,0,35.22257600000001,-95.11513306,40061.0,2605.5278371743093,1.2158054711246202,325,324,4,0,320,316,12668,5,0,0,5,8
2020-10-10,US,Oklahoma,Hughes,322,4,0,35.04912569,-96.24921145,40063.0,2424.88139167106,1.2422360248447204,318,317,4,0,313,317,13335,5,0,0,5,0
2020-10-10,US,Oklahoma,Jackson,937,10,0,34.58781741,-99.41138784,40065.0,3819.812474520995,1.0672358591248663,927,913,10,0,903,893,24949,24,0,0,24,20
2020-10-10,US,Oklahoma,Jefferson,56,0,0,34.11130184,-97.83182974,40067.0,933.0223258913696,0.0,56,54,0,0,54,54,6123,2,0,0,2,0
2020-10-10,US,Oklahoma,Johnston,241,4,0,34.31440473,-96.66011537,40069.0,2174.1091565178167,1.6597510373443984,237,238,4,0,234,228,10949,3,0,0,3,10
2020-10-10,US,Oklahoma,Kay,741,15,0,36.81799745,-97.14421435,40071.0,1701.961504892278,2.0242914979757085,726,734,15,0,719,725,44161,7,0,0,7,9
2020-10-10,US,Oklahoma,Kingfisher,442,2,0,35.94530008,-97.94193268,40073.0,2803.6790358388835,0.4524886877828054,440,436,2,0,434,427,15816,6,0,0,6,9
2020-10-10,US,Oklahoma,Kiowa,112,2,0,34.91671958,-98.97720696,40075.0,1286.1736334405145,1.7857142857142858,110,105,2,0,103,104,8729,7,0,0,7,1
2020-10-10,US,Oklahoma,Latimer,167,2,0,34.87844729,-95.25215049,40077.0,1657.897349349747,1.1976047904191616,165,161,2,0,159,156,10231,6,0,0,6,5
2020-10-10,US,Oklahoma,Le Flore,1387,21,0,34.89851864,-94.70392124,40079.0,2782.1796080476597,1.514059120403749,1366,1357,21,0,1336,1337,49980,30,0,0,30,20
2020-10-10,US,Oklahoma,Lincoln,619,10,0,35.70270942,-96.8812462,40081.0,1774.8086131261289,1.615508885298869,609,598,10,0,588,574,34920,21,0,0,21,24
2020-10-10,US,Oklahoma,Logan,630,2,0,35.91899576,-97.44352845,40083.0,1312.199287663244,0.31746031746031744,628,615,2,0,613,611,47291,15,0,0,15,4
2020-10-10,US,Oklahoma,Love,234,1,0,33.95273467,-97.23906784,40085.0,2282.2588510679802,0.4273504273504273,233,233,1,0,232,224,10134,1,0,0,1,9
2020-10-10,US,Oklahoma,Major,117,2,0,36.31149996,-98.53467076,40093.0,1533.621706645694,1.709401709401709,115,113,2,0,111,111,7644,4,0,0,4,2
2020-10-10,US,Oklahoma,Marshall,212,2,0,34.02311222,-96.76855464,40095.0,1252.1410430571138,0.9433962264150944,210,209,2,0,207,201,16806,3,0,0,3,8
2020-10-10,US,Oklahoma,Mayes,807,11,0,36.30179091,-95.23175116,40097.0,1963.5036496350367,1.3630731102850062,796,791,11,0,780,773,41107,16,0,0,16,18
2020-10-10,US,Oklahoma,McClain,1044,7,0,35.01123903,-97.44572302,40087.0,2579.433710530217,0.6704980842911877,1037,1024,7,0,1017,1003,39985,20,0,0,20,21
2020-10-10,US,Oklahoma,McCurtain,1401,35,0,34.11664328,-94.77222373,40089.0,4267.1783625731,2.498215560314061,1366,1388,35,0,1353,1381,32703,13,0,0,13,7
2020-10-10,US,Oklahoma,McIntosh,388,8,0,35.37235506,-95.66599306,40091.0,1979.9959175341903,2.061855670103093,380,385,8,0,377,383,19815,3,0,0,3,2
2020-10-10,US,Oklahoma,Murray,213,2,0,34.48116015,-97.06826283,40099.0,1513.5365593690044,0.9389671361502347,211,199,2,0,197,191,13953,14,0,0,14,8
2020-10-10,US,Oklahoma,Muskogee,2077,26,0,35.61318461,-95.37802952,40101.0,3054.546524111358,1.2518054886856045,2051,2055,26,0,2029,2021,68362,22,0,0,22,34
2020-10-10,US,Oklahoma,Noble,163,3,0,36.38953329,-97.22928674,40103.0,1464.3787620159915,1.8404907975460123,160,162,3,0,159,162,11289,1,0,0,1,0
2020-10-10,US,Oklahoma,Nowata,197,4,0,36.79843529,-95.61902331,40105.0,1955.1409289400565,2.0304568527918785,193,173,4,0,169,163,10218,24,0,0,24,10
2020-10-10,US,Oklahoma,Okfuskee,199,5,0,35.46485198,-96.32639984,40107.0,1659.3012590677897,2.512562814070352,194,197,5,0,192,190,12098,2,0,0,2,7
2020-10-10,US,Oklahoma,Oklahoma,20207,201,0,35.55140095,-97.40716948,40109.0,2534.0028140259883,0.994704805265502,20006,19985,200,0,19785,19736,792582,222,1,0,221,249
2020-10-10,US,Oklahoma,Okmulgee,951,8,0,35.64661916,-95.96432828,40111.0,2472.377486026257,0.8412197686645636,943,937,8,0,929,931,38335,14,0,0,14,6
2020-10-10,US,Oklahoma,Osage,1222,13,0,36.62888819,-96.39635704,40113.0,2602.04842109746,1.0638297872340423,1209,1206,13,0,1193,1193,47014,16,0,0,16,13
2020-10-10,US,Oklahoma,Ottawa,1043,8,0,36.83532655,-94.81011909,40115.0,3350.7887043402834,0.7670182166826462,1035,1003,8,0,995,980,31175,40,0,0,40,23
2020-10-10,US,Oklahoma,Pawnee,285,5,0,36.31743373,-96.70331759999999,40117.0,1740.3517342452371,1.7543859649122806,280,278,5,0,273,275,16390,7,0,0,7,3
2020-10-10,US,Oklahoma,Payne,2546,8,0,36.07695283,-96.97584944,40119.0,3113.078352734031,0.31421838177533384,2538,2519,8,0,2511,2492,82040,27,0,0,27,27
2020-10-10,US,Oklahoma,Pittsburg,1057,20,0,34.92065823,-95.75134320000001,40121.0,2421.313052641224,1.8921475875118257,1037,1033,20,0,1013,1022,43877,24,0,0,24,11
2020-10-10,US,Oklahoma,Pontotoc,541,3,0,34.72959848,-96.68337199,40123.0,1413.1229756556265,0.5545286506469501,538,526,3,0,523,520,38247,15,0,0,15,6
2020-10-10,US,Oklahoma,Pottawatomie,1726,11,0,35.20614018,-96.94923008,40125.0,2377.67247079568,0.6373117033603708,1715,1703,11,0,1692,1664,72679,23,0,0,23,39
2020-10-10,US,Oklahoma,Pushmataha,219,3,0,34.41635232,-95.37603505,40127.0,1973.6842105263158,1.3698630136986298,216,217,3,0,214,212,11179,2,0,0,2,5
2020-10-10,US,Oklahoma,Roger Mills,78,1,0,35.68711719,-99.69666167,40129.0,2176.9466927156013,1.2820512820512822,77,75,1,0,74,75,3656,3,0,0,3,0
2020-10-10,US,Oklahoma,Rogers,2121,53,0,36.37004357,-95.60406759,40131.0,2293.989768437902,2.4988213107024992,2068,2083,53,0,2030,2062,91984,38,0,0,38,21
2020-10-10,US,Oklahoma,Seminole,617,6,0,35.16478725,-96.61686741,40133.0,2543.490807156402,0.9724473257698542,611,605,6,0,599,576,24578,12,0,0,12,29
2020-10-10,US,Oklahoma,Sequoyah,1052,12,0,35.49447108,-94.75463785,40135.0,2530.732035892131,1.1406844106463878,1040,1038,12,0,1026,1022,41179,14,0,0,14,16
2020-10-10,US,Oklahoma,Stephens,521,6,0,34.48556989,-97.85141892,40137.0,1207.61189532485,1.151631477927063,515,511,5,0,506,508,43265,10,1,0,9,3
2020-10-10,US,Oklahoma,Texas,1668,10,0,36.74777635,-101.4889765,40139.0,8347.09503077616,0.5995203836930456,1658,1656,10,0,1646,1650,20455,12,0,0,12,6
2020-10-10,US,Oklahoma,Tillman,122,2,0,34.37288446,-98.92426619,40141.0,1682.7586206896551,1.639344262295082,120,123,2,0,121,120,7348,-1,0,0,-1,3
2020-10-10,US,Oklahoma,Tulsa,19064,176,0,36.11939621,-95.94013939,40143.0,2925.9368400373273,0.9232060428031892,18888,18812,176,0,18636,18484,648360,252,0,0,252,328
2020-10-10,US,Oklahoma,Unassigned,39,0,0,0.0,0.0,90040.0,0.0,0.0,39,33,0,0,33,25,,6,0,0,6,8
2020-10-10,US,Oklahoma,Wagoner,1649,27,0,35.96024096,-95.51911308,40145.0,2028.5647504582416,1.637355973317162,1622,1629,26,0,1603,1614,80110,20,1,0,19,15
2020-10-10,US,Oklahoma,Washington,1110,41,0,36.71380786,-95.90514104,40147.0,2154.210413957731,3.6936936936936937,1069,1090,41,0,1049,1073,51843,20,0,0,20,17
2020-10-10,US,Oklahoma,Washita,121,0,0,35.29071824,-98.99180434,40149.0,1108.4646390619278,0.0,121,118,0,0,118,111,11127,3,0,0,3,7
2020-10-10,US,Oklahoma,Woods,122,0,0,36.76705782,-98.86573064,40151.0,1387.4673035369046,0.0,122,120,0,0,120,120,8897,2,0,0,2,0
2020-10-10,US,Oklahoma,Woodward,1165,5,0,36.42316318,-99.26283045,40153.0,5764.187818514671,0.4291845493562232,1160,1159,5,0,1154,1142,20222,6,0,0,6,17
2020-10-10,US,Oregon,Baker,111,2,0,44.70915557,-117.6749883,41001.0,688.4147854130489,1.8018018018018016,109,107,2,0,105,106,16006,4,0,0,4,1
2020-10-10,US,Oregon,Benton,380,6,0,44.49167306,-123.4316987,41003.0,408.3694238767154,1.5789473684210529,374,378,6,0,372,374,92101,2,0,0,2,4
2020-10-10,US,Oregon,Clackamas,2707,64,0,45.18787398,-122.2179634,41005.0,647.318065841358,2.3642408570373106,2643,2676,64,0,2612,2645,416075,31,0,0,31,31
2020-10-10,US,Oregon,Clatsop,229,0,0,45.99712889,-123.660711,41007.0,569.3118536197295,0.0,229,230,0,0,230,228,39764,-1,0,0,-1,2
2020-10-10,US,Oregon,Columbia,227,1,0,45.94464254,-123.08908980000001,41009.0,433.5867364480269,0.4405286343612335,226,225,1,0,224,224,52377,2,0,0,2,1
2020-10-10,US,Oregon,Coos,196,0,0,43.17406868,-124.0594514,41011.0,303.9372276582877,0.0,196,196,0,0,196,193,64389,0,0,0,0,3
2020-10-10,US,Oregon,Crook,68,1,0,44.14230227,-120.356297,41013.0,278.64284543517454,1.4705882352941178,67,64,1,0,63,65,23867,4,0,0,4,-1
2020-10-10,US,Oregon,Curry,38,0,0,42.45911325,-124.15728200000001,41015.0,165.75790621592148,0.0,38,35,0,0,35,33,22813,3,0,0,3,2
2020-10-10,US,Oregon,Deschutes,978,13,0,43.91570171,-121.2289121,41017.0,494.7089411812314,1.3292433537832309,965,967,13,0,954,954,191996,11,0,0,11,13
2020-10-10,US,Oregon,Douglas,283,4,0,43.27941273,-123.16729099999999,41019.0,255.00090106325462,1.413427561837456,279,281,4,0,277,275,110283,2,0,0,2,6
2020-10-10,US,Oregon,Gilliam,10,0,0,45.37160076,-120.20488689999999,41021.0,523.0125523012554,0.0,10,9,0,0,9,9,1894,1,0,0,1,0
2020-10-10,US,Oregon,Grant,10,0,0,44.49024544,-119.0068631,41023.0,138.90818169190166,0.0,10,10,0,0,10,10,7176,0,0,0,0,0
2020-10-10,US,Oregon,Harney,13,0,0,43.06422669,-118.96663059999999,41025.0,175.84201271473015,0.0,13,12,0,0,12,12,7329,1,0,0,1,0
2020-10-10,US,Oregon,Hood River,267,0,0,45.51872811,-121.65520359999998,41027.0,1141.9040287400564,0.0,267,265,0,0,265,258,23428,2,0,0,2,7
2020-10-10,US,Oregon,Jackson,1357,6,0,42.43201126,-122.72893090000001,41029.0,614.1827793468027,0.4421518054532056,1351,1335,6,0,1329,1311,219564,22,0,0,22,24
2020-10-10,US,Oregon,Jefferson,588,8,0,44.62806839,-121.17832,41031.0,2384.6216238137717,1.3605442176870748,580,585,8,0,577,579,24192,3,0,0,3,6
2020-10-10,US,Oregon,Josephine,236,2,0,42.3665549,-123.5561938,41033.0,269.7543635054351,0.8474576271186439,234,236,2,0,234,229,87393,0,0,0,0,7
2020-10-10,US,Oregon,Klamath,380,3,0,42.68762984,-121.64964609999998,41035.0,556.874468771066,0.7894736842105263,377,369,3,0,366,365,67653,11,0,0,11,4
2020-10-10,US,Oregon,Lake,34,0,0,42.79246693,-120.38501629999999,41037.0,432.0752319227348,0.0,34,34,0,0,34,34,7879,0,0,0,0,0
2020-10-10,US,Oregon,Lane,1780,21,0,43.93727035,-122.847753,41039.0,465.886873244745,1.1797752808988764,1759,1708,21,0,1687,1674,379611,72,0,0,72,34
2020-10-10,US,Oregon,Lincoln,495,13,0,44.64252874,-123.86991200000001,41041.0,990.7529722589168,2.6262626262626263,482,493,13,0,480,492,49388,2,0,0,2,1
2020-10-10,US,Oregon,Linn,660,14,0,44.48899494,-122.53731540000001,41043.0,508.6744406507949,2.121212121212121,646,648,14,0,634,630,127335,12,0,0,12,18
2020-10-10,US,Oregon,Malheur,1770,33,0,43.1937027,-117.62273950000001,41045.0,5789.800791599881,1.8644067796610169,1737,1758,33,0,1725,1730,30725,12,0,0,12,28
2020-10-10,US,Oregon,Marion,5156,101,0,44.90287942,-122.58151170000001,41047.0,1482.3844654388215,1.9588828549262995,5055,5106,101,0,5005,5059,346868,50,0,0,50,47
2020-10-10,US,Oregon,Morrow,532,6,0,45.41846568,-119.584546,41049.0,4585.02111522882,1.1278195488721805,526,530,6,0,524,529,11372,2,0,0,2,1
2020-10-10,US,Oregon,Multnomah,7917,146,0,45.54747959,-122.4169351,41051.0,973.9744480872972,1.8441328786156368,7771,7844,146,0,7698,7746,811880,73,0,0,73,98
2020-10-10,US,Oregon,Polk,582,15,0,44.90322804,-123.4128888,41053.0,676.0759714235929,2.5773195876288657,567,581,15,0,566,574,85234,1,0,0,1,7
2020-10-10,US,Oregon,Sherman,18,0,0,45.41501554,-120.6827834,41055.0,1011.2359550561798,0.0,18,18,0,0,18,18,1708,0,0,0,0,0
2020-10-10,US,Oregon,Tillamook,63,0,0,45.46248721,-123.712066,41057.0,233.02263648468707,0.0,63,61,0,0,61,59,26787,2,0,0,2,2
2020-10-10,US,Oregon,Umatilla,3158,42,0,45.59073056,-118.7353826,41059.0,4051.3149454778704,1.3299556681443951,3116,3147,42,0,3105,3138,77516,11,0,0,11,9
2020-10-10,US,Oregon,Union,451,2,0,45.30915495,-118.0068979,41061.0,1680.6409539780136,0.4434589800443459,449,451,2,0,449,449,26461,0,0,0,0,2
2020-10-10,US,Oregon,Wallowa,36,1,0,45.57894064,-117.18353799999998,41063.0,499.4450610432852,2.7777777777777777,35,36,1,0,35,36,7081,0,0,0,0,0
2020-10-10,US,Oregon,Wasco,321,14,0,45.16292781,-121.16709540000001,41065.0,1203.0582415111312,4.361370716510903,307,316,14,0,302,313,26505,5,0,0,5,3
2020-10-10,US,Oregon,Washington,5004,67,0,45.55972701,-123.0955257,41067.0,831.7929759704251,1.3389288569144684,4937,4956,65,0,4891,4921,597695,48,2,0,46,35
2020-10-10,US,Oregon,Yamhill,869,14,0,45.23330449,-123.3086963,41071.0,811.3912231559291,1.6110471806674338,855,859,14,0,845,844,107002,10,0,0,10,15
2020-10-10,US,Pennsylvania,Adams,929,26,0,39.87140411,-77.21610347,42001.0,901.8629440146007,2.7987082884822394,903,916,26,0,890,910,102811,13,0,0,13,6
2020-10-10,US,Pennsylvania,Allegheny,13183,372,0,40.46809875,-79.98167747,42003.0,1084.0881710791953,2.821815975119472,12811,13102,371,0,12731,13024,1218452,81,1,0,80,78
2020-10-10,US,Pennsylvania,Armstrong,505,18,0,40.81665618,-79.46290811,42005.0,780.1034988800494,3.5643564356435644,487,494,18,0,476,484,65263,11,0,0,11,10
2020-10-10,US,Pennsylvania,Beaver,2028,133,0,40.6825484,-80.34921611,42007.0,1237.1209487034018,6.558185404339252,1895,2022,133,0,1889,2007,164742,6,0,0,6,15
2020-10-10,US,Pennsylvania,Bedford,277,6,0,40.00522157,-78.48998442,42009.0,578.4330103575007,2.166064981949458,271,274,6,0,268,273,48176,3,0,0,3,1
2020-10-10,US,Pennsylvania,Berks,7726,406,0,40.41570541,-75.92457766,42011.0,1834.4397906753666,5.254983173699197,7320,7651,404,0,7247,7564,420152,75,2,0,73,87
2020-10-10,US,Pennsylvania,Blair,858,23,0,40.47961444,-78.34917412,42013.0,704.2658151999934,2.6806526806526807,835,844,20,0,824,837,122492,14,3,0,11,7
2020-10-10,US,Pennsylvania,Bradford,307,6,0,41.78869215,-76.51570822,42015.0,508.9269432886296,1.954397394136808,301,291,6,0,285,279,60833,16,0,0,16,12
2020-10-10,US,Pennsylvania,Bucks,9283,621,0,40.33682119,-75.10836643,42017.0,1477.549461218903,6.6896477431864705,8662,9248,621,0,8627,9172,628195,35,0,0,35,76
2020-10-10,US,Pennsylvania,Butler,1250,25,0,40.91152759,-79.91351055,42019.0,665.4139140711088,2.0,1225,1222,25,0,1197,1199,187888,28,0,0,28,23
2020-10-10,US,Pennsylvania,Cambria,745,7,0,40.49527404,-78.71377428,42021.0,572.2317807545777,0.9395973154362416,738,728,7,0,721,705,131730,17,0,0,17,23
2020-10-10,US,Pennsylvania,Cameron,8,0,0,41.43625568,-78.20376845,42023.0,179.89655947830002,0.0,8,8,0,0,8,8,4492,0,0,0,0,0
2020-10-10,US,Pennsylvania,Carbon,504,29,0,40.91545395,-75.7068525,42025.0,785.2668972609143,5.753968253968254,475,496,29,0,467,492,64227,8,0,0,8,4
2020-10-10,US,Pennsylvania,Centre,3403,13,0,40.92058903,-77.82200624,42027.0,2095.636912276381,0.3820158683514546,3390,3322,12,0,3310,3291,162805,81,1,0,80,31
2020-10-10,US,Pennsylvania,Chester,7285,374,0,39.97291773,-75.74768357,42029.0,1387.6481221511303,5.133836650652023,6911,7285,374,0,6911,7243,522046,0,0,0,0,42
2020-10-10,US,Pennsylvania,Clarion,158,3,0,41.19265812,-79.42413524,42031.0,411.05156355689684,1.8987341772151896,155,154,3,0,151,150,38779,4,0,0,4,4
2020-10-10,US,Pennsylvania,Clearfield,363,7,0,41.00110782,-78.47592663,42033.0,458.01526717557266,1.9283746556473829,356,353,7,0,346,350,79388,10,0,0,10,3
2020-10-10,US,Pennsylvania,Clinton,226,6,0,41.23255967,-77.63785995,42035.0,585.0072478774073,2.6548672566371683,220,223,6,0,217,219,38684,3,0,0,3,4
2020-10-10,US,Pennsylvania,Columbia,996,37,0,41.04821986,-76.40565017,42037.0,1533.156825318638,3.714859437751004,959,989,36,0,953,976,65456,7,1,0,6,13
2020-10-10,US,Pennsylvania,Crawford,342,3,0,41.68447709,-80.10760592,42039.0,404.1167921161777,0.8771929824561403,339,336,3,0,333,334,85063,6,0,0,6,2
2020-10-10,US,Pennsylvania,Cumberland,2070,77,0,40.1625372,-77.26130755,42041.0,816.9870150372972,3.719806763285024,1993,2049,77,0,1972,2021,251423,21,0,0,21,28
2020-10-10,US,Pennsylvania,Dauphin,4143,184,0,40.41377078,-76.77993242,42043.0,1488.6866284104503,4.4412261646150135,3959,4093,183,0,3910,4048,277097,50,1,0,49,45
2020-10-10,US,Pennsylvania,Delaware,12062,760,0,39.91680171,-75.40243663,42045.0,2128.286519381664,6.3007793069142775,11302,11963,759,0,11204,11912,564751,99,1,0,98,51
2020-10-10,US,Pennsylvania,Elk,82,2,0,41.42822061,-78.64524744,42047.0,274.15580073554,2.4390243902439024,80,81,2,0,79,81,30169,1,0,0,1,0
2020-10-10,US,Pennsylvania,Erie,1759,39,0,41.99253829,-80.03301954,42049.0,652.1384505872583,2.2171688459351904,1720,1730,39,0,1691,1707,272061,29,0,0,29,23
2020-10-10,US,Pennsylvania,Fayette,859,9,0,39.92041012,-79.64291195,42051.0,664.4800965391339,1.0477299185098952,850,855,8,0,847,850,130441,4,1,0,3,5
2020-10-10,US,Pennsylvania,Forest,15,1,0,41.51095103,-79.23229292,42053.0,206.9821995308404,6.666666666666668,14,15,1,0,14,15,7279,0,0,0,0,0
2020-10-10,US,Pennsylvania,Franklin,1889,53,0,39.92956518,-77.72157791,42055.0,1218.4974230295368,2.8057173107464264,1836,1875,52,0,1823,1869,154835,14,1,0,13,6
2020-10-10,US,Pennsylvania,Fulton,59,2,0,39.92913544,-78.11163677,42057.0,406.0564349621473,3.3898305084745757,57,57,2,0,55,57,14523,2,0,0,2,0
2020-10-10,US,Pennsylvania,Greene,200,1,0,39.85746531,-80.22357106,42059.0,551.9829989236332,0.5,199,199,1,0,198,198,36506,1,0,0,1,1
2020-10-10,US,Pennsylvania,Huntingdon,527,6,0,40.42162652,-77.97673273,42061.0,1167.3755094807727,1.1385199240986716,521,509,6,0,503,500,45168,18,0,0,18,9
2020-10-10,US,Pennsylvania,Indiana,854,14,0,40.65241041,-79.08963285,42063.0,1015.7839020850928,1.639344262295082,840,843,14,0,829,819,84501,11,0,0,11,24
2020-10-10,US,Pennsylvania,Jefferson,131,3,0,41.12913106,-78.9986361,42065.0,301.66954519286134,2.2900763358778624,128,126,3,0,123,126,43641,5,0,0,5,0
2020-10-10,US,Pennsylvania,Juniata,200,8,0,40.53358749,-77.39975129999998,42067.0,807.6565844203045,4.0,192,200,8,0,192,199,24704,0,0,0,0,1
2020-10-10,US,Pennsylvania,Lackawanna,2908,217,0,41.43564672,-75.60379201,42069.0,1386.9149250741625,7.462173314993121,2691,2844,217,0,2627,2799,210793,64,0,0,64,45
2020-10-10,US,Pennsylvania,Lancaster,8525,462,0,40.03904563,-76.24770128,42071.0,1562.1449670529425,5.419354838709676,8063,8421,462,0,7959,8368,543557,104,0,0,104,53
2020-10-10,US,Pennsylvania,Lawrence,608,23,0,40.99206278,-80.33393706,42073.0,711.011320048648,3.782894736842105,585,602,23,0,579,593,86184,6,0,0,6,9
2020-10-10,US,Pennsylvania,Lebanon,2325,64,0,40.36680311,-76.45651841,42075.0,1639.714231309021,2.7526881720430105,2261,2265,63,0,2202,2245,141314,60,1,0,59,20
2020-10-10,US,Pennsylvania,Lehigh,5941,358,0,40.6154815,-75.59435245,42077.0,1608.640791946236,6.0259215620265945,5583,5901,357,0,5544,5875,368100,40,1,0,39,26
2020-10-10,US,Pennsylvania,Luzerne,4346,190,0,41.17823008,-75.98447579,42079.0,1369.176824177659,4.371836171191902,4156,4305,190,0,4115,4277,317646,41,0,0,41,28
2020-10-10,US,Pennsylvania,Lycoming,818,28,0,41.34310539,-77.06629984,42081.0,721.98342439033,3.4229828850855744,790,807,26,0,781,795,113664,11,2,0,9,12
2020-10-10,US,Pennsylvania,McKean,72,2,0,41.80938602,-78.56478358,42083.0,177.23076923076923,2.7777777777777777,70,66,2,0,64,66,40968,6,0,0,6,0
2020-10-10,US,Pennsylvania,Mercer,822,25,0,41.30248872,-80.25816981,42085.0,751.2063167129699,3.0413625304136254,797,802,24,0,778,797,110683,20,1,0,19,5
2020-10-10,US,Pennsylvania,Mifflin,265,3,0,40.61116939,-77.61070738,42087.0,574.3638649269583,1.1320754716981132,262,260,2,0,258,257,46222,5,1,0,4,3
2020-10-10,US,Pennsylvania,Monroe,1858,134,0,41.05934058,-75.34031025,42089.0,1091.2016726277525,7.21205597416577,1724,1852,134,0,1718,1848,169507,6,0,0,6,4
2020-10-10,US,Pennsylvania,Montgomery,12774,887,0,40.21053671,-75.36652296,42091.0,1537.341364640186,6.943792077657743,11887,12703,886,0,11817,12645,828604,71,1,0,70,58
2020-10-10,US,Pennsylvania,Montour,241,5,0,41.03023987,-76.66345939,42093.0,1321.996708721887,2.074688796680498,236,233,5,0,228,226,18240,8,0,0,8,7
2020-10-10,US,Pennsylvania,Northampton,4820,308,0,40.75182733,-75.30471829,42095.0,1578.8525476194375,6.390041493775934,4512,4737,307,0,4430,4714,304807,83,1,0,82,23
2020-10-10,US,Pennsylvania,Northumberland,1263,82,0,40.84785433,-76.70798222,42097.0,1390.3107559195535,6.492478226444973,1181,1249,74,0,1175,1227,91083,14,8,0,6,22
2020-10-10,US,Pennsylvania,Perry,267,6,0,40.40206612,-77.26297447,42099.0,577.0228215767636,2.247191011235955,261,260,6,0,254,257,46139,7,0,0,7,3
2020-10-10,US,Pennsylvania,Philadelphia,38767,1830,0,40.00338507,-75.1379271,42101.0,2447.3127348389958,4.720509711868342,36937,38767,1830,0,36937,38515,1584138,0,0,0,0,252
2020-10-10,US,Pennsylvania,Pike,602,22,0,41.33155042,-75.03208106,42103.0,1078.6790661004497,3.6544850498338866,580,601,22,0,579,600,55933,1,0,0,1,1
2020-10-10,US,Pennsylvania,Potter,36,0,0,41.74471626,-77.89559864,42105.0,217.83855742466412,0.0,36,35,0,0,35,34,16622,1,0,0,1,1
2020-10-10,US,Pennsylvania,Schuylkill,1379,63,0,40.70497338,-76.2150785,42107.0,975.5303871702544,4.568527918781727,1316,1342,62,0,1280,1320,142067,37,1,0,36,22
2020-10-10,US,Pennsylvania,Snyder,420,10,0,40.77129231,-77.06840691,42109.0,1040.324977707322,2.380952380952381,410,419,10,0,409,408,40540,1,0,0,1,11
2020-10-10,US,Pennsylvania,Somerset,265,3,0,39.97172723,-79.02699593,42111.0,360.80438955981873,1.1320754716981132,262,261,3,0,258,259,73952,4,0,0,4,2
2020-10-10,US,Pennsylvania,Sullivan,15,0,0,41.44634738,-76.51246591,42113.0,247.27992087042526,0.0,15,15,0,0,15,15,6071,0,0,0,0,0
2020-10-10,US,Pennsylvania,Susquehanna,336,28,0,41.82147784,-75.80071959,42115.0,833.1680222178139,8.333333333333334,308,325,28,0,297,320,40589,11,0,0,11,5
2020-10-10,US,Pennsylvania,Tioga,104,3,0,41.77255149,-77.25433032,42117.0,256.2144317705896,2.8846153846153846,101,104,3,0,101,103,40763,0,0,0,0,1
2020-10-10,US,Pennsylvania,Union,597,7,0,40.96188846,-77.05996014,42119.0,1328.940631747657,1.1725293132328307,590,586,7,0,579,577,44785,11,0,0,11,9
2020-10-10,US,Pennsylvania,Venango,116,1,0,41.40323442,-79.75845449,42121.0,228.94134364885136,0.8620689655172413,115,113,1,0,112,110,51266,3,0,0,3,3
2020-10-10,US,Pennsylvania,Warren,52,1,0,41.81304978,-79.26969577,42123.0,132.6835242785333,1.9230769230769231,51,50,1,0,49,46,39498,2,0,0,2,4
2020-10-10,US,Pennsylvania,Washington,1507,30,0,40.19208869,-80.24582867,42125.0,728.4944287337152,1.9907100199071,1477,1494,30,0,1464,1484,207346,13,0,0,13,10
2020-10-10,US,Pennsylvania,Wayne,264,12,0,41.64938475,-75.29956506,42127.0,514.0086836315493,4.545454545454546,252,263,12,0,251,260,51276,1,0,0,1,3
2020-10-10,US,Pennsylvania,Westmoreland,2762,62,0,40.31377979999999,-79.46615476,42129.0,791.6331087220084,2.24475018102824,2700,2680,59,0,2621,2608,350611,82,3,0,79,72
2020-10-10,US,Pennsylvania,Wyoming,81,8,0,41.51955538,-76.01074915,42131.0,302.30648652683436,9.876543209876543,73,81,8,0,73,81,27046,0,0,0,0,0
2020-10-10,US,Pennsylvania,York,5415,176,0,39.9210089,-76.73040131,42133.0,1205.8575952326871,3.250230840258541,5239,5333,176,0,5157,5300,448273,82,0,0,82,33
2020-10-10,US,Puerto Rico,Adjuntas,163,0,0,18.180117000000006,-66.754367,72001.0,836.62680285377,0.0,163,161,0,0,161,160,,2,0,0,2,1
2020-10-10,US,Puerto Rico,Aguada,378,0,0,18.360255,-67.17513100000001,72003.0,900.8794299196837,0.0,378,374,0,0,374,372,,4,0,0,4,2
2020-10-10,US,Puerto Rico,Aguadilla,464,0,0,18.459681,-67.12081500000001,72005.0,761.292227928268,0.0,464,458,0,0,458,451,,6,0,0,6,7
2020-10-10,US,Puerto Rico,Aguas Buenas,315,0,0,18.251619,-66.126806,72007.0,1099.1311629854497,0.0,315,311,0,0,311,307,,4,0,0,4,4
2020-10-10,US,Puerto Rico,Aibonito,166,0,0,18.131361,-66.264131,72009.0,640.926640926641,0.0,166,164,0,0,164,164,,2,0,0,2,0
2020-10-10,US,Puerto Rico,Anasco,236,0,0,18.287985,-67.120611,72011.0,806.5342947951198,0.0,236,235,0,0,235,231,,1,0,0,1,4
2020-10-10,US,Puerto Rico,Arecibo,948,0,0,18.406631,-66.675077,72013.0,982.9946080464535,0.0,948,939,0,0,939,929,,9,0,0,9,10
2020-10-10,US,Puerto Rico,Arroyo,181,0,0,17.998457000000005,-66.056546,72015.0,924.6487867177524,0.0,181,179,0,0,179,178,,2,0,0,2,1
2020-10-10,US,Puerto Rico,Barceloneta,279,0,0,18.445532999999998,-66.56053100000001,72017.0,1124.2746615087042,0.0,279,279,0,0,279,277,,0,0,0,0,2
2020-10-10,US,Puerto Rico,Barranquitas,514,0,0,18.201592,-66.30963,72019.0,1695.3624909294808,0.0,514,510,0,0,510,507,,4,0,0,4,3
2020-10-10,US,Puerto Rico,Bayamon,4170,0,0,18.34946,-66.168435,72021.0,2003.690249668454,0.0,4170,4138,0,0,4138,4093,,32,0,0,32,45
2020-10-10,US,Puerto Rico,Cabo Rojo,389,0,0,18.040993,-67.154391,72023.0,763.9884517940962,0.0,389,372,0,0,372,368,,17,0,0,17,4
2020-10-10,US,Puerto Rico,Caguas,1814,0,0,18.211615,-66.050779,72025.0,1269.4813601785952,0.0,1814,1790,0,0,1790,1766,,24,0,0,24,24
2020-10-10,US,Puerto Rico,Camuy,326,0,0,18.418578,-66.860206,72027.0,927.2163599647316,0.0,326,326,0,0,326,320,,0,0,0,0,6
2020-10-10,US,Puerto Rico,Canovanas,767,0,0,18.328802,-65.887612,72029.0,1609.7212894560107,0.0,767,766,0,0,766,763,,1,0,0,1,3
2020-10-10,US,Puerto Rico,Carolina,3198,0,0,18.374986,-65.95683100000001,72031.0,1809.2123872778088,0.0,3198,3185,0,0,3185,3145,,13,0,0,13,40
2020-10-10,US,Puerto Rico,Catano,514,0,0,18.437269,-66.14330600000001,72033.0,1826.5813788201847,0.0,514,511,0,0,511,508,,3,0,0,3,3
2020-10-10,US,Puerto Rico,Cayey,401,0,0,18.102851,-66.14914,72035.0,833.3506515097986,0.0,401,394,0,0,394,390,,7,0,0,7,4
2020-10-10,US,Puerto Rico,Ceiba,155,0,0,18.251818,-65.666416,72037.0,1137.1139314797153,0.0,155,153,0,0,153,153,,2,0,0,2,0
2020-10-10,US,Puerto Rico,Ciales,302,0,0,18.28885,-66.516475,72039.0,1607.9224789692264,0.0,302,300,0,0,300,294,,2,0,0,2,6
2020-10-10,US,Puerto Rico,Cidra,366,0,0,18.173559,-66.161179,72041.0,841.7663293468263,0.0,366,365,0,0,365,364,,1,0,0,1,1
2020-10-10,US,Puerto Rico,Coamo,328,0,0,18.097597,-66.36014,72043.0,809.6366508688782,0.0,328,324,0,0,324,324,,4,0,0,4,0
2020-10-10,US,Puerto Rico,Comerio,264,0,0,18.224687,-66.221622,72045.0,1270.5746462604675,0.0,264,264,0,0,264,262,,0,0,0,0,2
2020-10-10,US,Puerto Rico,Corozal,701,0,0,18.304264,-66.327738,72047.0,1887.3512465672284,0.0,701,700,0,0,700,697,,1,0,0,1,3
2020-10-10,US,Puerto Rico,Culebra,22,0,0,18.31586,-65.28813000000001,72049.0,1210.1210121012102,0.0,22,22,0,0,22,22,,0,0,0,0,0
2020-10-10,US,Puerto Rico,Dorado,873,0,0,18.436115,-66.278669,72051.0,2287.4361325822088,0.0,873,871,0,0,871,859,,2,0,0,2,12
2020-10-10,US,Puerto Rico,Fajardo,616,0,0,18.318373,-65.666866,72053.0,1665.1798988997919,0.0,616,613,0,0,613,605,,3,0,0,3,8
2020-10-10,US,Puerto Rico,Florida,353,0,0,18.373715,-66.560488,72054.0,2783.9116719242897,0.0,353,350,0,0,350,350,,3,0,0,3,0
2020-10-10,US,Puerto Rico,Guanica,123,0,0,17.982429,-66.91964300000001,72055.0,633.1394451021773,0.0,123,118,0,0,118,118,,5,0,0,5,0
2020-10-10,US,Puerto Rico,Guayama,340,0,0,18.007516,-66.13390799999999,72057.0,749.5260350072748,0.0,340,332,0,0,332,331,,8,0,0,8,1
2020-10-10,US,Puerto Rico,Guayanilla,214,0,0,18.039942,-66.79186,72059.0,991.6129929104304,0.0,214,204,0,0,204,202,,10,0,0,10,2
2020-10-10,US,Puerto Rico,Guaynabo,1935,0,0,18.345114000000002,-66.11452299999999,72061.0,1976.022221314489,0.0,1935,1929,0,0,1929,1906,,6,0,0,6,23
2020-10-10,US,Puerto Rico,Gurabo,615,0,0,18.266461,-65.97970500000001,72063.0,1355.5511472591418,0.0,615,610,0,0,610,602,,5,0,0,5,8
2020-10-10,US,Puerto Rico,Hatillo,364,0,0,18.410928,-66.79632600000001,72065.0,867.6375944509332,0.0,364,364,0,0,364,361,,0,0,0,0,3
2020-10-10,US,Puerto Rico,Hormigueros,187,0,0,18.134532,-67.113972,72067.0,1084.0579710144928,0.0,187,187,0,0,187,185,,0,0,0,0,2
2020-10-10,US,Puerto Rico,Humacao,652,0,0,18.145211,-65.810174,72069.0,1115.1780522012793,0.0,652,646,0,0,646,638,,6,0,0,6,8
2020-10-10,US,Puerto Rico,Isabela,315,0,0,18.44981,-67.005093,72071.0,690.3201770726041,0.0,315,306,0,0,306,296,,9,0,0,9,10
2020-10-10,US,Puerto Rico,Jayuya,262,0,0,18.211446,-66.58878,72073.0,1574.3300084124505,0.0,262,259,0,0,259,256,,3,0,0,3,3
2020-10-10,US,Puerto Rico,Juana Diaz,384,0,0,18.050764,-66.49458100000001,72075.0,480.61879670075217,0.0,384,380,0,0,380,379,,4,0,0,4,1
2020-10-10,US,Puerto Rico,Juncos,466,0,0,18.223793,-65.909109,72077.0,1156.614544551998,0.0,466,462,0,0,462,454,,4,0,0,4,8
2020-10-10,US,Puerto Rico,Lajas,185,0,0,18.011661,-67.040585,72079.0,718.3629091756302,0.0,185,182,0,0,182,182,,3,0,0,3,0
2020-10-10,US,Puerto Rico,Lares,377,0,0,18.269035000000002,-66.867236,72081.0,1225.8966604884074,0.0,377,375,0,0,375,371,,2,0,0,2,4
2020-10-10,US,Puerto Rico,Las Marias,114,0,0,18.23679,-66.98362,72083.0,1153.7293796174474,0.0,114,114,0,0,114,114,,0,0,0,0,0
2020-10-10,US,Puerto Rico,Las Piedras,552,0,0,18.187527,-65.86946800000001,72085.0,1427.278603749192,0.0,552,549,0,0,549,543,,3,0,0,3,6
2020-10-10,US,Puerto Rico,Loiza,310,0,0,18.425688,-65.89943000000001,72087.0,1031.2707917498337,0.0,310,308,0,0,308,304,,2,0,0,2,4
2020-10-10,US,Puerto Rico,Luquillo,281,0,0,18.342114000000002,-65.72509699999999,72089.0,1400.239186764999,0.0,281,279,0,0,279,279,,2,0,0,2,0
2020-10-10,US,Puerto Rico,Manati,644,0,0,18.420473,-66.490461,72091.0,1459.887108108721,0.0,644,641,0,0,641,624,,3,0,0,3,17
2020-10-10,US,Puerto Rico,Maricao,88,0,0,18.171795,-66.942126,72093.0,1402.1669853409815,0.0,88,88,0,0,88,88,,0,0,0,0,0
2020-10-10,US,Puerto Rico,Maunabo,154,0,0,18.017889,-65.922235,72095.0,1259.7137014314928,0.0,154,151,0,0,151,146,,3,0,0,3,5
2020-10-10,US,Puerto Rico,Mayaguez,891,0,0,18.2013,-67.1452,72097.0,1000.2245172878313,0.0,891,885,0,0,885,879,,6,0,0,6,6
2020-10-10,US,Puerto Rico,Moca,391,0,0,18.377805,-67.080952,72099.0,974.8435513226456,0.0,391,390,0,0,390,384,,1,0,0,1,6
2020-10-10,US,Puerto Rico,Morovis,569,0,0,18.316963,-66.420383,72101.0,1744.8635387917816,0.0,569,566,0,0,566,560,,3,0,0,3,6
2020-10-10,US,Puerto Rico,Naguabo,284,0,0,18.230636999999998,-65.753897,72103.0,1062.874251497006,0.0,284,277,0,0,277,271,,7,0,0,7,6
2020-10-10,US,Puerto Rico,Naranjito,725,0,0,18.288019,-66.252703,72105.0,2384.711532136044,0.0,725,722,0,0,722,713,,3,0,0,3,9
2020-10-10,US,Puerto Rico,Orocovis,379,0,0,18.215046,-66.433604,72107.0,1618.0677112240105,0.0,379,378,0,0,378,375,,1,0,0,1,3
2020-10-10,US,Puerto Rico,Out of PR,804,0,0,0.0,0.0,72888.0,0.0,0.0,804,804,0,0,804,804,,0,0,0,0,0
2020-10-10,US,Puerto Rico,Patillas,185,0,0,18.03174,-66.012242,72109.0,959.6928982725528,0.0,185,185,0,0,185,184,,0,0,0,0,1
2020-10-10,US,Puerto Rico,Penuelas,128,0,0,18.059645,-66.721572,72111.0,527.1394448562721,0.0,128,128,0,0,128,127,,0,0,0,0,1
2020-10-10,US,Puerto Rico,Ponce,1025,0,0,18.059498,-66.613748,72113.0,616.2559295844933,0.0,1025,1011,0,0,1011,1007,,14,0,0,14,4
2020-10-10,US,Puerto Rico,Quebradillas,216,0,0,18.439692,-66.926113,72115.0,833.3654847795053,0.0,216,213,0,0,213,208,,3,0,0,3,5
2020-10-10,US,Puerto Rico,Rincon,223,0,0,18.335442999999998,-67.23174,72117.0,1467.1052631578948,0.0,223,222,0,0,222,219,,1,0,0,1,3
2020-10-10,US,Puerto Rico,Rio Grande,688,0,0,18.346329,-65.813742,72119.0,1266.94166175604,0.0,688,683,0,0,683,676,,5,0,0,5,7
2020-10-10,US,Puerto Rico,Sabana Grande,211,0,0,18.08282,-66.943758,72121.0,835.1474371660399,0.0,211,209,0,0,209,209,,2,0,0,2,0
2020-10-10,US,Puerto Rico,Salinas,487,0,0,18.010386999999994,-66.256592,72123.0,1567.024905077547,0.0,487,475,0,0,475,470,,12,0,0,12,5
2020-10-10,US,Puerto Rico,San German,279,0,0,18.111484,-67.03858100000001,72125.0,785.3182086863513,0.0,279,276,0,0,276,275,,3,0,0,3,1
2020-10-10,US,Puerto Rico,San Juan,8641,0,0,18.386933,-66.061128,72127.0,2185.790967454708,0.0,8641,8582,0,0,8582,8459,,59,0,0,59,123
2020-10-10,US,Puerto Rico,San Lorenzo,584,0,0,18.147987,-65.976392,72129.0,1422.3780992741974,0.0,584,577,0,0,577,572,,7,0,0,7,5
2020-10-10,US,Puerto Rico,San Sebastian,507,0,0,18.328646,-66.971214,72131.0,1194.9092623144002,0.0,507,506,0,0,506,492,,1,0,0,1,14
2020-10-10,US,Puerto Rico,Santa Isabel,200,0,0,17.994525,-66.388913,72133.0,859.3280054996992,0.0,200,194,0,0,194,190,,6,0,0,6,4
2020-10-10,US,Puerto Rico,Toa Alta,1442,0,0,18.362406,-66.246616,72135.0,1946.912213431264,0.0,1442,1427,0,0,1427,1417,,15,0,0,15,10
2020-10-10,US,Puerto Rico,Toa Baja,1612,0,0,18.431445999999998,-66.213553,72137.0,1798.9264471202664,0.0,1612,1589,0,0,1589,1572,,23,0,0,23,17
2020-10-10,US,Puerto Rico,Trujillo Alto,1242,0,0,18.336159,-65.99888399999999,72139.0,1659.4960049170252,0.0,1242,1238,0,0,1238,1223,,4,0,0,4,15
2020-10-10,US,Puerto Rico,Unassigned,707,728,0,0.0,0.0,72999.0,0.0,102.97029702970299,-21,666,720,0,-54,651,,41,8,0,33,15
2020-10-10,US,Puerto Rico,Utuado,178,0,0,18.271214,-66.702984,72141.0,536.9694410087785,0.0,178,176,0,0,176,172,,2,0,0,2,4
2020-10-10,US,Puerto Rico,Vega Alta,829,0,0,18.409346,-66.33725,72143.0,2075.0419263597905,0.0,829,825,0,0,825,819,,4,0,0,4,6
2020-10-10,US,Puerto Rico,Vega Baja,1063,0,0,18.428262,-66.397924,72145.0,1781.7035969293688,0.0,1063,1059,0,0,1059,1045,,4,0,0,4,14
2020-10-10,US,Puerto Rico,Vieques,98,0,0,18.123276,-65.44097099999999,72147.0,1053.6501451456834,0.0,98,98,0,0,98,97,,0,0,0,0,1
2020-10-10,US,Puerto Rico,Villalba,162,0,0,18.127951,-66.473115,72149.0,621.3324128408699,0.0,162,157,0,0,157,157,,5,0,0,5,0
2020-10-10,US,Puerto Rico,Yabucoa,407,0,0,18.070399,-65.896289,72151.0,1072.7181676814,0.0,407,402,0,0,402,395,,5,0,0,5,7
2020-10-10,US,Puerto Rico,Yauco,442,0,0,18.080374,-66.858814,72153.0,1051.304616701948,0.0,442,434,0,0,434,434,,8,0,0,8,0
2020-10-10,US,Rhode Island,Bristol,430,0,0,41.71018079,-71.28652315,44001.0,886.9819922028095,0.0,430,430,0,0,430,430,48649,0,0,0,0,0
2020-10-10,US,Rhode Island,Kent,2018,0,0,41.67106337,-71.57641596,44003.0,1228.3008302291043,0.0,2018,2018,0,0,2018,2018,163861,0,0,0,0,0
2020-10-10,US,Rhode Island,Newport,545,0,0,41.5642026,-71.26569799,44005.0,663.9701761652982,0.0,545,545,0,0,545,545,82542,0,0,0,0,0
2020-10-10,US,Rhode Island,Providence,19636,0,0,41.87064746,-71.57753536,44007.0,3073.258301757153,0.0,19636,19636,0,0,19636,19636,636084,0,0,0,0,0
2020-10-10,US,Rhode Island,Unassigned,2710,1130,0,0.0,0.0,90044.0,0.0,41.69741697416974,1580,2710,1130,0,1580,2461,,0,0,0,0,249
2020-10-10,US,Rhode Island,Washington,955,0,0,41.45961631,-71.61435303,44009.0,760.4895800982664,0.0,955,955,0,0,955,955,126179,0,0,0,0,0
2020-10-10,US,South Carolina,Abbeville,687,15,0,34.22333378,-82.46170658,45001.0,2800.9948220328606,2.183406113537118,672,687,15,0,672,672,24541,0,0,0,0,15
2020-10-10,US,South Carolina,Aiken,4496,85,0,33.54338026,-81.63645384,45003.0,2631.20932627932,1.8905693950177933,4411,4474,85,0,4389,4462,169401,22,0,0,22,12
2020-10-10,US,South Carolina,Allendale,410,6,0,32.98837386,-81.35321066,45005.0,4719.152854511971,1.4634146341463414,404,408,6,0,402,410,8903,2,0,0,2,-2
2020-10-10,US,South Carolina,Anderson,4963,187,0,34.51828081,-82.63959517,45007.0,2450.162422614757,3.767882329236349,4776,4935,187,0,4748,4893,200482,28,0,0,28,42
2020-10-10,US,South Carolina,Bamberg,657,35,0,33.21927586,-81.05659969,45009.0,4670.8374804493105,5.327245053272451,622,657,35,0,622,656,14275,0,0,0,0,1
2020-10-10,US,South Carolina,Barnwell,779,17,0,33.26679302,-81.43584352,45011.0,3733.3461132943535,2.1822849807445444,762,778,17,0,761,775,21112,1,0,0,1,3
2020-10-10,US,South Carolina,Beaufort,5862,88,0,32.39226291,-80.72619758,45013.0,3051.186225419265,1.501194131695667,5774,5844,88,0,5756,5830,188715,18,0,0,18,14
2020-10-10,US,South Carolina,Berkeley,5641,91,0,33.20222596,-79.94654523,45015.0,2475.132400496693,1.6131891508597769,5550,5626,91,0,5535,5608,221091,15,0,0,15,18
2020-10-10,US,South Carolina,Calhoun,486,17,0,33.66926881,-80.77722168,45017.0,3339.517625231911,3.497942386831276,469,485,17,0,468,482,14520,1,0,0,1,3
2020-10-10,US,South Carolina,Charleston,16232,269,0,32.82487866,-79.96512315,45019.0,3945.4942319752254,1.6572203055692458,15963,16178,269,0,15909,16141,405905,54,0,0,54,37
2020-10-10,US,South Carolina,Cherokee,1294,45,0,35.05122251,-81.61828622,45021.0,2258.289703315881,3.4775888717156107,1249,1284,44,0,1240,1275,57078,10,1,0,9,9
2020-10-10,US,South Carolina,Chester,1115,22,0,34.69249168,-81.1583216,45023.0,3458.007691353431,1.9730941704035876,1093,1109,22,0,1087,1089,32251,6,0,0,6,20
2020-10-10,US,South Carolina,Chesterfield,1333,38,0,34.64137396,-80.15640140000002,45025.0,2920.043811610077,2.8507126781695424,1295,1321,38,0,1283,1316,45754,12,0,0,12,5
2020-10-10,US,South Carolina,Clarendon,1124,68,0,33.66610974,-80.21647898,45027.0,3330.863831678768,6.049822064056939,1056,1120,67,0,1053,1120,33700,4,1,0,3,0
2020-10-10,US,South Carolina,Colleton,1129,42,0,32.87582989,-80.67641292,45029.0,2996.523077739735,3.7201062887511074,1087,1122,42,0,1080,1112,37660,7,0,0,7,10
2020-10-10,US,South Carolina,Darlington,2229,61,0,34.33358335,-79.96027485,45031.0,3345.942538052779,2.736653207716465,2168,2218,61,0,2157,2200,66802,11,0,0,11,18
2020-10-10,US,South Carolina,Dillon,1182,44,0,34.39007791,-79.37741872,45033.0,3878.079989500968,3.7225042301184432,1138,1167,44,0,1123,1153,30599,15,0,0,15,14
2020-10-10,US,South Carolina,Dorchester,4400,91,0,33.0794369,-80.40502652,45035.0,2702.553298650566,2.0681818181818183,4309,4375,91,0,4284,4352,160647,25,0,0,25,23
2020-10-10,US,South Carolina,Edgefield,839,19,0,33.77221995,-81.96231108,45037.0,3077.769625825385,2.2646007151370684,820,837,19,0,818,834,27052,2,0,0,2,3
2020-10-10,US,South Carolina,Fairfield,814,37,0,34.39287073,-81.1195624,45039.0,3642.5470980444798,4.545454545454546,777,810,37,0,773,808,22402,4,0,0,4,2
2020-10-10,US,South Carolina,Florence,5167,198,0,34.02361754,-79.70189312,45041.0,3736.270093207899,3.8320108380104503,4969,5148,198,0,4950,5136,138159,19,0,0,19,12
2020-10-10,US,South Carolina,Georgetown,1991,44,0,33.43443342,-79.33202141,45043.0,3176.4518187619647,2.209944751381216,1947,1974,44,0,1930,1964,62249,17,0,0,17,10
2020-10-10,US,South Carolina,Greenville,15505,326,0,34.89502264,-82.37295012,45045.0,2961.5580029873436,2.102547565301516,15179,15395,323,0,15072,15245,514213,110,3,0,107,150
2020-10-10,US,South Carolina,Greenwood,2378,73,0,34.15272415,-82.12715789,45047.0,3358.2353024247645,3.069806560134567,2305,2363,73,0,2290,2356,70741,15,0,0,15,7
2020-10-10,US,South Carolina,Hampton,717,28,0,32.77419582,-81.13845571,45049.0,3730.1009260222654,3.9051603905160386,689,711,28,0,683,709,19351,6,0,0,6,2
2020-10-10,US,South Carolina,Horry,11184,205,0,33.9212828,-78.99555293,45051.0,3158.5993035491883,1.8329756795422032,10979,11045,204,0,10841,10972,344147,139,1,0,138,73
2020-10-10,US,South Carolina,Jasper,855,23,0,32.43171982,-81.02487495,45053.0,2843.081834203438,2.6900584795321643,832,850,23,0,827,842,28971,5,0,0,5,8
2020-10-10,US,South Carolina,Kershaw,2184,40,0,34.33988254,-80.58763164,45055.0,3281.6937386365344,1.8315018315018317,2144,2172,38,0,2134,2152,65592,12,2,0,10,20
2020-10-10,US,South Carolina,Lancaster,2316,56,0,34.68270843,-80.70513032,45057.0,2362.9759621270864,2.4179620034542317,2260,2304,56,0,2248,2288,95380,12,0,0,12,16
2020-10-10,US,South Carolina,Laurens,1767,58,0,34.48244419,-82.00490796,45059.0,2618.049279184508,3.2823995472552348,1709,1759,58,0,1701,1753,66994,8,0,0,8,6
2020-10-10,US,South Carolina,Lee,735,35,0,34.16393091,-80.25690731,45061.0,4367.720465890183,4.761904761904762,700,727,35,0,692,724,17142,8,0,0,8,3
2020-10-10,US,South Carolina,Lexington,8029,181,0,33.89665987,-81.27146426,45063.0,2687.531380753138,2.254328060779674,7848,7986,178,0,7808,7943,295032,43,3,0,40,43
2020-10-10,US,South Carolina,Marion,986,31,0,34.07859748,-79.36400756,45067.0,3216.231203314089,3.1440162271805274,955,975,31,0,944,961,31039,11,0,0,11,14
2020-10-10,US,South Carolina,Marlboro,1003,12,0,34.59905577,-79.67561152,45069.0,3840.263419863696,1.1964107676969091,991,997,12,0,985,991,26398,6,0,0,6,6
2020-10-10,US,South Carolina,McCormick,250,7,0,33.90161443,-82.30794338,45065.0,2641.8683292824685,2.8,243,250,7,0,243,252,9410,0,0,0,0,-2
2020-10-10,US,South Carolina,Newberry,1476,31,0,34.28629098,-81.59935761,45071.0,3839.7502601456818,2.1002710027100266,1445,1464,30,0,1434,1452,38520,12,1,0,11,12
2020-10-10,US,South Carolina,Oconee,2114,29,0,34.75225169,-83.06742317,45073.0,2657.5817765821034,1.371807000946074,2085,2086,28,0,2058,2032,78374,28,1,0,27,54
2020-10-10,US,South Carolina,Orangeburg,3193,128,0,33.4391073,-80.79886287,45075.0,3705.2509428488543,4.008769182586909,3065,3188,127,0,3061,3180,86934,5,1,0,4,8
2020-10-10,US,South Carolina,Pickens,3568,51,0,34.88807695,-82.72791551,45077.0,2812.017275621828,1.4293721973094171,3517,3528,49,0,3479,3469,124937,40,2,0,38,59
2020-10-10,US,South Carolina,Richland,16095,254,0,34.01791263,-80.90267209,45079.0,3871.233094172345,1.5781298539919228,15841,16017,253,0,15764,15953,414576,78,1,0,77,64
2020-10-10,US,South Carolina,Saluda,703,22,0,34.00795823,-81.72713237,45081.0,3433.7908464807306,3.1294452347083928,681,697,22,0,675,697,20544,6,0,0,6,0
2020-10-10,US,South Carolina,Spartanburg,7534,211,0,34.92960077,-81.99225984,45083.0,2355.957909220257,2.8006371117600213,7323,7468,210,0,7258,7438,313888,66,1,0,65,30
2020-10-10,US,South Carolina,Sumter,3310,83,0,33.91826534,-80.37942316,45085.0,3101.5451504389953,2.5075528700906347,3227,3296,83,0,3213,3287,106512,14,0,0,14,9
2020-10-10,US,South Carolina,Union,650,15,0,34.68835752,-81.61730349,45087.0,2379.557768340899,2.3076923076923075,635,644,14,0,630,634,27410,6,1,0,5,10
2020-10-10,US,South Carolina,Williamsburg,1357,46,0,33.62190129,-79.72767442,45089.0,4468.519494204425,3.3898305084745757,1311,1357,46,0,1311,1355,30606,0,0,0,0,2
2020-10-10,US,South Carolina,York,5882,87,0,34.97281497,-81.18085944,45091.0,2093.394880044416,1.4790887453247197,5795,5840,85,0,5755,5782,274118,42,2,0,40,58
2020-10-10,US,South Dakota,Aurora,126,0,0,43.71757685,-98.56050467,46003.0,4580.152671755725,0.0,126,116,0,0,116,115,2801,10,0,0,10,1
2020-10-10,US,South Dakota,Beadle,936,11,0,44.41464384,-98.27858469,46005.0,5072.345960006503,1.1752136752136753,925,919,11,0,908,899,18883,17,0,0,17,20
2020-10-10,US,South Dakota,Bennett,103,4,0,43.19486375,-101.6665572,46007.0,3060.9212481426453,3.8834951456310685,99,97,4,0,93,89,3468,6,0,0,6,8
2020-10-10,US,South Dakota,Bon Homme,151,1,0,42.98914167,-97.88592746,46009.0,2188.088682799594,0.6622516556291391,150,140,1,0,139,125,6980,11,0,0,11,15
2020-10-10,US,South Dakota,Brookings,949,2,0,44.36974375,-96.79079945,46011.0,2705.4765230778007,0.2107481559536354,947,907,2,0,905,874,35232,42,0,0,42,33
2020-10-10,US,South Dakota,Brown,1534,4,0,45.58994323,-98.35165355,46013.0,3949.638250212415,0.2607561929595828,1530,1488,4,0,1484,1427,39316,46,0,0,46,61
2020-10-10,US,South Dakota,Brule,174,1,0,43.71756379,-99.08118954,46015.0,3284.878232962054,0.5747126436781609,173,163,1,0,162,160,5229,11,0,0,11,3
2020-10-10,US,South Dakota,Buffalo,177,3,0,44.07657829,-99.20814467,46017.0,9021.406727828746,1.6949152542372878,174,171,3,0,168,164,2036,6,0,0,6,7
2020-10-10,US,South Dakota,Butte,161,3,0,44.90608745,-103.5079318,46019.0,1543.7721737462846,1.8633540372670807,158,153,3,0,150,149,10222,8,0,0,8,4
2020-10-10,US,South Dakota,Campbell,52,0,0,45.77074915,-100.0510181,46021.0,3779.069767441861,0.0,52,49,0,0,49,44,1377,3,0,0,3,5
2020-10-10,US,South Dakota,Charles Mix,255,0,0,43.20660134,-98.58856175,46023.0,2744.296168747309,0.0,255,248,0,0,248,239,9338,7,0,0,7,9
2020-10-10,US,South Dakota,Clark,53,0,0,44.85834507,-97.72925109,46025.0,1418.629550321199,0.0,53,50,0,0,50,49,3739,3,0,0,3,1
2020-10-10,US,South Dakota,Clay,634,8,0,42.91296147,-96.97656917,46027.0,4506.041222459134,1.2618296529968454,626,619,7,0,612,606,14041,15,1,0,14,13
2020-10-10,US,South Dakota,Codington,1102,9,0,44.97788119,-97.18827677,46029.0,3934.449641186761,0.8166969147005445,1093,1080,9,0,1071,1053,28015,22,0,0,22,27
2020-10-10,US,South Dakota,Corson,114,1,0,45.70889983,-101.1970473,46031.0,2790.014684287812,0.8771929824561403,113,112,1,0,111,109,4165,2,0,0,2,3
2020-10-10,US,South Dakota,Custer,212,3,0,43.67741105,-103.45345209999999,46033.0,2362.9068212215784,1.4150943396226414,209,210,3,0,207,207,8726,2,0,0,2,3
2020-10-10,US,South Dakota,Davison,530,4,0,43.67490933,-98.14458906,46035.0,2680.1517067003792,0.7547169811320755,526,505,3,0,502,474,19790,25,1,0,24,31
2020-10-10,US,South Dakota,Day,113,0,0,45.367281,-97.60737498,46037.0,2083.333333333333,0.0,113,109,0,0,109,108,5505,4,0,0,4,1
2020-10-10,US,South Dakota,Deuel,120,0,0,44.75994309,-96.66943645,46039.0,2757.9866697310968,0.0,120,115,0,0,115,109,4337,5,0,0,5,6
2020-10-10,US,South Dakota,Dewey,206,0,0,45.15639647,-100.8709139,46041.0,3496.266123557365,0.0,206,202,0,0,202,196,5904,4,0,0,4,6
2020-10-10,US,South Dakota,Douglas,125,1,0,43.38520741,-98.36978007,46043.0,4279.356384799726,0.8,124,119,1,0,118,115,2935,6,0,0,6,4
2020-10-10,US,South Dakota,Edmunds,105,0,0,45.41846445,-99.21545423,46045.0,2742.230347349177,0.0,105,104,0,0,104,104,3875,1,0,0,1,0
2020-10-10,US,South Dakota,Fall River,130,6,0,43.23929297,-103.5275691,46047.0,1936.5410397735736,4.615384615384615,124,124,5,0,119,122,6758,6,1,0,5,2
2020-10-10,US,South Dakota,Faulk,120,1,0,45.07082625,-99.14535601,46049.0,5219.660722053067,0.8333333333333334,119,114,1,0,113,109,2330,6,0,0,6,5
2020-10-10,US,South Dakota,Grant,213,2,0,45.1723937,-96.77002276,46051.0,3020.419739081112,0.9389671361502347,211,206,2,0,204,197,7147,7,0,0,7,9
2020-10-10,US,South Dakota,Gregory,156,7,0,43.19419064,-99.18883902,46053.0,3727.5985663082442,4.487179487179487,149,153,7,0,146,151,4212,3,0,0,3,2
2020-10-10,US,South Dakota,Haakon,41,1,0,44.29299053,-101.539099,46055.0,2159.031068983676,2.4390243902439024,40,41,1,0,40,37,1918,0,0,0,0,4
2020-10-10,US,South Dakota,Hamlin,123,0,0,44.67385954,-97.18829593,46057.0,1995.4574951330303,0.0,123,120,0,0,120,117,6111,3,0,0,3,3
2020-10-10,US,South Dakota,Hand,74,1,0,44.54708407,-99.00386459,46059.0,2319.022250078345,1.351351351351351,73,72,1,0,71,68,3262,2,0,0,2,4
2020-10-10,US,South Dakota,Hanson,53,1,0,43.6746384,-97.78715148,46061.0,1534.8971908485375,1.8867924528301887,52,52,1,0,51,50,3376,1,0,0,1,2
2020-10-10,US,South Dakota,Harding,7,0,0,45.58015551,-103.4958629,46063.0,539.291217257319,0.0,7,6,0,0,6,6,1249,1,0,0,1,0
2020-10-10,US,South Dakota,Hughes,624,5,0,44.39091534,-99.99661148,46065.0,3560.4245121533722,0.8012820512820513,619,611,5,0,606,596,17650,13,0,0,13,15
2020-10-10,US,South Dakota,Hutchinson,152,2,0,43.33449012,-97.75536441,46067.0,2084.7620353860925,1.3157894736842106,150,148,2,0,146,141,7380,4,0,0,4,7
2020-10-10,US,South Dakota,Hyde,28,0,0,44.54747703,-99.48572582,46069.0,2152.190622598001,0.0,28,25,0,0,25,25,1282,3,0,0,3,0
2020-10-10,US,South Dakota,Jackson,52,1,0,43.69318385,-101.6255063,46071.0,1555.0239234449762,1.9230769230769231,51,50,1,0,49,46,3307,2,0,0,2,4
2020-10-10,US,South Dakota,Jerauld,148,4,0,44.06637798,-98.62965972,46073.0,7352.210630899155,2.702702702702702,144,147,4,0,143,146,2043,1,0,0,1,1
2020-10-10,US,South Dakota,Jones,20,0,0,43.96278565,-100.6940008,46075.0,2214.839424141749,0.0,20,20,0,0,20,20,928,0,0,0,0,0
2020-10-10,US,South Dakota,Kingsbury,96,0,0,44.36956169,-97.4913945,46077.0,1943.7133022879127,0.0,96,87,0,0,87,82,4919,9,0,0,9,5
2020-10-10,US,South Dakota,Lake,249,8,0,44.02193107,-97.12926365,46079.0,1945.7685395014457,3.21285140562249,241,238,8,0,230,229,13057,11,0,0,11,9
2020-10-10,US,South Dakota,Lawrence,550,5,0,44.35919441,-103.79294279999999,46081.0,2128.1535366042413,0.9090909090909092,545,533,5,0,528,525,25741,17,0,0,17,8
2020-10-10,US,South Dakota,Lincoln,1788,10,0,43.27841182,-96.72039050000001,46083.0,2925.0098154691805,0.5592841163310962,1778,1740,8,0,1732,1692,58807,48,2,0,46,48
2020-10-10,US,South Dakota,Lyman,200,4,0,43.89522709,-99.85201878,46085.0,5289.605924358635,2.0,196,197,4,0,193,199,3821,3,0,0,3,-2
2020-10-10,US,South Dakota,Marshall,51,0,0,45.75870838,-97.59855639,46091.0,1033.4346504559269,0.0,51,51,0,0,51,49,5112,0,0,0,0,2
2020-10-10,US,South Dakota,McCook,146,1,0,43.6742571,-97.36863144,46087.0,2613.6770497672755,0.6849315068493149,145,142,1,0,141,139,5546,4,0,0,4,3
2020-10-10,US,South Dakota,McPherson,47,0,0,45.76626028,-99.22118798,46089.0,1975.6200084068937,0.0,47,43,0,0,43,42,2407,4,0,0,4,1
2020-10-10,US,South Dakota,Meade,691,6,0,44.56676791,-102.71627409999999,46093.0,2438.9383029789637,0.8683068017366136,685,684,6,0,678,669,28294,7,0,0,7,15
2020-10-10,US,South Dakota,Mellette,42,0,0,43.58078848,-100.7563186,46095.0,2037.8457059679768,0.0,42,42,0,0,42,40,2042,0,0,0,0,2
2020-10-10,US,South Dakota,Miner,59,0,0,44.02197882,-97.60992207,46097.0,2662.4548736462093,0.0,59,54,0,0,54,47,2213,5,0,0,5,7
2020-10-10,US,South Dakota,Minnehaha,7847,88,0,43.67441641,-96.7910885,46099.0,4062.9821781768105,1.1214476870141454,7759,7708,88,0,7620,7550,192876,139,0,0,139,158
2020-10-10,US,South Dakota,Moody,143,1,0,44.02266214,-96.67081159,46101.0,2174.5742092457417,0.6993006993006993,142,135,0,0,135,128,6579,8,1,0,7,7
2020-10-10,US,South Dakota,Oglala Lakota,413,4,0,43.33749164,-102.55554980000001,46102.0,2913.169217747055,0.9685230024213076,409,384,4,0,380,359,14309,29,0,0,29,25
2020-10-10,US,South Dakota,Pennington,3063,41,0,44.0025835,-102.8240777,46103.0,2692.1555702043506,1.3385569702905649,3022,3001,39,0,2962,2921,111729,62,2,0,60,80
2020-10-10,US,South Dakota,Perkins,47,0,0,45.49049506,-102.47555859999999,46105.0,1640.4886561954627,0.0,47,47,0,0,47,47,2922,0,0,0,0,0
2020-10-10,US,South Dakota,Potter,70,0,0,45.06583079,-99.95498503,46107.0,3251.2772875058063,0.0,70,69,0,0,69,66,2207,1,0,0,1,3
2020-10-10,US,South Dakota,Roberts,252,1,0,45.62975048,-96.94672673,46109.0,2424.475659034058,0.3968253968253968,251,247,1,0,246,244,10447,5,0,0,5,3
2020-10-10,US,South Dakota,Sanborn,56,0,0,44.02351092,-98.09098159999999,46111.0,2389.078498293515,0.0,56,53,0,0,53,50,2429,3,0,0,3,3
2020-10-10,US,South Dakota,Spink,180,1,0,44.93837606,-98.34626602,46115.0,2823.086574654956,0.5555555555555556,179,172,0,0,172,165,6495,8,1,0,7,7
2020-10-10,US,South Dakota,Stanley,54,0,0,44.41381872,-100.7349153,46117.0,1743.0600387346674,0.0,54,50,0,0,50,49,3022,4,0,0,4,1
2020-10-10,US,South Dakota,Sully,22,0,0,44.71571812,-100.1278092,46119.0,1581.5959741193383,0.0,22,21,0,0,21,19,1392,1,0,0,1,2
2020-10-10,US,South Dakota,Todd,215,5,0,43.19338568,-100.71955030000001,46121.0,2112.606858602732,2.3255813953488373,210,209,5,0,204,201,10283,6,0,0,6,8
2020-10-10,US,South Dakota,Tripp,202,1,0,43.34459388,-99.8854891,46123.0,3712.5528395515526,0.4950495049504951,201,200,1,0,199,196,5478,2,0,0,2,4
2020-10-10,US,South Dakota,Turner,276,7,0,43.3109081,-97.14865776,46125.0,3291.9847328244273,2.5362318840579707,269,259,7,0,252,250,8424,17,0,0,17,9
2020-10-10,US,South Dakota,Union,539,10,0,42.83112163,-96.6557828,46127.0,3383.1282952548327,1.855287569573284,529,526,10,0,516,514,15619,13,0,0,13,12
2020-10-10,US,South Dakota,Walworth,179,1,0,45.43019636,-100.03075140000001,46129.0,3293.4682612695487,0.5586592178770949,178,171,1,0,170,152,5587,8,0,0,8,19
2020-10-10,US,South Dakota,Yankton,527,5,0,43.00924485,-97.39467635,46135.0,2309.985096870343,0.9487666034155596,522,517,5,0,512,501,22869,10,0,0,10,16
2020-10-10,US,South Dakota,Ziebach,70,1,0,44.97881876,-101.6654622,46137.0,2539.912917271408,1.4285714285714286,69,70,1,0,69,70,2742,0,0,0,0,0
2020-10-10,US,Tennessee,Anderson,1371,13,0,36.12684348,-84.19965764,47001.0,1781.0283457611265,0.948212983223924,1358,1363,13,0,1350,1350,76482,8,0,0,8,13
2020-10-10,US,Tennessee,Bedford,1466,19,0,35.51123746,-86.45549096,47003.0,2948.926840061956,1.296043656207367,1447,1448,19,0,1429,1435,49038,18,0,0,18,13
2020-10-10,US,Tennessee,Benton,356,9,0,36.07110411,-88.06849355,47005.0,2202.970297029703,2.5280898876404496,347,353,9,0,344,354,16184,3,0,0,3,-1
2020-10-10,US,Tennessee,Bledsoe,893,4,0,35.59942968,-85.20611967,47007.0,5928.040361125864,0.4479283314669653,889,890,4,0,886,883,14755,3,0,0,3,7
2020-10-10,US,Tennessee,Blount,2834,30,0,35.68938198,-83.92847788,47009.0,2129.4181293580186,1.058574453069866,2804,2815,28,0,2787,2772,131349,19,2,0,17,43
2020-10-10,US,Tennessee,Bradley,3199,20,0,35.15739424,-84.857186,47011.0,2959.023217093701,0.6251953735542357,3179,3186,19,0,3167,3167,106727,13,1,0,12,19
2020-10-10,US,Tennessee,Campbell,654,4,0,36.40355516,-84.15108559999999,47013.0,1641.4838612519452,0.6116207951070336,650,635,4,0,631,615,39583,19,0,0,19,20
2020-10-10,US,Tennessee,Cannon,348,2,0,35.80990797,-86.05738983,47015.0,2370.895217332061,0.5747126436781609,346,341,2,0,339,340,14462,7,0,0,7,1
2020-10-10,US,Tennessee,Carroll,1030,24,0,35.97366108,-88.45189331,47017.0,3709.439262433824,2.3300970873786406,1006,1024,24,0,1000,1019,28020,6,0,0,6,5
2020-10-10,US,Tennessee,Carter,1297,31,0,36.28969086,-82.12588974,47019.0,2300.012413328368,2.3901310717039324,1266,1282,31,0,1251,1267,56351,15,0,0,15,15
2020-10-10,US,Tennessee,Cheatham,886,10,0,36.26136216,-87.08903581,47021.0,2178.67066663388,1.1286681715575622,876,879,10,0,869,874,40439,7,0,0,7,5
2020-10-10,US,Tennessee,Chester,679,13,0,35.42527478,-88.6095842,47023.0,3925.536220153784,1.9145802650957289,666,676,13,0,663,676,17276,3,0,0,3,0
2020-10-10,US,Tennessee,Claiborne,471,5,0,36.48319149,-83.65947309,47025.0,1473.763259175819,1.0615711252653928,466,470,5,0,465,467,31756,1,0,0,1,3
2020-10-10,US,Tennessee,Clay,305,6,0,36.55151008,-85.53930419,47027.0,4005.252790544977,1.9672131147540983,299,292,6,0,286,281,7717,13,0,0,13,11
2020-10-10,US,Tennessee,Cocke,848,11,0,35.9278914,-83.11828725,47029.0,2355.2938562381955,1.2971698113207548,837,843,11,0,832,836,35774,5,0,0,5,7
2020-10-10,US,Tennessee,Coffee,1538,17,0,35.49090731,-86.07311784,47031.0,2721.1606510969573,1.105331599479844,1521,1512,17,0,1495,1503,55700,26,0,0,26,9
2020-10-10,US,Tennessee,Crockett,643,19,0,35.81830662,-89.14916269,47033.0,4518.622628250176,2.9548989113530326,624,626,19,0,607,617,14328,17,0,0,17,9
2020-10-10,US,Tennessee,Cumberland,1384,23,0,35.95271721,-84.99840585,47035.0,2286.8473231989424,1.6618497109826589,1361,1374,23,0,1351,1363,59673,10,0,0,10,11
2020-10-10,US,Tennessee,Davidson,28120,321,0,36.17007426,-86.78646056,47037.0,4051.032638760834,1.1415362731152203,27799,27964,321,0,27643,27765,692587,156,0,0,156,199
2020-10-10,US,Tennessee,DeKalb,619,17,0,35.97616272,-85.83689361,47041.0,3020.9858467545146,2.7463651050080777,602,617,17,0,600,613,20138,2,0,0,2,4
2020-10-10,US,Tennessee,Decatur,584,11,0,35.60048904,-88.11043779,47039.0,5007.28800480151,1.8835616438356164,573,584,11,0,573,585,11706,0,0,0,0,-1
2020-10-10,US,Tennessee,Dickson,1415,17,0,36.14669837,-87.35891709,47043.0,2622.8961221917402,1.2014134275618376,1398,1407,17,0,1390,1403,53446,8,0,0,8,4
2020-10-10,US,Tennessee,Dyer,1700,21,0,36.05931946,-89.41542855,47045.0,4574.934739901504,1.2352941176470589,1679,1670,21,0,1649,1640,37320,30,0,0,30,30
2020-10-10,US,Tennessee,Fayette,1362,23,0,35.19615831,-89.41399032,47047.0,3311.209977390416,1.6886930983847284,1339,1354,23,0,1331,1340,40507,8,0,0,8,14
2020-10-10,US,Tennessee,Fentress,750,5,0,36.38128818,-84.92870012,47049.0,4049.020137126816,0.6666666666666666,745,728,5,0,723,720,18217,22,0,0,22,8
2020-10-10,US,Tennessee,Franklin,1109,12,0,35.15634626,-86.09201039,47051.0,2627.463987869598,1.0820559062218214,1097,1099,12,0,1087,1080,41890,10,0,0,10,19
2020-10-10,US,Tennessee,Gibson,1923,28,0,35.99438059,-88.93358327,47053.0,3913.8664441414116,1.4560582423296933,1895,1914,28,0,1886,1915,49045,9,0,0,9,-1
2020-10-10,US,Tennessee,Giles,788,26,0,35.20222469,-87.03992678,47055.0,2674.45017648656,3.2994923857868015,762,776,24,0,752,773,29503,12,2,0,10,3
2020-10-10,US,Tennessee,Grainger,463,4,0,36.27469206,-83.51254721,47057.0,1985.4202401372213,0.8639308855291576,459,462,4,0,458,453,23145,1,0,0,1,9
2020-10-10,US,Tennessee,Greene,1308,48,0,36.17470125,-82.84691273,47059.0,1893.7584154975461,3.669724770642202,1260,1288,48,0,1240,1268,69087,20,0,0,20,20
2020-10-10,US,Tennessee,Grundy,428,8,0,35.38433717,-85.72142731,47061.0,3187.607060400685,1.8691588785046729,420,420,8,0,412,412,13346,8,0,0,8,8
2020-10-10,US,Tennessee,Hamblen,2167,40,0,36.21990035,-83.26586179,47063.0,3337.2347306495826,1.8458698661744344,2127,2134,38,0,2096,2115,64569,33,2,0,31,19
2020-10-10,US,Tennessee,Hamilton,10421,101,0,35.17670231,-85.16652245,47065.0,2833.3025198203386,0.969196814125324,10320,10334,99,0,10235,10250,364286,87,2,0,85,84
2020-10-10,US,Tennessee,Hancock,110,3,0,36.52692871,-83.22375847,47067.0,1661.631419939577,2.727272727272727,107,110,3,0,107,110,6549,0,0,0,0,0
2020-10-10,US,Tennessee,Hardeman,1676,30,0,35.20772017,-88.99161161,47069.0,6690.61876247505,1.7899761336515514,1646,1663,28,0,1635,1659,25220,13,2,0,11,4
2020-10-10,US,Tennessee,Hardin,1167,18,0,35.19732531,-88.18593755,47071.0,4549.352876968657,1.5424164524421593,1149,1155,17,0,1138,1153,25776,12,1,0,11,2
2020-10-10,US,Tennessee,Hawkins,955,22,0,36.44355426,-82.94885298,47073.0,1681.7525446412849,2.3036649214659692,933,940,22,0,918,922,56530,15,0,0,15,18
2020-10-10,US,Tennessee,Haywood,1132,25,0,35.58332824,-89.28536625,47075.0,6541.840036985668,2.208480565371025,1107,1123,24,0,1099,1119,17335,9,1,0,8,4
2020-10-10,US,Tennessee,Henderson,1290,24,0,35.65581134,-88.38600175,47077.0,4587.971689725077,1.8604651162790695,1266,1281,24,0,1257,1279,27847,9,0,0,9,2
2020-10-10,US,Tennessee,Henry,692,10,0,36.33160906,-88.30121797,47079.0,2139.4342247642608,1.4450867052023122,682,686,10,0,676,683,32358,6,0,0,6,3
2020-10-10,US,Tennessee,Hickman,686,13,0,35.80609681,-87.47643507,47081.0,2724.6008420049247,1.8950437317784257,673,684,13,0,671,685,25063,2,0,0,2,-1
2020-10-10,US,Tennessee,Houston,349,13,0,36.28872054,-87.71878828,47083.0,4255.578587977076,3.7249283667621778,336,342,13,0,329,332,8263,7,0,0,7,10
2020-10-10,US,Tennessee,Humphreys,337,4,0,36.03958805,-87.77992872,47085.0,1813.5830373479712,1.1869436201780414,333,326,3,0,323,321,18486,11,1,0,10,5
2020-10-10,US,Tennessee,Jackson,382,5,0,36.36380466,-85.67239905,47087.0,3241.1335482776176,1.3089005235602094,377,377,5,0,372,373,11758,5,0,0,5,4
2020-10-10,US,Tennessee,Jefferson,1324,17,0,36.04818632,-83.45148924,47089.0,2429.580695476649,1.2839879154078548,1307,1296,16,0,1280,1286,54012,28,1,0,27,10
2020-10-10,US,Tennessee,Johnson,1030,4,0,36.45523950000001,-81.84886538,47091.0,5790.420508207781,0.3883495145631068,1026,1019,4,0,1015,1009,17778,11,0,0,11,10
2020-10-10,US,Tennessee,Knox,10730,82,0,35.99508821,-83.94635435,47093.0,2281.45936854818,0.7642124883504194,10648,10540,82,0,10458,10393,465289,190,0,0,190,147
2020-10-10,US,Tennessee,Lake,941,3,0,36.34180170000001,-89.48921915,47095.0,13412.200684150515,0.3188097768331562,938,941,3,0,938,941,7411,0,0,0,0,0
2020-10-10,US,Tennessee,Lauderdale,1135,16,0,35.75893438,-89.63015909999999,47097.0,4427.885928295556,1.4096916299559472,1119,1128,16,0,1112,1124,25825,7,0,0,7,4
2020-10-10,US,Tennessee,Lawrence,1244,17,0,35.21675201,-87.39787695,47099.0,2818.17769924335,1.3665594855305463,1227,1224,17,0,1207,1206,43734,20,0,0,20,18
2020-10-10,US,Tennessee,Lewis,274,1,0,35.52853208,-87.49022694,47101.0,2233.452885555918,0.36496350364963503,273,260,1,0,259,258,12086,14,0,0,14,2
2020-10-10,US,Tennessee,Lincoln,716,2,0,35.13738622,-86.58910106,47103.0,2083.454577198394,0.2793296089385475,714,711,2,0,709,699,34117,5,0,0,5,12
2020-10-10,US,Tennessee,Loudon,1396,9,0,35.73939663,-84.31145275,47105.0,2581.9338610638456,0.6446991404011462,1387,1389,9,0,1380,1369,53054,7,0,0,7,20
2020-10-10,US,Tennessee,Macon,1168,22,0,36.53157855,-86.00778595,47111.0,4747.581497439232,1.8835616438356164,1146,1162,22,0,1140,1159,24265,6,0,0,6,3
2020-10-10,US,Tennessee,Madison,3339,76,0,35.61181957,-88.84076036,47113.0,3407.699216198563,2.2761305780173706,3263,3326,74,0,3252,3295,97605,13,2,0,11,31
2020-10-10,US,Tennessee,Marion,617,9,0,35.12997174,-85.62265895,47115.0,2134.431106652368,1.4586709886547813,608,611,9,0,602,604,28575,6,0,0,6,7
2020-10-10,US,Tennessee,Marshall,900,5,0,35.45798777,-86.76420988,47117.0,2618.181818181818,0.5555555555555556,895,878,5,0,873,873,33683,22,0,0,22,5
2020-10-10,US,Tennessee,Maury,2723,33,0,35.618741299999996,-87.07462444,47119.0,2825.0697708197167,1.2118986412045538,2690,2684,32,0,2652,2647,94340,39,1,0,38,37
2020-10-10,US,Tennessee,McMinn,1316,30,0,35.42812616,-84.61520715,47107.0,2446.36948358553,2.2796352583586628,1286,1280,29,0,1251,1265,53285,36,1,0,35,15
2020-10-10,US,Tennessee,McNairy,1016,23,0,35.17468549,-88.5647812,47109.0,3954.2305596637348,2.263779527559055,993,1008,23,0,985,1009,25832,8,0,0,8,-1
2020-10-10,US,Tennessee,Meigs,254,4,0,35.51558739,-84.81482914,47121.0,2044.7592980196425,1.5748031496062993,250,252,3,0,249,250,12306,2,1,0,1,2
2020-10-10,US,Tennessee,Monroe,1179,21,0,35.44550387,-84.24902965,47123.0,2533.032549145988,1.7811704834605595,1158,1179,21,0,1158,1171,46357,0,0,0,0,8
2020-10-10,US,Tennessee,Montgomery,3468,48,0,36.49609412,-87.38550661,47125.0,1659.385721052858,1.3840830449826989,3420,3417,48,0,3369,3384,205950,51,0,0,51,33
2020-10-10,US,Tennessee,Moore,216,1,0,35.27724699,-86.36230578,47127.0,3329.223181257706,0.462962962962963,215,213,1,0,212,207,6411,3,0,0,3,6
2020-10-10,US,Tennessee,Morgan,360,4,0,36.13248031,-84.64880098,47129.0,1682.007195253002,1.1111111111111112,356,355,4,0,351,355,21579,5,0,0,5,0
2020-10-10,US,Tennessee,Obion,1470,16,0,36.35732446,-89.14921589,47131.0,4888.755861518507,1.08843537414966,1454,1454,16,0,1438,1440,30267,16,0,0,16,14
2020-10-10,US,Tennessee,Out of TN,3169,29,0,0.0,0.0,80047.0,0.0,0.9151151782896813,3140,3180,30,0,3150,3182,,-11,-1,0,-10,-2
2020-10-10,US,Tennessee,Overton,957,8,0,36.34117832,-85.28989535,47133.0,4302.864079852525,0.8359456635318704,949,939,8,0,931,924,22068,18,0,0,18,15
2020-10-10,US,Tennessee,Perry,166,1,0,35.63708728,-87.86139634,47135.0,2055.473006438831,0.6024096385542169,165,166,1,0,165,166,8064,0,0,0,0,0
2020-10-10,US,Tennessee,Pickett,201,3,0,36.55606529,-85.07763299999998,47137.0,3981.774960380349,1.492537313432836,198,184,3,0,181,179,5082,17,0,0,17,5
2020-10-10,US,Tennessee,Polk,442,13,0,35.12245443,-84.52075859,47139.0,2625.950570342205,2.9411764705882355,429,442,13,0,429,438,16898,0,0,0,0,4
2020-10-10,US,Tennessee,Putnam,3725,50,0,36.14005459,-85.50646123,47141.0,4642.033771574554,1.342281879194631,3675,3714,50,0,3664,3686,78843,11,0,0,11,28
2020-10-10,US,Tennessee,Rhea,966,16,0,35.60536161,-84.93076643,47143.0,2912.5335423764586,1.6563146997929608,950,958,16,0,942,929,33044,8,0,0,8,29
2020-10-10,US,Tennessee,Roane,1036,6,0,35.84923189,-84.52458689,47145.0,1940.729084710202,0.5791505791505791,1030,1025,6,0,1019,1010,53140,11,0,0,11,15
2020-10-10,US,Tennessee,Robertson,2352,39,0,36.52454807,-86.87346725,47147.0,3275.1730188127503,1.6581632653061225,2313,2348,39,0,2309,2342,71012,4,0,0,4,6
2020-10-10,US,Tennessee,Rutherford,10242,103,0,35.84591405,-86.4107263,47149.0,3082.293814045172,1.0056629564538175,10139,10147,102,0,10045,10048,324890,95,1,0,94,99
2020-10-10,US,Tennessee,Scott,271,3,0,36.42325673,-84.50360494,47151.0,1228.0224759833245,1.1070110701107012,268,263,3,0,260,264,22039,8,0,0,8,-1
2020-10-10,US,Tennessee,Sequatchie,265,1,0,35.36979721,-85.41022136,47153.0,1763.6097431119395,0.37735849056603776,264,265,3,0,262,262,14876,0,-2,0,2,3
2020-10-10,US,Tennessee,Sevier,2886,19,0,35.78077323,-83.52244332,47155.0,2937.404580152672,0.6583506583506583,2867,2871,19,0,2852,2857,97892,15,0,0,15,14
2020-10-10,US,Tennessee,Shelby,32530,533,0,35.1864775,-89.89692423,47157.0,3471.1033050708197,1.638487549953889,31997,32447,529,0,31918,32280,935764,83,4,0,79,167
2020-10-10,US,Tennessee,Smith,844,12,0,36.25359775,-85.95411046,47159.0,4187.131021481371,1.4218009478672986,832,841,12,0,829,833,19942,3,0,0,3,8
2020-10-10,US,Tennessee,Stewart,268,5,0,36.50235092,-87.83920548,47161.0,1954.064892453518,1.8656716417910448,263,265,5,0,260,261,13561,3,0,0,3,4
2020-10-10,US,Tennessee,Sullivan,2623,36,0,36.51240691,-82.30412917,47163.0,1656.4781367620685,1.3724742661075104,2587,2581,35,0,2546,2522,157668,42,1,0,41,59
2020-10-10,US,Tennessee,Sumner,5222,105,0,36.46824103,-86.45917204,47165.0,2729.986459852679,2.0107238605898123,5117,5200,104,0,5096,5169,187149,22,1,0,21,31
2020-10-10,US,Tennessee,Tipton,2014,22,0,35.501942,-89.73694895,47167.0,3269.533596324616,1.0923535253227408,1992,1996,22,0,1974,1987,61581,18,0,0,18,9
2020-10-10,US,Tennessee,Trousdale,1709,7,0,36.39026213,-86.16087954,47169.0,15145.338532435306,0.4095962551199532,1702,1703,7,0,1696,1702,11012,6,0,0,6,1
2020-10-10,US,Tennessee,Unassigned,3226,5,0,0.0,0.0,90047.0,0.0,0.15499070055796652,3221,3275,6,0,3269,3422,,-49,-1,0,-48,-147
2020-10-10,US,Tennessee,Unicoi,302,1,0,36.10890856,-82.43709629,47171.0,1688.7546832186993,0.3311258278145696,301,300,1,0,299,300,17761,2,0,0,2,0
2020-10-10,US,Tennessee,Union,448,2,0,36.28590426,-83.83651902,47173.0,2243.140396555177,0.44642857142857145,446,444,2,0,442,437,19688,4,0,0,4,7
2020-10-10,US,Tennessee,Van Buren,178,1,0,35.69864497,-85.45221699,47175.0,3031.3351498637603,0.5617977528089888,177,176,1,0,175,174,5765,2,0,0,2,2
2020-10-10,US,Tennessee,Warren,1185,9,0,35.672829899999996,-85.77969117,47177.0,2870.848172105531,0.7594936708860759,1176,1184,9,0,1175,1180,40878,1,0,0,1,4
2020-10-10,US,Tennessee,Washington,2672,40,0,36.29472368,-82.49454720000001,47179.0,2065.314009661836,1.497005988023952,2632,2623,39,0,2584,2590,128607,49,1,0,48,33
2020-10-10,US,Tennessee,Wayne,1541,6,0,35.23868267,-87.78644456,47181.0,9242.487854615249,0.3893575600259572,1535,1540,6,0,1534,1538,16558,1,0,0,1,2
2020-10-10,US,Tennessee,Weakley,1340,23,0,36.29896232,-88.71990865,47183.0,4020.6433029284694,1.7164179104477613,1317,1331,23,0,1308,1330,33415,9,0,0,9,1
2020-10-10,US,Tennessee,White,978,10,0,35.92929884,-85.45591799,47185.0,3576.522216127263,1.0224948875255624,968,980,10,0,970,963,27107,-2,0,0,-2,17
2020-10-10,US,Tennessee,Williamson,5969,46,0,35.89099229,-86.89281867,47187.0,2503.6491451772563,0.7706483498073379,5923,5910,44,0,5866,5833,231729,59,2,0,57,77
2020-10-10,US,Tennessee,Wilson,3971,52,0,36.15496772,-86.29775884,47189.0,2745.1143048729064,1.3094938302694534,3919,3931,52,0,3879,3908,140625,40,0,0,40,23
2020-10-10,US,Texas,Anderson,2868,37,0,31.81534745,-95.65354823,48001.0,4967.52403221616,1.290097629009763,2831,2872,37,0,2835,2858,58057,-4,0,0,-4,14
2020-10-10,US,Texas,Andrews,510,10,0,32.30468633,-102.63765479999999,48003.0,2726.54370489174,1.96078431372549,500,488,10,0,478,477,18128,22,0,0,22,11
2020-10-10,US,Texas,Angelina,2214,86,0,31.25457347,-94.60901487,48005.0,2553.1914893617013,3.884372177055104,2128,2205,85,0,2120,2205,87092,9,1,0,8,0
2020-10-10,US,Texas,Aransas,335,18,0,28.10556197,-96.9995047,48007.0,1424.9255635899615,5.373134328358209,317,335,18,0,317,335,23792,0,0,0,0,0
2020-10-10,US,Texas,Archer,98,1,0,33.61569967,-98.68754589,48009.0,1145.7967964456916,1.020408163265306,97,98,1,0,97,89,8786,0,0,0,0,9
2020-10-10,US,Texas,Armstrong,17,1,0,34.96507426,-101.35748740000001,48011.0,900.9009009009008,5.882352941176472,16,17,1,0,16,15,1892,0,0,0,0,2
2020-10-10,US,Texas,Atascosa,1237,34,0,28.89333001,-98.52730485,48013.0,2418.235489609602,2.7485852869846403,1203,1238,34,0,1204,1237,50310,-1,0,0,-1,1
2020-10-10,US,Texas,Austin,503,9,0,29.88548725,-96.27736949,48015.0,1674.8801278636124,1.7892644135188869,494,504,9,0,495,503,29989,-1,0,0,-1,1
2020-10-10,US,Texas,Bailey,241,5,0,34.06854817,-102.8299707,48017.0,3442.857142857143,2.074688796680498,236,238,5,0,233,235,7027,3,0,0,3,3
2020-10-10,US,Texas,Bandera,177,8,0,29.74619598,-99.24598147,48019.0,765.8359293873312,4.519774011299434,169,175,8,0,167,176,22824,2,0,0,2,-1
2020-10-10,US,Texas,Bastrop,1900,30,0,30.10370699,-97.31206354,48021.0,2141.496567969974,1.5789473684210529,1870,1893,30,0,1863,1887,86976,7,0,0,7,6
2020-10-10,US,Texas,Baylor,36,2,0,33.61640794,-99.21352901,48023.0,1025.9333143345682,5.5555555555555545,34,36,2,0,34,35,3582,0,0,0,0,1
2020-10-10,US,Texas,Bee,1824,36,0,28.41761668,-97.74215593,48025.0,5601.105481345003,1.973684210526316,1788,1823,36,0,1787,1826,32587,1,0,0,1,-3
2020-10-10,US,Texas,Bell,5801,92,0,31.03736027,-97.4785025,48027.0,1598.406277898403,1.5859334597483192,5709,5775,92,0,5683,5749,355642,26,0,0,26,26
2020-10-10,US,Texas,Bexar,59594,1360,0,29.44928723,-98.52019748,48029.0,2974.4144654948163,2.2821089371413232,58234,59514,1356,0,58158,59323,1986049,80,4,0,76,191
2020-10-10,US,Texas,Blanco,150,5,0,30.26640707,-98.3999852,48031.0,1257.2290671360322,3.333333333333333,145,149,5,0,144,149,11702,1,0,0,1,0
2020-10-10,US,Texas,Borden,1,0,0,32.74363984,-101.43165090000001,48033.0,152.9051987767584,0.0,1,1,0,0,1,1,648,0,0,0,0,0
2020-10-10,US,Texas,Bosque,371,8,0,31.89978581,-97.63613524,48035.0,1985.5499063419852,2.1563342318059298,363,364,8,0,356,363,18691,7,0,0,7,1
2020-10-10,US,Texas,Bowie,1514,66,0,33.44626922,-94.41834132,48037.0,1623.6795538634778,4.359313077939234,1448,1514,62,0,1452,1506,94324,0,4,0,-4,8
2020-10-10,US,Texas,Brazoria,11736,173,0,29.18757369,-95.44563172,48039.0,3135.754440715645,1.474096796182686,11563,11703,173,0,11530,11691,370200,33,0,0,33,12
2020-10-10,US,Texas,Brazos,6949,65,0,30.663644800000004,-96.30205577,48041.0,3031.7044120919154,0.9353863865304359,6884,6949,65,0,6884,6901,226758,0,0,0,0,48
2020-10-10,US,Texas,Brewster,226,5,0,29.81008251,-103.25203259999999,48043.0,2455.7209605563407,2.2123893805309733,221,225,5,0,220,223,9267,1,0,0,1,2
2020-10-10,US,Texas,Briscoe,16,1,0,34.53026962,-101.2084947,48045.0,1034.9288486416558,6.25,15,16,1,0,15,15,1516,0,0,0,0,1
2020-10-10,US,Texas,Brooks,338,23,0,27.03103197,-98.21808402,48047.0,4765.261525447624,6.8047337278106514,315,333,23,0,310,329,7114,5,0,0,5,4
2020-10-10,US,Texas,Brown,604,26,0,31.77430356,-98.99907113,48049.0,1595.1827593492499,4.304635761589403,578,604,26,0,578,598,37924,0,0,0,0,6
2020-10-10,US,Texas,Burleson,382,6,0,30.49273808,-96.62158484,48051.0,2071.2465434040014,1.5706806282722514,376,369,6,0,363,365,18389,13,0,0,13,4
2020-10-10,US,Texas,Burnet,802,12,0,30.78801353,-98.181887,48053.0,1665.4553005918387,1.4962593516209477,790,792,12,0,780,785,47542,10,0,0,10,7
2020-10-10,US,Texas,Caldwell,1650,36,0,29.83668859,-97.61814775,48055.0,3778.856724074753,2.1818181818181817,1614,1646,36,0,1610,1641,43247,4,0,0,4,5
2020-10-10,US,Texas,Calhoun,861,8,0,28.47048236,-96.61633945,48057.0,4044.152184124002,0.9291521486643438,853,860,8,0,852,857,21561,1,0,0,1,3
2020-10-10,US,Texas,Callahan,100,4,0,32.29760619,-99.37326312,48059.0,717.2057663343612,4.0,96,100,4,0,96,98,13994,0,0,0,0,2
2020-10-10,US,Texas,Cameron,23312,1037,0,26.14524221,-97.48140372,48061.0,5508.9882622062905,4.448352779684282,22275,23147,1037,0,22110,23127,423908,165,0,0,165,20
2020-10-10,US,Texas,Camp,369,12,0,32.97195142,-94.97790104,48063.0,2818.0846189094236,3.2520325203252027,357,369,12,0,357,369,13033,0,0,0,0,0
2020-10-10,US,Texas,Carson,39,0,0,35.40365929,-101.35426690000001,48065.0,658.1167735403308,0.0,39,37,0,0,37,34,6005,2,0,0,2,3
2020-10-10,US,Texas,Cass,411,17,0,33.07499881,-94.34646905,48067.0,1368.813694797842,4.13625304136253,394,411,17,0,394,406,30119,0,0,0,0,5
2020-10-10,US,Texas,Castro,271,5,0,34.53016752,-102.2617243,48069.0,3598.937583001328,1.845018450184502,266,267,5,0,262,263,7665,4,0,0,4,4
2020-10-10,US,Texas,Chambers,1447,8,0,29.70972016,-94.67154501,48071.0,3300.864566462121,0.55286800276434,1439,1436,8,0,1428,1419,42454,11,0,0,11,17
2020-10-10,US,Texas,Cherokee,1581,30,0,31.837258000000002,-95.16559897,48073.0,3003.077156859021,1.8975332068311197,1551,1581,30,0,1551,1578,52592,0,0,0,0,3
2020-10-10,US,Texas,Childress,81,0,0,34.529304100000004,-100.2077916,48075.0,1108.677799069258,0.0,81,81,0,0,81,79,7291,0,0,0,0,2
2020-10-10,US,Texas,Clay,87,2,0,33.78686685,-98.20771198,48077.0,830.8662018909367,2.2988505747126435,85,87,2,0,85,86,10456,0,0,0,0,1
2020-10-10,US,Texas,Cochran,71,1,0,33.60425307,-102.82844990000001,48079.0,2488.608482299334,1.4084507042253518,70,68,1,0,67,67,2836,3,0,0,3,1
2020-10-10,US,Texas,Coke,56,3,0,31.88911733,-100.5297533,48081.0,1653.3805727782699,5.357142857142857,53,55,3,0,52,54,3370,1,0,0,1,1
2020-10-10,US,Texas,Coleman,82,4,0,31.76736834,-99.45240766,48083.0,1003.0581039755352,4.878048780487805,78,82,4,0,78,81,8397,0,0,0,0,1
2020-10-10,US,Texas,Collin,16151,164,0,33.18820114,-96.57264368,48085.0,1560.8902805562805,1.0154170020432172,15987,16006,162,0,15844,15923,1005146,145,2,0,143,83
2020-10-10,US,Texas,Collingsworth,19,0,0,34.96489496,-100.27001109999999,48087.0,650.6849315068494,0.0,19,19,0,0,19,19,2962,0,0,0,0,0
2020-10-10,US,Texas,Colorado,492,4,0,29.622097999999998,-96.5273805,48089.0,2289.117387056251,0.8130081300813008,488,492,4,0,488,491,21217,0,0,0,0,1
2020-10-10,US,Texas,Comal,2771,103,0,29.80811278,-98.27647225,48091.0,1773.9054727960618,3.717069649945868,2668,2766,103,0,2663,2766,148373,5,0,0,5,0
2020-10-10,US,Texas,Comanche,327,5,0,31.94854689,-98.55876441,48093.0,2398.2398239823983,1.529051987767584,322,327,5,0,322,327,13534,0,0,0,0,0
2020-10-10,US,Texas,Concho,138,2,0,31.32635934,-99.86473038,48095.0,5062.362435803375,1.4492753623188406,136,138,2,0,136,138,4276,0,0,0,0,0
2020-10-10,US,Texas,Cooke,483,7,0,33.63979567,-97.21240912,48097.0,1170.7104248975932,1.4492753623188406,476,480,7,0,473,478,40574,3,0,0,3,2
2020-10-10,US,Texas,Coryell,1903,12,0,31.39078397,-97.79936155,48099.0,2505.5627970665296,0.6305832895428272,1891,1874,12,0,1862,1864,74808,29,0,0,29,10
2020-10-10,US,Texas,Cottle,32,3,0,34.07783319,-100.27850620000001,48101.0,2288.9842632331893,9.375,29,32,3,0,29,32,1389,0,0,0,0,0
2020-10-10,US,Texas,Crane,73,2,0,31.43052248,-102.5143314,48103.0,1521.7844486137174,2.7397260273972597,71,73,2,0,71,72,4794,0,0,0,0,1
2020-10-10,US,Texas,Crockett,166,7,0,30.72367027,-101.4134238,48105.0,4792.147806004619,4.216867469879518,159,166,7,0,159,165,3499,0,0,0,0,1
2020-10-10,US,Texas,Crosby,92,5,0,33.61431553,-101.30003640000001,48107.0,1603.625588286561,5.434782608695652,87,91,3,0,88,91,5779,1,2,0,-1,0
2020-10-10,US,Texas,Culberson,63,2,0,31.44506775,-104.5185739,48109.0,2901.8885306310467,3.1746031746031744,61,60,2,0,58,58,2204,3,0,0,3,2
2020-10-10,US,Texas,Dallam,295,10,0,36.27787176,-102.60207249999999,48111.0,4048.305201042953,3.3898305084745757,285,293,10,0,283,284,7200,2,0,0,2,9
2020-10-10,US,Texas,Dallas,86129,1167,0,32.76670599,-96.77796049999999,48113.0,3268.012791423008,1.3549443276945048,84962,85637,1165,0,84472,85189,2637772,492,2,0,490,448
2020-10-10,US,Texas,Dawson,611,11,0,32.74255572,-101.94772420000001,48115.0,4800.439974858579,1.8003273322422257,600,602,11,0,591,566,12619,9,0,0,9,36
2020-10-10,US,Texas,DeWitt,1036,42,0,29.08101855,-97.35681170000001,48123.0,5138.88888888889,4.0540540540540535,994,1036,42,0,994,1036,20187,0,0,0,0,0
2020-10-10,US,Texas,Deaf Smith,938,23,0,34.96522957,-102.6054267,48117.0,5057.694381537798,2.4520255863539444,915,933,23,0,910,930,18760,5,0,0,5,3
2020-10-10,US,Texas,Delta,31,0,0,33.38570922,-95.66921122,48119.0,581.5044081785783,0.0,31,31,0,0,31,30,5349,0,0,0,0,1
2020-10-10,US,Texas,Denton,12864,158,0,33.20521901,-97.11691153,48121.0,1449.9434742963028,1.2282338308457712,12706,12828,158,0,12670,12720,859064,36,0,0,36,108
2020-10-10,US,Texas,Dickens,50,2,0,33.61616822,-100.7788855,48125.0,2261.420171867933,4.0,48,50,2,0,48,50,2249,0,0,0,0,0
2020-10-10,US,Texas,Dimmit,266,7,0,28.42270064,-99.75645095,48127.0,2627.419992097985,2.631578947368421,259,266,7,0,259,267,10308,0,0,0,0,-1
2020-10-10,US,Texas,Donley,75,1,0,34.96517499,-100.8140093,48129.0,2287.980475899939,1.3333333333333333,74,72,1,0,71,71,3319,3,0,0,3,1
2020-10-10,US,Texas,Duval,465,19,0,27.68184592,-98.50864568,48131.0,4167.787039526755,4.086021505376344,446,465,19,0,446,461,11212,0,0,0,0,4
2020-10-10,US,Texas,Eastland,207,4,0,32.32743996,-98.83243566,48133.0,1127.450980392157,1.932367149758454,203,207,4,0,203,201,18322,0,0,0,0,6
2020-10-10,US,Texas,Ector,5275,101,0,31.86898877,-102.54294279999999,48135.0,3173.44771782485,1.914691943127962,5174,5275,101,0,5174,5219,162124,0,0,0,0,56
2020-10-10,US,Texas,Edwards,67,2,0,29.98202582,-100.304252,48137.0,3467.9089026915112,2.985074626865672,65,67,2,0,65,68,1928,0,0,0,0,-1
2020-10-10,US,Texas,El Paso,27953,555,0,31.76980765,-106.23632749999999,48141.0,3330.759569990873,1.9854756197903625,27398,27394,549,0,26845,26969,840758,559,6,0,553,425
2020-10-10,US,Texas,Ellis,4574,71,0,32.34894117,-96.79371841,48139.0,2474.7600445824723,1.5522518583296896,4503,4570,71,0,4499,4536,179436,4,0,0,4,34
2020-10-10,US,Texas,Erath,918,13,0,32.23602653,-98.21773417,48143.0,2149.983605789498,1.4161220043572984,905,917,13,0,904,911,42446,1,0,0,1,6
2020-10-10,US,Texas,Falls,591,5,0,31.25350609,-96.93630086,48145.0,3416.777475862866,0.8460236886632826,586,580,5,0,575,569,17335,11,0,0,11,11
2020-10-10,US,Texas,Fannin,711,16,0,33.59564294,-96.10751083,48147.0,2002.0273694880887,2.2503516174402254,695,710,15,0,695,706,35286,1,1,0,0,4
2020-10-10,US,Texas,Fayette,632,21,0,29.87788372,-96.92076062,48149.0,2493.4900970567346,3.3227848101265822,611,632,21,0,611,626,25349,0,0,0,0,6
2020-10-10,US,Texas,Fisher,75,3,0,32.74281316,-100.40193020000001,48151.0,1958.2245430809398,4.0,72,75,3,0,72,70,3839,0,0,0,0,5
2020-10-10,US,Texas,Floyd,116,9,0,34.07227468,-101.3031546,48153.0,2030.812324929972,7.758620689655173,107,115,9,0,106,114,5837,1,0,0,1,1
2020-10-10,US,Texas,Foard,19,0,0,33.97308618,-99.7767797,48155.0,1645.0216450216449,0.0,19,18,0,0,18,18,1200,1,0,0,1,0
2020-10-10,US,Texas,Fort Bend,16880,295,0,29.52704478,-95.77219463,48157.0,2079.6167985728507,1.7476303317535544,16585,16797,295,0,16502,16712,787858,83,0,0,83,85
2020-10-10,US,Texas,Franklin,163,6,0,33.17653242,-95.21917243,48159.0,1519.8135198135199,3.6809815950920246,157,163,6,0,157,163,10766,0,0,0,0,0
2020-10-10,US,Texas,Freestone,429,3,0,31.70422788,-96.15072516,48161.0,2175.7873915910127,0.6993006993006993,426,427,3,0,424,426,19808,2,0,0,2,1
2020-10-10,US,Texas,Frio,995,9,0,28.86751206,-99.10804207,48163.0,4900.029547916872,0.9045226130653268,986,996,9,0,987,995,19816,-1,0,0,-1,1
2020-10-10,US,Texas,Gaines,413,10,0,32.74055318,-102.6353295,48165.0,1921.645263353806,2.4213075060532687,403,411,10,0,401,409,20901,2,0,0,2,2
2020-10-10,US,Texas,Galveston,11901,165,0,29.40167322,-94.90469073,48167.0,3478.410821332849,1.3864381144441644,11736,11878,165,0,11713,11851,337890,23,0,0,23,27
2020-10-10,US,Texas,Garza,109,4,0,33.17969345,-101.2984114,48169.0,1749.8795954406808,3.669724770642202,105,108,4,0,104,107,6578,1,0,0,1,1
2020-10-10,US,Texas,Gillespie,335,10,0,30.31824095,-98.94676915,48171.0,1241.2924262635245,2.985074626865672,325,334,10,0,324,335,26804,1,0,0,1,-1
2020-10-10,US,Texas,Glasscock,10,0,0,31.86942909,-101.5207776,48173.0,709.7232079488997,0.0,10,9,0,0,9,9,1388,1,0,0,1,0
2020-10-10,US,Texas,Goliad,157,6,0,28.65696592,-97.42760647,48175.0,2050.1436406372422,3.8216560509554136,151,156,6,0,150,156,7584,1,0,0,1,0
2020-10-10,US,Texas,Gonzales,1073,18,0,29.45634206,-97.49424032,48177.0,5149.493689110716,1.6775396085740912,1055,1069,18,0,1051,1071,20826,4,0,0,4,-2
2020-10-10,US,Texas,Gray,360,7,0,35.40081878,-100.8129222,48179.0,1644.8871424655026,1.9444444444444444,353,353,7,0,346,345,21895,7,0,0,7,8
2020-10-10,US,Texas,Grayson,2118,54,0,33.62744998,-96.67753461,48181.0,1554.9290811382255,2.54957507082153,2064,2056,52,0,2004,2035,133991,62,2,0,60,21
2020-10-10,US,Texas,Gregg,2346,76,0,32.47940482,-94.81591935,48183.0,1892.7750211787488,3.2395566922421137,2270,2346,76,0,2270,2343,123707,0,0,0,0,3
2020-10-10,US,Texas,Grimes,1115,33,0,30.54579585,-95.98902499,48185.0,3860.803324099723,2.9596412556053813,1082,1110,33,0,1077,1104,28360,5,0,0,5,6
2020-10-10,US,Texas,Guadalupe,3729,79,0,29.58165339,-97.94786822,48187.0,2234.981749746774,2.118530437114508,3650,3733,78,0,3655,3730,163694,-4,1,0,-5,3
2020-10-10,US,Texas,Hale,2040,57,0,34.07044901,-101.82681140000001,48189.0,6106.687421421301,2.794117647058824,1983,2040,57,0,1983,2025,33830,0,0,0,0,15
2020-10-10,US,Texas,Hall,35,1,0,34.5307555,-100.68138520000001,48191.0,1180.8367071524967,2.8571428571428568,34,35,1,0,34,35,3028,0,0,0,0,0
2020-10-10,US,Texas,Hamilton,170,4,0,31.70470573,-98.11083887,48193.0,2009.2187684670844,2.3529411764705883,166,167,4,0,163,165,8484,3,0,0,3,2
2020-10-10,US,Texas,Hansford,181,6,0,36.27743284,-101.3545796,48195.0,3352.472680125949,3.3149171270718236,175,181,6,0,175,171,5463,0,0,0,0,10
2020-10-10,US,Texas,Hardeman,40,1,0,34.28944521,-99.74632408,48197.0,1017.0353419781337,2.5,39,40,1,0,39,38,3922,0,0,0,0,2
2020-10-10,US,Texas,Hardin,1376,33,0,30.33364686,-94.38931817,48199.0,2388.805944238047,2.3982558139534884,1343,1369,33,0,1336,1363,57207,7,0,0,7,6
2020-10-10,US,Texas,Harris,150626,2675,0,29.85864939,-95.39339521,48201.0,3195.74822444877,1.7759218196061768,147951,150176,2668,0,147508,149771,4698619,450,7,0,443,405
2020-10-10,US,Texas,Harrison,952,36,0,32.54935988,-94.36934071,48203.0,1430.4388983216386,3.7815126050420167,916,952,34,0,918,942,66726,0,2,0,-2,10
2020-10-10,US,Texas,Hartley,154,0,0,35.84008013,-102.6029022,48205.0,2761.8364418938318,0.0,154,148,0,0,148,145,5619,6,0,0,6,3
2020-10-10,US,Texas,Haskell,73,3,0,33.17823584,-99.73037358,48207.0,1290.2085542594555,4.109589041095891,70,73,3,0,70,72,5813,0,0,0,0,1
2020-10-10,US,Texas,Hays,6037,69,0,30.05669873,-98.02944344,48209.0,2622.6047065263197,1.1429517972502898,5968,6037,69,0,5968,6018,222631,0,0,0,0,19
2020-10-10,US,Texas,Hemphill,97,0,0,35.83764858,-100.2703577,48211.0,2539.9319193506153,0.0,97,95,0,0,95,95,3825,2,0,0,2,0
2020-10-10,US,Texas,Henderson,1078,25,0,32.21128872,-95.85846587,48213.0,1302.9237221557464,2.3191094619666046,1053,1078,25,0,1053,1055,82299,0,0,0,0,23
2020-10-10,US,Texas,Hidalgo,33352,1841,0,26.39418217,-98.18299696,48215.0,3839.269166704079,5.519908851043415,31511,33352,1841,0,31511,33148,865939,0,0,0,0,204
2020-10-10,US,Texas,Hill,730,15,0,31.99045053,-97.13423143,48217.0,1991.868809517313,2.054794520547945,715,725,15,0,710,724,36354,5,0,0,5,1
2020-10-10,US,Texas,Hockley,416,11,0,33.60771256,-102.3431676,48219.0,1807.0457408453146,2.644230769230769,405,399,11,0,388,392,22980,17,0,0,17,7
2020-10-10,US,Texas,Hood,1034,31,0,32.42990927,-97.83242024,48221.0,1677.4005158736593,2.998065764023212,1003,1030,31,0,999,1006,60537,4,0,0,4,24
2020-10-10,US,Texas,Hopkins,423,19,0,33.14875072,-95.56351139,48223.0,1140.6536511703164,4.491725768321513,404,423,18,0,405,419,36810,0,1,0,-1,4
2020-10-10,US,Texas,Houston,387,11,0,31.31925973,-95.42226208,48225.0,1684.9529780564264,2.842377260981912,376,387,11,0,376,387,23169,0,0,0,0,0
2020-10-10,US,Texas,Howard,984,17,0,32.30621324,-101.4356444,48227.0,2683.8315513855555,1.727642276422764,967,975,17,0,958,965,36459,9,0,0,9,10
2020-10-10,US,Texas,Hudspeth,65,3,0,31.45628381,-105.388178,48229.0,1330.3315595579206,4.615384615384615,62,65,3,0,62,64,4795,0,0,0,0,1
2020-10-10,US,Texas,Hunt,1767,42,0,33.12351514,-96.08551032,48231.0,1792.1983082134814,2.3769100169779285,1725,1748,40,0,1708,1742,96493,19,2,0,17,6
2020-10-10,US,Texas,Hutchinson,260,6,0,35.84006574,-101.3546643,48233.0,1241.7613907727575,2.3076923076923075,254,255,6,0,249,252,21198,5,0,0,5,3
2020-10-10,US,Texas,Irion,13,0,0,31.30375559,-100.982439,48235.0,846.3541666666665,0.0,13,13,0,0,13,12,1522,0,0,0,0,1
2020-10-10,US,Texas,Jack,143,3,0,33.23377248,-98.17283469,48237.0,1600.447677672076,2.097902097902098,140,143,3,0,140,144,8843,0,0,0,0,-1
2020-10-10,US,Texas,Jackson,626,16,0,28.95472367,-96.57749563,48239.0,4241.192411924119,2.5559105431309903,610,627,16,0,611,627,14874,-1,0,0,-1,0
2020-10-10,US,Texas,Jasper,500,31,0,30.74685667,-94.02667579,48241.0,1407.3010779926258,6.2,469,500,30,0,470,496,35872,0,1,0,-1,4
2020-10-10,US,Texas,Jeff Davis,14,0,0,30.71490589,-104.1399973,48243.0,615.6552330694811,0.0,14,14,0,0,14,14,2252,0,0,0,0,0
2020-10-10,US,Texas,Jefferson,7775,142,0,29.8832777,-94.16434171,48245.0,3090.652515254507,1.8263665594855305,7633,7763,140,0,7623,7753,255001,12,2,0,10,10
2020-10-10,US,Texas,Jim Hogg,148,3,0,27.04453923,-98.69681870000001,48247.0,2846.1538461538453,2.0270270270270268,145,141,3,0,138,141,5248,7,0,0,7,0
2020-10-10,US,Texas,Jim Wells,1554,40,0,27.73103938,-98.0904705,48249.0,3838.7431451015273,2.574002574002574,1514,1548,40,0,1508,1541,40822,6,0,0,6,7
2020-10-10,US,Texas,Johnson,3277,56,0,32.37877812,-97.36615819,48251.0,1863.8698191869955,1.7088800732377174,3221,3272,55,0,3217,3256,171361,5,1,0,4,16
2020-10-10,US,Texas,Jones,568,0,0,32.73997145,-99.87861576,48253.0,2828.262709754519,0.0,568,569,0,0,569,567,19817,-1,0,0,-1,2
2020-10-10,US,Texas,Karnes,942,17,0,28.90705334,-97.85960149,48255.0,6038.074482404974,1.804670912951168,925,945,17,0,928,946,15650,-3,0,0,-3,-1
2020-10-10,US,Texas,Kaufman,3265,49,0,32.599141700000004,-96.28734728,48257.0,2398.019889243063,1.5007656967840737,3216,3257,49,0,3208,3249,128622,8,0,0,8,8
2020-10-10,US,Texas,Kendall,372,10,0,29.94414155,-98.7113588,48259.0,784.2971896017372,2.6881720430107525,362,371,10,0,361,371,45641,1,0,0,1,0
2020-10-10,US,Texas,Kenedy,7,2,0,26.92601662,-97.66413984,48261.0,1732.6732673267327,28.57142857142857,5,7,2,0,5,7,442,0,0,0,0,0
2020-10-10,US,Texas,Kent,9,0,0,33.18104136,-100.7780939,48263.0,1181.1023622047244,0.0,9,9,0,0,9,9,726,0,0,0,0,0
2020-10-10,US,Texas,Kerr,644,13,0,30.06040006,-99.34930144,48265.0,1224.3346007604562,2.018633540372671,631,638,13,0,625,633,52405,6,0,0,6,5
2020-10-10,US,Texas,Kimble,20,1,0,30.48678918,-99.74856473,48267.0,461.14825916532163,5.0,19,18,1,0,17,17,4362,2,0,0,2,1
2020-10-10,US,Texas,Kinney,59,1,0,29.34967888,-100.41866379999999,48271.0,1608.9446413962366,1.6949152542372878,58,59,1,0,58,58,3767,0,0,0,0,1
2020-10-10,US,Texas,Kleberg,1028,48,0,27.42435506,-97.69894948,48273.0,3350.7170795306392,4.669260700389105,980,1025,48,0,977,1024,31129,3,0,0,3,1
2020-10-10,US,Texas,Knox,108,8,0,33.60519951,-99.74229059999999,48275.0,2947.598253275109,7.407407407407407,100,108,8,0,100,107,3653,0,0,0,0,1
2020-10-10,US,Texas,La Salle,359,13,0,28.34453111,-99.09908775,48283.0,4773.936170212766,3.62116991643454,346,360,13,0,347,360,7531,-1,0,0,-1,0
2020-10-10,US,Texas,Lamar,1367,43,0,33.66981763,-95.57404777,48277.0,2741.7316833470386,3.1455742501828823,1324,1367,38,0,1329,1341,49728,0,5,0,-5,26
2020-10-10,US,Texas,Lamb,374,23,0,34.06859623,-102.35162890000001,48279.0,2900.7988831148687,6.149732620320855,351,356,23,0,333,354,13158,18,0,0,18,2
2020-10-10,US,Texas,Lampasas,283,9,0,31.19531316,-98.24206613,48281.0,1320.7018853836105,3.180212014134276,274,280,9,0,271,274,21229,3,0,0,3,6
2020-10-10,US,Texas,Lavaca,1041,36,0,29.38508402,-96.93186692,48285.0,5165.227746353081,3.4582132564841497,1005,1037,36,0,1001,1035,20110,4,0,0,4,2
2020-10-10,US,Texas,Lee,234,14,0,30.31120597,-96.97045773,48287.0,1357.387319450084,5.982905982905983,220,233,14,0,219,233,17144,1,0,0,1,0
2020-10-10,US,Texas,Leon,282,8,0,31.29872538,-95.9936328,48289.0,1620.317168467019,2.8368794326241136,274,281,8,0,273,270,17270,1,0,0,1,11
2020-10-10,US,Texas,Liberty,2268,52,0,30.15152688,-94.81205615,48291.0,2570.8747548713995,2.2927689594356258,2216,2272,52,0,2220,2272,86323,-4,0,0,-4,0
2020-10-10,US,Texas,Limestone,618,15,0,31.5454767,-96.58095444,48293.0,2636.856252933396,2.4271844660194173,603,611,15,0,596,605,23519,7,0,0,7,6
2020-10-10,US,Texas,Lipscomb,54,1,0,36.27783108,-100.27331509999999,48295.0,1670.2752861119702,1.851851851851852,53,50,1,0,49,50,3355,4,0,0,4,0
2020-10-10,US,Texas,Live Oak,374,9,0,28.35101362,-98.1246786,48297.0,3063.815843368559,2.406417112299465,365,374,9,0,365,374,12166,0,0,0,0,0
2020-10-10,US,Texas,Llano,149,2,0,30.70645047,-98.68475262,48299.0,683.6430373938978,1.342281879194631,147,149,2,0,147,143,21646,0,0,0,0,6
2020-10-10,US,Texas,Lubbock,13515,137,0,33.61008596,-101.82047890000001,48303.0,4351.689962617003,1.0136884942656308,13378,13283,136,0,13147,13070,307412,232,1,0,231,213
2020-10-10,US,Texas,Lynn,115,5,0,33.17657705,-101.8162849,48305.0,1932.4483280120987,4.3478260869565215,110,115,5,0,110,115,5877,0,0,0,0,0
2020-10-10,US,Texas,Madison,735,6,0,30.96694679,-95.93003775,48313.0,5145.617474096892,0.8163265306122449,729,737,6,0,731,735,14422,-2,0,0,-2,2
2020-10-10,US,Texas,Marion,158,14,0,32.79868409,-94.35661230000001,48315.0,1603.409782829308,8.860759493670884,144,158,14,0,144,156,9928,0,0,0,0,2
2020-10-10,US,Texas,Martin,80,6,0,32.30600051,-101.9513518,48317.0,1386.241552590539,7.5,74,79,6,0,73,79,5753,1,0,0,1,0
2020-10-10,US,Texas,Mason,79,2,0,30.71780434,-99.22629416,48319.0,1848.3855872718768,2.5316455696202533,77,79,2,0,77,79,4280,0,0,0,0,0
2020-10-10,US,Texas,Matagorda,1078,51,0,28.81955746,-96.01230294,48321.0,2941.898861992741,4.7309833024118735,1027,1069,51,0,1018,1068,36552,9,0,0,9,1
2020-10-10,US,Texas,Maverick,3838,137,0,28.7429195,-100.3157686,48323.0,6535.880930486021,3.569567483064096,3701,3838,135,0,3703,3838,58485,0,2,0,-2,0
2020-10-10,US,Texas,McCulloch,174,4,0,31.1925468,-99.34682807,48307.0,2179.35871743487,2.2988505747126435,170,174,4,0,170,172,7987,0,0,0,0,2
2020-10-10,US,Texas,McLennan,8879,119,0,31.55255453,-97.20217694,48309.0,3459.939288372437,1.3402410181326725,8760,8800,115,0,8685,8716,254607,79,4,0,75,84
2020-10-10,US,Texas,McMullen,24,1,0,28.35251708,-98.56769164,48311.0,3230.1480484522212,4.166666666666667,23,24,1,0,23,24,749,0,0,0,0,0
2020-10-10,US,Texas,Medina,1245,48,0,29.355730100000002,-99.11030298,48325.0,2413.539081885856,3.8554216867469884,1197,1241,48,0,1193,1241,50921,4,0,0,4,0
2020-10-10,US,Texas,Menard,35,0,0,30.88990665,-99.82047940000001,48327.0,1637.043966323667,0.0,35,32,0,0,32,31,2139,3,0,0,3,1
2020-10-10,US,Texas,Midland,4176,85,0,31.86904128,-102.03156820000001,48329.0,2361.5635179153096,2.0354406130268203,4091,4176,85,0,4091,4080,172578,0,0,0,0,96
2020-10-10,US,Texas,Milam,520,7,0,30.78581830000001,-96.97718698,48331.0,2094.831406357008,1.3461538461538465,513,520,7,0,513,519,25131,0,0,0,0,1
2020-10-10,US,Texas,Mills,66,0,0,31.49557106,-98.59272068,48333.0,1354.4018058690745,0.0,66,65,0,0,65,64,4921,1,0,0,1,1
2020-10-10,US,Texas,Mitchell,106,2,0,32.30623474,-100.9212058,48335.0,1240.491515506144,1.8867924528301887,104,106,2,0,104,106,8145,0,0,0,0,0
2020-10-10,US,Texas,Montague,204,4,0,33.67521893,-97.72500958,48337.0,1029.3672419013021,1.96078431372549,200,204,4,0,200,200,19596,0,0,0,0,4
2020-10-10,US,Texas,Montgomery,12114,165,0,30.30079133,-95.50572772,48339.0,1994.4319227647434,1.3620604259534423,11949,12114,164,0,11950,12022,590925,0,1,0,-1,92
2020-10-10,US,Texas,Moore,1221,22,0,35.83769242,-101.8930281,48341.0,5830.945558739255,1.8018018018018016,1199,1220,22,0,1198,1209,21485,1,0,0,1,11
2020-10-10,US,Texas,Morris,194,4,0,33.11304005,-94.73255695,48343.0,1566.0316435259924,2.061855670103093,190,194,4,0,190,194,12339,0,0,0,0,0
2020-10-10,US,Texas,Motley,10,0,0,34.07408766,-100.77972199999999,48345.0,833.3333333333335,0.0,10,10,0,0,10,10,1234,0,0,0,0,0
2020-10-10,US,Texas,Nacogdoches,1683,65,0,31.62017125,-94.61803994,48347.0,2581.129992025029,3.86215092097445,1618,1683,65,0,1618,1664,65711,0,0,0,0,19
2020-10-10,US,Texas,Navarro,1355,29,0,32.04620681,-96.47428766,48349.0,2703.889210384531,2.140221402214022,1326,1350,29,0,1321,1342,49565,5,0,0,5,8
2020-10-10,US,Texas,Newton,187,13,0,30.78548982,-93.74408813,48351.0,1375.5057006252298,6.951871657754011,174,187,13,0,174,187,13746,0,0,0,0,0
2020-10-10,US,Texas,Nolan,308,5,0,32.30365282,-100.4060208,48353.0,2093.2445290199807,1.6233766233766234,303,308,5,0,303,291,14751,0,0,0,0,17
2020-10-10,US,Texas,Nueces,20783,425,0,27.736286,-97.5433285,48355.0,5736.501294528753,2.0449405764326607,20358,20783,425,0,20358,20767,362265,0,0,0,0,16
2020-10-10,US,Texas,Ochiltree,195,5,0,36.27829105,-100.8158184,48357.0,1982.5132167547783,2.5641025641025643,190,169,5,0,164,169,9947,26,0,0,26,0
2020-10-10,US,Texas,Oldham,22,1,0,35.40425596,-102.6027606,48359.0,1041.6666666666667,4.545454545454546,21,22,1,0,21,21,2131,0,0,0,0,1
2020-10-10,US,Texas,Orange,2043,45,0,30.11879481,-93.89412775,48361.0,2449.757782147825,2.202643171806167,1998,2022,45,0,1977,2022,83572,21,0,0,21,0
2020-10-10,US,Texas,Palo Pinto,627,17,0,32.75310985,-98.31319001,48363.0,2148.0694782281,2.7113237639553427,610,627,17,0,610,623,28875,0,0,0,0,4
2020-10-10,US,Texas,Panola,423,27,0,32.163959600000005,-94.30552481,48365.0,1823.7475209105805,6.382978723404255,396,423,27,0,396,415,23148,0,0,0,0,8
2020-10-10,US,Texas,Parker,2134,40,0,32.77757172,-97.80500621,48367.0,1493.5819370371923,1.8744142455482664,2094,2120,39,0,2081,2096,138371,14,1,0,13,24
2020-10-10,US,Texas,Parmer,456,13,0,34.52993409,-102.78446679999999,48369.0,4747.527329515877,2.8508771929824563,443,452,13,0,439,452,9864,4,0,0,4,0
2020-10-10,US,Texas,Pecos,409,5,0,30.78097267,-102.72412609999999,48371.0,2584.844846110093,1.2224938875305624,404,409,5,0,404,403,15673,0,0,0,0,6
2020-10-10,US,Texas,Polk,885,26,0,30.79472531,-94.82766240000001,48373.0,1723.3657235215078,2.9378531073446332,859,876,26,0,850,876,50031,9,0,0,9,0
2020-10-10,US,Texas,Potter,6611,76,0,35.40133773,-101.893964,48375.0,5630.456074607163,1.1495991529269398,6535,6611,76,0,6535,6500,119648,0,0,0,0,111
2020-10-10,US,Texas,Presidio,98,7,0,29.99954402,-104.24080790000001,48377.0,1461.8138424821002,7.142857142857142,91,98,7,0,91,97,6948,0,0,0,0,1
2020-10-10,US,Texas,Rains,76,5,0,32.87109387,-95.79232691,48379.0,607.3198018219596,6.578947368421053,71,76,5,0,71,76,12159,0,0,0,0,0
2020-10-10,US,Texas,Randall,3659,46,0,34.96585996,-101.8971322,48381.0,2656.9750132521986,1.257174091281771,3613,3575,46,0,3529,3404,136271,84,0,0,84,171
2020-10-10,US,Texas,Reagan,89,6,0,31.36607041,-101.52326590000001,48383.0,2312.288906209405,6.741573033707866,83,93,6,0,87,90,3741,-4,0,0,-4,3
2020-10-10,US,Texas,Real,120,8,0,29.83321503,-99.82018052,48385.0,3476.245654692932,6.666666666666668,112,120,8,0,112,120,3478,0,0,0,0,0
2020-10-10,US,Texas,Red River,169,14,0,33.61886692,-95.04841765,48387.0,1405.63919154953,8.284023668639053,155,169,14,0,155,169,12175,0,0,0,0,0
2020-10-10,US,Texas,Reeves,227,6,0,31.32323325,-103.69038959999999,48389.0,1420.8813219829744,2.643171806167401,221,223,6,0,217,216,15695,4,0,0,4,7
2020-10-10,US,Texas,Refugio,310,14,0,28.323897600000002,-97.15766311,48391.0,4461.715601611974,4.516129032258065,296,310,14,0,296,310,7032,0,0,0,0,0
2020-10-10,US,Texas,Roberts,14,0,0,35.83809685,-100.813175,48393.0,1639.344262295082,0.0,14,14,0,0,14,14,903,0,0,0,0,0
2020-10-10,US,Texas,Robertson,359,4,0,31.02539637,-96.51272246,48395.0,2102.6121588379992,1.1142061281337048,355,352,4,0,348,341,17284,7,0,0,7,11
2020-10-10,US,Texas,Rockwall,1729,30,0,32.89779518,-96.40771592,48397.0,1648.0007625220417,1.735106998264893,1699,1721,30,0,1691,1712,100657,8,0,0,8,9
2020-10-10,US,Texas,Runnels,287,9,0,31.8314342,-99.97616148,48399.0,2796.1808261886213,3.1358885017421603,278,287,9,0,278,285,10234,0,0,0,0,2
2020-10-10,US,Texas,Rusk,948,19,0,32.10773545,-94.76176432,48401.0,1742.454876300408,2.0042194092827006,929,948,19,0,929,950,54450,0,0,0,0,-2
2020-10-10,US,Texas,Sabine,85,8,0,31.34318809,-93.85440451,48403.0,806.2986150635553,9.411764705882351,77,85,8,0,77,82,10589,0,0,0,0,3
2020-10-10,US,Texas,San Augustine,207,15,0,31.39457611,-94.17000399,48405.0,2513.050868034479,7.246376811594202,192,207,15,0,192,207,8232,0,0,0,0,0
2020-10-10,US,Texas,San Jacinto,229,11,0,30.57933681,-95.16260304,48407.0,793.5132887487439,4.80349344978166,218,229,11,0,218,228,28719,0,0,0,0,1
2020-10-10,US,Texas,San Patricio,1530,79,0,28.00880118,-97.51763891,48409.0,2292.8218192716918,5.163398692810458,1451,1501,78,0,1423,1501,66893,29,1,0,28,0
2020-10-10,US,Texas,San Saba,102,0,0,31.1577796,-98.81758731,48411.0,1684.558216350124,0.0,102,77,0,0,77,77,6054,25,0,0,25,0
2020-10-10,US,Texas,Schleicher,53,2,0,30.89740592,-100.5384842,48413.0,1897.6011457214465,3.7735849056603774,51,53,2,0,51,53,2895,0,0,0,0,0
2020-10-10,US,Texas,Scurry,887,8,0,32.74613808,-100.91626640000001,48415.0,5310.423277255582,0.9019165727170236,879,868,8,0,860,856,16866,19,0,0,19,12
2020-10-10,US,Texas,Shackelford,29,0,0,32.73587756,-99.35401337,48417.0,888.208269525268,0.0,29,29,0,0,29,29,3253,0,0,0,0,0
2020-10-10,US,Texas,Shelby,529,27,0,31.79211404,-94.14550696,48419.0,2093.0600617235104,5.103969754253309,502,529,27,0,502,525,25418,0,0,0,0,4
2020-10-10,US,Texas,Sherman,67,1,0,36.27751473,-101.8933156,48421.0,2217.074784910655,1.492537313432836,66,67,1,0,66,66,3079,0,0,0,0,1
2020-10-10,US,Texas,Smith,4009,115,0,32.37474036,-95.27175679999999,48423.0,1722.4415791983704,2.868545772012971,3894,4009,113,0,3896,3981,230221,0,2,0,-2,28
2020-10-10,US,Texas,Somervell,151,5,0,32.22236802,-97.77403489,48425.0,1654.2506573181424,3.3112582781456954,146,152,5,0,147,151,9016,-1,0,0,-1,1
2020-10-10,US,Texas,Starr,3485,174,0,26.56150059,-98.73892358,48427.0,5391.982423839216,4.992826398852224,3311,3481,174,0,3307,3479,64525,4,0,0,4,2
2020-10-10,US,Texas,Stephens,141,4,0,32.73553157,-98.83631615,48429.0,1505.4452274183216,2.8368794326241136,137,142,4,0,138,145,9433,-1,0,0,-1,-3
2020-10-10,US,Texas,Sterling,6,0,0,31.82781912,-101.05007459999999,48431.0,464.7560030983734,0.0,6,7,0,0,7,7,1311,-1,0,0,-1,0
2020-10-10,US,Texas,Stonewall,16,1,0,33.17906744,-100.25384009999999,48433.0,1185.1851851851852,6.25,15,16,1,0,15,16,1362,0,0,0,0,0
2020-10-10,US,Texas,Sutton,85,3,0,30.49856623,-100.5382014,48435.0,2251.0593220338988,3.5294117647058822,82,85,3,0,82,85,3758,0,0,0,0,0
2020-10-10,US,Texas,Swisher,119,3,0,34.53028891,-101.73491740000001,48437.0,1608.7603082330677,2.5210084033613445,116,119,3,0,116,113,7462,0,0,0,0,6
2020-10-10,US,Texas,Tarrant,54570,763,0,32.77143818,-97.29101614,48439.0,2595.4630525822645,1.398204141469672,53807,54152,757,0,53395,53838,2084931,418,6,0,412,314
2020-10-10,US,Texas,Taylor,1621,61,0,32.30163422,-99.89007449,48441.0,1174.3483489575033,3.7631091918568784,1560,1595,60,0,1535,1582,137640,26,1,0,25,13
2020-10-10,US,Texas,Terrell,3,0,0,30.22429013,-102.0766732,48443.0,386.59793814432993,0.0,3,3,0,0,3,3,823,0,0,0,0,0
2020-10-10,US,Texas,Terry,347,6,0,33.17402785,-102.3354521,48445.0,2812.677312150441,1.7291066282420748,341,337,6,0,331,323,12287,10,0,0,10,14
2020-10-10,US,Texas,Throckmorton,14,2,0,33.17751417,-99.21226795,48447.0,932.711525649567,14.285714285714285,12,14,2,0,12,13,1515,0,0,0,0,1
2020-10-10,US,Texas,Titus,1646,31,0,33.21339719,-94.96797273,48449.0,5025.954198473282,1.8833535844471443,1615,1646,31,0,1615,1601,33033,0,0,0,0,45
2020-10-10,US,Texas,Tom Green,4026,73,0,31.40464436,-100.46244300000001,48451.0,3377.51677852349,1.8132141082960755,3953,4001,71,0,3930,3968,118189,25,2,0,23,33
2020-10-10,US,Texas,Travis,30199,441,0,30.33432034,-97.78535620000001,48453.0,2370.493754091592,1.460313255405808,29758,30165,441,0,29724,30075,1248743,34,0,0,34,90
2020-10-10,US,Texas,Trinity,199,7,0,31.0879489,-95.1367187,48455.0,1358.2690601324139,3.5175879396984926,192,199,7,0,192,199,14740,0,0,0,0,0
2020-10-10,US,Texas,Tyler,242,4,0,30.77031716,-94.37690895,48457.0,1116.6482096714656,1.6528925619834711,238,242,4,0,238,236,21696,0,0,0,0,6
2020-10-10,US,Texas,Upshur,423,12,0,32.73706798,-94.93999853,48459.0,1013.1008550283811,2.8368794326241136,411,423,12,0,411,416,41260,0,0,0,0,7
2020-10-10,US,Texas,Upton,25,3,0,31.36868194,-102.0423217,48461.0,683.6204539239814,12.0,22,25,2,0,23,25,3671,0,1,0,-1,0
2020-10-10,US,Texas,Uvalde,810,36,0,29.35739637,-99.76229172,48463.0,3029.056504992334,4.4444444444444455,774,807,36,0,771,805,26846,3,0,0,3,2
2020-10-10,US,Texas,Val Verde,2295,117,0,29.89149232,-101.1525205,48465.0,4681.285058643549,5.098039215686273,2178,2295,117,0,2178,2278,49208,0,0,0,0,17
2020-10-10,US,Texas,Van Zandt,616,24,0,32.56483801,-95.83766469,48467.0,1088.5315426753843,3.8961038961038965,592,616,22,0,594,611,56019,0,2,0,-2,5
2020-10-10,US,Texas,Victoria,4150,97,0,28.79780988,-96.96813006,48469.0,4506.754702228401,2.3373493975903616,4053,4150,97,0,4053,4121,92035,0,0,0,0,29
2020-10-10,US,Texas,Walker,3830,58,0,30.73872995,-95.57440968,48471.0,5248.660426744871,1.5143603133159267,3772,3813,58,0,3755,3808,72480,17,0,0,17,5
2020-10-10,US,Texas,Waller,916,15,0,30.01058447,-95.99011759,48473.0,1658.0385910292148,1.6375545851528384,901,932,15,0,917,926,53126,-16,0,0,-16,6
2020-10-10,US,Texas,Ward,141,1,0,31.50999644,-103.09279090000001,48475.0,1175.1958659776628,0.7092198581560284,140,142,1,0,141,140,11720,-1,0,0,-1,2
2020-10-10,US,Texas,Washington,657,48,0,30.21498498,-96.40946246,48477.0,1831.001616409341,7.305936073059359,609,655,48,0,607,655,35108,2,0,0,2,0
2020-10-10,US,Texas,Webb,14320,328,0,27.7610369,-99.33237355,48479.0,5176.1780142561765,2.2905027932960893,13992,14320,328,0,13992,14301,275910,0,0,0,0,19
2020-10-10,US,Texas,Wharton,1394,55,0,29.27765923,-96.22319248,48481.0,3354.5095774376746,3.9454806312769013,1339,1396,55,0,1341,1394,41619,-2,0,0,-2,2
2020-10-10,US,Texas,Wheeler,50,0,0,35.40114335,-100.26995140000001,48483.0,988.9240506329114,0.0,50,50,0,0,50,50,5191,0,0,0,0,0
2020-10-10,US,Texas,Wichita,2301,25,0,33.98842886,-98.70410340000001,48485.0,1740.1497390909778,1.086484137331595,2276,2199,25,0,2174,2118,132064,102,0,0,102,81
2020-10-10,US,Texas,Wilbarger,241,2,0,34.07945812,-99.24178437,48487.0,1887.3835069308482,0.8298755186721992,239,240,2,0,238,234,12820,1,0,0,1,6
2020-10-10,US,Texas,Willacy,1215,55,0,26.47411727,-97.61535848,48489.0,5688.734900271561,4.526748971193416,1160,1213,55,0,1158,1213,21515,2,0,0,2,0
2020-10-10,US,Texas,Williamson,8917,146,0,30.64655664,-97.60048540000001,48491.0,1509.9457963833775,1.6373219692721768,8771,8917,145,0,8772,8894,566719,0,1,0,-1,23
2020-10-10,US,Texas,Wilson,969,28,0,29.1732598,-98.08693082,48493.0,1897.3957313491287,2.8895768833849327,941,964,28,0,936,963,50224,5,0,0,5,1
2020-10-10,US,Texas,Winkler,125,4,0,31.85008651,-103.04851629999999,48495.0,1560.549313358302,3.2,121,122,4,0,118,121,7720,3,0,0,3,1
2020-10-10,US,Texas,Wise,812,14,0,33.21570665,-97.65460265,48497.0,1160.2652034750802,1.7241379310344829,798,812,14,0,798,801,68305,0,0,0,0,11
2020-10-10,US,Texas,Wood,569,31,0,32.78722382,-95.38236368,48499.0,1249.4784690045894,5.4481546572934985,538,569,30,0,539,567,45129,0,1,0,-1,2
2020-10-10,US,Texas,Yoakum,277,5,0,33.17320212,-102.82764329999999,48501.0,3179.1575806266496,1.8050541516245489,272,272,5,0,267,268,8591,5,0,0,5,4
2020-10-10,US,Texas,Young,396,6,0,33.17659707,-98.68790885,48503.0,2198.778456413104,1.5151515151515151,390,396,6,0,390,386,18045,0,0,0,0,10
2020-10-10,US,Texas,Zapata,342,6,0,27.00156391,-99.16987152,48505.0,2412.017772762536,1.7543859649122806,336,341,6,0,335,341,14190,1,0,0,1,0
2020-10-10,US,Texas,Zavala,400,16,0,28.86617238,-99.76050829,48507.0,3378.3783783783783,4.0,384,399,16,0,383,401,11983,1,0,0,1,-2
2020-10-10,US,Utah,Bear River,3974,11,0,41.52106798,-113.08328159999999,0.0,2127.2040167435684,0.2767991947659789,3963,3911,11,0,3900,3859,,63,0,0,63,52
2020-10-10,US,Utah,Central Utah,855,5,0,39.37231946,-111.5758676,0.0,1043.2681748297823,0.5847953216374269,850,824,5,0,819,809,,31,0,0,31,15
2020-10-10,US,Utah,Davis,6307,35,0,40.99001837,-112.1139997,49011.0,1774.2157808715515,0.5549389567147613,6272,6194,35,0,6159,6047,351713,113,0,0,113,147
2020-10-10,US,Utah,Salt Lake,36554,276,0,40.66616532,-111.92160109999999,49035.0,3150.020207904436,0.7550473272418887,36278,35952,274,0,35678,35436,1152633,602,2,0,600,516
2020-10-10,US,Utah,San Juan,718,29,0,37.62762978,-109.80337140000002,49037.0,4690.357982754115,4.03899721448468,689,714,29,0,685,713,15449,4,0,0,4,1
2020-10-10,US,Utah,Southeast Utah,285,2,0,38.99617072,-110.70139579999999,0.0,708.4441572000297,0.7017543859649122,283,277,1,0,276,268,,8,1,0,7,9
2020-10-10,US,Utah,Southwest Utah,4822,41,0,37.85447192,-111.4418764,0.0,1913.1732012918485,0.8502695976773124,4781,4747,40,0,4707,4682,,75,1,0,74,65
2020-10-10,US,Utah,Summit,1138,1,0,40.86688146,-110.9535882,49043.0,2700.201684660102,0.08787346221441125,1137,1124,1,0,1123,1112,41933,14,0,0,14,12
2020-10-10,US,Utah,Tooele,1038,1,0,40.44862644,-113.12957150000001,49045.0,1436.4992596077998,0.09633911368015416,1037,1022,1,0,1021,993,69907,16,0,0,16,29
2020-10-10,US,Utah,TriCounty,282,2,0,40.12491499,-109.5174415,0.0,498.03963123874115,0.7092198581560284,280,275,2,0,273,273,,7,0,0,7,2
2020-10-10,US,Utah,Utah,22756,67,0,40.116672200000004,-111.66576620000001,49049.0,3576.6658545977507,0.29442784320618737,22689,22422,66,0,22356,22010,622213,334,1,0,333,412
2020-10-10,US,Utah,Wasatch,896,8,0,40.33110236,-111.1691419,49051.0,2628.259657974245,0.8928571428571429,888,886,8,0,878,875,33240,10,0,0,10,11
2020-10-10,US,Utah,Weber-Morgan,5019,32,0,41.27116049,-111.9145117,0.0,1842.937243195012,0.6375772066148635,4987,4942,32,0,4910,4870,,77,0,0,77,72
2020-10-10,US,Vermont,Addison,112,2,0,44.03217337,-73.14130877,50001.0,304.5381624384806,1.7857142857142858,110,112,2,0,110,111,36973,0,0,0,0,1
2020-10-10,US,Vermont,Bennington,127,1,0,43.03519828,-73.09048868,50003.0,358.0490555398929,0.7874015748031497,126,127,1,0,126,126,35631,0,0,0,0,1
2020-10-10,US,Vermont,Caledonia,34,0,0,44.46548598,-72.10314651,50005.0,113.35978394958825,0.0,34,34,0,0,34,34,30302,0,0,0,0,0
2020-10-10,US,Vermont,Chittenden,873,39,0,44.46322849,-73.08359212,50007.0,533.0516443391501,4.4673539518900345,834,865,39,0,826,863,164572,8,0,0,8,2
2020-10-10,US,Vermont,Essex,6,0,0,44.72736416,-71.73579864,50009.0,97.35518416355671,0.0,6,6,0,0,6,6,6250,0,0,0,0,0
2020-10-10,US,Vermont,Franklin,131,7,0,44.85627605,-72.91249563,50011.0,265.1714505485608,5.343511450381679,124,131,7,0,124,131,49421,0,0,0,0,0
2020-10-10,US,Vermont,Grand Isle,16,0,0,44.797582399999996,-73.29679772,50013.0,221.147201105736,0.0,16,16,0,0,16,16,7090,0,0,0,0,0
2020-10-10,US,Vermont,Lamoille,59,1,0,44.60353043,-72.64356694,50015.0,232.63149593880607,1.6949152542372878,58,59,1,0,58,59,25300,0,0,0,0,0
2020-10-10,US,Vermont,Orange,25,0,0,44.00470222,-72.37640104,50017.0,86.52914301536758,0.0,25,25,0,0,25,25,28999,0,0,0,0,0
2020-10-10,US,Vermont,Orleans,21,0,0,44.82964024,-72.24562697,50019.0,77.67133927580724,0.0,21,21,0,0,21,21,26907,0,0,0,0,0
2020-10-10,US,Vermont,Rutland,133,1,0,43.57723578,-73.03741676,50021.0,228.5576807410081,0.7518796992481203,132,132,1,0,131,131,58672,1,0,0,1,1
2020-10-10,US,Vermont,Unassigned,8,0,0,0.0,0.0,90050.0,0.0,0.0,8,8,0,0,8,8,,0,0,0,0,0
2020-10-10,US,Vermont,Washington,82,2,0,44.27343241,-72.61604978,50023.0,140.3893235631495,2.4390243902439024,80,81,2,0,79,81,58140,1,0,0,1,0
2020-10-10,US,Vermont,Windham,129,3,0,42.986982,-72.71268875,50025.0,305.52792383117804,2.3255813953488373,126,129,3,0,126,129,42756,0,0,0,0,0
2020-10-10,US,Vermont,Windsor,101,2,0,43.58010937,-72.58595157,50027.0,183.42958846391343,1.98019801980198,99,100,2,0,98,97,55286,1,0,0,1,3
2020-10-10,US,Virginia,Accomack,1188,19,0,37.76707161,-75.63234615,51001.0,3676.197549201634,1.5993265993265993,1169,1188,19,0,1169,1188,32412,0,0,0,0,0
2020-10-10,US,Virginia,Albemarle,1426,22,0,38.02080697,-78.55481085,51003.0,1304.3080581725053,1.5427769985974755,1404,1417,22,0,1395,1409,108718,9,0,0,9,8
2020-10-10,US,Virginia,Alexandria,4009,73,0,38.814003,-77.08183073,51510.0,2514.61474772311,1.8209029683212767,3936,3977,73,0,3904,3961,160530,32,0,0,32,16
2020-10-10,US,Virginia,Alleghany,82,4,0,37.78636074,-80.00222498,51005.0,551.8169582772543,4.878048780487805,78,82,4,0,78,81,14910,0,0,0,0,1
2020-10-10,US,Virginia,Amelia,131,5,0,37.34081025,-77.98584649,51007.0,996.5766451122099,3.816793893129771,126,128,5,0,123,128,13013,3,0,0,3,0
2020-10-10,US,Virginia,Amherst,464,4,0,37.60308293,-79.14548696,51009.0,1468.1221325739593,0.8620689655172413,460,457,4,0,453,445,31666,7,0,0,7,12
2020-10-10,US,Virginia,Appomattox,242,4,0,37.37569884,-78.81340003,51011.0,1520.960341901829,1.6528925619834711,238,235,4,0,231,233,15841,7,0,0,7,2
2020-10-10,US,Virginia,Arlington,4170,152,0,38.8767675,-77.10139853,51013.0,1760.6674491855329,3.6450839328537166,4018,4148,152,0,3996,4132,237521,22,0,0,22,16
2020-10-10,US,Virginia,Augusta,561,7,0,38.16404586,-79.12461614,51015.0,742.4759787183356,1.2477718360071302,554,555,7,0,548,550,75457,6,0,0,6,5
2020-10-10,US,Virginia,Bath,19,0,0,38.05852573,-79.73912095,51017.0,458.16252712804436,0.0,19,19,0,0,19,19,4292,0,0,0,0,0
2020-10-10,US,Virginia,Bedford,927,15,0,37.3080028,-79.5281964,51019.0,1173.46228337785,1.6181229773462784,912,912,15,0,897,897,78747,15,0,0,15,15
2020-10-10,US,Virginia,Bland,64,5,0,37.13128068,-81.13599391,51021.0,1019.108280254777,7.8125,59,64,5,0,59,64,6293,0,0,0,0,0
2020-10-10,US,Virginia,Botetourt,329,11,0,37.55531756,-79.80982182,51023.0,984.4699123253239,3.3434650455927053,318,325,11,0,314,323,33277,4,0,0,4,2
2020-10-10,US,Virginia,Bristol,210,7,0,36.616302399999995,-82.16359122,51520.0,1252.8337907170985,3.333333333333333,203,203,7,0,196,199,16482,7,0,0,7,4
2020-10-10,US,Virginia,Brunswick,391,5,0,36.76366949,-77.8593436,51025.0,2408.970488571253,1.278772378516624,386,387,5,0,382,384,16384,4,0,0,4,3
2020-10-10,US,Virginia,Buchanan,203,2,0,37.26818323,-82.03749726,51027.0,966.4825747476673,0.9852216748768472,201,200,2,0,198,196,21221,3,0,0,3,4
2020-10-10,US,Virginia,Buckingham,712,9,0,37.57242268,-78.52518834,51029.0,4152.087707021226,1.2640449438202248,703,710,9,0,701,705,16999,2,0,0,2,5
2020-10-10,US,Virginia,Buena Vista,107,1,0,37.73484642,-79.35296097,51530.0,1651.7443655449213,0.9345794392523364,106,101,1,0,100,99,6237,6,0,0,6,2
2020-10-10,US,Virginia,Campbell,549,4,0,37.20553386,-79.09678609,51031.0,1000.273298715496,0.7285974499089253,545,536,4,0,532,520,54973,13,0,0,13,16
2020-10-10,US,Virginia,Caroline,377,5,0,38.02679129,-77.34901405,51033.0,1227.013832384052,1.326259946949602,372,374,5,0,369,371,30772,3,0,0,3,3
2020-10-10,US,Virginia,Carroll,523,25,0,36.73066666,-80.73455942,51035.0,1755.563760867376,4.780114722753346,498,523,25,0,498,522,29636,0,0,0,0,1
2020-10-10,US,Virginia,Charles City,87,5,0,37.35358063,-77.05634116,51036.0,1249.4614390348986,5.747126436781608,82,87,5,0,82,87,6941,0,0,0,0,0
2020-10-10,US,Virginia,Charlotte,174,0,0,37.01909701,-78.66314092,51037.0,1464.6464646464651,0.0,174,167,0,0,167,157,11938,7,0,0,7,10
2020-10-10,US,Virginia,Charlottesville,1453,30,0,38.03527919,-78.48569588,51540.0,3074.0913129945416,2.064693737095664,1423,1438,30,0,1408,1421,48117,15,0,0,15,17
2020-10-10,US,Virginia,Chesapeake,4562,76,0,36.67670048,-76.30545744,51550.0,1863.2956889333636,1.6659359929855326,4486,4533,74,0,4459,4517,242634,29,2,0,27,16
2020-10-10,US,Virginia,Chesterfield,6349,98,0,37.37373208,-77.58680140000001,51041.0,1799.5929728289527,1.5435501653803751,6251,6303,98,0,6205,6266,348556,46,0,0,46,37
2020-10-10,US,Virginia,Clarke,104,1,0,39.11271747,-77.99199425,51043.0,711.4029687393119,0.9615384615384616,103,100,1,0,99,100,14523,4,0,0,4,0
2020-10-10,US,Virginia,Colonial Heights,274,26,0,37.26420587,-77.39609676,51570.0,1577.4323546344272,9.489051094890511,248,272,26,0,246,272,17833,2,0,0,2,0
2020-10-10,US,Virginia,Covington,33,0,0,37.7824656,-79.98631446,51580.0,595.8829902491874,0.0,33,33,0,0,33,33,5460,0,0,0,0,0
2020-10-10,US,Virginia,Craig,35,0,0,37.48133648,-80.21072274,51045.0,682.1282401091405,0.0,35,33,0,0,33,32,5064,2,0,0,2,1
2020-10-10,US,Virginia,Culpeper,1240,18,0,38.48199985,-77.95630870000002,51047.0,2357.1903811424772,1.4516129032258065,1222,1238,18,0,1220,1234,51859,2,0,0,2,4
2020-10-10,US,Virginia,Cumberland,110,2,0,37.51328851,-78.24398086,51049.0,1107.5312122432542,1.818181818181818,108,110,2,0,108,109,9809,0,0,0,0,1
2020-10-10,US,Virginia,Danville,1042,37,0,36.58022376,-79.40395668,51590.0,2602.137648586555,3.5508637236084453,1005,1021,36,0,985,1011,40693,21,1,0,20,10
2020-10-10,US,Virginia,Dickenson,108,1,0,37.12560977,-82.35124171,51051.0,754.2952926386366,0.925925925925926,107,108,1,0,107,108,14523,0,0,0,0,0
2020-10-10,US,Virginia,Dinwiddie,435,11,0,37.07544585,-77.63451754,51053.0,1523.9630044843052,2.528735632183908,424,433,11,0,422,426,28529,2,0,0,2,7
2020-10-10,US,Virginia,Emporia,267,26,0,36.69455571,-77.53406129,51595.0,4994.388327721661,9.737827715355806,241,266,26,0,240,265,5121,1,0,0,1,1
2020-10-10,US,Virginia,Essex,184,2,0,37.93357639,-76.94230311,51057.0,1679.9050488450653,1.0869565217391304,182,183,2,0,181,183,10919,1,0,0,1,0
2020-10-10,US,Virginia,Fairfax,21861,599,0,38.83677558,-77.27565836,51059.0,1905.0449137801825,2.7400393394629705,21262,21736,598,0,21138,21632,1150795,125,1,0,124,104
2020-10-10,US,Virginia,Fairfax,21861,599,0,38.83677558,-77.27565836,51059.0,1905.0449137801825,2.7400393394629705,21262,21736,598,0,21138,21632,24574,125,1,0,124,104
2020-10-10,US,Virginia,Fairfax City,143,8,0,38.85157547,-77.29779640000002,51600.0,595.3620050793123,5.594405594405594,135,142,8,0,134,141,24574,1,0,0,1,1
2020-10-10,US,Virginia,Falls Church,74,7,0,38.88485255,-77.17560759,51610.0,506.2598344393513,9.459459459459461,67,73,7,0,66,72,14772,1,0,0,1,1
2020-10-10,US,Virginia,Fauquier,995,25,0,38.73564842,-77.80647472,51061.0,1397.040240375165,2.512562814070352,970,993,25,0,968,987,70675,2,0,0,2,6
2020-10-10,US,Virginia,Floyd,223,16,0,36.9302126,-80.36738849,51063.0,1415.962918280526,7.174887892376683,207,221,16,0,205,218,15795,2,0,0,2,3
2020-10-10,US,Virginia,Fluvanna,392,9,0,37.84157909,-78.27715475,51065.0,1437.4770810414375,2.295918367346939,383,392,9,0,383,387,26783,0,0,0,0,5
2020-10-10,US,Virginia,Franklin,194,1,0,36.99536167,-79.88023649,51067.0,346.1689447200313,0.5154639175257731,193,194,1,0,193,194,56195,0,0,0,0,0
2020-10-10,US,Virginia,Franklin,194,1,0,36.99536167,-79.88023649,51067.0,346.1689447200313,0.5154639175257731,193,194,1,0,193,194,8013,0,0,0,0,0
2020-10-10,US,Virginia,Franklin City,453,10,0,36.6831435,-76.93859681,51620.0,5685.954562570604,2.207505518763797,443,446,10,0,436,443,8013,7,0,0,7,3
2020-10-10,US,Virginia,Frederick,995,13,0,39.20172582,-78.25974949,51069.0,1114.0595434035358,1.306532663316583,982,979,13,0,966,971,88355,16,0,0,16,8
2020-10-10,US,Virginia,Fredericksburg,566,5,0,38.2977863,-77.4922454,51630.0,1949.3043118886897,0.8833922261484098,561,563,5,0,558,560,29144,3,0,0,3,3
2020-10-10,US,Virginia,Galax,423,30,0,36.66601852,-80.91703124,51640.0,6664.565936662991,7.092198581560282,393,422,30,0,392,421,6423,1,0,0,1,1
2020-10-10,US,Virginia,Giles,98,0,0,37.31234791,-80.70636931,51071.0,586.1244019138755,0.0,98,96,0,0,96,95,16844,2,0,0,2,1
2020-10-10,US,Virginia,Gloucester,296,2,0,37.40809042,-76.53524337,51073.0,792.5457855842347,0.6756756756756757,294,281,2,0,279,277,37349,15,0,0,15,4
2020-10-10,US,Virginia,Goochland,296,7,0,37.71714806,-77.90381514,51075.0,1246.158379994106,2.3648648648648654,289,294,7,0,287,290,23244,2,0,0,2,4
2020-10-10,US,Virginia,Grayson,332,17,0,36.65677234,-81.23215889,51077.0,2135.048231511254,5.120481927710842,315,329,17,0,312,328,15631,3,0,0,3,1
2020-10-10,US,Virginia,Greene,250,3,0,38.29545894,-78.46525378,51079.0,1261.415813108633,1.2,247,248,3,0,245,244,19779,2,0,0,2,4
2020-10-10,US,Virginia,Greensville,821,11,0,36.67878901,-77.56351439,51081.0,7242.413549753001,1.3398294762484777,810,813,11,0,802,812,11627,8,0,0,8,1
2020-10-10,US,Virginia,Halifax,410,7,0,36.76654925,-78.93512622,51083.0,1209.0472118191738,1.7073170731707317,403,401,7,0,394,394,34120,9,0,0,9,7
2020-10-10,US,Virginia,Hampton,1952,27,0,37.03513786,-76.35879121,51650.0,1451.1932198349564,1.3831967213114753,1925,1940,27,0,1913,1923,134313,12,0,0,12,17
2020-10-10,US,Virginia,Hanover,1433,40,0,37.7583355,-77.49464673,51085.0,1329.7329398882766,2.7913468248429867,1393,1421,40,0,1381,1416,107239,12,0,0,12,5
2020-10-10,US,Virginia,Harrisonburg,2820,35,0,38.43542574,-78.87536254,51660.0,5319.1489361702115,1.2411347517730495,2785,2808,35,0,2773,2784,54033,12,0,0,12,24
2020-10-10,US,Virginia,Henrico,5726,221,0,37.53460572,-77.39326555,51087.0,1730.8610776922656,3.8595878449179177,5505,5700,220,0,5480,5659,329261,26,1,0,25,41
2020-10-10,US,Virginia,Henry,1172,27,0,36.68542395,-79.87634026,51089.0,2318.1755246553394,2.303754266211604,1145,1158,27,0,1131,1140,50953,14,0,0,14,18
2020-10-10,US,Virginia,Highland,8,0,0,38.35799465,-79.56124594,51091.0,365.296803652968,0.0,8,8,0,0,8,8,2210,0,0,0,0,0
2020-10-10,US,Virginia,Hopewell,443,7,0,37.29186313,-77.29754684,51670.0,1966.3544764525727,1.580135440180587,436,441,7,0,434,432,22596,2,0,0,2,9
2020-10-10,US,Virginia,Isle of Wight,801,21,0,36.90579348,-76.70842863,51093.0,2158.5060227977037,2.621722846441948,780,794,20,0,774,788,36953,7,1,0,6,6
2020-10-10,US,Virginia,James City,892,21,0,37.31156958,-76.76950618,51095.0,1165.6626112410647,2.3542600896860986,871,887,21,0,866,878,76397,5,0,0,5,9
2020-10-10,US,Virginia,King George,250,4,0,38.26818502,-77.15852768,51099.0,931.5844388135339,1.6,246,250,4,0,246,250,26575,0,0,0,0,0
2020-10-10,US,Virginia,King William,174,2,0,37.70965316,-77.09384941,51101.0,1014.6955913226033,1.1494252873563218,172,172,2,0,170,173,16939,2,0,0,2,-1
2020-10-10,US,Virginia,King and Queen,80,1,0,37.71044922,-76.88689628,51097.0,1138.7900355871886,1.25,79,79,1,0,78,78,7042,1,0,0,1,1
2020-10-10,US,Virginia,Lancaster,167,0,0,37.71889653,-76.46400482,51103.0,1575.0259360558332,0.0,167,166,0,0,166,164,10783,1,0,0,1,2
2020-10-10,US,Virginia,Lee,320,7,0,36.70586667,-83.12606515,51105.0,1366.1785424582674,2.1875,313,315,7,0,308,310,23541,5,0,0,5,5
2020-10-10,US,Virginia,Lexington,171,1,0,37.78258621,-79.44262866,51678.0,2296.5350523771153,0.5847953216374269,170,161,1,0,160,148,7136,10,0,0,10,13
2020-10-10,US,Virginia,Loudoun,7181,128,0,39.08990083,-77.63481877,51107.0,1736.4788725582655,1.7824815485308454,7053,7137,128,0,7009,7110,406850,44,0,0,44,27
2020-10-10,US,Virginia,Louisa,325,7,0,37.97850256,-77.96274807,51109.0,864.568646750552,2.1538461538461537,318,322,7,0,315,319,36778,3,0,0,3,3
2020-10-10,US,Virginia,Lunenburg,128,3,0,36.94618528,-78.24133319,51111.0,1049.5244342407348,2.34375,125,126,3,0,123,124,12086,2,0,0,2,2
2020-10-10,US,Virginia,Lynchburg,1660,21,0,37.40021399,-79.19888138,51680.0,2020.251192678415,1.2650602409638554,1639,1638,19,0,1619,1613,82126,22,2,0,20,25
2020-10-10,US,Virginia,Madison,117,3,0,38.41531222,-78.28220331,51113.0,882.2864037402911,2.5641025641025643,114,116,3,0,113,117,13295,1,0,0,1,-1
2020-10-10,US,Virginia,Manassas,1980,24,0,38.7464321,-77.48509905,51683.0,4819.277108433735,1.2121212121212122,1956,1979,24,0,1955,1970,41641,1,0,0,1,9
2020-10-10,US,Virginia,Manassas Park,624,8,0,38.77058531,-77.44399307,51685.0,3570.2025403364228,1.2820512820512822,616,624,8,0,616,621,17307,0,0,0,0,3
2020-10-10,US,Virginia,Martinsville,427,23,0,36.68212094,-79.86352771,51690.0,3401.3063565397483,5.3864168618266985,404,424,23,0,401,420,12902,3,0,0,3,4
2020-10-10,US,Virginia,Mathews,111,0,0,37.44164146,-76.34098896,51115.0,1256.508942721304,0.0,111,104,0,0,104,104,8802,7,0,0,7,0
2020-10-10,US,Virginia,Mecklenburg,829,34,0,36.67882005,-78.36131056,51117.0,2710.3017621865492,4.101326899879373,795,819,34,0,785,815,30650,10,0,0,10,4
2020-10-10,US,Virginia,Middlesex,133,11,0,37.63191998,-76.55064617,51119.0,1256.851256851257,8.270676691729323,122,133,11,0,122,131,10769,0,0,0,0,2
2020-10-10,US,Virginia,Montgomery,2317,5,0,37.17746986,-80.37868691,51121.0,2351.4487238037245,0.2157962883038412,2312,2274,5,0,2269,2216,98985,43,0,0,43,58
2020-10-10,US,Virginia,Nelson,115,2,0,37.78790447,-78.88498513,51125.0,770.2612190221031,1.7391304347826086,113,113,2,0,111,111,14836,2,0,0,2,2
2020-10-10,US,Virginia,New Kent,245,3,0,37.50694406,-76.99828634,51127.0,1061.0194448053358,1.2244897959183674,242,242,3,0,239,238,22391,3,0,0,3,4
2020-10-10,US,Virginia,Newport News,2903,49,0,37.08166899,-76.51754109,51700.0,1619.7517087459894,1.687909059593524,2854,2891,49,0,2842,2867,178626,12,0,0,12,24
2020-10-10,US,Virginia,Norfolk,5045,79,0,36.89934014,-76.26420872,51710.0,2078.3383180496166,1.5659068384539148,4966,5017,79,0,4938,4996,244076,28,0,0,28,21
2020-10-10,US,Virginia,Northampton,311,31,0,37.34062933,-75.87751591,51131.0,2655.849701110162,9.96784565916399,280,311,31,0,280,311,11735,0,0,0,0,0
2020-10-10,US,Virginia,Northumberland,193,6,0,37.89202088,-76.41949732,51133.0,1595.7007027697393,3.1088082901554404,187,190,6,0,184,188,12147,3,0,0,3,2
2020-10-10,US,Virginia,Norton,39,0,0,36.93357076,-82.62750411,51720.0,979.6533534287868,0.0,39,39,0,0,39,39,3968,0,0,0,0,0
2020-10-10,US,Virginia,Nottoway,301,20,0,37.1435975,-78.05065922,51135.0,1976.1029411764707,6.644518272425248,281,295,20,0,275,293,15420,6,0,0,6,2
2020-10-10,US,Virginia,Orange,350,5,0,38.24530219,-78.01560400000002,51137.0,944.6438692612883,1.4285714285714286,345,348,5,0,343,349,36644,2,0,0,2,-1
2020-10-10,US,Virginia,Page,428,29,0,38.61807452,-78.48797204,51139.0,1790.645134298385,6.775700934579438,399,424,29,0,395,422,23933,4,0,0,4,2
2020-10-10,US,Virginia,Patrick,292,26,0,36.680163799999995,-80.2865648,51141.0,1658.3371194911404,8.904109589041097,266,291,26,0,265,288,17673,1,0,0,1,3
2020-10-10,US,Virginia,Petersburg,808,29,0,37.20530399,-77.39368102,51730.0,2577.6813628533146,3.5891089108910887,779,798,29,0,769,787,31567,10,0,0,10,11
2020-10-10,US,Virginia,Pittsylvania,1142,11,0,36.81980341,-79.39731264,51143.0,1892.169533088113,0.9632224168126094,1131,1128,11,0,1117,1116,60949,14,0,0,14,12
2020-10-10,US,Virginia,Poquoson,81,2,0,37.14259351,-76.35798148,51735.0,660.0929019639801,2.469135802469136,79,80,2,0,78,77,12190,1,0,0,1,3
2020-10-10,US,Virginia,Portsmouth,2664,63,0,36.85914825,-76.35971629,51740.0,2822.093688425601,2.3648648648648654,2601,2658,63,0,2595,2652,94632,6,0,0,6,6
2020-10-10,US,Virginia,Powhatan,254,5,0,37.55016038,-77.91267882,51145.0,856.6032645352759,1.9685039370078738,249,247,5,0,242,240,29189,7,0,0,7,7
2020-10-10,US,Virginia,Prince Edward,660,12,0,37.22554789,-78.43597949,51147.0,2894.4829400929743,1.818181818181818,648,652,12,0,640,631,22950,8,0,0,8,21
2020-10-10,US,Virginia,Prince George,894,5,0,37.18497668,-77.22922187,51149.0,2330.978019972362,0.5592841163310962,889,889,5,0,884,879,38082,5,0,0,5,10
2020-10-10,US,Virginia,Prince William,13079,213,0,38.70916224,-77.48713689,51153.0,2780.7839093412144,1.628564874990443,12866,13024,213,0,12811,12979,468011,55,0,0,55,45
2020-10-10,US,Virginia,Pulaski,250,5,0,37.06474963,-80.71229738,51155.0,734.7106709377847,2.0,245,249,5,0,244,246,34066,1,0,0,1,3
2020-10-10,US,Virginia,Radford,769,2,0,37.12222899,-80.56027320000003,51750.0,4213.929530385227,0.2600780234070221,767,766,2,0,764,763,18339,3,0,0,3,3
2020-10-10,US,Virginia,Rappahannock,66,2,0,38.68295619,-78.15826963,51157.0,895.5223880597015,3.0303030303030303,64,66,2,0,64,67,7252,0,0,0,0,-1
2020-10-10,US,Virginia,Richmond,359,4,0,37.937575,-76.72920628,51159.0,3978.721046215229,1.1142061281337048,355,358,4,0,354,355,9038,1,0,0,1,3
2020-10-10,US,Virginia,Richmond City,4904,62,0,37.53255773,-77.47966921,51760.0,2128.139700394036,1.264274061990212,4842,4871,62,0,4809,4839,228783,33,0,0,33,32
2020-10-10,US,Virginia,Roanoke,1086,8,0,37.26865804,-80.06396753,51161.0,1153.0376064383242,0.7366482504604052,1078,1058,8,0,1050,1037,94073,28,0,0,28,21
2020-10-10,US,Virginia,Roanoke City,2110,32,0,37.27791025,-79.96189766,51770.0,2128.239008301141,1.5165876777251184,2078,2051,32,0,2019,2022,99920,59,0,0,59,29
2020-10-10,US,Virginia,Rockbridge,138,3,0,37.81204314,-79.44605905,51163.0,611.349842732468,2.1739130434782608,135,134,2,0,132,131,22752,4,1,0,3,3
2020-10-10,US,Virginia,Rockingham,1608,22,0,38.51006137,-78.87260325,51165.0,1962.2199443549566,1.3681592039800996,1586,1601,22,0,1579,1576,81244,7,0,0,7,25
2020-10-10,US,Virginia,Russell,343,7,0,36.93028320000001,-82.10095486,51167.0,1290.1527119536595,2.0408163265306123,336,331,7,0,324,318,26748,12,0,0,12,13
2020-10-10,US,Virginia,Salem,355,6,0,37.2836193,-80.06219455,51775.0,1403.1065965772104,1.6901408450704225,349,333,6,0,327,328,25643,22,0,0,22,5
2020-10-10,US,Virginia,Scott,221,4,0,36.71466456,-82.60171704,51169.0,1024.761198182324,1.8099547511312215,217,214,4,0,210,210,21534,7,0,0,7,4
2020-10-10,US,Virginia,Shenandoah,860,59,0,38.85905135,-78.56813762,51171.0,1971.7534849596482,6.8604651162790695,801,855,59,0,796,849,43497,5,0,0,5,6
2020-10-10,US,Virginia,Smyth,566,21,0,36.84455636,-81.53344948,51173.0,1880.1488174328992,3.7102473498233217,545,562,20,0,542,561,30472,4,1,0,3,1
2020-10-10,US,Virginia,Southampton,812,30,0,36.72231125,-77.10642712,51175.0,4605.524360501389,3.6945812807881775,782,806,30,0,776,801,17586,6,0,0,6,5
2020-10-10,US,Virginia,Spotsylvania,2250,46,0,38.18574462,-77.655399,51177.0,1651.8004625041297,2.0444444444444443,2204,2231,46,0,2185,2217,134238,19,0,0,19,14
2020-10-10,US,Virginia,Stafford,2138,19,0,38.41758738,-77.45917053,51179.0,1398.4641749846287,0.8886810102899907,2119,2121,19,0,2102,2108,149960,17,0,0,17,13
2020-10-10,US,Virginia,Staunton,318,0,0,38.15965544,-79.05979937,51790.0,1275.4692764318947,0.0,318,317,0,0,317,295,24922,1,0,0,1,22
2020-10-10,US,Virginia,Suffolk,2189,77,0,36.70155394,-76.63603554,51800.0,2376.5579537065178,3.5175879396984926,2112,2172,77,0,2095,2164,91185,17,0,0,17,8
2020-10-10,US,Virginia,Surry,133,3,0,37.11781893,-76.88450012,51181.0,2071.0059171597627,2.255639097744361,130,132,3,0,129,129,6474,1,0,0,1,3
2020-10-10,US,Virginia,Sussex,632,12,0,36.92432914,-77.25791182,51183.0,5663.5899274128515,1.8987341772151896,620,631,12,0,619,632,11237,1,0,0,1,-1
2020-10-10,US,Virginia,Tazewell,371,2,0,37.12191123,-81.56685568,51185.0,913.9056534055916,0.5390835579514824,369,363,2,0,361,358,40855,8,0,0,8,5
2020-10-10,US,Virginia,Virginia Beach,7256,97,0,36.73285734,-76.04566934,51810.0,1612.537613284323,1.3368246968026458,7159,7204,97,0,7107,7192,450189,52,0,0,52,12
2020-10-10,US,Virginia,Warren,478,13,0,38.90847745,-78.20280433,51187.0,1190.1205059257047,2.719665271966527,465,473,13,0,460,467,40003,5,0,0,5,6
2020-10-10,US,Virginia,Washington,714,21,0,36.72341572,-81.95666289,51191.0,1328.6192780052102,2.9411764705882355,693,699,21,0,678,685,54402,15,0,0,15,14
2020-10-10,US,Virginia,Waynesboro,326,3,0,38.06451466,-78.90293905,51820.0,1440.5656208572686,0.9202453987730062,323,322,3,0,319,315,22628,4,0,0,4,7
2020-10-10,US,Virginia,Westmoreland,285,4,0,38.11021557,-76.80213247,51193.0,1582.014987510408,1.4035087719298245,281,282,4,0,278,282,17830,3,0,0,3,0
2020-10-10,US,Virginia,Williamsburg,205,8,0,37.28131268,-76.70905141,51830.0,1370.8706700548348,3.902439024390244,197,204,8,0,196,202,14896,1,0,0,1,2
2020-10-10,US,Virginia,Winchester,528,4,0,39.17054517,-78.17325058,51840.0,1880.475817365909,0.7575757575757576,524,525,4,0,521,525,28108,3,0,0,3,0
2020-10-10,US,Virginia,Wise,471,9,0,36.9746148,-82.62410519,51195.0,1259.9309846721774,1.9108280254777068,462,464,9,0,455,464,38012,7,0,0,7,0
2020-10-10,US,Virginia,Wythe,276,4,0,36.91582035,-81.07834059,51197.0,962.2088969460326,1.4492753623188406,272,275,4,0,271,275,28754,1,0,0,1,0
2020-10-10,US,Virginia,York,584,9,0,37.24374789,-76.54412815,51199.0,855.3016988869362,1.5410958904109588,575,580,9,0,571,570,67846,4,0,0,4,10
2020-10-10,US,Washington,Adams,887,10,0,46.98299757,-118.56017340000001,53001.0,4438.772957013462,1.1273957158962795,877,885,10,0,875,879,19759,2,0,0,2,6
2020-10-10,US,Washington,Asotin,146,5,0,46.18894415,-117.2022851,53003.0,646.5326366132317,3.4246575342465757,141,146,5,0,141,141,22610,0,0,0,0,5
2020-10-10,US,Washington,Benton,4797,132,0,46.23946995,-119.51208340000001,53005.0,2346.9837076177896,2.7517198248905568,4665,4780,132,0,4648,4766,201877,17,0,0,17,14
2020-10-10,US,Washington,Chelan,1908,16,0,47.87046092,-120.6173956,53007.0,2471.502590673575,0.8385744234800838,1892,1900,16,0,1884,1895,77036,8,0,0,8,5
2020-10-10,US,Washington,Clallam,243,1,0,48.04754642,-123.92263190000001,53009.0,314.2336191178182,0.41152263374485604,242,242,1,0,241,241,76737,1,0,0,1,1
2020-10-10,US,Washington,Clark,3667,69,0,45.77568046,-122.48292040000001,53011.0,751.0635116673938,1.8816471229888192,3598,3637,69,0,3568,3601,481857,30,0,0,30,36
2020-10-10,US,Washington,Columbia,14,1,0,46.29442881,-117.9051983,53013.0,351.3174404015057,7.142857142857142,13,14,1,0,13,14,4059,0,0,0,0,0
2020-10-10,US,Washington,Cowlitz,719,7,0,46.19074721,-122.6782231,53015.0,650.1315634805096,0.9735744089012516,712,716,7,0,709,715,108987,3,0,0,3,1
2020-10-10,US,Washington,Douglas,1202,9,0,47.7361335,-119.69293700000001,53017.0,2767.7358447120587,0.7487520798668885,1193,1200,9,0,1191,1197,42907,2,0,0,2,3
2020-10-10,US,Washington,Ferry,30,0,0,48.471143100000006,-118.5154041,53019.0,393.3394519470304,0.0,30,30,0,0,30,30,7649,0,0,0,0,0
2020-10-10,US,Washington,Franklin,4476,66,0,46.53351425,-118.9018212,53021.0,4700.594400453677,1.4745308310991958,4410,4466,66,0,4400,4453,94347,10,0,0,10,13
2020-10-10,US,Washington,Garfield,13,0,0,46.43197502,-117.54540320000001,53023.0,584.2696629213483,0.0,13,13,0,0,13,13,2247,0,0,0,0,0
2020-10-10,US,Washington,Grant,3115,23,0,47.20753737,-119.4500749,53025.0,3187.255072493426,0.7383627608346709,3092,3104,23,0,3081,3084,97331,11,0,0,11,20
2020-10-10,US,Washington,Grays Harbor,573,11,0,47.14003705,-123.7820567,53027.0,763.3791183171021,1.9197207678883077,562,570,11,0,559,557,73901,3,0,0,3,13
2020-10-10,US,Washington,Island,330,12,0,48.14713305,-122.5216407,53029.0,387.59234681293367,3.636363636363636,318,326,12,0,314,325,84460,4,0,0,4,1
2020-10-10,US,Washington,Jefferson,76,0,0,47.75003077,-123.56097040000002,53031.0,235.8710157971509,0.0,76,75,0,0,75,75,31729,1,0,0,1,0
2020-10-10,US,Washington,King,23805,784,0,47.49137892,-121.8346131,53033.0,1056.6934572453083,3.293425750892669,23021,23712,784,0,22928,23547,2233163,93,0,0,93,165
2020-10-10,US,Washington,Kitsap,1356,16,0,47.63479026,-122.6436061,53035.0,499.49718756561424,1.1799410029498525,1340,1347,16,0,1331,1337,269805,9,0,0,9,10
2020-10-10,US,Washington,Kittitas,593,22,0,47.12521214,-120.67943899999999,53037.0,1237.0918952748516,3.7099494097807764,571,582,22,0,560,574,47364,11,0,0,11,8
2020-10-10,US,Washington,Klickitat,202,3,0,45.87325839,-120.7913598,53039.0,900.7803790412486,1.4851485148514851,199,200,3,0,197,201,22107,2,0,0,2,-1
2020-10-10,US,Washington,Lewis,621,8,0,46.57756476,-122.39257690000001,53041.0,769.4499857509262,1.288244766505636,613,617,8,0,609,606,79604,4,0,0,4,11
2020-10-10,US,Washington,Lincoln,63,1,0,47.57705241,-118.41943880000001,53043.0,575.9210165463022,1.5873015873015872,62,63,1,0,62,64,10740,0,0,0,0,-1
2020-10-10,US,Washington,Mason,464,8,0,47.35007586,-123.1863685,53045.0,694.9436855978912,1.7241379310344829,456,456,8,0,448,452,65507,8,0,0,8,4
2020-10-10,US,Washington,Okanogan,1069,10,0,48.54855019,-119.73872240000001,53047.0,2530.596785266198,0.9354536950420954,1059,1069,10,0,1059,1068,42132,0,0,0,0,1
2020-10-10,US,Washington,Pacific,95,3,0,46.55418369,-123.7285716,53049.0,422.76712206844377,3.1578947368421053,92,92,3,0,89,91,22036,3,0,0,3,1
2020-10-10,US,Washington,Pend Oreille,104,0,0,48.53234021,-117.2741804,53051.0,757.7965607694548,0.0,104,97,0,0,97,92,13602,7,0,0,7,5
2020-10-10,US,Washington,Pierce,8648,210,0,47.03892768,-122.14059579999999,53053.0,955.6012287564366,2.4283071230342275,8438,8602,210,0,8392,8518,891299,46,0,0,46,84
2020-10-10,US,Washington,San Juan,29,0,0,48.60182783,-122.96745,53055.0,164.94141735866228,0.0,29,29,0,0,29,29,17128,0,0,0,0,0
2020-10-10,US,Washington,Skagit,1160,22,0,48.48171488,-121.766131,53057.0,897.7980728299989,1.8965517241379308,1138,1156,22,0,1134,1152,128206,4,0,0,4,4
2020-10-10,US,Washington,Skamania,65,1,0,46.02408726,-121.91644029999999,53059.0,537.9458743689481,1.5384615384615383,64,65,1,0,64,65,11924,0,0,0,0,0
2020-10-10,US,Washington,Snohomish,7434,218,0,48.04615983,-121.7170703,53061.0,904.2882531325912,2.932472423997848,7216,7383,218,0,7165,7320,814901,51,0,0,51,63
2020-10-10,US,Washington,Spokane,7830,178,0,47.62113146,-117.4046494,53063.0,1497.7103967497962,2.2733077905491696,7652,7753,178,0,7575,7658,514631,77,0,0,77,95
2020-10-10,US,Washington,Stevens,213,3,0,48.40035475,-117.8542701,53065.0,465.8486975920215,1.4084507042253518,210,212,3,0,209,207,45260,1,0,0,1,5
2020-10-10,US,Washington,Thurston,1269,20,0,46.9291895,-122.82906559999999,53067.0,436.7789189635708,1.5760441292356189,1249,1259,20,0,1239,1243,286419,10,0,0,10,16
2020-10-10,US,Washington,Unassigned,344,3,0,0.0,0.0,90053.0,0.0,0.8720930232558141,341,330,3,0,327,327,,14,0,0,14,3
2020-10-10,US,Washington,Wahkiakum,7,0,0,46.29180039999999,-123.4250831,53069.0,155.97147950089123,0.0,7,7,0,0,7,7,4426,0,0,0,0,0
2020-10-10,US,Washington,Walla Walla,945,6,0,46.23040051,-118.4775539,53071.0,1555.299539170507,0.6349206349206349,939,945,6,0,939,943,60922,0,0,0,0,2
2020-10-10,US,Washington,Whatcom,1448,48,0,48.82227976,-121.74900179999999,53073.0,631.6331293321177,3.3149171270718236,1400,1444,48,0,1396,1440,225685,4,0,0,4,4
2020-10-10,US,Washington,Whitman,1509,1,0,46.90022523,-117.52417630000001,53075.0,3011.7355899728564,0.06626905235255136,1508,1484,1,0,1483,1455,49791,25,0,0,25,29
2020-10-10,US,Washington,Yakima,11566,263,0,46.45738486,-120.73801259999999,53077.0,4610.300829503374,2.2739062770188485,11303,11552,263,0,11289,11536,251446,14,0,0,14,16
2020-10-10,US,West Virginia,Barbour,133,1,0,39.1307219,-80.00350858,54001.0,808.9532266893741,0.7518796992481203,132,130,1,0,129,118,16535,3,0,0,3,12
2020-10-10,US,West Virginia,Berkeley,1202,16,0,39.46704621,-78.02414609,54003.0,1008.6346510476544,1.3311148086522462,1186,1187,16,0,1171,1161,117123,15,0,0,15,26
2020-10-10,US,West Virginia,Boone,267,2,0,38.01974191,-81.69888019,54005.0,1244.3491634431655,0.7490636704119851,265,267,2,0,265,263,21951,0,0,0,0,4
2020-10-10,US,West Virginia,Braxton,18,0,0,38.70036159,-80.72011184,54007.0,128.96754316830263,0.0,18,16,0,0,16,16,14089,2,0,0,2,0
2020-10-10,US,West Virginia,Brooke,134,1,0,40.27367263,-80.57915332,54009.0,610.7844477870459,0.746268656716418,133,128,1,0,127,125,22203,6,0,0,6,3
2020-10-10,US,West Virginia,Cabell,989,13,0,38.42424062,-82.23855912,54011.0,1075.6430474740334,1.314459049544995,976,978,13,0,965,941,93224,11,0,0,11,37
2020-10-10,US,West Virginia,Calhoun,30,0,0,38.84315422,-81.11934872,54013.0,422.0002813335209,0.0,30,29,0,0,29,29,7254,1,0,0,1,0
2020-10-10,US,West Virginia,Clay,48,2,0,38.46231092,-81.07652217,54015.0,564.1748942172072,4.166666666666667,46,48,2,0,46,44,8632,0,0,0,0,4
2020-10-10,US,West Virginia,Doddridge,49,1,0,39.27057157,-80.70671527,54017.0,580.0189393939394,2.0408163265306123,48,40,1,0,39,39,8406,9,0,0,9,1
2020-10-10,US,West Virginia,Fayette,687,18,0,38.02974928,-81.08286634,54019.0,1620.0537659765128,2.6200873362445414,669,678,17,0,661,670,43018,9,1,0,8,8
2020-10-10,US,West Virginia,Gilmer,51,0,0,38.9251277,-80.85952723,54021.0,651.9238143934552,0.0,51,50,0,0,50,50,8026,1,0,0,1,0
2020-10-10,US,West Virginia,Grant,172,7,0,39.10314817,-79.19440518,54023.0,1486.8603042876905,4.069767441860465,165,169,7,0,162,165,11626,3,0,0,3,4
2020-10-10,US,West Virginia,Greenbrier,142,3,0,37.9463652,-80.45335881,54025.0,409.67053257169226,2.112676056338028,139,142,3,0,139,139,34786,0,0,0,0,3
2020-10-10,US,West Virginia,Hampshire,116,1,0,39.32103553,-78.60826476,54027.0,500.5393743257821,0.8620689655172413,115,115,1,0,114,112,23347,1,0,0,1,3
2020-10-10,US,West Virginia,Hancock,170,0,0,40.51943859,-80.57461608,54029.0,590.0728913571677,0.0,170,165,0,0,165,160,29094,5,0,0,5,5
2020-10-10,US,West Virginia,Hardy,98,1,0,39.00683177,-78.85855301,54031.0,711.3821138211383,1.020408163265306,97,98,1,0,97,96,13775,0,0,0,0,2
2020-10-10,US,West Virginia,Harrison,510,10,0,39.2853852,-80.37919577,54033.0,758.2966575472818,1.96078431372549,500,498,10,0,488,486,67554,12,0,0,12,12
2020-10-10,US,West Virginia,Jackson,313,24,0,38.84263974,-81.68148753,54035.0,1095.3247480403136,7.667731629392972,289,311,24,0,287,306,28706,2,0,0,2,5
2020-10-10,US,West Virginia,Jefferson,472,4,0,39.30776166,-77.86014147,54037.0,825.9545724985126,0.8474576271186439,468,470,4,0,466,467,56811,2,0,0,2,3
2020-10-10,US,West Virginia,Kanawha,3080,94,0,38.33860077,-81.52857054,54039.0,1729.1325144281516,3.051948051948052,2986,3054,91,0,2963,2994,180454,26,3,0,23,60
2020-10-10,US,West Virginia,Lewis,48,2,0,38.9947249,-80.49988181,54041.0,301.75394480417424,4.166666666666667,46,47,2,0,45,43,16024,1,0,0,1,4
2020-10-10,US,West Virginia,Lincoln,198,2,0,38.172154,-82.07017953,54043.0,970.1602234308392,1.0101010101010102,196,195,2,0,193,193,20599,3,0,0,3,2
2020-10-10,US,West Virginia,Logan,688,43,0,37.8299889,-81.93528571,54045.0,2148.7241950092134,6.25,645,688,43,0,645,679,32607,0,0,0,0,9
2020-10-10,US,West Virginia,Marion,319,5,0,39.50984542,-80.24244659,54049.0,568.9113996290482,1.567398119122257,314,318,5,0,313,312,56097,1,0,0,1,6
2020-10-10,US,West Virginia,Marshall,201,1,0,39.86064362,-80.66591062,54051.0,658.3472536110837,0.4975124378109453,200,196,1,0,195,188,30785,5,0,0,5,8
2020-10-10,US,West Virginia,Mason,155,6,0,38.77071799,-82.02524219,54053.0,584.5527228842963,3.870967741935484,149,154,6,0,148,152,26718,1,0,0,1,2
2020-10-10,US,West Virginia,McDowell,99,1,0,37.38002939,-81.65083669,54047.0,561.7339990921471,1.0101010101010102,98,96,1,0,95,96,18223,3,0,0,3,0
2020-10-10,US,West Virginia,Mercer,456,29,0,37.40481169,-81.11023142,54055.0,776.0645358929847,6.359649122807018,427,450,28,0,422,449,59131,6,1,0,5,1
2020-10-10,US,West Virginia,Mineral,182,4,0,39.41561583,-78.94104895,54057.0,677.3857376805122,2.1978021978021984,178,181,4,0,177,180,26940,1,0,0,1,1
2020-10-10,US,West Virginia,Mingo,437,10,0,37.73048351,-82.13338365,54059.0,1865.607923497268,2.2883295194508007,427,427,10,0,417,419,23785,10,0,0,10,8
2020-10-10,US,West Virginia,Monongalia,2142,5,0,39.63218457,-80.04766838,54061.0,2028.178616066356,0.2334267040149393,2137,2135,5,0,2130,2124,106420,7,0,0,7,11
2020-10-10,US,West Virginia,Monroe,167,8,0,37.56274716,-80.54577965,54063.0,1258.0037664783424,4.790419161676646,159,166,8,0,158,157,13280,1,0,0,1,9
2020-10-10,US,West Virginia,Morgan,73,0,0,39.55439028,-78.26311676,54065.0,408.1860881234623,0.0,73,73,0,0,73,68,17787,0,0,0,0,5
2020-10-10,US,West Virginia,Nicholas,140,3,0,38.29617706,-80.79759588,54067.0,571.5218811234487,2.142857142857143,137,136,3,0,133,129,24842,4,0,0,4,7
2020-10-10,US,West Virginia,Ohio,409,7,0,40.0955451,-80.62203992,54069.0,987.6602834995532,1.7114914425427872,402,408,7,0,401,396,41755,1,0,0,1,12
2020-10-10,US,West Virginia,Pendleton,56,1,0,38.68314479,-79.35084086,54071.0,803.5586167312382,1.7857142857142858,55,55,1,0,54,54,6997,1,0,0,1,1
2020-10-10,US,West Virginia,Pleasants,20,3,0,39.37091679,-81.16771771,54073.0,268.0965147453083,15.0,17,20,3,0,17,20,7507,0,0,0,0,0
2020-10-10,US,West Virginia,Pocahontas,61,0,0,38.32758728,-80.00993811,54075.0,739.6629077240209,0.0,61,60,0,0,60,60,8414,1,0,0,1,0
2020-10-10,US,West Virginia,Preston,170,5,0,39.46770987,-79.66712803,54077.0,508.4948552285237,2.9411764705882355,165,168,5,0,163,165,33839,2,0,0,2,3
2020-10-10,US,West Virginia,Putnam,694,10,0,38.50782345,-81.9082131,54079.0,1229.406554472985,1.4409221902017288,684,675,10,0,665,658,56682,19,0,0,19,17
2020-10-10,US,West Virginia,Raleigh,604,8,0,37.76936795,-81.2456041,54081.0,823.3257452870054,1.3245033112582782,596,596,8,0,588,581,74254,8,0,0,8,15
2020-10-10,US,West Virginia,Randolph,312,2,0,38.769899,-79.87919615,54083.0,1087.2974385781495,0.6410256410256411,310,303,2,0,301,284,28823,9,0,0,9,19
2020-10-10,US,West Virginia,Ritchie,18,0,0,39.18094587,-81.06356878,54085.0,188.40276324052758,0.0,18,18,0,0,18,16,9721,0,0,0,0,2
2020-10-10,US,West Virginia,Roane,65,2,0,38.71622686,-81.35243568,54087.0,474.8684979544128,3.0769230769230766,63,65,2,0,63,61,13932,0,0,0,0,4
2020-10-10,US,West Virginia,Summers,62,0,0,37.65390597,-80.86009693,54089.0,493.1201781595482,0.0,62,62,0,0,62,61,12760,0,0,0,0,1
2020-10-10,US,West Virginia,Taylor,151,8,0,39.33602617,-80.0421439,54091.0,904.462413896376,5.298013245033113,143,151,8,0,143,151,16862,0,0,0,0,0
2020-10-10,US,West Virginia,Tucker,46,0,0,39.11240885,-79.57053576,54093.0,672.6129551103962,0.0,46,44,0,0,44,43,6955,2,0,0,2,1
2020-10-10,US,West Virginia,Tyler,20,1,0,39.46811972,-80.88772676,54095.0,232.80176929344663,5.0,19,20,1,0,19,18,8746,0,0,0,0,2
2020-10-10,US,West Virginia,Upshur,175,1,0,38.89285061,-80.23689136,54097.0,723.8583719391133,0.5714285714285714,174,168,1,0,167,150,24415,7,0,0,7,18
2020-10-10,US,West Virginia,Wayne,437,11,0,38.14901357,-82.42287994,54099.0,1109.0807573219631,2.517162471395881,426,428,11,0,417,426,39944,9,0,0,9,2
2020-10-10,US,West Virginia,Webster,9,0,0,38.49370949,-80.4202023,54101.0,110.9193985703722,0.0,9,9,0,0,9,9,8285,0,0,0,0,0
2020-10-10,US,West Virginia,Wetzel,68,0,0,39.6065771,-80.64016540000001,54103.0,451.3773647527381,0.0,68,67,0,0,67,67,15270,1,0,0,1,0
2020-10-10,US,West Virginia,Wirt,20,0,0,39.02775007,-81.37473928,54105.0,343.58357670503347,0.0,20,19,0,0,19,15,5830,1,0,0,1,4
2020-10-10,US,West Virginia,Wood,408,6,0,39.20967886,-81.5162836,54107.0,488.517445341124,1.4705882352941178,402,401,6,0,395,396,84203,7,0,0,7,5
2020-10-10,US,West Virginia,Wyoming,136,5,0,37.612327,-81.54511071,54109.0,666.8628027851329,3.6764705882352944,131,135,5,0,130,132,20786,1,0,0,1,3
2020-10-10,US,Wisconsin,Adams,297,4,0,43.96974651,-89.76782777,55001.0,1468.8427299703264,1.3468013468013469,293,290,4,0,286,287,20348,7,0,0,7,3
2020-10-10,US,Wisconsin,Ashland,188,2,0,46.31956891,-90.67837132,55003.0,1208.0709420382984,1.0638297872340423,186,180,2,0,178,173,15600,8,0,0,8,7
2020-10-10,US,Wisconsin,Barron,598,6,0,45.42372701,-91.84833627,55005.0,1321.7222173105827,1.0033444816053512,592,575,6,0,569,553,45164,23,0,0,23,22
2020-10-10,US,Wisconsin,Bayfield,147,1,0,46.52868768,-91.19716729,55007.0,977.6536312849162,0.6802721088435374,146,136,1,0,135,131,15042,11,0,0,11,5
2020-10-10,US,Wisconsin,Brown,11709,75,0,44.452655299999996,-88.00411844,55009.0,4426.140272622117,0.6405329233922623,11634,11386,74,0,11312,11173,263378,323,1,0,322,213
2020-10-10,US,Wisconsin,Buffalo,174,2,0,44.37835084,-91.75332578,55011.0,1335.2774153940604,1.1494252873563218,172,169,2,0,167,165,13125,5,0,0,5,4
2020-10-10,US,Wisconsin,Burnett,242,4,0,45.86303537,-92.36711412,55013.0,1570.0012975217335,1.6528925619834711,238,239,4,0,235,238,15392,3,0,0,3,1
2020-10-10,US,Wisconsin,Calumet,1813,7,0,44.0816316,-88.21780273,55015.0,3619.5571882049953,0.3861003861003861,1806,1771,6,0,1765,1726,50159,42,1,0,41,45
2020-10-10,US,Wisconsin,Chippewa,787,0,0,45.06939744,-91.28068855,55017.0,1217.1734356150826,0.0,787,763,0,0,763,730,64135,24,0,0,24,33
2020-10-10,US,Wisconsin,Clark,532,9,0,44.73483377,-90.61207486,55019.0,1529.8786449646286,1.6917293233082706,523,524,9,0,515,510,34709,8,0,0,8,14
2020-10-10,US,Wisconsin,Columbia,1056,3,0,43.46492199,-89.33589004,55021.0,1835.5002433428353,0.2840909090909091,1053,1019,3,0,1016,986,57358,37,0,0,37,33
2020-10-10,US,Wisconsin,Crawford,237,0,0,43.23870316,-90.93073686,55023.0,1469.2207550678818,0.0,237,227,0,0,227,220,16291,10,0,0,10,7
2020-10-10,US,Wisconsin,Dane,11240,43,0,43.06601594,-89.41733797,55025.0,2055.9910004664393,0.3825622775800712,11197,11035,43,0,10992,10841,542364,205,0,0,205,194
2020-10-10,US,Wisconsin,Dodge,2479,19,0,43.41576662,-88.70928178,55027.0,2822.2088138526174,0.7664380798709157,2460,2428,19,0,2409,2369,87847,51,0,0,51,59
2020-10-10,US,Wisconsin,Door,496,4,0,44.95856458,-87.30002707,55029.0,1792.684689894463,0.8064516129032258,492,491,4,0,487,462,27610,5,0,0,5,29
2020-10-10,US,Wisconsin,Douglas,617,0,0,46.43222285,-91.91595768,55031.0,1429.8957126303592,0.0,617,604,0,0,604,587,43208,13,0,0,13,17
2020-10-10,US,Wisconsin,Dunn,767,1,0,44.94562799,-91.8962481,55033.0,1690.6189384588254,0.1303780964797914,766,745,1,0,744,725,45131,22,0,0,22,20
2020-10-10,US,Wisconsin,Eau Claire,2341,8,0,44.726614,-91.28609183,55035.0,2237.065917474151,0.34173430158052115,2333,2308,8,0,2300,2264,104534,33,0,0,33,44
2020-10-10,US,Wisconsin,Florence,129,2,0,45.84963535,-88.39804137,55037.0,3003.4924330617,1.5503875968992251,127,122,2,0,120,121,4321,7,0,0,7,1
2020-10-10,US,Wisconsin,Fond du Lac,2798,15,0,43.75354908,-88.48885325,55039.0,2705.917623279789,0.536097212294496,2783,2747,15,0,2732,2694,103066,51,0,0,51,53
2020-10-10,US,Wisconsin,Forest,360,7,0,45.66678019,-88.77084892,55041.0,3998.2230119946694,1.9444444444444444,353,358,7,0,351,354,8991,2,0,0,2,4
2020-10-10,US,Wisconsin,Grant,1386,19,0,42.8671731,-90.7063218,55043.0,2694.453624681662,1.3708513708513708,1367,1323,19,0,1304,1300,51554,63,0,0,63,23
2020-10-10,US,Wisconsin,Green,666,3,0,42.6794956,-89.60243287,55045.0,1801.9480519480521,0.4504504504504505,663,656,3,0,653,647,36929,10,0,0,10,9
2020-10-10,US,Wisconsin,Green Lake,435,1,0,43.80025981,-89.04679553,55047.0,2300.0052873684767,0.2298850574712644,434,419,1,0,418,403,18918,16,0,0,16,16
2020-10-10,US,Wisconsin,Iowa,276,0,0,43.00050278,-90.13469017,55049.0,1165.6389897795425,0.0,276,264,0,0,264,251,23771,12,0,0,12,13
2020-10-10,US,Wisconsin,Iron,150,1,0,46.26302338,-90.24295041,55051.0,2637.594513803411,0.6666666666666666,149,149,1,0,148,150,5676,1,0,0,1,-1
2020-10-10,US,Wisconsin,Jackson,204,1,0,44.31864893,-90.80566792,55053.0,988.2284551664003,0.4901960784313725,203,202,1,0,201,194,20478,2,0,0,2,8
2020-10-10,US,Wisconsin,Jefferson,1854,8,0,43.02054068,-88.77529134,55055.0,2187.1202916160387,0.43149946062567424,1846,1803,8,0,1795,1752,85129,51,0,0,51,51
2020-10-10,US,Wisconsin,Juneau,516,2,0,43.92456975,-90.11120239,55057.0,1933.5256866639188,0.3875968992248062,514,500,2,0,498,482,26617,16,0,0,16,18
2020-10-10,US,Wisconsin,Kenosha,3944,68,0,42.57639354,-88.04051686,55059.0,2326.006569906995,1.7241379310344829,3876,3916,68,0,3848,3875,169290,28,0,0,28,41
2020-10-10,US,Wisconsin,Kewaunee,790,3,0,44.51727459,-87.61468386,55061.0,3866.105510423804,0.37974683544303794,787,782,2,0,780,762,20383,8,1,0,7,20
2020-10-10,US,Wisconsin,La Crosse,3516,10,0,43.90632465,-91.11451093,55063.0,2979.2570498915397,0.2844141069397042,3506,3486,8,0,3478,3441,118230,30,2,0,28,45
2020-10-10,US,Wisconsin,Lafayette,395,0,0,42.66005229,-90.1317729,55065.0,2370.23702370237,0.0,395,387,0,0,387,374,16665,8,0,0,8,13
2020-10-10,US,Wisconsin,Langlade,420,2,0,45.26271619,-89.07483625,55067.0,2188.753973630726,0.4761904761904762,418,401,2,0,399,359,19268,19,0,0,19,42
2020-10-10,US,Wisconsin,Lincoln,402,3,0,45.33737523,-89.73411273,55069.0,1456.891240532019,0.746268656716418,399,386,3,0,383,375,27689,16,0,0,16,11
2020-10-10,US,Wisconsin,Manitowoc,1678,5,0,44.11946801,-87.80928853,55071.0,2124.561603423608,0.2979737783075089,1673,1618,5,0,1613,1556,79074,60,0,0,60,62
2020-10-10,US,Wisconsin,Marathon,2435,30,0,44.89792533,-89.75863384,55073.0,1794.5052029596438,1.2320328542094456,2405,2332,27,0,2305,2183,135428,103,3,0,100,149
2020-10-10,US,Wisconsin,Marinette,1247,9,0,45.38553432,-88.03324599999998,55075.0,3090.4584882280046,0.7217321571772254,1238,1203,9,0,1194,1191,40434,44,0,0,44,12
2020-10-10,US,Wisconsin,Marquette,389,2,0,43.81911946,-89.40073763,55077.0,2497.752664697573,0.5141388174807198,387,383,1,0,382,366,15434,6,1,0,5,17
2020-10-10,US,Wisconsin,Menominee,158,0,0,45.00422544,-88.70950714,55078.0,3467.9543459174715,0.0,158,144,0,0,144,139,4658,14,0,0,14,5
2020-10-10,US,Wisconsin,Milwaukee,31943,549,0,43.00486062,-87.96733172,55079.0,3377.6167727227557,1.718686410168112,31394,31647,548,0,31099,31276,948201,296,1,0,295,371
2020-10-10,US,Wisconsin,Monroe,758,3,0,43.94641218,-90.61881899999999,55081.0,1638.812617559942,0.39577836411609496,755,733,3,0,730,712,46051,25,0,0,25,21
2020-10-10,US,Wisconsin,Oconto,1466,4,0,45.02715345,-88.26807503,55083.0,3865.014500395465,0.2728512960436562,1462,1435,4,0,1431,1373,37830,31,0,0,31,62
2020-10-10,US,Wisconsin,Oneida,722,5,0,45.70677897,-89.51944105,55085.0,2028.374771737604,0.6925207756232687,717,694,4,0,690,671,35470,28,1,0,27,23
2020-10-10,US,Wisconsin,Outagamie,6371,37,0,44.41578887,-88.46565023,55087.0,3390.904010431913,0.5807565531313765,6334,6215,36,0,6179,6080,187365,156,1,0,155,135
2020-10-10,US,Wisconsin,Ozaukee,1600,21,0,43.38352225,-87.94625009,55089.0,1793.2997836832135,1.3125,1579,1580,21,0,1559,1555,89147,20,0,0,20,25
2020-10-10,US,Wisconsin,Pepin,78,0,0,44.58307413,-91.99949611,55091.0,1070.399341292713,0.0,78,75,0,0,75,73,7289,3,0,0,3,2
2020-10-10,US,Wisconsin,Pierce,523,7,0,44.71850291,-92.4224416,55093.0,1223.277354165692,1.338432122370937,516,511,7,0,504,498,42555,12,0,0,12,13
2020-10-10,US,Wisconsin,Polk,319,2,0,45.46130348,-92.44182875,55095.0,728.5932896329625,0.6269592476489029,317,311,2,0,309,303,43598,8,0,0,8,8
2020-10-10,US,Wisconsin,Portage,1823,14,0,44.47558711,-89.50152965,55097.0,2575.877465664387,0.7679648930334614,1809,1797,13,0,1784,1765,70942,26,1,0,25,32
2020-10-10,US,Wisconsin,Price,225,0,0,45.68051754,-90.36098879999999,55099.0,1685.2670211969141,0.0,225,219,0,0,219,207,13397,6,0,0,6,12
2020-10-10,US,Wisconsin,Racine,5508,99,0,42.74753117,-88.05941254,55101.0,2805.7520974372296,1.7973856209150327,5409,5486,99,0,5387,5434,196584,22,0,0,22,52
2020-10-10,US,Wisconsin,Richland,287,4,0,43.3762778,-90.43012729,55103.0,1663.5752376536057,1.3937282229965158,283,276,4,0,272,261,17377,11,0,0,11,15
2020-10-10,US,Wisconsin,Rock,3211,36,0,42.67151616,-89.07147900000002,55105.0,1965.6696499626576,1.1211460604173156,3175,3109,34,0,3075,3005,163129,102,2,0,100,104
2020-10-10,US,Wisconsin,Rusk,91,1,0,45.47498854,-91.1333012,55107.0,641.8394696007899,1.0989010989010992,90,86,1,0,85,86,14147,5,0,0,5,0
2020-10-10,US,Wisconsin,Sauk,1188,6,0,43.42574087,-89.94966132,55111.0,1843.5182024145745,0.5050505050505051,1182,1151,5,0,1146,1139,64249,37,1,0,36,12
2020-10-10,US,Wisconsin,Sawyer,279,1,0,45.87931905,-91.14504927,55113.0,1684.9861094335065,0.35842293906810035,278,273,1,0,272,268,16489,6,0,0,6,5
2020-10-10,US,Wisconsin,Shawano,1512,7,0,44.78902246,-88.76443896,55115.0,3696.911904936551,0.462962962962963,1505,1475,7,0,1468,1415,40796,37,0,0,37,60
2020-10-10,US,Wisconsin,Sheboygan,2496,20,0,43.72099677,-87.94579284,55117.0,2164.0367608808733,0.8012820512820513,2476,2465,20,0,2445,2374,115456,31,0,0,31,91
2020-10-10,US,Wisconsin,St. Croix,1173,9,0,45.03437474,-92.45000068,55109.0,1293.4599225908894,0.7672634271099744,1164,1155,9,0,1146,1126,89694,18,0,0,18,29
2020-10-10,US,Wisconsin,Taylor,276,4,0,45.21179252,-90.5004405,55119.0,1356.7320454210294,1.4492753623188406,272,273,4,0,269,259,20412,3,0,0,3,14
2020-10-10,US,Wisconsin,Trempealeau,787,2,0,44.30360275,-91.35893614,55121.0,2654.389692738372,0.25412960609911056,785,774,2,0,772,764,29442,13,0,0,13,10
2020-10-10,US,Wisconsin,Vernon,355,1,0,43.59422667,-90.8324691,55123.0,1151.7747063785607,0.28169014084507044,354,332,1,0,331,322,30785,23,0,0,23,10
2020-10-10,US,Wisconsin,Vilas,336,1,0,46.05467334,-89.51719204,55125.0,1513.8544717278671,0.2976190476190476,335,328,1,0,327,319,21938,8,0,0,8,9
2020-10-10,US,Wisconsin,Walworth,2885,36,0,42.66858202,-88.54163073,55127.0,2777.56383101629,1.2478336221837087,2849,2850,36,0,2814,2825,103718,35,0,0,35,25
2020-10-10,US,Wisconsin,Washburn,148,2,0,45.89838588,-91.79050449,55129.0,941.4758269720102,1.351351351351351,146,144,2,0,142,144,15878,4,0,0,4,0
2020-10-10,US,Wisconsin,Washington,3198,37,0,43.36863664,-88.22974712,55131.0,2350.8828675184145,1.1569731081926204,3161,3155,37,0,3118,3098,135693,43,0,0,43,57
2020-10-10,US,Wisconsin,Waukesha,8887,97,0,43.01833055,-88.30431188,55133.0,2198.6749068525824,1.0914819399122313,8790,8775,97,0,8678,8597,403072,112,0,0,112,178
2020-10-10,US,Wisconsin,Waupaca,1560,23,0,44.47068056,-88.96534501,55135.0,3059.423416356148,1.4743589743589745,1537,1518,22,0,1496,1495,51128,42,1,0,41,23
2020-10-10,US,Wisconsin,Waushara,576,3,0,44.11324419,-89.24317107,55137.0,2356.5028842613433,0.5208333333333334,573,561,3,0,558,524,24263,15,0,0,15,37
2020-10-10,US,Wisconsin,Winnebago,6023,41,0,44.06886922,-88.64477096,55139.0,3503.6385952869873,0.6807238917482982,5982,5886,40,0,5846,5740,171020,137,1,0,136,146
2020-10-10,US,Wisconsin,Wood,1088,7,0,44.45537896,-90.04158336,55141.0,1490.4313757722712,0.6433823529411765,1081,1058,7,0,1051,1013,73055,30,0,0,30,45
2020-10-10,US,Wyoming,Albany,826,0,0,41.65498705,-105.72354150000001,56001.0,2124.485596707819,0.0,826,811,0,0,811,771,38601,15,0,0,15,40
2020-10-10,US,Wyoming,Big Horn,105,2,0,44.52405055,-107.9960365,56003.0,890.5852417302797,1.9047619047619049,103,96,2,0,94,90,11881,9,0,0,9,6
2020-10-10,US,Wyoming,Campbell,453,2,0,44.24886082,-105.54744040000001,56005.0,977.5360911503852,0.44150110375275936,451,445,2,0,443,427,46140,8,0,0,8,18
2020-10-10,US,Wyoming,Carbon,255,2,0,41.69357844,-106.9326084,56007.0,1722.972972972973,0.7843137254901961,253,255,2,0,253,251,14971,0,0,0,0,4
2020-10-10,US,Wyoming,Converse,188,0,0,42.97272268,-105.5081848,56009.0,1360.150484734481,0.0,188,185,0,0,185,180,13640,3,0,0,3,5
2020-10-10,US,Wyoming,Crook,63,0,0,44.58855102,-104.56977049999999,56011.0,830.6962025316458,0.0,63,61,0,0,61,55,7450,2,0,0,2,6
2020-10-10,US,Wyoming,Fremont,898,14,0,43.04183996,-108.6296893,56013.0,2287.2570744504724,1.55902004454343,884,881,14,0,867,866,39531,17,0,0,17,15
2020-10-10,US,Wyoming,Goshen,127,2,0,42.08798185,-104.3534743,56015.0,961.3201120278557,1.5748031496062993,125,123,2,0,121,121,13376,4,0,0,4,2
2020-10-10,US,Wyoming,Hot Springs,41,0,0,43.71930657,-108.44231740000001,56017.0,929.0731928393384,0.0,41,41,0,0,41,41,4555,0,0,0,0,0
2020-10-10,US,Wyoming,Johnson,47,1,0,44.04057166,-106.58451740000001,56019.0,556.542332741267,2.127659574468085,46,47,1,0,46,46,8460,0,0,0,0,1
2020-10-10,US,Wyoming,Laramie,918,4,0,41.30702520000001,-104.6887497,56021.0,922.6130653266333,0.4357298474945534,914,883,4,0,879,863,98976,35,0,0,35,20
2020-10-10,US,Wyoming,Lincoln,262,1,0,42.26376367,-110.6563997,56023.0,1321.2304589006555,0.3816793893129771,261,260,1,0,259,254,19434,2,0,0,2,6
2020-10-10,US,Wyoming,Natrona,754,6,0,42.96180148,-106.79788500000001,56025.0,944.1759122442336,0.7957559681697612,748,748,6,0,742,709,79115,6,0,0,6,39
2020-10-10,US,Wyoming,Niobrara,4,0,0,43.05607708,-104.47588959999999,56027.0,169.77928692699493,0.0,4,4,0,0,4,4,2388,0,0,0,0,0
2020-10-10,US,Wyoming,Park,310,2,0,44.52157546,-109.58528249999999,56029.0,1061.8620264437898,0.6451612903225806,308,304,2,0,302,288,29324,6,0,0,6,16
2020-10-10,US,Wyoming,Platte,58,1,0,42.13299116,-104.96633100000001,56031.0,691.0520671988562,1.7241379310344829,57,58,1,0,57,54,8566,0,0,0,0,4
2020-10-10,US,Wyoming,Sheridan,400,4,0,44.79048913,-106.8862389,56033.0,1312.1207151057895,1.0,396,389,4,0,385,369,30233,11,0,0,11,20
2020-10-10,US,Wyoming,Sublette,131,1,0,42.76558279,-109.91309220000001,56035.0,1332.519580917506,0.7633587786259542,130,130,1,0,129,129,9813,1,0,0,1,1
2020-10-10,US,Wyoming,Sweetwater,396,2,0,41.65943896,-108.8827882,56037.0,935.2195168032497,0.5050505050505051,394,393,2,0,391,382,43051,3,0,0,3,11
2020-10-10,US,Wyoming,Teton,658,1,0,43.93522482,-110.5890801,56039.0,2804.2959427207647,0.1519756838905775,657,656,1,0,655,645,23081,2,0,0,2,11
2020-10-10,US,Wyoming,Uinta,379,2,0,41.2878183,-110.54757820000002,56041.0,1873.82576881242,0.5277044854881267,377,378,2,0,376,373,20299,1,0,0,1,5
2020-10-10,US,Wyoming,Unassigned,0,1,0,0.0,0.0,90056.0,0.0,0.0,-1,10,1,0,9,0,,-10,0,0,-10,10
2020-10-10,US,Wyoming,Washakie,124,6,0,43.90451606,-107.68018700000002,56043.0,1588.7251761691227,4.838709677419356,118,123,6,0,117,123,7885,1,0,0,1,0
2020-10-10,US,Wyoming,Weston,58,0,0,43.83961191,-104.56748809999999,56045.0,837.3033059044319,0.0,58,54,0,0,54,51,6967,4,0,0,4,3
