Date,Country/Region,Province/State,Admin2,Confirmed,Deaths,Recovered,Latitude,Longitude,FIPS,Incidence_Rate,Case-Fatality_Ratio,Active Cases,Previous Confirmed,Previous Deaths,Previous Recovered,Previous Active,Prev2 Confirmed,Population,Daily Confirmed,Daily Deaths,Daily Recovered,Daily Active,Previous Daily Confirmed
2020-10-19,US,Alabama,Autauga,1999,28,0,32.53952745,-86.64408227,1001.0,3578.012851491883,1.4007003501750876,1971,1989,28,0,1961,1983,55601,10,0,0,10,6
2020-10-19,US,Alabama,Baldwin,6375,67,0,30.72774991,-87.72207058,1003.0,2855.7477803560387,1.0509803921568628,6308,6369,67,0,6302,6350,218022,6,0,0,6,19
2020-10-19,US,Alabama,Barbour,981,9,0,31.868263,-85.3871286,1005.0,3973.912338977558,0.9174311926605504,972,981,9,0,972,977,24881,0,0,0,0,4
2020-10-19,US,Alabama,Bibb,789,13,0,32.99642064,-87.12511459999996,1007.0,3523.265160310797,1.6476552598225602,776,785,13,0,772,775,22400,4,0,0,4,10
2020-10-19,US,Alabama,Blount,1838,23,0,33.98210918,-86.56790593,1009.0,3178.5010203022857,1.2513601741022848,1815,1827,23,0,1804,1807,57840,11,0,0,11,20
2020-10-19,US,Alabama,Bullock,635,17,0,32.10030533,-85.71265535,1011.0,6286.5062865062855,2.677165354330709,618,634,17,0,617,634,10138,1,0,0,1,0
2020-10-19,US,Alabama,Butler,998,40,0,31.75300095,-86.68057478,1013.0,5131.633072809545,4.008016032064128,958,996,40,0,956,990,19680,2,0,0,2,6
2020-10-19,US,Alabama,Calhoun,4102,59,0,33.77483727,-85.82630386,1015.0,3610.756568812993,1.4383227693807898,4043,4084,59,0,4025,4066,114277,18,0,0,18,18
2020-10-19,US,Alabama,Chambers,1273,43,0,32.91360079,-85.39072749,1017.0,3828.110903951405,3.3778476040848386,1230,1266,43,0,1223,1266,33615,7,0,0,7,0
2020-10-19,US,Alabama,Cherokee,715,14,0,34.17805983,-85.60638968,1019.0,2729.424339593831,1.958041958041958,701,714,14,0,700,713,26032,1,0,0,1,1
2020-10-19,US,Alabama,Chilton,1805,31,0,32.85044126,-86.7173256,1021.0,4062.753218690916,1.7174515235457064,1774,1787,31,0,1756,1779,44153,18,0,0,18,8
2020-10-19,US,Alabama,Choctaw,386,12,0,32.02227341,-88.26564429999998,1023.0,3066.1688775915477,3.1088082901554404,374,386,12,0,374,386,12841,0,0,0,0,0
2020-10-19,US,Alabama,Clarke,1267,16,0,31.68099859,-87.83548597,1025.0,5363.644060621455,1.2628255722178374,1251,1261,16,0,1245,1259,23920,6,0,0,6,2
2020-10-19,US,Alabama,Clay,707,12,0,33.26984193,-85.85836077,1027.0,5341.896486588591,1.6973125884016973,695,703,12,0,691,697,13275,4,0,0,4,6
2020-10-19,US,Alabama,Cleburne,524,7,0,33.67679204,-85.52005899,1029.0,3514.419852448021,1.3358778625954195,517,520,7,0,513,515,14987,4,0,0,4,5
2020-10-19,US,Alabama,Coffee,1640,9,0,31.39932826,-85.98901039,1031.0,3133.239081426005,0.5487804878048781,1631,1629,9,0,1620,1615,51909,11,0,0,11,14
2020-10-19,US,Alabama,Colbert,1906,27,0,34.69847452,-87.80168544,1033.0,3450.335801307,1.416579223504722,1879,1889,27,0,1862,1883,54762,17,0,0,17,6
2020-10-19,US,Alabama,Conecuh,554,13,0,31.43401703,-86.99320044,1035.0,4591.0333968674895,2.3465703971119134,541,554,13,0,541,554,12277,0,0,0,0,0
2020-10-19,US,Alabama,Coosa,196,3,0,32.93690146,-86.24847739,1037.0,1838.131857826128,1.5306122448979589,193,196,3,0,193,196,10715,0,0,0,0,0
2020-10-19,US,Alabama,Covington,1647,29,0,31.247785399999998,-86.45050893,1039.0,4445.4641150908255,1.7607771706132362,1618,1644,29,0,1615,1640,36986,3,0,0,3,4
2020-10-19,US,Alabama,Crenshaw,590,30,0,31.72941803,-86.31593104,1041.0,4284.054603543423,5.084745762711863,560,588,30,0,558,583,13824,2,0,0,2,5
2020-10-19,US,Alabama,Cullman,2258,23,0,34.13020303,-86.86888037,1043.0,2695.540063031229,1.0186005314437556,2235,2239,23,0,2216,2212,83442,19,0,0,19,27
2020-10-19,US,Alabama,Dale,1625,51,0,31.43037123,-85.61095742,1045.0,3304.726266981209,3.1384615384615384,1574,1615,51,0,1564,1604,48956,10,0,0,10,11
2020-10-19,US,Alabama,Dallas,1852,27,0,32.32688101,-87.10866709999998,1047.0,4979.030003226153,1.4578833693304536,1825,1845,27,0,1818,1845,38310,7,0,0,7,0
2020-10-19,US,Alabama,DeKalb,3167,27,0,34.45946862,-85.80782906,1049.0,4428.565435655056,0.8525418377012945,3140,3133,26,0,3107,3095,71385,34,1,0,33,38
2020-10-19,US,Alabama,Elmore,3095,52,0,32.59785413,-86.14415284,1051.0,3811.153936140083,1.680129240710824,3043,3081,52,0,3029,3074,81887,14,0,0,14,7
2020-10-19,US,Alabama,Escambia,1709,28,0,31.1256789,-87.15918694,1053.0,4665.192585919799,1.6383850204798127,1681,1703,28,0,1675,1702,36748,6,0,0,6,1
2020-10-19,US,Alabama,Etowah,4020,49,0,34.04567266,-86.04051873,1055.0,3930.8483592130483,1.2189054726368158,3971,3991,49,0,3942,3951,102501,29,0,0,29,40
2020-10-19,US,Alabama,Fayette,547,12,0,33.72076938,-87.73886638,1057.0,3355.41651331125,2.1937842778793417,535,540,12,0,528,536,16433,7,0,0,7,4
2020-10-19,US,Alabama,Franklin,1991,31,0,34.44235334,-87.84289505,1059.0,6348.447165359352,1.55700652938222,1960,1981,31,0,1950,1974,31363,10,0,0,10,7
2020-10-19,US,Alabama,Geneva,833,7,0,31.09389027,-85.83572839,1061.0,3170.796695976552,0.8403361344537815,826,829,7,0,822,823,26314,4,0,0,4,6
2020-10-19,US,Alabama,Greene,333,16,0,32.85504247,-87.95684022,1063.0,4105.535692269757,4.804804804804805,317,333,16,0,317,329,8233,0,0,0,0,4
2020-10-19,US,Alabama,Hale,745,29,0,32.76039258,-87.63284988,1065.0,5084.977134666576,3.8926174496644297,716,737,29,0,708,734,14726,8,0,0,8,3
2020-10-19,US,Alabama,Henry,631,6,0,31.51148016,-85.24267944,1067.0,3667.538506248184,0.9508716323296356,625,628,6,0,622,621,17209,3,0,0,3,7
2020-10-19,US,Alabama,Houston,3631,32,0,31.15197924,-85.29939599,1069.0,3429.289208741807,0.8812999173781327,3599,3623,32,0,3591,3599,104722,8,0,0,8,24
2020-10-19,US,Alabama,Jackson,1991,14,0,34.78144169,-85.99750489,1071.0,3856.583891837446,0.7031642390758412,1977,1979,14,0,1965,1964,51736,12,0,0,12,15
2020-10-19,US,Alabama,Jefferson,22400,372,0,33.55554728,-86.89506300000002,1073.0,3401.2934025537043,1.6607142857142858,22028,22300,372,0,21928,22194,659300,100,0,0,100,106
2020-10-19,US,Alabama,Lamar,457,5,0,33.77995024,-88.09668032,1075.0,3310.39478449837,1.0940919037199124,452,455,5,0,450,446,13844,2,0,0,2,9
2020-10-19,US,Alabama,Lauderdale,2063,40,0,34.90171875,-87.65624729,1077.0,2224.7624799145897,1.9389238972370333,2023,2043,40,0,2003,2029,92387,20,0,0,20,14
2020-10-19,US,Alabama,Lawrence,792,30,0,34.52041498,-87.31069453,1079.0,2405.5400315878987,3.787878787878788,762,788,30,0,758,782,32957,4,0,0,4,6
2020-10-19,US,Alabama,Lee,6439,66,0,32.60154883,-85.35132246,1081.0,3913.286577287258,1.0250038825904644,6373,6430,66,0,6364,6421,163941,9,0,0,9,9
2020-10-19,US,Alabama,Limestone,2692,27,0,34.81185586,-86.98310072,1083.0,2721.528585148865,1.0029717682020802,2665,2683,27,0,2656,2658,96174,9,0,0,9,25
2020-10-19,US,Alabama,Lowndes,699,27,0,32.1597283,-86.65158371,1085.0,7186.921653300432,3.862660944206009,672,698,27,0,671,696,9974,1,0,0,1,2
2020-10-19,US,Alabama,Macon,529,19,0,32.38759944,-85.69267724,1087.0,2927.828204560549,3.5916824196597354,510,528,19,0,509,527,18439,1,0,0,1,1
2020-10-19,US,Alabama,Madison,8999,92,0,34.76327133,-86.55069633,1089.0,2413.189276740438,1.0223358150905657,8907,8951,92,0,8859,8893,366519,48,0,0,48,58
2020-10-19,US,Alabama,Marengo,967,21,0,32.24767634,-87.78796182,1091.0,5126.438000318083,2.1716649431230612,946,964,21,0,943,956,19066,3,0,0,3,8
2020-10-19,US,Alabama,Marion,1042,29,0,34.13697363,-87.88704173,1093.0,3507.354673667913,2.783109404990403,1013,1039,29,0,1010,1037,29763,3,0,0,3,2
2020-10-19,US,Alabama,Marshall,4267,48,0,34.36975964,-86.30486727,1095.0,4409.242151817637,1.1249121162409186,4219,4253,48,0,4205,4240,96109,14,0,0,14,13
2020-10-19,US,Alabama,Mobile,14282,314,0,30.78472347,-88.20842409,1097.0,3456.353912054404,2.1985716286234416,13968,14273,314,0,13959,14217,413757,9,0,0,9,56
2020-10-19,US,Alabama,Monroe,627,9,0,31.56729412,-87.36995001,1099.0,3024.1643756330486,1.4354066985645932,618,625,9,0,616,624,21067,2,0,0,2,1
2020-10-19,US,Alabama,Montgomery,9691,196,0,32.2206831,-86.20969272,1101.0,4278.851672951088,2.0224950985450416,9495,9615,196,0,9419,9584,225763,76,0,0,76,31
2020-10-19,US,Alabama,Morgan,3945,32,0,34.45500589,-86.85475946,1103.0,3296.317649712982,0.8111533586818758,3913,3932,32,0,3900,3885,119089,13,0,0,13,47
2020-10-19,US,Alabama,Perry,579,6,0,32.64048341,-87.29770589,1105.0,6488.849041802085,1.0362694300518134,573,579,6,0,573,577,9140,0,0,0,0,2
2020-10-19,US,Alabama,Pickens,803,17,0,33.28094866,-88.08818103,1107.0,4029.1018564977417,2.1170610211706102,786,793,17,0,776,778,19938,10,0,0,10,15
2020-10-19,US,Alabama,Pike,1302,12,0,31.80396383,-85.9408295,1109.0,3931.87171589056,0.9216589861751152,1290,1301,12,0,1289,1299,33338,1,0,0,1,2
2020-10-19,US,Alabama,Randolph,795,14,0,33.29526734,-85.45708831,1111.0,3498.8117243200427,1.7610062893081762,781,793,14,0,779,781,22725,2,0,0,2,12
2020-10-19,US,Alabama,Russell,1902,3,0,32.28725256,-85.18415324,1113.0,3281.5168820413733,0.15772870662460567,1899,1899,3,0,1896,1898,57781,3,0,0,3,1
2020-10-19,US,Alabama,Shelby,7035,60,0,33.26879845,-86.66232561,1117.0,3231.481566545093,0.8528784648187633,6975,7002,60,0,6942,6955,215707,33,0,0,33,47
2020-10-19,US,Alabama,St. Clair,2797,42,0,33.71902176,-86.31029372,1115.0,3124.7207078380548,1.5016088666428316,2755,2767,42,0,2725,2735,88690,30,0,0,30,32
2020-10-19,US,Alabama,Sumter,464,21,0,32.59117397,-88.19916205,1119.0,3733.805423674258,4.525862068965517,443,464,21,0,443,464,12691,0,0,0,0,0
2020-10-19,US,Alabama,Talladega,2550,34,0,33.37823223,-86.16886178,1121.0,3188.3768036209967,1.3333333333333333,2516,2536,34,0,2502,2529,79828,14,0,0,14,7
2020-10-19,US,Alabama,Tallapoosa,1272,86,0,32.86698258,-85.79833053,1123.0,3151.0887606213,6.761006289308176,1186,1269,86,0,1183,1267,40497,3,0,0,3,2
2020-10-19,US,Alabama,Tuscaloosa,9983,132,0,33.28726072,-87.52556818,1125.0,4768.455494256168,1.3222478212962034,9851,9886,132,0,9754,9782,208911,97,0,0,97,104
2020-10-19,US,Alabama,Walker,2680,92,0,33.80270512,-87.30027177,1127.0,4219.077155586341,3.4328358208955225,2588,2641,92,0,2549,2627,63711,39,0,0,39,14
2020-10-19,US,Alabama,Washington,621,12,0,31.4092794,-88.20689944,1129.0,3803.748621830209,1.932367149758454,609,620,12,0,608,614,16378,1,0,0,1,6
2020-10-19,US,Alabama,Wilcox,557,12,0,31.98773215,-87.30891118,1131.0,5369.70982358045,2.154398563734291,545,554,12,0,542,554,10627,3,0,0,3,0
2020-10-19,US,Alabama,Winston,899,13,0,34.15030532,-87.37325922,1133.0,3804.6468322823653,1.4460511679644048,886,886,13,0,873,882,23660,13,0,0,13,4
2020-10-19,US,Alaska,Aleutians East,5,0,0,55.32222414,-161.9722021,2013.0,149.8351813005694,0.0,5,5,0,0,5,5,3515,0,0,0,0,0
2020-10-19,US,Alaska,Aleutians West,6,0,0,52.3233,-174.1596,2016.0,106.49627263045794,0.0,6,6,0,0,6,6,5723,0,0,0,0,0
2020-10-19,US,Alaska,Anchorage,6188,41,0,61.14998174,-149.14269860000005,2020.0,2148.6111111111113,0.6625727213962508,6147,6095,41,0,6054,5995,291538,93,0,0,93,100
2020-10-19,US,Alaska,Bethel,258,0,0,60.90980451,-159.8561831,2050.0,1403.2415968671814,0.0,258,253,0,0,253,234,18216,5,0,0,5,19
2020-10-19,US,Alaska,Bristol Bay plus Lake and Peninsula,34,0,0,58.62403337,-156.21405890000003,2164.0,845.7711442786069,0.0,34,,,,,,,,,,,
2020-10-19,US,Alaska,Denali,17,0,0,63.67264044,-150.0076108,2068.0,810.6819265617547,0.0,17,17,0,0,17,17,2059,0,0,0,0,0
2020-10-19,US,Alaska,Dillingham,23,0,0,59.79603738,-158.23819419999995,2070.0,467.86004882017914,0.0,23,15,0,0,15,15,5000,8,0,0,8,0
2020-10-19,US,Alaska,Fairbanks North Star,1802,13,0,64.80726247,-146.5692662,2090.0,1860.6284009127605,0.7214206437291898,1789,1742,13,0,1729,1707,98971,60,0,0,60,35
2020-10-19,US,Alaska,Haines,6,0,0,59.09893571,-135.4679843,2100.0,237.15415019762847,0.0,6,6,0,0,6,6,2474,0,0,0,0,0
2020-10-19,US,Alaska,Juneau,367,3,0,58.45031811,-134.200436,2110.0,1147.8075936698567,0.8174386920980926,364,363,3,0,360,358,32113,4,0,0,4,5
2020-10-19,US,Alaska,Kenai Peninsula,579,3,0,60.24429722,-151.53888840000005,2122.0,986.2369694079172,0.5181347150259067,576,568,3,0,565,553,58533,11,0,0,11,15
2020-10-19,US,Alaska,Ketchikan Gateway,58,0,0,55.57445008,-130.975561,2130.0,417.236170059708,0.0,58,58,0,0,58,58,13918,0,0,0,0,0
2020-10-19,US,Alaska,Kodiak Island,47,0,0,57.65529415,-153.7493579,2150.0,361.59409139867677,0.0,47,47,0,0,47,47,13345,0,0,0,0,0
2020-10-19,US,Alaska,Kusilvak,28,0,0,62.15429159999999,-163.39678830000003,2158.0,336.7813326918452,0.0,28,28,0,0,28,26,8303,0,0,0,0,2
2020-10-19,US,Alaska,Matanuska-Susitna,857,3,0,62.31305045,-149.5741743,2170.0,791.1962111210612,0.3500583430571762,854,841,3,0,838,819,107610,16,0,0,16,22
2020-10-19,US,Alaska,Nome,108,0,0,64.90320724,-164.0353804,2180.0,1079.5681727309077,0.0,108,108,0,0,108,108,10008,0,0,0,0,0
2020-10-19,US,Alaska,North Slope,205,0,0,69.31479216,-153.4836093,2185.0,2085.028478437754,0.0,205,204,0,0,204,198,9872,1,0,0,1,6
2020-10-19,US,Alaska,Northwest Arctic,203,0,0,67.04919196,-159.7503946,2188.0,2663.6924288151167,0.0,203,203,0,0,203,195,7671,0,0,0,0,8
2020-10-19,US,Alaska,Petersburg,11,1,0,57.13978948,-132.9540995,2195.0,336.80342927127987,9.090909090909092,10,11,1,0,10,11,3221,0,0,0,0,0
2020-10-19,US,Alaska,Prince of Wales-Hyder,33,0,0,55.76261984,-133.0511621,2198.0,532.0006448492667,0.0,33,34,0,0,34,34,6422,-1,0,0,-1,0
2020-10-19,US,Alaska,Sitka,55,0,0,57.24124555,-135.3206587,2220.0,647.5921346991639,0.0,55,55,0,0,55,55,8647,0,0,0,0,0
2020-10-19,US,Alaska,Skagway,1,0,0,59.56149996,-135.33377480000001,2230.0,84.53085376162298,0.0,1,1,0,0,1,1,1148,0,0,0,0,0
2020-10-19,US,Alaska,Southeast Fairbanks,48,0,0,63.87692095,-143.2127643,2240.0,696.3586246917163,0.0,48,48,0,0,48,44,6918,0,0,0,0,4
2020-10-19,US,Alaska,Unassigned,3,0,0,0.0,0.0,90002.0,0.0,0.0,3,25,0,0,25,24,,-22,0,0,-22,1
2020-10-19,US,Alaska,Valdez-Cordova,99,1,0,61.47502768,-144.7126799,2261.0,1075.8530754183873,1.0101010101010102,98,98,1,0,97,98,9164,1,0,0,1,0
2020-10-19,US,Alaska,Wrangell,13,0,0,56.3202004,-132.05837309999998,2275.0,519.5843325339728,0.0,13,13,0,0,13,13,2503,0,0,0,0,0
2020-10-19,US,Alaska,Yakutat,27,0,0,59.890980799999994,-140.36014509999998,2282.0,4663.21243523316,0.0,27,26,0,0,26,26,604,1,0,0,1,0
2020-10-19,US,Alaska,Yukon-Koyukuk,101,2,0,65.50815459,-151.39073869999999,2290.0,1931.166347992352,1.98019801980198,99,100,2,0,98,97,5327,1,0,0,1,3
2020-10-19,US,Arizona,Apache,3781,168,0,35.39465006,-109.4892383,4001.0,5259.6436073281675,4.443268976461254,3613,3780,168,0,3612,3779,71818,1,0,0,1,1
2020-10-19,US,Arizona,Cochise,2034,73,0,31.87934684,-109.7516088,4003.0,1615.2856530232998,3.5889872173058013,1961,2032,73,0,1959,2025,126770,2,0,0,2,7
2020-10-19,US,Arizona,Coconino,4746,147,0,35.83883429,-111.77071780000001,4005.0,3307.870305835122,3.0973451327433628,4599,4721,147,0,4574,4684,142854,25,0,0,25,37
2020-10-19,US,Arizona,Gila,1748,65,0,33.80190085,-110.8132779,4007.0,3235.958384242289,3.718535469107552,1683,1741,65,0,1676,1725,53889,7,0,0,7,16
2020-10-19,US,Arizona,Graham,1038,27,0,32.93166885,-109.8882178,4009.0,2672.70901459948,2.601156069364162,1011,1028,27,0,1001,1022,38072,10,0,0,10,6
2020-10-19,US,Arizona,Greenlee,71,1,0,33.21498827,-109.2405279,4011.0,747.5257949041902,1.4084507042253518,70,72,1,0,71,72,9483,-1,0,0,-1,0
2020-10-19,US,Arizona,La Paz,590,16,0,33.72854224,-113.98100290000001,4012.0,2795.1487587644497,2.7118644067796613,574,589,16,0,573,589,21098,1,0,0,1,0
2020-10-19,US,Arizona,Maricopa,150280,3512,0,33.34835867,-112.49181540000001,4013.0,3350.415368570214,2.336970987490018,146768,149720,3510,0,146210,149202,4410824,560,2,0,558,518
2020-10-19,US,Arizona,Mohave,4182,229,0,35.70471703,-113.7577902,4015.0,1970.9587569103733,5.47584887613582,3953,4183,229,0,3954,4178,209550,-1,0,0,-1,5
2020-10-19,US,Arizona,Navajo,6100,236,0,35.3997715,-110.3218983,4017.0,5499.260755111608,3.868852459016393,5864,6096,236,0,5860,6136,110445,4,0,0,4,-40
2020-10-19,US,Arizona,Pima,26955,634,0,32.0971334,-111.7890033,4019.0,2573.812708934296,2.3520682619180118,26321,26911,634,0,26277,26843,1039073,44,0,0,44,68
2020-10-19,US,Arizona,Pinal,11379,216,0,32.90525627,-111.3449483,4021.0,2458.78791414662,1.8982335881887689,11163,11334,215,0,11119,11307,447138,45,1,0,44,27
2020-10-19,US,Arizona,Santa Cruz,2956,65,0,31.52508998,-110.8479088,4023.0,6357.262677964643,2.198917456021651,2891,2949,65,0,2884,2941,46511,7,0,0,7,8
2020-10-19,US,Arizona,Unassigned,0,1,0,0.0,0.0,90004.0,0.0,0.0,-1,0,1,0,-1,0,,0,0,0,0,0
2020-10-19,US,Arizona,Yavapai,2776,87,0,34.59933926,-112.5538588,4025.0,1180.7791611193582,3.134005763688761,2689,2776,87,0,2689,2766,231993,0,0,0,0,10
2020-10-19,US,Arizona,Yuma,13261,353,0,32.76895712,-113.90666740000002,4027.0,6202.902889324421,2.6619410300882285,12908,13217,353,0,12864,13190,212128,44,0,0,44,27
2020-10-19,US,Arkansas,Arkansas,606,11,0,34.29145151,-91.37277296,5001.0,3465.6296465744012,1.8151815181518152,595,602,11,0,591,599,17769,4,0,0,4,3
2020-10-19,US,Arkansas,Ashley,501,12,0,33.19153461,-91.76984709999999,5003.0,2548.7103830696437,2.395209580838323,489,498,12,0,486,498,20046,3,0,0,3,0
2020-10-19,US,Arkansas,Baxter,552,7,0,36.28784385,-92.33782872,5005.0,1316.4170561862065,1.2681159420289856,545,550,7,0,543,532,41619,2,0,0,2,18
2020-10-19,US,Arkansas,Benton,7632,110,0,36.33644656,-94.25680817,5007.0,2734.1021204337594,1.4412997903563942,7522,7599,110,0,7489,7558,272608,33,0,0,33,41
2020-10-19,US,Arkansas,Boone,951,29,0,36.3084504,-93.09374925,5009.0,2540.606967300705,3.0494216614090432,922,951,29,0,922,947,37480,0,0,0,0,4
2020-10-19,US,Arkansas,Bradley,358,8,0,33.46755808,-92.15980837,5011.0,3326.2101644522904,2.23463687150838,350,356,8,0,348,355,10897,2,0,0,2,1
2020-10-19,US,Arkansas,Calhoun,42,0,0,33.55598792,-92.49974403,5013.0,809.4045095394102,0.0,42,42,0,0,42,42,5277,0,0,0,0,0
2020-10-19,US,Arkansas,Carroll,937,12,0,36.34038560000001,-93.54270261,5015.0,3301.620859760394,1.2806830309498398,925,927,12,0,915,924,28223,10,0,0,10,3
2020-10-19,US,Arkansas,Chicot,1031,22,0,33.26458973,-91.29539209,5017.0,10189.760822296896,2.133850630455868,1009,1030,22,0,1008,1029,10438,1,0,0,1,1
2020-10-19,US,Arkansas,Clark,467,4,0,34.04613432,-93.17484713,5019.0,2092.293906810036,0.8565310492505354,463,463,4,0,459,463,22061,4,0,0,4,0
2020-10-19,US,Arkansas,Clay,430,11,0,36.36826212,-90.4148172,5021.0,2955.123359219297,2.5581395348837206,419,429,11,0,418,423,14847,1,0,0,1,6
2020-10-19,US,Arkansas,Cleburne,433,14,0,35.53864922,-92.02640019,5023.0,1737.629920943858,3.233256351039261,419,431,14,0,417,428,24965,2,0,0,2,3
2020-10-19,US,Arkansas,Cleveland,206,12,0,33.89723187,-92.18537045,5025.0,2589.240824534942,5.825242718446603,194,204,12,0,192,202,8018,2,0,0,2,2
2020-10-19,US,Arkansas,Columbia,658,19,0,33.21230701,-93.22642793,5027.0,2805.132796180245,2.8875379939209727,639,654,19,0,635,646,23537,4,0,0,4,8
2020-10-19,US,Arkansas,Conway,329,3,0,35.26205537,-92.70506566,5029.0,1578.2404298186702,0.9118541033434652,326,329,3,0,326,328,20891,0,0,0,0,1
2020-10-19,US,Arkansas,Craighead,4072,36,0,35.83018283,-90.63235729,5031.0,3690.679041438567,0.8840864440078585,4036,4026,36,0,3990,3992,108558,46,0,0,46,34
2020-10-19,US,Arkansas,Crawford,1877,25,0,35.58928601,-94.2446814,5033.0,2967.2605403354573,1.3319126265316996,1852,1867,25,0,1842,1855,63406,10,0,0,10,12
2020-10-19,US,Arkansas,Crittenden,2190,51,0,35.21247318,-90.30839406,5035.0,4566.781357522677,2.3287671232876708,2139,2184,51,0,2133,2176,48342,6,0,0,6,8
2020-10-19,US,Arkansas,Cross,544,21,0,35.29631396,-90.77185818,5037.0,3313.2346671539067,3.8602941176470584,523,538,20,0,518,535,16676,6,1,0,5,3
2020-10-19,US,Arkansas,Dallas,177,5,0,33.97042763,-92.65167437,5039.0,2525.324582679413,2.824858757062147,172,177,5,0,172,177,7182,0,0,0,0,0
2020-10-19,US,Arkansas,Desha,377,7,0,33.83011025,-91.25500948,5041.0,3318.3698618079393,1.856763925729443,370,374,7,0,367,368,11512,3,0,0,3,6
2020-10-19,US,Arkansas,Drew,403,7,0,33.59035001,-91.71777921,5043.0,2211.9765080410557,1.7369727047146402,396,403,7,0,396,401,18328,0,0,0,0,2
2020-10-19,US,Arkansas,Faulkner,3140,29,0,35.14719007,-92.33717519,5045.0,2491.925051782837,0.9235668789808916,3111,3132,29,0,3103,3113,124806,8,0,0,8,19
2020-10-19,US,Arkansas,Franklin,465,2,0,35.51202821,-93.89299569,5047.0,2624.894157493649,0.4301075268817205,463,458,2,0,456,453,17810,7,0,0,7,5
2020-10-19,US,Arkansas,Fulton,275,9,0,36.38177105,-91.81729127,5049.0,2204.0554620501725,3.272727272727273,266,274,8,0,266,267,12269,1,1,0,0,7
2020-10-19,US,Arkansas,Garland,2259,62,0,34.57692074,-93.14921604,5051.0,2272.955949530115,2.7445772465692784,2197,2246,62,0,2184,2232,99154,13,0,0,13,14
2020-10-19,US,Arkansas,Grant,335,4,0,34.29017991,-92.42320562,5053.0,1834.1089515466736,1.1940298507462686,331,334,4,0,330,334,18188,1,0,0,1,0
2020-10-19,US,Arkansas,Greene,1259,16,0,36.11735460000001,-90.55832668,5055.0,2777.7164920022065,1.2708498808578237,1243,1246,16,0,1230,1231,45325,13,0,0,13,15
2020-10-19,US,Arkansas,Hempstead,505,5,0,33.73325583,-93.66935133,5057.0,2345.3464610811816,0.99009900990099,500,501,5,0,496,496,21741,4,0,0,4,5
2020-10-19,US,Arkansas,Hot Spring,2109,32,0,34.31709259,-92.95396325,5059.0,6245.003109176512,1.5173067804646752,2077,2105,32,0,2073,2097,33701,4,0,0,4,8
2020-10-19,US,Arkansas,Howard,544,13,0,34.09007427,-93.9934871,5061.0,4120.587789728828,2.389705882352941,531,539,13,0,526,537,13341,5,0,0,5,2
2020-10-19,US,Arkansas,Independence,1381,39,0,35.74242707,-91.57001641,5063.0,3651.024454725711,2.8240405503258508,1342,1368,38,0,1330,1365,37678,13,1,0,12,3
2020-10-19,US,Arkansas,Izard,423,1,0,36.09604046,-91.90847954,5065.0,3103.675985031917,0.2364066193853428,422,408,1,0,407,398,13593,15,0,0,15,10
2020-10-19,US,Arkansas,Jackson,619,5,0,35.59802983,-91.21494602,5067.0,3702.3745439320533,0.8077544426494345,614,614,5,0,609,609,16811,5,0,0,5,5
2020-10-19,US,Arkansas,Jefferson,3967,100,0,34.26767081,-91.92619839,5069.0,5936.489883874056,2.5207965717166623,3867,3933,98,0,3835,3921,68114,34,2,0,32,12
2020-10-19,US,Arkansas,Johnson,942,7,0,35.56759135,-93.46036368,5071.0,3544.2847467830543,0.7430997876857749,935,941,7,0,934,937,26742,1,0,0,1,4
2020-10-19,US,Arkansas,Lafayette,153,3,0,33.24116713,-93.60677071,5073.0,2309.782608695652,1.96078431372549,150,151,3,0,148,149,6682,2,0,0,2,2
2020-10-19,US,Arkansas,Lawrence,731,14,0,36.04188196,-91.10867198,5075.0,4455.686943801048,1.915184678522572,717,722,14,0,708,718,16434,9,0,0,9,4
2020-10-19,US,Arkansas,Lee,1102,18,0,34.78498904,-90.78383866,5077.0,12442.136163486508,1.6333938294010892,1084,1100,18,0,1082,1097,8985,2,0,0,2,3
2020-10-19,US,Arkansas,Lincoln,2219,17,0,33.95317155,-91.74002806,5079.0,17037.77641277641,0.7661108607480848,2202,2219,17,0,2202,2211,13383,0,0,0,0,8
2020-10-19,US,Arkansas,Little River,417,35,0,33.70375665,-94.23468591,5081.0,3401.582510808385,8.393285371702637,382,413,35,0,378,413,12326,4,0,0,4,0
2020-10-19,US,Arkansas,Logan,549,2,0,35.21413234,-93.71951016,5083.0,2557.5328426348638,0.3642987249544625,547,542,2,0,540,539,21737,7,0,0,7,3
2020-10-19,US,Arkansas,Lonoke,1530,23,0,34.75392199,-91.88742357,5085.0,2087.0561595438485,1.5032679738562091,1507,1517,23,0,1494,1513,73657,13,0,0,13,4
2020-10-19,US,Arkansas,Madison,411,5,0,36.01038185,-93.72524943,5087.0,2479.488416988417,1.2165450121654502,406,409,5,0,404,408,16481,2,0,0,2,1
2020-10-19,US,Arkansas,Marion,133,2,0,36.26844485,-92.68451899,5089.0,796.69342278663,1.5037593984962403,131,131,2,0,129,129,16722,2,0,0,2,2
2020-10-19,US,Arkansas,Miller,1193,15,0,33.31403423,-93.89285258,5091.0,2757.9351318861686,1.2573344509639564,1178,1175,15,0,1160,1163,43592,18,0,0,18,12
2020-10-19,US,Arkansas,Mississippi,2078,63,0,35.76271485,-90.05194370000002,5093.0,5111.805367641632,3.0317613089509146,2015,2059,62,0,1997,2022,41239,19,1,0,18,37
2020-10-19,US,Arkansas,Monroe,199,0,0,34.6815935,-91.20540287,5095.0,2969.7060140277567,0.0,199,198,0,0,198,198,6900,1,0,0,1,0
2020-10-19,US,Arkansas,Montgomery,180,8,0,34.53704874,-93.65824478,5097.0,2003.1159581571333,4.4444444444444455,172,179,8,0,171,179,8924,1,0,0,1,0
2020-10-19,US,Arkansas,Nevada,269,14,0,33.66340119,-93.30632432,5099.0,3259.8158022297625,5.204460966542751,255,266,14,0,252,263,8326,3,0,0,3,3
2020-10-19,US,Arkansas,Newton,287,19,0,35.91947491,-93.21612969,5101.0,3701.7928543789503,6.620209059233449,268,287,19,0,268,285,7805,0,0,0,0,2
2020-10-19,US,Arkansas,Ouachita,336,7,0,33.58839816,-92.87795984,5103.0,1437.002822684116,2.083333333333333,329,333,7,0,326,329,23606,3,0,0,3,4
2020-10-19,US,Arkansas,Perry,125,0,0,34.945915299999996,-92.94372564,5105.0,1195.6001912960305,0.0,125,124,0,0,124,124,10352,1,0,0,1,0
2020-10-19,US,Arkansas,Phillips,686,15,0,34.43268455,-90.84800154,5107.0,3857.833764480936,2.186588921282799,671,682,15,0,667,681,18029,4,0,0,4,1
2020-10-19,US,Arkansas,Pike,254,1,0,34.16250414,-93.65789349,5109.0,2369.845120358276,0.3937007874015748,253,254,1,0,253,254,10673,0,0,0,0,0
2020-10-19,US,Arkansas,Poinsett,926,17,0,35.57433534,-90.66268713,5111.0,3935.7361441686494,1.8358531317494602,909,914,16,0,898,900,23974,12,1,0,11,14
2020-10-19,US,Arkansas,Polk,342,4,0,34.48254879,-94.22728802,5113.0,1713.083550390703,1.1695906432748535,338,342,4,0,338,341,20049,0,0,0,0,1
2020-10-19,US,Arkansas,Pope,2557,36,0,35.44871474,-93.03212219,5115.0,3990.8228243226367,1.4078998826750098,2521,2551,36,0,2515,2529,64000,6,0,0,6,22
2020-10-19,US,Arkansas,Prairie,193,4,0,34.83624419,-91.55162157,5117.0,2393.9469114363683,2.0725388601036268,189,192,4,0,188,192,8074,1,0,0,1,0
2020-10-19,US,Arkansas,Pulaski,11175,193,0,34.77054088,-92.31355101,5119.0,2851.4126931879937,1.7270693512304252,10982,11110,193,0,10917,11025,392680,65,0,0,65,85
2020-10-19,US,Arkansas,Randolph,593,23,0,36.3415714,-91.02455531,5121.0,3302.149459850763,3.87858347386172,570,588,23,0,565,578,17948,5,0,0,5,10
2020-10-19,US,Arkansas,Saline,2599,28,0,34.64916145,-92.67583224,5125.0,2122.7243398645833,1.0773374374759523,2571,2592,28,0,2564,2572,121421,7,0,0,7,20
2020-10-19,US,Arkansas,Scott,148,1,0,34.85588887,-94.0632176,5127.0,1439.5486820348215,0.6756756756756757,147,147,1,0,146,147,10319,1,0,0,1,0
2020-10-19,US,Arkansas,Searcy,178,1,0,35.9109364,-92.69936482,5129.0,2258.596624793808,0.5617977528089888,177,177,1,0,176,175,7958,1,0,0,1,2
2020-10-19,US,Arkansas,Sebastian,4563,88,0,35.19605503,-94.27162713,5131.0,3569.668379919736,1.9285557747096207,4475,4539,87,0,4452,4495,127753,24,1,0,23,44
2020-10-19,US,Arkansas,Sevier,1274,16,0,33.99780401,-94.2424869,5133.0,7491.033104015994,1.2558869701726845,1258,1271,16,0,1255,1264,17139,3,0,0,3,7
2020-10-19,US,Arkansas,Sharp,306,9,0,36.16258158,-91.47819342,5135.0,1754.385964912281,2.9411764705882355,297,303,9,0,294,298,17366,3,0,0,3,5
2020-10-19,US,Arkansas,St. Francis,1657,10,0,35.02201976,-90.74828138,5123.0,6629.591101864447,0.6035003017501509,1647,1652,10,0,1642,1649,25439,5,0,0,5,3
2020-10-19,US,Arkansas,Stone,389,21,0,35.86251946,-92.15684085,5137.0,3110.5069566608026,5.398457583547557,368,389,20,0,369,389,12457,0,1,0,-1,0
2020-10-19,US,Arkansas,Unassigned,1990,0,0,0.0,0.0,90005.0,0.0,0.0,1990,1998,0,0,1998,1985,,-8,0,0,-8,13
2020-10-19,US,Arkansas,Union,1073,47,0,33.16887091,-92.59746952,5139.0,2773.900005170364,4.380242311276794,1026,1072,47,0,1025,1069,39126,1,0,0,1,3
2020-10-19,US,Arkansas,Van Buren,200,3,0,35.58095779,-92.51295036,5141.0,1208.8244182532487,1.5,197,200,3,0,197,199,16603,0,0,0,0,1
2020-10-19,US,Arkansas,Washington,10889,140,0,35.976844,-94.21800746,5143.0,4552.5049438305605,1.2857011663146294,10749,10851,139,0,10712,10805,236961,38,1,0,37,46
2020-10-19,US,Arkansas,White,1287,32,0,35.25688493,-91.74908296,5145.0,1634.2234581539751,2.4864024864024863,1255,1275,32,0,1243,1266,78727,12,0,0,12,9
2020-10-19,US,Arkansas,Woodruff,90,0,0,35.18902527,-91.2439489,5147.0,1424.0506329113925,0.0,90,88,0,0,88,85,6490,2,0,0,2,3
2020-10-19,US,Arkansas,Yell,1320,30,0,35.00292371,-93.41171338,5149.0,6185.277166018462,2.272727272727273,1290,1321,30,0,1291,1316,21535,-1,0,0,-1,5
2020-10-19,US,California,Alameda,22738,433,0,37.64629437,-121.8929271,6001.0,1360.4742094464943,1.904301169847832,22305,22636,442,0,22194,22459,1666753,102,-9,0,111,177
2020-10-19,US,California,Alpine,3,0,0,38.59678594,-119.82235940000001,6003.0,265.72187776793623,0.0,3,3,0,0,3,3,1101,0,0,0,0,0
2020-10-19,US,California,Amador,313,16,0,38.44583082,-120.65696000000001,6005.0,787.3817669551217,5.1118210862619815,297,309,16,0,293,309,39383,4,0,0,4,0
2020-10-19,US,California,Butte,3019,50,0,39.66727762,-121.6005252,6007.0,1377.3689925451442,1.6561775422325271,2969,3012,50,0,2962,3004,231256,7,0,0,7,8
2020-10-19,US,California,Calaveras,333,17,0,38.20537103,-120.55291299999999,6009.0,725.4111752532402,5.105105105105106,316,333,17,0,316,333,45602,0,0,0,0,0
2020-10-19,US,California,Colusa,545,6,0,39.17881957,-122.2331726,6011.0,2529.354434492041,1.1009174311926606,539,545,6,0,539,545,21627,0,0,0,0,0
2020-10-19,US,California,Contra Costa,18157,234,0,37.91923498,-121.9289527,6013.0,1574.0434112451737,1.288759156248279,17923,18054,234,0,17820,17997,1150215,103,0,0,103,57
2020-10-19,US,California,Del Norte,173,1,0,41.74228275,-123.89740630000001,6015.0,622.0336545376098,0.5780346820809249,172,173,1,0,172,173,27828,0,0,0,0,0
2020-10-19,US,California,El Dorado,1283,4,0,38.77965956,-120.5233166,6017.0,665.3080485161504,0.3117692907248636,1279,1277,4,0,1273,1275,190678,6,0,0,6,2
2020-10-19,US,California,Fresno,30051,429,0,36.75733899,-119.6466953,6019.0,3007.804015810213,1.427573125686333,29622,29911,429,0,29482,29796,994400,140,0,0,140,115
2020-10-19,US,California,Glenn,639,3,0,39.59875897,-122.3938452,6021.0,2250.554714190117,0.4694835680751174,636,639,3,0,636,639,28047,0,0,0,0,0
2020-10-19,US,California,Humboldt,554,9,0,40.69923009,-123.876044,6023.0,408.68115492999306,1.624548736462094,545,544,8,0,536,544,136373,10,1,0,9,0
2020-10-19,US,California,Imperial,12475,335,0,33.0393082,-115.36690420000001,6025.0,6884.087961813316,2.685370741482966,12140,12410,335,0,12075,12410,181827,65,0,0,65,0
2020-10-19,US,California,Inyo,215,15,0,36.51112084,-117.41119779999998,6027.0,1191.8620766117854,6.9767441860465125,200,212,15,0,197,212,17987,3,0,0,3,0
2020-10-19,US,California,Kern,33448,410,0,35.34329425,-118.72777959999999,6029.0,3715.6104963108282,1.2257833054293232,33038,33373,410,0,32963,33286,896764,75,0,0,75,87
2020-10-19,US,California,Kings,8159,83,0,36.07409056,-119.8159973,6031.0,5334.771805936969,1.0172815295992157,8076,8151,83,0,8068,8146,151366,8,0,0,8,5
2020-10-19,US,California,Lake,670,15,0,39.10124298,-122.75362439999999,6033.0,1040.5988879570093,2.238805970149253,655,663,15,0,648,658,64382,7,0,0,7,5
2020-10-19,US,California,Lassen,757,1,0,40.67311306,-120.59350990000002,6035.0,2476.040951166061,0.13210039630118892,756,757,1,0,756,757,30802,0,0,0,0,0
2020-10-19,US,California,Los Angeles,289366,6877,0,34.30828379,-118.22824109999999,6037.0,2882.387845851229,2.376574994989045,282489,288451,6876,0,281575,288136,10105518,915,1,0,914,315
2020-10-19,US,California,Madera,4886,73,0,37.21513971,-119.76655890000002,6039.0,3105.6334894836878,1.4940646745804338,4813,4836,73,0,4763,4836,157672,50,0,0,50,0
2020-10-19,US,California,Marin,7019,124,0,38.07122463,-122.72106310000001,6041.0,2711.8604776954403,1.7666334235646104,6895,7001,124,0,6877,6982,259666,18,0,0,18,19
2020-10-19,US,California,Mariposa,78,2,0,37.57978556,-119.9073334,6043.0,453.4092890774865,2.5641025641025643,76,78,2,0,76,78,17471,0,0,0,0,0
2020-10-19,US,California,Mendocino,1103,21,0,39.4381191,-123.39113130000001,6045.0,1271.4843975146687,1.9038984587488668,1082,1089,21,0,1068,1080,87606,14,0,0,14,9
2020-10-19,US,California,Merced,9314,152,0,37.18922369,-120.72090349999999,6047.0,3354.22068568136,1.6319519003650418,9162,9314,152,0,9162,9314,274765,0,0,0,0,0
2020-10-19,US,California,Modoc,27,0,0,41.58965602,-120.7244817,6049.0,305.3953172718018,0.0,27,27,0,0,27,27,8777,0,0,0,0,0
2020-10-19,US,California,Mono,175,2,0,37.93899289,-118.8872409,6051.0,1211.5757407920246,1.1428571428571428,173,175,2,0,173,175,14250,0,0,0,0,0
2020-10-19,US,California,Monterey,11091,83,0,36.21862405,-121.24133970000001,6053.0,2555.170817004984,0.7483545216842485,11008,11022,83,0,10939,10943,435594,69,0,0,69,79
2020-10-19,US,California,Napa,1882,14,0,38.50735751,-122.33283899999999,6055.0,1366.3027064699734,0.7438894792773645,1868,1866,14,0,1852,1855,139417,16,0,0,16,11
2020-10-19,US,California,Nevada,582,8,0,39.30394768,-120.76272809999999,6057.0,583.4294020349857,1.3745704467353952,574,581,8,0,573,581,99696,1,0,0,1,0
2020-10-19,US,California,Orange,57071,1410,0,33.70147516,-117.76459979999998,6059.0,1797.1201237399594,2.4706067880359552,55661,56868,1409,0,55459,56672,3185968,203,1,0,202,196
2020-10-19,US,California,Placer,3978,52,0,39.06167234,-120.72405690000001,6061.0,998.6719520798134,1.30718954248366,3926,3898,52,0,3846,3880,393149,80,0,0,80,18
2020-10-19,US,California,Plumas,54,0,0,40.00355989,-120.8395236,6063.0,287.1271335141172,0.0,54,54,0,0,54,54,18804,0,0,0,0,0
2020-10-19,US,California,Riverside,64075,1272,0,33.74314981,-115.9933578,6065.0,2593.556242223379,1.9851736246586031,62803,63284,1269,0,62015,63284,2450758,791,3,0,788,0
2020-10-19,US,California,Sacramento,24425,468,0,38.45106826,-121.34253740000001,6067.0,1573.7169616083936,1.9160696008188327,23957,24304,468,0,23836,24192,1540975,121,0,0,121,112
2020-10-19,US,California,San Benito,1403,14,0,36.60308176,-121.069975,6069.0,2233.791873646669,0.9978617248752673,1389,1401,14,0,1387,1401,61537,2,0,0,2,0
2020-10-19,US,California,San Bernardino,59779,1021,0,34.84060306,-116.1774685,6071.0,2742.0490485462724,1.7079576439886917,58758,59696,1021,0,58675,59602,2171603,83,0,0,83,94
2020-10-19,US,California,San Diego,52735,853,0,33.03484597,-116.73653259999999,6073.0,1579.682056597161,1.6175215701147243,51882,52355,853,0,51502,51982,3343364,380,0,0,380,373
2020-10-19,US,California,San Francisco,11901,133,0,37.75215114,-122.43856720000001,6075.0,1350.0100391470014,1.1175531467943869,11768,11877,133,0,11744,11840,883305,24,0,0,24,37
2020-10-19,US,California,San Joaquin,21187,484,0,37.93433732,-121.2730061,6077.0,2779.906264924923,2.2844196913201493,20703,21187,484,0,20703,21187,752660,0,0,0,0,0
2020-10-19,US,California,San Luis Obispo,4009,32,0,35.38822029,-120.4039028,6079.0,1416.0523610880539,0.7982040409079569,3977,3985,32,0,3953,3985,284010,24,0,0,24,0
2020-10-19,US,California,San Mateo,10810,157,0,37.422880799999994,-122.32755459999998,6081.0,1410.1722862662787,1.452358926919519,10653,10743,157,0,10586,10743,769545,67,0,0,67,0
2020-10-19,US,California,Santa Barbara,9608,119,0,34.65329488,-120.0188492,6083.0,2151.852523745854,1.2385512073272271,9489,9588,119,0,9469,9560,446527,20,0,0,20,28
2020-10-19,US,California,Santa Clara,23355,378,0,37.23104908,-121.6970462,6085.0,1211.4519164334192,1.6184971098265897,22977,23224,373,0,22851,23052,1937570,131,5,0,126,172
2020-10-19,US,California,Santa Cruz,2706,23,0,37.05580291,-122.0066524,6087.0,990.436033424471,0.8499630450849963,2683,2696,23,0,2673,2682,274255,10,0,0,10,14
2020-10-19,US,California,Shasta,1723,29,0,40.76391419,-122.0396884,6089.0,956.7969791203908,1.6831108531630876,1694,1679,29,0,1650,1666,180040,44,0,0,44,13
2020-10-19,US,California,Sierra,6,0,0,39.57713498,-120.52007009999998,6091.0,199.6672212978369,0.0,6,6,0,0,6,6,2987,0,0,0,0,0
2020-10-19,US,California,Siskiyou,184,0,0,41.59198861,-122.54074340000001,6093.0,422.6096143687269,0.0,184,184,0,0,184,184,43724,0,0,0,0,0
2020-10-19,US,California,Solano,7117,74,0,38.26827353,-121.9357113,6095.0,1589.8830094517282,1.0397639454826473,7043,7009,74,0,6935,7009,446610,108,0,0,108,0
2020-10-19,US,California,Sonoma,8934,129,0,38.52746429,-122.88625060000001,6097.0,1807.2727861211806,1.4439220953660177,8805,8810,129,0,8681,8810,499942,124,0,0,124,0
2020-10-19,US,California,Stanislaus,17341,392,0,37.55862499,-120.9970722,6099.0,3149.1301347473936,2.2605386079234187,16949,17292,391,0,16901,17244,549815,49,1,0,48,48
2020-10-19,US,California,Sutter,1796,12,0,39.03417539,-121.6945899,6101.0,1852.1001124047393,0.6681514476614699,1784,1796,12,0,1784,1796,96807,0,0,0,0,0
2020-10-19,US,California,Tehama,774,8,0,40.12570935,-122.23701709999999,6103.0,1189.2323766209822,1.0335917312661498,766,764,8,0,756,737,63916,10,0,0,10,27
2020-10-19,US,California,Trinity,23,0,0,40.64917670000001,-123.114713,6105.0,187.22018722018726,0.0,23,20,0,0,20,20,12535,3,0,0,3,0
2020-10-19,US,California,Tulare,17120,275,0,36.22026558,-118.8020203,6107.0,3672.2830575188495,1.6063084112149533,16845,17120,275,0,16845,17120,465861,0,0,0,0,0
2020-10-19,US,California,Tuolumne,249,4,0,38.02644018,-119.95250929999999,6109.0,457.0652373435148,1.606425702811245,245,249,4,0,245,249,54539,0,0,0,0,0
2020-10-19,US,California,Ventura,13901,160,0,34.44465746,-119.09106129999999,6111.0,1643.132554615452,1.1509963311991942,13741,13845,160,0,13685,13805,850967,56,0,0,56,40
2020-10-19,US,California,Yolo,3073,56,0,38.68278902,-121.90182879999999,6113.0,1393.6507936507935,1.8223234624145783,3017,3063,56,0,3007,3046,220408,10,0,0,10,17
2020-10-19,US,California,Yuba,1253,10,0,39.26255932,-121.35356440000001,6115.0,1592.7696140743378,0.7980845969672785,1243,1253,10,0,1243,1253,78041,0,0,0,0,0
2020-10-19,US,Colorado,Adams,12020,248,0,39.87432092,-104.3362578,8001.0,2323.059945382967,2.0632279534109816,11772,11831,248,0,11583,11665,511868,189,0,0,189,166
2020-10-19,US,Colorado,Alamosa,285,9,0,37.57250606,-105.7885451,8003.0,1755.6828682313806,3.1578947368421053,276,284,9,0,275,282,16683,1,0,0,1,2
2020-10-19,US,Colorado,Arapahoe,11252,377,0,39.64977461,-104.3353617,8005.0,1713.7026150261195,3.3505154639175267,10875,11142,377,0,10765,11029,651215,110,0,0,110,113
2020-10-19,US,Colorado,Archuleta,61,0,0,37.19474156,-107.04768670000001,8007.0,434.81360039917314,0.0,61,61,0,0,61,59,13765,0,0,0,0,2
2020-10-19,US,Colorado,Baca,24,0,0,37.31940883,-102.5603223,8009.0,670.2038536721586,0.0,24,23,0,0,23,23,3585,1,0,0,1,0
2020-10-19,US,Colorado,Bent,12,0,0,37.95474293,-103.0720195,8011.0,215.16944593867672,0.0,12,12,0,0,12,12,5882,0,0,0,0,0
2020-10-19,US,Colorado,Boulder,5042,84,0,40.09313619,-105.3546767,8013.0,1545.6964524396374,1.6660055533518443,4958,4996,84,0,4912,4967,326078,46,0,0,46,29
2020-10-19,US,Colorado,Broomfield,798,40,0,39.95998787,-105.0566324,8014.0,1132.4771162988718,5.012531328320802,758,789,39,0,750,778,69267,9,1,0,8,11
2020-10-19,US,Colorado,Chaffee,372,20,0,38.74745778,-106.19265729999998,8015.0,1827.471015916683,5.376344086021504,352,370,20,0,350,369,20027,2,0,0,2,1
2020-10-19,US,Colorado,Cheyenne,14,0,0,38.82777431,-102.6032558,8017.0,764.6095030038231,0.0,14,14,0,0,14,14,1876,0,0,0,0,0
2020-10-19,US,Colorado,Clear Creek,63,1,0,39.68864463,-105.6463118,8019.0,649.4845360824742,1.5873015873015872,62,63,1,0,62,61,9605,0,0,0,0,2
2020-10-19,US,Colorado,Conejos,53,0,0,37.201606,-106.19174879999998,8021.0,645.9475929311395,0.0,53,52,0,0,52,50,8200,1,0,0,1,2
2020-10-19,US,Colorado,Costilla,35,1,0,37.27732493,-105.4276548,8023.0,900.4373552868536,2.8571428571428568,34,34,1,0,33,34,3828,1,0,0,1,0
2020-10-19,US,Colorado,Crowley,81,1,0,38.32608609,-103.7844965,8025.0,1336.4131331463454,1.2345679012345678,80,80,1,0,79,80,5858,1,0,0,1,0
2020-10-19,US,Colorado,Custer,19,0,0,38.10883162,-105.3683478,8027.0,374.9013417521705,0.0,19,19,0,0,19,19,4954,0,0,0,0,0
2020-10-19,US,Colorado,Delta,195,4,0,38.86246243,-107.86313419999999,8029.0,625.7621462037097,2.051282051282051,191,195,4,0,191,195,30953,0,0,0,0,0
2020-10-19,US,Colorado,Denver,16117,440,0,39.76018276,-104.87256950000001,8031.0,2216.2756063920924,2.7300366073090525,15677,15947,440,0,15507,15774,716492,170,0,0,170,173
2020-10-19,US,Colorado,Dolores,3,0,0,37.75208676,-108.5211585,8033.0,145.98540145985402,0.0,3,3,0,0,3,3,2074,0,0,0,0,0
2020-10-19,US,Colorado,Douglas,3354,63,0,39.33133796,-104.930001,8035.0,955.1364928208136,1.8783542039355996,3291,3296,63,0,3233,3267,342776,58,0,0,58,29
2020-10-19,US,Colorado,Eagle,1344,10,0,39.62754308,-106.6933637,8037.0,2438.0067843343554,0.7440476190476191,1334,1342,10,0,1332,1340,54993,2,0,0,2,2
2020-10-19,US,Colorado,El Paso,8582,188,0,38.83240149,-104.5251411,8041.0,1191.2776598653807,2.19063155441622,8394,8459,187,0,8272,8353,713856,123,1,0,122,106
2020-10-19,US,Colorado,Elbert,183,3,0,39.28656773,-104.13587209999999,8039.0,684.6496314864005,1.639344262295082,180,180,3,0,177,180,26282,3,0,0,3,0
2020-10-19,US,Colorado,Fremont,513,1,0,38.47362326,-105.43996670000001,8043.0,1072.3468299922656,0.1949317738791423,512,467,1,0,466,462,48021,46,0,0,46,5
2020-10-19,US,Colorado,Garfield,1074,5,0,39.59921777,-107.902708,8045.0,1788.182014951466,0.4655493482309125,1069,1063,5,0,1058,1058,59770,11,0,0,11,5
2020-10-19,US,Colorado,Gilpin,24,0,0,39.85646523,-105.5252597,8047.0,384.4305622296973,0.0,24,21,0,0,21,21,6121,3,0,0,3,0
2020-10-19,US,Colorado,Grand,139,1,0,40.10603347,-106.11780420000001,8049.0,883.4371424939621,0.7194244604316546,138,134,1,0,133,133,15525,5,0,0,5,1
2020-10-19,US,Colorado,Gunnison,299,7,0,38.66611652,-107.0320729,8051.0,1712.2895430076737,2.34113712374582,292,297,7,0,290,296,17246,2,0,0,2,1
2020-10-19,US,Colorado,Hinsdale,3,0,0,37.82247444,-107.3004345,8053.0,365.8536585365854,0.0,3,3,0,0,3,3,811,0,0,0,0,0
2020-10-19,US,Colorado,Huerfano,28,2,0,37.68473101,-104.9612585,8055.0,405.9736117152385,7.142857142857142,26,29,2,0,27,28,6889,-1,0,0,-1,1
2020-10-19,US,Colorado,Jackson,9,0,0,40.66593870000001,-106.3408905,8057.0,646.5517241379309,0.0,9,9,0,0,9,9,1399,0,0,0,0,0
2020-10-19,US,Colorado,Jefferson,7252,299,0,39.58635604,-105.2517692,8059.0,1244.1647609031688,4.12300055157198,6953,7168,299,0,6869,7076,580233,84,0,0,84,92
2020-10-19,US,Colorado,Kiowa,3,0,0,38.43260896,-102.7392145,8061.0,213.3712660028449,0.0,3,3,0,0,3,3,1383,0,0,0,0,0
2020-10-19,US,Colorado,Kit Carson,103,3,0,39.30497777,-102.60221990000001,8063.0,1451.3174580808793,2.9126213592233015,100,103,3,0,100,103,7163,0,0,0,0,0
2020-10-19,US,Colorado,La Plata,325,2,0,37.28632032,-107.8429014,8067.0,578.0758079721099,0.6153846153846154,323,320,2,0,318,320,56310,5,0,0,5,0
2020-10-19,US,Colorado,Lake,118,0,0,39.20278823,-106.35556969999999,8065.0,1451.9502891595914,0.0,118,117,0,0,117,117,7824,1,0,0,1,0
2020-10-19,US,Colorado,Larimer,3547,55,0,40.66671597,-105.4625784,8069.0,993.8385929912944,1.550606146038906,3492,3500,55,0,3445,3462,350518,47,0,0,47,38
2020-10-19,US,Colorado,Las Animas,50,1,0,37.3153406,-104.03764579999999,8071.0,344.6849579484351,2.0,49,44,1,0,43,37,14503,6,0,0,6,7
2020-10-19,US,Colorado,Lincoln,24,0,0,38.98749519,-103.51366490000001,8073.0,420.97877565339417,0.0,24,24,0,0,24,24,5610,0,0,0,0,0
2020-10-19,US,Colorado,Logan,1089,10,0,40.7249637,-103.110817,8075.0,4859.65460306127,0.9182736455463728,1079,1081,10,0,1071,1062,21528,8,0,0,8,19
2020-10-19,US,Colorado,Mesa,1038,8,0,39.01787888,-108.469799,8077.0,673.1080993450489,0.7707129094412332,1030,1015,8,0,1007,992,153207,23,0,0,23,23
2020-10-19,US,Colorado,Mineral,21,0,0,37.66954283,-106.92816979999999,8079.0,2730.8192457737327,0.0,21,21,0,0,21,21,776,0,0,0,0,0
2020-10-19,US,Colorado,Moffat,53,1,0,40.61810999,-108.2070876,8081.0,399.0062485884213,1.8867924528301887,52,51,1,0,50,51,13188,2,0,0,2,0
2020-10-19,US,Colorado,Montezuma,184,5,0,37.33859579,-108.59588570000001,8083.0,702.7460566016118,2.717391304347826,179,182,5,0,177,176,26158,2,0,0,2,6
2020-10-19,US,Colorado,Montrose,422,13,0,38.40214114,-108.26390220000002,8085.0,986.9498105617662,3.080568720379147,409,420,13,0,407,417,42214,2,0,0,2,3
2020-10-19,US,Colorado,Morgan,817,48,0,40.26279810000001,-103.8093302,8087.0,2810.650887573965,5.875152998776009,769,814,48,0,766,809,28558,3,0,0,3,5
2020-10-19,US,Colorado,Otero,119,6,0,37.9014485,-103.7173385,8089.0,651.0559142138089,5.042016806722689,113,115,6,0,109,115,18432,4,0,0,4,0
2020-10-19,US,Colorado,Ouray,33,1,0,38.14717457,-107.7675136,8091.0,666.3974151857834,3.0303030303030303,32,32,1,0,31,32,4833,1,0,0,1,0
2020-10-19,US,Colorado,Park,81,1,0,39.120926000000004,-105.7182065,8093.0,429.8222340143274,1.2345679012345678,80,80,1,0,79,79,18556,1,0,0,1,1
2020-10-19,US,Colorado,Phillips,37,0,0,40.59414277,-102.3577703,8095.0,867.5263774912074,0.0,37,37,0,0,37,36,4286,0,0,0,0,1
2020-10-19,US,Colorado,Pitkin,256,2,0,39.21720112,-106.9310027,8097.0,1440.8735295773065,0.78125,254,258,2,0,256,255,17950,-2,0,0,-2,3
2020-10-19,US,Colorado,Prowers,120,0,0,37.95544985,-102.3926052,8099.0,985.8692080184027,0.0,120,117,0,0,117,115,12164,3,0,0,3,2
2020-10-19,US,Colorado,Pueblo,1613,40,0,38.17359144,-104.5127437,8101.0,957.7019902151712,2.479851208927464,1573,1582,40,0,1542,1544,167529,31,0,0,31,38
2020-10-19,US,Colorado,Rio Blanco,25,0,0,39.97913541,-108.2179009,8103.0,395.31941808981657,0.0,25,25,0,0,25,25,6336,0,0,0,0,0
2020-10-19,US,Colorado,Rio Grande,115,2,0,37.5836865,-106.3847838,8105.0,1020.679861542558,1.7391304347826086,113,114,2,0,112,114,11250,1,0,0,1,0
2020-10-19,US,Colorado,Routt,187,8,0,40.48596505,-106.9905548,8107.0,729.3860675559716,4.2780748663101615,179,187,8,0,179,185,25733,0,0,0,0,2
2020-10-19,US,Colorado,Saguache,119,2,0,38.08054629,-106.28246599999999,8109.0,1743.8452520515827,1.680672268907563,117,119,2,0,117,119,6843,0,0,0,0,0
2020-10-19,US,Colorado,San Juan,6,0,0,37.76248981,-107.67632890000002,8111.0,824.1758241758242,0.0,6,6,0,0,6,6,762,0,0,0,0,0
2020-10-19,US,Colorado,San Miguel,100,0,0,38.00450883,-108.4020725,8113.0,1222.643354933366,0.0,100,100,0,0,100,100,8191,0,0,0,0,0
2020-10-19,US,Colorado,Sedgwick,26,1,0,40.87595412,-102.3519227,8115.0,1156.5836298932386,3.8461538461538463,25,25,1,0,24,22,2303,1,0,0,1,3
2020-10-19,US,Colorado,Summit,567,4,0,39.63803232,-106.1150762,8117.0,1828.383476830802,0.7054673721340388,563,563,4,0,559,549,31007,4,0,0,4,14
2020-10-19,US,Colorado,Teller,195,4,0,38.88133511,-105.16148929999999,8119.0,768.079407594139,2.051282051282051,191,192,4,0,188,192,25083,3,0,0,3,0
2020-10-19,US,Colorado,Washington,78,0,0,39.97015535,-103.202587,8121.0,1589.2420537897312,0.0,78,78,0,0,78,78,4909,0,0,0,0,0
2020-10-19,US,Colorado,Weld,5442,158,0,40.55499405,-104.39296209999999,8123.0,1677.082948115824,2.9033443586916574,5284,5392,156,0,5236,5367,314305,50,2,0,48,25
2020-10-19,US,Colorado,Yuma,188,1,0,40.00346839,-102.4258673,8125.0,1876.4347739295333,0.5319148936170213,187,179,1,0,178,179,10020,9,0,0,9,0
2020-10-19,US,Connecticut,Fairfield,21674,1429,0,41.26809896,-73.3881171,9001.0,2297.600420636637,6.593153086647597,20245,21368,1427,0,19941,21368,943823,306,2,0,304,0
2020-10-19,US,Connecticut,Hartford,16568,1449,0,41.80283011,-72.73103891,9003.0,1857.982326290764,8.745774987928536,15119,16273,1445,0,14828,16273,892697,295,4,0,291,0
2020-10-19,US,Connecticut,Litchfield,2033,143,0,41.7937534,-73.2451475,9005.0,1127.35883060782,7.033939990162323,1890,1991,143,0,1848,1991,181111,42,0,0,42,0
2020-10-19,US,Connecticut,Middlesex,1809,195,0,41.45949668,-72.53714864,9007.0,1113.6693836341697,10.779436152570481,1614,1754,194,0,1560,1754,162682,55,1,0,54,0
2020-10-19,US,Connecticut,New Haven,15680,1120,0,41.408032500000004,-72.93620426,9009.0,1834.4394956695287,7.142857142857142,14560,15455,1119,0,14336,15455,857620,225,1,0,224,0
2020-10-19,US,Connecticut,New London,3234,134,0,41.48896435,-72.10430976,9011.0,1219.4294246736501,4.1434755720470005,3100,3083,130,0,2953,3083,266784,151,4,0,147,0
2020-10-19,US,Connecticut,Tolland,1600,67,0,41.85853803,-72.3308481,9013.0,1061.5640819792861,4.1875,1533,1565,67,0,1498,1565,150921,35,0,0,35,0
2020-10-19,US,Connecticut,Unassigned,157,0,0,0.0,0.0,90009.0,0.0,0.0,157,125,0,0,125,125,,32,0,0,32,0
2020-10-19,US,Connecticut,Windham,1266,17,0,41.82972709,-71.98182316,9015.0,1084.071175352366,1.3428120063191151,1249,1216,17,0,1199,1216,117027,50,0,0,50,0
2020-10-19,US,Delaware,Kent,3345,119,0,39.08646628,-75.56884914,10001.0,1850.253891341144,3.5575485799701045,3226,3331,119,0,3212,3316,178550,14,0,0,14,15
2020-10-19,US,Delaware,New Castle,12200,333,0,39.57992638,-75.64054974,10003.0,2183.433467023891,2.7295081967213117,11867,12153,332,0,11821,12059,559335,47,1,0,46,94
2020-10-19,US,Delaware,Sussex,7560,214,0,38.66143781,-75.39031349,10005.0,3227.6657060518733,2.8306878306878307,7346,7518,214,0,7304,7476,229286,42,0,0,42,42
2020-10-19,US,Delaware,Unassigned,91,0,0,0.0,0.0,90010.0,0.0,0.0,91,91,0,0,91,91,,0,0,0,0,0
2020-10-19,US,District of Columbia,District of Columbia,16395,641,0,38.90417773,-77.01655992,11001.0,2323.0638654819204,3.9097285757852998,15754,16370,641,0,15729,16334,702455,25,0,0,25,36
2020-10-19,US,Florida,Alachua,9496,73,0,29.67866525,-82.35928158,12001.0,3529.547321431889,0.7687447346251053,9423,9452,71,0,9381,9412,269956,44,2,0,42,40
2020-10-19,US,Florida,Baker,1691,17,0,30.33060121,-82.28467476,12003.0,5789.1133173570715,1.0053222945002958,1674,1685,17,0,1668,1681,28355,6,0,0,6,4
2020-10-19,US,Florida,Bay,6450,128,0,30.26548745,-85.62122584,12005.0,3691.937838069889,1.984496124031008,6322,6449,127,0,6322,6436,185287,1,1,0,0,13
2020-10-19,US,Florida,Bradford,1202,12,0,29.95079741,-82.16611613,12007.0,4262.260203538882,0.9983361064891848,1190,1202,12,0,1190,1201,27732,0,0,0,0,1
2020-10-19,US,Florida,Brevard,10427,347,0,28.29409504,-80.73091022,12009.0,1732.2266929371933,3.32789872446533,10080,10397,345,0,10052,10349,596849,30,2,0,28,48
2020-10-19,US,Florida,Broward,81277,1515,0,26.15184651,-80.48725556,12011.0,4162.121859217997,1.863995964417978,79762,81107,1510,0,79597,80820,1951260,170,5,0,165,287
2020-10-19,US,Florida,Calhoun,670,14,0,30.40666734,-85.19394153,12013.0,4750.088621056363,2.08955223880597,656,669,14,0,655,668,14587,1,0,0,1,1
2020-10-19,US,Florida,Charlotte,3368,154,0,26.90131002,-81.92949121,12015.0,1782.8595627547504,4.572446555819479,3214,3363,154,0,3209,3349,184998,5,0,0,5,14
2020-10-19,US,Florida,Citrus,3045,131,0,28.84804315,-82.47614748,12017.0,2034.652572215132,4.302134646962233,2914,3040,130,0,2910,3030,147929,5,1,0,4,10
2020-10-19,US,Florida,Clay,5745,116,0,29.98319144,-81.85609986,12019.0,2620.272563078102,2.019147084421236,5629,5722,116,0,5606,5684,216072,23,0,0,23,38
2020-10-19,US,Florida,Collier,13653,246,0,26.11091986,-81.34687065,12021.0,3547.136673750721,1.8018018018018016,13407,13621,245,0,13376,13588,378488,32,1,0,31,33
2020-10-19,US,Florida,Columbia,4108,71,0,30.22509788,-82.62160164,12023.0,5730.5471082219665,1.7283349561830574,4037,4107,71,0,4036,4100,70503,1,0,0,1,7
2020-10-19,US,Florida,DeSoto,1627,28,0,27.18677893,-81.80941373,12027.0,4281.466277203232,1.720958819913952,1599,1626,28,0,1598,1620,37489,1,0,0,1,6
2020-10-19,US,Florida,Dixie,868,11,0,29.60631086,-83.15724673,12029.0,5158.682990609771,1.2672811059907834,857,868,11,0,857,867,16700,0,0,0,0,1
2020-10-19,US,Florida,Duval,32951,511,0,30.33225875,-81.66976468,12031.0,3440.441449013579,1.5507875330035508,32440,32887,508,0,32379,32772,950181,64,3,0,61,115
2020-10-19,US,Florida,Escambia,12997,269,0,30.67652764,-87.37284571,12033.0,4083.049548247653,2.0697083942448256,12728,12989,269,0,12720,12959,315534,8,0,0,8,30
2020-10-19,US,Florida,Flagler,1971,37,0,29.45933576,-81.31508595,12035.0,1712.7067022358167,1.8772196854388636,1934,1956,35,0,1921,1945,112067,15,2,0,13,11
2020-10-19,US,Florida,Franklin,718,4,0,29.83791238,-84.82731662,12037.0,5921.649484536081,0.5571030640668524,714,699,4,0,695,691,11736,19,0,0,19,8
2020-10-19,US,Florida,Gadsden,3031,54,0,30.57796289,-84.61915825,12039.0,6638.195356986422,1.7815902342461234,2977,3030,54,0,2976,3019,45894,1,0,0,1,11
2020-10-19,US,Florida,Gilchrist,540,18,0,29.72856978,-82.79880657,12041.0,2906.038101388441,3.333333333333333,522,540,17,0,523,540,18256,0,1,0,-1,0
2020-10-19,US,Florida,Glades,588,6,0,26.95635849,-81.18996211,12043.0,4257.475924987329,1.020408163265306,582,587,6,0,581,587,13724,1,0,0,1,0
2020-10-19,US,Florida,Gulf,925,15,0,29.93543004,-85.24270990000002,12045.0,6782.022142385806,1.6216216216216215,910,924,15,0,909,921,16164,1,0,0,1,3
2020-10-19,US,Florida,Hamilton,889,9,0,30.49673973,-82.94998918,12047.0,6161.630163570834,1.0123734533183353,880,889,9,0,880,890,14310,0,0,0,0,-1
2020-10-19,US,Florida,Hardee,1534,13,0,27.49293939,-81.80956574,12049.0,5694.769276459888,0.8474576271186439,1521,1533,13,0,1520,1524,27245,1,0,0,1,9
2020-10-19,US,Florida,Hendry,2160,43,0,26.55386945,-81.16469006,12051.0,5140.1646756460905,1.9907407407407407,2117,2154,43,0,2111,2147,41556,6,0,0,6,7
2020-10-19,US,Florida,Hernando,3458,156,0,28.55364461,-82.42700204,12053.0,1783.2095709570956,4.511278195488722,3302,3451,155,0,3296,3425,190865,7,1,0,6,26
2020-10-19,US,Florida,Highlands,2443,103,0,27.34254618,-81.34071957,12055.0,2299.921861025597,4.216127711829716,2340,2442,102,0,2340,2431,105424,1,1,0,0,11
2020-10-19,US,Florida,Hillsborough,45538,751,0,27.9276559,-82.32013172,12057.0,3093.681384377921,1.6491721199877023,44787,45455,750,0,44705,45275,1436888,83,1,0,82,180
2020-10-19,US,Florida,Holmes,836,11,0,30.86747479,-85.81319222,12059.0,4261.609828210226,1.3157894736842106,825,835,11,0,824,836,19477,1,0,0,1,-1
2020-10-19,US,Florida,Indian River,3551,122,0,27.69308961,-80.60556721,12061.0,2220.4435884769546,3.435651929034075,3429,3542,122,0,3420,3520,157413,9,0,0,9,22
2020-10-19,US,Florida,Jackson,3047,83,0,30.795459700000002,-85.21500423,12063.0,6564.829577282717,2.7239908106334103,2964,3042,83,0,2959,3035,48305,5,0,0,5,7
2020-10-19,US,Florida,Jefferson,626,9,0,30.43669112,-83.89442308,12065.0,4394.215920258318,1.437699680511182,617,625,9,0,616,620,14288,1,0,0,1,5
2020-10-19,US,Florida,Lafayette,1262,15,0,29.98484137,-83.18166636,12067.0,14984.56423652339,1.1885895404120443,1247,1261,15,0,1246,1260,8732,1,0,0,1,1
2020-10-19,US,Florida,Lake,8195,218,0,28.76202069,-81.7125123,12069.0,2232.252300350296,2.660158633312996,7977,8168,218,0,7950,8130,356495,27,0,0,27,38
2020-10-19,US,Florida,Lee,22023,494,0,26.58410348,-81.88399313,12071.0,2857.988234790293,2.2431094764564317,21529,21962,492,0,21470,21883,754610,61,2,0,59,79
2020-10-19,US,Florida,Leon,11646,99,0,30.45955727,-84.27491114,12073.0,3966.8644535427916,0.8500772797527048,11547,11639,98,0,11541,11616,292502,7,1,0,6,23
2020-10-19,US,Florida,Levy,1101,11,0,29.31829741,-82.74007147,12075.0,2652.820278052189,0.9990917347865576,1090,1101,11,0,1090,1100,40770,0,0,0,0,1
2020-10-19,US,Florida,Liberty,525,10,0,30.23766008,-84.8829258,12077.0,6284.414651663875,1.9047619047619049,515,524,10,0,514,523,8457,1,0,0,1,1
2020-10-19,US,Florida,Madison,1059,24,0,30.44396917,-83.47398594,12079.0,5726.491104742335,2.26628895184136,1035,1059,24,0,1035,1053,18529,0,0,0,0,6
2020-10-19,US,Florida,Manatee,12584,320,0,27.47196942,-82.31831044,12081.0,3120.621545282986,2.542911633820725,12264,12538,320,0,12218,12488,394855,46,0,0,46,50
2020-10-19,US,Florida,Marion,10458,335,0,29.21227113,-82.05803627,12083.0,2860.6675985217967,3.203289347867661,10123,10444,335,0,10109,10416,359977,14,0,0,14,28
2020-10-19,US,Florida,Martin,5181,158,0,27.0772071,-80.43109784,12085.0,3218.0124223602484,3.0496043234896737,5023,5173,155,0,5018,5169,160912,8,3,0,5,4
2020-10-19,US,Florida,Miami-Dade,178726,3547,0,25.6112362,-80.55170587,12086.0,6578.209309002039,1.9846021283976591,175179,178354,3540,0,174814,177893,2761581,372,7,0,365,461
2020-10-19,US,Florida,Monroe,2080,25,0,25.20904673,-81.07812416,12087.0,2802.177076035997,1.2019230769230769,2055,2049,25,0,2024,2038,75027,31,0,0,31,11
2020-10-19,US,Florida,Nassau,2343,50,0,30.61037141,-81.80297522,12089.0,2643.7235543018337,2.1340162185232607,2293,2342,50,0,2292,2335,85832,1,0,0,1,7
2020-10-19,US,Florida,Okaloosa,5820,129,0,30.69143028,-86.59267105,12091.0,2761.723087435584,2.216494845360825,5691,5793,128,0,5665,5756,207269,27,1,0,26,37
2020-10-19,US,Florida,Okeechobee,1666,37,0,27.386336199999995,-80.88944347,12093.0,3950.863213811421,2.2208883553421366,1629,1665,37,0,1628,1663,41537,1,0,0,1,2
2020-10-19,US,Florida,Orange,43621,534,0,28.51367621,-81.31799498,12095.0,3130.4271693606956,1.224181013731918,43087,43453,530,0,42923,43302,1380645,168,4,0,164,151
2020-10-19,US,Florida,Osceola,13501,182,0,28.06312234,-81.14882926,12097.0,3593.070943257636,1.3480482927190578,13319,13474,181,0,13293,13436,367990,27,1,0,26,38
2020-10-19,US,Florida,Palm Beach,49068,1497,0,26.64676272,-80.46536002,12099.0,3278.259184777889,3.050868182929812,47571,49011,1490,0,47521,48870,1485941,57,7,0,50,141
2020-10-19,US,Florida,Pasco,10238,224,0,28.30810945,-82.40227529,12101.0,1848.1912529538024,2.1879273295565542,10014,10216,225,0,9991,10169,539630,22,-1,0,23,47
2020-10-19,US,Florida,Pinellas,24169,801,0,27.93130349,-82.72239666,12103.0,2478.881964643957,3.314162770491125,23368,24099,800,0,23299,23982,975280,70,1,0,69,117
2020-10-19,US,Florida,Polk,21837,589,0,27.95027105,-81.69732947,12105.0,3012.926734705985,2.697256949214636,21248,21780,586,0,21194,21713,708009,57,3,0,54,67
2020-10-19,US,Florida,Putnam,2272,48,0,29.60779729,-81.74230285,12107.0,3048.805034822399,2.112676056338028,2224,2269,48,0,2221,2262,74163,3,0,0,3,7
2020-10-19,US,Florida,Santa Rosa,5725,85,0,30.69341450000001,-87.02458128,12113.0,3106.129247530017,1.48471615720524,5640,5722,85,0,5637,5705,179349,3,0,0,3,17
2020-10-19,US,Florida,Sarasota,9057,311,0,27.18546175,-82.33174248,12115.0,2088.1076769139263,3.433808104228773,8746,9020,311,0,8709,8969,426718,37,0,0,37,51
2020-10-19,US,Florida,Seminole,9737,235,0,28.7158582,-81.24060348,12117.0,2063.6844938600248,2.4134743760911985,9502,9711,235,0,9476,9674,467832,26,0,0,26,37
2020-10-19,US,Florida,St. Johns,5990,78,0,29.90096506,-81.43589967,12109.0,2263.178575746585,1.3021702838063438,5912,5979,78,0,5901,5944,254261,11,0,0,11,35
2020-10-19,US,Florida,St. Lucie,8616,318,0,27.37763908,-80.47106649,12111.0,2624.4528582350736,3.6908077994428967,8298,8599,317,0,8282,8562,321128,17,1,0,16,37
2020-10-19,US,Florida,Sumter,2754,80,0,28.70181754,-82.0794267,12119.0,2079.7462618939735,2.9048656499636887,2674,2756,79,0,2677,2742,128754,-2,1,0,-3,14
2020-10-19,US,Florida,Suwannee,2922,77,0,30.19746066,-82.99099670000003,12121.0,6578.562262196907,2.6351813826146477,2845,2919,77,0,2842,2916,44191,3,0,0,3,3
2020-10-19,US,Florida,Taylor,1424,15,0,30.04848048,-83.60445406,12123.0,6602.067782465576,1.053370786516854,1409,1422,15,0,1407,1418,21623,2,0,0,2,4
2020-10-19,US,Florida,Unassigned,1984,0,0,0.0,0.0,90012.0,0.0,0.0,1984,1972,0,0,1972,1961,,12,0,0,12,11
2020-10-19,US,Florida,Union,1082,28,0,30.04412971,-82.37497443,12125.0,7101.135394106452,2.587800369685767,1054,1081,27,0,1054,1077,14940,1,1,0,0,4
2020-10-19,US,Florida,Volusia,11976,307,0,29.05858895,-81.18263252,12127.0,2164.5303316199274,2.5634602538410154,11669,11943,306,0,11637,11903,547538,33,1,0,32,40
2020-10-19,US,Florida,Wakulla,1252,10,0,30.16548905,-84.39895211,12129.0,3710.839088295445,0.7987220447284346,1242,1246,10,0,1236,1243,32461,6,0,0,6,3
2020-10-19,US,Florida,Walton,2227,29,0,30.64204028,-86.16935664,12131.0,3006.5747728530732,1.3022002694207453,2198,2217,29,0,2188,2206,71375,10,0,0,10,11
2020-10-19,US,Florida,Washington,1176,24,0,30.61359259,-85.66002461,12133.0,4616.652926628194,2.0408163265306123,1152,1171,24,0,1147,1162,24880,5,0,0,5,9
2020-10-19,US,Georgia,Appling,1134,35,0,31.74847232,-82.28909114,13001.0,6167.736321113892,3.08641975308642,1099,1130,35,0,1095,1129,18507,4,0,0,4,1
2020-10-19,US,Georgia,Atkinson,472,5,0,31.29633502,-82.87545866,13003.0,5780.771586037968,1.0593220338983051,467,471,5,0,466,471,8297,1,0,0,1,0
2020-10-19,US,Georgia,Bacon,623,14,0,31.55456473,-82.45936528,13005.0,5580.437119312074,2.247191011235955,609,623,14,0,609,623,11185,0,0,0,0,0
2020-10-19,US,Georgia,Baker,87,6,0,31.32669878,-84.44218806,13007.0,2863.7261356155364,6.896551724137932,81,87,6,0,81,86,3092,0,0,0,0,1
2020-10-19,US,Georgia,Baldwin,2250,63,0,33.06882326,-83.24701748,13009.0,5012.252171975942,2.8,2187,2245,63,0,2182,2241,44823,5,0,0,5,4
2020-10-19,US,Georgia,Banks,541,8,0,34.35607081,-83.49644388,13011.0,2812.7274617864205,1.478743068391867,533,540,8,0,532,536,18988,1,0,0,1,4
2020-10-19,US,Georgia,Barrow,2487,50,0,33.99148694,-83.71436292,13013.0,2987.7462758289284,2.0104543626859672,2437,2479,50,0,2429,2471,80809,8,0,0,8,8
2020-10-19,US,Georgia,Bartow,3367,92,0,34.23732119,-84.83887523,13015.0,3125.1740333030125,2.732402732402732,3275,3350,92,0,3258,3325,106408,17,0,0,17,25
2020-10-19,US,Georgia,Ben Hill,846,32,0,31.76095874,-83.22145359,13017.0,5065.868263473054,3.7825059101654848,814,846,32,0,814,843,16787,0,0,0,0,3
2020-10-19,US,Georgia,Berrien,478,12,0,31.27590016,-83.22529920000002,13019.0,2464.298602876733,2.510460251046025,466,478,12,0,466,478,19252,0,0,0,0,0
2020-10-19,US,Georgia,Bibb,6474,188,0,32.80904227,-83.70489165,13021.0,4226.979805300374,2.9039233858510967,6286,6458,188,0,6270,6443,153095,16,0,0,16,15
2020-10-19,US,Georgia,Bleckley,501,21,0,32.43829035,-83.33035166,13023.0,3891.866697739455,4.1916167664670665,480,499,21,0,478,501,12838,2,0,0,2,-2
2020-10-19,US,Georgia,Brantley,408,12,0,31.19576557,-81.97743999,13025.0,2135.1195771625935,2.9411764705882355,396,404,12,0,392,403,18897,4,0,0,4,1
2020-10-19,US,Georgia,Brooks,544,26,0,30.83922642,-83.58303423,13027.0,3519.441029954067,4.779411764705882,518,544,26,0,518,544,15513,0,0,0,0,0
2020-10-19,US,Georgia,Bryan,1264,14,0,32.00979311,-81.44002948,13029.0,3189.7443662149544,1.1075949367088609,1250,1260,14,0,1246,1249,38109,4,0,0,4,11
2020-10-19,US,Georgia,Bulloch,3019,33,0,32.39577406,-81.74811421,13031.0,3792.332428901617,1.093077177873468,2986,3015,33,0,2982,3002,77296,4,0,0,4,13
2020-10-19,US,Georgia,Burke,869,11,0,33.05917989,-81.99928721,13033.0,3882.410758164679,1.2658227848101269,858,869,11,0,858,868,22423,0,0,0,0,1
2020-10-19,US,Georgia,Butts,724,43,0,33.283094500000004,-83.95435040000002,13035.0,2903.432787937119,5.9392265193370175,681,723,43,0,680,721,24193,1,0,0,1,2
2020-10-19,US,Georgia,Calhoun,261,9,0,31.53169785,-84.62725131,13037.0,4217.1594764905485,3.4482758620689653,252,261,9,0,252,261,6352,0,0,0,0,0
2020-10-19,US,Georgia,Camden,1385,17,0,30.92951916,-81.66601818,13039.0,2533.567482530275,1.2274368231046928,1368,1384,17,0,1367,1378,53677,1,0,0,1,6
2020-10-19,US,Georgia,Candler,522,24,0,32.40209349,-82.07702563,13043.0,4831.991113579561,4.597701149425287,498,520,24,0,496,518,10836,2,0,0,2,2
2020-10-19,US,Georgia,Carroll,3184,75,0,33.58138199,-85.07976677,13045.0,2653.510234015601,2.3555276381909547,3109,3170,74,0,3096,3147,118121,14,1,0,13,23
2020-10-19,US,Georgia,Catoosa,1345,20,0,34.89872298,-85.13757014,13047.0,1990.233796981356,1.4869888475836432,1325,1341,20,0,1321,1338,67420,4,0,0,4,3
2020-10-19,US,Georgia,Charlton,643,10,0,30.78371028,-82.13951596,13049.0,4801.3739545997605,1.5552099533437014,633,643,10,0,633,643,12968,0,0,0,0,0
2020-10-19,US,Georgia,Chatham,9125,182,0,32.00043026,-81.12489526,13051.0,3152.7485056835853,1.9945205479452053,8943,9101,181,0,8920,9076,289195,24,1,0,23,25
2020-10-19,US,Georgia,Chattahoochee,1718,1,0,32.34341231,-84.78809239,13053.0,15751.352342532316,0.05820721769499417,1717,1718,1,0,1717,1718,10684,0,0,0,0,0
2020-10-19,US,Georgia,Chattooga,875,27,0,34.47197698,-85.34535662,13055.0,3529.7914397515033,3.085714285714286,848,874,27,0,847,873,24790,1,0,0,1,1
2020-10-19,US,Georgia,Cherokee,6756,100,0,34.24393976,-84.47431861,13057.0,2610.7824232048943,1.4801657785671996,6656,6746,100,0,6646,6715,254149,10,0,0,10,31
2020-10-19,US,Georgia,Clarke,5551,46,0,33.95436462,-83.37124007,13059.0,4325.5331915125735,0.8286795172041074,5505,5551,46,0,5505,5533,127330,0,0,0,0,18
2020-10-19,US,Georgia,Clay,122,3,0,31.62221166,-84.97713865,13061.0,4304.8694424841215,2.459016393442623,119,122,3,0,119,122,2887,0,0,0,0,0
2020-10-19,US,Georgia,Clayton,7859,174,0,33.54187245,-84.35594188,13063.0,2689.0808058688267,2.2140221402214024,7685,7842,174,0,7668,7799,289615,17,0,0,17,43
2020-10-19,US,Georgia,Clinch,424,12,0,30.91395822,-82.70432472,13065.0,6406.769416742218,2.830188679245283,412,422,12,0,410,419,6648,2,0,0,2,3
2020-10-19,US,Georgia,Cobb,21196,448,0,33.94243204,-84.5761255,13067.0,2788.4300412686603,2.1136063408190227,20748,21158,447,0,20711,21118,756865,38,1,0,37,40
2020-10-19,US,Georgia,Coffee,2187,59,0,31.54892966,-82.85492059999999,13069.0,5053.959743951194,2.6977594878829447,2128,2186,59,0,2127,2183,43093,1,0,0,1,3
2020-10-19,US,Georgia,Colquitt,2072,39,0,31.18810588,-83.7677946,13071.0,4543.859649122807,1.882239382239382,2033,2070,39,0,2031,2068,45592,2,0,0,2,2
2020-10-19,US,Georgia,Columbia,4180,64,0,33.54534185,-82.263524,13073.0,2667.2792475464857,1.5311004784688995,4116,4164,64,0,4100,4135,154291,16,0,0,16,29
2020-10-19,US,Georgia,Cook,571,16,0,31.16068491,-83.42947229,13075.0,3306.311522872033,2.8021015761821366,555,571,15,0,556,571,17162,0,1,0,-1,0
2020-10-19,US,Georgia,Coweta,2861,60,0,33.35334302,-84.76129976,13077.0,1926.4825700799279,2.097168822090178,2801,2851,60,0,2791,2837,145864,10,0,0,10,14
2020-10-19,US,Georgia,Crawford,189,6,0,32.71391813,-83.98061238,13079.0,1523.7020316027088,3.1746031746031744,183,189,6,0,183,189,12318,0,0,0,0,0
2020-10-19,US,Georgia,Crisp,631,23,0,31.92289565,-83.76811843,13081.0,2820.489898086895,3.645007923930269,608,631,23,0,608,629,22601,0,0,0,0,2
2020-10-19,US,Georgia,Dade,325,5,0,34.854916700000004,-85.50490424,13083.0,2016.6294365847605,1.5384615384615383,320,324,5,0,319,323,16226,1,0,0,1,1
2020-10-19,US,Georgia,Dawson,886,10,0,34.44244079,-84.16964071,13085.0,3393.5958326949603,1.1286681715575622,876,886,10,0,876,885,25083,0,0,0,0,1
2020-10-19,US,Georgia,DeKalb,20306,390,0,33.76944049,-84.22396017,13089.0,2674.315847422023,1.9206145966709347,19916,20275,390,0,19885,20182,756558,31,0,0,31,93
2020-10-19,US,Georgia,Decatur,1260,34,0,30.87967778,-84.57619536,13087.0,4772.0042417815475,2.6984126984126986,1226,1259,34,0,1225,1256,26575,1,0,0,1,3
2020-10-19,US,Georgia,Dodge,526,14,0,32.17265114,-83.16948926,13091.0,2552.77845183208,2.661596958174905,512,521,14,0,507,520,20705,5,0,0,5,1
2020-10-19,US,Georgia,Dooly,360,16,0,32.15630737,-83.79746561,13093.0,2688.5735623599703,4.4444444444444455,344,359,16,0,343,356,13706,1,0,0,1,3
2020-10-19,US,Georgia,Dougherty,3267,190,0,31.53328528,-84.21722377,13095.0,3714.357178589295,5.8157330884603615,3077,3262,190,0,3072,3254,91243,5,0,0,5,8
2020-10-19,US,Georgia,Douglas,3948,71,0,33.70291126,-84.77026156,13097.0,2697.771673397429,1.7983789260385006,3877,3945,71,0,3874,3933,145331,3,0,0,3,12
2020-10-19,US,Georgia,Early,530,34,0,31.32155345,-84.90255207,13099.0,5201.177625122669,6.415094339622643,496,529,34,0,495,524,10247,1,0,0,1,5
2020-10-19,US,Georgia,Echols,244,2,0,30.71101099,-82.89687287,13101.0,6090.863704443335,0.819672131147541,242,244,2,0,242,244,4000,0,0,0,0,0
2020-10-19,US,Georgia,Effingham,1707,28,0,32.36616021,-81.34280942,13103.0,2654.9085479656587,1.6403046280023432,1679,1689,28,0,1661,1671,62190,18,0,0,18,18
2020-10-19,US,Georgia,Elbert,749,8,0,34.11302332,-82.83936148,13105.0,3902.261123267688,1.068090787716956,741,744,8,0,736,742,19120,5,0,0,5,2
2020-10-19,US,Georgia,Emanuel,1165,36,0,32.59221302,-82.30239915,13107.0,5144.396361388324,3.0901287553648067,1129,1163,36,0,1127,1155,22612,2,0,0,2,8
2020-10-19,US,Georgia,Evans,464,6,0,32.15328841,-81.8870105,13109.0,4355.171766472687,1.293103448275862,458,461,6,0,455,459,10721,3,0,0,3,2
2020-10-19,US,Georgia,Fannin,780,28,0,34.86430205,-84.316964,13111.0,2978.463418359554,3.58974358974359,752,780,28,0,752,776,25964,0,0,0,0,4
2020-10-19,US,Georgia,Fayette,2049,53,0,33.41357794,-84.49089434,13113.0,1790.7551935396475,2.5866276232308443,1996,2040,52,0,1988,2019,113459,9,1,0,8,21
2020-10-19,US,Georgia,Floyd,3626,55,0,34.26268279,-85.21577392,13115.0,3681.293021178095,1.5168229453943742,3571,3610,55,0,3555,3589,97927,16,0,0,16,21
2020-10-19,US,Georgia,Forsyth,4560,52,0,34.22604035,-84.12315129999998,13117.0,1866.9243240587589,1.1403508771929824,4508,4550,51,0,4499,4527,236612,10,1,0,9,23
2020-10-19,US,Georgia,Franklin,843,17,0,34.37525597,-83.23159927,13119.0,3610.432994989079,2.0166073546856467,826,834,17,0,817,834,23023,9,0,0,9,0
2020-10-19,US,Georgia,Fulton,29885,607,0,33.79216944,-84.46319413,13121.0,2808.906918360768,2.0311192906140203,29278,29819,606,0,29213,29678,1050114,66,1,0,65,141
2020-10-19,US,Georgia,Gilmer,982,19,0,34.69316688,-84.45802506,13123.0,3130.479135452198,1.9348268839103868,963,979,19,0,960,973,30816,3,0,0,3,6
2020-10-19,US,Georgia,Glascock,43,2,0,33.22879932,-82.61297636,13125.0,1447.324133288455,4.651162790697675,41,43,2,0,41,42,2995,0,0,0,0,1
2020-10-19,US,Georgia,Glynn,3628,101,0,31.23279254,-81.53811412,13127.0,4253.622848567275,2.783902976846748,3527,3623,101,0,3522,3621,85219,5,0,0,5,2
2020-10-19,US,Georgia,Gordon,2158,42,0,34.50487351,-84.87296253,13129.0,3723.0647136966686,1.946246524559777,2116,2154,42,0,2112,2129,57685,4,0,0,4,25
2020-10-19,US,Georgia,Grady,843,25,0,30.87454847,-84.23418364,13131.0,3422.238460601632,2.965599051008304,818,843,25,0,818,839,24748,0,0,0,0,4
2020-10-19,US,Georgia,Greene,556,25,0,33.5769205,-83.17139104,13133.0,3034.2719930146254,4.496402877697841,531,555,25,0,530,550,17698,1,0,0,1,5
2020-10-19,US,Georgia,Gwinnett,29748,434,0,33.96044201,-84.02137802,13135.0,3177.356475300401,1.4589216081753396,29314,29689,433,0,29256,29558,927781,59,1,0,58,131
2020-10-19,US,Georgia,Habersham,1829,75,0,34.63331566,-83.53094677,13137.0,4035.033533356865,4.1006014215418265,1754,1828,74,0,1754,1826,45388,1,1,0,0,2
2020-10-19,US,Georgia,Hall,10345,168,0,34.32207823,-83.81896936,13139.0,5060.139600178047,1.6239729337844369,10177,10331,168,0,10163,10309,202148,14,0,0,14,22
2020-10-19,US,Georgia,Hancock,412,44,0,33.2721566,-82.99766919,13141.0,4871.703913917465,10.679611650485436,368,412,44,0,368,412,8348,0,0,0,0,0
2020-10-19,US,Georgia,Haralson,600,10,0,33.79602175,-85.21005667,13143.0,2013.963480128893,1.6666666666666667,590,598,10,0,588,593,29533,2,0,0,2,5
2020-10-19,US,Georgia,Harris,837,25,0,32.73709786,-84.90538572,13145.0,2375.4115109547056,2.986857825567503,812,835,25,0,810,835,34475,2,0,0,2,0
2020-10-19,US,Georgia,Hart,559,16,0,34.34626973,-82.96567682,13147.0,2133.1806907078803,2.8622540250447233,543,556,16,0,540,556,26099,3,0,0,3,0
2020-10-19,US,Georgia,Heard,212,6,0,33.29686567,-85.12886832,13149.0,1778.0759875870167,2.830188679245283,206,210,6,0,204,210,11879,2,0,0,2,0
2020-10-19,US,Georgia,Henry,5936,111,0,33.4533428,-84.14814659999998,13151.0,2530.684981731831,1.8699460916442048,5825,5905,110,0,5795,5853,230220,31,1,0,30,52
2020-10-19,US,Georgia,Houston,3449,89,0,32.45802497,-83.66879087,13153.0,2184.805812635006,2.5804581037982017,3360,3434,89,0,3345,3412,155469,15,0,0,15,22
2020-10-19,US,Georgia,Irwin,347,6,0,31.60213036,-83.27501387,13155.0,3685.216652506372,1.7291066282420748,341,347,6,0,341,347,9398,0,0,0,0,0
2020-10-19,US,Georgia,Jackson,2259,40,0,34.13794553,-83.56814788,13157.0,3095.4958411554326,1.7706949977866313,2219,2253,40,0,2213,2245,70422,6,0,0,6,8
2020-10-19,US,Georgia,Jasper,242,4,0,33.31535543,-83.68844964,13159.0,1701.9480976158661,1.6528925619834711,238,241,4,0,237,243,14040,1,0,0,1,-2
2020-10-19,US,Georgia,Jeff Davis,773,22,0,31.80405727,-82.63724870000001,13161.0,5114.125041349653,2.846054333764554,751,774,22,0,752,774,15029,-1,0,0,-1,0
2020-10-19,US,Georgia,Jefferson,835,32,0,33.05867328,-82.41609057,13163.0,5435.490170550711,3.832335329341317,803,831,32,0,799,831,15430,4,0,0,4,0
2020-10-19,US,Georgia,Jenkins,462,32,0,32.79248718,-81.96040187,13165.0,5325.03457814661,6.926406926406926,430,462,32,0,430,462,8683,0,0,0,0,0
2020-10-19,US,Georgia,Johnson,438,22,0,32.70211082,-82.66166794,13167.0,4542.154931038059,5.0228310502283104,416,438,22,0,416,440,9708,0,0,0,0,-2
2020-10-19,US,Georgia,Jones,628,14,0,33.02512137,-83.56019163,13169.0,2185.4880807377763,2.2292993630573252,614,627,14,0,613,625,28616,1,0,0,1,2
2020-10-19,US,Georgia,Lamar,402,19,0,33.07841647,-84.14263877,13171.0,2107.249567542067,4.726368159203981,383,402,19,0,383,399,19000,0,0,0,0,3
2020-10-19,US,Georgia,Lanier,314,7,0,31.03828570000001,-83.06472457,13173.0,3012.568358438069,2.2292993630573252,307,314,7,0,307,311,10340,0,0,0,0,3
2020-10-19,US,Georgia,Laurens,1904,86,0,32.46325233,-82.92221316,13175.0,4004.5429689143148,4.5168067226890765,1818,1896,86,0,1810,1896,47325,8,0,0,8,0
2020-10-19,US,Georgia,Lee,739,27,0,31.779330600000005,-84.14324253,13177.0,2463.990397439317,3.653585926928281,712,737,27,0,710,737,29764,2,0,0,2,0
2020-10-19,US,Georgia,Liberty,1201,24,0,31.82588896,-81.49251135,13179.0,1954.9116952877027,1.9983347210657785,1177,1196,24,0,1172,1187,61497,5,0,0,5,9
2020-10-19,US,Georgia,Lincoln,222,7,0,33.79201475,-82.45024131,13181.0,2802.6764297437194,3.1531531531531534,215,221,7,0,214,221,7915,1,0,0,1,0
2020-10-19,US,Georgia,Long,271,4,0,31.75218791,-81.74952375,13183.0,1385.5514085587195,1.4760147601476017,267,269,4,0,265,268,18998,2,0,0,2,1
2020-10-19,US,Georgia,Lowndes,4310,85,0,30.83568832,-83.27056716,13185.0,3671.021923922117,1.9721577726218096,4225,4300,85,0,4215,4281,116321,10,0,0,10,19
2020-10-19,US,Georgia,Lumpkin,1012,14,0,34.57286511,-84.00425681,13187.0,3011.0086283844093,1.383399209486166,998,1012,14,0,998,1009,32955,0,0,0,0,3
2020-10-19,US,Georgia,Macon,242,10,0,32.35207048,-84.04234127,13193.0,1869.1588785046729,4.132231404958676,232,242,10,0,232,242,13143,0,0,0,0,0
2020-10-19,US,Georgia,Madison,755,11,0,34.12920917,-83.21218732,13195.0,2526.7737617135213,1.456953642384106,744,754,11,0,743,752,29650,1,0,0,1,2
2020-10-19,US,Georgia,Marion,195,9,0,32.3483402,-84.52733571,13197.0,2332.814930015552,4.615384615384615,186,195,9,0,186,195,8351,0,0,0,0,0
2020-10-19,US,Georgia,McDuffie,664,15,0,33.47851918,-82.48252774,13189.0,3115.6156156156158,2.2590361445783134,649,662,15,0,647,660,21531,2,0,0,2,2
2020-10-19,US,Georgia,McIntosh,300,7,0,31.49683595,-81.40163426,13191.0,2086.521073862846,2.333333333333333,293,300,7,0,293,300,14340,0,0,0,0,0
2020-10-19,US,Georgia,Meriwether,576,16,0,33.04163534,-84.68859732,13199.0,2721.2169887088394,2.7777777777777777,560,574,16,0,558,571,21068,2,0,0,2,3
2020-10-19,US,Georgia,Miller,297,2,0,31.16568912,-84.73151117,13201.0,5194.123819517314,0.6734006734006734,295,297,2,0,295,295,5686,0,0,0,0,2
2020-10-19,US,Georgia,Mitchell,844,45,0,31.22483255,-84.19381821,13205.0,3860.4034213054015,5.331753554502369,799,844,45,0,799,844,22192,0,0,0,0,0
2020-10-19,US,Georgia,Monroe,744,54,0,33.014289,-83.92097166,13207.0,2697.802596272391,7.258064516129032,690,743,54,0,689,740,27520,1,0,0,1,3
2020-10-19,US,Georgia,Montgomery,357,9,0,32.17201038,-82.53527476,13209.0,3892.280854775403,2.5210084033613445,348,356,9,0,347,357,9193,1,0,0,1,-1
2020-10-19,US,Georgia,Morgan,515,5,0,33.59232073,-83.49129491,13211.0,2671.7161236771108,0.9708737864077671,510,515,5,0,510,512,18853,0,0,0,0,3
2020-10-19,US,Georgia,Murray,962,8,0,34.78897608,-84.74993177,13213.0,2399.241819632881,0.8316008316008316,954,954,8,0,946,946,39921,8,0,0,8,8
2020-10-19,US,Georgia,Muscogee,6268,173,0,32.50931999,-84.87142262,13215.0,3201.732654301753,2.7600510529674542,6095,6260,173,0,6087,6249,194160,8,0,0,8,11
2020-10-19,US,Georgia,Newton,2788,94,0,33.55514538,-83.84547140000002,13217.0,2494.9885452462768,3.3715925394548063,2694,2783,94,0,2689,2772,109541,5,0,0,5,11
2020-10-19,US,Georgia,Oconee,832,27,0,33.83749973,-83.43679568,13219.0,2065.5412115193644,3.2451923076923075,805,828,27,0,801,822,39272,4,0,0,4,6
2020-10-19,US,Georgia,Oglethorpe,391,11,0,33.878629600000004,-83.08278123,13221.0,2562.422177075824,2.8132992327365733,380,391,11,0,380,389,15054,0,0,0,0,2
2020-10-19,US,Georgia,Out of GA,14496,178,0,0.0,0.0,80013.0,0.0,1.227924944812362,14318,14478,178,0,14300,14609,,18,0,0,18,-131
2020-10-19,US,Georgia,Paulding,3027,60,0,33.91969522,-84.86848792,13223.0,1794.660484860702,1.9821605550049557,2967,3022,60,0,2962,3018,164044,5,0,0,5,4
2020-10-19,US,Georgia,Peach,737,24,0,32.56934316,-83.82937,13225.0,2675.524577071081,3.2564450474898234,713,734,24,0,710,733,27297,3,0,0,3,1
2020-10-19,US,Georgia,Pickens,700,9,0,34.46589159,-84.46406611,13227.0,2147.832223620018,1.2857142857142858,691,693,9,0,684,691,31980,7,0,0,7,2
2020-10-19,US,Georgia,Pierce,647,24,0,31.35928155,-82.21598442,13229.0,3323.914718725918,3.709428129829985,623,648,24,0,624,643,19389,-1,0,0,-1,5
2020-10-19,US,Georgia,Pike,375,12,0,33.09310242,-84.38790389,13231.0,1977.6394895053265,3.2,363,374,11,0,363,373,18634,1,1,0,0,1
2020-10-19,US,Georgia,Polk,1627,25,0,34.00267074,-85.18677781,13233.0,3818.083683383005,1.5365703749231714,1602,1619,25,0,1594,1611,42470,8,0,0,8,8
2020-10-19,US,Georgia,Pulaski,326,23,0,32.23334561,-83.47549959999998,13235.0,2927.1796713657177,7.0552147239263805,303,325,23,0,302,325,11069,1,0,0,1,0
2020-10-19,US,Georgia,Putnam,772,27,0,33.32056115,-83.37552891,13237.0,3490.2120349021197,3.4974093264248705,745,771,27,0,744,765,21809,1,0,0,1,6
2020-10-19,US,Georgia,Quitman,38,1,0,31.86728114,-85.01773177,13239.0,1652.892561983471,2.631578947368421,37,38,1,0,37,38,2279,0,0,0,0,0
2020-10-19,US,Georgia,Rabun,413,11,0,34.88389445,-83.40304637,13241.0,2409.990079943981,2.6634382566585955,402,412,11,0,401,409,16867,1,0,0,1,3
2020-10-19,US,Georgia,Randolph,338,29,0,31.76622818,-84.75732369,13243.0,4986.721746827973,8.579881656804734,309,338,29,0,309,338,6833,0,0,0,0,0
2020-10-19,US,Georgia,Richmond,7728,174,0,33.35777107,-82.07026432,13245.0,3815.9571001096197,2.2515527950310563,7554,7708,174,0,7534,7667,201554,20,0,0,20,41
2020-10-19,US,Georgia,Rockdale,2032,40,0,33.65145002,-84.02202167,13247.0,2235.5219151557826,1.9685039370078738,1992,2025,40,0,1985,2012,90594,7,0,0,7,13
2020-10-19,US,Georgia,Schley,109,2,0,32.2654021,-84.31258912,13249.0,2073.4259083127263,1.834862385321101,107,108,2,0,106,108,5236,1,0,0,1,0
2020-10-19,US,Georgia,Screven,445,11,0,32.74976524,-81.60779441,13251.0,3186.309609050552,2.4719101123595504,434,444,11,0,433,441,13938,1,0,0,1,3
2020-10-19,US,Georgia,Seminole,382,11,0,30.93464824,-84.86823924,13253.0,4721.878862793572,2.8795811518324608,371,380,11,0,369,380,8315,2,0,0,2,0
2020-10-19,US,Georgia,Spalding,1485,62,0,33.26310031,-84.28013991,13255.0,2226.286673762799,4.175084175084175,1423,1477,62,0,1415,1467,66100,8,0,0,8,10
2020-10-19,US,Georgia,Stephens,1242,41,0,34.55151201,-83.29405315,13257.0,4790.742526518804,3.3011272141706924,1201,1239,41,0,1198,1239,26035,3,0,0,3,0
2020-10-19,US,Georgia,Stewart,527,16,0,32.07996777,-84.83208037,13259.0,7959.522730705332,3.036053130929792,511,526,16,0,510,526,6199,1,0,0,1,0
2020-10-19,US,Georgia,Sumter,958,69,0,32.03650571,-84.19821492,13261.0,3244.817775369191,7.202505219206682,889,955,68,0,887,954,29733,3,1,0,2,1
2020-10-19,US,Georgia,Talbot,169,7,0,32.69642758,-84.53351366,13263.0,2728.006456820016,4.142011834319527,162,168,7,0,161,167,6272,1,0,0,1,1
2020-10-19,US,Georgia,Taliaferro,25,0,0,33.56543317,-82.88136816,13265.0,1626.545217957059,0.0,25,25,0,0,25,25,1608,0,0,0,0,0
2020-10-19,US,Georgia,Tattnall,908,13,0,32.04785085,-82.05539188,13267.0,3590.9198766115637,1.4317180616740088,895,901,13,0,888,898,25391,7,0,0,7,3
2020-10-19,US,Georgia,Taylor,225,12,0,32.55792548,-84.25077141,13269.0,2805.4862842892767,5.333333333333333,213,225,12,0,213,224,8039,0,0,0,0,1
2020-10-19,US,Georgia,Telfair,428,23,0,31.92829517,-82.93491155,13271.0,2698.6128625472893,5.3738317757009355,405,428,23,0,405,429,15876,0,0,0,0,-1
2020-10-19,US,Georgia,Terrell,338,32,0,31.77527543,-84.44069698,13273.0,3962.020865080296,9.467455621301776,306,338,32,0,306,337,8611,0,0,0,0,1
2020-10-19,US,Georgia,Thomas,1573,69,0,30.86392347,-83.91847289,13275.0,3538.7280376144518,4.38652256834075,1504,1571,69,0,1502,1569,44448,2,0,0,2,2
2020-10-19,US,Georgia,Tift,1907,61,0,31.45743864,-83.5236119,13277.0,4691.959452809763,3.1987414787624537,1846,1905,61,0,1844,1904,40571,2,0,0,2,1
2020-10-19,US,Georgia,Toombs,1449,56,0,32.12059861,-82.32957247,13279.0,5400.670890793886,3.864734299516908,1393,1445,56,0,1389,1441,26887,4,0,0,4,4
2020-10-19,US,Georgia,Towns,405,12,0,34.91369188,-83.74107459999998,13281.0,3364.625737309961,2.962962962962963,393,402,12,0,390,401,11852,3,0,0,3,1
2020-10-19,US,Georgia,Treutlen,292,11,0,32.40422134,-82.56904553,13283.0,4231.270830314447,3.767123287671233,281,290,11,0,279,290,6809,2,0,0,2,0
2020-10-19,US,Georgia,Troup,2971,106,0,33.03349196,-85.02812115,13285.0,4249.0203369468845,3.5678222820599124,2865,2966,104,0,2862,2957,70034,5,2,0,3,9
2020-10-19,US,Georgia,Turner,331,24,0,31.71612656,-83.62069378,13287.0,4145.272385723231,7.250755287009063,307,330,24,0,306,330,7912,1,0,0,1,0
2020-10-19,US,Georgia,Twiggs,210,9,0,32.67435595,-83.43078662,13289.0,2586.2068965517237,4.285714285714286,201,210,9,0,201,210,8188,0,0,0,0,0
2020-10-19,US,Georgia,Unassigned,1940,6,0,0.0,0.0,90013.0,0.0,0.30927835051546393,1934,1954,6,0,1948,1927,,-14,0,0,-14,27
2020-10-19,US,Georgia,Union,859,25,0,34.82995757,-83.98967069,13291.0,3504.548978009873,2.910360884749709,834,857,25,0,832,854,24001,2,0,0,2,3
2020-10-19,US,Georgia,Upson,826,69,0,32.87920671,-84.30024826,13293.0,3138.297872340425,8.353510895883778,757,826,69,0,757,826,26215,0,0,0,0,0
2020-10-19,US,Georgia,Walker,1772,43,0,34.73376362,-85.30165174,13295.0,2540.101202677714,2.4266365688487586,1729,1767,43,0,1724,1746,69410,5,0,0,5,21
2020-10-19,US,Georgia,Walton,2064,66,0,33.78017694,-83.73552314,13297.0,2181.9796390853444,3.197674418604651,1998,2045,65,0,1980,2033,93503,19,1,0,18,12
2020-10-19,US,Georgia,Ware,1714,62,0,31.05449097,-82.42224148,13299.0,4796.552303128673,3.6172695449241536,1652,1709,62,0,1647,1698,35680,5,0,0,5,11
2020-10-19,US,Georgia,Warren,163,5,0,33.41146451,-82.67795848,13301.0,3102.398172820708,3.0674846625766867,158,163,5,0,158,163,5251,0,0,0,0,0
2020-10-19,US,Georgia,Washington,725,13,0,32.96711864,-82.79357039,13303.0,3558.456856778247,1.7931034482758617,712,725,11,0,714,723,20386,0,2,0,-2,2
2020-10-19,US,Georgia,Wayne,1201,30,0,31.5521809,-81.91894878,13305.0,4013.0985397801314,2.4979184013322238,1171,1200,30,0,1170,1196,29808,1,0,0,1,4
2020-10-19,US,Georgia,Webster,44,2,0,32.04066113,-84.54742852,13307.0,1687.7637130801688,4.545454545454546,42,44,2,0,42,44,2611,0,0,0,0,0
2020-10-19,US,Georgia,Wheeler,353,17,0,32.12009104,-82.72574721,13309.0,4493.95289624443,4.81586402266289,336,352,16,0,336,355,7879,1,1,0,0,-3
2020-10-19,US,Georgia,White,982,23,0,34.64624278,-83.74905525,13311.0,3188.518734982791,2.3421588594704685,959,982,22,0,960,982,29970,0,1,0,-1,0
2020-10-19,US,Georgia,Whitfield,5097,63,0,34.80987459,-84.96093476,13313.0,4871.544901938296,1.2360211889346675,5034,5096,63,0,5033,5065,104062,1,0,0,1,31
2020-10-19,US,Georgia,Wilcox,252,25,0,31.97496928,-83.43438555,13315.0,2918.355529820498,9.92063492063492,227,252,25,0,227,252,8812,0,0,0,0,0
2020-10-19,US,Georgia,Wilkes,281,6,0,33.78290391,-82.74286107,13317.0,2874.0922573386515,2.1352313167259784,275,279,6,0,273,277,9876,2,0,0,2,2
2020-10-19,US,Georgia,Wilkinson,360,17,0,32.80291082,-83.17140684,13319.0,4020.549475094929,4.722222222222221,343,360,17,0,343,359,9036,0,0,0,0,1
2020-10-19,US,Georgia,Worth,591,32,0,31.55162306,-83.85090513,13321.0,2918.9509556971398,5.4145516074450075,559,586,32,0,554,584,20299,5,0,0,5,2
2020-10-19,US,Hawaii,Hawaii,1059,18,0,19.60121157,-155.5210167,15001.0,525.5244078545802,1.69971671388102,1041,1052,18,0,1034,1038,200983,7,0,0,7,14
2020-10-19,US,Hawaii,Honolulu,12494,150,0,21.45803166,-157.97121819999995,15003.0,1282.010501116911,1.200576276612774,12344,12465,150,0,12315,12398,980080,29,0,0,29,67
2020-10-19,US,Hawaii,Kauai,60,0,0,22.03935037,-159.5966786,15007.0,82.99558740126983,0.0,60,61,0,0,61,60,72133,-1,0,0,-1,1
2020-10-19,US,Hawaii,Maui,411,18,0,20.86399628,-156.56890969999995,15009.0,245.49478248923347,4.37956204379562,393,411,18,0,393,411,167207,0,0,0,0,0
2020-10-19,US,Hawaii,Out of HI,44,1,0,0.0,0.0,80015.0,0.0,2.272727272727273,43,42,1,0,41,42,,2,0,0,2,0
2020-10-19,US,Idaho,Ada,15188,157,0,43.4526575,-116.24155159999998,16001.0,3153.7396150643604,1.0337108243350013,15031,15132,157,0,14975,15013,469966,56,0,0,56,119
2020-10-19,US,Idaho,Adams,32,2,0,44.89333571,-116.4545247,16003.0,745.2258965999067,6.25,30,32,2,0,30,32,4250,0,0,0,0,0
2020-10-19,US,Idaho,Bannock,1928,11,0,42.67002716,-112.2233311,16005.0,2195.6997084548107,0.5705394190871369,1917,1886,9,0,1877,1859,87138,42,2,0,40,27
2020-10-19,US,Idaho,Bear Lake,61,1,0,42.28269683,-111.32892379999998,16007.0,995.9183673469388,1.639344262295082,60,61,1,0,60,61,6050,0,0,0,0,0
2020-10-19,US,Idaho,Benewah,165,3,0,47.21754179,-116.6586851,16009.0,1774.5751774575174,1.818181818181818,162,165,3,0,162,164,9226,0,0,0,0,1
2020-10-19,US,Idaho,Bingham,1397,13,0,43.21672879999999,-112.3978437,16011.0,2984.3412873042657,0.9305654974946314,1384,1359,12,0,1347,1351,46236,38,1,0,37,8
2020-10-19,US,Idaho,Blaine,813,6,0,43.4085812,-113.9752658,16013.0,3531.558142565484,0.7380073800738007,807,809,6,0,803,808,22601,4,0,0,4,1
2020-10-19,US,Idaho,Boise,75,2,0,43.98829931,-115.7309284,16015.0,957.7320904099092,2.6666666666666665,73,75,2,0,73,75,7634,0,0,0,0,0
2020-10-19,US,Idaho,Bonner,438,1,0,48.29996017,-116.6017932,16017.0,957.6072935569208,0.22831050228310498,437,433,1,0,432,429,44727,5,0,0,5,4
2020-10-19,US,Idaho,Bonneville,3901,22,0,43.38713372,-111.6161537,16019.0,3276.444205539971,0.5639579594975648,3879,3816,22,0,3794,3743,116854,85,0,0,85,73
2020-10-19,US,Idaho,Boundary,97,1,0,48.76684761,-116.4630179,16021.0,792.1600653327887,1.0309278350515465,96,95,1,0,94,94,11948,2,0,0,2,1
2020-10-19,US,Idaho,Butte,79,0,0,43.72592209,-113.1735463,16023.0,3041.971505583365,0.0,79,77,0,0,77,77,2611,2,0,0,2,0
2020-10-19,US,Idaho,Camas,39,0,0,43.46665742,-114.8065892,16025.0,3526.2206148282103,0.0,39,38,0,0,38,38,1127,1,0,0,1,0
2020-10-19,US,Idaho,Canyon,9240,106,0,43.61970148,-116.70954990000001,16027.0,4020.0305417904797,1.1471861471861469,9134,9175,106,0,9069,9150,223499,65,0,0,65,25
2020-10-19,US,Idaho,Caribou,212,4,0,42.77149116,-111.5597683,16029.0,2962.962962962963,1.8867924528301887,208,204,4,0,200,198,7060,8,0,0,8,6
2020-10-19,US,Idaho,Cassia,1176,8,0,42.28347888,-113.6012409,16031.0,4893.882646691635,0.6802721088435374,1168,1152,8,0,1144,1113,23864,24,0,0,24,39
2020-10-19,US,Idaho,Clark,40,0,0,44.28496071,-112.35057040000001,16033.0,4733.727810650888,0.0,40,40,0,0,40,40,852,0,0,0,0,0
2020-10-19,US,Idaho,Clearwater,124,0,0,46.67459924,-115.6622393,16035.0,1416.1717679305618,0.0,124,120,0,0,120,120,8758,4,0,0,4,0
2020-10-19,US,Idaho,Custer,93,1,0,44.24186819,-114.2855494,16037.0,2155.2723059096174,1.075268817204301,92,93,1,0,92,93,4280,0,0,0,0,0
2020-10-19,US,Idaho,Elmore,457,4,0,43.3507101,-115.4701578,16039.0,1661.1537203300495,0.8752735229759301,453,455,4,0,451,448,27259,2,0,0,2,7
2020-10-19,US,Idaho,Franklin,284,1,0,42.18332217,-111.81496659999999,16041.0,2046.6993369847214,0.35211267605633795,283,277,1,0,276,269,13726,7,0,0,7,8
2020-10-19,US,Idaho,Fremont,362,3,0,44.22800938,-111.48099429999999,16043.0,2763.5697381479504,0.8287292817679558,359,356,3,0,353,353,13168,6,0,0,6,3
2020-10-19,US,Idaho,Gem,393,4,0,44.06482372,-116.398376,16045.0,2169.832155477032,1.0178117048346056,389,388,4,0,384,387,17634,5,0,0,5,1
2020-10-19,US,Idaho,Gooding,449,2,0,42.96927962,-114.81083059999999,16047.0,2958.034126095263,0.44543429844098004,447,440,2,0,438,436,15196,9,0,0,9,4
2020-10-19,US,Idaho,Idaho,292,0,0,45.84721541,-115.4634436,16049.0,1751.9649607007862,0.0,292,288,0,0,288,288,16513,4,0,0,4,0
2020-10-19,US,Idaho,Jefferson,857,3,0,43.82078483,-112.3131749,16051.0,2869.003381205852,0.3500583430571762,854,843,3,0,840,828,29439,14,0,0,14,15
2020-10-19,US,Idaho,Jerome,974,7,0,42.68891267,-114.2655033,16053.0,3989.8410617728987,0.7186858316221766,967,960,7,0,953,953,24015,14,0,0,14,7
2020-10-19,US,Idaho,Kootenai,3418,46,0,47.67282258,-116.7020872,16055.0,2062.8013784196455,1.3458162668227034,3372,3375,46,0,3329,3356,161505,43,0,0,43,19
2020-10-19,US,Idaho,Latah,826,0,0,46.81587887,-116.71136979999999,16057.0,2059.439513314052,0.0,826,807,0,0,807,807,40134,19,0,0,19,0
2020-10-19,US,Idaho,Lemhi,181,0,0,44.9438088,-113.9309747,16059.0,2254.889747103525,0.0,181,173,0,0,173,171,7961,8,0,0,8,2
2020-10-19,US,Idaho,Lewis,71,2,0,46.23315327,-116.434146,16061.0,1849.921834288692,2.8169014084507036,69,65,2,0,63,65,3861,6,0,0,6,0
2020-10-19,US,Idaho,Lincoln,135,0,0,43.0012336,-114.1358773,16063.0,2515.840477077898,0.0,135,131,0,0,131,131,5360,4,0,0,4,0
2020-10-19,US,Idaho,Madison,2088,2,0,43.78141028,-111.65384740000002,16065.0,5232.1647831207565,0.09578544061302682,2086,1980,2,0,1978,1902,39304,108,0,0,108,78
2020-10-19,US,Idaho,Minidoka,1075,8,0,42.85518524,-113.6357257,16067.0,5109.55843908931,0.7441860465116279,1067,1061,8,0,1053,1038,20825,14,0,0,14,23
2020-10-19,US,Idaho,Nez Perce,634,24,0,46.32638236,-116.75009750000001,16069.0,1568.9962383686402,3.785488958990536,610,616,24,0,592,616,40408,18,0,0,18,0
2020-10-19,US,Idaho,Oneida,34,0,0,42.19494279999999,-112.5407838,16071.0,750.3862282056941,0.0,34,34,0,0,34,34,4488,0,0,0,0,0
2020-10-19,US,Idaho,Owyhee,367,5,0,42.58016894,-116.16938710000001,16073.0,3104.119089909498,1.3623978201634876,362,366,5,0,361,365,11693,1,0,0,1,1
2020-10-19,US,Idaho,Payette,1075,10,0,44.00545243,-116.7647695,16075.0,4488.3303411131055,0.9302325581395348,1065,1069,10,0,1059,1068,23551,6,0,0,6,1
2020-10-19,US,Idaho,Power,338,2,0,42.69254894,-112.83957420000002,16077.0,4400.46868897279,0.591715976331361,336,336,2,0,334,336,7768,2,0,0,2,0
2020-10-19,US,Idaho,Shoshone,236,19,0,47.35364087,-115.89167490000001,16079.0,1832.013662474771,8.05084745762712,217,230,19,0,211,229,12796,6,0,0,6,1
2020-10-19,US,Idaho,Teton,257,1,0,43.75303583,-111.2056773,16081.0,2116.61999670565,0.3891050583657588,256,253,1,0,252,253,11640,4,0,0,4,0
2020-10-19,US,Idaho,Twin Falls,3353,42,0,42.35440512,-114.6685381,16083.0,3859.435069868091,1.2526096033402925,3311,3299,42,0,3257,3262,86081,54,0,0,54,37
2020-10-19,US,Idaho,Unassigned,3,0,0,0.0,0.0,90016.0,0.0,0.0,3,1,0,0,1,2,,2,0,0,2,-1
2020-10-19,US,Idaho,Valley,107,1,0,44.76728382,-115.5676773,16085.0,939.2556179775281,0.9345794392523364,106,107,1,0,106,107,11041,0,0,0,0,0
2020-10-19,US,Idaho,Washington,426,7,0,44.45275475,-116.78476880000001,16087.0,4178.928781636257,1.6431924882629108,419,420,7,0,413,420,10161,6,0,0,6,0
2020-10-19,US,Illinois,Adams,1633,15,0,39.98815591,-91.18786813,17001.0,2495.6063268892794,0.9185548071034904,1618,1585,15,0,1570,1542,65691,48,0,0,48,43
2020-10-19,US,Illinois,Alexander,108,1,0,37.18049267,-89.32910838,17003.0,1874.6745356708905,0.925925925925926,107,107,1,0,106,105,6060,1,0,0,1,2
2020-10-19,US,Illinois,Bond,466,9,0,38.88829622,-89.43534887,17005.0,2836.9657859491053,1.931330472103004,457,460,9,0,451,440,16630,6,0,0,6,20
2020-10-19,US,Illinois,Boone,1655,24,0,42.32359279,-88.82345779,17007.0,3090.915882265053,1.4501510574018126,1631,1640,24,0,1616,1596,53577,15,0,0,15,44
2020-10-19,US,Illinois,Brown,96,0,0,39.96209138,-90.75068024,17009.0,1459.410155062329,0.0,96,96,0,0,96,93,6556,0,0,0,0,3
2020-10-19,US,Illinois,Bureau,847,17,0,41.40385234,-89.5283051,17011.0,2595.929876179968,2.007083825265644,830,842,17,0,825,832,32993,5,0,0,5,10
2020-10-19,US,Illinois,Calhoun,69,0,0,39.16840183,-90.66330078,17013.0,1456.0033762397131,0.0,69,69,0,0,69,70,4802,0,0,0,0,-1
2020-10-19,US,Illinois,Carroll,365,8,0,42.06823429,-89.93395545,17015.0,2551.555400209717,2.191780821917808,357,356,7,0,349,350,14312,9,1,0,8,6
2020-10-19,US,Illinois,Cass,449,11,0,39.96991073,-90.24734436,17017.0,3696.3859389149584,2.4498886414253898,438,449,11,0,438,447,12260,0,0,0,0,2
2020-10-19,US,Illinois,Champaign,5680,28,0,40.13919438,-88.20046615,17019.0,2708.773469280697,0.4929577464788733,5652,5660,28,0,5632,5634,209983,20,0,0,20,26
2020-10-19,US,Illinois,Christian,771,25,0,39.54581621,-89.27780482,17021.0,2386.701337295691,3.2425421530479897,746,763,25,0,738,750,32661,8,0,0,8,13
2020-10-19,US,Illinois,Clark,266,6,0,39.33425789,-87.78705622,17023.0,1722.6863545107183,2.255639097744361,260,253,6,0,247,251,15596,13,0,0,13,2
2020-10-19,US,Illinois,Clay,281,11,0,38.75388572,-88.48914513,17025.0,2131.371359223301,3.9145907473309607,270,279,11,0,268,272,13253,2,0,0,2,7
2020-10-19,US,Illinois,Clinton,1587,24,0,38.60704876,-89.42385254,17027.0,4225.014642457802,1.5122873345935728,1563,1560,24,0,1536,1541,37639,27,0,0,27,19
2020-10-19,US,Illinois,Coles,1788,38,0,39.51949084,-88.22358557,17029.0,3532.130933802177,2.1252796420581657,1750,1774,38,0,1736,1759,50885,14,0,0,14,15
2020-10-19,US,Illinois,Cook,165198,5364,0,41.84144849,-87.81658794,17031.0,3207.5830355636326,3.247012675698253,159834,163912,5357,0,158555,162220,5180493,1286,7,0,1279,1692
2020-10-19,US,Illinois,Crawford,624,6,0,39.0032229,-87.75954624,17033.0,3342.7974500455352,0.9615384615384616,618,615,6,0,609,609,18807,9,0,0,9,6
2020-10-19,US,Illinois,Cumberland,253,6,0,39.27432424,-88.2401158,17035.0,2349.9907114991643,2.3715415019762847,247,249,6,0,243,247,10808,4,0,0,4,2
2020-10-19,US,Illinois,De Witt,227,3,0,40.17514519,-88.90959682,17039.0,1451.5922752270112,1.3215859030837005,224,225,3,0,222,222,15769,2,0,0,2,3
2020-10-19,US,Illinois,DeKalb,2095,42,0,41.89373302,-88.76958483,17037.0,1997.1972506363386,2.0047732696897373,2053,2072,42,0,2030,2037,104143,23,0,0,23,35
2020-10-19,US,Illinois,Douglas,545,8,0,39.76768052,-88.21854195,17041.0,2799.89725147701,1.4678899082568808,537,523,8,0,515,512,19479,22,0,0,22,11
2020-10-19,US,Illinois,DuPage,20947,598,0,41.85116968,-88.08642662,17043.0,2269.64171364613,2.8548240798205,20349,20724,596,0,20128,20477,928589,223,2,0,221,247
2020-10-19,US,Illinois,Edgar,139,8,0,39.6809186,-87.74759563,17045.0,809.9761086183789,5.755395683453237,131,138,8,0,130,137,17360,1,0,0,1,1
2020-10-19,US,Illinois,Edwards,98,0,0,38.41353228,-88.05720863,17047.0,1532.447224394058,0.0,98,98,0,0,98,97,6392,0,0,0,0,1
2020-10-19,US,Illinois,Effingham,1090,3,0,39.05935711,-88.58969584,17049.0,3205.128205128205,0.27522935779816515,1087,1070,3,0,1067,1057,34208,20,0,0,20,13
2020-10-19,US,Illinois,Fayette,630,19,0,39.00072038,-89.02452658,17051.0,2952.755905511811,3.0158730158730163,611,619,17,0,602,615,21416,11,2,0,9,4
2020-10-19,US,Illinois,Ford,179,9,0,40.59706922,-88.22350769,17053.0,1381.0662757503278,5.027932960893856,170,179,9,0,170,163,13264,0,0,0,0,16
2020-10-19,US,Illinois,Franklin,840,6,0,37.99189086,-88.92567818,17055.0,2183.576386181081,0.7142857142857143,834,834,6,0,828,813,38701,6,0,0,6,21
2020-10-19,US,Illinois,Fulton,403,0,0,40.47289135,-90.20862357,17057.0,1173.5585323238206,0.0,403,391,0,0,391,372,34844,12,0,0,12,19
2020-10-19,US,Illinois,Gallatin,105,2,0,37.76430935,-88.22953869,17059.0,2174.8135874067943,1.9047619047619049,103,103,2,0,101,103,5058,2,0,0,2,0
2020-10-19,US,Illinois,Greene,269,15,0,39.35907414,-90.388865,17061.0,2074.176883337189,5.5762081784386615,254,264,15,0,249,261,13044,5,0,0,5,3
2020-10-19,US,Illinois,Grundy,877,7,0,41.28569601,-88.41905692,17063.0,1717.789007717319,0.7981755986316991,870,859,7,0,852,846,50972,18,0,0,18,13
2020-10-19,US,Illinois,Hamilton,113,2,0,38.08163641,-88.53883373,17065.0,1392.3114834894034,1.7699115044247788,111,109,2,0,107,106,8163,4,0,0,4,3
2020-10-19,US,Illinois,Hancock,284,3,0,40.40423981,-91.16313899,17067.0,1603.794894962729,1.056338028169014,281,279,3,0,276,276,17844,5,0,0,5,3
2020-10-19,US,Illinois,Hardin,49,0,0,37.51810645,-88.26873022,17069.0,1282.3868097356712,0.0,49,49,0,0,49,49,3910,0,0,0,0,0
2020-10-19,US,Illinois,Henderson,111,0,0,40.81908672,-90.92491462,17071.0,1670.1775504062591,0.0,111,108,0,0,108,101,6709,3,0,0,3,7
2020-10-19,US,Illinois,Henry,794,5,0,41.3533994,-90.13296166,17073.0,1623.2903318136282,0.6297229219143576,789,790,5,0,785,787,49090,4,0,0,4,3
2020-10-19,US,Illinois,Iroquois,451,19,0,40.74717633,-87.82466784,17075.0,1663.347348233385,4.212860310421286,432,449,19,0,430,445,27604,2,0,0,2,4
2020-10-19,US,Illinois,Jackson,1433,25,0,37.78595185,-89.38232563,17077.0,2525.1101321585893,1.7445917655268668,1408,1428,25,0,1403,1415,57419,5,0,0,5,13
2020-10-19,US,Illinois,Jasper,247,10,0,39.01054275,-88.15437049,17079.0,2570.239334027055,4.048582995951417,237,240,10,0,230,239,9611,7,0,0,7,1
2020-10-19,US,Illinois,Jefferson,858,44,0,38.29980057,-88.9240025,17081.0,2276.828362169621,5.128205128205129,814,852,44,0,808,847,37820,6,0,0,6,5
2020-10-19,US,Illinois,Jersey,456,21,0,39.08869046,-90.35393073,17083.0,2094.3370229182933,4.605263157894737,435,453,21,0,432,448,21847,3,0,0,3,5
2020-10-19,US,Illinois,Jo Daviess,427,5,0,42.36542373,-90.21094405,17085.0,2010.8311749470213,1.17096018735363,422,416,5,0,411,401,21366,11,0,0,11,15
2020-10-19,US,Illinois,Johnson,313,0,0,37.45939802,-88.88165419,17087.0,2520.737698316824,0.0,313,311,0,0,311,308,12456,2,0,0,2,3
2020-10-19,US,Illinois,Kane,15422,341,0,41.93842729,-88.42861412,17089.0,2896.6778924987275,2.2111269614835947,15081,15234,341,0,14893,15091,534216,188,0,0,188,143
2020-10-19,US,Illinois,Kankakee,3168,78,0,41.13746989,-87.86205334,17091.0,2883.617629389598,2.462121212121212,3090,3143,78,0,3065,3102,110024,25,0,0,25,41
2020-10-19,US,Illinois,Kendall,2470,27,0,41.59081014,-88.42869583,17093.0,1914.8771222575394,1.0931174089068827,2443,2441,27,0,2414,2417,127915,29,0,0,29,24
2020-10-19,US,Illinois,Knox,1096,9,0,40.93148779,-90.21330340000002,17095.0,2205.2757600756554,0.8211678832116789,1087,1076,9,0,1067,1054,50112,20,0,0,20,22
2020-10-19,US,Illinois,LaSalle,2184,60,0,41.34426129999999,-88.88633881,17099.0,2009.7727962896506,2.7472527472527477,2124,2157,59,0,2098,2128,109430,27,1,0,26,29
2020-10-19,US,Illinois,Lake,19546,503,0,42.3224907,-88.00367925,17097.0,2806.1762869058985,2.573416555817047,19043,19438,503,0,18935,19252,700832,108,0,0,108,186
2020-10-19,US,Illinois,Lawrence,306,8,0,38.71987914,-87.72884035,17101.0,1951.7795637198624,2.6143790849673203,298,306,8,0,298,304,15765,0,0,0,0,2
2020-10-19,US,Illinois,Lee,612,1,0,41.74583951,-89.29977132,17103.0,1794.9319568277804,0.16339869281045752,611,592,1,0,591,564,34223,20,0,0,20,28
2020-10-19,US,Illinois,Livingston,549,10,0,40.89188292,-88.55784752,17105.0,1540.0583482944346,1.8214936247723128,539,538,9,0,529,529,35761,11,1,0,10,9
2020-10-19,US,Illinois,Logan,543,4,0,40.12581572,-89.36638784,17107.0,1897.4072262212594,0.7366482504604052,539,538,4,0,534,529,28925,5,0,0,5,9
2020-10-19,US,Illinois,Macon,2568,48,0,39.86064913,-88.96342505,17115.0,2469.017104289052,1.8691588785046729,2520,2512,48,0,2464,2429,104712,56,0,0,56,83
2020-10-19,US,Illinois,Macoupin,731,9,0,39.26119767,-89.92424028,17117.0,1627.1201531407205,1.2311901504787959,722,722,9,0,713,709,45313,9,0,0,9,13
2020-10-19,US,Illinois,Madison,6795,152,0,38.83042506,-89.90422563,17119.0,2583.9842413087617,2.236938925680648,6643,6748,152,0,6596,6685,264461,47,0,0,47,63
2020-10-19,US,Illinois,Marion,845,12,0,38.64963204,-88.91899208,17121.0,2271.200107512432,1.4201183431952662,833,829,12,0,817,823,37620,16,0,0,16,6
2020-10-19,US,Illinois,Marshall,137,3,0,41.0327901,-89.34510444,17123.0,1197.7618464766567,2.18978102189781,134,135,3,0,132,132,11534,2,0,0,2,3
2020-10-19,US,Illinois,Mason,235,1,0,40.23917274,-89.91824452,17125.0,1759.1137061157272,0.425531914893617,234,232,1,0,231,228,13565,3,0,0,3,4
2020-10-19,US,Illinois,Massac,141,2,0,37.22078441,-88.71036614,17127.0,1023.8164391519023,1.4184397163120568,139,139,2,0,137,138,14080,2,0,0,2,1
2020-10-19,US,Illinois,McDonough,665,15,0,40.45674722,-90.67775541,17109.0,2240.4150663701907,2.255639097744361,650,654,15,0,639,635,29955,11,0,0,11,19
2020-10-19,US,Illinois,McHenry,5642,120,0,42.32451172,-88.45248227,17111.0,1833.1632951451388,2.1269053527118045,5522,5583,120,0,5463,5485,308570,59,0,0,59,98
2020-10-19,US,Illinois,McLean,3867,30,0,40.48996987,-88.84621113,17113.0,2254.5870088679253,0.7757951900698216,3837,3849,30,0,3819,3834,172828,18,0,0,18,15
2020-10-19,US,Illinois,Menard,159,1,0,40.02742725,-89.80246001,17129.0,1303.7061331584125,0.6289308176100629,158,159,1,0,158,159,12288,0,0,0,0,0
2020-10-19,US,Illinois,Mercer,219,6,0,41.20596782,-90.74290052,17131.0,1418.669430588845,2.7397260273972597,213,213,6,0,207,210,15601,6,0,0,6,3
2020-10-19,US,Illinois,Monroe,849,28,0,38.27594376,-90.17761038,17133.0,2451.1360683661983,3.2979976442873973,821,842,27,0,815,835,34335,7,1,0,6,7
2020-10-19,US,Illinois,Montgomery,548,15,0,39.23198845,-89.47809254,17135.0,1928.6267333004853,2.7372262773722627,533,545,14,0,531,526,28601,3,1,0,2,19
2020-10-19,US,Illinois,Morgan,796,24,0,39.71654544,-90.20255104,17137.0,2364.965238576267,3.0150753768844223,772,792,24,0,768,787,33976,4,0,0,4,5
2020-10-19,US,Illinois,Moultrie,375,5,0,39.64187451,-88.62099969,17139.0,2586.028549755189,1.3333333333333333,370,360,5,0,355,349,14717,15,0,0,15,11
2020-10-19,US,Illinois,Ogle,1052,7,0,42.04165196,-89.32184679,17141.0,2077.2861007444267,0.6653992395437263,1045,1030,7,0,1023,1011,50923,22,0,0,22,19
2020-10-19,US,Illinois,Out of IL,2,0,0,0.0,0.0,80017.0,0.0,0.0,2,1,0,0,1,1,,1,0,0,1,0
2020-10-19,US,Illinois,Peoria,4243,62,0,40.78702156,-89.76078901,17143.0,2368.0230384141,1.4612302616073534,4181,4207,61,0,4146,4166,180621,36,1,0,35,41
2020-10-19,US,Illinois,Perry,406,16,0,38.08510853,-89.36856219,17145.0,1941.0977242302545,3.940886699507389,390,403,16,0,387,401,21174,3,0,0,3,2
2020-10-19,US,Illinois,Piatt,207,0,0,40.01360584,-88.59319339,17147.0,1266.5198237885465,0.0,207,205,0,0,205,198,16396,2,0,0,2,7
2020-10-19,US,Illinois,Pike,260,4,0,39.62265059,-90.8877017,17149.0,1670.843776106934,1.5384615384615383,256,249,4,0,245,237,15611,11,0,0,11,12
2020-10-19,US,Illinois,Pope,36,1,0,37.41391284,-88.56152109,17151.0,861.8625807996167,2.7777777777777777,35,36,1,0,35,36,4212,0,0,0,0,0
2020-10-19,US,Illinois,Pulaski,226,1,0,37.22631423,-89.13085001,17153.0,4236.176194939081,0.4424778761061947,225,226,1,0,225,223,5463,0,0,0,0,3
2020-10-19,US,Illinois,Putnam,85,0,0,41.2013541,-89.2869272,17155.0,1481.0942672939536,0.0,85,83,0,0,83,82,5740,2,0,0,2,1
2020-10-19,US,Illinois,Randolph,1145,14,0,38.05095369,-89.82512254,17157.0,3602.668176955509,1.2227074235807858,1131,1141,14,0,1127,1130,32106,4,0,0,4,11
2020-10-19,US,Illinois,Richland,317,14,0,38.71240969,-88.08475366,17159.0,2043.4474311867466,4.416403785488959,303,316,14,0,302,309,15763,1,0,0,1,7
2020-10-19,US,Illinois,Rock Island,3670,88,0,41.46613806,-90.57042164,17161.0,2586.711211666279,2.3978201634877383,3582,3641,88,0,3553,3584,143477,29,0,0,29,57
2020-10-19,US,Illinois,Saline,503,7,0,37.75332999,-88.54119706,17165.0,2141.245583414925,1.3916500994035783,496,497,7,0,490,479,23906,6,0,0,6,18
2020-10-19,US,Illinois,Sangamon,3475,54,0,39.75836914,-89.65872023,17167.0,1785.0538341415304,1.5539568345323742,3421,3444,54,0,3390,3350,195348,31,0,0,31,94
2020-10-19,US,Illinois,Schuyler,80,1,0,40.157179799999994,-90.61114163,17169.0,1182.033096926714,1.25,79,79,1,0,78,79,6907,1,0,0,1,0
2020-10-19,US,Illinois,Scott,93,0,0,39.642916899999996,-90.47814431,17171.0,1878.408402342961,0.0,93,93,0,0,93,88,4926,0,0,0,0,5
2020-10-19,US,Illinois,Shelby,586,8,0,39.39133527,-88.80611122,17173.0,2708.699269668115,1.3651877133105803,578,580,8,0,572,565,21741,6,0,0,6,15
2020-10-19,US,Illinois,St. Clair,7559,213,0,38.46996033,-89.93063427,17163.0,2910.82307093952,2.8178330466992985,7346,7512,213,0,7299,7460,261059,47,0,0,47,52
2020-10-19,US,Illinois,Stark,79,2,0,41.09309773,-89.79745866,17175.0,1478.8468738300262,2.5316455696202533,77,78,2,0,76,78,5427,1,0,0,1,0
2020-10-19,US,Illinois,Stephenson,814,7,0,42.35129217,-89.662598,17177.0,1829.2956986830868,0.85995085995086,807,780,7,0,773,749,44753,34,0,0,34,31
2020-10-19,US,Illinois,Tazewell,2405,47,0,40.50716185,-89.51404662,17179.0,1824.6929129079003,1.9542619542619544,2358,2386,47,0,2339,2374,132328,19,0,0,19,12
2020-10-19,US,Illinois,Unassigned,3627,260,0,0.0,0.0,90017.0,0.0,7.168458781362008,3367,3633,260,0,3373,3624,,-6,0,0,-6,9
2020-10-19,US,Illinois,Union,730,25,0,37.47119609,-89.25548938,17181.0,4383.594547528974,3.4246575342465757,705,725,25,0,700,719,16841,5,0,0,5,6
2020-10-19,US,Illinois,Vermilion,1541,7,0,40.18417171,-87.73384359,17183.0,2034.1086089917897,0.45425048669695006,1534,1513,7,0,1506,1479,76806,28,0,0,28,34
2020-10-19,US,Illinois,Wabash,205,5,0,38.44272901,-87.84922065,17185.0,1779.513888888889,2.4390243902439024,200,203,5,0,198,201,11549,2,0,0,2,2
2020-10-19,US,Illinois,Warren,451,7,0,40.84925021,-90.6147432,17187.0,2677.5112799810017,1.5521064301552103,444,450,7,0,443,443,17032,1,0,0,1,7
2020-10-19,US,Illinois,Washington,278,1,0,38.35309213,-89.40982703,17189.0,2001.8722546266288,0.3597122302158273,277,275,1,0,274,271,13995,3,0,0,3,4
2020-10-19,US,Illinois,Wayne,434,10,0,38.42955355,-88.42586459,17191.0,2676.534073388837,2.3041474654377883,424,432,9,0,423,429,16332,2,1,0,1,3
2020-10-19,US,Illinois,White,235,1,0,38.08706198,-88.17657461,17193.0,1735.9828617862156,0.425531914893617,234,237,1,0,236,231,13665,-2,0,0,-2,6
2020-10-19,US,Illinois,Whiteside,1152,22,0,41.75509713,-89.91556058,17195.0,2087.9021295876755,1.9097222222222223,1130,1134,21,0,1113,1100,55626,18,1,0,17,34
2020-10-19,US,Illinois,Will,16898,419,0,41.44619267,-87.97862712,17197.0,2446.3512478591892,2.4795833826488343,16479,16748,418,0,16330,16481,692310,150,1,0,149,267
2020-10-19,US,Illinois,Williamson,1709,58,0,37.73033511,-88.92994027,17199.0,2566.181659834527,3.3937975424224693,1651,1696,57,0,1639,1668,67056,13,1,0,12,28
2020-10-19,US,Illinois,Winnebago,9114,165,0,42.33641854,-89.16085327,17201.0,3225.3726483869605,1.8104015799868332,8949,9027,165,0,8862,8773,284081,87,0,0,87,254
2020-10-19,US,Illinois,Woodford,543,11,0,40.78579374,-89.20973757,17203.0,1411.8931849502067,2.0257826887661143,532,542,10,0,532,541,38463,1,1,0,0,1
2020-10-19,US,Indiana,Adams,464,5,0,40.7457653,-84.93671406,18001.0,1296.9226039075384,1.0775862068965518,459,455,5,0,450,449,35636,9,0,0,9,6
2020-10-19,US,Indiana,Allen,7815,221,0,41.09194313,-85.06800636,18003.0,2060.379805905104,2.8278950735764554,7594,7756,221,0,7535,7667,375351,59,0,0,59,89
2020-10-19,US,Indiana,Bartholomew,1386,57,0,39.20744865,-85.89558181,18005.0,1654.3525227085547,4.112554112554113,1329,1375,57,0,1318,1363,82753,11,0,0,11,12
2020-10-19,US,Indiana,Benton,107,0,0,40.60626947,-87.31093999,18007.0,1223.1367169638775,0.0,107,106,0,0,106,105,8653,1,0,0,1,1
2020-10-19,US,Indiana,Blackford,190,3,0,40.47388153,-85.32499702,18009.0,1615.9210750127572,1.5789473684210529,187,184,3,0,181,180,11930,6,0,0,6,4
2020-10-19,US,Indiana,Boone,1186,48,0,40.0509304,-86.46841646,18011.0,1748.153825744734,4.0472175379426645,1138,1177,48,0,1129,1171,66999,9,0,0,9,6
2020-10-19,US,Indiana,Brown,128,3,0,39.19605589,-86.22868909,18013.0,848.1314603763582,2.34375,125,128,3,0,125,127,15234,0,0,0,0,1
2020-10-19,US,Indiana,Carroll,308,13,0,40.580783200000006,-86.56198812,18015.0,1520.4620624969143,4.220779220779221,295,305,13,0,292,305,20127,3,0,0,3,0
2020-10-19,US,Indiana,Cass,2210,20,0,40.76135835,-86.34830753,18017.0,5863.7798827244005,0.9049773755656108,2190,2201,20,0,2181,2197,37955,9,0,0,9,4
2020-10-19,US,Indiana,Clark,2821,57,0,38.48015445,-85.70510334,18019.0,2384.575070582069,2.020560085076214,2764,2808,57,0,2751,2791,117360,13,0,0,13,17
2020-10-19,US,Indiana,Clay,427,6,0,39.39561833,-87.11723506,18021.0,1628.2173498570066,1.4051522248243558,421,426,6,0,420,417,26170,1,0,0,1,9
2020-10-19,US,Indiana,Clinton,813,16,0,40.30319754,-86.47277257,18023.0,2509.3367079230843,1.9680196801968017,797,801,16,0,785,797,32250,12,0,0,12,4
2020-10-19,US,Indiana,Crawford,148,1,0,38.28814402,-86.44518825,18025.0,1399.2625508178126,0.6756756756756757,147,140,1,0,139,140,10558,8,0,0,8,0
2020-10-19,US,Indiana,Daviess,837,32,0,38.70186039,-87.07185406,18027.0,2509.669874966268,3.823178016726404,805,827,32,0,795,813,33147,10,0,0,10,14
2020-10-19,US,Indiana,DeKalb,686,11,0,41.39804622,-84.99906934,18033.0,1577.9183438757907,1.6034985422740524,675,674,11,0,663,661,43226,12,0,0,12,13
2020-10-19,US,Indiana,Dearborn,903,28,0,39.14647946,-84.97333539,18029.0,1825.7915807351687,3.1007751937984502,875,895,28,0,867,890,49568,8,0,0,8,5
2020-10-19,US,Indiana,Decatur,494,39,0,39.30712658,-85.50087166,18031.0,1860.0097895252081,7.894736842105262,455,493,39,0,454,493,26794,1,0,0,1,0
2020-10-19,US,Indiana,Delaware,2796,74,0,40.22787247,-85.39732772,18035.0,2449.730582205283,2.6466380543633763,2722,2771,74,0,2697,2719,114772,25,0,0,25,52
2020-10-19,US,Indiana,Dubois,1337,24,0,38.36597551,-86.87924170000002,18037.0,3128.509921377761,1.7950635751682873,1313,1334,23,0,1311,1322,42565,3,1,0,2,12
2020-10-19,US,Indiana,Elkhart,8371,132,0,41.59761169,-85.85875695,18039.0,4056.8767234820034,1.5768725361366622,8239,8281,130,0,8151,8155,205560,90,2,0,88,126
2020-10-19,US,Indiana,Fayette,575,15,0,39.63684962,-85.17797541,18041.0,2488.961994632499,2.608695652173913,560,556,15,0,541,547,23047,19,0,0,19,9
2020-10-19,US,Indiana,Floyd,1727,66,0,38.32117957,-85.90385377,18043.0,2199.3836122360613,3.8216560509554136,1661,1708,65,0,1643,1696,77781,19,1,0,18,12
2020-10-19,US,Indiana,Fountain,274,3,0,40.12361933,-87.24217689,18045.0,1676.2510705983116,1.094890510948905,271,273,3,0,270,270,16351,1,0,0,1,3
2020-10-19,US,Indiana,Franklin,363,25,0,39.4142482,-85.06062647,18047.0,1595.0435011863958,6.887052341597795,338,359,25,0,334,358,22736,4,0,0,4,1
2020-10-19,US,Indiana,Fulton,329,2,0,41.0469907,-86.26252745,18049.0,1647.1412836687691,0.6079027355623101,327,323,2,0,321,323,20092,6,0,0,6,0
2020-10-19,US,Indiana,Gibson,826,11,0,38.30393723,-87.58054938,18051.0,2454.024183725007,1.3317191283292975,815,822,9,0,813,810,33452,4,2,0,2,12
2020-10-19,US,Indiana,Grant,1180,39,0,40.51587228,-85.65468702,18053.0,1794.1583420760544,3.305084745762712,1141,1168,39,0,1129,1154,65936,12,0,0,12,14
2020-10-19,US,Indiana,Greene,512,37,0,39.03630547,-86.96223202,18055.0,1603.909529478103,7.2265625,475,505,37,0,468,499,32006,7,0,0,7,6
2020-10-19,US,Indiana,Hamilton,5923,113,0,40.07306535,-86.05244729,18057.0,1752.3098360704237,1.907816984636164,5810,5872,113,0,5759,5822,330086,51,0,0,51,50
2020-10-19,US,Indiana,Hancock,1141,44,0,39.82304555,-85.77566351,18059.0,1459.6765940026612,3.8562664329535496,1097,1128,44,0,1084,1112,76351,13,0,0,13,16
2020-10-19,US,Indiana,Harrison,733,24,0,38.19467379,-86.10948271,18061.0,1809.2064667407133,3.2742155525238745,709,729,24,0,705,727,40350,4,0,0,4,2
2020-10-19,US,Indiana,Hendricks,3140,130,0,39.76719009,-86.51037283,18063.0,1843.6859627387546,4.140127388535031,3010,3116,130,0,2986,3093,167009,24,0,0,24,23
2020-10-19,US,Indiana,Henry,1218,28,0,39.93029017,-85.39625719,18065.0,2538.9810722921693,2.2988505747126435,1190,1207,28,0,1179,1184,48271,11,0,0,11,23
2020-10-19,US,Indiana,Howard,1574,66,0,40.48527731,-86.11351892,18067.0,1906.8617949214965,4.193138500635324,1508,1553,66,0,1487,1548,82366,21,0,0,21,5
2020-10-19,US,Indiana,Huntington,369,5,0,40.82907273,-85.48822092,18069.0,1010.4052573932092,1.3550135501355014,364,364,5,0,359,359,36240,5,0,0,5,5
2020-10-19,US,Indiana,Jackson,1074,12,0,38.90915820000001,-86.03851889,18071.0,2428.1612443761164,1.11731843575419,1062,1064,12,0,1052,1044,44111,10,0,0,10,20
2020-10-19,US,Indiana,Jasper,546,4,0,41.02078733,-87.11553319,18073.0,1626.8398784339429,0.7326007326007326,542,526,4,0,522,520,33370,20,0,0,20,6
2020-10-19,US,Indiana,Jay,281,6,0,40.43781032,-85.00576229,18075.0,1375.0244666275198,2.1352313167259784,275,275,6,0,269,272,20764,6,0,0,6,3
2020-10-19,US,Indiana,Jefferson,328,5,0,38.78576239,-85.43633383,18077.0,1015.2284263959392,1.5243902439024388,323,327,5,0,322,325,32208,1,0,0,1,2
2020-10-19,US,Indiana,Jennings,359,13,0,38.99588883,-85.62710784,18079.0,1294.3933657833065,3.62116991643454,346,358,13,0,345,356,27611,1,0,0,1,2
2020-10-19,US,Indiana,Johnson,2972,127,0,39.48994426,-86.10149107,18081.0,1879.0265984687067,4.27321668909825,2845,2947,127,0,2820,2919,156225,25,0,0,25,28
2020-10-19,US,Indiana,Knox,696,10,0,38.68861576,-87.4194665,18083.0,1901.9511395310706,1.4367816091954022,686,686,10,0,676,678,36895,10,0,0,10,8
2020-10-19,US,Indiana,Kosciusko,1731,21,0,41.24521668,-85.86312322,18085.0,2178.56423681031,1.2131715771230502,1710,1692,21,0,1671,1670,79344,39,0,0,39,22
2020-10-19,US,Indiana,LaGrange,766,15,0,41.64232188,-85.42674232,18087.0,1933.6598172363306,1.95822454308094,751,761,14,0,747,758,39330,5,1,0,4,3
2020-10-19,US,Indiana,LaPorte,2130,57,0,41.54366008,-86.74072188,18091.0,1938.3372160745487,2.676056338028169,2073,2088,53,0,2035,2069,110007,42,4,0,38,19
2020-10-19,US,Indiana,Lake,13079,350,0,41.41874274,-87.38277575,18089.0,2693.962631799017,2.6760455692331218,12729,12911,350,0,12561,12739,484411,168,0,0,168,172
2020-10-19,US,Indiana,Lawrence,778,32,0,38.84112637,-86.48361629,18093.0,1714.7895084857835,4.113110539845758,746,767,32,0,735,739,45668,11,0,0,11,28
2020-10-19,US,Indiana,Madison,2269,91,0,40.16143691,-85.71964711,18095.0,1751.190485378447,4.010577346848832,2178,2245,87,0,2158,2214,129641,24,4,0,20,31
2020-10-19,US,Indiana,Marion,24564,781,0,39.78163624,-86.13826325,18097.0,2546.595312788337,3.179449601042176,23783,24410,780,0,23630,24290,954670,154,1,0,153,120
2020-10-19,US,Indiana,Marshall,1306,26,0,41.32467367,-86.26185087,18099.0,2823.29542997968,1.9908116385911176,1280,1298,26,0,1272,1282,46248,8,0,0,8,16
2020-10-19,US,Indiana,Martin,195,0,0,38.7099921,-86.80373186,18101.0,1901.511457825451,0.0,195,193,0,0,193,191,10217,2,0,0,2,2
2020-10-19,US,Indiana,Miami,576,5,0,40.76940965,-86.04525048,18103.0,1621.8042572361753,0.8680555555555556,571,565,5,0,560,558,35567,11,0,0,11,7
2020-10-19,US,Indiana,Monroe,3194,38,0,39.16130004,-86.52414358,18105.0,2151.841596432012,1.1897307451471508,3156,3162,38,0,3124,3140,146917,32,0,0,32,22
2020-10-19,US,Indiana,Montgomery,564,22,0,40.04034823,-86.89335024,18107.0,1471.1252543168655,3.9007092198581566,542,557,22,0,535,555,38346,7,0,0,7,2
2020-10-19,US,Indiana,Morgan,915,40,0,39.47899078,-86.44573375,18109.0,1298.0748769311524,4.371584699453551,875,908,40,0,868,901,70116,7,0,0,7,7
2020-10-19,US,Indiana,Newton,211,11,0,40.95610449,-87.39635768,18111.0,1508.867276887872,5.213270142180095,200,205,11,0,194,203,14011,6,0,0,6,2
2020-10-19,US,Indiana,Noble,1113,33,0,41.39672484,-85.41966713,18113.0,2331.1829758713143,2.964959568733154,1080,1100,33,0,1067,1089,47532,13,0,0,13,11
2020-10-19,US,Indiana,Ohio,118,7,0,38.955304999999996,-84.96515993,18115.0,2008.5106382978727,5.932203389830509,111,116,7,0,109,114,5844,2,0,0,2,2
2020-10-19,US,Indiana,Orange,386,24,0,38.54118920000001,-86.49523093,18117.0,1964.7765448437344,6.217616580310881,362,381,24,0,357,371,19489,5,0,0,5,10
2020-10-19,US,Indiana,Owen,199,1,0,39.31145587,-86.83900724,18119.0,956.7767681138516,0.5025125628140703,198,199,1,0,198,197,20845,0,0,0,0,2
2020-10-19,US,Indiana,Parke,218,2,0,39.77202286,-87.20375833,18121.0,1287.1228670957075,0.9174311926605504,216,215,2,0,213,207,16927,3,0,0,3,8
2020-10-19,US,Indiana,Perry,289,14,0,38.07809328,-86.63741946,18123.0,1507.6425478637384,4.844290657439447,275,282,14,0,268,275,19102,7,0,0,7,7
2020-10-19,US,Indiana,Pike,316,12,0,38.40112197,-87.23574907,18125.0,2550.6497699572196,3.79746835443038,304,315,12,0,303,307,12410,1,0,0,1,8
2020-10-19,US,Indiana,Porter,2932,48,0,41.45986947,-87.06848888,18127.0,1720.7683594598245,1.6371077762619373,2884,2889,48,0,2841,2855,169594,43,0,0,43,34
2020-10-19,US,Indiana,Posey,674,5,0,38.02097333,-87.86480429,18129.0,2650.725606638613,0.7418397626112759,669,669,5,0,664,651,25540,5,0,0,5,18
2020-10-19,US,Indiana,Pulaski,143,1,0,41.04166107,-86.69890683,18131.0,1157.613535173642,0.6993006993006993,142,140,1,0,139,139,12469,3,0,0,3,1
2020-10-19,US,Indiana,Putnam,695,15,0,39.66437981,-86.84517605,18133.0,1849.5848413881201,2.1582733812949644,680,694,15,0,679,686,37779,1,0,0,1,8
2020-10-19,US,Indiana,Randolph,337,8,0,40.15734772,-85.01139319,18135.0,1366.3085343604296,2.373887240356083,329,331,8,0,323,323,24851,6,0,0,6,8
2020-10-19,US,Indiana,Ripley,417,8,0,39.10235626,-85.26212744,18137.0,1472.24968224827,1.9184652278177456,409,413,8,0,405,409,28523,4,0,0,4,4
2020-10-19,US,Indiana,Rush,203,4,0,39.62002287,-85.4655599,18139.0,1224.2928653277847,1.9704433497536944,199,198,4,0,194,192,16663,5,0,0,5,6
2020-10-19,US,Indiana,Scott,506,13,0,38.68672078,-85.74627859,18143.0,2119.5492816152137,2.569169960474308,493,503,13,0,490,500,23878,3,0,0,3,3
2020-10-19,US,Indiana,Shelby,783,29,0,39.52305623,-85.79158570000001,18145.0,1750.542153859912,3.703703703703704,754,769,29,0,740,765,44593,14,0,0,14,4
2020-10-19,US,Indiana,Spencer,368,6,0,38.01519732,-87.0079644,18147.0,1814.8641317749173,1.6304347826086956,362,365,6,0,359,359,20327,3,0,0,3,6
2020-10-19,US,Indiana,St. Joseph,8788,157,0,41.61756781,-86.29040834,18141.0,3232.9504903872335,1.7865270823850703,8631,8651,154,0,8497,8560,270771,137,3,0,134,91
2020-10-19,US,Indiana,Starke,384,7,0,41.27890281,-86.64686895,18149.0,1669.9282452707114,1.8229166666666667,377,378,7,0,371,372,22935,6,0,0,6,6
2020-10-19,US,Indiana,Steuben,588,8,0,41.64423868,-85.00101094,18151.0,1699.7167138810198,1.3605442176870748,580,579,8,0,571,568,34586,9,0,0,9,11
2020-10-19,US,Indiana,Sullivan,424,12,0,39.08952258,-87.41414469,18153.0,2051.3812956601673,2.830188679245283,412,406,12,0,394,404,20690,18,0,0,18,2
2020-10-19,US,Indiana,Switzerland,84,0,0,38.82767338,-85.03022429,18155.0,781.3226676588222,0.0,84,84,0,0,84,83,10717,0,0,0,0,1
2020-10-19,US,Indiana,Tippecanoe,3509,14,0,40.38872739,-86.89413959,18157.0,1792.7574438517975,0.39897406668566543,3495,3464,14,0,3450,3428,193048,45,0,0,45,36
2020-10-19,US,Indiana,Tipton,266,23,0,40.31123252,-86.05234925,18159.0,1756.007393715342,8.646616541353383,243,261,23,0,238,261,15128,5,0,0,5,0
2020-10-19,US,Indiana,Unassigned,0,233,0,0.0,0.0,90018.0,0.0,0.0,-233,0,233,0,-233,0,,0,0,0,0,0
2020-10-19,US,Indiana,Union,102,0,0,39.62550777,-84.92497066,18161.0,1445.9880918627732,0.0,102,101,0,0,101,97,7037,1,0,0,1,4
2020-10-19,US,Indiana,Vanderburgh,5530,50,0,38.02658833,-87.58763124,18163.0,3047.6547387448954,0.9041591320072332,5480,5477,50,0,5427,5363,180974,53,0,0,53,114
2020-10-19,US,Indiana,Vermillion,211,1,0,39.8523352,-87.46160542,18165.0,1361.465995612337,0.4739336492890995,210,203,1,0,202,196,15479,8,0,0,8,7
2020-10-19,US,Indiana,Vigo,2488,37,0,39.42944561,-87.39169027,18167.0,2324.4081541134924,1.4871382636655948,2451,2455,34,0,2421,2422,107386,33,3,0,30,33
2020-10-19,US,Indiana,Wabash,385,9,0,40.84704239,-85.79328272,18169.0,1242.095754290876,2.3376623376623376,376,376,9,0,367,366,31280,9,0,0,9,10
2020-10-19,US,Indiana,Warren,73,1,0,40.34728141,-87.35602659,18171.0,883.2425892317,1.3698630136986298,72,72,1,0,71,72,8263,1,0,0,1,0
2020-10-19,US,Indiana,Warrick,1865,63,0,38.08922676,-87.2716085,18173.0,2960.411441633068,3.3780160857908847,1802,1853,62,0,1791,1820,62567,12,1,0,11,33
2020-10-19,US,Indiana,Washington,351,2,0,38.60219804,-86.1049363,18175.0,1251.9617634469967,0.5698005698005698,349,345,2,0,343,342,27943,6,0,0,6,3
2020-10-19,US,Indiana,Wayne,1171,23,0,39.863344399999995,-85.01044989,18177.0,1777.366280128711,1.964133219470538,1148,1149,23,0,1126,1127,65936,22,0,0,22,22
2020-10-19,US,Indiana,Wells,412,5,0,40.72934187,-85.22132966,18179.0,1456.0361888606164,1.2135922330097086,407,404,5,0,399,398,28206,8,0,0,8,6
2020-10-19,US,Indiana,White,562,15,0,40.74911165,-86.86492015,18181.0,2331.75670068874,2.6690391459074734,547,556,15,0,541,553,24133,6,0,0,6,3
2020-10-19,US,Indiana,Whitley,431,6,0,41.13863784,-85.50791236,18183.0,1268.9906960310918,1.3921113689095128,425,424,6,0,418,419,34074,7,0,0,7,5
2020-10-19,US,Iowa,Adair,133,1,0,41.33075609,-94.47105874,19001.0,1859.6196868008954,0.7518796992481203,132,123,1,0,122,122,7063,10,0,0,10,1
2020-10-19,US,Iowa,Adams,67,0,0,41.02903567,-94.69932645,19003.0,1860.0777345918927,0.0,67,67,0,0,67,66,3645,0,0,0,0,1
2020-10-19,US,Iowa,Allamakee,327,8,0,43.28383218,-91.37860922,19005.0,2389.1283699861183,2.4464831804281344,319,324,8,0,316,319,13832,3,0,0,3,5
2020-10-19,US,Iowa,Appanoose,201,3,0,40.74324454,-92.86865906,19007.0,1617.5760502172864,1.492537313432836,198,198,3,0,195,196,12437,3,0,0,3,2
2020-10-19,US,Iowa,Audubon,129,1,0,41.6844628,-94.90581859,19009.0,2347.161572052402,0.7751937984496124,128,128,1,0,127,128,5506,1,0,0,1,0
2020-10-19,US,Iowa,Benton,503,1,0,42.08011739,-92.06463573,19011.0,1961.3959836225386,0.1988071570576541,502,497,1,0,496,491,25642,6,0,0,6,6
2020-10-19,US,Iowa,Black Hawk,5191,96,0,42.4704581,-92.30524729,19013.0,3955.7106715030327,1.8493546522827968,5095,5171,96,0,5075,5155,132408,20,0,0,20,16
2020-10-19,US,Iowa,Boone,677,8,0,42.03657094,-93.9313999,19015.0,2580.6205687276056,1.1816838995568686,669,671,8,0,663,667,26346,6,0,0,6,4
2020-10-19,US,Iowa,Bremer,612,8,0,42.77461496,-92.31795937,19017.0,2441.943978932248,1.30718954248366,604,611,7,0,604,610,24947,1,1,0,0,1
2020-10-19,US,Iowa,Buchanan,393,3,0,42.4709188,-91.83510825,19019.0,1855.9622195985833,0.7633587786259542,390,389,3,0,386,388,21199,4,0,0,4,1
2020-10-19,US,Iowa,Buena Vista,2200,12,0,42.73545875,-95.15100162,19021.0,11213.047910295616,0.5454545454545454,2188,2195,12,0,2183,2192,19874,5,0,0,5,3
2020-10-19,US,Iowa,Butler,344,2,0,42.73172833,-92.79015971,19023.0,2382.436456818339,0.5813953488372093,342,340,2,0,338,340,14539,4,0,0,4,0
2020-10-19,US,Iowa,Calhoun,264,4,0,42.38521079,-94.64046046,19025.0,2730.65784029789,1.5151515151515151,260,257,3,0,254,257,9699,7,1,0,6,0
2020-10-19,US,Iowa,Carroll,1028,8,0,42.03617207,-94.86032705,19027.0,5097.941978675925,0.7782101167315175,1020,1023,8,0,1015,1020,20154,5,0,0,5,3
2020-10-19,US,Iowa,Cass,305,2,0,41.33149454,-94.92792482,19029.0,2376.129635400436,0.6557377049180327,303,302,2,0,300,290,12930,3,0,0,3,12
2020-10-19,US,Iowa,Cedar,385,5,0,41.77233777,-91.13246684,19031.0,2066.8921458098457,1.2987012987012987,380,379,5,0,374,348,18627,6,0,0,6,31
2020-10-19,US,Iowa,Cerro Gordo,1249,23,0,43.08177563,-93.2612239,19033.0,2942.285041224971,1.8414731785428344,1226,1222,23,0,1199,1220,42647,27,0,0,27,2
2020-10-19,US,Iowa,Cherokee,365,2,0,42.73538914,-95.62389402,19035.0,3248.7761459724074,0.547945205479452,363,362,2,0,360,356,11321,3,0,0,3,6
2020-10-19,US,Iowa,Chickasaw,322,1,0,43.06001295,-92.31773347,19037.0,2698.399396631191,0.3105590062111801,321,319,1,0,318,318,11964,3,0,0,3,1
2020-10-19,US,Iowa,Clarke,312,3,0,41.02868181,-93.78499767,19039.0,3320.9153805215533,0.9615384615384616,309,308,3,0,305,303,9423,4,0,0,4,5
2020-10-19,US,Iowa,Clay,484,4,0,43.08247182,-95.15096481,19041.0,3021.978021978022,0.8264462809917356,480,481,4,0,477,477,16134,3,0,0,3,4
2020-10-19,US,Iowa,Clayton,350,3,0,42.84443388,-91.34133693,19043.0,1994.415636218588,0.8571428571428571,347,350,3,0,347,349,17556,0,0,0,0,1
2020-10-19,US,Iowa,Clinton,1355,25,0,41.89981633,-90.53275096,19045.0,2918.43459906524,1.845018450184502,1330,1346,25,0,1321,1342,46518,9,0,0,9,4
2020-10-19,US,Iowa,Crawford,1309,12,0,42.03718237,-95.3819718,19047.0,7782.401902497028,0.9167303284950344,1297,1303,12,0,1291,1302,17158,6,0,0,6,1
2020-10-19,US,Iowa,Dallas,3291,43,0,41.68560356,-94.04127625,19049.0,3521.5562903277587,1.306593740504406,3248,3288,43,0,3245,3280,90180,3,0,0,3,8
2020-10-19,US,Iowa,Davis,155,4,0,40.74773536,-92.41005468,19051.0,1722.2222222222226,2.5806451612903225,151,154,4,0,150,154,9017,1,0,0,1,0
2020-10-19,US,Iowa,Decatur,129,0,0,40.73742757,-93.78645949,19053.0,1639.135959339263,0.0,129,122,0,0,122,121,7890,7,0,0,7,1
2020-10-19,US,Iowa,Delaware,679,8,0,42.47104597,-91.3664492,19055.0,3991.534889189348,1.1782032400589102,671,672,8,0,664,668,17069,7,0,0,7,4
2020-10-19,US,Iowa,Des Moines,1213,9,0,40.92012606,-91.18326592,19057.0,3112.890394436318,0.7419620774938169,1204,1209,9,0,1200,1190,39138,4,0,0,4,19
2020-10-19,US,Iowa,Dickinson,684,7,0,43.37787725,-95.1510206,19059.0,3963.379302352532,1.023391812865497,677,683,7,0,676,677,17153,1,0,0,1,6
2020-10-19,US,Iowa,Dubuque,4679,52,0,42.46815349,-90.88181925,19061.0,4808.295054002117,1.1113485787561446,4627,4638,52,0,4586,4601,96854,41,0,0,41,37
2020-10-19,US,Iowa,Emmet,399,14,0,43.37782951,-94.67858943,19063.0,4333.188531711555,3.5087719298245608,385,393,14,0,379,389,9253,6,0,0,6,4
2020-10-19,US,Iowa,Fayette,341,2,0,42.86271799,-91.84412309999999,19065.0,1735.3689567430026,0.5865102639296188,339,337,2,0,335,331,19660,4,0,0,4,6
2020-10-19,US,Iowa,Floyd,415,11,0,43.06000529999999,-92.78940097,19067.0,2653.1134126070833,2.6506024096385543,404,412,11,0,401,411,15761,3,0,0,3,1
2020-10-19,US,Iowa,Franklin,373,18,0,42.73270384,-93.26256925,19069.0,3704.071499503476,4.825737265415548,355,369,18,0,351,368,10124,4,0,0,4,1
2020-10-19,US,Iowa,Fremont,178,1,0,40.74542720000001,-95.60129045,19071.0,2557.4712643678163,0.5617977528089888,177,178,1,0,177,178,6993,0,0,0,0,0
2020-10-19,US,Iowa,Greene,173,0,0,42.03614551,-94.39658081,19073.0,1946.4446444644464,0.0,173,171,0,0,171,170,8981,2,0,0,2,1
2020-10-19,US,Iowa,Grundy,280,4,0,42.40183723,-92.78829551,19075.0,2289.077828646174,1.4285714285714286,276,279,4,0,275,279,12304,1,0,0,1,0
2020-10-19,US,Iowa,Guthrie,369,14,0,41.68378965,-94.50111014,19077.0,3452.147067078305,3.794037940379404,355,364,14,0,350,360,10720,5,0,0,5,4
2020-10-19,US,Iowa,Hamilton,443,3,0,42.38382428,-93.70197703,19079.0,2998.7138698977865,0.6772009029345373,440,431,3,0,428,429,14952,12,0,0,12,2
2020-10-19,US,Iowa,Hancock,281,4,0,43.08178477,-93.73454884,19081.0,2643.4619002822196,1.4234875444839858,277,272,4,0,268,270,10712,9,0,0,9,2
2020-10-19,US,Iowa,Hardin,428,5,0,42.38353877,-93.23654611,19083.0,2540.6624718033954,1.1682242990654206,423,421,5,0,416,418,16868,7,0,0,7,3
2020-10-19,US,Iowa,Harrison,576,8,0,41.68330137,-95.81558439,19085.0,4099.935938500961,1.3888888888888888,568,562,8,0,554,551,14134,14,0,0,14,11
2020-10-19,US,Iowa,Henry,978,5,0,40.98767962,-91.54436349,19087.0,4901.272927733788,0.5112474437627812,973,973,5,0,968,966,20067,5,0,0,5,7
2020-10-19,US,Iowa,Howard,247,9,0,43.35671042,-92.31702714,19089.0,2697.0954356846473,3.643724696356276,238,245,8,0,237,240,9187,2,1,0,1,5
2020-10-19,US,Iowa,Humboldt,291,3,0,42.7764426,-94.20722537,19091.0,3044.569993722537,1.0309278350515465,288,279,3,0,276,278,9547,12,0,0,12,1
2020-10-19,US,Iowa,Ida,177,2,0,42.38696136,-95.51355387,19093.0,2580.174927113703,1.1299435028248588,175,176,2,0,174,176,6841,1,0,0,1,0
2020-10-19,US,Iowa,Iowa,377,6,0,41.68630265,-92.0643373,19095.0,2329.461196243203,1.5915119363395225,371,375,6,0,369,371,16141,2,0,0,2,4
2020-10-19,US,Iowa,Jackson,528,3,0,42.17178824,-90.57354837,19097.0,2716.189104377797,0.5681818181818182,525,525,3,0,522,518,19432,3,0,0,3,7
2020-10-19,US,Iowa,Jasper,1020,34,0,41.68576082,-93.05567785,19099.0,2743.0415490116984,3.333333333333333,986,1019,34,0,985,1014,37147,1,0,0,1,5
2020-10-19,US,Iowa,Jefferson,190,1,0,41.03192394,-91.94849466,19101.0,1038.5351188849413,0.5263157894736842,189,188,1,0,187,187,18381,2,0,0,2,1
2020-10-19,US,Iowa,Johnson,5638,30,0,41.67169354,-91.58754744,19103.0,3730.3162630673546,0.5321035828307911,5608,5623,30,0,5593,5609,151260,15,0,0,15,14
2020-10-19,US,Iowa,Jones,411,3,0,42.12118609,-91.13139641,19105.0,1987.331366955176,0.7299270072992701,408,405,3,0,402,396,20744,6,0,0,6,9
2020-10-19,US,Iowa,Keokuk,140,1,0,41.33649833,-92.1785067,19107.0,1366.3868826859261,0.7142857142857143,139,136,1,0,135,136,10225,4,0,0,4,0
2020-10-19,US,Iowa,Kossuth,422,0,0,43.20405458,-94.20691791,19109.0,2848.8489840005395,0.0,422,415,0,0,415,411,14908,7,0,0,7,4
2020-10-19,US,Iowa,Lee,871,9,0,40.64181461,-91.48183025,19111.0,2587.8717651602938,1.033295063145809,862,868,9,0,859,864,34055,3,0,0,3,4
2020-10-19,US,Iowa,Linn,5047,126,0,42.07923082,-91.59809485,19113.0,2226.2313304455993,2.4965325936199716,4921,5020,123,0,4897,4979,225909,27,3,0,24,41
2020-10-19,US,Iowa,Louisa,491,15,0,41.21842119,-91.26102611,19115.0,4449.478930675125,3.054989816700611,476,490,15,0,475,488,11169,1,0,0,1,2
2020-10-19,US,Iowa,Lucas,186,6,0,41.02958964,-93.32780803,19117.0,2162.7906976744184,3.2258064516129035,180,179,6,0,173,179,8645,7,0,0,7,0
2020-10-19,US,Iowa,Lyon,514,7,0,43.38107862,-96.20926845,19119.0,4372.607401105913,1.3618677042801557,507,511,7,0,504,505,11811,3,0,0,3,6
2020-10-19,US,Iowa,Madison,343,2,0,41.33081904,-94.01554631,19121.0,2099.400171379606,0.5830903790087464,341,337,2,0,335,336,16249,6,0,0,6,1
2020-10-19,US,Iowa,Mahaska,614,22,0,41.33521503,-92.64083907,19123.0,2778.9092554876675,3.5830618892508137,592,601,22,0,579,599,22000,13,0,0,13,2
2020-10-19,US,Iowa,Marion,924,10,0,41.33445101,-93.09934783,19125.0,2778.6966589480653,1.0822510822510822,914,920,10,0,910,913,33407,4,0,0,4,7
2020-10-19,US,Iowa,Marshall,1926,36,0,42.03586837,-92.99908190000001,19127.0,4892.174045568849,1.8691588785046729,1890,1922,36,0,1886,1914,39981,4,0,0,4,8
2020-10-19,US,Iowa,Mills,336,1,0,41.03299766,-95.61920963,19129.0,2223.840095307433,0.2976190476190476,335,334,1,0,333,326,15063,2,0,0,2,8
2020-10-19,US,Iowa,Mitchell,230,0,0,43.35638371,-92.78887719,19131.0,2172.680899300964,0.0,230,227,0,0,227,225,10569,3,0,0,3,2
2020-10-19,US,Iowa,Monona,228,1,0,42.05220391,-95.95743843,19133.0,2646.546720835752,0.43859649122807015,227,226,1,0,225,225,8679,2,0,0,2,1
2020-10-19,US,Iowa,Monroe,238,11,0,41.02988815,-92.8690667,19135.0,3088.1017257039057,4.621848739495798,227,237,11,0,226,236,7790,1,0,0,1,1
2020-10-19,US,Iowa,Montgomery,155,5,0,41.03018714,-95.15642896,19137.0,1562.9726731874564,3.2258064516129035,150,152,5,0,147,150,10003,3,0,0,3,2
2020-10-19,US,Iowa,Muscatine,1339,58,0,41.48370744,-91.11216970000001,19139.0,3138.477404837802,4.33159073935773,1281,1323,57,0,1266,1320,42929,16,1,0,15,3
2020-10-19,US,Iowa,O'Brien,579,11,0,43.08310673,-95.62474482,19141.0,4209.990547516905,1.8998272884283247,568,569,10,0,559,560,13840,10,1,0,9,9
2020-10-19,US,Iowa,Osceola,248,0,0,43.37824276,-95.62422844,19143.0,4162.470627727425,0.0,248,245,0,0,245,244,6040,3,0,0,3,1
2020-10-19,US,Iowa,Page,347,0,0,40.7393172,-95.1497813,19145.0,2296.9484345005626,0.0,347,345,0,0,345,338,15249,2,0,0,2,7
2020-10-19,US,Iowa,Palo Alto,286,1,0,43.08193849,-94.67824621,19147.0,3218.546027458924,0.34965034965034963,285,283,1,0,282,282,8929,3,0,0,3,1
2020-10-19,US,Iowa,Plymouth,1539,25,0,42.737633,-96.21366621,19149.0,6112.721928744489,1.6244314489928524,1514,1533,24,0,1509,1516,25095,6,1,0,5,17
2020-10-19,US,Iowa,Pocahontas,209,2,0,42.73420133,-94.67862564,19151.0,3157.576673213476,0.9569377990430622,207,203,2,0,201,202,6740,6,0,0,6,1
2020-10-19,US,Iowa,Polk,17984,282,0,41.68679484,-93.57767461,19153.0,3668.9985535364913,1.5680604982206403,17702,17906,281,0,17625,17844,487204,78,1,0,77,62
2020-10-19,US,Iowa,Pottawattamie,2956,44,0,41.33640314,-95.53907776,19155.0,3171.4696478767464,1.4884979702300405,2912,2940,44,0,2896,2929,93533,16,0,0,16,11
2020-10-19,US,Iowa,Poweshiek,428,11,0,41.68625425,-92.53155731,19157.0,2313.013402507566,2.5700934579439254,417,428,11,0,417,416,18699,0,0,0,0,12
2020-10-19,US,Iowa,Ringgold,82,2,0,40.73518949,-94.24368535,19159.0,1675.5210461789948,2.4390243902439024,80,80,2,0,78,80,4968,2,0,0,2,0
2020-10-19,US,Iowa,Sac,364,3,0,42.38624071,-95.10547892,19161.0,3744.470733463636,0.8241758241758241,361,360,3,0,357,359,9719,4,0,0,4,1
2020-10-19,US,Iowa,Scott,4041,34,0,41.63935978,-90.61959493,19163.0,2336.6080153576613,0.8413758970551843,4007,4024,33,0,3991,3985,173283,17,1,0,16,39
2020-10-19,US,Iowa,Shelby,344,1,0,41.6850066,-95.31015553,19165.0,3003.317618299285,0.2906976744186047,343,341,1,0,340,339,11578,3,0,0,3,2
2020-10-19,US,Iowa,Sioux,2297,12,0,43.08221074,-96.17675679999999,19167.0,6590.159231100272,0.5224205485415759,2285,2282,11,0,2271,2272,34909,15,1,0,14,10
2020-10-19,US,Iowa,Story,3853,17,0,42.03621213,-93.46499005,19169.0,3967.3795524985326,0.4412146379444589,3836,3832,17,0,3815,3825,98105,21,0,0,21,7
2020-10-19,US,Iowa,Tama,900,37,0,42.07991767,-92.53266945,19171.0,5339.97864008544,4.111111111111111,863,893,36,0,857,890,16904,7,1,0,6,3
2020-10-19,US,Iowa,Taylor,220,2,0,40.73710579,-94.69778563,19173.0,3594.1839568697924,0.9090909090909092,218,220,2,0,218,218,6191,0,0,0,0,2
2020-10-19,US,Iowa,Unassigned,19,0,0,0.0,0.0,90019.0,0.0,0.0,19,25,0,0,25,25,,-6,0,0,-6,0
2020-10-19,US,Iowa,Union,209,4,0,41.0277278,-94.24234847,19175.0,1707.3768482967075,1.9138755980861244,205,208,3,0,205,208,12359,1,1,0,0,0
2020-10-19,US,Iowa,Van Buren,157,2,0,40.75326764,-91.95017958,19177.0,2228.847245883021,1.2738853503184713,155,156,2,0,154,151,7020,1,0,0,1,5
2020-10-19,US,Iowa,Wapello,1471,62,0,41.03064984,-92.40954728,19179.0,4206.582973490807,4.214819850441876,1409,1470,62,0,1408,1466,35205,1,0,0,1,4
2020-10-19,US,Iowa,Warren,1149,6,0,41.33559454,-93.56007641,19181.0,2232.5418723040452,0.5221932114882507,1143,1143,6,0,1137,1136,51056,6,0,0,6,7
2020-10-19,US,Iowa,Washington,610,11,0,41.33577126,-91.71725711,19183.0,2777.1454586842706,1.8032786885245904,599,606,11,0,595,601,22141,4,0,0,4,5
2020-10-19,US,Iowa,Wayne,112,3,0,40.73969028,-93.32752197,19185.0,1738.8604253997823,2.6785714285714284,109,111,3,0,108,111,6401,1,0,0,1,0
2020-10-19,US,Iowa,Webster,1700,14,0,42.42853483,-94.17987389,19187.0,4734.848484848485,0.8235294117647058,1686,1664,14,0,1650,1661,36277,36,0,0,36,3
2020-10-19,US,Iowa,Winnebago,437,16,0,43.37751174,-93.73407298,19189.0,4220.591075912691,3.6613272311212817,421,419,16,0,403,415,10518,18,0,0,18,4
2020-10-19,US,Iowa,Winneshiek,433,9,0,43.29094334,-91.84422722,19191.0,2165.9746886098746,2.07852193995381,424,429,9,0,420,425,20029,4,0,0,4,4
2020-10-19,US,Iowa,Woodbury,6820,88,0,42.38979414,-96.0459439,19193.0,6614.487862123813,1.2903225806451613,6732,6787,86,0,6701,6734,102539,33,2,0,31,53
2020-10-19,US,Iowa,Worth,127,0,0,43.37750768,-93.26087602,19195.0,1720.634060425417,0.0,127,126,0,0,126,126,7453,1,0,0,1,0
2020-10-19,US,Iowa,Wright,687,1,0,42.73305373,-93.73515113,19197.0,5468.874383060022,0.14556040756914118,686,679,1,0,678,678,12690,8,0,0,8,1
2020-10-19,US,Kansas,Allen,104,1,0,37.88582951,-95.30030847,20001.0,840.8117066860699,0.9615384615384616,103,104,1,0,103,104,12444,0,0,0,0,0
2020-10-19,US,Kansas,Anderson,137,0,0,38.21413251,-95.29272815,20003.0,1743.4461695087812,0.0,137,114,0,0,114,114,7878,23,0,0,23,0
2020-10-19,US,Kansas,Atchison,500,5,0,39.53185661,-95.30870026,20005.0,3110.8069433210976,1.0,495,460,4,0,456,460,16193,40,1,0,39,0
2020-10-19,US,Kansas,Barber,27,0,0,37.2288586,-98.68460053,20007.0,609.8938332956857,0.0,27,26,0,0,26,26,4472,1,0,0,1,0
2020-10-19,US,Kansas,Barton,701,7,0,38.47889676,-98.75636726,20009.0,2719.267620931766,0.9985734664764622,694,676,7,0,669,676,26111,25,0,0,25,0
2020-10-19,US,Kansas,Bourbon,267,3,0,37.85508555,-94.84865997,20011.0,1837.0716939589927,1.1235955056179776,264,267,3,0,264,267,14653,0,0,0,0,0
2020-10-19,US,Kansas,Brown,182,5,0,39.82652589,-95.56421698,20013.0,1902.9694688414886,2.7472527472527477,177,182,5,0,177,182,9598,0,0,0,0,0
2020-10-19,US,Kansas,Butler,778,3,0,37.78134351,-96.83878537,20015.0,1162.7385631659965,0.3856041131105398,775,759,3,0,756,759,66765,19,0,0,19,0
2020-10-19,US,Kansas,Chase,90,2,0,38.30292938,-96.59563862,20017.0,3398.7915407854985,2.2222222222222223,88,90,2,0,88,90,2629,0,0,0,0,0
2020-10-19,US,Kansas,Chautauqua,21,0,0,37.14994405,-96.2454192,20019.0,646.1538461538463,0.0,21,21,0,0,21,21,3309,0,0,0,0,0
2020-10-19,US,Kansas,Cherokee,621,7,0,37.16928494,-94.8462897,20021.0,3114.499222629019,1.1272141706924317,614,621,7,0,614,621,20015,0,0,0,0,0
2020-10-19,US,Kansas,Cheyenne,95,5,0,39.78580976,-101.7318201,20023.0,3575.4610462928113,5.2631578947368425,90,94,5,0,89,94,2660,1,0,0,1,0
2020-10-19,US,Kansas,Clark,60,1,0,37.23577007,-99.81883015,20025.0,3009.027081243731,1.6666666666666667,59,59,1,0,58,59,2005,1,0,0,1,0
2020-10-19,US,Kansas,Clay,78,2,0,39.34948772,-97.16518128,20027.0,974.7563109222694,2.5641025641025643,76,76,2,0,74,76,7997,2,0,0,2,0
2020-10-19,US,Kansas,Cloud,102,1,0,39.48028352,-97.64925343,20029.0,1160.93785567949,0.9803921568627452,101,97,1,0,96,97,8729,5,0,0,5,0
2020-10-19,US,Kansas,Coffey,148,9,0,38.2365018,-95.73379515,20031.0,1809.5121653013816,6.081081081081082,139,136,9,0,127,136,8233,12,0,0,12,0
2020-10-19,US,Kansas,Comanche,19,0,0,37.19114520000001,-99.27113247,20033.0,1117.6470588235297,0.0,19,19,0,0,19,19,1748,0,0,0,0,0
2020-10-19,US,Kansas,Cowley,480,10,0,37.23781842,-96.83776647,20035.0,1375.0429700928155,2.083333333333333,470,458,9,0,449,458,35218,22,1,0,21,0
2020-10-19,US,Kansas,Crawford,1226,10,0,37.50675523,-94.85245778,20037.0,3158.3286104384565,0.8156606851549756,1216,1226,10,0,1216,1226,39019,0,0,0,0,0
2020-10-19,US,Kansas,Decatur,64,1,0,39.78468441,-100.45940809999999,20039.0,2263.883975946233,1.5625,63,45,1,0,44,45,2871,19,0,0,19,0
2020-10-19,US,Kansas,Dickinson,275,3,0,38.86600962,-97.15532383,20041.0,1489.22343766923,1.0909090909090908,272,267,3,0,264,267,18717,8,0,0,8,0
2020-10-19,US,Kansas,Doniphan,159,0,0,39.79067154,-95.14056866,20043.0,2092.1052631578946,0.0,159,153,0,0,153,153,7682,6,0,0,6,0
2020-10-19,US,Kansas,Douglas,2743,15,0,38.88503636,-95.2925121,20045.0,2243.597608356031,0.5468465184104995,2728,2692,15,0,2677,2692,121436,51,0,0,51,0
2020-10-19,US,Kansas,Edwards,61,0,0,37.88735543,-99.31263309,20047.0,2180.1286633309505,0.0,61,60,0,0,60,60,2849,1,0,0,1,0
2020-10-19,US,Kansas,Elk,13,0,0,37.45338105,-96.24369667,20049.0,513.8339920948616,0.0,13,13,0,0,13,13,2508,0,0,0,0,0
2020-10-19,US,Kansas,Ellis,1306,16,0,38.91458712,-99.31751551,20051.0,4573.950197877632,1.2251148545176107,1290,1277,16,0,1261,1277,28710,29,0,0,29,0
2020-10-19,US,Kansas,Ellsworth,167,0,0,38.69677695,-98.20462799,20053.0,2736.807604064241,0.0,167,142,0,0,142,142,6196,25,0,0,25,0
2020-10-19,US,Kansas,Finney,2676,16,0,38.04340344,-100.73819379999999,20055.0,7338.141333260208,0.5979073243647235,2660,2567,16,0,2551,2567,36611,109,0,0,109,0
2020-10-19,US,Kansas,Ford,3134,13,0,37.69200114,-99.88825298,20057.0,9322.109521401588,0.4148053605615826,3121,3108,13,0,3095,3108,33888,26,0,0,26,0
2020-10-19,US,Kansas,Franklin,495,3,0,38.56443815,-95.28644341,20059.0,1937.832759160664,0.6060606060606061,492,484,3,0,481,484,25631,11,0,0,11,0
2020-10-19,US,Kansas,Geary,369,4,0,38.99871131,-96.7577178,20061.0,1165.1405115251025,1.084010840108401,365,357,4,0,353,357,32594,12,0,0,12,0
2020-10-19,US,Kansas,Gove,148,9,0,38.91588178,-100.4829321,20063.0,5614.567526555387,6.081081081081082,139,148,9,0,139,148,2612,0,0,0,0,0
2020-10-19,US,Kansas,Graham,56,1,0,39.34987223,-99.88332493,20065.0,2256.2449637389204,1.7857142857142858,55,56,1,0,55,56,2492,0,0,0,0,0
2020-10-19,US,Kansas,Grant,398,8,0,37.56227336,-101.3079758,20067.0,5566.433566433567,2.010050251256281,390,392,8,0,384,392,7336,6,0,0,6,0
2020-10-19,US,Kansas,Gray,181,0,0,37.73836671,-100.4369088,20069.0,3022.7120908483635,0.0,181,181,0,0,181,181,6033,0,0,0,0,0
2020-10-19,US,Kansas,Greeley,22,0,0,38.4808095,-101.8061079,20071.0,1785.7142857142858,0.0,22,22,0,0,22,22,1227,0,0,0,0,0
2020-10-19,US,Kansas,Greenwood,75,0,0,37.8774388,-96.23250453,20073.0,1253.7612838515547,0.0,75,71,0,0,71,71,6055,4,0,0,4,0
2020-10-19,US,Kansas,Hamilton,55,0,0,37.99978709,-101.7921066,20075.0,2166.2071681764473,0.0,55,51,0,0,51,51,2607,4,0,0,4,0
2020-10-19,US,Kansas,Harper,140,2,0,37.19175361,-98.07578384,20077.0,2575.42310522443,1.4285714285714286,138,133,2,0,131,133,5506,7,0,0,7,0
2020-10-19,US,Kansas,Harvey,484,7,0,38.04293782,-97.42747573,20079.0,1405.7916291498443,1.4462809917355373,477,466,7,0,459,466,34210,18,0,0,18,0
2020-10-19,US,Kansas,Haskell,103,1,0,37.562039399999996,-100.8710738,20081.0,2595.766129032258,0.9708737864077671,102,103,1,0,102,103,3997,0,0,0,0,0
2020-10-19,US,Kansas,Hodgeman,32,0,0,38.08780079,-99.89829881,20083.0,1783.7235228539575,0.0,32,30,0,0,30,30,1818,2,0,0,2,0
2020-10-19,US,Kansas,Jackson,285,4,0,39.41673394,-95.79356799,20085.0,2163.8448105686734,1.4035087719298245,281,285,4,0,281,285,13280,0,0,0,0,0
2020-10-19,US,Kansas,Jefferson,256,4,0,39.2347941,-95.38289232,20087.0,1344.3259990547708,1.5625,252,248,4,0,244,248,18975,8,0,0,8,0
2020-10-19,US,Kansas,Jewell,21,1,0,39.78470589,-98.21820662,20089.0,729.4199374782913,4.761904761904762,20,21,1,0,20,21,2841,0,0,0,0,0
2020-10-19,US,Kansas,Johnson,13071,173,0,38.88548175,-94.82250877,20091.0,2169.817115177432,1.3235406625353836,12898,13009,173,0,12836,12932,597555,62,0,0,62,77
2020-10-19,US,Kansas,Kearny,131,3,0,38.00017981,-101.32168100000001,20093.0,3413.23606044815,2.2900763358778624,128,128,3,0,125,128,3943,3,0,0,3,0
2020-10-19,US,Kansas,Kingman,109,3,0,37.55909527,-98.13638678,20095.0,1524.0492170022376,2.7522935779816518,106,107,3,0,104,107,7310,2,0,0,2,0
2020-10-19,US,Kansas,Kiowa,43,0,0,37.55848695,-99.2856537,20097.0,1737.3737373737374,0.0,43,43,0,0,43,43,2516,0,0,0,0,0
2020-10-19,US,Kansas,Labette,340,5,0,37.19113093,-95.29849679,20099.0,1733.1022530329294,1.4705882352941178,335,330,5,0,325,330,19964,10,0,0,10,0
2020-10-19,US,Kansas,Lane,17,0,0,38.48119447,-100.46607540000001,20101.0,1107.4918566775243,0.0,17,17,0,0,17,17,1560,0,0,0,0,0
2020-10-19,US,Kansas,Leavenworth,2471,17,0,39.20183497,-95.03620809,20103.0,3022.334205826953,0.6879805746661272,2454,2424,17,0,2407,2424,81352,47,0,0,47,0
2020-10-19,US,Kansas,Lincoln,17,1,0,39.04549684,-98.20756994,20105.0,573.9365293720459,5.882352941176472,16,15,1,0,14,15,3023,2,0,0,2,0
2020-10-19,US,Kansas,Linn,109,1,0,38.21267844,-94.84254089,20107.0,1123.3639080696692,0.9174311926605504,108,109,1,0,108,109,9750,0,0,0,0,0
2020-10-19,US,Kansas,Logan,68,0,0,38.91735806,-101.148475,20109.0,2433.78668575519,0.0,68,68,0,0,68,68,2844,0,0,0,0,0
2020-10-19,US,Kansas,Lyon,1256,39,0,38.45576156,-96.15275715,20111.0,3783.7023648139775,3.1050955414012744,1217,1243,37,0,1206,1243,33406,13,2,0,11,0
2020-10-19,US,Kansas,Marion,114,1,0,38.35855394,-97.09852509999999,20115.0,959.2729720632783,0.8771929824561403,113,103,1,0,102,103,11950,11,0,0,11,0
2020-10-19,US,Kansas,Marshall,64,0,0,39.78359669,-96.52278974,20117.0,659.3180179252088,0.0,64,59,0,0,59,59,9722,5,0,0,5,0
2020-10-19,US,Kansas,McPherson,338,5,0,38.39184858,-97.64769869,20113.0,1184.2197463387288,1.4792899408284024,333,338,5,0,333,338,28537,0,0,0,0,0
2020-10-19,US,Kansas,Meade,140,1,0,37.23859987,-100.36483100000001,20119.0,3471.3612695264073,0.7142857142857143,139,140,1,0,139,140,4146,0,0,0,0,0
2020-10-19,US,Kansas,Miami,477,2,0,38.56383358,-94.83832189,20121.0,1393.2295469813364,0.4192872117400419,475,474,2,0,472,474,33680,3,0,0,3,0
2020-10-19,US,Kansas,Mitchell,59,0,0,39.39331582,-98.20906732,20123.0,986.7870881418297,0.0,59,57,0,0,57,57,6150,2,0,0,2,0
2020-10-19,US,Kansas,Montgomery,631,6,0,37.19236568,-95.74329258,20125.0,1982.4688177448238,0.9508716323296356,625,612,6,0,606,612,32120,19,0,0,19,0
2020-10-19,US,Kansas,Morris,51,0,0,38.68827511,-96.65128437,20127.0,907.473309608541,0.0,51,49,0,0,49,49,5521,2,0,0,2,0
2020-10-19,US,Kansas,Morton,39,2,0,37.19141121,-101.79925190000002,20129.0,1507.537688442211,5.128205128205129,37,32,2,0,30,32,2667,7,0,0,7,0
2020-10-19,US,Kansas,Nemaha,215,1,0,39.78345387,-96.01392079,20131.0,2101.4563581272605,0.4651162790697674,214,215,1,0,214,215,10155,0,0,0,0,0
2020-10-19,US,Kansas,Neosho,212,0,0,37.55862897,-95.30670046,20133.0,1324.420566002374,0.0,212,206,0,0,206,206,15951,6,0,0,6,0
2020-10-19,US,Kansas,Ness,107,8,0,38.47974157,-99.91547333,20135.0,3890.909090909091,7.4766355140186915,99,107,8,0,99,107,2840,0,0,0,0,0
2020-10-19,US,Kansas,Norton,336,1,0,39.78443827,-99.90286639,20137.0,6267.487409065472,0.2976190476190476,335,252,1,0,251,252,5430,84,0,0,84,0
2020-10-19,US,Kansas,Osage,147,2,0,38.65235984,-95.72707998,20139.0,921.6878801178757,1.3605442176870748,145,142,1,0,141,142,15941,5,1,0,4,0
2020-10-19,US,Kansas,Osborne,21,0,0,39.3503437,-98.76753828,20141.0,613.8555977784274,0.0,21,21,0,0,21,21,3475,0,0,0,0,0
2020-10-19,US,Kansas,Ottawa,108,0,0,39.13237408,-97.65020313,20143.0,1893.4081346423568,0.0,108,104,0,0,104,104,5802,4,0,0,4,0
2020-10-19,US,Kansas,Pawnee,413,1,0,38.18108732,-99.23692334,20145.0,6439.0396008730895,0.2421307506053269,412,406,1,0,405,406,6562,7,0,0,7,0
2020-10-19,US,Kansas,Phillips,164,9,0,39.78465501,-99.34668865,20147.0,3133.358807795185,5.487804878048781,155,151,9,0,142,151,5317,13,0,0,13,0
2020-10-19,US,Kansas,Pottawatomie,350,0,0,39.37925655,-96.34564657,20149.0,1435.4263216175204,0.0,350,350,0,0,350,350,24277,0,0,0,0,0
2020-10-19,US,Kansas,Pratt,104,0,0,37.64780729,-98.73922153,20151.0,1134.8756001745962,0.0,104,101,0,0,101,101,9378,3,0,0,3,0
2020-10-19,US,Kansas,Rawlins,75,0,0,39.78525843,-101.07616170000001,20153.0,2964.426877470355,0.0,75,67,0,0,67,67,2508,8,0,0,8,0
2020-10-19,US,Kansas,Reno,1837,11,0,37.95230263,-98.08607292,20155.0,2962.9988064131103,0.5988023952095808,1826,1732,10,0,1722,1681,62342,105,1,0,104,51
2020-10-19,US,Kansas,Republic,74,1,0,39.82799632,-97.65036709,20157.0,1596.2036238136325,1.351351351351351,73,71,1,0,70,71,4664,3,0,0,3,0
2020-10-19,US,Kansas,Rice,123,1,0,38.34616184,-98.19992118,20159.0,1289.7137464611512,0.8130081300813008,122,117,1,0,116,117,9531,6,0,0,6,0
2020-10-19,US,Kansas,Riley,2057,11,0,39.28935726,-96.73420026,20161.0,2771.0421381614397,0.5347593582887701,2046,2047,11,0,2036,2047,73703,10,0,0,10,0
2020-10-19,US,Kansas,Rooks,141,7,0,39.35022773,-99.32484567,20163.0,2865.853658536585,4.964539007092198,134,131,7,0,124,131,5013,10,0,0,10,0
2020-10-19,US,Kansas,Rush,98,0,0,38.52275276,-99.30863983,20165.0,3227.931488801054,0.0,98,93,0,0,93,93,3093,5,0,0,5,0
2020-10-19,US,Kansas,Russell,161,4,0,38.91462787,-98.76254297,20167.0,2348.3080513418904,2.4844720496894412,157,158,3,0,155,158,6907,3,1,0,2,0
2020-10-19,US,Kansas,Saline,992,13,0,38.78369175,-97.65185177,20169.0,1829.4482148126287,1.310483870967742,979,953,13,0,940,953,54401,39,0,0,39,0
2020-10-19,US,Kansas,Scott,164,1,0,38.48222076,-100.90665390000001,20171.0,3400.3732116939673,0.6097560975609756,163,164,1,0,163,164,4897,0,0,0,0,0
2020-10-19,US,Kansas,Sedgwick,10113,121,0,37.6842718,-97.4608198,20173.0,1959.7242084946568,1.196479778502917,9992,10008,121,0,9887,9909,513607,105,0,0,105,99
2020-10-19,US,Kansas,Seward,1978,7,0,37.19324632,-100.85072009999999,20175.0,9230.912824341982,0.3538928210313448,1971,1978,7,0,1971,1978,21780,0,0,0,0,0
2020-10-19,US,Kansas,Shawnee,3252,73,0,39.04100763,-95.75572640000001,20177.0,1838.5865724381626,2.2447724477244773,3179,3175,69,0,3106,3175,177499,77,4,0,73,0
2020-10-19,US,Kansas,Sheridan,128,0,0,39.35018161,-100.44182590000001,20179.0,5077.350257834193,0.0,128,101,0,0,101,101,2533,27,0,0,27,0
2020-10-19,US,Kansas,Sherman,145,0,0,39.35147699,-101.71976240000001,20181.0,2450.566165286463,0.0,145,130,0,0,130,130,5899,15,0,0,15,0
2020-10-19,US,Kansas,Smith,19,0,0,39.78516566,-98.78566062,20183.0,530.2818866871337,0.0,19,19,0,0,19,19,3603,0,0,0,0,0
2020-10-19,US,Kansas,Stafford,66,1,0,38.03100851,-98.71762001,20185.0,1588.0654475457168,1.5151515151515151,65,65,1,0,64,65,4178,1,0,0,1,0
2020-10-19,US,Kansas,Stanton,48,2,0,37.56304714,-101.78435340000001,20187.0,2392.8215353938185,4.166666666666667,46,48,2,0,46,48,1987,0,0,0,0,0
2020-10-19,US,Kansas,Stevens,207,1,0,37.1923008,-101.3118967,20189.0,3773.928896991796,0.4830917874396135,206,201,1,0,200,201,5559,6,0,0,6,0
2020-10-19,US,Kansas,Sumner,244,3,0,37.23682549,-97.47721621,20191.0,1068.488351725346,1.2295081967213115,241,232,3,0,229,232,22996,12,0,0,12,0
2020-10-19,US,Kansas,Thomas,278,2,0,39.35107575,-101.0553705,20193.0,3574.643178603574,0.7194244604316546,276,262,2,0,260,262,7711,16,0,0,16,0
2020-10-19,US,Kansas,Trego,74,3,0,38.91467218,-99.87284448,20195.0,2640.0285408490904,4.0540540540540535,71,74,3,0,71,74,2793,0,0,0,0,0
2020-10-19,US,Kansas,Wabaunsee,81,1,0,38.95471985,-96.20350509,20197.0,1168.6625306593564,1.2345679012345678,80,76,1,0,75,76,6899,5,0,0,5,0
2020-10-19,US,Kansas,Wallace,28,0,0,38.91686134,-101.76388759999999,20199.0,1844.532279314888,0.0,28,27,0,0,27,27,1503,1,0,0,1,0
2020-10-19,US,Kansas,Washington,29,0,0,39.78420784,-97.08753229999999,20201.0,536.440991490936,0.0,29,27,0,0,27,27,5420,2,0,0,2,0
2020-10-19,US,Kansas,Wichita,21,0,0,38.48178252,-101.3471509,20203.0,991.0335063709296,0.0,21,16,0,0,16,16,2105,5,0,0,5,0
2020-10-19,US,Kansas,Wilson,106,2,0,37.55937174,-95.74323255,20205.0,1243.4017595307919,1.8867924528301887,104,104,2,0,102,104,8665,2,0,0,2,0
2020-10-19,US,Kansas,Woodson,26,0,0,37.8865336,-95.74006277,20207.0,828.55321861058,0.0,26,26,0,0,26,26,3183,0,0,0,0,0
2020-10-19,US,Kansas,Wyandotte,7916,145,0,39.11727348,-94.76378225,20209.0,4785.13440811466,1.831733198585144,7771,7897,145,0,7752,7879,165324,19,0,0,19,18
2020-10-19,US,Kentucky,Adair,446,20,0,37.10459774,-85.28129668,21001.0,2322.674721383189,4.484304932735426,426,442,20,0,422,437,19215,4,0,0,4,5
2020-10-19,US,Kentucky,Allen,474,9,0,36.75197631,-86.19457544,21003.0,2223.7860661505983,1.8987341772151896,465,470,9,0,461,469,21122,4,0,0,4,1
2020-10-19,US,Kentucky,Anderson,224,1,0,38.00671029,-84.99171713,21005.0,984.7452411306987,0.44642857142857145,223,223,1,0,222,222,22663,1,0,0,1,1
2020-10-19,US,Kentucky,Ballard,68,1,0,37.05842757,-88.99427697,21007.0,862.0689655172414,1.4705882352941178,67,66,1,0,65,66,7979,2,0,0,2,0
2020-10-19,US,Kentucky,Barren,970,13,0,36.96469836,-85.93338945,21009.0,2192.1399353657707,1.3402061855670102,957,961,13,0,948,947,44176,9,0,0,9,14
2020-10-19,US,Kentucky,Bath,103,1,0,38.14735938,-83.74588932,21011.0,824.0,0.9708737864077671,102,103,1,0,102,103,12383,0,0,0,0,0
2020-10-19,US,Kentucky,Bell,606,16,0,36.73355174,-83.67766671,21013.0,2327.904118008605,2.64026402640264,590,601,16,0,585,596,26569,5,0,0,5,5
2020-10-19,US,Kentucky,Boone,1906,25,0,38.97065142,-84.72615357,21015.0,1426.849626818185,1.3116474291710387,1881,1896,25,0,1871,1887,131533,10,0,0,10,9
2020-10-19,US,Kentucky,Bourbon,281,1,0,38.2054607,-84.21827874,21017.0,1420.0525571053165,0.3558718861209965,280,276,1,0,275,273,20184,5,0,0,5,3
2020-10-19,US,Kentucky,Boyd,595,18,0,38.36176608,-82.68652187,21019.0,1273.5990410548395,3.0252100840336134,577,589,18,0,571,585,47240,6,0,0,6,4
2020-10-19,US,Kentucky,Boyle,401,0,0,37.62680923,-84.8633779,21021.0,1333.9986693280107,0.0,401,394,0,0,394,392,30100,7,0,0,7,2
2020-10-19,US,Kentucky,Bracken,53,1,0,38.69158994,-84.08532444,21023.0,638.3234975310129,1.8867924528301887,52,51,1,0,50,50,8239,2,0,0,2,1
2020-10-19,US,Kentucky,Breathitt,108,0,0,37.52333168,-83.31959161,21025.0,855.1068883610451,0.0,108,108,0,0,108,108,12726,0,0,0,0,0
2020-10-19,US,Kentucky,Breckinridge,176,2,0,37.77377239,-86.42885017,21027.0,859.5009034526541,1.1363636363636365,174,175,2,0,173,173,20388,1,0,0,1,2
2020-10-19,US,Kentucky,Bullitt,1224,14,0,37.97162523,-85.68955617,21029.0,1498.6042411479505,1.1437908496732023,1210,1212,14,0,1198,1191,81069,12,0,0,12,21
2020-10-19,US,Kentucky,Butler,390,16,0,37.20946153,-86.68748787,21031.0,3028.185418122525,4.102564102564102,374,390,16,0,374,386,12772,0,0,0,0,4
2020-10-19,US,Kentucky,Caldwell,237,0,0,37.14749129,-87.86948214,21033.0,1859.2610025888446,0.0,237,237,0,0,237,236,12715,0,0,0,0,1
2020-10-19,US,Kentucky,Calloway,849,9,0,36.62093411,-88.2731593,21035.0,2176.867259813851,1.060070671378092,840,847,9,0,838,840,39135,2,0,0,2,7
2020-10-19,US,Kentucky,Campbell,1077,16,0,38.94384345,-84.37875208,21037.0,1150.8377500427425,1.4856081708449396,1061,1070,16,0,1054,1066,93152,7,0,0,7,4
2020-10-19,US,Kentucky,Carlisle,99,1,0,36.85372876,-88.96692220000001,21039.0,2079.831932773109,1.0101010101010102,98,98,1,0,97,98,4771,1,0,0,1,0
2020-10-19,US,Kentucky,Carroll,211,5,0,38.66599534,-85.12601074,21041.0,1984.7615464208448,2.3696682464454977,206,211,5,0,206,209,10737,0,0,0,0,2
2020-10-19,US,Kentucky,Carter,298,4,0,38.31690743,-83.05092385,21043.0,1112.0647833712728,1.342281879194631,294,292,4,0,288,284,27004,6,0,0,6,8
2020-10-19,US,Kentucky,Casey,297,15,0,37.32533118,-84.92726209,21045.0,1837.985023825732,5.05050505050505,282,292,15,0,277,290,15888,5,0,0,5,2
2020-10-19,US,Kentucky,Christian,1700,26,0,36.89267803,-87.49055367,21047.0,2412.6821929861912,1.5294117647058822,1674,1699,26,0,1673,1680,71671,1,0,0,1,19
2020-10-19,US,Kentucky,Clark,445,10,0,37.9689263,-84.14615986,21049.0,1227.1461269062127,2.247191011235955,435,441,10,0,431,437,36249,4,0,0,4,4
2020-10-19,US,Kentucky,Clay,434,6,0,37.16451126,-83.712575,21051.0,2180.794934927893,1.3824884792626728,428,430,6,0,424,423,20105,4,0,0,4,7
2020-10-19,US,Kentucky,Clinton,198,2,0,36.72581156,-85.13377529,21053.0,1937.7568995889608,1.0101010101010102,196,193,2,0,191,190,10206,5,0,0,5,3
2020-10-19,US,Kentucky,Crittenden,150,1,0,37.35839237,-88.08826090000002,21055.0,1703.384056325233,0.6666666666666666,149,147,1,0,146,146,8915,3,0,0,3,1
2020-10-19,US,Kentucky,Cumberland,125,0,0,36.78926125,-85.39050034,21057.0,1889.9304505594198,0.0,125,122,0,0,122,118,6659,3,0,0,3,4
2020-10-19,US,Kentucky,Daviess,1803,25,0,37.73028906,-87.09019479999998,21059.0,1776.1621893193842,1.3865779256794233,1778,1795,25,0,1770,1781,101104,8,0,0,8,14
2020-10-19,US,Kentucky,Edmonson,160,12,0,37.21218923,-86.23955613,21061.0,1316.8724279835392,7.5,148,160,12,0,148,159,12274,0,0,0,0,1
2020-10-19,US,Kentucky,Elliott,62,0,0,38.11624059,-83.09771563,21063.0,824.7971265132367,0.0,62,62,0,0,62,62,7508,0,0,0,0,0
2020-10-19,US,Kentucky,Estill,247,0,0,37.69241417,-83.95956369,21065.0,1751.0279313767194,0.0,247,244,0,0,244,243,14198,3,0,0,3,1
2020-10-19,US,Kentucky,Fayette,9977,83,0,38.0368225,-84.45576892,21067.0,3087.401594296183,0.8319134008218904,9894,9887,83,0,9804,9818,323780,90,0,0,90,69
2020-10-19,US,Kentucky,Fleming,124,0,0,38.36758311,-83.69657514,21069.0,850.4217817707976,0.0,124,122,0,0,122,117,14432,2,0,0,2,5
2020-10-19,US,Kentucky,Floyd,286,4,0,37.56213922,-82.74750924,21071.0,803.6190957880244,1.3986013986013983,282,279,4,0,275,267,35845,7,0,0,7,12
2020-10-19,US,Kentucky,Franklin,789,14,0,38.2379395,-84.87962551,21073.0,1547.3318820968411,1.7743979721166032,775,789,13,0,776,787,50815,0,1,0,-1,2
2020-10-19,US,Kentucky,Fulton,214,3,0,36.55238827,-89.20140068,21075.0,3585.1901491037024,1.4018691588785046,211,214,3,0,211,214,6120,0,0,0,0,0
2020-10-19,US,Kentucky,Gallatin,113,8,0,38.75398691,-84.8558382,21077.0,1274.100800541211,7.079646017699115,105,113,8,0,105,113,8832,0,0,0,0,0
2020-10-19,US,Kentucky,Garrard,252,3,0,37.638866799999995,-84.53289319,21079.0,1426.4689233555982,1.1904761904761905,249,244,3,0,241,239,17560,8,0,0,8,5
2020-10-19,US,Kentucky,Grant,217,6,0,38.64962758,-84.62415957,21081.0,865.6109138776975,2.7649769585253456,211,215,6,0,209,214,25121,2,0,0,2,1
2020-10-19,US,Kentucky,Graves,847,29,0,36.72292505,-88.65143315,21083.0,2272.8492459614663,3.4238488783943333,818,844,29,0,815,840,37317,3,0,0,3,4
2020-10-19,US,Kentucky,Grayson,462,15,0,37.46231118,-86.34248968,21085.0,1748.2120558519696,3.2467532467532467,447,459,15,0,444,450,26321,3,0,0,3,9
2020-10-19,US,Kentucky,Green,311,8,0,37.26484328,-85.5540745,21087.0,2842.518965359656,2.5723472668810294,303,311,8,0,303,305,11049,0,0,0,0,6
2020-10-19,US,Kentucky,Greenup,564,8,0,38.54332505,-82.9215658,21089.0,1606.9291697532626,1.4184397163120568,556,559,8,0,551,553,35268,5,0,0,5,6
2020-10-19,US,Kentucky,Hancock,115,1,0,37.83766422,-86.78280584,21091.0,1318.5049300619125,0.8695652173913043,114,115,1,0,114,114,8758,0,0,0,0,1
2020-10-19,US,Kentucky,Hardin,1693,12,0,37.6976111,-85.96319251,21093.0,1525.8025559220605,0.7088009450679268,1681,1690,12,0,1678,1683,110356,3,0,0,3,7
2020-10-19,US,Kentucky,Harlan,562,13,0,36.85699301,-83.21899516,21095.0,2160.707420222991,2.3131672597864767,549,560,13,0,547,558,26409,2,0,0,2,2
2020-10-19,US,Kentucky,Harrison,244,1,0,38.44188174,-84.32869741,21097.0,1291.9623001164884,0.4098360655737705,243,241,1,0,240,239,18778,3,0,0,3,2
2020-10-19,US,Kentucky,Hart,283,1,0,37.29943898,-85.88461055,21099.0,1486.7349619122672,0.353356890459364,282,267,1,0,266,259,18906,16,0,0,16,8
2020-10-19,US,Kentucky,Henderson,1207,18,0,37.79344553,-87.57392021,21101.0,2669.763326697633,1.4913007456503728,1189,1192,18,0,1174,1187,45591,15,0,0,15,5
2020-10-19,US,Kentucky,Henry,235,2,0,38.44942688,-85.11587507,21103.0,1457.273967505891,0.851063829787234,233,233,2,0,231,229,16106,2,0,0,2,4
2020-10-19,US,Kentucky,Hickman,98,1,0,36.67948079999999,-88.97875928,21105.0,2237.442922374429,1.020408163265306,97,97,1,0,96,97,4421,1,0,0,1,0
2020-10-19,US,Kentucky,Hopkins,916,41,0,37.30939025,-87.54670406,21107.0,2049.8590162466994,4.4759825327510905,875,910,41,0,869,907,45068,6,0,0,6,3
2020-10-19,US,Kentucky,Jackson,419,17,0,37.41866422,-83.99825483,21109.0,3143.521644534473,4.05727923627685,402,418,17,0,401,418,13442,1,0,0,1,0
2020-10-19,US,Kentucky,Jefferson,19528,329,0,38.18664655,-85.65931031,21111.0,2546.8303517281224,1.6847603441212615,19199,19360,328,0,19032,19144,770517,168,1,0,167,216
2020-10-19,US,Kentucky,Jessamine,856,2,0,37.87119786,-84.58252003,21113.0,1581.8165018941145,0.2336448598130841,854,842,2,0,840,827,53920,14,0,0,14,15
2020-10-19,US,Kentucky,Johnson,246,2,0,37.85106355,-82.8264322,21115.0,1108.707409410492,0.8130081300813008,244,237,2,0,235,233,22386,9,0,0,9,4
2020-10-19,US,Kentucky,Kenton,2379,49,0,38.93950319,-84.53241199,21117.0,1424.5679588977114,2.0596889449348468,2330,2371,49,0,2322,2350,166051,8,0,0,8,21
2020-10-19,US,Kentucky,Knott,295,2,0,37.35388197,-82.94981134,21119.0,1992.4354991219773,0.6779661016949152,293,291,2,0,289,291,15126,4,0,0,4,0
2020-10-19,US,Kentucky,Knox,731,9,0,36.89225732,-83.85403396,21121.0,2347.086209664473,1.2311901504787959,722,729,9,0,720,721,31304,2,0,0,2,8
2020-10-19,US,Kentucky,Larue,215,1,0,37.54567114,-85.70138352,21123.0,1493.2629531879431,0.4651162790697674,214,216,1,0,215,215,14307,-1,0,0,-1,1
2020-10-19,US,Kentucky,Laurel,1227,7,0,37.10975748,-84.11321779,21125.0,2017.6606975482212,0.5704971475142624,1220,1226,7,0,1219,1223,60669,1,0,0,1,3
2020-10-19,US,Kentucky,Lawrence,119,0,0,38.07136018,-82.72882223,21127.0,776.9145394006662,0.0,119,119,0,0,119,116,15571,0,0,0,0,3
2020-10-19,US,Kentucky,Lee,41,0,0,37.59645942,-83.71513901,21129.0,553.8295285694988,0.0,41,39,0,0,39,35,7033,2,0,0,2,4
2020-10-19,US,Kentucky,Leslie,118,0,0,37.09246661,-83.37999606,21131.0,1194.6947453680268,0.0,118,116,0,0,116,114,10143,2,0,0,2,2
2020-10-19,US,Kentucky,Letcher,283,2,0,37.12306748,-82.85346474,21133.0,1313.0422678977404,0.7067137809187279,281,283,2,0,281,276,21899,0,0,0,0,7
2020-10-19,US,Kentucky,Lewis,262,15,0,38.53184419,-83.37735618,21135.0,1973.634651600753,5.7251908396946565,247,261,15,0,246,260,13257,1,0,0,1,1
2020-10-19,US,Kentucky,Lincoln,276,18,0,37.45475628,-84.6565327,21137.0,1124.2820481486008,6.521739130434782,258,274,18,0,256,273,24644,2,0,0,2,1
2020-10-19,US,Kentucky,Livingston,119,1,0,37.21137452,-88.34797529,21139.0,1294.322384163585,0.8403361344537815,118,118,1,0,117,117,9242,1,0,0,1,1
2020-10-19,US,Kentucky,Logan,691,30,0,36.85949479,-86.877635,21141.0,2549.627333776105,4.341534008683068,661,687,30,0,657,678,26989,4,0,0,4,9
2020-10-19,US,Kentucky,Lyon,96,4,0,37.02080035,-88.07886257,21143.0,1169.3057247259442,4.166666666666667,92,94,4,0,90,93,8009,2,0,0,2,1
2020-10-19,US,Kentucky,Madison,2163,11,0,37.71659336,-84.27220275,21151.0,2326.131609794917,0.5085529357374018,2152,2158,11,0,2147,2145,92368,5,0,0,5,13
2020-10-19,US,Kentucky,Magoffin,132,0,0,37.70820545,-83.0657714,21153.0,1085.4370528739412,0.0,132,131,0,0,131,128,12362,1,0,0,1,3
2020-10-19,US,Kentucky,Marion,339,9,0,37.55218078,-85.26898542,21155.0,1758.9373735277331,2.6548672566371683,330,337,9,0,328,331,19404,2,0,0,2,6
2020-10-19,US,Kentucky,Marshall,421,5,0,36.88007070000001,-88.32803576,21157.0,1353.6977491961416,1.187648456057007,416,415,4,0,411,411,31191,6,1,0,5,4
2020-10-19,US,Kentucky,Martin,129,3,0,37.79990579,-82.51247478,21159.0,1152.3001339883874,2.3255813953488373,126,123,3,0,120,121,11323,6,0,0,6,2
2020-10-19,US,Kentucky,Mason,150,2,0,38.59471935,-83.82151043,21161.0,878.7346221441124,1.3333333333333333,148,149,2,0,147,149,17150,1,0,0,1,0
2020-10-19,US,Kentucky,McCracken,976,11,0,37.05350953,-88.70445755,21145.0,1491.944113241004,1.1270491803278688,965,968,11,0,957,954,65346,8,0,0,8,14
2020-10-19,US,Kentucky,McCreary,240,1,0,36.73874143,-84.48102924,21147.0,1392.8384887702398,0.4166666666666667,239,240,1,0,239,236,17408,0,0,0,0,4
2020-10-19,US,Kentucky,McLean,135,3,0,37.5301951,-87.26803443,21149.0,1466.275659824047,2.2222222222222223,132,134,3,0,131,126,9252,1,0,0,1,8
2020-10-19,US,Kentucky,Meade,317,3,0,37.96163597,-86.21028219,21163.0,1109.4778104437912,0.946372239747634,314,313,3,0,310,311,28715,4,0,0,4,2
2020-10-19,US,Kentucky,Menifee,76,1,0,37.94090733,-83.59985712,21165.0,1171.2128216982585,1.3157894736842106,75,76,1,0,75,76,6451,0,0,0,0,0
2020-10-19,US,Kentucky,Mercer,319,6,0,37.81474237,-84.87488475,21167.0,1454.4293986230796,1.8808777429467085,313,319,5,0,314,313,21774,0,1,0,-1,6
2020-10-19,US,Kentucky,Metcalfe,166,2,0,36.99459295,-85.63123699,21169.0,1648.29709065634,1.2048192771084338,164,165,2,0,163,161,10030,1,0,0,1,4
2020-10-19,US,Kentucky,Monroe,251,4,0,36.71225341,-85.71596443,21171.0,2356.807511737089,1.593625498007968,247,249,4,0,245,247,10718,2,0,0,2,2
2020-10-19,US,Kentucky,Montgomery,375,4,0,38.03253032,-83.9145241,21173.0,1331.8180203856944,1.0666666666666669,371,374,4,0,370,371,28203,1,0,0,1,3
2020-10-19,US,Kentucky,Morgan,101,0,0,37.92465657,-83.25558245,21175.0,758.8849650612367,0.0,101,100,0,0,100,100,13345,1,0,0,1,0
2020-10-19,US,Kentucky,Muhlenberg,921,12,0,37.21425819,-87.14632053,21177.0,3007.641564887989,1.3029315960912051,909,916,12,0,904,906,30774,5,0,0,5,10
2020-10-19,US,Kentucky,Nelson,680,4,0,37.80335779,-85.4657193,21179.0,1470.8108926524344,0.5882352941176471,676,679,4,0,675,674,45851,1,0,0,1,5
2020-10-19,US,Kentucky,Nicholas,91,1,0,38.33342292,-84.01889177,21181.0,1251.8915944421515,1.0989010989010992,90,90,1,0,89,89,7166,1,0,0,1,1
2020-10-19,US,Kentucky,Ohio,560,9,0,37.47751843,-86.85368087,21183.0,2333.916812536468,1.6071428571428572,551,560,9,0,551,558,24087,0,0,0,0,2
2020-10-19,US,Kentucky,Oldham,1336,26,0,38.39791089,-85.448222,21185.0,2000.0299405679725,1.9461077844311376,1310,1333,26,0,1307,1329,66470,3,0,0,3,4
2020-10-19,US,Kentucky,Owen,113,3,0,38.51679143,-84.82404619,21187.0,1036.6021465920558,2.6548672566371683,110,113,2,0,111,112,10880,0,1,0,-1,1
2020-10-19,US,Kentucky,Owsley,69,1,0,37.42823949,-83.68811419,21189.0,1562.8539071347675,1.4492753623188406,68,69,1,0,68,67,4472,0,0,0,0,2
2020-10-19,US,Kentucky,Pendleton,110,0,0,38.69607718,-84.35599463,21191.0,753.9410555174777,0.0,110,109,0,0,109,109,14529,1,0,0,1,0
2020-10-19,US,Kentucky,Perry,443,9,0,37.25023553,-83.22922731,21193.0,1719.8540259336905,2.031602708803612,434,434,9,0,425,429,26092,9,0,0,9,5
2020-10-19,US,Kentucky,Pike,678,3,0,37.47088263,-82.39487445,21195.0,1171.4700393945675,0.4424778761061947,675,678,3,0,675,679,58402,0,0,0,0,-1
2020-10-19,US,Kentucky,Powell,133,0,0,37.83218794,-83.82553961,21197.0,1076.1388461849665,0.0,133,133,0,0,133,132,12442,0,0,0,0,1
2020-10-19,US,Kentucky,Pulaski,957,13,0,37.10466131,-84.57629079,21199.0,1472.7835146739715,1.3584117032392895,944,956,13,0,943,945,64623,1,0,0,1,11
2020-10-19,US,Kentucky,Robertson,13,1,0,38.51923469,-84.05055616,21201.0,616.6982922201139,7.6923076923076925,12,13,1,0,12,13,2135,0,0,0,0,0
2020-10-19,US,Kentucky,Rockcastle,281,1,0,37.36642393,-84.31176452,21203.0,1683.1386642707398,0.3558718861209965,280,275,1,0,274,266,16750,6,0,0,6,9
2020-10-19,US,Kentucky,Rowan,316,1,0,38.19484205,-83.42088935,21205.0,1291.9051512673752,0.3164556962025317,315,316,1,0,315,315,24583,0,0,0,0,1
2020-10-19,US,Kentucky,Russell,351,6,0,36.99308373,-85.06070117,21207.0,1958.3775037661105,1.709401709401709,345,347,6,0,341,336,17821,4,0,0,4,11
2020-10-19,US,Kentucky,Scott,996,17,0,38.29622293,-84.5816631,21209.0,1747.2458073117675,1.7068273092369477,979,996,17,0,979,988,56031,0,0,0,0,8
2020-10-19,US,Kentucky,Shelby,1283,24,0,38.21476019,-85.194223,21211.0,2617.085509138381,1.870615744349181,1259,1277,24,0,1253,1268,48518,6,0,0,6,9
2020-10-19,US,Kentucky,Simpson,317,8,0,36.74058474,-86.58047435,21213.0,1706.8705578289898,2.5236593059936907,309,314,8,0,306,313,18529,3,0,0,3,1
2020-10-19,US,Kentucky,Spencer,263,0,0,38.03223971,-85.32749335,21215.0,1359.1028887396,0.0,263,259,0,0,259,257,18794,4,0,0,4,2
2020-10-19,US,Kentucky,Taylor,426,7,0,37.3677562,-85.3329931,21217.0,1653.1491326788,1.6431924882629108,419,424,7,0,417,411,25549,2,0,0,2,13
2020-10-19,US,Kentucky,Todd,264,10,0,36.8381152,-87.17878374,21219.0,2147.38897022938,3.787878787878788,254,264,8,0,256,262,12311,0,2,0,-2,2
2020-10-19,US,Kentucky,Trigg,226,0,0,36.80767017,-87.87333656,21221.0,1542.5568220599278,0.0,226,226,0,0,226,225,14643,0,0,0,0,1
2020-10-19,US,Kentucky,Trimble,81,0,0,38.61056487,-85.33775972,21223.0,956.2035178845473,0.0,81,81,0,0,81,80,8515,0,0,0,0,1
2020-10-19,US,Kentucky,Union,481,6,0,37.66166713,-87.94300009,21225.0,3344.6909116194984,1.2474012474012477,475,471,6,0,465,469,14505,10,0,0,10,2
2020-10-19,US,Kentucky,Warren,4913,57,0,36.99903045,-86.42672751,21227.0,3696.875752468096,1.1601872582943211,4856,4897,57,0,4840,4883,131264,16,0,0,16,14
2020-10-19,US,Kentucky,Washington,198,1,0,37.75599461,-85.17407732,21229.0,1637.0400992145514,0.5050505050505051,197,198,1,0,197,189,12084,0,0,0,0,9
2020-10-19,US,Kentucky,Wayne,237,1,0,36.80310688,-84.8251971,21231.0,1165.59287857178,0.4219409282700422,236,234,0,0,234,227,20468,3,1,0,2,7
2020-10-19,US,Kentucky,Webster,285,5,0,37.52168356,-87.67989953,21233.0,2202.132591562355,1.7543859649122806,280,281,5,0,276,278,13111,4,0,0,4,3
2020-10-19,US,Kentucky,Whitley,699,6,0,36.75700531,-84.14541217,21235.0,1927.5314361350104,0.8583690987124464,693,687,6,0,681,685,36242,12,0,0,12,2
2020-10-19,US,Kentucky,Wolfe,59,0,0,37.73941626,-83.49303612,21237.0,824.3677518513342,0.0,59,59,0,0,59,59,7177,0,0,0,0,0
2020-10-19,US,Kentucky,Woodford,350,0,0,38.04178222,-84.7417556,21239.0,1309.1942844318096,0.0,350,348,0,0,348,343,26533,2,0,0,2,5
2020-10-19,US,Louisiana,Acadia,3062,100,0,30.295064899999996,-92.41419698,22001.0,4935.127729873479,3.265839320705421,2962,3052,100,0,2952,3053,62190,10,0,0,10,-1
2020-10-19,US,Louisiana,Allen,1806,54,0,30.65385745,-92.82442028,22003.0,7047.254848402076,2.990033222591362,1752,1804,54,0,1750,1790,25605,2,0,0,2,14
2020-10-19,US,Louisiana,Ascension,3945,98,0,30.20406249,-90.91328409999998,22005.0,3116.0152917759315,2.4841571609632447,3847,3950,98,0,3852,3921,124672,-5,0,0,-5,29
2020-10-19,US,Louisiana,Assumption,783,24,0,29.89946234,-91.06461642,22007.0,3576.812388652871,3.0651340996168583,759,784,24,0,760,780,22300,-1,0,0,-1,4
2020-10-19,US,Louisiana,Avoyelles,1667,62,0,31.07796211,-92.00079449,22009.0,4152.550817058589,3.719256148770246,1605,1664,62,0,1602,1656,40462,3,0,0,3,8
2020-10-19,US,Louisiana,Beauregard,1050,39,0,30.64836518,-93.34173616,22011.0,2800.2240179214336,3.7142857142857135,1011,1045,39,0,1006,1041,37253,5,0,0,5,4
2020-10-19,US,Louisiana,Bienville,563,33,0,32.34569994,-93.05398492,22013.0,4251.944717166377,5.86145648312611,530,564,33,0,531,553,13308,-1,0,0,-1,11
2020-10-19,US,Louisiana,Bossier,3909,116,0,32.67932307,-93.60460152,22015.0,3077.0078479836898,2.9675108723458683,3793,3894,115,0,3779,3821,127185,15,1,0,14,73
2020-10-19,US,Louisiana,Caddo,9670,387,0,32.57991587,-93.88375652,22017.0,4025.744783600607,4.002068252326784,9283,9649,385,0,9264,9532,242922,21,2,0,19,117
2020-10-19,US,Louisiana,Calcasieu,8187,222,0,30.22931235,-93.35400434,22019.0,4024.3614699463214,2.711615976548186,7965,8185,221,0,7964,8138,203112,2,1,0,1,47
2020-10-19,US,Louisiana,Caldwell,339,3,0,32.0902519,-92.11752148,22021.0,3418.0278281911683,0.8849557522123894,336,337,3,0,334,334,9960,2,0,0,2,3
2020-10-19,US,Louisiana,Cameron,237,2,0,29.87592238,-93.19310676,22023.0,3398.824035565753,0.8438818565400844,235,239,2,0,237,234,6968,-2,0,0,-2,5
2020-10-19,US,Louisiana,Catahoula,453,14,0,31.66778967,-91.84526385,22025.0,4771.434590267538,3.0905077262693155,439,455,13,0,442,452,9608,-2,1,0,-3,3
2020-10-19,US,Louisiana,Claiborne,586,24,0,32.82308512,-92.99526883,22027.0,3739.62986598596,4.09556313993174,562,586,24,0,562,582,15944,0,0,0,0,4
2020-10-19,US,Louisiana,Concordia,562,16,0,31.44817835,-91.63814433,22029.0,2918.116205410457,2.846975088967972,546,561,16,0,545,558,19572,1,0,0,1,3
2020-10-19,US,Louisiana,De Soto,991,35,0,32.05457447,-93.74130302,22031.0,3608.49142482613,3.5317860746720484,956,987,35,0,952,979,27436,4,0,0,4,8
2020-10-19,US,Louisiana,East Baton Rouge,15717,456,0,30.53842039,-91.09777565,22033.0,3571.5665399412346,2.9013170452376413,15261,15712,453,0,15259,15636,440956,5,3,0,2,76
2020-10-19,US,Louisiana,East Carroll,568,6,0,32.73926954,-91.23425694,22035.0,8278.676577758344,1.056338028169014,562,564,6,0,558,563,7037,4,0,0,4,1
2020-10-19,US,Louisiana,East Feliciana,1790,75,0,30.84425359,-91.04976723,22037.0,9354.585837470604,4.189944134078212,1715,1787,75,0,1712,1784,19305,3,0,0,3,3
2020-10-19,US,Louisiana,Evangeline,1383,38,0,30.72985248,-92.39915924,22039.0,4141.338523731098,2.7476500361532903,1345,1382,38,0,1344,1380,33443,1,0,0,1,2
2020-10-19,US,Louisiana,Franklin,1272,44,0,32.13675181,-91.67589857,22041.0,6355.233574818885,3.459119496855346,1228,1267,44,0,1223,1263,20156,5,0,0,5,4
2020-10-19,US,Louisiana,Grant,516,30,0,31.59882456,-92.56124347,22043.0,2304.7032024654964,5.813953488372092,486,517,30,0,487,512,22482,-1,0,0,-1,5
2020-10-19,US,Louisiana,Iberia,3032,93,0,29.86803617,-91.75871777,22045.0,4341.973363883718,3.0672823218997363,2939,3036,93,0,2943,3029,70941,-4,0,0,-4,7
2020-10-19,US,Louisiana,Iberville,1444,60,0,30.25734305,-91.3499598,22047.0,4441.57362123589,4.1551246537396125,1384,1442,59,0,1383,1434,32721,2,1,0,1,8
2020-10-19,US,Louisiana,Jackson,809,22,0,32.30251776,-92.55692092,22049.0,5138.465447154472,2.719406674907293,787,806,22,0,784,787,15902,3,0,0,3,19
2020-10-19,US,Louisiana,Jefferson,18358,580,0,29.74075478,-90.11115756,22051.0,4244.692977689812,3.159385553981916,17778,18344,580,0,17764,18252,434051,14,0,0,14,92
2020-10-19,US,Louisiana,Jefferson Davis,1314,43,0,30.26896765,-92.81210004,22053.0,4188.982402448355,3.272450532724505,1271,1319,43,0,1276,1300,31582,-5,0,0,-5,19
2020-10-19,US,Louisiana,LaSalle,478,10,0,31.67884782,-92.15907765,22059.0,3209.7770615095355,2.092050209205021,468,478,10,0,468,468,14917,0,0,0,0,10
2020-10-19,US,Louisiana,Lafayette,9297,137,0,30.2049055,-92.06959876,22055.0,3804.165473219035,1.4735936323545233,9160,9289,137,0,9152,9241,242782,8,0,0,8,48
2020-10-19,US,Louisiana,Lafourche,3842,126,0,29.52470226,-90.40976986,22057.0,3935.9108324625568,3.279541905257678,3716,3831,125,0,3706,3810,98115,11,1,0,10,21
2020-10-19,US,Louisiana,Lincoln,1602,48,0,32.6003154,-92.66597409999999,22061.0,3427.324461940011,2.9962546816479403,1554,1604,48,0,1556,1592,47196,-2,0,0,-2,12
2020-10-19,US,Louisiana,Livingston,4089,79,0,30.44143993,-90.73061664,22063.0,2904.346220230273,1.9320127170457324,4010,4085,79,0,4006,4047,139567,4,0,0,4,38
2020-10-19,US,Louisiana,Madison,890,8,0,32.36918118,-91.23973355,22065.0,8127.111679298694,0.8988764044943821,882,890,8,0,882,889,11161,0,0,0,0,1
2020-10-19,US,Louisiana,Morehouse,869,24,0,32.81686191,-91.80421614,22067.0,3493.6077832274664,2.761795166858458,845,870,24,0,846,861,25398,-1,0,0,-1,9
2020-10-19,US,Louisiana,Natchitoches,1381,26,0,31.72321584,-93.09816516,22069.0,3619.162429896745,1.8826937002172341,1355,1377,26,0,1351,1353,38659,4,0,0,4,24
2020-10-19,US,Louisiana,Orleans,13218,589,0,30.06971951,-89.92660315,22071.0,3387.979822834646,4.456044787411106,12629,13207,589,0,12618,13150,391006,11,0,0,11,57
2020-10-19,US,Louisiana,Ouachita,6785,159,0,32.47645559,-92.15704172,22073.0,4426.568544940926,2.3434045689019896,6626,6775,158,0,6617,6714,154475,10,1,0,9,61
2020-10-19,US,Louisiana,Plaquemines,875,19,0,29.42245447,-89.60322085,22075.0,3772.0394878648094,2.1714285714285717,856,851,19,0,832,824,23410,24,0,0,24,27
2020-10-19,US,Louisiana,Pointe Coupee,1109,40,0,30.71409502,-91.60209535,22077.0,5103.543488265072,3.6068530207394045,1069,1100,40,0,1060,1096,21940,9,0,0,9,4
2020-10-19,US,Louisiana,Rapides,4566,153,0,31.19778499,-92.52997303,22079.0,3521.843761569789,3.3508541392904068,4413,4556,153,0,4403,4514,130562,10,0,0,10,42
2020-10-19,US,Louisiana,Red River,401,24,0,32.09530039,-93.34213308,22081.0,4750.059227671169,5.985037406483791,377,402,24,0,378,384,8477,-1,0,0,-1,18
2020-10-19,US,Louisiana,Richland,851,16,0,32.41391005,-91.76634876,22083.0,4229.201868601531,1.8801410105757927,835,848,16,0,832,841,20192,3,0,0,3,7
2020-10-19,US,Louisiana,Sabine,945,14,0,31.56388699,-93.55433981,22085.0,3956.6236811254403,1.4814814814814814,931,943,14,0,929,942,24032,2,0,0,2,1
2020-10-19,US,Louisiana,St. Bernard,1512,32,0,29.87761636,-89.51887093,22087.0,3200.4064008128016,2.1164021164021163,1480,1516,32,0,1484,1508,46721,-4,0,0,-4,8
2020-10-19,US,Louisiana,St. Charles,1912,63,0,29.90709658,-90.35555967,22089.0,3600.75329566855,3.2949790794979084,1849,1909,63,0,1846,1896,52879,3,0,0,3,13
2020-10-19,US,Louisiana,St. Helena,426,4,0,30.82210324,-90.71013176,22091.0,4204.500592183182,0.9389671361502347,422,431,4,0,427,424,10262,-5,0,0,-5,7
2020-10-19,US,Louisiana,St. James,830,40,0,30.02531716,-90.80212061,22093.0,3934.395145999242,4.819277108433735,790,830,40,0,790,828,21037,0,0,0,0,2
2020-10-19,US,Louisiana,St. John the Baptist,1621,106,0,30.12597499,-90.4753503,22095.0,3784.1118659103113,6.539173349784084,1515,1619,105,0,1514,1616,43184,2,1,0,1,3
2020-10-19,US,Louisiana,St. Landry,3529,133,0,30.59724262,-92.00135806,22097.0,4297.160391602942,3.7687730235194112,3396,3532,132,0,3400,3510,82764,-3,1,0,-4,22
2020-10-19,US,Louisiana,St. Martin,2162,62,0,30.13112107,-91.61403569,22099.0,4046.3401396193212,2.8677150786308974,2100,2162,62,0,2100,2152,53621,0,0,0,0,10
2020-10-19,US,Louisiana,St. Mary,1998,84,0,29.69262097,-91.44702164,22101.0,4048.7963038015723,4.2042042042042045,1914,1994,84,0,1910,1990,49774,4,0,0,4,4
2020-10-19,US,Louisiana,St. Tammany,7534,269,0,30.40942847,-89.95642711,22103.0,2893.0300784504966,3.5704804884523496,7265,7516,269,0,7247,7479,258111,18,0,0,18,37
2020-10-19,US,Louisiana,Tangipahoa,4895,122,0,30.62888673,-90.40664996,22105.0,3632.43740631354,2.4923391215526047,4773,4889,122,0,4767,4859,133777,6,0,0,6,30
2020-10-19,US,Louisiana,Tensas,185,2,0,32.00760749,-91.32915234,22107.0,4268.57406552838,1.0810810810810811,183,186,2,0,184,186,4462,-1,0,0,-1,0
2020-10-19,US,Louisiana,Terrebonne,3803,123,0,29.37343766,-90.82626855,22109.0,3442.8440807162706,3.234288719432028,3680,3802,123,0,3679,3779,111021,1,0,0,1,23
2020-10-19,US,Louisiana,Unassigned,250,200,0,0.0,0.0,90022.0,0.0,80.0,50,252,200,0,52,242,,-2,0,0,-2,10
2020-10-19,US,Louisiana,Union,1061,49,0,32.83121059,-92.3749373,22111.0,4799.167722091551,4.618284637134779,1012,1061,49,0,1012,1058,22330,0,0,0,0,3
2020-10-19,US,Louisiana,Vermilion,2084,70,0,29.83517605,-92.30292538,22113.0,3501.8736031994085,3.3589251439539347,2014,2084,69,0,2015,2080,59830,0,1,0,-1,4
2020-10-19,US,Louisiana,Vernon,1107,55,0,31.10884837,-93.18153838,22115.0,2334.015054080837,4.968383017163505,1052,1106,55,0,1051,1108,48860,1,0,0,1,-2
2020-10-19,US,Louisiana,Washington,1720,70,0,30.85288548,-90.03866652,22117.0,3723.4272849287786,4.069767441860465,1650,1720,68,0,1652,1708,46582,0,2,0,-2,12
2020-10-19,US,Louisiana,Webster,1418,37,0,32.70847669,-93.33121835,22119.0,3698.48721961398,2.609308885754584,1381,1417,37,0,1380,1412,38798,1,0,0,1,5
2020-10-19,US,Louisiana,West Baton Rouge,944,42,0,30.46058217,-91.30989571,22121.0,3566.975250330625,4.4491525423728815,902,945,42,0,903,942,26427,-1,0,0,-1,3
2020-10-19,US,Louisiana,West Carroll,368,11,0,32.78550125,-91.461201,22123.0,3397.968605724838,2.989130434782609,357,366,11,0,355,361,10982,2,0,0,2,5
2020-10-19,US,Louisiana,West Feliciana,747,25,0,30.87882871,-91.41485379999999,22125.0,4798.304213771839,3.3467202141900936,722,740,25,0,715,744,15460,7,0,0,7,-4
2020-10-19,US,Louisiana,Winn,665,19,0,31.94449367,-92.63789413,22127.0,4782.796317606444,2.8571428571428568,646,666,19,0,647,666,14134,-1,0,0,-1,0
2020-10-19,US,Maine,Androscoggin,834,10,0,44.1664747,-70.20380627,23001.0,770.2466821208568,1.1990407673860912,824,833,10,0,823,832,107679,1,0,0,1,1
2020-10-19,US,Maine,Aroostook,56,1,0,46.65926321,-68.59841248,23003.0,83.51353366639326,1.7857142857142858,55,56,1,0,55,56,67111,0,0,0,0,0
2020-10-19,US,Maine,Cumberland,2427,70,0,43.8370751,-70.37226999,23005.0,822.7034979305295,2.88421920065925,2357,2425,70,0,2355,2421,293557,2,0,0,2,4
2020-10-19,US,Maine,Franklin,73,1,0,44.97330019,-70.44381045,23007.0,241.72985860458957,1.3698630136986298,72,73,1,0,72,73,29897,0,0,0,0,0
2020-10-19,US,Maine,Hancock,56,1,0,44.59816444,-68.38401854,23009.0,101.84225362358377,1.7857142857142858,55,56,1,0,55,56,54811,0,0,0,0,0
2020-10-19,US,Maine,Kennebec,292,11,0,44.40759555,-69.76738544,23011.0,238.75325015126487,3.767123287671233,281,289,11,0,278,288,122083,3,0,0,3,1
2020-10-19,US,Maine,Knox,59,1,0,44.11486325,-69.10529169,23013.0,148.3455697475611,1.6949152542372878,58,59,1,0,58,57,39771,0,0,0,0,2
2020-10-19,US,Maine,Lincoln,54,1,0,44.05996956,-69.54227124,23015.0,155.91615175838768,1.851851851851852,53,53,1,0,52,52,34342,1,0,0,1,1
2020-10-19,US,Maine,Oxford,157,2,0,44.49952995,-70.75682123,23017.0,270.8063820612333,1.2738853503184713,155,157,2,0,155,157,57618,0,0,0,0,0
2020-10-19,US,Maine,Penobscot,274,6,0,45.40194593,-68.65020455,23019.0,180.08780923837315,2.18978102189781,268,273,6,0,267,271,151096,1,0,0,1,2
2020-10-19,US,Maine,Piscataquis,10,0,0,45.83839062,-69.2860223,23021.0,59.577003276735184,0.0,10,10,0,0,10,10,16800,0,0,0,0,0
2020-10-19,US,Maine,Sagadahoc,77,0,0,43.95415864,-69.85074999,23023.0,214.74788041053105,0.0,77,77,0,0,77,77,35634,0,0,0,0,0
2020-10-19,US,Maine,Somerset,126,8,0,45.51229767,-69.95995554,23025.0,249.58402662229614,6.349206349206349,118,127,8,0,119,127,50592,-1,0,0,-1,0
2020-10-19,US,Maine,Waldo,124,14,0,44.4858305,-69.12061935,23027.0,312.22460027697343,11.290322580645164,110,112,14,0,98,102,39694,12,0,0,12,10
2020-10-19,US,Maine,Washington,21,0,0,45.01607142,-67.62813524,23029.0,66.92373880620798,0.0,21,20,0,0,20,20,31490,1,0,0,1,0
2020-10-19,US,Maine,York,1321,20,0,43.47808377,-70.71052375,23031.0,636.1942005673253,1.514004542013626,1301,1317,20,0,1297,1313,206229,4,0,0,4,4
2020-10-19,US,Maryland,Allegany,569,23,0,39.62357628,-78.69280486,24001.0,808.0549875028403,4.042179261862917,546,561,23,0,538,551,70975,8,0,0,8,10
2020-10-19,US,Maryland,Anne Arundel,11336,263,0,39.00670238,-76.60329337,24003.0,1957.0674373396591,2.3200423429781227,11073,11265,263,0,11002,11222,576031,71,0,0,71,43
2020-10-19,US,Maryland,Baltimore,19646,653,0,39.45784712,-76.62911955,24005.0,2374.512007928738,3.323831823271913,18993,19565,653,0,18912,19494,828431,81,0,0,81,71
2020-10-19,US,Maryland,Baltimore City,16906,496,0,39.30211911,-76.61151012,24510.0,2848.5736912163648,2.9338696320832836,16410,16842,496,0,16346,16773,621342,64,0,0,64,69
2020-10-19,US,Maryland,Calvert,1120,29,0,38.53961642,-76.56820632,24009.0,1210.4836530667387,2.5892857142857144,1091,1117,28,0,1089,1113,92003,3,1,0,2,4
2020-10-19,US,Maryland,Caroline,704,8,0,38.87172293,-75.82904158,24011.0,2107.4058552355864,1.1363636363636365,696,704,8,0,696,699,33304,0,0,0,0,5
2020-10-19,US,Maryland,Carroll,2141,128,0,39.56453592,-77.02373735,24013.0,1271.02293302938,5.978514712751052,2013,2137,128,0,2009,2128,168429,4,0,0,4,9
2020-10-19,US,Maryland,Cecil,1275,36,0,39.56647682,-75.94627411,24015.0,1239.609158524136,2.8235294117647056,1239,1269,36,0,1233,1262,102826,6,0,0,6,7
2020-10-19,US,Maryland,Charles,3029,101,0,38.51092331,-76.98580666,24017.0,1855.356891281844,3.334433806536811,2928,3018,101,0,2917,3007,161503,11,0,0,11,11
2020-10-19,US,Maryland,Dorchester,695,10,0,38.45413522,-76.02752426,24019.0,2176.70456324971,1.4388489208633093,685,687,10,0,677,679,31998,8,0,0,8,8
2020-10-19,US,Maryland,Frederick,4534,137,0,39.47296601,-77.39999394,24021.0,1746.8897733358506,3.0216144684605206,4397,4519,137,0,4382,4498,255648,15,0,0,15,21
2020-10-19,US,Maryland,Garrett,105,1,0,39.52786077,-79.27355126,24023.0,361.8942579444406,0.9523809523809524,104,100,1,0,99,96,29163,5,0,0,5,4
2020-10-19,US,Maryland,Harford,3417,78,0,39.55010644,-76.30775940000002,24025.0,1337.6865890753638,2.2827041264266903,3339,3395,78,0,3317,3374,253956,22,0,0,22,21
2020-10-19,US,Maryland,Howard,5605,124,0,39.25305293,-76.93126208,24027.0,1720.9616506493905,2.2123104371097235,5481,5580,123,0,5457,5566,323196,25,1,0,24,14
2020-10-19,US,Maryland,Kent,332,24,0,39.24976208,-76.04741541,24029.0,1709.4017094017097,7.2289156626506035,308,329,24,0,305,326,19383,3,0,0,3,3
2020-10-19,US,Maryland,Montgomery,24466,860,0,39.13676329,-77.20358245,24031.0,2328.5694706706463,3.515082154827107,23606,24395,860,0,23535,24291,1052567,71,0,0,71,104
2020-10-19,US,Maryland,Prince George's,31497,846,0,38.83070039,-76.8496441,24033.0,3463.7704588118468,2.685970092389752,30651,31442,845,0,30597,31367,909308,55,1,0,54,75
2020-10-19,US,Maryland,Queen Anne's,736,26,0,39.06198912,-76.03530977,24035.0,1460.8681844346086,3.532608695652174,710,734,26,0,708,725,50251,2,0,0,2,9
2020-10-19,US,Maryland,Somerset,387,5,0,38.1163542,-75.75118623,24039.0,1510.7745159275448,1.2919896640826871,382,383,5,0,378,377,25675,4,0,0,4,6
2020-10-19,US,Maryland,St. Mary's,1400,59,0,38.30058422,-76.60629279999998,24037.0,1233.371509118139,4.214285714285714,1341,1395,59,0,1336,1392,112664,5,0,0,5,3
2020-10-19,US,Maryland,Talbot,621,6,0,38.76618159,-76.10882561,24041.0,1670.2079018853715,0.966183574879227,615,619,6,0,613,610,36968,2,0,0,2,9
2020-10-19,US,Maryland,Unassigned,0,7,0,0.0,0.0,90024.0,0.0,0.0,-7,0,6,0,-6,0,,0,1,0,-1,0
2020-10-19,US,Maryland,Washington,2108,42,0,39.60835778,-77.82002295,24043.0,1395.5736218048444,1.9924098671726755,2066,2099,42,0,2057,2093,150926,9,0,0,9,6
2020-10-19,US,Maryland,Wicomico,2357,49,0,38.37301947,-75.62705831,24045.0,2274.8988987443176,2.0789138735680948,2308,2337,49,0,2288,2320,103195,20,0,0,20,17
2020-10-19,US,Maryland,Worcester,1168,30,0,38.21274277,-75.33200012,24047.0,2234.294896319535,2.568493150684932,1138,1165,30,0,1135,1164,51823,3,0,0,3,1
2020-10-19,US,Massachusetts,Barnstable,1898,181,0,41.72980578,-70.28854339,25001.0,891.1216489037047,9.536354056902002,1717,1896,181,0,1715,1888,213413,2,0,0,2,8
2020-10-19,US,Massachusetts,Berkshire,740,51,0,42.37428441,-73.20524838,25003.0,592.2653348700218,6.891891891891893,689,736,51,0,685,736,126348,4,0,0,4,0
2020-10-19,US,Massachusetts,Bristol,11046,732,0,41.79228404,-71.10872211,25005.0,1954.2936606648416,6.6268332428028245,10314,10985,731,0,10254,10919,564022,61,1,0,60,66
2020-10-19,US,Massachusetts,Dukes and Nantucket,204,2,0,41.40674725,-70.68763497,0.0,710.0344575545578,0.9803921568627452,202,204,2,0,202,204,26707,0,0,0,0,0
2020-10-19,US,Massachusetts,Essex,22192,1330,0,42.6687626,-70.94687179,25009.0,2812.5530712238,5.993150684931508,20862,22035,1326,0,20709,21865,790638,157,4,0,153,170
2020-10-19,US,Massachusetts,Franklin,438,72,0,42.58119713,-72.58602547,25011.0,624.1094328868625,16.438356164383563,366,437,72,0,365,434,70963,1,0,0,1,3
2020-10-19,US,Massachusetts,Hampden,9125,799,0,42.13440424,-72.63235561,25013.0,1956.592591321949,8.756164383561643,8326,9074,798,0,8276,9014,470406,51,1,0,50,60
2020-10-19,US,Massachusetts,Hampshire,1401,153,0,42.33997957,-72.65898478,25015.0,871.1061369147548,10.920770877944326,1248,1400,153,0,1247,1389,161355,1,0,0,1,11
2020-10-19,US,Massachusetts,Middlesex,30182,2226,0,42.48607732,-71.39049229,25017.0,1872.6821819707031,7.375256775561593,27956,29986,2223,0,27763,29845,1614714,196,3,0,193,141
2020-10-19,US,Massachusetts,Norfolk,11176,1093,0,42.16073095,-71.20530408,25021.0,1581.2670227441547,9.779885468861847,10083,11128,1091,0,10037,11085,705388,48,2,0,46,43
2020-10-19,US,Massachusetts,Plymouth,10693,804,0,41.94070556,-70.80802823,25023.0,2051.6037927713246,7.518937622743852,9889,10619,804,0,9815,10573,518132,74,0,0,74,46
2020-10-19,US,Massachusetts,Suffolk,26546,1160,0,42.327951399999996,-71.07850442,25025.0,3302.1232555507045,4.369773223837866,25386,26383,1156,0,25227,26250,807252,163,4,0,159,133
2020-10-19,US,Massachusetts,Unassigned,3303,5,0,0.0,0.0,90025.0,0.0,0.15137753557372086,3298,3302,5,0,3297,3316,,1,0,0,1,-14
2020-10-19,US,Massachusetts,Worcester,15544,1145,0,42.35026951,-71.90493363,25027.0,1871.3686851540167,7.3661863098301605,14399,15475,1144,0,14331,15412,830839,69,1,0,68,63
2020-10-19,US,Michigan,Alcona,51,2,0,44.6846864,-83.59507875,26001.0,490.148966842864,3.92156862745098,49,51,2,0,49,51,10362,0,0,0,0,0
2020-10-19,US,Michigan,Alger,96,1,0,46.41292944,-86.60260122,26003.0,1054.0184453227932,1.0416666666666667,95,88,0,0,88,88,9097,8,1,0,7,0
2020-10-19,US,Michigan,Allegan,1061,7,0,42.59147037,-85.89102866,26005.0,898.5357508828688,0.6597549481621112,1054,1040,7,0,1033,1040,117327,21,0,0,21,0
2020-10-19,US,Michigan,Alpena,153,14,0,45.03477666,-83.62212411,26007.0,538.6375638091886,9.150326797385619,139,152,14,0,138,152,28360,1,0,0,1,0
2020-10-19,US,Michigan,Antrim,97,0,0,44.99690221,-85.15503082,26009.0,415.88063796947347,0.0,97,92,0,0,92,92,23365,5,0,0,5,0
2020-10-19,US,Michigan,Arenac,88,3,0,44.0636262,-83.89277559,26011.0,591.2786400591277,3.4090909090909087,85,87,3,0,84,87,15041,1,0,0,1,0
2020-10-19,US,Michigan,Baraga,71,4,0,46.6720582,-88.36363591,26013.0,864.9043732488733,5.633802816901407,67,66,4,0,62,66,8320,5,0,0,5,0
2020-10-19,US,Michigan,Barry,540,5,0,42.59513984,-85.30834519,26015.0,877.3354995938263,0.925925925925926,535,515,5,0,510,515,61157,25,0,0,25,0
2020-10-19,US,Michigan,Bay,1246,55,0,43.70639106,-83.98731479,26017.0,1208.230708065861,4.4141252006420535,1191,1221,55,0,1166,1221,103923,25,0,0,25,0
2020-10-19,US,Michigan,Benzie,108,2,0,44.63899297,-86.01608482,26019.0,607.90273556231,1.851851851851852,106,104,2,0,102,104,17753,4,0,0,4,0
2020-10-19,US,Michigan,Berrien,2378,77,0,41.95447397,-86.41313079999998,26021.0,1550.1854616332355,3.2380151387720773,2301,2308,77,0,2231,2308,154141,70,0,0,70,0
2020-10-19,US,Michigan,Branch,786,10,0,41.91600556,-85.05929476,26023.0,1806.1906841004666,1.272264631043257,776,767,10,0,757,767,43622,19,0,0,19,0
2020-10-19,US,Michigan,Calhoun,2267,53,0,42.24633834,-85.00493569,26025.0,1689.7860001938,2.337891486546096,2214,2192,52,0,2140,2192,134487,75,1,0,74,0
2020-10-19,US,Michigan,Cass,841,23,0,41.91522292,-85.99405727,26027.0,1623.9596810010235,2.7348394768133173,818,805,23,0,782,805,51653,36,0,0,36,0
2020-10-19,US,Michigan,Charlevoix,135,4,0,45.37790017,-85.19614053,26029.0,516.3906208162797,2.962962962962963,131,133,4,0,129,133,26244,2,0,0,2,0
2020-10-19,US,Michigan,Cheboygan,119,2,0,45.44787015,-84.50122149,26031.0,470.8023421427441,1.680672268907563,117,112,2,0,110,112,25413,7,0,0,7,0
2020-10-19,US,Michigan,Chippewa,107,0,0,46.29552653,-84.54353449,26033.0,286.4869206672201,0.0,107,104,0,0,104,104,37517,3,0,0,3,0
2020-10-19,US,Michigan,Clare,215,8,0,43.98794227,-84.84819859999998,26035.0,694.6688206785138,3.72093023255814,207,209,7,0,202,209,30757,6,1,0,5,0
2020-10-19,US,Michigan,Clinton,906,14,0,42.94400871,-84.60145248,26037.0,1138.262453671713,1.5452538631346575,892,874,14,0,860,874,79332,32,0,0,32,0
2020-10-19,US,Michigan,Crawford,137,5,0,44.68255561,-84.61006219,26039.0,976.5485779456841,3.6496350364963503,132,136,5,0,131,136,13901,1,0,0,1,0
2020-10-19,US,Michigan,Delta,1005,18,0,45.90484910000001,-86.9080745,26041.0,2808.5177733065057,1.791044776119403,987,958,17,0,941,958,35857,47,1,0,46,0
2020-10-19,US,Michigan,Dickinson,454,8,0,46.00999672,-87.86961634,26043.0,1798.8034391219935,1.7621145374449338,446,444,8,0,436,444,25383,10,0,0,10,0
2020-10-19,US,Michigan,Eaton,970,10,0,42.59599185,-84.83740035,26045.0,879.674973700439,1.0309278350515465,960,926,10,0,916,926,109826,44,0,0,44,0
2020-10-19,US,Michigan,Emmet,190,4,0,45.52625509,-84.89083249,26047.0,568.6069130629958,2.1052631578947367,186,183,4,0,179,183,33308,7,0,0,7,0
2020-10-19,US,Michigan,Federal Correctional Institution (FCI),197,5,0,0.0,0.0,0.0,0.0,2.538071065989848,192,195,5,0,190,195,,2,0,0,2,0
2020-10-19,US,Michigan,Genesee,6025,324,0,43.02244215,-83.70589709,26049.0,1484.6739754517475,5.377593360995852,5701,5910,322,0,5588,5910,406892,115,2,0,113,0
2020-10-19,US,Michigan,Gladwin,167,2,0,43.98901072,-84.38774817,26051.0,656.2143895634406,1.1976047904191616,165,156,2,0,154,156,25337,11,0,0,11,0
2020-10-19,US,Michigan,Gogebic,277,2,0,46.40862701,-89.69377193,26053.0,1982.1109123434705,0.7220216606498195,275,264,2,0,262,264,15096,13,0,0,13,0
2020-10-19,US,Michigan,Grand Traverse,654,13,0,44.69565625,-85.55585247,26055.0,702.5610175317979,1.9877675840978597,641,631,13,0,618,631,92573,23,0,0,23,0
2020-10-19,US,Michigan,Gratiot,409,16,0,43.29265605,-84.60505416,26057.0,1004.642479919432,3.9119804400977993,393,396,16,0,380,396,40599,13,0,0,13,0
2020-10-19,US,Michigan,Hillsdale,456,27,0,41.88753639,-84.59312019,26059.0,999.8903628988048,5.921052631578947,429,451,27,0,424,451,45749,5,0,0,5,0
2020-10-19,US,Michigan,Houghton,853,7,0,46.89988536,-88.68495385,26061.0,2390.4270821656764,0.82063305978898,846,846,6,0,840,846,36219,7,1,0,6,0
2020-10-19,US,Michigan,Huron,258,5,0,43.83353985,-83.04078453,26063.0,832.7684709983537,1.937984496124031,253,257,5,0,252,257,31166,1,0,0,1,0
2020-10-19,US,Michigan,Ingham,4324,58,0,42.59716886,-84.37472069,26065.0,1478.765825598654,1.3413506012950969,4266,4237,58,0,4179,4237,292735,87,0,0,87,0
2020-10-19,US,Michigan,Ionia,584,7,0,42.94502238,-85.07413319,26067.0,902.66936643121,1.1986301369863013,577,560,7,0,553,560,64210,24,0,0,24,0
2020-10-19,US,Michigan,Iosco,270,15,0,44.35486835,-83.63484895,26069.0,1074.5413300433797,5.5555555555555545,255,256,14,0,242,256,25081,14,1,0,13,0
2020-10-19,US,Michigan,Iron,364,18,0,46.20974132,-88.53136251,26071.0,3289.3547804084583,4.945054945054945,346,336,18,0,318,336,11117,28,0,0,28,0
2020-10-19,US,Michigan,Isabella,933,15,0,43.64060976,-84.84664923,26073.0,1335.2988321502175,1.6077170418006432,918,914,15,0,899,914,70562,19,0,0,19,0
2020-10-19,US,Michigan,Jackson,1551,62,0,42.24807035,-84.42258681,26075.0,978.4871616932686,3.9974210186976142,1489,1516,61,0,1455,1516,158823,35,1,0,34,0
2020-10-19,US,Michigan,Kalamazoo,4199,100,0,42.24542231,-85.53038622,26077.0,1584.1337629118784,2.3815194093831864,4099,4133,99,0,4034,4133,264870,66,1,0,65,0
2020-10-19,US,Michigan,Kalkaska,116,4,0,44.68512729,-85.09085699,26079.0,643.0868167202573,3.4482758620689653,112,114,4,0,110,114,17824,2,0,0,2,0
2020-10-19,US,Michigan,Kent,12667,178,0,43.03197711,-85.54934642,26081.0,1928.1381525370841,1.405226178258467,12489,12343,178,0,12165,12343,653786,324,0,0,324,0
2020-10-19,US,Michigan,Keweenaw,18,0,0,47.63197653,-88.41434263,26083.0,850.6616257088847,0.0,18,17,0,0,17,17,2113,1,0,0,1,0
2020-10-19,US,Michigan,Lake,52,0,0,43.99050893,-85.802173,26085.0,438.7075002109172,0.0,52,43,0,0,43,43,11881,9,0,0,9,0
2020-10-19,US,Michigan,Lapeer,807,38,0,43.09052506,-83.22153148,26087.0,921.1592680950152,4.7087980173482045,769,788,38,0,750,788,88028,19,0,0,19,0
2020-10-19,US,Michigan,Leelanau,134,1,0,44.94430054,-85.80150326,26089.0,615.7805247920593,0.746268656716418,133,130,1,0,129,130,21764,4,0,0,4,0
2020-10-19,US,Michigan,Lenawee,1019,18,0,41.89475156,-84.06603727,26091.0,1035.0326558389454,1.766437684003925,1001,1007,18,0,989,1007,98266,12,0,0,12,0
2020-10-19,US,Michigan,Livingston,1779,32,0,42.60302282,-83.91297209,26093.0,926.5866298601526,1.7987633501967395,1747,1740,32,0,1708,1740,191224,39,0,0,39,0
2020-10-19,US,Michigan,Luce,40,0,0,46.47227431,-85.54471223,26095.0,642.1576497030021,0.0,40,37,0,0,37,37,6283,3,0,0,3,0
2020-10-19,US,Michigan,Mackinac,140,0,0,46.07028979,-85.04980537,26097.0,1296.4163348458192,0.0,140,137,0,0,137,137,10787,3,0,0,3,0
2020-10-19,US,Michigan,Macomb,17076,1065,0,42.69158356,-82.92752801,26099.0,1953.8383380703272,6.2368236120871385,16011,16870,1061,0,15809,16870,874759,206,4,0,202,0
2020-10-19,US,Michigan,Manistee,113,3,0,44.33352407,-86.05626916,26101.0,460.13519016206527,2.6548672566371683,110,109,3,0,106,109,24528,4,0,0,4,0
2020-10-19,US,Michigan,Marquette,802,12,0,46.4338914,-87.64043701,26103.0,1202.4168278384986,1.4962593516209477,790,956,12,0,944,956,66516,-154,0,0,-154,0
2020-10-19,US,Michigan,Mason,187,1,0,43.99509218,-86.24988902,26105.0,641.6415042547351,0.5347593582887701,186,173,1,0,172,173,29100,14,0,0,14,0
2020-10-19,US,Michigan,Mecosta,392,4,0,43.64064262,-85.32463223,26107.0,902.1241341219247,1.020408163265306,388,356,4,0,352,356,43545,36,0,0,36,0
2020-10-19,US,Michigan,Menominee,607,3,0,45.58038692,-87.55370409,26109.0,2664.6180860403865,0.4942339373970346,604,593,3,0,590,593,22983,14,0,0,14,0
2020-10-19,US,Michigan,Michigan Department of Corrections (MDOC),6248,75,0,0.0,0.0,0.0,0.0,1.2003841229193342,6173,5846,75,0,5771,5846,,402,0,0,402,0
2020-10-19,US,Michigan,Midland,829,13,0,43.64330771,-84.38804374,26111.0,996.9214488431385,1.5681544028950545,816,800,13,0,787,800,83209,29,0,0,29,0
2020-10-19,US,Michigan,Missaukee,80,1,0,44.33772443,-85.09256478,26113.0,529.1705252017463,1.25,79,78,1,0,77,78,15113,2,0,0,2,0
2020-10-19,US,Michigan,Monroe,1819,31,0,41.92734151,-83.53749864,26115.0,1208.637873754153,1.7042330951072018,1788,1795,30,0,1765,1795,150439,24,1,0,23,0
2020-10-19,US,Michigan,Montcalm,517,8,0,43.31082541,-85.15252824,26117.0,809.2286501377409,1.5473887814313343,509,480,8,0,472,480,63968,37,0,0,37,0
2020-10-19,US,Michigan,Montmorency,21,0,0,45.0275929,-84.12696227,26119.0,225.1286449399657,0.0,21,20,0,0,20,20,9265,1,0,0,1,0
2020-10-19,US,Michigan,Muskegon,1816,76,0,43.29123859,-86.15176712,26121.0,1046.2878674394756,4.185022026431718,1740,1794,76,0,1718,1794,173588,22,0,0,22,0
2020-10-19,US,Michigan,Newaygo,533,3,0,43.554373999999996,-85.80070107,26123.0,1088.199265006125,0.5628517823639775,530,511,2,0,509,511,48892,22,1,0,21,0
2020-10-19,US,Michigan,Oakland,23165,1227,0,42.66090111,-83.38595416,26125.0,1842.024071553073,5.29678394129074,21938,22931,1226,0,21705,22931,1259201,234,1,0,233,0
2020-10-19,US,Michigan,Oceana,572,6,0,43.64124435,-86.26726673,26127.0,2161.1818490951,1.048951048951049,566,567,6,0,561,567,26625,5,0,0,5,0
2020-10-19,US,Michigan,Ogemaw,90,5,0,44.33481032,-84.12725175,26129.0,428.6326618088298,5.5555555555555545,85,84,5,0,79,84,20952,6,0,0,6,0
2020-10-19,US,Michigan,Ontonagon,72,0,0,46.665226200000006,-89.31390481,26131.0,1258.7412587412587,0.0,72,69,0,0,69,69,5795,3,0,0,3,0
2020-10-19,US,Michigan,Osceola,124,0,0,43.98992088,-85.32566756,26133.0,528.5592497868713,0.0,124,120,0,0,120,120,23341,4,0,0,4,0
2020-10-19,US,Michigan,Oscoda,52,1,0,44.68192279,-84.12939244,26135.0,630.9913845407111,1.9230769230769231,51,52,1,0,51,52,8276,0,0,0,0,0
2020-10-19,US,Michigan,Otsego,210,11,0,45.02085831,-84.59898295,26137.0,851.3053348467648,5.238095238095238,199,206,11,0,195,206,24665,4,0,0,4,0
2020-10-19,US,Michigan,Ottawa,4433,72,0,42.95996803,-85.9969107,26139.0,1519.0350546551074,1.6241822693435597,4361,4299,72,0,4227,4299,290494,134,0,0,134,0
2020-10-19,US,Michigan,Out of MI,274,2,0,0.0,0.0,80026.0,0.0,0.7299270072992701,272,254,2,0,252,254,,20,0,0,20,0
2020-10-19,US,Michigan,Presque Isle,35,1,0,45.34018577,-83.91498656,26141.0,277.9542566709021,2.8571428571428568,34,35,1,0,34,35,12738,0,0,0,0,0
2020-10-19,US,Michigan,Roscommon,138,5,0,44.33473082,-84.61067651,26143.0,574.5451517548607,3.6231884057971016,133,133,4,0,129,133,23884,5,1,0,4,0
2020-10-19,US,Michigan,Saginaw,3450,149,0,43.33433923,-84.05131209999998,26145.0,1810.6529371939605,4.318840579710145,3301,3378,148,0,3230,3378,190800,72,1,0,71,0
2020-10-19,US,Michigan,Sanilac,169,7,0,43.42406072,-82.82055898,26151.0,410.49307748360457,4.142011834319527,162,165,7,0,158,165,41182,4,0,0,4,0
2020-10-19,US,Michigan,Schoolcraft,54,0,0,46.19235734,-86.19972234,26153.0,667.1608598962194,0.0,54,54,0,0,54,54,8068,0,0,0,0,0
2020-10-19,US,Michigan,Shiawassee,635,33,0,42.95392800000001,-84.14585902,26155.0,932.151140600687,5.196850393700787,602,611,33,0,578,611,68192,24,0,0,24,0
2020-10-19,US,Michigan,St. Clair,1308,63,0,42.92655373,-82.67937954,26147.0,821.9797898547082,4.816513761467889,1245,1279,63,0,1216,1279,159337,29,0,0,29,0
2020-10-19,US,Michigan,St. Joseph,1062,12,0,41.91441767,-85.52797979,26149.0,1742.0116790236862,1.1299435028248588,1050,1037,12,0,1025,1037,61043,25,0,0,25,0
2020-10-19,US,Michigan,Tuscola,590,34,0,43.46606813,-83.41897025,26157.0,1129.2946693463487,5.7627118644067785,556,577,34,0,543,577,52516,13,0,0,13,0
2020-10-19,US,Michigan,Unassigned,22,0,0,0.0,0.0,90026.0,0.0,0.0,22,10,0,0,10,10,,12,0,0,12,0
2020-10-19,US,Michigan,Van Buren,958,18,0,42.25190229,-86.01939087,26159.0,1265.9064180662556,1.8789144050104385,940,929,18,0,911,929,75448,29,0,0,29,0
2020-10-19,US,Michigan,Washtenaw,4772,117,0,42.253105,-83.83853204,26161.0,1298.1466318100329,2.451802179379715,4655,4661,116,0,4545,4661,370963,111,1,0,110,0
2020-10-19,US,Michigan,Wayne,38435,3025,0,42.28098405,-83.281255,26163.0,2197.1105723691694,7.8704305971120085,35410,38146,3022,0,35124,38146,1753893,289,3,0,286,0
2020-10-19,US,Michigan,Wexford,149,4,0,44.33853602,-85.57712739,26165.0,443.0436204692099,2.684563758389262,145,146,4,0,142,146,33466,3,0,0,3,0
2020-10-19,US,Minnesota,Aitkin,154,2,0,46.60962049,-93.41168259999999,27001.0,969.4070250535063,1.2987012987012987,152,151,1,0,150,146,15902,3,1,0,2,5
2020-10-19,US,Minnesota,Anoka,8093,148,0,45.27476015,-93.24604565,27003.0,2267.448539032447,1.8287408871864572,7945,7955,148,0,7807,7826,353813,138,0,0,138,129
2020-10-19,US,Minnesota,Becker,489,3,0,46.93479392,-95.67158144,27005.0,1420.5618336577288,0.6134969325153374,486,483,3,0,480,472,34371,6,0,0,6,11
2020-10-19,US,Minnesota,Beltrami,768,7,0,47.97373527,-94.93732139,27007.0,1627.5324234974994,0.9114583333333334,761,753,7,0,746,736,46847,15,0,0,15,17
2020-10-19,US,Minnesota,Benton,841,5,0,45.69804958,-93.99514135,27009.0,2056.7878891633445,0.5945303210463734,836,826,5,0,821,815,40545,15,0,0,15,11
2020-10-19,US,Minnesota,Big Stone,127,0,0,45.42712824,-96.41403739,27011.0,2544.580244439992,0.0,127,127,0,0,127,125,4989,0,0,0,0,2
2020-10-19,US,Minnesota,Blue Earth,1970,7,0,44.03554215,-94.06699781,27013.0,2911.918170665011,0.3553299492385787,1963,1958,7,0,1951,1948,67427,12,0,0,12,10
2020-10-19,US,Minnesota,Brown,298,3,0,44.24205652,-94.72562874,27015.0,1191.6186820217529,1.0067114093959733,295,290,3,0,287,290,25111,8,0,0,8,0
2020-10-19,US,Minnesota,Carlton,378,1,0,46.59180601,-92.67601019,27017.0,1053.7760307769506,0.2645502645502645,377,372,1,0,371,371,35837,6,0,0,6,1
2020-10-19,US,Minnesota,Carver,1695,7,0,44.82017001,-93.80099179999999,27019.0,1612.9185737803195,0.4129793510324484,1688,1686,7,0,1679,1664,103551,9,0,0,9,22
2020-10-19,US,Minnesota,Cass,311,5,0,46.95043611,-94.32603968,27021.0,1044.360119547332,1.6077170418006432,306,304,5,0,299,293,29519,7,0,0,7,11
2020-10-19,US,Minnesota,Chippewa,379,3,0,45.02343421,-95.56403693,27023.0,3211.8644067796613,0.7915567282321899,376,373,3,0,370,364,11924,6,0,0,6,9
2020-10-19,US,Minnesota,Chisago,855,2,0,45.5021011,-92.90861945,27025.0,1511.1613849661535,0.23391812865497075,853,831,2,0,829,811,55922,24,0,0,24,20
2020-10-19,US,Minnesota,Clay,2032,43,0,46.89289518,-96.48761922,27027.0,3164.024789013111,2.1161417322834644,1989,2008,43,0,1965,1966,63955,24,0,0,24,42
2020-10-19,US,Minnesota,Clearwater,76,0,0,47.57992111,-95.37790562,27029.0,861.8734406894987,0.0,76,74,0,0,74,71,8810,2,0,0,2,3
2020-10-19,US,Minnesota,Cook,11,0,0,47.90504893,-90.52629546,27031.0,201.35456708768075,0.0,11,11,0,0,11,9,5393,0,0,0,0,2
2020-10-19,US,Minnesota,Cottonwood,262,0,0,44.00715262,-95.18138802,27033.0,2340.121471954269,0.0,262,261,0,0,261,259,11277,1,0,0,1,2
2020-10-19,US,Minnesota,Crow Wing,879,21,0,46.48096553,-94.06755609,27035.0,1351.1643993543926,2.389078498293516,858,868,21,0,847,834,64889,11,0,0,11,34
2020-10-19,US,Minnesota,Dakota,9251,133,0,44.67172617,-93.06299363,27037.0,2156.304703033185,1.4376824127121393,9118,9146,133,0,9013,9030,425423,105,0,0,105,116
2020-10-19,US,Minnesota,Dodge,362,0,0,44.02238415,-92.86244324,27039.0,1729.2442915830707,0.0,362,360,0,0,360,353,20822,2,0,0,2,7
2020-10-19,US,Minnesota,Douglas,604,3,0,45.93348491,-95.45335469,27041.0,1583.5977032589599,0.4966887417218543,601,592,3,0,589,569,37964,12,0,0,12,23
2020-10-19,US,Minnesota,Faribault,209,0,0,43.67381499,-93.94787458,27043.0,1530.7990917747015,0.0,209,208,0,0,208,205,13758,1,0,0,1,3
2020-10-19,US,Minnesota,Fillmore,238,0,0,43.67394126,-92.08980382,27045.0,1129.7289599848104,0.0,238,235,0,0,235,232,21058,3,0,0,3,3
2020-10-19,US,Minnesota,Freeborn,632,4,0,43.67385583,-93.34884422,27047.0,2087.1173343020373,0.6329113924050633,628,631,4,0,627,625,30444,1,0,0,1,6
2020-10-19,US,Minnesota,Goodhue,511,11,0,44.40849741,-92.72341949999999,27049.0,1102.7190332326284,2.152641878669276,500,497,11,0,486,491,46403,14,0,0,14,6
2020-10-19,US,Minnesota,Grant,89,4,0,45.93424769,-96.01139609,27051.0,1490.2880107166775,4.49438202247191,85,86,4,0,82,84,6021,3,0,0,3,2
2020-10-19,US,Minnesota,Hennepin,32336,965,0,45.00761521,-93.47694895,27053.0,2554.503204583823,2.9842899554675903,31371,32050,965,0,31085,31749,1259428,286,0,0,286,301
2020-10-19,US,Minnesota,Houston,181,1,0,43.67129565,-91.49143057,27055.0,973.1182795698925,0.5524861878453039,180,180,1,0,179,177,18578,1,0,0,1,3
2020-10-19,US,Minnesota,Hubbard,309,2,0,47.10778564,-94.91693868,27057.0,1437.811176771672,0.6472491909385113,307,301,2,0,299,286,21332,8,0,0,8,15
2020-10-19,US,Minnesota,Isanti,487,3,0,45.56181234,-93.29487636,27059.0,1199.625578874766,0.6160164271047228,484,480,3,0,477,474,39966,7,0,0,7,6
2020-10-19,US,Minnesota,Itasca,676,17,0,47.51009045,-93.63092229,27061.0,1497.8949700864166,2.514792899408284,659,671,17,0,654,656,45108,5,0,0,5,15
2020-10-19,US,Minnesota,Jackson,195,1,0,43.67423373,-95.15398258,27063.0,1980.4996953077386,0.5128205128205128,194,189,1,0,188,186,9911,6,0,0,6,3
2020-10-19,US,Minnesota,Kanabec,186,10,0,45.9459309,-93.29275192,27065.0,1138.5199240986715,5.376344086021504,176,187,10,0,177,180,16207,-1,0,0,-1,7
2020-10-19,US,Minnesota,Kandiyohi,1549,4,0,45.1526059,-95.00586446,27067.0,3585.7311511840558,0.2582311168495804,1545,1519,4,0,1515,1490,42855,30,0,0,30,29
2020-10-19,US,Minnesota,Kittson,27,0,0,48.77754106,-96.78317184,27069.0,628.1991624011167,0.0,27,27,0,0,27,25,4248,0,0,0,0,2
2020-10-19,US,Minnesota,Koochiching,162,4,0,48.24539665,-93.78352843,27071.0,1324.7199280399052,2.469135802469136,158,160,4,0,156,159,12440,2,0,0,2,1
2020-10-19,US,Minnesota,Lac qui Parle,123,2,0,44.9973857,-96.17488219,27073.0,1857.1644269968285,1.6260162601626016,121,122,2,0,120,121,6658,1,0,0,1,1
2020-10-19,US,Minnesota,Lake,103,0,0,47.64270764,-91.44557998,27075.0,967.9541396485292,0.0,103,100,0,0,100,98,10658,3,0,0,3,2
2020-10-19,US,Minnesota,Lake of the Woods,42,1,0,48.77217001,-94.90274472,27077.0,1122.9946524064173,2.380952380952381,41,40,1,0,39,40,3758,2,0,0,2,0
2020-10-19,US,Minnesota,Le Sueur,585,5,0,44.37136597,-93.72844721,27079.0,2025.1324125038943,0.8547008547008547,580,582,5,0,577,582,28494,3,0,0,3,0
2020-10-19,US,Minnesota,Lincoln,165,0,0,44.41311883,-96.26688165,27081.0,2926.050718212449,0.0,165,164,0,0,164,161,5673,1,0,0,1,3
2020-10-19,US,Minnesota,Lyon,925,6,0,44.41327865,-95.83806103,27083.0,3631.1533328099235,0.6486486486486487,919,914,6,0,908,909,25629,11,0,0,11,5
2020-10-19,US,Minnesota,Mahnomen,94,1,0,47.32557075,-95.80921485,27087.0,1700.741812918401,1.0638297872340423,93,91,1,0,90,88,5519,3,0,0,3,3
2020-10-19,US,Minnesota,Marshall,87,1,0,48.35825983,-96.37017407,27089.0,931.8766066838048,1.1494252873563218,86,86,1,0,85,82,9390,1,0,0,1,4
2020-10-19,US,Minnesota,Martin,586,16,0,43.67429718,-94.55099908,27091.0,2977.1884367220455,2.7303754266211606,570,584,16,0,568,579,19785,2,0,0,2,5
2020-10-19,US,Minnesota,McLeod,570,3,0,44.82367677,-94.27287017,27085.0,1588.0533808820667,0.5263157894736842,567,566,3,0,563,557,35873,4,0,0,4,9
2020-10-19,US,Minnesota,Meeker,307,3,0,45.12328869,-94.52839455,27093.0,1322.0222203083285,0.977198697068404,304,304,3,0,301,300,23141,3,0,0,3,4
2020-10-19,US,Minnesota,Mille Lacs,352,8,0,45.93705297,-93.63236823,27095.0,1339.5745328614378,2.272727272727273,344,346,7,0,339,342,26139,6,1,0,5,4
2020-10-19,US,Minnesota,Morrison,607,6,0,46.01265363,-94.27341528,27097.0,1818.1273587731384,0.9884678747940692,601,577,6,0,571,562,33169,30,0,0,30,15
2020-10-19,US,Minnesota,Mower,1489,12,0,43.67142874,-92.75234549,27099.0,3716.739054465578,0.8059100067159167,1477,1489,12,0,1477,1484,40011,0,0,0,0,5
2020-10-19,US,Minnesota,Murray,248,3,0,44.02216709,-95.76328482,27101.0,3026.604832804492,1.2096774193548387,245,244,3,0,241,241,8276,4,0,0,4,3
2020-10-19,US,Minnesota,Nicollet,673,17,0,44.35291112,-94.24710352,27103.0,1963.5875590826865,2.5260029717682015,656,664,17,0,647,663,34220,9,0,0,9,1
2020-10-19,US,Minnesota,Nobles,2140,16,0,43.67434621,-95.75329576,27105.0,9894.123630311156,0.7476635514018691,2124,2117,16,0,2101,2106,21924,23,0,0,23,11
2020-10-19,US,Minnesota,Norman,94,0,0,47.32628443,-96.45620947,27107.0,1474.5098039215686,0.0,94,93,0,0,93,88,6475,1,0,0,1,5
2020-10-19,US,Minnesota,Olmsted,3070,29,0,44.00374114,-92.40209944,27109.0,1939.4414156027115,0.9446254071661238,3041,3050,29,0,3021,3025,156277,20,0,0,20,25
2020-10-19,US,Minnesota,Otter Tail,743,6,0,46.40846929,-95.70835255,27111.0,1264.7669628570454,0.8075370121130552,737,720,6,0,714,696,58812,23,0,0,23,24
2020-10-19,US,Minnesota,Pennington,163,1,0,48.06642577,-96.0370814,27113.0,1154.4726963665985,0.6134969325153374,162,162,1,0,161,157,14178,1,0,0,1,5
2020-10-19,US,Minnesota,Pine,509,0,0,46.12105238,-92.74070188,27115.0,1720.8154433888908,0.0,509,504,0,0,504,495,29483,5,0,0,5,9
2020-10-19,US,Minnesota,Pipestone,326,16,0,44.02301619,-96.25841142,27117.0,3572.211264518957,4.9079754601227,310,324,16,0,308,323,9047,2,0,0,2,1
2020-10-19,US,Minnesota,Polk,492,4,0,47.77372465,-96.40134647,27119.0,1568.6774646091062,0.8130081300813008,488,489,4,0,485,480,31529,3,0,0,3,9
2020-10-19,US,Minnesota,Pope,148,0,0,45.58606667,-95.44451209,27121.0,1315.6725042225976,0.0,148,142,0,0,142,137,11097,6,0,0,6,5
2020-10-19,US,Minnesota,Ramsey,13342,347,0,45.01625271,-93.09872295,27123.0,2424.403211943575,2.600809473842003,12995,13185,346,0,12839,13063,550210,157,1,0,156,122
2020-10-19,US,Minnesota,Red Lake,60,2,0,47.87197525,-96.09561104,27125.0,1479.6547472256473,3.333333333333333,58,56,2,0,54,55,3999,4,0,0,4,1
2020-10-19,US,Minnesota,Redwood,250,11,0,44.40555844,-95.25207021,27127.0,1647.9894528675015,4.4,239,248,10,0,238,236,15249,2,1,0,1,12
2020-10-19,US,Minnesota,Renville,229,11,0,44.72836381,-94.94553734,27129.0,1574.0995325817985,4.80349344978166,218,225,11,0,214,224,14612,4,0,0,4,1
2020-10-19,US,Minnesota,Rice,1578,9,0,44.3543376,-93.29658715,27131.0,2356.208564773338,0.5703422053231939,1569,1562,9,0,1553,1555,66523,16,0,0,16,7
2020-10-19,US,Minnesota,Rock,297,1,0,43.67482683,-96.25296832,27133.0,3188.405797101449,0.3367003367003367,296,286,1,0,285,282,9414,11,0,0,11,4
2020-10-19,US,Minnesota,Roseau,193,0,0,48.77501878,-95.81079919,27135.0,1272.667326079789,0.0,193,189,0,0,189,179,15150,4,0,0,4,10
2020-10-19,US,Minnesota,Scott,3185,34,0,44.6490231,-93.53340251,27139.0,2137.3974082798145,1.067503924646782,3151,3156,34,0,3122,3112,147381,29,0,0,29,44
2020-10-19,US,Minnesota,Sherburne,1562,21,0,45.44447208,-93.77617511,27141.0,1606.3678808696188,1.3444302176696543,1541,1532,21,0,1511,1498,96036,30,0,0,30,34
2020-10-19,US,Minnesota,Sibley,238,3,0,44.5796592,-94.23164924,27143.0,1601.0763538513283,1.2605042016806722,235,235,3,0,232,234,15028,3,0,0,3,1
2020-10-19,US,Minnesota,St. Louis,2647,63,0,47.604840700000004,-92.46879855,27137.0,1329.6830260712313,2.380052890064224,2584,2585,63,0,2522,2539,199754,62,0,0,62,46
2020-10-19,US,Minnesota,Stearns,5370,35,0,45.55192576,-94.61078221,27145.0,3333.850690672047,0.6517690875232774,5335,5255,34,0,5221,5161,159256,115,1,0,114,94
2020-10-19,US,Minnesota,Steele,721,2,0,44.02240351,-93.22627088,27147.0,1967.3115228246336,0.27739251040221913,719,716,2,0,714,712,36803,5,0,0,5,4
2020-10-19,US,Minnesota,Stevens,168,1,0,45.58613007,-96.00163705,27149.0,1713.4115247322793,0.5952380952380952,167,163,1,0,162,157,9753,5,0,0,5,6
2020-10-19,US,Minnesota,Swift,192,1,0,45.2829032,-95.68264092,27151.0,2072.0915173753506,0.5208333333333334,191,191,1,0,190,184,9345,1,0,0,1,7
2020-10-19,US,Minnesota,Todd,723,2,0,46.06996226,-94.89785296,27153.0,2931.397988971781,0.2766251728907331,721,692,2,0,690,666,24582,31,0,0,31,26
2020-10-19,US,Minnesota,Traverse,53,0,0,45.77298854,-96.47062949,27155.0,1626.2657256827247,0.0,53,49,0,0,49,48,3308,4,0,0,4,1
2020-10-19,US,Minnesota,Unassigned,265,53,0,0.0,0.0,90027.0,0.0,20.0,212,220,53,0,167,195,,45,0,0,45,25
2020-10-19,US,Minnesota,Wabasha,323,0,0,44.28424356,-92.23121312,27157.0,1493.5034910066122,0.0,323,320,0,0,320,310,21645,3,0,0,3,10
2020-10-19,US,Minnesota,Wadena,188,0,0,46.58589171,-94.96968506,27159.0,1374.0681186960976,0.0,188,179,0,0,179,171,13773,9,0,0,9,8
2020-10-19,US,Minnesota,Waseca,912,9,0,44.02211116,-93.58720034,27161.0,4900.064474532561,0.986842105263158,903,908,9,0,899,904,18691,4,0,0,4,4
2020-10-19,US,Minnesota,Washington,5259,67,0,45.03864533,-92.88429635,27163.0,2003.8866026520345,1.274006465107435,5192,5172,67,0,5105,5016,259201,87,0,0,87,156
2020-10-19,US,Minnesota,Watonwan,567,4,0,43.97823903,-94.61413846,27165.0,5203.26695420758,0.7054673721340388,563,563,4,0,559,558,10980,4,0,0,4,5
2020-10-19,US,Minnesota,Wilkin,124,4,0,46.35721532,-96.4684375,27167.0,1997.7444820364105,3.2258064516129035,120,122,4,0,118,115,6254,2,0,0,2,7
2020-10-19,US,Minnesota,Winona,1189,18,0,43.98772283,-91.78081305,27169.0,2355.201648046906,1.5138772077375946,1171,1167,18,0,1149,1157,50825,22,0,0,22,10
2020-10-19,US,Minnesota,Wright,2276,14,0,45.17297924,-93.96234781,27171.0,1644.7820085707885,0.6151142355008787,2262,2247,14,0,2233,2209,136349,29,0,0,29,38
2020-10-19,US,Minnesota,Yellow Medicine,265,5,0,44.71710183,-95.86842453,27173.0,2729.426305489752,1.8867924528301887,260,265,5,0,260,263,9795,0,0,0,0,2
2020-10-19,US,Mississippi,Adams,1043,42,0,31.47669768,-91.35326037,28001.0,3398.168963607337,4.026845637583893,1001,1040,42,0,998,1040,31192,3,0,0,3,0
2020-10-19,US,Mississippi,Alcorn,955,12,0,34.88084463,-88.57996173,28003.0,2584.3639217384243,1.256544502617801,943,944,12,0,932,944,36925,11,0,0,11,0
2020-10-19,US,Mississippi,Amite,415,13,0,31.17467303,-90.80501621,28005.0,3374.806863462633,3.132530120481928,402,415,13,0,402,415,12326,0,0,0,0,0
2020-10-19,US,Mississippi,Attala,765,25,0,33.08658803,-89.57838564,28007.0,4209.310003301421,3.2679738562091503,740,763,25,0,738,763,18365,2,0,0,2,0
2020-10-19,US,Mississippi,Benton,305,4,0,34.81681228,-89.18945516,28009.0,3692.9410340234895,1.3114754098360657,301,300,4,0,296,300,8271,5,0,0,5,0
2020-10-19,US,Mississippi,Bolivar,1980,75,0,33.79696941,-90.87372121,28011.0,6464.672848374037,3.787878787878788,1905,1977,75,0,1902,1977,31333,3,0,0,3,0
2020-10-19,US,Mississippi,Calhoun,609,12,0,33.93683395,-89.33686647,28013.0,4240.65176519741,1.9704433497536944,597,609,12,0,597,609,14436,0,0,0,0,0
2020-10-19,US,Mississippi,Carroll,460,12,0,33.44834567,-89.91994479,28015.0,4624.509902483161,2.608695652173913,448,458,12,0,446,458,9911,2,0,0,2,0
2020-10-19,US,Mississippi,Chickasaw,820,24,0,33.91983202,-88.9481545,28017.0,4794.480500496989,2.9268292682926833,796,817,24,0,793,817,17171,3,0,0,3,0
2020-10-19,US,Mississippi,Choctaw,203,6,0,33.34598242,-89.24809382,28019.0,2472.594397076736,2.955665024630542,197,203,6,0,197,203,8278,0,0,0,0,0
2020-10-19,US,Mississippi,Claiborne,532,16,0,31.97061673,-90.90702196,28021.0,5919.003115264797,3.0075187969924815,516,530,16,0,514,530,9002,2,0,0,2,0
2020-10-19,US,Mississippi,Clarke,714,48,0,32.04158545,-88.68896219999998,28023.0,4594.298951161444,6.722689075630252,666,709,48,0,661,709,15604,5,0,0,5,0
2020-10-19,US,Mississippi,Clay,672,21,0,33.65358105,-88.77784255,28025.0,3478.9811555187407,3.125,651,666,21,0,645,666,19386,6,0,0,6,0
2020-10-19,US,Mississippi,Coahoma,1231,36,0,34.22772299,-90.60415045,28027.0,5564.093292352197,2.9244516653127537,1195,1228,36,0,1192,1228,22628,3,0,0,3,0
2020-10-19,US,Mississippi,Copiah,1346,36,0,31.86977774,-90.44565118,28029.0,4796.009264208088,2.674591381872214,1310,1333,36,0,1297,1333,28543,13,0,0,13,0
2020-10-19,US,Mississippi,Covington,916,25,0,31.63225413,-89.55389939,28031.0,4915.217857909423,2.7292576419213974,891,908,25,0,883,908,18853,8,0,0,8,0
2020-10-19,US,Mississippi,DeSoto,6636,77,0,34.87625235,-89.99091418,28033.0,3588.093757603612,1.1603375527426159,6559,6551,77,0,6474,6551,182001,85,0,0,85,0
2020-10-19,US,Mississippi,Forrest,2951,77,0,31.18961454,-89.25832496,28035.0,3940.077706717225,2.6092849881396143,2874,2927,77,0,2850,2927,75036,24,0,0,24,0
2020-10-19,US,Mississippi,Franklin,230,3,0,31.47786634,-90.89672989,28037.0,2981.978477894464,1.3043478260869563,227,228,3,0,225,228,7788,2,0,0,2,0
2020-10-19,US,Mississippi,George,935,17,0,30.86259065,-88.64436789,28039.0,3816.326530612245,1.818181818181818,918,932,17,0,915,932,24250,3,0,0,3,0
2020-10-19,US,Mississippi,Greene,453,17,0,31.21444233,-88.63922281,28041.0,3334.3147357573966,3.752759381898455,436,447,17,0,430,447,13586,6,0,0,6,0
2020-10-19,US,Mississippi,Grenada,1201,37,0,33.77036166,-89.80245083,28043.0,5785.7211677425585,3.0807660283097418,1164,1196,37,0,1159,1196,21055,5,0,0,5,0
2020-10-19,US,Mississippi,Hancock,769,27,0,30.41830223,-89.48851033,28045.0,1614.4608666442728,3.5110533159947983,742,765,27,0,738,765,47334,4,0,0,4,0
2020-10-19,US,Mississippi,Harrison,4811,81,0,30.51359752,-89.12467576,28047.0,2312.091503267974,1.6836416545416752,4730,4784,81,0,4703,4784,206650,27,0,0,27,0
2020-10-19,US,Mississippi,Hinds,7751,171,0,32.2656285,-90.44435448,28049.0,3343.2539682539677,2.2061669462004905,7580,7731,171,0,7560,7731,237085,20,0,0,20,0
2020-10-19,US,Mississippi,Holmes,1132,60,0,33.12345854,-90.08923538,28051.0,6654.908877131099,5.300353356890461,1072,1130,60,0,1070,1130,17622,2,0,0,2,0
2020-10-19,US,Mississippi,Humphreys,399,16,0,33.12825718,-90.52252707,28053.0,4947.916666666667,4.010025062656641,383,399,16,0,383,399,8257,0,0,0,0,0
2020-10-19,US,Mississippi,Issaquena,106,3,0,32.72531359,-90.97392828,28055.0,7987.942727957799,2.830188679245283,103,106,3,0,103,106,1308,0,0,0,0,0
2020-10-19,US,Mississippi,Itawamba,1090,24,0,34.27993475,-88.3606733,28057.0,4660.111158614793,2.201834862385321,1066,1087,24,0,1063,1087,23517,3,0,0,3,0
2020-10-19,US,Mississippi,Jackson,4319,78,0,30.54020656,-88.64184064,28059.0,3007.3041492302445,1.8059736050011577,4241,4291,78,0,4213,4291,143277,28,0,0,28,0
2020-10-19,US,Mississippi,Jasper,666,16,0,32.01922104,-89.11786866,28061.0,4065.189525727889,2.4024024024024024,650,660,16,0,644,660,16428,6,0,0,6,0
2020-10-19,US,Mississippi,Jefferson,263,10,0,31.73397872,-91.03764977,28063.0,3762.5178826895567,3.8022813688212933,253,262,10,0,252,262,7106,1,0,0,1,0
2020-10-19,US,Mississippi,Jefferson Davis,394,11,0,31.56884708,-89.82670990000004,28065.0,3540.6182602444287,2.7918781725888326,383,393,11,0,382,393,11234,1,0,0,1,0
2020-10-19,US,Mississippi,Jones,2831,82,0,31.62257767,-89.16896899999998,28067.0,4157.243971922817,2.8965030024726244,2749,2816,82,0,2734,2816,68461,15,0,0,15,0
2020-10-19,US,Mississippi,Kemper,318,15,0,32.75462946,-88.64105766,28069.0,3264.2167932662696,4.716981132075472,303,316,15,0,301,316,10027,2,0,0,2,0
2020-10-19,US,Mississippi,Lafayette,2417,42,0,34.35687874,-89.48490961,28071.0,4474.35161702364,1.7376913529168392,2375,2413,42,0,2371,2413,54793,4,0,0,4,0
2020-10-19,US,Mississippi,Lamar,2149,38,0,31.20572971,-89.5077704,28073.0,3392.6400707260473,1.7682643089809214,2111,2120,38,0,2082,2120,62447,29,0,0,29,0
2020-10-19,US,Mississippi,Lauderdale,2344,130,0,32.40419769,-88.66229662,28075.0,3162.225969645869,5.546075085324231,2214,2329,130,0,2199,2329,75317,15,0,0,15,0
2020-10-19,US,Mississippi,Lawrence,495,14,0,31.55147224,-90.10841127,28077.0,3932.941363419673,2.8282828282828283,481,489,14,0,475,489,12455,6,0,0,6,0
2020-10-19,US,Mississippi,Leake,1122,39,0,32.7536828,-89.52402044,28079.0,4924.0761871324485,3.475935828877005,1083,1118,39,0,1079,1118,22763,4,0,0,4,0
2020-10-19,US,Mississippi,Lee,3413,79,0,34.291877500000005,-88.68149954,28081.0,3994.803127487242,2.314679167887489,3334,3392,79,0,3313,3392,85202,21,0,0,21,0
2020-10-19,US,Mississippi,Leflore,1600,86,0,33.55545125,-90.29900733,28083.0,5677.181279494732,5.375,1514,1587,86,0,1501,1587,28919,13,0,0,13,0
2020-10-19,US,Mississippi,Lincoln,1348,54,0,31.53288662,-90.45391915,28085.0,3946.944631511141,4.0059347181008915,1294,1339,54,0,1285,1339,34205,9,0,0,9,0
2020-10-19,US,Mississippi,Lowndes,1739,62,0,33.47386518,-88.44191529999998,28087.0,2967.830019626248,3.565267395054629,1677,1736,62,0,1674,1736,58930,3,0,0,3,0
2020-10-19,US,Mississippi,Madison,3717,92,0,32.63389156,-90.03513564,28089.0,3497.628726287264,2.4751143395211197,3625,3710,92,0,3618,3710,105630,7,0,0,7,0
2020-10-19,US,Mississippi,Marion,932,42,0,31.23132643,-89.8209217,28091.0,3792.7806942579255,4.5064377682403425,890,926,42,0,884,926,24715,6,0,0,6,0
2020-10-19,US,Mississippi,Marshall,1326,26,0,34.76216286,-89.50299462,28093.0,3757.012523375077,1.96078431372549,1300,1300,26,0,1274,1300,35451,26,0,0,26,0
2020-10-19,US,Mississippi,Monroe,1448,72,0,33.89236763,-88.4808438,28095.0,4107.568364915465,4.972375690607736,1376,1436,72,0,1364,1436,35564,12,0,0,12,0
2020-10-19,US,Mississippi,Montgomery,527,23,0,33.49419589,-89.61729103,28097.0,5391.304347826087,4.364326375711575,504,527,23,0,504,527,10023,0,0,0,0,0
2020-10-19,US,Mississippi,Neshoba,1806,111,0,32.75339664,-89.11726492,28099.0,6202.349062435605,6.146179401993356,1695,1795,111,0,1684,1795,29125,11,0,0,11,0
2020-10-19,US,Mississippi,Newton,842,27,0,32.40021118,-89.11843336,28101.0,4006.090018079741,3.2066508313539197,815,842,27,0,815,842,21443,0,0,0,0,0
2020-10-19,US,Mississippi,Noxubee,595,16,0,33.11009499,-88.56949061,28103.0,5711.817221848903,2.6890756302521006,579,595,16,0,579,595,10535,0,0,0,0,0
2020-10-19,US,Mississippi,Oktibbeha,1946,54,0,33.42491685,-88.87905132,28105.0,3924.4156734628027,2.7749229188078113,1892,1941,54,0,1887,1941,49599,5,0,0,5,0
2020-10-19,US,Mississippi,Panola,1651,36,0,34.36398677,-89.95064249,28107.0,4828.614880673842,2.1804966686856453,1615,1647,36,0,1611,1647,34178,4,0,0,4,0
2020-10-19,US,Mississippi,Pearl River,1082,56,0,30.77090935,-89.58677275,28109.0,1948.3208787251285,5.175600739371534,1026,1074,56,0,1018,1074,55387,8,0,0,8,0
2020-10-19,US,Mississippi,Perry,480,22,0,31.17161885,-88.99281835,28111.0,4009.020295665247,4.583333333333333,458,475,22,0,453,475,11931,5,0,0,5,0
2020-10-19,US,Mississippi,Pike,1364,55,0,31.17507789,-90.40392572,28113.0,3471.79800447974,4.032258064516129,1309,1355,55,0,1300,1355,39563,9,0,0,9,0
2020-10-19,US,Mississippi,Pontotoc,1435,19,0,34.226046000000004,-89.03636807,28115.0,4460.123080748431,1.32404181184669,1416,1430,19,0,1411,1430,31833,5,0,0,5,0
2020-10-19,US,Mississippi,Prentiss,1016,19,0,34.61810501,-88.51986294,28117.0,4043.6201544217147,1.8700787401574803,997,1009,19,0,990,1009,25315,7,0,0,7,0
2020-10-19,US,Mississippi,Quitman,413,6,0,34.25157572,-90.28908,28119.0,6080.683156654888,1.452784503631961,407,409,6,0,403,409,7051,4,0,0,4,0
2020-10-19,US,Mississippi,Rankin,3808,86,0,32.26469147,-89.94537876,28121.0,2452.4862981496867,2.2584033613445382,3722,3800,86,0,3714,3800,153902,8,0,0,8,0
2020-10-19,US,Mississippi,Scott,1232,29,0,32.406704100000006,-89.53789439,28123.0,4380.600199118191,2.353896103896104,1203,1227,29,0,1198,1227,28287,5,0,0,5,0
2020-10-19,US,Mississippi,Sharkey,277,14,0,32.88149103,-90.81595379999999,28125.0,6410.553112705392,5.054151624548736,263,277,14,0,263,277,4377,0,0,0,0,0
2020-10-19,US,Mississippi,Simpson,1181,48,0,31.91282117,-89.91716179,28127.0,4430.189811688799,4.064352243861134,1133,1176,48,0,1128,1176,26758,5,0,0,5,0
2020-10-19,US,Mississippi,Smith,581,16,0,32.01744532,-89.50644846,28129.0,3650.4146770545362,2.753872633390705,565,577,16,0,561,577,16002,4,0,0,4,0
2020-10-19,US,Mississippi,Stone,450,14,0,30.79187949,-89.11547539,28131.0,2454.188481675393,3.111111111111111,436,446,14,0,432,446,18717,4,0,0,4,0
2020-10-19,US,Mississippi,Sunflower,1574,49,0,33.60192578,-90.58882684,28133.0,6268.418956590998,3.1130876747141043,1525,1567,49,0,1518,1567,25735,7,0,0,7,0
2020-10-19,US,Mississippi,Tallahatchie,818,25,0,33.95339918,-90.1729398,28135.0,5923.672966905641,3.056234718826406,793,817,25,0,792,817,13987,1,0,0,1,0
2020-10-19,US,Mississippi,Tate,1127,39,0,34.65133709,-89.94485778,28137.0,3979.379259206949,3.460514640638864,1088,1123,39,0,1084,1123,28759,4,0,0,4,0
2020-10-19,US,Mississippi,Tippah,851,20,0,34.76872156,-88.90988194,28139.0,3865.546218487395,2.3501762632197414,831,848,20,0,828,848,21995,3,0,0,3,0
2020-10-19,US,Mississippi,Tishomingo,790,40,0,34.74023475,-88.23917219,28141.0,4075.736470102667,5.063291139240507,750,786,40,0,746,786,19454,4,0,0,4,0
2020-10-19,US,Mississippi,Tunica,518,17,0,34.64967704,-90.37481167,28143.0,5377.906976744186,3.281853281853282,501,518,17,0,501,518,9944,0,0,0,0,0
2020-10-19,US,Mississippi,Union,1139,25,0,34.49162015,-89.00776006,28145.0,3952.8023598820064,2.1949078138718168,1114,1138,25,0,1113,1138,28606,1,0,0,1,0
2020-10-19,US,Mississippi,Walthall,633,27,0,31.14971548,-90.10446654,28147.0,4430.9113817723655,4.265402843601897,606,634,27,0,607,634,14465,-1,0,0,-1,0
2020-10-19,US,Mississippi,Warren,1521,54,0,32.35810271,-90.83352619,28149.0,3351.622925894097,3.5502958579881656,1467,1518,54,0,1464,1518,46176,3,0,0,3,0
2020-10-19,US,Mississippi,Washington,2514,97,0,33.28392041,-90.94196237,28151.0,5725.477692500399,3.858392999204455,2417,2506,97,0,2409,2506,45063,8,0,0,8,0
2020-10-19,US,Mississippi,Wayne,985,21,0,31.64135687,-88.69573913,28153.0,4880.344844671258,2.1319796954314723,964,979,21,0,958,979,20298,6,0,0,6,0
2020-10-19,US,Mississippi,Webster,365,13,0,33.61300486,-89.28392912,28155.0,3767.158633501909,3.5616438356164384,352,363,13,0,350,363,9788,2,0,0,2,0
2020-10-19,US,Mississippi,Wilkinson,329,20,0,31.16078225,-91.31018819,28157.0,3812.2827346465815,6.079027355623101,309,329,20,0,309,329,8792,0,0,0,0,0
2020-10-19,US,Mississippi,Winston,815,21,0,33.08747908,-89.03391385,28159.0,4539.125591757171,2.576687116564417,794,814,21,0,793,814,18165,1,0,0,1,0
2020-10-19,US,Mississippi,Yalobusha,484,14,0,34.02824175,-89.70762049999998,28161.0,3997.3571192599934,2.8925619834710745,470,479,14,0,465,479,12392,5,0,0,5,0
2020-10-19,US,Mississippi,Yazoo,1172,33,0,32.77890365,-90.39656148,28163.0,3947.457056247895,2.815699658703072,1139,1169,33,0,1136,1169,28248,3,0,0,3,0
2020-10-19,US,Missouri,Adair,463,0,0,40.19058551,-92.60078167,29001.0,1826.9344592195084,0.0,463,460,0,0,460,452,25339,3,0,0,3,8
2020-10-19,US,Missouri,Andrew,397,4,0,39.98492163,-94.80163024,29003.0,2241.4182475158086,1.0075566750629723,393,388,4,0,384,386,17607,9,0,0,9,2
2020-10-19,US,Missouri,Atchison,71,1,0,40.43238737,-95.42970639,29005.0,1380.5172078553371,1.4084507042253518,70,71,1,0,70,70,5171,0,0,0,0,1
2020-10-19,US,Missouri,Audrain,533,7,0,39.215877,-91.84242683,29007.0,2099.41704742398,1.3133208255159474,526,527,7,0,520,524,25473,6,0,0,6,3
2020-10-19,US,Missouri,Barry,724,7,0,36.70978521,-93.82919888,29009.0,2022.9679510464111,0.9668508287292816,717,707,7,0,700,691,35886,17,0,0,17,16
2020-10-19,US,Missouri,Barton,395,2,0,37.50207671,-94.34757022,29011.0,3360.558107878169,0.5063291139240507,393,395,2,0,393,388,11798,0,0,0,0,7
2020-10-19,US,Missouri,Bates,224,5,0,38.25271289,-94.34113157,29013.0,1385.1100667820926,2.232142857142857,219,224,5,0,219,222,16320,0,0,0,0,2
2020-10-19,US,Missouri,Benton,454,5,0,38.29503305,-93.28756116,29015.0,2335.030602273312,1.1013215859030836,449,452,5,0,447,445,19278,2,0,0,2,7
2020-10-19,US,Missouri,Bollinger,435,2,0,37.32449052,-90.02725304,29017.0,3585.263331410204,0.4597701149425287,433,432,2,0,430,429,12169,3,0,0,3,3
2020-10-19,US,Missouri,Boone,5625,14,0,38.99186229,-92.30723575,29019.0,3116.982428531056,0.2488888888888889,5611,5612,14,0,5598,5582,180005,13,0,0,13,30
2020-10-19,US,Missouri,Buchanan,2754,35,0,39.65816401,-94.80138942,29021.0,3152.328190101186,1.270878721859114,2719,2736,34,0,2702,2677,88571,18,1,0,17,59
2020-10-19,US,Missouri,Butler,1036,8,0,36.71462476,-90.40421163,29023.0,2438.90955318047,0.7722007722007722,1028,1017,8,0,1009,992,42639,19,0,0,19,25
2020-10-19,US,Missouri,Caldwell,158,1,0,39.65620858,-93.98308093,29025.0,1751.6629711751666,0.6329113924050633,157,153,1,0,152,151,9108,5,0,0,5,2
2020-10-19,US,Missouri,Callaway,1020,5,0,38.83674754,-91.92186505,29027.0,2279.6862078984423,0.4901960784313725,1015,1008,5,0,1003,995,44889,12,0,0,12,13
2020-10-19,US,Missouri,Camden,1451,26,0,38.02199522,-92.76083747,29029.0,3133.570888672929,1.7918676774638183,1425,1448,26,0,1422,1434,45815,3,0,0,3,14
2020-10-19,US,Missouri,Cape Girardeau,2447,45,0,37.38489388,-89.6843587,29031.0,3102.53451839079,1.8389865140988968,2402,2437,45,0,2392,2418,78753,10,0,0,10,19
2020-10-19,US,Missouri,Carroll,172,2,0,39.42762566,-93.50626255,29033.0,1981.7951376886733,1.162790697674419,170,171,2,0,169,168,8743,1,0,0,1,3
2020-10-19,US,Missouri,Carter,153,3,0,36.94160441,-90.96051322,29035.0,2557.673019057172,1.96078431372549,150,153,3,0,150,149,6054,0,0,0,0,4
2020-10-19,US,Missouri,Cass,1883,28,0,38.64789422,-94.353399,29037.0,1780.1096615617319,1.4869888475836432,1855,1872,28,0,1844,1855,104954,11,0,0,11,17
2020-10-19,US,Missouri,Cedar,210,2,0,37.72391475,-93.85445441,29039.0,1463.5166213673426,0.9523809523809524,208,208,2,0,206,207,14165,2,0,0,2,1
2020-10-19,US,Missouri,Chariton,55,1,0,39.51499357,-92.9629191,29041.0,740.6409911123081,1.818181818181818,54,55,1,0,54,54,7451,0,0,0,0,1
2020-10-19,US,Missouri,Christian,2093,10,0,36.9711783,-93.18537118,29043.0,2362.435803374908,0.4777830864787386,2083,2080,10,0,2070,2059,86983,13,0,0,13,21
2020-10-19,US,Missouri,Clark,104,0,0,40.41040752,-91.73661677,29045.0,1530.086803001324,0.0,104,99,0,0,99,99,6842,5,0,0,5,0
2020-10-19,US,Missouri,Clay,2300,45,0,39.31132056,-94.41850862,29047.0,920.1913998111607,1.9565217391304348,2255,2300,46,0,2254,2283,246365,0,-1,0,1,17
2020-10-19,US,Missouri,Clinton,427,10,0,39.6013098,-94.40465394,29049.0,2094.471967430225,2.34192037470726,417,420,8,0,412,408,20470,7,2,0,5,12
2020-10-19,US,Missouri,Cole,2520,18,0,38.50455671,-92.27860244,29051.0,3283.60153755945,0.7142857142857143,2502,2477,18,0,2459,2422,76796,43,0,0,43,55
2020-10-19,US,Missouri,Cooper,573,2,0,38.844478,-92.80896081,29053.0,3235.6428934440114,0.34904013961605584,571,570,2,0,568,556,17603,3,0,0,3,14
2020-10-19,US,Missouri,Crawford,554,7,0,37.97663738,-91.30528104,29055.0,2316.0535117056857,1.263537906137184,547,545,7,0,538,531,23957,9,0,0,9,14
2020-10-19,US,Missouri,Dade,127,0,0,37.431814,-93.8503345,29057.0,1679.6720010580611,0.0,127,125,0,0,125,126,7569,2,0,0,2,-1
2020-10-19,US,Missouri,Dallas,284,1,0,37.681135499999996,-93.02127031,29059.0,1682.6638227278113,0.35211267605633795,283,278,1,0,277,275,16762,6,0,0,6,3
2020-10-19,US,Missouri,Daviess,202,3,0,39.96145298,-93.98519678,29061.0,2440.2029475718773,1.4851485148514851,199,199,3,0,196,198,8313,3,0,0,3,1
2020-10-19,US,Missouri,DeKalb,252,2,0,39.89201062,-94.40476508,29063.0,2008.4482346377624,0.7936507936507936,250,241,2,0,239,238,12630,11,0,0,11,3
2020-10-19,US,Missouri,Dent,230,3,0,37.60663134,-91.50790473,29065.0,1476.915173698067,1.3043478260869563,227,230,3,0,227,225,15441,0,0,0,0,5
2020-10-19,US,Missouri,Douglas,272,6,0,36.9325593,-92.49905109,29067.0,2062.950322335988,2.2058823529411766,266,268,6,0,262,259,13373,4,0,0,4,9
2020-10-19,US,Missouri,Dunklin,997,12,0,36.27167174,-90.09122243,29069.0,3422.470907280904,1.2036108324974926,985,982,12,0,970,968,29423,15,0,0,15,14
2020-10-19,US,Missouri,Franklin,2349,40,0,38.41127108,-91.07522826,29071.0,2259.370761876365,1.7028522775649213,2309,2321,40,0,2281,2284,103670,28,0,0,28,37
2020-10-19,US,Missouri,Gasconade,221,24,0,38.43947277,-91.50847147,29073.0,1502.7879776961786,10.85972850678733,197,217,24,0,193,211,14705,4,0,0,4,6
2020-10-19,US,Missouri,Gentry,172,10,0,40.21097916,-94.40944419,29075.0,2617.5620149140163,5.813953488372092,162,171,10,0,161,167,6628,1,0,0,1,4
2020-10-19,US,Missouri,Greene,8352,105,0,37.2575872,-93.34230916,29077.0,2849.675521860477,1.257183908045977,8247,8299,104,0,8195,8229,291923,53,1,0,52,70
2020-10-19,US,Missouri,Grundy,242,9,0,40.11406587,-93.56509276,29079.0,2456.8527918781724,3.71900826446281,233,239,9,0,230,233,9914,3,0,0,3,6
2020-10-19,US,Missouri,Harrison,175,1,0,40.35570088,-93.99222144,29081.0,2095.3065134099616,0.5714285714285714,174,171,1,0,170,164,8414,4,0,0,4,7
2020-10-19,US,Missouri,Henry,345,5,0,38.38482826,-93.79293734,29083.0,1580.8284457478005,1.4492753623188406,340,343,5,0,338,334,21792,2,0,0,2,9
2020-10-19,US,Missouri,Hickory,178,3,0,37.94163617,-93.3203037,29085.0,1865.0461022632016,1.6853932584269662,175,177,3,0,174,176,9509,1,0,0,1,1
2020-10-19,US,Missouri,Holt,110,1,0,40.09799248,-95.21638879999999,29087.0,2498.2966159436746,0.9090909090909092,109,106,1,0,105,103,4404,4,0,0,4,3
2020-10-19,US,Missouri,Howard,226,2,0,39.1435761,-92.69756691,29089.0,2259.7740225977404,0.8849557522123894,224,226,2,0,224,222,10137,0,0,0,0,4
2020-10-19,US,Missouri,Howell,1015,6,0,36.77383887,-91.88683935,29091.0,2530.099459082185,0.5911330049261084,1009,995,6,0,989,986,40076,20,0,0,20,9
2020-10-19,US,Missouri,Iron,91,0,0,37.55487945,-90.7735296,29093.0,898.7654320987656,0.0,91,91,0,0,91,91,10177,0,0,0,0,0
2020-10-19,US,Missouri,Jackson,9196,117,0,39.01002188,-94.34724536,29095.0,1308.0876401649475,1.272292301000435,9079,9174,117,0,9057,9088,700307,22,0,0,22,86
2020-10-19,US,Missouri,Jasper,4812,67,0,37.20351921,-94.34050458,29097.0,3966.1084003692467,1.3923524522028263,4745,4806,67,0,4739,4770,120636,6,0,0,6,36
2020-10-19,US,Missouri,Jefferson,5174,77,0,38.25926778,-90.53870896,29099.0,2298.7280134707057,1.4882102821801315,5097,5132,77,0,5055,5081,224347,42,0,0,42,51
2020-10-19,US,Missouri,Johnson,1402,11,0,38.74719601,-93.80691168,29101.0,2593.3187821390256,0.7845934379457917,1391,1399,11,0,1388,1387,53652,3,0,0,3,12
2020-10-19,US,Missouri,Kansas City,13733,164,0,39.0997,-94.5786,0.0,2808.7118539379844,1.1942037428092915,13569,13614,163,0,13451,13499,491918,119,1,0,118,115
2020-10-19,US,Missouri,Knox,59,1,0,40.12699751,-92.14780832,29103.0,1490.2753220510226,1.6949152542372878,58,59,1,0,58,59,3947,0,0,0,0,0
2020-10-19,US,Missouri,Laclede,1077,18,0,37.65896829,-92.5888493,29105.0,3014.8643730929653,1.6713091922005572,1059,1067,18,0,1049,1045,35713,10,0,0,10,22
2020-10-19,US,Missouri,Lafayette,738,24,0,39.06986886,-93.78076396,29107.0,2256.3287269169628,3.2520325203252027,714,738,24,0,714,733,32598,0,0,0,0,5
2020-10-19,US,Missouri,Lawrence,974,14,0,37.10626634,-93.83293097,29109.0,2539.434232824925,1.4373716632443532,960,957,14,0,943,944,38359,17,0,0,17,13
2020-10-19,US,Missouri,Lewis,171,2,0,40.09673161,-91.72070156,29111.0,1749.1816693944354,1.1695906432748535,169,169,2,0,167,166,9855,2,0,0,2,3
2020-10-19,US,Missouri,Lincoln,1064,5,0,39.05345619,-90.95588181,29113.0,1802.9925609611441,0.4699248120300752,1059,1049,5,0,1044,1034,57686,15,0,0,15,15
2020-10-19,US,Missouri,Linn,152,2,0,39.87001769,-93.10704106,29115.0,1275.1677852348994,1.3157894736842106,150,152,2,0,150,150,12037,0,0,0,0,2
2020-10-19,US,Missouri,Livingston,542,6,0,39.78110272,-93.54645978,29117.0,3559.4667367176726,1.1070110701107012,536,542,6,0,536,536,15146,0,0,0,0,6
2020-10-19,US,Missouri,Macon,197,1,0,39.83049768,-92.56453089,29121.0,1303.1686181120592,0.5076142131979695,196,194,1,0,193,191,15153,3,0,0,3,3
2020-10-19,US,Missouri,Madison,433,2,0,37.47865134,-90.34671429999999,29123.0,3582.0648577101256,0.4618937644341801,431,428,2,0,426,425,12188,5,0,0,5,3
2020-10-19,US,Missouri,Maries,140,0,0,38.16193985,-91.92249662,29125.0,1609.7504886742554,0.0,140,139,0,0,139,130,8769,1,0,0,1,9
2020-10-19,US,Missouri,Marion,822,14,0,39.80601912,-91.62203062,29127.0,2881.1777076761305,1.70316301703163,808,813,14,0,799,804,28592,9,0,0,9,9
2020-10-19,US,Missouri,McDonald,1189,11,0,36.62869595,-94.34867205,29119.0,5206.463195691203,0.9251471825063078,1178,1183,11,0,1172,1174,23078,6,0,0,6,9
2020-10-19,US,Missouri,Mercer,31,0,0,40.42212303,-93.56829590000001,29129.0,857.0638650815595,0.0,31,31,0,0,31,31,3641,0,0,0,0,0
2020-10-19,US,Missouri,Miller,777,5,0,38.21450288,-92.42610898,29131.0,3032.90526562317,0.6435006435006435,772,749,5,0,744,734,25336,28,0,0,28,15
2020-10-19,US,Missouri,Mississippi,390,5,0,36.82516239,-89.29505753,29133.0,2959.028831562974,1.2820512820512822,385,381,5,0,376,376,13336,9,0,0,9,5
2020-10-19,US,Missouri,Moniteau,492,7,0,38.63571781,-92.57976951,29135.0,3049.8388296553435,1.4227642276422765,485,486,7,0,479,473,16121,6,0,0,6,13
2020-10-19,US,Missouri,Monroe,132,1,0,39.49593978,-92.00043978,29137.0,1527.0708005552985,0.7575757575757576,131,125,1,0,124,124,8664,7,0,0,7,1
2020-10-19,US,Missouri,Montgomery,110,1,0,38.94022054,-91.47000721,29139.0,952.2985022941735,0.9090909090909092,109,109,1,0,108,105,11534,1,0,0,1,4
2020-10-19,US,Missouri,Morgan,584,6,0,38.4181765,-92.88791859,29141.0,2831.240606971445,1.0273972602739727,578,571,6,0,565,559,20358,13,0,0,13,12
2020-10-19,US,Missouri,New Madrid,703,20,0,36.59666326,-89.66070007,29143.0,4116.889201218084,2.8449502133712663,683,695,20,0,675,688,17296,8,0,0,8,7
2020-10-19,US,Missouri,Newton,1890,17,0,36.90519407,-94.3394104,29145.0,3245.4152070883997,0.8994708994708994,1873,1887,17,0,1870,1876,58266,3,0,0,3,11
2020-10-19,US,Missouri,Nodaway,1017,10,0,40.36079813,-94.88133008,29147.0,4603.476371537208,0.983284169124877,1007,1017,10,0,1007,987,22304,0,0,0,0,30
2020-10-19,US,Missouri,Oregon,212,0,0,36.68710164,-91.4033755,29149.0,2013.486560926964,0.0,212,209,0,0,209,207,10541,3,0,0,3,2
2020-10-19,US,Missouri,Osage,413,3,0,38.46036182,-91.8613635,29151.0,3033.419023136247,0.7263922518159807,410,397,3,0,394,386,13714,16,0,0,16,11
2020-10-19,US,Missouri,Ozark,175,1,0,36.64916339,-92.44459066,29153.0,1907.564857205145,0.5714285714285714,174,175,1,0,174,170,9017,0,0,0,0,5
2020-10-19,US,Missouri,Pemiscot,674,12,0,36.2130572,-89.78742322,29155.0,4264.473267953179,1.7804154302670625,662,667,12,0,655,662,16272,7,0,0,7,5
2020-10-19,US,Missouri,Perry,755,7,0,37.70660776,-89.82741088,29157.0,3945.4431438127085,0.9271523178807948,748,748,7,0,741,744,19150,7,0,0,7,4
2020-10-19,US,Missouri,Pettis,1432,14,0,38.72798918,-93.28471706,29159.0,3382.2244266515504,0.9776536312849162,1418,1411,14,0,1397,1383,42542,21,0,0,21,28
2020-10-19,US,Missouri,Phelps,765,19,0,37.87736118,-91.79351727,29161.0,1716.2856437753796,2.4836601307189543,746,759,19,0,740,741,44732,6,0,0,6,18
2020-10-19,US,Missouri,Pike,305,8,0,39.34310674,-91.16980779,29163.0,1666.4845372090479,2.622950819672131,297,302,8,0,294,291,18504,3,0,0,3,11
2020-10-19,US,Missouri,Platte,909,12,0,39.38154439,-94.77068479,29165.0,870.5395621444577,1.32013201320132,897,903,12,0,891,888,102985,6,0,0,6,15
2020-10-19,US,Missouri,Polk,875,8,0,37.616229600000004,-93.39828174,29167.0,2721.7020747146107,0.9142857142857144,867,866,8,0,858,858,32201,9,0,0,9,8
2020-10-19,US,Missouri,Pulaski,894,9,0,37.82462075,-92.20783203,29169.0,1699.3936168190546,1.0067114093959733,885,891,8,0,883,875,52014,3,1,0,2,16
2020-10-19,US,Missouri,Putnam,48,1,0,40.47942497,-93.02042674,29171.0,1022.1465076660988,2.083333333333333,47,48,1,0,47,48,4757,0,0,0,0,0
2020-10-19,US,Missouri,Ralls,190,0,0,39.52817427,-91.51838643,29173.0,1843.0497623435833,0.0,190,184,0,0,184,183,10212,6,0,0,6,1
2020-10-19,US,Missouri,Randolph,503,3,0,39.44007257,-92.49713740000001,29175.0,2032.487473735252,0.5964214711729622,500,493,3,0,490,481,24763,10,0,0,10,12
2020-10-19,US,Missouri,Ray,236,2,0,39.353746799999996,-93.98905745,29177.0,1025.2845599096358,0.8474576271186439,234,233,2,0,231,233,22883,3,0,0,3,0
2020-10-19,US,Missouri,Reynolds,60,0,0,37.36085952,-90.97009925,29179.0,956.9377990430625,0.0,60,57,0,0,57,54,6254,3,0,0,3,3
2020-10-19,US,Missouri,Ripley,222,4,0,36.65460667,-90.85990261,29181.0,1670.6803130644196,1.8018018018018016,218,215,4,0,211,209,13401,7,0,0,7,6
2020-10-19,US,Missouri,Saline,895,9,0,39.13734288,-93.20259964,29195.0,3932.1646676332316,1.005586592178771,886,891,9,0,882,880,22895,4,0,0,4,11
2020-10-19,US,Missouri,Schuyler,35,0,0,40.46921489,-92.52311943,29197.0,751.0729613733905,0.0,35,35,0,0,35,35,4599,0,0,0,0,0
2020-10-19,US,Missouri,Scotland,63,1,0,40.45214695,-92.14709064,29199.0,1285.1897184822521,1.5873015873015872,62,61,1,0,60,58,4966,2,0,0,2,3
2020-10-19,US,Missouri,Scott,1266,18,0,37.05588075,-89.56474493,29201.0,3307.210031347963,1.4218009478672986,1248,1244,18,0,1226,1224,38458,22,0,0,22,20
2020-10-19,US,Missouri,Shannon,200,3,0,37.15772072,-91.40190382,29203.0,2449.179524859172,1.5,197,196,3,0,193,185,8189,4,0,0,4,11
2020-10-19,US,Missouri,Shelby,97,1,0,39.79742518,-92.07634971,29205.0,1635.7504215851602,1.0309278350515465,96,96,1,0,95,92,6050,1,0,0,1,4
2020-10-19,US,Missouri,St. Charles,9738,141,0,38.77875681,-90.66662425,29183.0,2422.2554984553085,1.447935921133703,9597,9608,140,0,9468,9483,399182,130,1,0,129,125
2020-10-19,US,Missouri,St. Clair,107,1,0,38.03699437,-93.77631447,29185.0,1138.66127487496,0.9345794392523364,106,105,1,0,104,103,9395,2,0,0,2,2
2020-10-19,US,Missouri,St. Francois,2635,22,0,37.81214171,-90.47598685,29187.0,3920.2558952614745,0.8349146110056926,2613,2618,22,0,2596,2587,66692,17,0,0,17,31
2020-10-19,US,Missouri,St. Louis,28239,857,0,38.63770039999999,-90.4458375,29189.0,2840.3598855366854,3.034810014518928,27382,27900,857,0,27043,27603,996945,339,0,0,339,297
2020-10-19,US,Missouri,St. Louis City,7957,218,0,38.63555736,-90.24349225,29510.0,2647.25061215799,2.7397260273972597,7739,7891,218,0,7673,7854,302838,66,0,0,66,37
2020-10-19,US,Missouri,Ste. Genevieve,303,1,0,37.89090059,-90.1949941,29186.0,1693.3050184419358,0.33003300330033003,302,290,1,0,289,283,17888,13,0,0,13,7
2020-10-19,US,Missouri,Stoddard,761,15,0,36.85571651,-89.9444155,29207.0,2621.877691645133,1.9710906701708282,746,754,15,0,739,746,29206,7,0,0,7,8
2020-10-19,US,Missouri,Stone,637,7,0,36.75000327,-93.45256475,29209.0,1993.615423134702,1.0989010989010992,630,633,7,0,626,624,31749,4,0,0,4,9
2020-10-19,US,Missouri,Sullivan,277,1,0,40.2099105,-93.11150106,29211.0,4549.187058630317,0.36101083032490977,276,275,1,0,274,273,6221,2,0,0,2,2
2020-10-19,US,Missouri,Taney,1567,33,0,36.65465345,-93.04075153,29213.0,2801.8166213703335,2.1059349074664966,1534,1556,33,0,1523,1533,55852,11,0,0,11,23
2020-10-19,US,Missouri,Texas,530,3,0,37.31728859,-91.96564727,29215.0,2086.7784864949995,0.5660377358490566,527,517,3,0,514,513,25571,13,0,0,13,4
2020-10-19,US,Missouri,Vernon,291,3,0,37.8457799,-94.34127305,29217.0,1415.1631571268783,1.0309278350515465,288,288,3,0,285,283,20528,3,0,0,3,5
2020-10-19,US,Missouri,Warren,574,1,0,38.76529479,-91.16124662,29219.0,1610.1433420292294,0.17421602787456447,573,570,1,0,569,568,34711,4,0,0,4,2
2020-10-19,US,Missouri,Washington,601,16,0,37.96130078,-90.87948158,29221.0,2430.246663970885,2.6622296173044924,585,596,14,0,582,581,24943,5,2,0,3,15
2020-10-19,US,Missouri,Wayne,291,1,0,37.11303869,-90.46001416,29223.0,2260.545327429504,0.3436426116838488,290,290,1,0,289,289,13122,1,0,0,1,1
2020-10-19,US,Missouri,Webster,1047,8,0,37.2813734,-92.876329,29225.0,2644.473631036573,0.7640878701050621,1039,1039,8,0,1031,1021,39109,8,0,0,8,18
2020-10-19,US,Missouri,Worth,26,0,0,40.47945588,-94.42328751,29227.0,1291.6045702930949,0.0,26,26,0,0,26,26,2040,0,0,0,0,0
2020-10-19,US,Missouri,Wright,560,1,0,37.27029221,-92.46914488,29229.0,3061.9498058942536,0.17857142857142858,559,556,1,0,555,546,18378,4,0,0,4,10
2020-10-19,US,Montana,Beaverhead,233,1,0,45.13434354,-112.89846940000001,30001.0,2464.825981169999,0.4291845493562232,232,231,1,0,230,231,9404,2,0,0,2,0
2020-10-19,US,Montana,Big Horn,1129,33,0,45.42335905,-107.492347,30003.0,8476.612358285156,2.9229406554472983,1096,1129,33,0,1096,1111,13338,0,0,0,0,18
2020-10-19,US,Montana,Blaine,228,2,0,48.43175214,-108.9582723,30005.0,3412.6627750336766,0.8771929824561403,226,206,2,0,204,193,6807,22,0,0,22,13
2020-10-19,US,Montana,Broadwater,39,0,0,46.33277565,-111.49558130000001,30007.0,625.3006253006253,0.0,39,39,0,0,39,38,6085,0,0,0,0,1
2020-10-19,US,Montana,Carbon,200,0,0,45.22850116,-109.0274047,30009.0,1864.801864801865,0.0,200,199,0,0,199,195,10714,1,0,0,1,4
2020-10-19,US,Montana,Carter,32,0,0,45.5197966,-104.53955359999999,30011.0,2555.9105431309904,0.0,32,32,0,0,32,31,1238,0,0,0,0,1
2020-10-19,US,Montana,Cascade,1465,6,0,47.30797024,-111.3467922,30013.0,1800.5063540053586,0.4095563139931741,1459,1389,6,0,1383,1371,81643,76,0,0,76,18
2020-10-19,US,Montana,Chouteau,56,0,0,47.88084126,-110.4353362,30015.0,993.7888198757763,0.0,56,54,0,0,54,52,5745,2,0,0,2,2
2020-10-19,US,Montana,Custer,188,2,0,46.25319932,-105.57375259999998,30017.0,1648.8335379757934,1.0638297872340423,186,186,2,0,184,185,11586,2,0,0,2,1
2020-10-19,US,Montana,Daniels,16,0,0,48.78420029,-105.54763429999998,30019.0,946.7455621301776,0.0,16,15,0,0,15,15,1747,1,0,0,1,0
2020-10-19,US,Montana,Dawson,162,1,0,47.26584855,-104.89444170000002,30021.0,1880.8777429467084,0.6172839506172839,161,159,1,0,158,157,8680,3,0,0,3,2
2020-10-19,US,Montana,Deer Lodge,335,0,0,46.05953325,-113.073353,30023.0,3665.2078774617066,0.0,335,335,0,0,335,320,9131,0,0,0,0,15
2020-10-19,US,Montana,Fallon,32,0,0,46.33478338,-104.41835649999999,30025.0,1124.3851018974,0.0,32,32,0,0,32,32,2920,0,0,0,0,0
2020-10-19,US,Montana,Fergus,166,2,0,47.26331584,-109.2245206,30027.0,1502.2624434389138,1.2048192771084338,164,163,2,0,161,151,11113,3,0,0,3,12
2020-10-19,US,Montana,Flathead,2535,23,0,48.29575866,-114.05205690000001,30029.0,2442.05537252182,0.9072978303747534,2512,2483,23,0,2460,2403,102106,52,0,0,52,80
2020-10-19,US,Montana,Gallatin,2283,5,0,45.54486106,-111.1692571,30031.0,1995.0364402188159,0.21901007446342527,2278,2240,5,0,2235,2183,111876,43,0,0,43,57
2020-10-19,US,Montana,Garfield,19,0,0,47.27545948,-107.0002351,30033.0,1510.3338632750394,0.0,19,19,0,0,19,19,1268,0,0,0,0,0
2020-10-19,US,Montana,Glacier,779,2,0,48.70513576,-112.9934235,30035.0,5664.218715916527,0.2567394094993581,777,777,2,0,775,777,13747,2,0,0,2,0
2020-10-19,US,Montana,Golden Valley,10,0,0,46.3816474,-109.17685220000001,30037.0,1218.026796589525,0.0,10,6,0,0,6,6,826,4,0,0,4,0
2020-10-19,US,Montana,Granite,52,0,0,46.40605220000001,-113.4414186,30039.0,1538.9168393015686,0.0,52,50,0,0,50,50,3378,2,0,0,2,0
2020-10-19,US,Montana,Hill,553,10,0,48.62879827,-110.1129252,30041.0,3354.7682601310357,1.8083182640144664,543,542,10,0,532,498,16347,11,0,0,11,44
2020-10-19,US,Montana,Jefferson,134,0,0,46.14907081,-112.094396,30043.0,1096.4732836920057,0.0,134,130,0,0,130,124,12097,4,0,0,4,6
2020-10-19,US,Montana,Judith Basin,15,0,0,47.04581276,-110.26606880000001,30045.0,747.3841554559042,0.0,15,14,0,0,14,12,1952,1,0,0,1,2
2020-10-19,US,Montana,Lake,451,1,0,47.64514965,-114.0898013,30047.0,1480.7275592619344,0.22172949002217296,450,427,1,0,426,425,30250,24,0,0,24,2
2020-10-19,US,Montana,Lewis and Clark,636,3,0,47.12610041,-112.39469799999999,30049.0,916.0041479433113,0.4716981132075472,633,606,3,0,603,573,68700,30,0,0,30,33
2020-10-19,US,Montana,Liberty,28,0,0,48.56084317,-111.02430700000001,30051.0,1198.117244330338,0.0,28,28,0,0,28,28,2430,0,0,0,0,0
2020-10-19,US,Montana,Lincoln,245,3,0,48.54265777,-115.4046155,30053.0,1226.2262262262261,1.2244897959183674,242,245,3,0,242,243,19794,0,0,0,0,2
2020-10-19,US,Montana,Madison,139,1,0,45.30080065,-111.9173017,30057.0,1616.2790697674418,0.7194244604316546,138,132,1,0,131,131,8768,7,0,0,7,1
2020-10-19,US,Montana,McCone,48,0,0,47.64469406,-105.79449939999999,30055.0,2884.615384615385,0.0,48,46,0,0,46,45,1675,2,0,0,2,1
2020-10-19,US,Montana,Meagher,51,2,0,46.59907074,-110.8898557,30059.0,2738.990332975296,3.92156862745098,49,49,2,0,47,49,1866,2,0,0,2,0
2020-10-19,US,Montana,Mineral,14,0,0,47.15283992,-115.00152390000001,30061.0,318.3989083466,0.0,14,13,0,0,13,13,4316,1,0,0,1,0
2020-10-19,US,Montana,Missoula,1643,7,0,47.03728583,-113.92135079999998,30063.0,1373.7458193979933,0.426049908703591,1636,1581,7,0,1574,1549,118791,62,0,0,62,32
2020-10-19,US,Montana,Musselshell,72,1,0,46.49684637,-108.39498,30065.0,1554.068638031513,1.3888888888888888,71,67,1,0,66,63,4651,5,0,0,5,4
2020-10-19,US,Montana,Park,187,0,0,45.48965095,-110.52643940000002,30067.0,1126.0990003613153,0.0,187,177,0,0,177,169,16736,10,0,0,10,8
2020-10-19,US,Montana,Petroleum,3,0,0,47.118246299999996,-108.2508876,30069.0,616.0164271047228,0.0,3,3,0,0,3,3,513,0,0,0,0,0
2020-10-19,US,Montana,Phillips,143,0,0,48.25936577,-107.9128511,30071.0,3616.590794132524,0.0,143,143,0,0,143,142,4074,0,0,0,0,1
2020-10-19,US,Montana,Pondera,133,1,0,48.22773388,-112.22527029999999,30073.0,2250.0422940280832,0.7518796992481203,132,133,1,0,132,133,5972,0,0,0,0,0
2020-10-19,US,Montana,Powder River,47,3,0,45.39617714,-105.636738,30075.0,2794.292508917955,6.382978723404255,44,47,3,0,44,47,1716,0,0,0,0,0
2020-10-19,US,Montana,Powell,43,0,0,46.85538891,-112.93591640000001,30077.0,624.0928882438318,0.0,43,37,0,0,37,37,6968,6,0,0,6,0
2020-10-19,US,Montana,Prairie,29,0,0,46.86048047,-105.379384,30079.0,2692.664809656453,0.0,29,29,0,0,29,29,1087,0,0,0,0,0
2020-10-19,US,Montana,Ravalli,342,4,0,46.08520862,-114.11891640000002,30081.0,780.714970551979,1.1695906432748535,338,329,4,0,325,316,43172,13,0,0,13,13
2020-10-19,US,Montana,Richland,224,2,0,47.78668011,-104.5610786,30083.0,2073.4981023789687,0.8928571428571429,222,208,2,0,206,194,10913,16,0,0,16,14
2020-10-19,US,Montana,Roosevelt,779,14,0,48.29607488,-105.00792679999999,30085.0,7079.24391130498,1.7971758664955069,765,768,14,0,754,762,11059,11,0,0,11,6
2020-10-19,US,Montana,Rosebud,731,20,0,46.23397237,-106.72928799999998,30087.0,8179.478572227818,2.735978112175103,711,726,20,0,706,723,9063,5,0,0,5,3
2020-10-19,US,Montana,Sanders,88,1,0,47.67657534,-115.1329916,30089.0,726.4921984644596,1.1363636363636365,87,82,1,0,81,82,11844,6,0,0,6,0
2020-10-19,US,Montana,Sheridan,46,0,0,48.72085833,-104.50382900000001,30091.0,1390.148080991236,0.0,46,46,0,0,46,42,3424,0,0,0,0,4
2020-10-19,US,Montana,Silver Bow,462,0,0,45.90018933,-112.6620092,30093.0,1323.213518545038,0.0,462,456,0,0,456,412,34993,6,0,0,6,44
2020-10-19,US,Montana,Stillwater,141,3,0,45.67071407,-109.3950061,30095.0,1462.352209085252,2.127659574468085,138,141,3,0,138,141,9534,0,0,0,0,0
2020-10-19,US,Montana,Sweet Grass,61,2,0,45.81367654,-109.9425686,30097.0,1632.3253947016324,3.278688524590164,59,58,2,0,56,58,3710,3,0,0,3,0
2020-10-19,US,Montana,Teton,74,0,0,47.83741052,-112.24106880000001,30099.0,1203.839271189198,0.0,74,74,0,0,74,71,6162,0,0,0,0,3
2020-10-19,US,Montana,Toole,301,6,0,48.65577551,-111.69424140000001,30101.0,6355.574324324324,1.9933554817275747,295,300,6,0,294,298,4853,1,0,0,1,2
2020-10-19,US,Montana,Treasure,11,0,0,46.20973220000001,-107.26665159999999,30103.0,1580.4597701149426,0.0,11,11,0,0,11,10,679,0,0,0,0,1
2020-10-19,US,Montana,Valley,280,2,0,48.36435097,-106.6669635,30105.0,3785.830178474851,0.7142857142857143,278,264,2,0,262,248,7437,16,0,0,16,16
2020-10-19,US,Montana,Wheatland,61,1,0,46.46652491,-109.84646359999999,30107.0,2869.2380056444026,1.639344262295082,60,60,1,0,59,58,2236,1,0,0,1,2
2020-10-19,US,Montana,Wibaux,37,0,0,46.95925154,-104.2510927,30109.0,3818.3694530443763,0.0,37,37,0,0,37,36,1034,0,0,0,0,1
2020-10-19,US,Montana,Yellowstone,5179,77,0,45.93955949,-108.26914860000001,30111.0,3210.787352758834,1.4867735083993048,5102,5068,77,0,4991,4941,160137,111,0,0,111,127
2020-10-19,US,Nebraska,Adams,733,13,0,40.52449420000001,-98.50117804,31001.0,2337.148869687211,1.7735334242837653,720,709,13,0,696,704,31511,24,0,0,24,5
2020-10-19,US,Nebraska,Antelope,139,1,0,42.17695516,-98.06662829999999,31003.0,2207.0498570974914,0.7194244604316546,138,139,1,0,138,135,6336,0,0,0,0,4
2020-10-19,US,Nebraska,Arthur,3,0,0,41.56896142,-101.6959559,31005.0,647.9481641468683,0.0,3,3,0,0,3,3,465,0,0,0,0,0
2020-10-19,US,Nebraska,Banner,2,0,0,41.54634427,-103.7114332,31007.0,268.4563758389262,0.0,2,2,0,0,2,2,730,0,0,0,0,0
2020-10-19,US,Nebraska,Blaine,3,0,0,41.91311716,-99.97677845,31009.0,645.1612903225806,0.0,3,3,0,0,3,3,476,0,0,0,0,0
2020-10-19,US,Nebraska,Boone,129,0,0,41.70759415,-98.06737183,31011.0,2484.591679506934,0.0,129,127,0,0,127,124,5239,2,0,0,2,3
2020-10-19,US,Nebraska,Box Butte,162,1,0,42.22079243,-103.08788340000001,31013.0,1502.3648335342664,0.6172839506172839,161,157,1,0,156,153,10772,5,0,0,5,4
2020-10-19,US,Nebraska,Boyd,49,0,0,42.899727399999996,-98.76486568,31015.0,2553.413236060448,0.0,49,49,0,0,49,49,1955,0,0,0,0,0
2020-10-19,US,Nebraska,Brown,65,0,0,42.43018907,-99.92904055,31017.0,2199.661590524535,0.0,65,65,0,0,65,65,2973,0,0,0,0,0
2020-10-19,US,Nebraska,Buffalo,1579,6,0,40.85486962,-99.07500296,31019.0,3179.685454801748,0.3799873337555415,1573,1574,6,0,1568,1546,49615,5,0,0,5,28
2020-10-19,US,Nebraska,Burt,101,1,0,41.85056773,-96.32605633,31021.0,1563.709552562316,0.99009900990099,100,100,1,0,99,100,6488,1,0,0,1,0
2020-10-19,US,Nebraska,Butler,224,1,0,41.22703692,-97.13106306,31023.0,2794.411177644711,0.44642857142857145,223,219,1,0,218,210,8058,5,0,0,5,9
2020-10-19,US,Nebraska,Cass,465,3,0,40.90899107,-96.13971217,31025.0,1771.5635476988723,0.6451612903225806,462,457,3,0,454,450,26159,8,0,0,8,7
2020-10-19,US,Nebraska,Cedar,131,0,0,42.598885100000004,-97.25311951,31027.0,1559.1525827184005,0.0,131,129,0,0,129,128,8446,2,0,0,2,1
2020-10-19,US,Nebraska,Chase,125,0,0,40.523719799999995,-101.69780259999999,31029.0,3185.5249745158007,0.0,125,120,0,0,120,116,3977,5,0,0,5,4
2020-10-19,US,Nebraska,Cherry,62,4,0,42.54502621,-101.1244332,31031.0,1089.8224644049922,6.451612903225807,58,62,4,0,58,62,5761,0,0,0,0,0
2020-10-19,US,Nebraska,Cheyenne,75,1,0,41.21999357,-102.9941693,31033.0,841.7508417508417,1.3333333333333333,74,74,1,0,73,69,9310,1,0,0,1,5
2020-10-19,US,Nebraska,Clay,130,0,0,40.52439441,-98.05126296,31035.0,2095.760116072868,0.0,130,122,0,0,122,122,6214,8,0,0,8,0
2020-10-19,US,Nebraska,Colfax,866,7,0,41.57486951,-97.0868542,31037.0,8086.656083667943,0.8083140877598153,859,864,6,0,858,856,10881,2,1,0,1,8
2020-10-19,US,Nebraska,Cuming,243,2,0,41.91637624,-96.78730772,31039.0,2747.004295726882,0.8230452674897121,241,239,2,0,237,234,8940,4,0,0,4,5
2020-10-19,US,Nebraska,Custer,175,4,0,41.39374521,-99.72805369,31041.0,1623.8285237078965,2.2857142857142856,171,172,4,0,168,169,10840,3,0,0,3,3
2020-10-19,US,Nebraska,Dakota,2463,44,0,42.39040144,-96.56656425,31043.0,12299.011285329072,1.7864393016646367,2419,2457,44,0,2413,2447,20083,6,0,0,6,10
2020-10-19,US,Nebraska,Dawes,196,0,0,42.71985036,-103.1313774,31045.0,2281.98859005705,0.0,196,191,0,0,191,188,8716,5,0,0,5,3
2020-10-19,US,Nebraska,Dawson,1202,14,0,40.87028216,-99.82014609999999,31047.0,5094.299639754186,1.1647254575707155,1188,1197,14,0,1183,1189,23709,5,0,0,5,8
2020-10-19,US,Nebraska,Deuel,7,0,0,41.11168186,-102.33333309999999,31049.0,390.1895206243032,0.0,7,7,0,0,7,7,1825,0,0,0,0,0
2020-10-19,US,Nebraska,Dixon,152,2,0,42.49188363,-96.86782408,31051.0,2696.94819020582,1.3157894736842106,150,150,2,0,148,148,5709,2,0,0,2,2
2020-10-19,US,Nebraska,Dodge,1489,16,0,41.58071748,-96.65598179,31053.0,4072.2001914399016,1.0745466756212223,1473,1471,16,0,1455,1453,36791,18,0,0,18,18
2020-10-19,US,Nebraska,Douglas,20314,214,0,41.29518299,-96.15085305,31055.0,3555.5820047013362,1.053460667519937,20100,20025,214,0,19811,19799,566880,289,0,0,289,226
2020-10-19,US,Nebraska,Dundy,18,1,0,40.17638677,-101.6876522,31057.0,1063.2014176018902,5.5555555555555545,17,16,1,0,15,16,1770,2,0,0,2,0
2020-10-19,US,Nebraska,Fillmore,79,1,0,40.52458567,-97.59646937,31059.0,1446.3566459172464,1.2658227848101269,78,76,1,0,75,74,5527,3,0,0,3,2
2020-10-19,US,Nebraska,Franklin,75,0,0,40.17636348,-98.95299073,31061.0,2517.6233635448143,0.0,75,72,0,0,72,70,3023,3,0,0,3,2
2020-10-19,US,Nebraska,Frontier,30,0,0,40.52993007,-100.3924658,31063.0,1141.9870574800152,0.0,30,25,0,0,25,25,2608,5,0,0,5,0
2020-10-19,US,Nebraska,Furnas,79,2,0,40.17642064,-99.91247454,31065.0,1689.4781864841746,2.5316455696202533,77,78,2,0,76,76,4715,1,0,0,1,2
2020-10-19,US,Nebraska,Gage,444,5,0,40.26186809,-96.68946704,31067.0,2063.8683586668526,1.1261261261261262,439,436,5,0,431,418,21493,8,0,0,8,18
2020-10-19,US,Nebraska,Garden,18,0,0,41.61703149,-102.3313973,31069.0,979.858464888405,0.0,18,17,0,0,17,17,1897,1,0,0,1,0
2020-10-19,US,Nebraska,Garfield,19,0,0,41.91428955,-98.99111827,31071.0,964.9568308786186,0.0,19,19,0,0,19,19,1987,0,0,0,0,0
2020-10-19,US,Nebraska,Gosper,54,0,0,40.51481965,-99.83020279,31073.0,2713.56783919598,0.0,54,54,0,0,54,54,1996,0,0,0,0,0
2020-10-19,US,Nebraska,Grant,4,0,0,41.91528587,-101.740701,31075.0,642.0545746388442,0.0,4,4,0,0,4,2,660,0,0,0,0,2
2020-10-19,US,Nebraska,Greeley,44,0,0,41.56742671,-98.52150266,31077.0,1867.572156196944,0.0,44,43,0,0,43,43,2356,1,0,0,1,0
2020-10-19,US,Nebraska,Hall,2424,49,0,40.87257079,-98.50218293,31079.0,3950.9070461102147,2.0214521452145213,2375,2415,48,0,2367,2393,61607,9,1,0,8,22
2020-10-19,US,Nebraska,Hamilton,213,12,0,40.87349452,-98.02099117,31081.0,2284.427284427285,5.633802816901407,201,212,12,0,200,211,9280,1,0,0,1,1
2020-10-19,US,Nebraska,Harlan,51,0,0,40.17658508,-99.40438879,31083.0,1508.8757396449705,0.0,51,49,0,0,49,46,3401,2,0,0,2,3
2020-10-19,US,Nebraska,Hayes,14,0,0,40.52451972,-101.0603568,31085.0,1518.4381778741863,0.0,14,14,0,0,14,13,916,0,0,0,0,1
2020-10-19,US,Nebraska,Hitchcock,31,0,0,40.17609175,-101.04164770000001,31087.0,1122.3750905141203,0.0,31,30,0,0,30,31,2806,1,0,0,1,-1
2020-10-19,US,Nebraska,Holt,228,1,0,42.45522056,-98.78402558,31089.0,2264.825668024237,0.43859649122807015,227,221,1,0,220,208,10178,7,0,0,7,13
2020-10-19,US,Nebraska,Hooker,20,1,0,41.91586243,-101.1354293,31091.0,2932.551319648094,5.0,19,19,1,0,18,19,682,1,0,0,1,0
2020-10-19,US,Nebraska,Howard,129,5,0,41.2200529,-98.5166499,31093.0,2001.5515903801402,3.875968992248062,124,126,5,0,121,124,6468,3,0,0,3,2
2020-10-19,US,Nebraska,Jefferson,74,0,0,40.17584531,-97.142601,31095.0,1050.2412716434856,0.0,74,70,0,0,70,67,7097,4,0,0,4,3
2020-10-19,US,Nebraska,Johnson,94,0,0,40.39257596,-96.26522753,31097.0,1853.6777755866688,0.0,94,93,0,0,93,93,5134,1,0,0,1,0
2020-10-19,US,Nebraska,Kearney,238,0,0,40.50663314,-98.94877182,31099.0,3664.3571978444957,0.0,238,236,0,0,236,232,6544,2,0,0,2,4
2020-10-19,US,Nebraska,Keith,86,0,0,41.19930341,-101.66201640000001,31101.0,1070.4505850136918,0.0,86,82,0,0,82,81,8021,4,0,0,4,1
2020-10-19,US,Nebraska,Keya Paha,8,0,0,42.87990694,-99.71343729,31103.0,992.5558312655087,0.0,8,8,0,0,8,8,810,0,0,0,0,0
2020-10-19,US,Nebraska,Kimball,37,0,0,41.19774275,-103.7148131,31105.0,1018.7224669603523,0.0,37,33,0,0,33,33,3618,4,0,0,4,0
2020-10-19,US,Nebraska,Knox,240,0,0,42.63758421,-97.89178836,31107.0,2880.4608737397984,0.0,240,238,0,0,238,238,8419,2,0,0,2,0
2020-10-19,US,Nebraska,Lancaster,8164,30,0,40.78416049,-96.68777155,31109.0,2558.525807765834,0.3674669279764821,8134,8059,30,0,8029,7966,317272,105,0,0,105,93
2020-10-19,US,Nebraska,Lincoln,682,7,0,41.04658298,-100.74753740000001,31111.0,1953.3711405166987,1.0263929618768328,675,668,4,0,664,646,35185,14,3,0,11,22
2020-10-19,US,Nebraska,Logan,8,0,0,41.56650314,-100.4817851,31113.0,1069.51871657754,0.0,8,8,0,0,8,8,749,0,0,0,0,0
2020-10-19,US,Nebraska,Loup,5,0,0,41.91371961,-99.45440415,31115.0,753.0120481927713,0.0,5,5,0,0,5,5,618,0,0,0,0,0
2020-10-19,US,Nebraska,Madison,1071,8,0,41.91676024,-97.6005481,31119.0,3051.368984871365,0.7469654528478058,1063,1060,8,0,1052,1044,35392,11,0,0,11,16
2020-10-19,US,Nebraska,McPherson,9,0,0,41.56797682,-101.05993620000001,31117.0,1821.8623481781376,0.0,9,9,0,0,9,9,492,0,0,0,0,0
2020-10-19,US,Nebraska,Merrick,122,1,0,41.16624273,-98.0374887,31121.0,1573.1785944551905,0.819672131147541,121,121,1,0,120,118,7733,1,0,0,1,3
2020-10-19,US,Nebraska,Morrill,95,0,0,41.71711774,-103.0061405,31123.0,2046.5316673847478,0.0,95,94,0,0,94,92,4686,1,0,0,1,2
2020-10-19,US,Nebraska,Nance,74,0,0,41.39750195,-97.99327291,31125.0,2102.8701335606706,0.0,74,73,0,0,73,72,3532,1,0,0,1,1
2020-10-19,US,Nebraska,Nemaha,159,0,0,40.38514847,-95.85433992,31127.0,2280.5507745266777,0.0,159,159,0,0,159,160,6958,0,0,0,0,-1
2020-10-19,US,Nebraska,Nuckolls,66,0,0,40.17637905,-98.04743961,31129.0,1591.1282545805207,0.0,66,65,0,0,65,63,4195,1,0,0,1,2
2020-10-19,US,Nebraska,Otoe,258,1,0,40.64843556,-96.13374142,31131.0,1611.2915313514866,0.3875968992248062,257,257,1,0,256,252,15985,1,0,0,1,5
2020-10-19,US,Nebraska,Pawnee,27,0,0,40.13141096,-96.23705437,31133.0,1033.2950631458093,0.0,27,27,0,0,27,26,2632,0,0,0,0,1
2020-10-19,US,Nebraska,Perkins,40,10,0,40.85082525,-101.6502942,31135.0,1383.6042891732966,25.0,30,39,10,0,29,39,2929,1,0,0,1,0
2020-10-19,US,Nebraska,Phelps,243,0,0,40.51156033,-99.41461667,31137.0,2689.8383883108263,0.0,243,236,0,0,236,237,8996,7,0,0,7,-1
2020-10-19,US,Nebraska,Pierce,159,8,0,42.26434853,-97.60122773,31139.0,2224.398433128148,5.031446540880503,151,154,8,0,146,153,7142,5,0,0,5,1
2020-10-19,US,Nebraska,Platte,1404,6,0,41.57246836,-97.52144359,31141.0,4194.801314610098,0.4273504273504273,1398,1399,5,0,1394,1371,33363,5,1,0,4,28
2020-10-19,US,Nebraska,Polk,173,2,0,41.18813488,-97.56630712,31143.0,3318.626510646461,1.1560693641618498,171,172,2,0,170,163,5278,1,0,0,1,9
2020-10-19,US,Nebraska,Red Willow,162,0,0,40.17556879999999,-100.476998,31145.0,1510.6303618052966,0.0,162,154,0,0,154,152,10726,8,0,0,8,2
2020-10-19,US,Nebraska,Richardson,86,2,0,40.1247415,-95.71755036,31147.0,1093.4520025429117,2.3255813953488373,84,83,2,0,81,82,7937,3,0,0,3,1
2020-10-19,US,Nebraska,Rock,52,1,0,42.42252217,-99.44832069,31149.0,3831.982313927782,1.9230769230769231,51,51,1,0,50,51,1360,1,0,0,1,0
2020-10-19,US,Nebraska,Saline,852,2,0,40.52418865,-97.14085859,31151.0,5989.876265466816,0.2347417840375587,850,850,2,0,848,841,14350,2,0,0,2,9
2020-10-19,US,Nebraska,Sarpy,5181,32,0,41.11314181,-96.11156432,31153.0,2767.6873437466606,0.6176413819725922,5149,5119,32,0,5087,5052,184459,62,0,0,62,67
2020-10-19,US,Nebraska,Saunders,615,4,0,41.227810299999994,-96.63773905,31155.0,2850.12512744462,0.6504065040650406,611,611,4,0,607,608,21303,4,0,0,4,3
2020-10-19,US,Nebraska,Scotts Bluff,532,8,0,41.85070896,-103.70809859999999,31157.0,1493.6268179010615,1.5037593984962403,524,528,8,0,520,513,35989,4,0,0,4,15
2020-10-19,US,Nebraska,Seward,311,3,0,40.87241834,-97.139673,31159.0,1799.3520018514237,0.964630225080386,308,308,3,0,305,298,17318,3,0,0,3,10
2020-10-19,US,Nebraska,Sheridan,107,0,0,42.50284406,-102.4126613,31161.0,2039.6492565764395,0.0,107,101,0,0,101,100,5190,6,0,0,6,1
2020-10-19,US,Nebraska,Sherman,35,3,0,41.22045983,-98.97588642,31163.0,1166.2779073642118,8.571428571428571,32,34,3,0,31,34,3038,1,0,0,1,0
2020-10-19,US,Nebraska,Sioux,12,0,0,42.48932059,-103.7576544,31165.0,1029.1595197255574,0.0,12,12,0,0,12,12,1187,0,0,0,0,0
2020-10-19,US,Nebraska,Stanton,61,0,0,41.9169835,-97.19394708,31167.0,1030.4054054054054,0.0,61,61,0,0,61,56,5970,0,0,0,0,5
2020-10-19,US,Nebraska,Thayer,49,0,0,40.17626377,-97.59504381,31169.0,979.4123525884468,0.0,49,46,0,0,46,45,5039,3,0,0,3,1
2020-10-19,US,Nebraska,Thomas,8,0,0,41.91358968,-100.5556632,31171.0,1108.03324099723,0.0,8,8,0,0,8,8,720,0,0,0,0,0
2020-10-19,US,Nebraska,Thurston,305,4,0,42.15725356,-96.54157099,31173.0,4222.037652270211,1.3114754098360657,301,302,4,0,298,300,7303,3,0,0,3,2
2020-10-19,US,Nebraska,Unassigned,412,1,0,0.0,0.0,90031.0,0.0,0.2427184466019417,411,404,1,0,403,405,,8,0,0,8,-1
2020-10-19,US,Nebraska,Valley,67,1,0,41.56730777,-98.98197724,31175.0,1611.3516113516116,1.492537313432836,66,65,1,0,64,64,4190,2,0,0,2,1
2020-10-19,US,Nebraska,Washington,416,7,0,41.52815707,-96.22019892,31177.0,2006.8503063341213,1.6826923076923077,409,409,7,0,402,403,20667,7,0,0,7,6
2020-10-19,US,Nebraska,Wayne,282,0,0,42.20934475,-97.11926964,31179.0,3004.7948854555143,0.0,282,280,0,0,280,279,9403,2,0,0,2,1
2020-10-19,US,Nebraska,Webster,88,0,0,40.17642643,-98.50019851,31181.0,2523.6593059936913,0.0,88,84,0,0,84,84,3533,4,0,0,4,0
2020-10-19,US,Nebraska,Wheeler,3,0,0,41.91482725,-98.52798941,31183.0,383.1417624521073,0.0,3,3,0,0,3,3,805,0,0,0,0,0
2020-10-19,US,Nebraska,York,387,2,0,40.87272618,-97.59710186,31185.0,2829.154177936984,0.5167958656330749,385,380,2,0,378,376,13772,7,0,0,7,4
2020-10-19,US,Nevada,Carson City,659,8,0,39.15509045,-119.7480219,32510.0,1178.5535446026179,1.2139605462822458,651,657,8,0,649,645,55414,2,0,0,2,12
2020-10-19,US,Nevada,Churchill,188,4,0,39.58105744,-118.3394607,32001.0,754.7472800995624,2.127659574468085,184,188,4,0,184,184,24440,0,0,0,0,4
2020-10-19,US,Nevada,Clark,75410,1470,0,36.21458855,-115.0130241,32003.0,3326.840824717708,1.9493435883835035,73940,74950,1469,0,73481,74544,2231647,460,1,0,459,406
2020-10-19,US,Nevada,Douglas,376,1,0,38.912862,-119.61713329999999,32005.0,768.8375421736017,0.26595744680851063,375,374,1,0,373,370,48467,2,0,0,2,4
2020-10-19,US,Nevada,Elko,1203,11,0,41.14531606,-115.3577619,32007.0,2279.358823752321,0.914380714879468,1192,1192,11,0,1181,1180,52460,11,0,0,11,12
2020-10-19,US,Nevada,Eureka,10,0,0,39.98100864,-116.26832040000001,32011.0,492.8536224741252,0.0,10,10,0,0,10,10,2003,0,0,0,0,0
2020-10-19,US,Nevada,Humboldt,150,4,0,41.40692186,-118.11094270000001,32013.0,891.2126433367001,2.6666666666666665,146,150,4,0,146,150,16786,0,0,0,0,0
2020-10-19,US,Nevada,Lander,90,2,0,39.933223299999995,-117.03970749999999,32015.0,1626.8980477223429,2.2222222222222223,88,90,2,0,88,89,5575,0,0,0,0,1
2020-10-19,US,Nevada,Lincoln,34,0,0,37.64268459,-114.8790388,32017.0,655.9907389542736,0.0,34,34,0,0,34,34,5201,0,0,0,0,0
2020-10-19,US,Nevada,Lyon,548,10,0,39.01777974,-119.18704790000001,32019.0,952.8777603894972,1.8248175182481752,538,546,10,0,536,541,55808,2,0,0,2,5
2020-10-19,US,Nevada,Mineral,14,0,0,38.53841696,-118.4344506,32021.0,310.7658157602664,0.0,14,14,0,0,14,14,4514,0,0,0,0,0
2020-10-19,US,Nevada,Nye,581,16,0,38.04264256,-116.47227020000001,32023.0,1248.8446574812458,2.753872633390705,565,573,16,0,557,572,45346,8,0,0,8,1
2020-10-19,US,Nevada,Pershing,23,0,0,40.44003782,-118.40056409999998,32027.0,342.00743494423784,0.0,23,23,0,0,23,23,6666,0,0,0,0,0
2020-10-19,US,Nevada,Storey,20,0,0,39.44875482,-119.5250207,32029.0,485.0836769342712,0.0,20,20,0,0,20,20,4029,0,0,0,0,0
2020-10-19,US,Nevada,Washoe,11444,185,0,40.66562265,-119.6631594,32031.0,2427.049599273836,1.6165676336945125,11259,11347,184,0,11163,11183,465735,97,1,0,96,164
2020-10-19,US,Nevada,White Pine,93,1,0,39.44157041,-114.89996599999999,32033.0,970.7724425887268,1.075268817204301,92,93,1,0,92,93,9475,0,0,0,0,0
2020-10-19,US,New Hampshire,Belknap,192,5,0,43.51637314,-71.41684235,33001.0,313.1983752834282,2.6041666666666665,187,188,5,0,183,188,61022,4,0,0,4,0
2020-10-19,US,New Hampshire,Carroll,135,2,0,43.87498583,-71.20430216,33003.0,276.0171744019628,1.4814814814814814,133,135,2,0,133,135,48779,0,0,0,0,0
2020-10-19,US,New Hampshire,Cheshire,174,3,0,42.92015988,-72.25311043,33005.0,228.69159492672668,1.7241379310344829,171,171,3,0,168,171,76493,3,0,0,3,0
2020-10-19,US,New Hampshire,Coos,34,0,0,44.69063265,-71.30633239,33007.0,107.72106580489815,0.0,34,31,0,0,31,31,31589,3,0,0,3,0
2020-10-19,US,New Hampshire,Grafton,183,1,0,43.93779815,-71.82057197,33009.0,203.59121553968362,0.5464480874316939,182,180,1,0,179,180,89786,3,0,0,3,0
2020-10-19,US,New Hampshire,Hillsborough,5139,311,0,42.91537785,-71.7200253,33011.0,1232.300221809244,6.051761043004476,4828,5085,311,0,4774,5085,415247,54,0,0,54,0
2020-10-19,US,New Hampshire,Merrimack,775,26,0,43.29662971,-71.6811573,33013.0,511.91946681110494,3.3548387096774195,749,755,24,0,731,755,151132,20,2,0,18,0
2020-10-19,US,New Hampshire,Rockingham,2382,105,0,42.98499744,-71.12883377,33015.0,768.9600960715889,4.408060453400504,2277,2356,105,0,2251,2356,309176,26,0,0,26,0
2020-10-19,US,New Hampshire,Strafford,650,14,0,43.291833000000004,-71.02336013,33017.0,497.57718187594253,2.1538461538461537,636,644,14,0,630,644,130090,6,0,0,6,0
2020-10-19,US,New Hampshire,Sullivan,68,1,0,43.36094111,-72.22203125,33019.0,157.60441292356185,1.4705882352941178,67,68,1,0,67,68,43144,0,0,0,0,0
2020-10-19,US,New Hampshire,Unassigned,14,0,0,0.0,0.0,90033.0,0.0,0.0,14,12,0,0,12,12,,2,0,0,2,0
2020-10-19,US,New Jersey,Atlantic,4753,264,0,39.47538693,-74.65848483,34001.0,1802.6320779762586,5.554386703134862,4489,4705,264,0,4441,4638,265429,48,0,0,48,67
2020-10-19,US,New Jersey,Bergen,23845,2051,0,40.96010917,-74.07164325,34003.0,2557.9219954473388,8.60138393793248,21794,23738,2050,0,21688,23639,936692,107,1,0,106,99
2020-10-19,US,New Jersey,Burlington,7885,507,0,39.87681124,-74.66927768,34005.0,1770.5215460234558,6.429930247305009,7378,7825,506,0,7319,7776,445384,60,1,0,59,49
2020-10-19,US,New Jersey,Camden,10908,618,0,39.80343818,-74.96388753,34007.0,2153.7264719993836,5.665566556655666,10290,10835,618,0,10217,10739,507078,73,0,0,73,96
2020-10-19,US,New Jersey,Cape May,1077,99,0,39.15008829,-74.80170244,34009.0,1170.1561294668566,9.192200557103064,978,1075,99,0,976,1072,92560,2,0,0,2,3
2020-10-19,US,New Jersey,Cumberland,3914,161,0,39.37199394,-75.10712559,34011.0,2617.587459121095,4.113438937148697,3753,3898,161,0,3737,3894,150972,16,0,0,16,4
2020-10-19,US,New Jersey,Essex,22625,2134,0,40.78681335,-74.24657979,34013.0,2831.753183766701,9.432044198895028,20491,22479,2134,0,20345,22345,799767,146,0,0,146,134
2020-10-19,US,New Jersey,Gloucester,5210,235,0,39.71581067,-75.13995546,34015.0,1786.4735492188888,4.510556621880999,4975,5179,235,0,4944,5142,291408,31,0,0,31,37
2020-10-19,US,New Jersey,Hudson,21810,1523,0,40.73766234,-74.07515667,34017.0,3243.648412902612,6.983035304906005,20287,21731,1523,0,20208,21604,676061,79,0,0,79,127
2020-10-19,US,New Jersey,Hunterdon,1494,126,0,40.56335249,-74.91284156,34019.0,1201.2446631449454,8.433734939759036,1368,1487,126,0,1361,1474,124714,7,0,0,7,13
2020-10-19,US,New Jersey,Mercer,8975,637,0,40.28047017,-74.70479631,34021.0,2442.642135917045,7.0974930362117,8338,8956,637,0,8319,8925,369811,19,0,0,19,31
2020-10-19,US,New Jersey,Middlesex,21043,1438,0,40.43629879,-74.41426991,34023.0,2550.4749946064653,6.833626384070713,19605,20930,1437,0,19493,20822,829685,113,1,0,112,108
2020-10-19,US,New Jersey,Monmouth,13395,868,0,40.26549699,-74.22240686,34025.0,2164.6910527719197,6.480029861888765,12527,13311,868,0,12443,13266,621354,84,0,0,84,45
2020-10-19,US,New Jersey,Morris,8475,832,0,40.86095313,-74.54553709999998,34027.0,1723.103823358985,9.817109144542775,7643,8430,832,0,7598,8337,494228,45,0,0,45,93
2020-10-19,US,New Jersey,Ocean,16107,1054,0,39.8895449,-74.28089251,34029.0,2652.729147246478,6.543738747128577,15053,15952,1054,0,14898,15832,601651,155,0,0,155,120
2020-10-19,US,New Jersey,Passaic,20028,1258,0,41.03238628,-74.29954144,34031.0,3991.024777512525,6.28120631116437,18770,19976,1259,0,18717,19914,503310,52,-1,0,53,62
2020-10-19,US,New Jersey,Salem,1143,88,0,39.58719656,-75.34696629999998,34033.0,1832.1711949987973,7.699037620297463,1055,1138,88,0,1050,1136,62607,5,0,0,5,2
2020-10-19,US,New Jersey,Somerset,6169,590,0,40.56465737,-74.61683016,34035.0,1875.4522183781546,9.563948776138757,5579,6142,589,0,5553,6110,331164,27,1,0,26,32
2020-10-19,US,New Jersey,Sussex,1623,197,0,41.13891592,-74.69118243,34037.0,1155.2588121405388,12.138016019716575,1426,1616,197,0,1419,1601,140799,7,0,0,7,15
2020-10-19,US,New Jersey,Unassigned,397,0,0,0.0,0.0,90034.0,0.0,0.0,397,28,0,0,28,368,,369,0,0,369,-340
2020-10-19,US,New Jersey,Union,18815,1363,0,40.65835409,-74.30680092,34039.0,3381.91864342193,7.244220037204357,17452,18709,1363,0,17346,18599,558067,106,0,0,106,110
2020-10-19,US,New Jersey,Warren,1514,171,0,40.85951833,-74.99556527,34041.0,1438.2475039661053,11.294583883751649,1343,1507,171,0,1336,1505,105779,7,0,0,7,2
2020-10-19,US,New Mexico,Bernalillo,9066,187,0,35.05163625,-106.6703554,35001.0,1334.9609274341392,2.0626516655636444,8879,8943,186,0,8757,8794,678701,123,1,0,122,149
2020-10-19,US,New Mexico,Catron,9,1,0,33.91514144,-108.4046587,35003.0,255.17436915225403,11.111111111111109,8,9,1,0,8,9,3578,0,0,0,0,0
2020-10-19,US,New Mexico,Chaves,1766,17,0,33.36406072,-104.4665365,35005.0,2733.111506616111,0.9626274065685164,1749,1737,17,0,1720,1710,64689,29,0,0,29,27
2020-10-19,US,New Mexico,Cibola,498,21,0,34.91131525,-107.998876,35006.0,1866.9165885660727,4.216867469879518,477,495,21,0,474,490,26746,3,0,0,3,5
2020-10-19,US,New Mexico,Colfax,41,1,0,36.60569702,-104.64726740000002,35007.0,343.3548279038607,2.4390243902439024,40,41,1,0,40,41,12110,0,0,0,0,0
2020-10-19,US,New Mexico,Curry,1293,8,0,34.57421077,-103.34688759999999,35009.0,2641.2550557666377,0.6187161639597835,1285,1274,8,0,1266,1265,49437,19,0,0,19,9
2020-10-19,US,New Mexico,De Baca,1,0,0,34.34274529,-104.4117842,35011.0,57.20823798627003,0.0,1,1,0,0,1,1,1781,0,0,0,0,0
2020-10-19,US,New Mexico,Dona Ana,4765,63,0,32.35275771,-106.83293870000001,35013.0,2183.82639382204,1.3221406086044072,4702,4663,63,0,4600,4596,217522,102,0,0,102,67
2020-10-19,US,New Mexico,Eddy,1193,17,0,32.47167456,-104.3053527,35015.0,2040.7115976736234,1.4249790444258172,1176,1173,17,0,1156,1161,57900,20,0,0,20,12
2020-10-19,US,New Mexico,Grant,168,2,0,32.73911281,-108.3827845,35017.0,622.2683161715682,1.1904761904761905,166,164,2,0,162,161,27346,4,0,0,4,3
2020-10-19,US,New Mexico,Guadalupe,37,1,0,34.86319296,-104.790669,35019.0,860.4651162790698,2.702702702702702,36,37,1,0,36,37,4341,0,0,0,0,0
2020-10-19,US,New Mexico,Harding,1,0,0,35.85751555,-103.82209379999999,35021.0,160.0,0.0,1,1,0,0,1,1,655,0,0,0,0,0
2020-10-19,US,New Mexico,Hidalgo,111,2,0,31.91383467,-108.7151824,35023.0,2644.1162458313484,1.8018018018018016,109,111,2,0,109,111,4240,0,0,0,0,0
2020-10-19,US,New Mexico,Lea,1837,28,0,32.79215361,-103.4123733,35025.0,2584.7755733783592,1.5242242787152966,1809,1808,28,0,1780,1782,69611,29,0,0,29,26
2020-10-19,US,New Mexico,Lincoln,307,4,0,33.74526079,-105.4586166,35027.0,1568.56734109953,1.3029315960912051,303,296,4,0,292,293,19556,11,0,0,11,3
2020-10-19,US,New Mexico,Los Alamos,38,0,0,35.86631386,-106.31349850000001,35028.0,196.18978780525586,0.0,38,38,0,0,38,37,19101,0,0,0,0,1
2020-10-19,US,New Mexico,Luna,631,10,0,32.18179341,-107.75088259999998,35029.0,2661.4365852629808,1.584786053882726,621,611,10,0,601,579,23963,20,0,0,20,32
2020-10-19,US,New Mexico,McKinley,4476,261,0,35.58007720000001,-108.262245,35031.0,6271.806297028038,5.831099195710457,4215,4467,261,0,4206,4461,72290,9,0,0,9,6
2020-10-19,US,New Mexico,Mora,14,0,0,36.01095101,-104.9497716,35033.0,309.66600309666,0.0,14,14,0,0,14,14,4506,0,0,0,0,0
2020-10-19,US,New Mexico,Otero,366,13,0,32.61348406,-105.7417604,35035.0,542.3025633427175,3.551912568306011,353,350,13,0,337,348,66781,16,0,0,16,2
2020-10-19,US,New Mexico,Quay,87,2,0,35.10403332,-103.54817270000001,35037.0,1054.162122864413,2.2988505747126435,85,86,2,0,84,86,8253,1,0,0,1,0
2020-10-19,US,New Mexico,Rio Arriba,454,15,0,36.51072137,-106.69316740000001,35039.0,1166.4654042804655,3.3039647577092515,439,443,15,0,428,438,39006,11,0,0,11,5
2020-10-19,US,New Mexico,Roosevelt,389,6,0,34.02097406,-103.4799493,35041.0,2102.7027027027025,1.5424164524421593,383,380,6,0,374,377,18743,9,0,0,9,3
2020-10-19,US,New Mexico,San Juan,3599,203,0,36.50838318,-108.32043700000001,35045.0,2903.4027654528145,5.640455682133927,3396,3583,203,0,3380,3575,125043,16,0,0,16,8
2020-10-19,US,New Mexico,San Miguel,147,0,0,35.48014807,-104.8163562,35047.0,538.9155698940499,0.0,147,143,0,0,143,139,27591,4,0,0,4,4
2020-10-19,US,New Mexico,Sandoval,1730,44,0,35.68862401,-106.86878030000001,35043.0,1178.8917055087634,2.543352601156069,1686,1719,44,0,1675,1688,145179,11,0,0,11,31
2020-10-19,US,New Mexico,Santa Fe,1379,9,0,35.50708973,-105.9774716,35049.0,917.1444153287488,0.6526468455402465,1370,1368,9,0,1359,1340,150056,11,0,0,11,28
2020-10-19,US,New Mexico,Sierra,75,1,0,33.13028233,-107.1925893,35051.0,695.0236308034473,1.3333333333333333,74,75,1,0,74,74,10968,0,0,0,0,1
2020-10-19,US,New Mexico,Socorro,183,8,0,34.00715494,-106.9298354,35053.0,1099.9579251066898,4.371584699453551,175,170,8,0,162,165,16735,13,0,0,13,5
2020-10-19,US,New Mexico,Taos,174,4,0,36.58006022,-105.63101979999999,35055.0,531.736087767014,2.2988505747126435,170,168,4,0,164,167,32835,6,0,0,6,1
2020-10-19,US,New Mexico,Torrance,93,1,0,34.64048375,-105.8508949,35057.0,601.5134855442727,1.075268817204301,92,93,1,0,92,93,15591,0,0,0,0,0
2020-10-19,US,New Mexico,Unassigned,1563,0,0,0.0,0.0,90035.0,0.0,0.0,1563,1535,0,0,1535,1532,,28,0,0,28,3
2020-10-19,US,New Mexico,Union,38,2,0,36.48126404,-103.4709624,35059.0,936.1911800936192,5.2631578947368425,36,38,2,0,36,38,4118,0,0,0,0,0
2020-10-19,US,New Mexico,Valencia,773,4,0,34.71669834,-106.8103733,35061.0,1007.9803880659294,0.517464424320828,769,754,4,0,750,740,76456,19,0,0,19,14
2020-10-19,US,New York,Albany,3427,136,0,42.60060306,-73.97723916,36001.0,1121.7455630985974,3.9684855558797785,3291,3416,136,0,3280,3398,307117,11,0,0,11,18
2020-10-19,US,New York,Allegany,212,1,0,42.25748406,-78.02750466,36003.0,459.9596450500098,0.4716981132075472,211,205,1,0,204,200,46430,7,0,0,7,5
2020-10-19,US,New York,Bronx,54472,4979,0,40.85209301,-73.86282755,36005.0,3840.9061582688564,9.140475840798944,49493,54409,4978,0,49431,54307,1432132,63,1,0,62,102
2020-10-19,US,New York,Broome,2927,83,0,42.15903158,-75.81326086,36007.0,1536.5797320566126,2.83566791937137,2844,2896,83,0,2813,2844,191659,31,0,0,31,52
2020-10-19,US,New York,Cattaraugus,406,6,0,42.24778241,-78.67923096,36009.0,533.3893873904647,1.477832512315271,400,403,6,0,397,399,76840,3,0,0,3,4
2020-10-19,US,New York,Cayuga,294,2,0,42.91261714,-76.55731592,36011.0,383.9323025491016,0.6802721088435374,292,289,2,0,287,284,77145,5,0,0,5,5
2020-10-19,US,New York,Chautauqua,799,13,0,42.22769210000001,-79.36691763,36013.0,629.6147451202887,1.6270337922403004,786,796,13,0,783,789,127939,3,0,0,3,7
2020-10-19,US,New York,Chemung,1292,3,0,42.13891056,-76.7638805,36015.0,1548.1211656441715,0.2321981424148607,1289,1244,3,0,1241,1199,84254,48,0,0,48,45
2020-10-19,US,New York,Chenango,330,7,0,42.49430041,-75.60887553,36017.0,699.0488698709938,2.121212121212121,323,313,7,0,306,304,47536,17,0,0,17,9
2020-10-19,US,New York,Clinton,199,5,0,44.74530905,-73.67875352,36019.0,247.25104056656517,2.512562814070352,194,197,5,0,192,192,80695,2,0,0,2,5
2020-10-19,US,New York,Columbia,651,38,0,42.24819348,-73.63089095,36021.0,1094.8352701770912,5.837173579109062,613,647,38,0,609,641,59916,4,0,0,4,6
2020-10-19,US,New York,Cortland,416,0,0,42.59509207,-76.07048931,36023.0,874.2985645530779,0.0,416,406,0,0,406,399,47823,10,0,0,10,7
2020-10-19,US,New York,Delaware,159,7,0,42.19837623,-74.96709306,36025.0,360.2582984026283,4.402515723270441,152,159,7,0,152,159,44527,0,0,0,0,0
2020-10-19,US,New York,Dutchess,5340,163,0,41.76486060000001,-73.74356679,36027.0,1814.9807285754105,3.052434456928839,5177,5328,163,0,5165,5318,293718,12,0,0,12,10
2020-10-19,US,New York,Erie,12468,708,0,42.76249024,-78.73063652,36029.0,1357.1321277193258,5.678537054860443,11760,12451,708,0,11743,12393,919719,17,0,0,17,58
2020-10-19,US,New York,Essex,194,0,0,44.11630765,-73.77297842,36031.0,525.9590619493019,0.0,194,192,0,0,192,190,37300,2,0,0,2,2
2020-10-19,US,New York,Franklin,77,0,0,44.59040891,-74.29926032,36033.0,153.93226980128745,0.0,77,77,0,0,77,77,50293,0,0,0,0,0
2020-10-19,US,New York,Fulton,359,24,0,43.11363907,-74.41798804,36035.0,672.4987355525168,6.685236768802228,335,359,24,0,335,358,53591,0,0,0,0,1
2020-10-19,US,New York,Genesee,371,5,0,43.0022601,-78.19135193,36037.0,647.6955307262571,1.3477088948787062,366,371,5,0,366,371,57511,0,0,0,0,0
2020-10-19,US,New York,Greene,474,18,0,42.275797,-74.12384884,36039.0,1004.4926676273628,3.79746835443038,456,472,18,0,454,465,47491,2,0,0,2,7
2020-10-19,US,New York,Hamilton,16,0,0,43.66146647,-74.49721957,36041.0,362.3188405797102,0.0,16,16,0,0,16,16,4434,0,0,0,0,0
2020-10-19,US,New York,Herkimer,370,10,0,43.42034246,-74.96145307,36043.0,603.4018819615453,2.702702702702702,360,370,10,0,360,368,61833,0,0,0,0,2
2020-10-19,US,New York,Jefferson,191,0,0,44.04200959,-75.94653457,36045.0,173.89879272356464,0.0,191,188,0,0,188,186,111755,3,0,0,3,2
2020-10-19,US,New York,Kings,73263,7372,0,40.636182500000004,-73.94935552,36047.0,2861.9443783612114,10.06237800799858,65891,73123,7370,0,65753,72894,2582830,140,2,0,138,229
2020-10-19,US,New York,Lewis,56,0,0,43.784415700000004,-75.44903992,36049.0,212.9601460298144,0.0,56,56,0,0,56,55,26447,0,0,0,0,1
2020-10-19,US,New York,Livingston,243,8,0,42.72596275,-77.77966158,36051.0,386.2415360651048,3.2921810699588483,235,239,8,0,231,239,63227,4,0,0,4,0
2020-10-19,US,New York,Madison,536,17,0,42.91653905,-75.67266639,36053.0,755.5574350516628,3.1716417910447765,519,533,17,0,516,531,70795,3,0,0,3,2
2020-10-19,US,New York,Monroe,6744,300,0,43.14638895,-77.69322942,36055.0,909.1766989767717,4.448398576512456,6444,6707,300,0,6407,6671,742474,37,0,0,37,36
2020-10-19,US,New York,Montgomery,255,4,0,42.90123494,-74.44011632,36057.0,518.0715548241603,1.568627450980392,251,254,4,0,250,254,49455,1,0,0,1,0
2020-10-19,US,New York,Nassau,48657,2204,0,40.74066522,-73.58941873,36059.0,3585.830893992589,4.5296668516349134,46453,48596,2204,0,46392,48494,1358343,61,0,0,61,102
2020-10-19,US,New York,New York,35054,3192,0,40.76727260000001,-73.97152637,36061.0,2152.2607517870015,9.105950818736806,31862,34991,3190,0,31801,34871,,63,2,0,61,120
2020-10-19,US,New York,Niagara,1961,101,0,43.19898042,-78.74777412,36063.0,937.0176939139244,5.150433452320245,1860,1958,101,0,1857,1946,210433,3,0,0,3,12
2020-10-19,US,New York,Oneida,2594,128,0,43.24375382,-75.43710392,36065.0,1134.3808353486013,4.934464148033925,2466,2593,128,0,2465,2586,229577,1,0,0,1,7
2020-10-19,US,New York,Onondaga,5021,207,0,43.00491923,-76.19971155,36067.0,1090.2702984400514,4.122684724158535,4814,5011,207,0,4804,4977,461809,10,0,0,10,34
2020-10-19,US,New York,Ontario,586,35,0,42.85145728,-77.30874425,36069.0,533.8094500669539,5.972696245733787,551,576,35,0,541,559,109864,10,0,0,10,17
2020-10-19,US,New York,Orange,13182,502,0,41.40337468,-74.30240757,36071.0,3424.429781264613,3.808223334850554,12680,13169,502,0,12667,13139,381951,13,0,0,13,30
2020-10-19,US,New York,Orleans,363,54,0,43.2516977,-78.2320066,36073.0,899.5836637589215,14.87603305785124,309,362,54,0,308,360,40612,1,0,0,1,2
2020-10-19,US,New York,Oswego,587,4,0,43.42778894,-76.14635194,36075.0,501.1782384481404,0.6814310051107325,583,584,4,0,580,582,117898,3,0,0,3,2
2020-10-19,US,New York,Otsego,367,5,0,42.63492579,-75.03151402,36077.0,616.8792967239842,1.3623978201634876,362,364,5,0,359,364,59749,3,0,0,3,0
2020-10-19,US,New York,Putnam,1739,63,0,41.42630093,-73.74965532,36079.0,1768.714401952807,3.6227717078780914,1676,1736,63,0,1673,1731,98892,3,0,0,3,5
2020-10-19,US,New York,Queens,75236,7288,0,40.71088124,-73.81684712,36081.0,3338.098496001079,9.68685203891754,67948,75109,7286,0,67823,74998,2278906,127,2,0,125,111
2020-10-19,US,New York,Rensselaer,1034,42,0,42.71348136,-73.51089874,36083.0,651.4863213075091,4.061895551257253,992,1027,42,0,985,1021,159442,7,0,0,7,6
2020-10-19,US,New York,Richmond,16746,1091,0,40.58582155,-74.14808598,36085.0,3517.010645961402,6.514988654006928,15655,16720,1091,0,15629,16670,476179,26,0,0,26,50
2020-10-19,US,New York,Rockland,17207,680,0,41.15027894,-74.02560498,36087.0,5281.639343255912,3.951880048817342,16527,17171,680,0,16491,17125,325695,36,0,0,36,46
2020-10-19,US,New York,Saratoga,1213,17,0,43.10904162,-73.86653895,36091.0,527.7056333555205,1.4014839241549877,1196,1207,17,0,1190,1202,230163,6,0,0,6,5
2020-10-19,US,New York,Schenectady,1507,50,0,42.81668777,-74.05278291,36093.0,970.3861583139619,3.3178500331785004,1457,1498,50,0,1448,1491,155350,9,0,0,9,7
2020-10-19,US,New York,Schoharie,100,0,0,42.58831742,-74.44339029999998,36095.0,322.5910513242363,0.0,100,100,0,0,100,100,31097,0,0,0,0,0
2020-10-19,US,New York,Schuyler,93,0,0,42.39184015,-76.8773299,36097.0,522.2665244005167,0.0,93,88,0,0,88,86,17912,5,0,0,5,2
2020-10-19,US,New York,Seneca,128,3,0,42.78081007,-76.82497064,36099.0,376.2935089369709,2.34375,125,127,3,0,124,126,34300,1,0,0,1,1
2020-10-19,US,New York,St. Lawrence,363,4,0,44.4976179,-75.06550039,36089.0,336.92222015964364,1.1019283746556474,359,358,4,0,354,355,108047,5,0,0,5,3
2020-10-19,US,New York,Steuben,873,57,0,42.2689144,-77.3829924,36101.0,915.2958198345548,6.529209621993128,816,857,57,0,800,847,95796,16,0,0,16,10
2020-10-19,US,New York,Suffolk,48080,2016,0,40.88320119,-72.8012172,36103.0,3256.126739721834,4.193011647254576,46064,48029,2016,0,46013,47941,1481093,51,0,0,51,88
2020-10-19,US,New York,Sullivan,1680,48,0,41.71579493,-74.76394559,36105.0,2227.1714922049,2.8571428571428568,1632,1675,48,0,1627,1674,75498,5,0,0,5,1
2020-10-19,US,New York,Tioga,448,25,0,42.16852837,-76.30835812,36107.0,929.4027342696512,5.580357142857144,423,435,25,0,410,424,48560,13,0,0,13,11
2020-10-19,US,New York,Tompkins,548,0,0,42.44945765,-76.47229843,36109.0,536.308475239773,0.0,548,540,0,0,540,534,102793,8,0,0,8,6
2020-10-19,US,New York,Ulster,2415,95,0,41.89027881,-74.26252104,36111.0,1360.0040546704736,3.9337474120082816,2320,2411,95,0,2316,2402,178599,4,0,0,4,9
2020-10-19,US,New York,Unassigned,0,22,0,0.0,0.0,90036.0,0.0,0.0,-22,0,20,0,-20,0,,0,2,0,-2,0
2020-10-19,US,New York,Warren,438,33,0,43.56173026,-73.8433699,36113.0,684.9743525584888,7.534246575342466,405,438,33,0,405,437,64265,0,0,0,0,1
2020-10-19,US,New York,Washington,326,14,0,43.31153794,-73.43043448,36115.0,532.6449251682898,4.294478527607362,312,326,14,0,312,326,61197,0,0,0,0,0
2020-10-19,US,New York,Wayne,383,5,0,43.15494365,-77.02976528,36117.0,425.94363753642205,1.3054830287206267,378,379,5,0,374,377,90064,4,0,0,4,2
2020-10-19,US,New York,Westchester,39548,1460,0,41.16278376,-73.75741653,36119.0,4087.623229209948,3.691716395266512,38088,39476,1460,0,38016,39398,967612,72,0,0,72,78
2020-10-19,US,New York,Wyoming,167,5,0,42.70145109,-78.22199579,36121.0,418.9768935497629,2.9940119760479043,162,166,5,0,161,163,40085,1,0,0,1,3
2020-10-19,US,New York,Yates,94,7,0,42.63505484,-77.10369919,36123.0,377.31304941195367,7.446808510638298,87,88,7,0,81,84,24841,6,0,0,6,4
2020-10-19,US,North Carolina,Alamance,4815,68,0,36.0434701,-79.39976137,37001.0,2840.5571385590147,1.4122533748701973,4747,4790,66,0,4724,4757,166436,25,2,0,23,33
2020-10-19,US,North Carolina,Alexander,706,9,0,35.922379600000006,-81.17751948,37003.0,1882.8172920500306,1.274787535410765,697,698,9,0,689,671,37353,8,0,0,8,27
2020-10-19,US,North Carolina,Alleghany,269,1,0,36.49360862,-81.12857041,37005.0,2415.3721828140438,0.3717472118959108,268,265,1,0,264,264,11161,4,0,0,4,1
2020-10-19,US,North Carolina,Anson,696,8,0,34.97403241,-80.09953279,37007.0,2847.091548719627,1.1494252873563218,688,694,8,0,686,689,24877,2,0,0,2,5
2020-10-19,US,North Carolina,Ashe,367,1,0,36.43296207,-81.49862729,37009.0,1349.1159063338605,0.2724795640326976,366,366,1,0,365,364,27109,1,0,0,1,2
2020-10-19,US,North Carolina,Avery,574,0,0,36.07569796,-81.92308483,37011.0,3269.3512559093238,0.0,574,570,0,0,570,526,17505,4,0,0,4,44
2020-10-19,US,North Carolina,Beaufort,1254,35,0,35.48531943,-76.84325809,37013.0,2668.425756479551,2.7910685805422646,1219,1251,35,0,1216,1220,47079,3,0,0,3,31
2020-10-19,US,North Carolina,Bertie,692,13,0,36.0688473,-76.96545943,37015.0,3652.2932390352034,1.8786127167630056,679,692,13,0,679,684,19026,0,0,0,0,8
2020-10-19,US,North Carolina,Bladen,1042,19,0,34.61296243,-78.56180059,37017.0,3184.401931422285,1.8234165067178505,1023,1035,19,0,1016,1030,33190,7,0,0,7,5
2020-10-19,US,North Carolina,Brunswick,2033,34,0,34.070565,-78.22814204,37019.0,1423.470102226579,1.6724053123462863,1999,2018,34,0,1984,2000,136744,15,0,0,15,18
2020-10-19,US,North Carolina,Buncombe,3784,94,0,35.61113393,-82.53305,37021.0,1448.7482340509437,2.4841437632135306,3690,3768,94,0,3674,3742,259103,16,0,0,16,26
2020-10-19,US,North Carolina,Burke,2503,46,0,35.74989637,-81.70755735,37023.0,2766.204343261314,1.8377946464242911,2457,2495,46,0,2449,2473,90382,8,0,0,8,22
2020-10-19,US,North Carolina,Cabarrus,4607,82,0,35.3877799,-80.55267168,37025.0,2128.406628690755,1.7799001519426958,4525,4587,82,0,4505,4555,211342,20,0,0,20,32
2020-10-19,US,North Carolina,Caldwell,2191,19,0,35.95204977,-81.54799522,37027.0,2666.1636934459343,0.8671839342765859,2172,2172,19,0,2153,2150,82029,19,0,0,19,22
2020-10-19,US,North Carolina,Camden,133,3,0,36.33804939,-76.15568396,37029.0,1223.8888377657127,2.255639097744361,130,133,3,0,130,131,10710,0,0,0,0,2
2020-10-19,US,North Carolina,Carteret,997,5,0,34.8932941,-76.54120135,37031.0,1435.0898910368055,0.5015045135406219,992,996,5,0,991,985,69524,1,0,0,1,11
2020-10-19,US,North Carolina,Caswell,569,5,0,36.39312665,-79.33353281,37033.0,2517.25358343656,0.8787346221441125,564,563,5,0,558,555,22698,6,0,0,6,8
2020-10-19,US,North Carolina,Catawba,3952,57,0,35.66211129,-81.2132617,37035.0,2476.950943585437,1.4423076923076923,3895,3923,57,0,3866,3894,158652,29,0,0,29,29
2020-10-19,US,North Carolina,Chatham,1865,60,0,35.70394416,-79.25541492,37037.0,2504.364173492681,3.2171581769437,1805,1860,60,0,1800,1852,73139,5,0,0,5,8
2020-10-19,US,North Carolina,Cherokee,733,12,0,35.1349263,-84.05970864,37039.0,2561.862155738851,1.6371077762619373,721,731,12,0,719,729,28383,2,0,0,2,2
2020-10-19,US,North Carolina,Chowan,491,10,0,36.12908077,-76.60118385,37041.0,3521.480312701714,2.0366598778004072,481,490,10,0,480,486,14029,1,0,0,1,4
2020-10-19,US,North Carolina,Clay,181,3,0,35.05704275,-83.74353633,37043.0,1611.6107203276645,1.6574585635359116,178,175,3,0,172,172,11139,6,0,0,6,3
2020-10-19,US,North Carolina,Cleveland,2864,76,0,35.33553364,-81.55204486,37045.0,2924.03034294057,2.653631284916201,2788,2849,76,0,2773,2820,97645,15,0,0,15,29
2020-10-19,US,North Carolina,Columbus,1583,59,0,34.26744084,-78.65801424,37047.0,2851.841176046696,3.7271004421983576,1524,1574,59,0,1515,1570,55655,9,0,0,9,4
2020-10-19,US,North Carolina,Craven,2122,50,0,35.11833364,-77.08398081,37049.0,2077.5609708338643,2.35626767200754,2072,2115,50,0,2065,2103,102912,7,0,0,7,12
2020-10-19,US,North Carolina,Cumberland,6548,91,0,35.04762133,-78.82623165,37051.0,1951.6615053545509,1.3897373243738549,6457,6530,91,0,6439,6482,332330,18,0,0,18,48
2020-10-19,US,North Carolina,Currituck,216,4,0,36.36123664,-75.95876401,37053.0,778.013903396607,1.851851851851852,212,216,4,0,212,215,27072,0,0,0,0,1
2020-10-19,US,North Carolina,Dare,337,3,0,35.66520691,-75.71767334,37055.0,910.5893161122972,0.8902077151335311,334,336,3,0,333,320,36501,1,0,0,1,16
2020-10-19,US,North Carolina,Davidson,3464,42,0,35.79115496,-80.21256572,37057.0,2066.7147945516053,1.2124711316397228,3422,3445,42,0,3403,3404,166614,19,0,0,19,41
2020-10-19,US,North Carolina,Davie,708,6,0,35.93099927,-80.54496571,37059.0,1652.4296317042429,0.8474576271186439,702,706,6,0,700,696,42733,2,0,0,2,10
2020-10-19,US,North Carolina,Duplin,2664,54,0,34.93449805,-77.93140529,37061.0,4535.162833455338,2.0270270270270268,2610,2672,54,0,2618,2671,58856,-8,0,0,-8,1
2020-10-19,US,North Carolina,Durham,8590,97,0,36.03638492,-78.87608331,37063.0,2671.950430498184,1.1292200232828868,8493,8567,97,0,8470,8508,316739,23,0,0,23,59
2020-10-19,US,North Carolina,Edgecombe,1803,52,0,35.91230639,-77.59436892,37065.0,3502.8753497046937,2.8840820854132003,1751,1797,52,0,1745,1768,52005,6,0,0,6,29
2020-10-19,US,North Carolina,Forsyth,8155,112,0,36.12859861,-80.25459052,37067.0,2133.1694110569065,1.3733905579399142,8043,8131,111,0,8020,8049,379099,24,1,0,23,82
2020-10-19,US,North Carolina,Franklin,1374,31,0,36.081519,-78.28708884,37069.0,1971.7299275310324,2.2561863173216885,1343,1373,31,0,1342,1367,67560,1,0,0,1,6
2020-10-19,US,North Carolina,Gaston,6721,104,0,35.29373559,-81.17477045,37071.0,2993.3772474825078,1.5473887814313343,6617,6684,104,0,6580,6558,222846,37,0,0,37,126
2020-10-19,US,North Carolina,Gates,162,3,0,36.44667547,-76.69749701,37073.0,1401.141670991178,1.851851851851852,159,161,3,0,158,160,11573,1,0,0,1,1
2020-10-19,US,North Carolina,Graham,232,7,0,35.3506925,-83.83369267,37075.0,2748.4895154602536,3.0172413793103448,225,232,7,0,225,231,8484,0,0,0,0,1
2020-10-19,US,North Carolina,Granville,1915,50,0,36.30337451,-78.65184241,37077.0,3168.2742418476914,2.610966057441253,1865,1909,50,0,1859,1894,60115,6,0,0,6,15
2020-10-19,US,North Carolina,Greene,854,12,0,35.48544173,-77.67578087,37079.0,4053.3485215245146,1.4051522248243558,842,843,12,0,831,845,21012,11,0,0,11,-2
2020-10-19,US,North Carolina,Guilford,10514,193,0,36.07959451,-79.78824948,37081.0,1957.2801364176223,1.8356477078181472,10321,10438,193,0,10245,10357,533670,76,0,0,76,81
2020-10-19,US,North Carolina,Halifax,1278,25,0,36.25669272,-77.6556109,37083.0,2555.488902219556,1.9561815336463224,1253,1272,25,0,1247,1245,50574,6,0,0,6,27
2020-10-19,US,North Carolina,Harnett,2717,66,0,35.36731853,-78.87243571,37085.0,1998.146731776196,2.42914979757085,2651,2704,66,0,2638,2683,134214,13,0,0,13,21
2020-10-19,US,North Carolina,Haywood,690,36,0,35.55269063,-82.98196486,37087.0,1107.2420045894378,5.217391304347826,654,691,36,0,655,684,61971,-1,0,0,-1,7
2020-10-19,US,North Carolina,Henderson,2346,64,0,35.33788927,-82.4766782,37089.0,1998.0071028897007,2.7280477408354646,2282,2341,64,0,2277,2332,116748,5,0,0,5,9
2020-10-19,US,North Carolina,Hertford,845,34,0,36.3607755,-76.98104134,37091.0,3568.8642986864893,4.023668639053255,811,845,34,0,811,838,23659,0,0,0,0,7
2020-10-19,US,North Carolina,Hoke,1460,22,0,35.01888303,-79.23651674,37093.0,2643.299417025745,1.5068493150684932,1438,1460,22,0,1438,1444,54764,0,0,0,0,16
2020-10-19,US,North Carolina,Hyde,174,5,0,35.42017674,-76.15180542,37095.0,3524.407534940248,2.8735632183908044,169,174,5,0,169,174,5230,0,0,0,0,0
2020-10-19,US,North Carolina,Iredell,3559,34,0,35.80950511,-80.8743128,37097.0,1957.5811579375816,0.9553245293621804,3525,3541,34,0,3507,3514,178435,18,0,0,18,27
2020-10-19,US,North Carolina,Jackson,853,7,0,35.28814273,-83.14093385,37099.0,1941.3719331785696,0.82063305978898,846,844,7,0,837,835,43327,9,0,0,9,9
2020-10-19,US,North Carolina,Johnston,5183,60,0,35.51745004,-78.36622717,37101.0,2475.88839155628,1.1576307158016592,5123,5150,60,0,5090,5125,202675,33,0,0,33,25
2020-10-19,US,North Carolina,Jones,174,15,0,35.02254606,-77.35870791,37103.0,1847.3298651661526,8.620689655172415,159,173,15,0,158,173,9637,1,0,0,1,0
2020-10-19,US,North Carolina,Lee,1959,16,0,35.47623147,-79.17569362,37105.0,3170.9804302432867,0.8167432363450741,1943,1952,16,0,1936,1937,61452,7,0,0,7,15
2020-10-19,US,North Carolina,Lenoir,1291,35,0,35.24032589999999,-77.64245615,37107.0,2307.4585783481384,2.7110766847405112,1256,1284,35,0,1249,1257,55976,7,0,0,7,27
2020-10-19,US,North Carolina,Lincoln,2164,16,0,35.48508185,-81.21740317,37109.0,2513.0355006909685,0.7393715341959335,2148,2150,16,0,2134,2122,83770,14,0,0,14,28
2020-10-19,US,North Carolina,Macon,704,7,0,35.14867843,-83.41696617,37113.0,1963.2996820793128,0.9943181818181818,697,703,7,0,696,701,35285,1,0,0,1,2
2020-10-19,US,North Carolina,Madison,154,1,0,35.85402722,-82.71346418,37115.0,707.8832452309814,0.6493506493506493,153,149,1,0,148,140,21763,5,0,0,5,9
2020-10-19,US,North Carolina,Martin,596,16,0,35.84326734,-77.10860251,37117.0,2655.9714795008913,2.684563758389262,580,594,16,0,578,589,22671,2,0,0,2,5
2020-10-19,US,North Carolina,McDowell,1215,31,0,35.67736232,-82.0482425,37111.0,2655.389457120377,2.551440329218107,1184,1207,31,0,1176,1199,45507,8,0,0,8,8
2020-10-19,US,North Carolina,Mecklenburg,31820,376,0,35.24469268,-80.8317671,37119.0,2865.747562043165,1.181646763042112,31444,31688,374,0,31314,31442,1093901,132,2,0,130,246
2020-10-19,US,North Carolina,Mitchell,189,4,0,36.01059309,-82.1582442,37121.0,1263.0312750601445,2.1164021164021163,185,187,4,0,183,186,15000,2,0,0,2,1
2020-10-19,US,North Carolina,Montgomery,1146,38,0,35.33155144,-79.90416657,37123.0,4217.4217053693,3.3158813263525304,1108,1142,38,0,1104,1134,27271,4,0,0,4,8
2020-10-19,US,North Carolina,Moore,2129,38,0,35.30885257,-79.48474178,37125.0,2110.4282315622518,1.7848755284170972,2091,2123,38,0,2085,2099,98682,6,0,0,6,24
2020-10-19,US,North Carolina,Nash,3123,60,0,35.96575634,-77.98422508,37127.0,3311.8411843305266,1.9212295869356388,3063,3101,60,0,3041,3063,94016,22,0,0,22,38
2020-10-19,US,North Carolina,New Hanover,4917,37,0,34.25758282,-77.87075626,37129.0,2097.0431563548896,0.7524913565182022,4880,4894,37,0,4857,4850,232274,23,0,0,23,44
2020-10-19,US,North Carolina,Northampton,526,18,0,36.41736238,-77.39769443,37131.0,2699.7895601293435,3.4220532319391634,508,524,18,0,506,516,19676,2,0,0,2,8
2020-10-19,US,North Carolina,Onslow,2951,26,0,34.72607366,-77.42908179,37133.0,1490.8708787600158,0.8810572687224669,2925,2939,26,0,2913,2918,197683,12,0,0,12,21
2020-10-19,US,North Carolina,Orange,2953,58,0,36.06092947,-79.12167935,37135.0,1988.873622673025,1.9641043007111407,2895,2938,58,0,2880,2913,146027,15,0,0,15,25
2020-10-19,US,North Carolina,Pamlico,300,2,0,35.15253315,-76.66559823,37137.0,2357.378595002357,0.6666666666666666,298,300,2,0,298,298,12670,0,0,0,0,2
2020-10-19,US,North Carolina,Pasquotank,823,33,0,36.26723798,-76.25134778,37139.0,2066.593009240659,4.0097205346294045,790,820,33,0,787,816,39639,3,0,0,3,4
2020-10-19,US,North Carolina,Pender,1193,8,0,34.52265624,-77.90352133,37141.0,1891.8490326673007,0.6705783738474435,1185,1186,8,0,1178,1179,62162,7,0,0,7,7
2020-10-19,US,North Carolina,Perquimans,230,3,0,36.17847453,-76.40603143,37143.0,1708.3859466686474,1.3043478260869563,227,229,3,0,226,223,13422,1,0,0,1,6
2020-10-19,US,North Carolina,Person,577,9,0,36.38989032,-78.97217358,37145.0,1461.1293998480628,1.5597920277296362,568,566,9,0,557,549,39507,11,0,0,11,17
2020-10-19,US,North Carolina,Pitt,5837,35,0,35.59535426,-77.37353178,37147.0,3229.465204545706,0.5996230940551653,5802,5828,35,0,5793,5772,179914,9,0,0,9,56
2020-10-19,US,North Carolina,Polk,376,11,0,35.27820615,-82.16812354,37149.0,1814.3215595444888,2.9255319148936163,365,374,11,0,363,372,20611,2,0,0,2,2
2020-10-19,US,North Carolina,Randolph,3493,57,0,35.71015088,-79.80570339,37151.0,2431.316864694049,1.6318350987689665,3436,3468,57,0,3411,3443,143351,25,0,0,25,25
2020-10-19,US,North Carolina,Richmond,1330,24,0,35.00417719,-79.74491009,37153.0,2966.8295076847576,1.8045112781954888,1306,1297,24,0,1273,1281,44887,33,0,0,33,16
2020-10-19,US,North Carolina,Robeson,5637,86,0,34.64244496,-79.10250529999998,37155.0,4315.406698564593,1.5256342025900302,5551,5618,86,0,5532,5559,131831,19,0,0,19,59
2020-10-19,US,North Carolina,Rockingham,1749,17,0,36.39593137,-79.77504841,37157.0,1921.766838808922,0.9719839908519152,1732,1736,17,0,1719,1690,90690,13,0,0,13,46
2020-10-19,US,North Carolina,Rowan,3927,110,0,35.64003916,-80.52446628,37159.0,2763.780192556725,2.8011204481792715,3817,3917,110,0,3807,3875,141262,10,0,0,10,42
2020-10-19,US,North Carolina,Rutherford,1601,46,0,35.40114178,-81.92112099,37161.0,2388.518402482508,2.873204247345409,1555,1592,46,0,1546,1548,66826,9,0,0,9,44
2020-10-19,US,North Carolina,Sampson,2548,28,0,34.98820368,-78.36914061,37163.0,4010.6404747288734,1.0989010989010992,2520,2546,28,0,2518,2536,63626,2,0,0,2,10
2020-10-19,US,North Carolina,Scotland,1541,22,0,34.8386299,-79.4757978,37165.0,4425.236194469173,1.427644386761843,1519,1537,22,0,1515,1508,34810,4,0,0,4,29
2020-10-19,US,North Carolina,Stanly,2370,57,0,35.31647813,-80.25093221,37167.0,3773.5248224691913,2.4050632911392404,2313,2358,57,0,2301,2341,62075,12,0,0,12,17
2020-10-19,US,North Carolina,Stokes,626,5,0,36.4017975,-80.23893369,37169.0,1373.0780197846066,0.7987220447284346,621,626,5,0,621,615,45467,0,0,0,0,11
2020-10-19,US,North Carolina,Surry,1636,26,0,36.41689489,-80.69102283,37171.0,2279.0911497151137,1.5892420537897312,1610,1610,26,0,1584,1599,71948,26,0,0,26,11
2020-10-19,US,North Carolina,Swain,223,3,0,35.48665845,-83.48748932,37173.0,1562.6094877724054,1.345291479820628,220,223,3,0,220,219,14245,0,0,0,0,4
2020-10-19,US,North Carolina,Transylvania,389,9,0,35.20383864,-82.79638423,37175.0,1131.307256070961,2.3136246786632397,380,390,9,0,381,386,34215,-1,0,0,-1,4
2020-10-19,US,North Carolina,Tyrrell,123,3,0,35.87147226,-76.17055253,37177.0,3062.7490039840636,2.4390243902439024,120,122,3,0,119,120,4131,1,0,0,1,2
2020-10-19,US,North Carolina,Union,5616,62,0,34.98960527,-80.52955873,37179.0,2341.3755581404075,1.103988603988604,5554,5586,62,0,5524,5556,235908,30,0,0,30,30
2020-10-19,US,North Carolina,Vance,1147,46,0,36.36880673,-78.40670845,37181.0,2575.5024138318176,4.010462074978204,1101,1147,46,0,1101,1139,44582,0,0,0,0,8
2020-10-19,US,North Carolina,Wake,19888,261,0,35.78879266,-78.65249174,37183.0,1788.8736877800175,1.3123491552695092,19627,19801,261,0,19540,19668,1092305,87,0,0,87,133
2020-10-19,US,North Carolina,Warren,402,7,0,36.39728256,-78.10652228,37185.0,2037.4030713091074,1.7412935323383083,395,402,7,0,395,390,19807,0,0,0,0,12
2020-10-19,US,North Carolina,Washington,236,8,0,35.83810081,-76.57299037,37187.0,2037.9965457685666,3.3898305084745757,228,237,8,0,229,237,11859,-1,0,0,-1,0
2020-10-19,US,North Carolina,Watauga,1306,2,0,36.23103603,-81.70033724,37189.0,2324.7948448653365,0.15313935681470134,1304,1302,2,0,1300,1288,55945,4,0,0,4,14
2020-10-19,US,North Carolina,Wayne,4190,77,0,35.36438125,-78.00027268,37191.0,3402.8798596616607,1.837708830548926,4113,4171,77,0,4094,4095,123248,19,0,0,19,76
2020-10-19,US,North Carolina,Wilkes,1566,36,0,36.2084135,-81.16232895,37193.0,2289.0720926153313,2.2988505747126435,1530,1553,36,0,1517,1543,68557,13,0,0,13,10
2020-10-19,US,North Carolina,Wilson,2719,62,0,35.70625477,-77.917978,37195.0,3323.9202454737715,2.280250091945568,2657,2699,62,0,2637,2670,81455,20,0,0,20,29
2020-10-19,US,North Carolina,Yadkin,906,9,0,36.16222629,-80.66239436,37197.0,2405.2884487747892,0.9933774834437086,897,899,9,0,890,894,37543,7,0,0,7,5
2020-10-19,US,North Carolina,Yancey,271,0,0,35.90079156,-82.31237181,37199.0,1499.8062980795835,0.0,271,268,0,0,268,256,17903,3,0,0,3,12
2020-10-19,US,North Dakota,Adams,59,0,0,46.09686891,-102.5285397,38001.0,2662.4548736462093,0.0,59,54,0,0,54,51,2294,5,0,0,5,3
2020-10-19,US,North Dakota,Barnes,300,1,0,46.93579637,-98.06605978,38003.0,2880.4608737397984,0.3333333333333333,299,297,1,0,296,290,10542,3,0,0,3,7
2020-10-19,US,North Dakota,Benson,456,8,0,48.0683985,-99.35916363,38005.0,6674.473067915691,1.7543859649122806,448,454,8,0,446,448,6962,2,0,0,2,6
2020-10-19,US,North Dakota,Billings,31,0,0,47.02366884,-103.3762965,38007.0,3340.5172413793102,0.0,31,31,0,0,31,31,919,0,0,0,0,0
2020-10-19,US,North Dakota,Bottineau,206,16,0,48.79106111,-100.8378166,38009.0,3279.210442534225,7.766990291262137,190,193,16,0,177,184,6411,13,0,0,13,9
2020-10-19,US,North Dakota,Bowman,103,2,0,46.11285362,-103.5203343,38011.0,3406.0846560846558,1.9417475728155342,101,100,2,0,98,96,3076,3,0,0,3,4
2020-10-19,US,North Dakota,Burke,46,1,0,48.79094471,-102.51821170000001,38013.0,2174.940898345153,2.1739130434782608,45,45,1,0,44,45,2100,1,0,0,1,0
2020-10-19,US,North Dakota,Burleigh,5591,72,0,46.97847375,-100.46452140000001,38015.0,5846.736243281116,1.2877839384725451,5519,5473,70,0,5403,5359,95273,118,2,0,116,114
2020-10-19,US,North Dakota,Cass,7753,79,0,46.93201724,-97.24447190000001,38017.0,4261.693133908302,1.0189604024248675,7674,7536,79,0,7457,7405,181516,217,0,0,217,131
2020-10-19,US,North Dakota,Cavalier,62,1,0,48.77286211,-98.46685243,38019.0,1648.059542796385,1.6129032258064515,61,61,1,0,60,60,3829,1,0,0,1,1
2020-10-19,US,North Dakota,Dickey,211,1,0,46.11017712,-98.50490079999999,38021.0,4330.870279146141,0.4739336492890995,210,202,1,0,201,196,4903,9,0,0,9,6
2020-10-19,US,North Dakota,Divide,41,1,0,48.814938700000006,-103.48736109999999,38023.0,1810.9540636042402,2.4390243902439024,40,41,1,0,40,41,2283,0,0,0,0,0
2020-10-19,US,North Dakota,Dunn,190,5,0,47.35423935,-102.61604679999999,38025.0,4294.755877034359,2.631578947368421,185,190,5,0,185,188,4332,0,0,0,0,2
2020-10-19,US,North Dakota,Eddy,156,3,0,47.71701474,-98.90432337,38027.0,6821.163095758637,1.9230769230769231,153,154,3,0,151,153,2313,2,0,0,2,1
2020-10-19,US,North Dakota,Emmons,271,7,0,46.28398398,-100.2389766,38029.0,8361.616784942917,2.5830258302583027,264,264,7,0,257,262,3295,7,0,0,7,2
2020-10-19,US,North Dakota,Foster,141,2,0,47.457108399999996,-98.88279923,38031.0,4392.523364485981,1.4184397163120568,139,139,2,0,137,133,3216,2,0,0,2,6
2020-10-19,US,North Dakota,Golden Valley,103,0,0,46.94022281,-103.8465421,38033.0,5848.949460533788,0.0,103,101,0,0,101,100,1769,2,0,0,2,1
2020-10-19,US,North Dakota,Grand Forks,3137,15,0,47.92093639,-97.45450447,38035.0,4516.853609019307,0.4781638508128786,3122,3099,15,0,3084,2985,70770,38,0,0,38,114
2020-10-19,US,North Dakota,Grant,57,2,0,46.35821257,-101.63900129999999,38037.0,2506.5963060686013,3.5087719298245608,55,56,2,0,54,55,2374,1,0,0,1,1
2020-10-19,US,North Dakota,Griggs,69,1,0,47.45785838,-98.23850925,38039.0,3092.7835051546394,1.4492753623188406,68,68,1,0,67,67,2232,1,0,0,1,1
2020-10-19,US,North Dakota,Hettinger,102,2,0,46.43375068,-102.4632417,38041.0,4081.632653061225,1.96078431372549,100,98,1,0,97,97,2514,4,1,0,3,1
2020-10-19,US,North Dakota,Kidder,76,1,0,46.97830064,-99.77507857,38043.0,3064.5161290322585,1.3157894736842106,75,75,1,0,74,73,2450,1,0,0,1,2
2020-10-19,US,North Dakota,LaMoure,175,3,0,46.45681054,-98.53542355,38045.0,4325.259515570934,1.7142857142857142,172,165,3,0,162,161,4062,10,0,0,10,4
2020-10-19,US,North Dakota,Logan,114,0,0,46.45729487,-99.47719806,38047.0,6162.162162162162,0.0,114,110,0,0,110,107,1903,4,0,0,4,3
2020-10-19,US,North Dakota,McHenry,144,12,0,48.23104458,-100.6324822,38049.0,2506.5274151436033,8.333333333333334,132,141,12,0,129,136,5816,3,0,0,3,5
2020-10-19,US,North Dakota,McIntosh,145,4,0,46.11182017,-99.44145858,38051.0,5806.968362034441,2.7586206896551726,141,142,4,0,138,141,2585,3,0,0,3,1
2020-10-19,US,North Dakota,McKenzie,433,4,0,47.74133370000001,-103.395905,38053.0,2882.055378061769,0.9237875288683602,429,425,4,0,421,414,13632,8,0,0,8,11
2020-10-19,US,North Dakota,McLean,443,7,0,47.60766714,-101.3182418,38055.0,4687.830687830688,1.580135440180587,436,431,7,0,424,423,9541,12,0,0,12,8
2020-10-19,US,North Dakota,Mercer,375,3,0,47.31213126,-101.8318399,38057.0,4580.432392817882,0.8,372,367,3,0,364,358,8267,8,0,0,8,9
2020-10-19,US,North Dakota,Morton,1934,48,0,46.71681782,-101.2822377,38059.0,6166.305318199209,2.4819027921406414,1886,1908,48,0,1860,1872,31095,26,0,0,26,36
2020-10-19,US,North Dakota,Mountrail,427,6,0,48.20197971,-102.3555315,38061.0,4049.312470365102,1.4051522248243558,421,416,6,0,410,401,10218,11,0,0,11,15
2020-10-19,US,North Dakota,Nelson,145,3,0,47.9226426,-98.19038437,38063.0,5036.470996873914,2.0689655172413794,142,143,3,0,140,138,2869,2,0,0,2,5
2020-10-19,US,North Dakota,Oliver,67,0,0,47.11530482,-101.3406158,38065.0,3420.112302194997,0.0,67,65,0,0,65,62,1952,2,0,0,2,3
2020-10-19,US,North Dakota,Pembina,169,0,0,48.76623521,-97.5523809,38067.0,2484.9286869578004,0.0,169,167,0,0,167,160,6947,2,0,0,2,7
2020-10-19,US,North Dakota,Pierce,57,0,0,48.24977025,-99.96407787,38069.0,1433.9622641509436,0.0,57,57,0,0,57,51,4081,0,0,0,0,6
2020-10-19,US,North Dakota,Ramsey,419,3,0,48.26886249,-98.72223879,38071.0,3637.4685302543626,0.7159904534606205,416,402,3,0,399,385,11481,17,0,0,17,17
2020-10-19,US,North Dakota,Ransom,131,0,0,46.45621782,-97.65742504,38073.0,2510.5404369490225,0.0,131,127,0,0,127,122,5237,4,0,0,4,5
2020-10-19,US,North Dakota,Renville,96,2,0,48.71982533,-101.6603912,38075.0,4125.483455092393,2.083333333333333,94,95,2,0,93,95,2374,1,0,0,1,0
2020-10-19,US,North Dakota,Richland,357,2,0,46.26440649,-96.94852979,38077.0,2206.8368671570747,0.5602240896358543,355,346,2,0,344,329,16239,11,0,0,11,17
2020-10-19,US,North Dakota,Rolette,280,7,0,48.77245354,-99.84097493,38079.0,1975.1693002257337,2.5,273,276,7,0,269,274,14301,4,0,0,4,2
2020-10-19,US,North Dakota,Sargent,112,2,0,46.10830372,-97.63217159,38081.0,2873.2683427398665,1.7857142857142858,110,112,2,0,110,105,3870,0,0,0,0,7
2020-10-19,US,North Dakota,Sheridan,37,1,0,47.57700669,-100.3426391,38083.0,2813.6882129277565,2.702702702702702,36,35,1,0,34,29,1349,2,0,0,2,6
2020-10-19,US,North Dakota,Sioux,214,4,0,46.11323337,-101.04401490000001,38085.0,5059.101654846336,1.8691588785046729,210,213,4,0,209,213,4358,1,0,0,1,0
2020-10-19,US,North Dakota,Slope,12,0,0,46.44737738,-103.4601547,38087.0,1600.0,0.0,12,12,0,0,12,12,763,0,0,0,0,0
2020-10-19,US,North Dakota,Stark,2189,29,0,46.80851182,-102.65763259999999,38089.0,6951.633903902951,1.3248058474189128,2160,2181,29,0,2152,2168,30997,8,0,0,8,13
2020-10-19,US,North Dakota,Steele,34,0,0,47.45611548,-97.72728747,38091.0,1798.9417989417987,0.0,34,34,0,0,34,34,1903,0,0,0,0,0
2020-10-19,US,North Dakota,Stutsman,702,5,0,46.97962541,-98.95637318,38093.0,3390.6491499227204,0.7122507122507122,697,692,5,0,687,680,20917,10,0,0,10,12
2020-10-19,US,North Dakota,Towner,75,2,0,48.68565745,-99.24564265,38095.0,3426.222019186843,2.6666666666666665,73,72,1,0,71,69,2192,3,1,0,2,3
2020-10-19,US,North Dakota,Traill,212,3,0,47.45367788,-97.16323288,38097.0,2638.128422100548,1.4150943396226414,209,208,3,0,205,204,8037,4,0,0,4,4
2020-10-19,US,North Dakota,Walsh,338,2,0,48.36876964,-97.72574783,38099.0,3176.393196128184,0.591715976331361,336,335,2,0,333,319,10667,3,0,0,3,16
2020-10-19,US,North Dakota,Ward,1961,24,0,48.22390169,-101.54367629999999,38101.0,2899.1292263567952,1.2238653748087711,1937,1900,24,0,1876,1821,67744,61,0,0,61,79
2020-10-19,US,North Dakota,Wells,78,0,0,47.58614526,-99.65904998,38103.0,2034.4287949921752,0.0,78,77,0,0,77,74,3957,1,0,0,1,3
2020-10-19,US,North Dakota,Williams,1601,12,0,48.34522353,-103.4793387,38105.0,4259.224773204926,0.749531542785759,1589,1593,12,0,1581,1585,35350,8,0,0,8,8
2020-10-19,US,Ohio,Adams,195,6,0,38.84541072,-83.4718964,39001.0,704.0219510433966,3.0769230769230766,189,193,6,0,187,187,27724,2,0,0,2,6
2020-10-19,US,Ohio,Allen,2013,73,0,40.77285242,-84.10802343,39003.0,1966.7614385790075,3.6264282165921515,1940,1958,73,0,1885,1940,102663,55,0,0,55,18
2020-10-19,US,Ohio,Ashland,371,5,0,40.84772277,-82.27280781,39005.0,693.6653952583949,1.3477088948787062,366,370,5,0,365,365,53745,1,0,0,1,5
2020-10-19,US,Ohio,Ashtabula,714,48,0,41.70860332,-80.74830218,39007.0,734.2581832766016,6.722689075630252,666,713,48,0,665,705,97493,1,0,0,1,8
2020-10-19,US,Ohio,Athens,1157,2,0,39.33425634,-82.04278644,39009.0,1771.0900546481546,0.17286084701815038,1155,1145,2,0,1143,1141,65818,12,0,0,12,4
2020-10-19,US,Ohio,Auglaize,936,16,0,40.55998859,-84.22421429999999,39011.0,2050.113895216401,1.709401709401709,920,927,16,0,911,899,45804,9,0,0,9,28
2020-10-19,US,Ohio,Belmont,771,27,0,40.01625942,-80.9924051,39013.0,1150.643225979763,3.5019455252918283,744,768,27,0,741,767,67505,3,0,0,3,1
2020-10-19,US,Ohio,Brown,360,3,0,38.93416837,-83.86788395,39015.0,828.8819303739177,0.8333333333333334,357,358,3,0,355,351,43602,2,0,0,2,7
2020-10-19,US,Ohio,Butler,7914,123,0,39.44012838,-84.57388716,39017.0,2065.5958489719,1.55420773313116,7791,7856,122,0,7734,7779,382378,58,1,0,57,77
2020-10-19,US,Ohio,Carroll,186,7,0,40.578968599999996,-81.09178213,39019.0,691.0901389611356,3.7634408602150535,179,188,7,0,181,184,27081,-2,0,0,-2,4
2020-10-19,US,Ohio,Champaign,379,3,0,40.13923427,-83.76875242,39021.0,974.6688954609747,0.7915567282321899,376,378,3,0,375,377,38754,1,0,0,1,1
2020-10-19,US,Ohio,Clark,2379,54,0,39.91592258,-83.78498252,39023.0,1774.2741436274546,2.269861286254729,2325,2316,54,0,2262,2296,134585,63,0,0,63,20
2020-10-19,US,Ohio,Clermont,2302,37,0,39.04847534,-84.15375786,39025.0,1115.1587962873257,1.6072980017376195,2265,2259,36,0,2223,2239,205466,43,1,0,42,20
2020-10-19,US,Ohio,Clinton,426,13,0,39.41485808,-83.80852286,39027.0,1015.059092642013,3.0516431924882634,413,420,13,0,407,410,42057,6,0,0,6,10
2020-10-19,US,Ohio,Columbiana,2096,87,0,40.76932373,-80.78094576,39029.0,2057.261761039624,4.150763358778626,2009,2078,87,0,1991,2071,102665,18,0,0,18,7
2020-10-19,US,Ohio,Coshocton,295,12,0,40.30096166,-81.91729018,39031.0,806.0109289617486,4.067796610169491,283,286,12,0,274,286,36629,9,0,0,9,0
2020-10-19,US,Ohio,Crawford,417,8,0,40.85065156,-82.91989099,39033.0,1004.9645731913048,1.9184652278177456,409,408,8,0,400,401,41550,9,0,0,9,7
2020-10-19,US,Ohio,Cuyahoga,19345,674,0,41.424119,-81.65918339,39035.0,1566.305446160224,3.4841044197467044,18671,19212,671,0,18541,19103,1243857,133,3,0,130,109
2020-10-19,US,Ohio,Darke,1099,50,0,40.13412966,-84.6194517,39037.0,2150.1379296852074,4.549590536851684,1049,1088,50,0,1038,1071,51323,11,0,0,11,17
2020-10-19,US,Ohio,Defiance,442,13,0,41.32398837,-84.49076944,39039.0,1160.5009583322396,2.9411764705882355,429,437,13,0,424,429,38165,5,0,0,5,8
2020-10-19,US,Ohio,Delaware,2784,27,0,40.27942393,-83.00457058,39041.0,1330.9302647996672,0.9698275862068966,2757,2759,27,0,2732,2741,204826,25,0,0,25,18
2020-10-19,US,Ohio,Erie,1134,53,0,41.36796058,-82.62904521,39043.0,1526.9436889020544,4.673721340388006,1081,1114,53,0,1061,1111,74615,20,0,0,20,3
2020-10-19,US,Ohio,Fairfield,2561,56,0,39.75107189,-82.63088163,39045.0,1625.2681279906585,2.1866458414681764,2505,2541,56,0,2485,2504,155782,20,0,0,20,37
2020-10-19,US,Ohio,Fayette,428,8,0,39.56021306,-83.4562016,39047.0,1500.4382120946539,1.8691588785046729,420,418,8,0,410,414,28666,10,0,0,10,4
2020-10-19,US,Ohio,Franklin,30777,635,0,39.96995815,-83.01115755,39049.0,2337.335087138392,2.0632290346687463,30142,30590,635,0,29955,30401,1310300,187,0,0,187,189
2020-10-19,US,Ohio,Fulton,489,6,0,41.60213491,-84.12571393,39051.0,1160.8033043725964,1.2269938650306749,483,472,6,0,466,461,42276,17,0,0,17,11
2020-10-19,US,Ohio,Gallia,274,13,0,38.82708533,-82.31647569,39053.0,916.4492608201216,4.744525547445256,261,274,13,0,261,272,29979,0,0,0,0,2
2020-10-19,US,Ohio,Geauga,825,50,0,41.49952319,-81.17935342,39055.0,880.9490758043332,6.0606060606060606,775,819,50,0,769,811,94031,6,0,0,6,8
2020-10-19,US,Ohio,Greene,2140,40,0,39.69116283,-83.89032084,39057.0,1266.744407678602,1.8691588785046729,2100,2108,40,0,2068,2070,167995,32,0,0,32,38
2020-10-19,US,Ohio,Guernsey,280,8,0,40.05026529,-81.49248905,39059.0,720.2572347266881,2.8571428571428568,272,268,8,0,260,261,39022,12,0,0,12,7
2020-10-19,US,Ohio,Hamilton,16016,338,0,39.19673558,-84.54502924,39061.0,1959.2084386884949,2.1103896103896105,15678,15890,338,0,15552,15762,816684,126,0,0,126,128
2020-10-19,US,Ohio,Hancock,995,21,0,41.00250487,-83.66838948,39063.0,1312.9593708351476,2.1105527638190957,974,975,20,0,955,967,75930,20,1,0,19,8
2020-10-19,US,Ohio,Hardin,314,13,0,40.66015414,-83.65929931,39065.0,1001.1158935118764,4.140127388535031,301,309,13,0,296,307,31480,5,0,0,5,2
2020-10-19,US,Ohio,Harrison,76,3,0,40.29380509,-81.09068544,39067.0,505.3191489361702,3.947368421052632,73,76,3,0,73,75,15174,0,0,0,0,1
2020-10-19,US,Ohio,Henry,449,17,0,41.333964200000004,-84.06830637,39069.0,1662.5934977412423,3.7861915367483294,432,442,17,0,425,435,27086,7,0,0,7,7
2020-10-19,US,Ohio,Highland,377,4,0,39.1839264,-83.60331456,39071.0,873.4737378652022,1.0610079575596818,373,371,4,0,367,362,43058,6,0,0,6,9
2020-10-19,US,Ohio,Hocking,189,9,0,39.49537927,-82.47991446,39073.0,668.6951599207472,4.761904761904762,180,189,9,0,180,188,28385,0,0,0,0,1
2020-10-19,US,Ohio,Holmes,550,10,0,40.56163713,-81.92635677,39075.0,1251.137397634213,1.818181818181818,540,537,10,0,527,526,43892,13,0,0,13,11
2020-10-19,US,Ohio,Huron,698,9,0,41.14651175,-82.59867951,39077.0,1197.9542100024028,1.2893982808022924,689,690,9,0,681,687,58504,8,0,0,8,3
2020-10-19,US,Ohio,Jackson,425,7,0,39.01914254,-82.61818559999998,39079.0,1311.2022953753126,1.6470588235294117,418,419,7,0,412,407,32384,6,0,0,6,12
2020-10-19,US,Ohio,Jefferson,447,4,0,40.38614126,-80.76259514,39081.0,684.2709529276692,0.8948545861297539,443,438,4,0,434,435,65767,9,0,0,9,3
2020-10-19,US,Ohio,Knox,356,15,0,40.39830217,-82.42027563,39083.0,571.2268540804208,4.213483146067416,341,352,15,0,337,342,61893,4,0,0,4,10
2020-10-19,US,Ohio,Lake,1869,57,0,41.69710807,-81.23676539,39085.0,812.0826073543661,3.0497592295345104,1812,1847,57,0,1790,1831,230514,22,0,0,22,16
2020-10-19,US,Ohio,Lawrence,890,25,0,38.59743452,-82.53466552,39087.0,1496.7290584060675,2.808988764044944,865,885,24,0,861,873,59866,5,1,0,4,12
2020-10-19,US,Ohio,Licking,2449,65,0,40.09136236,-82.48185785,39089.0,1384.6954122423133,2.6541445487954265,2384,2410,65,0,2345,2380,175769,39,0,0,39,30
2020-10-19,US,Ohio,Logan,398,3,0,40.38996525,-83.76784341,39091.0,871.4310737432124,0.7537688442211056,395,392,3,0,389,389,45358,6,0,0,6,3
2020-10-19,US,Ohio,Lorain,2654,89,0,41.29553751,-82.15083537,39093.0,856.5904858423733,3.3534287867370014,2565,2623,89,0,2534,2596,309461,31,0,0,31,27
2020-10-19,US,Ohio,Lucas,8123,370,0,41.62101218,-83.65468618,39095.0,1896.3552998963464,4.5549673765850045,7753,8058,370,0,7688,8026,429899,65,0,0,65,32
2020-10-19,US,Ohio,Madison,1023,14,0,39.89381073,-83.40178317,39097.0,2287.0045382397,1.3685239491691104,1009,1013,14,0,999,1006,44413,10,0,0,10,7
2020-10-19,US,Ohio,Mahoning,3605,283,0,41.01631101,-80.77287029,39099.0,1576.4180109584008,7.850208044382803,3322,3567,283,0,3284,3544,229642,38,0,0,38,23
2020-10-19,US,Ohio,Marion,3330,49,0,40.58610662,-83.15736305,39101.0,5115.757454718633,1.4714714714714714,3281,3321,49,0,3272,3310,65256,9,0,0,9,11
2020-10-19,US,Ohio,Medina,1777,42,0,41.11770589,-81.89986209999998,39103.0,988.6172710380204,2.3635340461451886,1735,1755,42,0,1713,1737,179146,22,0,0,22,18
2020-10-19,US,Ohio,Meigs,207,12,0,39.09224872,-82.0305041,39105.0,903.6539049198936,5.797101449275362,195,205,12,0,193,204,23106,2,0,0,2,1
2020-10-19,US,Ohio,Mercer,1449,27,0,40.54043046,-84.62912742,39107.0,3519.382104342757,1.8633540372670807,1422,1433,27,0,1406,1427,40959,16,0,0,16,6
2020-10-19,US,Ohio,Miami,1927,56,0,40.0543329,-84.22871271,39109.0,1801.1534111621038,2.9060716139076286,1871,1910,56,0,1854,1890,106222,17,0,0,17,20
2020-10-19,US,Ohio,Monroe,143,18,0,39.72984936,-81.08464734,39111.0,1047.3121429617695,12.587412587412588,125,141,18,0,123,136,13790,2,0,0,2,5
2020-10-19,US,Ohio,Montgomery,10000,185,0,39.75394919,-84.29050975,39113.0,1880.8058124422828,1.85,9815,9883,184,0,9699,9772,532331,117,1,0,116,111
2020-10-19,US,Ohio,Morgan,71,0,0,39.62081738,-81.85308173,39115.0,489.3851668045217,0.0,71,69,0,0,69,66,14604,2,0,0,2,3
2020-10-19,US,Ohio,Morrow,325,2,0,40.52363560000001,-82.7892599,39117.0,919.9501811594204,0.6153846153846154,323,322,2,0,320,321,35112,3,0,0,3,1
2020-10-19,US,Ohio,Muskingum,828,4,0,39.96575964,-81.94363275,39119.0,960.3897233660035,0.4830917874396135,824,817,4,0,813,786,86183,11,0,0,11,31
2020-10-19,US,Ohio,Noble,116,0,0,39.76818851,-81.45937183,39121.0,804.2151968940656,0.0,116,112,0,0,112,110,14354,4,0,0,4,2
2020-10-19,US,Ohio,Ottawa,560,30,0,41.53781826,-83.0940185,39123.0,1381.8630475015423,5.357142857142857,530,559,30,0,529,558,40769,1,0,0,1,1
2020-10-19,US,Ohio,Paulding,187,1,0,41.11676341,-84.5801017,39125.0,1001.4995715509856,0.5347593582887701,186,179,1,0,178,176,18760,8,0,0,8,3
2020-10-19,US,Ohio,Perry,351,11,0,39.73508655,-82.23804971,39127.0,971.3842918027344,3.133903133903134,340,350,11,0,339,344,36033,1,0,0,1,6
2020-10-19,US,Ohio,Pickaway,2958,46,0,39.64170392,-83.0243386,39129.0,5060.129667961065,1.5551048005409058,2912,2946,46,0,2900,2941,58086,12,0,0,12,5
2020-10-19,US,Ohio,Pike,282,0,0,39.07634001,-83.06769584,39131.0,1015.4112055307504,0.0,282,278,0,0,278,275,28067,4,0,0,4,3
2020-10-19,US,Ohio,Portage,1546,67,0,41.16793482,-81.19735782,39133.0,951.5837159774968,4.333764553686933,1479,1530,67,0,1463,1516,162927,16,0,0,16,14
2020-10-19,US,Ohio,Preble,588,17,0,39.7420247,-84.64787018,39135.0,1438.2857981507755,2.891156462585034,571,574,17,0,557,568,40997,14,0,0,14,6
2020-10-19,US,Ohio,Putnam,892,27,0,41.02094889,-84.1336111,39137.0,2634.2990461002328,3.0269058295964126,865,861,27,0,834,852,33780,31,0,0,31,9
2020-10-19,US,Ohio,Richland,1275,24,0,40.77180308,-82.53799609999999,39139.0,1052.3796160258844,1.8823529411764703,1251,1257,24,0,1233,1243,121099,18,0,0,18,14
2020-10-19,US,Ohio,Ross,1328,33,0,39.33705391,-83.06000914,39141.0,1732.1889755563093,2.4849397590361444,1295,1305,33,0,1272,1288,76931,23,0,0,23,17
2020-10-19,US,Ohio,Sandusky,691,22,0,41.35624126,-83.137872,39143.0,1180.8332478895386,3.183791606367583,669,690,22,0,668,684,58799,1,0,0,1,6
2020-10-19,US,Ohio,Scioto,791,9,0,38.80270163,-82.98907345,39145.0,1050.269538200069,1.1378002528445006,782,770,9,0,761,765,75502,21,0,0,21,5
2020-10-19,US,Ohio,Seneca,582,14,0,41.12351311,-83.12783209,39147.0,1054.7682047192723,2.405498281786941,568,576,14,0,562,570,55207,6,0,0,6,6
2020-10-19,US,Ohio,Shelby,857,14,0,40.33163494,-84.20258189,39149.0,1763.7373945256224,1.633605600933489,843,850,14,0,836,841,48627,7,0,0,7,9
2020-10-19,US,Ohio,Stark,3632,178,0,40.81482476,-81.36437305,39151.0,980.0165134941153,4.900881057268721,3454,3605,178,0,3427,3585,371574,27,0,0,27,20
2020-10-19,US,Ohio,Summit,6476,260,0,41.12464734,-81.53123079,39153.0,1197.0137501316976,4.0148239654107485,6216,6406,260,0,6146,6341,541918,70,0,0,70,65
2020-10-19,US,Ohio,Trumbull,2208,134,0,41.31735028,-80.76109643,39155.0,1115.2979684200957,6.068840579710145,2074,2174,134,0,2040,2156,198627,34,0,0,34,18
2020-10-19,US,Ohio,Tuscarawas,1190,22,0,40.44214695,-81.47226262,39157.0,1293.6610608020699,1.8487394957983196,1168,1178,22,0,1156,1165,92176,12,0,0,12,13
2020-10-19,US,Ohio,Union,726,3,0,40.30016061,-83.37239023,39159.0,1230.7587983996746,0.4132231404958678,723,720,3,0,717,715,57835,6,0,0,6,5
2020-10-19,US,Ohio,Van Wert,221,3,0,40.8554138,-84.59111700000003,39161.0,781.6091954022987,1.3574660633484164,218,215,3,0,212,210,28281,6,0,0,6,5
2020-10-19,US,Ohio,Vinton,88,3,0,39.25208988,-82.4831444,39163.0,672.5257928926253,3.4090909090909087,85,85,3,0,82,84,13139,3,0,0,3,1
2020-10-19,US,Ohio,Warren,3981,60,0,39.42581994,-84.16557457,39165.0,1696.9164798254064,1.5071590052750563,3921,3933,60,0,3873,3879,232173,48,0,0,48,54
2020-10-19,US,Ohio,Washington,330,23,0,39.45690571,-81.49121382,39167.0,550.8170452838376,6.96969696969697,307,324,23,0,301,323,60155,6,0,0,6,1
2020-10-19,US,Ohio,Wayne,1296,68,0,40.82925852,-81.88844833,39169.0,1120.0414830178895,5.246913580246914,1228,1259,68,0,1191,1248,115967,37,0,0,37,11
2020-10-19,US,Ohio,Williams,314,4,0,41.56052014,-84.58429552,39171.0,855.7723754496892,1.2738853503184713,310,312,4,0,308,306,36804,2,0,0,2,6
2020-10-19,US,Ohio,Wood,2429,81,0,41.36224827,-83.62285108,39173.0,1856.7923129256894,3.334705640181145,2348,2401,81,0,2320,2372,130696,28,0,0,28,29
2020-10-19,US,Ohio,Wyandot,280,13,0,40.84339621,-83.30734173,39175.0,1286.0554841080286,4.642857142857143,267,278,13,0,265,276,21935,2,0,0,2,2
2020-10-19,US,Oklahoma,Adair,722,11,0,35.88494195,-94.65859267,40001.0,3253.131476975759,1.5235457063711912,711,717,11,0,706,719,22082,5,0,0,5,-2
2020-10-19,US,Oklahoma,Alfalfa,112,0,0,36.73090616,-98.32408495,40003.0,1964.2230796211857,0.0,112,110,0,0,110,104,5754,2,0,0,2,6
2020-10-19,US,Oklahoma,Atoka,400,1,0,34.37366573,-96.03802487,40005.0,2907.3993312981543,0.25,399,398,1,0,397,398,13838,2,0,0,2,0
2020-10-19,US,Oklahoma,Beaver,80,0,0,36.7496847,-100.4758872,40007.0,1506.307663340237,0.0,80,79,0,0,79,79,5319,1,0,0,1,0
2020-10-19,US,Oklahoma,Beckham,834,10,0,35.26862449,-99.68128023,40009.0,3815.362093416899,1.1990407673860912,824,813,10,0,803,753,21709,21,0,0,21,60
2020-10-19,US,Oklahoma,Blaine,185,1,0,35.87518314,-98.43307003,40011.0,1962.0320288471733,0.5405405405405406,184,180,1,0,179,177,9485,5,0,0,5,3
2020-10-19,US,Oklahoma,Bryan,1383,11,0,33.96472458,-96.25903472,40013.0,2881.550161475154,0.7953723788864787,1372,1360,11,0,1349,1303,47192,23,0,0,23,57
2020-10-19,US,Oklahoma,Caddo,1059,24,0,35.17364557,-98.37534464,40015.0,3681.941450524999,2.26628895184136,1035,1053,24,0,1029,1040,28977,6,0,0,6,13
2020-10-19,US,Oklahoma,Canadian,3386,21,0,35.5426055,-97.98465569,40017.0,2283.117338475854,0.6202008269344359,3365,3350,21,0,3329,3324,144447,36,0,0,36,26
2020-10-19,US,Oklahoma,Carter,731,9,0,34.25103751,-97.28552485,40019.0,1519.403047120201,1.2311901504787959,722,731,9,0,722,730,48177,0,0,0,0,1
2020-10-19,US,Oklahoma,Cherokee,1307,8,0,35.90692775,-94.99980896,40021.0,2686.1499886963848,0.612088752869166,1299,1303,8,0,1295,1298,48675,4,0,0,4,5
2020-10-19,US,Oklahoma,Choctaw,411,2,0,34.02807439,-95.54771129,40023.0,2801.2540894220283,0.4866180048661801,409,402,2,0,400,401,14668,9,0,0,9,1
2020-10-19,US,Oklahoma,Cimarron,34,0,0,36.74817177,-102.5173885,40025.0,1591.0154422087037,0.0,34,34,0,0,34,34,2153,0,0,0,0,0
2020-10-19,US,Oklahoma,Cleveland,7625,85,0,35.20413532,-97.32519562,40027.0,2684.726809241798,1.1147540983606556,7540,7575,85,0,7490,7512,281669,50,0,0,50,63
2020-10-19,US,Oklahoma,Coal,82,0,0,34.58840127,-96.29798747,40029.0,1492.265696087352,0.0,82,79,0,0,79,79,5520,3,0,0,3,0
2020-10-19,US,Oklahoma,Comanche,2116,16,0,34.65973764,-98.47195055,40031.0,1752.3954649727948,0.7561436672967864,2100,2104,16,0,2088,2039,120422,12,0,0,12,65
2020-10-19,US,Oklahoma,Cotton,88,3,0,34.28845626,-98.37053567,40033.0,1553.1238969290505,3.4090909090909087,85,89,3,0,86,87,5776,-1,0,0,-1,2
2020-10-19,US,Oklahoma,Craig,592,2,0,36.76268118,-95.20916602,40035.0,4186.112289633716,0.33783783783783783,590,594,2,0,592,596,14306,-2,0,0,-2,-2
2020-10-19,US,Oklahoma,Creek,1467,36,0,35.90230551,-96.37086028,40037.0,2051.1171387824725,2.4539877300613497,1431,1458,36,0,1422,1449,71604,9,0,0,9,9
2020-10-19,US,Oklahoma,Custer,991,3,0,35.63853802,-99.00170785,40039.0,3416.887908147433,0.3027245206861756,988,991,3,0,988,981,29036,0,0,0,0,10
2020-10-19,US,Oklahoma,Delaware,1138,27,0,36.40823634,-94.80325046,40041.0,2645.9578227812785,2.372583479789104,1111,1134,27,0,1107,1127,42733,4,0,0,4,7
2020-10-19,US,Oklahoma,Dewey,79,1,0,35.98772922,-99.00730714,40043.0,1615.2116131670416,1.2658227848101269,78,78,1,0,77,78,4894,1,0,0,1,0
2020-10-19,US,Oklahoma,Ellis,19,0,0,36.218019399999996,-99.75324573,40045.0,492.3555325213786,0.0,19,19,0,0,19,18,3952,0,0,0,0,1
2020-10-19,US,Oklahoma,Garfield,2236,23,0,36.3791334,-97.78265517,40047.0,3662.211740041929,1.0286225402504472,2213,2218,23,0,2195,2195,60913,18,0,0,18,23
2020-10-19,US,Oklahoma,Garvin,574,6,0,34.70418038,-97.30811132,40049.0,2071.3795965501067,1.0452961672473868,568,569,6,0,563,561,27811,5,0,0,5,8
2020-10-19,US,Oklahoma,Grady,1467,14,0,35.0167709,-97.88339847,40051.0,2627.431314252964,0.9543285616905248,1453,1458,14,0,1444,1445,55551,9,0,0,9,13
2020-10-19,US,Oklahoma,Grant,78,1,0,36.796296999999996,-97.78638765,40053.0,1800.1384721901684,1.2820512820512822,77,74,1,0,73,74,4326,4,0,0,4,0
2020-10-19,US,Oklahoma,Greer,133,8,0,34.93535801,-99.56056120000001,40055.0,2328.4313725490197,6.015037593984963,125,132,8,0,124,129,5821,1,0,0,1,3
2020-10-19,US,Oklahoma,Harmon,62,0,0,34.7440135,-99.84741652,40057.0,2336.977007161704,0.0,62,62,0,0,62,62,2664,0,0,0,0,0
2020-10-19,US,Oklahoma,Harper,49,1,0,36.78836519,-99.6679804,40059.0,1328.6334056399132,2.0408163265306123,48,47,1,0,46,46,3797,2,0,0,2,1
2020-10-19,US,Oklahoma,Haskell,356,5,0,35.22257600000001,-95.11513306,40061.0,2819.355349647581,1.404494382022472,351,351,5,0,346,346,12668,5,0,0,5,5
2020-10-19,US,Oklahoma,Hughes,362,4,0,35.04912569,-96.24921145,40063.0,2726.1088937419986,1.1049723756906078,358,358,4,0,354,358,13335,4,0,0,4,0
2020-10-19,US,Oklahoma,Jackson,1019,11,0,34.58781741,-99.41138784,40065.0,4154.097024052181,1.0794896957801767,1008,1018,11,0,1007,1016,24949,1,0,0,1,2
2020-10-19,US,Oklahoma,Jefferson,67,0,0,34.11130184,-97.83182974,40067.0,1116.2945684771744,0.0,67,66,0,0,66,65,6123,1,0,0,1,1
2020-10-19,US,Oklahoma,Johnston,263,4,0,34.31440473,-96.66011537,40069.0,2372.575552548489,1.520912547528517,259,260,4,0,256,258,10949,3,0,0,3,2
2020-10-19,US,Oklahoma,Kay,796,15,0,36.81799745,-97.14421435,40071.0,1828.2879323809088,1.884422110552764,781,792,15,0,777,789,44161,4,0,0,4,3
2020-10-19,US,Oklahoma,Kingfisher,492,2,0,35.94530008,-97.94193268,40073.0,3120.837297811608,0.4065040650406504,490,488,2,0,486,478,15816,4,0,0,4,10
2020-10-19,US,Oklahoma,Kiowa,151,2,0,34.91671958,-98.97720696,40075.0,1734.0376665135507,1.3245033112582782,149,151,2,0,149,148,8729,0,0,0,0,3
2020-10-19,US,Oklahoma,Latimer,179,2,0,34.87844729,-95.25215049,40077.0,1777.027697806016,1.11731843575419,177,178,2,0,176,175,10231,1,0,0,1,3
2020-10-19,US,Oklahoma,Le Flore,1544,21,0,34.89851864,-94.70392124,40079.0,3097.105490141015,1.3601036269430051,1523,1534,21,0,1513,1528,49980,10,0,0,10,6
2020-10-19,US,Oklahoma,Lincoln,714,13,0,35.70270942,-96.8812462,40081.0,2047.1944261261008,1.8207282913165264,701,711,13,0,698,700,34920,3,0,0,3,11
2020-10-19,US,Oklahoma,Logan,745,2,0,35.91899576,-97.44352845,40083.0,1551.7277290620902,0.2684563758389262,743,728,2,0,726,722,47291,17,0,0,17,6
2020-10-19,US,Oklahoma,Love,250,1,0,33.95273467,-97.23906784,40085.0,2438.3107383204915,0.4,249,251,1,0,250,252,10134,-1,0,0,-1,-1
2020-10-19,US,Oklahoma,Major,143,2,0,36.31149996,-98.53467076,40093.0,1874.4265303447366,1.3986013986013983,141,135,2,0,133,134,7644,8,0,0,8,1
2020-10-19,US,Oklahoma,Marshall,253,2,0,34.02311222,-96.76855464,40095.0,1494.3003957238202,0.7905138339920948,251,251,2,0,249,249,16806,2,0,0,2,2
2020-10-19,US,Oklahoma,Mayes,881,11,0,36.30179091,-95.23175116,40097.0,2143.5523114355233,1.2485811577752557,870,871,11,0,860,868,41107,10,0,0,10,3
2020-10-19,US,Oklahoma,McClain,1180,9,0,35.01123903,-97.44572302,40087.0,2915.4518950437323,0.7627118644067796,1171,1169,9,0,1160,1160,39985,11,0,0,11,9
2020-10-19,US,Oklahoma,McCurtain,1534,37,0,34.11664328,-94.77222373,40089.0,4672.270955165692,2.4119947848761414,1497,1530,37,0,1493,1518,32703,4,0,0,4,12
2020-10-19,US,Oklahoma,McIntosh,448,9,0,35.37235506,-95.66599306,40091.0,2286.180853235355,2.008928571428572,439,445,9,0,436,439,19815,3,0,0,3,6
2020-10-19,US,Oklahoma,Murray,258,2,0,34.48116015,-97.06826283,40099.0,1833.2978043061175,0.7751937984496124,256,254,2,0,252,251,13953,4,0,0,4,3
2020-10-19,US,Oklahoma,Muskogee,2185,28,0,35.61318461,-95.37802952,40101.0,3213.3770607526812,1.2814645308924486,2157,2176,28,0,2148,2168,68362,9,0,0,9,8
2020-10-19,US,Oklahoma,Noble,170,3,0,36.38953329,-97.22928674,40103.0,1527.2661935136111,1.7647058823529411,167,170,3,0,167,170,11289,0,0,0,0,0
2020-10-19,US,Oklahoma,Nowata,225,4,0,36.79843529,-95.61902331,40105.0,2233.0289797538708,1.7777777777777777,221,222,4,0,218,222,10218,3,0,0,3,0
2020-10-19,US,Oklahoma,Okfuskee,300,6,0,35.46485198,-96.32639984,40107.0,2501.4591845243067,2.0,294,284,6,0,278,263,12098,16,0,0,16,21
2020-10-19,US,Oklahoma,Oklahoma,22008,216,0,35.55140095,-97.40716948,40109.0,2759.8522260149434,0.9814612868047984,21792,21854,216,0,21638,21701,792582,154,0,0,154,153
2020-10-19,US,Oklahoma,Okmulgee,1090,8,0,35.64661916,-95.96432828,40111.0,2833.7449629533344,0.7339449541284404,1082,1073,8,0,1065,1058,38335,17,0,0,17,15
2020-10-19,US,Oklahoma,Osage,1322,13,0,36.62888819,-96.39635704,40113.0,2814.982007111981,0.983358547655068,1309,1323,13,0,1310,1320,47014,-1,0,0,-1,3
2020-10-19,US,Oklahoma,Ottawa,1134,8,0,36.83532655,-94.81011909,40115.0,3643.1393966652745,0.7054673721340388,1126,1131,8,0,1123,1126,31175,3,0,0,3,5
2020-10-19,US,Oklahoma,Pawnee,312,5,0,36.31743373,-96.70331759999999,40117.0,1905.2271617000488,1.6025641025641026,307,306,5,0,301,303,16390,6,0,0,6,3
2020-10-19,US,Oklahoma,Payne,2695,10,0,36.07695283,-96.97584944,40119.0,3295.265577619094,0.3710575139146568,2685,2680,10,0,2670,2678,82040,15,0,0,15,2
2020-10-19,US,Oklahoma,Pittsburg,1184,20,0,34.92065823,-95.75134320000001,40121.0,2712.237137490265,1.6891891891891893,1164,1172,20,0,1152,1147,43877,12,0,0,12,25
2020-10-19,US,Oklahoma,Pontotoc,645,4,0,34.72959848,-96.68337199,40123.0,1684.7769303103125,0.6201550387596899,641,626,4,0,622,622,38247,19,0,0,19,4
2020-10-19,US,Oklahoma,Pottawatomie,1904,12,0,35.20614018,-96.94923008,40125.0,2622.878554110646,0.6302521008403361,1892,1887,12,0,1875,1879,72679,17,0,0,17,8
2020-10-19,US,Oklahoma,Pushmataha,252,4,0,34.41635232,-95.37603505,40127.0,2271.088680605624,1.5873015873015872,248,248,4,0,244,244,11179,4,0,0,4,4
2020-10-19,US,Oklahoma,Roger Mills,85,2,0,35.68711719,-99.69666167,40129.0,2372.313703600335,2.3529411764705883,83,85,2,0,83,84,3656,0,0,0,0,1
2020-10-19,US,Oklahoma,Rogers,2267,53,0,36.37004357,-95.60406759,40131.0,2451.897597854184,2.337891486546096,2214,2260,53,0,2207,2254,91984,7,0,0,7,6
2020-10-19,US,Oklahoma,Seminole,684,6,0,35.16478725,-96.61686741,40133.0,2819.6883502349738,0.8771929824561403,678,677,6,0,671,673,24578,7,0,0,7,4
2020-10-19,US,Oklahoma,Sequoyah,1144,13,0,35.49447108,-94.75463785,40135.0,2752.050807091823,1.1363636363636365,1131,1130,13,0,1117,1125,41179,14,0,0,14,5
2020-10-19,US,Oklahoma,Stephens,604,8,0,34.48556989,-97.85141892,40137.0,1399.9953642537607,1.3245033112582782,596,600,8,0,592,592,43265,4,0,0,4,8
2020-10-19,US,Oklahoma,Texas,1726,10,0,36.74777635,-101.4889765,40139.0,8637.341740479407,0.5793742757821553,1716,1721,10,0,1711,1721,20455,5,0,0,5,0
2020-10-19,US,Oklahoma,Tillman,133,3,0,34.37288446,-98.92426619,40141.0,1834.4827586206893,2.255639097744361,130,134,2,0,132,133,7348,-1,1,0,-2,1
2020-10-19,US,Oklahoma,Tulsa,20448,186,0,36.11939621,-95.94013939,40143.0,3138.352733166347,0.90962441314554,20262,20322,185,0,20137,20251,648360,126,1,0,125,71
2020-10-19,US,Oklahoma,Unassigned,21,0,0,0.0,0.0,90040.0,0.0,0.0,21,21,0,0,21,21,,0,0,0,0,0
2020-10-19,US,Oklahoma,Wagoner,1755,27,0,35.96024096,-95.51911308,40145.0,2158.9636974252358,1.5384615384615383,1728,1750,27,0,1723,1743,80110,5,0,0,5,7
2020-10-19,US,Oklahoma,Washington,1209,41,0,36.71380786,-95.90514104,40147.0,2346.3426941215284,3.3912324234904885,1168,1207,41,0,1166,1200,51843,2,0,0,2,7
2020-10-19,US,Oklahoma,Washita,154,0,0,35.29071824,-98.99180434,40149.0,1410.7731769879074,0.0,154,152,0,0,152,149,11127,2,0,0,2,3
2020-10-19,US,Oklahoma,Woods,150,0,0,36.76705782,-98.86573064,40151.0,1705.9024223814395,0.0,150,147,0,0,147,142,8897,3,0,0,3,5
2020-10-19,US,Oklahoma,Woodward,1192,5,0,36.42316318,-99.26283045,40153.0,5897.778437484539,0.41946308724832215,1187,1189,5,0,1184,1187,20222,3,0,0,3,2
2020-10-19,US,Oregon,Baker,112,2,0,44.70915557,-117.6749883,41001.0,694.61672041677,1.7857142857142858,110,112,2,0,110,112,16006,0,0,0,0,0
2020-10-19,US,Oregon,Benton,416,6,0,44.49167306,-123.4316987,41003.0,447.0570535071411,1.4423076923076923,410,416,6,0,410,413,92101,0,0,0,0,3
2020-10-19,US,Oregon,Clackamas,2942,65,0,45.18787398,-122.2179634,41005.0,703.5130216864702,2.2093813732155003,2877,2918,65,0,2853,2910,416075,24,0,0,24,8
2020-10-19,US,Oregon,Clatsop,235,0,0,45.99712889,-123.660711,41007.0,584.2283214001592,0.0,235,235,0,0,235,235,39764,0,0,0,0,0
2020-10-19,US,Oregon,Columbia,247,1,0,45.94464254,-123.08908980000001,41009.0,471.7882110249456,0.4048582995951417,246,247,1,0,246,243,52377,0,0,0,0,4
2020-10-19,US,Oregon,Coos,222,0,0,43.17406868,-124.0594514,41011.0,344.25543132724425,0.0,222,214,0,0,214,210,64389,8,0,0,8,4
2020-10-19,US,Oregon,Crook,83,2,0,44.14230227,-120.356297,41013.0,340.1081789870513,2.409638554216868,81,81,1,0,80,81,23867,2,1,0,1,0
2020-10-19,US,Oregon,Curry,56,1,0,42.45911325,-124.15728200000001,41015.0,244.2748091603053,1.7857142857142858,55,56,1,0,55,56,22813,0,0,0,0,0
2020-10-19,US,Oregon,Deschutes,1062,13,0,43.91570171,-121.2289121,41017.0,537.1992796875949,1.2241054613935969,1049,1047,13,0,1034,1041,191996,15,0,0,15,6
2020-10-19,US,Oregon,Douglas,316,4,0,43.27941273,-123.16729099999999,41019.0,284.7359884663903,1.2658227848101269,312,314,4,0,310,313,110283,2,0,0,2,1
2020-10-19,US,Oregon,Gilliam,11,0,0,45.37160076,-120.20488689999999,41021.0,575.3138075313808,0.0,11,11,0,0,11,11,1894,0,0,0,0,0
2020-10-19,US,Oregon,Grant,10,0,0,44.49024544,-119.0068631,41023.0,138.90818169190166,0.0,10,10,0,0,10,10,7176,0,0,0,0,0
2020-10-19,US,Oregon,Harney,13,0,0,43.06422669,-118.96663059999999,41025.0,175.84201271473015,0.0,13,13,0,0,13,13,7329,0,0,0,0,0
2020-10-19,US,Oregon,Hood River,268,1,0,45.51872811,-121.65520359999998,41027.0,1146.1808228551874,0.373134328358209,267,268,1,0,267,268,23428,0,0,0,0,0
2020-10-19,US,Oregon,Jackson,1510,6,0,42.43201126,-122.72893090000001,41029.0,683.4310956622493,0.3973509933774834,1504,1492,6,0,1486,1471,219564,18,0,0,18,21
2020-10-19,US,Oregon,Jefferson,593,9,0,44.62806839,-121.17832,41031.0,2404.8990185740936,1.5177065767284992,584,593,9,0,584,593,24192,0,0,0,0,0
2020-10-19,US,Oregon,Josephine,257,2,0,42.3665549,-123.5561938,41033.0,293.7579297495628,0.7782101167315175,255,256,2,0,254,255,87393,1,0,0,1,1
2020-10-19,US,Oregon,Klamath,397,3,0,42.68762984,-121.64964609999998,41035.0,581.7872739529296,0.7556675062972292,394,397,3,0,394,395,67653,0,0,0,0,2
2020-10-19,US,Oregon,Lake,35,0,0,42.79246693,-120.38501629999999,41037.0,444.7833269792858,0.0,35,35,0,0,35,35,7879,0,0,0,0,0
2020-10-19,US,Oregon,Lane,2128,25,0,43.93727035,-122.847753,41039.0,556.9703743060772,1.174812030075188,2103,2091,22,0,2069,2058,379611,37,3,0,34,33
2020-10-19,US,Oregon,Lincoln,508,13,0,44.64252874,-123.86991200000001,41041.0,1016.7727472879387,2.559055118110236,495,508,13,0,495,507,49388,0,0,0,0,1
2020-10-19,US,Oregon,Linn,745,14,0,44.48899494,-122.53731540000001,41043.0,574.1855428558216,1.8791946308724832,731,741,14,0,727,734,127335,4,0,0,4,7
2020-10-19,US,Oregon,Malheur,1847,33,0,43.1937027,-117.62273950000001,41045.0,6041.673481403946,1.7866811044937736,1814,1842,33,0,1809,1841,30725,5,0,0,5,1
2020-10-19,US,Oregon,Marion,5509,105,0,44.90287942,-122.58151170000001,41047.0,1583.8743250780578,1.905972045743329,5404,5470,105,0,5365,5437,346868,39,0,0,39,33
2020-10-19,US,Oregon,Morrow,540,6,0,45.41846568,-119.584546,41049.0,4653.968801172111,1.1111111111111112,534,540,6,0,534,539,11372,0,0,0,0,1
2020-10-19,US,Oregon,Multnomah,8588,154,0,45.54747959,-122.4169351,41051.0,1056.5229961063167,1.793199813693526,8434,8520,152,0,8368,8462,811880,68,2,0,66,58
2020-10-19,US,Oregon,Polk,631,15,0,44.90322804,-123.4128888,41053.0,732.9964569901841,2.3771790808240887,616,628,15,0,613,626,85234,3,0,0,3,2
2020-10-19,US,Oregon,Sherman,18,0,0,45.41501554,-120.6827834,41055.0,1011.2359550561798,0.0,18,18,0,0,18,18,1708,0,0,0,0,0
2020-10-19,US,Oregon,Tillamook,70,0,0,45.46248721,-123.712066,41057.0,258.9140405385412,0.0,70,69,0,0,69,69,26787,1,0,0,1,0
2020-10-19,US,Oregon,Umatilla,3267,43,0,45.59073056,-118.7353826,41059.0,4191.148171905067,1.3161922252831344,3224,3258,43,0,3215,3255,77516,9,0,0,9,3
2020-10-19,US,Oregon,Union,456,2,0,45.30915495,-118.0068979,41061.0,1699.2733370598098,0.43859649122807015,454,456,2,0,454,456,26461,0,0,0,0,0
2020-10-19,US,Oregon,Wallowa,40,2,0,45.57894064,-117.18353799999998,41063.0,554.9389567147614,5.0,38,40,2,0,38,38,7081,0,0,0,0,2
2020-10-19,US,Oregon,Wasco,332,15,0,45.16292781,-121.16709540000001,41065.0,1244.2845363915746,4.518072289156627,317,332,15,0,317,332,26505,0,0,0,0,0
2020-10-19,US,Oregon,Washington,5385,70,0,45.55972701,-123.0955257,41067.0,895.1249351720102,1.2999071494893222,5315,5365,69,0,5296,5345,597695,20,1,0,19,20
2020-10-19,US,Oregon,Wheeler,1,0,0,44.72698162,-120.02814270000002,41069.0,75.07507507507508,0.0,1,1,0,0,1,1,1366,0,0,0,0,0
2020-10-19,US,Oregon,Yamhill,944,15,0,45.23330449,-123.3086963,41071.0,881.4192343604109,1.5889830508474576,929,938,15,0,923,932,107002,6,0,0,6,6
2020-10-19,US,Pennsylvania,Adams,1017,27,0,39.87140411,-77.21610347,42001.0,987.2923725111397,2.6548672566371683,990,996,27,0,969,985,102811,21,0,0,21,11
2020-10-19,US,Pennsylvania,Allegheny,14174,392,0,40.46809875,-79.98167747,42003.0,1165.5818658026635,2.765627204741075,13782,14075,391,0,13684,13959,1218452,99,1,0,98,116
2020-10-19,US,Pennsylvania,Armstrong,574,19,0,40.81665618,-79.46290811,42005.0,886.6918977369272,3.3101045296167246,555,568,19,0,549,568,65263,6,0,0,6,0
2020-10-19,US,Pennsylvania,Beaver,2152,137,0,40.6825484,-80.34921611,42007.0,1312.763452470277,6.366171003717472,2015,2148,137,0,2011,2134,164742,4,0,0,4,14
2020-10-19,US,Pennsylvania,Bedford,338,6,0,40.00522157,-78.48998442,42009.0,705.8135649849651,1.7751479289940828,332,337,6,0,331,329,48176,1,0,0,1,8
2020-10-19,US,Pennsylvania,Berks,8377,413,0,40.41570541,-75.92457766,42011.0,1989.0114064829845,4.930165930524054,7964,8293,412,0,7881,8212,420152,84,1,0,83,81
2020-10-19,US,Pennsylvania,Blair,1034,23,0,40.47961444,-78.34917412,42013.0,848.7305978051203,2.224371373307544,1011,1026,23,0,1003,1003,122492,8,0,0,8,23
2020-10-19,US,Pennsylvania,Bradford,482,8,0,41.78869215,-76.51570822,42015.0,799.0318783880114,1.6597510373443984,474,473,7,0,466,460,60833,9,1,0,8,13
2020-10-19,US,Pennsylvania,Bucks,9637,623,0,40.33682119,-75.10836643,42017.0,1533.8946631225424,6.464667427622705,9014,9599,623,0,8976,9561,628195,38,0,0,38,38
2020-10-19,US,Pennsylvania,Butler,1418,27,0,40.91152759,-79.91351055,42019.0,754.8455441222658,1.904090267983075,1391,1413,27,0,1386,1388,187888,5,0,0,5,25
2020-10-19,US,Pennsylvania,Cambria,889,7,0,40.49527404,-78.71377428,42021.0,682.8376551554627,0.7874015748031497,882,886,7,0,879,877,131730,3,0,0,3,9
2020-10-19,US,Pennsylvania,Cameron,8,0,0,41.43625568,-78.20376845,42023.0,179.89655947830002,0.0,8,8,0,0,8,8,4492,0,0,0,0,0
2020-10-19,US,Pennsylvania,Carbon,547,29,0,40.91545395,-75.7068525,42025.0,852.2638746065875,5.3016453382084086,518,540,29,0,511,538,64227,7,0,0,7,2
2020-10-19,US,Pennsylvania,Centre,3719,15,0,40.92058903,-77.82200624,42027.0,2290.236167133664,0.4033342296316214,3704,3699,15,0,3684,3687,162805,20,0,0,20,12
2020-10-19,US,Pennsylvania,Chester,7656,374,0,39.97291773,-75.74768357,42029.0,1458.3162694837415,4.885057471264369,7282,7575,374,0,7201,7575,522046,81,0,0,81,0
2020-10-19,US,Pennsylvania,Clarion,181,3,0,41.19265812,-79.42413524,42031.0,470.88818356834383,1.6574585635359116,178,178,3,0,175,177,38779,3,0,0,3,1
2020-10-19,US,Pennsylvania,Clearfield,393,7,0,41.00110782,-78.47592663,42033.0,495.8677685950413,1.7811704834605595,386,391,7,0,384,389,79388,2,0,0,2,2
2020-10-19,US,Pennsylvania,Clinton,241,6,0,41.23255967,-77.63785995,42035.0,623.8351625595361,2.489626556016597,235,240,6,0,234,237,38684,1,0,0,1,3
2020-10-19,US,Pennsylvania,Columbia,1023,39,0,41.04821986,-76.40565017,42037.0,1574.7183055230594,3.812316715542522,984,1022,39,0,983,1021,65456,1,0,0,1,1
2020-10-19,US,Pennsylvania,Crawford,392,3,0,41.68447709,-80.10760592,42039.0,463.19819447234397,0.7653061224489796,389,386,3,0,383,379,85063,6,0,0,6,7
2020-10-19,US,Pennsylvania,Cumberland,2254,78,0,40.1625372,-77.26130755,42041.0,889.6080830406125,3.460514640638864,2176,2235,78,0,2157,2216,251423,19,0,0,19,19
2020-10-19,US,Pennsylvania,Dauphin,4416,186,0,40.41377078,-76.77993242,42043.0,1586.7825612021607,4.211956521739131,4230,4386,186,0,4200,4365,277097,30,0,0,30,21
2020-10-19,US,Pennsylvania,Delaware,12604,765,0,39.91680171,-75.40243663,42045.0,2223.9200207499994,6.069501745477626,11839,12572,765,0,11807,12510,564751,32,0,0,32,62
2020-10-19,US,Pennsylvania,Elk,111,2,0,41.42822061,-78.64524744,42047.0,371.1133400200602,1.8018018018018016,109,105,2,0,103,102,30169,6,0,0,6,3
2020-10-19,US,Pennsylvania,Erie,1879,39,0,41.99253829,-80.03301954,42049.0,696.6277138450588,2.0755721128259714,1840,1866,39,0,1827,1857,272061,13,0,0,13,9
2020-10-19,US,Pennsylvania,Fayette,930,11,0,39.92041012,-79.64291195,42051.0,719.4021999783406,1.1827956989247312,919,927,11,0,916,917,130441,3,0,0,3,10
2020-10-19,US,Pennsylvania,Forest,18,1,0,41.51095103,-79.23229292,42053.0,248.3786394370084,5.5555555555555545,17,18,1,0,17,18,7279,0,0,0,0,0
2020-10-19,US,Pennsylvania,Franklin,2003,53,0,39.92956518,-77.72157791,42055.0,1292.0330007031034,2.6460309535696456,1950,1986,53,0,1933,1982,154835,17,0,0,17,4
2020-10-19,US,Pennsylvania,Fulton,63,2,0,39.92913544,-78.11163677,42057.0,433.5856847900895,3.1746031746031744,61,62,2,0,60,62,14523,1,0,0,1,0
2020-10-19,US,Pennsylvania,Greene,214,1,0,39.85746531,-80.22357106,42059.0,590.6218088482875,0.4672897196261682,213,213,1,0,212,211,36506,1,0,0,1,2
2020-10-19,US,Pennsylvania,Huntingdon,710,10,0,40.42162652,-77.97673273,42061.0,1572.744993797625,1.4084507042253518,700,697,9,0,688,675,45168,13,1,0,12,22
2020-10-19,US,Pennsylvania,Indiana,954,14,0,40.65241041,-79.08963285,42063.0,1134.728152914729,1.4675052410901468,940,945,14,0,931,939,84501,9,0,0,9,6
2020-10-19,US,Pennsylvania,Jefferson,144,3,0,41.12913106,-78.9986361,42065.0,331.6062176165803,2.083333333333333,141,143,3,0,140,143,43641,1,0,0,1,0
2020-10-19,US,Pennsylvania,Juniata,213,8,0,40.53358749,-77.39975129999998,42067.0,860.1542624076242,3.755868544600939,205,212,8,0,204,209,24704,1,0,0,1,3
2020-10-19,US,Pennsylvania,Lackawanna,3314,217,0,41.43564672,-75.60379201,42069.0,1580.5488520274328,6.547978273989138,3097,3290,217,0,3073,3244,210793,24,0,0,24,46
2020-10-19,US,Pennsylvania,Lancaster,8974,468,0,40.03904563,-76.24770128,42071.0,1644.4209893645875,5.215065745486962,8506,8946,468,0,8478,8892,543557,28,0,0,28,54
2020-10-19,US,Pennsylvania,Lawrence,723,25,0,40.99206278,-80.33393706,42073.0,845.4953690710075,3.457814661134164,698,708,25,0,683,703,86184,15,0,0,15,5
2020-10-19,US,Pennsylvania,Lebanon,2607,66,0,40.36680311,-76.45651841,42075.0,1838.5956993645666,2.5316455696202533,2541,2582,66,0,2516,2552,141314,25,0,0,25,30
2020-10-19,US,Pennsylvania,Lehigh,6149,362,0,40.6154815,-75.59435245,42077.0,1664.9608196730192,5.887136119694259,5787,6129,362,0,5767,6109,368100,20,0,0,20,20
2020-10-19,US,Pennsylvania,Luzerne,4748,190,0,41.17823008,-75.98447579,42079.0,1495.8241051991542,4.001684919966301,4558,4703,190,0,4513,4655,317646,45,0,0,45,48
2020-10-19,US,Pennsylvania,Lycoming,888,29,0,41.34310539,-77.06629984,42081.0,783.7668470154193,3.265765765765766,859,882,29,0,853,873,113664,6,0,0,6,9
2020-10-19,US,Pennsylvania,McKean,99,2,0,41.80938602,-78.56478358,42083.0,243.6923076923077,2.0202020202020203,97,94,2,0,92,93,40968,5,0,0,5,1
2020-10-19,US,Pennsylvania,Mercer,894,25,0,41.30248872,-80.25816981,42085.0,817.0054101476824,2.796420581655481,869,885,25,0,860,882,110683,9,0,0,9,3
2020-10-19,US,Pennsylvania,Mifflin,321,3,0,40.61116939,-77.61070738,42087.0,695.7388703454852,0.9345794392523364,318,318,3,0,315,313,46222,3,0,0,3,5
2020-10-19,US,Pennsylvania,Monroe,1938,134,0,41.05934058,-75.34031025,42089.0,1138.1855982521981,6.914344685242517,1804,1923,134,0,1789,1913,169507,15,0,0,15,10
2020-10-19,US,Pennsylvania,Montgomery,13176,891,0,40.21053671,-75.36652296,42091.0,1585.7217645607552,6.762295081967213,12285,13145,890,0,12255,13114,828604,31,1,0,30,31
2020-10-19,US,Pennsylvania,Montour,276,7,0,41.03023987,-76.66345939,42093.0,1513.9879319802524,2.5362318840579707,269,274,7,0,267,271,18240,2,0,0,2,3
2020-10-19,US,Pennsylvania,Northampton,5062,309,0,40.75182733,-75.30471829,42095.0,1658.122737769625,6.1043065981825375,4753,5049,309,0,4740,5022,304807,13,0,0,13,27
2020-10-19,US,Pennsylvania,Northumberland,1346,99,0,40.84785433,-76.70798222,42097.0,1481.6771793093576,7.355126300148588,1247,1336,98,0,1238,1327,91083,10,1,0,9,9
2020-10-19,US,Pennsylvania,Perry,325,6,0,40.40206612,-77.26297447,42099.0,702.3686030428769,1.8461538461538465,319,315,6,0,309,307,46139,10,0,0,10,8
2020-10-19,US,Pennsylvania,Philadelphia,40803,1841,0,40.00338507,-75.1379271,42101.0,2575.842895236556,4.511923142906159,38962,40179,1840,0,38339,40179,1584138,624,1,0,623,0
2020-10-19,US,Pennsylvania,Pike,613,23,0,41.33155042,-75.03208106,42103.0,1098.3891487036142,3.752039151712888,590,611,23,0,588,609,55933,2,0,0,2,2
2020-10-19,US,Pennsylvania,Potter,41,1,0,41.74471626,-77.89559864,42105.0,248.0939126225342,2.4390243902439024,40,40,1,0,39,40,16622,1,0,0,1,0
2020-10-19,US,Pennsylvania,Schuylkill,1632,73,0,40.70497338,-76.2150785,42107.0,1154.5073182464505,4.473039215686273,1559,1593,71,0,1522,1545,142067,39,2,0,37,48
2020-10-19,US,Pennsylvania,Snyder,446,15,0,40.77129231,-77.06840691,42109.0,1104.7260477558705,3.363228699551569,431,443,15,0,428,440,40540,3,0,0,3,3
2020-10-19,US,Pennsylvania,Somerset,325,3,0,39.97172723,-79.02699593,42111.0,442.49594946015486,0.9230769230769232,322,319,3,0,316,313,73952,6,0,0,6,6
2020-10-19,US,Pennsylvania,Sullivan,16,1,0,41.44634738,-76.51246591,42113.0,263.7652489284537,6.25,15,15,1,0,14,15,6071,1,0,0,1,0
2020-10-19,US,Pennsylvania,Susquehanna,372,28,0,41.82147784,-75.80071959,42115.0,922.436024598294,7.526881720430107,344,369,28,0,341,368,40589,3,0,0,3,1
2020-10-19,US,Pennsylvania,Tioga,150,3,0,41.77255149,-77.25433032,42117.0,369.5400458229657,2.0,147,148,3,0,145,140,40763,2,0,0,2,8
2020-10-19,US,Pennsylvania,Union,646,7,0,40.96188846,-77.05996014,42119.0,1438.0161609865772,1.08359133126935,639,641,7,0,634,636,44785,5,0,0,5,5
2020-10-19,US,Pennsylvania,Venango,173,1,0,41.40323442,-79.75845449,42121.0,341.4383832004421,0.5780346820809249,172,168,1,0,167,161,51266,5,0,0,5,7
2020-10-19,US,Pennsylvania,Warren,59,1,0,41.81304978,-79.26969577,42123.0,150.54476793141282,1.6949152542372878,58,59,1,0,58,59,39498,0,0,0,0,0
2020-10-19,US,Pennsylvania,Washington,1675,32,0,40.19208869,-80.24582867,42125.0,809.7068136224108,1.9104477611940296,1643,1654,32,0,1622,1625,207346,21,0,0,21,29
2020-10-19,US,Pennsylvania,Wayne,279,12,0,41.64938475,-75.29956506,42127.0,543.2137224742509,4.301075268817204,267,280,12,0,268,280,51276,-1,0,0,-1,0
2020-10-19,US,Pennsylvania,Westmoreland,3550,71,0,40.31377979999999,-79.46615476,42129.0,1017.4864359026536,2.0,3479,3485,70,0,3415,3412,350611,65,1,0,64,73
2020-10-19,US,Pennsylvania,Wyoming,100,8,0,41.51955538,-76.01074915,42131.0,373.2178846010301,8.0,92,100,8,0,92,99,27046,0,0,0,0,1
2020-10-19,US,Pennsylvania,York,5896,191,0,39.9210089,-76.73040131,42133.0,1312.970707570069,3.2394843962008144,5705,5851,191,0,5660,5784,448273,45,0,0,45,67
2020-10-19,US,Puerto Rico,Adjuntas,170,0,0,18.180117000000006,-66.754367,72001.0,872.5555612585333,0.0,170,168,0,0,168,167,,2,0,0,2,1
2020-10-19,US,Puerto Rico,Aguada,397,0,0,18.360255,-67.17513100000001,72003.0,946.1617293071807,0.0,397,395,0,0,395,393,,2,0,0,2,2
2020-10-19,US,Puerto Rico,Aguadilla,522,0,0,18.459681,-67.12081500000001,72005.0,856.4537564193013,0.0,522,516,0,0,516,511,,6,0,0,6,5
2020-10-19,US,Puerto Rico,Aguas Buenas,342,0,0,18.251619,-66.126806,72007.0,1193.3424055270596,0.0,342,339,0,0,339,336,,3,0,0,3,3
2020-10-19,US,Puerto Rico,Aibonito,191,0,0,18.131361,-66.264131,72009.0,737.4517374517375,0.0,191,191,0,0,191,190,,0,0,0,0,1
2020-10-19,US,Puerto Rico,Anasco,240,0,0,18.287985,-67.120611,72011.0,820.2043675882575,0.0,240,239,0,0,239,239,,1,0,0,1,0
2020-10-19,US,Puerto Rico,Arecibo,993,0,0,18.406631,-66.675077,72013.0,1029.655744504355,0.0,993,979,0,0,979,975,,14,0,0,14,4
2020-10-19,US,Puerto Rico,Arroyo,190,0,0,17.998457000000005,-66.056546,72015.0,970.6257982120053,0.0,190,190,0,0,190,188,,0,0,0,0,2
2020-10-19,US,Puerto Rico,Barceloneta,299,0,0,18.445532999999998,-66.56053100000001,72017.0,1204.8678272082527,0.0,299,297,0,0,297,297,,2,0,0,2,0
2020-10-19,US,Puerto Rico,Barranquitas,547,0,0,18.201592,-66.30963,72019.0,1804.2087208918795,0.0,547,543,0,0,543,537,,4,0,0,4,6
2020-10-19,US,Puerto Rico,Bayamon,4499,0,0,18.34946,-66.168435,72021.0,2161.7751638509294,0.0,4499,4456,0,0,4456,4396,,43,0,0,43,60
2020-10-19,US,Puerto Rico,Cabo Rojo,484,0,0,18.040993,-67.154391,72023.0,950.566608401909,0.0,484,473,0,0,473,463,,11,0,0,11,10
2020-10-19,US,Puerto Rico,Caguas,1982,0,0,18.211615,-66.050779,72025.0,1387.0518499856535,0.0,1982,1955,0,0,1955,1944,,27,0,0,27,11
2020-10-19,US,Puerto Rico,Camuy,342,0,0,18.418578,-66.860206,72027.0,972.7239113740436,0.0,342,336,0,0,336,336,,6,0,0,6,0
2020-10-19,US,Puerto Rico,Canovanas,816,0,0,18.328802,-65.887612,72029.0,1712.5587642713226,0.0,816,811,0,0,811,800,,5,0,0,5,11
2020-10-19,US,Puerto Rico,Carolina,3444,0,0,18.374986,-65.95683100000001,72031.0,1948.382570914563,0.0,3444,3415,0,0,3415,3376,,29,0,0,29,39
2020-10-19,US,Puerto Rico,Catano,559,0,0,18.437269,-66.14330600000001,72033.0,1986.4960909737024,0.0,559,546,0,0,546,542,,13,0,0,13,4
2020-10-19,US,Puerto Rico,Cayey,452,0,0,18.102851,-66.14914,72035.0,939.337891477379,0.0,452,446,0,0,446,439,,6,0,0,6,7
2020-10-19,US,Puerto Rico,Ceiba,174,0,0,18.251818,-65.666416,72037.0,1276.50209082239,0.0,174,171,0,0,171,167,,3,0,0,3,4
2020-10-19,US,Puerto Rico,Ciales,319,0,0,18.28885,-66.516475,72039.0,1698.4346714939834,0.0,319,317,0,0,317,315,,2,0,0,2,2
2020-10-19,US,Puerto Rico,Cidra,386,0,0,18.173559,-66.161179,72041.0,887.7644894204233,0.0,386,383,0,0,383,381,,3,0,0,3,2
2020-10-19,US,Puerto Rico,Coamo,360,0,0,18.097597,-66.36014,72043.0,888.6255924170616,0.0,360,354,0,0,354,351,,6,0,0,6,3
2020-10-19,US,Puerto Rico,Comerio,271,0,0,18.224687,-66.221622,72045.0,1304.2641255173742,0.0,271,270,0,0,270,267,,1,0,0,1,3
2020-10-19,US,Puerto Rico,Corozal,798,0,0,18.304264,-66.327738,72047.0,2148.511119487373,0.0,798,786,0,0,786,774,,12,0,0,12,12
2020-10-19,US,Puerto Rico,Culebra,22,0,0,18.31586,-65.28813000000001,72049.0,1210.1210121012102,0.0,22,22,0,0,22,22,,0,0,0,0,0
2020-10-19,US,Puerto Rico,Dorado,976,0,0,18.436115,-66.278669,72051.0,2557.316913402332,0.0,976,958,0,0,958,951,,18,0,0,18,7
2020-10-19,US,Puerto Rico,Fajardo,680,0,0,18.318373,-65.666866,72053.0,1838.1856026815885,0.0,680,674,0,0,674,642,,6,0,0,6,32
2020-10-19,US,Puerto Rico,Florida,370,0,0,18.373715,-66.560488,72054.0,2917.981072555205,0.0,370,366,0,0,366,366,,4,0,0,4,0
2020-10-19,US,Puerto Rico,Guanica,140,0,0,17.982429,-66.91964300000001,72055.0,720.6465228805272,0.0,140,137,0,0,137,137,,3,0,0,3,0
2020-10-19,US,Puerto Rico,Guayama,356,0,0,18.007516,-66.13390799999999,72057.0,784.7978484193817,0.0,356,354,0,0,354,350,,2,0,0,2,4
2020-10-19,US,Puerto Rico,Guayanilla,230,0,0,18.039942,-66.79186,72059.0,1065.7522820999957,0.0,230,225,0,0,225,224,,5,0,0,5,1
2020-10-19,US,Puerto Rico,Guaynabo,2084,0,0,18.345114000000002,-66.11452299999999,72061.0,2128.181038356276,0.0,2084,2068,0,0,2068,2048,,16,0,0,16,20
2020-10-19,US,Puerto Rico,Gurabo,674,0,0,18.266461,-65.97970500000001,72063.0,1485.5958914677426,0.0,674,667,0,0,667,657,,7,0,0,7,10
2020-10-19,US,Puerto Rico,Hatillo,392,0,0,18.410928,-66.79632600000001,72065.0,934.3789478702356,0.0,392,387,0,0,387,382,,5,0,0,5,5
2020-10-19,US,Puerto Rico,Hormigueros,201,0,0,18.134532,-67.113972,72067.0,1165.2173913043478,0.0,201,199,0,0,199,192,,2,0,0,2,7
2020-10-19,US,Puerto Rico,Humacao,713,0,0,18.145211,-65.810174,72069.0,1219.5121951219512,0.0,713,702,0,0,702,691,,11,0,0,11,11
2020-10-19,US,Puerto Rico,Isabela,342,0,0,18.44981,-67.005093,72071.0,749.4904779645418,0.0,342,339,0,0,339,336,,3,0,0,3,3
2020-10-19,US,Puerto Rico,Jayuya,274,0,0,18.211446,-66.58878,72073.0,1646.4367263550055,0.0,274,272,0,0,272,271,,2,0,0,2,1
2020-10-19,US,Puerto Rico,Juana Diaz,416,0,0,18.050764,-66.49458100000001,72075.0,520.6703630924816,0.0,416,409,0,0,409,403,,7,0,0,7,6
2020-10-19,US,Puerto Rico,Juncos,529,0,0,18.223793,-65.909109,72077.0,1312.9808885579548,0.0,529,523,0,0,523,517,,6,0,0,6,6
2020-10-19,US,Puerto Rico,Lajas,196,0,0,18.011661,-67.040585,72079.0,761.0763794509378,0.0,196,193,0,0,193,190,,3,0,0,3,3
2020-10-19,US,Puerto Rico,Lares,402,0,0,18.269035000000002,-66.867236,72081.0,1307.18954248366,0.0,402,398,0,0,398,393,,4,0,0,4,5
2020-10-19,US,Puerto Rico,Las Marias,118,0,0,18.23679,-66.98362,72083.0,1194.2111122356034,0.0,118,118,0,0,118,118,,0,0,0,0,0
2020-10-19,US,Puerto Rico,Las Piedras,606,0,0,18.187527,-65.86946800000001,72085.0,1566.903684550743,0.0,606,599,0,0,599,592,,7,0,0,7,7
2020-10-19,US,Puerto Rico,Loiza,341,0,0,18.425688,-65.89943000000001,72087.0,1134.397870924817,0.0,341,339,0,0,339,333,,2,0,0,2,6
2020-10-19,US,Puerto Rico,Luquillo,305,0,0,18.342114000000002,-65.72509699999999,72089.0,1519.8325692645008,0.0,305,303,0,0,303,295,,2,0,0,2,8
2020-10-19,US,Puerto Rico,Manati,694,0,0,18.420473,-66.490461,72091.0,1573.2323804774105,0.0,694,684,0,0,684,682,,10,0,0,10,2
2020-10-19,US,Puerto Rico,Maricao,92,0,0,18.171795,-66.942126,72093.0,1465.9018483110262,0.0,92,91,0,0,91,91,,1,0,0,1,0
2020-10-19,US,Puerto Rico,Maunabo,168,0,0,18.017889,-65.922235,72095.0,1374.2331288343555,0.0,168,168,0,0,168,167,,0,0,0,0,1
2020-10-19,US,Puerto Rico,Mayaguez,956,0,0,18.2013,-67.1452,72097.0,1073.1926358329592,0.0,956,945,0,0,945,935,,11,0,0,11,10
2020-10-19,US,Puerto Rico,Moca,415,0,0,18.377805,-67.080952,72099.0,1034.6804956493554,0.0,415,412,0,0,412,408,,3,0,0,3,4
2020-10-19,US,Puerto Rico,Morovis,585,0,0,18.316963,-66.420383,72101.0,1793.9282428702857,0.0,585,584,0,0,584,584,,1,0,0,1,0
2020-10-19,US,Puerto Rico,Naguabo,349,0,0,18.230636999999998,-65.753897,72103.0,1306.1377245508984,0.0,349,345,0,0,345,340,,4,0,0,4,5
2020-10-19,US,Puerto Rico,Naranjito,773,0,0,18.288019,-66.252703,72105.0,2542.5958818498784,0.0,773,768,0,0,768,761,,5,0,0,5,7
2020-10-19,US,Puerto Rico,Orocovis,399,0,0,18.215046,-66.433604,72107.0,1703.4538701276526,0.0,399,396,0,0,396,393,,3,0,0,3,3
2020-10-19,US,Puerto Rico,Out of PR,804,0,0,0.0,0.0,72888.0,0.0,0.0,804,804,0,0,804,804,,0,0,0,0,0
2020-10-19,US,Puerto Rico,Patillas,190,0,0,18.03174,-66.012242,72109.0,985.6305441718108,0.0,190,190,0,0,190,190,,0,0,0,0,0
2020-10-19,US,Puerto Rico,Penuelas,143,0,0,18.059645,-66.721572,72111.0,588.9135985503665,0.0,143,141,0,0,141,141,,2,0,0,2,0
2020-10-19,US,Puerto Rico,Ponce,1127,0,0,18.059498,-66.613748,72113.0,677.5809098943648,0.0,1127,1089,0,0,1089,1080,,38,0,0,38,9
2020-10-19,US,Puerto Rico,Quebradillas,240,0,0,18.439692,-66.926113,72115.0,925.961649755006,0.0,240,236,0,0,236,231,,4,0,0,4,5
2020-10-19,US,Puerto Rico,Rincon,231,0,0,18.335442999999998,-67.23174,72117.0,1519.7368421052633,0.0,231,229,0,0,229,229,,2,0,0,2,0
2020-10-19,US,Puerto Rico,Rio Grande,745,0,0,18.346329,-65.813742,72119.0,1371.9063052445492,0.0,745,741,0,0,741,728,,4,0,0,4,13
2020-10-19,US,Puerto Rico,Sabana Grande,227,0,0,18.08282,-66.943758,72121.0,898.4761527805264,0.0,227,221,0,0,221,221,,6,0,0,6,0
2020-10-19,US,Puerto Rico,Salinas,514,0,0,18.010386999999994,-66.256592,72123.0,1653.9030825664456,0.0,514,507,0,0,507,503,,7,0,0,7,4
2020-10-19,US,Puerto Rico,San German,295,0,0,18.111484,-67.03858100000001,72125.0,830.3543783601202,0.0,295,290,0,0,290,289,,5,0,0,5,1
2020-10-19,US,Puerto Rico,San Juan,9333,0,0,18.386933,-66.061128,72127.0,2360.836373018724,0.0,9333,9248,0,0,9248,9161,,85,0,0,85,87
2020-10-19,US,Puerto Rico,San Lorenzo,656,0,0,18.147987,-65.976392,72129.0,1597.7397827463587,0.0,656,640,0,0,640,633,,16,0,0,16,7
2020-10-19,US,Puerto Rico,San Sebastian,619,0,0,18.328646,-66.971214,72131.0,1458.8734386047608,0.0,619,590,0,0,590,562,,29,0,0,29,28
2020-10-19,US,Puerto Rico,Santa Isabel,214,0,0,17.994525,-66.388913,72133.0,919.4809658846782,0.0,214,214,0,0,214,212,,0,0,0,0,2
2020-10-19,US,Puerto Rico,Toa Alta,1567,0,0,18.362406,-66.246616,72135.0,2115.6806091864014,0.0,1567,1555,0,0,1555,1530,,12,0,0,12,25
2020-10-19,US,Puerto Rico,Toa Baja,1782,0,0,18.431445999999998,-66.213553,72137.0,1988.6395339753824,0.0,1782,1768,0,0,1768,1748,,14,0,0,14,20
2020-10-19,US,Puerto Rico,Trujillo Alto,1347,0,0,18.336159,-65.99888399999999,72139.0,1799.7915608882709,0.0,1347,1336,0,0,1336,1322,,11,0,0,11,14
2020-10-19,US,Puerto Rico,Unassigned,902,768,0,0.0,0.0,72999.0,0.0,85.14412416851441,134,875,766,0,109,847,,27,2,0,25,28
2020-10-19,US,Puerto Rico,Utuado,196,0,0,18.271214,-66.702984,72141.0,591.2697215602279,0.0,196,195,0,0,195,193,,1,0,0,1,2
2020-10-19,US,Puerto Rico,Vega Alta,899,0,0,18.409346,-66.33725,72143.0,2250.256564291257,0.0,899,896,0,0,896,885,,3,0,0,3,11
2020-10-19,US,Puerto Rico,Vega Baja,1119,0,0,18.428262,-66.397924,72145.0,1875.5656867017533,0.0,1119,1112,0,0,1112,1102,,7,0,0,7,10
2020-10-19,US,Puerto Rico,Vieques,102,0,0,18.123276,-65.44097099999999,72147.0,1096.6562735189764,0.0,102,101,0,0,101,101,,1,0,0,1,0
2020-10-19,US,Puerto Rico,Villalba,188,0,0,18.127951,-66.473115,72149.0,721.0524297165649,0.0,188,181,0,0,181,176,,7,0,0,7,5
2020-10-19,US,Puerto Rico,Yabucoa,449,0,0,18.070399,-65.896289,72151.0,1183.4163569753039,0.0,449,443,0,0,443,440,,6,0,0,6,3
2020-10-19,US,Puerto Rico,Yauco,486,0,0,18.080374,-66.858814,72153.0,1155.9593749256712,0.0,486,470,0,0,470,467,,16,0,0,16,3
2020-10-19,US,Rhode Island,Bristol,461,17,0,41.71018079,-71.28652315,44001.0,950.9272055941748,3.6876355748373104,444,461,17,0,444,461,48649,0,0,0,0,0
2020-10-19,US,Rhode Island,Kent,2145,116,0,41.67106337,-71.57641596,44003.0,1305.6022204367832,5.407925407925408,2029,2145,116,0,2029,2145,163861,0,0,0,0,0
2020-10-19,US,Rhode Island,Newport,582,10,0,41.5642026,-71.26569799,44005.0,709.0470505104653,1.718213058419244,572,582,10,0,572,582,82542,0,0,0,0,0
2020-10-19,US,Rhode Island,Providence,20439,909,0,41.87064746,-71.57753536,44007.0,3198.9369744150777,4.447380008806694,19530,20439,909,0,19530,20439,636084,0,0,0,0,0
2020-10-19,US,Rhode Island,Unassigned,3601,30,0,0.0,0.0,90044.0,0.0,0.8331019161344071,3571,2945,23,0,2922,2945,,656,7,0,649,0
2020-10-19,US,Rhode Island,Washington,1119,77,0,41.45961631,-71.61435303,44009.0,891.0867435915812,6.881143878462915,1042,1119,77,0,1042,1119,126179,0,0,0,0,0
2020-10-19,US,South Carolina,Abbeville,713,15,0,34.22333378,-82.46170658,45001.0,2907.0004484853425,2.1037868162692845,698,711,15,0,696,707,24541,2,0,0,2,4
2020-10-19,US,South Carolina,Aiken,4776,86,0,33.54338026,-81.63645384,45003.0,2795.0746757807015,1.8006700167504188,4690,4760,86,0,4674,4736,169401,16,0,0,16,24
2020-10-19,US,South Carolina,Allendale,428,6,0,32.98837386,-81.35321066,45005.0,4926.33517495396,1.4018691588785046,422,428,6,0,422,428,8903,0,0,0,0,0
2020-10-19,US,South Carolina,Anderson,5241,193,0,34.51828081,-82.63959517,45007.0,2587.4070636558413,3.682503339057432,5048,5219,193,0,5026,5193,200482,22,0,0,22,26
2020-10-19,US,South Carolina,Bamberg,670,35,0,33.21927586,-81.05659969,45009.0,4763.258922223802,5.223880597014926,635,670,35,0,635,669,14275,0,0,0,0,1
2020-10-19,US,South Carolina,Barnwell,852,21,0,33.26679302,-81.43584352,45011.0,4083.1975462474843,2.4647887323943656,831,852,21,0,831,841,21112,0,0,0,0,11
2020-10-19,US,South Carolina,Beaufort,5980,89,0,32.39226291,-80.72619758,45013.0,3112.605531901604,1.4882943143812708,5891,5970,89,0,5881,5960,188715,10,0,0,10,10
2020-10-19,US,South Carolina,Berkeley,5829,93,0,33.20222596,-79.94654523,45015.0,2557.622187997736,1.59547092125579,5736,5815,93,0,5722,5802,221091,14,0,0,14,13
2020-10-19,US,South Carolina,Calhoun,500,17,0,33.66926881,-80.77722168,45017.0,3435.717721432007,3.4,483,500,17,0,483,500,14520,0,0,0,0,0
2020-10-19,US,South Carolina,Charleston,16663,271,0,32.82487866,-79.96512315,45019.0,4050.256923817348,1.6263577987157174,16392,16628,271,0,16357,16576,405905,35,0,0,35,52
2020-10-19,US,South Carolina,Cherokee,1387,48,0,35.05122251,-81.61828622,45021.0,2420.5933682373475,3.4607065609228553,1339,1372,48,0,1324,1354,57078,15,0,0,15,18
2020-10-19,US,South Carolina,Chester,1168,24,0,34.69249168,-81.1583216,45023.0,3622.3793573998255,2.054794520547945,1144,1166,24,0,1142,1157,32251,2,0,0,2,9
2020-10-19,US,South Carolina,Chesterfield,1427,41,0,34.64137396,-80.15640140000002,45025.0,3125.958378970427,2.8731604765241765,1386,1423,41,0,1382,1414,45754,4,0,0,4,9
2020-10-19,US,South Carolina,Clarendon,1144,68,0,33.66610974,-80.21647898,45027.0,3390.131871388354,5.944055944055943,1076,1144,68,0,1076,1144,33700,0,0,0,0,0
2020-10-19,US,South Carolina,Colleton,1197,44,0,32.87582989,-80.67641292,45029.0,3177.004538577912,3.675856307435255,1153,1193,44,0,1149,1185,37660,4,0,0,4,8
2020-10-19,US,South Carolina,Darlington,2368,63,0,34.33358335,-79.96027485,45031.0,3554.5948542435976,2.6604729729729732,2305,2339,63,0,2276,2331,66802,29,0,0,29,8
2020-10-19,US,South Carolina,Dillon,1261,46,0,34.39007791,-79.37741872,45033.0,4137.274844975229,3.6478984932593184,1215,1255,46,0,1209,1252,30599,6,0,0,6,3
2020-10-19,US,South Carolina,Dorchester,4604,94,0,33.0794369,-80.40502652,45035.0,2827.853497042547,2.041702867072112,4510,4596,94,0,4502,4577,160647,8,0,0,8,19
2020-10-19,US,South Carolina,Edgefield,875,21,0,33.77221995,-81.96231108,45037.0,3209.831254585473,2.4,854,874,21,0,853,869,27052,1,0,0,1,5
2020-10-19,US,South Carolina,Fairfield,840,37,0,34.39287073,-81.1195624,45039.0,3758.893811249832,4.404761904761905,803,838,37,0,801,835,22402,2,0,0,2,3
2020-10-19,US,South Carolina,Florence,5385,199,0,34.02361754,-79.70189312,45041.0,3893.9064160875823,3.6954503249767874,5186,5357,199,0,5158,5343,138159,28,0,0,28,14
2020-10-19,US,South Carolina,Georgetown,2178,47,0,33.43443342,-79.33202141,45043.0,3474.7925973197193,2.1579430670339756,2131,2164,47,0,2117,2160,62249,14,0,0,14,4
2020-10-19,US,South Carolina,Greenville,16469,332,0,34.89502264,-82.37295012,45045.0,3145.6884070427973,2.0159086769081305,16137,16384,331,0,16053,16289,514213,85,1,0,84,95
2020-10-19,US,South Carolina,Greenwood,2454,74,0,34.15272415,-82.12715789,45047.0,3465.563259945489,3.0154849225753866,2380,2452,74,0,2378,2447,70741,2,0,0,2,5
2020-10-19,US,South Carolina,Hampton,741,31,0,32.77419582,-81.13845571,45049.0,3854.957860784518,4.183535762483131,710,740,30,0,710,739,19351,1,1,0,0,1
2020-10-19,US,South Carolina,Horry,11879,213,0,33.9212828,-78.99555293,45051.0,3354.8820750054365,1.793080225608216,11666,11827,209,0,11618,11794,344147,52,4,0,48,33
2020-10-19,US,South Carolina,Jasper,878,23,0,32.43171982,-81.02487495,45053.0,2919.562398164467,2.6195899772209565,855,877,23,0,854,874,28971,1,0,0,1,3
2020-10-19,US,South Carolina,Kershaw,2345,42,0,34.33988254,-80.58763164,45055.0,3523.613469369356,1.791044776119403,2303,2338,42,0,2296,2325,65592,7,0,0,7,13
2020-10-19,US,South Carolina,Lancaster,2438,57,0,34.68270843,-80.70513032,45057.0,2487.4505162633145,2.3379819524200163,2381,2436,56,0,2380,2422,95380,2,1,0,1,14
2020-10-19,US,South Carolina,Laurens,1847,58,0,34.48244419,-82.00490796,45059.0,2736.580089787089,3.1402273957769355,1789,1847,58,0,1789,1840,66994,0,0,0,0,7
2020-10-19,US,South Carolina,Lee,763,35,0,34.16393091,-80.25690731,45061.0,4534.109816971713,4.587155963302751,728,760,35,0,725,758,17142,3,0,0,3,2
2020-10-19,US,South Carolina,Lexington,8469,193,0,33.89665987,-81.27146426,45063.0,2834.811715481172,2.27889951588145,8276,8444,193,0,8251,8395,295032,25,0,0,25,49
2020-10-19,US,South Carolina,Marion,1064,37,0,34.07859748,-79.36400756,45067.0,3470.659229539747,3.4774436090225564,1027,1056,36,0,1020,1048,31039,8,1,0,7,8
2020-10-19,US,South Carolina,Marlboro,1063,12,0,34.59905577,-79.67561152,45069.0,4069.9900451795697,1.1288805268109126,1051,1060,12,0,1048,1054,26398,3,0,0,3,6
2020-10-19,US,South Carolina,McCormick,263,7,0,33.90161443,-82.30794338,45065.0,2779.245482405157,2.661596958174905,256,259,7,0,252,258,9410,4,0,0,4,1
2020-10-19,US,South Carolina,Newberry,1550,38,0,34.28629098,-81.59935761,45071.0,4032.2580645161293,2.4516129032258065,1512,1542,36,0,1506,1539,38520,8,2,0,6,3
2020-10-19,US,South Carolina,Oconee,2311,31,0,34.75225169,-83.06742317,45073.0,2905.2372212304826,1.3414106447425358,2280,2298,31,0,2267,2283,78374,13,0,0,13,15
2020-10-19,US,South Carolina,Orangeburg,3273,129,0,33.4391073,-80.79886287,45075.0,3798.085291557876,3.9413382218148487,3144,3269,129,0,3140,3250,86934,4,0,0,4,19
2020-10-19,US,South Carolina,Pickens,3933,55,0,34.88807695,-82.72791551,45077.0,3099.6815989407646,1.398423595219934,3878,3897,54,0,3843,3863,124937,36,1,0,35,34
2020-10-19,US,South Carolina,Richland,16652,262,0,34.01791263,-80.90267209,45079.0,4005.204938437893,1.5733845784290177,16390,16626,262,0,16364,16555,414576,26,0,0,26,71
2020-10-19,US,South Carolina,Saluda,713,22,0,34.00795823,-81.72713237,45081.0,3482.635666487569,3.085553997194951,691,713,22,0,691,712,20544,0,0,0,0,1
2020-10-19,US,South Carolina,Spartanburg,8261,211,0,34.92960077,-81.99225984,45083.0,2583.2981534468468,2.554170197312674,8050,8183,211,0,7972,8104,313888,78,0,0,78,79
2020-10-19,US,South Carolina,Sumter,3412,84,0,33.91826534,-80.37942316,45085.0,3197.1214662531274,2.46189917936694,3328,3406,84,0,3322,3388,106512,6,0,0,6,18
2020-10-19,US,South Carolina,Union,697,15,0,34.68835752,-81.61730349,45087.0,2551.618099282472,2.152080344332855,682,693,15,0,678,690,27410,4,0,0,4,3
2020-10-19,US,South Carolina,Williamsburg,1397,46,0,33.62190129,-79.72767442,45089.0,4600.237091675448,3.29277022190408,1351,1392,46,0,1346,1383,30606,5,0,0,5,9
2020-10-19,US,South Carolina,York,6251,96,0,34.97281497,-81.18085944,45091.0,2224.7214204620277,1.5357542793153096,6155,6217,96,0,6121,6171,274118,34,0,0,34,46
2020-10-19,US,South Dakota,Aurora,158,0,0,43.71757685,-98.56050467,46003.0,5743.36604870956,0.0,158,157,0,0,157,156,2801,1,0,0,1,1
2020-10-19,US,South Dakota,Beadle,1075,12,0,44.41464384,-98.27858469,46005.0,5825.6110117596045,1.1162790697674418,1063,1062,12,0,1050,1047,18883,13,0,0,13,15
2020-10-19,US,South Dakota,Bennett,127,5,0,43.19486375,-101.6665572,46007.0,3774.145616641902,3.9370078740157477,122,125,5,0,120,123,3468,2,0,0,2,2
2020-10-19,US,South Dakota,Bon Homme,317,1,0,42.98914167,-97.88592746,46009.0,4593.537168526302,0.3154574132492113,316,310,1,0,309,297,6980,7,0,0,7,13
2020-10-19,US,South Dakota,Brookings,1223,2,0,44.36974375,-96.79079945,46011.0,3486.615160931665,0.1635322976287817,1221,1199,2,0,1197,1155,35232,24,0,0,24,44
2020-10-19,US,South Dakota,Brown,1784,4,0,45.58994323,-98.35165355,46013.0,4593.321146270501,0.2242152466367713,1780,1752,4,0,1748,1732,39316,32,0,0,32,20
2020-10-19,US,South Dakota,Brule,216,2,0,43.71756379,-99.08118954,46015.0,4077.7798754011706,0.925925925925926,214,208,2,0,206,199,5229,8,0,0,8,9
2020-10-19,US,South Dakota,Buffalo,201,3,0,44.07657829,-99.20814467,46017.0,10244.648318042813,1.492537313432836,198,202,3,0,199,196,2036,-1,0,0,-1,6
2020-10-19,US,South Dakota,Butte,235,3,0,44.90608745,-103.5079318,46019.0,2253.332054847061,1.2765957446808511,232,221,3,0,218,214,10222,14,0,0,14,7
2020-10-19,US,South Dakota,Campbell,70,0,0,45.77074915,-100.0510181,46021.0,5087.209302325581,0.0,70,68,0,0,68,65,1377,2,0,0,2,3
2020-10-19,US,South Dakota,Charles Mix,312,0,0,43.20660134,-98.58856175,46023.0,3357.7270770555315,0.0,312,311,0,0,311,307,9338,1,0,0,1,4
2020-10-19,US,South Dakota,Clark,71,0,0,44.85834507,-97.72925109,46025.0,1900.4282655246245,0.0,71,70,0,0,70,66,3739,1,0,0,1,4
2020-10-19,US,South Dakota,Clay,710,8,0,42.91296147,-96.97656917,46027.0,5046.197583511016,1.1267605633802815,702,700,8,0,692,693,14041,10,0,0,10,7
2020-10-19,US,South Dakota,Codington,1267,10,0,44.97788119,-97.18827677,46029.0,4523.546003070442,0.7892659826361483,1257,1246,10,0,1236,1218,28015,21,0,0,21,28
2020-10-19,US,South Dakota,Corson,134,1,0,45.70889983,-101.1970473,46031.0,3279.490944689183,0.746268656716418,133,133,1,0,132,132,4165,1,0,0,1,1
2020-10-19,US,South Dakota,Custer,272,3,0,43.67741105,-103.45345209999999,46033.0,3031.6540347748546,1.1029411764705883,269,268,3,0,265,258,8726,4,0,0,4,10
2020-10-19,US,South Dakota,Davison,732,4,0,43.67490933,-98.14458906,46035.0,3701.6434892541088,0.5464480874316939,728,704,4,0,700,689,19790,28,0,0,28,15
2020-10-19,US,South Dakota,Day,134,1,0,45.367281,-97.60737498,46037.0,2470.501474926253,0.746268656716418,133,128,1,0,127,124,5505,6,0,0,6,4
2020-10-19,US,South Dakota,Deuel,151,0,0,44.75994309,-96.66943645,46039.0,3470.466559411629,0.0,151,147,0,0,147,144,4337,4,0,0,4,3
2020-10-19,US,South Dakota,Dewey,268,0,0,45.15639647,-100.8709139,46041.0,4548.540393754243,0.0,268,266,0,0,266,259,5904,2,0,0,2,7
2020-10-19,US,South Dakota,Douglas,148,4,0,43.38520741,-98.36978007,46043.0,5066.7579596028745,2.702702702702702,144,148,4,0,144,146,2935,0,0,0,0,2
2020-10-19,US,South Dakota,Edmunds,123,1,0,45.41846445,-99.21545423,46045.0,3212.3269783233227,0.8130081300813008,122,123,1,0,122,123,3875,0,0,0,0,0
2020-10-19,US,South Dakota,Fall River,167,6,0,43.23929297,-103.5275691,46047.0,2487.710412632206,3.5928143712574854,161,166,6,0,160,158,6758,1,0,0,1,8
2020-10-19,US,South Dakota,Faulk,159,1,0,45.07082625,-99.14535601,46049.0,6916.0504567203125,0.6289308176100629,158,156,1,0,155,148,2330,3,0,0,3,8
2020-10-19,US,South Dakota,Grant,262,2,0,45.1723937,-96.77002276,46051.0,3715.2580828133855,0.7633587786259542,260,257,2,0,255,251,7147,5,0,0,5,6
2020-10-19,US,South Dakota,Gregory,180,8,0,43.19419064,-99.18883902,46053.0,4301.075268817204,4.4444444444444455,172,176,8,0,168,173,4212,4,0,0,4,3
2020-10-19,US,South Dakota,Haakon,67,1,0,44.29299053,-101.539099,46055.0,3528.172722485519,1.492537313432836,66,66,1,0,65,62,1918,1,0,0,1,4
2020-10-19,US,South Dakota,Hamlin,159,0,0,44.67385954,-97.18829593,46057.0,2579.493835171966,0.0,159,157,0,0,157,153,6111,2,0,0,2,4
2020-10-19,US,South Dakota,Hand,89,1,0,44.54708407,-99.00386459,46059.0,2789.0943277969286,1.1235955056179776,88,89,1,0,88,87,3262,0,0,0,0,2
2020-10-19,US,South Dakota,Hanson,65,1,0,43.6746384,-97.78715148,46061.0,1882.4210831161304,1.5384615384615383,64,64,1,0,63,64,3376,1,0,0,1,0
2020-10-19,US,South Dakota,Harding,33,0,0,45.58015551,-103.4958629,46063.0,2542.372881355933,0.0,33,32,0,0,32,19,1249,1,0,0,1,13
2020-10-19,US,South Dakota,Hughes,739,5,0,44.39091534,-99.99661148,46065.0,4216.592491155997,0.6765899864682002,734,727,5,0,722,712,17650,12,0,0,12,15
2020-10-19,US,South Dakota,Hutchinson,191,2,0,43.33449012,-97.75536441,46067.0,2619.668083939103,1.0471204188481675,189,185,2,0,183,180,7380,6,0,0,6,5
2020-10-19,US,South Dakota,Hyde,33,0,0,44.54747703,-99.48572582,46069.0,2536.510376633359,0.0,33,32,0,0,32,32,1282,1,0,0,1,0
2020-10-19,US,South Dakota,Jackson,78,1,0,43.69318385,-101.6255063,46071.0,2332.535885167464,1.2820512820512822,77,75,1,0,74,72,3307,3,0,0,3,3
2020-10-19,US,South Dakota,Jerauld,154,6,0,44.06637798,-98.62965972,46073.0,7650.273224043716,3.8961038961038965,148,153,6,0,147,153,2043,1,0,0,1,0
2020-10-19,US,South Dakota,Jones,27,0,0,43.96278565,-100.6940008,46075.0,2990.033222591362,0.0,27,27,0,0,27,26,928,0,0,0,0,1
2020-10-19,US,South Dakota,Kingsbury,143,1,0,44.36956169,-97.4913945,46077.0,2895.32293986637,0.6993006993006993,142,138,1,0,137,132,4919,5,0,0,5,6
2020-10-19,US,South Dakota,Lake,304,8,0,44.02193107,-97.12926365,46079.0,2375.5567711182307,2.631578947368421,296,298,8,0,290,289,13057,6,0,0,6,9
2020-10-19,US,South Dakota,Lawrence,676,5,0,44.35919441,-103.79294279999999,46081.0,2615.6941649899395,0.7396449704142012,671,662,5,0,657,641,25741,14,0,0,14,21
2020-10-19,US,South Dakota,Lincoln,2229,14,0,43.27841182,-96.72039050000001,46083.0,3646.4468001570476,0.6280843427545985,2215,2178,14,0,2164,2141,58807,51,0,0,51,37
2020-10-19,US,South Dakota,Lyman,210,4,0,43.89522709,-99.85201878,46085.0,5554.086220576567,1.9047619047619049,206,210,4,0,206,208,3821,0,0,0,0,2
2020-10-19,US,South Dakota,Marshall,59,0,0,45.75870838,-97.59855639,46091.0,1195.5420466058765,0.0,59,57,0,0,57,55,5112,2,0,0,2,2
2020-10-19,US,South Dakota,McCook,183,1,0,43.6742571,-97.36863144,46087.0,3276.0472610096667,0.5464480874316939,182,179,1,0,178,177,5546,4,0,0,4,2
2020-10-19,US,South Dakota,McPherson,56,0,0,45.76626028,-99.22118798,46089.0,2353.930222782682,0.0,56,54,0,0,54,54,2407,2,0,0,2,0
2020-10-19,US,South Dakota,Meade,795,9,0,44.56676791,-102.71627409999999,46093.0,2806.014400677678,1.1320754716981132,786,792,9,0,783,780,28294,3,0,0,3,12
2020-10-19,US,South Dakota,Mellette,48,0,0,43.58078848,-100.7563186,46095.0,2328.9665211062593,0.0,48,48,0,0,48,48,2042,0,0,0,0,0
2020-10-19,US,South Dakota,Miner,114,0,0,44.02197882,-97.60992207,46097.0,5144.404332129964,0.0,114,109,0,0,109,103,2213,5,0,0,5,6
2020-10-19,US,South Dakota,Minnehaha,9163,96,0,43.67441641,-96.7910885,46099.0,4744.3743721975425,1.047691803994325,9067,9012,96,0,8916,8892,192876,151,0,0,151,120
2020-10-19,US,South Dakota,Moody,171,2,0,44.02266214,-96.67081159,46101.0,2600.364963503649,1.1695906432748535,169,166,2,0,164,165,6579,5,0,0,5,1
2020-10-19,US,South Dakota,Oglala Lakota,584,5,0,43.33749164,-102.55554980000001,46102.0,4119.348240107216,0.8561643835616438,579,568,5,0,563,544,14309,16,0,0,16,24
2020-10-19,US,South Dakota,Pennington,3591,44,0,44.0025835,-102.8240777,46103.0,3156.229400131839,1.2252854358117515,3547,3554,44,0,3510,3504,111729,37,0,0,37,50
2020-10-19,US,South Dakota,Perkins,62,0,0,45.49049506,-102.47555859999999,46105.0,2164.0488656195457,0.0,62,61,0,0,61,60,2922,1,0,0,1,1
2020-10-19,US,South Dakota,Potter,84,0,0,45.06583079,-99.95498503,46107.0,3901.532745006967,0.0,84,83,0,0,83,83,2207,1,0,0,1,0
2020-10-19,US,South Dakota,Roberts,279,4,0,45.62975048,-96.94672673,46109.0,2684.2409082162785,1.4336917562724014,275,275,4,0,271,270,10447,4,0,0,4,5
2020-10-19,US,South Dakota,Sanborn,74,0,0,44.02351092,-98.09098159999999,46111.0,3156.9965870307174,0.0,74,73,0,0,73,68,2429,1,0,0,1,5
2020-10-19,US,South Dakota,Spink,220,1,0,44.93837606,-98.34626602,46115.0,3450.439146800502,0.4545454545454545,219,220,1,0,219,213,6495,0,0,0,0,7
2020-10-19,US,South Dakota,Stanley,73,0,0,44.41381872,-100.7349153,46117.0,2356.358941252421,0.0,73,71,0,0,71,68,3022,2,0,0,2,3
2020-10-19,US,South Dakota,Sully,37,0,0,44.71571812,-100.1278092,46119.0,2659.956865564342,0.0,37,33,0,0,33,31,1392,4,0,0,4,2
2020-10-19,US,South Dakota,Todd,314,5,0,43.19338568,-100.71955030000001,46121.0,3085.3886214011986,1.5923566878980893,309,311,5,0,306,303,10283,3,0,0,3,8
2020-10-19,US,South Dakota,Tripp,236,1,0,43.34459388,-99.8854891,46123.0,4337.43797096122,0.42372881355932196,235,232,1,0,231,227,5478,4,0,0,4,5
2020-10-19,US,South Dakota,Turner,387,8,0,43.3109081,-97.14865776,46125.0,4615.935114503817,2.0671834625323,379,377,8,0,369,361,8424,10,0,0,10,16
2020-10-19,US,South Dakota,Union,660,10,0,42.83112163,-96.6557828,46127.0,4142.606075822245,1.5151515151515151,650,656,10,0,646,643,15619,4,0,0,4,13
2020-10-19,US,South Dakota,Walworth,245,1,0,45.43019636,-100.03075140000001,46129.0,4507.819687212512,0.4081632653061225,244,241,1,0,240,237,5587,4,0,0,4,4
2020-10-19,US,South Dakota,Yankton,630,5,0,43.00924485,-97.39467635,46135.0,2761.46226001578,0.7936507936507936,625,623,5,0,618,603,22869,7,0,0,7,20
2020-10-19,US,South Dakota,Ziebach,78,1,0,44.97881876,-101.6654622,46137.0,2830.1886792452833,1.2820512820512822,77,78,1,0,77,78,2742,0,0,0,0,0
2020-10-19,US,Tennessee,Anderson,1555,13,0,36.12684348,-84.19965764,47001.0,2020.0576788173248,0.8360128617363344,1542,1544,13,0,1531,1526,76482,11,0,0,11,18
2020-10-19,US,Tennessee,Bedford,1590,20,0,35.51123746,-86.45549096,47003.0,3198.3585782390924,1.2578616352201255,1570,1573,20,0,1553,1562,49038,17,0,0,17,11
2020-10-19,US,Tennessee,Benton,387,9,0,36.07110411,-88.06849355,47005.0,2394.80198019802,2.3255813953488373,378,382,9,0,373,379,16184,5,0,0,5,3
2020-10-19,US,Tennessee,Bledsoe,924,4,0,35.59942968,-85.20611967,47007.0,6133.8289962825265,0.4329004329004329,920,917,4,0,913,913,14755,7,0,0,7,4
2020-10-19,US,Tennessee,Blount,3102,31,0,35.68938198,-83.92847788,47009.0,2330.788651118057,0.9993552546744036,3071,3067,31,0,3036,3041,131349,35,0,0,35,26
2020-10-19,US,Tennessee,Bradley,3408,21,0,35.15739424,-84.857186,47011.0,3152.344833965405,0.6161971830985915,3387,3368,21,0,3347,3341,106727,40,0,0,40,27
2020-10-19,US,Tennessee,Campbell,864,7,0,36.40355516,-84.15108559999999,47013.0,2168.5658350484414,0.8101851851851852,857,849,7,0,842,824,39583,15,0,0,15,25
2020-10-19,US,Tennessee,Cannon,386,2,0,35.80990797,-86.05738983,47015.0,2629.786074397057,0.5181347150259067,384,381,2,0,379,375,14462,5,0,0,5,6
2020-10-19,US,Tennessee,Carroll,1093,24,0,35.97366108,-88.45189331,47017.0,3936.327294990456,2.195791399817017,1069,1086,24,0,1062,1076,28020,7,0,0,7,10
2020-10-19,US,Tennessee,Carter,1415,32,0,36.28969086,-82.12588974,47019.0,2509.2656629604016,2.2614840989399294,1383,1398,32,0,1366,1388,56351,17,0,0,17,10
2020-10-19,US,Tennessee,Cheatham,969,11,0,36.26136216,-87.08903581,47021.0,2382.767354365948,1.1351909184726523,958,955,11,0,944,942,40439,14,0,0,14,13
2020-10-19,US,Tennessee,Chester,712,14,0,35.42527478,-88.6095842,47023.0,4116.320749262878,1.9662921348314608,698,710,14,0,696,708,17276,2,0,0,2,2
2020-10-19,US,Tennessee,Claiborne,495,6,0,36.48319149,-83.65947309,47025.0,1548.8594762038865,1.2121212121212122,489,492,6,0,486,489,31756,3,0,0,3,3
2020-10-19,US,Tennessee,Clay,363,12,0,36.55151008,-85.53930419,47027.0,4766.907419566644,3.3057851239669422,351,362,9,0,353,355,7717,1,3,0,-2,7
2020-10-19,US,Tennessee,Cocke,922,12,0,35.9278914,-83.11828725,47029.0,2560.8265748250196,1.3015184381778742,910,913,12,0,901,895,35774,9,0,0,9,18
2020-10-19,US,Tennessee,Coffee,1760,20,0,35.49090731,-86.07311784,47031.0,3113.941967445152,1.1363636363636365,1740,1720,20,0,1700,1696,55700,40,0,0,40,24
2020-10-19,US,Tennessee,Crockett,766,20,0,35.81830662,-89.14916269,47033.0,5382.993675333802,2.610966057441253,746,751,20,0,731,735,14328,15,0,0,15,16
2020-10-19,US,Tennessee,Cumberland,1489,24,0,35.95271721,-84.99840585,47035.0,2460.3436880370127,1.6118200134318337,1465,1477,24,0,1453,1467,59673,12,0,0,12,10
2020-10-19,US,Tennessee,Davidson,29801,325,0,36.17007426,-86.78646056,47037.0,4293.2014106583065,1.0905674306231334,29476,29425,325,0,29100,29185,692587,376,0,0,376,240
2020-10-19,US,Tennessee,DeKalb,672,16,0,35.97616272,-85.83689361,47041.0,3279.648609077599,2.380952380952381,656,669,16,0,653,661,20138,3,0,0,3,8
2020-10-19,US,Tennessee,Decatur,625,11,0,35.60048904,-88.11043779,47039.0,5358.827059933122,1.76,614,620,11,0,609,612,11706,5,0,0,5,8
2020-10-19,US,Tennessee,Dickson,1562,18,0,36.14669837,-87.35891709,47043.0,2895.380737006006,1.1523687580025608,1544,1535,18,0,1517,1519,53446,27,0,0,27,16
2020-10-19,US,Tennessee,Dyer,2023,26,0,36.05931946,-89.41542855,47045.0,5444.17234048279,1.2852199703410776,1997,1995,26,0,1969,1909,37320,28,0,0,28,86
2020-10-19,US,Tennessee,Fayette,1520,22,0,35.19615831,-89.41399032,47047.0,3695.3297838718304,1.4473684210526316,1498,1505,21,0,1484,1479,40507,15,1,0,14,26
2020-10-19,US,Tennessee,Fentress,849,7,0,36.38128818,-84.92870012,47049.0,4583.490795227555,0.8244994110718492,842,846,7,0,839,828,18217,3,0,0,3,18
2020-10-19,US,Tennessee,Franklin,1211,15,0,35.15634626,-86.09201039,47051.0,2869.1243366186504,1.2386457473162675,1196,1190,15,0,1175,1181,41890,21,0,0,21,9
2020-10-19,US,Tennessee,Gibson,2054,37,0,35.99438059,-88.93358327,47053.0,4180.489691246209,1.8013631937682568,2017,2035,37,0,1998,2018,49045,19,0,0,19,17
2020-10-19,US,Tennessee,Giles,892,34,0,35.20222469,-87.03992678,47055.0,3027.4232962259025,3.8116591928251116,858,880,31,0,849,869,29503,12,3,0,9,11
2020-10-19,US,Tennessee,Grainger,531,4,0,36.27469206,-83.51254721,47057.0,2277.0154373927962,0.7532956685499058,527,526,4,0,522,517,23145,5,0,0,5,9
2020-10-19,US,Tennessee,Greene,1556,50,0,36.17470125,-82.84691273,47059.0,2252.819644123992,3.2133676092544987,1506,1492,49,0,1443,1464,69087,64,1,0,63,28
2020-10-19,US,Tennessee,Grundy,516,8,0,35.38433717,-85.72142731,47061.0,3843.0029045952174,1.5503875968992251,508,504,8,0,496,498,13346,12,0,0,12,6
2020-10-19,US,Tennessee,Hamblen,2327,43,0,36.21990035,-83.26586179,47063.0,3583.638771675856,1.8478727975934681,2284,2316,43,0,2273,2292,64569,11,0,0,11,24
2020-10-19,US,Tennessee,Hamilton,11097,102,0,35.17670231,-85.16652245,47065.0,3017.09606203304,0.9191673425250068,10995,10983,102,0,10881,10918,364286,114,0,0,114,65
2020-10-19,US,Tennessee,Hancock,112,3,0,36.52692871,-83.22375847,47067.0,1691.842900302115,2.6785714285714284,109,112,3,0,109,113,6549,0,0,0,0,-1
2020-10-19,US,Tennessee,Hardeman,1787,32,0,35.20772017,-88.99161161,47069.0,7133.73253493014,1.7907106883044208,1755,1773,32,0,1741,1753,25220,14,0,0,14,20
2020-10-19,US,Tennessee,Hardin,1313,19,0,35.19732531,-88.18593755,47071.0,5118.509278029003,1.4470677837014472,1294,1302,19,0,1283,1278,25776,11,0,0,11,24
2020-10-19,US,Tennessee,Hawkins,1099,23,0,36.44355426,-82.94885298,47073.0,1935.3361744091849,2.092811646951774,1076,1080,23,0,1057,1057,56530,19,0,0,19,23
2020-10-19,US,Tennessee,Haywood,1190,25,0,35.58332824,-89.28536625,47075.0,6877.022653721683,2.100840336134454,1165,1183,25,0,1158,1179,17335,7,0,0,7,4
2020-10-19,US,Tennessee,Henderson,1354,25,0,35.65581134,-88.38600175,47077.0,4815.591990610663,1.8463810930576068,1329,1346,25,0,1321,1341,27847,8,0,0,8,5
2020-10-19,US,Tennessee,Henry,741,10,0,36.33160906,-88.30121797,47079.0,2290.925954552481,1.349527665317139,731,736,10,0,726,723,32358,5,0,0,5,13
2020-10-19,US,Tennessee,Hickman,739,13,0,35.80609681,-87.47643507,47081.0,2935.1020732385414,1.7591339648173208,726,727,13,0,714,720,25063,12,0,0,12,7
2020-10-19,US,Tennessee,Houston,389,14,0,36.28872054,-87.71878828,47083.0,4743.323984879893,3.5989717223650386,375,379,14,0,365,375,8263,10,0,0,10,4
2020-10-19,US,Tennessee,Humphreys,409,4,0,36.03958805,-87.77992872,47085.0,2201.0547841997627,0.9779951100244498,405,402,4,0,398,388,18486,7,0,0,7,14
2020-10-19,US,Tennessee,Jackson,416,5,0,36.36380466,-85.67239905,47087.0,3529.6114033599188,1.2019230769230769,411,415,5,0,410,413,11758,1,0,0,1,2
2020-10-19,US,Tennessee,Jefferson,1458,18,0,36.04818632,-83.45148924,47089.0,2675.474814203138,1.2345679012345678,1440,1445,18,0,1427,1425,54012,13,0,0,13,20
2020-10-19,US,Tennessee,Johnson,1104,6,0,36.45523950000001,-81.84886538,47091.0,6206.43130200135,0.5434782608695652,1098,1078,6,0,1072,1066,17778,26,0,0,26,12
2020-10-19,US,Tennessee,Knox,11833,87,0,35.99508821,-83.94635435,47093.0,2515.984036163151,0.7352319783655877,11746,11679,86,0,11593,11559,465289,154,1,0,153,120
2020-10-19,US,Tennessee,Lake,968,3,0,36.34180170000001,-89.48921915,47095.0,13797.035347776511,0.30991735537190085,965,962,3,0,959,957,7411,6,0,0,6,5
2020-10-19,US,Tennessee,Lauderdale,1308,18,0,35.75893438,-89.63015909999999,47097.0,5102.797175515937,1.3761467889908257,1290,1292,18,0,1274,1254,25825,16,0,0,16,38
2020-10-19,US,Tennessee,Lawrence,1462,17,0,35.21675201,-87.39787695,47099.0,3312.0384214580213,1.162790697674419,1445,1429,17,0,1412,1405,43734,33,0,0,33,24
2020-10-19,US,Tennessee,Lewis,350,2,0,35.52853208,-87.49022694,47101.0,2852.950766221063,0.5714285714285714,348,329,2,0,327,323,12086,21,0,0,21,6
2020-10-19,US,Tennessee,Lincoln,801,2,0,35.13738622,-86.58910106,47103.0,2330.7920619216666,0.24968789013732834,799,794,2,0,792,781,34117,7,0,0,7,13
2020-10-19,US,Tennessee,Loudon,1540,10,0,35.73939663,-84.31145275,47105.0,2848.2651475919206,0.6493506493506493,1530,1525,10,0,1515,1513,53054,15,0,0,15,12
2020-10-19,US,Tennessee,Macon,1257,24,0,36.53157855,-86.00778595,47111.0,5109.3407040078055,1.9093078758949882,1233,1255,24,0,1231,1252,24265,2,0,0,2,3
2020-10-19,US,Tennessee,Madison,3613,78,0,35.61181957,-88.84076036,47113.0,3687.336708033965,2.1588707445336284,3535,3599,78,0,3521,3571,97605,14,0,0,14,28
2020-10-19,US,Tennessee,Marion,699,9,0,35.12997174,-85.62265895,47115.0,2418.09942228526,1.2875536480686696,690,684,9,0,675,670,28575,15,0,0,15,14
2020-10-19,US,Tennessee,Marshall,1052,8,0,35.45798777,-86.76420988,47117.0,3060.3636363636365,0.7604562737642585,1044,1023,8,0,1015,1012,33683,29,0,0,29,11
2020-10-19,US,Tennessee,Maury,3074,35,0,35.618741299999996,-87.07462444,47119.0,3189.2267629452112,1.1385816525699417,3039,2976,35,0,2941,2910,94340,98,0,0,98,66
2020-10-19,US,Tennessee,McMinn,1508,32,0,35.42812616,-84.61520715,47107.0,2803.2866118898023,2.122015915119364,1476,1471,32,0,1439,1448,53285,37,0,0,37,23
2020-10-19,US,Tennessee,McNairy,1088,25,0,35.17468549,-88.5647812,47109.0,4234.451622946992,2.297794117647059,1063,1083,25,0,1058,1067,25832,5,0,0,5,16
2020-10-19,US,Tennessee,Meigs,294,4,0,35.51558739,-84.81482914,47121.0,2366.7686362904524,1.3605442176870748,290,290,4,0,286,276,12306,4,0,0,4,14
2020-10-19,US,Tennessee,Monroe,1348,23,0,35.44550387,-84.24902965,47123.0,2896.122032441723,1.706231454005935,1325,1319,23,0,1296,1283,46357,29,0,0,29,36
2020-10-19,US,Tennessee,Montgomery,3857,51,0,36.49609412,-87.38550661,47125.0,1845.5163570071725,1.3222711952294528,3806,3784,51,0,3733,3740,205950,73,0,0,73,44
2020-10-19,US,Tennessee,Moore,245,2,0,35.27724699,-86.36230578,47127.0,3776.202219482121,0.8163265306122449,243,241,2,0,239,239,6411,4,0,0,4,2
2020-10-19,US,Tennessee,Morgan,408,6,0,36.13248031,-84.64880098,47129.0,1906.2748212867355,1.4705882352941178,402,404,6,0,398,399,21579,4,0,0,4,5
2020-10-19,US,Tennessee,Obion,1636,17,0,36.35732446,-89.14921589,47131.0,5440.81944860155,1.0391198044009782,1619,1630,17,0,1613,1611,30267,6,0,0,6,19
2020-10-19,US,Tennessee,Out of TN,3794,35,0,0.0,0.0,80047.0,0.0,0.922509225092251,3759,3618,34,0,3584,3531,,176,1,0,175,87
2020-10-19,US,Tennessee,Overton,1112,11,0,36.34117832,-85.28989535,47133.0,4999.77518996448,0.9892086330935252,1101,1106,11,0,1095,1094,22068,6,0,0,6,12
2020-10-19,US,Tennessee,Perry,204,1,0,35.63708728,-87.86139634,47135.0,2526.002971768202,0.4901960784313725,203,196,1,0,195,190,8064,8,0,0,8,6
2020-10-19,US,Tennessee,Pickett,244,5,0,36.55606529,-85.07763299999998,47137.0,4833.597464342314,2.0491803278688523,239,240,5,0,235,229,5082,4,0,0,4,11
2020-10-19,US,Tennessee,Polk,469,13,0,35.12245443,-84.52075859,47139.0,2786.3593155893536,2.771855010660981,456,460,13,0,447,458,16898,9,0,0,9,2
2020-10-19,US,Tennessee,Putnam,4110,53,0,36.14005459,-85.50646123,47141.0,5121.8144432674935,1.2895377128953769,4057,4079,52,0,4027,4009,78843,31,1,0,30,70
2020-10-19,US,Tennessee,Rhea,1048,16,0,35.60536161,-84.93076643,47143.0,3159.767238520216,1.5267175572519085,1032,1020,16,0,1004,1014,33044,28,0,0,28,6
2020-10-19,US,Tennessee,Roane,1185,7,0,35.84923189,-84.52458689,47145.0,2219.8493874339665,0.5907172995780591,1178,1169,6,0,1163,1146,53140,16,1,0,15,23
2020-10-19,US,Tennessee,Robertson,2485,39,0,36.52454807,-86.87346725,47147.0,3460.3762549956127,1.5694164989939638,2446,2462,39,0,2423,2450,71012,23,0,0,23,12
2020-10-19,US,Tennessee,Rutherford,11031,106,0,35.84591405,-86.4107263,47149.0,3319.740584137111,0.9609282929924756,10925,10866,106,0,10760,10770,324890,165,0,0,165,96
2020-10-19,US,Tennessee,Scott,324,4,0,36.42325673,-84.50360494,47151.0,1468.189233278956,1.2345679012345678,320,314,4,0,310,311,22039,10,0,0,10,3
2020-10-19,US,Tennessee,Sequatchie,329,4,0,35.36979721,-85.41022136,47153.0,2189.5381339012383,1.2158054711246202,325,321,4,0,317,314,14876,8,0,0,8,7
2020-10-19,US,Tennessee,Sevier,3149,20,0,35.78077323,-83.52244332,47155.0,3205.089058524173,0.6351222610352493,3129,3124,20,0,3104,3109,97892,25,0,0,25,15
2020-10-19,US,Tennessee,Shelby,34370,552,0,35.1864775,-89.89692423,47157.0,3667.439919928807,1.6060517893511783,33818,33996,551,0,33445,33754,935764,374,1,0,373,242
2020-10-19,US,Tennessee,Smith,933,13,0,36.25359775,-85.95411046,47159.0,4628.664979907724,1.3933547695605573,920,930,13,0,917,920,19942,3,0,0,3,10
2020-10-19,US,Tennessee,Stewart,308,7,0,36.50235092,-87.83920548,47161.0,2245.7163689391173,2.272727272727273,301,305,7,0,298,301,13561,3,0,0,3,4
2020-10-19,US,Tennessee,Sullivan,3188,44,0,36.51240691,-82.30412917,47163.0,2013.28719023922,1.3801756587202008,3144,3103,44,0,3059,3072,157668,85,0,0,85,31
2020-10-19,US,Tennessee,Sumner,5636,107,0,36.46824103,-86.45917204,47165.0,2946.419702744103,1.8985095812633077,5529,5551,107,0,5444,5486,187149,85,0,0,85,65
2020-10-19,US,Tennessee,Tipton,2192,22,0,35.501942,-89.73694895,47167.0,3558.4993262877642,1.0036496350364963,2170,2171,22,0,2149,2151,61581,21,0,0,21,20
2020-10-19,US,Tennessee,Trousdale,1740,7,0,36.39026213,-86.16087954,47169.0,15420.06380716058,0.4022988505747127,1733,1727,7,0,1720,1720,11012,13,0,0,13,7
2020-10-19,US,Tennessee,Unassigned,3765,3,0,0.0,0.0,90047.0,0.0,0.0796812749003984,3762,3575,3,0,3572,3461,,190,0,0,190,114
2020-10-19,US,Tennessee,Unicoi,364,1,0,36.10890856,-82.43709629,47171.0,2035.452664541744,0.27472527472527475,363,346,1,0,345,340,17761,18,0,0,18,6
2020-10-19,US,Tennessee,Union,493,2,0,36.28590426,-83.83651902,47173.0,2468.4558381734428,0.4056795131845842,491,490,2,0,488,487,19688,3,0,0,3,3
2020-10-19,US,Tennessee,Van Buren,191,1,0,35.69864497,-85.45221699,47175.0,3252.724795640327,0.5235602094240838,190,191,1,0,190,190,5765,0,0,0,0,1
2020-10-19,US,Tennessee,Warren,1339,9,0,35.672829899999996,-85.77969117,47177.0,3243.937301644984,0.6721433905899925,1330,1326,9,0,1317,1293,40878,13,0,0,13,33
2020-10-19,US,Tennessee,Washington,3080,43,0,36.29472368,-82.49454720000001,47179.0,2380.6763285024153,1.3961038961038958,3037,2991,43,0,2948,2933,128607,89,0,0,89,58
2020-10-19,US,Tennessee,Wayne,1560,7,0,35.23868267,-87.78644456,47181.0,9356.444551070594,0.4487179487179487,1553,1553,7,0,1546,1552,16558,7,0,0,7,1
2020-10-19,US,Tennessee,Weakley,1434,25,0,36.29896232,-88.71990865,47183.0,4302.6884301488235,1.7433751743375174,1409,1429,25,0,1404,1416,33415,5,0,0,5,13
2020-10-19,US,Tennessee,White,1076,14,0,35.92929884,-85.45591799,47185.0,3934.9058328762103,1.3011152416356877,1062,1070,14,0,1056,1047,27107,6,0,0,6,23
2020-10-19,US,Tennessee,Williamson,6618,48,0,35.89099229,-86.89281867,47187.0,2775.866986561079,0.7252946509519492,6570,6484,48,0,6436,6374,231729,134,0,0,134,110
2020-10-19,US,Tennessee,Wilson,4402,53,0,36.15496772,-86.29775884,47189.0,3043.0604809998827,1.2039981826442523,4349,4318,53,0,4265,4254,140625,84,0,0,84,64
2020-10-19,US,Texas,Anderson,2909,38,0,31.81534745,-95.65354823,48001.0,5038.538148436824,1.3062908215881746,2871,2909,38,0,2871,2909,58057,0,0,0,0,0
2020-10-19,US,Texas,Andrews,547,10,0,32.30468633,-102.63765479999999,48003.0,2924.351777599573,1.828153564899452,537,547,10,0,537,547,18128,0,0,0,0,0
2020-10-19,US,Texas,Angelina,2251,88,0,31.25457347,-94.60901487,48005.0,2595.860001153203,3.909373611728121,2163,2251,88,0,2163,2251,87092,0,0,0,0,0
2020-10-19,US,Texas,Aransas,341,18,0,28.10556197,-96.9995047,48007.0,1450.4466184602295,5.278592375366569,323,341,18,0,323,341,23792,0,0,0,0,0
2020-10-19,US,Texas,Archer,114,1,0,33.61569967,-98.68754589,48009.0,1332.8656611715187,0.8771929824561403,113,114,1,0,113,114,8786,0,0,0,0,0
2020-10-19,US,Texas,Armstrong,18,1,0,34.96507426,-101.35748740000001,48011.0,953.8950715421304,5.5555555555555545,17,18,1,0,17,18,1892,0,0,0,0,0
2020-10-19,US,Texas,Atascosa,1257,35,0,28.89333001,-98.52730485,48013.0,2457.333880710809,2.7844073190135243,1222,1254,35,0,1219,1254,50310,3,0,0,3,0
2020-10-19,US,Texas,Austin,507,9,0,29.88548725,-96.27736949,48015.0,1688.1992541289292,1.7751479289940828,498,507,9,0,498,507,29989,0,0,0,0,0
2020-10-19,US,Texas,Bailey,264,5,0,34.06854817,-102.8299707,48017.0,3771.4285714285716,1.893939393939394,259,264,5,0,259,260,7027,0,0,0,0,4
2020-10-19,US,Texas,Bandera,183,8,0,29.74619598,-99.24598147,48019.0,791.7964693665629,4.371584699453551,175,178,8,0,170,178,22824,5,0,0,5,0
2020-10-19,US,Texas,Bastrop,1945,31,0,30.10370699,-97.31206354,48021.0,2192.2162235271576,1.5938303341902311,1914,1945,31,0,1914,1945,86976,0,0,0,0,0
2020-10-19,US,Texas,Baylor,42,2,0,33.61640794,-99.21352901,48023.0,1196.9222000569964,4.761904761904762,40,42,2,0,40,42,3582,0,0,0,0,0
2020-10-19,US,Texas,Bee,1831,37,0,28.41761668,-97.74215593,48025.0,5622.6009519422705,2.020753686510104,1794,1831,37,0,1794,1832,32587,0,0,0,0,-1
2020-10-19,US,Texas,Bell,6064,96,0,31.03736027,-97.4785025,48027.0,1670.873240678489,1.5831134564643798,5968,6064,96,0,5968,6064,355642,0,0,0,0,0
2020-10-19,US,Texas,Bexar,63426,1381,0,29.44928723,-98.52019748,48029.0,3165.6745962424766,2.177340522813988,62045,63328,1381,0,61947,60629,1986049,98,0,0,98,2699
2020-10-19,US,Texas,Blanco,153,6,0,30.26640707,-98.3999852,48031.0,1282.3736484787528,3.92156862745098,147,153,6,0,147,153,11702,0,0,0,0,0
2020-10-19,US,Texas,Borden,2,0,0,32.74363984,-101.43165090000001,48033.0,305.8103975535168,0.0,2,2,0,0,2,1,648,0,0,0,0,1
2020-10-19,US,Texas,Bosque,385,10,0,31.89978581,-97.63613524,48035.0,2060.476317902061,2.5974025974025974,375,385,10,0,375,385,18691,0,0,0,0,0
2020-10-19,US,Texas,Bowie,1681,72,0,33.44626922,-94.41834132,48037.0,1802.777628827283,4.283164782867341,1609,1668,71,0,1597,1668,94324,13,1,0,12,0
2020-10-19,US,Texas,Brazoria,12008,179,0,29.18757369,-95.44563172,48039.0,3208.430412756771,1.4906728847435042,11829,11954,179,0,11775,11954,370200,54,0,0,54,0
2020-10-19,US,Texas,Brazos,7317,66,0,30.663644800000004,-96.30205577,48041.0,3192.2551709996465,0.9020090200902008,7251,7291,65,0,7226,7262,226758,26,1,0,25,29
2020-10-19,US,Texas,Brewster,246,5,0,29.81008251,-103.25203259999999,48043.0,2673.041399543627,2.0325203252032518,241,246,5,0,241,246,9267,0,0,0,0,0
2020-10-19,US,Texas,Briscoe,18,1,0,34.53026962,-101.2084947,48045.0,1164.294954721863,5.5555555555555545,17,18,1,0,17,18,1516,0,0,0,0,0
2020-10-19,US,Texas,Brooks,341,23,0,27.03103197,-98.21808402,48047.0,4807.556746087692,6.744868035190616,318,341,23,0,318,350,7114,0,0,0,0,-9
2020-10-19,US,Texas,Brown,632,26,0,31.77430356,-98.99907113,48049.0,1669.131628987957,4.113924050632911,606,632,26,0,606,632,37924,0,0,0,0,0
2020-10-19,US,Texas,Burleson,420,6,0,30.49273808,-96.62158484,48051.0,2277.286775470368,1.4285714285714286,414,420,6,0,414,420,18389,0,0,0,0,0
2020-10-19,US,Texas,Burnet,854,12,0,30.78801353,-98.181887,48053.0,1773.4399335479181,1.4051522248243558,842,854,12,0,842,854,47542,0,0,0,0,0
2020-10-19,US,Texas,Caldwell,1675,37,0,29.83668859,-97.61814775,48055.0,3836.112128984976,2.2089552238805967,1638,1675,37,0,1638,1675,43247,0,0,0,0,0
2020-10-19,US,Texas,Calhoun,882,9,0,28.47048236,-96.61633945,48057.0,4142.790042273366,1.020408163265306,873,879,9,0,870,879,21561,3,0,0,3,0
2020-10-19,US,Texas,Callahan,110,4,0,32.29760619,-99.37326312,48059.0,788.9263429677975,3.636363636363636,106,110,4,0,106,110,13994,0,0,0,0,0
2020-10-19,US,Texas,Cameron,23709,1066,0,26.14524221,-97.48140372,48061.0,5602.805538291392,4.496182884136826,22643,23709,1063,0,22646,23662,423908,0,3,0,-3,47
2020-10-19,US,Texas,Camp,384,13,0,32.97195142,-94.97790104,48063.0,2932.6409042309456,3.3854166666666665,371,383,13,0,370,383,13033,1,0,0,1,0
2020-10-19,US,Texas,Carson,49,0,0,35.40365929,-101.35426690000001,48065.0,826.8646641916977,0.0,49,49,0,0,49,49,6005,0,0,0,0,0
2020-10-19,US,Texas,Cass,461,21,0,33.07499881,-94.34646905,48067.0,1535.3360420968493,4.55531453362256,440,461,21,0,440,461,30119,0,0,0,0,0
2020-10-19,US,Texas,Castro,287,6,0,34.53016752,-102.2617243,48069.0,3811.420982735724,2.0905923344947737,281,287,6,0,281,285,7665,0,0,0,0,2
2020-10-19,US,Texas,Chambers,1497,8,0,29.70972016,-94.67154501,48071.0,3414.923466478089,0.5344021376085505,1489,1497,8,0,1489,1497,42454,0,0,0,0,0
2020-10-19,US,Texas,Cherokee,1611,31,0,31.837258000000002,-95.16559897,48073.0,3060.0615431371807,1.9242706393544384,1580,1611,31,0,1580,1611,52592,0,0,0,0,0
2020-10-19,US,Texas,Childress,91,0,0,34.529304100000004,-100.2077916,48075.0,1245.5516014234875,0.0,91,91,0,0,91,91,7291,0,0,0,0,0
2020-10-19,US,Texas,Clay,97,2,0,33.78686685,-98.20771198,48077.0,926.3680641772514,2.061855670103093,95,97,2,0,95,97,10456,0,0,0,0,0
2020-10-19,US,Texas,Cochran,81,1,0,33.60425307,-102.82844990000001,48079.0,2839.116719242902,1.2345679012345678,80,81,1,0,80,81,2836,0,0,0,0,0
2020-10-19,US,Texas,Coke,84,4,0,31.88911733,-100.5297533,48081.0,2480.070859167405,4.761904761904762,80,84,4,0,80,84,3370,0,0,0,0,0
2020-10-19,US,Texas,Coleman,84,4,0,31.76736834,-99.45240766,48083.0,1027.5229357798164,4.761904761904762,80,84,4,0,80,84,8397,0,0,0,0,0
2020-10-19,US,Texas,Collin,16937,171,0,33.18820114,-96.57264368,48085.0,1636.852125675297,1.0096239003365413,16766,16937,171,0,16766,16862,1005146,0,0,0,0,75
2020-10-19,US,Texas,Collingsworth,19,0,0,34.96489496,-100.27001109999999,48087.0,650.6849315068494,0.0,19,19,0,0,19,19,2962,0,0,0,0,0
2020-10-19,US,Texas,Colorado,498,4,0,29.622097999999998,-96.5273805,48089.0,2317.033452752059,0.8032128514056225,494,498,4,0,494,496,21217,0,0,0,0,2
2020-10-19,US,Texas,Comal,2822,105,0,29.80811278,-98.27647225,48091.0,1806.5540397800385,3.720765414599575,2717,2822,105,0,2717,2822,148373,0,0,0,0,0
2020-10-19,US,Texas,Comanche,343,5,0,31.94854689,-98.55876441,48093.0,2515.584891822516,1.4577259475218658,338,343,5,0,338,343,13534,0,0,0,0,0
2020-10-19,US,Texas,Concho,140,2,0,31.32635934,-99.86473038,48095.0,5135.730007336757,1.4285714285714286,138,140,2,0,138,140,4276,0,0,0,0,0
2020-10-19,US,Texas,Cooke,505,7,0,33.63979567,-97.21240912,48097.0,1224.0347092614584,1.3861386138613858,498,505,7,0,498,505,40574,0,0,0,0,0
2020-10-19,US,Texas,Coryell,1941,13,0,31.39078397,-97.79936155,48099.0,2555.595054706324,0.6697578567748583,1928,1941,13,0,1928,1941,74808,0,0,0,0,0
2020-10-19,US,Texas,Cottle,33,3,0,34.07783319,-100.27850620000001,48101.0,2360.5150214592277,9.090909090909092,30,33,3,0,30,33,1389,0,0,0,0,0
2020-10-19,US,Texas,Crane,73,2,0,31.43052248,-102.5143314,48103.0,1521.7844486137174,2.7397260273972597,71,73,2,0,71,73,4794,0,0,0,0,0
2020-10-19,US,Texas,Crockett,166,7,0,30.72367027,-101.4134238,48105.0,4792.147806004619,4.216867469879518,159,166,7,0,159,166,3499,0,0,0,0,0
2020-10-19,US,Texas,Crosby,105,6,0,33.61431553,-101.30003640000001,48107.0,1830.2248561966187,5.7142857142857135,99,105,6,0,99,105,5779,0,0,0,0,0
2020-10-19,US,Texas,Culberson,84,2,0,31.44506775,-104.5185739,48109.0,3869.184707508061,2.380952380952381,82,84,2,0,82,84,2204,0,0,0,0,0
2020-10-19,US,Texas,Dallam,331,10,0,36.27787176,-102.60207249999999,48111.0,4542.335666254975,3.0211480362537766,321,331,10,0,321,331,7200,0,0,0,0,0
2020-10-19,US,Texas,Dallas,90318,1194,0,32.76670599,-96.77796049999999,48113.0,3426.9569981741715,1.3219956154919286,89124,89987,1194,0,88793,89433,2637772,331,0,0,331,554
2020-10-19,US,Texas,Dawson,713,15,0,32.74255572,-101.94772420000001,48115.0,5601.822752985545,2.1037868162692845,698,713,15,0,698,697,12619,0,0,0,0,16
2020-10-19,US,Texas,DeWitt,1058,42,0,29.08101855,-97.35681170000001,48123.0,5248.015873015873,3.9697542533081287,1016,1058,42,0,1016,1058,20187,0,0,0,0,0
2020-10-19,US,Texas,Deaf Smith,965,25,0,34.96522957,-102.6054267,48117.0,5203.278334950934,2.5906735751295336,940,965,25,0,940,965,18760,0,0,0,0,0
2020-10-19,US,Texas,Delta,32,0,0,33.38570922,-95.66921122,48119.0,600.2626148940161,0.0,32,32,0,0,32,32,5349,0,0,0,0,0
2020-10-19,US,Texas,Denton,13547,165,0,33.20521901,-97.11691153,48121.0,1526.9266360612573,1.217981840998007,13382,13547,165,0,13382,13547,859064,0,0,0,0,0
2020-10-19,US,Texas,Dickens,51,2,0,33.61616822,-100.7788855,48125.0,2306.648575305292,3.92156862745098,49,51,2,0,49,51,2249,0,0,0,0,0
2020-10-19,US,Texas,Dimmit,276,7,0,28.42270064,-99.75645095,48127.0,2726.195179770841,2.5362318840579707,269,275,7,0,268,275,10308,1,0,0,1,0
2020-10-19,US,Texas,Donley,82,1,0,34.96517499,-100.8140093,48129.0,2501.5253203172665,1.2195121951219512,81,82,1,0,81,82,3319,0,0,0,0,0
2020-10-19,US,Texas,Duval,469,20,0,27.68184592,-98.50864568,48131.0,4203.638971049565,4.264392324093817,449,469,20,0,449,468,11212,0,0,0,0,1
2020-10-19,US,Texas,Eastland,226,6,0,32.32743996,-98.83243566,48133.0,1230.9368191721132,2.6548672566371683,220,226,6,0,220,226,18322,0,0,0,0,0
2020-10-19,US,Texas,Ector,5726,112,0,31.86898877,-102.54294279999999,48135.0,3444.769977680585,1.9559902200489,5614,5613,108,0,5505,5613,162124,113,4,0,109,0
2020-10-19,US,Texas,Edwards,66,2,0,29.98202582,-100.304252,48137.0,3416.149068322981,3.0303030303030303,64,66,2,0,64,66,1928,0,0,0,0,0
2020-10-19,US,Texas,El Paso,33326,575,0,31.76980765,-106.23632749999999,48141.0,3970.983201427962,1.7253795835083718,32751,32758,575,0,32183,32060,840758,568,0,0,568,698
2020-10-19,US,Texas,Ellis,4729,74,0,32.34894117,-96.79371841,48139.0,2558.622704597838,1.5648128568407698,4655,4729,74,0,4655,4729,179436,0,0,0,0,0
2020-10-19,US,Texas,Erath,974,13,0,32.23602653,-98.21773417,48143.0,2281.1372898028008,1.3347022587268993,961,974,13,0,961,974,42446,0,0,0,0,0
2020-10-19,US,Texas,Falls,635,5,0,31.25350609,-96.93630086,48145.0,3671.156848008325,0.7874015748031497,630,635,5,0,630,635,17335,0,0,0,0,0
2020-10-19,US,Texas,Fannin,746,16,0,33.59564294,-96.10751083,48147.0,2100.58005293687,2.1447721179624666,730,746,16,0,730,746,35286,0,0,0,0,0
2020-10-19,US,Texas,Fayette,656,22,0,29.87788372,-96.92076062,48149.0,2588.17959441332,3.3536585365853657,634,653,22,0,631,653,25349,3,0,0,3,0
2020-10-19,US,Texas,Fisher,83,3,0,32.74281316,-100.40193020000001,48151.0,2167.1018276762397,3.614457831325301,80,83,3,0,80,83,3839,0,0,0,0,0
2020-10-19,US,Texas,Floyd,120,9,0,34.07227468,-101.3031546,48153.0,2100.840336134454,7.5,111,120,9,0,111,120,5837,0,0,0,0,0
2020-10-19,US,Texas,Foard,20,0,0,33.97308618,-99.7767797,48155.0,1731.6017316017317,0.0,20,20,0,0,20,20,1200,0,0,0,0,0
2020-10-19,US,Texas,Fort Bend,17157,303,0,29.52704478,-95.77219463,48157.0,2113.743211677393,1.7660430145130268,16854,17126,303,0,16823,17126,787858,31,0,0,31,0
2020-10-19,US,Texas,Franklin,170,6,0,33.17653242,-95.21917243,48159.0,1585.081585081585,3.5294117647058822,164,170,6,0,164,170,10766,0,0,0,0,0
2020-10-19,US,Texas,Freestone,438,4,0,31.70422788,-96.15072516,48161.0,2221.433280925089,0.9132420091324199,434,438,4,0,434,438,19808,0,0,0,0,0
2020-10-19,US,Texas,Frio,1013,9,0,28.86751206,-99.10804207,48163.0,4988.673298532453,0.8884501480750246,1004,1012,9,0,1003,1012,19816,1,0,0,1,0
2020-10-19,US,Texas,Gaines,461,10,0,32.74055318,-102.6353295,48165.0,2144.98418016006,2.169197396963124,451,461,10,0,451,454,20901,0,0,0,0,7
2020-10-19,US,Texas,Galveston,12090,166,0,29.40167322,-94.90469073,48167.0,3533.651527595509,1.3730355665839538,11924,12090,166,0,11924,12046,337890,0,0,0,0,44
2020-10-19,US,Texas,Garza,118,4,0,33.17969345,-101.2984114,48169.0,1894.365066623856,3.3898305084745757,114,118,4,0,114,118,6578,0,0,0,0,0
2020-10-19,US,Texas,Gillespie,349,10,0,30.31824095,-98.94676915,48171.0,1293.1673336297613,2.8653295128939833,339,346,10,0,336,346,26804,3,0,0,3,0
2020-10-19,US,Texas,Glasscock,11,0,0,31.86942909,-101.5207776,48173.0,780.69552874379,0.0,11,11,0,0,11,11,1388,0,0,0,0,0
2020-10-19,US,Texas,Goliad,157,6,0,28.65696592,-97.42760647,48175.0,2050.1436406372422,3.8216560509554136,151,157,6,0,151,157,7584,0,0,0,0,0
2020-10-19,US,Texas,Gonzales,1095,19,0,29.45634206,-97.49424032,48177.0,5255.075106781206,1.735159817351598,1076,1092,19,0,1073,1092,20826,3,0,0,3,0
2020-10-19,US,Texas,Gray,397,10,0,35.40081878,-100.8129222,48179.0,1813.9449876633466,2.5188916876574305,387,397,10,0,387,386,21895,0,0,0,0,11
2020-10-19,US,Texas,Grayson,2280,60,0,33.62744998,-96.67753461,48181.0,1673.8613338031894,2.631578947368421,2220,2280,60,0,2220,2280,133991,0,0,0,0,0
2020-10-19,US,Texas,Gregg,2431,82,0,32.47940482,-94.81591935,48183.0,1961.353826293921,3.373097490744549,2349,2431,82,0,2349,2431,123707,0,0,0,0,0
2020-10-19,US,Texas,Grimes,1152,35,0,30.54579585,-95.98902499,48185.0,3988.919667590028,3.0381944444444446,1117,1152,35,0,1117,1152,28360,0,0,0,0,0
2020-10-19,US,Texas,Guadalupe,3796,79,0,29.58165339,-97.94786822,48187.0,2275.138300359012,2.0811380400421498,3717,3784,79,0,3705,3784,163694,12,0,0,12,0
2020-10-19,US,Texas,Hale,2306,59,0,34.07044901,-101.82681140000001,48189.0,6902.95156558702,2.558542931483088,2247,2259,59,0,2200,2259,33830,47,0,0,47,0
2020-10-19,US,Texas,Hall,36,1,0,34.5307555,-100.68138520000001,48191.0,1214.5748987854256,2.7777777777777777,35,36,1,0,35,36,3028,0,0,0,0,0
2020-10-19,US,Texas,Hamilton,182,4,0,31.70470573,-98.11083887,48193.0,2151.0459756529967,2.1978021978021984,178,182,4,0,178,182,8484,0,0,0,0,0
2020-10-19,US,Texas,Hansford,187,6,0,36.27743284,-101.3545796,48195.0,3463.604371179848,3.2085561497326203,181,187,6,0,181,187,5463,0,0,0,0,0
2020-10-19,US,Texas,Hardeman,59,1,0,34.28944521,-99.74632408,48197.0,1500.1271294177473,1.6949152542372878,58,59,1,0,58,59,3922,0,0,0,0,0
2020-10-19,US,Texas,Hardin,1405,33,0,30.33364686,-94.38931817,48199.0,2439.151418353529,2.3487544483985765,1372,1405,33,0,1372,1405,57207,0,0,0,0,0
2020-10-19,US,Texas,Harris,154765,2729,0,29.85864939,-95.39339521,48201.0,3283.5630897508668,1.7633185797822506,152036,154367,2728,0,151639,153955,4698619,398,1,0,397,412
2020-10-19,US,Texas,Harrison,1012,37,0,32.54935988,-94.36934071,48203.0,1520.5926104007333,3.656126482213439,975,1012,37,0,975,1012,66726,0,0,0,0,0
2020-10-19,US,Texas,Hartley,163,0,0,35.84008013,-102.6029022,48205.0,2923.2424677187946,0.0,163,163,0,0,163,163,5619,0,0,0,0,0
2020-10-19,US,Texas,Haskell,77,3,0,33.17823584,-99.73037358,48207.0,1360.90491339696,3.8961038961038965,74,77,3,0,74,77,5813,0,0,0,0,0
2020-10-19,US,Texas,Hays,6161,71,0,30.05669873,-98.02944344,48209.0,2676.473015886807,1.152410322999513,6090,6155,71,0,6084,6155,222631,6,0,0,6,0
2020-10-19,US,Texas,Hemphill,132,0,0,35.83764858,-100.2703577,48211.0,3456.402199528673,0.0,132,132,0,0,132,132,3825,0,0,0,0,0
2020-10-19,US,Texas,Henderson,1163,28,0,32.21128872,-95.85846587,48213.0,1405.6588950529992,2.407566638005159,1135,1163,28,0,1135,1163,82299,0,0,0,0,0
2020-10-19,US,Texas,Hidalgo,34179,1895,0,26.39418217,-98.18299696,48215.0,3934.4681233143046,5.544340091869277,32284,34179,1895,0,32284,34179,865939,0,0,0,0,0
2020-10-19,US,Texas,Hill,761,15,0,31.99045053,-97.13423143,48217.0,2076.455019236541,1.9710906701708282,746,761,15,0,746,761,36354,0,0,0,0,0
2020-10-19,US,Texas,Hockley,483,11,0,33.60771256,-102.3431676,48219.0,2098.084357760306,2.2774327122153206,472,483,11,0,472,483,22980,0,0,0,0,0
2020-10-19,US,Texas,Hood,1111,35,0,32.42990927,-97.83242024,48221.0,1802.3133202472304,3.1503150315031503,1076,1111,35,0,1076,1111,60537,0,0,0,0,0
2020-10-19,US,Texas,Hopkins,475,23,0,33.14875072,-95.56351139,48223.0,1280.8758494229314,4.842105263157895,452,475,23,0,452,475,36810,0,0,0,0,0
2020-10-19,US,Texas,Houston,398,11,0,31.31925973,-95.42226208,48225.0,1732.8456983629394,2.7638190954773867,387,398,11,0,387,398,23169,0,0,0,0,0
2020-10-19,US,Texas,Howard,1013,19,0,32.30621324,-101.4356444,48227.0,2762.928212960943,1.8756169792694968,994,1013,19,0,994,1013,36459,0,0,0,0,0
2020-10-19,US,Texas,Hudspeth,72,3,0,31.45628381,-105.388178,48229.0,1473.5980352026197,4.166666666666667,69,72,3,0,69,72,4795,0,0,0,0,0
2020-10-19,US,Texas,Hunt,1863,43,0,33.12351514,-96.08551032,48231.0,1889.567316469562,2.3081052066559318,1820,1863,43,0,1820,1863,96493,0,0,0,0,0
2020-10-19,US,Texas,Hutchinson,283,7,0,35.84006574,-101.3546643,48233.0,1351.6095138026556,2.4734982332155475,276,283,7,0,276,283,21198,0,0,0,0,0
2020-10-19,US,Texas,Irion,13,0,0,31.30375559,-100.982439,48235.0,846.3541666666665,0.0,13,13,0,0,13,13,1522,0,0,0,0,0
2020-10-19,US,Texas,Jack,148,3,0,33.23377248,-98.17283469,48237.0,1656.4073866815893,2.0270270270270268,145,148,3,0,145,148,8843,0,0,0,0,0
2020-10-19,US,Texas,Jackson,636,16,0,28.95472367,-96.57749563,48239.0,4308.943089430894,2.5157232704402515,620,636,16,0,620,636,14874,0,0,0,0,0
2020-10-19,US,Texas,Jasper,507,34,0,30.74685667,-94.02667579,48241.0,1427.0032930845225,6.7061143984220895,473,507,34,0,473,507,35872,0,0,0,0,0
2020-10-19,US,Texas,Jeff Davis,17,0,0,30.71490589,-104.1399973,48243.0,747.5813544415128,0.0,17,17,0,0,17,17,2252,0,0,0,0,0
2020-10-19,US,Texas,Jefferson,8017,146,0,29.8832777,-94.16434171,48245.0,3186.8503170154827,1.8211300985406007,7871,8017,146,0,7871,8017,255001,0,0,0,0,0
2020-10-19,US,Texas,Jim Hogg,156,4,0,27.04453923,-98.69681870000001,48247.0,3000.0,2.5641025641025643,152,156,4,0,152,156,5248,0,0,0,0,0
2020-10-19,US,Texas,Jim Wells,1525,46,0,27.73103938,-98.0904705,48249.0,3767.1063682624376,3.0163934426229506,1479,1525,46,0,1479,1524,40822,0,0,0,0,1
2020-10-19,US,Texas,Johnson,3426,62,0,32.37877812,-97.36615819,48251.0,1948.6170279324524,1.8096906012842968,3364,3426,62,0,3364,3426,171361,0,0,0,0,0
2020-10-19,US,Texas,Jones,586,2,0,32.73997145,-99.87861576,48253.0,2917.8907533734996,0.3412969283276451,584,586,2,0,584,586,19817,0,0,0,0,0
2020-10-19,US,Texas,Karnes,946,17,0,28.90705334,-97.85960149,48255.0,6063.713864495866,1.7970401691331923,929,946,17,0,929,946,15650,0,0,0,0,0
2020-10-19,US,Texas,Kaufman,3379,52,0,32.599141700000004,-96.28734728,48257.0,2481.748608193663,1.5389168393015684,3327,3379,52,0,3327,3379,128622,0,0,0,0,0
2020-10-19,US,Texas,Kendall,377,10,0,29.94414155,-98.7113588,48259.0,794.8388184942337,2.6525198938992043,367,374,10,0,364,374,45641,3,0,0,3,0
2020-10-19,US,Texas,Kenedy,7,2,0,26.92601662,-97.66413984,48261.0,1732.6732673267327,28.57142857142857,5,7,2,0,5,7,442,0,0,0,0,0
2020-10-19,US,Texas,Kent,10,0,0,33.18104136,-100.7780939,48263.0,1312.3359580052493,0.0,10,10,0,0,10,10,726,0,0,0,0,0
2020-10-19,US,Texas,Kerr,670,13,0,30.06040006,-99.34930144,48265.0,1273.764258555133,1.9402985074626864,657,669,13,0,656,669,52405,1,0,0,1,0
2020-10-19,US,Texas,Kimble,21,1,0,30.48678918,-99.74856473,48267.0,484.2056721235877,4.761904761904762,20,21,1,0,20,21,4362,0,0,0,0,0
2020-10-19,US,Texas,King,1,0,0,33.61643847,-100.2558057,48269.0,367.6470588235293,0.0,1,1,0,0,1,1,277,0,0,0,0,0
2020-10-19,US,Texas,Kinney,71,1,0,29.34967888,-100.41866379999999,48271.0,1936.187619307336,1.4084507042253518,70,62,1,0,61,62,3767,9,0,0,9,0
2020-10-19,US,Texas,Kleberg,999,49,0,27.42435506,-97.69894948,48273.0,3256.19295958279,4.904904904904906,950,999,49,0,950,998,31129,0,0,0,0,1
2020-10-19,US,Texas,Knox,110,8,0,33.60519951,-99.74229059999999,48275.0,3002.183406113537,7.272727272727272,102,110,8,0,102,110,3653,0,0,0,0,0
2020-10-19,US,Texas,La Salle,349,13,0,28.34453111,-99.09908775,48283.0,4640.95744680851,3.7249283667621778,336,349,13,0,336,349,7531,0,0,0,0,0
2020-10-19,US,Texas,Lamar,1593,44,0,33.66981763,-95.57404777,48277.0,3195.0099279969513,2.7620841180163214,1549,1593,44,0,1549,1593,49728,0,0,0,0,0
2020-10-19,US,Texas,Lamb,452,23,0,34.06859623,-102.35162890000001,48279.0,3505.7783293259913,5.088495575221238,429,452,23,0,429,452,13158,0,0,0,0,0
2020-10-19,US,Texas,Lampasas,297,9,0,31.19531316,-98.24206613,48281.0,1386.0369609856266,3.0303030303030303,288,297,9,0,288,297,21229,0,0,0,0,0
2020-10-19,US,Texas,Lavaca,1099,37,0,29.38508402,-96.93186692,48285.0,5453.01180907016,3.3666969972702456,1062,1087,37,0,1050,1087,20110,12,0,0,12,0
2020-10-19,US,Texas,Lee,235,14,0,30.31120597,-96.97045773,48287.0,1363.1881199605546,5.957446808510637,221,235,14,0,221,235,17144,0,0,0,0,0
2020-10-19,US,Texas,Leon,319,10,0,31.29872538,-95.9936328,48289.0,1832.9119742587911,3.134796238244514,309,319,10,0,309,319,17270,0,0,0,0,0
2020-10-19,US,Texas,Liberty,2269,54,0,30.15152688,-94.81205615,48291.0,2572.008297532277,2.379903040987219,2215,2267,54,0,2213,2263,86323,2,0,0,2,4
2020-10-19,US,Texas,Limestone,659,16,0,31.5454767,-96.58095444,48293.0,2811.793318257456,2.427921092564492,643,659,16,0,643,659,23519,0,0,0,0,0
2020-10-19,US,Texas,Lipscomb,63,1,0,36.27783108,-100.27331509999999,48295.0,1948.654500463965,1.5873015873015872,62,63,1,0,62,63,3355,0,0,0,0,0
2020-10-19,US,Texas,Live Oak,374,9,0,28.35101362,-98.1246786,48297.0,3063.815843368559,2.406417112299465,365,374,9,0,365,374,12166,0,0,0,0,0
2020-10-19,US,Texas,Llano,165,2,0,30.70645047,-98.68475262,48299.0,757.0543702684101,1.2121212121212122,163,165,2,0,163,165,21646,0,0,0,0,0
2020-10-19,US,Texas,Lubbock,15626,152,0,33.61008596,-101.82047890000001,48303.0,5031.410089223329,0.9727377447843338,15474,15401,152,0,15249,15174,307412,225,0,0,225,227
2020-10-19,US,Texas,Lynn,148,5,0,33.17657705,-101.8162849,48305.0,2486.976978659049,3.3783783783783785,143,148,5,0,143,144,5877,0,0,0,0,4
2020-10-19,US,Texas,Madison,742,6,0,30.96694679,-95.93003775,48313.0,5194.623354802577,0.8086253369272237,736,742,6,0,736,742,14422,0,0,0,0,0
2020-10-19,US,Texas,Marion,163,14,0,32.79868409,-94.35661230000001,48315.0,1654.1505987416278,8.588957055214724,149,163,14,0,149,163,9928,0,0,0,0,0
2020-10-19,US,Texas,Martin,85,7,0,32.30600051,-101.9513518,48317.0,1472.8816496274476,8.235294117647058,78,85,7,0,78,85,5753,0,0,0,0,0
2020-10-19,US,Texas,Mason,80,2,0,30.71780434,-99.22629416,48319.0,1871.7828731867105,2.5,78,80,2,0,78,80,4280,0,0,0,0,0
2020-10-19,US,Texas,Matagorda,1085,51,0,28.81955746,-96.01230294,48321.0,2961.00210135633,4.700460829493087,1034,1085,51,0,1034,1083,36552,0,0,0,0,2
2020-10-19,US,Texas,Maverick,3838,142,0,28.7429195,-100.3157686,48323.0,6535.880930486021,3.6998436685773837,3696,3838,142,0,3696,3838,58485,0,0,0,0,0
2020-10-19,US,Texas,McCulloch,187,4,0,31.1925468,-99.34682807,48307.0,2342.184368737475,2.1390374331550803,183,187,4,0,183,187,7987,0,0,0,0,0
2020-10-19,US,Texas,McLennan,9431,125,0,31.55255453,-97.20217694,48309.0,3675.040818632781,1.325416180680734,9306,9399,125,0,9274,9290,254607,32,0,0,32,109
2020-10-19,US,Texas,McMullen,24,1,0,28.35251708,-98.56769164,48311.0,3230.1480484522212,4.166666666666667,23,24,1,0,23,24,749,0,0,0,0,0
2020-10-19,US,Texas,Medina,1250,48,0,29.355730100000002,-99.11030298,48325.0,2423.2320099255585,3.84,1202,1250,48,0,1202,1250,50921,0,0,0,0,0
2020-10-19,US,Texas,Menard,39,0,0,30.88990665,-99.82047940000001,48327.0,1824.1347053320856,0.0,39,39,0,0,39,39,2139,0,0,0,0,0
2020-10-19,US,Texas,Midland,4550,89,0,31.86904128,-102.03156820000001,48329.0,2573.063698878031,1.956043956043956,4461,4444,88,0,4356,4444,172578,106,1,0,105,0
2020-10-19,US,Texas,Milam,539,7,0,30.78581830000001,-96.97718698,48331.0,2171.3733231277442,1.2987012987012987,532,537,7,0,530,537,25131,2,0,0,2,0
2020-10-19,US,Texas,Mills,71,0,0,31.49557106,-98.59272068,48333.0,1457.0080032833982,0.0,71,71,0,0,71,71,4921,0,0,0,0,0
2020-10-19,US,Texas,Mitchell,135,2,0,32.30623474,-100.9212058,48335.0,1579.8712697483911,1.4814814814814814,133,135,2,0,133,135,8145,0,0,0,0,0
2020-10-19,US,Texas,Montague,238,4,0,33.67521893,-97.72500958,48337.0,1200.928448884852,1.680672268907563,234,238,4,0,234,238,19596,0,0,0,0,0
2020-10-19,US,Texas,Montgomery,12991,170,0,30.30079133,-95.50572772,48339.0,2138.8199693442943,1.3085982603340771,12821,12844,170,0,12674,12844,590925,147,0,0,147,0
2020-10-19,US,Texas,Moore,1268,22,0,35.83769242,-101.8930281,48341.0,6055.396370582617,1.7350157728706626,1246,1268,22,0,1246,1268,21485,0,0,0,0,0
2020-10-19,US,Texas,Morris,201,5,0,33.11304005,-94.73255695,48343.0,1622.5379399418796,2.487562189054726,196,201,5,0,196,201,12339,0,0,0,0,0
2020-10-19,US,Texas,Motley,12,0,0,34.07408766,-100.77972199999999,48345.0,1000.0,0.0,12,12,0,0,12,12,1234,0,0,0,0,0
2020-10-19,US,Texas,Nacogdoches,1742,67,0,31.62017125,-94.61803994,48347.0,2671.6152383289373,3.8461538461538463,1675,1734,66,0,1668,1734,65711,8,1,0,7,0
2020-10-19,US,Texas,Navarro,1378,30,0,32.04620681,-96.47428766,48349.0,2749.785484804342,2.177068214804064,1348,1378,30,0,1348,1378,49565,0,0,0,0,0
2020-10-19,US,Texas,Newton,187,13,0,30.78548982,-93.74408813,48351.0,1375.5057006252298,6.951871657754011,174,187,13,0,174,187,13746,0,0,0,0,0
2020-10-19,US,Texas,Nolan,361,5,0,32.30365282,-100.4060208,48353.0,2453.445697974718,1.3850415512465375,356,361,5,0,356,361,14751,0,0,0,0,0
2020-10-19,US,Texas,Nueces,21005,437,0,27.736286,-97.5433285,48355.0,5797.777495625101,2.0804570340395143,20568,20993,436,0,20557,20982,362265,12,1,0,11,11
2020-10-19,US,Texas,Ochiltree,256,5,0,36.27829105,-100.8158184,48357.0,2602.684017893453,1.953125,251,256,5,0,251,256,9947,0,0,0,0,0
2020-10-19,US,Texas,Oldham,25,2,0,35.40425596,-102.6027606,48359.0,1183.7121212121212,8.0,23,25,1,0,24,25,2131,0,1,0,-1,0
2020-10-19,US,Texas,Orange,2071,46,0,30.11879481,-93.89412775,48361.0,2483.332533934481,2.221149203283438,2025,2071,46,0,2025,2071,83572,0,0,0,0,0
2020-10-19,US,Texas,Palo Pinto,662,17,0,32.75310985,-98.31319001,48363.0,2267.9776628181853,2.5679758308157097,645,662,17,0,645,662,28875,0,0,0,0,0
2020-10-19,US,Texas,Panola,448,27,0,32.163959600000005,-94.30552481,48365.0,1931.534017418298,6.0267857142857135,421,447,27,0,420,447,23148,1,0,0,1,0
2020-10-19,US,Texas,Parker,2256,42,0,32.77757172,-97.80500621,48367.0,1578.9694704573133,1.8617021276595744,2214,2256,42,0,2214,2256,138371,0,0,0,0,0
2020-10-19,US,Texas,Parmer,532,16,0,34.52993409,-102.78446679999999,48369.0,5538.7818844351905,3.0075187969924815,516,532,16,0,516,529,9864,0,0,0,0,3
2020-10-19,US,Texas,Pecos,424,5,0,30.78097267,-102.72412609999999,48371.0,2679.6435568476268,1.179245283018868,419,424,5,0,419,424,15673,0,0,0,0,0
2020-10-19,US,Texas,Polk,902,30,0,30.79472531,-94.82766240000001,48373.0,1756.4699238603393,3.3259423503325944,872,902,30,0,872,902,50031,0,0,0,0,0
2020-10-19,US,Texas,Potter,7239,92,0,35.40133773,-101.893964,48375.0,6165.311076097602,1.2708937698577152,7147,7130,92,0,7038,7130,119648,109,0,0,109,0
2020-10-19,US,Texas,Presidio,121,7,0,29.99954402,-104.24080790000001,48377.0,1804.892601431981,5.785123966942148,114,121,7,0,114,121,6948,0,0,0,0,0
2020-10-19,US,Texas,Rains,80,5,0,32.87109387,-95.79232691,48379.0,639.284001917852,6.25,75,80,5,0,75,80,12159,0,0,0,0,0
2020-10-19,US,Texas,Randall,4291,49,0,34.96585996,-101.8971322,48381.0,3115.9004596515942,1.1419249592169658,4242,4291,49,0,4242,4291,136271,0,0,0,0,0
2020-10-19,US,Texas,Reagan,89,6,0,31.36607041,-101.52326590000001,48383.0,2312.288906209405,6.741573033707866,83,89,6,0,83,89,3741,0,0,0,0,0
2020-10-19,US,Texas,Real,108,8,0,29.83321503,-99.82018052,48385.0,3128.6210892236377,7.407407407407407,100,108,8,0,100,108,3478,0,0,0,0,0
2020-10-19,US,Texas,Red River,181,15,0,33.61886692,-95.04841765,48387.0,1505.4478915412124,8.287292817679559,166,181,15,0,166,181,12175,0,0,0,0,0
2020-10-19,US,Texas,Reeves,242,6,0,31.32323325,-103.69038959999999,48389.0,1514.772158237356,2.479338842975207,236,242,6,0,236,242,15695,0,0,0,0,0
2020-10-19,US,Texas,Refugio,305,15,0,28.323897600000002,-97.15766311,48391.0,4389.752446747266,4.918032786885246,290,305,15,0,290,305,7032,0,0,0,0,0
2020-10-19,US,Texas,Roberts,14,0,0,35.83809685,-100.813175,48393.0,1639.344262295082,0.0,14,14,0,0,14,14,903,0,0,0,0,0
2020-10-19,US,Texas,Robertson,402,4,0,31.02539637,-96.51272246,48395.0,2354.4570692280663,0.9950248756218906,398,402,4,0,398,402,17284,0,0,0,0,0
2020-10-19,US,Texas,Rockwall,1792,31,0,32.89779518,-96.40771592,48397.0,1708.049373302197,1.7299107142857142,1761,1792,31,0,1761,1792,100657,0,0,0,0,0
2020-10-19,US,Texas,Runnels,287,9,0,31.8314342,-99.97616148,48399.0,2796.1808261886213,3.1358885017421603,278,287,9,0,278,287,10234,0,0,0,0,0
2020-10-19,US,Texas,Rusk,954,20,0,32.10773545,-94.76176432,48401.0,1753.4830717200311,2.0964360587002098,934,955,20,0,935,955,54450,-1,0,0,-1,0
2020-10-19,US,Texas,Sabine,87,9,0,31.34318809,-93.85440451,48403.0,825.2703471826977,10.344827586206897,78,87,9,0,78,87,10589,0,0,0,0,0
2020-10-19,US,Texas,San Augustine,213,15,0,31.39457611,-94.17000399,48405.0,2585.892922180405,7.042253521126762,198,213,15,0,198,213,8232,0,0,0,0,0
2020-10-19,US,Texas,San Jacinto,235,11,0,30.57933681,-95.16260304,48407.0,814.3040299386673,4.680851063829787,224,231,11,0,220,231,28719,4,0,0,4,0
2020-10-19,US,Texas,San Patricio,1549,79,0,28.00880118,-97.51763891,48409.0,2321.29476996853,5.100064557779213,1470,1549,79,0,1470,1549,66893,0,0,0,0,0
2020-10-19,US,Texas,San Saba,110,0,0,31.1577796,-98.81758731,48411.0,1816.6804293971925,0.0,110,110,0,0,110,110,6054,0,0,0,0,0
2020-10-19,US,Texas,Schleicher,55,2,0,30.89740592,-100.5384842,48413.0,1969.2087361260294,3.636363636363636,53,55,2,0,53,55,2895,0,0,0,0,0
2020-10-19,US,Texas,Scurry,957,11,0,32.74613808,-100.91626640000001,48415.0,5729.509668921751,1.1494252873563218,946,957,11,0,946,957,16866,0,0,0,0,0
2020-10-19,US,Texas,Shackelford,34,0,0,32.73587756,-99.35401337,48417.0,1041.347626339969,0.0,34,34,0,0,34,34,3253,0,0,0,0,0
2020-10-19,US,Texas,Shelby,539,30,0,31.79211404,-94.14550696,48419.0,2132.6264144971115,5.565862708719852,509,538,30,0,508,538,25418,1,0,0,1,0
2020-10-19,US,Texas,Sherman,72,1,0,36.27751473,-101.8933156,48421.0,2382.528127068167,1.3888888888888888,71,72,1,0,71,72,3079,0,0,0,0,0
2020-10-19,US,Texas,Smith,4178,124,0,32.37474036,-95.27175679999999,48423.0,1795.0513639039145,2.9679272379128774,4054,4178,124,0,4054,4178,230221,0,0,0,0,0
2020-10-19,US,Texas,Somervell,154,5,0,32.22236802,-97.77403489,48425.0,1687.116564417178,3.2467532467532467,149,154,5,0,149,154,9016,0,0,0,0,0
2020-10-19,US,Texas,Starr,3477,179,0,26.56150059,-98.73892358,48427.0,5379.604845821794,5.148116192119644,3298,3477,179,0,3298,3477,64525,0,0,0,0,0
2020-10-19,US,Texas,Stephens,151,4,0,32.73553157,-98.83631615,48429.0,1612.2143924834506,2.6490066225165565,147,151,4,0,147,151,9433,0,0,0,0,0
2020-10-19,US,Texas,Sterling,11,0,0,31.82781912,-101.05007459999999,48431.0,852.0526723470178,0.0,11,11,0,0,11,11,1311,0,0,0,0,0
2020-10-19,US,Texas,Stonewall,18,1,0,33.17906744,-100.25384009999999,48433.0,1333.3333333333333,5.5555555555555545,17,18,1,0,17,18,1362,0,0,0,0,0
2020-10-19,US,Texas,Sutton,95,3,0,30.49856623,-100.5382014,48435.0,2515.8898305084745,3.1578947368421053,92,95,3,0,92,95,3758,0,0,0,0,0
2020-10-19,US,Texas,Swisher,131,3,0,34.53028891,-101.73491740000001,48437.0,1770.9882384750574,2.2900763358778624,128,131,3,0,128,130,7462,0,0,0,0,1
2020-10-19,US,Texas,Tarrant,59662,784,0,32.77143818,-97.29101614,48439.0,2837.649196319646,1.314069256813382,58878,59274,783,0,58491,58773,2084931,388,1,0,387,501
2020-10-19,US,Texas,Taylor,1752,62,0,32.30163422,-99.89007449,48441.0,1269.2525030065053,3.5388127853881284,1690,1748,62,0,1686,1728,137640,4,0,0,4,20
2020-10-19,US,Texas,Terrell,4,0,0,30.22429013,-102.0766732,48443.0,515.4639175257731,0.0,4,4,0,0,4,4,823,0,0,0,0,0
2020-10-19,US,Texas,Terry,440,6,0,33.17402785,-102.3354521,48445.0,3566.507254599984,1.3636363636363635,434,440,6,0,434,430,12287,0,0,0,0,10
2020-10-19,US,Texas,Throckmorton,16,2,0,33.17751417,-99.21226795,48447.0,1065.9560293137909,12.5,14,16,2,0,14,16,1515,0,0,0,0,0
2020-10-19,US,Texas,Titus,1650,35,0,33.21339719,-94.96797273,48449.0,5038.1679389312985,2.121212121212121,1615,1650,35,0,1615,1650,33033,0,0,0,0,0
2020-10-19,US,Texas,Tom Green,4328,74,0,31.40464436,-100.46244300000001,48451.0,3630.872483221477,1.7097966728280962,4254,4290,74,0,4216,4272,118189,38,0,0,38,18
2020-10-19,US,Texas,Travis,31053,446,0,30.33432034,-97.78535620000001,48453.0,2437.5291415545616,1.436254146137249,30607,30956,445,0,30511,30908,1248743,97,1,0,96,48
2020-10-19,US,Texas,Trinity,201,7,0,31.0879489,-95.1367187,48455.0,1371.9200054603782,3.4825870646766166,194,200,7,0,193,200,14740,1,0,0,1,0
2020-10-19,US,Texas,Tyler,252,4,0,30.77031716,-94.37690895,48457.0,1162.7906976744189,1.5873015873015872,248,252,4,0,248,252,21696,0,0,0,0,0
2020-10-19,US,Texas,Upshur,456,12,0,32.73706798,-94.93999853,48459.0,1092.1370919454891,2.631578947368421,444,456,12,0,444,456,41260,0,0,0,0,0
2020-10-19,US,Texas,Upton,27,3,0,31.36868194,-102.0423217,48461.0,738.3100902378999,11.111111111111109,24,27,3,0,24,27,3671,0,0,0,0,0
2020-10-19,US,Texas,Uvalde,820,36,0,29.35739637,-99.76229172,48463.0,3066.452264313227,4.390243902439025,784,819,36,0,783,816,26846,1,0,0,1,3
2020-10-19,US,Texas,Val Verde,2398,124,0,29.89149232,-101.1525205,48465.0,4891.381947985721,5.170975813177648,2274,2384,124,0,2260,2384,49208,14,0,0,14,0
2020-10-19,US,Texas,Van Zandt,652,25,0,32.56483801,-95.83766469,48467.0,1152.1470224421275,3.834355828220859,627,652,25,0,627,652,56019,0,0,0,0,0
2020-10-19,US,Texas,Victoria,4193,97,0,28.79780988,-96.96813006,48469.0,4553.4511967334165,2.313379441927021,4096,4193,97,0,4096,4193,92035,0,0,0,0,0
2020-10-19,US,Texas,Walker,3855,61,0,30.73872995,-95.57440968,48471.0,5282.920612298036,1.5823605706874189,3794,3855,61,0,3794,3855,72480,0,0,0,0,0
2020-10-19,US,Texas,Waller,948,15,0,30.01058447,-95.99011759,48473.0,1715.9613365673529,1.5822784810126582,933,948,15,0,933,945,53126,0,0,0,0,3
2020-10-19,US,Texas,Ward,156,1,0,31.50999644,-103.09279090000001,48475.0,1300.2167027837972,0.6410256410256411,155,156,1,0,155,156,11720,0,0,0,0,0
2020-10-19,US,Texas,Washington,692,48,0,30.21498498,-96.40946246,48477.0,1928.543559444847,6.9364161849710975,644,692,48,0,644,692,35108,0,0,0,0,0
2020-10-19,US,Texas,Webb,14669,337,0,27.7610369,-99.33237355,48479.0,5302.329280106414,2.2973617833526485,14332,14669,337,0,14332,14669,275910,0,0,0,0,0
2020-10-19,US,Texas,Wharton,1415,58,0,29.27765923,-96.22319248,48481.0,3405.0437963230347,4.098939929328623,1357,1415,58,0,1357,1413,41619,0,0,0,0,2
2020-10-19,US,Texas,Wheeler,59,0,0,35.40114335,-100.26995140000001,48483.0,1166.9303797468351,0.0,59,59,0,0,59,58,5191,0,0,0,0,1
2020-10-19,US,Texas,Wichita,2861,26,0,33.98842886,-98.70410340000001,48485.0,2163.6542388262874,0.9087731562390772,2835,2861,26,0,2835,2861,132064,0,0,0,0,0
2020-10-19,US,Texas,Wilbarger,281,3,0,34.07945812,-99.24178437,48487.0,2200.6421802803666,1.0676156583629892,278,281,3,0,278,281,12820,0,0,0,0,0
2020-10-19,US,Texas,Willacy,1200,55,0,26.47411727,-97.61535848,48489.0,5618.50360520648,4.583333333333333,1145,1200,55,0,1145,1198,21515,0,0,0,0,2
2020-10-19,US,Texas,Williamson,9137,150,0,30.64655664,-97.60048540000001,48491.0,1547.19914114107,1.6416766991353835,8987,9137,150,0,8987,9137,566719,0,0,0,0,0
2020-10-19,US,Texas,Wilson,976,28,0,29.1732598,-98.08693082,48493.0,1911.1024084589774,2.8688524590163933,948,972,28,0,944,972,50224,4,0,0,4,0
2020-10-19,US,Texas,Winkler,130,4,0,31.85008651,-103.04851629999999,48495.0,1622.971285892634,3.0769230769230766,126,130,4,0,126,130,7720,0,0,0,0,0
2020-10-19,US,Texas,Wise,848,15,0,33.21570665,-97.65460265,48497.0,1211.705532693187,1.768867924528302,833,848,15,0,833,848,68305,0,0,0,0,0
2020-10-19,US,Texas,Wood,590,34,0,32.78722382,-95.38236368,48499.0,1295.5927885987835,5.7627118644067785,556,590,34,0,556,590,45129,0,0,0,0,0
2020-10-19,US,Texas,Yoakum,284,5,0,33.17320212,-102.82764329999999,48501.0,3259.497302880753,1.7605633802816902,279,284,5,0,279,283,8591,0,0,0,0,1
2020-10-19,US,Texas,Young,470,6,0,33.17659707,-98.68790885,48503.0,2609.661299278179,1.2765957446808511,464,470,6,0,464,470,18045,0,0,0,0,0
2020-10-19,US,Texas,Zapata,342,6,0,27.00156391,-99.16987152,48505.0,2412.017772762536,1.7543859649122806,336,342,6,0,336,342,14190,0,0,0,0,0
2020-10-19,US,Texas,Zavala,438,18,0,28.86617238,-99.76050829,48507.0,3699.3243243243237,4.109589041095891,420,436,18,0,418,436,11983,2,0,0,2,0
2020-10-19,US,Utah,Bear River,4578,14,0,41.52106798,-113.08328159999999,0.0,2450.5133338329283,0.3058103975535168,4564,4509,14,0,4495,4436,,69,0,0,69,73
2020-10-19,US,Utah,Central Utah,1072,6,0,39.37231946,-111.5758676,0.0,1308.0508577982769,0.5597014925373134,1066,1058,6,0,1052,1038,,14,0,0,14,20
2020-10-19,US,Utah,Davis,7236,40,0,40.99001837,-112.1139997,49011.0,2035.5518297743051,0.552791597567717,7196,7143,40,0,7103,7074,351713,93,0,0,93,69
2020-10-19,US,Utah,Salt Lake,41213,289,0,40.66616532,-111.92160109999999,49035.0,3551.506889215011,0.7012350471938466,40924,40713,288,0,40425,40227,1152633,500,1,0,499,486
2020-10-19,US,Utah,San Juan,759,29,0,37.62762978,-109.80337140000002,49037.0,4958.191795139796,3.820816864295125,730,754,29,0,725,753,15449,5,0,0,5,1
2020-10-19,US,Utah,Southeast Utah,362,3,0,38.99617072,-110.70139579999999,0.0,899.8483680926695,0.8287292817679558,359,359,3,0,356,357,,3,0,0,3,2
2020-10-19,US,Utah,Southwest Utah,5376,46,0,37.85447192,-111.4418764,0.0,2132.977837027162,0.8556547619047619,5330,5325,45,0,5280,5252,,51,1,0,50,73
2020-10-19,US,Utah,Summit,1227,1,0,40.86688146,-110.9535882,49043.0,2911.377387590461,0.08149959250203749,1226,1218,1,0,1217,1213,41933,9,0,0,9,5
2020-10-19,US,Utah,Tooele,1240,2,0,40.44862644,-113.12957150000001,49045.0,1716.0492118628824,0.16129032258064516,1238,1217,2,0,1215,1197,69907,23,0,0,23,20
2020-10-19,US,Utah,TriCounty,318,2,0,40.12491499,-109.5174415,0.0,561.6191586309209,0.6289308176100629,316,314,2,0,312,309,,4,0,0,4,5
2020-10-19,US,Utah,Utah,25534,73,0,40.116672200000004,-111.66576620000001,49049.0,4013.2969736025207,0.2858933187123052,25461,25204,72,0,25132,24932,622213,330,1,0,329,272
2020-10-19,US,Utah,Wasatch,986,9,0,40.33110236,-111.1691419,49051.0,2892.258953976123,0.9127789046653144,977,979,9,0,970,971,33240,7,0,0,7,8
2020-10-19,US,Utah,Weber-Morgan,5661,32,0,41.27116049,-111.9145117,0.0,2078.6745833287428,0.5652711535064476,5629,5601,32,0,5569,5538,,60,0,0,60,63
2020-10-19,US,Vermont,Addison,114,2,0,44.03217337,-73.14130877,50001.0,309.9763439105963,1.7543859649122806,112,114,2,0,112,114,36973,0,0,0,0,0
2020-10-19,US,Vermont,Bennington,133,1,0,43.03519828,-73.09048868,50003.0,374.9647589512264,0.7518796992481203,132,133,1,0,132,132,35631,0,0,0,0,1
2020-10-19,US,Vermont,Caledonia,35,0,0,44.46548598,-72.10314651,50005.0,116.6938952422232,0.0,35,35,0,0,35,35,30302,0,0,0,0,0
2020-10-19,US,Vermont,Chittenden,905,39,0,44.46322849,-73.08359212,50007.0,552.590765322945,4.30939226519337,866,902,39,0,863,899,164572,3,0,0,3,3
2020-10-19,US,Vermont,Essex,6,0,0,44.72736416,-71.73579864,50009.0,97.35518416355671,0.0,6,6,0,0,6,6,6250,0,0,0,0,0
2020-10-19,US,Vermont,Franklin,132,7,0,44.85627605,-72.91249563,50011.0,267.195660094733,5.303030303030303,125,132,7,0,125,131,49421,0,0,0,0,1
2020-10-19,US,Vermont,Grand Isle,16,0,0,44.797582399999996,-73.29679772,50013.0,221.147201105736,0.0,16,16,0,0,16,16,7090,0,0,0,0,0
2020-10-19,US,Vermont,Lamoille,62,1,0,44.60353043,-72.64356694,50015.0,244.46021607128776,1.6129032258064515,61,62,1,0,61,60,25300,0,0,0,0,2
2020-10-19,US,Vermont,Orange,30,0,0,44.00470222,-72.37640104,50017.0,103.83497161844109,0.0,30,28,0,0,28,28,28999,2,0,0,2,0
2020-10-19,US,Vermont,Orleans,26,0,0,44.82964024,-72.24562697,50019.0,96.16451529385657,0.0,26,25,0,0,25,25,26907,1,0,0,1,0
2020-10-19,US,Vermont,Rutland,133,1,0,43.57723578,-73.03741676,50021.0,228.5576807410081,0.7518796992481203,132,133,1,0,132,133,58672,0,0,0,0,0
2020-10-19,US,Vermont,Unassigned,8,0,0,0.0,0.0,90050.0,0.0,0.0,8,8,0,0,8,8,,0,0,0,0,0
2020-10-19,US,Vermont,Washington,101,2,0,44.27343241,-72.61604978,50023.0,172.91855707168415,1.98019801980198,99,99,2,0,97,96,58140,2,0,0,2,3
2020-10-19,US,Vermont,Windham,136,3,0,42.986982,-72.71268875,50025.0,322.1069584576761,2.2058823529411766,133,136,3,0,133,135,42756,0,0,0,0,1
2020-10-19,US,Vermont,Windsor,109,2,0,43.58010937,-72.58595157,50027.0,197.95866477788672,1.834862385321101,107,108,2,0,106,108,55286,1,0,0,1,0
2020-10-19,US,Virginia,Accomack,1200,19,0,37.76707161,-75.63234615,51001.0,3713.3308577794282,1.5833333333333333,1181,1200,19,0,1181,1201,32412,0,0,0,0,-1
2020-10-19,US,Virginia,Albemarle,1486,23,0,38.02080697,-78.55481085,51003.0,1359.1877801152475,1.5477792732166888,1463,1482,22,0,1460,1476,108718,4,1,0,3,6
2020-10-19,US,Virginia,Alexandria,4123,75,0,38.814003,-77.08183073,51510.0,2586.1203803597864,1.8190637885035168,4048,4117,74,0,4043,4104,160530,6,1,0,5,13
2020-10-19,US,Virginia,Alleghany,84,4,0,37.78636074,-80.00222498,51005.0,565.2759084791386,4.761904761904762,80,84,4,0,80,84,14910,0,0,0,0,0
2020-10-19,US,Virginia,Amelia,137,6,0,37.34081025,-77.98584649,51007.0,1042.2213769494103,4.37956204379562,131,137,6,0,131,138,13013,0,0,0,0,-1
2020-10-19,US,Virginia,Amherst,529,4,0,37.60308293,-79.14548696,51009.0,1673.7857933871226,0.7561436672967864,525,525,4,0,521,523,31666,4,0,0,4,2
2020-10-19,US,Virginia,Appomattox,269,5,0,37.37569884,-78.81340003,51011.0,1690.654264345421,1.858736059479554,264,266,5,0,261,264,15841,3,0,0,3,2
2020-10-19,US,Virginia,Arlington,4384,152,0,38.8767675,-77.10139853,51013.0,1851.0230448991308,3.4671532846715327,4232,4372,152,0,4220,4345,237521,12,0,0,12,27
2020-10-19,US,Virginia,Augusta,624,8,0,38.16404586,-79.12461614,51015.0,825.8556340824267,1.2820512820512822,616,623,8,0,615,616,75457,1,0,0,1,7
2020-10-19,US,Virginia,Bath,22,0,0,38.05852573,-79.73912095,51017.0,530.5039787798407,0.0,22,22,0,0,22,22,4292,0,0,0,0,0
2020-10-19,US,Virginia,Bedford,1075,16,0,37.3080028,-79.5281964,51019.0,1360.8111700444322,1.4883720930232558,1059,1054,16,0,1038,1048,78747,21,0,0,21,6
2020-10-19,US,Virginia,Bland,64,5,0,37.13128068,-81.13599391,51021.0,1019.108280254777,7.8125,59,64,5,0,59,64,6293,0,0,0,0,0
2020-10-19,US,Virginia,Botetourt,351,11,0,37.55531756,-79.80982182,51023.0,1050.3007271312727,3.133903133903134,340,351,11,0,340,349,33277,0,0,0,0,2
2020-10-19,US,Virginia,Bristol,236,7,0,36.616302399999995,-82.16359122,51520.0,1407.9465457582626,2.9661016949152543,229,233,7,0,226,231,16482,3,0,0,3,2
2020-10-19,US,Virginia,Brunswick,410,5,0,36.76366949,-77.8593436,51025.0,2526.030435586224,1.2195121951219512,405,408,5,0,403,404,16384,2,0,0,2,4
2020-10-19,US,Virginia,Buchanan,235,2,0,37.26818323,-82.03749726,51027.0,1118.8345077128163,0.851063829787234,233,234,2,0,232,227,21221,1,0,0,1,7
2020-10-19,US,Virginia,Buckingham,723,9,0,37.57242268,-78.52518834,51029.0,4216.235129461162,1.2448132780082988,714,721,9,0,712,721,16999,2,0,0,2,0
2020-10-19,US,Virginia,Buena Vista,121,1,0,37.73484642,-79.35296097,51530.0,1867.8604507564066,0.8264462809917356,120,121,1,0,120,119,6237,0,0,0,0,2
2020-10-19,US,Virginia,Campbell,634,6,0,37.20553386,-79.09678609,51031.0,1155.142570829917,0.946372239747634,628,628,6,0,622,628,54973,6,0,0,6,0
2020-10-19,US,Virginia,Caroline,400,5,0,38.02679129,-77.34901405,51033.0,1301.8714401952807,1.25,395,399,5,0,394,396,30772,1,0,0,1,3
2020-10-19,US,Virginia,Carroll,560,26,0,36.73066666,-80.73455942,51035.0,1879.7623443321809,4.642857142857143,534,554,26,0,528,551,29636,6,0,0,6,3
2020-10-19,US,Virginia,Charles City,95,5,0,37.35358063,-77.05634116,51036.0,1364.3544449231654,5.2631578947368425,90,95,5,0,90,95,6941,0,0,0,0,0
2020-10-19,US,Virginia,Charlotte,198,0,0,37.01909701,-78.66314092,51037.0,1666.666666666667,0.0,198,197,0,0,197,197,11938,1,0,0,1,0
2020-10-19,US,Virginia,Charlottesville,1511,32,0,38.03527919,-78.48569588,51540.0,3196.8010832310747,2.1178027796161483,1479,1505,32,0,1473,1503,48117,6,0,0,6,2
2020-10-19,US,Virginia,Chesapeake,4748,79,0,36.67670048,-76.30545744,51550.0,1939.265219433496,1.6638584667228309,4669,4730,78,0,4652,4714,242634,18,1,0,17,16
2020-10-19,US,Virginia,Chesterfield,6695,99,0,37.37373208,-77.58680140000001,51041.0,1897.6649792234741,1.4787154592979836,6596,6679,99,0,6580,6662,348556,16,0,0,16,17
2020-10-19,US,Virginia,Clarke,113,1,0,39.11271747,-77.99199425,51043.0,772.9666871879062,0.8849557522123894,112,112,1,0,111,112,14523,1,0,0,1,0
2020-10-19,US,Virginia,Colonial Heights,286,26,0,37.26420587,-77.39609676,51570.0,1646.5169833045481,9.090909090909092,260,286,26,0,260,283,17833,0,0,0,0,3
2020-10-19,US,Virginia,Covington,33,0,0,37.7824656,-79.98631446,51580.0,595.8829902491874,0.0,33,33,0,0,33,33,5460,0,0,0,0,0
2020-10-19,US,Virginia,Craig,42,0,0,37.48133648,-80.21072274,51045.0,818.5538881309686,0.0,42,42,0,0,42,42,5064,0,0,0,0,0
2020-10-19,US,Virginia,Culpeper,1313,18,0,38.48199985,-77.95630870000002,51047.0,2495.9604600323164,1.3709063214013708,1295,1282,18,0,1264,1272,51859,31,0,0,31,10
2020-10-19,US,Virginia,Cumberland,111,2,0,37.51328851,-78.24398086,51049.0,1117.599677809102,1.8018018018018016,109,112,2,0,110,112,9809,-1,0,0,-1,0
2020-10-19,US,Virginia,Danville,1126,39,0,36.58022376,-79.40395668,51590.0,2811.9069024073524,3.463587921847247,1087,1123,38,0,1085,1113,40693,3,1,0,2,10
2020-10-19,US,Virginia,Dickenson,121,1,0,37.12560977,-82.35124171,51051.0,845.0900963821762,0.8264462809917356,120,120,1,0,119,121,14523,1,0,0,1,-1
2020-10-19,US,Virginia,Dinwiddie,481,12,0,37.07544585,-77.63451754,51053.0,1685.1177130044846,2.4948024948024954,469,478,12,0,466,473,28529,3,0,0,3,5
2020-10-19,US,Virginia,Emporia,276,27,0,36.69455571,-77.53406129,51595.0,5162.738496071829,9.782608695652174,249,275,26,0,249,273,5121,1,1,0,0,2
2020-10-19,US,Virginia,Essex,189,2,0,37.93357639,-76.94230311,51057.0,1725.5546425636812,1.058201058201058,187,188,2,0,186,188,10919,1,0,0,1,0
2020-10-19,US,Virginia,Fairfax,22687,602,0,38.83677558,-77.27565836,51059.0,1977.0254772851647,2.6535020055538414,22085,22616,602,0,22014,22530,1150795,71,0,0,71,86
2020-10-19,US,Virginia,Fairfax,22687,602,0,38.83677558,-77.27565836,51059.0,1977.0254772851647,2.6535020055538414,22085,22616,602,0,22014,22530,24574,71,0,0,71,86
2020-10-19,US,Virginia,Fairfax City,154,8,0,38.85157547,-77.29779640000002,51600.0,641.1590823931055,5.194805194805196,146,155,8,0,147,151,24574,-1,0,0,-1,4
2020-10-19,US,Virginia,Falls Church,75,7,0,38.88485255,-77.17560759,51610.0,513.1011835533967,9.333333333333334,68,75,7,0,68,75,14772,0,0,0,0,0
2020-10-19,US,Virginia,Fauquier,1041,26,0,38.73564842,-77.80647472,51061.0,1461.6270253573334,2.4975984630163306,1015,1036,25,0,1011,1032,70675,5,1,0,4,4
2020-10-19,US,Virginia,Floyd,232,16,0,36.9302126,-80.36738849,51063.0,1473.109403771668,6.896551724137932,216,232,16,0,216,232,15795,0,0,0,0,0
2020-10-19,US,Virginia,Fluvanna,410,9,0,37.84157909,-78.27715475,51065.0,1503.4836817015037,2.1951219512195124,401,409,9,0,400,407,26783,1,0,0,1,2
2020-10-19,US,Virginia,Franklin,194,1,0,36.99536167,-79.88023649,51067.0,346.1689447200313,0.5154639175257731,193,194,1,0,193,194,56195,0,0,0,0,0
2020-10-19,US,Virginia,Franklin,194,1,0,36.99536167,-79.88023649,51067.0,346.1689447200313,0.5154639175257731,193,194,1,0,193,194,8013,0,0,0,0,0
2020-10-19,US,Virginia,Franklin City,475,12,0,36.6831435,-76.93859681,51620.0,5962.09363624953,2.526315789473684,463,474,12,0,462,467,8013,1,0,0,1,7
2020-10-19,US,Virginia,Frederick,1097,13,0,39.20172582,-78.25974949,51069.0,1228.2646423253054,1.1850501367365542,1084,1085,13,0,1072,1078,88355,12,0,0,12,7
2020-10-19,US,Virginia,Fredericksburg,573,5,0,38.2977863,-77.4922454,51630.0,1973.4123157459705,0.8726003490401396,568,572,5,0,567,575,29144,1,0,0,1,-3
2020-10-19,US,Virginia,Galax,431,30,0,36.66601852,-80.91703124,51640.0,6790.609736883567,6.960556844547564,401,431,30,0,401,430,6423,0,0,0,0,1
2020-10-19,US,Virginia,Giles,114,0,0,37.31234791,-80.70636931,51071.0,681.8181818181819,0.0,114,112,0,0,112,111,16844,2,0,0,2,1
2020-10-19,US,Virginia,Gloucester,333,3,0,37.40809042,-76.53524337,51073.0,891.6140087822641,0.9009009009009008,330,333,3,0,330,328,37349,0,0,0,0,5
2020-10-19,US,Virginia,Goochland,309,7,0,37.71714806,-77.90381514,51075.0,1300.8883088451985,2.26537216828479,302,309,7,0,302,306,23244,0,0,0,0,3
2020-10-19,US,Virginia,Grayson,360,18,0,36.65677234,-81.23215889,51077.0,2315.112540192926,5.0,342,357,18,0,339,355,15631,3,0,0,3,2
2020-10-19,US,Virginia,Greene,269,3,0,38.29545894,-78.46525378,51079.0,1357.2834149048892,1.1152416356877324,266,267,3,0,264,263,19779,2,0,0,2,4
2020-10-19,US,Virginia,Greensville,887,13,0,36.67878901,-77.56351439,51081.0,7824.6294989414255,1.4656144306651635,874,885,13,0,872,873,11627,2,0,0,2,12
2020-10-19,US,Virginia,Halifax,458,7,0,36.76654925,-78.93512622,51083.0,1350.5942024711744,1.5283842794759823,451,451,7,0,444,446,34120,7,0,0,7,5
2020-10-19,US,Virginia,Hampton,2039,31,0,37.03513786,-76.35879121,51650.0,1515.872425841945,1.5203531142717015,2008,2033,29,0,2004,2025,134313,6,2,0,4,8
2020-10-19,US,Virginia,Hanover,1537,41,0,37.7583355,-77.49464673,51085.0,1426.2383311990795,2.667534157449577,1496,1531,40,0,1491,1521,107239,6,1,0,5,10
2020-10-19,US,Virginia,Harrisonburg,2931,35,0,38.43542574,-78.87536254,51660.0,5528.519692168402,1.1941316956670078,2896,2919,35,0,2884,2907,54033,12,0,0,12,12
2020-10-19,US,Virginia,Henrico,5970,224,0,37.53460572,-77.39326555,51087.0,1804.6176447472628,3.7520938023450583,5746,5962,222,0,5740,5938,329261,8,2,0,6,24
2020-10-19,US,Virginia,Henry,1248,31,0,36.68542395,-79.87634026,51089.0,2468.5008999742863,2.483974358974359,1217,1246,31,0,1215,1237,50953,2,0,0,2,9
2020-10-19,US,Virginia,Highland,9,0,0,38.35799465,-79.56124594,51091.0,410.958904109589,0.0,9,9,0,0,9,9,2210,0,0,0,0,0
2020-10-19,US,Virginia,Hopewell,482,7,0,37.29186313,-77.29754684,51670.0,2139.464689955169,1.4522821576763485,475,478,7,0,471,477,22596,4,0,0,4,1
2020-10-19,US,Virginia,Isle of Wight,822,23,0,36.90579348,-76.70842863,51093.0,2215.096068339217,2.798053527980535,799,819,22,0,797,818,36953,3,1,0,2,1
2020-10-19,US,Virginia,James City,922,21,0,37.31156958,-76.76950618,51095.0,1204.8665107222666,2.27765726681128,901,919,21,0,898,912,76397,3,0,0,3,7
2020-10-19,US,Virginia,King George,262,4,0,38.26818502,-77.15852768,51099.0,976.3004918765836,1.5267175572519085,258,261,4,0,257,261,26575,1,0,0,1,0
2020-10-19,US,Virginia,King William,188,2,0,37.70965316,-77.09384941,51101.0,1096.3377653370655,1.0638297872340423,186,187,2,0,185,187,16939,1,0,0,1,0
2020-10-19,US,Virginia,King and Queen,86,1,0,37.71044922,-76.88689628,51097.0,1224.1992882562276,1.162790697674419,85,86,1,0,85,84,7042,0,0,0,0,2
2020-10-19,US,Virginia,Lancaster,174,0,0,37.71889653,-76.46400482,51103.0,1641.0449872677545,0.0,174,171,0,0,171,171,10783,3,0,0,3,0
2020-10-19,US,Virginia,Lee,392,9,0,36.70586667,-83.12606515,51105.0,1673.5687145113775,2.295918367346939,383,392,9,0,383,374,23541,0,0,0,0,18
2020-10-19,US,Virginia,Lexington,205,1,0,37.78258621,-79.44262866,51678.0,2753.156056943325,0.4878048780487805,204,205,1,0,204,203,7136,0,0,0,0,2
2020-10-19,US,Virginia,Loudoun,7576,129,0,39.08990083,-77.63481877,51107.0,1831.996092257544,1.7027455121436117,7447,7558,129,0,7429,7505,406850,18,0,0,18,53
2020-10-19,US,Virginia,Louisa,373,7,0,37.97850256,-77.96274807,51109.0,992.2587853475566,1.8766756032171583,366,370,7,0,363,368,36778,3,0,0,3,2
2020-10-19,US,Virginia,Lunenburg,142,3,0,36.94618528,-78.24133319,51111.0,1164.3161692358149,2.112676056338028,139,140,3,0,137,140,12086,2,0,0,2,0
2020-10-19,US,Virginia,Lynchburg,1826,23,0,37.40021399,-79.19888138,51680.0,2222.2763119462566,1.2595837897042717,1803,1815,23,0,1792,1803,82126,11,0,0,11,12
2020-10-19,US,Virginia,Madison,122,3,0,38.41531222,-78.28220331,51113.0,919.9909509086797,2.459016393442623,119,122,3,0,119,122,13295,0,0,0,0,0
2020-10-19,US,Virginia,Manassas,2014,26,0,38.7464321,-77.48509905,51683.0,4902.03237191189,1.2909632571996028,1988,2011,26,0,1985,2007,41641,3,0,0,3,4
2020-10-19,US,Virginia,Manassas Park,631,8,0,38.77058531,-77.44399307,51685.0,3610.2528893466083,1.2678288431061806,623,631,8,0,623,631,17307,0,0,0,0,0
2020-10-19,US,Virginia,Martinsville,458,23,0,36.68212094,-79.86352771,51690.0,3648.2396049068025,5.021834061135372,435,455,23,0,432,451,12902,3,0,0,3,4
2020-10-19,US,Virginia,Mathews,131,0,0,37.44164146,-76.34098896,51115.0,1482.9069504188365,0.0,131,131,0,0,131,127,8802,0,0,0,0,4
2020-10-19,US,Virginia,Mecklenburg,850,34,0,36.67882005,-78.36131056,51117.0,2778.958381011541,4.0,816,848,34,0,814,846,30650,2,0,0,2,2
2020-10-19,US,Virginia,Middlesex,140,11,0,37.63191998,-76.55064617,51119.0,1323.001323001323,7.857142857142858,129,139,11,0,128,139,10769,1,0,0,1,0
2020-10-19,US,Virginia,Montgomery,2529,5,0,37.17746986,-80.37868691,51121.0,2566.6007002587908,0.1977066034005536,2524,2508,5,0,2503,2486,98985,21,0,0,21,22
2020-10-19,US,Virginia,Nelson,125,2,0,37.78790447,-78.88498513,51125.0,837.2404554588077,1.6,123,125,2,0,123,125,14836,0,0,0,0,0
2020-10-19,US,Virginia,New Kent,267,3,0,37.50694406,-76.99828634,51127.0,1156.294660257243,1.1235955056179776,264,263,3,0,260,262,22391,4,0,0,4,1
2020-10-19,US,Virginia,Newport News,3051,49,0,37.08166899,-76.51754109,51700.0,1702.3294741247034,1.6060308095706326,3002,3044,49,0,2995,3031,178626,7,0,0,7,13
2020-10-19,US,Virginia,Norfolk,5179,84,0,36.89934014,-76.26420872,51710.0,2133.5409611851264,1.6219347364356054,5095,5179,84,0,5095,5169,244076,0,0,0,0,10
2020-10-19,US,Virginia,Northampton,314,31,0,37.34062933,-75.87751591,51131.0,2681.468830059778,9.872611464968152,283,312,31,0,281,312,11735,2,0,0,2,0
2020-10-19,US,Virginia,Northumberland,208,7,0,37.89202088,-76.41949732,51133.0,1719.7188921041752,3.3653846153846154,201,208,7,0,201,208,12147,0,0,0,0,0
2020-10-19,US,Virginia,Norton,44,0,0,36.93357076,-82.62750411,51720.0,1105.249937201708,0.0,44,44,0,0,44,44,3968,0,0,0,0,0
2020-10-19,US,Virginia,Nottoway,329,20,0,37.1435975,-78.05065922,51135.0,2159.9264705882347,6.079027355623101,309,329,20,0,309,329,15420,0,0,0,0,0
2020-10-19,US,Virginia,Orange,373,5,0,38.24530219,-78.01560400000002,51137.0,1006.7204663841733,1.3404825737265416,368,371,5,0,366,370,36644,2,0,0,2,1
2020-10-19,US,Virginia,Page,457,30,0,38.61807452,-78.48797204,51139.0,1911.973893398042,6.564551422319474,427,455,30,0,425,453,23933,2,0,0,2,2
2020-10-19,US,Virginia,Patrick,302,26,0,36.680163799999995,-80.2865648,51141.0,1715.1294865970017,8.609271523178807,276,301,26,0,275,299,17673,1,0,0,1,2
2020-10-19,US,Virginia,Petersburg,877,29,0,37.20530399,-77.39368102,51730.0,2797.805142601927,3.30672748004561,848,867,29,0,838,859,31567,10,0,0,10,8
2020-10-19,US,Virginia,Pittsylvania,1220,16,0,36.81980341,-79.39731264,51143.0,2021.4070318454453,1.3114754098360657,1204,1218,15,0,1203,1195,60949,2,1,0,1,23
2020-10-19,US,Virginia,Poquoson,89,2,0,37.14259351,-76.35798148,51735.0,725.2872626517807,2.247191011235955,87,88,2,0,86,88,12190,1,0,0,1,0
2020-10-19,US,Virginia,Portsmouth,2724,65,0,36.85914825,-76.35971629,51740.0,2885.654357083837,2.386196769456681,2659,2719,64,0,2655,2715,94632,5,1,0,4,4
2020-10-19,US,Virginia,Powhatan,280,5,0,37.55016038,-77.91267882,51145.0,944.2870632672333,1.7857142857142858,275,280,5,0,275,278,29189,0,0,0,0,2
2020-10-19,US,Virginia,Prince Edward,720,13,0,37.22554789,-78.43597949,51147.0,3157.6177528286994,1.805555555555556,707,715,13,0,702,714,22950,5,0,0,5,1
2020-10-19,US,Virginia,Prince George,1049,6,0,37.18497668,-77.22922187,51149.0,2735.118504419472,0.5719733079122974,1043,1031,6,0,1025,1016,38082,18,0,0,18,15
2020-10-19,US,Virginia,Prince William,13612,218,0,38.70916224,-77.48713689,51153.0,2894.1073915400725,1.6015280634734061,13394,13556,217,0,13339,13493,468011,56,1,0,55,63
2020-10-19,US,Virginia,Pulaski,269,6,0,37.06474963,-80.71229738,51155.0,790.5486819290562,2.2304832713754648,263,267,6,0,261,265,34066,2,0,0,2,2
2020-10-19,US,Virginia,Radford,862,1,0,37.12222899,-80.56027320000003,51750.0,4723.546495698394,0.1160092807424594,861,846,1,0,845,823,18339,16,0,0,16,23
2020-10-19,US,Virginia,Rappahannock,66,2,0,38.68295619,-78.15826963,51157.0,895.5223880597015,3.0303030303030303,64,65,2,0,63,65,7252,1,0,0,1,0
2020-10-19,US,Virginia,Richmond,376,4,0,37.937575,-76.72920628,51159.0,4167.128449517899,1.0638297872340423,372,375,4,0,371,373,9038,1,0,0,1,2
2020-10-19,US,Virginia,Richmond City,5109,64,0,37.53255773,-77.47966921,51760.0,2217.101494558142,1.2526913290272068,5045,5100,64,0,5036,5057,228783,9,0,0,9,43
2020-10-19,US,Virginia,Roanoke,1271,9,0,37.26865804,-80.06396753,51161.0,1349.4574565222008,0.7081038552321007,1262,1261,9,0,1252,1244,94073,10,0,0,10,17
2020-10-19,US,Virginia,Roanoke City,2385,35,0,37.27791025,-79.96189766,51770.0,2405.6161302361234,1.4675052410901468,2350,2351,32,0,2319,2332,99920,34,3,0,31,19
2020-10-19,US,Virginia,Rockbridge,147,3,0,37.81204314,-79.44605905,51163.0,651.2204846498029,2.0408163265306123,144,147,3,0,144,144,22752,0,0,0,0,3
2020-10-19,US,Virginia,Rockingham,1697,25,0,38.51006137,-78.87260325,51165.0,2070.825401474105,1.473187978786093,1672,1692,23,0,1669,1685,81244,5,2,0,3,7
2020-10-19,US,Virginia,Russell,410,8,0,36.93028320000001,-82.10095486,51167.0,1542.165049274054,1.951219512195122,402,409,8,0,401,404,26748,1,0,0,1,5
2020-10-19,US,Virginia,Salem,447,6,0,37.2836193,-80.06219455,51775.0,1766.7285878028533,1.342281879194631,441,439,6,0,433,426,25643,8,0,0,8,13
2020-10-19,US,Virginia,Scott,279,5,0,36.71466456,-82.60171704,51169.0,1293.703051098952,1.7921146953405018,274,272,5,0,267,261,21534,7,0,0,7,11
2020-10-19,US,Virginia,Shenandoah,924,59,0,38.85905135,-78.56813762,51171.0,2118.4886280264122,6.3852813852813854,865,915,59,0,856,911,43497,9,0,0,9,4
2020-10-19,US,Virginia,Smyth,596,24,0,36.84455636,-81.53344948,51173.0,1979.80334839224,4.026845637583893,572,589,22,0,567,587,30472,7,2,0,5,2
2020-10-19,US,Virginia,Southampton,898,31,0,36.72231125,-77.10642712,51175.0,5093.301571096365,3.4521158129175946,867,898,31,0,867,884,17586,0,0,0,0,14
2020-10-19,US,Virginia,Spotsylvania,2327,47,0,38.18574462,-77.655399,51177.0,1708.3287449987156,2.0197679415556506,2280,2318,47,0,2271,2315,134238,9,0,0,9,3
2020-10-19,US,Virginia,Stafford,2267,19,0,38.41758738,-77.45917053,51179.0,1482.842976936461,0.8381120423467138,2248,2260,19,0,2241,2255,149960,7,0,0,7,5
2020-10-19,US,Virginia,Staunton,354,1,0,38.15965544,-79.05979937,51790.0,1419.8620247072033,0.2824858757062147,353,351,1,0,350,350,24922,3,0,0,3,1
2020-10-19,US,Virginia,Suffolk,2249,78,0,36.70155394,-76.63603554,51800.0,2441.698875233422,3.4682080924855487,2171,2245,77,0,2168,2236,91185,4,1,0,3,9
2020-10-19,US,Virginia,Surry,138,5,0,37.11781893,-76.88450012,51181.0,2148.8632824665215,3.6231884057971016,133,137,5,0,132,136,6474,1,0,0,1,1
2020-10-19,US,Virginia,Sussex,649,12,0,36.92432914,-77.25791182,51183.0,5815.933327359085,1.8489984591679507,637,640,12,0,628,638,11237,9,0,0,9,2
2020-10-19,US,Virginia,Tazewell,418,2,0,37.12191123,-81.56685568,51185.0,1029.6834585540093,0.4784688995215311,416,417,2,0,415,408,40855,1,0,0,1,9
2020-10-19,US,Virginia,Virginia Beach,7553,102,0,36.73285734,-76.04566934,51810.0,1678.541426837995,1.3504567721435192,7451,7537,102,0,7435,7513,450189,16,0,0,16,24
2020-10-19,US,Virginia,Warren,520,14,0,38.90847745,-78.20280433,51187.0,1294.691763768549,2.6923076923076925,506,517,14,0,503,515,40003,3,0,0,3,2
2020-10-19,US,Virginia,Washington,841,23,0,36.72341572,-81.95666289,51191.0,1564.9423148492742,2.7348394768133173,818,833,22,0,811,823,54402,8,1,0,7,10
2020-10-19,US,Virginia,Waynesboro,362,3,0,38.06451466,-78.90293905,51820.0,1599.6464869642068,0.8287292817679558,359,355,3,0,352,353,22628,7,0,0,7,2
2020-10-19,US,Virginia,Westmoreland,333,5,0,38.11021557,-76.80213247,51193.0,1848.459616985845,1.5015015015015014,328,333,5,0,328,332,17830,0,0,0,0,1
2020-10-19,US,Virginia,Williamsburg,209,8,0,37.28131268,-76.70905141,51830.0,1397.6193660559052,3.827751196172249,201,204,8,0,196,204,14896,5,0,0,5,0
2020-10-19,US,Virginia,Winchester,563,4,0,39.17054517,-78.17325058,51840.0,2005.128570410998,0.7104795737122558,559,558,4,0,554,554,28108,5,0,0,5,4
2020-10-19,US,Virginia,Wise,527,9,0,36.9746148,-82.62410519,51195.0,1409.731696225557,1.7077798861480076,518,520,9,0,511,515,38012,7,0,0,7,5
2020-10-19,US,Virginia,Wythe,314,6,0,36.91582035,-81.07834059,51197.0,1094.6869334820806,1.9108280254777068,308,313,6,0,307,305,28754,1,0,0,1,8
2020-10-19,US,Virginia,York,617,9,0,37.24374789,-76.54412815,51199.0,903.6321031048624,1.4586709886547813,608,616,9,0,607,616,67846,1,0,0,1,0
2020-10-19,US,Washington,Adams,909,10,0,46.98299757,-118.56017340000001,53001.0,4548.866536556073,1.1001100110011002,899,908,10,0,898,906,19759,1,0,0,1,2
2020-10-19,US,Washington,Asotin,194,6,0,46.18894415,-117.2022851,53003.0,859.0913116641573,3.0927835051546397,188,182,6,0,176,180,22610,12,0,0,12,2
2020-10-19,US,Washington,Benton,5017,133,0,46.23946995,-119.51208340000001,53005.0,2454.6210675669063,2.650986645405621,4884,4982,132,0,4850,4958,201877,35,1,0,34,24
2020-10-19,US,Washington,Chelan,1954,16,0,47.87046092,-120.6173956,53007.0,2531.0880829015546,0.8188331627430911,1938,1954,16,0,1938,1953,77036,0,0,0,0,1
2020-10-19,US,Washington,Clallam,252,1,0,48.04754642,-123.92263190000001,53009.0,325.87190130736695,0.3968253968253968,251,250,1,0,249,250,76737,2,0,0,2,0
2020-10-19,US,Washington,Clark,3997,77,0,45.77568046,-122.48292040000001,53011.0,818.6530832109552,1.926444833625219,3920,3976,74,0,3902,3948,481857,21,3,0,18,28
2020-10-19,US,Washington,Columbia,14,1,0,46.29442881,-117.9051983,53013.0,351.3174404015057,7.142857142857142,13,14,1,0,13,14,4059,0,0,0,0,0
2020-10-19,US,Washington,Cowlitz,766,7,0,46.19074721,-122.6782231,53015.0,692.6297324423787,0.9138381201044388,759,761,7,0,754,759,108987,5,0,0,5,2
2020-10-19,US,Washington,Douglas,1223,9,0,47.7361335,-119.69293700000001,53017.0,2816.090630684565,0.7358953393295176,1214,1223,9,0,1214,1219,42907,0,0,0,0,4
2020-10-19,US,Washington,Ferry,32,0,0,48.471143100000006,-118.5154041,53019.0,419.56208207683227,0.0,32,31,0,0,31,30,7649,1,0,0,1,1
2020-10-19,US,Washington,Franklin,4659,67,0,46.53351425,-118.9018212,53021.0,4892.776879292601,1.4380768405237174,4592,4637,67,0,4570,4630,94347,22,0,0,22,7
2020-10-19,US,Washington,Garfield,14,0,0,46.43197502,-117.54540320000001,53023.0,629.2134831460675,0.0,14,14,0,0,14,14,2247,0,0,0,0,0
2020-10-19,US,Washington,Grant,3264,25,0,47.20753737,-119.4500749,53025.0,3339.711254131153,0.7659313725490197,3239,3257,23,0,3234,3250,97331,7,2,0,5,7
2020-10-19,US,Washington,Grays Harbor,641,11,0,47.14003705,-123.7820567,53027.0,853.9721026898123,1.71606864274571,630,640,11,0,629,629,73901,1,0,0,1,11
2020-10-19,US,Washington,Island,359,12,0,48.14713305,-122.5216407,53029.0,421.65349244194925,3.3426183844011144,347,361,12,0,349,360,84460,-2,0,0,-2,1
2020-10-19,US,Washington,Jefferson,81,0,0,47.75003077,-123.56097040000002,53031.0,251.38884578380558,0.0,81,81,0,0,81,81,31729,0,0,0,0,0
2020-10-19,US,Washington,King,25219,794,0,47.49137892,-121.8346131,53033.0,1119.4602939831727,3.1484198421824816,24425,25093,793,0,24300,24985,2233163,126,1,0,125,108
2020-10-19,US,Washington,Kitsap,1416,21,0,47.63479026,-122.6436061,53035.0,521.5988330331193,1.4830508474576272,1395,1413,19,0,1394,1407,269805,3,2,0,1,6
2020-10-19,US,Washington,Kittitas,668,22,0,47.12521214,-120.67943899999999,53037.0,1393.5537707311985,3.2934131736526946,646,666,22,0,644,666,47364,2,0,0,2,0
2020-10-19,US,Washington,Klickitat,204,3,0,45.87325839,-120.7913598,53039.0,909.6989966555184,1.4705882352941178,201,204,3,0,201,203,22107,0,0,0,0,1
2020-10-19,US,Washington,Lewis,667,11,0,46.57756476,-122.39257690000001,53041.0,826.4462809917355,1.6491754122938531,656,659,8,0,651,655,79604,8,3,0,5,4
2020-10-19,US,Washington,Lincoln,65,2,0,47.57705241,-118.41943880000001,53043.0,594.2042234207879,3.0769230769230766,63,64,2,0,62,64,10740,1,0,0,1,0
2020-10-19,US,Washington,Mason,498,9,0,47.35007586,-123.1863685,53045.0,745.8662832494607,1.8072289156626504,489,492,9,0,483,492,65507,6,0,0,6,0
2020-10-19,US,Washington,Okanogan,1090,10,0,48.54855019,-119.73872240000001,53047.0,2580.309163648415,0.9174311926605504,1080,1090,10,0,1080,1090,42132,0,0,0,0,0
2020-10-19,US,Washington,Pacific,112,3,0,46.55418369,-123.7285716,53049.0,498.4201860175337,2.6785714285714284,109,112,3,0,109,112,22036,0,0,0,0,0
2020-10-19,US,Washington,Pend Oreille,132,1,0,48.53234021,-117.2741804,53051.0,961.8187117458467,0.7575757575757576,131,127,0,0,127,126,13602,5,1,0,4,1
2020-10-19,US,Washington,Pierce,9324,219,0,47.03892768,-122.14059579999999,53053.0,1030.2990121328646,2.348777348777349,9105,9262,217,0,9045,9163,891299,62,2,0,60,99
2020-10-19,US,Washington,San Juan,30,0,0,48.60182783,-122.96745,53055.0,170.62905243999546,0.0,30,30,0,0,30,30,17128,0,0,0,0,0
2020-10-19,US,Washington,Skagit,1202,23,0,48.48171488,-121.766131,53057.0,930.304554777292,1.913477537437604,1179,1200,23,0,1177,1194,128206,2,0,0,2,6
2020-10-19,US,Washington,Skamania,71,1,0,46.02408726,-121.91644029999999,53059.0,587.6024166183895,1.4084507042253518,70,70,1,0,69,69,11924,1,0,0,1,1
2020-10-19,US,Washington,Snohomish,8021,223,0,48.04615983,-121.7170703,53061.0,975.6922354555439,2.780201969829198,7798,7975,220,0,7755,7937,814901,46,3,0,43,38
2020-10-19,US,Washington,Spokane,8615,186,0,47.62113146,-117.4046494,53063.0,1647.8639933588117,2.159024956471271,8429,8548,185,0,8363,8476,514631,67,1,0,66,72
2020-10-19,US,Washington,Stevens,236,5,0,48.40035475,-117.8542701,53065.0,516.1516085996107,2.1186440677966103,231,236,5,0,231,232,45260,0,0,0,0,4
2020-10-19,US,Washington,Thurston,1425,21,0,46.9291895,-122.82906559999999,53067.0,490.47278134207113,1.4736842105263157,1404,1415,21,0,1394,1402,286419,10,0,0,10,13
2020-10-19,US,Washington,Unassigned,367,4,0,0.0,0.0,90053.0,0.0,1.0899182561307903,363,376,4,0,372,348,,-9,0,0,-9,28
2020-10-19,US,Washington,Wahkiakum,10,0,0,46.29180039999999,-123.4250831,53069.0,222.81639928698758,0.0,10,10,0,0,10,10,4426,0,0,0,0,0
2020-10-19,US,Washington,Walla Walla,1003,6,0,46.23040051,-118.4775539,53071.0,1650.7570770243576,0.5982053838484547,997,995,6,0,989,987,60922,8,0,0,8,8
2020-10-19,US,Washington,Whatcom,1518,49,0,48.82227976,-121.74900179999999,53073.0,662.1678800594991,3.2279314888010537,1469,1515,49,0,1466,1503,225685,3,0,0,3,12
2020-10-19,US,Washington,Whitman,1679,3,0,46.90022523,-117.52417630000001,53075.0,3351.0298578955767,0.1786777843954735,1676,1670,3,0,1667,1644,49791,9,0,0,9,26
2020-10-19,US,Washington,Yakima,11713,267,0,46.45738486,-120.73801259999999,53077.0,4668.896214419248,2.27951848373602,11446,11708,267,0,11441,11695,251446,5,0,0,5,13
2020-10-19,US,West Virginia,Barbour,164,1,0,39.1307219,-80.00350858,54001.0,997.5062344139653,0.6097560975609756,163,163,1,0,162,163,16535,1,0,0,1,0
2020-10-19,US,West Virginia,Berkeley,1425,17,0,39.46704621,-78.02414609,54003.0,1195.7607135964286,1.1929824561403508,1408,1390,17,0,1373,1376,117123,35,0,0,35,14
2020-10-19,US,West Virginia,Boone,299,3,0,38.01974191,-81.69888019,54005.0,1393.4846437060166,1.0033444816053512,296,292,3,0,289,288,21951,7,0,0,7,4
2020-10-19,US,West Virginia,Braxton,40,0,0,38.70036159,-80.72011184,54007.0,286.5945403740059,0.0,40,37,0,0,37,35,14089,3,0,0,3,2
2020-10-19,US,West Virginia,Brooke,196,1,0,40.27367263,-80.57915332,54009.0,893.386207210903,0.5102040816326531,195,194,1,0,193,192,22203,2,0,0,2,2
2020-10-19,US,West Virginia,Cabell,1197,16,0,38.42424062,-82.23855912,54011.0,1301.8652455272177,1.3366750208855471,1181,1190,16,0,1174,1141,93224,7,0,0,7,49
2020-10-19,US,West Virginia,Calhoun,32,0,0,38.84315422,-81.11934872,54013.0,450.1336334224224,0.0,32,32,0,0,32,32,7254,0,0,0,0,0
2020-10-19,US,West Virginia,Clay,55,2,0,38.46231092,-81.07652217,54015.0,646.4503996238834,3.636363636363636,53,55,2,0,53,51,8632,0,0,0,0,4
2020-10-19,US,West Virginia,Doddridge,65,1,0,39.27057157,-80.70671527,54017.0,769.4128787878788,1.5384615384615383,64,65,1,0,64,65,8406,0,0,0,0,0
2020-10-19,US,West Virginia,Fayette,720,20,0,38.02974928,-81.08286634,54019.0,1697.8729425081353,2.7777777777777777,700,716,20,0,696,709,43018,4,0,0,4,7
2020-10-19,US,West Virginia,Gilmer,64,0,0,38.9251277,-80.85952723,54021.0,818.100472964336,0.0,64,62,0,0,62,62,8026,2,0,0,2,0
2020-10-19,US,West Virginia,Grant,178,8,0,39.10314817,-79.19440518,54023.0,1538.7275242047024,4.49438202247191,170,178,8,0,170,178,11626,0,0,0,0,0
2020-10-19,US,West Virginia,Greenbrier,160,3,0,37.9463652,-80.45335881,54025.0,461.6006000807801,1.875,157,156,3,0,153,153,34786,4,0,0,4,3
2020-10-19,US,West Virginia,Hampshire,119,1,0,39.32103553,-78.60826476,54027.0,513.4843581445523,0.8403361344537815,118,119,1,0,118,118,23347,0,0,0,0,1
2020-10-19,US,West Virginia,Hancock,191,0,0,40.51943859,-80.57461608,54029.0,662.9642485248178,0.0,191,191,0,0,191,188,29094,0,0,0,0,3
2020-10-19,US,West Virginia,Hardy,101,1,0,39.00683177,-78.85855301,54031.0,733.1591173054587,0.99009900990099,100,101,1,0,100,101,13775,0,0,0,0,0
2020-10-19,US,West Virginia,Harrison,625,10,0,39.2853852,-80.37919577,54033.0,929.2851195432378,1.6,615,623,10,0,613,619,67554,2,0,0,2,4
2020-10-19,US,West Virginia,Jackson,355,24,0,38.84263974,-81.68148753,54035.0,1242.3012318029116,6.76056338028169,331,348,24,0,324,345,28706,7,0,0,7,3
2020-10-19,US,West Virginia,Jefferson,525,4,0,39.30776166,-77.86014147,54037.0,918.699471529066,0.7619047619047619,521,521,4,0,517,518,56811,4,0,0,4,3
2020-10-19,US,West Virginia,Kanawha,3340,101,0,38.33860077,-81.52857054,54039.0,1875.0982461655926,3.0239520958083834,3239,3320,101,0,3219,3273,180454,20,0,0,20,47
2020-10-19,US,West Virginia,Lewis,66,2,0,38.9947249,-80.49988181,54041.0,414.9116741057396,3.0303030303030303,64,65,2,0,63,64,16024,1,0,0,1,1
2020-10-19,US,West Virginia,Lincoln,214,2,0,38.172154,-82.07017953,54043.0,1048.5570091626244,0.9345794392523364,212,212,2,0,210,207,20599,2,0,0,2,5
2020-10-19,US,West Virginia,Logan,711,43,0,37.8299889,-81.93528571,54045.0,2220.5565445516722,6.047819971870606,668,707,43,0,664,707,32607,4,0,0,4,0
2020-10-19,US,West Virginia,Marion,355,5,0,39.50984542,-80.24244659,54049.0,633.1145669853047,1.4084507042253518,350,355,5,0,350,351,56097,0,0,0,0,4
2020-10-19,US,West Virginia,Marshall,250,1,0,39.86064362,-80.66591062,54051.0,818.8398676754774,0.4,249,245,1,0,244,241,30785,5,0,0,5,4
2020-10-19,US,West Virginia,Mason,166,6,0,38.77071799,-82.02524219,54053.0,626.0371096696334,3.614457831325301,160,166,6,0,160,161,26718,0,0,0,0,5
2020-10-19,US,West Virginia,McDowell,105,1,0,37.38002939,-81.65083669,54047.0,595.7784838856105,0.9523809523809524,104,105,1,0,104,104,18223,0,0,0,0,1
2020-10-19,US,West Virginia,Mercer,578,30,0,37.40481169,-81.11023142,54055.0,983.6958371625992,5.190311418685121,548,568,30,0,538,550,59131,10,0,0,10,18
2020-10-19,US,West Virginia,Mineral,204,4,0,39.41561583,-78.94104895,54057.0,759.2675301473872,1.96078431372549,200,202,4,0,198,202,26940,2,0,0,2,0
2020-10-19,US,West Virginia,Mingo,507,10,0,37.73048351,-82.13338365,54059.0,2164.4467213114754,1.9723865877712032,497,502,10,0,492,494,23785,5,0,0,5,8
2020-10-19,US,West Virginia,Monongalia,2228,5,0,39.63218457,-80.04766838,54061.0,2109.6087565806915,0.2244165170556553,2223,2224,5,0,2219,2214,106420,4,0,0,4,10
2020-10-19,US,West Virginia,Monroe,196,8,0,37.56274716,-80.54577965,54063.0,1476.4595103578156,4.081632653061225,188,194,8,0,186,188,13280,2,0,0,2,6
2020-10-19,US,West Virginia,Morgan,102,0,0,39.55439028,-78.26311676,54065.0,570.3422053231939,0.0,102,98,0,0,98,95,17787,4,0,0,4,3
2020-10-19,US,West Virginia,Nicholas,174,3,0,38.29617706,-80.79759588,54067.0,710.3200522534291,1.7241379310344829,171,173,3,0,170,172,24842,1,0,0,1,1
2020-10-19,US,West Virginia,Ohio,459,7,0,40.0955451,-80.62203992,54069.0,1108.401149453044,1.5250544662309369,452,455,7,0,448,452,41755,4,0,0,4,3
2020-10-19,US,West Virginia,Pendleton,70,1,0,38.68314479,-79.35084086,54071.0,1004.448270914048,1.4285714285714286,69,68,1,0,67,65,6997,2,0,0,2,3
2020-10-19,US,West Virginia,Pleasants,23,3,0,39.37091679,-81.16771771,54073.0,308.3109919571045,13.043478260869565,20,23,3,0,20,22,7507,0,0,0,0,1
2020-10-19,US,West Virginia,Pocahontas,64,0,0,38.32758728,-80.00993811,54075.0,776.039772038317,0.0,64,63,0,0,63,64,8414,1,0,0,1,-1
2020-10-19,US,West Virginia,Preston,176,4,0,39.46770987,-79.66712803,54077.0,526.4417324718834,2.272727272727273,172,174,4,0,170,174,33839,2,0,0,2,0
2020-10-19,US,West Virginia,Putnam,796,10,0,38.50782345,-81.9082131,54079.0,1410.0974313551815,1.256281407035176,786,782,10,0,772,779,56682,14,0,0,14,3
2020-10-19,US,West Virginia,Raleigh,665,8,0,37.76936795,-81.2456041,54081.0,906.4761930726137,1.2030075187969924,657,660,8,0,652,643,74254,5,0,0,5,17
2020-10-19,US,West Virginia,Randolph,378,1,0,38.769899,-79.87919615,54083.0,1317.3026659696816,0.2645502645502645,377,375,1,0,374,372,28823,3,0,0,3,3
2020-10-19,US,West Virginia,Ritchie,27,0,0,39.18094587,-81.06356878,54085.0,282.60414486079134,0.0,27,25,0,0,25,25,9721,2,0,0,2,0
2020-10-19,US,West Virginia,Roane,88,2,0,38.71622686,-81.35243568,54087.0,642.8988895382818,2.272727272727273,86,86,2,0,84,86,13932,2,0,0,2,0
2020-10-19,US,West Virginia,Summers,80,1,0,37.65390597,-80.86009693,54089.0,636.28410085103,1.25,79,77,1,0,76,73,12760,3,0,0,3,4
2020-10-19,US,West Virginia,Taylor,161,8,0,39.33602617,-80.0421439,54091.0,964.3605870020964,4.9689440993788825,153,160,8,0,152,158,16862,1,0,0,1,2
2020-10-19,US,West Virginia,Tucker,52,0,0,39.11240885,-79.57053576,54093.0,760.3450796900131,0.0,52,52,0,0,52,52,6955,0,0,0,0,0
2020-10-19,US,West Virginia,Tyler,24,1,0,39.46811972,-80.88772676,54095.0,279.36212315213595,4.166666666666667,23,24,1,0,23,24,8746,0,0,0,0,0
2020-10-19,US,West Virginia,Upshur,225,1,0,38.89285061,-80.23689136,54097.0,930.6750496360028,0.4444444444444444,224,222,1,0,221,216,24415,3,0,0,3,6
2020-10-19,US,West Virginia,Wayne,495,11,0,38.14901357,-82.42287994,54099.0,1256.2814070351758,2.2222222222222223,484,487,11,0,476,484,39944,8,0,0,8,3
2020-10-19,US,West Virginia,Webster,24,0,0,38.49370949,-80.4202023,54101.0,295.7850628543259,0.0,24,19,0,0,19,19,8285,5,0,0,5,0
2020-10-19,US,West Virginia,Wetzel,82,0,0,39.6065771,-80.64016540000001,54103.0,544.3079986724197,0.0,82,81,0,0,81,81,15270,1,0,0,1,0
2020-10-19,US,West Virginia,Wirt,28,0,0,39.02775007,-81.37473928,54105.0,481.0170073870469,0.0,28,28,0,0,28,28,5830,0,0,0,0,0
2020-10-19,US,West Virginia,Wood,491,6,0,39.20967886,-81.5162836,54107.0,587.8972197610096,1.2219959266802445,485,479,6,0,473,468,84203,12,0,0,12,11
2020-10-19,US,West Virginia,Wyoming,178,5,0,37.612327,-81.54511071,54109.0,872.8057271746593,2.808988764044944,173,172,5,0,167,163,20786,6,0,0,6,9
2020-10-19,US,Wisconsin,Adams,400,4,0,43.96974651,-89.76782777,55001.0,1978.2393669634025,1.0,396,352,4,0,348,352,20348,48,0,0,48,0
2020-10-19,US,Wisconsin,Ashland,234,3,0,46.31956891,-90.67837132,55003.0,1503.6627682817118,1.2820512820512822,231,214,3,0,211,214,15600,20,0,0,20,0
2020-10-19,US,Wisconsin,Barron,803,6,0,45.42372701,-91.84833627,55005.0,1774.820970736451,0.7471980074719801,797,730,6,0,724,730,45164,73,0,0,73,0
2020-10-19,US,Wisconsin,Bayfield,176,1,0,46.52868768,-91.19716729,55007.0,1170.5240755520085,0.5681818181818182,175,168,1,0,167,168,15042,8,0,0,8,0
2020-10-19,US,Wisconsin,Brown,13251,85,0,44.452655299999996,-88.00411844,55009.0,5009.034482237224,0.6414610218096748,13166,12848,84,0,12764,12848,263378,403,1,0,402,0
2020-10-19,US,Wisconsin,Buffalo,208,2,0,44.37835084,-91.75332578,55011.0,1596.1936919653135,0.9615384615384616,206,197,2,0,195,197,13125,11,0,0,11,0
2020-10-19,US,Wisconsin,Burnett,269,6,0,45.86303537,-92.36711412,55013.0,1745.1667315427533,2.2304832713754648,263,261,6,0,255,261,15392,8,0,0,8,0
2020-10-19,US,Wisconsin,Calumet,2275,10,0,44.0816316,-88.21780273,55015.0,4541.915390604723,0.4395604395604396,2265,2174,10,0,2164,2174,50159,101,0,0,101,0
2020-10-19,US,Wisconsin,Chippewa,1124,5,0,45.06939744,-91.28068855,55017.0,1738.3773082990506,0.4448398576512456,1119,1017,2,0,1015,1017,64135,107,3,0,104,0
2020-10-19,US,Wisconsin,Clark,673,12,0,44.73483377,-90.61207486,55019.0,1935.3540001150284,1.7830609212481427,661,623,11,0,612,623,34709,50,1,0,49,0
2020-10-19,US,Wisconsin,Columbia,1464,4,0,43.46492199,-89.33589004,55021.0,2544.670791907113,0.27322404371584696,1460,1321,4,0,1317,1321,57358,143,0,0,143,0
2020-10-19,US,Wisconsin,Crawford,296,0,0,43.23870316,-90.93073686,55023.0,1834.9761329117846,0.0,296,284,0,0,284,284,16291,12,0,0,12,0
2020-10-19,US,Wisconsin,Dane,12516,46,0,43.06601594,-89.41733797,55025.0,2289.393537530067,0.36752956216043453,12470,12296,46,0,12250,12296,542364,220,0,0,220,0
2020-10-19,US,Wisconsin,Dodge,3050,22,0,43.41576662,-88.70928178,55027.0,3472.261751613748,0.7213114754098361,3028,2891,21,0,2870,2891,87847,159,1,0,158,0
2020-10-19,US,Wisconsin,Door,623,4,0,44.95856458,-87.30002707,55029.0,2251.698713315021,0.6420545746388443,619,584,4,0,580,584,27610,39,0,0,39,0
2020-10-19,US,Wisconsin,Douglas,696,1,0,46.43222285,-91.91595768,55031.0,1612.9779837775202,0.14367816091954022,695,673,1,0,672,673,43208,23,0,0,23,0
2020-10-19,US,Wisconsin,Dunn,857,1,0,44.94562799,-91.8962481,55033.0,1888.996649620878,0.11668611435239208,856,827,1,0,826,827,45131,30,0,0,30,0
2020-10-19,US,Wisconsin,Eau Claire,2674,9,0,44.726614,-91.28609183,55035.0,2555.281616115284,0.3365744203440538,2665,2558,9,0,2549,2558,104534,116,0,0,116,0
2020-10-19,US,Wisconsin,Florence,158,4,0,45.84963535,-88.39804137,55037.0,3678.696158323632,2.5316455696202533,154,149,4,0,145,149,4321,9,0,0,9,0
2020-10-19,US,Wisconsin,Fond du Lac,3543,17,0,43.75354908,-88.48885325,55039.0,3426.3996209007482,0.479819362122495,3526,3375,17,0,3358,3375,103066,168,0,0,168,0
2020-10-19,US,Wisconsin,Forest,398,10,0,45.66678019,-88.77084892,55041.0,4420.2576632607725,2.512562814070352,388,392,10,0,382,392,8991,6,0,0,6,0
2020-10-19,US,Wisconsin,Grant,1599,23,0,42.8671731,-90.7063218,55043.0,3108.5363245786266,1.4383989993746091,1576,1550,23,0,1527,1550,51554,49,0,0,49,0
2020-10-19,US,Wisconsin,Green,816,4,0,42.6794956,-89.60243287,55045.0,2207.792207792208,0.4901960784313725,812,776,3,0,773,776,36929,40,1,0,39,0
2020-10-19,US,Wisconsin,Green Lake,614,2,0,43.80025981,-89.04679553,55047.0,3246.444244699413,0.3257328990228013,612,563,2,0,561,563,18918,51,0,0,51,0
2020-10-19,US,Wisconsin,Iowa,372,1,0,43.00050278,-90.13469017,55049.0,1571.0786383985135,0.26881720430107525,371,352,1,0,351,352,23771,20,0,0,20,0
2020-10-19,US,Wisconsin,Iron,164,1,0,46.26302338,-90.24295041,55051.0,2883.770001758396,0.6097560975609756,163,159,1,0,158,159,5676,5,0,0,5,0
2020-10-19,US,Wisconsin,Jackson,280,1,0,44.31864893,-90.80566792,55053.0,1356.391997287216,0.35714285714285715,279,256,1,0,255,256,20478,24,0,0,24,0
2020-10-19,US,Wisconsin,Jefferson,2204,9,0,43.02054068,-88.77529134,55055.0,2600.0070780591964,0.40834845735027225,2195,2131,9,0,2122,2131,85129,73,0,0,73,0
2020-10-19,US,Wisconsin,Juneau,621,4,0,43.92456975,-90.11120239,55057.0,2326.9756810432045,0.644122383252818,617,581,3,0,578,581,26617,40,1,0,39,0
2020-10-19,US,Wisconsin,Kenosha,4428,71,0,42.57639354,-88.04051686,55059.0,2611.4495668225595,1.6034327009936766,4357,4266,69,0,4197,4266,169290,162,2,0,160,0
2020-10-19,US,Wisconsin,Kewaunee,925,4,0,44.51727459,-87.61468386,55061.0,4526.7691103063535,0.4324324324324325,921,877,4,0,873,877,20383,48,0,0,48,0
2020-10-19,US,Wisconsin,La Crosse,3817,15,0,43.90632465,-91.11451093,55063.0,3234.307212581345,0.3929787791459261,3802,3718,12,0,3706,3718,118230,99,3,0,96,0
2020-10-19,US,Wisconsin,Lafayette,458,1,0,42.66005229,-90.1317729,55065.0,2748.274827482748,0.2183406113537118,457,445,1,0,444,445,16665,13,0,0,13,0
2020-10-19,US,Wisconsin,Langlade,678,7,0,45.26271619,-89.07483625,55067.0,3533.274271718172,1.0324483775811208,671,624,5,0,619,624,19268,54,2,0,52,0
2020-10-19,US,Wisconsin,Lincoln,598,5,0,45.33737523,-89.73411273,55069.0,2167.216322980466,0.8361204013377926,593,506,5,0,501,506,27689,92,0,0,92,0
2020-10-19,US,Wisconsin,Manitowoc,2151,7,0,44.11946801,-87.80928853,55071.0,2723.439814638964,0.32543003254300323,2144,2004,7,0,1997,2004,79074,147,0,0,147,0
2020-10-19,US,Wisconsin,Marathon,3376,33,0,44.89792533,-89.75863384,55073.0,2487.987501105445,0.9774881516587678,3343,3165,32,0,3133,3165,135428,211,1,0,210,0
2020-10-19,US,Wisconsin,Marinette,1419,10,0,45.38553432,-88.03324599999998,55075.0,3516.728624535316,0.7047216349541929,1409,1379,9,0,1370,1379,40434,40,1,0,39,0
2020-10-19,US,Wisconsin,Marquette,517,2,0,43.81911946,-89.40073763,55077.0,3319.6352895852065,0.3868471953578336,515,479,2,0,477,479,15434,38,0,0,38,0
2020-10-19,US,Wisconsin,Menominee,219,0,0,45.00422544,-88.70950714,55078.0,4806.84811237928,0.0,219,206,0,0,206,206,4658,13,0,0,13,0
2020-10-19,US,Wisconsin,Milwaukee,35235,556,0,43.00486062,-87.96733172,55079.0,3725.7091377417987,1.5779764438768271,34679,34400,554,0,33846,34400,948201,835,2,0,833,0
2020-10-19,US,Wisconsin,Monroe,949,3,0,43.94641218,-90.61881899999999,55081.0,2051.758804834281,0.31612223393045313,946,878,3,0,875,878,46051,71,0,0,71,0
2020-10-19,US,Wisconsin,Oconto,1751,7,0,45.02715345,-88.26807503,55083.0,4616.3986290535195,0.3997715591090805,1744,1691,6,0,1685,1691,37830,60,1,0,59,0
2020-10-19,US,Wisconsin,Oneida,939,6,0,45.70677897,-89.51944105,55085.0,2638.0109565950274,0.6389776357827476,933,877,6,0,871,877,35470,62,0,0,62,0
2020-10-19,US,Wisconsin,Outagamie,7733,49,0,44.41578887,-88.46565023,55087.0,4115.8155254544,0.6336480020690547,7684,7286,48,0,7238,7286,187365,447,1,0,446,0
2020-10-19,US,Wisconsin,Ozaukee,1846,23,0,43.38352225,-87.94625009,55089.0,2069.0196254245075,1.2459371614301191,1823,1778,23,0,1755,1778,89147,68,0,0,68,0
2020-10-19,US,Wisconsin,Pepin,92,0,0,44.58307413,-91.99949611,55091.0,1262.522299986277,0.0,92,86,0,0,86,86,7289,6,0,0,6,0
2020-10-19,US,Wisconsin,Pierce,593,7,0,44.71850291,-92.4224416,55093.0,1387.0047247041214,1.1804384485666104,586,582,7,0,575,582,42555,11,0,0,11,0
2020-10-19,US,Wisconsin,Polk,401,2,0,45.46130348,-92.44182875,55095.0,915.8805929241944,0.4987531172069826,399,388,2,0,386,388,43598,13,0,0,13,0
2020-10-19,US,Wisconsin,Portage,2274,17,0,44.47558711,-89.50152965,55097.0,3213.1351381902446,0.7475813544415127,2257,2121,15,0,2106,2121,70942,153,2,0,151,0
2020-10-19,US,Wisconsin,Price,284,0,0,45.68051754,-90.36098879999999,55099.0,2127.1814845329936,0.0,284,272,0,0,272,272,13397,12,0,0,12,0
2020-10-19,US,Wisconsin,Racine,6291,101,0,42.74753117,-88.05941254,55101.0,3204.6090132493846,1.6054681290732793,6190,6036,101,0,5935,6036,196584,255,0,0,255,0
2020-10-19,US,Wisconsin,Richland,370,6,0,43.3762778,-90.43012729,55103.0,2144.678877811268,1.6216216216216215,364,364,6,0,358,364,17377,6,0,0,6,0
2020-10-19,US,Wisconsin,Rock,4106,38,0,42.67151616,-89.07147900000002,55105.0,2513.559508796847,0.9254749147588894,4068,3828,38,0,3790,3828,163129,278,0,0,278,0
2020-10-19,US,Wisconsin,Rusk,153,1,0,45.47498854,-91.1333012,55107.0,1079.136690647482,0.6535947712418301,152,139,1,0,138,139,14147,14,0,0,14,0
2020-10-19,US,Wisconsin,Sauk,1453,6,0,43.42574087,-89.94966132,55111.0,2254.7406970609227,0.4129387474191328,1447,1383,6,0,1377,1383,64249,70,0,0,70,0
2020-10-19,US,Wisconsin,Sawyer,342,1,0,45.87931905,-91.14504927,55113.0,2065.4668438217177,0.29239766081871343,341,319,1,0,318,319,16489,23,0,0,23,0
2020-10-19,US,Wisconsin,Shawano,1923,8,0,44.78902246,-88.76443896,55115.0,4701.826450524462,0.4160166406656266,1915,1840,8,0,1832,1840,40796,83,0,0,83,0
2020-10-19,US,Wisconsin,Sheboygan,3616,20,0,43.72099677,-87.94579284,55117.0,3135.0788971735738,0.5530973451327433,3596,2949,20,0,2929,2949,115456,667,0,0,667,0
2020-10-19,US,Wisconsin,St. Croix,1423,9,0,45.03437474,-92.45000068,55109.0,1569.1333928788029,0.6324666198172875,1414,1367,9,0,1358,1367,89694,56,0,0,56,0
2020-10-19,US,Wisconsin,Taylor,361,6,0,45.21179252,-90.5004405,55119.0,1774.5661898441724,1.6620498614958448,355,334,6,0,328,334,20412,27,0,0,27,0
2020-10-19,US,Wisconsin,Trempealeau,879,2,0,44.30360275,-91.35893614,55121.0,2964.6868359809773,0.22753128555176336,877,842,2,0,840,842,29442,37,0,0,37,0
2020-10-19,US,Wisconsin,Vernon,433,3,0,43.59422667,-90.8324691,55123.0,1404.8406982025824,0.6928406466512702,430,418,3,0,415,418,30785,15,0,0,15,0
2020-10-19,US,Wisconsin,Vilas,420,3,0,46.05467334,-89.51719204,55125.0,1892.3180896598333,0.7142857142857143,417,397,3,0,394,397,21938,23,0,0,23,0
2020-10-19,US,Wisconsin,Walworth,3057,36,0,42.66858202,-88.54163073,55127.0,2943.158624407902,1.1776251226692835,3021,3026,36,0,2990,3026,103718,31,0,0,31,0
2020-10-19,US,Wisconsin,Washburn,180,2,0,45.89838588,-91.79050449,55129.0,1145.0381679389313,1.1111111111111112,178,173,2,0,171,173,15878,7,0,0,7,0
2020-10-19,US,Wisconsin,Washington,3773,40,0,43.36863664,-88.22974712,55131.0,2773.571313054089,1.0601643254704478,3733,3648,40,0,3608,3648,135693,125,0,0,125,0
2020-10-19,US,Wisconsin,Waukesha,10295,106,0,43.01833055,-88.30431188,55133.0,2547.0190352253103,1.0296260320543953,10189,9935,103,0,9832,9935,403072,360,3,0,357,0
2020-10-19,US,Wisconsin,Waupaca,2011,29,0,44.47068056,-88.96534501,55135.0,3943.9105707001368,1.4420686225758328,1982,1849,29,0,1820,1849,51128,162,0,0,162,0
2020-10-19,US,Wisconsin,Waushara,786,3,0,44.11324419,-89.24317107,55137.0,3215.6445608149575,0.3816793893129771,783,741,3,0,738,741,24263,45,0,0,45,0
2020-10-19,US,Wisconsin,Winnebago,7607,49,0,44.06886922,-88.64477096,55139.0,4425.0670420634415,0.6441435519915867,7558,7014,49,0,6965,7014,171020,593,0,0,593,0
2020-10-19,US,Wisconsin,Wood,1371,9,0,44.45537896,-90.04158336,55141.0,1878.1079192865652,0.6564551422319475,1362,1254,9,0,1245,1254,73055,117,0,0,117,0
2020-10-19,US,Wyoming,Albany,1120,1,0,41.65498705,-105.72354150000001,56001.0,2880.6584362139915,0.08928571428571429,1119,1067,1,0,1066,1034,38601,53,0,0,53,33
2020-10-19,US,Wyoming,Big Horn,163,2,0,44.52405055,-107.9960365,56003.0,1382.5275657336724,1.2269938650306749,161,157,2,0,155,137,11881,6,0,0,6,20
2020-10-19,US,Wyoming,Campbell,631,2,0,44.24886082,-105.54744040000001,56005.0,1361.6451953993226,0.31695721077654515,629,600,2,0,598,566,46140,31,0,0,31,34
2020-10-19,US,Wyoming,Carbon,275,2,0,41.69357844,-106.9326084,56007.0,1858.108108108108,0.7272727272727273,273,271,2,0,269,269,14971,4,0,0,4,2
2020-10-19,US,Wyoming,Converse,243,0,0,42.97272268,-105.5081848,56009.0,1758.066849949356,0.0,243,235,0,0,235,223,13640,8,0,0,8,12
2020-10-19,US,Wyoming,Crook,83,0,0,44.58855102,-104.56977049999999,56011.0,1094.409282700422,0.0,83,81,0,0,81,81,7450,2,0,0,2,0
2020-10-19,US,Wyoming,Fremont,1043,14,0,43.04183996,-108.6296893,56013.0,2656.580321438578,1.342281879194631,1029,1017,14,0,1003,1009,39531,26,0,0,26,8
2020-10-19,US,Wyoming,Goshen,135,2,0,42.08798185,-104.3534743,56015.0,1021.8757096359096,1.4814814814814814,133,134,2,0,132,134,13376,1,0,0,1,0
2020-10-19,US,Wyoming,Hot Springs,45,0,0,43.71930657,-108.44231740000001,56017.0,1019.7144799456153,0.0,45,43,0,0,43,41,4555,2,0,0,2,2
2020-10-19,US,Wyoming,Johnson,72,1,0,44.04057166,-106.58451740000001,56019.0,852.5754884547067,1.3888888888888888,71,72,1,0,71,68,8460,0,0,0,0,4
2020-10-19,US,Wyoming,Laramie,1188,4,0,41.30702520000001,-104.6887497,56021.0,1193.9698492462312,0.3367003367003367,1184,1155,4,0,1151,1133,98976,33,0,0,33,22
2020-10-19,US,Wyoming,Lincoln,307,2,0,42.26376367,-110.6563997,56023.0,1548.1593545133637,0.6514657980456026,305,302,2,0,300,301,19434,5,0,0,5,1
2020-10-19,US,Wyoming,Natrona,1040,7,0,42.96180148,-106.79788500000001,56025.0,1302.3116030954945,0.6730769230769231,1033,982,7,0,975,960,79115,58,0,0,58,22
2020-10-19,US,Wyoming,Niobrara,5,0,0,43.05607708,-104.47588959999999,56027.0,212.22410865874363,0.0,5,5,0,0,5,5,2388,0,0,0,0,0
2020-10-19,US,Wyoming,Park,443,2,0,44.52157546,-109.58528249999999,56029.0,1517.4350894019321,0.4514672686230248,441,440,2,0,438,414,29324,3,0,0,3,26
2020-10-19,US,Wyoming,Platte,86,1,0,42.13299116,-104.96633100000001,56031.0,1024.663409984511,1.162790697674419,85,82,1,0,81,81,8566,4,0,0,4,1
2020-10-19,US,Wyoming,Sheridan,517,4,0,44.79048913,-106.8862389,56033.0,1695.9160242742335,0.7736943907156673,513,497,4,0,493,493,30233,20,0,0,20,4
2020-10-19,US,Wyoming,Sublette,145,1,0,42.76558279,-109.91309220000001,56035.0,1474.9262536873155,0.6896551724137931,144,142,1,0,141,142,9813,3,0,0,3,0
2020-10-19,US,Wyoming,Sweetwater,422,2,0,41.65943896,-108.8827882,56037.0,996.6228184115436,0.4739336492890995,420,415,2,0,413,411,43051,7,0,0,7,4
2020-10-19,US,Wyoming,Teton,711,1,0,43.93522482,-110.5890801,56039.0,3030.1738833958398,0.14064697609001406,710,700,1,0,699,692,23081,11,0,0,11,8
2020-10-19,US,Wyoming,Uinta,403,2,0,41.2878183,-110.54757820000002,56041.0,1992.4849203994852,0.4962779156327544,401,401,2,0,399,401,20299,2,0,0,2,0
2020-10-19,US,Wyoming,Washakie,135,7,0,43.90451606,-107.68018700000002,56043.0,1729.6604740550933,5.185185185185184,128,134,7,0,127,133,7885,1,0,0,1,1
2020-10-19,US,Wyoming,Weston,99,0,0,43.83961191,-104.56748809999999,56045.0,1429.1901255954956,0.0,99,93,0,0,93,88,6967,6,0,0,6,5
